collection_time_utc,collection_time_local,run_id,timestamp_utc,timestamp_local,value,unit,country,entsoe_area,variable,source,updated_at_utc
2026-07-27T20:06:34Z,2026-07-27T22:06:34+0200,cc602197-a7f8-43dc-ae7f-8e28dc2e9571,2026-06-26T20:15:00Z,2026-06-26T22:15:00+0200,50014.928155,MW,DE,DE_LU,forecast_load,Forecasted Load,2026-07-27T20:08:22Z
2026-07-27T20:06:34Z,2026-07-27T22:06:34+0200,cc602197-a7f8-43dc-ae7f-8e28dc2e9571,2026-06-26T20:30:00Z,2026-06-26T22:30:00+0200,49257.064241,MW,DE,DE_LU,forecast_load,Forecasted Load,2026-07-27T20:08:22Z
2026-07-27T20:06:34Z,2026-07-27T22:06:34+0200,cc602197-a7f8-43dc-ae7f-8e28dc2e9571,2026-06-26T20:45:00Z,2026-06-26T22:45:00+0200,48492.516538,MW,DE,DE_LU,forecast_load,Forecasted Load,2026-07-27T20:08:22Z
2026-07-27T20:06:34Z,2026-07-27T22:06:34+0200,cc602197-a7f8-43dc-ae7f-8e28dc2e9571,2026-06-26T21:00:00Z,2026-06-26T23:00:00+0200,47562.827709,MW,DE,DE_LU,forecast_load,Forecasted Load,2026-07-27T20:08:22Z
2026-07-27T20:06:34Z,2026-07-27T22:06:34+0200,cc602197-a7f8-43dc-ae7f-8e28dc2e9571,2026-06-26T21:15:00Z,2026-06-26T23:15:00+0200,46739.311659,MW,DE,DE_LU,forecast_load,Forecasted Load,2026-07-27T20:08:22Z
2026-07-27T20:06:34Z,2026-07-27T22:06:34+0200,cc602197-a7f8-43dc-ae7f-8e28dc2e9571,2026-06-26T21:30:00Z,2026-06-26T23:30:00+0200,46074.307923,MW,DE,DE_LU,forecast_load,Forecasted Load,2026-07-27T20:08:22Z
2026-07-27T20:06:34Z,2026-07-27T22:06:34+0200,cc602197-a7f8-43dc-ae7f-8e28dc2e9571,2026-06-26T21:45:00Z,2026-06-26T23:45:00+0200,45269.791918,MW,DE,DE_LU,forecast_load,Forecasted Load,2026-07-27T20:08:22Z
2026-07-27T20:06:34Z,2026-07-27T22:06:34+0200,cc602197-a7f8-43dc-ae7f-8e28dc2e9571,2026-06-26T22:00:00Z,2026-06-27T00:00:00+0200,45590.368871,MW,DE,DE_LU,forecast_load,Forecasted Load,2026-07-27T20:08:22Z
2026-07-27T20:06:34Z,2026-07-27T22:06:34+0200,cc602197-a7f8-43dc-ae7f-8e28dc2e9571,2026-06-26T22:15:00Z,2026-06-27T00:15:00+0200,44818.546355,MW,DE,DE_LU,forecast_load,Forecasted Load,2026-07-27T20:08:22Z
2026-07-27T20:06:34Z,2026-07-27T22:06:34+0200,cc602197-a7f8-43dc-ae7f-8e28dc2e9571,2026-06-26T22:30:00Z,2026-06-27T00:30:00+0200,44061.85739,MW,DE,DE_LU,forecast_load,Forecasted Load,2026-07-27T20:08:22Z
2026-07-27T20:06:34Z,2026-07-27T22:06:34+0200,cc602197-a7f8-43dc-ae7f-8e28dc2e9571,2026-06-26T22:45:00Z,2026-06-27T00:45:00+0200,43723.995961,MW,DE,DE_LU,forecast_load,Forecasted Load,2026-07-27T20:08:22Z
2026-07-27T20:06:34Z,2026-07-27T22:06:34+0200,cc602197-a7f8-43dc-ae7f-8e28dc2e9571,2026-06-26T23:00:00Z,2026-06-27T01:00:00+0200,43512.590326,MW,DE,DE_LU,forecast_load,Forecasted Load,2026-07-27T20:08:22Z
2026-07-27T20:06:34Z,2026-07-27T22:06:34+0200,cc602197-a7f8-43dc-ae7f-8e28dc2e9571,2026-06-26T23:15:00Z,2026-06-27T01:15:00+0200,42698.67976,MW,DE,DE_LU,forecast_load,Forecasted Load,2026-07-27T20:08:22Z
2026-07-27T20:06:34Z,2026-07-27T22:06:34+0200,cc602197-a7f8-43dc-ae7f-8e28dc2e9571,2026-06-26T23:30:00Z,2026-06-27T01:30:00+0200,42160.131822,MW,DE,DE_LU,forecast_load,Forecasted Load,2026-07-27T20:08:22Z
2026-07-27T20:06:34Z,2026-07-27T22:06:34+0200,cc602197-a7f8-43dc-ae7f-8e28dc2e9571,2026-06-26T23:45:00Z,2026-06-27T01:45:00+0200,42011.281745,MW,DE,DE_LU,forecast_load,Forecasted Load,2026-07-27T20:08:22Z
2026-07-27T20:06:34Z,2026-07-27T22:06:34+0200,cc602197-a7f8-43dc-ae7f-8e28dc2e9571,2026-06-27T00:00:00Z,2026-06-27T02:00:00+0200,41858.971592,MW,DE,DE_LU,forecast_load,Forecasted Load,2026-07-27T20:08:22Z
2026-07-27T20:06:34Z,2026-07-27T22:06:34+0200,cc602197-a7f8-43dc-ae7f-8e28dc2e9571,2026-06-27T00:15:00Z,2026-06-27T02:15:00+0200,41413.745974,MW,DE,DE_LU,forecast_load,Forecasted Load,2026-07-27T20:08:22Z
2026-07-27T20:06:34Z,2026-07-27T22:06:34+0200,cc602197-a7f8-43dc-ae7f-8e28dc2e9571,2026-06-27T00:30:00Z,2026-06-27T02:30:00+0200,41067.635329,MW,DE,DE_LU,forecast_load,Forecasted Load,2026-07-27T20:08:22Z
2026-07-27T20:06:34Z,2026-07-27T22:06:34+0200,cc602197-a7f8-43dc-ae7f-8e28dc2e9571,2026-06-27T00:45:00Z,2026-06-27T02:45:00+0200,40841.793133,MW,DE,DE_LU,forecast_load,Forecasted Load,2026-07-27T20:08:22Z
2026-07-27T20:06:34Z,2026-07-27T22:06:34+0200,cc602197-a7f8-43dc-ae7f-8e28dc2e9571,2026-06-27T01:00:00Z,2026-06-27T03:00:00+0200,40807.329552,MW,DE,DE_LU,forecast_load,Forecasted Load,2026-07-27T20:08:22Z
2026-07-27T20:06:34Z,2026-07-27T22:06:34+0200,cc602197-a7f8-43dc-ae7f-8e28dc2e9571,2026-06-27T01:15:00Z,2026-06-27T03:15:00+0200,40754.918455,MW,DE,DE_LU,forecast_load,Forecasted Load,2026-07-27T20:08:22Z
2026-07-27T20:06:34Z,2026-07-27T22:06:34+0200,cc602197-a7f8-43dc-ae7f-8e28dc2e9571,2026-06-27T01:30:00Z,2026-06-27T03:30:00+0200,40517.45757,MW,DE,DE_LU,forecast_load,Forecasted Load,2026-07-27T20:08:22Z
2026-07-27T20:06:34Z,2026-07-27T22:06:34+0200,cc602197-a7f8-43dc-ae7f-8e28dc2e9571,2026-06-27T01:45:00Z,2026-06-27T03:45:00+0200,40409.78985,MW,DE,DE_LU,forecast_load,Forecasted Load,2026-07-27T20:08:22Z
2026-07-27T20:06:34Z,2026-07-27T22:06:34+0200,cc602197-a7f8-43dc-ae7f-8e28dc2e9571,2026-06-27T02:00:00Z,2026-06-27T04:00:00+0200,40329.935026,MW,DE,DE_LU,forecast_load,Forecasted Load,2026-07-27T20:08:22Z
2026-07-27T20:06:34Z,2026-07-27T22:06:34+0200,cc602197-a7f8-43dc-ae7f-8e28dc2e9571,2026-06-27T02:15:00Z,2026-06-27T04:15:00+0200,40290.113539,MW,DE,DE_LU,forecast_load,Forecasted Load,2026-07-27T20:08:22Z
2026-07-27T20:06:34Z,2026-07-27T22:06:34+0200,cc602197-a7f8-43dc-ae7f-8e28dc2e9571,2026-06-27T02:30:00Z,2026-06-27T04:30:00+0200,40348.262107,MW,DE,DE_LU,forecast_load,Forecasted Load,2026-07-27T20:08:22Z
2026-07-27T20:06:34Z,2026-07-27T22:06:34+0200,cc602197-a7f8-43dc-ae7f-8e28dc2e9571,2026-06-27T02:45:00Z,2026-06-27T04:45:00+0200,40433.998951,MW,DE,DE_LU,forecast_load,Forecasted Load,2026-07-27T20:08:22Z
2026-07-27T20:06:34Z,2026-07-27T22:06:34+0200,cc602197-a7f8-43dc-ae7f-8e28dc2e9571,2026-06-27T03:00:00Z,2026-06-27T05:00:00+0200,40467.885851,MW,DE,DE_LU,forecast_load,Forecasted Load,2026-07-27T20:08:22Z
2026-07-27T20:06:34Z,2026-07-27T22:06:34+0200,cc602197-a7f8-43dc-ae7f-8e28dc2e9571,2026-06-27T03:15:00Z,2026-06-27T05:15:00+0200,40193.179884,MW,DE,DE_LU,forecast_load,Forecasted Load,2026-07-27T20:08:22Z
2026-07-27T20:06:34Z,2026-07-27T22:06:34+0200,cc602197-a7f8-43dc-ae7f-8e28dc2e9571,2026-06-27T03:30:00Z,2026-06-27T05:30:00+0200,40784.110623,MW,DE,DE_LU,forecast_load,Forecasted Load,2026-07-27T20:08:22Z
2026-07-27T20:06:34Z,2026-07-27T22:06:34+0200,cc602197-a7f8-43dc-ae7f-8e28dc2e9571,2026-06-27T03:45:00Z,2026-06-27T05:45:00+0200,41252.133104,MW,DE,DE_LU,forecast_load,Forecasted Load,2026-07-27T20:08:22Z
2026-07-27T20:06:34Z,2026-07-27T22:06:34+0200,cc602197-a7f8-43dc-ae7f-8e28dc2e9571,2026-06-27T04:00:00Z,2026-06-27T06:00:00+0200,42683.821669,MW,DE,DE_LU,forecast_load,Forecasted Load,2026-07-27T20:08:22Z
2026-07-27T20:06:34Z,2026-07-27T22:06:34+0200,cc602197-a7f8-43dc-ae7f-8e28dc2e9571,2026-06-27T04:15:00Z,2026-06-27T06:15:00+0200,42278.236618,MW,DE,DE_LU,forecast_load,Forecasted Load,2026-07-27T20:08:22Z
2026-07-27T20:06:34Z,2026-07-27T22:06:34+0200,cc602197-a7f8-43dc-ae7f-8e28dc2e9571,2026-06-27T04:30:00Z,2026-06-27T06:30:00+0200,43049.89311,MW,DE,DE_LU,forecast_load,Forecasted Load,2026-07-27T20:08:22Z
2026-07-27T20:06:34Z,2026-07-27T22:06:34+0200,cc602197-a7f8-43dc-ae7f-8e28dc2e9571,2026-06-27T04:45:00Z,2026-06-27T06:45:00+0200,43684.361305,MW,DE,DE_LU,forecast_load,Forecasted Load,2026-07-27T20:08:22Z
2026-07-27T20:06:34Z,2026-07-27T22:06:34+0200,cc602197-a7f8-43dc-ae7f-8e28dc2e9571,2026-06-27T05:00:00Z,2026-06-27T07:00:00+0200,44092.705657,MW,DE,DE_LU,forecast_load,Forecasted Load,2026-07-27T20:08:22Z
2026-07-27T20:06:34Z,2026-07-27T22:06:34+0200,cc602197-a7f8-43dc-ae7f-8e28dc2e9571,2026-06-27T05:15:00Z,2026-06-27T07:15:00+0200,45080.702416,MW,DE,DE_LU,forecast_load,Forecasted Load,2026-07-27T20:08:22Z
2026-07-27T20:06:34Z,2026-07-27T22:06:34+0200,cc602197-a7f8-43dc-ae7f-8e28dc2e9571,2026-06-27T05:30:00Z,2026-06-27T07:30:00+0200,46045.82636,MW,DE,DE_LU,forecast_load,Forecasted Load,2026-07-27T20:08:22Z
2026-07-27T20:06:34Z,2026-07-27T22:06:34+0200,cc602197-a7f8-43dc-ae7f-8e28dc2e9571,2026-06-27T05:45:00Z,2026-06-27T07:45:00+0200,47051.991284,MW,DE,DE_LU,forecast_load,Forecasted Load,2026-07-27T20:08:22Z
2026-07-27T20:06:34Z,2026-07-27T22:06:34+0200,cc602197-a7f8-43dc-ae7f-8e28dc2e9571,2026-06-27T06:00:00Z,2026-06-27T08:00:00+0200,47349.166945,MW,DE,DE_LU,forecast_load,Forecasted Load,2026-07-27T20:08:22Z
2026-07-27T20:06:34Z,2026-07-27T22:06:34+0200,cc602197-a7f8-43dc-ae7f-8e28dc2e9571,2026-06-27T06:15:00Z,2026-06-27T08:15:00+0200,48142.478042,MW,DE,DE_LU,forecast_load,Forecasted Load,2026-07-27T20:08:22Z
2026-07-27T20:06:34Z,2026-07-27T22:06:34+0200,cc602197-a7f8-43dc-ae7f-8e28dc2e9571,2026-06-27T06:30:00Z,2026-06-27T08:30:00+0200,48745.130114,MW,DE,DE_LU,forecast_load,Forecasted Load,2026-07-27T20:08:22Z
2026-07-27T20:06:34Z,2026-07-27T22:06:34+0200,cc602197-a7f8-43dc-ae7f-8e28dc2e9571,2026-06-27T06:45:00Z,2026-06-27T08:45:00+0200,49648.544676,MW,DE,DE_LU,forecast_load,Forecasted Load,2026-07-27T20:08:22Z
2026-07-27T20:06:34Z,2026-07-27T22:06:34+0200,cc602197-a7f8-43dc-ae7f-8e28dc2e9571,2026-06-27T07:00:00Z,2026-06-27T09:00:00+0200,49868.058608,MW,DE,DE_LU,forecast_load,Forecasted Load,2026-07-27T20:08:22Z
2026-07-27T20:06:34Z,2026-07-27T22:06:34+0200,cc602197-a7f8-43dc-ae7f-8e28dc2e9571,2026-06-27T07:15:00Z,2026-06-27T09:15:00+0200,50421.320273,MW,DE,DE_LU,forecast_load,Forecasted Load,2026-07-27T20:08:22Z
2026-07-27T20:06:34Z,2026-07-27T22:06:34+0200,cc602197-a7f8-43dc-ae7f-8e28dc2e9571,2026-06-27T07:30:00Z,2026-06-27T09:30:00+0200,50930.058866,MW,DE,DE_LU,forecast_load,Forecasted Load,2026-07-27T20:08:22Z
2026-07-27T20:06:34Z,2026-07-27T22:06:34+0200,cc602197-a7f8-43dc-ae7f-8e28dc2e9571,2026-06-27T07:45:00Z,2026-06-27T09:45:00+0200,51380.387456,MW,DE,DE_LU,forecast_load,Forecasted Load,2026-07-27T20:08:22Z
2026-07-27T20:06:34Z,2026-07-27T22:06:34+0200,cc602197-a7f8-43dc-ae7f-8e28dc2e9571,2026-06-27T08:00:00Z,2026-06-27T10:00:00+0200,51242.006577,MW,DE,DE_LU,forecast_load,Forecasted Load,2026-07-27T20:08:22Z
2026-07-27T20:06:34Z,2026-07-27T22:06:34+0200,cc602197-a7f8-43dc-ae7f-8e28dc2e9571,2026-06-27T08:15:00Z,2026-06-27T10:15:00+0200,51474.031576,MW,DE,DE_LU,forecast_load,Forecasted Load,2026-07-27T20:08:22Z
2026-07-27T20:06:34Z,2026-07-27T22:06:34+0200,cc602197-a7f8-43dc-ae7f-8e28dc2e9571,2026-06-27T08:30:00Z,2026-06-27T10:30:00+0200,51289.546635,MW,DE,DE_LU,forecast_load,Forecasted Load,2026-07-27T20:08:22Z
2026-07-27T20:06:34Z,2026-07-27T22:06:34+0200,cc602197-a7f8-43dc-ae7f-8e28dc2e9571,2026-06-27T08:45:00Z,2026-06-27T10:45:00+0200,51527.396517,MW,DE,DE_LU,forecast_load,Forecasted Load,2026-07-27T20:08:22Z
2026-07-27T20:06:34Z,2026-07-27T22:06:34+0200,cc602197-a7f8-43dc-ae7f-8e28dc2e9571,2026-06-27T09:00:00Z,2026-06-27T11:00:00+0200,51228.525331,MW,DE,DE_LU,forecast_load,Forecasted Load,2026-07-27T20:08:22Z
2026-07-27T20:06:34Z,2026-07-27T22:06:34+0200,cc602197-a7f8-43dc-ae7f-8e28dc2e9571,2026-06-27T09:15:00Z,2026-06-27T11:15:00+0200,50999.350498,MW,DE,DE_LU,forecast_load,Forecasted Load,2026-07-27T20:08:22Z
2026-07-27T20:06:34Z,2026-07-27T22:06:34+0200,cc602197-a7f8-43dc-ae7f-8e28dc2e9571,2026-06-27T09:30:00Z,2026-06-27T11:30:00+0200,50943.498434,MW,DE,DE_LU,forecast_load,Forecasted Load,2026-07-27T20:08:22Z
2026-07-27T20:06:34Z,2026-07-27T22:06:34+0200,cc602197-a7f8-43dc-ae7f-8e28dc2e9571,2026-06-27T09:45:00Z,2026-06-27T11:45:00+0200,50827.877905,MW,DE,DE_LU,forecast_load,Forecasted Load,2026-07-27T20:08:22Z
2026-07-27T20:06:34Z,2026-07-27T22:06:34+0200,cc602197-a7f8-43dc-ae7f-8e28dc2e9571,2026-06-27T10:00:00Z,2026-06-27T12:00:00+0200,50266.131438,MW,DE,DE_LU,forecast_load,Forecasted Load,2026-07-27T20:08:22Z
2026-07-27T20:06:34Z,2026-07-27T22:06:34+0200,cc602197-a7f8-43dc-ae7f-8e28dc2e9571,2026-06-27T10:15:00Z,2026-06-27T12:15:00+0200,50330.394441,MW,DE,DE_LU,forecast_load,Forecasted Load,2026-07-27T20:08:22Z
2026-07-27T20:06:34Z,2026-07-27T22:06:34+0200,cc602197-a7f8-43dc-ae7f-8e28dc2e9571,2026-06-27T10:30:00Z,2026-06-27T12:30:00+0200,50079.829911,MW,DE,DE_LU,forecast_load,Forecasted Load,2026-07-27T20:08:22Z
2026-07-27T20:06:34Z,2026-07-27T22:06:34+0200,cc602197-a7f8-43dc-ae7f-8e28dc2e9571,2026-06-27T10:45:00Z,2026-06-27T12:45:00+0200,49757.515497,MW,DE,DE_LU,forecast_load,Forecasted Load,2026-07-27T20:08:22Z
2026-07-27T20:06:34Z,2026-07-27T22:06:34+0200,cc602197-a7f8-43dc-ae7f-8e28dc2e9571,2026-06-27T11:00:00Z,2026-06-27T13:00:00+0200,49225.06518,MW,DE,DE_LU,forecast_load,Forecasted Load,2026-07-27T20:08:22Z
2026-07-27T20:06:34Z,2026-07-27T22:06:34+0200,cc602197-a7f8-43dc-ae7f-8e28dc2e9571,2026-06-27T11:15:00Z,2026-06-27T13:15:00+0200,48912.086196,MW,DE,DE_LU,forecast_load,Forecasted Load,2026-07-27T20:08:22Z
2026-07-27T20:06:34Z,2026-07-27T22:06:34+0200,cc602197-a7f8-43dc-ae7f-8e28dc2e9571,2026-06-27T11:30:00Z,2026-06-27T13:30:00+0200,48767.16843,MW,DE,DE_LU,forecast_load,Forecasted Load,2026-07-27T20:08:22Z
2026-07-27T20:06:34Z,2026-07-27T22:06:34+0200,cc602197-a7f8-43dc-ae7f-8e28dc2e9571,2026-06-27T11:45:00Z,2026-06-27T13:45:00+0200,48390.428666,MW,DE,DE_LU,forecast_load,Forecasted Load,2026-07-27T20:08:22Z
2026-07-27T20:06:34Z,2026-07-27T22:06:34+0200,cc602197-a7f8-43dc-ae7f-8e28dc2e9571,2026-06-27T12:00:00Z,2026-06-27T14:00:00+0200,47898.59898,MW,DE,DE_LU,forecast_load,Forecasted Load,2026-07-27T20:08:22Z
2026-07-27T20:06:34Z,2026-07-27T22:06:34+0200,cc602197-a7f8-43dc-ae7f-8e28dc2e9571,2026-06-27T12:15:00Z,2026-06-27T14:15:00+0200,47622.321769,MW,DE,DE_LU,forecast_load,Forecasted Load,2026-07-27T20:08:22Z
2026-07-27T20:06:34Z,2026-07-27T22:06:34+0200,cc602197-a7f8-43dc-ae7f-8e28dc2e9571,2026-06-27T12:30:00Z,2026-06-27T14:30:00+0200,47304.814519,MW,DE,DE_LU,forecast_load,Forecasted Load,2026-07-27T20:08:22Z
2026-07-27T20:06:34Z,2026-07-27T22:06:34+0200,cc602197-a7f8-43dc-ae7f-8e28dc2e9571,2026-06-27T12:45:00Z,2026-06-27T14:45:00+0200,47074.666805,MW,DE,DE_LU,forecast_load,Forecasted Load,2026-07-27T20:08:22Z
2026-07-27T20:06:34Z,2026-07-27T22:06:34+0200,cc602197-a7f8-43dc-ae7f-8e28dc2e9571,2026-06-27T13:00:00Z,2026-06-27T15:00:00+0200,47064.057707,MW,DE,DE_LU,forecast_load,Forecasted Load,2026-07-27T20:08:22Z
2026-07-27T20:06:34Z,2026-07-27T22:06:34+0200,cc602197-a7f8-43dc-ae7f-8e28dc2e9571,2026-06-27T13:15:00Z,2026-06-27T15:15:00+0200,46950.445935,MW,DE,DE_LU,forecast_load,Forecasted Load,2026-07-27T20:08:22Z
2026-07-27T20:06:34Z,2026-07-27T22:06:34+0200,cc602197-a7f8-43dc-ae7f-8e28dc2e9571,2026-06-27T13:30:00Z,2026-06-27T15:30:00+0200,46817.359509,MW,DE,DE_LU,forecast_load,Forecasted Load,2026-07-27T20:08:22Z
2026-07-27T20:06:34Z,2026-07-27T22:06:34+0200,cc602197-a7f8-43dc-ae7f-8e28dc2e9571,2026-06-27T13:45:00Z,2026-06-27T15:45:00+0200,46655.699312,MW,DE,DE_LU,forecast_load,Forecasted Load,2026-07-27T20:08:22Z
2026-07-27T20:06:34Z,2026-07-27T22:06:34+0200,cc602197-a7f8-43dc-ae7f-8e28dc2e9571,2026-06-27T14:00:00Z,2026-06-27T16:00:00+0200,47512.246632,MW,DE,DE_LU,forecast_load,Forecasted Load,2026-07-27T20:08:22Z
2026-07-27T20:06:34Z,2026-07-27T22:06:34+0200,cc602197-a7f8-43dc-ae7f-8e28dc2e9571,2026-06-27T14:15:00Z,2026-06-27T16:15:00+0200,47536.821422,MW,DE,DE_LU,forecast_load,Forecasted Load,2026-07-27T20:08:22Z
2026-07-27T20:06:34Z,2026-07-27T22:06:34+0200,cc602197-a7f8-43dc-ae7f-8e28dc2e9571,2026-06-27T14:30:00Z,2026-06-27T16:30:00+0200,47886.694169,MW,DE,DE_LU,forecast_load,Forecasted Load,2026-07-27T20:08:22Z
2026-07-27T20:06:34Z,2026-07-27T22:06:34+0200,cc602197-a7f8-43dc-ae7f-8e28dc2e9571,2026-06-27T14:45:00Z,2026-06-27T16:45:00+0200,47324.834116,MW,DE,DE_LU,forecast_load,Forecasted Load,2026-07-27T20:08:22Z
2026-07-27T20:06:34Z,2026-07-27T22:06:34+0200,cc602197-a7f8-43dc-ae7f-8e28dc2e9571,2026-06-27T15:00:00Z,2026-06-27T17:00:00+0200,48023.620859,MW,DE,DE_LU,forecast_load,Forecasted Load,2026-07-27T20:08:22Z
2026-07-27T20:06:34Z,2026-07-27T22:06:34+0200,cc602197-a7f8-43dc-ae7f-8e28dc2e9571,2026-06-27T15:15:00Z,2026-06-27T17:15:00+0200,47704.822728,MW,DE,DE_LU,forecast_load,Forecasted Load,2026-07-27T20:08:22Z
2026-07-27T20:06:34Z,2026-07-27T22:06:34+0200,cc602197-a7f8-43dc-ae7f-8e28dc2e9571,2026-06-27T15:30:00Z,2026-06-27T17:30:00+0200,47643.941838,MW,DE,DE_LU,forecast_load,Forecasted Load,2026-07-27T20:08:22Z
2026-07-27T20:06:34Z,2026-07-27T22:06:34+0200,cc602197-a7f8-43dc-ae7f-8e28dc2e9571,2026-06-27T15:45:00Z,2026-06-27T17:45:00+0200,48056.272896,MW,DE,DE_LU,forecast_load,Forecasted Load,2026-07-27T20:08:22Z
2026-07-27T20:06:34Z,2026-07-27T22:06:34+0200,cc602197-a7f8-43dc-ae7f-8e28dc2e9571,2026-06-27T16:00:00Z,2026-06-27T18:00:00+0200,48518.223566,MW,DE,DE_LU,forecast_load,Forecasted Load,2026-07-27T20:08:22Z
2026-07-27T20:06:34Z,2026-07-27T22:06:34+0200,cc602197-a7f8-43dc-ae7f-8e28dc2e9571,2026-06-27T16:15:00Z,2026-06-27T18:15:00+0200,49027.128655,MW,DE,DE_LU,forecast_load,Forecasted Load,2026-07-27T20:08:22Z
2026-07-27T20:06:34Z,2026-07-27T22:06:34+0200,cc602197-a7f8-43dc-ae7f-8e28dc2e9571,2026-06-27T16:30:00Z,2026-06-27T18:30:00+0200,48966.436559,MW,DE,DE_LU,forecast_load,Forecasted Load,2026-07-27T20:08:22Z
2026-07-27T20:06:34Z,2026-07-27T22:06:34+0200,cc602197-a7f8-43dc-ae7f-8e28dc2e9571,2026-06-27T16:45:00Z,2026-06-27T18:45:00+0200,49269.653584,MW,DE,DE_LU,forecast_load,Forecasted Load,2026-07-27T20:08:22Z
2026-07-27T20:06:34Z,2026-07-27T22:06:34+0200,cc602197-a7f8-43dc-ae7f-8e28dc2e9571,2026-06-27T17:00:00Z,2026-06-27T19:00:00+0200,50037.447763,MW,DE,DE_LU,forecast_load,Forecasted Load,2026-07-27T20:08:22Z
2026-07-27T20:06:34Z,2026-07-27T22:06:34+0200,cc602197-a7f8-43dc-ae7f-8e28dc2e9571,2026-06-27T17:15:00Z,2026-06-27T19:15:00+0200,50192.218138,MW,DE,DE_LU,forecast_load,Forecasted Load,2026-07-27T20:08:22Z
2026-07-27T20:06:34Z,2026-07-27T22:06:34+0200,cc602197-a7f8-43dc-ae7f-8e28dc2e9571,2026-06-27T17:30:00Z,2026-06-27T19:30:00+0200,50021.530613,MW,DE,DE_LU,forecast_load,Forecasted Load,2026-07-27T20:08:22Z
2026-07-27T20:06:34Z,2026-07-27T22:06:34+0200,cc602197-a7f8-43dc-ae7f-8e28dc2e9571,2026-06-27T17:45:00Z,2026-06-27T19:45:00+0200,50010.549694,MW,DE,DE_LU,forecast_load,Forecasted Load,2026-07-27T20:08:22Z
2026-07-27T20:06:34Z,2026-07-27T22:06:34+0200,cc602197-a7f8-43dc-ae7f-8e28dc2e9571,2026-06-27T18:00:00Z,2026-06-27T20:00:00+0200,49850.413456,MW,DE,DE_LU,forecast_load,Forecasted Load,2026-07-27T20:08:22Z
2026-07-27T20:06:34Z,2026-07-27T22:06:34+0200,cc602197-a7f8-43dc-ae7f-8e28dc2e9571,2026-06-27T18:15:00Z,2026-06-27T20:15:00+0200,49581.355595,MW,DE,DE_LU,forecast_load,Forecasted Load,2026-07-27T20:08:22Z
2026-07-27T20:06:34Z,2026-07-27T22:06:34+0200,cc602197-a7f8-43dc-ae7f-8e28dc2e9571,2026-06-27T18:30:00Z,2026-06-27T20:30:00+0200,49072.239893,MW,DE,DE_LU,forecast_load,Forecasted Load,2026-07-27T20:08:22Z
2026-07-27T20:06:34Z,2026-07-27T22:06:34+0200,cc602197-a7f8-43dc-ae7f-8e28dc2e9571,2026-06-27T18:45:00Z,2026-06-27T20:45:00+0200,48516.650704,MW,DE,DE_LU,forecast_load,Forecasted Load,2026-07-27T20:08:22Z
2026-07-27T20:06:34Z,2026-07-27T22:06:34+0200,cc602197-a7f8-43dc-ae7f-8e28dc2e9571,2026-06-27T19:00:00Z,2026-06-27T21:00:00+0200,48174.134661,MW,DE,DE_LU,forecast_load,Forecasted Load,2026-07-27T20:08:22Z
2026-07-27T20:06:34Z,2026-07-27T22:06:34+0200,cc602197-a7f8-43dc-ae7f-8e28dc2e9571,2026-06-27T19:15:00Z,2026-06-27T21:15:00+0200,47832.679787,MW,DE,DE_LU,forecast_load,Forecasted Load,2026-07-27T20:08:22Z
2026-07-27T20:06:34Z,2026-07-27T22:06:34+0200,cc602197-a7f8-43dc-ae7f-8e28dc2e9571,2026-06-27T19:30:00Z,2026-06-27T21:30:00+0200,47489.396234,MW,DE,DE_LU,forecast_load,Forecasted Load,2026-07-27T20:08:22Z
2026-07-27T20:06:34Z,2026-07-27T22:06:34+0200,cc602197-a7f8-43dc-ae7f-8e28dc2e9571,2026-06-27T19:45:00Z,2026-06-27T21:45:00+0200,47266.277543,MW,DE,DE_LU,forecast_load,Forecasted Load,2026-07-27T20:08:22Z
2026-07-27T20:06:34Z,2026-07-27T22:06:34+0200,cc602197-a7f8-43dc-ae7f-8e28dc2e9571,2026-06-27T20:00:00Z,2026-06-27T22:00:00+0200,46924.657771,MW,DE,DE_LU,forecast_load,Forecasted Load,2026-07-27T20:08:22Z
2026-07-27T20:06:34Z,2026-07-27T22:06:34+0200,cc602197-a7f8-43dc-ae7f-8e28dc2e9571,2026-06-27T20:15:00Z,2026-06-27T22:15:00+0200,46303.109282,MW,DE,DE_LU,forecast_load,Forecasted Load,2026-07-27T20:08:22Z
2026-07-27T20:06:34Z,2026-07-27T22:06:34+0200,cc602197-a7f8-43dc-ae7f-8e28dc2e9571,2026-06-27T20:30:00Z,2026-06-27T22:30:00+0200,45761.958215,MW,DE,DE_LU,forecast_load,Forecasted Load,2026-07-27T20:08:22Z
2026-07-27T20:06:34Z,2026-07-27T22:06:34+0200,cc602197-a7f8-43dc-ae7f-8e28dc2e9571,2026-06-27T20:45:00Z,2026-06-27T22:45:00+0200,45201.548487,MW,DE,DE_LU,forecast_load,Forecasted Load,2026-07-27T20:08:22Z
2026-07-27T20:06:34Z,2026-07-27T22:06:34+0200,cc602197-a7f8-43dc-ae7f-8e28dc2e9571,2026-06-27T21:00:00Z,2026-06-27T23:00:00+0200,44471.028995,MW,DE,DE_LU,forecast_load,Forecasted Load,2026-07-27T20:08:22Z
2026-07-27T20:06:34Z,2026-07-27T22:06:34+0200,cc602197-a7f8-43dc-ae7f-8e28dc2e9571,2026-06-27T21:15:00Z,2026-06-27T23:15:00+0200,43776.172127,MW,DE,DE_LU,forecast_load,Forecasted Load,2026-07-27T20:08:22Z
2026-07-27T20:06:34Z,2026-07-27T22:06:34+0200,cc602197-a7f8-43dc-ae7f-8e28dc2e9571,2026-06-27T21:30:00Z,2026-06-27T23:30:00+0200,43286.766144,MW,DE,DE_LU,forecast_load,Forecasted Load,2026-07-27T20:08:22Z
2026-07-27T20:06:34Z,2026-07-27T22:06:34+0200,cc602197-a7f8-43dc-ae7f-8e28dc2e9571,2026-06-27T21:45:00Z,2026-06-27T23:45:00+0200,42737.874812,MW,DE,DE_LU,forecast_load,Forecasted Load,2026-07-27T20:08:22Z
2026-07-27T20:06:34Z,2026-07-27T22:06:34+0200,cc602197-a7f8-43dc-ae7f-8e28dc2e9571,2026-06-27T22:00:00Z,2026-06-28T00:00:00+0200,43015.671073,MW,DE,DE_LU,forecast_load,Forecasted Load,2026-07-27T20:08:22Z
2026-07-27T20:06:34Z,2026-07-27T22:06:34+0200,cc602197-a7f8-43dc-ae7f-8e28dc2e9571,2026-06-27T22:15:00Z,2026-06-28T00:15:00+0200,42192.888929,MW,DE,DE_LU,forecast_load,Forecasted Load,2026-07-27T20:08:22Z
2026-07-27T20:06:34Z,2026-07-27T22:06:34+0200,cc602197-a7f8-43dc-ae7f-8e28dc2e9571,2026-06-27T22:30:00Z,2026-06-28T00:30:00+0200,41698.412774,MW,DE,DE_LU,forecast_load,Forecasted Load,2026-07-27T20:08:22Z
2026-07-27T20:06:34Z,2026-07-27T22:06:34+0200,cc602197-a7f8-43dc-ae7f-8e28dc2e9571,2026-06-27T22:45:00Z,2026-06-28T00:45:00+0200,41249.027458,MW,DE,DE_LU,forecast_load,Forecasted Load,2026-07-27T20:08:22Z
2026-07-27T20:06:34Z,2026-07-27T22:06:34+0200,cc602197-a7f8-43dc-ae7f-8e28dc2e9571,2026-06-27T23:00:00Z,2026-06-28T01:00:00+0200,40696.450048,MW,DE,DE_LU,forecast_load,Forecasted Load,2026-07-27T20:08:22Z
2026-07-27T20:06:34Z,2026-07-27T22:06:34+0200,cc602197-a7f8-43dc-ae7f-8e28dc2e9571,2026-06-27T23:15:00Z,2026-06-28T01:15:00+0200,40233.804529,MW,DE,DE_LU,forecast_load,Forecasted Load,2026-07-27T20:08:22Z
2026-07-27T20:06:34Z,2026-07-27T22:06:34+0200,cc602197-a7f8-43dc-ae7f-8e28dc2e9571,2026-06-27T23:30:00Z,2026-06-28T01:30:00+0200,39798.836676,MW,DE,DE_LU,forecast_load,Forecasted Load,2026-07-27T20:08:22Z
2026-07-27T20:06:34Z,2026-07-27T22:06:34+0200,cc602197-a7f8-43dc-ae7f-8e28dc2e9571,2026-06-27T23:45:00Z,2026-06-28T01:45:00+0200,39469.633568,MW,DE,DE_LU,forecast_load,Forecasted Load,2026-07-27T20:08:22Z
2026-07-27T20:06:34Z,2026-07-27T22:06:34+0200,cc602197-a7f8-43dc-ae7f-8e28dc2e9571,2026-06-28T00:00:00Z,2026-06-28T02:00:00+0200,39224.399644,MW,DE,DE_LU,forecast_load,Forecasted Load,2026-07-27T20:08:22Z
2026-07-27T20:06:34Z,2026-07-27T22:06:34+0200,cc602197-a7f8-43dc-ae7f-8e28dc2e9571,2026-06-28T00:15:00Z,2026-06-28T02:15:00+0200,38814.338355,MW,DE,DE_LU,forecast_load,Forecasted Load,2026-07-27T20:08:22Z
2026-07-27T20:06:34Z,2026-07-27T22:06:34+0200,cc602197-a7f8-43dc-ae7f-8e28dc2e9571,2026-06-28T00:30:00Z,2026-06-28T02:30:00+0200,38638.703909,MW,DE,DE_LU,forecast_load,Forecasted Load,2026-07-27T20:08:22Z
2026-07-27T20:06:34Z,2026-07-27T22:06:34+0200,cc602197-a7f8-43dc-ae7f-8e28dc2e9571,2026-06-28T00:45:00Z,2026-06-28T02:45:00+0200,38581.592479,MW,DE,DE_LU,forecast_load,Forecasted Load,2026-07-27T20:08:22Z
2026-07-27T20:06:34Z,2026-07-27T22:06:34+0200,cc602197-a7f8-43dc-ae7f-8e28dc2e9571,2026-06-28T01:00:00Z,2026-06-28T03:00:00+0200,38548.728164,MW,DE,DE_LU,forecast_load,Forecasted Load,2026-07-27T20:08:22Z
2026-07-27T20:06:34Z,2026-07-27T22:06:34+0200,cc602197-a7f8-43dc-ae7f-8e28dc2e9571,2026-06-28T01:15:00Z,2026-06-28T03:15:00+0200,38321.657557,MW,DE,DE_LU,forecast_load,Forecasted Load,2026-07-27T20:08:22Z
2026-07-27T20:06:34Z,2026-07-27T22:06:34+0200,cc602197-a7f8-43dc-ae7f-8e28dc2e9571,2026-06-28T01:30:00Z,2026-06-28T03:30:00+0200,38245.054543,MW,DE,DE_LU,forecast_load,Forecasted Load,2026-07-27T20:08:22Z
2026-07-27T20:06:34Z,2026-07-27T22:06:34+0200,cc602197-a7f8-43dc-ae7f-8e28dc2e9571,2026-06-28T01:45:00Z,2026-06-28T03:45:00+0200,38224.862308,MW,DE,DE_LU,forecast_load,Forecasted Load,2026-07-27T20:08:22Z
2026-07-27T20:06:34Z,2026-07-27T22:06:34+0200,cc602197-a7f8-43dc-ae7f-8e28dc2e9571,2026-06-28T02:00:00Z,2026-06-28T04:00:00+0200,38251.027358,MW,DE,DE_LU,forecast_load,Forecasted Load,2026-07-27T20:08:22Z
2026-07-27T20:06:34Z,2026-07-27T22:06:34+0200,cc602197-a7f8-43dc-ae7f-8e28dc2e9571,2026-06-28T02:15:00Z,2026-06-28T04:15:00+0200,38300.220283,MW,DE,DE_LU,forecast_load,Forecasted Load,2026-07-27T20:08:22Z
2026-07-27T20:06:34Z,2026-07-27T22:06:34+0200,cc602197-a7f8-43dc-ae7f-8e28dc2e9571,2026-06-28T02:30:00Z,2026-06-28T04:30:00+0200,38369.605422,MW,DE,DE_LU,forecast_load,Forecasted Load,2026-07-27T20:08:22Z
2026-07-27T20:06:34Z,2026-07-27T22:06:34+0200,cc602197-a7f8-43dc-ae7f-8e28dc2e9571,2026-06-28T02:45:00Z,2026-06-28T04:45:00+0200,38427.130286,MW,DE,DE_LU,forecast_load,Forecasted Load,2026-07-27T20:08:22Z
2026-07-27T20:06:34Z,2026-07-27T22:06:34+0200,cc602197-a7f8-43dc-ae7f-8e28dc2e9571,2026-06-28T03:00:00Z,2026-06-28T05:00:00+0200,38664.141254,MW,DE,DE_LU,forecast_load,Forecasted Load,2026-07-27T20:08:22Z
2026-07-27T20:06:34Z,2026-07-27T22:06:34+0200,cc602197-a7f8-43dc-ae7f-8e28dc2e9571,2026-06-28T03:15:00Z,2026-06-28T05:15:00+0200,38822.446656,MW,DE,DE_LU,forecast_load,Forecasted Load,2026-07-27T20:08:22Z
2026-07-27T20:06:34Z,2026-07-27T22:06:34+0200,cc602197-a7f8-43dc-ae7f-8e28dc2e9571,2026-06-28T03:30:00Z,2026-06-28T05:30:00+0200,38953.458258,MW,DE,DE_LU,forecast_load,Forecasted Load,2026-07-27T20:08:22Z
2026-07-27T20:06:34Z,2026-07-27T22:06:34+0200,cc602197-a7f8-43dc-ae7f-8e28dc2e9571,2026-06-28T03:45:00Z,2026-06-28T05:45:00+0200,39553.901595,MW,DE,DE_LU,forecast_load,Forecasted Load,2026-07-27T20:08:22Z
2026-07-27T20:06:34Z,2026-07-27T22:06:34+0200,cc602197-a7f8-43dc-ae7f-8e28dc2e9571,2026-06-28T04:00:00Z,2026-06-28T06:00:00+0200,40166.547357,MW,DE,DE_LU,forecast_load,Forecasted Load,2026-07-27T20:08:22Z
2026-07-27T20:06:34Z,2026-07-27T22:06:34+0200,cc602197-a7f8-43dc-ae7f-8e28dc2e9571,2026-06-28T04:15:00Z,2026-06-28T06:15:00+0200,41171.590878,MW,DE,DE_LU,forecast_load,Forecasted Load,2026-07-27T20:08:22Z
2026-07-27T20:06:34Z,2026-07-27T22:06:34+0200,cc602197-a7f8-43dc-ae7f-8e28dc2e9571,2026-06-28T04:30:00Z,2026-06-28T06:30:00+0200,41265.146045,MW,DE,DE_LU,forecast_load,Forecasted Load,2026-07-27T20:08:22Z
2026-07-27T20:06:34Z,2026-07-27T22:06:34+0200,cc602197-a7f8-43dc-ae7f-8e28dc2e9571,2026-06-28T04:45:00Z,2026-06-28T06:45:00+0200,42305.830789,MW,DE,DE_LU,forecast_load,Forecasted Load,2026-07-27T20:08:22Z
2026-07-27T20:06:34Z,2026-07-27T22:06:34+0200,cc602197-a7f8-43dc-ae7f-8e28dc2e9571,2026-06-28T05:00:00Z,2026-06-28T07:00:00+0200,42814.664371,MW,DE,DE_LU,forecast_load,Forecasted Load,2026-07-27T20:08:22Z
2026-07-27T20:06:34Z,2026-07-27T22:06:34+0200,cc602197-a7f8-43dc-ae7f-8e28dc2e9571,2026-06-28T05:15:00Z,2026-06-28T07:15:00+0200,43488.445849,MW,DE,DE_LU,forecast_load,Forecasted Load,2026-07-27T20:08:22Z
2026-07-27T20:06:34Z,2026-07-27T22:06:34+0200,cc602197-a7f8-43dc-ae7f-8e28dc2e9571,2026-06-28T05:30:00Z,2026-06-28T07:30:00+0200,44069.523575,MW,DE,DE_LU,forecast_load,Forecasted Load,2026-07-27T20:08:22Z
2026-07-27T20:06:34Z,2026-07-27T22:06:34+0200,cc602197-a7f8-43dc-ae7f-8e28dc2e9571,2026-06-28T05:45:00Z,2026-06-28T07:45:00+0200,44880.969915,MW,DE,DE_LU,forecast_load,Forecasted Load,2026-07-27T20:08:22Z
2026-07-27T20:06:34Z,2026-07-27T22:06:34+0200,cc602197-a7f8-43dc-ae7f-8e28dc2e9571,2026-06-28T06:00:00Z,2026-06-28T08:00:00+0200,45390.856458,MW,DE,DE_LU,forecast_load,Forecasted Load,2026-07-27T20:08:22Z
2026-07-27T20:06:34Z,2026-07-27T22:06:34+0200,cc602197-a7f8-43dc-ae7f-8e28dc2e9571,2026-06-28T06:15:00Z,2026-06-28T08:15:00+0200,46113.176992,MW,DE,DE_LU,forecast_load,Forecasted Load,2026-07-27T20:08:22Z
2026-07-27T20:06:34Z,2026-07-27T22:06:34+0200,cc602197-a7f8-43dc-ae7f-8e28dc2e9571,2026-06-28T06:30:00Z,2026-06-28T08:30:00+0200,46870.581456,MW,DE,DE_LU,forecast_load,Forecasted Load,2026-07-27T20:08:22Z
2026-07-27T20:06:34Z,2026-07-27T22:06:34+0200,cc602197-a7f8-43dc-ae7f-8e28dc2e9571,2026-06-28T06:45:00Z,2026-06-28T08:45:00+0200,47349.049898,MW,DE,DE_LU,forecast_load,Forecasted Load,2026-07-27T20:08:22Z
2026-07-27T20:06:34Z,2026-07-27T22:06:34+0200,cc602197-a7f8-43dc-ae7f-8e28dc2e9571,2026-06-28T07:00:00Z,2026-06-28T09:00:00+0200,47749.244359,MW,DE,DE_LU,forecast_load,Forecasted Load,2026-07-27T20:08:22Z
2026-07-27T20:06:34Z,2026-07-27T22:06:34+0200,cc602197-a7f8-43dc-ae7f-8e28dc2e9571,2026-06-28T07:15:00Z,2026-06-28T09:15:00+0200,48390.187559,MW,DE,DE_LU,forecast_load,Forecasted Load,2026-07-27T20:08:22Z
2026-07-27T20:06:34Z,2026-07-27T22:06:34+0200,cc602197-a7f8-43dc-ae7f-8e28dc2e9571,2026-06-28T07:30:00Z,2026-06-28T09:30:00+0200,48830.928366,MW,DE,DE_LU,forecast_load,Forecasted Load,2026-07-27T20:08:22Z
2026-07-27T20:06:34Z,2026-07-27T22:06:34+0200,cc602197-a7f8-43dc-ae7f-8e28dc2e9571,2026-06-28T07:45:00Z,2026-06-28T09:45:00+0200,49222.407362,MW,DE,DE_LU,forecast_load,Forecasted Load,2026-07-27T20:08:22Z
2026-07-27T20:06:34Z,2026-07-27T22:06:34+0200,cc602197-a7f8-43dc-ae7f-8e28dc2e9571,2026-06-28T08:00:00Z,2026-06-28T10:00:00+0200,49548.173414,MW,DE,DE_LU,forecast_load,Forecasted Load,2026-07-27T20:08:22Z
2026-07-27T20:06:34Z,2026-07-27T22:06:34+0200,cc602197-a7f8-43dc-ae7f-8e28dc2e9571,2026-06-28T08:15:00Z,2026-06-28T10:15:00+0200,49836.013976,MW,DE,DE_LU,forecast_load,Forecasted Load,2026-07-27T20:08:22Z
2026-07-27T20:06:34Z,2026-07-27T22:06:34+0200,cc602197-a7f8-43dc-ae7f-8e28dc2e9571,2026-06-28T08:30:00Z,2026-06-28T10:30:00+0200,49900.394511,MW,DE,DE_LU,forecast_load,Forecasted Load,2026-07-27T20:08:22Z
2026-07-27T20:06:34Z,2026-07-27T22:06:34+0200,cc602197-a7f8-43dc-ae7f-8e28dc2e9571,2026-06-28T08:45:00Z,2026-06-28T10:45:00+0200,50426.314207,MW,DE,DE_LU,forecast_load,Forecasted Load,2026-07-27T20:08:22Z
2026-07-27T20:06:34Z,2026-07-27T22:06:34+0200,cc602197-a7f8-43dc-ae7f-8e28dc2e9571,2026-06-28T09:00:00Z,2026-06-28T11:00:00+0200,50642.474605,MW,DE,DE_LU,forecast_load,Forecasted Load,2026-07-27T20:08:22Z
2026-07-27T20:06:34Z,2026-07-27T22:06:34+0200,cc602197-a7f8-43dc-ae7f-8e28dc2e9571,2026-06-28T09:15:00Z,2026-06-28T11:15:00+0200,50707.956108,MW,DE,DE_LU,forecast_load,Forecasted Load,2026-07-27T20:08:22Z
2026-07-27T20:06:34Z,2026-07-27T22:06:34+0200,cc602197-a7f8-43dc-ae7f-8e28dc2e9571,2026-06-28T09:30:00Z,2026-06-28T11:30:00+0200,50846.368084,MW,DE,DE_LU,forecast_load,Forecasted Load,2026-07-27T20:08:22Z
2026-07-27T20:06:34Z,2026-07-27T22:06:34+0200,cc602197-a7f8-43dc-ae7f-8e28dc2e9571,2026-06-28T09:45:00Z,2026-06-28T11:45:00+0200,50688.817991,MW,DE,DE_LU,forecast_load,Forecasted Load,2026-07-27T20:08:22Z
2026-07-27T20:06:34Z,2026-07-27T22:06:34+0200,cc602197-a7f8-43dc-ae7f-8e28dc2e9571,2026-06-28T10:00:00Z,2026-06-28T12:00:00+0200,50645.116529,MW,DE,DE_LU,forecast_load,Forecasted Load,2026-07-27T20:08:22Z
2026-07-27T20:06:34Z,2026-07-27T22:06:34+0200,cc602197-a7f8-43dc-ae7f-8e28dc2e9571,2026-06-28T10:15:00Z,2026-06-28T12:15:00+0200,50284.285862,MW,DE,DE_LU,forecast_load,Forecasted Load,2026-07-27T20:08:22Z
2026-07-27T20:06:34Z,2026-07-27T22:06:34+0200,cc602197-a7f8-43dc-ae7f-8e28dc2e9571,2026-06-28T10:30:00Z,2026-06-28T12:30:00+0200,50131.649974,MW,DE,DE_LU,forecast_load,Forecasted Load,2026-07-27T20:08:22Z
2026-07-27T20:06:34Z,2026-07-27T22:06:34+0200,cc602197-a7f8-43dc-ae7f-8e28dc2e9571,2026-06-28T10:45:00Z,2026-06-28T12:45:00+0200,49870.252103,MW,DE,DE_LU,forecast_load,Forecasted Load,2026-07-27T20:08:22Z
2026-07-27T20:06:34Z,2026-07-27T22:06:34+0200,cc602197-a7f8-43dc-ae7f-8e28dc2e9571,2026-06-28T11:00:00Z,2026-06-28T13:00:00+0200,49640.234987,MW,DE,DE_LU,forecast_load,Forecasted Load,2026-07-27T20:08:22Z
2026-07-27T20:06:34Z,2026-07-27T22:06:34+0200,cc602197-a7f8-43dc-ae7f-8e28dc2e9571,2026-06-28T11:15:00Z,2026-06-28T13:15:00+0200,49572.723524,MW,DE,DE_LU,forecast_load,Forecasted Load,2026-07-27T20:08:22Z
2026-07-27T20:06:34Z,2026-07-27T22:06:34+0200,cc602197-a7f8-43dc-ae7f-8e28dc2e9571,2026-06-28T11:30:00Z,2026-06-28T13:30:00+0200,49161.734143,MW,DE,DE_LU,forecast_load,Forecasted Load,2026-07-27T20:08:22Z
2026-07-27T20:06:34Z,2026-07-27T22:06:34+0200,cc602197-a7f8-43dc-ae7f-8e28dc2e9571,2026-06-28T11:45:00Z,2026-06-28T13:45:00+0200,48656.531613,MW,DE,DE_LU,forecast_load,Forecasted Load,2026-07-27T20:08:22Z
2026-07-27T20:06:34Z,2026-07-27T22:06:34+0200,cc602197-a7f8-43dc-ae7f-8e28dc2e9571,2026-06-28T12:00:00Z,2026-06-28T14:00:00+0200,48394.435426,MW,DE,DE_LU,forecast_load,Forecasted Load,2026-07-27T20:08:22Z
2026-07-27T20:06:34Z,2026-07-27T22:06:34+0200,cc602197-a7f8-43dc-ae7f-8e28dc2e9571,2026-06-28T12:15:00Z,2026-06-28T14:15:00+0200,48044.434732,MW,DE,DE_LU,forecast_load,Forecasted Load,2026-07-27T20:08:22Z
2026-07-27T20:06:34Z,2026-07-27T22:06:34+0200,cc602197-a7f8-43dc-ae7f-8e28dc2e9571,2026-06-28T12:30:00Z,2026-06-28T14:30:00+0200,47968.461941,MW,DE,DE_LU,forecast_load,Forecasted Load,2026-07-27T20:08:22Z
2026-07-27T20:06:34Z,2026-07-27T22:06:34+0200,cc602197-a7f8-43dc-ae7f-8e28dc2e9571,2026-06-28T12:45:00Z,2026-06-28T14:45:00+0200,47543.213676,MW,DE,DE_LU,forecast_load,Forecasted Load,2026-07-27T20:08:22Z
2026-07-27T20:06:34Z,2026-07-27T22:06:34+0200,cc602197-a7f8-43dc-ae7f-8e28dc2e9571,2026-06-28T13:00:00Z,2026-06-28T15:00:00+0200,47591.914828,MW,DE,DE_LU,forecast_load,Forecasted Load,2026-07-27T20:08:22Z
2026-07-27T20:06:34Z,2026-07-27T22:06:34+0200,cc602197-a7f8-43dc-ae7f-8e28dc2e9571,2026-06-28T13:15:00Z,2026-06-28T15:15:00+0200,47450.229729,MW,DE,DE_LU,forecast_load,Forecasted Load,2026-07-27T20:08:22Z
2026-07-27T20:06:34Z,2026-07-27T22:06:34+0200,cc602197-a7f8-43dc-ae7f-8e28dc2e9571,2026-06-28T13:30:00Z,2026-06-28T15:30:00+0200,46882.831189,MW,DE,DE_LU,forecast_load,Forecasted Load,2026-07-27T20:08:22Z
2026-07-27T20:06:34Z,2026-07-27T22:06:34+0200,cc602197-a7f8-43dc-ae7f-8e28dc2e9571,2026-06-28T13:45:00Z,2026-06-28T15:45:00+0200,46589.86059,MW,DE,DE_LU,forecast_load,Forecasted Load,2026-07-27T20:08:22Z
2026-07-27T20:06:34Z,2026-07-27T22:06:34+0200,cc602197-a7f8-43dc-ae7f-8e28dc2e9571,2026-06-28T14:00:00Z,2026-06-28T16:00:00+0200,47082.299971,MW,DE,DE_LU,forecast_load,Forecasted Load,2026-07-27T20:08:22Z
2026-07-27T20:06:34Z,2026-07-27T22:06:34+0200,cc602197-a7f8-43dc-ae7f-8e28dc2e9571,2026-06-28T14:15:00Z,2026-06-28T16:15:00+0200,47171.294575,MW,DE,DE_LU,forecast_load,Forecasted Load,2026-07-27T20:08:22Z
2026-07-27T20:06:34Z,2026-07-27T22:06:34+0200,cc602197-a7f8-43dc-ae7f-8e28dc2e9571,2026-06-28T14:30:00Z,2026-06-28T16:30:00+0200,47342.691275,MW,DE,DE_LU,forecast_load,Forecasted Load,2026-07-27T20:08:22Z
2026-07-27T20:06:34Z,2026-07-27T22:06:34+0200,cc602197-a7f8-43dc-ae7f-8e28dc2e9571,2026-06-28T14:45:00Z,2026-06-28T16:45:00+0200,47200.386092,MW,DE,DE_LU,forecast_load,Forecasted Load,2026-07-27T20:08:22Z
2026-07-27T20:06:34Z,2026-07-27T22:06:34+0200,cc602197-a7f8-43dc-ae7f-8e28dc2e9571,2026-06-28T15:00:00Z,2026-06-28T17:00:00+0200,48179.816602,MW,DE,DE_LU,forecast_load,Forecasted Load,2026-07-27T20:08:22Z
2026-07-27T20:06:34Z,2026-07-27T22:06:34+0200,cc602197-a7f8-43dc-ae7f-8e28dc2e9571,2026-06-28T15:15:00Z,2026-06-28T17:15:00+0200,48202.044662,MW,DE,DE_LU,forecast_load,Forecasted Load,2026-07-27T20:08:22Z
2026-07-27T20:06:34Z,2026-07-27T22:06:34+0200,cc602197-a7f8-43dc-ae7f-8e28dc2e9571,2026-06-28T15:30:00Z,2026-06-28T17:30:00+0200,48579.397746,MW,DE,DE_LU,forecast_load,Forecasted Load,2026-07-27T20:08:22Z
2026-07-27T20:06:34Z,2026-07-27T22:06:34+0200,cc602197-a7f8-43dc-ae7f-8e28dc2e9571,2026-06-28T15:45:00Z,2026-06-28T17:45:00+0200,49044.150135,MW,DE,DE_LU,forecast_load,Forecasted Load,2026-07-27T20:08:22Z
2026-07-27T20:06:34Z,2026-07-27T22:06:34+0200,cc602197-a7f8-43dc-ae7f-8e28dc2e9571,2026-06-28T16:00:00Z,2026-06-28T18:00:00+0200,49958.593766,MW,DE,DE_LU,forecast_load,Forecasted Load,2026-07-27T20:08:22Z
2026-07-27T20:06:34Z,2026-07-27T22:06:34+0200,cc602197-a7f8-43dc-ae7f-8e28dc2e9571,2026-06-28T16:15:00Z,2026-06-28T18:15:00+0200,50621.829837,MW,DE,DE_LU,forecast_load,Forecasted Load,2026-07-27T20:08:22Z
2026-07-27T20:06:34Z,2026-07-27T22:06:34+0200,cc602197-a7f8-43dc-ae7f-8e28dc2e9571,2026-06-28T16:30:00Z,2026-06-28T18:30:00+0200,51061.961868,MW,DE,DE_LU,forecast_load,Forecasted Load,2026-07-27T20:08:22Z
2026-07-27T20:06:34Z,2026-07-27T22:06:34+0200,cc602197-a7f8-43dc-ae7f-8e28dc2e9571,2026-06-28T16:45:00Z,2026-06-28T18:45:00+0200,51377.701756,MW,DE,DE_LU,forecast_load,Forecasted Load,2026-07-27T20:08:22Z
2026-07-27T20:06:34Z,2026-07-27T22:06:34+0200,cc602197-a7f8-43dc-ae7f-8e28dc2e9571,2026-06-28T17:00:00Z,2026-06-28T19:00:00+0200,51843.510925,MW,DE,DE_LU,forecast_load,Forecasted Load,2026-07-27T20:08:22Z
2026-07-27T20:06:34Z,2026-07-27T22:06:34+0200,cc602197-a7f8-43dc-ae7f-8e28dc2e9571,2026-06-28T17:15:00Z,2026-06-28T19:15:00+0200,52000.440848,MW,DE,DE_LU,forecast_load,Forecasted Load,2026-07-27T20:08:22Z
2026-07-27T20:06:34Z,2026-07-27T22:06:34+0200,cc602197-a7f8-43dc-ae7f-8e28dc2e9571,2026-06-28T17:30:00Z,2026-06-28T19:30:00+0200,52192.697692,MW,DE,DE_LU,forecast_load,Forecasted Load,2026-07-27T20:08:22Z
2026-07-27T20:06:34Z,2026-07-27T22:06:34+0200,cc602197-a7f8-43dc-ae7f-8e28dc2e9571,2026-06-28T17:45:00Z,2026-06-28T19:45:00+0200,52113.341156,MW,DE,DE_LU,forecast_load,Forecasted Load,2026-07-27T20:08:22Z
2026-07-27T20:06:34Z,2026-07-27T22:06:34+0200,cc602197-a7f8-43dc-ae7f-8e28dc2e9571,2026-06-28T18:00:00Z,2026-06-28T20:00:00+0200,51948.415777,MW,DE,DE_LU,forecast_load,Forecasted Load,2026-07-27T20:08:22Z
2026-07-27T20:06:34Z,2026-07-27T22:06:34+0200,cc602197-a7f8-43dc-ae7f-8e28dc2e9571,2026-06-28T18:15:00Z,2026-06-28T20:15:00+0200,51734.158762,MW,DE,DE_LU,forecast_load,Forecasted Load,2026-07-27T20:08:22Z
2026-07-27T20:06:34Z,2026-07-27T22:06:34+0200,cc602197-a7f8-43dc-ae7f-8e28dc2e9571,2026-06-28T18:30:00Z,2026-06-28T20:30:00+0200,51429.528112,MW,DE,DE_LU,forecast_load,Forecasted Load,2026-07-27T20:08:22Z
2026-07-27T20:06:34Z,2026-07-27T22:06:34+0200,cc602197-a7f8-43dc-ae7f-8e28dc2e9571,2026-06-28T18:45:00Z,2026-06-28T20:45:00+0200,51112.393619,MW,DE,DE_LU,forecast_load,Forecasted Load,2026-07-27T20:08:22Z
2026-07-27T20:06:34Z,2026-07-27T22:06:34+0200,cc602197-a7f8-43dc-ae7f-8e28dc2e9571,2026-06-28T19:00:00Z,2026-06-28T21:00:00+0200,50699.451931,MW,DE,DE_LU,forecast_load,Forecasted Load,2026-07-27T20:08:22Z
2026-07-27T20:06:34Z,2026-07-27T22:06:34+0200,cc602197-a7f8-43dc-ae7f-8e28dc2e9571,2026-06-28T19:15:00Z,2026-06-28T21:15:00+0200,50364.878088,MW,DE,DE_LU,forecast_load,Forecasted Load,2026-07-27T20:08:22Z
2026-07-27T20:06:34Z,2026-07-27T22:06:34+0200,cc602197-a7f8-43dc-ae7f-8e28dc2e9571,2026-06-28T19:30:00Z,2026-06-28T21:30:00+0200,49835.73993,MW,DE,DE_LU,forecast_load,Forecasted Load,2026-07-27T20:08:22Z
2026-07-27T20:06:34Z,2026-07-27T22:06:34+0200,cc602197-a7f8-43dc-ae7f-8e28dc2e9571,2026-06-28T19:45:00Z,2026-06-28T21:45:00+0200,49488.117856,MW,DE,DE_LU,forecast_load,Forecasted Load,2026-07-27T20:08:22Z
2026-07-27T20:06:34Z,2026-07-27T22:06:34+0200,cc602197-a7f8-43dc-ae7f-8e28dc2e9571,2026-06-28T20:00:00Z,2026-06-28T22:00:00+0200,48929.070007,MW,DE,DE_LU,forecast_load,Forecasted Load,2026-07-27T20:08:22Z
2026-07-27T20:06:34Z,2026-07-27T22:06:34+0200,cc602197-a7f8-43dc-ae7f-8e28dc2e9571,2026-06-28T20:15:00Z,2026-06-28T22:15:00+0200,48644.248435,MW,DE,DE_LU,forecast_load,Forecasted Load,2026-07-27T20:08:22Z
2026-07-27T20:06:34Z,2026-07-27T22:06:34+0200,cc602197-a7f8-43dc-ae7f-8e28dc2e9571,2026-06-28T20:30:00Z,2026-06-28T22:30:00+0200,48190.134244,MW,DE,DE_LU,forecast_load,Forecasted Load,2026-07-27T20:08:22Z
2026-07-27T20:06:34Z,2026-07-27T22:06:34+0200,cc602197-a7f8-43dc-ae7f-8e28dc2e9571,2026-06-28T20:45:00Z,2026-06-28T22:45:00+0200,47623.020249,MW,DE,DE_LU,forecast_load,Forecasted Load,2026-07-27T20:08:22Z
2026-07-27T20:06:34Z,2026-07-27T22:06:34+0200,cc602197-a7f8-43dc-ae7f-8e28dc2e9571,2026-06-28T21:00:00Z,2026-06-28T23:00:00+0200,47160.897998,MW,DE,DE_LU,forecast_load,Forecasted Load,2026-07-27T20:08:22Z
2026-07-27T20:06:34Z,2026-07-27T22:06:34+0200,cc602197-a7f8-43dc-ae7f-8e28dc2e9571,2026-06-28T21:15:00Z,2026-06-28T23:15:00+0200,46398.990942,MW,DE,DE_LU,forecast_load,Forecasted Load,2026-07-27T20:08:22Z
2026-07-27T20:06:34Z,2026-07-27T22:06:34+0200,cc602197-a7f8-43dc-ae7f-8e28dc2e9571,2026-06-28T21:30:00Z,2026-06-28T23:30:00+0200,45673.999178,MW,DE,DE_LU,forecast_load,Forecasted Load,2026-07-27T20:08:22Z
2026-07-27T20:06:34Z,2026-07-27T22:06:34+0200,cc602197-a7f8-43dc-ae7f-8e28dc2e9571,2026-06-28T21:45:00Z,2026-06-28T23:45:00+0200,45165.608698,MW,DE,DE_LU,forecast_load,Forecasted Load,2026-07-27T20:08:22Z
2026-07-27T20:06:34Z,2026-07-27T22:06:34+0200,cc602197-a7f8-43dc-ae7f-8e28dc2e9571,2026-06-28T22:00:00Z,2026-06-29T00:00:00+0200,44288.964192,MW,DE,DE_LU,forecast_load,Forecasted Load,2026-07-27T20:08:22Z
2026-07-27T20:06:34Z,2026-07-27T22:06:34+0200,cc602197-a7f8-43dc-ae7f-8e28dc2e9571,2026-06-28T22:15:00Z,2026-06-29T00:15:00+0200,44054.364418,MW,DE,DE_LU,forecast_load,Forecasted Load,2026-07-27T20:08:22Z
2026-07-27T20:06:34Z,2026-07-27T22:06:34+0200,cc602197-a7f8-43dc-ae7f-8e28dc2e9571,2026-06-28T22:30:00Z,2026-06-29T00:30:00+0200,43914.818239,MW,DE,DE_LU,forecast_load,Forecasted Load,2026-07-27T20:08:22Z
2026-07-27T20:06:34Z,2026-07-27T22:06:34+0200,cc602197-a7f8-43dc-ae7f-8e28dc2e9571,2026-06-28T22:45:00Z,2026-06-29T00:45:00+0200,43546.197846,MW,DE,DE_LU,forecast_load,Forecasted Load,2026-07-27T20:08:22Z
2026-07-27T20:06:34Z,2026-07-27T22:06:34+0200,cc602197-a7f8-43dc-ae7f-8e28dc2e9571,2026-06-28T23:00:00Z,2026-06-29T01:00:00+0200,43150.406814,MW,DE,DE_LU,forecast_load,Forecasted Load,2026-07-27T20:08:22Z
2026-07-27T20:06:34Z,2026-07-27T22:06:34+0200,cc602197-a7f8-43dc-ae7f-8e28dc2e9571,2026-06-28T23:15:00Z,2026-06-29T01:15:00+0200,42685.039633,MW,DE,DE_LU,forecast_load,Forecasted Load,2026-07-27T20:08:22Z
2026-07-27T20:06:34Z,2026-07-27T22:06:34+0200,cc602197-a7f8-43dc-ae7f-8e28dc2e9571,2026-06-28T23:30:00Z,2026-06-29T01:30:00+0200,42500.149999,MW,DE,DE_LU,forecast_load,Forecasted Load,2026-07-27T20:08:22Z
2026-07-27T20:06:34Z,2026-07-27T22:06:34+0200,cc602197-a7f8-43dc-ae7f-8e28dc2e9571,2026-06-28T23:45:00Z,2026-06-29T01:45:00+0200,42323.944223,MW,DE,DE_LU,forecast_load,Forecasted Load,2026-07-27T20:08:22Z
2026-07-27T20:06:34Z,2026-07-27T22:06:34+0200,cc602197-a7f8-43dc-ae7f-8e28dc2e9571,2026-06-29T00:00:00Z,2026-06-29T02:00:00+0200,42154.31156,MW,DE,DE_LU,forecast_load,Forecasted Load,2026-07-27T20:08:22Z
2026-07-27T20:06:34Z,2026-07-27T22:06:34+0200,cc602197-a7f8-43dc-ae7f-8e28dc2e9571,2026-06-29T00:15:00Z,2026-06-29T02:15:00+0200,42074.163563,MW,DE,DE_LU,forecast_load,Forecasted Load,2026-07-27T20:08:22Z
2026-07-27T20:06:34Z,2026-07-27T22:06:34+0200,cc602197-a7f8-43dc-ae7f-8e28dc2e9571,2026-06-29T00:30:00Z,2026-06-29T02:30:00+0200,41983.899881,MW,DE,DE_LU,forecast_load,Forecasted Load,2026-07-27T20:08:22Z
2026-07-27T20:06:34Z,2026-07-27T22:06:34+0200,cc602197-a7f8-43dc-ae7f-8e28dc2e9571,2026-06-29T00:45:00Z,2026-06-29T02:45:00+0200,41960.516985,MW,DE,DE_LU,forecast_load,Forecasted Load,2026-07-27T20:08:22Z
2026-07-27T20:06:34Z,2026-07-27T22:06:34+0200,cc602197-a7f8-43dc-ae7f-8e28dc2e9571,2026-06-29T01:00:00Z,2026-06-29T03:00:00+0200,42036.48952,MW,DE,DE_LU,forecast_load,Forecasted Load,2026-07-27T20:08:22Z
2026-07-27T20:06:34Z,2026-07-27T22:06:34+0200,cc602197-a7f8-43dc-ae7f-8e28dc2e9571,2026-06-29T01:15:00Z,2026-06-29T03:15:00+0200,42285.237192,MW,DE,DE_LU,forecast_load,Forecasted Load,2026-07-27T20:08:22Z
2026-07-27T20:06:34Z,2026-07-27T22:06:34+0200,cc602197-a7f8-43dc-ae7f-8e28dc2e9571,2026-06-29T01:30:00Z,2026-06-29T03:30:00+0200,42439.647983,MW,DE,DE_LU,forecast_load,Forecasted Load,2026-07-27T20:08:22Z
2026-07-27T20:06:34Z,2026-07-27T22:06:34+0200,cc602197-a7f8-43dc-ae7f-8e28dc2e9571,2026-06-29T01:45:00Z,2026-06-29T03:45:00+0200,42513.209099,MW,DE,DE_LU,forecast_load,Forecasted Load,2026-07-27T20:08:22Z
2026-07-27T20:06:34Z,2026-07-27T22:06:34+0200,cc602197-a7f8-43dc-ae7f-8e28dc2e9571,2026-06-29T02:00:00Z,2026-06-29T04:00:00+0200,42927.415364,MW,DE,DE_LU,forecast_load,Forecasted Load,2026-07-27T20:08:22Z
2026-07-27T20:06:34Z,2026-07-27T22:06:34+0200,cc602197-a7f8-43dc-ae7f-8e28dc2e9571,2026-06-29T02:15:00Z,2026-06-29T04:15:00+0200,43133.438017,MW,DE,DE_LU,forecast_load,Forecasted Load,2026-07-27T20:08:22Z
2026-07-27T20:06:34Z,2026-07-27T22:06:34+0200,cc602197-a7f8-43dc-ae7f-8e28dc2e9571,2026-06-29T02:30:00Z,2026-06-29T04:30:00+0200,43665.440111,MW,DE,DE_LU,forecast_load,Forecasted Load,2026-07-27T20:08:22Z
2026-07-27T20:06:34Z,2026-07-27T22:06:34+0200,cc602197-a7f8-43dc-ae7f-8e28dc2e9571,2026-06-29T02:45:00Z,2026-06-29T04:45:00+0200,44242.709311,MW,DE,DE_LU,forecast_load,Forecasted Load,2026-07-27T20:08:22Z
2026-07-27T20:06:34Z,2026-07-27T22:06:34+0200,cc602197-a7f8-43dc-ae7f-8e28dc2e9571,2026-06-29T03:00:00Z,2026-06-29T05:00:00+0200,45305.95361,MW,DE,DE_LU,forecast_load,Forecasted Load,2026-07-27T20:08:22Z
2026-07-27T20:06:34Z,2026-07-27T22:06:34+0200,cc602197-a7f8-43dc-ae7f-8e28dc2e9571,2026-06-29T03:15:00Z,2026-06-29T05:15:00+0200,45666.373657,MW,DE,DE_LU,forecast_load,Forecasted Load,2026-07-27T20:08:22Z
2026-07-27T20:06:34Z,2026-07-27T22:06:34+0200,cc602197-a7f8-43dc-ae7f-8e28dc2e9571,2026-06-29T03:30:00Z,2026-06-29T05:30:00+0200,47663.4134,MW,DE,DE_LU,forecast_load,Forecasted Load,2026-07-27T20:08:22Z
2026-07-27T20:06:34Z,2026-07-27T22:06:34+0200,cc602197-a7f8-43dc-ae7f-8e28dc2e9571,2026-06-29T03:45:00Z,2026-06-29T05:45:00+0200,49261.309907,MW,DE,DE_LU,forecast_load,Forecasted Load,2026-07-27T20:08:22Z
2026-07-27T20:06:34Z,2026-07-27T22:06:34+0200,cc602197-a7f8-43dc-ae7f-8e28dc2e9571,2026-06-29T04:00:00Z,2026-06-29T06:00:00+0200,51958.329561,MW,DE,DE_LU,forecast_load,Forecasted Load,2026-07-27T20:08:22Z
2026-07-27T20:06:34Z,2026-07-27T22:06:34+0200,cc602197-a7f8-43dc-ae7f-8e28dc2e9571,2026-06-29T04:15:00Z,2026-06-29T06:15:00+0200,52953.88417,MW,DE,DE_LU,forecast_load,Forecasted Load,2026-07-27T20:08:22Z
2026-07-27T20:06:34Z,2026-07-27T22:06:34+0200,cc602197-a7f8-43dc-ae7f-8e28dc2e9571,2026-06-29T04:30:00Z,2026-06-29T06:30:00+0200,54246.821837,MW,DE,DE_LU,forecast_load,Forecasted Load,2026-07-27T20:08:22Z
2026-07-27T20:06:34Z,2026-07-27T22:06:34+0200,cc602197-a7f8-43dc-ae7f-8e28dc2e9571,2026-06-29T04:45:00Z,2026-06-29T06:45:00+0200,55602.354605,MW,DE,DE_LU,forecast_load,Forecasted Load,2026-07-27T20:08:22Z
2026-07-27T20:06:34Z,2026-07-27T22:06:34+0200,cc602197-a7f8-43dc-ae7f-8e28dc2e9571,2026-06-29T05:00:00Z,2026-06-29T07:00:00+0200,57334.018701,MW,DE,DE_LU,forecast_load,Forecasted Load,2026-07-27T20:08:22Z
2026-07-27T20:06:34Z,2026-07-27T22:06:34+0200,cc602197-a7f8-43dc-ae7f-8e28dc2e9571,2026-06-29T05:15:00Z,2026-06-29T07:15:00+0200,58377.615807,MW,DE,DE_LU,forecast_load,Forecasted Load,2026-07-27T20:08:22Z
2026-07-27T20:06:34Z,2026-07-27T22:06:34+0200,cc602197-a7f8-43dc-ae7f-8e28dc2e9571,2026-06-29T05:30:00Z,2026-06-29T07:30:00+0200,59592.320512,MW,DE,DE_LU,forecast_load,Forecasted Load,2026-07-27T20:08:22Z
2026-07-27T20:06:34Z,2026-07-27T22:06:34+0200,cc602197-a7f8-43dc-ae7f-8e28dc2e9571,2026-06-29T05:45:00Z,2026-06-29T07:45:00+0200,60288.360538,MW,DE,DE_LU,forecast_load,Forecasted Load,2026-07-27T20:08:22Z
2026-07-27T20:06:34Z,2026-07-27T22:06:34+0200,cc602197-a7f8-43dc-ae7f-8e28dc2e9571,2026-06-29T06:00:00Z,2026-06-29T08:00:00+0200,61099.160572,MW,DE,DE_LU,forecast_load,Forecasted Load,2026-07-27T20:08:22Z
2026-07-27T20:06:34Z,2026-07-27T22:06:34+0200,cc602197-a7f8-43dc-ae7f-8e28dc2e9571,2026-06-29T06:15:00Z,2026-06-29T08:15:00+0200,61796.342419,MW,DE,DE_LU,forecast_load,Forecasted Load,2026-07-27T20:08:22Z
2026-07-27T20:06:34Z,2026-07-27T22:06:34+0200,cc602197-a7f8-43dc-ae7f-8e28dc2e9571,2026-06-29T06:30:00Z,2026-06-29T08:30:00+0200,62422.765066,MW,DE,DE_LU,forecast_load,Forecasted Load,2026-07-27T20:08:22Z
2026-07-27T20:06:34Z,2026-07-27T22:06:34+0200,cc602197-a7f8-43dc-ae7f-8e28dc2e9571,2026-06-29T06:45:00Z,2026-06-29T08:45:00+0200,62871.926994,MW,DE,DE_LU,forecast_load,Forecasted Load,2026-07-27T20:08:22Z
2026-07-27T20:06:34Z,2026-07-27T22:06:34+0200,cc602197-a7f8-43dc-ae7f-8e28dc2e9571,2026-06-29T07:00:00Z,2026-06-29T09:00:00+0200,62626.072979,MW,DE,DE_LU,forecast_load,Forecasted Load,2026-07-27T20:08:22Z
2026-07-27T20:06:34Z,2026-07-27T22:06:34+0200,cc602197-a7f8-43dc-ae7f-8e28dc2e9571,2026-06-29T07:15:00Z,2026-06-29T09:15:00+0200,62836.374563,MW,DE,DE_LU,forecast_load,Forecasted Load,2026-07-27T20:08:22Z
2026-07-27T20:06:34Z,2026-07-27T22:06:34+0200,cc602197-a7f8-43dc-ae7f-8e28dc2e9571,2026-06-29T07:30:00Z,2026-06-29T09:30:00+0200,62795.22217,MW,DE,DE_LU,forecast_load,Forecasted Load,2026-07-27T20:08:22Z
2026-07-27T20:06:34Z,2026-07-27T22:06:34+0200,cc602197-a7f8-43dc-ae7f-8e28dc2e9571,2026-06-29T07:45:00Z,2026-06-29T09:45:00+0200,63144.292264,MW,DE,DE_LU,forecast_load,Forecasted Load,2026-07-27T20:08:22Z
2026-07-27T20:06:34Z,2026-07-27T22:06:34+0200,cc602197-a7f8-43dc-ae7f-8e28dc2e9571,2026-06-29T08:00:00Z,2026-06-29T10:00:00+0200,62607.136086,MW,DE,DE_LU,forecast_load,Forecasted Load,2026-07-27T20:08:22Z
2026-07-27T20:06:34Z,2026-07-27T22:06:34+0200,cc602197-a7f8-43dc-ae7f-8e28dc2e9571,2026-06-29T08:15:00Z,2026-06-29T10:15:00+0200,61609.766331,MW,DE,DE_LU,forecast_load,Forecasted Load,2026-07-27T20:08:22Z
2026-07-27T20:06:34Z,2026-07-27T22:06:34+0200,cc602197-a7f8-43dc-ae7f-8e28dc2e9571,2026-06-29T08:30:00Z,2026-06-29T10:30:00+0200,62376.136017,MW,DE,DE_LU,forecast_load,Forecasted Load,2026-07-27T20:08:22Z
2026-07-27T20:06:34Z,2026-07-27T22:06:34+0200,cc602197-a7f8-43dc-ae7f-8e28dc2e9571,2026-06-29T08:45:00Z,2026-06-29T10:45:00+0200,62001.344626,MW,DE,DE_LU,forecast_load,Forecasted Load,2026-07-27T20:08:22Z
2026-07-27T20:06:34Z,2026-07-27T22:06:34+0200,cc602197-a7f8-43dc-ae7f-8e28dc2e9571,2026-06-29T09:00:00Z,2026-06-29T11:00:00+0200,62105.956284,MW,DE,DE_LU,forecast_load,Forecasted Load,2026-07-27T20:08:22Z
2026-07-27T20:06:34Z,2026-07-27T22:06:34+0200,cc602197-a7f8-43dc-ae7f-8e28dc2e9571,2026-06-29T09:15:00Z,2026-06-29T11:15:00+0200,62194.175398,MW,DE,DE_LU,forecast_load,Forecasted Load,2026-07-27T20:08:22Z
2026-07-27T20:06:34Z,2026-07-27T22:06:34+0200,cc602197-a7f8-43dc-ae7f-8e28dc2e9571,2026-06-29T09:30:00Z,2026-06-29T11:30:00+0200,62358.492849,MW,DE,DE_LU,forecast_load,Forecasted Load,2026-07-27T20:08:22Z
2026-07-27T20:06:34Z,2026-07-27T22:06:34+0200,cc602197-a7f8-43dc-ae7f-8e28dc2e9571,2026-06-29T09:45:00Z,2026-06-29T11:45:00+0200,62285.317105,MW,DE,DE_LU,forecast_load,Forecasted Load,2026-07-27T20:08:22Z
2026-07-27T20:06:34Z,2026-07-27T22:06:34+0200,cc602197-a7f8-43dc-ae7f-8e28dc2e9571,2026-06-29T10:00:00Z,2026-06-29T12:00:00+0200,61791.13953,MW,DE,DE_LU,forecast_load,Forecasted Load,2026-07-27T20:08:22Z
2026-07-27T20:06:34Z,2026-07-27T22:06:34+0200,cc602197-a7f8-43dc-ae7f-8e28dc2e9571,2026-06-29T10:15:00Z,2026-06-29T12:15:00+0200,62191.301152,MW,DE,DE_LU,forecast_load,Forecasted Load,2026-07-27T20:08:22Z
2026-07-27T20:06:34Z,2026-07-27T22:06:34+0200,cc602197-a7f8-43dc-ae7f-8e28dc2e9571,2026-06-29T10:30:00Z,2026-06-29T12:30:00+0200,62288.547355,MW,DE,DE_LU,forecast_load,Forecasted Load,2026-07-27T20:08:22Z
2026-07-27T20:06:34Z,2026-07-27T22:06:34+0200,cc602197-a7f8-43dc-ae7f-8e28dc2e9571,2026-06-29T10:45:00Z,2026-06-29T12:45:00+0200,61805.936109,MW,DE,DE_LU,forecast_load,Forecasted Load,2026-07-27T20:08:22Z
2026-07-27T20:06:34Z,2026-07-27T22:06:34+0200,cc602197-a7f8-43dc-ae7f-8e28dc2e9571,2026-06-29T11:00:00Z,2026-06-29T13:00:00+0200,61542.925209,MW,DE,DE_LU,forecast_load,Forecasted Load,2026-07-27T20:08:22Z
2026-07-27T20:06:34Z,2026-07-27T22:06:34+0200,cc602197-a7f8-43dc-ae7f-8e28dc2e9571,2026-06-29T11:15:00Z,2026-06-29T13:15:00+0200,61318.533582,MW,DE,DE_LU,forecast_load,Forecasted Load,2026-07-27T20:08:22Z
2026-07-27T20:06:34Z,2026-07-27T22:06:34+0200,cc602197-a7f8-43dc-ae7f-8e28dc2e9571,2026-06-29T11:30:00Z,2026-06-29T13:30:00+0200,61278.195221,MW,DE,DE_LU,forecast_load,Forecasted Load,2026-07-27T20:08:22Z
2026-07-27T20:06:34Z,2026-07-27T22:06:34+0200,cc602197-a7f8-43dc-ae7f-8e28dc2e9571,2026-06-29T11:45:00Z,2026-06-29T13:45:00+0200,60725.409927,MW,DE,DE_LU,forecast_load,Forecasted Load,2026-07-27T20:08:22Z
2026-07-27T20:06:34Z,2026-07-27T22:06:34+0200,cc602197-a7f8-43dc-ae7f-8e28dc2e9571,2026-06-29T12:00:00Z,2026-06-29T14:00:00+0200,60706.422266,MW,DE,DE_LU,forecast_load,Forecasted Load,2026-07-27T20:08:22Z
2026-07-27T20:06:34Z,2026-07-27T22:06:34+0200,cc602197-a7f8-43dc-ae7f-8e28dc2e9571,2026-06-29T12:15:00Z,2026-06-29T14:15:00+0200,60302.739138,MW,DE,DE_LU,forecast_load,Forecasted Load,2026-07-27T20:08:22Z
2026-07-27T20:06:34Z,2026-07-27T22:06:34+0200,cc602197-a7f8-43dc-ae7f-8e28dc2e9571,2026-06-29T12:30:00Z,2026-06-29T14:30:00+0200,60004.272972,MW,DE,DE_LU,forecast_load,Forecasted Load,2026-07-27T20:08:22Z
2026-07-27T20:06:34Z,2026-07-27T22:06:34+0200,cc602197-a7f8-43dc-ae7f-8e28dc2e9571,2026-06-29T12:45:00Z,2026-06-29T14:45:00+0200,59639.926072,MW,DE,DE_LU,forecast_load,Forecasted Load,2026-07-27T20:08:22Z
2026-07-27T20:06:34Z,2026-07-27T22:06:34+0200,cc602197-a7f8-43dc-ae7f-8e28dc2e9571,2026-06-29T13:00:00Z,2026-06-29T15:00:00+0200,59137.210418,MW,DE,DE_LU,forecast_load,Forecasted Load,2026-07-27T20:08:22Z
2026-07-27T20:06:34Z,2026-07-27T22:06:34+0200,cc602197-a7f8-43dc-ae7f-8e28dc2e9571,2026-06-29T13:15:00Z,2026-06-29T15:15:00+0200,59474.495611,MW,DE,DE_LU,forecast_load,Forecasted Load,2026-07-27T20:08:22Z
2026-07-27T20:06:34Z,2026-07-27T22:06:34+0200,cc602197-a7f8-43dc-ae7f-8e28dc2e9571,2026-06-29T13:30:00Z,2026-06-29T15:30:00+0200,58845.204752,MW,DE,DE_LU,forecast_load,Forecasted Load,2026-07-27T20:08:22Z
2026-07-27T20:06:34Z,2026-07-27T22:06:34+0200,cc602197-a7f8-43dc-ae7f-8e28dc2e9571,2026-06-29T13:45:00Z,2026-06-29T15:45:00+0200,58604.185531,MW,DE,DE_LU,forecast_load,Forecasted Load,2026-07-27T20:08:22Z
2026-07-27T20:06:34Z,2026-07-27T22:06:34+0200,cc602197-a7f8-43dc-ae7f-8e28dc2e9571,2026-06-29T14:00:00Z,2026-06-29T16:00:00+0200,59094.848219,MW,DE,DE_LU,forecast_load,Forecasted Load,2026-07-27T20:08:22Z
2026-07-27T20:06:34Z,2026-07-27T22:06:34+0200,cc602197-a7f8-43dc-ae7f-8e28dc2e9571,2026-06-29T14:15:00Z,2026-06-29T16:15:00+0200,58453.463335,MW,DE,DE_LU,forecast_load,Forecasted Load,2026-07-27T20:08:22Z
2026-07-27T20:06:34Z,2026-07-27T22:06:34+0200,cc602197-a7f8-43dc-ae7f-8e28dc2e9571,2026-06-29T14:30:00Z,2026-06-29T16:30:00+0200,58383.180299,MW,DE,DE_LU,forecast_load,Forecasted Load,2026-07-27T20:08:22Z
2026-07-27T20:06:34Z,2026-07-27T22:06:34+0200,cc602197-a7f8-43dc-ae7f-8e28dc2e9571,2026-06-29T14:45:00Z,2026-06-29T16:45:00+0200,58220.082347,MW,DE,DE_LU,forecast_load,Forecasted Load,2026-07-27T20:08:22Z
2026-07-27T20:06:34Z,2026-07-27T22:06:34+0200,cc602197-a7f8-43dc-ae7f-8e28dc2e9571,2026-06-29T15:00:00Z,2026-06-29T17:00:00+0200,58501.758583,MW,DE,DE_LU,forecast_load,Forecasted Load,2026-07-27T20:08:22Z
2026-07-27T20:06:34Z,2026-07-27T22:06:34+0200,cc602197-a7f8-43dc-ae7f-8e28dc2e9571,2026-06-29T15:15:00Z,2026-06-29T17:15:00+0200,58775.33447,MW,DE,DE_LU,forecast_load,Forecasted Load,2026-07-27T20:08:22Z
2026-07-27T20:06:34Z,2026-07-27T22:06:34+0200,cc602197-a7f8-43dc-ae7f-8e28dc2e9571,2026-06-29T15:30:00Z,2026-06-29T17:30:00+0200,59237.311344,MW,DE,DE_LU,forecast_load,Forecasted Load,2026-07-27T20:08:22Z
2026-07-27T20:06:34Z,2026-07-27T22:06:34+0200,cc602197-a7f8-43dc-ae7f-8e28dc2e9571,2026-06-29T15:45:00Z,2026-06-29T17:45:00+0200,59623.433912,MW,DE,DE_LU,forecast_load,Forecasted Load,2026-07-27T20:08:22Z
2026-07-27T20:06:34Z,2026-07-27T22:06:34+0200,cc602197-a7f8-43dc-ae7f-8e28dc2e9571,2026-06-29T16:00:00Z,2026-06-29T18:00:00+0200,60067.549762,MW,DE,DE_LU,forecast_load,Forecasted Load,2026-07-27T20:08:22Z
2026-07-27T20:06:34Z,2026-07-27T22:06:34+0200,cc602197-a7f8-43dc-ae7f-8e28dc2e9571,2026-06-29T16:15:00Z,2026-06-29T18:15:00+0200,60657.587363,MW,DE,DE_LU,forecast_load,Forecasted Load,2026-07-27T20:08:22Z
2026-07-27T20:06:34Z,2026-07-27T22:06:34+0200,cc602197-a7f8-43dc-ae7f-8e28dc2e9571,2026-06-29T16:30:00Z,2026-06-29T18:30:00+0200,60634.184021,MW,DE,DE_LU,forecast_load,Forecasted Load,2026-07-27T20:08:22Z
2026-07-27T20:06:34Z,2026-07-27T22:06:34+0200,cc602197-a7f8-43dc-ae7f-8e28dc2e9571,2026-06-29T16:45:00Z,2026-06-29T18:45:00+0200,60645.87004,MW,DE,DE_LU,forecast_load,Forecasted Load,2026-07-27T20:08:22Z
2026-07-27T20:06:34Z,2026-07-27T22:06:34+0200,cc602197-a7f8-43dc-ae7f-8e28dc2e9571,2026-06-29T17:00:00Z,2026-06-29T19:00:00+0200,61023.023059,MW,DE,DE_LU,forecast_load,Forecasted Load,2026-07-27T20:08:22Z
2026-07-27T20:06:34Z,2026-07-27T22:06:34+0200,cc602197-a7f8-43dc-ae7f-8e28dc2e9571,2026-06-29T17:15:00Z,2026-06-29T19:15:00+0200,61103.149829,MW,DE,DE_LU,forecast_load,Forecasted Load,2026-07-27T20:08:22Z
2026-07-27T20:06:34Z,2026-07-27T22:06:34+0200,cc602197-a7f8-43dc-ae7f-8e28dc2e9571,2026-06-29T17:30:00Z,2026-06-29T19:30:00+0200,61327.606899,MW,DE,DE_LU,forecast_load,Forecasted Load,2026-07-27T20:08:22Z
2026-07-27T20:06:34Z,2026-07-27T22:06:34+0200,cc602197-a7f8-43dc-ae7f-8e28dc2e9571,2026-06-29T17:45:00Z,2026-06-29T19:45:00+0200,60735.271818,MW,DE,DE_LU,forecast_load,Forecasted Load,2026-07-27T20:08:22Z
2026-07-27T20:06:34Z,2026-07-27T22:06:34+0200,cc602197-a7f8-43dc-ae7f-8e28dc2e9571,2026-06-29T18:00:00Z,2026-06-29T20:00:00+0200,60097.782554,MW,DE,DE_LU,forecast_load,Forecasted Load,2026-07-27T20:08:22Z
2026-07-27T20:06:34Z,2026-07-27T22:06:34+0200,cc602197-a7f8-43dc-ae7f-8e28dc2e9571,2026-06-29T18:15:00Z,2026-06-29T20:15:00+0200,60144.067828,MW,DE,DE_LU,forecast_load,Forecasted Load,2026-07-27T20:08:22Z
2026-07-27T20:06:34Z,2026-07-27T22:06:34+0200,cc602197-a7f8-43dc-ae7f-8e28dc2e9571,2026-06-29T18:30:00Z,2026-06-29T20:30:00+0200,59597.997523,MW,DE,DE_LU,forecast_load,Forecasted Load,2026-07-27T20:08:22Z
2026-07-27T20:06:34Z,2026-07-27T22:06:34+0200,cc602197-a7f8-43dc-ae7f-8e28dc2e9571,2026-06-29T18:45:00Z,2026-06-29T20:45:00+0200,59053.282514,MW,DE,DE_LU,forecast_load,Forecasted Load,2026-07-27T20:08:22Z
2026-07-27T20:06:34Z,2026-07-27T22:06:34+0200,cc602197-a7f8-43dc-ae7f-8e28dc2e9571,2026-06-29T19:00:00Z,2026-06-29T21:00:00+0200,58633.294466,MW,DE,DE_LU,forecast_load,Forecasted Load,2026-07-27T20:08:22Z
2026-07-27T20:06:34Z,2026-07-27T22:06:34+0200,cc602197-a7f8-43dc-ae7f-8e28dc2e9571,2026-06-29T19:15:00Z,2026-06-29T21:15:00+0200,57827.797396,MW,DE,DE_LU,forecast_load,Forecasted Load,2026-07-27T20:08:22Z
2026-07-27T20:06:34Z,2026-07-27T22:06:34+0200,cc602197-a7f8-43dc-ae7f-8e28dc2e9571,2026-06-29T19:30:00Z,2026-06-29T21:30:00+0200,57291.584453,MW,DE,DE_LU,forecast_load,Forecasted Load,2026-07-27T20:08:22Z
2026-07-27T20:06:34Z,2026-07-27T22:06:34+0200,cc602197-a7f8-43dc-ae7f-8e28dc2e9571,2026-06-29T19:45:00Z,2026-06-29T21:45:00+0200,56862.894915,MW,DE,DE_LU,forecast_load,Forecasted Load,2026-07-27T20:08:22Z
2026-07-27T20:06:34Z,2026-07-27T22:06:34+0200,cc602197-a7f8-43dc-ae7f-8e28dc2e9571,2026-06-29T20:00:00Z,2026-06-29T22:00:00+0200,55880.002846,MW,DE,DE_LU,forecast_load,Forecasted Load,2026-07-27T20:08:22Z
2026-07-27T20:06:34Z,2026-07-27T22:06:34+0200,cc602197-a7f8-43dc-ae7f-8e28dc2e9571,2026-06-29T20:15:00Z,2026-06-29T22:15:00+0200,55207.801368,MW,DE,DE_LU,forecast_load,Forecasted Load,2026-07-27T20:08:22Z
2026-07-27T20:06:34Z,2026-07-27T22:06:34+0200,cc602197-a7f8-43dc-ae7f-8e28dc2e9571,2026-06-29T20:30:00Z,2026-06-29T22:30:00+0200,54372.33711,MW,DE,DE_LU,forecast_load,Forecasted Load,2026-07-27T20:08:22Z
2026-07-27T20:06:34Z,2026-07-27T22:06:34+0200,cc602197-a7f8-43dc-ae7f-8e28dc2e9571,2026-06-29T20:45:00Z,2026-06-29T22:45:00+0200,53712.751913,MW,DE,DE_LU,forecast_load,Forecasted Load,2026-07-27T20:08:22Z
2026-07-27T20:06:34Z,2026-07-27T22:06:34+0200,cc602197-a7f8-43dc-ae7f-8e28dc2e9571,2026-06-29T21:00:00Z,2026-06-29T23:00:00+0200,52595.432585,MW,DE,DE_LU,forecast_load,Forecasted Load,2026-07-27T20:08:22Z
2026-07-27T20:06:34Z,2026-07-27T22:06:34+0200,cc602197-a7f8-43dc-ae7f-8e28dc2e9571,2026-06-29T21:15:00Z,2026-06-29T23:15:00+0200,51907.627966,MW,DE,DE_LU,forecast_load,Forecasted Load,2026-07-27T20:08:22Z
2026-07-27T20:06:34Z,2026-07-27T22:06:34+0200,cc602197-a7f8-43dc-ae7f-8e28dc2e9571,2026-06-29T21:30:00Z,2026-06-29T23:30:00+0200,51305.176019,MW,DE,DE_LU,forecast_load,Forecasted Load,2026-07-27T20:08:22Z
2026-07-27T20:06:34Z,2026-07-27T22:06:34+0200,cc602197-a7f8-43dc-ae7f-8e28dc2e9571,2026-06-29T21:45:00Z,2026-06-29T23:45:00+0200,50610.489157,MW,DE,DE_LU,forecast_load,Forecasted Load,2026-07-27T20:08:22Z
2026-07-27T20:06:34Z,2026-07-27T22:06:34+0200,cc602197-a7f8-43dc-ae7f-8e28dc2e9571,2026-06-29T22:00:00Z,2026-06-30T00:00:00+0200,49521.827081,MW,DE,DE_LU,forecast_load,Forecasted Load,2026-07-27T20:08:22Z
2026-07-27T20:06:34Z,2026-07-27T22:06:34+0200,cc602197-a7f8-43dc-ae7f-8e28dc2e9571,2026-06-29T22:15:00Z,2026-06-30T00:15:00+0200,48787.894148,MW,DE,DE_LU,forecast_load,Forecasted Load,2026-07-27T20:08:22Z
2026-07-27T20:06:34Z,2026-07-27T22:06:34+0200,cc602197-a7f8-43dc-ae7f-8e28dc2e9571,2026-06-29T22:30:00Z,2026-06-30T00:30:00+0200,48229.721159,MW,DE,DE_LU,forecast_load,Forecasted Load,2026-07-27T20:08:22Z
2026-07-27T20:06:34Z,2026-07-27T22:06:34+0200,cc602197-a7f8-43dc-ae7f-8e28dc2e9571,2026-06-29T22:45:00Z,2026-06-30T00:45:00+0200,47708.320762,MW,DE,DE_LU,forecast_load,Forecasted Load,2026-07-27T20:08:22Z
2026-07-27T20:06:34Z,2026-07-27T22:06:34+0200,cc602197-a7f8-43dc-ae7f-8e28dc2e9571,2026-06-29T23:00:00Z,2026-06-30T01:00:00+0200,47380.040385,MW,DE,DE_LU,forecast_load,Forecasted Load,2026-07-27T20:08:22Z
2026-07-27T20:06:34Z,2026-07-27T22:06:34+0200,cc602197-a7f8-43dc-ae7f-8e28dc2e9571,2026-06-29T23:15:00Z,2026-06-30T01:15:00+0200,46760.205139,MW,DE,DE_LU,forecast_load,Forecasted Load,2026-07-27T20:08:22Z
2026-07-27T20:06:34Z,2026-07-27T22:06:34+0200,cc602197-a7f8-43dc-ae7f-8e28dc2e9571,2026-06-29T23:30:00Z,2026-06-30T01:30:00+0200,46523.110928,MW,DE,DE_LU,forecast_load,Forecasted Load,2026-07-27T20:08:22Z
2026-07-27T20:06:34Z,2026-07-27T22:06:34+0200,cc602197-a7f8-43dc-ae7f-8e28dc2e9571,2026-06-29T23:45:00Z,2026-06-30T01:45:00+0200,46258.54061,MW,DE,DE_LU,forecast_load,Forecasted Load,2026-07-27T20:08:22Z
2026-07-27T20:06:34Z,2026-07-27T22:06:34+0200,cc602197-a7f8-43dc-ae7f-8e28dc2e9571,2026-06-30T00:00:00Z,2026-06-30T02:00:00+0200,45853.651528,MW,DE,DE_LU,forecast_load,Forecasted Load,2026-07-27T20:08:22Z
2026-07-27T20:06:34Z,2026-07-27T22:06:34+0200,cc602197-a7f8-43dc-ae7f-8e28dc2e9571,2026-06-30T00:15:00Z,2026-06-30T02:15:00+0200,45602.621732,MW,DE,DE_LU,forecast_load,Forecasted Load,2026-07-27T20:08:22Z
2026-07-27T20:06:34Z,2026-07-27T22:06:34+0200,cc602197-a7f8-43dc-ae7f-8e28dc2e9571,2026-06-30T00:30:00Z,2026-06-30T02:30:00+0200,45460.360955,MW,DE,DE_LU,forecast_load,Forecasted Load,2026-07-27T20:08:22Z
2026-07-27T20:06:34Z,2026-07-27T22:06:34+0200,cc602197-a7f8-43dc-ae7f-8e28dc2e9571,2026-06-30T00:45:00Z,2026-06-30T02:45:00+0200,45469.729054,MW,DE,DE_LU,forecast_load,Forecasted Load,2026-07-27T20:08:22Z
2026-07-27T20:06:34Z,2026-07-27T22:06:34+0200,cc602197-a7f8-43dc-ae7f-8e28dc2e9571,2026-06-30T01:00:00Z,2026-06-30T03:00:00+0200,45316.156709,MW,DE,DE_LU,forecast_load,Forecasted Load,2026-07-27T20:08:22Z
2026-07-27T20:06:34Z,2026-07-27T22:06:34+0200,cc602197-a7f8-43dc-ae7f-8e28dc2e9571,2026-06-30T01:15:00Z,2026-06-30T03:15:00+0200,45590.452855,MW,DE,DE_LU,forecast_load,Forecasted Load,2026-07-27T20:08:22Z
2026-07-27T20:06:34Z,2026-07-27T22:06:34+0200,cc602197-a7f8-43dc-ae7f-8e28dc2e9571,2026-06-30T01:30:00Z,2026-06-30T03:30:00+0200,45562.710935,MW,DE,DE_LU,forecast_load,Forecasted Load,2026-07-27T20:08:22Z
2026-07-27T20:06:34Z,2026-07-27T22:06:34+0200,cc602197-a7f8-43dc-ae7f-8e28dc2e9571,2026-06-30T01:45:00Z,2026-06-30T03:45:00+0200,45575.422019,MW,DE,DE_LU,forecast_load,Forecasted Load,2026-07-27T20:08:22Z
2026-07-27T20:06:34Z,2026-07-27T22:06:34+0200,cc602197-a7f8-43dc-ae7f-8e28dc2e9571,2026-06-30T02:00:00Z,2026-06-30T04:00:00+0200,46078.108557,MW,DE,DE_LU,forecast_load,Forecasted Load,2026-07-27T20:08:22Z
2026-07-27T20:06:34Z,2026-07-27T22:06:34+0200,cc602197-a7f8-43dc-ae7f-8e28dc2e9571,2026-06-30T02:15:00Z,2026-06-30T04:15:00+0200,46200.525142,MW,DE,DE_LU,forecast_load,Forecasted Load,2026-07-27T20:08:22Z
2026-07-27T20:06:34Z,2026-07-27T22:06:34+0200,cc602197-a7f8-43dc-ae7f-8e28dc2e9571,2026-06-30T02:30:00Z,2026-06-30T04:30:00+0200,46677.591089,MW,DE,DE_LU,forecast_load,Forecasted Load,2026-07-27T20:08:22Z
2026-07-27T20:06:34Z,2026-07-27T22:06:34+0200,cc602197-a7f8-43dc-ae7f-8e28dc2e9571,2026-06-30T02:45:00Z,2026-06-30T04:45:00+0200,47127.71419,MW,DE,DE_LU,forecast_load,Forecasted Load,2026-07-27T20:08:22Z
2026-07-27T20:06:34Z,2026-07-27T22:06:34+0200,cc602197-a7f8-43dc-ae7f-8e28dc2e9571,2026-06-30T03:00:00Z,2026-06-30T05:00:00+0200,48084.131542,MW,DE,DE_LU,forecast_load,Forecasted Load,2026-07-27T20:08:22Z
2026-07-27T20:06:34Z,2026-07-27T22:06:34+0200,cc602197-a7f8-43dc-ae7f-8e28dc2e9571,2026-06-30T03:15:00Z,2026-06-30T05:15:00+0200,48373.302542,MW,DE,DE_LU,forecast_load,Forecasted Load,2026-07-27T20:08:22Z
2026-07-27T20:06:34Z,2026-07-27T22:06:34+0200,cc602197-a7f8-43dc-ae7f-8e28dc2e9571,2026-06-30T03:30:00Z,2026-06-30T05:30:00+0200,49288.968617,MW,DE,DE_LU,forecast_load,Forecasted Load,2026-07-27T20:08:22Z
2026-07-27T20:06:34Z,2026-07-27T22:06:34+0200,cc602197-a7f8-43dc-ae7f-8e28dc2e9571,2026-06-30T03:45:00Z,2026-06-30T05:45:00+0200,50580.636311,MW,DE,DE_LU,forecast_load,Forecasted Load,2026-07-27T20:08:22Z
2026-07-27T20:06:34Z,2026-07-27T22:06:34+0200,cc602197-a7f8-43dc-ae7f-8e28dc2e9571,2026-06-30T04:00:00Z,2026-06-30T06:00:00+0200,53255.847646,MW,DE,DE_LU,forecast_load,Forecasted Load,2026-07-27T20:08:22Z
2026-07-27T20:06:34Z,2026-07-27T22:06:34+0200,cc602197-a7f8-43dc-ae7f-8e28dc2e9571,2026-06-30T04:15:00Z,2026-06-30T06:15:00+0200,54251.133947,MW,DE,DE_LU,forecast_load,Forecasted Load,2026-07-27T20:08:22Z
2026-07-27T20:06:34Z,2026-07-27T22:06:34+0200,cc602197-a7f8-43dc-ae7f-8e28dc2e9571,2026-06-30T04:30:00Z,2026-06-30T06:30:00+0200,55813.187693,MW,DE,DE_LU,forecast_load,Forecasted Load,2026-07-27T20:08:22Z
2026-07-27T20:06:34Z,2026-07-27T22:06:34+0200,cc602197-a7f8-43dc-ae7f-8e28dc2e9571,2026-06-30T04:45:00Z,2026-06-30T06:45:00+0200,57046.386893,MW,DE,DE_LU,forecast_load,Forecasted Load,2026-07-27T20:08:22Z
2026-07-27T20:06:34Z,2026-07-27T22:06:34+0200,cc602197-a7f8-43dc-ae7f-8e28dc2e9571,2026-06-30T05:00:00Z,2026-06-30T07:00:00+0200,58237.990329,MW,DE,DE_LU,forecast_load,Forecasted Load,2026-07-27T20:08:22Z
2026-07-27T20:06:34Z,2026-07-27T22:06:34+0200,cc602197-a7f8-43dc-ae7f-8e28dc2e9571,2026-06-30T05:15:00Z,2026-06-30T07:15:00+0200,59481.972279,MW,DE,DE_LU,forecast_load,Forecasted Load,2026-07-27T20:08:22Z
2026-07-27T20:06:34Z,2026-07-27T22:06:34+0200,cc602197-a7f8-43dc-ae7f-8e28dc2e9571,2026-06-30T05:30:00Z,2026-06-30T07:30:00+0200,60422.421269,MW,DE,DE_LU,forecast_load,Forecasted Load,2026-07-27T20:08:22Z
2026-07-27T20:06:34Z,2026-07-27T22:06:34+0200,cc602197-a7f8-43dc-ae7f-8e28dc2e9571,2026-06-30T05:45:00Z,2026-06-30T07:45:00+0200,61351.110621,MW,DE,DE_LU,forecast_load,Forecasted Load,2026-07-27T20:08:22Z
2026-07-27T20:06:34Z,2026-07-27T22:06:34+0200,cc602197-a7f8-43dc-ae7f-8e28dc2e9571,2026-06-30T06:00:00Z,2026-06-30T08:00:00+0200,61613.210771,MW,DE,DE_LU,forecast_load,Forecasted Load,2026-07-27T20:08:22Z
2026-07-27T20:06:34Z,2026-07-27T22:06:34+0200,cc602197-a7f8-43dc-ae7f-8e28dc2e9571,2026-06-30T06:15:00Z,2026-06-30T08:15:00+0200,61900.162265,MW,DE,DE_LU,forecast_load,Forecasted Load,2026-07-27T20:08:22Z
2026-07-27T20:06:34Z,2026-07-27T22:06:34+0200,cc602197-a7f8-43dc-ae7f-8e28dc2e9571,2026-06-30T06:30:00Z,2026-06-30T08:30:00+0200,62573.685113,MW,DE,DE_LU,forecast_load,Forecasted Load,2026-07-27T20:08:22Z
2026-07-27T20:06:34Z,2026-07-27T22:06:34+0200,cc602197-a7f8-43dc-ae7f-8e28dc2e9571,2026-06-30T06:45:00Z,2026-06-30T08:45:00+0200,62842.680299,MW,DE,DE_LU,forecast_load,Forecasted Load,2026-07-27T20:08:22Z
2026-07-27T20:06:34Z,2026-07-27T22:06:34+0200,cc602197-a7f8-43dc-ae7f-8e28dc2e9571,2026-06-30T07:00:00Z,2026-06-30T09:00:00+0200,62607.971671,MW,DE,DE_LU,forecast_load,Forecasted Load,2026-07-27T20:08:22Z
2026-07-27T20:06:34Z,2026-07-27T22:06:34+0200,cc602197-a7f8-43dc-ae7f-8e28dc2e9571,2026-06-30T07:15:00Z,2026-06-30T09:15:00+0200,62788.336659,MW,DE,DE_LU,forecast_load,Forecasted Load,2026-07-27T20:08:22Z
2026-07-27T20:06:34Z,2026-07-27T22:06:34+0200,cc602197-a7f8-43dc-ae7f-8e28dc2e9571,2026-06-30T07:30:00Z,2026-06-30T09:30:00+0200,63182.961744,MW,DE,DE_LU,forecast_load,Forecasted Load,2026-07-27T20:08:22Z
2026-07-27T20:06:34Z,2026-07-27T22:06:34+0200,cc602197-a7f8-43dc-ae7f-8e28dc2e9571,2026-06-30T07:45:00Z,2026-06-30T09:45:00+0200,62727.343837,MW,DE,DE_LU,forecast_load,Forecasted Load,2026-07-27T20:08:22Z
2026-07-27T20:06:34Z,2026-07-27T22:06:34+0200,cc602197-a7f8-43dc-ae7f-8e28dc2e9571,2026-06-30T08:00:00Z,2026-06-30T10:00:00+0200,62981.008844,MW,DE,DE_LU,forecast_load,Forecasted Load,2026-07-27T20:08:22Z
2026-07-27T20:06:34Z,2026-07-27T22:06:34+0200,cc602197-a7f8-43dc-ae7f-8e28dc2e9571,2026-06-30T08:15:00Z,2026-06-30T10:15:00+0200,62964.982506,MW,DE,DE_LU,forecast_load,Forecasted Load,2026-07-27T20:08:22Z
2026-07-27T20:06:34Z,2026-07-27T22:06:34+0200,cc602197-a7f8-43dc-ae7f-8e28dc2e9571,2026-06-30T08:30:00Z,2026-06-30T10:30:00+0200,62708.266355,MW,DE,DE_LU,forecast_load,Forecasted Load,2026-07-27T20:08:22Z
2026-07-27T20:06:34Z,2026-07-27T22:06:34+0200,cc602197-a7f8-43dc-ae7f-8e28dc2e9571,2026-06-30T08:45:00Z,2026-06-30T10:45:00+0200,63047.023011,MW,DE,DE_LU,forecast_load,Forecasted Load,2026-07-27T20:08:22Z
2026-07-27T20:06:34Z,2026-07-27T22:06:34+0200,cc602197-a7f8-43dc-ae7f-8e28dc2e9571,2026-06-30T09:00:00Z,2026-06-30T11:00:00+0200,62821.017243,MW,DE,DE_LU,forecast_load,Forecasted Load,2026-07-27T20:08:22Z
2026-07-27T20:06:34Z,2026-07-27T22:06:34+0200,cc602197-a7f8-43dc-ae7f-8e28dc2e9571,2026-06-30T09:15:00Z,2026-06-30T11:15:00+0200,62561.297709,MW,DE,DE_LU,forecast_load,Forecasted Load,2026-07-27T20:08:22Z
2026-07-27T20:06:34Z,2026-07-27T22:06:34+0200,cc602197-a7f8-43dc-ae7f-8e28dc2e9571,2026-06-30T09:30:00Z,2026-06-30T11:30:00+0200,62764.087622,MW,DE,DE_LU,forecast_load,Forecasted Load,2026-07-27T20:08:22Z
2026-07-27T20:06:34Z,2026-07-27T22:06:34+0200,cc602197-a7f8-43dc-ae7f-8e28dc2e9571,2026-06-30T09:45:00Z,2026-06-30T11:45:00+0200,62451.192338,MW,DE,DE_LU,forecast_load,Forecasted Load,2026-07-27T20:08:22Z
2026-07-27T20:06:34Z,2026-07-27T22:06:34+0200,cc602197-a7f8-43dc-ae7f-8e28dc2e9571,2026-06-30T10:00:00Z,2026-06-30T12:00:00+0200,62428.379446,MW,DE,DE_LU,forecast_load,Forecasted Load,2026-07-27T20:08:22Z
2026-07-27T20:06:34Z,2026-07-27T22:06:34+0200,cc602197-a7f8-43dc-ae7f-8e28dc2e9571,2026-06-30T10:15:00Z,2026-06-30T12:15:00+0200,61983.825002,MW,DE,DE_LU,forecast_load,Forecasted Load,2026-07-27T20:08:22Z
2026-07-27T20:06:34Z,2026-07-27T22:06:34+0200,cc602197-a7f8-43dc-ae7f-8e28dc2e9571,2026-06-30T10:30:00Z,2026-06-30T12:30:00+0200,62079.805419,MW,DE,DE_LU,forecast_load,Forecasted Load,2026-07-27T20:08:22Z
2026-07-27T20:06:34Z,2026-07-27T22:06:34+0200,cc602197-a7f8-43dc-ae7f-8e28dc2e9571,2026-06-30T10:45:00Z,2026-06-30T12:45:00+0200,61881.11085,MW,DE,DE_LU,forecast_load,Forecasted Load,2026-07-27T20:08:22Z
2026-07-27T20:06:34Z,2026-07-27T22:06:34+0200,cc602197-a7f8-43dc-ae7f-8e28dc2e9571,2026-06-30T11:00:00Z,2026-06-30T13:00:00+0200,61499.087716,MW,DE,DE_LU,forecast_load,Forecasted Load,2026-07-27T20:08:22Z
2026-07-27T20:06:34Z,2026-07-27T22:06:34+0200,cc602197-a7f8-43dc-ae7f-8e28dc2e9571,2026-06-30T11:15:00Z,2026-06-30T13:15:00+0200,61716.117935,MW,DE,DE_LU,forecast_load,Forecasted Load,2026-07-27T20:08:22Z
2026-07-27T20:06:34Z,2026-07-27T22:06:34+0200,cc602197-a7f8-43dc-ae7f-8e28dc2e9571,2026-06-30T11:30:00Z,2026-06-30T13:30:00+0200,61709.934338,MW,DE,DE_LU,forecast_load,Forecasted Load,2026-07-27T20:08:22Z
2026-07-27T20:06:34Z,2026-07-27T22:06:34+0200,cc602197-a7f8-43dc-ae7f-8e28dc2e9571,2026-06-30T11:45:00Z,2026-06-30T13:45:00+0200,61347.177837,MW,DE,DE_LU,forecast_load,Forecasted Load,2026-07-27T20:08:22Z
2026-07-27T20:06:34Z,2026-07-27T22:06:34+0200,cc602197-a7f8-43dc-ae7f-8e28dc2e9571,2026-06-30T12:00:00Z,2026-06-30T14:00:00+0200,60815.505148,MW,DE,DE_LU,forecast_load,Forecasted Load,2026-07-27T20:08:22Z
2026-07-27T20:06:34Z,2026-07-27T22:06:34+0200,cc602197-a7f8-43dc-ae7f-8e28dc2e9571,2026-06-30T12:15:00Z,2026-06-30T14:15:00+0200,60295.970114,MW,DE,DE_LU,forecast_load,Forecasted Load,2026-07-27T20:08:22Z
2026-07-27T20:06:34Z,2026-07-27T22:06:34+0200,cc602197-a7f8-43dc-ae7f-8e28dc2e9571,2026-06-30T12:30:00Z,2026-06-30T14:30:00+0200,59913.394517,MW,DE,DE_LU,forecast_load,Forecasted Load,2026-07-27T20:08:22Z
2026-07-27T20:06:34Z,2026-07-27T22:06:34+0200,cc602197-a7f8-43dc-ae7f-8e28dc2e9571,2026-06-30T12:45:00Z,2026-06-30T14:45:00+0200,59385.969798,MW,DE,DE_LU,forecast_load,Forecasted Load,2026-07-27T20:08:22Z
2026-07-27T20:06:34Z,2026-07-27T22:06:34+0200,cc602197-a7f8-43dc-ae7f-8e28dc2e9571,2026-06-30T13:00:00Z,2026-06-30T15:00:00+0200,59167.297816,MW,DE,DE_LU,forecast_load,Forecasted Load,2026-07-27T20:08:22Z
2026-07-27T20:06:34Z,2026-07-27T22:06:34+0200,cc602197-a7f8-43dc-ae7f-8e28dc2e9571,2026-06-30T13:15:00Z,2026-06-30T15:15:00+0200,59507.957825,MW,DE,DE_LU,forecast_load,Forecasted Load,2026-07-27T20:08:22Z
2026-07-27T20:06:34Z,2026-07-27T22:06:34+0200,cc602197-a7f8-43dc-ae7f-8e28dc2e9571,2026-06-30T13:30:00Z,2026-06-30T15:30:00+0200,58421.929944,MW,DE,DE_LU,forecast_load,Forecasted Load,2026-07-27T20:08:22Z
2026-07-27T20:06:34Z,2026-07-27T22:06:34+0200,cc602197-a7f8-43dc-ae7f-8e28dc2e9571,2026-06-30T13:45:00Z,2026-06-30T15:45:00+0200,58337.483724,MW,DE,DE_LU,forecast_load,Forecasted Load,2026-07-27T20:08:22Z
2026-07-27T20:06:34Z,2026-07-27T22:06:34+0200,cc602197-a7f8-43dc-ae7f-8e28dc2e9571,2026-06-30T14:00:00Z,2026-06-30T16:00:00+0200,59061.914698,MW,DE,DE_LU,forecast_load,Forecasted Load,2026-07-27T20:08:22Z
2026-07-27T20:06:34Z,2026-07-27T22:06:34+0200,cc602197-a7f8-43dc-ae7f-8e28dc2e9571,2026-06-30T14:15:00Z,2026-06-30T16:15:00+0200,58660.922956,MW,DE,DE_LU,forecast_load,Forecasted Load,2026-07-27T20:08:22Z
2026-07-27T20:06:34Z,2026-07-27T22:06:34+0200,cc602197-a7f8-43dc-ae7f-8e28dc2e9571,2026-06-30T14:30:00Z,2026-06-30T16:30:00+0200,58201.515259,MW,DE,DE_LU,forecast_load,Forecasted Load,2026-07-27T20:08:22Z
2026-07-27T20:06:34Z,2026-07-27T22:06:34+0200,cc602197-a7f8-43dc-ae7f-8e28dc2e9571,2026-06-30T14:45:00Z,2026-06-30T16:45:00+0200,58473.080123,MW,DE,DE_LU,forecast_load,Forecasted Load,2026-07-27T20:08:22Z
2026-07-27T20:06:34Z,2026-07-27T22:06:34+0200,cc602197-a7f8-43dc-ae7f-8e28dc2e9571,2026-06-30T15:00:00Z,2026-06-30T17:00:00+0200,58704.002537,MW,DE,DE_LU,forecast_load,Forecasted Load,2026-07-27T20:08:22Z
2026-07-27T20:06:34Z,2026-07-27T22:06:34+0200,cc602197-a7f8-43dc-ae7f-8e28dc2e9571,2026-06-30T15:15:00Z,2026-06-30T17:15:00+0200,59101.717738,MW,DE,DE_LU,forecast_load,Forecasted Load,2026-07-27T20:08:22Z
2026-07-27T20:06:34Z,2026-07-27T22:06:34+0200,cc602197-a7f8-43dc-ae7f-8e28dc2e9571,2026-06-30T15:30:00Z,2026-06-30T17:30:00+0200,59416.860537,MW,DE,DE_LU,forecast_load,Forecasted Load,2026-07-27T20:08:22Z
2026-07-27T20:06:34Z,2026-07-27T22:06:34+0200,cc602197-a7f8-43dc-ae7f-8e28dc2e9571,2026-06-30T15:45:00Z,2026-06-30T17:45:00+0200,59616.176862,MW,DE,DE_LU,forecast_load,Forecasted Load,2026-07-27T20:08:22Z
2026-07-27T20:06:34Z,2026-07-27T22:06:34+0200,cc602197-a7f8-43dc-ae7f-8e28dc2e9571,2026-06-30T16:00:00Z,2026-06-30T18:00:00+0200,60433.263936,MW,DE,DE_LU,forecast_load,Forecasted Load,2026-07-27T20:08:22Z
2026-07-27T20:06:34Z,2026-07-27T22:06:34+0200,cc602197-a7f8-43dc-ae7f-8e28dc2e9571,2026-06-30T16:15:00Z,2026-06-30T18:15:00+0200,60710.508533,MW,DE,DE_LU,forecast_load,Forecasted Load,2026-07-27T20:08:22Z
2026-07-27T20:06:34Z,2026-07-27T22:06:34+0200,cc602197-a7f8-43dc-ae7f-8e28dc2e9571,2026-06-30T16:30:00Z,2026-06-30T18:30:00+0200,60540.754092,MW,DE,DE_LU,forecast_load,Forecasted Load,2026-07-27T20:08:22Z
2026-07-27T20:06:34Z,2026-07-27T22:06:34+0200,cc602197-a7f8-43dc-ae7f-8e28dc2e9571,2026-06-30T16:45:00Z,2026-06-30T18:45:00+0200,60568.336786,MW,DE,DE_LU,forecast_load,Forecasted Load,2026-07-27T20:08:22Z
2026-07-27T20:06:34Z,2026-07-27T22:06:34+0200,cc602197-a7f8-43dc-ae7f-8e28dc2e9571,2026-06-30T17:00:00Z,2026-06-30T19:00:00+0200,60764.557895,MW,DE,DE_LU,forecast_load,Forecasted Load,2026-07-27T20:08:22Z
2026-07-27T20:06:34Z,2026-07-27T22:06:34+0200,cc602197-a7f8-43dc-ae7f-8e28dc2e9571,2026-06-30T17:15:00Z,2026-06-30T19:15:00+0200,60612.202424,MW,DE,DE_LU,forecast_load,Forecasted Load,2026-07-27T20:08:22Z
2026-07-27T20:06:34Z,2026-07-27T22:06:34+0200,cc602197-a7f8-43dc-ae7f-8e28dc2e9571,2026-06-30T17:30:00Z,2026-06-30T19:30:00+0200,60546.851323,MW,DE,DE_LU,forecast_load,Forecasted Load,2026-07-27T20:08:22Z
2026-07-27T20:06:34Z,2026-07-27T22:06:34+0200,cc602197-a7f8-43dc-ae7f-8e28dc2e9571,2026-06-30T17:45:00Z,2026-06-30T19:45:00+0200,60126.469145,MW,DE,DE_LU,forecast_load,Forecasted Load,2026-07-27T20:08:22Z
2026-07-27T20:06:34Z,2026-07-27T22:06:34+0200,cc602197-a7f8-43dc-ae7f-8e28dc2e9571,2026-06-30T18:00:00Z,2026-06-30T20:00:00+0200,59853.409278,MW,DE,DE_LU,forecast_load,Forecasted Load,2026-07-27T20:08:22Z
2026-07-27T20:06:34Z,2026-07-27T22:06:34+0200,cc602197-a7f8-43dc-ae7f-8e28dc2e9571,2026-06-30T18:15:00Z,2026-06-30T20:15:00+0200,59313.315939,MW,DE,DE_LU,forecast_load,Forecasted Load,2026-07-27T20:08:22Z
2026-07-27T20:06:34Z,2026-07-27T22:06:34+0200,cc602197-a7f8-43dc-ae7f-8e28dc2e9571,2026-06-30T18:30:00Z,2026-06-30T20:30:00+0200,58881.974006,MW,DE,DE_LU,forecast_load,Forecasted Load,2026-07-27T20:08:22Z
2026-07-27T20:06:34Z,2026-07-27T22:06:34+0200,cc602197-a7f8-43dc-ae7f-8e28dc2e9571,2026-06-30T18:45:00Z,2026-06-30T20:45:00+0200,58425.334199,MW,DE,DE_LU,forecast_load,Forecasted Load,2026-07-27T20:08:22Z
2026-07-27T20:06:34Z,2026-07-27T22:06:34+0200,cc602197-a7f8-43dc-ae7f-8e28dc2e9571,2026-06-30T19:00:00Z,2026-06-30T21:00:00+0200,57953.823353,MW,DE,DE_LU,forecast_load,Forecasted Load,2026-07-27T20:08:22Z
2026-07-27T20:06:34Z,2026-07-27T22:06:34+0200,cc602197-a7f8-43dc-ae7f-8e28dc2e9571,2026-06-30T19:15:00Z,2026-06-30T21:15:00+0200,57452.713422,MW,DE,DE_LU,forecast_load,Forecasted Load,2026-07-27T20:08:22Z
2026-07-27T20:06:34Z,2026-07-27T22:06:34+0200,cc602197-a7f8-43dc-ae7f-8e28dc2e9571,2026-06-30T19:30:00Z,2026-06-30T21:30:00+0200,56884.618357,MW,DE,DE_LU,forecast_load,Forecasted Load,2026-07-27T20:08:22Z
2026-07-27T20:06:34Z,2026-07-27T22:06:34+0200,cc602197-a7f8-43dc-ae7f-8e28dc2e9571,2026-06-30T19:45:00Z,2026-06-30T21:45:00+0200,56338.318049,MW,DE,DE_LU,forecast_load,Forecasted Load,2026-07-27T20:08:22Z
2026-07-27T20:06:34Z,2026-07-27T22:06:34+0200,cc602197-a7f8-43dc-ae7f-8e28dc2e9571,2026-06-30T20:00:00Z,2026-06-30T22:00:00+0200,55523.141879,MW,DE,DE_LU,forecast_load,Forecasted Load,2026-07-27T20:08:22Z
2026-07-27T20:06:34Z,2026-07-27T22:06:34+0200,cc602197-a7f8-43dc-ae7f-8e28dc2e9571,2026-06-30T20:15:00Z,2026-06-30T22:15:00+0200,54709.466902,MW,DE,DE_LU,forecast_load,Forecasted Load,2026-07-27T20:08:22Z
2026-07-27T20:06:34Z,2026-07-27T22:06:34+0200,cc602197-a7f8-43dc-ae7f-8e28dc2e9571,2026-06-30T20:30:00Z,2026-06-30T22:30:00+0200,53833.179113,MW,DE,DE_LU,forecast_load,Forecasted Load,2026-07-27T20:08:22Z
2026-07-27T20:06:34Z,2026-07-27T22:06:34+0200,cc602197-a7f8-43dc-ae7f-8e28dc2e9571,2026-06-30T20:45:00Z,2026-06-30T22:45:00+0200,53089.924071,MW,DE,DE_LU,forecast_load,Forecasted Load,2026-07-27T20:08:22Z
2026-07-27T20:06:34Z,2026-07-27T22:06:34+0200,cc602197-a7f8-43dc-ae7f-8e28dc2e9571,2026-06-30T21:00:00Z,2026-06-30T23:00:00+0200,51957.850469,MW,DE,DE_LU,forecast_load,Forecasted Load,2026-07-27T20:08:22Z
2026-07-27T20:06:34Z,2026-07-27T22:06:34+0200,cc602197-a7f8-43dc-ae7f-8e28dc2e9571,2026-06-30T21:15:00Z,2026-06-30T23:15:00+0200,51142.871295,MW,DE,DE_LU,forecast_load,Forecasted Load,2026-07-27T20:08:22Z
2026-07-27T20:06:34Z,2026-07-27T22:06:34+0200,cc602197-a7f8-43dc-ae7f-8e28dc2e9571,2026-06-30T21:30:00Z,2026-06-30T23:30:00+0200,50456.729166,MW,DE,DE_LU,forecast_load,Forecasted Load,2026-07-27T20:08:22Z
2026-07-27T20:06:34Z,2026-07-27T22:06:34+0200,cc602197-a7f8-43dc-ae7f-8e28dc2e9571,2026-06-30T21:45:00Z,2026-06-30T23:45:00+0200,49753.566376,MW,DE,DE_LU,forecast_load,Forecasted Load,2026-07-27T20:08:22Z
2026-07-27T20:06:34Z,2026-07-27T22:06:34+0200,cc602197-a7f8-43dc-ae7f-8e28dc2e9571,2026-06-30T22:00:00Z,2026-07-01T00:00:00+0200,48540.07044,MW,DE,DE_LU,forecast_load,Forecasted Load,2026-07-27T20:08:22Z
2026-07-27T20:06:34Z,2026-07-27T22:06:34+0200,cc602197-a7f8-43dc-ae7f-8e28dc2e9571,2026-06-30T22:15:00Z,2026-07-01T00:15:00+0200,47929.15394,MW,DE,DE_LU,forecast_load,Forecasted Load,2026-07-27T20:08:22Z
2026-07-27T20:06:34Z,2026-07-27T22:06:34+0200,cc602197-a7f8-43dc-ae7f-8e28dc2e9571,2026-06-30T22:30:00Z,2026-07-01T00:30:00+0200,47600.310163,MW,DE,DE_LU,forecast_load,Forecasted Load,2026-07-27T20:08:22Z
2026-07-27T20:06:34Z,2026-07-27T22:06:34+0200,cc602197-a7f8-43dc-ae7f-8e28dc2e9571,2026-06-30T22:45:00Z,2026-07-01T00:45:00+0200,47025.105896,MW,DE,DE_LU,forecast_load,Forecasted Load,2026-07-27T20:08:22Z
2026-07-27T20:06:34Z,2026-07-27T22:06:34+0200,cc602197-a7f8-43dc-ae7f-8e28dc2e9571,2026-06-30T23:00:00Z,2026-07-01T01:00:00+0200,46681.268003,MW,DE,DE_LU,forecast_load,Forecasted Load,2026-07-27T20:08:22Z
2026-07-27T20:06:34Z,2026-07-27T22:06:34+0200,cc602197-a7f8-43dc-ae7f-8e28dc2e9571,2026-06-30T23:15:00Z,2026-07-01T01:15:00+0200,46229.624241,MW,DE,DE_LU,forecast_load,Forecasted Load,2026-07-27T20:08:22Z
2026-07-27T20:06:34Z,2026-07-27T22:06:34+0200,cc602197-a7f8-43dc-ae7f-8e28dc2e9571,2026-06-30T23:30:00Z,2026-07-01T01:30:00+0200,45826.878169,MW,DE,DE_LU,forecast_load,Forecasted Load,2026-07-27T20:08:22Z
2026-07-27T20:06:34Z,2026-07-27T22:06:34+0200,cc602197-a7f8-43dc-ae7f-8e28dc2e9571,2026-06-30T23:45:00Z,2026-07-01T01:45:00+0200,45616.269174,MW,DE,DE_LU,forecast_load,Forecasted Load,2026-07-27T20:08:22Z
2026-07-27T20:06:34Z,2026-07-27T22:06:34+0200,cc602197-a7f8-43dc-ae7f-8e28dc2e9571,2026-07-01T00:00:00Z,2026-07-01T02:00:00+0200,45348.574932,MW,DE,DE_LU,forecast_load,Forecasted Load,2026-07-27T20:08:22Z
2026-07-27T20:06:34Z,2026-07-27T22:06:34+0200,cc602197-a7f8-43dc-ae7f-8e28dc2e9571,2026-07-01T00:15:00Z,2026-07-01T02:15:00+0200,45101.024084,MW,DE,DE_LU,forecast_load,Forecasted Load,2026-07-27T20:08:22Z
2026-07-27T20:06:34Z,2026-07-27T22:06:34+0200,cc602197-a7f8-43dc-ae7f-8e28dc2e9571,2026-07-01T00:30:00Z,2026-07-01T02:30:00+0200,44976.588583,MW,DE,DE_LU,forecast_load,Forecasted Load,2026-07-27T20:08:22Z
2026-07-27T20:06:34Z,2026-07-27T22:06:34+0200,cc602197-a7f8-43dc-ae7f-8e28dc2e9571,2026-07-01T00:45:00Z,2026-07-01T02:45:00+0200,44849.053207,MW,DE,DE_LU,forecast_load,Forecasted Load,2026-07-27T20:08:22Z
2026-07-27T20:06:34Z,2026-07-27T22:06:34+0200,cc602197-a7f8-43dc-ae7f-8e28dc2e9571,2026-07-01T01:00:00Z,2026-07-01T03:00:00+0200,44939.627144,MW,DE,DE_LU,forecast_load,Forecasted Load,2026-07-27T20:08:22Z
2026-07-27T20:06:34Z,2026-07-27T22:06:34+0200,cc602197-a7f8-43dc-ae7f-8e28dc2e9571,2026-07-01T01:15:00Z,2026-07-01T03:15:00+0200,44759.349066,MW,DE,DE_LU,forecast_load,Forecasted Load,2026-07-27T20:08:22Z
2026-07-27T20:06:34Z,2026-07-27T22:06:34+0200,cc602197-a7f8-43dc-ae7f-8e28dc2e9571,2026-07-01T01:30:00Z,2026-07-01T03:30:00+0200,44928.323062,MW,DE,DE_LU,forecast_load,Forecasted Load,2026-07-27T20:08:22Z
2026-07-27T20:06:34Z,2026-07-27T22:06:34+0200,cc602197-a7f8-43dc-ae7f-8e28dc2e9571,2026-07-01T01:45:00Z,2026-07-01T03:45:00+0200,45096.534332,MW,DE,DE_LU,forecast_load,Forecasted Load,2026-07-27T20:08:22Z
2026-07-27T20:06:34Z,2026-07-27T22:06:34+0200,cc602197-a7f8-43dc-ae7f-8e28dc2e9571,2026-07-01T02:00:00Z,2026-07-01T04:00:00+0200,45346.309411,MW,DE,DE_LU,forecast_load,Forecasted Load,2026-07-27T20:08:22Z
2026-07-27T20:06:34Z,2026-07-27T22:06:34+0200,cc602197-a7f8-43dc-ae7f-8e28dc2e9571,2026-07-01T02:15:00Z,2026-07-01T04:15:00+0200,45722.80023,MW,DE,DE_LU,forecast_load,Forecasted Load,2026-07-27T20:08:22Z
2026-07-27T20:06:34Z,2026-07-27T22:06:34+0200,cc602197-a7f8-43dc-ae7f-8e28dc2e9571,2026-07-01T02:30:00Z,2026-07-01T04:30:00+0200,46255.224725,MW,DE,DE_LU,forecast_load,Forecasted Load,2026-07-27T20:08:22Z
2026-07-27T20:06:34Z,2026-07-27T22:06:34+0200,cc602197-a7f8-43dc-ae7f-8e28dc2e9571,2026-07-01T02:45:00Z,2026-07-01T04:45:00+0200,46954.007276,MW,DE,DE_LU,forecast_load,Forecasted Load,2026-07-27T20:08:22Z
2026-07-27T20:06:34Z,2026-07-27T22:06:34+0200,cc602197-a7f8-43dc-ae7f-8e28dc2e9571,2026-07-01T03:00:00Z,2026-07-01T05:00:00+0200,47880.70234,MW,DE,DE_LU,forecast_load,Forecasted Load,2026-07-27T20:08:22Z
2026-07-27T20:06:34Z,2026-07-27T22:06:34+0200,cc602197-a7f8-43dc-ae7f-8e28dc2e9571,2026-07-01T03:15:00Z,2026-07-01T05:15:00+0200,47720.09938,MW,DE,DE_LU,forecast_load,Forecasted Load,2026-07-27T20:08:22Z
2026-07-27T20:06:34Z,2026-07-27T22:06:34+0200,cc602197-a7f8-43dc-ae7f-8e28dc2e9571,2026-07-01T03:30:00Z,2026-07-01T05:30:00+0200,48583.18125,MW,DE,DE_LU,forecast_load,Forecasted Load,2026-07-27T20:08:22Z
2026-07-27T20:06:34Z,2026-07-27T22:06:34+0200,cc602197-a7f8-43dc-ae7f-8e28dc2e9571,2026-07-01T03:45:00Z,2026-07-01T05:45:00+0200,50009.277594,MW,DE,DE_LU,forecast_load,Forecasted Load,2026-07-27T20:08:22Z
2026-07-27T20:06:34Z,2026-07-27T22:06:34+0200,cc602197-a7f8-43dc-ae7f-8e28dc2e9571,2026-07-01T04:00:00Z,2026-07-01T06:00:00+0200,52680.678275,MW,DE,DE_LU,forecast_load,Forecasted Load,2026-07-27T20:08:22Z
2026-07-27T20:06:34Z,2026-07-27T22:06:34+0200,cc602197-a7f8-43dc-ae7f-8e28dc2e9571,2026-07-01T04:15:00Z,2026-07-01T06:15:00+0200,53235.585306,MW,DE,DE_LU,forecast_load,Forecasted Load,2026-07-27T20:08:22Z
2026-07-27T20:06:34Z,2026-07-27T22:06:34+0200,cc602197-a7f8-43dc-ae7f-8e28dc2e9571,2026-07-01T04:30:00Z,2026-07-01T06:30:00+0200,55074.513164,MW,DE,DE_LU,forecast_load,Forecasted Load,2026-07-27T20:08:22Z
2026-07-27T20:06:34Z,2026-07-27T22:06:34+0200,cc602197-a7f8-43dc-ae7f-8e28dc2e9571,2026-07-01T04:45:00Z,2026-07-01T06:45:00+0200,56268.686277,MW,DE,DE_LU,forecast_load,Forecasted Load,2026-07-27T20:08:22Z
2026-07-27T20:06:34Z,2026-07-27T22:06:34+0200,cc602197-a7f8-43dc-ae7f-8e28dc2e9571,2026-07-01T05:00:00Z,2026-07-01T07:00:00+0200,57569.806198,MW,DE,DE_LU,forecast_load,Forecasted Load,2026-07-27T20:08:22Z
2026-07-27T20:06:34Z,2026-07-27T22:06:34+0200,cc602197-a7f8-43dc-ae7f-8e28dc2e9571,2026-07-01T05:15:00Z,2026-07-01T07:15:00+0200,58775.275197,MW,DE,DE_LU,forecast_load,Forecasted Load,2026-07-27T20:08:22Z
2026-07-27T20:06:34Z,2026-07-27T22:06:34+0200,cc602197-a7f8-43dc-ae7f-8e28dc2e9571,2026-07-01T05:30:00Z,2026-07-01T07:30:00+0200,59681.785302,MW,DE,DE_LU,forecast_load,Forecasted Load,2026-07-27T20:08:22Z
2026-07-27T20:06:34Z,2026-07-27T22:06:34+0200,cc602197-a7f8-43dc-ae7f-8e28dc2e9571,2026-07-01T05:45:00Z,2026-07-01T07:45:00+0200,60788.734755,MW,DE,DE_LU,forecast_load,Forecasted Load,2026-07-27T20:08:22Z
2026-07-27T20:06:34Z,2026-07-27T22:06:34+0200,cc602197-a7f8-43dc-ae7f-8e28dc2e9571,2026-07-01T06:00:00Z,2026-07-01T08:00:00+0200,61257.111965,MW,DE,DE_LU,forecast_load,Forecasted Load,2026-07-27T20:08:22Z
2026-07-27T20:06:34Z,2026-07-27T22:06:34+0200,cc602197-a7f8-43dc-ae7f-8e28dc2e9571,2026-07-01T06:15:00Z,2026-07-01T08:15:00+0200,61595.817776,MW,DE,DE_LU,forecast_load,Forecasted Load,2026-07-27T20:08:22Z
2026-07-27T20:06:34Z,2026-07-27T22:06:34+0200,cc602197-a7f8-43dc-ae7f-8e28dc2e9571,2026-07-01T06:30:00Z,2026-07-01T08:30:00+0200,62036.049803,MW,DE,DE_LU,forecast_load,Forecasted Load,2026-07-27T20:08:22Z
2026-07-27T20:06:34Z,2026-07-27T22:06:34+0200,cc602197-a7f8-43dc-ae7f-8e28dc2e9571,2026-07-01T06:45:00Z,2026-07-01T08:45:00+0200,62351.955903,MW,DE,DE_LU,forecast_load,Forecasted Load,2026-07-27T20:08:22Z
2026-07-27T20:06:34Z,2026-07-27T22:06:34+0200,cc602197-a7f8-43dc-ae7f-8e28dc2e9571,2026-07-01T07:00:00Z,2026-07-01T09:00:00+0200,62378.333157,MW,DE,DE_LU,forecast_load,Forecasted Load,2026-07-27T20:08:22Z
2026-07-27T20:06:34Z,2026-07-27T22:06:34+0200,cc602197-a7f8-43dc-ae7f-8e28dc2e9571,2026-07-01T07:15:00Z,2026-07-01T09:15:00+0200,62371.222052,MW,DE,DE_LU,forecast_load,Forecasted Load,2026-07-27T20:08:22Z
2026-07-27T20:06:34Z,2026-07-27T22:06:34+0200,cc602197-a7f8-43dc-ae7f-8e28dc2e9571,2026-07-01T07:30:00Z,2026-07-01T09:30:00+0200,62659.638885,MW,DE,DE_LU,forecast_load,Forecasted Load,2026-07-27T20:08:22Z
2026-07-27T20:06:34Z,2026-07-27T22:06:34+0200,cc602197-a7f8-43dc-ae7f-8e28dc2e9571,2026-07-01T07:45:00Z,2026-07-01T09:45:00+0200,62631.399344,MW,DE,DE_LU,forecast_load,Forecasted Load,2026-07-27T20:08:22Z
2026-07-27T20:06:34Z,2026-07-27T22:06:34+0200,cc602197-a7f8-43dc-ae7f-8e28dc2e9571,2026-07-01T08:00:00Z,2026-07-01T10:00:00+0200,62303.056538,MW,DE,DE_LU,forecast_load,Forecasted Load,2026-07-27T20:08:22Z
2026-07-27T20:06:34Z,2026-07-27T22:06:34+0200,cc602197-a7f8-43dc-ae7f-8e28dc2e9571,2026-07-01T08:15:00Z,2026-07-01T10:15:00+0200,62620.887629,MW,DE,DE_LU,forecast_load,Forecasted Load,2026-07-27T20:08:22Z
2026-07-27T20:06:34Z,2026-07-27T22:06:34+0200,cc602197-a7f8-43dc-ae7f-8e28dc2e9571,2026-07-01T08:30:00Z,2026-07-01T10:30:00+0200,62030.318957,MW,DE,DE_LU,forecast_load,Forecasted Load,2026-07-27T20:08:22Z
2026-07-27T20:06:34Z,2026-07-27T22:06:34+0200,cc602197-a7f8-43dc-ae7f-8e28dc2e9571,2026-07-01T08:45:00Z,2026-07-01T10:45:00+0200,61922.868731,MW,DE,DE_LU,forecast_load,Forecasted Load,2026-07-27T20:08:22Z
2026-07-27T20:06:34Z,2026-07-27T22:06:34+0200,cc602197-a7f8-43dc-ae7f-8e28dc2e9571,2026-07-01T09:00:00Z,2026-07-01T11:00:00+0200,61941.762203,MW,DE,DE_LU,forecast_load,Forecasted Load,2026-07-27T20:08:22Z
2026-07-27T20:06:34Z,2026-07-27T22:06:34+0200,cc602197-a7f8-43dc-ae7f-8e28dc2e9571,2026-07-01T09:15:00Z,2026-07-01T11:15:00+0200,62125.91334,MW,DE,DE_LU,forecast_load,Forecasted Load,2026-07-27T20:08:22Z
2026-07-27T20:06:34Z,2026-07-27T22:06:34+0200,cc602197-a7f8-43dc-ae7f-8e28dc2e9571,2026-07-01T09:30:00Z,2026-07-01T11:30:00+0200,61740.059442,MW,DE,DE_LU,forecast_load,Forecasted Load,2026-07-27T20:08:22Z
2026-07-27T20:06:34Z,2026-07-27T22:06:34+0200,cc602197-a7f8-43dc-ae7f-8e28dc2e9571,2026-07-01T09:45:00Z,2026-07-01T11:45:00+0200,61389.393431,MW,DE,DE_LU,forecast_load,Forecasted Load,2026-07-27T20:08:22Z
2026-07-27T20:06:34Z,2026-07-27T22:06:34+0200,cc602197-a7f8-43dc-ae7f-8e28dc2e9571,2026-07-01T10:00:00Z,2026-07-01T12:00:00+0200,60856.174506,MW,DE,DE_LU,forecast_load,Forecasted Load,2026-07-27T20:08:22Z
2026-07-27T20:06:34Z,2026-07-27T22:06:34+0200,cc602197-a7f8-43dc-ae7f-8e28dc2e9571,2026-07-01T10:15:00Z,2026-07-01T12:15:00+0200,60904.566634,MW,DE,DE_LU,forecast_load,Forecasted Load,2026-07-27T20:08:22Z
2026-07-27T20:06:34Z,2026-07-27T22:06:34+0200,cc602197-a7f8-43dc-ae7f-8e28dc2e9571,2026-07-01T10:30:00Z,2026-07-01T12:30:00+0200,60946.137471,MW,DE,DE_LU,forecast_load,Forecasted Load,2026-07-27T20:08:22Z
2026-07-27T20:06:34Z,2026-07-27T22:06:34+0200,cc602197-a7f8-43dc-ae7f-8e28dc2e9571,2026-07-01T10:45:00Z,2026-07-01T12:45:00+0200,61195.557596,MW,DE,DE_LU,forecast_load,Forecasted Load,2026-07-27T20:08:22Z
2026-07-27T20:06:34Z,2026-07-27T22:06:34+0200,cc602197-a7f8-43dc-ae7f-8e28dc2e9571,2026-07-01T11:00:00Z,2026-07-01T13:00:00+0200,60400.427285,MW,DE,DE_LU,forecast_load,Forecasted Load,2026-07-27T20:08:22Z
2026-07-27T20:06:34Z,2026-07-27T22:06:34+0200,cc602197-a7f8-43dc-ae7f-8e28dc2e9571,2026-07-01T11:15:00Z,2026-07-01T13:15:00+0200,59818.705731,MW,DE,DE_LU,forecast_load,Forecasted Load,2026-07-27T20:08:22Z
2026-07-27T20:06:34Z,2026-07-27T22:06:34+0200,cc602197-a7f8-43dc-ae7f-8e28dc2e9571,2026-07-01T11:30:00Z,2026-07-01T13:30:00+0200,59951.15092,MW,DE,DE_LU,forecast_load,Forecasted Load,2026-07-27T20:08:22Z
2026-07-27T20:06:34Z,2026-07-27T22:06:34+0200,cc602197-a7f8-43dc-ae7f-8e28dc2e9571,2026-07-01T11:45:00Z,2026-07-01T13:45:00+0200,58981.44989,MW,DE,DE_LU,forecast_load,Forecasted Load,2026-07-27T20:08:22Z
2026-07-27T20:06:34Z,2026-07-27T22:06:34+0200,cc602197-a7f8-43dc-ae7f-8e28dc2e9571,2026-07-01T12:00:00Z,2026-07-01T14:00:00+0200,59044.130405,MW,DE,DE_LU,forecast_load,Forecasted Load,2026-07-27T20:08:22Z
2026-07-27T20:06:34Z,2026-07-27T22:06:34+0200,cc602197-a7f8-43dc-ae7f-8e28dc2e9571,2026-07-01T12:15:00Z,2026-07-01T14:15:00+0200,58480.273142,MW,DE,DE_LU,forecast_load,Forecasted Load,2026-07-27T20:08:22Z
2026-07-27T20:06:34Z,2026-07-27T22:06:34+0200,cc602197-a7f8-43dc-ae7f-8e28dc2e9571,2026-07-01T12:30:00Z,2026-07-01T14:30:00+0200,58527.318124,MW,DE,DE_LU,forecast_load,Forecasted Load,2026-07-27T20:08:22Z
2026-07-27T20:06:34Z,2026-07-27T22:06:34+0200,cc602197-a7f8-43dc-ae7f-8e28dc2e9571,2026-07-01T12:45:00Z,2026-07-01T14:45:00+0200,57838.801911,MW,DE,DE_LU,forecast_load,Forecasted Load,2026-07-27T20:08:22Z
2026-07-27T20:06:34Z,2026-07-27T22:06:34+0200,cc602197-a7f8-43dc-ae7f-8e28dc2e9571,2026-07-01T13:00:00Z,2026-07-01T15:00:00+0200,57867.090114,MW,DE,DE_LU,forecast_load,Forecasted Load,2026-07-27T20:08:22Z
2026-07-27T20:06:34Z,2026-07-27T22:06:34+0200,cc602197-a7f8-43dc-ae7f-8e28dc2e9571,2026-07-01T13:15:00Z,2026-07-01T15:15:00+0200,57175.366241,MW,DE,DE_LU,forecast_load,Forecasted Load,2026-07-27T20:08:22Z
2026-07-27T20:06:34Z,2026-07-27T22:06:34+0200,cc602197-a7f8-43dc-ae7f-8e28dc2e9571,2026-07-01T13:30:00Z,2026-07-01T15:30:00+0200,57167.297902,MW,DE,DE_LU,forecast_load,Forecasted Load,2026-07-27T20:08:22Z
2026-07-27T20:06:34Z,2026-07-27T22:06:34+0200,cc602197-a7f8-43dc-ae7f-8e28dc2e9571,2026-07-01T13:45:00Z,2026-07-01T15:45:00+0200,56943.723788,MW,DE,DE_LU,forecast_load,Forecasted Load,2026-07-27T20:08:22Z
2026-07-27T20:06:34Z,2026-07-27T22:06:34+0200,cc602197-a7f8-43dc-ae7f-8e28dc2e9571,2026-07-01T14:00:00Z,2026-07-01T16:00:00+0200,57624.051917,MW,DE,DE_LU,forecast_load,Forecasted Load,2026-07-27T20:08:22Z
2026-07-27T20:06:34Z,2026-07-27T22:06:34+0200,cc602197-a7f8-43dc-ae7f-8e28dc2e9571,2026-07-01T14:15:00Z,2026-07-01T16:15:00+0200,57678.375374,MW,DE,DE_LU,forecast_load,Forecasted Load,2026-07-27T20:08:22Z
2026-07-27T20:06:34Z,2026-07-27T22:06:34+0200,cc602197-a7f8-43dc-ae7f-8e28dc2e9571,2026-07-01T14:30:00Z,2026-07-01T16:30:00+0200,57704.93029,MW,DE,DE_LU,forecast_load,Forecasted Load,2026-07-27T20:08:22Z
2026-07-27T20:06:34Z,2026-07-27T22:06:34+0200,cc602197-a7f8-43dc-ae7f-8e28dc2e9571,2026-07-01T14:45:00Z,2026-07-01T16:45:00+0200,57711.247818,MW,DE,DE_LU,forecast_load,Forecasted Load,2026-07-27T20:08:22Z
2026-07-27T20:06:34Z,2026-07-27T22:06:34+0200,cc602197-a7f8-43dc-ae7f-8e28dc2e9571,2026-07-01T15:00:00Z,2026-07-01T17:00:00+0200,57638.990449,MW,DE,DE_LU,forecast_load,Forecasted Load,2026-07-27T20:08:22Z
2026-07-27T20:06:34Z,2026-07-27T22:06:34+0200,cc602197-a7f8-43dc-ae7f-8e28dc2e9571,2026-07-01T15:15:00Z,2026-07-01T17:15:00+0200,58421.612372,MW,DE,DE_LU,forecast_load,Forecasted Load,2026-07-27T20:08:22Z
2026-07-27T20:06:34Z,2026-07-27T22:06:34+0200,cc602197-a7f8-43dc-ae7f-8e28dc2e9571,2026-07-01T15:30:00Z,2026-07-01T17:30:00+0200,58537.598967,MW,DE,DE_LU,forecast_load,Forecasted Load,2026-07-27T20:08:22Z
2026-07-27T20:06:34Z,2026-07-27T22:06:34+0200,cc602197-a7f8-43dc-ae7f-8e28dc2e9571,2026-07-01T15:45:00Z,2026-07-01T17:45:00+0200,58785.781041,MW,DE,DE_LU,forecast_load,Forecasted Load,2026-07-27T20:08:22Z
2026-07-27T20:06:34Z,2026-07-27T22:06:34+0200,cc602197-a7f8-43dc-ae7f-8e28dc2e9571,2026-07-01T16:00:00Z,2026-07-01T18:00:00+0200,58588.918676,MW,DE,DE_LU,forecast_load,Forecasted Load,2026-07-27T20:08:22Z
2026-07-27T20:06:34Z,2026-07-27T22:06:34+0200,cc602197-a7f8-43dc-ae7f-8e28dc2e9571,2026-07-01T16:15:00Z,2026-07-01T18:15:00+0200,59010.404568,MW,DE,DE_LU,forecast_load,Forecasted Load,2026-07-27T20:08:22Z
2026-07-27T20:06:34Z,2026-07-27T22:06:34+0200,cc602197-a7f8-43dc-ae7f-8e28dc2e9571,2026-07-01T16:30:00Z,2026-07-01T18:30:00+0200,59303.048006,MW,DE,DE_LU,forecast_load,Forecasted Load,2026-07-27T20:08:22Z
2026-07-27T20:06:34Z,2026-07-27T22:06:34+0200,cc602197-a7f8-43dc-ae7f-8e28dc2e9571,2026-07-01T16:45:00Z,2026-07-01T18:45:00+0200,59466.478679,MW,DE,DE_LU,forecast_load,Forecasted Load,2026-07-27T20:08:22Z
2026-07-27T20:06:34Z,2026-07-27T22:06:34+0200,cc602197-a7f8-43dc-ae7f-8e28dc2e9571,2026-07-01T17:00:00Z,2026-07-01T19:00:00+0200,59658.204787,MW,DE,DE_LU,forecast_load,Forecasted Load,2026-07-27T20:08:22Z
2026-07-27T20:06:34Z,2026-07-27T22:06:34+0200,cc602197-a7f8-43dc-ae7f-8e28dc2e9571,2026-07-01T17:15:00Z,2026-07-01T19:15:00+0200,59848.92162,MW,DE,DE_LU,forecast_load,Forecasted Load,2026-07-27T20:08:22Z
2026-07-27T20:06:34Z,2026-07-27T22:06:34+0200,cc602197-a7f8-43dc-ae7f-8e28dc2e9571,2026-07-01T17:30:00Z,2026-07-01T19:30:00+0200,59806.019527,MW,DE,DE_LU,forecast_load,Forecasted Load,2026-07-27T20:08:22Z
2026-07-27T20:06:34Z,2026-07-27T22:06:34+0200,cc602197-a7f8-43dc-ae7f-8e28dc2e9571,2026-07-01T17:45:00Z,2026-07-01T19:45:00+0200,59723.849007,MW,DE,DE_LU,forecast_load,Forecasted Load,2026-07-27T20:08:22Z
2026-07-27T20:06:34Z,2026-07-27T22:06:34+0200,cc602197-a7f8-43dc-ae7f-8e28dc2e9571,2026-07-01T18:00:00Z,2026-07-01T20:00:00+0200,59498.001423,MW,DE,DE_LU,forecast_load,Forecasted Load,2026-07-27T20:08:22Z
2026-07-27T20:06:34Z,2026-07-27T22:06:34+0200,cc602197-a7f8-43dc-ae7f-8e28dc2e9571,2026-07-01T18:15:00Z,2026-07-01T20:15:00+0200,58945.025858,MW,DE,DE_LU,forecast_load,Forecasted Load,2026-07-27T20:08:22Z
2026-07-27T20:06:34Z,2026-07-27T22:06:34+0200,cc602197-a7f8-43dc-ae7f-8e28dc2e9571,2026-07-01T18:30:00Z,2026-07-01T20:30:00+0200,58649.086536,MW,DE,DE_LU,forecast_load,Forecasted Load,2026-07-27T20:08:22Z
2026-07-27T20:06:34Z,2026-07-27T22:06:34+0200,cc602197-a7f8-43dc-ae7f-8e28dc2e9571,2026-07-01T18:45:00Z,2026-07-01T20:45:00+0200,57976.284572,MW,DE,DE_LU,forecast_load,Forecasted Load,2026-07-27T20:08:22Z
2026-07-27T20:06:34Z,2026-07-27T22:06:34+0200,cc602197-a7f8-43dc-ae7f-8e28dc2e9571,2026-07-01T19:00:00Z,2026-07-01T21:00:00+0200,57281.734526,MW,DE,DE_LU,forecast_load,Forecasted Load,2026-07-27T20:08:22Z
2026-07-27T20:06:34Z,2026-07-27T22:06:34+0200,cc602197-a7f8-43dc-ae7f-8e28dc2e9571,2026-07-01T19:15:00Z,2026-07-01T21:15:00+0200,56773.825232,MW,DE,DE_LU,forecast_load,Forecasted Load,2026-07-27T20:08:22Z
2026-07-27T20:06:34Z,2026-07-27T22:06:34+0200,cc602197-a7f8-43dc-ae7f-8e28dc2e9571,2026-07-01T19:30:00Z,2026-07-01T21:30:00+0200,56084.308477,MW,DE,DE_LU,forecast_load,Forecasted Load,2026-07-27T20:08:22Z
2026-07-27T20:06:34Z,2026-07-27T22:06:34+0200,cc602197-a7f8-43dc-ae7f-8e28dc2e9571,2026-07-01T19:45:00Z,2026-07-01T21:45:00+0200,55607.589621,MW,DE,DE_LU,forecast_load,Forecasted Load,2026-07-27T20:08:22Z
2026-07-27T20:06:34Z,2026-07-27T22:06:34+0200,cc602197-a7f8-43dc-ae7f-8e28dc2e9571,2026-07-01T20:00:00Z,2026-07-01T22:00:00+0200,54886.594866,MW,DE,DE_LU,forecast_load,Forecasted Load,2026-07-27T20:08:22Z
2026-07-27T20:06:34Z,2026-07-27T22:06:34+0200,cc602197-a7f8-43dc-ae7f-8e28dc2e9571,2026-07-01T20:15:00Z,2026-07-01T22:15:00+0200,54271.593572,MW,DE,DE_LU,forecast_load,Forecasted Load,2026-07-27T20:08:22Z
2026-07-27T20:06:34Z,2026-07-27T22:06:34+0200,cc602197-a7f8-43dc-ae7f-8e28dc2e9571,2026-07-01T20:30:00Z,2026-07-01T22:30:00+0200,53332.391395,MW,DE,DE_LU,forecast_load,Forecasted Load,2026-07-27T20:08:22Z
2026-07-27T20:06:34Z,2026-07-27T22:06:34+0200,cc602197-a7f8-43dc-ae7f-8e28dc2e9571,2026-07-01T20:45:00Z,2026-07-01T22:45:00+0200,52556.114449,MW,DE,DE_LU,forecast_load,Forecasted Load,2026-07-27T20:08:22Z
2026-07-27T20:06:34Z,2026-07-27T22:06:34+0200,cc602197-a7f8-43dc-ae7f-8e28dc2e9571,2026-07-01T21:00:00Z,2026-07-01T23:00:00+0200,51437.467616,MW,DE,DE_LU,forecast_load,Forecasted Load,2026-07-27T20:08:22Z
2026-07-27T20:06:34Z,2026-07-27T22:06:34+0200,cc602197-a7f8-43dc-ae7f-8e28dc2e9571,2026-07-01T21:15:00Z,2026-07-01T23:15:00+0200,50498.373156,MW,DE,DE_LU,forecast_load,Forecasted Load,2026-07-27T20:08:22Z
2026-07-27T20:06:34Z,2026-07-27T22:06:34+0200,cc602197-a7f8-43dc-ae7f-8e28dc2e9571,2026-07-01T21:30:00Z,2026-07-01T23:30:00+0200,49860.003163,MW,DE,DE_LU,forecast_load,Forecasted Load,2026-07-27T20:08:22Z
2026-07-27T20:06:34Z,2026-07-27T22:06:34+0200,cc602197-a7f8-43dc-ae7f-8e28dc2e9571,2026-07-01T21:45:00Z,2026-07-01T23:45:00+0200,49151.667387,MW,DE,DE_LU,forecast_load,Forecasted Load,2026-07-27T20:08:22Z
2026-07-27T20:06:34Z,2026-07-27T22:06:34+0200,cc602197-a7f8-43dc-ae7f-8e28dc2e9571,2026-07-01T22:00:00Z,2026-07-02T00:00:00+0200,47096.861301,MW,DE,DE_LU,forecast_load,Forecasted Load,2026-07-27T20:08:22Z
2026-07-27T20:06:34Z,2026-07-27T22:06:34+0200,cc602197-a7f8-43dc-ae7f-8e28dc2e9571,2026-07-01T22:15:00Z,2026-07-02T00:15:00+0200,46265.428122,MW,DE,DE_LU,forecast_load,Forecasted Load,2026-07-27T20:08:22Z
2026-07-27T20:06:34Z,2026-07-27T22:06:34+0200,cc602197-a7f8-43dc-ae7f-8e28dc2e9571,2026-07-01T22:30:00Z,2026-07-02T00:30:00+0200,45787.387092,MW,DE,DE_LU,forecast_load,Forecasted Load,2026-07-27T20:08:22Z
2026-07-27T20:06:34Z,2026-07-27T22:06:34+0200,cc602197-a7f8-43dc-ae7f-8e28dc2e9571,2026-07-01T22:45:00Z,2026-07-02T00:45:00+0200,45359.615432,MW,DE,DE_LU,forecast_load,Forecasted Load,2026-07-27T20:08:22Z
2026-07-27T20:06:34Z,2026-07-27T22:06:34+0200,cc602197-a7f8-43dc-ae7f-8e28dc2e9571,2026-07-01T23:00:00Z,2026-07-02T01:00:00+0200,44901.006404,MW,DE,DE_LU,forecast_load,Forecasted Load,2026-07-27T20:08:22Z
2026-07-27T20:06:34Z,2026-07-27T22:06:34+0200,cc602197-a7f8-43dc-ae7f-8e28dc2e9571,2026-07-01T23:15:00Z,2026-07-02T01:15:00+0200,44375.65763,MW,DE,DE_LU,forecast_load,Forecasted Load,2026-07-27T20:08:22Z
2026-07-27T20:06:34Z,2026-07-27T22:06:34+0200,cc602197-a7f8-43dc-ae7f-8e28dc2e9571,2026-07-01T23:30:00Z,2026-07-02T01:30:00+0200,44050.809603,MW,DE,DE_LU,forecast_load,Forecasted Load,2026-07-27T20:08:22Z
2026-07-27T20:06:34Z,2026-07-27T22:06:34+0200,cc602197-a7f8-43dc-ae7f-8e28dc2e9571,2026-07-01T23:45:00Z,2026-07-02T01:45:00+0200,43883.823303,MW,DE,DE_LU,forecast_load,Forecasted Load,2026-07-27T20:08:22Z
2026-07-27T20:06:34Z,2026-07-27T22:06:34+0200,cc602197-a7f8-43dc-ae7f-8e28dc2e9571,2026-07-02T00:00:00Z,2026-07-02T02:00:00+0200,43649.979945,MW,DE,DE_LU,forecast_load,Forecasted Load,2026-07-27T20:08:22Z
2026-07-27T20:06:34Z,2026-07-27T22:06:34+0200,cc602197-a7f8-43dc-ae7f-8e28dc2e9571,2026-07-02T00:15:00Z,2026-07-02T02:15:00+0200,43363.222796,MW,DE,DE_LU,forecast_load,Forecasted Load,2026-07-27T20:08:22Z
2026-07-27T20:06:34Z,2026-07-27T22:06:34+0200,cc602197-a7f8-43dc-ae7f-8e28dc2e9571,2026-07-02T00:30:00Z,2026-07-02T02:30:00+0200,43270.295458,MW,DE,DE_LU,forecast_load,Forecasted Load,2026-07-27T20:08:22Z
2026-07-27T20:06:34Z,2026-07-27T22:06:34+0200,cc602197-a7f8-43dc-ae7f-8e28dc2e9571,2026-07-02T00:45:00Z,2026-07-02T02:45:00+0200,43144.266335,MW,DE,DE_LU,forecast_load,Forecasted Load,2026-07-27T20:08:22Z
2026-07-27T20:06:34Z,2026-07-27T22:06:34+0200,cc602197-a7f8-43dc-ae7f-8e28dc2e9571,2026-07-02T01:00:00Z,2026-07-02T03:00:00+0200,42997.054916,MW,DE,DE_LU,forecast_load,Forecasted Load,2026-07-27T20:08:22Z
2026-07-27T20:06:34Z,2026-07-27T22:06:34+0200,cc602197-a7f8-43dc-ae7f-8e28dc2e9571,2026-07-02T01:15:00Z,2026-07-02T03:15:00+0200,43002.472133,MW,DE,DE_LU,forecast_load,Forecasted Load,2026-07-27T20:08:22Z
2026-07-27T20:06:34Z,2026-07-27T22:06:34+0200,cc602197-a7f8-43dc-ae7f-8e28dc2e9571,2026-07-02T01:30:00Z,2026-07-02T03:30:00+0200,43045.084362,MW,DE,DE_LU,forecast_load,Forecasted Load,2026-07-27T20:08:22Z
2026-07-27T20:06:34Z,2026-07-27T22:06:34+0200,cc602197-a7f8-43dc-ae7f-8e28dc2e9571,2026-07-02T01:45:00Z,2026-07-02T03:45:00+0200,43163.601832,MW,DE,DE_LU,forecast_load,Forecasted Load,2026-07-27T20:08:22Z
2026-07-27T20:06:34Z,2026-07-27T22:06:34+0200,cc602197-a7f8-43dc-ae7f-8e28dc2e9571,2026-07-02T02:00:00Z,2026-07-02T04:00:00+0200,43376.437571,MW,DE,DE_LU,forecast_load,Forecasted Load,2026-07-27T20:08:22Z
2026-07-27T20:06:34Z,2026-07-27T22:06:34+0200,cc602197-a7f8-43dc-ae7f-8e28dc2e9571,2026-07-02T02:15:00Z,2026-07-02T04:15:00+0200,43672.786705,MW,DE,DE_LU,forecast_load,Forecasted Load,2026-07-27T20:08:22Z
2026-07-27T20:06:34Z,2026-07-27T22:06:34+0200,cc602197-a7f8-43dc-ae7f-8e28dc2e9571,2026-07-02T02:30:00Z,2026-07-02T04:30:00+0200,44095.158938,MW,DE,DE_LU,forecast_load,Forecasted Load,2026-07-27T20:08:22Z
2026-07-27T20:06:34Z,2026-07-27T22:06:34+0200,cc602197-a7f8-43dc-ae7f-8e28dc2e9571,2026-07-02T02:45:00Z,2026-07-02T04:45:00+0200,44551.265585,MW,DE,DE_LU,forecast_load,Forecasted Load,2026-07-27T20:08:22Z
2026-07-27T20:06:34Z,2026-07-27T22:06:34+0200,cc602197-a7f8-43dc-ae7f-8e28dc2e9571,2026-07-02T03:00:00Z,2026-07-02T05:00:00+0200,45419.671187,MW,DE,DE_LU,forecast_load,Forecasted Load,2026-07-27T20:08:22Z
2026-07-27T20:06:34Z,2026-07-27T22:06:34+0200,cc602197-a7f8-43dc-ae7f-8e28dc2e9571,2026-07-02T03:15:00Z,2026-07-02T05:15:00+0200,45655.303042,MW,DE,DE_LU,forecast_load,Forecasted Load,2026-07-27T20:08:22Z
2026-07-27T20:06:34Z,2026-07-27T22:06:34+0200,cc602197-a7f8-43dc-ae7f-8e28dc2e9571,2026-07-02T03:30:00Z,2026-07-02T05:30:00+0200,46701.350418,MW,DE,DE_LU,forecast_load,Forecasted Load,2026-07-27T20:08:22Z
2026-07-27T20:06:34Z,2026-07-27T22:06:34+0200,cc602197-a7f8-43dc-ae7f-8e28dc2e9571,2026-07-02T03:45:00Z,2026-07-02T05:45:00+0200,48115.151919,MW,DE,DE_LU,forecast_load,Forecasted Load,2026-07-27T20:08:22Z
2026-07-27T20:06:34Z,2026-07-27T22:06:34+0200,cc602197-a7f8-43dc-ae7f-8e28dc2e9571,2026-07-02T04:00:00Z,2026-07-02T06:00:00+0200,50626.265666,MW,DE,DE_LU,forecast_load,Forecasted Load,2026-07-27T20:08:22Z
2026-07-27T20:06:34Z,2026-07-27T22:06:34+0200,cc602197-a7f8-43dc-ae7f-8e28dc2e9571,2026-07-02T04:15:00Z,2026-07-02T06:15:00+0200,51543.029259,MW,DE,DE_LU,forecast_load,Forecasted Load,2026-07-27T20:08:22Z
2026-07-27T20:06:34Z,2026-07-27T22:06:34+0200,cc602197-a7f8-43dc-ae7f-8e28dc2e9571,2026-07-02T04:30:00Z,2026-07-02T06:30:00+0200,52943.08838,MW,DE,DE_LU,forecast_load,Forecasted Load,2026-07-27T20:08:22Z
2026-07-27T20:06:34Z,2026-07-27T22:06:34+0200,cc602197-a7f8-43dc-ae7f-8e28dc2e9571,2026-07-02T04:45:00Z,2026-07-02T06:45:00+0200,54442.07327,MW,DE,DE_LU,forecast_load,Forecasted Load,2026-07-27T20:08:22Z
2026-07-27T20:06:34Z,2026-07-27T22:06:34+0200,cc602197-a7f8-43dc-ae7f-8e28dc2e9571,2026-07-02T05:00:00Z,2026-07-02T07:00:00+0200,55801.603349,MW,DE,DE_LU,forecast_load,Forecasted Load,2026-07-27T20:08:22Z
2026-07-27T20:06:34Z,2026-07-27T22:06:34+0200,cc602197-a7f8-43dc-ae7f-8e28dc2e9571,2026-07-02T05:15:00Z,2026-07-02T07:15:00+0200,56959.896049,MW,DE,DE_LU,forecast_load,Forecasted Load,2026-07-27T20:08:22Z
2026-07-27T20:06:34Z,2026-07-27T22:06:34+0200,cc602197-a7f8-43dc-ae7f-8e28dc2e9571,2026-07-02T05:30:00Z,2026-07-02T07:30:00+0200,58015.048086,MW,DE,DE_LU,forecast_load,Forecasted Load,2026-07-27T20:08:22Z
2026-07-27T20:06:34Z,2026-07-27T22:06:34+0200,cc602197-a7f8-43dc-ae7f-8e28dc2e9571,2026-07-02T05:45:00Z,2026-07-02T07:45:00+0200,59062.863457,MW,DE,DE_LU,forecast_load,Forecasted Load,2026-07-27T20:08:22Z
2026-07-27T20:06:34Z,2026-07-27T22:06:34+0200,cc602197-a7f8-43dc-ae7f-8e28dc2e9571,2026-07-02T06:00:00Z,2026-07-02T08:00:00+0200,59996.645306,MW,DE,DE_LU,forecast_load,Forecasted Load,2026-07-27T20:08:22Z
2026-07-27T20:06:34Z,2026-07-27T22:06:34+0200,cc602197-a7f8-43dc-ae7f-8e28dc2e9571,2026-07-02T06:15:00Z,2026-07-02T08:15:00+0200,60752.332341,MW,DE,DE_LU,forecast_load,Forecasted Load,2026-07-27T20:08:22Z
2026-07-27T20:06:34Z,2026-07-27T22:06:34+0200,cc602197-a7f8-43dc-ae7f-8e28dc2e9571,2026-07-02T06:30:00Z,2026-07-02T08:30:00+0200,61345.015687,MW,DE,DE_LU,forecast_load,Forecasted Load,2026-07-27T20:08:22Z
2026-07-27T20:06:34Z,2026-07-27T22:06:34+0200,cc602197-a7f8-43dc-ae7f-8e28dc2e9571,2026-07-02T06:45:00Z,2026-07-02T08:45:00+0200,61829.9592,MW,DE,DE_LU,forecast_load,Forecasted Load,2026-07-27T20:08:22Z
2026-07-27T20:06:34Z,2026-07-27T22:06:34+0200,cc602197-a7f8-43dc-ae7f-8e28dc2e9571,2026-07-02T07:00:00Z,2026-07-02T09:00:00+0200,61815.699486,MW,DE,DE_LU,forecast_load,Forecasted Load,2026-07-27T20:08:22Z
2026-07-27T20:06:34Z,2026-07-27T22:06:34+0200,cc602197-a7f8-43dc-ae7f-8e28dc2e9571,2026-07-02T07:15:00Z,2026-07-02T09:15:00+0200,61807.9178,MW,DE,DE_LU,forecast_load,Forecasted Load,2026-07-27T20:08:22Z
2026-07-27T20:06:34Z,2026-07-27T22:06:34+0200,cc602197-a7f8-43dc-ae7f-8e28dc2e9571,2026-07-02T07:30:00Z,2026-07-02T09:30:00+0200,62310.829608,MW,DE,DE_LU,forecast_load,Forecasted Load,2026-07-27T20:08:22Z
2026-07-27T20:06:34Z,2026-07-27T22:06:34+0200,cc602197-a7f8-43dc-ae7f-8e28dc2e9571,2026-07-02T07:45:00Z,2026-07-02T09:45:00+0200,62548.396808,MW,DE,DE_LU,forecast_load,Forecasted Load,2026-07-27T20:08:22Z
2026-07-27T20:06:34Z,2026-07-27T22:06:34+0200,cc602197-a7f8-43dc-ae7f-8e28dc2e9571,2026-07-02T08:00:00Z,2026-07-02T10:00:00+0200,62491.080679,MW,DE,DE_LU,forecast_load,Forecasted Load,2026-07-27T20:08:22Z
2026-07-27T20:06:34Z,2026-07-27T22:06:34+0200,cc602197-a7f8-43dc-ae7f-8e28dc2e9571,2026-07-02T08:15:00Z,2026-07-02T10:15:00+0200,62747.225641,MW,DE,DE_LU,forecast_load,Forecasted Load,2026-07-27T20:08:22Z
2026-07-27T20:06:34Z,2026-07-27T22:06:34+0200,cc602197-a7f8-43dc-ae7f-8e28dc2e9571,2026-07-02T08:30:00Z,2026-07-02T10:30:00+0200,62740.643213,MW,DE,DE_LU,forecast_load,Forecasted Load,2026-07-27T20:08:22Z
2026-07-27T20:06:34Z,2026-07-27T22:06:34+0200,cc602197-a7f8-43dc-ae7f-8e28dc2e9571,2026-07-02T08:45:00Z,2026-07-02T10:45:00+0200,62760.375684,MW,DE,DE_LU,forecast_load,Forecasted Load,2026-07-27T20:08:22Z
2026-07-27T20:06:34Z,2026-07-27T22:06:34+0200,cc602197-a7f8-43dc-ae7f-8e28dc2e9571,2026-07-02T09:00:00Z,2026-07-02T11:00:00+0200,62388.328717,MW,DE,DE_LU,forecast_load,Forecasted Load,2026-07-27T20:08:22Z
2026-07-27T20:06:34Z,2026-07-27T22:06:34+0200,cc602197-a7f8-43dc-ae7f-8e28dc2e9571,2026-07-02T09:15:00Z,2026-07-02T11:15:00+0200,62420.969847,MW,DE,DE_LU,forecast_load,Forecasted Load,2026-07-27T20:08:22Z
2026-07-27T20:06:34Z,2026-07-27T22:06:34+0200,cc602197-a7f8-43dc-ae7f-8e28dc2e9571,2026-07-02T09:30:00Z,2026-07-02T11:30:00+0200,62423.856359,MW,DE,DE_LU,forecast_load,Forecasted Load,2026-07-27T20:08:22Z
2026-07-27T20:06:34Z,2026-07-27T22:06:34+0200,cc602197-a7f8-43dc-ae7f-8e28dc2e9571,2026-07-02T09:45:00Z,2026-07-02T11:45:00+0200,62350.406658,MW,DE,DE_LU,forecast_load,Forecasted Load,2026-07-27T20:08:22Z
2026-07-27T20:06:34Z,2026-07-27T22:06:34+0200,cc602197-a7f8-43dc-ae7f-8e28dc2e9571,2026-07-02T10:00:00Z,2026-07-02T12:00:00+0200,61880.174727,MW,DE,DE_LU,forecast_load,Forecasted Load,2026-07-27T20:08:22Z
2026-07-27T20:06:34Z,2026-07-27T22:06:34+0200,cc602197-a7f8-43dc-ae7f-8e28dc2e9571,2026-07-02T10:15:00Z,2026-07-02T12:15:00+0200,61380.267205,MW,DE,DE_LU,forecast_load,Forecasted Load,2026-07-27T20:08:22Z
2026-07-27T20:06:34Z,2026-07-27T22:06:34+0200,cc602197-a7f8-43dc-ae7f-8e28dc2e9571,2026-07-02T10:30:00Z,2026-07-02T12:30:00+0200,61270.661474,MW,DE,DE_LU,forecast_load,Forecasted Load,2026-07-27T20:08:22Z
2026-07-27T20:06:34Z,2026-07-27T22:06:34+0200,cc602197-a7f8-43dc-ae7f-8e28dc2e9571,2026-07-02T10:45:00Z,2026-07-02T12:45:00+0200,61329.857694,MW,DE,DE_LU,forecast_load,Forecasted Load,2026-07-27T20:08:22Z
2026-07-27T20:06:34Z,2026-07-27T22:06:34+0200,cc602197-a7f8-43dc-ae7f-8e28dc2e9571,2026-07-02T11:00:00Z,2026-07-02T13:00:00+0200,60762.140472,MW,DE,DE_LU,forecast_load,Forecasted Load,2026-07-27T20:08:22Z
2026-07-27T20:06:34Z,2026-07-27T22:06:34+0200,cc602197-a7f8-43dc-ae7f-8e28dc2e9571,2026-07-02T11:15:00Z,2026-07-02T13:15:00+0200,60525.942013,MW,DE,DE_LU,forecast_load,Forecasted Load,2026-07-27T20:08:22Z
2026-07-27T20:06:34Z,2026-07-27T22:06:34+0200,cc602197-a7f8-43dc-ae7f-8e28dc2e9571,2026-07-02T11:30:00Z,2026-07-02T13:30:00+0200,59885.791862,MW,DE,DE_LU,forecast_load,Forecasted Load,2026-07-27T20:08:22Z
2026-07-27T20:06:34Z,2026-07-27T22:06:34+0200,cc602197-a7f8-43dc-ae7f-8e28dc2e9571,2026-07-02T11:45:00Z,2026-07-02T13:45:00+0200,59812.209381,MW,DE,DE_LU,forecast_load,Forecasted Load,2026-07-27T20:08:22Z
2026-07-27T20:06:34Z,2026-07-27T22:06:34+0200,cc602197-a7f8-43dc-ae7f-8e28dc2e9571,2026-07-02T12:00:00Z,2026-07-02T14:00:00+0200,58921.885802,MW,DE,DE_LU,forecast_load,Forecasted Load,2026-07-27T20:08:22Z
2026-07-27T20:06:34Z,2026-07-27T22:06:34+0200,cc602197-a7f8-43dc-ae7f-8e28dc2e9571,2026-07-02T12:15:00Z,2026-07-02T14:15:00+0200,58762.065815,MW,DE,DE_LU,forecast_load,Forecasted Load,2026-07-27T20:08:22Z
2026-07-27T20:06:34Z,2026-07-27T22:06:34+0200,cc602197-a7f8-43dc-ae7f-8e28dc2e9571,2026-07-02T12:30:00Z,2026-07-02T14:30:00+0200,58476.255939,MW,DE,DE_LU,forecast_load,Forecasted Load,2026-07-27T20:08:22Z
2026-07-27T20:06:34Z,2026-07-27T22:06:34+0200,cc602197-a7f8-43dc-ae7f-8e28dc2e9571,2026-07-02T12:45:00Z,2026-07-02T14:45:00+0200,57969.668121,MW,DE,DE_LU,forecast_load,Forecasted Load,2026-07-27T20:08:22Z
2026-07-27T20:06:34Z,2026-07-27T22:06:34+0200,cc602197-a7f8-43dc-ae7f-8e28dc2e9571,2026-07-02T13:00:00Z,2026-07-02T15:00:00+0200,58185.112354,MW,DE,DE_LU,forecast_load,Forecasted Load,2026-07-27T20:08:22Z
2026-07-27T20:06:34Z,2026-07-27T22:06:34+0200,cc602197-a7f8-43dc-ae7f-8e28dc2e9571,2026-07-02T13:15:00Z,2026-07-02T15:15:00+0200,58081.749474,MW,DE,DE_LU,forecast_load,Forecasted Load,2026-07-27T20:08:22Z
2026-07-27T20:06:34Z,2026-07-27T22:06:34+0200,cc602197-a7f8-43dc-ae7f-8e28dc2e9571,2026-07-02T13:30:00Z,2026-07-02T15:30:00+0200,57321.869928,MW,DE,DE_LU,forecast_load,Forecasted Load,2026-07-27T20:08:22Z
2026-07-27T20:06:34Z,2026-07-27T22:06:34+0200,cc602197-a7f8-43dc-ae7f-8e28dc2e9571,2026-07-02T13:45:00Z,2026-07-02T15:45:00+0200,57295.324558,MW,DE,DE_LU,forecast_load,Forecasted Load,2026-07-27T20:08:22Z
2026-07-27T20:06:34Z,2026-07-27T22:06:34+0200,cc602197-a7f8-43dc-ae7f-8e28dc2e9571,2026-07-02T14:00:00Z,2026-07-02T16:00:00+0200,57434.001711,MW,DE,DE_LU,forecast_load,Forecasted Load,2026-07-27T20:08:22Z
2026-07-27T20:06:34Z,2026-07-27T22:06:34+0200,cc602197-a7f8-43dc-ae7f-8e28dc2e9571,2026-07-02T14:15:00Z,2026-07-02T16:15:00+0200,56865.813374,MW,DE,DE_LU,forecast_load,Forecasted Load,2026-07-27T20:08:22Z
2026-07-27T20:06:34Z,2026-07-27T22:06:34+0200,cc602197-a7f8-43dc-ae7f-8e28dc2e9571,2026-07-02T14:30:00Z,2026-07-02T16:30:00+0200,56697.719917,MW,DE,DE_LU,forecast_load,Forecasted Load,2026-07-27T20:08:22Z
2026-07-27T20:06:34Z,2026-07-27T22:06:34+0200,cc602197-a7f8-43dc-ae7f-8e28dc2e9571,2026-07-02T14:45:00Z,2026-07-02T16:45:00+0200,56705.893702,MW,DE,DE_LU,forecast_load,Forecasted Load,2026-07-27T20:08:22Z
2026-07-27T20:06:34Z,2026-07-27T22:06:34+0200,cc602197-a7f8-43dc-ae7f-8e28dc2e9571,2026-07-02T15:00:00Z,2026-07-02T17:00:00+0200,57129.113644,MW,DE,DE_LU,forecast_load,Forecasted Load,2026-07-27T20:08:22Z
2026-07-27T20:06:34Z,2026-07-27T22:06:34+0200,cc602197-a7f8-43dc-ae7f-8e28dc2e9571,2026-07-02T15:15:00Z,2026-07-02T17:15:00+0200,57243.784985,MW,DE,DE_LU,forecast_load,Forecasted Load,2026-07-27T20:08:22Z
2026-07-27T20:06:34Z,2026-07-27T22:06:34+0200,cc602197-a7f8-43dc-ae7f-8e28dc2e9571,2026-07-02T15:30:00Z,2026-07-02T17:30:00+0200,57414.246259,MW,DE,DE_LU,forecast_load,Forecasted Load,2026-07-27T20:08:22Z
2026-07-27T20:06:34Z,2026-07-27T22:06:34+0200,cc602197-a7f8-43dc-ae7f-8e28dc2e9571,2026-07-02T15:45:00Z,2026-07-02T17:45:00+0200,57448.859432,MW,DE,DE_LU,forecast_load,Forecasted Load,2026-07-27T20:08:22Z
2026-07-27T20:06:34Z,2026-07-27T22:06:34+0200,cc602197-a7f8-43dc-ae7f-8e28dc2e9571,2026-07-02T16:00:00Z,2026-07-02T18:00:00+0200,58023.194448,MW,DE,DE_LU,forecast_load,Forecasted Load,2026-07-27T20:08:22Z
2026-07-27T20:06:34Z,2026-07-27T22:06:34+0200,cc602197-a7f8-43dc-ae7f-8e28dc2e9571,2026-07-02T16:15:00Z,2026-07-02T18:15:00+0200,58249.09845,MW,DE,DE_LU,forecast_load,Forecasted Load,2026-07-27T20:08:22Z
2026-07-27T20:06:34Z,2026-07-27T22:06:34+0200,cc602197-a7f8-43dc-ae7f-8e28dc2e9571,2026-07-02T16:30:00Z,2026-07-02T18:30:00+0200,58528.32484,MW,DE,DE_LU,forecast_load,Forecasted Load,2026-07-27T20:08:22Z
2026-07-27T20:06:34Z,2026-07-27T22:06:34+0200,cc602197-a7f8-43dc-ae7f-8e28dc2e9571,2026-07-02T16:45:00Z,2026-07-02T18:45:00+0200,58640.010667,MW,DE,DE_LU,forecast_load,Forecasted Load,2026-07-27T20:08:22Z
2026-07-27T20:06:34Z,2026-07-27T22:06:34+0200,cc602197-a7f8-43dc-ae7f-8e28dc2e9571,2026-07-02T17:00:00Z,2026-07-02T19:00:00+0200,58925.857778,MW,DE,DE_LU,forecast_load,Forecasted Load,2026-07-27T20:08:22Z
2026-07-27T20:06:34Z,2026-07-27T22:06:34+0200,cc602197-a7f8-43dc-ae7f-8e28dc2e9571,2026-07-02T17:15:00Z,2026-07-02T19:15:00+0200,59095.127427,MW,DE,DE_LU,forecast_load,Forecasted Load,2026-07-27T20:08:22Z
2026-07-27T20:06:34Z,2026-07-27T22:06:34+0200,cc602197-a7f8-43dc-ae7f-8e28dc2e9571,2026-07-02T17:30:00Z,2026-07-02T19:30:00+0200,58975.918723,MW,DE,DE_LU,forecast_load,Forecasted Load,2026-07-27T20:08:22Z
2026-07-27T20:06:34Z,2026-07-27T22:06:34+0200,cc602197-a7f8-43dc-ae7f-8e28dc2e9571,2026-07-02T17:45:00Z,2026-07-02T19:45:00+0200,58793.353452,MW,DE,DE_LU,forecast_load,Forecasted Load,2026-07-27T20:08:22Z
2026-07-27T20:06:34Z,2026-07-27T22:06:34+0200,cc602197-a7f8-43dc-ae7f-8e28dc2e9571,2026-07-02T18:00:00Z,2026-07-02T20:00:00+0200,58211.307119,MW,DE,DE_LU,forecast_load,Forecasted Load,2026-07-27T20:08:22Z
2026-07-27T20:06:34Z,2026-07-27T22:06:34+0200,cc602197-a7f8-43dc-ae7f-8e28dc2e9571,2026-07-02T18:15:00Z,2026-07-02T20:15:00+0200,57814.018556,MW,DE,DE_LU,forecast_load,Forecasted Load,2026-07-27T20:08:22Z
2026-07-27T20:06:34Z,2026-07-27T22:06:34+0200,cc602197-a7f8-43dc-ae7f-8e28dc2e9571,2026-07-02T18:30:00Z,2026-07-02T20:30:00+0200,57117.277384,MW,DE,DE_LU,forecast_load,Forecasted Load,2026-07-27T20:08:22Z
2026-07-27T20:06:34Z,2026-07-27T22:06:34+0200,cc602197-a7f8-43dc-ae7f-8e28dc2e9571,2026-07-02T18:45:00Z,2026-07-02T20:45:00+0200,56693.082333,MW,DE,DE_LU,forecast_load,Forecasted Load,2026-07-27T20:08:22Z
2026-07-27T20:06:34Z,2026-07-27T22:06:34+0200,cc602197-a7f8-43dc-ae7f-8e28dc2e9571,2026-07-02T19:00:00Z,2026-07-02T21:00:00+0200,56091.136163,MW,DE,DE_LU,forecast_load,Forecasted Load,2026-07-27T20:08:22Z
2026-07-27T20:06:34Z,2026-07-27T22:06:34+0200,cc602197-a7f8-43dc-ae7f-8e28dc2e9571,2026-07-02T19:15:00Z,2026-07-02T21:15:00+0200,55470.381485,MW,DE,DE_LU,forecast_load,Forecasted Load,2026-07-27T20:08:22Z
2026-07-27T20:06:34Z,2026-07-27T22:06:34+0200,cc602197-a7f8-43dc-ae7f-8e28dc2e9571,2026-07-02T19:30:00Z,2026-07-02T21:30:00+0200,54938.25033,MW,DE,DE_LU,forecast_load,Forecasted Load,2026-07-27T20:08:22Z
2026-07-27T20:06:34Z,2026-07-27T22:06:34+0200,cc602197-a7f8-43dc-ae7f-8e28dc2e9571,2026-07-02T19:45:00Z,2026-07-02T21:45:00+0200,54341.468115,MW,DE,DE_LU,forecast_load,Forecasted Load,2026-07-27T20:08:22Z
2026-07-27T20:06:34Z,2026-07-27T22:06:34+0200,cc602197-a7f8-43dc-ae7f-8e28dc2e9571,2026-07-02T20:00:00Z,2026-07-02T22:00:00+0200,53571.409761,MW,DE,DE_LU,forecast_load,Forecasted Load,2026-07-27T20:08:22Z
2026-07-27T20:06:34Z,2026-07-27T22:06:34+0200,cc602197-a7f8-43dc-ae7f-8e28dc2e9571,2026-07-02T20:15:00Z,2026-07-02T22:15:00+0200,52868.061457,MW,DE,DE_LU,forecast_load,Forecasted Load,2026-07-27T20:08:22Z
2026-07-27T20:06:34Z,2026-07-27T22:06:34+0200,cc602197-a7f8-43dc-ae7f-8e28dc2e9571,2026-07-02T20:30:00Z,2026-07-02T22:30:00+0200,51927.597395,MW,DE,DE_LU,forecast_load,Forecasted Load,2026-07-27T20:08:22Z
2026-07-27T20:06:34Z,2026-07-27T22:06:34+0200,cc602197-a7f8-43dc-ae7f-8e28dc2e9571,2026-07-02T20:45:00Z,2026-07-02T22:45:00+0200,51119.024804,MW,DE,DE_LU,forecast_load,Forecasted Load,2026-07-27T20:08:22Z
2026-07-27T20:06:34Z,2026-07-27T22:06:34+0200,cc602197-a7f8-43dc-ae7f-8e28dc2e9571,2026-07-02T21:00:00Z,2026-07-02T23:00:00+0200,50212.777433,MW,DE,DE_LU,forecast_load,Forecasted Load,2026-07-27T20:08:22Z
2026-07-27T20:06:34Z,2026-07-27T22:06:34+0200,cc602197-a7f8-43dc-ae7f-8e28dc2e9571,2026-07-02T21:15:00Z,2026-07-02T23:15:00+0200,49375.156192,MW,DE,DE_LU,forecast_load,Forecasted Load,2026-07-27T20:08:22Z
2026-07-27T20:06:34Z,2026-07-27T22:06:34+0200,cc602197-a7f8-43dc-ae7f-8e28dc2e9571,2026-07-02T21:30:00Z,2026-07-02T23:30:00+0200,48584.992174,MW,DE,DE_LU,forecast_load,Forecasted Load,2026-07-27T20:08:22Z
2026-07-27T20:06:34Z,2026-07-27T22:06:34+0200,cc602197-a7f8-43dc-ae7f-8e28dc2e9571,2026-07-02T21:45:00Z,2026-07-02T23:45:00+0200,47838.532393,MW,DE,DE_LU,forecast_load,Forecasted Load,2026-07-27T20:08:22Z
2026-07-27T20:06:34Z,2026-07-27T22:06:34+0200,cc602197-a7f8-43dc-ae7f-8e28dc2e9571,2026-07-02T22:00:00Z,2026-07-03T00:00:00+0200,48108.764679,MW,DE,DE_LU,forecast_load,Forecasted Load,2026-07-27T20:08:22Z
2026-07-27T20:06:34Z,2026-07-27T22:06:34+0200,cc602197-a7f8-43dc-ae7f-8e28dc2e9571,2026-07-02T22:15:00Z,2026-07-03T00:15:00+0200,47344.138501,MW,DE,DE_LU,forecast_load,Forecasted Load,2026-07-27T20:08:22Z
2026-07-27T20:06:34Z,2026-07-27T22:06:34+0200,cc602197-a7f8-43dc-ae7f-8e28dc2e9571,2026-07-02T22:30:00Z,2026-07-03T00:30:00+0200,46746.286088,MW,DE,DE_LU,forecast_load,Forecasted Load,2026-07-27T20:08:22Z
2026-07-27T20:06:34Z,2026-07-27T22:06:34+0200,cc602197-a7f8-43dc-ae7f-8e28dc2e9571,2026-07-02T22:45:00Z,2026-07-03T00:45:00+0200,46375.462587,MW,DE,DE_LU,forecast_load,Forecasted Load,2026-07-27T20:08:22Z
2026-07-27T20:06:34Z,2026-07-27T22:06:34+0200,cc602197-a7f8-43dc-ae7f-8e28dc2e9571,2026-07-02T23:00:00Z,2026-07-03T01:00:00+0200,45947.552581,MW,DE,DE_LU,forecast_load,Forecasted Load,2026-07-27T20:08:22Z
2026-07-27T20:06:34Z,2026-07-27T22:06:34+0200,cc602197-a7f8-43dc-ae7f-8e28dc2e9571,2026-07-02T23:15:00Z,2026-07-03T01:15:00+0200,45460.617352,MW,DE,DE_LU,forecast_load,Forecasted Load,2026-07-27T20:08:22Z
2026-07-27T20:06:34Z,2026-07-27T22:06:34+0200,cc602197-a7f8-43dc-ae7f-8e28dc2e9571,2026-07-02T23:30:00Z,2026-07-03T01:30:00+0200,45150.867621,MW,DE,DE_LU,forecast_load,Forecasted Load,2026-07-27T20:08:22Z
2026-07-27T20:06:34Z,2026-07-27T22:06:34+0200,cc602197-a7f8-43dc-ae7f-8e28dc2e9571,2026-07-02T23:45:00Z,2026-07-03T01:45:00+0200,44986.920702,MW,DE,DE_LU,forecast_load,Forecasted Load,2026-07-27T20:08:22Z
2026-07-27T20:06:34Z,2026-07-27T22:06:34+0200,cc602197-a7f8-43dc-ae7f-8e28dc2e9571,2026-07-03T00:00:00Z,2026-07-03T02:00:00+0200,44797.729164,MW,DE,DE_LU,forecast_load,Forecasted Load,2026-07-27T20:08:22Z
2026-07-27T20:06:34Z,2026-07-27T22:06:34+0200,cc602197-a7f8-43dc-ae7f-8e28dc2e9571,2026-07-03T00:15:00Z,2026-07-03T02:15:00+0200,44558.068143,MW,DE,DE_LU,forecast_load,Forecasted Load,2026-07-27T20:08:22Z
2026-07-27T20:06:34Z,2026-07-27T22:06:34+0200,cc602197-a7f8-43dc-ae7f-8e28dc2e9571,2026-07-03T00:30:00Z,2026-07-03T02:30:00+0200,44633.453489,MW,DE,DE_LU,forecast_load,Forecasted Load,2026-07-27T20:08:22Z
2026-07-27T20:06:34Z,2026-07-27T22:06:34+0200,cc602197-a7f8-43dc-ae7f-8e28dc2e9571,2026-07-03T00:45:00Z,2026-07-03T02:45:00+0200,44546.384034,MW,DE,DE_LU,forecast_load,Forecasted Load,2026-07-27T20:08:22Z
2026-07-27T20:06:34Z,2026-07-27T22:06:34+0200,cc602197-a7f8-43dc-ae7f-8e28dc2e9571,2026-07-03T01:00:00Z,2026-07-03T03:00:00+0200,44316.341278,MW,DE,DE_LU,forecast_load,Forecasted Load,2026-07-27T20:08:22Z
2026-07-27T20:06:34Z,2026-07-27T22:06:34+0200,cc602197-a7f8-43dc-ae7f-8e28dc2e9571,2026-07-03T01:15:00Z,2026-07-03T03:15:00+0200,44198.691055,MW,DE,DE_LU,forecast_load,Forecasted Load,2026-07-27T20:08:22Z
2026-07-27T20:06:34Z,2026-07-27T22:06:34+0200,cc602197-a7f8-43dc-ae7f-8e28dc2e9571,2026-07-03T01:30:00Z,2026-07-03T03:30:00+0200,44326.967639,MW,DE,DE_LU,forecast_load,Forecasted Load,2026-07-27T20:08:22Z
2026-07-27T20:06:34Z,2026-07-27T22:06:34+0200,cc602197-a7f8-43dc-ae7f-8e28dc2e9571,2026-07-03T01:45:00Z,2026-07-03T03:45:00+0200,44482.530157,MW,DE,DE_LU,forecast_load,Forecasted Load,2026-07-27T20:08:22Z
2026-07-27T20:06:34Z,2026-07-27T22:06:34+0200,cc602197-a7f8-43dc-ae7f-8e28dc2e9571,2026-07-03T02:00:00Z,2026-07-03T04:00:00+0200,44990.620937,MW,DE,DE_LU,forecast_load,Forecasted Load,2026-07-27T20:08:22Z
2026-07-27T20:06:34Z,2026-07-27T22:06:34+0200,cc602197-a7f8-43dc-ae7f-8e28dc2e9571,2026-07-03T02:15:00Z,2026-07-03T04:15:00+0200,45160.669702,MW,DE,DE_LU,forecast_load,Forecasted Load,2026-07-27T20:08:22Z
2026-07-27T20:06:34Z,2026-07-27T22:06:34+0200,cc602197-a7f8-43dc-ae7f-8e28dc2e9571,2026-07-03T02:30:00Z,2026-07-03T04:30:00+0200,45534.540534,MW,DE,DE_LU,forecast_load,Forecasted Load,2026-07-27T20:08:22Z
2026-07-27T20:06:34Z,2026-07-27T22:06:34+0200,cc602197-a7f8-43dc-ae7f-8e28dc2e9571,2026-07-03T02:45:00Z,2026-07-03T04:45:00+0200,45991.229079,MW,DE,DE_LU,forecast_load,Forecasted Load,2026-07-27T20:08:22Z
2026-07-27T20:06:34Z,2026-07-27T22:06:34+0200,cc602197-a7f8-43dc-ae7f-8e28dc2e9571,2026-07-03T03:00:00Z,2026-07-03T05:00:00+0200,46707.461717,MW,DE,DE_LU,forecast_load,Forecasted Load,2026-07-27T20:08:22Z
2026-07-27T20:06:34Z,2026-07-27T22:06:34+0200,cc602197-a7f8-43dc-ae7f-8e28dc2e9571,2026-07-03T03:15:00Z,2026-07-03T05:15:00+0200,47353.259346,MW,DE,DE_LU,forecast_load,Forecasted Load,2026-07-27T20:08:22Z
2026-07-27T20:06:34Z,2026-07-27T22:06:34+0200,cc602197-a7f8-43dc-ae7f-8e28dc2e9571,2026-07-03T03:30:00Z,2026-07-03T05:30:00+0200,47926.286885,MW,DE,DE_LU,forecast_load,Forecasted Load,2026-07-27T20:08:22Z
2026-07-27T20:06:34Z,2026-07-27T22:06:34+0200,cc602197-a7f8-43dc-ae7f-8e28dc2e9571,2026-07-03T03:45:00Z,2026-07-03T05:45:00+0200,49058.048056,MW,DE,DE_LU,forecast_load,Forecasted Load,2026-07-27T20:08:22Z
2026-07-27T20:06:34Z,2026-07-27T22:06:34+0200,cc602197-a7f8-43dc-ae7f-8e28dc2e9571,2026-07-03T04:00:00Z,2026-07-03T06:00:00+0200,51548.27712,MW,DE,DE_LU,forecast_load,Forecasted Load,2026-07-27T20:08:22Z
2026-07-27T20:06:34Z,2026-07-27T22:06:34+0200,cc602197-a7f8-43dc-ae7f-8e28dc2e9571,2026-07-03T04:15:00Z,2026-07-03T06:15:00+0200,52395.616278,MW,DE,DE_LU,forecast_load,Forecasted Load,2026-07-27T20:08:22Z
2026-07-27T20:06:34Z,2026-07-27T22:06:34+0200,cc602197-a7f8-43dc-ae7f-8e28dc2e9571,2026-07-03T04:30:00Z,2026-07-03T06:30:00+0200,53853.555728,MW,DE,DE_LU,forecast_load,Forecasted Load,2026-07-27T20:08:22Z
2026-07-27T20:06:34Z,2026-07-27T22:06:34+0200,cc602197-a7f8-43dc-ae7f-8e28dc2e9571,2026-07-03T04:45:00Z,2026-07-03T06:45:00+0200,55173.291189,MW,DE,DE_LU,forecast_load,Forecasted Load,2026-07-27T20:08:22Z
2026-07-27T20:06:34Z,2026-07-27T22:06:34+0200,cc602197-a7f8-43dc-ae7f-8e28dc2e9571,2026-07-03T05:00:00Z,2026-07-03T07:00:00+0200,56307.490496,MW,DE,DE_LU,forecast_load,Forecasted Load,2026-07-27T20:08:22Z
2026-07-27T20:06:34Z,2026-07-27T22:06:34+0200,cc602197-a7f8-43dc-ae7f-8e28dc2e9571,2026-07-03T05:15:00Z,2026-07-03T07:15:00+0200,57394.070263,MW,DE,DE_LU,forecast_load,Forecasted Load,2026-07-27T20:08:22Z
2026-07-27T20:06:34Z,2026-07-27T22:06:34+0200,cc602197-a7f8-43dc-ae7f-8e28dc2e9571,2026-07-03T05:30:00Z,2026-07-03T07:30:00+0200,58333.992409,MW,DE,DE_LU,forecast_load,Forecasted Load,2026-07-27T20:08:22Z
2026-07-27T20:06:34Z,2026-07-27T22:06:34+0200,cc602197-a7f8-43dc-ae7f-8e28dc2e9571,2026-07-03T05:45:00Z,2026-07-03T07:45:00+0200,59063.618388,MW,DE,DE_LU,forecast_load,Forecasted Load,2026-07-27T20:08:22Z
2026-07-27T20:06:34Z,2026-07-27T22:06:34+0200,cc602197-a7f8-43dc-ae7f-8e28dc2e9571,2026-07-03T06:00:00Z,2026-07-03T08:00:00+0200,59924.915966,MW,DE,DE_LU,forecast_load,Forecasted Load,2026-07-27T20:08:22Z
2026-07-27T20:06:34Z,2026-07-27T22:06:34+0200,cc602197-a7f8-43dc-ae7f-8e28dc2e9571,2026-07-03T06:15:00Z,2026-07-03T08:15:00+0200,60431.401927,MW,DE,DE_LU,forecast_load,Forecasted Load,2026-07-27T20:08:22Z
2026-07-27T20:06:34Z,2026-07-27T22:06:34+0200,cc602197-a7f8-43dc-ae7f-8e28dc2e9571,2026-07-03T06:30:00Z,2026-07-03T08:30:00+0200,60913.70259,MW,DE,DE_LU,forecast_load,Forecasted Load,2026-07-27T20:08:22Z
2026-07-27T20:06:34Z,2026-07-27T22:06:34+0200,cc602197-a7f8-43dc-ae7f-8e28dc2e9571,2026-07-03T06:45:00Z,2026-07-03T08:45:00+0200,61435.066144,MW,DE,DE_LU,forecast_load,Forecasted Load,2026-07-27T20:08:22Z
2026-07-27T20:06:34Z,2026-07-27T22:06:34+0200,cc602197-a7f8-43dc-ae7f-8e28dc2e9571,2026-07-03T07:00:00Z,2026-07-03T09:00:00+0200,60843.989933,MW,DE,DE_LU,forecast_load,Forecasted Load,2026-07-27T20:08:22Z
2026-07-27T20:06:34Z,2026-07-27T22:06:34+0200,cc602197-a7f8-43dc-ae7f-8e28dc2e9571,2026-07-03T07:15:00Z,2026-07-03T09:15:00+0200,61062.35637,MW,DE,DE_LU,forecast_load,Forecasted Load,2026-07-27T20:08:22Z
2026-07-27T20:06:34Z,2026-07-27T22:06:34+0200,cc602197-a7f8-43dc-ae7f-8e28dc2e9571,2026-07-03T07:30:00Z,2026-07-03T09:30:00+0200,61406.916552,MW,DE,DE_LU,forecast_load,Forecasted Load,2026-07-27T20:08:22Z
2026-07-27T20:06:34Z,2026-07-27T22:06:34+0200,cc602197-a7f8-43dc-ae7f-8e28dc2e9571,2026-07-03T07:45:00Z,2026-07-03T09:45:00+0200,61685.302046,MW,DE,DE_LU,forecast_load,Forecasted Load,2026-07-27T20:08:22Z
2026-07-27T20:06:34Z,2026-07-27T22:06:34+0200,cc602197-a7f8-43dc-ae7f-8e28dc2e9571,2026-07-03T08:00:00Z,2026-07-03T10:00:00+0200,61774.171838,MW,DE,DE_LU,forecast_load,Forecasted Load,2026-07-27T20:08:22Z
2026-07-27T20:06:34Z,2026-07-27T22:06:34+0200,cc602197-a7f8-43dc-ae7f-8e28dc2e9571,2026-07-03T08:15:00Z,2026-07-03T10:15:00+0200,61839.874218,MW,DE,DE_LU,forecast_load,Forecasted Load,2026-07-27T20:08:22Z
2026-07-27T20:06:34Z,2026-07-27T22:06:34+0200,cc602197-a7f8-43dc-ae7f-8e28dc2e9571,2026-07-03T08:30:00Z,2026-07-03T10:30:00+0200,61723.04057,MW,DE,DE_LU,forecast_load,Forecasted Load,2026-07-27T20:08:22Z
2026-07-27T20:06:34Z,2026-07-27T22:06:34+0200,cc602197-a7f8-43dc-ae7f-8e28dc2e9571,2026-07-03T08:45:00Z,2026-07-03T10:45:00+0200,61558.171103,MW,DE,DE_LU,forecast_load,Forecasted Load,2026-07-27T20:08:22Z
2026-07-27T20:06:34Z,2026-07-27T22:06:34+0200,cc602197-a7f8-43dc-ae7f-8e28dc2e9571,2026-07-03T09:00:00Z,2026-07-03T11:00:00+0200,61022.875621,MW,DE,DE_LU,forecast_load,Forecasted Load,2026-07-27T20:08:22Z
2026-07-27T20:06:34Z,2026-07-27T22:06:34+0200,cc602197-a7f8-43dc-ae7f-8e28dc2e9571,2026-07-03T09:15:00Z,2026-07-03T11:15:00+0200,60884.173887,MW,DE,DE_LU,forecast_load,Forecasted Load,2026-07-27T20:08:22Z
2026-07-27T20:06:34Z,2026-07-27T22:06:34+0200,cc602197-a7f8-43dc-ae7f-8e28dc2e9571,2026-07-03T09:30:00Z,2026-07-03T11:30:00+0200,60723.323902,MW,DE,DE_LU,forecast_load,Forecasted Load,2026-07-27T20:08:22Z
2026-07-27T20:06:34Z,2026-07-27T22:06:34+0200,cc602197-a7f8-43dc-ae7f-8e28dc2e9571,2026-07-03T09:45:00Z,2026-07-03T11:45:00+0200,60331.256965,MW,DE,DE_LU,forecast_load,Forecasted Load,2026-07-27T20:08:22Z
2026-07-27T20:06:34Z,2026-07-27T22:06:34+0200,cc602197-a7f8-43dc-ae7f-8e28dc2e9571,2026-07-03T10:00:00Z,2026-07-03T12:00:00+0200,60042.309948,MW,DE,DE_LU,forecast_load,Forecasted Load,2026-07-27T20:08:22Z
2026-07-27T20:06:34Z,2026-07-27T22:06:34+0200,cc602197-a7f8-43dc-ae7f-8e28dc2e9571,2026-07-03T10:15:00Z,2026-07-03T12:15:00+0200,59419.094733,MW,DE,DE_LU,forecast_load,Forecasted Load,2026-07-27T20:08:22Z
2026-07-27T20:06:34Z,2026-07-27T22:06:34+0200,cc602197-a7f8-43dc-ae7f-8e28dc2e9571,2026-07-03T10:30:00Z,2026-07-03T12:30:00+0200,59166.2254,MW,DE,DE_LU,forecast_load,Forecasted Load,2026-07-27T20:08:22Z
2026-07-27T20:06:34Z,2026-07-27T22:06:34+0200,cc602197-a7f8-43dc-ae7f-8e28dc2e9571,2026-07-03T10:45:00Z,2026-07-03T12:45:00+0200,58725.856503,MW,DE,DE_LU,forecast_load,Forecasted Load,2026-07-27T20:08:22Z
2026-07-27T20:06:34Z,2026-07-27T22:06:34+0200,cc602197-a7f8-43dc-ae7f-8e28dc2e9571,2026-07-03T11:00:00Z,2026-07-03T13:00:00+0200,58503.229265,MW,DE,DE_LU,forecast_load,Forecasted Load,2026-07-27T20:08:22Z
2026-07-27T20:06:34Z,2026-07-27T22:06:34+0200,cc602197-a7f8-43dc-ae7f-8e28dc2e9571,2026-07-03T11:15:00Z,2026-07-03T13:15:00+0200,58013.854152,MW,DE,DE_LU,forecast_load,Forecasted Load,2026-07-27T20:08:22Z
2026-07-27T20:06:34Z,2026-07-27T22:06:34+0200,cc602197-a7f8-43dc-ae7f-8e28dc2e9571,2026-07-03T11:30:00Z,2026-07-03T13:30:00+0200,57590.222386,MW,DE,DE_LU,forecast_load,Forecasted Load,2026-07-27T20:08:22Z
2026-07-27T20:06:34Z,2026-07-27T22:06:34+0200,cc602197-a7f8-43dc-ae7f-8e28dc2e9571,2026-07-03T11:45:00Z,2026-07-03T13:45:00+0200,56891.407143,MW,DE,DE_LU,forecast_load,Forecasted Load,2026-07-27T20:08:22Z
2026-07-27T20:06:34Z,2026-07-27T22:06:34+0200,cc602197-a7f8-43dc-ae7f-8e28dc2e9571,2026-07-03T12:00:00Z,2026-07-03T14:00:00+0200,56935.189657,MW,DE,DE_LU,forecast_load,Forecasted Load,2026-07-27T20:08:22Z
2026-07-27T20:06:34Z,2026-07-27T22:06:34+0200,cc602197-a7f8-43dc-ae7f-8e28dc2e9571,2026-07-03T12:15:00Z,2026-07-03T14:15:00+0200,56951.433716,MW,DE,DE_LU,forecast_load,Forecasted Load,2026-07-27T20:08:22Z
2026-07-27T20:06:34Z,2026-07-27T22:06:34+0200,cc602197-a7f8-43dc-ae7f-8e28dc2e9571,2026-07-03T12:30:00Z,2026-07-03T14:30:00+0200,56587.379355,MW,DE,DE_LU,forecast_load,Forecasted Load,2026-07-27T20:08:22Z
2026-07-27T20:06:34Z,2026-07-27T22:06:34+0200,cc602197-a7f8-43dc-ae7f-8e28dc2e9571,2026-07-03T12:45:00Z,2026-07-03T14:45:00+0200,56381.656585,MW,DE,DE_LU,forecast_load,Forecasted Load,2026-07-27T20:08:22Z
2026-07-27T20:06:34Z,2026-07-27T22:06:34+0200,cc602197-a7f8-43dc-ae7f-8e28dc2e9571,2026-07-03T13:00:00Z,2026-07-03T15:00:00+0200,56209.396803,MW,DE,DE_LU,forecast_load,Forecasted Load,2026-07-27T20:08:22Z
2026-07-27T20:06:34Z,2026-07-27T22:06:34+0200,cc602197-a7f8-43dc-ae7f-8e28dc2e9571,2026-07-03T13:15:00Z,2026-07-03T15:15:00+0200,56447.390586,MW,DE,DE_LU,forecast_load,Forecasted Load,2026-07-27T20:08:22Z
2026-07-27T20:06:34Z,2026-07-27T22:06:34+0200,cc602197-a7f8-43dc-ae7f-8e28dc2e9571,2026-07-03T13:30:00Z,2026-07-03T15:30:00+0200,56096.51181,MW,DE,DE_LU,forecast_load,Forecasted Load,2026-07-27T20:08:22Z
2026-07-27T20:06:34Z,2026-07-27T22:06:34+0200,cc602197-a7f8-43dc-ae7f-8e28dc2e9571,2026-07-03T13:45:00Z,2026-07-03T15:45:00+0200,55816.53933,MW,DE,DE_LU,forecast_load,Forecasted Load,2026-07-27T20:08:22Z
2026-07-27T20:06:34Z,2026-07-27T22:06:34+0200,cc602197-a7f8-43dc-ae7f-8e28dc2e9571,2026-07-03T14:00:00Z,2026-07-03T16:00:00+0200,56222.811963,MW,DE,DE_LU,forecast_load,Forecasted Load,2026-07-27T20:08:22Z
2026-07-27T20:06:34Z,2026-07-27T22:06:34+0200,cc602197-a7f8-43dc-ae7f-8e28dc2e9571,2026-07-03T14:15:00Z,2026-07-03T16:15:00+0200,56269.550439,MW,DE,DE_LU,forecast_load,Forecasted Load,2026-07-27T20:08:22Z
2026-07-27T20:06:34Z,2026-07-27T22:06:34+0200,cc602197-a7f8-43dc-ae7f-8e28dc2e9571,2026-07-03T14:30:00Z,2026-07-03T16:30:00+0200,56208.383552,MW,DE,DE_LU,forecast_load,Forecasted Load,2026-07-27T20:08:22Z
2026-07-27T20:06:34Z,2026-07-27T22:06:34+0200,cc602197-a7f8-43dc-ae7f-8e28dc2e9571,2026-07-03T14:45:00Z,2026-07-03T16:45:00+0200,55999.012165,MW,DE,DE_LU,forecast_load,Forecasted Load,2026-07-27T20:08:22Z
2026-07-27T20:06:34Z,2026-07-27T22:06:34+0200,cc602197-a7f8-43dc-ae7f-8e28dc2e9571,2026-07-03T15:00:00Z,2026-07-03T17:00:00+0200,56643.64834,MW,DE,DE_LU,forecast_load,Forecasted Load,2026-07-27T20:08:22Z
2026-07-27T20:06:34Z,2026-07-27T22:06:34+0200,cc602197-a7f8-43dc-ae7f-8e28dc2e9571,2026-07-03T15:15:00Z,2026-07-03T17:15:00+0200,56913.48359,MW,DE,DE_LU,forecast_load,Forecasted Load,2026-07-27T20:08:22Z
2026-07-27T20:06:34Z,2026-07-27T22:06:34+0200,cc602197-a7f8-43dc-ae7f-8e28dc2e9571,2026-07-03T15:30:00Z,2026-07-03T17:30:00+0200,56841.012448,MW,DE,DE_LU,forecast_load,Forecasted Load,2026-07-27T20:08:22Z
2026-07-27T20:06:34Z,2026-07-27T22:06:34+0200,cc602197-a7f8-43dc-ae7f-8e28dc2e9571,2026-07-03T15:45:00Z,2026-07-03T17:45:00+0200,56697.487644,MW,DE,DE_LU,forecast_load,Forecasted Load,2026-07-27T20:08:22Z
2026-07-27T20:06:34Z,2026-07-27T22:06:34+0200,cc602197-a7f8-43dc-ae7f-8e28dc2e9571,2026-07-03T16:00:00Z,2026-07-03T18:00:00+0200,56828.864267,MW,DE,DE_LU,forecast_load,Forecasted Load,2026-07-27T20:08:22Z
2026-07-27T20:06:34Z,2026-07-27T22:06:34+0200,cc602197-a7f8-43dc-ae7f-8e28dc2e9571,2026-07-03T16:15:00Z,2026-07-03T18:15:00+0200,56874.464178,MW,DE,DE_LU,forecast_load,Forecasted Load,2026-07-27T20:08:22Z
2026-07-27T20:06:34Z,2026-07-27T22:06:34+0200,cc602197-a7f8-43dc-ae7f-8e28dc2e9571,2026-07-03T16:30:00Z,2026-07-03T18:30:00+0200,56922.132933,MW,DE,DE_LU,forecast_load,Forecasted Load,2026-07-27T20:08:22Z
2026-07-27T20:06:34Z,2026-07-27T22:06:34+0200,cc602197-a7f8-43dc-ae7f-8e28dc2e9571,2026-07-03T16:45:00Z,2026-07-03T18:45:00+0200,56781.00087,MW,DE,DE_LU,forecast_load,Forecasted Load,2026-07-27T20:08:22Z
2026-07-27T20:06:34Z,2026-07-27T22:06:34+0200,cc602197-a7f8-43dc-ae7f-8e28dc2e9571,2026-07-03T17:00:00Z,2026-07-03T19:00:00+0200,56988.129936,MW,DE,DE_LU,forecast_load,Forecasted Load,2026-07-27T20:08:22Z
2026-07-27T20:06:34Z,2026-07-27T22:06:34+0200,cc602197-a7f8-43dc-ae7f-8e28dc2e9571,2026-07-03T17:15:00Z,2026-07-03T19:15:00+0200,57007.648532,MW,DE,DE_LU,forecast_load,Forecasted Load,2026-07-27T20:08:22Z
2026-07-27T20:06:34Z,2026-07-27T22:06:34+0200,cc602197-a7f8-43dc-ae7f-8e28dc2e9571,2026-07-03T17:30:00Z,2026-07-03T19:30:00+0200,56654.151307,MW,DE,DE_LU,forecast_load,Forecasted Load,2026-07-27T20:08:22Z
2026-07-27T20:06:34Z,2026-07-27T22:06:34+0200,cc602197-a7f8-43dc-ae7f-8e28dc2e9571,2026-07-03T17:45:00Z,2026-07-03T19:45:00+0200,56507.20019,MW,DE,DE_LU,forecast_load,Forecasted Load,2026-07-27T20:08:22Z
2026-07-27T20:06:34Z,2026-07-27T22:06:34+0200,cc602197-a7f8-43dc-ae7f-8e28dc2e9571,2026-07-03T18:00:00Z,2026-07-03T20:00:00+0200,56081.246112,MW,DE,DE_LU,forecast_load,Forecasted Load,2026-07-27T20:08:22Z
2026-07-27T20:06:34Z,2026-07-27T22:06:34+0200,cc602197-a7f8-43dc-ae7f-8e28dc2e9571,2026-07-03T18:15:00Z,2026-07-03T20:15:00+0200,55629.637179,MW,DE,DE_LU,forecast_load,Forecasted Load,2026-07-27T20:08:22Z
2026-07-27T20:06:34Z,2026-07-27T22:06:34+0200,cc602197-a7f8-43dc-ae7f-8e28dc2e9571,2026-07-03T18:30:00Z,2026-07-03T20:30:00+0200,54963.660939,MW,DE,DE_LU,forecast_load,Forecasted Load,2026-07-27T20:08:22Z
2026-07-27T20:06:34Z,2026-07-27T22:06:34+0200,cc602197-a7f8-43dc-ae7f-8e28dc2e9571,2026-07-03T18:45:00Z,2026-07-03T20:45:00+0200,54484.411985,MW,DE,DE_LU,forecast_load,Forecasted Load,2026-07-27T20:08:22Z
2026-07-27T20:06:34Z,2026-07-27T22:06:34+0200,cc602197-a7f8-43dc-ae7f-8e28dc2e9571,2026-07-03T19:00:00Z,2026-07-03T21:00:00+0200,53762.839172,MW,DE,DE_LU,forecast_load,Forecasted Load,2026-07-27T20:08:22Z
2026-07-27T20:06:34Z,2026-07-27T22:06:34+0200,cc602197-a7f8-43dc-ae7f-8e28dc2e9571,2026-07-03T19:15:00Z,2026-07-03T21:15:00+0200,53307.814664,MW,DE,DE_LU,forecast_load,Forecasted Load,2026-07-27T20:08:22Z
2026-07-27T20:06:34Z,2026-07-27T22:06:34+0200,cc602197-a7f8-43dc-ae7f-8e28dc2e9571,2026-07-03T19:30:00Z,2026-07-03T21:30:00+0200,52680.514384,MW,DE,DE_LU,forecast_load,Forecasted Load,2026-07-27T20:08:22Z
2026-07-27T20:06:34Z,2026-07-27T22:06:34+0200,cc602197-a7f8-43dc-ae7f-8e28dc2e9571,2026-07-03T19:45:00Z,2026-07-03T21:45:00+0200,52121.541874,MW,DE,DE_LU,forecast_load,Forecasted Load,2026-07-27T20:08:22Z
2026-07-27T20:06:34Z,2026-07-27T22:06:34+0200,cc602197-a7f8-43dc-ae7f-8e28dc2e9571,2026-07-03T20:00:00Z,2026-07-03T22:00:00+0200,51430.587999,MW,DE,DE_LU,forecast_load,Forecasted Load,2026-07-27T20:08:22Z
2026-07-27T20:06:34Z,2026-07-27T22:06:34+0200,cc602197-a7f8-43dc-ae7f-8e28dc2e9571,2026-07-03T20:15:00Z,2026-07-03T22:15:00+0200,50677.805329,MW,DE,DE_LU,forecast_load,Forecasted Load,2026-07-27T20:08:22Z
2026-07-27T20:06:34Z,2026-07-27T22:06:34+0200,cc602197-a7f8-43dc-ae7f-8e28dc2e9571,2026-07-03T20:30:00Z,2026-07-03T22:30:00+0200,49990.180686,MW,DE,DE_LU,forecast_load,Forecasted Load,2026-07-27T20:08:22Z
2026-07-27T20:06:34Z,2026-07-27T22:06:34+0200,cc602197-a7f8-43dc-ae7f-8e28dc2e9571,2026-07-03T20:45:00Z,2026-07-03T22:45:00+0200,49364.542234,MW,DE,DE_LU,forecast_load,Forecasted Load,2026-07-27T20:08:22Z
2026-07-27T20:06:34Z,2026-07-27T22:06:34+0200,cc602197-a7f8-43dc-ae7f-8e28dc2e9571,2026-07-03T21:00:00Z,2026-07-03T23:00:00+0200,48391.026238,MW,DE,DE_LU,forecast_load,Forecasted Load,2026-07-27T20:08:22Z
2026-07-27T20:06:34Z,2026-07-27T22:06:34+0200,cc602197-a7f8-43dc-ae7f-8e28dc2e9571,2026-07-03T21:15:00Z,2026-07-03T23:15:00+0200,47592.780196,MW,DE,DE_LU,forecast_load,Forecasted Load,2026-07-27T20:08:22Z
2026-07-27T20:06:34Z,2026-07-27T22:06:34+0200,cc602197-a7f8-43dc-ae7f-8e28dc2e9571,2026-07-03T21:30:00Z,2026-07-03T23:30:00+0200,47086.600955,MW,DE,DE_LU,forecast_load,Forecasted Load,2026-07-27T20:08:22Z
2026-07-27T20:06:34Z,2026-07-27T22:06:34+0200,cc602197-a7f8-43dc-ae7f-8e28dc2e9571,2026-07-03T21:45:00Z,2026-07-03T23:45:00+0200,46422.726932,MW,DE,DE_LU,forecast_load,Forecasted Load,2026-07-27T20:08:22Z
2026-07-27T20:06:34Z,2026-07-27T22:06:34+0200,cc602197-a7f8-43dc-ae7f-8e28dc2e9571,2026-07-03T22:00:00Z,2026-07-04T00:00:00+0200,44736.5137,MW,DE,DE_LU,forecast_load,Forecasted Load,2026-07-27T20:08:22Z
2026-07-27T20:06:34Z,2026-07-27T22:06:34+0200,cc602197-a7f8-43dc-ae7f-8e28dc2e9571,2026-07-03T22:15:00Z,2026-07-04T00:15:00+0200,44040.071726,MW,DE,DE_LU,forecast_load,Forecasted Load,2026-07-27T20:08:22Z
2026-07-27T20:06:34Z,2026-07-27T22:06:34+0200,cc602197-a7f8-43dc-ae7f-8e28dc2e9571,2026-07-03T22:30:00Z,2026-07-04T00:30:00+0200,43468.21189,MW,DE,DE_LU,forecast_load,Forecasted Load,2026-07-27T20:08:22Z
2026-07-27T20:06:34Z,2026-07-27T22:06:34+0200,cc602197-a7f8-43dc-ae7f-8e28dc2e9571,2026-07-03T22:45:00Z,2026-07-04T00:45:00+0200,43049.737432,MW,DE,DE_LU,forecast_load,Forecasted Load,2026-07-27T20:08:22Z
2026-07-27T20:06:34Z,2026-07-27T22:06:34+0200,cc602197-a7f8-43dc-ae7f-8e28dc2e9571,2026-07-03T23:00:00Z,2026-07-04T01:00:00+0200,42671.389108,MW,DE,DE_LU,forecast_load,Forecasted Load,2026-07-27T20:08:22Z
2026-07-27T20:06:34Z,2026-07-27T22:06:34+0200,cc602197-a7f8-43dc-ae7f-8e28dc2e9571,2026-07-03T23:15:00Z,2026-07-04T01:15:00+0200,42007.362936,MW,DE,DE_LU,forecast_load,Forecasted Load,2026-07-27T20:08:22Z
2026-07-27T20:06:34Z,2026-07-27T22:06:34+0200,cc602197-a7f8-43dc-ae7f-8e28dc2e9571,2026-07-03T23:30:00Z,2026-07-04T01:30:00+0200,41557.478722,MW,DE,DE_LU,forecast_load,Forecasted Load,2026-07-27T20:08:22Z
2026-07-27T20:06:34Z,2026-07-27T22:06:34+0200,cc602197-a7f8-43dc-ae7f-8e28dc2e9571,2026-07-03T23:45:00Z,2026-07-04T01:45:00+0200,41208.162909,MW,DE,DE_LU,forecast_load,Forecasted Load,2026-07-27T20:08:22Z
2026-07-27T20:06:34Z,2026-07-27T22:06:34+0200,cc602197-a7f8-43dc-ae7f-8e28dc2e9571,2026-07-04T00:00:00Z,2026-07-04T02:00:00+0200,40986.420944,MW,DE,DE_LU,forecast_load,Forecasted Load,2026-07-27T20:08:22Z
2026-07-27T20:06:34Z,2026-07-27T22:06:34+0200,cc602197-a7f8-43dc-ae7f-8e28dc2e9571,2026-07-04T00:15:00Z,2026-07-04T02:15:00+0200,40639.963917,MW,DE,DE_LU,forecast_load,Forecasted Load,2026-07-27T20:08:22Z
2026-07-27T20:06:34Z,2026-07-27T22:06:34+0200,cc602197-a7f8-43dc-ae7f-8e28dc2e9571,2026-07-04T00:30:00Z,2026-07-04T02:30:00+0200,40365.062056,MW,DE,DE_LU,forecast_load,Forecasted Load,2026-07-27T20:08:22Z
2026-07-27T20:06:34Z,2026-07-27T22:06:34+0200,cc602197-a7f8-43dc-ae7f-8e28dc2e9571,2026-07-04T00:45:00Z,2026-07-04T02:45:00+0200,40152.955151,MW,DE,DE_LU,forecast_load,Forecasted Load,2026-07-27T20:08:22Z
2026-07-27T20:06:34Z,2026-07-27T22:06:34+0200,cc602197-a7f8-43dc-ae7f-8e28dc2e9571,2026-07-04T01:00:00Z,2026-07-04T03:00:00+0200,40113.404313,MW,DE,DE_LU,forecast_load,Forecasted Load,2026-07-27T20:08:22Z
2026-07-27T20:06:34Z,2026-07-27T22:06:34+0200,cc602197-a7f8-43dc-ae7f-8e28dc2e9571,2026-07-04T01:15:00Z,2026-07-04T03:15:00+0200,40005.432978,MW,DE,DE_LU,forecast_load,Forecasted Load,2026-07-27T20:08:22Z
2026-07-27T20:06:34Z,2026-07-27T22:06:34+0200,cc602197-a7f8-43dc-ae7f-8e28dc2e9571,2026-07-04T01:30:00Z,2026-07-04T03:30:00+0200,39863.254546,MW,DE,DE_LU,forecast_load,Forecasted Load,2026-07-27T20:08:22Z
2026-07-27T20:06:34Z,2026-07-27T22:06:34+0200,cc602197-a7f8-43dc-ae7f-8e28dc2e9571,2026-07-04T01:45:00Z,2026-07-04T03:45:00+0200,39766.121587,MW,DE,DE_LU,forecast_load,Forecasted Load,2026-07-27T20:08:22Z
2026-07-27T20:06:34Z,2026-07-27T22:06:34+0200,cc602197-a7f8-43dc-ae7f-8e28dc2e9571,2026-07-04T02:00:00Z,2026-07-04T04:00:00+0200,39813.098941,MW,DE,DE_LU,forecast_load,Forecasted Load,2026-07-27T20:08:22Z
2026-07-27T20:06:34Z,2026-07-27T22:06:34+0200,cc602197-a7f8-43dc-ae7f-8e28dc2e9571,2026-07-04T02:15:00Z,2026-07-04T04:15:00+0200,39820.191896,MW,DE,DE_LU,forecast_load,Forecasted Load,2026-07-27T20:08:22Z
2026-07-27T20:06:34Z,2026-07-27T22:06:34+0200,cc602197-a7f8-43dc-ae7f-8e28dc2e9571,2026-07-04T02:30:00Z,2026-07-04T04:30:00+0200,39861.344785,MW,DE,DE_LU,forecast_load,Forecasted Load,2026-07-27T20:08:22Z
2026-07-27T20:06:34Z,2026-07-27T22:06:34+0200,cc602197-a7f8-43dc-ae7f-8e28dc2e9571,2026-07-04T02:45:00Z,2026-07-04T04:45:00+0200,40038.005372,MW,DE,DE_LU,forecast_load,Forecasted Load,2026-07-27T20:08:22Z
2026-07-27T20:06:34Z,2026-07-27T22:06:34+0200,cc602197-a7f8-43dc-ae7f-8e28dc2e9571,2026-07-04T03:00:00Z,2026-07-04T05:00:00+0200,40182.259604,MW,DE,DE_LU,forecast_load,Forecasted Load,2026-07-27T20:08:22Z
2026-07-27T20:06:34Z,2026-07-27T22:06:34+0200,cc602197-a7f8-43dc-ae7f-8e28dc2e9571,2026-07-04T03:15:00Z,2026-07-04T05:15:00+0200,39937.927148,MW,DE,DE_LU,forecast_load,Forecasted Load,2026-07-27T20:08:22Z
2026-07-27T20:06:34Z,2026-07-27T22:06:34+0200,cc602197-a7f8-43dc-ae7f-8e28dc2e9571,2026-07-04T03:30:00Z,2026-07-04T05:30:00+0200,41310.909996,MW,DE,DE_LU,forecast_load,Forecasted Load,2026-07-27T20:08:22Z
2026-07-27T20:06:34Z,2026-07-27T22:06:34+0200,cc602197-a7f8-43dc-ae7f-8e28dc2e9571,2026-07-04T03:45:00Z,2026-07-04T05:45:00+0200,41731.361933,MW,DE,DE_LU,forecast_load,Forecasted Load,2026-07-27T20:08:22Z
2026-07-27T20:06:34Z,2026-07-27T22:06:34+0200,cc602197-a7f8-43dc-ae7f-8e28dc2e9571,2026-07-04T04:00:00Z,2026-07-04T06:00:00+0200,42994.535286,MW,DE,DE_LU,forecast_load,Forecasted Load,2026-07-27T20:08:22Z
2026-07-27T20:06:34Z,2026-07-27T22:06:34+0200,cc602197-a7f8-43dc-ae7f-8e28dc2e9571,2026-07-04T04:15:00Z,2026-07-04T06:15:00+0200,42782.232789,MW,DE,DE_LU,forecast_load,Forecasted Load,2026-07-27T20:08:22Z
2026-07-27T20:06:34Z,2026-07-27T22:06:34+0200,cc602197-a7f8-43dc-ae7f-8e28dc2e9571,2026-07-04T04:30:00Z,2026-07-04T06:30:00+0200,43457.441917,MW,DE,DE_LU,forecast_load,Forecasted Load,2026-07-27T20:08:22Z
2026-07-27T20:06:34Z,2026-07-27T22:06:34+0200,cc602197-a7f8-43dc-ae7f-8e28dc2e9571,2026-07-04T04:45:00Z,2026-07-04T06:45:00+0200,44051.429492,MW,DE,DE_LU,forecast_load,Forecasted Load,2026-07-27T20:08:22Z
2026-07-27T20:06:34Z,2026-07-27T22:06:34+0200,cc602197-a7f8-43dc-ae7f-8e28dc2e9571,2026-07-04T05:00:00Z,2026-07-04T07:00:00+0200,44762.941137,MW,DE,DE_LU,forecast_load,Forecasted Load,2026-07-27T20:08:22Z
2026-07-27T20:06:34Z,2026-07-27T22:06:34+0200,cc602197-a7f8-43dc-ae7f-8e28dc2e9571,2026-07-04T05:15:00Z,2026-07-04T07:15:00+0200,45606.381326,MW,DE,DE_LU,forecast_load,Forecasted Load,2026-07-27T20:08:22Z
2026-07-27T20:06:34Z,2026-07-27T22:06:34+0200,cc602197-a7f8-43dc-ae7f-8e28dc2e9571,2026-07-04T05:30:00Z,2026-07-04T07:30:00+0200,46428.735825,MW,DE,DE_LU,forecast_load,Forecasted Load,2026-07-27T20:08:22Z
2026-07-27T20:06:34Z,2026-07-27T22:06:34+0200,cc602197-a7f8-43dc-ae7f-8e28dc2e9571,2026-07-04T05:45:00Z,2026-07-04T07:45:00+0200,47188.381179,MW,DE,DE_LU,forecast_load,Forecasted Load,2026-07-27T20:08:22Z
2026-07-27T20:06:34Z,2026-07-27T22:06:34+0200,cc602197-a7f8-43dc-ae7f-8e28dc2e9571,2026-07-04T06:00:00Z,2026-07-04T08:00:00+0200,47806.978076,MW,DE,DE_LU,forecast_load,Forecasted Load,2026-07-27T20:08:22Z
2026-07-27T20:06:34Z,2026-07-27T22:06:34+0200,cc602197-a7f8-43dc-ae7f-8e28dc2e9571,2026-07-04T06:15:00Z,2026-07-04T08:15:00+0200,48631.48326,MW,DE,DE_LU,forecast_load,Forecasted Load,2026-07-27T20:08:22Z
2026-07-27T20:06:34Z,2026-07-27T22:06:34+0200,cc602197-a7f8-43dc-ae7f-8e28dc2e9571,2026-07-04T06:30:00Z,2026-07-04T08:30:00+0200,49179.649299,MW,DE,DE_LU,forecast_load,Forecasted Load,2026-07-27T20:08:22Z
2026-07-27T20:06:34Z,2026-07-27T22:06:34+0200,cc602197-a7f8-43dc-ae7f-8e28dc2e9571,2026-07-04T06:45:00Z,2026-07-04T08:45:00+0200,49980.133971,MW,DE,DE_LU,forecast_load,Forecasted Load,2026-07-27T20:08:22Z
2026-07-27T20:06:34Z,2026-07-27T22:06:34+0200,cc602197-a7f8-43dc-ae7f-8e28dc2e9571,2026-07-04T07:00:00Z,2026-07-04T09:00:00+0200,50291.577634,MW,DE,DE_LU,forecast_load,Forecasted Load,2026-07-27T20:08:22Z
2026-07-27T20:06:34Z,2026-07-27T22:06:34+0200,cc602197-a7f8-43dc-ae7f-8e28dc2e9571,2026-07-04T07:15:00Z,2026-07-04T09:15:00+0200,50595.591842,MW,DE,DE_LU,forecast_load,Forecasted Load,2026-07-27T20:08:22Z
2026-07-27T20:06:34Z,2026-07-27T22:06:34+0200,cc602197-a7f8-43dc-ae7f-8e28dc2e9571,2026-07-04T07:30:00Z,2026-07-04T09:30:00+0200,51122.325637,MW,DE,DE_LU,forecast_load,Forecasted Load,2026-07-27T20:08:22Z
2026-07-27T20:06:34Z,2026-07-27T22:06:34+0200,cc602197-a7f8-43dc-ae7f-8e28dc2e9571,2026-07-04T07:45:00Z,2026-07-04T09:45:00+0200,51446.818232,MW,DE,DE_LU,forecast_load,Forecasted Load,2026-07-27T20:08:22Z
2026-07-27T20:06:34Z,2026-07-27T22:06:34+0200,cc602197-a7f8-43dc-ae7f-8e28dc2e9571,2026-07-04T08:00:00Z,2026-07-04T10:00:00+0200,51435.698207,MW,DE,DE_LU,forecast_load,Forecasted Load,2026-07-27T20:08:22Z
2026-07-27T20:06:34Z,2026-07-27T22:06:34+0200,cc602197-a7f8-43dc-ae7f-8e28dc2e9571,2026-07-04T08:15:00Z,2026-07-04T10:15:00+0200,51547.229392,MW,DE,DE_LU,forecast_load,Forecasted Load,2026-07-27T20:08:22Z
2026-07-27T20:06:34Z,2026-07-27T22:06:34+0200,cc602197-a7f8-43dc-ae7f-8e28dc2e9571,2026-07-04T08:30:00Z,2026-07-04T10:30:00+0200,51629.299286,MW,DE,DE_LU,forecast_load,Forecasted Load,2026-07-27T20:08:22Z
2026-07-27T20:06:34Z,2026-07-27T22:06:34+0200,cc602197-a7f8-43dc-ae7f-8e28dc2e9571,2026-07-04T08:45:00Z,2026-07-04T10:45:00+0200,51667.575551,MW,DE,DE_LU,forecast_load,Forecasted Load,2026-07-27T20:08:22Z
2026-07-27T20:06:34Z,2026-07-27T22:06:34+0200,cc602197-a7f8-43dc-ae7f-8e28dc2e9571,2026-07-04T09:00:00Z,2026-07-04T11:00:00+0200,51503.582027,MW,DE,DE_LU,forecast_load,Forecasted Load,2026-07-27T20:08:22Z
2026-07-27T20:06:34Z,2026-07-27T22:06:34+0200,cc602197-a7f8-43dc-ae7f-8e28dc2e9571,2026-07-04T09:15:00Z,2026-07-04T11:15:00+0200,51344.13109,MW,DE,DE_LU,forecast_load,Forecasted Load,2026-07-27T20:08:22Z
2026-07-27T20:06:34Z,2026-07-27T22:06:34+0200,cc602197-a7f8-43dc-ae7f-8e28dc2e9571,2026-07-04T09:30:00Z,2026-07-04T11:30:00+0200,51311.661509,MW,DE,DE_LU,forecast_load,Forecasted Load,2026-07-27T20:08:22Z
2026-07-27T20:06:34Z,2026-07-27T22:06:34+0200,cc602197-a7f8-43dc-ae7f-8e28dc2e9571,2026-07-04T09:45:00Z,2026-07-04T11:45:00+0200,51263.919812,MW,DE,DE_LU,forecast_load,Forecasted Load,2026-07-27T20:08:22Z
2026-07-27T20:06:34Z,2026-07-27T22:06:34+0200,cc602197-a7f8-43dc-ae7f-8e28dc2e9571,2026-07-04T10:00:00Z,2026-07-04T12:00:00+0200,50699.447148,MW,DE,DE_LU,forecast_load,Forecasted Load,2026-07-27T20:08:22Z
2026-07-27T20:06:34Z,2026-07-27T22:06:34+0200,cc602197-a7f8-43dc-ae7f-8e28dc2e9571,2026-07-04T10:15:00Z,2026-07-04T12:15:00+0200,50495.917754,MW,DE,DE_LU,forecast_load,Forecasted Load,2026-07-27T20:08:22Z
2026-07-27T20:06:34Z,2026-07-27T22:06:34+0200,cc602197-a7f8-43dc-ae7f-8e28dc2e9571,2026-07-04T10:30:00Z,2026-07-04T12:30:00+0200,50328.29285,MW,DE,DE_LU,forecast_load,Forecasted Load,2026-07-27T20:08:22Z
2026-07-27T20:06:34Z,2026-07-27T22:06:34+0200,cc602197-a7f8-43dc-ae7f-8e28dc2e9571,2026-07-04T10:45:00Z,2026-07-04T12:45:00+0200,50104.033316,MW,DE,DE_LU,forecast_load,Forecasted Load,2026-07-27T20:08:22Z
2026-07-27T20:06:34Z,2026-07-27T22:06:34+0200,cc602197-a7f8-43dc-ae7f-8e28dc2e9571,2026-07-04T11:00:00Z,2026-07-04T13:00:00+0200,49717.215583,MW,DE,DE_LU,forecast_load,Forecasted Load,2026-07-27T20:08:22Z
2026-07-27T20:06:34Z,2026-07-27T22:06:34+0200,cc602197-a7f8-43dc-ae7f-8e28dc2e9571,2026-07-04T11:15:00Z,2026-07-04T13:15:00+0200,49514.571949,MW,DE,DE_LU,forecast_load,Forecasted Load,2026-07-27T20:08:22Z
2026-07-27T20:06:34Z,2026-07-27T22:06:34+0200,cc602197-a7f8-43dc-ae7f-8e28dc2e9571,2026-07-04T11:30:00Z,2026-07-04T13:30:00+0200,49330.220552,MW,DE,DE_LU,forecast_load,Forecasted Load,2026-07-27T20:08:22Z
2026-07-27T20:06:34Z,2026-07-27T22:06:34+0200,cc602197-a7f8-43dc-ae7f-8e28dc2e9571,2026-07-04T11:45:00Z,2026-07-04T13:45:00+0200,48909.506156,MW,DE,DE_LU,forecast_load,Forecasted Load,2026-07-27T20:08:22Z
2026-07-27T20:06:34Z,2026-07-27T22:06:34+0200,cc602197-a7f8-43dc-ae7f-8e28dc2e9571,2026-07-04T12:00:00Z,2026-07-04T14:00:00+0200,48394.38989,MW,DE,DE_LU,forecast_load,Forecasted Load,2026-07-27T20:08:22Z
2026-07-27T20:06:34Z,2026-07-27T22:06:34+0200,cc602197-a7f8-43dc-ae7f-8e28dc2e9571,2026-07-04T12:15:00Z,2026-07-04T14:15:00+0200,47889.029455,MW,DE,DE_LU,forecast_load,Forecasted Load,2026-07-27T20:08:22Z
2026-07-27T20:06:34Z,2026-07-27T22:06:34+0200,cc602197-a7f8-43dc-ae7f-8e28dc2e9571,2026-07-04T12:30:00Z,2026-07-04T14:30:00+0200,47673.187416,MW,DE,DE_LU,forecast_load,Forecasted Load,2026-07-27T20:08:22Z
2026-07-27T20:06:34Z,2026-07-27T22:06:34+0200,cc602197-a7f8-43dc-ae7f-8e28dc2e9571,2026-07-04T12:45:00Z,2026-07-04T14:45:00+0200,47490.930237,MW,DE,DE_LU,forecast_load,Forecasted Load,2026-07-27T20:08:22Z
2026-07-27T20:06:34Z,2026-07-27T22:06:34+0200,cc602197-a7f8-43dc-ae7f-8e28dc2e9571,2026-07-04T13:00:00Z,2026-07-04T15:00:00+0200,47526.509204,MW,DE,DE_LU,forecast_load,Forecasted Load,2026-07-27T20:08:22Z
2026-07-27T20:06:34Z,2026-07-27T22:06:34+0200,cc602197-a7f8-43dc-ae7f-8e28dc2e9571,2026-07-04T13:15:00Z,2026-07-04T15:15:00+0200,47393.327489,MW,DE,DE_LU,forecast_load,Forecasted Load,2026-07-27T20:08:22Z
2026-07-27T20:06:34Z,2026-07-27T22:06:34+0200,cc602197-a7f8-43dc-ae7f-8e28dc2e9571,2026-07-04T13:30:00Z,2026-07-04T15:30:00+0200,47344.957544,MW,DE,DE_LU,forecast_load,Forecasted Load,2026-07-27T20:08:22Z
2026-07-27T20:06:34Z,2026-07-27T22:06:34+0200,cc602197-a7f8-43dc-ae7f-8e28dc2e9571,2026-07-04T13:45:00Z,2026-07-04T15:45:00+0200,47101.799294,MW,DE,DE_LU,forecast_load,Forecasted Load,2026-07-27T20:08:22Z
2026-07-27T20:06:34Z,2026-07-27T22:06:34+0200,cc602197-a7f8-43dc-ae7f-8e28dc2e9571,2026-07-04T14:00:00Z,2026-07-04T16:00:00+0200,47629.358062,MW,DE,DE_LU,forecast_load,Forecasted Load,2026-07-27T20:08:22Z
2026-07-27T20:06:34Z,2026-07-27T22:06:34+0200,cc602197-a7f8-43dc-ae7f-8e28dc2e9571,2026-07-04T14:15:00Z,2026-07-04T16:15:00+0200,48031.22112,MW,DE,DE_LU,forecast_load,Forecasted Load,2026-07-27T20:08:22Z
2026-07-27T20:06:34Z,2026-07-27T22:06:34+0200,cc602197-a7f8-43dc-ae7f-8e28dc2e9571,2026-07-04T14:30:00Z,2026-07-04T16:30:00+0200,48319.11626,MW,DE,DE_LU,forecast_load,Forecasted Load,2026-07-27T20:08:22Z
2026-07-27T20:06:34Z,2026-07-27T22:06:34+0200,cc602197-a7f8-43dc-ae7f-8e28dc2e9571,2026-07-04T14:45:00Z,2026-07-04T16:45:00+0200,47766.56839,MW,DE,DE_LU,forecast_load,Forecasted Load,2026-07-27T20:08:22Z
2026-07-27T20:06:34Z,2026-07-27T22:06:34+0200,cc602197-a7f8-43dc-ae7f-8e28dc2e9571,2026-07-04T15:00:00Z,2026-07-04T17:00:00+0200,48208.206738,MW,DE,DE_LU,forecast_load,Forecasted Load,2026-07-27T20:08:22Z
2026-07-27T20:06:34Z,2026-07-27T22:06:34+0200,cc602197-a7f8-43dc-ae7f-8e28dc2e9571,2026-07-04T15:15:00Z,2026-07-04T17:15:00+0200,48015.306116,MW,DE,DE_LU,forecast_load,Forecasted Load,2026-07-27T20:08:22Z
2026-07-27T20:06:34Z,2026-07-27T22:06:34+0200,cc602197-a7f8-43dc-ae7f-8e28dc2e9571,2026-07-04T15:30:00Z,2026-07-04T17:30:00+0200,48104.317867,MW,DE,DE_LU,forecast_load,Forecasted Load,2026-07-27T20:08:22Z
2026-07-27T20:06:34Z,2026-07-27T22:06:34+0200,cc602197-a7f8-43dc-ae7f-8e28dc2e9571,2026-07-04T15:45:00Z,2026-07-04T17:45:00+0200,48676.831235,MW,DE,DE_LU,forecast_load,Forecasted Load,2026-07-27T20:08:22Z
2026-07-27T20:06:34Z,2026-07-27T22:06:34+0200,cc602197-a7f8-43dc-ae7f-8e28dc2e9571,2026-07-04T16:00:00Z,2026-07-04T18:00:00+0200,49334.47345,MW,DE,DE_LU,forecast_load,Forecasted Load,2026-07-27T20:08:22Z
2026-07-27T20:06:34Z,2026-07-27T22:06:34+0200,cc602197-a7f8-43dc-ae7f-8e28dc2e9571,2026-07-04T16:15:00Z,2026-07-04T18:15:00+0200,49826.75243,MW,DE,DE_LU,forecast_load,Forecasted Load,2026-07-27T20:08:22Z
2026-07-27T20:06:34Z,2026-07-27T22:06:34+0200,cc602197-a7f8-43dc-ae7f-8e28dc2e9571,2026-07-04T16:30:00Z,2026-07-04T18:30:00+0200,49525.786632,MW,DE,DE_LU,forecast_load,Forecasted Load,2026-07-27T20:08:22Z
2026-07-27T20:06:34Z,2026-07-27T22:06:34+0200,cc602197-a7f8-43dc-ae7f-8e28dc2e9571,2026-07-04T16:45:00Z,2026-07-04T18:45:00+0200,50018.089302,MW,DE,DE_LU,forecast_load,Forecasted Load,2026-07-27T20:08:22Z
2026-07-27T20:06:34Z,2026-07-27T22:06:34+0200,cc602197-a7f8-43dc-ae7f-8e28dc2e9571,2026-07-04T17:00:00Z,2026-07-04T19:00:00+0200,50242.51115,MW,DE,DE_LU,forecast_load,Forecasted Load,2026-07-27T20:08:22Z
2026-07-27T20:06:34Z,2026-07-27T22:06:34+0200,cc602197-a7f8-43dc-ae7f-8e28dc2e9571,2026-07-04T17:15:00Z,2026-07-04T19:15:00+0200,50482.40519,MW,DE,DE_LU,forecast_load,Forecasted Load,2026-07-27T20:08:22Z
2026-07-27T20:06:34Z,2026-07-27T22:06:34+0200,cc602197-a7f8-43dc-ae7f-8e28dc2e9571,2026-07-04T17:30:00Z,2026-07-04T19:30:00+0200,50070.322551,MW,DE,DE_LU,forecast_load,Forecasted Load,2026-07-27T20:08:22Z
2026-07-27T20:06:34Z,2026-07-27T22:06:34+0200,cc602197-a7f8-43dc-ae7f-8e28dc2e9571,2026-07-04T17:45:00Z,2026-07-04T19:45:00+0200,50118.701964,MW,DE,DE_LU,forecast_load,Forecasted Load,2026-07-27T20:08:22Z
2026-07-27T20:06:34Z,2026-07-27T22:06:34+0200,cc602197-a7f8-43dc-ae7f-8e28dc2e9571,2026-07-04T18:00:00Z,2026-07-04T20:00:00+0200,49914.909133,MW,DE,DE_LU,forecast_load,Forecasted Load,2026-07-27T20:08:22Z
2026-07-27T20:06:34Z,2026-07-27T22:06:34+0200,cc602197-a7f8-43dc-ae7f-8e28dc2e9571,2026-07-04T18:15:00Z,2026-07-04T20:15:00+0200,49542.816152,MW,DE,DE_LU,forecast_load,Forecasted Load,2026-07-27T20:08:22Z
2026-07-27T20:06:34Z,2026-07-27T22:06:34+0200,cc602197-a7f8-43dc-ae7f-8e28dc2e9571,2026-07-04T18:30:00Z,2026-07-04T20:30:00+0200,49115.877907,MW,DE,DE_LU,forecast_load,Forecasted Load,2026-07-27T20:08:22Z
2026-07-27T20:06:34Z,2026-07-27T22:06:34+0200,cc602197-a7f8-43dc-ae7f-8e28dc2e9571,2026-07-04T18:45:00Z,2026-07-04T20:45:00+0200,48575.54779,MW,DE,DE_LU,forecast_load,Forecasted Load,2026-07-27T20:08:22Z
2026-07-27T20:06:34Z,2026-07-27T22:06:34+0200,cc602197-a7f8-43dc-ae7f-8e28dc2e9571,2026-07-04T19:00:00Z,2026-07-04T21:00:00+0200,48033.498923,MW,DE,DE_LU,forecast_load,Forecasted Load,2026-07-27T20:08:22Z
2026-07-27T20:06:34Z,2026-07-27T22:06:34+0200,cc602197-a7f8-43dc-ae7f-8e28dc2e9571,2026-07-04T19:15:00Z,2026-07-04T21:15:00+0200,47776.697615,MW,DE,DE_LU,forecast_load,Forecasted Load,2026-07-27T20:08:22Z
2026-07-27T20:06:34Z,2026-07-27T22:06:34+0200,cc602197-a7f8-43dc-ae7f-8e28dc2e9571,2026-07-04T19:30:00Z,2026-07-04T21:30:00+0200,47222.202824,MW,DE,DE_LU,forecast_load,Forecasted Load,2026-07-27T20:08:22Z
2026-07-27T20:06:34Z,2026-07-27T22:06:34+0200,cc602197-a7f8-43dc-ae7f-8e28dc2e9571,2026-07-04T19:45:00Z,2026-07-04T21:45:00+0200,46812.971419,MW,DE,DE_LU,forecast_load,Forecasted Load,2026-07-27T20:08:22Z
2026-07-27T20:06:34Z,2026-07-27T22:06:34+0200,cc602197-a7f8-43dc-ae7f-8e28dc2e9571,2026-07-04T20:00:00Z,2026-07-04T22:00:00+0200,46480.842927,MW,DE,DE_LU,forecast_load,Forecasted Load,2026-07-27T20:08:22Z
2026-07-27T20:06:34Z,2026-07-27T22:06:34+0200,cc602197-a7f8-43dc-ae7f-8e28dc2e9571,2026-07-04T20:15:00Z,2026-07-04T22:15:00+0200,45972.918263,MW,DE,DE_LU,forecast_load,Forecasted Load,2026-07-27T20:08:22Z
2026-07-27T20:06:34Z,2026-07-27T22:06:34+0200,cc602197-a7f8-43dc-ae7f-8e28dc2e9571,2026-07-04T20:30:00Z,2026-07-04T22:30:00+0200,45277.073437,MW,DE,DE_LU,forecast_load,Forecasted Load,2026-07-27T20:08:22Z
2026-07-27T20:06:34Z,2026-07-27T22:06:34+0200,cc602197-a7f8-43dc-ae7f-8e28dc2e9571,2026-07-04T20:45:00Z,2026-07-04T22:45:00+0200,44790.670847,MW,DE,DE_LU,forecast_load,Forecasted Load,2026-07-27T20:08:22Z
2026-07-27T20:06:34Z,2026-07-27T22:06:34+0200,cc602197-a7f8-43dc-ae7f-8e28dc2e9571,2026-07-04T21:00:00Z,2026-07-04T23:00:00+0200,44221.31558,MW,DE,DE_LU,forecast_load,Forecasted Load,2026-07-27T20:08:22Z
2026-07-27T20:06:34Z,2026-07-27T22:06:34+0200,cc602197-a7f8-43dc-ae7f-8e28dc2e9571,2026-07-04T21:15:00Z,2026-07-04T23:15:00+0200,43669.365155,MW,DE,DE_LU,forecast_load,Forecasted Load,2026-07-27T20:08:22Z
2026-07-27T20:06:34Z,2026-07-27T22:06:34+0200,cc602197-a7f8-43dc-ae7f-8e28dc2e9571,2026-07-04T21:30:00Z,2026-07-04T23:30:00+0200,43267.335178,MW,DE,DE_LU,forecast_load,Forecasted Load,2026-07-27T20:08:22Z
2026-07-27T20:06:34Z,2026-07-27T22:06:34+0200,cc602197-a7f8-43dc-ae7f-8e28dc2e9571,2026-07-04T21:45:00Z,2026-07-04T23:45:00+0200,42652.713934,MW,DE,DE_LU,forecast_load,Forecasted Load,2026-07-27T20:08:22Z
2026-07-27T20:06:34Z,2026-07-27T22:06:34+0200,cc602197-a7f8-43dc-ae7f-8e28dc2e9571,2026-07-04T22:00:00Z,2026-07-05T00:00:00+0200,44037.399295,MW,DE,DE_LU,forecast_load,Forecasted Load,2026-07-27T20:08:22Z
2026-07-27T20:06:34Z,2026-07-27T22:06:34+0200,cc602197-a7f8-43dc-ae7f-8e28dc2e9571,2026-07-04T22:15:00Z,2026-07-05T00:15:00+0200,43339.789767,MW,DE,DE_LU,forecast_load,Forecasted Load,2026-07-27T20:08:22Z
2026-07-27T20:06:34Z,2026-07-27T22:06:34+0200,cc602197-a7f8-43dc-ae7f-8e28dc2e9571,2026-07-04T22:30:00Z,2026-07-05T00:30:00+0200,43052.840441,MW,DE,DE_LU,forecast_load,Forecasted Load,2026-07-27T20:08:22Z
2026-07-27T20:06:34Z,2026-07-27T22:06:34+0200,cc602197-a7f8-43dc-ae7f-8e28dc2e9571,2026-07-04T22:45:00Z,2026-07-05T00:45:00+0200,42701.3473,MW,DE,DE_LU,forecast_load,Forecasted Load,2026-07-27T20:08:22Z
2026-07-27T20:06:34Z,2026-07-27T22:06:34+0200,cc602197-a7f8-43dc-ae7f-8e28dc2e9571,2026-07-04T23:00:00Z,2026-07-05T01:00:00+0200,42267.087199,MW,DE,DE_LU,forecast_load,Forecasted Load,2026-07-27T20:08:22Z
2026-07-27T20:06:34Z,2026-07-27T22:06:34+0200,cc602197-a7f8-43dc-ae7f-8e28dc2e9571,2026-07-04T23:15:00Z,2026-07-05T01:15:00+0200,41744.423401,MW,DE,DE_LU,forecast_load,Forecasted Load,2026-07-27T20:08:22Z
2026-07-27T20:06:34Z,2026-07-27T22:06:34+0200,cc602197-a7f8-43dc-ae7f-8e28dc2e9571,2026-07-04T23:30:00Z,2026-07-05T01:30:00+0200,41343.043176,MW,DE,DE_LU,forecast_load,Forecasted Load,2026-07-27T20:08:22Z
2026-07-27T20:06:34Z,2026-07-27T22:06:34+0200,cc602197-a7f8-43dc-ae7f-8e28dc2e9571,2026-07-04T23:45:00Z,2026-07-05T01:45:00+0200,41043.016665,MW,DE,DE_LU,forecast_load,Forecasted Load,2026-07-27T20:08:22Z
2026-07-27T20:06:34Z,2026-07-27T22:06:34+0200,cc602197-a7f8-43dc-ae7f-8e28dc2e9571,2026-07-05T00:00:00Z,2026-07-05T02:00:00+0200,40768.960479,MW,DE,DE_LU,forecast_load,Forecasted Load,2026-07-27T20:08:22Z
2026-07-27T20:06:34Z,2026-07-27T22:06:34+0200,cc602197-a7f8-43dc-ae7f-8e28dc2e9571,2026-07-05T00:15:00Z,2026-07-05T02:15:00+0200,40262.026137,MW,DE,DE_LU,forecast_load,Forecasted Load,2026-07-27T20:08:22Z
2026-07-27T20:06:34Z,2026-07-27T22:06:34+0200,cc602197-a7f8-43dc-ae7f-8e28dc2e9571,2026-07-05T00:30:00Z,2026-07-05T02:30:00+0200,40090.557482,MW,DE,DE_LU,forecast_load,Forecasted Load,2026-07-27T20:08:22Z
2026-07-27T20:06:34Z,2026-07-27T22:06:34+0200,cc602197-a7f8-43dc-ae7f-8e28dc2e9571,2026-07-05T00:45:00Z,2026-07-05T02:45:00+0200,40011.577483,MW,DE,DE_LU,forecast_load,Forecasted Load,2026-07-27T20:08:22Z
2026-07-27T20:06:34Z,2026-07-27T22:06:34+0200,cc602197-a7f8-43dc-ae7f-8e28dc2e9571,2026-07-05T01:00:00Z,2026-07-05T03:00:00+0200,39943.317496,MW,DE,DE_LU,forecast_load,Forecasted Load,2026-07-27T20:08:22Z
2026-07-27T20:06:34Z,2026-07-27T22:06:34+0200,cc602197-a7f8-43dc-ae7f-8e28dc2e9571,2026-07-05T01:15:00Z,2026-07-05T03:15:00+0200,39902.892302,MW,DE,DE_LU,forecast_load,Forecasted Load,2026-07-27T20:08:22Z
2026-07-27T20:06:34Z,2026-07-27T22:06:34+0200,cc602197-a7f8-43dc-ae7f-8e28dc2e9571,2026-07-05T01:30:00Z,2026-07-05T03:30:00+0200,39628.851696,MW,DE,DE_LU,forecast_load,Forecasted Load,2026-07-27T20:08:22Z
2026-07-27T20:06:34Z,2026-07-27T22:06:34+0200,cc602197-a7f8-43dc-ae7f-8e28dc2e9571,2026-07-05T01:45:00Z,2026-07-05T03:45:00+0200,39898.686383,MW,DE,DE_LU,forecast_load,Forecasted Load,2026-07-27T20:08:22Z
2026-07-27T20:06:34Z,2026-07-27T22:06:34+0200,cc602197-a7f8-43dc-ae7f-8e28dc2e9571,2026-07-05T02:00:00Z,2026-07-05T04:00:00+0200,39541.912478,MW,DE,DE_LU,forecast_load,Forecasted Load,2026-07-27T20:08:22Z
2026-07-27T20:06:34Z,2026-07-27T22:06:34+0200,cc602197-a7f8-43dc-ae7f-8e28dc2e9571,2026-07-05T02:15:00Z,2026-07-05T04:15:00+0200,39539.189975,MW,DE,DE_LU,forecast_load,Forecasted Load,2026-07-27T20:08:22Z
2026-07-27T20:06:34Z,2026-07-27T22:06:34+0200,cc602197-a7f8-43dc-ae7f-8e28dc2e9571,2026-07-05T02:30:00Z,2026-07-05T04:30:00+0200,39385.785691,MW,DE,DE_LU,forecast_load,Forecasted Load,2026-07-27T20:08:22Z
2026-07-27T20:06:34Z,2026-07-27T22:06:34+0200,cc602197-a7f8-43dc-ae7f-8e28dc2e9571,2026-07-05T02:45:00Z,2026-07-05T04:45:00+0200,39824.596496,MW,DE,DE_LU,forecast_load,Forecasted Load,2026-07-27T20:08:22Z
2026-07-27T20:06:34Z,2026-07-27T22:06:34+0200,cc602197-a7f8-43dc-ae7f-8e28dc2e9571,2026-07-05T03:00:00Z,2026-07-05T05:00:00+0200,39906.454633,MW,DE,DE_LU,forecast_load,Forecasted Load,2026-07-27T20:08:22Z
2026-07-27T20:06:34Z,2026-07-27T22:06:34+0200,cc602197-a7f8-43dc-ae7f-8e28dc2e9571,2026-07-05T03:15:00Z,2026-07-05T05:15:00+0200,39731.211813,MW,DE,DE_LU,forecast_load,Forecasted Load,2026-07-27T20:08:22Z
2026-07-27T20:06:34Z,2026-07-27T22:06:34+0200,cc602197-a7f8-43dc-ae7f-8e28dc2e9571,2026-07-05T03:30:00Z,2026-07-05T05:30:00+0200,40636.297287,MW,DE,DE_LU,forecast_load,Forecasted Load,2026-07-27T20:08:22Z
2026-07-27T20:06:34Z,2026-07-27T22:06:34+0200,cc602197-a7f8-43dc-ae7f-8e28dc2e9571,2026-07-05T03:45:00Z,2026-07-05T05:45:00+0200,41008.40572,MW,DE,DE_LU,forecast_load,Forecasted Load,2026-07-27T20:08:22Z
2026-07-27T20:06:34Z,2026-07-27T22:06:34+0200,cc602197-a7f8-43dc-ae7f-8e28dc2e9571,2026-07-05T04:00:00Z,2026-07-05T06:00:00+0200,41872.912501,MW,DE,DE_LU,forecast_load,Forecasted Load,2026-07-27T20:08:22Z
2026-07-27T20:06:34Z,2026-07-27T22:06:34+0200,cc602197-a7f8-43dc-ae7f-8e28dc2e9571,2026-07-05T04:15:00Z,2026-07-05T06:15:00+0200,42148.25028,MW,DE,DE_LU,forecast_load,Forecasted Load,2026-07-27T20:08:22Z
2026-07-27T20:06:34Z,2026-07-27T22:06:34+0200,cc602197-a7f8-43dc-ae7f-8e28dc2e9571,2026-07-05T04:30:00Z,2026-07-05T06:30:00+0200,42610.82596,MW,DE,DE_LU,forecast_load,Forecasted Load,2026-07-27T20:08:22Z
2026-07-27T20:06:34Z,2026-07-27T22:06:34+0200,cc602197-a7f8-43dc-ae7f-8e28dc2e9571,2026-07-05T04:45:00Z,2026-07-05T06:45:00+0200,43407.946843,MW,DE,DE_LU,forecast_load,Forecasted Load,2026-07-27T20:08:22Z
2026-07-27T20:06:34Z,2026-07-27T22:06:34+0200,cc602197-a7f8-43dc-ae7f-8e28dc2e9571,2026-07-05T05:00:00Z,2026-07-05T07:00:00+0200,43911.935943,MW,DE,DE_LU,forecast_load,Forecasted Load,2026-07-27T20:08:22Z
2026-07-27T20:06:34Z,2026-07-27T22:06:34+0200,cc602197-a7f8-43dc-ae7f-8e28dc2e9571,2026-07-05T05:15:00Z,2026-07-05T07:15:00+0200,44617.860039,MW,DE,DE_LU,forecast_load,Forecasted Load,2026-07-27T20:08:22Z
2026-07-27T20:06:34Z,2026-07-27T22:06:34+0200,cc602197-a7f8-43dc-ae7f-8e28dc2e9571,2026-07-05T05:30:00Z,2026-07-05T07:30:00+0200,45127.75034,MW,DE,DE_LU,forecast_load,Forecasted Load,2026-07-27T20:08:22Z
2026-07-27T20:06:34Z,2026-07-27T22:06:34+0200,cc602197-a7f8-43dc-ae7f-8e28dc2e9571,2026-07-05T05:45:00Z,2026-07-05T07:45:00+0200,45464.849667,MW,DE,DE_LU,forecast_load,Forecasted Load,2026-07-27T20:08:22Z
2026-07-27T20:06:34Z,2026-07-27T22:06:34+0200,cc602197-a7f8-43dc-ae7f-8e28dc2e9571,2026-07-05T06:00:00Z,2026-07-05T08:00:00+0200,45499.672252,MW,DE,DE_LU,forecast_load,Forecasted Load,2026-07-27T20:08:22Z
2026-07-27T20:06:34Z,2026-07-27T22:06:34+0200,cc602197-a7f8-43dc-ae7f-8e28dc2e9571,2026-07-05T06:15:00Z,2026-07-05T08:15:00+0200,46196.650687,MW,DE,DE_LU,forecast_load,Forecasted Load,2026-07-27T20:08:22Z
2026-07-27T20:06:34Z,2026-07-27T22:06:34+0200,cc602197-a7f8-43dc-ae7f-8e28dc2e9571,2026-07-05T06:30:00Z,2026-07-05T08:30:00+0200,47230.953557,MW,DE,DE_LU,forecast_load,Forecasted Load,2026-07-27T20:08:22Z
2026-07-27T20:06:34Z,2026-07-27T22:06:34+0200,cc602197-a7f8-43dc-ae7f-8e28dc2e9571,2026-07-05T06:45:00Z,2026-07-05T08:45:00+0200,47539.280274,MW,DE,DE_LU,forecast_load,Forecasted Load,2026-07-27T20:08:22Z
2026-07-27T20:06:34Z,2026-07-27T22:06:34+0200,cc602197-a7f8-43dc-ae7f-8e28dc2e9571,2026-07-05T07:00:00Z,2026-07-05T09:00:00+0200,47725.282763,MW,DE,DE_LU,forecast_load,Forecasted Load,2026-07-27T20:08:22Z
2026-07-27T20:06:34Z,2026-07-27T22:06:34+0200,cc602197-a7f8-43dc-ae7f-8e28dc2e9571,2026-07-05T07:15:00Z,2026-07-05T09:15:00+0200,48515.153923,MW,DE,DE_LU,forecast_load,Forecasted Load,2026-07-27T20:08:22Z
2026-07-27T20:06:34Z,2026-07-27T22:06:34+0200,cc602197-a7f8-43dc-ae7f-8e28dc2e9571,2026-07-05T07:30:00Z,2026-07-05T09:30:00+0200,48128.724164,MW,DE,DE_LU,forecast_load,Forecasted Load,2026-07-27T20:08:22Z
2026-07-27T20:06:34Z,2026-07-27T22:06:34+0200,cc602197-a7f8-43dc-ae7f-8e28dc2e9571,2026-07-05T07:45:00Z,2026-07-05T09:45:00+0200,49295.349296,MW,DE,DE_LU,forecast_load,Forecasted Load,2026-07-27T20:08:22Z
2026-07-27T20:06:34Z,2026-07-27T22:06:34+0200,cc602197-a7f8-43dc-ae7f-8e28dc2e9571,2026-07-05T08:00:00Z,2026-07-05T10:00:00+0200,48701.194249,MW,DE,DE_LU,forecast_load,Forecasted Load,2026-07-27T20:08:22Z
2026-07-27T20:06:34Z,2026-07-27T22:06:34+0200,cc602197-a7f8-43dc-ae7f-8e28dc2e9571,2026-07-05T08:15:00Z,2026-07-05T10:15:00+0200,49136.626003,MW,DE,DE_LU,forecast_load,Forecasted Load,2026-07-27T20:08:22Z
2026-07-27T20:06:34Z,2026-07-27T22:06:34+0200,cc602197-a7f8-43dc-ae7f-8e28dc2e9571,2026-07-05T08:30:00Z,2026-07-05T10:30:00+0200,49164.841127,MW,DE,DE_LU,forecast_load,Forecasted Load,2026-07-27T20:08:22Z
2026-07-27T20:06:34Z,2026-07-27T22:06:34+0200,cc602197-a7f8-43dc-ae7f-8e28dc2e9571,2026-07-05T08:45:00Z,2026-07-05T10:45:00+0200,49409.974143,MW,DE,DE_LU,forecast_load,Forecasted Load,2026-07-27T20:08:22Z
2026-07-27T20:06:34Z,2026-07-27T22:06:34+0200,cc602197-a7f8-43dc-ae7f-8e28dc2e9571,2026-07-05T09:00:00Z,2026-07-05T11:00:00+0200,49737.027324,MW,DE,DE_LU,forecast_load,Forecasted Load,2026-07-27T20:08:22Z
2026-07-27T20:06:34Z,2026-07-27T22:06:34+0200,cc602197-a7f8-43dc-ae7f-8e28dc2e9571,2026-07-05T09:15:00Z,2026-07-05T11:15:00+0200,50206.66595,MW,DE,DE_LU,forecast_load,Forecasted Load,2026-07-27T20:08:22Z
2026-07-27T20:06:34Z,2026-07-27T22:06:34+0200,cc602197-a7f8-43dc-ae7f-8e28dc2e9571,2026-07-05T09:30:00Z,2026-07-05T11:30:00+0200,50492.069202,MW,DE,DE_LU,forecast_load,Forecasted Load,2026-07-27T20:08:22Z
2026-07-27T20:06:34Z,2026-07-27T22:06:34+0200,cc602197-a7f8-43dc-ae7f-8e28dc2e9571,2026-07-05T09:45:00Z,2026-07-05T11:45:00+0200,50375.339872,MW,DE,DE_LU,forecast_load,Forecasted Load,2026-07-27T20:08:22Z
2026-07-27T20:06:34Z,2026-07-27T22:06:34+0200,cc602197-a7f8-43dc-ae7f-8e28dc2e9571,2026-07-05T10:00:00Z,2026-07-05T12:00:00+0200,50583.514309,MW,DE,DE_LU,forecast_load,Forecasted Load,2026-07-27T20:08:22Z
2026-07-27T20:06:34Z,2026-07-27T22:06:34+0200,cc602197-a7f8-43dc-ae7f-8e28dc2e9571,2026-07-05T10:15:00Z,2026-07-05T12:15:00+0200,49800.998621,MW,DE,DE_LU,forecast_load,Forecasted Load,2026-07-27T20:08:22Z
2026-07-27T20:06:34Z,2026-07-27T22:06:34+0200,cc602197-a7f8-43dc-ae7f-8e28dc2e9571,2026-07-05T10:30:00Z,2026-07-05T12:30:00+0200,49533.283981,MW,DE,DE_LU,forecast_load,Forecasted Load,2026-07-27T20:08:22Z
2026-07-27T20:06:34Z,2026-07-27T22:06:34+0200,cc602197-a7f8-43dc-ae7f-8e28dc2e9571,2026-07-05T10:45:00Z,2026-07-05T12:45:00+0200,49718.896805,MW,DE,DE_LU,forecast_load,Forecasted Load,2026-07-27T20:08:22Z
2026-07-27T20:06:34Z,2026-07-27T22:06:34+0200,cc602197-a7f8-43dc-ae7f-8e28dc2e9571,2026-07-05T11:00:00Z,2026-07-05T13:00:00+0200,49533.34986,MW,DE,DE_LU,forecast_load,Forecasted Load,2026-07-27T20:08:22Z
2026-07-27T20:06:34Z,2026-07-27T22:06:34+0200,cc602197-a7f8-43dc-ae7f-8e28dc2e9571,2026-07-05T11:15:00Z,2026-07-05T13:15:00+0200,49681.026791,MW,DE,DE_LU,forecast_load,Forecasted Load,2026-07-27T20:08:22Z
2026-07-27T20:06:34Z,2026-07-27T22:06:34+0200,cc602197-a7f8-43dc-ae7f-8e28dc2e9571,2026-07-05T11:30:00Z,2026-07-05T13:30:00+0200,49647.872089,MW,DE,DE_LU,forecast_load,Forecasted Load,2026-07-27T20:08:22Z
2026-07-27T20:06:34Z,2026-07-27T22:06:34+0200,cc602197-a7f8-43dc-ae7f-8e28dc2e9571,2026-07-05T11:45:00Z,2026-07-05T13:45:00+0200,48899.386156,MW,DE,DE_LU,forecast_load,Forecasted Load,2026-07-27T20:08:22Z
2026-07-27T20:06:34Z,2026-07-27T22:06:34+0200,cc602197-a7f8-43dc-ae7f-8e28dc2e9571,2026-07-05T12:00:00Z,2026-07-05T14:00:00+0200,49131.717726,MW,DE,DE_LU,forecast_load,Forecasted Load,2026-07-27T20:08:22Z
2026-07-27T20:06:34Z,2026-07-27T22:06:34+0200,cc602197-a7f8-43dc-ae7f-8e28dc2e9571,2026-07-05T12:15:00Z,2026-07-05T14:15:00+0200,49113.279337,MW,DE,DE_LU,forecast_load,Forecasted Load,2026-07-27T20:08:22Z
2026-07-27T20:06:34Z,2026-07-27T22:06:34+0200,cc602197-a7f8-43dc-ae7f-8e28dc2e9571,2026-07-05T12:30:00Z,2026-07-05T14:30:00+0200,48781.820742,MW,DE,DE_LU,forecast_load,Forecasted Load,2026-07-27T20:08:22Z
2026-07-27T20:06:34Z,2026-07-27T22:06:34+0200,cc602197-a7f8-43dc-ae7f-8e28dc2e9571,2026-07-05T12:45:00Z,2026-07-05T14:45:00+0200,48345.241871,MW,DE,DE_LU,forecast_load,Forecasted Load,2026-07-27T20:08:22Z
2026-07-27T20:06:34Z,2026-07-27T22:06:34+0200,cc602197-a7f8-43dc-ae7f-8e28dc2e9571,2026-07-05T13:00:00Z,2026-07-05T15:00:00+0200,48292.716801,MW,DE,DE_LU,forecast_load,Forecasted Load,2026-07-27T20:08:22Z
2026-07-27T20:06:34Z,2026-07-27T22:06:34+0200,cc602197-a7f8-43dc-ae7f-8e28dc2e9571,2026-07-05T13:15:00Z,2026-07-05T15:15:00+0200,47913.634019,MW,DE,DE_LU,forecast_load,Forecasted Load,2026-07-27T20:08:22Z
2026-07-27T20:06:34Z,2026-07-27T22:06:34+0200,cc602197-a7f8-43dc-ae7f-8e28dc2e9571,2026-07-05T13:30:00Z,2026-07-05T15:30:00+0200,47665.241016,MW,DE,DE_LU,forecast_load,Forecasted Load,2026-07-27T20:08:22Z
2026-07-27T20:06:34Z,2026-07-27T22:06:34+0200,cc602197-a7f8-43dc-ae7f-8e28dc2e9571,2026-07-05T13:45:00Z,2026-07-05T15:45:00+0200,47321.875616,MW,DE,DE_LU,forecast_load,Forecasted Load,2026-07-27T20:08:22Z
2026-07-27T20:06:34Z,2026-07-27T22:06:34+0200,cc602197-a7f8-43dc-ae7f-8e28dc2e9571,2026-07-05T14:00:00Z,2026-07-05T16:00:00+0200,47555.499651,MW,DE,DE_LU,forecast_load,Forecasted Load,2026-07-27T20:08:22Z
2026-07-27T20:06:34Z,2026-07-27T22:06:34+0200,cc602197-a7f8-43dc-ae7f-8e28dc2e9571,2026-07-05T14:15:00Z,2026-07-05T16:15:00+0200,48182.512121,MW,DE,DE_LU,forecast_load,Forecasted Load,2026-07-27T20:08:22Z
2026-07-27T20:06:34Z,2026-07-27T22:06:34+0200,cc602197-a7f8-43dc-ae7f-8e28dc2e9571,2026-07-05T14:30:00Z,2026-07-05T16:30:00+0200,48540.423684,MW,DE,DE_LU,forecast_load,Forecasted Load,2026-07-27T20:08:22Z
2026-07-27T20:06:34Z,2026-07-27T22:06:34+0200,cc602197-a7f8-43dc-ae7f-8e28dc2e9571,2026-07-05T14:45:00Z,2026-07-05T16:45:00+0200,47990.578811,MW,DE,DE_LU,forecast_load,Forecasted Load,2026-07-27T20:08:22Z
2026-07-27T20:06:34Z,2026-07-27T22:06:34+0200,cc602197-a7f8-43dc-ae7f-8e28dc2e9571,2026-07-05T15:00:00Z,2026-07-05T17:00:00+0200,48858.394617,MW,DE,DE_LU,forecast_load,Forecasted Load,2026-07-27T20:08:22Z
2026-07-27T20:06:34Z,2026-07-27T22:06:34+0200,cc602197-a7f8-43dc-ae7f-8e28dc2e9571,2026-07-05T15:15:00Z,2026-07-05T17:15:00+0200,49312.929246,MW,DE,DE_LU,forecast_load,Forecasted Load,2026-07-27T20:08:22Z
2026-07-27T20:06:34Z,2026-07-27T22:06:34+0200,cc602197-a7f8-43dc-ae7f-8e28dc2e9571,2026-07-05T15:30:00Z,2026-07-05T17:30:00+0200,49672.462148,MW,DE,DE_LU,forecast_load,Forecasted Load,2026-07-27T20:08:22Z
2026-07-27T20:06:34Z,2026-07-27T22:06:34+0200,cc602197-a7f8-43dc-ae7f-8e28dc2e9571,2026-07-05T15:45:00Z,2026-07-05T17:45:00+0200,50257.3312,MW,DE,DE_LU,forecast_load,Forecasted Load,2026-07-27T20:08:22Z
2026-07-27T20:06:34Z,2026-07-27T22:06:34+0200,cc602197-a7f8-43dc-ae7f-8e28dc2e9571,2026-07-05T16:00:00Z,2026-07-05T18:00:00+0200,51014.39677,MW,DE,DE_LU,forecast_load,Forecasted Load,2026-07-27T20:08:22Z
2026-07-27T20:06:34Z,2026-07-27T22:06:34+0200,cc602197-a7f8-43dc-ae7f-8e28dc2e9571,2026-07-05T16:15:00Z,2026-07-05T18:15:00+0200,51299.263533,MW,DE,DE_LU,forecast_load,Forecasted Load,2026-07-27T20:08:22Z
2026-07-27T20:06:34Z,2026-07-27T22:06:34+0200,cc602197-a7f8-43dc-ae7f-8e28dc2e9571,2026-07-05T16:30:00Z,2026-07-05T18:30:00+0200,51923.379827,MW,DE,DE_LU,forecast_load,Forecasted Load,2026-07-27T20:08:22Z
2026-07-27T20:06:34Z,2026-07-27T22:06:34+0200,cc602197-a7f8-43dc-ae7f-8e28dc2e9571,2026-07-05T16:45:00Z,2026-07-05T18:45:00+0200,52407.571877,MW,DE,DE_LU,forecast_load,Forecasted Load,2026-07-27T20:08:22Z
2026-07-27T20:06:34Z,2026-07-27T22:06:34+0200,cc602197-a7f8-43dc-ae7f-8e28dc2e9571,2026-07-05T17:00:00Z,2026-07-05T19:00:00+0200,52850.040001,MW,DE,DE_LU,forecast_load,Forecasted Load,2026-07-27T20:08:22Z
2026-07-27T20:06:34Z,2026-07-27T22:06:34+0200,cc602197-a7f8-43dc-ae7f-8e28dc2e9571,2026-07-05T17:15:00Z,2026-07-05T19:15:00+0200,52865.439974,MW,DE,DE_LU,forecast_load,Forecasted Load,2026-07-27T20:08:22Z
2026-07-27T20:06:34Z,2026-07-27T22:06:34+0200,cc602197-a7f8-43dc-ae7f-8e28dc2e9571,2026-07-05T17:30:00Z,2026-07-05T19:30:00+0200,53022.804448,MW,DE,DE_LU,forecast_load,Forecasted Load,2026-07-27T20:08:22Z
2026-07-27T20:06:34Z,2026-07-27T22:06:34+0200,cc602197-a7f8-43dc-ae7f-8e28dc2e9571,2026-07-05T17:45:00Z,2026-07-05T19:45:00+0200,52773.039066,MW,DE,DE_LU,forecast_load,Forecasted Load,2026-07-27T20:08:22Z
2026-07-27T20:06:34Z,2026-07-27T22:06:34+0200,cc602197-a7f8-43dc-ae7f-8e28dc2e9571,2026-07-05T18:00:00Z,2026-07-05T20:00:00+0200,52562.315323,MW,DE,DE_LU,forecast_load,Forecasted Load,2026-07-27T20:08:22Z
2026-07-27T20:06:34Z,2026-07-27T22:06:34+0200,cc602197-a7f8-43dc-ae7f-8e28dc2e9571,2026-07-05T18:15:00Z,2026-07-05T20:15:00+0200,52376.1977,MW,DE,DE_LU,forecast_load,Forecasted Load,2026-07-27T20:08:22Z
2026-07-27T20:06:34Z,2026-07-27T22:06:34+0200,cc602197-a7f8-43dc-ae7f-8e28dc2e9571,2026-07-05T18:30:00Z,2026-07-05T20:30:00+0200,52091.211694,MW,DE,DE_LU,forecast_load,Forecasted Load,2026-07-27T20:08:22Z
2026-07-27T20:06:34Z,2026-07-27T22:06:34+0200,cc602197-a7f8-43dc-ae7f-8e28dc2e9571,2026-07-05T18:45:00Z,2026-07-05T20:45:00+0200,51733.7019,MW,DE,DE_LU,forecast_load,Forecasted Load,2026-07-27T20:08:22Z
2026-07-27T20:06:34Z,2026-07-27T22:06:34+0200,cc602197-a7f8-43dc-ae7f-8e28dc2e9571,2026-07-05T19:00:00Z,2026-07-05T21:00:00+0200,51330.97185,MW,DE,DE_LU,forecast_load,Forecasted Load,2026-07-27T20:08:22Z
2026-07-27T20:06:34Z,2026-07-27T22:06:34+0200,cc602197-a7f8-43dc-ae7f-8e28dc2e9571,2026-07-05T19:15:00Z,2026-07-05T21:15:00+0200,50962.277698,MW,DE,DE_LU,forecast_load,Forecasted Load,2026-07-27T20:08:22Z
2026-07-27T20:06:34Z,2026-07-27T22:06:34+0200,cc602197-a7f8-43dc-ae7f-8e28dc2e9571,2026-07-05T19:30:00Z,2026-07-05T21:30:00+0200,50497.528357,MW,DE,DE_LU,forecast_load,Forecasted Load,2026-07-27T20:08:22Z
2026-07-27T20:06:34Z,2026-07-27T22:06:34+0200,cc602197-a7f8-43dc-ae7f-8e28dc2e9571,2026-07-05T19:45:00Z,2026-07-05T21:45:00+0200,50242.931535,MW,DE,DE_LU,forecast_load,Forecasted Load,2026-07-27T20:08:22Z
2026-07-27T20:06:34Z,2026-07-27T22:06:34+0200,cc602197-a7f8-43dc-ae7f-8e28dc2e9571,2026-07-05T20:00:00Z,2026-07-05T22:00:00+0200,49713.21457,MW,DE,DE_LU,forecast_load,Forecasted Load,2026-07-27T20:08:22Z
2026-07-27T20:06:34Z,2026-07-27T22:06:34+0200,cc602197-a7f8-43dc-ae7f-8e28dc2e9571,2026-07-05T20:15:00Z,2026-07-05T22:15:00+0200,49270.428774,MW,DE,DE_LU,forecast_load,Forecasted Load,2026-07-27T20:08:22Z
2026-07-27T20:06:34Z,2026-07-27T22:06:34+0200,cc602197-a7f8-43dc-ae7f-8e28dc2e9571,2026-07-05T20:30:00Z,2026-07-05T22:30:00+0200,48776.763092,MW,DE,DE_LU,forecast_load,Forecasted Load,2026-07-27T20:08:22Z
2026-07-27T20:06:34Z,2026-07-27T22:06:34+0200,cc602197-a7f8-43dc-ae7f-8e28dc2e9571,2026-07-05T20:45:00Z,2026-07-05T22:45:00+0200,48302.365189,MW,DE,DE_LU,forecast_load,Forecasted Load,2026-07-27T20:08:22Z
2026-07-27T20:06:34Z,2026-07-27T22:06:34+0200,cc602197-a7f8-43dc-ae7f-8e28dc2e9571,2026-07-05T21:00:00Z,2026-07-05T23:00:00+0200,47672.940024,MW,DE,DE_LU,forecast_load,Forecasted Load,2026-07-27T20:08:22Z
2026-07-27T20:06:34Z,2026-07-27T22:06:34+0200,cc602197-a7f8-43dc-ae7f-8e28dc2e9571,2026-07-05T21:15:00Z,2026-07-05T23:15:00+0200,46944.640052,MW,DE,DE_LU,forecast_load,Forecasted Load,2026-07-27T20:08:22Z
2026-07-27T20:06:34Z,2026-07-27T22:06:34+0200,cc602197-a7f8-43dc-ae7f-8e28dc2e9571,2026-07-05T21:30:00Z,2026-07-05T23:30:00+0200,46488.491536,MW,DE,DE_LU,forecast_load,Forecasted Load,2026-07-27T20:08:22Z
2026-07-27T20:06:34Z,2026-07-27T22:06:34+0200,cc602197-a7f8-43dc-ae7f-8e28dc2e9571,2026-07-05T21:45:00Z,2026-07-05T23:45:00+0200,45994.150223,MW,DE,DE_LU,forecast_load,Forecasted Load,2026-07-27T20:08:22Z
2026-07-27T20:06:34Z,2026-07-27T22:06:34+0200,cc602197-a7f8-43dc-ae7f-8e28dc2e9571,2026-07-05T22:00:00Z,2026-07-06T00:00:00+0200,44201.513954,MW,DE,DE_LU,forecast_load,Forecasted Load,2026-07-27T20:08:22Z
2026-07-27T20:06:34Z,2026-07-27T22:06:34+0200,cc602197-a7f8-43dc-ae7f-8e28dc2e9571,2026-07-05T22:15:00Z,2026-07-06T00:15:00+0200,43631.101449,MW,DE,DE_LU,forecast_load,Forecasted Load,2026-07-27T20:08:22Z
2026-07-27T20:06:34Z,2026-07-27T22:06:34+0200,cc602197-a7f8-43dc-ae7f-8e28dc2e9571,2026-07-05T22:30:00Z,2026-07-06T00:30:00+0200,43527.116807,MW,DE,DE_LU,forecast_load,Forecasted Load,2026-07-27T20:08:22Z
2026-07-27T20:06:34Z,2026-07-27T22:06:34+0200,cc602197-a7f8-43dc-ae7f-8e28dc2e9571,2026-07-05T22:45:00Z,2026-07-06T00:45:00+0200,43213.680468,MW,DE,DE_LU,forecast_load,Forecasted Load,2026-07-27T20:08:22Z
2026-07-27T20:06:34Z,2026-07-27T22:06:34+0200,cc602197-a7f8-43dc-ae7f-8e28dc2e9571,2026-07-05T23:00:00Z,2026-07-06T01:00:00+0200,42783.654688,MW,DE,DE_LU,forecast_load,Forecasted Load,2026-07-27T20:08:22Z
2026-07-27T20:06:34Z,2026-07-27T22:06:34+0200,cc602197-a7f8-43dc-ae7f-8e28dc2e9571,2026-07-05T23:15:00Z,2026-07-06T01:15:00+0200,42261.528958,MW,DE,DE_LU,forecast_load,Forecasted Load,2026-07-27T20:08:22Z
2026-07-27T20:06:34Z,2026-07-27T22:06:34+0200,cc602197-a7f8-43dc-ae7f-8e28dc2e9571,2026-07-05T23:30:00Z,2026-07-06T01:30:00+0200,41972.741453,MW,DE,DE_LU,forecast_load,Forecasted Load,2026-07-27T20:08:22Z
2026-07-27T20:06:34Z,2026-07-27T22:06:34+0200,cc602197-a7f8-43dc-ae7f-8e28dc2e9571,2026-07-05T23:45:00Z,2026-07-06T01:45:00+0200,41634.612315,MW,DE,DE_LU,forecast_load,Forecasted Load,2026-07-27T20:08:22Z
2026-07-27T20:06:34Z,2026-07-27T22:06:34+0200,cc602197-a7f8-43dc-ae7f-8e28dc2e9571,2026-07-06T00:00:00Z,2026-07-06T02:00:00+0200,41396.70157,MW,DE,DE_LU,forecast_load,Forecasted Load,2026-07-27T20:08:22Z
2026-07-27T20:06:34Z,2026-07-27T22:06:34+0200,cc602197-a7f8-43dc-ae7f-8e28dc2e9571,2026-07-06T00:15:00Z,2026-07-06T02:15:00+0200,41148.809586,MW,DE,DE_LU,forecast_load,Forecasted Load,2026-07-27T20:08:22Z
2026-07-27T20:06:34Z,2026-07-27T22:06:34+0200,cc602197-a7f8-43dc-ae7f-8e28dc2e9571,2026-07-06T00:30:00Z,2026-07-06T02:30:00+0200,40997.304686,MW,DE,DE_LU,forecast_load,Forecasted Load,2026-07-27T20:08:22Z
2026-07-27T20:06:34Z,2026-07-27T22:06:34+0200,cc602197-a7f8-43dc-ae7f-8e28dc2e9571,2026-07-06T00:45:00Z,2026-07-06T02:45:00+0200,40970.535821,MW,DE,DE_LU,forecast_load,Forecasted Load,2026-07-27T20:08:22Z
2026-07-27T20:06:34Z,2026-07-27T22:06:34+0200,cc602197-a7f8-43dc-ae7f-8e28dc2e9571,2026-07-06T01:00:00Z,2026-07-06T03:00:00+0200,40798.371485,MW,DE,DE_LU,forecast_load,Forecasted Load,2026-07-27T20:08:22Z
2026-07-27T20:06:34Z,2026-07-27T22:06:34+0200,cc602197-a7f8-43dc-ae7f-8e28dc2e9571,2026-07-06T01:15:00Z,2026-07-06T03:15:00+0200,40953.593533,MW,DE,DE_LU,forecast_load,Forecasted Load,2026-07-27T20:08:22Z
2026-07-27T20:06:34Z,2026-07-27T22:06:34+0200,cc602197-a7f8-43dc-ae7f-8e28dc2e9571,2026-07-06T01:30:00Z,2026-07-06T03:30:00+0200,40949.138231,MW,DE,DE_LU,forecast_load,Forecasted Load,2026-07-27T20:08:22Z
2026-07-27T20:06:34Z,2026-07-27T22:06:34+0200,cc602197-a7f8-43dc-ae7f-8e28dc2e9571,2026-07-06T01:45:00Z,2026-07-06T03:45:00+0200,41064.69548,MW,DE,DE_LU,forecast_load,Forecasted Load,2026-07-27T20:08:22Z
2026-07-27T20:06:34Z,2026-07-27T22:06:34+0200,cc602197-a7f8-43dc-ae7f-8e28dc2e9571,2026-07-06T02:00:00Z,2026-07-06T04:00:00+0200,41603.16469,MW,DE,DE_LU,forecast_load,Forecasted Load,2026-07-27T20:08:22Z
2026-07-27T20:06:34Z,2026-07-27T22:06:34+0200,cc602197-a7f8-43dc-ae7f-8e28dc2e9571,2026-07-06T02:15:00Z,2026-07-06T04:15:00+0200,41884.012935,MW,DE,DE_LU,forecast_load,Forecasted Load,2026-07-27T20:08:22Z
2026-07-27T20:06:34Z,2026-07-27T22:06:34+0200,cc602197-a7f8-43dc-ae7f-8e28dc2e9571,2026-07-06T02:30:00Z,2026-07-06T04:30:00+0200,42238.280807,MW,DE,DE_LU,forecast_load,Forecasted Load,2026-07-27T20:08:22Z
2026-07-27T20:06:34Z,2026-07-27T22:06:34+0200,cc602197-a7f8-43dc-ae7f-8e28dc2e9571,2026-07-06T02:45:00Z,2026-07-06T04:45:00+0200,42908.985072,MW,DE,DE_LU,forecast_load,Forecasted Load,2026-07-27T20:08:22Z
2026-07-27T20:06:34Z,2026-07-27T22:06:34+0200,cc602197-a7f8-43dc-ae7f-8e28dc2e9571,2026-07-06T03:00:00Z,2026-07-06T05:00:00+0200,43962.330405,MW,DE,DE_LU,forecast_load,Forecasted Load,2026-07-27T20:08:22Z
2026-07-27T20:06:34Z,2026-07-27T22:06:34+0200,cc602197-a7f8-43dc-ae7f-8e28dc2e9571,2026-07-06T03:15:00Z,2026-07-06T05:15:00+0200,44735.818755,MW,DE,DE_LU,forecast_load,Forecasted Load,2026-07-27T20:08:22Z
2026-07-27T20:06:34Z,2026-07-27T22:06:34+0200,cc602197-a7f8-43dc-ae7f-8e28dc2e9571,2026-07-06T03:30:00Z,2026-07-06T05:30:00+0200,45137.004955,MW,DE,DE_LU,forecast_load,Forecasted Load,2026-07-27T20:08:22Z
2026-07-27T20:06:34Z,2026-07-27T22:06:34+0200,cc602197-a7f8-43dc-ae7f-8e28dc2e9571,2026-07-06T03:45:00Z,2026-07-06T05:45:00+0200,46582.6144,MW,DE,DE_LU,forecast_load,Forecasted Load,2026-07-27T20:08:22Z
2026-07-27T20:06:34Z,2026-07-27T22:06:34+0200,cc602197-a7f8-43dc-ae7f-8e28dc2e9571,2026-07-06T04:00:00Z,2026-07-06T06:00:00+0200,49582.32417,MW,DE,DE_LU,forecast_load,Forecasted Load,2026-07-27T20:08:22Z
2026-07-27T20:06:34Z,2026-07-27T22:06:34+0200,cc602197-a7f8-43dc-ae7f-8e28dc2e9571,2026-07-06T04:15:00Z,2026-07-06T06:15:00+0200,51175.034696,MW,DE,DE_LU,forecast_load,Forecasted Load,2026-07-27T20:08:22Z
2026-07-27T20:06:34Z,2026-07-27T22:06:34+0200,cc602197-a7f8-43dc-ae7f-8e28dc2e9571,2026-07-06T04:30:00Z,2026-07-06T06:30:00+0200,52616.184042,MW,DE,DE_LU,forecast_load,Forecasted Load,2026-07-27T20:08:22Z
2026-07-27T20:06:34Z,2026-07-27T22:06:34+0200,cc602197-a7f8-43dc-ae7f-8e28dc2e9571,2026-07-06T04:45:00Z,2026-07-06T06:45:00+0200,54053.550712,MW,DE,DE_LU,forecast_load,Forecasted Load,2026-07-27T20:08:22Z
2026-07-27T20:06:34Z,2026-07-27T22:06:34+0200,cc602197-a7f8-43dc-ae7f-8e28dc2e9571,2026-07-06T05:00:00Z,2026-07-06T07:00:00+0200,55770.278979,MW,DE,DE_LU,forecast_load,Forecasted Load,2026-07-27T20:08:22Z
2026-07-27T20:06:34Z,2026-07-27T22:06:34+0200,cc602197-a7f8-43dc-ae7f-8e28dc2e9571,2026-07-06T05:15:00Z,2026-07-06T07:15:00+0200,57238.853755,MW,DE,DE_LU,forecast_load,Forecasted Load,2026-07-27T20:08:22Z
2026-07-27T20:06:34Z,2026-07-27T22:06:34+0200,cc602197-a7f8-43dc-ae7f-8e28dc2e9571,2026-07-06T05:30:00Z,2026-07-06T07:30:00+0200,58380.79417,MW,DE,DE_LU,forecast_load,Forecasted Load,2026-07-27T20:08:22Z
2026-07-27T20:06:34Z,2026-07-27T22:06:34+0200,cc602197-a7f8-43dc-ae7f-8e28dc2e9571,2026-07-06T05:45:00Z,2026-07-06T07:45:00+0200,59285.602362,MW,DE,DE_LU,forecast_load,Forecasted Load,2026-07-27T20:08:22Z
2026-07-27T20:06:34Z,2026-07-27T22:06:34+0200,cc602197-a7f8-43dc-ae7f-8e28dc2e9571,2026-07-06T06:00:00Z,2026-07-06T08:00:00+0200,59910.567367,MW,DE,DE_LU,forecast_load,Forecasted Load,2026-07-27T20:08:22Z
2026-07-27T20:06:34Z,2026-07-27T22:06:34+0200,cc602197-a7f8-43dc-ae7f-8e28dc2e9571,2026-07-06T06:15:00Z,2026-07-06T08:15:00+0200,60897.193635,MW,DE,DE_LU,forecast_load,Forecasted Load,2026-07-27T20:08:22Z
2026-07-27T20:06:34Z,2026-07-27T22:06:34+0200,cc602197-a7f8-43dc-ae7f-8e28dc2e9571,2026-07-06T06:30:00Z,2026-07-06T08:30:00+0200,61583.481796,MW,DE,DE_LU,forecast_load,Forecasted Load,2026-07-27T20:08:22Z
2026-07-27T20:06:34Z,2026-07-27T22:06:34+0200,cc602197-a7f8-43dc-ae7f-8e28dc2e9571,2026-07-06T06:45:00Z,2026-07-06T08:45:00+0200,61904.367684,MW,DE,DE_LU,forecast_load,Forecasted Load,2026-07-27T20:08:22Z
2026-07-27T20:06:34Z,2026-07-27T22:06:34+0200,cc602197-a7f8-43dc-ae7f-8e28dc2e9571,2026-07-06T07:00:00Z,2026-07-06T09:00:00+0200,62061.574791,MW,DE,DE_LU,forecast_load,Forecasted Load,2026-07-27T20:08:22Z
2026-07-27T20:06:34Z,2026-07-27T22:06:34+0200,cc602197-a7f8-43dc-ae7f-8e28dc2e9571,2026-07-06T07:15:00Z,2026-07-06T09:15:00+0200,62397.85144,MW,DE,DE_LU,forecast_load,Forecasted Load,2026-07-27T20:08:22Z
2026-07-27T20:06:34Z,2026-07-27T22:06:34+0200,cc602197-a7f8-43dc-ae7f-8e28dc2e9571,2026-07-06T07:30:00Z,2026-07-06T09:30:00+0200,62871.342927,MW,DE,DE_LU,forecast_load,Forecasted Load,2026-07-27T20:08:22Z
2026-07-27T20:06:34Z,2026-07-27T22:06:34+0200,cc602197-a7f8-43dc-ae7f-8e28dc2e9571,2026-07-06T07:45:00Z,2026-07-06T09:45:00+0200,63159.82772,MW,DE,DE_LU,forecast_load,Forecasted Load,2026-07-27T20:08:22Z
2026-07-27T20:06:34Z,2026-07-27T22:06:34+0200,cc602197-a7f8-43dc-ae7f-8e28dc2e9571,2026-07-06T08:00:00Z,2026-07-06T10:00:00+0200,63103.0552,MW,DE,DE_LU,forecast_load,Forecasted Load,2026-07-27T20:08:22Z
2026-07-27T20:06:34Z,2026-07-27T22:06:34+0200,cc602197-a7f8-43dc-ae7f-8e28dc2e9571,2026-07-06T08:15:00Z,2026-07-06T10:15:00+0200,62867.904419,MW,DE,DE_LU,forecast_load,Forecasted Load,2026-07-27T20:08:22Z
2026-07-27T20:06:34Z,2026-07-27T22:06:34+0200,cc602197-a7f8-43dc-ae7f-8e28dc2e9571,2026-07-06T08:30:00Z,2026-07-06T10:30:00+0200,63296.478937,MW,DE,DE_LU,forecast_load,Forecasted Load,2026-07-27T20:08:22Z
2026-07-27T20:06:34Z,2026-07-27T22:06:34+0200,cc602197-a7f8-43dc-ae7f-8e28dc2e9571,2026-07-06T08:45:00Z,2026-07-06T10:45:00+0200,63613.029921,MW,DE,DE_LU,forecast_load,Forecasted Load,2026-07-27T20:08:22Z
2026-07-27T20:06:34Z,2026-07-27T22:06:34+0200,cc602197-a7f8-43dc-ae7f-8e28dc2e9571,2026-07-06T09:00:00Z,2026-07-06T11:00:00+0200,63515.79959,MW,DE,DE_LU,forecast_load,Forecasted Load,2026-07-27T20:08:22Z
2026-07-27T20:06:34Z,2026-07-27T22:06:34+0200,cc602197-a7f8-43dc-ae7f-8e28dc2e9571,2026-07-06T09:15:00Z,2026-07-06T11:15:00+0200,63780.048104,MW,DE,DE_LU,forecast_load,Forecasted Load,2026-07-27T20:08:22Z
2026-07-27T20:06:34Z,2026-07-27T22:06:34+0200,cc602197-a7f8-43dc-ae7f-8e28dc2e9571,2026-07-06T09:30:00Z,2026-07-06T11:30:00+0200,63423.237801,MW,DE,DE_LU,forecast_load,Forecasted Load,2026-07-27T20:08:22Z
2026-07-27T20:06:34Z,2026-07-27T22:06:34+0200,cc602197-a7f8-43dc-ae7f-8e28dc2e9571,2026-07-06T09:45:00Z,2026-07-06T11:45:00+0200,63595.756302,MW,DE,DE_LU,forecast_load,Forecasted Load,2026-07-27T20:08:22Z
2026-07-27T20:06:34Z,2026-07-27T22:06:34+0200,cc602197-a7f8-43dc-ae7f-8e28dc2e9571,2026-07-06T10:00:00Z,2026-07-06T12:00:00+0200,63152.702575,MW,DE,DE_LU,forecast_load,Forecasted Load,2026-07-27T20:08:22Z
2026-07-27T20:06:34Z,2026-07-27T22:06:34+0200,cc602197-a7f8-43dc-ae7f-8e28dc2e9571,2026-07-06T10:15:00Z,2026-07-06T12:15:00+0200,62946.161687,MW,DE,DE_LU,forecast_load,Forecasted Load,2026-07-27T20:08:22Z
2026-07-27T20:06:34Z,2026-07-27T22:06:34+0200,cc602197-a7f8-43dc-ae7f-8e28dc2e9571,2026-07-06T10:30:00Z,2026-07-06T12:30:00+0200,62712.990096,MW,DE,DE_LU,forecast_load,Forecasted Load,2026-07-27T20:08:22Z
2026-07-27T20:06:34Z,2026-07-27T22:06:34+0200,cc602197-a7f8-43dc-ae7f-8e28dc2e9571,2026-07-06T10:45:00Z,2026-07-06T12:45:00+0200,62636.87557,MW,DE,DE_LU,forecast_load,Forecasted Load,2026-07-27T20:08:22Z
2026-07-27T20:06:34Z,2026-07-27T22:06:34+0200,cc602197-a7f8-43dc-ae7f-8e28dc2e9571,2026-07-06T11:00:00Z,2026-07-06T13:00:00+0200,62261.81437,MW,DE,DE_LU,forecast_load,Forecasted Load,2026-07-27T20:08:22Z
2026-07-27T20:06:34Z,2026-07-27T22:06:34+0200,cc602197-a7f8-43dc-ae7f-8e28dc2e9571,2026-07-06T11:15:00Z,2026-07-06T13:15:00+0200,61945.339526,MW,DE,DE_LU,forecast_load,Forecasted Load,2026-07-27T20:08:22Z
2026-07-27T20:06:34Z,2026-07-27T22:06:34+0200,cc602197-a7f8-43dc-ae7f-8e28dc2e9571,2026-07-06T11:30:00Z,2026-07-06T13:30:00+0200,61322.484192,MW,DE,DE_LU,forecast_load,Forecasted Load,2026-07-27T20:08:22Z
2026-07-27T20:06:34Z,2026-07-27T22:06:34+0200,cc602197-a7f8-43dc-ae7f-8e28dc2e9571,2026-07-06T11:45:00Z,2026-07-06T13:45:00+0200,61178.423675,MW,DE,DE_LU,forecast_load,Forecasted Load,2026-07-27T20:08:22Z
2026-07-27T20:06:34Z,2026-07-27T22:06:34+0200,cc602197-a7f8-43dc-ae7f-8e28dc2e9571,2026-07-06T12:00:00Z,2026-07-06T14:00:00+0200,61079.674111,MW,DE,DE_LU,forecast_load,Forecasted Load,2026-07-27T20:08:22Z
2026-07-27T20:06:34Z,2026-07-27T22:06:34+0200,cc602197-a7f8-43dc-ae7f-8e28dc2e9571,2026-07-06T12:15:00Z,2026-07-06T14:15:00+0200,60602.008344,MW,DE,DE_LU,forecast_load,Forecasted Load,2026-07-27T20:08:22Z
2026-07-27T20:06:34Z,2026-07-27T22:06:34+0200,cc602197-a7f8-43dc-ae7f-8e28dc2e9571,2026-07-06T12:30:00Z,2026-07-06T14:30:00+0200,60332.995775,MW,DE,DE_LU,forecast_load,Forecasted Load,2026-07-27T20:08:22Z
2026-07-27T20:06:34Z,2026-07-27T22:06:34+0200,cc602197-a7f8-43dc-ae7f-8e28dc2e9571,2026-07-06T12:45:00Z,2026-07-06T14:45:00+0200,59721.308477,MW,DE,DE_LU,forecast_load,Forecasted Load,2026-07-27T20:08:22Z
2026-07-27T20:06:34Z,2026-07-27T22:06:34+0200,cc602197-a7f8-43dc-ae7f-8e28dc2e9571,2026-07-06T13:00:00Z,2026-07-06T15:00:00+0200,59814.093477,MW,DE,DE_LU,forecast_load,Forecasted Load,2026-07-27T20:08:22Z
2026-07-27T20:06:34Z,2026-07-27T22:06:34+0200,cc602197-a7f8-43dc-ae7f-8e28dc2e9571,2026-07-06T13:15:00Z,2026-07-06T15:15:00+0200,59571.131349,MW,DE,DE_LU,forecast_load,Forecasted Load,2026-07-27T20:08:22Z
2026-07-27T20:06:34Z,2026-07-27T22:06:34+0200,cc602197-a7f8-43dc-ae7f-8e28dc2e9571,2026-07-06T13:30:00Z,2026-07-06T15:30:00+0200,59283.042779,MW,DE,DE_LU,forecast_load,Forecasted Load,2026-07-27T20:08:22Z
2026-07-27T20:06:34Z,2026-07-27T22:06:34+0200,cc602197-a7f8-43dc-ae7f-8e28dc2e9571,2026-07-06T13:45:00Z,2026-07-06T15:45:00+0200,58969.386472,MW,DE,DE_LU,forecast_load,Forecasted Load,2026-07-27T20:08:22Z
2026-07-27T20:06:34Z,2026-07-27T22:06:34+0200,cc602197-a7f8-43dc-ae7f-8e28dc2e9571,2026-07-06T14:00:00Z,2026-07-06T16:00:00+0200,59038.586743,MW,DE,DE_LU,forecast_load,Forecasted Load,2026-07-27T20:08:22Z
2026-07-27T20:06:34Z,2026-07-27T22:06:34+0200,cc602197-a7f8-43dc-ae7f-8e28dc2e9571,2026-07-06T14:15:00Z,2026-07-06T16:15:00+0200,58596.941684,MW,DE,DE_LU,forecast_load,Forecasted Load,2026-07-27T20:08:22Z
2026-07-27T20:06:34Z,2026-07-27T22:06:34+0200,cc602197-a7f8-43dc-ae7f-8e28dc2e9571,2026-07-06T14:30:00Z,2026-07-06T16:30:00+0200,58437.403307,MW,DE,DE_LU,forecast_load,Forecasted Load,2026-07-27T20:08:22Z
2026-07-27T20:06:34Z,2026-07-27T22:06:34+0200,cc602197-a7f8-43dc-ae7f-8e28dc2e9571,2026-07-06T14:45:00Z,2026-07-06T16:45:00+0200,58713.731709,MW,DE,DE_LU,forecast_load,Forecasted Load,2026-07-27T20:08:22Z
2026-07-27T20:06:34Z,2026-07-27T22:06:34+0200,cc602197-a7f8-43dc-ae7f-8e28dc2e9571,2026-07-06T15:00:00Z,2026-07-06T17:00:00+0200,58808.105361,MW,DE,DE_LU,forecast_load,Forecasted Load,2026-07-27T20:08:22Z
2026-07-27T20:06:34Z,2026-07-27T22:06:34+0200,cc602197-a7f8-43dc-ae7f-8e28dc2e9571,2026-07-06T15:15:00Z,2026-07-06T17:15:00+0200,58773.685403,MW,DE,DE_LU,forecast_load,Forecasted Load,2026-07-27T20:08:22Z
2026-07-27T20:06:34Z,2026-07-27T22:06:34+0200,cc602197-a7f8-43dc-ae7f-8e28dc2e9571,2026-07-06T15:30:00Z,2026-07-06T17:30:00+0200,59288.376949,MW,DE,DE_LU,forecast_load,Forecasted Load,2026-07-27T20:08:22Z
2026-07-27T20:06:34Z,2026-07-27T22:06:34+0200,cc602197-a7f8-43dc-ae7f-8e28dc2e9571,2026-07-06T15:45:00Z,2026-07-06T17:45:00+0200,59471.191839,MW,DE,DE_LU,forecast_load,Forecasted Load,2026-07-27T20:08:22Z
2026-07-27T20:06:34Z,2026-07-27T22:06:34+0200,cc602197-a7f8-43dc-ae7f-8e28dc2e9571,2026-07-06T16:00:00Z,2026-07-06T18:00:00+0200,59232.603743,MW,DE,DE_LU,forecast_load,Forecasted Load,2026-07-27T20:08:22Z
2026-07-27T20:06:34Z,2026-07-27T22:06:34+0200,cc602197-a7f8-43dc-ae7f-8e28dc2e9571,2026-07-06T16:15:00Z,2026-07-06T18:15:00+0200,59381.973781,MW,DE,DE_LU,forecast_load,Forecasted Load,2026-07-27T20:08:22Z
2026-07-27T20:06:34Z,2026-07-27T22:06:34+0200,cc602197-a7f8-43dc-ae7f-8e28dc2e9571,2026-07-06T16:30:00Z,2026-07-06T18:30:00+0200,59545.040596,MW,DE,DE_LU,forecast_load,Forecasted Load,2026-07-27T20:08:22Z
2026-07-27T20:06:34Z,2026-07-27T22:06:34+0200,cc602197-a7f8-43dc-ae7f-8e28dc2e9571,2026-07-06T16:45:00Z,2026-07-06T18:45:00+0200,59671.949812,MW,DE,DE_LU,forecast_load,Forecasted Load,2026-07-27T20:08:22Z
2026-07-27T20:06:34Z,2026-07-27T22:06:34+0200,cc602197-a7f8-43dc-ae7f-8e28dc2e9571,2026-07-06T17:00:00Z,2026-07-06T19:00:00+0200,59631.815585,MW,DE,DE_LU,forecast_load,Forecasted Load,2026-07-27T20:08:22Z
2026-07-27T20:06:34Z,2026-07-27T22:06:34+0200,cc602197-a7f8-43dc-ae7f-8e28dc2e9571,2026-07-06T17:15:00Z,2026-07-06T19:15:00+0200,59461.777069,MW,DE,DE_LU,forecast_load,Forecasted Load,2026-07-27T20:08:22Z
2026-07-27T20:06:34Z,2026-07-27T22:06:34+0200,cc602197-a7f8-43dc-ae7f-8e28dc2e9571,2026-07-06T17:30:00Z,2026-07-06T19:30:00+0200,59250.028126,MW,DE,DE_LU,forecast_load,Forecasted Load,2026-07-27T20:08:22Z
2026-07-27T20:06:34Z,2026-07-27T22:06:34+0200,cc602197-a7f8-43dc-ae7f-8e28dc2e9571,2026-07-06T17:45:00Z,2026-07-06T19:45:00+0200,58939.093296,MW,DE,DE_LU,forecast_load,Forecasted Load,2026-07-27T20:08:22Z
2026-07-27T20:06:34Z,2026-07-27T22:06:34+0200,cc602197-a7f8-43dc-ae7f-8e28dc2e9571,2026-07-06T18:00:00Z,2026-07-06T20:00:00+0200,58427.980941,MW,DE,DE_LU,forecast_load,Forecasted Load,2026-07-27T20:08:22Z
2026-07-27T20:06:34Z,2026-07-27T22:06:34+0200,cc602197-a7f8-43dc-ae7f-8e28dc2e9571,2026-07-06T18:15:00Z,2026-07-06T20:15:00+0200,57991.908369,MW,DE,DE_LU,forecast_load,Forecasted Load,2026-07-27T20:08:22Z
2026-07-27T20:06:34Z,2026-07-27T22:06:34+0200,cc602197-a7f8-43dc-ae7f-8e28dc2e9571,2026-07-06T18:30:00Z,2026-07-06T20:30:00+0200,57385.174259,MW,DE,DE_LU,forecast_load,Forecasted Load,2026-07-27T20:08:22Z
2026-07-27T20:06:34Z,2026-07-27T22:06:34+0200,cc602197-a7f8-43dc-ae7f-8e28dc2e9571,2026-07-06T18:45:00Z,2026-07-06T20:45:00+0200,56942.927235,MW,DE,DE_LU,forecast_load,Forecasted Load,2026-07-27T20:08:22Z
2026-07-27T20:06:34Z,2026-07-27T22:06:34+0200,cc602197-a7f8-43dc-ae7f-8e28dc2e9571,2026-07-06T19:00:00Z,2026-07-06T21:00:00+0200,56312.727887,MW,DE,DE_LU,forecast_load,Forecasted Load,2026-07-27T20:08:22Z
2026-07-27T20:06:34Z,2026-07-27T22:06:34+0200,cc602197-a7f8-43dc-ae7f-8e28dc2e9571,2026-07-06T19:15:00Z,2026-07-06T21:15:00+0200,55835.341102,MW,DE,DE_LU,forecast_load,Forecasted Load,2026-07-27T20:08:22Z
2026-07-27T20:06:34Z,2026-07-27T22:06:34+0200,cc602197-a7f8-43dc-ae7f-8e28dc2e9571,2026-07-06T19:30:00Z,2026-07-06T21:30:00+0200,55100.928024,MW,DE,DE_LU,forecast_load,Forecasted Load,2026-07-27T20:08:22Z
2026-07-27T20:06:34Z,2026-07-27T22:06:34+0200,cc602197-a7f8-43dc-ae7f-8e28dc2e9571,2026-07-06T19:45:00Z,2026-07-06T21:45:00+0200,54446.920436,MW,DE,DE_LU,forecast_load,Forecasted Load,2026-07-27T20:08:22Z
2026-07-27T20:06:34Z,2026-07-27T22:06:34+0200,cc602197-a7f8-43dc-ae7f-8e28dc2e9571,2026-07-06T20:00:00Z,2026-07-06T22:00:00+0200,53722.753522,MW,DE,DE_LU,forecast_load,Forecasted Load,2026-07-27T20:08:22Z
2026-07-27T20:06:34Z,2026-07-27T22:06:34+0200,cc602197-a7f8-43dc-ae7f-8e28dc2e9571,2026-07-06T20:15:00Z,2026-07-06T22:15:00+0200,53173.561835,MW,DE,DE_LU,forecast_load,Forecasted Load,2026-07-27T20:08:22Z
2026-07-27T20:06:34Z,2026-07-27T22:06:34+0200,cc602197-a7f8-43dc-ae7f-8e28dc2e9571,2026-07-06T20:30:00Z,2026-07-06T22:30:00+0200,52336.098508,MW,DE,DE_LU,forecast_load,Forecasted Load,2026-07-27T20:08:22Z
2026-07-27T20:06:34Z,2026-07-27T22:06:34+0200,cc602197-a7f8-43dc-ae7f-8e28dc2e9571,2026-07-06T20:45:00Z,2026-07-06T22:45:00+0200,51504.749897,MW,DE,DE_LU,forecast_load,Forecasted Load,2026-07-27T20:08:22Z
2026-07-27T20:06:34Z,2026-07-27T22:06:34+0200,cc602197-a7f8-43dc-ae7f-8e28dc2e9571,2026-07-06T21:00:00Z,2026-07-06T23:00:00+0200,50517.311185,MW,DE,DE_LU,forecast_load,Forecasted Load,2026-07-27T20:08:22Z
2026-07-27T20:06:34Z,2026-07-27T22:06:34+0200,cc602197-a7f8-43dc-ae7f-8e28dc2e9571,2026-07-06T21:15:00Z,2026-07-06T23:15:00+0200,49636.728401,MW,DE,DE_LU,forecast_load,Forecasted Load,2026-07-27T20:08:22Z
2026-07-27T20:06:34Z,2026-07-27T22:06:34+0200,cc602197-a7f8-43dc-ae7f-8e28dc2e9571,2026-07-06T21:30:00Z,2026-07-06T23:30:00+0200,49017.872137,MW,DE,DE_LU,forecast_load,Forecasted Load,2026-07-27T20:08:22Z
2026-07-27T20:06:34Z,2026-07-27T22:06:34+0200,cc602197-a7f8-43dc-ae7f-8e28dc2e9571,2026-07-06T21:45:00Z,2026-07-06T23:45:00+0200,48384.858389,MW,DE,DE_LU,forecast_load,Forecasted Load,2026-07-27T20:08:22Z
2026-07-27T20:06:34Z,2026-07-27T22:06:34+0200,cc602197-a7f8-43dc-ae7f-8e28dc2e9571,2026-07-06T22:00:00Z,2026-07-07T00:00:00+0200,48429.73754,MW,DE,DE_LU,forecast_load,Forecasted Load,2026-07-27T20:08:22Z
2026-07-27T20:06:34Z,2026-07-27T22:06:34+0200,cc602197-a7f8-43dc-ae7f-8e28dc2e9571,2026-07-06T22:15:00Z,2026-07-07T00:15:00+0200,47978.756623,MW,DE,DE_LU,forecast_load,Forecasted Load,2026-07-27T20:08:22Z
2026-07-27T20:06:34Z,2026-07-27T22:06:34+0200,cc602197-a7f8-43dc-ae7f-8e28dc2e9571,2026-07-06T22:30:00Z,2026-07-07T00:30:00+0200,47320.889343,MW,DE,DE_LU,forecast_load,Forecasted Load,2026-07-27T20:08:22Z
2026-07-27T20:06:34Z,2026-07-27T22:06:34+0200,cc602197-a7f8-43dc-ae7f-8e28dc2e9571,2026-07-06T22:45:00Z,2026-07-07T00:45:00+0200,46963.879446,MW,DE,DE_LU,forecast_load,Forecasted Load,2026-07-27T20:08:22Z
2026-07-27T20:06:34Z,2026-07-27T22:06:34+0200,cc602197-a7f8-43dc-ae7f-8e28dc2e9571,2026-07-06T23:00:00Z,2026-07-07T01:00:00+0200,46500.470778,MW,DE,DE_LU,forecast_load,Forecasted Load,2026-07-27T20:08:22Z
2026-07-27T20:06:34Z,2026-07-27T22:06:34+0200,cc602197-a7f8-43dc-ae7f-8e28dc2e9571,2026-07-06T23:15:00Z,2026-07-07T01:15:00+0200,45859.302467,MW,DE,DE_LU,forecast_load,Forecasted Load,2026-07-27T20:08:22Z
2026-07-27T20:06:34Z,2026-07-27T22:06:34+0200,cc602197-a7f8-43dc-ae7f-8e28dc2e9571,2026-07-06T23:30:00Z,2026-07-07T01:30:00+0200,45580.997121,MW,DE,DE_LU,forecast_load,Forecasted Load,2026-07-27T20:08:22Z
2026-07-27T20:06:34Z,2026-07-27T22:06:34+0200,cc602197-a7f8-43dc-ae7f-8e28dc2e9571,2026-07-06T23:45:00Z,2026-07-07T01:45:00+0200,45291.912531,MW,DE,DE_LU,forecast_load,Forecasted Load,2026-07-27T20:08:22Z
2026-07-27T20:06:34Z,2026-07-27T22:06:34+0200,cc602197-a7f8-43dc-ae7f-8e28dc2e9571,2026-07-07T00:00:00Z,2026-07-07T02:00:00+0200,45035.220124,MW,DE,DE_LU,forecast_load,Forecasted Load,2026-07-27T20:08:22Z
2026-07-27T20:06:34Z,2026-07-27T22:06:34+0200,cc602197-a7f8-43dc-ae7f-8e28dc2e9571,2026-07-07T00:15:00Z,2026-07-07T02:15:00+0200,44708.313007,MW,DE,DE_LU,forecast_load,Forecasted Load,2026-07-27T20:08:22Z
2026-07-27T20:06:34Z,2026-07-27T22:06:34+0200,cc602197-a7f8-43dc-ae7f-8e28dc2e9571,2026-07-07T00:30:00Z,2026-07-07T02:30:00+0200,44551.489533,MW,DE,DE_LU,forecast_load,Forecasted Load,2026-07-27T20:08:22Z
2026-07-27T20:06:34Z,2026-07-27T22:06:34+0200,cc602197-a7f8-43dc-ae7f-8e28dc2e9571,2026-07-07T00:45:00Z,2026-07-07T02:45:00+0200,44498.112424,MW,DE,DE_LU,forecast_load,Forecasted Load,2026-07-27T20:08:22Z
2026-07-27T20:06:34Z,2026-07-27T22:06:34+0200,cc602197-a7f8-43dc-ae7f-8e28dc2e9571,2026-07-07T01:00:00Z,2026-07-07T03:00:00+0200,44329.062254,MW,DE,DE_LU,forecast_load,Forecasted Load,2026-07-27T20:08:22Z
2026-07-27T20:06:34Z,2026-07-27T22:06:34+0200,cc602197-a7f8-43dc-ae7f-8e28dc2e9571,2026-07-07T01:15:00Z,2026-07-07T03:15:00+0200,44441.996024,MW,DE,DE_LU,forecast_load,Forecasted Load,2026-07-27T20:08:22Z
2026-07-27T20:06:34Z,2026-07-27T22:06:34+0200,cc602197-a7f8-43dc-ae7f-8e28dc2e9571,2026-07-07T01:30:00Z,2026-07-07T03:30:00+0200,44396.022359,MW,DE,DE_LU,forecast_load,Forecasted Load,2026-07-27T20:08:22Z
2026-07-27T20:06:34Z,2026-07-27T22:06:34+0200,cc602197-a7f8-43dc-ae7f-8e28dc2e9571,2026-07-07T01:45:00Z,2026-07-07T03:45:00+0200,44440.243322,MW,DE,DE_LU,forecast_load,Forecasted Load,2026-07-27T20:08:22Z
2026-07-27T20:06:34Z,2026-07-27T22:06:34+0200,cc602197-a7f8-43dc-ae7f-8e28dc2e9571,2026-07-07T02:00:00Z,2026-07-07T04:00:00+0200,44663.707849,MW,DE,DE_LU,forecast_load,Forecasted Load,2026-07-27T20:08:22Z
2026-07-27T20:06:34Z,2026-07-27T22:06:34+0200,cc602197-a7f8-43dc-ae7f-8e28dc2e9571,2026-07-07T02:15:00Z,2026-07-07T04:15:00+0200,44926.248536,MW,DE,DE_LU,forecast_load,Forecasted Load,2026-07-27T20:08:22Z
2026-07-27T20:06:34Z,2026-07-27T22:06:34+0200,cc602197-a7f8-43dc-ae7f-8e28dc2e9571,2026-07-07T02:30:00Z,2026-07-07T04:30:00+0200,45354.208544,MW,DE,DE_LU,forecast_load,Forecasted Load,2026-07-27T20:08:22Z
2026-07-27T20:06:34Z,2026-07-27T22:06:34+0200,cc602197-a7f8-43dc-ae7f-8e28dc2e9571,2026-07-07T02:45:00Z,2026-07-07T04:45:00+0200,45827.60443,MW,DE,DE_LU,forecast_load,Forecasted Load,2026-07-27T20:08:22Z
2026-07-27T20:06:34Z,2026-07-27T22:06:34+0200,cc602197-a7f8-43dc-ae7f-8e28dc2e9571,2026-07-07T03:00:00Z,2026-07-07T05:00:00+0200,46762.963758,MW,DE,DE_LU,forecast_load,Forecasted Load,2026-07-27T20:08:22Z
2026-07-27T20:06:34Z,2026-07-27T22:06:34+0200,cc602197-a7f8-43dc-ae7f-8e28dc2e9571,2026-07-07T03:15:00Z,2026-07-07T05:15:00+0200,47419.079769,MW,DE,DE_LU,forecast_load,Forecasted Load,2026-07-27T20:08:22Z
2026-07-27T20:06:34Z,2026-07-27T22:06:34+0200,cc602197-a7f8-43dc-ae7f-8e28dc2e9571,2026-07-07T03:30:00Z,2026-07-07T05:30:00+0200,47367.613801,MW,DE,DE_LU,forecast_load,Forecasted Load,2026-07-27T20:08:22Z
2026-07-27T20:06:34Z,2026-07-27T22:06:34+0200,cc602197-a7f8-43dc-ae7f-8e28dc2e9571,2026-07-07T03:45:00Z,2026-07-07T05:45:00+0200,48287.518297,MW,DE,DE_LU,forecast_load,Forecasted Load,2026-07-27T20:08:22Z
2026-07-27T20:06:34Z,2026-07-27T22:06:34+0200,cc602197-a7f8-43dc-ae7f-8e28dc2e9571,2026-07-07T04:00:00Z,2026-07-07T06:00:00+0200,50547.626465,MW,DE,DE_LU,forecast_load,Forecasted Load,2026-07-27T20:08:22Z
2026-07-27T20:06:34Z,2026-07-27T22:06:34+0200,cc602197-a7f8-43dc-ae7f-8e28dc2e9571,2026-07-07T04:15:00Z,2026-07-07T06:15:00+0200,52651.489029,MW,DE,DE_LU,forecast_load,Forecasted Load,2026-07-27T20:08:22Z
2026-07-27T20:06:34Z,2026-07-27T22:06:34+0200,cc602197-a7f8-43dc-ae7f-8e28dc2e9571,2026-07-07T04:30:00Z,2026-07-07T06:30:00+0200,54034.377133,MW,DE,DE_LU,forecast_load,Forecasted Load,2026-07-27T20:08:22Z
2026-07-27T20:06:34Z,2026-07-27T22:06:34+0200,cc602197-a7f8-43dc-ae7f-8e28dc2e9571,2026-07-07T04:45:00Z,2026-07-07T06:45:00+0200,55248.073796,MW,DE,DE_LU,forecast_load,Forecasted Load,2026-07-27T20:08:22Z
2026-07-27T20:06:34Z,2026-07-27T22:06:34+0200,cc602197-a7f8-43dc-ae7f-8e28dc2e9571,2026-07-07T05:00:00Z,2026-07-07T07:00:00+0200,56739.178064,MW,DE,DE_LU,forecast_load,Forecasted Load,2026-07-27T20:08:22Z
2026-07-27T20:06:34Z,2026-07-27T22:06:34+0200,cc602197-a7f8-43dc-ae7f-8e28dc2e9571,2026-07-07T05:15:00Z,2026-07-07T07:15:00+0200,57577.11218,MW,DE,DE_LU,forecast_load,Forecasted Load,2026-07-27T20:08:22Z
2026-07-27T20:06:34Z,2026-07-27T22:06:34+0200,cc602197-a7f8-43dc-ae7f-8e28dc2e9571,2026-07-07T05:30:00Z,2026-07-07T07:30:00+0200,58516.967255,MW,DE,DE_LU,forecast_load,Forecasted Load,2026-07-27T20:08:22Z
2026-07-27T20:06:34Z,2026-07-27T22:06:34+0200,cc602197-a7f8-43dc-ae7f-8e28dc2e9571,2026-07-07T05:45:00Z,2026-07-07T07:45:00+0200,59247.185882,MW,DE,DE_LU,forecast_load,Forecasted Load,2026-07-27T20:08:22Z
2026-07-27T20:06:34Z,2026-07-27T22:06:34+0200,cc602197-a7f8-43dc-ae7f-8e28dc2e9571,2026-07-07T06:00:00Z,2026-07-07T08:00:00+0200,60058.757046,MW,DE,DE_LU,forecast_load,Forecasted Load,2026-07-27T20:08:22Z
2026-07-27T20:06:34Z,2026-07-27T22:06:34+0200,cc602197-a7f8-43dc-ae7f-8e28dc2e9571,2026-07-07T06:15:00Z,2026-07-07T08:15:00+0200,60815.065478,MW,DE,DE_LU,forecast_load,Forecasted Load,2026-07-27T20:08:22Z
2026-07-27T20:06:34Z,2026-07-27T22:06:34+0200,cc602197-a7f8-43dc-ae7f-8e28dc2e9571,2026-07-07T06:30:00Z,2026-07-07T08:30:00+0200,61335.00337,MW,DE,DE_LU,forecast_load,Forecasted Load,2026-07-27T20:08:22Z
2026-07-27T20:06:34Z,2026-07-27T22:06:34+0200,cc602197-a7f8-43dc-ae7f-8e28dc2e9571,2026-07-07T06:45:00Z,2026-07-07T08:45:00+0200,61524.770179,MW,DE,DE_LU,forecast_load,Forecasted Load,2026-07-27T20:08:22Z
2026-07-27T20:06:34Z,2026-07-27T22:06:34+0200,cc602197-a7f8-43dc-ae7f-8e28dc2e9571,2026-07-07T07:00:00Z,2026-07-07T09:00:00+0200,61465.869375,MW,DE,DE_LU,forecast_load,Forecasted Load,2026-07-27T20:08:22Z
2026-07-27T20:06:34Z,2026-07-27T22:06:34+0200,cc602197-a7f8-43dc-ae7f-8e28dc2e9571,2026-07-07T07:15:00Z,2026-07-07T09:15:00+0200,61723.185258,MW,DE,DE_LU,forecast_load,Forecasted Load,2026-07-27T20:08:22Z
2026-07-27T20:06:34Z,2026-07-27T22:06:34+0200,cc602197-a7f8-43dc-ae7f-8e28dc2e9571,2026-07-07T07:30:00Z,2026-07-07T09:30:00+0200,62406.016339,MW,DE,DE_LU,forecast_load,Forecasted Load,2026-07-27T20:08:22Z
2026-07-27T20:06:34Z,2026-07-27T22:06:34+0200,cc602197-a7f8-43dc-ae7f-8e28dc2e9571,2026-07-07T07:45:00Z,2026-07-07T09:45:00+0200,62311.502297,MW,DE,DE_LU,forecast_load,Forecasted Load,2026-07-27T20:08:22Z
2026-07-27T20:06:34Z,2026-07-27T22:06:34+0200,cc602197-a7f8-43dc-ae7f-8e28dc2e9571,2026-07-07T08:00:00Z,2026-07-07T10:00:00+0200,62128.677309,MW,DE,DE_LU,forecast_load,Forecasted Load,2026-07-27T20:08:22Z
2026-07-27T20:06:34Z,2026-07-27T22:06:34+0200,cc602197-a7f8-43dc-ae7f-8e28dc2e9571,2026-07-07T08:15:00Z,2026-07-07T10:15:00+0200,62413.647187,MW,DE,DE_LU,forecast_load,Forecasted Load,2026-07-27T20:08:22Z
2026-07-27T20:06:34Z,2026-07-27T22:06:34+0200,cc602197-a7f8-43dc-ae7f-8e28dc2e9571,2026-07-07T08:30:00Z,2026-07-07T10:30:00+0200,62318.229437,MW,DE,DE_LU,forecast_load,Forecasted Load,2026-07-27T20:08:22Z
2026-07-27T20:06:34Z,2026-07-27T22:06:34+0200,cc602197-a7f8-43dc-ae7f-8e28dc2e9571,2026-07-07T08:45:00Z,2026-07-07T10:45:00+0200,62625.587561,MW,DE,DE_LU,forecast_load,Forecasted Load,2026-07-27T20:08:22Z
2026-07-27T20:06:34Z,2026-07-27T22:06:34+0200,cc602197-a7f8-43dc-ae7f-8e28dc2e9571,2026-07-07T09:00:00Z,2026-07-07T11:00:00+0200,62099.960109,MW,DE,DE_LU,forecast_load,Forecasted Load,2026-07-27T20:08:22Z
2026-07-27T20:06:34Z,2026-07-27T22:06:34+0200,cc602197-a7f8-43dc-ae7f-8e28dc2e9571,2026-07-07T09:15:00Z,2026-07-07T11:15:00+0200,62018.653182,MW,DE,DE_LU,forecast_load,Forecasted Load,2026-07-27T20:08:22Z
2026-07-27T20:06:34Z,2026-07-27T22:06:34+0200,cc602197-a7f8-43dc-ae7f-8e28dc2e9571,2026-07-07T09:30:00Z,2026-07-07T11:30:00+0200,61595.080149,MW,DE,DE_LU,forecast_load,Forecasted Load,2026-07-27T20:08:22Z
2026-07-27T20:06:34Z,2026-07-27T22:06:34+0200,cc602197-a7f8-43dc-ae7f-8e28dc2e9571,2026-07-07T09:45:00Z,2026-07-07T11:45:00+0200,61761.882924,MW,DE,DE_LU,forecast_load,Forecasted Load,2026-07-27T20:08:22Z
2026-07-27T20:06:34Z,2026-07-27T22:06:34+0200,cc602197-a7f8-43dc-ae7f-8e28dc2e9571,2026-07-07T10:00:00Z,2026-07-07T12:00:00+0200,61120.288251,MW,DE,DE_LU,forecast_load,Forecasted Load,2026-07-27T20:08:22Z
2026-07-27T20:06:34Z,2026-07-27T22:06:34+0200,cc602197-a7f8-43dc-ae7f-8e28dc2e9571,2026-07-07T10:15:00Z,2026-07-07T12:15:00+0200,60518.523234,MW,DE,DE_LU,forecast_load,Forecasted Load,2026-07-27T20:08:22Z
2026-07-27T20:06:34Z,2026-07-27T22:06:34+0200,cc602197-a7f8-43dc-ae7f-8e28dc2e9571,2026-07-07T10:30:00Z,2026-07-07T12:30:00+0200,60962.108135,MW,DE,DE_LU,forecast_load,Forecasted Load,2026-07-27T20:08:22Z
2026-07-27T20:06:34Z,2026-07-27T22:06:34+0200,cc602197-a7f8-43dc-ae7f-8e28dc2e9571,2026-07-07T10:45:00Z,2026-07-07T12:45:00+0200,60818.00891,MW,DE,DE_LU,forecast_load,Forecasted Load,2026-07-27T20:08:22Z
2026-07-27T20:06:34Z,2026-07-27T22:06:34+0200,cc602197-a7f8-43dc-ae7f-8e28dc2e9571,2026-07-07T11:00:00Z,2026-07-07T13:00:00+0200,60414.638114,MW,DE,DE_LU,forecast_load,Forecasted Load,2026-07-27T20:08:22Z
2026-07-27T20:06:34Z,2026-07-27T22:06:34+0200,cc602197-a7f8-43dc-ae7f-8e28dc2e9571,2026-07-07T11:15:00Z,2026-07-07T13:15:00+0200,60072.828978,MW,DE,DE_LU,forecast_load,Forecasted Load,2026-07-27T20:08:22Z
2026-07-27T20:06:34Z,2026-07-27T22:06:34+0200,cc602197-a7f8-43dc-ae7f-8e28dc2e9571,2026-07-07T11:30:00Z,2026-07-07T13:30:00+0200,59801.018216,MW,DE,DE_LU,forecast_load,Forecasted Load,2026-07-27T20:08:22Z
2026-07-27T20:06:34Z,2026-07-27T22:06:34+0200,cc602197-a7f8-43dc-ae7f-8e28dc2e9571,2026-07-07T11:45:00Z,2026-07-07T13:45:00+0200,59551.976804,MW,DE,DE_LU,forecast_load,Forecasted Load,2026-07-27T20:08:22Z
2026-07-27T20:06:34Z,2026-07-27T22:06:34+0200,cc602197-a7f8-43dc-ae7f-8e28dc2e9571,2026-07-07T12:00:00Z,2026-07-07T14:00:00+0200,59085.65407,MW,DE,DE_LU,forecast_load,Forecasted Load,2026-07-27T20:08:22Z
2026-07-27T20:06:34Z,2026-07-27T22:06:34+0200,cc602197-a7f8-43dc-ae7f-8e28dc2e9571,2026-07-07T12:15:00Z,2026-07-07T14:15:00+0200,58383.155297,MW,DE,DE_LU,forecast_load,Forecasted Load,2026-07-27T20:08:22Z
2026-07-27T20:06:34Z,2026-07-27T22:06:34+0200,cc602197-a7f8-43dc-ae7f-8e28dc2e9571,2026-07-07T12:30:00Z,2026-07-07T14:30:00+0200,58118.233765,MW,DE,DE_LU,forecast_load,Forecasted Load,2026-07-27T20:08:22Z
2026-07-27T20:06:34Z,2026-07-27T22:06:34+0200,cc602197-a7f8-43dc-ae7f-8e28dc2e9571,2026-07-07T12:45:00Z,2026-07-07T14:45:00+0200,57918.283533,MW,DE,DE_LU,forecast_load,Forecasted Load,2026-07-27T20:08:22Z
2026-07-27T20:06:34Z,2026-07-27T22:06:34+0200,cc602197-a7f8-43dc-ae7f-8e28dc2e9571,2026-07-07T13:00:00Z,2026-07-07T15:00:00+0200,58091.97139,MW,DE,DE_LU,forecast_load,Forecasted Load,2026-07-27T20:08:22Z
2026-07-27T20:06:34Z,2026-07-27T22:06:34+0200,cc602197-a7f8-43dc-ae7f-8e28dc2e9571,2026-07-07T13:15:00Z,2026-07-07T15:15:00+0200,58233.433348,MW,DE,DE_LU,forecast_load,Forecasted Load,2026-07-27T20:08:22Z
2026-07-27T20:06:34Z,2026-07-27T22:06:34+0200,cc602197-a7f8-43dc-ae7f-8e28dc2e9571,2026-07-07T13:30:00Z,2026-07-07T15:30:00+0200,57387.705638,MW,DE,DE_LU,forecast_load,Forecasted Load,2026-07-27T20:08:22Z
2026-07-27T20:06:34Z,2026-07-27T22:06:34+0200,cc602197-a7f8-43dc-ae7f-8e28dc2e9571,2026-07-07T13:45:00Z,2026-07-07T15:45:00+0200,57491.112352,MW,DE,DE_LU,forecast_load,Forecasted Load,2026-07-27T20:08:22Z
2026-07-27T20:06:34Z,2026-07-27T22:06:34+0200,cc602197-a7f8-43dc-ae7f-8e28dc2e9571,2026-07-07T14:00:00Z,2026-07-07T16:00:00+0200,57967.196016,MW,DE,DE_LU,forecast_load,Forecasted Load,2026-07-27T20:08:22Z
2026-07-27T20:06:34Z,2026-07-27T22:06:34+0200,cc602197-a7f8-43dc-ae7f-8e28dc2e9571,2026-07-07T14:15:00Z,2026-07-07T16:15:00+0200,57658.976294,MW,DE,DE_LU,forecast_load,Forecasted Load,2026-07-27T20:08:22Z
2026-07-27T20:06:34Z,2026-07-27T22:06:34+0200,cc602197-a7f8-43dc-ae7f-8e28dc2e9571,2026-07-07T14:30:00Z,2026-07-07T16:30:00+0200,57925.080392,MW,DE,DE_LU,forecast_load,Forecasted Load,2026-07-27T20:08:22Z
2026-07-27T20:06:34Z,2026-07-27T22:06:34+0200,cc602197-a7f8-43dc-ae7f-8e28dc2e9571,2026-07-07T14:45:00Z,2026-07-07T16:45:00+0200,58063.460489,MW,DE,DE_LU,forecast_load,Forecasted Load,2026-07-27T20:08:22Z
2026-07-27T20:06:34Z,2026-07-27T22:06:34+0200,cc602197-a7f8-43dc-ae7f-8e28dc2e9571,2026-07-07T15:00:00Z,2026-07-07T17:00:00+0200,58588.719054,MW,DE,DE_LU,forecast_load,Forecasted Load,2026-07-27T20:08:22Z
2026-07-27T20:06:34Z,2026-07-27T22:06:34+0200,cc602197-a7f8-43dc-ae7f-8e28dc2e9571,2026-07-07T15:15:00Z,2026-07-07T17:15:00+0200,58474.33495,MW,DE,DE_LU,forecast_load,Forecasted Load,2026-07-27T20:08:22Z
2026-07-27T20:06:34Z,2026-07-27T22:06:34+0200,cc602197-a7f8-43dc-ae7f-8e28dc2e9571,2026-07-07T15:30:00Z,2026-07-07T17:30:00+0200,58687.897519,MW,DE,DE_LU,forecast_load,Forecasted Load,2026-07-27T20:08:22Z
2026-07-27T20:06:34Z,2026-07-27T22:06:34+0200,cc602197-a7f8-43dc-ae7f-8e28dc2e9571,2026-07-07T15:45:00Z,2026-07-07T17:45:00+0200,58795.773169,MW,DE,DE_LU,forecast_load,Forecasted Load,2026-07-27T20:08:22Z
2026-07-27T20:06:34Z,2026-07-27T22:06:34+0200,cc602197-a7f8-43dc-ae7f-8e28dc2e9571,2026-07-07T16:00:00Z,2026-07-07T18:00:00+0200,58990.594155,MW,DE,DE_LU,forecast_load,Forecasted Load,2026-07-27T20:08:22Z
2026-07-27T20:06:34Z,2026-07-27T22:06:34+0200,cc602197-a7f8-43dc-ae7f-8e28dc2e9571,2026-07-07T16:15:00Z,2026-07-07T18:15:00+0200,59231.499155,MW,DE,DE_LU,forecast_load,Forecasted Load,2026-07-27T20:08:22Z
2026-07-27T20:06:34Z,2026-07-27T22:06:34+0200,cc602197-a7f8-43dc-ae7f-8e28dc2e9571,2026-07-07T16:30:00Z,2026-07-07T18:30:00+0200,59541.936276,MW,DE,DE_LU,forecast_load,Forecasted Load,2026-07-27T20:08:22Z
2026-07-27T20:06:34Z,2026-07-27T22:06:34+0200,cc602197-a7f8-43dc-ae7f-8e28dc2e9571,2026-07-07T16:45:00Z,2026-07-07T18:45:00+0200,59703.534413,MW,DE,DE_LU,forecast_load,Forecasted Load,2026-07-27T20:08:22Z
2026-07-27T20:06:34Z,2026-07-27T22:06:34+0200,cc602197-a7f8-43dc-ae7f-8e28dc2e9571,2026-07-07T17:00:00Z,2026-07-07T19:00:00+0200,59920.050895,MW,DE,DE_LU,forecast_load,Forecasted Load,2026-07-27T20:08:22Z
2026-07-27T20:06:34Z,2026-07-27T22:06:34+0200,cc602197-a7f8-43dc-ae7f-8e28dc2e9571,2026-07-07T17:15:00Z,2026-07-07T19:15:00+0200,59492.961571,MW,DE,DE_LU,forecast_load,Forecasted Load,2026-07-27T20:08:22Z
2026-07-27T20:06:34Z,2026-07-27T22:06:34+0200,cc602197-a7f8-43dc-ae7f-8e28dc2e9571,2026-07-07T17:30:00Z,2026-07-07T19:30:00+0200,59262.91529,MW,DE,DE_LU,forecast_load,Forecasted Load,2026-07-27T20:08:22Z
2026-07-27T20:06:34Z,2026-07-27T22:06:34+0200,cc602197-a7f8-43dc-ae7f-8e28dc2e9571,2026-07-07T17:45:00Z,2026-07-07T19:45:00+0200,58907.185901,MW,DE,DE_LU,forecast_load,Forecasted Load,2026-07-27T20:08:22Z
2026-07-27T20:06:34Z,2026-07-27T22:06:34+0200,cc602197-a7f8-43dc-ae7f-8e28dc2e9571,2026-07-07T18:00:00Z,2026-07-07T20:00:00+0200,58559.697471,MW,DE,DE_LU,forecast_load,Forecasted Load,2026-07-27T20:08:22Z
2026-07-27T20:06:34Z,2026-07-27T22:06:34+0200,cc602197-a7f8-43dc-ae7f-8e28dc2e9571,2026-07-07T18:15:00Z,2026-07-07T20:15:00+0200,57986.800761,MW,DE,DE_LU,forecast_load,Forecasted Load,2026-07-27T20:08:22Z
2026-07-27T20:06:34Z,2026-07-27T22:06:34+0200,cc602197-a7f8-43dc-ae7f-8e28dc2e9571,2026-07-07T18:30:00Z,2026-07-07T20:30:00+0200,57516.428188,MW,DE,DE_LU,forecast_load,Forecasted Load,2026-07-27T20:08:22Z
2026-07-27T20:06:34Z,2026-07-27T22:06:34+0200,cc602197-a7f8-43dc-ae7f-8e28dc2e9571,2026-07-07T18:45:00Z,2026-07-07T20:45:00+0200,57225.125698,MW,DE,DE_LU,forecast_load,Forecasted Load,2026-07-27T20:08:22Z
2026-07-27T20:06:34Z,2026-07-27T22:06:34+0200,cc602197-a7f8-43dc-ae7f-8e28dc2e9571,2026-07-07T19:00:00Z,2026-07-07T21:00:00+0200,56653.420756,MW,DE,DE_LU,forecast_load,Forecasted Load,2026-07-27T20:08:22Z
2026-07-27T20:06:34Z,2026-07-27T22:06:34+0200,cc602197-a7f8-43dc-ae7f-8e28dc2e9571,2026-07-07T19:15:00Z,2026-07-07T21:15:00+0200,56210.036464,MW,DE,DE_LU,forecast_load,Forecasted Load,2026-07-27T20:08:22Z
2026-07-27T20:06:34Z,2026-07-27T22:06:34+0200,cc602197-a7f8-43dc-ae7f-8e28dc2e9571,2026-07-07T19:30:00Z,2026-07-07T21:30:00+0200,55401.199499,MW,DE,DE_LU,forecast_load,Forecasted Load,2026-07-27T20:08:22Z
2026-07-27T20:06:34Z,2026-07-27T22:06:34+0200,cc602197-a7f8-43dc-ae7f-8e28dc2e9571,2026-07-07T19:45:00Z,2026-07-07T21:45:00+0200,54752.011022,MW,DE,DE_LU,forecast_load,Forecasted Load,2026-07-27T20:08:22Z
2026-07-27T20:06:34Z,2026-07-27T22:06:34+0200,cc602197-a7f8-43dc-ae7f-8e28dc2e9571,2026-07-07T20:00:00Z,2026-07-07T22:00:00+0200,53923.330462,MW,DE,DE_LU,forecast_load,Forecasted Load,2026-07-27T20:08:22Z
2026-07-27T20:06:34Z,2026-07-27T22:06:34+0200,cc602197-a7f8-43dc-ae7f-8e28dc2e9571,2026-07-07T20:15:00Z,2026-07-07T22:15:00+0200,52983.478207,MW,DE,DE_LU,forecast_load,Forecasted Load,2026-07-27T20:08:22Z
2026-07-27T20:06:34Z,2026-07-27T22:06:34+0200,cc602197-a7f8-43dc-ae7f-8e28dc2e9571,2026-07-07T20:30:00Z,2026-07-07T22:30:00+0200,52204.81538,MW,DE,DE_LU,forecast_load,Forecasted Load,2026-07-27T20:08:22Z
2026-07-27T20:06:34Z,2026-07-27T22:06:34+0200,cc602197-a7f8-43dc-ae7f-8e28dc2e9571,2026-07-07T20:45:00Z,2026-07-07T22:45:00+0200,51414.111698,MW,DE,DE_LU,forecast_load,Forecasted Load,2026-07-27T20:08:22Z
2026-07-27T20:06:34Z,2026-07-27T22:06:34+0200,cc602197-a7f8-43dc-ae7f-8e28dc2e9571,2026-07-07T21:00:00Z,2026-07-07T23:00:00+0200,50613.43068,MW,DE,DE_LU,forecast_load,Forecasted Load,2026-07-27T20:08:22Z
2026-07-27T20:06:34Z,2026-07-27T22:06:34+0200,cc602197-a7f8-43dc-ae7f-8e28dc2e9571,2026-07-07T21:15:00Z,2026-07-07T23:15:00+0200,49864.163877,MW,DE,DE_LU,forecast_load,Forecasted Load,2026-07-27T20:08:22Z
2026-07-27T20:06:34Z,2026-07-27T22:06:34+0200,cc602197-a7f8-43dc-ae7f-8e28dc2e9571,2026-07-07T21:30:00Z,2026-07-07T23:30:00+0200,49206.715559,MW,DE,DE_LU,forecast_load,Forecasted Load,2026-07-27T20:08:22Z
2026-07-27T20:06:34Z,2026-07-27T22:06:34+0200,cc602197-a7f8-43dc-ae7f-8e28dc2e9571,2026-07-07T21:45:00Z,2026-07-07T23:45:00+0200,48541.379336,MW,DE,DE_LU,forecast_load,Forecasted Load,2026-07-27T20:08:22Z
2026-07-27T20:06:34Z,2026-07-27T22:06:34+0200,cc602197-a7f8-43dc-ae7f-8e28dc2e9571,2026-07-07T22:00:00Z,2026-07-08T00:00:00+0200,47180.34052,MW,DE,DE_LU,forecast_load,Forecasted Load,2026-07-27T20:08:22Z
2026-07-27T20:06:34Z,2026-07-27T22:06:34+0200,cc602197-a7f8-43dc-ae7f-8e28dc2e9571,2026-07-07T22:15:00Z,2026-07-08T00:15:00+0200,46625.868022,MW,DE,DE_LU,forecast_load,Forecasted Load,2026-07-27T20:08:22Z
2026-07-27T20:06:34Z,2026-07-27T22:06:34+0200,cc602197-a7f8-43dc-ae7f-8e28dc2e9571,2026-07-07T22:30:00Z,2026-07-08T00:30:00+0200,46418.047357,MW,DE,DE_LU,forecast_load,Forecasted Load,2026-07-27T20:08:22Z
2026-07-27T20:06:34Z,2026-07-27T22:06:34+0200,cc602197-a7f8-43dc-ae7f-8e28dc2e9571,2026-07-07T22:45:00Z,2026-07-08T00:45:00+0200,46071.31617,MW,DE,DE_LU,forecast_load,Forecasted Load,2026-07-27T20:08:22Z
2026-07-27T20:06:34Z,2026-07-27T22:06:34+0200,cc602197-a7f8-43dc-ae7f-8e28dc2e9571,2026-07-07T23:00:00Z,2026-07-08T01:00:00+0200,45630.695536,MW,DE,DE_LU,forecast_load,Forecasted Load,2026-07-27T20:08:22Z
2026-07-27T20:06:34Z,2026-07-27T22:06:34+0200,cc602197-a7f8-43dc-ae7f-8e28dc2e9571,2026-07-07T23:15:00Z,2026-07-08T01:15:00+0200,45166.694549,MW,DE,DE_LU,forecast_load,Forecasted Load,2026-07-27T20:08:22Z
2026-07-27T20:06:34Z,2026-07-27T22:06:34+0200,cc602197-a7f8-43dc-ae7f-8e28dc2e9571,2026-07-07T23:30:00Z,2026-07-08T01:30:00+0200,44775.427482,MW,DE,DE_LU,forecast_load,Forecasted Load,2026-07-27T20:08:22Z
2026-07-27T20:06:34Z,2026-07-27T22:06:34+0200,cc602197-a7f8-43dc-ae7f-8e28dc2e9571,2026-07-07T23:45:00Z,2026-07-08T01:45:00+0200,44455.185246,MW,DE,DE_LU,forecast_load,Forecasted Load,2026-07-27T20:08:22Z
2026-07-27T20:06:34Z,2026-07-27T22:06:34+0200,cc602197-a7f8-43dc-ae7f-8e28dc2e9571,2026-07-08T00:00:00Z,2026-07-08T02:00:00+0200,44210.316072,MW,DE,DE_LU,forecast_load,Forecasted Load,2026-07-27T20:08:22Z
2026-07-27T20:06:34Z,2026-07-27T22:06:34+0200,cc602197-a7f8-43dc-ae7f-8e28dc2e9571,2026-07-08T00:15:00Z,2026-07-08T02:15:00+0200,43933.06211,MW,DE,DE_LU,forecast_load,Forecasted Load,2026-07-27T20:08:22Z
2026-07-27T20:06:34Z,2026-07-27T22:06:34+0200,cc602197-a7f8-43dc-ae7f-8e28dc2e9571,2026-07-08T00:30:00Z,2026-07-08T02:30:00+0200,43816.252138,MW,DE,DE_LU,forecast_load,Forecasted Load,2026-07-27T20:08:22Z
2026-07-27T20:06:34Z,2026-07-27T22:06:34+0200,cc602197-a7f8-43dc-ae7f-8e28dc2e9571,2026-07-08T00:45:00Z,2026-07-08T02:45:00+0200,43662.688959,MW,DE,DE_LU,forecast_load,Forecasted Load,2026-07-27T20:08:22Z
2026-07-27T20:06:34Z,2026-07-27T22:06:34+0200,cc602197-a7f8-43dc-ae7f-8e28dc2e9571,2026-07-08T01:00:00Z,2026-07-08T03:00:00+0200,43641.835738,MW,DE,DE_LU,forecast_load,Forecasted Load,2026-07-27T20:08:22Z
2026-07-27T20:06:34Z,2026-07-27T22:06:34+0200,cc602197-a7f8-43dc-ae7f-8e28dc2e9571,2026-07-08T01:15:00Z,2026-07-08T03:15:00+0200,43609.745601,MW,DE,DE_LU,forecast_load,Forecasted Load,2026-07-27T20:08:22Z
2026-07-27T20:06:34Z,2026-07-27T22:06:34+0200,cc602197-a7f8-43dc-ae7f-8e28dc2e9571,2026-07-08T01:30:00Z,2026-07-08T03:30:00+0200,43647.13409,MW,DE,DE_LU,forecast_load,Forecasted Load,2026-07-27T20:08:22Z
2026-07-27T20:06:34Z,2026-07-27T22:06:34+0200,cc602197-a7f8-43dc-ae7f-8e28dc2e9571,2026-07-08T01:45:00Z,2026-07-08T03:45:00+0200,43808.499906,MW,DE,DE_LU,forecast_load,Forecasted Load,2026-07-27T20:08:22Z
2026-07-27T20:06:34Z,2026-07-27T22:06:34+0200,cc602197-a7f8-43dc-ae7f-8e28dc2e9571,2026-07-08T02:00:00Z,2026-07-08T04:00:00+0200,44130.704987,MW,DE,DE_LU,forecast_load,Forecasted Load,2026-07-27T20:08:22Z
2026-07-27T20:06:34Z,2026-07-27T22:06:34+0200,cc602197-a7f8-43dc-ae7f-8e28dc2e9571,2026-07-08T02:15:00Z,2026-07-08T04:15:00+0200,44367.758634,MW,DE,DE_LU,forecast_load,Forecasted Load,2026-07-27T20:08:22Z
2026-07-27T20:06:34Z,2026-07-27T22:06:34+0200,cc602197-a7f8-43dc-ae7f-8e28dc2e9571,2026-07-08T02:30:00Z,2026-07-08T04:30:00+0200,44677.141857,MW,DE,DE_LU,forecast_load,Forecasted Load,2026-07-27T20:08:22Z
2026-07-27T20:06:34Z,2026-07-27T22:06:34+0200,cc602197-a7f8-43dc-ae7f-8e28dc2e9571,2026-07-08T02:45:00Z,2026-07-08T04:45:00+0200,45074.088867,MW,DE,DE_LU,forecast_load,Forecasted Load,2026-07-27T20:08:22Z
2026-07-27T20:06:34Z,2026-07-27T22:06:34+0200,cc602197-a7f8-43dc-ae7f-8e28dc2e9571,2026-07-08T03:00:00Z,2026-07-08T05:00:00+0200,45834.949816,MW,DE,DE_LU,forecast_load,Forecasted Load,2026-07-27T20:08:22Z
2026-07-27T20:06:34Z,2026-07-27T22:06:34+0200,cc602197-a7f8-43dc-ae7f-8e28dc2e9571,2026-07-08T03:15:00Z,2026-07-08T05:15:00+0200,46488.645964,MW,DE,DE_LU,forecast_load,Forecasted Load,2026-07-27T20:08:22Z
2026-07-27T20:06:34Z,2026-07-27T22:06:34+0200,cc602197-a7f8-43dc-ae7f-8e28dc2e9571,2026-07-08T03:30:00Z,2026-07-08T05:30:00+0200,47006.697384,MW,DE,DE_LU,forecast_load,Forecasted Load,2026-07-27T20:08:22Z
2026-07-27T20:06:34Z,2026-07-27T22:06:34+0200,cc602197-a7f8-43dc-ae7f-8e28dc2e9571,2026-07-08T03:45:00Z,2026-07-08T05:45:00+0200,47959.02534,MW,DE,DE_LU,forecast_load,Forecasted Load,2026-07-27T20:08:22Z
2026-07-27T20:06:34Z,2026-07-27T22:06:34+0200,cc602197-a7f8-43dc-ae7f-8e28dc2e9571,2026-07-08T04:00:00Z,2026-07-08T06:00:00+0200,49828.431469,MW,DE,DE_LU,forecast_load,Forecasted Load,2026-07-27T20:08:22Z
2026-07-27T20:06:34Z,2026-07-27T22:06:34+0200,cc602197-a7f8-43dc-ae7f-8e28dc2e9571,2026-07-08T04:15:00Z,2026-07-08T06:15:00+0200,51356.156784,MW,DE,DE_LU,forecast_load,Forecasted Load,2026-07-27T20:08:22Z
2026-07-27T20:06:34Z,2026-07-27T22:06:34+0200,cc602197-a7f8-43dc-ae7f-8e28dc2e9571,2026-07-08T04:30:00Z,2026-07-08T06:30:00+0200,53016.902698,MW,DE,DE_LU,forecast_load,Forecasted Load,2026-07-27T20:08:22Z
2026-07-27T20:06:34Z,2026-07-27T22:06:34+0200,cc602197-a7f8-43dc-ae7f-8e28dc2e9571,2026-07-08T04:45:00Z,2026-07-08T06:45:00+0200,54372.051329,MW,DE,DE_LU,forecast_load,Forecasted Load,2026-07-27T20:08:22Z
2026-07-27T20:06:34Z,2026-07-27T22:06:34+0200,cc602197-a7f8-43dc-ae7f-8e28dc2e9571,2026-07-08T05:00:00Z,2026-07-08T07:00:00+0200,55529.474044,MW,DE,DE_LU,forecast_load,Forecasted Load,2026-07-27T20:08:22Z
2026-07-27T20:06:34Z,2026-07-27T22:06:34+0200,cc602197-a7f8-43dc-ae7f-8e28dc2e9571,2026-07-08T05:15:00Z,2026-07-08T07:15:00+0200,56392.285912,MW,DE,DE_LU,forecast_load,Forecasted Load,2026-07-27T20:08:22Z
2026-07-27T20:06:34Z,2026-07-27T22:06:34+0200,cc602197-a7f8-43dc-ae7f-8e28dc2e9571,2026-07-08T05:30:00Z,2026-07-08T07:30:00+0200,57269.121007,MW,DE,DE_LU,forecast_load,Forecasted Load,2026-07-27T20:08:22Z
2026-07-27T20:06:34Z,2026-07-27T22:06:34+0200,cc602197-a7f8-43dc-ae7f-8e28dc2e9571,2026-07-08T05:45:00Z,2026-07-08T07:45:00+0200,58091.296274,MW,DE,DE_LU,forecast_load,Forecasted Load,2026-07-27T20:08:22Z
2026-07-27T20:06:34Z,2026-07-27T22:06:34+0200,cc602197-a7f8-43dc-ae7f-8e28dc2e9571,2026-07-08T06:00:00Z,2026-07-08T08:00:00+0200,59181.576104,MW,DE,DE_LU,forecast_load,Forecasted Load,2026-07-27T20:08:22Z
2026-07-27T20:06:34Z,2026-07-27T22:06:34+0200,cc602197-a7f8-43dc-ae7f-8e28dc2e9571,2026-07-08T06:15:00Z,2026-07-08T08:15:00+0200,59973.721004,MW,DE,DE_LU,forecast_load,Forecasted Load,2026-07-27T20:08:22Z
2026-07-27T20:06:34Z,2026-07-27T22:06:34+0200,cc602197-a7f8-43dc-ae7f-8e28dc2e9571,2026-07-08T06:30:00Z,2026-07-08T08:30:00+0200,60647.835058,MW,DE,DE_LU,forecast_load,Forecasted Load,2026-07-27T20:08:22Z
2026-07-27T20:06:34Z,2026-07-27T22:06:34+0200,cc602197-a7f8-43dc-ae7f-8e28dc2e9571,2026-07-08T06:45:00Z,2026-07-08T08:45:00+0200,60997.028381,MW,DE,DE_LU,forecast_load,Forecasted Load,2026-07-27T20:08:22Z
2026-07-27T20:06:34Z,2026-07-27T22:06:34+0200,cc602197-a7f8-43dc-ae7f-8e28dc2e9571,2026-07-08T07:00:00Z,2026-07-08T09:00:00+0200,60890.23977,MW,DE,DE_LU,forecast_load,Forecasted Load,2026-07-27T20:08:22Z
2026-07-27T20:06:34Z,2026-07-27T22:06:34+0200,cc602197-a7f8-43dc-ae7f-8e28dc2e9571,2026-07-08T07:15:00Z,2026-07-08T09:15:00+0200,61278.099521,MW,DE,DE_LU,forecast_load,Forecasted Load,2026-07-27T20:08:22Z
2026-07-27T20:06:34Z,2026-07-27T22:06:34+0200,cc602197-a7f8-43dc-ae7f-8e28dc2e9571,2026-07-08T07:30:00Z,2026-07-08T09:30:00+0200,61671.932667,MW,DE,DE_LU,forecast_load,Forecasted Load,2026-07-27T20:08:22Z
2026-07-27T20:06:34Z,2026-07-27T22:06:34+0200,cc602197-a7f8-43dc-ae7f-8e28dc2e9571,2026-07-08T07:45:00Z,2026-07-08T09:45:00+0200,61889.590643,MW,DE,DE_LU,forecast_load,Forecasted Load,2026-07-27T20:08:22Z
2026-07-27T20:06:34Z,2026-07-27T22:06:34+0200,cc602197-a7f8-43dc-ae7f-8e28dc2e9571,2026-07-08T08:00:00Z,2026-07-08T10:00:00+0200,61549.854991,MW,DE,DE_LU,forecast_load,Forecasted Load,2026-07-27T20:08:22Z
2026-07-27T20:06:34Z,2026-07-27T22:06:34+0200,cc602197-a7f8-43dc-ae7f-8e28dc2e9571,2026-07-08T08:15:00Z,2026-07-08T10:15:00+0200,61795.366601,MW,DE,DE_LU,forecast_load,Forecasted Load,2026-07-27T20:08:22Z
2026-07-27T20:06:34Z,2026-07-27T22:06:34+0200,cc602197-a7f8-43dc-ae7f-8e28dc2e9571,2026-07-08T08:30:00Z,2026-07-08T10:30:00+0200,61584.94326,MW,DE,DE_LU,forecast_load,Forecasted Load,2026-07-27T20:08:22Z
2026-07-27T20:06:34Z,2026-07-27T22:06:34+0200,cc602197-a7f8-43dc-ae7f-8e28dc2e9571,2026-07-08T08:45:00Z,2026-07-08T10:45:00+0200,62040.024655,MW,DE,DE_LU,forecast_load,Forecasted Load,2026-07-27T20:08:22Z
2026-07-27T20:06:34Z,2026-07-27T22:06:34+0200,cc602197-a7f8-43dc-ae7f-8e28dc2e9571,2026-07-08T09:00:00Z,2026-07-08T11:00:00+0200,61622.757199,MW,DE,DE_LU,forecast_load,Forecasted Load,2026-07-27T20:08:22Z
2026-07-27T20:06:34Z,2026-07-27T22:06:34+0200,cc602197-a7f8-43dc-ae7f-8e28dc2e9571,2026-07-08T09:15:00Z,2026-07-08T11:15:00+0200,61538.088912,MW,DE,DE_LU,forecast_load,Forecasted Load,2026-07-27T20:08:22Z
2026-07-27T20:06:34Z,2026-07-27T22:06:34+0200,cc602197-a7f8-43dc-ae7f-8e28dc2e9571,2026-07-08T09:30:00Z,2026-07-08T11:30:00+0200,60967.201802,MW,DE,DE_LU,forecast_load,Forecasted Load,2026-07-27T20:08:22Z
2026-07-27T20:06:34Z,2026-07-27T22:06:34+0200,cc602197-a7f8-43dc-ae7f-8e28dc2e9571,2026-07-08T09:45:00Z,2026-07-08T11:45:00+0200,61124.141987,MW,DE,DE_LU,forecast_load,Forecasted Load,2026-07-27T20:08:22Z
2026-07-27T20:06:34Z,2026-07-27T22:06:34+0200,cc602197-a7f8-43dc-ae7f-8e28dc2e9571,2026-07-08T10:00:00Z,2026-07-08T12:00:00+0200,61129.874191,MW,DE,DE_LU,forecast_load,Forecasted Load,2026-07-27T20:08:22Z
2026-07-27T20:06:34Z,2026-07-27T22:06:34+0200,cc602197-a7f8-43dc-ae7f-8e28dc2e9571,2026-07-08T10:15:00Z,2026-07-08T12:15:00+0200,60296.112479,MW,DE,DE_LU,forecast_load,Forecasted Load,2026-07-27T20:08:22Z
2026-07-27T20:06:34Z,2026-07-27T22:06:34+0200,cc602197-a7f8-43dc-ae7f-8e28dc2e9571,2026-07-08T10:30:00Z,2026-07-08T12:30:00+0200,60152.486063,MW,DE,DE_LU,forecast_load,Forecasted Load,2026-07-27T20:08:22Z
2026-07-27T20:06:34Z,2026-07-27T22:06:34+0200,cc602197-a7f8-43dc-ae7f-8e28dc2e9571,2026-07-08T10:45:00Z,2026-07-08T12:45:00+0200,60320.975801,MW,DE,DE_LU,forecast_load,Forecasted Load,2026-07-27T20:08:22Z
2026-07-27T20:06:34Z,2026-07-27T22:06:34+0200,cc602197-a7f8-43dc-ae7f-8e28dc2e9571,2026-07-08T11:00:00Z,2026-07-08T13:00:00+0200,59681.400471,MW,DE,DE_LU,forecast_load,Forecasted Load,2026-07-27T20:08:22Z
2026-07-27T20:06:34Z,2026-07-27T22:06:34+0200,cc602197-a7f8-43dc-ae7f-8e28dc2e9571,2026-07-08T11:15:00Z,2026-07-08T13:15:00+0200,58975.309061,MW,DE,DE_LU,forecast_load,Forecasted Load,2026-07-27T20:08:22Z
2026-07-27T20:06:34Z,2026-07-27T22:06:34+0200,cc602197-a7f8-43dc-ae7f-8e28dc2e9571,2026-07-08T11:30:00Z,2026-07-08T13:30:00+0200,58548.562624,MW,DE,DE_LU,forecast_load,Forecasted Load,2026-07-27T20:08:22Z
2026-07-27T20:06:34Z,2026-07-27T22:06:34+0200,cc602197-a7f8-43dc-ae7f-8e28dc2e9571,2026-07-08T11:45:00Z,2026-07-08T13:45:00+0200,58180.507528,MW,DE,DE_LU,forecast_load,Forecasted Load,2026-07-27T20:08:22Z
2026-07-27T20:06:34Z,2026-07-27T22:06:34+0200,cc602197-a7f8-43dc-ae7f-8e28dc2e9571,2026-07-08T12:00:00Z,2026-07-08T14:00:00+0200,57811.317533,MW,DE,DE_LU,forecast_load,Forecasted Load,2026-07-27T20:08:22Z
2026-07-27T20:06:34Z,2026-07-27T22:06:34+0200,cc602197-a7f8-43dc-ae7f-8e28dc2e9571,2026-07-08T12:15:00Z,2026-07-08T14:15:00+0200,57046.298875,MW,DE,DE_LU,forecast_load,Forecasted Load,2026-07-27T20:08:22Z
2026-07-27T20:06:34Z,2026-07-27T22:06:34+0200,cc602197-a7f8-43dc-ae7f-8e28dc2e9571,2026-07-08T12:30:00Z,2026-07-08T14:30:00+0200,56557.101942,MW,DE,DE_LU,forecast_load,Forecasted Load,2026-07-27T20:08:22Z
2026-07-27T20:06:34Z,2026-07-27T22:06:34+0200,cc602197-a7f8-43dc-ae7f-8e28dc2e9571,2026-07-08T12:45:00Z,2026-07-08T14:45:00+0200,56360.629627,MW,DE,DE_LU,forecast_load,Forecasted Load,2026-07-27T20:08:22Z
2026-07-27T20:06:34Z,2026-07-27T22:06:34+0200,cc602197-a7f8-43dc-ae7f-8e28dc2e9571,2026-07-08T13:00:00Z,2026-07-08T15:00:00+0200,56438.034362,MW,DE,DE_LU,forecast_load,Forecasted Load,2026-07-27T20:08:22Z
2026-07-27T20:06:34Z,2026-07-27T22:06:34+0200,cc602197-a7f8-43dc-ae7f-8e28dc2e9571,2026-07-08T13:15:00Z,2026-07-08T15:15:00+0200,55608.815729,MW,DE,DE_LU,forecast_load,Forecasted Load,2026-07-27T20:08:22Z
2026-07-27T20:06:34Z,2026-07-27T22:06:34+0200,cc602197-a7f8-43dc-ae7f-8e28dc2e9571,2026-07-08T13:30:00Z,2026-07-08T15:30:00+0200,55639.355081,MW,DE,DE_LU,forecast_load,Forecasted Load,2026-07-27T20:08:22Z
2026-07-27T20:06:34Z,2026-07-27T22:06:34+0200,cc602197-a7f8-43dc-ae7f-8e28dc2e9571,2026-07-08T13:45:00Z,2026-07-08T15:45:00+0200,55642.801441,MW,DE,DE_LU,forecast_load,Forecasted Load,2026-07-27T20:08:22Z
2026-07-27T20:06:34Z,2026-07-27T22:06:34+0200,cc602197-a7f8-43dc-ae7f-8e28dc2e9571,2026-07-08T14:00:00Z,2026-07-08T16:00:00+0200,56167.551574,MW,DE,DE_LU,forecast_load,Forecasted Load,2026-07-27T20:08:22Z
2026-07-27T20:06:34Z,2026-07-27T22:06:34+0200,cc602197-a7f8-43dc-ae7f-8e28dc2e9571,2026-07-08T14:15:00Z,2026-07-08T16:15:00+0200,55721.34957,MW,DE,DE_LU,forecast_load,Forecasted Load,2026-07-27T20:08:22Z
2026-07-27T20:06:34Z,2026-07-27T22:06:34+0200,cc602197-a7f8-43dc-ae7f-8e28dc2e9571,2026-07-08T14:30:00Z,2026-07-08T16:30:00+0200,55973.918822,MW,DE,DE_LU,forecast_load,Forecasted Load,2026-07-27T20:08:22Z
2026-07-27T20:06:34Z,2026-07-27T22:06:34+0200,cc602197-a7f8-43dc-ae7f-8e28dc2e9571,2026-07-08T14:45:00Z,2026-07-08T16:45:00+0200,56142.474613,MW,DE,DE_LU,forecast_load,Forecasted Load,2026-07-27T20:08:22Z
2026-07-27T20:06:34Z,2026-07-27T22:06:34+0200,cc602197-a7f8-43dc-ae7f-8e28dc2e9571,2026-07-08T15:00:00Z,2026-07-08T17:00:00+0200,56658.993595,MW,DE,DE_LU,forecast_load,Forecasted Load,2026-07-27T20:08:22Z
2026-07-27T20:06:34Z,2026-07-27T22:06:34+0200,cc602197-a7f8-43dc-ae7f-8e28dc2e9571,2026-07-08T15:15:00Z,2026-07-08T17:15:00+0200,56428.995893,MW,DE,DE_LU,forecast_load,Forecasted Load,2026-07-27T20:08:22Z
2026-07-27T20:06:34Z,2026-07-27T22:06:34+0200,cc602197-a7f8-43dc-ae7f-8e28dc2e9571,2026-07-08T15:30:00Z,2026-07-08T17:30:00+0200,56501.516197,MW,DE,DE_LU,forecast_load,Forecasted Load,2026-07-27T20:08:22Z
2026-07-27T20:06:34Z,2026-07-27T22:06:34+0200,cc602197-a7f8-43dc-ae7f-8e28dc2e9571,2026-07-08T15:45:00Z,2026-07-08T17:45:00+0200,56943.114361,MW,DE,DE_LU,forecast_load,Forecasted Load,2026-07-27T20:08:22Z
2026-07-27T20:06:34Z,2026-07-27T22:06:34+0200,cc602197-a7f8-43dc-ae7f-8e28dc2e9571,2026-07-08T16:00:00Z,2026-07-08T18:00:00+0200,57163.796227,MW,DE,DE_LU,forecast_load,Forecasted Load,2026-07-27T20:08:22Z
2026-07-27T20:06:34Z,2026-07-27T22:06:34+0200,cc602197-a7f8-43dc-ae7f-8e28dc2e9571,2026-07-08T16:15:00Z,2026-07-08T18:15:00+0200,57045.117023,MW,DE,DE_LU,forecast_load,Forecasted Load,2026-07-27T20:08:22Z
2026-07-27T20:06:34Z,2026-07-27T22:06:34+0200,cc602197-a7f8-43dc-ae7f-8e28dc2e9571,2026-07-08T16:30:00Z,2026-07-08T18:30:00+0200,57194.091238,MW,DE,DE_LU,forecast_load,Forecasted Load,2026-07-27T20:08:22Z
2026-07-27T20:06:34Z,2026-07-27T22:06:34+0200,cc602197-a7f8-43dc-ae7f-8e28dc2e9571,2026-07-08T16:45:00Z,2026-07-08T18:45:00+0200,57117.246948,MW,DE,DE_LU,forecast_load,Forecasted Load,2026-07-27T20:08:22Z
2026-07-27T20:06:34Z,2026-07-27T22:06:34+0200,cc602197-a7f8-43dc-ae7f-8e28dc2e9571,2026-07-08T17:00:00Z,2026-07-08T19:00:00+0200,57349.167216,MW,DE,DE_LU,forecast_load,Forecasted Load,2026-07-27T20:08:22Z
2026-07-27T20:06:34Z,2026-07-27T22:06:34+0200,cc602197-a7f8-43dc-ae7f-8e28dc2e9571,2026-07-08T17:15:00Z,2026-07-08T19:15:00+0200,57200.866102,MW,DE,DE_LU,forecast_load,Forecasted Load,2026-07-27T20:08:22Z
2026-07-27T20:06:34Z,2026-07-27T22:06:34+0200,cc602197-a7f8-43dc-ae7f-8e28dc2e9571,2026-07-08T17:30:00Z,2026-07-08T19:30:00+0200,57024.546647,MW,DE,DE_LU,forecast_load,Forecasted Load,2026-07-27T20:08:22Z
2026-07-27T20:06:34Z,2026-07-27T22:06:34+0200,cc602197-a7f8-43dc-ae7f-8e28dc2e9571,2026-07-08T17:45:00Z,2026-07-08T19:45:00+0200,56960.993812,MW,DE,DE_LU,forecast_load,Forecasted Load,2026-07-27T20:08:22Z
2026-07-27T20:06:34Z,2026-07-27T22:06:34+0200,cc602197-a7f8-43dc-ae7f-8e28dc2e9571,2026-07-08T18:00:00Z,2026-07-08T20:00:00+0200,56669.799262,MW,DE,DE_LU,forecast_load,Forecasted Load,2026-07-27T20:08:22Z
2026-07-27T20:06:34Z,2026-07-27T22:06:34+0200,cc602197-a7f8-43dc-ae7f-8e28dc2e9571,2026-07-08T18:15:00Z,2026-07-08T20:15:00+0200,56333.157827,MW,DE,DE_LU,forecast_load,Forecasted Load,2026-07-27T20:08:22Z
2026-07-27T20:06:34Z,2026-07-27T22:06:34+0200,cc602197-a7f8-43dc-ae7f-8e28dc2e9571,2026-07-08T18:30:00Z,2026-07-08T20:30:00+0200,55948.178626,MW,DE,DE_LU,forecast_load,Forecasted Load,2026-07-27T20:08:22Z
2026-07-27T20:06:34Z,2026-07-27T22:06:34+0200,cc602197-a7f8-43dc-ae7f-8e28dc2e9571,2026-07-08T18:45:00Z,2026-07-08T20:45:00+0200,55562.232248,MW,DE,DE_LU,forecast_load,Forecasted Load,2026-07-27T20:08:22Z
2026-07-27T20:06:34Z,2026-07-27T22:06:34+0200,cc602197-a7f8-43dc-ae7f-8e28dc2e9571,2026-07-08T19:00:00Z,2026-07-08T21:00:00+0200,54977.862418,MW,DE,DE_LU,forecast_load,Forecasted Load,2026-07-27T20:08:22Z
2026-07-27T20:06:34Z,2026-07-27T22:06:34+0200,cc602197-a7f8-43dc-ae7f-8e28dc2e9571,2026-07-08T19:15:00Z,2026-07-08T21:15:00+0200,54518.455274,MW,DE,DE_LU,forecast_load,Forecasted Load,2026-07-27T20:08:22Z
2026-07-27T20:06:34Z,2026-07-27T22:06:34+0200,cc602197-a7f8-43dc-ae7f-8e28dc2e9571,2026-07-08T19:30:00Z,2026-07-08T21:30:00+0200,53841.410047,MW,DE,DE_LU,forecast_load,Forecasted Load,2026-07-27T20:08:22Z
2026-07-27T20:06:34Z,2026-07-27T22:06:34+0200,cc602197-a7f8-43dc-ae7f-8e28dc2e9571,2026-07-08T19:45:00Z,2026-07-08T21:45:00+0200,53298.658519,MW,DE,DE_LU,forecast_load,Forecasted Load,2026-07-27T20:08:22Z
2026-07-27T20:06:34Z,2026-07-27T22:06:34+0200,cc602197-a7f8-43dc-ae7f-8e28dc2e9571,2026-07-08T20:00:00Z,2026-07-08T22:00:00+0200,52497.802163,MW,DE,DE_LU,forecast_load,Forecasted Load,2026-07-27T20:08:22Z
2026-07-27T20:06:34Z,2026-07-27T22:06:34+0200,cc602197-a7f8-43dc-ae7f-8e28dc2e9571,2026-07-08T20:15:00Z,2026-07-08T22:15:00+0200,51925.091169,MW,DE,DE_LU,forecast_load,Forecasted Load,2026-07-27T20:08:22Z
2026-07-27T20:06:34Z,2026-07-27T22:06:34+0200,cc602197-a7f8-43dc-ae7f-8e28dc2e9571,2026-07-08T20:30:00Z,2026-07-08T22:30:00+0200,51131.459713,MW,DE,DE_LU,forecast_load,Forecasted Load,2026-07-27T20:08:22Z
2026-07-27T20:06:34Z,2026-07-27T22:06:34+0200,cc602197-a7f8-43dc-ae7f-8e28dc2e9571,2026-07-08T20:45:00Z,2026-07-08T22:45:00+0200,50320.576226,MW,DE,DE_LU,forecast_load,Forecasted Load,2026-07-27T20:08:22Z
2026-07-27T20:06:34Z,2026-07-27T22:06:34+0200,cc602197-a7f8-43dc-ae7f-8e28dc2e9571,2026-07-08T21:00:00Z,2026-07-08T23:00:00+0200,49441.588657,MW,DE,DE_LU,forecast_load,Forecasted Load,2026-07-27T20:08:22Z
2026-07-27T20:06:34Z,2026-07-27T22:06:34+0200,cc602197-a7f8-43dc-ae7f-8e28dc2e9571,2026-07-08T21:15:00Z,2026-07-08T23:15:00+0200,48846.626505,MW,DE,DE_LU,forecast_load,Forecasted Load,2026-07-27T20:08:22Z
2026-07-27T20:06:34Z,2026-07-27T22:06:34+0200,cc602197-a7f8-43dc-ae7f-8e28dc2e9571,2026-07-08T21:30:00Z,2026-07-08T23:30:00+0200,48244.643584,MW,DE,DE_LU,forecast_load,Forecasted Load,2026-07-27T20:08:22Z
2026-07-27T20:06:34Z,2026-07-27T22:06:34+0200,cc602197-a7f8-43dc-ae7f-8e28dc2e9571,2026-07-08T21:45:00Z,2026-07-08T23:45:00+0200,47664.770736,MW,DE,DE_LU,forecast_load,Forecasted Load,2026-07-27T20:08:22Z
2026-07-27T20:06:34Z,2026-07-27T22:06:34+0200,cc602197-a7f8-43dc-ae7f-8e28dc2e9571,2026-07-08T22:00:00Z,2026-07-09T00:00:00+0200,46334.896702,MW,DE,DE_LU,forecast_load,Forecasted Load,2026-07-27T20:08:22Z
2026-07-27T20:06:34Z,2026-07-27T22:06:34+0200,cc602197-a7f8-43dc-ae7f-8e28dc2e9571,2026-07-08T22:15:00Z,2026-07-09T00:15:00+0200,45568.320693,MW,DE,DE_LU,forecast_load,Forecasted Load,2026-07-27T20:08:22Z
2026-07-27T20:06:34Z,2026-07-27T22:06:34+0200,cc602197-a7f8-43dc-ae7f-8e28dc2e9571,2026-07-08T22:30:00Z,2026-07-09T00:30:00+0200,45160.253013,MW,DE,DE_LU,forecast_load,Forecasted Load,2026-07-27T20:08:22Z
2026-07-27T20:06:34Z,2026-07-27T22:06:34+0200,cc602197-a7f8-43dc-ae7f-8e28dc2e9571,2026-07-08T22:45:00Z,2026-07-09T00:45:00+0200,44771.139739,MW,DE,DE_LU,forecast_load,Forecasted Load,2026-07-27T20:08:22Z
2026-07-27T20:06:34Z,2026-07-27T22:06:34+0200,cc602197-a7f8-43dc-ae7f-8e28dc2e9571,2026-07-08T23:00:00Z,2026-07-09T01:00:00+0200,44394.59698,MW,DE,DE_LU,forecast_load,Forecasted Load,2026-07-27T20:08:22Z
2026-07-27T20:06:34Z,2026-07-27T22:06:34+0200,cc602197-a7f8-43dc-ae7f-8e28dc2e9571,2026-07-08T23:15:00Z,2026-07-09T01:15:00+0200,43994.887094,MW,DE,DE_LU,forecast_load,Forecasted Load,2026-07-27T20:08:22Z
2026-07-27T20:06:34Z,2026-07-27T22:06:34+0200,cc602197-a7f8-43dc-ae7f-8e28dc2e9571,2026-07-08T23:30:00Z,2026-07-09T01:30:00+0200,43700.968157,MW,DE,DE_LU,forecast_load,Forecasted Load,2026-07-27T20:08:22Z
2026-07-27T20:06:34Z,2026-07-27T22:06:34+0200,cc602197-a7f8-43dc-ae7f-8e28dc2e9571,2026-07-08T23:45:00Z,2026-07-09T01:45:00+0200,43438.487639,MW,DE,DE_LU,forecast_load,Forecasted Load,2026-07-27T20:08:22Z
2026-07-27T20:06:34Z,2026-07-27T22:06:34+0200,cc602197-a7f8-43dc-ae7f-8e28dc2e9571,2026-07-09T00:00:00Z,2026-07-09T02:00:00+0200,43086.575838,MW,DE,DE_LU,forecast_load,Forecasted Load,2026-07-27T20:08:22Z
2026-07-27T20:06:34Z,2026-07-27T22:06:34+0200,cc602197-a7f8-43dc-ae7f-8e28dc2e9571,2026-07-09T00:15:00Z,2026-07-09T02:15:00+0200,42884.849883,MW,DE,DE_LU,forecast_load,Forecasted Load,2026-07-27T20:08:22Z
2026-07-27T20:06:34Z,2026-07-27T22:06:34+0200,cc602197-a7f8-43dc-ae7f-8e28dc2e9571,2026-07-09T00:30:00Z,2026-07-09T02:30:00+0200,42755.611698,MW,DE,DE_LU,forecast_load,Forecasted Load,2026-07-27T20:08:22Z
2026-07-27T20:06:34Z,2026-07-27T22:06:34+0200,cc602197-a7f8-43dc-ae7f-8e28dc2e9571,2026-07-09T00:45:00Z,2026-07-09T02:45:00+0200,42734.484638,MW,DE,DE_LU,forecast_load,Forecasted Load,2026-07-27T20:08:22Z
2026-07-27T20:06:34Z,2026-07-27T22:06:34+0200,cc602197-a7f8-43dc-ae7f-8e28dc2e9571,2026-07-09T01:00:00Z,2026-07-09T03:00:00+0200,42792.530792,MW,DE,DE_LU,forecast_load,Forecasted Load,2026-07-27T20:08:22Z
2026-07-27T20:06:34Z,2026-07-27T22:06:34+0200,cc602197-a7f8-43dc-ae7f-8e28dc2e9571,2026-07-09T01:15:00Z,2026-07-09T03:15:00+0200,42826.538583,MW,DE,DE_LU,forecast_load,Forecasted Load,2026-07-27T20:08:22Z
2026-07-27T20:06:34Z,2026-07-27T22:06:34+0200,cc602197-a7f8-43dc-ae7f-8e28dc2e9571,2026-07-09T01:30:00Z,2026-07-09T03:30:00+0200,42805.399696,MW,DE,DE_LU,forecast_load,Forecasted Load,2026-07-27T20:08:22Z
2026-07-27T20:06:34Z,2026-07-27T22:06:34+0200,cc602197-a7f8-43dc-ae7f-8e28dc2e9571,2026-07-09T01:45:00Z,2026-07-09T03:45:00+0200,42978.271627,MW,DE,DE_LU,forecast_load,Forecasted Load,2026-07-27T20:08:22Z
2026-07-27T20:06:34Z,2026-07-27T22:06:34+0200,cc602197-a7f8-43dc-ae7f-8e28dc2e9571,2026-07-09T02:00:00Z,2026-07-09T04:00:00+0200,43175.570797,MW,DE,DE_LU,forecast_load,Forecasted Load,2026-07-27T20:08:22Z
2026-07-27T20:06:34Z,2026-07-27T22:06:34+0200,cc602197-a7f8-43dc-ae7f-8e28dc2e9571,2026-07-09T02:15:00Z,2026-07-09T04:15:00+0200,43372.237956,MW,DE,DE_LU,forecast_load,Forecasted Load,2026-07-27T20:08:22Z
2026-07-27T20:06:34Z,2026-07-27T22:06:34+0200,cc602197-a7f8-43dc-ae7f-8e28dc2e9571,2026-07-09T02:30:00Z,2026-07-09T04:30:00+0200,43856.557653,MW,DE,DE_LU,forecast_load,Forecasted Load,2026-07-27T20:08:22Z
2026-07-27T20:06:34Z,2026-07-27T22:06:34+0200,cc602197-a7f8-43dc-ae7f-8e28dc2e9571,2026-07-09T02:45:00Z,2026-07-09T04:45:00+0200,44378.53479,MW,DE,DE_LU,forecast_load,Forecasted Load,2026-07-27T20:08:22Z
2026-07-27T20:06:34Z,2026-07-27T22:06:34+0200,cc602197-a7f8-43dc-ae7f-8e28dc2e9571,2026-07-09T03:00:00Z,2026-07-09T05:00:00+0200,45294.42552,MW,DE,DE_LU,forecast_load,Forecasted Load,2026-07-27T20:08:22Z
2026-07-27T20:06:34Z,2026-07-27T22:06:34+0200,cc602197-a7f8-43dc-ae7f-8e28dc2e9571,2026-07-09T03:15:00Z,2026-07-09T05:15:00+0200,45650.961397,MW,DE,DE_LU,forecast_load,Forecasted Load,2026-07-27T20:08:22Z
2026-07-27T20:06:34Z,2026-07-27T22:06:34+0200,cc602197-a7f8-43dc-ae7f-8e28dc2e9571,2026-07-09T03:30:00Z,2026-07-09T05:30:00+0200,46664.973743,MW,DE,DE_LU,forecast_load,Forecasted Load,2026-07-27T20:08:22Z
2026-07-27T20:06:34Z,2026-07-27T22:06:34+0200,cc602197-a7f8-43dc-ae7f-8e28dc2e9571,2026-07-09T03:45:00Z,2026-07-09T05:45:00+0200,47804.532964,MW,DE,DE_LU,forecast_load,Forecasted Load,2026-07-27T20:08:22Z
2026-07-27T20:06:34Z,2026-07-27T22:06:34+0200,cc602197-a7f8-43dc-ae7f-8e28dc2e9571,2026-07-09T04:00:00Z,2026-07-09T06:00:00+0200,49992.892742,MW,DE,DE_LU,forecast_load,Forecasted Load,2026-07-27T20:08:22Z
2026-07-27T20:06:34Z,2026-07-27T22:06:34+0200,cc602197-a7f8-43dc-ae7f-8e28dc2e9571,2026-07-09T04:15:00Z,2026-07-09T06:15:00+0200,50927.135738,MW,DE,DE_LU,forecast_load,Forecasted Load,2026-07-27T20:08:22Z
2026-07-27T20:06:34Z,2026-07-27T22:06:34+0200,cc602197-a7f8-43dc-ae7f-8e28dc2e9571,2026-07-09T04:30:00Z,2026-07-09T06:30:00+0200,52338.33942,MW,DE,DE_LU,forecast_load,Forecasted Load,2026-07-27T20:08:22Z
2026-07-27T20:06:34Z,2026-07-27T22:06:34+0200,cc602197-a7f8-43dc-ae7f-8e28dc2e9571,2026-07-09T04:45:00Z,2026-07-09T06:45:00+0200,53346.70389,MW,DE,DE_LU,forecast_load,Forecasted Load,2026-07-27T20:08:22Z
2026-07-27T20:06:34Z,2026-07-27T22:06:34+0200,cc602197-a7f8-43dc-ae7f-8e28dc2e9571,2026-07-09T05:00:00Z,2026-07-09T07:00:00+0200,54641.765601,MW,DE,DE_LU,forecast_load,Forecasted Load,2026-07-27T20:08:22Z
2026-07-27T20:06:34Z,2026-07-27T22:06:34+0200,cc602197-a7f8-43dc-ae7f-8e28dc2e9571,2026-07-09T05:15:00Z,2026-07-09T07:15:00+0200,55621.817167,MW,DE,DE_LU,forecast_load,Forecasted Load,2026-07-27T20:08:22Z
2026-07-27T20:06:34Z,2026-07-27T22:06:34+0200,cc602197-a7f8-43dc-ae7f-8e28dc2e9571,2026-07-09T05:30:00Z,2026-07-09T07:30:00+0200,56542.112368,MW,DE,DE_LU,forecast_load,Forecasted Load,2026-07-27T20:08:22Z
2026-07-27T20:06:34Z,2026-07-27T22:06:34+0200,cc602197-a7f8-43dc-ae7f-8e28dc2e9571,2026-07-09T05:45:00Z,2026-07-09T07:45:00+0200,57602.857265,MW,DE,DE_LU,forecast_load,Forecasted Load,2026-07-27T20:08:22Z
2026-07-27T20:06:34Z,2026-07-27T22:06:34+0200,cc602197-a7f8-43dc-ae7f-8e28dc2e9571,2026-07-09T06:00:00Z,2026-07-09T08:00:00+0200,58217.5921,MW,DE,DE_LU,forecast_load,Forecasted Load,2026-07-27T20:08:22Z
2026-07-27T20:06:34Z,2026-07-27T22:06:34+0200,cc602197-a7f8-43dc-ae7f-8e28dc2e9571,2026-07-09T06:15:00Z,2026-07-09T08:15:00+0200,58921.031556,MW,DE,DE_LU,forecast_load,Forecasted Load,2026-07-27T20:08:22Z
2026-07-27T20:06:34Z,2026-07-27T22:06:34+0200,cc602197-a7f8-43dc-ae7f-8e28dc2e9571,2026-07-09T06:30:00Z,2026-07-09T08:30:00+0200,59461.669618,MW,DE,DE_LU,forecast_load,Forecasted Load,2026-07-27T20:08:22Z
2026-07-27T20:06:34Z,2026-07-27T22:06:34+0200,cc602197-a7f8-43dc-ae7f-8e28dc2e9571,2026-07-09T06:45:00Z,2026-07-09T08:45:00+0200,59828.126462,MW,DE,DE_LU,forecast_load,Forecasted Load,2026-07-27T20:08:22Z
2026-07-27T20:06:34Z,2026-07-27T22:06:34+0200,cc602197-a7f8-43dc-ae7f-8e28dc2e9571,2026-07-09T07:00:00Z,2026-07-09T09:00:00+0200,59966.067857,MW,DE,DE_LU,forecast_load,Forecasted Load,2026-07-27T20:08:22Z
2026-07-27T20:06:34Z,2026-07-27T22:06:34+0200,cc602197-a7f8-43dc-ae7f-8e28dc2e9571,2026-07-09T07:15:00Z,2026-07-09T09:15:00+0200,60194.172044,MW,DE,DE_LU,forecast_load,Forecasted Load,2026-07-27T20:08:22Z
2026-07-27T20:06:34Z,2026-07-27T22:06:34+0200,cc602197-a7f8-43dc-ae7f-8e28dc2e9571,2026-07-09T07:30:00Z,2026-07-09T09:30:00+0200,60556.18472,MW,DE,DE_LU,forecast_load,Forecasted Load,2026-07-27T20:08:22Z
2026-07-27T20:06:34Z,2026-07-27T22:06:34+0200,cc602197-a7f8-43dc-ae7f-8e28dc2e9571,2026-07-09T07:45:00Z,2026-07-09T09:45:00+0200,60761.99386,MW,DE,DE_LU,forecast_load,Forecasted Load,2026-07-27T20:08:22Z
2026-07-27T20:06:34Z,2026-07-27T22:06:34+0200,cc602197-a7f8-43dc-ae7f-8e28dc2e9571,2026-07-09T08:00:00Z,2026-07-09T10:00:00+0200,60552.000979,MW,DE,DE_LU,forecast_load,Forecasted Load,2026-07-27T20:08:22Z
2026-07-27T20:06:34Z,2026-07-27T22:06:34+0200,cc602197-a7f8-43dc-ae7f-8e28dc2e9571,2026-07-09T08:15:00Z,2026-07-09T10:15:00+0200,61000.283029,MW,DE,DE_LU,forecast_load,Forecasted Load,2026-07-27T20:08:22Z
2026-07-27T20:06:34Z,2026-07-27T22:06:34+0200,cc602197-a7f8-43dc-ae7f-8e28dc2e9571,2026-07-09T08:30:00Z,2026-07-09T10:30:00+0200,60985.877373,MW,DE,DE_LU,forecast_load,Forecasted Load,2026-07-27T20:08:22Z
2026-07-27T20:06:34Z,2026-07-27T22:06:34+0200,cc602197-a7f8-43dc-ae7f-8e28dc2e9571,2026-07-09T08:45:00Z,2026-07-09T10:45:00+0200,61028.626877,MW,DE,DE_LU,forecast_load,Forecasted Load,2026-07-27T20:08:22Z
2026-07-27T20:06:34Z,2026-07-27T22:06:34+0200,cc602197-a7f8-43dc-ae7f-8e28dc2e9571,2026-07-09T09:00:00Z,2026-07-09T11:00:00+0200,61101.678982,MW,DE,DE_LU,forecast_load,Forecasted Load,2026-07-27T20:08:22Z
2026-07-27T20:06:34Z,2026-07-27T22:06:34+0200,cc602197-a7f8-43dc-ae7f-8e28dc2e9571,2026-07-09T09:15:00Z,2026-07-09T11:15:00+0200,61405.049706,MW,DE,DE_LU,forecast_load,Forecasted Load,2026-07-27T20:08:22Z
2026-07-27T20:06:34Z,2026-07-27T22:06:34+0200,cc602197-a7f8-43dc-ae7f-8e28dc2e9571,2026-07-09T09:30:00Z,2026-07-09T11:30:00+0200,61463.479278,MW,DE,DE_LU,forecast_load,Forecasted Load,2026-07-27T20:08:22Z
2026-07-27T20:06:34Z,2026-07-27T22:06:34+0200,cc602197-a7f8-43dc-ae7f-8e28dc2e9571,2026-07-09T09:45:00Z,2026-07-09T11:45:00+0200,61521.464104,MW,DE,DE_LU,forecast_load,Forecasted Load,2026-07-27T20:08:22Z
2026-07-27T20:06:34Z,2026-07-27T22:06:34+0200,cc602197-a7f8-43dc-ae7f-8e28dc2e9571,2026-07-09T10:00:00Z,2026-07-09T12:00:00+0200,61129.811871,MW,DE,DE_LU,forecast_load,Forecasted Load,2026-07-27T20:08:22Z
2026-07-27T20:06:34Z,2026-07-27T22:06:34+0200,cc602197-a7f8-43dc-ae7f-8e28dc2e9571,2026-07-09T10:15:00Z,2026-07-09T12:15:00+0200,60680.232494,MW,DE,DE_LU,forecast_load,Forecasted Load,2026-07-27T20:08:22Z
2026-07-27T20:06:34Z,2026-07-27T22:06:34+0200,cc602197-a7f8-43dc-ae7f-8e28dc2e9571,2026-07-09T10:30:00Z,2026-07-09T12:30:00+0200,60358.185108,MW,DE,DE_LU,forecast_load,Forecasted Load,2026-07-27T20:08:22Z
2026-07-27T20:06:34Z,2026-07-27T22:06:34+0200,cc602197-a7f8-43dc-ae7f-8e28dc2e9571,2026-07-09T10:45:00Z,2026-07-09T12:45:00+0200,60059.765475,MW,DE,DE_LU,forecast_load,Forecasted Load,2026-07-27T20:08:22Z
2026-07-27T20:06:34Z,2026-07-27T22:06:34+0200,cc602197-a7f8-43dc-ae7f-8e28dc2e9571,2026-07-09T11:00:00Z,2026-07-09T13:00:00+0200,59513.249628,MW,DE,DE_LU,forecast_load,Forecasted Load,2026-07-27T20:08:22Z
2026-07-27T20:06:34Z,2026-07-27T22:06:34+0200,cc602197-a7f8-43dc-ae7f-8e28dc2e9571,2026-07-09T11:15:00Z,2026-07-09T13:15:00+0200,59625.209569,MW,DE,DE_LU,forecast_load,Forecasted Load,2026-07-27T20:08:22Z
2026-07-27T20:06:34Z,2026-07-27T22:06:34+0200,cc602197-a7f8-43dc-ae7f-8e28dc2e9571,2026-07-09T11:30:00Z,2026-07-09T13:30:00+0200,59092.726173,MW,DE,DE_LU,forecast_load,Forecasted Load,2026-07-27T20:08:22Z
2026-07-27T20:06:34Z,2026-07-27T22:06:34+0200,cc602197-a7f8-43dc-ae7f-8e28dc2e9571,2026-07-09T11:45:00Z,2026-07-09T13:45:00+0200,58976.131857,MW,DE,DE_LU,forecast_load,Forecasted Load,2026-07-27T20:08:22Z
2026-07-27T20:06:34Z,2026-07-27T22:06:34+0200,cc602197-a7f8-43dc-ae7f-8e28dc2e9571,2026-07-09T12:00:00Z,2026-07-09T14:00:00+0200,58275.221675,MW,DE,DE_LU,forecast_load,Forecasted Load,2026-07-27T20:08:22Z
2026-07-27T20:06:34Z,2026-07-27T22:06:34+0200,cc602197-a7f8-43dc-ae7f-8e28dc2e9571,2026-07-09T12:15:00Z,2026-07-09T14:15:00+0200,58625.257598,MW,DE,DE_LU,forecast_load,Forecasted Load,2026-07-27T20:08:22Z
2026-07-27T20:06:34Z,2026-07-27T22:06:34+0200,cc602197-a7f8-43dc-ae7f-8e28dc2e9571,2026-07-09T12:30:00Z,2026-07-09T14:30:00+0200,58002.429322,MW,DE,DE_LU,forecast_load,Forecasted Load,2026-07-27T20:08:22Z
2026-07-27T20:06:34Z,2026-07-27T22:06:34+0200,cc602197-a7f8-43dc-ae7f-8e28dc2e9571,2026-07-09T12:45:00Z,2026-07-09T14:45:00+0200,57772.624098,MW,DE,DE_LU,forecast_load,Forecasted Load,2026-07-27T20:08:22Z
2026-07-27T20:06:34Z,2026-07-27T22:06:34+0200,cc602197-a7f8-43dc-ae7f-8e28dc2e9571,2026-07-09T13:00:00Z,2026-07-09T15:00:00+0200,57171.373219,MW,DE,DE_LU,forecast_load,Forecasted Load,2026-07-27T20:08:22Z
2026-07-27T20:06:34Z,2026-07-27T22:06:34+0200,cc602197-a7f8-43dc-ae7f-8e28dc2e9571,2026-07-09T13:15:00Z,2026-07-09T15:15:00+0200,57173.359841,MW,DE,DE_LU,forecast_load,Forecasted Load,2026-07-27T20:08:22Z
2026-07-27T20:06:34Z,2026-07-27T22:06:34+0200,cc602197-a7f8-43dc-ae7f-8e28dc2e9571,2026-07-09T13:30:00Z,2026-07-09T15:30:00+0200,57344.288388,MW,DE,DE_LU,forecast_load,Forecasted Load,2026-07-27T20:08:22Z
2026-07-27T20:06:34Z,2026-07-27T22:06:34+0200,cc602197-a7f8-43dc-ae7f-8e28dc2e9571,2026-07-09T13:45:00Z,2026-07-09T15:45:00+0200,57052.030425,MW,DE,DE_LU,forecast_load,Forecasted Load,2026-07-27T20:08:22Z
2026-07-27T20:06:34Z,2026-07-27T22:06:34+0200,cc602197-a7f8-43dc-ae7f-8e28dc2e9571,2026-07-09T14:00:00Z,2026-07-09T16:00:00+0200,57470.587929,MW,DE,DE_LU,forecast_load,Forecasted Load,2026-07-27T20:08:22Z
2026-07-27T20:06:34Z,2026-07-27T22:06:34+0200,cc602197-a7f8-43dc-ae7f-8e28dc2e9571,2026-07-09T14:15:00Z,2026-07-09T16:15:00+0200,57423.086678,MW,DE,DE_LU,forecast_load,Forecasted Load,2026-07-27T20:08:22Z
2026-07-27T20:06:34Z,2026-07-27T22:06:34+0200,cc602197-a7f8-43dc-ae7f-8e28dc2e9571,2026-07-09T14:30:00Z,2026-07-09T16:30:00+0200,56938.561027,MW,DE,DE_LU,forecast_load,Forecasted Load,2026-07-27T20:08:22Z
2026-07-27T20:06:34Z,2026-07-27T22:06:34+0200,cc602197-a7f8-43dc-ae7f-8e28dc2e9571,2026-07-09T14:45:00Z,2026-07-09T16:45:00+0200,56598.329364,MW,DE,DE_LU,forecast_load,Forecasted Load,2026-07-27T20:08:22Z
2026-07-27T20:06:34Z,2026-07-27T22:06:34+0200,cc602197-a7f8-43dc-ae7f-8e28dc2e9571,2026-07-09T15:00:00Z,2026-07-09T17:00:00+0200,57135.774948,MW,DE,DE_LU,forecast_load,Forecasted Load,2026-07-27T20:08:22Z
2026-07-27T20:06:34Z,2026-07-27T22:06:34+0200,cc602197-a7f8-43dc-ae7f-8e28dc2e9571,2026-07-09T15:15:00Z,2026-07-09T17:15:00+0200,56435.340251,MW,DE,DE_LU,forecast_load,Forecasted Load,2026-07-27T20:08:22Z
2026-07-27T20:06:34Z,2026-07-27T22:06:34+0200,cc602197-a7f8-43dc-ae7f-8e28dc2e9571,2026-07-09T15:30:00Z,2026-07-09T17:30:00+0200,56572.522626,MW,DE,DE_LU,forecast_load,Forecasted Load,2026-07-27T20:08:22Z
2026-07-27T20:06:34Z,2026-07-27T22:06:34+0200,cc602197-a7f8-43dc-ae7f-8e28dc2e9571,2026-07-09T15:45:00Z,2026-07-09T17:45:00+0200,57090.433405,MW,DE,DE_LU,forecast_load,Forecasted Load,2026-07-27T20:08:22Z
2026-07-27T20:06:34Z,2026-07-27T22:06:34+0200,cc602197-a7f8-43dc-ae7f-8e28dc2e9571,2026-07-09T16:00:00Z,2026-07-09T18:00:00+0200,57634.261085,MW,DE,DE_LU,forecast_load,Forecasted Load,2026-07-27T20:08:22Z
2026-07-27T20:06:34Z,2026-07-27T22:06:34+0200,cc602197-a7f8-43dc-ae7f-8e28dc2e9571,2026-07-09T16:15:00Z,2026-07-09T18:15:00+0200,57232.661395,MW,DE,DE_LU,forecast_load,Forecasted Load,2026-07-27T20:08:22Z
2026-07-27T20:06:34Z,2026-07-27T22:06:34+0200,cc602197-a7f8-43dc-ae7f-8e28dc2e9571,2026-07-09T16:30:00Z,2026-07-09T18:30:00+0200,57412.779809,MW,DE,DE_LU,forecast_load,Forecasted Load,2026-07-27T20:08:22Z
2026-07-27T20:06:34Z,2026-07-27T22:06:34+0200,cc602197-a7f8-43dc-ae7f-8e28dc2e9571,2026-07-09T16:45:00Z,2026-07-09T18:45:00+0200,57575.153688,MW,DE,DE_LU,forecast_load,Forecasted Load,2026-07-27T20:08:22Z
2026-07-27T20:06:34Z,2026-07-27T22:06:34+0200,cc602197-a7f8-43dc-ae7f-8e28dc2e9571,2026-07-09T17:00:00Z,2026-07-09T19:00:00+0200,57682.907863,MW,DE,DE_LU,forecast_load,Forecasted Load,2026-07-27T20:08:22Z
2026-07-27T20:06:34Z,2026-07-27T22:06:34+0200,cc602197-a7f8-43dc-ae7f-8e28dc2e9571,2026-07-09T17:15:00Z,2026-07-09T19:15:00+0200,57507.686332,MW,DE,DE_LU,forecast_load,Forecasted Load,2026-07-27T20:08:22Z
2026-07-27T20:06:34Z,2026-07-27T22:06:34+0200,cc602197-a7f8-43dc-ae7f-8e28dc2e9571,2026-07-09T17:30:00Z,2026-07-09T19:30:00+0200,57243.352837,MW,DE,DE_LU,forecast_load,Forecasted Load,2026-07-27T20:08:22Z
2026-07-27T20:06:34Z,2026-07-27T22:06:34+0200,cc602197-a7f8-43dc-ae7f-8e28dc2e9571,2026-07-09T17:45:00Z,2026-07-09T19:45:00+0200,57020.906398,MW,DE,DE_LU,forecast_load,Forecasted Load,2026-07-27T20:08:22Z
2026-07-27T20:06:34Z,2026-07-27T22:06:34+0200,cc602197-a7f8-43dc-ae7f-8e28dc2e9571,2026-07-09T18:00:00Z,2026-07-09T20:00:00+0200,56659.608499,MW,DE,DE_LU,forecast_load,Forecasted Load,2026-07-27T20:08:22Z
2026-07-27T20:06:34Z,2026-07-27T22:06:34+0200,cc602197-a7f8-43dc-ae7f-8e28dc2e9571,2026-07-09T18:15:00Z,2026-07-09T20:15:00+0200,56056.933565,MW,DE,DE_LU,forecast_load,Forecasted Load,2026-07-27T20:08:22Z
2026-07-27T20:06:34Z,2026-07-27T22:06:34+0200,cc602197-a7f8-43dc-ae7f-8e28dc2e9571,2026-07-09T18:30:00Z,2026-07-09T20:30:00+0200,55442.648188,MW,DE,DE_LU,forecast_load,Forecasted Load,2026-07-27T20:08:22Z
2026-07-27T20:06:34Z,2026-07-27T22:06:34+0200,cc602197-a7f8-43dc-ae7f-8e28dc2e9571,2026-07-09T18:45:00Z,2026-07-09T20:45:00+0200,54838.345123,MW,DE,DE_LU,forecast_load,Forecasted Load,2026-07-27T20:08:22Z
2026-07-27T20:06:34Z,2026-07-27T22:06:34+0200,cc602197-a7f8-43dc-ae7f-8e28dc2e9571,2026-07-09T19:00:00Z,2026-07-09T21:00:00+0200,53921.120232,MW,DE,DE_LU,forecast_load,Forecasted Load,2026-07-27T20:08:22Z
2026-07-27T20:06:34Z,2026-07-27T22:06:34+0200,cc602197-a7f8-43dc-ae7f-8e28dc2e9571,2026-07-09T19:15:00Z,2026-07-09T21:15:00+0200,53401.909616,MW,DE,DE_LU,forecast_load,Forecasted Load,2026-07-27T20:08:22Z
2026-07-27T20:06:34Z,2026-07-27T22:06:34+0200,cc602197-a7f8-43dc-ae7f-8e28dc2e9571,2026-07-09T19:30:00Z,2026-07-09T21:30:00+0200,52619.244132,MW,DE,DE_LU,forecast_load,Forecasted Load,2026-07-27T20:08:22Z
2026-07-27T20:06:34Z,2026-07-27T22:06:34+0200,cc602197-a7f8-43dc-ae7f-8e28dc2e9571,2026-07-09T19:45:00Z,2026-07-09T21:45:00+0200,52202.516135,MW,DE,DE_LU,forecast_load,Forecasted Load,2026-07-27T20:08:22Z
2026-07-27T20:06:34Z,2026-07-27T22:06:34+0200,cc602197-a7f8-43dc-ae7f-8e28dc2e9571,2026-07-09T20:00:00Z,2026-07-09T22:00:00+0200,51420.842261,MW,DE,DE_LU,forecast_load,Forecasted Load,2026-07-27T20:08:22Z
2026-07-27T20:06:34Z,2026-07-27T22:06:34+0200,cc602197-a7f8-43dc-ae7f-8e28dc2e9571,2026-07-09T20:15:00Z,2026-07-09T22:15:00+0200,50821.35008,MW,DE,DE_LU,forecast_load,Forecasted Load,2026-07-27T20:08:22Z
2026-07-27T20:06:34Z,2026-07-27T22:06:34+0200,cc602197-a7f8-43dc-ae7f-8e28dc2e9571,2026-07-09T20:30:00Z,2026-07-09T22:30:00+0200,50214.338959,MW,DE,DE_LU,forecast_load,Forecasted Load,2026-07-27T20:08:22Z
2026-07-27T20:06:34Z,2026-07-27T22:06:34+0200,cc602197-a7f8-43dc-ae7f-8e28dc2e9571,2026-07-09T20:45:00Z,2026-07-09T22:45:00+0200,49462.342148,MW,DE,DE_LU,forecast_load,Forecasted Load,2026-07-27T20:08:22Z
2026-07-27T20:06:34Z,2026-07-27T22:06:34+0200,cc602197-a7f8-43dc-ae7f-8e28dc2e9571,2026-07-09T21:00:00Z,2026-07-09T23:00:00+0200,48601.553329,MW,DE,DE_LU,forecast_load,Forecasted Load,2026-07-27T20:08:22Z
2026-07-27T20:06:34Z,2026-07-27T22:06:34+0200,cc602197-a7f8-43dc-ae7f-8e28dc2e9571,2026-07-09T21:15:00Z,2026-07-09T23:15:00+0200,47786.796885,MW,DE,DE_LU,forecast_load,Forecasted Load,2026-07-27T20:08:22Z
2026-07-27T20:06:34Z,2026-07-27T22:06:34+0200,cc602197-a7f8-43dc-ae7f-8e28dc2e9571,2026-07-09T21:30:00Z,2026-07-09T23:30:00+0200,46982.497724,MW,DE,DE_LU,forecast_load,Forecasted Load,2026-07-27T20:08:22Z
2026-07-27T20:06:34Z,2026-07-27T22:06:34+0200,cc602197-a7f8-43dc-ae7f-8e28dc2e9571,2026-07-09T21:45:00Z,2026-07-09T23:45:00+0200,46285.377603,MW,DE,DE_LU,forecast_load,Forecasted Load,2026-07-27T20:08:22Z
2026-07-27T20:06:34Z,2026-07-27T22:06:34+0200,cc602197-a7f8-43dc-ae7f-8e28dc2e9571,2026-07-09T22:00:00Z,2026-07-10T00:00:00+0200,47179.65292,MW,DE,DE_LU,forecast_load,Forecasted Load,2026-07-27T20:08:22Z
2026-07-27T20:06:34Z,2026-07-27T22:06:34+0200,cc602197-a7f8-43dc-ae7f-8e28dc2e9571,2026-07-09T22:15:00Z,2026-07-10T00:15:00+0200,46538.674138,MW,DE,DE_LU,forecast_load,Forecasted Load,2026-07-27T20:08:22Z
2026-07-27T20:06:34Z,2026-07-27T22:06:34+0200,cc602197-a7f8-43dc-ae7f-8e28dc2e9571,2026-07-09T22:30:00Z,2026-07-10T00:30:00+0200,45924.215537,MW,DE,DE_LU,forecast_load,Forecasted Load,2026-07-27T20:08:22Z
2026-07-27T20:06:34Z,2026-07-27T22:06:34+0200,cc602197-a7f8-43dc-ae7f-8e28dc2e9571,2026-07-09T22:45:00Z,2026-07-10T00:45:00+0200,45470.788835,MW,DE,DE_LU,forecast_load,Forecasted Load,2026-07-27T20:08:22Z
2026-07-27T20:06:34Z,2026-07-27T22:06:34+0200,cc602197-a7f8-43dc-ae7f-8e28dc2e9571,2026-07-09T23:00:00Z,2026-07-10T01:00:00+0200,45034.72101,MW,DE,DE_LU,forecast_load,Forecasted Load,2026-07-27T20:08:22Z
2026-07-27T20:06:34Z,2026-07-27T22:06:34+0200,cc602197-a7f8-43dc-ae7f-8e28dc2e9571,2026-07-09T23:15:00Z,2026-07-10T01:15:00+0200,44599.977857,MW,DE,DE_LU,forecast_load,Forecasted Load,2026-07-27T20:08:22Z
2026-07-27T20:06:34Z,2026-07-27T22:06:34+0200,cc602197-a7f8-43dc-ae7f-8e28dc2e9571,2026-07-09T23:30:00Z,2026-07-10T01:30:00+0200,44219.369848,MW,DE,DE_LU,forecast_load,Forecasted Load,2026-07-27T20:08:22Z
2026-07-27T20:06:34Z,2026-07-27T22:06:34+0200,cc602197-a7f8-43dc-ae7f-8e28dc2e9571,2026-07-09T23:45:00Z,2026-07-10T01:45:00+0200,43936.008308,MW,DE,DE_LU,forecast_load,Forecasted Load,2026-07-27T20:08:22Z
2026-07-27T20:06:34Z,2026-07-27T22:06:34+0200,cc602197-a7f8-43dc-ae7f-8e28dc2e9571,2026-07-10T00:00:00Z,2026-07-10T02:00:00+0200,43649.247197,MW,DE,DE_LU,forecast_load,Forecasted Load,2026-07-27T20:08:22Z
2026-07-27T20:06:34Z,2026-07-27T22:06:34+0200,cc602197-a7f8-43dc-ae7f-8e28dc2e9571,2026-07-10T00:15:00Z,2026-07-10T02:15:00+0200,43441.581981,MW,DE,DE_LU,forecast_load,Forecasted Load,2026-07-27T20:08:22Z
2026-07-27T20:06:34Z,2026-07-27T22:06:34+0200,cc602197-a7f8-43dc-ae7f-8e28dc2e9571,2026-07-10T00:30:00Z,2026-07-10T02:30:00+0200,43495.035494,MW,DE,DE_LU,forecast_load,Forecasted Load,2026-07-27T20:08:22Z
2026-07-27T20:06:34Z,2026-07-27T22:06:34+0200,cc602197-a7f8-43dc-ae7f-8e28dc2e9571,2026-07-10T00:45:00Z,2026-07-10T02:45:00+0200,43333.979749,MW,DE,DE_LU,forecast_load,Forecasted Load,2026-07-27T20:08:22Z
2026-07-27T20:06:34Z,2026-07-27T22:06:34+0200,cc602197-a7f8-43dc-ae7f-8e28dc2e9571,2026-07-10T01:00:00Z,2026-07-10T03:00:00+0200,43217.969908,MW,DE,DE_LU,forecast_load,Forecasted Load,2026-07-27T20:08:22Z
2026-07-27T20:06:34Z,2026-07-27T22:06:34+0200,cc602197-a7f8-43dc-ae7f-8e28dc2e9571,2026-07-10T01:15:00Z,2026-07-10T03:15:00+0200,43196.786675,MW,DE,DE_LU,forecast_load,Forecasted Load,2026-07-27T20:08:22Z
2026-07-27T20:06:34Z,2026-07-27T22:06:34+0200,cc602197-a7f8-43dc-ae7f-8e28dc2e9571,2026-07-10T01:30:00Z,2026-07-10T03:30:00+0200,43344.867115,MW,DE,DE_LU,forecast_load,Forecasted Load,2026-07-27T20:08:22Z
2026-07-27T20:06:34Z,2026-07-27T22:06:34+0200,cc602197-a7f8-43dc-ae7f-8e28dc2e9571,2026-07-10T01:45:00Z,2026-07-10T03:45:00+0200,43559.309159,MW,DE,DE_LU,forecast_load,Forecasted Load,2026-07-27T20:08:22Z
2026-07-27T20:06:34Z,2026-07-27T22:06:34+0200,cc602197-a7f8-43dc-ae7f-8e28dc2e9571,2026-07-10T02:00:00Z,2026-07-10T04:00:00+0200,44051.265796,MW,DE,DE_LU,forecast_load,Forecasted Load,2026-07-27T20:08:22Z
2026-07-27T20:06:34Z,2026-07-27T22:06:34+0200,cc602197-a7f8-43dc-ae7f-8e28dc2e9571,2026-07-10T02:15:00Z,2026-07-10T04:15:00+0200,44269.836881,MW,DE,DE_LU,forecast_load,Forecasted Load,2026-07-27T20:08:22Z
2026-07-27T20:06:34Z,2026-07-27T22:06:34+0200,cc602197-a7f8-43dc-ae7f-8e28dc2e9571,2026-07-10T02:30:00Z,2026-07-10T04:30:00+0200,44661.859082,MW,DE,DE_LU,forecast_load,Forecasted Load,2026-07-27T20:08:22Z
2026-07-27T20:06:34Z,2026-07-27T22:06:34+0200,cc602197-a7f8-43dc-ae7f-8e28dc2e9571,2026-07-10T02:45:00Z,2026-07-10T04:45:00+0200,45242.386764,MW,DE,DE_LU,forecast_load,Forecasted Load,2026-07-27T20:08:22Z
2026-07-27T20:06:34Z,2026-07-27T22:06:34+0200,cc602197-a7f8-43dc-ae7f-8e28dc2e9571,2026-07-10T03:00:00Z,2026-07-10T05:00:00+0200,46090.220863,MW,DE,DE_LU,forecast_load,Forecasted Load,2026-07-27T20:08:22Z
2026-07-27T20:06:34Z,2026-07-27T22:06:34+0200,cc602197-a7f8-43dc-ae7f-8e28dc2e9571,2026-07-10T03:15:00Z,2026-07-10T05:15:00+0200,46418.858353,MW,DE,DE_LU,forecast_load,Forecasted Load,2026-07-27T20:08:22Z
2026-07-27T20:06:34Z,2026-07-27T22:06:34+0200,cc602197-a7f8-43dc-ae7f-8e28dc2e9571,2026-07-10T03:30:00Z,2026-07-10T05:30:00+0200,47248.660398,MW,DE,DE_LU,forecast_load,Forecasted Load,2026-07-27T20:08:22Z
2026-07-27T20:06:34Z,2026-07-27T22:06:34+0200,cc602197-a7f8-43dc-ae7f-8e28dc2e9571,2026-07-10T03:45:00Z,2026-07-10T05:45:00+0200,48317.08709,MW,DE,DE_LU,forecast_load,Forecasted Load,2026-07-27T20:08:22Z
2026-07-27T20:06:34Z,2026-07-27T22:06:34+0200,cc602197-a7f8-43dc-ae7f-8e28dc2e9571,2026-07-10T04:00:00Z,2026-07-10T06:00:00+0200,50346.7523,MW,DE,DE_LU,forecast_load,Forecasted Load,2026-07-27T20:08:22Z
2026-07-27T20:06:34Z,2026-07-27T22:06:34+0200,cc602197-a7f8-43dc-ae7f-8e28dc2e9571,2026-07-10T04:15:00Z,2026-07-10T06:15:00+0200,51546.470475,MW,DE,DE_LU,forecast_load,Forecasted Load,2026-07-27T20:08:22Z
2026-07-27T20:06:34Z,2026-07-27T22:06:34+0200,cc602197-a7f8-43dc-ae7f-8e28dc2e9571,2026-07-10T04:30:00Z,2026-07-10T06:30:00+0200,52625.044488,MW,DE,DE_LU,forecast_load,Forecasted Load,2026-07-27T20:08:22Z
2026-07-27T20:06:34Z,2026-07-27T22:06:34+0200,cc602197-a7f8-43dc-ae7f-8e28dc2e9571,2026-07-10T04:45:00Z,2026-07-10T06:45:00+0200,53710.71391,MW,DE,DE_LU,forecast_load,Forecasted Load,2026-07-27T20:08:22Z
2026-07-27T20:06:34Z,2026-07-27T22:06:34+0200,cc602197-a7f8-43dc-ae7f-8e28dc2e9571,2026-07-10T05:00:00Z,2026-07-10T07:00:00+0200,54736.252374,MW,DE,DE_LU,forecast_load,Forecasted Load,2026-07-27T20:08:22Z
2026-07-27T20:06:34Z,2026-07-27T22:06:34+0200,cc602197-a7f8-43dc-ae7f-8e28dc2e9571,2026-07-10T05:15:00Z,2026-07-10T07:15:00+0200,56031.605426,MW,DE,DE_LU,forecast_load,Forecasted Load,2026-07-27T20:08:22Z
2026-07-27T20:06:34Z,2026-07-27T22:06:34+0200,cc602197-a7f8-43dc-ae7f-8e28dc2e9571,2026-07-10T05:30:00Z,2026-07-10T07:30:00+0200,57073.28377,MW,DE,DE_LU,forecast_load,Forecasted Load,2026-07-27T20:08:22Z
2026-07-27T20:06:34Z,2026-07-27T22:06:34+0200,cc602197-a7f8-43dc-ae7f-8e28dc2e9571,2026-07-10T05:45:00Z,2026-07-10T07:45:00+0200,57915.465442,MW,DE,DE_LU,forecast_load,Forecasted Load,2026-07-27T20:08:22Z
2026-07-27T20:06:34Z,2026-07-27T22:06:34+0200,cc602197-a7f8-43dc-ae7f-8e28dc2e9571,2026-07-10T06:00:00Z,2026-07-10T08:00:00+0200,58653.307314,MW,DE,DE_LU,forecast_load,Forecasted Load,2026-07-27T20:08:22Z
2026-07-27T20:06:34Z,2026-07-27T22:06:34+0200,cc602197-a7f8-43dc-ae7f-8e28dc2e9571,2026-07-10T06:15:00Z,2026-07-10T08:15:00+0200,59441.635061,MW,DE,DE_LU,forecast_load,Forecasted Load,2026-07-27T20:08:22Z
2026-07-27T20:06:34Z,2026-07-27T22:06:34+0200,cc602197-a7f8-43dc-ae7f-8e28dc2e9571,2026-07-10T06:30:00Z,2026-07-10T08:30:00+0200,60011.61047,MW,DE,DE_LU,forecast_load,Forecasted Load,2026-07-27T20:08:22Z
2026-07-27T20:06:34Z,2026-07-27T22:06:34+0200,cc602197-a7f8-43dc-ae7f-8e28dc2e9571,2026-07-10T06:45:00Z,2026-07-10T08:45:00+0200,60372.275756,MW,DE,DE_LU,forecast_load,Forecasted Load,2026-07-27T20:08:22Z
2026-07-27T20:06:34Z,2026-07-27T22:06:34+0200,cc602197-a7f8-43dc-ae7f-8e28dc2e9571,2026-07-10T07:00:00Z,2026-07-10T09:00:00+0200,60095.044587,MW,DE,DE_LU,forecast_load,Forecasted Load,2026-07-27T20:08:22Z
2026-07-27T20:06:34Z,2026-07-27T22:06:34+0200,cc602197-a7f8-43dc-ae7f-8e28dc2e9571,2026-07-10T07:15:00Z,2026-07-10T09:15:00+0200,60475.517277,MW,DE,DE_LU,forecast_load,Forecasted Load,2026-07-27T20:08:22Z
2026-07-27T20:06:34Z,2026-07-27T22:06:34+0200,cc602197-a7f8-43dc-ae7f-8e28dc2e9571,2026-07-10T07:30:00Z,2026-07-10T09:30:00+0200,60749.6615,MW,DE,DE_LU,forecast_load,Forecasted Load,2026-07-27T20:08:22Z
2026-07-27T20:06:34Z,2026-07-27T22:06:34+0200,cc602197-a7f8-43dc-ae7f-8e28dc2e9571,2026-07-10T07:45:00Z,2026-07-10T09:45:00+0200,61061.716779,MW,DE,DE_LU,forecast_load,Forecasted Load,2026-07-27T20:08:22Z
2026-07-27T20:06:34Z,2026-07-27T22:06:34+0200,cc602197-a7f8-43dc-ae7f-8e28dc2e9571,2026-07-10T08:00:00Z,2026-07-10T10:00:00+0200,61072.684177,MW,DE,DE_LU,forecast_load,Forecasted Load,2026-07-27T20:08:22Z
2026-07-27T20:06:34Z,2026-07-27T22:06:34+0200,cc602197-a7f8-43dc-ae7f-8e28dc2e9571,2026-07-10T08:15:00Z,2026-07-10T10:15:00+0200,61228.249236,MW,DE,DE_LU,forecast_load,Forecasted Load,2026-07-27T20:08:22Z
2026-07-27T20:06:34Z,2026-07-27T22:06:34+0200,cc602197-a7f8-43dc-ae7f-8e28dc2e9571,2026-07-10T08:30:00Z,2026-07-10T10:30:00+0200,61075.24804,MW,DE,DE_LU,forecast_load,Forecasted Load,2026-07-27T20:08:22Z
2026-07-27T20:06:34Z,2026-07-27T22:06:34+0200,cc602197-a7f8-43dc-ae7f-8e28dc2e9571,2026-07-10T08:45:00Z,2026-07-10T10:45:00+0200,61264.550583,MW,DE,DE_LU,forecast_load,Forecasted Load,2026-07-27T20:08:22Z
2026-07-27T20:06:34Z,2026-07-27T22:06:34+0200,cc602197-a7f8-43dc-ae7f-8e28dc2e9571,2026-07-10T09:00:00Z,2026-07-10T11:00:00+0200,61204.528921,MW,DE,DE_LU,forecast_load,Forecasted Load,2026-07-27T20:08:22Z
2026-07-27T20:06:34Z,2026-07-27T22:06:34+0200,cc602197-a7f8-43dc-ae7f-8e28dc2e9571,2026-07-10T09:15:00Z,2026-07-10T11:15:00+0200,60804.475851,MW,DE,DE_LU,forecast_load,Forecasted Load,2026-07-27T20:08:22Z
2026-07-27T20:06:34Z,2026-07-27T22:06:34+0200,cc602197-a7f8-43dc-ae7f-8e28dc2e9571,2026-07-10T09:30:00Z,2026-07-10T11:30:00+0200,60758.968196,MW,DE,DE_LU,forecast_load,Forecasted Load,2026-07-27T20:08:22Z
2026-07-27T20:06:34Z,2026-07-27T22:06:34+0200,cc602197-a7f8-43dc-ae7f-8e28dc2e9571,2026-07-10T09:45:00Z,2026-07-10T11:45:00+0200,60575.342739,MW,DE,DE_LU,forecast_load,Forecasted Load,2026-07-27T20:08:22Z
2026-07-27T20:06:34Z,2026-07-27T22:06:34+0200,cc602197-a7f8-43dc-ae7f-8e28dc2e9571,2026-07-10T10:00:00Z,2026-07-10T12:00:00+0200,60010.262995,MW,DE,DE_LU,forecast_load,Forecasted Load,2026-07-27T20:08:22Z
2026-07-27T20:06:34Z,2026-07-27T22:06:34+0200,cc602197-a7f8-43dc-ae7f-8e28dc2e9571,2026-07-10T10:15:00Z,2026-07-10T12:15:00+0200,59856.528118,MW,DE,DE_LU,forecast_load,Forecasted Load,2026-07-27T20:08:22Z
2026-07-27T20:06:34Z,2026-07-27T22:06:34+0200,cc602197-a7f8-43dc-ae7f-8e28dc2e9571,2026-07-10T10:30:00Z,2026-07-10T12:30:00+0200,59620.785001,MW,DE,DE_LU,forecast_load,Forecasted Load,2026-07-27T20:08:22Z
2026-07-27T20:06:34Z,2026-07-27T22:06:34+0200,cc602197-a7f8-43dc-ae7f-8e28dc2e9571,2026-07-10T10:45:00Z,2026-07-10T12:45:00+0200,59388.209711,MW,DE,DE_LU,forecast_load,Forecasted Load,2026-07-27T20:08:22Z
2026-07-27T20:06:34Z,2026-07-27T22:06:34+0200,cc602197-a7f8-43dc-ae7f-8e28dc2e9571,2026-07-10T11:00:00Z,2026-07-10T13:00:00+0200,58786.067326,MW,DE,DE_LU,forecast_load,Forecasted Load,2026-07-27T20:08:22Z
2026-07-27T20:06:34Z,2026-07-27T22:06:34+0200,cc602197-a7f8-43dc-ae7f-8e28dc2e9571,2026-07-10T11:15:00Z,2026-07-10T13:15:00+0200,58302.260852,MW,DE,DE_LU,forecast_load,Forecasted Load,2026-07-27T20:08:22Z
2026-07-27T20:06:34Z,2026-07-27T22:06:34+0200,cc602197-a7f8-43dc-ae7f-8e28dc2e9571,2026-07-10T11:30:00Z,2026-07-10T13:30:00+0200,58217.016236,MW,DE,DE_LU,forecast_load,Forecasted Load,2026-07-27T20:08:22Z
2026-07-27T20:06:34Z,2026-07-27T22:06:34+0200,cc602197-a7f8-43dc-ae7f-8e28dc2e9571,2026-07-10T11:45:00Z,2026-07-10T13:45:00+0200,57843.297547,MW,DE,DE_LU,forecast_load,Forecasted Load,2026-07-27T20:08:22Z
2026-07-27T20:06:34Z,2026-07-27T22:06:34+0200,cc602197-a7f8-43dc-ae7f-8e28dc2e9571,2026-07-10T12:00:00Z,2026-07-10T14:00:00+0200,57711.486334,MW,DE,DE_LU,forecast_load,Forecasted Load,2026-07-27T20:08:22Z
2026-07-27T20:06:34Z,2026-07-27T22:06:34+0200,cc602197-a7f8-43dc-ae7f-8e28dc2e9571,2026-07-10T12:15:00Z,2026-07-10T14:15:00+0200,57765.529028,MW,DE,DE_LU,forecast_load,Forecasted Load,2026-07-27T20:08:22Z
2026-07-27T20:06:34Z,2026-07-27T22:06:34+0200,cc602197-a7f8-43dc-ae7f-8e28dc2e9571,2026-07-10T12:30:00Z,2026-07-10T14:30:00+0200,57530.456155,MW,DE,DE_LU,forecast_load,Forecasted Load,2026-07-27T20:08:22Z
2026-07-27T20:06:34Z,2026-07-27T22:06:34+0200,cc602197-a7f8-43dc-ae7f-8e28dc2e9571,2026-07-10T12:45:00Z,2026-07-10T14:45:00+0200,57232.069518,MW,DE,DE_LU,forecast_load,Forecasted Load,2026-07-27T20:08:22Z
2026-07-27T20:06:34Z,2026-07-27T22:06:34+0200,cc602197-a7f8-43dc-ae7f-8e28dc2e9571,2026-07-10T13:00:00Z,2026-07-10T15:00:00+0200,56976.596189,MW,DE,DE_LU,forecast_load,Forecasted Load,2026-07-27T20:08:22Z
2026-07-27T20:06:34Z,2026-07-27T22:06:34+0200,cc602197-a7f8-43dc-ae7f-8e28dc2e9571,2026-07-10T13:15:00Z,2026-07-10T15:15:00+0200,56901.197766,MW,DE,DE_LU,forecast_load,Forecasted Load,2026-07-27T20:08:22Z
2026-07-27T20:06:34Z,2026-07-27T22:06:34+0200,cc602197-a7f8-43dc-ae7f-8e28dc2e9571,2026-07-10T13:30:00Z,2026-07-10T15:30:00+0200,56849.51356,MW,DE,DE_LU,forecast_load,Forecasted Load,2026-07-27T20:08:22Z
2026-07-27T20:06:34Z,2026-07-27T22:06:34+0200,cc602197-a7f8-43dc-ae7f-8e28dc2e9571,2026-07-10T13:45:00Z,2026-07-10T15:45:00+0200,57043.302579,MW,DE,DE_LU,forecast_load,Forecasted Load,2026-07-27T20:08:22Z
2026-07-27T20:06:34Z,2026-07-27T22:06:34+0200,cc602197-a7f8-43dc-ae7f-8e28dc2e9571,2026-07-10T14:00:00Z,2026-07-10T16:00:00+0200,56943.355589,MW,DE,DE_LU,forecast_load,Forecasted Load,2026-07-27T20:08:22Z
2026-07-27T20:06:34Z,2026-07-27T22:06:34+0200,cc602197-a7f8-43dc-ae7f-8e28dc2e9571,2026-07-10T14:15:00Z,2026-07-10T16:15:00+0200,56753.58429,MW,DE,DE_LU,forecast_load,Forecasted Load,2026-07-27T20:08:22Z
2026-07-27T20:06:34Z,2026-07-27T22:06:34+0200,cc602197-a7f8-43dc-ae7f-8e28dc2e9571,2026-07-10T14:30:00Z,2026-07-10T16:30:00+0200,56317.379839,MW,DE,DE_LU,forecast_load,Forecasted Load,2026-07-27T20:08:22Z
2026-07-27T20:06:34Z,2026-07-27T22:06:34+0200,cc602197-a7f8-43dc-ae7f-8e28dc2e9571,2026-07-10T14:45:00Z,2026-07-10T16:45:00+0200,56637.009531,MW,DE,DE_LU,forecast_load,Forecasted Load,2026-07-27T20:08:22Z
2026-07-27T20:06:34Z,2026-07-27T22:06:34+0200,cc602197-a7f8-43dc-ae7f-8e28dc2e9571,2026-07-10T15:00:00Z,2026-07-10T17:00:00+0200,56523.32171,MW,DE,DE_LU,forecast_load,Forecasted Load,2026-07-27T20:08:22Z
2026-07-27T20:06:34Z,2026-07-27T22:06:34+0200,cc602197-a7f8-43dc-ae7f-8e28dc2e9571,2026-07-10T15:15:00Z,2026-07-10T17:15:00+0200,55981.422317,MW,DE,DE_LU,forecast_load,Forecasted Load,2026-07-27T20:08:22Z
2026-07-27T20:06:34Z,2026-07-27T22:06:34+0200,cc602197-a7f8-43dc-ae7f-8e28dc2e9571,2026-07-10T15:30:00Z,2026-07-10T17:30:00+0200,56015.55419,MW,DE,DE_LU,forecast_load,Forecasted Load,2026-07-27T20:08:22Z
2026-07-27T20:06:34Z,2026-07-27T22:06:34+0200,cc602197-a7f8-43dc-ae7f-8e28dc2e9571,2026-07-10T15:45:00Z,2026-07-10T17:45:00+0200,56184.196453,MW,DE,DE_LU,forecast_load,Forecasted Load,2026-07-27T20:08:22Z
2026-07-27T20:06:34Z,2026-07-27T22:06:34+0200,cc602197-a7f8-43dc-ae7f-8e28dc2e9571,2026-07-10T16:00:00Z,2026-07-10T18:00:00+0200,56522.725778,MW,DE,DE_LU,forecast_load,Forecasted Load,2026-07-27T20:08:22Z
2026-07-27T20:06:34Z,2026-07-27T22:06:34+0200,cc602197-a7f8-43dc-ae7f-8e28dc2e9571,2026-07-10T16:15:00Z,2026-07-10T18:15:00+0200,56544.269768,MW,DE,DE_LU,forecast_load,Forecasted Load,2026-07-27T20:08:22Z
2026-07-27T20:06:34Z,2026-07-27T22:06:34+0200,cc602197-a7f8-43dc-ae7f-8e28dc2e9571,2026-07-10T16:30:00Z,2026-07-10T18:30:00+0200,56362.480405,MW,DE,DE_LU,forecast_load,Forecasted Load,2026-07-27T20:08:22Z
2026-07-27T20:06:34Z,2026-07-27T22:06:34+0200,cc602197-a7f8-43dc-ae7f-8e28dc2e9571,2026-07-10T16:45:00Z,2026-07-10T18:45:00+0200,56244.149961,MW,DE,DE_LU,forecast_load,Forecasted Load,2026-07-27T20:08:22Z
2026-07-27T20:06:34Z,2026-07-27T22:06:34+0200,cc602197-a7f8-43dc-ae7f-8e28dc2e9571,2026-07-10T17:00:00Z,2026-07-10T19:00:00+0200,56537.314902,MW,DE,DE_LU,forecast_load,Forecasted Load,2026-07-27T20:08:22Z
2026-07-27T20:06:34Z,2026-07-27T22:06:34+0200,cc602197-a7f8-43dc-ae7f-8e28dc2e9571,2026-07-10T17:15:00Z,2026-07-10T19:15:00+0200,56651.790681,MW,DE,DE_LU,forecast_load,Forecasted Load,2026-07-27T20:08:22Z
2026-07-27T20:06:34Z,2026-07-27T22:06:34+0200,cc602197-a7f8-43dc-ae7f-8e28dc2e9571,2026-07-10T17:30:00Z,2026-07-10T19:30:00+0200,56063.432668,MW,DE,DE_LU,forecast_load,Forecasted Load,2026-07-27T20:08:22Z
2026-07-27T20:06:34Z,2026-07-27T22:06:34+0200,cc602197-a7f8-43dc-ae7f-8e28dc2e9571,2026-07-10T17:45:00Z,2026-07-10T19:45:00+0200,55396.43443,MW,DE,DE_LU,forecast_load,Forecasted Load,2026-07-27T20:08:22Z
2026-07-27T20:06:34Z,2026-07-27T22:06:34+0200,cc602197-a7f8-43dc-ae7f-8e28dc2e9571,2026-07-10T18:00:00Z,2026-07-10T20:00:00+0200,55073.620345,MW,DE,DE_LU,forecast_load,Forecasted Load,2026-07-27T20:08:22Z
2026-07-27T20:06:34Z,2026-07-27T22:06:34+0200,cc602197-a7f8-43dc-ae7f-8e28dc2e9571,2026-07-10T18:15:00Z,2026-07-10T20:15:00+0200,54291.19007,MW,DE,DE_LU,forecast_load,Forecasted Load,2026-07-27T20:08:22Z
2026-07-27T20:06:34Z,2026-07-27T22:06:34+0200,cc602197-a7f8-43dc-ae7f-8e28dc2e9571,2026-07-10T18:30:00Z,2026-07-10T20:30:00+0200,53692.883436,MW,DE,DE_LU,forecast_load,Forecasted Load,2026-07-27T20:08:22Z
2026-07-27T20:06:34Z,2026-07-27T22:06:34+0200,cc602197-a7f8-43dc-ae7f-8e28dc2e9571,2026-07-10T18:45:00Z,2026-07-10T20:45:00+0200,53102.109079,MW,DE,DE_LU,forecast_load,Forecasted Load,2026-07-27T20:08:22Z
2026-07-27T20:06:34Z,2026-07-27T22:06:34+0200,cc602197-a7f8-43dc-ae7f-8e28dc2e9571,2026-07-10T19:00:00Z,2026-07-10T21:00:00+0200,52430.17912,MW,DE,DE_LU,forecast_load,Forecasted Load,2026-07-27T20:08:22Z
2026-07-27T20:06:34Z,2026-07-27T22:06:34+0200,cc602197-a7f8-43dc-ae7f-8e28dc2e9571,2026-07-10T19:15:00Z,2026-07-10T21:15:00+0200,51950.620748,MW,DE,DE_LU,forecast_load,Forecasted Load,2026-07-27T20:08:22Z
2026-07-27T20:06:34Z,2026-07-27T22:06:34+0200,cc602197-a7f8-43dc-ae7f-8e28dc2e9571,2026-07-10T19:30:00Z,2026-07-10T21:30:00+0200,51270.812484,MW,DE,DE_LU,forecast_load,Forecasted Load,2026-07-27T20:08:22Z
2026-07-27T20:06:34Z,2026-07-27T22:06:34+0200,cc602197-a7f8-43dc-ae7f-8e28dc2e9571,2026-07-10T19:45:00Z,2026-07-10T21:45:00+0200,50803.726694,MW,DE,DE_LU,forecast_load,Forecasted Load,2026-07-27T20:08:22Z
2026-07-27T20:06:34Z,2026-07-27T22:06:34+0200,cc602197-a7f8-43dc-ae7f-8e28dc2e9571,2026-07-10T20:00:00Z,2026-07-10T22:00:00+0200,49991.435983,MW,DE,DE_LU,forecast_load,Forecasted Load,2026-07-27T20:08:22Z
2026-07-27T20:06:34Z,2026-07-27T22:06:34+0200,cc602197-a7f8-43dc-ae7f-8e28dc2e9571,2026-07-10T20:15:00Z,2026-07-10T22:15:00+0200,49303.091345,MW,DE,DE_LU,forecast_load,Forecasted Load,2026-07-27T20:08:22Z
2026-07-27T20:06:34Z,2026-07-27T22:06:34+0200,cc602197-a7f8-43dc-ae7f-8e28dc2e9571,2026-07-10T20:30:00Z,2026-07-10T22:30:00+0200,48582.235394,MW,DE,DE_LU,forecast_load,Forecasted Load,2026-07-27T20:08:22Z
2026-07-27T20:06:34Z,2026-07-27T22:06:34+0200,cc602197-a7f8-43dc-ae7f-8e28dc2e9571,2026-07-10T20:45:00Z,2026-07-10T22:45:00+0200,47952.723172,MW,DE,DE_LU,forecast_load,Forecasted Load,2026-07-27T20:08:22Z
2026-07-27T20:06:34Z,2026-07-27T22:06:34+0200,cc602197-a7f8-43dc-ae7f-8e28dc2e9571,2026-07-10T21:00:00Z,2026-07-10T23:00:00+0200,47063.42488,MW,DE,DE_LU,forecast_load,Forecasted Load,2026-07-27T20:08:22Z
2026-07-27T20:06:34Z,2026-07-27T22:06:34+0200,cc602197-a7f8-43dc-ae7f-8e28dc2e9571,2026-07-10T21:15:00Z,2026-07-10T23:15:00+0200,46244.944898,MW,DE,DE_LU,forecast_load,Forecasted Load,2026-07-27T20:08:22Z
2026-07-27T20:06:34Z,2026-07-27T22:06:34+0200,cc602197-a7f8-43dc-ae7f-8e28dc2e9571,2026-07-10T21:30:00Z,2026-07-10T23:30:00+0200,45580.782273,MW,DE,DE_LU,forecast_load,Forecasted Load,2026-07-27T20:08:22Z
2026-07-27T20:06:34Z,2026-07-27T22:06:34+0200,cc602197-a7f8-43dc-ae7f-8e28dc2e9571,2026-07-10T21:45:00Z,2026-07-10T23:45:00+0200,44917.410663,MW,DE,DE_LU,forecast_load,Forecasted Load,2026-07-27T20:08:22Z
2026-07-27T20:06:34Z,2026-07-27T22:06:34+0200,cc602197-a7f8-43dc-ae7f-8e28dc2e9571,2026-07-10T22:00:00Z,2026-07-11T00:00:00+0200,44064.596592,MW,DE,DE_LU,forecast_load,Forecasted Load,2026-07-27T20:08:22Z
2026-07-27T20:06:34Z,2026-07-27T22:06:34+0200,cc602197-a7f8-43dc-ae7f-8e28dc2e9571,2026-07-10T22:15:00Z,2026-07-11T00:15:00+0200,43440.403972,MW,DE,DE_LU,forecast_load,Forecasted Load,2026-07-27T20:08:22Z
2026-07-27T20:06:34Z,2026-07-27T22:06:34+0200,cc602197-a7f8-43dc-ae7f-8e28dc2e9571,2026-07-10T22:30:00Z,2026-07-11T00:30:00+0200,42930.852012,MW,DE,DE_LU,forecast_load,Forecasted Load,2026-07-27T20:08:22Z
2026-07-27T20:06:34Z,2026-07-27T22:06:34+0200,cc602197-a7f8-43dc-ae7f-8e28dc2e9571,2026-07-10T22:45:00Z,2026-07-11T00:45:00+0200,42475.798465,MW,DE,DE_LU,forecast_load,Forecasted Load,2026-07-27T20:08:22Z
2026-07-27T20:06:34Z,2026-07-27T22:06:34+0200,cc602197-a7f8-43dc-ae7f-8e28dc2e9571,2026-07-10T23:00:00Z,2026-07-11T01:00:00+0200,42030.875791,MW,DE,DE_LU,forecast_load,Forecasted Load,2026-07-27T20:08:22Z
2026-07-27T20:06:34Z,2026-07-27T22:06:34+0200,cc602197-a7f8-43dc-ae7f-8e28dc2e9571,2026-07-10T23:15:00Z,2026-07-11T01:15:00+0200,41512.994759,MW,DE,DE_LU,forecast_load,Forecasted Load,2026-07-27T20:08:22Z
2026-07-27T20:06:34Z,2026-07-27T22:06:34+0200,cc602197-a7f8-43dc-ae7f-8e28dc2e9571,2026-07-10T23:30:00Z,2026-07-11T01:30:00+0200,41034.304022,MW,DE,DE_LU,forecast_load,Forecasted Load,2026-07-27T20:08:22Z
2026-07-27T20:06:34Z,2026-07-27T22:06:34+0200,cc602197-a7f8-43dc-ae7f-8e28dc2e9571,2026-07-10T23:45:00Z,2026-07-11T01:45:00+0200,40666.911089,MW,DE,DE_LU,forecast_load,Forecasted Load,2026-07-27T20:08:22Z
2026-07-27T20:06:34Z,2026-07-27T22:06:34+0200,cc602197-a7f8-43dc-ae7f-8e28dc2e9571,2026-07-11T00:00:00Z,2026-07-11T02:00:00+0200,40486.750279,MW,DE,DE_LU,forecast_load,Forecasted Load,2026-07-27T20:08:22Z
2026-07-27T20:06:34Z,2026-07-27T22:06:34+0200,cc602197-a7f8-43dc-ae7f-8e28dc2e9571,2026-07-11T00:15:00Z,2026-07-11T02:15:00+0200,40189.537497,MW,DE,DE_LU,forecast_load,Forecasted Load,2026-07-27T20:08:22Z
2026-07-27T20:06:34Z,2026-07-27T22:06:34+0200,cc602197-a7f8-43dc-ae7f-8e28dc2e9571,2026-07-11T00:30:00Z,2026-07-11T02:30:00+0200,39915.965883,MW,DE,DE_LU,forecast_load,Forecasted Load,2026-07-27T20:08:22Z
2026-07-27T20:06:34Z,2026-07-27T22:06:34+0200,cc602197-a7f8-43dc-ae7f-8e28dc2e9571,2026-07-11T00:45:00Z,2026-07-11T02:45:00+0200,39751.123383,MW,DE,DE_LU,forecast_load,Forecasted Load,2026-07-27T20:08:22Z
2026-07-27T20:06:34Z,2026-07-27T22:06:34+0200,cc602197-a7f8-43dc-ae7f-8e28dc2e9571,2026-07-11T01:00:00Z,2026-07-11T03:00:00+0200,39652.059525,MW,DE,DE_LU,forecast_load,Forecasted Load,2026-07-27T20:08:22Z
2026-07-27T20:06:34Z,2026-07-27T22:06:34+0200,cc602197-a7f8-43dc-ae7f-8e28dc2e9571,2026-07-11T01:15:00Z,2026-07-11T03:15:00+0200,39536.347263,MW,DE,DE_LU,forecast_load,Forecasted Load,2026-07-27T20:08:22Z
2026-07-27T20:06:34Z,2026-07-27T22:06:34+0200,cc602197-a7f8-43dc-ae7f-8e28dc2e9571,2026-07-11T01:30:00Z,2026-07-11T03:30:00+0200,39421.713826,MW,DE,DE_LU,forecast_load,Forecasted Load,2026-07-27T20:08:22Z
2026-07-27T20:06:34Z,2026-07-27T22:06:34+0200,cc602197-a7f8-43dc-ae7f-8e28dc2e9571,2026-07-11T01:45:00Z,2026-07-11T03:45:00+0200,39343.884951,MW,DE,DE_LU,forecast_load,Forecasted Load,2026-07-27T20:08:22Z
2026-07-27T20:06:34Z,2026-07-27T22:06:34+0200,cc602197-a7f8-43dc-ae7f-8e28dc2e9571,2026-07-11T02:00:00Z,2026-07-11T04:00:00+0200,39319.156138,MW,DE,DE_LU,forecast_load,Forecasted Load,2026-07-27T20:08:22Z
2026-07-27T20:06:34Z,2026-07-27T22:06:34+0200,cc602197-a7f8-43dc-ae7f-8e28dc2e9571,2026-07-11T02:15:00Z,2026-07-11T04:15:00+0200,39365.773971,MW,DE,DE_LU,forecast_load,Forecasted Load,2026-07-27T20:08:22Z
2026-07-27T20:06:34Z,2026-07-27T22:06:34+0200,cc602197-a7f8-43dc-ae7f-8e28dc2e9571,2026-07-11T02:30:00Z,2026-07-11T04:30:00+0200,39435.091155,MW,DE,DE_LU,forecast_load,Forecasted Load,2026-07-27T20:08:22Z
2026-07-27T20:06:34Z,2026-07-27T22:06:34+0200,cc602197-a7f8-43dc-ae7f-8e28dc2e9571,2026-07-11T02:45:00Z,2026-07-11T04:45:00+0200,39523.414087,MW,DE,DE_LU,forecast_load,Forecasted Load,2026-07-27T20:08:22Z
2026-07-27T20:06:34Z,2026-07-27T22:06:34+0200,cc602197-a7f8-43dc-ae7f-8e28dc2e9571,2026-07-11T03:00:00Z,2026-07-11T05:00:00+0200,39707.185531,MW,DE,DE_LU,forecast_load,Forecasted Load,2026-07-27T20:08:22Z
2026-07-27T20:06:34Z,2026-07-27T22:06:34+0200,cc602197-a7f8-43dc-ae7f-8e28dc2e9571,2026-07-11T03:15:00Z,2026-07-11T05:15:00+0200,39338.239192,MW,DE,DE_LU,forecast_load,Forecasted Load,2026-07-27T20:08:22Z
2026-07-27T20:06:34Z,2026-07-27T22:06:34+0200,cc602197-a7f8-43dc-ae7f-8e28dc2e9571,2026-07-11T03:30:00Z,2026-07-11T05:30:00+0200,39817.131787,MW,DE,DE_LU,forecast_load,Forecasted Load,2026-07-27T20:08:22Z
2026-07-27T20:06:34Z,2026-07-27T22:06:34+0200,cc602197-a7f8-43dc-ae7f-8e28dc2e9571,2026-07-11T03:45:00Z,2026-07-11T05:45:00+0200,39933.262652,MW,DE,DE_LU,forecast_load,Forecasted Load,2026-07-27T20:08:22Z
2026-07-27T20:06:34Z,2026-07-27T22:06:34+0200,cc602197-a7f8-43dc-ae7f-8e28dc2e9571,2026-07-11T04:00:00Z,2026-07-11T06:00:00+0200,40944.098209,MW,DE,DE_LU,forecast_load,Forecasted Load,2026-07-27T20:08:22Z
2026-07-27T20:06:34Z,2026-07-27T22:06:34+0200,cc602197-a7f8-43dc-ae7f-8e28dc2e9571,2026-07-11T04:15:00Z,2026-07-11T06:15:00+0200,41152.348675,MW,DE,DE_LU,forecast_load,Forecasted Load,2026-07-27T20:08:22Z
2026-07-27T20:06:34Z,2026-07-27T22:06:34+0200,cc602197-a7f8-43dc-ae7f-8e28dc2e9571,2026-07-11T04:30:00Z,2026-07-11T06:30:00+0200,41718.903306,MW,DE,DE_LU,forecast_load,Forecasted Load,2026-07-27T20:08:22Z
2026-07-27T20:06:34Z,2026-07-27T22:06:34+0200,cc602197-a7f8-43dc-ae7f-8e28dc2e9571,2026-07-11T04:45:00Z,2026-07-11T06:45:00+0200,42199.856768,MW,DE,DE_LU,forecast_load,Forecasted Load,2026-07-27T20:08:22Z
2026-07-27T20:06:34Z,2026-07-27T22:06:34+0200,cc602197-a7f8-43dc-ae7f-8e28dc2e9571,2026-07-11T05:00:00Z,2026-07-11T07:00:00+0200,42851.04032,MW,DE,DE_LU,forecast_load,Forecasted Load,2026-07-27T20:08:22Z
2026-07-27T20:06:34Z,2026-07-27T22:06:34+0200,cc602197-a7f8-43dc-ae7f-8e28dc2e9571,2026-07-11T05:15:00Z,2026-07-11T07:15:00+0200,43508.303205,MW,DE,DE_LU,forecast_load,Forecasted Load,2026-07-27T20:08:22Z
2026-07-27T20:06:34Z,2026-07-27T22:06:34+0200,cc602197-a7f8-43dc-ae7f-8e28dc2e9571,2026-07-11T05:30:00Z,2026-07-11T07:30:00+0200,44357.156943,MW,DE,DE_LU,forecast_load,Forecasted Load,2026-07-27T20:08:22Z
2026-07-27T20:06:34Z,2026-07-27T22:06:34+0200,cc602197-a7f8-43dc-ae7f-8e28dc2e9571,2026-07-11T05:45:00Z,2026-07-11T07:45:00+0200,45163.26289,MW,DE,DE_LU,forecast_load,Forecasted Load,2026-07-27T20:08:22Z
2026-07-27T20:06:34Z,2026-07-27T22:06:34+0200,cc602197-a7f8-43dc-ae7f-8e28dc2e9571,2026-07-11T06:00:00Z,2026-07-11T08:00:00+0200,45649.546433,MW,DE,DE_LU,forecast_load,Forecasted Load,2026-07-27T20:08:22Z
2026-07-27T20:06:34Z,2026-07-27T22:06:34+0200,cc602197-a7f8-43dc-ae7f-8e28dc2e9571,2026-07-11T06:15:00Z,2026-07-11T08:15:00+0200,46398.005508,MW,DE,DE_LU,forecast_load,Forecasted Load,2026-07-27T20:08:22Z
2026-07-27T20:06:34Z,2026-07-27T22:06:34+0200,cc602197-a7f8-43dc-ae7f-8e28dc2e9571,2026-07-11T06:30:00Z,2026-07-11T08:30:00+0200,46884.620006,MW,DE,DE_LU,forecast_load,Forecasted Load,2026-07-27T20:08:22Z
2026-07-27T20:06:34Z,2026-07-27T22:06:34+0200,cc602197-a7f8-43dc-ae7f-8e28dc2e9571,2026-07-11T06:45:00Z,2026-07-11T08:45:00+0200,47607.908363,MW,DE,DE_LU,forecast_load,Forecasted Load,2026-07-27T20:08:22Z
2026-07-27T20:06:34Z,2026-07-27T22:06:34+0200,cc602197-a7f8-43dc-ae7f-8e28dc2e9571,2026-07-11T07:00:00Z,2026-07-11T09:00:00+0200,47866.292127,MW,DE,DE_LU,forecast_load,Forecasted Load,2026-07-27T20:08:22Z
2026-07-27T20:06:34Z,2026-07-27T22:06:34+0200,cc602197-a7f8-43dc-ae7f-8e28dc2e9571,2026-07-11T07:15:00Z,2026-07-11T09:15:00+0200,48106.71011,MW,DE,DE_LU,forecast_load,Forecasted Load,2026-07-27T20:08:22Z
2026-07-27T20:06:34Z,2026-07-27T22:06:34+0200,cc602197-a7f8-43dc-ae7f-8e28dc2e9571,2026-07-11T07:30:00Z,2026-07-11T09:30:00+0200,48688.39498,MW,DE,DE_LU,forecast_load,Forecasted Load,2026-07-27T20:08:22Z
2026-07-27T20:06:34Z,2026-07-27T22:06:34+0200,cc602197-a7f8-43dc-ae7f-8e28dc2e9571,2026-07-11T07:45:00Z,2026-07-11T09:45:00+0200,49177.699661,MW,DE,DE_LU,forecast_load,Forecasted Load,2026-07-27T20:08:22Z
2026-07-27T20:06:34Z,2026-07-27T22:06:34+0200,cc602197-a7f8-43dc-ae7f-8e28dc2e9571,2026-07-11T08:00:00Z,2026-07-11T10:00:00+0200,49251.431436,MW,DE,DE_LU,forecast_load,Forecasted Load,2026-07-27T20:08:22Z
2026-07-27T20:06:34Z,2026-07-27T22:06:34+0200,cc602197-a7f8-43dc-ae7f-8e28dc2e9571,2026-07-11T08:15:00Z,2026-07-11T10:15:00+0200,49514.647244,MW,DE,DE_LU,forecast_load,Forecasted Load,2026-07-27T20:08:22Z
2026-07-27T20:06:34Z,2026-07-27T22:06:34+0200,cc602197-a7f8-43dc-ae7f-8e28dc2e9571,2026-07-11T08:30:00Z,2026-07-11T10:30:00+0200,49495.402622,MW,DE,DE_LU,forecast_load,Forecasted Load,2026-07-27T20:08:22Z
2026-07-27T20:06:34Z,2026-07-27T22:06:34+0200,cc602197-a7f8-43dc-ae7f-8e28dc2e9571,2026-07-11T08:45:00Z,2026-07-11T10:45:00+0200,49565.164294,MW,DE,DE_LU,forecast_load,Forecasted Load,2026-07-27T20:08:22Z
2026-07-27T20:06:34Z,2026-07-27T22:06:34+0200,cc602197-a7f8-43dc-ae7f-8e28dc2e9571,2026-07-11T09:00:00Z,2026-07-11T11:00:00+0200,49389.724538,MW,DE,DE_LU,forecast_load,Forecasted Load,2026-07-27T20:08:22Z
2026-07-27T20:06:34Z,2026-07-27T22:06:34+0200,cc602197-a7f8-43dc-ae7f-8e28dc2e9571,2026-07-11T09:15:00Z,2026-07-11T11:15:00+0200,49175.646571,MW,DE,DE_LU,forecast_load,Forecasted Load,2026-07-27T20:08:22Z
2026-07-27T20:06:34Z,2026-07-27T22:06:34+0200,cc602197-a7f8-43dc-ae7f-8e28dc2e9571,2026-07-11T09:30:00Z,2026-07-11T11:30:00+0200,49250.939008,MW,DE,DE_LU,forecast_load,Forecasted Load,2026-07-27T20:08:22Z
2026-07-27T20:06:34Z,2026-07-27T22:06:34+0200,cc602197-a7f8-43dc-ae7f-8e28dc2e9571,2026-07-11T09:45:00Z,2026-07-11T11:45:00+0200,49087.914104,MW,DE,DE_LU,forecast_load,Forecasted Load,2026-07-27T20:08:22Z
2026-07-27T20:06:34Z,2026-07-27T22:06:34+0200,cc602197-a7f8-43dc-ae7f-8e28dc2e9571,2026-07-11T10:00:00Z,2026-07-11T12:00:00+0200,48608.01347,MW,DE,DE_LU,forecast_load,Forecasted Load,2026-07-27T20:08:22Z
2026-07-27T20:06:34Z,2026-07-27T22:06:34+0200,cc602197-a7f8-43dc-ae7f-8e28dc2e9571,2026-07-11T10:15:00Z,2026-07-11T12:15:00+0200,48533.910158,MW,DE,DE_LU,forecast_load,Forecasted Load,2026-07-27T20:08:22Z
2026-07-27T20:06:34Z,2026-07-27T22:06:34+0200,cc602197-a7f8-43dc-ae7f-8e28dc2e9571,2026-07-11T10:30:00Z,2026-07-11T12:30:00+0200,48270.331341,MW,DE,DE_LU,forecast_load,Forecasted Load,2026-07-27T20:08:22Z
2026-07-27T20:06:34Z,2026-07-27T22:06:34+0200,cc602197-a7f8-43dc-ae7f-8e28dc2e9571,2026-07-11T10:45:00Z,2026-07-11T12:45:00+0200,48237.759794,MW,DE,DE_LU,forecast_load,Forecasted Load,2026-07-27T20:08:22Z
2026-07-27T20:06:34Z,2026-07-27T22:06:34+0200,cc602197-a7f8-43dc-ae7f-8e28dc2e9571,2026-07-11T11:00:00Z,2026-07-11T13:00:00+0200,47674.543717,MW,DE,DE_LU,forecast_load,Forecasted Load,2026-07-27T20:08:22Z
2026-07-27T20:06:34Z,2026-07-27T22:06:34+0200,cc602197-a7f8-43dc-ae7f-8e28dc2e9571,2026-07-11T11:15:00Z,2026-07-11T13:15:00+0200,47414.582857,MW,DE,DE_LU,forecast_load,Forecasted Load,2026-07-27T20:08:22Z
2026-07-27T20:06:34Z,2026-07-27T22:06:34+0200,cc602197-a7f8-43dc-ae7f-8e28dc2e9571,2026-07-11T11:30:00Z,2026-07-11T13:30:00+0200,47216.37285,MW,DE,DE_LU,forecast_load,Forecasted Load,2026-07-27T20:08:22Z
2026-07-27T20:06:34Z,2026-07-27T22:06:34+0200,cc602197-a7f8-43dc-ae7f-8e28dc2e9571,2026-07-11T11:45:00Z,2026-07-11T13:45:00+0200,47098.982851,MW,DE,DE_LU,forecast_load,Forecasted Load,2026-07-27T20:08:22Z
2026-07-27T20:06:34Z,2026-07-27T22:06:34+0200,cc602197-a7f8-43dc-ae7f-8e28dc2e9571,2026-07-11T12:00:00Z,2026-07-11T14:00:00+0200,46630.409076,MW,DE,DE_LU,forecast_load,Forecasted Load,2026-07-27T20:08:22Z
2026-07-27T20:06:34Z,2026-07-27T22:06:34+0200,cc602197-a7f8-43dc-ae7f-8e28dc2e9571,2026-07-11T12:15:00Z,2026-07-11T14:15:00+0200,46303.10072,MW,DE,DE_LU,forecast_load,Forecasted Load,2026-07-27T20:08:22Z
2026-07-27T20:06:34Z,2026-07-27T22:06:34+0200,cc602197-a7f8-43dc-ae7f-8e28dc2e9571,2026-07-11T12:30:00Z,2026-07-11T14:30:00+0200,46208.734386,MW,DE,DE_LU,forecast_load,Forecasted Load,2026-07-27T20:08:22Z
2026-07-27T20:06:34Z,2026-07-27T22:06:34+0200,cc602197-a7f8-43dc-ae7f-8e28dc2e9571,2026-07-11T12:45:00Z,2026-07-11T14:45:00+0200,45932.178015,MW,DE,DE_LU,forecast_load,Forecasted Load,2026-07-27T20:08:22Z
2026-07-27T20:06:34Z,2026-07-27T22:06:34+0200,cc602197-a7f8-43dc-ae7f-8e28dc2e9571,2026-07-11T13:00:00Z,2026-07-11T15:00:00+0200,45922.959651,MW,DE,DE_LU,forecast_load,Forecasted Load,2026-07-27T20:08:22Z
2026-07-27T20:06:34Z,2026-07-27T22:06:34+0200,cc602197-a7f8-43dc-ae7f-8e28dc2e9571,2026-07-11T13:15:00Z,2026-07-11T15:15:00+0200,45810.198859,MW,DE,DE_LU,forecast_load,Forecasted Load,2026-07-27T20:08:22Z
2026-07-27T20:06:34Z,2026-07-27T22:06:34+0200,cc602197-a7f8-43dc-ae7f-8e28dc2e9571,2026-07-11T13:30:00Z,2026-07-11T15:30:00+0200,45684.690431,MW,DE,DE_LU,forecast_load,Forecasted Load,2026-07-27T20:08:22Z
2026-07-27T20:06:34Z,2026-07-27T22:06:34+0200,cc602197-a7f8-43dc-ae7f-8e28dc2e9571,2026-07-11T13:45:00Z,2026-07-11T15:45:00+0200,45327.955543,MW,DE,DE_LU,forecast_load,Forecasted Load,2026-07-27T20:08:22Z
2026-07-27T20:06:34Z,2026-07-27T22:06:34+0200,cc602197-a7f8-43dc-ae7f-8e28dc2e9571,2026-07-11T14:00:00Z,2026-07-11T16:00:00+0200,45719.782422,MW,DE,DE_LU,forecast_load,Forecasted Load,2026-07-27T20:08:22Z
2026-07-27T20:06:34Z,2026-07-27T22:06:34+0200,cc602197-a7f8-43dc-ae7f-8e28dc2e9571,2026-07-11T14:15:00Z,2026-07-11T16:15:00+0200,45359.554019,MW,DE,DE_LU,forecast_load,Forecasted Load,2026-07-27T20:08:22Z
2026-07-27T20:06:34Z,2026-07-27T22:06:34+0200,cc602197-a7f8-43dc-ae7f-8e28dc2e9571,2026-07-11T14:30:00Z,2026-07-11T16:30:00+0200,45314.790453,MW,DE,DE_LU,forecast_load,Forecasted Load,2026-07-27T20:08:22Z
2026-07-27T20:06:34Z,2026-07-27T22:06:34+0200,cc602197-a7f8-43dc-ae7f-8e28dc2e9571,2026-07-11T14:45:00Z,2026-07-11T16:45:00+0200,45206.743092,MW,DE,DE_LU,forecast_load,Forecasted Load,2026-07-27T20:08:22Z
2026-07-27T20:06:34Z,2026-07-27T22:06:34+0200,cc602197-a7f8-43dc-ae7f-8e28dc2e9571,2026-07-11T15:00:00Z,2026-07-11T17:00:00+0200,46188.48958,MW,DE,DE_LU,forecast_load,Forecasted Load,2026-07-27T20:08:22Z
2026-07-27T20:06:34Z,2026-07-27T22:06:34+0200,cc602197-a7f8-43dc-ae7f-8e28dc2e9571,2026-07-11T15:15:00Z,2026-07-11T17:15:00+0200,45785.480385,MW,DE,DE_LU,forecast_load,Forecasted Load,2026-07-27T20:08:22Z
2026-07-27T20:06:34Z,2026-07-27T22:06:34+0200,cc602197-a7f8-43dc-ae7f-8e28dc2e9571,2026-07-11T15:30:00Z,2026-07-11T17:30:00+0200,46233.65045,MW,DE,DE_LU,forecast_load,Forecasted Load,2026-07-27T20:08:22Z
2026-07-27T20:06:34Z,2026-07-27T22:06:34+0200,cc602197-a7f8-43dc-ae7f-8e28dc2e9571,2026-07-11T15:45:00Z,2026-07-11T17:45:00+0200,46766.296145,MW,DE,DE_LU,forecast_load,Forecasted Load,2026-07-27T20:08:22Z
2026-07-27T20:06:34Z,2026-07-27T22:06:34+0200,cc602197-a7f8-43dc-ae7f-8e28dc2e9571,2026-07-11T16:00:00Z,2026-07-11T18:00:00+0200,47343.936466,MW,DE,DE_LU,forecast_load,Forecasted Load,2026-07-27T20:08:22Z
2026-07-27T20:06:34Z,2026-07-27T22:06:34+0200,cc602197-a7f8-43dc-ae7f-8e28dc2e9571,2026-07-11T16:15:00Z,2026-07-11T18:15:00+0200,47691.223845,MW,DE,DE_LU,forecast_load,Forecasted Load,2026-07-27T20:08:22Z
2026-07-27T20:06:34Z,2026-07-27T22:06:34+0200,cc602197-a7f8-43dc-ae7f-8e28dc2e9571,2026-07-11T16:30:00Z,2026-07-11T18:30:00+0200,48357.402649,MW,DE,DE_LU,forecast_load,Forecasted Load,2026-07-27T20:08:22Z
2026-07-27T20:06:34Z,2026-07-27T22:06:34+0200,cc602197-a7f8-43dc-ae7f-8e28dc2e9571,2026-07-11T16:45:00Z,2026-07-11T18:45:00+0200,48400.61756,MW,DE,DE_LU,forecast_load,Forecasted Load,2026-07-27T20:08:22Z
2026-07-27T20:06:34Z,2026-07-27T22:06:34+0200,cc602197-a7f8-43dc-ae7f-8e28dc2e9571,2026-07-11T17:00:00Z,2026-07-11T19:00:00+0200,48475.79078,MW,DE,DE_LU,forecast_load,Forecasted Load,2026-07-27T20:08:22Z
2026-07-27T20:06:34Z,2026-07-27T22:06:34+0200,cc602197-a7f8-43dc-ae7f-8e28dc2e9571,2026-07-11T17:15:00Z,2026-07-11T19:15:00+0200,48356.346902,MW,DE,DE_LU,forecast_load,Forecasted Load,2026-07-27T20:08:22Z
2026-07-27T20:06:34Z,2026-07-27T22:06:34+0200,cc602197-a7f8-43dc-ae7f-8e28dc2e9571,2026-07-11T17:30:00Z,2026-07-11T19:30:00+0200,47918.690685,MW,DE,DE_LU,forecast_load,Forecasted Load,2026-07-27T20:08:22Z
2026-07-27T20:06:34Z,2026-07-27T22:06:34+0200,cc602197-a7f8-43dc-ae7f-8e28dc2e9571,2026-07-11T17:45:00Z,2026-07-11T19:45:00+0200,47587.811776,MW,DE,DE_LU,forecast_load,Forecasted Load,2026-07-27T20:08:22Z
2026-07-27T20:06:34Z,2026-07-27T22:06:34+0200,cc602197-a7f8-43dc-ae7f-8e28dc2e9571,2026-07-11T18:00:00Z,2026-07-11T20:00:00+0200,47643.593049,MW,DE,DE_LU,forecast_load,Forecasted Load,2026-07-27T20:08:22Z
2026-07-27T20:06:34Z,2026-07-27T22:06:34+0200,cc602197-a7f8-43dc-ae7f-8e28dc2e9571,2026-07-11T18:15:00Z,2026-07-11T20:15:00+0200,47300.563556,MW,DE,DE_LU,forecast_load,Forecasted Load,2026-07-27T20:08:22Z
2026-07-27T20:06:34Z,2026-07-27T22:06:34+0200,cc602197-a7f8-43dc-ae7f-8e28dc2e9571,2026-07-11T18:30:00Z,2026-07-11T20:30:00+0200,46881.97293,MW,DE,DE_LU,forecast_load,Forecasted Load,2026-07-27T20:08:22Z
2026-07-27T20:06:34Z,2026-07-27T22:06:34+0200,cc602197-a7f8-43dc-ae7f-8e28dc2e9571,2026-07-11T18:45:00Z,2026-07-11T20:45:00+0200,46413.560882,MW,DE,DE_LU,forecast_load,Forecasted Load,2026-07-27T20:08:22Z
2026-07-27T20:06:34Z,2026-07-27T22:06:34+0200,cc602197-a7f8-43dc-ae7f-8e28dc2e9571,2026-07-11T19:00:00Z,2026-07-11T21:00:00+0200,45863.483723,MW,DE,DE_LU,forecast_load,Forecasted Load,2026-07-27T20:08:22Z
2026-07-27T20:06:34Z,2026-07-27T22:06:34+0200,cc602197-a7f8-43dc-ae7f-8e28dc2e9571,2026-07-11T19:15:00Z,2026-07-11T21:15:00+0200,45519.008517,MW,DE,DE_LU,forecast_load,Forecasted Load,2026-07-27T20:08:22Z
2026-07-27T20:06:34Z,2026-07-27T22:06:34+0200,cc602197-a7f8-43dc-ae7f-8e28dc2e9571,2026-07-11T19:30:00Z,2026-07-11T21:30:00+0200,44979.685203,MW,DE,DE_LU,forecast_load,Forecasted Load,2026-07-27T20:08:22Z
2026-07-27T20:06:34Z,2026-07-27T22:06:34+0200,cc602197-a7f8-43dc-ae7f-8e28dc2e9571,2026-07-11T19:45:00Z,2026-07-11T21:45:00+0200,44969.869563,MW,DE,DE_LU,forecast_load,Forecasted Load,2026-07-27T20:08:22Z
2026-07-27T20:06:34Z,2026-07-27T22:06:34+0200,cc602197-a7f8-43dc-ae7f-8e28dc2e9571,2026-07-11T20:00:00Z,2026-07-11T22:00:00+0200,44635.972357,MW,DE,DE_LU,forecast_load,Forecasted Load,2026-07-27T20:08:22Z
2026-07-27T20:06:34Z,2026-07-27T22:06:34+0200,cc602197-a7f8-43dc-ae7f-8e28dc2e9571,2026-07-11T20:15:00Z,2026-07-11T22:15:00+0200,44090.259311,MW,DE,DE_LU,forecast_load,Forecasted Load,2026-07-27T20:08:22Z
2026-07-27T20:06:34Z,2026-07-27T22:06:34+0200,cc602197-a7f8-43dc-ae7f-8e28dc2e9571,2026-07-11T20:30:00Z,2026-07-11T22:30:00+0200,43640.971932,MW,DE,DE_LU,forecast_load,Forecasted Load,2026-07-27T20:08:22Z
2026-07-27T20:06:34Z,2026-07-27T22:06:34+0200,cc602197-a7f8-43dc-ae7f-8e28dc2e9571,2026-07-11T20:45:00Z,2026-07-11T22:45:00+0200,43257.634416,MW,DE,DE_LU,forecast_load,Forecasted Load,2026-07-27T20:08:22Z
2026-07-27T20:06:34Z,2026-07-27T22:06:34+0200,cc602197-a7f8-43dc-ae7f-8e28dc2e9571,2026-07-11T21:00:00Z,2026-07-11T23:00:00+0200,42611.518686,MW,DE,DE_LU,forecast_load,Forecasted Load,2026-07-27T20:08:22Z
2026-07-27T20:06:34Z,2026-07-27T22:06:34+0200,cc602197-a7f8-43dc-ae7f-8e28dc2e9571,2026-07-11T21:15:00Z,2026-07-11T23:15:00+0200,42050.101818,MW,DE,DE_LU,forecast_load,Forecasted Load,2026-07-27T20:08:22Z
2026-07-27T20:06:34Z,2026-07-27T22:06:34+0200,cc602197-a7f8-43dc-ae7f-8e28dc2e9571,2026-07-11T21:30:00Z,2026-07-11T23:30:00+0200,41518.817468,MW,DE,DE_LU,forecast_load,Forecasted Load,2026-07-27T20:08:22Z
2026-07-27T20:06:34Z,2026-07-27T22:06:34+0200,cc602197-a7f8-43dc-ae7f-8e28dc2e9571,2026-07-11T21:45:00Z,2026-07-11T23:45:00+0200,41009.969463,MW,DE,DE_LU,forecast_load,Forecasted Load,2026-07-27T20:08:22Z
2026-07-27T20:06:34Z,2026-07-27T22:06:34+0200,cc602197-a7f8-43dc-ae7f-8e28dc2e9571,2026-07-11T22:00:00Z,2026-07-12T00:00:00+0200,41703.086759,MW,DE,DE_LU,forecast_load,Forecasted Load,2026-07-27T20:08:22Z
2026-07-27T20:06:34Z,2026-07-27T22:06:34+0200,cc602197-a7f8-43dc-ae7f-8e28dc2e9571,2026-07-11T22:15:00Z,2026-07-12T00:15:00+0200,41121.584713,MW,DE,DE_LU,forecast_load,Forecasted Load,2026-07-27T20:08:22Z
2026-07-27T20:06:34Z,2026-07-27T22:06:34+0200,cc602197-a7f8-43dc-ae7f-8e28dc2e9571,2026-07-11T22:30:00Z,2026-07-12T00:30:00+0200,40695.610736,MW,DE,DE_LU,forecast_load,Forecasted Load,2026-07-27T20:08:22Z
2026-07-27T20:06:34Z,2026-07-27T22:06:34+0200,cc602197-a7f8-43dc-ae7f-8e28dc2e9571,2026-07-11T22:45:00Z,2026-07-12T00:45:00+0200,40196.9806,MW,DE,DE_LU,forecast_load,Forecasted Load,2026-07-27T20:08:22Z
2026-07-27T20:06:34Z,2026-07-27T22:06:34+0200,cc602197-a7f8-43dc-ae7f-8e28dc2e9571,2026-07-11T23:00:00Z,2026-07-12T01:00:00+0200,39810.426513,MW,DE,DE_LU,forecast_load,Forecasted Load,2026-07-27T20:08:22Z
2026-07-27T20:06:34Z,2026-07-27T22:06:34+0200,cc602197-a7f8-43dc-ae7f-8e28dc2e9571,2026-07-11T23:15:00Z,2026-07-12T01:15:00+0200,39431.431828,MW,DE,DE_LU,forecast_load,Forecasted Load,2026-07-27T20:08:22Z
2026-07-27T20:06:34Z,2026-07-27T22:06:34+0200,cc602197-a7f8-43dc-ae7f-8e28dc2e9571,2026-07-11T23:30:00Z,2026-07-12T01:30:00+0200,39125.036527,MW,DE,DE_LU,forecast_load,Forecasted Load,2026-07-27T20:08:22Z
2026-07-27T20:06:34Z,2026-07-27T22:06:34+0200,cc602197-a7f8-43dc-ae7f-8e28dc2e9571,2026-07-11T23:45:00Z,2026-07-12T01:45:00+0200,38849.548884,MW,DE,DE_LU,forecast_load,Forecasted Load,2026-07-27T20:08:22Z
2026-07-27T20:06:34Z,2026-07-27T22:06:34+0200,cc602197-a7f8-43dc-ae7f-8e28dc2e9571,2026-07-12T00:00:00Z,2026-07-12T02:00:00+0200,38693.837004,MW,DE,DE_LU,forecast_load,Forecasted Load,2026-07-27T20:08:22Z
2026-07-27T20:06:34Z,2026-07-27T22:06:34+0200,cc602197-a7f8-43dc-ae7f-8e28dc2e9571,2026-07-12T00:15:00Z,2026-07-12T02:15:00+0200,38253.386782,MW,DE,DE_LU,forecast_load,Forecasted Load,2026-07-27T20:08:22Z
2026-07-27T20:06:34Z,2026-07-27T22:06:34+0200,cc602197-a7f8-43dc-ae7f-8e28dc2e9571,2026-07-12T00:30:00Z,2026-07-12T02:30:00+0200,38163.371146,MW,DE,DE_LU,forecast_load,Forecasted Load,2026-07-27T20:08:22Z
2026-07-27T20:06:34Z,2026-07-27T22:06:34+0200,cc602197-a7f8-43dc-ae7f-8e28dc2e9571,2026-07-12T00:45:00Z,2026-07-12T02:45:00+0200,38151.674421,MW,DE,DE_LU,forecast_load,Forecasted Load,2026-07-27T20:08:22Z
2026-07-27T20:06:34Z,2026-07-27T22:06:34+0200,cc602197-a7f8-43dc-ae7f-8e28dc2e9571,2026-07-12T01:00:00Z,2026-07-12T03:00:00+0200,38076.008825,MW,DE,DE_LU,forecast_load,Forecasted Load,2026-07-27T20:08:22Z
2026-07-27T20:06:34Z,2026-07-27T22:06:34+0200,cc602197-a7f8-43dc-ae7f-8e28dc2e9571,2026-07-12T01:15:00Z,2026-07-12T03:15:00+0200,37853.839776,MW,DE,DE_LU,forecast_load,Forecasted Load,2026-07-27T20:08:22Z
2026-07-27T20:06:34Z,2026-07-27T22:06:34+0200,cc602197-a7f8-43dc-ae7f-8e28dc2e9571,2026-07-12T01:30:00Z,2026-07-12T03:30:00+0200,37647.879399,MW,DE,DE_LU,forecast_load,Forecasted Load,2026-07-27T20:08:22Z
2026-07-27T20:06:34Z,2026-07-27T22:06:34+0200,cc602197-a7f8-43dc-ae7f-8e28dc2e9571,2026-07-12T01:45:00Z,2026-07-12T03:45:00+0200,37674.806462,MW,DE,DE_LU,forecast_load,Forecasted Load,2026-07-27T20:08:22Z
2026-07-27T20:06:34Z,2026-07-27T22:06:34+0200,cc602197-a7f8-43dc-ae7f-8e28dc2e9571,2026-07-12T02:00:00Z,2026-07-12T04:00:00+0200,37694.969432,MW,DE,DE_LU,forecast_load,Forecasted Load,2026-07-27T20:08:22Z
2026-07-27T20:06:34Z,2026-07-27T22:06:34+0200,cc602197-a7f8-43dc-ae7f-8e28dc2e9571,2026-07-12T02:15:00Z,2026-07-12T04:15:00+0200,37685.273649,MW,DE,DE_LU,forecast_load,Forecasted Load,2026-07-27T20:08:22Z
2026-07-27T20:06:34Z,2026-07-27T22:06:34+0200,cc602197-a7f8-43dc-ae7f-8e28dc2e9571,2026-07-12T02:30:00Z,2026-07-12T04:30:00+0200,37846.410605,MW,DE,DE_LU,forecast_load,Forecasted Load,2026-07-27T20:08:22Z
2026-07-27T20:06:34Z,2026-07-27T22:06:34+0200,cc602197-a7f8-43dc-ae7f-8e28dc2e9571,2026-07-12T02:45:00Z,2026-07-12T04:45:00+0200,38049.207209,MW,DE,DE_LU,forecast_load,Forecasted Load,2026-07-27T20:08:22Z
2026-07-27T20:06:34Z,2026-07-27T22:06:34+0200,cc602197-a7f8-43dc-ae7f-8e28dc2e9571,2026-07-12T03:00:00Z,2026-07-12T05:00:00+0200,38173.910668,MW,DE,DE_LU,forecast_load,Forecasted Load,2026-07-27T20:08:22Z
2026-07-27T20:06:34Z,2026-07-27T22:06:34+0200,cc602197-a7f8-43dc-ae7f-8e28dc2e9571,2026-07-12T03:15:00Z,2026-07-12T05:15:00+0200,37867.298503,MW,DE,DE_LU,forecast_load,Forecasted Load,2026-07-27T20:08:22Z
2026-07-27T20:06:34Z,2026-07-27T22:06:34+0200,cc602197-a7f8-43dc-ae7f-8e28dc2e9571,2026-07-12T03:30:00Z,2026-07-12T05:30:00+0200,38278.295956,MW,DE,DE_LU,forecast_load,Forecasted Load,2026-07-27T20:08:22Z
2026-07-27T20:06:34Z,2026-07-27T22:06:34+0200,cc602197-a7f8-43dc-ae7f-8e28dc2e9571,2026-07-12T03:45:00Z,2026-07-12T05:45:00+0200,38340.777761,MW,DE,DE_LU,forecast_load,Forecasted Load,2026-07-27T20:08:22Z
2026-07-27T20:06:34Z,2026-07-27T22:06:34+0200,cc602197-a7f8-43dc-ae7f-8e28dc2e9571,2026-07-12T04:00:00Z,2026-07-12T06:00:00+0200,39330.247725,MW,DE,DE_LU,forecast_load,Forecasted Load,2026-07-27T20:08:22Z
2026-07-27T20:06:34Z,2026-07-27T22:06:34+0200,cc602197-a7f8-43dc-ae7f-8e28dc2e9571,2026-07-12T04:15:00Z,2026-07-12T06:15:00+0200,39548.830617,MW,DE,DE_LU,forecast_load,Forecasted Load,2026-07-27T20:08:22Z
2026-07-27T20:06:34Z,2026-07-27T22:06:34+0200,cc602197-a7f8-43dc-ae7f-8e28dc2e9571,2026-07-12T04:30:00Z,2026-07-12T06:30:00+0200,40072.938331,MW,DE,DE_LU,forecast_load,Forecasted Load,2026-07-27T20:08:22Z
2026-07-27T20:06:34Z,2026-07-27T22:06:34+0200,cc602197-a7f8-43dc-ae7f-8e28dc2e9571,2026-07-12T04:45:00Z,2026-07-12T06:45:00+0200,40753.945183,MW,DE,DE_LU,forecast_load,Forecasted Load,2026-07-27T20:08:22Z
2026-07-27T20:06:34Z,2026-07-27T22:06:34+0200,cc602197-a7f8-43dc-ae7f-8e28dc2e9571,2026-07-12T05:00:00Z,2026-07-12T07:00:00+0200,41206.106801,MW,DE,DE_LU,forecast_load,Forecasted Load,2026-07-27T20:08:22Z
2026-07-27T20:06:34Z,2026-07-27T22:06:34+0200,cc602197-a7f8-43dc-ae7f-8e28dc2e9571,2026-07-12T05:15:00Z,2026-07-12T07:15:00+0200,41851.196621,MW,DE,DE_LU,forecast_load,Forecasted Load,2026-07-27T20:08:22Z
2026-07-27T20:06:34Z,2026-07-27T22:06:34+0200,cc602197-a7f8-43dc-ae7f-8e28dc2e9571,2026-07-12T05:30:00Z,2026-07-12T07:30:00+0200,42660.487377,MW,DE,DE_LU,forecast_load,Forecasted Load,2026-07-27T20:08:22Z
2026-07-27T20:06:34Z,2026-07-27T22:06:34+0200,cc602197-a7f8-43dc-ae7f-8e28dc2e9571,2026-07-12T05:45:00Z,2026-07-12T07:45:00+0200,43422.296678,MW,DE,DE_LU,forecast_load,Forecasted Load,2026-07-27T20:08:22Z
2026-07-27T20:06:34Z,2026-07-27T22:06:34+0200,cc602197-a7f8-43dc-ae7f-8e28dc2e9571,2026-07-12T06:00:00Z,2026-07-12T08:00:00+0200,43609.098213,MW,DE,DE_LU,forecast_load,Forecasted Load,2026-07-27T20:08:22Z
2026-07-27T20:06:34Z,2026-07-27T22:06:34+0200,cc602197-a7f8-43dc-ae7f-8e28dc2e9571,2026-07-12T06:15:00Z,2026-07-12T08:15:00+0200,44353.337638,MW,DE,DE_LU,forecast_load,Forecasted Load,2026-07-27T20:08:22Z
2026-07-27T20:06:34Z,2026-07-27T22:06:34+0200,cc602197-a7f8-43dc-ae7f-8e28dc2e9571,2026-07-12T06:30:00Z,2026-07-12T08:30:00+0200,44921.921881,MW,DE,DE_LU,forecast_load,Forecasted Load,2026-07-27T20:08:22Z
2026-07-27T20:06:34Z,2026-07-27T22:06:34+0200,cc602197-a7f8-43dc-ae7f-8e28dc2e9571,2026-07-12T06:45:00Z,2026-07-12T08:45:00+0200,45462.849004,MW,DE,DE_LU,forecast_load,Forecasted Load,2026-07-27T20:08:22Z
2026-07-27T20:06:34Z,2026-07-27T22:06:34+0200,cc602197-a7f8-43dc-ae7f-8e28dc2e9571,2026-07-12T07:00:00Z,2026-07-12T09:00:00+0200,45733.894884,MW,DE,DE_LU,forecast_load,Forecasted Load,2026-07-27T20:08:22Z
2026-07-27T20:06:34Z,2026-07-27T22:06:34+0200,cc602197-a7f8-43dc-ae7f-8e28dc2e9571,2026-07-12T07:15:00Z,2026-07-12T09:15:00+0200,46226.275656,MW,DE,DE_LU,forecast_load,Forecasted Load,2026-07-27T20:08:22Z
2026-07-27T20:06:34Z,2026-07-27T22:06:34+0200,cc602197-a7f8-43dc-ae7f-8e28dc2e9571,2026-07-12T07:30:00Z,2026-07-12T09:30:00+0200,46286.052286,MW,DE,DE_LU,forecast_load,Forecasted Load,2026-07-27T20:08:22Z
2026-07-27T20:06:34Z,2026-07-27T22:06:34+0200,cc602197-a7f8-43dc-ae7f-8e28dc2e9571,2026-07-12T07:45:00Z,2026-07-12T09:45:00+0200,47049.912431,MW,DE,DE_LU,forecast_load,Forecasted Load,2026-07-27T20:08:22Z
2026-07-27T20:06:34Z,2026-07-27T22:06:34+0200,cc602197-a7f8-43dc-ae7f-8e28dc2e9571,2026-07-12T08:00:00Z,2026-07-12T10:00:00+0200,46799.453028,MW,DE,DE_LU,forecast_load,Forecasted Load,2026-07-27T20:08:22Z
2026-07-27T20:06:34Z,2026-07-27T22:06:34+0200,cc602197-a7f8-43dc-ae7f-8e28dc2e9571,2026-07-12T08:15:00Z,2026-07-12T10:15:00+0200,47358.987347,MW,DE,DE_LU,forecast_load,Forecasted Load,2026-07-27T20:08:22Z
2026-07-27T20:06:34Z,2026-07-27T22:06:34+0200,cc602197-a7f8-43dc-ae7f-8e28dc2e9571,2026-07-12T08:30:00Z,2026-07-12T10:30:00+0200,47347.050808,MW,DE,DE_LU,forecast_load,Forecasted Load,2026-07-27T20:08:22Z
2026-07-27T20:06:34Z,2026-07-27T22:06:34+0200,cc602197-a7f8-43dc-ae7f-8e28dc2e9571,2026-07-12T08:45:00Z,2026-07-12T10:45:00+0200,47595.436061,MW,DE,DE_LU,forecast_load,Forecasted Load,2026-07-27T20:08:22Z
2026-07-27T20:06:34Z,2026-07-27T22:06:34+0200,cc602197-a7f8-43dc-ae7f-8e28dc2e9571,2026-07-12T09:00:00Z,2026-07-12T11:00:00+0200,47849.569091,MW,DE,DE_LU,forecast_load,Forecasted Load,2026-07-27T20:08:22Z
2026-07-27T20:06:34Z,2026-07-27T22:06:34+0200,cc602197-a7f8-43dc-ae7f-8e28dc2e9571,2026-07-12T09:15:00Z,2026-07-12T11:15:00+0200,47703.155167,MW,DE,DE_LU,forecast_load,Forecasted Load,2026-07-27T20:08:22Z
2026-07-27T20:06:34Z,2026-07-27T22:06:34+0200,cc602197-a7f8-43dc-ae7f-8e28dc2e9571,2026-07-12T09:30:00Z,2026-07-12T11:30:00+0200,47818.538292,MW,DE,DE_LU,forecast_load,Forecasted Load,2026-07-27T20:08:22Z
2026-07-27T20:06:34Z,2026-07-27T22:06:34+0200,cc602197-a7f8-43dc-ae7f-8e28dc2e9571,2026-07-12T09:45:00Z,2026-07-12T11:45:00+0200,47646.381666,MW,DE,DE_LU,forecast_load,Forecasted Load,2026-07-27T20:08:22Z
2026-07-27T20:06:34Z,2026-07-27T22:06:34+0200,cc602197-a7f8-43dc-ae7f-8e28dc2e9571,2026-07-12T10:00:00Z,2026-07-12T12:00:00+0200,47247.739059,MW,DE,DE_LU,forecast_load,Forecasted Load,2026-07-27T20:08:22Z
2026-07-27T20:06:34Z,2026-07-27T22:06:34+0200,cc602197-a7f8-43dc-ae7f-8e28dc2e9571,2026-07-12T10:15:00Z,2026-07-12T12:15:00+0200,46888.668532,MW,DE,DE_LU,forecast_load,Forecasted Load,2026-07-27T20:08:22Z
2026-07-27T20:06:34Z,2026-07-27T22:06:34+0200,cc602197-a7f8-43dc-ae7f-8e28dc2e9571,2026-07-12T10:30:00Z,2026-07-12T12:30:00+0200,46827.015244,MW,DE,DE_LU,forecast_load,Forecasted Load,2026-07-27T20:08:22Z
2026-07-27T20:06:34Z,2026-07-27T22:06:34+0200,cc602197-a7f8-43dc-ae7f-8e28dc2e9571,2026-07-12T10:45:00Z,2026-07-12T12:45:00+0200,46736.445855,MW,DE,DE_LU,forecast_load,Forecasted Load,2026-07-27T20:08:22Z
2026-07-27T20:06:34Z,2026-07-27T22:06:34+0200,cc602197-a7f8-43dc-ae7f-8e28dc2e9571,2026-07-12T11:00:00Z,2026-07-12T13:00:00+0200,46416.771723,MW,DE,DE_LU,forecast_load,Forecasted Load,2026-07-27T20:08:22Z
2026-07-27T20:06:34Z,2026-07-27T22:06:34+0200,cc602197-a7f8-43dc-ae7f-8e28dc2e9571,2026-07-12T11:15:00Z,2026-07-12T13:15:00+0200,46520.314574,MW,DE,DE_LU,forecast_load,Forecasted Load,2026-07-27T20:08:22Z
2026-07-27T20:06:34Z,2026-07-27T22:06:34+0200,cc602197-a7f8-43dc-ae7f-8e28dc2e9571,2026-07-12T11:30:00Z,2026-07-12T13:30:00+0200,46102.527572,MW,DE,DE_LU,forecast_load,Forecasted Load,2026-07-27T20:08:22Z
2026-07-27T20:06:34Z,2026-07-27T22:06:34+0200,cc602197-a7f8-43dc-ae7f-8e28dc2e9571,2026-07-12T11:45:00Z,2026-07-12T13:45:00+0200,46028.712274,MW,DE,DE_LU,forecast_load,Forecasted Load,2026-07-27T20:08:22Z
2026-07-27T20:06:34Z,2026-07-27T22:06:34+0200,cc602197-a7f8-43dc-ae7f-8e28dc2e9571,2026-07-12T12:00:00Z,2026-07-12T14:00:00+0200,45640.399409,MW,DE,DE_LU,forecast_load,Forecasted Load,2026-07-27T20:08:22Z
2026-07-27T20:06:34Z,2026-07-27T22:06:34+0200,cc602197-a7f8-43dc-ae7f-8e28dc2e9571,2026-07-12T12:15:00Z,2026-07-12T14:15:00+0200,45578.550475,MW,DE,DE_LU,forecast_load,Forecasted Load,2026-07-27T20:08:22Z
2026-07-27T20:06:34Z,2026-07-27T22:06:34+0200,cc602197-a7f8-43dc-ae7f-8e28dc2e9571,2026-07-12T12:30:00Z,2026-07-12T14:30:00+0200,45395.821601,MW,DE,DE_LU,forecast_load,Forecasted Load,2026-07-27T20:08:22Z
2026-07-27T20:06:34Z,2026-07-27T22:06:34+0200,cc602197-a7f8-43dc-ae7f-8e28dc2e9571,2026-07-12T12:45:00Z,2026-07-12T14:45:00+0200,45230.816088,MW,DE,DE_LU,forecast_load,Forecasted Load,2026-07-27T20:08:22Z
2026-07-27T20:06:34Z,2026-07-27T22:06:34+0200,cc602197-a7f8-43dc-ae7f-8e28dc2e9571,2026-07-12T13:00:00Z,2026-07-12T15:00:00+0200,45341.96754,MW,DE,DE_LU,forecast_load,Forecasted Load,2026-07-27T20:08:22Z
2026-07-27T20:06:34Z,2026-07-27T22:06:34+0200,cc602197-a7f8-43dc-ae7f-8e28dc2e9571,2026-07-12T13:15:00Z,2026-07-12T15:15:00+0200,45114.541408,MW,DE,DE_LU,forecast_load,Forecasted Load,2026-07-27T20:08:22Z
2026-07-27T20:06:34Z,2026-07-27T22:06:34+0200,cc602197-a7f8-43dc-ae7f-8e28dc2e9571,2026-07-12T13:30:00Z,2026-07-12T15:30:00+0200,45064.571647,MW,DE,DE_LU,forecast_load,Forecasted Load,2026-07-27T20:08:22Z
2026-07-27T20:06:34Z,2026-07-27T22:06:34+0200,cc602197-a7f8-43dc-ae7f-8e28dc2e9571,2026-07-12T13:45:00Z,2026-07-12T15:45:00+0200,45001.616099,MW,DE,DE_LU,forecast_load,Forecasted Load,2026-07-27T20:08:22Z
2026-07-27T20:06:34Z,2026-07-27T22:06:34+0200,cc602197-a7f8-43dc-ae7f-8e28dc2e9571,2026-07-12T14:00:00Z,2026-07-12T16:00:00+0200,45528.17593,MW,DE,DE_LU,forecast_load,Forecasted Load,2026-07-27T20:08:22Z
2026-07-27T20:06:34Z,2026-07-27T22:06:34+0200,cc602197-a7f8-43dc-ae7f-8e28dc2e9571,2026-07-12T14:15:00Z,2026-07-12T16:15:00+0200,46074.321046,MW,DE,DE_LU,forecast_load,Forecasted Load,2026-07-27T20:08:22Z
2026-07-27T20:06:34Z,2026-07-27T22:06:34+0200,cc602197-a7f8-43dc-ae7f-8e28dc2e9571,2026-07-12T14:30:00Z,2026-07-12T16:30:00+0200,46109.389211,MW,DE,DE_LU,forecast_load,Forecasted Load,2026-07-27T20:08:22Z
2026-07-27T20:06:34Z,2026-07-27T22:06:34+0200,cc602197-a7f8-43dc-ae7f-8e28dc2e9571,2026-07-12T14:45:00Z,2026-07-12T16:45:00+0200,46623.755716,MW,DE,DE_LU,forecast_load,Forecasted Load,2026-07-27T20:08:22Z
2026-07-27T20:06:34Z,2026-07-27T22:06:34+0200,cc602197-a7f8-43dc-ae7f-8e28dc2e9571,2026-07-12T15:00:00Z,2026-07-12T17:00:00+0200,46907.376304,MW,DE,DE_LU,forecast_load,Forecasted Load,2026-07-27T20:08:22Z
2026-07-27T20:06:34Z,2026-07-27T22:06:34+0200,cc602197-a7f8-43dc-ae7f-8e28dc2e9571,2026-07-12T15:15:00Z,2026-07-12T17:15:00+0200,46905.392603,MW,DE,DE_LU,forecast_load,Forecasted Load,2026-07-27T20:08:22Z
2026-07-27T20:06:34Z,2026-07-27T22:06:34+0200,cc602197-a7f8-43dc-ae7f-8e28dc2e9571,2026-07-12T15:30:00Z,2026-07-12T17:30:00+0200,47147.905254,MW,DE,DE_LU,forecast_load,Forecasted Load,2026-07-27T20:08:22Z
2026-07-27T20:06:34Z,2026-07-27T22:06:34+0200,cc602197-a7f8-43dc-ae7f-8e28dc2e9571,2026-07-12T15:45:00Z,2026-07-12T17:45:00+0200,47712.638926,MW,DE,DE_LU,forecast_load,Forecasted Load,2026-07-27T20:08:22Z
2026-07-27T20:06:34Z,2026-07-27T22:06:34+0200,cc602197-a7f8-43dc-ae7f-8e28dc2e9571,2026-07-12T16:00:00Z,2026-07-12T18:00:00+0200,48409.412589,MW,DE,DE_LU,forecast_load,Forecasted Load,2026-07-27T20:08:22Z
2026-07-27T20:06:34Z,2026-07-27T22:06:34+0200,cc602197-a7f8-43dc-ae7f-8e28dc2e9571,2026-07-12T16:15:00Z,2026-07-12T18:15:00+0200,48526.194584,MW,DE,DE_LU,forecast_load,Forecasted Load,2026-07-27T20:08:22Z
2026-07-27T20:06:34Z,2026-07-27T22:06:34+0200,cc602197-a7f8-43dc-ae7f-8e28dc2e9571,2026-07-12T16:30:00Z,2026-07-12T18:30:00+0200,49193.537919,MW,DE,DE_LU,forecast_load,Forecasted Load,2026-07-27T20:08:22Z
2026-07-27T20:06:34Z,2026-07-27T22:06:34+0200,cc602197-a7f8-43dc-ae7f-8e28dc2e9571,2026-07-12T16:45:00Z,2026-07-12T18:45:00+0200,49612.913463,MW,DE,DE_LU,forecast_load,Forecasted Load,2026-07-27T20:08:22Z
2026-07-27T20:06:34Z,2026-07-27T22:06:34+0200,cc602197-a7f8-43dc-ae7f-8e28dc2e9571,2026-07-12T17:00:00Z,2026-07-12T19:00:00+0200,49896.111144,MW,DE,DE_LU,forecast_load,Forecasted Load,2026-07-27T20:08:22Z
2026-07-27T20:06:34Z,2026-07-27T22:06:34+0200,cc602197-a7f8-43dc-ae7f-8e28dc2e9571,2026-07-12T17:15:00Z,2026-07-12T19:15:00+0200,49831.598171,MW,DE,DE_LU,forecast_load,Forecasted Load,2026-07-27T20:08:22Z
2026-07-27T20:06:34Z,2026-07-27T22:06:34+0200,cc602197-a7f8-43dc-ae7f-8e28dc2e9571,2026-07-12T17:30:00Z,2026-07-12T19:30:00+0200,49759.848378,MW,DE,DE_LU,forecast_load,Forecasted Load,2026-07-27T20:08:22Z
2026-07-27T20:06:34Z,2026-07-27T22:06:34+0200,cc602197-a7f8-43dc-ae7f-8e28dc2e9571,2026-07-12T17:45:00Z,2026-07-12T19:45:00+0200,49443.432164,MW,DE,DE_LU,forecast_load,Forecasted Load,2026-07-27T20:08:22Z
2026-07-27T20:06:34Z,2026-07-27T22:06:34+0200,cc602197-a7f8-43dc-ae7f-8e28dc2e9571,2026-07-12T18:00:00Z,2026-07-12T20:00:00+0200,49513.591625,MW,DE,DE_LU,forecast_load,Forecasted Load,2026-07-27T20:08:22Z
2026-07-27T20:06:34Z,2026-07-27T22:06:34+0200,cc602197-a7f8-43dc-ae7f-8e28dc2e9571,2026-07-12T18:15:00Z,2026-07-12T20:15:00+0200,49253.490372,MW,DE,DE_LU,forecast_load,Forecasted Load,2026-07-27T20:08:22Z
2026-07-27T20:06:34Z,2026-07-27T22:06:34+0200,cc602197-a7f8-43dc-ae7f-8e28dc2e9571,2026-07-12T18:30:00Z,2026-07-12T20:30:00+0200,48898.211907,MW,DE,DE_LU,forecast_load,Forecasted Load,2026-07-27T20:08:22Z
2026-07-27T20:06:34Z,2026-07-27T22:06:34+0200,cc602197-a7f8-43dc-ae7f-8e28dc2e9571,2026-07-12T18:45:00Z,2026-07-12T20:45:00+0200,48492.951957,MW,DE,DE_LU,forecast_load,Forecasted Load,2026-07-27T20:08:22Z
2026-07-27T20:06:34Z,2026-07-27T22:06:34+0200,cc602197-a7f8-43dc-ae7f-8e28dc2e9571,2026-07-12T19:00:00Z,2026-07-12T21:00:00+0200,48271.05222,MW,DE,DE_LU,forecast_load,Forecasted Load,2026-07-27T20:08:22Z
2026-07-27T20:06:34Z,2026-07-27T22:06:34+0200,cc602197-a7f8-43dc-ae7f-8e28dc2e9571,2026-07-12T19:15:00Z,2026-07-12T21:15:00+0200,48123.556377,MW,DE,DE_LU,forecast_load,Forecasted Load,2026-07-27T20:08:22Z
2026-07-27T20:06:34Z,2026-07-27T22:06:34+0200,cc602197-a7f8-43dc-ae7f-8e28dc2e9571,2026-07-12T19:30:00Z,2026-07-12T21:30:00+0200,47774.06457,MW,DE,DE_LU,forecast_load,Forecasted Load,2026-07-27T20:08:22Z
2026-07-27T20:06:34Z,2026-07-27T22:06:34+0200,cc602197-a7f8-43dc-ae7f-8e28dc2e9571,2026-07-12T19:45:00Z,2026-07-12T21:45:00+0200,47637.419537,MW,DE,DE_LU,forecast_load,Forecasted Load,2026-07-27T20:08:22Z
2026-07-27T20:06:34Z,2026-07-27T22:06:34+0200,cc602197-a7f8-43dc-ae7f-8e28dc2e9571,2026-07-12T20:00:00Z,2026-07-12T22:00:00+0200,47188.553669,MW,DE,DE_LU,forecast_load,Forecasted Load,2026-07-27T20:08:22Z
2026-07-27T20:06:34Z,2026-07-27T22:06:34+0200,cc602197-a7f8-43dc-ae7f-8e28dc2e9571,2026-07-12T20:15:00Z,2026-07-12T22:15:00+0200,46808.473428,MW,DE,DE_LU,forecast_load,Forecasted Load,2026-07-27T20:08:22Z
2026-07-27T20:06:34Z,2026-07-27T22:06:34+0200,cc602197-a7f8-43dc-ae7f-8e28dc2e9571,2026-07-12T20:30:00Z,2026-07-12T22:30:00+0200,46424.946894,MW,DE,DE_LU,forecast_load,Forecasted Load,2026-07-27T20:08:22Z
2026-07-27T20:06:34Z,2026-07-27T22:06:34+0200,cc602197-a7f8-43dc-ae7f-8e28dc2e9571,2026-07-12T20:45:00Z,2026-07-12T22:45:00+0200,45905.783936,MW,DE,DE_LU,forecast_load,Forecasted Load,2026-07-27T20:08:22Z
2026-07-27T20:06:34Z,2026-07-27T22:06:34+0200,cc602197-a7f8-43dc-ae7f-8e28dc2e9571,2026-07-12T21:00:00Z,2026-07-12T23:00:00+0200,45198.702644,MW,DE,DE_LU,forecast_load,Forecasted Load,2026-07-27T20:08:22Z
2026-07-27T20:06:34Z,2026-07-27T22:06:34+0200,cc602197-a7f8-43dc-ae7f-8e28dc2e9571,2026-07-12T21:15:00Z,2026-07-12T23:15:00+0200,44597.287923,MW,DE,DE_LU,forecast_load,Forecasted Load,2026-07-27T20:08:22Z
2026-07-27T20:06:34Z,2026-07-27T22:06:34+0200,cc602197-a7f8-43dc-ae7f-8e28dc2e9571,2026-07-12T21:30:00Z,2026-07-12T23:30:00+0200,44094.279256,MW,DE,DE_LU,forecast_load,Forecasted Load,2026-07-27T20:08:22Z
2026-07-27T20:06:34Z,2026-07-27T22:06:34+0200,cc602197-a7f8-43dc-ae7f-8e28dc2e9571,2026-07-12T21:45:00Z,2026-07-12T23:45:00+0200,43600.310388,MW,DE,DE_LU,forecast_load,Forecasted Load,2026-07-27T20:08:22Z
2026-07-27T20:06:34Z,2026-07-27T22:06:34+0200,cc602197-a7f8-43dc-ae7f-8e28dc2e9571,2026-07-12T22:00:00Z,2026-07-13T00:00:00+0200,41999.07137,MW,DE,DE_LU,forecast_load,Forecasted Load,2026-07-27T20:08:22Z
2026-07-27T20:06:34Z,2026-07-27T22:06:34+0200,cc602197-a7f8-43dc-ae7f-8e28dc2e9571,2026-07-12T22:15:00Z,2026-07-13T00:15:00+0200,41585.274499,MW,DE,DE_LU,forecast_load,Forecasted Load,2026-07-27T20:08:22Z
2026-07-27T20:06:34Z,2026-07-27T22:06:34+0200,cc602197-a7f8-43dc-ae7f-8e28dc2e9571,2026-07-12T22:30:00Z,2026-07-13T00:30:00+0200,41416.363389,MW,DE,DE_LU,forecast_load,Forecasted Load,2026-07-27T20:08:22Z
2026-07-27T20:06:34Z,2026-07-27T22:06:34+0200,cc602197-a7f8-43dc-ae7f-8e28dc2e9571,2026-07-12T22:45:00Z,2026-07-13T00:45:00+0200,41065.456387,MW,DE,DE_LU,forecast_load,Forecasted Load,2026-07-27T20:08:22Z
2026-07-27T20:06:34Z,2026-07-27T22:06:34+0200,cc602197-a7f8-43dc-ae7f-8e28dc2e9571,2026-07-12T23:00:00Z,2026-07-13T01:00:00+0200,40885.706799,MW,DE,DE_LU,forecast_load,Forecasted Load,2026-07-27T20:08:22Z
2026-07-27T20:06:34Z,2026-07-27T22:06:34+0200,cc602197-a7f8-43dc-ae7f-8e28dc2e9571,2026-07-12T23:15:00Z,2026-07-13T01:15:00+0200,40565.753481,MW,DE,DE_LU,forecast_load,Forecasted Load,2026-07-27T20:08:22Z
2026-07-27T20:06:34Z,2026-07-27T22:06:34+0200,cc602197-a7f8-43dc-ae7f-8e28dc2e9571,2026-07-12T23:30:00Z,2026-07-13T01:30:00+0200,40415.771651,MW,DE,DE_LU,forecast_load,Forecasted Load,2026-07-27T20:08:22Z
2026-07-27T20:06:34Z,2026-07-27T22:06:34+0200,cc602197-a7f8-43dc-ae7f-8e28dc2e9571,2026-07-12T23:45:00Z,2026-07-13T01:45:00+0200,40048.201521,MW,DE,DE_LU,forecast_load,Forecasted Load,2026-07-27T20:08:22Z
2026-07-27T20:06:34Z,2026-07-27T22:06:34+0200,cc602197-a7f8-43dc-ae7f-8e28dc2e9571,2026-07-13T00:00:00Z,2026-07-13T02:00:00+0200,39984.890318,MW,DE,DE_LU,forecast_load,Forecasted Load,2026-07-27T20:08:22Z
2026-07-27T20:06:34Z,2026-07-27T22:06:34+0200,cc602197-a7f8-43dc-ae7f-8e28dc2e9571,2026-07-13T00:15:00Z,2026-07-13T02:15:00+0200,39901.245606,MW,DE,DE_LU,forecast_load,Forecasted Load,2026-07-27T20:08:22Z
2026-07-27T20:06:34Z,2026-07-27T22:06:34+0200,cc602197-a7f8-43dc-ae7f-8e28dc2e9571,2026-07-13T00:30:00Z,2026-07-13T02:30:00+0200,39802.546784,MW,DE,DE_LU,forecast_load,Forecasted Load,2026-07-27T20:08:22Z
2026-07-27T20:06:34Z,2026-07-27T22:06:34+0200,cc602197-a7f8-43dc-ae7f-8e28dc2e9571,2026-07-13T00:45:00Z,2026-07-13T02:45:00+0200,39764.918469,MW,DE,DE_LU,forecast_load,Forecasted Load,2026-07-27T20:08:22Z
2026-07-27T20:06:34Z,2026-07-27T22:06:34+0200,cc602197-a7f8-43dc-ae7f-8e28dc2e9571,2026-07-13T01:00:00Z,2026-07-13T03:00:00+0200,39811.553295,MW,DE,DE_LU,forecast_load,Forecasted Load,2026-07-27T20:08:22Z
2026-07-27T20:06:34Z,2026-07-27T22:06:34+0200,cc602197-a7f8-43dc-ae7f-8e28dc2e9571,2026-07-13T01:15:00Z,2026-07-13T03:15:00+0200,39786.037297,MW,DE,DE_LU,forecast_load,Forecasted Load,2026-07-27T20:08:22Z
2026-07-27T20:06:34Z,2026-07-27T22:06:34+0200,cc602197-a7f8-43dc-ae7f-8e28dc2e9571,2026-07-13T01:30:00Z,2026-07-13T03:30:00+0200,39827.940906,MW,DE,DE_LU,forecast_load,Forecasted Load,2026-07-27T20:08:22Z
2026-07-27T20:06:34Z,2026-07-27T22:06:34+0200,cc602197-a7f8-43dc-ae7f-8e28dc2e9571,2026-07-13T01:45:00Z,2026-07-13T03:45:00+0200,39915.4708,MW,DE,DE_LU,forecast_load,Forecasted Load,2026-07-27T20:08:22Z
2026-07-27T20:06:34Z,2026-07-27T22:06:34+0200,cc602197-a7f8-43dc-ae7f-8e28dc2e9571,2026-07-13T02:00:00Z,2026-07-13T04:00:00+0200,40381.441105,MW,DE,DE_LU,forecast_load,Forecasted Load,2026-07-27T20:08:22Z
2026-07-27T20:06:34Z,2026-07-27T22:06:34+0200,cc602197-a7f8-43dc-ae7f-8e28dc2e9571,2026-07-13T02:15:00Z,2026-07-13T04:15:00+0200,40807.324615,MW,DE,DE_LU,forecast_load,Forecasted Load,2026-07-27T20:08:22Z
2026-07-27T20:06:34Z,2026-07-27T22:06:34+0200,cc602197-a7f8-43dc-ae7f-8e28dc2e9571,2026-07-13T02:30:00Z,2026-07-13T04:30:00+0200,41415.424301,MW,DE,DE_LU,forecast_load,Forecasted Load,2026-07-27T20:08:22Z
2026-07-27T20:06:34Z,2026-07-27T22:06:34+0200,cc602197-a7f8-43dc-ae7f-8e28dc2e9571,2026-07-13T02:45:00Z,2026-07-13T04:45:00+0200,41913.76442,MW,DE,DE_LU,forecast_load,Forecasted Load,2026-07-27T20:08:22Z
2026-07-27T20:06:34Z,2026-07-27T22:06:34+0200,cc602197-a7f8-43dc-ae7f-8e28dc2e9571,2026-07-13T03:00:00Z,2026-07-13T05:00:00+0200,43025.208919,MW,DE,DE_LU,forecast_load,Forecasted Load,2026-07-27T20:08:22Z
2026-07-27T20:06:34Z,2026-07-27T22:06:34+0200,cc602197-a7f8-43dc-ae7f-8e28dc2e9571,2026-07-13T03:15:00Z,2026-07-13T05:15:00+0200,43573.283838,MW,DE,DE_LU,forecast_load,Forecasted Load,2026-07-27T20:08:22Z
2026-07-27T20:06:34Z,2026-07-27T22:06:34+0200,cc602197-a7f8-43dc-ae7f-8e28dc2e9571,2026-07-13T03:30:00Z,2026-07-13T05:30:00+0200,45364.788684,MW,DE,DE_LU,forecast_load,Forecasted Load,2026-07-27T20:08:22Z
2026-07-27T20:06:34Z,2026-07-27T22:06:34+0200,cc602197-a7f8-43dc-ae7f-8e28dc2e9571,2026-07-13T03:45:00Z,2026-07-13T05:45:00+0200,47192.92388,MW,DE,DE_LU,forecast_load,Forecasted Load,2026-07-27T20:08:22Z
2026-07-27T20:06:34Z,2026-07-27T22:06:34+0200,cc602197-a7f8-43dc-ae7f-8e28dc2e9571,2026-07-13T04:00:00Z,2026-07-13T06:00:00+0200,49503.193267,MW,DE,DE_LU,forecast_load,Forecasted Load,2026-07-27T20:08:22Z
2026-07-27T20:06:34Z,2026-07-27T22:06:34+0200,cc602197-a7f8-43dc-ae7f-8e28dc2e9571,2026-07-13T04:15:00Z,2026-07-13T06:15:00+0200,51391.046348,MW,DE,DE_LU,forecast_load,Forecasted Load,2026-07-27T20:08:22Z
2026-07-27T20:06:34Z,2026-07-27T22:06:34+0200,cc602197-a7f8-43dc-ae7f-8e28dc2e9571,2026-07-13T04:30:00Z,2026-07-13T06:30:00+0200,52358.189516,MW,DE,DE_LU,forecast_load,Forecasted Load,2026-07-27T20:08:22Z
2026-07-27T20:06:34Z,2026-07-27T22:06:34+0200,cc602197-a7f8-43dc-ae7f-8e28dc2e9571,2026-07-13T04:45:00Z,2026-07-13T06:45:00+0200,53744.585754,MW,DE,DE_LU,forecast_load,Forecasted Load,2026-07-27T20:08:22Z
2026-07-27T20:06:34Z,2026-07-27T22:06:34+0200,cc602197-a7f8-43dc-ae7f-8e28dc2e9571,2026-07-13T05:00:00Z,2026-07-13T07:00:00+0200,55197.224861,MW,DE,DE_LU,forecast_load,Forecasted Load,2026-07-27T20:08:22Z
2026-07-27T20:06:34Z,2026-07-27T22:06:34+0200,cc602197-a7f8-43dc-ae7f-8e28dc2e9571,2026-07-13T05:15:00Z,2026-07-13T07:15:00+0200,56520.264232,MW,DE,DE_LU,forecast_load,Forecasted Load,2026-07-27T20:08:22Z
2026-07-27T20:06:34Z,2026-07-27T22:06:34+0200,cc602197-a7f8-43dc-ae7f-8e28dc2e9571,2026-07-13T05:30:00Z,2026-07-13T07:30:00+0200,57591.284595,MW,DE,DE_LU,forecast_load,Forecasted Load,2026-07-27T20:08:22Z
2026-07-27T20:06:34Z,2026-07-27T22:06:34+0200,cc602197-a7f8-43dc-ae7f-8e28dc2e9571,2026-07-13T05:45:00Z,2026-07-13T07:45:00+0200,58503.725192,MW,DE,DE_LU,forecast_load,Forecasted Load,2026-07-27T20:08:22Z
2026-07-27T20:06:34Z,2026-07-27T22:06:34+0200,cc602197-a7f8-43dc-ae7f-8e28dc2e9571,2026-07-13T06:00:00Z,2026-07-13T08:00:00+0200,59233.844684,MW,DE,DE_LU,forecast_load,Forecasted Load,2026-07-27T20:08:22Z
2026-07-27T20:06:34Z,2026-07-27T22:06:34+0200,cc602197-a7f8-43dc-ae7f-8e28dc2e9571,2026-07-13T06:15:00Z,2026-07-13T08:15:00+0200,59862.95136,MW,DE,DE_LU,forecast_load,Forecasted Load,2026-07-27T20:08:22Z
2026-07-27T20:06:34Z,2026-07-27T22:06:34+0200,cc602197-a7f8-43dc-ae7f-8e28dc2e9571,2026-07-13T06:30:00Z,2026-07-13T08:30:00+0200,60466.788058,MW,DE,DE_LU,forecast_load,Forecasted Load,2026-07-27T20:08:22Z
2026-07-27T20:06:34Z,2026-07-27T22:06:34+0200,cc602197-a7f8-43dc-ae7f-8e28dc2e9571,2026-07-13T06:45:00Z,2026-07-13T08:45:00+0200,60780.921488,MW,DE,DE_LU,forecast_load,Forecasted Load,2026-07-27T20:08:22Z
2026-07-27T20:06:34Z,2026-07-27T22:06:34+0200,cc602197-a7f8-43dc-ae7f-8e28dc2e9571,2026-07-13T07:00:00Z,2026-07-13T09:00:00+0200,60802.148248,MW,DE,DE_LU,forecast_load,Forecasted Load,2026-07-27T20:08:22Z
2026-07-27T20:06:34Z,2026-07-27T22:06:34+0200,cc602197-a7f8-43dc-ae7f-8e28dc2e9571,2026-07-13T07:15:00Z,2026-07-13T09:15:00+0200,61002.394591,MW,DE,DE_LU,forecast_load,Forecasted Load,2026-07-27T20:08:22Z
2026-07-27T20:06:34Z,2026-07-27T22:06:34+0200,cc602197-a7f8-43dc-ae7f-8e28dc2e9571,2026-07-13T07:30:00Z,2026-07-13T09:30:00+0200,61372.162684,MW,DE,DE_LU,forecast_load,Forecasted Load,2026-07-27T20:08:22Z
2026-07-27T20:06:34Z,2026-07-27T22:06:34+0200,cc602197-a7f8-43dc-ae7f-8e28dc2e9571,2026-07-13T07:45:00Z,2026-07-13T09:45:00+0200,61525.949158,MW,DE,DE_LU,forecast_load,Forecasted Load,2026-07-27T20:08:22Z
2026-07-27T20:06:34Z,2026-07-27T22:06:34+0200,cc602197-a7f8-43dc-ae7f-8e28dc2e9571,2026-07-13T08:00:00Z,2026-07-13T10:00:00+0200,61277.220059,MW,DE,DE_LU,forecast_load,Forecasted Load,2026-07-27T20:08:22Z
2026-07-27T20:06:34Z,2026-07-27T22:06:34+0200,cc602197-a7f8-43dc-ae7f-8e28dc2e9571,2026-07-13T08:15:00Z,2026-07-13T10:15:00+0200,60702.919996,MW,DE,DE_LU,forecast_load,Forecasted Load,2026-07-27T20:08:22Z
2026-07-27T20:06:34Z,2026-07-27T22:06:34+0200,cc602197-a7f8-43dc-ae7f-8e28dc2e9571,2026-07-13T08:30:00Z,2026-07-13T10:30:00+0200,61120.371375,MW,DE,DE_LU,forecast_load,Forecasted Load,2026-07-27T20:08:22Z
2026-07-27T20:06:34Z,2026-07-27T22:06:34+0200,cc602197-a7f8-43dc-ae7f-8e28dc2e9571,2026-07-13T08:45:00Z,2026-07-13T10:45:00+0200,61010.935664,MW,DE,DE_LU,forecast_load,Forecasted Load,2026-07-27T20:08:22Z
2026-07-27T20:06:34Z,2026-07-27T22:06:34+0200,cc602197-a7f8-43dc-ae7f-8e28dc2e9571,2026-07-13T09:00:00Z,2026-07-13T11:00:00+0200,60925.590597,MW,DE,DE_LU,forecast_load,Forecasted Load,2026-07-27T20:08:22Z
2026-07-27T20:06:34Z,2026-07-27T22:06:34+0200,cc602197-a7f8-43dc-ae7f-8e28dc2e9571,2026-07-13T09:15:00Z,2026-07-13T11:15:00+0200,61096.443036,MW,DE,DE_LU,forecast_load,Forecasted Load,2026-07-27T20:08:22Z
2026-07-27T20:06:34Z,2026-07-27T22:06:34+0200,cc602197-a7f8-43dc-ae7f-8e28dc2e9571,2026-07-13T09:30:00Z,2026-07-13T11:30:00+0200,61065.175308,MW,DE,DE_LU,forecast_load,Forecasted Load,2026-07-27T20:08:22Z
2026-07-27T20:06:34Z,2026-07-27T22:06:34+0200,cc602197-a7f8-43dc-ae7f-8e28dc2e9571,2026-07-13T09:45:00Z,2026-07-13T11:45:00+0200,60868.672565,MW,DE,DE_LU,forecast_load,Forecasted Load,2026-07-27T20:08:22Z
2026-07-27T20:06:34Z,2026-07-27T22:06:34+0200,cc602197-a7f8-43dc-ae7f-8e28dc2e9571,2026-07-13T10:00:00Z,2026-07-13T12:00:00+0200,60344.797913,MW,DE,DE_LU,forecast_load,Forecasted Load,2026-07-27T20:08:22Z
2026-07-27T20:06:34Z,2026-07-27T22:06:34+0200,cc602197-a7f8-43dc-ae7f-8e28dc2e9571,2026-07-13T10:15:00Z,2026-07-13T12:15:00+0200,60311.943186,MW,DE,DE_LU,forecast_load,Forecasted Load,2026-07-27T20:08:22Z
2026-07-27T20:06:34Z,2026-07-27T22:06:34+0200,cc602197-a7f8-43dc-ae7f-8e28dc2e9571,2026-07-13T10:30:00Z,2026-07-13T12:30:00+0200,59977.489825,MW,DE,DE_LU,forecast_load,Forecasted Load,2026-07-27T20:08:22Z
2026-07-27T20:06:34Z,2026-07-27T22:06:34+0200,cc602197-a7f8-43dc-ae7f-8e28dc2e9571,2026-07-13T10:45:00Z,2026-07-13T12:45:00+0200,59675.377275,MW,DE,DE_LU,forecast_load,Forecasted Load,2026-07-27T20:08:22Z
2026-07-27T20:06:34Z,2026-07-27T22:06:34+0200,cc602197-a7f8-43dc-ae7f-8e28dc2e9571,2026-07-13T11:00:00Z,2026-07-13T13:00:00+0200,59291.576933,MW,DE,DE_LU,forecast_load,Forecasted Load,2026-07-27T20:08:22Z
2026-07-27T20:06:34Z,2026-07-27T22:06:34+0200,cc602197-a7f8-43dc-ae7f-8e28dc2e9571,2026-07-13T11:15:00Z,2026-07-13T13:15:00+0200,59114.117247,MW,DE,DE_LU,forecast_load,Forecasted Load,2026-07-27T20:08:22Z
2026-07-27T20:06:34Z,2026-07-27T22:06:34+0200,cc602197-a7f8-43dc-ae7f-8e28dc2e9571,2026-07-13T11:30:00Z,2026-07-13T13:30:00+0200,58523.243682,MW,DE,DE_LU,forecast_load,Forecasted Load,2026-07-27T20:08:22Z
2026-07-27T20:06:34Z,2026-07-27T22:06:34+0200,cc602197-a7f8-43dc-ae7f-8e28dc2e9571,2026-07-13T11:45:00Z,2026-07-13T13:45:00+0200,58414.089586,MW,DE,DE_LU,forecast_load,Forecasted Load,2026-07-27T20:08:22Z
2026-07-27T20:06:34Z,2026-07-27T22:06:34+0200,cc602197-a7f8-43dc-ae7f-8e28dc2e9571,2026-07-13T12:00:00Z,2026-07-13T14:00:00+0200,58490.815652,MW,DE,DE_LU,forecast_load,Forecasted Load,2026-07-27T20:08:22Z
2026-07-27T20:06:34Z,2026-07-27T22:06:34+0200,cc602197-a7f8-43dc-ae7f-8e28dc2e9571,2026-07-13T12:15:00Z,2026-07-13T14:15:00+0200,57991.676601,MW,DE,DE_LU,forecast_load,Forecasted Load,2026-07-27T20:08:22Z
2026-07-27T20:06:34Z,2026-07-27T22:06:34+0200,cc602197-a7f8-43dc-ae7f-8e28dc2e9571,2026-07-13T12:30:00Z,2026-07-13T14:30:00+0200,57554.91442,MW,DE,DE_LU,forecast_load,Forecasted Load,2026-07-27T20:08:22Z
2026-07-27T20:06:34Z,2026-07-27T22:06:34+0200,cc602197-a7f8-43dc-ae7f-8e28dc2e9571,2026-07-13T12:45:00Z,2026-07-13T14:45:00+0200,57352.513655,MW,DE,DE_LU,forecast_load,Forecasted Load,2026-07-27T20:08:22Z
2026-07-27T20:06:34Z,2026-07-27T22:06:34+0200,cc602197-a7f8-43dc-ae7f-8e28dc2e9571,2026-07-13T13:00:00Z,2026-07-13T15:00:00+0200,57456.830191,MW,DE,DE_LU,forecast_load,Forecasted Load,2026-07-27T20:08:22Z
2026-07-27T20:06:34Z,2026-07-27T22:06:34+0200,cc602197-a7f8-43dc-ae7f-8e28dc2e9571,2026-07-13T13:15:00Z,2026-07-13T15:15:00+0200,57490.637923,MW,DE,DE_LU,forecast_load,Forecasted Load,2026-07-27T20:08:22Z
2026-07-27T20:06:34Z,2026-07-27T22:06:34+0200,cc602197-a7f8-43dc-ae7f-8e28dc2e9571,2026-07-13T13:30:00Z,2026-07-13T15:30:00+0200,57182.220733,MW,DE,DE_LU,forecast_load,Forecasted Load,2026-07-27T20:08:22Z
2026-07-27T20:06:34Z,2026-07-27T22:06:34+0200,cc602197-a7f8-43dc-ae7f-8e28dc2e9571,2026-07-13T13:45:00Z,2026-07-13T15:45:00+0200,57197.494916,MW,DE,DE_LU,forecast_load,Forecasted Load,2026-07-27T20:08:22Z
2026-07-27T20:06:34Z,2026-07-27T22:06:34+0200,cc602197-a7f8-43dc-ae7f-8e28dc2e9571,2026-07-13T14:00:00Z,2026-07-13T16:00:00+0200,57294.180262,MW,DE,DE_LU,forecast_load,Forecasted Load,2026-07-27T20:08:22Z
2026-07-27T20:06:34Z,2026-07-27T22:06:34+0200,cc602197-a7f8-43dc-ae7f-8e28dc2e9571,2026-07-13T14:15:00Z,2026-07-13T16:15:00+0200,56714.402034,MW,DE,DE_LU,forecast_load,Forecasted Load,2026-07-27T20:08:22Z
2026-07-27T20:06:34Z,2026-07-27T22:06:34+0200,cc602197-a7f8-43dc-ae7f-8e28dc2e9571,2026-07-13T14:30:00Z,2026-07-13T16:30:00+0200,56282.580085,MW,DE,DE_LU,forecast_load,Forecasted Load,2026-07-27T20:08:22Z
2026-07-27T20:06:34Z,2026-07-27T22:06:34+0200,cc602197-a7f8-43dc-ae7f-8e28dc2e9571,2026-07-13T14:45:00Z,2026-07-13T16:45:00+0200,56488.211509,MW,DE,DE_LU,forecast_load,Forecasted Load,2026-07-27T20:08:22Z
2026-07-27T20:06:34Z,2026-07-27T22:06:34+0200,cc602197-a7f8-43dc-ae7f-8e28dc2e9571,2026-07-13T15:00:00Z,2026-07-13T17:00:00+0200,56174.918153,MW,DE,DE_LU,forecast_load,Forecasted Load,2026-07-27T20:08:22Z
2026-07-27T20:06:34Z,2026-07-27T22:06:34+0200,cc602197-a7f8-43dc-ae7f-8e28dc2e9571,2026-07-13T15:15:00Z,2026-07-13T17:15:00+0200,56201.141834,MW,DE,DE_LU,forecast_load,Forecasted Load,2026-07-27T20:08:22Z
2026-07-27T20:06:34Z,2026-07-27T22:06:34+0200,cc602197-a7f8-43dc-ae7f-8e28dc2e9571,2026-07-13T15:30:00Z,2026-07-13T17:30:00+0200,56626.996149,MW,DE,DE_LU,forecast_load,Forecasted Load,2026-07-27T20:08:22Z
2026-07-27T20:06:34Z,2026-07-27T22:06:34+0200,cc602197-a7f8-43dc-ae7f-8e28dc2e9571,2026-07-13T15:45:00Z,2026-07-13T17:45:00+0200,56827.601553,MW,DE,DE_LU,forecast_load,Forecasted Load,2026-07-27T20:08:22Z
2026-07-27T20:06:34Z,2026-07-27T22:06:34+0200,cc602197-a7f8-43dc-ae7f-8e28dc2e9571,2026-07-13T16:00:00Z,2026-07-13T18:00:00+0200,57114.86315,MW,DE,DE_LU,forecast_load,Forecasted Load,2026-07-27T20:08:22Z
2026-07-27T20:06:34Z,2026-07-27T22:06:34+0200,cc602197-a7f8-43dc-ae7f-8e28dc2e9571,2026-07-13T16:15:00Z,2026-07-13T18:15:00+0200,57568.666631,MW,DE,DE_LU,forecast_load,Forecasted Load,2026-07-27T20:08:22Z
2026-07-27T20:06:34Z,2026-07-27T22:06:34+0200,cc602197-a7f8-43dc-ae7f-8e28dc2e9571,2026-07-13T16:30:00Z,2026-07-13T18:30:00+0200,57393.405548,MW,DE,DE_LU,forecast_load,Forecasted Load,2026-07-27T20:08:22Z
2026-07-27T20:06:34Z,2026-07-27T22:06:34+0200,cc602197-a7f8-43dc-ae7f-8e28dc2e9571,2026-07-13T16:45:00Z,2026-07-13T18:45:00+0200,57585.875039,MW,DE,DE_LU,forecast_load,Forecasted Load,2026-07-27T20:08:22Z
2026-07-27T20:06:34Z,2026-07-27T22:06:34+0200,cc602197-a7f8-43dc-ae7f-8e28dc2e9571,2026-07-13T17:00:00Z,2026-07-13T19:00:00+0200,57785.815417,MW,DE,DE_LU,forecast_load,Forecasted Load,2026-07-27T20:08:22Z
2026-07-27T20:06:34Z,2026-07-27T22:06:34+0200,cc602197-a7f8-43dc-ae7f-8e28dc2e9571,2026-07-13T17:15:00Z,2026-07-13T19:15:00+0200,57875.942377,MW,DE,DE_LU,forecast_load,Forecasted Load,2026-07-27T20:08:22Z
2026-07-27T20:06:34Z,2026-07-27T22:06:34+0200,cc602197-a7f8-43dc-ae7f-8e28dc2e9571,2026-07-13T17:30:00Z,2026-07-13T19:30:00+0200,57906.190289,MW,DE,DE_LU,forecast_load,Forecasted Load,2026-07-27T20:08:22Z
2026-07-27T20:06:34Z,2026-07-27T22:06:34+0200,cc602197-a7f8-43dc-ae7f-8e28dc2e9571,2026-07-13T17:45:00Z,2026-07-13T19:45:00+0200,57774.879379,MW,DE,DE_LU,forecast_load,Forecasted Load,2026-07-27T20:08:22Z
2026-07-27T20:06:34Z,2026-07-27T22:06:34+0200,cc602197-a7f8-43dc-ae7f-8e28dc2e9571,2026-07-13T18:00:00Z,2026-07-13T20:00:00+0200,57242.997847,MW,DE,DE_LU,forecast_load,Forecasted Load,2026-07-27T20:08:22Z
2026-07-27T20:06:34Z,2026-07-27T22:06:34+0200,cc602197-a7f8-43dc-ae7f-8e28dc2e9571,2026-07-13T18:15:00Z,2026-07-13T20:15:00+0200,56854.494503,MW,DE,DE_LU,forecast_load,Forecasted Load,2026-07-27T20:08:22Z
2026-07-27T20:06:34Z,2026-07-27T22:06:34+0200,cc602197-a7f8-43dc-ae7f-8e28dc2e9571,2026-07-13T18:30:00Z,2026-07-13T20:30:00+0200,56305.616855,MW,DE,DE_LU,forecast_load,Forecasted Load,2026-07-27T20:08:22Z
2026-07-27T20:06:34Z,2026-07-27T22:06:34+0200,cc602197-a7f8-43dc-ae7f-8e28dc2e9571,2026-07-13T18:45:00Z,2026-07-13T20:45:00+0200,56000.536644,MW,DE,DE_LU,forecast_load,Forecasted Load,2026-07-27T20:08:22Z
2026-07-27T20:06:34Z,2026-07-27T22:06:34+0200,cc602197-a7f8-43dc-ae7f-8e28dc2e9571,2026-07-13T19:00:00Z,2026-07-13T21:00:00+0200,55430.691405,MW,DE,DE_LU,forecast_load,Forecasted Load,2026-07-27T20:08:22Z
2026-07-27T20:06:34Z,2026-07-27T22:06:34+0200,cc602197-a7f8-43dc-ae7f-8e28dc2e9571,2026-07-13T19:15:00Z,2026-07-13T21:15:00+0200,54834.356523,MW,DE,DE_LU,forecast_load,Forecasted Load,2026-07-27T20:08:22Z
2026-07-27T20:06:34Z,2026-07-27T22:06:34+0200,cc602197-a7f8-43dc-ae7f-8e28dc2e9571,2026-07-13T19:30:00Z,2026-07-13T21:30:00+0200,54224.694944,MW,DE,DE_LU,forecast_load,Forecasted Load,2026-07-27T20:08:22Z
2026-07-27T20:06:34Z,2026-07-27T22:06:34+0200,cc602197-a7f8-43dc-ae7f-8e28dc2e9571,2026-07-13T19:45:00Z,2026-07-13T21:45:00+0200,53817.379536,MW,DE,DE_LU,forecast_load,Forecasted Load,2026-07-27T20:08:22Z
2026-07-27T20:06:34Z,2026-07-27T22:06:34+0200,cc602197-a7f8-43dc-ae7f-8e28dc2e9571,2026-07-13T20:00:00Z,2026-07-13T22:00:00+0200,52744.242312,MW,DE,DE_LU,forecast_load,Forecasted Load,2026-07-27T20:08:22Z
2026-07-27T20:06:34Z,2026-07-27T22:06:34+0200,cc602197-a7f8-43dc-ae7f-8e28dc2e9571,2026-07-13T20:15:00Z,2026-07-13T22:15:00+0200,52144.137563,MW,DE,DE_LU,forecast_load,Forecasted Load,2026-07-27T20:08:22Z
2026-07-27T20:06:34Z,2026-07-27T22:06:34+0200,cc602197-a7f8-43dc-ae7f-8e28dc2e9571,2026-07-13T20:30:00Z,2026-07-13T22:30:00+0200,51444.133418,MW,DE,DE_LU,forecast_load,Forecasted Load,2026-07-27T20:08:22Z
2026-07-27T20:06:34Z,2026-07-27T22:06:34+0200,cc602197-a7f8-43dc-ae7f-8e28dc2e9571,2026-07-13T20:45:00Z,2026-07-13T22:45:00+0200,50707.114631,MW,DE,DE_LU,forecast_load,Forecasted Load,2026-07-27T20:08:22Z
2026-07-27T20:06:34Z,2026-07-27T22:06:34+0200,cc602197-a7f8-43dc-ae7f-8e28dc2e9571,2026-07-13T21:00:00Z,2026-07-13T23:00:00+0200,49782.964986,MW,DE,DE_LU,forecast_load,Forecasted Load,2026-07-27T20:08:22Z
2026-07-27T20:06:34Z,2026-07-27T22:06:34+0200,cc602197-a7f8-43dc-ae7f-8e28dc2e9571,2026-07-13T21:15:00Z,2026-07-13T23:15:00+0200,49020.939983,MW,DE,DE_LU,forecast_load,Forecasted Load,2026-07-27T20:08:22Z
2026-07-27T20:06:34Z,2026-07-27T22:06:34+0200,cc602197-a7f8-43dc-ae7f-8e28dc2e9571,2026-07-13T21:30:00Z,2026-07-13T23:30:00+0200,48309.64185,MW,DE,DE_LU,forecast_load,Forecasted Load,2026-07-27T20:08:22Z
2026-07-27T20:06:34Z,2026-07-27T22:06:34+0200,cc602197-a7f8-43dc-ae7f-8e28dc2e9571,2026-07-13T21:45:00Z,2026-07-13T23:45:00+0200,47614.811303,MW,DE,DE_LU,forecast_load,Forecasted Load,2026-07-27T20:08:22Z
2026-07-27T20:06:34Z,2026-07-27T22:06:34+0200,cc602197-a7f8-43dc-ae7f-8e28dc2e9571,2026-07-13T22:00:00Z,2026-07-14T00:00:00+0200,47265.438468,MW,DE,DE_LU,forecast_load,Forecasted Load,2026-07-27T20:08:22Z
2026-07-27T20:06:34Z,2026-07-27T22:06:34+0200,cc602197-a7f8-43dc-ae7f-8e28dc2e9571,2026-07-13T22:15:00Z,2026-07-14T00:15:00+0200,46794.376603,MW,DE,DE_LU,forecast_load,Forecasted Load,2026-07-27T20:08:22Z
2026-07-27T20:06:34Z,2026-07-27T22:06:34+0200,cc602197-a7f8-43dc-ae7f-8e28dc2e9571,2026-07-13T22:30:00Z,2026-07-14T00:30:00+0200,46225.586439,MW,DE,DE_LU,forecast_load,Forecasted Load,2026-07-27T20:08:22Z
2026-07-27T20:06:34Z,2026-07-27T22:06:34+0200,cc602197-a7f8-43dc-ae7f-8e28dc2e9571,2026-07-13T22:45:00Z,2026-07-14T00:45:00+0200,45718.654625,MW,DE,DE_LU,forecast_load,Forecasted Load,2026-07-27T20:08:22Z
2026-07-27T20:06:34Z,2026-07-27T22:06:34+0200,cc602197-a7f8-43dc-ae7f-8e28dc2e9571,2026-07-13T23:00:00Z,2026-07-14T01:00:00+0200,45325.175155,MW,DE,DE_LU,forecast_load,Forecasted Load,2026-07-27T20:08:22Z
2026-07-27T20:06:34Z,2026-07-27T22:06:34+0200,cc602197-a7f8-43dc-ae7f-8e28dc2e9571,2026-07-13T23:15:00Z,2026-07-14T01:15:00+0200,44948.961866,MW,DE,DE_LU,forecast_load,Forecasted Load,2026-07-27T20:08:22Z
2026-07-27T20:06:34Z,2026-07-27T22:06:34+0200,cc602197-a7f8-43dc-ae7f-8e28dc2e9571,2026-07-13T23:30:00Z,2026-07-14T01:30:00+0200,44770.661119,MW,DE,DE_LU,forecast_load,Forecasted Load,2026-07-27T20:08:22Z
2026-07-27T20:06:34Z,2026-07-27T22:06:34+0200,cc602197-a7f8-43dc-ae7f-8e28dc2e9571,2026-07-13T23:45:00Z,2026-07-14T01:45:00+0200,44372.392717,MW,DE,DE_LU,forecast_load,Forecasted Load,2026-07-27T20:08:22Z
2026-07-27T20:06:34Z,2026-07-27T22:06:34+0200,cc602197-a7f8-43dc-ae7f-8e28dc2e9571,2026-07-14T00:00:00Z,2026-07-14T02:00:00+0200,44110.509663,MW,DE,DE_LU,forecast_load,Forecasted Load,2026-07-27T20:08:22Z
2026-07-27T20:06:34Z,2026-07-27T22:06:34+0200,cc602197-a7f8-43dc-ae7f-8e28dc2e9571,2026-07-14T00:15:00Z,2026-07-14T02:15:00+0200,43954.63773,MW,DE,DE_LU,forecast_load,Forecasted Load,2026-07-27T20:08:22Z
2026-07-27T20:06:34Z,2026-07-27T22:06:34+0200,cc602197-a7f8-43dc-ae7f-8e28dc2e9571,2026-07-14T00:30:00Z,2026-07-14T02:30:00+0200,43853.096969,MW,DE,DE_LU,forecast_load,Forecasted Load,2026-07-27T20:08:22Z
2026-07-27T20:06:34Z,2026-07-27T22:06:34+0200,cc602197-a7f8-43dc-ae7f-8e28dc2e9571,2026-07-14T00:45:00Z,2026-07-14T02:45:00+0200,43837.493797,MW,DE,DE_LU,forecast_load,Forecasted Load,2026-07-27T20:08:22Z
2026-07-27T20:06:34Z,2026-07-27T22:06:34+0200,cc602197-a7f8-43dc-ae7f-8e28dc2e9571,2026-07-14T01:00:00Z,2026-07-14T03:00:00+0200,43693.491158,MW,DE,DE_LU,forecast_load,Forecasted Load,2026-07-27T20:08:22Z
2026-07-27T20:06:34Z,2026-07-27T22:06:34+0200,cc602197-a7f8-43dc-ae7f-8e28dc2e9571,2026-07-14T01:15:00Z,2026-07-14T03:15:00+0200,43758.910553,MW,DE,DE_LU,forecast_load,Forecasted Load,2026-07-27T20:08:22Z
2026-07-27T20:06:34Z,2026-07-27T22:06:34+0200,cc602197-a7f8-43dc-ae7f-8e28dc2e9571,2026-07-14T01:30:00Z,2026-07-14T03:30:00+0200,43764.225463,MW,DE,DE_LU,forecast_load,Forecasted Load,2026-07-27T20:08:22Z
2026-07-27T20:06:34Z,2026-07-27T22:06:34+0200,cc602197-a7f8-43dc-ae7f-8e28dc2e9571,2026-07-14T01:45:00Z,2026-07-14T03:45:00+0200,43680.45043,MW,DE,DE_LU,forecast_load,Forecasted Load,2026-07-27T20:08:22Z
2026-07-27T20:06:34Z,2026-07-27T22:06:34+0200,cc602197-a7f8-43dc-ae7f-8e28dc2e9571,2026-07-14T02:00:00Z,2026-07-14T04:00:00+0200,43930.638518,MW,DE,DE_LU,forecast_load,Forecasted Load,2026-07-27T20:08:22Z
2026-07-27T20:06:34Z,2026-07-27T22:06:34+0200,cc602197-a7f8-43dc-ae7f-8e28dc2e9571,2026-07-14T02:15:00Z,2026-07-14T04:15:00+0200,44229.048951,MW,DE,DE_LU,forecast_load,Forecasted Load,2026-07-27T20:08:22Z
2026-07-27T20:06:34Z,2026-07-27T22:06:34+0200,cc602197-a7f8-43dc-ae7f-8e28dc2e9571,2026-07-14T02:30:00Z,2026-07-14T04:30:00+0200,44694.236908,MW,DE,DE_LU,forecast_load,Forecasted Load,2026-07-27T20:08:22Z
2026-07-27T20:06:34Z,2026-07-27T22:06:34+0200,cc602197-a7f8-43dc-ae7f-8e28dc2e9571,2026-07-14T02:45:00Z,2026-07-14T04:45:00+0200,45153.256295,MW,DE,DE_LU,forecast_load,Forecasted Load,2026-07-27T20:08:22Z
2026-07-27T20:06:34Z,2026-07-27T22:06:34+0200,cc602197-a7f8-43dc-ae7f-8e28dc2e9571,2026-07-14T03:00:00Z,2026-07-14T05:00:00+0200,46135.319843,MW,DE,DE_LU,forecast_load,Forecasted Load,2026-07-27T20:08:22Z
2026-07-27T20:06:34Z,2026-07-27T22:06:34+0200,cc602197-a7f8-43dc-ae7f-8e28dc2e9571,2026-07-14T03:15:00Z,2026-07-14T05:15:00+0200,46454.855153,MW,DE,DE_LU,forecast_load,Forecasted Load,2026-07-27T20:08:22Z
2026-07-27T20:06:34Z,2026-07-27T22:06:34+0200,cc602197-a7f8-43dc-ae7f-8e28dc2e9571,2026-07-14T03:30:00Z,2026-07-14T05:30:00+0200,46637.187999,MW,DE,DE_LU,forecast_load,Forecasted Load,2026-07-27T20:08:22Z
2026-07-27T20:06:34Z,2026-07-27T22:06:34+0200,cc602197-a7f8-43dc-ae7f-8e28dc2e9571,2026-07-14T03:45:00Z,2026-07-14T05:45:00+0200,48022.651148,MW,DE,DE_LU,forecast_load,Forecasted Load,2026-07-27T20:08:22Z
2026-07-27T20:06:34Z,2026-07-27T22:06:34+0200,cc602197-a7f8-43dc-ae7f-8e28dc2e9571,2026-07-14T04:00:00Z,2026-07-14T06:00:00+0200,50365.219865,MW,DE,DE_LU,forecast_load,Forecasted Load,2026-07-27T20:08:22Z
2026-07-27T20:06:34Z,2026-07-27T22:06:34+0200,cc602197-a7f8-43dc-ae7f-8e28dc2e9571,2026-07-14T04:15:00Z,2026-07-14T06:15:00+0200,51240.461587,MW,DE,DE_LU,forecast_load,Forecasted Load,2026-07-27T20:08:22Z
2026-07-27T20:06:34Z,2026-07-27T22:06:34+0200,cc602197-a7f8-43dc-ae7f-8e28dc2e9571,2026-07-14T04:30:00Z,2026-07-14T06:30:00+0200,52961.075515,MW,DE,DE_LU,forecast_load,Forecasted Load,2026-07-27T20:08:22Z
2026-07-27T20:06:34Z,2026-07-27T22:06:34+0200,cc602197-a7f8-43dc-ae7f-8e28dc2e9571,2026-07-14T04:45:00Z,2026-07-14T06:45:00+0200,53927.255328,MW,DE,DE_LU,forecast_load,Forecasted Load,2026-07-27T20:08:22Z
2026-07-27T20:06:34Z,2026-07-27T22:06:34+0200,cc602197-a7f8-43dc-ae7f-8e28dc2e9571,2026-07-14T05:00:00Z,2026-07-14T07:00:00+0200,55006.817277,MW,DE,DE_LU,forecast_load,Forecasted Load,2026-07-27T20:08:22Z
2026-07-27T20:06:34Z,2026-07-27T22:06:34+0200,cc602197-a7f8-43dc-ae7f-8e28dc2e9571,2026-07-14T05:15:00Z,2026-07-14T07:15:00+0200,56325.544574,MW,DE,DE_LU,forecast_load,Forecasted Load,2026-07-27T20:08:22Z
2026-07-27T20:06:34Z,2026-07-27T22:06:34+0200,cc602197-a7f8-43dc-ae7f-8e28dc2e9571,2026-07-14T05:30:00Z,2026-07-14T07:30:00+0200,57464.931983,MW,DE,DE_LU,forecast_load,Forecasted Load,2026-07-27T20:08:22Z
2026-07-27T20:06:34Z,2026-07-27T22:06:34+0200,cc602197-a7f8-43dc-ae7f-8e28dc2e9571,2026-07-14T05:45:00Z,2026-07-14T07:45:00+0200,58360.592626,MW,DE,DE_LU,forecast_load,Forecasted Load,2026-07-27T20:08:22Z
2026-07-27T20:06:34Z,2026-07-27T22:06:34+0200,cc602197-a7f8-43dc-ae7f-8e28dc2e9571,2026-07-14T06:00:00Z,2026-07-14T08:00:00+0200,58934.110876,MW,DE,DE_LU,forecast_load,Forecasted Load,2026-07-27T20:08:22Z
2026-07-27T20:06:34Z,2026-07-27T22:06:34+0200,cc602197-a7f8-43dc-ae7f-8e28dc2e9571,2026-07-14T06:15:00Z,2026-07-14T08:15:00+0200,59493.283345,MW,DE,DE_LU,forecast_load,Forecasted Load,2026-07-27T20:08:22Z
2026-07-27T20:06:34Z,2026-07-27T22:06:34+0200,cc602197-a7f8-43dc-ae7f-8e28dc2e9571,2026-07-14T06:30:00Z,2026-07-14T08:30:00+0200,60016.12873,MW,DE,DE_LU,forecast_load,Forecasted Load,2026-07-27T20:08:22Z
2026-07-27T20:06:34Z,2026-07-27T22:06:34+0200,cc602197-a7f8-43dc-ae7f-8e28dc2e9571,2026-07-14T06:45:00Z,2026-07-14T08:45:00+0200,60216.897257,MW,DE,DE_LU,forecast_load,Forecasted Load,2026-07-27T20:08:22Z
2026-07-27T20:06:34Z,2026-07-27T22:06:34+0200,cc602197-a7f8-43dc-ae7f-8e28dc2e9571,2026-07-14T07:00:00Z,2026-07-14T09:00:00+0200,60054.600379,MW,DE,DE_LU,forecast_load,Forecasted Load,2026-07-27T20:08:22Z
2026-07-27T20:06:34Z,2026-07-27T22:06:34+0200,cc602197-a7f8-43dc-ae7f-8e28dc2e9571,2026-07-14T07:15:00Z,2026-07-14T09:15:00+0200,60145.747042,MW,DE,DE_LU,forecast_load,Forecasted Load,2026-07-27T20:08:22Z
2026-07-27T20:06:34Z,2026-07-27T22:06:34+0200,cc602197-a7f8-43dc-ae7f-8e28dc2e9571,2026-07-14T07:30:00Z,2026-07-14T09:30:00+0200,60807.466651,MW,DE,DE_LU,forecast_load,Forecasted Load,2026-07-27T20:08:22Z
2026-07-27T20:06:34Z,2026-07-27T22:06:34+0200,cc602197-a7f8-43dc-ae7f-8e28dc2e9571,2026-07-14T07:45:00Z,2026-07-14T09:45:00+0200,60537.414087,MW,DE,DE_LU,forecast_load,Forecasted Load,2026-07-27T20:08:22Z
2026-07-27T20:06:34Z,2026-07-27T22:06:34+0200,cc602197-a7f8-43dc-ae7f-8e28dc2e9571,2026-07-14T08:00:00Z,2026-07-14T10:00:00+0200,60718.463729,MW,DE,DE_LU,forecast_load,Forecasted Load,2026-07-27T20:08:22Z
2026-07-27T20:06:34Z,2026-07-27T22:06:34+0200,cc602197-a7f8-43dc-ae7f-8e28dc2e9571,2026-07-14T08:15:00Z,2026-07-14T10:15:00+0200,60882.325237,MW,DE,DE_LU,forecast_load,Forecasted Load,2026-07-27T20:08:22Z
2026-07-27T20:06:34Z,2026-07-27T22:06:34+0200,cc602197-a7f8-43dc-ae7f-8e28dc2e9571,2026-07-14T08:30:00Z,2026-07-14T10:30:00+0200,60894.178464,MW,DE,DE_LU,forecast_load,Forecasted Load,2026-07-27T20:08:22Z
2026-07-27T20:06:34Z,2026-07-27T22:06:34+0200,cc602197-a7f8-43dc-ae7f-8e28dc2e9571,2026-07-14T08:45:00Z,2026-07-14T10:45:00+0200,61153.012608,MW,DE,DE_LU,forecast_load,Forecasted Load,2026-07-27T20:08:22Z
2026-07-27T20:06:34Z,2026-07-27T22:06:34+0200,cc602197-a7f8-43dc-ae7f-8e28dc2e9571,2026-07-14T09:00:00Z,2026-07-14T11:00:00+0200,60818.04568,MW,DE,DE_LU,forecast_load,Forecasted Load,2026-07-27T20:08:22Z
2026-07-27T20:06:34Z,2026-07-27T22:06:34+0200,cc602197-a7f8-43dc-ae7f-8e28dc2e9571,2026-07-14T09:15:00Z,2026-07-14T11:15:00+0200,60745.083176,MW,DE,DE_LU,forecast_load,Forecasted Load,2026-07-27T20:08:22Z
2026-07-27T20:06:34Z,2026-07-27T22:06:34+0200,cc602197-a7f8-43dc-ae7f-8e28dc2e9571,2026-07-14T09:30:00Z,2026-07-14T11:30:00+0200,60751.461727,MW,DE,DE_LU,forecast_load,Forecasted Load,2026-07-27T20:08:22Z
2026-07-27T20:06:34Z,2026-07-27T22:06:34+0200,cc602197-a7f8-43dc-ae7f-8e28dc2e9571,2026-07-14T09:45:00Z,2026-07-14T11:45:00+0200,60593.024928,MW,DE,DE_LU,forecast_load,Forecasted Load,2026-07-27T20:08:22Z
2026-07-27T20:06:34Z,2026-07-27T22:06:34+0200,cc602197-a7f8-43dc-ae7f-8e28dc2e9571,2026-07-14T10:00:00Z,2026-07-14T12:00:00+0200,59757.384568,MW,DE,DE_LU,forecast_load,Forecasted Load,2026-07-27T20:08:22Z
2026-07-27T20:06:34Z,2026-07-27T22:06:34+0200,cc602197-a7f8-43dc-ae7f-8e28dc2e9571,2026-07-14T10:15:00Z,2026-07-14T12:15:00+0200,59378.135018,MW,DE,DE_LU,forecast_load,Forecasted Load,2026-07-27T20:08:22Z
2026-07-27T20:06:34Z,2026-07-27T22:06:34+0200,cc602197-a7f8-43dc-ae7f-8e28dc2e9571,2026-07-14T10:30:00Z,2026-07-14T12:30:00+0200,59736.887962,MW,DE,DE_LU,forecast_load,Forecasted Load,2026-07-27T20:08:22Z
2026-07-27T20:06:34Z,2026-07-27T22:06:34+0200,cc602197-a7f8-43dc-ae7f-8e28dc2e9571,2026-07-14T10:45:00Z,2026-07-14T12:45:00+0200,59581.560672,MW,DE,DE_LU,forecast_load,Forecasted Load,2026-07-27T20:08:22Z
2026-07-27T20:06:34Z,2026-07-27T22:06:34+0200,cc602197-a7f8-43dc-ae7f-8e28dc2e9571,2026-07-14T11:00:00Z,2026-07-14T13:00:00+0200,58970.01238,MW,DE,DE_LU,forecast_load,Forecasted Load,2026-07-27T20:08:22Z
2026-07-27T20:06:34Z,2026-07-27T22:06:34+0200,cc602197-a7f8-43dc-ae7f-8e28dc2e9571,2026-07-14T11:15:00Z,2026-07-14T13:15:00+0200,58804.783125,MW,DE,DE_LU,forecast_load,Forecasted Load,2026-07-27T20:08:22Z
2026-07-27T20:06:34Z,2026-07-27T22:06:34+0200,cc602197-a7f8-43dc-ae7f-8e28dc2e9571,2026-07-14T11:30:00Z,2026-07-14T13:30:00+0200,58931.74149,MW,DE,DE_LU,forecast_load,Forecasted Load,2026-07-27T20:08:22Z
2026-07-27T20:06:34Z,2026-07-27T22:06:34+0200,cc602197-a7f8-43dc-ae7f-8e28dc2e9571,2026-07-14T11:45:00Z,2026-07-14T13:45:00+0200,58522.884445,MW,DE,DE_LU,forecast_load,Forecasted Load,2026-07-27T20:08:22Z
2026-07-27T20:06:34Z,2026-07-27T22:06:34+0200,cc602197-a7f8-43dc-ae7f-8e28dc2e9571,2026-07-14T12:00:00Z,2026-07-14T14:00:00+0200,58268.253862,MW,DE,DE_LU,forecast_load,Forecasted Load,2026-07-27T20:08:22Z
2026-07-27T20:06:34Z,2026-07-27T22:06:34+0200,cc602197-a7f8-43dc-ae7f-8e28dc2e9571,2026-07-14T12:15:00Z,2026-07-14T14:15:00+0200,57538.932844,MW,DE,DE_LU,forecast_load,Forecasted Load,2026-07-27T20:08:22Z
2026-07-27T20:06:34Z,2026-07-27T22:06:34+0200,cc602197-a7f8-43dc-ae7f-8e28dc2e9571,2026-07-14T12:30:00Z,2026-07-14T14:30:00+0200,57342.903781,MW,DE,DE_LU,forecast_load,Forecasted Load,2026-07-27T20:08:22Z
2026-07-27T20:06:34Z,2026-07-27T22:06:34+0200,cc602197-a7f8-43dc-ae7f-8e28dc2e9571,2026-07-14T12:45:00Z,2026-07-14T14:45:00+0200,57015.064944,MW,DE,DE_LU,forecast_load,Forecasted Load,2026-07-27T20:08:22Z
2026-07-27T20:06:34Z,2026-07-27T22:06:34+0200,cc602197-a7f8-43dc-ae7f-8e28dc2e9571,2026-07-14T13:00:00Z,2026-07-14T15:00:00+0200,56750.392091,MW,DE,DE_LU,forecast_load,Forecasted Load,2026-07-27T20:08:22Z
2026-07-27T20:06:34Z,2026-07-27T22:06:34+0200,cc602197-a7f8-43dc-ae7f-8e28dc2e9571,2026-07-14T13:15:00Z,2026-07-14T15:15:00+0200,57086.165432,MW,DE,DE_LU,forecast_load,Forecasted Load,2026-07-27T20:08:22Z
2026-07-27T20:06:34Z,2026-07-27T22:06:34+0200,cc602197-a7f8-43dc-ae7f-8e28dc2e9571,2026-07-14T13:30:00Z,2026-07-14T15:30:00+0200,55963.466282,MW,DE,DE_LU,forecast_load,Forecasted Load,2026-07-27T20:08:22Z
2026-07-27T20:06:34Z,2026-07-27T22:06:34+0200,cc602197-a7f8-43dc-ae7f-8e28dc2e9571,2026-07-14T13:45:00Z,2026-07-14T15:45:00+0200,55999.475797,MW,DE,DE_LU,forecast_load,Forecasted Load,2026-07-27T20:08:22Z
2026-07-27T20:06:34Z,2026-07-27T22:06:34+0200,cc602197-a7f8-43dc-ae7f-8e28dc2e9571,2026-07-14T14:00:00Z,2026-07-14T16:00:00+0200,56332.848977,MW,DE,DE_LU,forecast_load,Forecasted Load,2026-07-27T20:08:22Z
2026-07-27T20:06:34Z,2026-07-27T22:06:34+0200,cc602197-a7f8-43dc-ae7f-8e28dc2e9571,2026-07-14T14:15:00Z,2026-07-14T16:15:00+0200,55727.498796,MW,DE,DE_LU,forecast_load,Forecasted Load,2026-07-27T20:08:22Z
2026-07-27T20:06:34Z,2026-07-27T22:06:34+0200,cc602197-a7f8-43dc-ae7f-8e28dc2e9571,2026-07-14T14:30:00Z,2026-07-14T16:30:00+0200,55986.911086,MW,DE,DE_LU,forecast_load,Forecasted Load,2026-07-27T20:08:22Z
2026-07-27T20:06:34Z,2026-07-27T22:06:34+0200,cc602197-a7f8-43dc-ae7f-8e28dc2e9571,2026-07-14T14:45:00Z,2026-07-14T16:45:00+0200,55629.592926,MW,DE,DE_LU,forecast_load,Forecasted Load,2026-07-27T20:08:22Z
2026-07-27T20:06:34Z,2026-07-27T22:06:34+0200,cc602197-a7f8-43dc-ae7f-8e28dc2e9571,2026-07-14T15:00:00Z,2026-07-14T17:00:00+0200,55954.076119,MW,DE,DE_LU,forecast_load,Forecasted Load,2026-07-27T20:08:22Z
2026-07-27T20:06:34Z,2026-07-27T22:06:34+0200,cc602197-a7f8-43dc-ae7f-8e28dc2e9571,2026-07-14T15:15:00Z,2026-07-14T17:15:00+0200,55953.104826,MW,DE,DE_LU,forecast_load,Forecasted Load,2026-07-27T20:08:22Z
2026-07-27T20:06:34Z,2026-07-27T22:06:34+0200,cc602197-a7f8-43dc-ae7f-8e28dc2e9571,2026-07-14T15:30:00Z,2026-07-14T17:30:00+0200,56180.373961,MW,DE,DE_LU,forecast_load,Forecasted Load,2026-07-27T20:08:22Z
2026-07-27T20:06:34Z,2026-07-27T22:06:34+0200,cc602197-a7f8-43dc-ae7f-8e28dc2e9571,2026-07-14T15:45:00Z,2026-07-14T17:45:00+0200,56488.055852,MW,DE,DE_LU,forecast_load,Forecasted Load,2026-07-27T20:08:22Z
2026-07-27T20:06:34Z,2026-07-27T22:06:34+0200,cc602197-a7f8-43dc-ae7f-8e28dc2e9571,2026-07-14T16:00:00Z,2026-07-14T18:00:00+0200,57087.688117,MW,DE,DE_LU,forecast_load,Forecasted Load,2026-07-27T20:08:22Z
2026-07-27T20:06:34Z,2026-07-27T22:06:34+0200,cc602197-a7f8-43dc-ae7f-8e28dc2e9571,2026-07-14T16:15:00Z,2026-07-14T18:15:00+0200,57506.993783,MW,DE,DE_LU,forecast_load,Forecasted Load,2026-07-27T20:08:22Z
2026-07-27T20:06:34Z,2026-07-27T22:06:34+0200,cc602197-a7f8-43dc-ae7f-8e28dc2e9571,2026-07-14T16:30:00Z,2026-07-14T18:30:00+0200,57564.34908,MW,DE,DE_LU,forecast_load,Forecasted Load,2026-07-27T20:08:22Z
2026-07-27T20:06:34Z,2026-07-27T22:06:34+0200,cc602197-a7f8-43dc-ae7f-8e28dc2e9571,2026-07-14T16:45:00Z,2026-07-14T18:45:00+0200,57581.08497,MW,DE,DE_LU,forecast_load,Forecasted Load,2026-07-27T20:08:22Z
2026-07-27T20:06:34Z,2026-07-27T22:06:34+0200,cc602197-a7f8-43dc-ae7f-8e28dc2e9571,2026-07-14T17:00:00Z,2026-07-14T19:00:00+0200,57929.680973,MW,DE,DE_LU,forecast_load,Forecasted Load,2026-07-27T20:08:22Z
2026-07-27T20:06:34Z,2026-07-27T22:06:34+0200,cc602197-a7f8-43dc-ae7f-8e28dc2e9571,2026-07-14T17:15:00Z,2026-07-14T19:15:00+0200,57885.248233,MW,DE,DE_LU,forecast_load,Forecasted Load,2026-07-27T20:08:22Z
2026-07-27T20:06:34Z,2026-07-27T22:06:34+0200,cc602197-a7f8-43dc-ae7f-8e28dc2e9571,2026-07-14T17:30:00Z,2026-07-14T19:30:00+0200,57886.611578,MW,DE,DE_LU,forecast_load,Forecasted Load,2026-07-27T20:08:22Z
2026-07-27T20:06:34Z,2026-07-27T22:06:34+0200,cc602197-a7f8-43dc-ae7f-8e28dc2e9571,2026-07-14T17:45:00Z,2026-07-14T19:45:00+0200,57671.67907,MW,DE,DE_LU,forecast_load,Forecasted Load,2026-07-27T20:08:22Z
2026-07-27T20:06:34Z,2026-07-27T22:06:34+0200,cc602197-a7f8-43dc-ae7f-8e28dc2e9571,2026-07-14T18:00:00Z,2026-07-14T20:00:00+0200,57652.954748,MW,DE,DE_LU,forecast_load,Forecasted Load,2026-07-27T20:08:22Z
2026-07-27T20:06:34Z,2026-07-27T22:06:34+0200,cc602197-a7f8-43dc-ae7f-8e28dc2e9571,2026-07-14T18:15:00Z,2026-07-14T20:15:00+0200,57074.234003,MW,DE,DE_LU,forecast_load,Forecasted Load,2026-07-27T20:08:22Z
2026-07-27T20:06:34Z,2026-07-27T22:06:34+0200,cc602197-a7f8-43dc-ae7f-8e28dc2e9571,2026-07-14T18:30:00Z,2026-07-14T20:30:00+0200,56685.394941,MW,DE,DE_LU,forecast_load,Forecasted Load,2026-07-27T20:08:22Z
2026-07-27T20:06:34Z,2026-07-27T22:06:34+0200,cc602197-a7f8-43dc-ae7f-8e28dc2e9571,2026-07-14T18:45:00Z,2026-07-14T20:45:00+0200,56443.140586,MW,DE,DE_LU,forecast_load,Forecasted Load,2026-07-27T20:08:22Z
2026-07-27T20:06:34Z,2026-07-27T22:06:34+0200,cc602197-a7f8-43dc-ae7f-8e28dc2e9571,2026-07-14T19:00:00Z,2026-07-14T21:00:00+0200,55842.869462,MW,DE,DE_LU,forecast_load,Forecasted Load,2026-07-27T20:08:22Z
2026-07-27T20:06:34Z,2026-07-27T22:06:34+0200,cc602197-a7f8-43dc-ae7f-8e28dc2e9571,2026-07-14T19:15:00Z,2026-07-14T21:15:00+0200,55423.165721,MW,DE,DE_LU,forecast_load,Forecasted Load,2026-07-27T20:08:22Z
2026-07-27T20:06:34Z,2026-07-27T22:06:34+0200,cc602197-a7f8-43dc-ae7f-8e28dc2e9571,2026-07-14T19:30:00Z,2026-07-14T21:30:00+0200,54689.000763,MW,DE,DE_LU,forecast_load,Forecasted Load,2026-07-27T20:08:22Z
2026-07-27T20:06:34Z,2026-07-27T22:06:34+0200,cc602197-a7f8-43dc-ae7f-8e28dc2e9571,2026-07-14T19:45:00Z,2026-07-14T21:45:00+0200,54238.854054,MW,DE,DE_LU,forecast_load,Forecasted Load,2026-07-27T20:08:22Z
2026-07-27T20:06:34Z,2026-07-27T22:06:34+0200,cc602197-a7f8-43dc-ae7f-8e28dc2e9571,2026-07-14T20:00:00Z,2026-07-14T22:00:00+0200,53269.75109,MW,DE,DE_LU,forecast_load,Forecasted Load,2026-07-27T20:08:22Z
2026-07-27T20:06:34Z,2026-07-27T22:06:34+0200,cc602197-a7f8-43dc-ae7f-8e28dc2e9571,2026-07-14T20:15:00Z,2026-07-14T22:15:00+0200,52286.688366,MW,DE,DE_LU,forecast_load,Forecasted Load,2026-07-27T20:08:22Z
2026-07-27T20:06:34Z,2026-07-27T22:06:34+0200,cc602197-a7f8-43dc-ae7f-8e28dc2e9571,2026-07-14T20:30:00Z,2026-07-14T22:30:00+0200,51671.552299,MW,DE,DE_LU,forecast_load,Forecasted Load,2026-07-27T20:08:22Z
2026-07-27T20:06:34Z,2026-07-27T22:06:34+0200,cc602197-a7f8-43dc-ae7f-8e28dc2e9571,2026-07-14T20:45:00Z,2026-07-14T22:45:00+0200,51006.081089,MW,DE,DE_LU,forecast_load,Forecasted Load,2026-07-27T20:08:22Z
2026-07-27T20:06:34Z,2026-07-27T22:06:34+0200,cc602197-a7f8-43dc-ae7f-8e28dc2e9571,2026-07-14T21:00:00Z,2026-07-14T23:00:00+0200,49924.56585,MW,DE,DE_LU,forecast_load,Forecasted Load,2026-07-27T20:08:22Z
2026-07-27T20:06:34Z,2026-07-27T22:06:34+0200,cc602197-a7f8-43dc-ae7f-8e28dc2e9571,2026-07-14T21:15:00Z,2026-07-14T23:15:00+0200,49217.995539,MW,DE,DE_LU,forecast_load,Forecasted Load,2026-07-27T20:08:22Z
2026-07-27T20:06:34Z,2026-07-27T22:06:34+0200,cc602197-a7f8-43dc-ae7f-8e28dc2e9571,2026-07-14T21:30:00Z,2026-07-14T23:30:00+0200,48618.373579,MW,DE,DE_LU,forecast_load,Forecasted Load,2026-07-27T20:08:22Z
2026-07-27T20:06:34Z,2026-07-27T22:06:34+0200,cc602197-a7f8-43dc-ae7f-8e28dc2e9571,2026-07-14T21:45:00Z,2026-07-14T23:45:00+0200,47982.864066,MW,DE,DE_LU,forecast_load,Forecasted Load,2026-07-27T20:08:22Z
2026-07-27T20:06:34Z,2026-07-27T22:06:34+0200,cc602197-a7f8-43dc-ae7f-8e28dc2e9571,2026-07-14T22:00:00Z,2026-07-15T00:00:00+0200,47144.04489,MW,DE,DE_LU,forecast_load,Forecasted Load,2026-07-27T20:08:22Z
2026-07-27T20:06:34Z,2026-07-27T22:06:34+0200,cc602197-a7f8-43dc-ae7f-8e28dc2e9571,2026-07-14T22:15:00Z,2026-07-15T00:15:00+0200,46458.025438,MW,DE,DE_LU,forecast_load,Forecasted Load,2026-07-27T20:08:22Z
2026-07-27T20:06:34Z,2026-07-27T22:06:34+0200,cc602197-a7f8-43dc-ae7f-8e28dc2e9571,2026-07-14T22:30:00Z,2026-07-15T00:30:00+0200,46127.179048,MW,DE,DE_LU,forecast_load,Forecasted Load,2026-07-27T20:08:22Z
2026-07-27T20:06:34Z,2026-07-27T22:06:34+0200,cc602197-a7f8-43dc-ae7f-8e28dc2e9571,2026-07-14T22:45:00Z,2026-07-15T00:45:00+0200,45653.998149,MW,DE,DE_LU,forecast_load,Forecasted Load,2026-07-27T20:08:22Z
2026-07-27T20:06:34Z,2026-07-27T22:06:34+0200,cc602197-a7f8-43dc-ae7f-8e28dc2e9571,2026-07-14T23:00:00Z,2026-07-15T01:00:00+0200,45259.338809,MW,DE,DE_LU,forecast_load,Forecasted Load,2026-07-27T20:08:22Z
2026-07-27T20:06:34Z,2026-07-27T22:06:34+0200,cc602197-a7f8-43dc-ae7f-8e28dc2e9571,2026-07-14T23:15:00Z,2026-07-15T01:15:00+0200,44822.798071,MW,DE,DE_LU,forecast_load,Forecasted Load,2026-07-27T20:08:22Z
2026-07-27T20:06:34Z,2026-07-27T22:06:34+0200,cc602197-a7f8-43dc-ae7f-8e28dc2e9571,2026-07-14T23:30:00Z,2026-07-15T01:30:00+0200,44509.367577,MW,DE,DE_LU,forecast_load,Forecasted Load,2026-07-27T20:08:22Z
2026-07-27T20:06:34Z,2026-07-27T22:06:34+0200,cc602197-a7f8-43dc-ae7f-8e28dc2e9571,2026-07-14T23:45:00Z,2026-07-15T01:45:00+0200,44192.171286,MW,DE,DE_LU,forecast_load,Forecasted Load,2026-07-27T20:08:22Z
2026-07-27T20:06:34Z,2026-07-27T22:06:34+0200,cc602197-a7f8-43dc-ae7f-8e28dc2e9571,2026-07-15T00:00:00Z,2026-07-15T02:00:00+0200,43890.164588,MW,DE,DE_LU,forecast_load,Forecasted Load,2026-07-27T20:08:22Z
2026-07-27T20:06:34Z,2026-07-27T22:06:34+0200,cc602197-a7f8-43dc-ae7f-8e28dc2e9571,2026-07-15T00:15:00Z,2026-07-15T02:15:00+0200,43656.914669,MW,DE,DE_LU,forecast_load,Forecasted Load,2026-07-27T20:08:22Z
2026-07-27T20:06:34Z,2026-07-27T22:06:34+0200,cc602197-a7f8-43dc-ae7f-8e28dc2e9571,2026-07-15T00:30:00Z,2026-07-15T02:30:00+0200,43580.781367,MW,DE,DE_LU,forecast_load,Forecasted Load,2026-07-27T20:08:22Z
2026-07-27T20:06:34Z,2026-07-27T22:06:34+0200,cc602197-a7f8-43dc-ae7f-8e28dc2e9571,2026-07-15T00:45:00Z,2026-07-15T02:45:00+0200,43463.822982,MW,DE,DE_LU,forecast_load,Forecasted Load,2026-07-27T20:08:22Z
2026-07-27T20:06:34Z,2026-07-27T22:06:34+0200,cc602197-a7f8-43dc-ae7f-8e28dc2e9571,2026-07-15T01:00:00Z,2026-07-15T03:00:00+0200,43492.931705,MW,DE,DE_LU,forecast_load,Forecasted Load,2026-07-27T20:08:22Z
2026-07-27T20:06:34Z,2026-07-27T22:06:34+0200,cc602197-a7f8-43dc-ae7f-8e28dc2e9571,2026-07-15T01:15:00Z,2026-07-15T03:15:00+0200,43349.924484,MW,DE,DE_LU,forecast_load,Forecasted Load,2026-07-27T20:08:22Z
2026-07-27T20:06:34Z,2026-07-27T22:06:34+0200,cc602197-a7f8-43dc-ae7f-8e28dc2e9571,2026-07-15T01:30:00Z,2026-07-15T03:30:00+0200,43450.506653,MW,DE,DE_LU,forecast_load,Forecasted Load,2026-07-27T20:08:22Z
2026-07-27T20:06:34Z,2026-07-27T22:06:34+0200,cc602197-a7f8-43dc-ae7f-8e28dc2e9571,2026-07-15T01:45:00Z,2026-07-15T03:45:00+0200,43634.050993,MW,DE,DE_LU,forecast_load,Forecasted Load,2026-07-27T20:08:22Z
2026-07-27T20:06:34Z,2026-07-27T22:06:34+0200,cc602197-a7f8-43dc-ae7f-8e28dc2e9571,2026-07-15T02:00:00Z,2026-07-15T04:00:00+0200,43981.528611,MW,DE,DE_LU,forecast_load,Forecasted Load,2026-07-27T20:08:22Z
2026-07-27T20:06:34Z,2026-07-27T22:06:34+0200,cc602197-a7f8-43dc-ae7f-8e28dc2e9571,2026-07-15T02:15:00Z,2026-07-15T04:15:00+0200,44261.666581,MW,DE,DE_LU,forecast_load,Forecasted Load,2026-07-27T20:08:22Z
2026-07-27T20:06:34Z,2026-07-27T22:06:34+0200,cc602197-a7f8-43dc-ae7f-8e28dc2e9571,2026-07-15T02:30:00Z,2026-07-15T04:30:00+0200,44609.982218,MW,DE,DE_LU,forecast_load,Forecasted Load,2026-07-27T20:08:22Z
2026-07-27T20:06:34Z,2026-07-27T22:06:34+0200,cc602197-a7f8-43dc-ae7f-8e28dc2e9571,2026-07-15T02:45:00Z,2026-07-15T04:45:00+0200,45280.389355,MW,DE,DE_LU,forecast_load,Forecasted Load,2026-07-27T20:08:22Z
2026-07-27T20:06:34Z,2026-07-27T22:06:34+0200,cc602197-a7f8-43dc-ae7f-8e28dc2e9571,2026-07-15T03:00:00Z,2026-07-15T05:00:00+0200,46038.716585,MW,DE,DE_LU,forecast_load,Forecasted Load,2026-07-27T20:08:22Z
2026-07-27T20:06:34Z,2026-07-27T22:06:34+0200,cc602197-a7f8-43dc-ae7f-8e28dc2e9571,2026-07-15T03:15:00Z,2026-07-15T05:15:00+0200,46717.299909,MW,DE,DE_LU,forecast_load,Forecasted Load,2026-07-27T20:08:22Z
2026-07-27T20:06:34Z,2026-07-27T22:06:34+0200,cc602197-a7f8-43dc-ae7f-8e28dc2e9571,2026-07-15T03:30:00Z,2026-07-15T05:30:00+0200,47342.385408,MW,DE,DE_LU,forecast_load,Forecasted Load,2026-07-27T20:08:22Z
2026-07-27T20:06:34Z,2026-07-27T22:06:34+0200,cc602197-a7f8-43dc-ae7f-8e28dc2e9571,2026-07-15T03:45:00Z,2026-07-15T05:45:00+0200,48696.33246,MW,DE,DE_LU,forecast_load,Forecasted Load,2026-07-27T20:08:22Z
2026-07-27T20:06:34Z,2026-07-27T22:06:34+0200,cc602197-a7f8-43dc-ae7f-8e28dc2e9571,2026-07-15T04:00:00Z,2026-07-15T06:00:00+0200,51269.02462,MW,DE,DE_LU,forecast_load,Forecasted Load,2026-07-27T20:08:22Z
2026-07-27T20:06:34Z,2026-07-27T22:06:34+0200,cc602197-a7f8-43dc-ae7f-8e28dc2e9571,2026-07-15T04:15:00Z,2026-07-15T06:15:00+0200,52398.058103,MW,DE,DE_LU,forecast_load,Forecasted Load,2026-07-27T20:08:22Z
2026-07-27T20:06:34Z,2026-07-27T22:06:34+0200,cc602197-a7f8-43dc-ae7f-8e28dc2e9571,2026-07-15T04:30:00Z,2026-07-15T06:30:00+0200,53805.268272,MW,DE,DE_LU,forecast_load,Forecasted Load,2026-07-27T20:08:22Z
2026-07-27T20:06:34Z,2026-07-27T22:06:34+0200,cc602197-a7f8-43dc-ae7f-8e28dc2e9571,2026-07-15T04:45:00Z,2026-07-15T06:45:00+0200,54962.861366,MW,DE,DE_LU,forecast_load,Forecasted Load,2026-07-27T20:08:22Z
2026-07-27T20:06:34Z,2026-07-27T22:06:34+0200,cc602197-a7f8-43dc-ae7f-8e28dc2e9571,2026-07-15T05:00:00Z,2026-07-15T07:00:00+0200,56129.094174,MW,DE,DE_LU,forecast_load,Forecasted Load,2026-07-27T20:08:22Z
2026-07-27T20:06:34Z,2026-07-27T22:06:34+0200,cc602197-a7f8-43dc-ae7f-8e28dc2e9571,2026-07-15T05:15:00Z,2026-07-15T07:15:00+0200,57417.651496,MW,DE,DE_LU,forecast_load,Forecasted Load,2026-07-27T20:08:22Z
2026-07-27T20:06:34Z,2026-07-27T22:06:34+0200,cc602197-a7f8-43dc-ae7f-8e28dc2e9571,2026-07-15T05:30:00Z,2026-07-15T07:30:00+0200,58514.750987,MW,DE,DE_LU,forecast_load,Forecasted Load,2026-07-27T20:08:22Z
2026-07-27T20:06:34Z,2026-07-27T22:06:34+0200,cc602197-a7f8-43dc-ae7f-8e28dc2e9571,2026-07-15T05:45:00Z,2026-07-15T07:45:00+0200,59539.247708,MW,DE,DE_LU,forecast_load,Forecasted Load,2026-07-27T20:08:22Z
2026-07-27T20:06:34Z,2026-07-27T22:06:34+0200,cc602197-a7f8-43dc-ae7f-8e28dc2e9571,2026-07-15T06:00:00Z,2026-07-15T08:00:00+0200,60086.956095,MW,DE,DE_LU,forecast_load,Forecasted Load,2026-07-27T20:08:22Z
2026-07-27T20:06:34Z,2026-07-27T22:06:34+0200,cc602197-a7f8-43dc-ae7f-8e28dc2e9571,2026-07-15T06:15:00Z,2026-07-15T08:15:00+0200,60636.202402,MW,DE,DE_LU,forecast_load,Forecasted Load,2026-07-27T20:08:22Z
2026-07-27T20:06:34Z,2026-07-27T22:06:34+0200,cc602197-a7f8-43dc-ae7f-8e28dc2e9571,2026-07-15T06:30:00Z,2026-07-15T08:30:00+0200,61074.925841,MW,DE,DE_LU,forecast_load,Forecasted Load,2026-07-27T20:08:22Z
2026-07-27T20:06:34Z,2026-07-27T22:06:34+0200,cc602197-a7f8-43dc-ae7f-8e28dc2e9571,2026-07-15T06:45:00Z,2026-07-15T08:45:00+0200,61311.662551,MW,DE,DE_LU,forecast_load,Forecasted Load,2026-07-27T20:08:22Z
2026-07-27T20:06:34Z,2026-07-27T22:06:34+0200,cc602197-a7f8-43dc-ae7f-8e28dc2e9571,2026-07-15T07:00:00Z,2026-07-15T09:00:00+0200,61329.001285,MW,DE,DE_LU,forecast_load,Forecasted Load,2026-07-27T20:08:22Z
2026-07-27T20:06:34Z,2026-07-27T22:06:34+0200,cc602197-a7f8-43dc-ae7f-8e28dc2e9571,2026-07-15T07:15:00Z,2026-07-15T09:15:00+0200,61388.699887,MW,DE,DE_LU,forecast_load,Forecasted Load,2026-07-27T20:08:22Z
2026-07-27T20:06:34Z,2026-07-27T22:06:34+0200,cc602197-a7f8-43dc-ae7f-8e28dc2e9571,2026-07-15T07:30:00Z,2026-07-15T09:30:00+0200,61742.199742,MW,DE,DE_LU,forecast_load,Forecasted Load,2026-07-27T20:08:22Z
2026-07-27T20:06:34Z,2026-07-27T22:06:34+0200,cc602197-a7f8-43dc-ae7f-8e28dc2e9571,2026-07-15T07:45:00Z,2026-07-15T09:45:00+0200,61730.049413,MW,DE,DE_LU,forecast_load,Forecasted Load,2026-07-27T20:08:22Z
2026-07-27T20:06:34Z,2026-07-27T22:06:34+0200,cc602197-a7f8-43dc-ae7f-8e28dc2e9571,2026-07-15T08:00:00Z,2026-07-15T10:00:00+0200,61583.646836,MW,DE,DE_LU,forecast_load,Forecasted Load,2026-07-27T20:08:22Z
2026-07-27T20:06:34Z,2026-07-27T22:06:34+0200,cc602197-a7f8-43dc-ae7f-8e28dc2e9571,2026-07-15T08:15:00Z,2026-07-15T10:15:00+0200,61692.916478,MW,DE,DE_LU,forecast_load,Forecasted Load,2026-07-27T20:08:22Z
2026-07-27T20:06:34Z,2026-07-27T22:06:34+0200,cc602197-a7f8-43dc-ae7f-8e28dc2e9571,2026-07-15T08:30:00Z,2026-07-15T10:30:00+0200,61431.695776,MW,DE,DE_LU,forecast_load,Forecasted Load,2026-07-27T20:08:22Z
2026-07-27T20:06:34Z,2026-07-27T22:06:34+0200,cc602197-a7f8-43dc-ae7f-8e28dc2e9571,2026-07-15T08:45:00Z,2026-07-15T10:45:00+0200,61693.868411,MW,DE,DE_LU,forecast_load,Forecasted Load,2026-07-27T20:08:22Z
2026-07-27T20:06:34Z,2026-07-27T22:06:34+0200,cc602197-a7f8-43dc-ae7f-8e28dc2e9571,2026-07-15T09:00:00Z,2026-07-15T11:00:00+0200,61580.238224,MW,DE,DE_LU,forecast_load,Forecasted Load,2026-07-27T20:08:22Z
2026-07-27T20:06:34Z,2026-07-27T22:06:34+0200,cc602197-a7f8-43dc-ae7f-8e28dc2e9571,2026-07-15T09:15:00Z,2026-07-15T11:15:00+0200,61651.90043,MW,DE,DE_LU,forecast_load,Forecasted Load,2026-07-27T20:08:22Z
2026-07-27T20:06:34Z,2026-07-27T22:06:34+0200,cc602197-a7f8-43dc-ae7f-8e28dc2e9571,2026-07-15T09:30:00Z,2026-07-15T11:30:00+0200,61373.219182,MW,DE,DE_LU,forecast_load,Forecasted Load,2026-07-27T20:08:22Z
2026-07-27T20:06:34Z,2026-07-27T22:06:34+0200,cc602197-a7f8-43dc-ae7f-8e28dc2e9571,2026-07-15T09:45:00Z,2026-07-15T11:45:00+0200,61370.228479,MW,DE,DE_LU,forecast_load,Forecasted Load,2026-07-27T20:08:22Z
2026-07-27T20:06:34Z,2026-07-27T22:06:34+0200,cc602197-a7f8-43dc-ae7f-8e28dc2e9571,2026-07-15T10:00:00Z,2026-07-15T12:00:00+0200,60823.794874,MW,DE,DE_LU,forecast_load,Forecasted Load,2026-07-27T20:08:22Z
2026-07-27T20:06:34Z,2026-07-27T22:06:34+0200,cc602197-a7f8-43dc-ae7f-8e28dc2e9571,2026-07-15T10:15:00Z,2026-07-15T12:15:00+0200,60394.051315,MW,DE,DE_LU,forecast_load,Forecasted Load,2026-07-27T20:08:22Z
2026-07-27T20:06:34Z,2026-07-27T22:06:34+0200,cc602197-a7f8-43dc-ae7f-8e28dc2e9571,2026-07-15T10:30:00Z,2026-07-15T12:30:00+0200,60174.886299,MW,DE,DE_LU,forecast_load,Forecasted Load,2026-07-27T20:08:22Z
2026-07-27T20:06:34Z,2026-07-27T22:06:34+0200,cc602197-a7f8-43dc-ae7f-8e28dc2e9571,2026-07-15T10:45:00Z,2026-07-15T12:45:00+0200,60573.667777,MW,DE,DE_LU,forecast_load,Forecasted Load,2026-07-27T20:08:22Z
2026-07-27T20:06:34Z,2026-07-27T22:06:34+0200,cc602197-a7f8-43dc-ae7f-8e28dc2e9571,2026-07-15T11:00:00Z,2026-07-15T13:00:00+0200,59584.769923,MW,DE,DE_LU,forecast_load,Forecasted Load,2026-07-27T20:08:22Z
2026-07-27T20:06:34Z,2026-07-27T22:06:34+0200,cc602197-a7f8-43dc-ae7f-8e28dc2e9571,2026-07-15T11:15:00Z,2026-07-15T13:15:00+0200,58807.733216,MW,DE,DE_LU,forecast_load,Forecasted Load,2026-07-27T20:08:22Z
2026-07-27T20:06:34Z,2026-07-27T22:06:34+0200,cc602197-a7f8-43dc-ae7f-8e28dc2e9571,2026-07-15T11:30:00Z,2026-07-15T13:30:00+0200,58851.243266,MW,DE,DE_LU,forecast_load,Forecasted Load,2026-07-27T20:08:22Z
2026-07-27T20:06:34Z,2026-07-27T22:06:34+0200,cc602197-a7f8-43dc-ae7f-8e28dc2e9571,2026-07-15T11:45:00Z,2026-07-15T13:45:00+0200,58177.116481,MW,DE,DE_LU,forecast_load,Forecasted Load,2026-07-27T20:08:22Z
2026-07-27T20:06:34Z,2026-07-27T22:06:34+0200,cc602197-a7f8-43dc-ae7f-8e28dc2e9571,2026-07-15T12:00:00Z,2026-07-15T14:00:00+0200,58539.634362,MW,DE,DE_LU,forecast_load,Forecasted Load,2026-07-27T20:08:22Z
2026-07-27T20:06:34Z,2026-07-27T22:06:34+0200,cc602197-a7f8-43dc-ae7f-8e28dc2e9571,2026-07-15T12:15:00Z,2026-07-15T14:15:00+0200,57983.119475,MW,DE,DE_LU,forecast_load,Forecasted Load,2026-07-27T20:08:22Z
2026-07-27T20:06:34Z,2026-07-27T22:06:34+0200,cc602197-a7f8-43dc-ae7f-8e28dc2e9571,2026-07-15T12:30:00Z,2026-07-15T14:30:00+0200,58004.748434,MW,DE,DE_LU,forecast_load,Forecasted Load,2026-07-27T20:08:22Z
2026-07-27T20:06:34Z,2026-07-27T22:06:34+0200,cc602197-a7f8-43dc-ae7f-8e28dc2e9571,2026-07-15T12:45:00Z,2026-07-15T14:45:00+0200,57754.058946,MW,DE,DE_LU,forecast_load,Forecasted Load,2026-07-27T20:08:22Z
2026-07-27T20:06:34Z,2026-07-27T22:06:34+0200,cc602197-a7f8-43dc-ae7f-8e28dc2e9571,2026-07-15T13:00:00Z,2026-07-15T15:00:00+0200,57892.501603,MW,DE,DE_LU,forecast_load,Forecasted Load,2026-07-27T20:08:22Z
2026-07-27T20:06:34Z,2026-07-27T22:06:34+0200,cc602197-a7f8-43dc-ae7f-8e28dc2e9571,2026-07-15T13:15:00Z,2026-07-15T15:15:00+0200,56933.295703,MW,DE,DE_LU,forecast_load,Forecasted Load,2026-07-27T20:08:22Z
2026-07-27T20:06:34Z,2026-07-27T22:06:34+0200,cc602197-a7f8-43dc-ae7f-8e28dc2e9571,2026-07-15T13:30:00Z,2026-07-15T15:30:00+0200,57245.546812,MW,DE,DE_LU,forecast_load,Forecasted Load,2026-07-27T20:08:22Z
2026-07-27T20:06:34Z,2026-07-27T22:06:34+0200,cc602197-a7f8-43dc-ae7f-8e28dc2e9571,2026-07-15T13:45:00Z,2026-07-15T15:45:00+0200,57190.832143,MW,DE,DE_LU,forecast_load,Forecasted Load,2026-07-27T20:08:22Z
2026-07-27T20:06:34Z,2026-07-27T22:06:34+0200,cc602197-a7f8-43dc-ae7f-8e28dc2e9571,2026-07-15T14:00:00Z,2026-07-15T16:00:00+0200,57514.540378,MW,DE,DE_LU,forecast_load,Forecasted Load,2026-07-27T20:08:22Z
2026-07-27T20:06:34Z,2026-07-27T22:06:34+0200,cc602197-a7f8-43dc-ae7f-8e28dc2e9571,2026-07-15T14:15:00Z,2026-07-15T16:15:00+0200,56862.357934,MW,DE,DE_LU,forecast_load,Forecasted Load,2026-07-27T20:08:22Z
2026-07-27T20:06:34Z,2026-07-27T22:06:34+0200,cc602197-a7f8-43dc-ae7f-8e28dc2e9571,2026-07-15T14:30:00Z,2026-07-15T16:30:00+0200,57103.060341,MW,DE,DE_LU,forecast_load,Forecasted Load,2026-07-27T20:08:22Z
2026-07-27T20:06:34Z,2026-07-27T22:06:34+0200,cc602197-a7f8-43dc-ae7f-8e28dc2e9571,2026-07-15T14:45:00Z,2026-07-15T16:45:00+0200,57045.918423,MW,DE,DE_LU,forecast_load,Forecasted Load,2026-07-27T20:08:22Z
2026-07-27T20:06:34Z,2026-07-27T22:06:34+0200,cc602197-a7f8-43dc-ae7f-8e28dc2e9571,2026-07-15T15:00:00Z,2026-07-15T17:00:00+0200,56999.741931,MW,DE,DE_LU,forecast_load,Forecasted Load,2026-07-27T20:08:22Z
2026-07-27T20:06:34Z,2026-07-27T22:06:34+0200,cc602197-a7f8-43dc-ae7f-8e28dc2e9571,2026-07-15T15:15:00Z,2026-07-15T17:15:00+0200,57024.767302,MW,DE,DE_LU,forecast_load,Forecasted Load,2026-07-27T20:08:22Z
2026-07-27T20:06:34Z,2026-07-27T22:06:34+0200,cc602197-a7f8-43dc-ae7f-8e28dc2e9571,2026-07-15T15:30:00Z,2026-07-15T17:30:00+0200,56854.445925,MW,DE,DE_LU,forecast_load,Forecasted Load,2026-07-27T20:08:22Z
2026-07-27T20:06:34Z,2026-07-27T22:06:34+0200,cc602197-a7f8-43dc-ae7f-8e28dc2e9571,2026-07-15T15:45:00Z,2026-07-15T17:45:00+0200,57133.993103,MW,DE,DE_LU,forecast_load,Forecasted Load,2026-07-27T20:08:22Z
2026-07-27T20:06:34Z,2026-07-27T22:06:34+0200,cc602197-a7f8-43dc-ae7f-8e28dc2e9571,2026-07-15T16:00:00Z,2026-07-15T18:00:00+0200,57533.987287,MW,DE,DE_LU,forecast_load,Forecasted Load,2026-07-27T20:08:22Z
2026-07-27T20:06:34Z,2026-07-27T22:06:34+0200,cc602197-a7f8-43dc-ae7f-8e28dc2e9571,2026-07-15T16:15:00Z,2026-07-15T18:15:00+0200,57839.601225,MW,DE,DE_LU,forecast_load,Forecasted Load,2026-07-27T20:08:22Z
2026-07-27T20:06:34Z,2026-07-27T22:06:34+0200,cc602197-a7f8-43dc-ae7f-8e28dc2e9571,2026-07-15T16:30:00Z,2026-07-15T18:30:00+0200,58042.750926,MW,DE,DE_LU,forecast_load,Forecasted Load,2026-07-27T20:08:22Z
2026-07-27T20:06:34Z,2026-07-27T22:06:34+0200,cc602197-a7f8-43dc-ae7f-8e28dc2e9571,2026-07-15T16:45:00Z,2026-07-15T18:45:00+0200,58249.662486,MW,DE,DE_LU,forecast_load,Forecasted Load,2026-07-27T20:08:22Z
2026-07-27T20:06:34Z,2026-07-27T22:06:34+0200,cc602197-a7f8-43dc-ae7f-8e28dc2e9571,2026-07-15T17:00:00Z,2026-07-15T19:00:00+0200,58639.778138,MW,DE,DE_LU,forecast_load,Forecasted Load,2026-07-27T20:08:22Z
2026-07-27T20:06:34Z,2026-07-27T22:06:34+0200,cc602197-a7f8-43dc-ae7f-8e28dc2e9571,2026-07-15T17:15:00Z,2026-07-15T19:15:00+0200,58790.161931,MW,DE,DE_LU,forecast_load,Forecasted Load,2026-07-27T20:08:22Z
2026-07-27T20:06:34Z,2026-07-27T22:06:34+0200,cc602197-a7f8-43dc-ae7f-8e28dc2e9571,2026-07-15T17:30:00Z,2026-07-15T19:30:00+0200,58845.64977,MW,DE,DE_LU,forecast_load,Forecasted Load,2026-07-27T20:08:22Z
2026-07-27T20:06:34Z,2026-07-27T22:06:34+0200,cc602197-a7f8-43dc-ae7f-8e28dc2e9571,2026-07-15T17:45:00Z,2026-07-15T19:45:00+0200,58640.654144,MW,DE,DE_LU,forecast_load,Forecasted Load,2026-07-27T20:08:22Z
2026-07-27T20:06:34Z,2026-07-27T22:06:34+0200,cc602197-a7f8-43dc-ae7f-8e28dc2e9571,2026-07-15T18:00:00Z,2026-07-15T20:00:00+0200,58450.03844,MW,DE,DE_LU,forecast_load,Forecasted Load,2026-07-27T20:08:22Z
2026-07-27T20:06:34Z,2026-07-27T22:06:34+0200,cc602197-a7f8-43dc-ae7f-8e28dc2e9571,2026-07-15T18:15:00Z,2026-07-15T20:15:00+0200,57992.79736,MW,DE,DE_LU,forecast_load,Forecasted Load,2026-07-27T20:08:22Z
2026-07-27T20:06:34Z,2026-07-27T22:06:34+0200,cc602197-a7f8-43dc-ae7f-8e28dc2e9571,2026-07-15T18:30:00Z,2026-07-15T20:30:00+0200,57470.052657,MW,DE,DE_LU,forecast_load,Forecasted Load,2026-07-27T20:08:22Z
2026-07-27T20:06:34Z,2026-07-27T22:06:34+0200,cc602197-a7f8-43dc-ae7f-8e28dc2e9571,2026-07-15T18:45:00Z,2026-07-15T20:45:00+0200,56985.588746,MW,DE,DE_LU,forecast_load,Forecasted Load,2026-07-27T20:08:22Z
2026-07-27T20:06:34Z,2026-07-27T22:06:34+0200,cc602197-a7f8-43dc-ae7f-8e28dc2e9571,2026-07-15T19:00:00Z,2026-07-15T21:00:00+0200,56191.156946,MW,DE,DE_LU,forecast_load,Forecasted Load,2026-07-27T20:08:22Z
2026-07-27T20:06:34Z,2026-07-27T22:06:34+0200,cc602197-a7f8-43dc-ae7f-8e28dc2e9571,2026-07-15T19:15:00Z,2026-07-15T21:15:00+0200,55747.546499,MW,DE,DE_LU,forecast_load,Forecasted Load,2026-07-27T20:08:22Z
2026-07-27T20:06:34Z,2026-07-27T22:06:34+0200,cc602197-a7f8-43dc-ae7f-8e28dc2e9571,2026-07-15T19:30:00Z,2026-07-15T21:30:00+0200,55061.327506,MW,DE,DE_LU,forecast_load,Forecasted Load,2026-07-27T20:08:22Z
2026-07-27T20:06:34Z,2026-07-27T22:06:34+0200,cc602197-a7f8-43dc-ae7f-8e28dc2e9571,2026-07-15T19:45:00Z,2026-07-15T21:45:00+0200,54552.133039,MW,DE,DE_LU,forecast_load,Forecasted Load,2026-07-27T20:08:22Z
2026-07-27T20:06:34Z,2026-07-27T22:06:34+0200,cc602197-a7f8-43dc-ae7f-8e28dc2e9571,2026-07-15T20:00:00Z,2026-07-15T22:00:00+0200,53702.319501,MW,DE,DE_LU,forecast_load,Forecasted Load,2026-07-27T20:08:22Z
2026-07-27T20:06:34Z,2026-07-27T22:06:34+0200,cc602197-a7f8-43dc-ae7f-8e28dc2e9571,2026-07-15T20:15:00Z,2026-07-15T22:15:00+0200,52796.000402,MW,DE,DE_LU,forecast_load,Forecasted Load,2026-07-27T20:08:22Z
2026-07-27T20:06:34Z,2026-07-27T22:06:34+0200,cc602197-a7f8-43dc-ae7f-8e28dc2e9571,2026-07-15T20:30:00Z,2026-07-15T22:30:00+0200,51846.753243,MW,DE,DE_LU,forecast_load,Forecasted Load,2026-07-27T20:08:22Z
2026-07-27T20:06:34Z,2026-07-27T22:06:34+0200,cc602197-a7f8-43dc-ae7f-8e28dc2e9571,2026-07-15T20:45:00Z,2026-07-15T22:45:00+0200,51031.991554,MW,DE,DE_LU,forecast_load,Forecasted Load,2026-07-27T20:08:22Z
2026-07-27T20:06:34Z,2026-07-27T22:06:34+0200,cc602197-a7f8-43dc-ae7f-8e28dc2e9571,2026-07-15T21:00:00Z,2026-07-15T23:00:00+0200,49987.528054,MW,DE,DE_LU,forecast_load,Forecasted Load,2026-07-27T20:08:22Z
2026-07-27T20:06:34Z,2026-07-27T22:06:34+0200,cc602197-a7f8-43dc-ae7f-8e28dc2e9571,2026-07-15T21:15:00Z,2026-07-15T23:15:00+0200,49103.078838,MW,DE,DE_LU,forecast_load,Forecasted Load,2026-07-27T20:08:22Z
2026-07-27T20:06:34Z,2026-07-27T22:06:34+0200,cc602197-a7f8-43dc-ae7f-8e28dc2e9571,2026-07-15T21:30:00Z,2026-07-15T23:30:00+0200,48385.936156,MW,DE,DE_LU,forecast_load,Forecasted Load,2026-07-27T20:08:22Z
2026-07-27T20:06:34Z,2026-07-27T22:06:34+0200,cc602197-a7f8-43dc-ae7f-8e28dc2e9571,2026-07-15T21:45:00Z,2026-07-15T23:45:00+0200,47795.231077,MW,DE,DE_LU,forecast_load,Forecasted Load,2026-07-27T20:08:22Z
2026-07-27T20:06:34Z,2026-07-27T22:06:34+0200,cc602197-a7f8-43dc-ae7f-8e28dc2e9571,2026-07-15T22:00:00Z,2026-07-16T00:00:00+0200,47289.320414,MW,DE,DE_LU,forecast_load,Forecasted Load,2026-07-27T20:08:22Z
2026-07-27T20:06:34Z,2026-07-27T22:06:34+0200,cc602197-a7f8-43dc-ae7f-8e28dc2e9571,2026-07-15T22:15:00Z,2026-07-16T00:15:00+0200,46462.207582,MW,DE,DE_LU,forecast_load,Forecasted Load,2026-07-27T20:08:22Z
2026-07-27T20:06:34Z,2026-07-27T22:06:34+0200,cc602197-a7f8-43dc-ae7f-8e28dc2e9571,2026-07-15T22:30:00Z,2026-07-16T00:30:00+0200,45992.615579,MW,DE,DE_LU,forecast_load,Forecasted Load,2026-07-27T20:08:22Z
2026-07-27T20:06:34Z,2026-07-27T22:06:34+0200,cc602197-a7f8-43dc-ae7f-8e28dc2e9571,2026-07-15T22:45:00Z,2026-07-16T00:45:00+0200,45402.593969,MW,DE,DE_LU,forecast_load,Forecasted Load,2026-07-27T20:08:22Z
2026-07-27T20:06:34Z,2026-07-27T22:06:34+0200,cc602197-a7f8-43dc-ae7f-8e28dc2e9571,2026-07-15T23:00:00Z,2026-07-16T01:00:00+0200,44856.595717,MW,DE,DE_LU,forecast_load,Forecasted Load,2026-07-27T20:08:22Z
2026-07-27T20:06:34Z,2026-07-27T22:06:34+0200,cc602197-a7f8-43dc-ae7f-8e28dc2e9571,2026-07-15T23:15:00Z,2026-07-16T01:15:00+0200,44416.144556,MW,DE,DE_LU,forecast_load,Forecasted Load,2026-07-27T20:08:22Z
2026-07-27T20:06:34Z,2026-07-27T22:06:34+0200,cc602197-a7f8-43dc-ae7f-8e28dc2e9571,2026-07-15T23:30:00Z,2026-07-16T01:30:00+0200,44051.61062,MW,DE,DE_LU,forecast_load,Forecasted Load,2026-07-27T20:08:22Z
2026-07-27T20:06:34Z,2026-07-27T22:06:34+0200,cc602197-a7f8-43dc-ae7f-8e28dc2e9571,2026-07-15T23:45:00Z,2026-07-16T01:45:00+0200,43807.972318,MW,DE,DE_LU,forecast_load,Forecasted Load,2026-07-27T20:08:22Z
2026-07-27T20:06:34Z,2026-07-27T22:06:34+0200,cc602197-a7f8-43dc-ae7f-8e28dc2e9571,2026-07-16T00:00:00Z,2026-07-16T02:00:00+0200,43688.408114,MW,DE,DE_LU,forecast_load,Forecasted Load,2026-07-27T20:08:22Z
2026-07-27T20:06:34Z,2026-07-27T22:06:34+0200,cc602197-a7f8-43dc-ae7f-8e28dc2e9571,2026-07-16T00:15:00Z,2026-07-16T02:15:00+0200,43508.495999,MW,DE,DE_LU,forecast_load,Forecasted Load,2026-07-27T20:08:22Z
2026-07-27T20:06:34Z,2026-07-27T22:06:34+0200,cc602197-a7f8-43dc-ae7f-8e28dc2e9571,2026-07-16T00:30:00Z,2026-07-16T02:30:00+0200,43395.137526,MW,DE,DE_LU,forecast_load,Forecasted Load,2026-07-27T20:08:22Z
2026-07-27T20:06:34Z,2026-07-27T22:06:34+0200,cc602197-a7f8-43dc-ae7f-8e28dc2e9571,2026-07-16T00:45:00Z,2026-07-16T02:45:00+0200,43341.88617,MW,DE,DE_LU,forecast_load,Forecasted Load,2026-07-27T20:08:22Z
2026-07-27T20:06:34Z,2026-07-27T22:06:34+0200,cc602197-a7f8-43dc-ae7f-8e28dc2e9571,2026-07-16T01:00:00Z,2026-07-16T03:00:00+0200,43328.099007,MW,DE,DE_LU,forecast_load,Forecasted Load,2026-07-27T20:08:22Z
2026-07-27T20:06:34Z,2026-07-27T22:06:34+0200,cc602197-a7f8-43dc-ae7f-8e28dc2e9571,2026-07-16T01:15:00Z,2026-07-16T03:15:00+0200,43285.269039,MW,DE,DE_LU,forecast_load,Forecasted Load,2026-07-27T20:08:22Z
2026-07-27T20:06:34Z,2026-07-27T22:06:34+0200,cc602197-a7f8-43dc-ae7f-8e28dc2e9571,2026-07-16T01:30:00Z,2026-07-16T03:30:00+0200,43329.89103,MW,DE,DE_LU,forecast_load,Forecasted Load,2026-07-27T20:08:22Z
2026-07-27T20:06:34Z,2026-07-27T22:06:34+0200,cc602197-a7f8-43dc-ae7f-8e28dc2e9571,2026-07-16T01:45:00Z,2026-07-16T03:45:00+0200,43476.310297,MW,DE,DE_LU,forecast_load,Forecasted Load,2026-07-27T20:08:22Z
2026-07-27T20:06:34Z,2026-07-27T22:06:34+0200,cc602197-a7f8-43dc-ae7f-8e28dc2e9571,2026-07-16T02:00:00Z,2026-07-16T04:00:00+0200,43685.727947,MW,DE,DE_LU,forecast_load,Forecasted Load,2026-07-27T20:08:22Z
2026-07-27T20:06:34Z,2026-07-27T22:06:34+0200,cc602197-a7f8-43dc-ae7f-8e28dc2e9571,2026-07-16T02:15:00Z,2026-07-16T04:15:00+0200,43768.851009,MW,DE,DE_LU,forecast_load,Forecasted Load,2026-07-27T20:08:22Z
2026-07-27T20:06:34Z,2026-07-27T22:06:34+0200,cc602197-a7f8-43dc-ae7f-8e28dc2e9571,2026-07-16T02:30:00Z,2026-07-16T04:30:00+0200,44221.093076,MW,DE,DE_LU,forecast_load,Forecasted Load,2026-07-27T20:08:22Z
2026-07-27T20:06:34Z,2026-07-27T22:06:34+0200,cc602197-a7f8-43dc-ae7f-8e28dc2e9571,2026-07-16T02:45:00Z,2026-07-16T04:45:00+0200,44381.053521,MW,DE,DE_LU,forecast_load,Forecasted Load,2026-07-27T20:08:22Z
2026-07-27T20:06:34Z,2026-07-27T22:06:34+0200,cc602197-a7f8-43dc-ae7f-8e28dc2e9571,2026-07-16T03:00:00Z,2026-07-16T05:00:00+0200,45466.37523,MW,DE,DE_LU,forecast_load,Forecasted Load,2026-07-27T20:08:22Z
2026-07-27T20:06:34Z,2026-07-27T22:06:34+0200,cc602197-a7f8-43dc-ae7f-8e28dc2e9571,2026-07-16T03:15:00Z,2026-07-16T05:15:00+0200,46366.292848,MW,DE,DE_LU,forecast_load,Forecasted Load,2026-07-27T20:08:22Z
2026-07-27T20:06:34Z,2026-07-27T22:06:34+0200,cc602197-a7f8-43dc-ae7f-8e28dc2e9571,2026-07-16T03:30:00Z,2026-07-16T05:30:00+0200,47338.29692,MW,DE,DE_LU,forecast_load,Forecasted Load,2026-07-27T20:08:22Z
2026-07-27T20:06:34Z,2026-07-27T22:06:34+0200,cc602197-a7f8-43dc-ae7f-8e28dc2e9571,2026-07-16T03:45:00Z,2026-07-16T05:45:00+0200,48652.666753,MW,DE,DE_LU,forecast_load,Forecasted Load,2026-07-27T20:08:22Z
2026-07-27T20:06:34Z,2026-07-27T22:06:34+0200,cc602197-a7f8-43dc-ae7f-8e28dc2e9571,2026-07-16T04:00:00Z,2026-07-16T06:00:00+0200,50424.0768,MW,DE,DE_LU,forecast_load,Forecasted Load,2026-07-27T20:08:22Z
2026-07-27T20:06:34Z,2026-07-27T22:06:34+0200,cc602197-a7f8-43dc-ae7f-8e28dc2e9571,2026-07-16T04:15:00Z,2026-07-16T06:15:00+0200,52109.706195,MW,DE,DE_LU,forecast_load,Forecasted Load,2026-07-27T20:08:22Z
2026-07-27T20:06:34Z,2026-07-27T22:06:34+0200,cc602197-a7f8-43dc-ae7f-8e28dc2e9571,2026-07-16T04:30:00Z,2026-07-16T06:30:00+0200,53381.257534,MW,DE,DE_LU,forecast_load,Forecasted Load,2026-07-27T20:08:22Z
2026-07-27T20:06:34Z,2026-07-27T22:06:34+0200,cc602197-a7f8-43dc-ae7f-8e28dc2e9571,2026-07-16T04:45:00Z,2026-07-16T06:45:00+0200,54885.803774,MW,DE,DE_LU,forecast_load,Forecasted Load,2026-07-27T20:08:22Z
2026-07-27T20:06:34Z,2026-07-27T22:06:34+0200,cc602197-a7f8-43dc-ae7f-8e28dc2e9571,2026-07-16T05:00:00Z,2026-07-16T07:00:00+0200,56095.20002,MW,DE,DE_LU,forecast_load,Forecasted Load,2026-07-27T20:08:22Z
2026-07-27T20:06:34Z,2026-07-27T22:06:34+0200,cc602197-a7f8-43dc-ae7f-8e28dc2e9571,2026-07-16T05:15:00Z,2026-07-16T07:15:00+0200,57178.276918,MW,DE,DE_LU,forecast_load,Forecasted Load,2026-07-27T20:08:22Z
2026-07-27T20:06:34Z,2026-07-27T22:06:34+0200,cc602197-a7f8-43dc-ae7f-8e28dc2e9571,2026-07-16T05:30:00Z,2026-07-16T07:30:00+0200,58241.139702,MW,DE,DE_LU,forecast_load,Forecasted Load,2026-07-27T20:08:22Z
2026-07-27T20:06:34Z,2026-07-27T22:06:34+0200,cc602197-a7f8-43dc-ae7f-8e28dc2e9571,2026-07-16T05:45:00Z,2026-07-16T07:45:00+0200,58934.88289,MW,DE,DE_LU,forecast_load,Forecasted Load,2026-07-27T20:08:22Z
2026-07-27T20:06:34Z,2026-07-27T22:06:34+0200,cc602197-a7f8-43dc-ae7f-8e28dc2e9571,2026-07-16T06:00:00Z,2026-07-16T08:00:00+0200,59489.373932,MW,DE,DE_LU,forecast_load,Forecasted Load,2026-07-27T20:08:22Z
2026-07-27T20:06:34Z,2026-07-27T22:06:34+0200,cc602197-a7f8-43dc-ae7f-8e28dc2e9571,2026-07-16T06:15:00Z,2026-07-16T08:15:00+0200,60014.976225,MW,DE,DE_LU,forecast_load,Forecasted Load,2026-07-27T20:08:22Z
2026-07-27T20:06:34Z,2026-07-27T22:06:34+0200,cc602197-a7f8-43dc-ae7f-8e28dc2e9571,2026-07-16T06:30:00Z,2026-07-16T08:30:00+0200,60496.353748,MW,DE,DE_LU,forecast_load,Forecasted Load,2026-07-27T20:08:22Z
2026-07-27T20:06:34Z,2026-07-27T22:06:34+0200,cc602197-a7f8-43dc-ae7f-8e28dc2e9571,2026-07-16T06:45:00Z,2026-07-16T08:45:00+0200,60744.204595,MW,DE,DE_LU,forecast_load,Forecasted Load,2026-07-27T20:08:22Z
2026-07-27T20:06:34Z,2026-07-27T22:06:34+0200,cc602197-a7f8-43dc-ae7f-8e28dc2e9571,2026-07-16T07:00:00Z,2026-07-16T09:00:00+0200,60548.269186,MW,DE,DE_LU,forecast_load,Forecasted Load,2026-07-27T20:08:22Z
2026-07-27T20:06:34Z,2026-07-27T22:06:34+0200,cc602197-a7f8-43dc-ae7f-8e28dc2e9571,2026-07-16T07:15:00Z,2026-07-16T09:15:00+0200,60462.683207,MW,DE,DE_LU,forecast_load,Forecasted Load,2026-07-27T20:08:22Z
2026-07-27T20:06:34Z,2026-07-27T22:06:34+0200,cc602197-a7f8-43dc-ae7f-8e28dc2e9571,2026-07-16T07:30:00Z,2026-07-16T09:30:00+0200,60561.654532,MW,DE,DE_LU,forecast_load,Forecasted Load,2026-07-27T20:08:22Z
2026-07-27T20:06:34Z,2026-07-27T22:06:34+0200,cc602197-a7f8-43dc-ae7f-8e28dc2e9571,2026-07-16T07:45:00Z,2026-07-16T09:45:00+0200,60814.217169,MW,DE,DE_LU,forecast_load,Forecasted Load,2026-07-27T20:08:22Z
2026-07-27T20:06:34Z,2026-07-27T22:06:34+0200,cc602197-a7f8-43dc-ae7f-8e28dc2e9571,2026-07-16T08:00:00Z,2026-07-16T10:00:00+0200,60616.700559,MW,DE,DE_LU,forecast_load,Forecasted Load,2026-07-27T20:08:22Z
2026-07-27T20:06:34Z,2026-07-27T22:06:34+0200,cc602197-a7f8-43dc-ae7f-8e28dc2e9571,2026-07-16T08:15:00Z,2026-07-16T10:15:00+0200,60493.49836,MW,DE,DE_LU,forecast_load,Forecasted Load,2026-07-27T20:08:22Z
2026-07-27T20:06:34Z,2026-07-27T22:06:34+0200,cc602197-a7f8-43dc-ae7f-8e28dc2e9571,2026-07-16T08:30:00Z,2026-07-16T10:30:00+0200,60424.711808,MW,DE,DE_LU,forecast_load,Forecasted Load,2026-07-27T20:08:22Z
2026-07-27T20:06:34Z,2026-07-27T22:06:34+0200,cc602197-a7f8-43dc-ae7f-8e28dc2e9571,2026-07-16T08:45:00Z,2026-07-16T10:45:00+0200,60059.951988,MW,DE,DE_LU,forecast_load,Forecasted Load,2026-07-27T20:08:22Z
2026-07-27T20:06:34Z,2026-07-27T22:06:34+0200,cc602197-a7f8-43dc-ae7f-8e28dc2e9571,2026-07-16T09:00:00Z,2026-07-16T11:00:00+0200,60313.150472,MW,DE,DE_LU,forecast_load,Forecasted Load,2026-07-27T20:08:22Z
2026-07-27T20:06:34Z,2026-07-27T22:06:34+0200,cc602197-a7f8-43dc-ae7f-8e28dc2e9571,2026-07-16T09:15:00Z,2026-07-16T11:15:00+0200,60470.600371,MW,DE,DE_LU,forecast_load,Forecasted Load,2026-07-27T20:08:22Z
2026-07-27T20:06:34Z,2026-07-27T22:06:34+0200,cc602197-a7f8-43dc-ae7f-8e28dc2e9571,2026-07-16T09:30:00Z,2026-07-16T11:30:00+0200,60274.727801,MW,DE,DE_LU,forecast_load,Forecasted Load,2026-07-27T20:08:22Z
2026-07-27T20:06:34Z,2026-07-27T22:06:34+0200,cc602197-a7f8-43dc-ae7f-8e28dc2e9571,2026-07-16T09:45:00Z,2026-07-16T11:45:00+0200,60051.562985,MW,DE,DE_LU,forecast_load,Forecasted Load,2026-07-27T20:08:22Z
2026-07-27T20:06:34Z,2026-07-27T22:06:34+0200,cc602197-a7f8-43dc-ae7f-8e28dc2e9571,2026-07-16T10:00:00Z,2026-07-16T12:00:00+0200,59600.256729,MW,DE,DE_LU,forecast_load,Forecasted Load,2026-07-27T20:08:22Z
2026-07-27T20:06:34Z,2026-07-27T22:06:34+0200,cc602197-a7f8-43dc-ae7f-8e28dc2e9571,2026-07-16T10:15:00Z,2026-07-16T12:15:00+0200,59248.097547,MW,DE,DE_LU,forecast_load,Forecasted Load,2026-07-27T20:08:22Z
2026-07-27T20:06:34Z,2026-07-27T22:06:34+0200,cc602197-a7f8-43dc-ae7f-8e28dc2e9571,2026-07-16T10:30:00Z,2026-07-16T12:30:00+0200,58913.682532,MW,DE,DE_LU,forecast_load,Forecasted Load,2026-07-27T20:08:22Z
2026-07-27T20:06:34Z,2026-07-27T22:06:34+0200,cc602197-a7f8-43dc-ae7f-8e28dc2e9571,2026-07-16T10:45:00Z,2026-07-16T12:45:00+0200,58753.948249,MW,DE,DE_LU,forecast_load,Forecasted Load,2026-07-27T20:08:22Z
2026-07-27T20:06:34Z,2026-07-27T22:06:34+0200,cc602197-a7f8-43dc-ae7f-8e28dc2e9571,2026-07-16T11:00:00Z,2026-07-16T13:00:00+0200,57355.550286,MW,DE,DE_LU,forecast_load,Forecasted Load,2026-07-27T20:08:22Z
2026-07-27T20:06:34Z,2026-07-27T22:06:34+0200,cc602197-a7f8-43dc-ae7f-8e28dc2e9571,2026-07-16T11:15:00Z,2026-07-16T13:15:00+0200,57647.981654,MW,DE,DE_LU,forecast_load,Forecasted Load,2026-07-27T20:08:22Z
2026-07-27T20:06:34Z,2026-07-27T22:06:34+0200,cc602197-a7f8-43dc-ae7f-8e28dc2e9571,2026-07-16T11:30:00Z,2026-07-16T13:30:00+0200,57081.649656,MW,DE,DE_LU,forecast_load,Forecasted Load,2026-07-27T20:08:22Z
2026-07-27T20:06:34Z,2026-07-27T22:06:34+0200,cc602197-a7f8-43dc-ae7f-8e28dc2e9571,2026-07-16T11:45:00Z,2026-07-16T13:45:00+0200,56838.922132,MW,DE,DE_LU,forecast_load,Forecasted Load,2026-07-27T20:08:22Z
2026-07-27T20:06:34Z,2026-07-27T22:06:34+0200,cc602197-a7f8-43dc-ae7f-8e28dc2e9571,2026-07-16T12:00:00Z,2026-07-16T14:00:00+0200,56377.011591,MW,DE,DE_LU,forecast_load,Forecasted Load,2026-07-27T20:08:22Z
2026-07-27T20:06:34Z,2026-07-27T22:06:34+0200,cc602197-a7f8-43dc-ae7f-8e28dc2e9571,2026-07-16T12:15:00Z,2026-07-16T14:15:00+0200,56585.666746,MW,DE,DE_LU,forecast_load,Forecasted Load,2026-07-27T20:08:22Z
2026-07-27T20:06:34Z,2026-07-27T22:06:34+0200,cc602197-a7f8-43dc-ae7f-8e28dc2e9571,2026-07-16T12:30:00Z,2026-07-16T14:30:00+0200,56400.581978,MW,DE,DE_LU,forecast_load,Forecasted Load,2026-07-27T20:08:22Z
2026-07-27T20:06:34Z,2026-07-27T22:06:34+0200,cc602197-a7f8-43dc-ae7f-8e28dc2e9571,2026-07-16T12:45:00Z,2026-07-16T14:45:00+0200,56330.046662,MW,DE,DE_LU,forecast_load,Forecasted Load,2026-07-27T20:08:22Z
2026-07-27T20:06:34Z,2026-07-27T22:06:34+0200,cc602197-a7f8-43dc-ae7f-8e28dc2e9571,2026-07-16T13:00:00Z,2026-07-16T15:00:00+0200,56219.429521,MW,DE,DE_LU,forecast_load,Forecasted Load,2026-07-27T20:08:22Z
2026-07-27T20:06:34Z,2026-07-27T22:06:34+0200,cc602197-a7f8-43dc-ae7f-8e28dc2e9571,2026-07-16T13:15:00Z,2026-07-16T15:15:00+0200,55903.943672,MW,DE,DE_LU,forecast_load,Forecasted Load,2026-07-27T20:08:22Z
2026-07-27T20:06:34Z,2026-07-27T22:06:34+0200,cc602197-a7f8-43dc-ae7f-8e28dc2e9571,2026-07-16T13:30:00Z,2026-07-16T15:30:00+0200,55384.538812,MW,DE,DE_LU,forecast_load,Forecasted Load,2026-07-27T20:08:22Z
2026-07-27T20:06:34Z,2026-07-27T22:06:34+0200,cc602197-a7f8-43dc-ae7f-8e28dc2e9571,2026-07-16T13:45:00Z,2026-07-16T15:45:00+0200,55763.919944,MW,DE,DE_LU,forecast_load,Forecasted Load,2026-07-27T20:08:22Z
2026-07-27T20:06:34Z,2026-07-27T22:06:34+0200,cc602197-a7f8-43dc-ae7f-8e28dc2e9571,2026-07-16T14:00:00Z,2026-07-16T16:00:00+0200,56110.731994,MW,DE,DE_LU,forecast_load,Forecasted Load,2026-07-27T20:08:22Z
2026-07-27T20:06:34Z,2026-07-27T22:06:34+0200,cc602197-a7f8-43dc-ae7f-8e28dc2e9571,2026-07-16T14:15:00Z,2026-07-16T16:15:00+0200,56364.080038,MW,DE,DE_LU,forecast_load,Forecasted Load,2026-07-27T20:08:22Z
2026-07-27T20:06:34Z,2026-07-27T22:06:34+0200,cc602197-a7f8-43dc-ae7f-8e28dc2e9571,2026-07-16T14:30:00Z,2026-07-16T16:30:00+0200,56108.868323,MW,DE,DE_LU,forecast_load,Forecasted Load,2026-07-27T20:08:22Z
2026-07-27T20:06:34Z,2026-07-27T22:06:34+0200,cc602197-a7f8-43dc-ae7f-8e28dc2e9571,2026-07-16T14:45:00Z,2026-07-16T16:45:00+0200,56662.043915,MW,DE,DE_LU,forecast_load,Forecasted Load,2026-07-27T20:08:22Z
2026-07-27T20:06:34Z,2026-07-27T22:06:34+0200,cc602197-a7f8-43dc-ae7f-8e28dc2e9571,2026-07-16T15:00:00Z,2026-07-16T17:00:00+0200,57506.485164,MW,DE,DE_LU,forecast_load,Forecasted Load,2026-07-27T20:08:22Z
2026-07-27T20:06:34Z,2026-07-27T22:06:34+0200,cc602197-a7f8-43dc-ae7f-8e28dc2e9571,2026-07-16T15:15:00Z,2026-07-16T17:15:00+0200,57312.545271,MW,DE,DE_LU,forecast_load,Forecasted Load,2026-07-27T20:08:22Z
2026-07-27T20:06:34Z,2026-07-27T22:06:34+0200,cc602197-a7f8-43dc-ae7f-8e28dc2e9571,2026-07-16T15:30:00Z,2026-07-16T17:30:00+0200,57686.082358,MW,DE,DE_LU,forecast_load,Forecasted Load,2026-07-27T20:08:22Z
2026-07-27T20:06:34Z,2026-07-27T22:06:34+0200,cc602197-a7f8-43dc-ae7f-8e28dc2e9571,2026-07-16T15:45:00Z,2026-07-16T17:45:00+0200,58265.39353,MW,DE,DE_LU,forecast_load,Forecasted Load,2026-07-27T20:08:22Z
2026-07-27T20:06:34Z,2026-07-27T22:06:34+0200,cc602197-a7f8-43dc-ae7f-8e28dc2e9571,2026-07-16T16:00:00Z,2026-07-16T18:00:00+0200,58801.944283,MW,DE,DE_LU,forecast_load,Forecasted Load,2026-07-27T20:08:22Z
2026-07-27T20:06:34Z,2026-07-27T22:06:34+0200,cc602197-a7f8-43dc-ae7f-8e28dc2e9571,2026-07-16T16:15:00Z,2026-07-16T18:15:00+0200,59345.702039,MW,DE,DE_LU,forecast_load,Forecasted Load,2026-07-27T20:08:22Z
2026-07-27T20:06:34Z,2026-07-27T22:06:34+0200,cc602197-a7f8-43dc-ae7f-8e28dc2e9571,2026-07-16T16:30:00Z,2026-07-16T18:30:00+0200,59797.804624,MW,DE,DE_LU,forecast_load,Forecasted Load,2026-07-27T20:08:22Z
2026-07-27T20:06:34Z,2026-07-27T22:06:34+0200,cc602197-a7f8-43dc-ae7f-8e28dc2e9571,2026-07-16T16:45:00Z,2026-07-16T18:45:00+0200,60292.610336,MW,DE,DE_LU,forecast_load,Forecasted Load,2026-07-27T20:08:22Z
2026-07-27T20:06:34Z,2026-07-27T22:06:34+0200,cc602197-a7f8-43dc-ae7f-8e28dc2e9571,2026-07-16T17:00:00Z,2026-07-16T19:00:00+0200,60564.187024,MW,DE,DE_LU,forecast_load,Forecasted Load,2026-07-27T20:08:22Z
2026-07-27T20:06:34Z,2026-07-27T22:06:34+0200,cc602197-a7f8-43dc-ae7f-8e28dc2e9571,2026-07-16T17:15:00Z,2026-07-16T19:15:00+0200,60461.422677,MW,DE,DE_LU,forecast_load,Forecasted Load,2026-07-27T20:08:22Z
2026-07-27T20:06:34Z,2026-07-27T22:06:34+0200,cc602197-a7f8-43dc-ae7f-8e28dc2e9571,2026-07-16T17:30:00Z,2026-07-16T19:30:00+0200,60128.949638,MW,DE,DE_LU,forecast_load,Forecasted Load,2026-07-27T20:08:22Z
2026-07-27T20:06:34Z,2026-07-27T22:06:34+0200,cc602197-a7f8-43dc-ae7f-8e28dc2e9571,2026-07-16T17:45:00Z,2026-07-16T19:45:00+0200,59686.958671,MW,DE,DE_LU,forecast_load,Forecasted Load,2026-07-27T20:08:22Z
2026-07-27T20:06:34Z,2026-07-27T22:06:34+0200,cc602197-a7f8-43dc-ae7f-8e28dc2e9571,2026-07-16T18:00:00Z,2026-07-16T20:00:00+0200,59080.467902,MW,DE,DE_LU,forecast_load,Forecasted Load,2026-07-27T20:08:22Z
2026-07-27T20:06:34Z,2026-07-27T22:06:34+0200,cc602197-a7f8-43dc-ae7f-8e28dc2e9571,2026-07-16T18:15:00Z,2026-07-16T20:15:00+0200,58394.186499,MW,DE,DE_LU,forecast_load,Forecasted Load,2026-07-27T20:08:22Z
2026-07-27T20:06:34Z,2026-07-27T22:06:34+0200,cc602197-a7f8-43dc-ae7f-8e28dc2e9571,2026-07-16T18:30:00Z,2026-07-16T20:30:00+0200,57847.599357,MW,DE,DE_LU,forecast_load,Forecasted Load,2026-07-27T20:08:22Z
2026-07-27T20:06:34Z,2026-07-27T22:06:34+0200,cc602197-a7f8-43dc-ae7f-8e28dc2e9571,2026-07-16T18:45:00Z,2026-07-16T20:45:00+0200,57245.610459,MW,DE,DE_LU,forecast_load,Forecasted Load,2026-07-27T20:08:22Z
2026-07-27T20:06:34Z,2026-07-27T22:06:34+0200,cc602197-a7f8-43dc-ae7f-8e28dc2e9571,2026-07-16T19:00:00Z,2026-07-16T21:00:00+0200,56429.115258,MW,DE,DE_LU,forecast_load,Forecasted Load,2026-07-27T20:08:22Z
2026-07-27T20:06:34Z,2026-07-27T22:06:34+0200,cc602197-a7f8-43dc-ae7f-8e28dc2e9571,2026-07-16T19:15:00Z,2026-07-16T21:15:00+0200,55895.745029,MW,DE,DE_LU,forecast_load,Forecasted Load,2026-07-27T20:08:22Z
2026-07-27T20:06:34Z,2026-07-27T22:06:34+0200,cc602197-a7f8-43dc-ae7f-8e28dc2e9571,2026-07-16T19:30:00Z,2026-07-16T21:30:00+0200,55121.188866,MW,DE,DE_LU,forecast_load,Forecasted Load,2026-07-27T20:08:22Z
2026-07-27T20:06:34Z,2026-07-27T22:06:34+0200,cc602197-a7f8-43dc-ae7f-8e28dc2e9571,2026-07-16T19:45:00Z,2026-07-16T21:45:00+0200,54559.292173,MW,DE,DE_LU,forecast_load,Forecasted Load,2026-07-27T20:08:22Z
2026-07-27T20:06:34Z,2026-07-27T22:06:34+0200,cc602197-a7f8-43dc-ae7f-8e28dc2e9571,2026-07-16T20:00:00Z,2026-07-16T22:00:00+0200,53651.356647,MW,DE,DE_LU,forecast_load,Forecasted Load,2026-07-27T20:08:22Z
2026-07-27T20:06:34Z,2026-07-27T22:06:34+0200,cc602197-a7f8-43dc-ae7f-8e28dc2e9571,2026-07-16T20:15:00Z,2026-07-16T22:15:00+0200,52937.341286,MW,DE,DE_LU,forecast_load,Forecasted Load,2026-07-27T20:08:22Z
2026-07-27T20:06:34Z,2026-07-27T22:06:34+0200,cc602197-a7f8-43dc-ae7f-8e28dc2e9571,2026-07-16T20:30:00Z,2026-07-16T22:30:00+0200,52095.349031,MW,DE,DE_LU,forecast_load,Forecasted Load,2026-07-27T20:08:22Z
2026-07-27T20:06:34Z,2026-07-27T22:06:34+0200,cc602197-a7f8-43dc-ae7f-8e28dc2e9571,2026-07-16T20:45:00Z,2026-07-16T22:45:00+0200,51106.054309,MW,DE,DE_LU,forecast_load,Forecasted Load,2026-07-27T20:08:22Z
2026-07-27T20:06:34Z,2026-07-27T22:06:34+0200,cc602197-a7f8-43dc-ae7f-8e28dc2e9571,2026-07-16T21:00:00Z,2026-07-16T23:00:00+0200,49905.534281,MW,DE,DE_LU,forecast_load,Forecasted Load,2026-07-27T20:08:22Z
2026-07-27T20:06:34Z,2026-07-27T22:06:34+0200,cc602197-a7f8-43dc-ae7f-8e28dc2e9571,2026-07-16T21:15:00Z,2026-07-16T23:15:00+0200,48945.869481,MW,DE,DE_LU,forecast_load,Forecasted Load,2026-07-27T20:08:22Z
2026-07-27T20:06:34Z,2026-07-27T22:06:34+0200,cc602197-a7f8-43dc-ae7f-8e28dc2e9571,2026-07-16T21:30:00Z,2026-07-16T23:30:00+0200,47933.605484,MW,DE,DE_LU,forecast_load,Forecasted Load,2026-07-27T20:08:22Z
2026-07-27T20:06:34Z,2026-07-27T22:06:34+0200,cc602197-a7f8-43dc-ae7f-8e28dc2e9571,2026-07-16T21:45:00Z,2026-07-16T23:45:00+0200,47223.300128,MW,DE,DE_LU,forecast_load,Forecasted Load,2026-07-27T20:08:22Z
2026-07-27T20:06:34Z,2026-07-27T22:06:34+0200,cc602197-a7f8-43dc-ae7f-8e28dc2e9571,2026-07-16T22:00:00Z,2026-07-17T00:00:00+0200,48300.306124,MW,DE,DE_LU,forecast_load,Forecasted Load,2026-07-27T20:08:22Z
2026-07-27T20:06:34Z,2026-07-27T22:06:34+0200,cc602197-a7f8-43dc-ae7f-8e28dc2e9571,2026-07-16T22:15:00Z,2026-07-17T00:15:00+0200,47583.198923,MW,DE,DE_LU,forecast_load,Forecasted Load,2026-07-27T20:08:22Z
2026-07-27T20:06:34Z,2026-07-27T22:06:34+0200,cc602197-a7f8-43dc-ae7f-8e28dc2e9571,2026-07-16T22:30:00Z,2026-07-17T00:30:00+0200,47071.151831,MW,DE,DE_LU,forecast_load,Forecasted Load,2026-07-27T20:08:22Z
2026-07-27T20:06:34Z,2026-07-27T22:06:34+0200,cc602197-a7f8-43dc-ae7f-8e28dc2e9571,2026-07-16T22:45:00Z,2026-07-17T00:45:00+0200,46758.527835,MW,DE,DE_LU,forecast_load,Forecasted Load,2026-07-27T20:08:22Z
2026-07-27T20:06:34Z,2026-07-27T22:06:34+0200,cc602197-a7f8-43dc-ae7f-8e28dc2e9571,2026-07-16T23:00:00Z,2026-07-17T01:00:00+0200,46350.579468,MW,DE,DE_LU,forecast_load,Forecasted Load,2026-07-27T20:08:22Z
2026-07-27T20:06:34Z,2026-07-27T22:06:34+0200,cc602197-a7f8-43dc-ae7f-8e28dc2e9571,2026-07-16T23:15:00Z,2026-07-17T01:15:00+0200,45787.294818,MW,DE,DE_LU,forecast_load,Forecasted Load,2026-07-27T20:08:22Z
2026-07-27T20:06:34Z,2026-07-27T22:06:34+0200,cc602197-a7f8-43dc-ae7f-8e28dc2e9571,2026-07-16T23:30:00Z,2026-07-17T01:30:00+0200,45490.921768,MW,DE,DE_LU,forecast_load,Forecasted Load,2026-07-27T20:08:22Z
2026-07-27T20:06:34Z,2026-07-27T22:06:34+0200,cc602197-a7f8-43dc-ae7f-8e28dc2e9571,2026-07-16T23:45:00Z,2026-07-17T01:45:00+0200,45299.418799,MW,DE,DE_LU,forecast_load,Forecasted Load,2026-07-27T20:08:22Z
2026-07-27T20:06:34Z,2026-07-27T22:06:34+0200,cc602197-a7f8-43dc-ae7f-8e28dc2e9571,2026-07-17T00:00:00Z,2026-07-17T02:00:00+0200,45041.451106,MW,DE,DE_LU,forecast_load,Forecasted Load,2026-07-27T20:08:22Z
2026-07-27T20:06:34Z,2026-07-27T22:06:34+0200,cc602197-a7f8-43dc-ae7f-8e28dc2e9571,2026-07-17T00:15:00Z,2026-07-17T02:15:00+0200,44779.022494,MW,DE,DE_LU,forecast_load,Forecasted Load,2026-07-27T20:08:22Z
2026-07-27T20:06:34Z,2026-07-27T22:06:34+0200,cc602197-a7f8-43dc-ae7f-8e28dc2e9571,2026-07-17T00:30:00Z,2026-07-17T02:30:00+0200,44780.406599,MW,DE,DE_LU,forecast_load,Forecasted Load,2026-07-27T20:08:22Z
2026-07-27T20:06:34Z,2026-07-27T22:06:34+0200,cc602197-a7f8-43dc-ae7f-8e28dc2e9571,2026-07-17T00:45:00Z,2026-07-17T02:45:00+0200,44477.752792,MW,DE,DE_LU,forecast_load,Forecasted Load,2026-07-27T20:08:22Z
2026-07-27T20:06:34Z,2026-07-27T22:06:34+0200,cc602197-a7f8-43dc-ae7f-8e28dc2e9571,2026-07-17T01:00:00Z,2026-07-17T03:00:00+0200,44317.405987,MW,DE,DE_LU,forecast_load,Forecasted Load,2026-07-27T20:08:22Z
2026-07-27T20:06:34Z,2026-07-27T22:06:34+0200,cc602197-a7f8-43dc-ae7f-8e28dc2e9571,2026-07-17T01:15:00Z,2026-07-17T03:15:00+0200,44274.591999,MW,DE,DE_LU,forecast_load,Forecasted Load,2026-07-27T20:08:22Z
2026-07-27T20:06:34Z,2026-07-27T22:06:34+0200,cc602197-a7f8-43dc-ae7f-8e28dc2e9571,2026-07-17T01:30:00Z,2026-07-17T03:30:00+0200,44528.106609,MW,DE,DE_LU,forecast_load,Forecasted Load,2026-07-27T20:08:22Z
2026-07-27T20:06:34Z,2026-07-27T22:06:34+0200,cc602197-a7f8-43dc-ae7f-8e28dc2e9571,2026-07-17T01:45:00Z,2026-07-17T03:45:00+0200,44725.599086,MW,DE,DE_LU,forecast_load,Forecasted Load,2026-07-27T20:08:22Z
2026-07-27T20:06:34Z,2026-07-27T22:06:34+0200,cc602197-a7f8-43dc-ae7f-8e28dc2e9571,2026-07-17T02:00:00Z,2026-07-17T04:00:00+0200,45185.139063,MW,DE,DE_LU,forecast_load,Forecasted Load,2026-07-27T20:08:22Z
2026-07-27T20:06:34Z,2026-07-27T22:06:34+0200,cc602197-a7f8-43dc-ae7f-8e28dc2e9571,2026-07-17T02:15:00Z,2026-07-17T04:15:00+0200,45424.913347,MW,DE,DE_LU,forecast_load,Forecasted Load,2026-07-27T20:08:22Z
2026-07-27T20:06:34Z,2026-07-27T22:06:34+0200,cc602197-a7f8-43dc-ae7f-8e28dc2e9571,2026-07-17T02:30:00Z,2026-07-17T04:30:00+0200,45739.806341,MW,DE,DE_LU,forecast_load,Forecasted Load,2026-07-27T20:08:22Z
2026-07-27T20:06:34Z,2026-07-27T22:06:34+0200,cc602197-a7f8-43dc-ae7f-8e28dc2e9571,2026-07-17T02:45:00Z,2026-07-17T04:45:00+0200,46231.409998,MW,DE,DE_LU,forecast_load,Forecasted Load,2026-07-27T20:08:22Z
2026-07-27T20:06:34Z,2026-07-27T22:06:34+0200,cc602197-a7f8-43dc-ae7f-8e28dc2e9571,2026-07-17T03:00:00Z,2026-07-17T05:00:00+0200,47001.686731,MW,DE,DE_LU,forecast_load,Forecasted Load,2026-07-27T20:08:22Z
2026-07-27T20:06:34Z,2026-07-27T22:06:34+0200,cc602197-a7f8-43dc-ae7f-8e28dc2e9571,2026-07-17T03:15:00Z,2026-07-17T05:15:00+0200,47831.336188,MW,DE,DE_LU,forecast_load,Forecasted Load,2026-07-27T20:08:22Z
2026-07-27T20:06:34Z,2026-07-27T22:06:34+0200,cc602197-a7f8-43dc-ae7f-8e28dc2e9571,2026-07-17T03:30:00Z,2026-07-17T05:30:00+0200,48666.27095,MW,DE,DE_LU,forecast_load,Forecasted Load,2026-07-27T20:08:22Z
2026-07-27T20:06:34Z,2026-07-27T22:06:34+0200,cc602197-a7f8-43dc-ae7f-8e28dc2e9571,2026-07-17T03:45:00Z,2026-07-17T05:45:00+0200,49682.832658,MW,DE,DE_LU,forecast_load,Forecasted Load,2026-07-27T20:08:22Z
2026-07-27T20:06:34Z,2026-07-27T22:06:34+0200,cc602197-a7f8-43dc-ae7f-8e28dc2e9571,2026-07-17T04:00:00Z,2026-07-17T06:00:00+0200,52330.502918,MW,DE,DE_LU,forecast_load,Forecasted Load,2026-07-27T20:08:22Z
2026-07-27T20:06:34Z,2026-07-27T22:06:34+0200,cc602197-a7f8-43dc-ae7f-8e28dc2e9571,2026-07-17T04:15:00Z,2026-07-17T06:15:00+0200,53167.512797,MW,DE,DE_LU,forecast_load,Forecasted Load,2026-07-27T20:08:22Z
2026-07-27T20:06:34Z,2026-07-27T22:06:34+0200,cc602197-a7f8-43dc-ae7f-8e28dc2e9571,2026-07-17T04:30:00Z,2026-07-17T06:30:00+0200,54737.816812,MW,DE,DE_LU,forecast_load,Forecasted Load,2026-07-27T20:08:22Z
2026-07-27T20:06:34Z,2026-07-27T22:06:34+0200,cc602197-a7f8-43dc-ae7f-8e28dc2e9571,2026-07-17T04:45:00Z,2026-07-17T06:45:00+0200,55777.525618,MW,DE,DE_LU,forecast_load,Forecasted Load,2026-07-27T20:08:22Z
2026-07-27T20:06:34Z,2026-07-27T22:06:34+0200,cc602197-a7f8-43dc-ae7f-8e28dc2e9571,2026-07-17T05:00:00Z,2026-07-17T07:00:00+0200,57479.836188,MW,DE,DE_LU,forecast_load,Forecasted Load,2026-07-27T20:08:22Z
2026-07-27T20:06:34Z,2026-07-27T22:06:34+0200,cc602197-a7f8-43dc-ae7f-8e28dc2e9571,2026-07-17T05:15:00Z,2026-07-17T07:15:00+0200,58585.410721,MW,DE,DE_LU,forecast_load,Forecasted Load,2026-07-27T20:08:22Z
2026-07-27T20:06:34Z,2026-07-27T22:06:34+0200,cc602197-a7f8-43dc-ae7f-8e28dc2e9571,2026-07-17T05:30:00Z,2026-07-17T07:30:00+0200,59581.582201,MW,DE,DE_LU,forecast_load,Forecasted Load,2026-07-27T20:08:22Z
2026-07-27T20:06:34Z,2026-07-27T22:06:34+0200,cc602197-a7f8-43dc-ae7f-8e28dc2e9571,2026-07-17T05:45:00Z,2026-07-17T07:45:00+0200,60301.742199,MW,DE,DE_LU,forecast_load,Forecasted Load,2026-07-27T20:08:22Z
2026-07-27T20:06:34Z,2026-07-27T22:06:34+0200,cc602197-a7f8-43dc-ae7f-8e28dc2e9571,2026-07-17T06:00:00Z,2026-07-17T08:00:00+0200,60874.373937,MW,DE,DE_LU,forecast_load,Forecasted Load,2026-07-27T20:08:22Z
2026-07-27T20:06:34Z,2026-07-27T22:06:34+0200,cc602197-a7f8-43dc-ae7f-8e28dc2e9571,2026-07-17T06:15:00Z,2026-07-17T08:15:00+0200,61477.586718,MW,DE,DE_LU,forecast_load,Forecasted Load,2026-07-27T20:08:22Z
2026-07-27T20:06:34Z,2026-07-27T22:06:34+0200,cc602197-a7f8-43dc-ae7f-8e28dc2e9571,2026-07-17T06:30:00Z,2026-07-17T08:30:00+0200,61826.611307,MW,DE,DE_LU,forecast_load,Forecasted Load,2026-07-27T20:08:22Z
2026-07-27T20:06:34Z,2026-07-27T22:06:34+0200,cc602197-a7f8-43dc-ae7f-8e28dc2e9571,2026-07-17T06:45:00Z,2026-07-17T08:45:00+0200,62169.044089,MW,DE,DE_LU,forecast_load,Forecasted Load,2026-07-27T20:08:22Z
2026-07-27T20:06:34Z,2026-07-27T22:06:34+0200,cc602197-a7f8-43dc-ae7f-8e28dc2e9571,2026-07-17T07:00:00Z,2026-07-17T09:00:00+0200,61517.447681,MW,DE,DE_LU,forecast_load,Forecasted Load,2026-07-27T20:08:22Z
2026-07-27T20:06:34Z,2026-07-27T22:06:34+0200,cc602197-a7f8-43dc-ae7f-8e28dc2e9571,2026-07-17T07:15:00Z,2026-07-17T09:15:00+0200,61659.071395,MW,DE,DE_LU,forecast_load,Forecasted Load,2026-07-27T20:08:22Z
2026-07-27T20:06:34Z,2026-07-27T22:06:34+0200,cc602197-a7f8-43dc-ae7f-8e28dc2e9571,2026-07-17T07:30:00Z,2026-07-17T09:30:00+0200,61826.278667,MW,DE,DE_LU,forecast_load,Forecasted Load,2026-07-27T20:08:22Z
2026-07-27T20:06:34Z,2026-07-27T22:06:34+0200,cc602197-a7f8-43dc-ae7f-8e28dc2e9571,2026-07-17T07:45:00Z,2026-07-17T09:45:00+0200,62050.359281,MW,DE,DE_LU,forecast_load,Forecasted Load,2026-07-27T20:08:22Z
2026-07-27T20:06:34Z,2026-07-27T22:06:34+0200,cc602197-a7f8-43dc-ae7f-8e28dc2e9571,2026-07-17T08:00:00Z,2026-07-17T10:00:00+0200,62046.739378,MW,DE,DE_LU,forecast_load,Forecasted Load,2026-07-27T20:08:22Z
2026-07-27T20:06:34Z,2026-07-27T22:06:34+0200,cc602197-a7f8-43dc-ae7f-8e28dc2e9571,2026-07-17T08:15:00Z,2026-07-17T10:15:00+0200,62182.482993,MW,DE,DE_LU,forecast_load,Forecasted Load,2026-07-27T20:08:22Z
2026-07-27T20:06:34Z,2026-07-27T22:06:34+0200,cc602197-a7f8-43dc-ae7f-8e28dc2e9571,2026-07-17T08:30:00Z,2026-07-17T10:30:00+0200,62103.074496,MW,DE,DE_LU,forecast_load,Forecasted Load,2026-07-27T20:08:22Z
2026-07-27T20:06:34Z,2026-07-27T22:06:34+0200,cc602197-a7f8-43dc-ae7f-8e28dc2e9571,2026-07-17T08:45:00Z,2026-07-17T10:45:00+0200,62068.070631,MW,DE,DE_LU,forecast_load,Forecasted Load,2026-07-27T20:08:22Z
2026-07-27T20:06:34Z,2026-07-27T22:06:34+0200,cc602197-a7f8-43dc-ae7f-8e28dc2e9571,2026-07-17T09:00:00Z,2026-07-17T11:00:00+0200,61677.563819,MW,DE,DE_LU,forecast_load,Forecasted Load,2026-07-27T20:08:22Z
2026-07-27T20:06:34Z,2026-07-27T22:06:34+0200,cc602197-a7f8-43dc-ae7f-8e28dc2e9571,2026-07-17T09:15:00Z,2026-07-17T11:15:00+0200,61147.851461,MW,DE,DE_LU,forecast_load,Forecasted Load,2026-07-27T20:08:22Z
2026-07-27T20:06:34Z,2026-07-27T22:06:34+0200,cc602197-a7f8-43dc-ae7f-8e28dc2e9571,2026-07-17T09:30:00Z,2026-07-17T11:30:00+0200,61123.910911,MW,DE,DE_LU,forecast_load,Forecasted Load,2026-07-27T20:08:22Z
2026-07-27T20:06:34Z,2026-07-27T22:06:34+0200,cc602197-a7f8-43dc-ae7f-8e28dc2e9571,2026-07-17T09:45:00Z,2026-07-17T11:45:00+0200,60684.596228,MW,DE,DE_LU,forecast_load,Forecasted Load,2026-07-27T20:08:22Z
2026-07-27T20:06:34Z,2026-07-27T22:06:34+0200,cc602197-a7f8-43dc-ae7f-8e28dc2e9571,2026-07-17T10:00:00Z,2026-07-17T12:00:00+0200,60059.594138,MW,DE,DE_LU,forecast_load,Forecasted Load,2026-07-27T20:08:22Z
2026-07-27T20:06:34Z,2026-07-27T22:06:34+0200,cc602197-a7f8-43dc-ae7f-8e28dc2e9571,2026-07-17T10:15:00Z,2026-07-17T12:15:00+0200,59811.462573,MW,DE,DE_LU,forecast_load,Forecasted Load,2026-07-27T20:08:22Z
2026-07-27T20:06:34Z,2026-07-27T22:06:34+0200,cc602197-a7f8-43dc-ae7f-8e28dc2e9571,2026-07-17T10:30:00Z,2026-07-17T12:30:00+0200,59320.037405,MW,DE,DE_LU,forecast_load,Forecasted Load,2026-07-27T20:08:22Z
2026-07-27T20:06:34Z,2026-07-27T22:06:34+0200,cc602197-a7f8-43dc-ae7f-8e28dc2e9571,2026-07-17T10:45:00Z,2026-07-17T12:45:00+0200,58887.839303,MW,DE,DE_LU,forecast_load,Forecasted Load,2026-07-27T20:08:22Z
2026-07-27T20:06:34Z,2026-07-27T22:06:34+0200,cc602197-a7f8-43dc-ae7f-8e28dc2e9571,2026-07-17T11:00:00Z,2026-07-17T13:00:00+0200,58281.275425,MW,DE,DE_LU,forecast_load,Forecasted Load,2026-07-27T20:08:22Z
2026-07-27T20:06:34Z,2026-07-27T22:06:34+0200,cc602197-a7f8-43dc-ae7f-8e28dc2e9571,2026-07-17T11:15:00Z,2026-07-17T13:15:00+0200,58022.51784,MW,DE,DE_LU,forecast_load,Forecasted Load,2026-07-27T20:08:22Z
2026-07-27T20:06:34Z,2026-07-27T22:06:34+0200,cc602197-a7f8-43dc-ae7f-8e28dc2e9571,2026-07-17T11:30:00Z,2026-07-17T13:30:00+0200,57404.039749,MW,DE,DE_LU,forecast_load,Forecasted Load,2026-07-27T20:08:22Z
2026-07-27T20:06:34Z,2026-07-27T22:06:34+0200,cc602197-a7f8-43dc-ae7f-8e28dc2e9571,2026-07-17T11:45:00Z,2026-07-17T13:45:00+0200,56770.467605,MW,DE,DE_LU,forecast_load,Forecasted Load,2026-07-27T20:08:22Z
2026-07-27T20:06:34Z,2026-07-27T22:06:34+0200,cc602197-a7f8-43dc-ae7f-8e28dc2e9571,2026-07-17T12:00:00Z,2026-07-17T14:00:00+0200,56525.999344,MW,DE,DE_LU,forecast_load,Forecasted Load,2026-07-27T20:08:22Z
2026-07-27T20:06:34Z,2026-07-27T22:06:34+0200,cc602197-a7f8-43dc-ae7f-8e28dc2e9571,2026-07-17T12:15:00Z,2026-07-17T14:15:00+0200,56491.522137,MW,DE,DE_LU,forecast_load,Forecasted Load,2026-07-27T20:08:22Z
2026-07-27T20:06:34Z,2026-07-27T22:06:34+0200,cc602197-a7f8-43dc-ae7f-8e28dc2e9571,2026-07-17T12:30:00Z,2026-07-17T14:30:00+0200,56213.572771,MW,DE,DE_LU,forecast_load,Forecasted Load,2026-07-27T20:08:22Z
2026-07-27T20:06:34Z,2026-07-27T22:06:34+0200,cc602197-a7f8-43dc-ae7f-8e28dc2e9571,2026-07-17T12:45:00Z,2026-07-17T14:45:00+0200,56209.251643,MW,DE,DE_LU,forecast_load,Forecasted Load,2026-07-27T20:08:22Z
2026-07-27T20:06:34Z,2026-07-27T22:06:34+0200,cc602197-a7f8-43dc-ae7f-8e28dc2e9571,2026-07-17T13:00:00Z,2026-07-17T15:00:00+0200,55916.446041,MW,DE,DE_LU,forecast_load,Forecasted Load,2026-07-27T20:08:22Z
2026-07-27T20:06:34Z,2026-07-27T22:06:34+0200,cc602197-a7f8-43dc-ae7f-8e28dc2e9571,2026-07-17T13:15:00Z,2026-07-17T15:15:00+0200,55744.837088,MW,DE,DE_LU,forecast_load,Forecasted Load,2026-07-27T20:08:22Z
2026-07-27T20:06:34Z,2026-07-27T22:06:34+0200,cc602197-a7f8-43dc-ae7f-8e28dc2e9571,2026-07-17T13:30:00Z,2026-07-17T15:30:00+0200,55235.99954,MW,DE,DE_LU,forecast_load,Forecasted Load,2026-07-27T20:08:22Z
2026-07-27T20:06:34Z,2026-07-27T22:06:34+0200,cc602197-a7f8-43dc-ae7f-8e28dc2e9571,2026-07-17T13:45:00Z,2026-07-17T15:45:00+0200,55438.509192,MW,DE,DE_LU,forecast_load,Forecasted Load,2026-07-27T20:08:22Z
2026-07-27T20:06:34Z,2026-07-27T22:06:34+0200,cc602197-a7f8-43dc-ae7f-8e28dc2e9571,2026-07-17T14:00:00Z,2026-07-17T16:00:00+0200,55857.712295,MW,DE,DE_LU,forecast_load,Forecasted Load,2026-07-27T20:08:22Z
2026-07-27T20:06:34Z,2026-07-27T22:06:34+0200,cc602197-a7f8-43dc-ae7f-8e28dc2e9571,2026-07-17T14:15:00Z,2026-07-17T16:15:00+0200,55251.722685,MW,DE,DE_LU,forecast_load,Forecasted Load,2026-07-27T20:08:22Z
2026-07-27T20:06:34Z,2026-07-27T22:06:34+0200,cc602197-a7f8-43dc-ae7f-8e28dc2e9571,2026-07-17T14:30:00Z,2026-07-17T16:30:00+0200,55442.89096,MW,DE,DE_LU,forecast_load,Forecasted Load,2026-07-27T20:08:22Z
2026-07-27T20:06:34Z,2026-07-27T22:06:34+0200,cc602197-a7f8-43dc-ae7f-8e28dc2e9571,2026-07-17T14:45:00Z,2026-07-17T16:45:00+0200,55169.068688,MW,DE,DE_LU,forecast_load,Forecasted Load,2026-07-27T20:08:22Z
2026-07-27T20:06:34Z,2026-07-27T22:06:34+0200,cc602197-a7f8-43dc-ae7f-8e28dc2e9571,2026-07-17T15:00:00Z,2026-07-17T17:00:00+0200,55816.779768,MW,DE,DE_LU,forecast_load,Forecasted Load,2026-07-27T20:08:22Z
2026-07-27T20:06:34Z,2026-07-27T22:06:34+0200,cc602197-a7f8-43dc-ae7f-8e28dc2e9571,2026-07-17T15:15:00Z,2026-07-17T17:15:00+0200,55826.030317,MW,DE,DE_LU,forecast_load,Forecasted Load,2026-07-27T20:08:22Z
2026-07-27T20:06:34Z,2026-07-27T22:06:34+0200,cc602197-a7f8-43dc-ae7f-8e28dc2e9571,2026-07-17T15:30:00Z,2026-07-17T17:30:00+0200,55772.187116,MW,DE,DE_LU,forecast_load,Forecasted Load,2026-07-27T20:08:22Z
2026-07-27T20:06:34Z,2026-07-27T22:06:34+0200,cc602197-a7f8-43dc-ae7f-8e28dc2e9571,2026-07-17T15:45:00Z,2026-07-17T17:45:00+0200,55894.874834,MW,DE,DE_LU,forecast_load,Forecasted Load,2026-07-27T20:08:22Z
2026-07-27T20:06:34Z,2026-07-27T22:06:34+0200,cc602197-a7f8-43dc-ae7f-8e28dc2e9571,2026-07-17T16:00:00Z,2026-07-17T18:00:00+0200,56415.75005,MW,DE,DE_LU,forecast_load,Forecasted Load,2026-07-27T20:08:22Z
2026-07-27T20:06:34Z,2026-07-27T22:06:34+0200,cc602197-a7f8-43dc-ae7f-8e28dc2e9571,2026-07-17T16:15:00Z,2026-07-17T18:15:00+0200,56720.706104,MW,DE,DE_LU,forecast_load,Forecasted Load,2026-07-27T20:08:22Z
2026-07-27T20:06:34Z,2026-07-27T22:06:34+0200,cc602197-a7f8-43dc-ae7f-8e28dc2e9571,2026-07-17T16:30:00Z,2026-07-17T18:30:00+0200,56882.288815,MW,DE,DE_LU,forecast_load,Forecasted Load,2026-07-27T20:08:22Z
2026-07-27T20:06:34Z,2026-07-27T22:06:34+0200,cc602197-a7f8-43dc-ae7f-8e28dc2e9571,2026-07-17T16:45:00Z,2026-07-17T18:45:00+0200,57011.579203,MW,DE,DE_LU,forecast_load,Forecasted Load,2026-07-27T20:08:22Z
2026-07-27T20:06:34Z,2026-07-27T22:06:34+0200,cc602197-a7f8-43dc-ae7f-8e28dc2e9571,2026-07-17T17:00:00Z,2026-07-17T19:00:00+0200,57195.345215,MW,DE,DE_LU,forecast_load,Forecasted Load,2026-07-27T20:08:22Z
2026-07-27T20:06:34Z,2026-07-27T22:06:34+0200,cc602197-a7f8-43dc-ae7f-8e28dc2e9571,2026-07-17T17:15:00Z,2026-07-17T19:15:00+0200,57078.589778,MW,DE,DE_LU,forecast_load,Forecasted Load,2026-07-27T20:08:22Z
2026-07-27T20:06:34Z,2026-07-27T22:06:34+0200,cc602197-a7f8-43dc-ae7f-8e28dc2e9571,2026-07-17T17:30:00Z,2026-07-17T19:30:00+0200,56964.293468,MW,DE,DE_LU,forecast_load,Forecasted Load,2026-07-27T20:08:22Z
2026-07-27T20:06:34Z,2026-07-27T22:06:34+0200,cc602197-a7f8-43dc-ae7f-8e28dc2e9571,2026-07-17T17:45:00Z,2026-07-17T19:45:00+0200,56714.007128,MW,DE,DE_LU,forecast_load,Forecasted Load,2026-07-27T20:08:22Z
2026-07-27T20:06:34Z,2026-07-27T22:06:34+0200,cc602197-a7f8-43dc-ae7f-8e28dc2e9571,2026-07-17T18:00:00Z,2026-07-17T20:00:00+0200,56437.916223,MW,DE,DE_LU,forecast_load,Forecasted Load,2026-07-27T20:08:22Z
2026-07-27T20:06:34Z,2026-07-27T22:06:34+0200,cc602197-a7f8-43dc-ae7f-8e28dc2e9571,2026-07-17T18:15:00Z,2026-07-17T20:15:00+0200,55967.943249,MW,DE,DE_LU,forecast_load,Forecasted Load,2026-07-27T20:08:22Z
2026-07-27T20:06:34Z,2026-07-27T22:06:34+0200,cc602197-a7f8-43dc-ae7f-8e28dc2e9571,2026-07-17T18:30:00Z,2026-07-17T20:30:00+0200,55274.934521,MW,DE,DE_LU,forecast_load,Forecasted Load,2026-07-27T20:08:22Z
2026-07-27T20:06:34Z,2026-07-27T22:06:34+0200,cc602197-a7f8-43dc-ae7f-8e28dc2e9571,2026-07-17T18:45:00Z,2026-07-17T20:45:00+0200,54954.066782,MW,DE,DE_LU,forecast_load,Forecasted Load,2026-07-27T20:08:22Z
2026-07-27T20:06:34Z,2026-07-27T22:06:34+0200,cc602197-a7f8-43dc-ae7f-8e28dc2e9571,2026-07-17T19:00:00Z,2026-07-17T21:00:00+0200,54317.107131,MW,DE,DE_LU,forecast_load,Forecasted Load,2026-07-27T20:08:22Z
2026-07-27T20:06:34Z,2026-07-27T22:06:34+0200,cc602197-a7f8-43dc-ae7f-8e28dc2e9571,2026-07-17T19:15:00Z,2026-07-17T21:15:00+0200,53920.23172,MW,DE,DE_LU,forecast_load,Forecasted Load,2026-07-27T20:08:22Z
2026-07-27T20:06:34Z,2026-07-27T22:06:34+0200,cc602197-a7f8-43dc-ae7f-8e28dc2e9571,2026-07-17T19:30:00Z,2026-07-17T21:30:00+0200,53270.428496,MW,DE,DE_LU,forecast_load,Forecasted Load,2026-07-27T20:08:22Z
2026-07-27T20:06:34Z,2026-07-27T22:06:34+0200,cc602197-a7f8-43dc-ae7f-8e28dc2e9571,2026-07-17T19:45:00Z,2026-07-17T21:45:00+0200,52787.78735,MW,DE,DE_LU,forecast_load,Forecasted Load,2026-07-27T20:08:22Z
2026-07-27T20:06:34Z,2026-07-27T22:06:34+0200,cc602197-a7f8-43dc-ae7f-8e28dc2e9571,2026-07-17T20:00:00Z,2026-07-17T22:00:00+0200,52183.647336,MW,DE,DE_LU,forecast_load,Forecasted Load,2026-07-27T20:08:22Z
2026-07-27T20:06:34Z,2026-07-27T22:06:34+0200,cc602197-a7f8-43dc-ae7f-8e28dc2e9571,2026-07-17T20:15:00Z,2026-07-17T22:15:00+0200,51441.724642,MW,DE,DE_LU,forecast_load,Forecasted Load,2026-07-27T20:08:22Z
2026-07-27T20:06:34Z,2026-07-27T22:06:34+0200,cc602197-a7f8-43dc-ae7f-8e28dc2e9571,2026-07-17T20:30:00Z,2026-07-17T22:30:00+0200,50639.125038,MW,DE,DE_LU,forecast_load,Forecasted Load,2026-07-27T20:08:22Z
2026-07-27T20:06:34Z,2026-07-27T22:06:34+0200,cc602197-a7f8-43dc-ae7f-8e28dc2e9571,2026-07-17T20:45:00Z,2026-07-17T22:45:00+0200,49910.940863,MW,DE,DE_LU,forecast_load,Forecasted Load,2026-07-27T20:08:22Z
2026-07-27T20:06:34Z,2026-07-27T22:06:34+0200,cc602197-a7f8-43dc-ae7f-8e28dc2e9571,2026-07-17T21:00:00Z,2026-07-17T23:00:00+0200,48974.425277,MW,DE,DE_LU,forecast_load,Forecasted Load,2026-07-27T20:08:22Z
2026-07-27T20:06:34Z,2026-07-27T22:06:34+0200,cc602197-a7f8-43dc-ae7f-8e28dc2e9571,2026-07-17T21:15:00Z,2026-07-17T23:15:00+0200,48203.299308,MW,DE,DE_LU,forecast_load,Forecasted Load,2026-07-27T20:08:22Z
2026-07-27T20:06:34Z,2026-07-27T22:06:34+0200,cc602197-a7f8-43dc-ae7f-8e28dc2e9571,2026-07-17T21:30:00Z,2026-07-17T23:30:00+0200,47563.499357,MW,DE,DE_LU,forecast_load,Forecasted Load,2026-07-27T20:08:22Z
2026-07-27T20:06:34Z,2026-07-27T22:06:34+0200,cc602197-a7f8-43dc-ae7f-8e28dc2e9571,2026-07-17T21:45:00Z,2026-07-17T23:45:00+0200,46778.849361,MW,DE,DE_LU,forecast_load,Forecasted Load,2026-07-27T20:08:22Z
2026-07-27T20:06:34Z,2026-07-27T22:06:34+0200,cc602197-a7f8-43dc-ae7f-8e28dc2e9571,2026-07-17T22:00:00Z,2026-07-18T00:00:00+0200,45710.586713,MW,DE,DE_LU,forecast_load,Forecasted Load,2026-07-27T20:08:22Z
2026-07-27T20:06:34Z,2026-07-27T22:06:34+0200,cc602197-a7f8-43dc-ae7f-8e28dc2e9571,2026-07-17T22:15:00Z,2026-07-18T00:15:00+0200,44991.185336,MW,DE,DE_LU,forecast_load,Forecasted Load,2026-07-27T20:08:22Z
2026-07-27T20:06:34Z,2026-07-27T22:06:34+0200,cc602197-a7f8-43dc-ae7f-8e28dc2e9571,2026-07-17T22:30:00Z,2026-07-18T00:30:00+0200,44503.634326,MW,DE,DE_LU,forecast_load,Forecasted Load,2026-07-27T20:08:22Z
2026-07-27T20:06:34Z,2026-07-27T22:06:34+0200,cc602197-a7f8-43dc-ae7f-8e28dc2e9571,2026-07-17T22:45:00Z,2026-07-18T00:45:00+0200,44178.870337,MW,DE,DE_LU,forecast_load,Forecasted Load,2026-07-27T20:08:22Z
2026-07-27T20:06:34Z,2026-07-27T22:06:34+0200,cc602197-a7f8-43dc-ae7f-8e28dc2e9571,2026-07-17T23:00:00Z,2026-07-18T01:00:00+0200,43847.03365,MW,DE,DE_LU,forecast_load,Forecasted Load,2026-07-27T20:08:22Z
2026-07-27T20:06:34Z,2026-07-27T22:06:34+0200,cc602197-a7f8-43dc-ae7f-8e28dc2e9571,2026-07-17T23:15:00Z,2026-07-18T01:15:00+0200,43244.533401,MW,DE,DE_LU,forecast_load,Forecasted Load,2026-07-27T20:08:22Z
2026-07-27T20:06:34Z,2026-07-27T22:06:34+0200,cc602197-a7f8-43dc-ae7f-8e28dc2e9571,2026-07-17T23:30:00Z,2026-07-18T01:30:00+0200,42821.866429,MW,DE,DE_LU,forecast_load,Forecasted Load,2026-07-27T20:08:22Z
2026-07-27T20:06:34Z,2026-07-27T22:06:34+0200,cc602197-a7f8-43dc-ae7f-8e28dc2e9571,2026-07-17T23:45:00Z,2026-07-18T01:45:00+0200,42531.56199,MW,DE,DE_LU,forecast_load,Forecasted Load,2026-07-27T20:08:22Z
2026-07-27T20:06:34Z,2026-07-27T22:06:34+0200,cc602197-a7f8-43dc-ae7f-8e28dc2e9571,2026-07-18T00:00:00Z,2026-07-18T02:00:00+0200,42356.940411,MW,DE,DE_LU,forecast_load,Forecasted Load,2026-07-27T20:08:22Z
2026-07-27T20:06:34Z,2026-07-27T22:06:34+0200,cc602197-a7f8-43dc-ae7f-8e28dc2e9571,2026-07-18T00:15:00Z,2026-07-18T02:15:00+0200,42036.66089,MW,DE,DE_LU,forecast_load,Forecasted Load,2026-07-27T20:08:22Z
2026-07-27T20:06:34Z,2026-07-27T22:06:34+0200,cc602197-a7f8-43dc-ae7f-8e28dc2e9571,2026-07-18T00:30:00Z,2026-07-18T02:30:00+0200,41755.495885,MW,DE,DE_LU,forecast_load,Forecasted Load,2026-07-27T20:08:22Z
2026-07-27T20:06:34Z,2026-07-27T22:06:34+0200,cc602197-a7f8-43dc-ae7f-8e28dc2e9571,2026-07-18T00:45:00Z,2026-07-18T02:45:00+0200,41508.420731,MW,DE,DE_LU,forecast_load,Forecasted Load,2026-07-27T20:08:22Z
2026-07-27T20:06:34Z,2026-07-27T22:06:34+0200,cc602197-a7f8-43dc-ae7f-8e28dc2e9571,2026-07-18T01:00:00Z,2026-07-18T03:00:00+0200,41454.161072,MW,DE,DE_LU,forecast_load,Forecasted Load,2026-07-27T20:08:22Z
2026-07-27T20:06:34Z,2026-07-27T22:06:34+0200,cc602197-a7f8-43dc-ae7f-8e28dc2e9571,2026-07-18T01:15:00Z,2026-07-18T03:15:00+0200,41331.046465,MW,DE,DE_LU,forecast_load,Forecasted Load,2026-07-27T20:08:22Z
2026-07-27T20:06:34Z,2026-07-27T22:06:34+0200,cc602197-a7f8-43dc-ae7f-8e28dc2e9571,2026-07-18T01:30:00Z,2026-07-18T03:30:00+0200,41230.083186,MW,DE,DE_LU,forecast_load,Forecasted Load,2026-07-27T20:08:22Z
2026-07-27T20:06:34Z,2026-07-27T22:06:34+0200,cc602197-a7f8-43dc-ae7f-8e28dc2e9571,2026-07-18T01:45:00Z,2026-07-18T03:45:00+0200,41134.757775,MW,DE,DE_LU,forecast_load,Forecasted Load,2026-07-27T20:08:22Z
2026-07-27T20:06:34Z,2026-07-27T22:06:34+0200,cc602197-a7f8-43dc-ae7f-8e28dc2e9571,2026-07-18T02:00:00Z,2026-07-18T04:00:00+0200,41143.32791,MW,DE,DE_LU,forecast_load,Forecasted Load,2026-07-27T20:08:22Z
2026-07-27T20:06:34Z,2026-07-27T22:06:34+0200,cc602197-a7f8-43dc-ae7f-8e28dc2e9571,2026-07-18T02:15:00Z,2026-07-18T04:15:00+0200,41190.231341,MW,DE,DE_LU,forecast_load,Forecasted Load,2026-07-27T20:08:22Z
2026-07-27T20:06:34Z,2026-07-27T22:06:34+0200,cc602197-a7f8-43dc-ae7f-8e28dc2e9571,2026-07-18T02:30:00Z,2026-07-18T04:30:00+0200,41183.650557,MW,DE,DE_LU,forecast_load,Forecasted Load,2026-07-27T20:08:22Z
2026-07-27T20:06:34Z,2026-07-27T22:06:34+0200,cc602197-a7f8-43dc-ae7f-8e28dc2e9571,2026-07-18T02:45:00Z,2026-07-18T04:45:00+0200,41259.263623,MW,DE,DE_LU,forecast_load,Forecasted Load,2026-07-27T20:08:22Z
2026-07-27T20:06:34Z,2026-07-27T22:06:34+0200,cc602197-a7f8-43dc-ae7f-8e28dc2e9571,2026-07-18T03:00:00Z,2026-07-18T05:00:00+0200,41471.276821,MW,DE,DE_LU,forecast_load,Forecasted Load,2026-07-27T20:08:22Z
2026-07-27T20:06:34Z,2026-07-27T22:06:34+0200,cc602197-a7f8-43dc-ae7f-8e28dc2e9571,2026-07-18T03:15:00Z,2026-07-18T05:15:00+0200,41606.52728,MW,DE,DE_LU,forecast_load,Forecasted Load,2026-07-27T20:08:22Z
2026-07-27T20:06:34Z,2026-07-27T22:06:34+0200,cc602197-a7f8-43dc-ae7f-8e28dc2e9571,2026-07-18T03:30:00Z,2026-07-18T05:30:00+0200,42124.766373,MW,DE,DE_LU,forecast_load,Forecasted Load,2026-07-27T20:08:22Z
2026-07-27T20:06:34Z,2026-07-27T22:06:34+0200,cc602197-a7f8-43dc-ae7f-8e28dc2e9571,2026-07-18T03:45:00Z,2026-07-18T05:45:00+0200,42418.196808,MW,DE,DE_LU,forecast_load,Forecasted Load,2026-07-27T20:08:22Z
2026-07-27T20:06:34Z,2026-07-27T22:06:34+0200,cc602197-a7f8-43dc-ae7f-8e28dc2e9571,2026-07-18T04:00:00Z,2026-07-18T06:00:00+0200,42959.122257,MW,DE,DE_LU,forecast_load,Forecasted Load,2026-07-27T20:08:22Z
2026-07-27T20:06:34Z,2026-07-27T22:06:34+0200,cc602197-a7f8-43dc-ae7f-8e28dc2e9571,2026-07-18T04:15:00Z,2026-07-18T06:15:00+0200,43412.94082,MW,DE,DE_LU,forecast_load,Forecasted Load,2026-07-27T20:08:22Z
2026-07-27T20:06:34Z,2026-07-27T22:06:34+0200,cc602197-a7f8-43dc-ae7f-8e28dc2e9571,2026-07-18T04:30:00Z,2026-07-18T06:30:00+0200,43859.419202,MW,DE,DE_LU,forecast_load,Forecasted Load,2026-07-27T20:08:22Z
2026-07-27T20:06:34Z,2026-07-27T22:06:34+0200,cc602197-a7f8-43dc-ae7f-8e28dc2e9571,2026-07-18T04:45:00Z,2026-07-18T06:45:00+0200,44420.359832,MW,DE,DE_LU,forecast_load,Forecasted Load,2026-07-27T20:08:22Z
2026-07-27T20:06:34Z,2026-07-27T22:06:34+0200,cc602197-a7f8-43dc-ae7f-8e28dc2e9571,2026-07-18T05:00:00Z,2026-07-18T07:00:00+0200,44867.770476,MW,DE,DE_LU,forecast_load,Forecasted Load,2026-07-27T20:08:22Z
2026-07-27T20:06:34Z,2026-07-27T22:06:34+0200,cc602197-a7f8-43dc-ae7f-8e28dc2e9571,2026-07-18T05:15:00Z,2026-07-18T07:15:00+0200,45505.858921,MW,DE,DE_LU,forecast_load,Forecasted Load,2026-07-27T20:08:22Z
2026-07-27T20:06:34Z,2026-07-27T22:06:34+0200,cc602197-a7f8-43dc-ae7f-8e28dc2e9571,2026-07-18T05:30:00Z,2026-07-18T07:30:00+0200,46197.995502,MW,DE,DE_LU,forecast_load,Forecasted Load,2026-07-27T20:08:22Z
2026-07-27T20:06:34Z,2026-07-27T22:06:34+0200,cc602197-a7f8-43dc-ae7f-8e28dc2e9571,2026-07-18T05:45:00Z,2026-07-18T07:45:00+0200,46992.004169,MW,DE,DE_LU,forecast_load,Forecasted Load,2026-07-27T20:08:22Z
2026-07-27T20:06:34Z,2026-07-27T22:06:34+0200,cc602197-a7f8-43dc-ae7f-8e28dc2e9571,2026-07-18T06:00:00Z,2026-07-18T08:00:00+0200,47315.24052,MW,DE,DE_LU,forecast_load,Forecasted Load,2026-07-27T20:08:22Z
2026-07-27T20:06:34Z,2026-07-27T22:06:34+0200,cc602197-a7f8-43dc-ae7f-8e28dc2e9571,2026-07-18T06:15:00Z,2026-07-18T08:15:00+0200,48074.74669,MW,DE,DE_LU,forecast_load,Forecasted Load,2026-07-27T20:08:22Z
2026-07-27T20:06:34Z,2026-07-27T22:06:34+0200,cc602197-a7f8-43dc-ae7f-8e28dc2e9571,2026-07-18T06:30:00Z,2026-07-18T08:30:00+0200,48827.8505,MW,DE,DE_LU,forecast_load,Forecasted Load,2026-07-27T20:08:22Z
2026-07-27T20:06:34Z,2026-07-27T22:06:34+0200,cc602197-a7f8-43dc-ae7f-8e28dc2e9571,2026-07-18T06:45:00Z,2026-07-18T08:45:00+0200,49710.496788,MW,DE,DE_LU,forecast_load,Forecasted Load,2026-07-27T20:08:22Z
2026-07-27T20:06:34Z,2026-07-27T22:06:34+0200,cc602197-a7f8-43dc-ae7f-8e28dc2e9571,2026-07-18T07:00:00Z,2026-07-18T09:00:00+0200,49900.42896,MW,DE,DE_LU,forecast_load,Forecasted Load,2026-07-27T20:08:22Z
2026-07-27T20:06:34Z,2026-07-27T22:06:34+0200,cc602197-a7f8-43dc-ae7f-8e28dc2e9571,2026-07-18T07:15:00Z,2026-07-18T09:15:00+0200,50237.352395,MW,DE,DE_LU,forecast_load,Forecasted Load,2026-07-27T20:08:22Z
2026-07-27T20:06:34Z,2026-07-27T22:06:34+0200,cc602197-a7f8-43dc-ae7f-8e28dc2e9571,2026-07-18T07:30:00Z,2026-07-18T09:30:00+0200,50965.076049,MW,DE,DE_LU,forecast_load,Forecasted Load,2026-07-27T20:08:22Z
2026-07-27T20:06:34Z,2026-07-27T22:06:34+0200,cc602197-a7f8-43dc-ae7f-8e28dc2e9571,2026-07-18T07:45:00Z,2026-07-18T09:45:00+0200,51315.16463,MW,DE,DE_LU,forecast_load,Forecasted Load,2026-07-27T20:08:22Z
2026-07-27T20:06:34Z,2026-07-27T22:06:34+0200,cc602197-a7f8-43dc-ae7f-8e28dc2e9571,2026-07-18T08:00:00Z,2026-07-18T10:00:00+0200,51155.69609,MW,DE,DE_LU,forecast_load,Forecasted Load,2026-07-27T20:08:22Z
2026-07-27T20:06:34Z,2026-07-27T22:06:34+0200,cc602197-a7f8-43dc-ae7f-8e28dc2e9571,2026-07-18T08:15:00Z,2026-07-18T10:15:00+0200,51537.93239,MW,DE,DE_LU,forecast_load,Forecasted Load,2026-07-27T20:08:22Z
2026-07-27T20:06:34Z,2026-07-27T22:06:34+0200,cc602197-a7f8-43dc-ae7f-8e28dc2e9571,2026-07-18T08:30:00Z,2026-07-18T10:30:00+0200,51525.089551,MW,DE,DE_LU,forecast_load,Forecasted Load,2026-07-27T20:08:22Z
2026-07-27T20:06:34Z,2026-07-27T22:06:34+0200,cc602197-a7f8-43dc-ae7f-8e28dc2e9571,2026-07-18T08:45:00Z,2026-07-18T10:45:00+0200,51716.495335,MW,DE,DE_LU,forecast_load,Forecasted Load,2026-07-27T20:08:22Z
2026-07-27T20:06:34Z,2026-07-27T22:06:34+0200,cc602197-a7f8-43dc-ae7f-8e28dc2e9571,2026-07-18T09:00:00Z,2026-07-18T11:00:00+0200,51703.906728,MW,DE,DE_LU,forecast_load,Forecasted Load,2026-07-27T20:08:22Z
2026-07-27T20:06:34Z,2026-07-27T22:06:34+0200,cc602197-a7f8-43dc-ae7f-8e28dc2e9571,2026-07-18T09:15:00Z,2026-07-18T11:15:00+0200,51516.229733,MW,DE,DE_LU,forecast_load,Forecasted Load,2026-07-27T20:08:22Z
2026-07-27T20:06:34Z,2026-07-27T22:06:34+0200,cc602197-a7f8-43dc-ae7f-8e28dc2e9571,2026-07-18T09:30:00Z,2026-07-18T11:30:00+0200,51401.006472,MW,DE,DE_LU,forecast_load,Forecasted Load,2026-07-27T20:08:22Z
2026-07-27T20:06:34Z,2026-07-27T22:06:34+0200,cc602197-a7f8-43dc-ae7f-8e28dc2e9571,2026-07-18T09:45:00Z,2026-07-18T11:45:00+0200,51402.771305,MW,DE,DE_LU,forecast_load,Forecasted Load,2026-07-27T20:08:22Z
2026-07-27T20:06:34Z,2026-07-27T22:06:34+0200,cc602197-a7f8-43dc-ae7f-8e28dc2e9571,2026-07-18T10:00:00Z,2026-07-18T12:00:00+0200,51078.671464,MW,DE,DE_LU,forecast_load,Forecasted Load,2026-07-27T20:08:22Z
2026-07-27T20:06:34Z,2026-07-27T22:06:34+0200,cc602197-a7f8-43dc-ae7f-8e28dc2e9571,2026-07-18T10:15:00Z,2026-07-18T12:15:00+0200,51045.474715,MW,DE,DE_LU,forecast_load,Forecasted Load,2026-07-27T20:08:22Z
2026-07-27T20:06:34Z,2026-07-27T22:06:34+0200,cc602197-a7f8-43dc-ae7f-8e28dc2e9571,2026-07-18T10:30:00Z,2026-07-18T12:30:00+0200,50895.399435,MW,DE,DE_LU,forecast_load,Forecasted Load,2026-07-27T20:08:22Z
2026-07-27T20:06:34Z,2026-07-27T22:06:34+0200,cc602197-a7f8-43dc-ae7f-8e28dc2e9571,2026-07-18T10:45:00Z,2026-07-18T12:45:00+0200,50698.655745,MW,DE,DE_LU,forecast_load,Forecasted Load,2026-07-27T20:08:22Z
2026-07-27T20:06:34Z,2026-07-27T22:06:34+0200,cc602197-a7f8-43dc-ae7f-8e28dc2e9571,2026-07-18T11:00:00Z,2026-07-18T13:00:00+0200,50171.472616,MW,DE,DE_LU,forecast_load,Forecasted Load,2026-07-27T20:08:22Z
2026-07-27T20:06:34Z,2026-07-27T22:06:34+0200,cc602197-a7f8-43dc-ae7f-8e28dc2e9571,2026-07-18T11:15:00Z,2026-07-18T13:15:00+0200,50089.271626,MW,DE,DE_LU,forecast_load,Forecasted Load,2026-07-27T20:08:22Z
2026-07-27T20:06:34Z,2026-07-27T22:06:34+0200,cc602197-a7f8-43dc-ae7f-8e28dc2e9571,2026-07-18T11:30:00Z,2026-07-18T13:30:00+0200,49928.936215,MW,DE,DE_LU,forecast_load,Forecasted Load,2026-07-27T20:08:22Z
2026-07-27T20:06:34Z,2026-07-27T22:06:34+0200,cc602197-a7f8-43dc-ae7f-8e28dc2e9571,2026-07-18T11:45:00Z,2026-07-18T13:45:00+0200,49709.04381,MW,DE,DE_LU,forecast_load,Forecasted Load,2026-07-27T20:08:22Z
2026-07-27T20:06:34Z,2026-07-27T22:06:34+0200,cc602197-a7f8-43dc-ae7f-8e28dc2e9571,2026-07-18T12:00:00Z,2026-07-18T14:00:00+0200,49059.708116,MW,DE,DE_LU,forecast_load,Forecasted Load,2026-07-27T20:08:22Z
2026-07-27T20:06:34Z,2026-07-27T22:06:34+0200,cc602197-a7f8-43dc-ae7f-8e28dc2e9571,2026-07-18T12:15:00Z,2026-07-18T14:15:00+0200,48970.287333,MW,DE,DE_LU,forecast_load,Forecasted Load,2026-07-27T20:08:22Z
2026-07-27T20:06:34Z,2026-07-27T22:06:34+0200,cc602197-a7f8-43dc-ae7f-8e28dc2e9571,2026-07-18T12:30:00Z,2026-07-18T14:30:00+0200,48629.080543,MW,DE,DE_LU,forecast_load,Forecasted Load,2026-07-27T20:08:22Z
2026-07-27T20:06:34Z,2026-07-27T22:06:34+0200,cc602197-a7f8-43dc-ae7f-8e28dc2e9571,2026-07-18T12:45:00Z,2026-07-18T14:45:00+0200,48336.858315,MW,DE,DE_LU,forecast_load,Forecasted Load,2026-07-27T20:08:22Z
2026-07-27T20:06:34Z,2026-07-27T22:06:34+0200,cc602197-a7f8-43dc-ae7f-8e28dc2e9571,2026-07-18T13:00:00Z,2026-07-18T15:00:00+0200,48334.099001,MW,DE,DE_LU,forecast_load,Forecasted Load,2026-07-27T20:08:22Z
2026-07-27T20:06:34Z,2026-07-27T22:06:34+0200,cc602197-a7f8-43dc-ae7f-8e28dc2e9571,2026-07-18T13:15:00Z,2026-07-18T15:15:00+0200,48255.526363,MW,DE,DE_LU,forecast_load,Forecasted Load,2026-07-27T20:08:22Z
2026-07-27T20:06:34Z,2026-07-27T22:06:34+0200,cc602197-a7f8-43dc-ae7f-8e28dc2e9571,2026-07-18T13:30:00Z,2026-07-18T15:30:00+0200,48093.211145,MW,DE,DE_LU,forecast_load,Forecasted Load,2026-07-27T20:08:22Z
2026-07-27T20:06:34Z,2026-07-27T22:06:34+0200,cc602197-a7f8-43dc-ae7f-8e28dc2e9571,2026-07-18T13:45:00Z,2026-07-18T15:45:00+0200,47738.774933,MW,DE,DE_LU,forecast_load,Forecasted Load,2026-07-27T20:08:22Z
2026-07-27T20:06:34Z,2026-07-27T22:06:34+0200,cc602197-a7f8-43dc-ae7f-8e28dc2e9571,2026-07-18T14:00:00Z,2026-07-18T16:00:00+0200,48038.736233,MW,DE,DE_LU,forecast_load,Forecasted Load,2026-07-27T20:08:22Z
2026-07-27T20:06:34Z,2026-07-27T22:06:34+0200,cc602197-a7f8-43dc-ae7f-8e28dc2e9571,2026-07-18T14:15:00Z,2026-07-18T16:15:00+0200,47967.460613,MW,DE,DE_LU,forecast_load,Forecasted Load,2026-07-27T20:08:22Z
2026-07-27T20:06:34Z,2026-07-27T22:06:34+0200,cc602197-a7f8-43dc-ae7f-8e28dc2e9571,2026-07-18T14:30:00Z,2026-07-18T16:30:00+0200,48055.849756,MW,DE,DE_LU,forecast_load,Forecasted Load,2026-07-27T20:08:22Z
2026-07-27T20:06:34Z,2026-07-27T22:06:34+0200,cc602197-a7f8-43dc-ae7f-8e28dc2e9571,2026-07-18T14:45:00Z,2026-07-18T16:45:00+0200,47663.54882,MW,DE,DE_LU,forecast_load,Forecasted Load,2026-07-27T20:08:22Z
2026-07-27T20:06:34Z,2026-07-27T22:06:34+0200,cc602197-a7f8-43dc-ae7f-8e28dc2e9571,2026-07-18T15:00:00Z,2026-07-18T17:00:00+0200,48430.281542,MW,DE,DE_LU,forecast_load,Forecasted Load,2026-07-27T20:08:22Z
2026-07-27T20:06:34Z,2026-07-27T22:06:34+0200,cc602197-a7f8-43dc-ae7f-8e28dc2e9571,2026-07-18T15:15:00Z,2026-07-18T17:15:00+0200,48138.687172,MW,DE,DE_LU,forecast_load,Forecasted Load,2026-07-27T20:08:22Z
2026-07-27T20:06:34Z,2026-07-27T22:06:34+0200,cc602197-a7f8-43dc-ae7f-8e28dc2e9571,2026-07-18T15:30:00Z,2026-07-18T17:30:00+0200,48241.219514,MW,DE,DE_LU,forecast_load,Forecasted Load,2026-07-27T20:08:22Z
2026-07-27T20:06:34Z,2026-07-27T22:06:34+0200,cc602197-a7f8-43dc-ae7f-8e28dc2e9571,2026-07-18T15:45:00Z,2026-07-18T17:45:00+0200,48360.412947,MW,DE,DE_LU,forecast_load,Forecasted Load,2026-07-27T20:08:22Z
2026-07-27T20:06:34Z,2026-07-27T22:06:34+0200,cc602197-a7f8-43dc-ae7f-8e28dc2e9571,2026-07-18T16:00:00Z,2026-07-18T18:00:00+0200,49166.726565,MW,DE,DE_LU,forecast_load,Forecasted Load,2026-07-27T20:08:22Z
2026-07-27T20:06:34Z,2026-07-27T22:06:34+0200,cc602197-a7f8-43dc-ae7f-8e28dc2e9571,2026-07-18T16:15:00Z,2026-07-18T18:15:00+0200,49409.870553,MW,DE,DE_LU,forecast_load,Forecasted Load,2026-07-27T20:08:22Z
2026-07-27T20:06:34Z,2026-07-27T22:06:34+0200,cc602197-a7f8-43dc-ae7f-8e28dc2e9571,2026-07-18T16:30:00Z,2026-07-18T18:30:00+0200,49315.546441,MW,DE,DE_LU,forecast_load,Forecasted Load,2026-07-27T20:08:22Z
2026-07-27T20:06:34Z,2026-07-27T22:06:34+0200,cc602197-a7f8-43dc-ae7f-8e28dc2e9571,2026-07-18T16:45:00Z,2026-07-18T18:45:00+0200,49857.591252,MW,DE,DE_LU,forecast_load,Forecasted Load,2026-07-27T20:08:22Z
2026-07-27T20:06:34Z,2026-07-27T22:06:34+0200,cc602197-a7f8-43dc-ae7f-8e28dc2e9571,2026-07-18T17:00:00Z,2026-07-18T19:00:00+0200,50289.754618,MW,DE,DE_LU,forecast_load,Forecasted Load,2026-07-27T20:08:22Z
2026-07-27T20:06:34Z,2026-07-27T22:06:34+0200,cc602197-a7f8-43dc-ae7f-8e28dc2e9571,2026-07-18T17:15:00Z,2026-07-18T19:15:00+0200,50376.200686,MW,DE,DE_LU,forecast_load,Forecasted Load,2026-07-27T20:08:22Z
2026-07-27T20:06:34Z,2026-07-27T22:06:34+0200,cc602197-a7f8-43dc-ae7f-8e28dc2e9571,2026-07-18T17:30:00Z,2026-07-18T19:30:00+0200,50192.242849,MW,DE,DE_LU,forecast_load,Forecasted Load,2026-07-27T20:08:22Z
2026-07-27T20:06:34Z,2026-07-27T22:06:34+0200,cc602197-a7f8-43dc-ae7f-8e28dc2e9571,2026-07-18T17:45:00Z,2026-07-18T19:45:00+0200,50271.158951,MW,DE,DE_LU,forecast_load,Forecasted Load,2026-07-27T20:08:22Z
2026-07-27T20:06:34Z,2026-07-27T22:06:34+0200,cc602197-a7f8-43dc-ae7f-8e28dc2e9571,2026-07-18T18:00:00Z,2026-07-18T20:00:00+0200,50310.216624,MW,DE,DE_LU,forecast_load,Forecasted Load,2026-07-27T20:08:22Z
2026-07-27T20:06:34Z,2026-07-27T22:06:34+0200,cc602197-a7f8-43dc-ae7f-8e28dc2e9571,2026-07-18T18:15:00Z,2026-07-18T20:15:00+0200,49974.064884,MW,DE,DE_LU,forecast_load,Forecasted Load,2026-07-27T20:08:22Z
2026-07-27T20:06:34Z,2026-07-27T22:06:34+0200,cc602197-a7f8-43dc-ae7f-8e28dc2e9571,2026-07-18T18:30:00Z,2026-07-18T20:30:00+0200,49683.437873,MW,DE,DE_LU,forecast_load,Forecasted Load,2026-07-27T20:08:22Z
2026-07-27T20:06:34Z,2026-07-27T22:06:34+0200,cc602197-a7f8-43dc-ae7f-8e28dc2e9571,2026-07-18T18:45:00Z,2026-07-18T20:45:00+0200,49175.946919,MW,DE,DE_LU,forecast_load,Forecasted Load,2026-07-27T20:08:22Z
2026-07-27T20:06:34Z,2026-07-27T22:06:34+0200,cc602197-a7f8-43dc-ae7f-8e28dc2e9571,2026-07-18T19:00:00Z,2026-07-18T21:00:00+0200,48226.438846,MW,DE,DE_LU,forecast_load,Forecasted Load,2026-07-27T20:08:22Z
2026-07-27T20:06:34Z,2026-07-27T22:06:34+0200,cc602197-a7f8-43dc-ae7f-8e28dc2e9571,2026-07-18T19:15:00Z,2026-07-18T21:15:00+0200,48004.197961,MW,DE,DE_LU,forecast_load,Forecasted Load,2026-07-27T20:08:22Z
2026-07-27T20:06:34Z,2026-07-27T22:06:34+0200,cc602197-a7f8-43dc-ae7f-8e28dc2e9571,2026-07-18T19:30:00Z,2026-07-18T21:30:00+0200,47474.472014,MW,DE,DE_LU,forecast_load,Forecasted Load,2026-07-27T20:08:22Z
2026-07-27T20:06:34Z,2026-07-27T22:06:34+0200,cc602197-a7f8-43dc-ae7f-8e28dc2e9571,2026-07-18T19:45:00Z,2026-07-18T21:45:00+0200,47207.220883,MW,DE,DE_LU,forecast_load,Forecasted Load,2026-07-27T20:08:22Z
2026-07-27T20:06:34Z,2026-07-27T22:06:34+0200,cc602197-a7f8-43dc-ae7f-8e28dc2e9571,2026-07-18T20:00:00Z,2026-07-18T22:00:00+0200,46863.542177,MW,DE,DE_LU,forecast_load,Forecasted Load,2026-07-27T20:08:22Z
2026-07-27T20:06:34Z,2026-07-27T22:06:34+0200,cc602197-a7f8-43dc-ae7f-8e28dc2e9571,2026-07-18T20:15:00Z,2026-07-18T22:15:00+0200,46275.604538,MW,DE,DE_LU,forecast_load,Forecasted Load,2026-07-27T20:08:22Z
2026-07-27T20:06:34Z,2026-07-27T22:06:34+0200,cc602197-a7f8-43dc-ae7f-8e28dc2e9571,2026-07-18T20:30:00Z,2026-07-18T22:30:00+0200,45738.604989,MW,DE,DE_LU,forecast_load,Forecasted Load,2026-07-27T20:08:22Z
2026-07-27T20:06:34Z,2026-07-27T22:06:34+0200,cc602197-a7f8-43dc-ae7f-8e28dc2e9571,2026-07-18T20:45:00Z,2026-07-18T22:45:00+0200,45251.00299,MW,DE,DE_LU,forecast_load,Forecasted Load,2026-07-27T20:08:22Z
2026-07-27T20:06:34Z,2026-07-27T22:06:34+0200,cc602197-a7f8-43dc-ae7f-8e28dc2e9571,2026-07-18T21:00:00Z,2026-07-18T23:00:00+0200,44548.533999,MW,DE,DE_LU,forecast_load,Forecasted Load,2026-07-27T20:08:22Z
2026-07-27T20:06:34Z,2026-07-27T22:06:34+0200,cc602197-a7f8-43dc-ae7f-8e28dc2e9571,2026-07-18T21:15:00Z,2026-07-18T23:15:00+0200,43979.200682,MW,DE,DE_LU,forecast_load,Forecasted Load,2026-07-27T20:08:22Z
2026-07-27T20:06:34Z,2026-07-27T22:06:34+0200,cc602197-a7f8-43dc-ae7f-8e28dc2e9571,2026-07-18T21:30:00Z,2026-07-18T23:30:00+0200,43472.573984,MW,DE,DE_LU,forecast_load,Forecasted Load,2026-07-27T20:08:22Z
2026-07-27T20:06:34Z,2026-07-27T22:06:34+0200,cc602197-a7f8-43dc-ae7f-8e28dc2e9571,2026-07-18T21:45:00Z,2026-07-18T23:45:00+0200,42897.394589,MW,DE,DE_LU,forecast_load,Forecasted Load,2026-07-27T20:08:22Z
2026-07-27T20:06:34Z,2026-07-27T22:06:34+0200,cc602197-a7f8-43dc-ae7f-8e28dc2e9571,2026-07-18T22:00:00Z,2026-07-19T00:00:00+0200,43235.605082,MW,DE,DE_LU,forecast_load,Forecasted Load,2026-07-27T20:08:22Z
2026-07-27T20:06:34Z,2026-07-27T22:06:34+0200,cc602197-a7f8-43dc-ae7f-8e28dc2e9571,2026-07-18T22:15:00Z,2026-07-19T00:15:00+0200,42493.247674,MW,DE,DE_LU,forecast_load,Forecasted Load,2026-07-27T20:08:22Z
2026-07-27T20:06:34Z,2026-07-27T22:06:34+0200,cc602197-a7f8-43dc-ae7f-8e28dc2e9571,2026-07-18T22:30:00Z,2026-07-19T00:30:00+0200,42062.057998,MW,DE,DE_LU,forecast_load,Forecasted Load,2026-07-27T20:08:22Z
2026-07-27T20:06:34Z,2026-07-27T22:06:34+0200,cc602197-a7f8-43dc-ae7f-8e28dc2e9571,2026-07-18T22:45:00Z,2026-07-19T00:45:00+0200,41640.315783,MW,DE,DE_LU,forecast_load,Forecasted Load,2026-07-27T20:08:22Z
2026-07-27T20:06:34Z,2026-07-27T22:06:34+0200,cc602197-a7f8-43dc-ae7f-8e28dc2e9571,2026-07-18T23:00:00Z,2026-07-19T01:00:00+0200,41225.596167,MW,DE,DE_LU,forecast_load,Forecasted Load,2026-07-27T20:08:22Z
2026-07-27T20:06:34Z,2026-07-27T22:06:34+0200,cc602197-a7f8-43dc-ae7f-8e28dc2e9571,2026-07-18T23:15:00Z,2026-07-19T01:15:00+0200,40689.344995,MW,DE,DE_LU,forecast_load,Forecasted Load,2026-07-27T20:08:22Z
2026-07-27T20:06:34Z,2026-07-27T22:06:34+0200,cc602197-a7f8-43dc-ae7f-8e28dc2e9571,2026-07-18T23:30:00Z,2026-07-19T01:30:00+0200,40390.301751,MW,DE,DE_LU,forecast_load,Forecasted Load,2026-07-27T20:08:22Z
2026-07-27T20:06:34Z,2026-07-27T22:06:34+0200,cc602197-a7f8-43dc-ae7f-8e28dc2e9571,2026-07-18T23:45:00Z,2026-07-19T01:45:00+0200,40144.577577,MW,DE,DE_LU,forecast_load,Forecasted Load,2026-07-27T20:08:22Z
2026-07-27T20:06:34Z,2026-07-27T22:06:34+0200,cc602197-a7f8-43dc-ae7f-8e28dc2e9571,2026-07-19T00:00:00Z,2026-07-19T02:00:00+0200,39915.549472,MW,DE,DE_LU,forecast_load,Forecasted Load,2026-07-27T20:08:22Z
2026-07-27T20:06:34Z,2026-07-27T22:06:34+0200,cc602197-a7f8-43dc-ae7f-8e28dc2e9571,2026-07-19T00:15:00Z,2026-07-19T02:15:00+0200,39514.180678,MW,DE,DE_LU,forecast_load,Forecasted Load,2026-07-27T20:08:22Z
2026-07-27T20:06:34Z,2026-07-27T22:06:34+0200,cc602197-a7f8-43dc-ae7f-8e28dc2e9571,2026-07-19T00:30:00Z,2026-07-19T02:30:00+0200,39354.900558,MW,DE,DE_LU,forecast_load,Forecasted Load,2026-07-27T20:08:22Z
2026-07-27T20:06:34Z,2026-07-27T22:06:34+0200,cc602197-a7f8-43dc-ae7f-8e28dc2e9571,2026-07-19T00:45:00Z,2026-07-19T02:45:00+0200,39279.874656,MW,DE,DE_LU,forecast_load,Forecasted Load,2026-07-27T20:08:22Z
2026-07-27T20:06:34Z,2026-07-27T22:06:34+0200,cc602197-a7f8-43dc-ae7f-8e28dc2e9571,2026-07-19T01:00:00Z,2026-07-19T03:00:00+0200,39156.122989,MW,DE,DE_LU,forecast_load,Forecasted Load,2026-07-27T20:08:22Z
2026-07-27T20:06:34Z,2026-07-27T22:06:34+0200,cc602197-a7f8-43dc-ae7f-8e28dc2e9571,2026-07-19T01:15:00Z,2026-07-19T03:15:00+0200,38994.053373,MW,DE,DE_LU,forecast_load,Forecasted Load,2026-07-27T20:08:22Z
2026-07-27T20:06:34Z,2026-07-27T22:06:34+0200,cc602197-a7f8-43dc-ae7f-8e28dc2e9571,2026-07-19T01:30:00Z,2026-07-19T03:30:00+0200,38884.565919,MW,DE,DE_LU,forecast_load,Forecasted Load,2026-07-27T20:08:22Z
2026-07-27T20:06:34Z,2026-07-27T22:06:34+0200,cc602197-a7f8-43dc-ae7f-8e28dc2e9571,2026-07-19T01:45:00Z,2026-07-19T03:45:00+0200,38900.414807,MW,DE,DE_LU,forecast_load,Forecasted Load,2026-07-27T20:08:22Z
2026-07-27T20:06:34Z,2026-07-27T22:06:34+0200,cc602197-a7f8-43dc-ae7f-8e28dc2e9571,2026-07-19T02:00:00Z,2026-07-19T04:00:00+0200,38944.918848,MW,DE,DE_LU,forecast_load,Forecasted Load,2026-07-27T20:08:22Z
2026-07-27T20:06:34Z,2026-07-27T22:06:34+0200,cc602197-a7f8-43dc-ae7f-8e28dc2e9571,2026-07-19T02:15:00Z,2026-07-19T04:15:00+0200,39178.35887,MW,DE,DE_LU,forecast_load,Forecasted Load,2026-07-27T20:08:22Z
2026-07-27T20:06:34Z,2026-07-27T22:06:34+0200,cc602197-a7f8-43dc-ae7f-8e28dc2e9571,2026-07-19T02:30:00Z,2026-07-19T04:30:00+0200,39098.86258,MW,DE,DE_LU,forecast_load,Forecasted Load,2026-07-27T20:08:22Z
2026-07-27T20:06:34Z,2026-07-27T22:06:34+0200,cc602197-a7f8-43dc-ae7f-8e28dc2e9571,2026-07-19T02:45:00Z,2026-07-19T04:45:00+0200,39281.30581,MW,DE,DE_LU,forecast_load,Forecasted Load,2026-07-27T20:08:22Z
2026-07-27T20:06:34Z,2026-07-27T22:06:34+0200,cc602197-a7f8-43dc-ae7f-8e28dc2e9571,2026-07-19T03:00:00Z,2026-07-19T05:00:00+0200,39597.584797,MW,DE,DE_LU,forecast_load,Forecasted Load,2026-07-27T20:08:22Z
2026-07-27T20:06:34Z,2026-07-27T22:06:34+0200,cc602197-a7f8-43dc-ae7f-8e28dc2e9571,2026-07-19T03:15:00Z,2026-07-19T05:15:00+0200,39812.896205,MW,DE,DE_LU,forecast_load,Forecasted Load,2026-07-27T20:08:22Z
2026-07-27T20:06:34Z,2026-07-27T22:06:34+0200,cc602197-a7f8-43dc-ae7f-8e28dc2e9571,2026-07-19T03:30:00Z,2026-07-19T05:30:00+0200,40210.395474,MW,DE,DE_LU,forecast_load,Forecasted Load,2026-07-27T20:08:22Z
2026-07-27T20:06:34Z,2026-07-27T22:06:34+0200,cc602197-a7f8-43dc-ae7f-8e28dc2e9571,2026-07-19T03:45:00Z,2026-07-19T05:45:00+0200,40061.657035,MW,DE,DE_LU,forecast_load,Forecasted Load,2026-07-27T20:08:22Z
2026-07-27T20:06:34Z,2026-07-27T22:06:34+0200,cc602197-a7f8-43dc-ae7f-8e28dc2e9571,2026-07-19T04:00:00Z,2026-07-19T06:00:00+0200,41059.969674,MW,DE,DE_LU,forecast_load,Forecasted Load,2026-07-27T20:08:22Z
2026-07-27T20:06:34Z,2026-07-27T22:06:34+0200,cc602197-a7f8-43dc-ae7f-8e28dc2e9571,2026-07-19T04:15:00Z,2026-07-19T06:15:00+0200,41248.217678,MW,DE,DE_LU,forecast_load,Forecasted Load,2026-07-27T20:08:22Z
2026-07-27T20:06:34Z,2026-07-27T22:06:34+0200,cc602197-a7f8-43dc-ae7f-8e28dc2e9571,2026-07-19T04:30:00Z,2026-07-19T06:30:00+0200,41907.108625,MW,DE,DE_LU,forecast_load,Forecasted Load,2026-07-27T20:08:22Z
2026-07-27T20:06:34Z,2026-07-27T22:06:34+0200,cc602197-a7f8-43dc-ae7f-8e28dc2e9571,2026-07-19T04:45:00Z,2026-07-19T06:45:00+0200,42300.04622,MW,DE,DE_LU,forecast_load,Forecasted Load,2026-07-27T20:08:22Z
2026-07-27T20:06:34Z,2026-07-27T22:06:34+0200,cc602197-a7f8-43dc-ae7f-8e28dc2e9571,2026-07-19T05:00:00Z,2026-07-19T07:00:00+0200,42984.469008,MW,DE,DE_LU,forecast_load,Forecasted Load,2026-07-27T20:08:22Z
2026-07-27T20:06:34Z,2026-07-27T22:06:34+0200,cc602197-a7f8-43dc-ae7f-8e28dc2e9571,2026-07-19T05:15:00Z,2026-07-19T07:15:00+0200,43597.97861,MW,DE,DE_LU,forecast_load,Forecasted Load,2026-07-27T20:08:22Z
2026-07-27T20:06:34Z,2026-07-27T22:06:34+0200,cc602197-a7f8-43dc-ae7f-8e28dc2e9571,2026-07-19T05:30:00Z,2026-07-19T07:30:00+0200,44087.977327,MW,DE,DE_LU,forecast_load,Forecasted Load,2026-07-27T20:08:22Z
2026-07-27T20:06:34Z,2026-07-27T22:06:34+0200,cc602197-a7f8-43dc-ae7f-8e28dc2e9571,2026-07-19T05:45:00Z,2026-07-19T07:45:00+0200,44867.845429,MW,DE,DE_LU,forecast_load,Forecasted Load,2026-07-27T20:08:22Z
2026-07-27T20:06:34Z,2026-07-27T22:06:34+0200,cc602197-a7f8-43dc-ae7f-8e28dc2e9571,2026-07-19T06:00:00Z,2026-07-19T08:00:00+0200,44935.09635,MW,DE,DE_LU,forecast_load,Forecasted Load,2026-07-27T20:08:22Z
2026-07-27T20:06:34Z,2026-07-27T22:06:34+0200,cc602197-a7f8-43dc-ae7f-8e28dc2e9571,2026-07-19T06:15:00Z,2026-07-19T08:15:00+0200,45648.968869,MW,DE,DE_LU,forecast_load,Forecasted Load,2026-07-27T20:08:22Z
2026-07-27T20:06:34Z,2026-07-27T22:06:34+0200,cc602197-a7f8-43dc-ae7f-8e28dc2e9571,2026-07-19T06:30:00Z,2026-07-19T08:30:00+0200,46237.032516,MW,DE,DE_LU,forecast_load,Forecasted Load,2026-07-27T20:08:22Z
2026-07-27T20:06:34Z,2026-07-27T22:06:34+0200,cc602197-a7f8-43dc-ae7f-8e28dc2e9571,2026-07-19T06:45:00Z,2026-07-19T08:45:00+0200,46622.152308,MW,DE,DE_LU,forecast_load,Forecasted Load,2026-07-27T20:08:22Z
2026-07-27T20:06:34Z,2026-07-27T22:06:34+0200,cc602197-a7f8-43dc-ae7f-8e28dc2e9571,2026-07-19T07:00:00Z,2026-07-19T09:00:00+0200,46957.586779,MW,DE,DE_LU,forecast_load,Forecasted Load,2026-07-27T20:08:22Z
2026-07-27T20:06:34Z,2026-07-27T22:06:34+0200,cc602197-a7f8-43dc-ae7f-8e28dc2e9571,2026-07-19T07:15:00Z,2026-07-19T09:15:00+0200,47469.828408,MW,DE,DE_LU,forecast_load,Forecasted Load,2026-07-27T20:08:22Z
2026-07-27T20:06:34Z,2026-07-27T22:06:34+0200,cc602197-a7f8-43dc-ae7f-8e28dc2e9571,2026-07-19T07:30:00Z,2026-07-19T09:30:00+0200,47107.498827,MW,DE,DE_LU,forecast_load,Forecasted Load,2026-07-27T20:08:22Z
2026-07-27T20:06:34Z,2026-07-27T22:06:34+0200,cc602197-a7f8-43dc-ae7f-8e28dc2e9571,2026-07-19T07:45:00Z,2026-07-19T09:45:00+0200,48685.373565,MW,DE,DE_LU,forecast_load,Forecasted Load,2026-07-27T20:08:22Z
2026-07-27T20:06:34Z,2026-07-27T22:06:34+0200,cc602197-a7f8-43dc-ae7f-8e28dc2e9571,2026-07-19T08:00:00Z,2026-07-19T10:00:00+0200,48510.910819,MW,DE,DE_LU,forecast_load,Forecasted Load,2026-07-27T20:08:22Z
2026-07-27T20:06:34Z,2026-07-27T22:06:34+0200,cc602197-a7f8-43dc-ae7f-8e28dc2e9571,2026-07-19T08:15:00Z,2026-07-19T10:15:00+0200,48824.67658,MW,DE,DE_LU,forecast_load,Forecasted Load,2026-07-27T20:08:22Z
2026-07-27T20:06:34Z,2026-07-27T22:06:34+0200,cc602197-a7f8-43dc-ae7f-8e28dc2e9571,2026-07-19T08:30:00Z,2026-07-19T10:30:00+0200,49087.415369,MW,DE,DE_LU,forecast_load,Forecasted Load,2026-07-27T20:08:22Z
2026-07-27T20:06:34Z,2026-07-27T22:06:34+0200,cc602197-a7f8-43dc-ae7f-8e28dc2e9571,2026-07-19T08:45:00Z,2026-07-19T10:45:00+0200,49396.353086,MW,DE,DE_LU,forecast_load,Forecasted Load,2026-07-27T20:08:22Z
2026-07-27T20:06:34Z,2026-07-27T22:06:34+0200,cc602197-a7f8-43dc-ae7f-8e28dc2e9571,2026-07-19T09:00:00Z,2026-07-19T11:00:00+0200,49735.102568,MW,DE,DE_LU,forecast_load,Forecasted Load,2026-07-27T20:08:22Z
2026-07-27T20:06:34Z,2026-07-27T22:06:34+0200,cc602197-a7f8-43dc-ae7f-8e28dc2e9571,2026-07-19T09:15:00Z,2026-07-19T11:15:00+0200,50006.468811,MW,DE,DE_LU,forecast_load,Forecasted Load,2026-07-27T20:08:22Z
2026-07-27T20:06:34Z,2026-07-27T22:06:34+0200,cc602197-a7f8-43dc-ae7f-8e28dc2e9571,2026-07-19T09:30:00Z,2026-07-19T11:30:00+0200,49710.622054,MW,DE,DE_LU,forecast_load,Forecasted Load,2026-07-27T20:08:22Z
2026-07-27T20:06:34Z,2026-07-27T22:06:34+0200,cc602197-a7f8-43dc-ae7f-8e28dc2e9571,2026-07-19T09:45:00Z,2026-07-19T11:45:00+0200,49356.592048,MW,DE,DE_LU,forecast_load,Forecasted Load,2026-07-27T20:08:22Z
2026-07-27T20:06:34Z,2026-07-27T22:06:34+0200,cc602197-a7f8-43dc-ae7f-8e28dc2e9571,2026-07-19T10:00:00Z,2026-07-19T12:00:00+0200,49452.264094,MW,DE,DE_LU,forecast_load,Forecasted Load,2026-07-27T20:08:22Z
2026-07-27T20:06:34Z,2026-07-27T22:06:34+0200,cc602197-a7f8-43dc-ae7f-8e28dc2e9571,2026-07-19T10:15:00Z,2026-07-19T12:15:00+0200,48992.28706,MW,DE,DE_LU,forecast_load,Forecasted Load,2026-07-27T20:08:22Z
2026-07-27T20:06:34Z,2026-07-27T22:06:34+0200,cc602197-a7f8-43dc-ae7f-8e28dc2e9571,2026-07-19T10:30:00Z,2026-07-19T12:30:00+0200,49028.615113,MW,DE,DE_LU,forecast_load,Forecasted Load,2026-07-27T20:08:22Z
2026-07-27T20:06:34Z,2026-07-27T22:06:34+0200,cc602197-a7f8-43dc-ae7f-8e28dc2e9571,2026-07-19T10:45:00Z,2026-07-19T12:45:00+0200,48986.511579,MW,DE,DE_LU,forecast_load,Forecasted Load,2026-07-27T20:08:22Z
2026-07-27T20:06:34Z,2026-07-27T22:06:34+0200,cc602197-a7f8-43dc-ae7f-8e28dc2e9571,2026-07-19T11:00:00Z,2026-07-19T13:00:00+0200,48479.373384,MW,DE,DE_LU,forecast_load,Forecasted Load,2026-07-27T20:08:22Z
2026-07-27T20:06:34Z,2026-07-27T22:06:34+0200,cc602197-a7f8-43dc-ae7f-8e28dc2e9571,2026-07-19T11:15:00Z,2026-07-19T13:15:00+0200,48057.146184,MW,DE,DE_LU,forecast_load,Forecasted Load,2026-07-27T20:08:22Z
2026-07-27T20:06:34Z,2026-07-27T22:06:34+0200,cc602197-a7f8-43dc-ae7f-8e28dc2e9571,2026-07-19T11:30:00Z,2026-07-19T13:30:00+0200,47880.458253,MW,DE,DE_LU,forecast_load,Forecasted Load,2026-07-27T20:08:22Z
2026-07-27T20:06:34Z,2026-07-27T22:06:34+0200,cc602197-a7f8-43dc-ae7f-8e28dc2e9571,2026-07-19T11:45:00Z,2026-07-19T13:45:00+0200,47653.762188,MW,DE,DE_LU,forecast_load,Forecasted Load,2026-07-27T20:08:22Z
2026-07-27T20:06:34Z,2026-07-27T22:06:34+0200,cc602197-a7f8-43dc-ae7f-8e28dc2e9571,2026-07-19T12:00:00Z,2026-07-19T14:00:00+0200,47352.600002,MW,DE,DE_LU,forecast_load,Forecasted Load,2026-07-27T20:08:22Z
2026-07-27T20:06:34Z,2026-07-27T22:06:34+0200,cc602197-a7f8-43dc-ae7f-8e28dc2e9571,2026-07-19T12:15:00Z,2026-07-19T14:15:00+0200,47314.027348,MW,DE,DE_LU,forecast_load,Forecasted Load,2026-07-27T20:08:22Z
2026-07-27T20:06:34Z,2026-07-27T22:06:34+0200,cc602197-a7f8-43dc-ae7f-8e28dc2e9571,2026-07-19T12:30:00Z,2026-07-19T14:30:00+0200,47230.076118,MW,DE,DE_LU,forecast_load,Forecasted Load,2026-07-27T20:08:22Z
2026-07-27T20:06:34Z,2026-07-27T22:06:34+0200,cc602197-a7f8-43dc-ae7f-8e28dc2e9571,2026-07-19T12:45:00Z,2026-07-19T14:45:00+0200,46968.945981,MW,DE,DE_LU,forecast_load,Forecasted Load,2026-07-27T20:08:22Z
2026-07-27T20:06:34Z,2026-07-27T22:06:34+0200,cc602197-a7f8-43dc-ae7f-8e28dc2e9571,2026-07-19T13:00:00Z,2026-07-19T15:00:00+0200,47209.950727,MW,DE,DE_LU,forecast_load,Forecasted Load,2026-07-27T20:08:22Z
2026-07-27T20:06:34Z,2026-07-27T22:06:34+0200,cc602197-a7f8-43dc-ae7f-8e28dc2e9571,2026-07-19T13:15:00Z,2026-07-19T15:15:00+0200,46939.463308,MW,DE,DE_LU,forecast_load,Forecasted Load,2026-07-27T20:08:22Z
2026-07-27T20:06:34Z,2026-07-27T22:06:34+0200,cc602197-a7f8-43dc-ae7f-8e28dc2e9571,2026-07-19T13:30:00Z,2026-07-19T15:30:00+0200,46628.222506,MW,DE,DE_LU,forecast_load,Forecasted Load,2026-07-27T20:08:22Z
2026-07-27T20:06:34Z,2026-07-27T22:06:34+0200,cc602197-a7f8-43dc-ae7f-8e28dc2e9571,2026-07-19T13:45:00Z,2026-07-19T15:45:00+0200,46248.166559,MW,DE,DE_LU,forecast_load,Forecasted Load,2026-07-27T20:08:22Z
2026-07-27T20:06:34Z,2026-07-27T22:06:34+0200,cc602197-a7f8-43dc-ae7f-8e28dc2e9571,2026-07-19T14:00:00Z,2026-07-19T16:00:00+0200,47016.596479,MW,DE,DE_LU,forecast_load,Forecasted Load,2026-07-27T20:08:22Z
2026-07-27T20:06:34Z,2026-07-27T22:06:34+0200,cc602197-a7f8-43dc-ae7f-8e28dc2e9571,2026-07-19T14:15:00Z,2026-07-19T16:15:00+0200,46751.126163,MW,DE,DE_LU,forecast_load,Forecasted Load,2026-07-27T20:08:22Z
2026-07-27T20:06:34Z,2026-07-27T22:06:34+0200,cc602197-a7f8-43dc-ae7f-8e28dc2e9571,2026-07-19T14:30:00Z,2026-07-19T16:30:00+0200,47138.840837,MW,DE,DE_LU,forecast_load,Forecasted Load,2026-07-27T20:08:22Z
2026-07-27T20:06:34Z,2026-07-27T22:06:34+0200,cc602197-a7f8-43dc-ae7f-8e28dc2e9571,2026-07-19T14:45:00Z,2026-07-19T16:45:00+0200,46502.718818,MW,DE,DE_LU,forecast_load,Forecasted Load,2026-07-27T20:08:22Z
2026-07-27T20:06:34Z,2026-07-27T22:06:34+0200,cc602197-a7f8-43dc-ae7f-8e28dc2e9571,2026-07-19T15:00:00Z,2026-07-19T17:00:00+0200,47615.157145,MW,DE,DE_LU,forecast_load,Forecasted Load,2026-07-27T20:08:22Z
2026-07-27T20:06:34Z,2026-07-27T22:06:34+0200,cc602197-a7f8-43dc-ae7f-8e28dc2e9571,2026-07-19T15:15:00Z,2026-07-19T17:15:00+0200,47479.622308,MW,DE,DE_LU,forecast_load,Forecasted Load,2026-07-27T20:08:22Z
2026-07-27T20:06:34Z,2026-07-27T22:06:34+0200,cc602197-a7f8-43dc-ae7f-8e28dc2e9571,2026-07-19T15:30:00Z,2026-07-19T17:30:00+0200,47571.470701,MW,DE,DE_LU,forecast_load,Forecasted Load,2026-07-27T20:08:22Z
2026-07-27T20:06:34Z,2026-07-27T22:06:34+0200,cc602197-a7f8-43dc-ae7f-8e28dc2e9571,2026-07-19T15:45:00Z,2026-07-19T17:45:00+0200,47967.293047,MW,DE,DE_LU,forecast_load,Forecasted Load,2026-07-27T20:08:22Z
2026-07-27T20:06:34Z,2026-07-27T22:06:34+0200,cc602197-a7f8-43dc-ae7f-8e28dc2e9571,2026-07-19T16:00:00Z,2026-07-19T18:00:00+0200,48614.593959,MW,DE,DE_LU,forecast_load,Forecasted Load,2026-07-27T20:08:22Z
2026-07-27T20:06:34Z,2026-07-27T22:06:34+0200,cc602197-a7f8-43dc-ae7f-8e28dc2e9571,2026-07-19T16:15:00Z,2026-07-19T18:15:00+0200,48651.723408,MW,DE,DE_LU,forecast_load,Forecasted Load,2026-07-27T20:08:22Z
2026-07-27T20:06:34Z,2026-07-27T22:06:34+0200,cc602197-a7f8-43dc-ae7f-8e28dc2e9571,2026-07-19T16:30:00Z,2026-07-19T18:30:00+0200,49314.602034,MW,DE,DE_LU,forecast_load,Forecasted Load,2026-07-27T20:08:22Z
2026-07-27T20:06:34Z,2026-07-27T22:06:34+0200,cc602197-a7f8-43dc-ae7f-8e28dc2e9571,2026-07-19T16:45:00Z,2026-07-19T18:45:00+0200,49928.802403,MW,DE,DE_LU,forecast_load,Forecasted Load,2026-07-27T20:08:22Z
2026-07-27T20:06:34Z,2026-07-27T22:06:34+0200,cc602197-a7f8-43dc-ae7f-8e28dc2e9571,2026-07-19T17:00:00Z,2026-07-19T19:00:00+0200,50773.916967,MW,DE,DE_LU,forecast_load,Forecasted Load,2026-07-27T20:08:22Z
2026-07-27T20:06:34Z,2026-07-27T22:06:34+0200,cc602197-a7f8-43dc-ae7f-8e28dc2e9571,2026-07-19T17:15:00Z,2026-07-19T19:15:00+0200,51211.529753,MW,DE,DE_LU,forecast_load,Forecasted Load,2026-07-27T20:08:22Z
2026-07-27T20:06:34Z,2026-07-27T22:06:34+0200,cc602197-a7f8-43dc-ae7f-8e28dc2e9571,2026-07-19T17:30:00Z,2026-07-19T19:30:00+0200,51477.037033,MW,DE,DE_LU,forecast_load,Forecasted Load,2026-07-27T20:08:22Z
2026-07-27T20:06:34Z,2026-07-27T22:06:34+0200,cc602197-a7f8-43dc-ae7f-8e28dc2e9571,2026-07-19T17:45:00Z,2026-07-19T19:45:00+0200,51577.663638,MW,DE,DE_LU,forecast_load,Forecasted Load,2026-07-27T20:08:22Z
2026-07-27T20:06:34Z,2026-07-27T22:06:34+0200,cc602197-a7f8-43dc-ae7f-8e28dc2e9571,2026-07-19T18:00:00Z,2026-07-19T20:00:00+0200,51595.093824,MW,DE,DE_LU,forecast_load,Forecasted Load,2026-07-27T20:08:22Z
2026-07-27T20:06:34Z,2026-07-27T22:06:34+0200,cc602197-a7f8-43dc-ae7f-8e28dc2e9571,2026-07-19T18:15:00Z,2026-07-19T20:15:00+0200,51504.144168,MW,DE,DE_LU,forecast_load,Forecasted Load,2026-07-27T20:08:22Z
2026-07-27T20:06:34Z,2026-07-27T22:06:34+0200,cc602197-a7f8-43dc-ae7f-8e28dc2e9571,2026-07-19T18:30:00Z,2026-07-19T20:30:00+0200,51207.31511,MW,DE,DE_LU,forecast_load,Forecasted Load,2026-07-27T20:08:22Z
2026-07-27T20:06:34Z,2026-07-27T22:06:34+0200,cc602197-a7f8-43dc-ae7f-8e28dc2e9571,2026-07-19T18:45:00Z,2026-07-19T20:45:00+0200,50773.235401,MW,DE,DE_LU,forecast_load,Forecasted Load,2026-07-27T20:08:22Z
2026-07-27T20:06:34Z,2026-07-27T22:06:34+0200,cc602197-a7f8-43dc-ae7f-8e28dc2e9571,2026-07-19T19:00:00Z,2026-07-19T21:00:00+0200,50291.381022,MW,DE,DE_LU,forecast_load,Forecasted Load,2026-07-27T20:08:22Z
2026-07-27T20:06:34Z,2026-07-27T22:06:34+0200,cc602197-a7f8-43dc-ae7f-8e28dc2e9571,2026-07-19T19:15:00Z,2026-07-19T21:15:00+0200,50185.984771,MW,DE,DE_LU,forecast_load,Forecasted Load,2026-07-27T20:08:22Z
2026-07-27T20:06:34Z,2026-07-27T22:06:34+0200,cc602197-a7f8-43dc-ae7f-8e28dc2e9571,2026-07-19T19:30:00Z,2026-07-19T21:30:00+0200,49787.327995,MW,DE,DE_LU,forecast_load,Forecasted Load,2026-07-27T20:08:22Z
2026-07-27T20:06:34Z,2026-07-27T22:06:34+0200,cc602197-a7f8-43dc-ae7f-8e28dc2e9571,2026-07-19T19:45:00Z,2026-07-19T21:45:00+0200,49512.976957,MW,DE,DE_LU,forecast_load,Forecasted Load,2026-07-27T20:08:22Z
2026-07-27T20:06:34Z,2026-07-27T22:06:34+0200,cc602197-a7f8-43dc-ae7f-8e28dc2e9571,2026-07-19T20:00:00Z,2026-07-19T22:00:00+0200,49044.087472,MW,DE,DE_LU,forecast_load,Forecasted Load,2026-07-27T20:08:22Z
2026-07-27T20:06:34Z,2026-07-27T22:06:34+0200,cc602197-a7f8-43dc-ae7f-8e28dc2e9571,2026-07-19T20:15:00Z,2026-07-19T22:15:00+0200,48740.413982,MW,DE,DE_LU,forecast_load,Forecasted Load,2026-07-27T20:08:22Z
2026-07-27T20:06:34Z,2026-07-27T22:06:34+0200,cc602197-a7f8-43dc-ae7f-8e28dc2e9571,2026-07-19T20:30:00Z,2026-07-19T22:30:00+0200,48286.094542,MW,DE,DE_LU,forecast_load,Forecasted Load,2026-07-27T20:08:22Z
2026-07-27T20:06:34Z,2026-07-27T22:06:34+0200,cc602197-a7f8-43dc-ae7f-8e28dc2e9571,2026-07-19T20:45:00Z,2026-07-19T22:45:00+0200,47692.090223,MW,DE,DE_LU,forecast_load,Forecasted Load,2026-07-27T20:08:22Z
2026-07-27T20:06:34Z,2026-07-27T22:06:34+0200,cc602197-a7f8-43dc-ae7f-8e28dc2e9571,2026-07-19T21:00:00Z,2026-07-19T23:00:00+0200,46904.750495,MW,DE,DE_LU,forecast_load,Forecasted Load,2026-07-27T20:08:22Z
2026-07-27T20:06:34Z,2026-07-27T22:06:34+0200,cc602197-a7f8-43dc-ae7f-8e28dc2e9571,2026-07-19T21:15:00Z,2026-07-19T23:15:00+0200,46260.812142,MW,DE,DE_LU,forecast_load,Forecasted Load,2026-07-27T20:08:22Z
2026-07-27T20:06:34Z,2026-07-27T22:06:34+0200,cc602197-a7f8-43dc-ae7f-8e28dc2e9571,2026-07-19T21:30:00Z,2026-07-19T23:30:00+0200,45747.336522,MW,DE,DE_LU,forecast_load,Forecasted Load,2026-07-27T20:08:22Z
2026-07-27T20:06:34Z,2026-07-27T22:06:34+0200,cc602197-a7f8-43dc-ae7f-8e28dc2e9571,2026-07-19T21:45:00Z,2026-07-19T23:45:00+0200,45273.107174,MW,DE,DE_LU,forecast_load,Forecasted Load,2026-07-27T20:08:22Z
2026-07-27T20:06:34Z,2026-07-27T22:06:34+0200,cc602197-a7f8-43dc-ae7f-8e28dc2e9571,2026-07-19T22:00:00Z,2026-07-20T00:00:00+0200,43323.442298,MW,DE,DE_LU,forecast_load,Forecasted Load,2026-07-27T20:08:22Z
2026-07-27T20:06:34Z,2026-07-27T22:06:34+0200,cc602197-a7f8-43dc-ae7f-8e28dc2e9571,2026-07-19T22:15:00Z,2026-07-20T00:15:00+0200,42850.279466,MW,DE,DE_LU,forecast_load,Forecasted Load,2026-07-27T20:08:22Z
2026-07-27T20:06:34Z,2026-07-27T22:06:34+0200,cc602197-a7f8-43dc-ae7f-8e28dc2e9571,2026-07-19T22:30:00Z,2026-07-20T00:30:00+0200,42668.05294,MW,DE,DE_LU,forecast_load,Forecasted Load,2026-07-27T20:08:22Z
2026-07-27T20:06:34Z,2026-07-27T22:06:34+0200,cc602197-a7f8-43dc-ae7f-8e28dc2e9571,2026-07-19T22:45:00Z,2026-07-20T00:45:00+0200,42351.288587,MW,DE,DE_LU,forecast_load,Forecasted Load,2026-07-27T20:08:22Z
2026-07-27T20:06:34Z,2026-07-27T22:06:34+0200,cc602197-a7f8-43dc-ae7f-8e28dc2e9571,2026-07-19T23:00:00Z,2026-07-20T01:00:00+0200,41918.74836,MW,DE,DE_LU,forecast_load,Forecasted Load,2026-07-27T20:08:22Z
2026-07-27T20:06:34Z,2026-07-27T22:06:34+0200,cc602197-a7f8-43dc-ae7f-8e28dc2e9571,2026-07-19T23:15:00Z,2026-07-20T01:15:00+0200,41575.641842,MW,DE,DE_LU,forecast_load,Forecasted Load,2026-07-27T20:08:22Z
2026-07-27T20:06:34Z,2026-07-27T22:06:34+0200,cc602197-a7f8-43dc-ae7f-8e28dc2e9571,2026-07-19T23:30:00Z,2026-07-20T01:30:00+0200,41364.868455,MW,DE,DE_LU,forecast_load,Forecasted Load,2026-07-27T20:08:22Z
2026-07-27T20:06:34Z,2026-07-27T22:06:34+0200,cc602197-a7f8-43dc-ae7f-8e28dc2e9571,2026-07-19T23:45:00Z,2026-07-20T01:45:00+0200,41143.456298,MW,DE,DE_LU,forecast_load,Forecasted Load,2026-07-27T20:08:22Z
2026-07-27T20:06:34Z,2026-07-27T22:06:34+0200,cc602197-a7f8-43dc-ae7f-8e28dc2e9571,2026-07-20T00:00:00Z,2026-07-20T02:00:00+0200,41077.650489,MW,DE,DE_LU,forecast_load,Forecasted Load,2026-07-27T20:08:22Z
2026-07-27T20:06:34Z,2026-07-27T22:06:34+0200,cc602197-a7f8-43dc-ae7f-8e28dc2e9571,2026-07-20T00:15:00Z,2026-07-20T02:15:00+0200,40977.955764,MW,DE,DE_LU,forecast_load,Forecasted Load,2026-07-27T20:08:22Z
2026-07-27T20:06:34Z,2026-07-27T22:06:34+0200,cc602197-a7f8-43dc-ae7f-8e28dc2e9571,2026-07-20T00:30:00Z,2026-07-20T02:30:00+0200,40854.240597,MW,DE,DE_LU,forecast_load,Forecasted Load,2026-07-27T20:08:22Z
2026-07-27T20:06:34Z,2026-07-27T22:06:34+0200,cc602197-a7f8-43dc-ae7f-8e28dc2e9571,2026-07-20T00:45:00Z,2026-07-20T02:45:00+0200,40899.095905,MW,DE,DE_LU,forecast_load,Forecasted Load,2026-07-27T20:08:22Z
2026-07-27T20:06:34Z,2026-07-27T22:06:34+0200,cc602197-a7f8-43dc-ae7f-8e28dc2e9571,2026-07-20T01:00:00Z,2026-07-20T03:00:00+0200,40933.176576,MW,DE,DE_LU,forecast_load,Forecasted Load,2026-07-27T20:08:22Z
2026-07-27T20:06:34Z,2026-07-27T22:06:34+0200,cc602197-a7f8-43dc-ae7f-8e28dc2e9571,2026-07-20T01:15:00Z,2026-07-20T03:15:00+0200,40959.271719,MW,DE,DE_LU,forecast_load,Forecasted Load,2026-07-27T20:08:22Z
2026-07-27T20:06:34Z,2026-07-27T22:06:34+0200,cc602197-a7f8-43dc-ae7f-8e28dc2e9571,2026-07-20T01:30:00Z,2026-07-20T03:30:00+0200,41088.184118,MW,DE,DE_LU,forecast_load,Forecasted Load,2026-07-27T20:08:22Z
2026-07-27T20:06:34Z,2026-07-27T22:06:34+0200,cc602197-a7f8-43dc-ae7f-8e28dc2e9571,2026-07-20T01:45:00Z,2026-07-20T03:45:00+0200,41344.076401,MW,DE,DE_LU,forecast_load,Forecasted Load,2026-07-27T20:08:22Z
2026-07-27T20:06:34Z,2026-07-27T22:06:34+0200,cc602197-a7f8-43dc-ae7f-8e28dc2e9571,2026-07-20T02:00:00Z,2026-07-20T04:00:00+0200,41823.997308,MW,DE,DE_LU,forecast_load,Forecasted Load,2026-07-27T20:08:22Z
2026-07-27T20:06:34Z,2026-07-27T22:06:34+0200,cc602197-a7f8-43dc-ae7f-8e28dc2e9571,2026-07-20T02:15:00Z,2026-07-20T04:15:00+0200,42032.402588,MW,DE,DE_LU,forecast_load,Forecasted Load,2026-07-27T20:08:22Z
2026-07-27T20:06:34Z,2026-07-27T22:06:34+0200,cc602197-a7f8-43dc-ae7f-8e28dc2e9571,2026-07-20T02:30:00Z,2026-07-20T04:30:00+0200,42490.795997,MW,DE,DE_LU,forecast_load,Forecasted Load,2026-07-27T20:08:22Z
2026-07-27T20:06:34Z,2026-07-27T22:06:34+0200,cc602197-a7f8-43dc-ae7f-8e28dc2e9571,2026-07-20T02:45:00Z,2026-07-20T04:45:00+0200,43151.388469,MW,DE,DE_LU,forecast_load,Forecasted Load,2026-07-27T20:08:22Z
2026-07-27T20:06:34Z,2026-07-27T22:06:34+0200,cc602197-a7f8-43dc-ae7f-8e28dc2e9571,2026-07-20T03:00:00Z,2026-07-20T05:00:00+0200,44134.96412,MW,DE,DE_LU,forecast_load,Forecasted Load,2026-07-27T20:08:22Z
2026-07-27T20:06:34Z,2026-07-27T22:06:34+0200,cc602197-a7f8-43dc-ae7f-8e28dc2e9571,2026-07-20T03:15:00Z,2026-07-20T05:15:00+0200,44936.969674,MW,DE,DE_LU,forecast_load,Forecasted Load,2026-07-27T20:08:22Z
2026-07-27T20:06:34Z,2026-07-27T22:06:34+0200,cc602197-a7f8-43dc-ae7f-8e28dc2e9571,2026-07-20T03:30:00Z,2026-07-20T05:30:00+0200,46600.753475,MW,DE,DE_LU,forecast_load,Forecasted Load,2026-07-27T20:08:22Z
2026-07-27T20:06:34Z,2026-07-27T22:06:34+0200,cc602197-a7f8-43dc-ae7f-8e28dc2e9571,2026-07-20T03:45:00Z,2026-07-20T05:45:00+0200,47649.394252,MW,DE,DE_LU,forecast_load,Forecasted Load,2026-07-27T20:08:22Z
2026-07-27T20:06:34Z,2026-07-27T22:06:34+0200,cc602197-a7f8-43dc-ae7f-8e28dc2e9571,2026-07-20T04:00:00Z,2026-07-20T06:00:00+0200,50244.097773,MW,DE,DE_LU,forecast_load,Forecasted Load,2026-07-27T20:08:22Z
2026-07-27T20:06:34Z,2026-07-27T22:06:34+0200,cc602197-a7f8-43dc-ae7f-8e28dc2e9571,2026-07-20T04:15:00Z,2026-07-20T06:15:00+0200,51538.83784,MW,DE,DE_LU,forecast_load,Forecasted Load,2026-07-27T20:08:22Z
2026-07-27T20:06:34Z,2026-07-27T22:06:34+0200,cc602197-a7f8-43dc-ae7f-8e28dc2e9571,2026-07-20T04:30:00Z,2026-07-20T06:30:00+0200,52901.972779,MW,DE,DE_LU,forecast_load,Forecasted Load,2026-07-27T20:08:22Z
2026-07-27T20:06:34Z,2026-07-27T22:06:34+0200,cc602197-a7f8-43dc-ae7f-8e28dc2e9571,2026-07-20T04:45:00Z,2026-07-20T06:45:00+0200,54235.207998,MW,DE,DE_LU,forecast_load,Forecasted Load,2026-07-27T20:08:22Z
2026-07-27T20:06:34Z,2026-07-27T22:06:34+0200,cc602197-a7f8-43dc-ae7f-8e28dc2e9571,2026-07-20T05:00:00Z,2026-07-20T07:00:00+0200,55946.540383,MW,DE,DE_LU,forecast_load,Forecasted Load,2026-07-27T20:08:22Z
2026-07-27T20:06:34Z,2026-07-27T22:06:34+0200,cc602197-a7f8-43dc-ae7f-8e28dc2e9571,2026-07-20T05:15:00Z,2026-07-20T07:15:00+0200,57087.709145,MW,DE,DE_LU,forecast_load,Forecasted Load,2026-07-27T20:08:22Z
2026-07-27T20:06:34Z,2026-07-27T22:06:34+0200,cc602197-a7f8-43dc-ae7f-8e28dc2e9571,2026-07-20T05:30:00Z,2026-07-20T07:30:00+0200,58283.424576,MW,DE,DE_LU,forecast_load,Forecasted Load,2026-07-27T20:08:22Z
2026-07-27T20:06:34Z,2026-07-27T22:06:34+0200,cc602197-a7f8-43dc-ae7f-8e28dc2e9571,2026-07-20T05:45:00Z,2026-07-20T07:45:00+0200,58993.066254,MW,DE,DE_LU,forecast_load,Forecasted Load,2026-07-27T20:08:22Z
2026-07-27T20:06:34Z,2026-07-27T22:06:34+0200,cc602197-a7f8-43dc-ae7f-8e28dc2e9571,2026-07-20T06:00:00Z,2026-07-20T08:00:00+0200,60116.068058,MW,DE,DE_LU,forecast_load,Forecasted Load,2026-07-27T20:08:22Z
2026-07-27T20:06:34Z,2026-07-27T22:06:34+0200,cc602197-a7f8-43dc-ae7f-8e28dc2e9571,2026-07-20T06:15:00Z,2026-07-20T08:15:00+0200,60723.378951,MW,DE,DE_LU,forecast_load,Forecasted Load,2026-07-27T20:08:22Z
2026-07-27T20:06:34Z,2026-07-27T22:06:34+0200,cc602197-a7f8-43dc-ae7f-8e28dc2e9571,2026-07-20T06:30:00Z,2026-07-20T08:30:00+0200,61250.498314,MW,DE,DE_LU,forecast_load,Forecasted Load,2026-07-27T20:08:22Z
2026-07-27T20:06:34Z,2026-07-27T22:06:34+0200,cc602197-a7f8-43dc-ae7f-8e28dc2e9571,2026-07-20T06:45:00Z,2026-07-20T08:45:00+0200,61747.57989,MW,DE,DE_LU,forecast_load,Forecasted Load,2026-07-27T20:08:22Z
2026-07-27T20:06:34Z,2026-07-27T22:06:34+0200,cc602197-a7f8-43dc-ae7f-8e28dc2e9571,2026-07-20T07:00:00Z,2026-07-20T09:00:00+0200,61732.955406,MW,DE,DE_LU,forecast_load,Forecasted Load,2026-07-27T20:08:22Z
2026-07-27T20:06:34Z,2026-07-27T22:06:34+0200,cc602197-a7f8-43dc-ae7f-8e28dc2e9571,2026-07-20T07:15:00Z,2026-07-20T09:15:00+0200,61926.163657,MW,DE,DE_LU,forecast_load,Forecasted Load,2026-07-27T20:08:22Z
2026-07-27T20:06:34Z,2026-07-27T22:06:34+0200,cc602197-a7f8-43dc-ae7f-8e28dc2e9571,2026-07-20T07:30:00Z,2026-07-20T09:30:00+0200,62411.039579,MW,DE,DE_LU,forecast_load,Forecasted Load,2026-07-27T20:08:22Z
2026-07-27T20:06:34Z,2026-07-27T22:06:34+0200,cc602197-a7f8-43dc-ae7f-8e28dc2e9571,2026-07-20T07:45:00Z,2026-07-20T09:45:00+0200,62571.096071,MW,DE,DE_LU,forecast_load,Forecasted Load,2026-07-27T20:08:22Z
2026-07-27T20:06:34Z,2026-07-27T22:06:34+0200,cc602197-a7f8-43dc-ae7f-8e28dc2e9571,2026-07-20T08:00:00Z,2026-07-20T10:00:00+0200,62470.012267,MW,DE,DE_LU,forecast_load,Forecasted Load,2026-07-27T20:08:22Z
2026-07-27T20:06:34Z,2026-07-27T22:06:34+0200,cc602197-a7f8-43dc-ae7f-8e28dc2e9571,2026-07-20T08:15:00Z,2026-07-20T10:15:00+0200,62137.62976,MW,DE,DE_LU,forecast_load,Forecasted Load,2026-07-27T20:08:22Z
2026-07-27T20:06:34Z,2026-07-27T22:06:34+0200,cc602197-a7f8-43dc-ae7f-8e28dc2e9571,2026-07-20T08:30:00Z,2026-07-20T10:30:00+0200,62364.517419,MW,DE,DE_LU,forecast_load,Forecasted Load,2026-07-27T20:08:22Z
2026-07-27T20:06:34Z,2026-07-27T22:06:34+0200,cc602197-a7f8-43dc-ae7f-8e28dc2e9571,2026-07-20T08:45:00Z,2026-07-20T10:45:00+0200,62287.832153,MW,DE,DE_LU,forecast_load,Forecasted Load,2026-07-27T20:08:22Z
2026-07-27T20:06:34Z,2026-07-27T22:06:34+0200,cc602197-a7f8-43dc-ae7f-8e28dc2e9571,2026-07-20T09:00:00Z,2026-07-20T11:00:00+0200,62278.208544,MW,DE,DE_LU,forecast_load,Forecasted Load,2026-07-27T20:08:22Z
2026-07-27T20:06:34Z,2026-07-27T22:06:34+0200,cc602197-a7f8-43dc-ae7f-8e28dc2e9571,2026-07-20T09:15:00Z,2026-07-20T11:15:00+0200,62532.007572,MW,DE,DE_LU,forecast_load,Forecasted Load,2026-07-27T20:08:22Z
2026-07-27T20:06:34Z,2026-07-27T22:06:34+0200,cc602197-a7f8-43dc-ae7f-8e28dc2e9571,2026-07-20T09:30:00Z,2026-07-20T11:30:00+0200,62424.876439,MW,DE,DE_LU,forecast_load,Forecasted Load,2026-07-27T20:08:22Z
2026-07-27T20:06:34Z,2026-07-27T22:06:34+0200,cc602197-a7f8-43dc-ae7f-8e28dc2e9571,2026-07-20T09:45:00Z,2026-07-20T11:45:00+0200,62204.181629,MW,DE,DE_LU,forecast_load,Forecasted Load,2026-07-27T20:08:22Z
2026-07-27T20:06:34Z,2026-07-27T22:06:34+0200,cc602197-a7f8-43dc-ae7f-8e28dc2e9571,2026-07-20T10:00:00Z,2026-07-20T12:00:00+0200,61578.370768,MW,DE,DE_LU,forecast_load,Forecasted Load,2026-07-27T20:08:22Z
2026-07-27T20:06:34Z,2026-07-27T22:06:34+0200,cc602197-a7f8-43dc-ae7f-8e28dc2e9571,2026-07-20T10:15:00Z,2026-07-20T12:15:00+0200,61609.380186,MW,DE,DE_LU,forecast_load,Forecasted Load,2026-07-27T20:08:22Z
2026-07-27T20:06:34Z,2026-07-27T22:06:34+0200,cc602197-a7f8-43dc-ae7f-8e28dc2e9571,2026-07-20T10:30:00Z,2026-07-20T12:30:00+0200,61593.267949,MW,DE,DE_LU,forecast_load,Forecasted Load,2026-07-27T20:08:22Z
2026-07-27T20:06:34Z,2026-07-27T22:06:34+0200,cc602197-a7f8-43dc-ae7f-8e28dc2e9571,2026-07-20T10:45:00Z,2026-07-20T12:45:00+0200,61235.164406,MW,DE,DE_LU,forecast_load,Forecasted Load,2026-07-27T20:08:22Z
2026-07-27T20:06:34Z,2026-07-27T22:06:34+0200,cc602197-a7f8-43dc-ae7f-8e28dc2e9571,2026-07-20T11:00:00Z,2026-07-20T13:00:00+0200,60862.77123,MW,DE,DE_LU,forecast_load,Forecasted Load,2026-07-27T20:08:22Z
2026-07-27T20:06:34Z,2026-07-27T22:06:34+0200,cc602197-a7f8-43dc-ae7f-8e28dc2e9571,2026-07-20T11:15:00Z,2026-07-20T13:15:00+0200,60736.29126,MW,DE,DE_LU,forecast_load,Forecasted Load,2026-07-27T20:08:22Z
2026-07-27T20:06:34Z,2026-07-27T22:06:34+0200,cc602197-a7f8-43dc-ae7f-8e28dc2e9571,2026-07-20T11:30:00Z,2026-07-20T13:30:00+0200,60464.323081,MW,DE,DE_LU,forecast_load,Forecasted Load,2026-07-27T20:08:22Z
2026-07-27T20:06:34Z,2026-07-27T22:06:34+0200,cc602197-a7f8-43dc-ae7f-8e28dc2e9571,2026-07-20T11:45:00Z,2026-07-20T13:45:00+0200,60168.637169,MW,DE,DE_LU,forecast_load,Forecasted Load,2026-07-27T20:08:22Z
2026-07-27T20:06:34Z,2026-07-27T22:06:34+0200,cc602197-a7f8-43dc-ae7f-8e28dc2e9571,2026-07-20T12:00:00Z,2026-07-20T14:00:00+0200,59929.465891,MW,DE,DE_LU,forecast_load,Forecasted Load,2026-07-27T20:08:22Z
2026-07-27T20:06:34Z,2026-07-27T22:06:34+0200,cc602197-a7f8-43dc-ae7f-8e28dc2e9571,2026-07-20T12:15:00Z,2026-07-20T14:15:00+0200,59520.484465,MW,DE,DE_LU,forecast_load,Forecasted Load,2026-07-27T20:08:22Z
2026-07-27T20:06:34Z,2026-07-27T22:06:34+0200,cc602197-a7f8-43dc-ae7f-8e28dc2e9571,2026-07-20T12:30:00Z,2026-07-20T14:30:00+0200,59159.290094,MW,DE,DE_LU,forecast_load,Forecasted Load,2026-07-27T20:08:22Z
2026-07-27T20:06:34Z,2026-07-27T22:06:34+0200,cc602197-a7f8-43dc-ae7f-8e28dc2e9571,2026-07-20T12:45:00Z,2026-07-20T14:45:00+0200,58810.050395,MW,DE,DE_LU,forecast_load,Forecasted Load,2026-07-27T20:08:22Z
2026-07-27T20:06:34Z,2026-07-27T22:06:34+0200,cc602197-a7f8-43dc-ae7f-8e28dc2e9571,2026-07-20T13:00:00Z,2026-07-20T15:00:00+0200,58802.495113,MW,DE,DE_LU,forecast_load,Forecasted Load,2026-07-27T20:08:22Z
2026-07-27T20:06:34Z,2026-07-27T22:06:34+0200,cc602197-a7f8-43dc-ae7f-8e28dc2e9571,2026-07-20T13:15:00Z,2026-07-20T15:15:00+0200,58763.249033,MW,DE,DE_LU,forecast_load,Forecasted Load,2026-07-27T20:08:22Z
2026-07-27T20:06:34Z,2026-07-27T22:06:34+0200,cc602197-a7f8-43dc-ae7f-8e28dc2e9571,2026-07-20T13:30:00Z,2026-07-20T15:30:00+0200,58447.250196,MW,DE,DE_LU,forecast_load,Forecasted Load,2026-07-27T20:08:22Z
2026-07-27T20:06:34Z,2026-07-27T22:06:34+0200,cc602197-a7f8-43dc-ae7f-8e28dc2e9571,2026-07-20T13:45:00Z,2026-07-20T15:45:00+0200,58473.542521,MW,DE,DE_LU,forecast_load,Forecasted Load,2026-07-27T20:08:22Z
2026-07-27T20:06:34Z,2026-07-27T22:06:34+0200,cc602197-a7f8-43dc-ae7f-8e28dc2e9571,2026-07-20T14:00:00Z,2026-07-20T16:00:00+0200,58881.424021,MW,DE,DE_LU,forecast_load,Forecasted Load,2026-07-27T20:08:22Z
2026-07-27T20:06:34Z,2026-07-27T22:06:34+0200,cc602197-a7f8-43dc-ae7f-8e28dc2e9571,2026-07-20T14:15:00Z,2026-07-20T16:15:00+0200,58305.897802,MW,DE,DE_LU,forecast_load,Forecasted Load,2026-07-27T20:08:22Z
2026-07-27T20:06:34Z,2026-07-27T22:06:34+0200,cc602197-a7f8-43dc-ae7f-8e28dc2e9571,2026-07-20T14:30:00Z,2026-07-20T16:30:00+0200,58316.886772,MW,DE,DE_LU,forecast_load,Forecasted Load,2026-07-27T20:08:22Z
2026-07-27T20:06:34Z,2026-07-27T22:06:34+0200,cc602197-a7f8-43dc-ae7f-8e28dc2e9571,2026-07-20T14:45:00Z,2026-07-20T16:45:00+0200,58362.934936,MW,DE,DE_LU,forecast_load,Forecasted Load,2026-07-27T20:08:22Z
2026-07-27T20:06:34Z,2026-07-27T22:06:34+0200,cc602197-a7f8-43dc-ae7f-8e28dc2e9571,2026-07-20T15:00:00Z,2026-07-20T17:00:00+0200,58607.736038,MW,DE,DE_LU,forecast_load,Forecasted Load,2026-07-27T20:08:22Z
2026-07-27T20:06:34Z,2026-07-27T22:06:34+0200,cc602197-a7f8-43dc-ae7f-8e28dc2e9571,2026-07-20T15:15:00Z,2026-07-20T17:15:00+0200,58737.126916,MW,DE,DE_LU,forecast_load,Forecasted Load,2026-07-27T20:08:22Z
2026-07-27T20:06:34Z,2026-07-27T22:06:34+0200,cc602197-a7f8-43dc-ae7f-8e28dc2e9571,2026-07-20T15:30:00Z,2026-07-20T17:30:00+0200,58809.785895,MW,DE,DE_LU,forecast_load,Forecasted Load,2026-07-27T20:08:22Z
2026-07-27T20:06:34Z,2026-07-27T22:06:34+0200,cc602197-a7f8-43dc-ae7f-8e28dc2e9571,2026-07-20T15:45:00Z,2026-07-20T17:45:00+0200,58847.580858,MW,DE,DE_LU,forecast_load,Forecasted Load,2026-07-27T20:08:22Z
2026-07-27T20:06:34Z,2026-07-27T22:06:34+0200,cc602197-a7f8-43dc-ae7f-8e28dc2e9571,2026-07-20T16:00:00Z,2026-07-20T18:00:00+0200,58750.18864,MW,DE,DE_LU,forecast_load,Forecasted Load,2026-07-27T20:08:22Z
2026-07-27T20:06:34Z,2026-07-27T22:06:34+0200,cc602197-a7f8-43dc-ae7f-8e28dc2e9571,2026-07-20T16:15:00Z,2026-07-20T18:15:00+0200,59055.193381,MW,DE,DE_LU,forecast_load,Forecasted Load,2026-07-27T20:08:22Z
2026-07-27T20:06:34Z,2026-07-27T22:06:34+0200,cc602197-a7f8-43dc-ae7f-8e28dc2e9571,2026-07-20T16:30:00Z,2026-07-20T18:30:00+0200,58948.428092,MW,DE,DE_LU,forecast_load,Forecasted Load,2026-07-27T20:08:22Z
2026-07-27T20:06:34Z,2026-07-27T22:06:34+0200,cc602197-a7f8-43dc-ae7f-8e28dc2e9571,2026-07-20T16:45:00Z,2026-07-20T18:45:00+0200,58984.609829,MW,DE,DE_LU,forecast_load,Forecasted Load,2026-07-27T20:08:22Z
2026-07-27T20:06:34Z,2026-07-27T22:06:34+0200,cc602197-a7f8-43dc-ae7f-8e28dc2e9571,2026-07-20T17:00:00Z,2026-07-20T19:00:00+0200,58870.220589,MW,DE,DE_LU,forecast_load,Forecasted Load,2026-07-27T20:08:22Z
2026-07-27T20:06:34Z,2026-07-27T22:06:34+0200,cc602197-a7f8-43dc-ae7f-8e28dc2e9571,2026-07-20T17:15:00Z,2026-07-20T19:15:00+0200,58644.60231,MW,DE,DE_LU,forecast_load,Forecasted Load,2026-07-27T20:08:22Z
2026-07-27T20:06:34Z,2026-07-27T22:06:34+0200,cc602197-a7f8-43dc-ae7f-8e28dc2e9571,2026-07-20T17:30:00Z,2026-07-20T19:30:00+0200,58495.045123,MW,DE,DE_LU,forecast_load,Forecasted Load,2026-07-27T20:08:22Z
2026-07-27T20:06:34Z,2026-07-27T22:06:34+0200,cc602197-a7f8-43dc-ae7f-8e28dc2e9571,2026-07-20T17:45:00Z,2026-07-20T19:45:00+0200,58220.93884,MW,DE,DE_LU,forecast_load,Forecasted Load,2026-07-27T20:08:22Z
2026-07-27T20:06:34Z,2026-07-27T22:06:34+0200,cc602197-a7f8-43dc-ae7f-8e28dc2e9571,2026-07-20T18:00:00Z,2026-07-20T20:00:00+0200,57716.444358,MW,DE,DE_LU,forecast_load,Forecasted Load,2026-07-27T20:08:22Z
2026-07-27T20:06:34Z,2026-07-27T22:06:34+0200,cc602197-a7f8-43dc-ae7f-8e28dc2e9571,2026-07-20T18:15:00Z,2026-07-20T20:15:00+0200,57418.766339,MW,DE,DE_LU,forecast_load,Forecasted Load,2026-07-27T20:08:22Z
2026-07-27T20:06:34Z,2026-07-27T22:06:34+0200,cc602197-a7f8-43dc-ae7f-8e28dc2e9571,2026-07-20T18:30:00Z,2026-07-20T20:30:00+0200,56970.853459,MW,DE,DE_LU,forecast_load,Forecasted Load,2026-07-27T20:08:22Z
2026-07-27T20:06:34Z,2026-07-27T22:06:34+0200,cc602197-a7f8-43dc-ae7f-8e28dc2e9571,2026-07-20T18:45:00Z,2026-07-20T20:45:00+0200,56524.399794,MW,DE,DE_LU,forecast_load,Forecasted Load,2026-07-27T20:08:22Z
2026-07-27T20:06:34Z,2026-07-27T22:06:34+0200,cc602197-a7f8-43dc-ae7f-8e28dc2e9571,2026-07-20T19:00:00Z,2026-07-20T21:00:00+0200,55921.074803,MW,DE,DE_LU,forecast_load,Forecasted Load,2026-07-27T20:08:22Z
2026-07-27T20:06:34Z,2026-07-27T22:06:34+0200,cc602197-a7f8-43dc-ae7f-8e28dc2e9571,2026-07-20T19:15:00Z,2026-07-20T21:15:00+0200,55349.064021,MW,DE,DE_LU,forecast_load,Forecasted Load,2026-07-27T20:08:22Z
2026-07-27T20:06:34Z,2026-07-27T22:06:34+0200,cc602197-a7f8-43dc-ae7f-8e28dc2e9571,2026-07-20T19:30:00Z,2026-07-20T21:30:00+0200,54796.340604,MW,DE,DE_LU,forecast_load,Forecasted Load,2026-07-27T20:08:22Z
2026-07-27T20:06:34Z,2026-07-27T22:06:34+0200,cc602197-a7f8-43dc-ae7f-8e28dc2e9571,2026-07-20T19:45:00Z,2026-07-20T21:45:00+0200,54317.433445,MW,DE,DE_LU,forecast_load,Forecasted Load,2026-07-27T20:08:22Z
2026-07-27T20:06:34Z,2026-07-27T22:06:34+0200,cc602197-a7f8-43dc-ae7f-8e28dc2e9571,2026-07-20T20:00:00Z,2026-07-20T22:00:00+0200,53346.344427,MW,DE,DE_LU,forecast_load,Forecasted Load,2026-07-27T20:08:22Z
2026-07-27T20:06:34Z,2026-07-27T22:06:34+0200,cc602197-a7f8-43dc-ae7f-8e28dc2e9571,2026-07-20T20:15:00Z,2026-07-20T22:15:00+0200,52666.887668,MW,DE,DE_LU,forecast_load,Forecasted Load,2026-07-27T20:08:22Z
2026-07-27T20:06:34Z,2026-07-27T22:06:34+0200,cc602197-a7f8-43dc-ae7f-8e28dc2e9571,2026-07-20T20:30:00Z,2026-07-20T22:30:00+0200,51891.198482,MW,DE,DE_LU,forecast_load,Forecasted Load,2026-07-27T20:08:22Z
2026-07-27T20:06:34Z,2026-07-27T22:06:34+0200,cc602197-a7f8-43dc-ae7f-8e28dc2e9571,2026-07-20T20:45:00Z,2026-07-20T22:45:00+0200,51208.966605,MW,DE,DE_LU,forecast_load,Forecasted Load,2026-07-27T20:08:22Z
2026-07-27T20:06:34Z,2026-07-27T22:06:34+0200,cc602197-a7f8-43dc-ae7f-8e28dc2e9571,2026-07-20T21:00:00Z,2026-07-20T23:00:00+0200,50066.345426,MW,DE,DE_LU,forecast_load,Forecasted Load,2026-07-27T20:08:22Z
2026-07-27T20:06:34Z,2026-07-27T22:06:34+0200,cc602197-a7f8-43dc-ae7f-8e28dc2e9571,2026-07-20T21:15:00Z,2026-07-20T23:15:00+0200,49399.156735,MW,DE,DE_LU,forecast_load,Forecasted Load,2026-07-27T20:08:22Z
2026-07-27T20:06:34Z,2026-07-27T22:06:34+0200,cc602197-a7f8-43dc-ae7f-8e28dc2e9571,2026-07-20T21:30:00Z,2026-07-20T23:30:00+0200,48976.403297,MW,DE,DE_LU,forecast_load,Forecasted Load,2026-07-27T20:08:22Z
2026-07-27T20:06:34Z,2026-07-27T22:06:34+0200,cc602197-a7f8-43dc-ae7f-8e28dc2e9571,2026-07-20T21:45:00Z,2026-07-20T23:45:00+0200,48452.574405,MW,DE,DE_LU,forecast_load,Forecasted Load,2026-07-27T20:08:22Z
2026-07-27T20:06:34Z,2026-07-27T22:06:34+0200,cc602197-a7f8-43dc-ae7f-8e28dc2e9571,2026-07-20T22:00:00Z,2026-07-21T00:00:00+0200,46690.320217,MW,DE,DE_LU,forecast_load,Forecasted Load,2026-07-27T20:08:22Z
2026-07-27T20:06:34Z,2026-07-27T22:06:34+0200,cc602197-a7f8-43dc-ae7f-8e28dc2e9571,2026-07-20T22:15:00Z,2026-07-21T00:15:00+0200,46133.88468,MW,DE,DE_LU,forecast_load,Forecasted Load,2026-07-27T20:08:22Z
2026-07-27T20:06:34Z,2026-07-27T22:06:34+0200,cc602197-a7f8-43dc-ae7f-8e28dc2e9571,2026-07-20T22:30:00Z,2026-07-21T00:30:00+0200,45632.205629,MW,DE,DE_LU,forecast_load,Forecasted Load,2026-07-27T20:08:22Z
2026-07-27T20:06:34Z,2026-07-27T22:06:34+0200,cc602197-a7f8-43dc-ae7f-8e28dc2e9571,2026-07-20T22:45:00Z,2026-07-21T00:45:00+0200,45165.239267,MW,DE,DE_LU,forecast_load,Forecasted Load,2026-07-27T20:08:22Z
2026-07-27T20:06:34Z,2026-07-27T22:06:34+0200,cc602197-a7f8-43dc-ae7f-8e28dc2e9571,2026-07-20T23:00:00Z,2026-07-21T01:00:00+0200,44690.498263,MW,DE,DE_LU,forecast_load,Forecasted Load,2026-07-27T20:08:22Z
2026-07-27T20:06:34Z,2026-07-27T22:06:34+0200,cc602197-a7f8-43dc-ae7f-8e28dc2e9571,2026-07-20T23:15:00Z,2026-07-21T01:15:00+0200,44385.536919,MW,DE,DE_LU,forecast_load,Forecasted Load,2026-07-27T20:08:22Z
2026-07-27T20:06:34Z,2026-07-27T22:06:34+0200,cc602197-a7f8-43dc-ae7f-8e28dc2e9571,2026-07-20T23:30:00Z,2026-07-21T01:30:00+0200,44098.058144,MW,DE,DE_LU,forecast_load,Forecasted Load,2026-07-27T20:08:22Z
2026-07-27T20:06:34Z,2026-07-27T22:06:34+0200,cc602197-a7f8-43dc-ae7f-8e28dc2e9571,2026-07-20T23:45:00Z,2026-07-21T01:45:00+0200,43865.00488,MW,DE,DE_LU,forecast_load,Forecasted Load,2026-07-27T20:08:22Z
2026-07-27T20:06:34Z,2026-07-27T22:06:34+0200,cc602197-a7f8-43dc-ae7f-8e28dc2e9571,2026-07-21T00:00:00Z,2026-07-21T02:00:00+0200,43620.983414,MW,DE,DE_LU,forecast_load,Forecasted Load,2026-07-27T20:08:22Z
2026-07-27T20:06:34Z,2026-07-27T22:06:34+0200,cc602197-a7f8-43dc-ae7f-8e28dc2e9571,2026-07-21T00:15:00Z,2026-07-21T02:15:00+0200,43454.688466,MW,DE,DE_LU,forecast_load,Forecasted Load,2026-07-27T20:08:22Z
2026-07-27T20:06:34Z,2026-07-27T22:06:34+0200,cc602197-a7f8-43dc-ae7f-8e28dc2e9571,2026-07-21T00:30:00Z,2026-07-21T02:30:00+0200,43388.991374,MW,DE,DE_LU,forecast_load,Forecasted Load,2026-07-27T20:08:22Z
2026-07-27T20:06:34Z,2026-07-27T22:06:34+0200,cc602197-a7f8-43dc-ae7f-8e28dc2e9571,2026-07-21T00:45:00Z,2026-07-21T02:45:00+0200,43290.688014,MW,DE,DE_LU,forecast_load,Forecasted Load,2026-07-27T20:08:22Z
2026-07-27T20:06:34Z,2026-07-27T22:06:34+0200,cc602197-a7f8-43dc-ae7f-8e28dc2e9571,2026-07-21T01:00:00Z,2026-07-21T03:00:00+0200,43211.879454,MW,DE,DE_LU,forecast_load,Forecasted Load,2026-07-27T20:08:22Z
2026-07-27T20:06:34Z,2026-07-27T22:06:34+0200,cc602197-a7f8-43dc-ae7f-8e28dc2e9571,2026-07-21T01:15:00Z,2026-07-21T03:15:00+0200,43308.458004,MW,DE,DE_LU,forecast_load,Forecasted Load,2026-07-27T20:08:22Z
2026-07-27T20:06:34Z,2026-07-27T22:06:34+0200,cc602197-a7f8-43dc-ae7f-8e28dc2e9571,2026-07-21T01:30:00Z,2026-07-21T03:30:00+0200,43363.089476,MW,DE,DE_LU,forecast_load,Forecasted Load,2026-07-27T20:08:22Z
2026-07-27T20:06:34Z,2026-07-27T22:06:34+0200,cc602197-a7f8-43dc-ae7f-8e28dc2e9571,2026-07-21T01:45:00Z,2026-07-21T03:45:00+0200,43377.762476,MW,DE,DE_LU,forecast_load,Forecasted Load,2026-07-27T20:08:22Z
2026-07-27T20:06:34Z,2026-07-27T22:06:34+0200,cc602197-a7f8-43dc-ae7f-8e28dc2e9571,2026-07-21T02:00:00Z,2026-07-21T04:00:00+0200,43690.416799,MW,DE,DE_LU,forecast_load,Forecasted Load,2026-07-27T20:08:22Z
2026-07-27T20:06:34Z,2026-07-27T22:06:34+0200,cc602197-a7f8-43dc-ae7f-8e28dc2e9571,2026-07-21T02:15:00Z,2026-07-21T04:15:00+0200,43832.191188,MW,DE,DE_LU,forecast_load,Forecasted Load,2026-07-27T20:08:22Z
2026-07-27T20:06:34Z,2026-07-27T22:06:34+0200,cc602197-a7f8-43dc-ae7f-8e28dc2e9571,2026-07-21T02:30:00Z,2026-07-21T04:30:00+0200,44294.992114,MW,DE,DE_LU,forecast_load,Forecasted Load,2026-07-27T20:08:22Z
2026-07-27T20:06:34Z,2026-07-27T22:06:34+0200,cc602197-a7f8-43dc-ae7f-8e28dc2e9571,2026-07-21T02:45:00Z,2026-07-21T04:45:00+0200,44705.640241,MW,DE,DE_LU,forecast_load,Forecasted Load,2026-07-27T20:08:22Z
2026-07-27T20:06:34Z,2026-07-27T22:06:34+0200,cc602197-a7f8-43dc-ae7f-8e28dc2e9571,2026-07-21T03:00:00Z,2026-07-21T05:00:00+0200,45658.408029,MW,DE,DE_LU,forecast_load,Forecasted Load,2026-07-27T20:08:22Z
2026-07-27T20:06:34Z,2026-07-27T22:06:34+0200,cc602197-a7f8-43dc-ae7f-8e28dc2e9571,2026-07-21T03:15:00Z,2026-07-21T05:15:00+0200,46297.069557,MW,DE,DE_LU,forecast_load,Forecasted Load,2026-07-27T20:08:22Z
2026-07-27T20:06:34Z,2026-07-27T22:06:34+0200,cc602197-a7f8-43dc-ae7f-8e28dc2e9571,2026-07-21T03:30:00Z,2026-07-21T05:30:00+0200,46559.39076,MW,DE,DE_LU,forecast_load,Forecasted Load,2026-07-27T20:08:22Z
2026-07-27T20:06:34Z,2026-07-27T22:06:34+0200,cc602197-a7f8-43dc-ae7f-8e28dc2e9571,2026-07-21T03:45:00Z,2026-07-21T05:45:00+0200,47845.87501,MW,DE,DE_LU,forecast_load,Forecasted Load,2026-07-27T20:08:22Z
2026-07-27T20:06:34Z,2026-07-27T22:06:34+0200,cc602197-a7f8-43dc-ae7f-8e28dc2e9571,2026-07-21T04:00:00Z,2026-07-21T06:00:00+0200,49714.596847,MW,DE,DE_LU,forecast_load,Forecasted Load,2026-07-27T20:08:22Z
2026-07-27T20:06:34Z,2026-07-27T22:06:34+0200,cc602197-a7f8-43dc-ae7f-8e28dc2e9571,2026-07-21T04:15:00Z,2026-07-21T06:15:00+0200,51060.788719,MW,DE,DE_LU,forecast_load,Forecasted Load,2026-07-27T20:08:22Z
2026-07-27T20:06:34Z,2026-07-27T22:06:34+0200,cc602197-a7f8-43dc-ae7f-8e28dc2e9571,2026-07-21T04:30:00Z,2026-07-21T06:30:00+0200,52110.493136,MW,DE,DE_LU,forecast_load,Forecasted Load,2026-07-27T20:08:22Z
2026-07-27T20:06:34Z,2026-07-27T22:06:34+0200,cc602197-a7f8-43dc-ae7f-8e28dc2e9571,2026-07-21T04:45:00Z,2026-07-21T06:45:00+0200,53336.746241,MW,DE,DE_LU,forecast_load,Forecasted Load,2026-07-27T20:08:22Z
2026-07-27T20:06:34Z,2026-07-27T22:06:34+0200,cc602197-a7f8-43dc-ae7f-8e28dc2e9571,2026-07-21T05:00:00Z,2026-07-21T07:00:00+0200,54666.160398,MW,DE,DE_LU,forecast_load,Forecasted Load,2026-07-27T20:08:22Z
2026-07-27T20:06:34Z,2026-07-27T22:06:34+0200,cc602197-a7f8-43dc-ae7f-8e28dc2e9571,2026-07-21T05:15:00Z,2026-07-21T07:15:00+0200,55984.213204,MW,DE,DE_LU,forecast_load,Forecasted Load,2026-07-27T20:08:22Z
2026-07-27T20:06:34Z,2026-07-27T22:06:34+0200,cc602197-a7f8-43dc-ae7f-8e28dc2e9571,2026-07-21T05:30:00Z,2026-07-21T07:30:00+0200,57016.416491,MW,DE,DE_LU,forecast_load,Forecasted Load,2026-07-27T20:08:22Z
2026-07-27T20:06:34Z,2026-07-27T22:06:34+0200,cc602197-a7f8-43dc-ae7f-8e28dc2e9571,2026-07-21T05:45:00Z,2026-07-21T07:45:00+0200,58133.836229,MW,DE,DE_LU,forecast_load,Forecasted Load,2026-07-27T20:08:22Z
2026-07-27T20:06:34Z,2026-07-27T22:06:34+0200,cc602197-a7f8-43dc-ae7f-8e28dc2e9571,2026-07-21T06:00:00Z,2026-07-21T08:00:00+0200,58844.936335,MW,DE,DE_LU,forecast_load,Forecasted Load,2026-07-27T20:08:22Z
2026-07-27T20:06:34Z,2026-07-27T22:06:34+0200,cc602197-a7f8-43dc-ae7f-8e28dc2e9571,2026-07-21T06:15:00Z,2026-07-21T08:15:00+0200,59339.924589,MW,DE,DE_LU,forecast_load,Forecasted Load,2026-07-27T20:08:22Z
2026-07-27T20:06:34Z,2026-07-27T22:06:34+0200,cc602197-a7f8-43dc-ae7f-8e28dc2e9571,2026-07-21T06:30:00Z,2026-07-21T08:30:00+0200,59995.318337,MW,DE,DE_LU,forecast_load,Forecasted Load,2026-07-27T20:08:22Z
2026-07-27T20:06:34Z,2026-07-27T22:06:34+0200,cc602197-a7f8-43dc-ae7f-8e28dc2e9571,2026-07-21T06:45:00Z,2026-07-21T08:45:00+0200,60112.791834,MW,DE,DE_LU,forecast_load,Forecasted Load,2026-07-27T20:08:22Z
2026-07-27T20:06:34Z,2026-07-27T22:06:34+0200,cc602197-a7f8-43dc-ae7f-8e28dc2e9571,2026-07-21T07:00:00Z,2026-07-21T09:00:00+0200,60088.358341,MW,DE,DE_LU,forecast_load,Forecasted Load,2026-07-27T20:08:22Z
2026-07-27T20:06:34Z,2026-07-27T22:06:34+0200,cc602197-a7f8-43dc-ae7f-8e28dc2e9571,2026-07-21T07:15:00Z,2026-07-21T09:15:00+0200,60256.845935,MW,DE,DE_LU,forecast_load,Forecasted Load,2026-07-27T20:08:22Z
2026-07-27T20:06:34Z,2026-07-27T22:06:34+0200,cc602197-a7f8-43dc-ae7f-8e28dc2e9571,2026-07-21T07:30:00Z,2026-07-21T09:30:00+0200,61174.672474,MW,DE,DE_LU,forecast_load,Forecasted Load,2026-07-27T20:08:22Z
2026-07-27T20:06:34Z,2026-07-27T22:06:34+0200,cc602197-a7f8-43dc-ae7f-8e28dc2e9571,2026-07-21T07:45:00Z,2026-07-21T09:45:00+0200,61061.50885,MW,DE,DE_LU,forecast_load,Forecasted Load,2026-07-27T20:08:22Z
2026-07-27T20:06:34Z,2026-07-27T22:06:34+0200,cc602197-a7f8-43dc-ae7f-8e28dc2e9571,2026-07-21T08:00:00Z,2026-07-21T10:00:00+0200,61338.743671,MW,DE,DE_LU,forecast_load,Forecasted Load,2026-07-27T20:08:22Z
2026-07-27T20:06:34Z,2026-07-27T22:06:34+0200,cc602197-a7f8-43dc-ae7f-8e28dc2e9571,2026-07-21T08:15:00Z,2026-07-21T10:15:00+0200,61265.668711,MW,DE,DE_LU,forecast_load,Forecasted Load,2026-07-27T20:08:22Z
2026-07-27T20:06:34Z,2026-07-27T22:06:34+0200,cc602197-a7f8-43dc-ae7f-8e28dc2e9571,2026-07-21T08:30:00Z,2026-07-21T10:30:00+0200,61250.3671,MW,DE,DE_LU,forecast_load,Forecasted Load,2026-07-27T20:08:22Z
2026-07-27T20:06:34Z,2026-07-27T22:06:34+0200,cc602197-a7f8-43dc-ae7f-8e28dc2e9571,2026-07-21T08:45:00Z,2026-07-21T10:45:00+0200,61505.094578,MW,DE,DE_LU,forecast_load,Forecasted Load,2026-07-27T20:08:22Z
2026-07-27T20:06:34Z,2026-07-27T22:06:34+0200,cc602197-a7f8-43dc-ae7f-8e28dc2e9571,2026-07-21T09:00:00Z,2026-07-21T11:00:00+0200,61285.452546,MW,DE,DE_LU,forecast_load,Forecasted Load,2026-07-27T20:08:22Z
2026-07-27T20:06:34Z,2026-07-27T22:06:34+0200,cc602197-a7f8-43dc-ae7f-8e28dc2e9571,2026-07-21T09:15:00Z,2026-07-21T11:15:00+0200,61372.573533,MW,DE,DE_LU,forecast_load,Forecasted Load,2026-07-27T20:08:22Z
2026-07-27T20:06:34Z,2026-07-27T22:06:34+0200,cc602197-a7f8-43dc-ae7f-8e28dc2e9571,2026-07-21T09:30:00Z,2026-07-21T11:30:00+0200,61064.846109,MW,DE,DE_LU,forecast_load,Forecasted Load,2026-07-27T20:08:22Z
2026-07-27T20:06:34Z,2026-07-27T22:06:34+0200,cc602197-a7f8-43dc-ae7f-8e28dc2e9571,2026-07-21T09:45:00Z,2026-07-21T11:45:00+0200,60762.816808,MW,DE,DE_LU,forecast_load,Forecasted Load,2026-07-27T20:08:22Z
2026-07-27T20:06:34Z,2026-07-27T22:06:34+0200,cc602197-a7f8-43dc-ae7f-8e28dc2e9571,2026-07-21T10:00:00Z,2026-07-21T12:00:00+0200,59868.988735,MW,DE,DE_LU,forecast_load,Forecasted Load,2026-07-27T20:08:22Z
2026-07-27T20:06:34Z,2026-07-27T22:06:34+0200,cc602197-a7f8-43dc-ae7f-8e28dc2e9571,2026-07-21T10:15:00Z,2026-07-21T12:15:00+0200,59648.316975,MW,DE,DE_LU,forecast_load,Forecasted Load,2026-07-27T20:08:22Z
2026-07-27T20:06:34Z,2026-07-27T22:06:34+0200,cc602197-a7f8-43dc-ae7f-8e28dc2e9571,2026-07-21T10:30:00Z,2026-07-21T12:30:00+0200,59892.719716,MW,DE,DE_LU,forecast_load,Forecasted Load,2026-07-27T20:08:22Z
2026-07-27T20:06:34Z,2026-07-27T22:06:34+0200,cc602197-a7f8-43dc-ae7f-8e28dc2e9571,2026-07-21T10:45:00Z,2026-07-21T12:45:00+0200,59553.665447,MW,DE,DE_LU,forecast_load,Forecasted Load,2026-07-27T20:08:22Z
2026-07-27T20:06:34Z,2026-07-27T22:06:34+0200,cc602197-a7f8-43dc-ae7f-8e28dc2e9571,2026-07-21T11:00:00Z,2026-07-21T13:00:00+0200,59222.644959,MW,DE,DE_LU,forecast_load,Forecasted Load,2026-07-27T20:08:22Z
2026-07-27T20:06:34Z,2026-07-27T22:06:34+0200,cc602197-a7f8-43dc-ae7f-8e28dc2e9571,2026-07-21T11:15:00Z,2026-07-21T13:15:00+0200,59094.522531,MW,DE,DE_LU,forecast_load,Forecasted Load,2026-07-27T20:08:22Z
2026-07-27T20:06:34Z,2026-07-27T22:06:34+0200,cc602197-a7f8-43dc-ae7f-8e28dc2e9571,2026-07-21T11:30:00Z,2026-07-21T13:30:00+0200,58859.494115,MW,DE,DE_LU,forecast_load,Forecasted Load,2026-07-27T20:08:22Z
2026-07-27T20:06:34Z,2026-07-27T22:06:34+0200,cc602197-a7f8-43dc-ae7f-8e28dc2e9571,2026-07-21T11:45:00Z,2026-07-21T13:45:00+0200,58640.897915,MW,DE,DE_LU,forecast_load,Forecasted Load,2026-07-27T20:08:22Z
2026-07-27T20:06:34Z,2026-07-27T22:06:34+0200,cc602197-a7f8-43dc-ae7f-8e28dc2e9571,2026-07-21T12:00:00Z,2026-07-21T14:00:00+0200,58236.470794,MW,DE,DE_LU,forecast_load,Forecasted Load,2026-07-27T20:08:22Z
2026-07-27T20:06:34Z,2026-07-27T22:06:34+0200,cc602197-a7f8-43dc-ae7f-8e28dc2e9571,2026-07-21T12:15:00Z,2026-07-21T14:15:00+0200,57915.670374,MW,DE,DE_LU,forecast_load,Forecasted Load,2026-07-27T20:08:22Z
2026-07-27T20:06:34Z,2026-07-27T22:06:34+0200,cc602197-a7f8-43dc-ae7f-8e28dc2e9571,2026-07-21T12:30:00Z,2026-07-21T14:30:00+0200,57754.39536,MW,DE,DE_LU,forecast_load,Forecasted Load,2026-07-27T20:08:22Z
2026-07-27T20:06:34Z,2026-07-27T22:06:34+0200,cc602197-a7f8-43dc-ae7f-8e28dc2e9571,2026-07-21T12:45:00Z,2026-07-21T14:45:00+0200,57343.432632,MW,DE,DE_LU,forecast_load,Forecasted Load,2026-07-27T20:08:22Z
2026-07-27T20:06:34Z,2026-07-27T22:06:34+0200,cc602197-a7f8-43dc-ae7f-8e28dc2e9571,2026-07-21T13:00:00Z,2026-07-21T15:00:00+0200,57438.583786,MW,DE,DE_LU,forecast_load,Forecasted Load,2026-07-27T20:08:22Z
2026-07-27T20:06:34Z,2026-07-27T22:06:34+0200,cc602197-a7f8-43dc-ae7f-8e28dc2e9571,2026-07-21T13:15:00Z,2026-07-21T15:15:00+0200,57475.65379,MW,DE,DE_LU,forecast_load,Forecasted Load,2026-07-27T20:08:22Z
2026-07-27T20:06:34Z,2026-07-27T22:06:34+0200,cc602197-a7f8-43dc-ae7f-8e28dc2e9571,2026-07-21T13:30:00Z,2026-07-21T15:30:00+0200,56747.086362,MW,DE,DE_LU,forecast_load,Forecasted Load,2026-07-27T20:08:22Z
2026-07-27T20:06:34Z,2026-07-27T22:06:34+0200,cc602197-a7f8-43dc-ae7f-8e28dc2e9571,2026-07-21T13:45:00Z,2026-07-21T15:45:00+0200,56684.926024,MW,DE,DE_LU,forecast_load,Forecasted Load,2026-07-27T20:08:22Z
2026-07-27T20:06:34Z,2026-07-27T22:06:34+0200,cc602197-a7f8-43dc-ae7f-8e28dc2e9571,2026-07-21T14:00:00Z,2026-07-21T16:00:00+0200,57397.287983,MW,DE,DE_LU,forecast_load,Forecasted Load,2026-07-27T20:08:22Z
2026-07-27T20:06:34Z,2026-07-27T22:06:34+0200,cc602197-a7f8-43dc-ae7f-8e28dc2e9571,2026-07-21T14:15:00Z,2026-07-21T16:15:00+0200,56995.339755,MW,DE,DE_LU,forecast_load,Forecasted Load,2026-07-27T20:08:22Z
2026-07-27T20:06:34Z,2026-07-27T22:06:34+0200,cc602197-a7f8-43dc-ae7f-8e28dc2e9571,2026-07-21T14:30:00Z,2026-07-21T16:30:00+0200,56881.115846,MW,DE,DE_LU,forecast_load,Forecasted Load,2026-07-27T20:08:22Z
2026-07-27T20:06:34Z,2026-07-27T22:06:34+0200,cc602197-a7f8-43dc-ae7f-8e28dc2e9571,2026-07-21T14:45:00Z,2026-07-21T16:45:00+0200,56959.891283,MW,DE,DE_LU,forecast_load,Forecasted Load,2026-07-27T20:08:22Z
2026-07-27T20:06:34Z,2026-07-27T22:06:34+0200,cc602197-a7f8-43dc-ae7f-8e28dc2e9571,2026-07-21T15:00:00Z,2026-07-21T17:00:00+0200,57556.981977,MW,DE,DE_LU,forecast_load,Forecasted Load,2026-07-27T20:08:22Z
2026-07-27T20:06:34Z,2026-07-27T22:06:34+0200,cc602197-a7f8-43dc-ae7f-8e28dc2e9571,2026-07-21T15:15:00Z,2026-07-21T17:15:00+0200,57278.939009,MW,DE,DE_LU,forecast_load,Forecasted Load,2026-07-27T20:08:22Z
2026-07-27T20:06:34Z,2026-07-27T22:06:34+0200,cc602197-a7f8-43dc-ae7f-8e28dc2e9571,2026-07-21T15:30:00Z,2026-07-21T17:30:00+0200,57247.657557,MW,DE,DE_LU,forecast_load,Forecasted Load,2026-07-27T20:08:22Z
2026-07-27T20:06:34Z,2026-07-27T22:06:34+0200,cc602197-a7f8-43dc-ae7f-8e28dc2e9571,2026-07-21T15:45:00Z,2026-07-21T17:45:00+0200,57081.27898,MW,DE,DE_LU,forecast_load,Forecasted Load,2026-07-27T20:08:22Z
2026-07-27T20:06:34Z,2026-07-27T22:06:34+0200,cc602197-a7f8-43dc-ae7f-8e28dc2e9571,2026-07-21T16:00:00Z,2026-07-21T18:00:00+0200,57309.743807,MW,DE,DE_LU,forecast_load,Forecasted Load,2026-07-27T20:08:22Z
2026-07-27T20:06:34Z,2026-07-27T22:06:34+0200,cc602197-a7f8-43dc-ae7f-8e28dc2e9571,2026-07-21T16:15:00Z,2026-07-21T18:15:00+0200,57488.882892,MW,DE,DE_LU,forecast_load,Forecasted Load,2026-07-27T20:08:22Z
2026-07-27T20:06:34Z,2026-07-27T22:06:34+0200,cc602197-a7f8-43dc-ae7f-8e28dc2e9571,2026-07-21T16:30:00Z,2026-07-21T18:30:00+0200,57565.735146,MW,DE,DE_LU,forecast_load,Forecasted Load,2026-07-27T20:08:22Z
2026-07-27T20:06:34Z,2026-07-27T22:06:34+0200,cc602197-a7f8-43dc-ae7f-8e28dc2e9571,2026-07-21T16:45:00Z,2026-07-21T18:45:00+0200,57606.199021,MW,DE,DE_LU,forecast_load,Forecasted Load,2026-07-27T20:08:22Z
2026-07-27T20:06:34Z,2026-07-27T22:06:34+0200,cc602197-a7f8-43dc-ae7f-8e28dc2e9571,2026-07-21T17:00:00Z,2026-07-21T19:00:00+0200,57642.897068,MW,DE,DE_LU,forecast_load,Forecasted Load,2026-07-27T20:08:22Z
2026-07-27T20:06:34Z,2026-07-27T22:06:34+0200,cc602197-a7f8-43dc-ae7f-8e28dc2e9571,2026-07-21T17:15:00Z,2026-07-21T19:15:00+0200,57345.857891,MW,DE,DE_LU,forecast_load,Forecasted Load,2026-07-27T20:08:22Z
2026-07-27T20:06:34Z,2026-07-27T22:06:34+0200,cc602197-a7f8-43dc-ae7f-8e28dc2e9571,2026-07-21T17:30:00Z,2026-07-21T19:30:00+0200,57102.000069,MW,DE,DE_LU,forecast_load,Forecasted Load,2026-07-27T20:08:22Z
2026-07-27T20:06:34Z,2026-07-27T22:06:34+0200,cc602197-a7f8-43dc-ae7f-8e28dc2e9571,2026-07-21T17:45:00Z,2026-07-21T19:45:00+0200,56958.500466,MW,DE,DE_LU,forecast_load,Forecasted Load,2026-07-27T20:08:22Z
2026-07-27T20:06:34Z,2026-07-27T22:06:34+0200,cc602197-a7f8-43dc-ae7f-8e28dc2e9571,2026-07-21T18:00:00Z,2026-07-21T20:00:00+0200,56813.70386,MW,DE,DE_LU,forecast_load,Forecasted Load,2026-07-27T20:08:22Z
2026-07-27T20:06:34Z,2026-07-27T22:06:34+0200,cc602197-a7f8-43dc-ae7f-8e28dc2e9571,2026-07-21T18:15:00Z,2026-07-21T20:15:00+0200,56446.980306,MW,DE,DE_LU,forecast_load,Forecasted Load,2026-07-27T20:08:22Z
2026-07-27T20:06:34Z,2026-07-27T22:06:34+0200,cc602197-a7f8-43dc-ae7f-8e28dc2e9571,2026-07-21T18:30:00Z,2026-07-21T20:30:00+0200,55977.038249,MW,DE,DE_LU,forecast_load,Forecasted Load,2026-07-27T20:08:22Z
2026-07-27T20:06:34Z,2026-07-27T22:06:34+0200,cc602197-a7f8-43dc-ae7f-8e28dc2e9571,2026-07-21T18:45:00Z,2026-07-21T20:45:00+0200,55664.321416,MW,DE,DE_LU,forecast_load,Forecasted Load,2026-07-27T20:08:22Z
2026-07-27T20:06:34Z,2026-07-27T22:06:34+0200,cc602197-a7f8-43dc-ae7f-8e28dc2e9571,2026-07-21T19:00:00Z,2026-07-21T21:00:00+0200,55069.786539,MW,DE,DE_LU,forecast_load,Forecasted Load,2026-07-27T20:08:22Z
2026-07-27T20:06:34Z,2026-07-27T22:06:34+0200,cc602197-a7f8-43dc-ae7f-8e28dc2e9571,2026-07-21T19:15:00Z,2026-07-21T21:15:00+0200,54698.28848,MW,DE,DE_LU,forecast_load,Forecasted Load,2026-07-27T20:08:22Z
2026-07-27T20:06:34Z,2026-07-27T22:06:34+0200,cc602197-a7f8-43dc-ae7f-8e28dc2e9571,2026-07-21T19:30:00Z,2026-07-21T21:30:00+0200,54022.240618,MW,DE,DE_LU,forecast_load,Forecasted Load,2026-07-27T20:08:22Z
2026-07-27T20:06:34Z,2026-07-27T22:06:34+0200,cc602197-a7f8-43dc-ae7f-8e28dc2e9571,2026-07-21T19:45:00Z,2026-07-21T21:45:00+0200,53440.144519,MW,DE,DE_LU,forecast_load,Forecasted Load,2026-07-27T20:08:22Z
2026-07-27T20:06:34Z,2026-07-27T22:06:34+0200,cc602197-a7f8-43dc-ae7f-8e28dc2e9571,2026-07-21T20:00:00Z,2026-07-21T22:00:00+0200,52560.954414,MW,DE,DE_LU,forecast_load,Forecasted Load,2026-07-27T20:08:22Z
2026-07-27T20:06:34Z,2026-07-27T22:06:34+0200,cc602197-a7f8-43dc-ae7f-8e28dc2e9571,2026-07-21T20:15:00Z,2026-07-21T22:15:00+0200,51676.804662,MW,DE,DE_LU,forecast_load,Forecasted Load,2026-07-27T20:08:22Z
2026-07-27T20:06:34Z,2026-07-27T22:06:34+0200,cc602197-a7f8-43dc-ae7f-8e28dc2e9571,2026-07-21T20:30:00Z,2026-07-21T22:30:00+0200,50893.719215,MW,DE,DE_LU,forecast_load,Forecasted Load,2026-07-27T20:08:22Z
2026-07-27T20:06:34Z,2026-07-27T22:06:34+0200,cc602197-a7f8-43dc-ae7f-8e28dc2e9571,2026-07-21T20:45:00Z,2026-07-21T22:45:00+0200,50167.547917,MW,DE,DE_LU,forecast_load,Forecasted Load,2026-07-27T20:08:22Z
2026-07-27T20:06:34Z,2026-07-27T22:06:34+0200,cc602197-a7f8-43dc-ae7f-8e28dc2e9571,2026-07-21T21:00:00Z,2026-07-21T23:00:00+0200,49174.364131,MW,DE,DE_LU,forecast_load,Forecasted Load,2026-07-27T20:08:22Z
2026-07-27T20:06:34Z,2026-07-27T22:06:34+0200,cc602197-a7f8-43dc-ae7f-8e28dc2e9571,2026-07-21T21:15:00Z,2026-07-21T23:15:00+0200,48500.269352,MW,DE,DE_LU,forecast_load,Forecasted Load,2026-07-27T20:08:22Z
2026-07-27T20:06:34Z,2026-07-27T22:06:34+0200,cc602197-a7f8-43dc-ae7f-8e28dc2e9571,2026-07-21T21:30:00Z,2026-07-21T23:30:00+0200,48049.45293,MW,DE,DE_LU,forecast_load,Forecasted Load,2026-07-27T20:08:22Z
2026-07-27T20:06:34Z,2026-07-27T22:06:34+0200,cc602197-a7f8-43dc-ae7f-8e28dc2e9571,2026-07-21T21:45:00Z,2026-07-21T23:45:00+0200,47470.097549,MW,DE,DE_LU,forecast_load,Forecasted Load,2026-07-27T20:08:22Z
2026-07-27T20:06:34Z,2026-07-27T22:06:34+0200,cc602197-a7f8-43dc-ae7f-8e28dc2e9571,2026-07-21T22:00:00Z,2026-07-22T00:00:00+0200,45648.710815,MW,DE,DE_LU,forecast_load,Forecasted Load,2026-07-27T20:08:22Z
2026-07-27T20:06:34Z,2026-07-27T22:06:34+0200,cc602197-a7f8-43dc-ae7f-8e28dc2e9571,2026-07-21T22:15:00Z,2026-07-22T00:15:00+0200,45096.238118,MW,DE,DE_LU,forecast_load,Forecasted Load,2026-07-27T20:08:22Z
2026-07-27T20:06:34Z,2026-07-27T22:06:34+0200,cc602197-a7f8-43dc-ae7f-8e28dc2e9571,2026-07-21T22:30:00Z,2026-07-22T00:30:00+0200,45035.387316,MW,DE,DE_LU,forecast_load,Forecasted Load,2026-07-27T20:08:22Z
2026-07-27T20:06:34Z,2026-07-27T22:06:34+0200,cc602197-a7f8-43dc-ae7f-8e28dc2e9571,2026-07-21T22:45:00Z,2026-07-22T00:45:00+0200,44498.782468,MW,DE,DE_LU,forecast_load,Forecasted Load,2026-07-27T20:08:22Z
2026-07-27T20:06:34Z,2026-07-27T22:06:34+0200,cc602197-a7f8-43dc-ae7f-8e28dc2e9571,2026-07-21T23:00:00Z,2026-07-22T01:00:00+0200,44087.186803,MW,DE,DE_LU,forecast_load,Forecasted Load,2026-07-27T20:08:22Z
2026-07-27T20:06:34Z,2026-07-27T22:06:34+0200,cc602197-a7f8-43dc-ae7f-8e28dc2e9571,2026-07-21T23:15:00Z,2026-07-22T01:15:00+0200,43641.065161,MW,DE,DE_LU,forecast_load,Forecasted Load,2026-07-27T20:08:22Z
2026-07-27T20:06:34Z,2026-07-27T22:06:34+0200,cc602197-a7f8-43dc-ae7f-8e28dc2e9571,2026-07-21T23:30:00Z,2026-07-22T01:30:00+0200,43346.786631,MW,DE,DE_LU,forecast_load,Forecasted Load,2026-07-27T20:08:22Z
2026-07-27T20:06:34Z,2026-07-27T22:06:34+0200,cc602197-a7f8-43dc-ae7f-8e28dc2e9571,2026-07-21T23:45:00Z,2026-07-22T01:45:00+0200,43244.914954,MW,DE,DE_LU,forecast_load,Forecasted Load,2026-07-27T20:08:22Z
2026-07-27T20:06:34Z,2026-07-27T22:06:34+0200,cc602197-a7f8-43dc-ae7f-8e28dc2e9571,2026-07-22T00:00:00Z,2026-07-22T02:00:00+0200,43105.827553,MW,DE,DE_LU,forecast_load,Forecasted Load,2026-07-27T20:08:22Z
2026-07-27T20:06:34Z,2026-07-27T22:06:34+0200,cc602197-a7f8-43dc-ae7f-8e28dc2e9571,2026-07-22T00:15:00Z,2026-07-22T02:15:00+0200,42967.026258,MW,DE,DE_LU,forecast_load,Forecasted Load,2026-07-27T20:08:22Z
2026-07-27T20:06:34Z,2026-07-27T22:06:34+0200,cc602197-a7f8-43dc-ae7f-8e28dc2e9571,2026-07-22T00:30:00Z,2026-07-22T02:30:00+0200,43055.763564,MW,DE,DE_LU,forecast_load,Forecasted Load,2026-07-27T20:08:22Z
2026-07-27T20:06:34Z,2026-07-27T22:06:34+0200,cc602197-a7f8-43dc-ae7f-8e28dc2e9571,2026-07-22T00:45:00Z,2026-07-22T02:45:00+0200,42822.839699,MW,DE,DE_LU,forecast_load,Forecasted Load,2026-07-27T20:08:22Z
2026-07-27T20:06:34Z,2026-07-27T22:06:34+0200,cc602197-a7f8-43dc-ae7f-8e28dc2e9571,2026-07-22T01:00:00Z,2026-07-22T03:00:00+0200,42520.10574,MW,DE,DE_LU,forecast_load,Forecasted Load,2026-07-27T20:08:22Z
2026-07-27T20:06:34Z,2026-07-27T22:06:34+0200,cc602197-a7f8-43dc-ae7f-8e28dc2e9571,2026-07-22T01:15:00Z,2026-07-22T03:15:00+0200,42325.534821,MW,DE,DE_LU,forecast_load,Forecasted Load,2026-07-27T20:08:22Z
2026-07-27T20:06:34Z,2026-07-27T22:06:34+0200,cc602197-a7f8-43dc-ae7f-8e28dc2e9571,2026-07-22T01:30:00Z,2026-07-22T03:30:00+0200,42401.920776,MW,DE,DE_LU,forecast_load,Forecasted Load,2026-07-27T20:08:22Z
2026-07-27T20:06:34Z,2026-07-27T22:06:34+0200,cc602197-a7f8-43dc-ae7f-8e28dc2e9571,2026-07-22T01:45:00Z,2026-07-22T03:45:00+0200,42914.502955,MW,DE,DE_LU,forecast_load,Forecasted Load,2026-07-27T20:08:22Z
2026-07-27T20:06:34Z,2026-07-27T22:06:34+0200,cc602197-a7f8-43dc-ae7f-8e28dc2e9571,2026-07-22T02:00:00Z,2026-07-22T04:00:00+0200,43330.950514,MW,DE,DE_LU,forecast_load,Forecasted Load,2026-07-27T20:08:22Z
2026-07-27T20:06:34Z,2026-07-27T22:06:34+0200,cc602197-a7f8-43dc-ae7f-8e28dc2e9571,2026-07-22T02:15:00Z,2026-07-22T04:15:00+0200,43831.870593,MW,DE,DE_LU,forecast_load,Forecasted Load,2026-07-27T20:08:22Z
2026-07-27T20:06:34Z,2026-07-27T22:06:34+0200,cc602197-a7f8-43dc-ae7f-8e28dc2e9571,2026-07-22T02:30:00Z,2026-07-22T04:30:00+0200,44346.831859,MW,DE,DE_LU,forecast_load,Forecasted Load,2026-07-27T20:08:22Z
2026-07-27T20:06:34Z,2026-07-27T22:06:34+0200,cc602197-a7f8-43dc-ae7f-8e28dc2e9571,2026-07-22T02:45:00Z,2026-07-22T04:45:00+0200,45328.616502,MW,DE,DE_LU,forecast_load,Forecasted Load,2026-07-27T20:08:22Z
2026-07-27T20:06:34Z,2026-07-27T22:06:34+0200,cc602197-a7f8-43dc-ae7f-8e28dc2e9571,2026-07-22T03:00:00Z,2026-07-22T05:00:00+0200,46266.612085,MW,DE,DE_LU,forecast_load,Forecasted Load,2026-07-27T20:08:22Z
2026-07-27T20:06:34Z,2026-07-27T22:06:34+0200,cc602197-a7f8-43dc-ae7f-8e28dc2e9571,2026-07-22T03:15:00Z,2026-07-22T05:15:00+0200,46772.820935,MW,DE,DE_LU,forecast_load,Forecasted Load,2026-07-27T20:08:22Z
2026-07-27T20:06:34Z,2026-07-27T22:06:34+0200,cc602197-a7f8-43dc-ae7f-8e28dc2e9571,2026-07-22T03:30:00Z,2026-07-22T05:30:00+0200,47229.808986,MW,DE,DE_LU,forecast_load,Forecasted Load,2026-07-27T20:08:22Z
2026-07-27T20:06:34Z,2026-07-27T22:06:34+0200,cc602197-a7f8-43dc-ae7f-8e28dc2e9571,2026-07-22T03:45:00Z,2026-07-22T05:45:00+0200,48437.983829,MW,DE,DE_LU,forecast_load,Forecasted Load,2026-07-27T20:08:22Z
2026-07-27T20:06:34Z,2026-07-27T22:06:34+0200,cc602197-a7f8-43dc-ae7f-8e28dc2e9571,2026-07-22T04:00:00Z,2026-07-22T06:00:00+0200,50876.883946,MW,DE,DE_LU,forecast_load,Forecasted Load,2026-07-27T20:08:22Z
2026-07-27T20:06:34Z,2026-07-27T22:06:34+0200,cc602197-a7f8-43dc-ae7f-8e28dc2e9571,2026-07-22T04:15:00Z,2026-07-22T06:15:00+0200,52185.53533,MW,DE,DE_LU,forecast_load,Forecasted Load,2026-07-27T20:08:22Z
2026-07-27T20:06:34Z,2026-07-27T22:06:34+0200,cc602197-a7f8-43dc-ae7f-8e28dc2e9571,2026-07-22T04:30:00Z,2026-07-22T06:30:00+0200,53894.526762,MW,DE,DE_LU,forecast_load,Forecasted Load,2026-07-27T20:08:22Z
2026-07-27T20:06:34Z,2026-07-27T22:06:34+0200,cc602197-a7f8-43dc-ae7f-8e28dc2e9571,2026-07-22T04:45:00Z,2026-07-22T06:45:00+0200,55227.507465,MW,DE,DE_LU,forecast_load,Forecasted Load,2026-07-27T20:08:22Z
2026-07-27T20:06:34Z,2026-07-27T22:06:34+0200,cc602197-a7f8-43dc-ae7f-8e28dc2e9571,2026-07-22T05:00:00Z,2026-07-22T07:00:00+0200,56730.313831,MW,DE,DE_LU,forecast_load,Forecasted Load,2026-07-27T20:08:22Z
2026-07-27T20:06:34Z,2026-07-27T22:06:34+0200,cc602197-a7f8-43dc-ae7f-8e28dc2e9571,2026-07-22T05:15:00Z,2026-07-22T07:15:00+0200,57719.194388,MW,DE,DE_LU,forecast_load,Forecasted Load,2026-07-27T20:08:22Z
2026-07-27T20:06:34Z,2026-07-27T22:06:34+0200,cc602197-a7f8-43dc-ae7f-8e28dc2e9571,2026-07-22T05:30:00Z,2026-07-22T07:30:00+0200,58577.94071,MW,DE,DE_LU,forecast_load,Forecasted Load,2026-07-27T20:08:22Z
2026-07-27T20:06:34Z,2026-07-27T22:06:34+0200,cc602197-a7f8-43dc-ae7f-8e28dc2e9571,2026-07-22T05:45:00Z,2026-07-22T07:45:00+0200,59414.647464,MW,DE,DE_LU,forecast_load,Forecasted Load,2026-07-27T20:08:22Z
2026-07-27T20:06:34Z,2026-07-27T22:06:34+0200,cc602197-a7f8-43dc-ae7f-8e28dc2e9571,2026-07-22T06:00:00Z,2026-07-22T08:00:00+0200,60025.166323,MW,DE,DE_LU,forecast_load,Forecasted Load,2026-07-27T20:08:22Z
2026-07-27T20:06:34Z,2026-07-27T22:06:34+0200,cc602197-a7f8-43dc-ae7f-8e28dc2e9571,2026-07-22T06:15:00Z,2026-07-22T08:15:00+0200,60634.690626,MW,DE,DE_LU,forecast_load,Forecasted Load,2026-07-27T20:08:22Z
2026-07-27T20:06:34Z,2026-07-27T22:06:34+0200,cc602197-a7f8-43dc-ae7f-8e28dc2e9571,2026-07-22T06:30:00Z,2026-07-22T08:30:00+0200,60847.798894,MW,DE,DE_LU,forecast_load,Forecasted Load,2026-07-27T20:08:22Z
2026-07-27T20:06:34Z,2026-07-27T22:06:34+0200,cc602197-a7f8-43dc-ae7f-8e28dc2e9571,2026-07-22T06:45:00Z,2026-07-22T08:45:00+0200,60974.767471,MW,DE,DE_LU,forecast_load,Forecasted Load,2026-07-27T20:08:22Z
2026-07-27T20:06:34Z,2026-07-27T22:06:34+0200,cc602197-a7f8-43dc-ae7f-8e28dc2e9571,2026-07-22T07:00:00Z,2026-07-22T09:00:00+0200,61130.968014,MW,DE,DE_LU,forecast_load,Forecasted Load,2026-07-27T20:08:22Z
2026-07-27T20:06:34Z,2026-07-27T22:06:34+0200,cc602197-a7f8-43dc-ae7f-8e28dc2e9571,2026-07-22T07:15:00Z,2026-07-22T09:15:00+0200,61141.971913,MW,DE,DE_LU,forecast_load,Forecasted Load,2026-07-27T20:08:22Z
2026-07-27T20:06:34Z,2026-07-27T22:06:34+0200,cc602197-a7f8-43dc-ae7f-8e28dc2e9571,2026-07-22T07:30:00Z,2026-07-22T09:30:00+0200,61939.806727,MW,DE,DE_LU,forecast_load,Forecasted Load,2026-07-27T20:08:22Z
2026-07-27T20:06:34Z,2026-07-27T22:06:34+0200,cc602197-a7f8-43dc-ae7f-8e28dc2e9571,2026-07-22T07:45:00Z,2026-07-22T09:45:00+0200,61869.287915,MW,DE,DE_LU,forecast_load,Forecasted Load,2026-07-27T20:08:22Z
2026-07-27T20:06:34Z,2026-07-27T22:06:34+0200,cc602197-a7f8-43dc-ae7f-8e28dc2e9571,2026-07-22T08:00:00Z,2026-07-22T10:00:00+0200,61869.157697,MW,DE,DE_LU,forecast_load,Forecasted Load,2026-07-27T20:08:22Z
2026-07-27T20:06:34Z,2026-07-27T22:06:34+0200,cc602197-a7f8-43dc-ae7f-8e28dc2e9571,2026-07-22T08:15:00Z,2026-07-22T10:15:00+0200,62498.439687,MW,DE,DE_LU,forecast_load,Forecasted Load,2026-07-27T20:08:22Z
2026-07-27T20:06:34Z,2026-07-27T22:06:34+0200,cc602197-a7f8-43dc-ae7f-8e28dc2e9571,2026-07-22T08:30:00Z,2026-07-22T10:30:00+0200,61451.703001,MW,DE,DE_LU,forecast_load,Forecasted Load,2026-07-27T20:08:22Z
2026-07-27T20:06:34Z,2026-07-27T22:06:34+0200,cc602197-a7f8-43dc-ae7f-8e28dc2e9571,2026-07-22T08:45:00Z,2026-07-22T10:45:00+0200,61709.307203,MW,DE,DE_LU,forecast_load,Forecasted Load,2026-07-27T20:08:22Z
2026-07-27T20:06:34Z,2026-07-27T22:06:34+0200,cc602197-a7f8-43dc-ae7f-8e28dc2e9571,2026-07-22T09:00:00Z,2026-07-22T11:00:00+0200,61863.845757,MW,DE,DE_LU,forecast_load,Forecasted Load,2026-07-27T20:08:22Z
2026-07-27T20:06:34Z,2026-07-27T22:06:34+0200,cc602197-a7f8-43dc-ae7f-8e28dc2e9571,2026-07-22T09:15:00Z,2026-07-22T11:15:00+0200,61793.52675,MW,DE,DE_LU,forecast_load,Forecasted Load,2026-07-27T20:08:22Z
2026-07-27T20:06:34Z,2026-07-27T22:06:34+0200,cc602197-a7f8-43dc-ae7f-8e28dc2e9571,2026-07-22T09:30:00Z,2026-07-22T11:30:00+0200,61537.740698,MW,DE,DE_LU,forecast_load,Forecasted Load,2026-07-27T20:08:22Z
2026-07-27T20:06:34Z,2026-07-27T22:06:34+0200,cc602197-a7f8-43dc-ae7f-8e28dc2e9571,2026-07-22T09:45:00Z,2026-07-22T11:45:00+0200,61241.964499,MW,DE,DE_LU,forecast_load,Forecasted Load,2026-07-27T20:08:22Z
2026-07-27T20:06:34Z,2026-07-27T22:06:34+0200,cc602197-a7f8-43dc-ae7f-8e28dc2e9571,2026-07-22T10:00:00Z,2026-07-22T12:00:00+0200,60378.063952,MW,DE,DE_LU,forecast_load,Forecasted Load,2026-07-27T20:08:22Z
2026-07-27T20:06:34Z,2026-07-27T22:06:34+0200,cc602197-a7f8-43dc-ae7f-8e28dc2e9571,2026-07-22T10:15:00Z,2026-07-22T12:15:00+0200,60728.457013,MW,DE,DE_LU,forecast_load,Forecasted Load,2026-07-27T20:08:22Z
2026-07-27T20:06:34Z,2026-07-27T22:06:34+0200,cc602197-a7f8-43dc-ae7f-8e28dc2e9571,2026-07-22T10:30:00Z,2026-07-22T12:30:00+0200,60822.648254,MW,DE,DE_LU,forecast_load,Forecasted Load,2026-07-27T20:08:22Z
2026-07-27T20:06:34Z,2026-07-27T22:06:34+0200,cc602197-a7f8-43dc-ae7f-8e28dc2e9571,2026-07-22T10:45:00Z,2026-07-22T12:45:00+0200,61150.625113,MW,DE,DE_LU,forecast_load,Forecasted Load,2026-07-27T20:08:22Z
2026-07-27T20:06:34Z,2026-07-27T22:06:34+0200,cc602197-a7f8-43dc-ae7f-8e28dc2e9571,2026-07-22T11:00:00Z,2026-07-22T13:00:00+0200,60028.149994,MW,DE,DE_LU,forecast_load,Forecasted Load,2026-07-27T20:08:22Z
2026-07-27T20:06:34Z,2026-07-27T22:06:34+0200,cc602197-a7f8-43dc-ae7f-8e28dc2e9571,2026-07-22T11:15:00Z,2026-07-22T13:15:00+0200,59686.5425,MW,DE,DE_LU,forecast_load,Forecasted Load,2026-07-27T20:08:22Z
2026-07-27T20:06:34Z,2026-07-27T22:06:34+0200,cc602197-a7f8-43dc-ae7f-8e28dc2e9571,2026-07-22T11:30:00Z,2026-07-22T13:30:00+0200,59569.908582,MW,DE,DE_LU,forecast_load,Forecasted Load,2026-07-27T20:08:22Z
2026-07-27T20:06:34Z,2026-07-27T22:06:34+0200,cc602197-a7f8-43dc-ae7f-8e28dc2e9571,2026-07-22T11:45:00Z,2026-07-22T13:45:00+0200,58823.291414,MW,DE,DE_LU,forecast_load,Forecasted Load,2026-07-27T20:08:22Z
2026-07-27T20:06:34Z,2026-07-27T22:06:34+0200,cc602197-a7f8-43dc-ae7f-8e28dc2e9571,2026-07-22T12:00:00Z,2026-07-22T14:00:00+0200,59270.564155,MW,DE,DE_LU,forecast_load,Forecasted Load,2026-07-27T20:08:22Z
2026-07-27T20:06:34Z,2026-07-27T22:06:34+0200,cc602197-a7f8-43dc-ae7f-8e28dc2e9571,2026-07-22T12:15:00Z,2026-07-22T14:15:00+0200,58467.260097,MW,DE,DE_LU,forecast_load,Forecasted Load,2026-07-27T20:08:22Z
2026-07-27T20:06:34Z,2026-07-27T22:06:34+0200,cc602197-a7f8-43dc-ae7f-8e28dc2e9571,2026-07-22T12:30:00Z,2026-07-22T14:30:00+0200,58220.187295,MW,DE,DE_LU,forecast_load,Forecasted Load,2026-07-27T20:08:22Z
2026-07-27T20:06:34Z,2026-07-27T22:06:34+0200,cc602197-a7f8-43dc-ae7f-8e28dc2e9571,2026-07-22T12:45:00Z,2026-07-22T14:45:00+0200,57833.445489,MW,DE,DE_LU,forecast_load,Forecasted Load,2026-07-27T20:08:22Z
2026-07-27T20:06:34Z,2026-07-27T22:06:34+0200,cc602197-a7f8-43dc-ae7f-8e28dc2e9571,2026-07-22T13:00:00Z,2026-07-22T15:00:00+0200,58101.611557,MW,DE,DE_LU,forecast_load,Forecasted Load,2026-07-27T20:08:22Z
2026-07-27T20:06:34Z,2026-07-27T22:06:34+0200,cc602197-a7f8-43dc-ae7f-8e28dc2e9571,2026-07-22T13:15:00Z,2026-07-22T15:15:00+0200,56895.320921,MW,DE,DE_LU,forecast_load,Forecasted Load,2026-07-27T20:08:22Z
2026-07-27T20:06:34Z,2026-07-27T22:06:34+0200,cc602197-a7f8-43dc-ae7f-8e28dc2e9571,2026-07-22T13:30:00Z,2026-07-22T15:30:00+0200,57657.143022,MW,DE,DE_LU,forecast_load,Forecasted Load,2026-07-27T20:08:22Z
2026-07-27T20:06:34Z,2026-07-27T22:06:34+0200,cc602197-a7f8-43dc-ae7f-8e28dc2e9571,2026-07-22T13:45:00Z,2026-07-22T15:45:00+0200,57728.583623,MW,DE,DE_LU,forecast_load,Forecasted Load,2026-07-27T20:08:22Z
2026-07-27T20:06:34Z,2026-07-27T22:06:34+0200,cc602197-a7f8-43dc-ae7f-8e28dc2e9571,2026-07-22T14:00:00Z,2026-07-22T16:00:00+0200,58278.909231,MW,DE,DE_LU,forecast_load,Forecasted Load,2026-07-27T20:08:22Z
2026-07-27T20:06:34Z,2026-07-27T22:06:34+0200,cc602197-a7f8-43dc-ae7f-8e28dc2e9571,2026-07-22T14:15:00Z,2026-07-22T16:15:00+0200,57760.812048,MW,DE,DE_LU,forecast_load,Forecasted Load,2026-07-27T20:08:22Z
2026-07-27T20:06:34Z,2026-07-27T22:06:34+0200,cc602197-a7f8-43dc-ae7f-8e28dc2e9571,2026-07-22T14:30:00Z,2026-07-22T16:30:00+0200,57708.800282,MW,DE,DE_LU,forecast_load,Forecasted Load,2026-07-27T20:08:22Z
2026-07-27T20:06:34Z,2026-07-27T22:06:34+0200,cc602197-a7f8-43dc-ae7f-8e28dc2e9571,2026-07-22T14:45:00Z,2026-07-22T16:45:00+0200,58241.088081,MW,DE,DE_LU,forecast_load,Forecasted Load,2026-07-27T20:08:22Z
2026-07-27T20:06:34Z,2026-07-27T22:06:34+0200,cc602197-a7f8-43dc-ae7f-8e28dc2e9571,2026-07-22T15:00:00Z,2026-07-22T17:00:00+0200,58566.927946,MW,DE,DE_LU,forecast_load,Forecasted Load,2026-07-27T20:08:22Z
2026-07-27T20:06:34Z,2026-07-27T22:06:34+0200,cc602197-a7f8-43dc-ae7f-8e28dc2e9571,2026-07-22T15:15:00Z,2026-07-22T17:15:00+0200,58281.301458,MW,DE,DE_LU,forecast_load,Forecasted Load,2026-07-27T20:08:22Z
2026-07-27T20:06:34Z,2026-07-27T22:06:34+0200,cc602197-a7f8-43dc-ae7f-8e28dc2e9571,2026-07-22T15:30:00Z,2026-07-22T17:30:00+0200,58098.531872,MW,DE,DE_LU,forecast_load,Forecasted Load,2026-07-27T20:08:22Z
2026-07-27T20:06:34Z,2026-07-27T22:06:34+0200,cc602197-a7f8-43dc-ae7f-8e28dc2e9571,2026-07-22T15:45:00Z,2026-07-22T17:45:00+0200,58178.523288,MW,DE,DE_LU,forecast_load,Forecasted Load,2026-07-27T20:08:22Z
2026-07-27T20:06:34Z,2026-07-27T22:06:34+0200,cc602197-a7f8-43dc-ae7f-8e28dc2e9571,2026-07-22T16:00:00Z,2026-07-22T18:00:00+0200,58498.228803,MW,DE,DE_LU,forecast_load,Forecasted Load,2026-07-27T20:08:22Z
2026-07-27T20:06:34Z,2026-07-27T22:06:34+0200,cc602197-a7f8-43dc-ae7f-8e28dc2e9571,2026-07-22T16:15:00Z,2026-07-22T18:15:00+0200,58728.359526,MW,DE,DE_LU,forecast_load,Forecasted Load,2026-07-27T20:08:22Z
2026-07-27T20:06:34Z,2026-07-27T22:06:34+0200,cc602197-a7f8-43dc-ae7f-8e28dc2e9571,2026-07-22T16:30:00Z,2026-07-22T18:30:00+0200,58977.826838,MW,DE,DE_LU,forecast_load,Forecasted Load,2026-07-27T20:08:22Z
2026-07-27T20:06:34Z,2026-07-27T22:06:34+0200,cc602197-a7f8-43dc-ae7f-8e28dc2e9571,2026-07-22T16:45:00Z,2026-07-22T18:45:00+0200,59312.628777,MW,DE,DE_LU,forecast_load,Forecasted Load,2026-07-27T20:08:22Z
2026-07-27T20:06:34Z,2026-07-27T22:06:34+0200,cc602197-a7f8-43dc-ae7f-8e28dc2e9571,2026-07-22T17:00:00Z,2026-07-22T19:00:00+0200,59123.619929,MW,DE,DE_LU,forecast_load,Forecasted Load,2026-07-27T20:08:22Z
2026-07-27T20:06:34Z,2026-07-27T22:06:34+0200,cc602197-a7f8-43dc-ae7f-8e28dc2e9571,2026-07-22T17:15:00Z,2026-07-22T19:15:00+0200,59189.201647,MW,DE,DE_LU,forecast_load,Forecasted Load,2026-07-27T20:08:22Z
2026-07-27T20:06:34Z,2026-07-27T22:06:34+0200,cc602197-a7f8-43dc-ae7f-8e28dc2e9571,2026-07-22T17:30:00Z,2026-07-22T19:30:00+0200,58776.642515,MW,DE,DE_LU,forecast_load,Forecasted Load,2026-07-27T20:08:22Z
2026-07-27T20:06:34Z,2026-07-27T22:06:34+0200,cc602197-a7f8-43dc-ae7f-8e28dc2e9571,2026-07-22T17:45:00Z,2026-07-22T19:45:00+0200,58755.079999,MW,DE,DE_LU,forecast_load,Forecasted Load,2026-07-27T20:08:22Z
2026-07-27T20:06:34Z,2026-07-27T22:06:34+0200,cc602197-a7f8-43dc-ae7f-8e28dc2e9571,2026-07-22T18:00:00Z,2026-07-22T20:00:00+0200,58415.200304,MW,DE,DE_LU,forecast_load,Forecasted Load,2026-07-27T20:08:22Z
2026-07-27T20:06:34Z,2026-07-27T22:06:34+0200,cc602197-a7f8-43dc-ae7f-8e28dc2e9571,2026-07-22T18:15:00Z,2026-07-22T20:15:00+0200,57801.313673,MW,DE,DE_LU,forecast_load,Forecasted Load,2026-07-27T20:08:22Z
2026-07-27T20:06:34Z,2026-07-27T22:06:34+0200,cc602197-a7f8-43dc-ae7f-8e28dc2e9571,2026-07-22T18:30:00Z,2026-07-22T20:30:00+0200,57516.128225,MW,DE,DE_LU,forecast_load,Forecasted Load,2026-07-27T20:08:22Z
2026-07-27T20:06:34Z,2026-07-27T22:06:34+0200,cc602197-a7f8-43dc-ae7f-8e28dc2e9571,2026-07-22T18:45:00Z,2026-07-22T20:45:00+0200,56948.738454,MW,DE,DE_LU,forecast_load,Forecasted Load,2026-07-27T20:08:22Z
2026-07-27T20:06:34Z,2026-07-27T22:06:34+0200,cc602197-a7f8-43dc-ae7f-8e28dc2e9571,2026-07-22T19:00:00Z,2026-07-22T21:00:00+0200,56162.680572,MW,DE,DE_LU,forecast_load,Forecasted Load,2026-07-27T20:08:22Z
2026-07-27T20:06:34Z,2026-07-27T22:06:34+0200,cc602197-a7f8-43dc-ae7f-8e28dc2e9571,2026-07-22T19:15:00Z,2026-07-22T21:15:00+0200,55630.885578,MW,DE,DE_LU,forecast_load,Forecasted Load,2026-07-27T20:08:22Z
2026-07-27T20:06:34Z,2026-07-27T22:06:34+0200,cc602197-a7f8-43dc-ae7f-8e28dc2e9571,2026-07-22T19:30:00Z,2026-07-22T21:30:00+0200,54847.400559,MW,DE,DE_LU,forecast_load,Forecasted Load,2026-07-27T20:08:22Z
2026-07-27T20:06:34Z,2026-07-27T22:06:34+0200,cc602197-a7f8-43dc-ae7f-8e28dc2e9571,2026-07-22T19:45:00Z,2026-07-22T21:45:00+0200,54281.046824,MW,DE,DE_LU,forecast_load,Forecasted Load,2026-07-27T20:08:22Z
2026-07-27T20:06:34Z,2026-07-27T22:06:34+0200,cc602197-a7f8-43dc-ae7f-8e28dc2e9571,2026-07-22T20:00:00Z,2026-07-22T22:00:00+0200,53506.833027,MW,DE,DE_LU,forecast_load,Forecasted Load,2026-07-27T20:08:22Z
2026-07-27T20:06:34Z,2026-07-27T22:06:34+0200,cc602197-a7f8-43dc-ae7f-8e28dc2e9571,2026-07-22T20:15:00Z,2026-07-22T22:15:00+0200,52435.338073,MW,DE,DE_LU,forecast_load,Forecasted Load,2026-07-27T20:08:22Z
2026-07-27T20:06:34Z,2026-07-27T22:06:34+0200,cc602197-a7f8-43dc-ae7f-8e28dc2e9571,2026-07-22T20:30:00Z,2026-07-22T22:30:00+0200,51316.28985,MW,DE,DE_LU,forecast_load,Forecasted Load,2026-07-27T20:08:22Z
2026-07-27T20:06:34Z,2026-07-27T22:06:34+0200,cc602197-a7f8-43dc-ae7f-8e28dc2e9571,2026-07-22T20:45:00Z,2026-07-22T22:45:00+0200,50521.527019,MW,DE,DE_LU,forecast_load,Forecasted Load,2026-07-27T20:08:22Z
2026-07-27T20:06:34Z,2026-07-27T22:06:34+0200,cc602197-a7f8-43dc-ae7f-8e28dc2e9571,2026-07-22T21:00:00Z,2026-07-22T23:00:00+0200,49450.30957,MW,DE,DE_LU,forecast_load,Forecasted Load,2026-07-27T20:08:22Z
2026-07-27T20:06:34Z,2026-07-27T22:06:34+0200,cc602197-a7f8-43dc-ae7f-8e28dc2e9571,2026-07-22T21:15:00Z,2026-07-22T23:15:00+0200,48602.767509,MW,DE,DE_LU,forecast_load,Forecasted Load,2026-07-27T20:08:22Z
2026-07-27T20:06:34Z,2026-07-27T22:06:34+0200,cc602197-a7f8-43dc-ae7f-8e28dc2e9571,2026-07-22T21:30:00Z,2026-07-22T23:30:00+0200,48039.593674,MW,DE,DE_LU,forecast_load,Forecasted Load,2026-07-27T20:08:22Z
2026-07-27T20:06:34Z,2026-07-27T22:06:34+0200,cc602197-a7f8-43dc-ae7f-8e28dc2e9571,2026-07-22T21:45:00Z,2026-07-22T23:45:00+0200,47521.225448,MW,DE,DE_LU,forecast_load,Forecasted Load,2026-07-27T20:08:22Z
2026-07-27T20:06:34Z,2026-07-27T22:06:34+0200,cc602197-a7f8-43dc-ae7f-8e28dc2e9571,2026-07-22T22:00:00Z,2026-07-23T00:00:00+0200,44918.377415,MW,DE,DE_LU,forecast_load,Forecasted Load,2026-07-27T20:08:22Z
2026-07-27T20:06:34Z,2026-07-27T22:06:34+0200,cc602197-a7f8-43dc-ae7f-8e28dc2e9571,2026-07-22T22:15:00Z,2026-07-23T00:15:00+0200,44286.723477,MW,DE,DE_LU,forecast_load,Forecasted Load,2026-07-27T20:08:22Z
2026-07-27T20:06:34Z,2026-07-27T22:06:34+0200,cc602197-a7f8-43dc-ae7f-8e28dc2e9571,2026-07-22T22:30:00Z,2026-07-23T00:30:00+0200,43677.96633,MW,DE,DE_LU,forecast_load,Forecasted Load,2026-07-27T20:08:22Z
2026-07-27T20:06:34Z,2026-07-27T22:06:34+0200,cc602197-a7f8-43dc-ae7f-8e28dc2e9571,2026-07-22T22:45:00Z,2026-07-23T00:45:00+0200,43191.197804,MW,DE,DE_LU,forecast_load,Forecasted Load,2026-07-27T20:08:22Z
2026-07-27T20:06:34Z,2026-07-27T22:06:34+0200,cc602197-a7f8-43dc-ae7f-8e28dc2e9571,2026-07-22T23:00:00Z,2026-07-23T01:00:00+0200,42726.537692,MW,DE,DE_LU,forecast_load,Forecasted Load,2026-07-27T20:08:22Z
2026-07-27T20:06:34Z,2026-07-27T22:06:34+0200,cc602197-a7f8-43dc-ae7f-8e28dc2e9571,2026-07-22T23:15:00Z,2026-07-23T01:15:00+0200,42325.445871,MW,DE,DE_LU,forecast_load,Forecasted Load,2026-07-27T20:08:22Z
2026-07-27T20:06:34Z,2026-07-27T22:06:34+0200,cc602197-a7f8-43dc-ae7f-8e28dc2e9571,2026-07-22T23:30:00Z,2026-07-23T01:30:00+0200,42018.921647,MW,DE,DE_LU,forecast_load,Forecasted Load,2026-07-27T20:08:22Z
2026-07-27T20:06:34Z,2026-07-27T22:06:34+0200,cc602197-a7f8-43dc-ae7f-8e28dc2e9571,2026-07-22T23:45:00Z,2026-07-23T01:45:00+0200,41807.287333,MW,DE,DE_LU,forecast_load,Forecasted Load,2026-07-27T20:08:22Z
2026-07-27T20:06:34Z,2026-07-27T22:06:34+0200,cc602197-a7f8-43dc-ae7f-8e28dc2e9571,2026-07-23T00:00:00Z,2026-07-23T02:00:00+0200,41604.78632,MW,DE,DE_LU,forecast_load,Forecasted Load,2026-07-27T20:08:22Z
2026-07-27T20:06:34Z,2026-07-27T22:06:34+0200,cc602197-a7f8-43dc-ae7f-8e28dc2e9571,2026-07-23T00:15:00Z,2026-07-23T02:15:00+0200,41336.708322,MW,DE,DE_LU,forecast_load,Forecasted Load,2026-07-27T20:08:22Z
2026-07-27T20:06:34Z,2026-07-27T22:06:34+0200,cc602197-a7f8-43dc-ae7f-8e28dc2e9571,2026-07-23T00:30:00Z,2026-07-23T02:30:00+0200,41279.812846,MW,DE,DE_LU,forecast_load,Forecasted Load,2026-07-27T20:08:22Z
2026-07-27T20:06:34Z,2026-07-27T22:06:34+0200,cc602197-a7f8-43dc-ae7f-8e28dc2e9571,2026-07-23T00:45:00Z,2026-07-23T02:45:00+0200,41250.546546,MW,DE,DE_LU,forecast_load,Forecasted Load,2026-07-27T20:08:22Z
2026-07-27T20:06:34Z,2026-07-27T22:06:34+0200,cc602197-a7f8-43dc-ae7f-8e28dc2e9571,2026-07-23T01:00:00Z,2026-07-23T03:00:00+0200,41257.483134,MW,DE,DE_LU,forecast_load,Forecasted Load,2026-07-27T20:08:22Z
2026-07-27T20:06:34Z,2026-07-27T22:06:34+0200,cc602197-a7f8-43dc-ae7f-8e28dc2e9571,2026-07-23T01:15:00Z,2026-07-23T03:15:00+0200,41244.982666,MW,DE,DE_LU,forecast_load,Forecasted Load,2026-07-27T20:08:22Z
2026-07-27T20:06:34Z,2026-07-27T22:06:34+0200,cc602197-a7f8-43dc-ae7f-8e28dc2e9571,2026-07-23T01:30:00Z,2026-07-23T03:30:00+0200,41377.683545,MW,DE,DE_LU,forecast_load,Forecasted Load,2026-07-27T20:08:22Z
2026-07-27T20:06:34Z,2026-07-27T22:06:34+0200,cc602197-a7f8-43dc-ae7f-8e28dc2e9571,2026-07-23T01:45:00Z,2026-07-23T03:45:00+0200,41470.391532,MW,DE,DE_LU,forecast_load,Forecasted Load,2026-07-27T20:08:22Z
2026-07-27T20:06:34Z,2026-07-27T22:06:34+0200,cc602197-a7f8-43dc-ae7f-8e28dc2e9571,2026-07-23T02:00:00Z,2026-07-23T04:00:00+0200,41833.550922,MW,DE,DE_LU,forecast_load,Forecasted Load,2026-07-27T20:08:22Z
2026-07-27T20:06:34Z,2026-07-27T22:06:34+0200,cc602197-a7f8-43dc-ae7f-8e28dc2e9571,2026-07-23T02:15:00Z,2026-07-23T04:15:00+0200,42142.802808,MW,DE,DE_LU,forecast_load,Forecasted Load,2026-07-27T20:08:22Z
2026-07-27T20:06:34Z,2026-07-27T22:06:34+0200,cc602197-a7f8-43dc-ae7f-8e28dc2e9571,2026-07-23T02:30:00Z,2026-07-23T04:30:00+0200,42608.062479,MW,DE,DE_LU,forecast_load,Forecasted Load,2026-07-27T20:08:22Z
2026-07-27T20:06:34Z,2026-07-27T22:06:34+0200,cc602197-a7f8-43dc-ae7f-8e28dc2e9571,2026-07-23T02:45:00Z,2026-07-23T04:45:00+0200,43158.417551,MW,DE,DE_LU,forecast_load,Forecasted Load,2026-07-27T20:08:22Z
2026-07-27T20:06:34Z,2026-07-27T22:06:34+0200,cc602197-a7f8-43dc-ae7f-8e28dc2e9571,2026-07-23T03:00:00Z,2026-07-23T05:00:00+0200,43949.195007,MW,DE,DE_LU,forecast_load,Forecasted Load,2026-07-27T20:08:22Z
2026-07-27T20:06:34Z,2026-07-27T22:06:34+0200,cc602197-a7f8-43dc-ae7f-8e28dc2e9571,2026-07-23T03:15:00Z,2026-07-23T05:15:00+0200,44778.407925,MW,DE,DE_LU,forecast_load,Forecasted Load,2026-07-27T20:08:22Z
2026-07-27T20:06:34Z,2026-07-27T22:06:34+0200,cc602197-a7f8-43dc-ae7f-8e28dc2e9571,2026-07-23T03:30:00Z,2026-07-23T05:30:00+0200,45433.462931,MW,DE,DE_LU,forecast_load,Forecasted Load,2026-07-27T20:08:22Z
2026-07-27T20:06:34Z,2026-07-27T22:06:34+0200,cc602197-a7f8-43dc-ae7f-8e28dc2e9571,2026-07-23T03:45:00Z,2026-07-23T05:45:00+0200,46862.336803,MW,DE,DE_LU,forecast_load,Forecasted Load,2026-07-27T20:08:22Z
2026-07-27T20:06:34Z,2026-07-27T22:06:34+0200,cc602197-a7f8-43dc-ae7f-8e28dc2e9571,2026-07-23T04:00:00Z,2026-07-23T06:00:00+0200,48936.711619,MW,DE,DE_LU,forecast_load,Forecasted Load,2026-07-27T20:08:22Z
2026-07-27T20:06:34Z,2026-07-27T22:06:34+0200,cc602197-a7f8-43dc-ae7f-8e28dc2e9571,2026-07-23T04:15:00Z,2026-07-23T06:15:00+0200,50148.295753,MW,DE,DE_LU,forecast_load,Forecasted Load,2026-07-27T20:08:22Z
2026-07-27T20:06:34Z,2026-07-27T22:06:34+0200,cc602197-a7f8-43dc-ae7f-8e28dc2e9571,2026-07-23T04:30:00Z,2026-07-23T06:30:00+0200,51759.050622,MW,DE,DE_LU,forecast_load,Forecasted Load,2026-07-27T20:08:22Z
2026-07-27T20:06:34Z,2026-07-27T22:06:34+0200,cc602197-a7f8-43dc-ae7f-8e28dc2e9571,2026-07-23T04:45:00Z,2026-07-23T06:45:00+0200,52891.664295,MW,DE,DE_LU,forecast_load,Forecasted Load,2026-07-27T20:08:22Z
2026-07-27T20:06:34Z,2026-07-27T22:06:34+0200,cc602197-a7f8-43dc-ae7f-8e28dc2e9571,2026-07-23T05:00:00Z,2026-07-23T07:00:00+0200,54115.750525,MW,DE,DE_LU,forecast_load,Forecasted Load,2026-07-27T20:08:22Z
2026-07-27T20:06:34Z,2026-07-27T22:06:34+0200,cc602197-a7f8-43dc-ae7f-8e28dc2e9571,2026-07-23T05:15:00Z,2026-07-23T07:15:00+0200,55251.538763,MW,DE,DE_LU,forecast_load,Forecasted Load,2026-07-27T20:08:22Z
2026-07-27T20:06:34Z,2026-07-27T22:06:34+0200,cc602197-a7f8-43dc-ae7f-8e28dc2e9571,2026-07-23T05:30:00Z,2026-07-23T07:30:00+0200,56379.945299,MW,DE,DE_LU,forecast_load,Forecasted Load,2026-07-27T20:08:22Z
2026-07-27T20:06:34Z,2026-07-27T22:06:34+0200,cc602197-a7f8-43dc-ae7f-8e28dc2e9571,2026-07-23T05:45:00Z,2026-07-23T07:45:00+0200,57599.470297,MW,DE,DE_LU,forecast_load,Forecasted Load,2026-07-27T20:08:22Z
2026-07-27T20:06:34Z,2026-07-27T22:06:34+0200,cc602197-a7f8-43dc-ae7f-8e28dc2e9571,2026-07-23T06:00:00Z,2026-07-23T08:00:00+0200,58357.935128,MW,DE,DE_LU,forecast_load,Forecasted Load,2026-07-27T20:08:22Z
2026-07-27T20:06:34Z,2026-07-27T22:06:34+0200,cc602197-a7f8-43dc-ae7f-8e28dc2e9571,2026-07-23T06:15:00Z,2026-07-23T08:15:00+0200,59086.040082,MW,DE,DE_LU,forecast_load,Forecasted Load,2026-07-27T20:08:22Z
2026-07-27T20:06:34Z,2026-07-27T22:06:34+0200,cc602197-a7f8-43dc-ae7f-8e28dc2e9571,2026-07-23T06:30:00Z,2026-07-23T08:30:00+0200,59667.429192,MW,DE,DE_LU,forecast_load,Forecasted Load,2026-07-27T20:08:22Z
2026-07-27T20:06:34Z,2026-07-27T22:06:34+0200,cc602197-a7f8-43dc-ae7f-8e28dc2e9571,2026-07-23T06:45:00Z,2026-07-23T08:45:00+0200,59986.542288,MW,DE,DE_LU,forecast_load,Forecasted Load,2026-07-27T20:08:22Z
2026-07-27T20:06:34Z,2026-07-27T22:06:34+0200,cc602197-a7f8-43dc-ae7f-8e28dc2e9571,2026-07-23T07:00:00Z,2026-07-23T09:00:00+0200,60084.563206,MW,DE,DE_LU,forecast_load,Forecasted Load,2026-07-27T20:08:22Z
2026-07-27T20:06:34Z,2026-07-27T22:06:34+0200,cc602197-a7f8-43dc-ae7f-8e28dc2e9571,2026-07-23T07:15:00Z,2026-07-23T09:15:00+0200,60135.571801,MW,DE,DE_LU,forecast_load,Forecasted Load,2026-07-27T20:08:22Z
2026-07-27T20:06:34Z,2026-07-27T22:06:34+0200,cc602197-a7f8-43dc-ae7f-8e28dc2e9571,2026-07-23T07:30:00Z,2026-07-23T09:30:00+0200,60485.386373,MW,DE,DE_LU,forecast_load,Forecasted Load,2026-07-27T20:08:22Z
2026-07-27T20:06:34Z,2026-07-27T22:06:34+0200,cc602197-a7f8-43dc-ae7f-8e28dc2e9571,2026-07-23T07:45:00Z,2026-07-23T09:45:00+0200,60881.716003,MW,DE,DE_LU,forecast_load,Forecasted Load,2026-07-27T20:08:22Z
2026-07-27T20:06:34Z,2026-07-27T22:06:34+0200,cc602197-a7f8-43dc-ae7f-8e28dc2e9571,2026-07-23T08:00:00Z,2026-07-23T10:00:00+0200,60660.741036,MW,DE,DE_LU,forecast_load,Forecasted Load,2026-07-27T20:08:22Z
2026-07-27T20:06:34Z,2026-07-27T22:06:34+0200,cc602197-a7f8-43dc-ae7f-8e28dc2e9571,2026-07-23T08:15:00Z,2026-07-23T10:15:00+0200,60681.707349,MW,DE,DE_LU,forecast_load,Forecasted Load,2026-07-27T20:08:22Z
2026-07-27T20:06:34Z,2026-07-27T22:06:34+0200,cc602197-a7f8-43dc-ae7f-8e28dc2e9571,2026-07-23T08:30:00Z,2026-07-23T10:30:00+0200,60448.866752,MW,DE,DE_LU,forecast_load,Forecasted Load,2026-07-27T20:08:22Z
2026-07-27T20:06:34Z,2026-07-27T22:06:34+0200,cc602197-a7f8-43dc-ae7f-8e28dc2e9571,2026-07-23T08:45:00Z,2026-07-23T10:45:00+0200,60145.721937,MW,DE,DE_LU,forecast_load,Forecasted Load,2026-07-27T20:08:22Z
2026-07-27T20:06:34Z,2026-07-27T22:06:34+0200,cc602197-a7f8-43dc-ae7f-8e28dc2e9571,2026-07-23T09:00:00Z,2026-07-23T11:00:00+0200,60030.138855,MW,DE,DE_LU,forecast_load,Forecasted Load,2026-07-27T20:08:22Z
2026-07-27T20:06:34Z,2026-07-27T22:06:34+0200,cc602197-a7f8-43dc-ae7f-8e28dc2e9571,2026-07-23T09:15:00Z,2026-07-23T11:15:00+0200,60130.621505,MW,DE,DE_LU,forecast_load,Forecasted Load,2026-07-27T20:08:22Z
2026-07-27T20:06:34Z,2026-07-27T22:06:34+0200,cc602197-a7f8-43dc-ae7f-8e28dc2e9571,2026-07-23T09:30:00Z,2026-07-23T11:30:00+0200,60049.192522,MW,DE,DE_LU,forecast_load,Forecasted Load,2026-07-27T20:08:22Z
2026-07-27T20:06:34Z,2026-07-27T22:06:34+0200,cc602197-a7f8-43dc-ae7f-8e28dc2e9571,2026-07-23T09:45:00Z,2026-07-23T11:45:00+0200,60007.516668,MW,DE,DE_LU,forecast_load,Forecasted Load,2026-07-27T20:08:22Z
2026-07-27T20:06:34Z,2026-07-27T22:06:34+0200,cc602197-a7f8-43dc-ae7f-8e28dc2e9571,2026-07-23T10:00:00Z,2026-07-23T12:00:00+0200,59651.551903,MW,DE,DE_LU,forecast_load,Forecasted Load,2026-07-27T20:08:22Z
2026-07-27T20:06:34Z,2026-07-27T22:06:34+0200,cc602197-a7f8-43dc-ae7f-8e28dc2e9571,2026-07-23T10:15:00Z,2026-07-23T12:15:00+0200,59131.858883,MW,DE,DE_LU,forecast_load,Forecasted Load,2026-07-27T20:08:22Z
2026-07-27T20:06:34Z,2026-07-27T22:06:34+0200,cc602197-a7f8-43dc-ae7f-8e28dc2e9571,2026-07-23T10:30:00Z,2026-07-23T12:30:00+0200,58604.603989,MW,DE,DE_LU,forecast_load,Forecasted Load,2026-07-27T20:08:22Z
2026-07-27T20:06:34Z,2026-07-27T22:06:34+0200,cc602197-a7f8-43dc-ae7f-8e28dc2e9571,2026-07-23T10:45:00Z,2026-07-23T12:45:00+0200,58510.791216,MW,DE,DE_LU,forecast_load,Forecasted Load,2026-07-27T20:08:22Z
2026-07-27T20:06:34Z,2026-07-27T22:06:34+0200,cc602197-a7f8-43dc-ae7f-8e28dc2e9571,2026-07-23T11:00:00Z,2026-07-23T13:00:00+0200,57943.727124,MW,DE,DE_LU,forecast_load,Forecasted Load,2026-07-27T20:08:22Z
2026-07-27T20:06:34Z,2026-07-27T22:06:34+0200,cc602197-a7f8-43dc-ae7f-8e28dc2e9571,2026-07-23T11:15:00Z,2026-07-23T13:15:00+0200,58083.799463,MW,DE,DE_LU,forecast_load,Forecasted Load,2026-07-27T20:08:22Z
2026-07-27T20:06:34Z,2026-07-27T22:06:34+0200,cc602197-a7f8-43dc-ae7f-8e28dc2e9571,2026-07-23T11:30:00Z,2026-07-23T13:30:00+0200,57491.817887,MW,DE,DE_LU,forecast_load,Forecasted Load,2026-07-27T20:08:22Z
2026-07-27T20:06:34Z,2026-07-27T22:06:34+0200,cc602197-a7f8-43dc-ae7f-8e28dc2e9571,2026-07-23T11:45:00Z,2026-07-23T13:45:00+0200,57295.96313,MW,DE,DE_LU,forecast_load,Forecasted Load,2026-07-27T20:08:22Z
2026-07-27T20:06:34Z,2026-07-27T22:06:34+0200,cc602197-a7f8-43dc-ae7f-8e28dc2e9571,2026-07-23T12:00:00Z,2026-07-23T14:00:00+0200,56871.044361,MW,DE,DE_LU,forecast_load,Forecasted Load,2026-07-27T20:08:22Z
2026-07-27T20:06:34Z,2026-07-27T22:06:34+0200,cc602197-a7f8-43dc-ae7f-8e28dc2e9571,2026-07-23T12:15:00Z,2026-07-23T14:15:00+0200,56564.705135,MW,DE,DE_LU,forecast_load,Forecasted Load,2026-07-27T20:08:22Z
2026-07-27T20:06:34Z,2026-07-27T22:06:34+0200,cc602197-a7f8-43dc-ae7f-8e28dc2e9571,2026-07-23T12:30:00Z,2026-07-23T14:30:00+0200,56033.768395,MW,DE,DE_LU,forecast_load,Forecasted Load,2026-07-27T20:08:22Z
2026-07-27T20:06:34Z,2026-07-27T22:06:34+0200,cc602197-a7f8-43dc-ae7f-8e28dc2e9571,2026-07-23T12:45:00Z,2026-07-23T14:45:00+0200,55583.582816,MW,DE,DE_LU,forecast_load,Forecasted Load,2026-07-27T20:08:22Z
2026-07-27T20:06:34Z,2026-07-27T22:06:34+0200,cc602197-a7f8-43dc-ae7f-8e28dc2e9571,2026-07-23T13:00:00Z,2026-07-23T15:00:00+0200,55266.216368,MW,DE,DE_LU,forecast_load,Forecasted Load,2026-07-27T20:08:22Z
2026-07-27T20:06:34Z,2026-07-27T22:06:34+0200,cc602197-a7f8-43dc-ae7f-8e28dc2e9571,2026-07-23T13:15:00Z,2026-07-23T15:15:00+0200,55877.37782,MW,DE,DE_LU,forecast_load,Forecasted Load,2026-07-27T20:08:22Z
2026-07-27T20:06:34Z,2026-07-27T22:06:34+0200,cc602197-a7f8-43dc-ae7f-8e28dc2e9571,2026-07-23T13:30:00Z,2026-07-23T15:30:00+0200,55092.678073,MW,DE,DE_LU,forecast_load,Forecasted Load,2026-07-27T20:08:22Z
2026-07-27T20:06:34Z,2026-07-27T22:06:34+0200,cc602197-a7f8-43dc-ae7f-8e28dc2e9571,2026-07-23T13:45:00Z,2026-07-23T15:45:00+0200,55166.58142,MW,DE,DE_LU,forecast_load,Forecasted Load,2026-07-27T20:08:22Z
2026-07-27T20:06:34Z,2026-07-27T22:06:34+0200,cc602197-a7f8-43dc-ae7f-8e28dc2e9571,2026-07-23T14:00:00Z,2026-07-23T16:00:00+0200,55682.139741,MW,DE,DE_LU,forecast_load,Forecasted Load,2026-07-27T20:08:22Z
2026-07-27T20:06:34Z,2026-07-27T22:06:34+0200,cc602197-a7f8-43dc-ae7f-8e28dc2e9571,2026-07-23T14:15:00Z,2026-07-23T16:15:00+0200,55400.537021,MW,DE,DE_LU,forecast_load,Forecasted Load,2026-07-27T20:08:22Z
2026-07-27T20:06:34Z,2026-07-27T22:06:34+0200,cc602197-a7f8-43dc-ae7f-8e28dc2e9571,2026-07-23T14:30:00Z,2026-07-23T16:30:00+0200,55048.692689,MW,DE,DE_LU,forecast_load,Forecasted Load,2026-07-27T20:08:22Z
2026-07-27T20:06:34Z,2026-07-27T22:06:34+0200,cc602197-a7f8-43dc-ae7f-8e28dc2e9571,2026-07-23T14:45:00Z,2026-07-23T16:45:00+0200,55122.247824,MW,DE,DE_LU,forecast_load,Forecasted Load,2026-07-27T20:08:22Z
2026-07-27T20:06:34Z,2026-07-27T22:06:34+0200,cc602197-a7f8-43dc-ae7f-8e28dc2e9571,2026-07-23T15:00:00Z,2026-07-23T17:00:00+0200,55485.718297,MW,DE,DE_LU,forecast_load,Forecasted Load,2026-07-27T20:08:22Z
2026-07-27T20:06:34Z,2026-07-27T22:06:34+0200,cc602197-a7f8-43dc-ae7f-8e28dc2e9571,2026-07-23T15:15:00Z,2026-07-23T17:15:00+0200,55320.202584,MW,DE,DE_LU,forecast_load,Forecasted Load,2026-07-27T20:08:22Z
2026-07-27T20:06:34Z,2026-07-27T22:06:34+0200,cc602197-a7f8-43dc-ae7f-8e28dc2e9571,2026-07-23T15:30:00Z,2026-07-23T17:30:00+0200,55541.30638,MW,DE,DE_LU,forecast_load,Forecasted Load,2026-07-27T20:08:22Z
2026-07-27T20:06:34Z,2026-07-27T22:06:34+0200,cc602197-a7f8-43dc-ae7f-8e28dc2e9571,2026-07-23T15:45:00Z,2026-07-23T17:45:00+0200,55929.524449,MW,DE,DE_LU,forecast_load,Forecasted Load,2026-07-27T20:08:22Z
2026-07-27T20:06:34Z,2026-07-27T22:06:34+0200,cc602197-a7f8-43dc-ae7f-8e28dc2e9571,2026-07-23T16:00:00Z,2026-07-23T18:00:00+0200,56161.355532,MW,DE,DE_LU,forecast_load,Forecasted Load,2026-07-27T20:08:22Z
2026-07-27T20:06:34Z,2026-07-27T22:06:34+0200,cc602197-a7f8-43dc-ae7f-8e28dc2e9571,2026-07-23T16:15:00Z,2026-07-23T18:15:00+0200,56467.581402,MW,DE,DE_LU,forecast_load,Forecasted Load,2026-07-27T20:08:22Z
2026-07-27T20:06:34Z,2026-07-27T22:06:34+0200,cc602197-a7f8-43dc-ae7f-8e28dc2e9571,2026-07-23T16:30:00Z,2026-07-23T18:30:00+0200,56856.381901,MW,DE,DE_LU,forecast_load,Forecasted Load,2026-07-27T20:08:22Z
2026-07-27T20:06:34Z,2026-07-27T22:06:34+0200,cc602197-a7f8-43dc-ae7f-8e28dc2e9571,2026-07-23T16:45:00Z,2026-07-23T18:45:00+0200,57091.625806,MW,DE,DE_LU,forecast_load,Forecasted Load,2026-07-27T20:08:22Z
2026-07-27T20:06:34Z,2026-07-27T22:06:34+0200,cc602197-a7f8-43dc-ae7f-8e28dc2e9571,2026-07-23T17:00:00Z,2026-07-23T19:00:00+0200,57336.143935,MW,DE,DE_LU,forecast_load,Forecasted Load,2026-07-27T20:08:22Z
2026-07-27T20:06:34Z,2026-07-27T22:06:34+0200,cc602197-a7f8-43dc-ae7f-8e28dc2e9571,2026-07-23T17:15:00Z,2026-07-23T19:15:00+0200,56769.454327,MW,DE,DE_LU,forecast_load,Forecasted Load,2026-07-27T20:08:22Z
2026-07-27T20:06:34Z,2026-07-27T22:06:34+0200,cc602197-a7f8-43dc-ae7f-8e28dc2e9571,2026-07-23T17:30:00Z,2026-07-23T19:30:00+0200,56703.671864,MW,DE,DE_LU,forecast_load,Forecasted Load,2026-07-27T20:08:22Z
2026-07-27T20:06:34Z,2026-07-27T22:06:34+0200,cc602197-a7f8-43dc-ae7f-8e28dc2e9571,2026-07-23T17:45:00Z,2026-07-23T19:45:00+0200,56365.012329,MW,DE,DE_LU,forecast_load,Forecasted Load,2026-07-27T20:08:22Z
2026-07-27T20:06:34Z,2026-07-27T22:06:34+0200,cc602197-a7f8-43dc-ae7f-8e28dc2e9571,2026-07-23T18:00:00Z,2026-07-23T20:00:00+0200,55877.429411,MW,DE,DE_LU,forecast_load,Forecasted Load,2026-07-27T20:08:22Z
2026-07-27T20:06:34Z,2026-07-27T22:06:34+0200,cc602197-a7f8-43dc-ae7f-8e28dc2e9571,2026-07-23T18:15:00Z,2026-07-23T20:15:00+0200,55678.152544,MW,DE,DE_LU,forecast_load,Forecasted Load,2026-07-27T20:08:22Z
2026-07-27T20:06:34Z,2026-07-27T22:06:34+0200,cc602197-a7f8-43dc-ae7f-8e28dc2e9571,2026-07-23T18:30:00Z,2026-07-23T20:30:00+0200,55048.18667,MW,DE,DE_LU,forecast_load,Forecasted Load,2026-07-27T20:08:22Z
2026-07-27T20:06:34Z,2026-07-27T22:06:34+0200,cc602197-a7f8-43dc-ae7f-8e28dc2e9571,2026-07-23T18:45:00Z,2026-07-23T20:45:00+0200,54600.803907,MW,DE,DE_LU,forecast_load,Forecasted Load,2026-07-27T20:08:22Z
2026-07-27T20:06:34Z,2026-07-27T22:06:34+0200,cc602197-a7f8-43dc-ae7f-8e28dc2e9571,2026-07-23T19:00:00Z,2026-07-23T21:00:00+0200,53943.606817,MW,DE,DE_LU,forecast_load,Forecasted Load,2026-07-27T20:08:22Z
2026-07-27T20:06:34Z,2026-07-27T22:06:34+0200,cc602197-a7f8-43dc-ae7f-8e28dc2e9571,2026-07-23T19:15:00Z,2026-07-23T21:15:00+0200,53436.654159,MW,DE,DE_LU,forecast_load,Forecasted Load,2026-07-27T20:08:22Z
2026-07-27T20:06:34Z,2026-07-27T22:06:34+0200,cc602197-a7f8-43dc-ae7f-8e28dc2e9571,2026-07-23T19:30:00Z,2026-07-23T21:30:00+0200,52738.36112,MW,DE,DE_LU,forecast_load,Forecasted Load,2026-07-27T20:08:22Z
2026-07-27T20:06:34Z,2026-07-27T22:06:34+0200,cc602197-a7f8-43dc-ae7f-8e28dc2e9571,2026-07-23T19:45:00Z,2026-07-23T21:45:00+0200,51945.736422,MW,DE,DE_LU,forecast_load,Forecasted Load,2026-07-27T20:08:22Z
2026-07-27T20:06:34Z,2026-07-27T22:06:34+0200,cc602197-a7f8-43dc-ae7f-8e28dc2e9571,2026-07-23T20:00:00Z,2026-07-23T22:00:00+0200,51378.525935,MW,DE,DE_LU,forecast_load,Forecasted Load,2026-07-27T20:08:22Z
2026-07-27T20:06:34Z,2026-07-27T22:06:34+0200,cc602197-a7f8-43dc-ae7f-8e28dc2e9571,2026-07-23T20:15:00Z,2026-07-23T22:15:00+0200,50558.275412,MW,DE,DE_LU,forecast_load,Forecasted Load,2026-07-27T20:08:22Z
2026-07-27T20:06:34Z,2026-07-27T22:06:34+0200,cc602197-a7f8-43dc-ae7f-8e28dc2e9571,2026-07-23T20:30:00Z,2026-07-23T22:30:00+0200,49678.545906,MW,DE,DE_LU,forecast_load,Forecasted Load,2026-07-27T20:08:22Z
2026-07-27T20:06:34Z,2026-07-27T22:06:34+0200,cc602197-a7f8-43dc-ae7f-8e28dc2e9571,2026-07-23T20:45:00Z,2026-07-23T22:45:00+0200,48782.831565,MW,DE,DE_LU,forecast_load,Forecasted Load,2026-07-27T20:08:22Z
2026-07-27T20:06:34Z,2026-07-27T22:06:34+0200,cc602197-a7f8-43dc-ae7f-8e28dc2e9571,2026-07-23T21:00:00Z,2026-07-23T23:00:00+0200,47546.692475,MW,DE,DE_LU,forecast_load,Forecasted Load,2026-07-27T20:08:22Z
2026-07-27T20:06:34Z,2026-07-27T22:06:34+0200,cc602197-a7f8-43dc-ae7f-8e28dc2e9571,2026-07-23T21:15:00Z,2026-07-23T23:15:00+0200,46804.174569,MW,DE,DE_LU,forecast_load,Forecasted Load,2026-07-27T20:08:22Z
2026-07-27T20:06:34Z,2026-07-27T22:06:34+0200,cc602197-a7f8-43dc-ae7f-8e28dc2e9571,2026-07-23T21:30:00Z,2026-07-23T23:30:00+0200,46082.242626,MW,DE,DE_LU,forecast_load,Forecasted Load,2026-07-27T20:08:22Z
2026-07-27T20:06:34Z,2026-07-27T22:06:34+0200,cc602197-a7f8-43dc-ae7f-8e28dc2e9571,2026-07-23T21:45:00Z,2026-07-23T23:45:00+0200,45580.019692,MW,DE,DE_LU,forecast_load,Forecasted Load,2026-07-27T20:08:22Z
2026-07-27T20:06:34Z,2026-07-27T22:06:34+0200,cc602197-a7f8-43dc-ae7f-8e28dc2e9571,2026-07-23T22:00:00Z,2026-07-24T00:00:00+0200,46128.166237,MW,DE,DE_LU,forecast_load,Forecasted Load,2026-07-27T20:08:22Z
2026-07-27T20:06:34Z,2026-07-27T22:06:34+0200,cc602197-a7f8-43dc-ae7f-8e28dc2e9571,2026-07-23T22:15:00Z,2026-07-24T00:15:00+0200,45509.122481,MW,DE,DE_LU,forecast_load,Forecasted Load,2026-07-27T20:08:22Z
2026-07-27T20:06:34Z,2026-07-27T22:06:34+0200,cc602197-a7f8-43dc-ae7f-8e28dc2e9571,2026-07-23T22:30:00Z,2026-07-24T00:30:00+0200,44846.350394,MW,DE,DE_LU,forecast_load,Forecasted Load,2026-07-27T20:08:22Z
2026-07-27T20:06:34Z,2026-07-27T22:06:34+0200,cc602197-a7f8-43dc-ae7f-8e28dc2e9571,2026-07-23T22:45:00Z,2026-07-24T00:45:00+0200,44428.140968,MW,DE,DE_LU,forecast_load,Forecasted Load,2026-07-27T20:08:22Z
2026-07-27T20:06:34Z,2026-07-27T22:06:34+0200,cc602197-a7f8-43dc-ae7f-8e28dc2e9571,2026-07-23T23:00:00Z,2026-07-24T01:00:00+0200,44126.150834,MW,DE,DE_LU,forecast_load,Forecasted Load,2026-07-27T20:08:22Z
2026-07-27T20:06:34Z,2026-07-27T22:06:34+0200,cc602197-a7f8-43dc-ae7f-8e28dc2e9571,2026-07-23T23:15:00Z,2026-07-24T01:15:00+0200,43595.038996,MW,DE,DE_LU,forecast_load,Forecasted Load,2026-07-27T20:08:22Z
2026-07-27T20:06:34Z,2026-07-27T22:06:34+0200,cc602197-a7f8-43dc-ae7f-8e28dc2e9571,2026-07-23T23:30:00Z,2026-07-24T01:30:00+0200,43309.486921,MW,DE,DE_LU,forecast_load,Forecasted Load,2026-07-27T20:08:22Z
2026-07-27T20:06:34Z,2026-07-27T22:06:34+0200,cc602197-a7f8-43dc-ae7f-8e28dc2e9571,2026-07-23T23:45:00Z,2026-07-24T01:45:00+0200,43148.496557,MW,DE,DE_LU,forecast_load,Forecasted Load,2026-07-27T20:08:22Z
2026-07-27T20:06:34Z,2026-07-27T22:06:34+0200,cc602197-a7f8-43dc-ae7f-8e28dc2e9571,2026-07-24T00:00:00Z,2026-07-24T02:00:00+0200,42944.753029,MW,DE,DE_LU,forecast_load,Forecasted Load,2026-07-27T20:08:22Z
2026-07-27T20:06:34Z,2026-07-27T22:06:34+0200,cc602197-a7f8-43dc-ae7f-8e28dc2e9571,2026-07-24T00:15:00Z,2026-07-24T02:15:00+0200,42657.582407,MW,DE,DE_LU,forecast_load,Forecasted Load,2026-07-27T20:08:22Z
2026-07-27T20:06:34Z,2026-07-27T22:06:34+0200,cc602197-a7f8-43dc-ae7f-8e28dc2e9571,2026-07-24T00:30:00Z,2026-07-24T02:30:00+0200,42843.318518,MW,DE,DE_LU,forecast_load,Forecasted Load,2026-07-27T20:08:22Z
2026-07-27T20:06:34Z,2026-07-27T22:06:34+0200,cc602197-a7f8-43dc-ae7f-8e28dc2e9571,2026-07-24T00:45:00Z,2026-07-24T02:45:00+0200,42790.56334,MW,DE,DE_LU,forecast_load,Forecasted Load,2026-07-27T20:08:22Z
2026-07-27T20:06:34Z,2026-07-27T22:06:34+0200,cc602197-a7f8-43dc-ae7f-8e28dc2e9571,2026-07-24T01:00:00Z,2026-07-24T03:00:00+0200,42488.503261,MW,DE,DE_LU,forecast_load,Forecasted Load,2026-07-27T20:08:22Z
2026-07-27T20:06:34Z,2026-07-27T22:06:34+0200,cc602197-a7f8-43dc-ae7f-8e28dc2e9571,2026-07-24T01:15:00Z,2026-07-24T03:15:00+0200,42472.343912,MW,DE,DE_LU,forecast_load,Forecasted Load,2026-07-27T20:08:22Z
2026-07-27T20:06:34Z,2026-07-27T22:06:34+0200,cc602197-a7f8-43dc-ae7f-8e28dc2e9571,2026-07-24T01:30:00Z,2026-07-24T03:30:00+0200,42539.315491,MW,DE,DE_LU,forecast_load,Forecasted Load,2026-07-27T20:08:22Z
2026-07-27T20:06:34Z,2026-07-27T22:06:34+0200,cc602197-a7f8-43dc-ae7f-8e28dc2e9571,2026-07-24T01:45:00Z,2026-07-24T03:45:00+0200,42596.324162,MW,DE,DE_LU,forecast_load,Forecasted Load,2026-07-27T20:08:22Z
2026-07-27T20:06:34Z,2026-07-27T22:06:34+0200,cc602197-a7f8-43dc-ae7f-8e28dc2e9571,2026-07-24T02:00:00Z,2026-07-24T04:00:00+0200,42945.62952,MW,DE,DE_LU,forecast_load,Forecasted Load,2026-07-27T20:08:22Z
2026-07-27T20:06:34Z,2026-07-27T22:06:34+0200,cc602197-a7f8-43dc-ae7f-8e28dc2e9571,2026-07-24T02:15:00Z,2026-07-24T04:15:00+0200,43155.291615,MW,DE,DE_LU,forecast_load,Forecasted Load,2026-07-27T20:08:22Z
2026-07-27T20:06:34Z,2026-07-27T22:06:34+0200,cc602197-a7f8-43dc-ae7f-8e28dc2e9571,2026-07-24T02:30:00Z,2026-07-24T04:30:00+0200,43450.684208,MW,DE,DE_LU,forecast_load,Forecasted Load,2026-07-27T20:08:22Z
2026-07-27T20:06:34Z,2026-07-27T22:06:34+0200,cc602197-a7f8-43dc-ae7f-8e28dc2e9571,2026-07-24T02:45:00Z,2026-07-24T04:45:00+0200,43763.021308,MW,DE,DE_LU,forecast_load,Forecasted Load,2026-07-27T20:08:22Z
2026-07-27T20:06:34Z,2026-07-27T22:06:34+0200,cc602197-a7f8-43dc-ae7f-8e28dc2e9571,2026-07-24T03:00:00Z,2026-07-24T05:00:00+0200,44617.954733,MW,DE,DE_LU,forecast_load,Forecasted Load,2026-07-27T20:08:22Z
2026-07-27T20:06:34Z,2026-07-27T22:06:34+0200,cc602197-a7f8-43dc-ae7f-8e28dc2e9571,2026-07-24T03:15:00Z,2026-07-24T05:15:00+0200,45280.464188,MW,DE,DE_LU,forecast_load,Forecasted Load,2026-07-27T20:08:22Z
2026-07-27T20:06:34Z,2026-07-27T22:06:34+0200,cc602197-a7f8-43dc-ae7f-8e28dc2e9571,2026-07-24T03:30:00Z,2026-07-24T05:30:00+0200,46011.41104,MW,DE,DE_LU,forecast_load,Forecasted Load,2026-07-27T20:08:22Z
2026-07-27T20:06:34Z,2026-07-27T22:06:34+0200,cc602197-a7f8-43dc-ae7f-8e28dc2e9571,2026-07-24T03:45:00Z,2026-07-24T05:45:00+0200,46992.907543,MW,DE,DE_LU,forecast_load,Forecasted Load,2026-07-27T20:08:22Z
2026-07-27T20:06:34Z,2026-07-27T22:06:34+0200,cc602197-a7f8-43dc-ae7f-8e28dc2e9571,2026-07-24T04:00:00Z,2026-07-24T06:00:00+0200,49097.724578,MW,DE,DE_LU,forecast_load,Forecasted Load,2026-07-27T20:08:22Z
2026-07-27T20:06:34Z,2026-07-27T22:06:34+0200,cc602197-a7f8-43dc-ae7f-8e28dc2e9571,2026-07-24T04:15:00Z,2026-07-24T06:15:00+0200,50241.35396,MW,DE,DE_LU,forecast_load,Forecasted Load,2026-07-27T20:08:22Z
2026-07-27T20:06:34Z,2026-07-27T22:06:34+0200,cc602197-a7f8-43dc-ae7f-8e28dc2e9571,2026-07-24T04:30:00Z,2026-07-24T06:30:00+0200,51859.026458,MW,DE,DE_LU,forecast_load,Forecasted Load,2026-07-27T20:08:22Z
2026-07-27T20:06:34Z,2026-07-27T22:06:34+0200,cc602197-a7f8-43dc-ae7f-8e28dc2e9571,2026-07-24T04:45:00Z,2026-07-24T06:45:00+0200,52935.875665,MW,DE,DE_LU,forecast_load,Forecasted Load,2026-07-27T20:08:22Z
2026-07-27T20:06:34Z,2026-07-27T22:06:34+0200,cc602197-a7f8-43dc-ae7f-8e28dc2e9571,2026-07-24T05:00:00Z,2026-07-24T07:00:00+0200,54154.408419,MW,DE,DE_LU,forecast_load,Forecasted Load,2026-07-27T20:08:22Z
2026-07-27T20:06:34Z,2026-07-27T22:06:34+0200,cc602197-a7f8-43dc-ae7f-8e28dc2e9571,2026-07-24T05:15:00Z,2026-07-24T07:15:00+0200,55485.546823,MW,DE,DE_LU,forecast_load,Forecasted Load,2026-07-27T20:08:22Z
2026-07-27T20:06:34Z,2026-07-27T22:06:34+0200,cc602197-a7f8-43dc-ae7f-8e28dc2e9571,2026-07-24T05:30:00Z,2026-07-24T07:30:00+0200,56569.687165,MW,DE,DE_LU,forecast_load,Forecasted Load,2026-07-27T20:08:22Z
2026-07-27T20:06:34Z,2026-07-27T22:06:34+0200,cc602197-a7f8-43dc-ae7f-8e28dc2e9571,2026-07-24T05:45:00Z,2026-07-24T07:45:00+0200,57386.938467,MW,DE,DE_LU,forecast_load,Forecasted Load,2026-07-27T20:08:22Z
2026-07-27T20:06:34Z,2026-07-27T22:06:34+0200,cc602197-a7f8-43dc-ae7f-8e28dc2e9571,2026-07-24T06:00:00Z,2026-07-24T08:00:00+0200,58100.538353,MW,DE,DE_LU,forecast_load,Forecasted Load,2026-07-27T20:08:22Z
2026-07-27T20:06:34Z,2026-07-27T22:06:34+0200,cc602197-a7f8-43dc-ae7f-8e28dc2e9571,2026-07-24T06:15:00Z,2026-07-24T08:15:00+0200,58783.50081,MW,DE,DE_LU,forecast_load,Forecasted Load,2026-07-27T20:08:22Z
2026-07-27T20:06:34Z,2026-07-27T22:06:34+0200,cc602197-a7f8-43dc-ae7f-8e28dc2e9571,2026-07-24T06:30:00Z,2026-07-24T08:30:00+0200,59292.432075,MW,DE,DE_LU,forecast_load,Forecasted Load,2026-07-27T20:08:22Z
2026-07-27T20:06:34Z,2026-07-27T22:06:34+0200,cc602197-a7f8-43dc-ae7f-8e28dc2e9571,2026-07-24T06:45:00Z,2026-07-24T08:45:00+0200,59615.233303,MW,DE,DE_LU,forecast_load,Forecasted Load,2026-07-27T20:08:22Z
2026-07-27T20:06:34Z,2026-07-27T22:06:34+0200,cc602197-a7f8-43dc-ae7f-8e28dc2e9571,2026-07-24T07:00:00Z,2026-07-24T09:00:00+0200,59268.723171,MW,DE,DE_LU,forecast_load,Forecasted Load,2026-07-27T20:08:22Z
2026-07-27T20:06:34Z,2026-07-27T22:06:34+0200,cc602197-a7f8-43dc-ae7f-8e28dc2e9571,2026-07-24T07:15:00Z,2026-07-24T09:15:00+0200,59594.861879,MW,DE,DE_LU,forecast_load,Forecasted Load,2026-07-27T20:08:22Z
2026-07-27T20:06:34Z,2026-07-27T22:06:34+0200,cc602197-a7f8-43dc-ae7f-8e28dc2e9571,2026-07-24T07:30:00Z,2026-07-24T09:30:00+0200,59584.963616,MW,DE,DE_LU,forecast_load,Forecasted Load,2026-07-27T20:08:22Z
2026-07-27T20:06:34Z,2026-07-27T22:06:34+0200,cc602197-a7f8-43dc-ae7f-8e28dc2e9571,2026-07-24T07:45:00Z,2026-07-24T09:45:00+0200,59767.891419,MW,DE,DE_LU,forecast_load,Forecasted Load,2026-07-27T20:08:22Z
2026-07-27T20:06:34Z,2026-07-27T22:06:34+0200,cc602197-a7f8-43dc-ae7f-8e28dc2e9571,2026-07-24T08:00:00Z,2026-07-24T10:00:00+0200,59693.105119,MW,DE,DE_LU,forecast_load,Forecasted Load,2026-07-27T20:08:22Z
2026-07-27T20:06:34Z,2026-07-27T22:06:34+0200,cc602197-a7f8-43dc-ae7f-8e28dc2e9571,2026-07-24T08:15:00Z,2026-07-24T10:15:00+0200,59871.728008,MW,DE,DE_LU,forecast_load,Forecasted Load,2026-07-27T20:08:22Z
2026-07-27T20:06:34Z,2026-07-27T22:06:34+0200,cc602197-a7f8-43dc-ae7f-8e28dc2e9571,2026-07-24T08:30:00Z,2026-07-24T10:30:00+0200,59520.74747,MW,DE,DE_LU,forecast_load,Forecasted Load,2026-07-27T20:08:22Z
2026-07-27T20:06:34Z,2026-07-27T22:06:34+0200,cc602197-a7f8-43dc-ae7f-8e28dc2e9571,2026-07-24T08:45:00Z,2026-07-24T10:45:00+0200,59474.315407,MW,DE,DE_LU,forecast_load,Forecasted Load,2026-07-27T20:08:22Z
2026-07-27T20:06:34Z,2026-07-27T22:06:34+0200,cc602197-a7f8-43dc-ae7f-8e28dc2e9571,2026-07-24T09:00:00Z,2026-07-24T11:00:00+0200,59082.560832,MW,DE,DE_LU,forecast_load,Forecasted Load,2026-07-27T20:08:22Z
2026-07-27T20:06:34Z,2026-07-27T22:06:34+0200,cc602197-a7f8-43dc-ae7f-8e28dc2e9571,2026-07-24T09:15:00Z,2026-07-24T11:15:00+0200,58533.918401,MW,DE,DE_LU,forecast_load,Forecasted Load,2026-07-27T20:08:22Z
2026-07-27T20:06:34Z,2026-07-27T22:06:34+0200,cc602197-a7f8-43dc-ae7f-8e28dc2e9571,2026-07-24T09:30:00Z,2026-07-24T11:30:00+0200,58620.480192,MW,DE,DE_LU,forecast_load,Forecasted Load,2026-07-27T20:08:22Z
2026-07-27T20:06:34Z,2026-07-27T22:06:34+0200,cc602197-a7f8-43dc-ae7f-8e28dc2e9571,2026-07-24T09:45:00Z,2026-07-24T11:45:00+0200,58348.140187,MW,DE,DE_LU,forecast_load,Forecasted Load,2026-07-27T20:08:22Z
2026-07-27T20:06:34Z,2026-07-27T22:06:34+0200,cc602197-a7f8-43dc-ae7f-8e28dc2e9571,2026-07-24T10:00:00Z,2026-07-24T12:00:00+0200,57468.588482,MW,DE,DE_LU,forecast_load,Forecasted Load,2026-07-27T20:08:22Z
2026-07-27T20:06:34Z,2026-07-27T22:06:34+0200,cc602197-a7f8-43dc-ae7f-8e28dc2e9571,2026-07-24T10:15:00Z,2026-07-24T12:15:00+0200,57290.883375,MW,DE,DE_LU,forecast_load,Forecasted Load,2026-07-27T20:08:22Z
2026-07-27T20:06:34Z,2026-07-27T22:06:34+0200,cc602197-a7f8-43dc-ae7f-8e28dc2e9571,2026-07-24T10:30:00Z,2026-07-24T12:30:00+0200,56862.818848,MW,DE,DE_LU,forecast_load,Forecasted Load,2026-07-27T20:08:22Z
2026-07-27T20:06:34Z,2026-07-27T22:06:34+0200,cc602197-a7f8-43dc-ae7f-8e28dc2e9571,2026-07-24T10:45:00Z,2026-07-24T12:45:00+0200,56148.207651,MW,DE,DE_LU,forecast_load,Forecasted Load,2026-07-27T20:08:22Z
2026-07-27T20:06:34Z,2026-07-27T22:06:34+0200,cc602197-a7f8-43dc-ae7f-8e28dc2e9571,2026-07-24T11:00:00Z,2026-07-24T13:00:00+0200,55843.881985,MW,DE,DE_LU,forecast_load,Forecasted Load,2026-07-27T20:08:22Z
2026-07-27T20:06:34Z,2026-07-27T22:06:34+0200,cc602197-a7f8-43dc-ae7f-8e28dc2e9571,2026-07-24T11:15:00Z,2026-07-24T13:15:00+0200,55474.249723,MW,DE,DE_LU,forecast_load,Forecasted Load,2026-07-27T20:08:22Z
2026-07-27T20:06:34Z,2026-07-27T22:06:34+0200,cc602197-a7f8-43dc-ae7f-8e28dc2e9571,2026-07-24T11:30:00Z,2026-07-24T13:30:00+0200,55147.061022,MW,DE,DE_LU,forecast_load,Forecasted Load,2026-07-27T20:08:22Z
2026-07-27T20:06:34Z,2026-07-27T22:06:34+0200,cc602197-a7f8-43dc-ae7f-8e28dc2e9571,2026-07-24T11:45:00Z,2026-07-24T13:45:00+0200,54422.12984,MW,DE,DE_LU,forecast_load,Forecasted Load,2026-07-27T20:08:22Z
2026-07-27T20:06:34Z,2026-07-27T22:06:34+0200,cc602197-a7f8-43dc-ae7f-8e28dc2e9571,2026-07-24T12:00:00Z,2026-07-24T14:00:00+0200,54239.802609,MW,DE,DE_LU,forecast_load,Forecasted Load,2026-07-27T20:08:22Z
2026-07-27T20:06:34Z,2026-07-27T22:06:34+0200,cc602197-a7f8-43dc-ae7f-8e28dc2e9571,2026-07-24T12:15:00Z,2026-07-24T14:15:00+0200,53941.061691,MW,DE,DE_LU,forecast_load,Forecasted Load,2026-07-27T20:08:22Z
2026-07-27T20:06:34Z,2026-07-27T22:06:34+0200,cc602197-a7f8-43dc-ae7f-8e28dc2e9571,2026-07-24T12:30:00Z,2026-07-24T14:30:00+0200,53943.822257,MW,DE,DE_LU,forecast_load,Forecasted Load,2026-07-27T20:08:22Z
2026-07-27T20:06:34Z,2026-07-27T22:06:34+0200,cc602197-a7f8-43dc-ae7f-8e28dc2e9571,2026-07-24T12:45:00Z,2026-07-24T14:45:00+0200,53789.735049,MW,DE,DE_LU,forecast_load,Forecasted Load,2026-07-27T20:08:22Z
2026-07-27T20:06:34Z,2026-07-27T22:06:34+0200,cc602197-a7f8-43dc-ae7f-8e28dc2e9571,2026-07-24T13:00:00Z,2026-07-24T15:00:00+0200,53423.584328,MW,DE,DE_LU,forecast_load,Forecasted Load,2026-07-27T20:08:22Z
2026-07-27T20:06:34Z,2026-07-27T22:06:34+0200,cc602197-a7f8-43dc-ae7f-8e28dc2e9571,2026-07-24T13:15:00Z,2026-07-24T15:15:00+0200,53218.945441,MW,DE,DE_LU,forecast_load,Forecasted Load,2026-07-27T20:08:22Z
2026-07-27T20:06:34Z,2026-07-27T22:06:34+0200,cc602197-a7f8-43dc-ae7f-8e28dc2e9571,2026-07-24T13:30:00Z,2026-07-24T15:30:00+0200,52636.928029,MW,DE,DE_LU,forecast_load,Forecasted Load,2026-07-27T20:08:22Z
2026-07-27T20:06:34Z,2026-07-27T22:06:34+0200,cc602197-a7f8-43dc-ae7f-8e28dc2e9571,2026-07-24T13:45:00Z,2026-07-24T15:45:00+0200,52593.752004,MW,DE,DE_LU,forecast_load,Forecasted Load,2026-07-27T20:08:22Z
2026-07-27T20:06:34Z,2026-07-27T22:06:34+0200,cc602197-a7f8-43dc-ae7f-8e28dc2e9571,2026-07-24T14:00:00Z,2026-07-24T16:00:00+0200,53034.44303,MW,DE,DE_LU,forecast_load,Forecasted Load,2026-07-27T20:08:22Z
2026-07-27T20:06:34Z,2026-07-27T22:06:34+0200,cc602197-a7f8-43dc-ae7f-8e28dc2e9571,2026-07-24T14:15:00Z,2026-07-24T16:15:00+0200,52107.960162,MW,DE,DE_LU,forecast_load,Forecasted Load,2026-07-27T20:08:22Z
2026-07-27T20:06:34Z,2026-07-27T22:06:34+0200,cc602197-a7f8-43dc-ae7f-8e28dc2e9571,2026-07-24T14:30:00Z,2026-07-24T16:30:00+0200,52411.444631,MW,DE,DE_LU,forecast_load,Forecasted Load,2026-07-27T20:08:22Z
2026-07-27T20:06:34Z,2026-07-27T22:06:34+0200,cc602197-a7f8-43dc-ae7f-8e28dc2e9571,2026-07-24T14:45:00Z,2026-07-24T16:45:00+0200,52077.693543,MW,DE,DE_LU,forecast_load,Forecasted Load,2026-07-27T20:08:22Z
2026-07-27T20:06:34Z,2026-07-27T22:06:34+0200,cc602197-a7f8-43dc-ae7f-8e28dc2e9571,2026-07-24T15:00:00Z,2026-07-24T17:00:00+0200,52796.274578,MW,DE,DE_LU,forecast_load,Forecasted Load,2026-07-27T20:08:22Z
2026-07-27T20:06:34Z,2026-07-27T22:06:34+0200,cc602197-a7f8-43dc-ae7f-8e28dc2e9571,2026-07-24T15:15:00Z,2026-07-24T17:15:00+0200,52499.96243,MW,DE,DE_LU,forecast_load,Forecasted Load,2026-07-27T20:08:22Z
2026-07-27T20:06:34Z,2026-07-27T22:06:34+0200,cc602197-a7f8-43dc-ae7f-8e28dc2e9571,2026-07-24T15:30:00Z,2026-07-24T17:30:00+0200,52515.840552,MW,DE,DE_LU,forecast_load,Forecasted Load,2026-07-27T20:08:22Z
2026-07-27T20:06:34Z,2026-07-27T22:06:34+0200,cc602197-a7f8-43dc-ae7f-8e28dc2e9571,2026-07-24T15:45:00Z,2026-07-24T17:45:00+0200,52443.916766,MW,DE,DE_LU,forecast_load,Forecasted Load,2026-07-27T20:08:22Z
2026-07-27T20:06:34Z,2026-07-27T22:06:34+0200,cc602197-a7f8-43dc-ae7f-8e28dc2e9571,2026-07-24T16:00:00Z,2026-07-24T18:00:00+0200,52951.014334,MW,DE,DE_LU,forecast_load,Forecasted Load,2026-07-27T20:08:22Z
2026-07-27T20:06:34Z,2026-07-27T22:06:34+0200,cc602197-a7f8-43dc-ae7f-8e28dc2e9571,2026-07-24T16:15:00Z,2026-07-24T18:15:00+0200,52990.351056,MW,DE,DE_LU,forecast_load,Forecasted Load,2026-07-27T20:08:22Z
2026-07-27T20:06:34Z,2026-07-27T22:06:34+0200,cc602197-a7f8-43dc-ae7f-8e28dc2e9571,2026-07-24T16:30:00Z,2026-07-24T18:30:00+0200,53387.49215,MW,DE,DE_LU,forecast_load,Forecasted Load,2026-07-27T20:08:22Z
2026-07-27T20:06:34Z,2026-07-27T22:06:34+0200,cc602197-a7f8-43dc-ae7f-8e28dc2e9571,2026-07-24T16:45:00Z,2026-07-24T18:45:00+0200,53436.131411,MW,DE,DE_LU,forecast_load,Forecasted Load,2026-07-27T20:08:22Z
2026-07-27T20:06:34Z,2026-07-27T22:06:34+0200,cc602197-a7f8-43dc-ae7f-8e28dc2e9571,2026-07-24T17:00:00Z,2026-07-24T19:00:00+0200,53483.706327,MW,DE,DE_LU,forecast_load,Forecasted Load,2026-07-27T20:08:22Z
2026-07-27T20:06:34Z,2026-07-27T22:06:34+0200,cc602197-a7f8-43dc-ae7f-8e28dc2e9571,2026-07-24T17:15:00Z,2026-07-24T19:15:00+0200,53291.602836,MW,DE,DE_LU,forecast_load,Forecasted Load,2026-07-27T20:08:22Z
2026-07-27T20:06:34Z,2026-07-27T22:06:34+0200,cc602197-a7f8-43dc-ae7f-8e28dc2e9571,2026-07-24T17:30:00Z,2026-07-24T19:30:00+0200,53015.784666,MW,DE,DE_LU,forecast_load,Forecasted Load,2026-07-27T20:08:22Z
2026-07-27T20:06:34Z,2026-07-27T22:06:34+0200,cc602197-a7f8-43dc-ae7f-8e28dc2e9571,2026-07-24T17:45:00Z,2026-07-24T19:45:00+0200,52881.858145,MW,DE,DE_LU,forecast_load,Forecasted Load,2026-07-27T20:08:22Z
2026-07-27T20:06:34Z,2026-07-27T22:06:34+0200,cc602197-a7f8-43dc-ae7f-8e28dc2e9571,2026-07-24T18:00:00Z,2026-07-24T20:00:00+0200,52487.560121,MW,DE,DE_LU,forecast_load,Forecasted Load,2026-07-27T20:08:22Z
2026-07-27T20:06:34Z,2026-07-27T22:06:34+0200,cc602197-a7f8-43dc-ae7f-8e28dc2e9571,2026-07-24T18:15:00Z,2026-07-24T20:15:00+0200,52264.841009,MW,DE,DE_LU,forecast_load,Forecasted Load,2026-07-27T20:08:22Z
2026-07-27T20:06:34Z,2026-07-27T22:06:34+0200,cc602197-a7f8-43dc-ae7f-8e28dc2e9571,2026-07-24T18:30:00Z,2026-07-24T20:30:00+0200,51788.995164,MW,DE,DE_LU,forecast_load,Forecasted Load,2026-07-27T20:08:22Z
2026-07-27T20:06:34Z,2026-07-27T22:06:34+0200,cc602197-a7f8-43dc-ae7f-8e28dc2e9571,2026-07-24T18:45:00Z,2026-07-24T20:45:00+0200,51346.205484,MW,DE,DE_LU,forecast_load,Forecasted Load,2026-07-27T20:08:22Z
2026-07-27T20:06:34Z,2026-07-27T22:06:34+0200,cc602197-a7f8-43dc-ae7f-8e28dc2e9571,2026-07-24T19:00:00Z,2026-07-24T21:00:00+0200,50725.217029,MW,DE,DE_LU,forecast_load,Forecasted Load,2026-07-27T20:08:22Z
2026-07-27T20:06:34Z,2026-07-27T22:06:34+0200,cc602197-a7f8-43dc-ae7f-8e28dc2e9571,2026-07-24T19:15:00Z,2026-07-24T21:15:00+0200,50235.362921,MW,DE,DE_LU,forecast_load,Forecasted Load,2026-07-27T20:08:22Z
2026-07-27T20:06:34Z,2026-07-27T22:06:34+0200,cc602197-a7f8-43dc-ae7f-8e28dc2e9571,2026-07-24T19:30:00Z,2026-07-24T21:30:00+0200,49618.673577,MW,DE,DE_LU,forecast_load,Forecasted Load,2026-07-27T20:08:22Z
2026-07-27T20:06:34Z,2026-07-27T22:06:34+0200,cc602197-a7f8-43dc-ae7f-8e28dc2e9571,2026-07-24T19:45:00Z,2026-07-24T21:45:00+0200,49178.735892,MW,DE,DE_LU,forecast_load,Forecasted Load,2026-07-27T20:08:22Z
2026-07-27T20:06:34Z,2026-07-27T22:06:34+0200,cc602197-a7f8-43dc-ae7f-8e28dc2e9571,2026-07-24T20:00:00Z,2026-07-24T22:00:00+0200,48167.92953,MW,DE,DE_LU,forecast_load,Forecasted Load,2026-07-27T20:08:22Z
2026-07-27T20:06:34Z,2026-07-27T22:06:34+0200,cc602197-a7f8-43dc-ae7f-8e28dc2e9571,2026-07-24T20:15:00Z,2026-07-24T22:15:00+0200,47398.416184,MW,DE,DE_LU,forecast_load,Forecasted Load,2026-07-27T20:08:22Z
2026-07-27T20:06:34Z,2026-07-27T22:06:34+0200,cc602197-a7f8-43dc-ae7f-8e28dc2e9571,2026-07-24T20:30:00Z,2026-07-24T22:30:00+0200,46763.059167,MW,DE,DE_LU,forecast_load,Forecasted Load,2026-07-27T20:08:22Z
2026-07-27T20:06:34Z,2026-07-27T22:06:34+0200,cc602197-a7f8-43dc-ae7f-8e28dc2e9571,2026-07-24T20:45:00Z,2026-07-24T22:45:00+0200,46113.515081,MW,DE,DE_LU,forecast_load,Forecasted Load,2026-07-27T20:08:22Z
2026-07-27T20:06:34Z,2026-07-27T22:06:34+0200,cc602197-a7f8-43dc-ae7f-8e28dc2e9571,2026-07-24T21:00:00Z,2026-07-24T23:00:00+0200,45134.021837,MW,DE,DE_LU,forecast_load,Forecasted Load,2026-07-27T20:08:22Z
2026-07-27T20:06:34Z,2026-07-27T22:06:34+0200,cc602197-a7f8-43dc-ae7f-8e28dc2e9571,2026-07-24T21:15:00Z,2026-07-24T23:15:00+0200,44421.917615,MW,DE,DE_LU,forecast_load,Forecasted Load,2026-07-27T20:08:22Z
2026-07-27T20:06:34Z,2026-07-27T22:06:34+0200,cc602197-a7f8-43dc-ae7f-8e28dc2e9571,2026-07-24T21:30:00Z,2026-07-24T23:30:00+0200,43843.038698,MW,DE,DE_LU,forecast_load,Forecasted Load,2026-07-27T20:08:22Z
2026-07-27T20:06:34Z,2026-07-27T22:06:34+0200,cc602197-a7f8-43dc-ae7f-8e28dc2e9571,2026-07-24T21:45:00Z,2026-07-24T23:45:00+0200,43322.869551,MW,DE,DE_LU,forecast_load,Forecasted Load,2026-07-27T20:08:22Z
2026-07-27T20:06:34Z,2026-07-27T22:06:34+0200,cc602197-a7f8-43dc-ae7f-8e28dc2e9571,2026-07-24T22:00:00Z,2026-07-25T00:00:00+0200,43526.720689,MW,DE,DE_LU,forecast_load,Forecasted Load,2026-07-27T20:08:22Z
2026-07-27T20:06:34Z,2026-07-27T22:06:34+0200,cc602197-a7f8-43dc-ae7f-8e28dc2e9571,2026-07-24T22:15:00Z,2026-07-25T00:15:00+0200,42833.777019,MW,DE,DE_LU,forecast_load,Forecasted Load,2026-07-27T20:08:22Z
2026-07-27T20:06:34Z,2026-07-27T22:06:34+0200,cc602197-a7f8-43dc-ae7f-8e28dc2e9571,2026-07-24T22:30:00Z,2026-07-25T00:30:00+0200,42232.313536,MW,DE,DE_LU,forecast_load,Forecasted Load,2026-07-27T20:08:22Z
2026-07-27T20:06:34Z,2026-07-27T22:06:34+0200,cc602197-a7f8-43dc-ae7f-8e28dc2e9571,2026-07-24T22:45:00Z,2026-07-25T00:45:00+0200,41815.80777,MW,DE,DE_LU,forecast_load,Forecasted Load,2026-07-27T20:08:22Z
2026-07-27T20:06:34Z,2026-07-27T22:06:34+0200,cc602197-a7f8-43dc-ae7f-8e28dc2e9571,2026-07-24T23:00:00Z,2026-07-25T01:00:00+0200,41364.147382,MW,DE,DE_LU,forecast_load,Forecasted Load,2026-07-27T20:08:22Z
2026-07-27T20:06:34Z,2026-07-27T22:06:34+0200,cc602197-a7f8-43dc-ae7f-8e28dc2e9571,2026-07-24T23:15:00Z,2026-07-25T01:15:00+0200,40744.806857,MW,DE,DE_LU,forecast_load,Forecasted Load,2026-07-27T20:08:22Z
2026-07-27T20:06:34Z,2026-07-27T22:06:34+0200,cc602197-a7f8-43dc-ae7f-8e28dc2e9571,2026-07-24T23:30:00Z,2026-07-25T01:30:00+0200,40265.080488,MW,DE,DE_LU,forecast_load,Forecasted Load,2026-07-27T20:08:22Z
2026-07-27T20:06:34Z,2026-07-27T22:06:34+0200,cc602197-a7f8-43dc-ae7f-8e28dc2e9571,2026-07-24T23:45:00Z,2026-07-25T01:45:00+0200,39889.148256,MW,DE,DE_LU,forecast_load,Forecasted Load,2026-07-27T20:08:22Z
2026-07-27T20:06:34Z,2026-07-27T22:06:34+0200,cc602197-a7f8-43dc-ae7f-8e28dc2e9571,2026-07-25T00:00:00Z,2026-07-25T02:00:00+0200,39644.089803,MW,DE,DE_LU,forecast_load,Forecasted Load,2026-07-27T20:08:22Z
2026-07-27T20:06:34Z,2026-07-27T22:06:34+0200,cc602197-a7f8-43dc-ae7f-8e28dc2e9571,2026-07-25T00:15:00Z,2026-07-25T02:15:00+0200,39349.715094,MW,DE,DE_LU,forecast_load,Forecasted Load,2026-07-27T20:08:22Z
2026-07-27T20:06:34Z,2026-07-27T22:06:34+0200,cc602197-a7f8-43dc-ae7f-8e28dc2e9571,2026-07-25T00:30:00Z,2026-07-25T02:30:00+0200,39090.242175,MW,DE,DE_LU,forecast_load,Forecasted Load,2026-07-27T20:08:22Z
2026-07-27T20:06:34Z,2026-07-27T22:06:34+0200,cc602197-a7f8-43dc-ae7f-8e28dc2e9571,2026-07-25T00:45:00Z,2026-07-25T02:45:00+0200,38881.925253,MW,DE,DE_LU,forecast_load,Forecasted Load,2026-07-27T20:08:22Z
2026-07-27T20:06:34Z,2026-07-27T22:06:34+0200,cc602197-a7f8-43dc-ae7f-8e28dc2e9571,2026-07-25T01:00:00Z,2026-07-25T03:00:00+0200,38721.858905,MW,DE,DE_LU,forecast_load,Forecasted Load,2026-07-27T20:08:22Z
2026-07-27T20:06:34Z,2026-07-27T22:06:34+0200,cc602197-a7f8-43dc-ae7f-8e28dc2e9571,2026-07-25T01:15:00Z,2026-07-25T03:15:00+0200,38537.779969,MW,DE,DE_LU,forecast_load,Forecasted Load,2026-07-27T20:08:22Z
2026-07-27T20:06:34Z,2026-07-27T22:06:34+0200,cc602197-a7f8-43dc-ae7f-8e28dc2e9571,2026-07-25T01:30:00Z,2026-07-25T03:30:00+0200,38409.850855,MW,DE,DE_LU,forecast_load,Forecasted Load,2026-07-27T20:08:22Z
2026-07-27T20:06:34Z,2026-07-27T22:06:34+0200,cc602197-a7f8-43dc-ae7f-8e28dc2e9571,2026-07-25T01:45:00Z,2026-07-25T03:45:00+0200,38271.978862,MW,DE,DE_LU,forecast_load,Forecasted Load,2026-07-27T20:08:22Z
2026-07-27T20:06:34Z,2026-07-27T22:06:34+0200,cc602197-a7f8-43dc-ae7f-8e28dc2e9571,2026-07-25T02:00:00Z,2026-07-25T04:00:00+0200,38335.363952,MW,DE,DE_LU,forecast_load,Forecasted Load,2026-07-27T20:08:22Z
2026-07-27T20:06:34Z,2026-07-27T22:06:34+0200,cc602197-a7f8-43dc-ae7f-8e28dc2e9571,2026-07-25T02:15:00Z,2026-07-25T04:15:00+0200,38339.97085,MW,DE,DE_LU,forecast_load,Forecasted Load,2026-07-27T20:08:22Z
2026-07-27T20:06:34Z,2026-07-27T22:06:34+0200,cc602197-a7f8-43dc-ae7f-8e28dc2e9571,2026-07-25T02:30:00Z,2026-07-25T04:30:00+0200,38407.089679,MW,DE,DE_LU,forecast_load,Forecasted Load,2026-07-27T20:08:22Z
2026-07-27T20:06:34Z,2026-07-27T22:06:34+0200,cc602197-a7f8-43dc-ae7f-8e28dc2e9571,2026-07-25T02:45:00Z,2026-07-25T04:45:00+0200,38460.315945,MW,DE,DE_LU,forecast_load,Forecasted Load,2026-07-27T20:08:22Z
2026-07-27T20:06:34Z,2026-07-27T22:06:34+0200,cc602197-a7f8-43dc-ae7f-8e28dc2e9571,2026-07-25T03:00:00Z,2026-07-25T05:00:00+0200,38670.462538,MW,DE,DE_LU,forecast_load,Forecasted Load,2026-07-27T20:08:22Z
2026-07-27T20:06:34Z,2026-07-27T22:06:34+0200,cc602197-a7f8-43dc-ae7f-8e28dc2e9571,2026-07-25T03:15:00Z,2026-07-25T05:15:00+0200,38869.804342,MW,DE,DE_LU,forecast_load,Forecasted Load,2026-07-27T20:08:22Z
2026-07-27T20:06:34Z,2026-07-27T22:06:34+0200,cc602197-a7f8-43dc-ae7f-8e28dc2e9571,2026-07-25T03:30:00Z,2026-07-25T05:30:00+0200,39958.799148,MW,DE,DE_LU,forecast_load,Forecasted Load,2026-07-27T20:08:22Z
2026-07-27T20:06:34Z,2026-07-27T22:06:34+0200,cc602197-a7f8-43dc-ae7f-8e28dc2e9571,2026-07-25T03:45:00Z,2026-07-25T05:45:00+0200,40203.56984,MW,DE,DE_LU,forecast_load,Forecasted Load,2026-07-27T20:08:22Z
2026-07-27T20:06:34Z,2026-07-27T22:06:34+0200,cc602197-a7f8-43dc-ae7f-8e28dc2e9571,2026-07-25T04:00:00Z,2026-07-25T06:00:00+0200,41303.488599,MW,DE,DE_LU,forecast_load,Forecasted Load,2026-07-27T20:08:22Z
2026-07-27T20:06:34Z,2026-07-27T22:06:34+0200,cc602197-a7f8-43dc-ae7f-8e28dc2e9571,2026-07-25T04:15:00Z,2026-07-25T06:15:00+0200,41730.27009,MW,DE,DE_LU,forecast_load,Forecasted Load,2026-07-27T20:08:22Z
2026-07-27T20:06:34Z,2026-07-27T22:06:34+0200,cc602197-a7f8-43dc-ae7f-8e28dc2e9571,2026-07-25T04:30:00Z,2026-07-25T06:30:00+0200,42046.257854,MW,DE,DE_LU,forecast_load,Forecasted Load,2026-07-27T20:08:22Z
2026-07-27T20:06:34Z,2026-07-27T22:06:34+0200,cc602197-a7f8-43dc-ae7f-8e28dc2e9571,2026-07-25T04:45:00Z,2026-07-25T06:45:00+0200,42571.165214,MW,DE,DE_LU,forecast_load,Forecasted Load,2026-07-27T20:08:22Z
2026-07-27T20:06:34Z,2026-07-27T22:06:34+0200,cc602197-a7f8-43dc-ae7f-8e28dc2e9571,2026-07-25T05:00:00Z,2026-07-25T07:00:00+0200,43163.836626,MW,DE,DE_LU,forecast_load,Forecasted Load,2026-07-27T20:08:22Z
2026-07-27T20:06:34Z,2026-07-27T22:06:34+0200,cc602197-a7f8-43dc-ae7f-8e28dc2e9571,2026-07-25T05:15:00Z,2026-07-25T07:15:00+0200,44162.67769,MW,DE,DE_LU,forecast_load,Forecasted Load,2026-07-27T20:08:22Z
2026-07-27T20:06:34Z,2026-07-27T22:06:34+0200,cc602197-a7f8-43dc-ae7f-8e28dc2e9571,2026-07-25T05:30:00Z,2026-07-25T07:30:00+0200,44856.273089,MW,DE,DE_LU,forecast_load,Forecasted Load,2026-07-27T20:08:22Z
2026-07-27T20:06:34Z,2026-07-27T22:06:34+0200,cc602197-a7f8-43dc-ae7f-8e28dc2e9571,2026-07-25T05:45:00Z,2026-07-25T07:45:00+0200,46151.905084,MW,DE,DE_LU,forecast_load,Forecasted Load,2026-07-27T20:08:22Z
2026-07-27T20:06:34Z,2026-07-27T22:06:34+0200,cc602197-a7f8-43dc-ae7f-8e28dc2e9571,2026-07-25T06:00:00Z,2026-07-25T08:00:00+0200,46254.770556,MW,DE,DE_LU,forecast_load,Forecasted Load,2026-07-27T20:08:22Z
2026-07-27T20:06:34Z,2026-07-27T22:06:34+0200,cc602197-a7f8-43dc-ae7f-8e28dc2e9571,2026-07-25T06:15:00Z,2026-07-25T08:15:00+0200,47043.174786,MW,DE,DE_LU,forecast_load,Forecasted Load,2026-07-27T20:08:22Z
2026-07-27T20:06:34Z,2026-07-27T22:06:34+0200,cc602197-a7f8-43dc-ae7f-8e28dc2e9571,2026-07-25T06:30:00Z,2026-07-25T08:30:00+0200,47808.44638,MW,DE,DE_LU,forecast_load,Forecasted Load,2026-07-27T20:08:22Z
2026-07-27T20:06:34Z,2026-07-27T22:06:34+0200,cc602197-a7f8-43dc-ae7f-8e28dc2e9571,2026-07-25T06:45:00Z,2026-07-25T08:45:00+0200,48622.670736,MW,DE,DE_LU,forecast_load,Forecasted Load,2026-07-27T20:08:22Z
2026-07-27T20:06:34Z,2026-07-27T22:06:34+0200,cc602197-a7f8-43dc-ae7f-8e28dc2e9571,2026-07-25T07:00:00Z,2026-07-25T09:00:00+0200,49027.710735,MW,DE,DE_LU,forecast_load,Forecasted Load,2026-07-27T20:08:22Z
2026-07-27T20:06:34Z,2026-07-27T22:06:34+0200,cc602197-a7f8-43dc-ae7f-8e28dc2e9571,2026-07-25T07:15:00Z,2026-07-25T09:15:00+0200,49440.887409,MW,DE,DE_LU,forecast_load,Forecasted Load,2026-07-27T20:08:22Z
2026-07-27T20:06:34Z,2026-07-27T22:06:34+0200,cc602197-a7f8-43dc-ae7f-8e28dc2e9571,2026-07-25T07:30:00Z,2026-07-25T09:30:00+0200,49932.121055,MW,DE,DE_LU,forecast_load,Forecasted Load,2026-07-27T20:08:22Z
2026-07-27T20:06:34Z,2026-07-27T22:06:34+0200,cc602197-a7f8-43dc-ae7f-8e28dc2e9571,2026-07-25T07:45:00Z,2026-07-25T09:45:00+0200,50520.493735,MW,DE,DE_LU,forecast_load,Forecasted Load,2026-07-27T20:08:22Z
2026-07-27T20:06:34Z,2026-07-27T22:06:34+0200,cc602197-a7f8-43dc-ae7f-8e28dc2e9571,2026-07-25T08:00:00Z,2026-07-25T10:00:00+0200,50877.224427,MW,DE,DE_LU,forecast_load,Forecasted Load,2026-07-27T20:08:22Z
2026-07-27T20:06:34Z,2026-07-27T22:06:34+0200,cc602197-a7f8-43dc-ae7f-8e28dc2e9571,2026-07-25T08:15:00Z,2026-07-25T10:15:00+0200,51091.103143,MW,DE,DE_LU,forecast_load,Forecasted Load,2026-07-27T20:08:22Z
2026-07-27T20:06:34Z,2026-07-27T22:06:34+0200,cc602197-a7f8-43dc-ae7f-8e28dc2e9571,2026-07-25T08:30:00Z,2026-07-25T10:30:00+0200,51133.348379,MW,DE,DE_LU,forecast_load,Forecasted Load,2026-07-27T20:08:22Z
2026-07-27T20:06:34Z,2026-07-27T22:06:34+0200,cc602197-a7f8-43dc-ae7f-8e28dc2e9571,2026-07-25T08:45:00Z,2026-07-25T10:45:00+0200,51446.27203,MW,DE,DE_LU,forecast_load,Forecasted Load,2026-07-27T20:08:22Z
2026-07-27T20:06:34Z,2026-07-27T22:06:34+0200,cc602197-a7f8-43dc-ae7f-8e28dc2e9571,2026-07-25T09:00:00Z,2026-07-25T11:00:00+0200,51416.030482,MW,DE,DE_LU,forecast_load,Forecasted Load,2026-07-27T20:08:22Z
2026-07-27T20:06:34Z,2026-07-27T22:06:34+0200,cc602197-a7f8-43dc-ae7f-8e28dc2e9571,2026-07-25T09:15:00Z,2026-07-25T11:15:00+0200,51204.993831,MW,DE,DE_LU,forecast_load,Forecasted Load,2026-07-27T20:08:22Z
2026-07-27T20:06:34Z,2026-07-27T22:06:34+0200,cc602197-a7f8-43dc-ae7f-8e28dc2e9571,2026-07-25T09:30:00Z,2026-07-25T11:30:00+0200,50863.198364,MW,DE,DE_LU,forecast_load,Forecasted Load,2026-07-27T20:08:22Z
2026-07-27T20:06:34Z,2026-07-27T22:06:34+0200,cc602197-a7f8-43dc-ae7f-8e28dc2e9571,2026-07-25T09:45:00Z,2026-07-25T11:45:00+0200,50783.557623,MW,DE,DE_LU,forecast_load,Forecasted Load,2026-07-27T20:08:22Z
2026-07-27T20:06:34Z,2026-07-27T22:06:34+0200,cc602197-a7f8-43dc-ae7f-8e28dc2e9571,2026-07-25T10:00:00Z,2026-07-25T12:00:00+0200,50428.762842,MW,DE,DE_LU,forecast_load,Forecasted Load,2026-07-27T20:08:22Z
2026-07-27T20:06:34Z,2026-07-27T22:06:34+0200,cc602197-a7f8-43dc-ae7f-8e28dc2e9571,2026-07-25T10:15:00Z,2026-07-25T12:15:00+0200,50337.052108,MW,DE,DE_LU,forecast_load,Forecasted Load,2026-07-27T20:08:22Z
2026-07-27T20:06:34Z,2026-07-27T22:06:34+0200,cc602197-a7f8-43dc-ae7f-8e28dc2e9571,2026-07-25T10:30:00Z,2026-07-25T12:30:00+0200,50470.173477,MW,DE,DE_LU,forecast_load,Forecasted Load,2026-07-27T20:08:22Z
2026-07-27T20:06:34Z,2026-07-27T22:06:34+0200,cc602197-a7f8-43dc-ae7f-8e28dc2e9571,2026-07-25T10:45:00Z,2026-07-25T12:45:00+0200,50087.225937,MW,DE,DE_LU,forecast_load,Forecasted Load,2026-07-27T20:08:22Z
2026-07-27T20:06:34Z,2026-07-27T22:06:34+0200,cc602197-a7f8-43dc-ae7f-8e28dc2e9571,2026-07-25T11:00:00Z,2026-07-25T13:00:00+0200,49615.672396,MW,DE,DE_LU,forecast_load,Forecasted Load,2026-07-27T20:08:22Z
2026-07-27T20:06:34Z,2026-07-27T22:06:34+0200,cc602197-a7f8-43dc-ae7f-8e28dc2e9571,2026-07-25T11:15:00Z,2026-07-25T13:15:00+0200,49528.226402,MW,DE,DE_LU,forecast_load,Forecasted Load,2026-07-27T20:08:22Z
2026-07-27T20:06:34Z,2026-07-27T22:06:34+0200,cc602197-a7f8-43dc-ae7f-8e28dc2e9571,2026-07-25T11:30:00Z,2026-07-25T13:30:00+0200,49058.40578,MW,DE,DE_LU,forecast_load,Forecasted Load,2026-07-27T20:08:22Z
2026-07-27T20:06:34Z,2026-07-27T22:06:34+0200,cc602197-a7f8-43dc-ae7f-8e28dc2e9571,2026-07-25T11:45:00Z,2026-07-25T13:45:00+0200,49109.894616,MW,DE,DE_LU,forecast_load,Forecasted Load,2026-07-27T20:08:22Z
2026-07-27T20:06:34Z,2026-07-27T22:06:34+0200,cc602197-a7f8-43dc-ae7f-8e28dc2e9571,2026-07-25T12:00:00Z,2026-07-25T14:00:00+0200,48918.421541,MW,DE,DE_LU,forecast_load,Forecasted Load,2026-07-27T20:08:22Z
2026-07-27T20:06:34Z,2026-07-27T22:06:34+0200,cc602197-a7f8-43dc-ae7f-8e28dc2e9571,2026-07-25T12:15:00Z,2026-07-25T14:15:00+0200,48474.806078,MW,DE,DE_LU,forecast_load,Forecasted Load,2026-07-27T20:08:22Z
2026-07-27T20:06:34Z,2026-07-27T22:06:34+0200,cc602197-a7f8-43dc-ae7f-8e28dc2e9571,2026-07-25T12:30:00Z,2026-07-25T14:30:00+0200,48422.21418,MW,DE,DE_LU,forecast_load,Forecasted Load,2026-07-27T20:08:22Z
2026-07-27T20:06:34Z,2026-07-27T22:06:34+0200,cc602197-a7f8-43dc-ae7f-8e28dc2e9571,2026-07-25T12:45:00Z,2026-07-25T14:45:00+0200,48102.187824,MW,DE,DE_LU,forecast_load,Forecasted Load,2026-07-27T20:08:22Z
2026-07-27T20:06:34Z,2026-07-27T22:06:34+0200,cc602197-a7f8-43dc-ae7f-8e28dc2e9571,2026-07-25T13:00:00Z,2026-07-25T15:00:00+0200,47970.902373,MW,DE,DE_LU,forecast_load,Forecasted Load,2026-07-27T20:08:22Z
2026-07-27T20:06:34Z,2026-07-27T22:06:34+0200,cc602197-a7f8-43dc-ae7f-8e28dc2e9571,2026-07-25T13:15:00Z,2026-07-25T15:15:00+0200,47931.974462,MW,DE,DE_LU,forecast_load,Forecasted Load,2026-07-27T20:08:22Z
2026-07-27T20:06:34Z,2026-07-27T22:06:34+0200,cc602197-a7f8-43dc-ae7f-8e28dc2e9571,2026-07-25T13:30:00Z,2026-07-25T15:30:00+0200,47695.490974,MW,DE,DE_LU,forecast_load,Forecasted Load,2026-07-27T20:08:22Z
2026-07-27T20:06:34Z,2026-07-27T22:06:34+0200,cc602197-a7f8-43dc-ae7f-8e28dc2e9571,2026-07-25T13:45:00Z,2026-07-25T15:45:00+0200,47002.226043,MW,DE,DE_LU,forecast_load,Forecasted Load,2026-07-27T20:08:22Z
2026-07-27T20:06:34Z,2026-07-27T22:06:34+0200,cc602197-a7f8-43dc-ae7f-8e28dc2e9571,2026-07-25T14:00:00Z,2026-07-25T16:00:00+0200,47973.010452,MW,DE,DE_LU,forecast_load,Forecasted Load,2026-07-27T20:08:22Z
2026-07-27T20:06:34Z,2026-07-27T22:06:34+0200,cc602197-a7f8-43dc-ae7f-8e28dc2e9571,2026-07-25T14:15:00Z,2026-07-25T16:15:00+0200,47964.629273,MW,DE,DE_LU,forecast_load,Forecasted Load,2026-07-27T20:08:22Z
2026-07-27T20:06:34Z,2026-07-27T22:06:34+0200,cc602197-a7f8-43dc-ae7f-8e28dc2e9571,2026-07-25T14:30:00Z,2026-07-25T16:30:00+0200,48313.451907,MW,DE,DE_LU,forecast_load,Forecasted Load,2026-07-27T20:08:22Z
2026-07-27T20:06:34Z,2026-07-27T22:06:34+0200,cc602197-a7f8-43dc-ae7f-8e28dc2e9571,2026-07-25T14:45:00Z,2026-07-25T16:45:00+0200,47923.788596,MW,DE,DE_LU,forecast_load,Forecasted Load,2026-07-27T20:08:22Z
2026-07-27T20:06:34Z,2026-07-27T22:06:34+0200,cc602197-a7f8-43dc-ae7f-8e28dc2e9571,2026-07-25T15:00:00Z,2026-07-25T17:00:00+0200,48539.102147,MW,DE,DE_LU,forecast_load,Forecasted Load,2026-07-27T20:08:22Z
2026-07-27T20:06:34Z,2026-07-27T22:06:34+0200,cc602197-a7f8-43dc-ae7f-8e28dc2e9571,2026-07-25T15:15:00Z,2026-07-25T17:15:00+0200,48396.936693,MW,DE,DE_LU,forecast_load,Forecasted Load,2026-07-27T20:08:22Z
2026-07-27T20:06:34Z,2026-07-27T22:06:34+0200,cc602197-a7f8-43dc-ae7f-8e28dc2e9571,2026-07-25T15:30:00Z,2026-07-25T17:30:00+0200,48724.451657,MW,DE,DE_LU,forecast_load,Forecasted Load,2026-07-27T20:08:22Z
2026-07-27T20:06:34Z,2026-07-27T22:06:34+0200,cc602197-a7f8-43dc-ae7f-8e28dc2e9571,2026-07-25T15:45:00Z,2026-07-25T17:45:00+0200,49130.376741,MW,DE,DE_LU,forecast_load,Forecasted Load,2026-07-27T20:08:22Z
2026-07-27T20:06:34Z,2026-07-27T22:06:34+0200,cc602197-a7f8-43dc-ae7f-8e28dc2e9571,2026-07-25T16:00:00Z,2026-07-25T18:00:00+0200,49383.386967,MW,DE,DE_LU,forecast_load,Forecasted Load,2026-07-27T20:08:22Z
2026-07-27T20:06:34Z,2026-07-27T22:06:34+0200,cc602197-a7f8-43dc-ae7f-8e28dc2e9571,2026-07-25T16:15:00Z,2026-07-25T18:15:00+0200,49387.189709,MW,DE,DE_LU,forecast_load,Forecasted Load,2026-07-27T20:08:22Z
2026-07-27T20:06:34Z,2026-07-27T22:06:34+0200,cc602197-a7f8-43dc-ae7f-8e28dc2e9571,2026-07-25T16:30:00Z,2026-07-25T18:30:00+0200,49016.687338,MW,DE,DE_LU,forecast_load,Forecasted Load,2026-07-27T20:08:22Z
2026-07-27T20:06:34Z,2026-07-27T22:06:34+0200,cc602197-a7f8-43dc-ae7f-8e28dc2e9571,2026-07-25T16:45:00Z,2026-07-25T18:45:00+0200,49242.167159,MW,DE,DE_LU,forecast_load,Forecasted Load,2026-07-27T20:08:22Z
2026-07-27T20:06:34Z,2026-07-27T22:06:34+0200,cc602197-a7f8-43dc-ae7f-8e28dc2e9571,2026-07-25T17:00:00Z,2026-07-25T19:00:00+0200,49435.64421,MW,DE,DE_LU,forecast_load,Forecasted Load,2026-07-27T20:08:22Z
2026-07-27T20:06:34Z,2026-07-27T22:06:34+0200,cc602197-a7f8-43dc-ae7f-8e28dc2e9571,2026-07-25T17:15:00Z,2026-07-25T19:15:00+0200,49376.493711,MW,DE,DE_LU,forecast_load,Forecasted Load,2026-07-27T20:08:22Z
2026-07-27T20:06:34Z,2026-07-27T22:06:34+0200,cc602197-a7f8-43dc-ae7f-8e28dc2e9571,2026-07-25T17:30:00Z,2026-07-25T19:30:00+0200,49342.598546,MW,DE,DE_LU,forecast_load,Forecasted Load,2026-07-27T20:08:22Z
2026-07-27T20:06:34Z,2026-07-27T22:06:34+0200,cc602197-a7f8-43dc-ae7f-8e28dc2e9571,2026-07-25T17:45:00Z,2026-07-25T19:45:00+0200,49049.734248,MW,DE,DE_LU,forecast_load,Forecasted Load,2026-07-27T20:08:22Z
2026-07-27T20:06:34Z,2026-07-27T22:06:34+0200,cc602197-a7f8-43dc-ae7f-8e28dc2e9571,2026-07-25T18:00:00Z,2026-07-25T20:00:00+0200,48844.211887,MW,DE,DE_LU,forecast_load,Forecasted Load,2026-07-27T20:08:22Z
2026-07-27T20:06:34Z,2026-07-27T22:06:34+0200,cc602197-a7f8-43dc-ae7f-8e28dc2e9571,2026-07-25T18:15:00Z,2026-07-25T20:15:00+0200,48466.439286,MW,DE,DE_LU,forecast_load,Forecasted Load,2026-07-27T20:08:22Z
2026-07-27T20:06:34Z,2026-07-27T22:06:34+0200,cc602197-a7f8-43dc-ae7f-8e28dc2e9571,2026-07-25T18:30:00Z,2026-07-25T20:30:00+0200,48020.398955,MW,DE,DE_LU,forecast_load,Forecasted Load,2026-07-27T20:08:22Z
2026-07-27T20:06:34Z,2026-07-27T22:06:34+0200,cc602197-a7f8-43dc-ae7f-8e28dc2e9571,2026-07-25T18:45:00Z,2026-07-25T20:45:00+0200,47287.200563,MW,DE,DE_LU,forecast_load,Forecasted Load,2026-07-27T20:08:22Z
2026-07-27T20:06:34Z,2026-07-27T22:06:34+0200,cc602197-a7f8-43dc-ae7f-8e28dc2e9571,2026-07-25T19:00:00Z,2026-07-25T21:00:00+0200,46582.495224,MW,DE,DE_LU,forecast_load,Forecasted Load,2026-07-27T20:08:22Z
2026-07-27T20:06:34Z,2026-07-27T22:06:34+0200,cc602197-a7f8-43dc-ae7f-8e28dc2e9571,2026-07-25T19:15:00Z,2026-07-25T21:15:00+0200,46334.970078,MW,DE,DE_LU,forecast_load,Forecasted Load,2026-07-27T20:08:22Z
2026-07-27T20:06:34Z,2026-07-27T22:06:34+0200,cc602197-a7f8-43dc-ae7f-8e28dc2e9571,2026-07-25T19:30:00Z,2026-07-25T21:30:00+0200,46117.486295,MW,DE,DE_LU,forecast_load,Forecasted Load,2026-07-27T20:08:22Z
2026-07-27T20:06:34Z,2026-07-27T22:06:34+0200,cc602197-a7f8-43dc-ae7f-8e28dc2e9571,2026-07-25T19:45:00Z,2026-07-25T21:45:00+0200,45688.934629,MW,DE,DE_LU,forecast_load,Forecasted Load,2026-07-27T20:08:22Z
2026-07-27T20:06:34Z,2026-07-27T22:06:34+0200,cc602197-a7f8-43dc-ae7f-8e28dc2e9571,2026-07-25T20:00:00Z,2026-07-25T22:00:00+0200,45508.547133,MW,DE,DE_LU,forecast_load,Forecasted Load,2026-07-27T20:08:22Z
2026-07-27T20:06:34Z,2026-07-27T22:06:34+0200,cc602197-a7f8-43dc-ae7f-8e28dc2e9571,2026-07-25T20:15:00Z,2026-07-25T22:15:00+0200,44927.623916,MW,DE,DE_LU,forecast_load,Forecasted Load,2026-07-27T20:08:22Z
2026-07-27T20:06:34Z,2026-07-27T22:06:34+0200,cc602197-a7f8-43dc-ae7f-8e28dc2e9571,2026-07-25T20:30:00Z,2026-07-25T22:30:00+0200,44296.736711,MW,DE,DE_LU,forecast_load,Forecasted Load,2026-07-27T20:08:22Z
2026-07-27T20:06:34Z,2026-07-27T22:06:34+0200,cc602197-a7f8-43dc-ae7f-8e28dc2e9571,2026-07-25T20:45:00Z,2026-07-25T22:45:00+0200,43729.227082,MW,DE,DE_LU,forecast_load,Forecasted Load,2026-07-27T20:08:22Z
2026-07-27T20:06:34Z,2026-07-27T22:06:34+0200,cc602197-a7f8-43dc-ae7f-8e28dc2e9571,2026-07-25T21:00:00Z,2026-07-25T23:00:00+0200,43157.516095,MW,DE,DE_LU,forecast_load,Forecasted Load,2026-07-27T20:08:22Z
2026-07-27T20:06:34Z,2026-07-27T22:06:34+0200,cc602197-a7f8-43dc-ae7f-8e28dc2e9571,2026-07-25T21:15:00Z,2026-07-25T23:15:00+0200,42529.454584,MW,DE,DE_LU,forecast_load,Forecasted Load,2026-07-27T20:08:22Z
2026-07-27T20:06:34Z,2026-07-27T22:06:34+0200,cc602197-a7f8-43dc-ae7f-8e28dc2e9571,2026-07-25T21:30:00Z,2026-07-25T23:30:00+0200,41996.148401,MW,DE,DE_LU,forecast_load,Forecasted Load,2026-07-27T20:08:22Z
2026-07-27T20:06:34Z,2026-07-27T22:06:34+0200,cc602197-a7f8-43dc-ae7f-8e28dc2e9571,2026-07-25T21:45:00Z,2026-07-25T23:45:00+0200,41565.898883,MW,DE,DE_LU,forecast_load,Forecasted Load,2026-07-27T20:08:22Z
2026-07-27T20:06:34Z,2026-07-27T22:06:34+0200,cc602197-a7f8-43dc-ae7f-8e28dc2e9571,2026-07-25T22:00:00Z,2026-07-26T00:00:00+0200,42081.321065,MW,DE,DE_LU,forecast_load,Forecasted Load,2026-07-27T20:08:22Z
2026-07-27T20:06:34Z,2026-07-27T22:06:34+0200,cc602197-a7f8-43dc-ae7f-8e28dc2e9571,2026-07-25T22:15:00Z,2026-07-26T00:15:00+0200,41366.214023,MW,DE,DE_LU,forecast_load,Forecasted Load,2026-07-27T20:08:22Z
2026-07-27T20:06:34Z,2026-07-27T22:06:34+0200,cc602197-a7f8-43dc-ae7f-8e28dc2e9571,2026-07-25T22:30:00Z,2026-07-26T00:30:00+0200,40915.350002,MW,DE,DE_LU,forecast_load,Forecasted Load,2026-07-27T20:08:22Z
2026-07-27T20:06:34Z,2026-07-27T22:06:34+0200,cc602197-a7f8-43dc-ae7f-8e28dc2e9571,2026-07-25T22:45:00Z,2026-07-26T00:45:00+0200,40632.138471,MW,DE,DE_LU,forecast_load,Forecasted Load,2026-07-27T20:08:22Z
2026-07-27T20:06:34Z,2026-07-27T22:06:34+0200,cc602197-a7f8-43dc-ae7f-8e28dc2e9571,2026-07-25T23:00:00Z,2026-07-26T01:00:00+0200,40149.679559,MW,DE,DE_LU,forecast_load,Forecasted Load,2026-07-27T20:08:22Z
2026-07-27T20:06:34Z,2026-07-27T22:06:34+0200,cc602197-a7f8-43dc-ae7f-8e28dc2e9571,2026-07-25T23:15:00Z,2026-07-26T01:15:00+0200,39599.606078,MW,DE,DE_LU,forecast_load,Forecasted Load,2026-07-27T20:08:22Z
2026-07-27T20:06:34Z,2026-07-27T22:06:34+0200,cc602197-a7f8-43dc-ae7f-8e28dc2e9571,2026-07-25T23:30:00Z,2026-07-26T01:30:00+0200,39244.962738,MW,DE,DE_LU,forecast_load,Forecasted Load,2026-07-27T20:08:22Z
2026-07-27T20:06:34Z,2026-07-27T22:06:34+0200,cc602197-a7f8-43dc-ae7f-8e28dc2e9571,2026-07-25T23:45:00Z,2026-07-26T01:45:00+0200,38934.641086,MW,DE,DE_LU,forecast_load,Forecasted Load,2026-07-27T20:08:22Z
2026-07-27T20:06:34Z,2026-07-27T22:06:34+0200,cc602197-a7f8-43dc-ae7f-8e28dc2e9571,2026-07-26T00:00:00Z,2026-07-26T02:00:00+0200,38778.204844,MW,DE,DE_LU,forecast_load,Forecasted Load,2026-07-27T20:08:22Z
2026-07-27T20:06:34Z,2026-07-27T22:06:34+0200,cc602197-a7f8-43dc-ae7f-8e28dc2e9571,2026-07-26T00:15:00Z,2026-07-26T02:15:00+0200,38694.051218,MW,DE,DE_LU,forecast_load,Forecasted Load,2026-07-27T20:08:22Z
2026-07-27T20:06:34Z,2026-07-27T22:06:34+0200,cc602197-a7f8-43dc-ae7f-8e28dc2e9571,2026-07-26T00:30:00Z,2026-07-26T02:30:00+0200,38519.444279,MW,DE,DE_LU,forecast_load,Forecasted Load,2026-07-27T20:08:22Z
2026-07-27T20:06:34Z,2026-07-27T22:06:34+0200,cc602197-a7f8-43dc-ae7f-8e28dc2e9571,2026-07-26T00:45:00Z,2026-07-26T02:45:00+0200,38476.622491,MW,DE,DE_LU,forecast_load,Forecasted Load,2026-07-27T20:08:22Z
2026-07-27T20:06:34Z,2026-07-27T22:06:34+0200,cc602197-a7f8-43dc-ae7f-8e28dc2e9571,2026-07-26T01:00:00Z,2026-07-26T03:00:00+0200,38425.0076,MW,DE,DE_LU,forecast_load,Forecasted Load,2026-07-27T20:08:22Z
2026-07-27T20:06:34Z,2026-07-27T22:06:34+0200,cc602197-a7f8-43dc-ae7f-8e28dc2e9571,2026-07-26T01:15:00Z,2026-07-26T03:15:00+0200,38092.1573,MW,DE,DE_LU,forecast_load,Forecasted Load,2026-07-27T20:08:22Z
2026-07-27T20:06:34Z,2026-07-27T22:06:34+0200,cc602197-a7f8-43dc-ae7f-8e28dc2e9571,2026-07-26T01:30:00Z,2026-07-26T03:30:00+0200,38123.225129,MW,DE,DE_LU,forecast_load,Forecasted Load,2026-07-27T20:08:22Z
2026-07-27T20:06:34Z,2026-07-27T22:06:34+0200,cc602197-a7f8-43dc-ae7f-8e28dc2e9571,2026-07-26T01:45:00Z,2026-07-26T03:45:00+0200,38105.43318,MW,DE,DE_LU,forecast_load,Forecasted Load,2026-07-27T20:08:22Z
2026-07-27T20:06:34Z,2026-07-27T22:06:34+0200,cc602197-a7f8-43dc-ae7f-8e28dc2e9571,2026-07-26T02:00:00Z,2026-07-26T04:00:00+0200,38009.165746,MW,DE,DE_LU,forecast_load,Forecasted Load,2026-07-27T20:08:22Z
2026-07-27T20:06:34Z,2026-07-27T22:06:34+0200,cc602197-a7f8-43dc-ae7f-8e28dc2e9571,2026-07-26T02:15:00Z,2026-07-26T04:15:00+0200,38167.37473,MW,DE,DE_LU,forecast_load,Forecasted Load,2026-07-27T20:08:22Z
2026-07-27T20:06:34Z,2026-07-27T22:06:34+0200,cc602197-a7f8-43dc-ae7f-8e28dc2e9571,2026-07-26T02:30:00Z,2026-07-26T04:30:00+0200,38181.909973,MW,DE,DE_LU,forecast_load,Forecasted Load,2026-07-27T20:08:22Z
2026-07-27T20:06:34Z,2026-07-27T22:06:34+0200,cc602197-a7f8-43dc-ae7f-8e28dc2e9571,2026-07-26T02:45:00Z,2026-07-26T04:45:00+0200,38318.979001,MW,DE,DE_LU,forecast_load,Forecasted Load,2026-07-27T20:08:22Z
2026-07-27T20:06:34Z,2026-07-27T22:06:34+0200,cc602197-a7f8-43dc-ae7f-8e28dc2e9571,2026-07-26T03:00:00Z,2026-07-26T05:00:00+0200,38642.844395,MW,DE,DE_LU,forecast_load,Forecasted Load,2026-07-27T20:08:22Z
2026-07-27T20:06:34Z,2026-07-27T22:06:34+0200,cc602197-a7f8-43dc-ae7f-8e28dc2e9571,2026-07-26T03:15:00Z,2026-07-26T05:15:00+0200,38825.518883,MW,DE,DE_LU,forecast_load,Forecasted Load,2026-07-27T20:08:22Z
2026-07-27T20:06:34Z,2026-07-27T22:06:34+0200,cc602197-a7f8-43dc-ae7f-8e28dc2e9571,2026-07-26T03:30:00Z,2026-07-26T05:30:00+0200,38677.079527,MW,DE,DE_LU,forecast_load,Forecasted Load,2026-07-27T20:08:22Z
2026-07-27T20:06:34Z,2026-07-27T22:06:34+0200,cc602197-a7f8-43dc-ae7f-8e28dc2e9571,2026-07-26T03:45:00Z,2026-07-26T05:45:00+0200,39035.708409,MW,DE,DE_LU,forecast_load,Forecasted Load,2026-07-27T20:08:22Z
2026-07-27T20:06:34Z,2026-07-27T22:06:34+0200,cc602197-a7f8-43dc-ae7f-8e28dc2e9571,2026-07-26T04:00:00Z,2026-07-26T06:00:00+0200,39600.343657,MW,DE,DE_LU,forecast_load,Forecasted Load,2026-07-27T20:08:22Z
2026-07-27T20:06:34Z,2026-07-27T22:06:34+0200,cc602197-a7f8-43dc-ae7f-8e28dc2e9571,2026-07-26T04:15:00Z,2026-07-26T06:15:00+0200,39940.268523,MW,DE,DE_LU,forecast_load,Forecasted Load,2026-07-27T20:08:22Z
2026-07-27T20:06:34Z,2026-07-27T22:06:34+0200,cc602197-a7f8-43dc-ae7f-8e28dc2e9571,2026-07-26T04:30:00Z,2026-07-26T06:30:00+0200,40792.505772,MW,DE,DE_LU,forecast_load,Forecasted Load,2026-07-27T20:08:22Z
2026-07-27T20:06:34Z,2026-07-27T22:06:34+0200,cc602197-a7f8-43dc-ae7f-8e28dc2e9571,2026-07-26T04:45:00Z,2026-07-26T06:45:00+0200,41085.249277,MW,DE,DE_LU,forecast_load,Forecasted Load,2026-07-27T20:08:22Z
2026-07-27T20:06:34Z,2026-07-27T22:06:34+0200,cc602197-a7f8-43dc-ae7f-8e28dc2e9571,2026-07-26T05:00:00Z,2026-07-26T07:00:00+0200,41643.263675,MW,DE,DE_LU,forecast_load,Forecasted Load,2026-07-27T20:08:22Z
2026-07-27T20:06:34Z,2026-07-27T22:06:34+0200,cc602197-a7f8-43dc-ae7f-8e28dc2e9571,2026-07-26T05:15:00Z,2026-07-26T07:15:00+0200,42229.248969,MW,DE,DE_LU,forecast_load,Forecasted Load,2026-07-27T20:08:22Z
2026-07-27T20:06:34Z,2026-07-27T22:06:34+0200,cc602197-a7f8-43dc-ae7f-8e28dc2e9571,2026-07-26T05:30:00Z,2026-07-26T07:30:00+0200,43020.314333,MW,DE,DE_LU,forecast_load,Forecasted Load,2026-07-27T20:08:22Z
2026-07-27T20:06:34Z,2026-07-27T22:06:34+0200,cc602197-a7f8-43dc-ae7f-8e28dc2e9571,2026-07-26T05:45:00Z,2026-07-26T07:45:00+0200,43760.084272,MW,DE,DE_LU,forecast_load,Forecasted Load,2026-07-27T20:08:22Z
2026-07-27T20:06:34Z,2026-07-27T22:06:34+0200,cc602197-a7f8-43dc-ae7f-8e28dc2e9571,2026-07-26T06:00:00Z,2026-07-26T08:00:00+0200,43820.103264,MW,DE,DE_LU,forecast_load,Forecasted Load,2026-07-27T20:08:22Z
2026-07-27T20:06:34Z,2026-07-27T22:06:34+0200,cc602197-a7f8-43dc-ae7f-8e28dc2e9571,2026-07-26T06:15:00Z,2026-07-26T08:15:00+0200,44697.395074,MW,DE,DE_LU,forecast_load,Forecasted Load,2026-07-27T20:08:22Z
2026-07-27T20:06:34Z,2026-07-27T22:06:34+0200,cc602197-a7f8-43dc-ae7f-8e28dc2e9571,2026-07-26T06:30:00Z,2026-07-26T08:30:00+0200,45383.16308,MW,DE,DE_LU,forecast_load,Forecasted Load,2026-07-27T20:08:22Z
2026-07-27T20:06:34Z,2026-07-27T22:06:34+0200,cc602197-a7f8-43dc-ae7f-8e28dc2e9571,2026-07-26T06:45:00Z,2026-07-26T08:45:00+0200,46012.651386,MW,DE,DE_LU,forecast_load,Forecasted Load,2026-07-27T20:08:22Z
2026-07-27T20:06:34Z,2026-07-27T22:06:34+0200,cc602197-a7f8-43dc-ae7f-8e28dc2e9571,2026-07-26T07:00:00Z,2026-07-26T09:00:00+0200,46418.242477,MW,DE,DE_LU,forecast_load,Forecasted Load,2026-07-27T20:08:22Z
2026-07-27T20:06:34Z,2026-07-27T22:06:34+0200,cc602197-a7f8-43dc-ae7f-8e28dc2e9571,2026-07-26T07:15:00Z,2026-07-26T09:15:00+0200,46927.527391,MW,DE,DE_LU,forecast_load,Forecasted Load,2026-07-27T20:08:22Z
2026-07-27T20:06:34Z,2026-07-27T22:06:34+0200,cc602197-a7f8-43dc-ae7f-8e28dc2e9571,2026-07-26T07:30:00Z,2026-07-26T09:30:00+0200,47051.790987,MW,DE,DE_LU,forecast_load,Forecasted Load,2026-07-27T20:08:22Z
2026-07-27T20:06:34Z,2026-07-27T22:06:34+0200,cc602197-a7f8-43dc-ae7f-8e28dc2e9571,2026-07-26T07:45:00Z,2026-07-26T09:45:00+0200,48060.085943,MW,DE,DE_LU,forecast_load,Forecasted Load,2026-07-27T20:08:22Z
2026-07-27T20:06:34Z,2026-07-27T22:06:34+0200,cc602197-a7f8-43dc-ae7f-8e28dc2e9571,2026-07-26T08:00:00Z,2026-07-26T10:00:00+0200,47973.127999,MW,DE,DE_LU,forecast_load,Forecasted Load,2026-07-27T20:08:22Z
2026-07-27T20:06:34Z,2026-07-27T22:06:34+0200,cc602197-a7f8-43dc-ae7f-8e28dc2e9571,2026-07-26T08:15:00Z,2026-07-26T10:15:00+0200,48586.535346,MW,DE,DE_LU,forecast_load,Forecasted Load,2026-07-27T20:08:22Z
2026-07-27T20:06:34Z,2026-07-27T22:06:34+0200,cc602197-a7f8-43dc-ae7f-8e28dc2e9571,2026-07-26T08:30:00Z,2026-07-26T10:30:00+0200,48566.371967,MW,DE,DE_LU,forecast_load,Forecasted Load,2026-07-27T20:08:22Z
2026-07-27T20:06:34Z,2026-07-27T22:06:34+0200,cc602197-a7f8-43dc-ae7f-8e28dc2e9571,2026-07-26T08:45:00Z,2026-07-26T10:45:00+0200,48697.416729,MW,DE,DE_LU,forecast_load,Forecasted Load,2026-07-27T20:08:22Z
2026-07-27T20:06:34Z,2026-07-27T22:06:34+0200,cc602197-a7f8-43dc-ae7f-8e28dc2e9571,2026-07-26T09:00:00Z,2026-07-26T11:00:00+0200,48587.773082,MW,DE,DE_LU,forecast_load,Forecasted Load,2026-07-27T20:08:22Z
2026-07-27T20:06:34Z,2026-07-27T22:06:34+0200,cc602197-a7f8-43dc-ae7f-8e28dc2e9571,2026-07-26T09:15:00Z,2026-07-26T11:15:00+0200,49017.497272,MW,DE,DE_LU,forecast_load,Forecasted Load,2026-07-27T20:08:22Z
2026-07-27T20:06:34Z,2026-07-27T22:06:34+0200,cc602197-a7f8-43dc-ae7f-8e28dc2e9571,2026-07-26T09:30:00Z,2026-07-26T11:30:00+0200,48936.900429,MW,DE,DE_LU,forecast_load,Forecasted Load,2026-07-27T20:08:22Z
2026-07-27T20:06:34Z,2026-07-27T22:06:34+0200,cc602197-a7f8-43dc-ae7f-8e28dc2e9571,2026-07-26T09:45:00Z,2026-07-26T11:45:00+0200,48992.726532,MW,DE,DE_LU,forecast_load,Forecasted Load,2026-07-27T20:08:22Z
2026-07-27T20:06:34Z,2026-07-27T22:06:34+0200,cc602197-a7f8-43dc-ae7f-8e28dc2e9571,2026-07-26T10:00:00Z,2026-07-26T12:00:00+0200,48900.368404,MW,DE,DE_LU,forecast_load,Forecasted Load,2026-07-27T20:08:22Z
2026-07-27T20:06:34Z,2026-07-27T22:06:34+0200,cc602197-a7f8-43dc-ae7f-8e28dc2e9571,2026-07-26T10:15:00Z,2026-07-26T12:15:00+0200,48141.029498,MW,DE,DE_LU,forecast_load,Forecasted Load,2026-07-27T20:08:22Z
2026-07-27T20:06:34Z,2026-07-27T22:06:34+0200,cc602197-a7f8-43dc-ae7f-8e28dc2e9571,2026-07-26T10:30:00Z,2026-07-26T12:30:00+0200,48076.518169,MW,DE,DE_LU,forecast_load,Forecasted Load,2026-07-27T20:08:22Z
2026-07-27T20:06:34Z,2026-07-27T22:06:34+0200,cc602197-a7f8-43dc-ae7f-8e28dc2e9571,2026-07-26T10:45:00Z,2026-07-26T12:45:00+0200,47772.266428,MW,DE,DE_LU,forecast_load,Forecasted Load,2026-07-27T20:08:22Z
2026-07-27T20:06:34Z,2026-07-27T22:06:34+0200,cc602197-a7f8-43dc-ae7f-8e28dc2e9571,2026-07-26T11:00:00Z,2026-07-26T13:00:00+0200,47657.941511,MW,DE,DE_LU,forecast_load,Forecasted Load,2026-07-27T20:08:22Z
2026-07-27T20:06:34Z,2026-07-27T22:06:34+0200,cc602197-a7f8-43dc-ae7f-8e28dc2e9571,2026-07-26T11:15:00Z,2026-07-26T13:15:00+0200,47556.153748,MW,DE,DE_LU,forecast_load,Forecasted Load,2026-07-27T20:08:22Z
2026-07-27T20:06:34Z,2026-07-27T22:06:34+0200,cc602197-a7f8-43dc-ae7f-8e28dc2e9571,2026-07-26T11:30:00Z,2026-07-26T13:30:00+0200,46895.623484,MW,DE,DE_LU,forecast_load,Forecasted Load,2026-07-27T20:08:22Z
2026-07-27T20:06:34Z,2026-07-27T22:06:34+0200,cc602197-a7f8-43dc-ae7f-8e28dc2e9571,2026-07-26T11:45:00Z,2026-07-26T13:45:00+0200,46641.53993,MW,DE,DE_LU,forecast_load,Forecasted Load,2026-07-27T20:08:22Z
2026-07-27T20:06:34Z,2026-07-27T22:06:34+0200,cc602197-a7f8-43dc-ae7f-8e28dc2e9571,2026-07-26T12:00:00Z,2026-07-26T14:00:00+0200,46616.214475,MW,DE,DE_LU,forecast_load,Forecasted Load,2026-07-27T20:08:22Z
2026-07-27T20:06:34Z,2026-07-27T22:06:34+0200,cc602197-a7f8-43dc-ae7f-8e28dc2e9571,2026-07-26T12:15:00Z,2026-07-26T14:15:00+0200,46449.940676,MW,DE,DE_LU,forecast_load,Forecasted Load,2026-07-27T20:08:22Z
2026-07-27T20:06:34Z,2026-07-27T22:06:34+0200,cc602197-a7f8-43dc-ae7f-8e28dc2e9571,2026-07-26T12:30:00Z,2026-07-26T14:30:00+0200,46399.892439,MW,DE,DE_LU,forecast_load,Forecasted Load,2026-07-27T20:08:22Z
2026-07-27T20:06:34Z,2026-07-27T22:06:34+0200,cc602197-a7f8-43dc-ae7f-8e28dc2e9571,2026-07-26T12:45:00Z,2026-07-26T14:45:00+0200,45930.578057,MW,DE,DE_LU,forecast_load,Forecasted Load,2026-07-27T20:08:22Z
2026-07-27T20:06:34Z,2026-07-27T22:06:34+0200,cc602197-a7f8-43dc-ae7f-8e28dc2e9571,2026-07-26T13:00:00Z,2026-07-26T15:00:00+0200,46319.935429,MW,DE,DE_LU,forecast_load,Forecasted Load,2026-07-27T20:08:22Z
2026-07-27T20:06:34Z,2026-07-27T22:06:34+0200,cc602197-a7f8-43dc-ae7f-8e28dc2e9571,2026-07-26T13:15:00Z,2026-07-26T15:15:00+0200,46040.256001,MW,DE,DE_LU,forecast_load,Forecasted Load,2026-07-27T20:08:22Z
2026-07-27T20:06:34Z,2026-07-27T22:06:34+0200,cc602197-a7f8-43dc-ae7f-8e28dc2e9571,2026-07-26T13:30:00Z,2026-07-26T15:30:00+0200,45791.141544,MW,DE,DE_LU,forecast_load,Forecasted Load,2026-07-27T20:08:22Z
2026-07-27T20:06:34Z,2026-07-27T22:06:34+0200,cc602197-a7f8-43dc-ae7f-8e28dc2e9571,2026-07-26T13:45:00Z,2026-07-26T15:45:00+0200,45801.661477,MW,DE,DE_LU,forecast_load,Forecasted Load,2026-07-27T20:08:22Z
2026-07-27T20:06:34Z,2026-07-27T22:06:34+0200,cc602197-a7f8-43dc-ae7f-8e28dc2e9571,2026-07-26T14:00:00Z,2026-07-26T16:00:00+0200,45781.588647,MW,DE,DE_LU,forecast_load,Forecasted Load,2026-07-27T20:08:22Z
2026-07-27T20:06:34Z,2026-07-27T22:06:34+0200,cc602197-a7f8-43dc-ae7f-8e28dc2e9571,2026-07-26T14:15:00Z,2026-07-26T16:15:00+0200,45869.985663,MW,DE,DE_LU,forecast_load,Forecasted Load,2026-07-27T20:08:22Z
2026-07-27T20:06:34Z,2026-07-27T22:06:34+0200,cc602197-a7f8-43dc-ae7f-8e28dc2e9571,2026-07-26T14:30:00Z,2026-07-26T16:30:00+0200,46041.254623,MW,DE,DE_LU,forecast_load,Forecasted Load,2026-07-27T20:08:22Z
2026-07-27T20:06:34Z,2026-07-27T22:06:34+0200,cc602197-a7f8-43dc-ae7f-8e28dc2e9571,2026-07-26T14:45:00Z,2026-07-26T16:45:00+0200,46165.259374,MW,DE,DE_LU,forecast_load,Forecasted Load,2026-07-27T20:08:22Z
2026-07-27T20:06:34Z,2026-07-27T22:06:34+0200,cc602197-a7f8-43dc-ae7f-8e28dc2e9571,2026-07-26T15:00:00Z,2026-07-26T17:00:00+0200,46924.987536,MW,DE,DE_LU,forecast_load,Forecasted Load,2026-07-27T20:08:22Z
2026-07-27T20:06:34Z,2026-07-27T22:06:34+0200,cc602197-a7f8-43dc-ae7f-8e28dc2e9571,2026-07-26T15:15:00Z,2026-07-26T17:15:00+0200,46516.86644,MW,DE,DE_LU,forecast_load,Forecasted Load,2026-07-27T20:08:22Z
2026-07-27T20:06:34Z,2026-07-27T22:06:34+0200,cc602197-a7f8-43dc-ae7f-8e28dc2e9571,2026-07-26T15:30:00Z,2026-07-26T17:30:00+0200,47117.451245,MW,DE,DE_LU,forecast_load,Forecasted Load,2026-07-27T20:08:22Z
2026-07-27T20:06:34Z,2026-07-27T22:06:34+0200,cc602197-a7f8-43dc-ae7f-8e28dc2e9571,2026-07-26T15:45:00Z,2026-07-26T17:45:00+0200,47440.897963,MW,DE,DE_LU,forecast_load,Forecasted Load,2026-07-27T20:08:22Z
2026-07-27T20:06:34Z,2026-07-27T22:06:34+0200,cc602197-a7f8-43dc-ae7f-8e28dc2e9571,2026-07-26T16:00:00Z,2026-07-26T18:00:00+0200,48095.132732,MW,DE,DE_LU,forecast_load,Forecasted Load,2026-07-27T20:08:22Z
2026-07-27T20:06:34Z,2026-07-27T22:06:34+0200,cc602197-a7f8-43dc-ae7f-8e28dc2e9571,2026-07-26T16:15:00Z,2026-07-26T18:15:00+0200,47710.561572,MW,DE,DE_LU,forecast_load,Forecasted Load,2026-07-27T20:08:22Z
2026-07-27T20:06:34Z,2026-07-27T22:06:34+0200,cc602197-a7f8-43dc-ae7f-8e28dc2e9571,2026-07-26T16:30:00Z,2026-07-26T18:30:00+0200,48234.055618,MW,DE,DE_LU,forecast_load,Forecasted Load,2026-07-27T20:08:22Z
2026-07-27T20:06:34Z,2026-07-27T22:06:34+0200,cc602197-a7f8-43dc-ae7f-8e28dc2e9571,2026-07-26T16:45:00Z,2026-07-26T18:45:00+0200,48858.143912,MW,DE,DE_LU,forecast_load,Forecasted Load,2026-07-27T20:08:22Z
2026-07-27T20:06:34Z,2026-07-27T22:06:34+0200,cc602197-a7f8-43dc-ae7f-8e28dc2e9571,2026-07-26T17:00:00Z,2026-07-26T19:00:00+0200,49645.934453,MW,DE,DE_LU,forecast_load,Forecasted Load,2026-07-27T20:08:22Z
2026-07-27T20:06:34Z,2026-07-27T22:06:34+0200,cc602197-a7f8-43dc-ae7f-8e28dc2e9571,2026-07-26T17:15:00Z,2026-07-26T19:15:00+0200,49775.156056,MW,DE,DE_LU,forecast_load,Forecasted Load,2026-07-27T20:08:22Z
2026-07-27T20:06:34Z,2026-07-27T22:06:34+0200,cc602197-a7f8-43dc-ae7f-8e28dc2e9571,2026-07-26T17:30:00Z,2026-07-26T19:30:00+0200,49689.1521,MW,DE,DE_LU,forecast_load,Forecasted Load,2026-07-27T20:08:22Z
2026-07-27T20:06:34Z,2026-07-27T22:06:34+0200,cc602197-a7f8-43dc-ae7f-8e28dc2e9571,2026-07-26T17:45:00Z,2026-07-26T19:45:00+0200,49600.329053,MW,DE,DE_LU,forecast_load,Forecasted Load,2026-07-27T20:08:22Z
2026-07-27T20:06:34Z,2026-07-27T22:06:34+0200,cc602197-a7f8-43dc-ae7f-8e28dc2e9571,2026-07-26T18:00:00Z,2026-07-26T20:00:00+0200,49384.508354,MW,DE,DE_LU,forecast_load,Forecasted Load,2026-07-27T20:08:22Z
2026-07-27T20:06:34Z,2026-07-27T22:06:34+0200,cc602197-a7f8-43dc-ae7f-8e28dc2e9571,2026-07-26T18:15:00Z,2026-07-26T20:15:00+0200,49273.857164,MW,DE,DE_LU,forecast_load,Forecasted Load,2026-07-27T20:08:22Z
2026-07-27T20:06:34Z,2026-07-27T22:06:34+0200,cc602197-a7f8-43dc-ae7f-8e28dc2e9571,2026-07-26T18:30:00Z,2026-07-26T20:30:00+0200,48946.746649,MW,DE,DE_LU,forecast_load,Forecasted Load,2026-07-27T20:08:22Z
2026-07-27T20:06:34Z,2026-07-27T22:06:34+0200,cc602197-a7f8-43dc-ae7f-8e28dc2e9571,2026-07-26T18:45:00Z,2026-07-26T20:45:00+0200,48703.165367,MW,DE,DE_LU,forecast_load,Forecasted Load,2026-07-27T20:08:22Z
2026-07-27T20:06:34Z,2026-07-27T22:06:34+0200,cc602197-a7f8-43dc-ae7f-8e28dc2e9571,2026-07-26T19:00:00Z,2026-07-26T21:00:00+0200,48622.736627,MW,DE,DE_LU,forecast_load,Forecasted Load,2026-07-27T20:08:22Z
2026-07-27T20:06:34Z,2026-07-27T22:06:34+0200,cc602197-a7f8-43dc-ae7f-8e28dc2e9571,2026-07-26T19:15:00Z,2026-07-26T21:15:00+0200,48429.874546,MW,DE,DE_LU,forecast_load,Forecasted Load,2026-07-27T20:08:22Z
2026-07-27T20:06:34Z,2026-07-27T22:06:34+0200,cc602197-a7f8-43dc-ae7f-8e28dc2e9571,2026-07-26T19:30:00Z,2026-07-26T21:30:00+0200,48316.159777,MW,DE,DE_LU,forecast_load,Forecasted Load,2026-07-27T20:08:22Z
2026-07-27T20:06:34Z,2026-07-27T22:06:34+0200,cc602197-a7f8-43dc-ae7f-8e28dc2e9571,2026-07-26T19:45:00Z,2026-07-26T21:45:00+0200,48089.922026,MW,DE,DE_LU,forecast_load,Forecasted Load,2026-07-27T20:08:22Z
2026-07-27T20:06:34Z,2026-07-27T22:06:34+0200,cc602197-a7f8-43dc-ae7f-8e28dc2e9571,2026-07-26T20:00:00Z,2026-07-26T22:00:00+0200,47609.880209,MW,DE,DE_LU,forecast_load,Forecasted Load,2026-07-27T20:08:22Z
2026-07-27T20:06:34Z,2026-07-27T22:06:34+0200,cc602197-a7f8-43dc-ae7f-8e28dc2e9571,2026-07-26T20:15:00Z,2026-07-26T22:15:00+0200,47220.149229,MW,DE,DE_LU,forecast_load,Forecasted Load,2026-07-27T20:08:22Z
2026-07-27T20:06:34Z,2026-07-27T22:06:34+0200,cc602197-a7f8-43dc-ae7f-8e28dc2e9571,2026-07-26T20:30:00Z,2026-07-26T22:30:00+0200,46678.570757,MW,DE,DE_LU,forecast_load,Forecasted Load,2026-07-27T20:08:22Z
2026-07-27T20:06:34Z,2026-07-27T22:06:34+0200,cc602197-a7f8-43dc-ae7f-8e28dc2e9571,2026-07-26T20:45:00Z,2026-07-26T22:45:00+0200,46185.871097,MW,DE,DE_LU,forecast_load,Forecasted Load,2026-07-27T20:08:22Z
2026-07-27T20:06:34Z,2026-07-27T22:06:34+0200,cc602197-a7f8-43dc-ae7f-8e28dc2e9571,2026-07-26T21:00:00Z,2026-07-26T23:00:00+0200,45295.581735,MW,DE,DE_LU,forecast_load,Forecasted Load,2026-07-27T20:08:22Z
2026-07-27T20:06:34Z,2026-07-27T22:06:34+0200,cc602197-a7f8-43dc-ae7f-8e28dc2e9571,2026-07-26T21:15:00Z,2026-07-26T23:15:00+0200,44785.146937,MW,DE,DE_LU,forecast_load,Forecasted Load,2026-07-27T20:08:22Z
2026-07-27T20:06:34Z,2026-07-27T22:06:34+0200,cc602197-a7f8-43dc-ae7f-8e28dc2e9571,2026-07-26T21:30:00Z,2026-07-26T23:30:00+0200,44193.198106,MW,DE,DE_LU,forecast_load,Forecasted Load,2026-07-27T20:08:22Z
2026-07-27T20:06:34Z,2026-07-27T22:06:34+0200,cc602197-a7f8-43dc-ae7f-8e28dc2e9571,2026-07-26T21:45:00Z,2026-07-26T23:45:00+0200,43839.822101,MW,DE,DE_LU,forecast_load,Forecasted Load,2026-07-27T20:08:22Z
2026-07-27T20:06:34Z,2026-07-27T22:06:34+0200,cc602197-a7f8-43dc-ae7f-8e28dc2e9571,2026-07-26T22:00:00Z,2026-07-27T00:00:00+0200,42559.550765,MW,DE,DE_LU,forecast_load,Forecasted Load,2026-07-27T20:08:22Z
2026-07-27T20:06:34Z,2026-07-27T22:06:34+0200,cc602197-a7f8-43dc-ae7f-8e28dc2e9571,2026-07-26T22:15:00Z,2026-07-27T00:15:00+0200,42078.294607,MW,DE,DE_LU,forecast_load,Forecasted Load,2026-07-27T20:08:22Z
2026-07-27T20:06:34Z,2026-07-27T22:06:34+0200,cc602197-a7f8-43dc-ae7f-8e28dc2e9571,2026-07-26T22:30:00Z,2026-07-27T00:30:00+0200,41886.876627,MW,DE,DE_LU,forecast_load,Forecasted Load,2026-07-27T20:08:22Z
2026-07-27T20:06:34Z,2026-07-27T22:06:34+0200,cc602197-a7f8-43dc-ae7f-8e28dc2e9571,2026-07-26T22:45:00Z,2026-07-27T00:45:00+0200,41569.602024,MW,DE,DE_LU,forecast_load,Forecasted Load,2026-07-27T20:08:22Z
2026-07-27T20:06:34Z,2026-07-27T22:06:34+0200,cc602197-a7f8-43dc-ae7f-8e28dc2e9571,2026-07-26T23:00:00Z,2026-07-27T01:00:00+0200,41247.077522,MW,DE,DE_LU,forecast_load,Forecasted Load,2026-07-27T20:08:22Z
2026-07-27T20:06:34Z,2026-07-27T22:06:34+0200,cc602197-a7f8-43dc-ae7f-8e28dc2e9571,2026-07-26T23:15:00Z,2026-07-27T01:15:00+0200,40955.807687,MW,DE,DE_LU,forecast_load,Forecasted Load,2026-07-27T20:08:22Z
2026-07-27T20:06:34Z,2026-07-27T22:06:34+0200,cc602197-a7f8-43dc-ae7f-8e28dc2e9571,2026-07-26T23:30:00Z,2026-07-27T01:30:00+0200,40713.584719,MW,DE,DE_LU,forecast_load,Forecasted Load,2026-07-27T20:08:22Z
2026-07-27T20:06:34Z,2026-07-27T22:06:34+0200,cc602197-a7f8-43dc-ae7f-8e28dc2e9571,2026-07-26T23:45:00Z,2026-07-27T01:45:00+0200,40407.326199,MW,DE,DE_LU,forecast_load,Forecasted Load,2026-07-27T20:08:22Z
2026-07-27T20:06:34Z,2026-07-27T22:06:34+0200,cc602197-a7f8-43dc-ae7f-8e28dc2e9571,2026-07-27T00:00:00Z,2026-07-27T02:00:00+0200,40292.63893,MW,DE,DE_LU,forecast_load,Forecasted Load,2026-07-27T20:08:22Z
2026-07-27T20:06:34Z,2026-07-27T22:06:34+0200,cc602197-a7f8-43dc-ae7f-8e28dc2e9571,2026-07-27T00:15:00Z,2026-07-27T02:15:00+0200,40165.818646,MW,DE,DE_LU,forecast_load,Forecasted Load,2026-07-27T20:08:22Z
2026-07-27T20:06:34Z,2026-07-27T22:06:34+0200,cc602197-a7f8-43dc-ae7f-8e28dc2e9571,2026-07-27T00:30:00Z,2026-07-27T02:30:00+0200,40060.066557,MW,DE,DE_LU,forecast_load,Forecasted Load,2026-07-27T20:08:22Z
2026-07-27T20:06:34Z,2026-07-27T22:06:34+0200,cc602197-a7f8-43dc-ae7f-8e28dc2e9571,2026-07-27T00:45:00Z,2026-07-27T02:45:00+0200,40044.127731,MW,DE,DE_LU,forecast_load,Forecasted Load,2026-07-27T20:08:22Z
2026-07-27T20:06:34Z,2026-07-27T22:06:34+0200,cc602197-a7f8-43dc-ae7f-8e28dc2e9571,2026-07-27T01:00:00Z,2026-07-27T03:00:00+0200,40068.025679,MW,DE,DE_LU,forecast_load,Forecasted Load,2026-07-27T20:08:22Z
2026-07-27T20:06:34Z,2026-07-27T22:06:34+0200,cc602197-a7f8-43dc-ae7f-8e28dc2e9571,2026-07-27T01:15:00Z,2026-07-27T03:15:00+0200,40037.022957,MW,DE,DE_LU,forecast_load,Forecasted Load,2026-07-27T20:08:22Z
2026-07-27T20:06:34Z,2026-07-27T22:06:34+0200,cc602197-a7f8-43dc-ae7f-8e28dc2e9571,2026-07-27T01:30:00Z,2026-07-27T03:30:00+0200,40126.197587,MW,DE,DE_LU,forecast_load,Forecasted Load,2026-07-27T20:08:22Z
2026-07-27T20:06:34Z,2026-07-27T22:06:34+0200,cc602197-a7f8-43dc-ae7f-8e28dc2e9571,2026-07-27T01:45:00Z,2026-07-27T03:45:00+0200,40347.725039,MW,DE,DE_LU,forecast_load,Forecasted Load,2026-07-27T20:08:22Z
2026-07-27T20:06:34Z,2026-07-27T22:06:34+0200,cc602197-a7f8-43dc-ae7f-8e28dc2e9571,2026-07-27T02:00:00Z,2026-07-27T04:00:00+0200,40858.492031,MW,DE,DE_LU,forecast_load,Forecasted Load,2026-07-27T20:08:22Z
2026-07-27T20:06:34Z,2026-07-27T22:06:34+0200,cc602197-a7f8-43dc-ae7f-8e28dc2e9571,2026-07-27T02:15:00Z,2026-07-27T04:15:00+0200,41016.211689,MW,DE,DE_LU,forecast_load,Forecasted Load,2026-07-27T20:08:22Z
2026-07-27T20:06:34Z,2026-07-27T22:06:34+0200,cc602197-a7f8-43dc-ae7f-8e28dc2e9571,2026-07-27T02:30:00Z,2026-07-27T04:30:00+0200,41544.765702,MW,DE,DE_LU,forecast_load,Forecasted Load,2026-07-27T20:08:22Z
2026-07-27T20:06:34Z,2026-07-27T22:06:34+0200,cc602197-a7f8-43dc-ae7f-8e28dc2e9571,2026-07-27T02:45:00Z,2026-07-27T04:45:00+0200,42197.214546,MW,DE,DE_LU,forecast_load,Forecasted Load,2026-07-27T20:08:22Z
2026-07-27T20:06:34Z,2026-07-27T22:06:34+0200,cc602197-a7f8-43dc-ae7f-8e28dc2e9571,2026-07-27T03:00:00Z,2026-07-27T05:00:00+0200,43546.476857,MW,DE,DE_LU,forecast_load,Forecasted Load,2026-07-27T20:08:22Z
2026-07-27T20:06:34Z,2026-07-27T22:06:34+0200,cc602197-a7f8-43dc-ae7f-8e28dc2e9571,2026-07-27T03:15:00Z,2026-07-27T05:15:00+0200,44215.351038,MW,DE,DE_LU,forecast_load,Forecasted Load,2026-07-27T20:08:22Z
2026-07-27T20:06:34Z,2026-07-27T22:06:34+0200,cc602197-a7f8-43dc-ae7f-8e28dc2e9571,2026-07-27T03:30:00Z,2026-07-27T05:30:00+0200,46313.284194,MW,DE,DE_LU,forecast_load,Forecasted Load,2026-07-27T20:08:22Z
2026-07-27T20:06:34Z,2026-07-27T22:06:34+0200,cc602197-a7f8-43dc-ae7f-8e28dc2e9571,2026-07-27T03:45:00Z,2026-07-27T05:45:00+0200,47458.749196,MW,DE,DE_LU,forecast_load,Forecasted Load,2026-07-27T20:08:22Z
2026-07-27T20:06:34Z,2026-07-27T22:06:34+0200,cc602197-a7f8-43dc-ae7f-8e28dc2e9571,2026-07-27T04:00:00Z,2026-07-27T06:00:00+0200,50086.114956,MW,DE,DE_LU,forecast_load,Forecasted Load,2026-07-27T20:08:22Z
2026-07-27T20:06:34Z,2026-07-27T22:06:34+0200,cc602197-a7f8-43dc-ae7f-8e28dc2e9571,2026-07-27T04:15:00Z,2026-07-27T06:15:00+0200,51267.139495,MW,DE,DE_LU,forecast_load,Forecasted Load,2026-07-27T20:08:22Z
2026-07-27T20:06:34Z,2026-07-27T22:06:34+0200,cc602197-a7f8-43dc-ae7f-8e28dc2e9571,2026-07-27T04:30:00Z,2026-07-27T06:30:00+0200,52960.544139,MW,DE,DE_LU,forecast_load,Forecasted Load,2026-07-27T20:08:22Z
2026-07-27T20:06:34Z,2026-07-27T22:06:34+0200,cc602197-a7f8-43dc-ae7f-8e28dc2e9571,2026-07-27T04:45:00Z,2026-07-27T06:45:00+0200,54384.692696,MW,DE,DE_LU,forecast_load,Forecasted Load,2026-07-27T20:08:22Z
2026-07-27T20:06:34Z,2026-07-27T22:06:34+0200,cc602197-a7f8-43dc-ae7f-8e28dc2e9571,2026-07-27T05:00:00Z,2026-07-27T07:00:00+0200,55864.08008,MW,DE,DE_LU,forecast_load,Forecasted Load,2026-07-27T20:08:22Z
2026-07-27T20:06:34Z,2026-07-27T22:06:34+0200,cc602197-a7f8-43dc-ae7f-8e28dc2e9571,2026-07-27T05:15:00Z,2026-07-27T07:15:00+0200,57121.009611,MW,DE,DE_LU,forecast_load,Forecasted Load,2026-07-27T20:08:22Z
2026-07-27T20:06:34Z,2026-07-27T22:06:34+0200,cc602197-a7f8-43dc-ae7f-8e28dc2e9571,2026-07-27T05:30:00Z,2026-07-27T07:30:00+0200,58535.262775,MW,DE,DE_LU,forecast_load,Forecasted Load,2026-07-27T20:08:22Z
2026-07-27T20:06:34Z,2026-07-27T22:06:34+0200,cc602197-a7f8-43dc-ae7f-8e28dc2e9571,2026-07-27T05:45:00Z,2026-07-27T07:45:00+0200,59398.556797,MW,DE,DE_LU,forecast_load,Forecasted Load,2026-07-27T20:08:22Z
2026-07-27T20:06:34Z,2026-07-27T22:06:34+0200,cc602197-a7f8-43dc-ae7f-8e28dc2e9571,2026-07-27T06:00:00Z,2026-07-27T08:00:00+0200,59908.365599,MW,DE,DE_LU,forecast_load,Forecasted Load,2026-07-27T20:08:22Z
2026-07-27T20:06:34Z,2026-07-27T22:06:34+0200,cc602197-a7f8-43dc-ae7f-8e28dc2e9571,2026-07-27T06:15:00Z,2026-07-27T08:15:00+0200,60537.332171,MW,DE,DE_LU,forecast_load,Forecasted Load,2026-07-27T20:08:22Z
2026-07-27T20:06:34Z,2026-07-27T22:06:34+0200,cc602197-a7f8-43dc-ae7f-8e28dc2e9571,2026-07-27T06:30:00Z,2026-07-27T08:30:00+0200,60846.345029,MW,DE,DE_LU,forecast_load,Forecasted Load,2026-07-27T20:08:22Z
2026-07-27T20:06:34Z,2026-07-27T22:06:34+0200,cc602197-a7f8-43dc-ae7f-8e28dc2e9571,2026-07-27T06:45:00Z,2026-07-27T08:45:00+0200,61279.941277,MW,DE,DE_LU,forecast_load,Forecasted Load,2026-07-27T20:08:22Z
2026-07-27T20:06:34Z,2026-07-27T22:06:34+0200,cc602197-a7f8-43dc-ae7f-8e28dc2e9571,2026-07-27T07:00:00Z,2026-07-27T09:00:00+0200,61114.022716,MW,DE,DE_LU,forecast_load,Forecasted Load,2026-07-27T20:08:22Z
2026-07-27T20:06:34Z,2026-07-27T22:06:34+0200,cc602197-a7f8-43dc-ae7f-8e28dc2e9571,2026-07-27T07:15:00Z,2026-07-27T09:15:00+0200,61173.384212,MW,DE,DE_LU,forecast_load,Forecasted Load,2026-07-27T20:08:22Z
2026-07-27T20:06:34Z,2026-07-27T22:06:34+0200,cc602197-a7f8-43dc-ae7f-8e28dc2e9571,2026-07-27T07:30:00Z,2026-07-27T09:30:00+0200,61574.699655,MW,DE,DE_LU,forecast_load,Forecasted Load,2026-07-27T20:08:22Z
2026-07-27T20:06:34Z,2026-07-27T22:06:34+0200,cc602197-a7f8-43dc-ae7f-8e28dc2e9571,2026-07-27T07:45:00Z,2026-07-27T09:45:00+0200,61457.019071,MW,DE,DE_LU,forecast_load,Forecasted Load,2026-07-27T20:08:22Z
2026-07-27T20:06:34Z,2026-07-27T22:06:34+0200,cc602197-a7f8-43dc-ae7f-8e28dc2e9571,2026-07-27T08:00:00Z,2026-07-27T10:00:00+0200,61247.495565,MW,DE,DE_LU,forecast_load,Forecasted Load,2026-07-27T20:08:22Z
2026-07-27T20:06:34Z,2026-07-27T22:06:34+0200,cc602197-a7f8-43dc-ae7f-8e28dc2e9571,2026-07-27T08:15:00Z,2026-07-27T10:15:00+0200,60993.985326,MW,DE,DE_LU,forecast_load,Forecasted Load,2026-07-27T20:08:22Z
2026-07-27T20:06:34Z,2026-07-27T22:06:34+0200,cc602197-a7f8-43dc-ae7f-8e28dc2e9571,2026-07-27T08:30:00Z,2026-07-27T10:30:00+0200,60826.15618,MW,DE,DE_LU,forecast_load,Forecasted Load,2026-07-27T20:08:22Z
2026-07-27T20:06:34Z,2026-07-27T22:06:34+0200,cc602197-a7f8-43dc-ae7f-8e28dc2e9571,2026-07-27T08:45:00Z,2026-07-27T10:45:00+0200,60855.354222,MW,DE,DE_LU,forecast_load,Forecasted Load,2026-07-27T20:08:22Z
2026-07-27T20:06:34Z,2026-07-27T22:06:34+0200,cc602197-a7f8-43dc-ae7f-8e28dc2e9571,2026-07-27T09:00:00Z,2026-07-27T11:00:00+0200,60878.267927,MW,DE,DE_LU,forecast_load,Forecasted Load,2026-07-27T20:08:22Z
2026-07-27T20:06:34Z,2026-07-27T22:06:34+0200,cc602197-a7f8-43dc-ae7f-8e28dc2e9571,2026-07-27T09:15:00Z,2026-07-27T11:15:00+0200,61061.06918,MW,DE,DE_LU,forecast_load,Forecasted Load,2026-07-27T20:08:22Z
2026-07-27T20:06:34Z,2026-07-27T22:06:34+0200,cc602197-a7f8-43dc-ae7f-8e28dc2e9571,2026-07-27T09:30:00Z,2026-07-27T11:30:00+0200,61032.925786,MW,DE,DE_LU,forecast_load,Forecasted Load,2026-07-27T20:08:22Z
2026-07-27T20:06:34Z,2026-07-27T22:06:34+0200,cc602197-a7f8-43dc-ae7f-8e28dc2e9571,2026-07-27T09:45:00Z,2026-07-27T11:45:00+0200,61093.57036,MW,DE,DE_LU,forecast_load,Forecasted Load,2026-07-27T20:08:22Z
2026-07-27T20:06:34Z,2026-07-27T22:06:34+0200,cc602197-a7f8-43dc-ae7f-8e28dc2e9571,2026-07-27T10:00:00Z,2026-07-27T12:00:00+0200,60489.38321,MW,DE,DE_LU,forecast_load,Forecasted Load,2026-07-27T20:08:22Z
2026-07-27T20:06:34Z,2026-07-27T22:06:34+0200,cc602197-a7f8-43dc-ae7f-8e28dc2e9571,2026-07-27T10:15:00Z,2026-07-27T12:15:00+0200,60037.982834,MW,DE,DE_LU,forecast_load,Forecasted Load,2026-07-27T20:08:22Z
2026-07-27T20:06:34Z,2026-07-27T22:06:34+0200,cc602197-a7f8-43dc-ae7f-8e28dc2e9571,2026-07-27T10:30:00Z,2026-07-27T12:30:00+0200,59895.115205,MW,DE,DE_LU,forecast_load,Forecasted Load,2026-07-27T20:08:22Z
2026-07-27T20:06:34Z,2026-07-27T22:06:34+0200,cc602197-a7f8-43dc-ae7f-8e28dc2e9571,2026-07-27T10:45:00Z,2026-07-27T12:45:00+0200,59690.882257,MW,DE,DE_LU,forecast_load,Forecasted Load,2026-07-27T20:08:22Z
2026-07-27T20:06:34Z,2026-07-27T22:06:34+0200,cc602197-a7f8-43dc-ae7f-8e28dc2e9571,2026-07-27T11:00:00Z,2026-07-27T13:00:00+0200,59254.551807,MW,DE,DE_LU,forecast_load,Forecasted Load,2026-07-27T20:08:22Z
2026-07-27T20:06:34Z,2026-07-27T22:06:34+0200,cc602197-a7f8-43dc-ae7f-8e28dc2e9571,2026-07-27T11:15:00Z,2026-07-27T13:15:00+0200,58988.515137,MW,DE,DE_LU,forecast_load,Forecasted Load,2026-07-27T20:08:22Z
2026-07-27T20:06:34Z,2026-07-27T22:06:34+0200,cc602197-a7f8-43dc-ae7f-8e28dc2e9571,2026-07-27T11:30:00Z,2026-07-27T13:30:00+0200,58722.188632,MW,DE,DE_LU,forecast_load,Forecasted Load,2026-07-27T20:08:22Z
2026-07-27T20:06:34Z,2026-07-27T22:06:34+0200,cc602197-a7f8-43dc-ae7f-8e28dc2e9571,2026-07-27T11:45:00Z,2026-07-27T13:45:00+0200,58606.055901,MW,DE,DE_LU,forecast_load,Forecasted Load,2026-07-27T20:08:22Z
2026-07-27T20:06:34Z,2026-07-27T22:06:34+0200,cc602197-a7f8-43dc-ae7f-8e28dc2e9571,2026-07-27T12:00:00Z,2026-07-27T14:00:00+0200,58629.271002,MW,DE,DE_LU,forecast_load,Forecasted Load,2026-07-27T20:08:22Z
2026-07-27T20:06:34Z,2026-07-27T22:06:34+0200,cc602197-a7f8-43dc-ae7f-8e28dc2e9571,2026-07-27T12:15:00Z,2026-07-27T14:15:00+0200,58589.475535,MW,DE,DE_LU,forecast_load,Forecasted Load,2026-07-27T20:08:22Z
2026-07-27T20:06:34Z,2026-07-27T22:06:34+0200,cc602197-a7f8-43dc-ae7f-8e28dc2e9571,2026-07-27T12:30:00Z,2026-07-27T14:30:00+0200,58186.916475,MW,DE,DE_LU,forecast_load,Forecasted Load,2026-07-27T20:08:22Z
2026-07-27T20:06:34Z,2026-07-27T22:06:34+0200,cc602197-a7f8-43dc-ae7f-8e28dc2e9571,2026-07-27T12:45:00Z,2026-07-27T14:45:00+0200,57931.632319,MW,DE,DE_LU,forecast_load,Forecasted Load,2026-07-27T20:08:22Z
2026-07-27T20:06:34Z,2026-07-27T22:06:34+0200,cc602197-a7f8-43dc-ae7f-8e28dc2e9571,2026-07-27T13:00:00Z,2026-07-27T15:00:00+0200,58022.121943,MW,DE,DE_LU,forecast_load,Forecasted Load,2026-07-27T20:08:22Z
2026-07-27T20:06:34Z,2026-07-27T22:06:34+0200,cc602197-a7f8-43dc-ae7f-8e28dc2e9571,2026-07-27T13:15:00Z,2026-07-27T15:15:00+0200,57490.208209,MW,DE,DE_LU,forecast_load,Forecasted Load,2026-07-27T20:08:22Z
2026-07-27T20:06:34Z,2026-07-27T22:06:34+0200,cc602197-a7f8-43dc-ae7f-8e28dc2e9571,2026-07-27T13:30:00Z,2026-07-27T15:30:00+0200,57193.002186,MW,DE,DE_LU,forecast_load,Forecasted Load,2026-07-27T20:08:22Z
2026-07-27T20:06:34Z,2026-07-27T22:06:34+0200,cc602197-a7f8-43dc-ae7f-8e28dc2e9571,2026-07-27T13:45:00Z,2026-07-27T15:45:00+0200,57055.358884,MW,DE,DE_LU,forecast_load,Forecasted Load,2026-07-27T20:08:22Z
2026-07-27T20:06:34Z,2026-07-27T22:06:34+0200,cc602197-a7f8-43dc-ae7f-8e28dc2e9571,2026-07-27T14:00:00Z,2026-07-27T16:00:00+0200,57738.941225,MW,DE,DE_LU,forecast_load,Forecasted Load,2026-07-27T20:08:22Z
2026-07-27T20:06:34Z,2026-07-27T22:06:34+0200,cc602197-a7f8-43dc-ae7f-8e28dc2e9571,2026-07-27T14:15:00Z,2026-07-27T16:15:00+0200,57724.954564,MW,DE,DE_LU,forecast_load,Forecasted Load,2026-07-27T20:08:22Z
2026-07-27T20:06:34Z,2026-07-27T22:06:34+0200,cc602197-a7f8-43dc-ae7f-8e28dc2e9571,2026-07-27T14:30:00Z,2026-07-27T16:30:00+0200,58044.708279,MW,DE,DE_LU,forecast_load,Forecasted Load,2026-07-27T20:08:22Z
2026-07-27T20:06:34Z,2026-07-27T22:06:34+0200,cc602197-a7f8-43dc-ae7f-8e28dc2e9571,2026-07-27T14:45:00Z,2026-07-27T16:45:00+0200,58051.745186,MW,DE,DE_LU,forecast_load,Forecasted Load,2026-07-27T20:08:22Z
2026-07-27T20:06:34Z,2026-07-27T22:06:34+0200,cc602197-a7f8-43dc-ae7f-8e28dc2e9571,2026-07-27T15:00:00Z,2026-07-27T17:00:00+0200,58447.418005,MW,DE,DE_LU,forecast_load,Forecasted Load,2026-07-27T20:08:22Z
2026-07-27T20:06:34Z,2026-07-27T22:06:34+0200,cc602197-a7f8-43dc-ae7f-8e28dc2e9571,2026-07-27T15:15:00Z,2026-07-27T17:15:00+0200,58433.919278,MW,DE,DE_LU,forecast_load,Forecasted Load,2026-07-27T20:08:22Z
2026-07-27T20:06:34Z,2026-07-27T22:06:34+0200,cc602197-a7f8-43dc-ae7f-8e28dc2e9571,2026-07-27T15:30:00Z,2026-07-27T17:30:00+0200,58988.323089,MW,DE,DE_LU,forecast_load,Forecasted Load,2026-07-27T20:08:22Z
2026-07-27T20:06:34Z,2026-07-27T22:06:34+0200,cc602197-a7f8-43dc-ae7f-8e28dc2e9571,2026-07-27T15:45:00Z,2026-07-27T17:45:00+0200,59313.217018,MW,DE,DE_LU,forecast_load,Forecasted Load,2026-07-27T20:08:22Z
2026-07-27T20:06:34Z,2026-07-27T22:06:34+0200,cc602197-a7f8-43dc-ae7f-8e28dc2e9571,2026-07-27T16:00:00Z,2026-07-27T18:00:00+0200,59054.247622,MW,DE,DE_LU,forecast_load,Forecasted Load,2026-07-27T20:08:22Z
2026-07-27T20:06:34Z,2026-07-27T22:06:34+0200,cc602197-a7f8-43dc-ae7f-8e28dc2e9571,2026-07-27T16:15:00Z,2026-07-27T18:15:00+0200,59036.380407,MW,DE,DE_LU,forecast_load,Forecasted Load,2026-07-27T20:08:22Z
2026-07-27T20:06:34Z,2026-07-27T22:06:34+0200,cc602197-a7f8-43dc-ae7f-8e28dc2e9571,2026-07-27T16:30:00Z,2026-07-27T18:30:00+0200,58884.968941,MW,DE,DE_LU,forecast_load,Forecasted Load,2026-07-27T20:08:22Z
2026-07-27T20:06:34Z,2026-07-27T22:06:34+0200,cc602197-a7f8-43dc-ae7f-8e28dc2e9571,2026-07-27T16:45:00Z,2026-07-27T18:45:00+0200,59119.411476,MW,DE,DE_LU,forecast_load,Forecasted Load,2026-07-27T20:08:22Z
2026-07-27T20:06:34Z,2026-07-27T22:06:34+0200,cc602197-a7f8-43dc-ae7f-8e28dc2e9571,2026-07-27T17:00:00Z,2026-07-27T19:00:00+0200,59001.993598,MW,DE,DE_LU,forecast_load,Forecasted Load,2026-07-27T20:08:22Z
2026-07-27T20:06:34Z,2026-07-27T22:06:34+0200,cc602197-a7f8-43dc-ae7f-8e28dc2e9571,2026-07-27T17:15:00Z,2026-07-27T19:15:00+0200,58683.120594,MW,DE,DE_LU,forecast_load,Forecasted Load,2026-07-27T20:08:22Z
2026-07-27T20:06:34Z,2026-07-27T22:06:34+0200,cc602197-a7f8-43dc-ae7f-8e28dc2e9571,2026-07-27T17:30:00Z,2026-07-27T19:30:00+0200,58291.968482,MW,DE,DE_LU,forecast_load,Forecasted Load,2026-07-27T20:08:22Z
2026-07-27T20:06:34Z,2026-07-27T22:06:34+0200,cc602197-a7f8-43dc-ae7f-8e28dc2e9571,2026-07-27T17:45:00Z,2026-07-27T19:45:00+0200,58151.068027,MW,DE,DE_LU,forecast_load,Forecasted Load,2026-07-27T20:08:22Z
2026-07-27T20:06:34Z,2026-07-27T22:06:34+0200,cc602197-a7f8-43dc-ae7f-8e28dc2e9571,2026-07-27T18:00:00Z,2026-07-27T20:00:00+0200,57633.272025,MW,DE,DE_LU,forecast_load,Forecasted Load,2026-07-27T20:08:22Z
2026-07-27T20:06:34Z,2026-07-27T22:06:34+0200,cc602197-a7f8-43dc-ae7f-8e28dc2e9571,2026-07-27T18:15:00Z,2026-07-27T20:15:00+0200,57053.455327,MW,DE,DE_LU,forecast_load,Forecasted Load,2026-07-27T20:08:22Z
2026-07-27T20:06:34Z,2026-07-27T22:06:34+0200,cc602197-a7f8-43dc-ae7f-8e28dc2e9571,2026-07-27T18:30:00Z,2026-07-27T20:30:00+0200,56492.866772,MW,DE,DE_LU,forecast_load,Forecasted Load,2026-07-27T20:08:22Z
2026-07-27T20:06:34Z,2026-07-27T22:06:34+0200,cc602197-a7f8-43dc-ae7f-8e28dc2e9571,2026-07-27T18:45:00Z,2026-07-27T20:45:00+0200,55978.58814,MW,DE,DE_LU,forecast_load,Forecasted Load,2026-07-27T20:08:22Z
2026-07-27T20:06:34Z,2026-07-27T22:06:34+0200,cc602197-a7f8-43dc-ae7f-8e28dc2e9571,2026-07-27T19:00:00Z,2026-07-27T21:00:00+0200,55276.649904,MW,DE,DE_LU,forecast_load,Forecasted Load,2026-07-27T20:08:22Z
2026-07-27T20:06:34Z,2026-07-27T22:06:34+0200,cc602197-a7f8-43dc-ae7f-8e28dc2e9571,2026-07-27T19:15:00Z,2026-07-27T21:15:00+0200,54592.349374,MW,DE,DE_LU,forecast_load,Forecasted Load,2026-07-27T20:08:22Z
2026-07-27T20:06:34Z,2026-07-27T22:06:34+0200,cc602197-a7f8-43dc-ae7f-8e28dc2e9571,2026-07-27T19:30:00Z,2026-07-27T21:30:00+0200,53953.144879,MW,DE,DE_LU,forecast_load,Forecasted Load,2026-07-27T20:08:22Z
2026-07-27T20:06:34Z,2026-07-27T22:06:34+0200,cc602197-a7f8-43dc-ae7f-8e28dc2e9571,2026-07-27T19:45:00Z,2026-07-27T21:45:00+0200,53477.183455,MW,DE,DE_LU,forecast_load,Forecasted Load,2026-07-27T20:08:22Z
