collection_time_utc,collection_time_local,run_id,timestamp_utc,timestamp_local,value,unit,country,entsoe_area,variable,source,updated_at_utc
2026-06-23T05:41:39Z,2026-06-23T07:41:39+0200,c1c18315-63b2-412d-a1be-e7c0796f2236,2026-05-23T05:45:00Z,2026-05-23T07:45:00+0200,58.99,EUR/MWh,BE,BE,day_ahead_price,value,2026-06-23T05:42:01Z
2026-06-23T05:41:39Z,2026-06-23T07:41:39+0200,c1c18315-63b2-412d-a1be-e7c0796f2236,2026-05-23T06:00:00Z,2026-05-23T08:00:00+0200,96.52,EUR/MWh,BE,BE,day_ahead_price,value,2026-06-23T05:42:01Z
2026-06-23T05:41:39Z,2026-06-23T07:41:39+0200,c1c18315-63b2-412d-a1be-e7c0796f2236,2026-05-23T06:15:00Z,2026-05-23T08:15:00+0200,59.65,EUR/MWh,BE,BE,day_ahead_price,value,2026-06-23T05:42:01Z
2026-06-23T05:41:39Z,2026-06-23T07:41:39+0200,c1c18315-63b2-412d-a1be-e7c0796f2236,2026-05-23T06:30:00Z,2026-05-23T08:30:00+0200,21.95,EUR/MWh,BE,BE,day_ahead_price,value,2026-06-23T05:42:01Z
2026-06-23T05:41:39Z,2026-06-23T07:41:39+0200,c1c18315-63b2-412d-a1be-e7c0796f2236,2026-05-23T06:45:00Z,2026-05-23T08:45:00+0200,6.57,EUR/MWh,BE,BE,day_ahead_price,value,2026-06-23T05:42:01Z
2026-06-23T05:41:39Z,2026-06-23T07:41:39+0200,c1c18315-63b2-412d-a1be-e7c0796f2236,2026-05-23T07:00:00Z,2026-05-23T09:00:00+0200,5.4,EUR/MWh,BE,BE,day_ahead_price,value,2026-06-23T05:42:01Z
2026-06-23T05:41:39Z,2026-06-23T07:41:39+0200,c1c18315-63b2-412d-a1be-e7c0796f2236,2026-05-23T07:15:00Z,2026-05-23T09:15:00+0200,1.0,EUR/MWh,BE,BE,day_ahead_price,value,2026-06-23T05:42:01Z
2026-06-23T05:41:39Z,2026-06-23T07:41:39+0200,c1c18315-63b2-412d-a1be-e7c0796f2236,2026-05-23T07:30:00Z,2026-05-23T09:30:00+0200,0.0,EUR/MWh,BE,BE,day_ahead_price,value,2026-06-23T05:42:01Z
2026-06-23T05:41:39Z,2026-06-23T07:41:39+0200,c1c18315-63b2-412d-a1be-e7c0796f2236,2026-05-23T07:45:00Z,2026-05-23T09:45:00+0200,0.0,EUR/MWh,BE,BE,day_ahead_price,value,2026-06-23T05:42:01Z
2026-06-23T05:41:39Z,2026-06-23T07:41:39+0200,c1c18315-63b2-412d-a1be-e7c0796f2236,2026-05-23T08:00:00Z,2026-05-23T10:00:00+0200,-0.01,EUR/MWh,BE,BE,day_ahead_price,value,2026-06-23T05:42:01Z
2026-06-23T05:41:39Z,2026-06-23T07:41:39+0200,c1c18315-63b2-412d-a1be-e7c0796f2236,2026-05-23T08:15:00Z,2026-05-23T10:15:00+0200,-0.02,EUR/MWh,BE,BE,day_ahead_price,value,2026-06-23T05:42:01Z
2026-06-23T05:41:39Z,2026-06-23T07:41:39+0200,c1c18315-63b2-412d-a1be-e7c0796f2236,2026-05-23T08:30:00Z,2026-05-23T10:30:00+0200,-0.3,EUR/MWh,BE,BE,day_ahead_price,value,2026-06-23T05:42:01Z
2026-06-23T05:41:39Z,2026-06-23T07:41:39+0200,c1c18315-63b2-412d-a1be-e7c0796f2236,2026-05-23T08:45:00Z,2026-05-23T10:45:00+0200,-1.0,EUR/MWh,BE,BE,day_ahead_price,value,2026-06-23T05:42:01Z
2026-06-23T05:41:39Z,2026-06-23T07:41:39+0200,c1c18315-63b2-412d-a1be-e7c0796f2236,2026-05-23T09:00:00Z,2026-05-23T11:00:00+0200,-2.01,EUR/MWh,BE,BE,day_ahead_price,value,2026-06-23T05:42:01Z
2026-06-23T05:41:39Z,2026-06-23T07:41:39+0200,c1c18315-63b2-412d-a1be-e7c0796f2236,2026-05-23T09:15:00Z,2026-05-23T11:15:00+0200,-2.1,EUR/MWh,BE,BE,day_ahead_price,value,2026-06-23T05:42:01Z
2026-06-23T05:41:39Z,2026-06-23T07:41:39+0200,c1c18315-63b2-412d-a1be-e7c0796f2236,2026-05-23T09:30:00Z,2026-05-23T11:30:00+0200,-5.97,EUR/MWh,BE,BE,day_ahead_price,value,2026-06-23T05:42:01Z
2026-06-23T05:41:39Z,2026-06-23T07:41:39+0200,c1c18315-63b2-412d-a1be-e7c0796f2236,2026-05-23T09:45:00Z,2026-05-23T11:45:00+0200,-5.46,EUR/MWh,BE,BE,day_ahead_price,value,2026-06-23T05:42:01Z
2026-06-23T05:41:39Z,2026-06-23T07:41:39+0200,c1c18315-63b2-412d-a1be-e7c0796f2236,2026-05-23T10:00:00Z,2026-05-23T12:00:00+0200,-5.98,EUR/MWh,BE,BE,day_ahead_price,value,2026-06-23T05:42:01Z
2026-06-23T05:41:39Z,2026-06-23T07:41:39+0200,c1c18315-63b2-412d-a1be-e7c0796f2236,2026-05-23T10:15:00Z,2026-05-23T12:15:00+0200,-9.98,EUR/MWh,BE,BE,day_ahead_price,value,2026-06-23T05:42:01Z
2026-06-23T05:41:39Z,2026-06-23T07:41:39+0200,c1c18315-63b2-412d-a1be-e7c0796f2236,2026-05-23T10:30:00Z,2026-05-23T12:30:00+0200,-13.48,EUR/MWh,BE,BE,day_ahead_price,value,2026-06-23T05:42:01Z
2026-06-23T05:41:39Z,2026-06-23T07:41:39+0200,c1c18315-63b2-412d-a1be-e7c0796f2236,2026-05-23T10:45:00Z,2026-05-23T12:45:00+0200,-19.9,EUR/MWh,BE,BE,day_ahead_price,value,2026-06-23T05:42:01Z
2026-06-23T05:41:39Z,2026-06-23T07:41:39+0200,c1c18315-63b2-412d-a1be-e7c0796f2236,2026-05-23T11:00:00Z,2026-05-23T13:00:00+0200,-24.89,EUR/MWh,BE,BE,day_ahead_price,value,2026-06-23T05:42:01Z
2026-06-23T05:41:39Z,2026-06-23T07:41:39+0200,c1c18315-63b2-412d-a1be-e7c0796f2236,2026-05-23T11:15:00Z,2026-05-23T13:15:00+0200,-29.86,EUR/MWh,BE,BE,day_ahead_price,value,2026-06-23T05:42:01Z
2026-06-23T05:41:39Z,2026-06-23T07:41:39+0200,c1c18315-63b2-412d-a1be-e7c0796f2236,2026-05-23T11:30:00Z,2026-05-23T13:30:00+0200,-36.49,EUR/MWh,BE,BE,day_ahead_price,value,2026-06-23T05:42:01Z
2026-06-23T05:41:39Z,2026-06-23T07:41:39+0200,c1c18315-63b2-412d-a1be-e7c0796f2236,2026-05-23T11:45:00Z,2026-05-23T13:45:00+0200,-35.45,EUR/MWh,BE,BE,day_ahead_price,value,2026-06-23T05:42:01Z
2026-06-23T05:41:39Z,2026-06-23T07:41:39+0200,c1c18315-63b2-412d-a1be-e7c0796f2236,2026-05-23T12:00:00Z,2026-05-23T14:00:00+0200,-26.91,EUR/MWh,BE,BE,day_ahead_price,value,2026-06-23T05:42:01Z
2026-06-23T05:41:39Z,2026-06-23T07:41:39+0200,c1c18315-63b2-412d-a1be-e7c0796f2236,2026-05-23T12:15:00Z,2026-05-23T14:15:00+0200,-19.97,EUR/MWh,BE,BE,day_ahead_price,value,2026-06-23T05:42:01Z
2026-06-23T05:41:39Z,2026-06-23T07:41:39+0200,c1c18315-63b2-412d-a1be-e7c0796f2236,2026-05-23T12:30:00Z,2026-05-23T14:30:00+0200,-13.48,EUR/MWh,BE,BE,day_ahead_price,value,2026-06-23T05:42:01Z
2026-06-23T05:41:39Z,2026-06-23T07:41:39+0200,c1c18315-63b2-412d-a1be-e7c0796f2236,2026-05-23T12:45:00Z,2026-05-23T14:45:00+0200,-13.0,EUR/MWh,BE,BE,day_ahead_price,value,2026-06-23T05:42:01Z
2026-06-23T05:41:39Z,2026-06-23T07:41:39+0200,c1c18315-63b2-412d-a1be-e7c0796f2236,2026-05-23T13:00:00Z,2026-05-23T15:00:00+0200,-8.67,EUR/MWh,BE,BE,day_ahead_price,value,2026-06-23T05:42:01Z
2026-06-23T05:41:39Z,2026-06-23T07:41:39+0200,c1c18315-63b2-412d-a1be-e7c0796f2236,2026-05-23T13:15:00Z,2026-05-23T15:15:00+0200,-3.23,EUR/MWh,BE,BE,day_ahead_price,value,2026-06-23T05:42:01Z
2026-06-23T05:41:39Z,2026-06-23T07:41:39+0200,c1c18315-63b2-412d-a1be-e7c0796f2236,2026-05-23T13:30:00Z,2026-05-23T15:30:00+0200,-2.1,EUR/MWh,BE,BE,day_ahead_price,value,2026-06-23T05:42:01Z
2026-06-23T05:41:39Z,2026-06-23T07:41:39+0200,c1c18315-63b2-412d-a1be-e7c0796f2236,2026-05-23T13:45:00Z,2026-05-23T15:45:00+0200,-2.0,EUR/MWh,BE,BE,day_ahead_price,value,2026-06-23T05:42:01Z
2026-06-23T05:41:39Z,2026-06-23T07:41:39+0200,c1c18315-63b2-412d-a1be-e7c0796f2236,2026-05-23T14:00:00Z,2026-05-23T16:00:00+0200,-1.07,EUR/MWh,BE,BE,day_ahead_price,value,2026-06-23T05:42:01Z
2026-06-23T05:41:39Z,2026-06-23T07:41:39+0200,c1c18315-63b2-412d-a1be-e7c0796f2236,2026-05-23T14:15:00Z,2026-05-23T16:15:00+0200,-0.09,EUR/MWh,BE,BE,day_ahead_price,value,2026-06-23T05:42:01Z
2026-06-23T05:41:39Z,2026-06-23T07:41:39+0200,c1c18315-63b2-412d-a1be-e7c0796f2236,2026-05-23T14:30:00Z,2026-05-23T16:30:00+0200,0.0,EUR/MWh,BE,BE,day_ahead_price,value,2026-06-23T05:42:01Z
2026-06-23T05:41:39Z,2026-06-23T07:41:39+0200,c1c18315-63b2-412d-a1be-e7c0796f2236,2026-05-23T14:45:00Z,2026-05-23T16:45:00+0200,0.01,EUR/MWh,BE,BE,day_ahead_price,value,2026-06-23T05:42:01Z
2026-06-23T05:41:39Z,2026-06-23T07:41:39+0200,c1c18315-63b2-412d-a1be-e7c0796f2236,2026-05-23T15:00:00Z,2026-05-23T17:00:00+0200,0.08,EUR/MWh,BE,BE,day_ahead_price,value,2026-06-23T05:42:01Z
2026-06-23T05:41:39Z,2026-06-23T07:41:39+0200,c1c18315-63b2-412d-a1be-e7c0796f2236,2026-05-23T15:15:00Z,2026-05-23T17:15:00+0200,3.29,EUR/MWh,BE,BE,day_ahead_price,value,2026-06-23T05:42:01Z
2026-06-23T05:41:39Z,2026-06-23T07:41:39+0200,c1c18315-63b2-412d-a1be-e7c0796f2236,2026-05-23T15:30:00Z,2026-05-23T17:30:00+0200,48.11,EUR/MWh,BE,BE,day_ahead_price,value,2026-06-23T05:42:01Z
2026-06-23T05:41:39Z,2026-06-23T07:41:39+0200,c1c18315-63b2-412d-a1be-e7c0796f2236,2026-05-23T15:45:00Z,2026-05-23T17:45:00+0200,102.6,EUR/MWh,BE,BE,day_ahead_price,value,2026-06-23T05:42:01Z
2026-06-23T05:41:39Z,2026-06-23T07:41:39+0200,c1c18315-63b2-412d-a1be-e7c0796f2236,2026-05-23T16:00:00Z,2026-05-23T18:00:00+0200,72.08,EUR/MWh,BE,BE,day_ahead_price,value,2026-06-23T05:42:01Z
2026-06-23T05:41:39Z,2026-06-23T07:41:39+0200,c1c18315-63b2-412d-a1be-e7c0796f2236,2026-05-23T16:15:00Z,2026-05-23T18:15:00+0200,99.4,EUR/MWh,BE,BE,day_ahead_price,value,2026-06-23T05:42:01Z
2026-06-23T05:41:39Z,2026-06-23T07:41:39+0200,c1c18315-63b2-412d-a1be-e7c0796f2236,2026-05-23T16:30:00Z,2026-05-23T18:30:00+0200,117.4,EUR/MWh,BE,BE,day_ahead_price,value,2026-06-23T05:42:01Z
2026-06-23T05:41:39Z,2026-06-23T07:41:39+0200,c1c18315-63b2-412d-a1be-e7c0796f2236,2026-05-23T16:45:00Z,2026-05-23T18:45:00+0200,138.71,EUR/MWh,BE,BE,day_ahead_price,value,2026-06-23T05:42:01Z
2026-06-23T05:41:39Z,2026-06-23T07:41:39+0200,c1c18315-63b2-412d-a1be-e7c0796f2236,2026-05-23T17:00:00Z,2026-05-23T19:00:00+0200,109.44,EUR/MWh,BE,BE,day_ahead_price,value,2026-06-23T05:42:01Z
2026-06-23T05:41:39Z,2026-06-23T07:41:39+0200,c1c18315-63b2-412d-a1be-e7c0796f2236,2026-05-23T17:15:00Z,2026-05-23T19:15:00+0200,126.09,EUR/MWh,BE,BE,day_ahead_price,value,2026-06-23T05:42:01Z
2026-06-23T05:41:39Z,2026-06-23T07:41:39+0200,c1c18315-63b2-412d-a1be-e7c0796f2236,2026-05-23T17:30:00Z,2026-05-23T19:30:00+0200,140.0,EUR/MWh,BE,BE,day_ahead_price,value,2026-06-23T05:42:01Z
2026-06-23T05:41:39Z,2026-06-23T07:41:39+0200,c1c18315-63b2-412d-a1be-e7c0796f2236,2026-05-23T17:45:00Z,2026-05-23T19:45:00+0200,162.62,EUR/MWh,BE,BE,day_ahead_price,value,2026-06-23T05:42:01Z
2026-06-23T05:41:39Z,2026-06-23T07:41:39+0200,c1c18315-63b2-412d-a1be-e7c0796f2236,2026-05-23T18:00:00Z,2026-05-23T20:00:00+0200,141.52,EUR/MWh,BE,BE,day_ahead_price,value,2026-06-23T05:42:01Z
2026-06-23T05:41:39Z,2026-06-23T07:41:39+0200,c1c18315-63b2-412d-a1be-e7c0796f2236,2026-05-23T18:15:00Z,2026-05-23T20:15:00+0200,150.31,EUR/MWh,BE,BE,day_ahead_price,value,2026-06-23T05:42:01Z
2026-06-23T05:41:39Z,2026-06-23T07:41:39+0200,c1c18315-63b2-412d-a1be-e7c0796f2236,2026-05-23T18:30:00Z,2026-05-23T20:30:00+0200,167.86,EUR/MWh,BE,BE,day_ahead_price,value,2026-06-23T05:42:01Z
2026-06-23T05:41:39Z,2026-06-23T07:41:39+0200,c1c18315-63b2-412d-a1be-e7c0796f2236,2026-05-23T18:45:00Z,2026-05-23T20:45:00+0200,175.17,EUR/MWh,BE,BE,day_ahead_price,value,2026-06-23T05:42:01Z
2026-06-23T05:41:39Z,2026-06-23T07:41:39+0200,c1c18315-63b2-412d-a1be-e7c0796f2236,2026-05-23T19:00:00Z,2026-05-23T21:00:00+0200,161.0,EUR/MWh,BE,BE,day_ahead_price,value,2026-06-23T05:42:01Z
2026-06-23T05:41:39Z,2026-06-23T07:41:39+0200,c1c18315-63b2-412d-a1be-e7c0796f2236,2026-05-23T19:15:00Z,2026-05-23T21:15:00+0200,165.0,EUR/MWh,BE,BE,day_ahead_price,value,2026-06-23T05:42:01Z
2026-06-23T05:41:39Z,2026-06-23T07:41:39+0200,c1c18315-63b2-412d-a1be-e7c0796f2236,2026-05-23T19:30:00Z,2026-05-23T21:30:00+0200,167.57,EUR/MWh,BE,BE,day_ahead_price,value,2026-06-23T05:42:01Z
2026-06-23T05:41:39Z,2026-06-23T07:41:39+0200,c1c18315-63b2-412d-a1be-e7c0796f2236,2026-05-23T19:45:00Z,2026-05-23T21:45:00+0200,159.73,EUR/MWh,BE,BE,day_ahead_price,value,2026-06-23T05:42:01Z
2026-06-23T05:41:39Z,2026-06-23T07:41:39+0200,c1c18315-63b2-412d-a1be-e7c0796f2236,2026-05-23T20:00:00Z,2026-05-23T22:00:00+0200,170.76,EUR/MWh,BE,BE,day_ahead_price,value,2026-06-23T05:42:01Z
2026-06-23T05:41:39Z,2026-06-23T07:41:39+0200,c1c18315-63b2-412d-a1be-e7c0796f2236,2026-05-23T20:15:00Z,2026-05-23T22:15:00+0200,150.71,EUR/MWh,BE,BE,day_ahead_price,value,2026-06-23T05:42:01Z
2026-06-23T05:41:39Z,2026-06-23T07:41:39+0200,c1c18315-63b2-412d-a1be-e7c0796f2236,2026-05-23T20:30:00Z,2026-05-23T22:30:00+0200,143.27,EUR/MWh,BE,BE,day_ahead_price,value,2026-06-23T05:42:01Z
2026-06-23T05:41:39Z,2026-06-23T07:41:39+0200,c1c18315-63b2-412d-a1be-e7c0796f2236,2026-05-23T20:45:00Z,2026-05-23T22:45:00+0200,131.98,EUR/MWh,BE,BE,day_ahead_price,value,2026-06-23T05:42:01Z
2026-06-23T05:41:39Z,2026-06-23T07:41:39+0200,c1c18315-63b2-412d-a1be-e7c0796f2236,2026-05-23T21:00:00Z,2026-05-23T23:00:00+0200,145.04,EUR/MWh,BE,BE,day_ahead_price,value,2026-06-23T05:42:01Z
2026-06-23T05:41:39Z,2026-06-23T07:41:39+0200,c1c18315-63b2-412d-a1be-e7c0796f2236,2026-05-23T21:15:00Z,2026-05-23T23:15:00+0200,139.63,EUR/MWh,BE,BE,day_ahead_price,value,2026-06-23T05:42:01Z
2026-06-23T05:41:39Z,2026-06-23T07:41:39+0200,c1c18315-63b2-412d-a1be-e7c0796f2236,2026-05-23T21:30:00Z,2026-05-23T23:30:00+0200,130.71,EUR/MWh,BE,BE,day_ahead_price,value,2026-06-23T05:42:01Z
2026-06-23T05:41:39Z,2026-06-23T07:41:39+0200,c1c18315-63b2-412d-a1be-e7c0796f2236,2026-05-23T21:45:00Z,2026-05-23T23:45:00+0200,127.14,EUR/MWh,BE,BE,day_ahead_price,value,2026-06-23T05:42:01Z
2026-06-23T05:41:39Z,2026-06-23T07:41:39+0200,c1c18315-63b2-412d-a1be-e7c0796f2236,2026-05-23T22:00:00Z,2026-05-24T00:00:00+0200,142.3,EUR/MWh,BE,BE,day_ahead_price,value,2026-06-23T05:42:01Z
2026-06-23T05:41:39Z,2026-06-23T07:41:39+0200,c1c18315-63b2-412d-a1be-e7c0796f2236,2026-05-23T22:15:00Z,2026-05-24T00:15:00+0200,138.85,EUR/MWh,BE,BE,day_ahead_price,value,2026-06-23T05:42:01Z
2026-06-23T05:41:39Z,2026-06-23T07:41:39+0200,c1c18315-63b2-412d-a1be-e7c0796f2236,2026-05-23T22:30:00Z,2026-05-24T00:30:00+0200,129.99,EUR/MWh,BE,BE,day_ahead_price,value,2026-06-23T05:42:01Z
2026-06-23T05:41:39Z,2026-06-23T07:41:39+0200,c1c18315-63b2-412d-a1be-e7c0796f2236,2026-05-23T22:45:00Z,2026-05-24T00:45:00+0200,123.2,EUR/MWh,BE,BE,day_ahead_price,value,2026-06-23T05:42:01Z
2026-06-23T05:41:39Z,2026-06-23T07:41:39+0200,c1c18315-63b2-412d-a1be-e7c0796f2236,2026-05-23T23:00:00Z,2026-05-24T01:00:00+0200,136.87,EUR/MWh,BE,BE,day_ahead_price,value,2026-06-23T05:42:01Z
2026-06-23T05:41:39Z,2026-06-23T07:41:39+0200,c1c18315-63b2-412d-a1be-e7c0796f2236,2026-05-23T23:15:00Z,2026-05-24T01:15:00+0200,136.08,EUR/MWh,BE,BE,day_ahead_price,value,2026-06-23T05:42:01Z
2026-06-23T05:41:39Z,2026-06-23T07:41:39+0200,c1c18315-63b2-412d-a1be-e7c0796f2236,2026-05-23T23:30:00Z,2026-05-24T01:30:00+0200,130.0,EUR/MWh,BE,BE,day_ahead_price,value,2026-06-23T05:42:01Z
2026-06-23T05:41:39Z,2026-06-23T07:41:39+0200,c1c18315-63b2-412d-a1be-e7c0796f2236,2026-05-23T23:45:00Z,2026-05-24T01:45:00+0200,127.34,EUR/MWh,BE,BE,day_ahead_price,value,2026-06-23T05:42:01Z
2026-06-23T05:41:39Z,2026-06-23T07:41:39+0200,c1c18315-63b2-412d-a1be-e7c0796f2236,2026-05-24T00:00:00Z,2026-05-24T02:00:00+0200,127.99,EUR/MWh,BE,BE,day_ahead_price,value,2026-06-23T05:42:01Z
2026-06-23T05:41:39Z,2026-06-23T07:41:39+0200,c1c18315-63b2-412d-a1be-e7c0796f2236,2026-05-24T00:15:00Z,2026-05-24T02:15:00+0200,125.0,EUR/MWh,BE,BE,day_ahead_price,value,2026-06-23T05:42:01Z
2026-06-23T05:41:39Z,2026-06-23T07:41:39+0200,c1c18315-63b2-412d-a1be-e7c0796f2236,2026-05-24T00:30:00Z,2026-05-24T02:30:00+0200,125.35,EUR/MWh,BE,BE,day_ahead_price,value,2026-06-23T05:42:01Z
2026-06-23T05:41:39Z,2026-06-23T07:41:39+0200,c1c18315-63b2-412d-a1be-e7c0796f2236,2026-05-24T00:45:00Z,2026-05-24T02:45:00+0200,120.9,EUR/MWh,BE,BE,day_ahead_price,value,2026-06-23T05:42:01Z
2026-06-23T05:41:39Z,2026-06-23T07:41:39+0200,c1c18315-63b2-412d-a1be-e7c0796f2236,2026-05-24T01:00:00Z,2026-05-24T03:00:00+0200,126.04,EUR/MWh,BE,BE,day_ahead_price,value,2026-06-23T05:42:01Z
2026-06-23T05:41:39Z,2026-06-23T07:41:39+0200,c1c18315-63b2-412d-a1be-e7c0796f2236,2026-05-24T01:15:00Z,2026-05-24T03:15:00+0200,125.4,EUR/MWh,BE,BE,day_ahead_price,value,2026-06-23T05:42:01Z
2026-06-23T05:41:39Z,2026-06-23T07:41:39+0200,c1c18315-63b2-412d-a1be-e7c0796f2236,2026-05-24T01:30:00Z,2026-05-24T03:30:00+0200,124.14,EUR/MWh,BE,BE,day_ahead_price,value,2026-06-23T05:42:01Z
2026-06-23T05:41:39Z,2026-06-23T07:41:39+0200,c1c18315-63b2-412d-a1be-e7c0796f2236,2026-05-24T01:45:00Z,2026-05-24T03:45:00+0200,120.42,EUR/MWh,BE,BE,day_ahead_price,value,2026-06-23T05:42:01Z
2026-06-23T05:41:39Z,2026-06-23T07:41:39+0200,c1c18315-63b2-412d-a1be-e7c0796f2236,2026-05-24T02:00:00Z,2026-05-24T04:00:00+0200,120.14,EUR/MWh,BE,BE,day_ahead_price,value,2026-06-23T05:42:01Z
2026-06-23T05:41:39Z,2026-06-23T07:41:39+0200,c1c18315-63b2-412d-a1be-e7c0796f2236,2026-05-24T02:15:00Z,2026-05-24T04:15:00+0200,120.8,EUR/MWh,BE,BE,day_ahead_price,value,2026-06-23T05:42:01Z
2026-06-23T05:41:39Z,2026-06-23T07:41:39+0200,c1c18315-63b2-412d-a1be-e7c0796f2236,2026-05-24T02:30:00Z,2026-05-24T04:30:00+0200,124.64,EUR/MWh,BE,BE,day_ahead_price,value,2026-06-23T05:42:01Z
2026-06-23T05:41:39Z,2026-06-23T07:41:39+0200,c1c18315-63b2-412d-a1be-e7c0796f2236,2026-05-24T02:45:00Z,2026-05-24T04:45:00+0200,123.71,EUR/MWh,BE,BE,day_ahead_price,value,2026-06-23T05:42:01Z
2026-06-23T05:41:39Z,2026-06-23T07:41:39+0200,c1c18315-63b2-412d-a1be-e7c0796f2236,2026-05-24T03:00:00Z,2026-05-24T05:00:00+0200,124.33,EUR/MWh,BE,BE,day_ahead_price,value,2026-06-23T05:42:01Z
2026-06-23T05:41:39Z,2026-06-23T07:41:39+0200,c1c18315-63b2-412d-a1be-e7c0796f2236,2026-05-24T03:15:00Z,2026-05-24T05:15:00+0200,120.0,EUR/MWh,BE,BE,day_ahead_price,value,2026-06-23T05:42:01Z
2026-06-23T05:41:39Z,2026-06-23T07:41:39+0200,c1c18315-63b2-412d-a1be-e7c0796f2236,2026-05-24T03:30:00Z,2026-05-24T05:30:00+0200,115.16,EUR/MWh,BE,BE,day_ahead_price,value,2026-06-23T05:42:01Z
2026-06-23T05:41:39Z,2026-06-23T07:41:39+0200,c1c18315-63b2-412d-a1be-e7c0796f2236,2026-05-24T03:45:00Z,2026-05-24T05:45:00+0200,113.48,EUR/MWh,BE,BE,day_ahead_price,value,2026-06-23T05:42:01Z
2026-06-23T05:41:39Z,2026-06-23T07:41:39+0200,c1c18315-63b2-412d-a1be-e7c0796f2236,2026-05-24T04:00:00Z,2026-05-24T06:00:00+0200,119.17,EUR/MWh,BE,BE,day_ahead_price,value,2026-06-23T05:42:01Z
2026-06-23T05:41:39Z,2026-06-23T07:41:39+0200,c1c18315-63b2-412d-a1be-e7c0796f2236,2026-05-24T04:15:00Z,2026-05-24T06:15:00+0200,121.12,EUR/MWh,BE,BE,day_ahead_price,value,2026-06-23T05:42:01Z
2026-06-23T05:41:39Z,2026-06-23T07:41:39+0200,c1c18315-63b2-412d-a1be-e7c0796f2236,2026-05-24T04:30:00Z,2026-05-24T06:30:00+0200,112.44,EUR/MWh,BE,BE,day_ahead_price,value,2026-06-23T05:42:01Z
2026-06-23T05:41:39Z,2026-06-23T07:41:39+0200,c1c18315-63b2-412d-a1be-e7c0796f2236,2026-05-24T04:45:00Z,2026-05-24T06:45:00+0200,125.07,EUR/MWh,BE,BE,day_ahead_price,value,2026-06-23T05:42:01Z
2026-06-23T05:41:39Z,2026-06-23T07:41:39+0200,c1c18315-63b2-412d-a1be-e7c0796f2236,2026-05-24T05:00:00Z,2026-05-24T07:00:00+0200,153.87,EUR/MWh,BE,BE,day_ahead_price,value,2026-06-23T05:42:01Z
2026-06-23T05:41:39Z,2026-06-23T07:41:39+0200,c1c18315-63b2-412d-a1be-e7c0796f2236,2026-05-24T05:15:00Z,2026-05-24T07:15:00+0200,153.33,EUR/MWh,BE,BE,day_ahead_price,value,2026-06-23T05:42:01Z
2026-06-23T05:41:39Z,2026-06-23T07:41:39+0200,c1c18315-63b2-412d-a1be-e7c0796f2236,2026-05-24T05:30:00Z,2026-05-24T07:30:00+0200,108.96,EUR/MWh,BE,BE,day_ahead_price,value,2026-06-23T05:42:01Z
2026-06-23T05:41:39Z,2026-06-23T07:41:39+0200,c1c18315-63b2-412d-a1be-e7c0796f2236,2026-05-24T05:45:00Z,2026-05-24T07:45:00+0200,82.0,EUR/MWh,BE,BE,day_ahead_price,value,2026-06-23T05:42:01Z
2026-06-23T05:41:39Z,2026-06-23T07:41:39+0200,c1c18315-63b2-412d-a1be-e7c0796f2236,2026-05-24T06:00:00Z,2026-05-24T08:00:00+0200,120.54,EUR/MWh,BE,BE,day_ahead_price,value,2026-06-23T05:42:01Z
2026-06-23T05:41:39Z,2026-06-23T07:41:39+0200,c1c18315-63b2-412d-a1be-e7c0796f2236,2026-05-24T06:15:00Z,2026-05-24T08:15:00+0200,7.96,EUR/MWh,BE,BE,day_ahead_price,value,2026-06-23T05:42:01Z
2026-06-23T05:41:39Z,2026-06-23T07:41:39+0200,c1c18315-63b2-412d-a1be-e7c0796f2236,2026-05-24T06:30:00Z,2026-05-24T08:30:00+0200,0.49,EUR/MWh,BE,BE,day_ahead_price,value,2026-06-23T05:42:01Z
2026-06-23T05:41:39Z,2026-06-23T07:41:39+0200,c1c18315-63b2-412d-a1be-e7c0796f2236,2026-05-24T06:45:00Z,2026-05-24T08:45:00+0200,0.0,EUR/MWh,BE,BE,day_ahead_price,value,2026-06-23T05:42:01Z
2026-06-23T05:41:39Z,2026-06-23T07:41:39+0200,c1c18315-63b2-412d-a1be-e7c0796f2236,2026-05-24T07:00:00Z,2026-05-24T09:00:00+0200,0.01,EUR/MWh,BE,BE,day_ahead_price,value,2026-06-23T05:42:01Z
2026-06-23T05:41:39Z,2026-06-23T07:41:39+0200,c1c18315-63b2-412d-a1be-e7c0796f2236,2026-05-24T07:15:00Z,2026-05-24T09:15:00+0200,0.0,EUR/MWh,BE,BE,day_ahead_price,value,2026-06-23T05:42:01Z
2026-06-23T05:41:39Z,2026-06-23T07:41:39+0200,c1c18315-63b2-412d-a1be-e7c0796f2236,2026-05-24T07:30:00Z,2026-05-24T09:30:00+0200,-0.01,EUR/MWh,BE,BE,day_ahead_price,value,2026-06-23T05:42:01Z
2026-06-23T05:41:39Z,2026-06-23T07:41:39+0200,c1c18315-63b2-412d-a1be-e7c0796f2236,2026-05-24T07:45:00Z,2026-05-24T09:45:00+0200,-0.11,EUR/MWh,BE,BE,day_ahead_price,value,2026-06-23T05:42:01Z
2026-06-23T05:41:39Z,2026-06-23T07:41:39+0200,c1c18315-63b2-412d-a1be-e7c0796f2236,2026-05-24T08:00:00Z,2026-05-24T10:00:00+0200,-0.11,EUR/MWh,BE,BE,day_ahead_price,value,2026-06-23T05:42:01Z
2026-06-23T05:41:39Z,2026-06-23T07:41:39+0200,c1c18315-63b2-412d-a1be-e7c0796f2236,2026-05-24T08:15:00Z,2026-05-24T10:15:00+0200,-0.9,EUR/MWh,BE,BE,day_ahead_price,value,2026-06-23T05:42:01Z
2026-06-23T05:41:39Z,2026-06-23T07:41:39+0200,c1c18315-63b2-412d-a1be-e7c0796f2236,2026-05-24T08:30:00Z,2026-05-24T10:30:00+0200,-3.0,EUR/MWh,BE,BE,day_ahead_price,value,2026-06-23T05:42:01Z
2026-06-23T05:41:39Z,2026-06-23T07:41:39+0200,c1c18315-63b2-412d-a1be-e7c0796f2236,2026-05-24T08:45:00Z,2026-05-24T10:45:00+0200,-6.0,EUR/MWh,BE,BE,day_ahead_price,value,2026-06-23T05:42:01Z
2026-06-23T05:41:39Z,2026-06-23T07:41:39+0200,c1c18315-63b2-412d-a1be-e7c0796f2236,2026-05-24T09:00:00Z,2026-05-24T11:00:00+0200,-5.99,EUR/MWh,BE,BE,day_ahead_price,value,2026-06-23T05:42:01Z
2026-06-23T05:41:39Z,2026-06-23T07:41:39+0200,c1c18315-63b2-412d-a1be-e7c0796f2236,2026-05-24T09:15:00Z,2026-05-24T11:15:00+0200,-11.28,EUR/MWh,BE,BE,day_ahead_price,value,2026-06-23T05:42:01Z
2026-06-23T05:41:39Z,2026-06-23T07:41:39+0200,c1c18315-63b2-412d-a1be-e7c0796f2236,2026-05-24T09:30:00Z,2026-05-24T11:30:00+0200,-14.36,EUR/MWh,BE,BE,day_ahead_price,value,2026-06-23T05:42:01Z
2026-06-23T05:41:39Z,2026-06-23T07:41:39+0200,c1c18315-63b2-412d-a1be-e7c0796f2236,2026-05-24T09:45:00Z,2026-05-24T11:45:00+0200,-23.55,EUR/MWh,BE,BE,day_ahead_price,value,2026-06-23T05:42:01Z
2026-06-23T05:41:39Z,2026-06-23T07:41:39+0200,c1c18315-63b2-412d-a1be-e7c0796f2236,2026-05-24T10:00:00Z,2026-05-24T12:00:00+0200,-19.53,EUR/MWh,BE,BE,day_ahead_price,value,2026-06-23T05:42:01Z
2026-06-23T05:41:39Z,2026-06-23T07:41:39+0200,c1c18315-63b2-412d-a1be-e7c0796f2236,2026-05-24T10:15:00Z,2026-05-24T12:15:00+0200,-29.89,EUR/MWh,BE,BE,day_ahead_price,value,2026-06-23T05:42:01Z
2026-06-23T05:41:39Z,2026-06-23T07:41:39+0200,c1c18315-63b2-412d-a1be-e7c0796f2236,2026-05-24T10:30:00Z,2026-05-24T12:30:00+0200,-41.91,EUR/MWh,BE,BE,day_ahead_price,value,2026-06-23T05:42:01Z
2026-06-23T05:41:39Z,2026-06-23T07:41:39+0200,c1c18315-63b2-412d-a1be-e7c0796f2236,2026-05-24T10:45:00Z,2026-05-24T12:45:00+0200,-58.57,EUR/MWh,BE,BE,day_ahead_price,value,2026-06-23T05:42:01Z
2026-06-23T05:41:39Z,2026-06-23T07:41:39+0200,c1c18315-63b2-412d-a1be-e7c0796f2236,2026-05-24T11:00:00Z,2026-05-24T13:00:00+0200,-59.8,EUR/MWh,BE,BE,day_ahead_price,value,2026-06-23T05:42:01Z
2026-06-23T05:41:39Z,2026-06-23T07:41:39+0200,c1c18315-63b2-412d-a1be-e7c0796f2236,2026-05-24T11:15:00Z,2026-05-24T13:15:00+0200,-71.72,EUR/MWh,BE,BE,day_ahead_price,value,2026-06-23T05:42:01Z
2026-06-23T05:41:39Z,2026-06-23T07:41:39+0200,c1c18315-63b2-412d-a1be-e7c0796f2236,2026-05-24T11:30:00Z,2026-05-24T13:30:00+0200,-84.65,EUR/MWh,BE,BE,day_ahead_price,value,2026-06-23T05:42:01Z
2026-06-23T05:41:39Z,2026-06-23T07:41:39+0200,c1c18315-63b2-412d-a1be-e7c0796f2236,2026-05-24T11:45:00Z,2026-05-24T13:45:00+0200,-86.37,EUR/MWh,BE,BE,day_ahead_price,value,2026-06-23T05:42:01Z
2026-06-23T05:41:39Z,2026-06-23T07:41:39+0200,c1c18315-63b2-412d-a1be-e7c0796f2236,2026-05-24T12:00:00Z,2026-05-24T14:00:00+0200,-77.59,EUR/MWh,BE,BE,day_ahead_price,value,2026-06-23T05:42:01Z
2026-06-23T05:41:39Z,2026-06-23T07:41:39+0200,c1c18315-63b2-412d-a1be-e7c0796f2236,2026-05-24T12:15:00Z,2026-05-24T14:15:00+0200,-69.73,EUR/MWh,BE,BE,day_ahead_price,value,2026-06-23T05:42:01Z
2026-06-23T05:41:39Z,2026-06-23T07:41:39+0200,c1c18315-63b2-412d-a1be-e7c0796f2236,2026-05-24T12:30:00Z,2026-05-24T14:30:00+0200,-58.76,EUR/MWh,BE,BE,day_ahead_price,value,2026-06-23T05:42:01Z
2026-06-23T05:41:39Z,2026-06-23T07:41:39+0200,c1c18315-63b2-412d-a1be-e7c0796f2236,2026-05-24T12:45:00Z,2026-05-24T14:45:00+0200,-39.94,EUR/MWh,BE,BE,day_ahead_price,value,2026-06-23T05:42:01Z
2026-06-23T05:41:39Z,2026-06-23T07:41:39+0200,c1c18315-63b2-412d-a1be-e7c0796f2236,2026-05-24T13:00:00Z,2026-05-24T15:00:00+0200,-46.14,EUR/MWh,BE,BE,day_ahead_price,value,2026-06-23T05:42:01Z
2026-06-23T05:41:39Z,2026-06-23T07:41:39+0200,c1c18315-63b2-412d-a1be-e7c0796f2236,2026-05-24T13:15:00Z,2026-05-24T15:15:00+0200,-27.17,EUR/MWh,BE,BE,day_ahead_price,value,2026-06-23T05:42:01Z
2026-06-23T05:41:39Z,2026-06-23T07:41:39+0200,c1c18315-63b2-412d-a1be-e7c0796f2236,2026-05-24T13:30:00Z,2026-05-24T15:30:00+0200,-14.32,EUR/MWh,BE,BE,day_ahead_price,value,2026-06-23T05:42:01Z
2026-06-23T05:41:39Z,2026-06-23T07:41:39+0200,c1c18315-63b2-412d-a1be-e7c0796f2236,2026-05-24T13:45:00Z,2026-05-24T15:45:00+0200,-6.0,EUR/MWh,BE,BE,day_ahead_price,value,2026-06-23T05:42:01Z
2026-06-23T05:41:39Z,2026-06-23T07:41:39+0200,c1c18315-63b2-412d-a1be-e7c0796f2236,2026-05-24T14:00:00Z,2026-05-24T16:00:00+0200,-6.0,EUR/MWh,BE,BE,day_ahead_price,value,2026-06-23T05:42:01Z
2026-06-23T05:41:39Z,2026-06-23T07:41:39+0200,c1c18315-63b2-412d-a1be-e7c0796f2236,2026-05-24T14:15:00Z,2026-05-24T16:15:00+0200,-1.52,EUR/MWh,BE,BE,day_ahead_price,value,2026-06-23T05:42:01Z
2026-06-23T05:41:39Z,2026-06-23T07:41:39+0200,c1c18315-63b2-412d-a1be-e7c0796f2236,2026-05-24T14:30:00Z,2026-05-24T16:30:00+0200,-0.27,EUR/MWh,BE,BE,day_ahead_price,value,2026-06-23T05:42:01Z
2026-06-23T05:41:39Z,2026-06-23T07:41:39+0200,c1c18315-63b2-412d-a1be-e7c0796f2236,2026-05-24T14:45:00Z,2026-05-24T16:45:00+0200,-0.04,EUR/MWh,BE,BE,day_ahead_price,value,2026-06-23T05:42:01Z
2026-06-23T05:41:39Z,2026-06-23T07:41:39+0200,c1c18315-63b2-412d-a1be-e7c0796f2236,2026-05-24T15:00:00Z,2026-05-24T17:00:00+0200,-0.01,EUR/MWh,BE,BE,day_ahead_price,value,2026-06-23T05:42:01Z
2026-06-23T05:41:39Z,2026-06-23T07:41:39+0200,c1c18315-63b2-412d-a1be-e7c0796f2236,2026-05-24T15:15:00Z,2026-05-24T17:15:00+0200,0.0,EUR/MWh,BE,BE,day_ahead_price,value,2026-06-23T05:42:01Z
2026-06-23T05:41:39Z,2026-06-23T07:41:39+0200,c1c18315-63b2-412d-a1be-e7c0796f2236,2026-05-24T15:30:00Z,2026-05-24T17:30:00+0200,1.55,EUR/MWh,BE,BE,day_ahead_price,value,2026-06-23T05:42:01Z
2026-06-23T05:41:39Z,2026-06-23T07:41:39+0200,c1c18315-63b2-412d-a1be-e7c0796f2236,2026-05-24T15:45:00Z,2026-05-24T17:45:00+0200,43.7,EUR/MWh,BE,BE,day_ahead_price,value,2026-06-23T05:42:01Z
2026-06-23T05:41:39Z,2026-06-23T07:41:39+0200,c1c18315-63b2-412d-a1be-e7c0796f2236,2026-05-24T16:00:00Z,2026-05-24T18:00:00+0200,25.23,EUR/MWh,BE,BE,day_ahead_price,value,2026-06-23T05:42:01Z
2026-06-23T05:41:39Z,2026-06-23T07:41:39+0200,c1c18315-63b2-412d-a1be-e7c0796f2236,2026-05-24T16:15:00Z,2026-05-24T18:15:00+0200,79.89,EUR/MWh,BE,BE,day_ahead_price,value,2026-06-23T05:42:01Z
2026-06-23T05:41:39Z,2026-06-23T07:41:39+0200,c1c18315-63b2-412d-a1be-e7c0796f2236,2026-05-24T16:30:00Z,2026-05-24T18:30:00+0200,115.86,EUR/MWh,BE,BE,day_ahead_price,value,2026-06-23T05:42:01Z
2026-06-23T05:41:39Z,2026-06-23T07:41:39+0200,c1c18315-63b2-412d-a1be-e7c0796f2236,2026-05-24T16:45:00Z,2026-05-24T18:45:00+0200,128.04,EUR/MWh,BE,BE,day_ahead_price,value,2026-06-23T05:42:01Z
2026-06-23T05:41:39Z,2026-06-23T07:41:39+0200,c1c18315-63b2-412d-a1be-e7c0796f2236,2026-05-24T17:00:00Z,2026-05-24T19:00:00+0200,119.92,EUR/MWh,BE,BE,day_ahead_price,value,2026-06-23T05:42:01Z
2026-06-23T05:41:39Z,2026-06-23T07:41:39+0200,c1c18315-63b2-412d-a1be-e7c0796f2236,2026-05-24T17:15:00Z,2026-05-24T19:15:00+0200,125.74,EUR/MWh,BE,BE,day_ahead_price,value,2026-06-23T05:42:01Z
2026-06-23T05:41:39Z,2026-06-23T07:41:39+0200,c1c18315-63b2-412d-a1be-e7c0796f2236,2026-05-24T17:30:00Z,2026-05-24T19:30:00+0200,134.03,EUR/MWh,BE,BE,day_ahead_price,value,2026-06-23T05:42:01Z
2026-06-23T05:41:39Z,2026-06-23T07:41:39+0200,c1c18315-63b2-412d-a1be-e7c0796f2236,2026-05-24T17:45:00Z,2026-05-24T19:45:00+0200,151.73,EUR/MWh,BE,BE,day_ahead_price,value,2026-06-23T05:42:01Z
2026-06-23T05:41:39Z,2026-06-23T07:41:39+0200,c1c18315-63b2-412d-a1be-e7c0796f2236,2026-05-24T18:00:00Z,2026-05-24T20:00:00+0200,127.96,EUR/MWh,BE,BE,day_ahead_price,value,2026-06-23T05:42:01Z
2026-06-23T05:41:39Z,2026-06-23T07:41:39+0200,c1c18315-63b2-412d-a1be-e7c0796f2236,2026-05-24T18:15:00Z,2026-05-24T20:15:00+0200,142.6,EUR/MWh,BE,BE,day_ahead_price,value,2026-06-23T05:42:01Z
2026-06-23T05:41:39Z,2026-06-23T07:41:39+0200,c1c18315-63b2-412d-a1be-e7c0796f2236,2026-05-24T18:30:00Z,2026-05-24T20:30:00+0200,154.71,EUR/MWh,BE,BE,day_ahead_price,value,2026-06-23T05:42:01Z
2026-06-23T05:41:39Z,2026-06-23T07:41:39+0200,c1c18315-63b2-412d-a1be-e7c0796f2236,2026-05-24T18:45:00Z,2026-05-24T20:45:00+0200,163.68,EUR/MWh,BE,BE,day_ahead_price,value,2026-06-23T05:42:01Z
2026-06-23T05:41:39Z,2026-06-23T07:41:39+0200,c1c18315-63b2-412d-a1be-e7c0796f2236,2026-05-24T19:00:00Z,2026-05-24T21:00:00+0200,150.64,EUR/MWh,BE,BE,day_ahead_price,value,2026-06-23T05:42:01Z
2026-06-23T05:41:39Z,2026-06-23T07:41:39+0200,c1c18315-63b2-412d-a1be-e7c0796f2236,2026-05-24T19:15:00Z,2026-05-24T21:15:00+0200,155.28,EUR/MWh,BE,BE,day_ahead_price,value,2026-06-23T05:42:01Z
2026-06-23T05:41:39Z,2026-06-23T07:41:39+0200,c1c18315-63b2-412d-a1be-e7c0796f2236,2026-05-24T19:30:00Z,2026-05-24T21:30:00+0200,148.33,EUR/MWh,BE,BE,day_ahead_price,value,2026-06-23T05:42:01Z
2026-06-23T05:41:39Z,2026-06-23T07:41:39+0200,c1c18315-63b2-412d-a1be-e7c0796f2236,2026-05-24T19:45:00Z,2026-05-24T21:45:00+0200,140.08,EUR/MWh,BE,BE,day_ahead_price,value,2026-06-23T05:42:01Z
2026-06-23T05:41:39Z,2026-06-23T07:41:39+0200,c1c18315-63b2-412d-a1be-e7c0796f2236,2026-05-24T20:00:00Z,2026-05-24T22:00:00+0200,150.3,EUR/MWh,BE,BE,day_ahead_price,value,2026-06-23T05:42:01Z
2026-06-23T05:41:39Z,2026-06-23T07:41:39+0200,c1c18315-63b2-412d-a1be-e7c0796f2236,2026-05-24T20:15:00Z,2026-05-24T22:15:00+0200,141.5,EUR/MWh,BE,BE,day_ahead_price,value,2026-06-23T05:42:01Z
2026-06-23T05:41:39Z,2026-06-23T07:41:39+0200,c1c18315-63b2-412d-a1be-e7c0796f2236,2026-05-24T20:30:00Z,2026-05-24T22:30:00+0200,137.46,EUR/MWh,BE,BE,day_ahead_price,value,2026-06-23T05:42:01Z
2026-06-23T05:41:39Z,2026-06-23T07:41:39+0200,c1c18315-63b2-412d-a1be-e7c0796f2236,2026-05-24T20:45:00Z,2026-05-24T22:45:00+0200,124.05,EUR/MWh,BE,BE,day_ahead_price,value,2026-06-23T05:42:01Z
2026-06-23T05:41:39Z,2026-06-23T07:41:39+0200,c1c18315-63b2-412d-a1be-e7c0796f2236,2026-05-24T21:00:00Z,2026-05-24T23:00:00+0200,129.64,EUR/MWh,BE,BE,day_ahead_price,value,2026-06-23T05:42:01Z
2026-06-23T05:41:39Z,2026-06-23T07:41:39+0200,c1c18315-63b2-412d-a1be-e7c0796f2236,2026-05-24T21:15:00Z,2026-05-24T23:15:00+0200,140.2,EUR/MWh,BE,BE,day_ahead_price,value,2026-06-23T05:42:01Z
2026-06-23T05:41:39Z,2026-06-23T07:41:39+0200,c1c18315-63b2-412d-a1be-e7c0796f2236,2026-05-24T21:30:00Z,2026-05-24T23:30:00+0200,140.0,EUR/MWh,BE,BE,day_ahead_price,value,2026-06-23T05:42:01Z
2026-06-23T05:41:39Z,2026-06-23T07:41:39+0200,c1c18315-63b2-412d-a1be-e7c0796f2236,2026-05-24T21:45:00Z,2026-05-24T23:45:00+0200,137.05,EUR/MWh,BE,BE,day_ahead_price,value,2026-06-23T05:42:01Z
2026-06-23T05:41:39Z,2026-06-23T07:41:39+0200,c1c18315-63b2-412d-a1be-e7c0796f2236,2026-05-24T22:00:00Z,2026-05-25T00:00:00+0200,130.0,EUR/MWh,BE,BE,day_ahead_price,value,2026-06-23T05:42:01Z
2026-06-23T05:41:39Z,2026-06-23T07:41:39+0200,c1c18315-63b2-412d-a1be-e7c0796f2236,2026-05-24T22:15:00Z,2026-05-25T00:15:00+0200,130.0,EUR/MWh,BE,BE,day_ahead_price,value,2026-06-23T05:42:01Z
2026-06-23T05:41:39Z,2026-06-23T07:41:39+0200,c1c18315-63b2-412d-a1be-e7c0796f2236,2026-05-24T22:30:00Z,2026-05-25T00:30:00+0200,127.46,EUR/MWh,BE,BE,day_ahead_price,value,2026-06-23T05:42:01Z
2026-06-23T05:41:39Z,2026-06-23T07:41:39+0200,c1c18315-63b2-412d-a1be-e7c0796f2236,2026-05-24T22:45:00Z,2026-05-25T00:45:00+0200,126.0,EUR/MWh,BE,BE,day_ahead_price,value,2026-06-23T05:42:01Z
2026-06-23T05:41:39Z,2026-06-23T07:41:39+0200,c1c18315-63b2-412d-a1be-e7c0796f2236,2026-05-24T23:00:00Z,2026-05-25T01:00:00+0200,119.75,EUR/MWh,BE,BE,day_ahead_price,value,2026-06-23T05:42:01Z
2026-06-23T05:41:39Z,2026-06-23T07:41:39+0200,c1c18315-63b2-412d-a1be-e7c0796f2236,2026-05-24T23:15:00Z,2026-05-25T01:15:00+0200,114.01,EUR/MWh,BE,BE,day_ahead_price,value,2026-06-23T05:42:01Z
2026-06-23T05:41:39Z,2026-06-23T07:41:39+0200,c1c18315-63b2-412d-a1be-e7c0796f2236,2026-05-24T23:30:00Z,2026-05-25T01:30:00+0200,111.83,EUR/MWh,BE,BE,day_ahead_price,value,2026-06-23T05:42:01Z
2026-06-23T05:41:39Z,2026-06-23T07:41:39+0200,c1c18315-63b2-412d-a1be-e7c0796f2236,2026-05-24T23:45:00Z,2026-05-25T01:45:00+0200,112.02,EUR/MWh,BE,BE,day_ahead_price,value,2026-06-23T05:42:01Z
2026-06-23T05:41:39Z,2026-06-23T07:41:39+0200,c1c18315-63b2-412d-a1be-e7c0796f2236,2026-05-25T00:00:00Z,2026-05-25T02:00:00+0200,112.96,EUR/MWh,BE,BE,day_ahead_price,value,2026-06-23T05:42:01Z
2026-06-23T05:41:39Z,2026-06-23T07:41:39+0200,c1c18315-63b2-412d-a1be-e7c0796f2236,2026-05-25T00:15:00Z,2026-05-25T02:15:00+0200,112.76,EUR/MWh,BE,BE,day_ahead_price,value,2026-06-23T05:42:01Z
2026-06-23T05:41:39Z,2026-06-23T07:41:39+0200,c1c18315-63b2-412d-a1be-e7c0796f2236,2026-05-25T00:30:00Z,2026-05-25T02:30:00+0200,112.26,EUR/MWh,BE,BE,day_ahead_price,value,2026-06-23T05:42:01Z
2026-06-23T05:41:39Z,2026-06-23T07:41:39+0200,c1c18315-63b2-412d-a1be-e7c0796f2236,2026-05-25T00:45:00Z,2026-05-25T02:45:00+0200,112.0,EUR/MWh,BE,BE,day_ahead_price,value,2026-06-23T05:42:01Z
2026-06-23T05:41:39Z,2026-06-23T07:41:39+0200,c1c18315-63b2-412d-a1be-e7c0796f2236,2026-05-25T01:00:00Z,2026-05-25T03:00:00+0200,108.58,EUR/MWh,BE,BE,day_ahead_price,value,2026-06-23T05:42:01Z
2026-06-23T05:41:39Z,2026-06-23T07:41:39+0200,c1c18315-63b2-412d-a1be-e7c0796f2236,2026-05-25T01:15:00Z,2026-05-25T03:15:00+0200,111.21,EUR/MWh,BE,BE,day_ahead_price,value,2026-06-23T05:42:01Z
2026-06-23T05:41:39Z,2026-06-23T07:41:39+0200,c1c18315-63b2-412d-a1be-e7c0796f2236,2026-05-25T01:30:00Z,2026-05-25T03:30:00+0200,113.53,EUR/MWh,BE,BE,day_ahead_price,value,2026-06-23T05:42:01Z
2026-06-23T05:41:39Z,2026-06-23T07:41:39+0200,c1c18315-63b2-412d-a1be-e7c0796f2236,2026-05-25T01:45:00Z,2026-05-25T03:45:00+0200,118.79,EUR/MWh,BE,BE,day_ahead_price,value,2026-06-23T05:42:01Z
2026-06-23T05:41:39Z,2026-06-23T07:41:39+0200,c1c18315-63b2-412d-a1be-e7c0796f2236,2026-05-25T02:00:00Z,2026-05-25T04:00:00+0200,114.34,EUR/MWh,BE,BE,day_ahead_price,value,2026-06-23T05:42:01Z
2026-06-23T05:41:39Z,2026-06-23T07:41:39+0200,c1c18315-63b2-412d-a1be-e7c0796f2236,2026-05-25T02:15:00Z,2026-05-25T04:15:00+0200,115.07,EUR/MWh,BE,BE,day_ahead_price,value,2026-06-23T05:42:01Z
2026-06-23T05:41:39Z,2026-06-23T07:41:39+0200,c1c18315-63b2-412d-a1be-e7c0796f2236,2026-05-25T02:30:00Z,2026-05-25T04:30:00+0200,115.53,EUR/MWh,BE,BE,day_ahead_price,value,2026-06-23T05:42:01Z
2026-06-23T05:41:39Z,2026-06-23T07:41:39+0200,c1c18315-63b2-412d-a1be-e7c0796f2236,2026-05-25T02:45:00Z,2026-05-25T04:45:00+0200,119.9,EUR/MWh,BE,BE,day_ahead_price,value,2026-06-23T05:42:01Z
2026-06-23T05:41:39Z,2026-06-23T07:41:39+0200,c1c18315-63b2-412d-a1be-e7c0796f2236,2026-05-25T03:00:00Z,2026-05-25T05:00:00+0200,117.69,EUR/MWh,BE,BE,day_ahead_price,value,2026-06-23T05:42:01Z
2026-06-23T05:41:39Z,2026-06-23T07:41:39+0200,c1c18315-63b2-412d-a1be-e7c0796f2236,2026-05-25T03:15:00Z,2026-05-25T05:15:00+0200,120.0,EUR/MWh,BE,BE,day_ahead_price,value,2026-06-23T05:42:01Z
2026-06-23T05:41:39Z,2026-06-23T07:41:39+0200,c1c18315-63b2-412d-a1be-e7c0796f2236,2026-05-25T03:30:00Z,2026-05-25T05:30:00+0200,120.0,EUR/MWh,BE,BE,day_ahead_price,value,2026-06-23T05:42:01Z
2026-06-23T05:41:39Z,2026-06-23T07:41:39+0200,c1c18315-63b2-412d-a1be-e7c0796f2236,2026-05-25T03:45:00Z,2026-05-25T05:45:00+0200,121.91,EUR/MWh,BE,BE,day_ahead_price,value,2026-06-23T05:42:01Z
2026-06-23T05:41:39Z,2026-06-23T07:41:39+0200,c1c18315-63b2-412d-a1be-e7c0796f2236,2026-05-25T04:00:00Z,2026-05-25T06:00:00+0200,126.82,EUR/MWh,BE,BE,day_ahead_price,value,2026-06-23T05:42:01Z
2026-06-23T05:41:39Z,2026-06-23T07:41:39+0200,c1c18315-63b2-412d-a1be-e7c0796f2236,2026-05-25T04:15:00Z,2026-05-25T06:15:00+0200,123.26,EUR/MWh,BE,BE,day_ahead_price,value,2026-06-23T05:42:01Z
2026-06-23T05:41:39Z,2026-06-23T07:41:39+0200,c1c18315-63b2-412d-a1be-e7c0796f2236,2026-05-25T04:30:00Z,2026-05-25T06:30:00+0200,118.52,EUR/MWh,BE,BE,day_ahead_price,value,2026-06-23T05:42:01Z
2026-06-23T05:41:39Z,2026-06-23T07:41:39+0200,c1c18315-63b2-412d-a1be-e7c0796f2236,2026-05-25T04:45:00Z,2026-05-25T06:45:00+0200,108.05,EUR/MWh,BE,BE,day_ahead_price,value,2026-06-23T05:42:01Z
2026-06-23T05:41:39Z,2026-06-23T07:41:39+0200,c1c18315-63b2-412d-a1be-e7c0796f2236,2026-05-25T05:00:00Z,2026-05-25T07:00:00+0200,128.23,EUR/MWh,BE,BE,day_ahead_price,value,2026-06-23T05:42:01Z
2026-06-23T05:41:39Z,2026-06-23T07:41:39+0200,c1c18315-63b2-412d-a1be-e7c0796f2236,2026-05-25T05:15:00Z,2026-05-25T07:15:00+0200,115.97,EUR/MWh,BE,BE,day_ahead_price,value,2026-06-23T05:42:01Z
2026-06-23T05:41:39Z,2026-06-23T07:41:39+0200,c1c18315-63b2-412d-a1be-e7c0796f2236,2026-05-25T05:30:00Z,2026-05-25T07:30:00+0200,109.08,EUR/MWh,BE,BE,day_ahead_price,value,2026-06-23T05:42:01Z
2026-06-23T05:41:39Z,2026-06-23T07:41:39+0200,c1c18315-63b2-412d-a1be-e7c0796f2236,2026-05-25T05:45:00Z,2026-05-25T07:45:00+0200,88.73,EUR/MWh,BE,BE,day_ahead_price,value,2026-06-23T05:42:01Z
2026-06-23T05:41:39Z,2026-06-23T07:41:39+0200,c1c18315-63b2-412d-a1be-e7c0796f2236,2026-05-25T06:00:00Z,2026-05-25T08:00:00+0200,122.93,EUR/MWh,BE,BE,day_ahead_price,value,2026-06-23T05:42:01Z
2026-06-23T05:41:39Z,2026-06-23T07:41:39+0200,c1c18315-63b2-412d-a1be-e7c0796f2236,2026-05-25T06:15:00Z,2026-05-25T08:15:00+0200,92.81,EUR/MWh,BE,BE,day_ahead_price,value,2026-06-23T05:42:01Z
2026-06-23T05:41:39Z,2026-06-23T07:41:39+0200,c1c18315-63b2-412d-a1be-e7c0796f2236,2026-05-25T06:30:00Z,2026-05-25T08:30:00+0200,59.55,EUR/MWh,BE,BE,day_ahead_price,value,2026-06-23T05:42:01Z
2026-06-23T05:41:39Z,2026-06-23T07:41:39+0200,c1c18315-63b2-412d-a1be-e7c0796f2236,2026-05-25T06:45:00Z,2026-05-25T08:45:00+0200,6.01,EUR/MWh,BE,BE,day_ahead_price,value,2026-06-23T05:42:01Z
2026-06-23T05:41:39Z,2026-06-23T07:41:39+0200,c1c18315-63b2-412d-a1be-e7c0796f2236,2026-05-25T07:00:00Z,2026-05-25T09:00:00+0200,16.73,EUR/MWh,BE,BE,day_ahead_price,value,2026-06-23T05:42:01Z
2026-06-23T05:41:39Z,2026-06-23T07:41:39+0200,c1c18315-63b2-412d-a1be-e7c0796f2236,2026-05-25T07:15:00Z,2026-05-25T09:15:00+0200,3.08,EUR/MWh,BE,BE,day_ahead_price,value,2026-06-23T05:42:01Z
2026-06-23T05:41:39Z,2026-06-23T07:41:39+0200,c1c18315-63b2-412d-a1be-e7c0796f2236,2026-05-25T07:30:00Z,2026-05-25T09:30:00+0200,0.19,EUR/MWh,BE,BE,day_ahead_price,value,2026-06-23T05:42:01Z
2026-06-23T05:41:39Z,2026-06-23T07:41:39+0200,c1c18315-63b2-412d-a1be-e7c0796f2236,2026-05-25T07:45:00Z,2026-05-25T09:45:00+0200,0.0,EUR/MWh,BE,BE,day_ahead_price,value,2026-06-23T05:42:01Z
2026-06-23T05:41:39Z,2026-06-23T07:41:39+0200,c1c18315-63b2-412d-a1be-e7c0796f2236,2026-05-25T08:00:00Z,2026-05-25T10:00:00+0200,0.0,EUR/MWh,BE,BE,day_ahead_price,value,2026-06-23T05:42:01Z
2026-06-23T05:41:39Z,2026-06-23T07:41:39+0200,c1c18315-63b2-412d-a1be-e7c0796f2236,2026-05-25T08:15:00Z,2026-05-25T10:15:00+0200,-0.01,EUR/MWh,BE,BE,day_ahead_price,value,2026-06-23T05:42:01Z
2026-06-23T05:41:39Z,2026-06-23T07:41:39+0200,c1c18315-63b2-412d-a1be-e7c0796f2236,2026-05-25T08:30:00Z,2026-05-25T10:30:00+0200,-0.07,EUR/MWh,BE,BE,day_ahead_price,value,2026-06-23T05:42:01Z
2026-06-23T05:41:39Z,2026-06-23T07:41:39+0200,c1c18315-63b2-412d-a1be-e7c0796f2236,2026-05-25T08:45:00Z,2026-05-25T10:45:00+0200,-0.53,EUR/MWh,BE,BE,day_ahead_price,value,2026-06-23T05:42:01Z
2026-06-23T05:41:39Z,2026-06-23T07:41:39+0200,c1c18315-63b2-412d-a1be-e7c0796f2236,2026-05-25T09:00:00Z,2026-05-25T11:00:00+0200,-1.09,EUR/MWh,BE,BE,day_ahead_price,value,2026-06-23T05:42:01Z
2026-06-23T05:41:39Z,2026-06-23T07:41:39+0200,c1c18315-63b2-412d-a1be-e7c0796f2236,2026-05-25T09:15:00Z,2026-05-25T11:15:00+0200,-1.0,EUR/MWh,BE,BE,day_ahead_price,value,2026-06-23T05:42:01Z
2026-06-23T05:41:39Z,2026-06-23T07:41:39+0200,c1c18315-63b2-412d-a1be-e7c0796f2236,2026-05-25T09:30:00Z,2026-05-25T11:30:00+0200,0.1,EUR/MWh,BE,BE,day_ahead_price,value,2026-06-23T05:42:01Z
2026-06-23T05:41:39Z,2026-06-23T07:41:39+0200,c1c18315-63b2-412d-a1be-e7c0796f2236,2026-05-25T09:45:00Z,2026-05-25T11:45:00+0200,-1.61,EUR/MWh,BE,BE,day_ahead_price,value,2026-06-23T05:42:01Z
2026-06-23T05:41:39Z,2026-06-23T07:41:39+0200,c1c18315-63b2-412d-a1be-e7c0796f2236,2026-05-25T10:00:00Z,2026-05-25T12:00:00+0200,1.94,EUR/MWh,BE,BE,day_ahead_price,value,2026-06-23T05:42:01Z
2026-06-23T05:41:39Z,2026-06-23T07:41:39+0200,c1c18315-63b2-412d-a1be-e7c0796f2236,2026-05-25T10:15:00Z,2026-05-25T12:15:00+0200,0.1,EUR/MWh,BE,BE,day_ahead_price,value,2026-06-23T05:42:01Z
2026-06-23T05:41:39Z,2026-06-23T07:41:39+0200,c1c18315-63b2-412d-a1be-e7c0796f2236,2026-05-25T10:30:00Z,2026-05-25T12:30:00+0200,1.17,EUR/MWh,BE,BE,day_ahead_price,value,2026-06-23T05:42:01Z
2026-06-23T05:41:39Z,2026-06-23T07:41:39+0200,c1c18315-63b2-412d-a1be-e7c0796f2236,2026-05-25T10:45:00Z,2026-05-25T12:45:00+0200,1.59,EUR/MWh,BE,BE,day_ahead_price,value,2026-06-23T05:42:01Z
2026-06-23T05:41:39Z,2026-06-23T07:41:39+0200,c1c18315-63b2-412d-a1be-e7c0796f2236,2026-05-25T11:00:00Z,2026-05-25T13:00:00+0200,-6.85,EUR/MWh,BE,BE,day_ahead_price,value,2026-06-23T05:42:01Z
2026-06-23T05:41:39Z,2026-06-23T07:41:39+0200,c1c18315-63b2-412d-a1be-e7c0796f2236,2026-05-25T11:15:00Z,2026-05-25T13:15:00+0200,-8.47,EUR/MWh,BE,BE,day_ahead_price,value,2026-06-23T05:42:01Z
2026-06-23T05:41:39Z,2026-06-23T07:41:39+0200,c1c18315-63b2-412d-a1be-e7c0796f2236,2026-05-25T11:30:00Z,2026-05-25T13:30:00+0200,-17.08,EUR/MWh,BE,BE,day_ahead_price,value,2026-06-23T05:42:01Z
2026-06-23T05:41:39Z,2026-06-23T07:41:39+0200,c1c18315-63b2-412d-a1be-e7c0796f2236,2026-05-25T11:45:00Z,2026-05-25T13:45:00+0200,-18.69,EUR/MWh,BE,BE,day_ahead_price,value,2026-06-23T05:42:01Z
2026-06-23T05:41:39Z,2026-06-23T07:41:39+0200,c1c18315-63b2-412d-a1be-e7c0796f2236,2026-05-25T12:00:00Z,2026-05-25T14:00:00+0200,-4.19,EUR/MWh,BE,BE,day_ahead_price,value,2026-06-23T05:42:01Z
2026-06-23T05:41:39Z,2026-06-23T07:41:39+0200,c1c18315-63b2-412d-a1be-e7c0796f2236,2026-05-25T12:15:00Z,2026-05-25T14:15:00+0200,-2.6,EUR/MWh,BE,BE,day_ahead_price,value,2026-06-23T05:42:01Z
2026-06-23T05:41:39Z,2026-06-23T07:41:39+0200,c1c18315-63b2-412d-a1be-e7c0796f2236,2026-05-25T12:30:00Z,2026-05-25T14:30:00+0200,1.08,EUR/MWh,BE,BE,day_ahead_price,value,2026-06-23T05:42:01Z
2026-06-23T05:41:39Z,2026-06-23T07:41:39+0200,c1c18315-63b2-412d-a1be-e7c0796f2236,2026-05-25T12:45:00Z,2026-05-25T14:45:00+0200,3.53,EUR/MWh,BE,BE,day_ahead_price,value,2026-06-23T05:42:01Z
2026-06-23T05:41:39Z,2026-06-23T07:41:39+0200,c1c18315-63b2-412d-a1be-e7c0796f2236,2026-05-25T13:00:00Z,2026-05-25T15:00:00+0200,5.26,EUR/MWh,BE,BE,day_ahead_price,value,2026-06-23T05:42:01Z
2026-06-23T05:41:39Z,2026-06-23T07:41:39+0200,c1c18315-63b2-412d-a1be-e7c0796f2236,2026-05-25T13:15:00Z,2026-05-25T15:15:00+0200,0.96,EUR/MWh,BE,BE,day_ahead_price,value,2026-06-23T05:42:01Z
2026-06-23T05:41:39Z,2026-06-23T07:41:39+0200,c1c18315-63b2-412d-a1be-e7c0796f2236,2026-05-25T13:30:00Z,2026-05-25T15:30:00+0200,-2.0,EUR/MWh,BE,BE,day_ahead_price,value,2026-06-23T05:42:01Z
2026-06-23T05:41:39Z,2026-06-23T07:41:39+0200,c1c18315-63b2-412d-a1be-e7c0796f2236,2026-05-25T13:45:00Z,2026-05-25T15:45:00+0200,-2.94,EUR/MWh,BE,BE,day_ahead_price,value,2026-06-23T05:42:01Z
2026-06-23T05:41:39Z,2026-06-23T07:41:39+0200,c1c18315-63b2-412d-a1be-e7c0796f2236,2026-05-25T14:00:00Z,2026-05-25T16:00:00+0200,-1.26,EUR/MWh,BE,BE,day_ahead_price,value,2026-06-23T05:42:01Z
2026-06-23T05:41:39Z,2026-06-23T07:41:39+0200,c1c18315-63b2-412d-a1be-e7c0796f2236,2026-05-25T14:15:00Z,2026-05-25T16:15:00+0200,-1.47,EUR/MWh,BE,BE,day_ahead_price,value,2026-06-23T05:42:01Z
2026-06-23T05:41:39Z,2026-06-23T07:41:39+0200,c1c18315-63b2-412d-a1be-e7c0796f2236,2026-05-25T14:30:00Z,2026-05-25T16:30:00+0200,-1.92,EUR/MWh,BE,BE,day_ahead_price,value,2026-06-23T05:42:01Z
2026-06-23T05:41:39Z,2026-06-23T07:41:39+0200,c1c18315-63b2-412d-a1be-e7c0796f2236,2026-05-25T14:45:00Z,2026-05-25T16:45:00+0200,2.49,EUR/MWh,BE,BE,day_ahead_price,value,2026-06-23T05:42:01Z
2026-06-23T05:41:39Z,2026-06-23T07:41:39+0200,c1c18315-63b2-412d-a1be-e7c0796f2236,2026-05-25T15:00:00Z,2026-05-25T17:00:00+0200,0.25,EUR/MWh,BE,BE,day_ahead_price,value,2026-06-23T05:42:01Z
2026-06-23T05:41:39Z,2026-06-23T07:41:39+0200,c1c18315-63b2-412d-a1be-e7c0796f2236,2026-05-25T15:15:00Z,2026-05-25T17:15:00+0200,4.06,EUR/MWh,BE,BE,day_ahead_price,value,2026-06-23T05:42:01Z
2026-06-23T05:41:39Z,2026-06-23T07:41:39+0200,c1c18315-63b2-412d-a1be-e7c0796f2236,2026-05-25T15:30:00Z,2026-05-25T17:30:00+0200,16.21,EUR/MWh,BE,BE,day_ahead_price,value,2026-06-23T05:42:01Z
2026-06-23T05:41:39Z,2026-06-23T07:41:39+0200,c1c18315-63b2-412d-a1be-e7c0796f2236,2026-05-25T15:45:00Z,2026-05-25T17:45:00+0200,95.16,EUR/MWh,BE,BE,day_ahead_price,value,2026-06-23T05:42:01Z
2026-06-23T05:41:39Z,2026-06-23T07:41:39+0200,c1c18315-63b2-412d-a1be-e7c0796f2236,2026-05-25T16:00:00Z,2026-05-25T18:00:00+0200,58.44,EUR/MWh,BE,BE,day_ahead_price,value,2026-06-23T05:42:01Z
2026-06-23T05:41:39Z,2026-06-23T07:41:39+0200,c1c18315-63b2-412d-a1be-e7c0796f2236,2026-05-25T16:15:00Z,2026-05-25T18:15:00+0200,85.0,EUR/MWh,BE,BE,day_ahead_price,value,2026-06-23T05:42:01Z
2026-06-23T05:41:39Z,2026-06-23T07:41:39+0200,c1c18315-63b2-412d-a1be-e7c0796f2236,2026-05-25T16:30:00Z,2026-05-25T18:30:00+0200,119.61,EUR/MWh,BE,BE,day_ahead_price,value,2026-06-23T05:42:01Z
2026-06-23T05:41:39Z,2026-06-23T07:41:39+0200,c1c18315-63b2-412d-a1be-e7c0796f2236,2026-05-25T16:45:00Z,2026-05-25T18:45:00+0200,139.9,EUR/MWh,BE,BE,day_ahead_price,value,2026-06-23T05:42:01Z
2026-06-23T05:41:39Z,2026-06-23T07:41:39+0200,c1c18315-63b2-412d-a1be-e7c0796f2236,2026-05-25T17:00:00Z,2026-05-25T19:00:00+0200,114.09,EUR/MWh,BE,BE,day_ahead_price,value,2026-06-23T05:42:01Z
2026-06-23T05:41:39Z,2026-06-23T07:41:39+0200,c1c18315-63b2-412d-a1be-e7c0796f2236,2026-05-25T17:15:00Z,2026-05-25T19:15:00+0200,130.37,EUR/MWh,BE,BE,day_ahead_price,value,2026-06-23T05:42:01Z
2026-06-23T05:41:39Z,2026-06-23T07:41:39+0200,c1c18315-63b2-412d-a1be-e7c0796f2236,2026-05-25T17:30:00Z,2026-05-25T19:30:00+0200,140.09,EUR/MWh,BE,BE,day_ahead_price,value,2026-06-23T05:42:01Z
2026-06-23T05:41:39Z,2026-06-23T07:41:39+0200,c1c18315-63b2-412d-a1be-e7c0796f2236,2026-05-25T17:45:00Z,2026-05-25T19:45:00+0200,168.68,EUR/MWh,BE,BE,day_ahead_price,value,2026-06-23T05:42:01Z
2026-06-23T05:41:39Z,2026-06-23T07:41:39+0200,c1c18315-63b2-412d-a1be-e7c0796f2236,2026-05-25T18:00:00Z,2026-05-25T20:00:00+0200,130.28,EUR/MWh,BE,BE,day_ahead_price,value,2026-06-23T05:42:01Z
2026-06-23T05:41:39Z,2026-06-23T07:41:39+0200,c1c18315-63b2-412d-a1be-e7c0796f2236,2026-05-25T18:15:00Z,2026-05-25T20:15:00+0200,157.62,EUR/MWh,BE,BE,day_ahead_price,value,2026-06-23T05:42:01Z
2026-06-23T05:41:39Z,2026-06-23T07:41:39+0200,c1c18315-63b2-412d-a1be-e7c0796f2236,2026-05-25T18:30:00Z,2026-05-25T20:30:00+0200,170.27,EUR/MWh,BE,BE,day_ahead_price,value,2026-06-23T05:42:01Z
2026-06-23T05:41:39Z,2026-06-23T07:41:39+0200,c1c18315-63b2-412d-a1be-e7c0796f2236,2026-05-25T18:45:00Z,2026-05-25T20:45:00+0200,175.17,EUR/MWh,BE,BE,day_ahead_price,value,2026-06-23T05:42:01Z
2026-06-23T05:41:39Z,2026-06-23T07:41:39+0200,c1c18315-63b2-412d-a1be-e7c0796f2236,2026-05-25T19:00:00Z,2026-05-25T21:00:00+0200,176.93,EUR/MWh,BE,BE,day_ahead_price,value,2026-06-23T05:42:01Z
2026-06-23T05:41:39Z,2026-06-23T07:41:39+0200,c1c18315-63b2-412d-a1be-e7c0796f2236,2026-05-25T19:15:00Z,2026-05-25T21:15:00+0200,173.3,EUR/MWh,BE,BE,day_ahead_price,value,2026-06-23T05:42:01Z
2026-06-23T05:41:39Z,2026-06-23T07:41:39+0200,c1c18315-63b2-412d-a1be-e7c0796f2236,2026-05-25T19:30:00Z,2026-05-25T21:30:00+0200,161.9,EUR/MWh,BE,BE,day_ahead_price,value,2026-06-23T05:42:01Z
2026-06-23T05:41:39Z,2026-06-23T07:41:39+0200,c1c18315-63b2-412d-a1be-e7c0796f2236,2026-05-25T19:45:00Z,2026-05-25T21:45:00+0200,152.4,EUR/MWh,BE,BE,day_ahead_price,value,2026-06-23T05:42:01Z
2026-06-23T05:41:39Z,2026-06-23T07:41:39+0200,c1c18315-63b2-412d-a1be-e7c0796f2236,2026-05-25T20:00:00Z,2026-05-25T22:00:00+0200,169.46,EUR/MWh,BE,BE,day_ahead_price,value,2026-06-23T05:42:01Z
2026-06-23T05:41:39Z,2026-06-23T07:41:39+0200,c1c18315-63b2-412d-a1be-e7c0796f2236,2026-05-25T20:15:00Z,2026-05-25T22:15:00+0200,154.92,EUR/MWh,BE,BE,day_ahead_price,value,2026-06-23T05:42:01Z
2026-06-23T05:41:39Z,2026-06-23T07:41:39+0200,c1c18315-63b2-412d-a1be-e7c0796f2236,2026-05-25T20:30:00Z,2026-05-25T22:30:00+0200,143.29,EUR/MWh,BE,BE,day_ahead_price,value,2026-06-23T05:42:01Z
2026-06-23T05:41:39Z,2026-06-23T07:41:39+0200,c1c18315-63b2-412d-a1be-e7c0796f2236,2026-05-25T20:45:00Z,2026-05-25T22:45:00+0200,145.81,EUR/MWh,BE,BE,day_ahead_price,value,2026-06-23T05:42:01Z
2026-06-23T05:41:39Z,2026-06-23T07:41:39+0200,c1c18315-63b2-412d-a1be-e7c0796f2236,2026-05-25T21:00:00Z,2026-05-25T23:00:00+0200,142.61,EUR/MWh,BE,BE,day_ahead_price,value,2026-06-23T05:42:01Z
2026-06-23T05:41:39Z,2026-06-23T07:41:39+0200,c1c18315-63b2-412d-a1be-e7c0796f2236,2026-05-25T21:15:00Z,2026-05-25T23:15:00+0200,135.99,EUR/MWh,BE,BE,day_ahead_price,value,2026-06-23T05:42:01Z
2026-06-23T05:41:39Z,2026-06-23T07:41:39+0200,c1c18315-63b2-412d-a1be-e7c0796f2236,2026-05-25T21:30:00Z,2026-05-25T23:30:00+0200,134.42,EUR/MWh,BE,BE,day_ahead_price,value,2026-06-23T05:42:01Z
2026-06-23T05:41:39Z,2026-06-23T07:41:39+0200,c1c18315-63b2-412d-a1be-e7c0796f2236,2026-05-25T21:45:00Z,2026-05-25T23:45:00+0200,125.39,EUR/MWh,BE,BE,day_ahead_price,value,2026-06-23T05:42:01Z
2026-06-23T05:41:39Z,2026-06-23T07:41:39+0200,c1c18315-63b2-412d-a1be-e7c0796f2236,2026-05-25T22:00:00Z,2026-05-26T00:00:00+0200,146.94,EUR/MWh,BE,BE,day_ahead_price,value,2026-06-23T05:42:01Z
2026-06-23T05:41:39Z,2026-06-23T07:41:39+0200,c1c18315-63b2-412d-a1be-e7c0796f2236,2026-05-25T22:15:00Z,2026-05-26T00:15:00+0200,135.13,EUR/MWh,BE,BE,day_ahead_price,value,2026-06-23T05:42:01Z
2026-06-23T05:41:39Z,2026-06-23T07:41:39+0200,c1c18315-63b2-412d-a1be-e7c0796f2236,2026-05-25T22:30:00Z,2026-05-26T00:30:00+0200,125.08,EUR/MWh,BE,BE,day_ahead_price,value,2026-06-23T05:42:01Z
2026-06-23T05:41:39Z,2026-06-23T07:41:39+0200,c1c18315-63b2-412d-a1be-e7c0796f2236,2026-05-25T22:45:00Z,2026-05-26T00:45:00+0200,117.34,EUR/MWh,BE,BE,day_ahead_price,value,2026-06-23T05:42:01Z
2026-06-23T05:41:39Z,2026-06-23T07:41:39+0200,c1c18315-63b2-412d-a1be-e7c0796f2236,2026-05-25T23:00:00Z,2026-05-26T01:00:00+0200,128.98,EUR/MWh,BE,BE,day_ahead_price,value,2026-06-23T05:42:01Z
2026-06-23T05:41:39Z,2026-06-23T07:41:39+0200,c1c18315-63b2-412d-a1be-e7c0796f2236,2026-05-25T23:15:00Z,2026-05-26T01:15:00+0200,122.02,EUR/MWh,BE,BE,day_ahead_price,value,2026-06-23T05:42:01Z
2026-06-23T05:41:39Z,2026-06-23T07:41:39+0200,c1c18315-63b2-412d-a1be-e7c0796f2236,2026-05-25T23:30:00Z,2026-05-26T01:30:00+0200,118.69,EUR/MWh,BE,BE,day_ahead_price,value,2026-06-23T05:42:01Z
2026-06-23T05:41:39Z,2026-06-23T07:41:39+0200,c1c18315-63b2-412d-a1be-e7c0796f2236,2026-05-25T23:45:00Z,2026-05-26T01:45:00+0200,114.6,EUR/MWh,BE,BE,day_ahead_price,value,2026-06-23T05:42:01Z
2026-06-23T05:41:39Z,2026-06-23T07:41:39+0200,c1c18315-63b2-412d-a1be-e7c0796f2236,2026-05-26T00:00:00Z,2026-05-26T02:00:00+0200,119.19,EUR/MWh,BE,BE,day_ahead_price,value,2026-06-23T05:42:01Z
2026-06-23T05:41:39Z,2026-06-23T07:41:39+0200,c1c18315-63b2-412d-a1be-e7c0796f2236,2026-05-26T00:15:00Z,2026-05-26T02:15:00+0200,114.3,EUR/MWh,BE,BE,day_ahead_price,value,2026-06-23T05:42:01Z
2026-06-23T05:41:39Z,2026-06-23T07:41:39+0200,c1c18315-63b2-412d-a1be-e7c0796f2236,2026-05-26T00:30:00Z,2026-05-26T02:30:00+0200,115.7,EUR/MWh,BE,BE,day_ahead_price,value,2026-06-23T05:42:01Z
2026-06-23T05:41:39Z,2026-06-23T07:41:39+0200,c1c18315-63b2-412d-a1be-e7c0796f2236,2026-05-26T00:45:00Z,2026-05-26T02:45:00+0200,111.18,EUR/MWh,BE,BE,day_ahead_price,value,2026-06-23T05:42:01Z
2026-06-23T05:41:39Z,2026-06-23T07:41:39+0200,c1c18315-63b2-412d-a1be-e7c0796f2236,2026-05-26T01:00:00Z,2026-05-26T03:00:00+0200,117.21,EUR/MWh,BE,BE,day_ahead_price,value,2026-06-23T05:42:01Z
2026-06-23T05:41:39Z,2026-06-23T07:41:39+0200,c1c18315-63b2-412d-a1be-e7c0796f2236,2026-05-26T01:15:00Z,2026-05-26T03:15:00+0200,115.04,EUR/MWh,BE,BE,day_ahead_price,value,2026-06-23T05:42:01Z
2026-06-23T05:41:39Z,2026-06-23T07:41:39+0200,c1c18315-63b2-412d-a1be-e7c0796f2236,2026-05-26T01:30:00Z,2026-05-26T03:30:00+0200,114.96,EUR/MWh,BE,BE,day_ahead_price,value,2026-06-23T05:42:01Z
2026-06-23T05:41:39Z,2026-06-23T07:41:39+0200,c1c18315-63b2-412d-a1be-e7c0796f2236,2026-05-26T01:45:00Z,2026-05-26T03:45:00+0200,113.8,EUR/MWh,BE,BE,day_ahead_price,value,2026-06-23T05:42:01Z
2026-06-23T05:41:39Z,2026-06-23T07:41:39+0200,c1c18315-63b2-412d-a1be-e7c0796f2236,2026-05-26T02:00:00Z,2026-05-26T04:00:00+0200,112.42,EUR/MWh,BE,BE,day_ahead_price,value,2026-06-23T05:42:01Z
2026-06-23T05:41:39Z,2026-06-23T07:41:39+0200,c1c18315-63b2-412d-a1be-e7c0796f2236,2026-05-26T02:15:00Z,2026-05-26T04:15:00+0200,112.99,EUR/MWh,BE,BE,day_ahead_price,value,2026-06-23T05:42:01Z
2026-06-23T05:41:39Z,2026-06-23T07:41:39+0200,c1c18315-63b2-412d-a1be-e7c0796f2236,2026-05-26T02:30:00Z,2026-05-26T04:30:00+0200,115.11,EUR/MWh,BE,BE,day_ahead_price,value,2026-06-23T05:42:01Z
2026-06-23T05:41:39Z,2026-06-23T07:41:39+0200,c1c18315-63b2-412d-a1be-e7c0796f2236,2026-05-26T02:45:00Z,2026-05-26T04:45:00+0200,117.84,EUR/MWh,BE,BE,day_ahead_price,value,2026-06-23T05:42:01Z
2026-06-23T05:41:39Z,2026-06-23T07:41:39+0200,c1c18315-63b2-412d-a1be-e7c0796f2236,2026-05-26T03:00:00Z,2026-05-26T05:00:00+0200,117.32,EUR/MWh,BE,BE,day_ahead_price,value,2026-06-23T05:42:01Z
2026-06-23T05:41:39Z,2026-06-23T07:41:39+0200,c1c18315-63b2-412d-a1be-e7c0796f2236,2026-05-26T03:15:00Z,2026-05-26T05:15:00+0200,119.87,EUR/MWh,BE,BE,day_ahead_price,value,2026-06-23T05:42:01Z
2026-06-23T05:41:39Z,2026-06-23T07:41:39+0200,c1c18315-63b2-412d-a1be-e7c0796f2236,2026-05-26T03:30:00Z,2026-05-26T05:30:00+0200,125.37,EUR/MWh,BE,BE,day_ahead_price,value,2026-06-23T05:42:01Z
2026-06-23T05:41:39Z,2026-06-23T07:41:39+0200,c1c18315-63b2-412d-a1be-e7c0796f2236,2026-05-26T03:45:00Z,2026-05-26T05:45:00+0200,131.91,EUR/MWh,BE,BE,day_ahead_price,value,2026-06-23T05:42:01Z
2026-06-23T05:41:39Z,2026-06-23T07:41:39+0200,c1c18315-63b2-412d-a1be-e7c0796f2236,2026-05-26T04:00:00Z,2026-05-26T06:00:00+0200,133.42,EUR/MWh,BE,BE,day_ahead_price,value,2026-06-23T05:42:01Z
2026-06-23T05:41:39Z,2026-06-23T07:41:39+0200,c1c18315-63b2-412d-a1be-e7c0796f2236,2026-05-26T04:15:00Z,2026-05-26T06:15:00+0200,141.56,EUR/MWh,BE,BE,day_ahead_price,value,2026-06-23T05:42:01Z
2026-06-23T05:41:39Z,2026-06-23T07:41:39+0200,c1c18315-63b2-412d-a1be-e7c0796f2236,2026-05-26T04:30:00Z,2026-05-26T06:30:00+0200,139.38,EUR/MWh,BE,BE,day_ahead_price,value,2026-06-23T05:42:01Z
2026-06-23T05:41:39Z,2026-06-23T07:41:39+0200,c1c18315-63b2-412d-a1be-e7c0796f2236,2026-05-26T04:45:00Z,2026-05-26T06:45:00+0200,139.1,EUR/MWh,BE,BE,day_ahead_price,value,2026-06-23T05:42:01Z
2026-06-23T05:41:39Z,2026-06-23T07:41:39+0200,c1c18315-63b2-412d-a1be-e7c0796f2236,2026-05-26T05:00:00Z,2026-05-26T07:00:00+0200,156.35,EUR/MWh,BE,BE,day_ahead_price,value,2026-06-23T05:42:01Z
2026-06-23T05:41:39Z,2026-06-23T07:41:39+0200,c1c18315-63b2-412d-a1be-e7c0796f2236,2026-05-26T05:15:00Z,2026-05-26T07:15:00+0200,141.24,EUR/MWh,BE,BE,day_ahead_price,value,2026-06-23T05:42:01Z
2026-06-23T05:41:39Z,2026-06-23T07:41:39+0200,c1c18315-63b2-412d-a1be-e7c0796f2236,2026-05-26T05:30:00Z,2026-05-26T07:30:00+0200,136.18,EUR/MWh,BE,BE,day_ahead_price,value,2026-06-23T05:42:01Z
2026-06-23T05:41:39Z,2026-06-23T07:41:39+0200,c1c18315-63b2-412d-a1be-e7c0796f2236,2026-05-26T05:45:00Z,2026-05-26T07:45:00+0200,115.76,EUR/MWh,BE,BE,day_ahead_price,value,2026-06-23T05:42:01Z
2026-06-23T05:41:39Z,2026-06-23T07:41:39+0200,c1c18315-63b2-412d-a1be-e7c0796f2236,2026-05-26T06:00:00Z,2026-05-26T08:00:00+0200,154.63,EUR/MWh,BE,BE,day_ahead_price,value,2026-06-23T05:42:01Z
2026-06-23T05:41:39Z,2026-06-23T07:41:39+0200,c1c18315-63b2-412d-a1be-e7c0796f2236,2026-05-26T06:15:00Z,2026-05-26T08:15:00+0200,124.9,EUR/MWh,BE,BE,day_ahead_price,value,2026-06-23T05:42:01Z
2026-06-23T05:41:39Z,2026-06-23T07:41:39+0200,c1c18315-63b2-412d-a1be-e7c0796f2236,2026-05-26T06:30:00Z,2026-05-26T08:30:00+0200,105.35,EUR/MWh,BE,BE,day_ahead_price,value,2026-06-23T05:42:01Z
2026-06-23T05:41:39Z,2026-06-23T07:41:39+0200,c1c18315-63b2-412d-a1be-e7c0796f2236,2026-05-26T06:45:00Z,2026-05-26T08:45:00+0200,93.55,EUR/MWh,BE,BE,day_ahead_price,value,2026-06-23T05:42:01Z
2026-06-23T05:41:39Z,2026-06-23T07:41:39+0200,c1c18315-63b2-412d-a1be-e7c0796f2236,2026-05-26T07:00:00Z,2026-05-26T09:00:00+0200,128.02,EUR/MWh,BE,BE,day_ahead_price,value,2026-06-23T05:42:01Z
2026-06-23T05:41:39Z,2026-06-23T07:41:39+0200,c1c18315-63b2-412d-a1be-e7c0796f2236,2026-05-26T07:15:00Z,2026-05-26T09:15:00+0200,82.91,EUR/MWh,BE,BE,day_ahead_price,value,2026-06-23T05:42:01Z
2026-06-23T05:41:39Z,2026-06-23T07:41:39+0200,c1c18315-63b2-412d-a1be-e7c0796f2236,2026-05-26T07:30:00Z,2026-05-26T09:30:00+0200,60.45,EUR/MWh,BE,BE,day_ahead_price,value,2026-06-23T05:42:01Z
2026-06-23T05:41:39Z,2026-06-23T07:41:39+0200,c1c18315-63b2-412d-a1be-e7c0796f2236,2026-05-26T07:45:00Z,2026-05-26T09:45:00+0200,13.5,EUR/MWh,BE,BE,day_ahead_price,value,2026-06-23T05:42:01Z
2026-06-23T05:41:39Z,2026-06-23T07:41:39+0200,c1c18315-63b2-412d-a1be-e7c0796f2236,2026-05-26T08:00:00Z,2026-05-26T10:00:00+0200,19.18,EUR/MWh,BE,BE,day_ahead_price,value,2026-06-23T05:42:01Z
2026-06-23T05:41:39Z,2026-06-23T07:41:39+0200,c1c18315-63b2-412d-a1be-e7c0796f2236,2026-05-26T08:15:00Z,2026-05-26T10:15:00+0200,3.23,EUR/MWh,BE,BE,day_ahead_price,value,2026-06-23T05:42:01Z
2026-06-23T05:41:39Z,2026-06-23T07:41:39+0200,c1c18315-63b2-412d-a1be-e7c0796f2236,2026-05-26T08:30:00Z,2026-05-26T10:30:00+0200,0.06,EUR/MWh,BE,BE,day_ahead_price,value,2026-06-23T05:42:01Z
2026-06-23T05:41:39Z,2026-06-23T07:41:39+0200,c1c18315-63b2-412d-a1be-e7c0796f2236,2026-05-26T08:45:00Z,2026-05-26T10:45:00+0200,-0.01,EUR/MWh,BE,BE,day_ahead_price,value,2026-06-23T05:42:01Z
2026-06-23T05:41:39Z,2026-06-23T07:41:39+0200,c1c18315-63b2-412d-a1be-e7c0796f2236,2026-05-26T09:00:00Z,2026-05-26T11:00:00+0200,0.0,EUR/MWh,BE,BE,day_ahead_price,value,2026-06-23T05:42:01Z
2026-06-23T05:41:39Z,2026-06-23T07:41:39+0200,c1c18315-63b2-412d-a1be-e7c0796f2236,2026-05-26T09:15:00Z,2026-05-26T11:15:00+0200,0.0,EUR/MWh,BE,BE,day_ahead_price,value,2026-06-23T05:42:01Z
2026-06-23T05:41:39Z,2026-06-23T07:41:39+0200,c1c18315-63b2-412d-a1be-e7c0796f2236,2026-05-26T09:30:00Z,2026-05-26T11:30:00+0200,-0.01,EUR/MWh,BE,BE,day_ahead_price,value,2026-06-23T05:42:01Z
2026-06-23T05:41:39Z,2026-06-23T07:41:39+0200,c1c18315-63b2-412d-a1be-e7c0796f2236,2026-05-26T09:45:00Z,2026-05-26T11:45:00+0200,-0.01,EUR/MWh,BE,BE,day_ahead_price,value,2026-06-23T05:42:01Z
2026-06-23T05:41:39Z,2026-06-23T07:41:39+0200,c1c18315-63b2-412d-a1be-e7c0796f2236,2026-05-26T10:00:00Z,2026-05-26T12:00:00+0200,0.04,EUR/MWh,BE,BE,day_ahead_price,value,2026-06-23T05:42:01Z
2026-06-23T05:41:39Z,2026-06-23T07:41:39+0200,c1c18315-63b2-412d-a1be-e7c0796f2236,2026-05-26T10:15:00Z,2026-05-26T12:15:00+0200,0.1,EUR/MWh,BE,BE,day_ahead_price,value,2026-06-23T05:42:01Z
2026-06-23T05:41:39Z,2026-06-23T07:41:39+0200,c1c18315-63b2-412d-a1be-e7c0796f2236,2026-05-26T10:30:00Z,2026-05-26T12:30:00+0200,0.2,EUR/MWh,BE,BE,day_ahead_price,value,2026-06-23T05:42:01Z
2026-06-23T05:41:39Z,2026-06-23T07:41:39+0200,c1c18315-63b2-412d-a1be-e7c0796f2236,2026-05-26T10:45:00Z,2026-05-26T12:45:00+0200,0.33,EUR/MWh,BE,BE,day_ahead_price,value,2026-06-23T05:42:01Z
2026-06-23T05:41:39Z,2026-06-23T07:41:39+0200,c1c18315-63b2-412d-a1be-e7c0796f2236,2026-05-26T11:00:00Z,2026-05-26T13:00:00+0200,-0.03,EUR/MWh,BE,BE,day_ahead_price,value,2026-06-23T05:42:01Z
2026-06-23T05:41:39Z,2026-06-23T07:41:39+0200,c1c18315-63b2-412d-a1be-e7c0796f2236,2026-05-26T11:15:00Z,2026-05-26T13:15:00+0200,-0.05,EUR/MWh,BE,BE,day_ahead_price,value,2026-06-23T05:42:01Z
2026-06-23T05:41:39Z,2026-06-23T07:41:39+0200,c1c18315-63b2-412d-a1be-e7c0796f2236,2026-05-26T11:30:00Z,2026-05-26T13:30:00+0200,-0.02,EUR/MWh,BE,BE,day_ahead_price,value,2026-06-23T05:42:01Z
2026-06-23T05:41:39Z,2026-06-23T07:41:39+0200,c1c18315-63b2-412d-a1be-e7c0796f2236,2026-05-26T11:45:00Z,2026-05-26T13:45:00+0200,-0.02,EUR/MWh,BE,BE,day_ahead_price,value,2026-06-23T05:42:01Z
2026-06-23T05:41:39Z,2026-06-23T07:41:39+0200,c1c18315-63b2-412d-a1be-e7c0796f2236,2026-05-26T12:00:00Z,2026-05-26T14:00:00+0200,-0.41,EUR/MWh,BE,BE,day_ahead_price,value,2026-06-23T05:42:01Z
2026-06-23T05:41:39Z,2026-06-23T07:41:39+0200,c1c18315-63b2-412d-a1be-e7c0796f2236,2026-05-26T12:15:00Z,2026-05-26T14:15:00+0200,-0.16,EUR/MWh,BE,BE,day_ahead_price,value,2026-06-23T05:42:01Z
2026-06-23T05:41:39Z,2026-06-23T07:41:39+0200,c1c18315-63b2-412d-a1be-e7c0796f2236,2026-05-26T12:30:00Z,2026-05-26T14:30:00+0200,-0.25,EUR/MWh,BE,BE,day_ahead_price,value,2026-06-23T05:42:01Z
2026-06-23T05:41:39Z,2026-06-23T07:41:39+0200,c1c18315-63b2-412d-a1be-e7c0796f2236,2026-05-26T12:45:00Z,2026-05-26T14:45:00+0200,-0.06,EUR/MWh,BE,BE,day_ahead_price,value,2026-06-23T05:42:01Z
2026-06-23T05:41:39Z,2026-06-23T07:41:39+0200,c1c18315-63b2-412d-a1be-e7c0796f2236,2026-05-26T13:00:00Z,2026-05-26T15:00:00+0200,-0.03,EUR/MWh,BE,BE,day_ahead_price,value,2026-06-23T05:42:01Z
2026-06-23T05:41:39Z,2026-06-23T07:41:39+0200,c1c18315-63b2-412d-a1be-e7c0796f2236,2026-05-26T13:15:00Z,2026-05-26T15:15:00+0200,-0.01,EUR/MWh,BE,BE,day_ahead_price,value,2026-06-23T05:42:01Z
2026-06-23T05:41:39Z,2026-06-23T07:41:39+0200,c1c18315-63b2-412d-a1be-e7c0796f2236,2026-05-26T13:30:00Z,2026-05-26T15:30:00+0200,-0.01,EUR/MWh,BE,BE,day_ahead_price,value,2026-06-23T05:42:01Z
2026-06-23T05:41:39Z,2026-06-23T07:41:39+0200,c1c18315-63b2-412d-a1be-e7c0796f2236,2026-05-26T13:45:00Z,2026-05-26T15:45:00+0200,0.01,EUR/MWh,BE,BE,day_ahead_price,value,2026-06-23T05:42:01Z
2026-06-23T05:41:39Z,2026-06-23T07:41:39+0200,c1c18315-63b2-412d-a1be-e7c0796f2236,2026-05-26T14:00:00Z,2026-05-26T16:00:00+0200,0.0,EUR/MWh,BE,BE,day_ahead_price,value,2026-06-23T05:42:01Z
2026-06-23T05:41:39Z,2026-06-23T07:41:39+0200,c1c18315-63b2-412d-a1be-e7c0796f2236,2026-05-26T14:15:00Z,2026-05-26T16:15:00+0200,0.89,EUR/MWh,BE,BE,day_ahead_price,value,2026-06-23T05:42:01Z
2026-06-23T05:41:39Z,2026-06-23T07:41:39+0200,c1c18315-63b2-412d-a1be-e7c0796f2236,2026-05-26T14:30:00Z,2026-05-26T16:30:00+0200,5.06,EUR/MWh,BE,BE,day_ahead_price,value,2026-06-23T05:42:01Z
2026-06-23T05:41:39Z,2026-06-23T07:41:39+0200,c1c18315-63b2-412d-a1be-e7c0796f2236,2026-05-26T14:45:00Z,2026-05-26T16:45:00+0200,42.78,EUR/MWh,BE,BE,day_ahead_price,value,2026-06-23T05:42:01Z
2026-06-23T05:41:39Z,2026-06-23T07:41:39+0200,c1c18315-63b2-412d-a1be-e7c0796f2236,2026-05-26T15:00:00Z,2026-05-26T17:00:00+0200,8.1,EUR/MWh,BE,BE,day_ahead_price,value,2026-06-23T05:42:01Z
2026-06-23T05:41:39Z,2026-06-23T07:41:39+0200,c1c18315-63b2-412d-a1be-e7c0796f2236,2026-05-26T15:15:00Z,2026-05-26T17:15:00+0200,74.69,EUR/MWh,BE,BE,day_ahead_price,value,2026-06-23T05:42:01Z
2026-06-23T05:41:39Z,2026-06-23T07:41:39+0200,c1c18315-63b2-412d-a1be-e7c0796f2236,2026-05-26T15:30:00Z,2026-05-26T17:30:00+0200,114.06,EUR/MWh,BE,BE,day_ahead_price,value,2026-06-23T05:42:01Z
2026-06-23T05:41:39Z,2026-06-23T07:41:39+0200,c1c18315-63b2-412d-a1be-e7c0796f2236,2026-05-26T15:45:00Z,2026-05-26T17:45:00+0200,133.16,EUR/MWh,BE,BE,day_ahead_price,value,2026-06-23T05:42:01Z
2026-06-23T05:41:39Z,2026-06-23T07:41:39+0200,c1c18315-63b2-412d-a1be-e7c0796f2236,2026-05-26T16:00:00Z,2026-05-26T18:00:00+0200,87.48,EUR/MWh,BE,BE,day_ahead_price,value,2026-06-23T05:42:01Z
2026-06-23T05:41:39Z,2026-06-23T07:41:39+0200,c1c18315-63b2-412d-a1be-e7c0796f2236,2026-05-26T16:15:00Z,2026-05-26T18:15:00+0200,116.62,EUR/MWh,BE,BE,day_ahead_price,value,2026-06-23T05:42:01Z
2026-06-23T05:41:39Z,2026-06-23T07:41:39+0200,c1c18315-63b2-412d-a1be-e7c0796f2236,2026-05-26T16:30:00Z,2026-05-26T18:30:00+0200,143.09,EUR/MWh,BE,BE,day_ahead_price,value,2026-06-23T05:42:01Z
2026-06-23T05:41:39Z,2026-06-23T07:41:39+0200,c1c18315-63b2-412d-a1be-e7c0796f2236,2026-05-26T16:45:00Z,2026-05-26T18:45:00+0200,177.06,EUR/MWh,BE,BE,day_ahead_price,value,2026-06-23T05:42:01Z
2026-06-23T05:41:39Z,2026-06-23T07:41:39+0200,c1c18315-63b2-412d-a1be-e7c0796f2236,2026-05-26T17:00:00Z,2026-05-26T19:00:00+0200,118.25,EUR/MWh,BE,BE,day_ahead_price,value,2026-06-23T05:42:01Z
2026-06-23T05:41:39Z,2026-06-23T07:41:39+0200,c1c18315-63b2-412d-a1be-e7c0796f2236,2026-05-26T17:15:00Z,2026-05-26T19:15:00+0200,144.1,EUR/MWh,BE,BE,day_ahead_price,value,2026-06-23T05:42:01Z
2026-06-23T05:41:39Z,2026-06-23T07:41:39+0200,c1c18315-63b2-412d-a1be-e7c0796f2236,2026-05-26T17:30:00Z,2026-05-26T19:30:00+0200,178.71,EUR/MWh,BE,BE,day_ahead_price,value,2026-06-23T05:42:01Z
2026-06-23T05:41:39Z,2026-06-23T07:41:39+0200,c1c18315-63b2-412d-a1be-e7c0796f2236,2026-05-26T17:45:00Z,2026-05-26T19:45:00+0200,250.9,EUR/MWh,BE,BE,day_ahead_price,value,2026-06-23T05:42:01Z
2026-06-23T05:41:39Z,2026-06-23T07:41:39+0200,c1c18315-63b2-412d-a1be-e7c0796f2236,2026-05-26T18:00:00Z,2026-05-26T20:00:00+0200,185.98,EUR/MWh,BE,BE,day_ahead_price,value,2026-06-23T05:42:01Z
2026-06-23T05:41:39Z,2026-06-23T07:41:39+0200,c1c18315-63b2-412d-a1be-e7c0796f2236,2026-05-26T18:15:00Z,2026-05-26T20:15:00+0200,211.47,EUR/MWh,BE,BE,day_ahead_price,value,2026-06-23T05:42:01Z
2026-06-23T05:41:39Z,2026-06-23T07:41:39+0200,c1c18315-63b2-412d-a1be-e7c0796f2236,2026-05-26T18:30:00Z,2026-05-26T20:30:00+0200,209.32,EUR/MWh,BE,BE,day_ahead_price,value,2026-06-23T05:42:01Z
2026-06-23T05:41:39Z,2026-06-23T07:41:39+0200,c1c18315-63b2-412d-a1be-e7c0796f2236,2026-05-26T18:45:00Z,2026-05-26T20:45:00+0200,201.22,EUR/MWh,BE,BE,day_ahead_price,value,2026-06-23T05:42:01Z
2026-06-23T05:41:39Z,2026-06-23T07:41:39+0200,c1c18315-63b2-412d-a1be-e7c0796f2236,2026-05-26T19:00:00Z,2026-05-26T21:00:00+0200,205.84,EUR/MWh,BE,BE,day_ahead_price,value,2026-06-23T05:42:01Z
2026-06-23T05:41:39Z,2026-06-23T07:41:39+0200,c1c18315-63b2-412d-a1be-e7c0796f2236,2026-05-26T19:15:00Z,2026-05-26T21:15:00+0200,182.07,EUR/MWh,BE,BE,day_ahead_price,value,2026-06-23T05:42:01Z
2026-06-23T05:41:39Z,2026-06-23T07:41:39+0200,c1c18315-63b2-412d-a1be-e7c0796f2236,2026-05-26T19:30:00Z,2026-05-26T21:30:00+0200,171.38,EUR/MWh,BE,BE,day_ahead_price,value,2026-06-23T05:42:01Z
2026-06-23T05:41:39Z,2026-06-23T07:41:39+0200,c1c18315-63b2-412d-a1be-e7c0796f2236,2026-05-26T19:45:00Z,2026-05-26T21:45:00+0200,152.71,EUR/MWh,BE,BE,day_ahead_price,value,2026-06-23T05:42:01Z
2026-06-23T05:41:39Z,2026-06-23T07:41:39+0200,c1c18315-63b2-412d-a1be-e7c0796f2236,2026-05-26T20:00:00Z,2026-05-26T22:00:00+0200,179.6,EUR/MWh,BE,BE,day_ahead_price,value,2026-06-23T05:42:01Z
2026-06-23T05:41:39Z,2026-06-23T07:41:39+0200,c1c18315-63b2-412d-a1be-e7c0796f2236,2026-05-26T20:15:00Z,2026-05-26T22:15:00+0200,154.12,EUR/MWh,BE,BE,day_ahead_price,value,2026-06-23T05:42:01Z
2026-06-23T05:41:39Z,2026-06-23T07:41:39+0200,c1c18315-63b2-412d-a1be-e7c0796f2236,2026-05-26T20:30:00Z,2026-05-26T22:30:00+0200,147.8,EUR/MWh,BE,BE,day_ahead_price,value,2026-06-23T05:42:01Z
2026-06-23T05:41:39Z,2026-06-23T07:41:39+0200,c1c18315-63b2-412d-a1be-e7c0796f2236,2026-05-26T20:45:00Z,2026-05-26T22:45:00+0200,134.43,EUR/MWh,BE,BE,day_ahead_price,value,2026-06-23T05:42:01Z
2026-06-23T05:41:39Z,2026-06-23T07:41:39+0200,c1c18315-63b2-412d-a1be-e7c0796f2236,2026-05-26T21:00:00Z,2026-05-26T23:00:00+0200,143.62,EUR/MWh,BE,BE,day_ahead_price,value,2026-06-23T05:42:01Z
2026-06-23T05:41:39Z,2026-06-23T07:41:39+0200,c1c18315-63b2-412d-a1be-e7c0796f2236,2026-05-26T21:15:00Z,2026-05-26T23:15:00+0200,138.39,EUR/MWh,BE,BE,day_ahead_price,value,2026-06-23T05:42:01Z
2026-06-23T05:41:39Z,2026-06-23T07:41:39+0200,c1c18315-63b2-412d-a1be-e7c0796f2236,2026-05-26T21:30:00Z,2026-05-26T23:30:00+0200,129.9,EUR/MWh,BE,BE,day_ahead_price,value,2026-06-23T05:42:01Z
2026-06-23T05:41:39Z,2026-06-23T07:41:39+0200,c1c18315-63b2-412d-a1be-e7c0796f2236,2026-05-26T21:45:00Z,2026-05-26T23:45:00+0200,115.61,EUR/MWh,BE,BE,day_ahead_price,value,2026-06-23T05:42:01Z
2026-06-23T05:41:39Z,2026-06-23T07:41:39+0200,c1c18315-63b2-412d-a1be-e7c0796f2236,2026-05-26T22:00:00Z,2026-05-27T00:00:00+0200,140.61,EUR/MWh,BE,BE,day_ahead_price,value,2026-06-23T05:42:01Z
2026-06-23T05:41:39Z,2026-06-23T07:41:39+0200,c1c18315-63b2-412d-a1be-e7c0796f2236,2026-05-26T22:15:00Z,2026-05-27T00:15:00+0200,135.85,EUR/MWh,BE,BE,day_ahead_price,value,2026-06-23T05:42:01Z
2026-06-23T05:41:39Z,2026-06-23T07:41:39+0200,c1c18315-63b2-412d-a1be-e7c0796f2236,2026-05-26T22:30:00Z,2026-05-27T00:30:00+0200,133.27,EUR/MWh,BE,BE,day_ahead_price,value,2026-06-23T05:42:01Z
2026-06-23T05:41:39Z,2026-06-23T07:41:39+0200,c1c18315-63b2-412d-a1be-e7c0796f2236,2026-05-26T22:45:00Z,2026-05-27T00:45:00+0200,130.63,EUR/MWh,BE,BE,day_ahead_price,value,2026-06-23T05:42:01Z
2026-06-23T05:41:39Z,2026-06-23T07:41:39+0200,c1c18315-63b2-412d-a1be-e7c0796f2236,2026-05-26T23:00:00Z,2026-05-27T01:00:00+0200,134.5,EUR/MWh,BE,BE,day_ahead_price,value,2026-06-23T05:42:01Z
2026-06-23T05:41:39Z,2026-06-23T07:41:39+0200,c1c18315-63b2-412d-a1be-e7c0796f2236,2026-05-26T23:15:00Z,2026-05-27T01:15:00+0200,129.11,EUR/MWh,BE,BE,day_ahead_price,value,2026-06-23T05:42:01Z
2026-06-23T05:41:39Z,2026-06-23T07:41:39+0200,c1c18315-63b2-412d-a1be-e7c0796f2236,2026-05-26T23:30:00Z,2026-05-27T01:30:00+0200,127.72,EUR/MWh,BE,BE,day_ahead_price,value,2026-06-23T05:42:01Z
2026-06-23T05:41:39Z,2026-06-23T07:41:39+0200,c1c18315-63b2-412d-a1be-e7c0796f2236,2026-05-26T23:45:00Z,2026-05-27T01:45:00+0200,121.99,EUR/MWh,BE,BE,day_ahead_price,value,2026-06-23T05:42:01Z
2026-06-23T05:41:39Z,2026-06-23T07:41:39+0200,c1c18315-63b2-412d-a1be-e7c0796f2236,2026-05-27T00:00:00Z,2026-05-27T02:00:00+0200,122.89,EUR/MWh,BE,BE,day_ahead_price,value,2026-06-23T05:42:01Z
2026-06-23T05:41:39Z,2026-06-23T07:41:39+0200,c1c18315-63b2-412d-a1be-e7c0796f2236,2026-05-27T00:15:00Z,2026-05-27T02:15:00+0200,121.15,EUR/MWh,BE,BE,day_ahead_price,value,2026-06-23T05:42:01Z
2026-06-23T05:41:39Z,2026-06-23T07:41:39+0200,c1c18315-63b2-412d-a1be-e7c0796f2236,2026-05-27T00:30:00Z,2026-05-27T02:30:00+0200,119.75,EUR/MWh,BE,BE,day_ahead_price,value,2026-06-23T05:42:01Z
2026-06-23T05:41:39Z,2026-06-23T07:41:39+0200,c1c18315-63b2-412d-a1be-e7c0796f2236,2026-05-27T00:45:00Z,2026-05-27T02:45:00+0200,117.83,EUR/MWh,BE,BE,day_ahead_price,value,2026-06-23T05:42:01Z
2026-06-23T05:41:39Z,2026-06-23T07:41:39+0200,c1c18315-63b2-412d-a1be-e7c0796f2236,2026-05-27T01:00:00Z,2026-05-27T03:00:00+0200,117.83,EUR/MWh,BE,BE,day_ahead_price,value,2026-06-23T05:42:01Z
2026-06-23T05:41:39Z,2026-06-23T07:41:39+0200,c1c18315-63b2-412d-a1be-e7c0796f2236,2026-05-27T01:15:00Z,2026-05-27T03:15:00+0200,116.46,EUR/MWh,BE,BE,day_ahead_price,value,2026-06-23T05:42:01Z
2026-06-23T05:41:39Z,2026-06-23T07:41:39+0200,c1c18315-63b2-412d-a1be-e7c0796f2236,2026-05-27T01:30:00Z,2026-05-27T03:30:00+0200,116.04,EUR/MWh,BE,BE,day_ahead_price,value,2026-06-23T05:42:01Z
2026-06-23T05:41:39Z,2026-06-23T07:41:39+0200,c1c18315-63b2-412d-a1be-e7c0796f2236,2026-05-27T01:45:00Z,2026-05-27T03:45:00+0200,112.17,EUR/MWh,BE,BE,day_ahead_price,value,2026-06-23T05:42:01Z
2026-06-23T05:41:39Z,2026-06-23T07:41:39+0200,c1c18315-63b2-412d-a1be-e7c0796f2236,2026-05-27T02:00:00Z,2026-05-27T04:00:00+0200,113.67,EUR/MWh,BE,BE,day_ahead_price,value,2026-06-23T05:42:01Z
2026-06-23T05:41:39Z,2026-06-23T07:41:39+0200,c1c18315-63b2-412d-a1be-e7c0796f2236,2026-05-27T02:15:00Z,2026-05-27T04:15:00+0200,114.83,EUR/MWh,BE,BE,day_ahead_price,value,2026-06-23T05:42:01Z
2026-06-23T05:41:39Z,2026-06-23T07:41:39+0200,c1c18315-63b2-412d-a1be-e7c0796f2236,2026-05-27T02:30:00Z,2026-05-27T04:30:00+0200,115.34,EUR/MWh,BE,BE,day_ahead_price,value,2026-06-23T05:42:01Z
2026-06-23T05:41:39Z,2026-06-23T07:41:39+0200,c1c18315-63b2-412d-a1be-e7c0796f2236,2026-05-27T02:45:00Z,2026-05-27T04:45:00+0200,116.8,EUR/MWh,BE,BE,day_ahead_price,value,2026-06-23T05:42:01Z
2026-06-23T05:41:39Z,2026-06-23T07:41:39+0200,c1c18315-63b2-412d-a1be-e7c0796f2236,2026-05-27T03:00:00Z,2026-05-27T05:00:00+0200,112.88,EUR/MWh,BE,BE,day_ahead_price,value,2026-06-23T05:42:01Z
2026-06-23T05:41:39Z,2026-06-23T07:41:39+0200,c1c18315-63b2-412d-a1be-e7c0796f2236,2026-05-27T03:15:00Z,2026-05-27T05:15:00+0200,115.23,EUR/MWh,BE,BE,day_ahead_price,value,2026-06-23T05:42:01Z
2026-06-23T05:41:39Z,2026-06-23T07:41:39+0200,c1c18315-63b2-412d-a1be-e7c0796f2236,2026-05-27T03:30:00Z,2026-05-27T05:30:00+0200,121.08,EUR/MWh,BE,BE,day_ahead_price,value,2026-06-23T05:42:01Z
2026-06-23T05:41:39Z,2026-06-23T07:41:39+0200,c1c18315-63b2-412d-a1be-e7c0796f2236,2026-05-27T03:45:00Z,2026-05-27T05:45:00+0200,126.51,EUR/MWh,BE,BE,day_ahead_price,value,2026-06-23T05:42:01Z
2026-06-23T05:41:39Z,2026-06-23T07:41:39+0200,c1c18315-63b2-412d-a1be-e7c0796f2236,2026-05-27T04:00:00Z,2026-05-27T06:00:00+0200,124.78,EUR/MWh,BE,BE,day_ahead_price,value,2026-06-23T05:42:01Z
2026-06-23T05:41:39Z,2026-06-23T07:41:39+0200,c1c18315-63b2-412d-a1be-e7c0796f2236,2026-05-27T04:15:00Z,2026-05-27T06:15:00+0200,133.43,EUR/MWh,BE,BE,day_ahead_price,value,2026-06-23T05:42:01Z
2026-06-23T05:41:39Z,2026-06-23T07:41:39+0200,c1c18315-63b2-412d-a1be-e7c0796f2236,2026-05-27T04:30:00Z,2026-05-27T06:30:00+0200,134.14,EUR/MWh,BE,BE,day_ahead_price,value,2026-06-23T05:42:01Z
2026-06-23T05:41:39Z,2026-06-23T07:41:39+0200,c1c18315-63b2-412d-a1be-e7c0796f2236,2026-05-27T04:45:00Z,2026-05-27T06:45:00+0200,130.21,EUR/MWh,BE,BE,day_ahead_price,value,2026-06-23T05:42:01Z
2026-06-23T05:41:39Z,2026-06-23T07:41:39+0200,c1c18315-63b2-412d-a1be-e7c0796f2236,2026-05-27T05:00:00Z,2026-05-27T07:00:00+0200,143.87,EUR/MWh,BE,BE,day_ahead_price,value,2026-06-23T05:42:01Z
2026-06-23T05:41:39Z,2026-06-23T07:41:39+0200,c1c18315-63b2-412d-a1be-e7c0796f2236,2026-05-27T05:15:00Z,2026-05-27T07:15:00+0200,137.44,EUR/MWh,BE,BE,day_ahead_price,value,2026-06-23T05:42:01Z
2026-06-23T05:41:39Z,2026-06-23T07:41:39+0200,c1c18315-63b2-412d-a1be-e7c0796f2236,2026-05-27T05:30:00Z,2026-05-27T07:30:00+0200,126.03,EUR/MWh,BE,BE,day_ahead_price,value,2026-06-23T05:42:01Z
2026-06-23T05:41:39Z,2026-06-23T07:41:39+0200,c1c18315-63b2-412d-a1be-e7c0796f2236,2026-05-27T05:45:00Z,2026-05-27T07:45:00+0200,111.71,EUR/MWh,BE,BE,day_ahead_price,value,2026-06-23T05:42:01Z
2026-06-23T05:41:39Z,2026-06-23T07:41:39+0200,c1c18315-63b2-412d-a1be-e7c0796f2236,2026-05-27T06:00:00Z,2026-05-27T08:00:00+0200,141.17,EUR/MWh,BE,BE,day_ahead_price,value,2026-06-23T05:42:01Z
2026-06-23T05:41:39Z,2026-06-23T07:41:39+0200,c1c18315-63b2-412d-a1be-e7c0796f2236,2026-05-27T06:15:00Z,2026-05-27T08:15:00+0200,114.86,EUR/MWh,BE,BE,day_ahead_price,value,2026-06-23T05:42:01Z
2026-06-23T05:41:39Z,2026-06-23T07:41:39+0200,c1c18315-63b2-412d-a1be-e7c0796f2236,2026-05-27T06:30:00Z,2026-05-27T08:30:00+0200,98.32,EUR/MWh,BE,BE,day_ahead_price,value,2026-06-23T05:42:01Z
2026-06-23T05:41:39Z,2026-06-23T07:41:39+0200,c1c18315-63b2-412d-a1be-e7c0796f2236,2026-05-27T06:45:00Z,2026-05-27T08:45:00+0200,69.99,EUR/MWh,BE,BE,day_ahead_price,value,2026-06-23T05:42:01Z
2026-06-23T05:41:39Z,2026-06-23T07:41:39+0200,c1c18315-63b2-412d-a1be-e7c0796f2236,2026-05-27T07:00:00Z,2026-05-27T09:00:00+0200,103.67,EUR/MWh,BE,BE,day_ahead_price,value,2026-06-23T05:42:01Z
2026-06-23T05:41:39Z,2026-06-23T07:41:39+0200,c1c18315-63b2-412d-a1be-e7c0796f2236,2026-05-27T07:15:00Z,2026-05-27T09:15:00+0200,67.89,EUR/MWh,BE,BE,day_ahead_price,value,2026-06-23T05:42:01Z
2026-06-23T05:41:39Z,2026-06-23T07:41:39+0200,c1c18315-63b2-412d-a1be-e7c0796f2236,2026-05-27T07:30:00Z,2026-05-27T09:30:00+0200,18.06,EUR/MWh,BE,BE,day_ahead_price,value,2026-06-23T05:42:01Z
2026-06-23T05:41:39Z,2026-06-23T07:41:39+0200,c1c18315-63b2-412d-a1be-e7c0796f2236,2026-05-27T07:45:00Z,2026-05-27T09:45:00+0200,3.79,EUR/MWh,BE,BE,day_ahead_price,value,2026-06-23T05:42:01Z
2026-06-23T05:41:39Z,2026-06-23T07:41:39+0200,c1c18315-63b2-412d-a1be-e7c0796f2236,2026-05-27T08:00:00Z,2026-05-27T10:00:00+0200,11.0,EUR/MWh,BE,BE,day_ahead_price,value,2026-06-23T05:42:01Z
2026-06-23T05:41:39Z,2026-06-23T07:41:39+0200,c1c18315-63b2-412d-a1be-e7c0796f2236,2026-05-27T08:15:00Z,2026-05-27T10:15:00+0200,2.93,EUR/MWh,BE,BE,day_ahead_price,value,2026-06-23T05:42:01Z
2026-06-23T05:41:39Z,2026-06-23T07:41:39+0200,c1c18315-63b2-412d-a1be-e7c0796f2236,2026-05-27T08:30:00Z,2026-05-27T10:30:00+0200,0.61,EUR/MWh,BE,BE,day_ahead_price,value,2026-06-23T05:42:01Z
2026-06-23T05:41:39Z,2026-06-23T07:41:39+0200,c1c18315-63b2-412d-a1be-e7c0796f2236,2026-05-27T08:45:00Z,2026-05-27T10:45:00+0200,0.53,EUR/MWh,BE,BE,day_ahead_price,value,2026-06-23T05:42:01Z
2026-06-23T05:41:39Z,2026-06-23T07:41:39+0200,c1c18315-63b2-412d-a1be-e7c0796f2236,2026-05-27T09:00:00Z,2026-05-27T11:00:00+0200,0.41,EUR/MWh,BE,BE,day_ahead_price,value,2026-06-23T05:42:01Z
2026-06-23T05:41:39Z,2026-06-23T07:41:39+0200,c1c18315-63b2-412d-a1be-e7c0796f2236,2026-05-27T09:15:00Z,2026-05-27T11:15:00+0200,0.23,EUR/MWh,BE,BE,day_ahead_price,value,2026-06-23T05:42:01Z
2026-06-23T05:41:39Z,2026-06-23T07:41:39+0200,c1c18315-63b2-412d-a1be-e7c0796f2236,2026-05-27T09:30:00Z,2026-05-27T11:30:00+0200,0.07,EUR/MWh,BE,BE,day_ahead_price,value,2026-06-23T05:42:01Z
2026-06-23T05:41:39Z,2026-06-23T07:41:39+0200,c1c18315-63b2-412d-a1be-e7c0796f2236,2026-05-27T09:45:00Z,2026-05-27T11:45:00+0200,-0.29,EUR/MWh,BE,BE,day_ahead_price,value,2026-06-23T05:42:01Z
2026-06-23T05:41:39Z,2026-06-23T07:41:39+0200,c1c18315-63b2-412d-a1be-e7c0796f2236,2026-05-27T10:00:00Z,2026-05-27T12:00:00+0200,-0.29,EUR/MWh,BE,BE,day_ahead_price,value,2026-06-23T05:42:01Z
2026-06-23T05:41:39Z,2026-06-23T07:41:39+0200,c1c18315-63b2-412d-a1be-e7c0796f2236,2026-05-27T10:15:00Z,2026-05-27T12:15:00+0200,-0.36,EUR/MWh,BE,BE,day_ahead_price,value,2026-06-23T05:42:01Z
2026-06-23T05:41:39Z,2026-06-23T07:41:39+0200,c1c18315-63b2-412d-a1be-e7c0796f2236,2026-05-27T10:30:00Z,2026-05-27T12:30:00+0200,-0.33,EUR/MWh,BE,BE,day_ahead_price,value,2026-06-23T05:42:01Z
2026-06-23T05:41:39Z,2026-06-23T07:41:39+0200,c1c18315-63b2-412d-a1be-e7c0796f2236,2026-05-27T10:45:00Z,2026-05-27T12:45:00+0200,-0.26,EUR/MWh,BE,BE,day_ahead_price,value,2026-06-23T05:42:01Z
2026-06-23T05:41:39Z,2026-06-23T07:41:39+0200,c1c18315-63b2-412d-a1be-e7c0796f2236,2026-05-27T11:00:00Z,2026-05-27T13:00:00+0200,-0.24,EUR/MWh,BE,BE,day_ahead_price,value,2026-06-23T05:42:01Z
2026-06-23T05:41:39Z,2026-06-23T07:41:39+0200,c1c18315-63b2-412d-a1be-e7c0796f2236,2026-05-27T11:15:00Z,2026-05-27T13:15:00+0200,-0.23,EUR/MWh,BE,BE,day_ahead_price,value,2026-06-23T05:42:01Z
2026-06-23T05:41:39Z,2026-06-23T07:41:39+0200,c1c18315-63b2-412d-a1be-e7c0796f2236,2026-05-27T11:30:00Z,2026-05-27T13:30:00+0200,-0.14,EUR/MWh,BE,BE,day_ahead_price,value,2026-06-23T05:42:01Z
2026-06-23T05:41:39Z,2026-06-23T07:41:39+0200,c1c18315-63b2-412d-a1be-e7c0796f2236,2026-05-27T11:45:00Z,2026-05-27T13:45:00+0200,-0.14,EUR/MWh,BE,BE,day_ahead_price,value,2026-06-23T05:42:01Z
2026-06-23T05:41:39Z,2026-06-23T07:41:39+0200,c1c18315-63b2-412d-a1be-e7c0796f2236,2026-05-27T12:00:00Z,2026-05-27T14:00:00+0200,-0.42,EUR/MWh,BE,BE,day_ahead_price,value,2026-06-23T05:42:01Z
2026-06-23T05:41:39Z,2026-06-23T07:41:39+0200,c1c18315-63b2-412d-a1be-e7c0796f2236,2026-05-27T12:15:00Z,2026-05-27T14:15:00+0200,-0.25,EUR/MWh,BE,BE,day_ahead_price,value,2026-06-23T05:42:01Z
2026-06-23T05:41:39Z,2026-06-23T07:41:39+0200,c1c18315-63b2-412d-a1be-e7c0796f2236,2026-05-27T12:30:00Z,2026-05-27T14:30:00+0200,-0.61,EUR/MWh,BE,BE,day_ahead_price,value,2026-06-23T05:42:01Z
2026-06-23T05:41:39Z,2026-06-23T07:41:39+0200,c1c18315-63b2-412d-a1be-e7c0796f2236,2026-05-27T12:45:00Z,2026-05-27T14:45:00+0200,-0.67,EUR/MWh,BE,BE,day_ahead_price,value,2026-06-23T05:42:01Z
2026-06-23T05:41:39Z,2026-06-23T07:41:39+0200,c1c18315-63b2-412d-a1be-e7c0796f2236,2026-05-27T13:00:00Z,2026-05-27T15:00:00+0200,-0.67,EUR/MWh,BE,BE,day_ahead_price,value,2026-06-23T05:42:01Z
2026-06-23T05:41:39Z,2026-06-23T07:41:39+0200,c1c18315-63b2-412d-a1be-e7c0796f2236,2026-05-27T13:15:00Z,2026-05-27T15:15:00+0200,-0.76,EUR/MWh,BE,BE,day_ahead_price,value,2026-06-23T05:42:01Z
2026-06-23T05:41:39Z,2026-06-23T07:41:39+0200,c1c18315-63b2-412d-a1be-e7c0796f2236,2026-05-27T13:30:00Z,2026-05-27T15:30:00+0200,-0.69,EUR/MWh,BE,BE,day_ahead_price,value,2026-06-23T05:42:01Z
2026-06-23T05:41:39Z,2026-06-23T07:41:39+0200,c1c18315-63b2-412d-a1be-e7c0796f2236,2026-05-27T13:45:00Z,2026-05-27T15:45:00+0200,0.14,EUR/MWh,BE,BE,day_ahead_price,value,2026-06-23T05:42:01Z
2026-06-23T05:41:39Z,2026-06-23T07:41:39+0200,c1c18315-63b2-412d-a1be-e7c0796f2236,2026-05-27T14:00:00Z,2026-05-27T16:00:00+0200,-0.65,EUR/MWh,BE,BE,day_ahead_price,value,2026-06-23T05:42:01Z
2026-06-23T05:41:39Z,2026-06-23T07:41:39+0200,c1c18315-63b2-412d-a1be-e7c0796f2236,2026-05-27T14:15:00Z,2026-05-27T16:15:00+0200,0.8,EUR/MWh,BE,BE,day_ahead_price,value,2026-06-23T05:42:01Z
2026-06-23T05:41:39Z,2026-06-23T07:41:39+0200,c1c18315-63b2-412d-a1be-e7c0796f2236,2026-05-27T14:30:00Z,2026-05-27T16:30:00+0200,3.26,EUR/MWh,BE,BE,day_ahead_price,value,2026-06-23T05:42:01Z
2026-06-23T05:41:39Z,2026-06-23T07:41:39+0200,c1c18315-63b2-412d-a1be-e7c0796f2236,2026-05-27T14:45:00Z,2026-05-27T16:45:00+0200,11.83,EUR/MWh,BE,BE,day_ahead_price,value,2026-06-23T05:42:01Z
2026-06-23T05:41:39Z,2026-06-23T07:41:39+0200,c1c18315-63b2-412d-a1be-e7c0796f2236,2026-05-27T15:00:00Z,2026-05-27T17:00:00+0200,2.91,EUR/MWh,BE,BE,day_ahead_price,value,2026-06-23T05:42:01Z
2026-06-23T05:41:39Z,2026-06-23T07:41:39+0200,c1c18315-63b2-412d-a1be-e7c0796f2236,2026-05-27T15:15:00Z,2026-05-27T17:15:00+0200,11.46,EUR/MWh,BE,BE,day_ahead_price,value,2026-06-23T05:42:01Z
2026-06-23T05:41:39Z,2026-06-23T07:41:39+0200,c1c18315-63b2-412d-a1be-e7c0796f2236,2026-05-27T15:30:00Z,2026-05-27T17:30:00+0200,40.67,EUR/MWh,BE,BE,day_ahead_price,value,2026-06-23T05:42:01Z
2026-06-23T05:41:39Z,2026-06-23T07:41:39+0200,c1c18315-63b2-412d-a1be-e7c0796f2236,2026-05-27T15:45:00Z,2026-05-27T17:45:00+0200,82.74,EUR/MWh,BE,BE,day_ahead_price,value,2026-06-23T05:42:01Z
2026-06-23T05:41:39Z,2026-06-23T07:41:39+0200,c1c18315-63b2-412d-a1be-e7c0796f2236,2026-05-27T16:00:00Z,2026-05-27T18:00:00+0200,38.78,EUR/MWh,BE,BE,day_ahead_price,value,2026-06-23T05:42:01Z
2026-06-23T05:41:39Z,2026-06-23T07:41:39+0200,c1c18315-63b2-412d-a1be-e7c0796f2236,2026-05-27T16:15:00Z,2026-05-27T18:15:00+0200,86.21,EUR/MWh,BE,BE,day_ahead_price,value,2026-06-23T05:42:01Z
2026-06-23T05:41:39Z,2026-06-23T07:41:39+0200,c1c18315-63b2-412d-a1be-e7c0796f2236,2026-05-27T16:30:00Z,2026-05-27T18:30:00+0200,115.81,EUR/MWh,BE,BE,day_ahead_price,value,2026-06-23T05:42:01Z
2026-06-23T05:41:39Z,2026-06-23T07:41:39+0200,c1c18315-63b2-412d-a1be-e7c0796f2236,2026-05-27T16:45:00Z,2026-05-27T18:45:00+0200,141.21,EUR/MWh,BE,BE,day_ahead_price,value,2026-06-23T05:42:01Z
2026-06-23T05:41:39Z,2026-06-23T07:41:39+0200,c1c18315-63b2-412d-a1be-e7c0796f2236,2026-05-27T17:00:00Z,2026-05-27T19:00:00+0200,107.07,EUR/MWh,BE,BE,day_ahead_price,value,2026-06-23T05:42:01Z
2026-06-23T05:41:39Z,2026-06-23T07:41:39+0200,c1c18315-63b2-412d-a1be-e7c0796f2236,2026-05-27T17:15:00Z,2026-05-27T19:15:00+0200,134.21,EUR/MWh,BE,BE,day_ahead_price,value,2026-06-23T05:42:01Z
2026-06-23T05:41:39Z,2026-06-23T07:41:39+0200,c1c18315-63b2-412d-a1be-e7c0796f2236,2026-05-27T17:30:00Z,2026-05-27T19:30:00+0200,145.49,EUR/MWh,BE,BE,day_ahead_price,value,2026-06-23T05:42:01Z
2026-06-23T05:41:39Z,2026-06-23T07:41:39+0200,c1c18315-63b2-412d-a1be-e7c0796f2236,2026-05-27T17:45:00Z,2026-05-27T19:45:00+0200,152.99,EUR/MWh,BE,BE,day_ahead_price,value,2026-06-23T05:42:01Z
2026-06-23T05:41:39Z,2026-06-23T07:41:39+0200,c1c18315-63b2-412d-a1be-e7c0796f2236,2026-05-27T18:00:00Z,2026-05-27T20:00:00+0200,136.44,EUR/MWh,BE,BE,day_ahead_price,value,2026-06-23T05:42:01Z
2026-06-23T05:41:39Z,2026-06-23T07:41:39+0200,c1c18315-63b2-412d-a1be-e7c0796f2236,2026-05-27T18:15:00Z,2026-05-27T20:15:00+0200,145.44,EUR/MWh,BE,BE,day_ahead_price,value,2026-06-23T05:42:01Z
2026-06-23T05:41:39Z,2026-06-23T07:41:39+0200,c1c18315-63b2-412d-a1be-e7c0796f2236,2026-05-27T18:30:00Z,2026-05-27T20:30:00+0200,156.38,EUR/MWh,BE,BE,day_ahead_price,value,2026-06-23T05:42:01Z
2026-06-23T05:41:39Z,2026-06-23T07:41:39+0200,c1c18315-63b2-412d-a1be-e7c0796f2236,2026-05-27T18:45:00Z,2026-05-27T20:45:00+0200,162.34,EUR/MWh,BE,BE,day_ahead_price,value,2026-06-23T05:42:01Z
2026-06-23T05:41:39Z,2026-06-23T07:41:39+0200,c1c18315-63b2-412d-a1be-e7c0796f2236,2026-05-27T19:00:00Z,2026-05-27T21:00:00+0200,161.42,EUR/MWh,BE,BE,day_ahead_price,value,2026-06-23T05:42:01Z
2026-06-23T05:41:39Z,2026-06-23T07:41:39+0200,c1c18315-63b2-412d-a1be-e7c0796f2236,2026-05-27T19:15:00Z,2026-05-27T21:15:00+0200,158.01,EUR/MWh,BE,BE,day_ahead_price,value,2026-06-23T05:42:01Z
2026-06-23T05:41:39Z,2026-06-23T07:41:39+0200,c1c18315-63b2-412d-a1be-e7c0796f2236,2026-05-27T19:30:00Z,2026-05-27T21:30:00+0200,152.75,EUR/MWh,BE,BE,day_ahead_price,value,2026-06-23T05:42:01Z
2026-06-23T05:41:39Z,2026-06-23T07:41:39+0200,c1c18315-63b2-412d-a1be-e7c0796f2236,2026-05-27T19:45:00Z,2026-05-27T21:45:00+0200,143.56,EUR/MWh,BE,BE,day_ahead_price,value,2026-06-23T05:42:01Z
2026-06-23T05:41:39Z,2026-06-23T07:41:39+0200,c1c18315-63b2-412d-a1be-e7c0796f2236,2026-05-27T20:00:00Z,2026-05-27T22:00:00+0200,151.87,EUR/MWh,BE,BE,day_ahead_price,value,2026-06-23T05:42:01Z
2026-06-23T05:41:39Z,2026-06-23T07:41:39+0200,c1c18315-63b2-412d-a1be-e7c0796f2236,2026-05-27T20:15:00Z,2026-05-27T22:15:00+0200,143.31,EUR/MWh,BE,BE,day_ahead_price,value,2026-06-23T05:42:01Z
2026-06-23T05:41:39Z,2026-06-23T07:41:39+0200,c1c18315-63b2-412d-a1be-e7c0796f2236,2026-05-27T20:30:00Z,2026-05-27T22:30:00+0200,140.15,EUR/MWh,BE,BE,day_ahead_price,value,2026-06-23T05:42:01Z
2026-06-23T05:41:39Z,2026-06-23T07:41:39+0200,c1c18315-63b2-412d-a1be-e7c0796f2236,2026-05-27T20:45:00Z,2026-05-27T22:45:00+0200,134.03,EUR/MWh,BE,BE,day_ahead_price,value,2026-06-23T05:42:01Z
2026-06-23T05:41:39Z,2026-06-23T07:41:39+0200,c1c18315-63b2-412d-a1be-e7c0796f2236,2026-05-27T21:00:00Z,2026-05-27T23:00:00+0200,137.34,EUR/MWh,BE,BE,day_ahead_price,value,2026-06-23T05:42:01Z
2026-06-23T05:41:39Z,2026-06-23T07:41:39+0200,c1c18315-63b2-412d-a1be-e7c0796f2236,2026-05-27T21:15:00Z,2026-05-27T23:15:00+0200,131.86,EUR/MWh,BE,BE,day_ahead_price,value,2026-06-23T05:42:01Z
2026-06-23T05:41:39Z,2026-06-23T07:41:39+0200,c1c18315-63b2-412d-a1be-e7c0796f2236,2026-05-27T21:30:00Z,2026-05-27T23:30:00+0200,129.2,EUR/MWh,BE,BE,day_ahead_price,value,2026-06-23T05:42:01Z
2026-06-23T05:41:39Z,2026-06-23T07:41:39+0200,c1c18315-63b2-412d-a1be-e7c0796f2236,2026-05-27T21:45:00Z,2026-05-27T23:45:00+0200,126.08,EUR/MWh,BE,BE,day_ahead_price,value,2026-06-23T05:42:01Z
2026-06-23T05:41:39Z,2026-06-23T07:41:39+0200,c1c18315-63b2-412d-a1be-e7c0796f2236,2026-05-27T22:00:00Z,2026-05-28T00:00:00+0200,133.43,EUR/MWh,BE,BE,day_ahead_price,value,2026-06-23T05:42:01Z
2026-06-23T05:41:39Z,2026-06-23T07:41:39+0200,c1c18315-63b2-412d-a1be-e7c0796f2236,2026-05-27T22:15:00Z,2026-05-28T00:15:00+0200,127.74,EUR/MWh,BE,BE,day_ahead_price,value,2026-06-23T05:42:01Z
2026-06-23T05:41:39Z,2026-06-23T07:41:39+0200,c1c18315-63b2-412d-a1be-e7c0796f2236,2026-05-27T22:30:00Z,2026-05-28T00:30:00+0200,125.55,EUR/MWh,BE,BE,day_ahead_price,value,2026-06-23T05:42:01Z
2026-06-23T05:41:39Z,2026-06-23T07:41:39+0200,c1c18315-63b2-412d-a1be-e7c0796f2236,2026-05-27T22:45:00Z,2026-05-28T00:45:00+0200,124.59,EUR/MWh,BE,BE,day_ahead_price,value,2026-06-23T05:42:01Z
2026-06-23T05:41:39Z,2026-06-23T07:41:39+0200,c1c18315-63b2-412d-a1be-e7c0796f2236,2026-05-27T23:00:00Z,2026-05-28T01:00:00+0200,129.77,EUR/MWh,BE,BE,day_ahead_price,value,2026-06-23T05:42:01Z
2026-06-23T05:41:39Z,2026-06-23T07:41:39+0200,c1c18315-63b2-412d-a1be-e7c0796f2236,2026-05-27T23:15:00Z,2026-05-28T01:15:00+0200,123.92,EUR/MWh,BE,BE,day_ahead_price,value,2026-06-23T05:42:01Z
2026-06-23T05:41:39Z,2026-06-23T07:41:39+0200,c1c18315-63b2-412d-a1be-e7c0796f2236,2026-05-27T23:30:00Z,2026-05-28T01:30:00+0200,123.35,EUR/MWh,BE,BE,day_ahead_price,value,2026-06-23T05:42:01Z
2026-06-23T05:41:39Z,2026-06-23T07:41:39+0200,c1c18315-63b2-412d-a1be-e7c0796f2236,2026-05-27T23:45:00Z,2026-05-28T01:45:00+0200,121.19,EUR/MWh,BE,BE,day_ahead_price,value,2026-06-23T05:42:01Z
2026-06-23T05:41:39Z,2026-06-23T07:41:39+0200,c1c18315-63b2-412d-a1be-e7c0796f2236,2026-05-28T00:00:00Z,2026-05-28T02:00:00+0200,123.25,EUR/MWh,BE,BE,day_ahead_price,value,2026-06-23T05:42:01Z
2026-06-23T05:41:39Z,2026-06-23T07:41:39+0200,c1c18315-63b2-412d-a1be-e7c0796f2236,2026-05-28T00:15:00Z,2026-05-28T02:15:00+0200,121.33,EUR/MWh,BE,BE,day_ahead_price,value,2026-06-23T05:42:01Z
2026-06-23T05:41:39Z,2026-06-23T07:41:39+0200,c1c18315-63b2-412d-a1be-e7c0796f2236,2026-05-28T00:30:00Z,2026-05-28T02:30:00+0200,120.69,EUR/MWh,BE,BE,day_ahead_price,value,2026-06-23T05:42:01Z
2026-06-23T05:41:39Z,2026-06-23T07:41:39+0200,c1c18315-63b2-412d-a1be-e7c0796f2236,2026-05-28T00:45:00Z,2026-05-28T02:45:00+0200,116.45,EUR/MWh,BE,BE,day_ahead_price,value,2026-06-23T05:42:01Z
2026-06-23T05:41:39Z,2026-06-23T07:41:39+0200,c1c18315-63b2-412d-a1be-e7c0796f2236,2026-05-28T01:00:00Z,2026-05-28T03:00:00+0200,116.63,EUR/MWh,BE,BE,day_ahead_price,value,2026-06-23T05:42:01Z
2026-06-23T05:41:39Z,2026-06-23T07:41:39+0200,c1c18315-63b2-412d-a1be-e7c0796f2236,2026-05-28T01:15:00Z,2026-05-28T03:15:00+0200,117.81,EUR/MWh,BE,BE,day_ahead_price,value,2026-06-23T05:42:01Z
2026-06-23T05:41:39Z,2026-06-23T07:41:39+0200,c1c18315-63b2-412d-a1be-e7c0796f2236,2026-05-28T01:30:00Z,2026-05-28T03:30:00+0200,119.4,EUR/MWh,BE,BE,day_ahead_price,value,2026-06-23T05:42:01Z
2026-06-23T05:41:39Z,2026-06-23T07:41:39+0200,c1c18315-63b2-412d-a1be-e7c0796f2236,2026-05-28T01:45:00Z,2026-05-28T03:45:00+0200,119.09,EUR/MWh,BE,BE,day_ahead_price,value,2026-06-23T05:42:01Z
2026-06-23T05:41:39Z,2026-06-23T07:41:39+0200,c1c18315-63b2-412d-a1be-e7c0796f2236,2026-05-28T02:00:00Z,2026-05-28T04:00:00+0200,118.45,EUR/MWh,BE,BE,day_ahead_price,value,2026-06-23T05:42:01Z
2026-06-23T05:41:39Z,2026-06-23T07:41:39+0200,c1c18315-63b2-412d-a1be-e7c0796f2236,2026-05-28T02:15:00Z,2026-05-28T04:15:00+0200,121.14,EUR/MWh,BE,BE,day_ahead_price,value,2026-06-23T05:42:01Z
2026-06-23T05:41:39Z,2026-06-23T07:41:39+0200,c1c18315-63b2-412d-a1be-e7c0796f2236,2026-05-28T02:30:00Z,2026-05-28T04:30:00+0200,125.55,EUR/MWh,BE,BE,day_ahead_price,value,2026-06-23T05:42:01Z
2026-06-23T05:41:39Z,2026-06-23T07:41:39+0200,c1c18315-63b2-412d-a1be-e7c0796f2236,2026-05-28T02:45:00Z,2026-05-28T04:45:00+0200,129.41,EUR/MWh,BE,BE,day_ahead_price,value,2026-06-23T05:42:01Z
2026-06-23T05:41:39Z,2026-06-23T07:41:39+0200,c1c18315-63b2-412d-a1be-e7c0796f2236,2026-05-28T03:00:00Z,2026-05-28T05:00:00+0200,126.1,EUR/MWh,BE,BE,day_ahead_price,value,2026-06-23T05:42:01Z
2026-06-23T05:41:39Z,2026-06-23T07:41:39+0200,c1c18315-63b2-412d-a1be-e7c0796f2236,2026-05-28T03:15:00Z,2026-05-28T05:15:00+0200,129.36,EUR/MWh,BE,BE,day_ahead_price,value,2026-06-23T05:42:01Z
2026-06-23T05:41:39Z,2026-06-23T07:41:39+0200,c1c18315-63b2-412d-a1be-e7c0796f2236,2026-05-28T03:30:00Z,2026-05-28T05:30:00+0200,133.26,EUR/MWh,BE,BE,day_ahead_price,value,2026-06-23T05:42:01Z
2026-06-23T05:41:39Z,2026-06-23T07:41:39+0200,c1c18315-63b2-412d-a1be-e7c0796f2236,2026-05-28T03:45:00Z,2026-05-28T05:45:00+0200,133.98,EUR/MWh,BE,BE,day_ahead_price,value,2026-06-23T05:42:01Z
2026-06-23T05:41:39Z,2026-06-23T07:41:39+0200,c1c18315-63b2-412d-a1be-e7c0796f2236,2026-05-28T04:00:00Z,2026-05-28T06:00:00+0200,141.24,EUR/MWh,BE,BE,day_ahead_price,value,2026-06-23T05:42:01Z
2026-06-23T05:41:39Z,2026-06-23T07:41:39+0200,c1c18315-63b2-412d-a1be-e7c0796f2236,2026-05-28T04:15:00Z,2026-05-28T06:15:00+0200,146.8,EUR/MWh,BE,BE,day_ahead_price,value,2026-06-23T05:42:01Z
2026-06-23T05:41:39Z,2026-06-23T07:41:39+0200,c1c18315-63b2-412d-a1be-e7c0796f2236,2026-05-28T04:30:00Z,2026-05-28T06:30:00+0200,143.85,EUR/MWh,BE,BE,day_ahead_price,value,2026-06-23T05:42:01Z
2026-06-23T05:41:39Z,2026-06-23T07:41:39+0200,c1c18315-63b2-412d-a1be-e7c0796f2236,2026-05-28T04:45:00Z,2026-05-28T06:45:00+0200,142.26,EUR/MWh,BE,BE,day_ahead_price,value,2026-06-23T05:42:01Z
2026-06-23T05:41:39Z,2026-06-23T07:41:39+0200,c1c18315-63b2-412d-a1be-e7c0796f2236,2026-05-28T05:00:00Z,2026-05-28T07:00:00+0200,149.93,EUR/MWh,BE,BE,day_ahead_price,value,2026-06-23T05:42:01Z
2026-06-23T05:41:39Z,2026-06-23T07:41:39+0200,c1c18315-63b2-412d-a1be-e7c0796f2236,2026-05-28T05:15:00Z,2026-05-28T07:15:00+0200,143.49,EUR/MWh,BE,BE,day_ahead_price,value,2026-06-23T05:42:01Z
2026-06-23T05:41:39Z,2026-06-23T07:41:39+0200,c1c18315-63b2-412d-a1be-e7c0796f2236,2026-05-28T05:30:00Z,2026-05-28T07:30:00+0200,134.95,EUR/MWh,BE,BE,day_ahead_price,value,2026-06-23T05:42:01Z
2026-06-23T05:41:39Z,2026-06-23T07:41:39+0200,c1c18315-63b2-412d-a1be-e7c0796f2236,2026-05-28T05:45:00Z,2026-05-28T07:45:00+0200,117.03,EUR/MWh,BE,BE,day_ahead_price,value,2026-06-23T05:42:01Z
2026-06-23T05:41:39Z,2026-06-23T07:41:39+0200,c1c18315-63b2-412d-a1be-e7c0796f2236,2026-05-28T06:00:00Z,2026-05-28T08:00:00+0200,142.03,EUR/MWh,BE,BE,day_ahead_price,value,2026-06-23T05:42:01Z
2026-06-23T05:41:39Z,2026-06-23T07:41:39+0200,c1c18315-63b2-412d-a1be-e7c0796f2236,2026-05-28T06:15:00Z,2026-05-28T08:15:00+0200,129.56,EUR/MWh,BE,BE,day_ahead_price,value,2026-06-23T05:42:01Z
2026-06-23T05:41:39Z,2026-06-23T07:41:39+0200,c1c18315-63b2-412d-a1be-e7c0796f2236,2026-05-28T06:30:00Z,2026-05-28T08:30:00+0200,119.01,EUR/MWh,BE,BE,day_ahead_price,value,2026-06-23T05:42:01Z
2026-06-23T05:41:39Z,2026-06-23T07:41:39+0200,c1c18315-63b2-412d-a1be-e7c0796f2236,2026-05-28T06:45:00Z,2026-05-28T08:45:00+0200,95.52,EUR/MWh,BE,BE,day_ahead_price,value,2026-06-23T05:42:01Z
2026-06-23T05:41:39Z,2026-06-23T07:41:39+0200,c1c18315-63b2-412d-a1be-e7c0796f2236,2026-05-28T07:00:00Z,2026-05-28T09:00:00+0200,122.15,EUR/MWh,BE,BE,day_ahead_price,value,2026-06-23T05:42:01Z
2026-06-23T05:41:39Z,2026-06-23T07:41:39+0200,c1c18315-63b2-412d-a1be-e7c0796f2236,2026-05-28T07:15:00Z,2026-05-28T09:15:00+0200,91.13,EUR/MWh,BE,BE,day_ahead_price,value,2026-06-23T05:42:01Z
2026-06-23T05:41:39Z,2026-06-23T07:41:39+0200,c1c18315-63b2-412d-a1be-e7c0796f2236,2026-05-28T07:30:00Z,2026-05-28T09:30:00+0200,74.83,EUR/MWh,BE,BE,day_ahead_price,value,2026-06-23T05:42:01Z
2026-06-23T05:41:39Z,2026-06-23T07:41:39+0200,c1c18315-63b2-412d-a1be-e7c0796f2236,2026-05-28T07:45:00Z,2026-05-28T09:45:00+0200,52.35,EUR/MWh,BE,BE,day_ahead_price,value,2026-06-23T05:42:01Z
2026-06-23T05:41:39Z,2026-06-23T07:41:39+0200,c1c18315-63b2-412d-a1be-e7c0796f2236,2026-05-28T08:00:00Z,2026-05-28T10:00:00+0200,51.08,EUR/MWh,BE,BE,day_ahead_price,value,2026-06-23T05:42:01Z
2026-06-23T05:41:39Z,2026-06-23T07:41:39+0200,c1c18315-63b2-412d-a1be-e7c0796f2236,2026-05-28T08:15:00Z,2026-05-28T10:15:00+0200,18.07,EUR/MWh,BE,BE,day_ahead_price,value,2026-06-23T05:42:01Z
2026-06-23T05:41:39Z,2026-06-23T07:41:39+0200,c1c18315-63b2-412d-a1be-e7c0796f2236,2026-05-28T08:30:00Z,2026-05-28T10:30:00+0200,6.32,EUR/MWh,BE,BE,day_ahead_price,value,2026-06-23T05:42:01Z
2026-06-23T05:41:39Z,2026-06-23T07:41:39+0200,c1c18315-63b2-412d-a1be-e7c0796f2236,2026-05-28T08:45:00Z,2026-05-28T10:45:00+0200,2.51,EUR/MWh,BE,BE,day_ahead_price,value,2026-06-23T05:42:01Z
2026-06-23T05:41:39Z,2026-06-23T07:41:39+0200,c1c18315-63b2-412d-a1be-e7c0796f2236,2026-05-28T09:00:00Z,2026-05-28T11:00:00+0200,1.56,EUR/MWh,BE,BE,day_ahead_price,value,2026-06-23T05:42:01Z
2026-06-23T05:41:39Z,2026-06-23T07:41:39+0200,c1c18315-63b2-412d-a1be-e7c0796f2236,2026-05-28T09:15:00Z,2026-05-28T11:15:00+0200,0.7,EUR/MWh,BE,BE,day_ahead_price,value,2026-06-23T05:42:01Z
2026-06-23T05:41:39Z,2026-06-23T07:41:39+0200,c1c18315-63b2-412d-a1be-e7c0796f2236,2026-05-28T09:30:00Z,2026-05-28T11:30:00+0200,0.01,EUR/MWh,BE,BE,day_ahead_price,value,2026-06-23T05:42:01Z
2026-06-23T05:41:39Z,2026-06-23T07:41:39+0200,c1c18315-63b2-412d-a1be-e7c0796f2236,2026-05-28T09:45:00Z,2026-05-28T11:45:00+0200,0.0,EUR/MWh,BE,BE,day_ahead_price,value,2026-06-23T05:42:01Z
2026-06-23T05:41:39Z,2026-06-23T07:41:39+0200,c1c18315-63b2-412d-a1be-e7c0796f2236,2026-05-28T10:00:00Z,2026-05-28T12:00:00+0200,0.06,EUR/MWh,BE,BE,day_ahead_price,value,2026-06-23T05:42:01Z
2026-06-23T05:41:39Z,2026-06-23T07:41:39+0200,c1c18315-63b2-412d-a1be-e7c0796f2236,2026-05-28T10:15:00Z,2026-05-28T12:15:00+0200,0.01,EUR/MWh,BE,BE,day_ahead_price,value,2026-06-23T05:42:01Z
2026-06-23T05:41:39Z,2026-06-23T07:41:39+0200,c1c18315-63b2-412d-a1be-e7c0796f2236,2026-05-28T10:30:00Z,2026-05-28T12:30:00+0200,0.0,EUR/MWh,BE,BE,day_ahead_price,value,2026-06-23T05:42:01Z
2026-06-23T05:41:39Z,2026-06-23T07:41:39+0200,c1c18315-63b2-412d-a1be-e7c0796f2236,2026-05-28T10:45:00Z,2026-05-28T12:45:00+0200,0.01,EUR/MWh,BE,BE,day_ahead_price,value,2026-06-23T05:42:01Z
2026-06-23T05:41:39Z,2026-06-23T07:41:39+0200,c1c18315-63b2-412d-a1be-e7c0796f2236,2026-05-28T11:00:00Z,2026-05-28T13:00:00+0200,0.01,EUR/MWh,BE,BE,day_ahead_price,value,2026-06-23T05:42:01Z
2026-06-23T05:41:39Z,2026-06-23T07:41:39+0200,c1c18315-63b2-412d-a1be-e7c0796f2236,2026-05-28T11:15:00Z,2026-05-28T13:15:00+0200,0.01,EUR/MWh,BE,BE,day_ahead_price,value,2026-06-23T05:42:01Z
2026-06-23T05:41:39Z,2026-06-23T07:41:39+0200,c1c18315-63b2-412d-a1be-e7c0796f2236,2026-05-28T11:30:00Z,2026-05-28T13:30:00+0200,0.0,EUR/MWh,BE,BE,day_ahead_price,value,2026-06-23T05:42:01Z
2026-06-23T05:41:39Z,2026-06-23T07:41:39+0200,c1c18315-63b2-412d-a1be-e7c0796f2236,2026-05-28T11:45:00Z,2026-05-28T13:45:00+0200,0.01,EUR/MWh,BE,BE,day_ahead_price,value,2026-06-23T05:42:01Z
2026-06-23T05:41:39Z,2026-06-23T07:41:39+0200,c1c18315-63b2-412d-a1be-e7c0796f2236,2026-05-28T12:00:00Z,2026-05-28T14:00:00+0200,0.01,EUR/MWh,BE,BE,day_ahead_price,value,2026-06-23T05:42:01Z
2026-06-23T05:41:39Z,2026-06-23T07:41:39+0200,c1c18315-63b2-412d-a1be-e7c0796f2236,2026-05-28T12:15:00Z,2026-05-28T14:15:00+0200,0.0,EUR/MWh,BE,BE,day_ahead_price,value,2026-06-23T05:42:01Z
2026-06-23T05:41:39Z,2026-06-23T07:41:39+0200,c1c18315-63b2-412d-a1be-e7c0796f2236,2026-05-28T12:30:00Z,2026-05-28T14:30:00+0200,0.01,EUR/MWh,BE,BE,day_ahead_price,value,2026-06-23T05:42:01Z
2026-06-23T05:41:39Z,2026-06-23T07:41:39+0200,c1c18315-63b2-412d-a1be-e7c0796f2236,2026-05-28T12:45:00Z,2026-05-28T14:45:00+0200,0.02,EUR/MWh,BE,BE,day_ahead_price,value,2026-06-23T05:42:01Z
2026-06-23T05:41:39Z,2026-06-23T07:41:39+0200,c1c18315-63b2-412d-a1be-e7c0796f2236,2026-05-28T13:00:00Z,2026-05-28T15:00:00+0200,0.01,EUR/MWh,BE,BE,day_ahead_price,value,2026-06-23T05:42:01Z
2026-06-23T05:41:39Z,2026-06-23T07:41:39+0200,c1c18315-63b2-412d-a1be-e7c0796f2236,2026-05-28T13:15:00Z,2026-05-28T15:15:00+0200,0.01,EUR/MWh,BE,BE,day_ahead_price,value,2026-06-23T05:42:01Z
2026-06-23T05:41:39Z,2026-06-23T07:41:39+0200,c1c18315-63b2-412d-a1be-e7c0796f2236,2026-05-28T13:30:00Z,2026-05-28T15:30:00+0200,0.84,EUR/MWh,BE,BE,day_ahead_price,value,2026-06-23T05:42:01Z
2026-06-23T05:41:39Z,2026-06-23T07:41:39+0200,c1c18315-63b2-412d-a1be-e7c0796f2236,2026-05-28T13:45:00Z,2026-05-28T15:45:00+0200,4.34,EUR/MWh,BE,BE,day_ahead_price,value,2026-06-23T05:42:01Z
2026-06-23T05:41:39Z,2026-06-23T07:41:39+0200,c1c18315-63b2-412d-a1be-e7c0796f2236,2026-05-28T14:00:00Z,2026-05-28T16:00:00+0200,2.84,EUR/MWh,BE,BE,day_ahead_price,value,2026-06-23T05:42:01Z
2026-06-23T05:41:39Z,2026-06-23T07:41:39+0200,c1c18315-63b2-412d-a1be-e7c0796f2236,2026-05-28T14:15:00Z,2026-05-28T16:15:00+0200,10.0,EUR/MWh,BE,BE,day_ahead_price,value,2026-06-23T05:42:01Z
2026-06-23T05:41:39Z,2026-06-23T07:41:39+0200,c1c18315-63b2-412d-a1be-e7c0796f2236,2026-05-28T14:30:00Z,2026-05-28T16:30:00+0200,45.79,EUR/MWh,BE,BE,day_ahead_price,value,2026-06-23T05:42:01Z
2026-06-23T05:41:39Z,2026-06-23T07:41:39+0200,c1c18315-63b2-412d-a1be-e7c0796f2236,2026-05-28T14:45:00Z,2026-05-28T16:45:00+0200,85.93,EUR/MWh,BE,BE,day_ahead_price,value,2026-06-23T05:42:01Z
2026-06-23T05:41:39Z,2026-06-23T07:41:39+0200,c1c18315-63b2-412d-a1be-e7c0796f2236,2026-05-28T15:00:00Z,2026-05-28T17:00:00+0200,61.42,EUR/MWh,BE,BE,day_ahead_price,value,2026-06-23T05:42:01Z
2026-06-23T05:41:39Z,2026-06-23T07:41:39+0200,c1c18315-63b2-412d-a1be-e7c0796f2236,2026-05-28T15:15:00Z,2026-05-28T17:15:00+0200,85.83,EUR/MWh,BE,BE,day_ahead_price,value,2026-06-23T05:42:01Z
2026-06-23T05:41:39Z,2026-06-23T07:41:39+0200,c1c18315-63b2-412d-a1be-e7c0796f2236,2026-05-28T15:30:00Z,2026-05-28T17:30:00+0200,104.75,EUR/MWh,BE,BE,day_ahead_price,value,2026-06-23T05:42:01Z
2026-06-23T05:41:39Z,2026-06-23T07:41:39+0200,c1c18315-63b2-412d-a1be-e7c0796f2236,2026-05-28T15:45:00Z,2026-05-28T17:45:00+0200,130.59,EUR/MWh,BE,BE,day_ahead_price,value,2026-06-23T05:42:01Z
2026-06-23T05:41:39Z,2026-06-23T07:41:39+0200,c1c18315-63b2-412d-a1be-e7c0796f2236,2026-05-28T16:00:00Z,2026-05-28T18:00:00+0200,105.7,EUR/MWh,BE,BE,day_ahead_price,value,2026-06-23T05:42:01Z
2026-06-23T05:41:39Z,2026-06-23T07:41:39+0200,c1c18315-63b2-412d-a1be-e7c0796f2236,2026-05-28T16:15:00Z,2026-05-28T18:15:00+0200,125.28,EUR/MWh,BE,BE,day_ahead_price,value,2026-06-23T05:42:01Z
2026-06-23T05:41:39Z,2026-06-23T07:41:39+0200,c1c18315-63b2-412d-a1be-e7c0796f2236,2026-05-28T16:30:00Z,2026-05-28T18:30:00+0200,147.28,EUR/MWh,BE,BE,day_ahead_price,value,2026-06-23T05:42:01Z
2026-06-23T05:41:39Z,2026-06-23T07:41:39+0200,c1c18315-63b2-412d-a1be-e7c0796f2236,2026-05-28T16:45:00Z,2026-05-28T18:45:00+0200,165.3,EUR/MWh,BE,BE,day_ahead_price,value,2026-06-23T05:42:01Z
2026-06-23T05:41:39Z,2026-06-23T07:41:39+0200,c1c18315-63b2-412d-a1be-e7c0796f2236,2026-05-28T17:00:00Z,2026-05-28T19:00:00+0200,131.08,EUR/MWh,BE,BE,day_ahead_price,value,2026-06-23T05:42:01Z
2026-06-23T05:41:39Z,2026-06-23T07:41:39+0200,c1c18315-63b2-412d-a1be-e7c0796f2236,2026-05-28T17:15:00Z,2026-05-28T19:15:00+0200,168.47,EUR/MWh,BE,BE,day_ahead_price,value,2026-06-23T05:42:01Z
2026-06-23T05:41:39Z,2026-06-23T07:41:39+0200,c1c18315-63b2-412d-a1be-e7c0796f2236,2026-05-28T17:30:00Z,2026-05-28T19:30:00+0200,191.81,EUR/MWh,BE,BE,day_ahead_price,value,2026-06-23T05:42:01Z
2026-06-23T05:41:39Z,2026-06-23T07:41:39+0200,c1c18315-63b2-412d-a1be-e7c0796f2236,2026-05-28T17:45:00Z,2026-05-28T19:45:00+0200,307.83,EUR/MWh,BE,BE,day_ahead_price,value,2026-06-23T05:42:01Z
2026-06-23T05:41:39Z,2026-06-23T07:41:39+0200,c1c18315-63b2-412d-a1be-e7c0796f2236,2026-05-28T18:00:00Z,2026-05-28T20:00:00+0200,244.67,EUR/MWh,BE,BE,day_ahead_price,value,2026-06-23T05:42:01Z
2026-06-23T05:41:39Z,2026-06-23T07:41:39+0200,c1c18315-63b2-412d-a1be-e7c0796f2236,2026-05-28T18:15:00Z,2026-05-28T20:15:00+0200,344.32,EUR/MWh,BE,BE,day_ahead_price,value,2026-06-23T05:42:01Z
2026-06-23T05:41:39Z,2026-06-23T07:41:39+0200,c1c18315-63b2-412d-a1be-e7c0796f2236,2026-05-28T18:30:00Z,2026-05-28T20:30:00+0200,445.64,EUR/MWh,BE,BE,day_ahead_price,value,2026-06-23T05:42:01Z
2026-06-23T05:41:39Z,2026-06-23T07:41:39+0200,c1c18315-63b2-412d-a1be-e7c0796f2236,2026-05-28T18:45:00Z,2026-05-28T20:45:00+0200,445.0,EUR/MWh,BE,BE,day_ahead_price,value,2026-06-23T05:42:01Z
2026-06-23T05:41:39Z,2026-06-23T07:41:39+0200,c1c18315-63b2-412d-a1be-e7c0796f2236,2026-05-28T19:00:00Z,2026-05-28T21:00:00+0200,419.23,EUR/MWh,BE,BE,day_ahead_price,value,2026-06-23T05:42:01Z
2026-06-23T05:41:39Z,2026-06-23T07:41:39+0200,c1c18315-63b2-412d-a1be-e7c0796f2236,2026-05-28T19:15:00Z,2026-05-28T21:15:00+0200,426.59,EUR/MWh,BE,BE,day_ahead_price,value,2026-06-23T05:42:01Z
2026-06-23T05:41:39Z,2026-06-23T07:41:39+0200,c1c18315-63b2-412d-a1be-e7c0796f2236,2026-05-28T19:30:00Z,2026-05-28T21:30:00+0200,351.53,EUR/MWh,BE,BE,day_ahead_price,value,2026-06-23T05:42:01Z
2026-06-23T05:41:39Z,2026-06-23T07:41:39+0200,c1c18315-63b2-412d-a1be-e7c0796f2236,2026-05-28T19:45:00Z,2026-05-28T21:45:00+0200,230.02,EUR/MWh,BE,BE,day_ahead_price,value,2026-06-23T05:42:01Z
2026-06-23T05:41:39Z,2026-06-23T07:41:39+0200,c1c18315-63b2-412d-a1be-e7c0796f2236,2026-05-28T20:00:00Z,2026-05-28T22:00:00+0200,300.91,EUR/MWh,BE,BE,day_ahead_price,value,2026-06-23T05:42:01Z
2026-06-23T05:41:39Z,2026-06-23T07:41:39+0200,c1c18315-63b2-412d-a1be-e7c0796f2236,2026-05-28T20:15:00Z,2026-05-28T22:15:00+0200,203.66,EUR/MWh,BE,BE,day_ahead_price,value,2026-06-23T05:42:01Z
2026-06-23T05:41:39Z,2026-06-23T07:41:39+0200,c1c18315-63b2-412d-a1be-e7c0796f2236,2026-05-28T20:30:00Z,2026-05-28T22:30:00+0200,169.31,EUR/MWh,BE,BE,day_ahead_price,value,2026-06-23T05:42:01Z
2026-06-23T05:41:39Z,2026-06-23T07:41:39+0200,c1c18315-63b2-412d-a1be-e7c0796f2236,2026-05-28T20:45:00Z,2026-05-28T22:45:00+0200,155.89,EUR/MWh,BE,BE,day_ahead_price,value,2026-06-23T05:42:01Z
2026-06-23T05:41:39Z,2026-06-23T07:41:39+0200,c1c18315-63b2-412d-a1be-e7c0796f2236,2026-05-28T21:00:00Z,2026-05-28T23:00:00+0200,167.68,EUR/MWh,BE,BE,day_ahead_price,value,2026-06-23T05:42:01Z
2026-06-23T05:41:39Z,2026-06-23T07:41:39+0200,c1c18315-63b2-412d-a1be-e7c0796f2236,2026-05-28T21:15:00Z,2026-05-28T23:15:00+0200,162.2,EUR/MWh,BE,BE,day_ahead_price,value,2026-06-23T05:42:01Z
2026-06-23T05:41:39Z,2026-06-23T07:41:39+0200,c1c18315-63b2-412d-a1be-e7c0796f2236,2026-05-28T21:30:00Z,2026-05-28T23:30:00+0200,153.06,EUR/MWh,BE,BE,day_ahead_price,value,2026-06-23T05:42:01Z
2026-06-23T05:41:39Z,2026-06-23T07:41:39+0200,c1c18315-63b2-412d-a1be-e7c0796f2236,2026-05-28T21:45:00Z,2026-05-28T23:45:00+0200,142.18,EUR/MWh,BE,BE,day_ahead_price,value,2026-06-23T05:42:01Z
2026-06-23T05:41:39Z,2026-06-23T07:41:39+0200,c1c18315-63b2-412d-a1be-e7c0796f2236,2026-05-28T22:00:00Z,2026-05-29T00:00:00+0200,159.32,EUR/MWh,BE,BE,day_ahead_price,value,2026-06-23T05:42:01Z
2026-06-23T05:41:39Z,2026-06-23T07:41:39+0200,c1c18315-63b2-412d-a1be-e7c0796f2236,2026-05-28T22:15:00Z,2026-05-29T00:15:00+0200,149.75,EUR/MWh,BE,BE,day_ahead_price,value,2026-06-23T05:42:01Z
2026-06-23T05:41:39Z,2026-06-23T07:41:39+0200,c1c18315-63b2-412d-a1be-e7c0796f2236,2026-05-28T22:30:00Z,2026-05-29T00:30:00+0200,135.74,EUR/MWh,BE,BE,day_ahead_price,value,2026-06-23T05:42:01Z
2026-06-23T05:41:39Z,2026-06-23T07:41:39+0200,c1c18315-63b2-412d-a1be-e7c0796f2236,2026-05-28T22:45:00Z,2026-05-29T00:45:00+0200,126.83,EUR/MWh,BE,BE,day_ahead_price,value,2026-06-23T05:42:01Z
2026-06-23T05:41:39Z,2026-06-23T07:41:39+0200,c1c18315-63b2-412d-a1be-e7c0796f2236,2026-05-28T23:00:00Z,2026-05-29T01:00:00+0200,142.56,EUR/MWh,BE,BE,day_ahead_price,value,2026-06-23T05:42:01Z
2026-06-23T05:41:39Z,2026-06-23T07:41:39+0200,c1c18315-63b2-412d-a1be-e7c0796f2236,2026-05-28T23:15:00Z,2026-05-29T01:15:00+0200,135.62,EUR/MWh,BE,BE,day_ahead_price,value,2026-06-23T05:42:01Z
2026-06-23T05:41:39Z,2026-06-23T07:41:39+0200,c1c18315-63b2-412d-a1be-e7c0796f2236,2026-05-28T23:30:00Z,2026-05-29T01:30:00+0200,129.32,EUR/MWh,BE,BE,day_ahead_price,value,2026-06-23T05:42:01Z
2026-06-23T05:41:39Z,2026-06-23T07:41:39+0200,c1c18315-63b2-412d-a1be-e7c0796f2236,2026-05-28T23:45:00Z,2026-05-29T01:45:00+0200,123.93,EUR/MWh,BE,BE,day_ahead_price,value,2026-06-23T05:42:01Z
2026-06-23T05:41:39Z,2026-06-23T07:41:39+0200,c1c18315-63b2-412d-a1be-e7c0796f2236,2026-05-29T00:00:00Z,2026-05-29T02:00:00+0200,128.47,EUR/MWh,BE,BE,day_ahead_price,value,2026-06-23T05:42:01Z
2026-06-23T05:41:39Z,2026-06-23T07:41:39+0200,c1c18315-63b2-412d-a1be-e7c0796f2236,2026-05-29T00:15:00Z,2026-05-29T02:15:00+0200,126.32,EUR/MWh,BE,BE,day_ahead_price,value,2026-06-23T05:42:01Z
2026-06-23T05:41:39Z,2026-06-23T07:41:39+0200,c1c18315-63b2-412d-a1be-e7c0796f2236,2026-05-29T00:30:00Z,2026-05-29T02:30:00+0200,126.04,EUR/MWh,BE,BE,day_ahead_price,value,2026-06-23T05:42:01Z
2026-06-23T05:41:39Z,2026-06-23T07:41:39+0200,c1c18315-63b2-412d-a1be-e7c0796f2236,2026-05-29T00:45:00Z,2026-05-29T02:45:00+0200,124.73,EUR/MWh,BE,BE,day_ahead_price,value,2026-06-23T05:42:01Z
2026-06-23T05:41:39Z,2026-06-23T07:41:39+0200,c1c18315-63b2-412d-a1be-e7c0796f2236,2026-05-29T01:00:00Z,2026-05-29T03:00:00+0200,125.65,EUR/MWh,BE,BE,day_ahead_price,value,2026-06-23T05:42:01Z
2026-06-23T05:41:39Z,2026-06-23T07:41:39+0200,c1c18315-63b2-412d-a1be-e7c0796f2236,2026-05-29T01:15:00Z,2026-05-29T03:15:00+0200,124.53,EUR/MWh,BE,BE,day_ahead_price,value,2026-06-23T05:42:01Z
2026-06-23T05:41:39Z,2026-06-23T07:41:39+0200,c1c18315-63b2-412d-a1be-e7c0796f2236,2026-05-29T01:30:00Z,2026-05-29T03:30:00+0200,123.56,EUR/MWh,BE,BE,day_ahead_price,value,2026-06-23T05:42:01Z
2026-06-23T05:41:39Z,2026-06-23T07:41:39+0200,c1c18315-63b2-412d-a1be-e7c0796f2236,2026-05-29T01:45:00Z,2026-05-29T03:45:00+0200,120.94,EUR/MWh,BE,BE,day_ahead_price,value,2026-06-23T05:42:01Z
2026-06-23T05:41:39Z,2026-06-23T07:41:39+0200,c1c18315-63b2-412d-a1be-e7c0796f2236,2026-05-29T02:00:00Z,2026-05-29T04:00:00+0200,121.35,EUR/MWh,BE,BE,day_ahead_price,value,2026-06-23T05:42:01Z
2026-06-23T05:41:39Z,2026-06-23T07:41:39+0200,c1c18315-63b2-412d-a1be-e7c0796f2236,2026-05-29T02:15:00Z,2026-05-29T04:15:00+0200,121.9,EUR/MWh,BE,BE,day_ahead_price,value,2026-06-23T05:42:01Z
2026-06-23T05:41:39Z,2026-06-23T07:41:39+0200,c1c18315-63b2-412d-a1be-e7c0796f2236,2026-05-29T02:30:00Z,2026-05-29T04:30:00+0200,122.21,EUR/MWh,BE,BE,day_ahead_price,value,2026-06-23T05:42:01Z
2026-06-23T05:41:39Z,2026-06-23T07:41:39+0200,c1c18315-63b2-412d-a1be-e7c0796f2236,2026-05-29T02:45:00Z,2026-05-29T04:45:00+0200,123.38,EUR/MWh,BE,BE,day_ahead_price,value,2026-06-23T05:42:01Z
2026-06-23T05:41:39Z,2026-06-23T07:41:39+0200,c1c18315-63b2-412d-a1be-e7c0796f2236,2026-05-29T03:00:00Z,2026-05-29T05:00:00+0200,122.74,EUR/MWh,BE,BE,day_ahead_price,value,2026-06-23T05:42:01Z
2026-06-23T05:41:39Z,2026-06-23T07:41:39+0200,c1c18315-63b2-412d-a1be-e7c0796f2236,2026-05-29T03:15:00Z,2026-05-29T05:15:00+0200,123.26,EUR/MWh,BE,BE,day_ahead_price,value,2026-06-23T05:42:01Z
2026-06-23T05:41:39Z,2026-06-23T07:41:39+0200,c1c18315-63b2-412d-a1be-e7c0796f2236,2026-05-29T03:30:00Z,2026-05-29T05:30:00+0200,123.26,EUR/MWh,BE,BE,day_ahead_price,value,2026-06-23T05:42:01Z
2026-06-23T05:41:39Z,2026-06-23T07:41:39+0200,c1c18315-63b2-412d-a1be-e7c0796f2236,2026-05-29T03:45:00Z,2026-05-29T05:45:00+0200,126.13,EUR/MWh,BE,BE,day_ahead_price,value,2026-06-23T05:42:01Z
2026-06-23T05:41:39Z,2026-06-23T07:41:39+0200,c1c18315-63b2-412d-a1be-e7c0796f2236,2026-05-29T04:00:00Z,2026-05-29T06:00:00+0200,130.52,EUR/MWh,BE,BE,day_ahead_price,value,2026-06-23T05:42:01Z
2026-06-23T05:41:39Z,2026-06-23T07:41:39+0200,c1c18315-63b2-412d-a1be-e7c0796f2236,2026-05-29T04:15:00Z,2026-05-29T06:15:00+0200,134.75,EUR/MWh,BE,BE,day_ahead_price,value,2026-06-23T05:42:01Z
2026-06-23T05:41:39Z,2026-06-23T07:41:39+0200,c1c18315-63b2-412d-a1be-e7c0796f2236,2026-05-29T04:30:00Z,2026-05-29T06:30:00+0200,131.17,EUR/MWh,BE,BE,day_ahead_price,value,2026-06-23T05:42:01Z
2026-06-23T05:41:39Z,2026-06-23T07:41:39+0200,c1c18315-63b2-412d-a1be-e7c0796f2236,2026-05-29T04:45:00Z,2026-05-29T06:45:00+0200,126.36,EUR/MWh,BE,BE,day_ahead_price,value,2026-06-23T05:42:01Z
2026-06-23T05:41:39Z,2026-06-23T07:41:39+0200,c1c18315-63b2-412d-a1be-e7c0796f2236,2026-05-29T05:00:00Z,2026-05-29T07:00:00+0200,136.96,EUR/MWh,BE,BE,day_ahead_price,value,2026-06-23T05:42:01Z
2026-06-23T05:41:39Z,2026-06-23T07:41:39+0200,c1c18315-63b2-412d-a1be-e7c0796f2236,2026-05-29T05:15:00Z,2026-05-29T07:15:00+0200,130.1,EUR/MWh,BE,BE,day_ahead_price,value,2026-06-23T05:42:01Z
2026-06-23T05:41:39Z,2026-06-23T07:41:39+0200,c1c18315-63b2-412d-a1be-e7c0796f2236,2026-05-29T05:30:00Z,2026-05-29T07:30:00+0200,124.97,EUR/MWh,BE,BE,day_ahead_price,value,2026-06-23T05:42:01Z
2026-06-23T05:41:39Z,2026-06-23T07:41:39+0200,c1c18315-63b2-412d-a1be-e7c0796f2236,2026-05-29T05:45:00Z,2026-05-29T07:45:00+0200,111.95,EUR/MWh,BE,BE,day_ahead_price,value,2026-06-23T05:42:01Z
2026-06-23T05:41:39Z,2026-06-23T07:41:39+0200,c1c18315-63b2-412d-a1be-e7c0796f2236,2026-05-29T06:00:00Z,2026-05-29T08:00:00+0200,134.21,EUR/MWh,BE,BE,day_ahead_price,value,2026-06-23T05:42:01Z
2026-06-23T05:41:39Z,2026-06-23T07:41:39+0200,c1c18315-63b2-412d-a1be-e7c0796f2236,2026-05-29T06:15:00Z,2026-05-29T08:15:00+0200,120.07,EUR/MWh,BE,BE,day_ahead_price,value,2026-06-23T05:42:01Z
2026-06-23T05:41:39Z,2026-06-23T07:41:39+0200,c1c18315-63b2-412d-a1be-e7c0796f2236,2026-05-29T06:30:00Z,2026-05-29T08:30:00+0200,107.0,EUR/MWh,BE,BE,day_ahead_price,value,2026-06-23T05:42:01Z
2026-06-23T05:41:39Z,2026-06-23T07:41:39+0200,c1c18315-63b2-412d-a1be-e7c0796f2236,2026-05-29T06:45:00Z,2026-05-29T08:45:00+0200,115.0,EUR/MWh,BE,BE,day_ahead_price,value,2026-06-23T05:42:01Z
2026-06-23T05:41:39Z,2026-06-23T07:41:39+0200,c1c18315-63b2-412d-a1be-e7c0796f2236,2026-05-29T07:00:00Z,2026-05-29T09:00:00+0200,135.44,EUR/MWh,BE,BE,day_ahead_price,value,2026-06-23T05:42:01Z
2026-06-23T05:41:39Z,2026-06-23T07:41:39+0200,c1c18315-63b2-412d-a1be-e7c0796f2236,2026-05-29T07:15:00Z,2026-05-29T09:15:00+0200,116.4,EUR/MWh,BE,BE,day_ahead_price,value,2026-06-23T05:42:01Z
2026-06-23T05:41:39Z,2026-06-23T07:41:39+0200,c1c18315-63b2-412d-a1be-e7c0796f2236,2026-05-29T07:30:00Z,2026-05-29T09:30:00+0200,110.0,EUR/MWh,BE,BE,day_ahead_price,value,2026-06-23T05:42:01Z
2026-06-23T05:41:39Z,2026-06-23T07:41:39+0200,c1c18315-63b2-412d-a1be-e7c0796f2236,2026-05-29T07:45:00Z,2026-05-29T09:45:00+0200,58.4,EUR/MWh,BE,BE,day_ahead_price,value,2026-06-23T05:42:01Z
2026-06-23T05:41:39Z,2026-06-23T07:41:39+0200,c1c18315-63b2-412d-a1be-e7c0796f2236,2026-05-29T08:00:00Z,2026-05-29T10:00:00+0200,57.99,EUR/MWh,BE,BE,day_ahead_price,value,2026-06-23T05:42:01Z
2026-06-23T05:41:39Z,2026-06-23T07:41:39+0200,c1c18315-63b2-412d-a1be-e7c0796f2236,2026-05-29T08:15:00Z,2026-05-29T10:15:00+0200,17.93,EUR/MWh,BE,BE,day_ahead_price,value,2026-06-23T05:42:01Z
2026-06-23T05:41:39Z,2026-06-23T07:41:39+0200,c1c18315-63b2-412d-a1be-e7c0796f2236,2026-05-29T08:30:00Z,2026-05-29T10:30:00+0200,12.57,EUR/MWh,BE,BE,day_ahead_price,value,2026-06-23T05:42:01Z
2026-06-23T05:41:39Z,2026-06-23T07:41:39+0200,c1c18315-63b2-412d-a1be-e7c0796f2236,2026-05-29T08:45:00Z,2026-05-29T10:45:00+0200,5.76,EUR/MWh,BE,BE,day_ahead_price,value,2026-06-23T05:42:01Z
2026-06-23T05:41:39Z,2026-06-23T07:41:39+0200,c1c18315-63b2-412d-a1be-e7c0796f2236,2026-05-29T09:00:00Z,2026-05-29T11:00:00+0200,10.0,EUR/MWh,BE,BE,day_ahead_price,value,2026-06-23T05:42:01Z
2026-06-23T05:41:39Z,2026-06-23T07:41:39+0200,c1c18315-63b2-412d-a1be-e7c0796f2236,2026-05-29T09:15:00Z,2026-05-29T11:15:00+0200,3.6,EUR/MWh,BE,BE,day_ahead_price,value,2026-06-23T05:42:01Z
2026-06-23T05:41:39Z,2026-06-23T07:41:39+0200,c1c18315-63b2-412d-a1be-e7c0796f2236,2026-05-29T09:30:00Z,2026-05-29T11:30:00+0200,1.71,EUR/MWh,BE,BE,day_ahead_price,value,2026-06-23T05:42:01Z
2026-06-23T05:41:39Z,2026-06-23T07:41:39+0200,c1c18315-63b2-412d-a1be-e7c0796f2236,2026-05-29T09:45:00Z,2026-05-29T11:45:00+0200,1.83,EUR/MWh,BE,BE,day_ahead_price,value,2026-06-23T05:42:01Z
2026-06-23T05:41:39Z,2026-06-23T07:41:39+0200,c1c18315-63b2-412d-a1be-e7c0796f2236,2026-05-29T10:00:00Z,2026-05-29T12:00:00+0200,1.89,EUR/MWh,BE,BE,day_ahead_price,value,2026-06-23T05:42:01Z
2026-06-23T05:41:39Z,2026-06-23T07:41:39+0200,c1c18315-63b2-412d-a1be-e7c0796f2236,2026-05-29T10:15:00Z,2026-05-29T12:15:00+0200,1.23,EUR/MWh,BE,BE,day_ahead_price,value,2026-06-23T05:42:01Z
2026-06-23T05:41:39Z,2026-06-23T07:41:39+0200,c1c18315-63b2-412d-a1be-e7c0796f2236,2026-05-29T10:30:00Z,2026-05-29T12:30:00+0200,1.22,EUR/MWh,BE,BE,day_ahead_price,value,2026-06-23T05:42:01Z
2026-06-23T05:41:39Z,2026-06-23T07:41:39+0200,c1c18315-63b2-412d-a1be-e7c0796f2236,2026-05-29T10:45:00Z,2026-05-29T12:45:00+0200,0.68,EUR/MWh,BE,BE,day_ahead_price,value,2026-06-23T05:42:01Z
2026-06-23T05:41:39Z,2026-06-23T07:41:39+0200,c1c18315-63b2-412d-a1be-e7c0796f2236,2026-05-29T11:00:00Z,2026-05-29T13:00:00+0200,1.14,EUR/MWh,BE,BE,day_ahead_price,value,2026-06-23T05:42:01Z
2026-06-23T05:41:39Z,2026-06-23T07:41:39+0200,c1c18315-63b2-412d-a1be-e7c0796f2236,2026-05-29T11:15:00Z,2026-05-29T13:15:00+0200,0.4,EUR/MWh,BE,BE,day_ahead_price,value,2026-06-23T05:42:01Z
2026-06-23T05:41:39Z,2026-06-23T07:41:39+0200,c1c18315-63b2-412d-a1be-e7c0796f2236,2026-05-29T11:30:00Z,2026-05-29T13:30:00+0200,0.18,EUR/MWh,BE,BE,day_ahead_price,value,2026-06-23T05:42:01Z
2026-06-23T05:41:39Z,2026-06-23T07:41:39+0200,c1c18315-63b2-412d-a1be-e7c0796f2236,2026-05-29T11:45:00Z,2026-05-29T13:45:00+0200,0.04,EUR/MWh,BE,BE,day_ahead_price,value,2026-06-23T05:42:01Z
2026-06-23T05:41:39Z,2026-06-23T07:41:39+0200,c1c18315-63b2-412d-a1be-e7c0796f2236,2026-05-29T12:00:00Z,2026-05-29T14:00:00+0200,1.95,EUR/MWh,BE,BE,day_ahead_price,value,2026-06-23T05:42:01Z
2026-06-23T05:41:39Z,2026-06-23T07:41:39+0200,c1c18315-63b2-412d-a1be-e7c0796f2236,2026-05-29T12:15:00Z,2026-05-29T14:15:00+0200,1.82,EUR/MWh,BE,BE,day_ahead_price,value,2026-06-23T05:42:01Z
2026-06-23T05:41:39Z,2026-06-23T07:41:39+0200,c1c18315-63b2-412d-a1be-e7c0796f2236,2026-05-29T12:30:00Z,2026-05-29T14:30:00+0200,1.73,EUR/MWh,BE,BE,day_ahead_price,value,2026-06-23T05:42:01Z
2026-06-23T05:41:39Z,2026-06-23T07:41:39+0200,c1c18315-63b2-412d-a1be-e7c0796f2236,2026-05-29T12:45:00Z,2026-05-29T14:45:00+0200,1.41,EUR/MWh,BE,BE,day_ahead_price,value,2026-06-23T05:42:01Z
2026-06-23T05:41:39Z,2026-06-23T07:41:39+0200,c1c18315-63b2-412d-a1be-e7c0796f2236,2026-05-29T13:00:00Z,2026-05-29T15:00:00+0200,0.84,EUR/MWh,BE,BE,day_ahead_price,value,2026-06-23T05:42:01Z
2026-06-23T05:41:39Z,2026-06-23T07:41:39+0200,c1c18315-63b2-412d-a1be-e7c0796f2236,2026-05-29T13:15:00Z,2026-05-29T15:15:00+0200,2.11,EUR/MWh,BE,BE,day_ahead_price,value,2026-06-23T05:42:01Z
2026-06-23T05:41:39Z,2026-06-23T07:41:39+0200,c1c18315-63b2-412d-a1be-e7c0796f2236,2026-05-29T13:30:00Z,2026-05-29T15:30:00+0200,17.46,EUR/MWh,BE,BE,day_ahead_price,value,2026-06-23T05:42:01Z
2026-06-23T05:41:39Z,2026-06-23T07:41:39+0200,c1c18315-63b2-412d-a1be-e7c0796f2236,2026-05-29T13:45:00Z,2026-05-29T15:45:00+0200,65.04,EUR/MWh,BE,BE,day_ahead_price,value,2026-06-23T05:42:01Z
2026-06-23T05:41:39Z,2026-06-23T07:41:39+0200,c1c18315-63b2-412d-a1be-e7c0796f2236,2026-05-29T14:00:00Z,2026-05-29T16:00:00+0200,5.27,EUR/MWh,BE,BE,day_ahead_price,value,2026-06-23T05:42:01Z
2026-06-23T05:41:39Z,2026-06-23T07:41:39+0200,c1c18315-63b2-412d-a1be-e7c0796f2236,2026-05-29T14:15:00Z,2026-05-29T16:15:00+0200,80.0,EUR/MWh,BE,BE,day_ahead_price,value,2026-06-23T05:42:01Z
2026-06-23T05:41:39Z,2026-06-23T07:41:39+0200,c1c18315-63b2-412d-a1be-e7c0796f2236,2026-05-29T14:30:00Z,2026-05-29T16:30:00+0200,158.6,EUR/MWh,BE,BE,day_ahead_price,value,2026-06-23T05:42:01Z
2026-06-23T05:41:39Z,2026-06-23T07:41:39+0200,c1c18315-63b2-412d-a1be-e7c0796f2236,2026-05-29T14:45:00Z,2026-05-29T16:45:00+0200,194.84,EUR/MWh,BE,BE,day_ahead_price,value,2026-06-23T05:42:01Z
2026-06-23T05:41:39Z,2026-06-23T07:41:39+0200,c1c18315-63b2-412d-a1be-e7c0796f2236,2026-05-29T15:00:00Z,2026-05-29T17:00:00+0200,97.81,EUR/MWh,BE,BE,day_ahead_price,value,2026-06-23T05:42:01Z
2026-06-23T05:41:39Z,2026-06-23T07:41:39+0200,c1c18315-63b2-412d-a1be-e7c0796f2236,2026-05-29T15:15:00Z,2026-05-29T17:15:00+0200,97.69,EUR/MWh,BE,BE,day_ahead_price,value,2026-06-23T05:42:01Z
2026-06-23T05:41:39Z,2026-06-23T07:41:39+0200,c1c18315-63b2-412d-a1be-e7c0796f2236,2026-05-29T15:30:00Z,2026-05-29T17:30:00+0200,106.76,EUR/MWh,BE,BE,day_ahead_price,value,2026-06-23T05:42:01Z
2026-06-23T05:41:39Z,2026-06-23T07:41:39+0200,c1c18315-63b2-412d-a1be-e7c0796f2236,2026-05-29T15:45:00Z,2026-05-29T17:45:00+0200,134.78,EUR/MWh,BE,BE,day_ahead_price,value,2026-06-23T05:42:01Z
2026-06-23T05:41:39Z,2026-06-23T07:41:39+0200,c1c18315-63b2-412d-a1be-e7c0796f2236,2026-05-29T16:00:00Z,2026-05-29T18:00:00+0200,105.84,EUR/MWh,BE,BE,day_ahead_price,value,2026-06-23T05:42:01Z
2026-06-23T05:41:39Z,2026-06-23T07:41:39+0200,c1c18315-63b2-412d-a1be-e7c0796f2236,2026-05-29T16:15:00Z,2026-05-29T18:15:00+0200,124.53,EUR/MWh,BE,BE,day_ahead_price,value,2026-06-23T05:42:01Z
2026-06-23T05:41:39Z,2026-06-23T07:41:39+0200,c1c18315-63b2-412d-a1be-e7c0796f2236,2026-05-29T16:30:00Z,2026-05-29T18:30:00+0200,139.12,EUR/MWh,BE,BE,day_ahead_price,value,2026-06-23T05:42:01Z
2026-06-23T05:41:39Z,2026-06-23T07:41:39+0200,c1c18315-63b2-412d-a1be-e7c0796f2236,2026-05-29T16:45:00Z,2026-05-29T18:45:00+0200,160.38,EUR/MWh,BE,BE,day_ahead_price,value,2026-06-23T05:42:01Z
2026-06-23T05:41:39Z,2026-06-23T07:41:39+0200,c1c18315-63b2-412d-a1be-e7c0796f2236,2026-05-29T17:00:00Z,2026-05-29T19:00:00+0200,141.22,EUR/MWh,BE,BE,day_ahead_price,value,2026-06-23T05:42:01Z
2026-06-23T05:41:39Z,2026-06-23T07:41:39+0200,c1c18315-63b2-412d-a1be-e7c0796f2236,2026-05-29T17:15:00Z,2026-05-29T19:15:00+0200,160.61,EUR/MWh,BE,BE,day_ahead_price,value,2026-06-23T05:42:01Z
2026-06-23T05:41:39Z,2026-06-23T07:41:39+0200,c1c18315-63b2-412d-a1be-e7c0796f2236,2026-05-29T17:30:00Z,2026-05-29T19:30:00+0200,177.91,EUR/MWh,BE,BE,day_ahead_price,value,2026-06-23T05:42:01Z
2026-06-23T05:41:39Z,2026-06-23T07:41:39+0200,c1c18315-63b2-412d-a1be-e7c0796f2236,2026-05-29T17:45:00Z,2026-05-29T19:45:00+0200,197.86,EUR/MWh,BE,BE,day_ahead_price,value,2026-06-23T05:42:01Z
2026-06-23T05:41:39Z,2026-06-23T07:41:39+0200,c1c18315-63b2-412d-a1be-e7c0796f2236,2026-05-29T18:00:00Z,2026-05-29T20:00:00+0200,172.63,EUR/MWh,BE,BE,day_ahead_price,value,2026-06-23T05:42:01Z
2026-06-23T05:41:39Z,2026-06-23T07:41:39+0200,c1c18315-63b2-412d-a1be-e7c0796f2236,2026-05-29T18:15:00Z,2026-05-29T20:15:00+0200,179.33,EUR/MWh,BE,BE,day_ahead_price,value,2026-06-23T05:42:01Z
2026-06-23T05:41:39Z,2026-06-23T07:41:39+0200,c1c18315-63b2-412d-a1be-e7c0796f2236,2026-05-29T18:30:00Z,2026-05-29T20:30:00+0200,191.89,EUR/MWh,BE,BE,day_ahead_price,value,2026-06-23T05:42:01Z
2026-06-23T05:41:39Z,2026-06-23T07:41:39+0200,c1c18315-63b2-412d-a1be-e7c0796f2236,2026-05-29T18:45:00Z,2026-05-29T20:45:00+0200,213.9,EUR/MWh,BE,BE,day_ahead_price,value,2026-06-23T05:42:01Z
2026-06-23T05:41:39Z,2026-06-23T07:41:39+0200,c1c18315-63b2-412d-a1be-e7c0796f2236,2026-05-29T19:00:00Z,2026-05-29T21:00:00+0200,200.18,EUR/MWh,BE,BE,day_ahead_price,value,2026-06-23T05:42:01Z
2026-06-23T05:41:39Z,2026-06-23T07:41:39+0200,c1c18315-63b2-412d-a1be-e7c0796f2236,2026-05-29T19:15:00Z,2026-05-29T21:15:00+0200,186.07,EUR/MWh,BE,BE,day_ahead_price,value,2026-06-23T05:42:01Z
2026-06-23T05:41:39Z,2026-06-23T07:41:39+0200,c1c18315-63b2-412d-a1be-e7c0796f2236,2026-05-29T19:30:00Z,2026-05-29T21:30:00+0200,179.6,EUR/MWh,BE,BE,day_ahead_price,value,2026-06-23T05:42:01Z
2026-06-23T05:41:39Z,2026-06-23T07:41:39+0200,c1c18315-63b2-412d-a1be-e7c0796f2236,2026-05-29T19:45:00Z,2026-05-29T21:45:00+0200,162.15,EUR/MWh,BE,BE,day_ahead_price,value,2026-06-23T05:42:01Z
2026-06-23T05:41:39Z,2026-06-23T07:41:39+0200,c1c18315-63b2-412d-a1be-e7c0796f2236,2026-05-29T20:00:00Z,2026-05-29T22:00:00+0200,178.72,EUR/MWh,BE,BE,day_ahead_price,value,2026-06-23T05:42:01Z
2026-06-23T05:41:39Z,2026-06-23T07:41:39+0200,c1c18315-63b2-412d-a1be-e7c0796f2236,2026-05-29T20:15:00Z,2026-05-29T22:15:00+0200,161.96,EUR/MWh,BE,BE,day_ahead_price,value,2026-06-23T05:42:01Z
2026-06-23T05:41:39Z,2026-06-23T07:41:39+0200,c1c18315-63b2-412d-a1be-e7c0796f2236,2026-05-29T20:30:00Z,2026-05-29T22:30:00+0200,155.24,EUR/MWh,BE,BE,day_ahead_price,value,2026-06-23T05:42:01Z
2026-06-23T05:41:39Z,2026-06-23T07:41:39+0200,c1c18315-63b2-412d-a1be-e7c0796f2236,2026-05-29T20:45:00Z,2026-05-29T22:45:00+0200,143.74,EUR/MWh,BE,BE,day_ahead_price,value,2026-06-23T05:42:01Z
2026-06-23T05:41:39Z,2026-06-23T07:41:39+0200,c1c18315-63b2-412d-a1be-e7c0796f2236,2026-05-29T21:00:00Z,2026-05-29T23:00:00+0200,152.99,EUR/MWh,BE,BE,day_ahead_price,value,2026-06-23T05:42:01Z
2026-06-23T05:41:39Z,2026-06-23T07:41:39+0200,c1c18315-63b2-412d-a1be-e7c0796f2236,2026-05-29T21:15:00Z,2026-05-29T23:15:00+0200,150.71,EUR/MWh,BE,BE,day_ahead_price,value,2026-06-23T05:42:01Z
2026-06-23T05:41:39Z,2026-06-23T07:41:39+0200,c1c18315-63b2-412d-a1be-e7c0796f2236,2026-05-29T21:30:00Z,2026-05-29T23:30:00+0200,144.85,EUR/MWh,BE,BE,day_ahead_price,value,2026-06-23T05:42:01Z
2026-06-23T05:41:39Z,2026-06-23T07:41:39+0200,c1c18315-63b2-412d-a1be-e7c0796f2236,2026-05-29T21:45:00Z,2026-05-29T23:45:00+0200,136.45,EUR/MWh,BE,BE,day_ahead_price,value,2026-06-23T05:42:01Z
2026-06-23T05:41:39Z,2026-06-23T07:41:39+0200,c1c18315-63b2-412d-a1be-e7c0796f2236,2026-05-29T22:00:00Z,2026-05-30T00:00:00+0200,149.87,EUR/MWh,BE,BE,day_ahead_price,value,2026-06-23T05:42:01Z
2026-06-23T05:41:39Z,2026-06-23T07:41:39+0200,c1c18315-63b2-412d-a1be-e7c0796f2236,2026-05-29T22:15:00Z,2026-05-30T00:15:00+0200,137.77,EUR/MWh,BE,BE,day_ahead_price,value,2026-06-23T05:42:01Z
2026-06-23T05:41:39Z,2026-06-23T07:41:39+0200,c1c18315-63b2-412d-a1be-e7c0796f2236,2026-05-29T22:30:00Z,2026-05-30T00:30:00+0200,132.43,EUR/MWh,BE,BE,day_ahead_price,value,2026-06-23T05:42:01Z
2026-06-23T05:41:39Z,2026-06-23T07:41:39+0200,c1c18315-63b2-412d-a1be-e7c0796f2236,2026-05-29T22:45:00Z,2026-05-30T00:45:00+0200,127.78,EUR/MWh,BE,BE,day_ahead_price,value,2026-06-23T05:42:01Z
2026-06-23T05:41:39Z,2026-06-23T07:41:39+0200,c1c18315-63b2-412d-a1be-e7c0796f2236,2026-05-29T23:00:00Z,2026-05-30T01:00:00+0200,131.02,EUR/MWh,BE,BE,day_ahead_price,value,2026-06-23T05:42:01Z
2026-06-23T05:41:39Z,2026-06-23T07:41:39+0200,c1c18315-63b2-412d-a1be-e7c0796f2236,2026-05-29T23:15:00Z,2026-05-30T01:15:00+0200,126.97,EUR/MWh,BE,BE,day_ahead_price,value,2026-06-23T05:42:01Z
2026-06-23T05:41:39Z,2026-06-23T07:41:39+0200,c1c18315-63b2-412d-a1be-e7c0796f2236,2026-05-29T23:30:00Z,2026-05-30T01:30:00+0200,125.02,EUR/MWh,BE,BE,day_ahead_price,value,2026-06-23T05:42:01Z
2026-06-23T05:41:39Z,2026-06-23T07:41:39+0200,c1c18315-63b2-412d-a1be-e7c0796f2236,2026-05-29T23:45:00Z,2026-05-30T01:45:00+0200,123.14,EUR/MWh,BE,BE,day_ahead_price,value,2026-06-23T05:42:01Z
2026-06-23T05:41:39Z,2026-06-23T07:41:39+0200,c1c18315-63b2-412d-a1be-e7c0796f2236,2026-05-30T00:00:00Z,2026-05-30T02:00:00+0200,123.72,EUR/MWh,BE,BE,day_ahead_price,value,2026-06-23T05:42:01Z
2026-06-23T05:41:39Z,2026-06-23T07:41:39+0200,c1c18315-63b2-412d-a1be-e7c0796f2236,2026-05-30T00:15:00Z,2026-05-30T02:15:00+0200,122.15,EUR/MWh,BE,BE,day_ahead_price,value,2026-06-23T05:42:01Z
2026-06-23T05:41:39Z,2026-06-23T07:41:39+0200,c1c18315-63b2-412d-a1be-e7c0796f2236,2026-05-30T00:30:00Z,2026-05-30T02:30:00+0200,121.59,EUR/MWh,BE,BE,day_ahead_price,value,2026-06-23T05:42:01Z
2026-06-23T05:41:39Z,2026-06-23T07:41:39+0200,c1c18315-63b2-412d-a1be-e7c0796f2236,2026-05-30T00:45:00Z,2026-05-30T02:45:00+0200,116.42,EUR/MWh,BE,BE,day_ahead_price,value,2026-06-23T05:42:01Z
2026-06-23T05:41:39Z,2026-06-23T07:41:39+0200,c1c18315-63b2-412d-a1be-e7c0796f2236,2026-05-30T01:00:00Z,2026-05-30T03:00:00+0200,120.28,EUR/MWh,BE,BE,day_ahead_price,value,2026-06-23T05:42:01Z
2026-06-23T05:41:39Z,2026-06-23T07:41:39+0200,c1c18315-63b2-412d-a1be-e7c0796f2236,2026-05-30T01:15:00Z,2026-05-30T03:15:00+0200,116.45,EUR/MWh,BE,BE,day_ahead_price,value,2026-06-23T05:42:01Z
2026-06-23T05:41:39Z,2026-06-23T07:41:39+0200,c1c18315-63b2-412d-a1be-e7c0796f2236,2026-05-30T01:30:00Z,2026-05-30T03:30:00+0200,115.33,EUR/MWh,BE,BE,day_ahead_price,value,2026-06-23T05:42:01Z
2026-06-23T05:41:39Z,2026-06-23T07:41:39+0200,c1c18315-63b2-412d-a1be-e7c0796f2236,2026-05-30T01:45:00Z,2026-05-30T03:45:00+0200,117.55,EUR/MWh,BE,BE,day_ahead_price,value,2026-06-23T05:42:01Z
2026-06-23T05:41:39Z,2026-06-23T07:41:39+0200,c1c18315-63b2-412d-a1be-e7c0796f2236,2026-05-30T02:00:00Z,2026-05-30T04:00:00+0200,119.41,EUR/MWh,BE,BE,day_ahead_price,value,2026-06-23T05:42:01Z
2026-06-23T05:41:39Z,2026-06-23T07:41:39+0200,c1c18315-63b2-412d-a1be-e7c0796f2236,2026-05-30T02:15:00Z,2026-05-30T04:15:00+0200,120.0,EUR/MWh,BE,BE,day_ahead_price,value,2026-06-23T05:42:01Z
2026-06-23T05:41:39Z,2026-06-23T07:41:39+0200,c1c18315-63b2-412d-a1be-e7c0796f2236,2026-05-30T02:30:00Z,2026-05-30T04:30:00+0200,120.79,EUR/MWh,BE,BE,day_ahead_price,value,2026-06-23T05:42:01Z
2026-06-23T05:41:39Z,2026-06-23T07:41:39+0200,c1c18315-63b2-412d-a1be-e7c0796f2236,2026-05-30T02:45:00Z,2026-05-30T04:45:00+0200,121.85,EUR/MWh,BE,BE,day_ahead_price,value,2026-06-23T05:42:01Z
2026-06-23T05:41:39Z,2026-06-23T07:41:39+0200,c1c18315-63b2-412d-a1be-e7c0796f2236,2026-05-30T03:00:00Z,2026-05-30T05:00:00+0200,125.0,EUR/MWh,BE,BE,day_ahead_price,value,2026-06-23T05:42:01Z
2026-06-23T05:41:39Z,2026-06-23T07:41:39+0200,c1c18315-63b2-412d-a1be-e7c0796f2236,2026-05-30T03:15:00Z,2026-05-30T05:15:00+0200,121.08,EUR/MWh,BE,BE,day_ahead_price,value,2026-06-23T05:42:01Z
2026-06-23T05:41:39Z,2026-06-23T07:41:39+0200,c1c18315-63b2-412d-a1be-e7c0796f2236,2026-05-30T03:30:00Z,2026-05-30T05:30:00+0200,120.13,EUR/MWh,BE,BE,day_ahead_price,value,2026-06-23T05:42:01Z
2026-06-23T05:41:39Z,2026-06-23T07:41:39+0200,c1c18315-63b2-412d-a1be-e7c0796f2236,2026-05-30T03:45:00Z,2026-05-30T05:45:00+0200,116.91,EUR/MWh,BE,BE,day_ahead_price,value,2026-06-23T05:42:01Z
2026-06-23T05:41:39Z,2026-06-23T07:41:39+0200,c1c18315-63b2-412d-a1be-e7c0796f2236,2026-05-30T04:00:00Z,2026-05-30T06:00:00+0200,121.15,EUR/MWh,BE,BE,day_ahead_price,value,2026-06-23T05:42:01Z
2026-06-23T05:41:39Z,2026-06-23T07:41:39+0200,c1c18315-63b2-412d-a1be-e7c0796f2236,2026-05-30T04:15:00Z,2026-05-30T06:15:00+0200,118.01,EUR/MWh,BE,BE,day_ahead_price,value,2026-06-23T05:42:01Z
2026-06-23T05:41:39Z,2026-06-23T07:41:39+0200,c1c18315-63b2-412d-a1be-e7c0796f2236,2026-05-30T04:30:00Z,2026-05-30T06:30:00+0200,116.51,EUR/MWh,BE,BE,day_ahead_price,value,2026-06-23T05:42:01Z
2026-06-23T05:41:39Z,2026-06-23T07:41:39+0200,c1c18315-63b2-412d-a1be-e7c0796f2236,2026-05-30T04:45:00Z,2026-05-30T06:45:00+0200,108.75,EUR/MWh,BE,BE,day_ahead_price,value,2026-06-23T05:42:01Z
2026-06-23T05:41:39Z,2026-06-23T07:41:39+0200,c1c18315-63b2-412d-a1be-e7c0796f2236,2026-05-30T05:00:00Z,2026-05-30T07:00:00+0200,115.42,EUR/MWh,BE,BE,day_ahead_price,value,2026-06-23T05:42:01Z
2026-06-23T05:41:39Z,2026-06-23T07:41:39+0200,c1c18315-63b2-412d-a1be-e7c0796f2236,2026-05-30T05:15:00Z,2026-05-30T07:15:00+0200,112.39,EUR/MWh,BE,BE,day_ahead_price,value,2026-06-23T05:42:01Z
2026-06-23T05:41:39Z,2026-06-23T07:41:39+0200,c1c18315-63b2-412d-a1be-e7c0796f2236,2026-05-30T05:30:00Z,2026-05-30T07:30:00+0200,109.85,EUR/MWh,BE,BE,day_ahead_price,value,2026-06-23T05:42:01Z
2026-06-23T05:41:39Z,2026-06-23T07:41:39+0200,c1c18315-63b2-412d-a1be-e7c0796f2236,2026-05-30T05:45:00Z,2026-05-30T07:45:00+0200,93.13,EUR/MWh,BE,BE,day_ahead_price,value,2026-06-23T05:42:01Z
2026-06-23T05:41:39Z,2026-06-23T07:41:39+0200,c1c18315-63b2-412d-a1be-e7c0796f2236,2026-05-30T06:00:00Z,2026-05-30T08:00:00+0200,120.48,EUR/MWh,BE,BE,day_ahead_price,value,2026-06-23T05:42:01Z
2026-06-23T05:41:39Z,2026-06-23T07:41:39+0200,c1c18315-63b2-412d-a1be-e7c0796f2236,2026-05-30T06:15:00Z,2026-05-30T08:15:00+0200,101.6,EUR/MWh,BE,BE,day_ahead_price,value,2026-06-23T05:42:01Z
2026-06-23T05:41:39Z,2026-06-23T07:41:39+0200,c1c18315-63b2-412d-a1be-e7c0796f2236,2026-05-30T06:30:00Z,2026-05-30T08:30:00+0200,83.36,EUR/MWh,BE,BE,day_ahead_price,value,2026-06-23T05:42:01Z
2026-06-23T05:41:39Z,2026-06-23T07:41:39+0200,c1c18315-63b2-412d-a1be-e7c0796f2236,2026-05-30T06:45:00Z,2026-05-30T08:45:00+0200,58.97,EUR/MWh,BE,BE,day_ahead_price,value,2026-06-23T05:42:01Z
2026-06-23T05:41:39Z,2026-06-23T07:41:39+0200,c1c18315-63b2-412d-a1be-e7c0796f2236,2026-05-30T07:00:00Z,2026-05-30T09:00:00+0200,80.75,EUR/MWh,BE,BE,day_ahead_price,value,2026-06-23T05:42:01Z
2026-06-23T05:41:39Z,2026-06-23T07:41:39+0200,c1c18315-63b2-412d-a1be-e7c0796f2236,2026-05-30T07:15:00Z,2026-05-30T09:15:00+0200,44.09,EUR/MWh,BE,BE,day_ahead_price,value,2026-06-23T05:42:01Z
2026-06-23T05:41:39Z,2026-06-23T07:41:39+0200,c1c18315-63b2-412d-a1be-e7c0796f2236,2026-05-30T07:30:00Z,2026-05-30T09:30:00+0200,16.21,EUR/MWh,BE,BE,day_ahead_price,value,2026-06-23T05:42:01Z
2026-06-23T05:41:39Z,2026-06-23T07:41:39+0200,c1c18315-63b2-412d-a1be-e7c0796f2236,2026-05-30T07:45:00Z,2026-05-30T09:45:00+0200,7.6,EUR/MWh,BE,BE,day_ahead_price,value,2026-06-23T05:42:01Z
2026-06-23T05:41:39Z,2026-06-23T07:41:39+0200,c1c18315-63b2-412d-a1be-e7c0796f2236,2026-05-30T08:00:00Z,2026-05-30T10:00:00+0200,9.99,EUR/MWh,BE,BE,day_ahead_price,value,2026-06-23T05:42:01Z
2026-06-23T05:41:39Z,2026-06-23T07:41:39+0200,c1c18315-63b2-412d-a1be-e7c0796f2236,2026-05-30T08:15:00Z,2026-05-30T10:15:00+0200,1.75,EUR/MWh,BE,BE,day_ahead_price,value,2026-06-23T05:42:01Z
2026-06-23T05:41:39Z,2026-06-23T07:41:39+0200,c1c18315-63b2-412d-a1be-e7c0796f2236,2026-05-30T08:30:00Z,2026-05-30T10:30:00+0200,0.1,EUR/MWh,BE,BE,day_ahead_price,value,2026-06-23T05:42:01Z
2026-06-23T05:41:39Z,2026-06-23T07:41:39+0200,c1c18315-63b2-412d-a1be-e7c0796f2236,2026-05-30T08:45:00Z,2026-05-30T10:45:00+0200,0.0,EUR/MWh,BE,BE,day_ahead_price,value,2026-06-23T05:42:01Z
2026-06-23T05:41:39Z,2026-06-23T07:41:39+0200,c1c18315-63b2-412d-a1be-e7c0796f2236,2026-05-30T09:00:00Z,2026-05-30T11:00:00+0200,0.0,EUR/MWh,BE,BE,day_ahead_price,value,2026-06-23T05:42:01Z
2026-06-23T05:41:39Z,2026-06-23T07:41:39+0200,c1c18315-63b2-412d-a1be-e7c0796f2236,2026-05-30T09:15:00Z,2026-05-30T11:15:00+0200,0.0,EUR/MWh,BE,BE,day_ahead_price,value,2026-06-23T05:42:01Z
2026-06-23T05:41:39Z,2026-06-23T07:41:39+0200,c1c18315-63b2-412d-a1be-e7c0796f2236,2026-05-30T09:30:00Z,2026-05-30T11:30:00+0200,-0.01,EUR/MWh,BE,BE,day_ahead_price,value,2026-06-23T05:42:01Z
2026-06-23T05:41:39Z,2026-06-23T07:41:39+0200,c1c18315-63b2-412d-a1be-e7c0796f2236,2026-05-30T09:45:00Z,2026-05-30T11:45:00+0200,-0.01,EUR/MWh,BE,BE,day_ahead_price,value,2026-06-23T05:42:01Z
2026-06-23T05:41:39Z,2026-06-23T07:41:39+0200,c1c18315-63b2-412d-a1be-e7c0796f2236,2026-05-30T10:00:00Z,2026-05-30T12:00:00+0200,-0.01,EUR/MWh,BE,BE,day_ahead_price,value,2026-06-23T05:42:01Z
2026-06-23T05:41:39Z,2026-06-23T07:41:39+0200,c1c18315-63b2-412d-a1be-e7c0796f2236,2026-05-30T10:15:00Z,2026-05-30T12:15:00+0200,0.0,EUR/MWh,BE,BE,day_ahead_price,value,2026-06-23T05:42:01Z
2026-06-23T05:41:39Z,2026-06-23T07:41:39+0200,c1c18315-63b2-412d-a1be-e7c0796f2236,2026-05-30T10:30:00Z,2026-05-30T12:30:00+0200,0.0,EUR/MWh,BE,BE,day_ahead_price,value,2026-06-23T05:42:01Z
2026-06-23T05:41:39Z,2026-06-23T07:41:39+0200,c1c18315-63b2-412d-a1be-e7c0796f2236,2026-05-30T10:45:00Z,2026-05-30T12:45:00+0200,0.01,EUR/MWh,BE,BE,day_ahead_price,value,2026-06-23T05:42:01Z
2026-06-23T05:41:39Z,2026-06-23T07:41:39+0200,c1c18315-63b2-412d-a1be-e7c0796f2236,2026-05-30T11:00:00Z,2026-05-30T13:00:00+0200,0.24,EUR/MWh,BE,BE,day_ahead_price,value,2026-06-23T05:42:01Z
2026-06-23T05:41:39Z,2026-06-23T07:41:39+0200,c1c18315-63b2-412d-a1be-e7c0796f2236,2026-05-30T11:15:00Z,2026-05-30T13:15:00+0200,0.22,EUR/MWh,BE,BE,day_ahead_price,value,2026-06-23T05:42:01Z
2026-06-23T05:41:39Z,2026-06-23T07:41:39+0200,c1c18315-63b2-412d-a1be-e7c0796f2236,2026-05-30T11:30:00Z,2026-05-30T13:30:00+0200,0.24,EUR/MWh,BE,BE,day_ahead_price,value,2026-06-23T05:42:01Z
2026-06-23T05:41:39Z,2026-06-23T07:41:39+0200,c1c18315-63b2-412d-a1be-e7c0796f2236,2026-05-30T11:45:00Z,2026-05-30T13:45:00+0200,0.39,EUR/MWh,BE,BE,day_ahead_price,value,2026-06-23T05:42:01Z
2026-06-23T05:41:39Z,2026-06-23T07:41:39+0200,c1c18315-63b2-412d-a1be-e7c0796f2236,2026-05-30T12:00:00Z,2026-05-30T14:00:00+0200,0.14,EUR/MWh,BE,BE,day_ahead_price,value,2026-06-23T05:42:01Z
2026-06-23T05:41:39Z,2026-06-23T07:41:39+0200,c1c18315-63b2-412d-a1be-e7c0796f2236,2026-05-30T12:15:00Z,2026-05-30T14:15:00+0200,0.07,EUR/MWh,BE,BE,day_ahead_price,value,2026-06-23T05:42:01Z
2026-06-23T05:41:39Z,2026-06-23T07:41:39+0200,c1c18315-63b2-412d-a1be-e7c0796f2236,2026-05-30T12:30:00Z,2026-05-30T14:30:00+0200,0.01,EUR/MWh,BE,BE,day_ahead_price,value,2026-06-23T05:42:01Z
2026-06-23T05:41:39Z,2026-06-23T07:41:39+0200,c1c18315-63b2-412d-a1be-e7c0796f2236,2026-05-30T12:45:00Z,2026-05-30T14:45:00+0200,-0.09,EUR/MWh,BE,BE,day_ahead_price,value,2026-06-23T05:42:01Z
2026-06-23T05:41:39Z,2026-06-23T07:41:39+0200,c1c18315-63b2-412d-a1be-e7c0796f2236,2026-05-30T13:00:00Z,2026-05-30T15:00:00+0200,-0.02,EUR/MWh,BE,BE,day_ahead_price,value,2026-06-23T05:42:01Z
2026-06-23T05:41:39Z,2026-06-23T07:41:39+0200,c1c18315-63b2-412d-a1be-e7c0796f2236,2026-05-30T13:15:00Z,2026-05-30T15:15:00+0200,-0.01,EUR/MWh,BE,BE,day_ahead_price,value,2026-06-23T05:42:01Z
2026-06-23T05:41:39Z,2026-06-23T07:41:39+0200,c1c18315-63b2-412d-a1be-e7c0796f2236,2026-05-30T13:30:00Z,2026-05-30T15:30:00+0200,-0.01,EUR/MWh,BE,BE,day_ahead_price,value,2026-06-23T05:42:01Z
2026-06-23T05:41:39Z,2026-06-23T07:41:39+0200,c1c18315-63b2-412d-a1be-e7c0796f2236,2026-05-30T13:45:00Z,2026-05-30T15:45:00+0200,0.0,EUR/MWh,BE,BE,day_ahead_price,value,2026-06-23T05:42:01Z
2026-06-23T05:41:39Z,2026-06-23T07:41:39+0200,c1c18315-63b2-412d-a1be-e7c0796f2236,2026-05-30T14:00:00Z,2026-05-30T16:00:00+0200,0.0,EUR/MWh,BE,BE,day_ahead_price,value,2026-06-23T05:42:01Z
2026-06-23T05:41:39Z,2026-06-23T07:41:39+0200,c1c18315-63b2-412d-a1be-e7c0796f2236,2026-05-30T14:15:00Z,2026-05-30T16:15:00+0200,0.0,EUR/MWh,BE,BE,day_ahead_price,value,2026-06-23T05:42:01Z
2026-06-23T05:41:39Z,2026-06-23T07:41:39+0200,c1c18315-63b2-412d-a1be-e7c0796f2236,2026-05-30T14:30:00Z,2026-05-30T16:30:00+0200,0.51,EUR/MWh,BE,BE,day_ahead_price,value,2026-06-23T05:42:01Z
2026-06-23T05:41:39Z,2026-06-23T07:41:39+0200,c1c18315-63b2-412d-a1be-e7c0796f2236,2026-05-30T14:45:00Z,2026-05-30T16:45:00+0200,11.52,EUR/MWh,BE,BE,day_ahead_price,value,2026-06-23T05:42:01Z
2026-06-23T05:41:39Z,2026-06-23T07:41:39+0200,c1c18315-63b2-412d-a1be-e7c0796f2236,2026-05-30T15:00:00Z,2026-05-30T17:00:00+0200,8.44,EUR/MWh,BE,BE,day_ahead_price,value,2026-06-23T05:42:01Z
2026-06-23T05:41:39Z,2026-06-23T07:41:39+0200,c1c18315-63b2-412d-a1be-e7c0796f2236,2026-05-30T15:15:00Z,2026-05-30T17:15:00+0200,43.48,EUR/MWh,BE,BE,day_ahead_price,value,2026-06-23T05:42:01Z
2026-06-23T05:41:39Z,2026-06-23T07:41:39+0200,c1c18315-63b2-412d-a1be-e7c0796f2236,2026-05-30T15:30:00Z,2026-05-30T17:30:00+0200,77.07,EUR/MWh,BE,BE,day_ahead_price,value,2026-06-23T05:42:01Z
2026-06-23T05:41:39Z,2026-06-23T07:41:39+0200,c1c18315-63b2-412d-a1be-e7c0796f2236,2026-05-30T15:45:00Z,2026-05-30T17:45:00+0200,90.34,EUR/MWh,BE,BE,day_ahead_price,value,2026-06-23T05:42:01Z
2026-06-23T05:41:39Z,2026-06-23T07:41:39+0200,c1c18315-63b2-412d-a1be-e7c0796f2236,2026-05-30T16:00:00Z,2026-05-30T18:00:00+0200,89.2,EUR/MWh,BE,BE,day_ahead_price,value,2026-06-23T05:42:01Z
2026-06-23T05:41:39Z,2026-06-23T07:41:39+0200,c1c18315-63b2-412d-a1be-e7c0796f2236,2026-05-30T16:15:00Z,2026-05-30T18:15:00+0200,92.88,EUR/MWh,BE,BE,day_ahead_price,value,2026-06-23T05:42:01Z
2026-06-23T05:41:39Z,2026-06-23T07:41:39+0200,c1c18315-63b2-412d-a1be-e7c0796f2236,2026-05-30T16:30:00Z,2026-05-30T18:30:00+0200,110.89,EUR/MWh,BE,BE,day_ahead_price,value,2026-06-23T05:42:01Z
2026-06-23T05:41:39Z,2026-06-23T07:41:39+0200,c1c18315-63b2-412d-a1be-e7c0796f2236,2026-05-30T16:45:00Z,2026-05-30T18:45:00+0200,122.55,EUR/MWh,BE,BE,day_ahead_price,value,2026-06-23T05:42:01Z
2026-06-23T05:41:39Z,2026-06-23T07:41:39+0200,c1c18315-63b2-412d-a1be-e7c0796f2236,2026-05-30T17:00:00Z,2026-05-30T19:00:00+0200,115.03,EUR/MWh,BE,BE,day_ahead_price,value,2026-06-23T05:42:01Z
2026-06-23T05:41:39Z,2026-06-23T07:41:39+0200,c1c18315-63b2-412d-a1be-e7c0796f2236,2026-05-30T17:15:00Z,2026-05-30T19:15:00+0200,126.54,EUR/MWh,BE,BE,day_ahead_price,value,2026-06-23T05:42:01Z
2026-06-23T05:41:39Z,2026-06-23T07:41:39+0200,c1c18315-63b2-412d-a1be-e7c0796f2236,2026-05-30T17:30:00Z,2026-05-30T19:30:00+0200,139.11,EUR/MWh,BE,BE,day_ahead_price,value,2026-06-23T05:42:01Z
2026-06-23T05:41:39Z,2026-06-23T07:41:39+0200,c1c18315-63b2-412d-a1be-e7c0796f2236,2026-05-30T17:45:00Z,2026-05-30T19:45:00+0200,150.82,EUR/MWh,BE,BE,day_ahead_price,value,2026-06-23T05:42:01Z
2026-06-23T05:41:39Z,2026-06-23T07:41:39+0200,c1c18315-63b2-412d-a1be-e7c0796f2236,2026-05-30T18:00:00Z,2026-05-30T20:00:00+0200,134.13,EUR/MWh,BE,BE,day_ahead_price,value,2026-06-23T05:42:01Z
2026-06-23T05:41:39Z,2026-06-23T07:41:39+0200,c1c18315-63b2-412d-a1be-e7c0796f2236,2026-05-30T18:15:00Z,2026-05-30T20:15:00+0200,147.49,EUR/MWh,BE,BE,day_ahead_price,value,2026-06-23T05:42:01Z
2026-06-23T05:41:39Z,2026-06-23T07:41:39+0200,c1c18315-63b2-412d-a1be-e7c0796f2236,2026-05-30T18:30:00Z,2026-05-30T20:30:00+0200,159.24,EUR/MWh,BE,BE,day_ahead_price,value,2026-06-23T05:42:01Z
2026-06-23T05:41:39Z,2026-06-23T07:41:39+0200,c1c18315-63b2-412d-a1be-e7c0796f2236,2026-05-30T18:45:00Z,2026-05-30T20:45:00+0200,167.9,EUR/MWh,BE,BE,day_ahead_price,value,2026-06-23T05:42:01Z
2026-06-23T05:41:39Z,2026-06-23T07:41:39+0200,c1c18315-63b2-412d-a1be-e7c0796f2236,2026-05-30T19:00:00Z,2026-05-30T21:00:00+0200,140.1,EUR/MWh,BE,BE,day_ahead_price,value,2026-06-23T05:42:01Z
2026-06-23T05:41:39Z,2026-06-23T07:41:39+0200,c1c18315-63b2-412d-a1be-e7c0796f2236,2026-05-30T19:15:00Z,2026-05-30T21:15:00+0200,150.0,EUR/MWh,BE,BE,day_ahead_price,value,2026-06-23T05:42:01Z
2026-06-23T05:41:39Z,2026-06-23T07:41:39+0200,c1c18315-63b2-412d-a1be-e7c0796f2236,2026-05-30T19:30:00Z,2026-05-30T21:30:00+0200,154.41,EUR/MWh,BE,BE,day_ahead_price,value,2026-06-23T05:42:01Z
2026-06-23T05:41:39Z,2026-06-23T07:41:39+0200,c1c18315-63b2-412d-a1be-e7c0796f2236,2026-05-30T19:45:00Z,2026-05-30T21:45:00+0200,150.0,EUR/MWh,BE,BE,day_ahead_price,value,2026-06-23T05:42:01Z
2026-06-23T05:41:39Z,2026-06-23T07:41:39+0200,c1c18315-63b2-412d-a1be-e7c0796f2236,2026-05-30T20:00:00Z,2026-05-30T22:00:00+0200,159.65,EUR/MWh,BE,BE,day_ahead_price,value,2026-06-23T05:42:01Z
2026-06-23T05:41:39Z,2026-06-23T07:41:39+0200,c1c18315-63b2-412d-a1be-e7c0796f2236,2026-05-30T20:15:00Z,2026-05-30T22:15:00+0200,156.22,EUR/MWh,BE,BE,day_ahead_price,value,2026-06-23T05:42:01Z
2026-06-23T05:41:39Z,2026-06-23T07:41:39+0200,c1c18315-63b2-412d-a1be-e7c0796f2236,2026-05-30T20:30:00Z,2026-05-30T22:30:00+0200,151.85,EUR/MWh,BE,BE,day_ahead_price,value,2026-06-23T05:42:01Z
2026-06-23T05:41:39Z,2026-06-23T07:41:39+0200,c1c18315-63b2-412d-a1be-e7c0796f2236,2026-05-30T20:45:00Z,2026-05-30T22:45:00+0200,142.48,EUR/MWh,BE,BE,day_ahead_price,value,2026-06-23T05:42:01Z
2026-06-23T05:41:39Z,2026-06-23T07:41:39+0200,c1c18315-63b2-412d-a1be-e7c0796f2236,2026-05-30T21:00:00Z,2026-05-30T23:00:00+0200,140.98,EUR/MWh,BE,BE,day_ahead_price,value,2026-06-23T05:42:01Z
2026-06-23T05:41:39Z,2026-06-23T07:41:39+0200,c1c18315-63b2-412d-a1be-e7c0796f2236,2026-05-30T21:15:00Z,2026-05-30T23:15:00+0200,134.78,EUR/MWh,BE,BE,day_ahead_price,value,2026-06-23T05:42:01Z
2026-06-23T05:41:39Z,2026-06-23T07:41:39+0200,c1c18315-63b2-412d-a1be-e7c0796f2236,2026-05-30T21:30:00Z,2026-05-30T23:30:00+0200,136.63,EUR/MWh,BE,BE,day_ahead_price,value,2026-06-23T05:42:01Z
2026-06-23T05:41:39Z,2026-06-23T07:41:39+0200,c1c18315-63b2-412d-a1be-e7c0796f2236,2026-05-30T21:45:00Z,2026-05-30T23:45:00+0200,133.5,EUR/MWh,BE,BE,day_ahead_price,value,2026-06-23T05:42:01Z
2026-06-23T05:41:39Z,2026-06-23T07:41:39+0200,c1c18315-63b2-412d-a1be-e7c0796f2236,2026-05-30T22:00:00Z,2026-05-31T00:00:00+0200,141.34,EUR/MWh,BE,BE,day_ahead_price,value,2026-06-23T05:42:01Z
2026-06-23T05:41:39Z,2026-06-23T07:41:39+0200,c1c18315-63b2-412d-a1be-e7c0796f2236,2026-05-30T22:15:00Z,2026-05-31T00:15:00+0200,134.22,EUR/MWh,BE,BE,day_ahead_price,value,2026-06-23T05:42:01Z
2026-06-23T05:41:39Z,2026-06-23T07:41:39+0200,c1c18315-63b2-412d-a1be-e7c0796f2236,2026-05-30T22:30:00Z,2026-05-31T00:30:00+0200,129.9,EUR/MWh,BE,BE,day_ahead_price,value,2026-06-23T05:42:01Z
2026-06-23T05:41:39Z,2026-06-23T07:41:39+0200,c1c18315-63b2-412d-a1be-e7c0796f2236,2026-05-30T22:45:00Z,2026-05-31T00:45:00+0200,122.27,EUR/MWh,BE,BE,day_ahead_price,value,2026-06-23T05:42:01Z
2026-06-23T05:41:39Z,2026-06-23T07:41:39+0200,c1c18315-63b2-412d-a1be-e7c0796f2236,2026-05-30T23:00:00Z,2026-05-31T01:00:00+0200,128.69,EUR/MWh,BE,BE,day_ahead_price,value,2026-06-23T05:42:01Z
2026-06-23T05:41:39Z,2026-06-23T07:41:39+0200,c1c18315-63b2-412d-a1be-e7c0796f2236,2026-05-30T23:15:00Z,2026-05-31T01:15:00+0200,125.4,EUR/MWh,BE,BE,day_ahead_price,value,2026-06-23T05:42:01Z
2026-06-23T05:41:39Z,2026-06-23T07:41:39+0200,c1c18315-63b2-412d-a1be-e7c0796f2236,2026-05-30T23:30:00Z,2026-05-31T01:30:00+0200,124.04,EUR/MWh,BE,BE,day_ahead_price,value,2026-06-23T05:42:01Z
2026-06-23T05:41:39Z,2026-06-23T07:41:39+0200,c1c18315-63b2-412d-a1be-e7c0796f2236,2026-05-30T23:45:00Z,2026-05-31T01:45:00+0200,121.41,EUR/MWh,BE,BE,day_ahead_price,value,2026-06-23T05:42:01Z
2026-06-23T05:41:39Z,2026-06-23T07:41:39+0200,c1c18315-63b2-412d-a1be-e7c0796f2236,2026-05-31T00:00:00Z,2026-05-31T02:00:00+0200,122.64,EUR/MWh,BE,BE,day_ahead_price,value,2026-06-23T05:42:01Z
2026-06-23T05:41:39Z,2026-06-23T07:41:39+0200,c1c18315-63b2-412d-a1be-e7c0796f2236,2026-05-31T00:15:00Z,2026-05-31T02:15:00+0200,119.4,EUR/MWh,BE,BE,day_ahead_price,value,2026-06-23T05:42:01Z
2026-06-23T05:41:39Z,2026-06-23T07:41:39+0200,c1c18315-63b2-412d-a1be-e7c0796f2236,2026-05-31T00:30:00Z,2026-05-31T02:30:00+0200,119.5,EUR/MWh,BE,BE,day_ahead_price,value,2026-06-23T05:42:01Z
2026-06-23T05:41:39Z,2026-06-23T07:41:39+0200,c1c18315-63b2-412d-a1be-e7c0796f2236,2026-05-31T00:45:00Z,2026-05-31T02:45:00+0200,113.89,EUR/MWh,BE,BE,day_ahead_price,value,2026-06-23T05:42:01Z
2026-06-23T05:41:39Z,2026-06-23T07:41:39+0200,c1c18315-63b2-412d-a1be-e7c0796f2236,2026-05-31T01:00:00Z,2026-05-31T03:00:00+0200,115.94,EUR/MWh,BE,BE,day_ahead_price,value,2026-06-23T05:42:01Z
2026-06-23T05:41:39Z,2026-06-23T07:41:39+0200,c1c18315-63b2-412d-a1be-e7c0796f2236,2026-05-31T01:15:00Z,2026-05-31T03:15:00+0200,112.72,EUR/MWh,BE,BE,day_ahead_price,value,2026-06-23T05:42:01Z
2026-06-23T05:41:39Z,2026-06-23T07:41:39+0200,c1c18315-63b2-412d-a1be-e7c0796f2236,2026-05-31T01:30:00Z,2026-05-31T03:30:00+0200,115.57,EUR/MWh,BE,BE,day_ahead_price,value,2026-06-23T05:42:01Z
2026-06-23T05:41:39Z,2026-06-23T07:41:39+0200,c1c18315-63b2-412d-a1be-e7c0796f2236,2026-05-31T01:45:00Z,2026-05-31T03:45:00+0200,115.8,EUR/MWh,BE,BE,day_ahead_price,value,2026-06-23T05:42:01Z
2026-06-23T05:41:39Z,2026-06-23T07:41:39+0200,c1c18315-63b2-412d-a1be-e7c0796f2236,2026-05-31T02:00:00Z,2026-05-31T04:00:00+0200,116.62,EUR/MWh,BE,BE,day_ahead_price,value,2026-06-23T05:42:01Z
2026-06-23T05:41:39Z,2026-06-23T07:41:39+0200,c1c18315-63b2-412d-a1be-e7c0796f2236,2026-05-31T02:15:00Z,2026-05-31T04:15:00+0200,117.15,EUR/MWh,BE,BE,day_ahead_price,value,2026-06-23T05:42:01Z
2026-06-23T05:41:39Z,2026-06-23T07:41:39+0200,c1c18315-63b2-412d-a1be-e7c0796f2236,2026-05-31T02:30:00Z,2026-05-31T04:30:00+0200,117.02,EUR/MWh,BE,BE,day_ahead_price,value,2026-06-23T05:42:01Z
2026-06-23T05:41:39Z,2026-06-23T07:41:39+0200,c1c18315-63b2-412d-a1be-e7c0796f2236,2026-05-31T02:45:00Z,2026-05-31T04:45:00+0200,112.47,EUR/MWh,BE,BE,day_ahead_price,value,2026-06-23T05:42:01Z
2026-06-23T05:41:39Z,2026-06-23T07:41:39+0200,c1c18315-63b2-412d-a1be-e7c0796f2236,2026-05-31T03:00:00Z,2026-05-31T05:00:00+0200,117.29,EUR/MWh,BE,BE,day_ahead_price,value,2026-06-23T05:42:01Z
2026-06-23T05:41:39Z,2026-06-23T07:41:39+0200,c1c18315-63b2-412d-a1be-e7c0796f2236,2026-05-31T03:15:00Z,2026-05-31T05:15:00+0200,114.37,EUR/MWh,BE,BE,day_ahead_price,value,2026-06-23T05:42:01Z
2026-06-23T05:41:39Z,2026-06-23T07:41:39+0200,c1c18315-63b2-412d-a1be-e7c0796f2236,2026-05-31T03:30:00Z,2026-05-31T05:30:00+0200,111.93,EUR/MWh,BE,BE,day_ahead_price,value,2026-06-23T05:42:01Z
2026-06-23T05:41:39Z,2026-06-23T07:41:39+0200,c1c18315-63b2-412d-a1be-e7c0796f2236,2026-05-31T03:45:00Z,2026-05-31T05:45:00+0200,109.65,EUR/MWh,BE,BE,day_ahead_price,value,2026-06-23T05:42:01Z
2026-06-23T05:41:39Z,2026-06-23T07:41:39+0200,c1c18315-63b2-412d-a1be-e7c0796f2236,2026-05-31T04:00:00Z,2026-05-31T06:00:00+0200,121.84,EUR/MWh,BE,BE,day_ahead_price,value,2026-06-23T05:42:01Z
2026-06-23T05:41:39Z,2026-06-23T07:41:39+0200,c1c18315-63b2-412d-a1be-e7c0796f2236,2026-05-31T04:15:00Z,2026-05-31T06:15:00+0200,114.12,EUR/MWh,BE,BE,day_ahead_price,value,2026-06-23T05:42:01Z
2026-06-23T05:41:39Z,2026-06-23T07:41:39+0200,c1c18315-63b2-412d-a1be-e7c0796f2236,2026-05-31T04:30:00Z,2026-05-31T06:30:00+0200,111.77,EUR/MWh,BE,BE,day_ahead_price,value,2026-06-23T05:42:01Z
2026-06-23T05:41:39Z,2026-06-23T07:41:39+0200,c1c18315-63b2-412d-a1be-e7c0796f2236,2026-05-31T04:45:00Z,2026-05-31T06:45:00+0200,100.61,EUR/MWh,BE,BE,day_ahead_price,value,2026-06-23T05:42:01Z
2026-06-23T05:41:39Z,2026-06-23T07:41:39+0200,c1c18315-63b2-412d-a1be-e7c0796f2236,2026-05-31T05:00:00Z,2026-05-31T07:00:00+0200,111.62,EUR/MWh,BE,BE,day_ahead_price,value,2026-06-23T05:42:01Z
2026-06-23T05:41:39Z,2026-06-23T07:41:39+0200,c1c18315-63b2-412d-a1be-e7c0796f2236,2026-05-31T05:15:00Z,2026-05-31T07:15:00+0200,105.46,EUR/MWh,BE,BE,day_ahead_price,value,2026-06-23T05:42:01Z
2026-06-23T05:41:39Z,2026-06-23T07:41:39+0200,c1c18315-63b2-412d-a1be-e7c0796f2236,2026-05-31T05:30:00Z,2026-05-31T07:30:00+0200,98.99,EUR/MWh,BE,BE,day_ahead_price,value,2026-06-23T05:42:01Z
2026-06-23T05:41:39Z,2026-06-23T07:41:39+0200,c1c18315-63b2-412d-a1be-e7c0796f2236,2026-05-31T05:45:00Z,2026-05-31T07:45:00+0200,85.16,EUR/MWh,BE,BE,day_ahead_price,value,2026-06-23T05:42:01Z
2026-06-23T05:41:39Z,2026-06-23T07:41:39+0200,c1c18315-63b2-412d-a1be-e7c0796f2236,2026-05-31T06:00:00Z,2026-05-31T08:00:00+0200,96.93,EUR/MWh,BE,BE,day_ahead_price,value,2026-06-23T05:42:01Z
2026-06-23T05:41:39Z,2026-06-23T07:41:39+0200,c1c18315-63b2-412d-a1be-e7c0796f2236,2026-05-31T06:15:00Z,2026-05-31T08:15:00+0200,87.0,EUR/MWh,BE,BE,day_ahead_price,value,2026-06-23T05:42:01Z
2026-06-23T05:41:39Z,2026-06-23T07:41:39+0200,c1c18315-63b2-412d-a1be-e7c0796f2236,2026-05-31T06:30:00Z,2026-05-31T08:30:00+0200,76.9,EUR/MWh,BE,BE,day_ahead_price,value,2026-06-23T05:42:01Z
2026-06-23T05:41:39Z,2026-06-23T07:41:39+0200,c1c18315-63b2-412d-a1be-e7c0796f2236,2026-05-31T06:45:00Z,2026-05-31T08:45:00+0200,74.64,EUR/MWh,BE,BE,day_ahead_price,value,2026-06-23T05:42:01Z
2026-06-23T05:41:39Z,2026-06-23T07:41:39+0200,c1c18315-63b2-412d-a1be-e7c0796f2236,2026-05-31T07:00:00Z,2026-05-31T09:00:00+0200,65.16,EUR/MWh,BE,BE,day_ahead_price,value,2026-06-23T05:42:01Z
2026-06-23T05:41:39Z,2026-06-23T07:41:39+0200,c1c18315-63b2-412d-a1be-e7c0796f2236,2026-05-31T07:15:00Z,2026-05-31T09:15:00+0200,53.96,EUR/MWh,BE,BE,day_ahead_price,value,2026-06-23T05:42:01Z
2026-06-23T05:41:39Z,2026-06-23T07:41:39+0200,c1c18315-63b2-412d-a1be-e7c0796f2236,2026-05-31T07:30:00Z,2026-05-31T09:30:00+0200,42.5,EUR/MWh,BE,BE,day_ahead_price,value,2026-06-23T05:42:01Z
2026-06-23T05:41:39Z,2026-06-23T07:41:39+0200,c1c18315-63b2-412d-a1be-e7c0796f2236,2026-05-31T07:45:00Z,2026-05-31T09:45:00+0200,28.97,EUR/MWh,BE,BE,day_ahead_price,value,2026-06-23T05:42:01Z
2026-06-23T05:41:39Z,2026-06-23T07:41:39+0200,c1c18315-63b2-412d-a1be-e7c0796f2236,2026-05-31T08:00:00Z,2026-05-31T10:00:00+0200,21.77,EUR/MWh,BE,BE,day_ahead_price,value,2026-06-23T05:42:01Z
2026-06-23T05:41:39Z,2026-06-23T07:41:39+0200,c1c18315-63b2-412d-a1be-e7c0796f2236,2026-05-31T08:15:00Z,2026-05-31T10:15:00+0200,4.06,EUR/MWh,BE,BE,day_ahead_price,value,2026-06-23T05:42:01Z
2026-06-23T05:41:39Z,2026-06-23T07:41:39+0200,c1c18315-63b2-412d-a1be-e7c0796f2236,2026-05-31T08:30:00Z,2026-05-31T10:30:00+0200,0.01,EUR/MWh,BE,BE,day_ahead_price,value,2026-06-23T05:42:01Z
2026-06-23T05:41:39Z,2026-06-23T07:41:39+0200,c1c18315-63b2-412d-a1be-e7c0796f2236,2026-05-31T08:45:00Z,2026-05-31T10:45:00+0200,0.0,EUR/MWh,BE,BE,day_ahead_price,value,2026-06-23T05:42:01Z
2026-06-23T05:41:39Z,2026-06-23T07:41:39+0200,c1c18315-63b2-412d-a1be-e7c0796f2236,2026-05-31T09:00:00Z,2026-05-31T11:00:00+0200,0.0,EUR/MWh,BE,BE,day_ahead_price,value,2026-06-23T05:42:01Z
2026-06-23T05:41:39Z,2026-06-23T07:41:39+0200,c1c18315-63b2-412d-a1be-e7c0796f2236,2026-05-31T09:15:00Z,2026-05-31T11:15:00+0200,0.0,EUR/MWh,BE,BE,day_ahead_price,value,2026-06-23T05:42:01Z
2026-06-23T05:41:39Z,2026-06-23T07:41:39+0200,c1c18315-63b2-412d-a1be-e7c0796f2236,2026-05-31T09:30:00Z,2026-05-31T11:30:00+0200,0.0,EUR/MWh,BE,BE,day_ahead_price,value,2026-06-23T05:42:01Z
2026-06-23T05:41:39Z,2026-06-23T07:41:39+0200,c1c18315-63b2-412d-a1be-e7c0796f2236,2026-05-31T09:45:00Z,2026-05-31T11:45:00+0200,0.0,EUR/MWh,BE,BE,day_ahead_price,value,2026-06-23T05:42:01Z
2026-06-23T05:41:39Z,2026-06-23T07:41:39+0200,c1c18315-63b2-412d-a1be-e7c0796f2236,2026-05-31T10:00:00Z,2026-05-31T12:00:00+0200,0.0,EUR/MWh,BE,BE,day_ahead_price,value,2026-06-23T05:42:01Z
2026-06-23T05:41:39Z,2026-06-23T07:41:39+0200,c1c18315-63b2-412d-a1be-e7c0796f2236,2026-05-31T10:15:00Z,2026-05-31T12:15:00+0200,0.0,EUR/MWh,BE,BE,day_ahead_price,value,2026-06-23T05:42:01Z
2026-06-23T05:41:39Z,2026-06-23T07:41:39+0200,c1c18315-63b2-412d-a1be-e7c0796f2236,2026-05-31T10:30:00Z,2026-05-31T12:30:00+0200,-0.01,EUR/MWh,BE,BE,day_ahead_price,value,2026-06-23T05:42:01Z
2026-06-23T05:41:39Z,2026-06-23T07:41:39+0200,c1c18315-63b2-412d-a1be-e7c0796f2236,2026-05-31T10:45:00Z,2026-05-31T12:45:00+0200,-0.01,EUR/MWh,BE,BE,day_ahead_price,value,2026-06-23T05:42:01Z
2026-06-23T05:41:39Z,2026-06-23T07:41:39+0200,c1c18315-63b2-412d-a1be-e7c0796f2236,2026-05-31T11:00:00Z,2026-05-31T13:00:00+0200,-0.01,EUR/MWh,BE,BE,day_ahead_price,value,2026-06-23T05:42:01Z
2026-06-23T05:41:39Z,2026-06-23T07:41:39+0200,c1c18315-63b2-412d-a1be-e7c0796f2236,2026-05-31T11:15:00Z,2026-05-31T13:15:00+0200,-0.01,EUR/MWh,BE,BE,day_ahead_price,value,2026-06-23T05:42:01Z
2026-06-23T05:41:39Z,2026-06-23T07:41:39+0200,c1c18315-63b2-412d-a1be-e7c0796f2236,2026-05-31T11:30:00Z,2026-05-31T13:30:00+0200,-0.01,EUR/MWh,BE,BE,day_ahead_price,value,2026-06-23T05:42:01Z
2026-06-23T05:41:39Z,2026-06-23T07:41:39+0200,c1c18315-63b2-412d-a1be-e7c0796f2236,2026-05-31T11:45:00Z,2026-05-31T13:45:00+0200,-0.01,EUR/MWh,BE,BE,day_ahead_price,value,2026-06-23T05:42:01Z
2026-06-23T05:41:39Z,2026-06-23T07:41:39+0200,c1c18315-63b2-412d-a1be-e7c0796f2236,2026-05-31T12:00:00Z,2026-05-31T14:00:00+0200,-0.01,EUR/MWh,BE,BE,day_ahead_price,value,2026-06-23T05:42:01Z
2026-06-23T05:41:39Z,2026-06-23T07:41:39+0200,c1c18315-63b2-412d-a1be-e7c0796f2236,2026-05-31T12:15:00Z,2026-05-31T14:15:00+0200,-0.01,EUR/MWh,BE,BE,day_ahead_price,value,2026-06-23T05:42:01Z
2026-06-23T05:41:39Z,2026-06-23T07:41:39+0200,c1c18315-63b2-412d-a1be-e7c0796f2236,2026-05-31T12:30:00Z,2026-05-31T14:30:00+0200,-0.01,EUR/MWh,BE,BE,day_ahead_price,value,2026-06-23T05:42:01Z
2026-06-23T05:41:39Z,2026-06-23T07:41:39+0200,c1c18315-63b2-412d-a1be-e7c0796f2236,2026-05-31T12:45:00Z,2026-05-31T14:45:00+0200,-0.01,EUR/MWh,BE,BE,day_ahead_price,value,2026-06-23T05:42:01Z
2026-06-23T05:41:39Z,2026-06-23T07:41:39+0200,c1c18315-63b2-412d-a1be-e7c0796f2236,2026-05-31T13:00:00Z,2026-05-31T15:00:00+0200,-0.01,EUR/MWh,BE,BE,day_ahead_price,value,2026-06-23T05:42:01Z
2026-06-23T05:41:39Z,2026-06-23T07:41:39+0200,c1c18315-63b2-412d-a1be-e7c0796f2236,2026-05-31T13:15:00Z,2026-05-31T15:15:00+0200,0.0,EUR/MWh,BE,BE,day_ahead_price,value,2026-06-23T05:42:01Z
2026-06-23T05:41:39Z,2026-06-23T07:41:39+0200,c1c18315-63b2-412d-a1be-e7c0796f2236,2026-05-31T13:30:00Z,2026-05-31T15:30:00+0200,0.0,EUR/MWh,BE,BE,day_ahead_price,value,2026-06-23T05:42:01Z
2026-06-23T05:41:39Z,2026-06-23T07:41:39+0200,c1c18315-63b2-412d-a1be-e7c0796f2236,2026-05-31T13:45:00Z,2026-05-31T15:45:00+0200,0.01,EUR/MWh,BE,BE,day_ahead_price,value,2026-06-23T05:42:01Z
2026-06-23T05:41:39Z,2026-06-23T07:41:39+0200,c1c18315-63b2-412d-a1be-e7c0796f2236,2026-05-31T14:00:00Z,2026-05-31T16:00:00+0200,5.9,EUR/MWh,BE,BE,day_ahead_price,value,2026-06-23T05:42:01Z
2026-06-23T05:41:39Z,2026-06-23T07:41:39+0200,c1c18315-63b2-412d-a1be-e7c0796f2236,2026-05-31T14:15:00Z,2026-05-31T16:15:00+0200,29.09,EUR/MWh,BE,BE,day_ahead_price,value,2026-06-23T05:42:01Z
2026-06-23T05:41:39Z,2026-06-23T07:41:39+0200,c1c18315-63b2-412d-a1be-e7c0796f2236,2026-05-31T14:30:00Z,2026-05-31T16:30:00+0200,48.83,EUR/MWh,BE,BE,day_ahead_price,value,2026-06-23T05:42:01Z
2026-06-23T05:41:39Z,2026-06-23T07:41:39+0200,c1c18315-63b2-412d-a1be-e7c0796f2236,2026-05-31T14:45:00Z,2026-05-31T16:45:00+0200,66.0,EUR/MWh,BE,BE,day_ahead_price,value,2026-06-23T05:42:01Z
2026-06-23T05:41:39Z,2026-06-23T07:41:39+0200,c1c18315-63b2-412d-a1be-e7c0796f2236,2026-05-31T15:00:00Z,2026-05-31T17:00:00+0200,54.36,EUR/MWh,BE,BE,day_ahead_price,value,2026-06-23T05:42:01Z
2026-06-23T05:41:39Z,2026-06-23T07:41:39+0200,c1c18315-63b2-412d-a1be-e7c0796f2236,2026-05-31T15:15:00Z,2026-05-31T17:15:00+0200,73.7,EUR/MWh,BE,BE,day_ahead_price,value,2026-06-23T05:42:01Z
2026-06-23T05:41:39Z,2026-06-23T07:41:39+0200,c1c18315-63b2-412d-a1be-e7c0796f2236,2026-05-31T15:30:00Z,2026-05-31T17:30:00+0200,85.73,EUR/MWh,BE,BE,day_ahead_price,value,2026-06-23T05:42:01Z
2026-06-23T05:41:39Z,2026-06-23T07:41:39+0200,c1c18315-63b2-412d-a1be-e7c0796f2236,2026-05-31T15:45:00Z,2026-05-31T17:45:00+0200,101.79,EUR/MWh,BE,BE,day_ahead_price,value,2026-06-23T05:42:01Z
2026-06-23T05:41:39Z,2026-06-23T07:41:39+0200,c1c18315-63b2-412d-a1be-e7c0796f2236,2026-05-31T16:00:00Z,2026-05-31T18:00:00+0200,91.7,EUR/MWh,BE,BE,day_ahead_price,value,2026-06-23T05:42:01Z
2026-06-23T05:41:39Z,2026-06-23T07:41:39+0200,c1c18315-63b2-412d-a1be-e7c0796f2236,2026-05-31T16:15:00Z,2026-05-31T18:15:00+0200,105.05,EUR/MWh,BE,BE,day_ahead_price,value,2026-06-23T05:42:01Z
2026-06-23T05:41:39Z,2026-06-23T07:41:39+0200,c1c18315-63b2-412d-a1be-e7c0796f2236,2026-05-31T16:30:00Z,2026-05-31T18:30:00+0200,120.51,EUR/MWh,BE,BE,day_ahead_price,value,2026-06-23T05:42:01Z
2026-06-23T05:41:39Z,2026-06-23T07:41:39+0200,c1c18315-63b2-412d-a1be-e7c0796f2236,2026-05-31T16:45:00Z,2026-05-31T18:45:00+0200,133.47,EUR/MWh,BE,BE,day_ahead_price,value,2026-06-23T05:42:01Z
2026-06-23T05:41:39Z,2026-06-23T07:41:39+0200,c1c18315-63b2-412d-a1be-e7c0796f2236,2026-05-31T17:00:00Z,2026-05-31T19:00:00+0200,116.81,EUR/MWh,BE,BE,day_ahead_price,value,2026-06-23T05:42:01Z
2026-06-23T05:41:39Z,2026-06-23T07:41:39+0200,c1c18315-63b2-412d-a1be-e7c0796f2236,2026-05-31T17:15:00Z,2026-05-31T19:15:00+0200,124.52,EUR/MWh,BE,BE,day_ahead_price,value,2026-06-23T05:42:01Z
2026-06-23T05:41:39Z,2026-06-23T07:41:39+0200,c1c18315-63b2-412d-a1be-e7c0796f2236,2026-05-31T17:30:00Z,2026-05-31T19:30:00+0200,132.87,EUR/MWh,BE,BE,day_ahead_price,value,2026-06-23T05:42:01Z
2026-06-23T05:41:39Z,2026-06-23T07:41:39+0200,c1c18315-63b2-412d-a1be-e7c0796f2236,2026-05-31T17:45:00Z,2026-05-31T19:45:00+0200,139.36,EUR/MWh,BE,BE,day_ahead_price,value,2026-06-23T05:42:01Z
2026-06-23T05:41:39Z,2026-06-23T07:41:39+0200,c1c18315-63b2-412d-a1be-e7c0796f2236,2026-05-31T18:00:00Z,2026-05-31T20:00:00+0200,121.67,EUR/MWh,BE,BE,day_ahead_price,value,2026-06-23T05:42:01Z
2026-06-23T05:41:39Z,2026-06-23T07:41:39+0200,c1c18315-63b2-412d-a1be-e7c0796f2236,2026-05-31T18:15:00Z,2026-05-31T20:15:00+0200,129.76,EUR/MWh,BE,BE,day_ahead_price,value,2026-06-23T05:42:01Z
2026-06-23T05:41:39Z,2026-06-23T07:41:39+0200,c1c18315-63b2-412d-a1be-e7c0796f2236,2026-05-31T18:30:00Z,2026-05-31T20:30:00+0200,139.18,EUR/MWh,BE,BE,day_ahead_price,value,2026-06-23T05:42:01Z
2026-06-23T05:41:39Z,2026-06-23T07:41:39+0200,c1c18315-63b2-412d-a1be-e7c0796f2236,2026-05-31T18:45:00Z,2026-05-31T20:45:00+0200,152.29,EUR/MWh,BE,BE,day_ahead_price,value,2026-06-23T05:42:01Z
2026-06-23T05:41:39Z,2026-06-23T07:41:39+0200,c1c18315-63b2-412d-a1be-e7c0796f2236,2026-05-31T19:00:00Z,2026-05-31T21:00:00+0200,149.49,EUR/MWh,BE,BE,day_ahead_price,value,2026-06-23T05:42:01Z
2026-06-23T05:41:39Z,2026-06-23T07:41:39+0200,c1c18315-63b2-412d-a1be-e7c0796f2236,2026-05-31T19:15:00Z,2026-05-31T21:15:00+0200,146.25,EUR/MWh,BE,BE,day_ahead_price,value,2026-06-23T05:42:01Z
2026-06-23T05:41:39Z,2026-06-23T07:41:39+0200,c1c18315-63b2-412d-a1be-e7c0796f2236,2026-05-31T19:30:00Z,2026-05-31T21:30:00+0200,147.04,EUR/MWh,BE,BE,day_ahead_price,value,2026-06-23T05:42:01Z
2026-06-23T05:41:39Z,2026-06-23T07:41:39+0200,c1c18315-63b2-412d-a1be-e7c0796f2236,2026-05-31T19:45:00Z,2026-05-31T21:45:00+0200,149.14,EUR/MWh,BE,BE,day_ahead_price,value,2026-06-23T05:42:01Z
2026-06-23T05:41:39Z,2026-06-23T07:41:39+0200,c1c18315-63b2-412d-a1be-e7c0796f2236,2026-05-31T20:00:00Z,2026-05-31T22:00:00+0200,154.71,EUR/MWh,BE,BE,day_ahead_price,value,2026-06-23T05:42:01Z
2026-06-23T05:41:39Z,2026-06-23T07:41:39+0200,c1c18315-63b2-412d-a1be-e7c0796f2236,2026-05-31T20:15:00Z,2026-05-31T22:15:00+0200,148.31,EUR/MWh,BE,BE,day_ahead_price,value,2026-06-23T05:42:01Z
2026-06-23T05:41:39Z,2026-06-23T07:41:39+0200,c1c18315-63b2-412d-a1be-e7c0796f2236,2026-05-31T20:30:00Z,2026-05-31T22:30:00+0200,145.32,EUR/MWh,BE,BE,day_ahead_price,value,2026-06-23T05:42:01Z
2026-06-23T05:41:39Z,2026-06-23T07:41:39+0200,c1c18315-63b2-412d-a1be-e7c0796f2236,2026-05-31T20:45:00Z,2026-05-31T22:45:00+0200,139.2,EUR/MWh,BE,BE,day_ahead_price,value,2026-06-23T05:42:01Z
2026-06-23T05:41:39Z,2026-06-23T07:41:39+0200,c1c18315-63b2-412d-a1be-e7c0796f2236,2026-05-31T21:00:00Z,2026-05-31T23:00:00+0200,145.4,EUR/MWh,BE,BE,day_ahead_price,value,2026-06-23T05:42:01Z
2026-06-23T05:41:39Z,2026-06-23T07:41:39+0200,c1c18315-63b2-412d-a1be-e7c0796f2236,2026-05-31T21:15:00Z,2026-05-31T23:15:00+0200,140.38,EUR/MWh,BE,BE,day_ahead_price,value,2026-06-23T05:42:01Z
2026-06-23T05:41:39Z,2026-06-23T07:41:39+0200,c1c18315-63b2-412d-a1be-e7c0796f2236,2026-05-31T21:30:00Z,2026-05-31T23:30:00+0200,137.2,EUR/MWh,BE,BE,day_ahead_price,value,2026-06-23T05:42:01Z
2026-06-23T05:41:39Z,2026-06-23T07:41:39+0200,c1c18315-63b2-412d-a1be-e7c0796f2236,2026-05-31T21:45:00Z,2026-05-31T23:45:00+0200,133.66,EUR/MWh,BE,BE,day_ahead_price,value,2026-06-23T05:42:01Z
2026-06-23T05:41:39Z,2026-06-23T07:41:39+0200,c1c18315-63b2-412d-a1be-e7c0796f2236,2026-05-31T22:00:00Z,2026-06-01T00:00:00+0200,148.04,EUR/MWh,BE,BE,day_ahead_price,value,2026-06-23T05:42:01Z
2026-06-23T05:41:39Z,2026-06-23T07:41:39+0200,c1c18315-63b2-412d-a1be-e7c0796f2236,2026-05-31T22:15:00Z,2026-06-01T00:15:00+0200,136.0,EUR/MWh,BE,BE,day_ahead_price,value,2026-06-23T05:42:01Z
2026-06-23T05:41:39Z,2026-06-23T07:41:39+0200,c1c18315-63b2-412d-a1be-e7c0796f2236,2026-05-31T22:30:00Z,2026-06-01T00:30:00+0200,136.45,EUR/MWh,BE,BE,day_ahead_price,value,2026-06-23T05:42:01Z
2026-06-23T05:41:39Z,2026-06-23T07:41:39+0200,c1c18315-63b2-412d-a1be-e7c0796f2236,2026-05-31T22:45:00Z,2026-06-01T00:45:00+0200,125.7,EUR/MWh,BE,BE,day_ahead_price,value,2026-06-23T05:42:01Z
2026-06-23T05:41:39Z,2026-06-23T07:41:39+0200,c1c18315-63b2-412d-a1be-e7c0796f2236,2026-05-31T23:00:00Z,2026-06-01T01:00:00+0200,129.41,EUR/MWh,BE,BE,day_ahead_price,value,2026-06-23T05:42:01Z
2026-06-23T05:41:39Z,2026-06-23T07:41:39+0200,c1c18315-63b2-412d-a1be-e7c0796f2236,2026-05-31T23:15:00Z,2026-06-01T01:15:00+0200,121.84,EUR/MWh,BE,BE,day_ahead_price,value,2026-06-23T05:42:01Z
2026-06-23T05:41:39Z,2026-06-23T07:41:39+0200,c1c18315-63b2-412d-a1be-e7c0796f2236,2026-05-31T23:30:00Z,2026-06-01T01:30:00+0200,119.99,EUR/MWh,BE,BE,day_ahead_price,value,2026-06-23T05:42:01Z
2026-06-23T05:41:39Z,2026-06-23T07:41:39+0200,c1c18315-63b2-412d-a1be-e7c0796f2236,2026-05-31T23:45:00Z,2026-06-01T01:45:00+0200,113.58,EUR/MWh,BE,BE,day_ahead_price,value,2026-06-23T05:42:01Z
2026-06-23T05:41:39Z,2026-06-23T07:41:39+0200,c1c18315-63b2-412d-a1be-e7c0796f2236,2026-06-01T00:00:00Z,2026-06-01T02:00:00+0200,116.09,EUR/MWh,BE,BE,day_ahead_price,value,2026-06-23T05:42:01Z
2026-06-23T05:41:39Z,2026-06-23T07:41:39+0200,c1c18315-63b2-412d-a1be-e7c0796f2236,2026-06-01T00:15:00Z,2026-06-01T02:15:00+0200,117.84,EUR/MWh,BE,BE,day_ahead_price,value,2026-06-23T05:42:01Z
2026-06-23T05:41:39Z,2026-06-23T07:41:39+0200,c1c18315-63b2-412d-a1be-e7c0796f2236,2026-06-01T00:30:00Z,2026-06-01T02:30:00+0200,115.81,EUR/MWh,BE,BE,day_ahead_price,value,2026-06-23T05:42:01Z
2026-06-23T05:41:39Z,2026-06-23T07:41:39+0200,c1c18315-63b2-412d-a1be-e7c0796f2236,2026-06-01T00:45:00Z,2026-06-01T02:45:00+0200,112.09,EUR/MWh,BE,BE,day_ahead_price,value,2026-06-23T05:42:01Z
2026-06-23T05:41:39Z,2026-06-23T07:41:39+0200,c1c18315-63b2-412d-a1be-e7c0796f2236,2026-06-01T01:00:00Z,2026-06-01T03:00:00+0200,115.38,EUR/MWh,BE,BE,day_ahead_price,value,2026-06-23T05:42:01Z
2026-06-23T05:41:39Z,2026-06-23T07:41:39+0200,c1c18315-63b2-412d-a1be-e7c0796f2236,2026-06-01T01:15:00Z,2026-06-01T03:15:00+0200,119.66,EUR/MWh,BE,BE,day_ahead_price,value,2026-06-23T05:42:01Z
2026-06-23T05:41:39Z,2026-06-23T07:41:39+0200,c1c18315-63b2-412d-a1be-e7c0796f2236,2026-06-01T01:30:00Z,2026-06-01T03:30:00+0200,110.79,EUR/MWh,BE,BE,day_ahead_price,value,2026-06-23T05:42:01Z
2026-06-23T05:41:39Z,2026-06-23T07:41:39+0200,c1c18315-63b2-412d-a1be-e7c0796f2236,2026-06-01T01:45:00Z,2026-06-01T03:45:00+0200,111.78,EUR/MWh,BE,BE,day_ahead_price,value,2026-06-23T05:42:01Z
2026-06-23T05:41:39Z,2026-06-23T07:41:39+0200,c1c18315-63b2-412d-a1be-e7c0796f2236,2026-06-01T02:00:00Z,2026-06-01T04:00:00+0200,112.71,EUR/MWh,BE,BE,day_ahead_price,value,2026-06-23T05:42:01Z
2026-06-23T05:41:39Z,2026-06-23T07:41:39+0200,c1c18315-63b2-412d-a1be-e7c0796f2236,2026-06-01T02:15:00Z,2026-06-01T04:15:00+0200,114.3,EUR/MWh,BE,BE,day_ahead_price,value,2026-06-23T05:42:01Z
2026-06-23T05:41:39Z,2026-06-23T07:41:39+0200,c1c18315-63b2-412d-a1be-e7c0796f2236,2026-06-01T02:30:00Z,2026-06-01T04:30:00+0200,117.0,EUR/MWh,BE,BE,day_ahead_price,value,2026-06-23T05:42:01Z
2026-06-23T05:41:39Z,2026-06-23T07:41:39+0200,c1c18315-63b2-412d-a1be-e7c0796f2236,2026-06-01T02:45:00Z,2026-06-01T04:45:00+0200,121.65,EUR/MWh,BE,BE,day_ahead_price,value,2026-06-23T05:42:01Z
2026-06-23T05:41:39Z,2026-06-23T07:41:39+0200,c1c18315-63b2-412d-a1be-e7c0796f2236,2026-06-01T03:00:00Z,2026-06-01T05:00:00+0200,116.09,EUR/MWh,BE,BE,day_ahead_price,value,2026-06-23T05:42:01Z
2026-06-23T05:41:39Z,2026-06-23T07:41:39+0200,c1c18315-63b2-412d-a1be-e7c0796f2236,2026-06-01T03:15:00Z,2026-06-01T05:15:00+0200,122.01,EUR/MWh,BE,BE,day_ahead_price,value,2026-06-23T05:42:01Z
2026-06-23T05:41:39Z,2026-06-23T07:41:39+0200,c1c18315-63b2-412d-a1be-e7c0796f2236,2026-06-01T03:30:00Z,2026-06-01T05:30:00+0200,130.5,EUR/MWh,BE,BE,day_ahead_price,value,2026-06-23T05:42:01Z
2026-06-23T05:41:39Z,2026-06-23T07:41:39+0200,c1c18315-63b2-412d-a1be-e7c0796f2236,2026-06-01T03:45:00Z,2026-06-01T05:45:00+0200,137.47,EUR/MWh,BE,BE,day_ahead_price,value,2026-06-23T05:42:01Z
2026-06-23T05:41:39Z,2026-06-23T07:41:39+0200,c1c18315-63b2-412d-a1be-e7c0796f2236,2026-06-01T04:00:00Z,2026-06-01T06:00:00+0200,120.0,EUR/MWh,BE,BE,day_ahead_price,value,2026-06-23T05:42:01Z
2026-06-23T05:41:39Z,2026-06-23T07:41:39+0200,c1c18315-63b2-412d-a1be-e7c0796f2236,2026-06-01T04:15:00Z,2026-06-01T06:15:00+0200,127.5,EUR/MWh,BE,BE,day_ahead_price,value,2026-06-23T05:42:01Z
2026-06-23T05:41:39Z,2026-06-23T07:41:39+0200,c1c18315-63b2-412d-a1be-e7c0796f2236,2026-06-01T04:30:00Z,2026-06-01T06:30:00+0200,156.32,EUR/MWh,BE,BE,day_ahead_price,value,2026-06-23T05:42:01Z
2026-06-23T05:41:39Z,2026-06-23T07:41:39+0200,c1c18315-63b2-412d-a1be-e7c0796f2236,2026-06-01T04:45:00Z,2026-06-01T06:45:00+0200,156.8,EUR/MWh,BE,BE,day_ahead_price,value,2026-06-23T05:42:01Z
2026-06-23T05:41:39Z,2026-06-23T07:41:39+0200,c1c18315-63b2-412d-a1be-e7c0796f2236,2026-06-01T05:00:00Z,2026-06-01T07:00:00+0200,150.0,EUR/MWh,BE,BE,day_ahead_price,value,2026-06-23T05:42:01Z
2026-06-23T05:41:39Z,2026-06-23T07:41:39+0200,c1c18315-63b2-412d-a1be-e7c0796f2236,2026-06-01T05:15:00Z,2026-06-01T07:15:00+0200,149.16,EUR/MWh,BE,BE,day_ahead_price,value,2026-06-23T05:42:01Z
2026-06-23T05:41:39Z,2026-06-23T07:41:39+0200,c1c18315-63b2-412d-a1be-e7c0796f2236,2026-06-01T05:30:00Z,2026-06-01T07:30:00+0200,137.85,EUR/MWh,BE,BE,day_ahead_price,value,2026-06-23T05:42:01Z
2026-06-23T05:41:39Z,2026-06-23T07:41:39+0200,c1c18315-63b2-412d-a1be-e7c0796f2236,2026-06-01T05:45:00Z,2026-06-01T07:45:00+0200,129.36,EUR/MWh,BE,BE,day_ahead_price,value,2026-06-23T05:42:01Z
2026-06-23T05:41:39Z,2026-06-23T07:41:39+0200,c1c18315-63b2-412d-a1be-e7c0796f2236,2026-06-01T06:00:00Z,2026-06-01T08:00:00+0200,171.18,EUR/MWh,BE,BE,day_ahead_price,value,2026-06-23T05:42:01Z
2026-06-23T05:41:39Z,2026-06-23T07:41:39+0200,c1c18315-63b2-412d-a1be-e7c0796f2236,2026-06-01T06:15:00Z,2026-06-01T08:15:00+0200,159.49,EUR/MWh,BE,BE,day_ahead_price,value,2026-06-23T05:42:01Z
2026-06-23T05:41:39Z,2026-06-23T07:41:39+0200,c1c18315-63b2-412d-a1be-e7c0796f2236,2026-06-01T06:30:00Z,2026-06-01T08:30:00+0200,136.44,EUR/MWh,BE,BE,day_ahead_price,value,2026-06-23T05:42:01Z
2026-06-23T05:41:39Z,2026-06-23T07:41:39+0200,c1c18315-63b2-412d-a1be-e7c0796f2236,2026-06-01T06:45:00Z,2026-06-01T08:45:00+0200,117.41,EUR/MWh,BE,BE,day_ahead_price,value,2026-06-23T05:42:01Z
2026-06-23T05:41:39Z,2026-06-23T07:41:39+0200,c1c18315-63b2-412d-a1be-e7c0796f2236,2026-06-01T07:00:00Z,2026-06-01T09:00:00+0200,149.61,EUR/MWh,BE,BE,day_ahead_price,value,2026-06-23T05:42:01Z
2026-06-23T05:41:39Z,2026-06-23T07:41:39+0200,c1c18315-63b2-412d-a1be-e7c0796f2236,2026-06-01T07:15:00Z,2026-06-01T09:15:00+0200,125.14,EUR/MWh,BE,BE,day_ahead_price,value,2026-06-23T05:42:01Z
2026-06-23T05:41:39Z,2026-06-23T07:41:39+0200,c1c18315-63b2-412d-a1be-e7c0796f2236,2026-06-01T07:30:00Z,2026-06-01T09:30:00+0200,107.8,EUR/MWh,BE,BE,day_ahead_price,value,2026-06-23T05:42:01Z
2026-06-23T05:41:39Z,2026-06-23T07:41:39+0200,c1c18315-63b2-412d-a1be-e7c0796f2236,2026-06-01T07:45:00Z,2026-06-01T09:45:00+0200,94.0,EUR/MWh,BE,BE,day_ahead_price,value,2026-06-23T05:42:01Z
2026-06-23T05:41:39Z,2026-06-23T07:41:39+0200,c1c18315-63b2-412d-a1be-e7c0796f2236,2026-06-01T08:00:00Z,2026-06-01T10:00:00+0200,118.14,EUR/MWh,BE,BE,day_ahead_price,value,2026-06-23T05:42:01Z
2026-06-23T05:41:39Z,2026-06-23T07:41:39+0200,c1c18315-63b2-412d-a1be-e7c0796f2236,2026-06-01T08:15:00Z,2026-06-01T10:15:00+0200,105.37,EUR/MWh,BE,BE,day_ahead_price,value,2026-06-23T05:42:01Z
2026-06-23T05:41:39Z,2026-06-23T07:41:39+0200,c1c18315-63b2-412d-a1be-e7c0796f2236,2026-06-01T08:30:00Z,2026-06-01T10:30:00+0200,102.58,EUR/MWh,BE,BE,day_ahead_price,value,2026-06-23T05:42:01Z
2026-06-23T05:41:39Z,2026-06-23T07:41:39+0200,c1c18315-63b2-412d-a1be-e7c0796f2236,2026-06-01T08:45:00Z,2026-06-01T10:45:00+0200,99.75,EUR/MWh,BE,BE,day_ahead_price,value,2026-06-23T05:42:01Z
2026-06-23T05:41:39Z,2026-06-23T07:41:39+0200,c1c18315-63b2-412d-a1be-e7c0796f2236,2026-06-01T09:00:00Z,2026-06-01T11:00:00+0200,97.29,EUR/MWh,BE,BE,day_ahead_price,value,2026-06-23T05:42:01Z
2026-06-23T05:41:39Z,2026-06-23T07:41:39+0200,c1c18315-63b2-412d-a1be-e7c0796f2236,2026-06-01T09:15:00Z,2026-06-01T11:15:00+0200,92.57,EUR/MWh,BE,BE,day_ahead_price,value,2026-06-23T05:42:01Z
2026-06-23T05:41:39Z,2026-06-23T07:41:39+0200,c1c18315-63b2-412d-a1be-e7c0796f2236,2026-06-01T09:30:00Z,2026-06-01T11:30:00+0200,88.0,EUR/MWh,BE,BE,day_ahead_price,value,2026-06-23T05:42:01Z
2026-06-23T05:41:39Z,2026-06-23T07:41:39+0200,c1c18315-63b2-412d-a1be-e7c0796f2236,2026-06-01T09:45:00Z,2026-06-01T11:45:00+0200,80.84,EUR/MWh,BE,BE,day_ahead_price,value,2026-06-23T05:42:01Z
2026-06-23T05:41:39Z,2026-06-23T07:41:39+0200,c1c18315-63b2-412d-a1be-e7c0796f2236,2026-06-01T10:00:00Z,2026-06-01T12:00:00+0200,83.14,EUR/MWh,BE,BE,day_ahead_price,value,2026-06-23T05:42:01Z
2026-06-23T05:41:39Z,2026-06-23T07:41:39+0200,c1c18315-63b2-412d-a1be-e7c0796f2236,2026-06-01T10:15:00Z,2026-06-01T12:15:00+0200,77.62,EUR/MWh,BE,BE,day_ahead_price,value,2026-06-23T05:42:01Z
2026-06-23T05:41:39Z,2026-06-23T07:41:39+0200,c1c18315-63b2-412d-a1be-e7c0796f2236,2026-06-01T10:30:00Z,2026-06-01T12:30:00+0200,76.01,EUR/MWh,BE,BE,day_ahead_price,value,2026-06-23T05:42:01Z
2026-06-23T05:41:39Z,2026-06-23T07:41:39+0200,c1c18315-63b2-412d-a1be-e7c0796f2236,2026-06-01T10:45:00Z,2026-06-01T12:45:00+0200,72.25,EUR/MWh,BE,BE,day_ahead_price,value,2026-06-23T05:42:01Z
2026-06-23T05:41:39Z,2026-06-23T07:41:39+0200,c1c18315-63b2-412d-a1be-e7c0796f2236,2026-06-01T11:00:00Z,2026-06-01T13:00:00+0200,75.22,EUR/MWh,BE,BE,day_ahead_price,value,2026-06-23T05:42:01Z
2026-06-23T05:41:39Z,2026-06-23T07:41:39+0200,c1c18315-63b2-412d-a1be-e7c0796f2236,2026-06-01T11:15:00Z,2026-06-01T13:15:00+0200,74.89,EUR/MWh,BE,BE,day_ahead_price,value,2026-06-23T05:42:01Z
2026-06-23T05:41:39Z,2026-06-23T07:41:39+0200,c1c18315-63b2-412d-a1be-e7c0796f2236,2026-06-01T11:30:00Z,2026-06-01T13:30:00+0200,71.84,EUR/MWh,BE,BE,day_ahead_price,value,2026-06-23T05:42:01Z
2026-06-23T05:41:39Z,2026-06-23T07:41:39+0200,c1c18315-63b2-412d-a1be-e7c0796f2236,2026-06-01T11:45:00Z,2026-06-01T13:45:00+0200,70.13,EUR/MWh,BE,BE,day_ahead_price,value,2026-06-23T05:42:01Z
2026-06-23T05:41:39Z,2026-06-23T07:41:39+0200,c1c18315-63b2-412d-a1be-e7c0796f2236,2026-06-01T12:00:00Z,2026-06-01T14:00:00+0200,92.46,EUR/MWh,BE,BE,day_ahead_price,value,2026-06-23T05:42:01Z
2026-06-23T05:41:39Z,2026-06-23T07:41:39+0200,c1c18315-63b2-412d-a1be-e7c0796f2236,2026-06-01T12:15:00Z,2026-06-01T14:15:00+0200,98.65,EUR/MWh,BE,BE,day_ahead_price,value,2026-06-23T05:42:01Z
2026-06-23T05:41:39Z,2026-06-23T07:41:39+0200,c1c18315-63b2-412d-a1be-e7c0796f2236,2026-06-01T12:30:00Z,2026-06-01T14:30:00+0200,118.62,EUR/MWh,BE,BE,day_ahead_price,value,2026-06-23T05:42:01Z
2026-06-23T05:41:39Z,2026-06-23T07:41:39+0200,c1c18315-63b2-412d-a1be-e7c0796f2236,2026-06-01T12:45:00Z,2026-06-01T14:45:00+0200,130.0,EUR/MWh,BE,BE,day_ahead_price,value,2026-06-23T05:42:01Z
2026-06-23T05:41:39Z,2026-06-23T07:41:39+0200,c1c18315-63b2-412d-a1be-e7c0796f2236,2026-06-01T13:00:00Z,2026-06-01T15:00:00+0200,113.36,EUR/MWh,BE,BE,day_ahead_price,value,2026-06-23T05:42:01Z
2026-06-23T05:41:39Z,2026-06-23T07:41:39+0200,c1c18315-63b2-412d-a1be-e7c0796f2236,2026-06-01T13:15:00Z,2026-06-01T15:15:00+0200,146.72,EUR/MWh,BE,BE,day_ahead_price,value,2026-06-23T05:42:01Z
2026-06-23T05:41:39Z,2026-06-23T07:41:39+0200,c1c18315-63b2-412d-a1be-e7c0796f2236,2026-06-01T13:30:00Z,2026-06-01T15:30:00+0200,85.72,EUR/MWh,BE,BE,day_ahead_price,value,2026-06-23T05:42:01Z
2026-06-23T05:41:39Z,2026-06-23T07:41:39+0200,c1c18315-63b2-412d-a1be-e7c0796f2236,2026-06-01T13:45:00Z,2026-06-01T15:45:00+0200,100.0,EUR/MWh,BE,BE,day_ahead_price,value,2026-06-23T05:42:01Z
2026-06-23T05:41:39Z,2026-06-23T07:41:39+0200,c1c18315-63b2-412d-a1be-e7c0796f2236,2026-06-01T14:00:00Z,2026-06-01T16:00:00+0200,95.97,EUR/MWh,BE,BE,day_ahead_price,value,2026-06-23T05:42:01Z
2026-06-23T05:41:39Z,2026-06-23T07:41:39+0200,c1c18315-63b2-412d-a1be-e7c0796f2236,2026-06-01T14:15:00Z,2026-06-01T16:15:00+0200,102.33,EUR/MWh,BE,BE,day_ahead_price,value,2026-06-23T05:42:01Z
2026-06-23T05:41:39Z,2026-06-23T07:41:39+0200,c1c18315-63b2-412d-a1be-e7c0796f2236,2026-06-01T14:30:00Z,2026-06-01T16:30:00+0200,118.03,EUR/MWh,BE,BE,day_ahead_price,value,2026-06-23T05:42:01Z
2026-06-23T05:41:39Z,2026-06-23T07:41:39+0200,c1c18315-63b2-412d-a1be-e7c0796f2236,2026-06-01T14:45:00Z,2026-06-01T16:45:00+0200,136.99,EUR/MWh,BE,BE,day_ahead_price,value,2026-06-23T05:42:01Z
2026-06-23T05:41:39Z,2026-06-23T07:41:39+0200,c1c18315-63b2-412d-a1be-e7c0796f2236,2026-06-01T15:00:00Z,2026-06-01T17:00:00+0200,113.15,EUR/MWh,BE,BE,day_ahead_price,value,2026-06-23T05:42:01Z
2026-06-23T05:41:39Z,2026-06-23T07:41:39+0200,c1c18315-63b2-412d-a1be-e7c0796f2236,2026-06-01T15:15:00Z,2026-06-01T17:15:00+0200,104.03,EUR/MWh,BE,BE,day_ahead_price,value,2026-06-23T05:42:01Z
2026-06-23T05:41:39Z,2026-06-23T07:41:39+0200,c1c18315-63b2-412d-a1be-e7c0796f2236,2026-06-01T15:30:00Z,2026-06-01T17:30:00+0200,120.43,EUR/MWh,BE,BE,day_ahead_price,value,2026-06-23T05:42:01Z
2026-06-23T05:41:39Z,2026-06-23T07:41:39+0200,c1c18315-63b2-412d-a1be-e7c0796f2236,2026-06-01T15:45:00Z,2026-06-01T17:45:00+0200,138.39,EUR/MWh,BE,BE,day_ahead_price,value,2026-06-23T05:42:01Z
2026-06-23T05:41:39Z,2026-06-23T07:41:39+0200,c1c18315-63b2-412d-a1be-e7c0796f2236,2026-06-01T16:00:00Z,2026-06-01T18:00:00+0200,104.11,EUR/MWh,BE,BE,day_ahead_price,value,2026-06-23T05:42:01Z
2026-06-23T05:41:39Z,2026-06-23T07:41:39+0200,c1c18315-63b2-412d-a1be-e7c0796f2236,2026-06-01T16:15:00Z,2026-06-01T18:15:00+0200,122.35,EUR/MWh,BE,BE,day_ahead_price,value,2026-06-23T05:42:01Z
2026-06-23T05:41:39Z,2026-06-23T07:41:39+0200,c1c18315-63b2-412d-a1be-e7c0796f2236,2026-06-01T16:30:00Z,2026-06-01T18:30:00+0200,140.0,EUR/MWh,BE,BE,day_ahead_price,value,2026-06-23T05:42:01Z
2026-06-23T05:41:39Z,2026-06-23T07:41:39+0200,c1c18315-63b2-412d-a1be-e7c0796f2236,2026-06-01T16:45:00Z,2026-06-01T18:45:00+0200,172.01,EUR/MWh,BE,BE,day_ahead_price,value,2026-06-23T05:42:01Z
2026-06-23T05:41:39Z,2026-06-23T07:41:39+0200,c1c18315-63b2-412d-a1be-e7c0796f2236,2026-06-01T17:00:00Z,2026-06-01T19:00:00+0200,148.24,EUR/MWh,BE,BE,day_ahead_price,value,2026-06-23T05:42:01Z
2026-06-23T05:41:39Z,2026-06-23T07:41:39+0200,c1c18315-63b2-412d-a1be-e7c0796f2236,2026-06-01T17:15:00Z,2026-06-01T19:15:00+0200,150.0,EUR/MWh,BE,BE,day_ahead_price,value,2026-06-23T05:42:01Z
2026-06-23T05:41:39Z,2026-06-23T07:41:39+0200,c1c18315-63b2-412d-a1be-e7c0796f2236,2026-06-01T17:30:00Z,2026-06-01T19:30:00+0200,175.32,EUR/MWh,BE,BE,day_ahead_price,value,2026-06-23T05:42:01Z
2026-06-23T05:41:39Z,2026-06-23T07:41:39+0200,c1c18315-63b2-412d-a1be-e7c0796f2236,2026-06-01T17:45:00Z,2026-06-01T19:45:00+0200,240.84,EUR/MWh,BE,BE,day_ahead_price,value,2026-06-23T05:42:01Z
2026-06-23T05:41:39Z,2026-06-23T07:41:39+0200,c1c18315-63b2-412d-a1be-e7c0796f2236,2026-06-01T18:00:00Z,2026-06-01T20:00:00+0200,180.0,EUR/MWh,BE,BE,day_ahead_price,value,2026-06-23T05:42:01Z
2026-06-23T05:41:39Z,2026-06-23T07:41:39+0200,c1c18315-63b2-412d-a1be-e7c0796f2236,2026-06-01T18:15:00Z,2026-06-01T20:15:00+0200,201.75,EUR/MWh,BE,BE,day_ahead_price,value,2026-06-23T05:42:01Z
2026-06-23T05:41:39Z,2026-06-23T07:41:39+0200,c1c18315-63b2-412d-a1be-e7c0796f2236,2026-06-01T18:30:00Z,2026-06-01T20:30:00+0200,225.74,EUR/MWh,BE,BE,day_ahead_price,value,2026-06-23T05:42:01Z
2026-06-23T05:41:39Z,2026-06-23T07:41:39+0200,c1c18315-63b2-412d-a1be-e7c0796f2236,2026-06-01T18:45:00Z,2026-06-01T20:45:00+0200,277.31,EUR/MWh,BE,BE,day_ahead_price,value,2026-06-23T05:42:01Z
2026-06-23T05:41:39Z,2026-06-23T07:41:39+0200,c1c18315-63b2-412d-a1be-e7c0796f2236,2026-06-01T19:00:00Z,2026-06-01T21:00:00+0200,235.8,EUR/MWh,BE,BE,day_ahead_price,value,2026-06-23T05:42:01Z
2026-06-23T05:41:39Z,2026-06-23T07:41:39+0200,c1c18315-63b2-412d-a1be-e7c0796f2236,2026-06-01T19:15:00Z,2026-06-01T21:15:00+0200,223.42,EUR/MWh,BE,BE,day_ahead_price,value,2026-06-23T05:42:01Z
2026-06-23T05:41:39Z,2026-06-23T07:41:39+0200,c1c18315-63b2-412d-a1be-e7c0796f2236,2026-06-01T19:30:00Z,2026-06-01T21:30:00+0200,209.15,EUR/MWh,BE,BE,day_ahead_price,value,2026-06-23T05:42:01Z
2026-06-23T05:41:39Z,2026-06-23T07:41:39+0200,c1c18315-63b2-412d-a1be-e7c0796f2236,2026-06-01T19:45:00Z,2026-06-01T21:45:00+0200,188.98,EUR/MWh,BE,BE,day_ahead_price,value,2026-06-23T05:42:01Z
2026-06-23T05:41:39Z,2026-06-23T07:41:39+0200,c1c18315-63b2-412d-a1be-e7c0796f2236,2026-06-01T20:00:00Z,2026-06-01T22:00:00+0200,224.94,EUR/MWh,BE,BE,day_ahead_price,value,2026-06-23T05:42:01Z
2026-06-23T05:41:39Z,2026-06-23T07:41:39+0200,c1c18315-63b2-412d-a1be-e7c0796f2236,2026-06-01T20:15:00Z,2026-06-01T22:15:00+0200,182.56,EUR/MWh,BE,BE,day_ahead_price,value,2026-06-23T05:42:01Z
2026-06-23T05:41:39Z,2026-06-23T07:41:39+0200,c1c18315-63b2-412d-a1be-e7c0796f2236,2026-06-01T20:30:00Z,2026-06-01T22:30:00+0200,162.2,EUR/MWh,BE,BE,day_ahead_price,value,2026-06-23T05:42:01Z
2026-06-23T05:41:39Z,2026-06-23T07:41:39+0200,c1c18315-63b2-412d-a1be-e7c0796f2236,2026-06-01T20:45:00Z,2026-06-01T22:45:00+0200,154.93,EUR/MWh,BE,BE,day_ahead_price,value,2026-06-23T05:42:01Z
2026-06-23T05:41:39Z,2026-06-23T07:41:39+0200,c1c18315-63b2-412d-a1be-e7c0796f2236,2026-06-01T21:00:00Z,2026-06-01T23:00:00+0200,165.08,EUR/MWh,BE,BE,day_ahead_price,value,2026-06-23T05:42:01Z
2026-06-23T05:41:39Z,2026-06-23T07:41:39+0200,c1c18315-63b2-412d-a1be-e7c0796f2236,2026-06-01T21:15:00Z,2026-06-01T23:15:00+0200,155.37,EUR/MWh,BE,BE,day_ahead_price,value,2026-06-23T05:42:01Z
2026-06-23T05:41:39Z,2026-06-23T07:41:39+0200,c1c18315-63b2-412d-a1be-e7c0796f2236,2026-06-01T21:30:00Z,2026-06-01T23:30:00+0200,149.78,EUR/MWh,BE,BE,day_ahead_price,value,2026-06-23T05:42:01Z
2026-06-23T05:41:39Z,2026-06-23T07:41:39+0200,c1c18315-63b2-412d-a1be-e7c0796f2236,2026-06-01T21:45:00Z,2026-06-01T23:45:00+0200,139.36,EUR/MWh,BE,BE,day_ahead_price,value,2026-06-23T05:42:01Z
2026-06-23T05:41:39Z,2026-06-23T07:41:39+0200,c1c18315-63b2-412d-a1be-e7c0796f2236,2026-06-01T22:00:00Z,2026-06-02T00:00:00+0200,149.54,EUR/MWh,BE,BE,day_ahead_price,value,2026-06-23T05:42:01Z
2026-06-23T05:41:39Z,2026-06-23T07:41:39+0200,c1c18315-63b2-412d-a1be-e7c0796f2236,2026-06-01T22:15:00Z,2026-06-02T00:15:00+0200,139.97,EUR/MWh,BE,BE,day_ahead_price,value,2026-06-23T05:42:01Z
2026-06-23T05:41:39Z,2026-06-23T07:41:39+0200,c1c18315-63b2-412d-a1be-e7c0796f2236,2026-06-01T22:30:00Z,2026-06-02T00:30:00+0200,137.49,EUR/MWh,BE,BE,day_ahead_price,value,2026-06-23T05:42:01Z
2026-06-23T05:41:39Z,2026-06-23T07:41:39+0200,c1c18315-63b2-412d-a1be-e7c0796f2236,2026-06-01T22:45:00Z,2026-06-02T00:45:00+0200,126.04,EUR/MWh,BE,BE,day_ahead_price,value,2026-06-23T05:42:01Z
2026-06-23T05:41:39Z,2026-06-23T07:41:39+0200,c1c18315-63b2-412d-a1be-e7c0796f2236,2026-06-01T23:00:00Z,2026-06-02T01:00:00+0200,140.13,EUR/MWh,BE,BE,day_ahead_price,value,2026-06-23T05:42:01Z
2026-06-23T05:41:39Z,2026-06-23T07:41:39+0200,c1c18315-63b2-412d-a1be-e7c0796f2236,2026-06-01T23:15:00Z,2026-06-02T01:15:00+0200,124.53,EUR/MWh,BE,BE,day_ahead_price,value,2026-06-23T05:42:01Z
2026-06-23T05:41:39Z,2026-06-23T07:41:39+0200,c1c18315-63b2-412d-a1be-e7c0796f2236,2026-06-01T23:30:00Z,2026-06-02T01:30:00+0200,121.09,EUR/MWh,BE,BE,day_ahead_price,value,2026-06-23T05:42:01Z
2026-06-23T05:41:39Z,2026-06-23T07:41:39+0200,c1c18315-63b2-412d-a1be-e7c0796f2236,2026-06-01T23:45:00Z,2026-06-02T01:45:00+0200,114.19,EUR/MWh,BE,BE,day_ahead_price,value,2026-06-23T05:42:01Z
2026-06-23T05:41:39Z,2026-06-23T07:41:39+0200,c1c18315-63b2-412d-a1be-e7c0796f2236,2026-06-02T00:00:00Z,2026-06-02T02:00:00+0200,122.7,EUR/MWh,BE,BE,day_ahead_price,value,2026-06-23T05:42:01Z
2026-06-23T05:41:39Z,2026-06-23T07:41:39+0200,c1c18315-63b2-412d-a1be-e7c0796f2236,2026-06-02T00:15:00Z,2026-06-02T02:15:00+0200,114.75,EUR/MWh,BE,BE,day_ahead_price,value,2026-06-23T05:42:01Z
2026-06-23T05:41:39Z,2026-06-23T07:41:39+0200,c1c18315-63b2-412d-a1be-e7c0796f2236,2026-06-02T00:30:00Z,2026-06-02T02:30:00+0200,114.63,EUR/MWh,BE,BE,day_ahead_price,value,2026-06-23T05:42:01Z
2026-06-23T05:41:39Z,2026-06-23T07:41:39+0200,c1c18315-63b2-412d-a1be-e7c0796f2236,2026-06-02T00:45:00Z,2026-06-02T02:45:00+0200,111.03,EUR/MWh,BE,BE,day_ahead_price,value,2026-06-23T05:42:01Z
2026-06-23T05:41:39Z,2026-06-23T07:41:39+0200,c1c18315-63b2-412d-a1be-e7c0796f2236,2026-06-02T01:00:00Z,2026-06-02T03:00:00+0200,113.42,EUR/MWh,BE,BE,day_ahead_price,value,2026-06-23T05:42:01Z
2026-06-23T05:41:39Z,2026-06-23T07:41:39+0200,c1c18315-63b2-412d-a1be-e7c0796f2236,2026-06-02T01:15:00Z,2026-06-02T03:15:00+0200,110.9,EUR/MWh,BE,BE,day_ahead_price,value,2026-06-23T05:42:01Z
2026-06-23T05:41:39Z,2026-06-23T07:41:39+0200,c1c18315-63b2-412d-a1be-e7c0796f2236,2026-06-02T01:30:00Z,2026-06-02T03:30:00+0200,111.44,EUR/MWh,BE,BE,day_ahead_price,value,2026-06-23T05:42:01Z
2026-06-23T05:41:39Z,2026-06-23T07:41:39+0200,c1c18315-63b2-412d-a1be-e7c0796f2236,2026-06-02T01:45:00Z,2026-06-02T03:45:00+0200,108.66,EUR/MWh,BE,BE,day_ahead_price,value,2026-06-23T05:42:01Z
2026-06-23T05:41:39Z,2026-06-23T07:41:39+0200,c1c18315-63b2-412d-a1be-e7c0796f2236,2026-06-02T02:00:00Z,2026-06-02T04:00:00+0200,110.52,EUR/MWh,BE,BE,day_ahead_price,value,2026-06-23T05:42:01Z
2026-06-23T05:41:39Z,2026-06-23T07:41:39+0200,c1c18315-63b2-412d-a1be-e7c0796f2236,2026-06-02T02:15:00Z,2026-06-02T04:15:00+0200,108.77,EUR/MWh,BE,BE,day_ahead_price,value,2026-06-23T05:42:01Z
2026-06-23T05:41:39Z,2026-06-23T07:41:39+0200,c1c18315-63b2-412d-a1be-e7c0796f2236,2026-06-02T02:30:00Z,2026-06-02T04:30:00+0200,110.0,EUR/MWh,BE,BE,day_ahead_price,value,2026-06-23T05:42:01Z
2026-06-23T05:41:39Z,2026-06-23T07:41:39+0200,c1c18315-63b2-412d-a1be-e7c0796f2236,2026-06-02T02:45:00Z,2026-06-02T04:45:00+0200,113.6,EUR/MWh,BE,BE,day_ahead_price,value,2026-06-23T05:42:01Z
2026-06-23T05:41:39Z,2026-06-23T07:41:39+0200,c1c18315-63b2-412d-a1be-e7c0796f2236,2026-06-02T03:00:00Z,2026-06-02T05:00:00+0200,106.6,EUR/MWh,BE,BE,day_ahead_price,value,2026-06-23T05:42:01Z
2026-06-23T05:41:39Z,2026-06-23T07:41:39+0200,c1c18315-63b2-412d-a1be-e7c0796f2236,2026-06-02T03:15:00Z,2026-06-02T05:15:00+0200,106.6,EUR/MWh,BE,BE,day_ahead_price,value,2026-06-23T05:42:01Z
2026-06-23T05:41:39Z,2026-06-23T07:41:39+0200,c1c18315-63b2-412d-a1be-e7c0796f2236,2026-06-02T03:30:00Z,2026-06-02T05:30:00+0200,115.3,EUR/MWh,BE,BE,day_ahead_price,value,2026-06-23T05:42:01Z
2026-06-23T05:41:39Z,2026-06-23T07:41:39+0200,c1c18315-63b2-412d-a1be-e7c0796f2236,2026-06-02T03:45:00Z,2026-06-02T05:45:00+0200,118.11,EUR/MWh,BE,BE,day_ahead_price,value,2026-06-23T05:42:01Z
2026-06-23T05:41:39Z,2026-06-23T07:41:39+0200,c1c18315-63b2-412d-a1be-e7c0796f2236,2026-06-02T04:00:00Z,2026-06-02T06:00:00+0200,117.07,EUR/MWh,BE,BE,day_ahead_price,value,2026-06-23T05:42:01Z
2026-06-23T05:41:39Z,2026-06-23T07:41:39+0200,c1c18315-63b2-412d-a1be-e7c0796f2236,2026-06-02T04:15:00Z,2026-06-02T06:15:00+0200,124.62,EUR/MWh,BE,BE,day_ahead_price,value,2026-06-23T05:42:01Z
2026-06-23T05:41:39Z,2026-06-23T07:41:39+0200,c1c18315-63b2-412d-a1be-e7c0796f2236,2026-06-02T04:30:00Z,2026-06-02T06:30:00+0200,123.26,EUR/MWh,BE,BE,day_ahead_price,value,2026-06-23T05:42:01Z
2026-06-23T05:41:39Z,2026-06-23T07:41:39+0200,c1c18315-63b2-412d-a1be-e7c0796f2236,2026-06-02T04:45:00Z,2026-06-02T06:45:00+0200,116.73,EUR/MWh,BE,BE,day_ahead_price,value,2026-06-23T05:42:01Z
2026-06-23T05:41:39Z,2026-06-23T07:41:39+0200,c1c18315-63b2-412d-a1be-e7c0796f2236,2026-06-02T05:00:00Z,2026-06-02T07:00:00+0200,126.81,EUR/MWh,BE,BE,day_ahead_price,value,2026-06-23T05:42:01Z
2026-06-23T05:41:39Z,2026-06-23T07:41:39+0200,c1c18315-63b2-412d-a1be-e7c0796f2236,2026-06-02T05:15:00Z,2026-06-02T07:15:00+0200,130.0,EUR/MWh,BE,BE,day_ahead_price,value,2026-06-23T05:42:01Z
2026-06-23T05:41:39Z,2026-06-23T07:41:39+0200,c1c18315-63b2-412d-a1be-e7c0796f2236,2026-06-02T05:30:00Z,2026-06-02T07:30:00+0200,132.0,EUR/MWh,BE,BE,day_ahead_price,value,2026-06-23T05:42:01Z
2026-06-23T05:41:39Z,2026-06-23T07:41:39+0200,c1c18315-63b2-412d-a1be-e7c0796f2236,2026-06-02T05:45:00Z,2026-06-02T07:45:00+0200,124.03,EUR/MWh,BE,BE,day_ahead_price,value,2026-06-23T05:42:01Z
2026-06-23T05:41:39Z,2026-06-23T07:41:39+0200,c1c18315-63b2-412d-a1be-e7c0796f2236,2026-06-02T06:00:00Z,2026-06-02T08:00:00+0200,130.29,EUR/MWh,BE,BE,day_ahead_price,value,2026-06-23T05:42:01Z
2026-06-23T05:41:39Z,2026-06-23T07:41:39+0200,c1c18315-63b2-412d-a1be-e7c0796f2236,2026-06-02T06:15:00Z,2026-06-02T08:15:00+0200,137.67,EUR/MWh,BE,BE,day_ahead_price,value,2026-06-23T05:42:01Z
2026-06-23T05:41:39Z,2026-06-23T07:41:39+0200,c1c18315-63b2-412d-a1be-e7c0796f2236,2026-06-02T06:30:00Z,2026-06-02T08:30:00+0200,155.85,EUR/MWh,BE,BE,day_ahead_price,value,2026-06-23T05:42:01Z
2026-06-23T05:41:39Z,2026-06-23T07:41:39+0200,c1c18315-63b2-412d-a1be-e7c0796f2236,2026-06-02T06:45:00Z,2026-06-02T08:45:00+0200,170.0,EUR/MWh,BE,BE,day_ahead_price,value,2026-06-23T05:42:01Z
2026-06-23T05:41:39Z,2026-06-23T07:41:39+0200,c1c18315-63b2-412d-a1be-e7c0796f2236,2026-06-02T07:00:00Z,2026-06-02T09:00:00+0200,147.98,EUR/MWh,BE,BE,day_ahead_price,value,2026-06-23T05:42:01Z
2026-06-23T05:41:39Z,2026-06-23T07:41:39+0200,c1c18315-63b2-412d-a1be-e7c0796f2236,2026-06-02T07:15:00Z,2026-06-02T09:15:00+0200,175.36,EUR/MWh,BE,BE,day_ahead_price,value,2026-06-23T05:42:01Z
2026-06-23T05:41:39Z,2026-06-23T07:41:39+0200,c1c18315-63b2-412d-a1be-e7c0796f2236,2026-06-02T07:30:00Z,2026-06-02T09:30:00+0200,168.11,EUR/MWh,BE,BE,day_ahead_price,value,2026-06-23T05:42:01Z
2026-06-23T05:41:39Z,2026-06-23T07:41:39+0200,c1c18315-63b2-412d-a1be-e7c0796f2236,2026-06-02T07:45:00Z,2026-06-02T09:45:00+0200,148.55,EUR/MWh,BE,BE,day_ahead_price,value,2026-06-23T05:42:01Z
2026-06-23T05:41:39Z,2026-06-23T07:41:39+0200,c1c18315-63b2-412d-a1be-e7c0796f2236,2026-06-02T08:00:00Z,2026-06-02T10:00:00+0200,217.0,EUR/MWh,BE,BE,day_ahead_price,value,2026-06-23T05:42:01Z
2026-06-23T05:41:39Z,2026-06-23T07:41:39+0200,c1c18315-63b2-412d-a1be-e7c0796f2236,2026-06-02T08:15:00Z,2026-06-02T10:15:00+0200,157.47,EUR/MWh,BE,BE,day_ahead_price,value,2026-06-23T05:42:01Z
2026-06-23T05:41:39Z,2026-06-23T07:41:39+0200,c1c18315-63b2-412d-a1be-e7c0796f2236,2026-06-02T08:30:00Z,2026-06-02T10:30:00+0200,110.0,EUR/MWh,BE,BE,day_ahead_price,value,2026-06-23T05:42:01Z
2026-06-23T05:41:39Z,2026-06-23T07:41:39+0200,c1c18315-63b2-412d-a1be-e7c0796f2236,2026-06-02T08:45:00Z,2026-06-02T10:45:00+0200,92.45,EUR/MWh,BE,BE,day_ahead_price,value,2026-06-23T05:42:01Z
2026-06-23T05:41:39Z,2026-06-23T07:41:39+0200,c1c18315-63b2-412d-a1be-e7c0796f2236,2026-06-02T09:00:00Z,2026-06-02T11:00:00+0200,182.85,EUR/MWh,BE,BE,day_ahead_price,value,2026-06-23T05:42:01Z
2026-06-23T05:41:39Z,2026-06-23T07:41:39+0200,c1c18315-63b2-412d-a1be-e7c0796f2236,2026-06-02T09:15:00Z,2026-06-02T11:15:00+0200,129.99,EUR/MWh,BE,BE,day_ahead_price,value,2026-06-23T05:42:01Z
2026-06-23T05:41:39Z,2026-06-23T07:41:39+0200,c1c18315-63b2-412d-a1be-e7c0796f2236,2026-06-02T09:30:00Z,2026-06-02T11:30:00+0200,115.0,EUR/MWh,BE,BE,day_ahead_price,value,2026-06-23T05:42:01Z
2026-06-23T05:41:39Z,2026-06-23T07:41:39+0200,c1c18315-63b2-412d-a1be-e7c0796f2236,2026-06-02T09:45:00Z,2026-06-02T11:45:00+0200,96.0,EUR/MWh,BE,BE,day_ahead_price,value,2026-06-23T05:42:01Z
2026-06-23T05:41:39Z,2026-06-23T07:41:39+0200,c1c18315-63b2-412d-a1be-e7c0796f2236,2026-06-02T10:00:00Z,2026-06-02T12:00:00+0200,129.99,EUR/MWh,BE,BE,day_ahead_price,value,2026-06-23T05:42:01Z
2026-06-23T05:41:39Z,2026-06-23T07:41:39+0200,c1c18315-63b2-412d-a1be-e7c0796f2236,2026-06-02T10:15:00Z,2026-06-02T12:15:00+0200,129.99,EUR/MWh,BE,BE,day_ahead_price,value,2026-06-23T05:42:01Z
2026-06-23T05:41:39Z,2026-06-23T07:41:39+0200,c1c18315-63b2-412d-a1be-e7c0796f2236,2026-06-02T10:30:00Z,2026-06-02T12:30:00+0200,108.93,EUR/MWh,BE,BE,day_ahead_price,value,2026-06-23T05:42:01Z
2026-06-23T05:41:39Z,2026-06-23T07:41:39+0200,c1c18315-63b2-412d-a1be-e7c0796f2236,2026-06-02T10:45:00Z,2026-06-02T12:45:00+0200,101.4,EUR/MWh,BE,BE,day_ahead_price,value,2026-06-23T05:42:01Z
2026-06-23T05:41:39Z,2026-06-23T07:41:39+0200,c1c18315-63b2-412d-a1be-e7c0796f2236,2026-06-02T11:00:00Z,2026-06-02T13:00:00+0200,121.29,EUR/MWh,BE,BE,day_ahead_price,value,2026-06-23T05:42:01Z
2026-06-23T05:41:39Z,2026-06-23T07:41:39+0200,c1c18315-63b2-412d-a1be-e7c0796f2236,2026-06-02T11:15:00Z,2026-06-02T13:15:00+0200,119.11,EUR/MWh,BE,BE,day_ahead_price,value,2026-06-23T05:42:01Z
2026-06-23T05:41:39Z,2026-06-23T07:41:39+0200,c1c18315-63b2-412d-a1be-e7c0796f2236,2026-06-02T11:30:00Z,2026-06-02T13:30:00+0200,105.59,EUR/MWh,BE,BE,day_ahead_price,value,2026-06-23T05:42:01Z
2026-06-23T05:41:39Z,2026-06-23T07:41:39+0200,c1c18315-63b2-412d-a1be-e7c0796f2236,2026-06-02T11:45:00Z,2026-06-02T13:45:00+0200,100.22,EUR/MWh,BE,BE,day_ahead_price,value,2026-06-23T05:42:01Z
2026-06-23T05:41:39Z,2026-06-23T07:41:39+0200,c1c18315-63b2-412d-a1be-e7c0796f2236,2026-06-02T12:00:00Z,2026-06-02T14:00:00+0200,119.37,EUR/MWh,BE,BE,day_ahead_price,value,2026-06-23T05:42:01Z
2026-06-23T05:41:39Z,2026-06-23T07:41:39+0200,c1c18315-63b2-412d-a1be-e7c0796f2236,2026-06-02T12:15:00Z,2026-06-02T14:15:00+0200,107.8,EUR/MWh,BE,BE,day_ahead_price,value,2026-06-23T05:42:01Z
2026-06-23T05:41:39Z,2026-06-23T07:41:39+0200,c1c18315-63b2-412d-a1be-e7c0796f2236,2026-06-02T12:30:00Z,2026-06-02T14:30:00+0200,104.03,EUR/MWh,BE,BE,day_ahead_price,value,2026-06-23T05:42:01Z
2026-06-23T05:41:39Z,2026-06-23T07:41:39+0200,c1c18315-63b2-412d-a1be-e7c0796f2236,2026-06-02T12:45:00Z,2026-06-02T14:45:00+0200,104.55,EUR/MWh,BE,BE,day_ahead_price,value,2026-06-23T05:42:01Z
2026-06-23T05:41:39Z,2026-06-23T07:41:39+0200,c1c18315-63b2-412d-a1be-e7c0796f2236,2026-06-02T13:00:00Z,2026-06-02T15:00:00+0200,104.46,EUR/MWh,BE,BE,day_ahead_price,value,2026-06-23T05:42:01Z
2026-06-23T05:41:39Z,2026-06-23T07:41:39+0200,c1c18315-63b2-412d-a1be-e7c0796f2236,2026-06-02T13:15:00Z,2026-06-02T15:15:00+0200,103.02,EUR/MWh,BE,BE,day_ahead_price,value,2026-06-23T05:42:01Z
2026-06-23T05:41:39Z,2026-06-23T07:41:39+0200,c1c18315-63b2-412d-a1be-e7c0796f2236,2026-06-02T13:30:00Z,2026-06-02T15:30:00+0200,111.28,EUR/MWh,BE,BE,day_ahead_price,value,2026-06-23T05:42:01Z
2026-06-23T05:41:39Z,2026-06-23T07:41:39+0200,c1c18315-63b2-412d-a1be-e7c0796f2236,2026-06-02T13:45:00Z,2026-06-02T15:45:00+0200,118.84,EUR/MWh,BE,BE,day_ahead_price,value,2026-06-23T05:42:01Z
2026-06-23T05:41:39Z,2026-06-23T07:41:39+0200,c1c18315-63b2-412d-a1be-e7c0796f2236,2026-06-02T14:00:00Z,2026-06-02T16:00:00+0200,110.62,EUR/MWh,BE,BE,day_ahead_price,value,2026-06-23T05:42:01Z
2026-06-23T05:41:39Z,2026-06-23T07:41:39+0200,c1c18315-63b2-412d-a1be-e7c0796f2236,2026-06-02T14:15:00Z,2026-06-02T16:15:00+0200,110.0,EUR/MWh,BE,BE,day_ahead_price,value,2026-06-23T05:42:01Z
2026-06-23T05:41:39Z,2026-06-23T07:41:39+0200,c1c18315-63b2-412d-a1be-e7c0796f2236,2026-06-02T14:30:00Z,2026-06-02T16:30:00+0200,115.78,EUR/MWh,BE,BE,day_ahead_price,value,2026-06-23T05:42:01Z
2026-06-23T05:41:39Z,2026-06-23T07:41:39+0200,c1c18315-63b2-412d-a1be-e7c0796f2236,2026-06-02T14:45:00Z,2026-06-02T16:45:00+0200,130.0,EUR/MWh,BE,BE,day_ahead_price,value,2026-06-23T05:42:01Z
2026-06-23T05:41:39Z,2026-06-23T07:41:39+0200,c1c18315-63b2-412d-a1be-e7c0796f2236,2026-06-02T15:00:00Z,2026-06-02T17:00:00+0200,119.81,EUR/MWh,BE,BE,day_ahead_price,value,2026-06-23T05:42:01Z
2026-06-23T05:41:39Z,2026-06-23T07:41:39+0200,c1c18315-63b2-412d-a1be-e7c0796f2236,2026-06-02T15:15:00Z,2026-06-02T17:15:00+0200,115.26,EUR/MWh,BE,BE,day_ahead_price,value,2026-06-23T05:42:01Z
2026-06-23T05:41:39Z,2026-06-23T07:41:39+0200,c1c18315-63b2-412d-a1be-e7c0796f2236,2026-06-02T15:30:00Z,2026-06-02T17:30:00+0200,118.25,EUR/MWh,BE,BE,day_ahead_price,value,2026-06-23T05:42:01Z
2026-06-23T05:41:39Z,2026-06-23T07:41:39+0200,c1c18315-63b2-412d-a1be-e7c0796f2236,2026-06-02T15:45:00Z,2026-06-02T17:45:00+0200,128.93,EUR/MWh,BE,BE,day_ahead_price,value,2026-06-23T05:42:01Z
2026-06-23T05:41:39Z,2026-06-23T07:41:39+0200,c1c18315-63b2-412d-a1be-e7c0796f2236,2026-06-02T16:00:00Z,2026-06-02T18:00:00+0200,130.05,EUR/MWh,BE,BE,day_ahead_price,value,2026-06-23T05:42:01Z
2026-06-23T05:41:39Z,2026-06-23T07:41:39+0200,c1c18315-63b2-412d-a1be-e7c0796f2236,2026-06-02T16:15:00Z,2026-06-02T18:15:00+0200,132.02,EUR/MWh,BE,BE,day_ahead_price,value,2026-06-23T05:42:01Z
2026-06-23T05:41:39Z,2026-06-23T07:41:39+0200,c1c18315-63b2-412d-a1be-e7c0796f2236,2026-06-02T16:30:00Z,2026-06-02T18:30:00+0200,108.63,EUR/MWh,BE,BE,day_ahead_price,value,2026-06-23T05:42:01Z
2026-06-23T05:41:39Z,2026-06-23T07:41:39+0200,c1c18315-63b2-412d-a1be-e7c0796f2236,2026-06-02T16:45:00Z,2026-06-02T18:45:00+0200,126.0,EUR/MWh,BE,BE,day_ahead_price,value,2026-06-23T05:42:01Z
2026-06-23T05:41:39Z,2026-06-23T07:41:39+0200,c1c18315-63b2-412d-a1be-e7c0796f2236,2026-06-02T17:00:00Z,2026-06-02T19:00:00+0200,120.0,EUR/MWh,BE,BE,day_ahead_price,value,2026-06-23T05:42:01Z
2026-06-23T05:41:39Z,2026-06-23T07:41:39+0200,c1c18315-63b2-412d-a1be-e7c0796f2236,2026-06-02T17:15:00Z,2026-06-02T19:15:00+0200,130.0,EUR/MWh,BE,BE,day_ahead_price,value,2026-06-23T05:42:01Z
2026-06-23T05:41:39Z,2026-06-23T07:41:39+0200,c1c18315-63b2-412d-a1be-e7c0796f2236,2026-06-02T17:30:00Z,2026-06-02T19:30:00+0200,133.78,EUR/MWh,BE,BE,day_ahead_price,value,2026-06-23T05:42:01Z
2026-06-23T05:41:39Z,2026-06-23T07:41:39+0200,c1c18315-63b2-412d-a1be-e7c0796f2236,2026-06-02T17:45:00Z,2026-06-02T19:45:00+0200,166.22,EUR/MWh,BE,BE,day_ahead_price,value,2026-06-23T05:42:01Z
2026-06-23T05:41:39Z,2026-06-23T07:41:39+0200,c1c18315-63b2-412d-a1be-e7c0796f2236,2026-06-02T18:00:00Z,2026-06-02T20:00:00+0200,129.27,EUR/MWh,BE,BE,day_ahead_price,value,2026-06-23T05:42:01Z
2026-06-23T05:41:39Z,2026-06-23T07:41:39+0200,c1c18315-63b2-412d-a1be-e7c0796f2236,2026-06-02T18:15:00Z,2026-06-02T20:15:00+0200,147.7,EUR/MWh,BE,BE,day_ahead_price,value,2026-06-23T05:42:01Z
2026-06-23T05:41:39Z,2026-06-23T07:41:39+0200,c1c18315-63b2-412d-a1be-e7c0796f2236,2026-06-02T18:30:00Z,2026-06-02T20:30:00+0200,154.06,EUR/MWh,BE,BE,day_ahead_price,value,2026-06-23T05:42:01Z
2026-06-23T05:41:39Z,2026-06-23T07:41:39+0200,c1c18315-63b2-412d-a1be-e7c0796f2236,2026-06-02T18:45:00Z,2026-06-02T20:45:00+0200,150.25,EUR/MWh,BE,BE,day_ahead_price,value,2026-06-23T05:42:01Z
2026-06-23T05:41:39Z,2026-06-23T07:41:39+0200,c1c18315-63b2-412d-a1be-e7c0796f2236,2026-06-02T19:00:00Z,2026-06-02T21:00:00+0200,152.72,EUR/MWh,BE,BE,day_ahead_price,value,2026-06-23T05:42:01Z
2026-06-23T05:41:39Z,2026-06-23T07:41:39+0200,c1c18315-63b2-412d-a1be-e7c0796f2236,2026-06-02T19:15:00Z,2026-06-02T21:15:00+0200,144.02,EUR/MWh,BE,BE,day_ahead_price,value,2026-06-23T05:42:01Z
2026-06-23T05:41:39Z,2026-06-23T07:41:39+0200,c1c18315-63b2-412d-a1be-e7c0796f2236,2026-06-02T19:30:00Z,2026-06-02T21:30:00+0200,143.72,EUR/MWh,BE,BE,day_ahead_price,value,2026-06-23T05:42:01Z
2026-06-23T05:41:39Z,2026-06-23T07:41:39+0200,c1c18315-63b2-412d-a1be-e7c0796f2236,2026-06-02T19:45:00Z,2026-06-02T21:45:00+0200,135.42,EUR/MWh,BE,BE,day_ahead_price,value,2026-06-23T05:42:01Z
2026-06-23T05:41:39Z,2026-06-23T07:41:39+0200,c1c18315-63b2-412d-a1be-e7c0796f2236,2026-06-02T20:00:00Z,2026-06-02T22:00:00+0200,132.59,EUR/MWh,BE,BE,day_ahead_price,value,2026-06-23T05:42:01Z
2026-06-23T05:41:39Z,2026-06-23T07:41:39+0200,c1c18315-63b2-412d-a1be-e7c0796f2236,2026-06-02T20:15:00Z,2026-06-02T22:15:00+0200,134.19,EUR/MWh,BE,BE,day_ahead_price,value,2026-06-23T05:42:01Z
2026-06-23T05:41:39Z,2026-06-23T07:41:39+0200,c1c18315-63b2-412d-a1be-e7c0796f2236,2026-06-02T20:30:00Z,2026-06-02T22:30:00+0200,135.19,EUR/MWh,BE,BE,day_ahead_price,value,2026-06-23T05:42:01Z
2026-06-23T05:41:39Z,2026-06-23T07:41:39+0200,c1c18315-63b2-412d-a1be-e7c0796f2236,2026-06-02T20:45:00Z,2026-06-02T22:45:00+0200,128.54,EUR/MWh,BE,BE,day_ahead_price,value,2026-06-23T05:42:01Z
2026-06-23T05:41:39Z,2026-06-23T07:41:39+0200,c1c18315-63b2-412d-a1be-e7c0796f2236,2026-06-02T21:00:00Z,2026-06-02T23:00:00+0200,125.41,EUR/MWh,BE,BE,day_ahead_price,value,2026-06-23T05:42:01Z
2026-06-23T05:41:39Z,2026-06-23T07:41:39+0200,c1c18315-63b2-412d-a1be-e7c0796f2236,2026-06-02T21:15:00Z,2026-06-02T23:15:00+0200,113.55,EUR/MWh,BE,BE,day_ahead_price,value,2026-06-23T05:42:01Z
2026-06-23T05:41:39Z,2026-06-23T07:41:39+0200,c1c18315-63b2-412d-a1be-e7c0796f2236,2026-06-02T21:30:00Z,2026-06-02T23:30:00+0200,116.42,EUR/MWh,BE,BE,day_ahead_price,value,2026-06-23T05:42:01Z
2026-06-23T05:41:39Z,2026-06-23T07:41:39+0200,c1c18315-63b2-412d-a1be-e7c0796f2236,2026-06-02T21:45:00Z,2026-06-02T23:45:00+0200,103.65,EUR/MWh,BE,BE,day_ahead_price,value,2026-06-23T05:42:01Z
2026-06-23T05:41:39Z,2026-06-23T07:41:39+0200,c1c18315-63b2-412d-a1be-e7c0796f2236,2026-06-02T22:00:00Z,2026-06-03T00:00:00+0200,105.68,EUR/MWh,BE,BE,day_ahead_price,value,2026-06-23T05:42:01Z
2026-06-23T05:41:39Z,2026-06-23T07:41:39+0200,c1c18315-63b2-412d-a1be-e7c0796f2236,2026-06-02T22:15:00Z,2026-06-03T00:15:00+0200,104.8,EUR/MWh,BE,BE,day_ahead_price,value,2026-06-23T05:42:01Z
2026-06-23T05:41:39Z,2026-06-23T07:41:39+0200,c1c18315-63b2-412d-a1be-e7c0796f2236,2026-06-02T22:30:00Z,2026-06-03T00:30:00+0200,102.05,EUR/MWh,BE,BE,day_ahead_price,value,2026-06-23T05:42:01Z
2026-06-23T05:41:39Z,2026-06-23T07:41:39+0200,c1c18315-63b2-412d-a1be-e7c0796f2236,2026-06-02T22:45:00Z,2026-06-03T00:45:00+0200,110.0,EUR/MWh,BE,BE,day_ahead_price,value,2026-06-23T05:42:01Z
2026-06-23T05:41:39Z,2026-06-23T07:41:39+0200,c1c18315-63b2-412d-a1be-e7c0796f2236,2026-06-02T23:00:00Z,2026-06-03T01:00:00+0200,119.69,EUR/MWh,BE,BE,day_ahead_price,value,2026-06-23T05:42:01Z
2026-06-23T05:41:39Z,2026-06-23T07:41:39+0200,c1c18315-63b2-412d-a1be-e7c0796f2236,2026-06-02T23:15:00Z,2026-06-03T01:15:00+0200,121.22,EUR/MWh,BE,BE,day_ahead_price,value,2026-06-23T05:42:01Z
2026-06-23T05:41:39Z,2026-06-23T07:41:39+0200,c1c18315-63b2-412d-a1be-e7c0796f2236,2026-06-02T23:30:00Z,2026-06-03T01:30:00+0200,103.65,EUR/MWh,BE,BE,day_ahead_price,value,2026-06-23T05:42:01Z
2026-06-23T05:41:39Z,2026-06-23T07:41:39+0200,c1c18315-63b2-412d-a1be-e7c0796f2236,2026-06-02T23:45:00Z,2026-06-03T01:45:00+0200,101.21,EUR/MWh,BE,BE,day_ahead_price,value,2026-06-23T05:42:01Z
2026-06-23T05:41:39Z,2026-06-23T07:41:39+0200,c1c18315-63b2-412d-a1be-e7c0796f2236,2026-06-03T00:00:00Z,2026-06-03T02:00:00+0200,100.21,EUR/MWh,BE,BE,day_ahead_price,value,2026-06-23T05:42:01Z
2026-06-23T05:41:39Z,2026-06-23T07:41:39+0200,c1c18315-63b2-412d-a1be-e7c0796f2236,2026-06-03T00:15:00Z,2026-06-03T02:15:00+0200,97.26,EUR/MWh,BE,BE,day_ahead_price,value,2026-06-23T05:42:01Z
2026-06-23T05:41:39Z,2026-06-23T07:41:39+0200,c1c18315-63b2-412d-a1be-e7c0796f2236,2026-06-03T00:30:00Z,2026-06-03T02:30:00+0200,98.92,EUR/MWh,BE,BE,day_ahead_price,value,2026-06-23T05:42:01Z
2026-06-23T05:41:39Z,2026-06-23T07:41:39+0200,c1c18315-63b2-412d-a1be-e7c0796f2236,2026-06-03T00:45:00Z,2026-06-03T02:45:00+0200,96.44,EUR/MWh,BE,BE,day_ahead_price,value,2026-06-23T05:42:01Z
2026-06-23T05:41:39Z,2026-06-23T07:41:39+0200,c1c18315-63b2-412d-a1be-e7c0796f2236,2026-06-03T01:00:00Z,2026-06-03T03:00:00+0200,110.42,EUR/MWh,BE,BE,day_ahead_price,value,2026-06-23T05:42:01Z
2026-06-23T05:41:39Z,2026-06-23T07:41:39+0200,c1c18315-63b2-412d-a1be-e7c0796f2236,2026-06-03T01:15:00Z,2026-06-03T03:15:00+0200,103.17,EUR/MWh,BE,BE,day_ahead_price,value,2026-06-23T05:42:01Z
2026-06-23T05:41:39Z,2026-06-23T07:41:39+0200,c1c18315-63b2-412d-a1be-e7c0796f2236,2026-06-03T01:30:00Z,2026-06-03T03:30:00+0200,101.26,EUR/MWh,BE,BE,day_ahead_price,value,2026-06-23T05:42:01Z
2026-06-23T05:41:39Z,2026-06-23T07:41:39+0200,c1c18315-63b2-412d-a1be-e7c0796f2236,2026-06-03T01:45:00Z,2026-06-03T03:45:00+0200,97.7,EUR/MWh,BE,BE,day_ahead_price,value,2026-06-23T05:42:01Z
2026-06-23T05:41:39Z,2026-06-23T07:41:39+0200,c1c18315-63b2-412d-a1be-e7c0796f2236,2026-06-03T02:00:00Z,2026-06-03T04:00:00+0200,101.88,EUR/MWh,BE,BE,day_ahead_price,value,2026-06-23T05:42:01Z
2026-06-23T05:41:39Z,2026-06-23T07:41:39+0200,c1c18315-63b2-412d-a1be-e7c0796f2236,2026-06-03T02:15:00Z,2026-06-03T04:15:00+0200,100.77,EUR/MWh,BE,BE,day_ahead_price,value,2026-06-23T05:42:01Z
2026-06-23T05:41:39Z,2026-06-23T07:41:39+0200,c1c18315-63b2-412d-a1be-e7c0796f2236,2026-06-03T02:30:00Z,2026-06-03T04:30:00+0200,101.09,EUR/MWh,BE,BE,day_ahead_price,value,2026-06-23T05:42:01Z
2026-06-23T05:41:39Z,2026-06-23T07:41:39+0200,c1c18315-63b2-412d-a1be-e7c0796f2236,2026-06-03T02:45:00Z,2026-06-03T04:45:00+0200,102.5,EUR/MWh,BE,BE,day_ahead_price,value,2026-06-23T05:42:01Z
2026-06-23T05:41:39Z,2026-06-23T07:41:39+0200,c1c18315-63b2-412d-a1be-e7c0796f2236,2026-06-03T03:00:00Z,2026-06-03T05:00:00+0200,98.72,EUR/MWh,BE,BE,day_ahead_price,value,2026-06-23T05:42:01Z
2026-06-23T05:41:39Z,2026-06-23T07:41:39+0200,c1c18315-63b2-412d-a1be-e7c0796f2236,2026-06-03T03:15:00Z,2026-06-03T05:15:00+0200,103.93,EUR/MWh,BE,BE,day_ahead_price,value,2026-06-23T05:42:01Z
2026-06-23T05:41:39Z,2026-06-23T07:41:39+0200,c1c18315-63b2-412d-a1be-e7c0796f2236,2026-06-03T03:30:00Z,2026-06-03T05:30:00+0200,103.91,EUR/MWh,BE,BE,day_ahead_price,value,2026-06-23T05:42:01Z
2026-06-23T05:41:39Z,2026-06-23T07:41:39+0200,c1c18315-63b2-412d-a1be-e7c0796f2236,2026-06-03T03:45:00Z,2026-06-03T05:45:00+0200,115.07,EUR/MWh,BE,BE,day_ahead_price,value,2026-06-23T05:42:01Z
2026-06-23T05:41:39Z,2026-06-23T07:41:39+0200,c1c18315-63b2-412d-a1be-e7c0796f2236,2026-06-03T04:00:00Z,2026-06-03T06:00:00+0200,115.08,EUR/MWh,BE,BE,day_ahead_price,value,2026-06-23T05:42:01Z
2026-06-23T05:41:39Z,2026-06-23T07:41:39+0200,c1c18315-63b2-412d-a1be-e7c0796f2236,2026-06-03T04:15:00Z,2026-06-03T06:15:00+0200,117.19,EUR/MWh,BE,BE,day_ahead_price,value,2026-06-23T05:42:01Z
2026-06-23T05:41:39Z,2026-06-23T07:41:39+0200,c1c18315-63b2-412d-a1be-e7c0796f2236,2026-06-03T04:30:00Z,2026-06-03T06:30:00+0200,129.17,EUR/MWh,BE,BE,day_ahead_price,value,2026-06-23T05:42:01Z
2026-06-23T05:41:39Z,2026-06-23T07:41:39+0200,c1c18315-63b2-412d-a1be-e7c0796f2236,2026-06-03T04:45:00Z,2026-06-03T06:45:00+0200,143.92,EUR/MWh,BE,BE,day_ahead_price,value,2026-06-23T05:42:01Z
2026-06-23T05:41:39Z,2026-06-23T07:41:39+0200,c1c18315-63b2-412d-a1be-e7c0796f2236,2026-06-03T05:00:00Z,2026-06-03T07:00:00+0200,138.48,EUR/MWh,BE,BE,day_ahead_price,value,2026-06-23T05:42:01Z
2026-06-23T05:41:39Z,2026-06-23T07:41:39+0200,c1c18315-63b2-412d-a1be-e7c0796f2236,2026-06-03T05:15:00Z,2026-06-03T07:15:00+0200,144.49,EUR/MWh,BE,BE,day_ahead_price,value,2026-06-23T05:42:01Z
2026-06-23T05:41:39Z,2026-06-23T07:41:39+0200,c1c18315-63b2-412d-a1be-e7c0796f2236,2026-06-03T05:30:00Z,2026-06-03T07:30:00+0200,143.82,EUR/MWh,BE,BE,day_ahead_price,value,2026-06-23T05:42:01Z
2026-06-23T05:41:39Z,2026-06-23T07:41:39+0200,c1c18315-63b2-412d-a1be-e7c0796f2236,2026-06-03T05:45:00Z,2026-06-03T07:45:00+0200,137.96,EUR/MWh,BE,BE,day_ahead_price,value,2026-06-23T05:42:01Z
2026-06-23T05:41:39Z,2026-06-23T07:41:39+0200,c1c18315-63b2-412d-a1be-e7c0796f2236,2026-06-03T06:00:00Z,2026-06-03T08:00:00+0200,155.84,EUR/MWh,BE,BE,day_ahead_price,value,2026-06-23T05:42:01Z
2026-06-23T05:41:39Z,2026-06-23T07:41:39+0200,c1c18315-63b2-412d-a1be-e7c0796f2236,2026-06-03T06:15:00Z,2026-06-03T08:15:00+0200,145.16,EUR/MWh,BE,BE,day_ahead_price,value,2026-06-23T05:42:01Z
2026-06-23T05:41:39Z,2026-06-23T07:41:39+0200,c1c18315-63b2-412d-a1be-e7c0796f2236,2026-06-03T06:30:00Z,2026-06-03T08:30:00+0200,135.0,EUR/MWh,BE,BE,day_ahead_price,value,2026-06-23T05:42:01Z
2026-06-23T05:41:39Z,2026-06-23T07:41:39+0200,c1c18315-63b2-412d-a1be-e7c0796f2236,2026-06-03T06:45:00Z,2026-06-03T08:45:00+0200,104.0,EUR/MWh,BE,BE,day_ahead_price,value,2026-06-23T05:42:01Z
2026-06-23T05:41:39Z,2026-06-23T07:41:39+0200,c1c18315-63b2-412d-a1be-e7c0796f2236,2026-06-03T07:00:00Z,2026-06-03T09:00:00+0200,118.39,EUR/MWh,BE,BE,day_ahead_price,value,2026-06-23T05:42:01Z
2026-06-23T05:41:39Z,2026-06-23T07:41:39+0200,c1c18315-63b2-412d-a1be-e7c0796f2236,2026-06-03T07:15:00Z,2026-06-03T09:15:00+0200,103.63,EUR/MWh,BE,BE,day_ahead_price,value,2026-06-23T05:42:01Z
2026-06-23T05:41:39Z,2026-06-23T07:41:39+0200,c1c18315-63b2-412d-a1be-e7c0796f2236,2026-06-03T07:30:00Z,2026-06-03T09:30:00+0200,94.22,EUR/MWh,BE,BE,day_ahead_price,value,2026-06-23T05:42:01Z
2026-06-23T05:41:39Z,2026-06-23T07:41:39+0200,c1c18315-63b2-412d-a1be-e7c0796f2236,2026-06-03T07:45:00Z,2026-06-03T09:45:00+0200,81.71,EUR/MWh,BE,BE,day_ahead_price,value,2026-06-23T05:42:01Z
2026-06-23T05:41:39Z,2026-06-23T07:41:39+0200,c1c18315-63b2-412d-a1be-e7c0796f2236,2026-06-03T08:00:00Z,2026-06-03T10:00:00+0200,91.16,EUR/MWh,BE,BE,day_ahead_price,value,2026-06-23T05:42:01Z
2026-06-23T05:41:39Z,2026-06-23T07:41:39+0200,c1c18315-63b2-412d-a1be-e7c0796f2236,2026-06-03T08:15:00Z,2026-06-03T10:15:00+0200,76.97,EUR/MWh,BE,BE,day_ahead_price,value,2026-06-23T05:42:01Z
2026-06-23T05:41:39Z,2026-06-23T07:41:39+0200,c1c18315-63b2-412d-a1be-e7c0796f2236,2026-06-03T08:30:00Z,2026-06-03T10:30:00+0200,76.15,EUR/MWh,BE,BE,day_ahead_price,value,2026-06-23T05:42:01Z
2026-06-23T05:41:39Z,2026-06-23T07:41:39+0200,c1c18315-63b2-412d-a1be-e7c0796f2236,2026-06-03T08:45:00Z,2026-06-03T10:45:00+0200,70.27,EUR/MWh,BE,BE,day_ahead_price,value,2026-06-23T05:42:01Z
2026-06-23T05:41:39Z,2026-06-23T07:41:39+0200,c1c18315-63b2-412d-a1be-e7c0796f2236,2026-06-03T09:00:00Z,2026-06-03T11:00:00+0200,67.77,EUR/MWh,BE,BE,day_ahead_price,value,2026-06-23T05:42:01Z
2026-06-23T05:41:39Z,2026-06-23T07:41:39+0200,c1c18315-63b2-412d-a1be-e7c0796f2236,2026-06-03T09:15:00Z,2026-06-03T11:15:00+0200,62.08,EUR/MWh,BE,BE,day_ahead_price,value,2026-06-23T05:42:01Z
2026-06-23T05:41:39Z,2026-06-23T07:41:39+0200,c1c18315-63b2-412d-a1be-e7c0796f2236,2026-06-03T09:30:00Z,2026-06-03T11:30:00+0200,61.9,EUR/MWh,BE,BE,day_ahead_price,value,2026-06-23T05:42:01Z
2026-06-23T05:41:39Z,2026-06-23T07:41:39+0200,c1c18315-63b2-412d-a1be-e7c0796f2236,2026-06-03T09:45:00Z,2026-06-03T11:45:00+0200,50.23,EUR/MWh,BE,BE,day_ahead_price,value,2026-06-23T05:42:01Z
2026-06-23T05:41:39Z,2026-06-23T07:41:39+0200,c1c18315-63b2-412d-a1be-e7c0796f2236,2026-06-03T10:00:00Z,2026-06-03T12:00:00+0200,60.26,EUR/MWh,BE,BE,day_ahead_price,value,2026-06-23T05:42:01Z
2026-06-23T05:41:39Z,2026-06-23T07:41:39+0200,c1c18315-63b2-412d-a1be-e7c0796f2236,2026-06-03T10:15:00Z,2026-06-03T12:15:00+0200,52.63,EUR/MWh,BE,BE,day_ahead_price,value,2026-06-23T05:42:01Z
2026-06-23T05:41:39Z,2026-06-23T07:41:39+0200,c1c18315-63b2-412d-a1be-e7c0796f2236,2026-06-03T10:30:00Z,2026-06-03T12:30:00+0200,43.18,EUR/MWh,BE,BE,day_ahead_price,value,2026-06-23T05:42:01Z
2026-06-23T05:41:39Z,2026-06-23T07:41:39+0200,c1c18315-63b2-412d-a1be-e7c0796f2236,2026-06-03T10:45:00Z,2026-06-03T12:45:00+0200,31.81,EUR/MWh,BE,BE,day_ahead_price,value,2026-06-23T05:42:01Z
2026-06-23T05:41:39Z,2026-06-23T07:41:39+0200,c1c18315-63b2-412d-a1be-e7c0796f2236,2026-06-03T11:00:00Z,2026-06-03T13:00:00+0200,39.51,EUR/MWh,BE,BE,day_ahead_price,value,2026-06-23T05:42:01Z
2026-06-23T05:41:39Z,2026-06-23T07:41:39+0200,c1c18315-63b2-412d-a1be-e7c0796f2236,2026-06-03T11:15:00Z,2026-06-03T13:15:00+0200,33.46,EUR/MWh,BE,BE,day_ahead_price,value,2026-06-23T05:42:01Z
2026-06-23T05:41:39Z,2026-06-23T07:41:39+0200,c1c18315-63b2-412d-a1be-e7c0796f2236,2026-06-03T11:30:00Z,2026-06-03T13:30:00+0200,30.32,EUR/MWh,BE,BE,day_ahead_price,value,2026-06-23T05:42:01Z
2026-06-23T05:41:39Z,2026-06-23T07:41:39+0200,c1c18315-63b2-412d-a1be-e7c0796f2236,2026-06-03T11:45:00Z,2026-06-03T13:45:00+0200,22.43,EUR/MWh,BE,BE,day_ahead_price,value,2026-06-23T05:42:01Z
2026-06-23T05:41:39Z,2026-06-23T07:41:39+0200,c1c18315-63b2-412d-a1be-e7c0796f2236,2026-06-03T12:00:00Z,2026-06-03T14:00:00+0200,24.59,EUR/MWh,BE,BE,day_ahead_price,value,2026-06-23T05:42:01Z
2026-06-23T05:41:39Z,2026-06-23T07:41:39+0200,c1c18315-63b2-412d-a1be-e7c0796f2236,2026-06-03T12:15:00Z,2026-06-03T14:15:00+0200,29.85,EUR/MWh,BE,BE,day_ahead_price,value,2026-06-23T05:42:01Z
2026-06-23T05:41:39Z,2026-06-23T07:41:39+0200,c1c18315-63b2-412d-a1be-e7c0796f2236,2026-06-03T12:30:00Z,2026-06-03T14:30:00+0200,31.2,EUR/MWh,BE,BE,day_ahead_price,value,2026-06-23T05:42:01Z
2026-06-23T05:41:39Z,2026-06-23T07:41:39+0200,c1c18315-63b2-412d-a1be-e7c0796f2236,2026-06-03T12:45:00Z,2026-06-03T14:45:00+0200,39.91,EUR/MWh,BE,BE,day_ahead_price,value,2026-06-23T05:42:01Z
2026-06-23T05:41:39Z,2026-06-23T07:41:39+0200,c1c18315-63b2-412d-a1be-e7c0796f2236,2026-06-03T13:00:00Z,2026-06-03T15:00:00+0200,24.62,EUR/MWh,BE,BE,day_ahead_price,value,2026-06-23T05:42:01Z
2026-06-23T05:41:39Z,2026-06-23T07:41:39+0200,c1c18315-63b2-412d-a1be-e7c0796f2236,2026-06-03T13:15:00Z,2026-06-03T15:15:00+0200,36.5,EUR/MWh,BE,BE,day_ahead_price,value,2026-06-23T05:42:01Z
2026-06-23T05:41:39Z,2026-06-23T07:41:39+0200,c1c18315-63b2-412d-a1be-e7c0796f2236,2026-06-03T13:30:00Z,2026-06-03T15:30:00+0200,42.84,EUR/MWh,BE,BE,day_ahead_price,value,2026-06-23T05:42:01Z
2026-06-23T05:41:39Z,2026-06-23T07:41:39+0200,c1c18315-63b2-412d-a1be-e7c0796f2236,2026-06-03T13:45:00Z,2026-06-03T15:45:00+0200,55.77,EUR/MWh,BE,BE,day_ahead_price,value,2026-06-23T05:42:01Z
2026-06-23T05:41:39Z,2026-06-23T07:41:39+0200,c1c18315-63b2-412d-a1be-e7c0796f2236,2026-06-03T14:00:00Z,2026-06-03T16:00:00+0200,36.89,EUR/MWh,BE,BE,day_ahead_price,value,2026-06-23T05:42:01Z
2026-06-23T05:41:39Z,2026-06-23T07:41:39+0200,c1c18315-63b2-412d-a1be-e7c0796f2236,2026-06-03T14:15:00Z,2026-06-03T16:15:00+0200,54.78,EUR/MWh,BE,BE,day_ahead_price,value,2026-06-23T05:42:01Z
2026-06-23T05:41:39Z,2026-06-23T07:41:39+0200,c1c18315-63b2-412d-a1be-e7c0796f2236,2026-06-03T14:30:00Z,2026-06-03T16:30:00+0200,65.0,EUR/MWh,BE,BE,day_ahead_price,value,2026-06-23T05:42:01Z
2026-06-23T05:41:39Z,2026-06-23T07:41:39+0200,c1c18315-63b2-412d-a1be-e7c0796f2236,2026-06-03T14:45:00Z,2026-06-03T16:45:00+0200,84.05,EUR/MWh,BE,BE,day_ahead_price,value,2026-06-23T05:42:01Z
2026-06-23T05:41:39Z,2026-06-23T07:41:39+0200,c1c18315-63b2-412d-a1be-e7c0796f2236,2026-06-03T15:00:00Z,2026-06-03T17:00:00+0200,59.2,EUR/MWh,BE,BE,day_ahead_price,value,2026-06-23T05:42:01Z
2026-06-23T05:41:39Z,2026-06-23T07:41:39+0200,c1c18315-63b2-412d-a1be-e7c0796f2236,2026-06-03T15:15:00Z,2026-06-03T17:15:00+0200,76.49,EUR/MWh,BE,BE,day_ahead_price,value,2026-06-23T05:42:01Z
2026-06-23T05:41:39Z,2026-06-23T07:41:39+0200,c1c18315-63b2-412d-a1be-e7c0796f2236,2026-06-03T15:30:00Z,2026-06-03T17:30:00+0200,94.49,EUR/MWh,BE,BE,day_ahead_price,value,2026-06-23T05:42:01Z
2026-06-23T05:41:39Z,2026-06-23T07:41:39+0200,c1c18315-63b2-412d-a1be-e7c0796f2236,2026-06-03T15:45:00Z,2026-06-03T17:45:00+0200,108.26,EUR/MWh,BE,BE,day_ahead_price,value,2026-06-23T05:42:01Z
2026-06-23T05:41:39Z,2026-06-23T07:41:39+0200,c1c18315-63b2-412d-a1be-e7c0796f2236,2026-06-03T16:00:00Z,2026-06-03T18:00:00+0200,89.58,EUR/MWh,BE,BE,day_ahead_price,value,2026-06-23T05:42:01Z
2026-06-23T05:41:39Z,2026-06-23T07:41:39+0200,c1c18315-63b2-412d-a1be-e7c0796f2236,2026-06-03T16:15:00Z,2026-06-03T18:15:00+0200,100.66,EUR/MWh,BE,BE,day_ahead_price,value,2026-06-23T05:42:01Z
2026-06-23T05:41:39Z,2026-06-23T07:41:39+0200,c1c18315-63b2-412d-a1be-e7c0796f2236,2026-06-03T16:30:00Z,2026-06-03T18:30:00+0200,113.61,EUR/MWh,BE,BE,day_ahead_price,value,2026-06-23T05:42:01Z
2026-06-23T05:41:39Z,2026-06-23T07:41:39+0200,c1c18315-63b2-412d-a1be-e7c0796f2236,2026-06-03T16:45:00Z,2026-06-03T18:45:00+0200,120.75,EUR/MWh,BE,BE,day_ahead_price,value,2026-06-23T05:42:01Z
2026-06-23T05:41:39Z,2026-06-23T07:41:39+0200,c1c18315-63b2-412d-a1be-e7c0796f2236,2026-06-03T17:00:00Z,2026-06-03T19:00:00+0200,109.89,EUR/MWh,BE,BE,day_ahead_price,value,2026-06-23T05:42:01Z
2026-06-23T05:41:39Z,2026-06-23T07:41:39+0200,c1c18315-63b2-412d-a1be-e7c0796f2236,2026-06-03T17:15:00Z,2026-06-03T19:15:00+0200,117.64,EUR/MWh,BE,BE,day_ahead_price,value,2026-06-23T05:42:01Z
2026-06-23T05:41:39Z,2026-06-23T07:41:39+0200,c1c18315-63b2-412d-a1be-e7c0796f2236,2026-06-03T17:30:00Z,2026-06-03T19:30:00+0200,114.44,EUR/MWh,BE,BE,day_ahead_price,value,2026-06-23T05:42:01Z
2026-06-23T05:41:39Z,2026-06-23T07:41:39+0200,c1c18315-63b2-412d-a1be-e7c0796f2236,2026-06-03T17:45:00Z,2026-06-03T19:45:00+0200,123.62,EUR/MWh,BE,BE,day_ahead_price,value,2026-06-23T05:42:01Z
2026-06-23T05:41:39Z,2026-06-23T07:41:39+0200,c1c18315-63b2-412d-a1be-e7c0796f2236,2026-06-03T18:00:00Z,2026-06-03T20:00:00+0200,115.53,EUR/MWh,BE,BE,day_ahead_price,value,2026-06-23T05:42:01Z
2026-06-23T05:41:39Z,2026-06-23T07:41:39+0200,c1c18315-63b2-412d-a1be-e7c0796f2236,2026-06-03T18:15:00Z,2026-06-03T20:15:00+0200,117.31,EUR/MWh,BE,BE,day_ahead_price,value,2026-06-23T05:42:01Z
2026-06-23T05:41:39Z,2026-06-23T07:41:39+0200,c1c18315-63b2-412d-a1be-e7c0796f2236,2026-06-03T18:30:00Z,2026-06-03T20:30:00+0200,114.16,EUR/MWh,BE,BE,day_ahead_price,value,2026-06-23T05:42:01Z
2026-06-23T05:41:39Z,2026-06-23T07:41:39+0200,c1c18315-63b2-412d-a1be-e7c0796f2236,2026-06-03T18:45:00Z,2026-06-03T20:45:00+0200,113.0,EUR/MWh,BE,BE,day_ahead_price,value,2026-06-23T05:42:01Z
2026-06-23T05:41:39Z,2026-06-23T07:41:39+0200,c1c18315-63b2-412d-a1be-e7c0796f2236,2026-06-03T19:00:00Z,2026-06-03T21:00:00+0200,114.95,EUR/MWh,BE,BE,day_ahead_price,value,2026-06-23T05:42:01Z
2026-06-23T05:41:39Z,2026-06-23T07:41:39+0200,c1c18315-63b2-412d-a1be-e7c0796f2236,2026-06-03T19:15:00Z,2026-06-03T21:15:00+0200,103.7,EUR/MWh,BE,BE,day_ahead_price,value,2026-06-23T05:42:01Z
2026-06-23T05:41:39Z,2026-06-23T07:41:39+0200,c1c18315-63b2-412d-a1be-e7c0796f2236,2026-06-03T19:30:00Z,2026-06-03T21:30:00+0200,99.61,EUR/MWh,BE,BE,day_ahead_price,value,2026-06-23T05:42:01Z
2026-06-23T05:41:39Z,2026-06-23T07:41:39+0200,c1c18315-63b2-412d-a1be-e7c0796f2236,2026-06-03T19:45:00Z,2026-06-03T21:45:00+0200,89.61,EUR/MWh,BE,BE,day_ahead_price,value,2026-06-23T05:42:01Z
2026-06-23T05:41:39Z,2026-06-23T07:41:39+0200,c1c18315-63b2-412d-a1be-e7c0796f2236,2026-06-03T20:00:00Z,2026-06-03T22:00:00+0200,111.59,EUR/MWh,BE,BE,day_ahead_price,value,2026-06-23T05:42:01Z
2026-06-23T05:41:39Z,2026-06-23T07:41:39+0200,c1c18315-63b2-412d-a1be-e7c0796f2236,2026-06-03T20:15:00Z,2026-06-03T22:15:00+0200,100.7,EUR/MWh,BE,BE,day_ahead_price,value,2026-06-23T05:42:01Z
2026-06-23T05:41:39Z,2026-06-23T07:41:39+0200,c1c18315-63b2-412d-a1be-e7c0796f2236,2026-06-03T20:30:00Z,2026-06-03T22:30:00+0200,103.62,EUR/MWh,BE,BE,day_ahead_price,value,2026-06-23T05:42:01Z
2026-06-23T05:41:39Z,2026-06-23T07:41:39+0200,c1c18315-63b2-412d-a1be-e7c0796f2236,2026-06-03T20:45:00Z,2026-06-03T22:45:00+0200,83.63,EUR/MWh,BE,BE,day_ahead_price,value,2026-06-23T05:42:01Z
2026-06-23T05:41:39Z,2026-06-23T07:41:39+0200,c1c18315-63b2-412d-a1be-e7c0796f2236,2026-06-03T21:00:00Z,2026-06-03T23:00:00+0200,90.76,EUR/MWh,BE,BE,day_ahead_price,value,2026-06-23T05:42:01Z
2026-06-23T05:41:39Z,2026-06-23T07:41:39+0200,c1c18315-63b2-412d-a1be-e7c0796f2236,2026-06-03T21:15:00Z,2026-06-03T23:15:00+0200,82.14,EUR/MWh,BE,BE,day_ahead_price,value,2026-06-23T05:42:01Z
2026-06-23T05:41:39Z,2026-06-23T07:41:39+0200,c1c18315-63b2-412d-a1be-e7c0796f2236,2026-06-03T21:30:00Z,2026-06-03T23:30:00+0200,81.02,EUR/MWh,BE,BE,day_ahead_price,value,2026-06-23T05:42:01Z
2026-06-23T05:41:39Z,2026-06-23T07:41:39+0200,c1c18315-63b2-412d-a1be-e7c0796f2236,2026-06-03T21:45:00Z,2026-06-03T23:45:00+0200,62.6,EUR/MWh,BE,BE,day_ahead_price,value,2026-06-23T05:42:01Z
2026-06-23T05:41:39Z,2026-06-23T07:41:39+0200,c1c18315-63b2-412d-a1be-e7c0796f2236,2026-06-03T22:00:00Z,2026-06-04T00:00:00+0200,84.29,EUR/MWh,BE,BE,day_ahead_price,value,2026-06-23T05:42:01Z
2026-06-23T05:41:39Z,2026-06-23T07:41:39+0200,c1c18315-63b2-412d-a1be-e7c0796f2236,2026-06-03T22:15:00Z,2026-06-04T00:15:00+0200,74.83,EUR/MWh,BE,BE,day_ahead_price,value,2026-06-23T05:42:01Z
2026-06-23T05:41:39Z,2026-06-23T07:41:39+0200,c1c18315-63b2-412d-a1be-e7c0796f2236,2026-06-03T22:30:00Z,2026-06-04T00:30:00+0200,69.92,EUR/MWh,BE,BE,day_ahead_price,value,2026-06-23T05:42:01Z
2026-06-23T05:41:39Z,2026-06-23T07:41:39+0200,c1c18315-63b2-412d-a1be-e7c0796f2236,2026-06-03T22:45:00Z,2026-06-04T00:45:00+0200,55.63,EUR/MWh,BE,BE,day_ahead_price,value,2026-06-23T05:42:01Z
2026-06-23T05:41:39Z,2026-06-23T07:41:39+0200,c1c18315-63b2-412d-a1be-e7c0796f2236,2026-06-03T23:00:00Z,2026-06-04T01:00:00+0200,67.06,EUR/MWh,BE,BE,day_ahead_price,value,2026-06-23T05:42:01Z
2026-06-23T05:41:39Z,2026-06-23T07:41:39+0200,c1c18315-63b2-412d-a1be-e7c0796f2236,2026-06-03T23:15:00Z,2026-06-04T01:15:00+0200,65.24,EUR/MWh,BE,BE,day_ahead_price,value,2026-06-23T05:42:01Z
2026-06-23T05:41:39Z,2026-06-23T07:41:39+0200,c1c18315-63b2-412d-a1be-e7c0796f2236,2026-06-03T23:30:00Z,2026-06-04T01:30:00+0200,60.87,EUR/MWh,BE,BE,day_ahead_price,value,2026-06-23T05:42:01Z
2026-06-23T05:41:39Z,2026-06-23T07:41:39+0200,c1c18315-63b2-412d-a1be-e7c0796f2236,2026-06-03T23:45:00Z,2026-06-04T01:45:00+0200,57.71,EUR/MWh,BE,BE,day_ahead_price,value,2026-06-23T05:42:01Z
2026-06-23T05:41:39Z,2026-06-23T07:41:39+0200,c1c18315-63b2-412d-a1be-e7c0796f2236,2026-06-04T00:00:00Z,2026-06-04T02:00:00+0200,56.65,EUR/MWh,BE,BE,day_ahead_price,value,2026-06-23T05:42:01Z
2026-06-23T05:41:39Z,2026-06-23T07:41:39+0200,c1c18315-63b2-412d-a1be-e7c0796f2236,2026-06-04T00:15:00Z,2026-06-04T02:15:00+0200,55.82,EUR/MWh,BE,BE,day_ahead_price,value,2026-06-23T05:42:01Z
2026-06-23T05:41:39Z,2026-06-23T07:41:39+0200,c1c18315-63b2-412d-a1be-e7c0796f2236,2026-06-04T00:30:00Z,2026-06-04T02:30:00+0200,56.2,EUR/MWh,BE,BE,day_ahead_price,value,2026-06-23T05:42:01Z
2026-06-23T05:41:39Z,2026-06-23T07:41:39+0200,c1c18315-63b2-412d-a1be-e7c0796f2236,2026-06-04T00:45:00Z,2026-06-04T02:45:00+0200,51.56,EUR/MWh,BE,BE,day_ahead_price,value,2026-06-23T05:42:01Z
2026-06-23T05:41:39Z,2026-06-23T07:41:39+0200,c1c18315-63b2-412d-a1be-e7c0796f2236,2026-06-04T01:00:00Z,2026-06-04T03:00:00+0200,55.42,EUR/MWh,BE,BE,day_ahead_price,value,2026-06-23T05:42:01Z
2026-06-23T05:41:39Z,2026-06-23T07:41:39+0200,c1c18315-63b2-412d-a1be-e7c0796f2236,2026-06-04T01:15:00Z,2026-06-04T03:15:00+0200,53.47,EUR/MWh,BE,BE,day_ahead_price,value,2026-06-23T05:42:01Z
2026-06-23T05:41:39Z,2026-06-23T07:41:39+0200,c1c18315-63b2-412d-a1be-e7c0796f2236,2026-06-04T01:30:00Z,2026-06-04T03:30:00+0200,54.29,EUR/MWh,BE,BE,day_ahead_price,value,2026-06-23T05:42:01Z
2026-06-23T05:41:39Z,2026-06-23T07:41:39+0200,c1c18315-63b2-412d-a1be-e7c0796f2236,2026-06-04T01:45:00Z,2026-06-04T03:45:00+0200,55.51,EUR/MWh,BE,BE,day_ahead_price,value,2026-06-23T05:42:01Z
2026-06-23T05:41:39Z,2026-06-23T07:41:39+0200,c1c18315-63b2-412d-a1be-e7c0796f2236,2026-06-04T02:00:00Z,2026-06-04T04:00:00+0200,50.34,EUR/MWh,BE,BE,day_ahead_price,value,2026-06-23T05:42:01Z
2026-06-23T05:41:39Z,2026-06-23T07:41:39+0200,c1c18315-63b2-412d-a1be-e7c0796f2236,2026-06-04T02:15:00Z,2026-06-04T04:15:00+0200,50.33,EUR/MWh,BE,BE,day_ahead_price,value,2026-06-23T05:42:01Z
2026-06-23T05:41:39Z,2026-06-23T07:41:39+0200,c1c18315-63b2-412d-a1be-e7c0796f2236,2026-06-04T02:30:00Z,2026-06-04T04:30:00+0200,53.82,EUR/MWh,BE,BE,day_ahead_price,value,2026-06-23T05:42:01Z
2026-06-23T05:41:39Z,2026-06-23T07:41:39+0200,c1c18315-63b2-412d-a1be-e7c0796f2236,2026-06-04T02:45:00Z,2026-06-04T04:45:00+0200,55.87,EUR/MWh,BE,BE,day_ahead_price,value,2026-06-23T05:42:01Z
2026-06-23T05:41:39Z,2026-06-23T07:41:39+0200,c1c18315-63b2-412d-a1be-e7c0796f2236,2026-06-04T03:00:00Z,2026-06-04T05:00:00+0200,51.71,EUR/MWh,BE,BE,day_ahead_price,value,2026-06-23T05:42:01Z
2026-06-23T05:41:39Z,2026-06-23T07:41:39+0200,c1c18315-63b2-412d-a1be-e7c0796f2236,2026-06-04T03:15:00Z,2026-06-04T05:15:00+0200,52.81,EUR/MWh,BE,BE,day_ahead_price,value,2026-06-23T05:42:01Z
2026-06-23T05:41:39Z,2026-06-23T07:41:39+0200,c1c18315-63b2-412d-a1be-e7c0796f2236,2026-06-04T03:30:00Z,2026-06-04T05:30:00+0200,55.63,EUR/MWh,BE,BE,day_ahead_price,value,2026-06-23T05:42:01Z
2026-06-23T05:41:39Z,2026-06-23T07:41:39+0200,c1c18315-63b2-412d-a1be-e7c0796f2236,2026-06-04T03:45:00Z,2026-06-04T05:45:00+0200,57.33,EUR/MWh,BE,BE,day_ahead_price,value,2026-06-23T05:42:01Z
2026-06-23T05:41:39Z,2026-06-23T07:41:39+0200,c1c18315-63b2-412d-a1be-e7c0796f2236,2026-06-04T04:00:00Z,2026-06-04T06:00:00+0200,61.44,EUR/MWh,BE,BE,day_ahead_price,value,2026-06-23T05:42:01Z
2026-06-23T05:41:39Z,2026-06-23T07:41:39+0200,c1c18315-63b2-412d-a1be-e7c0796f2236,2026-06-04T04:15:00Z,2026-06-04T06:15:00+0200,64.25,EUR/MWh,BE,BE,day_ahead_price,value,2026-06-23T05:42:01Z
2026-06-23T05:41:39Z,2026-06-23T07:41:39+0200,c1c18315-63b2-412d-a1be-e7c0796f2236,2026-06-04T04:30:00Z,2026-06-04T06:30:00+0200,66.45,EUR/MWh,BE,BE,day_ahead_price,value,2026-06-23T05:42:01Z
2026-06-23T05:41:39Z,2026-06-23T07:41:39+0200,c1c18315-63b2-412d-a1be-e7c0796f2236,2026-06-04T04:45:00Z,2026-06-04T06:45:00+0200,63.86,EUR/MWh,BE,BE,day_ahead_price,value,2026-06-23T05:42:01Z
2026-06-23T05:41:39Z,2026-06-23T07:41:39+0200,c1c18315-63b2-412d-a1be-e7c0796f2236,2026-06-04T05:00:00Z,2026-06-04T07:00:00+0200,82.14,EUR/MWh,BE,BE,day_ahead_price,value,2026-06-23T05:42:01Z
2026-06-23T05:41:39Z,2026-06-23T07:41:39+0200,c1c18315-63b2-412d-a1be-e7c0796f2236,2026-06-04T05:15:00Z,2026-06-04T07:15:00+0200,79.32,EUR/MWh,BE,BE,day_ahead_price,value,2026-06-23T05:42:01Z
2026-06-23T05:41:39Z,2026-06-23T07:41:39+0200,c1c18315-63b2-412d-a1be-e7c0796f2236,2026-06-04T05:30:00Z,2026-06-04T07:30:00+0200,75.3,EUR/MWh,BE,BE,day_ahead_price,value,2026-06-23T05:42:01Z
2026-06-23T05:41:39Z,2026-06-23T07:41:39+0200,c1c18315-63b2-412d-a1be-e7c0796f2236,2026-06-04T05:45:00Z,2026-06-04T07:45:00+0200,69.24,EUR/MWh,BE,BE,day_ahead_price,value,2026-06-23T05:42:01Z
2026-06-23T05:41:39Z,2026-06-23T07:41:39+0200,c1c18315-63b2-412d-a1be-e7c0796f2236,2026-06-04T06:00:00Z,2026-06-04T08:00:00+0200,94.27,EUR/MWh,BE,BE,day_ahead_price,value,2026-06-23T05:42:01Z
2026-06-23T05:41:39Z,2026-06-23T07:41:39+0200,c1c18315-63b2-412d-a1be-e7c0796f2236,2026-06-04T06:15:00Z,2026-06-04T08:15:00+0200,77.74,EUR/MWh,BE,BE,day_ahead_price,value,2026-06-23T05:42:01Z
2026-06-23T05:41:39Z,2026-06-23T07:41:39+0200,c1c18315-63b2-412d-a1be-e7c0796f2236,2026-06-04T06:30:00Z,2026-06-04T08:30:00+0200,63.91,EUR/MWh,BE,BE,day_ahead_price,value,2026-06-23T05:42:01Z
2026-06-23T05:41:39Z,2026-06-23T07:41:39+0200,c1c18315-63b2-412d-a1be-e7c0796f2236,2026-06-04T06:45:00Z,2026-06-04T08:45:00+0200,44.31,EUR/MWh,BE,BE,day_ahead_price,value,2026-06-23T05:42:01Z
2026-06-23T05:41:39Z,2026-06-23T07:41:39+0200,c1c18315-63b2-412d-a1be-e7c0796f2236,2026-06-04T07:00:00Z,2026-06-04T09:00:00+0200,64.98,EUR/MWh,BE,BE,day_ahead_price,value,2026-06-23T05:42:01Z
2026-06-23T05:41:39Z,2026-06-23T07:41:39+0200,c1c18315-63b2-412d-a1be-e7c0796f2236,2026-06-04T07:15:00Z,2026-06-04T09:15:00+0200,56.25,EUR/MWh,BE,BE,day_ahead_price,value,2026-06-23T05:42:01Z
2026-06-23T05:41:39Z,2026-06-23T07:41:39+0200,c1c18315-63b2-412d-a1be-e7c0796f2236,2026-06-04T07:30:00Z,2026-06-04T09:30:00+0200,28.01,EUR/MWh,BE,BE,day_ahead_price,value,2026-06-23T05:42:01Z
2026-06-23T05:41:39Z,2026-06-23T07:41:39+0200,c1c18315-63b2-412d-a1be-e7c0796f2236,2026-06-04T07:45:00Z,2026-06-04T09:45:00+0200,10.74,EUR/MWh,BE,BE,day_ahead_price,value,2026-06-23T05:42:01Z
2026-06-23T05:41:39Z,2026-06-23T07:41:39+0200,c1c18315-63b2-412d-a1be-e7c0796f2236,2026-06-04T08:00:00Z,2026-06-04T10:00:00+0200,12.43,EUR/MWh,BE,BE,day_ahead_price,value,2026-06-23T05:42:01Z
2026-06-23T05:41:39Z,2026-06-23T07:41:39+0200,c1c18315-63b2-412d-a1be-e7c0796f2236,2026-06-04T08:15:00Z,2026-06-04T10:15:00+0200,4.37,EUR/MWh,BE,BE,day_ahead_price,value,2026-06-23T05:42:01Z
2026-06-23T05:41:39Z,2026-06-23T07:41:39+0200,c1c18315-63b2-412d-a1be-e7c0796f2236,2026-06-04T08:30:00Z,2026-06-04T10:30:00+0200,0.02,EUR/MWh,BE,BE,day_ahead_price,value,2026-06-23T05:42:01Z
2026-06-23T05:41:39Z,2026-06-23T07:41:39+0200,c1c18315-63b2-412d-a1be-e7c0796f2236,2026-06-04T08:45:00Z,2026-06-04T10:45:00+0200,0.01,EUR/MWh,BE,BE,day_ahead_price,value,2026-06-23T05:42:01Z
2026-06-23T05:41:39Z,2026-06-23T07:41:39+0200,c1c18315-63b2-412d-a1be-e7c0796f2236,2026-06-04T09:00:00Z,2026-06-04T11:00:00+0200,0.01,EUR/MWh,BE,BE,day_ahead_price,value,2026-06-23T05:42:01Z
2026-06-23T05:41:39Z,2026-06-23T07:41:39+0200,c1c18315-63b2-412d-a1be-e7c0796f2236,2026-06-04T09:15:00Z,2026-06-04T11:15:00+0200,0.0,EUR/MWh,BE,BE,day_ahead_price,value,2026-06-23T05:42:01Z
2026-06-23T05:41:39Z,2026-06-23T07:41:39+0200,c1c18315-63b2-412d-a1be-e7c0796f2236,2026-06-04T09:30:00Z,2026-06-04T11:30:00+0200,0.01,EUR/MWh,BE,BE,day_ahead_price,value,2026-06-23T05:42:01Z
2026-06-23T05:41:39Z,2026-06-23T07:41:39+0200,c1c18315-63b2-412d-a1be-e7c0796f2236,2026-06-04T09:45:00Z,2026-06-04T11:45:00+0200,0.01,EUR/MWh,BE,BE,day_ahead_price,value,2026-06-23T05:42:01Z
2026-06-23T05:41:39Z,2026-06-23T07:41:39+0200,c1c18315-63b2-412d-a1be-e7c0796f2236,2026-06-04T10:00:00Z,2026-06-04T12:00:00+0200,0.01,EUR/MWh,BE,BE,day_ahead_price,value,2026-06-23T05:42:01Z
2026-06-23T05:41:39Z,2026-06-23T07:41:39+0200,c1c18315-63b2-412d-a1be-e7c0796f2236,2026-06-04T10:15:00Z,2026-06-04T12:15:00+0200,-0.02,EUR/MWh,BE,BE,day_ahead_price,value,2026-06-23T05:42:01Z
2026-06-23T05:41:39Z,2026-06-23T07:41:39+0200,c1c18315-63b2-412d-a1be-e7c0796f2236,2026-06-04T10:30:00Z,2026-06-04T12:30:00+0200,-0.02,EUR/MWh,BE,BE,day_ahead_price,value,2026-06-23T05:42:01Z
2026-06-23T05:41:39Z,2026-06-23T07:41:39+0200,c1c18315-63b2-412d-a1be-e7c0796f2236,2026-06-04T10:45:00Z,2026-06-04T12:45:00+0200,-0.02,EUR/MWh,BE,BE,day_ahead_price,value,2026-06-23T05:42:01Z
2026-06-23T05:41:39Z,2026-06-23T07:41:39+0200,c1c18315-63b2-412d-a1be-e7c0796f2236,2026-06-04T11:00:00Z,2026-06-04T13:00:00+0200,-0.02,EUR/MWh,BE,BE,day_ahead_price,value,2026-06-23T05:42:01Z
2026-06-23T05:41:39Z,2026-06-23T07:41:39+0200,c1c18315-63b2-412d-a1be-e7c0796f2236,2026-06-04T11:15:00Z,2026-06-04T13:15:00+0200,-0.03,EUR/MWh,BE,BE,day_ahead_price,value,2026-06-23T05:42:01Z
2026-06-23T05:41:39Z,2026-06-23T07:41:39+0200,c1c18315-63b2-412d-a1be-e7c0796f2236,2026-06-04T11:30:00Z,2026-06-04T13:30:00+0200,-0.02,EUR/MWh,BE,BE,day_ahead_price,value,2026-06-23T05:42:01Z
2026-06-23T05:41:39Z,2026-06-23T07:41:39+0200,c1c18315-63b2-412d-a1be-e7c0796f2236,2026-06-04T11:45:00Z,2026-06-04T13:45:00+0200,-0.03,EUR/MWh,BE,BE,day_ahead_price,value,2026-06-23T05:42:01Z
2026-06-23T05:41:39Z,2026-06-23T07:41:39+0200,c1c18315-63b2-412d-a1be-e7c0796f2236,2026-06-04T12:00:00Z,2026-06-04T14:00:00+0200,-0.02,EUR/MWh,BE,BE,day_ahead_price,value,2026-06-23T05:42:01Z
2026-06-23T05:41:39Z,2026-06-23T07:41:39+0200,c1c18315-63b2-412d-a1be-e7c0796f2236,2026-06-04T12:15:00Z,2026-06-04T14:15:00+0200,-0.03,EUR/MWh,BE,BE,day_ahead_price,value,2026-06-23T05:42:01Z
2026-06-23T05:41:39Z,2026-06-23T07:41:39+0200,c1c18315-63b2-412d-a1be-e7c0796f2236,2026-06-04T12:30:00Z,2026-06-04T14:30:00+0200,0.01,EUR/MWh,BE,BE,day_ahead_price,value,2026-06-23T05:42:01Z
2026-06-23T05:41:39Z,2026-06-23T07:41:39+0200,c1c18315-63b2-412d-a1be-e7c0796f2236,2026-06-04T12:45:00Z,2026-06-04T14:45:00+0200,0.0,EUR/MWh,BE,BE,day_ahead_price,value,2026-06-23T05:42:01Z
2026-06-23T05:41:39Z,2026-06-23T07:41:39+0200,c1c18315-63b2-412d-a1be-e7c0796f2236,2026-06-04T13:00:00Z,2026-06-04T15:00:00+0200,0.0,EUR/MWh,BE,BE,day_ahead_price,value,2026-06-23T05:42:01Z
2026-06-23T05:41:39Z,2026-06-23T07:41:39+0200,c1c18315-63b2-412d-a1be-e7c0796f2236,2026-06-04T13:15:00Z,2026-06-04T15:15:00+0200,0.01,EUR/MWh,BE,BE,day_ahead_price,value,2026-06-23T05:42:01Z
2026-06-23T05:41:39Z,2026-06-23T07:41:39+0200,c1c18315-63b2-412d-a1be-e7c0796f2236,2026-06-04T13:30:00Z,2026-06-04T15:30:00+0200,0.03,EUR/MWh,BE,BE,day_ahead_price,value,2026-06-23T05:42:01Z
2026-06-23T05:41:39Z,2026-06-23T07:41:39+0200,c1c18315-63b2-412d-a1be-e7c0796f2236,2026-06-04T13:45:00Z,2026-06-04T15:45:00+0200,4.79,EUR/MWh,BE,BE,day_ahead_price,value,2026-06-23T05:42:01Z
2026-06-23T05:41:39Z,2026-06-23T07:41:39+0200,c1c18315-63b2-412d-a1be-e7c0796f2236,2026-06-04T14:00:00Z,2026-06-04T16:00:00+0200,4.65,EUR/MWh,BE,BE,day_ahead_price,value,2026-06-23T05:42:01Z
2026-06-23T05:41:39Z,2026-06-23T07:41:39+0200,c1c18315-63b2-412d-a1be-e7c0796f2236,2026-06-04T14:15:00Z,2026-06-04T16:15:00+0200,10.84,EUR/MWh,BE,BE,day_ahead_price,value,2026-06-23T05:42:01Z
2026-06-23T05:41:39Z,2026-06-23T07:41:39+0200,c1c18315-63b2-412d-a1be-e7c0796f2236,2026-06-04T14:30:00Z,2026-06-04T16:30:00+0200,25.84,EUR/MWh,BE,BE,day_ahead_price,value,2026-06-23T05:42:01Z
2026-06-23T05:41:39Z,2026-06-23T07:41:39+0200,c1c18315-63b2-412d-a1be-e7c0796f2236,2026-06-04T14:45:00Z,2026-06-04T16:45:00+0200,43.3,EUR/MWh,BE,BE,day_ahead_price,value,2026-06-23T05:42:01Z
2026-06-23T05:41:39Z,2026-06-23T07:41:39+0200,c1c18315-63b2-412d-a1be-e7c0796f2236,2026-06-04T15:00:00Z,2026-06-04T17:00:00+0200,27.53,EUR/MWh,BE,BE,day_ahead_price,value,2026-06-23T05:42:01Z
2026-06-23T05:41:39Z,2026-06-23T07:41:39+0200,c1c18315-63b2-412d-a1be-e7c0796f2236,2026-06-04T15:15:00Z,2026-06-04T17:15:00+0200,45.47,EUR/MWh,BE,BE,day_ahead_price,value,2026-06-23T05:42:01Z
2026-06-23T05:41:39Z,2026-06-23T07:41:39+0200,c1c18315-63b2-412d-a1be-e7c0796f2236,2026-06-04T15:30:00Z,2026-06-04T17:30:00+0200,63.04,EUR/MWh,BE,BE,day_ahead_price,value,2026-06-23T05:42:01Z
2026-06-23T05:41:39Z,2026-06-23T07:41:39+0200,c1c18315-63b2-412d-a1be-e7c0796f2236,2026-06-04T15:45:00Z,2026-06-04T17:45:00+0200,73.97,EUR/MWh,BE,BE,day_ahead_price,value,2026-06-23T05:42:01Z
2026-06-23T05:41:39Z,2026-06-23T07:41:39+0200,c1c18315-63b2-412d-a1be-e7c0796f2236,2026-06-04T16:00:00Z,2026-06-04T18:00:00+0200,55.76,EUR/MWh,BE,BE,day_ahead_price,value,2026-06-23T05:42:01Z
2026-06-23T05:41:39Z,2026-06-23T07:41:39+0200,c1c18315-63b2-412d-a1be-e7c0796f2236,2026-06-04T16:15:00Z,2026-06-04T18:15:00+0200,82.96,EUR/MWh,BE,BE,day_ahead_price,value,2026-06-23T05:42:01Z
2026-06-23T05:41:39Z,2026-06-23T07:41:39+0200,c1c18315-63b2-412d-a1be-e7c0796f2236,2026-06-04T16:30:00Z,2026-06-04T18:30:00+0200,100.7,EUR/MWh,BE,BE,day_ahead_price,value,2026-06-23T05:42:01Z
2026-06-23T05:41:39Z,2026-06-23T07:41:39+0200,c1c18315-63b2-412d-a1be-e7c0796f2236,2026-06-04T16:45:00Z,2026-06-04T18:45:00+0200,100.58,EUR/MWh,BE,BE,day_ahead_price,value,2026-06-23T05:42:01Z
2026-06-23T05:41:39Z,2026-06-23T07:41:39+0200,c1c18315-63b2-412d-a1be-e7c0796f2236,2026-06-04T17:00:00Z,2026-06-04T19:00:00+0200,90.21,EUR/MWh,BE,BE,day_ahead_price,value,2026-06-23T05:42:01Z
2026-06-23T05:41:39Z,2026-06-23T07:41:39+0200,c1c18315-63b2-412d-a1be-e7c0796f2236,2026-06-04T17:15:00Z,2026-06-04T19:15:00+0200,96.21,EUR/MWh,BE,BE,day_ahead_price,value,2026-06-23T05:42:01Z
2026-06-23T05:41:39Z,2026-06-23T07:41:39+0200,c1c18315-63b2-412d-a1be-e7c0796f2236,2026-06-04T17:30:00Z,2026-06-04T19:30:00+0200,100.74,EUR/MWh,BE,BE,day_ahead_price,value,2026-06-23T05:42:01Z
2026-06-23T05:41:39Z,2026-06-23T07:41:39+0200,c1c18315-63b2-412d-a1be-e7c0796f2236,2026-06-04T17:45:00Z,2026-06-04T19:45:00+0200,105.04,EUR/MWh,BE,BE,day_ahead_price,value,2026-06-23T05:42:01Z
2026-06-23T05:41:39Z,2026-06-23T07:41:39+0200,c1c18315-63b2-412d-a1be-e7c0796f2236,2026-06-04T18:00:00Z,2026-06-04T20:00:00+0200,98.31,EUR/MWh,BE,BE,day_ahead_price,value,2026-06-23T05:42:01Z
2026-06-23T05:41:39Z,2026-06-23T07:41:39+0200,c1c18315-63b2-412d-a1be-e7c0796f2236,2026-06-04T18:15:00Z,2026-06-04T20:15:00+0200,103.4,EUR/MWh,BE,BE,day_ahead_price,value,2026-06-23T05:42:01Z
2026-06-23T05:41:39Z,2026-06-23T07:41:39+0200,c1c18315-63b2-412d-a1be-e7c0796f2236,2026-06-04T18:30:00Z,2026-06-04T20:30:00+0200,103.4,EUR/MWh,BE,BE,day_ahead_price,value,2026-06-23T05:42:01Z
2026-06-23T05:41:39Z,2026-06-23T07:41:39+0200,c1c18315-63b2-412d-a1be-e7c0796f2236,2026-06-04T18:45:00Z,2026-06-04T20:45:00+0200,107.81,EUR/MWh,BE,BE,day_ahead_price,value,2026-06-23T05:42:01Z
2026-06-23T05:41:39Z,2026-06-23T07:41:39+0200,c1c18315-63b2-412d-a1be-e7c0796f2236,2026-06-04T19:00:00Z,2026-06-04T21:00:00+0200,103.08,EUR/MWh,BE,BE,day_ahead_price,value,2026-06-23T05:42:01Z
2026-06-23T05:41:39Z,2026-06-23T07:41:39+0200,c1c18315-63b2-412d-a1be-e7c0796f2236,2026-06-04T19:15:00Z,2026-06-04T21:15:00+0200,103.49,EUR/MWh,BE,BE,day_ahead_price,value,2026-06-23T05:42:01Z
2026-06-23T05:41:39Z,2026-06-23T07:41:39+0200,c1c18315-63b2-412d-a1be-e7c0796f2236,2026-06-04T19:30:00Z,2026-06-04T21:30:00+0200,103.19,EUR/MWh,BE,BE,day_ahead_price,value,2026-06-23T05:42:01Z
2026-06-23T05:41:39Z,2026-06-23T07:41:39+0200,c1c18315-63b2-412d-a1be-e7c0796f2236,2026-06-04T19:45:00Z,2026-06-04T21:45:00+0200,101.21,EUR/MWh,BE,BE,day_ahead_price,value,2026-06-23T05:42:01Z
2026-06-23T05:41:39Z,2026-06-23T07:41:39+0200,c1c18315-63b2-412d-a1be-e7c0796f2236,2026-06-04T20:00:00Z,2026-06-04T22:00:00+0200,100.99,EUR/MWh,BE,BE,day_ahead_price,value,2026-06-23T05:42:01Z
2026-06-23T05:41:39Z,2026-06-23T07:41:39+0200,c1c18315-63b2-412d-a1be-e7c0796f2236,2026-06-04T20:15:00Z,2026-06-04T22:15:00+0200,98.05,EUR/MWh,BE,BE,day_ahead_price,value,2026-06-23T05:42:01Z
2026-06-23T05:41:39Z,2026-06-23T07:41:39+0200,c1c18315-63b2-412d-a1be-e7c0796f2236,2026-06-04T20:30:00Z,2026-06-04T22:30:00+0200,101.69,EUR/MWh,BE,BE,day_ahead_price,value,2026-06-23T05:42:01Z
2026-06-23T05:41:39Z,2026-06-23T07:41:39+0200,c1c18315-63b2-412d-a1be-e7c0796f2236,2026-06-04T20:45:00Z,2026-06-04T22:45:00+0200,98.47,EUR/MWh,BE,BE,day_ahead_price,value,2026-06-23T05:42:01Z
2026-06-23T05:41:39Z,2026-06-23T07:41:39+0200,c1c18315-63b2-412d-a1be-e7c0796f2236,2026-06-04T21:00:00Z,2026-06-04T23:00:00+0200,94.53,EUR/MWh,BE,BE,day_ahead_price,value,2026-06-23T05:42:01Z
2026-06-23T05:41:39Z,2026-06-23T07:41:39+0200,c1c18315-63b2-412d-a1be-e7c0796f2236,2026-06-04T21:15:00Z,2026-06-04T23:15:00+0200,93.37,EUR/MWh,BE,BE,day_ahead_price,value,2026-06-23T05:42:01Z
2026-06-23T05:41:39Z,2026-06-23T07:41:39+0200,c1c18315-63b2-412d-a1be-e7c0796f2236,2026-06-04T21:30:00Z,2026-06-04T23:30:00+0200,94.62,EUR/MWh,BE,BE,day_ahead_price,value,2026-06-23T05:42:01Z
2026-06-23T05:41:39Z,2026-06-23T07:41:39+0200,c1c18315-63b2-412d-a1be-e7c0796f2236,2026-06-04T21:45:00Z,2026-06-04T23:45:00+0200,89.8,EUR/MWh,BE,BE,day_ahead_price,value,2026-06-23T05:42:01Z
2026-06-23T05:41:39Z,2026-06-23T07:41:39+0200,c1c18315-63b2-412d-a1be-e7c0796f2236,2026-06-04T22:00:00Z,2026-06-05T00:00:00+0200,81.0,EUR/MWh,BE,BE,day_ahead_price,value,2026-06-23T05:42:01Z
2026-06-23T05:41:39Z,2026-06-23T07:41:39+0200,c1c18315-63b2-412d-a1be-e7c0796f2236,2026-06-04T22:15:00Z,2026-06-05T00:15:00+0200,70.62,EUR/MWh,BE,BE,day_ahead_price,value,2026-06-23T05:42:01Z
2026-06-23T05:41:39Z,2026-06-23T07:41:39+0200,c1c18315-63b2-412d-a1be-e7c0796f2236,2026-06-04T22:30:00Z,2026-06-05T00:30:00+0200,67.56,EUR/MWh,BE,BE,day_ahead_price,value,2026-06-23T05:42:01Z
2026-06-23T05:41:39Z,2026-06-23T07:41:39+0200,c1c18315-63b2-412d-a1be-e7c0796f2236,2026-06-04T22:45:00Z,2026-06-05T00:45:00+0200,61.8,EUR/MWh,BE,BE,day_ahead_price,value,2026-06-23T05:42:01Z
2026-06-23T05:41:39Z,2026-06-23T07:41:39+0200,c1c18315-63b2-412d-a1be-e7c0796f2236,2026-06-04T23:00:00Z,2026-06-05T01:00:00+0200,70.85,EUR/MWh,BE,BE,day_ahead_price,value,2026-06-23T05:42:01Z
2026-06-23T05:41:39Z,2026-06-23T07:41:39+0200,c1c18315-63b2-412d-a1be-e7c0796f2236,2026-06-04T23:15:00Z,2026-06-05T01:15:00+0200,66.23,EUR/MWh,BE,BE,day_ahead_price,value,2026-06-23T05:42:01Z
2026-06-23T05:41:39Z,2026-06-23T07:41:39+0200,c1c18315-63b2-412d-a1be-e7c0796f2236,2026-06-04T23:30:00Z,2026-06-05T01:30:00+0200,68.66,EUR/MWh,BE,BE,day_ahead_price,value,2026-06-23T05:42:01Z
2026-06-23T05:41:39Z,2026-06-23T07:41:39+0200,c1c18315-63b2-412d-a1be-e7c0796f2236,2026-06-04T23:45:00Z,2026-06-05T01:45:00+0200,60.0,EUR/MWh,BE,BE,day_ahead_price,value,2026-06-23T05:42:01Z
2026-06-23T05:41:39Z,2026-06-23T07:41:39+0200,c1c18315-63b2-412d-a1be-e7c0796f2236,2026-06-05T00:00:00Z,2026-06-05T02:00:00+0200,62.41,EUR/MWh,BE,BE,day_ahead_price,value,2026-06-23T05:42:01Z
2026-06-23T05:41:39Z,2026-06-23T07:41:39+0200,c1c18315-63b2-412d-a1be-e7c0796f2236,2026-06-05T00:15:00Z,2026-06-05T02:15:00+0200,70.12,EUR/MWh,BE,BE,day_ahead_price,value,2026-06-23T05:42:01Z
2026-06-23T05:41:39Z,2026-06-23T07:41:39+0200,c1c18315-63b2-412d-a1be-e7c0796f2236,2026-06-05T00:30:00Z,2026-06-05T02:30:00+0200,75.53,EUR/MWh,BE,BE,day_ahead_price,value,2026-06-23T05:42:01Z
2026-06-23T05:41:39Z,2026-06-23T07:41:39+0200,c1c18315-63b2-412d-a1be-e7c0796f2236,2026-06-05T00:45:00Z,2026-06-05T02:45:00+0200,76.78,EUR/MWh,BE,BE,day_ahead_price,value,2026-06-23T05:42:01Z
2026-06-23T05:41:39Z,2026-06-23T07:41:39+0200,c1c18315-63b2-412d-a1be-e7c0796f2236,2026-06-05T01:00:00Z,2026-06-05T03:00:00+0200,77.75,EUR/MWh,BE,BE,day_ahead_price,value,2026-06-23T05:42:01Z
2026-06-23T05:41:39Z,2026-06-23T07:41:39+0200,c1c18315-63b2-412d-a1be-e7c0796f2236,2026-06-05T01:15:00Z,2026-06-05T03:15:00+0200,70.21,EUR/MWh,BE,BE,day_ahead_price,value,2026-06-23T05:42:01Z
2026-06-23T05:41:39Z,2026-06-23T07:41:39+0200,c1c18315-63b2-412d-a1be-e7c0796f2236,2026-06-05T01:30:00Z,2026-06-05T03:30:00+0200,66.0,EUR/MWh,BE,BE,day_ahead_price,value,2026-06-23T05:42:01Z
2026-06-23T05:41:39Z,2026-06-23T07:41:39+0200,c1c18315-63b2-412d-a1be-e7c0796f2236,2026-06-05T01:45:00Z,2026-06-05T03:45:00+0200,62.0,EUR/MWh,BE,BE,day_ahead_price,value,2026-06-23T05:42:01Z
2026-06-23T05:41:39Z,2026-06-23T07:41:39+0200,c1c18315-63b2-412d-a1be-e7c0796f2236,2026-06-05T02:00:00Z,2026-06-05T04:00:00+0200,65.1,EUR/MWh,BE,BE,day_ahead_price,value,2026-06-23T05:42:01Z
2026-06-23T05:41:39Z,2026-06-23T07:41:39+0200,c1c18315-63b2-412d-a1be-e7c0796f2236,2026-06-05T02:15:00Z,2026-06-05T04:15:00+0200,71.0,EUR/MWh,BE,BE,day_ahead_price,value,2026-06-23T05:42:01Z
2026-06-23T05:41:39Z,2026-06-23T07:41:39+0200,c1c18315-63b2-412d-a1be-e7c0796f2236,2026-06-05T02:30:00Z,2026-06-05T04:30:00+0200,74.02,EUR/MWh,BE,BE,day_ahead_price,value,2026-06-23T05:42:01Z
2026-06-23T05:41:39Z,2026-06-23T07:41:39+0200,c1c18315-63b2-412d-a1be-e7c0796f2236,2026-06-05T02:45:00Z,2026-06-05T04:45:00+0200,82.84,EUR/MWh,BE,BE,day_ahead_price,value,2026-06-23T05:42:01Z
2026-06-23T05:41:39Z,2026-06-23T07:41:39+0200,c1c18315-63b2-412d-a1be-e7c0796f2236,2026-06-05T03:00:00Z,2026-06-05T05:00:00+0200,71.66,EUR/MWh,BE,BE,day_ahead_price,value,2026-06-23T05:42:01Z
2026-06-23T05:41:39Z,2026-06-23T07:41:39+0200,c1c18315-63b2-412d-a1be-e7c0796f2236,2026-06-05T03:15:00Z,2026-06-05T05:15:00+0200,72.42,EUR/MWh,BE,BE,day_ahead_price,value,2026-06-23T05:42:01Z
2026-06-23T05:41:39Z,2026-06-23T07:41:39+0200,c1c18315-63b2-412d-a1be-e7c0796f2236,2026-06-05T03:30:00Z,2026-06-05T05:30:00+0200,83.53,EUR/MWh,BE,BE,day_ahead_price,value,2026-06-23T05:42:01Z
2026-06-23T05:41:39Z,2026-06-23T07:41:39+0200,c1c18315-63b2-412d-a1be-e7c0796f2236,2026-06-05T03:45:00Z,2026-06-05T05:45:00+0200,93.46,EUR/MWh,BE,BE,day_ahead_price,value,2026-06-23T05:42:01Z
2026-06-23T05:41:39Z,2026-06-23T07:41:39+0200,c1c18315-63b2-412d-a1be-e7c0796f2236,2026-06-05T04:00:00Z,2026-06-05T06:00:00+0200,95.73,EUR/MWh,BE,BE,day_ahead_price,value,2026-06-23T05:42:01Z
2026-06-23T05:41:39Z,2026-06-23T07:41:39+0200,c1c18315-63b2-412d-a1be-e7c0796f2236,2026-06-05T04:15:00Z,2026-06-05T06:15:00+0200,97.8,EUR/MWh,BE,BE,day_ahead_price,value,2026-06-23T05:42:01Z
2026-06-23T05:41:39Z,2026-06-23T07:41:39+0200,c1c18315-63b2-412d-a1be-e7c0796f2236,2026-06-05T04:30:00Z,2026-06-05T06:30:00+0200,93.99,EUR/MWh,BE,BE,day_ahead_price,value,2026-06-23T05:42:01Z
2026-06-23T05:41:39Z,2026-06-23T07:41:39+0200,c1c18315-63b2-412d-a1be-e7c0796f2236,2026-06-05T04:45:00Z,2026-06-05T06:45:00+0200,97.08,EUR/MWh,BE,BE,day_ahead_price,value,2026-06-23T05:42:01Z
2026-06-23T05:41:39Z,2026-06-23T07:41:39+0200,c1c18315-63b2-412d-a1be-e7c0796f2236,2026-06-05T05:00:00Z,2026-06-05T07:00:00+0200,113.62,EUR/MWh,BE,BE,day_ahead_price,value,2026-06-23T05:42:01Z
2026-06-23T05:41:39Z,2026-06-23T07:41:39+0200,c1c18315-63b2-412d-a1be-e7c0796f2236,2026-06-05T05:15:00Z,2026-06-05T07:15:00+0200,109.58,EUR/MWh,BE,BE,day_ahead_price,value,2026-06-23T05:42:01Z
2026-06-23T05:41:39Z,2026-06-23T07:41:39+0200,c1c18315-63b2-412d-a1be-e7c0796f2236,2026-06-05T05:30:00Z,2026-06-05T07:30:00+0200,110.55,EUR/MWh,BE,BE,day_ahead_price,value,2026-06-23T05:42:01Z
2026-06-23T05:41:39Z,2026-06-23T07:41:39+0200,c1c18315-63b2-412d-a1be-e7c0796f2236,2026-06-05T05:45:00Z,2026-06-05T07:45:00+0200,105.28,EUR/MWh,BE,BE,day_ahead_price,value,2026-06-23T05:42:01Z
2026-06-23T05:41:39Z,2026-06-23T07:41:39+0200,c1c18315-63b2-412d-a1be-e7c0796f2236,2026-06-05T06:00:00Z,2026-06-05T08:00:00+0200,120.46,EUR/MWh,BE,BE,day_ahead_price,value,2026-06-23T05:42:01Z
2026-06-23T05:41:39Z,2026-06-23T07:41:39+0200,c1c18315-63b2-412d-a1be-e7c0796f2236,2026-06-05T06:15:00Z,2026-06-05T08:15:00+0200,130.66,EUR/MWh,BE,BE,day_ahead_price,value,2026-06-23T05:42:01Z
2026-06-23T05:41:39Z,2026-06-23T07:41:39+0200,c1c18315-63b2-412d-a1be-e7c0796f2236,2026-06-05T06:30:00Z,2026-06-05T08:30:00+0200,124.16,EUR/MWh,BE,BE,day_ahead_price,value,2026-06-23T05:42:01Z
2026-06-23T05:41:39Z,2026-06-23T07:41:39+0200,c1c18315-63b2-412d-a1be-e7c0796f2236,2026-06-05T06:45:00Z,2026-06-05T08:45:00+0200,125.0,EUR/MWh,BE,BE,day_ahead_price,value,2026-06-23T05:42:01Z
2026-06-23T05:41:39Z,2026-06-23T07:41:39+0200,c1c18315-63b2-412d-a1be-e7c0796f2236,2026-06-05T07:00:00Z,2026-06-05T09:00:00+0200,153.56,EUR/MWh,BE,BE,day_ahead_price,value,2026-06-23T05:42:01Z
2026-06-23T05:41:39Z,2026-06-23T07:41:39+0200,c1c18315-63b2-412d-a1be-e7c0796f2236,2026-06-05T07:15:00Z,2026-06-05T09:15:00+0200,138.59,EUR/MWh,BE,BE,day_ahead_price,value,2026-06-23T05:42:01Z
2026-06-23T05:41:39Z,2026-06-23T07:41:39+0200,c1c18315-63b2-412d-a1be-e7c0796f2236,2026-06-05T07:30:00Z,2026-06-05T09:30:00+0200,109.4,EUR/MWh,BE,BE,day_ahead_price,value,2026-06-23T05:42:01Z
2026-06-23T05:41:39Z,2026-06-23T07:41:39+0200,c1c18315-63b2-412d-a1be-e7c0796f2236,2026-06-05T07:45:00Z,2026-06-05T09:45:00+0200,95.37,EUR/MWh,BE,BE,day_ahead_price,value,2026-06-23T05:42:01Z
2026-06-23T05:41:39Z,2026-06-23T07:41:39+0200,c1c18315-63b2-412d-a1be-e7c0796f2236,2026-06-05T08:00:00Z,2026-06-05T10:00:00+0200,132.12,EUR/MWh,BE,BE,day_ahead_price,value,2026-06-23T05:42:01Z
2026-06-23T05:41:39Z,2026-06-23T07:41:39+0200,c1c18315-63b2-412d-a1be-e7c0796f2236,2026-06-05T08:15:00Z,2026-06-05T10:15:00+0200,100.59,EUR/MWh,BE,BE,day_ahead_price,value,2026-06-23T05:42:01Z
2026-06-23T05:41:39Z,2026-06-23T07:41:39+0200,c1c18315-63b2-412d-a1be-e7c0796f2236,2026-06-05T08:30:00Z,2026-06-05T10:30:00+0200,82.07,EUR/MWh,BE,BE,day_ahead_price,value,2026-06-23T05:42:01Z
2026-06-23T05:41:39Z,2026-06-23T07:41:39+0200,c1c18315-63b2-412d-a1be-e7c0796f2236,2026-06-05T08:45:00Z,2026-06-05T10:45:00+0200,77.18,EUR/MWh,BE,BE,day_ahead_price,value,2026-06-23T05:42:01Z
2026-06-23T05:41:39Z,2026-06-23T07:41:39+0200,c1c18315-63b2-412d-a1be-e7c0796f2236,2026-06-05T09:00:00Z,2026-06-05T11:00:00+0200,89.21,EUR/MWh,BE,BE,day_ahead_price,value,2026-06-23T05:42:01Z
2026-06-23T05:41:39Z,2026-06-23T07:41:39+0200,c1c18315-63b2-412d-a1be-e7c0796f2236,2026-06-05T09:15:00Z,2026-06-05T11:15:00+0200,110.29,EUR/MWh,BE,BE,day_ahead_price,value,2026-06-23T05:42:01Z
2026-06-23T05:41:39Z,2026-06-23T07:41:39+0200,c1c18315-63b2-412d-a1be-e7c0796f2236,2026-06-05T09:30:00Z,2026-06-05T11:30:00+0200,114.0,EUR/MWh,BE,BE,day_ahead_price,value,2026-06-23T05:42:01Z
2026-06-23T05:41:39Z,2026-06-23T07:41:39+0200,c1c18315-63b2-412d-a1be-e7c0796f2236,2026-06-05T09:45:00Z,2026-06-05T11:45:00+0200,100.0,EUR/MWh,BE,BE,day_ahead_price,value,2026-06-23T05:42:01Z
2026-06-23T05:41:39Z,2026-06-23T07:41:39+0200,c1c18315-63b2-412d-a1be-e7c0796f2236,2026-06-05T10:00:00Z,2026-06-05T12:00:00+0200,92.4,EUR/MWh,BE,BE,day_ahead_price,value,2026-06-23T05:42:01Z
2026-06-23T05:41:39Z,2026-06-23T07:41:39+0200,c1c18315-63b2-412d-a1be-e7c0796f2236,2026-06-05T10:15:00Z,2026-06-05T12:15:00+0200,76.18,EUR/MWh,BE,BE,day_ahead_price,value,2026-06-23T05:42:01Z
2026-06-23T05:41:39Z,2026-06-23T07:41:39+0200,c1c18315-63b2-412d-a1be-e7c0796f2236,2026-06-05T10:30:00Z,2026-06-05T12:30:00+0200,70.0,EUR/MWh,BE,BE,day_ahead_price,value,2026-06-23T05:42:01Z
2026-06-23T05:41:39Z,2026-06-23T07:41:39+0200,c1c18315-63b2-412d-a1be-e7c0796f2236,2026-06-05T10:45:00Z,2026-06-05T12:45:00+0200,60.0,EUR/MWh,BE,BE,day_ahead_price,value,2026-06-23T05:42:01Z
2026-06-23T05:41:39Z,2026-06-23T07:41:39+0200,c1c18315-63b2-412d-a1be-e7c0796f2236,2026-06-05T11:00:00Z,2026-06-05T13:00:00+0200,45.25,EUR/MWh,BE,BE,day_ahead_price,value,2026-06-23T05:42:01Z
2026-06-23T05:41:39Z,2026-06-23T07:41:39+0200,c1c18315-63b2-412d-a1be-e7c0796f2236,2026-06-05T11:15:00Z,2026-06-05T13:15:00+0200,39.26,EUR/MWh,BE,BE,day_ahead_price,value,2026-06-23T05:42:01Z
2026-06-23T05:41:39Z,2026-06-23T07:41:39+0200,c1c18315-63b2-412d-a1be-e7c0796f2236,2026-06-05T11:30:00Z,2026-06-05T13:30:00+0200,36.45,EUR/MWh,BE,BE,day_ahead_price,value,2026-06-23T05:42:01Z
2026-06-23T05:41:39Z,2026-06-23T07:41:39+0200,c1c18315-63b2-412d-a1be-e7c0796f2236,2026-06-05T11:45:00Z,2026-06-05T13:45:00+0200,26.74,EUR/MWh,BE,BE,day_ahead_price,value,2026-06-23T05:42:01Z
2026-06-23T05:41:39Z,2026-06-23T07:41:39+0200,c1c18315-63b2-412d-a1be-e7c0796f2236,2026-06-05T12:00:00Z,2026-06-05T14:00:00+0200,23.12,EUR/MWh,BE,BE,day_ahead_price,value,2026-06-23T05:42:01Z
2026-06-23T05:41:39Z,2026-06-23T07:41:39+0200,c1c18315-63b2-412d-a1be-e7c0796f2236,2026-06-05T12:15:00Z,2026-06-05T14:15:00+0200,21.84,EUR/MWh,BE,BE,day_ahead_price,value,2026-06-23T05:42:01Z
2026-06-23T05:41:39Z,2026-06-23T07:41:39+0200,c1c18315-63b2-412d-a1be-e7c0796f2236,2026-06-05T12:30:00Z,2026-06-05T14:30:00+0200,24.05,EUR/MWh,BE,BE,day_ahead_price,value,2026-06-23T05:42:01Z
2026-06-23T05:41:39Z,2026-06-23T07:41:39+0200,c1c18315-63b2-412d-a1be-e7c0796f2236,2026-06-05T12:45:00Z,2026-06-05T14:45:00+0200,27.69,EUR/MWh,BE,BE,day_ahead_price,value,2026-06-23T05:42:01Z
2026-06-23T05:41:39Z,2026-06-23T07:41:39+0200,c1c18315-63b2-412d-a1be-e7c0796f2236,2026-06-05T13:00:00Z,2026-06-05T15:00:00+0200,14.03,EUR/MWh,BE,BE,day_ahead_price,value,2026-06-23T05:42:01Z
2026-06-23T05:41:39Z,2026-06-23T07:41:39+0200,c1c18315-63b2-412d-a1be-e7c0796f2236,2026-06-05T13:15:00Z,2026-06-05T15:15:00+0200,24.09,EUR/MWh,BE,BE,day_ahead_price,value,2026-06-23T05:42:01Z
2026-06-23T05:41:39Z,2026-06-23T07:41:39+0200,c1c18315-63b2-412d-a1be-e7c0796f2236,2026-06-05T13:30:00Z,2026-06-05T15:30:00+0200,39.18,EUR/MWh,BE,BE,day_ahead_price,value,2026-06-23T05:42:01Z
2026-06-23T05:41:39Z,2026-06-23T07:41:39+0200,c1c18315-63b2-412d-a1be-e7c0796f2236,2026-06-05T13:45:00Z,2026-06-05T15:45:00+0200,59.43,EUR/MWh,BE,BE,day_ahead_price,value,2026-06-23T05:42:01Z
2026-06-23T05:41:39Z,2026-06-23T07:41:39+0200,c1c18315-63b2-412d-a1be-e7c0796f2236,2026-06-05T14:00:00Z,2026-06-05T16:00:00+0200,40.32,EUR/MWh,BE,BE,day_ahead_price,value,2026-06-23T05:42:01Z
2026-06-23T05:41:39Z,2026-06-23T07:41:39+0200,c1c18315-63b2-412d-a1be-e7c0796f2236,2026-06-05T14:15:00Z,2026-06-05T16:15:00+0200,53.72,EUR/MWh,BE,BE,day_ahead_price,value,2026-06-23T05:42:01Z
2026-06-23T05:41:39Z,2026-06-23T07:41:39+0200,c1c18315-63b2-412d-a1be-e7c0796f2236,2026-06-05T14:30:00Z,2026-06-05T16:30:00+0200,69.67,EUR/MWh,BE,BE,day_ahead_price,value,2026-06-23T05:42:01Z
2026-06-23T05:41:39Z,2026-06-23T07:41:39+0200,c1c18315-63b2-412d-a1be-e7c0796f2236,2026-06-05T14:45:00Z,2026-06-05T16:45:00+0200,90.82,EUR/MWh,BE,BE,day_ahead_price,value,2026-06-23T05:42:01Z
2026-06-23T05:41:39Z,2026-06-23T07:41:39+0200,c1c18315-63b2-412d-a1be-e7c0796f2236,2026-06-05T15:00:00Z,2026-06-05T17:00:00+0200,64.3,EUR/MWh,BE,BE,day_ahead_price,value,2026-06-23T05:42:01Z
2026-06-23T05:41:39Z,2026-06-23T07:41:39+0200,c1c18315-63b2-412d-a1be-e7c0796f2236,2026-06-05T15:15:00Z,2026-06-05T17:15:00+0200,86.12,EUR/MWh,BE,BE,day_ahead_price,value,2026-06-23T05:42:01Z
2026-06-23T05:41:39Z,2026-06-23T07:41:39+0200,c1c18315-63b2-412d-a1be-e7c0796f2236,2026-06-05T15:30:00Z,2026-06-05T17:30:00+0200,102.7,EUR/MWh,BE,BE,day_ahead_price,value,2026-06-23T05:42:01Z
2026-06-23T05:41:39Z,2026-06-23T07:41:39+0200,c1c18315-63b2-412d-a1be-e7c0796f2236,2026-06-05T15:45:00Z,2026-06-05T17:45:00+0200,119.41,EUR/MWh,BE,BE,day_ahead_price,value,2026-06-23T05:42:01Z
2026-06-23T05:41:39Z,2026-06-23T07:41:39+0200,c1c18315-63b2-412d-a1be-e7c0796f2236,2026-06-05T16:00:00Z,2026-06-05T18:00:00+0200,90.73,EUR/MWh,BE,BE,day_ahead_price,value,2026-06-23T05:42:01Z
2026-06-23T05:41:39Z,2026-06-23T07:41:39+0200,c1c18315-63b2-412d-a1be-e7c0796f2236,2026-06-05T16:15:00Z,2026-06-05T18:15:00+0200,111.37,EUR/MWh,BE,BE,day_ahead_price,value,2026-06-23T05:42:01Z
2026-06-23T05:41:39Z,2026-06-23T07:41:39+0200,c1c18315-63b2-412d-a1be-e7c0796f2236,2026-06-05T16:30:00Z,2026-06-05T18:30:00+0200,124.07,EUR/MWh,BE,BE,day_ahead_price,value,2026-06-23T05:42:01Z
2026-06-23T05:41:39Z,2026-06-23T07:41:39+0200,c1c18315-63b2-412d-a1be-e7c0796f2236,2026-06-05T16:45:00Z,2026-06-05T18:45:00+0200,144.35,EUR/MWh,BE,BE,day_ahead_price,value,2026-06-23T05:42:01Z
2026-06-23T05:41:39Z,2026-06-23T07:41:39+0200,c1c18315-63b2-412d-a1be-e7c0796f2236,2026-06-05T17:00:00Z,2026-06-05T19:00:00+0200,117.34,EUR/MWh,BE,BE,day_ahead_price,value,2026-06-23T05:42:01Z
2026-06-23T05:41:39Z,2026-06-23T07:41:39+0200,c1c18315-63b2-412d-a1be-e7c0796f2236,2026-06-05T17:15:00Z,2026-06-05T19:15:00+0200,134.2,EUR/MWh,BE,BE,day_ahead_price,value,2026-06-23T05:42:01Z
2026-06-23T05:41:39Z,2026-06-23T07:41:39+0200,c1c18315-63b2-412d-a1be-e7c0796f2236,2026-06-05T17:30:00Z,2026-06-05T19:30:00+0200,151.89,EUR/MWh,BE,BE,day_ahead_price,value,2026-06-23T05:42:01Z
2026-06-23T05:41:39Z,2026-06-23T07:41:39+0200,c1c18315-63b2-412d-a1be-e7c0796f2236,2026-06-05T17:45:00Z,2026-06-05T19:45:00+0200,165.3,EUR/MWh,BE,BE,day_ahead_price,value,2026-06-23T05:42:01Z
2026-06-23T05:41:39Z,2026-06-23T07:41:39+0200,c1c18315-63b2-412d-a1be-e7c0796f2236,2026-06-05T18:00:00Z,2026-06-05T20:00:00+0200,149.7,EUR/MWh,BE,BE,day_ahead_price,value,2026-06-23T05:42:01Z
2026-06-23T05:41:39Z,2026-06-23T07:41:39+0200,c1c18315-63b2-412d-a1be-e7c0796f2236,2026-06-05T18:15:00Z,2026-06-05T20:15:00+0200,157.25,EUR/MWh,BE,BE,day_ahead_price,value,2026-06-23T05:42:01Z
2026-06-23T05:41:39Z,2026-06-23T07:41:39+0200,c1c18315-63b2-412d-a1be-e7c0796f2236,2026-06-05T18:30:00Z,2026-06-05T20:30:00+0200,172.48,EUR/MWh,BE,BE,day_ahead_price,value,2026-06-23T05:42:01Z
2026-06-23T05:41:39Z,2026-06-23T07:41:39+0200,c1c18315-63b2-412d-a1be-e7c0796f2236,2026-06-05T18:45:00Z,2026-06-05T20:45:00+0200,177.37,EUR/MWh,BE,BE,day_ahead_price,value,2026-06-23T05:42:01Z
2026-06-23T05:41:39Z,2026-06-23T07:41:39+0200,c1c18315-63b2-412d-a1be-e7c0796f2236,2026-06-05T19:00:00Z,2026-06-05T21:00:00+0200,179.16,EUR/MWh,BE,BE,day_ahead_price,value,2026-06-23T05:42:01Z
2026-06-23T05:41:39Z,2026-06-23T07:41:39+0200,c1c18315-63b2-412d-a1be-e7c0796f2236,2026-06-05T19:15:00Z,2026-06-05T21:15:00+0200,178.59,EUR/MWh,BE,BE,day_ahead_price,value,2026-06-23T05:42:01Z
2026-06-23T05:41:39Z,2026-06-23T07:41:39+0200,c1c18315-63b2-412d-a1be-e7c0796f2236,2026-06-05T19:30:00Z,2026-06-05T21:30:00+0200,176.8,EUR/MWh,BE,BE,day_ahead_price,value,2026-06-23T05:42:01Z
2026-06-23T05:41:39Z,2026-06-23T07:41:39+0200,c1c18315-63b2-412d-a1be-e7c0796f2236,2026-06-05T19:45:00Z,2026-06-05T21:45:00+0200,165.52,EUR/MWh,BE,BE,day_ahead_price,value,2026-06-23T05:42:01Z
2026-06-23T05:41:39Z,2026-06-23T07:41:39+0200,c1c18315-63b2-412d-a1be-e7c0796f2236,2026-06-05T20:00:00Z,2026-06-05T22:00:00+0200,172.09,EUR/MWh,BE,BE,day_ahead_price,value,2026-06-23T05:42:01Z
2026-06-23T05:41:39Z,2026-06-23T07:41:39+0200,c1c18315-63b2-412d-a1be-e7c0796f2236,2026-06-05T20:15:00Z,2026-06-05T22:15:00+0200,170.15,EUR/MWh,BE,BE,day_ahead_price,value,2026-06-23T05:42:01Z
2026-06-23T05:41:39Z,2026-06-23T07:41:39+0200,c1c18315-63b2-412d-a1be-e7c0796f2236,2026-06-05T20:30:00Z,2026-06-05T22:30:00+0200,157.51,EUR/MWh,BE,BE,day_ahead_price,value,2026-06-23T05:42:01Z
2026-06-23T05:41:39Z,2026-06-23T07:41:39+0200,c1c18315-63b2-412d-a1be-e7c0796f2236,2026-06-05T20:45:00Z,2026-06-05T22:45:00+0200,152.4,EUR/MWh,BE,BE,day_ahead_price,value,2026-06-23T05:42:01Z
2026-06-23T05:41:39Z,2026-06-23T07:41:39+0200,c1c18315-63b2-412d-a1be-e7c0796f2236,2026-06-05T21:00:00Z,2026-06-05T23:00:00+0200,156.53,EUR/MWh,BE,BE,day_ahead_price,value,2026-06-23T05:42:01Z
2026-06-23T05:41:39Z,2026-06-23T07:41:39+0200,c1c18315-63b2-412d-a1be-e7c0796f2236,2026-06-05T21:15:00Z,2026-06-05T23:15:00+0200,154.46,EUR/MWh,BE,BE,day_ahead_price,value,2026-06-23T05:42:01Z
2026-06-23T05:41:39Z,2026-06-23T07:41:39+0200,c1c18315-63b2-412d-a1be-e7c0796f2236,2026-06-05T21:30:00Z,2026-06-05T23:30:00+0200,149.03,EUR/MWh,BE,BE,day_ahead_price,value,2026-06-23T05:42:01Z
2026-06-23T05:41:39Z,2026-06-23T07:41:39+0200,c1c18315-63b2-412d-a1be-e7c0796f2236,2026-06-05T21:45:00Z,2026-06-05T23:45:00+0200,142.63,EUR/MWh,BE,BE,day_ahead_price,value,2026-06-23T05:42:01Z
2026-06-23T05:41:39Z,2026-06-23T07:41:39+0200,c1c18315-63b2-412d-a1be-e7c0796f2236,2026-06-05T22:00:00Z,2026-06-06T00:00:00+0200,164.24,EUR/MWh,BE,BE,day_ahead_price,value,2026-06-23T05:42:01Z
2026-06-23T05:41:39Z,2026-06-23T07:41:39+0200,c1c18315-63b2-412d-a1be-e7c0796f2236,2026-06-05T22:15:00Z,2026-06-06T00:15:00+0200,149.0,EUR/MWh,BE,BE,day_ahead_price,value,2026-06-23T05:42:01Z
2026-06-23T05:41:39Z,2026-06-23T07:41:39+0200,c1c18315-63b2-412d-a1be-e7c0796f2236,2026-06-05T22:30:00Z,2026-06-06T00:30:00+0200,140.77,EUR/MWh,BE,BE,day_ahead_price,value,2026-06-23T05:42:01Z
2026-06-23T05:41:39Z,2026-06-23T07:41:39+0200,c1c18315-63b2-412d-a1be-e7c0796f2236,2026-06-05T22:45:00Z,2026-06-06T00:45:00+0200,126.33,EUR/MWh,BE,BE,day_ahead_price,value,2026-06-23T05:42:01Z
2026-06-23T05:41:39Z,2026-06-23T07:41:39+0200,c1c18315-63b2-412d-a1be-e7c0796f2236,2026-06-05T23:00:00Z,2026-06-06T01:00:00+0200,134.32,EUR/MWh,BE,BE,day_ahead_price,value,2026-06-23T05:42:01Z
2026-06-23T05:41:39Z,2026-06-23T07:41:39+0200,c1c18315-63b2-412d-a1be-e7c0796f2236,2026-06-05T23:15:00Z,2026-06-06T01:15:00+0200,130.83,EUR/MWh,BE,BE,day_ahead_price,value,2026-06-23T05:42:01Z
2026-06-23T05:41:39Z,2026-06-23T07:41:39+0200,c1c18315-63b2-412d-a1be-e7c0796f2236,2026-06-05T23:30:00Z,2026-06-06T01:30:00+0200,128.64,EUR/MWh,BE,BE,day_ahead_price,value,2026-06-23T05:42:01Z
2026-06-23T05:41:39Z,2026-06-23T07:41:39+0200,c1c18315-63b2-412d-a1be-e7c0796f2236,2026-06-05T23:45:00Z,2026-06-06T01:45:00+0200,129.55,EUR/MWh,BE,BE,day_ahead_price,value,2026-06-23T05:42:01Z
2026-06-23T05:41:39Z,2026-06-23T07:41:39+0200,c1c18315-63b2-412d-a1be-e7c0796f2236,2026-06-06T00:00:00Z,2026-06-06T02:00:00+0200,128.94,EUR/MWh,BE,BE,day_ahead_price,value,2026-06-23T05:42:01Z
2026-06-23T05:41:39Z,2026-06-23T07:41:39+0200,c1c18315-63b2-412d-a1be-e7c0796f2236,2026-06-06T00:15:00Z,2026-06-06T02:15:00+0200,127.36,EUR/MWh,BE,BE,day_ahead_price,value,2026-06-23T05:42:01Z
2026-06-23T05:41:39Z,2026-06-23T07:41:39+0200,c1c18315-63b2-412d-a1be-e7c0796f2236,2026-06-06T00:30:00Z,2026-06-06T02:30:00+0200,124.2,EUR/MWh,BE,BE,day_ahead_price,value,2026-06-23T05:42:01Z
2026-06-23T05:41:39Z,2026-06-23T07:41:39+0200,c1c18315-63b2-412d-a1be-e7c0796f2236,2026-06-06T00:45:00Z,2026-06-06T02:45:00+0200,121.19,EUR/MWh,BE,BE,day_ahead_price,value,2026-06-23T05:42:01Z
2026-06-23T05:41:39Z,2026-06-23T07:41:39+0200,c1c18315-63b2-412d-a1be-e7c0796f2236,2026-06-06T01:00:00Z,2026-06-06T03:00:00+0200,136.26,EUR/MWh,BE,BE,day_ahead_price,value,2026-06-23T05:42:01Z
2026-06-23T05:41:39Z,2026-06-23T07:41:39+0200,c1c18315-63b2-412d-a1be-e7c0796f2236,2026-06-06T01:15:00Z,2026-06-06T03:15:00+0200,121.28,EUR/MWh,BE,BE,day_ahead_price,value,2026-06-23T05:42:01Z
2026-06-23T05:41:39Z,2026-06-23T07:41:39+0200,c1c18315-63b2-412d-a1be-e7c0796f2236,2026-06-06T01:30:00Z,2026-06-06T03:30:00+0200,121.77,EUR/MWh,BE,BE,day_ahead_price,value,2026-06-23T05:42:01Z
2026-06-23T05:41:39Z,2026-06-23T07:41:39+0200,c1c18315-63b2-412d-a1be-e7c0796f2236,2026-06-06T01:45:00Z,2026-06-06T03:45:00+0200,134.85,EUR/MWh,BE,BE,day_ahead_price,value,2026-06-23T05:42:01Z
2026-06-23T05:41:39Z,2026-06-23T07:41:39+0200,c1c18315-63b2-412d-a1be-e7c0796f2236,2026-06-06T02:00:00Z,2026-06-06T04:00:00+0200,116.37,EUR/MWh,BE,BE,day_ahead_price,value,2026-06-23T05:42:01Z
2026-06-23T05:41:39Z,2026-06-23T07:41:39+0200,c1c18315-63b2-412d-a1be-e7c0796f2236,2026-06-06T02:15:00Z,2026-06-06T04:15:00+0200,117.5,EUR/MWh,BE,BE,day_ahead_price,value,2026-06-23T05:42:01Z
2026-06-23T05:41:39Z,2026-06-23T07:41:39+0200,c1c18315-63b2-412d-a1be-e7c0796f2236,2026-06-06T02:30:00Z,2026-06-06T04:30:00+0200,118.13,EUR/MWh,BE,BE,day_ahead_price,value,2026-06-23T05:42:01Z
2026-06-23T05:41:39Z,2026-06-23T07:41:39+0200,c1c18315-63b2-412d-a1be-e7c0796f2236,2026-06-06T02:45:00Z,2026-06-06T04:45:00+0200,119.19,EUR/MWh,BE,BE,day_ahead_price,value,2026-06-23T05:42:01Z
2026-06-23T05:41:39Z,2026-06-23T07:41:39+0200,c1c18315-63b2-412d-a1be-e7c0796f2236,2026-06-06T03:00:00Z,2026-06-06T05:00:00+0200,124.16,EUR/MWh,BE,BE,day_ahead_price,value,2026-06-23T05:42:01Z
2026-06-23T05:41:39Z,2026-06-23T07:41:39+0200,c1c18315-63b2-412d-a1be-e7c0796f2236,2026-06-06T03:15:00Z,2026-06-06T05:15:00+0200,117.6,EUR/MWh,BE,BE,day_ahead_price,value,2026-06-23T05:42:01Z
2026-06-23T05:41:39Z,2026-06-23T07:41:39+0200,c1c18315-63b2-412d-a1be-e7c0796f2236,2026-06-06T03:30:00Z,2026-06-06T05:30:00+0200,114.35,EUR/MWh,BE,BE,day_ahead_price,value,2026-06-23T05:42:01Z
2026-06-23T05:41:39Z,2026-06-23T07:41:39+0200,c1c18315-63b2-412d-a1be-e7c0796f2236,2026-06-06T03:45:00Z,2026-06-06T05:45:00+0200,111.42,EUR/MWh,BE,BE,day_ahead_price,value,2026-06-23T05:42:01Z
2026-06-23T05:41:39Z,2026-06-23T07:41:39+0200,c1c18315-63b2-412d-a1be-e7c0796f2236,2026-06-06T04:00:00Z,2026-06-06T06:00:00+0200,121.61,EUR/MWh,BE,BE,day_ahead_price,value,2026-06-23T05:42:01Z
2026-06-23T05:41:39Z,2026-06-23T07:41:39+0200,c1c18315-63b2-412d-a1be-e7c0796f2236,2026-06-06T04:15:00Z,2026-06-06T06:15:00+0200,116.82,EUR/MWh,BE,BE,day_ahead_price,value,2026-06-23T05:42:01Z
2026-06-23T05:41:39Z,2026-06-23T07:41:39+0200,c1c18315-63b2-412d-a1be-e7c0796f2236,2026-06-06T04:30:00Z,2026-06-06T06:30:00+0200,111.9,EUR/MWh,BE,BE,day_ahead_price,value,2026-06-23T05:42:01Z
2026-06-23T05:41:39Z,2026-06-23T07:41:39+0200,c1c18315-63b2-412d-a1be-e7c0796f2236,2026-06-06T04:45:00Z,2026-06-06T06:45:00+0200,106.55,EUR/MWh,BE,BE,day_ahead_price,value,2026-06-23T05:42:01Z
2026-06-23T05:41:39Z,2026-06-23T07:41:39+0200,c1c18315-63b2-412d-a1be-e7c0796f2236,2026-06-06T05:00:00Z,2026-06-06T07:00:00+0200,123.33,EUR/MWh,BE,BE,day_ahead_price,value,2026-06-23T05:42:01Z
2026-06-23T05:41:39Z,2026-06-23T07:41:39+0200,c1c18315-63b2-412d-a1be-e7c0796f2236,2026-06-06T05:15:00Z,2026-06-06T07:15:00+0200,113.3,EUR/MWh,BE,BE,day_ahead_price,value,2026-06-23T05:42:01Z
2026-06-23T05:41:39Z,2026-06-23T07:41:39+0200,c1c18315-63b2-412d-a1be-e7c0796f2236,2026-06-06T05:30:00Z,2026-06-06T07:30:00+0200,98.4,EUR/MWh,BE,BE,day_ahead_price,value,2026-06-23T05:42:01Z
2026-06-23T05:41:39Z,2026-06-23T07:41:39+0200,c1c18315-63b2-412d-a1be-e7c0796f2236,2026-06-06T05:45:00Z,2026-06-06T07:45:00+0200,77.65,EUR/MWh,BE,BE,day_ahead_price,value,2026-06-23T05:42:01Z
2026-06-23T05:41:39Z,2026-06-23T07:41:39+0200,c1c18315-63b2-412d-a1be-e7c0796f2236,2026-06-06T06:00:00Z,2026-06-06T08:00:00+0200,105.29,EUR/MWh,BE,BE,day_ahead_price,value,2026-06-23T05:42:01Z
2026-06-23T05:41:39Z,2026-06-23T07:41:39+0200,c1c18315-63b2-412d-a1be-e7c0796f2236,2026-06-06T06:15:00Z,2026-06-06T08:15:00+0200,93.6,EUR/MWh,BE,BE,day_ahead_price,value,2026-06-23T05:42:01Z
2026-06-23T05:41:39Z,2026-06-23T07:41:39+0200,c1c18315-63b2-412d-a1be-e7c0796f2236,2026-06-06T06:30:00Z,2026-06-06T08:30:00+0200,92.44,EUR/MWh,BE,BE,day_ahead_price,value,2026-06-23T05:42:01Z
2026-06-23T05:41:39Z,2026-06-23T07:41:39+0200,c1c18315-63b2-412d-a1be-e7c0796f2236,2026-06-06T06:45:00Z,2026-06-06T08:45:00+0200,79.08,EUR/MWh,BE,BE,day_ahead_price,value,2026-06-23T05:42:01Z
2026-06-23T05:41:39Z,2026-06-23T07:41:39+0200,c1c18315-63b2-412d-a1be-e7c0796f2236,2026-06-06T07:00:00Z,2026-06-06T09:00:00+0200,130.49,EUR/MWh,BE,BE,day_ahead_price,value,2026-06-23T05:42:01Z
2026-06-23T05:41:39Z,2026-06-23T07:41:39+0200,c1c18315-63b2-412d-a1be-e7c0796f2236,2026-06-06T07:15:00Z,2026-06-06T09:15:00+0200,110.0,EUR/MWh,BE,BE,day_ahead_price,value,2026-06-23T05:42:01Z
2026-06-23T05:41:39Z,2026-06-23T07:41:39+0200,c1c18315-63b2-412d-a1be-e7c0796f2236,2026-06-06T07:30:00Z,2026-06-06T09:30:00+0200,67.2,EUR/MWh,BE,BE,day_ahead_price,value,2026-06-23T05:42:01Z
2026-06-23T05:41:39Z,2026-06-23T07:41:39+0200,c1c18315-63b2-412d-a1be-e7c0796f2236,2026-06-06T07:45:00Z,2026-06-06T09:45:00+0200,26.59,EUR/MWh,BE,BE,day_ahead_price,value,2026-06-23T05:42:01Z
2026-06-23T05:41:39Z,2026-06-23T07:41:39+0200,c1c18315-63b2-412d-a1be-e7c0796f2236,2026-06-06T08:00:00Z,2026-06-06T10:00:00+0200,93.95,EUR/MWh,BE,BE,day_ahead_price,value,2026-06-23T05:42:01Z
2026-06-23T05:41:39Z,2026-06-23T07:41:39+0200,c1c18315-63b2-412d-a1be-e7c0796f2236,2026-06-06T08:15:00Z,2026-06-06T10:15:00+0200,55.12,EUR/MWh,BE,BE,day_ahead_price,value,2026-06-23T05:42:01Z
2026-06-23T05:41:39Z,2026-06-23T07:41:39+0200,c1c18315-63b2-412d-a1be-e7c0796f2236,2026-06-06T08:30:00Z,2026-06-06T10:30:00+0200,27.26,EUR/MWh,BE,BE,day_ahead_price,value,2026-06-23T05:42:01Z
2026-06-23T05:41:39Z,2026-06-23T07:41:39+0200,c1c18315-63b2-412d-a1be-e7c0796f2236,2026-06-06T08:45:00Z,2026-06-06T10:45:00+0200,0.11,EUR/MWh,BE,BE,day_ahead_price,value,2026-06-23T05:42:01Z
2026-06-23T05:41:39Z,2026-06-23T07:41:39+0200,c1c18315-63b2-412d-a1be-e7c0796f2236,2026-06-06T09:00:00Z,2026-06-06T11:00:00+0200,0.35,EUR/MWh,BE,BE,day_ahead_price,value,2026-06-23T05:42:01Z
2026-06-23T05:41:39Z,2026-06-23T07:41:39+0200,c1c18315-63b2-412d-a1be-e7c0796f2236,2026-06-06T09:15:00Z,2026-06-06T11:15:00+0200,0.23,EUR/MWh,BE,BE,day_ahead_price,value,2026-06-23T05:42:01Z
2026-06-23T05:41:39Z,2026-06-23T07:41:39+0200,c1c18315-63b2-412d-a1be-e7c0796f2236,2026-06-06T09:30:00Z,2026-06-06T11:30:00+0200,0.23,EUR/MWh,BE,BE,day_ahead_price,value,2026-06-23T05:42:01Z
2026-06-23T05:41:39Z,2026-06-23T07:41:39+0200,c1c18315-63b2-412d-a1be-e7c0796f2236,2026-06-06T09:45:00Z,2026-06-06T11:45:00+0200,0.14,EUR/MWh,BE,BE,day_ahead_price,value,2026-06-23T05:42:01Z
2026-06-23T05:41:39Z,2026-06-23T07:41:39+0200,c1c18315-63b2-412d-a1be-e7c0796f2236,2026-06-06T10:00:00Z,2026-06-06T12:00:00+0200,0.11,EUR/MWh,BE,BE,day_ahead_price,value,2026-06-23T05:42:01Z
2026-06-23T05:41:39Z,2026-06-23T07:41:39+0200,c1c18315-63b2-412d-a1be-e7c0796f2236,2026-06-06T10:15:00Z,2026-06-06T12:15:00+0200,0.04,EUR/MWh,BE,BE,day_ahead_price,value,2026-06-23T05:42:01Z
2026-06-23T05:41:39Z,2026-06-23T07:41:39+0200,c1c18315-63b2-412d-a1be-e7c0796f2236,2026-06-06T10:30:00Z,2026-06-06T12:30:00+0200,0.0,EUR/MWh,BE,BE,day_ahead_price,value,2026-06-23T05:42:01Z
2026-06-23T05:41:39Z,2026-06-23T07:41:39+0200,c1c18315-63b2-412d-a1be-e7c0796f2236,2026-06-06T10:45:00Z,2026-06-06T12:45:00+0200,-0.05,EUR/MWh,BE,BE,day_ahead_price,value,2026-06-23T05:42:01Z
2026-06-23T05:41:39Z,2026-06-23T07:41:39+0200,c1c18315-63b2-412d-a1be-e7c0796f2236,2026-06-06T11:00:00Z,2026-06-06T13:00:00+0200,0.0,EUR/MWh,BE,BE,day_ahead_price,value,2026-06-23T05:42:01Z
2026-06-23T05:41:39Z,2026-06-23T07:41:39+0200,c1c18315-63b2-412d-a1be-e7c0796f2236,2026-06-06T11:15:00Z,2026-06-06T13:15:00+0200,0.02,EUR/MWh,BE,BE,day_ahead_price,value,2026-06-23T05:42:01Z
2026-06-23T05:41:39Z,2026-06-23T07:41:39+0200,c1c18315-63b2-412d-a1be-e7c0796f2236,2026-06-06T11:30:00Z,2026-06-06T13:30:00+0200,0.02,EUR/MWh,BE,BE,day_ahead_price,value,2026-06-23T05:42:01Z
2026-06-23T05:41:39Z,2026-06-23T07:41:39+0200,c1c18315-63b2-412d-a1be-e7c0796f2236,2026-06-06T11:45:00Z,2026-06-06T13:45:00+0200,0.03,EUR/MWh,BE,BE,day_ahead_price,value,2026-06-23T05:42:01Z
2026-06-23T05:41:39Z,2026-06-23T07:41:39+0200,c1c18315-63b2-412d-a1be-e7c0796f2236,2026-06-06T12:00:00Z,2026-06-06T14:00:00+0200,0.05,EUR/MWh,BE,BE,day_ahead_price,value,2026-06-23T05:42:01Z
2026-06-23T05:41:39Z,2026-06-23T07:41:39+0200,c1c18315-63b2-412d-a1be-e7c0796f2236,2026-06-06T12:15:00Z,2026-06-06T14:15:00+0200,0.14,EUR/MWh,BE,BE,day_ahead_price,value,2026-06-23T05:42:01Z
2026-06-23T05:41:39Z,2026-06-23T07:41:39+0200,c1c18315-63b2-412d-a1be-e7c0796f2236,2026-06-06T12:30:00Z,2026-06-06T14:30:00+0200,0.22,EUR/MWh,BE,BE,day_ahead_price,value,2026-06-23T05:42:01Z
2026-06-23T05:41:39Z,2026-06-23T07:41:39+0200,c1c18315-63b2-412d-a1be-e7c0796f2236,2026-06-06T12:45:00Z,2026-06-06T14:45:00+0200,0.38,EUR/MWh,BE,BE,day_ahead_price,value,2026-06-23T05:42:01Z
2026-06-23T05:41:39Z,2026-06-23T07:41:39+0200,c1c18315-63b2-412d-a1be-e7c0796f2236,2026-06-06T13:00:00Z,2026-06-06T15:00:00+0200,4.6,EUR/MWh,BE,BE,day_ahead_price,value,2026-06-23T05:42:01Z
2026-06-23T05:41:39Z,2026-06-23T07:41:39+0200,c1c18315-63b2-412d-a1be-e7c0796f2236,2026-06-06T13:15:00Z,2026-06-06T15:15:00+0200,16.06,EUR/MWh,BE,BE,day_ahead_price,value,2026-06-23T05:42:01Z
2026-06-23T05:41:39Z,2026-06-23T07:41:39+0200,c1c18315-63b2-412d-a1be-e7c0796f2236,2026-06-06T13:30:00Z,2026-06-06T15:30:00+0200,22.3,EUR/MWh,BE,BE,day_ahead_price,value,2026-06-23T05:42:01Z
2026-06-23T05:41:39Z,2026-06-23T07:41:39+0200,c1c18315-63b2-412d-a1be-e7c0796f2236,2026-06-06T13:45:00Z,2026-06-06T15:45:00+0200,51.9,EUR/MWh,BE,BE,day_ahead_price,value,2026-06-23T05:42:01Z
2026-06-23T05:41:39Z,2026-06-23T07:41:39+0200,c1c18315-63b2-412d-a1be-e7c0796f2236,2026-06-06T14:00:00Z,2026-06-06T16:00:00+0200,13.33,EUR/MWh,BE,BE,day_ahead_price,value,2026-06-23T05:42:01Z
2026-06-23T05:41:39Z,2026-06-23T07:41:39+0200,c1c18315-63b2-412d-a1be-e7c0796f2236,2026-06-06T14:15:00Z,2026-06-06T16:15:00+0200,36.86,EUR/MWh,BE,BE,day_ahead_price,value,2026-06-23T05:42:01Z
2026-06-23T05:41:39Z,2026-06-23T07:41:39+0200,c1c18315-63b2-412d-a1be-e7c0796f2236,2026-06-06T14:30:00Z,2026-06-06T16:30:00+0200,50.39,EUR/MWh,BE,BE,day_ahead_price,value,2026-06-23T05:42:01Z
2026-06-23T05:41:39Z,2026-06-23T07:41:39+0200,c1c18315-63b2-412d-a1be-e7c0796f2236,2026-06-06T14:45:00Z,2026-06-06T16:45:00+0200,63.9,EUR/MWh,BE,BE,day_ahead_price,value,2026-06-23T05:42:01Z
2026-06-23T05:41:39Z,2026-06-23T07:41:39+0200,c1c18315-63b2-412d-a1be-e7c0796f2236,2026-06-06T15:00:00Z,2026-06-06T17:00:00+0200,64.97,EUR/MWh,BE,BE,day_ahead_price,value,2026-06-23T05:42:01Z
2026-06-23T05:41:39Z,2026-06-23T07:41:39+0200,c1c18315-63b2-412d-a1be-e7c0796f2236,2026-06-06T15:15:00Z,2026-06-06T17:15:00+0200,82.11,EUR/MWh,BE,BE,day_ahead_price,value,2026-06-23T05:42:01Z
2026-06-23T05:41:39Z,2026-06-23T07:41:39+0200,c1c18315-63b2-412d-a1be-e7c0796f2236,2026-06-06T15:30:00Z,2026-06-06T17:30:00+0200,98.85,EUR/MWh,BE,BE,day_ahead_price,value,2026-06-23T05:42:01Z
2026-06-23T05:41:39Z,2026-06-23T07:41:39+0200,c1c18315-63b2-412d-a1be-e7c0796f2236,2026-06-06T15:45:00Z,2026-06-06T17:45:00+0200,117.78,EUR/MWh,BE,BE,day_ahead_price,value,2026-06-23T05:42:01Z
2026-06-23T05:41:39Z,2026-06-23T07:41:39+0200,c1c18315-63b2-412d-a1be-e7c0796f2236,2026-06-06T16:00:00Z,2026-06-06T18:00:00+0200,109.07,EUR/MWh,BE,BE,day_ahead_price,value,2026-06-23T05:42:01Z
2026-06-23T05:41:39Z,2026-06-23T07:41:39+0200,c1c18315-63b2-412d-a1be-e7c0796f2236,2026-06-06T16:15:00Z,2026-06-06T18:15:00+0200,115.48,EUR/MWh,BE,BE,day_ahead_price,value,2026-06-23T05:42:01Z
2026-06-23T05:41:39Z,2026-06-23T07:41:39+0200,c1c18315-63b2-412d-a1be-e7c0796f2236,2026-06-06T16:30:00Z,2026-06-06T18:30:00+0200,122.34,EUR/MWh,BE,BE,day_ahead_price,value,2026-06-23T05:42:01Z
2026-06-23T05:41:39Z,2026-06-23T07:41:39+0200,c1c18315-63b2-412d-a1be-e7c0796f2236,2026-06-06T16:45:00Z,2026-06-06T18:45:00+0200,113.06,EUR/MWh,BE,BE,day_ahead_price,value,2026-06-23T05:42:01Z
2026-06-23T05:41:39Z,2026-06-23T07:41:39+0200,c1c18315-63b2-412d-a1be-e7c0796f2236,2026-06-06T17:00:00Z,2026-06-06T19:00:00+0200,109.61,EUR/MWh,BE,BE,day_ahead_price,value,2026-06-23T05:42:01Z
2026-06-23T05:41:39Z,2026-06-23T07:41:39+0200,c1c18315-63b2-412d-a1be-e7c0796f2236,2026-06-06T17:15:00Z,2026-06-06T19:15:00+0200,122.44,EUR/MWh,BE,BE,day_ahead_price,value,2026-06-23T05:42:01Z
2026-06-23T05:41:39Z,2026-06-23T07:41:39+0200,c1c18315-63b2-412d-a1be-e7c0796f2236,2026-06-06T17:30:00Z,2026-06-06T19:30:00+0200,126.61,EUR/MWh,BE,BE,day_ahead_price,value,2026-06-23T05:42:01Z
2026-06-23T05:41:39Z,2026-06-23T07:41:39+0200,c1c18315-63b2-412d-a1be-e7c0796f2236,2026-06-06T17:45:00Z,2026-06-06T19:45:00+0200,142.06,EUR/MWh,BE,BE,day_ahead_price,value,2026-06-23T05:42:01Z
2026-06-23T05:41:39Z,2026-06-23T07:41:39+0200,c1c18315-63b2-412d-a1be-e7c0796f2236,2026-06-06T18:00:00Z,2026-06-06T20:00:00+0200,105.0,EUR/MWh,BE,BE,day_ahead_price,value,2026-06-23T05:42:01Z
2026-06-23T05:41:39Z,2026-06-23T07:41:39+0200,c1c18315-63b2-412d-a1be-e7c0796f2236,2026-06-06T18:15:00Z,2026-06-06T20:15:00+0200,110.0,EUR/MWh,BE,BE,day_ahead_price,value,2026-06-23T05:42:01Z
2026-06-23T05:41:39Z,2026-06-23T07:41:39+0200,c1c18315-63b2-412d-a1be-e7c0796f2236,2026-06-06T18:30:00Z,2026-06-06T20:30:00+0200,120.42,EUR/MWh,BE,BE,day_ahead_price,value,2026-06-23T05:42:01Z
2026-06-23T05:41:39Z,2026-06-23T07:41:39+0200,c1c18315-63b2-412d-a1be-e7c0796f2236,2026-06-06T18:45:00Z,2026-06-06T20:45:00+0200,130.0,EUR/MWh,BE,BE,day_ahead_price,value,2026-06-23T05:42:01Z
2026-06-23T05:41:39Z,2026-06-23T07:41:39+0200,c1c18315-63b2-412d-a1be-e7c0796f2236,2026-06-06T19:00:00Z,2026-06-06T21:00:00+0200,106.05,EUR/MWh,BE,BE,day_ahead_price,value,2026-06-23T05:42:01Z
2026-06-23T05:41:39Z,2026-06-23T07:41:39+0200,c1c18315-63b2-412d-a1be-e7c0796f2236,2026-06-06T19:15:00Z,2026-06-06T21:15:00+0200,100.35,EUR/MWh,BE,BE,day_ahead_price,value,2026-06-23T05:42:01Z
2026-06-23T05:41:39Z,2026-06-23T07:41:39+0200,c1c18315-63b2-412d-a1be-e7c0796f2236,2026-06-06T19:30:00Z,2026-06-06T21:30:00+0200,113.3,EUR/MWh,BE,BE,day_ahead_price,value,2026-06-23T05:42:01Z
2026-06-23T05:41:39Z,2026-06-23T07:41:39+0200,c1c18315-63b2-412d-a1be-e7c0796f2236,2026-06-06T19:45:00Z,2026-06-06T21:45:00+0200,109.89,EUR/MWh,BE,BE,day_ahead_price,value,2026-06-23T05:42:01Z
2026-06-23T05:41:39Z,2026-06-23T07:41:39+0200,c1c18315-63b2-412d-a1be-e7c0796f2236,2026-06-06T20:00:00Z,2026-06-06T22:00:00+0200,94.0,EUR/MWh,BE,BE,day_ahead_price,value,2026-06-23T05:42:01Z
2026-06-23T05:41:39Z,2026-06-23T07:41:39+0200,c1c18315-63b2-412d-a1be-e7c0796f2236,2026-06-06T20:15:00Z,2026-06-06T22:15:00+0200,89.85,EUR/MWh,BE,BE,day_ahead_price,value,2026-06-23T05:42:01Z
2026-06-23T05:41:39Z,2026-06-23T07:41:39+0200,c1c18315-63b2-412d-a1be-e7c0796f2236,2026-06-06T20:30:00Z,2026-06-06T22:30:00+0200,127.7,EUR/MWh,BE,BE,day_ahead_price,value,2026-06-23T05:42:01Z
2026-06-23T05:41:39Z,2026-06-23T07:41:39+0200,c1c18315-63b2-412d-a1be-e7c0796f2236,2026-06-06T20:45:00Z,2026-06-06T22:45:00+0200,120.3,EUR/MWh,BE,BE,day_ahead_price,value,2026-06-23T05:42:01Z
2026-06-23T05:41:39Z,2026-06-23T07:41:39+0200,c1c18315-63b2-412d-a1be-e7c0796f2236,2026-06-06T21:00:00Z,2026-06-06T23:00:00+0200,104.97,EUR/MWh,BE,BE,day_ahead_price,value,2026-06-23T05:42:01Z
2026-06-23T05:41:39Z,2026-06-23T07:41:39+0200,c1c18315-63b2-412d-a1be-e7c0796f2236,2026-06-06T21:15:00Z,2026-06-06T23:15:00+0200,98.35,EUR/MWh,BE,BE,day_ahead_price,value,2026-06-23T05:42:01Z
2026-06-23T05:41:39Z,2026-06-23T07:41:39+0200,c1c18315-63b2-412d-a1be-e7c0796f2236,2026-06-06T21:30:00Z,2026-06-06T23:30:00+0200,100.74,EUR/MWh,BE,BE,day_ahead_price,value,2026-06-23T05:42:01Z
2026-06-23T05:41:39Z,2026-06-23T07:41:39+0200,c1c18315-63b2-412d-a1be-e7c0796f2236,2026-06-06T21:45:00Z,2026-06-06T23:45:00+0200,93.63,EUR/MWh,BE,BE,day_ahead_price,value,2026-06-23T05:42:01Z
2026-06-23T05:41:39Z,2026-06-23T07:41:39+0200,c1c18315-63b2-412d-a1be-e7c0796f2236,2026-06-06T22:00:00Z,2026-06-07T00:00:00+0200,96.76,EUR/MWh,BE,BE,day_ahead_price,value,2026-06-23T05:42:01Z
2026-06-23T05:41:39Z,2026-06-23T07:41:39+0200,c1c18315-63b2-412d-a1be-e7c0796f2236,2026-06-06T22:15:00Z,2026-06-07T00:15:00+0200,88.02,EUR/MWh,BE,BE,day_ahead_price,value,2026-06-23T05:42:01Z
2026-06-23T05:41:39Z,2026-06-23T07:41:39+0200,c1c18315-63b2-412d-a1be-e7c0796f2236,2026-06-06T22:30:00Z,2026-06-07T00:30:00+0200,84.16,EUR/MWh,BE,BE,day_ahead_price,value,2026-06-23T05:42:01Z
2026-06-23T05:41:39Z,2026-06-23T07:41:39+0200,c1c18315-63b2-412d-a1be-e7c0796f2236,2026-06-06T22:45:00Z,2026-06-07T00:45:00+0200,79.33,EUR/MWh,BE,BE,day_ahead_price,value,2026-06-23T05:42:01Z
2026-06-23T05:41:39Z,2026-06-23T07:41:39+0200,c1c18315-63b2-412d-a1be-e7c0796f2236,2026-06-06T23:00:00Z,2026-06-07T01:00:00+0200,86.33,EUR/MWh,BE,BE,day_ahead_price,value,2026-06-23T05:42:01Z
2026-06-23T05:41:39Z,2026-06-23T07:41:39+0200,c1c18315-63b2-412d-a1be-e7c0796f2236,2026-06-06T23:15:00Z,2026-06-07T01:15:00+0200,76.64,EUR/MWh,BE,BE,day_ahead_price,value,2026-06-23T05:42:01Z
2026-06-23T05:41:39Z,2026-06-23T07:41:39+0200,c1c18315-63b2-412d-a1be-e7c0796f2236,2026-06-06T23:30:00Z,2026-06-07T01:30:00+0200,80.98,EUR/MWh,BE,BE,day_ahead_price,value,2026-06-23T05:42:01Z
2026-06-23T05:41:39Z,2026-06-23T07:41:39+0200,c1c18315-63b2-412d-a1be-e7c0796f2236,2026-06-06T23:45:00Z,2026-06-07T01:45:00+0200,72.57,EUR/MWh,BE,BE,day_ahead_price,value,2026-06-23T05:42:01Z
2026-06-23T05:41:39Z,2026-06-23T07:41:39+0200,c1c18315-63b2-412d-a1be-e7c0796f2236,2026-06-07T00:00:00Z,2026-06-07T02:00:00+0200,76.61,EUR/MWh,BE,BE,day_ahead_price,value,2026-06-23T05:42:01Z
2026-06-23T05:41:39Z,2026-06-23T07:41:39+0200,c1c18315-63b2-412d-a1be-e7c0796f2236,2026-06-07T00:15:00Z,2026-06-07T02:15:00+0200,75.0,EUR/MWh,BE,BE,day_ahead_price,value,2026-06-23T05:42:01Z
2026-06-23T05:41:39Z,2026-06-23T07:41:39+0200,c1c18315-63b2-412d-a1be-e7c0796f2236,2026-06-07T00:30:00Z,2026-06-07T02:30:00+0200,73.81,EUR/MWh,BE,BE,day_ahead_price,value,2026-06-23T05:42:01Z
2026-06-23T05:41:39Z,2026-06-23T07:41:39+0200,c1c18315-63b2-412d-a1be-e7c0796f2236,2026-06-07T00:45:00Z,2026-06-07T02:45:00+0200,66.82,EUR/MWh,BE,BE,day_ahead_price,value,2026-06-23T05:42:01Z
2026-06-23T05:41:39Z,2026-06-23T07:41:39+0200,c1c18315-63b2-412d-a1be-e7c0796f2236,2026-06-07T01:00:00Z,2026-06-07T03:00:00+0200,72.29,EUR/MWh,BE,BE,day_ahead_price,value,2026-06-23T05:42:01Z
2026-06-23T05:41:39Z,2026-06-23T07:41:39+0200,c1c18315-63b2-412d-a1be-e7c0796f2236,2026-06-07T01:15:00Z,2026-06-07T03:15:00+0200,64.04,EUR/MWh,BE,BE,day_ahead_price,value,2026-06-23T05:42:01Z
2026-06-23T05:41:39Z,2026-06-23T07:41:39+0200,c1c18315-63b2-412d-a1be-e7c0796f2236,2026-06-07T01:30:00Z,2026-06-07T03:30:00+0200,62.3,EUR/MWh,BE,BE,day_ahead_price,value,2026-06-23T05:42:01Z
2026-06-23T05:41:39Z,2026-06-23T07:41:39+0200,c1c18315-63b2-412d-a1be-e7c0796f2236,2026-06-07T01:45:00Z,2026-06-07T03:45:00+0200,55.45,EUR/MWh,BE,BE,day_ahead_price,value,2026-06-23T05:42:01Z
2026-06-23T05:41:39Z,2026-06-23T07:41:39+0200,c1c18315-63b2-412d-a1be-e7c0796f2236,2026-06-07T02:00:00Z,2026-06-07T04:00:00+0200,59.16,EUR/MWh,BE,BE,day_ahead_price,value,2026-06-23T05:42:01Z
2026-06-23T05:41:39Z,2026-06-23T07:41:39+0200,c1c18315-63b2-412d-a1be-e7c0796f2236,2026-06-07T02:15:00Z,2026-06-07T04:15:00+0200,54.39,EUR/MWh,BE,BE,day_ahead_price,value,2026-06-23T05:42:01Z
2026-06-23T05:41:39Z,2026-06-23T07:41:39+0200,c1c18315-63b2-412d-a1be-e7c0796f2236,2026-06-07T02:30:00Z,2026-06-07T04:30:00+0200,50.0,EUR/MWh,BE,BE,day_ahead_price,value,2026-06-23T05:42:01Z
2026-06-23T05:41:39Z,2026-06-23T07:41:39+0200,c1c18315-63b2-412d-a1be-e7c0796f2236,2026-06-07T02:45:00Z,2026-06-07T04:45:00+0200,43.99,EUR/MWh,BE,BE,day_ahead_price,value,2026-06-23T05:42:01Z
2026-06-23T05:41:39Z,2026-06-23T07:41:39+0200,c1c18315-63b2-412d-a1be-e7c0796f2236,2026-06-07T03:00:00Z,2026-06-07T05:00:00+0200,46.98,EUR/MWh,BE,BE,day_ahead_price,value,2026-06-23T05:42:01Z
2026-06-23T05:41:39Z,2026-06-23T07:41:39+0200,c1c18315-63b2-412d-a1be-e7c0796f2236,2026-06-07T03:15:00Z,2026-06-07T05:15:00+0200,38.68,EUR/MWh,BE,BE,day_ahead_price,value,2026-06-23T05:42:01Z
2026-06-23T05:41:39Z,2026-06-23T07:41:39+0200,c1c18315-63b2-412d-a1be-e7c0796f2236,2026-06-07T03:30:00Z,2026-06-07T05:30:00+0200,29.43,EUR/MWh,BE,BE,day_ahead_price,value,2026-06-23T05:42:01Z
2026-06-23T05:41:39Z,2026-06-23T07:41:39+0200,c1c18315-63b2-412d-a1be-e7c0796f2236,2026-06-07T03:45:00Z,2026-06-07T05:45:00+0200,10.24,EUR/MWh,BE,BE,day_ahead_price,value,2026-06-23T05:42:01Z
2026-06-23T05:41:39Z,2026-06-23T07:41:39+0200,c1c18315-63b2-412d-a1be-e7c0796f2236,2026-06-07T04:00:00Z,2026-06-07T06:00:00+0200,8.67,EUR/MWh,BE,BE,day_ahead_price,value,2026-06-23T05:42:01Z
2026-06-23T05:41:39Z,2026-06-23T07:41:39+0200,c1c18315-63b2-412d-a1be-e7c0796f2236,2026-06-07T04:15:00Z,2026-06-07T06:15:00+0200,5.11,EUR/MWh,BE,BE,day_ahead_price,value,2026-06-23T05:42:01Z
2026-06-23T05:41:39Z,2026-06-23T07:41:39+0200,c1c18315-63b2-412d-a1be-e7c0796f2236,2026-06-07T04:30:00Z,2026-06-07T06:30:00+0200,4.43,EUR/MWh,BE,BE,day_ahead_price,value,2026-06-23T05:42:01Z
2026-06-23T05:41:39Z,2026-06-23T07:41:39+0200,c1c18315-63b2-412d-a1be-e7c0796f2236,2026-06-07T04:45:00Z,2026-06-07T06:45:00+0200,2.1,EUR/MWh,BE,BE,day_ahead_price,value,2026-06-23T05:42:01Z
2026-06-23T05:41:39Z,2026-06-23T07:41:39+0200,c1c18315-63b2-412d-a1be-e7c0796f2236,2026-06-07T05:00:00Z,2026-06-07T07:00:00+0200,1.84,EUR/MWh,BE,BE,day_ahead_price,value,2026-06-23T05:42:01Z
2026-06-23T05:41:39Z,2026-06-23T07:41:39+0200,c1c18315-63b2-412d-a1be-e7c0796f2236,2026-06-07T05:15:00Z,2026-06-07T07:15:00+0200,0.01,EUR/MWh,BE,BE,day_ahead_price,value,2026-06-23T05:42:01Z
2026-06-23T05:41:39Z,2026-06-23T07:41:39+0200,c1c18315-63b2-412d-a1be-e7c0796f2236,2026-06-07T05:30:00Z,2026-06-07T07:30:00+0200,0.0,EUR/MWh,BE,BE,day_ahead_price,value,2026-06-23T05:42:01Z
2026-06-23T05:41:39Z,2026-06-23T07:41:39+0200,c1c18315-63b2-412d-a1be-e7c0796f2236,2026-06-07T05:45:00Z,2026-06-07T07:45:00+0200,-0.01,EUR/MWh,BE,BE,day_ahead_price,value,2026-06-23T05:42:01Z
2026-06-23T05:41:39Z,2026-06-23T07:41:39+0200,c1c18315-63b2-412d-a1be-e7c0796f2236,2026-06-07T06:00:00Z,2026-06-07T08:00:00+0200,-0.01,EUR/MWh,BE,BE,day_ahead_price,value,2026-06-23T05:42:01Z
2026-06-23T05:41:39Z,2026-06-23T07:41:39+0200,c1c18315-63b2-412d-a1be-e7c0796f2236,2026-06-07T06:15:00Z,2026-06-07T08:15:00+0200,-0.05,EUR/MWh,BE,BE,day_ahead_price,value,2026-06-23T05:42:01Z
2026-06-23T05:41:39Z,2026-06-23T07:41:39+0200,c1c18315-63b2-412d-a1be-e7c0796f2236,2026-06-07T06:30:00Z,2026-06-07T08:30:00+0200,-0.11,EUR/MWh,BE,BE,day_ahead_price,value,2026-06-23T05:42:01Z
2026-06-23T05:41:39Z,2026-06-23T07:41:39+0200,c1c18315-63b2-412d-a1be-e7c0796f2236,2026-06-07T06:45:00Z,2026-06-07T08:45:00+0200,-2.03,EUR/MWh,BE,BE,day_ahead_price,value,2026-06-23T05:42:01Z
2026-06-23T05:41:39Z,2026-06-23T07:41:39+0200,c1c18315-63b2-412d-a1be-e7c0796f2236,2026-06-07T07:00:00Z,2026-06-07T09:00:00+0200,-1.3,EUR/MWh,BE,BE,day_ahead_price,value,2026-06-23T05:42:01Z
2026-06-23T05:41:39Z,2026-06-23T07:41:39+0200,c1c18315-63b2-412d-a1be-e7c0796f2236,2026-06-07T07:15:00Z,2026-06-07T09:15:00+0200,-3.4,EUR/MWh,BE,BE,day_ahead_price,value,2026-06-23T05:42:01Z
2026-06-23T05:41:39Z,2026-06-23T07:41:39+0200,c1c18315-63b2-412d-a1be-e7c0796f2236,2026-06-07T07:30:00Z,2026-06-07T09:30:00+0200,-5.49,EUR/MWh,BE,BE,day_ahead_price,value,2026-06-23T05:42:01Z
2026-06-23T05:41:39Z,2026-06-23T07:41:39+0200,c1c18315-63b2-412d-a1be-e7c0796f2236,2026-06-07T07:45:00Z,2026-06-07T09:45:00+0200,-9.99,EUR/MWh,BE,BE,day_ahead_price,value,2026-06-23T05:42:01Z
2026-06-23T05:41:39Z,2026-06-23T07:41:39+0200,c1c18315-63b2-412d-a1be-e7c0796f2236,2026-06-07T08:00:00Z,2026-06-07T10:00:00+0200,-4.99,EUR/MWh,BE,BE,day_ahead_price,value,2026-06-23T05:42:01Z
2026-06-23T05:41:39Z,2026-06-23T07:41:39+0200,c1c18315-63b2-412d-a1be-e7c0796f2236,2026-06-07T08:15:00Z,2026-06-07T10:15:00+0200,-5.46,EUR/MWh,BE,BE,day_ahead_price,value,2026-06-23T05:42:01Z
2026-06-23T05:41:39Z,2026-06-23T07:41:39+0200,c1c18315-63b2-412d-a1be-e7c0796f2236,2026-06-07T08:30:00Z,2026-06-07T10:30:00+0200,-9.88,EUR/MWh,BE,BE,day_ahead_price,value,2026-06-23T05:42:01Z
2026-06-23T05:41:39Z,2026-06-23T07:41:39+0200,c1c18315-63b2-412d-a1be-e7c0796f2236,2026-06-07T08:45:00Z,2026-06-07T10:45:00+0200,-11.67,EUR/MWh,BE,BE,day_ahead_price,value,2026-06-23T05:42:01Z
2026-06-23T05:41:39Z,2026-06-23T07:41:39+0200,c1c18315-63b2-412d-a1be-e7c0796f2236,2026-06-07T09:00:00Z,2026-06-07T11:00:00+0200,-12.72,EUR/MWh,BE,BE,day_ahead_price,value,2026-06-23T05:42:01Z
2026-06-23T05:41:39Z,2026-06-23T07:41:39+0200,c1c18315-63b2-412d-a1be-e7c0796f2236,2026-06-07T09:15:00Z,2026-06-07T11:15:00+0200,-14.6,EUR/MWh,BE,BE,day_ahead_price,value,2026-06-23T05:42:01Z
2026-06-23T05:41:39Z,2026-06-23T07:41:39+0200,c1c18315-63b2-412d-a1be-e7c0796f2236,2026-06-07T09:30:00Z,2026-06-07T11:30:00+0200,-14.3,EUR/MWh,BE,BE,day_ahead_price,value,2026-06-23T05:42:01Z
2026-06-23T05:41:39Z,2026-06-23T07:41:39+0200,c1c18315-63b2-412d-a1be-e7c0796f2236,2026-06-07T09:45:00Z,2026-06-07T11:45:00+0200,-14.57,EUR/MWh,BE,BE,day_ahead_price,value,2026-06-23T05:42:01Z
2026-06-23T05:41:39Z,2026-06-23T07:41:39+0200,c1c18315-63b2-412d-a1be-e7c0796f2236,2026-06-07T10:00:00Z,2026-06-07T12:00:00+0200,-14.99,EUR/MWh,BE,BE,day_ahead_price,value,2026-06-23T05:42:01Z
2026-06-23T05:41:39Z,2026-06-23T07:41:39+0200,c1c18315-63b2-412d-a1be-e7c0796f2236,2026-06-07T10:15:00Z,2026-06-07T12:15:00+0200,-19.0,EUR/MWh,BE,BE,day_ahead_price,value,2026-06-23T05:42:01Z
2026-06-23T05:41:39Z,2026-06-23T07:41:39+0200,c1c18315-63b2-412d-a1be-e7c0796f2236,2026-06-07T10:30:00Z,2026-06-07T12:30:00+0200,-19.0,EUR/MWh,BE,BE,day_ahead_price,value,2026-06-23T05:42:01Z
2026-06-23T05:41:39Z,2026-06-23T07:41:39+0200,c1c18315-63b2-412d-a1be-e7c0796f2236,2026-06-07T10:45:00Z,2026-06-07T12:45:00+0200,-20.06,EUR/MWh,BE,BE,day_ahead_price,value,2026-06-23T05:42:01Z
2026-06-23T05:41:39Z,2026-06-23T07:41:39+0200,c1c18315-63b2-412d-a1be-e7c0796f2236,2026-06-07T11:00:00Z,2026-06-07T13:00:00+0200,-23.39,EUR/MWh,BE,BE,day_ahead_price,value,2026-06-23T05:42:01Z
2026-06-23T05:41:39Z,2026-06-23T07:41:39+0200,c1c18315-63b2-412d-a1be-e7c0796f2236,2026-06-07T11:15:00Z,2026-06-07T13:15:00+0200,-29.98,EUR/MWh,BE,BE,day_ahead_price,value,2026-06-23T05:42:01Z
2026-06-23T05:41:39Z,2026-06-23T07:41:39+0200,c1c18315-63b2-412d-a1be-e7c0796f2236,2026-06-07T11:30:00Z,2026-06-07T13:30:00+0200,-40.05,EUR/MWh,BE,BE,day_ahead_price,value,2026-06-23T05:42:01Z
2026-06-23T05:41:39Z,2026-06-23T07:41:39+0200,c1c18315-63b2-412d-a1be-e7c0796f2236,2026-06-07T11:45:00Z,2026-06-07T13:45:00+0200,-50.16,EUR/MWh,BE,BE,day_ahead_price,value,2026-06-23T05:42:01Z
2026-06-23T05:41:39Z,2026-06-23T07:41:39+0200,c1c18315-63b2-412d-a1be-e7c0796f2236,2026-06-07T12:00:00Z,2026-06-07T14:00:00+0200,-44.0,EUR/MWh,BE,BE,day_ahead_price,value,2026-06-23T05:42:01Z
2026-06-23T05:41:39Z,2026-06-23T07:41:39+0200,c1c18315-63b2-412d-a1be-e7c0796f2236,2026-06-07T12:15:00Z,2026-06-07T14:15:00+0200,-45.4,EUR/MWh,BE,BE,day_ahead_price,value,2026-06-23T05:42:01Z
2026-06-23T05:41:39Z,2026-06-23T07:41:39+0200,c1c18315-63b2-412d-a1be-e7c0796f2236,2026-06-07T12:30:00Z,2026-06-07T14:30:00+0200,-44.41,EUR/MWh,BE,BE,day_ahead_price,value,2026-06-23T05:42:01Z
2026-06-23T05:41:39Z,2026-06-23T07:41:39+0200,c1c18315-63b2-412d-a1be-e7c0796f2236,2026-06-07T12:45:00Z,2026-06-07T14:45:00+0200,-44.96,EUR/MWh,BE,BE,day_ahead_price,value,2026-06-23T05:42:01Z
2026-06-23T05:41:39Z,2026-06-23T07:41:39+0200,c1c18315-63b2-412d-a1be-e7c0796f2236,2026-06-07T13:00:00Z,2026-06-07T15:00:00+0200,-49.95,EUR/MWh,BE,BE,day_ahead_price,value,2026-06-23T05:42:01Z
2026-06-23T05:41:39Z,2026-06-23T07:41:39+0200,c1c18315-63b2-412d-a1be-e7c0796f2236,2026-06-07T13:15:00Z,2026-06-07T15:15:00+0200,-40.06,EUR/MWh,BE,BE,day_ahead_price,value,2026-06-23T05:42:01Z
2026-06-23T05:41:39Z,2026-06-23T07:41:39+0200,c1c18315-63b2-412d-a1be-e7c0796f2236,2026-06-07T13:30:00Z,2026-06-07T15:30:00+0200,-31.7,EUR/MWh,BE,BE,day_ahead_price,value,2026-06-23T05:42:01Z
2026-06-23T05:41:39Z,2026-06-23T07:41:39+0200,c1c18315-63b2-412d-a1be-e7c0796f2236,2026-06-07T13:45:00Z,2026-06-07T15:45:00+0200,-23.81,EUR/MWh,BE,BE,day_ahead_price,value,2026-06-23T05:42:01Z
2026-06-23T05:41:39Z,2026-06-23T07:41:39+0200,c1c18315-63b2-412d-a1be-e7c0796f2236,2026-06-07T14:00:00Z,2026-06-07T16:00:00+0200,-28.03,EUR/MWh,BE,BE,day_ahead_price,value,2026-06-23T05:42:01Z
2026-06-23T05:41:39Z,2026-06-23T07:41:39+0200,c1c18315-63b2-412d-a1be-e7c0796f2236,2026-06-07T14:15:00Z,2026-06-07T16:15:00+0200,-17.93,EUR/MWh,BE,BE,day_ahead_price,value,2026-06-23T05:42:01Z
2026-06-23T05:41:39Z,2026-06-23T07:41:39+0200,c1c18315-63b2-412d-a1be-e7c0796f2236,2026-06-07T14:30:00Z,2026-06-07T16:30:00+0200,-12.77,EUR/MWh,BE,BE,day_ahead_price,value,2026-06-23T05:42:01Z
2026-06-23T05:41:39Z,2026-06-23T07:41:39+0200,c1c18315-63b2-412d-a1be-e7c0796f2236,2026-06-07T14:45:00Z,2026-06-07T16:45:00+0200,-5.03,EUR/MWh,BE,BE,day_ahead_price,value,2026-06-23T05:42:01Z
2026-06-23T05:41:39Z,2026-06-23T07:41:39+0200,c1c18315-63b2-412d-a1be-e7c0796f2236,2026-06-07T15:00:00Z,2026-06-07T17:00:00+0200,-3.41,EUR/MWh,BE,BE,day_ahead_price,value,2026-06-23T05:42:01Z
2026-06-23T05:41:39Z,2026-06-23T07:41:39+0200,c1c18315-63b2-412d-a1be-e7c0796f2236,2026-06-07T15:15:00Z,2026-06-07T17:15:00+0200,-1.0,EUR/MWh,BE,BE,day_ahead_price,value,2026-06-23T05:42:01Z
2026-06-23T05:41:39Z,2026-06-23T07:41:39+0200,c1c18315-63b2-412d-a1be-e7c0796f2236,2026-06-07T15:30:00Z,2026-06-07T17:30:00+0200,-0.1,EUR/MWh,BE,BE,day_ahead_price,value,2026-06-23T05:42:01Z
2026-06-23T05:41:39Z,2026-06-23T07:41:39+0200,c1c18315-63b2-412d-a1be-e7c0796f2236,2026-06-07T15:45:00Z,2026-06-07T17:45:00+0200,0.08,EUR/MWh,BE,BE,day_ahead_price,value,2026-06-23T05:42:01Z
2026-06-23T05:41:39Z,2026-06-23T07:41:39+0200,c1c18315-63b2-412d-a1be-e7c0796f2236,2026-06-07T16:00:00Z,2026-06-07T18:00:00+0200,0.29,EUR/MWh,BE,BE,day_ahead_price,value,2026-06-23T05:42:01Z
2026-06-23T05:41:39Z,2026-06-23T07:41:39+0200,c1c18315-63b2-412d-a1be-e7c0796f2236,2026-06-07T16:15:00Z,2026-06-07T18:15:00+0200,16.95,EUR/MWh,BE,BE,day_ahead_price,value,2026-06-23T05:42:01Z
2026-06-23T05:41:39Z,2026-06-23T07:41:39+0200,c1c18315-63b2-412d-a1be-e7c0796f2236,2026-06-07T16:30:00Z,2026-06-07T18:30:00+0200,65.6,EUR/MWh,BE,BE,day_ahead_price,value,2026-06-23T05:42:01Z
2026-06-23T05:41:39Z,2026-06-23T07:41:39+0200,c1c18315-63b2-412d-a1be-e7c0796f2236,2026-06-07T16:45:00Z,2026-06-07T18:45:00+0200,102.71,EUR/MWh,BE,BE,day_ahead_price,value,2026-06-23T05:42:01Z
2026-06-23T05:41:39Z,2026-06-23T07:41:39+0200,c1c18315-63b2-412d-a1be-e7c0796f2236,2026-06-07T17:00:00Z,2026-06-07T19:00:00+0200,70.55,EUR/MWh,BE,BE,day_ahead_price,value,2026-06-23T05:42:01Z
2026-06-23T05:41:39Z,2026-06-23T07:41:39+0200,c1c18315-63b2-412d-a1be-e7c0796f2236,2026-06-07T17:15:00Z,2026-06-07T19:15:00+0200,97.98,EUR/MWh,BE,BE,day_ahead_price,value,2026-06-23T05:42:01Z
2026-06-23T05:41:39Z,2026-06-23T07:41:39+0200,c1c18315-63b2-412d-a1be-e7c0796f2236,2026-06-07T17:30:00Z,2026-06-07T19:30:00+0200,112.47,EUR/MWh,BE,BE,day_ahead_price,value,2026-06-23T05:42:01Z
2026-06-23T05:41:39Z,2026-06-23T07:41:39+0200,c1c18315-63b2-412d-a1be-e7c0796f2236,2026-06-07T17:45:00Z,2026-06-07T19:45:00+0200,118.63,EUR/MWh,BE,BE,day_ahead_price,value,2026-06-23T05:42:01Z
2026-06-23T05:41:39Z,2026-06-23T07:41:39+0200,c1c18315-63b2-412d-a1be-e7c0796f2236,2026-06-07T18:00:00Z,2026-06-07T20:00:00+0200,123.32,EUR/MWh,BE,BE,day_ahead_price,value,2026-06-23T05:42:01Z
2026-06-23T05:41:39Z,2026-06-23T07:41:39+0200,c1c18315-63b2-412d-a1be-e7c0796f2236,2026-06-07T18:15:00Z,2026-06-07T20:15:00+0200,125.77,EUR/MWh,BE,BE,day_ahead_price,value,2026-06-23T05:42:01Z
2026-06-23T05:41:39Z,2026-06-23T07:41:39+0200,c1c18315-63b2-412d-a1be-e7c0796f2236,2026-06-07T18:30:00Z,2026-06-07T20:30:00+0200,125.17,EUR/MWh,BE,BE,day_ahead_price,value,2026-06-23T05:42:01Z
2026-06-23T05:41:39Z,2026-06-23T07:41:39+0200,c1c18315-63b2-412d-a1be-e7c0796f2236,2026-06-07T18:45:00Z,2026-06-07T20:45:00+0200,135.15,EUR/MWh,BE,BE,day_ahead_price,value,2026-06-23T05:42:01Z
2026-06-23T05:41:39Z,2026-06-23T07:41:39+0200,c1c18315-63b2-412d-a1be-e7c0796f2236,2026-06-07T19:00:00Z,2026-06-07T21:00:00+0200,127.08,EUR/MWh,BE,BE,day_ahead_price,value,2026-06-23T05:42:01Z
2026-06-23T05:41:39Z,2026-06-23T07:41:39+0200,c1c18315-63b2-412d-a1be-e7c0796f2236,2026-06-07T19:15:00Z,2026-06-07T21:15:00+0200,129.0,EUR/MWh,BE,BE,day_ahead_price,value,2026-06-23T05:42:01Z
2026-06-23T05:41:39Z,2026-06-23T07:41:39+0200,c1c18315-63b2-412d-a1be-e7c0796f2236,2026-06-07T19:30:00Z,2026-06-07T21:30:00+0200,133.94,EUR/MWh,BE,BE,day_ahead_price,value,2026-06-23T05:42:01Z
2026-06-23T05:41:39Z,2026-06-23T07:41:39+0200,c1c18315-63b2-412d-a1be-e7c0796f2236,2026-06-07T19:45:00Z,2026-06-07T21:45:00+0200,141.57,EUR/MWh,BE,BE,day_ahead_price,value,2026-06-23T05:42:01Z
2026-06-23T05:41:39Z,2026-06-23T07:41:39+0200,c1c18315-63b2-412d-a1be-e7c0796f2236,2026-06-07T20:00:00Z,2026-06-07T22:00:00+0200,145.2,EUR/MWh,BE,BE,day_ahead_price,value,2026-06-23T05:42:01Z
2026-06-23T05:41:39Z,2026-06-23T07:41:39+0200,c1c18315-63b2-412d-a1be-e7c0796f2236,2026-06-07T20:15:00Z,2026-06-07T22:15:00+0200,143.92,EUR/MWh,BE,BE,day_ahead_price,value,2026-06-23T05:42:01Z
2026-06-23T05:41:39Z,2026-06-23T07:41:39+0200,c1c18315-63b2-412d-a1be-e7c0796f2236,2026-06-07T20:30:00Z,2026-06-07T22:30:00+0200,138.98,EUR/MWh,BE,BE,day_ahead_price,value,2026-06-23T05:42:01Z
2026-06-23T05:41:39Z,2026-06-23T07:41:39+0200,c1c18315-63b2-412d-a1be-e7c0796f2236,2026-06-07T20:45:00Z,2026-06-07T22:45:00+0200,136.92,EUR/MWh,BE,BE,day_ahead_price,value,2026-06-23T05:42:01Z
2026-06-23T05:41:39Z,2026-06-23T07:41:39+0200,c1c18315-63b2-412d-a1be-e7c0796f2236,2026-06-07T21:00:00Z,2026-06-07T23:00:00+0200,148.3,EUR/MWh,BE,BE,day_ahead_price,value,2026-06-23T05:42:01Z
2026-06-23T05:41:39Z,2026-06-23T07:41:39+0200,c1c18315-63b2-412d-a1be-e7c0796f2236,2026-06-07T21:15:00Z,2026-06-07T23:15:00+0200,137.37,EUR/MWh,BE,BE,day_ahead_price,value,2026-06-23T05:42:01Z
2026-06-23T05:41:39Z,2026-06-23T07:41:39+0200,c1c18315-63b2-412d-a1be-e7c0796f2236,2026-06-07T21:30:00Z,2026-06-07T23:30:00+0200,135.13,EUR/MWh,BE,BE,day_ahead_price,value,2026-06-23T05:42:01Z
2026-06-23T05:41:39Z,2026-06-23T07:41:39+0200,c1c18315-63b2-412d-a1be-e7c0796f2236,2026-06-07T21:45:00Z,2026-06-07T23:45:00+0200,138.06,EUR/MWh,BE,BE,day_ahead_price,value,2026-06-23T05:42:01Z
2026-06-23T05:41:39Z,2026-06-23T07:41:39+0200,c1c18315-63b2-412d-a1be-e7c0796f2236,2026-06-07T22:00:00Z,2026-06-08T00:00:00+0200,150.33,EUR/MWh,BE,BE,day_ahead_price,value,2026-06-23T05:42:01Z
2026-06-23T05:41:39Z,2026-06-23T07:41:39+0200,c1c18315-63b2-412d-a1be-e7c0796f2236,2026-06-07T22:15:00Z,2026-06-08T00:15:00+0200,136.12,EUR/MWh,BE,BE,day_ahead_price,value,2026-06-23T05:42:01Z
2026-06-23T05:41:39Z,2026-06-23T07:41:39+0200,c1c18315-63b2-412d-a1be-e7c0796f2236,2026-06-07T22:30:00Z,2026-06-08T00:30:00+0200,130.78,EUR/MWh,BE,BE,day_ahead_price,value,2026-06-23T05:42:01Z
2026-06-23T05:41:39Z,2026-06-23T07:41:39+0200,c1c18315-63b2-412d-a1be-e7c0796f2236,2026-06-07T22:45:00Z,2026-06-08T00:45:00+0200,125.09,EUR/MWh,BE,BE,day_ahead_price,value,2026-06-23T05:42:01Z
2026-06-23T05:41:39Z,2026-06-23T07:41:39+0200,c1c18315-63b2-412d-a1be-e7c0796f2236,2026-06-07T23:00:00Z,2026-06-08T01:00:00+0200,138.25,EUR/MWh,BE,BE,day_ahead_price,value,2026-06-23T05:42:01Z
2026-06-23T05:41:39Z,2026-06-23T07:41:39+0200,c1c18315-63b2-412d-a1be-e7c0796f2236,2026-06-07T23:15:00Z,2026-06-08T01:15:00+0200,127.15,EUR/MWh,BE,BE,day_ahead_price,value,2026-06-23T05:42:01Z
2026-06-23T05:41:39Z,2026-06-23T07:41:39+0200,c1c18315-63b2-412d-a1be-e7c0796f2236,2026-06-07T23:30:00Z,2026-06-08T01:30:00+0200,126.94,EUR/MWh,BE,BE,day_ahead_price,value,2026-06-23T05:42:01Z
2026-06-23T05:41:39Z,2026-06-23T07:41:39+0200,c1c18315-63b2-412d-a1be-e7c0796f2236,2026-06-07T23:45:00Z,2026-06-08T01:45:00+0200,120.82,EUR/MWh,BE,BE,day_ahead_price,value,2026-06-23T05:42:01Z
2026-06-23T05:41:39Z,2026-06-23T07:41:39+0200,c1c18315-63b2-412d-a1be-e7c0796f2236,2026-06-08T00:00:00Z,2026-06-08T02:00:00+0200,130.45,EUR/MWh,BE,BE,day_ahead_price,value,2026-06-23T05:42:01Z
2026-06-23T05:41:39Z,2026-06-23T07:41:39+0200,c1c18315-63b2-412d-a1be-e7c0796f2236,2026-06-08T00:15:00Z,2026-06-08T02:15:00+0200,124.74,EUR/MWh,BE,BE,day_ahead_price,value,2026-06-23T05:42:01Z
2026-06-23T05:41:39Z,2026-06-23T07:41:39+0200,c1c18315-63b2-412d-a1be-e7c0796f2236,2026-06-08T00:30:00Z,2026-06-08T02:30:00+0200,127.54,EUR/MWh,BE,BE,day_ahead_price,value,2026-06-23T05:42:01Z
2026-06-23T05:41:39Z,2026-06-23T07:41:39+0200,c1c18315-63b2-412d-a1be-e7c0796f2236,2026-06-08T00:45:00Z,2026-06-08T02:45:00+0200,126.7,EUR/MWh,BE,BE,day_ahead_price,value,2026-06-23T05:42:01Z
2026-06-23T05:41:39Z,2026-06-23T07:41:39+0200,c1c18315-63b2-412d-a1be-e7c0796f2236,2026-06-08T01:00:00Z,2026-06-08T03:00:00+0200,123.83,EUR/MWh,BE,BE,day_ahead_price,value,2026-06-23T05:42:01Z
2026-06-23T05:41:39Z,2026-06-23T07:41:39+0200,c1c18315-63b2-412d-a1be-e7c0796f2236,2026-06-08T01:15:00Z,2026-06-08T03:15:00+0200,121.05,EUR/MWh,BE,BE,day_ahead_price,value,2026-06-23T05:42:01Z
2026-06-23T05:41:39Z,2026-06-23T07:41:39+0200,c1c18315-63b2-412d-a1be-e7c0796f2236,2026-06-08T01:30:00Z,2026-06-08T03:30:00+0200,121.47,EUR/MWh,BE,BE,day_ahead_price,value,2026-06-23T05:42:01Z
2026-06-23T05:41:39Z,2026-06-23T07:41:39+0200,c1c18315-63b2-412d-a1be-e7c0796f2236,2026-06-08T01:45:00Z,2026-06-08T03:45:00+0200,122.44,EUR/MWh,BE,BE,day_ahead_price,value,2026-06-23T05:42:01Z
2026-06-23T05:41:39Z,2026-06-23T07:41:39+0200,c1c18315-63b2-412d-a1be-e7c0796f2236,2026-06-08T02:00:00Z,2026-06-08T04:00:00+0200,127.16,EUR/MWh,BE,BE,day_ahead_price,value,2026-06-23T05:42:01Z
2026-06-23T05:41:39Z,2026-06-23T07:41:39+0200,c1c18315-63b2-412d-a1be-e7c0796f2236,2026-06-08T02:15:00Z,2026-06-08T04:15:00+0200,125.91,EUR/MWh,BE,BE,day_ahead_price,value,2026-06-23T05:42:01Z
2026-06-23T05:41:39Z,2026-06-23T07:41:39+0200,c1c18315-63b2-412d-a1be-e7c0796f2236,2026-06-08T02:30:00Z,2026-06-08T04:30:00+0200,125.6,EUR/MWh,BE,BE,day_ahead_price,value,2026-06-23T05:42:01Z
2026-06-23T05:41:39Z,2026-06-23T07:41:39+0200,c1c18315-63b2-412d-a1be-e7c0796f2236,2026-06-08T02:45:00Z,2026-06-08T04:45:00+0200,124.99,EUR/MWh,BE,BE,day_ahead_price,value,2026-06-23T05:42:01Z
2026-06-23T05:41:39Z,2026-06-23T07:41:39+0200,c1c18315-63b2-412d-a1be-e7c0796f2236,2026-06-08T03:00:00Z,2026-06-08T05:00:00+0200,130.1,EUR/MWh,BE,BE,day_ahead_price,value,2026-06-23T05:42:01Z
2026-06-23T05:41:39Z,2026-06-23T07:41:39+0200,c1c18315-63b2-412d-a1be-e7c0796f2236,2026-06-08T03:15:00Z,2026-06-08T05:15:00+0200,131.65,EUR/MWh,BE,BE,day_ahead_price,value,2026-06-23T05:42:01Z
2026-06-23T05:41:39Z,2026-06-23T07:41:39+0200,c1c18315-63b2-412d-a1be-e7c0796f2236,2026-06-08T03:30:00Z,2026-06-08T05:30:00+0200,138.63,EUR/MWh,BE,BE,day_ahead_price,value,2026-06-23T05:42:01Z
2026-06-23T05:41:39Z,2026-06-23T07:41:39+0200,c1c18315-63b2-412d-a1be-e7c0796f2236,2026-06-08T03:45:00Z,2026-06-08T05:45:00+0200,145.38,EUR/MWh,BE,BE,day_ahead_price,value,2026-06-23T05:42:01Z
2026-06-23T05:41:39Z,2026-06-23T07:41:39+0200,c1c18315-63b2-412d-a1be-e7c0796f2236,2026-06-08T04:00:00Z,2026-06-08T06:00:00+0200,147.08,EUR/MWh,BE,BE,day_ahead_price,value,2026-06-23T05:42:01Z
2026-06-23T05:41:39Z,2026-06-23T07:41:39+0200,c1c18315-63b2-412d-a1be-e7c0796f2236,2026-06-08T04:15:00Z,2026-06-08T06:15:00+0200,154.05,EUR/MWh,BE,BE,day_ahead_price,value,2026-06-23T05:42:01Z
2026-06-23T05:41:39Z,2026-06-23T07:41:39+0200,c1c18315-63b2-412d-a1be-e7c0796f2236,2026-06-08T04:30:00Z,2026-06-08T06:30:00+0200,152.38,EUR/MWh,BE,BE,day_ahead_price,value,2026-06-23T05:42:01Z
2026-06-23T05:41:39Z,2026-06-23T07:41:39+0200,c1c18315-63b2-412d-a1be-e7c0796f2236,2026-06-08T04:45:00Z,2026-06-08T06:45:00+0200,144.89,EUR/MWh,BE,BE,day_ahead_price,value,2026-06-23T05:42:01Z
2026-06-23T05:41:39Z,2026-06-23T07:41:39+0200,c1c18315-63b2-412d-a1be-e7c0796f2236,2026-06-08T05:00:00Z,2026-06-08T07:00:00+0200,168.92,EUR/MWh,BE,BE,day_ahead_price,value,2026-06-23T05:42:01Z
2026-06-23T05:41:39Z,2026-06-23T07:41:39+0200,c1c18315-63b2-412d-a1be-e7c0796f2236,2026-06-08T05:15:00Z,2026-06-08T07:15:00+0200,150.0,EUR/MWh,BE,BE,day_ahead_price,value,2026-06-23T05:42:01Z
2026-06-23T05:41:39Z,2026-06-23T07:41:39+0200,c1c18315-63b2-412d-a1be-e7c0796f2236,2026-06-08T05:30:00Z,2026-06-08T07:30:00+0200,142.52,EUR/MWh,BE,BE,day_ahead_price,value,2026-06-23T05:42:01Z
2026-06-23T05:41:39Z,2026-06-23T07:41:39+0200,c1c18315-63b2-412d-a1be-e7c0796f2236,2026-06-08T05:45:00Z,2026-06-08T07:45:00+0200,130.52,EUR/MWh,BE,BE,day_ahead_price,value,2026-06-23T05:42:01Z
2026-06-23T05:41:39Z,2026-06-23T07:41:39+0200,c1c18315-63b2-412d-a1be-e7c0796f2236,2026-06-08T06:00:00Z,2026-06-08T08:00:00+0200,145.97,EUR/MWh,BE,BE,day_ahead_price,value,2026-06-23T05:42:01Z
2026-06-23T05:41:39Z,2026-06-23T07:41:39+0200,c1c18315-63b2-412d-a1be-e7c0796f2236,2026-06-08T06:15:00Z,2026-06-08T08:15:00+0200,131.21,EUR/MWh,BE,BE,day_ahead_price,value,2026-06-23T05:42:01Z
2026-06-23T05:41:39Z,2026-06-23T07:41:39+0200,c1c18315-63b2-412d-a1be-e7c0796f2236,2026-06-08T06:30:00Z,2026-06-08T08:30:00+0200,120.11,EUR/MWh,BE,BE,day_ahead_price,value,2026-06-23T05:42:01Z
2026-06-23T05:41:39Z,2026-06-23T07:41:39+0200,c1c18315-63b2-412d-a1be-e7c0796f2236,2026-06-08T06:45:00Z,2026-06-08T08:45:00+0200,130.43,EUR/MWh,BE,BE,day_ahead_price,value,2026-06-23T05:42:01Z
2026-06-23T05:41:39Z,2026-06-23T07:41:39+0200,c1c18315-63b2-412d-a1be-e7c0796f2236,2026-06-08T07:00:00Z,2026-06-08T09:00:00+0200,154.22,EUR/MWh,BE,BE,day_ahead_price,value,2026-06-23T05:42:01Z
2026-06-23T05:41:39Z,2026-06-23T07:41:39+0200,c1c18315-63b2-412d-a1be-e7c0796f2236,2026-06-08T07:15:00Z,2026-06-08T09:15:00+0200,144.0,EUR/MWh,BE,BE,day_ahead_price,value,2026-06-23T05:42:01Z
2026-06-23T05:41:39Z,2026-06-23T07:41:39+0200,c1c18315-63b2-412d-a1be-e7c0796f2236,2026-06-08T07:30:00Z,2026-06-08T09:30:00+0200,149.11,EUR/MWh,BE,BE,day_ahead_price,value,2026-06-23T05:42:01Z
2026-06-23T05:41:39Z,2026-06-23T07:41:39+0200,c1c18315-63b2-412d-a1be-e7c0796f2236,2026-06-08T07:45:00Z,2026-06-08T09:45:00+0200,141.83,EUR/MWh,BE,BE,day_ahead_price,value,2026-06-23T05:42:01Z
2026-06-23T05:41:39Z,2026-06-23T07:41:39+0200,c1c18315-63b2-412d-a1be-e7c0796f2236,2026-06-08T08:00:00Z,2026-06-08T10:00:00+0200,144.68,EUR/MWh,BE,BE,day_ahead_price,value,2026-06-23T05:42:01Z
2026-06-23T05:41:39Z,2026-06-23T07:41:39+0200,c1c18315-63b2-412d-a1be-e7c0796f2236,2026-06-08T08:15:00Z,2026-06-08T10:15:00+0200,125.84,EUR/MWh,BE,BE,day_ahead_price,value,2026-06-23T05:42:01Z
2026-06-23T05:41:39Z,2026-06-23T07:41:39+0200,c1c18315-63b2-412d-a1be-e7c0796f2236,2026-06-08T08:30:00Z,2026-06-08T10:30:00+0200,102.52,EUR/MWh,BE,BE,day_ahead_price,value,2026-06-23T05:42:01Z
2026-06-23T05:41:39Z,2026-06-23T07:41:39+0200,c1c18315-63b2-412d-a1be-e7c0796f2236,2026-06-08T08:45:00Z,2026-06-08T10:45:00+0200,82.32,EUR/MWh,BE,BE,day_ahead_price,value,2026-06-23T05:42:01Z
2026-06-23T05:41:39Z,2026-06-23T07:41:39+0200,c1c18315-63b2-412d-a1be-e7c0796f2236,2026-06-08T09:00:00Z,2026-06-08T11:00:00+0200,137.72,EUR/MWh,BE,BE,day_ahead_price,value,2026-06-23T05:42:01Z
2026-06-23T05:41:39Z,2026-06-23T07:41:39+0200,c1c18315-63b2-412d-a1be-e7c0796f2236,2026-06-08T09:15:00Z,2026-06-08T11:15:00+0200,122.34,EUR/MWh,BE,BE,day_ahead_price,value,2026-06-23T05:42:01Z
2026-06-23T05:41:39Z,2026-06-23T07:41:39+0200,c1c18315-63b2-412d-a1be-e7c0796f2236,2026-06-08T09:30:00Z,2026-06-08T11:30:00+0200,111.36,EUR/MWh,BE,BE,day_ahead_price,value,2026-06-23T05:42:01Z
2026-06-23T05:41:39Z,2026-06-23T07:41:39+0200,c1c18315-63b2-412d-a1be-e7c0796f2236,2026-06-08T09:45:00Z,2026-06-08T11:45:00+0200,100.15,EUR/MWh,BE,BE,day_ahead_price,value,2026-06-23T05:42:01Z
2026-06-23T05:41:39Z,2026-06-23T07:41:39+0200,c1c18315-63b2-412d-a1be-e7c0796f2236,2026-06-08T10:00:00Z,2026-06-08T12:00:00+0200,130.3,EUR/MWh,BE,BE,day_ahead_price,value,2026-06-23T05:42:01Z
2026-06-23T05:41:39Z,2026-06-23T07:41:39+0200,c1c18315-63b2-412d-a1be-e7c0796f2236,2026-06-08T10:15:00Z,2026-06-08T12:15:00+0200,125.71,EUR/MWh,BE,BE,day_ahead_price,value,2026-06-23T05:42:01Z
2026-06-23T05:41:39Z,2026-06-23T07:41:39+0200,c1c18315-63b2-412d-a1be-e7c0796f2236,2026-06-08T10:30:00Z,2026-06-08T12:30:00+0200,113.92,EUR/MWh,BE,BE,day_ahead_price,value,2026-06-23T05:42:01Z
2026-06-23T05:41:39Z,2026-06-23T07:41:39+0200,c1c18315-63b2-412d-a1be-e7c0796f2236,2026-06-08T10:45:00Z,2026-06-08T12:45:00+0200,120.0,EUR/MWh,BE,BE,day_ahead_price,value,2026-06-23T05:42:01Z
2026-06-23T05:41:39Z,2026-06-23T07:41:39+0200,c1c18315-63b2-412d-a1be-e7c0796f2236,2026-06-08T11:00:00Z,2026-06-08T13:00:00+0200,132.07,EUR/MWh,BE,BE,day_ahead_price,value,2026-06-23T05:42:01Z
2026-06-23T05:41:39Z,2026-06-23T07:41:39+0200,c1c18315-63b2-412d-a1be-e7c0796f2236,2026-06-08T11:15:00Z,2026-06-08T13:15:00+0200,135.0,EUR/MWh,BE,BE,day_ahead_price,value,2026-06-23T05:42:01Z
2026-06-23T05:41:39Z,2026-06-23T07:41:39+0200,c1c18315-63b2-412d-a1be-e7c0796f2236,2026-06-08T11:30:00Z,2026-06-08T13:30:00+0200,127.63,EUR/MWh,BE,BE,day_ahead_price,value,2026-06-23T05:42:01Z
2026-06-23T05:41:39Z,2026-06-23T07:41:39+0200,c1c18315-63b2-412d-a1be-e7c0796f2236,2026-06-08T11:45:00Z,2026-06-08T13:45:00+0200,97.3,EUR/MWh,BE,BE,day_ahead_price,value,2026-06-23T05:42:01Z
2026-06-23T05:41:39Z,2026-06-23T07:41:39+0200,c1c18315-63b2-412d-a1be-e7c0796f2236,2026-06-08T12:00:00Z,2026-06-08T14:00:00+0200,129.59,EUR/MWh,BE,BE,day_ahead_price,value,2026-06-23T05:42:01Z
2026-06-23T05:41:39Z,2026-06-23T07:41:39+0200,c1c18315-63b2-412d-a1be-e7c0796f2236,2026-06-08T12:15:00Z,2026-06-08T14:15:00+0200,106.99,EUR/MWh,BE,BE,day_ahead_price,value,2026-06-23T05:42:01Z
2026-06-23T05:41:39Z,2026-06-23T07:41:39+0200,c1c18315-63b2-412d-a1be-e7c0796f2236,2026-06-08T12:30:00Z,2026-06-08T14:30:00+0200,81.38,EUR/MWh,BE,BE,day_ahead_price,value,2026-06-23T05:42:01Z
2026-06-23T05:41:39Z,2026-06-23T07:41:39+0200,c1c18315-63b2-412d-a1be-e7c0796f2236,2026-06-08T12:45:00Z,2026-06-08T14:45:00+0200,86.73,EUR/MWh,BE,BE,day_ahead_price,value,2026-06-23T05:42:01Z
2026-06-23T05:41:39Z,2026-06-23T07:41:39+0200,c1c18315-63b2-412d-a1be-e7c0796f2236,2026-06-08T13:00:00Z,2026-06-08T15:00:00+0200,78.22,EUR/MWh,BE,BE,day_ahead_price,value,2026-06-23T05:42:01Z
2026-06-23T05:41:39Z,2026-06-23T07:41:39+0200,c1c18315-63b2-412d-a1be-e7c0796f2236,2026-06-08T13:15:00Z,2026-06-08T15:15:00+0200,85.02,EUR/MWh,BE,BE,day_ahead_price,value,2026-06-23T05:42:01Z
2026-06-23T05:41:39Z,2026-06-23T07:41:39+0200,c1c18315-63b2-412d-a1be-e7c0796f2236,2026-06-08T13:30:00Z,2026-06-08T15:30:00+0200,94.89,EUR/MWh,BE,BE,day_ahead_price,value,2026-06-23T05:42:01Z
2026-06-23T05:41:39Z,2026-06-23T07:41:39+0200,c1c18315-63b2-412d-a1be-e7c0796f2236,2026-06-08T13:45:00Z,2026-06-08T15:45:00+0200,111.21,EUR/MWh,BE,BE,day_ahead_price,value,2026-06-23T05:42:01Z
2026-06-23T05:41:39Z,2026-06-23T07:41:39+0200,c1c18315-63b2-412d-a1be-e7c0796f2236,2026-06-08T14:00:00Z,2026-06-08T16:00:00+0200,88.01,EUR/MWh,BE,BE,day_ahead_price,value,2026-06-23T05:42:01Z
2026-06-23T05:41:39Z,2026-06-23T07:41:39+0200,c1c18315-63b2-412d-a1be-e7c0796f2236,2026-06-08T14:15:00Z,2026-06-08T16:15:00+0200,95.34,EUR/MWh,BE,BE,day_ahead_price,value,2026-06-23T05:42:01Z
2026-06-23T05:41:39Z,2026-06-23T07:41:39+0200,c1c18315-63b2-412d-a1be-e7c0796f2236,2026-06-08T14:30:00Z,2026-06-08T16:30:00+0200,123.27,EUR/MWh,BE,BE,day_ahead_price,value,2026-06-23T05:42:01Z
2026-06-23T05:41:39Z,2026-06-23T07:41:39+0200,c1c18315-63b2-412d-a1be-e7c0796f2236,2026-06-08T14:45:00Z,2026-06-08T16:45:00+0200,119.56,EUR/MWh,BE,BE,day_ahead_price,value,2026-06-23T05:42:01Z
2026-06-23T05:41:39Z,2026-06-23T07:41:39+0200,c1c18315-63b2-412d-a1be-e7c0796f2236,2026-06-08T15:00:00Z,2026-06-08T17:00:00+0200,108.09,EUR/MWh,BE,BE,day_ahead_price,value,2026-06-23T05:42:01Z
2026-06-23T05:41:39Z,2026-06-23T07:41:39+0200,c1c18315-63b2-412d-a1be-e7c0796f2236,2026-06-08T15:15:00Z,2026-06-08T17:15:00+0200,112.92,EUR/MWh,BE,BE,day_ahead_price,value,2026-06-23T05:42:01Z
2026-06-23T05:41:39Z,2026-06-23T07:41:39+0200,c1c18315-63b2-412d-a1be-e7c0796f2236,2026-06-08T15:30:00Z,2026-06-08T17:30:00+0200,118.72,EUR/MWh,BE,BE,day_ahead_price,value,2026-06-23T05:42:01Z
2026-06-23T05:41:39Z,2026-06-23T07:41:39+0200,c1c18315-63b2-412d-a1be-e7c0796f2236,2026-06-08T15:45:00Z,2026-06-08T17:45:00+0200,140.79,EUR/MWh,BE,BE,day_ahead_price,value,2026-06-23T05:42:01Z
2026-06-23T05:41:39Z,2026-06-23T07:41:39+0200,c1c18315-63b2-412d-a1be-e7c0796f2236,2026-06-08T16:00:00Z,2026-06-08T18:00:00+0200,123.06,EUR/MWh,BE,BE,day_ahead_price,value,2026-06-23T05:42:01Z
2026-06-23T05:41:39Z,2026-06-23T07:41:39+0200,c1c18315-63b2-412d-a1be-e7c0796f2236,2026-06-08T16:15:00Z,2026-06-08T18:15:00+0200,125.13,EUR/MWh,BE,BE,day_ahead_price,value,2026-06-23T05:42:01Z
2026-06-23T05:41:39Z,2026-06-23T07:41:39+0200,c1c18315-63b2-412d-a1be-e7c0796f2236,2026-06-08T16:30:00Z,2026-06-08T18:30:00+0200,140.0,EUR/MWh,BE,BE,day_ahead_price,value,2026-06-23T05:42:01Z
2026-06-23T05:41:39Z,2026-06-23T07:41:39+0200,c1c18315-63b2-412d-a1be-e7c0796f2236,2026-06-08T16:45:00Z,2026-06-08T18:45:00+0200,169.05,EUR/MWh,BE,BE,day_ahead_price,value,2026-06-23T05:42:01Z
2026-06-23T05:41:39Z,2026-06-23T07:41:39+0200,c1c18315-63b2-412d-a1be-e7c0796f2236,2026-06-08T17:00:00Z,2026-06-08T19:00:00+0200,143.31,EUR/MWh,BE,BE,day_ahead_price,value,2026-06-23T05:42:01Z
2026-06-23T05:41:39Z,2026-06-23T07:41:39+0200,c1c18315-63b2-412d-a1be-e7c0796f2236,2026-06-08T17:15:00Z,2026-06-08T19:15:00+0200,164.77,EUR/MWh,BE,BE,day_ahead_price,value,2026-06-23T05:42:01Z
2026-06-23T05:41:39Z,2026-06-23T07:41:39+0200,c1c18315-63b2-412d-a1be-e7c0796f2236,2026-06-08T17:30:00Z,2026-06-08T19:30:00+0200,162.0,EUR/MWh,BE,BE,day_ahead_price,value,2026-06-23T05:42:01Z
2026-06-23T05:41:39Z,2026-06-23T07:41:39+0200,c1c18315-63b2-412d-a1be-e7c0796f2236,2026-06-08T17:45:00Z,2026-06-08T19:45:00+0200,215.73,EUR/MWh,BE,BE,day_ahead_price,value,2026-06-23T05:42:01Z
2026-06-23T05:41:39Z,2026-06-23T07:41:39+0200,c1c18315-63b2-412d-a1be-e7c0796f2236,2026-06-08T18:00:00Z,2026-06-08T20:00:00+0200,162.0,EUR/MWh,BE,BE,day_ahead_price,value,2026-06-23T05:42:01Z
2026-06-23T05:41:39Z,2026-06-23T07:41:39+0200,c1c18315-63b2-412d-a1be-e7c0796f2236,2026-06-08T18:15:00Z,2026-06-08T20:15:00+0200,183.99,EUR/MWh,BE,BE,day_ahead_price,value,2026-06-23T05:42:01Z
2026-06-23T05:41:39Z,2026-06-23T07:41:39+0200,c1c18315-63b2-412d-a1be-e7c0796f2236,2026-06-08T18:30:00Z,2026-06-08T20:30:00+0200,193.51,EUR/MWh,BE,BE,day_ahead_price,value,2026-06-23T05:42:01Z
2026-06-23T05:41:39Z,2026-06-23T07:41:39+0200,c1c18315-63b2-412d-a1be-e7c0796f2236,2026-06-08T18:45:00Z,2026-06-08T20:45:00+0200,185.34,EUR/MWh,BE,BE,day_ahead_price,value,2026-06-23T05:42:01Z
2026-06-23T05:41:39Z,2026-06-23T07:41:39+0200,c1c18315-63b2-412d-a1be-e7c0796f2236,2026-06-08T19:00:00Z,2026-06-08T21:00:00+0200,188.41,EUR/MWh,BE,BE,day_ahead_price,value,2026-06-23T05:42:01Z
2026-06-23T05:41:39Z,2026-06-23T07:41:39+0200,c1c18315-63b2-412d-a1be-e7c0796f2236,2026-06-08T19:15:00Z,2026-06-08T21:15:00+0200,168.42,EUR/MWh,BE,BE,day_ahead_price,value,2026-06-23T05:42:01Z
2026-06-23T05:41:39Z,2026-06-23T07:41:39+0200,c1c18315-63b2-412d-a1be-e7c0796f2236,2026-06-08T19:30:00Z,2026-06-08T21:30:00+0200,154.16,EUR/MWh,BE,BE,day_ahead_price,value,2026-06-23T05:42:01Z
2026-06-23T05:41:39Z,2026-06-23T07:41:39+0200,c1c18315-63b2-412d-a1be-e7c0796f2236,2026-06-08T19:45:00Z,2026-06-08T21:45:00+0200,152.78,EUR/MWh,BE,BE,day_ahead_price,value,2026-06-23T05:42:01Z
2026-06-23T05:41:39Z,2026-06-23T07:41:39+0200,c1c18315-63b2-412d-a1be-e7c0796f2236,2026-06-08T20:00:00Z,2026-06-08T22:00:00+0200,177.86,EUR/MWh,BE,BE,day_ahead_price,value,2026-06-23T05:42:01Z
2026-06-23T05:41:39Z,2026-06-23T07:41:39+0200,c1c18315-63b2-412d-a1be-e7c0796f2236,2026-06-08T20:15:00Z,2026-06-08T22:15:00+0200,154.42,EUR/MWh,BE,BE,day_ahead_price,value,2026-06-23T05:42:01Z
2026-06-23T05:41:39Z,2026-06-23T07:41:39+0200,c1c18315-63b2-412d-a1be-e7c0796f2236,2026-06-08T20:30:00Z,2026-06-08T22:30:00+0200,139.17,EUR/MWh,BE,BE,day_ahead_price,value,2026-06-23T05:42:01Z
2026-06-23T05:41:39Z,2026-06-23T07:41:39+0200,c1c18315-63b2-412d-a1be-e7c0796f2236,2026-06-08T20:45:00Z,2026-06-08T22:45:00+0200,134.57,EUR/MWh,BE,BE,day_ahead_price,value,2026-06-23T05:42:01Z
2026-06-23T05:41:39Z,2026-06-23T07:41:39+0200,c1c18315-63b2-412d-a1be-e7c0796f2236,2026-06-08T21:00:00Z,2026-06-08T23:00:00+0200,127.19,EUR/MWh,BE,BE,day_ahead_price,value,2026-06-23T05:42:01Z
2026-06-23T05:41:39Z,2026-06-23T07:41:39+0200,c1c18315-63b2-412d-a1be-e7c0796f2236,2026-06-08T21:15:00Z,2026-06-08T23:15:00+0200,118.25,EUR/MWh,BE,BE,day_ahead_price,value,2026-06-23T05:42:01Z
2026-06-23T05:41:39Z,2026-06-23T07:41:39+0200,c1c18315-63b2-412d-a1be-e7c0796f2236,2026-06-08T21:30:00Z,2026-06-08T23:30:00+0200,128.25,EUR/MWh,BE,BE,day_ahead_price,value,2026-06-23T05:42:01Z
2026-06-23T05:41:39Z,2026-06-23T07:41:39+0200,c1c18315-63b2-412d-a1be-e7c0796f2236,2026-06-08T21:45:00Z,2026-06-08T23:45:00+0200,116.7,EUR/MWh,BE,BE,day_ahead_price,value,2026-06-23T05:42:01Z
2026-06-23T05:41:39Z,2026-06-23T07:41:39+0200,c1c18315-63b2-412d-a1be-e7c0796f2236,2026-06-08T22:00:00Z,2026-06-09T00:00:00+0200,132.5,EUR/MWh,BE,BE,day_ahead_price,value,2026-06-23T05:42:01Z
2026-06-23T05:41:39Z,2026-06-23T07:41:39+0200,c1c18315-63b2-412d-a1be-e7c0796f2236,2026-06-08T22:15:00Z,2026-06-09T00:15:00+0200,117.9,EUR/MWh,BE,BE,day_ahead_price,value,2026-06-23T05:42:01Z
2026-06-23T05:41:39Z,2026-06-23T07:41:39+0200,c1c18315-63b2-412d-a1be-e7c0796f2236,2026-06-08T22:30:00Z,2026-06-09T00:30:00+0200,115.46,EUR/MWh,BE,BE,day_ahead_price,value,2026-06-23T05:42:01Z
2026-06-23T05:41:39Z,2026-06-23T07:41:39+0200,c1c18315-63b2-412d-a1be-e7c0796f2236,2026-06-08T22:45:00Z,2026-06-09T00:45:00+0200,105.92,EUR/MWh,BE,BE,day_ahead_price,value,2026-06-23T05:42:01Z
2026-06-23T05:41:39Z,2026-06-23T07:41:39+0200,c1c18315-63b2-412d-a1be-e7c0796f2236,2026-06-08T23:00:00Z,2026-06-09T01:00:00+0200,115.0,EUR/MWh,BE,BE,day_ahead_price,value,2026-06-23T05:42:01Z
2026-06-23T05:41:39Z,2026-06-23T07:41:39+0200,c1c18315-63b2-412d-a1be-e7c0796f2236,2026-06-08T23:15:00Z,2026-06-09T01:15:00+0200,110.25,EUR/MWh,BE,BE,day_ahead_price,value,2026-06-23T05:42:01Z
2026-06-23T05:41:39Z,2026-06-23T07:41:39+0200,c1c18315-63b2-412d-a1be-e7c0796f2236,2026-06-08T23:30:00Z,2026-06-09T01:30:00+0200,111.57,EUR/MWh,BE,BE,day_ahead_price,value,2026-06-23T05:42:01Z
2026-06-23T05:41:39Z,2026-06-23T07:41:39+0200,c1c18315-63b2-412d-a1be-e7c0796f2236,2026-06-08T23:45:00Z,2026-06-09T01:45:00+0200,108.29,EUR/MWh,BE,BE,day_ahead_price,value,2026-06-23T05:42:01Z
2026-06-23T05:41:39Z,2026-06-23T07:41:39+0200,c1c18315-63b2-412d-a1be-e7c0796f2236,2026-06-09T00:00:00Z,2026-06-09T02:00:00+0200,108.28,EUR/MWh,BE,BE,day_ahead_price,value,2026-06-23T05:42:01Z
2026-06-23T05:41:39Z,2026-06-23T07:41:39+0200,c1c18315-63b2-412d-a1be-e7c0796f2236,2026-06-09T00:15:00Z,2026-06-09T02:15:00+0200,103.17,EUR/MWh,BE,BE,day_ahead_price,value,2026-06-23T05:42:01Z
2026-06-23T05:41:39Z,2026-06-23T07:41:39+0200,c1c18315-63b2-412d-a1be-e7c0796f2236,2026-06-09T00:30:00Z,2026-06-09T02:30:00+0200,103.52,EUR/MWh,BE,BE,day_ahead_price,value,2026-06-23T05:42:01Z
2026-06-23T05:41:39Z,2026-06-23T07:41:39+0200,c1c18315-63b2-412d-a1be-e7c0796f2236,2026-06-09T00:45:00Z,2026-06-09T02:45:00+0200,99.89,EUR/MWh,BE,BE,day_ahead_price,value,2026-06-23T05:42:01Z
2026-06-23T05:41:39Z,2026-06-23T07:41:39+0200,c1c18315-63b2-412d-a1be-e7c0796f2236,2026-06-09T01:00:00Z,2026-06-09T03:00:00+0200,102.6,EUR/MWh,BE,BE,day_ahead_price,value,2026-06-23T05:42:01Z
2026-06-23T05:41:39Z,2026-06-23T07:41:39+0200,c1c18315-63b2-412d-a1be-e7c0796f2236,2026-06-09T01:15:00Z,2026-06-09T03:15:00+0200,98.96,EUR/MWh,BE,BE,day_ahead_price,value,2026-06-23T05:42:01Z
2026-06-23T05:41:39Z,2026-06-23T07:41:39+0200,c1c18315-63b2-412d-a1be-e7c0796f2236,2026-06-09T01:30:00Z,2026-06-09T03:30:00+0200,98.96,EUR/MWh,BE,BE,day_ahead_price,value,2026-06-23T05:42:01Z
2026-06-23T05:41:39Z,2026-06-23T07:41:39+0200,c1c18315-63b2-412d-a1be-e7c0796f2236,2026-06-09T01:45:00Z,2026-06-09T03:45:00+0200,97.67,EUR/MWh,BE,BE,day_ahead_price,value,2026-06-23T05:42:01Z
2026-06-23T05:41:39Z,2026-06-23T07:41:39+0200,c1c18315-63b2-412d-a1be-e7c0796f2236,2026-06-09T02:00:00Z,2026-06-09T04:00:00+0200,96.68,EUR/MWh,BE,BE,day_ahead_price,value,2026-06-23T05:42:01Z
2026-06-23T05:41:39Z,2026-06-23T07:41:39+0200,c1c18315-63b2-412d-a1be-e7c0796f2236,2026-06-09T02:15:00Z,2026-06-09T04:15:00+0200,95.68,EUR/MWh,BE,BE,day_ahead_price,value,2026-06-23T05:42:01Z
2026-06-23T05:41:39Z,2026-06-23T07:41:39+0200,c1c18315-63b2-412d-a1be-e7c0796f2236,2026-06-09T02:30:00Z,2026-06-09T04:30:00+0200,99.34,EUR/MWh,BE,BE,day_ahead_price,value,2026-06-23T05:42:01Z
2026-06-23T05:41:39Z,2026-06-23T07:41:39+0200,c1c18315-63b2-412d-a1be-e7c0796f2236,2026-06-09T02:45:00Z,2026-06-09T04:45:00+0200,99.51,EUR/MWh,BE,BE,day_ahead_price,value,2026-06-23T05:42:01Z
2026-06-23T05:41:39Z,2026-06-23T07:41:39+0200,c1c18315-63b2-412d-a1be-e7c0796f2236,2026-06-09T03:00:00Z,2026-06-09T05:00:00+0200,101.2,EUR/MWh,BE,BE,day_ahead_price,value,2026-06-23T05:42:01Z
2026-06-23T05:41:39Z,2026-06-23T07:41:39+0200,c1c18315-63b2-412d-a1be-e7c0796f2236,2026-06-09T03:15:00Z,2026-06-09T05:15:00+0200,102.56,EUR/MWh,BE,BE,day_ahead_price,value,2026-06-23T05:42:01Z
2026-06-23T05:41:39Z,2026-06-23T07:41:39+0200,c1c18315-63b2-412d-a1be-e7c0796f2236,2026-06-09T03:30:00Z,2026-06-09T05:30:00+0200,102.12,EUR/MWh,BE,BE,day_ahead_price,value,2026-06-23T05:42:01Z
2026-06-23T05:41:39Z,2026-06-23T07:41:39+0200,c1c18315-63b2-412d-a1be-e7c0796f2236,2026-06-09T03:45:00Z,2026-06-09T05:45:00+0200,105.17,EUR/MWh,BE,BE,day_ahead_price,value,2026-06-23T05:42:01Z
2026-06-23T05:41:39Z,2026-06-23T07:41:39+0200,c1c18315-63b2-412d-a1be-e7c0796f2236,2026-06-09T04:00:00Z,2026-06-09T06:00:00+0200,111.69,EUR/MWh,BE,BE,day_ahead_price,value,2026-06-23T05:42:01Z
2026-06-23T05:41:39Z,2026-06-23T07:41:39+0200,c1c18315-63b2-412d-a1be-e7c0796f2236,2026-06-09T04:15:00Z,2026-06-09T06:15:00+0200,117.66,EUR/MWh,BE,BE,day_ahead_price,value,2026-06-23T05:42:01Z
2026-06-23T05:41:39Z,2026-06-23T07:41:39+0200,c1c18315-63b2-412d-a1be-e7c0796f2236,2026-06-09T04:30:00Z,2026-06-09T06:30:00+0200,123.4,EUR/MWh,BE,BE,day_ahead_price,value,2026-06-23T05:42:01Z
2026-06-23T05:41:39Z,2026-06-23T07:41:39+0200,c1c18315-63b2-412d-a1be-e7c0796f2236,2026-06-09T04:45:00Z,2026-06-09T06:45:00+0200,121.05,EUR/MWh,BE,BE,day_ahead_price,value,2026-06-23T05:42:01Z
2026-06-23T05:41:39Z,2026-06-23T07:41:39+0200,c1c18315-63b2-412d-a1be-e7c0796f2236,2026-06-09T05:00:00Z,2026-06-09T07:00:00+0200,129.41,EUR/MWh,BE,BE,day_ahead_price,value,2026-06-23T05:42:01Z
2026-06-23T05:41:39Z,2026-06-23T07:41:39+0200,c1c18315-63b2-412d-a1be-e7c0796f2236,2026-06-09T05:15:00Z,2026-06-09T07:15:00+0200,126.63,EUR/MWh,BE,BE,day_ahead_price,value,2026-06-23T05:42:01Z
2026-06-23T05:41:39Z,2026-06-23T07:41:39+0200,c1c18315-63b2-412d-a1be-e7c0796f2236,2026-06-09T05:30:00Z,2026-06-09T07:30:00+0200,125.62,EUR/MWh,BE,BE,day_ahead_price,value,2026-06-23T05:42:01Z
2026-06-23T05:41:39Z,2026-06-23T07:41:39+0200,c1c18315-63b2-412d-a1be-e7c0796f2236,2026-06-09T05:45:00Z,2026-06-09T07:45:00+0200,119.9,EUR/MWh,BE,BE,day_ahead_price,value,2026-06-23T05:42:01Z
2026-06-23T05:41:39Z,2026-06-23T07:41:39+0200,c1c18315-63b2-412d-a1be-e7c0796f2236,2026-06-09T06:00:00Z,2026-06-09T08:00:00+0200,131.1,EUR/MWh,BE,BE,day_ahead_price,value,2026-06-23T05:42:01Z
2026-06-23T05:41:39Z,2026-06-23T07:41:39+0200,c1c18315-63b2-412d-a1be-e7c0796f2236,2026-06-09T06:15:00Z,2026-06-09T08:15:00+0200,118.04,EUR/MWh,BE,BE,day_ahead_price,value,2026-06-23T05:42:01Z
2026-06-23T05:41:39Z,2026-06-23T07:41:39+0200,c1c18315-63b2-412d-a1be-e7c0796f2236,2026-06-09T06:30:00Z,2026-06-09T08:30:00+0200,113.27,EUR/MWh,BE,BE,day_ahead_price,value,2026-06-23T05:42:01Z
2026-06-23T05:41:39Z,2026-06-23T07:41:39+0200,c1c18315-63b2-412d-a1be-e7c0796f2236,2026-06-09T06:45:00Z,2026-06-09T08:45:00+0200,100.94,EUR/MWh,BE,BE,day_ahead_price,value,2026-06-23T05:42:01Z
2026-06-23T05:41:39Z,2026-06-23T07:41:39+0200,c1c18315-63b2-412d-a1be-e7c0796f2236,2026-06-09T07:00:00Z,2026-06-09T09:00:00+0200,111.26,EUR/MWh,BE,BE,day_ahead_price,value,2026-06-23T05:42:01Z
2026-06-23T05:41:39Z,2026-06-23T07:41:39+0200,c1c18315-63b2-412d-a1be-e7c0796f2236,2026-06-09T07:15:00Z,2026-06-09T09:15:00+0200,95.09,EUR/MWh,BE,BE,day_ahead_price,value,2026-06-23T05:42:01Z
2026-06-23T05:41:39Z,2026-06-23T07:41:39+0200,c1c18315-63b2-412d-a1be-e7c0796f2236,2026-06-09T07:30:00Z,2026-06-09T09:30:00+0200,88.92,EUR/MWh,BE,BE,day_ahead_price,value,2026-06-23T05:42:01Z
2026-06-23T05:41:39Z,2026-06-23T07:41:39+0200,c1c18315-63b2-412d-a1be-e7c0796f2236,2026-06-09T07:45:00Z,2026-06-09T09:45:00+0200,64.91,EUR/MWh,BE,BE,day_ahead_price,value,2026-06-23T05:42:01Z
2026-06-23T05:41:39Z,2026-06-23T07:41:39+0200,c1c18315-63b2-412d-a1be-e7c0796f2236,2026-06-09T08:00:00Z,2026-06-09T10:00:00+0200,73.88,EUR/MWh,BE,BE,day_ahead_price,value,2026-06-23T05:42:01Z
2026-06-23T05:41:39Z,2026-06-23T07:41:39+0200,c1c18315-63b2-412d-a1be-e7c0796f2236,2026-06-09T08:15:00Z,2026-06-09T10:15:00+0200,63.38,EUR/MWh,BE,BE,day_ahead_price,value,2026-06-23T05:42:01Z
2026-06-23T05:41:39Z,2026-06-23T07:41:39+0200,c1c18315-63b2-412d-a1be-e7c0796f2236,2026-06-09T08:30:00Z,2026-06-09T10:30:00+0200,58.09,EUR/MWh,BE,BE,day_ahead_price,value,2026-06-23T05:42:01Z
2026-06-23T05:41:39Z,2026-06-23T07:41:39+0200,c1c18315-63b2-412d-a1be-e7c0796f2236,2026-06-09T08:45:00Z,2026-06-09T10:45:00+0200,47.46,EUR/MWh,BE,BE,day_ahead_price,value,2026-06-23T05:42:01Z
2026-06-23T05:41:39Z,2026-06-23T07:41:39+0200,c1c18315-63b2-412d-a1be-e7c0796f2236,2026-06-09T09:00:00Z,2026-06-09T11:00:00+0200,59.93,EUR/MWh,BE,BE,day_ahead_price,value,2026-06-23T05:42:01Z
2026-06-23T05:41:39Z,2026-06-23T07:41:39+0200,c1c18315-63b2-412d-a1be-e7c0796f2236,2026-06-09T09:15:00Z,2026-06-09T11:15:00+0200,47.67,EUR/MWh,BE,BE,day_ahead_price,value,2026-06-23T05:42:01Z
2026-06-23T05:41:39Z,2026-06-23T07:41:39+0200,c1c18315-63b2-412d-a1be-e7c0796f2236,2026-06-09T09:30:00Z,2026-06-09T11:30:00+0200,40.88,EUR/MWh,BE,BE,day_ahead_price,value,2026-06-23T05:42:01Z
2026-06-23T05:41:39Z,2026-06-23T07:41:39+0200,c1c18315-63b2-412d-a1be-e7c0796f2236,2026-06-09T09:45:00Z,2026-06-09T11:45:00+0200,29.45,EUR/MWh,BE,BE,day_ahead_price,value,2026-06-23T05:42:01Z
2026-06-23T05:41:39Z,2026-06-23T07:41:39+0200,c1c18315-63b2-412d-a1be-e7c0796f2236,2026-06-09T10:00:00Z,2026-06-09T12:00:00+0200,37.03,EUR/MWh,BE,BE,day_ahead_price,value,2026-06-23T05:42:01Z
2026-06-23T05:41:39Z,2026-06-23T07:41:39+0200,c1c18315-63b2-412d-a1be-e7c0796f2236,2026-06-09T10:15:00Z,2026-06-09T12:15:00+0200,20.72,EUR/MWh,BE,BE,day_ahead_price,value,2026-06-23T05:42:01Z
2026-06-23T05:41:39Z,2026-06-23T07:41:39+0200,c1c18315-63b2-412d-a1be-e7c0796f2236,2026-06-09T10:30:00Z,2026-06-09T12:30:00+0200,11.43,EUR/MWh,BE,BE,day_ahead_price,value,2026-06-23T05:42:01Z
2026-06-23T05:41:39Z,2026-06-23T07:41:39+0200,c1c18315-63b2-412d-a1be-e7c0796f2236,2026-06-09T10:45:00Z,2026-06-09T12:45:00+0200,6.1,EUR/MWh,BE,BE,day_ahead_price,value,2026-06-23T05:42:01Z
2026-06-23T05:41:39Z,2026-06-23T07:41:39+0200,c1c18315-63b2-412d-a1be-e7c0796f2236,2026-06-09T11:00:00Z,2026-06-09T13:00:00+0200,8.14,EUR/MWh,BE,BE,day_ahead_price,value,2026-06-23T05:42:01Z
2026-06-23T05:41:39Z,2026-06-23T07:41:39+0200,c1c18315-63b2-412d-a1be-e7c0796f2236,2026-06-09T11:15:00Z,2026-06-09T13:15:00+0200,4.72,EUR/MWh,BE,BE,day_ahead_price,value,2026-06-23T05:42:01Z
2026-06-23T05:41:39Z,2026-06-23T07:41:39+0200,c1c18315-63b2-412d-a1be-e7c0796f2236,2026-06-09T11:30:00Z,2026-06-09T13:30:00+0200,2.89,EUR/MWh,BE,BE,day_ahead_price,value,2026-06-23T05:42:01Z
2026-06-23T05:41:39Z,2026-06-23T07:41:39+0200,c1c18315-63b2-412d-a1be-e7c0796f2236,2026-06-09T11:45:00Z,2026-06-09T13:45:00+0200,1.83,EUR/MWh,BE,BE,day_ahead_price,value,2026-06-23T05:42:01Z
2026-06-23T05:41:39Z,2026-06-23T07:41:39+0200,c1c18315-63b2-412d-a1be-e7c0796f2236,2026-06-09T12:00:00Z,2026-06-09T14:00:00+0200,0.9,EUR/MWh,BE,BE,day_ahead_price,value,2026-06-23T05:42:01Z
2026-06-23T05:41:39Z,2026-06-23T07:41:39+0200,c1c18315-63b2-412d-a1be-e7c0796f2236,2026-06-09T12:15:00Z,2026-06-09T14:15:00+0200,2.59,EUR/MWh,BE,BE,day_ahead_price,value,2026-06-23T05:42:01Z
2026-06-23T05:41:39Z,2026-06-23T07:41:39+0200,c1c18315-63b2-412d-a1be-e7c0796f2236,2026-06-09T12:30:00Z,2026-06-09T14:30:00+0200,2.73,EUR/MWh,BE,BE,day_ahead_price,value,2026-06-23T05:42:01Z
2026-06-23T05:41:39Z,2026-06-23T07:41:39+0200,c1c18315-63b2-412d-a1be-e7c0796f2236,2026-06-09T12:45:00Z,2026-06-09T14:45:00+0200,2.86,EUR/MWh,BE,BE,day_ahead_price,value,2026-06-23T05:42:01Z
2026-06-23T05:41:39Z,2026-06-23T07:41:39+0200,c1c18315-63b2-412d-a1be-e7c0796f2236,2026-06-09T13:00:00Z,2026-06-09T15:00:00+0200,1.85,EUR/MWh,BE,BE,day_ahead_price,value,2026-06-23T05:42:01Z
2026-06-23T05:41:39Z,2026-06-23T07:41:39+0200,c1c18315-63b2-412d-a1be-e7c0796f2236,2026-06-09T13:15:00Z,2026-06-09T15:15:00+0200,3.09,EUR/MWh,BE,BE,day_ahead_price,value,2026-06-23T05:42:01Z
2026-06-23T05:41:39Z,2026-06-23T07:41:39+0200,c1c18315-63b2-412d-a1be-e7c0796f2236,2026-06-09T13:30:00Z,2026-06-09T15:30:00+0200,3.83,EUR/MWh,BE,BE,day_ahead_price,value,2026-06-23T05:42:01Z
2026-06-23T05:41:39Z,2026-06-23T07:41:39+0200,c1c18315-63b2-412d-a1be-e7c0796f2236,2026-06-09T13:45:00Z,2026-06-09T15:45:00+0200,7.91,EUR/MWh,BE,BE,day_ahead_price,value,2026-06-23T05:42:01Z
2026-06-23T05:41:39Z,2026-06-23T07:41:39+0200,c1c18315-63b2-412d-a1be-e7c0796f2236,2026-06-09T14:00:00Z,2026-06-09T16:00:00+0200,5.24,EUR/MWh,BE,BE,day_ahead_price,value,2026-06-23T05:42:01Z
2026-06-23T05:41:39Z,2026-06-23T07:41:39+0200,c1c18315-63b2-412d-a1be-e7c0796f2236,2026-06-09T14:15:00Z,2026-06-09T16:15:00+0200,13.94,EUR/MWh,BE,BE,day_ahead_price,value,2026-06-23T05:42:01Z
2026-06-23T05:41:39Z,2026-06-23T07:41:39+0200,c1c18315-63b2-412d-a1be-e7c0796f2236,2026-06-09T14:30:00Z,2026-06-09T16:30:00+0200,36.07,EUR/MWh,BE,BE,day_ahead_price,value,2026-06-23T05:42:01Z
2026-06-23T05:41:39Z,2026-06-23T07:41:39+0200,c1c18315-63b2-412d-a1be-e7c0796f2236,2026-06-09T14:45:00Z,2026-06-09T16:45:00+0200,56.91,EUR/MWh,BE,BE,day_ahead_price,value,2026-06-23T05:42:01Z
2026-06-23T05:41:39Z,2026-06-23T07:41:39+0200,c1c18315-63b2-412d-a1be-e7c0796f2236,2026-06-09T15:00:00Z,2026-06-09T17:00:00+0200,24.16,EUR/MWh,BE,BE,day_ahead_price,value,2026-06-23T05:42:01Z
2026-06-23T05:41:39Z,2026-06-23T07:41:39+0200,c1c18315-63b2-412d-a1be-e7c0796f2236,2026-06-09T15:15:00Z,2026-06-09T17:15:00+0200,61.2,EUR/MWh,BE,BE,day_ahead_price,value,2026-06-23T05:42:01Z
2026-06-23T05:41:39Z,2026-06-23T07:41:39+0200,c1c18315-63b2-412d-a1be-e7c0796f2236,2026-06-09T15:30:00Z,2026-06-09T17:30:00+0200,79.26,EUR/MWh,BE,BE,day_ahead_price,value,2026-06-23T05:42:01Z
2026-06-23T05:41:39Z,2026-06-23T07:41:39+0200,c1c18315-63b2-412d-a1be-e7c0796f2236,2026-06-09T15:45:00Z,2026-06-09T17:45:00+0200,91.37,EUR/MWh,BE,BE,day_ahead_price,value,2026-06-23T05:42:01Z
2026-06-23T05:41:39Z,2026-06-23T07:41:39+0200,c1c18315-63b2-412d-a1be-e7c0796f2236,2026-06-09T16:00:00Z,2026-06-09T18:00:00+0200,79.29,EUR/MWh,BE,BE,day_ahead_price,value,2026-06-23T05:42:01Z
2026-06-23T05:41:39Z,2026-06-23T07:41:39+0200,c1c18315-63b2-412d-a1be-e7c0796f2236,2026-06-09T16:15:00Z,2026-06-09T18:15:00+0200,94.97,EUR/MWh,BE,BE,day_ahead_price,value,2026-06-23T05:42:01Z
2026-06-23T05:41:39Z,2026-06-23T07:41:39+0200,c1c18315-63b2-412d-a1be-e7c0796f2236,2026-06-09T16:30:00Z,2026-06-09T18:30:00+0200,109.7,EUR/MWh,BE,BE,day_ahead_price,value,2026-06-23T05:42:01Z
2026-06-23T05:41:39Z,2026-06-23T07:41:39+0200,c1c18315-63b2-412d-a1be-e7c0796f2236,2026-06-09T16:45:00Z,2026-06-09T18:45:00+0200,118.04,EUR/MWh,BE,BE,day_ahead_price,value,2026-06-23T05:42:01Z
2026-06-23T05:41:39Z,2026-06-23T07:41:39+0200,c1c18315-63b2-412d-a1be-e7c0796f2236,2026-06-09T17:00:00Z,2026-06-09T19:00:00+0200,105.65,EUR/MWh,BE,BE,day_ahead_price,value,2026-06-23T05:42:01Z
2026-06-23T05:41:39Z,2026-06-23T07:41:39+0200,c1c18315-63b2-412d-a1be-e7c0796f2236,2026-06-09T17:15:00Z,2026-06-09T19:15:00+0200,122.2,EUR/MWh,BE,BE,day_ahead_price,value,2026-06-23T05:42:01Z
2026-06-23T05:41:39Z,2026-06-23T07:41:39+0200,c1c18315-63b2-412d-a1be-e7c0796f2236,2026-06-09T17:30:00Z,2026-06-09T19:30:00+0200,129.05,EUR/MWh,BE,BE,day_ahead_price,value,2026-06-23T05:42:01Z
2026-06-23T05:41:39Z,2026-06-23T07:41:39+0200,c1c18315-63b2-412d-a1be-e7c0796f2236,2026-06-09T17:45:00Z,2026-06-09T19:45:00+0200,121.45,EUR/MWh,BE,BE,day_ahead_price,value,2026-06-23T05:42:01Z
2026-06-23T05:41:39Z,2026-06-23T07:41:39+0200,c1c18315-63b2-412d-a1be-e7c0796f2236,2026-06-09T18:00:00Z,2026-06-09T20:00:00+0200,120.23,EUR/MWh,BE,BE,day_ahead_price,value,2026-06-23T05:42:01Z
2026-06-23T05:41:39Z,2026-06-23T07:41:39+0200,c1c18315-63b2-412d-a1be-e7c0796f2236,2026-06-09T18:15:00Z,2026-06-09T20:15:00+0200,139.91,EUR/MWh,BE,BE,day_ahead_price,value,2026-06-23T05:42:01Z
2026-06-23T05:41:39Z,2026-06-23T07:41:39+0200,c1c18315-63b2-412d-a1be-e7c0796f2236,2026-06-09T18:30:00Z,2026-06-09T20:30:00+0200,150.82,EUR/MWh,BE,BE,day_ahead_price,value,2026-06-23T05:42:01Z
2026-06-23T05:41:39Z,2026-06-23T07:41:39+0200,c1c18315-63b2-412d-a1be-e7c0796f2236,2026-06-09T18:45:00Z,2026-06-09T20:45:00+0200,162.7,EUR/MWh,BE,BE,day_ahead_price,value,2026-06-23T05:42:01Z
2026-06-23T05:41:39Z,2026-06-23T07:41:39+0200,c1c18315-63b2-412d-a1be-e7c0796f2236,2026-06-09T19:00:00Z,2026-06-09T21:00:00+0200,139.87,EUR/MWh,BE,BE,day_ahead_price,value,2026-06-23T05:42:01Z
2026-06-23T05:41:39Z,2026-06-23T07:41:39+0200,c1c18315-63b2-412d-a1be-e7c0796f2236,2026-06-09T19:15:00Z,2026-06-09T21:15:00+0200,152.59,EUR/MWh,BE,BE,day_ahead_price,value,2026-06-23T05:42:01Z
2026-06-23T05:41:39Z,2026-06-23T07:41:39+0200,c1c18315-63b2-412d-a1be-e7c0796f2236,2026-06-09T19:30:00Z,2026-06-09T21:30:00+0200,155.83,EUR/MWh,BE,BE,day_ahead_price,value,2026-06-23T05:42:01Z
2026-06-23T05:41:39Z,2026-06-23T07:41:39+0200,c1c18315-63b2-412d-a1be-e7c0796f2236,2026-06-09T19:45:00Z,2026-06-09T21:45:00+0200,149.97,EUR/MWh,BE,BE,day_ahead_price,value,2026-06-23T05:42:01Z
2026-06-23T05:41:39Z,2026-06-23T07:41:39+0200,c1c18315-63b2-412d-a1be-e7c0796f2236,2026-06-09T20:00:00Z,2026-06-09T22:00:00+0200,149.73,EUR/MWh,BE,BE,day_ahead_price,value,2026-06-23T05:42:01Z
2026-06-23T05:41:39Z,2026-06-23T07:41:39+0200,c1c18315-63b2-412d-a1be-e7c0796f2236,2026-06-09T20:15:00Z,2026-06-09T22:15:00+0200,149.01,EUR/MWh,BE,BE,day_ahead_price,value,2026-06-23T05:42:01Z
2026-06-23T05:41:39Z,2026-06-23T07:41:39+0200,c1c18315-63b2-412d-a1be-e7c0796f2236,2026-06-09T20:30:00Z,2026-06-09T22:30:00+0200,142.46,EUR/MWh,BE,BE,day_ahead_price,value,2026-06-23T05:42:01Z
2026-06-23T05:41:39Z,2026-06-23T07:41:39+0200,c1c18315-63b2-412d-a1be-e7c0796f2236,2026-06-09T20:45:00Z,2026-06-09T22:45:00+0200,130.8,EUR/MWh,BE,BE,day_ahead_price,value,2026-06-23T05:42:01Z
2026-06-23T05:41:39Z,2026-06-23T07:41:39+0200,c1c18315-63b2-412d-a1be-e7c0796f2236,2026-06-09T21:00:00Z,2026-06-09T23:00:00+0200,132.17,EUR/MWh,BE,BE,day_ahead_price,value,2026-06-23T05:42:01Z
2026-06-23T05:41:39Z,2026-06-23T07:41:39+0200,c1c18315-63b2-412d-a1be-e7c0796f2236,2026-06-09T21:15:00Z,2026-06-09T23:15:00+0200,123.67,EUR/MWh,BE,BE,day_ahead_price,value,2026-06-23T05:42:01Z
2026-06-23T05:41:39Z,2026-06-23T07:41:39+0200,c1c18315-63b2-412d-a1be-e7c0796f2236,2026-06-09T21:30:00Z,2026-06-09T23:30:00+0200,125.66,EUR/MWh,BE,BE,day_ahead_price,value,2026-06-23T05:42:01Z
2026-06-23T05:41:39Z,2026-06-23T07:41:39+0200,c1c18315-63b2-412d-a1be-e7c0796f2236,2026-06-09T21:45:00Z,2026-06-09T23:45:00+0200,118.17,EUR/MWh,BE,BE,day_ahead_price,value,2026-06-23T05:42:01Z
2026-06-23T05:41:39Z,2026-06-23T07:41:39+0200,c1c18315-63b2-412d-a1be-e7c0796f2236,2026-06-09T22:00:00Z,2026-06-10T00:00:00+0200,118.59,EUR/MWh,BE,BE,day_ahead_price,value,2026-06-23T05:42:01Z
2026-06-23T05:41:39Z,2026-06-23T07:41:39+0200,c1c18315-63b2-412d-a1be-e7c0796f2236,2026-06-09T22:15:00Z,2026-06-10T00:15:00+0200,115.71,EUR/MWh,BE,BE,day_ahead_price,value,2026-06-23T05:42:01Z
2026-06-23T05:41:39Z,2026-06-23T07:41:39+0200,c1c18315-63b2-412d-a1be-e7c0796f2236,2026-06-09T22:30:00Z,2026-06-10T00:30:00+0200,112.05,EUR/MWh,BE,BE,day_ahead_price,value,2026-06-23T05:42:01Z
2026-06-23T05:41:39Z,2026-06-23T07:41:39+0200,c1c18315-63b2-412d-a1be-e7c0796f2236,2026-06-09T22:45:00Z,2026-06-10T00:45:00+0200,104.52,EUR/MWh,BE,BE,day_ahead_price,value,2026-06-23T05:42:01Z
2026-06-23T05:41:39Z,2026-06-23T07:41:39+0200,c1c18315-63b2-412d-a1be-e7c0796f2236,2026-06-09T23:00:00Z,2026-06-10T01:00:00+0200,112.53,EUR/MWh,BE,BE,day_ahead_price,value,2026-06-23T05:42:01Z
2026-06-23T05:41:39Z,2026-06-23T07:41:39+0200,c1c18315-63b2-412d-a1be-e7c0796f2236,2026-06-09T23:15:00Z,2026-06-10T01:15:00+0200,108.43,EUR/MWh,BE,BE,day_ahead_price,value,2026-06-23T05:42:01Z
2026-06-23T05:41:39Z,2026-06-23T07:41:39+0200,c1c18315-63b2-412d-a1be-e7c0796f2236,2026-06-09T23:30:00Z,2026-06-10T01:30:00+0200,105.82,EUR/MWh,BE,BE,day_ahead_price,value,2026-06-23T05:42:01Z
2026-06-23T05:41:39Z,2026-06-23T07:41:39+0200,c1c18315-63b2-412d-a1be-e7c0796f2236,2026-06-09T23:45:00Z,2026-06-10T01:45:00+0200,102.38,EUR/MWh,BE,BE,day_ahead_price,value,2026-06-23T05:42:01Z
2026-06-23T05:41:39Z,2026-06-23T07:41:39+0200,c1c18315-63b2-412d-a1be-e7c0796f2236,2026-06-10T00:00:00Z,2026-06-10T02:00:00+0200,103.67,EUR/MWh,BE,BE,day_ahead_price,value,2026-06-23T05:42:01Z
2026-06-23T05:41:39Z,2026-06-23T07:41:39+0200,c1c18315-63b2-412d-a1be-e7c0796f2236,2026-06-10T00:15:00Z,2026-06-10T02:15:00+0200,99.46,EUR/MWh,BE,BE,day_ahead_price,value,2026-06-23T05:42:01Z
2026-06-23T05:41:39Z,2026-06-23T07:41:39+0200,c1c18315-63b2-412d-a1be-e7c0796f2236,2026-06-10T00:30:00Z,2026-06-10T02:30:00+0200,98.03,EUR/MWh,BE,BE,day_ahead_price,value,2026-06-23T05:42:01Z
2026-06-23T05:41:39Z,2026-06-23T07:41:39+0200,c1c18315-63b2-412d-a1be-e7c0796f2236,2026-06-10T00:45:00Z,2026-06-10T02:45:00+0200,93.13,EUR/MWh,BE,BE,day_ahead_price,value,2026-06-23T05:42:01Z
2026-06-23T05:41:39Z,2026-06-23T07:41:39+0200,c1c18315-63b2-412d-a1be-e7c0796f2236,2026-06-10T01:00:00Z,2026-06-10T03:00:00+0200,92.17,EUR/MWh,BE,BE,day_ahead_price,value,2026-06-23T05:42:01Z
2026-06-23T05:41:39Z,2026-06-23T07:41:39+0200,c1c18315-63b2-412d-a1be-e7c0796f2236,2026-06-10T01:15:00Z,2026-06-10T03:15:00+0200,94.49,EUR/MWh,BE,BE,day_ahead_price,value,2026-06-23T05:42:01Z
2026-06-23T05:41:39Z,2026-06-23T07:41:39+0200,c1c18315-63b2-412d-a1be-e7c0796f2236,2026-06-10T01:30:00Z,2026-06-10T03:30:00+0200,94.58,EUR/MWh,BE,BE,day_ahead_price,value,2026-06-23T05:42:01Z
2026-06-23T05:41:39Z,2026-06-23T07:41:39+0200,c1c18315-63b2-412d-a1be-e7c0796f2236,2026-06-10T01:45:00Z,2026-06-10T03:45:00+0200,93.96,EUR/MWh,BE,BE,day_ahead_price,value,2026-06-23T05:42:01Z
2026-06-23T05:41:39Z,2026-06-23T07:41:39+0200,c1c18315-63b2-412d-a1be-e7c0796f2236,2026-06-10T02:00:00Z,2026-06-10T04:00:00+0200,91.35,EUR/MWh,BE,BE,day_ahead_price,value,2026-06-23T05:42:01Z
2026-06-23T05:41:39Z,2026-06-23T07:41:39+0200,c1c18315-63b2-412d-a1be-e7c0796f2236,2026-06-10T02:15:00Z,2026-06-10T04:15:00+0200,92.65,EUR/MWh,BE,BE,day_ahead_price,value,2026-06-23T05:42:01Z
2026-06-23T05:41:39Z,2026-06-23T07:41:39+0200,c1c18315-63b2-412d-a1be-e7c0796f2236,2026-06-10T02:30:00Z,2026-06-10T04:30:00+0200,97.55,EUR/MWh,BE,BE,day_ahead_price,value,2026-06-23T05:42:01Z
2026-06-23T05:41:39Z,2026-06-23T07:41:39+0200,c1c18315-63b2-412d-a1be-e7c0796f2236,2026-06-10T02:45:00Z,2026-06-10T04:45:00+0200,97.27,EUR/MWh,BE,BE,day_ahead_price,value,2026-06-23T05:42:01Z
2026-06-23T05:41:39Z,2026-06-23T07:41:39+0200,c1c18315-63b2-412d-a1be-e7c0796f2236,2026-06-10T03:00:00Z,2026-06-10T05:00:00+0200,97.23,EUR/MWh,BE,BE,day_ahead_price,value,2026-06-23T05:42:01Z
2026-06-23T05:41:39Z,2026-06-23T07:41:39+0200,c1c18315-63b2-412d-a1be-e7c0796f2236,2026-06-10T03:15:00Z,2026-06-10T05:15:00+0200,104.1,EUR/MWh,BE,BE,day_ahead_price,value,2026-06-23T05:42:01Z
2026-06-23T05:41:39Z,2026-06-23T07:41:39+0200,c1c18315-63b2-412d-a1be-e7c0796f2236,2026-06-10T03:30:00Z,2026-06-10T05:30:00+0200,106.27,EUR/MWh,BE,BE,day_ahead_price,value,2026-06-23T05:42:01Z
2026-06-23T05:41:39Z,2026-06-23T07:41:39+0200,c1c18315-63b2-412d-a1be-e7c0796f2236,2026-06-10T03:45:00Z,2026-06-10T05:45:00+0200,114.99,EUR/MWh,BE,BE,day_ahead_price,value,2026-06-23T05:42:01Z
2026-06-23T05:41:39Z,2026-06-23T07:41:39+0200,c1c18315-63b2-412d-a1be-e7c0796f2236,2026-06-10T04:00:00Z,2026-06-10T06:00:00+0200,116.0,EUR/MWh,BE,BE,day_ahead_price,value,2026-06-23T05:42:01Z
2026-06-23T05:41:39Z,2026-06-23T07:41:39+0200,c1c18315-63b2-412d-a1be-e7c0796f2236,2026-06-10T04:15:00Z,2026-06-10T06:15:00+0200,123.2,EUR/MWh,BE,BE,day_ahead_price,value,2026-06-23T05:42:01Z
2026-06-23T05:41:39Z,2026-06-23T07:41:39+0200,c1c18315-63b2-412d-a1be-e7c0796f2236,2026-06-10T04:30:00Z,2026-06-10T06:30:00+0200,123.81,EUR/MWh,BE,BE,day_ahead_price,value,2026-06-23T05:42:01Z
2026-06-23T05:41:39Z,2026-06-23T07:41:39+0200,c1c18315-63b2-412d-a1be-e7c0796f2236,2026-06-10T04:45:00Z,2026-06-10T06:45:00+0200,122.32,EUR/MWh,BE,BE,day_ahead_price,value,2026-06-23T05:42:01Z
2026-06-23T05:41:39Z,2026-06-23T07:41:39+0200,c1c18315-63b2-412d-a1be-e7c0796f2236,2026-06-10T05:00:00Z,2026-06-10T07:00:00+0200,129.62,EUR/MWh,BE,BE,day_ahead_price,value,2026-06-23T05:42:01Z
2026-06-23T05:41:39Z,2026-06-23T07:41:39+0200,c1c18315-63b2-412d-a1be-e7c0796f2236,2026-06-10T05:15:00Z,2026-06-10T07:15:00+0200,128.61,EUR/MWh,BE,BE,day_ahead_price,value,2026-06-23T05:42:01Z
2026-06-23T05:41:39Z,2026-06-23T07:41:39+0200,c1c18315-63b2-412d-a1be-e7c0796f2236,2026-06-10T05:30:00Z,2026-06-10T07:30:00+0200,127.1,EUR/MWh,BE,BE,day_ahead_price,value,2026-06-23T05:42:01Z
2026-06-23T05:41:39Z,2026-06-23T07:41:39+0200,c1c18315-63b2-412d-a1be-e7c0796f2236,2026-06-10T05:45:00Z,2026-06-10T07:45:00+0200,123.72,EUR/MWh,BE,BE,day_ahead_price,value,2026-06-23T05:42:01Z
2026-06-23T05:41:39Z,2026-06-23T07:41:39+0200,c1c18315-63b2-412d-a1be-e7c0796f2236,2026-06-10T06:00:00Z,2026-06-10T08:00:00+0200,132.44,EUR/MWh,BE,BE,day_ahead_price,value,2026-06-23T05:42:01Z
2026-06-23T05:41:39Z,2026-06-23T07:41:39+0200,c1c18315-63b2-412d-a1be-e7c0796f2236,2026-06-10T06:15:00Z,2026-06-10T08:15:00+0200,121.41,EUR/MWh,BE,BE,day_ahead_price,value,2026-06-23T05:42:01Z
2026-06-23T05:41:39Z,2026-06-23T07:41:39+0200,c1c18315-63b2-412d-a1be-e7c0796f2236,2026-06-10T06:30:00Z,2026-06-10T08:30:00+0200,114.59,EUR/MWh,BE,BE,day_ahead_price,value,2026-06-23T05:42:01Z
2026-06-23T05:41:39Z,2026-06-23T07:41:39+0200,c1c18315-63b2-412d-a1be-e7c0796f2236,2026-06-10T06:45:00Z,2026-06-10T08:45:00+0200,93.7,EUR/MWh,BE,BE,day_ahead_price,value,2026-06-23T05:42:01Z
2026-06-23T05:41:39Z,2026-06-23T07:41:39+0200,c1c18315-63b2-412d-a1be-e7c0796f2236,2026-06-10T07:00:00Z,2026-06-10T09:00:00+0200,109.51,EUR/MWh,BE,BE,day_ahead_price,value,2026-06-23T05:42:01Z
2026-06-23T05:41:39Z,2026-06-23T07:41:39+0200,c1c18315-63b2-412d-a1be-e7c0796f2236,2026-06-10T07:15:00Z,2026-06-10T09:15:00+0200,94.17,EUR/MWh,BE,BE,day_ahead_price,value,2026-06-23T05:42:01Z
2026-06-23T05:41:39Z,2026-06-23T07:41:39+0200,c1c18315-63b2-412d-a1be-e7c0796f2236,2026-06-10T07:30:00Z,2026-06-10T09:30:00+0200,82.4,EUR/MWh,BE,BE,day_ahead_price,value,2026-06-23T05:42:01Z
2026-06-23T05:41:39Z,2026-06-23T07:41:39+0200,c1c18315-63b2-412d-a1be-e7c0796f2236,2026-06-10T07:45:00Z,2026-06-10T09:45:00+0200,78.73,EUR/MWh,BE,BE,day_ahead_price,value,2026-06-23T05:42:01Z
2026-06-23T05:41:39Z,2026-06-23T07:41:39+0200,c1c18315-63b2-412d-a1be-e7c0796f2236,2026-06-10T08:00:00Z,2026-06-10T10:00:00+0200,85.82,EUR/MWh,BE,BE,day_ahead_price,value,2026-06-23T05:42:01Z
2026-06-23T05:41:39Z,2026-06-23T07:41:39+0200,c1c18315-63b2-412d-a1be-e7c0796f2236,2026-06-10T08:15:00Z,2026-06-10T10:15:00+0200,76.43,EUR/MWh,BE,BE,day_ahead_price,value,2026-06-23T05:42:01Z
2026-06-23T05:41:39Z,2026-06-23T07:41:39+0200,c1c18315-63b2-412d-a1be-e7c0796f2236,2026-06-10T08:30:00Z,2026-06-10T10:30:00+0200,75.23,EUR/MWh,BE,BE,day_ahead_price,value,2026-06-23T05:42:01Z
2026-06-23T05:41:39Z,2026-06-23T07:41:39+0200,c1c18315-63b2-412d-a1be-e7c0796f2236,2026-06-10T08:45:00Z,2026-06-10T10:45:00+0200,62.15,EUR/MWh,BE,BE,day_ahead_price,value,2026-06-23T05:42:01Z
2026-06-23T05:41:39Z,2026-06-23T07:41:39+0200,c1c18315-63b2-412d-a1be-e7c0796f2236,2026-06-10T09:00:00Z,2026-06-10T11:00:00+0200,67.1,EUR/MWh,BE,BE,day_ahead_price,value,2026-06-23T05:42:01Z
2026-06-23T05:41:39Z,2026-06-23T07:41:39+0200,c1c18315-63b2-412d-a1be-e7c0796f2236,2026-06-10T09:15:00Z,2026-06-10T11:15:00+0200,62.06,EUR/MWh,BE,BE,day_ahead_price,value,2026-06-23T05:42:01Z
2026-06-23T05:41:39Z,2026-06-23T07:41:39+0200,c1c18315-63b2-412d-a1be-e7c0796f2236,2026-06-10T09:30:00Z,2026-06-10T11:30:00+0200,57.34,EUR/MWh,BE,BE,day_ahead_price,value,2026-06-23T05:42:01Z
2026-06-23T05:41:39Z,2026-06-23T07:41:39+0200,c1c18315-63b2-412d-a1be-e7c0796f2236,2026-06-10T09:45:00Z,2026-06-10T11:45:00+0200,52.43,EUR/MWh,BE,BE,day_ahead_price,value,2026-06-23T05:42:01Z
2026-06-23T05:41:39Z,2026-06-23T07:41:39+0200,c1c18315-63b2-412d-a1be-e7c0796f2236,2026-06-10T10:00:00Z,2026-06-10T12:00:00+0200,58.77,EUR/MWh,BE,BE,day_ahead_price,value,2026-06-23T05:42:01Z
2026-06-23T05:41:39Z,2026-06-23T07:41:39+0200,c1c18315-63b2-412d-a1be-e7c0796f2236,2026-06-10T10:15:00Z,2026-06-10T12:15:00+0200,54.18,EUR/MWh,BE,BE,day_ahead_price,value,2026-06-23T05:42:01Z
2026-06-23T05:41:39Z,2026-06-23T07:41:39+0200,c1c18315-63b2-412d-a1be-e7c0796f2236,2026-06-10T10:30:00Z,2026-06-10T12:30:00+0200,58.18,EUR/MWh,BE,BE,day_ahead_price,value,2026-06-23T05:42:01Z
2026-06-23T05:41:39Z,2026-06-23T07:41:39+0200,c1c18315-63b2-412d-a1be-e7c0796f2236,2026-06-10T10:45:00Z,2026-06-10T12:45:00+0200,59.75,EUR/MWh,BE,BE,day_ahead_price,value,2026-06-23T05:42:01Z
2026-06-23T05:41:39Z,2026-06-23T07:41:39+0200,c1c18315-63b2-412d-a1be-e7c0796f2236,2026-06-10T11:00:00Z,2026-06-10T13:00:00+0200,61.03,EUR/MWh,BE,BE,day_ahead_price,value,2026-06-23T05:42:01Z
2026-06-23T05:41:39Z,2026-06-23T07:41:39+0200,c1c18315-63b2-412d-a1be-e7c0796f2236,2026-06-10T11:15:00Z,2026-06-10T13:15:00+0200,60.78,EUR/MWh,BE,BE,day_ahead_price,value,2026-06-23T05:42:01Z
2026-06-23T05:41:39Z,2026-06-23T07:41:39+0200,c1c18315-63b2-412d-a1be-e7c0796f2236,2026-06-10T11:30:00Z,2026-06-10T13:30:00+0200,60.59,EUR/MWh,BE,BE,day_ahead_price,value,2026-06-23T05:42:01Z
2026-06-23T05:41:39Z,2026-06-23T07:41:39+0200,c1c18315-63b2-412d-a1be-e7c0796f2236,2026-06-10T11:45:00Z,2026-06-10T13:45:00+0200,58.91,EUR/MWh,BE,BE,day_ahead_price,value,2026-06-23T05:42:01Z
2026-06-23T05:41:39Z,2026-06-23T07:41:39+0200,c1c18315-63b2-412d-a1be-e7c0796f2236,2026-06-10T12:00:00Z,2026-06-10T14:00:00+0200,59.03,EUR/MWh,BE,BE,day_ahead_price,value,2026-06-23T05:42:01Z
2026-06-23T05:41:39Z,2026-06-23T07:41:39+0200,c1c18315-63b2-412d-a1be-e7c0796f2236,2026-06-10T12:15:00Z,2026-06-10T14:15:00+0200,60.77,EUR/MWh,BE,BE,day_ahead_price,value,2026-06-23T05:42:01Z
2026-06-23T05:41:39Z,2026-06-23T07:41:39+0200,c1c18315-63b2-412d-a1be-e7c0796f2236,2026-06-10T12:30:00Z,2026-06-10T14:30:00+0200,68.2,EUR/MWh,BE,BE,day_ahead_price,value,2026-06-23T05:42:01Z
2026-06-23T05:41:39Z,2026-06-23T07:41:39+0200,c1c18315-63b2-412d-a1be-e7c0796f2236,2026-06-10T12:45:00Z,2026-06-10T14:45:00+0200,77.2,EUR/MWh,BE,BE,day_ahead_price,value,2026-06-23T05:42:01Z
2026-06-23T05:41:39Z,2026-06-23T07:41:39+0200,c1c18315-63b2-412d-a1be-e7c0796f2236,2026-06-10T13:00:00Z,2026-06-10T15:00:00+0200,61.65,EUR/MWh,BE,BE,day_ahead_price,value,2026-06-23T05:42:01Z
2026-06-23T05:41:39Z,2026-06-23T07:41:39+0200,c1c18315-63b2-412d-a1be-e7c0796f2236,2026-06-10T13:15:00Z,2026-06-10T15:15:00+0200,75.26,EUR/MWh,BE,BE,day_ahead_price,value,2026-06-23T05:42:01Z
2026-06-23T05:41:39Z,2026-06-23T07:41:39+0200,c1c18315-63b2-412d-a1be-e7c0796f2236,2026-06-10T13:30:00Z,2026-06-10T15:30:00+0200,76.76,EUR/MWh,BE,BE,day_ahead_price,value,2026-06-23T05:42:01Z
2026-06-23T05:41:39Z,2026-06-23T07:41:39+0200,c1c18315-63b2-412d-a1be-e7c0796f2236,2026-06-10T13:45:00Z,2026-06-10T15:45:00+0200,85.9,EUR/MWh,BE,BE,day_ahead_price,value,2026-06-23T05:42:01Z
2026-06-23T05:41:39Z,2026-06-23T07:41:39+0200,c1c18315-63b2-412d-a1be-e7c0796f2236,2026-06-10T14:00:00Z,2026-06-10T16:00:00+0200,73.88,EUR/MWh,BE,BE,day_ahead_price,value,2026-06-23T05:42:01Z
2026-06-23T05:41:39Z,2026-06-23T07:41:39+0200,c1c18315-63b2-412d-a1be-e7c0796f2236,2026-06-10T14:15:00Z,2026-06-10T16:15:00+0200,83.2,EUR/MWh,BE,BE,day_ahead_price,value,2026-06-23T05:42:01Z
2026-06-23T05:41:39Z,2026-06-23T07:41:39+0200,c1c18315-63b2-412d-a1be-e7c0796f2236,2026-06-10T14:30:00Z,2026-06-10T16:30:00+0200,93.85,EUR/MWh,BE,BE,day_ahead_price,value,2026-06-23T05:42:01Z
2026-06-23T05:41:39Z,2026-06-23T07:41:39+0200,c1c18315-63b2-412d-a1be-e7c0796f2236,2026-06-10T14:45:00Z,2026-06-10T16:45:00+0200,106.55,EUR/MWh,BE,BE,day_ahead_price,value,2026-06-23T05:42:01Z
2026-06-23T05:41:39Z,2026-06-23T07:41:39+0200,c1c18315-63b2-412d-a1be-e7c0796f2236,2026-06-10T15:00:00Z,2026-06-10T17:00:00+0200,92.0,EUR/MWh,BE,BE,day_ahead_price,value,2026-06-23T05:42:01Z
2026-06-23T05:41:39Z,2026-06-23T07:41:39+0200,c1c18315-63b2-412d-a1be-e7c0796f2236,2026-06-10T15:15:00Z,2026-06-10T17:15:00+0200,103.98,EUR/MWh,BE,BE,day_ahead_price,value,2026-06-23T05:42:01Z
2026-06-23T05:41:39Z,2026-06-23T07:41:39+0200,c1c18315-63b2-412d-a1be-e7c0796f2236,2026-06-10T15:30:00Z,2026-06-10T17:30:00+0200,114.99,EUR/MWh,BE,BE,day_ahead_price,value,2026-06-23T05:42:01Z
2026-06-23T05:41:39Z,2026-06-23T07:41:39+0200,c1c18315-63b2-412d-a1be-e7c0796f2236,2026-06-10T15:45:00Z,2026-06-10T17:45:00+0200,126.34,EUR/MWh,BE,BE,day_ahead_price,value,2026-06-23T05:42:01Z
2026-06-23T05:41:39Z,2026-06-23T07:41:39+0200,c1c18315-63b2-412d-a1be-e7c0796f2236,2026-06-10T16:00:00Z,2026-06-10T18:00:00+0200,107.44,EUR/MWh,BE,BE,day_ahead_price,value,2026-06-23T05:42:01Z
2026-06-23T05:41:39Z,2026-06-23T07:41:39+0200,c1c18315-63b2-412d-a1be-e7c0796f2236,2026-06-10T16:15:00Z,2026-06-10T18:15:00+0200,120.83,EUR/MWh,BE,BE,day_ahead_price,value,2026-06-23T05:42:01Z
2026-06-23T05:41:39Z,2026-06-23T07:41:39+0200,c1c18315-63b2-412d-a1be-e7c0796f2236,2026-06-10T16:30:00Z,2026-06-10T18:30:00+0200,130.51,EUR/MWh,BE,BE,day_ahead_price,value,2026-06-23T05:42:01Z
2026-06-23T05:41:39Z,2026-06-23T07:41:39+0200,c1c18315-63b2-412d-a1be-e7c0796f2236,2026-06-10T16:45:00Z,2026-06-10T18:45:00+0200,132.14,EUR/MWh,BE,BE,day_ahead_price,value,2026-06-23T05:42:01Z
2026-06-23T05:41:39Z,2026-06-23T07:41:39+0200,c1c18315-63b2-412d-a1be-e7c0796f2236,2026-06-10T17:00:00Z,2026-06-10T19:00:00+0200,128.15,EUR/MWh,BE,BE,day_ahead_price,value,2026-06-23T05:42:01Z
2026-06-23T05:41:39Z,2026-06-23T07:41:39+0200,c1c18315-63b2-412d-a1be-e7c0796f2236,2026-06-10T17:15:00Z,2026-06-10T19:15:00+0200,144.28,EUR/MWh,BE,BE,day_ahead_price,value,2026-06-23T05:42:01Z
2026-06-23T05:41:39Z,2026-06-23T07:41:39+0200,c1c18315-63b2-412d-a1be-e7c0796f2236,2026-06-10T17:30:00Z,2026-06-10T19:30:00+0200,124.02,EUR/MWh,BE,BE,day_ahead_price,value,2026-06-23T05:42:01Z
2026-06-23T05:41:39Z,2026-06-23T07:41:39+0200,c1c18315-63b2-412d-a1be-e7c0796f2236,2026-06-10T17:45:00Z,2026-06-10T19:45:00+0200,160.35,EUR/MWh,BE,BE,day_ahead_price,value,2026-06-23T05:42:01Z
2026-06-23T05:41:39Z,2026-06-23T07:41:39+0200,c1c18315-63b2-412d-a1be-e7c0796f2236,2026-06-10T18:00:00Z,2026-06-10T20:00:00+0200,112.0,EUR/MWh,BE,BE,day_ahead_price,value,2026-06-23T05:42:01Z
2026-06-23T05:41:39Z,2026-06-23T07:41:39+0200,c1c18315-63b2-412d-a1be-e7c0796f2236,2026-06-10T18:15:00Z,2026-06-10T20:15:00+0200,140.34,EUR/MWh,BE,BE,day_ahead_price,value,2026-06-23T05:42:01Z
2026-06-23T05:41:39Z,2026-06-23T07:41:39+0200,c1c18315-63b2-412d-a1be-e7c0796f2236,2026-06-10T18:30:00Z,2026-06-10T20:30:00+0200,172.5,EUR/MWh,BE,BE,day_ahead_price,value,2026-06-23T05:42:01Z
2026-06-23T05:41:39Z,2026-06-23T07:41:39+0200,c1c18315-63b2-412d-a1be-e7c0796f2236,2026-06-10T18:45:00Z,2026-06-10T20:45:00+0200,219.56,EUR/MWh,BE,BE,day_ahead_price,value,2026-06-23T05:42:01Z
2026-06-23T05:41:39Z,2026-06-23T07:41:39+0200,c1c18315-63b2-412d-a1be-e7c0796f2236,2026-06-10T19:00:00Z,2026-06-10T21:00:00+0200,201.64,EUR/MWh,BE,BE,day_ahead_price,value,2026-06-23T05:42:01Z
2026-06-23T05:41:39Z,2026-06-23T07:41:39+0200,c1c18315-63b2-412d-a1be-e7c0796f2236,2026-06-10T19:15:00Z,2026-06-10T21:15:00+0200,188.77,EUR/MWh,BE,BE,day_ahead_price,value,2026-06-23T05:42:01Z
2026-06-23T05:41:39Z,2026-06-23T07:41:39+0200,c1c18315-63b2-412d-a1be-e7c0796f2236,2026-06-10T19:30:00Z,2026-06-10T21:30:00+0200,177.52,EUR/MWh,BE,BE,day_ahead_price,value,2026-06-23T05:42:01Z
2026-06-23T05:41:39Z,2026-06-23T07:41:39+0200,c1c18315-63b2-412d-a1be-e7c0796f2236,2026-06-10T19:45:00Z,2026-06-10T21:45:00+0200,167.83,EUR/MWh,BE,BE,day_ahead_price,value,2026-06-23T05:42:01Z
2026-06-23T05:41:39Z,2026-06-23T07:41:39+0200,c1c18315-63b2-412d-a1be-e7c0796f2236,2026-06-10T20:00:00Z,2026-06-10T22:00:00+0200,182.87,EUR/MWh,BE,BE,day_ahead_price,value,2026-06-23T05:42:01Z
2026-06-23T05:41:39Z,2026-06-23T07:41:39+0200,c1c18315-63b2-412d-a1be-e7c0796f2236,2026-06-10T20:15:00Z,2026-06-10T22:15:00+0200,169.06,EUR/MWh,BE,BE,day_ahead_price,value,2026-06-23T05:42:01Z
2026-06-23T05:41:39Z,2026-06-23T07:41:39+0200,c1c18315-63b2-412d-a1be-e7c0796f2236,2026-06-10T20:30:00Z,2026-06-10T22:30:00+0200,154.41,EUR/MWh,BE,BE,day_ahead_price,value,2026-06-23T05:42:01Z
2026-06-23T05:41:39Z,2026-06-23T07:41:39+0200,c1c18315-63b2-412d-a1be-e7c0796f2236,2026-06-10T20:45:00Z,2026-06-10T22:45:00+0200,138.05,EUR/MWh,BE,BE,day_ahead_price,value,2026-06-23T05:42:01Z
2026-06-23T05:41:39Z,2026-06-23T07:41:39+0200,c1c18315-63b2-412d-a1be-e7c0796f2236,2026-06-10T21:00:00Z,2026-06-10T23:00:00+0200,155.45,EUR/MWh,BE,BE,day_ahead_price,value,2026-06-23T05:42:01Z
2026-06-23T05:41:39Z,2026-06-23T07:41:39+0200,c1c18315-63b2-412d-a1be-e7c0796f2236,2026-06-10T21:15:00Z,2026-06-10T23:15:00+0200,138.0,EUR/MWh,BE,BE,day_ahead_price,value,2026-06-23T05:42:01Z
2026-06-23T05:41:39Z,2026-06-23T07:41:39+0200,c1c18315-63b2-412d-a1be-e7c0796f2236,2026-06-10T21:30:00Z,2026-06-10T23:30:00+0200,135.16,EUR/MWh,BE,BE,day_ahead_price,value,2026-06-23T05:42:01Z
2026-06-23T05:41:39Z,2026-06-23T07:41:39+0200,c1c18315-63b2-412d-a1be-e7c0796f2236,2026-06-10T21:45:00Z,2026-06-10T23:45:00+0200,115.39,EUR/MWh,BE,BE,day_ahead_price,value,2026-06-23T05:42:01Z
2026-06-23T05:41:39Z,2026-06-23T07:41:39+0200,c1c18315-63b2-412d-a1be-e7c0796f2236,2026-06-10T22:00:00Z,2026-06-11T00:00:00+0200,147.29,EUR/MWh,BE,BE,day_ahead_price,value,2026-06-23T05:42:01Z
2026-06-23T05:41:39Z,2026-06-23T07:41:39+0200,c1c18315-63b2-412d-a1be-e7c0796f2236,2026-06-10T22:15:00Z,2026-06-11T00:15:00+0200,140.6,EUR/MWh,BE,BE,day_ahead_price,value,2026-06-23T05:42:01Z
2026-06-23T05:41:39Z,2026-06-23T07:41:39+0200,c1c18315-63b2-412d-a1be-e7c0796f2236,2026-06-10T22:30:00Z,2026-06-11T00:30:00+0200,139.59,EUR/MWh,BE,BE,day_ahead_price,value,2026-06-23T05:42:01Z
2026-06-23T05:41:39Z,2026-06-23T07:41:39+0200,c1c18315-63b2-412d-a1be-e7c0796f2236,2026-06-10T22:45:00Z,2026-06-11T00:45:00+0200,135.02,EUR/MWh,BE,BE,day_ahead_price,value,2026-06-23T05:42:01Z
2026-06-23T05:41:39Z,2026-06-23T07:41:39+0200,c1c18315-63b2-412d-a1be-e7c0796f2236,2026-06-10T23:00:00Z,2026-06-11T01:00:00+0200,135.07,EUR/MWh,BE,BE,day_ahead_price,value,2026-06-23T05:42:01Z
2026-06-23T05:41:39Z,2026-06-23T07:41:39+0200,c1c18315-63b2-412d-a1be-e7c0796f2236,2026-06-10T23:15:00Z,2026-06-11T01:15:00+0200,129.45,EUR/MWh,BE,BE,day_ahead_price,value,2026-06-23T05:42:01Z
2026-06-23T05:41:39Z,2026-06-23T07:41:39+0200,c1c18315-63b2-412d-a1be-e7c0796f2236,2026-06-10T23:30:00Z,2026-06-11T01:30:00+0200,127.3,EUR/MWh,BE,BE,day_ahead_price,value,2026-06-23T05:42:01Z
2026-06-23T05:41:39Z,2026-06-23T07:41:39+0200,c1c18315-63b2-412d-a1be-e7c0796f2236,2026-06-10T23:45:00Z,2026-06-11T01:45:00+0200,123.64,EUR/MWh,BE,BE,day_ahead_price,value,2026-06-23T05:42:01Z
2026-06-23T05:41:39Z,2026-06-23T07:41:39+0200,c1c18315-63b2-412d-a1be-e7c0796f2236,2026-06-11T00:00:00Z,2026-06-11T02:00:00+0200,124.95,EUR/MWh,BE,BE,day_ahead_price,value,2026-06-23T05:42:01Z
2026-06-23T05:41:39Z,2026-06-23T07:41:39+0200,c1c18315-63b2-412d-a1be-e7c0796f2236,2026-06-11T00:15:00Z,2026-06-11T02:15:00+0200,121.36,EUR/MWh,BE,BE,day_ahead_price,value,2026-06-23T05:42:01Z
2026-06-23T05:41:39Z,2026-06-23T07:41:39+0200,c1c18315-63b2-412d-a1be-e7c0796f2236,2026-06-11T00:30:00Z,2026-06-11T02:30:00+0200,120.11,EUR/MWh,BE,BE,day_ahead_price,value,2026-06-23T05:42:01Z
2026-06-23T05:41:39Z,2026-06-23T07:41:39+0200,c1c18315-63b2-412d-a1be-e7c0796f2236,2026-06-11T00:45:00Z,2026-06-11T02:45:00+0200,118.84,EUR/MWh,BE,BE,day_ahead_price,value,2026-06-23T05:42:01Z
2026-06-23T05:41:39Z,2026-06-23T07:41:39+0200,c1c18315-63b2-412d-a1be-e7c0796f2236,2026-06-11T01:00:00Z,2026-06-11T03:00:00+0200,121.59,EUR/MWh,BE,BE,day_ahead_price,value,2026-06-23T05:42:01Z
2026-06-23T05:41:39Z,2026-06-23T07:41:39+0200,c1c18315-63b2-412d-a1be-e7c0796f2236,2026-06-11T01:15:00Z,2026-06-11T03:15:00+0200,118.1,EUR/MWh,BE,BE,day_ahead_price,value,2026-06-23T05:42:01Z
2026-06-23T05:41:39Z,2026-06-23T07:41:39+0200,c1c18315-63b2-412d-a1be-e7c0796f2236,2026-06-11T01:30:00Z,2026-06-11T03:30:00+0200,118.65,EUR/MWh,BE,BE,day_ahead_price,value,2026-06-23T05:42:01Z
2026-06-23T05:41:39Z,2026-06-23T07:41:39+0200,c1c18315-63b2-412d-a1be-e7c0796f2236,2026-06-11T01:45:00Z,2026-06-11T03:45:00+0200,116.91,EUR/MWh,BE,BE,day_ahead_price,value,2026-06-23T05:42:01Z
2026-06-23T05:41:39Z,2026-06-23T07:41:39+0200,c1c18315-63b2-412d-a1be-e7c0796f2236,2026-06-11T02:00:00Z,2026-06-11T04:00:00+0200,119.31,EUR/MWh,BE,BE,day_ahead_price,value,2026-06-23T05:42:01Z
2026-06-23T05:41:39Z,2026-06-23T07:41:39+0200,c1c18315-63b2-412d-a1be-e7c0796f2236,2026-06-11T02:15:00Z,2026-06-11T04:15:00+0200,118.74,EUR/MWh,BE,BE,day_ahead_price,value,2026-06-23T05:42:01Z
2026-06-23T05:41:39Z,2026-06-23T07:41:39+0200,c1c18315-63b2-412d-a1be-e7c0796f2236,2026-06-11T02:30:00Z,2026-06-11T04:30:00+0200,118.06,EUR/MWh,BE,BE,day_ahead_price,value,2026-06-23T05:42:01Z
2026-06-23T05:41:39Z,2026-06-23T07:41:39+0200,c1c18315-63b2-412d-a1be-e7c0796f2236,2026-06-11T02:45:00Z,2026-06-11T04:45:00+0200,120.06,EUR/MWh,BE,BE,day_ahead_price,value,2026-06-23T05:42:01Z
2026-06-23T05:41:39Z,2026-06-23T07:41:39+0200,c1c18315-63b2-412d-a1be-e7c0796f2236,2026-06-11T03:00:00Z,2026-06-11T05:00:00+0200,119.65,EUR/MWh,BE,BE,day_ahead_price,value,2026-06-23T05:42:01Z
2026-06-23T05:41:39Z,2026-06-23T07:41:39+0200,c1c18315-63b2-412d-a1be-e7c0796f2236,2026-06-11T03:15:00Z,2026-06-11T05:15:00+0200,118.83,EUR/MWh,BE,BE,day_ahead_price,value,2026-06-23T05:42:01Z
2026-06-23T05:41:39Z,2026-06-23T07:41:39+0200,c1c18315-63b2-412d-a1be-e7c0796f2236,2026-06-11T03:30:00Z,2026-06-11T05:30:00+0200,122.58,EUR/MWh,BE,BE,day_ahead_price,value,2026-06-23T05:42:01Z
2026-06-23T05:41:39Z,2026-06-23T07:41:39+0200,c1c18315-63b2-412d-a1be-e7c0796f2236,2026-06-11T03:45:00Z,2026-06-11T05:45:00+0200,125.0,EUR/MWh,BE,BE,day_ahead_price,value,2026-06-23T05:42:01Z
2026-06-23T05:41:39Z,2026-06-23T07:41:39+0200,c1c18315-63b2-412d-a1be-e7c0796f2236,2026-06-11T04:00:00Z,2026-06-11T06:00:00+0200,133.37,EUR/MWh,BE,BE,day_ahead_price,value,2026-06-23T05:42:01Z
2026-06-23T05:41:39Z,2026-06-23T07:41:39+0200,c1c18315-63b2-412d-a1be-e7c0796f2236,2026-06-11T04:15:00Z,2026-06-11T06:15:00+0200,136.91,EUR/MWh,BE,BE,day_ahead_price,value,2026-06-23T05:42:01Z
2026-06-23T05:41:39Z,2026-06-23T07:41:39+0200,c1c18315-63b2-412d-a1be-e7c0796f2236,2026-06-11T04:30:00Z,2026-06-11T06:30:00+0200,136.78,EUR/MWh,BE,BE,day_ahead_price,value,2026-06-23T05:42:01Z
2026-06-23T05:41:39Z,2026-06-23T07:41:39+0200,c1c18315-63b2-412d-a1be-e7c0796f2236,2026-06-11T04:45:00Z,2026-06-11T06:45:00+0200,136.48,EUR/MWh,BE,BE,day_ahead_price,value,2026-06-23T05:42:01Z
2026-06-23T05:41:39Z,2026-06-23T07:41:39+0200,c1c18315-63b2-412d-a1be-e7c0796f2236,2026-06-11T05:00:00Z,2026-06-11T07:00:00+0200,155.96,EUR/MWh,BE,BE,day_ahead_price,value,2026-06-23T05:42:01Z
2026-06-23T05:41:39Z,2026-06-23T07:41:39+0200,c1c18315-63b2-412d-a1be-e7c0796f2236,2026-06-11T05:15:00Z,2026-06-11T07:15:00+0200,141.36,EUR/MWh,BE,BE,day_ahead_price,value,2026-06-23T05:42:01Z
2026-06-23T05:41:39Z,2026-06-23T07:41:39+0200,c1c18315-63b2-412d-a1be-e7c0796f2236,2026-06-11T05:30:00Z,2026-06-11T07:30:00+0200,136.41,EUR/MWh,BE,BE,day_ahead_price,value,2026-06-23T05:42:01Z
2026-06-23T05:41:39Z,2026-06-23T07:41:39+0200,c1c18315-63b2-412d-a1be-e7c0796f2236,2026-06-11T05:45:00Z,2026-06-11T07:45:00+0200,127.91,EUR/MWh,BE,BE,day_ahead_price,value,2026-06-23T05:42:01Z
2026-06-23T05:41:39Z,2026-06-23T07:41:39+0200,c1c18315-63b2-412d-a1be-e7c0796f2236,2026-06-11T06:00:00Z,2026-06-11T08:00:00+0200,143.56,EUR/MWh,BE,BE,day_ahead_price,value,2026-06-23T05:42:01Z
2026-06-23T05:41:39Z,2026-06-23T07:41:39+0200,c1c18315-63b2-412d-a1be-e7c0796f2236,2026-06-11T06:15:00Z,2026-06-11T08:15:00+0200,135.36,EUR/MWh,BE,BE,day_ahead_price,value,2026-06-23T05:42:01Z
2026-06-23T05:41:39Z,2026-06-23T07:41:39+0200,c1c18315-63b2-412d-a1be-e7c0796f2236,2026-06-11T06:30:00Z,2026-06-11T08:30:00+0200,124.07,EUR/MWh,BE,BE,day_ahead_price,value,2026-06-23T05:42:01Z
2026-06-23T05:41:39Z,2026-06-23T07:41:39+0200,c1c18315-63b2-412d-a1be-e7c0796f2236,2026-06-11T06:45:00Z,2026-06-11T08:45:00+0200,108.7,EUR/MWh,BE,BE,day_ahead_price,value,2026-06-23T05:42:01Z
2026-06-23T05:41:39Z,2026-06-23T07:41:39+0200,c1c18315-63b2-412d-a1be-e7c0796f2236,2026-06-11T07:00:00Z,2026-06-11T09:00:00+0200,120.0,EUR/MWh,BE,BE,day_ahead_price,value,2026-06-23T05:42:01Z
2026-06-23T05:41:39Z,2026-06-23T07:41:39+0200,c1c18315-63b2-412d-a1be-e7c0796f2236,2026-06-11T07:15:00Z,2026-06-11T09:15:00+0200,131.67,EUR/MWh,BE,BE,day_ahead_price,value,2026-06-23T05:42:01Z
2026-06-23T05:41:39Z,2026-06-23T07:41:39+0200,c1c18315-63b2-412d-a1be-e7c0796f2236,2026-06-11T07:30:00Z,2026-06-11T09:30:00+0200,134.73,EUR/MWh,BE,BE,day_ahead_price,value,2026-06-23T05:42:01Z
2026-06-23T05:41:39Z,2026-06-23T07:41:39+0200,c1c18315-63b2-412d-a1be-e7c0796f2236,2026-06-11T07:45:00Z,2026-06-11T09:45:00+0200,110.0,EUR/MWh,BE,BE,day_ahead_price,value,2026-06-23T05:42:01Z
2026-06-23T05:41:39Z,2026-06-23T07:41:39+0200,c1c18315-63b2-412d-a1be-e7c0796f2236,2026-06-11T08:00:00Z,2026-06-11T10:00:00+0200,106.56,EUR/MWh,BE,BE,day_ahead_price,value,2026-06-23T05:42:01Z
2026-06-23T05:41:39Z,2026-06-23T07:41:39+0200,c1c18315-63b2-412d-a1be-e7c0796f2236,2026-06-11T08:15:00Z,2026-06-11T10:15:00+0200,104.6,EUR/MWh,BE,BE,day_ahead_price,value,2026-06-23T05:42:01Z
2026-06-23T05:41:39Z,2026-06-23T07:41:39+0200,c1c18315-63b2-412d-a1be-e7c0796f2236,2026-06-11T08:30:00Z,2026-06-11T10:30:00+0200,114.84,EUR/MWh,BE,BE,day_ahead_price,value,2026-06-23T05:42:01Z
2026-06-23T05:41:39Z,2026-06-23T07:41:39+0200,c1c18315-63b2-412d-a1be-e7c0796f2236,2026-06-11T08:45:00Z,2026-06-11T10:45:00+0200,110.0,EUR/MWh,BE,BE,day_ahead_price,value,2026-06-23T05:42:01Z
2026-06-23T05:41:39Z,2026-06-23T07:41:39+0200,c1c18315-63b2-412d-a1be-e7c0796f2236,2026-06-11T09:00:00Z,2026-06-11T11:00:00+0200,101.7,EUR/MWh,BE,BE,day_ahead_price,value,2026-06-23T05:42:01Z
2026-06-23T05:41:39Z,2026-06-23T07:41:39+0200,c1c18315-63b2-412d-a1be-e7c0796f2236,2026-06-11T09:15:00Z,2026-06-11T11:15:00+0200,90.92,EUR/MWh,BE,BE,day_ahead_price,value,2026-06-23T05:42:01Z
2026-06-23T05:41:39Z,2026-06-23T07:41:39+0200,c1c18315-63b2-412d-a1be-e7c0796f2236,2026-06-11T09:30:00Z,2026-06-11T11:30:00+0200,75.7,EUR/MWh,BE,BE,day_ahead_price,value,2026-06-23T05:42:01Z
2026-06-23T05:41:39Z,2026-06-23T07:41:39+0200,c1c18315-63b2-412d-a1be-e7c0796f2236,2026-06-11T09:45:00Z,2026-06-11T11:45:00+0200,61.7,EUR/MWh,BE,BE,day_ahead_price,value,2026-06-23T05:42:01Z
2026-06-23T05:41:39Z,2026-06-23T07:41:39+0200,c1c18315-63b2-412d-a1be-e7c0796f2236,2026-06-11T10:00:00Z,2026-06-11T12:00:00+0200,98.01,EUR/MWh,BE,BE,day_ahead_price,value,2026-06-23T05:42:01Z
2026-06-23T05:41:39Z,2026-06-23T07:41:39+0200,c1c18315-63b2-412d-a1be-e7c0796f2236,2026-06-11T10:15:00Z,2026-06-11T12:15:00+0200,74.99,EUR/MWh,BE,BE,day_ahead_price,value,2026-06-23T05:42:01Z
2026-06-23T05:41:39Z,2026-06-23T07:41:39+0200,c1c18315-63b2-412d-a1be-e7c0796f2236,2026-06-11T10:30:00Z,2026-06-11T12:30:00+0200,62.25,EUR/MWh,BE,BE,day_ahead_price,value,2026-06-23T05:42:01Z
2026-06-23T05:41:39Z,2026-06-23T07:41:39+0200,c1c18315-63b2-412d-a1be-e7c0796f2236,2026-06-11T10:45:00Z,2026-06-11T12:45:00+0200,71.0,EUR/MWh,BE,BE,day_ahead_price,value,2026-06-23T05:42:01Z
2026-06-23T05:41:39Z,2026-06-23T07:41:39+0200,c1c18315-63b2-412d-a1be-e7c0796f2236,2026-06-11T11:00:00Z,2026-06-11T13:00:00+0200,59.01,EUR/MWh,BE,BE,day_ahead_price,value,2026-06-23T05:42:01Z
2026-06-23T05:41:39Z,2026-06-23T07:41:39+0200,c1c18315-63b2-412d-a1be-e7c0796f2236,2026-06-11T11:15:00Z,2026-06-11T13:15:00+0200,99.21,EUR/MWh,BE,BE,day_ahead_price,value,2026-06-23T05:42:01Z
2026-06-23T05:41:39Z,2026-06-23T07:41:39+0200,c1c18315-63b2-412d-a1be-e7c0796f2236,2026-06-11T11:30:00Z,2026-06-11T13:30:00+0200,80.0,EUR/MWh,BE,BE,day_ahead_price,value,2026-06-23T05:42:01Z
2026-06-23T05:41:39Z,2026-06-23T07:41:39+0200,c1c18315-63b2-412d-a1be-e7c0796f2236,2026-06-11T11:45:00Z,2026-06-11T13:45:00+0200,69.02,EUR/MWh,BE,BE,day_ahead_price,value,2026-06-23T05:42:01Z
2026-06-23T05:41:39Z,2026-06-23T07:41:39+0200,c1c18315-63b2-412d-a1be-e7c0796f2236,2026-06-11T12:00:00Z,2026-06-11T14:00:00+0200,70.0,EUR/MWh,BE,BE,day_ahead_price,value,2026-06-23T05:42:01Z
2026-06-23T05:41:39Z,2026-06-23T07:41:39+0200,c1c18315-63b2-412d-a1be-e7c0796f2236,2026-06-11T12:15:00Z,2026-06-11T14:15:00+0200,79.16,EUR/MWh,BE,BE,day_ahead_price,value,2026-06-23T05:42:01Z
2026-06-23T05:41:39Z,2026-06-23T07:41:39+0200,c1c18315-63b2-412d-a1be-e7c0796f2236,2026-06-11T12:30:00Z,2026-06-11T14:30:00+0200,73.7,EUR/MWh,BE,BE,day_ahead_price,value,2026-06-23T05:42:01Z
2026-06-23T05:41:39Z,2026-06-23T07:41:39+0200,c1c18315-63b2-412d-a1be-e7c0796f2236,2026-06-11T12:45:00Z,2026-06-11T14:45:00+0200,73.61,EUR/MWh,BE,BE,day_ahead_price,value,2026-06-23T05:42:01Z
2026-06-23T05:41:39Z,2026-06-23T07:41:39+0200,c1c18315-63b2-412d-a1be-e7c0796f2236,2026-06-11T13:00:00Z,2026-06-11T15:00:00+0200,90.16,EUR/MWh,BE,BE,day_ahead_price,value,2026-06-23T05:42:01Z
2026-06-23T05:41:39Z,2026-06-23T07:41:39+0200,c1c18315-63b2-412d-a1be-e7c0796f2236,2026-06-11T13:15:00Z,2026-06-11T15:15:00+0200,109.25,EUR/MWh,BE,BE,day_ahead_price,value,2026-06-23T05:42:01Z
2026-06-23T05:41:39Z,2026-06-23T07:41:39+0200,c1c18315-63b2-412d-a1be-e7c0796f2236,2026-06-11T13:30:00Z,2026-06-11T15:30:00+0200,90.0,EUR/MWh,BE,BE,day_ahead_price,value,2026-06-23T05:42:01Z
2026-06-23T05:41:39Z,2026-06-23T07:41:39+0200,c1c18315-63b2-412d-a1be-e7c0796f2236,2026-06-11T13:45:00Z,2026-06-11T15:45:00+0200,97.69,EUR/MWh,BE,BE,day_ahead_price,value,2026-06-23T05:42:01Z
2026-06-23T05:41:39Z,2026-06-23T07:41:39+0200,c1c18315-63b2-412d-a1be-e7c0796f2236,2026-06-11T14:00:00Z,2026-06-11T16:00:00+0200,88.0,EUR/MWh,BE,BE,day_ahead_price,value,2026-06-23T05:42:01Z
2026-06-23T05:41:39Z,2026-06-23T07:41:39+0200,c1c18315-63b2-412d-a1be-e7c0796f2236,2026-06-11T14:15:00Z,2026-06-11T16:15:00+0200,80.0,EUR/MWh,BE,BE,day_ahead_price,value,2026-06-23T05:42:01Z
2026-06-23T05:41:39Z,2026-06-23T07:41:39+0200,c1c18315-63b2-412d-a1be-e7c0796f2236,2026-06-11T14:30:00Z,2026-06-11T16:30:00+0200,94.5,EUR/MWh,BE,BE,day_ahead_price,value,2026-06-23T05:42:01Z
2026-06-23T05:41:39Z,2026-06-23T07:41:39+0200,c1c18315-63b2-412d-a1be-e7c0796f2236,2026-06-11T14:45:00Z,2026-06-11T16:45:00+0200,101.36,EUR/MWh,BE,BE,day_ahead_price,value,2026-06-23T05:42:01Z
2026-06-23T05:41:39Z,2026-06-23T07:41:39+0200,c1c18315-63b2-412d-a1be-e7c0796f2236,2026-06-11T15:00:00Z,2026-06-11T17:00:00+0200,106.42,EUR/MWh,BE,BE,day_ahead_price,value,2026-06-23T05:42:01Z
2026-06-23T05:41:39Z,2026-06-23T07:41:39+0200,c1c18315-63b2-412d-a1be-e7c0796f2236,2026-06-11T15:15:00Z,2026-06-11T17:15:00+0200,110.84,EUR/MWh,BE,BE,day_ahead_price,value,2026-06-23T05:42:01Z
2026-06-23T05:41:39Z,2026-06-23T07:41:39+0200,c1c18315-63b2-412d-a1be-e7c0796f2236,2026-06-11T15:30:00Z,2026-06-11T17:30:00+0200,119.86,EUR/MWh,BE,BE,day_ahead_price,value,2026-06-23T05:42:01Z
2026-06-23T05:41:39Z,2026-06-23T07:41:39+0200,c1c18315-63b2-412d-a1be-e7c0796f2236,2026-06-11T15:45:00Z,2026-06-11T17:45:00+0200,116.99,EUR/MWh,BE,BE,day_ahead_price,value,2026-06-23T05:42:01Z
2026-06-23T05:41:39Z,2026-06-23T07:41:39+0200,c1c18315-63b2-412d-a1be-e7c0796f2236,2026-06-11T16:00:00Z,2026-06-11T18:00:00+0200,109.04,EUR/MWh,BE,BE,day_ahead_price,value,2026-06-23T05:42:01Z
2026-06-23T05:41:39Z,2026-06-23T07:41:39+0200,c1c18315-63b2-412d-a1be-e7c0796f2236,2026-06-11T16:15:00Z,2026-06-11T18:15:00+0200,113.68,EUR/MWh,BE,BE,day_ahead_price,value,2026-06-23T05:42:01Z
2026-06-23T05:41:39Z,2026-06-23T07:41:39+0200,c1c18315-63b2-412d-a1be-e7c0796f2236,2026-06-11T16:30:00Z,2026-06-11T18:30:00+0200,123.14,EUR/MWh,BE,BE,day_ahead_price,value,2026-06-23T05:42:01Z
2026-06-23T05:41:39Z,2026-06-23T07:41:39+0200,c1c18315-63b2-412d-a1be-e7c0796f2236,2026-06-11T16:45:00Z,2026-06-11T18:45:00+0200,139.82,EUR/MWh,BE,BE,day_ahead_price,value,2026-06-23T05:42:01Z
2026-06-23T05:41:39Z,2026-06-23T07:41:39+0200,c1c18315-63b2-412d-a1be-e7c0796f2236,2026-06-11T17:00:00Z,2026-06-11T19:00:00+0200,119.56,EUR/MWh,BE,BE,day_ahead_price,value,2026-06-23T05:42:01Z
2026-06-23T05:41:39Z,2026-06-23T07:41:39+0200,c1c18315-63b2-412d-a1be-e7c0796f2236,2026-06-11T17:15:00Z,2026-06-11T19:15:00+0200,130.68,EUR/MWh,BE,BE,day_ahead_price,value,2026-06-23T05:42:01Z
2026-06-23T05:41:39Z,2026-06-23T07:41:39+0200,c1c18315-63b2-412d-a1be-e7c0796f2236,2026-06-11T17:30:00Z,2026-06-11T19:30:00+0200,142.83,EUR/MWh,BE,BE,day_ahead_price,value,2026-06-23T05:42:01Z
2026-06-23T05:41:39Z,2026-06-23T07:41:39+0200,c1c18315-63b2-412d-a1be-e7c0796f2236,2026-06-11T17:45:00Z,2026-06-11T19:45:00+0200,121.54,EUR/MWh,BE,BE,day_ahead_price,value,2026-06-23T05:42:01Z
2026-06-23T05:41:39Z,2026-06-23T07:41:39+0200,c1c18315-63b2-412d-a1be-e7c0796f2236,2026-06-11T18:00:00Z,2026-06-11T20:00:00+0200,148.96,EUR/MWh,BE,BE,day_ahead_price,value,2026-06-23T05:42:01Z
2026-06-23T05:41:39Z,2026-06-23T07:41:39+0200,c1c18315-63b2-412d-a1be-e7c0796f2236,2026-06-11T18:15:00Z,2026-06-11T20:15:00+0200,154.91,EUR/MWh,BE,BE,day_ahead_price,value,2026-06-23T05:42:01Z
2026-06-23T05:41:39Z,2026-06-23T07:41:39+0200,c1c18315-63b2-412d-a1be-e7c0796f2236,2026-06-11T18:30:00Z,2026-06-11T20:30:00+0200,112.26,EUR/MWh,BE,BE,day_ahead_price,value,2026-06-23T05:42:01Z
2026-06-23T05:41:39Z,2026-06-23T07:41:39+0200,c1c18315-63b2-412d-a1be-e7c0796f2236,2026-06-11T18:45:00Z,2026-06-11T20:45:00+0200,124.03,EUR/MWh,BE,BE,day_ahead_price,value,2026-06-23T05:42:01Z
2026-06-23T05:41:39Z,2026-06-23T07:41:39+0200,c1c18315-63b2-412d-a1be-e7c0796f2236,2026-06-11T19:00:00Z,2026-06-11T21:00:00+0200,127.01,EUR/MWh,BE,BE,day_ahead_price,value,2026-06-23T05:42:01Z
2026-06-23T05:41:39Z,2026-06-23T07:41:39+0200,c1c18315-63b2-412d-a1be-e7c0796f2236,2026-06-11T19:15:00Z,2026-06-11T21:15:00+0200,139.88,EUR/MWh,BE,BE,day_ahead_price,value,2026-06-23T05:42:01Z
2026-06-23T05:41:39Z,2026-06-23T07:41:39+0200,c1c18315-63b2-412d-a1be-e7c0796f2236,2026-06-11T19:30:00Z,2026-06-11T21:30:00+0200,130.0,EUR/MWh,BE,BE,day_ahead_price,value,2026-06-23T05:42:01Z
2026-06-23T05:41:39Z,2026-06-23T07:41:39+0200,c1c18315-63b2-412d-a1be-e7c0796f2236,2026-06-11T19:45:00Z,2026-06-11T21:45:00+0200,114.07,EUR/MWh,BE,BE,day_ahead_price,value,2026-06-23T05:42:01Z
2026-06-23T05:41:39Z,2026-06-23T07:41:39+0200,c1c18315-63b2-412d-a1be-e7c0796f2236,2026-06-11T20:00:00Z,2026-06-11T22:00:00+0200,132.0,EUR/MWh,BE,BE,day_ahead_price,value,2026-06-23T05:42:01Z
2026-06-23T05:41:39Z,2026-06-23T07:41:39+0200,c1c18315-63b2-412d-a1be-e7c0796f2236,2026-06-11T20:15:00Z,2026-06-11T22:15:00+0200,129.35,EUR/MWh,BE,BE,day_ahead_price,value,2026-06-23T05:42:01Z
2026-06-23T05:41:39Z,2026-06-23T07:41:39+0200,c1c18315-63b2-412d-a1be-e7c0796f2236,2026-06-11T20:30:00Z,2026-06-11T22:30:00+0200,115.52,EUR/MWh,BE,BE,day_ahead_price,value,2026-06-23T05:42:01Z
2026-06-23T05:41:39Z,2026-06-23T07:41:39+0200,c1c18315-63b2-412d-a1be-e7c0796f2236,2026-06-11T20:45:00Z,2026-06-11T22:45:00+0200,101.32,EUR/MWh,BE,BE,day_ahead_price,value,2026-06-23T05:42:01Z
2026-06-23T05:41:39Z,2026-06-23T07:41:39+0200,c1c18315-63b2-412d-a1be-e7c0796f2236,2026-06-11T21:00:00Z,2026-06-11T23:00:00+0200,117.56,EUR/MWh,BE,BE,day_ahead_price,value,2026-06-23T05:42:01Z
2026-06-23T05:41:39Z,2026-06-23T07:41:39+0200,c1c18315-63b2-412d-a1be-e7c0796f2236,2026-06-11T21:15:00Z,2026-06-11T23:15:00+0200,107.37,EUR/MWh,BE,BE,day_ahead_price,value,2026-06-23T05:42:01Z
2026-06-23T05:41:39Z,2026-06-23T07:41:39+0200,c1c18315-63b2-412d-a1be-e7c0796f2236,2026-06-11T21:30:00Z,2026-06-11T23:30:00+0200,100.0,EUR/MWh,BE,BE,day_ahead_price,value,2026-06-23T05:42:01Z
2026-06-23T05:41:39Z,2026-06-23T07:41:39+0200,c1c18315-63b2-412d-a1be-e7c0796f2236,2026-06-11T21:45:00Z,2026-06-11T23:45:00+0200,58.04,EUR/MWh,BE,BE,day_ahead_price,value,2026-06-23T05:42:01Z
2026-06-23T05:41:39Z,2026-06-23T07:41:39+0200,c1c18315-63b2-412d-a1be-e7c0796f2236,2026-06-11T22:00:00Z,2026-06-12T00:00:00+0200,115.41,EUR/MWh,BE,BE,day_ahead_price,value,2026-06-23T05:42:01Z
2026-06-23T05:41:39Z,2026-06-23T07:41:39+0200,c1c18315-63b2-412d-a1be-e7c0796f2236,2026-06-11T22:15:00Z,2026-06-12T00:15:00+0200,110.69,EUR/MWh,BE,BE,day_ahead_price,value,2026-06-23T05:42:01Z
2026-06-23T05:41:39Z,2026-06-23T07:41:39+0200,c1c18315-63b2-412d-a1be-e7c0796f2236,2026-06-11T22:30:00Z,2026-06-12T00:30:00+0200,104.67,EUR/MWh,BE,BE,day_ahead_price,value,2026-06-23T05:42:01Z
2026-06-23T05:41:39Z,2026-06-23T07:41:39+0200,c1c18315-63b2-412d-a1be-e7c0796f2236,2026-06-11T22:45:00Z,2026-06-12T00:45:00+0200,95.2,EUR/MWh,BE,BE,day_ahead_price,value,2026-06-23T05:42:01Z
2026-06-23T05:41:39Z,2026-06-23T07:41:39+0200,c1c18315-63b2-412d-a1be-e7c0796f2236,2026-06-11T23:00:00Z,2026-06-12T01:00:00+0200,104.12,EUR/MWh,BE,BE,day_ahead_price,value,2026-06-23T05:42:01Z
2026-06-23T05:41:39Z,2026-06-23T07:41:39+0200,c1c18315-63b2-412d-a1be-e7c0796f2236,2026-06-11T23:15:00Z,2026-06-12T01:15:00+0200,98.02,EUR/MWh,BE,BE,day_ahead_price,value,2026-06-23T05:42:01Z
2026-06-23T05:41:39Z,2026-06-23T07:41:39+0200,c1c18315-63b2-412d-a1be-e7c0796f2236,2026-06-11T23:30:00Z,2026-06-12T01:30:00+0200,90.89,EUR/MWh,BE,BE,day_ahead_price,value,2026-06-23T05:42:01Z
2026-06-23T05:41:39Z,2026-06-23T07:41:39+0200,c1c18315-63b2-412d-a1be-e7c0796f2236,2026-06-11T23:45:00Z,2026-06-12T01:45:00+0200,81.47,EUR/MWh,BE,BE,day_ahead_price,value,2026-06-23T05:42:01Z
2026-06-23T05:41:39Z,2026-06-23T07:41:39+0200,c1c18315-63b2-412d-a1be-e7c0796f2236,2026-06-12T00:00:00Z,2026-06-12T02:00:00+0200,92.42,EUR/MWh,BE,BE,day_ahead_price,value,2026-06-23T05:42:01Z
2026-06-23T05:41:39Z,2026-06-23T07:41:39+0200,c1c18315-63b2-412d-a1be-e7c0796f2236,2026-06-12T00:15:00Z,2026-06-12T02:15:00+0200,86.63,EUR/MWh,BE,BE,day_ahead_price,value,2026-06-23T05:42:01Z
2026-06-23T05:41:39Z,2026-06-23T07:41:39+0200,c1c18315-63b2-412d-a1be-e7c0796f2236,2026-06-12T00:30:00Z,2026-06-12T02:30:00+0200,84.47,EUR/MWh,BE,BE,day_ahead_price,value,2026-06-23T05:42:01Z
2026-06-23T05:41:39Z,2026-06-23T07:41:39+0200,c1c18315-63b2-412d-a1be-e7c0796f2236,2026-06-12T00:45:00Z,2026-06-12T02:45:00+0200,77.64,EUR/MWh,BE,BE,day_ahead_price,value,2026-06-23T05:42:01Z
2026-06-23T05:41:39Z,2026-06-23T07:41:39+0200,c1c18315-63b2-412d-a1be-e7c0796f2236,2026-06-12T01:00:00Z,2026-06-12T03:00:00+0200,82.85,EUR/MWh,BE,BE,day_ahead_price,value,2026-06-23T05:42:01Z
2026-06-23T05:41:39Z,2026-06-23T07:41:39+0200,c1c18315-63b2-412d-a1be-e7c0796f2236,2026-06-12T01:15:00Z,2026-06-12T03:15:00+0200,80.79,EUR/MWh,BE,BE,day_ahead_price,value,2026-06-23T05:42:01Z
2026-06-23T05:41:39Z,2026-06-23T07:41:39+0200,c1c18315-63b2-412d-a1be-e7c0796f2236,2026-06-12T01:30:00Z,2026-06-12T03:30:00+0200,79.49,EUR/MWh,BE,BE,day_ahead_price,value,2026-06-23T05:42:01Z
2026-06-23T05:41:39Z,2026-06-23T07:41:39+0200,c1c18315-63b2-412d-a1be-e7c0796f2236,2026-06-12T01:45:00Z,2026-06-12T03:45:00+0200,79.88,EUR/MWh,BE,BE,day_ahead_price,value,2026-06-23T05:42:01Z
2026-06-23T05:41:39Z,2026-06-23T07:41:39+0200,c1c18315-63b2-412d-a1be-e7c0796f2236,2026-06-12T02:00:00Z,2026-06-12T04:00:00+0200,73.05,EUR/MWh,BE,BE,day_ahead_price,value,2026-06-23T05:42:01Z
2026-06-23T05:41:39Z,2026-06-23T07:41:39+0200,c1c18315-63b2-412d-a1be-e7c0796f2236,2026-06-12T02:15:00Z,2026-06-12T04:15:00+0200,80.6,EUR/MWh,BE,BE,day_ahead_price,value,2026-06-23T05:42:01Z
2026-06-23T05:41:39Z,2026-06-23T07:41:39+0200,c1c18315-63b2-412d-a1be-e7c0796f2236,2026-06-12T02:30:00Z,2026-06-12T04:30:00+0200,81.57,EUR/MWh,BE,BE,day_ahead_price,value,2026-06-23T05:42:01Z
2026-06-23T05:41:39Z,2026-06-23T07:41:39+0200,c1c18315-63b2-412d-a1be-e7c0796f2236,2026-06-12T02:45:00Z,2026-06-12T04:45:00+0200,84.51,EUR/MWh,BE,BE,day_ahead_price,value,2026-06-23T05:42:01Z
2026-06-23T05:41:39Z,2026-06-23T07:41:39+0200,c1c18315-63b2-412d-a1be-e7c0796f2236,2026-06-12T03:00:00Z,2026-06-12T05:00:00+0200,77.75,EUR/MWh,BE,BE,day_ahead_price,value,2026-06-23T05:42:01Z
2026-06-23T05:41:39Z,2026-06-23T07:41:39+0200,c1c18315-63b2-412d-a1be-e7c0796f2236,2026-06-12T03:15:00Z,2026-06-12T05:15:00+0200,80.64,EUR/MWh,BE,BE,day_ahead_price,value,2026-06-23T05:42:01Z
2026-06-23T05:41:39Z,2026-06-23T07:41:39+0200,c1c18315-63b2-412d-a1be-e7c0796f2236,2026-06-12T03:30:00Z,2026-06-12T05:30:00+0200,85.69,EUR/MWh,BE,BE,day_ahead_price,value,2026-06-23T05:42:01Z
2026-06-23T05:41:39Z,2026-06-23T07:41:39+0200,c1c18315-63b2-412d-a1be-e7c0796f2236,2026-06-12T03:45:00Z,2026-06-12T05:45:00+0200,94.18,EUR/MWh,BE,BE,day_ahead_price,value,2026-06-23T05:42:01Z
2026-06-23T05:41:39Z,2026-06-23T07:41:39+0200,c1c18315-63b2-412d-a1be-e7c0796f2236,2026-06-12T04:00:00Z,2026-06-12T06:00:00+0200,96.07,EUR/MWh,BE,BE,day_ahead_price,value,2026-06-23T05:42:01Z
2026-06-23T05:41:39Z,2026-06-23T07:41:39+0200,c1c18315-63b2-412d-a1be-e7c0796f2236,2026-06-12T04:15:00Z,2026-06-12T06:15:00+0200,107.16,EUR/MWh,BE,BE,day_ahead_price,value,2026-06-23T05:42:01Z
2026-06-23T05:41:39Z,2026-06-23T07:41:39+0200,c1c18315-63b2-412d-a1be-e7c0796f2236,2026-06-12T04:30:00Z,2026-06-12T06:30:00+0200,106.61,EUR/MWh,BE,BE,day_ahead_price,value,2026-06-23T05:42:01Z
2026-06-23T05:41:39Z,2026-06-23T07:41:39+0200,c1c18315-63b2-412d-a1be-e7c0796f2236,2026-06-12T04:45:00Z,2026-06-12T06:45:00+0200,109.62,EUR/MWh,BE,BE,day_ahead_price,value,2026-06-23T05:42:01Z
2026-06-23T05:41:39Z,2026-06-23T07:41:39+0200,c1c18315-63b2-412d-a1be-e7c0796f2236,2026-06-12T05:00:00Z,2026-06-12T07:00:00+0200,112.03,EUR/MWh,BE,BE,day_ahead_price,value,2026-06-23T05:42:01Z
2026-06-23T05:41:39Z,2026-06-23T07:41:39+0200,c1c18315-63b2-412d-a1be-e7c0796f2236,2026-06-12T05:15:00Z,2026-06-12T07:15:00+0200,113.77,EUR/MWh,BE,BE,day_ahead_price,value,2026-06-23T05:42:01Z
2026-06-23T05:41:39Z,2026-06-23T07:41:39+0200,c1c18315-63b2-412d-a1be-e7c0796f2236,2026-06-12T05:30:00Z,2026-06-12T07:30:00+0200,111.4,EUR/MWh,BE,BE,day_ahead_price,value,2026-06-23T05:42:01Z
2026-06-23T05:41:39Z,2026-06-23T07:41:39+0200,c1c18315-63b2-412d-a1be-e7c0796f2236,2026-06-12T05:45:00Z,2026-06-12T07:45:00+0200,110.46,EUR/MWh,BE,BE,day_ahead_price,value,2026-06-23T05:42:01Z
2026-06-23T05:41:39Z,2026-06-23T07:41:39+0200,c1c18315-63b2-412d-a1be-e7c0796f2236,2026-06-12T06:00:00Z,2026-06-12T08:00:00+0200,122.44,EUR/MWh,BE,BE,day_ahead_price,value,2026-06-23T05:42:01Z
2026-06-23T05:41:39Z,2026-06-23T07:41:39+0200,c1c18315-63b2-412d-a1be-e7c0796f2236,2026-06-12T06:15:00Z,2026-06-12T08:15:00+0200,115.85,EUR/MWh,BE,BE,day_ahead_price,value,2026-06-23T05:42:01Z
2026-06-23T05:41:39Z,2026-06-23T07:41:39+0200,c1c18315-63b2-412d-a1be-e7c0796f2236,2026-06-12T06:30:00Z,2026-06-12T08:30:00+0200,111.12,EUR/MWh,BE,BE,day_ahead_price,value,2026-06-23T05:42:01Z
2026-06-23T05:41:39Z,2026-06-23T07:41:39+0200,c1c18315-63b2-412d-a1be-e7c0796f2236,2026-06-12T06:45:00Z,2026-06-12T08:45:00+0200,112.51,EUR/MWh,BE,BE,day_ahead_price,value,2026-06-23T05:42:01Z
2026-06-23T05:41:39Z,2026-06-23T07:41:39+0200,c1c18315-63b2-412d-a1be-e7c0796f2236,2026-06-12T07:00:00Z,2026-06-12T09:00:00+0200,135.23,EUR/MWh,BE,BE,day_ahead_price,value,2026-06-23T05:42:01Z
2026-06-23T05:41:39Z,2026-06-23T07:41:39+0200,c1c18315-63b2-412d-a1be-e7c0796f2236,2026-06-12T07:15:00Z,2026-06-12T09:15:00+0200,118.0,EUR/MWh,BE,BE,day_ahead_price,value,2026-06-23T05:42:01Z
2026-06-23T05:41:39Z,2026-06-23T07:41:39+0200,c1c18315-63b2-412d-a1be-e7c0796f2236,2026-06-12T07:30:00Z,2026-06-12T09:30:00+0200,110.0,EUR/MWh,BE,BE,day_ahead_price,value,2026-06-23T05:42:01Z
2026-06-23T05:41:39Z,2026-06-23T07:41:39+0200,c1c18315-63b2-412d-a1be-e7c0796f2236,2026-06-12T07:45:00Z,2026-06-12T09:45:00+0200,97.8,EUR/MWh,BE,BE,day_ahead_price,value,2026-06-23T05:42:01Z
2026-06-23T05:41:39Z,2026-06-23T07:41:39+0200,c1c18315-63b2-412d-a1be-e7c0796f2236,2026-06-12T08:00:00Z,2026-06-12T10:00:00+0200,106.82,EUR/MWh,BE,BE,day_ahead_price,value,2026-06-23T05:42:01Z
2026-06-23T05:41:39Z,2026-06-23T07:41:39+0200,c1c18315-63b2-412d-a1be-e7c0796f2236,2026-06-12T08:15:00Z,2026-06-12T10:15:00+0200,91.47,EUR/MWh,BE,BE,day_ahead_price,value,2026-06-23T05:42:01Z
2026-06-23T05:41:39Z,2026-06-23T07:41:39+0200,c1c18315-63b2-412d-a1be-e7c0796f2236,2026-06-12T08:30:00Z,2026-06-12T10:30:00+0200,86.41,EUR/MWh,BE,BE,day_ahead_price,value,2026-06-23T05:42:01Z
2026-06-23T05:41:39Z,2026-06-23T07:41:39+0200,c1c18315-63b2-412d-a1be-e7c0796f2236,2026-06-12T08:45:00Z,2026-06-12T10:45:00+0200,83.3,EUR/MWh,BE,BE,day_ahead_price,value,2026-06-23T05:42:01Z
2026-06-23T05:41:39Z,2026-06-23T07:41:39+0200,c1c18315-63b2-412d-a1be-e7c0796f2236,2026-06-12T09:00:00Z,2026-06-12T11:00:00+0200,83.66,EUR/MWh,BE,BE,day_ahead_price,value,2026-06-23T05:42:01Z
2026-06-23T05:41:39Z,2026-06-23T07:41:39+0200,c1c18315-63b2-412d-a1be-e7c0796f2236,2026-06-12T09:15:00Z,2026-06-12T11:15:00+0200,80.43,EUR/MWh,BE,BE,day_ahead_price,value,2026-06-23T05:42:01Z
2026-06-23T05:41:39Z,2026-06-23T07:41:39+0200,c1c18315-63b2-412d-a1be-e7c0796f2236,2026-06-12T09:30:00Z,2026-06-12T11:30:00+0200,78.72,EUR/MWh,BE,BE,day_ahead_price,value,2026-06-23T05:42:01Z
2026-06-23T05:41:39Z,2026-06-23T07:41:39+0200,c1c18315-63b2-412d-a1be-e7c0796f2236,2026-06-12T09:45:00Z,2026-06-12T11:45:00+0200,74.56,EUR/MWh,BE,BE,day_ahead_price,value,2026-06-23T05:42:01Z
2026-06-23T05:41:39Z,2026-06-23T07:41:39+0200,c1c18315-63b2-412d-a1be-e7c0796f2236,2026-06-12T10:00:00Z,2026-06-12T12:00:00+0200,72.91,EUR/MWh,BE,BE,day_ahead_price,value,2026-06-23T05:42:01Z
2026-06-23T05:41:39Z,2026-06-23T07:41:39+0200,c1c18315-63b2-412d-a1be-e7c0796f2236,2026-06-12T10:15:00Z,2026-06-12T12:15:00+0200,69.23,EUR/MWh,BE,BE,day_ahead_price,value,2026-06-23T05:42:01Z
2026-06-23T05:41:39Z,2026-06-23T07:41:39+0200,c1c18315-63b2-412d-a1be-e7c0796f2236,2026-06-12T10:30:00Z,2026-06-12T12:30:00+0200,72.27,EUR/MWh,BE,BE,day_ahead_price,value,2026-06-23T05:42:01Z
2026-06-23T05:41:39Z,2026-06-23T07:41:39+0200,c1c18315-63b2-412d-a1be-e7c0796f2236,2026-06-12T10:45:00Z,2026-06-12T12:45:00+0200,69.64,EUR/MWh,BE,BE,day_ahead_price,value,2026-06-23T05:42:01Z
2026-06-23T05:41:39Z,2026-06-23T07:41:39+0200,c1c18315-63b2-412d-a1be-e7c0796f2236,2026-06-12T11:00:00Z,2026-06-12T13:00:00+0200,62.58,EUR/MWh,BE,BE,day_ahead_price,value,2026-06-23T05:42:01Z
2026-06-23T05:41:39Z,2026-06-23T07:41:39+0200,c1c18315-63b2-412d-a1be-e7c0796f2236,2026-06-12T11:15:00Z,2026-06-12T13:15:00+0200,61.55,EUR/MWh,BE,BE,day_ahead_price,value,2026-06-23T05:42:01Z
2026-06-23T05:41:39Z,2026-06-23T07:41:39+0200,c1c18315-63b2-412d-a1be-e7c0796f2236,2026-06-12T11:30:00Z,2026-06-12T13:30:00+0200,59.65,EUR/MWh,BE,BE,day_ahead_price,value,2026-06-23T05:42:01Z
2026-06-23T05:41:39Z,2026-06-23T07:41:39+0200,c1c18315-63b2-412d-a1be-e7c0796f2236,2026-06-12T11:45:00Z,2026-06-12T13:45:00+0200,55.62,EUR/MWh,BE,BE,day_ahead_price,value,2026-06-23T05:42:01Z
2026-06-23T05:41:39Z,2026-06-23T07:41:39+0200,c1c18315-63b2-412d-a1be-e7c0796f2236,2026-06-12T12:00:00Z,2026-06-12T14:00:00+0200,54.77,EUR/MWh,BE,BE,day_ahead_price,value,2026-06-23T05:42:01Z
2026-06-23T05:41:39Z,2026-06-23T07:41:39+0200,c1c18315-63b2-412d-a1be-e7c0796f2236,2026-06-12T12:15:00Z,2026-06-12T14:15:00+0200,53.36,EUR/MWh,BE,BE,day_ahead_price,value,2026-06-23T05:42:01Z
2026-06-23T05:41:39Z,2026-06-23T07:41:39+0200,c1c18315-63b2-412d-a1be-e7c0796f2236,2026-06-12T12:30:00Z,2026-06-12T14:30:00+0200,51.87,EUR/MWh,BE,BE,day_ahead_price,value,2026-06-23T05:42:01Z
2026-06-23T05:41:39Z,2026-06-23T07:41:39+0200,c1c18315-63b2-412d-a1be-e7c0796f2236,2026-06-12T12:45:00Z,2026-06-12T14:45:00+0200,48.96,EUR/MWh,BE,BE,day_ahead_price,value,2026-06-23T05:42:01Z
2026-06-23T05:41:39Z,2026-06-23T07:41:39+0200,c1c18315-63b2-412d-a1be-e7c0796f2236,2026-06-12T13:00:00Z,2026-06-12T15:00:00+0200,38.73,EUR/MWh,BE,BE,day_ahead_price,value,2026-06-23T05:42:01Z
2026-06-23T05:41:39Z,2026-06-23T07:41:39+0200,c1c18315-63b2-412d-a1be-e7c0796f2236,2026-06-12T13:15:00Z,2026-06-12T15:15:00+0200,37.81,EUR/MWh,BE,BE,day_ahead_price,value,2026-06-23T05:42:01Z
2026-06-23T05:41:39Z,2026-06-23T07:41:39+0200,c1c18315-63b2-412d-a1be-e7c0796f2236,2026-06-12T13:30:00Z,2026-06-12T15:30:00+0200,42.74,EUR/MWh,BE,BE,day_ahead_price,value,2026-06-23T05:42:01Z
2026-06-23T05:41:39Z,2026-06-23T07:41:39+0200,c1c18315-63b2-412d-a1be-e7c0796f2236,2026-06-12T13:45:00Z,2026-06-12T15:45:00+0200,46.08,EUR/MWh,BE,BE,day_ahead_price,value,2026-06-23T05:42:01Z
2026-06-23T05:41:39Z,2026-06-23T07:41:39+0200,c1c18315-63b2-412d-a1be-e7c0796f2236,2026-06-12T14:00:00Z,2026-06-12T16:00:00+0200,39.48,EUR/MWh,BE,BE,day_ahead_price,value,2026-06-23T05:42:01Z
2026-06-23T05:41:39Z,2026-06-23T07:41:39+0200,c1c18315-63b2-412d-a1be-e7c0796f2236,2026-06-12T14:15:00Z,2026-06-12T16:15:00+0200,47.13,EUR/MWh,BE,BE,day_ahead_price,value,2026-06-23T05:42:01Z
2026-06-23T05:41:39Z,2026-06-23T07:41:39+0200,c1c18315-63b2-412d-a1be-e7c0796f2236,2026-06-12T14:30:00Z,2026-06-12T16:30:00+0200,53.38,EUR/MWh,BE,BE,day_ahead_price,value,2026-06-23T05:42:01Z
2026-06-23T05:41:39Z,2026-06-23T07:41:39+0200,c1c18315-63b2-412d-a1be-e7c0796f2236,2026-06-12T14:45:00Z,2026-06-12T16:45:00+0200,64.2,EUR/MWh,BE,BE,day_ahead_price,value,2026-06-23T05:42:01Z
2026-06-23T05:41:39Z,2026-06-23T07:41:39+0200,c1c18315-63b2-412d-a1be-e7c0796f2236,2026-06-12T15:00:00Z,2026-06-12T17:00:00+0200,45.65,EUR/MWh,BE,BE,day_ahead_price,value,2026-06-23T05:42:01Z
2026-06-23T05:41:39Z,2026-06-23T07:41:39+0200,c1c18315-63b2-412d-a1be-e7c0796f2236,2026-06-12T15:15:00Z,2026-06-12T17:15:00+0200,55.87,EUR/MWh,BE,BE,day_ahead_price,value,2026-06-23T05:42:01Z
2026-06-23T05:41:39Z,2026-06-23T07:41:39+0200,c1c18315-63b2-412d-a1be-e7c0796f2236,2026-06-12T15:30:00Z,2026-06-12T17:30:00+0200,62.62,EUR/MWh,BE,BE,day_ahead_price,value,2026-06-23T05:42:01Z
2026-06-23T05:41:39Z,2026-06-23T07:41:39+0200,c1c18315-63b2-412d-a1be-e7c0796f2236,2026-06-12T15:45:00Z,2026-06-12T17:45:00+0200,72.74,EUR/MWh,BE,BE,day_ahead_price,value,2026-06-23T05:42:01Z
2026-06-23T05:41:39Z,2026-06-23T07:41:39+0200,c1c18315-63b2-412d-a1be-e7c0796f2236,2026-06-12T16:00:00Z,2026-06-12T18:00:00+0200,64.94,EUR/MWh,BE,BE,day_ahead_price,value,2026-06-23T05:42:01Z
2026-06-23T05:41:39Z,2026-06-23T07:41:39+0200,c1c18315-63b2-412d-a1be-e7c0796f2236,2026-06-12T16:15:00Z,2026-06-12T18:15:00+0200,73.18,EUR/MWh,BE,BE,day_ahead_price,value,2026-06-23T05:42:01Z
2026-06-23T05:41:39Z,2026-06-23T07:41:39+0200,c1c18315-63b2-412d-a1be-e7c0796f2236,2026-06-12T16:30:00Z,2026-06-12T18:30:00+0200,87.18,EUR/MWh,BE,BE,day_ahead_price,value,2026-06-23T05:42:01Z
2026-06-23T05:41:39Z,2026-06-23T07:41:39+0200,c1c18315-63b2-412d-a1be-e7c0796f2236,2026-06-12T16:45:00Z,2026-06-12T18:45:00+0200,92.25,EUR/MWh,BE,BE,day_ahead_price,value,2026-06-23T05:42:01Z
2026-06-23T05:41:39Z,2026-06-23T07:41:39+0200,c1c18315-63b2-412d-a1be-e7c0796f2236,2026-06-12T17:00:00Z,2026-06-12T19:00:00+0200,86.82,EUR/MWh,BE,BE,day_ahead_price,value,2026-06-23T05:42:01Z
2026-06-23T05:41:39Z,2026-06-23T07:41:39+0200,c1c18315-63b2-412d-a1be-e7c0796f2236,2026-06-12T17:15:00Z,2026-06-12T19:15:00+0200,93.33,EUR/MWh,BE,BE,day_ahead_price,value,2026-06-23T05:42:01Z
2026-06-23T05:41:39Z,2026-06-23T07:41:39+0200,c1c18315-63b2-412d-a1be-e7c0796f2236,2026-06-12T17:30:00Z,2026-06-12T19:30:00+0200,97.38,EUR/MWh,BE,BE,day_ahead_price,value,2026-06-23T05:42:01Z
2026-06-23T05:41:39Z,2026-06-23T07:41:39+0200,c1c18315-63b2-412d-a1be-e7c0796f2236,2026-06-12T17:45:00Z,2026-06-12T19:45:00+0200,103.47,EUR/MWh,BE,BE,day_ahead_price,value,2026-06-23T05:42:01Z
2026-06-23T05:41:39Z,2026-06-23T07:41:39+0200,c1c18315-63b2-412d-a1be-e7c0796f2236,2026-06-12T18:00:00Z,2026-06-12T20:00:00+0200,97.1,EUR/MWh,BE,BE,day_ahead_price,value,2026-06-23T05:42:01Z
2026-06-23T05:41:39Z,2026-06-23T07:41:39+0200,c1c18315-63b2-412d-a1be-e7c0796f2236,2026-06-12T18:15:00Z,2026-06-12T20:15:00+0200,101.42,EUR/MWh,BE,BE,day_ahead_price,value,2026-06-23T05:42:01Z
2026-06-23T05:41:39Z,2026-06-23T07:41:39+0200,c1c18315-63b2-412d-a1be-e7c0796f2236,2026-06-12T18:30:00Z,2026-06-12T20:30:00+0200,105.69,EUR/MWh,BE,BE,day_ahead_price,value,2026-06-23T05:42:01Z
2026-06-23T05:41:39Z,2026-06-23T07:41:39+0200,c1c18315-63b2-412d-a1be-e7c0796f2236,2026-06-12T18:45:00Z,2026-06-12T20:45:00+0200,109.96,EUR/MWh,BE,BE,day_ahead_price,value,2026-06-23T05:42:01Z
2026-06-23T05:41:39Z,2026-06-23T07:41:39+0200,c1c18315-63b2-412d-a1be-e7c0796f2236,2026-06-12T19:00:00Z,2026-06-12T21:00:00+0200,103.36,EUR/MWh,BE,BE,day_ahead_price,value,2026-06-23T05:42:01Z
2026-06-23T05:41:39Z,2026-06-23T07:41:39+0200,c1c18315-63b2-412d-a1be-e7c0796f2236,2026-06-12T19:15:00Z,2026-06-12T21:15:00+0200,109.52,EUR/MWh,BE,BE,day_ahead_price,value,2026-06-23T05:42:01Z
2026-06-23T05:41:39Z,2026-06-23T07:41:39+0200,c1c18315-63b2-412d-a1be-e7c0796f2236,2026-06-12T19:30:00Z,2026-06-12T21:30:00+0200,109.13,EUR/MWh,BE,BE,day_ahead_price,value,2026-06-23T05:42:01Z
2026-06-23T05:41:39Z,2026-06-23T07:41:39+0200,c1c18315-63b2-412d-a1be-e7c0796f2236,2026-06-12T19:45:00Z,2026-06-12T21:45:00+0200,108.36,EUR/MWh,BE,BE,day_ahead_price,value,2026-06-23T05:42:01Z
2026-06-23T05:41:39Z,2026-06-23T07:41:39+0200,c1c18315-63b2-412d-a1be-e7c0796f2236,2026-06-12T20:00:00Z,2026-06-12T22:00:00+0200,112.7,EUR/MWh,BE,BE,day_ahead_price,value,2026-06-23T05:42:01Z
2026-06-23T05:41:39Z,2026-06-23T07:41:39+0200,c1c18315-63b2-412d-a1be-e7c0796f2236,2026-06-12T20:15:00Z,2026-06-12T22:15:00+0200,112.79,EUR/MWh,BE,BE,day_ahead_price,value,2026-06-23T05:42:01Z
2026-06-23T05:41:39Z,2026-06-23T07:41:39+0200,c1c18315-63b2-412d-a1be-e7c0796f2236,2026-06-12T20:30:00Z,2026-06-12T22:30:00+0200,112.43,EUR/MWh,BE,BE,day_ahead_price,value,2026-06-23T05:42:01Z
2026-06-23T05:41:39Z,2026-06-23T07:41:39+0200,c1c18315-63b2-412d-a1be-e7c0796f2236,2026-06-12T20:45:00Z,2026-06-12T22:45:00+0200,106.3,EUR/MWh,BE,BE,day_ahead_price,value,2026-06-23T05:42:01Z
2026-06-23T05:41:39Z,2026-06-23T07:41:39+0200,c1c18315-63b2-412d-a1be-e7c0796f2236,2026-06-12T21:00:00Z,2026-06-12T23:00:00+0200,107.52,EUR/MWh,BE,BE,day_ahead_price,value,2026-06-23T05:42:01Z
2026-06-23T05:41:39Z,2026-06-23T07:41:39+0200,c1c18315-63b2-412d-a1be-e7c0796f2236,2026-06-12T21:15:00Z,2026-06-12T23:15:00+0200,101.56,EUR/MWh,BE,BE,day_ahead_price,value,2026-06-23T05:42:01Z
2026-06-23T05:41:39Z,2026-06-23T07:41:39+0200,c1c18315-63b2-412d-a1be-e7c0796f2236,2026-06-12T21:30:00Z,2026-06-12T23:30:00+0200,100.1,EUR/MWh,BE,BE,day_ahead_price,value,2026-06-23T05:42:01Z
2026-06-23T05:41:39Z,2026-06-23T07:41:39+0200,c1c18315-63b2-412d-a1be-e7c0796f2236,2026-06-12T21:45:00Z,2026-06-12T23:45:00+0200,93.67,EUR/MWh,BE,BE,day_ahead_price,value,2026-06-23T05:42:01Z
2026-06-23T05:41:39Z,2026-06-23T07:41:39+0200,c1c18315-63b2-412d-a1be-e7c0796f2236,2026-06-12T22:00:00Z,2026-06-13T00:00:00+0200,109.0,EUR/MWh,BE,BE,day_ahead_price,value,2026-06-23T05:42:01Z
2026-06-23T05:41:39Z,2026-06-23T07:41:39+0200,c1c18315-63b2-412d-a1be-e7c0796f2236,2026-06-12T22:15:00Z,2026-06-13T00:15:00+0200,90.13,EUR/MWh,BE,BE,day_ahead_price,value,2026-06-23T05:42:01Z
2026-06-23T05:41:39Z,2026-06-23T07:41:39+0200,c1c18315-63b2-412d-a1be-e7c0796f2236,2026-06-12T22:30:00Z,2026-06-13T00:30:00+0200,77.95,EUR/MWh,BE,BE,day_ahead_price,value,2026-06-23T05:42:01Z
2026-06-23T05:41:39Z,2026-06-23T07:41:39+0200,c1c18315-63b2-412d-a1be-e7c0796f2236,2026-06-12T22:45:00Z,2026-06-13T00:45:00+0200,63.14,EUR/MWh,BE,BE,day_ahead_price,value,2026-06-23T05:42:01Z
2026-06-23T05:41:39Z,2026-06-23T07:41:39+0200,c1c18315-63b2-412d-a1be-e7c0796f2236,2026-06-12T23:00:00Z,2026-06-13T01:00:00+0200,85.97,EUR/MWh,BE,BE,day_ahead_price,value,2026-06-23T05:42:01Z
2026-06-23T05:41:39Z,2026-06-23T07:41:39+0200,c1c18315-63b2-412d-a1be-e7c0796f2236,2026-06-12T23:15:00Z,2026-06-13T01:15:00+0200,77.77,EUR/MWh,BE,BE,day_ahead_price,value,2026-06-23T05:42:01Z
2026-06-23T05:41:39Z,2026-06-23T07:41:39+0200,c1c18315-63b2-412d-a1be-e7c0796f2236,2026-06-12T23:30:00Z,2026-06-13T01:30:00+0200,71.95,EUR/MWh,BE,BE,day_ahead_price,value,2026-06-23T05:42:01Z
2026-06-23T05:41:39Z,2026-06-23T07:41:39+0200,c1c18315-63b2-412d-a1be-e7c0796f2236,2026-06-12T23:45:00Z,2026-06-13T01:45:00+0200,58.36,EUR/MWh,BE,BE,day_ahead_price,value,2026-06-23T05:42:01Z
2026-06-23T05:41:39Z,2026-06-23T07:41:39+0200,c1c18315-63b2-412d-a1be-e7c0796f2236,2026-06-13T00:00:00Z,2026-06-13T02:00:00+0200,71.44,EUR/MWh,BE,BE,day_ahead_price,value,2026-06-23T05:42:01Z
2026-06-23T05:41:39Z,2026-06-23T07:41:39+0200,c1c18315-63b2-412d-a1be-e7c0796f2236,2026-06-13T00:15:00Z,2026-06-13T02:15:00+0200,63.4,EUR/MWh,BE,BE,day_ahead_price,value,2026-06-23T05:42:01Z
2026-06-23T05:41:39Z,2026-06-23T07:41:39+0200,c1c18315-63b2-412d-a1be-e7c0796f2236,2026-06-13T00:30:00Z,2026-06-13T02:30:00+0200,57.87,EUR/MWh,BE,BE,day_ahead_price,value,2026-06-23T05:42:01Z
2026-06-23T05:41:39Z,2026-06-23T07:41:39+0200,c1c18315-63b2-412d-a1be-e7c0796f2236,2026-06-13T00:45:00Z,2026-06-13T02:45:00+0200,54.21,EUR/MWh,BE,BE,day_ahead_price,value,2026-06-23T05:42:01Z
2026-06-23T05:41:39Z,2026-06-23T07:41:39+0200,c1c18315-63b2-412d-a1be-e7c0796f2236,2026-06-13T01:00:00Z,2026-06-13T03:00:00+0200,59.9,EUR/MWh,BE,BE,day_ahead_price,value,2026-06-23T05:42:01Z
2026-06-23T05:41:39Z,2026-06-23T07:41:39+0200,c1c18315-63b2-412d-a1be-e7c0796f2236,2026-06-13T01:15:00Z,2026-06-13T03:15:00+0200,55.35,EUR/MWh,BE,BE,day_ahead_price,value,2026-06-23T05:42:01Z
2026-06-23T05:41:39Z,2026-06-23T07:41:39+0200,c1c18315-63b2-412d-a1be-e7c0796f2236,2026-06-13T01:30:00Z,2026-06-13T03:30:00+0200,56.66,EUR/MWh,BE,BE,day_ahead_price,value,2026-06-23T05:42:01Z
2026-06-23T05:41:39Z,2026-06-23T07:41:39+0200,c1c18315-63b2-412d-a1be-e7c0796f2236,2026-06-13T01:45:00Z,2026-06-13T03:45:00+0200,53.93,EUR/MWh,BE,BE,day_ahead_price,value,2026-06-23T05:42:01Z
2026-06-23T05:41:39Z,2026-06-23T07:41:39+0200,c1c18315-63b2-412d-a1be-e7c0796f2236,2026-06-13T02:00:00Z,2026-06-13T04:00:00+0200,59.75,EUR/MWh,BE,BE,day_ahead_price,value,2026-06-23T05:42:01Z
2026-06-23T05:41:39Z,2026-06-23T07:41:39+0200,c1c18315-63b2-412d-a1be-e7c0796f2236,2026-06-13T02:15:00Z,2026-06-13T04:15:00+0200,58.87,EUR/MWh,BE,BE,day_ahead_price,value,2026-06-23T05:42:01Z
2026-06-23T05:41:39Z,2026-06-23T07:41:39+0200,c1c18315-63b2-412d-a1be-e7c0796f2236,2026-06-13T02:30:00Z,2026-06-13T04:30:00+0200,55.09,EUR/MWh,BE,BE,day_ahead_price,value,2026-06-23T05:42:01Z
2026-06-23T05:41:39Z,2026-06-23T07:41:39+0200,c1c18315-63b2-412d-a1be-e7c0796f2236,2026-06-13T02:45:00Z,2026-06-13T04:45:00+0200,55.17,EUR/MWh,BE,BE,day_ahead_price,value,2026-06-23T05:42:01Z
2026-06-23T05:41:39Z,2026-06-23T07:41:39+0200,c1c18315-63b2-412d-a1be-e7c0796f2236,2026-06-13T03:00:00Z,2026-06-13T05:00:00+0200,60.0,EUR/MWh,BE,BE,day_ahead_price,value,2026-06-23T05:42:01Z
2026-06-23T05:41:39Z,2026-06-23T07:41:39+0200,c1c18315-63b2-412d-a1be-e7c0796f2236,2026-06-13T03:15:00Z,2026-06-13T05:15:00+0200,54.06,EUR/MWh,BE,BE,day_ahead_price,value,2026-06-23T05:42:01Z
2026-06-23T05:41:39Z,2026-06-23T07:41:39+0200,c1c18315-63b2-412d-a1be-e7c0796f2236,2026-06-13T03:30:00Z,2026-06-13T05:30:00+0200,42.25,EUR/MWh,BE,BE,day_ahead_price,value,2026-06-23T05:42:01Z
2026-06-23T05:41:39Z,2026-06-23T07:41:39+0200,c1c18315-63b2-412d-a1be-e7c0796f2236,2026-06-13T03:45:00Z,2026-06-13T05:45:00+0200,36.75,EUR/MWh,BE,BE,day_ahead_price,value,2026-06-23T05:42:01Z
2026-06-23T05:41:39Z,2026-06-23T07:41:39+0200,c1c18315-63b2-412d-a1be-e7c0796f2236,2026-06-13T04:00:00Z,2026-06-13T06:00:00+0200,42.4,EUR/MWh,BE,BE,day_ahead_price,value,2026-06-23T05:42:01Z
2026-06-23T05:41:39Z,2026-06-23T07:41:39+0200,c1c18315-63b2-412d-a1be-e7c0796f2236,2026-06-13T04:15:00Z,2026-06-13T06:15:00+0200,34.09,EUR/MWh,BE,BE,day_ahead_price,value,2026-06-23T05:42:01Z
2026-06-23T05:41:39Z,2026-06-23T07:41:39+0200,c1c18315-63b2-412d-a1be-e7c0796f2236,2026-06-13T04:30:00Z,2026-06-13T06:30:00+0200,26.79,EUR/MWh,BE,BE,day_ahead_price,value,2026-06-23T05:42:01Z
2026-06-23T05:41:39Z,2026-06-23T07:41:39+0200,c1c18315-63b2-412d-a1be-e7c0796f2236,2026-06-13T04:45:00Z,2026-06-13T06:45:00+0200,15.36,EUR/MWh,BE,BE,day_ahead_price,value,2026-06-23T05:42:01Z
2026-06-23T05:41:39Z,2026-06-23T07:41:39+0200,c1c18315-63b2-412d-a1be-e7c0796f2236,2026-06-13T05:00:00Z,2026-06-13T07:00:00+0200,30.68,EUR/MWh,BE,BE,day_ahead_price,value,2026-06-23T05:42:01Z
2026-06-23T05:41:39Z,2026-06-23T07:41:39+0200,c1c18315-63b2-412d-a1be-e7c0796f2236,2026-06-13T05:15:00Z,2026-06-13T07:15:00+0200,14.84,EUR/MWh,BE,BE,day_ahead_price,value,2026-06-23T05:42:01Z
2026-06-23T05:41:39Z,2026-06-23T07:41:39+0200,c1c18315-63b2-412d-a1be-e7c0796f2236,2026-06-13T05:30:00Z,2026-06-13T07:30:00+0200,7.0,EUR/MWh,BE,BE,day_ahead_price,value,2026-06-23T05:42:01Z
2026-06-23T05:41:39Z,2026-06-23T07:41:39+0200,c1c18315-63b2-412d-a1be-e7c0796f2236,2026-06-13T05:45:00Z,2026-06-13T07:45:00+0200,2.1,EUR/MWh,BE,BE,day_ahead_price,value,2026-06-23T05:42:01Z
2026-06-23T05:41:39Z,2026-06-23T07:41:39+0200,c1c18315-63b2-412d-a1be-e7c0796f2236,2026-06-13T06:00:00Z,2026-06-13T08:00:00+0200,1.4,EUR/MWh,BE,BE,day_ahead_price,value,2026-06-23T05:42:01Z
2026-06-23T05:41:39Z,2026-06-23T07:41:39+0200,c1c18315-63b2-412d-a1be-e7c0796f2236,2026-06-13T06:15:00Z,2026-06-13T08:15:00+0200,0.0,EUR/MWh,BE,BE,day_ahead_price,value,2026-06-23T05:42:01Z
2026-06-23T05:41:39Z,2026-06-23T07:41:39+0200,c1c18315-63b2-412d-a1be-e7c0796f2236,2026-06-13T06:30:00Z,2026-06-13T08:30:00+0200,-0.01,EUR/MWh,BE,BE,day_ahead_price,value,2026-06-23T05:42:01Z
2026-06-23T05:41:39Z,2026-06-23T07:41:39+0200,c1c18315-63b2-412d-a1be-e7c0796f2236,2026-06-13T06:45:00Z,2026-06-13T08:45:00+0200,-0.08,EUR/MWh,BE,BE,day_ahead_price,value,2026-06-23T05:42:01Z
2026-06-23T05:41:39Z,2026-06-23T07:41:39+0200,c1c18315-63b2-412d-a1be-e7c0796f2236,2026-06-13T07:00:00Z,2026-06-13T09:00:00+0200,-0.08,EUR/MWh,BE,BE,day_ahead_price,value,2026-06-23T05:42:01Z
2026-06-23T05:41:39Z,2026-06-23T07:41:39+0200,c1c18315-63b2-412d-a1be-e7c0796f2236,2026-06-13T07:15:00Z,2026-06-13T09:15:00+0200,-0.28,EUR/MWh,BE,BE,day_ahead_price,value,2026-06-23T05:42:01Z
2026-06-23T05:41:39Z,2026-06-23T07:41:39+0200,c1c18315-63b2-412d-a1be-e7c0796f2236,2026-06-13T07:30:00Z,2026-06-13T09:30:00+0200,-2.0,EUR/MWh,BE,BE,day_ahead_price,value,2026-06-23T05:42:01Z
2026-06-23T05:41:39Z,2026-06-23T07:41:39+0200,c1c18315-63b2-412d-a1be-e7c0796f2236,2026-06-13T07:45:00Z,2026-06-13T09:45:00+0200,-2.07,EUR/MWh,BE,BE,day_ahead_price,value,2026-06-23T05:42:01Z
2026-06-23T05:41:39Z,2026-06-23T07:41:39+0200,c1c18315-63b2-412d-a1be-e7c0796f2236,2026-06-13T08:00:00Z,2026-06-13T10:00:00+0200,-2.01,EUR/MWh,BE,BE,day_ahead_price,value,2026-06-23T05:42:01Z
2026-06-23T05:41:39Z,2026-06-23T07:41:39+0200,c1c18315-63b2-412d-a1be-e7c0796f2236,2026-06-13T08:15:00Z,2026-06-13T10:15:00+0200,-3.24,EUR/MWh,BE,BE,day_ahead_price,value,2026-06-23T05:42:01Z
2026-06-23T05:41:39Z,2026-06-23T07:41:39+0200,c1c18315-63b2-412d-a1be-e7c0796f2236,2026-06-13T08:30:00Z,2026-06-13T10:30:00+0200,-5.01,EUR/MWh,BE,BE,day_ahead_price,value,2026-06-23T05:42:01Z
2026-06-23T05:41:39Z,2026-06-23T07:41:39+0200,c1c18315-63b2-412d-a1be-e7c0796f2236,2026-06-13T08:45:00Z,2026-06-13T10:45:00+0200,-9.41,EUR/MWh,BE,BE,day_ahead_price,value,2026-06-23T05:42:01Z
2026-06-23T05:41:39Z,2026-06-23T07:41:39+0200,c1c18315-63b2-412d-a1be-e7c0796f2236,2026-06-13T09:00:00Z,2026-06-13T11:00:00+0200,-9.98,EUR/MWh,BE,BE,day_ahead_price,value,2026-06-23T05:42:01Z
2026-06-23T05:41:39Z,2026-06-23T07:41:39+0200,c1c18315-63b2-412d-a1be-e7c0796f2236,2026-06-13T09:15:00Z,2026-06-13T11:15:00+0200,-14.9,EUR/MWh,BE,BE,day_ahead_price,value,2026-06-23T05:42:01Z
2026-06-23T05:41:39Z,2026-06-23T07:41:39+0200,c1c18315-63b2-412d-a1be-e7c0796f2236,2026-06-13T09:30:00Z,2026-06-13T11:30:00+0200,-17.9,EUR/MWh,BE,BE,day_ahead_price,value,2026-06-23T05:42:01Z
2026-06-23T05:41:39Z,2026-06-23T07:41:39+0200,c1c18315-63b2-412d-a1be-e7c0796f2236,2026-06-13T09:45:00Z,2026-06-13T11:45:00+0200,-19.9,EUR/MWh,BE,BE,day_ahead_price,value,2026-06-23T05:42:01Z
2026-06-23T05:41:39Z,2026-06-23T07:41:39+0200,c1c18315-63b2-412d-a1be-e7c0796f2236,2026-06-13T10:00:00Z,2026-06-13T12:00:00+0200,-19.94,EUR/MWh,BE,BE,day_ahead_price,value,2026-06-23T05:42:01Z
2026-06-23T05:41:39Z,2026-06-23T07:41:39+0200,c1c18315-63b2-412d-a1be-e7c0796f2236,2026-06-13T10:15:00Z,2026-06-13T12:15:00+0200,-24.81,EUR/MWh,BE,BE,day_ahead_price,value,2026-06-23T05:42:01Z
2026-06-23T05:41:39Z,2026-06-23T07:41:39+0200,c1c18315-63b2-412d-a1be-e7c0796f2236,2026-06-13T10:30:00Z,2026-06-13T12:30:00+0200,-29.94,EUR/MWh,BE,BE,day_ahead_price,value,2026-06-23T05:42:01Z
2026-06-23T05:41:39Z,2026-06-23T07:41:39+0200,c1c18315-63b2-412d-a1be-e7c0796f2236,2026-06-13T10:45:00Z,2026-06-13T12:45:00+0200,-35.0,EUR/MWh,BE,BE,day_ahead_price,value,2026-06-23T05:42:01Z
2026-06-23T05:41:39Z,2026-06-23T07:41:39+0200,c1c18315-63b2-412d-a1be-e7c0796f2236,2026-06-13T11:00:00Z,2026-06-13T13:00:00+0200,-35.49,EUR/MWh,BE,BE,day_ahead_price,value,2026-06-23T05:42:01Z
2026-06-23T05:41:39Z,2026-06-23T07:41:39+0200,c1c18315-63b2-412d-a1be-e7c0796f2236,2026-06-13T11:15:00Z,2026-06-13T13:15:00+0200,-45.01,EUR/MWh,BE,BE,day_ahead_price,value,2026-06-23T05:42:01Z
2026-06-23T05:41:39Z,2026-06-23T07:41:39+0200,c1c18315-63b2-412d-a1be-e7c0796f2236,2026-06-13T11:30:00Z,2026-06-13T13:30:00+0200,-49.98,EUR/MWh,BE,BE,day_ahead_price,value,2026-06-23T05:42:01Z
2026-06-23T05:41:39Z,2026-06-23T07:41:39+0200,c1c18315-63b2-412d-a1be-e7c0796f2236,2026-06-13T11:45:00Z,2026-06-13T13:45:00+0200,-52.99,EUR/MWh,BE,BE,day_ahead_price,value,2026-06-23T05:42:01Z
2026-06-23T05:41:39Z,2026-06-23T07:41:39+0200,c1c18315-63b2-412d-a1be-e7c0796f2236,2026-06-13T12:00:00Z,2026-06-13T14:00:00+0200,-46.52,EUR/MWh,BE,BE,day_ahead_price,value,2026-06-23T05:42:01Z
2026-06-23T05:41:39Z,2026-06-23T07:41:39+0200,c1c18315-63b2-412d-a1be-e7c0796f2236,2026-06-13T12:15:00Z,2026-06-13T14:15:00+0200,-46.52,EUR/MWh,BE,BE,day_ahead_price,value,2026-06-23T05:42:01Z
2026-06-23T05:41:39Z,2026-06-23T07:41:39+0200,c1c18315-63b2-412d-a1be-e7c0796f2236,2026-06-13T12:30:00Z,2026-06-13T14:30:00+0200,-45.0,EUR/MWh,BE,BE,day_ahead_price,value,2026-06-23T05:42:01Z
2026-06-23T05:41:39Z,2026-06-23T07:41:39+0200,c1c18315-63b2-412d-a1be-e7c0796f2236,2026-06-13T12:45:00Z,2026-06-13T14:45:00+0200,-41.95,EUR/MWh,BE,BE,day_ahead_price,value,2026-06-23T05:42:01Z
2026-06-23T05:41:39Z,2026-06-23T07:41:39+0200,c1c18315-63b2-412d-a1be-e7c0796f2236,2026-06-13T13:00:00Z,2026-06-13T15:00:00+0200,-36.77,EUR/MWh,BE,BE,day_ahead_price,value,2026-06-23T05:42:01Z
2026-06-23T05:41:39Z,2026-06-23T07:41:39+0200,c1c18315-63b2-412d-a1be-e7c0796f2236,2026-06-13T13:15:00Z,2026-06-13T15:15:00+0200,-34.0,EUR/MWh,BE,BE,day_ahead_price,value,2026-06-23T05:42:01Z
2026-06-23T05:41:39Z,2026-06-23T07:41:39+0200,c1c18315-63b2-412d-a1be-e7c0796f2236,2026-06-13T13:30:00Z,2026-06-13T15:30:00+0200,-29.95,EUR/MWh,BE,BE,day_ahead_price,value,2026-06-23T05:42:01Z
2026-06-23T05:41:39Z,2026-06-23T07:41:39+0200,c1c18315-63b2-412d-a1be-e7c0796f2236,2026-06-13T13:45:00Z,2026-06-13T15:45:00+0200,-25.31,EUR/MWh,BE,BE,day_ahead_price,value,2026-06-23T05:42:01Z
2026-06-23T05:41:39Z,2026-06-23T07:41:39+0200,c1c18315-63b2-412d-a1be-e7c0796f2236,2026-06-13T14:00:00Z,2026-06-13T16:00:00+0200,-24.91,EUR/MWh,BE,BE,day_ahead_price,value,2026-06-23T05:42:01Z
2026-06-23T05:41:39Z,2026-06-23T07:41:39+0200,c1c18315-63b2-412d-a1be-e7c0796f2236,2026-06-13T14:15:00Z,2026-06-13T16:15:00+0200,-19.69,EUR/MWh,BE,BE,day_ahead_price,value,2026-06-23T05:42:01Z
2026-06-23T05:41:39Z,2026-06-23T07:41:39+0200,c1c18315-63b2-412d-a1be-e7c0796f2236,2026-06-13T14:30:00Z,2026-06-13T16:30:00+0200,-17.56,EUR/MWh,BE,BE,day_ahead_price,value,2026-06-23T05:42:01Z
2026-06-23T05:41:39Z,2026-06-23T07:41:39+0200,c1c18315-63b2-412d-a1be-e7c0796f2236,2026-06-13T14:45:00Z,2026-06-13T16:45:00+0200,-13.27,EUR/MWh,BE,BE,day_ahead_price,value,2026-06-23T05:42:01Z
2026-06-23T05:41:39Z,2026-06-23T07:41:39+0200,c1c18315-63b2-412d-a1be-e7c0796f2236,2026-06-13T15:00:00Z,2026-06-13T17:00:00+0200,-8.82,EUR/MWh,BE,BE,day_ahead_price,value,2026-06-23T05:42:01Z
2026-06-23T05:41:39Z,2026-06-23T07:41:39+0200,c1c18315-63b2-412d-a1be-e7c0796f2236,2026-06-13T15:15:00Z,2026-06-13T17:15:00+0200,-4.74,EUR/MWh,BE,BE,day_ahead_price,value,2026-06-23T05:42:01Z
2026-06-23T05:41:39Z,2026-06-23T07:41:39+0200,c1c18315-63b2-412d-a1be-e7c0796f2236,2026-06-13T15:30:00Z,2026-06-13T17:30:00+0200,-1.76,EUR/MWh,BE,BE,day_ahead_price,value,2026-06-23T05:42:01Z
2026-06-23T05:41:39Z,2026-06-23T07:41:39+0200,c1c18315-63b2-412d-a1be-e7c0796f2236,2026-06-13T15:45:00Z,2026-06-13T17:45:00+0200,-0.61,EUR/MWh,BE,BE,day_ahead_price,value,2026-06-23T05:42:01Z
2026-06-23T05:41:39Z,2026-06-23T07:41:39+0200,c1c18315-63b2-412d-a1be-e7c0796f2236,2026-06-13T16:00:00Z,2026-06-13T18:00:00+0200,-0.44,EUR/MWh,BE,BE,day_ahead_price,value,2026-06-23T05:42:01Z
2026-06-23T05:41:39Z,2026-06-23T07:41:39+0200,c1c18315-63b2-412d-a1be-e7c0796f2236,2026-06-13T16:15:00Z,2026-06-13T18:15:00+0200,-0.34,EUR/MWh,BE,BE,day_ahead_price,value,2026-06-23T05:42:01Z
2026-06-23T05:41:39Z,2026-06-23T07:41:39+0200,c1c18315-63b2-412d-a1be-e7c0796f2236,2026-06-13T16:30:00Z,2026-06-13T18:30:00+0200,1.19,EUR/MWh,BE,BE,day_ahead_price,value,2026-06-23T05:42:01Z
2026-06-23T05:41:39Z,2026-06-23T07:41:39+0200,c1c18315-63b2-412d-a1be-e7c0796f2236,2026-06-13T16:45:00Z,2026-06-13T18:45:00+0200,6.2,EUR/MWh,BE,BE,day_ahead_price,value,2026-06-23T05:42:01Z
2026-06-23T05:41:39Z,2026-06-23T07:41:39+0200,c1c18315-63b2-412d-a1be-e7c0796f2236,2026-06-13T17:00:00Z,2026-06-13T19:00:00+0200,7.73,EUR/MWh,BE,BE,day_ahead_price,value,2026-06-23T05:42:01Z
2026-06-23T05:41:39Z,2026-06-23T07:41:39+0200,c1c18315-63b2-412d-a1be-e7c0796f2236,2026-06-13T17:15:00Z,2026-06-13T19:15:00+0200,24.54,EUR/MWh,BE,BE,day_ahead_price,value,2026-06-23T05:42:01Z
2026-06-23T05:41:39Z,2026-06-23T07:41:39+0200,c1c18315-63b2-412d-a1be-e7c0796f2236,2026-06-13T17:30:00Z,2026-06-13T19:30:00+0200,52.69,EUR/MWh,BE,BE,day_ahead_price,value,2026-06-23T05:42:01Z
2026-06-23T05:41:39Z,2026-06-23T07:41:39+0200,c1c18315-63b2-412d-a1be-e7c0796f2236,2026-06-13T17:45:00Z,2026-06-13T19:45:00+0200,65.49,EUR/MWh,BE,BE,day_ahead_price,value,2026-06-23T05:42:01Z
2026-06-23T05:41:39Z,2026-06-23T07:41:39+0200,c1c18315-63b2-412d-a1be-e7c0796f2236,2026-06-13T18:00:00Z,2026-06-13T20:00:00+0200,49.15,EUR/MWh,BE,BE,day_ahead_price,value,2026-06-23T05:42:01Z
2026-06-23T05:41:39Z,2026-06-23T07:41:39+0200,c1c18315-63b2-412d-a1be-e7c0796f2236,2026-06-13T18:15:00Z,2026-06-13T20:15:00+0200,80.55,EUR/MWh,BE,BE,day_ahead_price,value,2026-06-23T05:42:01Z
2026-06-23T05:41:39Z,2026-06-23T07:41:39+0200,c1c18315-63b2-412d-a1be-e7c0796f2236,2026-06-13T18:30:00Z,2026-06-13T20:30:00+0200,104.53,EUR/MWh,BE,BE,day_ahead_price,value,2026-06-23T05:42:01Z
2026-06-23T05:41:39Z,2026-06-23T07:41:39+0200,c1c18315-63b2-412d-a1be-e7c0796f2236,2026-06-13T18:45:00Z,2026-06-13T20:45:00+0200,123.88,EUR/MWh,BE,BE,day_ahead_price,value,2026-06-23T05:42:01Z
2026-06-23T05:41:39Z,2026-06-23T07:41:39+0200,c1c18315-63b2-412d-a1be-e7c0796f2236,2026-06-13T19:00:00Z,2026-06-13T21:00:00+0200,94.28,EUR/MWh,BE,BE,day_ahead_price,value,2026-06-23T05:42:01Z
2026-06-23T05:41:39Z,2026-06-23T07:41:39+0200,c1c18315-63b2-412d-a1be-e7c0796f2236,2026-06-13T19:15:00Z,2026-06-13T21:15:00+0200,98.91,EUR/MWh,BE,BE,day_ahead_price,value,2026-06-23T05:42:01Z
2026-06-23T05:41:39Z,2026-06-23T07:41:39+0200,c1c18315-63b2-412d-a1be-e7c0796f2236,2026-06-13T19:30:00Z,2026-06-13T21:30:00+0200,105.01,EUR/MWh,BE,BE,day_ahead_price,value,2026-06-23T05:42:01Z
2026-06-23T05:41:39Z,2026-06-23T07:41:39+0200,c1c18315-63b2-412d-a1be-e7c0796f2236,2026-06-13T19:45:00Z,2026-06-13T21:45:00+0200,114.66,EUR/MWh,BE,BE,day_ahead_price,value,2026-06-23T05:42:01Z
2026-06-23T05:41:39Z,2026-06-23T07:41:39+0200,c1c18315-63b2-412d-a1be-e7c0796f2236,2026-06-13T20:00:00Z,2026-06-13T22:00:00+0200,115.0,EUR/MWh,BE,BE,day_ahead_price,value,2026-06-23T05:42:01Z
2026-06-23T05:41:39Z,2026-06-23T07:41:39+0200,c1c18315-63b2-412d-a1be-e7c0796f2236,2026-06-13T20:15:00Z,2026-06-13T22:15:00+0200,120.0,EUR/MWh,BE,BE,day_ahead_price,value,2026-06-23T05:42:01Z
2026-06-23T05:41:39Z,2026-06-23T07:41:39+0200,c1c18315-63b2-412d-a1be-e7c0796f2236,2026-06-13T20:30:00Z,2026-06-13T22:30:00+0200,122.3,EUR/MWh,BE,BE,day_ahead_price,value,2026-06-23T05:42:01Z
2026-06-23T05:41:39Z,2026-06-23T07:41:39+0200,c1c18315-63b2-412d-a1be-e7c0796f2236,2026-06-13T20:45:00Z,2026-06-13T22:45:00+0200,103.68,EUR/MWh,BE,BE,day_ahead_price,value,2026-06-23T05:42:01Z
2026-06-23T05:41:39Z,2026-06-23T07:41:39+0200,c1c18315-63b2-412d-a1be-e7c0796f2236,2026-06-13T21:00:00Z,2026-06-13T23:00:00+0200,121.83,EUR/MWh,BE,BE,day_ahead_price,value,2026-06-23T05:42:01Z
2026-06-23T05:41:39Z,2026-06-23T07:41:39+0200,c1c18315-63b2-412d-a1be-e7c0796f2236,2026-06-13T21:15:00Z,2026-06-13T23:15:00+0200,105.04,EUR/MWh,BE,BE,day_ahead_price,value,2026-06-23T05:42:01Z
2026-06-23T05:41:39Z,2026-06-23T07:41:39+0200,c1c18315-63b2-412d-a1be-e7c0796f2236,2026-06-13T21:30:00Z,2026-06-13T23:30:00+0200,98.71,EUR/MWh,BE,BE,day_ahead_price,value,2026-06-23T05:42:01Z
2026-06-23T05:41:39Z,2026-06-23T07:41:39+0200,c1c18315-63b2-412d-a1be-e7c0796f2236,2026-06-13T21:45:00Z,2026-06-13T23:45:00+0200,96.34,EUR/MWh,BE,BE,day_ahead_price,value,2026-06-23T05:42:01Z
2026-06-23T05:41:39Z,2026-06-23T07:41:39+0200,c1c18315-63b2-412d-a1be-e7c0796f2236,2026-06-13T22:00:00Z,2026-06-14T00:00:00+0200,111.18,EUR/MWh,BE,BE,day_ahead_price,value,2026-06-23T05:42:01Z
2026-06-23T05:41:39Z,2026-06-23T07:41:39+0200,c1c18315-63b2-412d-a1be-e7c0796f2236,2026-06-13T22:15:00Z,2026-06-14T00:15:00+0200,89.07,EUR/MWh,BE,BE,day_ahead_price,value,2026-06-23T05:42:01Z
2026-06-23T05:41:39Z,2026-06-23T07:41:39+0200,c1c18315-63b2-412d-a1be-e7c0796f2236,2026-06-13T22:30:00Z,2026-06-14T00:30:00+0200,63.23,EUR/MWh,BE,BE,day_ahead_price,value,2026-06-23T05:42:01Z
2026-06-23T05:41:39Z,2026-06-23T07:41:39+0200,c1c18315-63b2-412d-a1be-e7c0796f2236,2026-06-13T22:45:00Z,2026-06-14T00:45:00+0200,46.61,EUR/MWh,BE,BE,day_ahead_price,value,2026-06-23T05:42:01Z
2026-06-23T05:41:39Z,2026-06-23T07:41:39+0200,c1c18315-63b2-412d-a1be-e7c0796f2236,2026-06-13T23:00:00Z,2026-06-14T01:00:00+0200,63.95,EUR/MWh,BE,BE,day_ahead_price,value,2026-06-23T05:42:01Z
2026-06-23T05:41:39Z,2026-06-23T07:41:39+0200,c1c18315-63b2-412d-a1be-e7c0796f2236,2026-06-13T23:15:00Z,2026-06-14T01:15:00+0200,54.28,EUR/MWh,BE,BE,day_ahead_price,value,2026-06-23T05:42:01Z
2026-06-23T05:41:39Z,2026-06-23T07:41:39+0200,c1c18315-63b2-412d-a1be-e7c0796f2236,2026-06-13T23:30:00Z,2026-06-14T01:30:00+0200,48.05,EUR/MWh,BE,BE,day_ahead_price,value,2026-06-23T05:42:01Z
2026-06-23T05:41:39Z,2026-06-23T07:41:39+0200,c1c18315-63b2-412d-a1be-e7c0796f2236,2026-06-13T23:45:00Z,2026-06-14T01:45:00+0200,40.21,EUR/MWh,BE,BE,day_ahead_price,value,2026-06-23T05:42:01Z
2026-06-23T05:41:39Z,2026-06-23T07:41:39+0200,c1c18315-63b2-412d-a1be-e7c0796f2236,2026-06-14T00:00:00Z,2026-06-14T02:00:00+0200,46.7,EUR/MWh,BE,BE,day_ahead_price,value,2026-06-23T05:42:01Z
2026-06-23T05:41:39Z,2026-06-23T07:41:39+0200,c1c18315-63b2-412d-a1be-e7c0796f2236,2026-06-14T00:15:00Z,2026-06-14T02:15:00+0200,36.18,EUR/MWh,BE,BE,day_ahead_price,value,2026-06-23T05:42:01Z
2026-06-23T05:41:39Z,2026-06-23T07:41:39+0200,c1c18315-63b2-412d-a1be-e7c0796f2236,2026-06-14T00:30:00Z,2026-06-14T02:30:00+0200,30.22,EUR/MWh,BE,BE,day_ahead_price,value,2026-06-23T05:42:01Z
2026-06-23T05:41:39Z,2026-06-23T07:41:39+0200,c1c18315-63b2-412d-a1be-e7c0796f2236,2026-06-14T00:45:00Z,2026-06-14T02:45:00+0200,30.99,EUR/MWh,BE,BE,day_ahead_price,value,2026-06-23T05:42:01Z
2026-06-23T05:41:39Z,2026-06-23T07:41:39+0200,c1c18315-63b2-412d-a1be-e7c0796f2236,2026-06-14T01:00:00Z,2026-06-14T03:00:00+0200,31.59,EUR/MWh,BE,BE,day_ahead_price,value,2026-06-23T05:42:01Z
2026-06-23T05:41:39Z,2026-06-23T07:41:39+0200,c1c18315-63b2-412d-a1be-e7c0796f2236,2026-06-14T01:15:00Z,2026-06-14T03:15:00+0200,28.04,EUR/MWh,BE,BE,day_ahead_price,value,2026-06-23T05:42:01Z
2026-06-23T05:41:39Z,2026-06-23T07:41:39+0200,c1c18315-63b2-412d-a1be-e7c0796f2236,2026-06-14T01:30:00Z,2026-06-14T03:30:00+0200,30.7,EUR/MWh,BE,BE,day_ahead_price,value,2026-06-23T05:42:01Z
2026-06-23T05:41:39Z,2026-06-23T07:41:39+0200,c1c18315-63b2-412d-a1be-e7c0796f2236,2026-06-14T01:45:00Z,2026-06-14T03:45:00+0200,29.55,EUR/MWh,BE,BE,day_ahead_price,value,2026-06-23T05:42:01Z
2026-06-23T05:41:39Z,2026-06-23T07:41:39+0200,c1c18315-63b2-412d-a1be-e7c0796f2236,2026-06-14T02:00:00Z,2026-06-14T04:00:00+0200,27.55,EUR/MWh,BE,BE,day_ahead_price,value,2026-06-23T05:42:01Z
2026-06-23T05:41:39Z,2026-06-23T07:41:39+0200,c1c18315-63b2-412d-a1be-e7c0796f2236,2026-06-14T02:15:00Z,2026-06-14T04:15:00+0200,26.32,EUR/MWh,BE,BE,day_ahead_price,value,2026-06-23T05:42:01Z
2026-06-23T05:41:39Z,2026-06-23T07:41:39+0200,c1c18315-63b2-412d-a1be-e7c0796f2236,2026-06-14T02:30:00Z,2026-06-14T04:30:00+0200,28.76,EUR/MWh,BE,BE,day_ahead_price,value,2026-06-23T05:42:01Z
2026-06-23T05:41:39Z,2026-06-23T07:41:39+0200,c1c18315-63b2-412d-a1be-e7c0796f2236,2026-06-14T02:45:00Z,2026-06-14T04:45:00+0200,30.29,EUR/MWh,BE,BE,day_ahead_price,value,2026-06-23T05:42:01Z
2026-06-23T05:41:39Z,2026-06-23T07:41:39+0200,c1c18315-63b2-412d-a1be-e7c0796f2236,2026-06-14T03:00:00Z,2026-06-14T05:00:00+0200,26.2,EUR/MWh,BE,BE,day_ahead_price,value,2026-06-23T05:42:01Z
2026-06-23T05:41:39Z,2026-06-23T07:41:39+0200,c1c18315-63b2-412d-a1be-e7c0796f2236,2026-06-14T03:15:00Z,2026-06-14T05:15:00+0200,21.06,EUR/MWh,BE,BE,day_ahead_price,value,2026-06-23T05:42:01Z
2026-06-23T05:41:39Z,2026-06-23T07:41:39+0200,c1c18315-63b2-412d-a1be-e7c0796f2236,2026-06-14T03:30:00Z,2026-06-14T05:30:00+0200,21.85,EUR/MWh,BE,BE,day_ahead_price,value,2026-06-23T05:42:01Z
2026-06-23T05:41:39Z,2026-06-23T07:41:39+0200,c1c18315-63b2-412d-a1be-e7c0796f2236,2026-06-14T03:45:00Z,2026-06-14T05:45:00+0200,18.56,EUR/MWh,BE,BE,day_ahead_price,value,2026-06-23T05:42:01Z
2026-06-23T05:41:39Z,2026-06-23T07:41:39+0200,c1c18315-63b2-412d-a1be-e7c0796f2236,2026-06-14T04:00:00Z,2026-06-14T06:00:00+0200,13.87,EUR/MWh,BE,BE,day_ahead_price,value,2026-06-23T05:42:01Z
2026-06-23T05:41:39Z,2026-06-23T07:41:39+0200,c1c18315-63b2-412d-a1be-e7c0796f2236,2026-06-14T04:15:00Z,2026-06-14T06:15:00+0200,9.9,EUR/MWh,BE,BE,day_ahead_price,value,2026-06-23T05:42:01Z
2026-06-23T05:41:39Z,2026-06-23T07:41:39+0200,c1c18315-63b2-412d-a1be-e7c0796f2236,2026-06-14T04:30:00Z,2026-06-14T06:30:00+0200,5.48,EUR/MWh,BE,BE,day_ahead_price,value,2026-06-23T05:42:01Z
2026-06-23T05:41:39Z,2026-06-23T07:41:39+0200,c1c18315-63b2-412d-a1be-e7c0796f2236,2026-06-14T04:45:00Z,2026-06-14T06:45:00+0200,1.78,EUR/MWh,BE,BE,day_ahead_price,value,2026-06-23T05:42:01Z
2026-06-23T05:41:39Z,2026-06-23T07:41:39+0200,c1c18315-63b2-412d-a1be-e7c0796f2236,2026-06-14T05:00:00Z,2026-06-14T07:00:00+0200,1.88,EUR/MWh,BE,BE,day_ahead_price,value,2026-06-23T05:42:01Z
2026-06-23T05:41:39Z,2026-06-23T07:41:39+0200,c1c18315-63b2-412d-a1be-e7c0796f2236,2026-06-14T05:15:00Z,2026-06-14T07:15:00+0200,0.0,EUR/MWh,BE,BE,day_ahead_price,value,2026-06-23T05:42:01Z
2026-06-23T05:41:39Z,2026-06-23T07:41:39+0200,c1c18315-63b2-412d-a1be-e7c0796f2236,2026-06-14T05:30:00Z,2026-06-14T07:30:00+0200,-0.01,EUR/MWh,BE,BE,day_ahead_price,value,2026-06-23T05:42:01Z
2026-06-23T05:41:39Z,2026-06-23T07:41:39+0200,c1c18315-63b2-412d-a1be-e7c0796f2236,2026-06-14T05:45:00Z,2026-06-14T07:45:00+0200,-0.03,EUR/MWh,BE,BE,day_ahead_price,value,2026-06-23T05:42:01Z
2026-06-23T05:41:39Z,2026-06-23T07:41:39+0200,c1c18315-63b2-412d-a1be-e7c0796f2236,2026-06-14T06:00:00Z,2026-06-14T08:00:00+0200,-0.01,EUR/MWh,BE,BE,day_ahead_price,value,2026-06-23T05:42:01Z
2026-06-23T05:41:39Z,2026-06-23T07:41:39+0200,c1c18315-63b2-412d-a1be-e7c0796f2236,2026-06-14T06:15:00Z,2026-06-14T08:15:00+0200,-0.09,EUR/MWh,BE,BE,day_ahead_price,value,2026-06-23T05:42:01Z
2026-06-23T05:41:39Z,2026-06-23T07:41:39+0200,c1c18315-63b2-412d-a1be-e7c0796f2236,2026-06-14T06:30:00Z,2026-06-14T08:30:00+0200,-0.19,EUR/MWh,BE,BE,day_ahead_price,value,2026-06-23T05:42:01Z
2026-06-23T05:41:39Z,2026-06-23T07:41:39+0200,c1c18315-63b2-412d-a1be-e7c0796f2236,2026-06-14T06:45:00Z,2026-06-14T08:45:00+0200,-1.1,EUR/MWh,BE,BE,day_ahead_price,value,2026-06-23T05:42:01Z
2026-06-23T05:41:39Z,2026-06-23T07:41:39+0200,c1c18315-63b2-412d-a1be-e7c0796f2236,2026-06-14T07:00:00Z,2026-06-14T09:00:00+0200,-1.27,EUR/MWh,BE,BE,day_ahead_price,value,2026-06-23T05:42:01Z
2026-06-23T05:41:39Z,2026-06-23T07:41:39+0200,c1c18315-63b2-412d-a1be-e7c0796f2236,2026-06-14T07:15:00Z,2026-06-14T09:15:00+0200,-2.01,EUR/MWh,BE,BE,day_ahead_price,value,2026-06-23T05:42:01Z
2026-06-23T05:41:39Z,2026-06-23T07:41:39+0200,c1c18315-63b2-412d-a1be-e7c0796f2236,2026-06-14T07:30:00Z,2026-06-14T09:30:00+0200,-3.05,EUR/MWh,BE,BE,day_ahead_price,value,2026-06-23T05:42:01Z
2026-06-23T05:41:39Z,2026-06-23T07:41:39+0200,c1c18315-63b2-412d-a1be-e7c0796f2236,2026-06-14T07:45:00Z,2026-06-14T09:45:00+0200,-5.0,EUR/MWh,BE,BE,day_ahead_price,value,2026-06-23T05:42:01Z
2026-06-23T05:41:39Z,2026-06-23T07:41:39+0200,c1c18315-63b2-412d-a1be-e7c0796f2236,2026-06-14T08:00:00Z,2026-06-14T10:00:00+0200,-3.47,EUR/MWh,BE,BE,day_ahead_price,value,2026-06-23T05:42:01Z
2026-06-23T05:41:39Z,2026-06-23T07:41:39+0200,c1c18315-63b2-412d-a1be-e7c0796f2236,2026-06-14T08:15:00Z,2026-06-14T10:15:00+0200,-5.0,EUR/MWh,BE,BE,day_ahead_price,value,2026-06-23T05:42:01Z
2026-06-23T05:41:39Z,2026-06-23T07:41:39+0200,c1c18315-63b2-412d-a1be-e7c0796f2236,2026-06-14T08:30:00Z,2026-06-14T10:30:00+0200,-7.01,EUR/MWh,BE,BE,day_ahead_price,value,2026-06-23T05:42:01Z
2026-06-23T05:41:39Z,2026-06-23T07:41:39+0200,c1c18315-63b2-412d-a1be-e7c0796f2236,2026-06-14T08:45:00Z,2026-06-14T10:45:00+0200,-10.0,EUR/MWh,BE,BE,day_ahead_price,value,2026-06-23T05:42:01Z
2026-06-23T05:41:39Z,2026-06-23T07:41:39+0200,c1c18315-63b2-412d-a1be-e7c0796f2236,2026-06-14T09:00:00Z,2026-06-14T11:00:00+0200,-7.3,EUR/MWh,BE,BE,day_ahead_price,value,2026-06-23T05:42:01Z
2026-06-23T05:41:39Z,2026-06-23T07:41:39+0200,c1c18315-63b2-412d-a1be-e7c0796f2236,2026-06-14T09:15:00Z,2026-06-14T11:15:00+0200,-8.01,EUR/MWh,BE,BE,day_ahead_price,value,2026-06-23T05:42:01Z
2026-06-23T05:41:39Z,2026-06-23T07:41:39+0200,c1c18315-63b2-412d-a1be-e7c0796f2236,2026-06-14T09:30:00Z,2026-06-14T11:30:00+0200,-10.01,EUR/MWh,BE,BE,day_ahead_price,value,2026-06-23T05:42:01Z
2026-06-23T05:41:39Z,2026-06-23T07:41:39+0200,c1c18315-63b2-412d-a1be-e7c0796f2236,2026-06-14T09:45:00Z,2026-06-14T11:45:00+0200,-11.83,EUR/MWh,BE,BE,day_ahead_price,value,2026-06-23T05:42:01Z
2026-06-23T05:41:39Z,2026-06-23T07:41:39+0200,c1c18315-63b2-412d-a1be-e7c0796f2236,2026-06-14T10:00:00Z,2026-06-14T12:00:00+0200,-11.87,EUR/MWh,BE,BE,day_ahead_price,value,2026-06-23T05:42:01Z
2026-06-23T05:41:39Z,2026-06-23T07:41:39+0200,c1c18315-63b2-412d-a1be-e7c0796f2236,2026-06-14T10:15:00Z,2026-06-14T12:15:00+0200,-14.1,EUR/MWh,BE,BE,day_ahead_price,value,2026-06-23T05:42:01Z
2026-06-23T05:41:39Z,2026-06-23T07:41:39+0200,c1c18315-63b2-412d-a1be-e7c0796f2236,2026-06-14T10:30:00Z,2026-06-14T12:30:00+0200,-15.0,EUR/MWh,BE,BE,day_ahead_price,value,2026-06-23T05:42:01Z
2026-06-23T05:41:39Z,2026-06-23T07:41:39+0200,c1c18315-63b2-412d-a1be-e7c0796f2236,2026-06-14T10:45:00Z,2026-06-14T12:45:00+0200,-19.0,EUR/MWh,BE,BE,day_ahead_price,value,2026-06-23T05:42:01Z
2026-06-23T05:41:39Z,2026-06-23T07:41:39+0200,c1c18315-63b2-412d-a1be-e7c0796f2236,2026-06-14T11:00:00Z,2026-06-14T13:00:00+0200,-17.01,EUR/MWh,BE,BE,day_ahead_price,value,2026-06-23T05:42:01Z
2026-06-23T05:41:39Z,2026-06-23T07:41:39+0200,c1c18315-63b2-412d-a1be-e7c0796f2236,2026-06-14T11:15:00Z,2026-06-14T13:15:00+0200,-20.02,EUR/MWh,BE,BE,day_ahead_price,value,2026-06-23T05:42:01Z
2026-06-23T05:41:39Z,2026-06-23T07:41:39+0200,c1c18315-63b2-412d-a1be-e7c0796f2236,2026-06-14T11:30:00Z,2026-06-14T13:30:00+0200,-26.7,EUR/MWh,BE,BE,day_ahead_price,value,2026-06-23T05:42:01Z
2026-06-23T05:41:39Z,2026-06-23T07:41:39+0200,c1c18315-63b2-412d-a1be-e7c0796f2236,2026-06-14T11:45:00Z,2026-06-14T13:45:00+0200,-29.96,EUR/MWh,BE,BE,day_ahead_price,value,2026-06-23T05:42:01Z
2026-06-23T05:41:39Z,2026-06-23T07:41:39+0200,c1c18315-63b2-412d-a1be-e7c0796f2236,2026-06-14T12:00:00Z,2026-06-14T14:00:00+0200,-26.08,EUR/MWh,BE,BE,day_ahead_price,value,2026-06-23T05:42:01Z
2026-06-23T05:41:39Z,2026-06-23T07:41:39+0200,c1c18315-63b2-412d-a1be-e7c0796f2236,2026-06-14T12:15:00Z,2026-06-14T14:15:00+0200,-25.82,EUR/MWh,BE,BE,day_ahead_price,value,2026-06-23T05:42:01Z
2026-06-23T05:41:39Z,2026-06-23T07:41:39+0200,c1c18315-63b2-412d-a1be-e7c0796f2236,2026-06-14T12:30:00Z,2026-06-14T14:30:00+0200,-24.01,EUR/MWh,BE,BE,day_ahead_price,value,2026-06-23T05:42:01Z
2026-06-23T05:41:39Z,2026-06-23T07:41:39+0200,c1c18315-63b2-412d-a1be-e7c0796f2236,2026-06-14T12:45:00Z,2026-06-14T14:45:00+0200,-23.85,EUR/MWh,BE,BE,day_ahead_price,value,2026-06-23T05:42:01Z
2026-06-23T05:41:39Z,2026-06-23T07:41:39+0200,c1c18315-63b2-412d-a1be-e7c0796f2236,2026-06-14T13:00:00Z,2026-06-14T15:00:00+0200,-21.64,EUR/MWh,BE,BE,day_ahead_price,value,2026-06-23T05:42:01Z
2026-06-23T05:41:39Z,2026-06-23T07:41:39+0200,c1c18315-63b2-412d-a1be-e7c0796f2236,2026-06-14T13:15:00Z,2026-06-14T15:15:00+0200,-19.69,EUR/MWh,BE,BE,day_ahead_price,value,2026-06-23T05:42:01Z
2026-06-23T05:41:39Z,2026-06-23T07:41:39+0200,c1c18315-63b2-412d-a1be-e7c0796f2236,2026-06-14T13:30:00Z,2026-06-14T15:30:00+0200,-19.62,EUR/MWh,BE,BE,day_ahead_price,value,2026-06-23T05:42:01Z
2026-06-23T05:41:39Z,2026-06-23T07:41:39+0200,c1c18315-63b2-412d-a1be-e7c0796f2236,2026-06-14T13:45:00Z,2026-06-14T15:45:00+0200,-17.82,EUR/MWh,BE,BE,day_ahead_price,value,2026-06-23T05:42:01Z
2026-06-23T05:41:39Z,2026-06-23T07:41:39+0200,c1c18315-63b2-412d-a1be-e7c0796f2236,2026-06-14T14:00:00Z,2026-06-14T16:00:00+0200,-14.6,EUR/MWh,BE,BE,day_ahead_price,value,2026-06-23T05:42:01Z
2026-06-23T05:41:39Z,2026-06-23T07:41:39+0200,c1c18315-63b2-412d-a1be-e7c0796f2236,2026-06-14T14:15:00Z,2026-06-14T16:15:00+0200,-9.88,EUR/MWh,BE,BE,day_ahead_price,value,2026-06-23T05:42:01Z
2026-06-23T05:41:39Z,2026-06-23T07:41:39+0200,c1c18315-63b2-412d-a1be-e7c0796f2236,2026-06-14T14:30:00Z,2026-06-14T16:30:00+0200,-7.3,EUR/MWh,BE,BE,day_ahead_price,value,2026-06-23T05:42:01Z
2026-06-23T05:41:39Z,2026-06-23T07:41:39+0200,c1c18315-63b2-412d-a1be-e7c0796f2236,2026-06-14T14:45:00Z,2026-06-14T16:45:00+0200,-4.26,EUR/MWh,BE,BE,day_ahead_price,value,2026-06-23T05:42:01Z
2026-06-23T05:41:39Z,2026-06-23T07:41:39+0200,c1c18315-63b2-412d-a1be-e7c0796f2236,2026-06-14T15:00:00Z,2026-06-14T17:00:00+0200,-4.78,EUR/MWh,BE,BE,day_ahead_price,value,2026-06-23T05:42:01Z
2026-06-23T05:41:39Z,2026-06-23T07:41:39+0200,c1c18315-63b2-412d-a1be-e7c0796f2236,2026-06-14T15:15:00Z,2026-06-14T17:15:00+0200,-1.28,EUR/MWh,BE,BE,day_ahead_price,value,2026-06-23T05:42:01Z
2026-06-23T05:41:39Z,2026-06-23T07:41:39+0200,c1c18315-63b2-412d-a1be-e7c0796f2236,2026-06-14T15:30:00Z,2026-06-14T17:30:00+0200,-0.09,EUR/MWh,BE,BE,day_ahead_price,value,2026-06-23T05:42:01Z
2026-06-23T05:41:39Z,2026-06-23T07:41:39+0200,c1c18315-63b2-412d-a1be-e7c0796f2236,2026-06-14T15:45:00Z,2026-06-14T17:45:00+0200,-0.3,EUR/MWh,BE,BE,day_ahead_price,value,2026-06-23T05:42:01Z
2026-06-23T05:41:39Z,2026-06-23T07:41:39+0200,c1c18315-63b2-412d-a1be-e7c0796f2236,2026-06-14T16:00:00Z,2026-06-14T18:00:00+0200,-0.3,EUR/MWh,BE,BE,day_ahead_price,value,2026-06-23T05:42:01Z
2026-06-23T05:41:39Z,2026-06-23T07:41:39+0200,c1c18315-63b2-412d-a1be-e7c0796f2236,2026-06-14T16:15:00Z,2026-06-14T18:15:00+0200,0.3,EUR/MWh,BE,BE,day_ahead_price,value,2026-06-23T05:42:01Z
2026-06-23T05:41:39Z,2026-06-23T07:41:39+0200,c1c18315-63b2-412d-a1be-e7c0796f2236,2026-06-14T16:30:00Z,2026-06-14T18:30:00+0200,4.22,EUR/MWh,BE,BE,day_ahead_price,value,2026-06-23T05:42:01Z
2026-06-23T05:41:39Z,2026-06-23T07:41:39+0200,c1c18315-63b2-412d-a1be-e7c0796f2236,2026-06-14T16:45:00Z,2026-06-14T18:45:00+0200,18.53,EUR/MWh,BE,BE,day_ahead_price,value,2026-06-23T05:42:01Z
2026-06-23T05:41:39Z,2026-06-23T07:41:39+0200,c1c18315-63b2-412d-a1be-e7c0796f2236,2026-06-14T17:00:00Z,2026-06-14T19:00:00+0200,30.0,EUR/MWh,BE,BE,day_ahead_price,value,2026-06-23T05:42:01Z
2026-06-23T05:41:39Z,2026-06-23T07:41:39+0200,c1c18315-63b2-412d-a1be-e7c0796f2236,2026-06-14T17:15:00Z,2026-06-14T19:15:00+0200,52.68,EUR/MWh,BE,BE,day_ahead_price,value,2026-06-23T05:42:01Z
2026-06-23T05:41:39Z,2026-06-23T07:41:39+0200,c1c18315-63b2-412d-a1be-e7c0796f2236,2026-06-14T17:30:00Z,2026-06-14T19:30:00+0200,88.28,EUR/MWh,BE,BE,day_ahead_price,value,2026-06-23T05:42:01Z
2026-06-23T05:41:39Z,2026-06-23T07:41:39+0200,c1c18315-63b2-412d-a1be-e7c0796f2236,2026-06-14T17:45:00Z,2026-06-14T19:45:00+0200,108.96,EUR/MWh,BE,BE,day_ahead_price,value,2026-06-23T05:42:01Z
2026-06-23T05:41:39Z,2026-06-23T07:41:39+0200,c1c18315-63b2-412d-a1be-e7c0796f2236,2026-06-14T18:00:00Z,2026-06-14T20:00:00+0200,87.74,EUR/MWh,BE,BE,day_ahead_price,value,2026-06-23T05:42:01Z
2026-06-23T05:41:39Z,2026-06-23T07:41:39+0200,c1c18315-63b2-412d-a1be-e7c0796f2236,2026-06-14T18:15:00Z,2026-06-14T20:15:00+0200,105.0,EUR/MWh,BE,BE,day_ahead_price,value,2026-06-23T05:42:01Z
2026-06-23T05:41:39Z,2026-06-23T07:41:39+0200,c1c18315-63b2-412d-a1be-e7c0796f2236,2026-06-14T18:30:00Z,2026-06-14T20:30:00+0200,132.29,EUR/MWh,BE,BE,day_ahead_price,value,2026-06-23T05:42:01Z
2026-06-23T05:41:39Z,2026-06-23T07:41:39+0200,c1c18315-63b2-412d-a1be-e7c0796f2236,2026-06-14T18:45:00Z,2026-06-14T20:45:00+0200,141.89,EUR/MWh,BE,BE,day_ahead_price,value,2026-06-23T05:42:01Z
2026-06-23T05:41:39Z,2026-06-23T07:41:39+0200,c1c18315-63b2-412d-a1be-e7c0796f2236,2026-06-14T19:00:00Z,2026-06-14T21:00:00+0200,109.55,EUR/MWh,BE,BE,day_ahead_price,value,2026-06-23T05:42:01Z
2026-06-23T05:41:39Z,2026-06-23T07:41:39+0200,c1c18315-63b2-412d-a1be-e7c0796f2236,2026-06-14T19:15:00Z,2026-06-14T21:15:00+0200,116.79,EUR/MWh,BE,BE,day_ahead_price,value,2026-06-23T05:42:01Z
2026-06-23T05:41:39Z,2026-06-23T07:41:39+0200,c1c18315-63b2-412d-a1be-e7c0796f2236,2026-06-14T19:30:00Z,2026-06-14T21:30:00+0200,119.98,EUR/MWh,BE,BE,day_ahead_price,value,2026-06-23T05:42:01Z
2026-06-23T05:41:39Z,2026-06-23T07:41:39+0200,c1c18315-63b2-412d-a1be-e7c0796f2236,2026-06-14T19:45:00Z,2026-06-14T21:45:00+0200,125.0,EUR/MWh,BE,BE,day_ahead_price,value,2026-06-23T05:42:01Z
2026-06-23T05:41:39Z,2026-06-23T07:41:39+0200,c1c18315-63b2-412d-a1be-e7c0796f2236,2026-06-14T20:00:00Z,2026-06-14T22:00:00+0200,125.44,EUR/MWh,BE,BE,day_ahead_price,value,2026-06-23T05:42:01Z
2026-06-23T05:41:39Z,2026-06-23T07:41:39+0200,c1c18315-63b2-412d-a1be-e7c0796f2236,2026-06-14T20:15:00Z,2026-06-14T22:15:00+0200,120.65,EUR/MWh,BE,BE,day_ahead_price,value,2026-06-23T05:42:01Z
2026-06-23T05:41:39Z,2026-06-23T07:41:39+0200,c1c18315-63b2-412d-a1be-e7c0796f2236,2026-06-14T20:30:00Z,2026-06-14T22:30:00+0200,127.78,EUR/MWh,BE,BE,day_ahead_price,value,2026-06-23T05:42:01Z
2026-06-23T05:41:39Z,2026-06-23T07:41:39+0200,c1c18315-63b2-412d-a1be-e7c0796f2236,2026-06-14T20:45:00Z,2026-06-14T22:45:00+0200,114.83,EUR/MWh,BE,BE,day_ahead_price,value,2026-06-23T05:42:01Z
2026-06-23T05:41:39Z,2026-06-23T07:41:39+0200,c1c18315-63b2-412d-a1be-e7c0796f2236,2026-06-14T21:00:00Z,2026-06-14T23:00:00+0200,119.31,EUR/MWh,BE,BE,day_ahead_price,value,2026-06-23T05:42:01Z
2026-06-23T05:41:39Z,2026-06-23T07:41:39+0200,c1c18315-63b2-412d-a1be-e7c0796f2236,2026-06-14T21:15:00Z,2026-06-14T23:15:00+0200,109.51,EUR/MWh,BE,BE,day_ahead_price,value,2026-06-23T05:42:01Z
2026-06-23T05:41:39Z,2026-06-23T07:41:39+0200,c1c18315-63b2-412d-a1be-e7c0796f2236,2026-06-14T21:30:00Z,2026-06-14T23:30:00+0200,118.0,EUR/MWh,BE,BE,day_ahead_price,value,2026-06-23T05:42:01Z
2026-06-23T05:41:39Z,2026-06-23T07:41:39+0200,c1c18315-63b2-412d-a1be-e7c0796f2236,2026-06-14T21:45:00Z,2026-06-14T23:45:00+0200,113.56,EUR/MWh,BE,BE,day_ahead_price,value,2026-06-23T05:42:01Z
2026-06-23T05:41:39Z,2026-06-23T07:41:39+0200,c1c18315-63b2-412d-a1be-e7c0796f2236,2026-06-14T22:00:00Z,2026-06-15T00:00:00+0200,123.93,EUR/MWh,BE,BE,day_ahead_price,value,2026-06-23T05:42:01Z
2026-06-23T05:41:39Z,2026-06-23T07:41:39+0200,c1c18315-63b2-412d-a1be-e7c0796f2236,2026-06-14T22:15:00Z,2026-06-15T00:15:00+0200,109.12,EUR/MWh,BE,BE,day_ahead_price,value,2026-06-23T05:42:01Z
2026-06-23T05:41:39Z,2026-06-23T07:41:39+0200,c1c18315-63b2-412d-a1be-e7c0796f2236,2026-06-14T22:30:00Z,2026-06-15T00:30:00+0200,102.4,EUR/MWh,BE,BE,day_ahead_price,value,2026-06-23T05:42:01Z
2026-06-23T05:41:39Z,2026-06-23T07:41:39+0200,c1c18315-63b2-412d-a1be-e7c0796f2236,2026-06-14T22:45:00Z,2026-06-15T00:45:00+0200,97.62,EUR/MWh,BE,BE,day_ahead_price,value,2026-06-23T05:42:01Z
2026-06-23T05:41:39Z,2026-06-23T07:41:39+0200,c1c18315-63b2-412d-a1be-e7c0796f2236,2026-06-14T23:00:00Z,2026-06-15T01:00:00+0200,106.1,EUR/MWh,BE,BE,day_ahead_price,value,2026-06-23T05:42:01Z
2026-06-23T05:41:39Z,2026-06-23T07:41:39+0200,c1c18315-63b2-412d-a1be-e7c0796f2236,2026-06-14T23:15:00Z,2026-06-15T01:15:00+0200,99.73,EUR/MWh,BE,BE,day_ahead_price,value,2026-06-23T05:42:01Z
2026-06-23T05:41:39Z,2026-06-23T07:41:39+0200,c1c18315-63b2-412d-a1be-e7c0796f2236,2026-06-14T23:30:00Z,2026-06-15T01:30:00+0200,93.64,EUR/MWh,BE,BE,day_ahead_price,value,2026-06-23T05:42:01Z
2026-06-23T05:41:39Z,2026-06-23T07:41:39+0200,c1c18315-63b2-412d-a1be-e7c0796f2236,2026-06-14T23:45:00Z,2026-06-15T01:45:00+0200,82.62,EUR/MWh,BE,BE,day_ahead_price,value,2026-06-23T05:42:01Z
2026-06-23T05:41:39Z,2026-06-23T07:41:39+0200,c1c18315-63b2-412d-a1be-e7c0796f2236,2026-06-15T00:00:00Z,2026-06-15T02:00:00+0200,90.68,EUR/MWh,BE,BE,day_ahead_price,value,2026-06-23T05:42:01Z
2026-06-23T05:41:39Z,2026-06-23T07:41:39+0200,c1c18315-63b2-412d-a1be-e7c0796f2236,2026-06-15T00:15:00Z,2026-06-15T02:15:00+0200,81.78,EUR/MWh,BE,BE,day_ahead_price,value,2026-06-23T05:42:01Z
2026-06-23T05:41:39Z,2026-06-23T07:41:39+0200,c1c18315-63b2-412d-a1be-e7c0796f2236,2026-06-15T00:30:00Z,2026-06-15T02:30:00+0200,94.46,EUR/MWh,BE,BE,day_ahead_price,value,2026-06-23T05:42:01Z
2026-06-23T05:41:39Z,2026-06-23T07:41:39+0200,c1c18315-63b2-412d-a1be-e7c0796f2236,2026-06-15T00:45:00Z,2026-06-15T02:45:00+0200,104.05,EUR/MWh,BE,BE,day_ahead_price,value,2026-06-23T05:42:01Z
2026-06-23T05:41:39Z,2026-06-23T07:41:39+0200,c1c18315-63b2-412d-a1be-e7c0796f2236,2026-06-15T01:00:00Z,2026-06-15T03:00:00+0200,95.77,EUR/MWh,BE,BE,day_ahead_price,value,2026-06-23T05:42:01Z
2026-06-23T05:41:39Z,2026-06-23T07:41:39+0200,c1c18315-63b2-412d-a1be-e7c0796f2236,2026-06-15T01:15:00Z,2026-06-15T03:15:00+0200,104.08,EUR/MWh,BE,BE,day_ahead_price,value,2026-06-23T05:42:01Z
2026-06-23T05:41:39Z,2026-06-23T07:41:39+0200,c1c18315-63b2-412d-a1be-e7c0796f2236,2026-06-15T01:30:00Z,2026-06-15T03:30:00+0200,105.14,EUR/MWh,BE,BE,day_ahead_price,value,2026-06-23T05:42:01Z
2026-06-23T05:41:39Z,2026-06-23T07:41:39+0200,c1c18315-63b2-412d-a1be-e7c0796f2236,2026-06-15T01:45:00Z,2026-06-15T03:45:00+0200,100.0,EUR/MWh,BE,BE,day_ahead_price,value,2026-06-23T05:42:01Z
2026-06-23T05:41:39Z,2026-06-23T07:41:39+0200,c1c18315-63b2-412d-a1be-e7c0796f2236,2026-06-15T02:00:00Z,2026-06-15T04:00:00+0200,98.33,EUR/MWh,BE,BE,day_ahead_price,value,2026-06-23T05:42:01Z
2026-06-23T05:41:39Z,2026-06-23T07:41:39+0200,c1c18315-63b2-412d-a1be-e7c0796f2236,2026-06-15T02:15:00Z,2026-06-15T04:15:00+0200,93.14,EUR/MWh,BE,BE,day_ahead_price,value,2026-06-23T05:42:01Z
2026-06-23T05:41:39Z,2026-06-23T07:41:39+0200,c1c18315-63b2-412d-a1be-e7c0796f2236,2026-06-15T02:30:00Z,2026-06-15T04:30:00+0200,91.36,EUR/MWh,BE,BE,day_ahead_price,value,2026-06-23T05:42:01Z
2026-06-23T05:41:39Z,2026-06-23T07:41:39+0200,c1c18315-63b2-412d-a1be-e7c0796f2236,2026-06-15T02:45:00Z,2026-06-15T04:45:00+0200,94.15,EUR/MWh,BE,BE,day_ahead_price,value,2026-06-23T05:42:01Z
2026-06-23T05:41:39Z,2026-06-23T07:41:39+0200,c1c18315-63b2-412d-a1be-e7c0796f2236,2026-06-15T03:00:00Z,2026-06-15T05:00:00+0200,81.73,EUR/MWh,BE,BE,day_ahead_price,value,2026-06-23T05:42:01Z
2026-06-23T05:41:39Z,2026-06-23T07:41:39+0200,c1c18315-63b2-412d-a1be-e7c0796f2236,2026-06-15T03:15:00Z,2026-06-15T05:15:00+0200,92.97,EUR/MWh,BE,BE,day_ahead_price,value,2026-06-23T05:42:01Z
2026-06-23T05:41:39Z,2026-06-23T07:41:39+0200,c1c18315-63b2-412d-a1be-e7c0796f2236,2026-06-15T03:30:00Z,2026-06-15T05:30:00+0200,105.2,EUR/MWh,BE,BE,day_ahead_price,value,2026-06-23T05:42:01Z
2026-06-23T05:41:39Z,2026-06-23T07:41:39+0200,c1c18315-63b2-412d-a1be-e7c0796f2236,2026-06-15T03:45:00Z,2026-06-15T05:45:00+0200,108.04,EUR/MWh,BE,BE,day_ahead_price,value,2026-06-23T05:42:01Z
2026-06-23T05:41:39Z,2026-06-23T07:41:39+0200,c1c18315-63b2-412d-a1be-e7c0796f2236,2026-06-15T04:00:00Z,2026-06-15T06:00:00+0200,110.0,EUR/MWh,BE,BE,day_ahead_price,value,2026-06-23T05:42:01Z
2026-06-23T05:41:39Z,2026-06-23T07:41:39+0200,c1c18315-63b2-412d-a1be-e7c0796f2236,2026-06-15T04:15:00Z,2026-06-15T06:15:00+0200,115.43,EUR/MWh,BE,BE,day_ahead_price,value,2026-06-23T05:42:01Z
2026-06-23T05:41:39Z,2026-06-23T07:41:39+0200,c1c18315-63b2-412d-a1be-e7c0796f2236,2026-06-15T04:30:00Z,2026-06-15T06:30:00+0200,113.81,EUR/MWh,BE,BE,day_ahead_price,value,2026-06-23T05:42:01Z
2026-06-23T05:41:39Z,2026-06-23T07:41:39+0200,c1c18315-63b2-412d-a1be-e7c0796f2236,2026-06-15T04:45:00Z,2026-06-15T06:45:00+0200,109.77,EUR/MWh,BE,BE,day_ahead_price,value,2026-06-23T05:42:01Z
2026-06-23T05:41:39Z,2026-06-23T07:41:39+0200,c1c18315-63b2-412d-a1be-e7c0796f2236,2026-06-15T05:00:00Z,2026-06-15T07:00:00+0200,123.94,EUR/MWh,BE,BE,day_ahead_price,value,2026-06-23T05:42:01Z
2026-06-23T05:41:39Z,2026-06-23T07:41:39+0200,c1c18315-63b2-412d-a1be-e7c0796f2236,2026-06-15T05:15:00Z,2026-06-15T07:15:00+0200,120.48,EUR/MWh,BE,BE,day_ahead_price,value,2026-06-23T05:42:01Z
2026-06-23T05:41:39Z,2026-06-23T07:41:39+0200,c1c18315-63b2-412d-a1be-e7c0796f2236,2026-06-15T05:30:00Z,2026-06-15T07:30:00+0200,115.45,EUR/MWh,BE,BE,day_ahead_price,value,2026-06-23T05:42:01Z
2026-06-23T05:41:39Z,2026-06-23T07:41:39+0200,c1c18315-63b2-412d-a1be-e7c0796f2236,2026-06-15T05:45:00Z,2026-06-15T07:45:00+0200,100.85,EUR/MWh,BE,BE,day_ahead_price,value,2026-06-23T05:42:01Z
2026-06-23T05:41:39Z,2026-06-23T07:41:39+0200,c1c18315-63b2-412d-a1be-e7c0796f2236,2026-06-15T06:00:00Z,2026-06-15T08:00:00+0200,134.63,EUR/MWh,BE,BE,day_ahead_price,value,2026-06-23T05:42:01Z
2026-06-23T05:41:39Z,2026-06-23T07:41:39+0200,c1c18315-63b2-412d-a1be-e7c0796f2236,2026-06-15T06:15:00Z,2026-06-15T08:15:00+0200,114.38,EUR/MWh,BE,BE,day_ahead_price,value,2026-06-23T05:42:01Z
2026-06-23T05:41:39Z,2026-06-23T07:41:39+0200,c1c18315-63b2-412d-a1be-e7c0796f2236,2026-06-15T06:30:00Z,2026-06-15T08:30:00+0200,115.72,EUR/MWh,BE,BE,day_ahead_price,value,2026-06-23T05:42:01Z
2026-06-23T05:41:39Z,2026-06-23T07:41:39+0200,c1c18315-63b2-412d-a1be-e7c0796f2236,2026-06-15T06:45:00Z,2026-06-15T08:45:00+0200,100.09,EUR/MWh,BE,BE,day_ahead_price,value,2026-06-23T05:42:01Z
2026-06-23T05:41:39Z,2026-06-23T07:41:39+0200,c1c18315-63b2-412d-a1be-e7c0796f2236,2026-06-15T07:00:00Z,2026-06-15T09:00:00+0200,170.3,EUR/MWh,BE,BE,day_ahead_price,value,2026-06-23T05:42:01Z
2026-06-23T05:41:39Z,2026-06-23T07:41:39+0200,c1c18315-63b2-412d-a1be-e7c0796f2236,2026-06-15T07:15:00Z,2026-06-15T09:15:00+0200,108.16,EUR/MWh,BE,BE,day_ahead_price,value,2026-06-23T05:42:01Z
2026-06-23T05:41:39Z,2026-06-23T07:41:39+0200,c1c18315-63b2-412d-a1be-e7c0796f2236,2026-06-15T07:30:00Z,2026-06-15T09:30:00+0200,89.0,EUR/MWh,BE,BE,day_ahead_price,value,2026-06-23T05:42:01Z
2026-06-23T05:41:39Z,2026-06-23T07:41:39+0200,c1c18315-63b2-412d-a1be-e7c0796f2236,2026-06-15T07:45:00Z,2026-06-15T09:45:00+0200,40.02,EUR/MWh,BE,BE,day_ahead_price,value,2026-06-23T05:42:01Z
2026-06-23T05:41:39Z,2026-06-23T07:41:39+0200,c1c18315-63b2-412d-a1be-e7c0796f2236,2026-06-15T08:00:00Z,2026-06-15T10:00:00+0200,100.9,EUR/MWh,BE,BE,day_ahead_price,value,2026-06-23T05:42:01Z
2026-06-23T05:41:39Z,2026-06-23T07:41:39+0200,c1c18315-63b2-412d-a1be-e7c0796f2236,2026-06-15T08:15:00Z,2026-06-15T10:15:00+0200,52.8,EUR/MWh,BE,BE,day_ahead_price,value,2026-06-23T05:42:01Z
2026-06-23T05:41:39Z,2026-06-23T07:41:39+0200,c1c18315-63b2-412d-a1be-e7c0796f2236,2026-06-15T08:30:00Z,2026-06-15T10:30:00+0200,27.29,EUR/MWh,BE,BE,day_ahead_price,value,2026-06-23T05:42:01Z
2026-06-23T05:41:39Z,2026-06-23T07:41:39+0200,c1c18315-63b2-412d-a1be-e7c0796f2236,2026-06-15T08:45:00Z,2026-06-15T10:45:00+0200,3.1,EUR/MWh,BE,BE,day_ahead_price,value,2026-06-23T05:42:01Z
2026-06-23T05:41:39Z,2026-06-23T07:41:39+0200,c1c18315-63b2-412d-a1be-e7c0796f2236,2026-06-15T09:00:00Z,2026-06-15T11:00:00+0200,19.0,EUR/MWh,BE,BE,day_ahead_price,value,2026-06-23T05:42:01Z
2026-06-23T05:41:39Z,2026-06-23T07:41:39+0200,c1c18315-63b2-412d-a1be-e7c0796f2236,2026-06-15T09:15:00Z,2026-06-15T11:15:00+0200,8.65,EUR/MWh,BE,BE,day_ahead_price,value,2026-06-23T05:42:01Z
2026-06-23T05:41:39Z,2026-06-23T07:41:39+0200,c1c18315-63b2-412d-a1be-e7c0796f2236,2026-06-15T09:30:00Z,2026-06-15T11:30:00+0200,2.78,EUR/MWh,BE,BE,day_ahead_price,value,2026-06-23T05:42:01Z
2026-06-23T05:41:39Z,2026-06-23T07:41:39+0200,c1c18315-63b2-412d-a1be-e7c0796f2236,2026-06-15T09:45:00Z,2026-06-15T11:45:00+0200,26.73,EUR/MWh,BE,BE,day_ahead_price,value,2026-06-23T05:42:01Z
2026-06-23T05:41:39Z,2026-06-23T07:41:39+0200,c1c18315-63b2-412d-a1be-e7c0796f2236,2026-06-15T10:00:00Z,2026-06-15T12:00:00+0200,0.84,EUR/MWh,BE,BE,day_ahead_price,value,2026-06-23T05:42:01Z
2026-06-23T05:41:39Z,2026-06-23T07:41:39+0200,c1c18315-63b2-412d-a1be-e7c0796f2236,2026-06-15T10:15:00Z,2026-06-15T12:15:00+0200,0.66,EUR/MWh,BE,BE,day_ahead_price,value,2026-06-23T05:42:01Z
2026-06-23T05:41:39Z,2026-06-23T07:41:39+0200,c1c18315-63b2-412d-a1be-e7c0796f2236,2026-06-15T10:30:00Z,2026-06-15T12:30:00+0200,0.61,EUR/MWh,BE,BE,day_ahead_price,value,2026-06-23T05:42:01Z
2026-06-23T05:41:39Z,2026-06-23T07:41:39+0200,c1c18315-63b2-412d-a1be-e7c0796f2236,2026-06-15T10:45:00Z,2026-06-15T12:45:00+0200,0.29,EUR/MWh,BE,BE,day_ahead_price,value,2026-06-23T05:42:01Z
2026-06-23T05:41:39Z,2026-06-23T07:41:39+0200,c1c18315-63b2-412d-a1be-e7c0796f2236,2026-06-15T11:00:00Z,2026-06-15T13:00:00+0200,1.53,EUR/MWh,BE,BE,day_ahead_price,value,2026-06-23T05:42:01Z
2026-06-23T05:41:39Z,2026-06-23T07:41:39+0200,c1c18315-63b2-412d-a1be-e7c0796f2236,2026-06-15T11:15:00Z,2026-06-15T13:15:00+0200,1.55,EUR/MWh,BE,BE,day_ahead_price,value,2026-06-23T05:42:01Z
2026-06-23T05:41:39Z,2026-06-23T07:41:39+0200,c1c18315-63b2-412d-a1be-e7c0796f2236,2026-06-15T11:30:00Z,2026-06-15T13:30:00+0200,0.39,EUR/MWh,BE,BE,day_ahead_price,value,2026-06-23T05:42:01Z
2026-06-23T05:41:39Z,2026-06-23T07:41:39+0200,c1c18315-63b2-412d-a1be-e7c0796f2236,2026-06-15T11:45:00Z,2026-06-15T13:45:00+0200,0.77,EUR/MWh,BE,BE,day_ahead_price,value,2026-06-23T05:42:01Z
2026-06-23T05:41:39Z,2026-06-23T07:41:39+0200,c1c18315-63b2-412d-a1be-e7c0796f2236,2026-06-15T12:00:00Z,2026-06-15T14:00:00+0200,3.25,EUR/MWh,BE,BE,day_ahead_price,value,2026-06-23T05:42:01Z
2026-06-23T05:41:39Z,2026-06-23T07:41:39+0200,c1c18315-63b2-412d-a1be-e7c0796f2236,2026-06-15T12:15:00Z,2026-06-15T14:15:00+0200,3.41,EUR/MWh,BE,BE,day_ahead_price,value,2026-06-23T05:42:01Z
2026-06-23T05:41:39Z,2026-06-23T07:41:39+0200,c1c18315-63b2-412d-a1be-e7c0796f2236,2026-06-15T12:30:00Z,2026-06-15T14:30:00+0200,3.8,EUR/MWh,BE,BE,day_ahead_price,value,2026-06-23T05:42:01Z
2026-06-23T05:41:39Z,2026-06-23T07:41:39+0200,c1c18315-63b2-412d-a1be-e7c0796f2236,2026-06-15T12:45:00Z,2026-06-15T14:45:00+0200,3.16,EUR/MWh,BE,BE,day_ahead_price,value,2026-06-23T05:42:01Z
2026-06-23T05:41:39Z,2026-06-23T07:41:39+0200,c1c18315-63b2-412d-a1be-e7c0796f2236,2026-06-15T13:00:00Z,2026-06-15T15:00:00+0200,-0.46,EUR/MWh,BE,BE,day_ahead_price,value,2026-06-23T05:42:01Z
2026-06-23T05:41:39Z,2026-06-23T07:41:39+0200,c1c18315-63b2-412d-a1be-e7c0796f2236,2026-06-15T13:15:00Z,2026-06-15T15:15:00+0200,-0.35,EUR/MWh,BE,BE,day_ahead_price,value,2026-06-23T05:42:01Z
2026-06-23T05:41:39Z,2026-06-23T07:41:39+0200,c1c18315-63b2-412d-a1be-e7c0796f2236,2026-06-15T13:30:00Z,2026-06-15T15:30:00+0200,0.04,EUR/MWh,BE,BE,day_ahead_price,value,2026-06-23T05:42:01Z
2026-06-23T05:41:39Z,2026-06-23T07:41:39+0200,c1c18315-63b2-412d-a1be-e7c0796f2236,2026-06-15T13:45:00Z,2026-06-15T15:45:00+0200,0.75,EUR/MWh,BE,BE,day_ahead_price,value,2026-06-23T05:42:01Z
2026-06-23T05:41:39Z,2026-06-23T07:41:39+0200,c1c18315-63b2-412d-a1be-e7c0796f2236,2026-06-15T14:00:00Z,2026-06-15T16:00:00+0200,0.46,EUR/MWh,BE,BE,day_ahead_price,value,2026-06-23T05:42:01Z
2026-06-23T05:41:39Z,2026-06-23T07:41:39+0200,c1c18315-63b2-412d-a1be-e7c0796f2236,2026-06-15T14:15:00Z,2026-06-15T16:15:00+0200,1.11,EUR/MWh,BE,BE,day_ahead_price,value,2026-06-23T05:42:01Z
2026-06-23T05:41:39Z,2026-06-23T07:41:39+0200,c1c18315-63b2-412d-a1be-e7c0796f2236,2026-06-15T14:30:00Z,2026-06-15T16:30:00+0200,7.73,EUR/MWh,BE,BE,day_ahead_price,value,2026-06-23T05:42:01Z
2026-06-23T05:41:39Z,2026-06-23T07:41:39+0200,c1c18315-63b2-412d-a1be-e7c0796f2236,2026-06-15T14:45:00Z,2026-06-15T16:45:00+0200,33.77,EUR/MWh,BE,BE,day_ahead_price,value,2026-06-23T05:42:01Z
2026-06-23T05:41:39Z,2026-06-23T07:41:39+0200,c1c18315-63b2-412d-a1be-e7c0796f2236,2026-06-15T15:00:00Z,2026-06-15T17:00:00+0200,8.44,EUR/MWh,BE,BE,day_ahead_price,value,2026-06-23T05:42:01Z
2026-06-23T05:41:39Z,2026-06-23T07:41:39+0200,c1c18315-63b2-412d-a1be-e7c0796f2236,2026-06-15T15:15:00Z,2026-06-15T17:15:00+0200,36.39,EUR/MWh,BE,BE,day_ahead_price,value,2026-06-23T05:42:01Z
2026-06-23T05:41:39Z,2026-06-23T07:41:39+0200,c1c18315-63b2-412d-a1be-e7c0796f2236,2026-06-15T15:30:00Z,2026-06-15T17:30:00+0200,53.4,EUR/MWh,BE,BE,day_ahead_price,value,2026-06-23T05:42:01Z
2026-06-23T05:41:39Z,2026-06-23T07:41:39+0200,c1c18315-63b2-412d-a1be-e7c0796f2236,2026-06-15T15:45:00Z,2026-06-15T17:45:00+0200,101.02,EUR/MWh,BE,BE,day_ahead_price,value,2026-06-23T05:42:01Z
2026-06-23T05:41:39Z,2026-06-23T07:41:39+0200,c1c18315-63b2-412d-a1be-e7c0796f2236,2026-06-15T16:00:00Z,2026-06-15T18:00:00+0200,59.43,EUR/MWh,BE,BE,day_ahead_price,value,2026-06-23T05:42:01Z
2026-06-23T05:41:39Z,2026-06-23T07:41:39+0200,c1c18315-63b2-412d-a1be-e7c0796f2236,2026-06-15T16:15:00Z,2026-06-15T18:15:00+0200,83.79,EUR/MWh,BE,BE,day_ahead_price,value,2026-06-23T05:42:01Z
2026-06-23T05:41:39Z,2026-06-23T07:41:39+0200,c1c18315-63b2-412d-a1be-e7c0796f2236,2026-06-15T16:30:00Z,2026-06-15T18:30:00+0200,119.63,EUR/MWh,BE,BE,day_ahead_price,value,2026-06-23T05:42:01Z
2026-06-23T05:41:39Z,2026-06-23T07:41:39+0200,c1c18315-63b2-412d-a1be-e7c0796f2236,2026-06-15T16:45:00Z,2026-06-15T18:45:00+0200,136.18,EUR/MWh,BE,BE,day_ahead_price,value,2026-06-23T05:42:01Z
2026-06-23T05:41:39Z,2026-06-23T07:41:39+0200,c1c18315-63b2-412d-a1be-e7c0796f2236,2026-06-15T17:00:00Z,2026-06-15T19:00:00+0200,119.46,EUR/MWh,BE,BE,day_ahead_price,value,2026-06-23T05:42:01Z
2026-06-23T05:41:39Z,2026-06-23T07:41:39+0200,c1c18315-63b2-412d-a1be-e7c0796f2236,2026-06-15T17:15:00Z,2026-06-15T19:15:00+0200,125.94,EUR/MWh,BE,BE,day_ahead_price,value,2026-06-23T05:42:01Z
2026-06-23T05:41:39Z,2026-06-23T07:41:39+0200,c1c18315-63b2-412d-a1be-e7c0796f2236,2026-06-15T17:30:00Z,2026-06-15T19:30:00+0200,137.47,EUR/MWh,BE,BE,day_ahead_price,value,2026-06-23T05:42:01Z
2026-06-23T05:41:39Z,2026-06-23T07:41:39+0200,c1c18315-63b2-412d-a1be-e7c0796f2236,2026-06-15T17:45:00Z,2026-06-15T19:45:00+0200,150.6,EUR/MWh,BE,BE,day_ahead_price,value,2026-06-23T05:42:01Z
2026-06-23T05:41:39Z,2026-06-23T07:41:39+0200,c1c18315-63b2-412d-a1be-e7c0796f2236,2026-06-15T18:00:00Z,2026-06-15T20:00:00+0200,136.91,EUR/MWh,BE,BE,day_ahead_price,value,2026-06-23T05:42:01Z
2026-06-23T05:41:39Z,2026-06-23T07:41:39+0200,c1c18315-63b2-412d-a1be-e7c0796f2236,2026-06-15T18:15:00Z,2026-06-15T20:15:00+0200,144.14,EUR/MWh,BE,BE,day_ahead_price,value,2026-06-23T05:42:01Z
2026-06-23T05:41:39Z,2026-06-23T07:41:39+0200,c1c18315-63b2-412d-a1be-e7c0796f2236,2026-06-15T18:30:00Z,2026-06-15T20:30:00+0200,155.28,EUR/MWh,BE,BE,day_ahead_price,value,2026-06-23T05:42:01Z
2026-06-23T05:41:39Z,2026-06-23T07:41:39+0200,c1c18315-63b2-412d-a1be-e7c0796f2236,2026-06-15T18:45:00Z,2026-06-15T20:45:00+0200,177.3,EUR/MWh,BE,BE,day_ahead_price,value,2026-06-23T05:42:01Z
2026-06-23T05:41:39Z,2026-06-23T07:41:39+0200,c1c18315-63b2-412d-a1be-e7c0796f2236,2026-06-15T19:00:00Z,2026-06-15T21:00:00+0200,158.63,EUR/MWh,BE,BE,day_ahead_price,value,2026-06-23T05:42:01Z
2026-06-23T05:41:39Z,2026-06-23T07:41:39+0200,c1c18315-63b2-412d-a1be-e7c0796f2236,2026-06-15T19:15:00Z,2026-06-15T21:15:00+0200,157.96,EUR/MWh,BE,BE,day_ahead_price,value,2026-06-23T05:42:01Z
2026-06-23T05:41:39Z,2026-06-23T07:41:39+0200,c1c18315-63b2-412d-a1be-e7c0796f2236,2026-06-15T19:30:00Z,2026-06-15T21:30:00+0200,160.01,EUR/MWh,BE,BE,day_ahead_price,value,2026-06-23T05:42:01Z
2026-06-23T05:41:39Z,2026-06-23T07:41:39+0200,c1c18315-63b2-412d-a1be-e7c0796f2236,2026-06-15T19:45:00Z,2026-06-15T21:45:00+0200,152.62,EUR/MWh,BE,BE,day_ahead_price,value,2026-06-23T05:42:01Z
2026-06-23T05:41:39Z,2026-06-23T07:41:39+0200,c1c18315-63b2-412d-a1be-e7c0796f2236,2026-06-15T20:00:00Z,2026-06-15T22:00:00+0200,162.7,EUR/MWh,BE,BE,day_ahead_price,value,2026-06-23T05:42:01Z
2026-06-23T05:41:39Z,2026-06-23T07:41:39+0200,c1c18315-63b2-412d-a1be-e7c0796f2236,2026-06-15T20:15:00Z,2026-06-15T22:15:00+0200,155.89,EUR/MWh,BE,BE,day_ahead_price,value,2026-06-23T05:42:01Z
2026-06-23T05:41:39Z,2026-06-23T07:41:39+0200,c1c18315-63b2-412d-a1be-e7c0796f2236,2026-06-15T20:30:00Z,2026-06-15T22:30:00+0200,155.08,EUR/MWh,BE,BE,day_ahead_price,value,2026-06-23T05:42:01Z
2026-06-23T05:41:39Z,2026-06-23T07:41:39+0200,c1c18315-63b2-412d-a1be-e7c0796f2236,2026-06-15T20:45:00Z,2026-06-15T22:45:00+0200,141.5,EUR/MWh,BE,BE,day_ahead_price,value,2026-06-23T05:42:01Z
2026-06-23T05:41:39Z,2026-06-23T07:41:39+0200,c1c18315-63b2-412d-a1be-e7c0796f2236,2026-06-15T21:00:00Z,2026-06-15T23:00:00+0200,147.22,EUR/MWh,BE,BE,day_ahead_price,value,2026-06-23T05:42:01Z
2026-06-23T05:41:39Z,2026-06-23T07:41:39+0200,c1c18315-63b2-412d-a1be-e7c0796f2236,2026-06-15T21:15:00Z,2026-06-15T23:15:00+0200,133.33,EUR/MWh,BE,BE,day_ahead_price,value,2026-06-23T05:42:01Z
2026-06-23T05:41:39Z,2026-06-23T07:41:39+0200,c1c18315-63b2-412d-a1be-e7c0796f2236,2026-06-15T21:30:00Z,2026-06-15T23:30:00+0200,132.09,EUR/MWh,BE,BE,day_ahead_price,value,2026-06-23T05:42:01Z
2026-06-23T05:41:39Z,2026-06-23T07:41:39+0200,c1c18315-63b2-412d-a1be-e7c0796f2236,2026-06-15T21:45:00Z,2026-06-15T23:45:00+0200,127.46,EUR/MWh,BE,BE,day_ahead_price,value,2026-06-23T05:42:01Z
2026-06-23T05:41:39Z,2026-06-23T07:41:39+0200,c1c18315-63b2-412d-a1be-e7c0796f2236,2026-06-15T22:00:00Z,2026-06-16T00:00:00+0200,132.54,EUR/MWh,BE,BE,day_ahead_price,value,2026-06-23T05:42:01Z
2026-06-23T05:41:39Z,2026-06-23T07:41:39+0200,c1c18315-63b2-412d-a1be-e7c0796f2236,2026-06-15T22:15:00Z,2026-06-16T00:15:00+0200,127.49,EUR/MWh,BE,BE,day_ahead_price,value,2026-06-23T05:42:01Z
2026-06-23T05:41:39Z,2026-06-23T07:41:39+0200,c1c18315-63b2-412d-a1be-e7c0796f2236,2026-06-15T22:30:00Z,2026-06-16T00:30:00+0200,121.49,EUR/MWh,BE,BE,day_ahead_price,value,2026-06-23T05:42:01Z
2026-06-23T05:41:39Z,2026-06-23T07:41:39+0200,c1c18315-63b2-412d-a1be-e7c0796f2236,2026-06-15T22:45:00Z,2026-06-16T00:45:00+0200,125.01,EUR/MWh,BE,BE,day_ahead_price,value,2026-06-23T05:42:01Z
2026-06-23T05:41:39Z,2026-06-23T07:41:39+0200,c1c18315-63b2-412d-a1be-e7c0796f2236,2026-06-15T23:00:00Z,2026-06-16T01:00:00+0200,122.67,EUR/MWh,BE,BE,day_ahead_price,value,2026-06-23T05:42:01Z
2026-06-23T05:41:39Z,2026-06-23T07:41:39+0200,c1c18315-63b2-412d-a1be-e7c0796f2236,2026-06-15T23:15:00Z,2026-06-16T01:15:00+0200,118.76,EUR/MWh,BE,BE,day_ahead_price,value,2026-06-23T05:42:01Z
2026-06-23T05:41:39Z,2026-06-23T07:41:39+0200,c1c18315-63b2-412d-a1be-e7c0796f2236,2026-06-15T23:30:00Z,2026-06-16T01:30:00+0200,116.93,EUR/MWh,BE,BE,day_ahead_price,value,2026-06-23T05:42:01Z
2026-06-23T05:41:39Z,2026-06-23T07:41:39+0200,c1c18315-63b2-412d-a1be-e7c0796f2236,2026-06-15T23:45:00Z,2026-06-16T01:45:00+0200,115.77,EUR/MWh,BE,BE,day_ahead_price,value,2026-06-23T05:42:01Z
2026-06-23T05:41:39Z,2026-06-23T07:41:39+0200,c1c18315-63b2-412d-a1be-e7c0796f2236,2026-06-16T00:00:00Z,2026-06-16T02:00:00+0200,116.53,EUR/MWh,BE,BE,day_ahead_price,value,2026-06-23T05:42:01Z
2026-06-23T05:41:39Z,2026-06-23T07:41:39+0200,c1c18315-63b2-412d-a1be-e7c0796f2236,2026-06-16T00:15:00Z,2026-06-16T02:15:00+0200,115.36,EUR/MWh,BE,BE,day_ahead_price,value,2026-06-23T05:42:01Z
2026-06-23T05:41:39Z,2026-06-23T07:41:39+0200,c1c18315-63b2-412d-a1be-e7c0796f2236,2026-06-16T00:30:00Z,2026-06-16T02:30:00+0200,114.11,EUR/MWh,BE,BE,day_ahead_price,value,2026-06-23T05:42:01Z
2026-06-23T05:41:39Z,2026-06-23T07:41:39+0200,c1c18315-63b2-412d-a1be-e7c0796f2236,2026-06-16T00:45:00Z,2026-06-16T02:45:00+0200,110.7,EUR/MWh,BE,BE,day_ahead_price,value,2026-06-23T05:42:01Z
2026-06-23T05:41:39Z,2026-06-23T07:41:39+0200,c1c18315-63b2-412d-a1be-e7c0796f2236,2026-06-16T01:00:00Z,2026-06-16T03:00:00+0200,113.05,EUR/MWh,BE,BE,day_ahead_price,value,2026-06-23T05:42:01Z
2026-06-23T05:41:39Z,2026-06-23T07:41:39+0200,c1c18315-63b2-412d-a1be-e7c0796f2236,2026-06-16T01:15:00Z,2026-06-16T03:15:00+0200,113.0,EUR/MWh,BE,BE,day_ahead_price,value,2026-06-23T05:42:01Z
2026-06-23T05:41:39Z,2026-06-23T07:41:39+0200,c1c18315-63b2-412d-a1be-e7c0796f2236,2026-06-16T01:30:00Z,2026-06-16T03:30:00+0200,108.44,EUR/MWh,BE,BE,day_ahead_price,value,2026-06-23T05:42:01Z
2026-06-23T05:41:39Z,2026-06-23T07:41:39+0200,c1c18315-63b2-412d-a1be-e7c0796f2236,2026-06-16T01:45:00Z,2026-06-16T03:45:00+0200,104.99,EUR/MWh,BE,BE,day_ahead_price,value,2026-06-23T05:42:01Z
2026-06-23T05:41:39Z,2026-06-23T07:41:39+0200,c1c18315-63b2-412d-a1be-e7c0796f2236,2026-06-16T02:00:00Z,2026-06-16T04:00:00+0200,108.35,EUR/MWh,BE,BE,day_ahead_price,value,2026-06-23T05:42:01Z
2026-06-23T05:41:39Z,2026-06-23T07:41:39+0200,c1c18315-63b2-412d-a1be-e7c0796f2236,2026-06-16T02:15:00Z,2026-06-16T04:15:00+0200,107.78,EUR/MWh,BE,BE,day_ahead_price,value,2026-06-23T05:42:01Z
2026-06-23T05:41:39Z,2026-06-23T07:41:39+0200,c1c18315-63b2-412d-a1be-e7c0796f2236,2026-06-16T02:30:00Z,2026-06-16T04:30:00+0200,107.91,EUR/MWh,BE,BE,day_ahead_price,value,2026-06-23T05:42:01Z
2026-06-23T05:41:39Z,2026-06-23T07:41:39+0200,c1c18315-63b2-412d-a1be-e7c0796f2236,2026-06-16T02:45:00Z,2026-06-16T04:45:00+0200,110.17,EUR/MWh,BE,BE,day_ahead_price,value,2026-06-23T05:42:01Z
2026-06-23T05:41:39Z,2026-06-23T07:41:39+0200,c1c18315-63b2-412d-a1be-e7c0796f2236,2026-06-16T03:00:00Z,2026-06-16T05:00:00+0200,110.86,EUR/MWh,BE,BE,day_ahead_price,value,2026-06-23T05:42:01Z
2026-06-23T05:41:39Z,2026-06-23T07:41:39+0200,c1c18315-63b2-412d-a1be-e7c0796f2236,2026-06-16T03:15:00Z,2026-06-16T05:15:00+0200,111.5,EUR/MWh,BE,BE,day_ahead_price,value,2026-06-23T05:42:01Z
2026-06-23T05:41:39Z,2026-06-23T07:41:39+0200,c1c18315-63b2-412d-a1be-e7c0796f2236,2026-06-16T03:30:00Z,2026-06-16T05:30:00+0200,116.82,EUR/MWh,BE,BE,day_ahead_price,value,2026-06-23T05:42:01Z
2026-06-23T05:41:39Z,2026-06-23T07:41:39+0200,c1c18315-63b2-412d-a1be-e7c0796f2236,2026-06-16T03:45:00Z,2026-06-16T05:45:00+0200,117.62,EUR/MWh,BE,BE,day_ahead_price,value,2026-06-23T05:42:01Z
2026-06-23T05:41:39Z,2026-06-23T07:41:39+0200,c1c18315-63b2-412d-a1be-e7c0796f2236,2026-06-16T04:00:00Z,2026-06-16T06:00:00+0200,125.0,EUR/MWh,BE,BE,day_ahead_price,value,2026-06-23T05:42:01Z
2026-06-23T05:41:39Z,2026-06-23T07:41:39+0200,c1c18315-63b2-412d-a1be-e7c0796f2236,2026-06-16T04:15:00Z,2026-06-16T06:15:00+0200,127.7,EUR/MWh,BE,BE,day_ahead_price,value,2026-06-23T05:42:01Z
2026-06-23T05:41:39Z,2026-06-23T07:41:39+0200,c1c18315-63b2-412d-a1be-e7c0796f2236,2026-06-16T04:30:00Z,2026-06-16T06:30:00+0200,129.27,EUR/MWh,BE,BE,day_ahead_price,value,2026-06-23T05:42:01Z
2026-06-23T05:41:39Z,2026-06-23T07:41:39+0200,c1c18315-63b2-412d-a1be-e7c0796f2236,2026-06-16T04:45:00Z,2026-06-16T06:45:00+0200,130.0,EUR/MWh,BE,BE,day_ahead_price,value,2026-06-23T05:42:01Z
2026-06-23T05:41:39Z,2026-06-23T07:41:39+0200,c1c18315-63b2-412d-a1be-e7c0796f2236,2026-06-16T05:00:00Z,2026-06-16T07:00:00+0200,138.99,EUR/MWh,BE,BE,day_ahead_price,value,2026-06-23T05:42:01Z
2026-06-23T05:41:39Z,2026-06-23T07:41:39+0200,c1c18315-63b2-412d-a1be-e7c0796f2236,2026-06-16T05:15:00Z,2026-06-16T07:15:00+0200,133.31,EUR/MWh,BE,BE,day_ahead_price,value,2026-06-23T05:42:01Z
2026-06-23T05:41:39Z,2026-06-23T07:41:39+0200,c1c18315-63b2-412d-a1be-e7c0796f2236,2026-06-16T05:30:00Z,2026-06-16T07:30:00+0200,131.48,EUR/MWh,BE,BE,day_ahead_price,value,2026-06-23T05:42:01Z
2026-06-23T05:41:39Z,2026-06-23T07:41:39+0200,c1c18315-63b2-412d-a1be-e7c0796f2236,2026-06-16T05:45:00Z,2026-06-16T07:45:00+0200,123.0,EUR/MWh,BE,BE,day_ahead_price,value,2026-06-23T05:42:01Z
2026-06-23T05:41:39Z,2026-06-23T07:41:39+0200,c1c18315-63b2-412d-a1be-e7c0796f2236,2026-06-16T06:00:00Z,2026-06-16T08:00:00+0200,155.26,EUR/MWh,BE,BE,day_ahead_price,value,2026-06-23T05:42:01Z
2026-06-23T05:41:39Z,2026-06-23T07:41:39+0200,c1c18315-63b2-412d-a1be-e7c0796f2236,2026-06-16T06:15:00Z,2026-06-16T08:15:00+0200,135.84,EUR/MWh,BE,BE,day_ahead_price,value,2026-06-23T05:42:01Z
2026-06-23T05:41:39Z,2026-06-23T07:41:39+0200,c1c18315-63b2-412d-a1be-e7c0796f2236,2026-06-16T06:30:00Z,2026-06-16T08:30:00+0200,134.73,EUR/MWh,BE,BE,day_ahead_price,value,2026-06-23T05:42:01Z
2026-06-23T05:41:39Z,2026-06-23T07:41:39+0200,c1c18315-63b2-412d-a1be-e7c0796f2236,2026-06-16T06:45:00Z,2026-06-16T08:45:00+0200,133.66,EUR/MWh,BE,BE,day_ahead_price,value,2026-06-23T05:42:01Z
2026-06-23T05:41:39Z,2026-06-23T07:41:39+0200,c1c18315-63b2-412d-a1be-e7c0796f2236,2026-06-16T07:00:00Z,2026-06-16T09:00:00+0200,120.3,EUR/MWh,BE,BE,day_ahead_price,value,2026-06-23T05:42:01Z
2026-06-23T05:41:39Z,2026-06-23T07:41:39+0200,c1c18315-63b2-412d-a1be-e7c0796f2236,2026-06-16T07:15:00Z,2026-06-16T09:15:00+0200,142.5,EUR/MWh,BE,BE,day_ahead_price,value,2026-06-23T05:42:01Z
2026-06-23T05:41:39Z,2026-06-23T07:41:39+0200,c1c18315-63b2-412d-a1be-e7c0796f2236,2026-06-16T07:30:00Z,2026-06-16T09:30:00+0200,143.82,EUR/MWh,BE,BE,day_ahead_price,value,2026-06-23T05:42:01Z
2026-06-23T05:41:39Z,2026-06-23T07:41:39+0200,c1c18315-63b2-412d-a1be-e7c0796f2236,2026-06-16T07:45:00Z,2026-06-16T09:45:00+0200,152.18,EUR/MWh,BE,BE,day_ahead_price,value,2026-06-23T05:42:01Z
2026-06-23T05:41:39Z,2026-06-23T07:41:39+0200,c1c18315-63b2-412d-a1be-e7c0796f2236,2026-06-16T08:00:00Z,2026-06-16T10:00:00+0200,141.88,EUR/MWh,BE,BE,day_ahead_price,value,2026-06-23T05:42:01Z
2026-06-23T05:41:39Z,2026-06-23T07:41:39+0200,c1c18315-63b2-412d-a1be-e7c0796f2236,2026-06-16T08:15:00Z,2026-06-16T10:15:00+0200,141.31,EUR/MWh,BE,BE,day_ahead_price,value,2026-06-23T05:42:01Z
2026-06-23T05:41:39Z,2026-06-23T07:41:39+0200,c1c18315-63b2-412d-a1be-e7c0796f2236,2026-06-16T08:30:00Z,2026-06-16T10:30:00+0200,130.23,EUR/MWh,BE,BE,day_ahead_price,value,2026-06-23T05:42:01Z
2026-06-23T05:41:39Z,2026-06-23T07:41:39+0200,c1c18315-63b2-412d-a1be-e7c0796f2236,2026-06-16T08:45:00Z,2026-06-16T10:45:00+0200,109.74,EUR/MWh,BE,BE,day_ahead_price,value,2026-06-23T05:42:01Z
2026-06-23T05:41:39Z,2026-06-23T07:41:39+0200,c1c18315-63b2-412d-a1be-e7c0796f2236,2026-06-16T09:00:00Z,2026-06-16T11:00:00+0200,152.11,EUR/MWh,BE,BE,day_ahead_price,value,2026-06-23T05:42:01Z
2026-06-23T05:41:39Z,2026-06-23T07:41:39+0200,c1c18315-63b2-412d-a1be-e7c0796f2236,2026-06-16T09:15:00Z,2026-06-16T11:15:00+0200,145.15,EUR/MWh,BE,BE,day_ahead_price,value,2026-06-23T05:42:01Z
2026-06-23T05:41:39Z,2026-06-23T07:41:39+0200,c1c18315-63b2-412d-a1be-e7c0796f2236,2026-06-16T09:30:00Z,2026-06-16T11:30:00+0200,109.85,EUR/MWh,BE,BE,day_ahead_price,value,2026-06-23T05:42:01Z
2026-06-23T05:41:39Z,2026-06-23T07:41:39+0200,c1c18315-63b2-412d-a1be-e7c0796f2236,2026-06-16T09:45:00Z,2026-06-16T11:45:00+0200,95.01,EUR/MWh,BE,BE,day_ahead_price,value,2026-06-23T05:42:01Z
2026-06-23T05:41:39Z,2026-06-23T07:41:39+0200,c1c18315-63b2-412d-a1be-e7c0796f2236,2026-06-16T10:00:00Z,2026-06-16T12:00:00+0200,103.66,EUR/MWh,BE,BE,day_ahead_price,value,2026-06-23T05:42:01Z
2026-06-23T05:41:39Z,2026-06-23T07:41:39+0200,c1c18315-63b2-412d-a1be-e7c0796f2236,2026-06-16T10:15:00Z,2026-06-16T12:15:00+0200,90.46,EUR/MWh,BE,BE,day_ahead_price,value,2026-06-23T05:42:01Z
2026-06-23T05:41:39Z,2026-06-23T07:41:39+0200,c1c18315-63b2-412d-a1be-e7c0796f2236,2026-06-16T10:30:00Z,2026-06-16T12:30:00+0200,78.41,EUR/MWh,BE,BE,day_ahead_price,value,2026-06-23T05:42:01Z
2026-06-23T05:41:39Z,2026-06-23T07:41:39+0200,c1c18315-63b2-412d-a1be-e7c0796f2236,2026-06-16T10:45:00Z,2026-06-16T12:45:00+0200,76.57,EUR/MWh,BE,BE,day_ahead_price,value,2026-06-23T05:42:01Z
2026-06-23T05:41:39Z,2026-06-23T07:41:39+0200,c1c18315-63b2-412d-a1be-e7c0796f2236,2026-06-16T11:00:00Z,2026-06-16T13:00:00+0200,92.26,EUR/MWh,BE,BE,day_ahead_price,value,2026-06-23T05:42:01Z
2026-06-23T05:41:39Z,2026-06-23T07:41:39+0200,c1c18315-63b2-412d-a1be-e7c0796f2236,2026-06-16T11:15:00Z,2026-06-16T13:15:00+0200,84.47,EUR/MWh,BE,BE,day_ahead_price,value,2026-06-23T05:42:01Z
2026-06-23T05:41:39Z,2026-06-23T07:41:39+0200,c1c18315-63b2-412d-a1be-e7c0796f2236,2026-06-16T11:30:00Z,2026-06-16T13:30:00+0200,74.08,EUR/MWh,BE,BE,day_ahead_price,value,2026-06-23T05:42:01Z
2026-06-23T05:41:39Z,2026-06-23T07:41:39+0200,c1c18315-63b2-412d-a1be-e7c0796f2236,2026-06-16T11:45:00Z,2026-06-16T13:45:00+0200,56.6,EUR/MWh,BE,BE,day_ahead_price,value,2026-06-23T05:42:01Z
2026-06-23T05:41:39Z,2026-06-23T07:41:39+0200,c1c18315-63b2-412d-a1be-e7c0796f2236,2026-06-16T12:00:00Z,2026-06-16T14:00:00+0200,66.49,EUR/MWh,BE,BE,day_ahead_price,value,2026-06-23T05:42:01Z
2026-06-23T05:41:39Z,2026-06-23T07:41:39+0200,c1c18315-63b2-412d-a1be-e7c0796f2236,2026-06-16T12:15:00Z,2026-06-16T14:15:00+0200,67.18,EUR/MWh,BE,BE,day_ahead_price,value,2026-06-23T05:42:01Z
2026-06-23T05:41:39Z,2026-06-23T07:41:39+0200,c1c18315-63b2-412d-a1be-e7c0796f2236,2026-06-16T12:30:00Z,2026-06-16T14:30:00+0200,69.62,EUR/MWh,BE,BE,day_ahead_price,value,2026-06-23T05:42:01Z
2026-06-23T05:41:39Z,2026-06-23T07:41:39+0200,c1c18315-63b2-412d-a1be-e7c0796f2236,2026-06-16T12:45:00Z,2026-06-16T14:45:00+0200,78.96,EUR/MWh,BE,BE,day_ahead_price,value,2026-06-23T05:42:01Z
2026-06-23T05:41:39Z,2026-06-23T07:41:39+0200,c1c18315-63b2-412d-a1be-e7c0796f2236,2026-06-16T13:00:00Z,2026-06-16T15:00:00+0200,73.5,EUR/MWh,BE,BE,day_ahead_price,value,2026-06-23T05:42:01Z
2026-06-23T05:41:39Z,2026-06-23T07:41:39+0200,c1c18315-63b2-412d-a1be-e7c0796f2236,2026-06-16T13:15:00Z,2026-06-16T15:15:00+0200,89.21,EUR/MWh,BE,BE,day_ahead_price,value,2026-06-23T05:42:01Z
2026-06-23T05:41:39Z,2026-06-23T07:41:39+0200,c1c18315-63b2-412d-a1be-e7c0796f2236,2026-06-16T13:30:00Z,2026-06-16T15:30:00+0200,92.47,EUR/MWh,BE,BE,day_ahead_price,value,2026-06-23T05:42:01Z
2026-06-23T05:41:39Z,2026-06-23T07:41:39+0200,c1c18315-63b2-412d-a1be-e7c0796f2236,2026-06-16T13:45:00Z,2026-06-16T15:45:00+0200,111.93,EUR/MWh,BE,BE,day_ahead_price,value,2026-06-23T05:42:01Z
2026-06-23T05:41:39Z,2026-06-23T07:41:39+0200,c1c18315-63b2-412d-a1be-e7c0796f2236,2026-06-16T14:00:00Z,2026-06-16T16:00:00+0200,86.89,EUR/MWh,BE,BE,day_ahead_price,value,2026-06-23T05:42:01Z
2026-06-23T05:41:39Z,2026-06-23T07:41:39+0200,c1c18315-63b2-412d-a1be-e7c0796f2236,2026-06-16T14:15:00Z,2026-06-16T16:15:00+0200,105.0,EUR/MWh,BE,BE,day_ahead_price,value,2026-06-23T05:42:01Z
2026-06-23T05:41:39Z,2026-06-23T07:41:39+0200,c1c18315-63b2-412d-a1be-e7c0796f2236,2026-06-16T14:30:00Z,2026-06-16T16:30:00+0200,97.57,EUR/MWh,BE,BE,day_ahead_price,value,2026-06-23T05:42:01Z
2026-06-23T05:41:39Z,2026-06-23T07:41:39+0200,c1c18315-63b2-412d-a1be-e7c0796f2236,2026-06-16T14:45:00Z,2026-06-16T16:45:00+0200,100.0,EUR/MWh,BE,BE,day_ahead_price,value,2026-06-23T05:42:01Z
2026-06-23T05:41:39Z,2026-06-23T07:41:39+0200,c1c18315-63b2-412d-a1be-e7c0796f2236,2026-06-16T15:00:00Z,2026-06-16T17:00:00+0200,94.34,EUR/MWh,BE,BE,day_ahead_price,value,2026-06-23T05:42:01Z
2026-06-23T05:41:39Z,2026-06-23T07:41:39+0200,c1c18315-63b2-412d-a1be-e7c0796f2236,2026-06-16T15:15:00Z,2026-06-16T17:15:00+0200,99.1,EUR/MWh,BE,BE,day_ahead_price,value,2026-06-23T05:42:01Z
2026-06-23T05:41:39Z,2026-06-23T07:41:39+0200,c1c18315-63b2-412d-a1be-e7c0796f2236,2026-06-16T15:30:00Z,2026-06-16T17:30:00+0200,109.35,EUR/MWh,BE,BE,day_ahead_price,value,2026-06-23T05:42:01Z
2026-06-23T05:41:39Z,2026-06-23T07:41:39+0200,c1c18315-63b2-412d-a1be-e7c0796f2236,2026-06-16T15:45:00Z,2026-06-16T17:45:00+0200,119.97,EUR/MWh,BE,BE,day_ahead_price,value,2026-06-23T05:42:01Z
2026-06-23T05:41:39Z,2026-06-23T07:41:39+0200,c1c18315-63b2-412d-a1be-e7c0796f2236,2026-06-16T16:00:00Z,2026-06-16T18:00:00+0200,110.24,EUR/MWh,BE,BE,day_ahead_price,value,2026-06-23T05:42:01Z
2026-06-23T05:41:39Z,2026-06-23T07:41:39+0200,c1c18315-63b2-412d-a1be-e7c0796f2236,2026-06-16T16:15:00Z,2026-06-16T18:15:00+0200,118.92,EUR/MWh,BE,BE,day_ahead_price,value,2026-06-23T05:42:01Z
2026-06-23T05:41:39Z,2026-06-23T07:41:39+0200,c1c18315-63b2-412d-a1be-e7c0796f2236,2026-06-16T16:30:00Z,2026-06-16T18:30:00+0200,126.81,EUR/MWh,BE,BE,day_ahead_price,value,2026-06-23T05:42:01Z
2026-06-23T05:41:39Z,2026-06-23T07:41:39+0200,c1c18315-63b2-412d-a1be-e7c0796f2236,2026-06-16T16:45:00Z,2026-06-16T18:45:00+0200,143.25,EUR/MWh,BE,BE,day_ahead_price,value,2026-06-23T05:42:01Z
2026-06-23T05:41:39Z,2026-06-23T07:41:39+0200,c1c18315-63b2-412d-a1be-e7c0796f2236,2026-06-16T17:00:00Z,2026-06-16T19:00:00+0200,125.8,EUR/MWh,BE,BE,day_ahead_price,value,2026-06-23T05:42:01Z
2026-06-23T05:41:39Z,2026-06-23T07:41:39+0200,c1c18315-63b2-412d-a1be-e7c0796f2236,2026-06-16T17:15:00Z,2026-06-16T19:15:00+0200,140.67,EUR/MWh,BE,BE,day_ahead_price,value,2026-06-23T05:42:01Z
2026-06-23T05:41:39Z,2026-06-23T07:41:39+0200,c1c18315-63b2-412d-a1be-e7c0796f2236,2026-06-16T17:30:00Z,2026-06-16T19:30:00+0200,154.07,EUR/MWh,BE,BE,day_ahead_price,value,2026-06-23T05:42:01Z
2026-06-23T05:41:39Z,2026-06-23T07:41:39+0200,c1c18315-63b2-412d-a1be-e7c0796f2236,2026-06-16T17:45:00Z,2026-06-16T19:45:00+0200,169.98,EUR/MWh,BE,BE,day_ahead_price,value,2026-06-23T05:42:01Z
2026-06-23T05:41:39Z,2026-06-23T07:41:39+0200,c1c18315-63b2-412d-a1be-e7c0796f2236,2026-06-16T18:00:00Z,2026-06-16T20:00:00+0200,150.0,EUR/MWh,BE,BE,day_ahead_price,value,2026-06-23T05:42:01Z
2026-06-23T05:41:39Z,2026-06-23T07:41:39+0200,c1c18315-63b2-412d-a1be-e7c0796f2236,2026-06-16T18:15:00Z,2026-06-16T20:15:00+0200,168.27,EUR/MWh,BE,BE,day_ahead_price,value,2026-06-23T05:42:01Z
2026-06-23T05:41:39Z,2026-06-23T07:41:39+0200,c1c18315-63b2-412d-a1be-e7c0796f2236,2026-06-16T18:30:00Z,2026-06-16T20:30:00+0200,180.91,EUR/MWh,BE,BE,day_ahead_price,value,2026-06-23T05:42:01Z
2026-06-23T05:41:39Z,2026-06-23T07:41:39+0200,c1c18315-63b2-412d-a1be-e7c0796f2236,2026-06-16T18:45:00Z,2026-06-16T20:45:00+0200,196.56,EUR/MWh,BE,BE,day_ahead_price,value,2026-06-23T05:42:01Z
2026-06-23T05:41:39Z,2026-06-23T07:41:39+0200,c1c18315-63b2-412d-a1be-e7c0796f2236,2026-06-16T19:00:00Z,2026-06-16T21:00:00+0200,187.26,EUR/MWh,BE,BE,day_ahead_price,value,2026-06-23T05:42:01Z
2026-06-23T05:41:39Z,2026-06-23T07:41:39+0200,c1c18315-63b2-412d-a1be-e7c0796f2236,2026-06-16T19:15:00Z,2026-06-16T21:15:00+0200,193.39,EUR/MWh,BE,BE,day_ahead_price,value,2026-06-23T05:42:01Z
2026-06-23T05:41:39Z,2026-06-23T07:41:39+0200,c1c18315-63b2-412d-a1be-e7c0796f2236,2026-06-16T19:30:00Z,2026-06-16T21:30:00+0200,182.72,EUR/MWh,BE,BE,day_ahead_price,value,2026-06-23T05:42:01Z
2026-06-23T05:41:39Z,2026-06-23T07:41:39+0200,c1c18315-63b2-412d-a1be-e7c0796f2236,2026-06-16T19:45:00Z,2026-06-16T21:45:00+0200,164.9,EUR/MWh,BE,BE,day_ahead_price,value,2026-06-23T05:42:01Z
2026-06-23T05:41:39Z,2026-06-23T07:41:39+0200,c1c18315-63b2-412d-a1be-e7c0796f2236,2026-06-16T20:00:00Z,2026-06-16T22:00:00+0200,192.57,EUR/MWh,BE,BE,day_ahead_price,value,2026-06-23T05:42:01Z
2026-06-23T05:41:39Z,2026-06-23T07:41:39+0200,c1c18315-63b2-412d-a1be-e7c0796f2236,2026-06-16T20:15:00Z,2026-06-16T22:15:00+0200,163.08,EUR/MWh,BE,BE,day_ahead_price,value,2026-06-23T05:42:01Z
2026-06-23T05:41:39Z,2026-06-23T07:41:39+0200,c1c18315-63b2-412d-a1be-e7c0796f2236,2026-06-16T20:30:00Z,2026-06-16T22:30:00+0200,153.99,EUR/MWh,BE,BE,day_ahead_price,value,2026-06-23T05:42:01Z
2026-06-23T05:41:39Z,2026-06-23T07:41:39+0200,c1c18315-63b2-412d-a1be-e7c0796f2236,2026-06-16T20:45:00Z,2026-06-16T22:45:00+0200,147.29,EUR/MWh,BE,BE,day_ahead_price,value,2026-06-23T05:42:01Z
2026-06-23T05:41:39Z,2026-06-23T07:41:39+0200,c1c18315-63b2-412d-a1be-e7c0796f2236,2026-06-16T21:00:00Z,2026-06-16T23:00:00+0200,152.97,EUR/MWh,BE,BE,day_ahead_price,value,2026-06-23T05:42:01Z
2026-06-23T05:41:39Z,2026-06-23T07:41:39+0200,c1c18315-63b2-412d-a1be-e7c0796f2236,2026-06-16T21:15:00Z,2026-06-16T23:15:00+0200,146.48,EUR/MWh,BE,BE,day_ahead_price,value,2026-06-23T05:42:01Z
2026-06-23T05:41:39Z,2026-06-23T07:41:39+0200,c1c18315-63b2-412d-a1be-e7c0796f2236,2026-06-16T21:30:00Z,2026-06-16T23:30:00+0200,140.25,EUR/MWh,BE,BE,day_ahead_price,value,2026-06-23T05:42:01Z
2026-06-23T05:41:39Z,2026-06-23T07:41:39+0200,c1c18315-63b2-412d-a1be-e7c0796f2236,2026-06-16T21:45:00Z,2026-06-16T23:45:00+0200,134.16,EUR/MWh,BE,BE,day_ahead_price,value,2026-06-23T05:42:01Z
2026-06-23T05:41:39Z,2026-06-23T07:41:39+0200,c1c18315-63b2-412d-a1be-e7c0796f2236,2026-06-16T22:00:00Z,2026-06-17T00:00:00+0200,148.3,EUR/MWh,BE,BE,day_ahead_price,value,2026-06-23T05:42:01Z
2026-06-23T05:41:39Z,2026-06-23T07:41:39+0200,c1c18315-63b2-412d-a1be-e7c0796f2236,2026-06-16T22:15:00Z,2026-06-17T00:15:00+0200,141.98,EUR/MWh,BE,BE,day_ahead_price,value,2026-06-23T05:42:01Z
2026-06-23T05:41:39Z,2026-06-23T07:41:39+0200,c1c18315-63b2-412d-a1be-e7c0796f2236,2026-06-16T22:30:00Z,2026-06-17T00:30:00+0200,137.85,EUR/MWh,BE,BE,day_ahead_price,value,2026-06-23T05:42:01Z
2026-06-23T05:41:39Z,2026-06-23T07:41:39+0200,c1c18315-63b2-412d-a1be-e7c0796f2236,2026-06-16T22:45:00Z,2026-06-17T00:45:00+0200,133.05,EUR/MWh,BE,BE,day_ahead_price,value,2026-06-23T05:42:01Z
2026-06-23T05:41:39Z,2026-06-23T07:41:39+0200,c1c18315-63b2-412d-a1be-e7c0796f2236,2026-06-16T23:00:00Z,2026-06-17T01:00:00+0200,142.12,EUR/MWh,BE,BE,day_ahead_price,value,2026-06-23T05:42:01Z
2026-06-23T05:41:39Z,2026-06-23T07:41:39+0200,c1c18315-63b2-412d-a1be-e7c0796f2236,2026-06-16T23:15:00Z,2026-06-17T01:15:00+0200,133.42,EUR/MWh,BE,BE,day_ahead_price,value,2026-06-23T05:42:01Z
2026-06-23T05:41:39Z,2026-06-23T07:41:39+0200,c1c18315-63b2-412d-a1be-e7c0796f2236,2026-06-16T23:30:00Z,2026-06-17T01:30:00+0200,132.33,EUR/MWh,BE,BE,day_ahead_price,value,2026-06-23T05:42:01Z
2026-06-23T05:41:39Z,2026-06-23T07:41:39+0200,c1c18315-63b2-412d-a1be-e7c0796f2236,2026-06-16T23:45:00Z,2026-06-17T01:45:00+0200,129.59,EUR/MWh,BE,BE,day_ahead_price,value,2026-06-23T05:42:01Z
2026-06-23T05:41:39Z,2026-06-23T07:41:39+0200,c1c18315-63b2-412d-a1be-e7c0796f2236,2026-06-17T00:00:00Z,2026-06-17T02:00:00+0200,130.35,EUR/MWh,BE,BE,day_ahead_price,value,2026-06-23T05:42:01Z
2026-06-23T05:41:39Z,2026-06-23T07:41:39+0200,c1c18315-63b2-412d-a1be-e7c0796f2236,2026-06-17T00:15:00Z,2026-06-17T02:15:00+0200,127.83,EUR/MWh,BE,BE,day_ahead_price,value,2026-06-23T05:42:01Z
2026-06-23T05:41:39Z,2026-06-23T07:41:39+0200,c1c18315-63b2-412d-a1be-e7c0796f2236,2026-06-17T00:30:00Z,2026-06-17T02:30:00+0200,127.65,EUR/MWh,BE,BE,day_ahead_price,value,2026-06-23T05:42:01Z
2026-06-23T05:41:39Z,2026-06-23T07:41:39+0200,c1c18315-63b2-412d-a1be-e7c0796f2236,2026-06-17T00:45:00Z,2026-06-17T02:45:00+0200,125.7,EUR/MWh,BE,BE,day_ahead_price,value,2026-06-23T05:42:01Z
2026-06-23T05:41:39Z,2026-06-23T07:41:39+0200,c1c18315-63b2-412d-a1be-e7c0796f2236,2026-06-17T01:00:00Z,2026-06-17T03:00:00+0200,127.44,EUR/MWh,BE,BE,day_ahead_price,value,2026-06-23T05:42:01Z
2026-06-23T05:41:39Z,2026-06-23T07:41:39+0200,c1c18315-63b2-412d-a1be-e7c0796f2236,2026-06-17T01:15:00Z,2026-06-17T03:15:00+0200,126.1,EUR/MWh,BE,BE,day_ahead_price,value,2026-06-23T05:42:01Z
2026-06-23T05:41:39Z,2026-06-23T07:41:39+0200,c1c18315-63b2-412d-a1be-e7c0796f2236,2026-06-17T01:30:00Z,2026-06-17T03:30:00+0200,125.26,EUR/MWh,BE,BE,day_ahead_price,value,2026-06-23T05:42:01Z
2026-06-23T05:41:39Z,2026-06-23T07:41:39+0200,c1c18315-63b2-412d-a1be-e7c0796f2236,2026-06-17T01:45:00Z,2026-06-17T03:45:00+0200,123.88,EUR/MWh,BE,BE,day_ahead_price,value,2026-06-23T05:42:01Z
2026-06-23T05:41:39Z,2026-06-23T07:41:39+0200,c1c18315-63b2-412d-a1be-e7c0796f2236,2026-06-17T02:00:00Z,2026-06-17T04:00:00+0200,124.83,EUR/MWh,BE,BE,day_ahead_price,value,2026-06-23T05:42:01Z
2026-06-23T05:41:39Z,2026-06-23T07:41:39+0200,c1c18315-63b2-412d-a1be-e7c0796f2236,2026-06-17T02:15:00Z,2026-06-17T04:15:00+0200,122.82,EUR/MWh,BE,BE,day_ahead_price,value,2026-06-23T05:42:01Z
2026-06-23T05:41:39Z,2026-06-23T07:41:39+0200,c1c18315-63b2-412d-a1be-e7c0796f2236,2026-06-17T02:30:00Z,2026-06-17T04:30:00+0200,124.58,EUR/MWh,BE,BE,day_ahead_price,value,2026-06-23T05:42:01Z
2026-06-23T05:41:39Z,2026-06-23T07:41:39+0200,c1c18315-63b2-412d-a1be-e7c0796f2236,2026-06-17T02:45:00Z,2026-06-17T04:45:00+0200,126.74,EUR/MWh,BE,BE,day_ahead_price,value,2026-06-23T05:42:01Z
2026-06-23T05:41:39Z,2026-06-23T07:41:39+0200,c1c18315-63b2-412d-a1be-e7c0796f2236,2026-06-17T03:00:00Z,2026-06-17T05:00:00+0200,122.65,EUR/MWh,BE,BE,day_ahead_price,value,2026-06-23T05:42:01Z
2026-06-23T05:41:39Z,2026-06-23T07:41:39+0200,c1c18315-63b2-412d-a1be-e7c0796f2236,2026-06-17T03:15:00Z,2026-06-17T05:15:00+0200,125.55,EUR/MWh,BE,BE,day_ahead_price,value,2026-06-23T05:42:01Z
2026-06-23T05:41:39Z,2026-06-23T07:41:39+0200,c1c18315-63b2-412d-a1be-e7c0796f2236,2026-06-17T03:30:00Z,2026-06-17T05:30:00+0200,127.4,EUR/MWh,BE,BE,day_ahead_price,value,2026-06-23T05:42:01Z
2026-06-23T05:41:39Z,2026-06-23T07:41:39+0200,c1c18315-63b2-412d-a1be-e7c0796f2236,2026-06-17T03:45:00Z,2026-06-17T05:45:00+0200,129.53,EUR/MWh,BE,BE,day_ahead_price,value,2026-06-23T05:42:01Z
2026-06-23T05:41:39Z,2026-06-23T07:41:39+0200,c1c18315-63b2-412d-a1be-e7c0796f2236,2026-06-17T04:00:00Z,2026-06-17T06:00:00+0200,129.06,EUR/MWh,BE,BE,day_ahead_price,value,2026-06-23T05:42:01Z
2026-06-23T05:41:39Z,2026-06-23T07:41:39+0200,c1c18315-63b2-412d-a1be-e7c0796f2236,2026-06-17T04:15:00Z,2026-06-17T06:15:00+0200,134.21,EUR/MWh,BE,BE,day_ahead_price,value,2026-06-23T05:42:01Z
2026-06-23T05:41:39Z,2026-06-23T07:41:39+0200,c1c18315-63b2-412d-a1be-e7c0796f2236,2026-06-17T04:30:00Z,2026-06-17T06:30:00+0200,138.57,EUR/MWh,BE,BE,day_ahead_price,value,2026-06-23T05:42:01Z
2026-06-23T05:41:39Z,2026-06-23T07:41:39+0200,c1c18315-63b2-412d-a1be-e7c0796f2236,2026-06-17T04:45:00Z,2026-06-17T06:45:00+0200,133.09,EUR/MWh,BE,BE,day_ahead_price,value,2026-06-23T05:42:01Z
2026-06-23T05:41:39Z,2026-06-23T07:41:39+0200,c1c18315-63b2-412d-a1be-e7c0796f2236,2026-06-17T05:00:00Z,2026-06-17T07:00:00+0200,140.1,EUR/MWh,BE,BE,day_ahead_price,value,2026-06-23T05:42:01Z
2026-06-23T05:41:39Z,2026-06-23T07:41:39+0200,c1c18315-63b2-412d-a1be-e7c0796f2236,2026-06-17T05:15:00Z,2026-06-17T07:15:00+0200,133.88,EUR/MWh,BE,BE,day_ahead_price,value,2026-06-23T05:42:01Z
2026-06-23T05:41:39Z,2026-06-23T07:41:39+0200,c1c18315-63b2-412d-a1be-e7c0796f2236,2026-06-17T05:30:00Z,2026-06-17T07:30:00+0200,132.36,EUR/MWh,BE,BE,day_ahead_price,value,2026-06-23T05:42:01Z
2026-06-23T05:41:39Z,2026-06-23T07:41:39+0200,c1c18315-63b2-412d-a1be-e7c0796f2236,2026-06-17T05:45:00Z,2026-06-17T07:45:00+0200,121.58,EUR/MWh,BE,BE,day_ahead_price,value,2026-06-23T05:42:01Z
2026-06-23T05:41:39Z,2026-06-23T07:41:39+0200,c1c18315-63b2-412d-a1be-e7c0796f2236,2026-06-17T06:00:00Z,2026-06-17T08:00:00+0200,131.02,EUR/MWh,BE,BE,day_ahead_price,value,2026-06-23T05:42:01Z
2026-06-23T05:41:39Z,2026-06-23T07:41:39+0200,c1c18315-63b2-412d-a1be-e7c0796f2236,2026-06-17T06:15:00Z,2026-06-17T08:15:00+0200,124.39,EUR/MWh,BE,BE,day_ahead_price,value,2026-06-23T05:42:01Z
2026-06-23T05:41:39Z,2026-06-23T07:41:39+0200,c1c18315-63b2-412d-a1be-e7c0796f2236,2026-06-17T06:30:00Z,2026-06-17T08:30:00+0200,115.37,EUR/MWh,BE,BE,day_ahead_price,value,2026-06-23T05:42:01Z
2026-06-23T05:41:39Z,2026-06-23T07:41:39+0200,c1c18315-63b2-412d-a1be-e7c0796f2236,2026-06-17T06:45:00Z,2026-06-17T08:45:00+0200,107.22,EUR/MWh,BE,BE,day_ahead_price,value,2026-06-23T05:42:01Z
2026-06-23T05:41:39Z,2026-06-23T07:41:39+0200,c1c18315-63b2-412d-a1be-e7c0796f2236,2026-06-17T07:00:00Z,2026-06-17T09:00:00+0200,119.5,EUR/MWh,BE,BE,day_ahead_price,value,2026-06-23T05:42:01Z
2026-06-23T05:41:39Z,2026-06-23T07:41:39+0200,c1c18315-63b2-412d-a1be-e7c0796f2236,2026-06-17T07:15:00Z,2026-06-17T09:15:00+0200,105.0,EUR/MWh,BE,BE,day_ahead_price,value,2026-06-23T05:42:01Z
2026-06-23T05:41:39Z,2026-06-23T07:41:39+0200,c1c18315-63b2-412d-a1be-e7c0796f2236,2026-06-17T07:30:00Z,2026-06-17T09:30:00+0200,106.48,EUR/MWh,BE,BE,day_ahead_price,value,2026-06-23T05:42:01Z
2026-06-23T05:41:39Z,2026-06-23T07:41:39+0200,c1c18315-63b2-412d-a1be-e7c0796f2236,2026-06-17T07:45:00Z,2026-06-17T09:45:00+0200,131.13,EUR/MWh,BE,BE,day_ahead_price,value,2026-06-23T05:42:01Z
2026-06-23T05:41:39Z,2026-06-23T07:41:39+0200,c1c18315-63b2-412d-a1be-e7c0796f2236,2026-06-17T08:00:00Z,2026-06-17T10:00:00+0200,133.64,EUR/MWh,BE,BE,day_ahead_price,value,2026-06-23T05:42:01Z
2026-06-23T05:41:39Z,2026-06-23T07:41:39+0200,c1c18315-63b2-412d-a1be-e7c0796f2236,2026-06-17T08:15:00Z,2026-06-17T10:15:00+0200,122.53,EUR/MWh,BE,BE,day_ahead_price,value,2026-06-23T05:42:01Z
2026-06-23T05:41:39Z,2026-06-23T07:41:39+0200,c1c18315-63b2-412d-a1be-e7c0796f2236,2026-06-17T08:30:00Z,2026-06-17T10:30:00+0200,116.93,EUR/MWh,BE,BE,day_ahead_price,value,2026-06-23T05:42:01Z
2026-06-23T05:41:39Z,2026-06-23T07:41:39+0200,c1c18315-63b2-412d-a1be-e7c0796f2236,2026-06-17T08:45:00Z,2026-06-17T10:45:00+0200,100.82,EUR/MWh,BE,BE,day_ahead_price,value,2026-06-23T05:42:01Z
2026-06-23T05:41:39Z,2026-06-23T07:41:39+0200,c1c18315-63b2-412d-a1be-e7c0796f2236,2026-06-17T09:00:00Z,2026-06-17T11:00:00+0200,124.75,EUR/MWh,BE,BE,day_ahead_price,value,2026-06-23T05:42:01Z
2026-06-23T05:41:39Z,2026-06-23T07:41:39+0200,c1c18315-63b2-412d-a1be-e7c0796f2236,2026-06-17T09:15:00Z,2026-06-17T11:15:00+0200,111.95,EUR/MWh,BE,BE,day_ahead_price,value,2026-06-23T05:42:01Z
2026-06-23T05:41:39Z,2026-06-23T07:41:39+0200,c1c18315-63b2-412d-a1be-e7c0796f2236,2026-06-17T09:30:00Z,2026-06-17T11:30:00+0200,100.27,EUR/MWh,BE,BE,day_ahead_price,value,2026-06-23T05:42:01Z
2026-06-23T05:41:39Z,2026-06-23T07:41:39+0200,c1c18315-63b2-412d-a1be-e7c0796f2236,2026-06-17T09:45:00Z,2026-06-17T11:45:00+0200,106.01,EUR/MWh,BE,BE,day_ahead_price,value,2026-06-23T05:42:01Z
2026-06-23T05:41:39Z,2026-06-23T07:41:39+0200,c1c18315-63b2-412d-a1be-e7c0796f2236,2026-06-17T10:00:00Z,2026-06-17T12:00:00+0200,97.9,EUR/MWh,BE,BE,day_ahead_price,value,2026-06-23T05:42:01Z
2026-06-23T05:41:39Z,2026-06-23T07:41:39+0200,c1c18315-63b2-412d-a1be-e7c0796f2236,2026-06-17T10:15:00Z,2026-06-17T12:15:00+0200,96.94,EUR/MWh,BE,BE,day_ahead_price,value,2026-06-23T05:42:01Z
2026-06-23T05:41:39Z,2026-06-23T07:41:39+0200,c1c18315-63b2-412d-a1be-e7c0796f2236,2026-06-17T10:30:00Z,2026-06-17T12:30:00+0200,89.04,EUR/MWh,BE,BE,day_ahead_price,value,2026-06-23T05:42:01Z
2026-06-23T05:41:39Z,2026-06-23T07:41:39+0200,c1c18315-63b2-412d-a1be-e7c0796f2236,2026-06-17T10:45:00Z,2026-06-17T12:45:00+0200,98.81,EUR/MWh,BE,BE,day_ahead_price,value,2026-06-23T05:42:01Z
2026-06-23T05:41:39Z,2026-06-23T07:41:39+0200,c1c18315-63b2-412d-a1be-e7c0796f2236,2026-06-17T11:00:00Z,2026-06-17T13:00:00+0200,132.42,EUR/MWh,BE,BE,day_ahead_price,value,2026-06-23T05:42:01Z
2026-06-23T05:41:39Z,2026-06-23T07:41:39+0200,c1c18315-63b2-412d-a1be-e7c0796f2236,2026-06-17T11:15:00Z,2026-06-17T13:15:00+0200,124.75,EUR/MWh,BE,BE,day_ahead_price,value,2026-06-23T05:42:01Z
2026-06-23T05:41:39Z,2026-06-23T07:41:39+0200,c1c18315-63b2-412d-a1be-e7c0796f2236,2026-06-17T11:30:00Z,2026-06-17T13:30:00+0200,121.65,EUR/MWh,BE,BE,day_ahead_price,value,2026-06-23T05:42:01Z
2026-06-23T05:41:39Z,2026-06-23T07:41:39+0200,c1c18315-63b2-412d-a1be-e7c0796f2236,2026-06-17T11:45:00Z,2026-06-17T13:45:00+0200,113.36,EUR/MWh,BE,BE,day_ahead_price,value,2026-06-23T05:42:01Z
2026-06-23T05:41:39Z,2026-06-23T07:41:39+0200,c1c18315-63b2-412d-a1be-e7c0796f2236,2026-06-17T12:00:00Z,2026-06-17T14:00:00+0200,87.42,EUR/MWh,BE,BE,day_ahead_price,value,2026-06-23T05:42:01Z
2026-06-23T05:41:39Z,2026-06-23T07:41:39+0200,c1c18315-63b2-412d-a1be-e7c0796f2236,2026-06-17T12:15:00Z,2026-06-17T14:15:00+0200,86.87,EUR/MWh,BE,BE,day_ahead_price,value,2026-06-23T05:42:01Z
2026-06-23T05:41:39Z,2026-06-23T07:41:39+0200,c1c18315-63b2-412d-a1be-e7c0796f2236,2026-06-17T12:30:00Z,2026-06-17T14:30:00+0200,79.18,EUR/MWh,BE,BE,day_ahead_price,value,2026-06-23T05:42:01Z
2026-06-23T05:41:39Z,2026-06-23T07:41:39+0200,c1c18315-63b2-412d-a1be-e7c0796f2236,2026-06-17T12:45:00Z,2026-06-17T14:45:00+0200,68.03,EUR/MWh,BE,BE,day_ahead_price,value,2026-06-23T05:42:01Z
2026-06-23T05:41:39Z,2026-06-23T07:41:39+0200,c1c18315-63b2-412d-a1be-e7c0796f2236,2026-06-17T13:00:00Z,2026-06-17T15:00:00+0200,102.14,EUR/MWh,BE,BE,day_ahead_price,value,2026-06-23T05:42:01Z
2026-06-23T05:41:39Z,2026-06-23T07:41:39+0200,c1c18315-63b2-412d-a1be-e7c0796f2236,2026-06-17T13:15:00Z,2026-06-17T15:15:00+0200,79.07,EUR/MWh,BE,BE,day_ahead_price,value,2026-06-23T05:42:01Z
2026-06-23T05:41:39Z,2026-06-23T07:41:39+0200,c1c18315-63b2-412d-a1be-e7c0796f2236,2026-06-17T13:30:00Z,2026-06-17T15:30:00+0200,80.37,EUR/MWh,BE,BE,day_ahead_price,value,2026-06-23T05:42:01Z
2026-06-23T05:41:39Z,2026-06-23T07:41:39+0200,c1c18315-63b2-412d-a1be-e7c0796f2236,2026-06-17T13:45:00Z,2026-06-17T15:45:00+0200,79.85,EUR/MWh,BE,BE,day_ahead_price,value,2026-06-23T05:42:01Z
2026-06-23T05:41:39Z,2026-06-23T07:41:39+0200,c1c18315-63b2-412d-a1be-e7c0796f2236,2026-06-17T14:00:00Z,2026-06-17T16:00:00+0200,71.55,EUR/MWh,BE,BE,day_ahead_price,value,2026-06-23T05:42:01Z
2026-06-23T05:41:39Z,2026-06-23T07:41:39+0200,c1c18315-63b2-412d-a1be-e7c0796f2236,2026-06-17T14:15:00Z,2026-06-17T16:15:00+0200,78.74,EUR/MWh,BE,BE,day_ahead_price,value,2026-06-23T05:42:01Z
2026-06-23T05:41:39Z,2026-06-23T07:41:39+0200,c1c18315-63b2-412d-a1be-e7c0796f2236,2026-06-17T14:30:00Z,2026-06-17T16:30:00+0200,89.12,EUR/MWh,BE,BE,day_ahead_price,value,2026-06-23T05:42:01Z
2026-06-23T05:41:39Z,2026-06-23T07:41:39+0200,c1c18315-63b2-412d-a1be-e7c0796f2236,2026-06-17T14:45:00Z,2026-06-17T16:45:00+0200,97.2,EUR/MWh,BE,BE,day_ahead_price,value,2026-06-23T05:42:01Z
2026-06-23T05:41:39Z,2026-06-23T07:41:39+0200,c1c18315-63b2-412d-a1be-e7c0796f2236,2026-06-17T15:00:00Z,2026-06-17T17:00:00+0200,81.7,EUR/MWh,BE,BE,day_ahead_price,value,2026-06-23T05:42:01Z
2026-06-23T05:41:39Z,2026-06-23T07:41:39+0200,c1c18315-63b2-412d-a1be-e7c0796f2236,2026-06-17T15:15:00Z,2026-06-17T17:15:00+0200,95.85,EUR/MWh,BE,BE,day_ahead_price,value,2026-06-23T05:42:01Z
2026-06-23T05:41:39Z,2026-06-23T07:41:39+0200,c1c18315-63b2-412d-a1be-e7c0796f2236,2026-06-17T15:30:00Z,2026-06-17T17:30:00+0200,105.82,EUR/MWh,BE,BE,day_ahead_price,value,2026-06-23T05:42:01Z
2026-06-23T05:41:39Z,2026-06-23T07:41:39+0200,c1c18315-63b2-412d-a1be-e7c0796f2236,2026-06-17T15:45:00Z,2026-06-17T17:45:00+0200,120.96,EUR/MWh,BE,BE,day_ahead_price,value,2026-06-23T05:42:01Z
2026-06-23T05:41:39Z,2026-06-23T07:41:39+0200,c1c18315-63b2-412d-a1be-e7c0796f2236,2026-06-17T16:00:00Z,2026-06-17T18:00:00+0200,100.86,EUR/MWh,BE,BE,day_ahead_price,value,2026-06-23T05:42:01Z
2026-06-23T05:41:39Z,2026-06-23T07:41:39+0200,c1c18315-63b2-412d-a1be-e7c0796f2236,2026-06-17T16:15:00Z,2026-06-17T18:15:00+0200,114.76,EUR/MWh,BE,BE,day_ahead_price,value,2026-06-23T05:42:01Z
2026-06-23T05:41:39Z,2026-06-23T07:41:39+0200,c1c18315-63b2-412d-a1be-e7c0796f2236,2026-06-17T16:30:00Z,2026-06-17T18:30:00+0200,124.96,EUR/MWh,BE,BE,day_ahead_price,value,2026-06-23T05:42:01Z
2026-06-23T05:41:39Z,2026-06-23T07:41:39+0200,c1c18315-63b2-412d-a1be-e7c0796f2236,2026-06-17T16:45:00Z,2026-06-17T18:45:00+0200,134.69,EUR/MWh,BE,BE,day_ahead_price,value,2026-06-23T05:42:01Z
2026-06-23T05:41:39Z,2026-06-23T07:41:39+0200,c1c18315-63b2-412d-a1be-e7c0796f2236,2026-06-17T17:00:00Z,2026-06-17T19:00:00+0200,122.73,EUR/MWh,BE,BE,day_ahead_price,value,2026-06-23T05:42:01Z
2026-06-23T05:41:39Z,2026-06-23T07:41:39+0200,c1c18315-63b2-412d-a1be-e7c0796f2236,2026-06-17T17:15:00Z,2026-06-17T19:15:00+0200,134.2,EUR/MWh,BE,BE,day_ahead_price,value,2026-06-23T05:42:01Z
2026-06-23T05:41:39Z,2026-06-23T07:41:39+0200,c1c18315-63b2-412d-a1be-e7c0796f2236,2026-06-17T17:30:00Z,2026-06-17T19:30:00+0200,147.43,EUR/MWh,BE,BE,day_ahead_price,value,2026-06-23T05:42:01Z
2026-06-23T05:41:39Z,2026-06-23T07:41:39+0200,c1c18315-63b2-412d-a1be-e7c0796f2236,2026-06-17T17:45:00Z,2026-06-17T19:45:00+0200,156.04,EUR/MWh,BE,BE,day_ahead_price,value,2026-06-23T05:42:01Z
2026-06-23T05:41:39Z,2026-06-23T07:41:39+0200,c1c18315-63b2-412d-a1be-e7c0796f2236,2026-06-17T18:00:00Z,2026-06-17T20:00:00+0200,143.6,EUR/MWh,BE,BE,day_ahead_price,value,2026-06-23T05:42:01Z
2026-06-23T05:41:39Z,2026-06-23T07:41:39+0200,c1c18315-63b2-412d-a1be-e7c0796f2236,2026-06-17T18:15:00Z,2026-06-17T20:15:00+0200,151.1,EUR/MWh,BE,BE,day_ahead_price,value,2026-06-23T05:42:01Z
2026-06-23T05:41:39Z,2026-06-23T07:41:39+0200,c1c18315-63b2-412d-a1be-e7c0796f2236,2026-06-17T18:30:00Z,2026-06-17T20:30:00+0200,163.85,EUR/MWh,BE,BE,day_ahead_price,value,2026-06-23T05:42:01Z
2026-06-23T05:41:39Z,2026-06-23T07:41:39+0200,c1c18315-63b2-412d-a1be-e7c0796f2236,2026-06-17T18:45:00Z,2026-06-17T20:45:00+0200,167.74,EUR/MWh,BE,BE,day_ahead_price,value,2026-06-23T05:42:01Z
2026-06-23T05:41:39Z,2026-06-23T07:41:39+0200,c1c18315-63b2-412d-a1be-e7c0796f2236,2026-06-17T19:00:00Z,2026-06-17T21:00:00+0200,165.74,EUR/MWh,BE,BE,day_ahead_price,value,2026-06-23T05:42:01Z
2026-06-23T05:41:39Z,2026-06-23T07:41:39+0200,c1c18315-63b2-412d-a1be-e7c0796f2236,2026-06-17T19:15:00Z,2026-06-17T21:15:00+0200,164.32,EUR/MWh,BE,BE,day_ahead_price,value,2026-06-23T05:42:01Z
2026-06-23T05:41:39Z,2026-06-23T07:41:39+0200,c1c18315-63b2-412d-a1be-e7c0796f2236,2026-06-17T19:30:00Z,2026-06-17T21:30:00+0200,160.43,EUR/MWh,BE,BE,day_ahead_price,value,2026-06-23T05:42:01Z
2026-06-23T05:41:39Z,2026-06-23T07:41:39+0200,c1c18315-63b2-412d-a1be-e7c0796f2236,2026-06-17T19:45:00Z,2026-06-17T21:45:00+0200,152.2,EUR/MWh,BE,BE,day_ahead_price,value,2026-06-23T05:42:01Z
2026-06-23T05:41:39Z,2026-06-23T07:41:39+0200,c1c18315-63b2-412d-a1be-e7c0796f2236,2026-06-17T20:00:00Z,2026-06-17T22:00:00+0200,171.14,EUR/MWh,BE,BE,day_ahead_price,value,2026-06-23T05:42:01Z
2026-06-23T05:41:39Z,2026-06-23T07:41:39+0200,c1c18315-63b2-412d-a1be-e7c0796f2236,2026-06-17T20:15:00Z,2026-06-17T22:15:00+0200,158.71,EUR/MWh,BE,BE,day_ahead_price,value,2026-06-23T05:42:01Z
2026-06-23T05:41:39Z,2026-06-23T07:41:39+0200,c1c18315-63b2-412d-a1be-e7c0796f2236,2026-06-17T20:30:00Z,2026-06-17T22:30:00+0200,154.54,EUR/MWh,BE,BE,day_ahead_price,value,2026-06-23T05:42:01Z
2026-06-23T05:41:39Z,2026-06-23T07:41:39+0200,c1c18315-63b2-412d-a1be-e7c0796f2236,2026-06-17T20:45:00Z,2026-06-17T22:45:00+0200,146.77,EUR/MWh,BE,BE,day_ahead_price,value,2026-06-23T05:42:01Z
2026-06-23T05:41:39Z,2026-06-23T07:41:39+0200,c1c18315-63b2-412d-a1be-e7c0796f2236,2026-06-17T21:00:00Z,2026-06-17T23:00:00+0200,150.96,EUR/MWh,BE,BE,day_ahead_price,value,2026-06-23T05:42:01Z
2026-06-23T05:41:39Z,2026-06-23T07:41:39+0200,c1c18315-63b2-412d-a1be-e7c0796f2236,2026-06-17T21:15:00Z,2026-06-17T23:15:00+0200,143.91,EUR/MWh,BE,BE,day_ahead_price,value,2026-06-23T05:42:01Z
2026-06-23T05:41:39Z,2026-06-23T07:41:39+0200,c1c18315-63b2-412d-a1be-e7c0796f2236,2026-06-17T21:30:00Z,2026-06-17T23:30:00+0200,138.24,EUR/MWh,BE,BE,day_ahead_price,value,2026-06-23T05:42:01Z
2026-06-23T05:41:39Z,2026-06-23T07:41:39+0200,c1c18315-63b2-412d-a1be-e7c0796f2236,2026-06-17T21:45:00Z,2026-06-17T23:45:00+0200,133.78,EUR/MWh,BE,BE,day_ahead_price,value,2026-06-23T05:42:01Z
2026-06-23T05:41:39Z,2026-06-23T07:41:39+0200,c1c18315-63b2-412d-a1be-e7c0796f2236,2026-06-17T22:00:00Z,2026-06-18T00:00:00+0200,138.98,EUR/MWh,BE,BE,day_ahead_price,value,2026-06-23T05:42:01Z
2026-06-23T05:41:39Z,2026-06-23T07:41:39+0200,c1c18315-63b2-412d-a1be-e7c0796f2236,2026-06-17T22:15:00Z,2026-06-18T00:15:00+0200,132.79,EUR/MWh,BE,BE,day_ahead_price,value,2026-06-23T05:42:01Z
2026-06-23T05:41:39Z,2026-06-23T07:41:39+0200,c1c18315-63b2-412d-a1be-e7c0796f2236,2026-06-17T22:30:00Z,2026-06-18T00:30:00+0200,131.65,EUR/MWh,BE,BE,day_ahead_price,value,2026-06-23T05:42:01Z
2026-06-23T05:41:39Z,2026-06-23T07:41:39+0200,c1c18315-63b2-412d-a1be-e7c0796f2236,2026-06-17T22:45:00Z,2026-06-18T00:45:00+0200,121.86,EUR/MWh,BE,BE,day_ahead_price,value,2026-06-23T05:42:01Z
2026-06-23T05:41:39Z,2026-06-23T07:41:39+0200,c1c18315-63b2-412d-a1be-e7c0796f2236,2026-06-17T23:00:00Z,2026-06-18T01:00:00+0200,126.7,EUR/MWh,BE,BE,day_ahead_price,value,2026-06-23T05:42:01Z
2026-06-23T05:41:39Z,2026-06-23T07:41:39+0200,c1c18315-63b2-412d-a1be-e7c0796f2236,2026-06-17T23:15:00Z,2026-06-18T01:15:00+0200,122.83,EUR/MWh,BE,BE,day_ahead_price,value,2026-06-23T05:42:01Z
2026-06-23T05:41:39Z,2026-06-23T07:41:39+0200,c1c18315-63b2-412d-a1be-e7c0796f2236,2026-06-17T23:30:00Z,2026-06-18T01:30:00+0200,122.89,EUR/MWh,BE,BE,day_ahead_price,value,2026-06-23T05:42:01Z
2026-06-23T05:41:39Z,2026-06-23T07:41:39+0200,c1c18315-63b2-412d-a1be-e7c0796f2236,2026-06-17T23:45:00Z,2026-06-18T01:45:00+0200,120.37,EUR/MWh,BE,BE,day_ahead_price,value,2026-06-23T05:42:01Z
2026-06-23T05:41:39Z,2026-06-23T07:41:39+0200,c1c18315-63b2-412d-a1be-e7c0796f2236,2026-06-18T00:00:00Z,2026-06-18T02:00:00+0200,123.27,EUR/MWh,BE,BE,day_ahead_price,value,2026-06-23T05:42:01Z
2026-06-23T05:41:39Z,2026-06-23T07:41:39+0200,c1c18315-63b2-412d-a1be-e7c0796f2236,2026-06-18T00:15:00Z,2026-06-18T02:15:00+0200,119.76,EUR/MWh,BE,BE,day_ahead_price,value,2026-06-23T05:42:01Z
2026-06-23T05:41:39Z,2026-06-23T07:41:39+0200,c1c18315-63b2-412d-a1be-e7c0796f2236,2026-06-18T00:30:00Z,2026-06-18T02:30:00+0200,118.79,EUR/MWh,BE,BE,day_ahead_price,value,2026-06-23T05:42:01Z
2026-06-23T05:41:39Z,2026-06-23T07:41:39+0200,c1c18315-63b2-412d-a1be-e7c0796f2236,2026-06-18T00:45:00Z,2026-06-18T02:45:00+0200,118.29,EUR/MWh,BE,BE,day_ahead_price,value,2026-06-23T05:42:01Z
2026-06-23T05:41:39Z,2026-06-23T07:41:39+0200,c1c18315-63b2-412d-a1be-e7c0796f2236,2026-06-18T01:00:00Z,2026-06-18T03:00:00+0200,119.65,EUR/MWh,BE,BE,day_ahead_price,value,2026-06-23T05:42:01Z
2026-06-23T05:41:39Z,2026-06-23T07:41:39+0200,c1c18315-63b2-412d-a1be-e7c0796f2236,2026-06-18T01:15:00Z,2026-06-18T03:15:00+0200,116.05,EUR/MWh,BE,BE,day_ahead_price,value,2026-06-23T05:42:01Z
2026-06-23T05:41:39Z,2026-06-23T07:41:39+0200,c1c18315-63b2-412d-a1be-e7c0796f2236,2026-06-18T01:30:00Z,2026-06-18T03:30:00+0200,116.33,EUR/MWh,BE,BE,day_ahead_price,value,2026-06-23T05:42:01Z
2026-06-23T05:41:39Z,2026-06-23T07:41:39+0200,c1c18315-63b2-412d-a1be-e7c0796f2236,2026-06-18T01:45:00Z,2026-06-18T03:45:00+0200,116.64,EUR/MWh,BE,BE,day_ahead_price,value,2026-06-23T05:42:01Z
2026-06-23T05:41:39Z,2026-06-23T07:41:39+0200,c1c18315-63b2-412d-a1be-e7c0796f2236,2026-06-18T02:00:00Z,2026-06-18T04:00:00+0200,115.34,EUR/MWh,BE,BE,day_ahead_price,value,2026-06-23T05:42:01Z
2026-06-23T05:41:39Z,2026-06-23T07:41:39+0200,c1c18315-63b2-412d-a1be-e7c0796f2236,2026-06-18T02:15:00Z,2026-06-18T04:15:00+0200,115.48,EUR/MWh,BE,BE,day_ahead_price,value,2026-06-23T05:42:01Z
2026-06-23T05:41:39Z,2026-06-23T07:41:39+0200,c1c18315-63b2-412d-a1be-e7c0796f2236,2026-06-18T02:30:00Z,2026-06-18T04:30:00+0200,117.25,EUR/MWh,BE,BE,day_ahead_price,value,2026-06-23T05:42:01Z
2026-06-23T05:41:39Z,2026-06-23T07:41:39+0200,c1c18315-63b2-412d-a1be-e7c0796f2236,2026-06-18T02:45:00Z,2026-06-18T04:45:00+0200,118.65,EUR/MWh,BE,BE,day_ahead_price,value,2026-06-23T05:42:01Z
2026-06-23T05:41:39Z,2026-06-23T07:41:39+0200,c1c18315-63b2-412d-a1be-e7c0796f2236,2026-06-18T03:00:00Z,2026-06-18T05:00:00+0200,112.85,EUR/MWh,BE,BE,day_ahead_price,value,2026-06-23T05:42:01Z
2026-06-23T05:41:39Z,2026-06-23T07:41:39+0200,c1c18315-63b2-412d-a1be-e7c0796f2236,2026-06-18T03:15:00Z,2026-06-18T05:15:00+0200,116.29,EUR/MWh,BE,BE,day_ahead_price,value,2026-06-23T05:42:01Z
2026-06-23T05:41:39Z,2026-06-23T07:41:39+0200,c1c18315-63b2-412d-a1be-e7c0796f2236,2026-06-18T03:30:00Z,2026-06-18T05:30:00+0200,119.96,EUR/MWh,BE,BE,day_ahead_price,value,2026-06-23T05:42:01Z
2026-06-23T05:41:39Z,2026-06-23T07:41:39+0200,c1c18315-63b2-412d-a1be-e7c0796f2236,2026-06-18T03:45:00Z,2026-06-18T05:45:00+0200,124.26,EUR/MWh,BE,BE,day_ahead_price,value,2026-06-23T05:42:01Z
2026-06-23T05:41:39Z,2026-06-23T07:41:39+0200,c1c18315-63b2-412d-a1be-e7c0796f2236,2026-06-18T04:00:00Z,2026-06-18T06:00:00+0200,134.0,EUR/MWh,BE,BE,day_ahead_price,value,2026-06-23T05:42:01Z
2026-06-23T05:41:39Z,2026-06-23T07:41:39+0200,c1c18315-63b2-412d-a1be-e7c0796f2236,2026-06-18T04:15:00Z,2026-06-18T06:15:00+0200,128.63,EUR/MWh,BE,BE,day_ahead_price,value,2026-06-23T05:42:01Z
2026-06-23T05:41:39Z,2026-06-23T07:41:39+0200,c1c18315-63b2-412d-a1be-e7c0796f2236,2026-06-18T04:30:00Z,2026-06-18T06:30:00+0200,133.82,EUR/MWh,BE,BE,day_ahead_price,value,2026-06-23T05:42:01Z
2026-06-23T05:41:39Z,2026-06-23T07:41:39+0200,c1c18315-63b2-412d-a1be-e7c0796f2236,2026-06-18T04:45:00Z,2026-06-18T06:45:00+0200,127.03,EUR/MWh,BE,BE,day_ahead_price,value,2026-06-23T05:42:01Z
2026-06-23T05:41:39Z,2026-06-23T07:41:39+0200,c1c18315-63b2-412d-a1be-e7c0796f2236,2026-06-18T05:00:00Z,2026-06-18T07:00:00+0200,142.84,EUR/MWh,BE,BE,day_ahead_price,value,2026-06-23T05:42:01Z
2026-06-23T05:41:39Z,2026-06-23T07:41:39+0200,c1c18315-63b2-412d-a1be-e7c0796f2236,2026-06-18T05:15:00Z,2026-06-18T07:15:00+0200,137.0,EUR/MWh,BE,BE,day_ahead_price,value,2026-06-23T05:42:01Z
2026-06-23T05:41:39Z,2026-06-23T07:41:39+0200,c1c18315-63b2-412d-a1be-e7c0796f2236,2026-06-18T05:30:00Z,2026-06-18T07:30:00+0200,130.28,EUR/MWh,BE,BE,day_ahead_price,value,2026-06-23T05:42:01Z
2026-06-23T05:41:39Z,2026-06-23T07:41:39+0200,c1c18315-63b2-412d-a1be-e7c0796f2236,2026-06-18T05:45:00Z,2026-06-18T07:45:00+0200,120.12,EUR/MWh,BE,BE,day_ahead_price,value,2026-06-23T05:42:01Z
2026-06-23T05:41:39Z,2026-06-23T07:41:39+0200,c1c18315-63b2-412d-a1be-e7c0796f2236,2026-06-18T06:00:00Z,2026-06-18T08:00:00+0200,131.0,EUR/MWh,BE,BE,day_ahead_price,value,2026-06-23T05:42:01Z
2026-06-23T05:41:39Z,2026-06-23T07:41:39+0200,c1c18315-63b2-412d-a1be-e7c0796f2236,2026-06-18T06:15:00Z,2026-06-18T08:15:00+0200,123.6,EUR/MWh,BE,BE,day_ahead_price,value,2026-06-23T05:42:01Z
2026-06-23T05:41:39Z,2026-06-23T07:41:39+0200,c1c18315-63b2-412d-a1be-e7c0796f2236,2026-06-18T06:30:00Z,2026-06-18T08:30:00+0200,117.13,EUR/MWh,BE,BE,day_ahead_price,value,2026-06-23T05:42:01Z
2026-06-23T05:41:39Z,2026-06-23T07:41:39+0200,c1c18315-63b2-412d-a1be-e7c0796f2236,2026-06-18T06:45:00Z,2026-06-18T08:45:00+0200,102.18,EUR/MWh,BE,BE,day_ahead_price,value,2026-06-23T05:42:01Z
2026-06-23T05:41:39Z,2026-06-23T07:41:39+0200,c1c18315-63b2-412d-a1be-e7c0796f2236,2026-06-18T07:00:00Z,2026-06-18T09:00:00+0200,117.0,EUR/MWh,BE,BE,day_ahead_price,value,2026-06-23T05:42:01Z
2026-06-23T05:41:39Z,2026-06-23T07:41:39+0200,c1c18315-63b2-412d-a1be-e7c0796f2236,2026-06-18T07:15:00Z,2026-06-18T09:15:00+0200,107.87,EUR/MWh,BE,BE,day_ahead_price,value,2026-06-23T05:42:01Z
2026-06-23T05:41:39Z,2026-06-23T07:41:39+0200,c1c18315-63b2-412d-a1be-e7c0796f2236,2026-06-18T07:30:00Z,2026-06-18T09:30:00+0200,116.5,EUR/MWh,BE,BE,day_ahead_price,value,2026-06-23T05:42:01Z
2026-06-23T05:41:39Z,2026-06-23T07:41:39+0200,c1c18315-63b2-412d-a1be-e7c0796f2236,2026-06-18T07:45:00Z,2026-06-18T09:45:00+0200,101.69,EUR/MWh,BE,BE,day_ahead_price,value,2026-06-23T05:42:01Z
2026-06-23T05:41:39Z,2026-06-23T07:41:39+0200,c1c18315-63b2-412d-a1be-e7c0796f2236,2026-06-18T08:00:00Z,2026-06-18T10:00:00+0200,130.0,EUR/MWh,BE,BE,day_ahead_price,value,2026-06-23T05:42:01Z
2026-06-23T05:41:39Z,2026-06-23T07:41:39+0200,c1c18315-63b2-412d-a1be-e7c0796f2236,2026-06-18T08:15:00Z,2026-06-18T10:15:00+0200,102.16,EUR/MWh,BE,BE,day_ahead_price,value,2026-06-23T05:42:01Z
2026-06-23T05:41:39Z,2026-06-23T07:41:39+0200,c1c18315-63b2-412d-a1be-e7c0796f2236,2026-06-18T08:30:00Z,2026-06-18T10:30:00+0200,87.21,EUR/MWh,BE,BE,day_ahead_price,value,2026-06-23T05:42:01Z
2026-06-23T05:41:39Z,2026-06-23T07:41:39+0200,c1c18315-63b2-412d-a1be-e7c0796f2236,2026-06-18T08:45:00Z,2026-06-18T10:45:00+0200,49.08,EUR/MWh,BE,BE,day_ahead_price,value,2026-06-23T05:42:01Z
2026-06-23T05:41:39Z,2026-06-23T07:41:39+0200,c1c18315-63b2-412d-a1be-e7c0796f2236,2026-06-18T09:00:00Z,2026-06-18T11:00:00+0200,100.0,EUR/MWh,BE,BE,day_ahead_price,value,2026-06-23T05:42:01Z
2026-06-23T05:41:39Z,2026-06-23T07:41:39+0200,c1c18315-63b2-412d-a1be-e7c0796f2236,2026-06-18T09:15:00Z,2026-06-18T11:15:00+0200,82.76,EUR/MWh,BE,BE,day_ahead_price,value,2026-06-23T05:42:01Z
2026-06-23T05:41:39Z,2026-06-23T07:41:39+0200,c1c18315-63b2-412d-a1be-e7c0796f2236,2026-06-18T09:30:00Z,2026-06-18T11:30:00+0200,51.03,EUR/MWh,BE,BE,day_ahead_price,value,2026-06-23T05:42:01Z
2026-06-23T05:41:39Z,2026-06-23T07:41:39+0200,c1c18315-63b2-412d-a1be-e7c0796f2236,2026-06-18T09:45:00Z,2026-06-18T11:45:00+0200,35.81,EUR/MWh,BE,BE,day_ahead_price,value,2026-06-23T05:42:01Z
2026-06-23T05:41:39Z,2026-06-23T07:41:39+0200,c1c18315-63b2-412d-a1be-e7c0796f2236,2026-06-18T10:00:00Z,2026-06-18T12:00:00+0200,39.95,EUR/MWh,BE,BE,day_ahead_price,value,2026-06-23T05:42:01Z
2026-06-23T05:41:39Z,2026-06-23T07:41:39+0200,c1c18315-63b2-412d-a1be-e7c0796f2236,2026-06-18T10:15:00Z,2026-06-18T12:15:00+0200,28.68,EUR/MWh,BE,BE,day_ahead_price,value,2026-06-23T05:42:01Z
2026-06-23T05:41:39Z,2026-06-23T07:41:39+0200,c1c18315-63b2-412d-a1be-e7c0796f2236,2026-06-18T10:30:00Z,2026-06-18T12:30:00+0200,24.99,EUR/MWh,BE,BE,day_ahead_price,value,2026-06-23T05:42:01Z
2026-06-23T05:41:39Z,2026-06-23T07:41:39+0200,c1c18315-63b2-412d-a1be-e7c0796f2236,2026-06-18T10:45:00Z,2026-06-18T12:45:00+0200,19.37,EUR/MWh,BE,BE,day_ahead_price,value,2026-06-23T05:42:01Z
2026-06-23T05:41:39Z,2026-06-23T07:41:39+0200,c1c18315-63b2-412d-a1be-e7c0796f2236,2026-06-18T11:00:00Z,2026-06-18T13:00:00+0200,27.0,EUR/MWh,BE,BE,day_ahead_price,value,2026-06-23T05:42:01Z
2026-06-23T05:41:39Z,2026-06-23T07:41:39+0200,c1c18315-63b2-412d-a1be-e7c0796f2236,2026-06-18T11:15:00Z,2026-06-18T13:15:00+0200,21.89,EUR/MWh,BE,BE,day_ahead_price,value,2026-06-23T05:42:01Z
2026-06-23T05:41:39Z,2026-06-23T07:41:39+0200,c1c18315-63b2-412d-a1be-e7c0796f2236,2026-06-18T11:30:00Z,2026-06-18T13:30:00+0200,16.28,EUR/MWh,BE,BE,day_ahead_price,value,2026-06-23T05:42:01Z
2026-06-23T05:41:39Z,2026-06-23T07:41:39+0200,c1c18315-63b2-412d-a1be-e7c0796f2236,2026-06-18T11:45:00Z,2026-06-18T13:45:00+0200,11.01,EUR/MWh,BE,BE,day_ahead_price,value,2026-06-23T05:42:01Z
2026-06-23T05:41:39Z,2026-06-23T07:41:39+0200,c1c18315-63b2-412d-a1be-e7c0796f2236,2026-06-18T12:00:00Z,2026-06-18T14:00:00+0200,21.13,EUR/MWh,BE,BE,day_ahead_price,value,2026-06-23T05:42:01Z
2026-06-23T05:41:39Z,2026-06-23T07:41:39+0200,c1c18315-63b2-412d-a1be-e7c0796f2236,2026-06-18T12:15:00Z,2026-06-18T14:15:00+0200,23.76,EUR/MWh,BE,BE,day_ahead_price,value,2026-06-23T05:42:01Z
2026-06-23T05:41:39Z,2026-06-23T07:41:39+0200,c1c18315-63b2-412d-a1be-e7c0796f2236,2026-06-18T12:30:00Z,2026-06-18T14:30:00+0200,26.27,EUR/MWh,BE,BE,day_ahead_price,value,2026-06-23T05:42:01Z
2026-06-23T05:41:39Z,2026-06-23T07:41:39+0200,c1c18315-63b2-412d-a1be-e7c0796f2236,2026-06-18T12:45:00Z,2026-06-18T14:45:00+0200,32.44,EUR/MWh,BE,BE,day_ahead_price,value,2026-06-23T05:42:01Z
2026-06-23T05:41:39Z,2026-06-23T07:41:39+0200,c1c18315-63b2-412d-a1be-e7c0796f2236,2026-06-18T13:00:00Z,2026-06-18T15:00:00+0200,25.0,EUR/MWh,BE,BE,day_ahead_price,value,2026-06-23T05:42:01Z
2026-06-23T05:41:39Z,2026-06-23T07:41:39+0200,c1c18315-63b2-412d-a1be-e7c0796f2236,2026-06-18T13:15:00Z,2026-06-18T15:15:00+0200,42.0,EUR/MWh,BE,BE,day_ahead_price,value,2026-06-23T05:42:01Z
2026-06-23T05:41:39Z,2026-06-23T07:41:39+0200,c1c18315-63b2-412d-a1be-e7c0796f2236,2026-06-18T13:30:00Z,2026-06-18T15:30:00+0200,54.1,EUR/MWh,BE,BE,day_ahead_price,value,2026-06-23T05:42:01Z
2026-06-23T05:41:39Z,2026-06-23T07:41:39+0200,c1c18315-63b2-412d-a1be-e7c0796f2236,2026-06-18T13:45:00Z,2026-06-18T15:45:00+0200,71.29,EUR/MWh,BE,BE,day_ahead_price,value,2026-06-23T05:42:01Z
2026-06-23T05:41:39Z,2026-06-23T07:41:39+0200,c1c18315-63b2-412d-a1be-e7c0796f2236,2026-06-18T14:00:00Z,2026-06-18T16:00:00+0200,46.78,EUR/MWh,BE,BE,day_ahead_price,value,2026-06-23T05:42:01Z
2026-06-23T05:41:39Z,2026-06-23T07:41:39+0200,c1c18315-63b2-412d-a1be-e7c0796f2236,2026-06-18T14:15:00Z,2026-06-18T16:15:00+0200,99.19,EUR/MWh,BE,BE,day_ahead_price,value,2026-06-23T05:42:01Z
2026-06-23T05:41:39Z,2026-06-23T07:41:39+0200,c1c18315-63b2-412d-a1be-e7c0796f2236,2026-06-18T14:30:00Z,2026-06-18T16:30:00+0200,106.13,EUR/MWh,BE,BE,day_ahead_price,value,2026-06-23T05:42:01Z
2026-06-23T05:41:39Z,2026-06-23T07:41:39+0200,c1c18315-63b2-412d-a1be-e7c0796f2236,2026-06-18T14:45:00Z,2026-06-18T16:45:00+0200,104.52,EUR/MWh,BE,BE,day_ahead_price,value,2026-06-23T05:42:01Z
2026-06-23T05:41:39Z,2026-06-23T07:41:39+0200,c1c18315-63b2-412d-a1be-e7c0796f2236,2026-06-18T15:00:00Z,2026-06-18T17:00:00+0200,85.84,EUR/MWh,BE,BE,day_ahead_price,value,2026-06-23T05:42:01Z
2026-06-23T05:41:39Z,2026-06-23T07:41:39+0200,c1c18315-63b2-412d-a1be-e7c0796f2236,2026-06-18T15:15:00Z,2026-06-18T17:15:00+0200,103.43,EUR/MWh,BE,BE,day_ahead_price,value,2026-06-23T05:42:01Z
2026-06-23T05:41:39Z,2026-06-23T07:41:39+0200,c1c18315-63b2-412d-a1be-e7c0796f2236,2026-06-18T15:30:00Z,2026-06-18T17:30:00+0200,119.76,EUR/MWh,BE,BE,day_ahead_price,value,2026-06-23T05:42:01Z
2026-06-23T05:41:39Z,2026-06-23T07:41:39+0200,c1c18315-63b2-412d-a1be-e7c0796f2236,2026-06-18T15:45:00Z,2026-06-18T17:45:00+0200,138.96,EUR/MWh,BE,BE,day_ahead_price,value,2026-06-23T05:42:01Z
2026-06-23T05:41:39Z,2026-06-23T07:41:39+0200,c1c18315-63b2-412d-a1be-e7c0796f2236,2026-06-18T16:00:00Z,2026-06-18T18:00:00+0200,100.6,EUR/MWh,BE,BE,day_ahead_price,value,2026-06-23T05:42:01Z
2026-06-23T05:41:39Z,2026-06-23T07:41:39+0200,c1c18315-63b2-412d-a1be-e7c0796f2236,2026-06-18T16:15:00Z,2026-06-18T18:15:00+0200,125.13,EUR/MWh,BE,BE,day_ahead_price,value,2026-06-23T05:42:01Z
2026-06-23T05:41:39Z,2026-06-23T07:41:39+0200,c1c18315-63b2-412d-a1be-e7c0796f2236,2026-06-18T16:30:00Z,2026-06-18T18:30:00+0200,141.02,EUR/MWh,BE,BE,day_ahead_price,value,2026-06-23T05:42:01Z
2026-06-23T05:41:39Z,2026-06-23T07:41:39+0200,c1c18315-63b2-412d-a1be-e7c0796f2236,2026-06-18T16:45:00Z,2026-06-18T18:45:00+0200,169.82,EUR/MWh,BE,BE,day_ahead_price,value,2026-06-23T05:42:01Z
2026-06-23T05:41:39Z,2026-06-23T07:41:39+0200,c1c18315-63b2-412d-a1be-e7c0796f2236,2026-06-18T17:00:00Z,2026-06-18T19:00:00+0200,147.95,EUR/MWh,BE,BE,day_ahead_price,value,2026-06-23T05:42:01Z
2026-06-23T05:41:39Z,2026-06-23T07:41:39+0200,c1c18315-63b2-412d-a1be-e7c0796f2236,2026-06-18T17:15:00Z,2026-06-18T19:15:00+0200,175.19,EUR/MWh,BE,BE,day_ahead_price,value,2026-06-23T05:42:01Z
2026-06-23T05:41:39Z,2026-06-23T07:41:39+0200,c1c18315-63b2-412d-a1be-e7c0796f2236,2026-06-18T17:30:00Z,2026-06-18T19:30:00+0200,280.07,EUR/MWh,BE,BE,day_ahead_price,value,2026-06-23T05:42:01Z
2026-06-23T05:41:39Z,2026-06-23T07:41:39+0200,c1c18315-63b2-412d-a1be-e7c0796f2236,2026-06-18T17:45:00Z,2026-06-18T19:45:00+0200,418.08,EUR/MWh,BE,BE,day_ahead_price,value,2026-06-23T05:42:01Z
2026-06-23T05:41:39Z,2026-06-23T07:41:39+0200,c1c18315-63b2-412d-a1be-e7c0796f2236,2026-06-18T18:00:00Z,2026-06-18T20:00:00+0200,321.74,EUR/MWh,BE,BE,day_ahead_price,value,2026-06-23T05:42:01Z
2026-06-23T05:41:39Z,2026-06-23T07:41:39+0200,c1c18315-63b2-412d-a1be-e7c0796f2236,2026-06-18T18:15:00Z,2026-06-18T20:15:00+0200,385.18,EUR/MWh,BE,BE,day_ahead_price,value,2026-06-23T05:42:01Z
2026-06-23T05:41:39Z,2026-06-23T07:41:39+0200,c1c18315-63b2-412d-a1be-e7c0796f2236,2026-06-18T18:30:00Z,2026-06-18T20:30:00+0200,498.79,EUR/MWh,BE,BE,day_ahead_price,value,2026-06-23T05:42:01Z
2026-06-23T05:41:39Z,2026-06-23T07:41:39+0200,c1c18315-63b2-412d-a1be-e7c0796f2236,2026-06-18T18:45:00Z,2026-06-18T20:45:00+0200,549.83,EUR/MWh,BE,BE,day_ahead_price,value,2026-06-23T05:42:01Z
2026-06-23T05:41:39Z,2026-06-23T07:41:39+0200,c1c18315-63b2-412d-a1be-e7c0796f2236,2026-06-18T19:00:00Z,2026-06-18T21:00:00+0200,535.04,EUR/MWh,BE,BE,day_ahead_price,value,2026-06-23T05:42:01Z
2026-06-23T05:41:39Z,2026-06-23T07:41:39+0200,c1c18315-63b2-412d-a1be-e7c0796f2236,2026-06-18T19:15:00Z,2026-06-18T21:15:00+0200,505.73,EUR/MWh,BE,BE,day_ahead_price,value,2026-06-23T05:42:01Z
2026-06-23T05:41:39Z,2026-06-23T07:41:39+0200,c1c18315-63b2-412d-a1be-e7c0796f2236,2026-06-18T19:30:00Z,2026-06-18T21:30:00+0200,393.26,EUR/MWh,BE,BE,day_ahead_price,value,2026-06-23T05:42:01Z
2026-06-23T05:41:39Z,2026-06-23T07:41:39+0200,c1c18315-63b2-412d-a1be-e7c0796f2236,2026-06-18T19:45:00Z,2026-06-18T21:45:00+0200,349.37,EUR/MWh,BE,BE,day_ahead_price,value,2026-06-23T05:42:01Z
2026-06-23T05:41:39Z,2026-06-23T07:41:39+0200,c1c18315-63b2-412d-a1be-e7c0796f2236,2026-06-18T20:00:00Z,2026-06-18T22:00:00+0200,405.79,EUR/MWh,BE,BE,day_ahead_price,value,2026-06-23T05:42:01Z
2026-06-23T05:41:39Z,2026-06-23T07:41:39+0200,c1c18315-63b2-412d-a1be-e7c0796f2236,2026-06-18T20:15:00Z,2026-06-18T22:15:00+0200,300.0,EUR/MWh,BE,BE,day_ahead_price,value,2026-06-23T05:42:01Z
2026-06-23T05:41:39Z,2026-06-23T07:41:39+0200,c1c18315-63b2-412d-a1be-e7c0796f2236,2026-06-18T20:30:00Z,2026-06-18T22:30:00+0200,198.07,EUR/MWh,BE,BE,day_ahead_price,value,2026-06-23T05:42:01Z
2026-06-23T05:41:39Z,2026-06-23T07:41:39+0200,c1c18315-63b2-412d-a1be-e7c0796f2236,2026-06-18T20:45:00Z,2026-06-18T22:45:00+0200,164.69,EUR/MWh,BE,BE,day_ahead_price,value,2026-06-23T05:42:01Z
2026-06-23T05:41:39Z,2026-06-23T07:41:39+0200,c1c18315-63b2-412d-a1be-e7c0796f2236,2026-06-18T21:00:00Z,2026-06-18T23:00:00+0200,188.33,EUR/MWh,BE,BE,day_ahead_price,value,2026-06-23T05:42:01Z
2026-06-23T05:41:39Z,2026-06-23T07:41:39+0200,c1c18315-63b2-412d-a1be-e7c0796f2236,2026-06-18T21:15:00Z,2026-06-18T23:15:00+0200,163.59,EUR/MWh,BE,BE,day_ahead_price,value,2026-06-23T05:42:01Z
2026-06-23T05:41:39Z,2026-06-23T07:41:39+0200,c1c18315-63b2-412d-a1be-e7c0796f2236,2026-06-18T21:30:00Z,2026-06-18T23:30:00+0200,155.53,EUR/MWh,BE,BE,day_ahead_price,value,2026-06-23T05:42:01Z
2026-06-23T05:41:39Z,2026-06-23T07:41:39+0200,c1c18315-63b2-412d-a1be-e7c0796f2236,2026-06-18T21:45:00Z,2026-06-18T23:45:00+0200,146.56,EUR/MWh,BE,BE,day_ahead_price,value,2026-06-23T05:42:01Z
2026-06-23T05:41:39Z,2026-06-23T07:41:39+0200,c1c18315-63b2-412d-a1be-e7c0796f2236,2026-06-18T22:00:00Z,2026-06-19T00:00:00+0200,154.92,EUR/MWh,BE,BE,day_ahead_price,value,2026-06-23T05:42:01Z
2026-06-23T05:41:39Z,2026-06-23T07:41:39+0200,c1c18315-63b2-412d-a1be-e7c0796f2236,2026-06-18T22:15:00Z,2026-06-19T00:15:00+0200,148.75,EUR/MWh,BE,BE,day_ahead_price,value,2026-06-23T05:42:01Z
2026-06-23T05:41:39Z,2026-06-23T07:41:39+0200,c1c18315-63b2-412d-a1be-e7c0796f2236,2026-06-18T22:30:00Z,2026-06-19T00:30:00+0200,144.53,EUR/MWh,BE,BE,day_ahead_price,value,2026-06-23T05:42:01Z
2026-06-23T05:41:39Z,2026-06-23T07:41:39+0200,c1c18315-63b2-412d-a1be-e7c0796f2236,2026-06-18T22:45:00Z,2026-06-19T00:45:00+0200,140.8,EUR/MWh,BE,BE,day_ahead_price,value,2026-06-23T05:42:01Z
2026-06-23T05:41:39Z,2026-06-23T07:41:39+0200,c1c18315-63b2-412d-a1be-e7c0796f2236,2026-06-18T23:00:00Z,2026-06-19T01:00:00+0200,142.3,EUR/MWh,BE,BE,day_ahead_price,value,2026-06-23T05:42:01Z
2026-06-23T05:41:39Z,2026-06-23T07:41:39+0200,c1c18315-63b2-412d-a1be-e7c0796f2236,2026-06-18T23:15:00Z,2026-06-19T01:15:00+0200,136.0,EUR/MWh,BE,BE,day_ahead_price,value,2026-06-23T05:42:01Z
2026-06-23T05:41:39Z,2026-06-23T07:41:39+0200,c1c18315-63b2-412d-a1be-e7c0796f2236,2026-06-18T23:30:00Z,2026-06-19T01:30:00+0200,128.53,EUR/MWh,BE,BE,day_ahead_price,value,2026-06-23T05:42:01Z
2026-06-23T05:41:39Z,2026-06-23T07:41:39+0200,c1c18315-63b2-412d-a1be-e7c0796f2236,2026-06-18T23:45:00Z,2026-06-19T01:45:00+0200,123.91,EUR/MWh,BE,BE,day_ahead_price,value,2026-06-23T05:42:01Z
2026-06-23T05:41:39Z,2026-06-23T07:41:39+0200,c1c18315-63b2-412d-a1be-e7c0796f2236,2026-06-19T00:00:00Z,2026-06-19T02:00:00+0200,128.94,EUR/MWh,BE,BE,day_ahead_price,value,2026-06-23T05:42:01Z
2026-06-23T05:41:39Z,2026-06-23T07:41:39+0200,c1c18315-63b2-412d-a1be-e7c0796f2236,2026-06-19T00:15:00Z,2026-06-19T02:15:00+0200,122.64,EUR/MWh,BE,BE,day_ahead_price,value,2026-06-23T05:42:01Z
2026-06-23T05:41:39Z,2026-06-23T07:41:39+0200,c1c18315-63b2-412d-a1be-e7c0796f2236,2026-06-19T00:30:00Z,2026-06-19T02:30:00+0200,119.91,EUR/MWh,BE,BE,day_ahead_price,value,2026-06-23T05:42:01Z
2026-06-23T05:41:39Z,2026-06-23T07:41:39+0200,c1c18315-63b2-412d-a1be-e7c0796f2236,2026-06-19T00:45:00Z,2026-06-19T02:45:00+0200,118.15,EUR/MWh,BE,BE,day_ahead_price,value,2026-06-23T05:42:01Z
2026-06-23T05:41:39Z,2026-06-23T07:41:39+0200,c1c18315-63b2-412d-a1be-e7c0796f2236,2026-06-19T01:00:00Z,2026-06-19T03:00:00+0200,120.42,EUR/MWh,BE,BE,day_ahead_price,value,2026-06-23T05:42:01Z
2026-06-23T05:41:39Z,2026-06-23T07:41:39+0200,c1c18315-63b2-412d-a1be-e7c0796f2236,2026-06-19T01:15:00Z,2026-06-19T03:15:00+0200,118.73,EUR/MWh,BE,BE,day_ahead_price,value,2026-06-23T05:42:01Z
2026-06-23T05:41:39Z,2026-06-23T07:41:39+0200,c1c18315-63b2-412d-a1be-e7c0796f2236,2026-06-19T01:30:00Z,2026-06-19T03:30:00+0200,118.33,EUR/MWh,BE,BE,day_ahead_price,value,2026-06-23T05:42:01Z
2026-06-23T05:41:39Z,2026-06-23T07:41:39+0200,c1c18315-63b2-412d-a1be-e7c0796f2236,2026-06-19T01:45:00Z,2026-06-19T03:45:00+0200,116.66,EUR/MWh,BE,BE,day_ahead_price,value,2026-06-23T05:42:01Z
2026-06-23T05:41:39Z,2026-06-23T07:41:39+0200,c1c18315-63b2-412d-a1be-e7c0796f2236,2026-06-19T02:00:00Z,2026-06-19T04:00:00+0200,114.54,EUR/MWh,BE,BE,day_ahead_price,value,2026-06-23T05:42:01Z
2026-06-23T05:41:39Z,2026-06-23T07:41:39+0200,c1c18315-63b2-412d-a1be-e7c0796f2236,2026-06-19T02:15:00Z,2026-06-19T04:15:00+0200,114.09,EUR/MWh,BE,BE,day_ahead_price,value,2026-06-23T05:42:01Z
2026-06-23T05:41:39Z,2026-06-23T07:41:39+0200,c1c18315-63b2-412d-a1be-e7c0796f2236,2026-06-19T02:30:00Z,2026-06-19T04:30:00+0200,114.27,EUR/MWh,BE,BE,day_ahead_price,value,2026-06-23T05:42:01Z
2026-06-23T05:41:39Z,2026-06-23T07:41:39+0200,c1c18315-63b2-412d-a1be-e7c0796f2236,2026-06-19T02:45:00Z,2026-06-19T04:45:00+0200,114.74,EUR/MWh,BE,BE,day_ahead_price,value,2026-06-23T05:42:01Z
2026-06-23T05:41:39Z,2026-06-23T07:41:39+0200,c1c18315-63b2-412d-a1be-e7c0796f2236,2026-06-19T03:00:00Z,2026-06-19T05:00:00+0200,115.36,EUR/MWh,BE,BE,day_ahead_price,value,2026-06-23T05:42:01Z
2026-06-23T05:41:39Z,2026-06-23T07:41:39+0200,c1c18315-63b2-412d-a1be-e7c0796f2236,2026-06-19T03:15:00Z,2026-06-19T05:15:00+0200,117.56,EUR/MWh,BE,BE,day_ahead_price,value,2026-06-23T05:42:01Z
2026-06-23T05:41:39Z,2026-06-23T07:41:39+0200,c1c18315-63b2-412d-a1be-e7c0796f2236,2026-06-19T03:30:00Z,2026-06-19T05:30:00+0200,117.1,EUR/MWh,BE,BE,day_ahead_price,value,2026-06-23T05:42:01Z
2026-06-23T05:41:39Z,2026-06-23T07:41:39+0200,c1c18315-63b2-412d-a1be-e7c0796f2236,2026-06-19T03:45:00Z,2026-06-19T05:45:00+0200,122.93,EUR/MWh,BE,BE,day_ahead_price,value,2026-06-23T05:42:01Z
2026-06-23T05:41:39Z,2026-06-23T07:41:39+0200,c1c18315-63b2-412d-a1be-e7c0796f2236,2026-06-19T04:00:00Z,2026-06-19T06:00:00+0200,143.56,EUR/MWh,BE,BE,day_ahead_price,value,2026-06-23T05:42:01Z
2026-06-23T05:41:39Z,2026-06-23T07:41:39+0200,c1c18315-63b2-412d-a1be-e7c0796f2236,2026-06-19T04:15:00Z,2026-06-19T06:15:00+0200,132.47,EUR/MWh,BE,BE,day_ahead_price,value,2026-06-23T05:42:01Z
2026-06-23T05:41:39Z,2026-06-23T07:41:39+0200,c1c18315-63b2-412d-a1be-e7c0796f2236,2026-06-19T04:30:00Z,2026-06-19T06:30:00+0200,131.52,EUR/MWh,BE,BE,day_ahead_price,value,2026-06-23T05:42:01Z
2026-06-23T05:41:39Z,2026-06-23T07:41:39+0200,c1c18315-63b2-412d-a1be-e7c0796f2236,2026-06-19T04:45:00Z,2026-06-19T06:45:00+0200,130.92,EUR/MWh,BE,BE,day_ahead_price,value,2026-06-23T05:42:01Z
2026-06-23T05:41:39Z,2026-06-23T07:41:39+0200,c1c18315-63b2-412d-a1be-e7c0796f2236,2026-06-19T05:00:00Z,2026-06-19T07:00:00+0200,139.87,EUR/MWh,BE,BE,day_ahead_price,value,2026-06-23T05:42:01Z
2026-06-23T05:41:39Z,2026-06-23T07:41:39+0200,c1c18315-63b2-412d-a1be-e7c0796f2236,2026-06-19T05:15:00Z,2026-06-19T07:15:00+0200,136.27,EUR/MWh,BE,BE,day_ahead_price,value,2026-06-23T05:42:01Z
2026-06-23T05:41:39Z,2026-06-23T07:41:39+0200,c1c18315-63b2-412d-a1be-e7c0796f2236,2026-06-19T05:30:00Z,2026-06-19T07:30:00+0200,123.14,EUR/MWh,BE,BE,day_ahead_price,value,2026-06-23T05:42:01Z
2026-06-23T05:41:39Z,2026-06-23T07:41:39+0200,c1c18315-63b2-412d-a1be-e7c0796f2236,2026-06-19T05:45:00Z,2026-06-19T07:45:00+0200,110.48,EUR/MWh,BE,BE,day_ahead_price,value,2026-06-23T05:42:01Z
2026-06-23T05:41:39Z,2026-06-23T07:41:39+0200,c1c18315-63b2-412d-a1be-e7c0796f2236,2026-06-19T06:00:00Z,2026-06-19T08:00:00+0200,126.43,EUR/MWh,BE,BE,day_ahead_price,value,2026-06-23T05:42:01Z
2026-06-23T05:41:39Z,2026-06-23T07:41:39+0200,c1c18315-63b2-412d-a1be-e7c0796f2236,2026-06-19T06:15:00Z,2026-06-19T08:15:00+0200,116.3,EUR/MWh,BE,BE,day_ahead_price,value,2026-06-23T05:42:01Z
2026-06-23T05:41:39Z,2026-06-23T07:41:39+0200,c1c18315-63b2-412d-a1be-e7c0796f2236,2026-06-19T06:30:00Z,2026-06-19T08:30:00+0200,122.0,EUR/MWh,BE,BE,day_ahead_price,value,2026-06-23T05:42:01Z
2026-06-23T05:41:39Z,2026-06-23T07:41:39+0200,c1c18315-63b2-412d-a1be-e7c0796f2236,2026-06-19T06:45:00Z,2026-06-19T08:45:00+0200,115.0,EUR/MWh,BE,BE,day_ahead_price,value,2026-06-23T05:42:01Z
2026-06-23T05:41:39Z,2026-06-23T07:41:39+0200,c1c18315-63b2-412d-a1be-e7c0796f2236,2026-06-19T07:00:00Z,2026-06-19T09:00:00+0200,124.83,EUR/MWh,BE,BE,day_ahead_price,value,2026-06-23T05:42:01Z
2026-06-23T05:41:39Z,2026-06-23T07:41:39+0200,c1c18315-63b2-412d-a1be-e7c0796f2236,2026-06-19T07:15:00Z,2026-06-19T09:15:00+0200,126.81,EUR/MWh,BE,BE,day_ahead_price,value,2026-06-23T05:42:01Z
2026-06-23T05:41:39Z,2026-06-23T07:41:39+0200,c1c18315-63b2-412d-a1be-e7c0796f2236,2026-06-19T07:30:00Z,2026-06-19T09:30:00+0200,107.84,EUR/MWh,BE,BE,day_ahead_price,value,2026-06-23T05:42:01Z
2026-06-23T05:41:39Z,2026-06-23T07:41:39+0200,c1c18315-63b2-412d-a1be-e7c0796f2236,2026-06-19T07:45:00Z,2026-06-19T09:45:00+0200,110.67,EUR/MWh,BE,BE,day_ahead_price,value,2026-06-23T05:42:01Z
2026-06-23T05:41:39Z,2026-06-23T07:41:39+0200,c1c18315-63b2-412d-a1be-e7c0796f2236,2026-06-19T08:00:00Z,2026-06-19T10:00:00+0200,120.59,EUR/MWh,BE,BE,day_ahead_price,value,2026-06-23T05:42:01Z
2026-06-23T05:41:39Z,2026-06-23T07:41:39+0200,c1c18315-63b2-412d-a1be-e7c0796f2236,2026-06-19T08:15:00Z,2026-06-19T10:15:00+0200,120.8,EUR/MWh,BE,BE,day_ahead_price,value,2026-06-23T05:42:01Z
2026-06-23T05:41:39Z,2026-06-23T07:41:39+0200,c1c18315-63b2-412d-a1be-e7c0796f2236,2026-06-19T08:30:00Z,2026-06-19T10:30:00+0200,98.25,EUR/MWh,BE,BE,day_ahead_price,value,2026-06-23T05:42:01Z
2026-06-23T05:41:39Z,2026-06-23T07:41:39+0200,c1c18315-63b2-412d-a1be-e7c0796f2236,2026-06-19T08:45:00Z,2026-06-19T10:45:00+0200,69.6,EUR/MWh,BE,BE,day_ahead_price,value,2026-06-23T05:42:01Z
2026-06-23T05:41:39Z,2026-06-23T07:41:39+0200,c1c18315-63b2-412d-a1be-e7c0796f2236,2026-06-19T09:00:00Z,2026-06-19T11:00:00+0200,63.65,EUR/MWh,BE,BE,day_ahead_price,value,2026-06-23T05:42:01Z
2026-06-23T05:41:39Z,2026-06-23T07:41:39+0200,c1c18315-63b2-412d-a1be-e7c0796f2236,2026-06-19T09:15:00Z,2026-06-19T11:15:00+0200,40.62,EUR/MWh,BE,BE,day_ahead_price,value,2026-06-23T05:42:01Z
2026-06-23T05:41:39Z,2026-06-23T07:41:39+0200,c1c18315-63b2-412d-a1be-e7c0796f2236,2026-06-19T09:30:00Z,2026-06-19T11:30:00+0200,28.46,EUR/MWh,BE,BE,day_ahead_price,value,2026-06-23T05:42:01Z
2026-06-23T05:41:39Z,2026-06-23T07:41:39+0200,c1c18315-63b2-412d-a1be-e7c0796f2236,2026-06-19T09:45:00Z,2026-06-19T11:45:00+0200,11.0,EUR/MWh,BE,BE,day_ahead_price,value,2026-06-23T05:42:01Z
2026-06-23T05:41:39Z,2026-06-23T07:41:39+0200,c1c18315-63b2-412d-a1be-e7c0796f2236,2026-06-19T10:00:00Z,2026-06-19T12:00:00+0200,21.8,EUR/MWh,BE,BE,day_ahead_price,value,2026-06-23T05:42:01Z
2026-06-23T05:41:39Z,2026-06-23T07:41:39+0200,c1c18315-63b2-412d-a1be-e7c0796f2236,2026-06-19T10:15:00Z,2026-06-19T12:15:00+0200,14.01,EUR/MWh,BE,BE,day_ahead_price,value,2026-06-23T05:42:01Z
2026-06-23T05:41:39Z,2026-06-23T07:41:39+0200,c1c18315-63b2-412d-a1be-e7c0796f2236,2026-06-19T10:30:00Z,2026-06-19T12:30:00+0200,14.2,EUR/MWh,BE,BE,day_ahead_price,value,2026-06-23T05:42:01Z
2026-06-23T05:41:39Z,2026-06-23T07:41:39+0200,c1c18315-63b2-412d-a1be-e7c0796f2236,2026-06-19T10:45:00Z,2026-06-19T12:45:00+0200,9.99,EUR/MWh,BE,BE,day_ahead_price,value,2026-06-23T05:42:01Z
2026-06-23T05:41:39Z,2026-06-23T07:41:39+0200,c1c18315-63b2-412d-a1be-e7c0796f2236,2026-06-19T11:00:00Z,2026-06-19T13:00:00+0200,12.97,EUR/MWh,BE,BE,day_ahead_price,value,2026-06-23T05:42:01Z
2026-06-23T05:41:39Z,2026-06-23T07:41:39+0200,c1c18315-63b2-412d-a1be-e7c0796f2236,2026-06-19T11:15:00Z,2026-06-19T13:15:00+0200,10.31,EUR/MWh,BE,BE,day_ahead_price,value,2026-06-23T05:42:01Z
2026-06-23T05:41:39Z,2026-06-23T07:41:39+0200,c1c18315-63b2-412d-a1be-e7c0796f2236,2026-06-19T11:30:00Z,2026-06-19T13:30:00+0200,19.28,EUR/MWh,BE,BE,day_ahead_price,value,2026-06-23T05:42:01Z
2026-06-23T05:41:39Z,2026-06-23T07:41:39+0200,c1c18315-63b2-412d-a1be-e7c0796f2236,2026-06-19T11:45:00Z,2026-06-19T13:45:00+0200,16.46,EUR/MWh,BE,BE,day_ahead_price,value,2026-06-23T05:42:01Z
2026-06-23T05:41:39Z,2026-06-23T07:41:39+0200,c1c18315-63b2-412d-a1be-e7c0796f2236,2026-06-19T12:00:00Z,2026-06-19T14:00:00+0200,11.4,EUR/MWh,BE,BE,day_ahead_price,value,2026-06-23T05:42:01Z
2026-06-23T05:41:39Z,2026-06-23T07:41:39+0200,c1c18315-63b2-412d-a1be-e7c0796f2236,2026-06-19T12:15:00Z,2026-06-19T14:15:00+0200,14.53,EUR/MWh,BE,BE,day_ahead_price,value,2026-06-23T05:42:01Z
2026-06-23T05:41:39Z,2026-06-23T07:41:39+0200,c1c18315-63b2-412d-a1be-e7c0796f2236,2026-06-19T12:30:00Z,2026-06-19T14:30:00+0200,17.89,EUR/MWh,BE,BE,day_ahead_price,value,2026-06-23T05:42:01Z
2026-06-23T05:41:39Z,2026-06-23T07:41:39+0200,c1c18315-63b2-412d-a1be-e7c0796f2236,2026-06-19T12:45:00Z,2026-06-19T14:45:00+0200,34.44,EUR/MWh,BE,BE,day_ahead_price,value,2026-06-23T05:42:01Z
2026-06-23T05:41:39Z,2026-06-23T07:41:39+0200,c1c18315-63b2-412d-a1be-e7c0796f2236,2026-06-19T13:00:00Z,2026-06-19T15:00:00+0200,18.74,EUR/MWh,BE,BE,day_ahead_price,value,2026-06-23T05:42:01Z
2026-06-23T05:41:39Z,2026-06-23T07:41:39+0200,c1c18315-63b2-412d-a1be-e7c0796f2236,2026-06-19T13:15:00Z,2026-06-19T15:15:00+0200,39.4,EUR/MWh,BE,BE,day_ahead_price,value,2026-06-23T05:42:01Z
2026-06-23T05:41:39Z,2026-06-23T07:41:39+0200,c1c18315-63b2-412d-a1be-e7c0796f2236,2026-06-19T13:30:00Z,2026-06-19T15:30:00+0200,79.88,EUR/MWh,BE,BE,day_ahead_price,value,2026-06-23T05:42:01Z
2026-06-23T05:41:39Z,2026-06-23T07:41:39+0200,c1c18315-63b2-412d-a1be-e7c0796f2236,2026-06-19T13:45:00Z,2026-06-19T15:45:00+0200,110.71,EUR/MWh,BE,BE,day_ahead_price,value,2026-06-23T05:42:01Z
2026-06-23T05:41:39Z,2026-06-23T07:41:39+0200,c1c18315-63b2-412d-a1be-e7c0796f2236,2026-06-19T14:00:00Z,2026-06-19T16:00:00+0200,94.86,EUR/MWh,BE,BE,day_ahead_price,value,2026-06-23T05:42:01Z
2026-06-23T05:41:39Z,2026-06-23T07:41:39+0200,c1c18315-63b2-412d-a1be-e7c0796f2236,2026-06-19T14:15:00Z,2026-06-19T16:15:00+0200,114.12,EUR/MWh,BE,BE,day_ahead_price,value,2026-06-23T05:42:01Z
2026-06-23T05:41:39Z,2026-06-23T07:41:39+0200,c1c18315-63b2-412d-a1be-e7c0796f2236,2026-06-19T14:30:00Z,2026-06-19T16:30:00+0200,120.0,EUR/MWh,BE,BE,day_ahead_price,value,2026-06-23T05:42:01Z
2026-06-23T05:41:39Z,2026-06-23T07:41:39+0200,c1c18315-63b2-412d-a1be-e7c0796f2236,2026-06-19T14:45:00Z,2026-06-19T16:45:00+0200,129.14,EUR/MWh,BE,BE,day_ahead_price,value,2026-06-23T05:42:01Z
2026-06-23T05:41:39Z,2026-06-23T07:41:39+0200,c1c18315-63b2-412d-a1be-e7c0796f2236,2026-06-19T15:00:00Z,2026-06-19T17:00:00+0200,114.01,EUR/MWh,BE,BE,day_ahead_price,value,2026-06-23T05:42:01Z
2026-06-23T05:41:39Z,2026-06-23T07:41:39+0200,c1c18315-63b2-412d-a1be-e7c0796f2236,2026-06-19T15:15:00Z,2026-06-19T17:15:00+0200,110.1,EUR/MWh,BE,BE,day_ahead_price,value,2026-06-23T05:42:01Z
2026-06-23T05:41:39Z,2026-06-23T07:41:39+0200,c1c18315-63b2-412d-a1be-e7c0796f2236,2026-06-19T15:30:00Z,2026-06-19T17:30:00+0200,120.33,EUR/MWh,BE,BE,day_ahead_price,value,2026-06-23T05:42:01Z
2026-06-23T05:41:39Z,2026-06-23T07:41:39+0200,c1c18315-63b2-412d-a1be-e7c0796f2236,2026-06-19T15:45:00Z,2026-06-19T17:45:00+0200,129.57,EUR/MWh,BE,BE,day_ahead_price,value,2026-06-23T05:42:01Z
2026-06-23T05:41:39Z,2026-06-23T07:41:39+0200,c1c18315-63b2-412d-a1be-e7c0796f2236,2026-06-19T16:00:00Z,2026-06-19T18:00:00+0200,105.78,EUR/MWh,BE,BE,day_ahead_price,value,2026-06-23T05:42:01Z
2026-06-23T05:41:39Z,2026-06-23T07:41:39+0200,c1c18315-63b2-412d-a1be-e7c0796f2236,2026-06-19T16:15:00Z,2026-06-19T18:15:00+0200,117.87,EUR/MWh,BE,BE,day_ahead_price,value,2026-06-23T05:42:01Z
2026-06-23T05:41:39Z,2026-06-23T07:41:39+0200,c1c18315-63b2-412d-a1be-e7c0796f2236,2026-06-19T16:30:00Z,2026-06-19T18:30:00+0200,130.83,EUR/MWh,BE,BE,day_ahead_price,value,2026-06-23T05:42:01Z
2026-06-23T05:41:39Z,2026-06-23T07:41:39+0200,c1c18315-63b2-412d-a1be-e7c0796f2236,2026-06-19T16:45:00Z,2026-06-19T18:45:00+0200,151.48,EUR/MWh,BE,BE,day_ahead_price,value,2026-06-23T05:42:01Z
2026-06-23T05:41:39Z,2026-06-23T07:41:39+0200,c1c18315-63b2-412d-a1be-e7c0796f2236,2026-06-19T17:00:00Z,2026-06-19T19:00:00+0200,136.83,EUR/MWh,BE,BE,day_ahead_price,value,2026-06-23T05:42:01Z
2026-06-23T05:41:39Z,2026-06-23T07:41:39+0200,c1c18315-63b2-412d-a1be-e7c0796f2236,2026-06-19T17:15:00Z,2026-06-19T19:15:00+0200,147.79,EUR/MWh,BE,BE,day_ahead_price,value,2026-06-23T05:42:01Z
2026-06-23T05:41:39Z,2026-06-23T07:41:39+0200,c1c18315-63b2-412d-a1be-e7c0796f2236,2026-06-19T17:30:00Z,2026-06-19T19:30:00+0200,172.06,EUR/MWh,BE,BE,day_ahead_price,value,2026-06-23T05:42:01Z
2026-06-23T05:41:39Z,2026-06-23T07:41:39+0200,c1c18315-63b2-412d-a1be-e7c0796f2236,2026-06-19T17:45:00Z,2026-06-19T19:45:00+0200,194.7,EUR/MWh,BE,BE,day_ahead_price,value,2026-06-23T05:42:01Z
2026-06-23T05:41:39Z,2026-06-23T07:41:39+0200,c1c18315-63b2-412d-a1be-e7c0796f2236,2026-06-19T18:00:00Z,2026-06-19T20:00:00+0200,190.0,EUR/MWh,BE,BE,day_ahead_price,value,2026-06-23T05:42:01Z
2026-06-23T05:41:39Z,2026-06-23T07:41:39+0200,c1c18315-63b2-412d-a1be-e7c0796f2236,2026-06-19T18:15:00Z,2026-06-19T20:15:00+0200,202.65,EUR/MWh,BE,BE,day_ahead_price,value,2026-06-23T05:42:01Z
2026-06-23T05:41:39Z,2026-06-23T07:41:39+0200,c1c18315-63b2-412d-a1be-e7c0796f2236,2026-06-19T18:30:00Z,2026-06-19T20:30:00+0200,210.71,EUR/MWh,BE,BE,day_ahead_price,value,2026-06-23T05:42:01Z
2026-06-23T05:41:39Z,2026-06-23T07:41:39+0200,c1c18315-63b2-412d-a1be-e7c0796f2236,2026-06-19T18:45:00Z,2026-06-19T20:45:00+0200,215.84,EUR/MWh,BE,BE,day_ahead_price,value,2026-06-23T05:42:01Z
2026-06-23T05:41:39Z,2026-06-23T07:41:39+0200,c1c18315-63b2-412d-a1be-e7c0796f2236,2026-06-19T19:00:00Z,2026-06-19T21:00:00+0200,204.45,EUR/MWh,BE,BE,day_ahead_price,value,2026-06-23T05:42:01Z
2026-06-23T05:41:39Z,2026-06-23T07:41:39+0200,c1c18315-63b2-412d-a1be-e7c0796f2236,2026-06-19T19:15:00Z,2026-06-19T21:15:00+0200,198.12,EUR/MWh,BE,BE,day_ahead_price,value,2026-06-23T05:42:01Z
2026-06-23T05:41:39Z,2026-06-23T07:41:39+0200,c1c18315-63b2-412d-a1be-e7c0796f2236,2026-06-19T19:30:00Z,2026-06-19T21:30:00+0200,186.36,EUR/MWh,BE,BE,day_ahead_price,value,2026-06-23T05:42:01Z
2026-06-23T05:41:39Z,2026-06-23T07:41:39+0200,c1c18315-63b2-412d-a1be-e7c0796f2236,2026-06-19T19:45:00Z,2026-06-19T21:45:00+0200,182.27,EUR/MWh,BE,BE,day_ahead_price,value,2026-06-23T05:42:01Z
2026-06-23T05:41:39Z,2026-06-23T07:41:39+0200,c1c18315-63b2-412d-a1be-e7c0796f2236,2026-06-19T20:00:00Z,2026-06-19T22:00:00+0200,174.44,EUR/MWh,BE,BE,day_ahead_price,value,2026-06-23T05:42:01Z
2026-06-23T05:41:39Z,2026-06-23T07:41:39+0200,c1c18315-63b2-412d-a1be-e7c0796f2236,2026-06-19T20:15:00Z,2026-06-19T22:15:00+0200,164.0,EUR/MWh,BE,BE,day_ahead_price,value,2026-06-23T05:42:01Z
2026-06-23T05:41:39Z,2026-06-23T07:41:39+0200,c1c18315-63b2-412d-a1be-e7c0796f2236,2026-06-19T20:30:00Z,2026-06-19T22:30:00+0200,150.14,EUR/MWh,BE,BE,day_ahead_price,value,2026-06-23T05:42:01Z
2026-06-23T05:41:39Z,2026-06-23T07:41:39+0200,c1c18315-63b2-412d-a1be-e7c0796f2236,2026-06-19T20:45:00Z,2026-06-19T22:45:00+0200,147.42,EUR/MWh,BE,BE,day_ahead_price,value,2026-06-23T05:42:01Z
2026-06-23T05:41:39Z,2026-06-23T07:41:39+0200,c1c18315-63b2-412d-a1be-e7c0796f2236,2026-06-19T21:00:00Z,2026-06-19T23:00:00+0200,148.02,EUR/MWh,BE,BE,day_ahead_price,value,2026-06-23T05:42:01Z
2026-06-23T05:41:39Z,2026-06-23T07:41:39+0200,c1c18315-63b2-412d-a1be-e7c0796f2236,2026-06-19T21:15:00Z,2026-06-19T23:15:00+0200,141.63,EUR/MWh,BE,BE,day_ahead_price,value,2026-06-23T05:42:01Z
2026-06-23T05:41:39Z,2026-06-23T07:41:39+0200,c1c18315-63b2-412d-a1be-e7c0796f2236,2026-06-19T21:30:00Z,2026-06-19T23:30:00+0200,133.63,EUR/MWh,BE,BE,day_ahead_price,value,2026-06-23T05:42:01Z
2026-06-23T05:41:39Z,2026-06-23T07:41:39+0200,c1c18315-63b2-412d-a1be-e7c0796f2236,2026-06-19T21:45:00Z,2026-06-19T23:45:00+0200,126.6,EUR/MWh,BE,BE,day_ahead_price,value,2026-06-23T05:42:01Z
2026-06-23T05:41:39Z,2026-06-23T07:41:39+0200,c1c18315-63b2-412d-a1be-e7c0796f2236,2026-06-19T22:00:00Z,2026-06-20T00:00:00+0200,141.0,EUR/MWh,BE,BE,day_ahead_price,value,2026-06-23T05:42:01Z
2026-06-23T05:41:39Z,2026-06-23T07:41:39+0200,c1c18315-63b2-412d-a1be-e7c0796f2236,2026-06-19T22:15:00Z,2026-06-20T00:15:00+0200,132.49,EUR/MWh,BE,BE,day_ahead_price,value,2026-06-23T05:42:01Z
2026-06-23T05:41:39Z,2026-06-23T07:41:39+0200,c1c18315-63b2-412d-a1be-e7c0796f2236,2026-06-19T22:30:00Z,2026-06-20T00:30:00+0200,123.41,EUR/MWh,BE,BE,day_ahead_price,value,2026-06-23T05:42:01Z
2026-06-23T05:41:39Z,2026-06-23T07:41:39+0200,c1c18315-63b2-412d-a1be-e7c0796f2236,2026-06-19T22:45:00Z,2026-06-20T00:45:00+0200,120.62,EUR/MWh,BE,BE,day_ahead_price,value,2026-06-23T05:42:01Z
2026-06-23T05:41:39Z,2026-06-23T07:41:39+0200,c1c18315-63b2-412d-a1be-e7c0796f2236,2026-06-19T23:00:00Z,2026-06-20T01:00:00+0200,123.6,EUR/MWh,BE,BE,day_ahead_price,value,2026-06-23T05:42:01Z
2026-06-23T05:41:39Z,2026-06-23T07:41:39+0200,c1c18315-63b2-412d-a1be-e7c0796f2236,2026-06-19T23:15:00Z,2026-06-20T01:15:00+0200,120.16,EUR/MWh,BE,BE,day_ahead_price,value,2026-06-23T05:42:01Z
2026-06-23T05:41:39Z,2026-06-23T07:41:39+0200,c1c18315-63b2-412d-a1be-e7c0796f2236,2026-06-19T23:30:00Z,2026-06-20T01:30:00+0200,120.1,EUR/MWh,BE,BE,day_ahead_price,value,2026-06-23T05:42:01Z
2026-06-23T05:41:39Z,2026-06-23T07:41:39+0200,c1c18315-63b2-412d-a1be-e7c0796f2236,2026-06-19T23:45:00Z,2026-06-20T01:45:00+0200,120.45,EUR/MWh,BE,BE,day_ahead_price,value,2026-06-23T05:42:01Z
2026-06-23T05:41:39Z,2026-06-23T07:41:39+0200,c1c18315-63b2-412d-a1be-e7c0796f2236,2026-06-20T00:00:00Z,2026-06-20T02:00:00+0200,120.55,EUR/MWh,BE,BE,day_ahead_price,value,2026-06-23T05:42:01Z
2026-06-23T05:41:39Z,2026-06-23T07:41:39+0200,c1c18315-63b2-412d-a1be-e7c0796f2236,2026-06-20T00:15:00Z,2026-06-20T02:15:00+0200,119.45,EUR/MWh,BE,BE,day_ahead_price,value,2026-06-23T05:42:01Z
2026-06-23T05:41:39Z,2026-06-23T07:41:39+0200,c1c18315-63b2-412d-a1be-e7c0796f2236,2026-06-20T00:30:00Z,2026-06-20T02:30:00+0200,117.95,EUR/MWh,BE,BE,day_ahead_price,value,2026-06-23T05:42:01Z
2026-06-23T05:41:39Z,2026-06-23T07:41:39+0200,c1c18315-63b2-412d-a1be-e7c0796f2236,2026-06-20T00:45:00Z,2026-06-20T02:45:00+0200,116.45,EUR/MWh,BE,BE,day_ahead_price,value,2026-06-23T05:42:01Z
2026-06-23T05:41:39Z,2026-06-23T07:41:39+0200,c1c18315-63b2-412d-a1be-e7c0796f2236,2026-06-20T01:00:00Z,2026-06-20T03:00:00+0200,117.9,EUR/MWh,BE,BE,day_ahead_price,value,2026-06-23T05:42:01Z
2026-06-23T05:41:39Z,2026-06-23T07:41:39+0200,c1c18315-63b2-412d-a1be-e7c0796f2236,2026-06-20T01:15:00Z,2026-06-20T03:15:00+0200,115.24,EUR/MWh,BE,BE,day_ahead_price,value,2026-06-23T05:42:01Z
2026-06-23T05:41:39Z,2026-06-23T07:41:39+0200,c1c18315-63b2-412d-a1be-e7c0796f2236,2026-06-20T01:30:00Z,2026-06-20T03:30:00+0200,116.28,EUR/MWh,BE,BE,day_ahead_price,value,2026-06-23T05:42:01Z
2026-06-23T05:41:39Z,2026-06-23T07:41:39+0200,c1c18315-63b2-412d-a1be-e7c0796f2236,2026-06-20T01:45:00Z,2026-06-20T03:45:00+0200,113.81,EUR/MWh,BE,BE,day_ahead_price,value,2026-06-23T05:42:01Z
2026-06-23T05:41:39Z,2026-06-23T07:41:39+0200,c1c18315-63b2-412d-a1be-e7c0796f2236,2026-06-20T02:00:00Z,2026-06-20T04:00:00+0200,113.88,EUR/MWh,BE,BE,day_ahead_price,value,2026-06-23T05:42:01Z
2026-06-23T05:41:39Z,2026-06-23T07:41:39+0200,c1c18315-63b2-412d-a1be-e7c0796f2236,2026-06-20T02:15:00Z,2026-06-20T04:15:00+0200,114.95,EUR/MWh,BE,BE,day_ahead_price,value,2026-06-23T05:42:01Z
2026-06-23T05:41:39Z,2026-06-23T07:41:39+0200,c1c18315-63b2-412d-a1be-e7c0796f2236,2026-06-20T02:30:00Z,2026-06-20T04:30:00+0200,113.4,EUR/MWh,BE,BE,day_ahead_price,value,2026-06-23T05:42:01Z
2026-06-23T05:41:39Z,2026-06-23T07:41:39+0200,c1c18315-63b2-412d-a1be-e7c0796f2236,2026-06-20T02:45:00Z,2026-06-20T04:45:00+0200,114.2,EUR/MWh,BE,BE,day_ahead_price,value,2026-06-23T05:42:01Z
2026-06-23T05:41:39Z,2026-06-23T07:41:39+0200,c1c18315-63b2-412d-a1be-e7c0796f2236,2026-06-20T03:00:00Z,2026-06-20T05:00:00+0200,114.08,EUR/MWh,BE,BE,day_ahead_price,value,2026-06-23T05:42:01Z
2026-06-23T05:41:39Z,2026-06-23T07:41:39+0200,c1c18315-63b2-412d-a1be-e7c0796f2236,2026-06-20T03:15:00Z,2026-06-20T05:15:00+0200,114.07,EUR/MWh,BE,BE,day_ahead_price,value,2026-06-23T05:42:01Z
2026-06-23T05:41:39Z,2026-06-23T07:41:39+0200,c1c18315-63b2-412d-a1be-e7c0796f2236,2026-06-20T03:30:00Z,2026-06-20T05:30:00+0200,112.02,EUR/MWh,BE,BE,day_ahead_price,value,2026-06-23T05:42:01Z
2026-06-23T05:41:39Z,2026-06-23T07:41:39+0200,c1c18315-63b2-412d-a1be-e7c0796f2236,2026-06-20T03:45:00Z,2026-06-20T05:45:00+0200,109.97,EUR/MWh,BE,BE,day_ahead_price,value,2026-06-23T05:42:01Z
2026-06-23T05:41:39Z,2026-06-23T07:41:39+0200,c1c18315-63b2-412d-a1be-e7c0796f2236,2026-06-20T04:00:00Z,2026-06-20T06:00:00+0200,115.61,EUR/MWh,BE,BE,day_ahead_price,value,2026-06-23T05:42:01Z
2026-06-23T05:41:39Z,2026-06-23T07:41:39+0200,c1c18315-63b2-412d-a1be-e7c0796f2236,2026-06-20T04:15:00Z,2026-06-20T06:15:00+0200,113.22,EUR/MWh,BE,BE,day_ahead_price,value,2026-06-23T05:42:01Z
2026-06-23T05:41:39Z,2026-06-23T07:41:39+0200,c1c18315-63b2-412d-a1be-e7c0796f2236,2026-06-20T04:30:00Z,2026-06-20T06:30:00+0200,108.99,EUR/MWh,BE,BE,day_ahead_price,value,2026-06-23T05:42:01Z
2026-06-23T05:41:39Z,2026-06-23T07:41:39+0200,c1c18315-63b2-412d-a1be-e7c0796f2236,2026-06-20T04:45:00Z,2026-06-20T06:45:00+0200,101.05,EUR/MWh,BE,BE,day_ahead_price,value,2026-06-23T05:42:01Z
2026-06-23T05:41:39Z,2026-06-23T07:41:39+0200,c1c18315-63b2-412d-a1be-e7c0796f2236,2026-06-20T05:00:00Z,2026-06-20T07:00:00+0200,114.3,EUR/MWh,BE,BE,day_ahead_price,value,2026-06-23T05:42:01Z
2026-06-23T05:41:39Z,2026-06-23T07:41:39+0200,c1c18315-63b2-412d-a1be-e7c0796f2236,2026-06-20T05:15:00Z,2026-06-20T07:15:00+0200,108.42,EUR/MWh,BE,BE,day_ahead_price,value,2026-06-23T05:42:01Z
2026-06-23T05:41:39Z,2026-06-23T07:41:39+0200,c1c18315-63b2-412d-a1be-e7c0796f2236,2026-06-20T05:30:00Z,2026-06-20T07:30:00+0200,100.21,EUR/MWh,BE,BE,day_ahead_price,value,2026-06-23T05:42:01Z
2026-06-23T05:41:39Z,2026-06-23T07:41:39+0200,c1c18315-63b2-412d-a1be-e7c0796f2236,2026-06-20T05:45:00Z,2026-06-20T07:45:00+0200,98.98,EUR/MWh,BE,BE,day_ahead_price,value,2026-06-23T05:42:01Z
2026-06-23T05:41:39Z,2026-06-23T07:41:39+0200,c1c18315-63b2-412d-a1be-e7c0796f2236,2026-06-20T06:00:00Z,2026-06-20T08:00:00+0200,138.65,EUR/MWh,BE,BE,day_ahead_price,value,2026-06-23T05:42:01Z
2026-06-23T05:41:39Z,2026-06-23T07:41:39+0200,c1c18315-63b2-412d-a1be-e7c0796f2236,2026-06-20T06:15:00Z,2026-06-20T08:15:00+0200,129.39,EUR/MWh,BE,BE,day_ahead_price,value,2026-06-23T05:42:01Z
2026-06-23T05:41:39Z,2026-06-23T07:41:39+0200,c1c18315-63b2-412d-a1be-e7c0796f2236,2026-06-20T06:30:00Z,2026-06-20T08:30:00+0200,96.93,EUR/MWh,BE,BE,day_ahead_price,value,2026-06-23T05:42:01Z
2026-06-23T05:41:39Z,2026-06-23T07:41:39+0200,c1c18315-63b2-412d-a1be-e7c0796f2236,2026-06-20T06:45:00Z,2026-06-20T08:45:00+0200,82.4,EUR/MWh,BE,BE,day_ahead_price,value,2026-06-23T05:42:01Z
2026-06-23T05:41:39Z,2026-06-23T07:41:39+0200,c1c18315-63b2-412d-a1be-e7c0796f2236,2026-06-20T07:00:00Z,2026-06-20T09:00:00+0200,124.21,EUR/MWh,BE,BE,day_ahead_price,value,2026-06-23T05:42:01Z
2026-06-23T05:41:39Z,2026-06-23T07:41:39+0200,c1c18315-63b2-412d-a1be-e7c0796f2236,2026-06-20T07:15:00Z,2026-06-20T09:15:00+0200,84.03,EUR/MWh,BE,BE,day_ahead_price,value,2026-06-23T05:42:01Z
2026-06-23T05:41:39Z,2026-06-23T07:41:39+0200,c1c18315-63b2-412d-a1be-e7c0796f2236,2026-06-20T07:30:00Z,2026-06-20T09:30:00+0200,39.8,EUR/MWh,BE,BE,day_ahead_price,value,2026-06-23T05:42:01Z
2026-06-23T05:41:39Z,2026-06-23T07:41:39+0200,c1c18315-63b2-412d-a1be-e7c0796f2236,2026-06-20T07:45:00Z,2026-06-20T09:45:00+0200,4.23,EUR/MWh,BE,BE,day_ahead_price,value,2026-06-23T05:42:01Z
2026-06-23T05:41:39Z,2026-06-23T07:41:39+0200,c1c18315-63b2-412d-a1be-e7c0796f2236,2026-06-20T08:00:00Z,2026-06-20T10:00:00+0200,11.79,EUR/MWh,BE,BE,day_ahead_price,value,2026-06-23T05:42:01Z
2026-06-23T05:41:39Z,2026-06-23T07:41:39+0200,c1c18315-63b2-412d-a1be-e7c0796f2236,2026-06-20T08:15:00Z,2026-06-20T10:15:00+0200,3.99,EUR/MWh,BE,BE,day_ahead_price,value,2026-06-23T05:42:01Z
2026-06-23T05:41:39Z,2026-06-23T07:41:39+0200,c1c18315-63b2-412d-a1be-e7c0796f2236,2026-06-20T08:30:00Z,2026-06-20T10:30:00+0200,0.71,EUR/MWh,BE,BE,day_ahead_price,value,2026-06-23T05:42:01Z
2026-06-23T05:41:39Z,2026-06-23T07:41:39+0200,c1c18315-63b2-412d-a1be-e7c0796f2236,2026-06-20T08:45:00Z,2026-06-20T10:45:00+0200,0.01,EUR/MWh,BE,BE,day_ahead_price,value,2026-06-23T05:42:01Z
2026-06-23T05:41:39Z,2026-06-23T07:41:39+0200,c1c18315-63b2-412d-a1be-e7c0796f2236,2026-06-20T09:00:00Z,2026-06-20T11:00:00+0200,0.0,EUR/MWh,BE,BE,day_ahead_price,value,2026-06-23T05:42:01Z
2026-06-23T05:41:39Z,2026-06-23T07:41:39+0200,c1c18315-63b2-412d-a1be-e7c0796f2236,2026-06-20T09:15:00Z,2026-06-20T11:15:00+0200,0.0,EUR/MWh,BE,BE,day_ahead_price,value,2026-06-23T05:42:01Z
2026-06-23T05:41:39Z,2026-06-23T07:41:39+0200,c1c18315-63b2-412d-a1be-e7c0796f2236,2026-06-20T09:30:00Z,2026-06-20T11:30:00+0200,0.0,EUR/MWh,BE,BE,day_ahead_price,value,2026-06-23T05:42:01Z
2026-06-23T05:41:39Z,2026-06-23T07:41:39+0200,c1c18315-63b2-412d-a1be-e7c0796f2236,2026-06-20T09:45:00Z,2026-06-20T11:45:00+0200,-0.01,EUR/MWh,BE,BE,day_ahead_price,value,2026-06-23T05:42:01Z
2026-06-23T05:41:39Z,2026-06-23T07:41:39+0200,c1c18315-63b2-412d-a1be-e7c0796f2236,2026-06-20T10:00:00Z,2026-06-20T12:00:00+0200,-0.01,EUR/MWh,BE,BE,day_ahead_price,value,2026-06-23T05:42:01Z
2026-06-23T05:41:39Z,2026-06-23T07:41:39+0200,c1c18315-63b2-412d-a1be-e7c0796f2236,2026-06-20T10:15:00Z,2026-06-20T12:15:00+0200,-0.01,EUR/MWh,BE,BE,day_ahead_price,value,2026-06-23T05:42:01Z
2026-06-23T05:41:39Z,2026-06-23T07:41:39+0200,c1c18315-63b2-412d-a1be-e7c0796f2236,2026-06-20T10:30:00Z,2026-06-20T12:30:00+0200,-0.01,EUR/MWh,BE,BE,day_ahead_price,value,2026-06-23T05:42:01Z
2026-06-23T05:41:39Z,2026-06-23T07:41:39+0200,c1c18315-63b2-412d-a1be-e7c0796f2236,2026-06-20T10:45:00Z,2026-06-20T12:45:00+0200,-0.01,EUR/MWh,BE,BE,day_ahead_price,value,2026-06-23T05:42:01Z
2026-06-23T05:41:39Z,2026-06-23T07:41:39+0200,c1c18315-63b2-412d-a1be-e7c0796f2236,2026-06-20T11:00:00Z,2026-06-20T13:00:00+0200,-0.01,EUR/MWh,BE,BE,day_ahead_price,value,2026-06-23T05:42:01Z
2026-06-23T05:41:39Z,2026-06-23T07:41:39+0200,c1c18315-63b2-412d-a1be-e7c0796f2236,2026-06-20T11:15:00Z,2026-06-20T13:15:00+0200,-0.02,EUR/MWh,BE,BE,day_ahead_price,value,2026-06-23T05:42:01Z
2026-06-23T05:41:39Z,2026-06-23T07:41:39+0200,c1c18315-63b2-412d-a1be-e7c0796f2236,2026-06-20T11:30:00Z,2026-06-20T13:30:00+0200,-0.02,EUR/MWh,BE,BE,day_ahead_price,value,2026-06-23T05:42:01Z
2026-06-23T05:41:39Z,2026-06-23T07:41:39+0200,c1c18315-63b2-412d-a1be-e7c0796f2236,2026-06-20T11:45:00Z,2026-06-20T13:45:00+0200,-0.02,EUR/MWh,BE,BE,day_ahead_price,value,2026-06-23T05:42:01Z
2026-06-23T05:41:39Z,2026-06-23T07:41:39+0200,c1c18315-63b2-412d-a1be-e7c0796f2236,2026-06-20T12:00:00Z,2026-06-20T14:00:00+0200,0.0,EUR/MWh,BE,BE,day_ahead_price,value,2026-06-23T05:42:01Z
2026-06-23T05:41:39Z,2026-06-23T07:41:39+0200,c1c18315-63b2-412d-a1be-e7c0796f2236,2026-06-20T12:15:00Z,2026-06-20T14:15:00+0200,-0.01,EUR/MWh,BE,BE,day_ahead_price,value,2026-06-23T05:42:01Z
2026-06-23T05:41:39Z,2026-06-23T07:41:39+0200,c1c18315-63b2-412d-a1be-e7c0796f2236,2026-06-20T12:30:00Z,2026-06-20T14:30:00+0200,-0.01,EUR/MWh,BE,BE,day_ahead_price,value,2026-06-23T05:42:01Z
2026-06-23T05:41:39Z,2026-06-23T07:41:39+0200,c1c18315-63b2-412d-a1be-e7c0796f2236,2026-06-20T12:45:00Z,2026-06-20T14:45:00+0200,-0.01,EUR/MWh,BE,BE,day_ahead_price,value,2026-06-23T05:42:01Z
2026-06-23T05:41:39Z,2026-06-23T07:41:39+0200,c1c18315-63b2-412d-a1be-e7c0796f2236,2026-06-20T13:00:00Z,2026-06-20T15:00:00+0200,0.0,EUR/MWh,BE,BE,day_ahead_price,value,2026-06-23T05:42:01Z
2026-06-23T05:41:39Z,2026-06-23T07:41:39+0200,c1c18315-63b2-412d-a1be-e7c0796f2236,2026-06-20T13:15:00Z,2026-06-20T15:15:00+0200,0.0,EUR/MWh,BE,BE,day_ahead_price,value,2026-06-23T05:42:01Z
2026-06-23T05:41:39Z,2026-06-23T07:41:39+0200,c1c18315-63b2-412d-a1be-e7c0796f2236,2026-06-20T13:30:00Z,2026-06-20T15:30:00+0200,0.0,EUR/MWh,BE,BE,day_ahead_price,value,2026-06-23T05:42:01Z
2026-06-23T05:41:39Z,2026-06-23T07:41:39+0200,c1c18315-63b2-412d-a1be-e7c0796f2236,2026-06-20T13:45:00Z,2026-06-20T15:45:00+0200,1.0,EUR/MWh,BE,BE,day_ahead_price,value,2026-06-23T05:42:01Z
2026-06-23T05:41:39Z,2026-06-23T07:41:39+0200,c1c18315-63b2-412d-a1be-e7c0796f2236,2026-06-20T14:00:00Z,2026-06-20T16:00:00+0200,0.15,EUR/MWh,BE,BE,day_ahead_price,value,2026-06-23T05:42:01Z
2026-06-23T05:41:39Z,2026-06-23T07:41:39+0200,c1c18315-63b2-412d-a1be-e7c0796f2236,2026-06-20T14:15:00Z,2026-06-20T16:15:00+0200,5.11,EUR/MWh,BE,BE,day_ahead_price,value,2026-06-23T05:42:01Z
2026-06-23T05:41:39Z,2026-06-23T07:41:39+0200,c1c18315-63b2-412d-a1be-e7c0796f2236,2026-06-20T14:30:00Z,2026-06-20T16:30:00+0200,16.18,EUR/MWh,BE,BE,day_ahead_price,value,2026-06-23T05:42:01Z
2026-06-23T05:41:39Z,2026-06-23T07:41:39+0200,c1c18315-63b2-412d-a1be-e7c0796f2236,2026-06-20T14:45:00Z,2026-06-20T16:45:00+0200,48.99,EUR/MWh,BE,BE,day_ahead_price,value,2026-06-23T05:42:01Z
2026-06-23T05:41:39Z,2026-06-23T07:41:39+0200,c1c18315-63b2-412d-a1be-e7c0796f2236,2026-06-20T15:00:00Z,2026-06-20T17:00:00+0200,13.44,EUR/MWh,BE,BE,day_ahead_price,value,2026-06-23T05:42:01Z
2026-06-23T05:41:39Z,2026-06-23T07:41:39+0200,c1c18315-63b2-412d-a1be-e7c0796f2236,2026-06-20T15:15:00Z,2026-06-20T17:15:00+0200,74.01,EUR/MWh,BE,BE,day_ahead_price,value,2026-06-23T05:42:01Z
2026-06-23T05:41:39Z,2026-06-23T07:41:39+0200,c1c18315-63b2-412d-a1be-e7c0796f2236,2026-06-20T15:30:00Z,2026-06-20T17:30:00+0200,103.91,EUR/MWh,BE,BE,day_ahead_price,value,2026-06-23T05:42:01Z
2026-06-23T05:41:39Z,2026-06-23T07:41:39+0200,c1c18315-63b2-412d-a1be-e7c0796f2236,2026-06-20T15:45:00Z,2026-06-20T17:45:00+0200,132.22,EUR/MWh,BE,BE,day_ahead_price,value,2026-06-23T05:42:01Z
2026-06-23T05:41:39Z,2026-06-23T07:41:39+0200,c1c18315-63b2-412d-a1be-e7c0796f2236,2026-06-20T16:00:00Z,2026-06-20T18:00:00+0200,99.16,EUR/MWh,BE,BE,day_ahead_price,value,2026-06-23T05:42:01Z
2026-06-23T05:41:39Z,2026-06-23T07:41:39+0200,c1c18315-63b2-412d-a1be-e7c0796f2236,2026-06-20T16:15:00Z,2026-06-20T18:15:00+0200,114.46,EUR/MWh,BE,BE,day_ahead_price,value,2026-06-23T05:42:01Z
2026-06-23T05:41:39Z,2026-06-23T07:41:39+0200,c1c18315-63b2-412d-a1be-e7c0796f2236,2026-06-20T16:30:00Z,2026-06-20T18:30:00+0200,125.24,EUR/MWh,BE,BE,day_ahead_price,value,2026-06-23T05:42:01Z
2026-06-23T05:41:39Z,2026-06-23T07:41:39+0200,c1c18315-63b2-412d-a1be-e7c0796f2236,2026-06-20T16:45:00Z,2026-06-20T18:45:00+0200,135.03,EUR/MWh,BE,BE,day_ahead_price,value,2026-06-23T05:42:01Z
2026-06-23T05:41:39Z,2026-06-23T07:41:39+0200,c1c18315-63b2-412d-a1be-e7c0796f2236,2026-06-20T17:00:00Z,2026-06-20T19:00:00+0200,113.71,EUR/MWh,BE,BE,day_ahead_price,value,2026-06-23T05:42:01Z
2026-06-23T05:41:39Z,2026-06-23T07:41:39+0200,c1c18315-63b2-412d-a1be-e7c0796f2236,2026-06-20T17:15:00Z,2026-06-20T19:15:00+0200,137.24,EUR/MWh,BE,BE,day_ahead_price,value,2026-06-23T05:42:01Z
2026-06-23T05:41:39Z,2026-06-23T07:41:39+0200,c1c18315-63b2-412d-a1be-e7c0796f2236,2026-06-20T17:30:00Z,2026-06-20T19:30:00+0200,146.93,EUR/MWh,BE,BE,day_ahead_price,value,2026-06-23T05:42:01Z
2026-06-23T05:41:39Z,2026-06-23T07:41:39+0200,c1c18315-63b2-412d-a1be-e7c0796f2236,2026-06-20T17:45:00Z,2026-06-20T19:45:00+0200,165.2,EUR/MWh,BE,BE,day_ahead_price,value,2026-06-23T05:42:01Z
2026-06-23T05:41:39Z,2026-06-23T07:41:39+0200,c1c18315-63b2-412d-a1be-e7c0796f2236,2026-06-20T18:00:00Z,2026-06-20T20:00:00+0200,144.37,EUR/MWh,BE,BE,day_ahead_price,value,2026-06-23T05:42:01Z
2026-06-23T05:41:39Z,2026-06-23T07:41:39+0200,c1c18315-63b2-412d-a1be-e7c0796f2236,2026-06-20T18:15:00Z,2026-06-20T20:15:00+0200,162.62,EUR/MWh,BE,BE,day_ahead_price,value,2026-06-23T05:42:01Z
2026-06-23T05:41:39Z,2026-06-23T07:41:39+0200,c1c18315-63b2-412d-a1be-e7c0796f2236,2026-06-20T18:30:00Z,2026-06-20T20:30:00+0200,178.31,EUR/MWh,BE,BE,day_ahead_price,value,2026-06-23T05:42:01Z
2026-06-23T05:41:39Z,2026-06-23T07:41:39+0200,c1c18315-63b2-412d-a1be-e7c0796f2236,2026-06-20T18:45:00Z,2026-06-20T20:45:00+0200,193.46,EUR/MWh,BE,BE,day_ahead_price,value,2026-06-23T05:42:01Z
2026-06-23T05:41:39Z,2026-06-23T07:41:39+0200,c1c18315-63b2-412d-a1be-e7c0796f2236,2026-06-20T19:00:00Z,2026-06-20T21:00:00+0200,169.37,EUR/MWh,BE,BE,day_ahead_price,value,2026-06-23T05:42:01Z
2026-06-23T05:41:39Z,2026-06-23T07:41:39+0200,c1c18315-63b2-412d-a1be-e7c0796f2236,2026-06-20T19:15:00Z,2026-06-20T21:15:00+0200,172.49,EUR/MWh,BE,BE,day_ahead_price,value,2026-06-23T05:42:01Z
2026-06-23T05:41:39Z,2026-06-23T07:41:39+0200,c1c18315-63b2-412d-a1be-e7c0796f2236,2026-06-20T19:30:00Z,2026-06-20T21:30:00+0200,187.31,EUR/MWh,BE,BE,day_ahead_price,value,2026-06-23T05:42:01Z
2026-06-23T05:41:39Z,2026-06-23T07:41:39+0200,c1c18315-63b2-412d-a1be-e7c0796f2236,2026-06-20T19:45:00Z,2026-06-20T21:45:00+0200,178.19,EUR/MWh,BE,BE,day_ahead_price,value,2026-06-23T05:42:01Z
2026-06-23T05:41:39Z,2026-06-23T07:41:39+0200,c1c18315-63b2-412d-a1be-e7c0796f2236,2026-06-20T20:00:00Z,2026-06-20T22:00:00+0200,183.41,EUR/MWh,BE,BE,day_ahead_price,value,2026-06-23T05:42:01Z
2026-06-23T05:41:39Z,2026-06-23T07:41:39+0200,c1c18315-63b2-412d-a1be-e7c0796f2236,2026-06-20T20:15:00Z,2026-06-20T22:15:00+0200,164.55,EUR/MWh,BE,BE,day_ahead_price,value,2026-06-23T05:42:01Z
2026-06-23T05:41:39Z,2026-06-23T07:41:39+0200,c1c18315-63b2-412d-a1be-e7c0796f2236,2026-06-20T20:30:00Z,2026-06-20T22:30:00+0200,161.35,EUR/MWh,BE,BE,day_ahead_price,value,2026-06-23T05:42:01Z
2026-06-23T05:41:39Z,2026-06-23T07:41:39+0200,c1c18315-63b2-412d-a1be-e7c0796f2236,2026-06-20T20:45:00Z,2026-06-20T22:45:00+0200,149.86,EUR/MWh,BE,BE,day_ahead_price,value,2026-06-23T05:42:01Z
2026-06-23T05:41:39Z,2026-06-23T07:41:39+0200,c1c18315-63b2-412d-a1be-e7c0796f2236,2026-06-20T21:00:00Z,2026-06-20T23:00:00+0200,153.0,EUR/MWh,BE,BE,day_ahead_price,value,2026-06-23T05:42:01Z
2026-06-23T05:41:39Z,2026-06-23T07:41:39+0200,c1c18315-63b2-412d-a1be-e7c0796f2236,2026-06-20T21:15:00Z,2026-06-20T23:15:00+0200,145.92,EUR/MWh,BE,BE,day_ahead_price,value,2026-06-23T05:42:01Z
2026-06-23T05:41:39Z,2026-06-23T07:41:39+0200,c1c18315-63b2-412d-a1be-e7c0796f2236,2026-06-20T21:30:00Z,2026-06-20T23:30:00+0200,140.63,EUR/MWh,BE,BE,day_ahead_price,value,2026-06-23T05:42:01Z
2026-06-23T05:41:39Z,2026-06-23T07:41:39+0200,c1c18315-63b2-412d-a1be-e7c0796f2236,2026-06-20T21:45:00Z,2026-06-20T23:45:00+0200,136.12,EUR/MWh,BE,BE,day_ahead_price,value,2026-06-23T05:42:01Z
2026-06-23T05:41:39Z,2026-06-23T07:41:39+0200,c1c18315-63b2-412d-a1be-e7c0796f2236,2026-06-20T22:00:00Z,2026-06-21T00:00:00+0200,156.58,EUR/MWh,BE,BE,day_ahead_price,value,2026-06-23T05:42:01Z
2026-06-23T05:41:39Z,2026-06-23T07:41:39+0200,c1c18315-63b2-412d-a1be-e7c0796f2236,2026-06-20T22:15:00Z,2026-06-21T00:15:00+0200,141.42,EUR/MWh,BE,BE,day_ahead_price,value,2026-06-23T05:42:01Z
2026-06-23T05:41:39Z,2026-06-23T07:41:39+0200,c1c18315-63b2-412d-a1be-e7c0796f2236,2026-06-20T22:30:00Z,2026-06-21T00:30:00+0200,137.29,EUR/MWh,BE,BE,day_ahead_price,value,2026-06-23T05:42:01Z
2026-06-23T05:41:39Z,2026-06-23T07:41:39+0200,c1c18315-63b2-412d-a1be-e7c0796f2236,2026-06-20T22:45:00Z,2026-06-21T00:45:00+0200,128.72,EUR/MWh,BE,BE,day_ahead_price,value,2026-06-23T05:42:01Z
2026-06-23T05:41:39Z,2026-06-23T07:41:39+0200,c1c18315-63b2-412d-a1be-e7c0796f2236,2026-06-20T23:00:00Z,2026-06-21T01:00:00+0200,129.59,EUR/MWh,BE,BE,day_ahead_price,value,2026-06-23T05:42:01Z
2026-06-23T05:41:39Z,2026-06-23T07:41:39+0200,c1c18315-63b2-412d-a1be-e7c0796f2236,2026-06-20T23:15:00Z,2026-06-21T01:15:00+0200,127.36,EUR/MWh,BE,BE,day_ahead_price,value,2026-06-23T05:42:01Z
2026-06-23T05:41:39Z,2026-06-23T07:41:39+0200,c1c18315-63b2-412d-a1be-e7c0796f2236,2026-06-20T23:30:00Z,2026-06-21T01:30:00+0200,126.09,EUR/MWh,BE,BE,day_ahead_price,value,2026-06-23T05:42:01Z
2026-06-23T05:41:39Z,2026-06-23T07:41:39+0200,c1c18315-63b2-412d-a1be-e7c0796f2236,2026-06-20T23:45:00Z,2026-06-21T01:45:00+0200,123.81,EUR/MWh,BE,BE,day_ahead_price,value,2026-06-23T05:42:01Z
2026-06-23T05:41:39Z,2026-06-23T07:41:39+0200,c1c18315-63b2-412d-a1be-e7c0796f2236,2026-06-21T00:00:00Z,2026-06-21T02:00:00+0200,126.91,EUR/MWh,BE,BE,day_ahead_price,value,2026-06-23T05:42:01Z
2026-06-23T05:41:39Z,2026-06-23T07:41:39+0200,c1c18315-63b2-412d-a1be-e7c0796f2236,2026-06-21T00:15:00Z,2026-06-21T02:15:00+0200,124.26,EUR/MWh,BE,BE,day_ahead_price,value,2026-06-23T05:42:01Z
2026-06-23T05:41:39Z,2026-06-23T07:41:39+0200,c1c18315-63b2-412d-a1be-e7c0796f2236,2026-06-21T00:30:00Z,2026-06-21T02:30:00+0200,123.28,EUR/MWh,BE,BE,day_ahead_price,value,2026-06-23T05:42:01Z
2026-06-23T05:41:39Z,2026-06-23T07:41:39+0200,c1c18315-63b2-412d-a1be-e7c0796f2236,2026-06-21T00:45:00Z,2026-06-21T02:45:00+0200,121.53,EUR/MWh,BE,BE,day_ahead_price,value,2026-06-23T05:42:01Z
2026-06-23T05:41:39Z,2026-06-23T07:41:39+0200,c1c18315-63b2-412d-a1be-e7c0796f2236,2026-06-21T01:00:00Z,2026-06-21T03:00:00+0200,123.09,EUR/MWh,BE,BE,day_ahead_price,value,2026-06-23T05:42:01Z
2026-06-23T05:41:39Z,2026-06-23T07:41:39+0200,c1c18315-63b2-412d-a1be-e7c0796f2236,2026-06-21T01:15:00Z,2026-06-21T03:15:00+0200,120.54,EUR/MWh,BE,BE,day_ahead_price,value,2026-06-23T05:42:01Z
2026-06-23T05:41:39Z,2026-06-23T07:41:39+0200,c1c18315-63b2-412d-a1be-e7c0796f2236,2026-06-21T01:30:00Z,2026-06-21T03:30:00+0200,119.39,EUR/MWh,BE,BE,day_ahead_price,value,2026-06-23T05:42:01Z
2026-06-23T05:41:39Z,2026-06-23T07:41:39+0200,c1c18315-63b2-412d-a1be-e7c0796f2236,2026-06-21T01:45:00Z,2026-06-21T03:45:00+0200,115.16,EUR/MWh,BE,BE,day_ahead_price,value,2026-06-23T05:42:01Z
2026-06-23T05:41:39Z,2026-06-23T07:41:39+0200,c1c18315-63b2-412d-a1be-e7c0796f2236,2026-06-21T02:00:00Z,2026-06-21T04:00:00+0200,117.56,EUR/MWh,BE,BE,day_ahead_price,value,2026-06-23T05:42:01Z
2026-06-23T05:41:39Z,2026-06-23T07:41:39+0200,c1c18315-63b2-412d-a1be-e7c0796f2236,2026-06-21T02:15:00Z,2026-06-21T04:15:00+0200,116.36,EUR/MWh,BE,BE,day_ahead_price,value,2026-06-23T05:42:01Z
2026-06-23T05:41:39Z,2026-06-23T07:41:39+0200,c1c18315-63b2-412d-a1be-e7c0796f2236,2026-06-21T02:30:00Z,2026-06-21T04:30:00+0200,118.47,EUR/MWh,BE,BE,day_ahead_price,value,2026-06-23T05:42:01Z
2026-06-23T05:41:39Z,2026-06-23T07:41:39+0200,c1c18315-63b2-412d-a1be-e7c0796f2236,2026-06-21T02:45:00Z,2026-06-21T04:45:00+0200,116.13,EUR/MWh,BE,BE,day_ahead_price,value,2026-06-23T05:42:01Z
2026-06-23T05:41:39Z,2026-06-23T07:41:39+0200,c1c18315-63b2-412d-a1be-e7c0796f2236,2026-06-21T03:00:00Z,2026-06-21T05:00:00+0200,116.58,EUR/MWh,BE,BE,day_ahead_price,value,2026-06-23T05:42:01Z
2026-06-23T05:41:39Z,2026-06-23T07:41:39+0200,c1c18315-63b2-412d-a1be-e7c0796f2236,2026-06-21T03:15:00Z,2026-06-21T05:15:00+0200,114.13,EUR/MWh,BE,BE,day_ahead_price,value,2026-06-23T05:42:01Z
2026-06-23T05:41:39Z,2026-06-23T07:41:39+0200,c1c18315-63b2-412d-a1be-e7c0796f2236,2026-06-21T03:30:00Z,2026-06-21T05:30:00+0200,113.24,EUR/MWh,BE,BE,day_ahead_price,value,2026-06-23T05:42:01Z
2026-06-23T05:41:39Z,2026-06-23T07:41:39+0200,c1c18315-63b2-412d-a1be-e7c0796f2236,2026-06-21T03:45:00Z,2026-06-21T05:45:00+0200,106.47,EUR/MWh,BE,BE,day_ahead_price,value,2026-06-23T05:42:01Z
2026-06-23T05:41:39Z,2026-06-23T07:41:39+0200,c1c18315-63b2-412d-a1be-e7c0796f2236,2026-06-21T04:00:00Z,2026-06-21T06:00:00+0200,114.59,EUR/MWh,BE,BE,day_ahead_price,value,2026-06-23T05:42:01Z
2026-06-23T05:41:39Z,2026-06-23T07:41:39+0200,c1c18315-63b2-412d-a1be-e7c0796f2236,2026-06-21T04:15:00Z,2026-06-21T06:15:00+0200,115.0,EUR/MWh,BE,BE,day_ahead_price,value,2026-06-23T05:42:01Z
2026-06-23T05:41:39Z,2026-06-23T07:41:39+0200,c1c18315-63b2-412d-a1be-e7c0796f2236,2026-06-21T04:30:00Z,2026-06-21T06:30:00+0200,118.86,EUR/MWh,BE,BE,day_ahead_price,value,2026-06-23T05:42:01Z
2026-06-23T05:41:39Z,2026-06-23T07:41:39+0200,c1c18315-63b2-412d-a1be-e7c0796f2236,2026-06-21T04:45:00Z,2026-06-21T06:45:00+0200,142.77,EUR/MWh,BE,BE,day_ahead_price,value,2026-06-23T05:42:01Z
2026-06-23T05:41:39Z,2026-06-23T07:41:39+0200,c1c18315-63b2-412d-a1be-e7c0796f2236,2026-06-21T05:00:00Z,2026-06-21T07:00:00+0200,140.0,EUR/MWh,BE,BE,day_ahead_price,value,2026-06-23T05:42:01Z
2026-06-23T05:41:39Z,2026-06-23T07:41:39+0200,c1c18315-63b2-412d-a1be-e7c0796f2236,2026-06-21T05:15:00Z,2026-06-21T07:15:00+0200,120.61,EUR/MWh,BE,BE,day_ahead_price,value,2026-06-23T05:42:01Z
2026-06-23T05:41:39Z,2026-06-23T07:41:39+0200,c1c18315-63b2-412d-a1be-e7c0796f2236,2026-06-21T05:30:00Z,2026-06-21T07:30:00+0200,119.99,EUR/MWh,BE,BE,day_ahead_price,value,2026-06-23T05:42:01Z
2026-06-23T05:41:39Z,2026-06-23T07:41:39+0200,c1c18315-63b2-412d-a1be-e7c0796f2236,2026-06-21T05:45:00Z,2026-06-21T07:45:00+0200,119.6,EUR/MWh,BE,BE,day_ahead_price,value,2026-06-23T05:42:01Z
2026-06-23T05:41:39Z,2026-06-23T07:41:39+0200,c1c18315-63b2-412d-a1be-e7c0796f2236,2026-06-21T06:00:00Z,2026-06-21T08:00:00+0200,158.19,EUR/MWh,BE,BE,day_ahead_price,value,2026-06-23T05:42:01Z
2026-06-23T05:41:39Z,2026-06-23T07:41:39+0200,c1c18315-63b2-412d-a1be-e7c0796f2236,2026-06-21T06:15:00Z,2026-06-21T08:15:00+0200,142.97,EUR/MWh,BE,BE,day_ahead_price,value,2026-06-23T05:42:01Z
2026-06-23T05:41:39Z,2026-06-23T07:41:39+0200,c1c18315-63b2-412d-a1be-e7c0796f2236,2026-06-21T06:30:00Z,2026-06-21T08:30:00+0200,127.36,EUR/MWh,BE,BE,day_ahead_price,value,2026-06-23T05:42:01Z
2026-06-23T05:41:39Z,2026-06-23T07:41:39+0200,c1c18315-63b2-412d-a1be-e7c0796f2236,2026-06-21T06:45:00Z,2026-06-21T08:45:00+0200,61.98,EUR/MWh,BE,BE,day_ahead_price,value,2026-06-23T05:42:01Z
2026-06-23T05:41:39Z,2026-06-23T07:41:39+0200,c1c18315-63b2-412d-a1be-e7c0796f2236,2026-06-21T07:00:00Z,2026-06-21T09:00:00+0200,148.0,EUR/MWh,BE,BE,day_ahead_price,value,2026-06-23T05:42:01Z
2026-06-23T05:41:39Z,2026-06-23T07:41:39+0200,c1c18315-63b2-412d-a1be-e7c0796f2236,2026-06-21T07:15:00Z,2026-06-21T09:15:00+0200,100.86,EUR/MWh,BE,BE,day_ahead_price,value,2026-06-23T05:42:01Z
2026-06-23T05:41:39Z,2026-06-23T07:41:39+0200,c1c18315-63b2-412d-a1be-e7c0796f2236,2026-06-21T07:30:00Z,2026-06-21T09:30:00+0200,36.86,EUR/MWh,BE,BE,day_ahead_price,value,2026-06-23T05:42:01Z
2026-06-23T05:41:39Z,2026-06-23T07:41:39+0200,c1c18315-63b2-412d-a1be-e7c0796f2236,2026-06-21T07:45:00Z,2026-06-21T09:45:00+0200,8.63,EUR/MWh,BE,BE,day_ahead_price,value,2026-06-23T05:42:01Z
2026-06-23T05:41:39Z,2026-06-23T07:41:39+0200,c1c18315-63b2-412d-a1be-e7c0796f2236,2026-06-21T08:00:00Z,2026-06-21T10:00:00+0200,4.1,EUR/MWh,BE,BE,day_ahead_price,value,2026-06-23T05:42:01Z
2026-06-23T05:41:39Z,2026-06-23T07:41:39+0200,c1c18315-63b2-412d-a1be-e7c0796f2236,2026-06-21T08:15:00Z,2026-06-21T10:15:00+0200,1.31,EUR/MWh,BE,BE,day_ahead_price,value,2026-06-23T05:42:01Z
2026-06-23T05:41:39Z,2026-06-23T07:41:39+0200,c1c18315-63b2-412d-a1be-e7c0796f2236,2026-06-21T08:30:00Z,2026-06-21T10:30:00+0200,0.04,EUR/MWh,BE,BE,day_ahead_price,value,2026-06-23T05:42:01Z
2026-06-23T05:41:39Z,2026-06-23T07:41:39+0200,c1c18315-63b2-412d-a1be-e7c0796f2236,2026-06-21T08:45:00Z,2026-06-21T10:45:00+0200,0.0,EUR/MWh,BE,BE,day_ahead_price,value,2026-06-23T05:42:01Z
2026-06-23T05:41:39Z,2026-06-23T07:41:39+0200,c1c18315-63b2-412d-a1be-e7c0796f2236,2026-06-21T09:00:00Z,2026-06-21T11:00:00+0200,0.0,EUR/MWh,BE,BE,day_ahead_price,value,2026-06-23T05:42:01Z
2026-06-23T05:41:39Z,2026-06-23T07:41:39+0200,c1c18315-63b2-412d-a1be-e7c0796f2236,2026-06-21T09:15:00Z,2026-06-21T11:15:00+0200,0.0,EUR/MWh,BE,BE,day_ahead_price,value,2026-06-23T05:42:01Z
2026-06-23T05:41:39Z,2026-06-23T07:41:39+0200,c1c18315-63b2-412d-a1be-e7c0796f2236,2026-06-21T09:30:00Z,2026-06-21T11:30:00+0200,0.0,EUR/MWh,BE,BE,day_ahead_price,value,2026-06-23T05:42:01Z
2026-06-23T05:41:39Z,2026-06-23T07:41:39+0200,c1c18315-63b2-412d-a1be-e7c0796f2236,2026-06-21T09:45:00Z,2026-06-21T11:45:00+0200,-0.01,EUR/MWh,BE,BE,day_ahead_price,value,2026-06-23T05:42:01Z
2026-06-23T05:41:39Z,2026-06-23T07:41:39+0200,c1c18315-63b2-412d-a1be-e7c0796f2236,2026-06-21T10:00:00Z,2026-06-21T12:00:00+0200,0.0,EUR/MWh,BE,BE,day_ahead_price,value,2026-06-23T05:42:01Z
2026-06-23T05:41:39Z,2026-06-23T07:41:39+0200,c1c18315-63b2-412d-a1be-e7c0796f2236,2026-06-21T10:15:00Z,2026-06-21T12:15:00+0200,-0.01,EUR/MWh,BE,BE,day_ahead_price,value,2026-06-23T05:42:01Z
2026-06-23T05:41:39Z,2026-06-23T07:41:39+0200,c1c18315-63b2-412d-a1be-e7c0796f2236,2026-06-21T10:30:00Z,2026-06-21T12:30:00+0200,-0.01,EUR/MWh,BE,BE,day_ahead_price,value,2026-06-23T05:42:01Z
2026-06-23T05:41:39Z,2026-06-23T07:41:39+0200,c1c18315-63b2-412d-a1be-e7c0796f2236,2026-06-21T10:45:00Z,2026-06-21T12:45:00+0200,-0.01,EUR/MWh,BE,BE,day_ahead_price,value,2026-06-23T05:42:01Z
2026-06-23T05:41:39Z,2026-06-23T07:41:39+0200,c1c18315-63b2-412d-a1be-e7c0796f2236,2026-06-21T11:00:00Z,2026-06-21T13:00:00+0200,-0.01,EUR/MWh,BE,BE,day_ahead_price,value,2026-06-23T05:42:01Z
2026-06-23T05:41:39Z,2026-06-23T07:41:39+0200,c1c18315-63b2-412d-a1be-e7c0796f2236,2026-06-21T11:15:00Z,2026-06-21T13:15:00+0200,-0.01,EUR/MWh,BE,BE,day_ahead_price,value,2026-06-23T05:42:01Z
2026-06-23T05:41:39Z,2026-06-23T07:41:39+0200,c1c18315-63b2-412d-a1be-e7c0796f2236,2026-06-21T11:30:00Z,2026-06-21T13:30:00+0200,-0.01,EUR/MWh,BE,BE,day_ahead_price,value,2026-06-23T05:42:01Z
2026-06-23T05:41:39Z,2026-06-23T07:41:39+0200,c1c18315-63b2-412d-a1be-e7c0796f2236,2026-06-21T11:45:00Z,2026-06-21T13:45:00+0200,-0.01,EUR/MWh,BE,BE,day_ahead_price,value,2026-06-23T05:42:01Z
2026-06-23T05:41:39Z,2026-06-23T07:41:39+0200,c1c18315-63b2-412d-a1be-e7c0796f2236,2026-06-21T12:00:00Z,2026-06-21T14:00:00+0200,-0.01,EUR/MWh,BE,BE,day_ahead_price,value,2026-06-23T05:42:01Z
2026-06-23T05:41:39Z,2026-06-23T07:41:39+0200,c1c18315-63b2-412d-a1be-e7c0796f2236,2026-06-21T12:15:00Z,2026-06-21T14:15:00+0200,-0.01,EUR/MWh,BE,BE,day_ahead_price,value,2026-06-23T05:42:01Z
2026-06-23T05:41:39Z,2026-06-23T07:41:39+0200,c1c18315-63b2-412d-a1be-e7c0796f2236,2026-06-21T12:30:00Z,2026-06-21T14:30:00+0200,0.0,EUR/MWh,BE,BE,day_ahead_price,value,2026-06-23T05:42:01Z
2026-06-23T05:41:39Z,2026-06-23T07:41:39+0200,c1c18315-63b2-412d-a1be-e7c0796f2236,2026-06-21T12:45:00Z,2026-06-21T14:45:00+0200,0.0,EUR/MWh,BE,BE,day_ahead_price,value,2026-06-23T05:42:01Z
2026-06-23T05:41:39Z,2026-06-23T07:41:39+0200,c1c18315-63b2-412d-a1be-e7c0796f2236,2026-06-21T13:00:00Z,2026-06-21T15:00:00+0200,0.0,EUR/MWh,BE,BE,day_ahead_price,value,2026-06-23T05:42:01Z
2026-06-23T05:41:39Z,2026-06-23T07:41:39+0200,c1c18315-63b2-412d-a1be-e7c0796f2236,2026-06-21T13:15:00Z,2026-06-21T15:15:00+0200,0.0,EUR/MWh,BE,BE,day_ahead_price,value,2026-06-23T05:42:01Z
2026-06-23T05:41:39Z,2026-06-23T07:41:39+0200,c1c18315-63b2-412d-a1be-e7c0796f2236,2026-06-21T13:30:00Z,2026-06-21T15:30:00+0200,0.0,EUR/MWh,BE,BE,day_ahead_price,value,2026-06-23T05:42:01Z
2026-06-23T05:41:39Z,2026-06-23T07:41:39+0200,c1c18315-63b2-412d-a1be-e7c0796f2236,2026-06-21T13:45:00Z,2026-06-21T15:45:00+0200,0.03,EUR/MWh,BE,BE,day_ahead_price,value,2026-06-23T05:42:01Z
2026-06-23T05:41:39Z,2026-06-23T07:41:39+0200,c1c18315-63b2-412d-a1be-e7c0796f2236,2026-06-21T14:00:00Z,2026-06-21T16:00:00+0200,0.11,EUR/MWh,BE,BE,day_ahead_price,value,2026-06-23T05:42:01Z
2026-06-23T05:41:39Z,2026-06-23T07:41:39+0200,c1c18315-63b2-412d-a1be-e7c0796f2236,2026-06-21T14:15:00Z,2026-06-21T16:15:00+0200,2.05,EUR/MWh,BE,BE,day_ahead_price,value,2026-06-23T05:42:01Z
2026-06-23T05:41:39Z,2026-06-23T07:41:39+0200,c1c18315-63b2-412d-a1be-e7c0796f2236,2026-06-21T14:30:00Z,2026-06-21T16:30:00+0200,6.85,EUR/MWh,BE,BE,day_ahead_price,value,2026-06-23T05:42:01Z
2026-06-23T05:41:39Z,2026-06-23T07:41:39+0200,c1c18315-63b2-412d-a1be-e7c0796f2236,2026-06-21T14:45:00Z,2026-06-21T16:45:00+0200,39.63,EUR/MWh,BE,BE,day_ahead_price,value,2026-06-23T05:42:01Z
2026-06-23T05:41:39Z,2026-06-23T07:41:39+0200,c1c18315-63b2-412d-a1be-e7c0796f2236,2026-06-21T15:00:00Z,2026-06-21T17:00:00+0200,18.12,EUR/MWh,BE,BE,day_ahead_price,value,2026-06-23T05:42:01Z
2026-06-23T05:41:39Z,2026-06-23T07:41:39+0200,c1c18315-63b2-412d-a1be-e7c0796f2236,2026-06-21T15:15:00Z,2026-06-21T17:15:00+0200,63.66,EUR/MWh,BE,BE,day_ahead_price,value,2026-06-23T05:42:01Z
2026-06-23T05:41:39Z,2026-06-23T07:41:39+0200,c1c18315-63b2-412d-a1be-e7c0796f2236,2026-06-21T15:30:00Z,2026-06-21T17:30:00+0200,88.45,EUR/MWh,BE,BE,day_ahead_price,value,2026-06-23T05:42:01Z
2026-06-23T05:41:39Z,2026-06-23T07:41:39+0200,c1c18315-63b2-412d-a1be-e7c0796f2236,2026-06-21T15:45:00Z,2026-06-21T17:45:00+0200,114.39,EUR/MWh,BE,BE,day_ahead_price,value,2026-06-23T05:42:01Z
2026-06-23T05:41:39Z,2026-06-23T07:41:39+0200,c1c18315-63b2-412d-a1be-e7c0796f2236,2026-06-21T16:00:00Z,2026-06-21T18:00:00+0200,93.09,EUR/MWh,BE,BE,day_ahead_price,value,2026-06-23T05:42:01Z
2026-06-23T05:41:39Z,2026-06-23T07:41:39+0200,c1c18315-63b2-412d-a1be-e7c0796f2236,2026-06-21T16:15:00Z,2026-06-21T18:15:00+0200,109.1,EUR/MWh,BE,BE,day_ahead_price,value,2026-06-23T05:42:01Z
2026-06-23T05:41:39Z,2026-06-23T07:41:39+0200,c1c18315-63b2-412d-a1be-e7c0796f2236,2026-06-21T16:30:00Z,2026-06-21T18:30:00+0200,116.13,EUR/MWh,BE,BE,day_ahead_price,value,2026-06-23T05:42:01Z
2026-06-23T05:41:39Z,2026-06-23T07:41:39+0200,c1c18315-63b2-412d-a1be-e7c0796f2236,2026-06-21T16:45:00Z,2026-06-21T18:45:00+0200,132.83,EUR/MWh,BE,BE,day_ahead_price,value,2026-06-23T05:42:01Z
2026-06-23T05:41:39Z,2026-06-23T07:41:39+0200,c1c18315-63b2-412d-a1be-e7c0796f2236,2026-06-21T17:00:00Z,2026-06-21T19:00:00+0200,112.42,EUR/MWh,BE,BE,day_ahead_price,value,2026-06-23T05:42:01Z
2026-06-23T05:41:39Z,2026-06-23T07:41:39+0200,c1c18315-63b2-412d-a1be-e7c0796f2236,2026-06-21T17:15:00Z,2026-06-21T19:15:00+0200,132.68,EUR/MWh,BE,BE,day_ahead_price,value,2026-06-23T05:42:01Z
2026-06-23T05:41:39Z,2026-06-23T07:41:39+0200,c1c18315-63b2-412d-a1be-e7c0796f2236,2026-06-21T17:30:00Z,2026-06-21T19:30:00+0200,137.45,EUR/MWh,BE,BE,day_ahead_price,value,2026-06-23T05:42:01Z
2026-06-23T05:41:39Z,2026-06-23T07:41:39+0200,c1c18315-63b2-412d-a1be-e7c0796f2236,2026-06-21T17:45:00Z,2026-06-21T19:45:00+0200,141.13,EUR/MWh,BE,BE,day_ahead_price,value,2026-06-23T05:42:01Z
2026-06-23T05:41:39Z,2026-06-23T07:41:39+0200,c1c18315-63b2-412d-a1be-e7c0796f2236,2026-06-21T18:00:00Z,2026-06-21T20:00:00+0200,140.13,EUR/MWh,BE,BE,day_ahead_price,value,2026-06-23T05:42:01Z
2026-06-23T05:41:39Z,2026-06-23T07:41:39+0200,c1c18315-63b2-412d-a1be-e7c0796f2236,2026-06-21T18:15:00Z,2026-06-21T20:15:00+0200,146.55,EUR/MWh,BE,BE,day_ahead_price,value,2026-06-23T05:42:01Z
2026-06-23T05:41:39Z,2026-06-23T07:41:39+0200,c1c18315-63b2-412d-a1be-e7c0796f2236,2026-06-21T18:30:00Z,2026-06-21T20:30:00+0200,148.27,EUR/MWh,BE,BE,day_ahead_price,value,2026-06-23T05:42:01Z
2026-06-23T05:41:39Z,2026-06-23T07:41:39+0200,c1c18315-63b2-412d-a1be-e7c0796f2236,2026-06-21T18:45:00Z,2026-06-21T20:45:00+0200,150.59,EUR/MWh,BE,BE,day_ahead_price,value,2026-06-23T05:42:01Z
2026-06-23T05:41:39Z,2026-06-23T07:41:39+0200,c1c18315-63b2-412d-a1be-e7c0796f2236,2026-06-21T19:00:00Z,2026-06-21T21:00:00+0200,149.93,EUR/MWh,BE,BE,day_ahead_price,value,2026-06-23T05:42:01Z
2026-06-23T05:41:39Z,2026-06-23T07:41:39+0200,c1c18315-63b2-412d-a1be-e7c0796f2236,2026-06-21T19:15:00Z,2026-06-21T21:15:00+0200,150.01,EUR/MWh,BE,BE,day_ahead_price,value,2026-06-23T05:42:01Z
2026-06-23T05:41:39Z,2026-06-23T07:41:39+0200,c1c18315-63b2-412d-a1be-e7c0796f2236,2026-06-21T19:30:00Z,2026-06-21T21:30:00+0200,153.32,EUR/MWh,BE,BE,day_ahead_price,value,2026-06-23T05:42:01Z
2026-06-23T05:41:39Z,2026-06-23T07:41:39+0200,c1c18315-63b2-412d-a1be-e7c0796f2236,2026-06-21T19:45:00Z,2026-06-21T21:45:00+0200,150.01,EUR/MWh,BE,BE,day_ahead_price,value,2026-06-23T05:42:01Z
2026-06-23T05:41:39Z,2026-06-23T07:41:39+0200,c1c18315-63b2-412d-a1be-e7c0796f2236,2026-06-21T20:00:00Z,2026-06-21T22:00:00+0200,148.9,EUR/MWh,BE,BE,day_ahead_price,value,2026-06-23T05:42:01Z
2026-06-23T05:41:39Z,2026-06-23T07:41:39+0200,c1c18315-63b2-412d-a1be-e7c0796f2236,2026-06-21T20:15:00Z,2026-06-21T22:15:00+0200,148.29,EUR/MWh,BE,BE,day_ahead_price,value,2026-06-23T05:42:01Z
2026-06-23T05:41:39Z,2026-06-23T07:41:39+0200,c1c18315-63b2-412d-a1be-e7c0796f2236,2026-06-21T20:30:00Z,2026-06-21T22:30:00+0200,145.41,EUR/MWh,BE,BE,day_ahead_price,value,2026-06-23T05:42:01Z
2026-06-23T05:41:39Z,2026-06-23T07:41:39+0200,c1c18315-63b2-412d-a1be-e7c0796f2236,2026-06-21T20:45:00Z,2026-06-21T22:45:00+0200,138.17,EUR/MWh,BE,BE,day_ahead_price,value,2026-06-23T05:42:01Z
2026-06-23T05:41:39Z,2026-06-23T07:41:39+0200,c1c18315-63b2-412d-a1be-e7c0796f2236,2026-06-21T21:00:00Z,2026-06-21T23:00:00+0200,140.68,EUR/MWh,BE,BE,day_ahead_price,value,2026-06-23T05:42:01Z
2026-06-23T05:41:39Z,2026-06-23T07:41:39+0200,c1c18315-63b2-412d-a1be-e7c0796f2236,2026-06-21T21:15:00Z,2026-06-21T23:15:00+0200,135.28,EUR/MWh,BE,BE,day_ahead_price,value,2026-06-23T05:42:01Z
2026-06-23T05:41:39Z,2026-06-23T07:41:39+0200,c1c18315-63b2-412d-a1be-e7c0796f2236,2026-06-21T21:30:00Z,2026-06-21T23:30:00+0200,132.07,EUR/MWh,BE,BE,day_ahead_price,value,2026-06-23T05:42:01Z
2026-06-23T05:41:39Z,2026-06-23T07:41:39+0200,c1c18315-63b2-412d-a1be-e7c0796f2236,2026-06-21T21:45:00Z,2026-06-21T23:45:00+0200,122.5,EUR/MWh,BE,BE,day_ahead_price,value,2026-06-23T05:42:01Z
2026-06-23T05:41:39Z,2026-06-23T07:41:39+0200,c1c18315-63b2-412d-a1be-e7c0796f2236,2026-06-21T22:00:00Z,2026-06-22T00:00:00+0200,134.31,EUR/MWh,BE,BE,day_ahead_price,value,2026-06-23T05:42:01Z
2026-06-23T05:41:39Z,2026-06-23T07:41:39+0200,c1c18315-63b2-412d-a1be-e7c0796f2236,2026-06-21T22:15:00Z,2026-06-22T00:15:00+0200,126.86,EUR/MWh,BE,BE,day_ahead_price,value,2026-06-23T05:42:01Z
2026-06-23T05:41:39Z,2026-06-23T07:41:39+0200,c1c18315-63b2-412d-a1be-e7c0796f2236,2026-06-21T22:30:00Z,2026-06-22T00:30:00+0200,122.46,EUR/MWh,BE,BE,day_ahead_price,value,2026-06-23T05:42:01Z
2026-06-23T05:41:39Z,2026-06-23T07:41:39+0200,c1c18315-63b2-412d-a1be-e7c0796f2236,2026-06-21T22:45:00Z,2026-06-22T00:45:00+0200,117.88,EUR/MWh,BE,BE,day_ahead_price,value,2026-06-23T05:42:01Z
2026-06-23T05:41:39Z,2026-06-23T07:41:39+0200,c1c18315-63b2-412d-a1be-e7c0796f2236,2026-06-21T23:00:00Z,2026-06-22T01:00:00+0200,121.75,EUR/MWh,BE,BE,day_ahead_price,value,2026-06-23T05:42:01Z
2026-06-23T05:41:39Z,2026-06-23T07:41:39+0200,c1c18315-63b2-412d-a1be-e7c0796f2236,2026-06-21T23:15:00Z,2026-06-22T01:15:00+0200,119.97,EUR/MWh,BE,BE,day_ahead_price,value,2026-06-23T05:42:01Z
2026-06-23T05:41:39Z,2026-06-23T07:41:39+0200,c1c18315-63b2-412d-a1be-e7c0796f2236,2026-06-21T23:30:00Z,2026-06-22T01:30:00+0200,118.16,EUR/MWh,BE,BE,day_ahead_price,value,2026-06-23T05:42:01Z
2026-06-23T05:41:39Z,2026-06-23T07:41:39+0200,c1c18315-63b2-412d-a1be-e7c0796f2236,2026-06-21T23:45:00Z,2026-06-22T01:45:00+0200,115.83,EUR/MWh,BE,BE,day_ahead_price,value,2026-06-23T05:42:01Z
2026-06-23T05:41:39Z,2026-06-23T07:41:39+0200,c1c18315-63b2-412d-a1be-e7c0796f2236,2026-06-22T00:00:00Z,2026-06-22T02:00:00+0200,117.75,EUR/MWh,BE,BE,day_ahead_price,value,2026-06-23T05:42:01Z
2026-06-23T05:41:39Z,2026-06-23T07:41:39+0200,c1c18315-63b2-412d-a1be-e7c0796f2236,2026-06-22T00:15:00Z,2026-06-22T02:15:00+0200,112.78,EUR/MWh,BE,BE,day_ahead_price,value,2026-06-23T05:42:01Z
2026-06-23T05:41:39Z,2026-06-23T07:41:39+0200,c1c18315-63b2-412d-a1be-e7c0796f2236,2026-06-22T00:30:00Z,2026-06-22T02:30:00+0200,107.09,EUR/MWh,BE,BE,day_ahead_price,value,2026-06-23T05:42:01Z
2026-06-23T05:41:39Z,2026-06-23T07:41:39+0200,c1c18315-63b2-412d-a1be-e7c0796f2236,2026-06-22T00:45:00Z,2026-06-22T02:45:00+0200,100.79,EUR/MWh,BE,BE,day_ahead_price,value,2026-06-23T05:42:01Z
2026-06-23T05:41:39Z,2026-06-23T07:41:39+0200,c1c18315-63b2-412d-a1be-e7c0796f2236,2026-06-22T01:00:00Z,2026-06-22T03:00:00+0200,109.59,EUR/MWh,BE,BE,day_ahead_price,value,2026-06-23T05:42:01Z
2026-06-23T05:41:39Z,2026-06-23T07:41:39+0200,c1c18315-63b2-412d-a1be-e7c0796f2236,2026-06-22T01:15:00Z,2026-06-22T03:15:00+0200,107.75,EUR/MWh,BE,BE,day_ahead_price,value,2026-06-23T05:42:01Z
2026-06-23T05:41:39Z,2026-06-23T07:41:39+0200,c1c18315-63b2-412d-a1be-e7c0796f2236,2026-06-22T01:30:00Z,2026-06-22T03:30:00+0200,106.26,EUR/MWh,BE,BE,day_ahead_price,value,2026-06-23T05:42:01Z
2026-06-23T05:41:39Z,2026-06-23T07:41:39+0200,c1c18315-63b2-412d-a1be-e7c0796f2236,2026-06-22T01:45:00Z,2026-06-22T03:45:00+0200,106.08,EUR/MWh,BE,BE,day_ahead_price,value,2026-06-23T05:42:01Z
2026-06-23T05:41:39Z,2026-06-23T07:41:39+0200,c1c18315-63b2-412d-a1be-e7c0796f2236,2026-06-22T02:00:00Z,2026-06-22T04:00:00+0200,107.0,EUR/MWh,BE,BE,day_ahead_price,value,2026-06-23T05:42:01Z
2026-06-23T05:41:39Z,2026-06-23T07:41:39+0200,c1c18315-63b2-412d-a1be-e7c0796f2236,2026-06-22T02:15:00Z,2026-06-22T04:15:00+0200,110.22,EUR/MWh,BE,BE,day_ahead_price,value,2026-06-23T05:42:01Z
2026-06-23T05:41:39Z,2026-06-23T07:41:39+0200,c1c18315-63b2-412d-a1be-e7c0796f2236,2026-06-22T02:30:00Z,2026-06-22T04:30:00+0200,108.24,EUR/MWh,BE,BE,day_ahead_price,value,2026-06-23T05:42:01Z
2026-06-23T05:41:39Z,2026-06-23T07:41:39+0200,c1c18315-63b2-412d-a1be-e7c0796f2236,2026-06-22T02:45:00Z,2026-06-22T04:45:00+0200,113.09,EUR/MWh,BE,BE,day_ahead_price,value,2026-06-23T05:42:01Z
2026-06-23T05:41:39Z,2026-06-23T07:41:39+0200,c1c18315-63b2-412d-a1be-e7c0796f2236,2026-06-22T03:00:00Z,2026-06-22T05:00:00+0200,112.22,EUR/MWh,BE,BE,day_ahead_price,value,2026-06-23T05:42:01Z
2026-06-23T05:41:39Z,2026-06-23T07:41:39+0200,c1c18315-63b2-412d-a1be-e7c0796f2236,2026-06-22T03:15:00Z,2026-06-22T05:15:00+0200,115.62,EUR/MWh,BE,BE,day_ahead_price,value,2026-06-23T05:42:01Z
2026-06-23T05:41:39Z,2026-06-23T07:41:39+0200,c1c18315-63b2-412d-a1be-e7c0796f2236,2026-06-22T03:30:00Z,2026-06-22T05:30:00+0200,118.31,EUR/MWh,BE,BE,day_ahead_price,value,2026-06-23T05:42:01Z
2026-06-23T05:41:39Z,2026-06-23T07:41:39+0200,c1c18315-63b2-412d-a1be-e7c0796f2236,2026-06-22T03:45:00Z,2026-06-22T05:45:00+0200,126.91,EUR/MWh,BE,BE,day_ahead_price,value,2026-06-23T05:42:01Z
2026-06-23T05:41:39Z,2026-06-23T07:41:39+0200,c1c18315-63b2-412d-a1be-e7c0796f2236,2026-06-22T04:00:00Z,2026-06-22T06:00:00+0200,129.45,EUR/MWh,BE,BE,day_ahead_price,value,2026-06-23T05:42:01Z
2026-06-23T05:41:39Z,2026-06-23T07:41:39+0200,c1c18315-63b2-412d-a1be-e7c0796f2236,2026-06-22T04:15:00Z,2026-06-22T06:15:00+0200,135.26,EUR/MWh,BE,BE,day_ahead_price,value,2026-06-23T05:42:01Z
2026-06-23T05:41:39Z,2026-06-23T07:41:39+0200,c1c18315-63b2-412d-a1be-e7c0796f2236,2026-06-22T04:30:00Z,2026-06-22T06:30:00+0200,136.42,EUR/MWh,BE,BE,day_ahead_price,value,2026-06-23T05:42:01Z
2026-06-23T05:41:39Z,2026-06-23T07:41:39+0200,c1c18315-63b2-412d-a1be-e7c0796f2236,2026-06-22T04:45:00Z,2026-06-22T06:45:00+0200,136.82,EUR/MWh,BE,BE,day_ahead_price,value,2026-06-23T05:42:01Z
2026-06-23T05:41:39Z,2026-06-23T07:41:39+0200,c1c18315-63b2-412d-a1be-e7c0796f2236,2026-06-22T05:00:00Z,2026-06-22T07:00:00+0200,151.77,EUR/MWh,BE,BE,day_ahead_price,value,2026-06-23T05:42:01Z
2026-06-23T05:41:39Z,2026-06-23T07:41:39+0200,c1c18315-63b2-412d-a1be-e7c0796f2236,2026-06-22T05:15:00Z,2026-06-22T07:15:00+0200,147.33,EUR/MWh,BE,BE,day_ahead_price,value,2026-06-23T05:42:01Z
2026-06-23T05:41:39Z,2026-06-23T07:41:39+0200,c1c18315-63b2-412d-a1be-e7c0796f2236,2026-06-22T05:30:00Z,2026-06-22T07:30:00+0200,145.3,EUR/MWh,BE,BE,day_ahead_price,value,2026-06-23T05:42:01Z
2026-06-23T05:41:39Z,2026-06-23T07:41:39+0200,c1c18315-63b2-412d-a1be-e7c0796f2236,2026-06-22T05:45:00Z,2026-06-22T07:45:00+0200,133.84,EUR/MWh,BE,BE,day_ahead_price,value,2026-06-23T05:42:01Z
2026-06-23T05:41:39Z,2026-06-23T07:41:39+0200,c1c18315-63b2-412d-a1be-e7c0796f2236,2026-06-22T06:00:00Z,2026-06-22T08:00:00+0200,146.11,EUR/MWh,BE,BE,day_ahead_price,value,2026-06-23T05:42:01Z
2026-06-23T05:41:39Z,2026-06-23T07:41:39+0200,c1c18315-63b2-412d-a1be-e7c0796f2236,2026-06-22T06:15:00Z,2026-06-22T08:15:00+0200,133.3,EUR/MWh,BE,BE,day_ahead_price,value,2026-06-23T05:42:01Z
2026-06-23T05:41:39Z,2026-06-23T07:41:39+0200,c1c18315-63b2-412d-a1be-e7c0796f2236,2026-06-22T06:30:00Z,2026-06-22T08:30:00+0200,124.87,EUR/MWh,BE,BE,day_ahead_price,value,2026-06-23T05:42:01Z
2026-06-23T05:41:39Z,2026-06-23T07:41:39+0200,c1c18315-63b2-412d-a1be-e7c0796f2236,2026-06-22T06:45:00Z,2026-06-22T08:45:00+0200,107.58,EUR/MWh,BE,BE,day_ahead_price,value,2026-06-23T05:42:01Z
2026-06-23T05:41:39Z,2026-06-23T07:41:39+0200,c1c18315-63b2-412d-a1be-e7c0796f2236,2026-06-22T07:00:00Z,2026-06-22T09:00:00+0200,126.57,EUR/MWh,BE,BE,day_ahead_price,value,2026-06-23T05:42:01Z
2026-06-23T05:41:39Z,2026-06-23T07:41:39+0200,c1c18315-63b2-412d-a1be-e7c0796f2236,2026-06-22T07:15:00Z,2026-06-22T09:15:00+0200,127.51,EUR/MWh,BE,BE,day_ahead_price,value,2026-06-23T05:42:01Z
2026-06-23T05:41:39Z,2026-06-23T07:41:39+0200,c1c18315-63b2-412d-a1be-e7c0796f2236,2026-06-22T07:30:00Z,2026-06-22T09:30:00+0200,113.69,EUR/MWh,BE,BE,day_ahead_price,value,2026-06-23T05:42:01Z
2026-06-23T05:41:39Z,2026-06-23T07:41:39+0200,c1c18315-63b2-412d-a1be-e7c0796f2236,2026-06-22T07:45:00Z,2026-06-22T09:45:00+0200,99.21,EUR/MWh,BE,BE,day_ahead_price,value,2026-06-23T05:42:01Z
2026-06-23T05:41:39Z,2026-06-23T07:41:39+0200,c1c18315-63b2-412d-a1be-e7c0796f2236,2026-06-22T08:00:00Z,2026-06-22T10:00:00+0200,121.56,EUR/MWh,BE,BE,day_ahead_price,value,2026-06-23T05:42:01Z
2026-06-23T05:41:39Z,2026-06-23T07:41:39+0200,c1c18315-63b2-412d-a1be-e7c0796f2236,2026-06-22T08:15:00Z,2026-06-22T10:15:00+0200,97.82,EUR/MWh,BE,BE,day_ahead_price,value,2026-06-23T05:42:01Z
2026-06-23T05:41:39Z,2026-06-23T07:41:39+0200,c1c18315-63b2-412d-a1be-e7c0796f2236,2026-06-22T08:30:00Z,2026-06-22T10:30:00+0200,82.46,EUR/MWh,BE,BE,day_ahead_price,value,2026-06-23T05:42:01Z
2026-06-23T05:41:39Z,2026-06-23T07:41:39+0200,c1c18315-63b2-412d-a1be-e7c0796f2236,2026-06-22T08:45:00Z,2026-06-22T10:45:00+0200,65.0,EUR/MWh,BE,BE,day_ahead_price,value,2026-06-23T05:42:01Z
2026-06-23T05:41:39Z,2026-06-23T07:41:39+0200,c1c18315-63b2-412d-a1be-e7c0796f2236,2026-06-22T09:00:00Z,2026-06-22T11:00:00+0200,71.01,EUR/MWh,BE,BE,day_ahead_price,value,2026-06-23T05:42:01Z
2026-06-23T05:41:39Z,2026-06-23T07:41:39+0200,c1c18315-63b2-412d-a1be-e7c0796f2236,2026-06-22T09:15:00Z,2026-06-22T11:15:00+0200,61.2,EUR/MWh,BE,BE,day_ahead_price,value,2026-06-23T05:42:01Z
2026-06-23T05:41:39Z,2026-06-23T07:41:39+0200,c1c18315-63b2-412d-a1be-e7c0796f2236,2026-06-22T09:30:00Z,2026-06-22T11:30:00+0200,51.0,EUR/MWh,BE,BE,day_ahead_price,value,2026-06-23T05:42:01Z
2026-06-23T05:41:39Z,2026-06-23T07:41:39+0200,c1c18315-63b2-412d-a1be-e7c0796f2236,2026-06-22T09:45:00Z,2026-06-22T11:45:00+0200,46.0,EUR/MWh,BE,BE,day_ahead_price,value,2026-06-23T05:42:01Z
2026-06-23T05:41:39Z,2026-06-23T07:41:39+0200,c1c18315-63b2-412d-a1be-e7c0796f2236,2026-06-22T10:00:00Z,2026-06-22T12:00:00+0200,49.66,EUR/MWh,BE,BE,day_ahead_price,value,2026-06-23T05:42:01Z
2026-06-23T05:41:39Z,2026-06-23T07:41:39+0200,c1c18315-63b2-412d-a1be-e7c0796f2236,2026-06-22T10:15:00Z,2026-06-22T12:15:00+0200,40.5,EUR/MWh,BE,BE,day_ahead_price,value,2026-06-23T05:42:01Z
2026-06-23T05:41:39Z,2026-06-23T07:41:39+0200,c1c18315-63b2-412d-a1be-e7c0796f2236,2026-06-22T10:30:00Z,2026-06-22T12:30:00+0200,37.9,EUR/MWh,BE,BE,day_ahead_price,value,2026-06-23T05:42:01Z
2026-06-23T05:41:39Z,2026-06-23T07:41:39+0200,c1c18315-63b2-412d-a1be-e7c0796f2236,2026-06-22T10:45:00Z,2026-06-22T12:45:00+0200,30.01,EUR/MWh,BE,BE,day_ahead_price,value,2026-06-23T05:42:01Z
2026-06-23T05:41:39Z,2026-06-23T07:41:39+0200,c1c18315-63b2-412d-a1be-e7c0796f2236,2026-06-22T11:00:00Z,2026-06-22T13:00:00+0200,35.68,EUR/MWh,BE,BE,day_ahead_price,value,2026-06-23T05:42:01Z
2026-06-23T05:41:39Z,2026-06-23T07:41:39+0200,c1c18315-63b2-412d-a1be-e7c0796f2236,2026-06-22T11:15:00Z,2026-06-22T13:15:00+0200,33.19,EUR/MWh,BE,BE,day_ahead_price,value,2026-06-23T05:42:01Z
2026-06-23T05:41:39Z,2026-06-23T07:41:39+0200,c1c18315-63b2-412d-a1be-e7c0796f2236,2026-06-22T11:30:00Z,2026-06-22T13:30:00+0200,30.24,EUR/MWh,BE,BE,day_ahead_price,value,2026-06-23T05:42:01Z
2026-06-23T05:41:39Z,2026-06-23T07:41:39+0200,c1c18315-63b2-412d-a1be-e7c0796f2236,2026-06-22T11:45:00Z,2026-06-22T13:45:00+0200,30.39,EUR/MWh,BE,BE,day_ahead_price,value,2026-06-23T05:42:01Z
2026-06-23T05:41:39Z,2026-06-23T07:41:39+0200,c1c18315-63b2-412d-a1be-e7c0796f2236,2026-06-22T12:00:00Z,2026-06-22T14:00:00+0200,42.11,EUR/MWh,BE,BE,day_ahead_price,value,2026-06-23T05:42:01Z
2026-06-23T05:41:39Z,2026-06-23T07:41:39+0200,c1c18315-63b2-412d-a1be-e7c0796f2236,2026-06-22T12:15:00Z,2026-06-22T14:15:00+0200,46.33,EUR/MWh,BE,BE,day_ahead_price,value,2026-06-23T05:42:01Z
2026-06-23T05:41:39Z,2026-06-23T07:41:39+0200,c1c18315-63b2-412d-a1be-e7c0796f2236,2026-06-22T12:30:00Z,2026-06-22T14:30:00+0200,53.03,EUR/MWh,BE,BE,day_ahead_price,value,2026-06-23T05:42:01Z
2026-06-23T05:41:39Z,2026-06-23T07:41:39+0200,c1c18315-63b2-412d-a1be-e7c0796f2236,2026-06-22T12:45:00Z,2026-06-22T14:45:00+0200,66.22,EUR/MWh,BE,BE,day_ahead_price,value,2026-06-23T05:42:01Z
2026-06-23T05:41:39Z,2026-06-23T07:41:39+0200,c1c18315-63b2-412d-a1be-e7c0796f2236,2026-06-22T13:00:00Z,2026-06-22T15:00:00+0200,49.41,EUR/MWh,BE,BE,day_ahead_price,value,2026-06-23T05:42:01Z
2026-06-23T05:41:39Z,2026-06-23T07:41:39+0200,c1c18315-63b2-412d-a1be-e7c0796f2236,2026-06-22T13:15:00Z,2026-06-22T15:15:00+0200,61.59,EUR/MWh,BE,BE,day_ahead_price,value,2026-06-23T05:42:01Z
2026-06-23T05:41:39Z,2026-06-23T07:41:39+0200,c1c18315-63b2-412d-a1be-e7c0796f2236,2026-06-22T13:30:00Z,2026-06-22T15:30:00+0200,65.51,EUR/MWh,BE,BE,day_ahead_price,value,2026-06-23T05:42:01Z
2026-06-23T05:41:39Z,2026-06-23T07:41:39+0200,c1c18315-63b2-412d-a1be-e7c0796f2236,2026-06-22T13:45:00Z,2026-06-22T15:45:00+0200,81.12,EUR/MWh,BE,BE,day_ahead_price,value,2026-06-23T05:42:01Z
2026-06-23T05:41:39Z,2026-06-23T07:41:39+0200,c1c18315-63b2-412d-a1be-e7c0796f2236,2026-06-22T14:00:00Z,2026-06-22T16:00:00+0200,72.3,EUR/MWh,BE,BE,day_ahead_price,value,2026-06-23T05:42:01Z
2026-06-23T05:41:39Z,2026-06-23T07:41:39+0200,c1c18315-63b2-412d-a1be-e7c0796f2236,2026-06-22T14:15:00Z,2026-06-22T16:15:00+0200,84.33,EUR/MWh,BE,BE,day_ahead_price,value,2026-06-23T05:42:01Z
2026-06-23T05:41:39Z,2026-06-23T07:41:39+0200,c1c18315-63b2-412d-a1be-e7c0796f2236,2026-06-22T14:30:00Z,2026-06-22T16:30:00+0200,93.92,EUR/MWh,BE,BE,day_ahead_price,value,2026-06-23T05:42:01Z
2026-06-23T05:41:39Z,2026-06-23T07:41:39+0200,c1c18315-63b2-412d-a1be-e7c0796f2236,2026-06-22T14:45:00Z,2026-06-22T16:45:00+0200,112.92,EUR/MWh,BE,BE,day_ahead_price,value,2026-06-23T05:42:01Z
2026-06-23T05:41:39Z,2026-06-23T07:41:39+0200,c1c18315-63b2-412d-a1be-e7c0796f2236,2026-06-22T15:00:00Z,2026-06-22T17:00:00+0200,91.64,EUR/MWh,BE,BE,day_ahead_price,value,2026-06-23T05:42:01Z
2026-06-23T05:41:39Z,2026-06-23T07:41:39+0200,c1c18315-63b2-412d-a1be-e7c0796f2236,2026-06-22T15:15:00Z,2026-06-22T17:15:00+0200,110.63,EUR/MWh,BE,BE,day_ahead_price,value,2026-06-23T05:42:01Z
2026-06-23T05:41:39Z,2026-06-23T07:41:39+0200,c1c18315-63b2-412d-a1be-e7c0796f2236,2026-06-22T15:30:00Z,2026-06-22T17:30:00+0200,119.39,EUR/MWh,BE,BE,day_ahead_price,value,2026-06-23T05:42:01Z
2026-06-23T05:41:39Z,2026-06-23T07:41:39+0200,c1c18315-63b2-412d-a1be-e7c0796f2236,2026-06-22T15:45:00Z,2026-06-22T17:45:00+0200,132.46,EUR/MWh,BE,BE,day_ahead_price,value,2026-06-23T05:42:01Z
2026-06-23T05:41:39Z,2026-06-23T07:41:39+0200,c1c18315-63b2-412d-a1be-e7c0796f2236,2026-06-22T16:00:00Z,2026-06-22T18:00:00+0200,111.51,EUR/MWh,BE,BE,day_ahead_price,value,2026-06-23T05:42:01Z
2026-06-23T05:41:39Z,2026-06-23T07:41:39+0200,c1c18315-63b2-412d-a1be-e7c0796f2236,2026-06-22T16:15:00Z,2026-06-22T18:15:00+0200,128.69,EUR/MWh,BE,BE,day_ahead_price,value,2026-06-23T05:42:01Z
2026-06-23T05:41:39Z,2026-06-23T07:41:39+0200,c1c18315-63b2-412d-a1be-e7c0796f2236,2026-06-22T16:30:00Z,2026-06-22T18:30:00+0200,149.01,EUR/MWh,BE,BE,day_ahead_price,value,2026-06-23T05:42:01Z
2026-06-23T05:41:39Z,2026-06-23T07:41:39+0200,c1c18315-63b2-412d-a1be-e7c0796f2236,2026-06-22T16:45:00Z,2026-06-22T18:45:00+0200,181.58,EUR/MWh,BE,BE,day_ahead_price,value,2026-06-23T05:42:01Z
2026-06-23T05:41:39Z,2026-06-23T07:41:39+0200,c1c18315-63b2-412d-a1be-e7c0796f2236,2026-06-22T17:00:00Z,2026-06-22T19:00:00+0200,150.06,EUR/MWh,BE,BE,day_ahead_price,value,2026-06-23T05:42:01Z
2026-06-23T05:41:39Z,2026-06-23T07:41:39+0200,c1c18315-63b2-412d-a1be-e7c0796f2236,2026-06-22T17:15:00Z,2026-06-22T19:15:00+0200,165.89,EUR/MWh,BE,BE,day_ahead_price,value,2026-06-23T05:42:01Z
2026-06-23T05:41:39Z,2026-06-23T07:41:39+0200,c1c18315-63b2-412d-a1be-e7c0796f2236,2026-06-22T17:30:00Z,2026-06-22T19:30:00+0200,206.73,EUR/MWh,BE,BE,day_ahead_price,value,2026-06-23T05:42:01Z
2026-06-23T05:41:39Z,2026-06-23T07:41:39+0200,c1c18315-63b2-412d-a1be-e7c0796f2236,2026-06-22T17:45:00Z,2026-06-22T19:45:00+0200,254.11,EUR/MWh,BE,BE,day_ahead_price,value,2026-06-23T05:42:01Z
2026-06-23T05:41:39Z,2026-06-23T07:41:39+0200,c1c18315-63b2-412d-a1be-e7c0796f2236,2026-06-22T18:00:00Z,2026-06-22T20:00:00+0200,219.04,EUR/MWh,BE,BE,day_ahead_price,value,2026-06-23T05:42:01Z
2026-06-23T05:41:39Z,2026-06-23T07:41:39+0200,c1c18315-63b2-412d-a1be-e7c0796f2236,2026-06-22T18:15:00Z,2026-06-22T20:15:00+0200,256.87,EUR/MWh,BE,BE,day_ahead_price,value,2026-06-23T05:42:01Z
2026-06-23T05:41:39Z,2026-06-23T07:41:39+0200,c1c18315-63b2-412d-a1be-e7c0796f2236,2026-06-22T18:30:00Z,2026-06-22T20:30:00+0200,291.6,EUR/MWh,BE,BE,day_ahead_price,value,2026-06-23T05:42:01Z
2026-06-23T05:41:39Z,2026-06-23T07:41:39+0200,c1c18315-63b2-412d-a1be-e7c0796f2236,2026-06-22T18:45:00Z,2026-06-22T20:45:00+0200,297.53,EUR/MWh,BE,BE,day_ahead_price,value,2026-06-23T05:42:01Z
2026-06-23T05:41:39Z,2026-06-23T07:41:39+0200,c1c18315-63b2-412d-a1be-e7c0796f2236,2026-06-22T19:00:00Z,2026-06-22T21:00:00+0200,301.7,EUR/MWh,BE,BE,day_ahead_price,value,2026-06-23T05:42:01Z
2026-06-23T05:41:39Z,2026-06-23T07:41:39+0200,c1c18315-63b2-412d-a1be-e7c0796f2236,2026-06-22T19:15:00Z,2026-06-22T21:15:00+0200,281.5,EUR/MWh,BE,BE,day_ahead_price,value,2026-06-23T05:42:01Z
2026-06-23T05:41:39Z,2026-06-23T07:41:39+0200,c1c18315-63b2-412d-a1be-e7c0796f2236,2026-06-22T19:30:00Z,2026-06-22T21:30:00+0200,249.59,EUR/MWh,BE,BE,day_ahead_price,value,2026-06-23T05:42:01Z
2026-06-23T05:41:39Z,2026-06-23T07:41:39+0200,c1c18315-63b2-412d-a1be-e7c0796f2236,2026-06-22T19:45:00Z,2026-06-22T21:45:00+0200,207.36,EUR/MWh,BE,BE,day_ahead_price,value,2026-06-23T05:42:01Z
2026-06-23T05:41:39Z,2026-06-23T07:41:39+0200,c1c18315-63b2-412d-a1be-e7c0796f2236,2026-06-22T20:00:00Z,2026-06-22T22:00:00+0200,235.06,EUR/MWh,BE,BE,day_ahead_price,value,2026-06-23T05:42:01Z
2026-06-23T05:41:39Z,2026-06-23T07:41:39+0200,c1c18315-63b2-412d-a1be-e7c0796f2236,2026-06-22T20:15:00Z,2026-06-22T22:15:00+0200,208.89,EUR/MWh,BE,BE,day_ahead_price,value,2026-06-23T05:42:01Z
2026-06-23T05:41:39Z,2026-06-23T07:41:39+0200,c1c18315-63b2-412d-a1be-e7c0796f2236,2026-06-22T20:30:00Z,2026-06-22T22:30:00+0200,170.6,EUR/MWh,BE,BE,day_ahead_price,value,2026-06-23T05:42:01Z
2026-06-23T05:41:39Z,2026-06-23T07:41:39+0200,c1c18315-63b2-412d-a1be-e7c0796f2236,2026-06-22T20:45:00Z,2026-06-22T22:45:00+0200,153.46,EUR/MWh,BE,BE,day_ahead_price,value,2026-06-23T05:42:01Z
2026-06-23T05:41:39Z,2026-06-23T07:41:39+0200,c1c18315-63b2-412d-a1be-e7c0796f2236,2026-06-22T21:00:00Z,2026-06-22T23:00:00+0200,164.56,EUR/MWh,BE,BE,day_ahead_price,value,2026-06-23T05:42:01Z
2026-06-23T05:41:39Z,2026-06-23T07:41:39+0200,c1c18315-63b2-412d-a1be-e7c0796f2236,2026-06-22T21:15:00Z,2026-06-22T23:15:00+0200,180.23,EUR/MWh,BE,BE,day_ahead_price,value,2026-06-23T05:42:01Z
2026-06-23T05:41:39Z,2026-06-23T07:41:39+0200,c1c18315-63b2-412d-a1be-e7c0796f2236,2026-06-22T21:30:00Z,2026-06-22T23:30:00+0200,171.53,EUR/MWh,BE,BE,day_ahead_price,value,2026-06-23T05:42:01Z
2026-06-23T05:41:39Z,2026-06-23T07:41:39+0200,c1c18315-63b2-412d-a1be-e7c0796f2236,2026-06-22T21:45:00Z,2026-06-22T23:45:00+0200,148.53,EUR/MWh,BE,BE,day_ahead_price,value,2026-06-23T05:42:01Z
2026-06-23T05:41:39Z,2026-06-23T07:41:39+0200,c1c18315-63b2-412d-a1be-e7c0796f2236,2026-06-22T22:00:00Z,2026-06-23T00:00:00+0200,154.13,EUR/MWh,BE,BE,day_ahead_price,value,2026-06-23T05:42:01Z
2026-06-23T05:41:39Z,2026-06-23T07:41:39+0200,c1c18315-63b2-412d-a1be-e7c0796f2236,2026-06-22T22:15:00Z,2026-06-23T00:15:00+0200,148.5,EUR/MWh,BE,BE,day_ahead_price,value,2026-06-23T05:42:01Z
2026-06-23T05:41:39Z,2026-06-23T07:41:39+0200,c1c18315-63b2-412d-a1be-e7c0796f2236,2026-06-22T22:30:00Z,2026-06-23T00:30:00+0200,142.04,EUR/MWh,BE,BE,day_ahead_price,value,2026-06-23T05:42:01Z
2026-06-23T05:41:39Z,2026-06-23T07:41:39+0200,c1c18315-63b2-412d-a1be-e7c0796f2236,2026-06-22T22:45:00Z,2026-06-23T00:45:00+0200,137.56,EUR/MWh,BE,BE,day_ahead_price,value,2026-06-23T05:42:01Z
2026-06-23T05:41:39Z,2026-06-23T07:41:39+0200,c1c18315-63b2-412d-a1be-e7c0796f2236,2026-06-22T23:00:00Z,2026-06-23T01:00:00+0200,140.87,EUR/MWh,BE,BE,day_ahead_price,value,2026-06-23T05:42:01Z
2026-06-23T05:41:39Z,2026-06-23T07:41:39+0200,c1c18315-63b2-412d-a1be-e7c0796f2236,2026-06-22T23:15:00Z,2026-06-23T01:15:00+0200,136.59,EUR/MWh,BE,BE,day_ahead_price,value,2026-06-23T05:42:01Z
2026-06-23T05:41:39Z,2026-06-23T07:41:39+0200,c1c18315-63b2-412d-a1be-e7c0796f2236,2026-06-22T23:30:00Z,2026-06-23T01:30:00+0200,135.62,EUR/MWh,BE,BE,day_ahead_price,value,2026-06-23T05:42:01Z
2026-06-23T05:41:39Z,2026-06-23T07:41:39+0200,c1c18315-63b2-412d-a1be-e7c0796f2236,2026-06-22T23:45:00Z,2026-06-23T01:45:00+0200,133.14,EUR/MWh,BE,BE,day_ahead_price,value,2026-06-23T05:42:01Z
2026-06-23T05:41:39Z,2026-06-23T07:41:39+0200,c1c18315-63b2-412d-a1be-e7c0796f2236,2026-06-23T00:00:00Z,2026-06-23T02:00:00+0200,135.88,EUR/MWh,BE,BE,day_ahead_price,value,2026-06-23T05:42:01Z
2026-06-23T05:41:39Z,2026-06-23T07:41:39+0200,c1c18315-63b2-412d-a1be-e7c0796f2236,2026-06-23T00:15:00Z,2026-06-23T02:15:00+0200,133.81,EUR/MWh,BE,BE,day_ahead_price,value,2026-06-23T05:42:01Z
2026-06-23T05:41:39Z,2026-06-23T07:41:39+0200,c1c18315-63b2-412d-a1be-e7c0796f2236,2026-06-23T00:30:00Z,2026-06-23T02:30:00+0200,132.51,EUR/MWh,BE,BE,day_ahead_price,value,2026-06-23T05:42:01Z
2026-06-23T05:41:39Z,2026-06-23T07:41:39+0200,c1c18315-63b2-412d-a1be-e7c0796f2236,2026-06-23T00:45:00Z,2026-06-23T02:45:00+0200,133.05,EUR/MWh,BE,BE,day_ahead_price,value,2026-06-23T05:42:01Z
2026-06-23T05:41:39Z,2026-06-23T07:41:39+0200,c1c18315-63b2-412d-a1be-e7c0796f2236,2026-06-23T01:00:00Z,2026-06-23T03:00:00+0200,133.42,EUR/MWh,BE,BE,day_ahead_price,value,2026-06-23T05:42:01Z
2026-06-23T05:41:39Z,2026-06-23T07:41:39+0200,c1c18315-63b2-412d-a1be-e7c0796f2236,2026-06-23T01:15:00Z,2026-06-23T03:15:00+0200,134.67,EUR/MWh,BE,BE,day_ahead_price,value,2026-06-23T05:42:01Z
2026-06-23T05:41:39Z,2026-06-23T07:41:39+0200,c1c18315-63b2-412d-a1be-e7c0796f2236,2026-06-23T01:30:00Z,2026-06-23T03:30:00+0200,132.57,EUR/MWh,BE,BE,day_ahead_price,value,2026-06-23T05:42:01Z
2026-06-23T05:41:39Z,2026-06-23T07:41:39+0200,c1c18315-63b2-412d-a1be-e7c0796f2236,2026-06-23T01:45:00Z,2026-06-23T03:45:00+0200,134.82,EUR/MWh,BE,BE,day_ahead_price,value,2026-06-23T05:42:01Z
2026-06-23T05:41:39Z,2026-06-23T07:41:39+0200,c1c18315-63b2-412d-a1be-e7c0796f2236,2026-06-23T02:00:00Z,2026-06-23T04:00:00+0200,134.76,EUR/MWh,BE,BE,day_ahead_price,value,2026-06-23T05:42:01Z
2026-06-23T05:41:39Z,2026-06-23T07:41:39+0200,c1c18315-63b2-412d-a1be-e7c0796f2236,2026-06-23T02:15:00Z,2026-06-23T04:15:00+0200,134.32,EUR/MWh,BE,BE,day_ahead_price,value,2026-06-23T05:42:01Z
2026-06-23T05:41:39Z,2026-06-23T07:41:39+0200,c1c18315-63b2-412d-a1be-e7c0796f2236,2026-06-23T02:30:00Z,2026-06-23T04:30:00+0200,135.7,EUR/MWh,BE,BE,day_ahead_price,value,2026-06-23T05:42:01Z
2026-06-23T05:41:39Z,2026-06-23T07:41:39+0200,c1c18315-63b2-412d-a1be-e7c0796f2236,2026-06-23T02:45:00Z,2026-06-23T04:45:00+0200,140.15,EUR/MWh,BE,BE,day_ahead_price,value,2026-06-23T05:42:01Z
2026-06-23T05:41:39Z,2026-06-23T07:41:39+0200,c1c18315-63b2-412d-a1be-e7c0796f2236,2026-06-23T03:00:00Z,2026-06-23T05:00:00+0200,134.04,EUR/MWh,BE,BE,day_ahead_price,value,2026-06-23T05:42:01Z
2026-06-23T05:41:39Z,2026-06-23T07:41:39+0200,c1c18315-63b2-412d-a1be-e7c0796f2236,2026-06-23T03:15:00Z,2026-06-23T05:15:00+0200,135.11,EUR/MWh,BE,BE,day_ahead_price,value,2026-06-23T05:42:01Z
2026-06-23T05:41:39Z,2026-06-23T07:41:39+0200,c1c18315-63b2-412d-a1be-e7c0796f2236,2026-06-23T03:30:00Z,2026-06-23T05:30:00+0200,141.46,EUR/MWh,BE,BE,day_ahead_price,value,2026-06-23T05:42:01Z
2026-06-23T05:41:39Z,2026-06-23T07:41:39+0200,c1c18315-63b2-412d-a1be-e7c0796f2236,2026-06-23T03:45:00Z,2026-06-23T05:45:00+0200,151.34,EUR/MWh,BE,BE,day_ahead_price,value,2026-06-23T05:42:01Z
2026-06-23T05:41:39Z,2026-06-23T07:41:39+0200,c1c18315-63b2-412d-a1be-e7c0796f2236,2026-06-23T04:00:00Z,2026-06-23T06:00:00+0200,155.02,EUR/MWh,BE,BE,day_ahead_price,value,2026-06-23T05:42:01Z
2026-06-23T05:41:39Z,2026-06-23T07:41:39+0200,c1c18315-63b2-412d-a1be-e7c0796f2236,2026-06-23T04:15:00Z,2026-06-23T06:15:00+0200,166.59,EUR/MWh,BE,BE,day_ahead_price,value,2026-06-23T05:42:01Z
2026-06-23T05:41:39Z,2026-06-23T07:41:39+0200,c1c18315-63b2-412d-a1be-e7c0796f2236,2026-06-23T04:30:00Z,2026-06-23T06:30:00+0200,183.05,EUR/MWh,BE,BE,day_ahead_price,value,2026-06-23T05:42:01Z
2026-06-23T05:41:39Z,2026-06-23T07:41:39+0200,c1c18315-63b2-412d-a1be-e7c0796f2236,2026-06-23T04:45:00Z,2026-06-23T06:45:00+0200,222.83,EUR/MWh,BE,BE,day_ahead_price,value,2026-06-23T05:42:01Z
2026-06-23T05:41:39Z,2026-06-23T07:41:39+0200,c1c18315-63b2-412d-a1be-e7c0796f2236,2026-06-23T05:00:00Z,2026-06-23T07:00:00+0200,203.71,EUR/MWh,BE,BE,day_ahead_price,value,2026-06-23T05:42:01Z
2026-06-23T05:41:39Z,2026-06-23T07:41:39+0200,c1c18315-63b2-412d-a1be-e7c0796f2236,2026-06-23T05:15:00Z,2026-06-23T07:15:00+0200,183.4,EUR/MWh,BE,BE,day_ahead_price,value,2026-06-23T05:42:01Z
2026-06-23T05:41:39Z,2026-06-23T07:41:39+0200,c1c18315-63b2-412d-a1be-e7c0796f2236,2026-06-23T05:30:00Z,2026-06-23T07:30:00+0200,173.35,EUR/MWh,BE,BE,day_ahead_price,value,2026-06-23T05:42:01Z
2026-06-23T05:41:39Z,2026-06-23T07:41:39+0200,c1c18315-63b2-412d-a1be-e7c0796f2236,2026-06-23T05:45:00Z,2026-06-23T07:45:00+0200,145.95,EUR/MWh,BE,BE,day_ahead_price,value,2026-06-23T05:42:01Z
