collection_time_utc,collection_time_local,run_id,timestamp_utc,timestamp_local,value,unit,country,entsoe_area,variable,source,updated_at_utc
2026-09-25T17:42:53Z,2026-09-25T19:42:53+0200,6425b165-54b3-4b35-a9e9-0909cc9931f6,2026-09-18T18:00:00Z,2026-09-18T20:00:00+0200,31056.0,MW,ES,ES,actual_load,Actual Load,2026-09-25T17:42:54Z
2026-09-25T17:42:53Z,2026-09-25T19:42:53+0200,6425b165-54b3-4b35-a9e9-0909cc9931f6,2026-09-18T18:15:00Z,2026-09-18T20:15:00+0200,31568.0,MW,ES,ES,actual_load,Actual Load,2026-09-25T17:42:54Z
2026-09-25T17:42:53Z,2026-09-25T19:42:53+0200,6425b165-54b3-4b35-a9e9-0909cc9931f6,2026-09-18T18:30:00Z,2026-09-18T20:30:00+0200,31900.0,MW,ES,ES,actual_load,Actual Load,2026-09-25T17:42:54Z
2026-09-25T17:42:53Z,2026-09-25T19:42:53+0200,6425b165-54b3-4b35-a9e9-0909cc9931f6,2026-09-18T18:45:00Z,2026-09-18T20:45:00+0200,32016.0,MW,ES,ES,actual_load,Actual Load,2026-09-25T17:42:54Z
2026-09-25T17:42:53Z,2026-09-25T19:42:53+0200,6425b165-54b3-4b35-a9e9-0909cc9931f6,2026-09-18T19:00:00Z,2026-09-18T21:00:00+0200,31824.0,MW,ES,ES,actual_load,Actual Load,2026-09-25T17:42:54Z
2026-09-25T17:42:53Z,2026-09-25T19:42:53+0200,6425b165-54b3-4b35-a9e9-0909cc9931f6,2026-09-18T19:15:00Z,2026-09-18T21:15:00+0200,31440.0,MW,ES,ES,actual_load,Actual Load,2026-09-25T17:42:54Z
2026-09-25T17:42:53Z,2026-09-25T19:42:53+0200,6425b165-54b3-4b35-a9e9-0909cc9931f6,2026-09-18T19:30:00Z,2026-09-18T21:30:00+0200,30952.0,MW,ES,ES,actual_load,Actual Load,2026-09-25T17:42:54Z
2026-09-25T17:42:53Z,2026-09-25T19:42:53+0200,6425b165-54b3-4b35-a9e9-0909cc9931f6,2026-09-18T19:45:00Z,2026-09-18T21:45:00+0200,30236.0,MW,ES,ES,actual_load,Actual Load,2026-09-25T17:42:54Z
2026-09-25T17:42:53Z,2026-09-25T19:42:53+0200,6425b165-54b3-4b35-a9e9-0909cc9931f6,2026-09-18T20:00:00Z,2026-09-18T22:00:00+0200,29444.0,MW,ES,ES,actual_load,Actual Load,2026-09-25T17:42:54Z
2026-09-25T17:42:53Z,2026-09-25T19:42:53+0200,6425b165-54b3-4b35-a9e9-0909cc9931f6,2026-09-18T20:15:00Z,2026-09-18T22:15:00+0200,28828.0,MW,ES,ES,actual_load,Actual Load,2026-09-25T17:42:54Z
2026-09-25T17:42:53Z,2026-09-25T19:42:53+0200,6425b165-54b3-4b35-a9e9-0909cc9931f6,2026-09-18T20:30:00Z,2026-09-18T22:30:00+0200,28436.0,MW,ES,ES,actual_load,Actual Load,2026-09-25T17:42:54Z
2026-09-25T17:42:53Z,2026-09-25T19:42:53+0200,6425b165-54b3-4b35-a9e9-0909cc9931f6,2026-09-18T20:45:00Z,2026-09-18T22:45:00+0200,27872.0,MW,ES,ES,actual_load,Actual Load,2026-09-25T17:42:54Z
2026-09-25T17:42:53Z,2026-09-25T19:42:53+0200,6425b165-54b3-4b35-a9e9-0909cc9931f6,2026-09-18T21:00:00Z,2026-09-18T23:00:00+0200,27288.0,MW,ES,ES,actual_load,Actual Load,2026-09-25T17:42:54Z
2026-09-25T17:42:53Z,2026-09-25T19:42:53+0200,6425b165-54b3-4b35-a9e9-0909cc9931f6,2026-09-18T21:15:00Z,2026-09-18T23:15:00+0200,26704.0,MW,ES,ES,actual_load,Actual Load,2026-09-25T17:42:54Z
2026-09-25T17:42:53Z,2026-09-25T19:42:53+0200,6425b165-54b3-4b35-a9e9-0909cc9931f6,2026-09-18T21:30:00Z,2026-09-18T23:30:00+0200,26360.0,MW,ES,ES,actual_load,Actual Load,2026-09-25T17:42:54Z
2026-09-25T17:42:53Z,2026-09-25T19:42:53+0200,6425b165-54b3-4b35-a9e9-0909cc9931f6,2026-09-18T21:45:00Z,2026-09-18T23:45:00+0200,25880.0,MW,ES,ES,actual_load,Actual Load,2026-09-25T17:42:54Z
2026-09-25T17:42:53Z,2026-09-25T19:42:53+0200,6425b165-54b3-4b35-a9e9-0909cc9931f6,2026-09-18T22:00:00Z,2026-09-19T00:00:00+0200,25652.0,MW,ES,ES,actual_load,Actual Load,2026-09-25T17:42:54Z
2026-09-25T17:42:53Z,2026-09-25T19:42:53+0200,6425b165-54b3-4b35-a9e9-0909cc9931f6,2026-09-18T22:15:00Z,2026-09-19T00:15:00+0200,25288.0,MW,ES,ES,actual_load,Actual Load,2026-09-25T17:42:54Z
2026-09-25T17:42:53Z,2026-09-25T19:42:53+0200,6425b165-54b3-4b35-a9e9-0909cc9931f6,2026-09-18T22:30:00Z,2026-09-19T00:30:00+0200,24948.0,MW,ES,ES,actual_load,Actual Load,2026-09-25T17:42:54Z
2026-09-25T17:42:53Z,2026-09-25T19:42:53+0200,6425b165-54b3-4b35-a9e9-0909cc9931f6,2026-09-18T22:45:00Z,2026-09-19T00:45:00+0200,24736.0,MW,ES,ES,actual_load,Actual Load,2026-09-25T17:42:54Z
2026-09-25T17:42:53Z,2026-09-25T19:42:53+0200,6425b165-54b3-4b35-a9e9-0909cc9931f6,2026-09-18T23:00:00Z,2026-09-19T01:00:00+0200,24224.0,MW,ES,ES,actual_load,Actual Load,2026-09-25T17:42:54Z
2026-09-25T17:42:53Z,2026-09-25T19:42:53+0200,6425b165-54b3-4b35-a9e9-0909cc9931f6,2026-09-18T23:15:00Z,2026-09-19T01:15:00+0200,24004.0,MW,ES,ES,actual_load,Actual Load,2026-09-25T17:42:54Z
2026-09-25T17:42:53Z,2026-09-25T19:42:53+0200,6425b165-54b3-4b35-a9e9-0909cc9931f6,2026-09-18T23:30:00Z,2026-09-19T01:30:00+0200,23724.0,MW,ES,ES,actual_load,Actual Load,2026-09-25T17:42:54Z
2026-09-25T17:42:53Z,2026-09-25T19:42:53+0200,6425b165-54b3-4b35-a9e9-0909cc9931f6,2026-09-18T23:45:00Z,2026-09-19T01:45:00+0200,23332.0,MW,ES,ES,actual_load,Actual Load,2026-09-25T17:42:54Z
2026-09-25T17:42:53Z,2026-09-25T19:42:53+0200,6425b165-54b3-4b35-a9e9-0909cc9931f6,2026-09-19T00:00:00Z,2026-09-19T02:00:00+0200,23088.0,MW,ES,ES,actual_load,Actual Load,2026-09-25T17:42:54Z
2026-09-25T17:42:53Z,2026-09-25T19:42:53+0200,6425b165-54b3-4b35-a9e9-0909cc9931f6,2026-09-19T00:15:00Z,2026-09-19T02:15:00+0200,22956.0,MW,ES,ES,actual_load,Actual Load,2026-09-25T17:42:54Z
2026-09-25T17:42:53Z,2026-09-25T19:42:53+0200,6425b165-54b3-4b35-a9e9-0909cc9931f6,2026-09-19T00:30:00Z,2026-09-19T02:30:00+0200,22576.0,MW,ES,ES,actual_load,Actual Load,2026-09-25T17:42:54Z
2026-09-25T17:42:53Z,2026-09-25T19:42:53+0200,6425b165-54b3-4b35-a9e9-0909cc9931f6,2026-09-19T00:45:00Z,2026-09-19T02:45:00+0200,22524.0,MW,ES,ES,actual_load,Actual Load,2026-09-25T17:42:54Z
2026-09-25T17:42:53Z,2026-09-25T19:42:53+0200,6425b165-54b3-4b35-a9e9-0909cc9931f6,2026-09-19T01:00:00Z,2026-09-19T03:00:00+0200,22328.0,MW,ES,ES,actual_load,Actual Load,2026-09-25T17:42:54Z
2026-09-25T17:42:53Z,2026-09-25T19:42:53+0200,6425b165-54b3-4b35-a9e9-0909cc9931f6,2026-09-19T01:15:00Z,2026-09-19T03:15:00+0200,22364.0,MW,ES,ES,actual_load,Actual Load,2026-09-25T17:42:54Z
2026-09-25T17:42:53Z,2026-09-25T19:42:53+0200,6425b165-54b3-4b35-a9e9-0909cc9931f6,2026-09-19T01:30:00Z,2026-09-19T03:30:00+0200,22116.0,MW,ES,ES,actual_load,Actual Load,2026-09-25T17:42:54Z
2026-09-25T17:42:53Z,2026-09-25T19:42:53+0200,6425b165-54b3-4b35-a9e9-0909cc9931f6,2026-09-19T01:45:00Z,2026-09-19T03:45:00+0200,22064.0,MW,ES,ES,actual_load,Actual Load,2026-09-25T17:42:54Z
2026-09-25T17:42:53Z,2026-09-25T19:42:53+0200,6425b165-54b3-4b35-a9e9-0909cc9931f6,2026-09-19T02:00:00Z,2026-09-19T04:00:00+0200,22088.0,MW,ES,ES,actual_load,Actual Load,2026-09-25T17:42:54Z
2026-09-25T17:42:53Z,2026-09-25T19:42:53+0200,6425b165-54b3-4b35-a9e9-0909cc9931f6,2026-09-19T02:15:00Z,2026-09-19T04:15:00+0200,21924.0,MW,ES,ES,actual_load,Actual Load,2026-09-25T17:42:54Z
2026-09-25T17:42:53Z,2026-09-25T19:42:53+0200,6425b165-54b3-4b35-a9e9-0909cc9931f6,2026-09-19T02:30:00Z,2026-09-19T04:30:00+0200,21856.0,MW,ES,ES,actual_load,Actual Load,2026-09-25T17:42:54Z
2026-09-25T17:42:53Z,2026-09-25T19:42:53+0200,6425b165-54b3-4b35-a9e9-0909cc9931f6,2026-09-19T02:45:00Z,2026-09-19T04:45:00+0200,21732.0,MW,ES,ES,actual_load,Actual Load,2026-09-25T17:42:54Z
2026-09-25T17:42:53Z,2026-09-25T19:42:53+0200,6425b165-54b3-4b35-a9e9-0909cc9931f6,2026-09-19T03:00:00Z,2026-09-19T05:00:00+0200,21840.0,MW,ES,ES,actual_load,Actual Load,2026-09-25T17:42:54Z
2026-09-25T17:42:53Z,2026-09-25T19:42:53+0200,6425b165-54b3-4b35-a9e9-0909cc9931f6,2026-09-19T03:15:00Z,2026-09-19T05:15:00+0200,21672.0,MW,ES,ES,actual_load,Actual Load,2026-09-25T17:42:54Z
2026-09-25T17:42:53Z,2026-09-25T19:42:53+0200,6425b165-54b3-4b35-a9e9-0909cc9931f6,2026-09-19T03:30:00Z,2026-09-19T05:30:00+0200,21520.0,MW,ES,ES,actual_load,Actual Load,2026-09-25T17:42:54Z
2026-09-25T17:42:53Z,2026-09-25T19:42:53+0200,6425b165-54b3-4b35-a9e9-0909cc9931f6,2026-09-19T03:45:00Z,2026-09-19T05:45:00+0200,21692.0,MW,ES,ES,actual_load,Actual Load,2026-09-25T17:42:54Z
2026-09-25T17:42:53Z,2026-09-25T19:42:53+0200,6425b165-54b3-4b35-a9e9-0909cc9931f6,2026-09-19T04:00:00Z,2026-09-19T06:00:00+0200,22092.0,MW,ES,ES,actual_load,Actual Load,2026-09-25T17:42:54Z
2026-09-25T17:42:53Z,2026-09-25T19:42:53+0200,6425b165-54b3-4b35-a9e9-0909cc9931f6,2026-09-19T04:15:00Z,2026-09-19T06:15:00+0200,22176.0,MW,ES,ES,actual_load,Actual Load,2026-09-25T17:42:54Z
2026-09-25T17:42:53Z,2026-09-25T19:42:53+0200,6425b165-54b3-4b35-a9e9-0909cc9931f6,2026-09-19T04:30:00Z,2026-09-19T06:30:00+0200,22400.0,MW,ES,ES,actual_load,Actual Load,2026-09-25T17:42:54Z
2026-09-25T17:42:53Z,2026-09-25T19:42:53+0200,6425b165-54b3-4b35-a9e9-0909cc9931f6,2026-09-19T04:45:00Z,2026-09-19T06:45:00+0200,22628.0,MW,ES,ES,actual_load,Actual Load,2026-09-25T17:42:54Z
2026-09-25T17:42:53Z,2026-09-25T19:42:53+0200,6425b165-54b3-4b35-a9e9-0909cc9931f6,2026-09-19T05:00:00Z,2026-09-19T07:00:00+0200,23004.0,MW,ES,ES,actual_load,Actual Load,2026-09-25T17:42:54Z
2026-09-25T17:42:53Z,2026-09-25T19:42:53+0200,6425b165-54b3-4b35-a9e9-0909cc9931f6,2026-09-19T05:15:00Z,2026-09-19T07:15:00+0200,23232.0,MW,ES,ES,actual_load,Actual Load,2026-09-25T17:42:54Z
2026-09-25T17:42:53Z,2026-09-25T19:42:53+0200,6425b165-54b3-4b35-a9e9-0909cc9931f6,2026-09-19T05:30:00Z,2026-09-19T07:30:00+0200,23464.0,MW,ES,ES,actual_load,Actual Load,2026-09-25T17:42:54Z
2026-09-25T17:42:53Z,2026-09-25T19:42:53+0200,6425b165-54b3-4b35-a9e9-0909cc9931f6,2026-09-19T05:45:00Z,2026-09-19T07:45:00+0200,23628.0,MW,ES,ES,actual_load,Actual Load,2026-09-25T17:42:54Z
2026-09-25T17:42:53Z,2026-09-25T19:42:53+0200,6425b165-54b3-4b35-a9e9-0909cc9931f6,2026-09-19T06:00:00Z,2026-09-19T08:00:00+0200,23792.0,MW,ES,ES,actual_load,Actual Load,2026-09-25T17:42:54Z
2026-09-25T17:42:53Z,2026-09-25T19:42:53+0200,6425b165-54b3-4b35-a9e9-0909cc9931f6,2026-09-19T06:15:00Z,2026-09-19T08:15:00+0200,24124.0,MW,ES,ES,actual_load,Actual Load,2026-09-25T17:42:54Z
2026-09-25T17:42:53Z,2026-09-25T19:42:53+0200,6425b165-54b3-4b35-a9e9-0909cc9931f6,2026-09-19T06:30:00Z,2026-09-19T08:30:00+0200,24312.0,MW,ES,ES,actual_load,Actual Load,2026-09-25T17:42:54Z
2026-09-25T17:42:53Z,2026-09-25T19:42:53+0200,6425b165-54b3-4b35-a9e9-0909cc9931f6,2026-09-19T06:45:00Z,2026-09-19T08:45:00+0200,24860.0,MW,ES,ES,actual_load,Actual Load,2026-09-25T17:42:54Z
2026-09-25T17:42:53Z,2026-09-25T19:42:53+0200,6425b165-54b3-4b35-a9e9-0909cc9931f6,2026-09-19T07:00:00Z,2026-09-19T09:00:00+0200,25168.0,MW,ES,ES,actual_load,Actual Load,2026-09-25T17:42:54Z
2026-09-25T17:42:53Z,2026-09-25T19:42:53+0200,6425b165-54b3-4b35-a9e9-0909cc9931f6,2026-09-19T07:15:00Z,2026-09-19T09:15:00+0200,25284.0,MW,ES,ES,actual_load,Actual Load,2026-09-25T17:42:54Z
2026-09-25T17:42:53Z,2026-09-25T19:42:53+0200,6425b165-54b3-4b35-a9e9-0909cc9931f6,2026-09-19T07:30:00Z,2026-09-19T09:30:00+0200,25696.0,MW,ES,ES,actual_load,Actual Load,2026-09-25T17:42:54Z
2026-09-25T17:42:53Z,2026-09-25T19:42:53+0200,6425b165-54b3-4b35-a9e9-0909cc9931f6,2026-09-19T07:45:00Z,2026-09-19T09:45:00+0200,25712.0,MW,ES,ES,actual_load,Actual Load,2026-09-25T17:42:54Z
2026-09-25T17:42:53Z,2026-09-25T19:42:53+0200,6425b165-54b3-4b35-a9e9-0909cc9931f6,2026-09-19T08:00:00Z,2026-09-19T10:00:00+0200,25956.0,MW,ES,ES,actual_load,Actual Load,2026-09-25T17:42:54Z
2026-09-25T17:42:53Z,2026-09-25T19:42:53+0200,6425b165-54b3-4b35-a9e9-0909cc9931f6,2026-09-19T08:15:00Z,2026-09-19T10:15:00+0200,26300.0,MW,ES,ES,actual_load,Actual Load,2026-09-25T17:42:54Z
2026-09-25T17:42:53Z,2026-09-25T19:42:53+0200,6425b165-54b3-4b35-a9e9-0909cc9931f6,2026-09-19T08:30:00Z,2026-09-19T10:30:00+0200,26284.0,MW,ES,ES,actual_load,Actual Load,2026-09-25T17:42:54Z
2026-09-25T17:42:53Z,2026-09-25T19:42:53+0200,6425b165-54b3-4b35-a9e9-0909cc9931f6,2026-09-19T08:45:00Z,2026-09-19T10:45:00+0200,25940.0,MW,ES,ES,actual_load,Actual Load,2026-09-25T17:42:54Z
2026-09-25T17:42:53Z,2026-09-25T19:42:53+0200,6425b165-54b3-4b35-a9e9-0909cc9931f6,2026-09-19T09:00:00Z,2026-09-19T11:00:00+0200,25928.0,MW,ES,ES,actual_load,Actual Load,2026-09-25T17:42:54Z
2026-09-25T17:42:53Z,2026-09-25T19:42:53+0200,6425b165-54b3-4b35-a9e9-0909cc9931f6,2026-09-19T09:15:00Z,2026-09-19T11:15:00+0200,25772.0,MW,ES,ES,actual_load,Actual Load,2026-09-25T17:42:54Z
2026-09-25T17:42:53Z,2026-09-25T19:42:53+0200,6425b165-54b3-4b35-a9e9-0909cc9931f6,2026-09-19T09:30:00Z,2026-09-19T11:30:00+0200,25700.0,MW,ES,ES,actual_load,Actual Load,2026-09-25T17:42:54Z
2026-09-25T17:42:53Z,2026-09-25T19:42:53+0200,6425b165-54b3-4b35-a9e9-0909cc9931f6,2026-09-19T09:45:00Z,2026-09-19T11:45:00+0200,25384.0,MW,ES,ES,actual_load,Actual Load,2026-09-25T17:42:54Z
2026-09-25T17:42:53Z,2026-09-25T19:42:53+0200,6425b165-54b3-4b35-a9e9-0909cc9931f6,2026-09-19T10:00:00Z,2026-09-19T12:00:00+0200,25260.0,MW,ES,ES,actual_load,Actual Load,2026-09-25T17:42:54Z
2026-09-25T17:42:53Z,2026-09-25T19:42:53+0200,6425b165-54b3-4b35-a9e9-0909cc9931f6,2026-09-19T10:15:00Z,2026-09-19T12:15:00+0200,25484.0,MW,ES,ES,actual_load,Actual Load,2026-09-25T17:42:54Z
2026-09-25T17:42:53Z,2026-09-25T19:42:53+0200,6425b165-54b3-4b35-a9e9-0909cc9931f6,2026-09-19T10:30:00Z,2026-09-19T12:30:00+0200,25304.0,MW,ES,ES,actual_load,Actual Load,2026-09-25T17:42:54Z
2026-09-25T17:42:53Z,2026-09-25T19:42:53+0200,6425b165-54b3-4b35-a9e9-0909cc9931f6,2026-09-19T10:45:00Z,2026-09-19T12:45:00+0200,25256.0,MW,ES,ES,actual_load,Actual Load,2026-09-25T17:42:54Z
2026-09-25T17:42:53Z,2026-09-25T19:42:53+0200,6425b165-54b3-4b35-a9e9-0909cc9931f6,2026-09-19T11:00:00Z,2026-09-19T13:00:00+0200,25396.0,MW,ES,ES,actual_load,Actual Load,2026-09-25T17:42:54Z
2026-09-25T17:42:53Z,2026-09-25T19:42:53+0200,6425b165-54b3-4b35-a9e9-0909cc9931f6,2026-09-19T11:15:00Z,2026-09-19T13:15:00+0200,25680.0,MW,ES,ES,actual_load,Actual Load,2026-09-25T17:42:54Z
2026-09-25T17:42:53Z,2026-09-25T19:42:53+0200,6425b165-54b3-4b35-a9e9-0909cc9931f6,2026-09-19T11:30:00Z,2026-09-19T13:30:00+0200,25432.0,MW,ES,ES,actual_load,Actual Load,2026-09-25T17:42:54Z
2026-09-25T17:42:53Z,2026-09-25T19:42:53+0200,6425b165-54b3-4b35-a9e9-0909cc9931f6,2026-09-19T11:45:00Z,2026-09-19T13:45:00+0200,25512.0,MW,ES,ES,actual_load,Actual Load,2026-09-25T17:42:54Z
2026-09-25T17:42:53Z,2026-09-25T19:42:53+0200,6425b165-54b3-4b35-a9e9-0909cc9931f6,2026-09-19T12:00:00Z,2026-09-19T14:00:00+0200,25488.0,MW,ES,ES,actual_load,Actual Load,2026-09-25T17:42:54Z
2026-09-25T17:42:53Z,2026-09-25T19:42:53+0200,6425b165-54b3-4b35-a9e9-0909cc9931f6,2026-09-19T12:15:00Z,2026-09-19T14:15:00+0200,25432.0,MW,ES,ES,actual_load,Actual Load,2026-09-25T17:42:54Z
2026-09-25T17:42:53Z,2026-09-25T19:42:53+0200,6425b165-54b3-4b35-a9e9-0909cc9931f6,2026-09-19T12:30:00Z,2026-09-19T14:30:00+0200,25116.0,MW,ES,ES,actual_load,Actual Load,2026-09-25T17:42:54Z
2026-09-25T17:42:53Z,2026-09-25T19:42:53+0200,6425b165-54b3-4b35-a9e9-0909cc9931f6,2026-09-19T12:45:00Z,2026-09-19T14:45:00+0200,24952.0,MW,ES,ES,actual_load,Actual Load,2026-09-25T17:42:54Z
2026-09-25T17:42:53Z,2026-09-25T19:42:53+0200,6425b165-54b3-4b35-a9e9-0909cc9931f6,2026-09-19T13:00:00Z,2026-09-19T15:00:00+0200,24664.0,MW,ES,ES,actual_load,Actual Load,2026-09-25T17:42:54Z
2026-09-25T17:42:53Z,2026-09-25T19:42:53+0200,6425b165-54b3-4b35-a9e9-0909cc9931f6,2026-09-19T13:15:00Z,2026-09-19T15:15:00+0200,24364.0,MW,ES,ES,actual_load,Actual Load,2026-09-25T17:42:54Z
2026-09-25T17:42:53Z,2026-09-25T19:42:53+0200,6425b165-54b3-4b35-a9e9-0909cc9931f6,2026-09-19T13:30:00Z,2026-09-19T15:30:00+0200,24468.0,MW,ES,ES,actual_load,Actual Load,2026-09-25T17:42:54Z
2026-09-25T17:42:53Z,2026-09-25T19:42:53+0200,6425b165-54b3-4b35-a9e9-0909cc9931f6,2026-09-19T13:45:00Z,2026-09-19T15:45:00+0200,24384.0,MW,ES,ES,actual_load,Actual Load,2026-09-25T17:42:54Z
2026-09-25T17:42:53Z,2026-09-25T19:42:53+0200,6425b165-54b3-4b35-a9e9-0909cc9931f6,2026-09-19T14:00:00Z,2026-09-19T16:00:00+0200,24416.0,MW,ES,ES,actual_load,Actual Load,2026-09-25T17:42:54Z
2026-09-25T17:42:53Z,2026-09-25T19:42:53+0200,6425b165-54b3-4b35-a9e9-0909cc9931f6,2026-09-19T14:15:00Z,2026-09-19T16:15:00+0200,24120.0,MW,ES,ES,actual_load,Actual Load,2026-09-25T17:42:54Z
2026-09-25T17:42:53Z,2026-09-25T19:42:53+0200,6425b165-54b3-4b35-a9e9-0909cc9931f6,2026-09-19T14:30:00Z,2026-09-19T16:30:00+0200,24216.0,MW,ES,ES,actual_load,Actual Load,2026-09-25T17:42:54Z
2026-09-25T17:42:53Z,2026-09-25T19:42:53+0200,6425b165-54b3-4b35-a9e9-0909cc9931f6,2026-09-19T14:45:00Z,2026-09-19T16:45:00+0200,24568.0,MW,ES,ES,actual_load,Actual Load,2026-09-25T17:42:54Z
2026-09-25T17:42:53Z,2026-09-25T19:42:53+0200,6425b165-54b3-4b35-a9e9-0909cc9931f6,2026-09-19T15:00:00Z,2026-09-19T17:00:00+0200,24840.0,MW,ES,ES,actual_load,Actual Load,2026-09-25T17:42:54Z
2026-09-25T17:42:53Z,2026-09-25T19:42:53+0200,6425b165-54b3-4b35-a9e9-0909cc9931f6,2026-09-19T15:15:00Z,2026-09-19T17:15:00+0200,25276.0,MW,ES,ES,actual_load,Actual Load,2026-09-25T17:42:54Z
2026-09-25T17:42:53Z,2026-09-25T19:42:53+0200,6425b165-54b3-4b35-a9e9-0909cc9931f6,2026-09-19T15:30:00Z,2026-09-19T17:30:00+0200,25728.0,MW,ES,ES,actual_load,Actual Load,2026-09-25T17:42:54Z
2026-09-25T17:42:53Z,2026-09-25T19:42:53+0200,6425b165-54b3-4b35-a9e9-0909cc9931f6,2026-09-19T15:45:00Z,2026-09-19T17:45:00+0200,25884.0,MW,ES,ES,actual_load,Actual Load,2026-09-25T17:42:54Z
2026-09-25T17:42:53Z,2026-09-25T19:42:53+0200,6425b165-54b3-4b35-a9e9-0909cc9931f6,2026-09-19T16:00:00Z,2026-09-19T18:00:00+0200,26136.0,MW,ES,ES,actual_load,Actual Load,2026-09-25T17:42:54Z
2026-09-25T17:42:53Z,2026-09-25T19:42:53+0200,6425b165-54b3-4b35-a9e9-0909cc9931f6,2026-09-19T16:15:00Z,2026-09-19T18:15:00+0200,26512.0,MW,ES,ES,actual_load,Actual Load,2026-09-25T17:42:54Z
2026-09-25T17:42:53Z,2026-09-25T19:42:53+0200,6425b165-54b3-4b35-a9e9-0909cc9931f6,2026-09-19T16:30:00Z,2026-09-19T18:30:00+0200,26680.0,MW,ES,ES,actual_load,Actual Load,2026-09-25T17:42:54Z
2026-09-25T17:42:53Z,2026-09-25T19:42:53+0200,6425b165-54b3-4b35-a9e9-0909cc9931f6,2026-09-19T16:45:00Z,2026-09-19T18:45:00+0200,26768.0,MW,ES,ES,actual_load,Actual Load,2026-09-25T17:42:54Z
2026-09-25T17:42:53Z,2026-09-25T19:42:53+0200,6425b165-54b3-4b35-a9e9-0909cc9931f6,2026-09-19T17:00:00Z,2026-09-19T19:00:00+0200,27140.0,MW,ES,ES,actual_load,Actual Load,2026-09-25T17:42:54Z
2026-09-25T17:42:53Z,2026-09-25T19:42:53+0200,6425b165-54b3-4b35-a9e9-0909cc9931f6,2026-09-19T17:15:00Z,2026-09-19T19:15:00+0200,27252.0,MW,ES,ES,actual_load,Actual Load,2026-09-25T17:42:54Z
2026-09-25T17:42:53Z,2026-09-25T19:42:53+0200,6425b165-54b3-4b35-a9e9-0909cc9931f6,2026-09-19T17:30:00Z,2026-09-19T19:30:00+0200,27400.0,MW,ES,ES,actual_load,Actual Load,2026-09-25T17:42:54Z
2026-09-25T17:42:53Z,2026-09-25T19:42:53+0200,6425b165-54b3-4b35-a9e9-0909cc9931f6,2026-09-19T17:45:00Z,2026-09-19T19:45:00+0200,27392.0,MW,ES,ES,actual_load,Actual Load,2026-09-25T17:42:54Z
2026-09-25T17:42:53Z,2026-09-25T19:42:53+0200,6425b165-54b3-4b35-a9e9-0909cc9931f6,2026-09-19T18:00:00Z,2026-09-19T20:00:00+0200,27776.0,MW,ES,ES,actual_load,Actual Load,2026-09-25T17:42:54Z
2026-09-25T17:42:53Z,2026-09-25T19:42:53+0200,6425b165-54b3-4b35-a9e9-0909cc9931f6,2026-09-19T18:15:00Z,2026-09-19T20:15:00+0200,28352.0,MW,ES,ES,actual_load,Actual Load,2026-09-25T17:42:54Z
2026-09-25T17:42:53Z,2026-09-25T19:42:53+0200,6425b165-54b3-4b35-a9e9-0909cc9931f6,2026-09-19T18:30:00Z,2026-09-19T20:30:00+0200,28880.0,MW,ES,ES,actual_load,Actual Load,2026-09-25T17:42:54Z
2026-09-25T17:42:53Z,2026-09-25T19:42:53+0200,6425b165-54b3-4b35-a9e9-0909cc9931f6,2026-09-19T18:45:00Z,2026-09-19T20:45:00+0200,29008.0,MW,ES,ES,actual_load,Actual Load,2026-09-25T17:42:54Z
2026-09-25T17:42:53Z,2026-09-25T19:42:53+0200,6425b165-54b3-4b35-a9e9-0909cc9931f6,2026-09-19T19:00:00Z,2026-09-19T21:00:00+0200,29048.0,MW,ES,ES,actual_load,Actual Load,2026-09-25T17:42:54Z
2026-09-25T17:42:53Z,2026-09-25T19:42:53+0200,6425b165-54b3-4b35-a9e9-0909cc9931f6,2026-09-19T19:15:00Z,2026-09-19T21:15:00+0200,28728.0,MW,ES,ES,actual_load,Actual Load,2026-09-25T17:42:54Z
2026-09-25T17:42:53Z,2026-09-25T19:42:53+0200,6425b165-54b3-4b35-a9e9-0909cc9931f6,2026-09-19T19:30:00Z,2026-09-19T21:30:00+0200,28464.0,MW,ES,ES,actual_load,Actual Load,2026-09-25T17:42:54Z
2026-09-25T17:42:53Z,2026-09-25T19:42:53+0200,6425b165-54b3-4b35-a9e9-0909cc9931f6,2026-09-19T19:45:00Z,2026-09-19T21:45:00+0200,28072.0,MW,ES,ES,actual_load,Actual Load,2026-09-25T17:42:54Z
2026-09-25T17:42:53Z,2026-09-25T19:42:53+0200,6425b165-54b3-4b35-a9e9-0909cc9931f6,2026-09-19T20:00:00Z,2026-09-19T22:00:00+0200,27336.0,MW,ES,ES,actual_load,Actual Load,2026-09-25T17:42:54Z
2026-09-25T17:42:53Z,2026-09-25T19:42:53+0200,6425b165-54b3-4b35-a9e9-0909cc9931f6,2026-09-19T20:15:00Z,2026-09-19T22:15:00+0200,26860.0,MW,ES,ES,actual_load,Actual Load,2026-09-25T17:42:54Z
2026-09-25T17:42:53Z,2026-09-25T19:42:53+0200,6425b165-54b3-4b35-a9e9-0909cc9931f6,2026-09-19T20:30:00Z,2026-09-19T22:30:00+0200,26436.0,MW,ES,ES,actual_load,Actual Load,2026-09-25T17:42:54Z
2026-09-25T17:42:53Z,2026-09-25T19:42:53+0200,6425b165-54b3-4b35-a9e9-0909cc9931f6,2026-09-19T20:45:00Z,2026-09-19T22:45:00+0200,25892.0,MW,ES,ES,actual_load,Actual Load,2026-09-25T17:42:54Z
2026-09-25T17:42:53Z,2026-09-25T19:42:53+0200,6425b165-54b3-4b35-a9e9-0909cc9931f6,2026-09-19T21:00:00Z,2026-09-19T23:00:00+0200,25360.0,MW,ES,ES,actual_load,Actual Load,2026-09-25T17:42:54Z
2026-09-25T17:42:53Z,2026-09-25T19:42:53+0200,6425b165-54b3-4b35-a9e9-0909cc9931f6,2026-09-19T21:15:00Z,2026-09-19T23:15:00+0200,25152.0,MW,ES,ES,actual_load,Actual Load,2026-09-25T17:42:54Z
2026-09-25T17:42:53Z,2026-09-25T19:42:53+0200,6425b165-54b3-4b35-a9e9-0909cc9931f6,2026-09-19T21:30:00Z,2026-09-19T23:30:00+0200,24668.0,MW,ES,ES,actual_load,Actual Load,2026-09-25T17:42:54Z
2026-09-25T17:42:53Z,2026-09-25T19:42:53+0200,6425b165-54b3-4b35-a9e9-0909cc9931f6,2026-09-19T21:45:00Z,2026-09-19T23:45:00+0200,24156.0,MW,ES,ES,actual_load,Actual Load,2026-09-25T17:42:54Z
2026-09-25T17:42:53Z,2026-09-25T19:42:53+0200,6425b165-54b3-4b35-a9e9-0909cc9931f6,2026-09-19T22:00:00Z,2026-09-20T00:00:00+0200,23724.0,MW,ES,ES,actual_load,Actual Load,2026-09-25T17:42:54Z
2026-09-25T17:42:53Z,2026-09-25T19:42:53+0200,6425b165-54b3-4b35-a9e9-0909cc9931f6,2026-09-19T22:15:00Z,2026-09-20T00:15:00+0200,23432.0,MW,ES,ES,actual_load,Actual Load,2026-09-25T17:42:54Z
2026-09-25T17:42:53Z,2026-09-25T19:42:53+0200,6425b165-54b3-4b35-a9e9-0909cc9931f6,2026-09-19T22:30:00Z,2026-09-20T00:30:00+0200,22988.0,MW,ES,ES,actual_load,Actual Load,2026-09-25T17:42:54Z
2026-09-25T17:42:53Z,2026-09-25T19:42:53+0200,6425b165-54b3-4b35-a9e9-0909cc9931f6,2026-09-19T22:45:00Z,2026-09-20T00:45:00+0200,22720.0,MW,ES,ES,actual_load,Actual Load,2026-09-25T17:42:54Z
2026-09-25T17:42:53Z,2026-09-25T19:42:53+0200,6425b165-54b3-4b35-a9e9-0909cc9931f6,2026-09-19T23:00:00Z,2026-09-20T01:00:00+0200,22384.0,MW,ES,ES,actual_load,Actual Load,2026-09-25T17:42:54Z
2026-09-25T17:42:53Z,2026-09-25T19:42:53+0200,6425b165-54b3-4b35-a9e9-0909cc9931f6,2026-09-19T23:15:00Z,2026-09-20T01:15:00+0200,22088.0,MW,ES,ES,actual_load,Actual Load,2026-09-25T17:42:54Z
2026-09-25T17:42:53Z,2026-09-25T19:42:53+0200,6425b165-54b3-4b35-a9e9-0909cc9931f6,2026-09-19T23:30:00Z,2026-09-20T01:30:00+0200,21876.0,MW,ES,ES,actual_load,Actual Load,2026-09-25T17:42:54Z
2026-09-25T17:42:53Z,2026-09-25T19:42:53+0200,6425b165-54b3-4b35-a9e9-0909cc9931f6,2026-09-19T23:45:00Z,2026-09-20T01:45:00+0200,21420.0,MW,ES,ES,actual_load,Actual Load,2026-09-25T17:42:54Z
2026-09-25T17:42:53Z,2026-09-25T19:42:53+0200,6425b165-54b3-4b35-a9e9-0909cc9931f6,2026-09-20T00:00:00Z,2026-09-20T02:00:00+0200,21372.0,MW,ES,ES,actual_load,Actual Load,2026-09-25T17:42:54Z
2026-09-25T17:42:53Z,2026-09-25T19:42:53+0200,6425b165-54b3-4b35-a9e9-0909cc9931f6,2026-09-20T00:15:00Z,2026-09-20T02:15:00+0200,21184.0,MW,ES,ES,actual_load,Actual Load,2026-09-25T17:42:54Z
2026-09-25T17:42:53Z,2026-09-25T19:42:53+0200,6425b165-54b3-4b35-a9e9-0909cc9931f6,2026-09-20T00:30:00Z,2026-09-20T02:30:00+0200,20984.0,MW,ES,ES,actual_load,Actual Load,2026-09-25T17:42:54Z
2026-09-25T17:42:53Z,2026-09-25T19:42:53+0200,6425b165-54b3-4b35-a9e9-0909cc9931f6,2026-09-20T00:45:00Z,2026-09-20T02:45:00+0200,20888.0,MW,ES,ES,actual_load,Actual Load,2026-09-25T17:42:54Z
2026-09-25T17:42:53Z,2026-09-25T19:42:53+0200,6425b165-54b3-4b35-a9e9-0909cc9931f6,2026-09-20T01:00:00Z,2026-09-20T03:00:00+0200,20776.0,MW,ES,ES,actual_load,Actual Load,2026-09-25T17:42:54Z
2026-09-25T17:42:53Z,2026-09-25T19:42:53+0200,6425b165-54b3-4b35-a9e9-0909cc9931f6,2026-09-20T01:15:00Z,2026-09-20T03:15:00+0200,20624.0,MW,ES,ES,actual_load,Actual Load,2026-09-25T17:42:54Z
2026-09-25T17:42:53Z,2026-09-25T19:42:53+0200,6425b165-54b3-4b35-a9e9-0909cc9931f6,2026-09-20T01:30:00Z,2026-09-20T03:30:00+0200,20488.0,MW,ES,ES,actual_load,Actual Load,2026-09-25T17:42:54Z
2026-09-25T17:42:53Z,2026-09-25T19:42:53+0200,6425b165-54b3-4b35-a9e9-0909cc9931f6,2026-09-20T01:45:00Z,2026-09-20T03:45:00+0200,20532.0,MW,ES,ES,actual_load,Actual Load,2026-09-25T17:42:54Z
2026-09-25T17:42:53Z,2026-09-25T19:42:53+0200,6425b165-54b3-4b35-a9e9-0909cc9931f6,2026-09-20T02:00:00Z,2026-09-20T04:00:00+0200,20384.0,MW,ES,ES,actual_load,Actual Load,2026-09-25T17:42:54Z
2026-09-25T17:42:53Z,2026-09-25T19:42:53+0200,6425b165-54b3-4b35-a9e9-0909cc9931f6,2026-09-20T02:15:00Z,2026-09-20T04:15:00+0200,20336.0,MW,ES,ES,actual_load,Actual Load,2026-09-25T17:42:54Z
2026-09-25T17:42:53Z,2026-09-25T19:42:53+0200,6425b165-54b3-4b35-a9e9-0909cc9931f6,2026-09-20T02:30:00Z,2026-09-20T04:30:00+0200,20276.0,MW,ES,ES,actual_load,Actual Load,2026-09-25T17:42:54Z
2026-09-25T17:42:53Z,2026-09-25T19:42:53+0200,6425b165-54b3-4b35-a9e9-0909cc9931f6,2026-09-20T02:45:00Z,2026-09-20T04:45:00+0200,20188.0,MW,ES,ES,actual_load,Actual Load,2026-09-25T17:42:54Z
2026-09-25T17:42:53Z,2026-09-25T19:42:53+0200,6425b165-54b3-4b35-a9e9-0909cc9931f6,2026-09-20T03:00:00Z,2026-09-20T05:00:00+0200,20192.0,MW,ES,ES,actual_load,Actual Load,2026-09-25T17:42:54Z
2026-09-25T17:42:53Z,2026-09-25T19:42:53+0200,6425b165-54b3-4b35-a9e9-0909cc9931f6,2026-09-20T03:15:00Z,2026-09-20T05:15:00+0200,20152.0,MW,ES,ES,actual_load,Actual Load,2026-09-25T17:42:54Z
2026-09-25T17:42:53Z,2026-09-25T19:42:53+0200,6425b165-54b3-4b35-a9e9-0909cc9931f6,2026-09-20T03:30:00Z,2026-09-20T05:30:00+0200,20020.0,MW,ES,ES,actual_load,Actual Load,2026-09-25T17:42:54Z
2026-09-25T17:42:53Z,2026-09-25T19:42:53+0200,6425b165-54b3-4b35-a9e9-0909cc9931f6,2026-09-20T03:45:00Z,2026-09-20T05:45:00+0200,20088.0,MW,ES,ES,actual_load,Actual Load,2026-09-25T17:42:54Z
2026-09-25T17:42:53Z,2026-09-25T19:42:53+0200,6425b165-54b3-4b35-a9e9-0909cc9931f6,2026-09-20T04:00:00Z,2026-09-20T06:00:00+0200,20388.0,MW,ES,ES,actual_load,Actual Load,2026-09-25T17:42:54Z
2026-09-25T17:42:53Z,2026-09-25T19:42:53+0200,6425b165-54b3-4b35-a9e9-0909cc9931f6,2026-09-20T04:15:00Z,2026-09-20T06:15:00+0200,20504.0,MW,ES,ES,actual_load,Actual Load,2026-09-25T17:42:54Z
2026-09-25T17:42:53Z,2026-09-25T19:42:53+0200,6425b165-54b3-4b35-a9e9-0909cc9931f6,2026-09-20T04:30:00Z,2026-09-20T06:30:00+0200,20644.0,MW,ES,ES,actual_load,Actual Load,2026-09-25T17:42:54Z
2026-09-25T17:42:53Z,2026-09-25T19:42:53+0200,6425b165-54b3-4b35-a9e9-0909cc9931f6,2026-09-20T04:45:00Z,2026-09-20T06:45:00+0200,20744.0,MW,ES,ES,actual_load,Actual Load,2026-09-25T17:42:54Z
2026-09-25T17:42:53Z,2026-09-25T19:42:53+0200,6425b165-54b3-4b35-a9e9-0909cc9931f6,2026-09-20T05:00:00Z,2026-09-20T07:00:00+0200,21032.0,MW,ES,ES,actual_load,Actual Load,2026-09-25T17:42:54Z
2026-09-25T17:42:53Z,2026-09-25T19:42:53+0200,6425b165-54b3-4b35-a9e9-0909cc9931f6,2026-09-20T05:15:00Z,2026-09-20T07:15:00+0200,21288.0,MW,ES,ES,actual_load,Actual Load,2026-09-25T17:42:54Z
2026-09-25T17:42:53Z,2026-09-25T19:42:53+0200,6425b165-54b3-4b35-a9e9-0909cc9931f6,2026-09-20T05:30:00Z,2026-09-20T07:30:00+0200,21340.0,MW,ES,ES,actual_load,Actual Load,2026-09-25T17:42:54Z
2026-09-25T17:42:53Z,2026-09-25T19:42:53+0200,6425b165-54b3-4b35-a9e9-0909cc9931f6,2026-09-20T05:45:00Z,2026-09-20T07:45:00+0200,21404.0,MW,ES,ES,actual_load,Actual Load,2026-09-25T17:42:54Z
2026-09-25T17:42:53Z,2026-09-25T19:42:53+0200,6425b165-54b3-4b35-a9e9-0909cc9931f6,2026-09-20T06:00:00Z,2026-09-20T08:00:00+0200,21380.0,MW,ES,ES,actual_load,Actual Load,2026-09-25T17:42:54Z
2026-09-25T17:42:53Z,2026-09-25T19:42:53+0200,6425b165-54b3-4b35-a9e9-0909cc9931f6,2026-09-20T06:15:00Z,2026-09-20T08:15:00+0200,21468.0,MW,ES,ES,actual_load,Actual Load,2026-09-25T17:42:54Z
2026-09-25T17:42:53Z,2026-09-25T19:42:53+0200,6425b165-54b3-4b35-a9e9-0909cc9931f6,2026-09-20T06:30:00Z,2026-09-20T08:30:00+0200,21792.0,MW,ES,ES,actual_load,Actual Load,2026-09-25T17:42:54Z
2026-09-25T17:42:53Z,2026-09-25T19:42:53+0200,6425b165-54b3-4b35-a9e9-0909cc9931f6,2026-09-20T06:45:00Z,2026-09-20T08:45:00+0200,21928.0,MW,ES,ES,actual_load,Actual Load,2026-09-25T17:42:54Z
2026-09-25T17:42:53Z,2026-09-25T19:42:53+0200,6425b165-54b3-4b35-a9e9-0909cc9931f6,2026-09-20T07:00:00Z,2026-09-20T09:00:00+0200,22176.0,MW,ES,ES,actual_load,Actual Load,2026-09-25T17:42:54Z
2026-09-25T17:42:53Z,2026-09-25T19:42:53+0200,6425b165-54b3-4b35-a9e9-0909cc9931f6,2026-09-20T07:15:00Z,2026-09-20T09:15:00+0200,22572.0,MW,ES,ES,actual_load,Actual Load,2026-09-25T17:42:54Z
2026-09-25T17:42:53Z,2026-09-25T19:42:53+0200,6425b165-54b3-4b35-a9e9-0909cc9931f6,2026-09-20T07:30:00Z,2026-09-20T09:30:00+0200,22744.0,MW,ES,ES,actual_load,Actual Load,2026-09-25T17:42:54Z
2026-09-25T17:42:53Z,2026-09-25T19:42:53+0200,6425b165-54b3-4b35-a9e9-0909cc9931f6,2026-09-20T07:45:00Z,2026-09-20T09:45:00+0200,22800.0,MW,ES,ES,actual_load,Actual Load,2026-09-25T17:42:54Z
2026-09-25T17:42:53Z,2026-09-25T19:42:53+0200,6425b165-54b3-4b35-a9e9-0909cc9931f6,2026-09-20T08:00:00Z,2026-09-20T10:00:00+0200,22848.0,MW,ES,ES,actual_load,Actual Load,2026-09-25T17:42:54Z
2026-09-25T17:42:53Z,2026-09-25T19:42:53+0200,6425b165-54b3-4b35-a9e9-0909cc9931f6,2026-09-20T08:15:00Z,2026-09-20T10:15:00+0200,22740.0,MW,ES,ES,actual_load,Actual Load,2026-09-25T17:42:54Z
2026-09-25T17:42:53Z,2026-09-25T19:42:53+0200,6425b165-54b3-4b35-a9e9-0909cc9931f6,2026-09-20T08:30:00Z,2026-09-20T10:30:00+0200,23040.0,MW,ES,ES,actual_load,Actual Load,2026-09-25T17:42:54Z
2026-09-25T17:42:53Z,2026-09-25T19:42:53+0200,6425b165-54b3-4b35-a9e9-0909cc9931f6,2026-09-20T08:45:00Z,2026-09-20T10:45:00+0200,23080.0,MW,ES,ES,actual_load,Actual Load,2026-09-25T17:42:54Z
2026-09-25T17:42:53Z,2026-09-25T19:42:53+0200,6425b165-54b3-4b35-a9e9-0909cc9931f6,2026-09-20T09:00:00Z,2026-09-20T11:00:00+0200,23116.0,MW,ES,ES,actual_load,Actual Load,2026-09-25T17:42:54Z
2026-09-25T17:42:53Z,2026-09-25T19:42:53+0200,6425b165-54b3-4b35-a9e9-0909cc9931f6,2026-09-20T09:15:00Z,2026-09-20T11:15:00+0200,23104.0,MW,ES,ES,actual_load,Actual Load,2026-09-25T17:42:54Z
2026-09-25T17:42:53Z,2026-09-25T19:42:53+0200,6425b165-54b3-4b35-a9e9-0909cc9931f6,2026-09-20T09:30:00Z,2026-09-20T11:30:00+0200,23076.0,MW,ES,ES,actual_load,Actual Load,2026-09-25T17:42:54Z
2026-09-25T17:42:53Z,2026-09-25T19:42:53+0200,6425b165-54b3-4b35-a9e9-0909cc9931f6,2026-09-20T09:45:00Z,2026-09-20T11:45:00+0200,22920.0,MW,ES,ES,actual_load,Actual Load,2026-09-25T17:42:54Z
2026-09-25T17:42:53Z,2026-09-25T19:42:53+0200,6425b165-54b3-4b35-a9e9-0909cc9931f6,2026-09-20T10:00:00Z,2026-09-20T12:00:00+0200,23044.0,MW,ES,ES,actual_load,Actual Load,2026-09-25T17:42:54Z
2026-09-25T17:42:53Z,2026-09-25T19:42:53+0200,6425b165-54b3-4b35-a9e9-0909cc9931f6,2026-09-20T10:15:00Z,2026-09-20T12:15:00+0200,22944.0,MW,ES,ES,actual_load,Actual Load,2026-09-25T17:42:54Z
2026-09-25T17:42:53Z,2026-09-25T19:42:53+0200,6425b165-54b3-4b35-a9e9-0909cc9931f6,2026-09-20T10:30:00Z,2026-09-20T12:30:00+0200,23020.0,MW,ES,ES,actual_load,Actual Load,2026-09-25T17:42:54Z
2026-09-25T17:42:53Z,2026-09-25T19:42:53+0200,6425b165-54b3-4b35-a9e9-0909cc9931f6,2026-09-20T10:45:00Z,2026-09-20T12:45:00+0200,23148.0,MW,ES,ES,actual_load,Actual Load,2026-09-25T17:42:54Z
2026-09-25T17:42:53Z,2026-09-25T19:42:53+0200,6425b165-54b3-4b35-a9e9-0909cc9931f6,2026-09-20T11:00:00Z,2026-09-20T13:00:00+0200,23144.0,MW,ES,ES,actual_load,Actual Load,2026-09-25T17:42:54Z
2026-09-25T17:42:53Z,2026-09-25T19:42:53+0200,6425b165-54b3-4b35-a9e9-0909cc9931f6,2026-09-20T11:15:00Z,2026-09-20T13:15:00+0200,23340.0,MW,ES,ES,actual_load,Actual Load,2026-09-25T17:42:54Z
2026-09-25T17:42:53Z,2026-09-25T19:42:53+0200,6425b165-54b3-4b35-a9e9-0909cc9931f6,2026-09-20T11:30:00Z,2026-09-20T13:30:00+0200,23764.0,MW,ES,ES,actual_load,Actual Load,2026-09-25T17:42:54Z
2026-09-25T17:42:53Z,2026-09-25T19:42:53+0200,6425b165-54b3-4b35-a9e9-0909cc9931f6,2026-09-20T11:45:00Z,2026-09-20T13:45:00+0200,23820.0,MW,ES,ES,actual_load,Actual Load,2026-09-25T17:42:54Z
2026-09-25T17:42:53Z,2026-09-25T19:42:53+0200,6425b165-54b3-4b35-a9e9-0909cc9931f6,2026-09-20T12:00:00Z,2026-09-20T14:00:00+0200,23932.0,MW,ES,ES,actual_load,Actual Load,2026-09-25T17:42:54Z
2026-09-25T17:42:53Z,2026-09-25T19:42:53+0200,6425b165-54b3-4b35-a9e9-0909cc9931f6,2026-09-20T12:15:00Z,2026-09-20T14:15:00+0200,23840.0,MW,ES,ES,actual_load,Actual Load,2026-09-25T17:42:54Z
2026-09-25T17:42:53Z,2026-09-25T19:42:53+0200,6425b165-54b3-4b35-a9e9-0909cc9931f6,2026-09-20T12:30:00Z,2026-09-20T14:30:00+0200,23592.0,MW,ES,ES,actual_load,Actual Load,2026-09-25T17:42:54Z
2026-09-25T17:42:53Z,2026-09-25T19:42:53+0200,6425b165-54b3-4b35-a9e9-0909cc9931f6,2026-09-20T12:45:00Z,2026-09-20T14:45:00+0200,23048.0,MW,ES,ES,actual_load,Actual Load,2026-09-25T17:42:54Z
2026-09-25T17:42:53Z,2026-09-25T19:42:53+0200,6425b165-54b3-4b35-a9e9-0909cc9931f6,2026-09-20T13:00:00Z,2026-09-20T15:00:00+0200,22932.0,MW,ES,ES,actual_load,Actual Load,2026-09-25T17:42:54Z
2026-09-25T17:42:53Z,2026-09-25T19:42:53+0200,6425b165-54b3-4b35-a9e9-0909cc9931f6,2026-09-20T13:15:00Z,2026-09-20T15:15:00+0200,22684.0,MW,ES,ES,actual_load,Actual Load,2026-09-25T17:42:54Z
2026-09-25T17:42:53Z,2026-09-25T19:42:53+0200,6425b165-54b3-4b35-a9e9-0909cc9931f6,2026-09-20T13:30:00Z,2026-09-20T15:30:00+0200,22496.0,MW,ES,ES,actual_load,Actual Load,2026-09-25T17:42:54Z
2026-09-25T17:42:53Z,2026-09-25T19:42:53+0200,6425b165-54b3-4b35-a9e9-0909cc9931f6,2026-09-20T13:45:00Z,2026-09-20T15:45:00+0200,22528.0,MW,ES,ES,actual_load,Actual Load,2026-09-25T17:42:54Z
2026-09-25T17:42:53Z,2026-09-25T19:42:53+0200,6425b165-54b3-4b35-a9e9-0909cc9931f6,2026-09-20T14:00:00Z,2026-09-20T16:00:00+0200,22792.0,MW,ES,ES,actual_load,Actual Load,2026-09-25T17:42:54Z
2026-09-25T17:42:53Z,2026-09-25T19:42:53+0200,6425b165-54b3-4b35-a9e9-0909cc9931f6,2026-09-20T14:15:00Z,2026-09-20T16:15:00+0200,22784.0,MW,ES,ES,actual_load,Actual Load,2026-09-25T17:42:54Z
2026-09-25T17:42:53Z,2026-09-25T19:42:53+0200,6425b165-54b3-4b35-a9e9-0909cc9931f6,2026-09-20T14:30:00Z,2026-09-20T16:30:00+0200,22788.0,MW,ES,ES,actual_load,Actual Load,2026-09-25T17:42:54Z
2026-09-25T17:42:53Z,2026-09-25T19:42:53+0200,6425b165-54b3-4b35-a9e9-0909cc9931f6,2026-09-20T14:45:00Z,2026-09-20T16:45:00+0200,23252.0,MW,ES,ES,actual_load,Actual Load,2026-09-25T17:42:54Z
2026-09-25T17:42:53Z,2026-09-25T19:42:53+0200,6425b165-54b3-4b35-a9e9-0909cc9931f6,2026-09-20T15:00:00Z,2026-09-20T17:00:00+0200,23696.0,MW,ES,ES,actual_load,Actual Load,2026-09-25T17:42:54Z
2026-09-25T17:42:53Z,2026-09-25T19:42:53+0200,6425b165-54b3-4b35-a9e9-0909cc9931f6,2026-09-20T15:15:00Z,2026-09-20T17:15:00+0200,24224.0,MW,ES,ES,actual_load,Actual Load,2026-09-25T17:42:54Z
2026-09-25T17:42:53Z,2026-09-25T19:42:53+0200,6425b165-54b3-4b35-a9e9-0909cc9931f6,2026-09-20T15:30:00Z,2026-09-20T17:30:00+0200,24440.0,MW,ES,ES,actual_load,Actual Load,2026-09-25T17:42:54Z
2026-09-25T17:42:53Z,2026-09-25T19:42:53+0200,6425b165-54b3-4b35-a9e9-0909cc9931f6,2026-09-20T15:45:00Z,2026-09-20T17:45:00+0200,24788.0,MW,ES,ES,actual_load,Actual Load,2026-09-25T17:42:54Z
2026-09-25T17:42:53Z,2026-09-25T19:42:53+0200,6425b165-54b3-4b35-a9e9-0909cc9931f6,2026-09-20T16:00:00Z,2026-09-20T18:00:00+0200,25560.0,MW,ES,ES,actual_load,Actual Load,2026-09-25T17:42:54Z
2026-09-25T17:42:53Z,2026-09-25T19:42:53+0200,6425b165-54b3-4b35-a9e9-0909cc9931f6,2026-09-20T16:15:00Z,2026-09-20T18:15:00+0200,25740.0,MW,ES,ES,actual_load,Actual Load,2026-09-25T17:42:54Z
2026-09-25T17:42:53Z,2026-09-25T19:42:53+0200,6425b165-54b3-4b35-a9e9-0909cc9931f6,2026-09-20T16:30:00Z,2026-09-20T18:30:00+0200,26012.0,MW,ES,ES,actual_load,Actual Load,2026-09-25T17:42:54Z
2026-09-25T17:42:53Z,2026-09-25T19:42:53+0200,6425b165-54b3-4b35-a9e9-0909cc9931f6,2026-09-20T16:45:00Z,2026-09-20T18:45:00+0200,26256.0,MW,ES,ES,actual_load,Actual Load,2026-09-25T17:42:54Z
2026-09-25T17:42:53Z,2026-09-25T19:42:53+0200,6425b165-54b3-4b35-a9e9-0909cc9931f6,2026-09-20T17:00:00Z,2026-09-20T19:00:00+0200,26464.0,MW,ES,ES,actual_load,Actual Load,2026-09-25T17:42:54Z
2026-09-25T17:42:53Z,2026-09-25T19:42:53+0200,6425b165-54b3-4b35-a9e9-0909cc9931f6,2026-09-20T17:15:00Z,2026-09-20T19:15:00+0200,26572.0,MW,ES,ES,actual_load,Actual Load,2026-09-25T17:42:54Z
2026-09-25T17:42:53Z,2026-09-25T19:42:53+0200,6425b165-54b3-4b35-a9e9-0909cc9931f6,2026-09-20T17:30:00Z,2026-09-20T19:30:00+0200,26780.0,MW,ES,ES,actual_load,Actual Load,2026-09-25T17:42:54Z
2026-09-25T17:42:53Z,2026-09-25T19:42:53+0200,6425b165-54b3-4b35-a9e9-0909cc9931f6,2026-09-20T17:45:00Z,2026-09-20T19:45:00+0200,26852.0,MW,ES,ES,actual_load,Actual Load,2026-09-25T17:42:54Z
2026-09-25T17:42:53Z,2026-09-25T19:42:53+0200,6425b165-54b3-4b35-a9e9-0909cc9931f6,2026-09-20T18:00:00Z,2026-09-20T20:00:00+0200,27192.0,MW,ES,ES,actual_load,Actual Load,2026-09-25T17:42:54Z
2026-09-25T17:42:53Z,2026-09-25T19:42:53+0200,6425b165-54b3-4b35-a9e9-0909cc9931f6,2026-09-20T18:15:00Z,2026-09-20T20:15:00+0200,27916.0,MW,ES,ES,actual_load,Actual Load,2026-09-25T17:42:54Z
2026-09-25T17:42:53Z,2026-09-25T19:42:53+0200,6425b165-54b3-4b35-a9e9-0909cc9931f6,2026-09-20T18:30:00Z,2026-09-20T20:30:00+0200,28520.0,MW,ES,ES,actual_load,Actual Load,2026-09-25T17:42:54Z
2026-09-25T17:42:53Z,2026-09-25T19:42:53+0200,6425b165-54b3-4b35-a9e9-0909cc9931f6,2026-09-20T18:45:00Z,2026-09-20T20:45:00+0200,28828.0,MW,ES,ES,actual_load,Actual Load,2026-09-25T17:42:54Z
2026-09-25T17:42:53Z,2026-09-25T19:42:53+0200,6425b165-54b3-4b35-a9e9-0909cc9931f6,2026-09-20T19:00:00Z,2026-09-20T21:00:00+0200,28900.0,MW,ES,ES,actual_load,Actual Load,2026-09-25T17:42:54Z
2026-09-25T17:42:53Z,2026-09-25T19:42:53+0200,6425b165-54b3-4b35-a9e9-0909cc9931f6,2026-09-20T19:15:00Z,2026-09-20T21:15:00+0200,28652.0,MW,ES,ES,actual_load,Actual Load,2026-09-25T17:42:54Z
2026-09-25T17:42:53Z,2026-09-25T19:42:53+0200,6425b165-54b3-4b35-a9e9-0909cc9931f6,2026-09-20T19:30:00Z,2026-09-20T21:30:00+0200,28492.0,MW,ES,ES,actual_load,Actual Load,2026-09-25T17:42:54Z
2026-09-25T17:42:53Z,2026-09-25T19:42:53+0200,6425b165-54b3-4b35-a9e9-0909cc9931f6,2026-09-20T19:45:00Z,2026-09-20T21:45:00+0200,27888.0,MW,ES,ES,actual_load,Actual Load,2026-09-25T17:42:54Z
2026-09-25T17:42:53Z,2026-09-25T19:42:53+0200,6425b165-54b3-4b35-a9e9-0909cc9931f6,2026-09-20T20:00:00Z,2026-09-20T22:00:00+0200,27732.0,MW,ES,ES,actual_load,Actual Load,2026-09-25T17:42:54Z
2026-09-25T17:42:53Z,2026-09-25T19:42:53+0200,6425b165-54b3-4b35-a9e9-0909cc9931f6,2026-09-20T20:15:00Z,2026-09-20T22:15:00+0200,27208.0,MW,ES,ES,actual_load,Actual Load,2026-09-25T17:42:54Z
2026-09-25T17:42:53Z,2026-09-25T19:42:53+0200,6425b165-54b3-4b35-a9e9-0909cc9931f6,2026-09-20T20:30:00Z,2026-09-20T22:30:00+0200,26816.0,MW,ES,ES,actual_load,Actual Load,2026-09-25T17:42:54Z
2026-09-25T17:42:53Z,2026-09-25T19:42:53+0200,6425b165-54b3-4b35-a9e9-0909cc9931f6,2026-09-20T20:45:00Z,2026-09-20T22:45:00+0200,26308.0,MW,ES,ES,actual_load,Actual Load,2026-09-25T17:42:54Z
2026-09-25T17:42:53Z,2026-09-25T19:42:53+0200,6425b165-54b3-4b35-a9e9-0909cc9931f6,2026-09-20T21:00:00Z,2026-09-20T23:00:00+0200,25776.0,MW,ES,ES,actual_load,Actual Load,2026-09-25T17:42:54Z
2026-09-25T17:42:53Z,2026-09-25T19:42:53+0200,6425b165-54b3-4b35-a9e9-0909cc9931f6,2026-09-20T21:15:00Z,2026-09-20T23:15:00+0200,25264.0,MW,ES,ES,actual_load,Actual Load,2026-09-25T17:42:54Z
2026-09-25T17:42:53Z,2026-09-25T19:42:53+0200,6425b165-54b3-4b35-a9e9-0909cc9931f6,2026-09-20T21:30:00Z,2026-09-20T23:30:00+0200,24632.0,MW,ES,ES,actual_load,Actual Load,2026-09-25T17:42:54Z
2026-09-25T17:42:53Z,2026-09-25T19:42:53+0200,6425b165-54b3-4b35-a9e9-0909cc9931f6,2026-09-20T21:45:00Z,2026-09-20T23:45:00+0200,24304.0,MW,ES,ES,actual_load,Actual Load,2026-09-25T17:42:54Z
2026-09-25T17:42:53Z,2026-09-25T19:42:53+0200,6425b165-54b3-4b35-a9e9-0909cc9931f6,2026-09-20T22:00:00Z,2026-09-21T00:00:00+0200,24076.0,MW,ES,ES,actual_load,Actual Load,2026-09-25T17:42:54Z
2026-09-25T17:42:53Z,2026-09-25T19:42:53+0200,6425b165-54b3-4b35-a9e9-0909cc9931f6,2026-09-20T22:15:00Z,2026-09-21T00:15:00+0200,23756.0,MW,ES,ES,actual_load,Actual Load,2026-09-25T17:42:54Z
2026-09-25T17:42:53Z,2026-09-25T19:42:53+0200,6425b165-54b3-4b35-a9e9-0909cc9931f6,2026-09-20T22:30:00Z,2026-09-21T00:30:00+0200,23404.0,MW,ES,ES,actual_load,Actual Load,2026-09-25T17:42:54Z
2026-09-25T17:42:53Z,2026-09-25T19:42:53+0200,6425b165-54b3-4b35-a9e9-0909cc9931f6,2026-09-20T22:45:00Z,2026-09-21T00:45:00+0200,23104.0,MW,ES,ES,actual_load,Actual Load,2026-09-25T17:42:54Z
2026-09-25T17:42:53Z,2026-09-25T19:42:53+0200,6425b165-54b3-4b35-a9e9-0909cc9931f6,2026-09-20T23:00:00Z,2026-09-21T01:00:00+0200,22728.0,MW,ES,ES,actual_load,Actual Load,2026-09-25T17:42:54Z
2026-09-25T17:42:53Z,2026-09-25T19:42:53+0200,6425b165-54b3-4b35-a9e9-0909cc9931f6,2026-09-20T23:15:00Z,2026-09-21T01:15:00+0200,22488.0,MW,ES,ES,actual_load,Actual Load,2026-09-25T17:42:54Z
2026-09-25T17:42:53Z,2026-09-25T19:42:53+0200,6425b165-54b3-4b35-a9e9-0909cc9931f6,2026-09-20T23:30:00Z,2026-09-21T01:30:00+0200,22220.0,MW,ES,ES,actual_load,Actual Load,2026-09-25T17:42:54Z
2026-09-25T17:42:53Z,2026-09-25T19:42:53+0200,6425b165-54b3-4b35-a9e9-0909cc9931f6,2026-09-20T23:45:00Z,2026-09-21T01:45:00+0200,21944.0,MW,ES,ES,actual_load,Actual Load,2026-09-25T17:42:54Z
2026-09-25T17:42:53Z,2026-09-25T19:42:53+0200,6425b165-54b3-4b35-a9e9-0909cc9931f6,2026-09-21T00:00:00Z,2026-09-21T02:00:00+0200,21812.0,MW,ES,ES,actual_load,Actual Load,2026-09-25T17:42:54Z
2026-09-25T17:42:53Z,2026-09-25T19:42:53+0200,6425b165-54b3-4b35-a9e9-0909cc9931f6,2026-09-21T00:15:00Z,2026-09-21T02:15:00+0200,21708.0,MW,ES,ES,actual_load,Actual Load,2026-09-25T17:42:54Z
2026-09-25T17:42:53Z,2026-09-25T19:42:53+0200,6425b165-54b3-4b35-a9e9-0909cc9931f6,2026-09-21T00:30:00Z,2026-09-21T02:30:00+0200,21456.0,MW,ES,ES,actual_load,Actual Load,2026-09-25T17:42:54Z
2026-09-25T17:42:53Z,2026-09-25T19:42:53+0200,6425b165-54b3-4b35-a9e9-0909cc9931f6,2026-09-21T00:45:00Z,2026-09-21T02:45:00+0200,21332.0,MW,ES,ES,actual_load,Actual Load,2026-09-25T17:42:54Z
2026-09-25T17:42:53Z,2026-09-25T19:42:53+0200,6425b165-54b3-4b35-a9e9-0909cc9931f6,2026-09-21T01:00:00Z,2026-09-21T03:00:00+0200,21268.0,MW,ES,ES,actual_load,Actual Load,2026-09-25T17:42:54Z
2026-09-25T17:42:53Z,2026-09-25T19:42:53+0200,6425b165-54b3-4b35-a9e9-0909cc9931f6,2026-09-21T01:15:00Z,2026-09-21T03:15:00+0200,21224.0,MW,ES,ES,actual_load,Actual Load,2026-09-25T17:42:54Z
2026-09-25T17:42:53Z,2026-09-25T19:42:53+0200,6425b165-54b3-4b35-a9e9-0909cc9931f6,2026-09-21T01:30:00Z,2026-09-21T03:30:00+0200,20996.0,MW,ES,ES,actual_load,Actual Load,2026-09-25T17:42:54Z
2026-09-25T17:42:53Z,2026-09-25T19:42:53+0200,6425b165-54b3-4b35-a9e9-0909cc9931f6,2026-09-21T01:45:00Z,2026-09-21T03:45:00+0200,21212.0,MW,ES,ES,actual_load,Actual Load,2026-09-25T17:42:54Z
2026-09-25T17:42:53Z,2026-09-25T19:42:53+0200,6425b165-54b3-4b35-a9e9-0909cc9931f6,2026-09-21T02:00:00Z,2026-09-21T04:00:00+0200,21244.0,MW,ES,ES,actual_load,Actual Load,2026-09-25T17:42:54Z
2026-09-25T17:42:53Z,2026-09-25T19:42:53+0200,6425b165-54b3-4b35-a9e9-0909cc9931f6,2026-09-21T02:15:00Z,2026-09-21T04:15:00+0200,21072.0,MW,ES,ES,actual_load,Actual Load,2026-09-25T17:42:54Z
2026-09-25T17:42:53Z,2026-09-25T19:42:53+0200,6425b165-54b3-4b35-a9e9-0909cc9931f6,2026-09-21T02:30:00Z,2026-09-21T04:30:00+0200,21136.0,MW,ES,ES,actual_load,Actual Load,2026-09-25T17:42:54Z
2026-09-25T17:42:53Z,2026-09-25T19:42:53+0200,6425b165-54b3-4b35-a9e9-0909cc9931f6,2026-09-21T02:45:00Z,2026-09-21T04:45:00+0200,21148.0,MW,ES,ES,actual_load,Actual Load,2026-09-25T17:42:54Z
2026-09-25T17:42:53Z,2026-09-25T19:42:53+0200,6425b165-54b3-4b35-a9e9-0909cc9931f6,2026-09-21T03:00:00Z,2026-09-21T05:00:00+0200,21544.0,MW,ES,ES,actual_load,Actual Load,2026-09-25T17:42:54Z
2026-09-25T17:42:53Z,2026-09-25T19:42:53+0200,6425b165-54b3-4b35-a9e9-0909cc9931f6,2026-09-21T03:15:00Z,2026-09-21T05:15:00+0200,21388.0,MW,ES,ES,actual_load,Actual Load,2026-09-25T17:42:54Z
2026-09-25T17:42:53Z,2026-09-25T19:42:53+0200,6425b165-54b3-4b35-a9e9-0909cc9931f6,2026-09-21T03:30:00Z,2026-09-21T05:30:00+0200,21696.0,MW,ES,ES,actual_load,Actual Load,2026-09-25T17:42:54Z
2026-09-25T17:42:53Z,2026-09-25T19:42:53+0200,6425b165-54b3-4b35-a9e9-0909cc9931f6,2026-09-21T03:45:00Z,2026-09-21T05:45:00+0200,22220.0,MW,ES,ES,actual_load,Actual Load,2026-09-25T17:42:54Z
2026-09-25T17:42:53Z,2026-09-25T19:42:53+0200,6425b165-54b3-4b35-a9e9-0909cc9931f6,2026-09-21T04:00:00Z,2026-09-21T06:00:00+0200,23520.0,MW,ES,ES,actual_load,Actual Load,2026-09-25T17:42:54Z
2026-09-25T17:42:53Z,2026-09-25T19:42:53+0200,6425b165-54b3-4b35-a9e9-0909cc9931f6,2026-09-21T04:15:00Z,2026-09-21T06:15:00+0200,24056.0,MW,ES,ES,actual_load,Actual Load,2026-09-25T17:42:54Z
2026-09-25T17:42:53Z,2026-09-25T19:42:53+0200,6425b165-54b3-4b35-a9e9-0909cc9931f6,2026-09-21T04:30:00Z,2026-09-21T06:30:00+0200,25048.0,MW,ES,ES,actual_load,Actual Load,2026-09-25T17:42:54Z
2026-09-25T17:42:53Z,2026-09-25T19:42:53+0200,6425b165-54b3-4b35-a9e9-0909cc9931f6,2026-09-21T04:45:00Z,2026-09-21T06:45:00+0200,25852.0,MW,ES,ES,actual_load,Actual Load,2026-09-25T17:42:54Z
2026-09-25T17:42:53Z,2026-09-25T19:42:53+0200,6425b165-54b3-4b35-a9e9-0909cc9931f6,2026-09-21T05:00:00Z,2026-09-21T07:00:00+0200,27116.0,MW,ES,ES,actual_load,Actual Load,2026-09-25T17:42:54Z
2026-09-25T17:42:53Z,2026-09-25T19:42:53+0200,6425b165-54b3-4b35-a9e9-0909cc9931f6,2026-09-21T05:15:00Z,2026-09-21T07:15:00+0200,28024.0,MW,ES,ES,actual_load,Actual Load,2026-09-25T17:42:54Z
2026-09-25T17:42:53Z,2026-09-25T19:42:53+0200,6425b165-54b3-4b35-a9e9-0909cc9931f6,2026-09-21T05:30:00Z,2026-09-21T07:30:00+0200,28672.0,MW,ES,ES,actual_load,Actual Load,2026-09-25T17:42:54Z
2026-09-25T17:42:53Z,2026-09-25T19:42:53+0200,6425b165-54b3-4b35-a9e9-0909cc9931f6,2026-09-21T05:45:00Z,2026-09-21T07:45:00+0200,28876.0,MW,ES,ES,actual_load,Actual Load,2026-09-25T17:42:54Z
2026-09-25T17:42:53Z,2026-09-25T19:42:53+0200,6425b165-54b3-4b35-a9e9-0909cc9931f6,2026-09-21T06:00:00Z,2026-09-21T08:00:00+0200,29472.0,MW,ES,ES,actual_load,Actual Load,2026-09-25T17:42:54Z
2026-09-25T17:42:53Z,2026-09-25T19:42:53+0200,6425b165-54b3-4b35-a9e9-0909cc9931f6,2026-09-21T06:15:00Z,2026-09-21T08:15:00+0200,29660.0,MW,ES,ES,actual_load,Actual Load,2026-09-25T17:42:54Z
2026-09-25T17:42:53Z,2026-09-25T19:42:53+0200,6425b165-54b3-4b35-a9e9-0909cc9931f6,2026-09-21T06:30:00Z,2026-09-21T08:30:00+0200,29720.0,MW,ES,ES,actual_load,Actual Load,2026-09-25T17:42:54Z
2026-09-25T17:42:53Z,2026-09-25T19:42:53+0200,6425b165-54b3-4b35-a9e9-0909cc9931f6,2026-09-21T06:45:00Z,2026-09-21T08:45:00+0200,29788.0,MW,ES,ES,actual_load,Actual Load,2026-09-25T17:42:54Z
2026-09-25T17:42:53Z,2026-09-25T19:42:53+0200,6425b165-54b3-4b35-a9e9-0909cc9931f6,2026-09-21T07:00:00Z,2026-09-21T09:00:00+0200,29840.0,MW,ES,ES,actual_load,Actual Load,2026-09-25T17:42:54Z
2026-09-25T17:42:53Z,2026-09-25T19:42:53+0200,6425b165-54b3-4b35-a9e9-0909cc9931f6,2026-09-21T07:15:00Z,2026-09-21T09:15:00+0200,29968.0,MW,ES,ES,actual_load,Actual Load,2026-09-25T17:42:54Z
2026-09-25T17:42:53Z,2026-09-25T19:42:53+0200,6425b165-54b3-4b35-a9e9-0909cc9931f6,2026-09-21T07:30:00Z,2026-09-21T09:30:00+0200,30284.0,MW,ES,ES,actual_load,Actual Load,2026-09-25T17:42:54Z
2026-09-25T17:42:53Z,2026-09-25T19:42:53+0200,6425b165-54b3-4b35-a9e9-0909cc9931f6,2026-09-21T07:45:00Z,2026-09-21T09:45:00+0200,30120.0,MW,ES,ES,actual_load,Actual Load,2026-09-25T17:42:54Z
2026-09-25T17:42:53Z,2026-09-25T19:42:53+0200,6425b165-54b3-4b35-a9e9-0909cc9931f6,2026-09-21T08:00:00Z,2026-09-21T10:00:00+0200,30088.0,MW,ES,ES,actual_load,Actual Load,2026-09-25T17:42:54Z
2026-09-25T17:42:53Z,2026-09-25T19:42:53+0200,6425b165-54b3-4b35-a9e9-0909cc9931f6,2026-09-21T08:15:00Z,2026-09-21T10:15:00+0200,29912.0,MW,ES,ES,actual_load,Actual Load,2026-09-25T17:42:54Z
2026-09-25T17:42:53Z,2026-09-25T19:42:53+0200,6425b165-54b3-4b35-a9e9-0909cc9931f6,2026-09-21T08:30:00Z,2026-09-21T10:30:00+0200,29896.0,MW,ES,ES,actual_load,Actual Load,2026-09-25T17:42:54Z
2026-09-25T17:42:53Z,2026-09-25T19:42:53+0200,6425b165-54b3-4b35-a9e9-0909cc9931f6,2026-09-21T08:45:00Z,2026-09-21T10:45:00+0200,29840.0,MW,ES,ES,actual_load,Actual Load,2026-09-25T17:42:54Z
2026-09-25T17:42:53Z,2026-09-25T19:42:53+0200,6425b165-54b3-4b35-a9e9-0909cc9931f6,2026-09-21T09:00:00Z,2026-09-21T11:00:00+0200,29800.0,MW,ES,ES,actual_load,Actual Load,2026-09-25T17:42:54Z
2026-09-25T17:42:53Z,2026-09-25T19:42:53+0200,6425b165-54b3-4b35-a9e9-0909cc9931f6,2026-09-21T09:15:00Z,2026-09-21T11:15:00+0200,29732.0,MW,ES,ES,actual_load,Actual Load,2026-09-25T17:42:54Z
2026-09-25T17:42:53Z,2026-09-25T19:42:53+0200,6425b165-54b3-4b35-a9e9-0909cc9931f6,2026-09-21T09:30:00Z,2026-09-21T11:30:00+0200,29524.0,MW,ES,ES,actual_load,Actual Load,2026-09-25T17:42:54Z
2026-09-25T17:42:53Z,2026-09-25T19:42:53+0200,6425b165-54b3-4b35-a9e9-0909cc9931f6,2026-09-21T09:45:00Z,2026-09-21T11:45:00+0200,29588.0,MW,ES,ES,actual_load,Actual Load,2026-09-25T17:42:54Z
2026-09-25T17:42:53Z,2026-09-25T19:42:53+0200,6425b165-54b3-4b35-a9e9-0909cc9931f6,2026-09-21T10:00:00Z,2026-09-21T12:00:00+0200,29524.0,MW,ES,ES,actual_load,Actual Load,2026-09-25T17:42:54Z
2026-09-25T17:42:53Z,2026-09-25T19:42:53+0200,6425b165-54b3-4b35-a9e9-0909cc9931f6,2026-09-21T10:15:00Z,2026-09-21T12:15:00+0200,29496.0,MW,ES,ES,actual_load,Actual Load,2026-09-25T17:42:54Z
2026-09-25T17:42:53Z,2026-09-25T19:42:53+0200,6425b165-54b3-4b35-a9e9-0909cc9931f6,2026-09-21T10:30:00Z,2026-09-21T12:30:00+0200,29752.0,MW,ES,ES,actual_load,Actual Load,2026-09-25T17:42:54Z
2026-09-25T17:42:53Z,2026-09-25T19:42:53+0200,6425b165-54b3-4b35-a9e9-0909cc9931f6,2026-09-21T10:45:00Z,2026-09-21T12:45:00+0200,29808.0,MW,ES,ES,actual_load,Actual Load,2026-09-25T17:42:54Z
2026-09-25T17:42:53Z,2026-09-25T19:42:53+0200,6425b165-54b3-4b35-a9e9-0909cc9931f6,2026-09-21T11:00:00Z,2026-09-21T13:00:00+0200,29840.0,MW,ES,ES,actual_load,Actual Load,2026-09-25T17:42:54Z
2026-09-25T17:42:53Z,2026-09-25T19:42:53+0200,6425b165-54b3-4b35-a9e9-0909cc9931f6,2026-09-21T11:15:00Z,2026-09-21T13:15:00+0200,29988.0,MW,ES,ES,actual_load,Actual Load,2026-09-25T17:42:54Z
2026-09-25T17:42:53Z,2026-09-25T19:42:53+0200,6425b165-54b3-4b35-a9e9-0909cc9931f6,2026-09-21T11:30:00Z,2026-09-21T13:30:00+0200,29812.0,MW,ES,ES,actual_load,Actual Load,2026-09-25T17:42:54Z
2026-09-25T17:42:53Z,2026-09-25T19:42:53+0200,6425b165-54b3-4b35-a9e9-0909cc9931f6,2026-09-21T11:45:00Z,2026-09-21T13:45:00+0200,29784.0,MW,ES,ES,actual_load,Actual Load,2026-09-25T17:42:54Z
2026-09-25T17:42:53Z,2026-09-25T19:42:53+0200,6425b165-54b3-4b35-a9e9-0909cc9931f6,2026-09-21T12:00:00Z,2026-09-21T14:00:00+0200,29680.0,MW,ES,ES,actual_load,Actual Load,2026-09-25T17:42:54Z
2026-09-25T17:42:53Z,2026-09-25T19:42:53+0200,6425b165-54b3-4b35-a9e9-0909cc9931f6,2026-09-21T12:15:00Z,2026-09-21T14:15:00+0200,29880.0,MW,ES,ES,actual_load,Actual Load,2026-09-25T17:42:54Z
2026-09-25T17:42:53Z,2026-09-25T19:42:53+0200,6425b165-54b3-4b35-a9e9-0909cc9931f6,2026-09-21T12:30:00Z,2026-09-21T14:30:00+0200,29696.0,MW,ES,ES,actual_load,Actual Load,2026-09-25T17:42:54Z
2026-09-25T17:42:53Z,2026-09-25T19:42:53+0200,6425b165-54b3-4b35-a9e9-0909cc9931f6,2026-09-21T12:45:00Z,2026-09-21T14:45:00+0200,29544.0,MW,ES,ES,actual_load,Actual Load,2026-09-25T17:42:54Z
2026-09-25T17:42:53Z,2026-09-25T19:42:53+0200,6425b165-54b3-4b35-a9e9-0909cc9931f6,2026-09-21T13:00:00Z,2026-09-21T15:00:00+0200,29360.0,MW,ES,ES,actual_load,Actual Load,2026-09-25T17:42:54Z
2026-09-25T17:42:53Z,2026-09-25T19:42:53+0200,6425b165-54b3-4b35-a9e9-0909cc9931f6,2026-09-21T13:15:00Z,2026-09-21T15:15:00+0200,29396.0,MW,ES,ES,actual_load,Actual Load,2026-09-25T17:42:54Z
2026-09-25T17:42:53Z,2026-09-25T19:42:53+0200,6425b165-54b3-4b35-a9e9-0909cc9931f6,2026-09-21T13:30:00Z,2026-09-21T15:30:00+0200,29476.0,MW,ES,ES,actual_load,Actual Load,2026-09-25T17:42:54Z
2026-09-25T17:42:53Z,2026-09-25T19:42:53+0200,6425b165-54b3-4b35-a9e9-0909cc9931f6,2026-09-21T13:45:00Z,2026-09-21T15:45:00+0200,29564.0,MW,ES,ES,actual_load,Actual Load,2026-09-25T17:42:54Z
2026-09-25T17:42:53Z,2026-09-25T19:42:53+0200,6425b165-54b3-4b35-a9e9-0909cc9931f6,2026-09-21T14:00:00Z,2026-09-21T16:00:00+0200,29720.0,MW,ES,ES,actual_load,Actual Load,2026-09-25T17:42:54Z
2026-09-25T17:42:53Z,2026-09-25T19:42:53+0200,6425b165-54b3-4b35-a9e9-0909cc9931f6,2026-09-21T14:15:00Z,2026-09-21T16:15:00+0200,30020.0,MW,ES,ES,actual_load,Actual Load,2026-09-25T17:42:54Z
2026-09-25T17:42:53Z,2026-09-25T19:42:53+0200,6425b165-54b3-4b35-a9e9-0909cc9931f6,2026-09-21T14:30:00Z,2026-09-21T16:30:00+0200,30132.0,MW,ES,ES,actual_load,Actual Load,2026-09-25T17:42:54Z
2026-09-25T17:42:53Z,2026-09-25T19:42:53+0200,6425b165-54b3-4b35-a9e9-0909cc9931f6,2026-09-21T14:45:00Z,2026-09-21T16:45:00+0200,30600.0,MW,ES,ES,actual_load,Actual Load,2026-09-25T17:42:54Z
2026-09-25T17:42:53Z,2026-09-25T19:42:53+0200,6425b165-54b3-4b35-a9e9-0909cc9931f6,2026-09-21T15:00:00Z,2026-09-21T17:00:00+0200,30812.0,MW,ES,ES,actual_load,Actual Load,2026-09-25T17:42:54Z
2026-09-25T17:42:53Z,2026-09-25T19:42:53+0200,6425b165-54b3-4b35-a9e9-0909cc9931f6,2026-09-21T15:15:00Z,2026-09-21T17:15:00+0200,31088.0,MW,ES,ES,actual_load,Actual Load,2026-09-25T17:42:54Z
2026-09-25T17:42:53Z,2026-09-25T19:42:53+0200,6425b165-54b3-4b35-a9e9-0909cc9931f6,2026-09-21T15:30:00Z,2026-09-21T17:30:00+0200,31348.0,MW,ES,ES,actual_load,Actual Load,2026-09-25T17:42:54Z
2026-09-25T17:42:53Z,2026-09-25T19:42:53+0200,6425b165-54b3-4b35-a9e9-0909cc9931f6,2026-09-21T15:45:00Z,2026-09-21T17:45:00+0200,31620.0,MW,ES,ES,actual_load,Actual Load,2026-09-25T17:42:54Z
2026-09-25T17:42:53Z,2026-09-25T19:42:53+0200,6425b165-54b3-4b35-a9e9-0909cc9931f6,2026-09-21T16:00:00Z,2026-09-21T18:00:00+0200,31796.0,MW,ES,ES,actual_load,Actual Load,2026-09-25T17:42:54Z
2026-09-25T17:42:53Z,2026-09-25T19:42:53+0200,6425b165-54b3-4b35-a9e9-0909cc9931f6,2026-09-21T16:15:00Z,2026-09-21T18:15:00+0200,32092.0,MW,ES,ES,actual_load,Actual Load,2026-09-25T17:42:54Z
2026-09-25T17:42:53Z,2026-09-25T19:42:53+0200,6425b165-54b3-4b35-a9e9-0909cc9931f6,2026-09-21T16:30:00Z,2026-09-21T18:30:00+0200,32292.0,MW,ES,ES,actual_load,Actual Load,2026-09-25T17:42:54Z
2026-09-25T17:42:53Z,2026-09-25T19:42:53+0200,6425b165-54b3-4b35-a9e9-0909cc9931f6,2026-09-21T16:45:00Z,2026-09-21T18:45:00+0200,32168.0,MW,ES,ES,actual_load,Actual Load,2026-09-25T17:42:54Z
2026-09-25T17:42:53Z,2026-09-25T19:42:53+0200,6425b165-54b3-4b35-a9e9-0909cc9931f6,2026-09-21T17:00:00Z,2026-09-21T19:00:00+0200,32372.0,MW,ES,ES,actual_load,Actual Load,2026-09-25T17:42:54Z
2026-09-25T17:42:53Z,2026-09-25T19:42:53+0200,6425b165-54b3-4b35-a9e9-0909cc9931f6,2026-09-21T17:15:00Z,2026-09-21T19:15:00+0200,32556.0,MW,ES,ES,actual_load,Actual Load,2026-09-25T17:42:54Z
2026-09-25T17:42:53Z,2026-09-25T19:42:53+0200,6425b165-54b3-4b35-a9e9-0909cc9931f6,2026-09-21T17:30:00Z,2026-09-21T19:30:00+0200,32780.0,MW,ES,ES,actual_load,Actual Load,2026-09-25T17:42:54Z
2026-09-25T17:42:53Z,2026-09-25T19:42:53+0200,6425b165-54b3-4b35-a9e9-0909cc9931f6,2026-09-21T17:45:00Z,2026-09-21T19:45:00+0200,32756.0,MW,ES,ES,actual_load,Actual Load,2026-09-25T17:42:54Z
2026-09-25T17:42:53Z,2026-09-25T19:42:53+0200,6425b165-54b3-4b35-a9e9-0909cc9931f6,2026-09-21T18:00:00Z,2026-09-21T20:00:00+0200,33128.0,MW,ES,ES,actual_load,Actual Load,2026-09-25T17:42:54Z
2026-09-25T17:42:53Z,2026-09-25T19:42:53+0200,6425b165-54b3-4b35-a9e9-0909cc9931f6,2026-09-21T18:15:00Z,2026-09-21T20:15:00+0200,33664.0,MW,ES,ES,actual_load,Actual Load,2026-09-25T17:42:54Z
2026-09-25T17:42:53Z,2026-09-25T19:42:53+0200,6425b165-54b3-4b35-a9e9-0909cc9931f6,2026-09-21T18:30:00Z,2026-09-21T20:30:00+0200,34052.0,MW,ES,ES,actual_load,Actual Load,2026-09-25T17:42:54Z
2026-09-25T17:42:53Z,2026-09-25T19:42:53+0200,6425b165-54b3-4b35-a9e9-0909cc9931f6,2026-09-21T18:45:00Z,2026-09-21T20:45:00+0200,34300.0,MW,ES,ES,actual_load,Actual Load,2026-09-25T17:42:54Z
2026-09-25T17:42:53Z,2026-09-25T19:42:53+0200,6425b165-54b3-4b35-a9e9-0909cc9931f6,2026-09-21T19:00:00Z,2026-09-21T21:00:00+0200,33960.0,MW,ES,ES,actual_load,Actual Load,2026-09-25T17:42:54Z
2026-09-25T17:42:53Z,2026-09-25T19:42:53+0200,6425b165-54b3-4b35-a9e9-0909cc9931f6,2026-09-21T19:15:00Z,2026-09-21T21:15:00+0200,33424.0,MW,ES,ES,actual_load,Actual Load,2026-09-25T17:42:54Z
2026-09-25T17:42:53Z,2026-09-25T19:42:53+0200,6425b165-54b3-4b35-a9e9-0909cc9931f6,2026-09-21T19:30:00Z,2026-09-21T21:30:00+0200,32544.0,MW,ES,ES,actual_load,Actual Load,2026-09-25T17:42:54Z
2026-09-25T17:42:53Z,2026-09-25T19:42:53+0200,6425b165-54b3-4b35-a9e9-0909cc9931f6,2026-09-21T19:45:00Z,2026-09-21T21:45:00+0200,31828.0,MW,ES,ES,actual_load,Actual Load,2026-09-25T17:42:54Z
2026-09-25T17:42:53Z,2026-09-25T19:42:53+0200,6425b165-54b3-4b35-a9e9-0909cc9931f6,2026-09-21T20:00:00Z,2026-09-21T22:00:00+0200,30748.0,MW,ES,ES,actual_load,Actual Load,2026-09-25T17:42:54Z
2026-09-25T17:42:53Z,2026-09-25T19:42:53+0200,6425b165-54b3-4b35-a9e9-0909cc9931f6,2026-09-21T20:15:00Z,2026-09-21T22:15:00+0200,30032.0,MW,ES,ES,actual_load,Actual Load,2026-09-25T17:42:54Z
2026-09-25T17:42:53Z,2026-09-25T19:42:53+0200,6425b165-54b3-4b35-a9e9-0909cc9931f6,2026-09-21T20:30:00Z,2026-09-21T22:30:00+0200,29412.0,MW,ES,ES,actual_load,Actual Load,2026-09-25T17:42:54Z
2026-09-25T17:42:53Z,2026-09-25T19:42:53+0200,6425b165-54b3-4b35-a9e9-0909cc9931f6,2026-09-21T20:45:00Z,2026-09-21T22:45:00+0200,28800.0,MW,ES,ES,actual_load,Actual Load,2026-09-25T17:42:54Z
2026-09-25T17:42:53Z,2026-09-25T19:42:53+0200,6425b165-54b3-4b35-a9e9-0909cc9931f6,2026-09-21T21:00:00Z,2026-09-21T23:00:00+0200,27924.0,MW,ES,ES,actual_load,Actual Load,2026-09-25T17:42:54Z
2026-09-25T17:42:53Z,2026-09-25T19:42:53+0200,6425b165-54b3-4b35-a9e9-0909cc9931f6,2026-09-21T21:15:00Z,2026-09-21T23:15:00+0200,27388.0,MW,ES,ES,actual_load,Actual Load,2026-09-25T17:42:54Z
2026-09-25T17:42:53Z,2026-09-25T19:42:53+0200,6425b165-54b3-4b35-a9e9-0909cc9931f6,2026-09-21T21:30:00Z,2026-09-21T23:30:00+0200,26748.0,MW,ES,ES,actual_load,Actual Load,2026-09-25T17:42:54Z
2026-09-25T17:42:53Z,2026-09-25T19:42:53+0200,6425b165-54b3-4b35-a9e9-0909cc9931f6,2026-09-21T21:45:00Z,2026-09-21T23:45:00+0200,26188.0,MW,ES,ES,actual_load,Actual Load,2026-09-25T17:42:54Z
2026-09-25T17:42:53Z,2026-09-25T19:42:53+0200,6425b165-54b3-4b35-a9e9-0909cc9931f6,2026-09-21T22:00:00Z,2026-09-22T00:00:00+0200,25964.0,MW,ES,ES,actual_load,Actual Load,2026-09-25T17:42:54Z
2026-09-25T17:42:53Z,2026-09-25T19:42:53+0200,6425b165-54b3-4b35-a9e9-0909cc9931f6,2026-09-21T22:15:00Z,2026-09-22T00:15:00+0200,25636.0,MW,ES,ES,actual_load,Actual Load,2026-09-25T17:42:54Z
2026-09-25T17:42:53Z,2026-09-25T19:42:53+0200,6425b165-54b3-4b35-a9e9-0909cc9931f6,2026-09-21T22:30:00Z,2026-09-22T00:30:00+0200,25224.0,MW,ES,ES,actual_load,Actual Load,2026-09-25T17:42:54Z
2026-09-25T17:42:53Z,2026-09-25T19:42:53+0200,6425b165-54b3-4b35-a9e9-0909cc9931f6,2026-09-21T22:45:00Z,2026-09-22T00:45:00+0200,24888.0,MW,ES,ES,actual_load,Actual Load,2026-09-25T17:42:54Z
2026-09-25T17:42:53Z,2026-09-25T19:42:53+0200,6425b165-54b3-4b35-a9e9-0909cc9931f6,2026-09-21T23:00:00Z,2026-09-22T01:00:00+0200,24512.0,MW,ES,ES,actual_load,Actual Load,2026-09-25T17:42:54Z
2026-09-25T17:42:53Z,2026-09-25T19:42:53+0200,6425b165-54b3-4b35-a9e9-0909cc9931f6,2026-09-21T23:15:00Z,2026-09-22T01:15:00+0200,24200.0,MW,ES,ES,actual_load,Actual Load,2026-09-25T17:42:54Z
2026-09-25T17:42:53Z,2026-09-25T19:42:53+0200,6425b165-54b3-4b35-a9e9-0909cc9931f6,2026-09-21T23:30:00Z,2026-09-22T01:30:00+0200,24212.0,MW,ES,ES,actual_load,Actual Load,2026-09-25T17:42:54Z
2026-09-25T17:42:53Z,2026-09-25T19:42:53+0200,6425b165-54b3-4b35-a9e9-0909cc9931f6,2026-09-21T23:45:00Z,2026-09-22T01:45:00+0200,23844.0,MW,ES,ES,actual_load,Actual Load,2026-09-25T17:42:54Z
2026-09-25T17:42:53Z,2026-09-25T19:42:53+0200,6425b165-54b3-4b35-a9e9-0909cc9931f6,2026-09-22T00:00:00Z,2026-09-22T02:00:00+0200,23500.0,MW,ES,ES,actual_load,Actual Load,2026-09-25T17:42:54Z
2026-09-25T17:42:53Z,2026-09-25T19:42:53+0200,6425b165-54b3-4b35-a9e9-0909cc9931f6,2026-09-22T00:15:00Z,2026-09-22T02:15:00+0200,23332.0,MW,ES,ES,actual_load,Actual Load,2026-09-25T17:42:54Z
2026-09-25T17:42:53Z,2026-09-25T19:42:53+0200,6425b165-54b3-4b35-a9e9-0909cc9931f6,2026-09-22T00:30:00Z,2026-09-22T02:30:00+0200,23240.0,MW,ES,ES,actual_load,Actual Load,2026-09-25T17:42:54Z
2026-09-25T17:42:53Z,2026-09-25T19:42:53+0200,6425b165-54b3-4b35-a9e9-0909cc9931f6,2026-09-22T00:45:00Z,2026-09-22T02:45:00+0200,23056.0,MW,ES,ES,actual_load,Actual Load,2026-09-25T17:42:54Z
2026-09-25T17:42:53Z,2026-09-25T19:42:53+0200,6425b165-54b3-4b35-a9e9-0909cc9931f6,2026-09-22T01:00:00Z,2026-09-22T03:00:00+0200,22996.0,MW,ES,ES,actual_load,Actual Load,2026-09-25T17:42:54Z
2026-09-25T17:42:53Z,2026-09-25T19:42:53+0200,6425b165-54b3-4b35-a9e9-0909cc9931f6,2026-09-22T01:15:00Z,2026-09-22T03:15:00+0200,22880.0,MW,ES,ES,actual_load,Actual Load,2026-09-25T17:42:54Z
2026-09-25T17:42:53Z,2026-09-25T19:42:53+0200,6425b165-54b3-4b35-a9e9-0909cc9931f6,2026-09-22T01:30:00Z,2026-09-22T03:30:00+0200,22816.0,MW,ES,ES,actual_load,Actual Load,2026-09-25T17:42:54Z
2026-09-25T17:42:53Z,2026-09-25T19:42:53+0200,6425b165-54b3-4b35-a9e9-0909cc9931f6,2026-09-22T01:45:00Z,2026-09-22T03:45:00+0200,22836.0,MW,ES,ES,actual_load,Actual Load,2026-09-25T17:42:54Z
2026-09-25T17:42:53Z,2026-09-25T19:42:53+0200,6425b165-54b3-4b35-a9e9-0909cc9931f6,2026-09-22T02:00:00Z,2026-09-22T04:00:00+0200,22756.0,MW,ES,ES,actual_load,Actual Load,2026-09-25T17:42:54Z
2026-09-25T17:42:53Z,2026-09-25T19:42:53+0200,6425b165-54b3-4b35-a9e9-0909cc9931f6,2026-09-22T02:15:00Z,2026-09-22T04:15:00+0200,22760.0,MW,ES,ES,actual_load,Actual Load,2026-09-25T17:42:54Z
2026-09-25T17:42:53Z,2026-09-25T19:42:53+0200,6425b165-54b3-4b35-a9e9-0909cc9931f6,2026-09-22T02:30:00Z,2026-09-22T04:30:00+0200,22852.0,MW,ES,ES,actual_load,Actual Load,2026-09-25T17:42:54Z
2026-09-25T17:42:53Z,2026-09-25T19:42:53+0200,6425b165-54b3-4b35-a9e9-0909cc9931f6,2026-09-22T02:45:00Z,2026-09-22T04:45:00+0200,22932.0,MW,ES,ES,actual_load,Actual Load,2026-09-25T17:42:54Z
2026-09-25T17:42:53Z,2026-09-25T19:42:53+0200,6425b165-54b3-4b35-a9e9-0909cc9931f6,2026-09-22T03:00:00Z,2026-09-22T05:00:00+0200,23072.0,MW,ES,ES,actual_load,Actual Load,2026-09-25T17:42:54Z
2026-09-25T17:42:53Z,2026-09-25T19:42:53+0200,6425b165-54b3-4b35-a9e9-0909cc9931f6,2026-09-22T03:15:00Z,2026-09-22T05:15:00+0200,23256.0,MW,ES,ES,actual_load,Actual Load,2026-09-25T17:42:54Z
2026-09-25T17:42:53Z,2026-09-25T19:42:53+0200,6425b165-54b3-4b35-a9e9-0909cc9931f6,2026-09-22T03:30:00Z,2026-09-22T05:30:00+0200,23532.0,MW,ES,ES,actual_load,Actual Load,2026-09-25T17:42:54Z
2026-09-25T17:42:53Z,2026-09-25T19:42:53+0200,6425b165-54b3-4b35-a9e9-0909cc9931f6,2026-09-22T03:45:00Z,2026-09-22T05:45:00+0200,23884.0,MW,ES,ES,actual_load,Actual Load,2026-09-25T17:42:54Z
2026-09-25T17:42:53Z,2026-09-25T19:42:53+0200,6425b165-54b3-4b35-a9e9-0909cc9931f6,2026-09-22T04:00:00Z,2026-09-22T06:00:00+0200,24772.0,MW,ES,ES,actual_load,Actual Load,2026-09-25T17:42:54Z
2026-09-25T17:42:53Z,2026-09-25T19:42:53+0200,6425b165-54b3-4b35-a9e9-0909cc9931f6,2026-09-22T04:15:00Z,2026-09-22T06:15:00+0200,25272.0,MW,ES,ES,actual_load,Actual Load,2026-09-25T17:42:54Z
2026-09-25T17:42:53Z,2026-09-25T19:42:53+0200,6425b165-54b3-4b35-a9e9-0909cc9931f6,2026-09-22T04:30:00Z,2026-09-22T06:30:00+0200,25976.0,MW,ES,ES,actual_load,Actual Load,2026-09-25T17:42:54Z
2026-09-25T17:42:53Z,2026-09-25T19:42:53+0200,6425b165-54b3-4b35-a9e9-0909cc9931f6,2026-09-22T04:45:00Z,2026-09-22T06:45:00+0200,26880.0,MW,ES,ES,actual_load,Actual Load,2026-09-25T17:42:54Z
2026-09-25T17:42:53Z,2026-09-25T19:42:53+0200,6425b165-54b3-4b35-a9e9-0909cc9931f6,2026-09-22T05:00:00Z,2026-09-22T07:00:00+0200,28048.0,MW,ES,ES,actual_load,Actual Load,2026-09-25T17:42:54Z
2026-09-25T17:42:53Z,2026-09-25T19:42:53+0200,6425b165-54b3-4b35-a9e9-0909cc9931f6,2026-09-22T05:15:00Z,2026-09-22T07:15:00+0200,28916.0,MW,ES,ES,actual_load,Actual Load,2026-09-25T17:42:54Z
2026-09-25T17:42:53Z,2026-09-25T19:42:53+0200,6425b165-54b3-4b35-a9e9-0909cc9931f6,2026-09-22T05:30:00Z,2026-09-22T07:30:00+0200,29496.0,MW,ES,ES,actual_load,Actual Load,2026-09-25T17:42:54Z
2026-09-25T17:42:53Z,2026-09-25T19:42:53+0200,6425b165-54b3-4b35-a9e9-0909cc9931f6,2026-09-22T05:45:00Z,2026-09-22T07:45:00+0200,29724.0,MW,ES,ES,actual_load,Actual Load,2026-09-25T17:42:54Z
2026-09-25T17:42:53Z,2026-09-25T19:42:53+0200,6425b165-54b3-4b35-a9e9-0909cc9931f6,2026-09-22T06:00:00Z,2026-09-22T08:00:00+0200,29876.0,MW,ES,ES,actual_load,Actual Load,2026-09-25T17:42:54Z
2026-09-25T17:42:53Z,2026-09-25T19:42:53+0200,6425b165-54b3-4b35-a9e9-0909cc9931f6,2026-09-22T06:15:00Z,2026-09-22T08:15:00+0200,30324.0,MW,ES,ES,actual_load,Actual Load,2026-09-25T17:42:54Z
2026-09-25T17:42:53Z,2026-09-25T19:42:53+0200,6425b165-54b3-4b35-a9e9-0909cc9931f6,2026-09-22T06:30:00Z,2026-09-22T08:30:00+0200,30372.0,MW,ES,ES,actual_load,Actual Load,2026-09-25T17:42:54Z
2026-09-25T17:42:53Z,2026-09-25T19:42:53+0200,6425b165-54b3-4b35-a9e9-0909cc9931f6,2026-09-22T06:45:00Z,2026-09-22T08:45:00+0200,30356.0,MW,ES,ES,actual_load,Actual Load,2026-09-25T17:42:54Z
2026-09-25T17:42:53Z,2026-09-25T19:42:53+0200,6425b165-54b3-4b35-a9e9-0909cc9931f6,2026-09-22T07:00:00Z,2026-09-22T09:00:00+0200,30240.0,MW,ES,ES,actual_load,Actual Load,2026-09-25T17:42:54Z
2026-09-25T17:42:53Z,2026-09-25T19:42:53+0200,6425b165-54b3-4b35-a9e9-0909cc9931f6,2026-09-22T07:15:00Z,2026-09-22T09:15:00+0200,30352.0,MW,ES,ES,actual_load,Actual Load,2026-09-25T17:42:54Z
2026-09-25T17:42:53Z,2026-09-25T19:42:53+0200,6425b165-54b3-4b35-a9e9-0909cc9931f6,2026-09-22T07:30:00Z,2026-09-22T09:30:00+0200,30520.0,MW,ES,ES,actual_load,Actual Load,2026-09-25T17:42:54Z
2026-09-25T17:42:53Z,2026-09-25T19:42:53+0200,6425b165-54b3-4b35-a9e9-0909cc9931f6,2026-09-22T07:45:00Z,2026-09-22T09:45:00+0200,30348.0,MW,ES,ES,actual_load,Actual Load,2026-09-25T17:42:54Z
2026-09-25T17:42:53Z,2026-09-25T19:42:53+0200,6425b165-54b3-4b35-a9e9-0909cc9931f6,2026-09-22T08:00:00Z,2026-09-22T10:00:00+0200,29976.0,MW,ES,ES,actual_load,Actual Load,2026-09-25T17:42:54Z
2026-09-25T17:42:53Z,2026-09-25T19:42:53+0200,6425b165-54b3-4b35-a9e9-0909cc9931f6,2026-09-22T08:15:00Z,2026-09-22T10:15:00+0200,29580.0,MW,ES,ES,actual_load,Actual Load,2026-09-25T17:42:54Z
2026-09-25T17:42:53Z,2026-09-25T19:42:53+0200,6425b165-54b3-4b35-a9e9-0909cc9931f6,2026-09-22T08:30:00Z,2026-09-22T10:30:00+0200,29020.0,MW,ES,ES,actual_load,Actual Load,2026-09-25T17:42:54Z
2026-09-25T17:42:53Z,2026-09-25T19:42:53+0200,6425b165-54b3-4b35-a9e9-0909cc9931f6,2026-09-22T08:45:00Z,2026-09-22T10:45:00+0200,29772.0,MW,ES,ES,actual_load,Actual Load,2026-09-25T17:42:54Z
2026-09-25T17:42:53Z,2026-09-25T19:42:53+0200,6425b165-54b3-4b35-a9e9-0909cc9931f6,2026-09-22T09:00:00Z,2026-09-22T11:00:00+0200,29568.0,MW,ES,ES,actual_load,Actual Load,2026-09-25T17:42:54Z
2026-09-25T17:42:53Z,2026-09-25T19:42:53+0200,6425b165-54b3-4b35-a9e9-0909cc9931f6,2026-09-22T09:15:00Z,2026-09-22T11:15:00+0200,29572.0,MW,ES,ES,actual_load,Actual Load,2026-09-25T17:42:54Z
2026-09-25T17:42:53Z,2026-09-25T19:42:53+0200,6425b165-54b3-4b35-a9e9-0909cc9931f6,2026-09-22T09:30:00Z,2026-09-22T11:30:00+0200,29628.0,MW,ES,ES,actual_load,Actual Load,2026-09-25T17:42:54Z
2026-09-25T17:42:53Z,2026-09-25T19:42:53+0200,6425b165-54b3-4b35-a9e9-0909cc9931f6,2026-09-22T09:45:00Z,2026-09-22T11:45:00+0200,29524.0,MW,ES,ES,actual_load,Actual Load,2026-09-25T17:42:54Z
2026-09-25T17:42:53Z,2026-09-25T19:42:53+0200,6425b165-54b3-4b35-a9e9-0909cc9931f6,2026-09-22T10:00:00Z,2026-09-22T12:00:00+0200,29536.0,MW,ES,ES,actual_load,Actual Load,2026-09-25T17:42:54Z
2026-09-25T17:42:53Z,2026-09-25T19:42:53+0200,6425b165-54b3-4b35-a9e9-0909cc9931f6,2026-09-22T10:15:00Z,2026-09-22T12:15:00+0200,29692.0,MW,ES,ES,actual_load,Actual Load,2026-09-25T17:42:54Z
2026-09-25T17:42:53Z,2026-09-25T19:42:53+0200,6425b165-54b3-4b35-a9e9-0909cc9931f6,2026-09-22T10:30:00Z,2026-09-22T12:30:00+0200,29992.0,MW,ES,ES,actual_load,Actual Load,2026-09-25T17:42:54Z
2026-09-25T17:42:53Z,2026-09-25T19:42:53+0200,6425b165-54b3-4b35-a9e9-0909cc9931f6,2026-09-22T10:45:00Z,2026-09-22T12:45:00+0200,30228.0,MW,ES,ES,actual_load,Actual Load,2026-09-25T17:42:54Z
2026-09-25T17:42:53Z,2026-09-25T19:42:53+0200,6425b165-54b3-4b35-a9e9-0909cc9931f6,2026-09-22T11:00:00Z,2026-09-22T13:00:00+0200,30212.0,MW,ES,ES,actual_load,Actual Load,2026-09-25T17:42:54Z
2026-09-25T17:42:53Z,2026-09-25T19:42:53+0200,6425b165-54b3-4b35-a9e9-0909cc9931f6,2026-09-22T11:15:00Z,2026-09-22T13:15:00+0200,30352.0,MW,ES,ES,actual_load,Actual Load,2026-09-25T17:42:54Z
2026-09-25T17:42:53Z,2026-09-25T19:42:53+0200,6425b165-54b3-4b35-a9e9-0909cc9931f6,2026-09-22T11:30:00Z,2026-09-22T13:30:00+0200,30444.0,MW,ES,ES,actual_load,Actual Load,2026-09-25T17:42:54Z
2026-09-25T17:42:53Z,2026-09-25T19:42:53+0200,6425b165-54b3-4b35-a9e9-0909cc9931f6,2026-09-22T11:45:00Z,2026-09-22T13:45:00+0200,30284.0,MW,ES,ES,actual_load,Actual Load,2026-09-25T17:42:54Z
2026-09-25T17:42:53Z,2026-09-25T19:42:53+0200,6425b165-54b3-4b35-a9e9-0909cc9931f6,2026-09-22T12:00:00Z,2026-09-22T14:00:00+0200,30216.0,MW,ES,ES,actual_load,Actual Load,2026-09-25T17:42:54Z
2026-09-25T17:42:53Z,2026-09-25T19:42:53+0200,6425b165-54b3-4b35-a9e9-0909cc9931f6,2026-09-22T12:15:00Z,2026-09-22T14:15:00+0200,30344.0,MW,ES,ES,actual_load,Actual Load,2026-09-25T17:42:54Z
2026-09-25T17:42:53Z,2026-09-25T19:42:53+0200,6425b165-54b3-4b35-a9e9-0909cc9931f6,2026-09-22T12:30:00Z,2026-09-22T14:30:00+0200,30356.0,MW,ES,ES,actual_load,Actual Load,2026-09-25T17:42:54Z
2026-09-25T17:42:53Z,2026-09-25T19:42:53+0200,6425b165-54b3-4b35-a9e9-0909cc9931f6,2026-09-22T12:45:00Z,2026-09-22T14:45:00+0200,30296.0,MW,ES,ES,actual_load,Actual Load,2026-09-25T17:42:54Z
2026-09-25T17:42:53Z,2026-09-25T19:42:53+0200,6425b165-54b3-4b35-a9e9-0909cc9931f6,2026-09-22T13:00:00Z,2026-09-22T15:00:00+0200,30096.0,MW,ES,ES,actual_load,Actual Load,2026-09-25T17:42:54Z
2026-09-25T17:42:53Z,2026-09-25T19:42:53+0200,6425b165-54b3-4b35-a9e9-0909cc9931f6,2026-09-22T13:15:00Z,2026-09-22T15:15:00+0200,29912.0,MW,ES,ES,actual_load,Actual Load,2026-09-25T17:42:54Z
2026-09-25T17:42:53Z,2026-09-25T19:42:53+0200,6425b165-54b3-4b35-a9e9-0909cc9931f6,2026-09-22T13:30:00Z,2026-09-22T15:30:00+0200,29972.0,MW,ES,ES,actual_load,Actual Load,2026-09-25T17:42:54Z
2026-09-25T17:42:53Z,2026-09-25T19:42:53+0200,6425b165-54b3-4b35-a9e9-0909cc9931f6,2026-09-22T13:45:00Z,2026-09-22T15:45:00+0200,29960.0,MW,ES,ES,actual_load,Actual Load,2026-09-25T17:42:54Z
2026-09-25T17:42:53Z,2026-09-25T19:42:53+0200,6425b165-54b3-4b35-a9e9-0909cc9931f6,2026-09-22T14:00:00Z,2026-09-22T16:00:00+0200,30232.0,MW,ES,ES,actual_load,Actual Load,2026-09-25T17:42:54Z
2026-09-25T17:42:53Z,2026-09-25T19:42:53+0200,6425b165-54b3-4b35-a9e9-0909cc9931f6,2026-09-22T14:15:00Z,2026-09-22T16:15:00+0200,30192.0,MW,ES,ES,actual_load,Actual Load,2026-09-25T17:42:54Z
2026-09-25T17:42:53Z,2026-09-25T19:42:53+0200,6425b165-54b3-4b35-a9e9-0909cc9931f6,2026-09-22T14:30:00Z,2026-09-22T16:30:00+0200,30412.0,MW,ES,ES,actual_load,Actual Load,2026-09-25T17:42:54Z
2026-09-25T17:42:53Z,2026-09-25T19:42:53+0200,6425b165-54b3-4b35-a9e9-0909cc9931f6,2026-09-22T14:45:00Z,2026-09-22T16:45:00+0200,30728.0,MW,ES,ES,actual_load,Actual Load,2026-09-25T17:42:54Z
2026-09-25T17:42:53Z,2026-09-25T19:42:53+0200,6425b165-54b3-4b35-a9e9-0909cc9931f6,2026-09-22T15:00:00Z,2026-09-22T17:00:00+0200,31068.0,MW,ES,ES,actual_load,Actual Load,2026-09-25T17:42:54Z
2026-09-25T17:42:53Z,2026-09-25T19:42:53+0200,6425b165-54b3-4b35-a9e9-0909cc9931f6,2026-09-22T15:15:00Z,2026-09-22T17:15:00+0200,31364.0,MW,ES,ES,actual_load,Actual Load,2026-09-25T17:42:54Z
2026-09-25T17:42:53Z,2026-09-25T19:42:53+0200,6425b165-54b3-4b35-a9e9-0909cc9931f6,2026-09-22T15:30:00Z,2026-09-22T17:30:00+0200,31808.0,MW,ES,ES,actual_load,Actual Load,2026-09-25T17:42:54Z
2026-09-25T17:42:53Z,2026-09-25T19:42:53+0200,6425b165-54b3-4b35-a9e9-0909cc9931f6,2026-09-22T15:45:00Z,2026-09-22T17:45:00+0200,31880.0,MW,ES,ES,actual_load,Actual Load,2026-09-25T17:42:54Z
2026-09-25T17:42:53Z,2026-09-25T19:42:53+0200,6425b165-54b3-4b35-a9e9-0909cc9931f6,2026-09-22T16:00:00Z,2026-09-22T18:00:00+0200,32000.0,MW,ES,ES,actual_load,Actual Load,2026-09-25T17:42:54Z
2026-09-25T17:42:53Z,2026-09-25T19:42:53+0200,6425b165-54b3-4b35-a9e9-0909cc9931f6,2026-09-22T16:15:00Z,2026-09-22T18:15:00+0200,32236.0,MW,ES,ES,actual_load,Actual Load,2026-09-25T17:42:54Z
2026-09-25T17:42:53Z,2026-09-25T19:42:53+0200,6425b165-54b3-4b35-a9e9-0909cc9931f6,2026-09-22T16:30:00Z,2026-09-22T18:30:00+0200,32420.0,MW,ES,ES,actual_load,Actual Load,2026-09-25T17:42:54Z
2026-09-25T17:42:53Z,2026-09-25T19:42:53+0200,6425b165-54b3-4b35-a9e9-0909cc9931f6,2026-09-22T16:45:00Z,2026-09-22T18:45:00+0200,32648.0,MW,ES,ES,actual_load,Actual Load,2026-09-25T17:42:54Z
2026-09-25T17:42:53Z,2026-09-25T19:42:53+0200,6425b165-54b3-4b35-a9e9-0909cc9931f6,2026-09-22T17:00:00Z,2026-09-22T19:00:00+0200,32868.0,MW,ES,ES,actual_load,Actual Load,2026-09-25T17:42:54Z
2026-09-25T17:42:53Z,2026-09-25T19:42:53+0200,6425b165-54b3-4b35-a9e9-0909cc9931f6,2026-09-22T17:15:00Z,2026-09-22T19:15:00+0200,32768.0,MW,ES,ES,actual_load,Actual Load,2026-09-25T17:42:54Z
2026-09-25T17:42:53Z,2026-09-25T19:42:53+0200,6425b165-54b3-4b35-a9e9-0909cc9931f6,2026-09-22T17:30:00Z,2026-09-22T19:30:00+0200,33000.0,MW,ES,ES,actual_load,Actual Load,2026-09-25T17:42:54Z
2026-09-25T17:42:53Z,2026-09-25T19:42:53+0200,6425b165-54b3-4b35-a9e9-0909cc9931f6,2026-09-22T17:45:00Z,2026-09-22T19:45:00+0200,33236.0,MW,ES,ES,actual_load,Actual Load,2026-09-25T17:42:54Z
2026-09-25T17:42:53Z,2026-09-25T19:42:53+0200,6425b165-54b3-4b35-a9e9-0909cc9931f6,2026-09-22T18:00:00Z,2026-09-22T20:00:00+0200,33656.0,MW,ES,ES,actual_load,Actual Load,2026-09-25T17:42:54Z
2026-09-25T17:42:53Z,2026-09-25T19:42:53+0200,6425b165-54b3-4b35-a9e9-0909cc9931f6,2026-09-22T18:15:00Z,2026-09-22T20:15:00+0200,34140.0,MW,ES,ES,actual_load,Actual Load,2026-09-25T17:42:54Z
2026-09-25T17:42:53Z,2026-09-25T19:42:53+0200,6425b165-54b3-4b35-a9e9-0909cc9931f6,2026-09-22T18:30:00Z,2026-09-22T20:30:00+0200,34512.0,MW,ES,ES,actual_load,Actual Load,2026-09-25T17:42:54Z
2026-09-25T17:42:53Z,2026-09-25T19:42:53+0200,6425b165-54b3-4b35-a9e9-0909cc9931f6,2026-09-22T18:45:00Z,2026-09-22T20:45:00+0200,34612.0,MW,ES,ES,actual_load,Actual Load,2026-09-25T17:42:54Z
2026-09-25T17:42:53Z,2026-09-25T19:42:53+0200,6425b165-54b3-4b35-a9e9-0909cc9931f6,2026-09-22T19:00:00Z,2026-09-22T21:00:00+0200,34304.0,MW,ES,ES,actual_load,Actual Load,2026-09-25T17:42:54Z
2026-09-25T17:42:53Z,2026-09-25T19:42:53+0200,6425b165-54b3-4b35-a9e9-0909cc9931f6,2026-09-22T19:15:00Z,2026-09-22T21:15:00+0200,33884.0,MW,ES,ES,actual_load,Actual Load,2026-09-25T17:42:54Z
2026-09-25T17:42:53Z,2026-09-25T19:42:53+0200,6425b165-54b3-4b35-a9e9-0909cc9931f6,2026-09-22T19:30:00Z,2026-09-22T21:30:00+0200,33180.0,MW,ES,ES,actual_load,Actual Load,2026-09-25T17:42:54Z
2026-09-25T17:42:53Z,2026-09-25T19:42:53+0200,6425b165-54b3-4b35-a9e9-0909cc9931f6,2026-09-22T19:45:00Z,2026-09-22T21:45:00+0200,32300.0,MW,ES,ES,actual_load,Actual Load,2026-09-25T17:42:54Z
2026-09-25T17:42:53Z,2026-09-25T19:42:53+0200,6425b165-54b3-4b35-a9e9-0909cc9931f6,2026-09-22T20:00:00Z,2026-09-22T22:00:00+0200,31180.0,MW,ES,ES,actual_load,Actual Load,2026-09-25T17:42:54Z
2026-09-25T17:42:53Z,2026-09-25T19:42:53+0200,6425b165-54b3-4b35-a9e9-0909cc9931f6,2026-09-22T20:15:00Z,2026-09-22T22:15:00+0200,30512.0,MW,ES,ES,actual_load,Actual Load,2026-09-25T17:42:54Z
2026-09-25T17:42:53Z,2026-09-25T19:42:53+0200,6425b165-54b3-4b35-a9e9-0909cc9931f6,2026-09-22T20:30:00Z,2026-09-22T22:30:00+0200,29812.0,MW,ES,ES,actual_load,Actual Load,2026-09-25T17:42:54Z
2026-09-25T17:42:53Z,2026-09-25T19:42:53+0200,6425b165-54b3-4b35-a9e9-0909cc9931f6,2026-09-22T20:45:00Z,2026-09-22T22:45:00+0200,29068.0,MW,ES,ES,actual_load,Actual Load,2026-09-25T17:42:54Z
2026-09-25T17:42:53Z,2026-09-25T19:42:53+0200,6425b165-54b3-4b35-a9e9-0909cc9931f6,2026-09-22T21:00:00Z,2026-09-22T23:00:00+0200,28248.0,MW,ES,ES,actual_load,Actual Load,2026-09-25T17:42:54Z
2026-09-25T17:42:53Z,2026-09-25T19:42:53+0200,6425b165-54b3-4b35-a9e9-0909cc9931f6,2026-09-22T21:15:00Z,2026-09-22T23:15:00+0200,27592.0,MW,ES,ES,actual_load,Actual Load,2026-09-25T17:42:54Z
2026-09-25T17:42:53Z,2026-09-25T19:42:53+0200,6425b165-54b3-4b35-a9e9-0909cc9931f6,2026-09-22T21:30:00Z,2026-09-22T23:30:00+0200,27036.0,MW,ES,ES,actual_load,Actual Load,2026-09-25T17:42:54Z
2026-09-25T17:42:53Z,2026-09-25T19:42:53+0200,6425b165-54b3-4b35-a9e9-0909cc9931f6,2026-09-22T21:45:00Z,2026-09-22T23:45:00+0200,26384.0,MW,ES,ES,actual_load,Actual Load,2026-09-25T17:42:54Z
2026-09-25T17:42:53Z,2026-09-25T19:42:53+0200,6425b165-54b3-4b35-a9e9-0909cc9931f6,2026-09-22T22:00:00Z,2026-09-23T00:00:00+0200,26388.0,MW,ES,ES,actual_load,Actual Load,2026-09-25T17:42:54Z
2026-09-25T17:42:53Z,2026-09-25T19:42:53+0200,6425b165-54b3-4b35-a9e9-0909cc9931f6,2026-09-22T22:15:00Z,2026-09-23T00:15:00+0200,26044.0,MW,ES,ES,actual_load,Actual Load,2026-09-25T17:42:54Z
2026-09-25T17:42:53Z,2026-09-25T19:42:53+0200,6425b165-54b3-4b35-a9e9-0909cc9931f6,2026-09-22T22:30:00Z,2026-09-23T00:30:00+0200,25828.0,MW,ES,ES,actual_load,Actual Load,2026-09-25T17:42:54Z
2026-09-25T17:42:53Z,2026-09-25T19:42:53+0200,6425b165-54b3-4b35-a9e9-0909cc9931f6,2026-09-22T22:45:00Z,2026-09-23T00:45:00+0200,25412.0,MW,ES,ES,actual_load,Actual Load,2026-09-25T17:42:54Z
2026-09-25T17:42:53Z,2026-09-25T19:42:53+0200,6425b165-54b3-4b35-a9e9-0909cc9931f6,2026-09-22T23:00:00Z,2026-09-23T01:00:00+0200,24972.0,MW,ES,ES,actual_load,Actual Load,2026-09-25T17:42:54Z
2026-09-25T17:42:53Z,2026-09-25T19:42:53+0200,6425b165-54b3-4b35-a9e9-0909cc9931f6,2026-09-22T23:15:00Z,2026-09-23T01:15:00+0200,24712.0,MW,ES,ES,actual_load,Actual Load,2026-09-25T17:42:54Z
2026-09-25T17:42:53Z,2026-09-25T19:42:53+0200,6425b165-54b3-4b35-a9e9-0909cc9931f6,2026-09-22T23:30:00Z,2026-09-23T01:30:00+0200,24460.0,MW,ES,ES,actual_load,Actual Load,2026-09-25T17:42:54Z
2026-09-25T17:42:53Z,2026-09-25T19:42:53+0200,6425b165-54b3-4b35-a9e9-0909cc9931f6,2026-09-22T23:45:00Z,2026-09-23T01:45:00+0200,24176.0,MW,ES,ES,actual_load,Actual Load,2026-09-25T17:42:54Z
2026-09-25T17:42:53Z,2026-09-25T19:42:53+0200,6425b165-54b3-4b35-a9e9-0909cc9931f6,2026-09-23T00:00:00Z,2026-09-23T02:00:00+0200,23976.0,MW,ES,ES,actual_load,Actual Load,2026-09-25T17:42:54Z
2026-09-25T17:42:53Z,2026-09-25T19:42:53+0200,6425b165-54b3-4b35-a9e9-0909cc9931f6,2026-09-23T00:15:00Z,2026-09-23T02:15:00+0200,23912.0,MW,ES,ES,actual_load,Actual Load,2026-09-25T17:42:54Z
2026-09-25T17:42:53Z,2026-09-25T19:42:53+0200,6425b165-54b3-4b35-a9e9-0909cc9931f6,2026-09-23T00:30:00Z,2026-09-23T02:30:00+0200,23724.0,MW,ES,ES,actual_load,Actual Load,2026-09-25T17:42:54Z
2026-09-25T17:42:53Z,2026-09-25T19:42:53+0200,6425b165-54b3-4b35-a9e9-0909cc9931f6,2026-09-23T00:45:00Z,2026-09-23T02:45:00+0200,23532.0,MW,ES,ES,actual_load,Actual Load,2026-09-25T17:42:54Z
2026-09-25T17:42:53Z,2026-09-25T19:42:53+0200,6425b165-54b3-4b35-a9e9-0909cc9931f6,2026-09-23T01:00:00Z,2026-09-23T03:00:00+0200,23572.0,MW,ES,ES,actual_load,Actual Load,2026-09-25T17:42:54Z
2026-09-25T17:42:53Z,2026-09-25T19:42:53+0200,6425b165-54b3-4b35-a9e9-0909cc9931f6,2026-09-23T01:15:00Z,2026-09-23T03:15:00+0200,23400.0,MW,ES,ES,actual_load,Actual Load,2026-09-25T17:42:54Z
2026-09-25T17:42:53Z,2026-09-25T19:42:53+0200,6425b165-54b3-4b35-a9e9-0909cc9931f6,2026-09-23T01:30:00Z,2026-09-23T03:30:00+0200,23212.0,MW,ES,ES,actual_load,Actual Load,2026-09-25T17:42:54Z
2026-09-25T17:42:53Z,2026-09-25T19:42:53+0200,6425b165-54b3-4b35-a9e9-0909cc9931f6,2026-09-23T01:45:00Z,2026-09-23T03:45:00+0200,23224.0,MW,ES,ES,actual_load,Actual Load,2026-09-25T17:42:54Z
2026-09-25T17:42:53Z,2026-09-25T19:42:53+0200,6425b165-54b3-4b35-a9e9-0909cc9931f6,2026-09-23T02:00:00Z,2026-09-23T04:00:00+0200,23180.0,MW,ES,ES,actual_load,Actual Load,2026-09-25T17:42:54Z
2026-09-25T17:42:53Z,2026-09-25T19:42:53+0200,6425b165-54b3-4b35-a9e9-0909cc9931f6,2026-09-23T02:15:00Z,2026-09-23T04:15:00+0200,23040.0,MW,ES,ES,actual_load,Actual Load,2026-09-25T17:42:54Z
2026-09-25T17:42:53Z,2026-09-25T19:42:53+0200,6425b165-54b3-4b35-a9e9-0909cc9931f6,2026-09-23T02:30:00Z,2026-09-23T04:30:00+0200,23136.0,MW,ES,ES,actual_load,Actual Load,2026-09-25T17:42:54Z
2026-09-25T17:42:53Z,2026-09-25T19:42:53+0200,6425b165-54b3-4b35-a9e9-0909cc9931f6,2026-09-23T02:45:00Z,2026-09-23T04:45:00+0200,23088.0,MW,ES,ES,actual_load,Actual Load,2026-09-25T17:42:54Z
2026-09-25T17:42:53Z,2026-09-25T19:42:53+0200,6425b165-54b3-4b35-a9e9-0909cc9931f6,2026-09-23T03:00:00Z,2026-09-23T05:00:00+0200,23280.0,MW,ES,ES,actual_load,Actual Load,2026-09-25T17:42:54Z
2026-09-25T17:42:53Z,2026-09-25T19:42:53+0200,6425b165-54b3-4b35-a9e9-0909cc9931f6,2026-09-23T03:15:00Z,2026-09-23T05:15:00+0200,23556.0,MW,ES,ES,actual_load,Actual Load,2026-09-25T17:42:54Z
2026-09-25T17:42:53Z,2026-09-25T19:42:53+0200,6425b165-54b3-4b35-a9e9-0909cc9931f6,2026-09-23T03:30:00Z,2026-09-23T05:30:00+0200,23728.0,MW,ES,ES,actual_load,Actual Load,2026-09-25T17:42:54Z
2026-09-25T17:42:53Z,2026-09-25T19:42:53+0200,6425b165-54b3-4b35-a9e9-0909cc9931f6,2026-09-23T03:45:00Z,2026-09-23T05:45:00+0200,24004.0,MW,ES,ES,actual_load,Actual Load,2026-09-25T17:42:54Z
2026-09-25T17:42:53Z,2026-09-25T19:42:53+0200,6425b165-54b3-4b35-a9e9-0909cc9931f6,2026-09-23T04:00:00Z,2026-09-23T06:00:00+0200,24904.0,MW,ES,ES,actual_load,Actual Load,2026-09-25T17:42:54Z
2026-09-25T17:42:53Z,2026-09-25T19:42:53+0200,6425b165-54b3-4b35-a9e9-0909cc9931f6,2026-09-23T04:15:00Z,2026-09-23T06:15:00+0200,25660.0,MW,ES,ES,actual_load,Actual Load,2026-09-25T17:42:54Z
2026-09-25T17:42:53Z,2026-09-25T19:42:53+0200,6425b165-54b3-4b35-a9e9-0909cc9931f6,2026-09-23T04:30:00Z,2026-09-23T06:30:00+0200,26260.0,MW,ES,ES,actual_load,Actual Load,2026-09-25T17:42:54Z
2026-09-25T17:42:53Z,2026-09-25T19:42:53+0200,6425b165-54b3-4b35-a9e9-0909cc9931f6,2026-09-23T04:45:00Z,2026-09-23T06:45:00+0200,27236.0,MW,ES,ES,actual_load,Actual Load,2026-09-25T17:42:54Z
2026-09-25T17:42:53Z,2026-09-25T19:42:53+0200,6425b165-54b3-4b35-a9e9-0909cc9931f6,2026-09-23T05:00:00Z,2026-09-23T07:00:00+0200,28544.0,MW,ES,ES,actual_load,Actual Load,2026-09-25T17:42:54Z
2026-09-25T17:42:53Z,2026-09-25T19:42:53+0200,6425b165-54b3-4b35-a9e9-0909cc9931f6,2026-09-23T05:15:00Z,2026-09-23T07:15:00+0200,29332.0,MW,ES,ES,actual_load,Actual Load,2026-09-25T17:42:54Z
2026-09-25T17:42:53Z,2026-09-25T19:42:53+0200,6425b165-54b3-4b35-a9e9-0909cc9931f6,2026-09-23T05:30:00Z,2026-09-23T07:30:00+0200,29884.0,MW,ES,ES,actual_load,Actual Load,2026-09-25T17:42:54Z
2026-09-25T17:42:53Z,2026-09-25T19:42:53+0200,6425b165-54b3-4b35-a9e9-0909cc9931f6,2026-09-23T05:45:00Z,2026-09-23T07:45:00+0200,30284.0,MW,ES,ES,actual_load,Actual Load,2026-09-25T17:42:54Z
2026-09-25T17:42:53Z,2026-09-25T19:42:53+0200,6425b165-54b3-4b35-a9e9-0909cc9931f6,2026-09-23T06:00:00Z,2026-09-23T08:00:00+0200,30228.0,MW,ES,ES,actual_load,Actual Load,2026-09-25T17:42:54Z
2026-09-25T17:42:53Z,2026-09-25T19:42:53+0200,6425b165-54b3-4b35-a9e9-0909cc9931f6,2026-09-23T06:15:00Z,2026-09-23T08:15:00+0200,30588.0,MW,ES,ES,actual_load,Actual Load,2026-09-25T17:42:54Z
2026-09-25T17:42:53Z,2026-09-25T19:42:53+0200,6425b165-54b3-4b35-a9e9-0909cc9931f6,2026-09-23T06:30:00Z,2026-09-23T08:30:00+0200,30648.0,MW,ES,ES,actual_load,Actual Load,2026-09-25T17:42:54Z
2026-09-25T17:42:53Z,2026-09-25T19:42:53+0200,6425b165-54b3-4b35-a9e9-0909cc9931f6,2026-09-23T06:45:00Z,2026-09-23T08:45:00+0200,30488.0,MW,ES,ES,actual_load,Actual Load,2026-09-25T17:42:54Z
2026-09-25T17:42:53Z,2026-09-25T19:42:53+0200,6425b165-54b3-4b35-a9e9-0909cc9931f6,2026-09-23T07:00:00Z,2026-09-23T09:00:00+0200,30524.0,MW,ES,ES,actual_load,Actual Load,2026-09-25T17:42:54Z
2026-09-25T17:42:53Z,2026-09-25T19:42:53+0200,6425b165-54b3-4b35-a9e9-0909cc9931f6,2026-09-23T07:15:00Z,2026-09-23T09:15:00+0200,30748.0,MW,ES,ES,actual_load,Actual Load,2026-09-25T17:42:54Z
2026-09-25T17:42:53Z,2026-09-25T19:42:53+0200,6425b165-54b3-4b35-a9e9-0909cc9931f6,2026-09-23T07:30:00Z,2026-09-23T09:30:00+0200,30556.0,MW,ES,ES,actual_load,Actual Load,2026-09-25T17:42:54Z
2026-09-25T17:42:53Z,2026-09-25T19:42:53+0200,6425b165-54b3-4b35-a9e9-0909cc9931f6,2026-09-23T07:45:00Z,2026-09-23T09:45:00+0200,30596.0,MW,ES,ES,actual_load,Actual Load,2026-09-25T17:42:54Z
2026-09-25T17:42:53Z,2026-09-25T19:42:53+0200,6425b165-54b3-4b35-a9e9-0909cc9931f6,2026-09-23T08:00:00Z,2026-09-23T10:00:00+0200,30772.0,MW,ES,ES,actual_load,Actual Load,2026-09-25T17:42:54Z
2026-09-25T17:42:53Z,2026-09-25T19:42:53+0200,6425b165-54b3-4b35-a9e9-0909cc9931f6,2026-09-23T08:15:00Z,2026-09-23T10:15:00+0200,30688.0,MW,ES,ES,actual_load,Actual Load,2026-09-25T17:42:54Z
2026-09-25T17:42:53Z,2026-09-25T19:42:53+0200,6425b165-54b3-4b35-a9e9-0909cc9931f6,2026-09-23T08:30:00Z,2026-09-23T10:30:00+0200,30432.0,MW,ES,ES,actual_load,Actual Load,2026-09-25T17:42:54Z
2026-09-25T17:42:53Z,2026-09-25T19:42:53+0200,6425b165-54b3-4b35-a9e9-0909cc9931f6,2026-09-23T08:45:00Z,2026-09-23T10:45:00+0200,30488.0,MW,ES,ES,actual_load,Actual Load,2026-09-25T17:42:54Z
2026-09-25T17:42:53Z,2026-09-25T19:42:53+0200,6425b165-54b3-4b35-a9e9-0909cc9931f6,2026-09-23T09:00:00Z,2026-09-23T11:00:00+0200,30436.0,MW,ES,ES,actual_load,Actual Load,2026-09-25T17:42:54Z
2026-09-25T17:42:53Z,2026-09-25T19:42:53+0200,6425b165-54b3-4b35-a9e9-0909cc9931f6,2026-09-23T09:15:00Z,2026-09-23T11:15:00+0200,30264.0,MW,ES,ES,actual_load,Actual Load,2026-09-25T17:42:54Z
2026-09-25T17:42:53Z,2026-09-25T19:42:53+0200,6425b165-54b3-4b35-a9e9-0909cc9931f6,2026-09-23T09:30:00Z,2026-09-23T11:30:00+0200,30356.0,MW,ES,ES,actual_load,Actual Load,2026-09-25T17:42:54Z
2026-09-25T17:42:53Z,2026-09-25T19:42:53+0200,6425b165-54b3-4b35-a9e9-0909cc9931f6,2026-09-23T09:45:00Z,2026-09-23T11:45:00+0200,30232.0,MW,ES,ES,actual_load,Actual Load,2026-09-25T17:42:54Z
2026-09-25T17:42:53Z,2026-09-25T19:42:53+0200,6425b165-54b3-4b35-a9e9-0909cc9931f6,2026-09-23T10:00:00Z,2026-09-23T12:00:00+0200,30252.0,MW,ES,ES,actual_load,Actual Load,2026-09-25T17:42:54Z
2026-09-25T17:42:53Z,2026-09-25T19:42:53+0200,6425b165-54b3-4b35-a9e9-0909cc9931f6,2026-09-23T10:15:00Z,2026-09-23T12:15:00+0200,30276.0,MW,ES,ES,actual_load,Actual Load,2026-09-25T17:42:54Z
2026-09-25T17:42:53Z,2026-09-25T19:42:53+0200,6425b165-54b3-4b35-a9e9-0909cc9931f6,2026-09-23T10:30:00Z,2026-09-23T12:30:00+0200,30216.0,MW,ES,ES,actual_load,Actual Load,2026-09-25T17:42:54Z
2026-09-25T17:42:53Z,2026-09-25T19:42:53+0200,6425b165-54b3-4b35-a9e9-0909cc9931f6,2026-09-23T10:45:00Z,2026-09-23T12:45:00+0200,30096.0,MW,ES,ES,actual_load,Actual Load,2026-09-25T17:42:54Z
2026-09-25T17:42:53Z,2026-09-25T19:42:53+0200,6425b165-54b3-4b35-a9e9-0909cc9931f6,2026-09-23T11:00:00Z,2026-09-23T13:00:00+0200,30300.0,MW,ES,ES,actual_load,Actual Load,2026-09-25T17:42:54Z
2026-09-25T17:42:53Z,2026-09-25T19:42:53+0200,6425b165-54b3-4b35-a9e9-0909cc9931f6,2026-09-23T11:15:00Z,2026-09-23T13:15:00+0200,30528.0,MW,ES,ES,actual_load,Actual Load,2026-09-25T17:42:54Z
2026-09-25T17:42:53Z,2026-09-25T19:42:53+0200,6425b165-54b3-4b35-a9e9-0909cc9931f6,2026-09-23T11:30:00Z,2026-09-23T13:30:00+0200,30580.0,MW,ES,ES,actual_load,Actual Load,2026-09-25T17:42:54Z
2026-09-25T17:42:53Z,2026-09-25T19:42:53+0200,6425b165-54b3-4b35-a9e9-0909cc9931f6,2026-09-23T11:45:00Z,2026-09-23T13:45:00+0200,30436.0,MW,ES,ES,actual_load,Actual Load,2026-09-25T17:42:54Z
2026-09-25T17:42:53Z,2026-09-25T19:42:53+0200,6425b165-54b3-4b35-a9e9-0909cc9931f6,2026-09-23T12:00:00Z,2026-09-23T14:00:00+0200,30364.0,MW,ES,ES,actual_load,Actual Load,2026-09-25T17:42:54Z
2026-09-25T17:42:53Z,2026-09-25T19:42:53+0200,6425b165-54b3-4b35-a9e9-0909cc9931f6,2026-09-23T12:15:00Z,2026-09-23T14:15:00+0200,30532.0,MW,ES,ES,actual_load,Actual Load,2026-09-25T17:42:54Z
2026-09-25T17:42:53Z,2026-09-25T19:42:53+0200,6425b165-54b3-4b35-a9e9-0909cc9931f6,2026-09-23T12:30:00Z,2026-09-23T14:30:00+0200,30276.0,MW,ES,ES,actual_load,Actual Load,2026-09-25T17:42:54Z
2026-09-25T17:42:53Z,2026-09-25T19:42:53+0200,6425b165-54b3-4b35-a9e9-0909cc9931f6,2026-09-23T12:45:00Z,2026-09-23T14:45:00+0200,30152.0,MW,ES,ES,actual_load,Actual Load,2026-09-25T17:42:54Z
2026-09-25T17:42:53Z,2026-09-25T19:42:53+0200,6425b165-54b3-4b35-a9e9-0909cc9931f6,2026-09-23T13:00:00Z,2026-09-23T15:00:00+0200,29952.0,MW,ES,ES,actual_load,Actual Load,2026-09-25T17:42:54Z
2026-09-25T17:42:53Z,2026-09-25T19:42:53+0200,6425b165-54b3-4b35-a9e9-0909cc9931f6,2026-09-23T13:15:00Z,2026-09-23T15:15:00+0200,30116.0,MW,ES,ES,actual_load,Actual Load,2026-09-25T17:42:54Z
2026-09-25T17:42:53Z,2026-09-25T19:42:53+0200,6425b165-54b3-4b35-a9e9-0909cc9931f6,2026-09-23T13:30:00Z,2026-09-23T15:30:00+0200,30156.0,MW,ES,ES,actual_load,Actual Load,2026-09-25T17:42:54Z
2026-09-25T17:42:53Z,2026-09-25T19:42:53+0200,6425b165-54b3-4b35-a9e9-0909cc9931f6,2026-09-23T13:45:00Z,2026-09-23T15:45:00+0200,30176.0,MW,ES,ES,actual_load,Actual Load,2026-09-25T17:42:54Z
2026-09-25T17:42:53Z,2026-09-25T19:42:53+0200,6425b165-54b3-4b35-a9e9-0909cc9931f6,2026-09-23T14:00:00Z,2026-09-23T16:00:00+0200,30428.0,MW,ES,ES,actual_load,Actual Load,2026-09-25T17:42:54Z
2026-09-25T17:42:53Z,2026-09-25T19:42:53+0200,6425b165-54b3-4b35-a9e9-0909cc9931f6,2026-09-23T14:15:00Z,2026-09-23T16:15:00+0200,30484.0,MW,ES,ES,actual_load,Actual Load,2026-09-25T17:42:54Z
2026-09-25T17:42:53Z,2026-09-25T19:42:53+0200,6425b165-54b3-4b35-a9e9-0909cc9931f6,2026-09-23T14:30:00Z,2026-09-23T16:30:00+0200,30680.0,MW,ES,ES,actual_load,Actual Load,2026-09-25T17:42:54Z
2026-09-25T17:42:53Z,2026-09-25T19:42:53+0200,6425b165-54b3-4b35-a9e9-0909cc9931f6,2026-09-23T14:45:00Z,2026-09-23T16:45:00+0200,31024.0,MW,ES,ES,actual_load,Actual Load,2026-09-25T17:42:54Z
2026-09-25T17:42:53Z,2026-09-25T19:42:53+0200,6425b165-54b3-4b35-a9e9-0909cc9931f6,2026-09-23T15:00:00Z,2026-09-23T17:00:00+0200,31396.0,MW,ES,ES,actual_load,Actual Load,2026-09-25T17:42:54Z
2026-09-25T17:42:53Z,2026-09-25T19:42:53+0200,6425b165-54b3-4b35-a9e9-0909cc9931f6,2026-09-23T15:15:00Z,2026-09-23T17:15:00+0200,31812.0,MW,ES,ES,actual_load,Actual Load,2026-09-25T17:42:54Z
2026-09-25T17:42:53Z,2026-09-25T19:42:53+0200,6425b165-54b3-4b35-a9e9-0909cc9931f6,2026-09-23T15:30:00Z,2026-09-23T17:30:00+0200,32212.0,MW,ES,ES,actual_load,Actual Load,2026-09-25T17:42:54Z
2026-09-25T17:42:53Z,2026-09-25T19:42:53+0200,6425b165-54b3-4b35-a9e9-0909cc9931f6,2026-09-23T15:45:00Z,2026-09-23T17:45:00+0200,32156.0,MW,ES,ES,actual_load,Actual Load,2026-09-25T17:42:54Z
2026-09-25T17:42:53Z,2026-09-25T19:42:53+0200,6425b165-54b3-4b35-a9e9-0909cc9931f6,2026-09-23T16:00:00Z,2026-09-23T18:00:00+0200,32260.0,MW,ES,ES,actual_load,Actual Load,2026-09-25T17:42:54Z
2026-09-25T17:42:53Z,2026-09-25T19:42:53+0200,6425b165-54b3-4b35-a9e9-0909cc9931f6,2026-09-23T16:15:00Z,2026-09-23T18:15:00+0200,32544.0,MW,ES,ES,actual_load,Actual Load,2026-09-25T17:42:54Z
2026-09-25T17:42:53Z,2026-09-25T19:42:53+0200,6425b165-54b3-4b35-a9e9-0909cc9931f6,2026-09-23T16:30:00Z,2026-09-23T18:30:00+0200,32796.0,MW,ES,ES,actual_load,Actual Load,2026-09-25T17:42:54Z
2026-09-25T17:42:53Z,2026-09-25T19:42:53+0200,6425b165-54b3-4b35-a9e9-0909cc9931f6,2026-09-23T16:45:00Z,2026-09-23T18:45:00+0200,32956.0,MW,ES,ES,actual_load,Actual Load,2026-09-25T17:42:54Z
2026-09-25T17:42:53Z,2026-09-25T19:42:53+0200,6425b165-54b3-4b35-a9e9-0909cc9931f6,2026-09-23T17:00:00Z,2026-09-23T19:00:00+0200,32824.0,MW,ES,ES,actual_load,Actual Load,2026-09-25T17:42:54Z
2026-09-25T17:42:53Z,2026-09-25T19:42:53+0200,6425b165-54b3-4b35-a9e9-0909cc9931f6,2026-09-23T17:15:00Z,2026-09-23T19:15:00+0200,33004.0,MW,ES,ES,actual_load,Actual Load,2026-09-25T17:42:54Z
2026-09-25T17:42:53Z,2026-09-25T19:42:53+0200,6425b165-54b3-4b35-a9e9-0909cc9931f6,2026-09-23T17:30:00Z,2026-09-23T19:30:00+0200,33248.0,MW,ES,ES,actual_load,Actual Load,2026-09-25T17:42:54Z
2026-09-25T17:42:53Z,2026-09-25T19:42:53+0200,6425b165-54b3-4b35-a9e9-0909cc9931f6,2026-09-23T17:45:00Z,2026-09-23T19:45:00+0200,33340.0,MW,ES,ES,actual_load,Actual Load,2026-09-25T17:42:54Z
2026-09-25T17:42:53Z,2026-09-25T19:42:53+0200,6425b165-54b3-4b35-a9e9-0909cc9931f6,2026-09-23T18:00:00Z,2026-09-23T20:00:00+0200,33712.0,MW,ES,ES,actual_load,Actual Load,2026-09-25T17:42:54Z
2026-09-25T17:42:53Z,2026-09-25T19:42:53+0200,6425b165-54b3-4b35-a9e9-0909cc9931f6,2026-09-23T18:15:00Z,2026-09-23T20:15:00+0200,34296.0,MW,ES,ES,actual_load,Actual Load,2026-09-25T17:42:54Z
2026-09-25T17:42:53Z,2026-09-25T19:42:53+0200,6425b165-54b3-4b35-a9e9-0909cc9931f6,2026-09-23T18:30:00Z,2026-09-23T20:30:00+0200,34532.0,MW,ES,ES,actual_load,Actual Load,2026-09-25T17:42:54Z
2026-09-25T17:42:53Z,2026-09-25T19:42:53+0200,6425b165-54b3-4b35-a9e9-0909cc9931f6,2026-09-23T18:45:00Z,2026-09-23T20:45:00+0200,34476.0,MW,ES,ES,actual_load,Actual Load,2026-09-25T17:42:54Z
2026-09-25T17:42:53Z,2026-09-25T19:42:53+0200,6425b165-54b3-4b35-a9e9-0909cc9931f6,2026-09-23T19:00:00Z,2026-09-23T21:00:00+0200,34036.0,MW,ES,ES,actual_load,Actual Load,2026-09-25T17:42:54Z
2026-09-25T17:42:53Z,2026-09-25T19:42:53+0200,6425b165-54b3-4b35-a9e9-0909cc9931f6,2026-09-23T19:15:00Z,2026-09-23T21:15:00+0200,33704.0,MW,ES,ES,actual_load,Actual Load,2026-09-25T17:42:54Z
2026-09-25T17:42:53Z,2026-09-25T19:42:53+0200,6425b165-54b3-4b35-a9e9-0909cc9931f6,2026-09-23T19:30:00Z,2026-09-23T21:30:00+0200,32912.0,MW,ES,ES,actual_load,Actual Load,2026-09-25T17:42:54Z
2026-09-25T17:42:53Z,2026-09-25T19:42:53+0200,6425b165-54b3-4b35-a9e9-0909cc9931f6,2026-09-23T19:45:00Z,2026-09-23T21:45:00+0200,32088.0,MW,ES,ES,actual_load,Actual Load,2026-09-25T17:42:54Z
2026-09-25T17:42:53Z,2026-09-25T19:42:53+0200,6425b165-54b3-4b35-a9e9-0909cc9931f6,2026-09-23T20:00:00Z,2026-09-23T22:00:00+0200,31180.0,MW,ES,ES,actual_load,Actual Load,2026-09-25T17:42:54Z
2026-09-25T17:42:53Z,2026-09-25T19:42:53+0200,6425b165-54b3-4b35-a9e9-0909cc9931f6,2026-09-23T20:15:00Z,2026-09-23T22:15:00+0200,30504.0,MW,ES,ES,actual_load,Actual Load,2026-09-25T17:42:54Z
2026-09-25T17:42:53Z,2026-09-25T19:42:53+0200,6425b165-54b3-4b35-a9e9-0909cc9931f6,2026-09-23T20:30:00Z,2026-09-23T22:30:00+0200,29728.0,MW,ES,ES,actual_load,Actual Load,2026-09-25T17:42:54Z
2026-09-25T17:42:53Z,2026-09-25T19:42:53+0200,6425b165-54b3-4b35-a9e9-0909cc9931f6,2026-09-23T20:45:00Z,2026-09-23T22:45:00+0200,29224.0,MW,ES,ES,actual_load,Actual Load,2026-09-25T17:42:54Z
2026-09-25T17:42:53Z,2026-09-25T19:42:53+0200,6425b165-54b3-4b35-a9e9-0909cc9931f6,2026-09-23T21:00:00Z,2026-09-23T23:00:00+0200,28424.0,MW,ES,ES,actual_load,Actual Load,2026-09-25T17:42:54Z
2026-09-25T17:42:53Z,2026-09-25T19:42:53+0200,6425b165-54b3-4b35-a9e9-0909cc9931f6,2026-09-23T21:15:00Z,2026-09-23T23:15:00+0200,27956.0,MW,ES,ES,actual_load,Actual Load,2026-09-25T17:42:54Z
2026-09-25T17:42:53Z,2026-09-25T19:42:53+0200,6425b165-54b3-4b35-a9e9-0909cc9931f6,2026-09-23T21:30:00Z,2026-09-23T23:30:00+0200,27336.0,MW,ES,ES,actual_load,Actual Load,2026-09-25T17:42:54Z
2026-09-25T17:42:53Z,2026-09-25T19:42:53+0200,6425b165-54b3-4b35-a9e9-0909cc9931f6,2026-09-23T21:45:00Z,2026-09-23T23:45:00+0200,26740.0,MW,ES,ES,actual_load,Actual Load,2026-09-25T17:42:54Z
2026-09-25T17:42:53Z,2026-09-25T19:42:53+0200,6425b165-54b3-4b35-a9e9-0909cc9931f6,2026-09-23T22:00:00Z,2026-09-24T00:00:00+0200,26552.0,MW,ES,ES,actual_load,Actual Load,2026-09-25T17:42:54Z
2026-09-25T17:42:53Z,2026-09-25T19:42:53+0200,6425b165-54b3-4b35-a9e9-0909cc9931f6,2026-09-23T22:15:00Z,2026-09-24T00:15:00+0200,26328.0,MW,ES,ES,actual_load,Actual Load,2026-09-25T17:42:54Z
2026-09-25T17:42:53Z,2026-09-25T19:42:53+0200,6425b165-54b3-4b35-a9e9-0909cc9931f6,2026-09-23T22:30:00Z,2026-09-24T00:30:00+0200,26028.0,MW,ES,ES,actual_load,Actual Load,2026-09-25T17:42:54Z
2026-09-25T17:42:53Z,2026-09-25T19:42:53+0200,6425b165-54b3-4b35-a9e9-0909cc9931f6,2026-09-23T22:45:00Z,2026-09-24T00:45:00+0200,25600.0,MW,ES,ES,actual_load,Actual Load,2026-09-25T17:42:54Z
2026-09-25T17:42:53Z,2026-09-25T19:42:53+0200,6425b165-54b3-4b35-a9e9-0909cc9931f6,2026-09-23T23:00:00Z,2026-09-24T01:00:00+0200,25296.0,MW,ES,ES,actual_load,Actual Load,2026-09-25T17:42:54Z
2026-09-25T17:42:53Z,2026-09-25T19:42:53+0200,6425b165-54b3-4b35-a9e9-0909cc9931f6,2026-09-23T23:15:00Z,2026-09-24T01:15:00+0200,25020.0,MW,ES,ES,actual_load,Actual Load,2026-09-25T17:42:54Z
2026-09-25T17:42:53Z,2026-09-25T19:42:53+0200,6425b165-54b3-4b35-a9e9-0909cc9931f6,2026-09-23T23:30:00Z,2026-09-24T01:30:00+0200,24820.0,MW,ES,ES,actual_load,Actual Load,2026-09-25T17:42:54Z
2026-09-25T17:42:53Z,2026-09-25T19:42:53+0200,6425b165-54b3-4b35-a9e9-0909cc9931f6,2026-09-23T23:45:00Z,2026-09-24T01:45:00+0200,24568.0,MW,ES,ES,actual_load,Actual Load,2026-09-25T17:42:54Z
2026-09-25T17:42:53Z,2026-09-25T19:42:53+0200,6425b165-54b3-4b35-a9e9-0909cc9931f6,2026-09-24T00:00:00Z,2026-09-24T02:00:00+0200,24416.0,MW,ES,ES,actual_load,Actual Load,2026-09-25T17:42:54Z
2026-09-25T17:42:53Z,2026-09-25T19:42:53+0200,6425b165-54b3-4b35-a9e9-0909cc9931f6,2026-09-24T00:15:00Z,2026-09-24T02:15:00+0200,23912.0,MW,ES,ES,actual_load,Actual Load,2026-09-25T17:42:54Z
2026-09-25T17:42:53Z,2026-09-25T19:42:53+0200,6425b165-54b3-4b35-a9e9-0909cc9931f6,2026-09-24T00:30:00Z,2026-09-24T02:30:00+0200,23740.0,MW,ES,ES,actual_load,Actual Load,2026-09-25T17:42:54Z
2026-09-25T17:42:53Z,2026-09-25T19:42:53+0200,6425b165-54b3-4b35-a9e9-0909cc9931f6,2026-09-24T00:45:00Z,2026-09-24T02:45:00+0200,23656.0,MW,ES,ES,actual_load,Actual Load,2026-09-25T17:42:54Z
2026-09-25T17:42:53Z,2026-09-25T19:42:53+0200,6425b165-54b3-4b35-a9e9-0909cc9931f6,2026-09-24T01:00:00Z,2026-09-24T03:00:00+0200,23600.0,MW,ES,ES,actual_load,Actual Load,2026-09-25T17:42:54Z
2026-09-25T17:42:53Z,2026-09-25T19:42:53+0200,6425b165-54b3-4b35-a9e9-0909cc9931f6,2026-09-24T01:15:00Z,2026-09-24T03:15:00+0200,23440.0,MW,ES,ES,actual_load,Actual Load,2026-09-25T17:42:54Z
2026-09-25T17:42:53Z,2026-09-25T19:42:53+0200,6425b165-54b3-4b35-a9e9-0909cc9931f6,2026-09-24T01:30:00Z,2026-09-24T03:30:00+0200,23264.0,MW,ES,ES,actual_load,Actual Load,2026-09-25T17:42:54Z
2026-09-25T17:42:53Z,2026-09-25T19:42:53+0200,6425b165-54b3-4b35-a9e9-0909cc9931f6,2026-09-24T01:45:00Z,2026-09-24T03:45:00+0200,23340.0,MW,ES,ES,actual_load,Actual Load,2026-09-25T17:42:54Z
2026-09-25T17:42:53Z,2026-09-25T19:42:53+0200,6425b165-54b3-4b35-a9e9-0909cc9931f6,2026-09-24T02:00:00Z,2026-09-24T04:00:00+0200,23236.0,MW,ES,ES,actual_load,Actual Load,2026-09-25T17:42:54Z
2026-09-25T17:42:53Z,2026-09-25T19:42:53+0200,6425b165-54b3-4b35-a9e9-0909cc9931f6,2026-09-24T02:15:00Z,2026-09-24T04:15:00+0200,23120.0,MW,ES,ES,actual_load,Actual Load,2026-09-25T17:42:54Z
2026-09-25T17:42:53Z,2026-09-25T19:42:53+0200,6425b165-54b3-4b35-a9e9-0909cc9931f6,2026-09-24T02:30:00Z,2026-09-24T04:30:00+0200,23172.0,MW,ES,ES,actual_load,Actual Load,2026-09-25T17:42:54Z
2026-09-25T17:42:53Z,2026-09-25T19:42:53+0200,6425b165-54b3-4b35-a9e9-0909cc9931f6,2026-09-24T02:45:00Z,2026-09-24T04:45:00+0200,23276.0,MW,ES,ES,actual_load,Actual Load,2026-09-25T17:42:54Z
2026-09-25T17:42:53Z,2026-09-25T19:42:53+0200,6425b165-54b3-4b35-a9e9-0909cc9931f6,2026-09-24T03:00:00Z,2026-09-24T05:00:00+0200,23396.0,MW,ES,ES,actual_load,Actual Load,2026-09-25T17:42:54Z
2026-09-25T17:42:53Z,2026-09-25T19:42:53+0200,6425b165-54b3-4b35-a9e9-0909cc9931f6,2026-09-24T03:15:00Z,2026-09-24T05:15:00+0200,23448.0,MW,ES,ES,actual_load,Actual Load,2026-09-25T17:42:54Z
2026-09-25T17:42:53Z,2026-09-25T19:42:53+0200,6425b165-54b3-4b35-a9e9-0909cc9931f6,2026-09-24T03:30:00Z,2026-09-24T05:30:00+0200,23668.0,MW,ES,ES,actual_load,Actual Load,2026-09-25T17:42:54Z
2026-09-25T17:42:53Z,2026-09-25T19:42:53+0200,6425b165-54b3-4b35-a9e9-0909cc9931f6,2026-09-24T03:45:00Z,2026-09-24T05:45:00+0200,23872.0,MW,ES,ES,actual_load,Actual Load,2026-09-25T17:42:54Z
2026-09-25T17:42:53Z,2026-09-25T19:42:53+0200,6425b165-54b3-4b35-a9e9-0909cc9931f6,2026-09-24T04:00:00Z,2026-09-24T06:00:00+0200,24756.0,MW,ES,ES,actual_load,Actual Load,2026-09-25T17:42:54Z
2026-09-25T17:42:53Z,2026-09-25T19:42:53+0200,6425b165-54b3-4b35-a9e9-0909cc9931f6,2026-09-24T04:15:00Z,2026-09-24T06:15:00+0200,25500.0,MW,ES,ES,actual_load,Actual Load,2026-09-25T17:42:54Z
2026-09-25T17:42:53Z,2026-09-25T19:42:53+0200,6425b165-54b3-4b35-a9e9-0909cc9931f6,2026-09-24T04:30:00Z,2026-09-24T06:30:00+0200,26220.0,MW,ES,ES,actual_load,Actual Load,2026-09-25T17:42:54Z
2026-09-25T17:42:53Z,2026-09-25T19:42:53+0200,6425b165-54b3-4b35-a9e9-0909cc9931f6,2026-09-24T04:45:00Z,2026-09-24T06:45:00+0200,26996.0,MW,ES,ES,actual_load,Actual Load,2026-09-25T17:42:54Z
2026-09-25T17:42:53Z,2026-09-25T19:42:53+0200,6425b165-54b3-4b35-a9e9-0909cc9931f6,2026-09-24T05:00:00Z,2026-09-24T07:00:00+0200,28008.0,MW,ES,ES,actual_load,Actual Load,2026-09-25T17:42:54Z
2026-09-25T17:42:53Z,2026-09-25T19:42:53+0200,6425b165-54b3-4b35-a9e9-0909cc9931f6,2026-09-24T05:15:00Z,2026-09-24T07:15:00+0200,28812.0,MW,ES,ES,actual_load,Actual Load,2026-09-25T17:42:54Z
2026-09-25T17:42:53Z,2026-09-25T19:42:53+0200,6425b165-54b3-4b35-a9e9-0909cc9931f6,2026-09-24T05:30:00Z,2026-09-24T07:30:00+0200,29492.0,MW,ES,ES,actual_load,Actual Load,2026-09-25T17:42:54Z
2026-09-25T17:42:53Z,2026-09-25T19:42:53+0200,6425b165-54b3-4b35-a9e9-0909cc9931f6,2026-09-24T05:45:00Z,2026-09-24T07:45:00+0200,29672.0,MW,ES,ES,actual_load,Actual Load,2026-09-25T17:42:54Z
2026-09-25T17:42:53Z,2026-09-25T19:42:53+0200,6425b165-54b3-4b35-a9e9-0909cc9931f6,2026-09-24T06:00:00Z,2026-09-24T08:00:00+0200,29940.0,MW,ES,ES,actual_load,Actual Load,2026-09-25T17:42:54Z
2026-09-25T17:42:53Z,2026-09-25T19:42:53+0200,6425b165-54b3-4b35-a9e9-0909cc9931f6,2026-09-24T06:15:00Z,2026-09-24T08:15:00+0200,30176.0,MW,ES,ES,actual_load,Actual Load,2026-09-25T17:42:54Z
2026-09-25T17:42:53Z,2026-09-25T19:42:53+0200,6425b165-54b3-4b35-a9e9-0909cc9931f6,2026-09-24T06:30:00Z,2026-09-24T08:30:00+0200,30248.0,MW,ES,ES,actual_load,Actual Load,2026-09-25T17:42:54Z
2026-09-25T17:42:53Z,2026-09-25T19:42:53+0200,6425b165-54b3-4b35-a9e9-0909cc9931f6,2026-09-24T06:45:00Z,2026-09-24T08:45:00+0200,30184.0,MW,ES,ES,actual_load,Actual Load,2026-09-25T17:42:54Z
2026-09-25T17:42:53Z,2026-09-25T19:42:53+0200,6425b165-54b3-4b35-a9e9-0909cc9931f6,2026-09-24T07:00:00Z,2026-09-24T09:00:00+0200,30348.0,MW,ES,ES,actual_load,Actual Load,2026-09-25T17:42:54Z
2026-09-25T17:42:53Z,2026-09-25T19:42:53+0200,6425b165-54b3-4b35-a9e9-0909cc9931f6,2026-09-24T07:15:00Z,2026-09-24T09:15:00+0200,30392.0,MW,ES,ES,actual_load,Actual Load,2026-09-25T17:42:54Z
2026-09-25T17:42:53Z,2026-09-25T19:42:53+0200,6425b165-54b3-4b35-a9e9-0909cc9931f6,2026-09-24T07:30:00Z,2026-09-24T09:30:00+0200,30360.0,MW,ES,ES,actual_load,Actual Load,2026-09-25T17:42:54Z
2026-09-25T17:42:53Z,2026-09-25T19:42:53+0200,6425b165-54b3-4b35-a9e9-0909cc9931f6,2026-09-24T07:45:00Z,2026-09-24T09:45:00+0200,30184.0,MW,ES,ES,actual_load,Actual Load,2026-09-25T17:42:54Z
2026-09-25T17:42:53Z,2026-09-25T19:42:53+0200,6425b165-54b3-4b35-a9e9-0909cc9931f6,2026-09-24T08:00:00Z,2026-09-24T10:00:00+0200,30184.0,MW,ES,ES,actual_load,Actual Load,2026-09-25T17:42:54Z
2026-09-25T17:42:53Z,2026-09-25T19:42:53+0200,6425b165-54b3-4b35-a9e9-0909cc9931f6,2026-09-24T08:15:00Z,2026-09-24T10:15:00+0200,30104.0,MW,ES,ES,actual_load,Actual Load,2026-09-25T17:42:54Z
2026-09-25T17:42:53Z,2026-09-25T19:42:53+0200,6425b165-54b3-4b35-a9e9-0909cc9931f6,2026-09-24T08:30:00Z,2026-09-24T10:30:00+0200,29912.0,MW,ES,ES,actual_load,Actual Load,2026-09-25T17:42:54Z
2026-09-25T17:42:53Z,2026-09-25T19:42:53+0200,6425b165-54b3-4b35-a9e9-0909cc9931f6,2026-09-24T08:45:00Z,2026-09-24T10:45:00+0200,29848.0,MW,ES,ES,actual_load,Actual Load,2026-09-25T17:42:54Z
2026-09-25T17:42:53Z,2026-09-25T19:42:53+0200,6425b165-54b3-4b35-a9e9-0909cc9931f6,2026-09-24T09:00:00Z,2026-09-24T11:00:00+0200,29796.0,MW,ES,ES,actual_load,Actual Load,2026-09-25T17:42:54Z
2026-09-25T17:42:53Z,2026-09-25T19:42:53+0200,6425b165-54b3-4b35-a9e9-0909cc9931f6,2026-09-24T09:15:00Z,2026-09-24T11:15:00+0200,29584.0,MW,ES,ES,actual_load,Actual Load,2026-09-25T17:42:54Z
2026-09-25T17:42:53Z,2026-09-25T19:42:53+0200,6425b165-54b3-4b35-a9e9-0909cc9931f6,2026-09-24T09:30:00Z,2026-09-24T11:30:00+0200,29640.0,MW,ES,ES,actual_load,Actual Load,2026-09-25T17:42:54Z
2026-09-25T17:42:53Z,2026-09-25T19:42:53+0200,6425b165-54b3-4b35-a9e9-0909cc9931f6,2026-09-24T09:45:00Z,2026-09-24T11:45:00+0200,29584.0,MW,ES,ES,actual_load,Actual Load,2026-09-25T17:42:54Z
2026-09-25T17:42:53Z,2026-09-25T19:42:53+0200,6425b165-54b3-4b35-a9e9-0909cc9931f6,2026-09-24T10:00:00Z,2026-09-24T12:00:00+0200,29588.0,MW,ES,ES,actual_load,Actual Load,2026-09-25T17:42:54Z
2026-09-25T17:42:53Z,2026-09-25T19:42:53+0200,6425b165-54b3-4b35-a9e9-0909cc9931f6,2026-09-24T10:15:00Z,2026-09-24T12:15:00+0200,29592.0,MW,ES,ES,actual_load,Actual Load,2026-09-25T17:42:54Z
2026-09-25T17:42:53Z,2026-09-25T19:42:53+0200,6425b165-54b3-4b35-a9e9-0909cc9931f6,2026-09-24T10:30:00Z,2026-09-24T12:30:00+0200,29664.0,MW,ES,ES,actual_load,Actual Load,2026-09-25T17:42:54Z
2026-09-25T17:42:53Z,2026-09-25T19:42:53+0200,6425b165-54b3-4b35-a9e9-0909cc9931f6,2026-09-24T10:45:00Z,2026-09-24T12:45:00+0200,29948.0,MW,ES,ES,actual_load,Actual Load,2026-09-25T17:42:54Z
2026-09-25T17:42:53Z,2026-09-25T19:42:53+0200,6425b165-54b3-4b35-a9e9-0909cc9931f6,2026-09-24T11:00:00Z,2026-09-24T13:00:00+0200,30108.0,MW,ES,ES,actual_load,Actual Load,2026-09-25T17:42:54Z
2026-09-25T17:42:53Z,2026-09-25T19:42:53+0200,6425b165-54b3-4b35-a9e9-0909cc9931f6,2026-09-24T11:15:00Z,2026-09-24T13:15:00+0200,30288.0,MW,ES,ES,actual_load,Actual Load,2026-09-25T17:42:54Z
2026-09-25T17:42:53Z,2026-09-25T19:42:53+0200,6425b165-54b3-4b35-a9e9-0909cc9931f6,2026-09-24T11:30:00Z,2026-09-24T13:30:00+0200,30352.0,MW,ES,ES,actual_load,Actual Load,2026-09-25T17:42:54Z
2026-09-25T17:42:53Z,2026-09-25T19:42:53+0200,6425b165-54b3-4b35-a9e9-0909cc9931f6,2026-09-24T11:45:00Z,2026-09-24T13:45:00+0200,30268.0,MW,ES,ES,actual_load,Actual Load,2026-09-25T17:42:54Z
2026-09-25T17:42:53Z,2026-09-25T19:42:53+0200,6425b165-54b3-4b35-a9e9-0909cc9931f6,2026-09-24T12:00:00Z,2026-09-24T14:00:00+0200,30104.0,MW,ES,ES,actual_load,Actual Load,2026-09-25T17:42:54Z
2026-09-25T17:42:53Z,2026-09-25T19:42:53+0200,6425b165-54b3-4b35-a9e9-0909cc9931f6,2026-09-24T12:15:00Z,2026-09-24T14:15:00+0200,30400.0,MW,ES,ES,actual_load,Actual Load,2026-09-25T17:42:54Z
2026-09-25T17:42:53Z,2026-09-25T19:42:53+0200,6425b165-54b3-4b35-a9e9-0909cc9931f6,2026-09-24T12:30:00Z,2026-09-24T14:30:00+0200,30348.0,MW,ES,ES,actual_load,Actual Load,2026-09-25T17:42:54Z
2026-09-25T17:42:53Z,2026-09-25T19:42:53+0200,6425b165-54b3-4b35-a9e9-0909cc9931f6,2026-09-24T12:45:00Z,2026-09-24T14:45:00+0200,30144.0,MW,ES,ES,actual_load,Actual Load,2026-09-25T17:42:54Z
2026-09-25T17:42:53Z,2026-09-25T19:42:53+0200,6425b165-54b3-4b35-a9e9-0909cc9931f6,2026-09-24T13:00:00Z,2026-09-24T15:00:00+0200,30184.0,MW,ES,ES,actual_load,Actual Load,2026-09-25T17:42:54Z
2026-09-25T17:42:53Z,2026-09-25T19:42:53+0200,6425b165-54b3-4b35-a9e9-0909cc9931f6,2026-09-24T13:15:00Z,2026-09-24T15:15:00+0200,30176.0,MW,ES,ES,actual_load,Actual Load,2026-09-25T17:42:54Z
2026-09-25T17:42:53Z,2026-09-25T19:42:53+0200,6425b165-54b3-4b35-a9e9-0909cc9931f6,2026-09-24T13:30:00Z,2026-09-24T15:30:00+0200,30040.0,MW,ES,ES,actual_load,Actual Load,2026-09-25T17:42:54Z
2026-09-25T17:42:53Z,2026-09-25T19:42:53+0200,6425b165-54b3-4b35-a9e9-0909cc9931f6,2026-09-24T13:45:00Z,2026-09-24T15:45:00+0200,30276.0,MW,ES,ES,actual_load,Actual Load,2026-09-25T17:42:54Z
2026-09-25T17:42:53Z,2026-09-25T19:42:53+0200,6425b165-54b3-4b35-a9e9-0909cc9931f6,2026-09-24T14:00:00Z,2026-09-24T16:00:00+0200,30552.0,MW,ES,ES,actual_load,Actual Load,2026-09-25T17:42:54Z
2026-09-25T17:42:53Z,2026-09-25T19:42:53+0200,6425b165-54b3-4b35-a9e9-0909cc9931f6,2026-09-24T14:15:00Z,2026-09-24T16:15:00+0200,30644.0,MW,ES,ES,actual_load,Actual Load,2026-09-25T17:42:54Z
2026-09-25T17:42:53Z,2026-09-25T19:42:53+0200,6425b165-54b3-4b35-a9e9-0909cc9931f6,2026-09-24T14:30:00Z,2026-09-24T16:30:00+0200,30868.0,MW,ES,ES,actual_load,Actual Load,2026-09-25T17:42:54Z
2026-09-25T17:42:53Z,2026-09-25T19:42:53+0200,6425b165-54b3-4b35-a9e9-0909cc9931f6,2026-09-24T14:45:00Z,2026-09-24T16:45:00+0200,31196.0,MW,ES,ES,actual_load,Actual Load,2026-09-25T17:42:54Z
2026-09-25T17:42:53Z,2026-09-25T19:42:53+0200,6425b165-54b3-4b35-a9e9-0909cc9931f6,2026-09-24T15:00:00Z,2026-09-24T17:00:00+0200,31548.0,MW,ES,ES,actual_load,Actual Load,2026-09-25T17:42:54Z
2026-09-25T17:42:53Z,2026-09-25T19:42:53+0200,6425b165-54b3-4b35-a9e9-0909cc9931f6,2026-09-24T15:15:00Z,2026-09-24T17:15:00+0200,32044.0,MW,ES,ES,actual_load,Actual Load,2026-09-25T17:42:54Z
2026-09-25T17:42:53Z,2026-09-25T19:42:53+0200,6425b165-54b3-4b35-a9e9-0909cc9931f6,2026-09-24T15:30:00Z,2026-09-24T17:30:00+0200,32436.0,MW,ES,ES,actual_load,Actual Load,2026-09-25T17:42:54Z
2026-09-25T17:42:53Z,2026-09-25T19:42:53+0200,6425b165-54b3-4b35-a9e9-0909cc9931f6,2026-09-24T15:45:00Z,2026-09-24T17:45:00+0200,32492.0,MW,ES,ES,actual_load,Actual Load,2026-09-25T17:42:54Z
2026-09-25T17:42:53Z,2026-09-25T19:42:53+0200,6425b165-54b3-4b35-a9e9-0909cc9931f6,2026-09-24T16:00:00Z,2026-09-24T18:00:00+0200,32856.0,MW,ES,ES,actual_load,Actual Load,2026-09-25T17:42:54Z
2026-09-25T17:42:53Z,2026-09-25T19:42:53+0200,6425b165-54b3-4b35-a9e9-0909cc9931f6,2026-09-24T16:15:00Z,2026-09-24T18:15:00+0200,32988.0,MW,ES,ES,actual_load,Actual Load,2026-09-25T17:42:54Z
2026-09-25T17:42:53Z,2026-09-25T19:42:53+0200,6425b165-54b3-4b35-a9e9-0909cc9931f6,2026-09-24T16:30:00Z,2026-09-24T18:30:00+0200,33032.0,MW,ES,ES,actual_load,Actual Load,2026-09-25T17:42:54Z
2026-09-25T17:42:53Z,2026-09-25T19:42:53+0200,6425b165-54b3-4b35-a9e9-0909cc9931f6,2026-09-24T16:45:00Z,2026-09-24T18:45:00+0200,33388.0,MW,ES,ES,actual_load,Actual Load,2026-09-25T17:42:54Z
2026-09-25T17:42:53Z,2026-09-25T19:42:53+0200,6425b165-54b3-4b35-a9e9-0909cc9931f6,2026-09-24T17:00:00Z,2026-09-24T19:00:00+0200,33428.0,MW,ES,ES,actual_load,Actual Load,2026-09-25T17:42:54Z
2026-09-25T17:42:53Z,2026-09-25T19:42:53+0200,6425b165-54b3-4b35-a9e9-0909cc9931f6,2026-09-24T17:15:00Z,2026-09-24T19:15:00+0200,33448.0,MW,ES,ES,actual_load,Actual Load,2026-09-25T17:42:54Z
2026-09-25T17:42:53Z,2026-09-25T19:42:53+0200,6425b165-54b3-4b35-a9e9-0909cc9931f6,2026-09-24T17:30:00Z,2026-09-24T19:30:00+0200,33696.0,MW,ES,ES,actual_load,Actual Load,2026-09-25T17:42:54Z
2026-09-25T17:42:53Z,2026-09-25T19:42:53+0200,6425b165-54b3-4b35-a9e9-0909cc9931f6,2026-09-24T17:45:00Z,2026-09-24T19:45:00+0200,33776.0,MW,ES,ES,actual_load,Actual Load,2026-09-25T17:42:54Z
2026-09-25T17:42:53Z,2026-09-25T19:42:53+0200,6425b165-54b3-4b35-a9e9-0909cc9931f6,2026-09-24T18:00:00Z,2026-09-24T20:00:00+0200,33956.0,MW,ES,ES,actual_load,Actual Load,2026-09-25T17:42:54Z
2026-09-25T17:42:53Z,2026-09-25T19:42:53+0200,6425b165-54b3-4b35-a9e9-0909cc9931f6,2026-09-24T18:15:00Z,2026-09-24T20:15:00+0200,34664.0,MW,ES,ES,actual_load,Actual Load,2026-09-25T17:42:54Z
2026-09-25T17:42:53Z,2026-09-25T19:42:53+0200,6425b165-54b3-4b35-a9e9-0909cc9931f6,2026-09-24T18:30:00Z,2026-09-24T20:30:00+0200,34944.0,MW,ES,ES,actual_load,Actual Load,2026-09-25T17:42:54Z
2026-09-25T17:42:53Z,2026-09-25T19:42:53+0200,6425b165-54b3-4b35-a9e9-0909cc9931f6,2026-09-24T18:45:00Z,2026-09-24T20:45:00+0200,34996.0,MW,ES,ES,actual_load,Actual Load,2026-09-25T17:42:54Z
2026-09-25T17:42:53Z,2026-09-25T19:42:53+0200,6425b165-54b3-4b35-a9e9-0909cc9931f6,2026-09-24T19:00:00Z,2026-09-24T21:00:00+0200,34596.0,MW,ES,ES,actual_load,Actual Load,2026-09-25T17:42:54Z
2026-09-25T17:42:53Z,2026-09-25T19:42:53+0200,6425b165-54b3-4b35-a9e9-0909cc9931f6,2026-09-24T19:15:00Z,2026-09-24T21:15:00+0200,34308.0,MW,ES,ES,actual_load,Actual Load,2026-09-25T17:42:54Z
2026-09-25T17:42:53Z,2026-09-25T19:42:53+0200,6425b165-54b3-4b35-a9e9-0909cc9931f6,2026-09-24T19:30:00Z,2026-09-24T21:30:00+0200,33736.0,MW,ES,ES,actual_load,Actual Load,2026-09-25T17:42:54Z
2026-09-25T17:42:53Z,2026-09-25T19:42:53+0200,6425b165-54b3-4b35-a9e9-0909cc9931f6,2026-09-24T19:45:00Z,2026-09-24T21:45:00+0200,33048.0,MW,ES,ES,actual_load,Actual Load,2026-09-25T17:42:54Z
2026-09-25T17:42:53Z,2026-09-25T19:42:53+0200,6425b165-54b3-4b35-a9e9-0909cc9931f6,2026-09-24T20:00:00Z,2026-09-24T22:00:00+0200,32156.0,MW,ES,ES,actual_load,Actual Load,2026-09-25T17:42:54Z
2026-09-25T17:42:53Z,2026-09-25T19:42:53+0200,6425b165-54b3-4b35-a9e9-0909cc9931f6,2026-09-24T20:15:00Z,2026-09-24T22:15:00+0200,31588.0,MW,ES,ES,actual_load,Actual Load,2026-09-25T17:42:54Z
2026-09-25T17:42:53Z,2026-09-25T19:42:53+0200,6425b165-54b3-4b35-a9e9-0909cc9931f6,2026-09-24T20:30:00Z,2026-09-24T22:30:00+0200,30800.0,MW,ES,ES,actual_load,Actual Load,2026-09-25T17:42:54Z
2026-09-25T17:42:53Z,2026-09-25T19:42:53+0200,6425b165-54b3-4b35-a9e9-0909cc9931f6,2026-09-24T20:45:00Z,2026-09-24T22:45:00+0200,30256.0,MW,ES,ES,actual_load,Actual Load,2026-09-25T17:42:54Z
2026-09-25T17:42:53Z,2026-09-25T19:42:53+0200,6425b165-54b3-4b35-a9e9-0909cc9931f6,2026-09-24T21:00:00Z,2026-09-24T23:00:00+0200,29544.0,MW,ES,ES,actual_load,Actual Load,2026-09-25T17:42:54Z
2026-09-25T17:42:53Z,2026-09-25T19:42:53+0200,6425b165-54b3-4b35-a9e9-0909cc9931f6,2026-09-24T21:15:00Z,2026-09-24T23:15:00+0200,28936.0,MW,ES,ES,actual_load,Actual Load,2026-09-25T17:42:54Z
2026-09-25T17:42:53Z,2026-09-25T19:42:53+0200,6425b165-54b3-4b35-a9e9-0909cc9931f6,2026-09-24T21:30:00Z,2026-09-24T23:30:00+0200,28244.0,MW,ES,ES,actual_load,Actual Load,2026-09-25T17:42:54Z
2026-09-25T17:42:53Z,2026-09-25T19:42:53+0200,6425b165-54b3-4b35-a9e9-0909cc9931f6,2026-09-24T21:45:00Z,2026-09-24T23:45:00+0200,27624.0,MW,ES,ES,actual_load,Actual Load,2026-09-25T17:42:54Z
2026-09-25T17:42:53Z,2026-09-25T19:42:53+0200,6425b165-54b3-4b35-a9e9-0909cc9931f6,2026-09-24T22:00:00Z,2026-09-25T00:00:00+0200,27348.0,MW,ES,ES,actual_load,Actual Load,2026-09-25T17:42:54Z
2026-09-25T17:42:53Z,2026-09-25T19:42:53+0200,6425b165-54b3-4b35-a9e9-0909cc9931f6,2026-09-24T22:15:00Z,2026-09-25T00:15:00+0200,27120.0,MW,ES,ES,actual_load,Actual Load,2026-09-25T17:42:54Z
2026-09-25T17:42:53Z,2026-09-25T19:42:53+0200,6425b165-54b3-4b35-a9e9-0909cc9931f6,2026-09-24T22:30:00Z,2026-09-25T00:30:00+0200,26480.0,MW,ES,ES,actual_load,Actual Load,2026-09-25T17:42:54Z
2026-09-25T17:42:53Z,2026-09-25T19:42:53+0200,6425b165-54b3-4b35-a9e9-0909cc9931f6,2026-09-24T22:45:00Z,2026-09-25T00:45:00+0200,25924.0,MW,ES,ES,actual_load,Actual Load,2026-09-25T17:42:54Z
2026-09-25T17:42:53Z,2026-09-25T19:42:53+0200,6425b165-54b3-4b35-a9e9-0909cc9931f6,2026-09-24T23:00:00Z,2026-09-25T01:00:00+0200,25584.0,MW,ES,ES,actual_load,Actual Load,2026-09-25T17:42:54Z
2026-09-25T17:42:53Z,2026-09-25T19:42:53+0200,6425b165-54b3-4b35-a9e9-0909cc9931f6,2026-09-24T23:15:00Z,2026-09-25T01:15:00+0200,25272.0,MW,ES,ES,actual_load,Actual Load,2026-09-25T17:42:54Z
2026-09-25T17:42:53Z,2026-09-25T19:42:53+0200,6425b165-54b3-4b35-a9e9-0909cc9931f6,2026-09-24T23:30:00Z,2026-09-25T01:30:00+0200,25112.0,MW,ES,ES,actual_load,Actual Load,2026-09-25T17:42:54Z
2026-09-25T17:42:53Z,2026-09-25T19:42:53+0200,6425b165-54b3-4b35-a9e9-0909cc9931f6,2026-09-24T23:45:00Z,2026-09-25T01:45:00+0200,24780.0,MW,ES,ES,actual_load,Actual Load,2026-09-25T17:42:54Z
2026-09-25T17:42:53Z,2026-09-25T19:42:53+0200,6425b165-54b3-4b35-a9e9-0909cc9931f6,2026-09-25T00:00:00Z,2026-09-25T02:00:00+0200,24624.0,MW,ES,ES,actual_load,Actual Load,2026-09-25T17:42:54Z
2026-09-25T17:42:53Z,2026-09-25T19:42:53+0200,6425b165-54b3-4b35-a9e9-0909cc9931f6,2026-09-25T00:15:00Z,2026-09-25T02:15:00+0200,24608.0,MW,ES,ES,actual_load,Actual Load,2026-09-25T17:42:54Z
2026-09-25T17:42:53Z,2026-09-25T19:42:53+0200,6425b165-54b3-4b35-a9e9-0909cc9931f6,2026-09-25T00:30:00Z,2026-09-25T02:30:00+0200,24268.0,MW,ES,ES,actual_load,Actual Load,2026-09-25T17:42:54Z
2026-09-25T17:42:53Z,2026-09-25T19:42:53+0200,6425b165-54b3-4b35-a9e9-0909cc9931f6,2026-09-25T00:45:00Z,2026-09-25T02:45:00+0200,24080.0,MW,ES,ES,actual_load,Actual Load,2026-09-25T17:42:54Z
2026-09-25T17:42:53Z,2026-09-25T19:42:53+0200,6425b165-54b3-4b35-a9e9-0909cc9931f6,2026-09-25T01:00:00Z,2026-09-25T03:00:00+0200,24108.0,MW,ES,ES,actual_load,Actual Load,2026-09-25T17:42:54Z
2026-09-25T17:42:53Z,2026-09-25T19:42:53+0200,6425b165-54b3-4b35-a9e9-0909cc9931f6,2026-09-25T01:15:00Z,2026-09-25T03:15:00+0200,23984.0,MW,ES,ES,actual_load,Actual Load,2026-09-25T17:42:54Z
2026-09-25T17:42:53Z,2026-09-25T19:42:53+0200,6425b165-54b3-4b35-a9e9-0909cc9931f6,2026-09-25T01:30:00Z,2026-09-25T03:30:00+0200,23760.0,MW,ES,ES,actual_load,Actual Load,2026-09-25T17:42:54Z
2026-09-25T17:42:53Z,2026-09-25T19:42:53+0200,6425b165-54b3-4b35-a9e9-0909cc9931f6,2026-09-25T01:45:00Z,2026-09-25T03:45:00+0200,23756.0,MW,ES,ES,actual_load,Actual Load,2026-09-25T17:42:54Z
2026-09-25T17:42:53Z,2026-09-25T19:42:53+0200,6425b165-54b3-4b35-a9e9-0909cc9931f6,2026-09-25T02:00:00Z,2026-09-25T04:00:00+0200,23792.0,MW,ES,ES,actual_load,Actual Load,2026-09-25T17:42:54Z
2026-09-25T17:42:53Z,2026-09-25T19:42:53+0200,6425b165-54b3-4b35-a9e9-0909cc9931f6,2026-09-25T02:15:00Z,2026-09-25T04:15:00+0200,23576.0,MW,ES,ES,actual_load,Actual Load,2026-09-25T17:42:54Z
2026-09-25T17:42:53Z,2026-09-25T19:42:53+0200,6425b165-54b3-4b35-a9e9-0909cc9931f6,2026-09-25T02:30:00Z,2026-09-25T04:30:00+0200,23752.0,MW,ES,ES,actual_load,Actual Load,2026-09-25T17:42:54Z
2026-09-25T17:42:53Z,2026-09-25T19:42:53+0200,6425b165-54b3-4b35-a9e9-0909cc9931f6,2026-09-25T02:45:00Z,2026-09-25T04:45:00+0200,23848.0,MW,ES,ES,actual_load,Actual Load,2026-09-25T17:42:54Z
2026-09-25T17:42:53Z,2026-09-25T19:42:53+0200,6425b165-54b3-4b35-a9e9-0909cc9931f6,2026-09-25T03:00:00Z,2026-09-25T05:00:00+0200,23748.0,MW,ES,ES,actual_load,Actual Load,2026-09-25T17:42:54Z
2026-09-25T17:42:53Z,2026-09-25T19:42:53+0200,6425b165-54b3-4b35-a9e9-0909cc9931f6,2026-09-25T03:15:00Z,2026-09-25T05:15:00+0200,23956.0,MW,ES,ES,actual_load,Actual Load,2026-09-25T17:42:54Z
2026-09-25T17:42:53Z,2026-09-25T19:42:53+0200,6425b165-54b3-4b35-a9e9-0909cc9931f6,2026-09-25T03:30:00Z,2026-09-25T05:30:00+0200,24092.0,MW,ES,ES,actual_load,Actual Load,2026-09-25T17:42:54Z
2026-09-25T17:42:53Z,2026-09-25T19:42:53+0200,6425b165-54b3-4b35-a9e9-0909cc9931f6,2026-09-25T03:45:00Z,2026-09-25T05:45:00+0200,24364.0,MW,ES,ES,actual_load,Actual Load,2026-09-25T17:42:54Z
2026-09-25T17:42:53Z,2026-09-25T19:42:53+0200,6425b165-54b3-4b35-a9e9-0909cc9931f6,2026-09-25T04:00:00Z,2026-09-25T06:00:00+0200,25284.0,MW,ES,ES,actual_load,Actual Load,2026-09-25T17:42:54Z
2026-09-25T17:42:53Z,2026-09-25T19:42:53+0200,6425b165-54b3-4b35-a9e9-0909cc9931f6,2026-09-25T04:15:00Z,2026-09-25T06:15:00+0200,25980.0,MW,ES,ES,actual_load,Actual Load,2026-09-25T17:42:54Z
2026-09-25T17:42:53Z,2026-09-25T19:42:53+0200,6425b165-54b3-4b35-a9e9-0909cc9931f6,2026-09-25T04:30:00Z,2026-09-25T06:30:00+0200,26616.0,MW,ES,ES,actual_load,Actual Load,2026-09-25T17:42:54Z
2026-09-25T17:42:53Z,2026-09-25T19:42:53+0200,6425b165-54b3-4b35-a9e9-0909cc9931f6,2026-09-25T04:45:00Z,2026-09-25T06:45:00+0200,27392.0,MW,ES,ES,actual_load,Actual Load,2026-09-25T17:42:54Z
2026-09-25T17:42:53Z,2026-09-25T19:42:53+0200,6425b165-54b3-4b35-a9e9-0909cc9931f6,2026-09-25T05:00:00Z,2026-09-25T07:00:00+0200,28600.0,MW,ES,ES,actual_load,Actual Load,2026-09-25T17:42:54Z
2026-09-25T17:42:53Z,2026-09-25T19:42:53+0200,6425b165-54b3-4b35-a9e9-0909cc9931f6,2026-09-25T05:15:00Z,2026-09-25T07:15:00+0200,29468.0,MW,ES,ES,actual_load,Actual Load,2026-09-25T17:42:54Z
2026-09-25T17:42:53Z,2026-09-25T19:42:53+0200,6425b165-54b3-4b35-a9e9-0909cc9931f6,2026-09-25T05:30:00Z,2026-09-25T07:30:00+0200,29984.0,MW,ES,ES,actual_load,Actual Load,2026-09-25T17:42:54Z
2026-09-25T17:42:53Z,2026-09-25T19:42:53+0200,6425b165-54b3-4b35-a9e9-0909cc9931f6,2026-09-25T05:45:00Z,2026-09-25T07:45:00+0200,30392.0,MW,ES,ES,actual_load,Actual Load,2026-09-25T17:42:54Z
2026-09-25T17:42:53Z,2026-09-25T19:42:53+0200,6425b165-54b3-4b35-a9e9-0909cc9931f6,2026-09-25T06:00:00Z,2026-09-25T08:00:00+0200,30600.0,MW,ES,ES,actual_load,Actual Load,2026-09-25T17:42:54Z
2026-09-25T17:42:53Z,2026-09-25T19:42:53+0200,6425b165-54b3-4b35-a9e9-0909cc9931f6,2026-09-25T06:15:00Z,2026-09-25T08:15:00+0200,30632.0,MW,ES,ES,actual_load,Actual Load,2026-09-25T17:42:54Z
2026-09-25T17:42:53Z,2026-09-25T19:42:53+0200,6425b165-54b3-4b35-a9e9-0909cc9931f6,2026-09-25T06:30:00Z,2026-09-25T08:30:00+0200,30708.0,MW,ES,ES,actual_load,Actual Load,2026-09-25T17:42:54Z
2026-09-25T17:42:53Z,2026-09-25T19:42:53+0200,6425b165-54b3-4b35-a9e9-0909cc9931f6,2026-09-25T06:45:00Z,2026-09-25T08:45:00+0200,30728.0,MW,ES,ES,actual_load,Actual Load,2026-09-25T17:42:54Z
2026-09-25T17:42:53Z,2026-09-25T19:42:53+0200,6425b165-54b3-4b35-a9e9-0909cc9931f6,2026-09-25T07:00:00Z,2026-09-25T09:00:00+0200,30844.0,MW,ES,ES,actual_load,Actual Load,2026-09-25T17:42:54Z
2026-09-25T17:42:53Z,2026-09-25T19:42:53+0200,6425b165-54b3-4b35-a9e9-0909cc9931f6,2026-09-25T07:15:00Z,2026-09-25T09:15:00+0200,31080.0,MW,ES,ES,actual_load,Actual Load,2026-09-25T17:42:54Z
2026-09-25T17:42:53Z,2026-09-25T19:42:53+0200,6425b165-54b3-4b35-a9e9-0909cc9931f6,2026-09-25T07:30:00Z,2026-09-25T09:30:00+0200,31444.0,MW,ES,ES,actual_load,Actual Load,2026-09-25T17:42:54Z
2026-09-25T17:42:53Z,2026-09-25T19:42:53+0200,6425b165-54b3-4b35-a9e9-0909cc9931f6,2026-09-25T07:45:00Z,2026-09-25T09:45:00+0200,31548.0,MW,ES,ES,actual_load,Actual Load,2026-09-25T17:42:54Z
2026-09-25T17:42:53Z,2026-09-25T19:42:53+0200,6425b165-54b3-4b35-a9e9-0909cc9931f6,2026-09-25T08:00:00Z,2026-09-25T10:00:00+0200,31564.0,MW,ES,ES,actual_load,Actual Load,2026-09-25T17:42:54Z
2026-09-25T17:42:53Z,2026-09-25T19:42:53+0200,6425b165-54b3-4b35-a9e9-0909cc9931f6,2026-09-25T08:15:00Z,2026-09-25T10:15:00+0200,31204.0,MW,ES,ES,actual_load,Actual Load,2026-09-25T17:42:54Z
2026-09-25T17:42:53Z,2026-09-25T19:42:53+0200,6425b165-54b3-4b35-a9e9-0909cc9931f6,2026-09-25T08:30:00Z,2026-09-25T10:30:00+0200,30824.0,MW,ES,ES,actual_load,Actual Load,2026-09-25T17:42:54Z
2026-09-25T17:42:53Z,2026-09-25T19:42:53+0200,6425b165-54b3-4b35-a9e9-0909cc9931f6,2026-09-25T08:45:00Z,2026-09-25T10:45:00+0200,30848.0,MW,ES,ES,actual_load,Actual Load,2026-09-25T17:42:54Z
2026-09-25T17:42:53Z,2026-09-25T19:42:53+0200,6425b165-54b3-4b35-a9e9-0909cc9931f6,2026-09-25T09:00:00Z,2026-09-25T11:00:00+0200,30720.0,MW,ES,ES,actual_load,Actual Load,2026-09-25T17:42:54Z
2026-09-25T17:42:53Z,2026-09-25T19:42:53+0200,6425b165-54b3-4b35-a9e9-0909cc9931f6,2026-09-25T09:15:00Z,2026-09-25T11:15:00+0200,30460.0,MW,ES,ES,actual_load,Actual Load,2026-09-25T17:42:54Z
2026-09-25T17:42:53Z,2026-09-25T19:42:53+0200,6425b165-54b3-4b35-a9e9-0909cc9931f6,2026-09-25T09:30:00Z,2026-09-25T11:30:00+0200,30500.0,MW,ES,ES,actual_load,Actual Load,2026-09-25T17:42:54Z
2026-09-25T17:42:53Z,2026-09-25T19:42:53+0200,6425b165-54b3-4b35-a9e9-0909cc9931f6,2026-09-25T09:45:00Z,2026-09-25T11:45:00+0200,30456.0,MW,ES,ES,actual_load,Actual Load,2026-09-25T17:42:54Z
2026-09-25T17:42:53Z,2026-09-25T19:42:53+0200,6425b165-54b3-4b35-a9e9-0909cc9931f6,2026-09-25T10:00:00Z,2026-09-25T12:00:00+0200,30716.0,MW,ES,ES,actual_load,Actual Load,2026-09-25T17:42:54Z
2026-09-25T17:42:53Z,2026-09-25T19:42:53+0200,6425b165-54b3-4b35-a9e9-0909cc9931f6,2026-09-25T10:15:00Z,2026-09-25T12:15:00+0200,30772.0,MW,ES,ES,actual_load,Actual Load,2026-09-25T17:42:54Z
2026-09-25T17:42:53Z,2026-09-25T19:42:53+0200,6425b165-54b3-4b35-a9e9-0909cc9931f6,2026-09-25T10:30:00Z,2026-09-25T12:30:00+0200,30716.0,MW,ES,ES,actual_load,Actual Load,2026-09-25T17:42:54Z
2026-09-25T17:42:53Z,2026-09-25T19:42:53+0200,6425b165-54b3-4b35-a9e9-0909cc9931f6,2026-09-25T10:45:00Z,2026-09-25T12:45:00+0200,30940.0,MW,ES,ES,actual_load,Actual Load,2026-09-25T17:42:54Z
2026-09-25T17:42:53Z,2026-09-25T19:42:53+0200,6425b165-54b3-4b35-a9e9-0909cc9931f6,2026-09-25T11:00:00Z,2026-09-25T13:00:00+0200,31124.0,MW,ES,ES,actual_load,Actual Load,2026-09-25T17:42:54Z
2026-09-25T17:42:53Z,2026-09-25T19:42:53+0200,6425b165-54b3-4b35-a9e9-0909cc9931f6,2026-09-25T11:15:00Z,2026-09-25T13:15:00+0200,31308.0,MW,ES,ES,actual_load,Actual Load,2026-09-25T17:42:54Z
2026-09-25T17:42:53Z,2026-09-25T19:42:53+0200,6425b165-54b3-4b35-a9e9-0909cc9931f6,2026-09-25T11:30:00Z,2026-09-25T13:30:00+0200,31164.0,MW,ES,ES,actual_load,Actual Load,2026-09-25T17:42:54Z
2026-09-25T17:42:53Z,2026-09-25T19:42:53+0200,6425b165-54b3-4b35-a9e9-0909cc9931f6,2026-09-25T11:45:00Z,2026-09-25T13:45:00+0200,31040.0,MW,ES,ES,actual_load,Actual Load,2026-09-25T17:42:54Z
2026-09-25T17:42:53Z,2026-09-25T19:42:53+0200,6425b165-54b3-4b35-a9e9-0909cc9931f6,2026-09-25T12:00:00Z,2026-09-25T14:00:00+0200,30936.0,MW,ES,ES,actual_load,Actual Load,2026-09-25T17:42:54Z
2026-09-25T17:42:53Z,2026-09-25T19:42:53+0200,6425b165-54b3-4b35-a9e9-0909cc9931f6,2026-09-25T12:15:00Z,2026-09-25T14:15:00+0200,30856.0,MW,ES,ES,actual_load,Actual Load,2026-09-25T17:42:54Z
2026-09-25T17:42:53Z,2026-09-25T19:42:53+0200,6425b165-54b3-4b35-a9e9-0909cc9931f6,2026-09-25T12:30:00Z,2026-09-25T14:30:00+0200,31004.0,MW,ES,ES,actual_load,Actual Load,2026-09-25T17:42:54Z
2026-09-25T17:42:53Z,2026-09-25T19:42:53+0200,6425b165-54b3-4b35-a9e9-0909cc9931f6,2026-09-25T12:45:00Z,2026-09-25T14:45:00+0200,30672.0,MW,ES,ES,actual_load,Actual Load,2026-09-25T17:42:54Z
2026-09-25T17:42:53Z,2026-09-25T19:42:53+0200,6425b165-54b3-4b35-a9e9-0909cc9931f6,2026-09-25T13:00:00Z,2026-09-25T15:00:00+0200,30692.0,MW,ES,ES,actual_load,Actual Load,2026-09-25T17:42:54Z
2026-09-25T17:42:53Z,2026-09-25T19:42:53+0200,6425b165-54b3-4b35-a9e9-0909cc9931f6,2026-09-25T13:15:00Z,2026-09-25T15:15:00+0200,30608.0,MW,ES,ES,actual_load,Actual Load,2026-09-25T17:42:54Z
2026-09-25T17:42:53Z,2026-09-25T19:42:53+0200,6425b165-54b3-4b35-a9e9-0909cc9931f6,2026-09-25T13:30:00Z,2026-09-25T15:30:00+0200,30576.0,MW,ES,ES,actual_load,Actual Load,2026-09-25T17:42:54Z
2026-09-25T17:42:53Z,2026-09-25T19:42:53+0200,6425b165-54b3-4b35-a9e9-0909cc9931f6,2026-09-25T13:45:00Z,2026-09-25T15:45:00+0200,30540.0,MW,ES,ES,actual_load,Actual Load,2026-09-25T17:42:54Z
2026-09-25T17:42:53Z,2026-09-25T19:42:53+0200,6425b165-54b3-4b35-a9e9-0909cc9931f6,2026-09-25T14:00:00Z,2026-09-25T16:00:00+0200,30496.0,MW,ES,ES,actual_load,Actual Load,2026-09-25T17:42:54Z
2026-09-25T17:42:53Z,2026-09-25T19:42:53+0200,6425b165-54b3-4b35-a9e9-0909cc9931f6,2026-09-25T14:15:00Z,2026-09-25T16:15:00+0200,30752.0,MW,ES,ES,actual_load,Actual Load,2026-09-25T17:42:54Z
2026-09-25T17:42:53Z,2026-09-25T19:42:53+0200,6425b165-54b3-4b35-a9e9-0909cc9931f6,2026-09-25T14:30:00Z,2026-09-25T16:30:00+0200,31056.0,MW,ES,ES,actual_load,Actual Load,2026-09-25T17:42:54Z
2026-09-25T17:42:53Z,2026-09-25T19:42:53+0200,6425b165-54b3-4b35-a9e9-0909cc9931f6,2026-09-25T14:45:00Z,2026-09-25T16:45:00+0200,31232.0,MW,ES,ES,actual_load,Actual Load,2026-09-25T17:42:54Z
2026-09-25T17:42:53Z,2026-09-25T19:42:53+0200,6425b165-54b3-4b35-a9e9-0909cc9931f6,2026-09-25T15:00:00Z,2026-09-25T17:00:00+0200,31708.0,MW,ES,ES,actual_load,Actual Load,2026-09-25T17:42:54Z
2026-09-25T17:42:53Z,2026-09-25T19:42:53+0200,6425b165-54b3-4b35-a9e9-0909cc9931f6,2026-09-25T15:15:00Z,2026-09-25T17:15:00+0200,31972.0,MW,ES,ES,actual_load,Actual Load,2026-09-25T17:42:54Z
2026-09-25T17:42:53Z,2026-09-25T19:42:53+0200,6425b165-54b3-4b35-a9e9-0909cc9931f6,2026-09-25T15:30:00Z,2026-09-25T17:30:00+0200,32280.0,MW,ES,ES,actual_load,Actual Load,2026-09-25T17:42:54Z
2026-09-25T17:42:53Z,2026-09-25T19:42:53+0200,6425b165-54b3-4b35-a9e9-0909cc9931f6,2026-09-25T15:45:00Z,2026-09-25T17:45:00+0200,32652.0,MW,ES,ES,actual_load,Actual Load,2026-09-25T17:42:54Z
2026-09-25T17:42:53Z,2026-09-25T19:42:53+0200,6425b165-54b3-4b35-a9e9-0909cc9931f6,2026-09-25T16:00:00Z,2026-09-25T18:00:00+0200,32904.0,MW,ES,ES,actual_load,Actual Load,2026-09-25T17:42:54Z
2026-09-25T17:42:53Z,2026-09-25T19:42:53+0200,6425b165-54b3-4b35-a9e9-0909cc9931f6,2026-09-25T16:15:00Z,2026-09-25T18:15:00+0200,32912.0,MW,ES,ES,actual_load,Actual Load,2026-09-25T17:42:54Z
2026-09-25T17:42:53Z,2026-09-25T19:42:53+0200,6425b165-54b3-4b35-a9e9-0909cc9931f6,2026-09-25T16:30:00Z,2026-09-25T18:30:00+0200,33036.0,MW,ES,ES,actual_load,Actual Load,2026-09-25T17:42:54Z
2026-09-25T17:42:53Z,2026-09-25T19:42:53+0200,6425b165-54b3-4b35-a9e9-0909cc9931f6,2026-09-25T16:45:00Z,2026-09-25T18:45:00+0200,33256.0,MW,ES,ES,actual_load,Actual Load,2026-09-25T17:42:54Z
2026-09-25T17:42:53Z,2026-09-25T19:42:53+0200,6425b165-54b3-4b35-a9e9-0909cc9931f6,2026-09-25T17:00:00Z,2026-09-25T19:00:00+0200,33128.0,MW,ES,ES,actual_load,Actual Load,2026-09-25T17:42:54Z
