collection_time_utc,collection_time_local,run_id,timestamp_utc,timestamp_local,value,unit,country,entsoe_area,variable,source,updated_at_utc
2026-08-24T16:47:48Z,2026-08-24T18:47:48+0200,1c75f836-1f2f-4435-8768-c29aa3ca6237,2026-07-24T17:00:00Z,2026-07-24T19:00:00+0200,2366.0,MW,DK1,DK_1,forecast_load,Forecasted Load,2026-08-24T16:52:05Z
2026-08-24T16:47:48Z,2026-08-24T18:47:48+0200,1c75f836-1f2f-4435-8768-c29aa3ca6237,2026-07-24T18:00:00Z,2026-07-24T20:00:00+0200,2210.0,MW,DK1,DK_1,forecast_load,Forecasted Load,2026-08-24T16:52:05Z
2026-08-24T16:47:48Z,2026-08-24T18:47:48+0200,1c75f836-1f2f-4435-8768-c29aa3ca6237,2026-07-24T19:00:00Z,2026-07-24T21:00:00+0200,2129.0,MW,DK1,DK_1,forecast_load,Forecasted Load,2026-08-24T16:52:05Z
2026-08-24T16:47:48Z,2026-08-24T18:47:48+0200,1c75f836-1f2f-4435-8768-c29aa3ca6237,2026-07-24T20:00:00Z,2026-07-24T22:00:00+0200,2105.0,MW,DK1,DK_1,forecast_load,Forecasted Load,2026-08-24T16:52:05Z
2026-08-24T16:47:48Z,2026-08-24T18:47:48+0200,1c75f836-1f2f-4435-8768-c29aa3ca6237,2026-07-24T21:00:00Z,2026-07-24T23:00:00+0200,2037.0,MW,DK1,DK_1,forecast_load,Forecasted Load,2026-08-24T16:52:05Z
2026-08-24T16:47:48Z,2026-08-24T18:47:48+0200,1c75f836-1f2f-4435-8768-c29aa3ca6237,2026-07-24T22:00:00Z,2026-07-25T00:00:00+0200,1927.0,MW,DK1,DK_1,forecast_load,Forecasted Load,2026-08-24T16:52:05Z
2026-08-24T16:47:48Z,2026-08-24T18:47:48+0200,1c75f836-1f2f-4435-8768-c29aa3ca6237,2026-07-24T23:00:00Z,2026-07-25T01:00:00+0200,1871.0,MW,DK1,DK_1,forecast_load,Forecasted Load,2026-08-24T16:52:05Z
2026-08-24T16:47:48Z,2026-08-24T18:47:48+0200,1c75f836-1f2f-4435-8768-c29aa3ca6237,2026-07-25T00:00:00Z,2026-07-25T02:00:00+0200,1817.0,MW,DK1,DK_1,forecast_load,Forecasted Load,2026-08-24T16:52:05Z
2026-08-24T16:47:48Z,2026-08-24T18:47:48+0200,1c75f836-1f2f-4435-8768-c29aa3ca6237,2026-07-25T01:00:00Z,2026-07-25T03:00:00+0200,1775.0,MW,DK1,DK_1,forecast_load,Forecasted Load,2026-08-24T16:52:05Z
2026-08-24T16:47:48Z,2026-08-24T18:47:48+0200,1c75f836-1f2f-4435-8768-c29aa3ca6237,2026-07-25T02:00:00Z,2026-07-25T04:00:00+0200,1721.0,MW,DK1,DK_1,forecast_load,Forecasted Load,2026-08-24T16:52:05Z
2026-08-24T16:47:48Z,2026-08-24T18:47:48+0200,1c75f836-1f2f-4435-8768-c29aa3ca6237,2026-07-25T03:00:00Z,2026-07-25T05:00:00+0200,1743.0,MW,DK1,DK_1,forecast_load,Forecasted Load,2026-08-24T16:52:05Z
2026-08-24T16:47:48Z,2026-08-24T18:47:48+0200,1c75f836-1f2f-4435-8768-c29aa3ca6237,2026-07-25T04:00:00Z,2026-07-25T06:00:00+0200,1762.0,MW,DK1,DK_1,forecast_load,Forecasted Load,2026-08-24T16:52:05Z
2026-08-24T16:47:48Z,2026-08-24T18:47:48+0200,1c75f836-1f2f-4435-8768-c29aa3ca6237,2026-07-25T05:00:00Z,2026-07-25T07:00:00+0200,1833.0,MW,DK1,DK_1,forecast_load,Forecasted Load,2026-08-24T16:52:05Z
2026-08-24T16:47:48Z,2026-08-24T18:47:48+0200,1c75f836-1f2f-4435-8768-c29aa3ca6237,2026-07-25T06:00:00Z,2026-07-25T08:00:00+0200,1932.0,MW,DK1,DK_1,forecast_load,Forecasted Load,2026-08-24T16:52:05Z
2026-08-24T16:47:48Z,2026-08-24T18:47:48+0200,1c75f836-1f2f-4435-8768-c29aa3ca6237,2026-07-25T07:00:00Z,2026-07-25T09:00:00+0200,2188.0,MW,DK1,DK_1,forecast_load,Forecasted Load,2026-08-24T16:52:05Z
2026-08-24T16:47:48Z,2026-08-24T18:47:48+0200,1c75f836-1f2f-4435-8768-c29aa3ca6237,2026-07-25T08:00:00Z,2026-07-25T10:00:00+0200,2655.0,MW,DK1,DK_1,forecast_load,Forecasted Load,2026-08-24T16:52:05Z
2026-08-24T16:47:48Z,2026-08-24T18:47:48+0200,1c75f836-1f2f-4435-8768-c29aa3ca6237,2026-07-25T09:00:00Z,2026-07-25T11:00:00+0200,2845.0,MW,DK1,DK_1,forecast_load,Forecasted Load,2026-08-24T16:52:05Z
2026-08-24T16:47:48Z,2026-08-24T18:47:48+0200,1c75f836-1f2f-4435-8768-c29aa3ca6237,2026-07-25T10:00:00Z,2026-07-25T12:00:00+0200,2974.0,MW,DK1,DK_1,forecast_load,Forecasted Load,2026-08-24T16:52:05Z
2026-08-24T16:47:48Z,2026-08-24T18:47:48+0200,1c75f836-1f2f-4435-8768-c29aa3ca6237,2026-07-25T11:00:00Z,2026-07-25T13:00:00+0200,3077.0,MW,DK1,DK_1,forecast_load,Forecasted Load,2026-08-24T16:52:05Z
2026-08-24T16:47:48Z,2026-08-24T18:47:48+0200,1c75f836-1f2f-4435-8768-c29aa3ca6237,2026-07-25T12:00:00Z,2026-07-25T14:00:00+0200,3050.0,MW,DK1,DK_1,forecast_load,Forecasted Load,2026-08-24T16:52:05Z
2026-08-24T16:47:48Z,2026-08-24T18:47:48+0200,1c75f836-1f2f-4435-8768-c29aa3ca6237,2026-07-25T13:00:00Z,2026-07-25T15:00:00+0200,2864.0,MW,DK1,DK_1,forecast_load,Forecasted Load,2026-08-24T16:52:05Z
2026-08-24T16:47:48Z,2026-08-24T18:47:48+0200,1c75f836-1f2f-4435-8768-c29aa3ca6237,2026-07-25T14:00:00Z,2026-07-25T16:00:00+0200,2766.0,MW,DK1,DK_1,forecast_load,Forecasted Load,2026-08-24T16:52:05Z
2026-08-24T16:47:48Z,2026-08-24T18:47:48+0200,1c75f836-1f2f-4435-8768-c29aa3ca6237,2026-07-25T15:00:00Z,2026-07-25T17:00:00+0200,2764.0,MW,DK1,DK_1,forecast_load,Forecasted Load,2026-08-24T16:52:05Z
2026-08-24T16:47:48Z,2026-08-24T18:47:48+0200,1c75f836-1f2f-4435-8768-c29aa3ca6237,2026-07-25T16:00:00Z,2026-07-25T18:00:00+0200,2526.0,MW,DK1,DK_1,forecast_load,Forecasted Load,2026-08-24T16:52:05Z
2026-08-24T16:47:48Z,2026-08-24T18:47:48+0200,1c75f836-1f2f-4435-8768-c29aa3ca6237,2026-07-25T17:00:00Z,2026-07-25T19:00:00+0200,2331.0,MW,DK1,DK_1,forecast_load,Forecasted Load,2026-08-24T16:52:05Z
2026-08-24T16:47:48Z,2026-08-24T18:47:48+0200,1c75f836-1f2f-4435-8768-c29aa3ca6237,2026-07-25T18:00:00Z,2026-07-25T20:00:00+0200,2184.0,MW,DK1,DK_1,forecast_load,Forecasted Load,2026-08-24T16:52:05Z
2026-08-24T16:47:48Z,2026-08-24T18:47:48+0200,1c75f836-1f2f-4435-8768-c29aa3ca6237,2026-07-25T19:00:00Z,2026-07-25T21:00:00+0200,2084.0,MW,DK1,DK_1,forecast_load,Forecasted Load,2026-08-24T16:52:05Z
2026-08-24T16:47:48Z,2026-08-24T18:47:48+0200,1c75f836-1f2f-4435-8768-c29aa3ca6237,2026-07-25T20:00:00Z,2026-07-25T22:00:00+0200,2034.0,MW,DK1,DK_1,forecast_load,Forecasted Load,2026-08-24T16:52:05Z
2026-08-24T16:47:48Z,2026-08-24T18:47:48+0200,1c75f836-1f2f-4435-8768-c29aa3ca6237,2026-07-25T21:00:00Z,2026-07-25T23:00:00+0200,1961.0,MW,DK1,DK_1,forecast_load,Forecasted Load,2026-08-24T16:52:05Z
2026-08-24T16:47:48Z,2026-08-24T18:47:48+0200,1c75f836-1f2f-4435-8768-c29aa3ca6237,2026-07-25T22:00:00Z,2026-07-26T00:00:00+0200,1854.0,MW,DK1,DK_1,forecast_load,Forecasted Load,2026-08-24T16:52:05Z
2026-08-24T16:47:48Z,2026-08-24T18:47:48+0200,1c75f836-1f2f-4435-8768-c29aa3ca6237,2026-07-25T23:00:00Z,2026-07-26T01:00:00+0200,1792.0,MW,DK1,DK_1,forecast_load,Forecasted Load,2026-08-24T16:52:05Z
2026-08-24T16:47:48Z,2026-08-24T18:47:48+0200,1c75f836-1f2f-4435-8768-c29aa3ca6237,2026-07-26T00:00:00Z,2026-07-26T02:00:00+0200,1759.0,MW,DK1,DK_1,forecast_load,Forecasted Load,2026-08-24T16:52:05Z
2026-08-24T16:47:48Z,2026-08-24T18:47:48+0200,1c75f836-1f2f-4435-8768-c29aa3ca6237,2026-07-26T01:00:00Z,2026-07-26T03:00:00+0200,1720.0,MW,DK1,DK_1,forecast_load,Forecasted Load,2026-08-24T16:52:05Z
2026-08-24T16:47:48Z,2026-08-24T18:47:48+0200,1c75f836-1f2f-4435-8768-c29aa3ca6237,2026-07-26T02:00:00Z,2026-07-26T04:00:00+0200,1708.0,MW,DK1,DK_1,forecast_load,Forecasted Load,2026-08-24T16:52:05Z
2026-08-24T16:47:48Z,2026-08-24T18:47:48+0200,1c75f836-1f2f-4435-8768-c29aa3ca6237,2026-07-26T03:00:00Z,2026-07-26T05:00:00+0200,1682.0,MW,DK1,DK_1,forecast_load,Forecasted Load,2026-08-24T16:52:05Z
2026-08-24T16:47:48Z,2026-08-24T18:47:48+0200,1c75f836-1f2f-4435-8768-c29aa3ca6237,2026-07-26T04:00:00Z,2026-07-26T06:00:00+0200,1668.0,MW,DK1,DK_1,forecast_load,Forecasted Load,2026-08-24T16:52:05Z
2026-08-24T16:47:48Z,2026-08-24T18:47:48+0200,1c75f836-1f2f-4435-8768-c29aa3ca6237,2026-07-26T05:00:00Z,2026-07-26T07:00:00+0200,1730.0,MW,DK1,DK_1,forecast_load,Forecasted Load,2026-08-24T16:52:05Z
2026-08-24T16:47:48Z,2026-08-24T18:47:48+0200,1c75f836-1f2f-4435-8768-c29aa3ca6237,2026-07-26T06:00:00Z,2026-07-26T08:00:00+0200,1889.0,MW,DK1,DK_1,forecast_load,Forecasted Load,2026-08-24T16:52:05Z
2026-08-24T16:47:48Z,2026-08-24T18:47:48+0200,1c75f836-1f2f-4435-8768-c29aa3ca6237,2026-07-26T07:00:00Z,2026-07-26T09:00:00+0200,2064.0,MW,DK1,DK_1,forecast_load,Forecasted Load,2026-08-24T16:52:05Z
2026-08-24T16:47:48Z,2026-08-24T18:47:48+0200,1c75f836-1f2f-4435-8768-c29aa3ca6237,2026-07-26T08:00:00Z,2026-07-26T10:00:00+0200,2319.0,MW,DK1,DK_1,forecast_load,Forecasted Load,2026-08-24T16:52:05Z
2026-08-24T16:47:48Z,2026-08-24T18:47:48+0200,1c75f836-1f2f-4435-8768-c29aa3ca6237,2026-07-26T09:00:00Z,2026-07-26T11:00:00+0200,2653.0,MW,DK1,DK_1,forecast_load,Forecasted Load,2026-08-24T16:52:05Z
2026-08-24T16:47:48Z,2026-08-24T18:47:48+0200,1c75f836-1f2f-4435-8768-c29aa3ca6237,2026-07-26T10:00:00Z,2026-07-26T12:00:00+0200,2740.0,MW,DK1,DK_1,forecast_load,Forecasted Load,2026-08-24T16:52:05Z
2026-08-24T16:47:48Z,2026-08-24T18:47:48+0200,1c75f836-1f2f-4435-8768-c29aa3ca6237,2026-07-26T11:00:00Z,2026-07-26T13:00:00+0200,2726.0,MW,DK1,DK_1,forecast_load,Forecasted Load,2026-08-24T16:52:05Z
2026-08-24T16:47:48Z,2026-08-24T18:47:48+0200,1c75f836-1f2f-4435-8768-c29aa3ca6237,2026-07-26T12:00:00Z,2026-07-26T14:00:00+0200,2638.0,MW,DK1,DK_1,forecast_load,Forecasted Load,2026-08-24T16:52:05Z
2026-08-24T16:47:48Z,2026-08-24T18:47:48+0200,1c75f836-1f2f-4435-8768-c29aa3ca6237,2026-07-26T13:00:00Z,2026-07-26T15:00:00+0200,2532.0,MW,DK1,DK_1,forecast_load,Forecasted Load,2026-08-24T16:52:05Z
2026-08-24T16:47:48Z,2026-08-24T18:47:48+0200,1c75f836-1f2f-4435-8768-c29aa3ca6237,2026-07-26T14:00:00Z,2026-07-26T16:00:00+0200,2481.0,MW,DK1,DK_1,forecast_load,Forecasted Load,2026-08-24T16:52:05Z
2026-08-24T16:47:48Z,2026-08-24T18:47:48+0200,1c75f836-1f2f-4435-8768-c29aa3ca6237,2026-07-26T15:00:00Z,2026-07-26T17:00:00+0200,2443.0,MW,DK1,DK_1,forecast_load,Forecasted Load,2026-08-24T16:52:05Z
2026-08-24T16:47:48Z,2026-08-24T18:47:48+0200,1c75f836-1f2f-4435-8768-c29aa3ca6237,2026-07-26T16:00:00Z,2026-07-26T18:00:00+0200,2391.0,MW,DK1,DK_1,forecast_load,Forecasted Load,2026-08-24T16:52:05Z
2026-08-24T16:47:48Z,2026-08-24T18:47:48+0200,1c75f836-1f2f-4435-8768-c29aa3ca6237,2026-07-26T17:00:00Z,2026-07-26T19:00:00+0200,2242.0,MW,DK1,DK_1,forecast_load,Forecasted Load,2026-08-24T16:52:05Z
2026-08-24T16:47:48Z,2026-08-24T18:47:48+0200,1c75f836-1f2f-4435-8768-c29aa3ca6237,2026-07-26T18:00:00Z,2026-07-26T20:00:00+0200,2106.0,MW,DK1,DK_1,forecast_load,Forecasted Load,2026-08-24T16:52:05Z
2026-08-24T16:47:48Z,2026-08-24T18:47:48+0200,1c75f836-1f2f-4435-8768-c29aa3ca6237,2026-07-26T19:00:00Z,2026-07-26T21:00:00+0200,2054.0,MW,DK1,DK_1,forecast_load,Forecasted Load,2026-08-24T16:52:05Z
2026-08-24T16:47:48Z,2026-08-24T18:47:48+0200,1c75f836-1f2f-4435-8768-c29aa3ca6237,2026-07-26T20:00:00Z,2026-07-26T22:00:00+0200,2040.0,MW,DK1,DK_1,forecast_load,Forecasted Load,2026-08-24T16:52:05Z
2026-08-24T16:47:48Z,2026-08-24T18:47:48+0200,1c75f836-1f2f-4435-8768-c29aa3ca6237,2026-07-26T21:00:00Z,2026-07-26T23:00:00+0200,1987.0,MW,DK1,DK_1,forecast_load,Forecasted Load,2026-08-24T16:52:05Z
2026-08-24T16:47:48Z,2026-08-24T18:47:48+0200,1c75f836-1f2f-4435-8768-c29aa3ca6237,2026-07-26T22:00:00Z,2026-07-27T00:00:00+0200,1941.0,MW,DK1,DK_1,forecast_load,Forecasted Load,2026-08-24T16:52:05Z
2026-08-24T16:47:48Z,2026-08-24T18:47:48+0200,1c75f836-1f2f-4435-8768-c29aa3ca6237,2026-07-26T23:00:00Z,2026-07-27T01:00:00+0200,1945.0,MW,DK1,DK_1,forecast_load,Forecasted Load,2026-08-24T16:52:05Z
2026-08-24T16:47:48Z,2026-08-24T18:47:48+0200,1c75f836-1f2f-4435-8768-c29aa3ca6237,2026-07-27T00:00:00Z,2026-07-27T02:00:00+0200,1929.0,MW,DK1,DK_1,forecast_load,Forecasted Load,2026-08-24T16:52:05Z
2026-08-24T16:47:48Z,2026-08-24T18:47:48+0200,1c75f836-1f2f-4435-8768-c29aa3ca6237,2026-07-27T01:00:00Z,2026-07-27T03:00:00+0200,1910.0,MW,DK1,DK_1,forecast_load,Forecasted Load,2026-08-24T16:52:05Z
2026-08-24T16:47:48Z,2026-08-24T18:47:48+0200,1c75f836-1f2f-4435-8768-c29aa3ca6237,2026-07-27T02:00:00Z,2026-07-27T04:00:00+0200,1834.0,MW,DK1,DK_1,forecast_load,Forecasted Load,2026-08-24T16:52:05Z
2026-08-24T16:47:48Z,2026-08-24T18:47:48+0200,1c75f836-1f2f-4435-8768-c29aa3ca6237,2026-07-27T03:00:00Z,2026-07-27T05:00:00+0200,1838.0,MW,DK1,DK_1,forecast_load,Forecasted Load,2026-08-24T16:52:05Z
2026-08-24T16:47:48Z,2026-08-24T18:47:48+0200,1c75f836-1f2f-4435-8768-c29aa3ca6237,2026-07-27T04:00:00Z,2026-07-27T06:00:00+0200,2005.0,MW,DK1,DK_1,forecast_load,Forecasted Load,2026-08-24T16:52:05Z
2026-08-24T16:47:48Z,2026-08-24T18:47:48+0200,1c75f836-1f2f-4435-8768-c29aa3ca6237,2026-07-27T05:00:00Z,2026-07-27T07:00:00+0200,2159.0,MW,DK1,DK_1,forecast_load,Forecasted Load,2026-08-24T16:52:05Z
2026-08-24T16:47:48Z,2026-08-24T18:47:48+0200,1c75f836-1f2f-4435-8768-c29aa3ca6237,2026-07-27T06:00:00Z,2026-07-27T08:00:00+0200,2333.0,MW,DK1,DK_1,forecast_load,Forecasted Load,2026-08-24T16:52:05Z
2026-08-24T16:47:48Z,2026-08-24T18:47:48+0200,1c75f836-1f2f-4435-8768-c29aa3ca6237,2026-07-27T07:00:00Z,2026-07-27T09:00:00+0200,2511.0,MW,DK1,DK_1,forecast_load,Forecasted Load,2026-08-24T16:52:05Z
2026-08-24T16:47:48Z,2026-08-24T18:47:48+0200,1c75f836-1f2f-4435-8768-c29aa3ca6237,2026-07-27T08:00:00Z,2026-07-27T10:00:00+0200,2677.0,MW,DK1,DK_1,forecast_load,Forecasted Load,2026-08-24T16:52:05Z
2026-08-24T16:47:48Z,2026-08-24T18:47:48+0200,1c75f836-1f2f-4435-8768-c29aa3ca6237,2026-07-27T09:00:00Z,2026-07-27T11:00:00+0200,2840.0,MW,DK1,DK_1,forecast_load,Forecasted Load,2026-08-24T16:52:05Z
2026-08-24T16:47:48Z,2026-08-24T18:47:48+0200,1c75f836-1f2f-4435-8768-c29aa3ca6237,2026-07-27T10:00:00Z,2026-07-27T12:00:00+0200,2928.0,MW,DK1,DK_1,forecast_load,Forecasted Load,2026-08-24T16:52:05Z
2026-08-24T16:47:48Z,2026-08-24T18:47:48+0200,1c75f836-1f2f-4435-8768-c29aa3ca6237,2026-07-27T11:00:00Z,2026-07-27T13:00:00+0200,2999.0,MW,DK1,DK_1,forecast_load,Forecasted Load,2026-08-24T16:52:05Z
2026-08-24T16:47:48Z,2026-08-24T18:47:48+0200,1c75f836-1f2f-4435-8768-c29aa3ca6237,2026-07-27T12:00:00Z,2026-07-27T14:00:00+0200,3008.0,MW,DK1,DK_1,forecast_load,Forecasted Load,2026-08-24T16:52:05Z
2026-08-24T16:47:48Z,2026-08-24T18:47:48+0200,1c75f836-1f2f-4435-8768-c29aa3ca6237,2026-07-27T13:00:00Z,2026-07-27T15:00:00+0200,2975.0,MW,DK1,DK_1,forecast_load,Forecasted Load,2026-08-24T16:52:05Z
2026-08-24T16:47:48Z,2026-08-24T18:47:48+0200,1c75f836-1f2f-4435-8768-c29aa3ca6237,2026-07-27T14:00:00Z,2026-07-27T16:00:00+0200,2833.0,MW,DK1,DK_1,forecast_load,Forecasted Load,2026-08-24T16:52:05Z
2026-08-24T16:47:48Z,2026-08-24T18:47:48+0200,1c75f836-1f2f-4435-8768-c29aa3ca6237,2026-07-27T15:00:00Z,2026-07-27T17:00:00+0200,2792.0,MW,DK1,DK_1,forecast_load,Forecasted Load,2026-08-24T16:52:05Z
2026-08-24T16:47:48Z,2026-08-24T18:47:48+0200,1c75f836-1f2f-4435-8768-c29aa3ca6237,2026-07-27T16:00:00Z,2026-07-27T18:00:00+0200,2698.0,MW,DK1,DK_1,forecast_load,Forecasted Load,2026-08-24T16:52:05Z
2026-08-24T16:47:48Z,2026-08-24T18:47:48+0200,1c75f836-1f2f-4435-8768-c29aa3ca6237,2026-07-27T17:00:00Z,2026-07-27T19:00:00+0200,2551.0,MW,DK1,DK_1,forecast_load,Forecasted Load,2026-08-24T16:52:05Z
2026-08-24T16:47:48Z,2026-08-24T18:47:48+0200,1c75f836-1f2f-4435-8768-c29aa3ca6237,2026-07-27T18:00:00Z,2026-07-27T20:00:00+0200,2381.0,MW,DK1,DK_1,forecast_load,Forecasted Load,2026-08-24T16:52:05Z
2026-08-24T16:47:48Z,2026-08-24T18:47:48+0200,1c75f836-1f2f-4435-8768-c29aa3ca6237,2026-07-27T19:00:00Z,2026-07-27T21:00:00+0200,2298.0,MW,DK1,DK_1,forecast_load,Forecasted Load,2026-08-24T16:52:05Z
2026-08-24T16:47:48Z,2026-08-24T18:47:48+0200,1c75f836-1f2f-4435-8768-c29aa3ca6237,2026-07-27T20:00:00Z,2026-07-27T22:00:00+0200,2305.0,MW,DK1,DK_1,forecast_load,Forecasted Load,2026-08-24T16:52:05Z
2026-08-24T16:47:48Z,2026-08-24T18:47:48+0200,1c75f836-1f2f-4435-8768-c29aa3ca6237,2026-07-27T21:00:00Z,2026-07-27T23:00:00+0200,2248.0,MW,DK1,DK_1,forecast_load,Forecasted Load,2026-08-24T16:52:05Z
2026-08-24T16:47:48Z,2026-08-24T18:47:48+0200,1c75f836-1f2f-4435-8768-c29aa3ca6237,2026-07-27T22:00:00Z,2026-07-28T00:00:00+0200,2046.1,MW,DK1,DK_1,forecast_load,Forecasted Load,2026-08-24T16:52:05Z
2026-08-24T16:47:48Z,2026-08-24T18:47:48+0200,1c75f836-1f2f-4435-8768-c29aa3ca6237,2026-07-27T23:00:00Z,2026-07-28T01:00:00+0200,1967.3,MW,DK1,DK_1,forecast_load,Forecasted Load,2026-08-24T16:52:05Z
2026-08-24T16:47:48Z,2026-08-24T18:47:48+0200,1c75f836-1f2f-4435-8768-c29aa3ca6237,2026-07-28T00:00:00Z,2026-07-28T02:00:00+0200,1932.8,MW,DK1,DK_1,forecast_load,Forecasted Load,2026-08-24T16:52:05Z
2026-08-24T16:47:48Z,2026-08-24T18:47:48+0200,1c75f836-1f2f-4435-8768-c29aa3ca6237,2026-07-28T01:00:00Z,2026-07-28T03:00:00+0200,1906.8,MW,DK1,DK_1,forecast_load,Forecasted Load,2026-08-24T16:52:05Z
2026-08-24T16:47:48Z,2026-08-24T18:47:48+0200,1c75f836-1f2f-4435-8768-c29aa3ca6237,2026-07-28T02:00:00Z,2026-07-28T04:00:00+0200,1899.8,MW,DK1,DK_1,forecast_load,Forecasted Load,2026-08-24T16:52:05Z
2026-08-24T16:47:48Z,2026-08-24T18:47:48+0200,1c75f836-1f2f-4435-8768-c29aa3ca6237,2026-07-28T03:00:00Z,2026-07-28T05:00:00+0200,1892.3,MW,DK1,DK_1,forecast_load,Forecasted Load,2026-08-24T16:52:05Z
2026-08-24T16:47:48Z,2026-08-24T18:47:48+0200,1c75f836-1f2f-4435-8768-c29aa3ca6237,2026-07-28T04:00:00Z,2026-07-28T06:00:00+0200,1987.3,MW,DK1,DK_1,forecast_load,Forecasted Load,2026-08-24T16:52:05Z
2026-08-24T16:47:48Z,2026-08-24T18:47:48+0200,1c75f836-1f2f-4435-8768-c29aa3ca6237,2026-07-28T05:00:00Z,2026-07-28T07:00:00+0200,2175.7,MW,DK1,DK_1,forecast_load,Forecasted Load,2026-08-24T16:52:05Z
2026-08-24T16:47:48Z,2026-08-24T18:47:48+0200,1c75f836-1f2f-4435-8768-c29aa3ca6237,2026-07-28T06:00:00Z,2026-07-28T08:00:00+0200,2363.2,MW,DK1,DK_1,forecast_load,Forecasted Load,2026-08-24T16:52:05Z
2026-08-24T16:47:48Z,2026-08-24T18:47:48+0200,1c75f836-1f2f-4435-8768-c29aa3ca6237,2026-07-28T07:00:00Z,2026-07-28T09:00:00+0200,2396.9,MW,DK1,DK_1,forecast_load,Forecasted Load,2026-08-24T16:52:05Z
2026-08-24T16:47:48Z,2026-08-24T18:47:48+0200,1c75f836-1f2f-4435-8768-c29aa3ca6237,2026-07-28T08:00:00Z,2026-07-28T10:00:00+0200,2596.8,MW,DK1,DK_1,forecast_load,Forecasted Load,2026-08-24T16:52:05Z
2026-08-24T16:47:48Z,2026-08-24T18:47:48+0200,1c75f836-1f2f-4435-8768-c29aa3ca6237,2026-07-28T09:00:00Z,2026-07-28T11:00:00+0200,3009.2,MW,DK1,DK_1,forecast_load,Forecasted Load,2026-08-24T16:52:05Z
2026-08-24T16:47:48Z,2026-08-24T18:47:48+0200,1c75f836-1f2f-4435-8768-c29aa3ca6237,2026-07-28T10:00:00Z,2026-07-28T12:00:00+0200,3170.8,MW,DK1,DK_1,forecast_load,Forecasted Load,2026-08-24T16:52:05Z
2026-08-24T16:47:48Z,2026-08-24T18:47:48+0200,1c75f836-1f2f-4435-8768-c29aa3ca6237,2026-07-28T11:00:00Z,2026-07-28T13:00:00+0200,3164.9,MW,DK1,DK_1,forecast_load,Forecasted Load,2026-08-24T16:52:05Z
2026-08-24T16:47:48Z,2026-08-24T18:47:48+0200,1c75f836-1f2f-4435-8768-c29aa3ca6237,2026-07-28T12:00:00Z,2026-07-28T14:00:00+0200,3123.4,MW,DK1,DK_1,forecast_load,Forecasted Load,2026-08-24T16:52:05Z
2026-08-24T16:47:48Z,2026-08-24T18:47:48+0200,1c75f836-1f2f-4435-8768-c29aa3ca6237,2026-07-28T13:00:00Z,2026-07-28T15:00:00+0200,2955.3,MW,DK1,DK_1,forecast_load,Forecasted Load,2026-08-24T16:52:05Z
2026-08-24T16:47:48Z,2026-08-24T18:47:48+0200,1c75f836-1f2f-4435-8768-c29aa3ca6237,2026-07-28T14:00:00Z,2026-07-28T16:00:00+0200,2830.6,MW,DK1,DK_1,forecast_load,Forecasted Load,2026-08-24T16:52:05Z
2026-08-24T16:47:48Z,2026-08-24T18:47:48+0200,1c75f836-1f2f-4435-8768-c29aa3ca6237,2026-07-28T15:00:00Z,2026-07-28T17:00:00+0200,2706.5,MW,DK1,DK_1,forecast_load,Forecasted Load,2026-08-24T16:52:05Z
2026-08-24T16:47:48Z,2026-08-24T18:47:48+0200,1c75f836-1f2f-4435-8768-c29aa3ca6237,2026-07-28T16:00:00Z,2026-07-28T18:00:00+0200,2649.0,MW,DK1,DK_1,forecast_load,Forecasted Load,2026-08-24T16:52:05Z
2026-08-24T16:47:48Z,2026-08-24T18:47:48+0200,1c75f836-1f2f-4435-8768-c29aa3ca6237,2026-07-28T17:00:00Z,2026-07-28T19:00:00+0200,2537.5,MW,DK1,DK_1,forecast_load,Forecasted Load,2026-08-24T16:52:05Z
2026-08-24T16:47:48Z,2026-08-24T18:47:48+0200,1c75f836-1f2f-4435-8768-c29aa3ca6237,2026-07-28T18:00:00Z,2026-07-28T20:00:00+0200,2386.2,MW,DK1,DK_1,forecast_load,Forecasted Load,2026-08-24T16:52:05Z
2026-08-24T16:47:48Z,2026-08-24T18:47:48+0200,1c75f836-1f2f-4435-8768-c29aa3ca6237,2026-07-28T19:00:00Z,2026-07-28T21:00:00+0200,2319.9,MW,DK1,DK_1,forecast_load,Forecasted Load,2026-08-24T16:52:05Z
2026-08-24T16:47:48Z,2026-08-24T18:47:48+0200,1c75f836-1f2f-4435-8768-c29aa3ca6237,2026-07-28T20:00:00Z,2026-07-28T22:00:00+0200,2329.0,MW,DK1,DK_1,forecast_load,Forecasted Load,2026-08-24T16:52:05Z
2026-08-24T16:47:48Z,2026-08-24T18:47:48+0200,1c75f836-1f2f-4435-8768-c29aa3ca6237,2026-07-28T21:00:00Z,2026-07-28T23:00:00+0200,2267.3,MW,DK1,DK_1,forecast_load,Forecasted Load,2026-08-24T16:52:05Z
2026-08-24T16:47:48Z,2026-08-24T18:47:48+0200,1c75f836-1f2f-4435-8768-c29aa3ca6237,2026-07-28T22:00:00Z,2026-07-29T00:00:00+0200,2085.2,MW,DK1,DK_1,forecast_load,Forecasted Load,2026-08-24T16:52:05Z
2026-08-24T16:47:48Z,2026-08-24T18:47:48+0200,1c75f836-1f2f-4435-8768-c29aa3ca6237,2026-07-28T23:00:00Z,2026-07-29T01:00:00+0200,2071.0,MW,DK1,DK_1,forecast_load,Forecasted Load,2026-08-24T16:52:05Z
2026-08-24T16:47:48Z,2026-08-24T18:47:48+0200,1c75f836-1f2f-4435-8768-c29aa3ca6237,2026-07-29T00:00:00Z,2026-07-29T02:00:00+0200,2034.7,MW,DK1,DK_1,forecast_load,Forecasted Load,2026-08-24T16:52:05Z
2026-08-24T16:47:48Z,2026-08-24T18:47:48+0200,1c75f836-1f2f-4435-8768-c29aa3ca6237,2026-07-29T01:00:00Z,2026-07-29T03:00:00+0200,1963.5,MW,DK1,DK_1,forecast_load,Forecasted Load,2026-08-24T16:52:05Z
2026-08-24T16:47:48Z,2026-08-24T18:47:48+0200,1c75f836-1f2f-4435-8768-c29aa3ca6237,2026-07-29T02:00:00Z,2026-07-29T04:00:00+0200,1947.3,MW,DK1,DK_1,forecast_load,Forecasted Load,2026-08-24T16:52:05Z
2026-08-24T16:47:48Z,2026-08-24T18:47:48+0200,1c75f836-1f2f-4435-8768-c29aa3ca6237,2026-07-29T03:00:00Z,2026-07-29T05:00:00+0200,1923.5,MW,DK1,DK_1,forecast_load,Forecasted Load,2026-08-24T16:52:05Z
2026-08-24T16:47:48Z,2026-08-24T18:47:48+0200,1c75f836-1f2f-4435-8768-c29aa3ca6237,2026-07-29T04:00:00Z,2026-07-29T06:00:00+0200,2062.0,MW,DK1,DK_1,forecast_load,Forecasted Load,2026-08-24T16:52:05Z
2026-08-24T16:47:48Z,2026-08-24T18:47:48+0200,1c75f836-1f2f-4435-8768-c29aa3ca6237,2026-07-29T05:00:00Z,2026-07-29T07:00:00+0200,2263.2,MW,DK1,DK_1,forecast_load,Forecasted Load,2026-08-24T16:52:05Z
2026-08-24T16:47:48Z,2026-08-24T18:47:48+0200,1c75f836-1f2f-4435-8768-c29aa3ca6237,2026-07-29T06:00:00Z,2026-07-29T08:00:00+0200,2454.9,MW,DK1,DK_1,forecast_load,Forecasted Load,2026-08-24T16:52:05Z
2026-08-24T16:47:48Z,2026-08-24T18:47:48+0200,1c75f836-1f2f-4435-8768-c29aa3ca6237,2026-07-29T07:00:00Z,2026-07-29T09:00:00+0200,2511.1,MW,DK1,DK_1,forecast_load,Forecasted Load,2026-08-24T16:52:05Z
2026-08-24T16:47:48Z,2026-08-24T18:47:48+0200,1c75f836-1f2f-4435-8768-c29aa3ca6237,2026-07-29T08:00:00Z,2026-07-29T10:00:00+0200,2583.7,MW,DK1,DK_1,forecast_load,Forecasted Load,2026-08-24T16:52:05Z
2026-08-24T16:47:48Z,2026-08-24T18:47:48+0200,1c75f836-1f2f-4435-8768-c29aa3ca6237,2026-07-29T09:00:00Z,2026-07-29T11:00:00+0200,2779.8,MW,DK1,DK_1,forecast_load,Forecasted Load,2026-08-24T16:52:05Z
2026-08-24T16:47:48Z,2026-08-24T18:47:48+0200,1c75f836-1f2f-4435-8768-c29aa3ca6237,2026-07-29T10:00:00Z,2026-07-29T12:00:00+0200,2958.3,MW,DK1,DK_1,forecast_load,Forecasted Load,2026-08-24T16:52:05Z
2026-08-24T16:47:48Z,2026-08-24T18:47:48+0200,1c75f836-1f2f-4435-8768-c29aa3ca6237,2026-07-29T11:00:00Z,2026-07-29T13:00:00+0200,3064.7,MW,DK1,DK_1,forecast_load,Forecasted Load,2026-08-24T16:52:05Z
2026-08-24T16:47:48Z,2026-08-24T18:47:48+0200,1c75f836-1f2f-4435-8768-c29aa3ca6237,2026-07-29T12:00:00Z,2026-07-29T14:00:00+0200,3058.8,MW,DK1,DK_1,forecast_load,Forecasted Load,2026-08-24T16:52:05Z
2026-08-24T16:47:48Z,2026-08-24T18:47:48+0200,1c75f836-1f2f-4435-8768-c29aa3ca6237,2026-07-29T13:00:00Z,2026-07-29T15:00:00+0200,2899.8,MW,DK1,DK_1,forecast_load,Forecasted Load,2026-08-24T16:52:05Z
2026-08-24T16:47:48Z,2026-08-24T18:47:48+0200,1c75f836-1f2f-4435-8768-c29aa3ca6237,2026-07-29T14:00:00Z,2026-07-29T16:00:00+0200,2616.4,MW,DK1,DK_1,forecast_load,Forecasted Load,2026-08-24T16:52:05Z
2026-08-24T16:47:48Z,2026-08-24T18:47:48+0200,1c75f836-1f2f-4435-8768-c29aa3ca6237,2026-07-29T15:00:00Z,2026-07-29T17:00:00+0200,2561.6,MW,DK1,DK_1,forecast_load,Forecasted Load,2026-08-24T16:52:05Z
2026-08-24T16:47:48Z,2026-08-24T18:47:48+0200,1c75f836-1f2f-4435-8768-c29aa3ca6237,2026-07-29T16:00:00Z,2026-07-29T18:00:00+0200,2507.3,MW,DK1,DK_1,forecast_load,Forecasted Load,2026-08-24T16:52:05Z
2026-08-24T16:47:48Z,2026-08-24T18:47:48+0200,1c75f836-1f2f-4435-8768-c29aa3ca6237,2026-07-29T17:00:00Z,2026-07-29T19:00:00+0200,2417.5,MW,DK1,DK_1,forecast_load,Forecasted Load,2026-08-24T16:52:05Z
2026-08-24T16:47:48Z,2026-08-24T18:47:48+0200,1c75f836-1f2f-4435-8768-c29aa3ca6237,2026-07-29T18:00:00Z,2026-07-29T20:00:00+0200,2266.5,MW,DK1,DK_1,forecast_load,Forecasted Load,2026-08-24T16:52:05Z
2026-08-24T16:47:48Z,2026-08-24T18:47:48+0200,1c75f836-1f2f-4435-8768-c29aa3ca6237,2026-07-29T19:00:00Z,2026-07-29T21:00:00+0200,2247.7,MW,DK1,DK_1,forecast_load,Forecasted Load,2026-08-24T16:52:05Z
2026-08-24T16:47:48Z,2026-08-24T18:47:48+0200,1c75f836-1f2f-4435-8768-c29aa3ca6237,2026-07-29T20:00:00Z,2026-07-29T22:00:00+0200,2279.9,MW,DK1,DK_1,forecast_load,Forecasted Load,2026-08-24T16:52:05Z
2026-08-24T16:47:48Z,2026-08-24T18:47:48+0200,1c75f836-1f2f-4435-8768-c29aa3ca6237,2026-07-29T21:00:00Z,2026-07-29T23:00:00+0200,2238.0,MW,DK1,DK_1,forecast_load,Forecasted Load,2026-08-24T16:52:05Z
2026-08-24T16:47:48Z,2026-08-24T18:47:48+0200,1c75f836-1f2f-4435-8768-c29aa3ca6237,2026-07-29T22:00:00Z,2026-07-30T00:00:00+0200,2080.0,MW,DK1,DK_1,forecast_load,Forecasted Load,2026-08-24T16:52:05Z
2026-08-24T16:47:48Z,2026-08-24T18:47:48+0200,1c75f836-1f2f-4435-8768-c29aa3ca6237,2026-07-29T23:00:00Z,2026-07-30T01:00:00+0200,2074.0,MW,DK1,DK_1,forecast_load,Forecasted Load,2026-08-24T16:52:05Z
2026-08-24T16:47:48Z,2026-08-24T18:47:48+0200,1c75f836-1f2f-4435-8768-c29aa3ca6237,2026-07-30T00:00:00Z,2026-07-30T02:00:00+0200,2044.0,MW,DK1,DK_1,forecast_load,Forecasted Load,2026-08-24T16:52:05Z
2026-08-24T16:47:48Z,2026-08-24T18:47:48+0200,1c75f836-1f2f-4435-8768-c29aa3ca6237,2026-07-30T01:00:00Z,2026-07-30T03:00:00+0200,1959.0,MW,DK1,DK_1,forecast_load,Forecasted Load,2026-08-24T16:52:05Z
2026-08-24T16:47:48Z,2026-08-24T18:47:48+0200,1c75f836-1f2f-4435-8768-c29aa3ca6237,2026-07-30T02:00:00Z,2026-07-30T04:00:00+0200,1921.0,MW,DK1,DK_1,forecast_load,Forecasted Load,2026-08-24T16:52:05Z
2026-08-24T16:47:48Z,2026-08-24T18:47:48+0200,1c75f836-1f2f-4435-8768-c29aa3ca6237,2026-07-30T03:00:00Z,2026-07-30T05:00:00+0200,1912.0,MW,DK1,DK_1,forecast_load,Forecasted Load,2026-08-24T16:52:05Z
2026-08-24T16:47:48Z,2026-08-24T18:47:48+0200,1c75f836-1f2f-4435-8768-c29aa3ca6237,2026-07-30T04:00:00Z,2026-07-30T06:00:00+0200,2044.0,MW,DK1,DK_1,forecast_load,Forecasted Load,2026-08-24T16:52:05Z
2026-08-24T16:47:48Z,2026-08-24T18:47:48+0200,1c75f836-1f2f-4435-8768-c29aa3ca6237,2026-07-30T05:00:00Z,2026-07-30T07:00:00+0200,2240.0,MW,DK1,DK_1,forecast_load,Forecasted Load,2026-08-24T16:52:05Z
2026-08-24T16:47:48Z,2026-08-24T18:47:48+0200,1c75f836-1f2f-4435-8768-c29aa3ca6237,2026-07-30T06:00:00Z,2026-07-30T08:00:00+0200,2411.0,MW,DK1,DK_1,forecast_load,Forecasted Load,2026-08-24T16:52:05Z
2026-08-24T16:47:48Z,2026-08-24T18:47:48+0200,1c75f836-1f2f-4435-8768-c29aa3ca6237,2026-07-30T07:00:00Z,2026-07-30T09:00:00+0200,2486.0,MW,DK1,DK_1,forecast_load,Forecasted Load,2026-08-24T16:52:05Z
2026-08-24T16:47:48Z,2026-08-24T18:47:48+0200,1c75f836-1f2f-4435-8768-c29aa3ca6237,2026-07-30T08:00:00Z,2026-07-30T10:00:00+0200,2598.0,MW,DK1,DK_1,forecast_load,Forecasted Load,2026-08-24T16:52:05Z
2026-08-24T16:47:48Z,2026-08-24T18:47:48+0200,1c75f836-1f2f-4435-8768-c29aa3ca6237,2026-07-30T09:00:00Z,2026-07-30T11:00:00+0200,2731.0,MW,DK1,DK_1,forecast_load,Forecasted Load,2026-08-24T16:52:05Z
2026-08-24T16:47:48Z,2026-08-24T18:47:48+0200,1c75f836-1f2f-4435-8768-c29aa3ca6237,2026-07-30T10:00:00Z,2026-07-30T12:00:00+0200,2896.0,MW,DK1,DK_1,forecast_load,Forecasted Load,2026-08-24T16:52:05Z
2026-08-24T16:47:48Z,2026-08-24T18:47:48+0200,1c75f836-1f2f-4435-8768-c29aa3ca6237,2026-07-30T11:00:00Z,2026-07-30T13:00:00+0200,3075.0,MW,DK1,DK_1,forecast_load,Forecasted Load,2026-08-24T16:52:05Z
2026-08-24T16:47:48Z,2026-08-24T18:47:48+0200,1c75f836-1f2f-4435-8768-c29aa3ca6237,2026-07-30T12:00:00Z,2026-07-30T14:00:00+0200,3011.0,MW,DK1,DK_1,forecast_load,Forecasted Load,2026-08-24T16:52:05Z
2026-08-24T16:47:48Z,2026-08-24T18:47:48+0200,1c75f836-1f2f-4435-8768-c29aa3ca6237,2026-07-30T13:00:00Z,2026-07-30T15:00:00+0200,2770.0,MW,DK1,DK_1,forecast_load,Forecasted Load,2026-08-24T16:52:05Z
2026-08-24T16:47:48Z,2026-08-24T18:47:48+0200,1c75f836-1f2f-4435-8768-c29aa3ca6237,2026-07-30T14:00:00Z,2026-07-30T16:00:00+0200,2642.0,MW,DK1,DK_1,forecast_load,Forecasted Load,2026-08-24T16:52:05Z
2026-08-24T16:47:48Z,2026-08-24T18:47:48+0200,1c75f836-1f2f-4435-8768-c29aa3ca6237,2026-07-30T15:00:00Z,2026-07-30T17:00:00+0200,2619.0,MW,DK1,DK_1,forecast_load,Forecasted Load,2026-08-24T16:52:05Z
2026-08-24T16:47:48Z,2026-08-24T18:47:48+0200,1c75f836-1f2f-4435-8768-c29aa3ca6237,2026-07-30T16:00:00Z,2026-07-30T18:00:00+0200,2694.0,MW,DK1,DK_1,forecast_load,Forecasted Load,2026-08-24T16:52:05Z
2026-08-24T16:47:48Z,2026-08-24T18:47:48+0200,1c75f836-1f2f-4435-8768-c29aa3ca6237,2026-07-30T17:00:00Z,2026-07-30T19:00:00+0200,2579.0,MW,DK1,DK_1,forecast_load,Forecasted Load,2026-08-24T16:52:05Z
2026-08-24T16:47:48Z,2026-08-24T18:47:48+0200,1c75f836-1f2f-4435-8768-c29aa3ca6237,2026-07-30T18:00:00Z,2026-07-30T20:00:00+0200,2433.0,MW,DK1,DK_1,forecast_load,Forecasted Load,2026-08-24T16:52:05Z
2026-08-24T16:47:48Z,2026-08-24T18:47:48+0200,1c75f836-1f2f-4435-8768-c29aa3ca6237,2026-07-30T19:00:00Z,2026-07-30T21:00:00+0200,2359.0,MW,DK1,DK_1,forecast_load,Forecasted Load,2026-08-24T16:52:05Z
2026-08-24T16:47:48Z,2026-08-24T18:47:48+0200,1c75f836-1f2f-4435-8768-c29aa3ca6237,2026-07-30T20:00:00Z,2026-07-30T22:00:00+0200,2376.0,MW,DK1,DK_1,forecast_load,Forecasted Load,2026-08-24T16:52:05Z
2026-08-24T16:47:48Z,2026-08-24T18:47:48+0200,1c75f836-1f2f-4435-8768-c29aa3ca6237,2026-07-30T21:00:00Z,2026-07-30T23:00:00+0200,2306.0,MW,DK1,DK_1,forecast_load,Forecasted Load,2026-08-24T16:52:05Z
2026-08-24T16:47:48Z,2026-08-24T18:47:48+0200,1c75f836-1f2f-4435-8768-c29aa3ca6237,2026-07-30T22:00:00Z,2026-07-31T00:00:00+0200,2095.3,MW,DK1,DK_1,forecast_load,Forecasted Load,2026-08-24T16:52:05Z
2026-08-24T16:47:48Z,2026-08-24T18:47:48+0200,1c75f836-1f2f-4435-8768-c29aa3ca6237,2026-07-30T23:00:00Z,2026-07-31T01:00:00+0200,2036.1,MW,DK1,DK_1,forecast_load,Forecasted Load,2026-08-24T16:52:05Z
2026-08-24T16:47:48Z,2026-08-24T18:47:48+0200,1c75f836-1f2f-4435-8768-c29aa3ca6237,2026-07-31T00:00:00Z,2026-07-31T02:00:00+0200,2026.8,MW,DK1,DK_1,forecast_load,Forecasted Load,2026-08-24T16:52:05Z
2026-08-24T16:47:48Z,2026-08-24T18:47:48+0200,1c75f836-1f2f-4435-8768-c29aa3ca6237,2026-07-31T01:00:00Z,2026-07-31T03:00:00+0200,1996.9,MW,DK1,DK_1,forecast_load,Forecasted Load,2026-08-24T16:52:05Z
2026-08-24T16:47:48Z,2026-08-24T18:47:48+0200,1c75f836-1f2f-4435-8768-c29aa3ca6237,2026-07-31T02:00:00Z,2026-07-31T04:00:00+0200,1959.0,MW,DK1,DK_1,forecast_load,Forecasted Load,2026-08-24T16:52:05Z
2026-08-24T16:47:48Z,2026-08-24T18:47:48+0200,1c75f836-1f2f-4435-8768-c29aa3ca6237,2026-07-31T03:00:00Z,2026-07-31T05:00:00+0200,1906.3,MW,DK1,DK_1,forecast_load,Forecasted Load,2026-08-24T16:52:05Z
2026-08-24T16:47:48Z,2026-08-24T18:47:48+0200,1c75f836-1f2f-4435-8768-c29aa3ca6237,2026-07-31T04:00:00Z,2026-07-31T06:00:00+0200,2049.9,MW,DK1,DK_1,forecast_load,Forecasted Load,2026-08-24T16:52:05Z
2026-08-24T16:47:48Z,2026-08-24T18:47:48+0200,1c75f836-1f2f-4435-8768-c29aa3ca6237,2026-07-31T05:00:00Z,2026-07-31T07:00:00+0200,2254.4,MW,DK1,DK_1,forecast_load,Forecasted Load,2026-08-24T16:52:05Z
2026-08-24T16:47:48Z,2026-08-24T18:47:48+0200,1c75f836-1f2f-4435-8768-c29aa3ca6237,2026-07-31T06:00:00Z,2026-07-31T08:00:00+0200,2435.3,MW,DK1,DK_1,forecast_load,Forecasted Load,2026-08-24T16:52:05Z
2026-08-24T16:47:48Z,2026-08-24T18:47:48+0200,1c75f836-1f2f-4435-8768-c29aa3ca6237,2026-07-31T07:00:00Z,2026-07-31T09:00:00+0200,2530.5,MW,DK1,DK_1,forecast_load,Forecasted Load,2026-08-24T16:52:05Z
2026-08-24T16:47:48Z,2026-08-24T18:47:48+0200,1c75f836-1f2f-4435-8768-c29aa3ca6237,2026-07-31T08:00:00Z,2026-07-31T10:00:00+0200,2598.1,MW,DK1,DK_1,forecast_load,Forecasted Load,2026-08-24T16:52:05Z
2026-08-24T16:47:48Z,2026-08-24T18:47:48+0200,1c75f836-1f2f-4435-8768-c29aa3ca6237,2026-07-31T09:00:00Z,2026-07-31T11:00:00+0200,2699.3,MW,DK1,DK_1,forecast_load,Forecasted Load,2026-08-24T16:52:05Z
2026-08-24T16:47:48Z,2026-08-24T18:47:48+0200,1c75f836-1f2f-4435-8768-c29aa3ca6237,2026-07-31T10:00:00Z,2026-07-31T12:00:00+0200,2749.8,MW,DK1,DK_1,forecast_load,Forecasted Load,2026-08-24T16:52:05Z
2026-08-24T16:47:48Z,2026-08-24T18:47:48+0200,1c75f836-1f2f-4435-8768-c29aa3ca6237,2026-07-31T11:00:00Z,2026-07-31T13:00:00+0200,2752.3,MW,DK1,DK_1,forecast_load,Forecasted Load,2026-08-24T16:52:05Z
2026-08-24T16:47:48Z,2026-08-24T18:47:48+0200,1c75f836-1f2f-4435-8768-c29aa3ca6237,2026-07-31T12:00:00Z,2026-07-31T14:00:00+0200,2670.5,MW,DK1,DK_1,forecast_load,Forecasted Load,2026-08-24T16:52:05Z
2026-08-24T16:47:48Z,2026-08-24T18:47:48+0200,1c75f836-1f2f-4435-8768-c29aa3ca6237,2026-07-31T13:00:00Z,2026-07-31T15:00:00+0200,2518.0,MW,DK1,DK_1,forecast_load,Forecasted Load,2026-08-24T16:52:05Z
2026-08-24T16:47:48Z,2026-08-24T18:47:48+0200,1c75f836-1f2f-4435-8768-c29aa3ca6237,2026-07-31T14:00:00Z,2026-07-31T16:00:00+0200,2496.7,MW,DK1,DK_1,forecast_load,Forecasted Load,2026-08-24T16:52:05Z
2026-08-24T16:47:48Z,2026-08-24T18:47:48+0200,1c75f836-1f2f-4435-8768-c29aa3ca6237,2026-07-31T15:00:00Z,2026-07-31T17:00:00+0200,2547.4,MW,DK1,DK_1,forecast_load,Forecasted Load,2026-08-24T16:52:05Z
2026-08-24T16:47:48Z,2026-08-24T18:47:48+0200,1c75f836-1f2f-4435-8768-c29aa3ca6237,2026-07-31T16:00:00Z,2026-07-31T18:00:00+0200,2536.9,MW,DK1,DK_1,forecast_load,Forecasted Load,2026-08-24T16:52:05Z
2026-08-24T16:47:48Z,2026-08-24T18:47:48+0200,1c75f836-1f2f-4435-8768-c29aa3ca6237,2026-07-31T17:00:00Z,2026-07-31T19:00:00+0200,2396.3,MW,DK1,DK_1,forecast_load,Forecasted Load,2026-08-24T16:52:05Z
2026-08-24T16:47:48Z,2026-08-24T18:47:48+0200,1c75f836-1f2f-4435-8768-c29aa3ca6237,2026-07-31T18:00:00Z,2026-07-31T20:00:00+0200,2242.4,MW,DK1,DK_1,forecast_load,Forecasted Load,2026-08-24T16:52:05Z
2026-08-24T16:47:48Z,2026-08-24T18:47:48+0200,1c75f836-1f2f-4435-8768-c29aa3ca6237,2026-07-31T19:00:00Z,2026-07-31T21:00:00+0200,2201.2,MW,DK1,DK_1,forecast_load,Forecasted Load,2026-08-24T16:52:05Z
2026-08-24T16:47:48Z,2026-08-24T18:47:48+0200,1c75f836-1f2f-4435-8768-c29aa3ca6237,2026-07-31T20:00:00Z,2026-07-31T22:00:00+0200,2178.0,MW,DK1,DK_1,forecast_load,Forecasted Load,2026-08-24T16:52:05Z
2026-08-24T16:47:48Z,2026-08-24T18:47:48+0200,1c75f836-1f2f-4435-8768-c29aa3ca6237,2026-07-31T21:00:00Z,2026-07-31T23:00:00+0200,2083.1,MW,DK1,DK_1,forecast_load,Forecasted Load,2026-08-24T16:52:05Z
2026-08-24T16:47:48Z,2026-08-24T18:47:48+0200,1c75f836-1f2f-4435-8768-c29aa3ca6237,2026-07-31T22:00:00Z,2026-08-01T00:00:00+0200,1952.0,MW,DK1,DK_1,forecast_load,Forecasted Load,2026-08-24T16:52:05Z
2026-08-24T16:47:48Z,2026-08-24T18:47:48+0200,1c75f836-1f2f-4435-8768-c29aa3ca6237,2026-07-31T23:00:00Z,2026-08-01T01:00:00+0200,1901.0,MW,DK1,DK_1,forecast_load,Forecasted Load,2026-08-24T16:52:05Z
2026-08-24T16:47:48Z,2026-08-24T18:47:48+0200,1c75f836-1f2f-4435-8768-c29aa3ca6237,2026-08-01T00:00:00Z,2026-08-01T02:00:00+0200,1872.0,MW,DK1,DK_1,forecast_load,Forecasted Load,2026-08-24T16:52:05Z
2026-08-24T16:47:48Z,2026-08-24T18:47:48+0200,1c75f836-1f2f-4435-8768-c29aa3ca6237,2026-08-01T01:00:00Z,2026-08-01T03:00:00+0200,1838.0,MW,DK1,DK_1,forecast_load,Forecasted Load,2026-08-24T16:52:05Z
2026-08-24T16:47:48Z,2026-08-24T18:47:48+0200,1c75f836-1f2f-4435-8768-c29aa3ca6237,2026-08-01T02:00:00Z,2026-08-01T04:00:00+0200,1818.0,MW,DK1,DK_1,forecast_load,Forecasted Load,2026-08-24T16:52:05Z
2026-08-24T16:47:48Z,2026-08-24T18:47:48+0200,1c75f836-1f2f-4435-8768-c29aa3ca6237,2026-08-01T03:00:00Z,2026-08-01T05:00:00+0200,1767.0,MW,DK1,DK_1,forecast_load,Forecasted Load,2026-08-24T16:52:05Z
2026-08-24T16:47:48Z,2026-08-24T18:47:48+0200,1c75f836-1f2f-4435-8768-c29aa3ca6237,2026-08-01T04:00:00Z,2026-08-01T06:00:00+0200,1761.0,MW,DK1,DK_1,forecast_load,Forecasted Load,2026-08-24T16:52:05Z
2026-08-24T16:47:48Z,2026-08-24T18:47:48+0200,1c75f836-1f2f-4435-8768-c29aa3ca6237,2026-08-01T05:00:00Z,2026-08-01T07:00:00+0200,1823.0,MW,DK1,DK_1,forecast_load,Forecasted Load,2026-08-24T16:52:05Z
2026-08-24T16:47:48Z,2026-08-24T18:47:48+0200,1c75f836-1f2f-4435-8768-c29aa3ca6237,2026-08-01T06:00:00Z,2026-08-01T08:00:00+0200,1949.0,MW,DK1,DK_1,forecast_load,Forecasted Load,2026-08-24T16:52:05Z
2026-08-24T16:47:48Z,2026-08-24T18:47:48+0200,1c75f836-1f2f-4435-8768-c29aa3ca6237,2026-08-01T07:00:00Z,2026-08-01T09:00:00+0200,2069.0,MW,DK1,DK_1,forecast_load,Forecasted Load,2026-08-24T16:52:05Z
2026-08-24T16:47:48Z,2026-08-24T18:47:48+0200,1c75f836-1f2f-4435-8768-c29aa3ca6237,2026-08-01T08:00:00Z,2026-08-01T10:00:00+0200,2193.0,MW,DK1,DK_1,forecast_load,Forecasted Load,2026-08-24T16:52:05Z
2026-08-24T16:47:48Z,2026-08-24T18:47:48+0200,1c75f836-1f2f-4435-8768-c29aa3ca6237,2026-08-01T09:00:00Z,2026-08-01T11:00:00+0200,2310.0,MW,DK1,DK_1,forecast_load,Forecasted Load,2026-08-24T16:52:05Z
2026-08-24T16:47:48Z,2026-08-24T18:47:48+0200,1c75f836-1f2f-4435-8768-c29aa3ca6237,2026-08-01T10:00:00Z,2026-08-01T12:00:00+0200,2522.0,MW,DK1,DK_1,forecast_load,Forecasted Load,2026-08-24T16:52:05Z
2026-08-24T16:47:48Z,2026-08-24T18:47:48+0200,1c75f836-1f2f-4435-8768-c29aa3ca6237,2026-08-01T11:00:00Z,2026-08-01T13:00:00+0200,2681.0,MW,DK1,DK_1,forecast_load,Forecasted Load,2026-08-24T16:52:05Z
2026-08-24T16:47:48Z,2026-08-24T18:47:48+0200,1c75f836-1f2f-4435-8768-c29aa3ca6237,2026-08-01T12:00:00Z,2026-08-01T14:00:00+0200,2725.0,MW,DK1,DK_1,forecast_load,Forecasted Load,2026-08-24T16:52:05Z
2026-08-24T16:47:48Z,2026-08-24T18:47:48+0200,1c75f836-1f2f-4435-8768-c29aa3ca6237,2026-08-01T13:00:00Z,2026-08-01T15:00:00+0200,2570.0,MW,DK1,DK_1,forecast_load,Forecasted Load,2026-08-24T16:52:05Z
2026-08-24T16:47:48Z,2026-08-24T18:47:48+0200,1c75f836-1f2f-4435-8768-c29aa3ca6237,2026-08-01T14:00:00Z,2026-08-01T16:00:00+0200,2351.0,MW,DK1,DK_1,forecast_load,Forecasted Load,2026-08-24T16:52:05Z
2026-08-24T16:47:48Z,2026-08-24T18:47:48+0200,1c75f836-1f2f-4435-8768-c29aa3ca6237,2026-08-01T15:00:00Z,2026-08-01T17:00:00+0200,2302.0,MW,DK1,DK_1,forecast_load,Forecasted Load,2026-08-24T16:52:05Z
2026-08-24T16:47:48Z,2026-08-24T18:47:48+0200,1c75f836-1f2f-4435-8768-c29aa3ca6237,2026-08-01T16:00:00Z,2026-08-01T18:00:00+0200,2287.0,MW,DK1,DK_1,forecast_load,Forecasted Load,2026-08-24T16:52:05Z
2026-08-24T16:47:48Z,2026-08-24T18:47:48+0200,1c75f836-1f2f-4435-8768-c29aa3ca6237,2026-08-01T17:00:00Z,2026-08-01T19:00:00+0200,2180.0,MW,DK1,DK_1,forecast_load,Forecasted Load,2026-08-24T16:52:05Z
2026-08-24T16:47:48Z,2026-08-24T18:47:48+0200,1c75f836-1f2f-4435-8768-c29aa3ca6237,2026-08-01T18:00:00Z,2026-08-01T20:00:00+0200,2057.0,MW,DK1,DK_1,forecast_load,Forecasted Load,2026-08-24T16:52:05Z
2026-08-24T16:47:48Z,2026-08-24T18:47:48+0200,1c75f836-1f2f-4435-8768-c29aa3ca6237,2026-08-01T19:00:00Z,2026-08-01T21:00:00+0200,1986.0,MW,DK1,DK_1,forecast_load,Forecasted Load,2026-08-24T16:52:05Z
2026-08-24T16:47:48Z,2026-08-24T18:47:48+0200,1c75f836-1f2f-4435-8768-c29aa3ca6237,2026-08-01T20:00:00Z,2026-08-01T22:00:00+0200,1951.0,MW,DK1,DK_1,forecast_load,Forecasted Load,2026-08-24T16:52:05Z
2026-08-24T16:47:48Z,2026-08-24T18:47:48+0200,1c75f836-1f2f-4435-8768-c29aa3ca6237,2026-08-01T21:00:00Z,2026-08-01T23:00:00+0200,1880.0,MW,DK1,DK_1,forecast_load,Forecasted Load,2026-08-24T16:52:05Z
2026-08-24T16:47:48Z,2026-08-24T18:47:48+0200,1c75f836-1f2f-4435-8768-c29aa3ca6237,2026-08-01T22:00:00Z,2026-08-02T00:00:00+0200,1851.0,MW,DK1,DK_1,forecast_load,Forecasted Load,2026-08-24T16:52:05Z
2026-08-24T16:47:48Z,2026-08-24T18:47:48+0200,1c75f836-1f2f-4435-8768-c29aa3ca6237,2026-08-01T23:00:00Z,2026-08-02T01:00:00+0200,1790.0,MW,DK1,DK_1,forecast_load,Forecasted Load,2026-08-24T16:52:05Z
2026-08-24T16:47:48Z,2026-08-24T18:47:48+0200,1c75f836-1f2f-4435-8768-c29aa3ca6237,2026-08-02T00:00:00Z,2026-08-02T02:00:00+0200,1777.0,MW,DK1,DK_1,forecast_load,Forecasted Load,2026-08-24T16:52:05Z
2026-08-24T16:47:48Z,2026-08-24T18:47:48+0200,1c75f836-1f2f-4435-8768-c29aa3ca6237,2026-08-02T01:00:00Z,2026-08-02T03:00:00+0200,1742.0,MW,DK1,DK_1,forecast_load,Forecasted Load,2026-08-24T16:52:05Z
2026-08-24T16:47:48Z,2026-08-24T18:47:48+0200,1c75f836-1f2f-4435-8768-c29aa3ca6237,2026-08-02T02:00:00Z,2026-08-02T04:00:00+0200,1736.0,MW,DK1,DK_1,forecast_load,Forecasted Load,2026-08-24T16:52:05Z
2026-08-24T16:47:48Z,2026-08-24T18:47:48+0200,1c75f836-1f2f-4435-8768-c29aa3ca6237,2026-08-02T03:00:00Z,2026-08-02T05:00:00+0200,1693.0,MW,DK1,DK_1,forecast_load,Forecasted Load,2026-08-24T16:52:05Z
2026-08-24T16:47:48Z,2026-08-24T18:47:48+0200,1c75f836-1f2f-4435-8768-c29aa3ca6237,2026-08-02T04:00:00Z,2026-08-02T06:00:00+0200,1723.0,MW,DK1,DK_1,forecast_load,Forecasted Load,2026-08-24T16:52:05Z
2026-08-24T16:47:48Z,2026-08-24T18:47:48+0200,1c75f836-1f2f-4435-8768-c29aa3ca6237,2026-08-02T05:00:00Z,2026-08-02T07:00:00+0200,1764.0,MW,DK1,DK_1,forecast_load,Forecasted Load,2026-08-24T16:52:05Z
2026-08-24T16:47:48Z,2026-08-24T18:47:48+0200,1c75f836-1f2f-4435-8768-c29aa3ca6237,2026-08-02T06:00:00Z,2026-08-02T08:00:00+0200,1878.0,MW,DK1,DK_1,forecast_load,Forecasted Load,2026-08-24T16:52:05Z
2026-08-24T16:47:48Z,2026-08-24T18:47:48+0200,1c75f836-1f2f-4435-8768-c29aa3ca6237,2026-08-02T07:00:00Z,2026-08-02T09:00:00+0200,2070.0,MW,DK1,DK_1,forecast_load,Forecasted Load,2026-08-24T16:52:05Z
2026-08-24T16:47:48Z,2026-08-24T18:47:48+0200,1c75f836-1f2f-4435-8768-c29aa3ca6237,2026-08-02T08:00:00Z,2026-08-02T10:00:00+0200,2524.0,MW,DK1,DK_1,forecast_load,Forecasted Load,2026-08-24T16:52:05Z
2026-08-24T16:47:48Z,2026-08-24T18:47:48+0200,1c75f836-1f2f-4435-8768-c29aa3ca6237,2026-08-02T09:00:00Z,2026-08-02T11:00:00+0200,2882.0,MW,DK1,DK_1,forecast_load,Forecasted Load,2026-08-24T16:52:05Z
2026-08-24T16:47:48Z,2026-08-24T18:47:48+0200,1c75f836-1f2f-4435-8768-c29aa3ca6237,2026-08-02T10:00:00Z,2026-08-02T12:00:00+0200,3020.0,MW,DK1,DK_1,forecast_load,Forecasted Load,2026-08-24T16:52:05Z
2026-08-24T16:47:48Z,2026-08-24T18:47:48+0200,1c75f836-1f2f-4435-8768-c29aa3ca6237,2026-08-02T11:00:00Z,2026-08-02T13:00:00+0200,2924.0,MW,DK1,DK_1,forecast_load,Forecasted Load,2026-08-24T16:52:05Z
2026-08-24T16:47:48Z,2026-08-24T18:47:48+0200,1c75f836-1f2f-4435-8768-c29aa3ca6237,2026-08-02T12:00:00Z,2026-08-02T14:00:00+0200,2936.0,MW,DK1,DK_1,forecast_load,Forecasted Load,2026-08-24T16:52:05Z
2026-08-24T16:47:48Z,2026-08-24T18:47:48+0200,1c75f836-1f2f-4435-8768-c29aa3ca6237,2026-08-02T13:00:00Z,2026-08-02T15:00:00+0200,2698.0,MW,DK1,DK_1,forecast_load,Forecasted Load,2026-08-24T16:52:05Z
2026-08-24T16:47:48Z,2026-08-24T18:47:48+0200,1c75f836-1f2f-4435-8768-c29aa3ca6237,2026-08-02T14:00:00Z,2026-08-02T16:00:00+0200,2580.0,MW,DK1,DK_1,forecast_load,Forecasted Load,2026-08-24T16:52:05Z
2026-08-24T16:47:48Z,2026-08-24T18:47:48+0200,1c75f836-1f2f-4435-8768-c29aa3ca6237,2026-08-02T15:00:00Z,2026-08-02T17:00:00+0200,2502.0,MW,DK1,DK_1,forecast_load,Forecasted Load,2026-08-24T16:52:05Z
2026-08-24T16:47:48Z,2026-08-24T18:47:48+0200,1c75f836-1f2f-4435-8768-c29aa3ca6237,2026-08-02T16:00:00Z,2026-08-02T18:00:00+0200,2322.0,MW,DK1,DK_1,forecast_load,Forecasted Load,2026-08-24T16:52:05Z
2026-08-24T16:47:48Z,2026-08-24T18:47:48+0200,1c75f836-1f2f-4435-8768-c29aa3ca6237,2026-08-02T17:00:00Z,2026-08-02T19:00:00+0200,2224.0,MW,DK1,DK_1,forecast_load,Forecasted Load,2026-08-24T16:52:05Z
2026-08-24T16:47:48Z,2026-08-24T18:47:48+0200,1c75f836-1f2f-4435-8768-c29aa3ca6237,2026-08-02T18:00:00Z,2026-08-02T20:00:00+0200,2084.0,MW,DK1,DK_1,forecast_load,Forecasted Load,2026-08-24T16:52:05Z
2026-08-24T16:47:48Z,2026-08-24T18:47:48+0200,1c75f836-1f2f-4435-8768-c29aa3ca6237,2026-08-02T19:00:00Z,2026-08-02T21:00:00+0200,2000.0,MW,DK1,DK_1,forecast_load,Forecasted Load,2026-08-24T16:52:05Z
2026-08-24T16:47:48Z,2026-08-24T18:47:48+0200,1c75f836-1f2f-4435-8768-c29aa3ca6237,2026-08-02T20:00:00Z,2026-08-02T22:00:00+0200,1984.0,MW,DK1,DK_1,forecast_load,Forecasted Load,2026-08-24T16:52:05Z
2026-08-24T16:47:48Z,2026-08-24T18:47:48+0200,1c75f836-1f2f-4435-8768-c29aa3ca6237,2026-08-02T21:00:00Z,2026-08-02T23:00:00+0200,1985.0,MW,DK1,DK_1,forecast_load,Forecasted Load,2026-08-24T16:52:05Z
2026-08-24T16:47:48Z,2026-08-24T18:47:48+0200,1c75f836-1f2f-4435-8768-c29aa3ca6237,2026-08-02T22:00:00Z,2026-08-03T00:00:00+0200,2010.0,MW,DK1,DK_1,forecast_load,Forecasted Load,2026-08-24T16:52:05Z
2026-08-24T16:47:48Z,2026-08-24T18:47:48+0200,1c75f836-1f2f-4435-8768-c29aa3ca6237,2026-08-02T23:00:00Z,2026-08-03T01:00:00+0200,2002.0,MW,DK1,DK_1,forecast_load,Forecasted Load,2026-08-24T16:52:05Z
2026-08-24T16:47:48Z,2026-08-24T18:47:48+0200,1c75f836-1f2f-4435-8768-c29aa3ca6237,2026-08-03T00:00:00Z,2026-08-03T02:00:00+0200,1982.0,MW,DK1,DK_1,forecast_load,Forecasted Load,2026-08-24T16:52:05Z
2026-08-24T16:47:48Z,2026-08-24T18:47:48+0200,1c75f836-1f2f-4435-8768-c29aa3ca6237,2026-08-03T01:00:00Z,2026-08-03T03:00:00+0200,1919.0,MW,DK1,DK_1,forecast_load,Forecasted Load,2026-08-24T16:52:05Z
2026-08-24T16:47:48Z,2026-08-24T18:47:48+0200,1c75f836-1f2f-4435-8768-c29aa3ca6237,2026-08-03T02:00:00Z,2026-08-03T04:00:00+0200,1876.0,MW,DK1,DK_1,forecast_load,Forecasted Load,2026-08-24T16:52:05Z
2026-08-24T16:47:48Z,2026-08-24T18:47:48+0200,1c75f836-1f2f-4435-8768-c29aa3ca6237,2026-08-03T03:00:00Z,2026-08-03T05:00:00+0200,1901.0,MW,DK1,DK_1,forecast_load,Forecasted Load,2026-08-24T16:52:05Z
2026-08-24T16:47:48Z,2026-08-24T18:47:48+0200,1c75f836-1f2f-4435-8768-c29aa3ca6237,2026-08-03T04:00:00Z,2026-08-03T06:00:00+0200,2115.0,MW,DK1,DK_1,forecast_load,Forecasted Load,2026-08-24T16:52:05Z
2026-08-24T16:47:48Z,2026-08-24T18:47:48+0200,1c75f836-1f2f-4435-8768-c29aa3ca6237,2026-08-03T05:00:00Z,2026-08-03T07:00:00+0200,2411.0,MW,DK1,DK_1,forecast_load,Forecasted Load,2026-08-24T16:52:05Z
2026-08-24T16:47:48Z,2026-08-24T18:47:48+0200,1c75f836-1f2f-4435-8768-c29aa3ca6237,2026-08-03T06:00:00Z,2026-08-03T08:00:00+0200,2587.0,MW,DK1,DK_1,forecast_load,Forecasted Load,2026-08-24T16:52:05Z
2026-08-24T16:47:48Z,2026-08-24T18:47:48+0200,1c75f836-1f2f-4435-8768-c29aa3ca6237,2026-08-03T07:00:00Z,2026-08-03T09:00:00+0200,2575.0,MW,DK1,DK_1,forecast_load,Forecasted Load,2026-08-24T16:52:05Z
2026-08-24T16:47:48Z,2026-08-24T18:47:48+0200,1c75f836-1f2f-4435-8768-c29aa3ca6237,2026-08-03T08:00:00Z,2026-08-03T10:00:00+0200,2534.0,MW,DK1,DK_1,forecast_load,Forecasted Load,2026-08-24T16:52:05Z
2026-08-24T16:47:48Z,2026-08-24T18:47:48+0200,1c75f836-1f2f-4435-8768-c29aa3ca6237,2026-08-03T09:00:00Z,2026-08-03T11:00:00+0200,2469.0,MW,DK1,DK_1,forecast_load,Forecasted Load,2026-08-24T16:52:05Z
2026-08-24T16:47:48Z,2026-08-24T18:47:48+0200,1c75f836-1f2f-4435-8768-c29aa3ca6237,2026-08-03T10:00:00Z,2026-08-03T12:00:00+0200,2487.0,MW,DK1,DK_1,forecast_load,Forecasted Load,2026-08-24T16:52:05Z
2026-08-24T16:47:48Z,2026-08-24T18:47:48+0200,1c75f836-1f2f-4435-8768-c29aa3ca6237,2026-08-03T11:00:00Z,2026-08-03T13:00:00+0200,2563.0,MW,DK1,DK_1,forecast_load,Forecasted Load,2026-08-24T16:52:05Z
2026-08-24T16:47:48Z,2026-08-24T18:47:48+0200,1c75f836-1f2f-4435-8768-c29aa3ca6237,2026-08-03T12:00:00Z,2026-08-03T14:00:00+0200,2451.0,MW,DK1,DK_1,forecast_load,Forecasted Load,2026-08-24T16:52:05Z
2026-08-24T16:47:48Z,2026-08-24T18:47:48+0200,1c75f836-1f2f-4435-8768-c29aa3ca6237,2026-08-03T13:00:00Z,2026-08-03T15:00:00+0200,2246.0,MW,DK1,DK_1,forecast_load,Forecasted Load,2026-08-24T16:52:05Z
2026-08-24T16:47:48Z,2026-08-24T18:47:48+0200,1c75f836-1f2f-4435-8768-c29aa3ca6237,2026-08-03T14:00:00Z,2026-08-03T16:00:00+0200,2254.0,MW,DK1,DK_1,forecast_load,Forecasted Load,2026-08-24T16:52:05Z
2026-08-24T16:47:48Z,2026-08-24T18:47:48+0200,1c75f836-1f2f-4435-8768-c29aa3ca6237,2026-08-03T15:00:00Z,2026-08-03T17:00:00+0200,2355.0,MW,DK1,DK_1,forecast_load,Forecasted Load,2026-08-24T16:52:05Z
2026-08-24T16:47:48Z,2026-08-24T18:47:48+0200,1c75f836-1f2f-4435-8768-c29aa3ca6237,2026-08-03T16:00:00Z,2026-08-03T18:00:00+0200,2347.0,MW,DK1,DK_1,forecast_load,Forecasted Load,2026-08-24T16:52:05Z
2026-08-24T16:47:48Z,2026-08-24T18:47:48+0200,1c75f836-1f2f-4435-8768-c29aa3ca6237,2026-08-03T17:00:00Z,2026-08-03T19:00:00+0200,2385.0,MW,DK1,DK_1,forecast_load,Forecasted Load,2026-08-24T16:52:05Z
2026-08-24T16:47:48Z,2026-08-24T18:47:48+0200,1c75f836-1f2f-4435-8768-c29aa3ca6237,2026-08-03T18:00:00Z,2026-08-03T20:00:00+0200,2372.0,MW,DK1,DK_1,forecast_load,Forecasted Load,2026-08-24T16:52:05Z
2026-08-24T16:47:48Z,2026-08-24T18:47:48+0200,1c75f836-1f2f-4435-8768-c29aa3ca6237,2026-08-03T19:00:00Z,2026-08-03T21:00:00+0200,2329.0,MW,DK1,DK_1,forecast_load,Forecasted Load,2026-08-24T16:52:05Z
2026-08-24T16:47:48Z,2026-08-24T18:47:48+0200,1c75f836-1f2f-4435-8768-c29aa3ca6237,2026-08-03T20:00:00Z,2026-08-03T22:00:00+0200,2277.0,MW,DK1,DK_1,forecast_load,Forecasted Load,2026-08-24T16:52:05Z
2026-08-24T16:47:48Z,2026-08-24T18:47:48+0200,1c75f836-1f2f-4435-8768-c29aa3ca6237,2026-08-03T21:00:00Z,2026-08-03T23:00:00+0200,2174.0,MW,DK1,DK_1,forecast_load,Forecasted Load,2026-08-24T16:52:05Z
2026-08-24T16:47:48Z,2026-08-24T18:47:48+0200,1c75f836-1f2f-4435-8768-c29aa3ca6237,2026-08-03T22:00:00Z,2026-08-04T00:00:00+0200,2058.0,MW,DK1,DK_1,forecast_load,Forecasted Load,2026-08-24T16:52:05Z
2026-08-24T16:47:48Z,2026-08-24T18:47:48+0200,1c75f836-1f2f-4435-8768-c29aa3ca6237,2026-08-03T23:00:00Z,2026-08-04T01:00:00+0200,2011.0,MW,DK1,DK_1,forecast_load,Forecasted Load,2026-08-24T16:52:05Z
2026-08-24T16:47:48Z,2026-08-24T18:47:48+0200,1c75f836-1f2f-4435-8768-c29aa3ca6237,2026-08-04T00:00:00Z,2026-08-04T02:00:00+0200,2019.0,MW,DK1,DK_1,forecast_load,Forecasted Load,2026-08-24T16:52:05Z
2026-08-24T16:47:48Z,2026-08-24T18:47:48+0200,1c75f836-1f2f-4435-8768-c29aa3ca6237,2026-08-04T01:00:00Z,2026-08-04T03:00:00+0200,1966.0,MW,DK1,DK_1,forecast_load,Forecasted Load,2026-08-24T16:52:05Z
2026-08-24T16:47:48Z,2026-08-24T18:47:48+0200,1c75f836-1f2f-4435-8768-c29aa3ca6237,2026-08-04T02:00:00Z,2026-08-04T04:00:00+0200,1911.0,MW,DK1,DK_1,forecast_load,Forecasted Load,2026-08-24T16:52:05Z
2026-08-24T16:47:48Z,2026-08-24T18:47:48+0200,1c75f836-1f2f-4435-8768-c29aa3ca6237,2026-08-04T03:00:00Z,2026-08-04T05:00:00+0200,1883.0,MW,DK1,DK_1,forecast_load,Forecasted Load,2026-08-24T16:52:05Z
2026-08-24T16:47:48Z,2026-08-24T18:47:48+0200,1c75f836-1f2f-4435-8768-c29aa3ca6237,2026-08-04T04:00:00Z,2026-08-04T06:00:00+0200,2046.0,MW,DK1,DK_1,forecast_load,Forecasted Load,2026-08-24T16:52:05Z
2026-08-24T16:47:48Z,2026-08-24T18:47:48+0200,1c75f836-1f2f-4435-8768-c29aa3ca6237,2026-08-04T05:00:00Z,2026-08-04T07:00:00+0200,2326.0,MW,DK1,DK_1,forecast_load,Forecasted Load,2026-08-24T16:52:05Z
2026-08-24T16:47:48Z,2026-08-24T18:47:48+0200,1c75f836-1f2f-4435-8768-c29aa3ca6237,2026-08-04T06:00:00Z,2026-08-04T08:00:00+0200,2439.0,MW,DK1,DK_1,forecast_load,Forecasted Load,2026-08-24T16:52:05Z
2026-08-24T16:47:48Z,2026-08-24T18:47:48+0200,1c75f836-1f2f-4435-8768-c29aa3ca6237,2026-08-04T07:00:00Z,2026-08-04T09:00:00+0200,2798.0,MW,DK1,DK_1,forecast_load,Forecasted Load,2026-08-24T16:52:05Z
2026-08-24T16:47:48Z,2026-08-24T18:47:48+0200,1c75f836-1f2f-4435-8768-c29aa3ca6237,2026-08-04T08:00:00Z,2026-08-04T10:00:00+0200,2947.0,MW,DK1,DK_1,forecast_load,Forecasted Load,2026-08-24T16:52:05Z
2026-08-24T16:47:48Z,2026-08-24T18:47:48+0200,1c75f836-1f2f-4435-8768-c29aa3ca6237,2026-08-04T09:00:00Z,2026-08-04T11:00:00+0200,3102.0,MW,DK1,DK_1,forecast_load,Forecasted Load,2026-08-24T16:52:05Z
2026-08-24T16:47:48Z,2026-08-24T18:47:48+0200,1c75f836-1f2f-4435-8768-c29aa3ca6237,2026-08-04T10:00:00Z,2026-08-04T12:00:00+0200,3189.0,MW,DK1,DK_1,forecast_load,Forecasted Load,2026-08-24T16:52:05Z
2026-08-24T16:47:48Z,2026-08-24T18:47:48+0200,1c75f836-1f2f-4435-8768-c29aa3ca6237,2026-08-04T11:00:00Z,2026-08-04T13:00:00+0200,3231.0,MW,DK1,DK_1,forecast_load,Forecasted Load,2026-08-24T16:52:05Z
2026-08-24T16:47:48Z,2026-08-24T18:47:48+0200,1c75f836-1f2f-4435-8768-c29aa3ca6237,2026-08-04T12:00:00Z,2026-08-04T14:00:00+0200,3080.0,MW,DK1,DK_1,forecast_load,Forecasted Load,2026-08-24T16:52:05Z
2026-08-24T16:47:48Z,2026-08-24T18:47:48+0200,1c75f836-1f2f-4435-8768-c29aa3ca6237,2026-08-04T13:00:00Z,2026-08-04T15:00:00+0200,2769.0,MW,DK1,DK_1,forecast_load,Forecasted Load,2026-08-24T16:52:05Z
2026-08-24T16:47:48Z,2026-08-24T18:47:48+0200,1c75f836-1f2f-4435-8768-c29aa3ca6237,2026-08-04T14:00:00Z,2026-08-04T16:00:00+0200,2686.0,MW,DK1,DK_1,forecast_load,Forecasted Load,2026-08-24T16:52:05Z
2026-08-24T16:47:48Z,2026-08-24T18:47:48+0200,1c75f836-1f2f-4435-8768-c29aa3ca6237,2026-08-04T15:00:00Z,2026-08-04T17:00:00+0200,2767.0,MW,DK1,DK_1,forecast_load,Forecasted Load,2026-08-24T16:52:05Z
2026-08-24T16:47:48Z,2026-08-24T18:47:48+0200,1c75f836-1f2f-4435-8768-c29aa3ca6237,2026-08-04T16:00:00Z,2026-08-04T18:00:00+0200,2792.0,MW,DK1,DK_1,forecast_load,Forecasted Load,2026-08-24T16:52:05Z
2026-08-24T16:47:48Z,2026-08-24T18:47:48+0200,1c75f836-1f2f-4435-8768-c29aa3ca6237,2026-08-04T17:00:00Z,2026-08-04T19:00:00+0200,2623.0,MW,DK1,DK_1,forecast_load,Forecasted Load,2026-08-24T16:52:05Z
2026-08-24T16:47:48Z,2026-08-24T18:47:48+0200,1c75f836-1f2f-4435-8768-c29aa3ca6237,2026-08-04T18:00:00Z,2026-08-04T20:00:00+0200,2446.0,MW,DK1,DK_1,forecast_load,Forecasted Load,2026-08-24T16:52:05Z
2026-08-24T16:47:48Z,2026-08-24T18:47:48+0200,1c75f836-1f2f-4435-8768-c29aa3ca6237,2026-08-04T19:00:00Z,2026-08-04T21:00:00+0200,2337.0,MW,DK1,DK_1,forecast_load,Forecasted Load,2026-08-24T16:52:05Z
2026-08-24T16:47:48Z,2026-08-24T18:47:48+0200,1c75f836-1f2f-4435-8768-c29aa3ca6237,2026-08-04T20:00:00Z,2026-08-04T22:00:00+0200,2253.0,MW,DK1,DK_1,forecast_load,Forecasted Load,2026-08-24T16:52:05Z
2026-08-24T16:47:48Z,2026-08-24T18:47:48+0200,1c75f836-1f2f-4435-8768-c29aa3ca6237,2026-08-04T21:00:00Z,2026-08-04T23:00:00+0200,2167.0,MW,DK1,DK_1,forecast_load,Forecasted Load,2026-08-24T16:52:05Z
2026-08-24T16:47:48Z,2026-08-24T18:47:48+0200,1c75f836-1f2f-4435-8768-c29aa3ca6237,2026-08-04T22:00:00Z,2026-08-05T00:00:00+0200,2249.8,MW,DK1,DK_1,forecast_load,Forecasted Load,2026-08-24T16:52:05Z
2026-08-24T16:47:48Z,2026-08-24T18:47:48+0200,1c75f836-1f2f-4435-8768-c29aa3ca6237,2026-08-04T23:00:00Z,2026-08-05T01:00:00+0200,2247.4,MW,DK1,DK_1,forecast_load,Forecasted Load,2026-08-24T16:52:05Z
2026-08-24T16:47:48Z,2026-08-24T18:47:48+0200,1c75f836-1f2f-4435-8768-c29aa3ca6237,2026-08-05T00:00:00Z,2026-08-05T02:00:00+0200,2234.7,MW,DK1,DK_1,forecast_load,Forecasted Load,2026-08-24T16:52:05Z
2026-08-24T16:47:48Z,2026-08-24T18:47:48+0200,1c75f836-1f2f-4435-8768-c29aa3ca6237,2026-08-05T01:00:00Z,2026-08-05T03:00:00+0200,2141.0,MW,DK1,DK_1,forecast_load,Forecasted Load,2026-08-24T16:52:05Z
2026-08-24T16:47:48Z,2026-08-24T18:47:48+0200,1c75f836-1f2f-4435-8768-c29aa3ca6237,2026-08-05T02:00:00Z,2026-08-05T04:00:00+0200,2144.2,MW,DK1,DK_1,forecast_load,Forecasted Load,2026-08-24T16:52:05Z
2026-08-24T16:47:48Z,2026-08-24T18:47:48+0200,1c75f836-1f2f-4435-8768-c29aa3ca6237,2026-08-05T03:00:00Z,2026-08-05T05:00:00+0200,2165.1,MW,DK1,DK_1,forecast_load,Forecasted Load,2026-08-24T16:52:05Z
2026-08-24T16:47:48Z,2026-08-24T18:47:48+0200,1c75f836-1f2f-4435-8768-c29aa3ca6237,2026-08-05T04:00:00Z,2026-08-05T06:00:00+0200,2320.8,MW,DK1,DK_1,forecast_load,Forecasted Load,2026-08-24T16:52:05Z
2026-08-24T16:47:48Z,2026-08-24T18:47:48+0200,1c75f836-1f2f-4435-8768-c29aa3ca6237,2026-08-05T05:00:00Z,2026-08-05T07:00:00+0200,2571.1,MW,DK1,DK_1,forecast_load,Forecasted Load,2026-08-24T16:52:05Z
2026-08-24T16:47:48Z,2026-08-24T18:47:48+0200,1c75f836-1f2f-4435-8768-c29aa3ca6237,2026-08-05T06:00:00Z,2026-08-05T08:00:00+0200,2696.6,MW,DK1,DK_1,forecast_load,Forecasted Load,2026-08-24T16:52:05Z
2026-08-24T16:47:48Z,2026-08-24T18:47:48+0200,1c75f836-1f2f-4435-8768-c29aa3ca6237,2026-08-05T07:00:00Z,2026-08-05T09:00:00+0200,2480.4,MW,DK1,DK_1,forecast_load,Forecasted Load,2026-08-24T16:52:05Z
2026-08-24T16:47:48Z,2026-08-24T18:47:48+0200,1c75f836-1f2f-4435-8768-c29aa3ca6237,2026-08-05T08:00:00Z,2026-08-05T10:00:00+0200,2424.3,MW,DK1,DK_1,forecast_load,Forecasted Load,2026-08-24T16:52:05Z
2026-08-24T16:47:48Z,2026-08-24T18:47:48+0200,1c75f836-1f2f-4435-8768-c29aa3ca6237,2026-08-05T09:00:00Z,2026-08-05T11:00:00+0200,2581.6,MW,DK1,DK_1,forecast_load,Forecasted Load,2026-08-24T16:52:05Z
2026-08-24T16:47:48Z,2026-08-24T18:47:48+0200,1c75f836-1f2f-4435-8768-c29aa3ca6237,2026-08-05T10:00:00Z,2026-08-05T12:00:00+0200,2893.3,MW,DK1,DK_1,forecast_load,Forecasted Load,2026-08-24T16:52:05Z
2026-08-24T16:47:48Z,2026-08-24T18:47:48+0200,1c75f836-1f2f-4435-8768-c29aa3ca6237,2026-08-05T11:00:00Z,2026-08-05T13:00:00+0200,2860.6,MW,DK1,DK_1,forecast_load,Forecasted Load,2026-08-24T16:52:05Z
2026-08-24T16:47:48Z,2026-08-24T18:47:48+0200,1c75f836-1f2f-4435-8768-c29aa3ca6237,2026-08-05T12:00:00Z,2026-08-05T14:00:00+0200,2918.2,MW,DK1,DK_1,forecast_load,Forecasted Load,2026-08-24T16:52:05Z
2026-08-24T16:47:48Z,2026-08-24T18:47:48+0200,1c75f836-1f2f-4435-8768-c29aa3ca6237,2026-08-05T13:00:00Z,2026-08-05T15:00:00+0200,2725.0,MW,DK1,DK_1,forecast_load,Forecasted Load,2026-08-24T16:52:05Z
2026-08-24T16:47:48Z,2026-08-24T18:47:48+0200,1c75f836-1f2f-4435-8768-c29aa3ca6237,2026-08-05T14:00:00Z,2026-08-05T16:00:00+0200,2621.8,MW,DK1,DK_1,forecast_load,Forecasted Load,2026-08-24T16:52:05Z
2026-08-24T16:47:48Z,2026-08-24T18:47:48+0200,1c75f836-1f2f-4435-8768-c29aa3ca6237,2026-08-05T15:00:00Z,2026-08-05T17:00:00+0200,2391.8,MW,DK1,DK_1,forecast_load,Forecasted Load,2026-08-24T16:52:05Z
2026-08-24T16:47:48Z,2026-08-24T18:47:48+0200,1c75f836-1f2f-4435-8768-c29aa3ca6237,2026-08-05T16:00:00Z,2026-08-05T18:00:00+0200,2177.0,MW,DK1,DK_1,forecast_load,Forecasted Load,2026-08-24T16:52:05Z
2026-08-24T16:47:48Z,2026-08-24T18:47:48+0200,1c75f836-1f2f-4435-8768-c29aa3ca6237,2026-08-05T17:00:00Z,2026-08-05T19:00:00+0200,2074.2,MW,DK1,DK_1,forecast_load,Forecasted Load,2026-08-24T16:52:05Z
2026-08-24T16:47:48Z,2026-08-24T18:47:48+0200,1c75f836-1f2f-4435-8768-c29aa3ca6237,2026-08-05T18:00:00Z,2026-08-05T20:00:00+0200,2126.3,MW,DK1,DK_1,forecast_load,Forecasted Load,2026-08-24T16:52:05Z
2026-08-24T16:47:48Z,2026-08-24T18:47:48+0200,1c75f836-1f2f-4435-8768-c29aa3ca6237,2026-08-05T19:00:00Z,2026-08-05T21:00:00+0200,2109.9,MW,DK1,DK_1,forecast_load,Forecasted Load,2026-08-24T16:52:05Z
2026-08-24T16:47:48Z,2026-08-24T18:47:48+0200,1c75f836-1f2f-4435-8768-c29aa3ca6237,2026-08-05T20:00:00Z,2026-08-05T22:00:00+0200,2056.4,MW,DK1,DK_1,forecast_load,Forecasted Load,2026-08-24T16:52:05Z
2026-08-24T16:47:48Z,2026-08-24T18:47:48+0200,1c75f836-1f2f-4435-8768-c29aa3ca6237,2026-08-05T21:00:00Z,2026-08-05T23:00:00+0200,1967.6,MW,DK1,DK_1,forecast_load,Forecasted Load,2026-08-24T16:52:05Z
2026-08-24T16:47:48Z,2026-08-24T18:47:48+0200,1c75f836-1f2f-4435-8768-c29aa3ca6237,2026-08-05T22:00:00Z,2026-08-06T00:00:00+0200,2009.0,MW,DK1,DK_1,forecast_load,Forecasted Load,2026-08-24T16:52:05Z
2026-08-24T16:47:48Z,2026-08-24T18:47:48+0200,1c75f836-1f2f-4435-8768-c29aa3ca6237,2026-08-05T23:00:00Z,2026-08-06T01:00:00+0200,1967.0,MW,DK1,DK_1,forecast_load,Forecasted Load,2026-08-24T16:52:05Z
2026-08-24T16:47:48Z,2026-08-24T18:47:48+0200,1c75f836-1f2f-4435-8768-c29aa3ca6237,2026-08-06T00:00:00Z,2026-08-06T02:00:00+0200,1850.0,MW,DK1,DK_1,forecast_load,Forecasted Load,2026-08-24T16:52:05Z
2026-08-24T16:47:48Z,2026-08-24T18:47:48+0200,1c75f836-1f2f-4435-8768-c29aa3ca6237,2026-08-06T01:00:00Z,2026-08-06T03:00:00+0200,1792.0,MW,DK1,DK_1,forecast_load,Forecasted Load,2026-08-24T16:52:05Z
2026-08-24T16:47:48Z,2026-08-24T18:47:48+0200,1c75f836-1f2f-4435-8768-c29aa3ca6237,2026-08-06T02:00:00Z,2026-08-06T04:00:00+0200,1758.0,MW,DK1,DK_1,forecast_load,Forecasted Load,2026-08-24T16:52:05Z
2026-08-24T16:47:48Z,2026-08-24T18:47:48+0200,1c75f836-1f2f-4435-8768-c29aa3ca6237,2026-08-06T03:00:00Z,2026-08-06T05:00:00+0200,1757.0,MW,DK1,DK_1,forecast_load,Forecasted Load,2026-08-24T16:52:05Z
2026-08-24T16:47:48Z,2026-08-24T18:47:48+0200,1c75f836-1f2f-4435-8768-c29aa3ca6237,2026-08-06T04:00:00Z,2026-08-06T06:00:00+0200,1909.0,MW,DK1,DK_1,forecast_load,Forecasted Load,2026-08-24T16:52:05Z
2026-08-24T16:47:48Z,2026-08-24T18:47:48+0200,1c75f836-1f2f-4435-8768-c29aa3ca6237,2026-08-06T05:00:00Z,2026-08-06T07:00:00+0200,2142.0,MW,DK1,DK_1,forecast_load,Forecasted Load,2026-08-24T16:52:05Z
2026-08-24T16:47:48Z,2026-08-24T18:47:48+0200,1c75f836-1f2f-4435-8768-c29aa3ca6237,2026-08-06T06:00:00Z,2026-08-06T08:00:00+0200,2199.0,MW,DK1,DK_1,forecast_load,Forecasted Load,2026-08-24T16:52:05Z
2026-08-24T16:47:48Z,2026-08-24T18:47:48+0200,1c75f836-1f2f-4435-8768-c29aa3ca6237,2026-08-06T07:00:00Z,2026-08-06T09:00:00+0200,2133.0,MW,DK1,DK_1,forecast_load,Forecasted Load,2026-08-24T16:52:05Z
2026-08-24T16:47:48Z,2026-08-24T18:47:48+0200,1c75f836-1f2f-4435-8768-c29aa3ca6237,2026-08-06T08:00:00Z,2026-08-06T10:00:00+0200,2294.0,MW,DK1,DK_1,forecast_load,Forecasted Load,2026-08-24T16:52:05Z
2026-08-24T16:47:48Z,2026-08-24T18:47:48+0200,1c75f836-1f2f-4435-8768-c29aa3ca6237,2026-08-06T09:00:00Z,2026-08-06T11:00:00+0200,2691.0,MW,DK1,DK_1,forecast_load,Forecasted Load,2026-08-24T16:52:05Z
2026-08-24T16:47:48Z,2026-08-24T18:47:48+0200,1c75f836-1f2f-4435-8768-c29aa3ca6237,2026-08-06T10:00:00Z,2026-08-06T12:00:00+0200,2890.0,MW,DK1,DK_1,forecast_load,Forecasted Load,2026-08-24T16:52:05Z
2026-08-24T16:47:48Z,2026-08-24T18:47:48+0200,1c75f836-1f2f-4435-8768-c29aa3ca6237,2026-08-06T11:00:00Z,2026-08-06T13:00:00+0200,2889.0,MW,DK1,DK_1,forecast_load,Forecasted Load,2026-08-24T16:52:05Z
2026-08-24T16:47:48Z,2026-08-24T18:47:48+0200,1c75f836-1f2f-4435-8768-c29aa3ca6237,2026-08-06T12:00:00Z,2026-08-06T14:00:00+0200,2719.0,MW,DK1,DK_1,forecast_load,Forecasted Load,2026-08-24T16:52:05Z
2026-08-24T16:47:48Z,2026-08-24T18:47:48+0200,1c75f836-1f2f-4435-8768-c29aa3ca6237,2026-08-06T13:00:00Z,2026-08-06T15:00:00+0200,2694.0,MW,DK1,DK_1,forecast_load,Forecasted Load,2026-08-24T16:52:05Z
2026-08-24T16:47:48Z,2026-08-24T18:47:48+0200,1c75f836-1f2f-4435-8768-c29aa3ca6237,2026-08-06T14:00:00Z,2026-08-06T16:00:00+0200,2799.0,MW,DK1,DK_1,forecast_load,Forecasted Load,2026-08-24T16:52:05Z
2026-08-24T16:47:48Z,2026-08-24T18:47:48+0200,1c75f836-1f2f-4435-8768-c29aa3ca6237,2026-08-06T15:00:00Z,2026-08-06T17:00:00+0200,2610.0,MW,DK1,DK_1,forecast_load,Forecasted Load,2026-08-24T16:52:05Z
2026-08-24T16:47:48Z,2026-08-24T18:47:48+0200,1c75f836-1f2f-4435-8768-c29aa3ca6237,2026-08-06T16:00:00Z,2026-08-06T18:00:00+0200,2216.0,MW,DK1,DK_1,forecast_load,Forecasted Load,2026-08-24T16:52:05Z
2026-08-24T16:47:48Z,2026-08-24T18:47:48+0200,1c75f836-1f2f-4435-8768-c29aa3ca6237,2026-08-06T17:00:00Z,2026-08-06T19:00:00+0200,2125.0,MW,DK1,DK_1,forecast_load,Forecasted Load,2026-08-24T16:52:05Z
2026-08-24T16:47:48Z,2026-08-24T18:47:48+0200,1c75f836-1f2f-4435-8768-c29aa3ca6237,2026-08-06T18:00:00Z,2026-08-06T20:00:00+0200,2024.0,MW,DK1,DK_1,forecast_load,Forecasted Load,2026-08-24T16:52:05Z
2026-08-24T16:47:48Z,2026-08-24T18:47:48+0200,1c75f836-1f2f-4435-8768-c29aa3ca6237,2026-08-06T19:00:00Z,2026-08-06T21:00:00+0200,1948.0,MW,DK1,DK_1,forecast_load,Forecasted Load,2026-08-24T16:52:05Z
2026-08-24T16:47:48Z,2026-08-24T18:47:48+0200,1c75f836-1f2f-4435-8768-c29aa3ca6237,2026-08-06T20:00:00Z,2026-08-06T22:00:00+0200,1861.0,MW,DK1,DK_1,forecast_load,Forecasted Load,2026-08-24T16:52:05Z
2026-08-24T16:47:48Z,2026-08-24T18:47:48+0200,1c75f836-1f2f-4435-8768-c29aa3ca6237,2026-08-06T21:00:00Z,2026-08-06T23:00:00+0200,1804.0,MW,DK1,DK_1,forecast_load,Forecasted Load,2026-08-24T16:52:05Z
2026-08-24T16:47:48Z,2026-08-24T18:47:48+0200,1c75f836-1f2f-4435-8768-c29aa3ca6237,2026-08-06T22:00:00Z,2026-08-07T00:00:00+0200,1696.0,MW,DK1,DK_1,forecast_load,Forecasted Load,2026-08-24T16:52:05Z
2026-08-24T16:47:48Z,2026-08-24T18:47:48+0200,1c75f836-1f2f-4435-8768-c29aa3ca6237,2026-08-06T23:00:00Z,2026-08-07T01:00:00+0200,1727.0,MW,DK1,DK_1,forecast_load,Forecasted Load,2026-08-24T16:52:05Z
2026-08-24T16:47:48Z,2026-08-24T18:47:48+0200,1c75f836-1f2f-4435-8768-c29aa3ca6237,2026-08-07T00:00:00Z,2026-08-07T02:00:00+0200,1682.0,MW,DK1,DK_1,forecast_load,Forecasted Load,2026-08-24T16:52:05Z
2026-08-24T16:47:48Z,2026-08-24T18:47:48+0200,1c75f836-1f2f-4435-8768-c29aa3ca6237,2026-08-07T01:00:00Z,2026-08-07T03:00:00+0200,1656.0,MW,DK1,DK_1,forecast_load,Forecasted Load,2026-08-24T16:52:05Z
2026-08-24T16:47:48Z,2026-08-24T18:47:48+0200,1c75f836-1f2f-4435-8768-c29aa3ca6237,2026-08-07T02:00:00Z,2026-08-07T04:00:00+0200,1623.0,MW,DK1,DK_1,forecast_load,Forecasted Load,2026-08-24T16:52:05Z
2026-08-24T16:47:48Z,2026-08-24T18:47:48+0200,1c75f836-1f2f-4435-8768-c29aa3ca6237,2026-08-07T03:00:00Z,2026-08-07T05:00:00+0200,1625.0,MW,DK1,DK_1,forecast_load,Forecasted Load,2026-08-24T16:52:05Z
2026-08-24T16:47:48Z,2026-08-24T18:47:48+0200,1c75f836-1f2f-4435-8768-c29aa3ca6237,2026-08-07T04:00:00Z,2026-08-07T06:00:00+0200,1842.0,MW,DK1,DK_1,forecast_load,Forecasted Load,2026-08-24T16:52:05Z
2026-08-24T16:47:48Z,2026-08-24T18:47:48+0200,1c75f836-1f2f-4435-8768-c29aa3ca6237,2026-08-07T05:00:00Z,2026-08-07T07:00:00+0200,2043.0,MW,DK1,DK_1,forecast_load,Forecasted Load,2026-08-24T16:52:05Z
2026-08-24T16:47:48Z,2026-08-24T18:47:48+0200,1c75f836-1f2f-4435-8768-c29aa3ca6237,2026-08-07T06:00:00Z,2026-08-07T08:00:00+0200,2152.0,MW,DK1,DK_1,forecast_load,Forecasted Load,2026-08-24T16:52:05Z
2026-08-24T16:47:48Z,2026-08-24T18:47:48+0200,1c75f836-1f2f-4435-8768-c29aa3ca6237,2026-08-07T07:00:00Z,2026-08-07T09:00:00+0200,2163.0,MW,DK1,DK_1,forecast_load,Forecasted Load,2026-08-24T16:52:05Z
2026-08-24T16:47:48Z,2026-08-24T18:47:48+0200,1c75f836-1f2f-4435-8768-c29aa3ca6237,2026-08-07T08:00:00Z,2026-08-07T10:00:00+0200,2259.0,MW,DK1,DK_1,forecast_load,Forecasted Load,2026-08-24T16:52:05Z
2026-08-24T16:47:48Z,2026-08-24T18:47:48+0200,1c75f836-1f2f-4435-8768-c29aa3ca6237,2026-08-07T09:00:00Z,2026-08-07T11:00:00+0200,2311.0,MW,DK1,DK_1,forecast_load,Forecasted Load,2026-08-24T16:52:05Z
2026-08-24T16:47:48Z,2026-08-24T18:47:48+0200,1c75f836-1f2f-4435-8768-c29aa3ca6237,2026-08-07T10:00:00Z,2026-08-07T12:00:00+0200,2269.0,MW,DK1,DK_1,forecast_load,Forecasted Load,2026-08-24T16:52:05Z
2026-08-24T16:47:48Z,2026-08-24T18:47:48+0200,1c75f836-1f2f-4435-8768-c29aa3ca6237,2026-08-07T11:00:00Z,2026-08-07T13:00:00+0200,2342.0,MW,DK1,DK_1,forecast_load,Forecasted Load,2026-08-24T16:52:05Z
2026-08-24T16:47:48Z,2026-08-24T18:47:48+0200,1c75f836-1f2f-4435-8768-c29aa3ca6237,2026-08-07T12:00:00Z,2026-08-07T14:00:00+0200,2167.0,MW,DK1,DK_1,forecast_load,Forecasted Load,2026-08-24T16:52:05Z
2026-08-24T16:47:48Z,2026-08-24T18:47:48+0200,1c75f836-1f2f-4435-8768-c29aa3ca6237,2026-08-07T13:00:00Z,2026-08-07T15:00:00+0200,2507.0,MW,DK1,DK_1,forecast_load,Forecasted Load,2026-08-24T16:52:05Z
2026-08-24T16:47:48Z,2026-08-24T18:47:48+0200,1c75f836-1f2f-4435-8768-c29aa3ca6237,2026-08-07T14:00:00Z,2026-08-07T16:00:00+0200,2659.0,MW,DK1,DK_1,forecast_load,Forecasted Load,2026-08-24T16:52:05Z
2026-08-24T16:47:48Z,2026-08-24T18:47:48+0200,1c75f836-1f2f-4435-8768-c29aa3ca6237,2026-08-07T15:00:00Z,2026-08-07T17:00:00+0200,2618.0,MW,DK1,DK_1,forecast_load,Forecasted Load,2026-08-24T16:52:05Z
2026-08-24T16:47:48Z,2026-08-24T18:47:48+0200,1c75f836-1f2f-4435-8768-c29aa3ca6237,2026-08-07T16:00:00Z,2026-08-07T18:00:00+0200,2511.0,MW,DK1,DK_1,forecast_load,Forecasted Load,2026-08-24T16:52:05Z
2026-08-24T16:47:48Z,2026-08-24T18:47:48+0200,1c75f836-1f2f-4435-8768-c29aa3ca6237,2026-08-07T17:00:00Z,2026-08-07T19:00:00+0200,2390.0,MW,DK1,DK_1,forecast_load,Forecasted Load,2026-08-24T16:52:05Z
2026-08-24T16:47:48Z,2026-08-24T18:47:48+0200,1c75f836-1f2f-4435-8768-c29aa3ca6237,2026-08-07T18:00:00Z,2026-08-07T20:00:00+0200,2263.0,MW,DK1,DK_1,forecast_load,Forecasted Load,2026-08-24T16:52:05Z
2026-08-24T16:47:48Z,2026-08-24T18:47:48+0200,1c75f836-1f2f-4435-8768-c29aa3ca6237,2026-08-07T19:00:00Z,2026-08-07T21:00:00+0200,2183.0,MW,DK1,DK_1,forecast_load,Forecasted Load,2026-08-24T16:52:05Z
2026-08-24T16:47:48Z,2026-08-24T18:47:48+0200,1c75f836-1f2f-4435-8768-c29aa3ca6237,2026-08-07T20:00:00Z,2026-08-07T22:00:00+0200,2068.0,MW,DK1,DK_1,forecast_load,Forecasted Load,2026-08-24T16:52:05Z
2026-08-24T16:47:48Z,2026-08-24T18:47:48+0200,1c75f836-1f2f-4435-8768-c29aa3ca6237,2026-08-07T21:00:00Z,2026-08-07T23:00:00+0200,1937.0,MW,DK1,DK_1,forecast_load,Forecasted Load,2026-08-24T16:52:05Z
2026-08-24T16:47:48Z,2026-08-24T18:47:48+0200,1c75f836-1f2f-4435-8768-c29aa3ca6237,2026-08-07T22:00:00Z,2026-08-08T00:00:00+0200,2011.0,MW,DK1,DK_1,forecast_load,Forecasted Load,2026-08-24T16:52:05Z
2026-08-24T16:47:48Z,2026-08-24T18:47:48+0200,1c75f836-1f2f-4435-8768-c29aa3ca6237,2026-08-07T23:00:00Z,2026-08-08T01:00:00+0200,1978.0,MW,DK1,DK_1,forecast_load,Forecasted Load,2026-08-24T16:52:05Z
2026-08-24T16:47:48Z,2026-08-24T18:47:48+0200,1c75f836-1f2f-4435-8768-c29aa3ca6237,2026-08-08T00:00:00Z,2026-08-08T02:00:00+0200,1931.0,MW,DK1,DK_1,forecast_load,Forecasted Load,2026-08-24T16:52:05Z
2026-08-24T16:47:48Z,2026-08-24T18:47:48+0200,1c75f836-1f2f-4435-8768-c29aa3ca6237,2026-08-08T01:00:00Z,2026-08-08T03:00:00+0200,1898.0,MW,DK1,DK_1,forecast_load,Forecasted Load,2026-08-24T16:52:05Z
2026-08-24T16:47:48Z,2026-08-24T18:47:48+0200,1c75f836-1f2f-4435-8768-c29aa3ca6237,2026-08-08T02:00:00Z,2026-08-08T04:00:00+0200,1884.0,MW,DK1,DK_1,forecast_load,Forecasted Load,2026-08-24T16:52:05Z
2026-08-24T16:47:48Z,2026-08-24T18:47:48+0200,1c75f836-1f2f-4435-8768-c29aa3ca6237,2026-08-08T03:00:00Z,2026-08-08T05:00:00+0200,1853.0,MW,DK1,DK_1,forecast_load,Forecasted Load,2026-08-24T16:52:05Z
2026-08-24T16:47:48Z,2026-08-24T18:47:48+0200,1c75f836-1f2f-4435-8768-c29aa3ca6237,2026-08-08T04:00:00Z,2026-08-08T06:00:00+0200,1825.0,MW,DK1,DK_1,forecast_load,Forecasted Load,2026-08-24T16:52:05Z
2026-08-24T16:47:48Z,2026-08-24T18:47:48+0200,1c75f836-1f2f-4435-8768-c29aa3ca6237,2026-08-08T05:00:00Z,2026-08-08T07:00:00+0200,1907.0,MW,DK1,DK_1,forecast_load,Forecasted Load,2026-08-24T16:52:05Z
2026-08-24T16:47:48Z,2026-08-24T18:47:48+0200,1c75f836-1f2f-4435-8768-c29aa3ca6237,2026-08-08T06:00:00Z,2026-08-08T08:00:00+0200,2037.0,MW,DK1,DK_1,forecast_load,Forecasted Load,2026-08-24T16:52:05Z
2026-08-24T16:47:48Z,2026-08-24T18:47:48+0200,1c75f836-1f2f-4435-8768-c29aa3ca6237,2026-08-08T07:00:00Z,2026-08-08T09:00:00+0200,2231.0,MW,DK1,DK_1,forecast_load,Forecasted Load,2026-08-24T16:52:05Z
2026-08-24T16:47:48Z,2026-08-24T18:47:48+0200,1c75f836-1f2f-4435-8768-c29aa3ca6237,2026-08-08T08:00:00Z,2026-08-08T10:00:00+0200,2620.0,MW,DK1,DK_1,forecast_load,Forecasted Load,2026-08-24T16:52:05Z
2026-08-24T16:47:48Z,2026-08-24T18:47:48+0200,1c75f836-1f2f-4435-8768-c29aa3ca6237,2026-08-08T09:00:00Z,2026-08-08T11:00:00+0200,2836.0,MW,DK1,DK_1,forecast_load,Forecasted Load,2026-08-24T16:52:05Z
2026-08-24T16:47:48Z,2026-08-24T18:47:48+0200,1c75f836-1f2f-4435-8768-c29aa3ca6237,2026-08-08T10:00:00Z,2026-08-08T12:00:00+0200,2960.0,MW,DK1,DK_1,forecast_load,Forecasted Load,2026-08-24T16:52:05Z
2026-08-24T16:47:48Z,2026-08-24T18:47:48+0200,1c75f836-1f2f-4435-8768-c29aa3ca6237,2026-08-08T11:00:00Z,2026-08-08T13:00:00+0200,3016.0,MW,DK1,DK_1,forecast_load,Forecasted Load,2026-08-24T16:52:05Z
2026-08-24T16:47:48Z,2026-08-24T18:47:48+0200,1c75f836-1f2f-4435-8768-c29aa3ca6237,2026-08-08T12:00:00Z,2026-08-08T14:00:00+0200,2946.0,MW,DK1,DK_1,forecast_load,Forecasted Load,2026-08-24T16:52:05Z
2026-08-24T16:47:48Z,2026-08-24T18:47:48+0200,1c75f836-1f2f-4435-8768-c29aa3ca6237,2026-08-08T13:00:00Z,2026-08-08T15:00:00+0200,2853.0,MW,DK1,DK_1,forecast_load,Forecasted Load,2026-08-24T16:52:05Z
2026-08-24T16:47:48Z,2026-08-24T18:47:48+0200,1c75f836-1f2f-4435-8768-c29aa3ca6237,2026-08-08T14:00:00Z,2026-08-08T16:00:00+0200,2686.0,MW,DK1,DK_1,forecast_load,Forecasted Load,2026-08-24T16:52:05Z
2026-08-24T16:47:48Z,2026-08-24T18:47:48+0200,1c75f836-1f2f-4435-8768-c29aa3ca6237,2026-08-08T15:00:00Z,2026-08-08T17:00:00+0200,2509.0,MW,DK1,DK_1,forecast_load,Forecasted Load,2026-08-24T16:52:05Z
2026-08-24T16:47:48Z,2026-08-24T18:47:48+0200,1c75f836-1f2f-4435-8768-c29aa3ca6237,2026-08-08T16:00:00Z,2026-08-08T18:00:00+0200,2351.0,MW,DK1,DK_1,forecast_load,Forecasted Load,2026-08-24T16:52:05Z
2026-08-24T16:47:48Z,2026-08-24T18:47:48+0200,1c75f836-1f2f-4435-8768-c29aa3ca6237,2026-08-08T17:00:00Z,2026-08-08T19:00:00+0200,2219.0,MW,DK1,DK_1,forecast_load,Forecasted Load,2026-08-24T16:52:05Z
2026-08-24T16:47:48Z,2026-08-24T18:47:48+0200,1c75f836-1f2f-4435-8768-c29aa3ca6237,2026-08-08T18:00:00Z,2026-08-08T20:00:00+0200,2150.0,MW,DK1,DK_1,forecast_load,Forecasted Load,2026-08-24T16:52:05Z
2026-08-24T16:47:48Z,2026-08-24T18:47:48+0200,1c75f836-1f2f-4435-8768-c29aa3ca6237,2026-08-08T19:00:00Z,2026-08-08T21:00:00+0200,2100.0,MW,DK1,DK_1,forecast_load,Forecasted Load,2026-08-24T16:52:05Z
2026-08-24T16:47:48Z,2026-08-24T18:47:48+0200,1c75f836-1f2f-4435-8768-c29aa3ca6237,2026-08-08T20:00:00Z,2026-08-08T22:00:00+0200,2039.0,MW,DK1,DK_1,forecast_load,Forecasted Load,2026-08-24T16:52:05Z
2026-08-24T16:47:48Z,2026-08-24T18:47:48+0200,1c75f836-1f2f-4435-8768-c29aa3ca6237,2026-08-08T21:00:00Z,2026-08-08T23:00:00+0200,1954.0,MW,DK1,DK_1,forecast_load,Forecasted Load,2026-08-24T16:52:05Z
2026-08-24T16:47:48Z,2026-08-24T18:47:48+0200,1c75f836-1f2f-4435-8768-c29aa3ca6237,2026-08-08T22:00:00Z,2026-08-09T00:00:00+0200,1873.0,MW,DK1,DK_1,forecast_load,Forecasted Load,2026-08-24T16:52:05Z
2026-08-24T16:47:48Z,2026-08-24T18:47:48+0200,1c75f836-1f2f-4435-8768-c29aa3ca6237,2026-08-08T23:00:00Z,2026-08-09T01:00:00+0200,1853.0,MW,DK1,DK_1,forecast_load,Forecasted Load,2026-08-24T16:52:05Z
2026-08-24T16:47:48Z,2026-08-24T18:47:48+0200,1c75f836-1f2f-4435-8768-c29aa3ca6237,2026-08-09T00:00:00Z,2026-08-09T02:00:00+0200,1778.0,MW,DK1,DK_1,forecast_load,Forecasted Load,2026-08-24T16:52:05Z
2026-08-24T16:47:48Z,2026-08-24T18:47:48+0200,1c75f836-1f2f-4435-8768-c29aa3ca6237,2026-08-09T01:00:00Z,2026-08-09T03:00:00+0200,1773.0,MW,DK1,DK_1,forecast_load,Forecasted Load,2026-08-24T16:52:05Z
2026-08-24T16:47:48Z,2026-08-24T18:47:48+0200,1c75f836-1f2f-4435-8768-c29aa3ca6237,2026-08-09T02:00:00Z,2026-08-09T04:00:00+0200,1770.0,MW,DK1,DK_1,forecast_load,Forecasted Load,2026-08-24T16:52:05Z
2026-08-24T16:47:48Z,2026-08-24T18:47:48+0200,1c75f836-1f2f-4435-8768-c29aa3ca6237,2026-08-09T03:00:00Z,2026-08-09T05:00:00+0200,1712.0,MW,DK1,DK_1,forecast_load,Forecasted Load,2026-08-24T16:52:05Z
2026-08-24T16:47:48Z,2026-08-24T18:47:48+0200,1c75f836-1f2f-4435-8768-c29aa3ca6237,2026-08-09T04:00:00Z,2026-08-09T06:00:00+0200,1734.0,MW,DK1,DK_1,forecast_load,Forecasted Load,2026-08-24T16:52:05Z
2026-08-24T16:47:48Z,2026-08-24T18:47:48+0200,1c75f836-1f2f-4435-8768-c29aa3ca6237,2026-08-09T05:00:00Z,2026-08-09T07:00:00+0200,1842.0,MW,DK1,DK_1,forecast_load,Forecasted Load,2026-08-24T16:52:05Z
2026-08-24T16:47:48Z,2026-08-24T18:47:48+0200,1c75f836-1f2f-4435-8768-c29aa3ca6237,2026-08-09T06:00:00Z,2026-08-09T08:00:00+0200,1984.0,MW,DK1,DK_1,forecast_load,Forecasted Load,2026-08-24T16:52:05Z
2026-08-24T16:47:48Z,2026-08-24T18:47:48+0200,1c75f836-1f2f-4435-8768-c29aa3ca6237,2026-08-09T07:00:00Z,2026-08-09T09:00:00+0200,2151.0,MW,DK1,DK_1,forecast_load,Forecasted Load,2026-08-24T16:52:05Z
2026-08-24T16:47:48Z,2026-08-24T18:47:48+0200,1c75f836-1f2f-4435-8768-c29aa3ca6237,2026-08-09T08:00:00Z,2026-08-09T10:00:00+0200,2557.0,MW,DK1,DK_1,forecast_load,Forecasted Load,2026-08-24T16:52:05Z
2026-08-24T16:47:48Z,2026-08-24T18:47:48+0200,1c75f836-1f2f-4435-8768-c29aa3ca6237,2026-08-09T09:00:00Z,2026-08-09T11:00:00+0200,2827.0,MW,DK1,DK_1,forecast_load,Forecasted Load,2026-08-24T16:52:05Z
2026-08-24T16:47:48Z,2026-08-24T18:47:48+0200,1c75f836-1f2f-4435-8768-c29aa3ca6237,2026-08-09T10:00:00Z,2026-08-09T12:00:00+0200,2915.0,MW,DK1,DK_1,forecast_load,Forecasted Load,2026-08-24T16:52:05Z
2026-08-24T16:47:48Z,2026-08-24T18:47:48+0200,1c75f836-1f2f-4435-8768-c29aa3ca6237,2026-08-09T11:00:00Z,2026-08-09T13:00:00+0200,3041.0,MW,DK1,DK_1,forecast_load,Forecasted Load,2026-08-24T16:52:05Z
2026-08-24T16:47:48Z,2026-08-24T18:47:48+0200,1c75f836-1f2f-4435-8768-c29aa3ca6237,2026-08-09T12:00:00Z,2026-08-09T14:00:00+0200,2999.0,MW,DK1,DK_1,forecast_load,Forecasted Load,2026-08-24T16:52:05Z
2026-08-24T16:47:48Z,2026-08-24T18:47:48+0200,1c75f836-1f2f-4435-8768-c29aa3ca6237,2026-08-09T13:00:00Z,2026-08-09T15:00:00+0200,2725.0,MW,DK1,DK_1,forecast_load,Forecasted Load,2026-08-24T16:52:05Z
2026-08-24T16:47:48Z,2026-08-24T18:47:48+0200,1c75f836-1f2f-4435-8768-c29aa3ca6237,2026-08-09T14:00:00Z,2026-08-09T16:00:00+0200,2632.0,MW,DK1,DK_1,forecast_load,Forecasted Load,2026-08-24T16:52:05Z
2026-08-24T16:47:48Z,2026-08-24T18:47:48+0200,1c75f836-1f2f-4435-8768-c29aa3ca6237,2026-08-09T15:00:00Z,2026-08-09T17:00:00+0200,2618.0,MW,DK1,DK_1,forecast_load,Forecasted Load,2026-08-24T16:52:05Z
2026-08-24T16:47:48Z,2026-08-24T18:47:48+0200,1c75f836-1f2f-4435-8768-c29aa3ca6237,2026-08-09T16:00:00Z,2026-08-09T18:00:00+0200,2460.0,MW,DK1,DK_1,forecast_load,Forecasted Load,2026-08-24T16:52:05Z
2026-08-24T16:47:48Z,2026-08-24T18:47:48+0200,1c75f836-1f2f-4435-8768-c29aa3ca6237,2026-08-09T17:00:00Z,2026-08-09T19:00:00+0200,2290.0,MW,DK1,DK_1,forecast_load,Forecasted Load,2026-08-24T16:52:05Z
2026-08-24T16:47:48Z,2026-08-24T18:47:48+0200,1c75f836-1f2f-4435-8768-c29aa3ca6237,2026-08-09T18:00:00Z,2026-08-09T20:00:00+0200,2175.0,MW,DK1,DK_1,forecast_load,Forecasted Load,2026-08-24T16:52:05Z
2026-08-24T16:47:48Z,2026-08-24T18:47:48+0200,1c75f836-1f2f-4435-8768-c29aa3ca6237,2026-08-09T19:00:00Z,2026-08-09T21:00:00+0200,2156.0,MW,DK1,DK_1,forecast_load,Forecasted Load,2026-08-24T16:52:05Z
2026-08-24T16:47:48Z,2026-08-24T18:47:48+0200,1c75f836-1f2f-4435-8768-c29aa3ca6237,2026-08-09T20:00:00Z,2026-08-09T22:00:00+0200,2147.0,MW,DK1,DK_1,forecast_load,Forecasted Load,2026-08-24T16:52:05Z
2026-08-24T16:47:48Z,2026-08-24T18:47:48+0200,1c75f836-1f2f-4435-8768-c29aa3ca6237,2026-08-09T21:00:00Z,2026-08-09T23:00:00+0200,2128.0,MW,DK1,DK_1,forecast_load,Forecasted Load,2026-08-24T16:52:05Z
2026-08-24T16:47:48Z,2026-08-24T18:47:48+0200,1c75f836-1f2f-4435-8768-c29aa3ca6237,2026-08-09T22:00:00Z,2026-08-10T00:00:00+0200,1894.0,MW,DK1,DK_1,forecast_load,Forecasted Load,2026-08-24T16:52:05Z
2026-08-24T16:47:48Z,2026-08-24T18:47:48+0200,1c75f836-1f2f-4435-8768-c29aa3ca6237,2026-08-09T23:00:00Z,2026-08-10T01:00:00+0200,1897.0,MW,DK1,DK_1,forecast_load,Forecasted Load,2026-08-24T16:52:05Z
2026-08-24T16:47:48Z,2026-08-24T18:47:48+0200,1c75f836-1f2f-4435-8768-c29aa3ca6237,2026-08-10T00:00:00Z,2026-08-10T02:00:00+0200,1881.0,MW,DK1,DK_1,forecast_load,Forecasted Load,2026-08-24T16:52:05Z
2026-08-24T16:47:48Z,2026-08-24T18:47:48+0200,1c75f836-1f2f-4435-8768-c29aa3ca6237,2026-08-10T01:00:00Z,2026-08-10T03:00:00+0200,1842.0,MW,DK1,DK_1,forecast_load,Forecasted Load,2026-08-24T16:52:05Z
2026-08-24T16:47:48Z,2026-08-24T18:47:48+0200,1c75f836-1f2f-4435-8768-c29aa3ca6237,2026-08-10T02:00:00Z,2026-08-10T04:00:00+0200,1794.0,MW,DK1,DK_1,forecast_load,Forecasted Load,2026-08-24T16:52:05Z
2026-08-24T16:47:48Z,2026-08-24T18:47:48+0200,1c75f836-1f2f-4435-8768-c29aa3ca6237,2026-08-10T03:00:00Z,2026-08-10T05:00:00+0200,1855.0,MW,DK1,DK_1,forecast_load,Forecasted Load,2026-08-24T16:52:05Z
2026-08-24T16:47:48Z,2026-08-24T18:47:48+0200,1c75f836-1f2f-4435-8768-c29aa3ca6237,2026-08-10T04:00:00Z,2026-08-10T06:00:00+0200,2149.0,MW,DK1,DK_1,forecast_load,Forecasted Load,2026-08-24T16:52:05Z
2026-08-24T16:47:48Z,2026-08-24T18:47:48+0200,1c75f836-1f2f-4435-8768-c29aa3ca6237,2026-08-10T05:00:00Z,2026-08-10T07:00:00+0200,2502.0,MW,DK1,DK_1,forecast_load,Forecasted Load,2026-08-24T16:52:05Z
2026-08-24T16:47:48Z,2026-08-24T18:47:48+0200,1c75f836-1f2f-4435-8768-c29aa3ca6237,2026-08-10T06:00:00Z,2026-08-10T08:00:00+0200,2679.0,MW,DK1,DK_1,forecast_load,Forecasted Load,2026-08-24T16:52:05Z
2026-08-24T16:47:48Z,2026-08-24T18:47:48+0200,1c75f836-1f2f-4435-8768-c29aa3ca6237,2026-08-10T07:00:00Z,2026-08-10T09:00:00+0200,2784.0,MW,DK1,DK_1,forecast_load,Forecasted Load,2026-08-24T16:52:05Z
2026-08-24T16:47:48Z,2026-08-24T18:47:48+0200,1c75f836-1f2f-4435-8768-c29aa3ca6237,2026-08-10T08:00:00Z,2026-08-10T10:00:00+0200,2925.0,MW,DK1,DK_1,forecast_load,Forecasted Load,2026-08-24T16:52:05Z
2026-08-24T16:47:48Z,2026-08-24T18:47:48+0200,1c75f836-1f2f-4435-8768-c29aa3ca6237,2026-08-10T09:00:00Z,2026-08-10T11:00:00+0200,2977.0,MW,DK1,DK_1,forecast_load,Forecasted Load,2026-08-24T16:52:05Z
2026-08-24T16:47:48Z,2026-08-24T18:47:48+0200,1c75f836-1f2f-4435-8768-c29aa3ca6237,2026-08-10T10:00:00Z,2026-08-10T12:00:00+0200,3089.0,MW,DK1,DK_1,forecast_load,Forecasted Load,2026-08-24T16:52:05Z
2026-08-24T16:47:48Z,2026-08-24T18:47:48+0200,1c75f836-1f2f-4435-8768-c29aa3ca6237,2026-08-10T11:00:00Z,2026-08-10T13:00:00+0200,3215.0,MW,DK1,DK_1,forecast_load,Forecasted Load,2026-08-24T16:52:05Z
2026-08-24T16:47:48Z,2026-08-24T18:47:48+0200,1c75f836-1f2f-4435-8768-c29aa3ca6237,2026-08-10T12:00:00Z,2026-08-10T14:00:00+0200,3247.0,MW,DK1,DK_1,forecast_load,Forecasted Load,2026-08-24T16:52:05Z
2026-08-24T16:47:48Z,2026-08-24T18:47:48+0200,1c75f836-1f2f-4435-8768-c29aa3ca6237,2026-08-10T13:00:00Z,2026-08-10T15:00:00+0200,3106.0,MW,DK1,DK_1,forecast_load,Forecasted Load,2026-08-24T16:52:05Z
2026-08-24T16:47:48Z,2026-08-24T18:47:48+0200,1c75f836-1f2f-4435-8768-c29aa3ca6237,2026-08-10T14:00:00Z,2026-08-10T16:00:00+0200,2968.0,MW,DK1,DK_1,forecast_load,Forecasted Load,2026-08-24T16:52:05Z
2026-08-24T16:47:48Z,2026-08-24T18:47:48+0200,1c75f836-1f2f-4435-8768-c29aa3ca6237,2026-08-10T15:00:00Z,2026-08-10T17:00:00+0200,3033.0,MW,DK1,DK_1,forecast_load,Forecasted Load,2026-08-24T16:52:05Z
2026-08-24T16:47:48Z,2026-08-24T18:47:48+0200,1c75f836-1f2f-4435-8768-c29aa3ca6237,2026-08-10T16:00:00Z,2026-08-10T18:00:00+0200,2890.0,MW,DK1,DK_1,forecast_load,Forecasted Load,2026-08-24T16:52:05Z
2026-08-24T16:47:48Z,2026-08-24T18:47:48+0200,1c75f836-1f2f-4435-8768-c29aa3ca6237,2026-08-10T17:00:00Z,2026-08-10T19:00:00+0200,2767.0,MW,DK1,DK_1,forecast_load,Forecasted Load,2026-08-24T16:52:05Z
2026-08-24T16:47:48Z,2026-08-24T18:47:48+0200,1c75f836-1f2f-4435-8768-c29aa3ca6237,2026-08-10T18:00:00Z,2026-08-10T20:00:00+0200,2617.0,MW,DK1,DK_1,forecast_load,Forecasted Load,2026-08-24T16:52:05Z
2026-08-24T16:47:48Z,2026-08-24T18:47:48+0200,1c75f836-1f2f-4435-8768-c29aa3ca6237,2026-08-10T19:00:00Z,2026-08-10T21:00:00+0200,2605.0,MW,DK1,DK_1,forecast_load,Forecasted Load,2026-08-24T16:52:05Z
2026-08-24T16:47:48Z,2026-08-24T18:47:48+0200,1c75f836-1f2f-4435-8768-c29aa3ca6237,2026-08-10T20:00:00Z,2026-08-10T22:00:00+0200,2622.0,MW,DK1,DK_1,forecast_load,Forecasted Load,2026-08-24T16:52:05Z
2026-08-24T16:47:48Z,2026-08-24T18:47:48+0200,1c75f836-1f2f-4435-8768-c29aa3ca6237,2026-08-10T21:00:00Z,2026-08-10T23:00:00+0200,2538.0,MW,DK1,DK_1,forecast_load,Forecasted Load,2026-08-24T16:52:05Z
2026-08-24T16:47:48Z,2026-08-24T18:47:48+0200,1c75f836-1f2f-4435-8768-c29aa3ca6237,2026-08-10T22:00:00Z,2026-08-11T00:00:00+0200,2259.0,MW,DK1,DK_1,forecast_load,Forecasted Load,2026-08-24T16:52:05Z
2026-08-24T16:47:48Z,2026-08-24T18:47:48+0200,1c75f836-1f2f-4435-8768-c29aa3ca6237,2026-08-10T23:00:00Z,2026-08-11T01:00:00+0200,2241.0,MW,DK1,DK_1,forecast_load,Forecasted Load,2026-08-24T16:52:05Z
2026-08-24T16:47:48Z,2026-08-24T18:47:48+0200,1c75f836-1f2f-4435-8768-c29aa3ca6237,2026-08-11T00:00:00Z,2026-08-11T02:00:00+0200,2221.0,MW,DK1,DK_1,forecast_load,Forecasted Load,2026-08-24T16:52:05Z
2026-08-24T16:47:48Z,2026-08-24T18:47:48+0200,1c75f836-1f2f-4435-8768-c29aa3ca6237,2026-08-11T01:00:00Z,2026-08-11T03:00:00+0200,2196.0,MW,DK1,DK_1,forecast_load,Forecasted Load,2026-08-24T16:52:05Z
2026-08-24T16:47:48Z,2026-08-24T18:47:48+0200,1c75f836-1f2f-4435-8768-c29aa3ca6237,2026-08-11T02:00:00Z,2026-08-11T04:00:00+0200,2160.0,MW,DK1,DK_1,forecast_load,Forecasted Load,2026-08-24T16:52:05Z
2026-08-24T16:47:48Z,2026-08-24T18:47:48+0200,1c75f836-1f2f-4435-8768-c29aa3ca6237,2026-08-11T03:00:00Z,2026-08-11T05:00:00+0200,2153.0,MW,DK1,DK_1,forecast_load,Forecasted Load,2026-08-24T16:52:05Z
2026-08-24T16:47:48Z,2026-08-24T18:47:48+0200,1c75f836-1f2f-4435-8768-c29aa3ca6237,2026-08-11T04:00:00Z,2026-08-11T06:00:00+0200,2363.0,MW,DK1,DK_1,forecast_load,Forecasted Load,2026-08-24T16:52:05Z
2026-08-24T16:47:48Z,2026-08-24T18:47:48+0200,1c75f836-1f2f-4435-8768-c29aa3ca6237,2026-08-11T05:00:00Z,2026-08-11T07:00:00+0200,2638.0,MW,DK1,DK_1,forecast_load,Forecasted Load,2026-08-24T16:52:05Z
2026-08-24T16:47:48Z,2026-08-24T18:47:48+0200,1c75f836-1f2f-4435-8768-c29aa3ca6237,2026-08-11T06:00:00Z,2026-08-11T08:00:00+0200,2831.0,MW,DK1,DK_1,forecast_load,Forecasted Load,2026-08-24T16:52:05Z
2026-08-24T16:47:48Z,2026-08-24T18:47:48+0200,1c75f836-1f2f-4435-8768-c29aa3ca6237,2026-08-11T07:00:00Z,2026-08-11T09:00:00+0200,2852.0,MW,DK1,DK_1,forecast_load,Forecasted Load,2026-08-24T16:52:05Z
2026-08-24T16:47:48Z,2026-08-24T18:47:48+0200,1c75f836-1f2f-4435-8768-c29aa3ca6237,2026-08-11T08:00:00Z,2026-08-11T10:00:00+0200,3004.0,MW,DK1,DK_1,forecast_load,Forecasted Load,2026-08-24T16:52:05Z
2026-08-24T16:47:48Z,2026-08-24T18:47:48+0200,1c75f836-1f2f-4435-8768-c29aa3ca6237,2026-08-11T09:00:00Z,2026-08-11T11:00:00+0200,3125.0,MW,DK1,DK_1,forecast_load,Forecasted Load,2026-08-24T16:52:05Z
2026-08-24T16:47:48Z,2026-08-24T18:47:48+0200,1c75f836-1f2f-4435-8768-c29aa3ca6237,2026-08-11T10:00:00Z,2026-08-11T12:00:00+0200,3265.0,MW,DK1,DK_1,forecast_load,Forecasted Load,2026-08-24T16:52:05Z
2026-08-24T16:47:48Z,2026-08-24T18:47:48+0200,1c75f836-1f2f-4435-8768-c29aa3ca6237,2026-08-11T11:00:00Z,2026-08-11T13:00:00+0200,3334.0,MW,DK1,DK_1,forecast_load,Forecasted Load,2026-08-24T16:52:05Z
2026-08-24T16:47:48Z,2026-08-24T18:47:48+0200,1c75f836-1f2f-4435-8768-c29aa3ca6237,2026-08-11T12:00:00Z,2026-08-11T14:00:00+0200,3308.0,MW,DK1,DK_1,forecast_load,Forecasted Load,2026-08-24T16:52:05Z
2026-08-24T16:47:48Z,2026-08-24T18:47:48+0200,1c75f836-1f2f-4435-8768-c29aa3ca6237,2026-08-11T13:00:00Z,2026-08-11T15:00:00+0200,3105.0,MW,DK1,DK_1,forecast_load,Forecasted Load,2026-08-24T16:52:05Z
2026-08-24T16:47:48Z,2026-08-24T18:47:48+0200,1c75f836-1f2f-4435-8768-c29aa3ca6237,2026-08-11T14:00:00Z,2026-08-11T16:00:00+0200,2980.0,MW,DK1,DK_1,forecast_load,Forecasted Load,2026-08-24T16:52:05Z
2026-08-24T16:47:48Z,2026-08-24T18:47:48+0200,1c75f836-1f2f-4435-8768-c29aa3ca6237,2026-08-11T15:00:00Z,2026-08-11T17:00:00+0200,2974.0,MW,DK1,DK_1,forecast_load,Forecasted Load,2026-08-24T16:52:05Z
2026-08-24T16:47:48Z,2026-08-24T18:47:48+0200,1c75f836-1f2f-4435-8768-c29aa3ca6237,2026-08-11T16:00:00Z,2026-08-11T18:00:00+0200,2812.0,MW,DK1,DK_1,forecast_load,Forecasted Load,2026-08-24T16:52:05Z
2026-08-24T16:47:48Z,2026-08-24T18:47:48+0200,1c75f836-1f2f-4435-8768-c29aa3ca6237,2026-08-11T17:00:00Z,2026-08-11T19:00:00+0200,2641.0,MW,DK1,DK_1,forecast_load,Forecasted Load,2026-08-24T16:52:05Z
2026-08-24T16:47:48Z,2026-08-24T18:47:48+0200,1c75f836-1f2f-4435-8768-c29aa3ca6237,2026-08-11T18:00:00Z,2026-08-11T20:00:00+0200,2518.0,MW,DK1,DK_1,forecast_load,Forecasted Load,2026-08-24T16:52:05Z
2026-08-24T16:47:48Z,2026-08-24T18:47:48+0200,1c75f836-1f2f-4435-8768-c29aa3ca6237,2026-08-11T19:00:00Z,2026-08-11T21:00:00+0200,2511.0,MW,DK1,DK_1,forecast_load,Forecasted Load,2026-08-24T16:52:05Z
2026-08-24T16:47:48Z,2026-08-24T18:47:48+0200,1c75f836-1f2f-4435-8768-c29aa3ca6237,2026-08-11T20:00:00Z,2026-08-11T22:00:00+0200,2422.0,MW,DK1,DK_1,forecast_load,Forecasted Load,2026-08-24T16:52:05Z
2026-08-24T16:47:48Z,2026-08-24T18:47:48+0200,1c75f836-1f2f-4435-8768-c29aa3ca6237,2026-08-11T21:00:00Z,2026-08-11T23:00:00+0200,2318.0,MW,DK1,DK_1,forecast_load,Forecasted Load,2026-08-24T16:52:05Z
2026-08-24T16:47:48Z,2026-08-24T18:47:48+0200,1c75f836-1f2f-4435-8768-c29aa3ca6237,2026-08-11T22:00:00Z,2026-08-12T00:00:00+0200,2231.0,MW,DK1,DK_1,forecast_load,Forecasted Load,2026-08-24T16:52:05Z
2026-08-24T16:47:48Z,2026-08-24T18:47:48+0200,1c75f836-1f2f-4435-8768-c29aa3ca6237,2026-08-11T23:00:00Z,2026-08-12T01:00:00+0200,2200.0,MW,DK1,DK_1,forecast_load,Forecasted Load,2026-08-24T16:52:05Z
2026-08-24T16:47:48Z,2026-08-24T18:47:48+0200,1c75f836-1f2f-4435-8768-c29aa3ca6237,2026-08-12T00:00:00Z,2026-08-12T02:00:00+0200,2195.0,MW,DK1,DK_1,forecast_load,Forecasted Load,2026-08-24T16:52:05Z
2026-08-24T16:47:48Z,2026-08-24T18:47:48+0200,1c75f836-1f2f-4435-8768-c29aa3ca6237,2026-08-12T01:00:00Z,2026-08-12T03:00:00+0200,2152.0,MW,DK1,DK_1,forecast_load,Forecasted Load,2026-08-24T16:52:05Z
2026-08-24T16:47:48Z,2026-08-24T18:47:48+0200,1c75f836-1f2f-4435-8768-c29aa3ca6237,2026-08-12T02:00:00Z,2026-08-12T04:00:00+0200,2088.0,MW,DK1,DK_1,forecast_load,Forecasted Load,2026-08-24T16:52:05Z
2026-08-24T16:47:48Z,2026-08-24T18:47:48+0200,1c75f836-1f2f-4435-8768-c29aa3ca6237,2026-08-12T03:00:00Z,2026-08-12T05:00:00+0200,2123.0,MW,DK1,DK_1,forecast_load,Forecasted Load,2026-08-24T16:52:05Z
2026-08-24T16:47:48Z,2026-08-24T18:47:48+0200,1c75f836-1f2f-4435-8768-c29aa3ca6237,2026-08-12T04:00:00Z,2026-08-12T06:00:00+0200,2358.0,MW,DK1,DK_1,forecast_load,Forecasted Load,2026-08-24T16:52:05Z
2026-08-24T16:47:48Z,2026-08-24T18:47:48+0200,1c75f836-1f2f-4435-8768-c29aa3ca6237,2026-08-12T05:00:00Z,2026-08-12T07:00:00+0200,2610.0,MW,DK1,DK_1,forecast_load,Forecasted Load,2026-08-24T16:52:05Z
2026-08-24T16:47:48Z,2026-08-24T18:47:48+0200,1c75f836-1f2f-4435-8768-c29aa3ca6237,2026-08-12T06:00:00Z,2026-08-12T08:00:00+0200,2764.0,MW,DK1,DK_1,forecast_load,Forecasted Load,2026-08-24T16:52:05Z
2026-08-24T16:47:48Z,2026-08-24T18:47:48+0200,1c75f836-1f2f-4435-8768-c29aa3ca6237,2026-08-12T07:00:00Z,2026-08-12T09:00:00+0200,2681.0,MW,DK1,DK_1,forecast_load,Forecasted Load,2026-08-24T16:52:05Z
2026-08-24T16:47:48Z,2026-08-24T18:47:48+0200,1c75f836-1f2f-4435-8768-c29aa3ca6237,2026-08-12T08:00:00Z,2026-08-12T10:00:00+0200,2779.0,MW,DK1,DK_1,forecast_load,Forecasted Load,2026-08-24T16:52:05Z
2026-08-24T16:47:48Z,2026-08-24T18:47:48+0200,1c75f836-1f2f-4435-8768-c29aa3ca6237,2026-08-12T09:00:00Z,2026-08-12T11:00:00+0200,2899.0,MW,DK1,DK_1,forecast_load,Forecasted Load,2026-08-24T16:52:05Z
2026-08-24T16:47:48Z,2026-08-24T18:47:48+0200,1c75f836-1f2f-4435-8768-c29aa3ca6237,2026-08-12T10:00:00Z,2026-08-12T12:00:00+0200,3082.0,MW,DK1,DK_1,forecast_load,Forecasted Load,2026-08-24T16:52:05Z
2026-08-24T16:47:48Z,2026-08-24T18:47:48+0200,1c75f836-1f2f-4435-8768-c29aa3ca6237,2026-08-12T11:00:00Z,2026-08-12T13:00:00+0200,3151.0,MW,DK1,DK_1,forecast_load,Forecasted Load,2026-08-24T16:52:05Z
2026-08-24T16:47:48Z,2026-08-24T18:47:48+0200,1c75f836-1f2f-4435-8768-c29aa3ca6237,2026-08-12T12:00:00Z,2026-08-12T14:00:00+0200,3030.0,MW,DK1,DK_1,forecast_load,Forecasted Load,2026-08-24T16:52:05Z
2026-08-24T16:47:48Z,2026-08-24T18:47:48+0200,1c75f836-1f2f-4435-8768-c29aa3ca6237,2026-08-12T13:00:00Z,2026-08-12T15:00:00+0200,2828.0,MW,DK1,DK_1,forecast_load,Forecasted Load,2026-08-24T16:52:05Z
2026-08-24T16:47:48Z,2026-08-24T18:47:48+0200,1c75f836-1f2f-4435-8768-c29aa3ca6237,2026-08-12T14:00:00Z,2026-08-12T16:00:00+0200,2803.0,MW,DK1,DK_1,forecast_load,Forecasted Load,2026-08-24T16:52:05Z
2026-08-24T16:47:48Z,2026-08-24T18:47:48+0200,1c75f836-1f2f-4435-8768-c29aa3ca6237,2026-08-12T15:00:00Z,2026-08-12T17:00:00+0200,2861.0,MW,DK1,DK_1,forecast_load,Forecasted Load,2026-08-24T16:52:05Z
2026-08-24T16:47:48Z,2026-08-24T18:47:48+0200,1c75f836-1f2f-4435-8768-c29aa3ca6237,2026-08-12T16:00:00Z,2026-08-12T18:00:00+0200,2774.0,MW,DK1,DK_1,forecast_load,Forecasted Load,2026-08-24T16:52:05Z
2026-08-24T16:47:48Z,2026-08-24T18:47:48+0200,1c75f836-1f2f-4435-8768-c29aa3ca6237,2026-08-12T17:00:00Z,2026-08-12T19:00:00+0200,2631.0,MW,DK1,DK_1,forecast_load,Forecasted Load,2026-08-24T16:52:05Z
2026-08-24T16:47:48Z,2026-08-24T18:47:48+0200,1c75f836-1f2f-4435-8768-c29aa3ca6237,2026-08-12T18:00:00Z,2026-08-12T20:00:00+0200,2507.0,MW,DK1,DK_1,forecast_load,Forecasted Load,2026-08-24T16:52:05Z
2026-08-24T16:47:48Z,2026-08-24T18:47:48+0200,1c75f836-1f2f-4435-8768-c29aa3ca6237,2026-08-12T19:00:00Z,2026-08-12T21:00:00+0200,2485.0,MW,DK1,DK_1,forecast_load,Forecasted Load,2026-08-24T16:52:05Z
2026-08-24T16:47:48Z,2026-08-24T18:47:48+0200,1c75f836-1f2f-4435-8768-c29aa3ca6237,2026-08-12T20:00:00Z,2026-08-12T22:00:00+0200,2367.0,MW,DK1,DK_1,forecast_load,Forecasted Load,2026-08-24T16:52:05Z
2026-08-24T16:47:48Z,2026-08-24T18:47:48+0200,1c75f836-1f2f-4435-8768-c29aa3ca6237,2026-08-12T21:00:00Z,2026-08-12T23:00:00+0200,2241.0,MW,DK1,DK_1,forecast_load,Forecasted Load,2026-08-24T16:52:05Z
2026-08-24T16:47:48Z,2026-08-24T18:47:48+0200,1c75f836-1f2f-4435-8768-c29aa3ca6237,2026-08-12T22:00:00Z,2026-08-13T00:00:00+0200,2264.9,MW,DK1,DK_1,forecast_load,Forecasted Load,2026-08-24T16:52:05Z
2026-08-24T16:47:48Z,2026-08-24T18:47:48+0200,1c75f836-1f2f-4435-8768-c29aa3ca6237,2026-08-12T23:00:00Z,2026-08-13T01:00:00+0200,2237.4,MW,DK1,DK_1,forecast_load,Forecasted Load,2026-08-24T16:52:05Z
2026-08-24T16:47:48Z,2026-08-24T18:47:48+0200,1c75f836-1f2f-4435-8768-c29aa3ca6237,2026-08-13T00:00:00Z,2026-08-13T02:00:00+0200,2215.0,MW,DK1,DK_1,forecast_load,Forecasted Load,2026-08-24T16:52:05Z
2026-08-24T16:47:48Z,2026-08-24T18:47:48+0200,1c75f836-1f2f-4435-8768-c29aa3ca6237,2026-08-13T01:00:00Z,2026-08-13T03:00:00+0200,2161.4,MW,DK1,DK_1,forecast_load,Forecasted Load,2026-08-24T16:52:05Z
2026-08-24T16:47:48Z,2026-08-24T18:47:48+0200,1c75f836-1f2f-4435-8768-c29aa3ca6237,2026-08-13T02:00:00Z,2026-08-13T04:00:00+0200,2074.0,MW,DK1,DK_1,forecast_load,Forecasted Load,2026-08-24T16:52:05Z
2026-08-24T16:47:48Z,2026-08-24T18:47:48+0200,1c75f836-1f2f-4435-8768-c29aa3ca6237,2026-08-13T03:00:00Z,2026-08-13T05:00:00+0200,2085.0,MW,DK1,DK_1,forecast_load,Forecasted Load,2026-08-24T16:52:05Z
2026-08-24T16:47:48Z,2026-08-24T18:47:48+0200,1c75f836-1f2f-4435-8768-c29aa3ca6237,2026-08-13T04:00:00Z,2026-08-13T06:00:00+0200,2317.2,MW,DK1,DK_1,forecast_load,Forecasted Load,2026-08-24T16:52:05Z
2026-08-24T16:47:48Z,2026-08-24T18:47:48+0200,1c75f836-1f2f-4435-8768-c29aa3ca6237,2026-08-13T05:00:00Z,2026-08-13T07:00:00+0200,2618.6,MW,DK1,DK_1,forecast_load,Forecasted Load,2026-08-24T16:52:05Z
2026-08-24T16:47:48Z,2026-08-24T18:47:48+0200,1c75f836-1f2f-4435-8768-c29aa3ca6237,2026-08-13T06:00:00Z,2026-08-13T08:00:00+0200,2773.0,MW,DK1,DK_1,forecast_load,Forecasted Load,2026-08-24T16:52:05Z
2026-08-24T16:47:48Z,2026-08-24T18:47:48+0200,1c75f836-1f2f-4435-8768-c29aa3ca6237,2026-08-13T07:00:00Z,2026-08-13T09:00:00+0200,2804.1,MW,DK1,DK_1,forecast_load,Forecasted Load,2026-08-24T16:52:05Z
2026-08-24T16:47:48Z,2026-08-24T18:47:48+0200,1c75f836-1f2f-4435-8768-c29aa3ca6237,2026-08-13T08:00:00Z,2026-08-13T10:00:00+0200,2947.8,MW,DK1,DK_1,forecast_load,Forecasted Load,2026-08-24T16:52:05Z
2026-08-24T16:47:48Z,2026-08-24T18:47:48+0200,1c75f836-1f2f-4435-8768-c29aa3ca6237,2026-08-13T09:00:00Z,2026-08-13T11:00:00+0200,3026.3,MW,DK1,DK_1,forecast_load,Forecasted Load,2026-08-24T16:52:05Z
2026-08-24T16:47:48Z,2026-08-24T18:47:48+0200,1c75f836-1f2f-4435-8768-c29aa3ca6237,2026-08-13T10:00:00Z,2026-08-13T12:00:00+0200,3151.2,MW,DK1,DK_1,forecast_load,Forecasted Load,2026-08-24T16:52:05Z
2026-08-24T16:47:48Z,2026-08-24T18:47:48+0200,1c75f836-1f2f-4435-8768-c29aa3ca6237,2026-08-13T11:00:00Z,2026-08-13T13:00:00+0200,3176.3,MW,DK1,DK_1,forecast_load,Forecasted Load,2026-08-24T16:52:05Z
2026-08-24T16:47:48Z,2026-08-24T18:47:48+0200,1c75f836-1f2f-4435-8768-c29aa3ca6237,2026-08-13T12:00:00Z,2026-08-13T14:00:00+0200,3064.0,MW,DK1,DK_1,forecast_load,Forecasted Load,2026-08-24T16:52:05Z
2026-08-24T16:47:48Z,2026-08-24T18:47:48+0200,1c75f836-1f2f-4435-8768-c29aa3ca6237,2026-08-13T13:00:00Z,2026-08-13T15:00:00+0200,2915.7,MW,DK1,DK_1,forecast_load,Forecasted Load,2026-08-24T16:52:05Z
2026-08-24T16:47:48Z,2026-08-24T18:47:48+0200,1c75f836-1f2f-4435-8768-c29aa3ca6237,2026-08-13T14:00:00Z,2026-08-13T16:00:00+0200,2840.9,MW,DK1,DK_1,forecast_load,Forecasted Load,2026-08-24T16:52:05Z
2026-08-24T16:47:48Z,2026-08-24T18:47:48+0200,1c75f836-1f2f-4435-8768-c29aa3ca6237,2026-08-13T15:00:00Z,2026-08-13T17:00:00+0200,2844.5,MW,DK1,DK_1,forecast_load,Forecasted Load,2026-08-24T16:52:05Z
2026-08-24T16:47:48Z,2026-08-24T18:47:48+0200,1c75f836-1f2f-4435-8768-c29aa3ca6237,2026-08-13T16:00:00Z,2026-08-13T18:00:00+0200,2729.8,MW,DK1,DK_1,forecast_load,Forecasted Load,2026-08-24T16:52:05Z
2026-08-24T16:47:48Z,2026-08-24T18:47:48+0200,1c75f836-1f2f-4435-8768-c29aa3ca6237,2026-08-13T17:00:00Z,2026-08-13T19:00:00+0200,2604.8,MW,DK1,DK_1,forecast_load,Forecasted Load,2026-08-24T16:52:05Z
2026-08-24T16:47:48Z,2026-08-24T18:47:48+0200,1c75f836-1f2f-4435-8768-c29aa3ca6237,2026-08-13T18:00:00Z,2026-08-13T20:00:00+0200,2465.5,MW,DK1,DK_1,forecast_load,Forecasted Load,2026-08-24T16:52:05Z
2026-08-24T16:47:48Z,2026-08-24T18:47:48+0200,1c75f836-1f2f-4435-8768-c29aa3ca6237,2026-08-13T19:00:00Z,2026-08-13T21:00:00+0200,2439.7,MW,DK1,DK_1,forecast_load,Forecasted Load,2026-08-24T16:52:05Z
2026-08-24T16:47:48Z,2026-08-24T18:47:48+0200,1c75f836-1f2f-4435-8768-c29aa3ca6237,2026-08-13T20:00:00Z,2026-08-13T22:00:00+0200,2319.6,MW,DK1,DK_1,forecast_load,Forecasted Load,2026-08-24T16:52:05Z
2026-08-24T16:47:48Z,2026-08-24T18:47:48+0200,1c75f836-1f2f-4435-8768-c29aa3ca6237,2026-08-13T21:00:00Z,2026-08-13T23:00:00+0200,2218.1,MW,DK1,DK_1,forecast_load,Forecasted Load,2026-08-24T16:52:05Z
2026-08-24T16:47:48Z,2026-08-24T18:47:48+0200,1c75f836-1f2f-4435-8768-c29aa3ca6237,2026-08-13T22:00:00Z,2026-08-14T00:00:00+0200,2238.0,MW,DK1,DK_1,forecast_load,Forecasted Load,2026-08-24T16:52:05Z
2026-08-24T16:47:48Z,2026-08-24T18:47:48+0200,1c75f836-1f2f-4435-8768-c29aa3ca6237,2026-08-13T23:00:00Z,2026-08-14T01:00:00+0200,2244.0,MW,DK1,DK_1,forecast_load,Forecasted Load,2026-08-24T16:52:05Z
2026-08-24T16:47:48Z,2026-08-24T18:47:48+0200,1c75f836-1f2f-4435-8768-c29aa3ca6237,2026-08-14T00:00:00Z,2026-08-14T02:00:00+0200,2236.0,MW,DK1,DK_1,forecast_load,Forecasted Load,2026-08-24T16:52:05Z
2026-08-24T16:47:48Z,2026-08-24T18:47:48+0200,1c75f836-1f2f-4435-8768-c29aa3ca6237,2026-08-14T01:00:00Z,2026-08-14T03:00:00+0200,2213.0,MW,DK1,DK_1,forecast_load,Forecasted Load,2026-08-24T16:52:05Z
2026-08-24T16:47:48Z,2026-08-24T18:47:48+0200,1c75f836-1f2f-4435-8768-c29aa3ca6237,2026-08-14T02:00:00Z,2026-08-14T04:00:00+0200,2131.0,MW,DK1,DK_1,forecast_load,Forecasted Load,2026-08-24T16:52:05Z
2026-08-24T16:47:48Z,2026-08-24T18:47:48+0200,1c75f836-1f2f-4435-8768-c29aa3ca6237,2026-08-14T03:00:00Z,2026-08-14T05:00:00+0200,2109.0,MW,DK1,DK_1,forecast_load,Forecasted Load,2026-08-24T16:52:05Z
2026-08-24T16:47:48Z,2026-08-24T18:47:48+0200,1c75f836-1f2f-4435-8768-c29aa3ca6237,2026-08-14T04:00:00Z,2026-08-14T06:00:00+0200,2232.0,MW,DK1,DK_1,forecast_load,Forecasted Load,2026-08-24T16:52:05Z
2026-08-24T16:47:48Z,2026-08-24T18:47:48+0200,1c75f836-1f2f-4435-8768-c29aa3ca6237,2026-08-14T05:00:00Z,2026-08-14T07:00:00+0200,2526.0,MW,DK1,DK_1,forecast_load,Forecasted Load,2026-08-24T16:52:05Z
2026-08-24T16:47:48Z,2026-08-24T18:47:48+0200,1c75f836-1f2f-4435-8768-c29aa3ca6237,2026-08-14T06:00:00Z,2026-08-14T08:00:00+0200,2741.0,MW,DK1,DK_1,forecast_load,Forecasted Load,2026-08-24T16:52:05Z
2026-08-24T16:47:48Z,2026-08-24T18:47:48+0200,1c75f836-1f2f-4435-8768-c29aa3ca6237,2026-08-14T07:00:00Z,2026-08-14T09:00:00+0200,2802.0,MW,DK1,DK_1,forecast_load,Forecasted Load,2026-08-24T16:52:05Z
2026-08-24T16:47:48Z,2026-08-24T18:47:48+0200,1c75f836-1f2f-4435-8768-c29aa3ca6237,2026-08-14T08:00:00Z,2026-08-14T10:00:00+0200,2903.0,MW,DK1,DK_1,forecast_load,Forecasted Load,2026-08-24T16:52:05Z
2026-08-24T16:47:48Z,2026-08-24T18:47:48+0200,1c75f836-1f2f-4435-8768-c29aa3ca6237,2026-08-14T09:00:00Z,2026-08-14T11:00:00+0200,2983.0,MW,DK1,DK_1,forecast_load,Forecasted Load,2026-08-24T16:52:05Z
2026-08-24T16:47:48Z,2026-08-24T18:47:48+0200,1c75f836-1f2f-4435-8768-c29aa3ca6237,2026-08-14T10:00:00Z,2026-08-14T12:00:00+0200,2992.0,MW,DK1,DK_1,forecast_load,Forecasted Load,2026-08-24T16:52:05Z
2026-08-24T16:47:48Z,2026-08-24T18:47:48+0200,1c75f836-1f2f-4435-8768-c29aa3ca6237,2026-08-14T11:00:00Z,2026-08-14T13:00:00+0200,3029.0,MW,DK1,DK_1,forecast_load,Forecasted Load,2026-08-24T16:52:05Z
2026-08-24T16:47:48Z,2026-08-24T18:47:48+0200,1c75f836-1f2f-4435-8768-c29aa3ca6237,2026-08-14T12:00:00Z,2026-08-14T14:00:00+0200,2923.0,MW,DK1,DK_1,forecast_load,Forecasted Load,2026-08-24T16:52:05Z
2026-08-24T16:47:48Z,2026-08-24T18:47:48+0200,1c75f836-1f2f-4435-8768-c29aa3ca6237,2026-08-14T13:00:00Z,2026-08-14T15:00:00+0200,2757.0,MW,DK1,DK_1,forecast_load,Forecasted Load,2026-08-24T16:52:05Z
2026-08-24T16:47:48Z,2026-08-24T18:47:48+0200,1c75f836-1f2f-4435-8768-c29aa3ca6237,2026-08-14T14:00:00Z,2026-08-14T16:00:00+0200,2654.0,MW,DK1,DK_1,forecast_load,Forecasted Load,2026-08-24T16:52:05Z
2026-08-24T16:47:48Z,2026-08-24T18:47:48+0200,1c75f836-1f2f-4435-8768-c29aa3ca6237,2026-08-14T15:00:00Z,2026-08-14T17:00:00+0200,2651.0,MW,DK1,DK_1,forecast_load,Forecasted Load,2026-08-24T16:52:05Z
2026-08-24T16:47:48Z,2026-08-24T18:47:48+0200,1c75f836-1f2f-4435-8768-c29aa3ca6237,2026-08-14T16:00:00Z,2026-08-14T18:00:00+0200,2602.0,MW,DK1,DK_1,forecast_load,Forecasted Load,2026-08-24T16:52:05Z
2026-08-24T16:47:48Z,2026-08-24T18:47:48+0200,1c75f836-1f2f-4435-8768-c29aa3ca6237,2026-08-14T17:00:00Z,2026-08-14T19:00:00+0200,2453.0,MW,DK1,DK_1,forecast_load,Forecasted Load,2026-08-24T16:52:05Z
2026-08-24T16:47:48Z,2026-08-24T18:47:48+0200,1c75f836-1f2f-4435-8768-c29aa3ca6237,2026-08-14T18:00:00Z,2026-08-14T20:00:00+0200,2369.0,MW,DK1,DK_1,forecast_load,Forecasted Load,2026-08-24T16:52:05Z
2026-08-24T16:47:48Z,2026-08-24T18:47:48+0200,1c75f836-1f2f-4435-8768-c29aa3ca6237,2026-08-14T19:00:00Z,2026-08-14T21:00:00+0200,2310.0,MW,DK1,DK_1,forecast_load,Forecasted Load,2026-08-24T16:52:05Z
2026-08-24T16:47:48Z,2026-08-24T18:47:48+0200,1c75f836-1f2f-4435-8768-c29aa3ca6237,2026-08-14T20:00:00Z,2026-08-14T22:00:00+0200,2337.0,MW,DK1,DK_1,forecast_load,Forecasted Load,2026-08-24T16:52:05Z
2026-08-24T16:47:48Z,2026-08-24T18:47:48+0200,1c75f836-1f2f-4435-8768-c29aa3ca6237,2026-08-14T21:00:00Z,2026-08-14T23:00:00+0200,2309.0,MW,DK1,DK_1,forecast_load,Forecasted Load,2026-08-24T16:52:05Z
2026-08-24T16:47:48Z,2026-08-24T18:47:48+0200,1c75f836-1f2f-4435-8768-c29aa3ca6237,2026-08-14T22:00:00Z,2026-08-15T00:00:00+0200,2120.0,MW,DK1,DK_1,forecast_load,Forecasted Load,2026-08-24T16:52:05Z
2026-08-24T16:47:48Z,2026-08-24T18:47:48+0200,1c75f836-1f2f-4435-8768-c29aa3ca6237,2026-08-14T23:00:00Z,2026-08-15T01:00:00+0200,2066.0,MW,DK1,DK_1,forecast_load,Forecasted Load,2026-08-24T16:52:05Z
2026-08-24T16:47:48Z,2026-08-24T18:47:48+0200,1c75f836-1f2f-4435-8768-c29aa3ca6237,2026-08-15T00:00:00Z,2026-08-15T02:00:00+0200,2028.0,MW,DK1,DK_1,forecast_load,Forecasted Load,2026-08-24T16:52:05Z
2026-08-24T16:47:48Z,2026-08-24T18:47:48+0200,1c75f836-1f2f-4435-8768-c29aa3ca6237,2026-08-15T01:00:00Z,2026-08-15T03:00:00+0200,1994.0,MW,DK1,DK_1,forecast_load,Forecasted Load,2026-08-24T16:52:05Z
2026-08-24T16:47:48Z,2026-08-24T18:47:48+0200,1c75f836-1f2f-4435-8768-c29aa3ca6237,2026-08-15T02:00:00Z,2026-08-15T04:00:00+0200,1950.0,MW,DK1,DK_1,forecast_load,Forecasted Load,2026-08-24T16:52:05Z
2026-08-24T16:47:48Z,2026-08-24T18:47:48+0200,1c75f836-1f2f-4435-8768-c29aa3ca6237,2026-08-15T03:00:00Z,2026-08-15T05:00:00+0200,1926.0,MW,DK1,DK_1,forecast_load,Forecasted Load,2026-08-24T16:52:05Z
2026-08-24T16:47:48Z,2026-08-24T18:47:48+0200,1c75f836-1f2f-4435-8768-c29aa3ca6237,2026-08-15T04:00:00Z,2026-08-15T06:00:00+0200,1939.0,MW,DK1,DK_1,forecast_load,Forecasted Load,2026-08-24T16:52:05Z
2026-08-24T16:47:48Z,2026-08-24T18:47:48+0200,1c75f836-1f2f-4435-8768-c29aa3ca6237,2026-08-15T05:00:00Z,2026-08-15T07:00:00+0200,2088.0,MW,DK1,DK_1,forecast_load,Forecasted Load,2026-08-24T16:52:05Z
2026-08-24T16:47:48Z,2026-08-24T18:47:48+0200,1c75f836-1f2f-4435-8768-c29aa3ca6237,2026-08-15T06:00:00Z,2026-08-15T08:00:00+0200,2228.0,MW,DK1,DK_1,forecast_load,Forecasted Load,2026-08-24T16:52:05Z
2026-08-24T16:47:48Z,2026-08-24T18:47:48+0200,1c75f836-1f2f-4435-8768-c29aa3ca6237,2026-08-15T07:00:00Z,2026-08-15T09:00:00+0200,2248.0,MW,DK1,DK_1,forecast_load,Forecasted Load,2026-08-24T16:52:05Z
2026-08-24T16:47:48Z,2026-08-24T18:47:48+0200,1c75f836-1f2f-4435-8768-c29aa3ca6237,2026-08-15T08:00:00Z,2026-08-15T10:00:00+0200,2450.0,MW,DK1,DK_1,forecast_load,Forecasted Load,2026-08-24T16:52:05Z
2026-08-24T16:47:48Z,2026-08-24T18:47:48+0200,1c75f836-1f2f-4435-8768-c29aa3ca6237,2026-08-15T09:00:00Z,2026-08-15T11:00:00+0200,2641.0,MW,DK1,DK_1,forecast_load,Forecasted Load,2026-08-24T16:52:05Z
2026-08-24T16:47:48Z,2026-08-24T18:47:48+0200,1c75f836-1f2f-4435-8768-c29aa3ca6237,2026-08-15T10:00:00Z,2026-08-15T12:00:00+0200,2823.0,MW,DK1,DK_1,forecast_load,Forecasted Load,2026-08-24T16:52:05Z
2026-08-24T16:47:48Z,2026-08-24T18:47:48+0200,1c75f836-1f2f-4435-8768-c29aa3ca6237,2026-08-15T11:00:00Z,2026-08-15T13:00:00+0200,2891.0,MW,DK1,DK_1,forecast_load,Forecasted Load,2026-08-24T16:52:05Z
2026-08-24T16:47:48Z,2026-08-24T18:47:48+0200,1c75f836-1f2f-4435-8768-c29aa3ca6237,2026-08-15T12:00:00Z,2026-08-15T14:00:00+0200,2909.0,MW,DK1,DK_1,forecast_load,Forecasted Load,2026-08-24T16:52:05Z
2026-08-24T16:47:48Z,2026-08-24T18:47:48+0200,1c75f836-1f2f-4435-8768-c29aa3ca6237,2026-08-15T13:00:00Z,2026-08-15T15:00:00+0200,2694.0,MW,DK1,DK_1,forecast_load,Forecasted Load,2026-08-24T16:52:05Z
2026-08-24T16:47:48Z,2026-08-24T18:47:48+0200,1c75f836-1f2f-4435-8768-c29aa3ca6237,2026-08-15T14:00:00Z,2026-08-15T16:00:00+0200,2502.0,MW,DK1,DK_1,forecast_load,Forecasted Load,2026-08-24T16:52:05Z
2026-08-24T16:47:48Z,2026-08-24T18:47:48+0200,1c75f836-1f2f-4435-8768-c29aa3ca6237,2026-08-15T15:00:00Z,2026-08-15T17:00:00+0200,2443.0,MW,DK1,DK_1,forecast_load,Forecasted Load,2026-08-24T16:52:05Z
2026-08-24T16:47:48Z,2026-08-24T18:47:48+0200,1c75f836-1f2f-4435-8768-c29aa3ca6237,2026-08-15T16:00:00Z,2026-08-15T18:00:00+0200,2384.0,MW,DK1,DK_1,forecast_load,Forecasted Load,2026-08-24T16:52:05Z
2026-08-24T16:47:48Z,2026-08-24T18:47:48+0200,1c75f836-1f2f-4435-8768-c29aa3ca6237,2026-08-15T17:00:00Z,2026-08-15T19:00:00+0200,2286.0,MW,DK1,DK_1,forecast_load,Forecasted Load,2026-08-24T16:52:05Z
2026-08-24T16:47:48Z,2026-08-24T18:47:48+0200,1c75f836-1f2f-4435-8768-c29aa3ca6237,2026-08-15T18:00:00Z,2026-08-15T20:00:00+0200,2197.0,MW,DK1,DK_1,forecast_load,Forecasted Load,2026-08-24T16:52:05Z
2026-08-24T16:47:48Z,2026-08-24T18:47:48+0200,1c75f836-1f2f-4435-8768-c29aa3ca6237,2026-08-15T19:00:00Z,2026-08-15T21:00:00+0200,2116.0,MW,DK1,DK_1,forecast_load,Forecasted Load,2026-08-24T16:52:05Z
2026-08-24T16:47:48Z,2026-08-24T18:47:48+0200,1c75f836-1f2f-4435-8768-c29aa3ca6237,2026-08-15T20:00:00Z,2026-08-15T22:00:00+0200,1974.0,MW,DK1,DK_1,forecast_load,Forecasted Load,2026-08-24T16:52:05Z
2026-08-24T16:47:48Z,2026-08-24T18:47:48+0200,1c75f836-1f2f-4435-8768-c29aa3ca6237,2026-08-15T21:00:00Z,2026-08-15T23:00:00+0200,1824.0,MW,DK1,DK_1,forecast_load,Forecasted Load,2026-08-24T16:52:05Z
2026-08-24T16:47:48Z,2026-08-24T18:47:48+0200,1c75f836-1f2f-4435-8768-c29aa3ca6237,2026-08-15T22:00:00Z,2026-08-16T00:00:00+0200,1969.0,MW,DK1,DK_1,forecast_load,Forecasted Load,2026-08-24T16:52:05Z
2026-08-24T16:47:48Z,2026-08-24T18:47:48+0200,1c75f836-1f2f-4435-8768-c29aa3ca6237,2026-08-15T23:00:00Z,2026-08-16T01:00:00+0200,1936.0,MW,DK1,DK_1,forecast_load,Forecasted Load,2026-08-24T16:52:05Z
2026-08-24T16:47:48Z,2026-08-24T18:47:48+0200,1c75f836-1f2f-4435-8768-c29aa3ca6237,2026-08-16T00:00:00Z,2026-08-16T02:00:00+0200,1847.0,MW,DK1,DK_1,forecast_load,Forecasted Load,2026-08-24T16:52:05Z
2026-08-24T16:47:48Z,2026-08-24T18:47:48+0200,1c75f836-1f2f-4435-8768-c29aa3ca6237,2026-08-16T01:00:00Z,2026-08-16T03:00:00+0200,1834.0,MW,DK1,DK_1,forecast_load,Forecasted Load,2026-08-24T16:52:05Z
2026-08-24T16:47:48Z,2026-08-24T18:47:48+0200,1c75f836-1f2f-4435-8768-c29aa3ca6237,2026-08-16T02:00:00Z,2026-08-16T04:00:00+0200,1830.0,MW,DK1,DK_1,forecast_load,Forecasted Load,2026-08-24T16:52:05Z
2026-08-24T16:47:48Z,2026-08-24T18:47:48+0200,1c75f836-1f2f-4435-8768-c29aa3ca6237,2026-08-16T03:00:00Z,2026-08-16T05:00:00+0200,1789.0,MW,DK1,DK_1,forecast_load,Forecasted Load,2026-08-24T16:52:05Z
2026-08-24T16:47:48Z,2026-08-24T18:47:48+0200,1c75f836-1f2f-4435-8768-c29aa3ca6237,2026-08-16T04:00:00Z,2026-08-16T06:00:00+0200,1764.0,MW,DK1,DK_1,forecast_load,Forecasted Load,2026-08-24T16:52:05Z
2026-08-24T16:47:48Z,2026-08-24T18:47:48+0200,1c75f836-1f2f-4435-8768-c29aa3ca6237,2026-08-16T05:00:00Z,2026-08-16T07:00:00+0200,1904.0,MW,DK1,DK_1,forecast_load,Forecasted Load,2026-08-24T16:52:05Z
2026-08-24T16:47:48Z,2026-08-24T18:47:48+0200,1c75f836-1f2f-4435-8768-c29aa3ca6237,2026-08-16T06:00:00Z,2026-08-16T08:00:00+0200,2046.0,MW,DK1,DK_1,forecast_load,Forecasted Load,2026-08-24T16:52:05Z
2026-08-24T16:47:48Z,2026-08-24T18:47:48+0200,1c75f836-1f2f-4435-8768-c29aa3ca6237,2026-08-16T07:00:00Z,2026-08-16T09:00:00+0200,2197.0,MW,DK1,DK_1,forecast_load,Forecasted Load,2026-08-24T16:52:05Z
2026-08-24T16:47:48Z,2026-08-24T18:47:48+0200,1c75f836-1f2f-4435-8768-c29aa3ca6237,2026-08-16T08:00:00Z,2026-08-16T10:00:00+0200,2358.0,MW,DK1,DK_1,forecast_load,Forecasted Load,2026-08-24T16:52:05Z
2026-08-24T16:47:48Z,2026-08-24T18:47:48+0200,1c75f836-1f2f-4435-8768-c29aa3ca6237,2026-08-16T09:00:00Z,2026-08-16T11:00:00+0200,2602.0,MW,DK1,DK_1,forecast_load,Forecasted Load,2026-08-24T16:52:05Z
2026-08-24T16:47:48Z,2026-08-24T18:47:48+0200,1c75f836-1f2f-4435-8768-c29aa3ca6237,2026-08-16T10:00:00Z,2026-08-16T12:00:00+0200,2779.0,MW,DK1,DK_1,forecast_load,Forecasted Load,2026-08-24T16:52:05Z
2026-08-24T16:47:48Z,2026-08-24T18:47:48+0200,1c75f836-1f2f-4435-8768-c29aa3ca6237,2026-08-16T11:00:00Z,2026-08-16T13:00:00+0200,2946.0,MW,DK1,DK_1,forecast_load,Forecasted Load,2026-08-24T16:52:05Z
2026-08-24T16:47:48Z,2026-08-24T18:47:48+0200,1c75f836-1f2f-4435-8768-c29aa3ca6237,2026-08-16T12:00:00Z,2026-08-16T14:00:00+0200,2914.0,MW,DK1,DK_1,forecast_load,Forecasted Load,2026-08-24T16:52:05Z
2026-08-24T16:47:48Z,2026-08-24T18:47:48+0200,1c75f836-1f2f-4435-8768-c29aa3ca6237,2026-08-16T13:00:00Z,2026-08-16T15:00:00+0200,2655.0,MW,DK1,DK_1,forecast_load,Forecasted Load,2026-08-24T16:52:05Z
2026-08-24T16:47:48Z,2026-08-24T18:47:48+0200,1c75f836-1f2f-4435-8768-c29aa3ca6237,2026-08-16T14:00:00Z,2026-08-16T16:00:00+0200,2511.0,MW,DK1,DK_1,forecast_load,Forecasted Load,2026-08-24T16:52:05Z
2026-08-24T16:47:48Z,2026-08-24T18:47:48+0200,1c75f836-1f2f-4435-8768-c29aa3ca6237,2026-08-16T15:00:00Z,2026-08-16T17:00:00+0200,2623.0,MW,DK1,DK_1,forecast_load,Forecasted Load,2026-08-24T16:52:05Z
2026-08-24T16:47:48Z,2026-08-24T18:47:48+0200,1c75f836-1f2f-4435-8768-c29aa3ca6237,2026-08-16T16:00:00Z,2026-08-16T18:00:00+0200,2564.0,MW,DK1,DK_1,forecast_load,Forecasted Load,2026-08-24T16:52:05Z
2026-08-24T16:47:48Z,2026-08-24T18:47:48+0200,1c75f836-1f2f-4435-8768-c29aa3ca6237,2026-08-16T17:00:00Z,2026-08-16T19:00:00+0200,2367.0,MW,DK1,DK_1,forecast_load,Forecasted Load,2026-08-24T16:52:05Z
2026-08-24T16:47:48Z,2026-08-24T18:47:48+0200,1c75f836-1f2f-4435-8768-c29aa3ca6237,2026-08-16T18:00:00Z,2026-08-16T20:00:00+0200,2296.0,MW,DK1,DK_1,forecast_load,Forecasted Load,2026-08-24T16:52:05Z
2026-08-24T16:47:48Z,2026-08-24T18:47:48+0200,1c75f836-1f2f-4435-8768-c29aa3ca6237,2026-08-16T19:00:00Z,2026-08-16T21:00:00+0200,2295.0,MW,DK1,DK_1,forecast_load,Forecasted Load,2026-08-24T16:52:05Z
2026-08-24T16:47:48Z,2026-08-24T18:47:48+0200,1c75f836-1f2f-4435-8768-c29aa3ca6237,2026-08-16T20:00:00Z,2026-08-16T22:00:00+0200,2251.0,MW,DK1,DK_1,forecast_load,Forecasted Load,2026-08-24T16:52:05Z
2026-08-24T16:47:48Z,2026-08-24T18:47:48+0200,1c75f836-1f2f-4435-8768-c29aa3ca6237,2026-08-16T21:00:00Z,2026-08-16T23:00:00+0200,2220.0,MW,DK1,DK_1,forecast_load,Forecasted Load,2026-08-24T16:52:05Z
2026-08-24T16:47:48Z,2026-08-24T18:47:48+0200,1c75f836-1f2f-4435-8768-c29aa3ca6237,2026-08-16T22:00:00Z,2026-08-17T00:00:00+0200,2072.0,MW,DK1,DK_1,forecast_load,Forecasted Load,2026-08-24T16:52:05Z
2026-08-24T16:47:48Z,2026-08-24T18:47:48+0200,1c75f836-1f2f-4435-8768-c29aa3ca6237,2026-08-16T23:00:00Z,2026-08-17T01:00:00+0200,2058.0,MW,DK1,DK_1,forecast_load,Forecasted Load,2026-08-24T16:52:05Z
2026-08-24T16:47:48Z,2026-08-24T18:47:48+0200,1c75f836-1f2f-4435-8768-c29aa3ca6237,2026-08-17T00:00:00Z,2026-08-17T02:00:00+0200,2077.0,MW,DK1,DK_1,forecast_load,Forecasted Load,2026-08-24T16:52:05Z
2026-08-24T16:47:48Z,2026-08-24T18:47:48+0200,1c75f836-1f2f-4435-8768-c29aa3ca6237,2026-08-17T01:00:00Z,2026-08-17T03:00:00+0200,2053.0,MW,DK1,DK_1,forecast_load,Forecasted Load,2026-08-24T16:52:05Z
2026-08-24T16:47:48Z,2026-08-24T18:47:48+0200,1c75f836-1f2f-4435-8768-c29aa3ca6237,2026-08-17T02:00:00Z,2026-08-17T04:00:00+0200,2061.0,MW,DK1,DK_1,forecast_load,Forecasted Load,2026-08-24T16:52:05Z
2026-08-24T16:47:48Z,2026-08-24T18:47:48+0200,1c75f836-1f2f-4435-8768-c29aa3ca6237,2026-08-17T03:00:00Z,2026-08-17T05:00:00+0200,2101.0,MW,DK1,DK_1,forecast_load,Forecasted Load,2026-08-24T16:52:05Z
2026-08-24T16:47:48Z,2026-08-24T18:47:48+0200,1c75f836-1f2f-4435-8768-c29aa3ca6237,2026-08-17T04:00:00Z,2026-08-17T06:00:00+0200,2294.0,MW,DK1,DK_1,forecast_load,Forecasted Load,2026-08-24T16:52:05Z
2026-08-24T16:47:48Z,2026-08-24T18:47:48+0200,1c75f836-1f2f-4435-8768-c29aa3ca6237,2026-08-17T05:00:00Z,2026-08-17T07:00:00+0200,2563.0,MW,DK1,DK_1,forecast_load,Forecasted Load,2026-08-24T16:52:05Z
2026-08-24T16:47:48Z,2026-08-24T18:47:48+0200,1c75f836-1f2f-4435-8768-c29aa3ca6237,2026-08-17T06:00:00Z,2026-08-17T08:00:00+0200,2756.0,MW,DK1,DK_1,forecast_load,Forecasted Load,2026-08-24T16:52:05Z
2026-08-24T16:47:48Z,2026-08-24T18:47:48+0200,1c75f836-1f2f-4435-8768-c29aa3ca6237,2026-08-17T07:00:00Z,2026-08-17T09:00:00+0200,2840.0,MW,DK1,DK_1,forecast_load,Forecasted Load,2026-08-24T16:52:05Z
2026-08-24T16:47:48Z,2026-08-24T18:47:48+0200,1c75f836-1f2f-4435-8768-c29aa3ca6237,2026-08-17T08:00:00Z,2026-08-17T10:00:00+0200,2917.0,MW,DK1,DK_1,forecast_load,Forecasted Load,2026-08-24T16:52:05Z
2026-08-24T16:47:48Z,2026-08-24T18:47:48+0200,1c75f836-1f2f-4435-8768-c29aa3ca6237,2026-08-17T09:00:00Z,2026-08-17T11:00:00+0200,2944.0,MW,DK1,DK_1,forecast_load,Forecasted Load,2026-08-24T16:52:05Z
2026-08-24T16:47:48Z,2026-08-24T18:47:48+0200,1c75f836-1f2f-4435-8768-c29aa3ca6237,2026-08-17T10:00:00Z,2026-08-17T12:00:00+0200,2960.0,MW,DK1,DK_1,forecast_load,Forecasted Load,2026-08-24T16:52:05Z
2026-08-24T16:47:48Z,2026-08-24T18:47:48+0200,1c75f836-1f2f-4435-8768-c29aa3ca6237,2026-08-17T11:00:00Z,2026-08-17T13:00:00+0200,2929.0,MW,DK1,DK_1,forecast_load,Forecasted Load,2026-08-24T16:52:05Z
2026-08-24T16:47:48Z,2026-08-24T18:47:48+0200,1c75f836-1f2f-4435-8768-c29aa3ca6237,2026-08-17T12:00:00Z,2026-08-17T14:00:00+0200,2837.0,MW,DK1,DK_1,forecast_load,Forecasted Load,2026-08-24T16:52:05Z
2026-08-24T16:47:48Z,2026-08-24T18:47:48+0200,1c75f836-1f2f-4435-8768-c29aa3ca6237,2026-08-17T13:00:00Z,2026-08-17T15:00:00+0200,2834.0,MW,DK1,DK_1,forecast_load,Forecasted Load,2026-08-24T16:52:05Z
2026-08-24T16:47:48Z,2026-08-24T18:47:48+0200,1c75f836-1f2f-4435-8768-c29aa3ca6237,2026-08-17T14:00:00Z,2026-08-17T16:00:00+0200,2831.0,MW,DK1,DK_1,forecast_load,Forecasted Load,2026-08-24T16:52:05Z
2026-08-24T16:47:48Z,2026-08-24T18:47:48+0200,1c75f836-1f2f-4435-8768-c29aa3ca6237,2026-08-17T15:00:00Z,2026-08-17T17:00:00+0200,2940.0,MW,DK1,DK_1,forecast_load,Forecasted Load,2026-08-24T16:52:05Z
2026-08-24T16:47:48Z,2026-08-24T18:47:48+0200,1c75f836-1f2f-4435-8768-c29aa3ca6237,2026-08-17T16:00:00Z,2026-08-17T18:00:00+0200,2822.0,MW,DK1,DK_1,forecast_load,Forecasted Load,2026-08-24T16:52:05Z
2026-08-24T16:47:48Z,2026-08-24T18:47:48+0200,1c75f836-1f2f-4435-8768-c29aa3ca6237,2026-08-17T17:00:00Z,2026-08-17T19:00:00+0200,2712.0,MW,DK1,DK_1,forecast_load,Forecasted Load,2026-08-24T16:52:05Z
2026-08-24T16:47:48Z,2026-08-24T18:47:48+0200,1c75f836-1f2f-4435-8768-c29aa3ca6237,2026-08-17T18:00:00Z,2026-08-17T20:00:00+0200,2595.0,MW,DK1,DK_1,forecast_load,Forecasted Load,2026-08-24T16:52:05Z
2026-08-24T16:47:48Z,2026-08-24T18:47:48+0200,1c75f836-1f2f-4435-8768-c29aa3ca6237,2026-08-17T19:00:00Z,2026-08-17T21:00:00+0200,2557.0,MW,DK1,DK_1,forecast_load,Forecasted Load,2026-08-24T16:52:05Z
2026-08-24T16:47:48Z,2026-08-24T18:47:48+0200,1c75f836-1f2f-4435-8768-c29aa3ca6237,2026-08-17T20:00:00Z,2026-08-17T22:00:00+0200,2573.0,MW,DK1,DK_1,forecast_load,Forecasted Load,2026-08-24T16:52:05Z
2026-08-24T16:47:48Z,2026-08-24T18:47:48+0200,1c75f836-1f2f-4435-8768-c29aa3ca6237,2026-08-17T21:00:00Z,2026-08-17T23:00:00+0200,2506.0,MW,DK1,DK_1,forecast_load,Forecasted Load,2026-08-24T16:52:05Z
2026-08-24T16:47:48Z,2026-08-24T18:47:48+0200,1c75f836-1f2f-4435-8768-c29aa3ca6237,2026-08-17T22:00:00Z,2026-08-18T00:00:00+0200,2172.0,MW,DK1,DK_1,forecast_load,Forecasted Load,2026-08-24T16:52:05Z
2026-08-24T16:47:48Z,2026-08-24T18:47:48+0200,1c75f836-1f2f-4435-8768-c29aa3ca6237,2026-08-17T23:00:00Z,2026-08-18T01:00:00+0200,2175.0,MW,DK1,DK_1,forecast_load,Forecasted Load,2026-08-24T16:52:05Z
2026-08-24T16:47:48Z,2026-08-24T18:47:48+0200,1c75f836-1f2f-4435-8768-c29aa3ca6237,2026-08-18T00:00:00Z,2026-08-18T02:00:00+0200,2215.0,MW,DK1,DK_1,forecast_load,Forecasted Load,2026-08-24T16:52:05Z
2026-08-24T16:47:48Z,2026-08-24T18:47:48+0200,1c75f836-1f2f-4435-8768-c29aa3ca6237,2026-08-18T01:00:00Z,2026-08-18T03:00:00+0200,2172.0,MW,DK1,DK_1,forecast_load,Forecasted Load,2026-08-24T16:52:05Z
2026-08-24T16:47:48Z,2026-08-24T18:47:48+0200,1c75f836-1f2f-4435-8768-c29aa3ca6237,2026-08-18T02:00:00Z,2026-08-18T04:00:00+0200,2121.0,MW,DK1,DK_1,forecast_load,Forecasted Load,2026-08-24T16:52:05Z
2026-08-24T16:47:48Z,2026-08-24T18:47:48+0200,1c75f836-1f2f-4435-8768-c29aa3ca6237,2026-08-18T03:00:00Z,2026-08-18T05:00:00+0200,2113.0,MW,DK1,DK_1,forecast_load,Forecasted Load,2026-08-24T16:52:05Z
2026-08-24T16:47:48Z,2026-08-24T18:47:48+0200,1c75f836-1f2f-4435-8768-c29aa3ca6237,2026-08-18T04:00:00Z,2026-08-18T06:00:00+0200,2353.0,MW,DK1,DK_1,forecast_load,Forecasted Load,2026-08-24T16:52:05Z
2026-08-24T16:47:48Z,2026-08-24T18:47:48+0200,1c75f836-1f2f-4435-8768-c29aa3ca6237,2026-08-18T05:00:00Z,2026-08-18T07:00:00+0200,2640.0,MW,DK1,DK_1,forecast_load,Forecasted Load,2026-08-24T16:52:05Z
2026-08-24T16:47:48Z,2026-08-24T18:47:48+0200,1c75f836-1f2f-4435-8768-c29aa3ca6237,2026-08-18T06:00:00Z,2026-08-18T08:00:00+0200,2785.0,MW,DK1,DK_1,forecast_load,Forecasted Load,2026-08-24T16:52:05Z
2026-08-24T16:47:48Z,2026-08-24T18:47:48+0200,1c75f836-1f2f-4435-8768-c29aa3ca6237,2026-08-18T07:00:00Z,2026-08-18T09:00:00+0200,2790.0,MW,DK1,DK_1,forecast_load,Forecasted Load,2026-08-24T16:52:05Z
2026-08-24T16:47:48Z,2026-08-24T18:47:48+0200,1c75f836-1f2f-4435-8768-c29aa3ca6237,2026-08-18T08:00:00Z,2026-08-18T10:00:00+0200,2888.0,MW,DK1,DK_1,forecast_load,Forecasted Load,2026-08-24T16:52:05Z
2026-08-24T16:47:48Z,2026-08-24T18:47:48+0200,1c75f836-1f2f-4435-8768-c29aa3ca6237,2026-08-18T09:00:00Z,2026-08-18T11:00:00+0200,2897.0,MW,DK1,DK_1,forecast_load,Forecasted Load,2026-08-24T16:52:05Z
2026-08-24T16:47:48Z,2026-08-24T18:47:48+0200,1c75f836-1f2f-4435-8768-c29aa3ca6237,2026-08-18T10:00:00Z,2026-08-18T12:00:00+0200,2937.0,MW,DK1,DK_1,forecast_load,Forecasted Load,2026-08-24T16:52:05Z
2026-08-24T16:47:48Z,2026-08-24T18:47:48+0200,1c75f836-1f2f-4435-8768-c29aa3ca6237,2026-08-18T11:00:00Z,2026-08-18T13:00:00+0200,2965.0,MW,DK1,DK_1,forecast_load,Forecasted Load,2026-08-24T16:52:05Z
2026-08-24T16:47:48Z,2026-08-24T18:47:48+0200,1c75f836-1f2f-4435-8768-c29aa3ca6237,2026-08-18T12:00:00Z,2026-08-18T14:00:00+0200,2879.0,MW,DK1,DK_1,forecast_load,Forecasted Load,2026-08-24T16:52:05Z
2026-08-24T16:47:48Z,2026-08-24T18:47:48+0200,1c75f836-1f2f-4435-8768-c29aa3ca6237,2026-08-18T13:00:00Z,2026-08-18T15:00:00+0200,2796.0,MW,DK1,DK_1,forecast_load,Forecasted Load,2026-08-24T16:52:05Z
2026-08-24T16:47:48Z,2026-08-24T18:47:48+0200,1c75f836-1f2f-4435-8768-c29aa3ca6237,2026-08-18T14:00:00Z,2026-08-18T16:00:00+0200,2753.0,MW,DK1,DK_1,forecast_load,Forecasted Load,2026-08-24T16:52:05Z
2026-08-24T16:47:48Z,2026-08-24T18:47:48+0200,1c75f836-1f2f-4435-8768-c29aa3ca6237,2026-08-18T15:00:00Z,2026-08-18T17:00:00+0200,2839.0,MW,DK1,DK_1,forecast_load,Forecasted Load,2026-08-24T16:52:05Z
2026-08-24T16:47:48Z,2026-08-24T18:47:48+0200,1c75f836-1f2f-4435-8768-c29aa3ca6237,2026-08-18T16:00:00Z,2026-08-18T18:00:00+0200,2801.0,MW,DK1,DK_1,forecast_load,Forecasted Load,2026-08-24T16:52:05Z
2026-08-24T16:47:48Z,2026-08-24T18:47:48+0200,1c75f836-1f2f-4435-8768-c29aa3ca6237,2026-08-18T17:00:00Z,2026-08-18T19:00:00+0200,2596.0,MW,DK1,DK_1,forecast_load,Forecasted Load,2026-08-24T16:52:05Z
2026-08-24T16:47:48Z,2026-08-24T18:47:48+0200,1c75f836-1f2f-4435-8768-c29aa3ca6237,2026-08-18T18:00:00Z,2026-08-18T20:00:00+0200,2491.0,MW,DK1,DK_1,forecast_load,Forecasted Load,2026-08-24T16:52:05Z
2026-08-24T16:47:48Z,2026-08-24T18:47:48+0200,1c75f836-1f2f-4435-8768-c29aa3ca6237,2026-08-18T19:00:00Z,2026-08-18T21:00:00+0200,2422.0,MW,DK1,DK_1,forecast_load,Forecasted Load,2026-08-24T16:52:05Z
2026-08-24T16:47:48Z,2026-08-24T18:47:48+0200,1c75f836-1f2f-4435-8768-c29aa3ca6237,2026-08-18T20:00:00Z,2026-08-18T22:00:00+0200,2290.0,MW,DK1,DK_1,forecast_load,Forecasted Load,2026-08-24T16:52:05Z
2026-08-24T16:47:48Z,2026-08-24T18:47:48+0200,1c75f836-1f2f-4435-8768-c29aa3ca6237,2026-08-18T21:00:00Z,2026-08-18T23:00:00+0200,2186.0,MW,DK1,DK_1,forecast_load,Forecasted Load,2026-08-24T16:52:05Z
2026-08-24T16:47:48Z,2026-08-24T18:47:48+0200,1c75f836-1f2f-4435-8768-c29aa3ca6237,2026-08-18T22:00:00Z,2026-08-19T00:00:00+0200,2227.0,MW,DK1,DK_1,forecast_load,Forecasted Load,2026-08-24T16:52:05Z
2026-08-24T16:47:48Z,2026-08-24T18:47:48+0200,1c75f836-1f2f-4435-8768-c29aa3ca6237,2026-08-18T23:00:00Z,2026-08-19T01:00:00+0200,2220.0,MW,DK1,DK_1,forecast_load,Forecasted Load,2026-08-24T16:52:05Z
2026-08-24T16:47:48Z,2026-08-24T18:47:48+0200,1c75f836-1f2f-4435-8768-c29aa3ca6237,2026-08-19T00:00:00Z,2026-08-19T02:00:00+0200,2235.0,MW,DK1,DK_1,forecast_load,Forecasted Load,2026-08-24T16:52:05Z
2026-08-24T16:47:48Z,2026-08-24T18:47:48+0200,1c75f836-1f2f-4435-8768-c29aa3ca6237,2026-08-19T01:00:00Z,2026-08-19T03:00:00+0200,2193.0,MW,DK1,DK_1,forecast_load,Forecasted Load,2026-08-24T16:52:05Z
2026-08-24T16:47:48Z,2026-08-24T18:47:48+0200,1c75f836-1f2f-4435-8768-c29aa3ca6237,2026-08-19T02:00:00Z,2026-08-19T04:00:00+0200,2147.0,MW,DK1,DK_1,forecast_load,Forecasted Load,2026-08-24T16:52:05Z
2026-08-24T16:47:48Z,2026-08-24T18:47:48+0200,1c75f836-1f2f-4435-8768-c29aa3ca6237,2026-08-19T03:00:00Z,2026-08-19T05:00:00+0200,2148.0,MW,DK1,DK_1,forecast_load,Forecasted Load,2026-08-24T16:52:05Z
2026-08-24T16:47:48Z,2026-08-24T18:47:48+0200,1c75f836-1f2f-4435-8768-c29aa3ca6237,2026-08-19T04:00:00Z,2026-08-19T06:00:00+0200,2381.0,MW,DK1,DK_1,forecast_load,Forecasted Load,2026-08-24T16:52:05Z
2026-08-24T16:47:48Z,2026-08-24T18:47:48+0200,1c75f836-1f2f-4435-8768-c29aa3ca6237,2026-08-19T05:00:00Z,2026-08-19T07:00:00+0200,2662.0,MW,DK1,DK_1,forecast_load,Forecasted Load,2026-08-24T16:52:05Z
2026-08-24T16:47:48Z,2026-08-24T18:47:48+0200,1c75f836-1f2f-4435-8768-c29aa3ca6237,2026-08-19T06:00:00Z,2026-08-19T08:00:00+0200,2809.0,MW,DK1,DK_1,forecast_load,Forecasted Load,2026-08-24T16:52:05Z
2026-08-24T16:47:48Z,2026-08-24T18:47:48+0200,1c75f836-1f2f-4435-8768-c29aa3ca6237,2026-08-19T07:00:00Z,2026-08-19T09:00:00+0200,2891.0,MW,DK1,DK_1,forecast_load,Forecasted Load,2026-08-24T16:52:05Z
2026-08-24T16:47:48Z,2026-08-24T18:47:48+0200,1c75f836-1f2f-4435-8768-c29aa3ca6237,2026-08-19T08:00:00Z,2026-08-19T10:00:00+0200,2998.0,MW,DK1,DK_1,forecast_load,Forecasted Load,2026-08-24T16:52:05Z
2026-08-24T16:47:48Z,2026-08-24T18:47:48+0200,1c75f836-1f2f-4435-8768-c29aa3ca6237,2026-08-19T09:00:00Z,2026-08-19T11:00:00+0200,3038.0,MW,DK1,DK_1,forecast_load,Forecasted Load,2026-08-24T16:52:05Z
2026-08-24T16:47:48Z,2026-08-24T18:47:48+0200,1c75f836-1f2f-4435-8768-c29aa3ca6237,2026-08-19T10:00:00Z,2026-08-19T12:00:00+0200,3032.0,MW,DK1,DK_1,forecast_load,Forecasted Load,2026-08-24T16:52:05Z
2026-08-24T16:47:48Z,2026-08-24T18:47:48+0200,1c75f836-1f2f-4435-8768-c29aa3ca6237,2026-08-19T11:00:00Z,2026-08-19T13:00:00+0200,3098.0,MW,DK1,DK_1,forecast_load,Forecasted Load,2026-08-24T16:52:05Z
2026-08-24T16:47:48Z,2026-08-24T18:47:48+0200,1c75f836-1f2f-4435-8768-c29aa3ca6237,2026-08-19T12:00:00Z,2026-08-19T14:00:00+0200,3070.0,MW,DK1,DK_1,forecast_load,Forecasted Load,2026-08-24T16:52:05Z
2026-08-24T16:47:48Z,2026-08-24T18:47:48+0200,1c75f836-1f2f-4435-8768-c29aa3ca6237,2026-08-19T13:00:00Z,2026-08-19T15:00:00+0200,3007.0,MW,DK1,DK_1,forecast_load,Forecasted Load,2026-08-24T16:52:05Z
2026-08-24T16:47:48Z,2026-08-24T18:47:48+0200,1c75f836-1f2f-4435-8768-c29aa3ca6237,2026-08-19T14:00:00Z,2026-08-19T16:00:00+0200,2890.0,MW,DK1,DK_1,forecast_load,Forecasted Load,2026-08-24T16:52:05Z
2026-08-24T16:47:48Z,2026-08-24T18:47:48+0200,1c75f836-1f2f-4435-8768-c29aa3ca6237,2026-08-19T15:00:00Z,2026-08-19T17:00:00+0200,2872.0,MW,DK1,DK_1,forecast_load,Forecasted Load,2026-08-24T16:52:05Z
2026-08-24T16:47:48Z,2026-08-24T18:47:48+0200,1c75f836-1f2f-4435-8768-c29aa3ca6237,2026-08-19T16:00:00Z,2026-08-19T18:00:00+0200,2777.0,MW,DK1,DK_1,forecast_load,Forecasted Load,2026-08-24T16:52:05Z
2026-08-24T16:47:48Z,2026-08-24T18:47:48+0200,1c75f836-1f2f-4435-8768-c29aa3ca6237,2026-08-19T17:00:00Z,2026-08-19T19:00:00+0200,2570.0,MW,DK1,DK_1,forecast_load,Forecasted Load,2026-08-24T16:52:05Z
2026-08-24T16:47:48Z,2026-08-24T18:47:48+0200,1c75f836-1f2f-4435-8768-c29aa3ca6237,2026-08-19T18:00:00Z,2026-08-19T20:00:00+0200,2440.0,MW,DK1,DK_1,forecast_load,Forecasted Load,2026-08-24T16:52:05Z
2026-08-24T16:47:48Z,2026-08-24T18:47:48+0200,1c75f836-1f2f-4435-8768-c29aa3ca6237,2026-08-19T19:00:00Z,2026-08-19T21:00:00+0200,2357.0,MW,DK1,DK_1,forecast_load,Forecasted Load,2026-08-24T16:52:05Z
2026-08-24T16:47:48Z,2026-08-24T18:47:48+0200,1c75f836-1f2f-4435-8768-c29aa3ca6237,2026-08-19T20:00:00Z,2026-08-19T22:00:00+0200,2229.0,MW,DK1,DK_1,forecast_load,Forecasted Load,2026-08-24T16:52:05Z
2026-08-24T16:47:48Z,2026-08-24T18:47:48+0200,1c75f836-1f2f-4435-8768-c29aa3ca6237,2026-08-19T21:00:00Z,2026-08-19T23:00:00+0200,2129.0,MW,DK1,DK_1,forecast_load,Forecasted Load,2026-08-24T16:52:05Z
2026-08-24T16:47:48Z,2026-08-24T18:47:48+0200,1c75f836-1f2f-4435-8768-c29aa3ca6237,2026-08-19T22:00:00Z,2026-08-20T00:00:00+0200,2184.0,MW,DK1,DK_1,forecast_load,Forecasted Load,2026-08-24T16:52:05Z
2026-08-24T16:47:48Z,2026-08-24T18:47:48+0200,1c75f836-1f2f-4435-8768-c29aa3ca6237,2026-08-19T23:00:00Z,2026-08-20T01:00:00+0200,2179.0,MW,DK1,DK_1,forecast_load,Forecasted Load,2026-08-24T16:52:05Z
2026-08-24T16:47:48Z,2026-08-24T18:47:48+0200,1c75f836-1f2f-4435-8768-c29aa3ca6237,2026-08-20T00:00:00Z,2026-08-20T02:00:00+0200,2192.0,MW,DK1,DK_1,forecast_load,Forecasted Load,2026-08-24T16:52:05Z
2026-08-24T16:47:48Z,2026-08-24T18:47:48+0200,1c75f836-1f2f-4435-8768-c29aa3ca6237,2026-08-20T01:00:00Z,2026-08-20T03:00:00+0200,2190.0,MW,DK1,DK_1,forecast_load,Forecasted Load,2026-08-24T16:52:05Z
2026-08-24T16:47:48Z,2026-08-24T18:47:48+0200,1c75f836-1f2f-4435-8768-c29aa3ca6237,2026-08-20T02:00:00Z,2026-08-20T04:00:00+0200,2138.0,MW,DK1,DK_1,forecast_load,Forecasted Load,2026-08-24T16:52:05Z
2026-08-24T16:47:48Z,2026-08-24T18:47:48+0200,1c75f836-1f2f-4435-8768-c29aa3ca6237,2026-08-20T03:00:00Z,2026-08-20T05:00:00+0200,2114.0,MW,DK1,DK_1,forecast_load,Forecasted Load,2026-08-24T16:52:05Z
2026-08-24T16:47:48Z,2026-08-24T18:47:48+0200,1c75f836-1f2f-4435-8768-c29aa3ca6237,2026-08-20T04:00:00Z,2026-08-20T06:00:00+0200,2362.0,MW,DK1,DK_1,forecast_load,Forecasted Load,2026-08-24T16:52:05Z
2026-08-24T16:47:48Z,2026-08-24T18:47:48+0200,1c75f836-1f2f-4435-8768-c29aa3ca6237,2026-08-20T05:00:00Z,2026-08-20T07:00:00+0200,2612.0,MW,DK1,DK_1,forecast_load,Forecasted Load,2026-08-24T16:52:05Z
2026-08-24T16:47:48Z,2026-08-24T18:47:48+0200,1c75f836-1f2f-4435-8768-c29aa3ca6237,2026-08-20T06:00:00Z,2026-08-20T08:00:00+0200,2757.0,MW,DK1,DK_1,forecast_load,Forecasted Load,2026-08-24T16:52:05Z
2026-08-24T16:47:48Z,2026-08-24T18:47:48+0200,1c75f836-1f2f-4435-8768-c29aa3ca6237,2026-08-20T07:00:00Z,2026-08-20T09:00:00+0200,2794.0,MW,DK1,DK_1,forecast_load,Forecasted Load,2026-08-24T16:52:05Z
2026-08-24T16:47:48Z,2026-08-24T18:47:48+0200,1c75f836-1f2f-4435-8768-c29aa3ca6237,2026-08-20T08:00:00Z,2026-08-20T10:00:00+0200,2898.0,MW,DK1,DK_1,forecast_load,Forecasted Load,2026-08-24T16:52:05Z
2026-08-24T16:47:48Z,2026-08-24T18:47:48+0200,1c75f836-1f2f-4435-8768-c29aa3ca6237,2026-08-20T09:00:00Z,2026-08-20T11:00:00+0200,2970.0,MW,DK1,DK_1,forecast_load,Forecasted Load,2026-08-24T16:52:05Z
2026-08-24T16:47:48Z,2026-08-24T18:47:48+0200,1c75f836-1f2f-4435-8768-c29aa3ca6237,2026-08-20T10:00:00Z,2026-08-20T12:00:00+0200,3024.0,MW,DK1,DK_1,forecast_load,Forecasted Load,2026-08-24T16:52:05Z
2026-08-24T16:47:48Z,2026-08-24T18:47:48+0200,1c75f836-1f2f-4435-8768-c29aa3ca6237,2026-08-20T11:00:00Z,2026-08-20T13:00:00+0200,3159.0,MW,DK1,DK_1,forecast_load,Forecasted Load,2026-08-24T16:52:05Z
2026-08-24T16:47:48Z,2026-08-24T18:47:48+0200,1c75f836-1f2f-4435-8768-c29aa3ca6237,2026-08-20T12:00:00Z,2026-08-20T14:00:00+0200,3146.0,MW,DK1,DK_1,forecast_load,Forecasted Load,2026-08-24T16:52:05Z
2026-08-24T16:47:48Z,2026-08-24T18:47:48+0200,1c75f836-1f2f-4435-8768-c29aa3ca6237,2026-08-20T13:00:00Z,2026-08-20T15:00:00+0200,2961.0,MW,DK1,DK_1,forecast_load,Forecasted Load,2026-08-24T16:52:05Z
2026-08-24T16:47:48Z,2026-08-24T18:47:48+0200,1c75f836-1f2f-4435-8768-c29aa3ca6237,2026-08-20T14:00:00Z,2026-08-20T16:00:00+0200,2883.0,MW,DK1,DK_1,forecast_load,Forecasted Load,2026-08-24T16:52:05Z
2026-08-24T16:47:48Z,2026-08-24T18:47:48+0200,1c75f836-1f2f-4435-8768-c29aa3ca6237,2026-08-20T15:00:00Z,2026-08-20T17:00:00+0200,2907.0,MW,DK1,DK_1,forecast_load,Forecasted Load,2026-08-24T16:52:05Z
2026-08-24T16:47:48Z,2026-08-24T18:47:48+0200,1c75f836-1f2f-4435-8768-c29aa3ca6237,2026-08-20T16:00:00Z,2026-08-20T18:00:00+0200,2843.0,MW,DK1,DK_1,forecast_load,Forecasted Load,2026-08-24T16:52:05Z
2026-08-24T16:47:48Z,2026-08-24T18:47:48+0200,1c75f836-1f2f-4435-8768-c29aa3ca6237,2026-08-20T17:00:00Z,2026-08-20T19:00:00+0200,2660.0,MW,DK1,DK_1,forecast_load,Forecasted Load,2026-08-24T16:52:05Z
2026-08-24T16:47:48Z,2026-08-24T18:47:48+0200,1c75f836-1f2f-4435-8768-c29aa3ca6237,2026-08-20T18:00:00Z,2026-08-20T20:00:00+0200,2501.0,MW,DK1,DK_1,forecast_load,Forecasted Load,2026-08-24T16:52:05Z
2026-08-24T16:47:48Z,2026-08-24T18:47:48+0200,1c75f836-1f2f-4435-8768-c29aa3ca6237,2026-08-20T19:00:00Z,2026-08-20T21:00:00+0200,2430.0,MW,DK1,DK_1,forecast_load,Forecasted Load,2026-08-24T16:52:05Z
2026-08-24T16:47:48Z,2026-08-24T18:47:48+0200,1c75f836-1f2f-4435-8768-c29aa3ca6237,2026-08-20T20:00:00Z,2026-08-20T22:00:00+0200,2292.0,MW,DK1,DK_1,forecast_load,Forecasted Load,2026-08-24T16:52:05Z
2026-08-24T16:47:48Z,2026-08-24T18:47:48+0200,1c75f836-1f2f-4435-8768-c29aa3ca6237,2026-08-20T21:00:00Z,2026-08-20T23:00:00+0200,2177.0,MW,DK1,DK_1,forecast_load,Forecasted Load,2026-08-24T16:52:05Z
2026-08-24T16:47:48Z,2026-08-24T18:47:48+0200,1c75f836-1f2f-4435-8768-c29aa3ca6237,2026-08-20T22:00:00Z,2026-08-21T00:00:00+0200,2204.0,MW,DK1,DK_1,forecast_load,Forecasted Load,2026-08-24T16:52:05Z
2026-08-24T16:47:48Z,2026-08-24T18:47:48+0200,1c75f836-1f2f-4435-8768-c29aa3ca6237,2026-08-20T23:00:00Z,2026-08-21T01:00:00+0200,2217.0,MW,DK1,DK_1,forecast_load,Forecasted Load,2026-08-24T16:52:05Z
2026-08-24T16:47:48Z,2026-08-24T18:47:48+0200,1c75f836-1f2f-4435-8768-c29aa3ca6237,2026-08-21T00:00:00Z,2026-08-21T02:00:00+0200,2250.0,MW,DK1,DK_1,forecast_load,Forecasted Load,2026-08-24T16:52:05Z
2026-08-24T16:47:48Z,2026-08-24T18:47:48+0200,1c75f836-1f2f-4435-8768-c29aa3ca6237,2026-08-21T01:00:00Z,2026-08-21T03:00:00+0200,2256.0,MW,DK1,DK_1,forecast_load,Forecasted Load,2026-08-24T16:52:05Z
2026-08-24T16:47:48Z,2026-08-24T18:47:48+0200,1c75f836-1f2f-4435-8768-c29aa3ca6237,2026-08-21T02:00:00Z,2026-08-21T04:00:00+0200,2152.0,MW,DK1,DK_1,forecast_load,Forecasted Load,2026-08-24T16:52:05Z
2026-08-24T16:47:48Z,2026-08-24T18:47:48+0200,1c75f836-1f2f-4435-8768-c29aa3ca6237,2026-08-21T03:00:00Z,2026-08-21T05:00:00+0200,2129.0,MW,DK1,DK_1,forecast_load,Forecasted Load,2026-08-24T16:52:05Z
2026-08-24T16:47:48Z,2026-08-24T18:47:48+0200,1c75f836-1f2f-4435-8768-c29aa3ca6237,2026-08-21T04:00:00Z,2026-08-21T06:00:00+0200,2250.0,MW,DK1,DK_1,forecast_load,Forecasted Load,2026-08-24T16:52:05Z
2026-08-24T16:47:48Z,2026-08-24T18:47:48+0200,1c75f836-1f2f-4435-8768-c29aa3ca6237,2026-08-21T05:00:00Z,2026-08-21T07:00:00+0200,2482.0,MW,DK1,DK_1,forecast_load,Forecasted Load,2026-08-24T16:52:05Z
2026-08-24T16:47:48Z,2026-08-24T18:47:48+0200,1c75f836-1f2f-4435-8768-c29aa3ca6237,2026-08-21T06:00:00Z,2026-08-21T08:00:00+0200,2695.0,MW,DK1,DK_1,forecast_load,Forecasted Load,2026-08-24T16:52:05Z
2026-08-24T16:47:48Z,2026-08-24T18:47:48+0200,1c75f836-1f2f-4435-8768-c29aa3ca6237,2026-08-21T07:00:00Z,2026-08-21T09:00:00+0200,2769.0,MW,DK1,DK_1,forecast_load,Forecasted Load,2026-08-24T16:52:05Z
2026-08-24T16:47:48Z,2026-08-24T18:47:48+0200,1c75f836-1f2f-4435-8768-c29aa3ca6237,2026-08-21T08:00:00Z,2026-08-21T10:00:00+0200,2915.0,MW,DK1,DK_1,forecast_load,Forecasted Load,2026-08-24T16:52:05Z
2026-08-24T16:47:48Z,2026-08-24T18:47:48+0200,1c75f836-1f2f-4435-8768-c29aa3ca6237,2026-08-21T09:00:00Z,2026-08-21T11:00:00+0200,2941.0,MW,DK1,DK_1,forecast_load,Forecasted Load,2026-08-24T16:52:05Z
2026-08-24T16:47:48Z,2026-08-24T18:47:48+0200,1c75f836-1f2f-4435-8768-c29aa3ca6237,2026-08-21T10:00:00Z,2026-08-21T12:00:00+0200,2911.0,MW,DK1,DK_1,forecast_load,Forecasted Load,2026-08-24T16:52:05Z
2026-08-24T16:47:48Z,2026-08-24T18:47:48+0200,1c75f836-1f2f-4435-8768-c29aa3ca6237,2026-08-21T11:00:00Z,2026-08-21T13:00:00+0200,2905.0,MW,DK1,DK_1,forecast_load,Forecasted Load,2026-08-24T16:52:05Z
2026-08-24T16:47:48Z,2026-08-24T18:47:48+0200,1c75f836-1f2f-4435-8768-c29aa3ca6237,2026-08-21T12:00:00Z,2026-08-21T14:00:00+0200,2814.0,MW,DK1,DK_1,forecast_load,Forecasted Load,2026-08-24T16:52:05Z
2026-08-24T16:47:48Z,2026-08-24T18:47:48+0200,1c75f836-1f2f-4435-8768-c29aa3ca6237,2026-08-21T13:00:00Z,2026-08-21T15:00:00+0200,2715.0,MW,DK1,DK_1,forecast_load,Forecasted Load,2026-08-24T16:52:05Z
2026-08-24T16:47:48Z,2026-08-24T18:47:48+0200,1c75f836-1f2f-4435-8768-c29aa3ca6237,2026-08-21T14:00:00Z,2026-08-21T16:00:00+0200,2666.0,MW,DK1,DK_1,forecast_load,Forecasted Load,2026-08-24T16:52:05Z
2026-08-24T16:47:48Z,2026-08-24T18:47:48+0200,1c75f836-1f2f-4435-8768-c29aa3ca6237,2026-08-21T15:00:00Z,2026-08-21T17:00:00+0200,2663.0,MW,DK1,DK_1,forecast_load,Forecasted Load,2026-08-24T16:52:05Z
2026-08-24T16:47:48Z,2026-08-24T18:47:48+0200,1c75f836-1f2f-4435-8768-c29aa3ca6237,2026-08-21T16:00:00Z,2026-08-21T18:00:00+0200,2639.0,MW,DK1,DK_1,forecast_load,Forecasted Load,2026-08-24T16:52:05Z
2026-08-24T16:47:48Z,2026-08-24T18:47:48+0200,1c75f836-1f2f-4435-8768-c29aa3ca6237,2026-08-21T17:00:00Z,2026-08-21T19:00:00+0200,2441.0,MW,DK1,DK_1,forecast_load,Forecasted Load,2026-08-24T16:52:05Z
2026-08-24T16:47:48Z,2026-08-24T18:47:48+0200,1c75f836-1f2f-4435-8768-c29aa3ca6237,2026-08-21T18:00:00Z,2026-08-21T20:00:00+0200,2308.0,MW,DK1,DK_1,forecast_load,Forecasted Load,2026-08-24T16:52:05Z
2026-08-24T16:47:48Z,2026-08-24T18:47:48+0200,1c75f836-1f2f-4435-8768-c29aa3ca6237,2026-08-21T19:00:00Z,2026-08-21T21:00:00+0200,2336.0,MW,DK1,DK_1,forecast_load,Forecasted Load,2026-08-24T16:52:05Z
2026-08-24T16:47:48Z,2026-08-24T18:47:48+0200,1c75f836-1f2f-4435-8768-c29aa3ca6237,2026-08-21T20:00:00Z,2026-08-21T22:00:00+0200,2286.0,MW,DK1,DK_1,forecast_load,Forecasted Load,2026-08-24T16:52:05Z
2026-08-24T16:47:48Z,2026-08-24T18:47:48+0200,1c75f836-1f2f-4435-8768-c29aa3ca6237,2026-08-21T21:00:00Z,2026-08-21T23:00:00+0200,2238.0,MW,DK1,DK_1,forecast_load,Forecasted Load,2026-08-24T16:52:05Z
2026-08-24T16:47:48Z,2026-08-24T18:47:48+0200,1c75f836-1f2f-4435-8768-c29aa3ca6237,2026-08-21T22:00:00Z,2026-08-22T00:00:00+0200,2094.3,MW,DK1,DK_1,forecast_load,Forecasted Load,2026-08-24T16:52:05Z
2026-08-24T16:47:48Z,2026-08-24T18:47:48+0200,1c75f836-1f2f-4435-8768-c29aa3ca6237,2026-08-21T23:00:00Z,2026-08-22T01:00:00+0200,2053.7,MW,DK1,DK_1,forecast_load,Forecasted Load,2026-08-24T16:52:05Z
2026-08-24T16:47:48Z,2026-08-24T18:47:48+0200,1c75f836-1f2f-4435-8768-c29aa3ca6237,2026-08-22T00:00:00Z,2026-08-22T02:00:00+0200,2003.6,MW,DK1,DK_1,forecast_load,Forecasted Load,2026-08-24T16:52:05Z
2026-08-24T16:47:48Z,2026-08-24T18:47:48+0200,1c75f836-1f2f-4435-8768-c29aa3ca6237,2026-08-22T01:00:00Z,2026-08-22T03:00:00+0200,1982.4,MW,DK1,DK_1,forecast_load,Forecasted Load,2026-08-24T16:52:05Z
2026-08-24T16:47:48Z,2026-08-24T18:47:48+0200,1c75f836-1f2f-4435-8768-c29aa3ca6237,2026-08-22T02:00:00Z,2026-08-22T04:00:00+0200,1961.8,MW,DK1,DK_1,forecast_load,Forecasted Load,2026-08-24T16:52:05Z
2026-08-24T16:47:48Z,2026-08-24T18:47:48+0200,1c75f836-1f2f-4435-8768-c29aa3ca6237,2026-08-22T03:00:00Z,2026-08-22T05:00:00+0200,1966.1,MW,DK1,DK_1,forecast_load,Forecasted Load,2026-08-24T16:52:05Z
2026-08-24T16:47:48Z,2026-08-24T18:47:48+0200,1c75f836-1f2f-4435-8768-c29aa3ca6237,2026-08-22T04:00:00Z,2026-08-22T06:00:00+0200,1939.9,MW,DK1,DK_1,forecast_load,Forecasted Load,2026-08-24T16:52:05Z
2026-08-24T16:47:48Z,2026-08-24T18:47:48+0200,1c75f836-1f2f-4435-8768-c29aa3ca6237,2026-08-22T05:00:00Z,2026-08-22T07:00:00+0200,2022.5,MW,DK1,DK_1,forecast_load,Forecasted Load,2026-08-24T16:52:05Z
2026-08-24T16:47:48Z,2026-08-24T18:47:48+0200,1c75f836-1f2f-4435-8768-c29aa3ca6237,2026-08-22T06:00:00Z,2026-08-22T08:00:00+0200,2177.1,MW,DK1,DK_1,forecast_load,Forecasted Load,2026-08-24T16:52:05Z
2026-08-24T16:47:48Z,2026-08-24T18:47:48+0200,1c75f836-1f2f-4435-8768-c29aa3ca6237,2026-08-22T07:00:00Z,2026-08-22T09:00:00+0200,2377.0,MW,DK1,DK_1,forecast_load,Forecasted Load,2026-08-24T16:52:05Z
2026-08-24T16:47:48Z,2026-08-24T18:47:48+0200,1c75f836-1f2f-4435-8768-c29aa3ca6237,2026-08-22T08:00:00Z,2026-08-22T10:00:00+0200,2569.5,MW,DK1,DK_1,forecast_load,Forecasted Load,2026-08-24T16:52:05Z
2026-08-24T16:47:48Z,2026-08-24T18:47:48+0200,1c75f836-1f2f-4435-8768-c29aa3ca6237,2026-08-22T09:00:00Z,2026-08-22T11:00:00+0200,2766.2,MW,DK1,DK_1,forecast_load,Forecasted Load,2026-08-24T16:52:05Z
2026-08-24T16:47:48Z,2026-08-24T18:47:48+0200,1c75f836-1f2f-4435-8768-c29aa3ca6237,2026-08-22T10:00:00Z,2026-08-22T12:00:00+0200,3053.5,MW,DK1,DK_1,forecast_load,Forecasted Load,2026-08-24T16:52:05Z
2026-08-24T16:47:48Z,2026-08-24T18:47:48+0200,1c75f836-1f2f-4435-8768-c29aa3ca6237,2026-08-22T11:00:00Z,2026-08-22T13:00:00+0200,3277.8,MW,DK1,DK_1,forecast_load,Forecasted Load,2026-08-24T16:52:05Z
2026-08-24T16:47:48Z,2026-08-24T18:47:48+0200,1c75f836-1f2f-4435-8768-c29aa3ca6237,2026-08-22T12:00:00Z,2026-08-22T14:00:00+0200,3185.8,MW,DK1,DK_1,forecast_load,Forecasted Load,2026-08-24T16:52:05Z
2026-08-24T16:47:48Z,2026-08-24T18:47:48+0200,1c75f836-1f2f-4435-8768-c29aa3ca6237,2026-08-22T13:00:00Z,2026-08-22T15:00:00+0200,3031.4,MW,DK1,DK_1,forecast_load,Forecasted Load,2026-08-24T16:52:05Z
2026-08-24T16:47:48Z,2026-08-24T18:47:48+0200,1c75f836-1f2f-4435-8768-c29aa3ca6237,2026-08-22T14:00:00Z,2026-08-22T16:00:00+0200,2831.4,MW,DK1,DK_1,forecast_load,Forecasted Load,2026-08-24T16:52:05Z
2026-08-24T16:47:48Z,2026-08-24T18:47:48+0200,1c75f836-1f2f-4435-8768-c29aa3ca6237,2026-08-22T15:00:00Z,2026-08-22T17:00:00+0200,2678.0,MW,DK1,DK_1,forecast_load,Forecasted Load,2026-08-24T16:52:05Z
2026-08-24T16:47:48Z,2026-08-24T18:47:48+0200,1c75f836-1f2f-4435-8768-c29aa3ca6237,2026-08-22T16:00:00Z,2026-08-22T18:00:00+0200,2472.8,MW,DK1,DK_1,forecast_load,Forecasted Load,2026-08-24T16:52:05Z
2026-08-24T16:47:48Z,2026-08-24T18:47:48+0200,1c75f836-1f2f-4435-8768-c29aa3ca6237,2026-08-22T17:00:00Z,2026-08-22T19:00:00+0200,2308.0,MW,DK1,DK_1,forecast_load,Forecasted Load,2026-08-24T16:52:05Z
2026-08-24T16:47:48Z,2026-08-24T18:47:48+0200,1c75f836-1f2f-4435-8768-c29aa3ca6237,2026-08-22T18:00:00Z,2026-08-22T20:00:00+0200,2235.0,MW,DK1,DK_1,forecast_load,Forecasted Load,2026-08-24T16:52:05Z
2026-08-24T16:47:48Z,2026-08-24T18:47:48+0200,1c75f836-1f2f-4435-8768-c29aa3ca6237,2026-08-22T19:00:00Z,2026-08-22T21:00:00+0200,2207.1,MW,DK1,DK_1,forecast_load,Forecasted Load,2026-08-24T16:52:05Z
2026-08-24T16:47:48Z,2026-08-24T18:47:48+0200,1c75f836-1f2f-4435-8768-c29aa3ca6237,2026-08-22T20:00:00Z,2026-08-22T22:00:00+0200,2036.3,MW,DK1,DK_1,forecast_load,Forecasted Load,2026-08-24T16:52:05Z
2026-08-24T16:47:48Z,2026-08-24T18:47:48+0200,1c75f836-1f2f-4435-8768-c29aa3ca6237,2026-08-22T21:00:00Z,2026-08-22T23:00:00+0200,1882.7,MW,DK1,DK_1,forecast_load,Forecasted Load,2026-08-24T16:52:05Z
2026-08-24T16:47:48Z,2026-08-24T18:47:48+0200,1c75f836-1f2f-4435-8768-c29aa3ca6237,2026-08-22T22:00:00Z,2026-08-23T00:00:00+0200,1893.8,MW,DK1,DK_1,forecast_load,Forecasted Load,2026-08-24T16:52:05Z
2026-08-24T16:47:48Z,2026-08-24T18:47:48+0200,1c75f836-1f2f-4435-8768-c29aa3ca6237,2026-08-22T23:00:00Z,2026-08-23T01:00:00+0200,1913.6,MW,DK1,DK_1,forecast_load,Forecasted Load,2026-08-24T16:52:05Z
2026-08-24T16:47:48Z,2026-08-24T18:47:48+0200,1c75f836-1f2f-4435-8768-c29aa3ca6237,2026-08-23T00:00:00Z,2026-08-23T02:00:00+0200,1853.5,MW,DK1,DK_1,forecast_load,Forecasted Load,2026-08-24T16:52:05Z
2026-08-24T16:47:48Z,2026-08-24T18:47:48+0200,1c75f836-1f2f-4435-8768-c29aa3ca6237,2026-08-23T01:00:00Z,2026-08-23T03:00:00+0200,1796.0,MW,DK1,DK_1,forecast_load,Forecasted Load,2026-08-24T16:52:05Z
2026-08-24T16:47:48Z,2026-08-24T18:47:48+0200,1c75f836-1f2f-4435-8768-c29aa3ca6237,2026-08-23T02:00:00Z,2026-08-23T04:00:00+0200,1767.1,MW,DK1,DK_1,forecast_load,Forecasted Load,2026-08-24T16:52:05Z
2026-08-24T16:47:48Z,2026-08-24T18:47:48+0200,1c75f836-1f2f-4435-8768-c29aa3ca6237,2026-08-23T03:00:00Z,2026-08-23T05:00:00+0200,1754.2,MW,DK1,DK_1,forecast_load,Forecasted Load,2026-08-24T16:52:05Z
2026-08-24T16:47:48Z,2026-08-24T18:47:48+0200,1c75f836-1f2f-4435-8768-c29aa3ca6237,2026-08-23T04:00:00Z,2026-08-23T06:00:00+0200,1770.0,MW,DK1,DK_1,forecast_load,Forecasted Load,2026-08-24T16:52:05Z
2026-08-24T16:47:48Z,2026-08-24T18:47:48+0200,1c75f836-1f2f-4435-8768-c29aa3ca6237,2026-08-23T05:00:00Z,2026-08-23T07:00:00+0200,1914.2,MW,DK1,DK_1,forecast_load,Forecasted Load,2026-08-24T16:52:05Z
2026-08-24T16:47:48Z,2026-08-24T18:47:48+0200,1c75f836-1f2f-4435-8768-c29aa3ca6237,2026-08-23T06:00:00Z,2026-08-23T08:00:00+0200,2124.1,MW,DK1,DK_1,forecast_load,Forecasted Load,2026-08-24T16:52:05Z
2026-08-24T16:47:48Z,2026-08-24T18:47:48+0200,1c75f836-1f2f-4435-8768-c29aa3ca6237,2026-08-23T07:00:00Z,2026-08-23T09:00:00+0200,2504.5,MW,DK1,DK_1,forecast_load,Forecasted Load,2026-08-24T16:52:05Z
2026-08-24T16:47:48Z,2026-08-24T18:47:48+0200,1c75f836-1f2f-4435-8768-c29aa3ca6237,2026-08-23T08:00:00Z,2026-08-23T10:00:00+0200,2806.6,MW,DK1,DK_1,forecast_load,Forecasted Load,2026-08-24T16:52:05Z
2026-08-24T16:47:48Z,2026-08-24T18:47:48+0200,1c75f836-1f2f-4435-8768-c29aa3ca6237,2026-08-23T09:00:00Z,2026-08-23T11:00:00+0200,2898.2,MW,DK1,DK_1,forecast_load,Forecasted Load,2026-08-24T16:52:05Z
2026-08-24T16:47:48Z,2026-08-24T18:47:48+0200,1c75f836-1f2f-4435-8768-c29aa3ca6237,2026-08-23T10:00:00Z,2026-08-23T12:00:00+0200,3021.8,MW,DK1,DK_1,forecast_load,Forecasted Load,2026-08-24T16:52:05Z
2026-08-24T16:47:48Z,2026-08-24T18:47:48+0200,1c75f836-1f2f-4435-8768-c29aa3ca6237,2026-08-23T11:00:00Z,2026-08-23T13:00:00+0200,3062.4,MW,DK1,DK_1,forecast_load,Forecasted Load,2026-08-24T16:52:05Z
2026-08-24T16:47:48Z,2026-08-24T18:47:48+0200,1c75f836-1f2f-4435-8768-c29aa3ca6237,2026-08-23T12:00:00Z,2026-08-23T14:00:00+0200,3010.6,MW,DK1,DK_1,forecast_load,Forecasted Load,2026-08-24T16:52:05Z
2026-08-24T16:47:48Z,2026-08-24T18:47:48+0200,1c75f836-1f2f-4435-8768-c29aa3ca6237,2026-08-23T13:00:00Z,2026-08-23T15:00:00+0200,2819.9,MW,DK1,DK_1,forecast_load,Forecasted Load,2026-08-24T16:52:05Z
2026-08-24T16:47:48Z,2026-08-24T18:47:48+0200,1c75f836-1f2f-4435-8768-c29aa3ca6237,2026-08-23T14:00:00Z,2026-08-23T16:00:00+0200,2706.7,MW,DK1,DK_1,forecast_load,Forecasted Load,2026-08-24T16:52:05Z
2026-08-24T16:47:48Z,2026-08-24T18:47:48+0200,1c75f836-1f2f-4435-8768-c29aa3ca6237,2026-08-23T15:00:00Z,2026-08-23T17:00:00+0200,2666.8,MW,DK1,DK_1,forecast_load,Forecasted Load,2026-08-24T16:52:05Z
2026-08-24T16:47:48Z,2026-08-24T18:47:48+0200,1c75f836-1f2f-4435-8768-c29aa3ca6237,2026-08-23T16:00:00Z,2026-08-23T18:00:00+0200,2522.0,MW,DK1,DK_1,forecast_load,Forecasted Load,2026-08-24T16:52:05Z
2026-08-24T16:47:48Z,2026-08-24T18:47:48+0200,1c75f836-1f2f-4435-8768-c29aa3ca6237,2026-08-23T17:00:00Z,2026-08-23T19:00:00+0200,2354.9,MW,DK1,DK_1,forecast_load,Forecasted Load,2026-08-24T16:52:05Z
2026-08-24T16:47:48Z,2026-08-24T18:47:48+0200,1c75f836-1f2f-4435-8768-c29aa3ca6237,2026-08-23T18:00:00Z,2026-08-23T20:00:00+0200,2249.1,MW,DK1,DK_1,forecast_load,Forecasted Load,2026-08-24T16:52:05Z
2026-08-24T16:47:48Z,2026-08-24T18:47:48+0200,1c75f836-1f2f-4435-8768-c29aa3ca6237,2026-08-23T19:00:00Z,2026-08-23T21:00:00+0200,2242.8,MW,DK1,DK_1,forecast_load,Forecasted Load,2026-08-24T16:52:05Z
2026-08-24T16:47:48Z,2026-08-24T18:47:48+0200,1c75f836-1f2f-4435-8768-c29aa3ca6237,2026-08-23T20:00:00Z,2026-08-23T22:00:00+0200,2194.6,MW,DK1,DK_1,forecast_load,Forecasted Load,2026-08-24T16:52:05Z
2026-08-24T16:47:48Z,2026-08-24T18:47:48+0200,1c75f836-1f2f-4435-8768-c29aa3ca6237,2026-08-23T21:00:00Z,2026-08-23T23:00:00+0200,2195.0,MW,DK1,DK_1,forecast_load,Forecasted Load,2026-08-24T16:52:05Z
2026-08-24T16:47:48Z,2026-08-24T18:47:48+0200,1c75f836-1f2f-4435-8768-c29aa3ca6237,2026-08-23T22:00:00Z,2026-08-24T00:00:00+0200,2196.0,MW,DK1,DK_1,forecast_load,Forecasted Load,2026-08-24T16:52:05Z
2026-08-24T16:47:48Z,2026-08-24T18:47:48+0200,1c75f836-1f2f-4435-8768-c29aa3ca6237,2026-08-23T23:00:00Z,2026-08-24T01:00:00+0200,2198.0,MW,DK1,DK_1,forecast_load,Forecasted Load,2026-08-24T16:52:05Z
2026-08-24T16:47:48Z,2026-08-24T18:47:48+0200,1c75f836-1f2f-4435-8768-c29aa3ca6237,2026-08-24T00:00:00Z,2026-08-24T02:00:00+0200,2225.0,MW,DK1,DK_1,forecast_load,Forecasted Load,2026-08-24T16:52:05Z
2026-08-24T16:47:48Z,2026-08-24T18:47:48+0200,1c75f836-1f2f-4435-8768-c29aa3ca6237,2026-08-24T01:00:00Z,2026-08-24T03:00:00+0200,2265.0,MW,DK1,DK_1,forecast_load,Forecasted Load,2026-08-24T16:52:05Z
2026-08-24T16:47:48Z,2026-08-24T18:47:48+0200,1c75f836-1f2f-4435-8768-c29aa3ca6237,2026-08-24T02:00:00Z,2026-08-24T04:00:00+0200,2267.0,MW,DK1,DK_1,forecast_load,Forecasted Load,2026-08-24T16:52:05Z
2026-08-24T16:47:48Z,2026-08-24T18:47:48+0200,1c75f836-1f2f-4435-8768-c29aa3ca6237,2026-08-24T03:00:00Z,2026-08-24T05:00:00+0200,2353.0,MW,DK1,DK_1,forecast_load,Forecasted Load,2026-08-24T16:52:05Z
2026-08-24T16:47:48Z,2026-08-24T18:47:48+0200,1c75f836-1f2f-4435-8768-c29aa3ca6237,2026-08-24T04:00:00Z,2026-08-24T06:00:00+0200,2206.0,MW,DK1,DK_1,forecast_load,Forecasted Load,2026-08-24T16:52:05Z
2026-08-24T16:47:48Z,2026-08-24T18:47:48+0200,1c75f836-1f2f-4435-8768-c29aa3ca6237,2026-08-24T05:00:00Z,2026-08-24T07:00:00+0200,2438.0,MW,DK1,DK_1,forecast_load,Forecasted Load,2026-08-24T16:52:05Z
2026-08-24T16:47:48Z,2026-08-24T18:47:48+0200,1c75f836-1f2f-4435-8768-c29aa3ca6237,2026-08-24T06:00:00Z,2026-08-24T08:00:00+0200,2629.0,MW,DK1,DK_1,forecast_load,Forecasted Load,2026-08-24T16:52:05Z
2026-08-24T16:47:48Z,2026-08-24T18:47:48+0200,1c75f836-1f2f-4435-8768-c29aa3ca6237,2026-08-24T07:00:00Z,2026-08-24T09:00:00+0200,2736.0,MW,DK1,DK_1,forecast_load,Forecasted Load,2026-08-24T16:52:05Z
2026-08-24T16:47:48Z,2026-08-24T18:47:48+0200,1c75f836-1f2f-4435-8768-c29aa3ca6237,2026-08-24T08:00:00Z,2026-08-24T10:00:00+0200,2854.0,MW,DK1,DK_1,forecast_load,Forecasted Load,2026-08-24T16:52:05Z
2026-08-24T16:47:48Z,2026-08-24T18:47:48+0200,1c75f836-1f2f-4435-8768-c29aa3ca6237,2026-08-24T09:00:00Z,2026-08-24T11:00:00+0200,2847.0,MW,DK1,DK_1,forecast_load,Forecasted Load,2026-08-24T16:52:05Z
2026-08-24T16:47:48Z,2026-08-24T18:47:48+0200,1c75f836-1f2f-4435-8768-c29aa3ca6237,2026-08-24T10:00:00Z,2026-08-24T12:00:00+0200,2987.0,MW,DK1,DK_1,forecast_load,Forecasted Load,2026-08-24T16:52:05Z
2026-08-24T16:47:48Z,2026-08-24T18:47:48+0200,1c75f836-1f2f-4435-8768-c29aa3ca6237,2026-08-24T11:00:00Z,2026-08-24T13:00:00+0200,2986.0,MW,DK1,DK_1,forecast_load,Forecasted Load,2026-08-24T16:52:05Z
2026-08-24T16:47:48Z,2026-08-24T18:47:48+0200,1c75f836-1f2f-4435-8768-c29aa3ca6237,2026-08-24T12:00:00Z,2026-08-24T14:00:00+0200,2906.0,MW,DK1,DK_1,forecast_load,Forecasted Load,2026-08-24T16:52:05Z
2026-08-24T16:47:48Z,2026-08-24T18:47:48+0200,1c75f836-1f2f-4435-8768-c29aa3ca6237,2026-08-24T13:00:00Z,2026-08-24T15:00:00+0200,2757.0,MW,DK1,DK_1,forecast_load,Forecasted Load,2026-08-24T16:52:05Z
2026-08-24T16:47:48Z,2026-08-24T18:47:48+0200,1c75f836-1f2f-4435-8768-c29aa3ca6237,2026-08-24T14:00:00Z,2026-08-24T16:00:00+0200,2724.0,MW,DK1,DK_1,forecast_load,Forecasted Load,2026-08-24T16:52:05Z
2026-08-24T16:47:48Z,2026-08-24T18:47:48+0200,1c75f836-1f2f-4435-8768-c29aa3ca6237,2026-08-24T15:00:00Z,2026-08-24T17:00:00+0200,2778.0,MW,DK1,DK_1,forecast_load,Forecasted Load,2026-08-24T16:52:05Z
2026-08-24T16:47:48Z,2026-08-24T18:47:48+0200,1c75f836-1f2f-4435-8768-c29aa3ca6237,2026-08-24T16:00:00Z,2026-08-24T18:00:00+0200,2713.0,MW,DK1,DK_1,forecast_load,Forecasted Load,2026-08-24T16:52:05Z
