collection_time_utc,collection_time_local,run_id,timestamp_utc,timestamp_local,value,unit,country,entsoe_area,variable,source,updated_at_utc
2026-08-06T05:51:50Z,2026-08-06T07:51:50+0200,c0d2205f-219e-4ad8-921d-e17c69e607e7,2026-07-06T06:00:00Z,2026-07-06T08:00:00+0200,2600.9,MW,DK1,DK_1,forecast_load,Forecasted Load,2026-08-06T05:54:35Z
2026-08-06T05:51:50Z,2026-08-06T07:51:50+0200,c0d2205f-219e-4ad8-921d-e17c69e607e7,2026-07-06T07:00:00Z,2026-07-06T09:00:00+0200,2704.5,MW,DK1,DK_1,forecast_load,Forecasted Load,2026-08-06T05:54:35Z
2026-08-06T05:51:50Z,2026-08-06T07:51:50+0200,c0d2205f-219e-4ad8-921d-e17c69e607e7,2026-07-06T08:00:00Z,2026-07-06T10:00:00+0200,2767.2,MW,DK1,DK_1,forecast_load,Forecasted Load,2026-08-06T05:54:35Z
2026-08-06T05:51:50Z,2026-08-06T07:51:50+0200,c0d2205f-219e-4ad8-921d-e17c69e607e7,2026-07-06T09:00:00Z,2026-07-06T11:00:00+0200,2871.8,MW,DK1,DK_1,forecast_load,Forecasted Load,2026-08-06T05:54:35Z
2026-08-06T05:51:50Z,2026-08-06T07:51:50+0200,c0d2205f-219e-4ad8-921d-e17c69e607e7,2026-07-06T10:00:00Z,2026-07-06T12:00:00+0200,2910.2,MW,DK1,DK_1,forecast_load,Forecasted Load,2026-08-06T05:54:35Z
2026-08-06T05:51:50Z,2026-08-06T07:51:50+0200,c0d2205f-219e-4ad8-921d-e17c69e607e7,2026-07-06T11:00:00Z,2026-07-06T13:00:00+0200,3066.1,MW,DK1,DK_1,forecast_load,Forecasted Load,2026-08-06T05:54:35Z
2026-08-06T05:51:50Z,2026-08-06T07:51:50+0200,c0d2205f-219e-4ad8-921d-e17c69e607e7,2026-07-06T12:00:00Z,2026-07-06T14:00:00+0200,3117.7,MW,DK1,DK_1,forecast_load,Forecasted Load,2026-08-06T05:54:35Z
2026-08-06T05:51:50Z,2026-08-06T07:51:50+0200,c0d2205f-219e-4ad8-921d-e17c69e607e7,2026-07-06T13:00:00Z,2026-07-06T15:00:00+0200,3026.3,MW,DK1,DK_1,forecast_load,Forecasted Load,2026-08-06T05:54:35Z
2026-08-06T05:51:50Z,2026-08-06T07:51:50+0200,c0d2205f-219e-4ad8-921d-e17c69e607e7,2026-07-06T14:00:00Z,2026-07-06T16:00:00+0200,2962.0,MW,DK1,DK_1,forecast_load,Forecasted Load,2026-08-06T05:54:35Z
2026-08-06T05:51:50Z,2026-08-06T07:51:50+0200,c0d2205f-219e-4ad8-921d-e17c69e607e7,2026-07-06T15:00:00Z,2026-07-06T17:00:00+0200,2927.6,MW,DK1,DK_1,forecast_load,Forecasted Load,2026-08-06T05:54:35Z
2026-08-06T05:51:50Z,2026-08-06T07:51:50+0200,c0d2205f-219e-4ad8-921d-e17c69e607e7,2026-07-06T16:00:00Z,2026-07-06T18:00:00+0200,2834.9,MW,DK1,DK_1,forecast_load,Forecasted Load,2026-08-06T05:54:35Z
2026-08-06T05:51:50Z,2026-08-06T07:51:50+0200,c0d2205f-219e-4ad8-921d-e17c69e607e7,2026-07-06T17:00:00Z,2026-07-06T19:00:00+0200,2671.7,MW,DK1,DK_1,forecast_load,Forecasted Load,2026-08-06T05:54:35Z
2026-08-06T05:51:50Z,2026-08-06T07:51:50+0200,c0d2205f-219e-4ad8-921d-e17c69e607e7,2026-07-06T18:00:00Z,2026-07-06T20:00:00+0200,2479.8,MW,DK1,DK_1,forecast_load,Forecasted Load,2026-08-06T05:54:35Z
2026-08-06T05:51:50Z,2026-08-06T07:51:50+0200,c0d2205f-219e-4ad8-921d-e17c69e607e7,2026-07-06T19:00:00Z,2026-07-06T21:00:00+0200,2351.8,MW,DK1,DK_1,forecast_load,Forecasted Load,2026-08-06T05:54:35Z
2026-08-06T05:51:50Z,2026-08-06T07:51:50+0200,c0d2205f-219e-4ad8-921d-e17c69e607e7,2026-07-06T20:00:00Z,2026-07-06T22:00:00+0200,2320.8,MW,DK1,DK_1,forecast_load,Forecasted Load,2026-08-06T05:54:35Z
2026-08-06T05:51:50Z,2026-08-06T07:51:50+0200,c0d2205f-219e-4ad8-921d-e17c69e607e7,2026-07-06T21:00:00Z,2026-07-06T23:00:00+0200,2265.0,MW,DK1,DK_1,forecast_load,Forecasted Load,2026-08-06T05:54:35Z
2026-08-06T05:51:50Z,2026-08-06T07:51:50+0200,c0d2205f-219e-4ad8-921d-e17c69e607e7,2026-07-06T22:00:00Z,2026-07-07T00:00:00+0200,2147.0,MW,DK1,DK_1,forecast_load,Forecasted Load,2026-08-06T05:54:35Z
2026-08-06T05:51:50Z,2026-08-06T07:51:50+0200,c0d2205f-219e-4ad8-921d-e17c69e607e7,2026-07-06T23:00:00Z,2026-07-07T01:00:00+0200,2038.0,MW,DK1,DK_1,forecast_load,Forecasted Load,2026-08-06T05:54:35Z
2026-08-06T05:51:50Z,2026-08-06T07:51:50+0200,c0d2205f-219e-4ad8-921d-e17c69e607e7,2026-07-07T00:00:00Z,2026-07-07T02:00:00+0200,2026.0,MW,DK1,DK_1,forecast_load,Forecasted Load,2026-08-06T05:54:35Z
2026-08-06T05:51:50Z,2026-08-06T07:51:50+0200,c0d2205f-219e-4ad8-921d-e17c69e607e7,2026-07-07T01:00:00Z,2026-07-07T03:00:00+0200,2053.0,MW,DK1,DK_1,forecast_load,Forecasted Load,2026-08-06T05:54:35Z
2026-08-06T05:51:50Z,2026-08-06T07:51:50+0200,c0d2205f-219e-4ad8-921d-e17c69e607e7,2026-07-07T02:00:00Z,2026-07-07T04:00:00+0200,2039.0,MW,DK1,DK_1,forecast_load,Forecasted Load,2026-08-06T05:54:35Z
2026-08-06T05:51:50Z,2026-08-06T07:51:50+0200,c0d2205f-219e-4ad8-921d-e17c69e607e7,2026-07-07T03:00:00Z,2026-07-07T05:00:00+0200,2077.0,MW,DK1,DK_1,forecast_load,Forecasted Load,2026-08-06T05:54:35Z
2026-08-06T05:51:50Z,2026-08-06T07:51:50+0200,c0d2205f-219e-4ad8-921d-e17c69e607e7,2026-07-07T04:00:00Z,2026-07-07T06:00:00+0200,2312.0,MW,DK1,DK_1,forecast_load,Forecasted Load,2026-08-06T05:54:35Z
2026-08-06T05:51:50Z,2026-08-06T07:51:50+0200,c0d2205f-219e-4ad8-921d-e17c69e607e7,2026-07-07T05:00:00Z,2026-07-07T07:00:00+0200,2544.0,MW,DK1,DK_1,forecast_load,Forecasted Load,2026-08-06T05:54:35Z
2026-08-06T05:51:50Z,2026-08-06T07:51:50+0200,c0d2205f-219e-4ad8-921d-e17c69e607e7,2026-07-07T06:00:00Z,2026-07-07T08:00:00+0200,2685.0,MW,DK1,DK_1,forecast_load,Forecasted Load,2026-08-06T05:54:35Z
2026-08-06T05:51:50Z,2026-08-06T07:51:50+0200,c0d2205f-219e-4ad8-921d-e17c69e607e7,2026-07-07T07:00:00Z,2026-07-07T09:00:00+0200,2807.0,MW,DK1,DK_1,forecast_load,Forecasted Load,2026-08-06T05:54:35Z
2026-08-06T05:51:50Z,2026-08-06T07:51:50+0200,c0d2205f-219e-4ad8-921d-e17c69e607e7,2026-07-07T08:00:00Z,2026-07-07T10:00:00+0200,2894.0,MW,DK1,DK_1,forecast_load,Forecasted Load,2026-08-06T05:54:35Z
2026-08-06T05:51:50Z,2026-08-06T07:51:50+0200,c0d2205f-219e-4ad8-921d-e17c69e607e7,2026-07-07T09:00:00Z,2026-07-07T11:00:00+0200,3101.0,MW,DK1,DK_1,forecast_load,Forecasted Load,2026-08-06T05:54:35Z
2026-08-06T05:51:50Z,2026-08-06T07:51:50+0200,c0d2205f-219e-4ad8-921d-e17c69e607e7,2026-07-07T10:00:00Z,2026-07-07T12:00:00+0200,3284.0,MW,DK1,DK_1,forecast_load,Forecasted Load,2026-08-06T05:54:35Z
2026-08-06T05:51:50Z,2026-08-06T07:51:50+0200,c0d2205f-219e-4ad8-921d-e17c69e607e7,2026-07-07T11:00:00Z,2026-07-07T13:00:00+0200,3287.0,MW,DK1,DK_1,forecast_load,Forecasted Load,2026-08-06T05:54:35Z
2026-08-06T05:51:50Z,2026-08-06T07:51:50+0200,c0d2205f-219e-4ad8-921d-e17c69e607e7,2026-07-07T12:00:00Z,2026-07-07T14:00:00+0200,3352.0,MW,DK1,DK_1,forecast_load,Forecasted Load,2026-08-06T05:54:35Z
2026-08-06T05:51:50Z,2026-08-06T07:51:50+0200,c0d2205f-219e-4ad8-921d-e17c69e607e7,2026-07-07T13:00:00Z,2026-07-07T15:00:00+0200,3142.0,MW,DK1,DK_1,forecast_load,Forecasted Load,2026-08-06T05:54:35Z
2026-08-06T05:51:50Z,2026-08-06T07:51:50+0200,c0d2205f-219e-4ad8-921d-e17c69e607e7,2026-07-07T14:00:00Z,2026-07-07T16:00:00+0200,3010.0,MW,DK1,DK_1,forecast_load,Forecasted Load,2026-08-06T05:54:35Z
2026-08-06T05:51:50Z,2026-08-06T07:51:50+0200,c0d2205f-219e-4ad8-921d-e17c69e607e7,2026-07-07T15:00:00Z,2026-07-07T17:00:00+0200,3012.0,MW,DK1,DK_1,forecast_load,Forecasted Load,2026-08-06T05:54:35Z
2026-08-06T05:51:50Z,2026-08-06T07:51:50+0200,c0d2205f-219e-4ad8-921d-e17c69e607e7,2026-07-07T16:00:00Z,2026-07-07T18:00:00+0200,2805.0,MW,DK1,DK_1,forecast_load,Forecasted Load,2026-08-06T05:54:35Z
2026-08-06T05:51:50Z,2026-08-06T07:51:50+0200,c0d2205f-219e-4ad8-921d-e17c69e607e7,2026-07-07T17:00:00Z,2026-07-07T19:00:00+0200,2579.0,MW,DK1,DK_1,forecast_load,Forecasted Load,2026-08-06T05:54:35Z
2026-08-06T05:51:50Z,2026-08-06T07:51:50+0200,c0d2205f-219e-4ad8-921d-e17c69e607e7,2026-07-07T18:00:00Z,2026-07-07T20:00:00+0200,2499.0,MW,DK1,DK_1,forecast_load,Forecasted Load,2026-08-06T05:54:35Z
2026-08-06T05:51:50Z,2026-08-06T07:51:50+0200,c0d2205f-219e-4ad8-921d-e17c69e607e7,2026-07-07T19:00:00Z,2026-07-07T21:00:00+0200,2433.0,MW,DK1,DK_1,forecast_load,Forecasted Load,2026-08-06T05:54:35Z
2026-08-06T05:51:50Z,2026-08-06T07:51:50+0200,c0d2205f-219e-4ad8-921d-e17c69e607e7,2026-07-07T20:00:00Z,2026-07-07T22:00:00+0200,2399.0,MW,DK1,DK_1,forecast_load,Forecasted Load,2026-08-06T05:54:35Z
2026-08-06T05:51:50Z,2026-08-06T07:51:50+0200,c0d2205f-219e-4ad8-921d-e17c69e607e7,2026-07-07T21:00:00Z,2026-07-07T23:00:00+0200,2357.0,MW,DK1,DK_1,forecast_load,Forecasted Load,2026-08-06T05:54:35Z
2026-08-06T05:51:50Z,2026-08-06T07:51:50+0200,c0d2205f-219e-4ad8-921d-e17c69e607e7,2026-07-07T22:00:00Z,2026-07-08T00:00:00+0200,2236.0,MW,DK1,DK_1,forecast_load,Forecasted Load,2026-08-06T05:54:35Z
2026-08-06T05:51:50Z,2026-08-06T07:51:50+0200,c0d2205f-219e-4ad8-921d-e17c69e607e7,2026-07-07T23:00:00Z,2026-07-08T01:00:00+0200,2093.0,MW,DK1,DK_1,forecast_load,Forecasted Load,2026-08-06T05:54:35Z
2026-08-06T05:51:50Z,2026-08-06T07:51:50+0200,c0d2205f-219e-4ad8-921d-e17c69e607e7,2026-07-08T00:00:00Z,2026-07-08T02:00:00+0200,2045.0,MW,DK1,DK_1,forecast_load,Forecasted Load,2026-08-06T05:54:35Z
2026-08-06T05:51:50Z,2026-08-06T07:51:50+0200,c0d2205f-219e-4ad8-921d-e17c69e607e7,2026-07-08T01:00:00Z,2026-07-08T03:00:00+0200,1924.0,MW,DK1,DK_1,forecast_load,Forecasted Load,2026-08-06T05:54:35Z
2026-08-06T05:51:50Z,2026-08-06T07:51:50+0200,c0d2205f-219e-4ad8-921d-e17c69e607e7,2026-07-08T02:00:00Z,2026-07-08T04:00:00+0200,1843.0,MW,DK1,DK_1,forecast_load,Forecasted Load,2026-08-06T05:54:35Z
2026-08-06T05:51:50Z,2026-08-06T07:51:50+0200,c0d2205f-219e-4ad8-921d-e17c69e607e7,2026-07-08T03:00:00Z,2026-07-08T05:00:00+0200,1886.0,MW,DK1,DK_1,forecast_load,Forecasted Load,2026-08-06T05:54:35Z
2026-08-06T05:51:50Z,2026-08-06T07:51:50+0200,c0d2205f-219e-4ad8-921d-e17c69e607e7,2026-07-08T04:00:00Z,2026-07-08T06:00:00+0200,2045.0,MW,DK1,DK_1,forecast_load,Forecasted Load,2026-08-06T05:54:35Z
2026-08-06T05:51:50Z,2026-08-06T07:51:50+0200,c0d2205f-219e-4ad8-921d-e17c69e607e7,2026-07-08T05:00:00Z,2026-07-08T07:00:00+0200,2300.0,MW,DK1,DK_1,forecast_load,Forecasted Load,2026-08-06T05:54:35Z
2026-08-06T05:51:50Z,2026-08-06T07:51:50+0200,c0d2205f-219e-4ad8-921d-e17c69e607e7,2026-07-08T06:00:00Z,2026-07-08T08:00:00+0200,2572.0,MW,DK1,DK_1,forecast_load,Forecasted Load,2026-08-06T05:54:35Z
2026-08-06T05:51:50Z,2026-08-06T07:51:50+0200,c0d2205f-219e-4ad8-921d-e17c69e607e7,2026-07-08T07:00:00Z,2026-07-08T09:00:00+0200,2679.0,MW,DK1,DK_1,forecast_load,Forecasted Load,2026-08-06T05:54:35Z
2026-08-06T05:51:50Z,2026-08-06T07:51:50+0200,c0d2205f-219e-4ad8-921d-e17c69e607e7,2026-07-08T08:00:00Z,2026-07-08T10:00:00+0200,2713.0,MW,DK1,DK_1,forecast_load,Forecasted Load,2026-08-06T05:54:35Z
2026-08-06T05:51:50Z,2026-08-06T07:51:50+0200,c0d2205f-219e-4ad8-921d-e17c69e607e7,2026-07-08T09:00:00Z,2026-07-08T11:00:00+0200,2737.0,MW,DK1,DK_1,forecast_load,Forecasted Load,2026-08-06T05:54:35Z
2026-08-06T05:51:50Z,2026-08-06T07:51:50+0200,c0d2205f-219e-4ad8-921d-e17c69e607e7,2026-07-08T10:00:00Z,2026-07-08T12:00:00+0200,2808.0,MW,DK1,DK_1,forecast_load,Forecasted Load,2026-08-06T05:54:35Z
2026-08-06T05:51:50Z,2026-08-06T07:51:50+0200,c0d2205f-219e-4ad8-921d-e17c69e607e7,2026-07-08T11:00:00Z,2026-07-08T13:00:00+0200,2938.0,MW,DK1,DK_1,forecast_load,Forecasted Load,2026-08-06T05:54:35Z
2026-08-06T05:51:50Z,2026-08-06T07:51:50+0200,c0d2205f-219e-4ad8-921d-e17c69e607e7,2026-07-08T12:00:00Z,2026-07-08T14:00:00+0200,2968.0,MW,DK1,DK_1,forecast_load,Forecasted Load,2026-08-06T05:54:35Z
2026-08-06T05:51:50Z,2026-08-06T07:51:50+0200,c0d2205f-219e-4ad8-921d-e17c69e607e7,2026-07-08T13:00:00Z,2026-07-08T15:00:00+0200,2841.0,MW,DK1,DK_1,forecast_load,Forecasted Load,2026-08-06T05:54:35Z
2026-08-06T05:51:50Z,2026-08-06T07:51:50+0200,c0d2205f-219e-4ad8-921d-e17c69e607e7,2026-07-08T14:00:00Z,2026-07-08T16:00:00+0200,2672.0,MW,DK1,DK_1,forecast_load,Forecasted Load,2026-08-06T05:54:35Z
2026-08-06T05:51:50Z,2026-08-06T07:51:50+0200,c0d2205f-219e-4ad8-921d-e17c69e607e7,2026-07-08T15:00:00Z,2026-07-08T17:00:00+0200,2656.0,MW,DK1,DK_1,forecast_load,Forecasted Load,2026-08-06T05:54:35Z
2026-08-06T05:51:50Z,2026-08-06T07:51:50+0200,c0d2205f-219e-4ad8-921d-e17c69e607e7,2026-07-08T16:00:00Z,2026-07-08T18:00:00+0200,2652.0,MW,DK1,DK_1,forecast_load,Forecasted Load,2026-08-06T05:54:35Z
2026-08-06T05:51:50Z,2026-08-06T07:51:50+0200,c0d2205f-219e-4ad8-921d-e17c69e607e7,2026-07-08T17:00:00Z,2026-07-08T19:00:00+0200,2513.0,MW,DK1,DK_1,forecast_load,Forecasted Load,2026-08-06T05:54:35Z
2026-08-06T05:51:50Z,2026-08-06T07:51:50+0200,c0d2205f-219e-4ad8-921d-e17c69e607e7,2026-07-08T18:00:00Z,2026-07-08T20:00:00+0200,2405.0,MW,DK1,DK_1,forecast_load,Forecasted Load,2026-08-06T05:54:35Z
2026-08-06T05:51:50Z,2026-08-06T07:51:50+0200,c0d2205f-219e-4ad8-921d-e17c69e607e7,2026-07-08T19:00:00Z,2026-07-08T21:00:00+0200,2352.0,MW,DK1,DK_1,forecast_load,Forecasted Load,2026-08-06T05:54:35Z
2026-08-06T05:51:50Z,2026-08-06T07:51:50+0200,c0d2205f-219e-4ad8-921d-e17c69e607e7,2026-07-08T20:00:00Z,2026-07-08T22:00:00+0200,2270.0,MW,DK1,DK_1,forecast_load,Forecasted Load,2026-08-06T05:54:35Z
2026-08-06T05:51:50Z,2026-08-06T07:51:50+0200,c0d2205f-219e-4ad8-921d-e17c69e607e7,2026-07-08T21:00:00Z,2026-07-08T23:00:00+0200,2175.0,MW,DK1,DK_1,forecast_load,Forecasted Load,2026-08-06T05:54:35Z
2026-08-06T05:51:50Z,2026-08-06T07:51:50+0200,c0d2205f-219e-4ad8-921d-e17c69e607e7,2026-07-08T22:00:00Z,2026-07-09T00:00:00+0200,2171.0,MW,DK1,DK_1,forecast_load,Forecasted Load,2026-08-06T05:54:35Z
2026-08-06T05:51:50Z,2026-08-06T07:51:50+0200,c0d2205f-219e-4ad8-921d-e17c69e607e7,2026-07-08T23:00:00Z,2026-07-09T01:00:00+0200,2150.0,MW,DK1,DK_1,forecast_load,Forecasted Load,2026-08-06T05:54:35Z
2026-08-06T05:51:50Z,2026-08-06T07:51:50+0200,c0d2205f-219e-4ad8-921d-e17c69e607e7,2026-07-09T00:00:00Z,2026-07-09T02:00:00+0200,2089.0,MW,DK1,DK_1,forecast_load,Forecasted Load,2026-08-06T05:54:35Z
2026-08-06T05:51:50Z,2026-08-06T07:51:50+0200,c0d2205f-219e-4ad8-921d-e17c69e607e7,2026-07-09T01:00:00Z,2026-07-09T03:00:00+0200,2031.0,MW,DK1,DK_1,forecast_load,Forecasted Load,2026-08-06T05:54:35Z
2026-08-06T05:51:50Z,2026-08-06T07:51:50+0200,c0d2205f-219e-4ad8-921d-e17c69e607e7,2026-07-09T02:00:00Z,2026-07-09T04:00:00+0200,1962.0,MW,DK1,DK_1,forecast_load,Forecasted Load,2026-08-06T05:54:35Z
2026-08-06T05:51:50Z,2026-08-06T07:51:50+0200,c0d2205f-219e-4ad8-921d-e17c69e607e7,2026-07-09T03:00:00Z,2026-07-09T05:00:00+0200,1935.0,MW,DK1,DK_1,forecast_load,Forecasted Load,2026-08-06T05:54:35Z
2026-08-06T05:51:50Z,2026-08-06T07:51:50+0200,c0d2205f-219e-4ad8-921d-e17c69e607e7,2026-07-09T04:00:00Z,2026-07-09T06:00:00+0200,2140.0,MW,DK1,DK_1,forecast_load,Forecasted Load,2026-08-06T05:54:35Z
2026-08-06T05:51:50Z,2026-08-06T07:51:50+0200,c0d2205f-219e-4ad8-921d-e17c69e607e7,2026-07-09T05:00:00Z,2026-07-09T07:00:00+0200,2357.0,MW,DK1,DK_1,forecast_load,Forecasted Load,2026-08-06T05:54:35Z
2026-08-06T05:51:50Z,2026-08-06T07:51:50+0200,c0d2205f-219e-4ad8-921d-e17c69e607e7,2026-07-09T06:00:00Z,2026-07-09T08:00:00+0200,2508.0,MW,DK1,DK_1,forecast_load,Forecasted Load,2026-08-06T05:54:35Z
2026-08-06T05:51:50Z,2026-08-06T07:51:50+0200,c0d2205f-219e-4ad8-921d-e17c69e607e7,2026-07-09T07:00:00Z,2026-07-09T09:00:00+0200,2502.0,MW,DK1,DK_1,forecast_load,Forecasted Load,2026-08-06T05:54:35Z
2026-08-06T05:51:50Z,2026-08-06T07:51:50+0200,c0d2205f-219e-4ad8-921d-e17c69e607e7,2026-07-09T08:00:00Z,2026-07-09T10:00:00+0200,2490.0,MW,DK1,DK_1,forecast_load,Forecasted Load,2026-08-06T05:54:35Z
2026-08-06T05:51:50Z,2026-08-06T07:51:50+0200,c0d2205f-219e-4ad8-921d-e17c69e607e7,2026-07-09T09:00:00Z,2026-07-09T11:00:00+0200,2581.0,MW,DK1,DK_1,forecast_load,Forecasted Load,2026-08-06T05:54:35Z
2026-08-06T05:51:50Z,2026-08-06T07:51:50+0200,c0d2205f-219e-4ad8-921d-e17c69e607e7,2026-07-09T10:00:00Z,2026-07-09T12:00:00+0200,2725.0,MW,DK1,DK_1,forecast_load,Forecasted Load,2026-08-06T05:54:35Z
2026-08-06T05:51:50Z,2026-08-06T07:51:50+0200,c0d2205f-219e-4ad8-921d-e17c69e607e7,2026-07-09T11:00:00Z,2026-07-09T13:00:00+0200,2938.0,MW,DK1,DK_1,forecast_load,Forecasted Load,2026-08-06T05:54:35Z
2026-08-06T05:51:50Z,2026-08-06T07:51:50+0200,c0d2205f-219e-4ad8-921d-e17c69e607e7,2026-07-09T12:00:00Z,2026-07-09T14:00:00+0200,2940.0,MW,DK1,DK_1,forecast_load,Forecasted Load,2026-08-06T05:54:35Z
2026-08-06T05:51:50Z,2026-08-06T07:51:50+0200,c0d2205f-219e-4ad8-921d-e17c69e607e7,2026-07-09T13:00:00Z,2026-07-09T15:00:00+0200,2836.0,MW,DK1,DK_1,forecast_load,Forecasted Load,2026-08-06T05:54:35Z
2026-08-06T05:51:50Z,2026-08-06T07:51:50+0200,c0d2205f-219e-4ad8-921d-e17c69e607e7,2026-07-09T14:00:00Z,2026-07-09T16:00:00+0200,2667.0,MW,DK1,DK_1,forecast_load,Forecasted Load,2026-08-06T05:54:35Z
2026-08-06T05:51:50Z,2026-08-06T07:51:50+0200,c0d2205f-219e-4ad8-921d-e17c69e607e7,2026-07-09T15:00:00Z,2026-07-09T17:00:00+0200,2402.0,MW,DK1,DK_1,forecast_load,Forecasted Load,2026-08-06T05:54:35Z
2026-08-06T05:51:50Z,2026-08-06T07:51:50+0200,c0d2205f-219e-4ad8-921d-e17c69e607e7,2026-07-09T16:00:00Z,2026-07-09T18:00:00+0200,2415.0,MW,DK1,DK_1,forecast_load,Forecasted Load,2026-08-06T05:54:35Z
2026-08-06T05:51:50Z,2026-08-06T07:51:50+0200,c0d2205f-219e-4ad8-921d-e17c69e607e7,2026-07-09T17:00:00Z,2026-07-09T19:00:00+0200,2374.0,MW,DK1,DK_1,forecast_load,Forecasted Load,2026-08-06T05:54:35Z
2026-08-06T05:51:50Z,2026-08-06T07:51:50+0200,c0d2205f-219e-4ad8-921d-e17c69e607e7,2026-07-09T18:00:00Z,2026-07-09T20:00:00+0200,2380.0,MW,DK1,DK_1,forecast_load,Forecasted Load,2026-08-06T05:54:35Z
2026-08-06T05:51:50Z,2026-08-06T07:51:50+0200,c0d2205f-219e-4ad8-921d-e17c69e607e7,2026-07-09T19:00:00Z,2026-07-09T21:00:00+0200,2304.0,MW,DK1,DK_1,forecast_load,Forecasted Load,2026-08-06T05:54:35Z
2026-08-06T05:51:50Z,2026-08-06T07:51:50+0200,c0d2205f-219e-4ad8-921d-e17c69e607e7,2026-07-09T20:00:00Z,2026-07-09T22:00:00+0200,2292.0,MW,DK1,DK_1,forecast_load,Forecasted Load,2026-08-06T05:54:35Z
2026-08-06T05:51:50Z,2026-08-06T07:51:50+0200,c0d2205f-219e-4ad8-921d-e17c69e607e7,2026-07-09T21:00:00Z,2026-07-09T23:00:00+0200,2231.0,MW,DK1,DK_1,forecast_load,Forecasted Load,2026-08-06T05:54:35Z
2026-08-06T05:51:50Z,2026-08-06T07:51:50+0200,c0d2205f-219e-4ad8-921d-e17c69e607e7,2026-07-09T22:00:00Z,2026-07-10T00:00:00+0200,2117.0,MW,DK1,DK_1,forecast_load,Forecasted Load,2026-08-06T05:54:35Z
2026-08-06T05:51:50Z,2026-08-06T07:51:50+0200,c0d2205f-219e-4ad8-921d-e17c69e607e7,2026-07-09T23:00:00Z,2026-07-10T01:00:00+0200,2151.8,MW,DK1,DK_1,forecast_load,Forecasted Load,2026-08-06T05:54:35Z
2026-08-06T05:51:50Z,2026-08-06T07:51:50+0200,c0d2205f-219e-4ad8-921d-e17c69e607e7,2026-07-10T00:00:00Z,2026-07-10T02:00:00+0200,2095.9,MW,DK1,DK_1,forecast_load,Forecasted Load,2026-08-06T05:54:35Z
2026-08-06T05:51:50Z,2026-08-06T07:51:50+0200,c0d2205f-219e-4ad8-921d-e17c69e607e7,2026-07-10T01:00:00Z,2026-07-10T03:00:00+0200,2015.2,MW,DK1,DK_1,forecast_load,Forecasted Load,2026-08-06T05:54:35Z
2026-08-06T05:51:50Z,2026-08-06T07:51:50+0200,c0d2205f-219e-4ad8-921d-e17c69e607e7,2026-07-10T02:00:00Z,2026-07-10T04:00:00+0200,1943.0,MW,DK1,DK_1,forecast_load,Forecasted Load,2026-08-06T05:54:35Z
2026-08-06T05:51:50Z,2026-08-06T07:51:50+0200,c0d2205f-219e-4ad8-921d-e17c69e607e7,2026-07-10T03:00:00Z,2026-07-10T05:00:00+0200,1919.8,MW,DK1,DK_1,forecast_load,Forecasted Load,2026-08-06T05:54:35Z
2026-08-06T05:51:50Z,2026-08-06T07:51:50+0200,c0d2205f-219e-4ad8-921d-e17c69e607e7,2026-07-10T04:00:00Z,2026-07-10T06:00:00+0200,2087.7,MW,DK1,DK_1,forecast_load,Forecasted Load,2026-08-06T05:54:35Z
2026-08-06T05:51:50Z,2026-08-06T07:51:50+0200,c0d2205f-219e-4ad8-921d-e17c69e607e7,2026-07-10T05:00:00Z,2026-07-10T07:00:00+0200,2305.6,MW,DK1,DK_1,forecast_load,Forecasted Load,2026-08-06T05:54:35Z
2026-08-06T05:51:50Z,2026-08-06T07:51:50+0200,c0d2205f-219e-4ad8-921d-e17c69e607e7,2026-07-10T06:00:00Z,2026-07-10T08:00:00+0200,2423.6,MW,DK1,DK_1,forecast_load,Forecasted Load,2026-08-06T05:54:35Z
2026-08-06T05:51:50Z,2026-08-06T07:51:50+0200,c0d2205f-219e-4ad8-921d-e17c69e607e7,2026-07-10T07:00:00Z,2026-07-10T09:00:00+0200,2491.8,MW,DK1,DK_1,forecast_load,Forecasted Load,2026-08-06T05:54:35Z
2026-08-06T05:51:50Z,2026-08-06T07:51:50+0200,c0d2205f-219e-4ad8-921d-e17c69e607e7,2026-07-10T08:00:00Z,2026-07-10T10:00:00+0200,2558.1,MW,DK1,DK_1,forecast_load,Forecasted Load,2026-08-06T05:54:35Z
2026-08-06T05:51:50Z,2026-08-06T07:51:50+0200,c0d2205f-219e-4ad8-921d-e17c69e607e7,2026-07-10T09:00:00Z,2026-07-10T11:00:00+0200,2514.6,MW,DK1,DK_1,forecast_load,Forecasted Load,2026-08-06T05:54:35Z
2026-08-06T05:51:50Z,2026-08-06T07:51:50+0200,c0d2205f-219e-4ad8-921d-e17c69e607e7,2026-07-10T10:00:00Z,2026-07-10T12:00:00+0200,2510.1,MW,DK1,DK_1,forecast_load,Forecasted Load,2026-08-06T05:54:35Z
2026-08-06T05:51:50Z,2026-08-06T07:51:50+0200,c0d2205f-219e-4ad8-921d-e17c69e607e7,2026-07-10T11:00:00Z,2026-07-10T13:00:00+0200,2650.6,MW,DK1,DK_1,forecast_load,Forecasted Load,2026-08-06T05:54:35Z
2026-08-06T05:51:50Z,2026-08-06T07:51:50+0200,c0d2205f-219e-4ad8-921d-e17c69e607e7,2026-07-10T12:00:00Z,2026-07-10T14:00:00+0200,2654.3,MW,DK1,DK_1,forecast_load,Forecasted Load,2026-08-06T05:54:35Z
2026-08-06T05:51:50Z,2026-08-06T07:51:50+0200,c0d2205f-219e-4ad8-921d-e17c69e607e7,2026-07-10T13:00:00Z,2026-07-10T15:00:00+0200,2406.1,MW,DK1,DK_1,forecast_load,Forecasted Load,2026-08-06T05:54:35Z
2026-08-06T05:51:50Z,2026-08-06T07:51:50+0200,c0d2205f-219e-4ad8-921d-e17c69e607e7,2026-07-10T14:00:00Z,2026-07-10T16:00:00+0200,2283.9,MW,DK1,DK_1,forecast_load,Forecasted Load,2026-08-06T05:54:35Z
2026-08-06T05:51:50Z,2026-08-06T07:51:50+0200,c0d2205f-219e-4ad8-921d-e17c69e607e7,2026-07-10T15:00:00Z,2026-07-10T17:00:00+0200,2311.4,MW,DK1,DK_1,forecast_load,Forecasted Load,2026-08-06T05:54:35Z
2026-08-06T05:51:50Z,2026-08-06T07:51:50+0200,c0d2205f-219e-4ad8-921d-e17c69e607e7,2026-07-10T16:00:00Z,2026-07-10T18:00:00+0200,2289.4,MW,DK1,DK_1,forecast_load,Forecasted Load,2026-08-06T05:54:35Z
2026-08-06T05:51:50Z,2026-08-06T07:51:50+0200,c0d2205f-219e-4ad8-921d-e17c69e607e7,2026-07-10T17:00:00Z,2026-07-10T19:00:00+0200,2280.0,MW,DK1,DK_1,forecast_load,Forecasted Load,2026-08-06T05:54:35Z
2026-08-06T05:51:50Z,2026-08-06T07:51:50+0200,c0d2205f-219e-4ad8-921d-e17c69e607e7,2026-07-10T18:00:00Z,2026-07-10T20:00:00+0200,2254.5,MW,DK1,DK_1,forecast_load,Forecasted Load,2026-08-06T05:54:35Z
2026-08-06T05:51:50Z,2026-08-06T07:51:50+0200,c0d2205f-219e-4ad8-921d-e17c69e607e7,2026-07-10T19:00:00Z,2026-07-10T21:00:00+0200,2201.0,MW,DK1,DK_1,forecast_load,Forecasted Load,2026-08-06T05:54:35Z
2026-08-06T05:51:50Z,2026-08-06T07:51:50+0200,c0d2205f-219e-4ad8-921d-e17c69e607e7,2026-07-10T20:00:00Z,2026-07-10T22:00:00+0200,2130.9,MW,DK1,DK_1,forecast_load,Forecasted Load,2026-08-06T05:54:35Z
2026-08-06T05:51:50Z,2026-08-06T07:51:50+0200,c0d2205f-219e-4ad8-921d-e17c69e607e7,2026-07-10T21:00:00Z,2026-07-10T23:00:00+0200,2027.0,MW,DK1,DK_1,forecast_load,Forecasted Load,2026-08-06T05:54:35Z
2026-08-06T05:51:50Z,2026-08-06T07:51:50+0200,c0d2205f-219e-4ad8-921d-e17c69e607e7,2026-07-10T22:00:00Z,2026-07-11T00:00:00+0200,1964.0,MW,DK1,DK_1,forecast_load,Forecasted Load,2026-08-06T05:54:35Z
2026-08-06T05:51:50Z,2026-08-06T07:51:50+0200,c0d2205f-219e-4ad8-921d-e17c69e607e7,2026-07-10T23:00:00Z,2026-07-11T01:00:00+0200,1997.0,MW,DK1,DK_1,forecast_load,Forecasted Load,2026-08-06T05:54:35Z
2026-08-06T05:51:50Z,2026-08-06T07:51:50+0200,c0d2205f-219e-4ad8-921d-e17c69e607e7,2026-07-11T00:00:00Z,2026-07-11T02:00:00+0200,1924.0,MW,DK1,DK_1,forecast_load,Forecasted Load,2026-08-06T05:54:35Z
2026-08-06T05:51:50Z,2026-08-06T07:51:50+0200,c0d2205f-219e-4ad8-921d-e17c69e607e7,2026-07-11T01:00:00Z,2026-07-11T03:00:00+0200,1865.0,MW,DK1,DK_1,forecast_load,Forecasted Load,2026-08-06T05:54:35Z
2026-08-06T05:51:50Z,2026-08-06T07:51:50+0200,c0d2205f-219e-4ad8-921d-e17c69e607e7,2026-07-11T02:00:00Z,2026-07-11T04:00:00+0200,1803.0,MW,DK1,DK_1,forecast_load,Forecasted Load,2026-08-06T05:54:35Z
2026-08-06T05:51:50Z,2026-08-06T07:51:50+0200,c0d2205f-219e-4ad8-921d-e17c69e607e7,2026-07-11T03:00:00Z,2026-07-11T05:00:00+0200,1757.0,MW,DK1,DK_1,forecast_load,Forecasted Load,2026-08-06T05:54:35Z
2026-08-06T05:51:50Z,2026-08-06T07:51:50+0200,c0d2205f-219e-4ad8-921d-e17c69e607e7,2026-07-11T04:00:00Z,2026-07-11T06:00:00+0200,1766.0,MW,DK1,DK_1,forecast_load,Forecasted Load,2026-08-06T05:54:35Z
2026-08-06T05:51:50Z,2026-08-06T07:51:50+0200,c0d2205f-219e-4ad8-921d-e17c69e607e7,2026-07-11T05:00:00Z,2026-07-11T07:00:00+0200,1834.0,MW,DK1,DK_1,forecast_load,Forecasted Load,2026-08-06T05:54:35Z
2026-08-06T05:51:50Z,2026-08-06T07:51:50+0200,c0d2205f-219e-4ad8-921d-e17c69e607e7,2026-07-11T06:00:00Z,2026-07-11T08:00:00+0200,1888.0,MW,DK1,DK_1,forecast_load,Forecasted Load,2026-08-06T05:54:35Z
2026-08-06T05:51:50Z,2026-08-06T07:51:50+0200,c0d2205f-219e-4ad8-921d-e17c69e607e7,2026-07-11T07:00:00Z,2026-07-11T09:00:00+0200,1992.0,MW,DK1,DK_1,forecast_load,Forecasted Load,2026-08-06T05:54:35Z
2026-08-06T05:51:50Z,2026-08-06T07:51:50+0200,c0d2205f-219e-4ad8-921d-e17c69e607e7,2026-07-11T08:00:00Z,2026-07-11T10:00:00+0200,2249.0,MW,DK1,DK_1,forecast_load,Forecasted Load,2026-08-06T05:54:35Z
2026-08-06T05:51:50Z,2026-08-06T07:51:50+0200,c0d2205f-219e-4ad8-921d-e17c69e607e7,2026-07-11T09:00:00Z,2026-07-11T11:00:00+0200,2571.0,MW,DK1,DK_1,forecast_load,Forecasted Load,2026-08-06T05:54:35Z
2026-08-06T05:51:50Z,2026-08-06T07:51:50+0200,c0d2205f-219e-4ad8-921d-e17c69e607e7,2026-07-11T10:00:00Z,2026-07-11T12:00:00+0200,2696.0,MW,DK1,DK_1,forecast_load,Forecasted Load,2026-08-06T05:54:35Z
2026-08-06T05:51:50Z,2026-08-06T07:51:50+0200,c0d2205f-219e-4ad8-921d-e17c69e607e7,2026-07-11T11:00:00Z,2026-07-11T13:00:00+0200,2661.0,MW,DK1,DK_1,forecast_load,Forecasted Load,2026-08-06T05:54:35Z
2026-08-06T05:51:50Z,2026-08-06T07:51:50+0200,c0d2205f-219e-4ad8-921d-e17c69e607e7,2026-07-11T12:00:00Z,2026-07-11T14:00:00+0200,2580.0,MW,DK1,DK_1,forecast_load,Forecasted Load,2026-08-06T05:54:35Z
2026-08-06T05:51:50Z,2026-08-06T07:51:50+0200,c0d2205f-219e-4ad8-921d-e17c69e607e7,2026-07-11T13:00:00Z,2026-07-11T15:00:00+0200,2501.0,MW,DK1,DK_1,forecast_load,Forecasted Load,2026-08-06T05:54:35Z
2026-08-06T05:51:50Z,2026-08-06T07:51:50+0200,c0d2205f-219e-4ad8-921d-e17c69e607e7,2026-07-11T14:00:00Z,2026-07-11T16:00:00+0200,2415.0,MW,DK1,DK_1,forecast_load,Forecasted Load,2026-08-06T05:54:35Z
2026-08-06T05:51:50Z,2026-08-06T07:51:50+0200,c0d2205f-219e-4ad8-921d-e17c69e607e7,2026-07-11T15:00:00Z,2026-07-11T17:00:00+0200,2253.0,MW,DK1,DK_1,forecast_load,Forecasted Load,2026-08-06T05:54:35Z
2026-08-06T05:51:50Z,2026-08-06T07:51:50+0200,c0d2205f-219e-4ad8-921d-e17c69e607e7,2026-07-11T16:00:00Z,2026-07-11T18:00:00+0200,2161.0,MW,DK1,DK_1,forecast_load,Forecasted Load,2026-08-06T05:54:35Z
2026-08-06T05:51:50Z,2026-08-06T07:51:50+0200,c0d2205f-219e-4ad8-921d-e17c69e607e7,2026-07-11T17:00:00Z,2026-07-11T19:00:00+0200,2119.0,MW,DK1,DK_1,forecast_load,Forecasted Load,2026-08-06T05:54:35Z
2026-08-06T05:51:50Z,2026-08-06T07:51:50+0200,c0d2205f-219e-4ad8-921d-e17c69e607e7,2026-07-11T18:00:00Z,2026-07-11T20:00:00+0200,2078.0,MW,DK1,DK_1,forecast_load,Forecasted Load,2026-08-06T05:54:35Z
2026-08-06T05:51:50Z,2026-08-06T07:51:50+0200,c0d2205f-219e-4ad8-921d-e17c69e607e7,2026-07-11T19:00:00Z,2026-07-11T21:00:00+0200,2009.0,MW,DK1,DK_1,forecast_load,Forecasted Load,2026-08-06T05:54:35Z
2026-08-06T05:51:50Z,2026-08-06T07:51:50+0200,c0d2205f-219e-4ad8-921d-e17c69e607e7,2026-07-11T20:00:00Z,2026-07-11T22:00:00+0200,1941.0,MW,DK1,DK_1,forecast_load,Forecasted Load,2026-08-06T05:54:35Z
2026-08-06T05:51:50Z,2026-08-06T07:51:50+0200,c0d2205f-219e-4ad8-921d-e17c69e607e7,2026-07-11T21:00:00Z,2026-07-11T23:00:00+0200,1853.0,MW,DK1,DK_1,forecast_load,Forecasted Load,2026-08-06T05:54:35Z
2026-08-06T05:51:50Z,2026-08-06T07:51:50+0200,c0d2205f-219e-4ad8-921d-e17c69e607e7,2026-07-11T22:00:00Z,2026-07-12T00:00:00+0200,1914.0,MW,DK1,DK_1,forecast_load,Forecasted Load,2026-08-06T05:54:35Z
2026-08-06T05:51:50Z,2026-08-06T07:51:50+0200,c0d2205f-219e-4ad8-921d-e17c69e607e7,2026-07-11T23:00:00Z,2026-07-12T01:00:00+0200,1910.0,MW,DK1,DK_1,forecast_load,Forecasted Load,2026-08-06T05:54:35Z
2026-08-06T05:51:50Z,2026-08-06T07:51:50+0200,c0d2205f-219e-4ad8-921d-e17c69e607e7,2026-07-12T00:00:00Z,2026-07-12T02:00:00+0200,1840.0,MW,DK1,DK_1,forecast_load,Forecasted Load,2026-08-06T05:54:35Z
2026-08-06T05:51:50Z,2026-08-06T07:51:50+0200,c0d2205f-219e-4ad8-921d-e17c69e607e7,2026-07-12T01:00:00Z,2026-07-12T03:00:00+0200,1826.0,MW,DK1,DK_1,forecast_load,Forecasted Load,2026-08-06T05:54:35Z
2026-08-06T05:51:50Z,2026-08-06T07:51:50+0200,c0d2205f-219e-4ad8-921d-e17c69e607e7,2026-07-12T02:00:00Z,2026-07-12T04:00:00+0200,1763.0,MW,DK1,DK_1,forecast_load,Forecasted Load,2026-08-06T05:54:35Z
2026-08-06T05:51:50Z,2026-08-06T07:51:50+0200,c0d2205f-219e-4ad8-921d-e17c69e607e7,2026-07-12T03:00:00Z,2026-07-12T05:00:00+0200,1698.0,MW,DK1,DK_1,forecast_load,Forecasted Load,2026-08-06T05:54:35Z
2026-08-06T05:51:50Z,2026-08-06T07:51:50+0200,c0d2205f-219e-4ad8-921d-e17c69e607e7,2026-07-12T04:00:00Z,2026-07-12T06:00:00+0200,1697.0,MW,DK1,DK_1,forecast_load,Forecasted Load,2026-08-06T05:54:35Z
2026-08-06T05:51:50Z,2026-08-06T07:51:50+0200,c0d2205f-219e-4ad8-921d-e17c69e607e7,2026-07-12T05:00:00Z,2026-07-12T07:00:00+0200,1737.0,MW,DK1,DK_1,forecast_load,Forecasted Load,2026-08-06T05:54:35Z
2026-08-06T05:51:50Z,2026-08-06T07:51:50+0200,c0d2205f-219e-4ad8-921d-e17c69e607e7,2026-07-12T06:00:00Z,2026-07-12T08:00:00+0200,1895.0,MW,DK1,DK_1,forecast_load,Forecasted Load,2026-08-06T05:54:35Z
2026-08-06T05:51:50Z,2026-08-06T07:51:50+0200,c0d2205f-219e-4ad8-921d-e17c69e607e7,2026-07-12T07:00:00Z,2026-07-12T09:00:00+0200,2171.0,MW,DK1,DK_1,forecast_load,Forecasted Load,2026-08-06T05:54:35Z
2026-08-06T05:51:50Z,2026-08-06T07:51:50+0200,c0d2205f-219e-4ad8-921d-e17c69e607e7,2026-07-12T08:00:00Z,2026-07-12T10:00:00+0200,2405.0,MW,DK1,DK_1,forecast_load,Forecasted Load,2026-08-06T05:54:35Z
2026-08-06T05:51:50Z,2026-08-06T07:51:50+0200,c0d2205f-219e-4ad8-921d-e17c69e607e7,2026-07-12T09:00:00Z,2026-07-12T11:00:00+0200,2584.0,MW,DK1,DK_1,forecast_load,Forecasted Load,2026-08-06T05:54:35Z
2026-08-06T05:51:50Z,2026-08-06T07:51:50+0200,c0d2205f-219e-4ad8-921d-e17c69e607e7,2026-07-12T10:00:00Z,2026-07-12T12:00:00+0200,2791.0,MW,DK1,DK_1,forecast_load,Forecasted Load,2026-08-06T05:54:35Z
2026-08-06T05:51:50Z,2026-08-06T07:51:50+0200,c0d2205f-219e-4ad8-921d-e17c69e607e7,2026-07-12T11:00:00Z,2026-07-12T13:00:00+0200,2835.0,MW,DK1,DK_1,forecast_load,Forecasted Load,2026-08-06T05:54:35Z
2026-08-06T05:51:50Z,2026-08-06T07:51:50+0200,c0d2205f-219e-4ad8-921d-e17c69e607e7,2026-07-12T12:00:00Z,2026-07-12T14:00:00+0200,2807.0,MW,DK1,DK_1,forecast_load,Forecasted Load,2026-08-06T05:54:35Z
2026-08-06T05:51:50Z,2026-08-06T07:51:50+0200,c0d2205f-219e-4ad8-921d-e17c69e607e7,2026-07-12T13:00:00Z,2026-07-12T15:00:00+0200,2746.0,MW,DK1,DK_1,forecast_load,Forecasted Load,2026-08-06T05:54:35Z
2026-08-06T05:51:50Z,2026-08-06T07:51:50+0200,c0d2205f-219e-4ad8-921d-e17c69e607e7,2026-07-12T14:00:00Z,2026-07-12T16:00:00+0200,2652.0,MW,DK1,DK_1,forecast_load,Forecasted Load,2026-08-06T05:54:35Z
2026-08-06T05:51:50Z,2026-08-06T07:51:50+0200,c0d2205f-219e-4ad8-921d-e17c69e607e7,2026-07-12T15:00:00Z,2026-07-12T17:00:00+0200,2572.0,MW,DK1,DK_1,forecast_load,Forecasted Load,2026-08-06T05:54:35Z
2026-08-06T05:51:50Z,2026-08-06T07:51:50+0200,c0d2205f-219e-4ad8-921d-e17c69e607e7,2026-07-12T16:00:00Z,2026-07-12T18:00:00+0200,2382.0,MW,DK1,DK_1,forecast_load,Forecasted Load,2026-08-06T05:54:35Z
2026-08-06T05:51:50Z,2026-08-06T07:51:50+0200,c0d2205f-219e-4ad8-921d-e17c69e607e7,2026-07-12T17:00:00Z,2026-07-12T19:00:00+0200,2201.0,MW,DK1,DK_1,forecast_load,Forecasted Load,2026-08-06T05:54:35Z
2026-08-06T05:51:50Z,2026-08-06T07:51:50+0200,c0d2205f-219e-4ad8-921d-e17c69e607e7,2026-07-12T18:00:00Z,2026-07-12T20:00:00+0200,2179.0,MW,DK1,DK_1,forecast_load,Forecasted Load,2026-08-06T05:54:35Z
2026-08-06T05:51:50Z,2026-08-06T07:51:50+0200,c0d2205f-219e-4ad8-921d-e17c69e607e7,2026-07-12T19:00:00Z,2026-07-12T21:00:00+0200,2131.0,MW,DK1,DK_1,forecast_load,Forecasted Load,2026-08-06T05:54:35Z
2026-08-06T05:51:50Z,2026-08-06T07:51:50+0200,c0d2205f-219e-4ad8-921d-e17c69e607e7,2026-07-12T20:00:00Z,2026-07-12T22:00:00+0200,2100.0,MW,DK1,DK_1,forecast_load,Forecasted Load,2026-08-06T05:54:35Z
2026-08-06T05:51:50Z,2026-08-06T07:51:50+0200,c0d2205f-219e-4ad8-921d-e17c69e607e7,2026-07-12T21:00:00Z,2026-07-12T23:00:00+0200,2062.0,MW,DK1,DK_1,forecast_load,Forecasted Load,2026-08-06T05:54:35Z
2026-08-06T05:51:50Z,2026-08-06T07:51:50+0200,c0d2205f-219e-4ad8-921d-e17c69e607e7,2026-07-12T22:00:00Z,2026-07-13T00:00:00+0200,1986.0,MW,DK1,DK_1,forecast_load,Forecasted Load,2026-08-06T05:54:35Z
2026-08-06T05:51:50Z,2026-08-06T07:51:50+0200,c0d2205f-219e-4ad8-921d-e17c69e607e7,2026-07-12T23:00:00Z,2026-07-13T01:00:00+0200,1941.0,MW,DK1,DK_1,forecast_load,Forecasted Load,2026-08-06T05:54:35Z
2026-08-06T05:51:50Z,2026-08-06T07:51:50+0200,c0d2205f-219e-4ad8-921d-e17c69e607e7,2026-07-13T00:00:00Z,2026-07-13T02:00:00+0200,1925.0,MW,DK1,DK_1,forecast_load,Forecasted Load,2026-08-06T05:54:35Z
2026-08-06T05:51:50Z,2026-08-06T07:51:50+0200,c0d2205f-219e-4ad8-921d-e17c69e607e7,2026-07-13T01:00:00Z,2026-07-13T03:00:00+0200,1885.0,MW,DK1,DK_1,forecast_load,Forecasted Load,2026-08-06T05:54:35Z
2026-08-06T05:51:50Z,2026-08-06T07:51:50+0200,c0d2205f-219e-4ad8-921d-e17c69e607e7,2026-07-13T02:00:00Z,2026-07-13T04:00:00+0200,1814.0,MW,DK1,DK_1,forecast_load,Forecasted Load,2026-08-06T05:54:35Z
2026-08-06T05:51:50Z,2026-08-06T07:51:50+0200,c0d2205f-219e-4ad8-921d-e17c69e607e7,2026-07-13T03:00:00Z,2026-07-13T05:00:00+0200,1826.0,MW,DK1,DK_1,forecast_load,Forecasted Load,2026-08-06T05:54:35Z
2026-08-06T05:51:50Z,2026-08-06T07:51:50+0200,c0d2205f-219e-4ad8-921d-e17c69e607e7,2026-07-13T04:00:00Z,2026-07-13T06:00:00+0200,1984.0,MW,DK1,DK_1,forecast_load,Forecasted Load,2026-08-06T05:54:35Z
2026-08-06T05:51:50Z,2026-08-06T07:51:50+0200,c0d2205f-219e-4ad8-921d-e17c69e607e7,2026-07-13T05:00:00Z,2026-07-13T07:00:00+0200,2140.0,MW,DK1,DK_1,forecast_load,Forecasted Load,2026-08-06T05:54:35Z
2026-08-06T05:51:50Z,2026-08-06T07:51:50+0200,c0d2205f-219e-4ad8-921d-e17c69e607e7,2026-07-13T06:00:00Z,2026-07-13T08:00:00+0200,2291.0,MW,DK1,DK_1,forecast_load,Forecasted Load,2026-08-06T05:54:35Z
2026-08-06T05:51:50Z,2026-08-06T07:51:50+0200,c0d2205f-219e-4ad8-921d-e17c69e607e7,2026-07-13T07:00:00Z,2026-07-13T09:00:00+0200,2379.0,MW,DK1,DK_1,forecast_load,Forecasted Load,2026-08-06T05:54:35Z
2026-08-06T05:51:50Z,2026-08-06T07:51:50+0200,c0d2205f-219e-4ad8-921d-e17c69e607e7,2026-07-13T08:00:00Z,2026-07-13T10:00:00+0200,2466.0,MW,DK1,DK_1,forecast_load,Forecasted Load,2026-08-06T05:54:35Z
2026-08-06T05:51:50Z,2026-08-06T07:51:50+0200,c0d2205f-219e-4ad8-921d-e17c69e607e7,2026-07-13T09:00:00Z,2026-07-13T11:00:00+0200,2620.0,MW,DK1,DK_1,forecast_load,Forecasted Load,2026-08-06T05:54:35Z
2026-08-06T05:51:50Z,2026-08-06T07:51:50+0200,c0d2205f-219e-4ad8-921d-e17c69e607e7,2026-07-13T10:00:00Z,2026-07-13T12:00:00+0200,2629.0,MW,DK1,DK_1,forecast_load,Forecasted Load,2026-08-06T05:54:35Z
2026-08-06T05:51:50Z,2026-08-06T07:51:50+0200,c0d2205f-219e-4ad8-921d-e17c69e607e7,2026-07-13T11:00:00Z,2026-07-13T13:00:00+0200,2736.0,MW,DK1,DK_1,forecast_load,Forecasted Load,2026-08-06T05:54:35Z
2026-08-06T05:51:50Z,2026-08-06T07:51:50+0200,c0d2205f-219e-4ad8-921d-e17c69e607e7,2026-07-13T12:00:00Z,2026-07-13T14:00:00+0200,2688.0,MW,DK1,DK_1,forecast_load,Forecasted Load,2026-08-06T05:54:35Z
2026-08-06T05:51:50Z,2026-08-06T07:51:50+0200,c0d2205f-219e-4ad8-921d-e17c69e607e7,2026-07-13T13:00:00Z,2026-07-13T15:00:00+0200,2549.0,MW,DK1,DK_1,forecast_load,Forecasted Load,2026-08-06T05:54:35Z
2026-08-06T05:51:50Z,2026-08-06T07:51:50+0200,c0d2205f-219e-4ad8-921d-e17c69e607e7,2026-07-13T14:00:00Z,2026-07-13T16:00:00+0200,2410.0,MW,DK1,DK_1,forecast_load,Forecasted Load,2026-08-06T05:54:35Z
2026-08-06T05:51:50Z,2026-08-06T07:51:50+0200,c0d2205f-219e-4ad8-921d-e17c69e607e7,2026-07-13T15:00:00Z,2026-07-13T17:00:00+0200,2430.0,MW,DK1,DK_1,forecast_load,Forecasted Load,2026-08-06T05:54:35Z
2026-08-06T05:51:50Z,2026-08-06T07:51:50+0200,c0d2205f-219e-4ad8-921d-e17c69e607e7,2026-07-13T16:00:00Z,2026-07-13T18:00:00+0200,2423.0,MW,DK1,DK_1,forecast_load,Forecasted Load,2026-08-06T05:54:35Z
2026-08-06T05:51:50Z,2026-08-06T07:51:50+0200,c0d2205f-219e-4ad8-921d-e17c69e607e7,2026-07-13T17:00:00Z,2026-07-13T19:00:00+0200,2356.0,MW,DK1,DK_1,forecast_load,Forecasted Load,2026-08-06T05:54:35Z
2026-08-06T05:51:50Z,2026-08-06T07:51:50+0200,c0d2205f-219e-4ad8-921d-e17c69e607e7,2026-07-13T18:00:00Z,2026-07-13T20:00:00+0200,2316.0,MW,DK1,DK_1,forecast_load,Forecasted Load,2026-08-06T05:54:35Z
2026-08-06T05:51:50Z,2026-08-06T07:51:50+0200,c0d2205f-219e-4ad8-921d-e17c69e607e7,2026-07-13T19:00:00Z,2026-07-13T21:00:00+0200,2270.0,MW,DK1,DK_1,forecast_load,Forecasted Load,2026-08-06T05:54:35Z
2026-08-06T05:51:50Z,2026-08-06T07:51:50+0200,c0d2205f-219e-4ad8-921d-e17c69e607e7,2026-07-13T20:00:00Z,2026-07-13T22:00:00+0200,2237.0,MW,DK1,DK_1,forecast_load,Forecasted Load,2026-08-06T05:54:35Z
2026-08-06T05:51:50Z,2026-08-06T07:51:50+0200,c0d2205f-219e-4ad8-921d-e17c69e607e7,2026-07-13T21:00:00Z,2026-07-13T23:00:00+0200,2148.0,MW,DK1,DK_1,forecast_load,Forecasted Load,2026-08-06T05:54:35Z
2026-08-06T05:51:50Z,2026-08-06T07:51:50+0200,c0d2205f-219e-4ad8-921d-e17c69e607e7,2026-07-13T22:00:00Z,2026-07-14T00:00:00+0200,2075.5,MW,DK1,DK_1,forecast_load,Forecasted Load,2026-08-06T05:54:35Z
2026-08-06T05:51:50Z,2026-08-06T07:51:50+0200,c0d2205f-219e-4ad8-921d-e17c69e607e7,2026-07-13T23:00:00Z,2026-07-14T01:00:00+0200,1990.4,MW,DK1,DK_1,forecast_load,Forecasted Load,2026-08-06T05:54:35Z
2026-08-06T05:51:50Z,2026-08-06T07:51:50+0200,c0d2205f-219e-4ad8-921d-e17c69e607e7,2026-07-14T00:00:00Z,2026-07-14T02:00:00+0200,1993.1,MW,DK1,DK_1,forecast_load,Forecasted Load,2026-08-06T05:54:35Z
2026-08-06T05:51:50Z,2026-08-06T07:51:50+0200,c0d2205f-219e-4ad8-921d-e17c69e607e7,2026-07-14T01:00:00Z,2026-07-14T03:00:00+0200,1959.0,MW,DK1,DK_1,forecast_load,Forecasted Load,2026-08-06T05:54:35Z
2026-08-06T05:51:50Z,2026-08-06T07:51:50+0200,c0d2205f-219e-4ad8-921d-e17c69e607e7,2026-07-14T02:00:00Z,2026-07-14T04:00:00+0200,1903.5,MW,DK1,DK_1,forecast_load,Forecasted Load,2026-08-06T05:54:35Z
2026-08-06T05:51:50Z,2026-08-06T07:51:50+0200,c0d2205f-219e-4ad8-921d-e17c69e607e7,2026-07-14T03:00:00Z,2026-07-14T05:00:00+0200,1879.6,MW,DK1,DK_1,forecast_load,Forecasted Load,2026-08-06T05:54:35Z
2026-08-06T05:51:50Z,2026-08-06T07:51:50+0200,c0d2205f-219e-4ad8-921d-e17c69e607e7,2026-07-14T04:00:00Z,2026-07-14T06:00:00+0200,1994.8,MW,DK1,DK_1,forecast_load,Forecasted Load,2026-08-06T05:54:35Z
2026-08-06T05:51:50Z,2026-08-06T07:51:50+0200,c0d2205f-219e-4ad8-921d-e17c69e607e7,2026-07-14T05:00:00Z,2026-07-14T07:00:00+0200,2168.8,MW,DK1,DK_1,forecast_load,Forecasted Load,2026-08-06T05:54:35Z
2026-08-06T05:51:50Z,2026-08-06T07:51:50+0200,c0d2205f-219e-4ad8-921d-e17c69e607e7,2026-07-14T06:00:00Z,2026-07-14T08:00:00+0200,2263.4,MW,DK1,DK_1,forecast_load,Forecasted Load,2026-08-06T05:54:35Z
2026-08-06T05:51:50Z,2026-08-06T07:51:50+0200,c0d2205f-219e-4ad8-921d-e17c69e607e7,2026-07-14T07:00:00Z,2026-07-14T09:00:00+0200,2260.8,MW,DK1,DK_1,forecast_load,Forecasted Load,2026-08-06T05:54:35Z
2026-08-06T05:51:50Z,2026-08-06T07:51:50+0200,c0d2205f-219e-4ad8-921d-e17c69e607e7,2026-07-14T08:00:00Z,2026-07-14T10:00:00+0200,2315.9,MW,DK1,DK_1,forecast_load,Forecasted Load,2026-08-06T05:54:35Z
2026-08-06T05:51:50Z,2026-08-06T07:51:50+0200,c0d2205f-219e-4ad8-921d-e17c69e607e7,2026-07-14T09:00:00Z,2026-07-14T11:00:00+0200,2342.0,MW,DK1,DK_1,forecast_load,Forecasted Load,2026-08-06T05:54:35Z
2026-08-06T05:51:50Z,2026-08-06T07:51:50+0200,c0d2205f-219e-4ad8-921d-e17c69e607e7,2026-07-14T10:00:00Z,2026-07-14T12:00:00+0200,2518.5,MW,DK1,DK_1,forecast_load,Forecasted Load,2026-08-06T05:54:35Z
2026-08-06T05:51:50Z,2026-08-06T07:51:50+0200,c0d2205f-219e-4ad8-921d-e17c69e607e7,2026-07-14T11:00:00Z,2026-07-14T13:00:00+0200,2523.5,MW,DK1,DK_1,forecast_load,Forecasted Load,2026-08-06T05:54:35Z
2026-08-06T05:51:50Z,2026-08-06T07:51:50+0200,c0d2205f-219e-4ad8-921d-e17c69e607e7,2026-07-14T12:00:00Z,2026-07-14T14:00:00+0200,2583.2,MW,DK1,DK_1,forecast_load,Forecasted Load,2026-08-06T05:54:35Z
2026-08-06T05:51:50Z,2026-08-06T07:51:50+0200,c0d2205f-219e-4ad8-921d-e17c69e607e7,2026-07-14T13:00:00Z,2026-07-14T15:00:00+0200,2456.3,MW,DK1,DK_1,forecast_load,Forecasted Load,2026-08-06T05:54:35Z
2026-08-06T05:51:50Z,2026-08-06T07:51:50+0200,c0d2205f-219e-4ad8-921d-e17c69e607e7,2026-07-14T14:00:00Z,2026-07-14T16:00:00+0200,2313.5,MW,DK1,DK_1,forecast_load,Forecasted Load,2026-08-06T05:54:35Z
2026-08-06T05:51:50Z,2026-08-06T07:51:50+0200,c0d2205f-219e-4ad8-921d-e17c69e607e7,2026-07-14T15:00:00Z,2026-07-14T17:00:00+0200,2271.4,MW,DK1,DK_1,forecast_load,Forecasted Load,2026-08-06T05:54:35Z
2026-08-06T05:51:50Z,2026-08-06T07:51:50+0200,c0d2205f-219e-4ad8-921d-e17c69e607e7,2026-07-14T16:00:00Z,2026-07-14T18:00:00+0200,2327.1,MW,DK1,DK_1,forecast_load,Forecasted Load,2026-08-06T05:54:35Z
2026-08-06T05:51:50Z,2026-08-06T07:51:50+0200,c0d2205f-219e-4ad8-921d-e17c69e607e7,2026-07-14T17:00:00Z,2026-07-14T19:00:00+0200,2343.3,MW,DK1,DK_1,forecast_load,Forecasted Load,2026-08-06T05:54:35Z
2026-08-06T05:51:50Z,2026-08-06T07:51:50+0200,c0d2205f-219e-4ad8-921d-e17c69e607e7,2026-07-14T18:00:00Z,2026-07-14T20:00:00+0200,2314.2,MW,DK1,DK_1,forecast_load,Forecasted Load,2026-08-06T05:54:35Z
2026-08-06T05:51:50Z,2026-08-06T07:51:50+0200,c0d2205f-219e-4ad8-921d-e17c69e607e7,2026-07-14T19:00:00Z,2026-07-14T21:00:00+0200,2292.5,MW,DK1,DK_1,forecast_load,Forecasted Load,2026-08-06T05:54:35Z
2026-08-06T05:51:50Z,2026-08-06T07:51:50+0200,c0d2205f-219e-4ad8-921d-e17c69e607e7,2026-07-14T20:00:00Z,2026-07-14T22:00:00+0200,2265.8,MW,DK1,DK_1,forecast_load,Forecasted Load,2026-08-06T05:54:35Z
2026-08-06T05:51:50Z,2026-08-06T07:51:50+0200,c0d2205f-219e-4ad8-921d-e17c69e607e7,2026-07-14T21:00:00Z,2026-07-14T23:00:00+0200,2186.4,MW,DK1,DK_1,forecast_load,Forecasted Load,2026-08-06T05:54:35Z
2026-08-06T05:51:50Z,2026-08-06T07:51:50+0200,c0d2205f-219e-4ad8-921d-e17c69e607e7,2026-07-14T22:00:00Z,2026-07-15T00:00:00+0200,2049.9,MW,DK1,DK_1,forecast_load,Forecasted Load,2026-08-06T05:54:35Z
2026-08-06T05:51:50Z,2026-08-06T07:51:50+0200,c0d2205f-219e-4ad8-921d-e17c69e607e7,2026-07-14T23:00:00Z,2026-07-15T01:00:00+0200,2005.8,MW,DK1,DK_1,forecast_load,Forecasted Load,2026-08-06T05:54:35Z
2026-08-06T05:51:50Z,2026-08-06T07:51:50+0200,c0d2205f-219e-4ad8-921d-e17c69e607e7,2026-07-15T00:00:00Z,2026-07-15T02:00:00+0200,1981.9,MW,DK1,DK_1,forecast_load,Forecasted Load,2026-08-06T05:54:35Z
2026-08-06T05:51:50Z,2026-08-06T07:51:50+0200,c0d2205f-219e-4ad8-921d-e17c69e607e7,2026-07-15T01:00:00Z,2026-07-15T03:00:00+0200,1943.0,MW,DK1,DK_1,forecast_load,Forecasted Load,2026-08-06T05:54:35Z
2026-08-06T05:51:50Z,2026-08-06T07:51:50+0200,c0d2205f-219e-4ad8-921d-e17c69e607e7,2026-07-15T02:00:00Z,2026-07-15T04:00:00+0200,1867.5,MW,DK1,DK_1,forecast_load,Forecasted Load,2026-08-06T05:54:35Z
2026-08-06T05:51:50Z,2026-08-06T07:51:50+0200,c0d2205f-219e-4ad8-921d-e17c69e607e7,2026-07-15T03:00:00Z,2026-07-15T05:00:00+0200,1840.9,MW,DK1,DK_1,forecast_load,Forecasted Load,2026-08-06T05:54:35Z
2026-08-06T05:51:50Z,2026-08-06T07:51:50+0200,c0d2205f-219e-4ad8-921d-e17c69e607e7,2026-07-15T04:00:00Z,2026-07-15T06:00:00+0200,1948.3,MW,DK1,DK_1,forecast_load,Forecasted Load,2026-08-06T05:54:35Z
2026-08-06T05:51:50Z,2026-08-06T07:51:50+0200,c0d2205f-219e-4ad8-921d-e17c69e607e7,2026-07-15T05:00:00Z,2026-07-15T07:00:00+0200,2102.7,MW,DK1,DK_1,forecast_load,Forecasted Load,2026-08-06T05:54:35Z
2026-08-06T05:51:50Z,2026-08-06T07:51:50+0200,c0d2205f-219e-4ad8-921d-e17c69e607e7,2026-07-15T06:00:00Z,2026-07-15T08:00:00+0200,2226.5,MW,DK1,DK_1,forecast_load,Forecasted Load,2026-08-06T05:54:35Z
2026-08-06T05:51:50Z,2026-08-06T07:51:50+0200,c0d2205f-219e-4ad8-921d-e17c69e607e7,2026-07-15T07:00:00Z,2026-07-15T09:00:00+0200,2269.3,MW,DK1,DK_1,forecast_load,Forecasted Load,2026-08-06T05:54:35Z
2026-08-06T05:51:50Z,2026-08-06T07:51:50+0200,c0d2205f-219e-4ad8-921d-e17c69e607e7,2026-07-15T08:00:00Z,2026-07-15T10:00:00+0200,2319.2,MW,DK1,DK_1,forecast_load,Forecasted Load,2026-08-06T05:54:35Z
2026-08-06T05:51:50Z,2026-08-06T07:51:50+0200,c0d2205f-219e-4ad8-921d-e17c69e607e7,2026-07-15T09:00:00Z,2026-07-15T11:00:00+0200,2339.3,MW,DK1,DK_1,forecast_load,Forecasted Load,2026-08-06T05:54:35Z
2026-08-06T05:51:50Z,2026-08-06T07:51:50+0200,c0d2205f-219e-4ad8-921d-e17c69e607e7,2026-07-15T10:00:00Z,2026-07-15T12:00:00+0200,2388.6,MW,DK1,DK_1,forecast_load,Forecasted Load,2026-08-06T05:54:35Z
2026-08-06T05:51:50Z,2026-08-06T07:51:50+0200,c0d2205f-219e-4ad8-921d-e17c69e607e7,2026-07-15T11:00:00Z,2026-07-15T13:00:00+0200,2482.8,MW,DK1,DK_1,forecast_load,Forecasted Load,2026-08-06T05:54:35Z
2026-08-06T05:51:50Z,2026-08-06T07:51:50+0200,c0d2205f-219e-4ad8-921d-e17c69e607e7,2026-07-15T12:00:00Z,2026-07-15T14:00:00+0200,2428.1,MW,DK1,DK_1,forecast_load,Forecasted Load,2026-08-06T05:54:35Z
2026-08-06T05:51:50Z,2026-08-06T07:51:50+0200,c0d2205f-219e-4ad8-921d-e17c69e607e7,2026-07-15T13:00:00Z,2026-07-15T15:00:00+0200,2342.5,MW,DK1,DK_1,forecast_load,Forecasted Load,2026-08-06T05:54:35Z
2026-08-06T05:51:50Z,2026-08-06T07:51:50+0200,c0d2205f-219e-4ad8-921d-e17c69e607e7,2026-07-15T14:00:00Z,2026-07-15T16:00:00+0200,2269.4,MW,DK1,DK_1,forecast_load,Forecasted Load,2026-08-06T05:54:35Z
2026-08-06T05:51:50Z,2026-08-06T07:51:50+0200,c0d2205f-219e-4ad8-921d-e17c69e607e7,2026-07-15T15:00:00Z,2026-07-15T17:00:00+0200,2295.5,MW,DK1,DK_1,forecast_load,Forecasted Load,2026-08-06T05:54:35Z
2026-08-06T05:51:50Z,2026-08-06T07:51:50+0200,c0d2205f-219e-4ad8-921d-e17c69e607e7,2026-07-15T16:00:00Z,2026-07-15T18:00:00+0200,2328.8,MW,DK1,DK_1,forecast_load,Forecasted Load,2026-08-06T05:54:35Z
2026-08-06T05:51:50Z,2026-08-06T07:51:50+0200,c0d2205f-219e-4ad8-921d-e17c69e607e7,2026-07-15T17:00:00Z,2026-07-15T19:00:00+0200,2353.9,MW,DK1,DK_1,forecast_load,Forecasted Load,2026-08-06T05:54:35Z
2026-08-06T05:51:50Z,2026-08-06T07:51:50+0200,c0d2205f-219e-4ad8-921d-e17c69e607e7,2026-07-15T18:00:00Z,2026-07-15T20:00:00+0200,2300.3,MW,DK1,DK_1,forecast_load,Forecasted Load,2026-08-06T05:54:35Z
2026-08-06T05:51:50Z,2026-08-06T07:51:50+0200,c0d2205f-219e-4ad8-921d-e17c69e607e7,2026-07-15T19:00:00Z,2026-07-15T21:00:00+0200,2247.3,MW,DK1,DK_1,forecast_load,Forecasted Load,2026-08-06T05:54:35Z
2026-08-06T05:51:50Z,2026-08-06T07:51:50+0200,c0d2205f-219e-4ad8-921d-e17c69e607e7,2026-07-15T20:00:00Z,2026-07-15T22:00:00+0200,2223.6,MW,DK1,DK_1,forecast_load,Forecasted Load,2026-08-06T05:54:35Z
2026-08-06T05:51:50Z,2026-08-06T07:51:50+0200,c0d2205f-219e-4ad8-921d-e17c69e607e7,2026-07-15T21:00:00Z,2026-07-15T23:00:00+0200,2150.8,MW,DK1,DK_1,forecast_load,Forecasted Load,2026-08-06T05:54:35Z
2026-08-06T05:51:50Z,2026-08-06T07:51:50+0200,c0d2205f-219e-4ad8-921d-e17c69e607e7,2026-07-15T22:00:00Z,2026-07-16T00:00:00+0200,2073.3,MW,DK1,DK_1,forecast_load,Forecasted Load,2026-08-06T05:54:35Z
2026-08-06T05:51:50Z,2026-08-06T07:51:50+0200,c0d2205f-219e-4ad8-921d-e17c69e607e7,2026-07-15T23:00:00Z,2026-07-16T01:00:00+0200,2018.9,MW,DK1,DK_1,forecast_load,Forecasted Load,2026-08-06T05:54:35Z
2026-08-06T05:51:50Z,2026-08-06T07:51:50+0200,c0d2205f-219e-4ad8-921d-e17c69e607e7,2026-07-16T00:00:00Z,2026-07-16T02:00:00+0200,1980.2,MW,DK1,DK_1,forecast_load,Forecasted Load,2026-08-06T05:54:35Z
2026-08-06T05:51:50Z,2026-08-06T07:51:50+0200,c0d2205f-219e-4ad8-921d-e17c69e607e7,2026-07-16T01:00:00Z,2026-07-16T03:00:00+0200,1955.0,MW,DK1,DK_1,forecast_load,Forecasted Load,2026-08-06T05:54:35Z
2026-08-06T05:51:50Z,2026-08-06T07:51:50+0200,c0d2205f-219e-4ad8-921d-e17c69e607e7,2026-07-16T02:00:00Z,2026-07-16T04:00:00+0200,1919.9,MW,DK1,DK_1,forecast_load,Forecasted Load,2026-08-06T05:54:35Z
2026-08-06T05:51:50Z,2026-08-06T07:51:50+0200,c0d2205f-219e-4ad8-921d-e17c69e607e7,2026-07-16T03:00:00Z,2026-07-16T05:00:00+0200,1902.0,MW,DK1,DK_1,forecast_load,Forecasted Load,2026-08-06T05:54:35Z
2026-08-06T05:51:50Z,2026-08-06T07:51:50+0200,c0d2205f-219e-4ad8-921d-e17c69e607e7,2026-07-16T04:00:00Z,2026-07-16T06:00:00+0200,1986.3,MW,DK1,DK_1,forecast_load,Forecasted Load,2026-08-06T05:54:35Z
2026-08-06T05:51:50Z,2026-08-06T07:51:50+0200,c0d2205f-219e-4ad8-921d-e17c69e607e7,2026-07-16T05:00:00Z,2026-07-16T07:00:00+0200,2143.0,MW,DK1,DK_1,forecast_load,Forecasted Load,2026-08-06T05:54:35Z
2026-08-06T05:51:50Z,2026-08-06T07:51:50+0200,c0d2205f-219e-4ad8-921d-e17c69e607e7,2026-07-16T06:00:00Z,2026-07-16T08:00:00+0200,2248.9,MW,DK1,DK_1,forecast_load,Forecasted Load,2026-08-06T05:54:35Z
2026-08-06T05:51:50Z,2026-08-06T07:51:50+0200,c0d2205f-219e-4ad8-921d-e17c69e607e7,2026-07-16T07:00:00Z,2026-07-16T09:00:00+0200,2313.8,MW,DK1,DK_1,forecast_load,Forecasted Load,2026-08-06T05:54:35Z
2026-08-06T05:51:50Z,2026-08-06T07:51:50+0200,c0d2205f-219e-4ad8-921d-e17c69e607e7,2026-07-16T08:00:00Z,2026-07-16T10:00:00+0200,2523.1,MW,DK1,DK_1,forecast_load,Forecasted Load,2026-08-06T05:54:35Z
2026-08-06T05:51:50Z,2026-08-06T07:51:50+0200,c0d2205f-219e-4ad8-921d-e17c69e607e7,2026-07-16T09:00:00Z,2026-07-16T11:00:00+0200,2537.3,MW,DK1,DK_1,forecast_load,Forecasted Load,2026-08-06T05:54:35Z
2026-08-06T05:51:50Z,2026-08-06T07:51:50+0200,c0d2205f-219e-4ad8-921d-e17c69e607e7,2026-07-16T10:00:00Z,2026-07-16T12:00:00+0200,2585.8,MW,DK1,DK_1,forecast_load,Forecasted Load,2026-08-06T05:54:35Z
2026-08-06T05:51:50Z,2026-08-06T07:51:50+0200,c0d2205f-219e-4ad8-921d-e17c69e607e7,2026-07-16T11:00:00Z,2026-07-16T13:00:00+0200,2673.9,MW,DK1,DK_1,forecast_load,Forecasted Load,2026-08-06T05:54:35Z
2026-08-06T05:51:50Z,2026-08-06T07:51:50+0200,c0d2205f-219e-4ad8-921d-e17c69e607e7,2026-07-16T12:00:00Z,2026-07-16T14:00:00+0200,2710.9,MW,DK1,DK_1,forecast_load,Forecasted Load,2026-08-06T05:54:35Z
2026-08-06T05:51:50Z,2026-08-06T07:51:50+0200,c0d2205f-219e-4ad8-921d-e17c69e607e7,2026-07-16T13:00:00Z,2026-07-16T15:00:00+0200,2565.0,MW,DK1,DK_1,forecast_load,Forecasted Load,2026-08-06T05:54:35Z
2026-08-06T05:51:50Z,2026-08-06T07:51:50+0200,c0d2205f-219e-4ad8-921d-e17c69e607e7,2026-07-16T14:00:00Z,2026-07-16T16:00:00+0200,2445.3,MW,DK1,DK_1,forecast_load,Forecasted Load,2026-08-06T05:54:35Z
2026-08-06T05:51:50Z,2026-08-06T07:51:50+0200,c0d2205f-219e-4ad8-921d-e17c69e607e7,2026-07-16T15:00:00Z,2026-07-16T17:00:00+0200,2452.5,MW,DK1,DK_1,forecast_load,Forecasted Load,2026-08-06T05:54:35Z
2026-08-06T05:51:50Z,2026-08-06T07:51:50+0200,c0d2205f-219e-4ad8-921d-e17c69e607e7,2026-07-16T16:00:00Z,2026-07-16T18:00:00+0200,2450.0,MW,DK1,DK_1,forecast_load,Forecasted Load,2026-08-06T05:54:35Z
2026-08-06T05:51:50Z,2026-08-06T07:51:50+0200,c0d2205f-219e-4ad8-921d-e17c69e607e7,2026-07-16T17:00:00Z,2026-07-16T19:00:00+0200,2391.5,MW,DK1,DK_1,forecast_load,Forecasted Load,2026-08-06T05:54:35Z
2026-08-06T05:51:50Z,2026-08-06T07:51:50+0200,c0d2205f-219e-4ad8-921d-e17c69e607e7,2026-07-16T18:00:00Z,2026-07-16T20:00:00+0200,2310.1,MW,DK1,DK_1,forecast_load,Forecasted Load,2026-08-06T05:54:35Z
2026-08-06T05:51:50Z,2026-08-06T07:51:50+0200,c0d2205f-219e-4ad8-921d-e17c69e607e7,2026-07-16T19:00:00Z,2026-07-16T21:00:00+0200,2273.3,MW,DK1,DK_1,forecast_load,Forecasted Load,2026-08-06T05:54:35Z
2026-08-06T05:51:50Z,2026-08-06T07:51:50+0200,c0d2205f-219e-4ad8-921d-e17c69e607e7,2026-07-16T20:00:00Z,2026-07-16T22:00:00+0200,2255.2,MW,DK1,DK_1,forecast_load,Forecasted Load,2026-08-06T05:54:35Z
2026-08-06T05:51:50Z,2026-08-06T07:51:50+0200,c0d2205f-219e-4ad8-921d-e17c69e607e7,2026-07-16T21:00:00Z,2026-07-16T23:00:00+0200,2178.5,MW,DK1,DK_1,forecast_load,Forecasted Load,2026-08-06T05:54:35Z
2026-08-06T05:51:50Z,2026-08-06T07:51:50+0200,c0d2205f-219e-4ad8-921d-e17c69e607e7,2026-07-16T22:00:00Z,2026-07-17T00:00:00+0200,2072.0,MW,DK1,DK_1,forecast_load,Forecasted Load,2026-08-06T05:54:35Z
2026-08-06T05:51:50Z,2026-08-06T07:51:50+0200,c0d2205f-219e-4ad8-921d-e17c69e607e7,2026-07-16T23:00:00Z,2026-07-17T01:00:00+0200,2025.0,MW,DK1,DK_1,forecast_load,Forecasted Load,2026-08-06T05:54:35Z
2026-08-06T05:51:50Z,2026-08-06T07:51:50+0200,c0d2205f-219e-4ad8-921d-e17c69e607e7,2026-07-17T00:00:00Z,2026-07-17T02:00:00+0200,2021.0,MW,DK1,DK_1,forecast_load,Forecasted Load,2026-08-06T05:54:35Z
2026-08-06T05:51:50Z,2026-08-06T07:51:50+0200,c0d2205f-219e-4ad8-921d-e17c69e607e7,2026-07-17T01:00:00Z,2026-07-17T03:00:00+0200,1992.0,MW,DK1,DK_1,forecast_load,Forecasted Load,2026-08-06T05:54:35Z
2026-08-06T05:51:50Z,2026-08-06T07:51:50+0200,c0d2205f-219e-4ad8-921d-e17c69e607e7,2026-07-17T02:00:00Z,2026-07-17T04:00:00+0200,1972.0,MW,DK1,DK_1,forecast_load,Forecasted Load,2026-08-06T05:54:35Z
2026-08-06T05:51:50Z,2026-08-06T07:51:50+0200,c0d2205f-219e-4ad8-921d-e17c69e607e7,2026-07-17T03:00:00Z,2026-07-17T05:00:00+0200,1927.0,MW,DK1,DK_1,forecast_load,Forecasted Load,2026-08-06T05:54:35Z
2026-08-06T05:51:50Z,2026-08-06T07:51:50+0200,c0d2205f-219e-4ad8-921d-e17c69e607e7,2026-07-17T04:00:00Z,2026-07-17T06:00:00+0200,2018.0,MW,DK1,DK_1,forecast_load,Forecasted Load,2026-08-06T05:54:35Z
2026-08-06T05:51:50Z,2026-08-06T07:51:50+0200,c0d2205f-219e-4ad8-921d-e17c69e607e7,2026-07-17T05:00:00Z,2026-07-17T07:00:00+0200,2169.0,MW,DK1,DK_1,forecast_load,Forecasted Load,2026-08-06T05:54:35Z
2026-08-06T05:51:50Z,2026-08-06T07:51:50+0200,c0d2205f-219e-4ad8-921d-e17c69e607e7,2026-07-17T06:00:00Z,2026-07-17T08:00:00+0200,2347.0,MW,DK1,DK_1,forecast_load,Forecasted Load,2026-08-06T05:54:35Z
2026-08-06T05:51:50Z,2026-08-06T07:51:50+0200,c0d2205f-219e-4ad8-921d-e17c69e607e7,2026-07-17T07:00:00Z,2026-07-17T09:00:00+0200,2423.0,MW,DK1,DK_1,forecast_load,Forecasted Load,2026-08-06T05:54:35Z
2026-08-06T05:51:50Z,2026-08-06T07:51:50+0200,c0d2205f-219e-4ad8-921d-e17c69e607e7,2026-07-17T08:00:00Z,2026-07-17T10:00:00+0200,2527.0,MW,DK1,DK_1,forecast_load,Forecasted Load,2026-08-06T05:54:35Z
2026-08-06T05:51:50Z,2026-08-06T07:51:50+0200,c0d2205f-219e-4ad8-921d-e17c69e607e7,2026-07-17T09:00:00Z,2026-07-17T11:00:00+0200,2521.0,MW,DK1,DK_1,forecast_load,Forecasted Load,2026-08-06T05:54:35Z
2026-08-06T05:51:50Z,2026-08-06T07:51:50+0200,c0d2205f-219e-4ad8-921d-e17c69e607e7,2026-07-17T10:00:00Z,2026-07-17T12:00:00+0200,2569.0,MW,DK1,DK_1,forecast_load,Forecasted Load,2026-08-06T05:54:35Z
2026-08-06T05:51:50Z,2026-08-06T07:51:50+0200,c0d2205f-219e-4ad8-921d-e17c69e607e7,2026-07-17T11:00:00Z,2026-07-17T13:00:00+0200,2621.0,MW,DK1,DK_1,forecast_load,Forecasted Load,2026-08-06T05:54:35Z
2026-08-06T05:51:50Z,2026-08-06T07:51:50+0200,c0d2205f-219e-4ad8-921d-e17c69e607e7,2026-07-17T12:00:00Z,2026-07-17T14:00:00+0200,2557.0,MW,DK1,DK_1,forecast_load,Forecasted Load,2026-08-06T05:54:35Z
2026-08-06T05:51:50Z,2026-08-06T07:51:50+0200,c0d2205f-219e-4ad8-921d-e17c69e607e7,2026-07-17T13:00:00Z,2026-07-17T15:00:00+0200,2541.0,MW,DK1,DK_1,forecast_load,Forecasted Load,2026-08-06T05:54:35Z
2026-08-06T05:51:50Z,2026-08-06T07:51:50+0200,c0d2205f-219e-4ad8-921d-e17c69e607e7,2026-07-17T14:00:00Z,2026-07-17T16:00:00+0200,2524.0,MW,DK1,DK_1,forecast_load,Forecasted Load,2026-08-06T05:54:35Z
2026-08-06T05:51:50Z,2026-08-06T07:51:50+0200,c0d2205f-219e-4ad8-921d-e17c69e607e7,2026-07-17T15:00:00Z,2026-07-17T17:00:00+0200,2493.0,MW,DK1,DK_1,forecast_load,Forecasted Load,2026-08-06T05:54:35Z
2026-08-06T05:51:50Z,2026-08-06T07:51:50+0200,c0d2205f-219e-4ad8-921d-e17c69e607e7,2026-07-17T16:00:00Z,2026-07-17T18:00:00+0200,2459.0,MW,DK1,DK_1,forecast_load,Forecasted Load,2026-08-06T05:54:35Z
2026-08-06T05:51:50Z,2026-08-06T07:51:50+0200,c0d2205f-219e-4ad8-921d-e17c69e607e7,2026-07-17T17:00:00Z,2026-07-17T19:00:00+0200,2309.0,MW,DK1,DK_1,forecast_load,Forecasted Load,2026-08-06T05:54:35Z
2026-08-06T05:51:50Z,2026-08-06T07:51:50+0200,c0d2205f-219e-4ad8-921d-e17c69e607e7,2026-07-17T18:00:00Z,2026-07-17T20:00:00+0200,2230.0,MW,DK1,DK_1,forecast_load,Forecasted Load,2026-08-06T05:54:35Z
2026-08-06T05:51:50Z,2026-08-06T07:51:50+0200,c0d2205f-219e-4ad8-921d-e17c69e607e7,2026-07-17T19:00:00Z,2026-07-17T21:00:00+0200,2183.0,MW,DK1,DK_1,forecast_load,Forecasted Load,2026-08-06T05:54:35Z
2026-08-06T05:51:50Z,2026-08-06T07:51:50+0200,c0d2205f-219e-4ad8-921d-e17c69e607e7,2026-07-17T20:00:00Z,2026-07-17T22:00:00+0200,2165.0,MW,DK1,DK_1,forecast_load,Forecasted Load,2026-08-06T05:54:35Z
2026-08-06T05:51:50Z,2026-08-06T07:51:50+0200,c0d2205f-219e-4ad8-921d-e17c69e607e7,2026-07-17T21:00:00Z,2026-07-17T23:00:00+0200,2086.0,MW,DK1,DK_1,forecast_load,Forecasted Load,2026-08-06T05:54:35Z
2026-08-06T05:51:50Z,2026-08-06T07:51:50+0200,c0d2205f-219e-4ad8-921d-e17c69e607e7,2026-07-17T22:00:00Z,2026-07-18T00:00:00+0200,1897.0,MW,DK1,DK_1,forecast_load,Forecasted Load,2026-08-06T05:54:35Z
2026-08-06T05:51:50Z,2026-08-06T07:51:50+0200,c0d2205f-219e-4ad8-921d-e17c69e607e7,2026-07-17T23:00:00Z,2026-07-18T01:00:00+0200,1858.0,MW,DK1,DK_1,forecast_load,Forecasted Load,2026-08-06T05:54:35Z
2026-08-06T05:51:50Z,2026-08-06T07:51:50+0200,c0d2205f-219e-4ad8-921d-e17c69e607e7,2026-07-18T00:00:00Z,2026-07-18T02:00:00+0200,1826.0,MW,DK1,DK_1,forecast_load,Forecasted Load,2026-08-06T05:54:35Z
2026-08-06T05:51:50Z,2026-08-06T07:51:50+0200,c0d2205f-219e-4ad8-921d-e17c69e607e7,2026-07-18T01:00:00Z,2026-07-18T03:00:00+0200,1815.0,MW,DK1,DK_1,forecast_load,Forecasted Load,2026-08-06T05:54:35Z
2026-08-06T05:51:50Z,2026-08-06T07:51:50+0200,c0d2205f-219e-4ad8-921d-e17c69e607e7,2026-07-18T02:00:00Z,2026-07-18T04:00:00+0200,1787.0,MW,DK1,DK_1,forecast_load,Forecasted Load,2026-08-06T05:54:35Z
2026-08-06T05:51:50Z,2026-08-06T07:51:50+0200,c0d2205f-219e-4ad8-921d-e17c69e607e7,2026-07-18T03:00:00Z,2026-07-18T05:00:00+0200,1777.0,MW,DK1,DK_1,forecast_load,Forecasted Load,2026-08-06T05:54:35Z
2026-08-06T05:51:50Z,2026-08-06T07:51:50+0200,c0d2205f-219e-4ad8-921d-e17c69e607e7,2026-07-18T04:00:00Z,2026-07-18T06:00:00+0200,1775.0,MW,DK1,DK_1,forecast_load,Forecasted Load,2026-08-06T05:54:35Z
2026-08-06T05:51:50Z,2026-08-06T07:51:50+0200,c0d2205f-219e-4ad8-921d-e17c69e607e7,2026-07-18T05:00:00Z,2026-07-18T07:00:00+0200,1865.0,MW,DK1,DK_1,forecast_load,Forecasted Load,2026-08-06T05:54:35Z
2026-08-06T05:51:50Z,2026-08-06T07:51:50+0200,c0d2205f-219e-4ad8-921d-e17c69e607e7,2026-07-18T06:00:00Z,2026-07-18T08:00:00+0200,2017.0,MW,DK1,DK_1,forecast_load,Forecasted Load,2026-08-06T05:54:35Z
2026-08-06T05:51:50Z,2026-08-06T07:51:50+0200,c0d2205f-219e-4ad8-921d-e17c69e607e7,2026-07-18T07:00:00Z,2026-07-18T09:00:00+0200,2185.0,MW,DK1,DK_1,forecast_load,Forecasted Load,2026-08-06T05:54:35Z
2026-08-06T05:51:50Z,2026-08-06T07:51:50+0200,c0d2205f-219e-4ad8-921d-e17c69e607e7,2026-07-18T08:00:00Z,2026-07-18T10:00:00+0200,2522.0,MW,DK1,DK_1,forecast_load,Forecasted Load,2026-08-06T05:54:35Z
2026-08-06T05:51:50Z,2026-08-06T07:51:50+0200,c0d2205f-219e-4ad8-921d-e17c69e607e7,2026-07-18T09:00:00Z,2026-07-18T11:00:00+0200,2740.0,MW,DK1,DK_1,forecast_load,Forecasted Load,2026-08-06T05:54:35Z
2026-08-06T05:51:50Z,2026-08-06T07:51:50+0200,c0d2205f-219e-4ad8-921d-e17c69e607e7,2026-07-18T10:00:00Z,2026-07-18T12:00:00+0200,2876.0,MW,DK1,DK_1,forecast_load,Forecasted Load,2026-08-06T05:54:35Z
2026-08-06T05:51:50Z,2026-08-06T07:51:50+0200,c0d2205f-219e-4ad8-921d-e17c69e607e7,2026-07-18T11:00:00Z,2026-07-18T13:00:00+0200,2841.0,MW,DK1,DK_1,forecast_load,Forecasted Load,2026-08-06T05:54:35Z
2026-08-06T05:51:50Z,2026-08-06T07:51:50+0200,c0d2205f-219e-4ad8-921d-e17c69e607e7,2026-07-18T12:00:00Z,2026-07-18T14:00:00+0200,2790.0,MW,DK1,DK_1,forecast_load,Forecasted Load,2026-08-06T05:54:35Z
2026-08-06T05:51:50Z,2026-08-06T07:51:50+0200,c0d2205f-219e-4ad8-921d-e17c69e607e7,2026-07-18T13:00:00Z,2026-07-18T15:00:00+0200,2758.0,MW,DK1,DK_1,forecast_load,Forecasted Load,2026-08-06T05:54:35Z
2026-08-06T05:51:50Z,2026-08-06T07:51:50+0200,c0d2205f-219e-4ad8-921d-e17c69e607e7,2026-07-18T14:00:00Z,2026-07-18T16:00:00+0200,2596.0,MW,DK1,DK_1,forecast_load,Forecasted Load,2026-08-06T05:54:35Z
2026-08-06T05:51:50Z,2026-08-06T07:51:50+0200,c0d2205f-219e-4ad8-921d-e17c69e607e7,2026-07-18T15:00:00Z,2026-07-18T17:00:00+0200,2491.0,MW,DK1,DK_1,forecast_load,Forecasted Load,2026-08-06T05:54:35Z
2026-08-06T05:51:50Z,2026-08-06T07:51:50+0200,c0d2205f-219e-4ad8-921d-e17c69e607e7,2026-07-18T16:00:00Z,2026-07-18T18:00:00+0200,2358.0,MW,DK1,DK_1,forecast_load,Forecasted Load,2026-08-06T05:54:35Z
2026-08-06T05:51:50Z,2026-08-06T07:51:50+0200,c0d2205f-219e-4ad8-921d-e17c69e607e7,2026-07-18T17:00:00Z,2026-07-18T19:00:00+0200,2232.0,MW,DK1,DK_1,forecast_load,Forecasted Load,2026-08-06T05:54:35Z
2026-08-06T05:51:50Z,2026-08-06T07:51:50+0200,c0d2205f-219e-4ad8-921d-e17c69e607e7,2026-07-18T18:00:00Z,2026-07-18T20:00:00+0200,2087.0,MW,DK1,DK_1,forecast_load,Forecasted Load,2026-08-06T05:54:35Z
2026-08-06T05:51:50Z,2026-08-06T07:51:50+0200,c0d2205f-219e-4ad8-921d-e17c69e607e7,2026-07-18T19:00:00Z,2026-07-18T21:00:00+0200,2003.0,MW,DK1,DK_1,forecast_load,Forecasted Load,2026-08-06T05:54:35Z
2026-08-06T05:51:50Z,2026-08-06T07:51:50+0200,c0d2205f-219e-4ad8-921d-e17c69e607e7,2026-07-18T20:00:00Z,2026-07-18T22:00:00+0200,1992.0,MW,DK1,DK_1,forecast_load,Forecasted Load,2026-08-06T05:54:35Z
2026-08-06T05:51:50Z,2026-08-06T07:51:50+0200,c0d2205f-219e-4ad8-921d-e17c69e607e7,2026-07-18T21:00:00Z,2026-07-18T23:00:00+0200,1952.0,MW,DK1,DK_1,forecast_load,Forecasted Load,2026-08-06T05:54:35Z
2026-08-06T05:51:50Z,2026-08-06T07:51:50+0200,c0d2205f-219e-4ad8-921d-e17c69e607e7,2026-07-18T22:00:00Z,2026-07-19T00:00:00+0200,1829.0,MW,DK1,DK_1,forecast_load,Forecasted Load,2026-08-06T05:54:35Z
2026-08-06T05:51:50Z,2026-08-06T07:51:50+0200,c0d2205f-219e-4ad8-921d-e17c69e607e7,2026-07-18T23:00:00Z,2026-07-19T01:00:00+0200,1851.0,MW,DK1,DK_1,forecast_load,Forecasted Load,2026-08-06T05:54:35Z
2026-08-06T05:51:50Z,2026-08-06T07:51:50+0200,c0d2205f-219e-4ad8-921d-e17c69e607e7,2026-07-19T00:00:00Z,2026-07-19T02:00:00+0200,1790.0,MW,DK1,DK_1,forecast_load,Forecasted Load,2026-08-06T05:54:35Z
2026-08-06T05:51:50Z,2026-08-06T07:51:50+0200,c0d2205f-219e-4ad8-921d-e17c69e607e7,2026-07-19T01:00:00Z,2026-07-19T03:00:00+0200,1747.0,MW,DK1,DK_1,forecast_load,Forecasted Load,2026-08-06T05:54:35Z
2026-08-06T05:51:50Z,2026-08-06T07:51:50+0200,c0d2205f-219e-4ad8-921d-e17c69e607e7,2026-07-19T02:00:00Z,2026-07-19T04:00:00+0200,1799.0,MW,DK1,DK_1,forecast_load,Forecasted Load,2026-08-06T05:54:35Z
2026-08-06T05:51:50Z,2026-08-06T07:51:50+0200,c0d2205f-219e-4ad8-921d-e17c69e607e7,2026-07-19T03:00:00Z,2026-07-19T05:00:00+0200,1726.0,MW,DK1,DK_1,forecast_load,Forecasted Load,2026-08-06T05:54:35Z
2026-08-06T05:51:50Z,2026-08-06T07:51:50+0200,c0d2205f-219e-4ad8-921d-e17c69e607e7,2026-07-19T04:00:00Z,2026-07-19T06:00:00+0200,1725.0,MW,DK1,DK_1,forecast_load,Forecasted Load,2026-08-06T05:54:35Z
2026-08-06T05:51:50Z,2026-08-06T07:51:50+0200,c0d2205f-219e-4ad8-921d-e17c69e607e7,2026-07-19T05:00:00Z,2026-07-19T07:00:00+0200,1808.0,MW,DK1,DK_1,forecast_load,Forecasted Load,2026-08-06T05:54:35Z
2026-08-06T05:51:50Z,2026-08-06T07:51:50+0200,c0d2205f-219e-4ad8-921d-e17c69e607e7,2026-07-19T06:00:00Z,2026-07-19T08:00:00+0200,1975.0,MW,DK1,DK_1,forecast_load,Forecasted Load,2026-08-06T05:54:35Z
2026-08-06T05:51:50Z,2026-08-06T07:51:50+0200,c0d2205f-219e-4ad8-921d-e17c69e607e7,2026-07-19T07:00:00Z,2026-07-19T09:00:00+0200,2331.0,MW,DK1,DK_1,forecast_load,Forecasted Load,2026-08-06T05:54:35Z
2026-08-06T05:51:50Z,2026-08-06T07:51:50+0200,c0d2205f-219e-4ad8-921d-e17c69e607e7,2026-07-19T08:00:00Z,2026-07-19T10:00:00+0200,2590.0,MW,DK1,DK_1,forecast_load,Forecasted Load,2026-08-06T05:54:35Z
2026-08-06T05:51:50Z,2026-08-06T07:51:50+0200,c0d2205f-219e-4ad8-921d-e17c69e607e7,2026-07-19T09:00:00Z,2026-07-19T11:00:00+0200,2807.0,MW,DK1,DK_1,forecast_load,Forecasted Load,2026-08-06T05:54:35Z
2026-08-06T05:51:50Z,2026-08-06T07:51:50+0200,c0d2205f-219e-4ad8-921d-e17c69e607e7,2026-07-19T10:00:00Z,2026-07-19T12:00:00+0200,2965.0,MW,DK1,DK_1,forecast_load,Forecasted Load,2026-08-06T05:54:35Z
2026-08-06T05:51:50Z,2026-08-06T07:51:50+0200,c0d2205f-219e-4ad8-921d-e17c69e607e7,2026-07-19T11:00:00Z,2026-07-19T13:00:00+0200,3029.0,MW,DK1,DK_1,forecast_load,Forecasted Load,2026-08-06T05:54:35Z
2026-08-06T05:51:50Z,2026-08-06T07:51:50+0200,c0d2205f-219e-4ad8-921d-e17c69e607e7,2026-07-19T12:00:00Z,2026-07-19T14:00:00+0200,3070.0,MW,DK1,DK_1,forecast_load,Forecasted Load,2026-08-06T05:54:35Z
2026-08-06T05:51:50Z,2026-08-06T07:51:50+0200,c0d2205f-219e-4ad8-921d-e17c69e607e7,2026-07-19T13:00:00Z,2026-07-19T15:00:00+0200,2884.0,MW,DK1,DK_1,forecast_load,Forecasted Load,2026-08-06T05:54:35Z
2026-08-06T05:51:50Z,2026-08-06T07:51:50+0200,c0d2205f-219e-4ad8-921d-e17c69e607e7,2026-07-19T14:00:00Z,2026-07-19T16:00:00+0200,2797.0,MW,DK1,DK_1,forecast_load,Forecasted Load,2026-08-06T05:54:35Z
2026-08-06T05:51:50Z,2026-08-06T07:51:50+0200,c0d2205f-219e-4ad8-921d-e17c69e607e7,2026-07-19T15:00:00Z,2026-07-19T17:00:00+0200,2821.0,MW,DK1,DK_1,forecast_load,Forecasted Load,2026-08-06T05:54:35Z
2026-08-06T05:51:50Z,2026-08-06T07:51:50+0200,c0d2205f-219e-4ad8-921d-e17c69e607e7,2026-07-19T16:00:00Z,2026-07-19T18:00:00+0200,2673.0,MW,DK1,DK_1,forecast_load,Forecasted Load,2026-08-06T05:54:35Z
2026-08-06T05:51:50Z,2026-08-06T07:51:50+0200,c0d2205f-219e-4ad8-921d-e17c69e607e7,2026-07-19T17:00:00Z,2026-07-19T19:00:00+0200,2318.0,MW,DK1,DK_1,forecast_load,Forecasted Load,2026-08-06T05:54:35Z
2026-08-06T05:51:50Z,2026-08-06T07:51:50+0200,c0d2205f-219e-4ad8-921d-e17c69e607e7,2026-07-19T18:00:00Z,2026-07-19T20:00:00+0200,2111.0,MW,DK1,DK_1,forecast_load,Forecasted Load,2026-08-06T05:54:35Z
2026-08-06T05:51:50Z,2026-08-06T07:51:50+0200,c0d2205f-219e-4ad8-921d-e17c69e607e7,2026-07-19T19:00:00Z,2026-07-19T21:00:00+0200,2115.0,MW,DK1,DK_1,forecast_load,Forecasted Load,2026-08-06T05:54:35Z
2026-08-06T05:51:50Z,2026-08-06T07:51:50+0200,c0d2205f-219e-4ad8-921d-e17c69e607e7,2026-07-19T20:00:00Z,2026-07-19T22:00:00+0200,2116.0,MW,DK1,DK_1,forecast_load,Forecasted Load,2026-08-06T05:54:35Z
2026-08-06T05:51:50Z,2026-08-06T07:51:50+0200,c0d2205f-219e-4ad8-921d-e17c69e607e7,2026-07-19T21:00:00Z,2026-07-19T23:00:00+0200,2097.0,MW,DK1,DK_1,forecast_load,Forecasted Load,2026-08-06T05:54:35Z
2026-08-06T05:51:50Z,2026-08-06T07:51:50+0200,c0d2205f-219e-4ad8-921d-e17c69e607e7,2026-07-19T22:00:00Z,2026-07-20T00:00:00+0200,1978.0,MW,DK1,DK_1,forecast_load,Forecasted Load,2026-08-06T05:54:35Z
2026-08-06T05:51:50Z,2026-08-06T07:51:50+0200,c0d2205f-219e-4ad8-921d-e17c69e607e7,2026-07-19T23:00:00Z,2026-07-20T01:00:00+0200,1872.0,MW,DK1,DK_1,forecast_load,Forecasted Load,2026-08-06T05:54:35Z
2026-08-06T05:51:50Z,2026-08-06T07:51:50+0200,c0d2205f-219e-4ad8-921d-e17c69e607e7,2026-07-20T00:00:00Z,2026-07-20T02:00:00+0200,1811.0,MW,DK1,DK_1,forecast_load,Forecasted Load,2026-08-06T05:54:35Z
2026-08-06T05:51:50Z,2026-08-06T07:51:50+0200,c0d2205f-219e-4ad8-921d-e17c69e607e7,2026-07-20T01:00:00Z,2026-07-20T03:00:00+0200,1819.0,MW,DK1,DK_1,forecast_load,Forecasted Load,2026-08-06T05:54:35Z
2026-08-06T05:51:50Z,2026-08-06T07:51:50+0200,c0d2205f-219e-4ad8-921d-e17c69e607e7,2026-07-20T02:00:00Z,2026-07-20T04:00:00+0200,1795.0,MW,DK1,DK_1,forecast_load,Forecasted Load,2026-08-06T05:54:35Z
2026-08-06T05:51:50Z,2026-08-06T07:51:50+0200,c0d2205f-219e-4ad8-921d-e17c69e607e7,2026-07-20T03:00:00Z,2026-07-20T05:00:00+0200,1778.0,MW,DK1,DK_1,forecast_load,Forecasted Load,2026-08-06T05:54:35Z
2026-08-06T05:51:50Z,2026-08-06T07:51:50+0200,c0d2205f-219e-4ad8-921d-e17c69e607e7,2026-07-20T04:00:00Z,2026-07-20T06:00:00+0200,1875.0,MW,DK1,DK_1,forecast_load,Forecasted Load,2026-08-06T05:54:35Z
2026-08-06T05:51:50Z,2026-08-06T07:51:50+0200,c0d2205f-219e-4ad8-921d-e17c69e607e7,2026-07-20T05:00:00Z,2026-07-20T07:00:00+0200,1997.0,MW,DK1,DK_1,forecast_load,Forecasted Load,2026-08-06T05:54:35Z
2026-08-06T05:51:50Z,2026-08-06T07:51:50+0200,c0d2205f-219e-4ad8-921d-e17c69e607e7,2026-07-20T06:00:00Z,2026-07-20T08:00:00+0200,2193.0,MW,DK1,DK_1,forecast_load,Forecasted Load,2026-08-06T05:54:35Z
2026-08-06T05:51:50Z,2026-08-06T07:51:50+0200,c0d2205f-219e-4ad8-921d-e17c69e607e7,2026-07-20T07:00:00Z,2026-07-20T09:00:00+0200,2342.0,MW,DK1,DK_1,forecast_load,Forecasted Load,2026-08-06T05:54:35Z
2026-08-06T05:51:50Z,2026-08-06T07:51:50+0200,c0d2205f-219e-4ad8-921d-e17c69e607e7,2026-07-20T08:00:00Z,2026-07-20T10:00:00+0200,2386.0,MW,DK1,DK_1,forecast_load,Forecasted Load,2026-08-06T05:54:35Z
2026-08-06T05:51:50Z,2026-08-06T07:51:50+0200,c0d2205f-219e-4ad8-921d-e17c69e607e7,2026-07-20T09:00:00Z,2026-07-20T11:00:00+0200,2479.0,MW,DK1,DK_1,forecast_load,Forecasted Load,2026-08-06T05:54:35Z
2026-08-06T05:51:50Z,2026-08-06T07:51:50+0200,c0d2205f-219e-4ad8-921d-e17c69e607e7,2026-07-20T10:00:00Z,2026-07-20T12:00:00+0200,2633.0,MW,DK1,DK_1,forecast_load,Forecasted Load,2026-08-06T05:54:35Z
2026-08-06T05:51:50Z,2026-08-06T07:51:50+0200,c0d2205f-219e-4ad8-921d-e17c69e607e7,2026-07-20T11:00:00Z,2026-07-20T13:00:00+0200,2721.0,MW,DK1,DK_1,forecast_load,Forecasted Load,2026-08-06T05:54:35Z
2026-08-06T05:51:50Z,2026-08-06T07:51:50+0200,c0d2205f-219e-4ad8-921d-e17c69e607e7,2026-07-20T12:00:00Z,2026-07-20T14:00:00+0200,2752.0,MW,DK1,DK_1,forecast_load,Forecasted Load,2026-08-06T05:54:35Z
2026-08-06T05:51:50Z,2026-08-06T07:51:50+0200,c0d2205f-219e-4ad8-921d-e17c69e607e7,2026-07-20T13:00:00Z,2026-07-20T15:00:00+0200,2566.0,MW,DK1,DK_1,forecast_load,Forecasted Load,2026-08-06T05:54:35Z
2026-08-06T05:51:50Z,2026-08-06T07:51:50+0200,c0d2205f-219e-4ad8-921d-e17c69e607e7,2026-07-20T14:00:00Z,2026-07-20T16:00:00+0200,2490.0,MW,DK1,DK_1,forecast_load,Forecasted Load,2026-08-06T05:54:35Z
2026-08-06T05:51:50Z,2026-08-06T07:51:50+0200,c0d2205f-219e-4ad8-921d-e17c69e607e7,2026-07-20T15:00:00Z,2026-07-20T17:00:00+0200,2397.0,MW,DK1,DK_1,forecast_load,Forecasted Load,2026-08-06T05:54:35Z
2026-08-06T05:51:50Z,2026-08-06T07:51:50+0200,c0d2205f-219e-4ad8-921d-e17c69e607e7,2026-07-20T16:00:00Z,2026-07-20T18:00:00+0200,2299.0,MW,DK1,DK_1,forecast_load,Forecasted Load,2026-08-06T05:54:35Z
2026-08-06T05:51:50Z,2026-08-06T07:51:50+0200,c0d2205f-219e-4ad8-921d-e17c69e607e7,2026-07-20T17:00:00Z,2026-07-20T19:00:00+0200,2186.0,MW,DK1,DK_1,forecast_load,Forecasted Load,2026-08-06T05:54:35Z
2026-08-06T05:51:50Z,2026-08-06T07:51:50+0200,c0d2205f-219e-4ad8-921d-e17c69e607e7,2026-07-20T18:00:00Z,2026-07-20T20:00:00+0200,2136.0,MW,DK1,DK_1,forecast_load,Forecasted Load,2026-08-06T05:54:35Z
2026-08-06T05:51:50Z,2026-08-06T07:51:50+0200,c0d2205f-219e-4ad8-921d-e17c69e607e7,2026-07-20T19:00:00Z,2026-07-20T21:00:00+0200,2074.0,MW,DK1,DK_1,forecast_load,Forecasted Load,2026-08-06T05:54:35Z
2026-08-06T05:51:50Z,2026-08-06T07:51:50+0200,c0d2205f-219e-4ad8-921d-e17c69e607e7,2026-07-20T20:00:00Z,2026-07-20T22:00:00+0200,2075.0,MW,DK1,DK_1,forecast_load,Forecasted Load,2026-08-06T05:54:35Z
2026-08-06T05:51:50Z,2026-08-06T07:51:50+0200,c0d2205f-219e-4ad8-921d-e17c69e607e7,2026-07-20T21:00:00Z,2026-07-20T23:00:00+0200,2035.0,MW,DK1,DK_1,forecast_load,Forecasted Load,2026-08-06T05:54:35Z
2026-08-06T05:51:50Z,2026-08-06T07:51:50+0200,c0d2205f-219e-4ad8-921d-e17c69e607e7,2026-07-20T22:00:00Z,2026-07-21T00:00:00+0200,1963.0,MW,DK1,DK_1,forecast_load,Forecasted Load,2026-08-06T05:54:35Z
2026-08-06T05:51:50Z,2026-08-06T07:51:50+0200,c0d2205f-219e-4ad8-921d-e17c69e607e7,2026-07-20T23:00:00Z,2026-07-21T01:00:00+0200,1878.0,MW,DK1,DK_1,forecast_load,Forecasted Load,2026-08-06T05:54:35Z
2026-08-06T05:51:50Z,2026-08-06T07:51:50+0200,c0d2205f-219e-4ad8-921d-e17c69e607e7,2026-07-21T00:00:00Z,2026-07-21T02:00:00+0200,1848.0,MW,DK1,DK_1,forecast_load,Forecasted Load,2026-08-06T05:54:35Z
2026-08-06T05:51:50Z,2026-08-06T07:51:50+0200,c0d2205f-219e-4ad8-921d-e17c69e607e7,2026-07-21T01:00:00Z,2026-07-21T03:00:00+0200,1843.0,MW,DK1,DK_1,forecast_load,Forecasted Load,2026-08-06T05:54:35Z
2026-08-06T05:51:50Z,2026-08-06T07:51:50+0200,c0d2205f-219e-4ad8-921d-e17c69e607e7,2026-07-21T02:00:00Z,2026-07-21T04:00:00+0200,1804.0,MW,DK1,DK_1,forecast_load,Forecasted Load,2026-08-06T05:54:35Z
2026-08-06T05:51:50Z,2026-08-06T07:51:50+0200,c0d2205f-219e-4ad8-921d-e17c69e607e7,2026-07-21T03:00:00Z,2026-07-21T05:00:00+0200,1735.0,MW,DK1,DK_1,forecast_load,Forecasted Load,2026-08-06T05:54:35Z
2026-08-06T05:51:50Z,2026-08-06T07:51:50+0200,c0d2205f-219e-4ad8-921d-e17c69e607e7,2026-07-21T04:00:00Z,2026-07-21T06:00:00+0200,1872.0,MW,DK1,DK_1,forecast_load,Forecasted Load,2026-08-06T05:54:35Z
2026-08-06T05:51:50Z,2026-08-06T07:51:50+0200,c0d2205f-219e-4ad8-921d-e17c69e607e7,2026-07-21T05:00:00Z,2026-07-21T07:00:00+0200,2004.0,MW,DK1,DK_1,forecast_load,Forecasted Load,2026-08-06T05:54:35Z
2026-08-06T05:51:50Z,2026-08-06T07:51:50+0200,c0d2205f-219e-4ad8-921d-e17c69e607e7,2026-07-21T06:00:00Z,2026-07-21T08:00:00+0200,2107.0,MW,DK1,DK_1,forecast_load,Forecasted Load,2026-08-06T05:54:35Z
2026-08-06T05:51:50Z,2026-08-06T07:51:50+0200,c0d2205f-219e-4ad8-921d-e17c69e607e7,2026-07-21T07:00:00Z,2026-07-21T09:00:00+0200,2220.0,MW,DK1,DK_1,forecast_load,Forecasted Load,2026-08-06T05:54:35Z
2026-08-06T05:51:50Z,2026-08-06T07:51:50+0200,c0d2205f-219e-4ad8-921d-e17c69e607e7,2026-07-21T08:00:00Z,2026-07-21T10:00:00+0200,2308.0,MW,DK1,DK_1,forecast_load,Forecasted Load,2026-08-06T05:54:35Z
2026-08-06T05:51:50Z,2026-08-06T07:51:50+0200,c0d2205f-219e-4ad8-921d-e17c69e607e7,2026-07-21T09:00:00Z,2026-07-21T11:00:00+0200,2375.0,MW,DK1,DK_1,forecast_load,Forecasted Load,2026-08-06T05:54:35Z
2026-08-06T05:51:50Z,2026-08-06T07:51:50+0200,c0d2205f-219e-4ad8-921d-e17c69e607e7,2026-07-21T10:00:00Z,2026-07-21T12:00:00+0200,2441.0,MW,DK1,DK_1,forecast_load,Forecasted Load,2026-08-06T05:54:35Z
2026-08-06T05:51:50Z,2026-08-06T07:51:50+0200,c0d2205f-219e-4ad8-921d-e17c69e607e7,2026-07-21T11:00:00Z,2026-07-21T13:00:00+0200,2610.0,MW,DK1,DK_1,forecast_load,Forecasted Load,2026-08-06T05:54:35Z
2026-08-06T05:51:50Z,2026-08-06T07:51:50+0200,c0d2205f-219e-4ad8-921d-e17c69e607e7,2026-07-21T12:00:00Z,2026-07-21T14:00:00+0200,2907.0,MW,DK1,DK_1,forecast_load,Forecasted Load,2026-08-06T05:54:35Z
2026-08-06T05:51:50Z,2026-08-06T07:51:50+0200,c0d2205f-219e-4ad8-921d-e17c69e607e7,2026-07-21T13:00:00Z,2026-07-21T15:00:00+0200,2789.0,MW,DK1,DK_1,forecast_load,Forecasted Load,2026-08-06T05:54:35Z
2026-08-06T05:51:50Z,2026-08-06T07:51:50+0200,c0d2205f-219e-4ad8-921d-e17c69e607e7,2026-07-21T14:00:00Z,2026-07-21T16:00:00+0200,2489.0,MW,DK1,DK_1,forecast_load,Forecasted Load,2026-08-06T05:54:35Z
2026-08-06T05:51:50Z,2026-08-06T07:51:50+0200,c0d2205f-219e-4ad8-921d-e17c69e607e7,2026-07-21T15:00:00Z,2026-07-21T17:00:00+0200,2427.0,MW,DK1,DK_1,forecast_load,Forecasted Load,2026-08-06T05:54:35Z
2026-08-06T05:51:50Z,2026-08-06T07:51:50+0200,c0d2205f-219e-4ad8-921d-e17c69e607e7,2026-07-21T16:00:00Z,2026-07-21T18:00:00+0200,2374.0,MW,DK1,DK_1,forecast_load,Forecasted Load,2026-08-06T05:54:35Z
2026-08-06T05:51:50Z,2026-08-06T07:51:50+0200,c0d2205f-219e-4ad8-921d-e17c69e607e7,2026-07-21T17:00:00Z,2026-07-21T19:00:00+0200,2301.0,MW,DK1,DK_1,forecast_load,Forecasted Load,2026-08-06T05:54:35Z
2026-08-06T05:51:50Z,2026-08-06T07:51:50+0200,c0d2205f-219e-4ad8-921d-e17c69e607e7,2026-07-21T18:00:00Z,2026-07-21T20:00:00+0200,2284.0,MW,DK1,DK_1,forecast_load,Forecasted Load,2026-08-06T05:54:35Z
2026-08-06T05:51:50Z,2026-08-06T07:51:50+0200,c0d2205f-219e-4ad8-921d-e17c69e607e7,2026-07-21T19:00:00Z,2026-07-21T21:00:00+0200,2213.0,MW,DK1,DK_1,forecast_load,Forecasted Load,2026-08-06T05:54:35Z
2026-08-06T05:51:50Z,2026-08-06T07:51:50+0200,c0d2205f-219e-4ad8-921d-e17c69e607e7,2026-07-21T20:00:00Z,2026-07-21T22:00:00+0200,2187.0,MW,DK1,DK_1,forecast_load,Forecasted Load,2026-08-06T05:54:35Z
2026-08-06T05:51:50Z,2026-08-06T07:51:50+0200,c0d2205f-219e-4ad8-921d-e17c69e607e7,2026-07-21T21:00:00Z,2026-07-21T23:00:00+0200,2122.0,MW,DK1,DK_1,forecast_load,Forecasted Load,2026-08-06T05:54:35Z
2026-08-06T05:51:50Z,2026-08-06T07:51:50+0200,c0d2205f-219e-4ad8-921d-e17c69e607e7,2026-07-21T22:00:00Z,2026-07-22T00:00:00+0200,1975.0,MW,DK1,DK_1,forecast_load,Forecasted Load,2026-08-06T05:54:35Z
2026-08-06T05:51:50Z,2026-08-06T07:51:50+0200,c0d2205f-219e-4ad8-921d-e17c69e607e7,2026-07-21T23:00:00Z,2026-07-22T01:00:00+0200,1952.0,MW,DK1,DK_1,forecast_load,Forecasted Load,2026-08-06T05:54:35Z
2026-08-06T05:51:50Z,2026-08-06T07:51:50+0200,c0d2205f-219e-4ad8-921d-e17c69e607e7,2026-07-22T00:00:00Z,2026-07-22T02:00:00+0200,1935.0,MW,DK1,DK_1,forecast_load,Forecasted Load,2026-08-06T05:54:35Z
2026-08-06T05:51:50Z,2026-08-06T07:51:50+0200,c0d2205f-219e-4ad8-921d-e17c69e607e7,2026-07-22T01:00:00Z,2026-07-22T03:00:00+0200,1952.0,MW,DK1,DK_1,forecast_load,Forecasted Load,2026-08-06T05:54:35Z
2026-08-06T05:51:50Z,2026-08-06T07:51:50+0200,c0d2205f-219e-4ad8-921d-e17c69e607e7,2026-07-22T02:00:00Z,2026-07-22T04:00:00+0200,1937.0,MW,DK1,DK_1,forecast_load,Forecasted Load,2026-08-06T05:54:35Z
2026-08-06T05:51:50Z,2026-08-06T07:51:50+0200,c0d2205f-219e-4ad8-921d-e17c69e607e7,2026-07-22T03:00:00Z,2026-07-22T05:00:00+0200,1946.0,MW,DK1,DK_1,forecast_load,Forecasted Load,2026-08-06T05:54:35Z
2026-08-06T05:51:50Z,2026-08-06T07:51:50+0200,c0d2205f-219e-4ad8-921d-e17c69e607e7,2026-07-22T04:00:00Z,2026-07-22T06:00:00+0200,1987.0,MW,DK1,DK_1,forecast_load,Forecasted Load,2026-08-06T05:54:35Z
2026-08-06T05:51:50Z,2026-08-06T07:51:50+0200,c0d2205f-219e-4ad8-921d-e17c69e607e7,2026-07-22T05:00:00Z,2026-07-22T07:00:00+0200,2109.0,MW,DK1,DK_1,forecast_load,Forecasted Load,2026-08-06T05:54:35Z
2026-08-06T05:51:50Z,2026-08-06T07:51:50+0200,c0d2205f-219e-4ad8-921d-e17c69e607e7,2026-07-22T06:00:00Z,2026-07-22T08:00:00+0200,2289.0,MW,DK1,DK_1,forecast_load,Forecasted Load,2026-08-06T05:54:35Z
2026-08-06T05:51:50Z,2026-08-06T07:51:50+0200,c0d2205f-219e-4ad8-921d-e17c69e607e7,2026-07-22T07:00:00Z,2026-07-22T09:00:00+0200,2361.0,MW,DK1,DK_1,forecast_load,Forecasted Load,2026-08-06T05:54:35Z
2026-08-06T05:51:50Z,2026-08-06T07:51:50+0200,c0d2205f-219e-4ad8-921d-e17c69e607e7,2026-07-22T08:00:00Z,2026-07-22T10:00:00+0200,2498.0,MW,DK1,DK_1,forecast_load,Forecasted Load,2026-08-06T05:54:35Z
2026-08-06T05:51:50Z,2026-08-06T07:51:50+0200,c0d2205f-219e-4ad8-921d-e17c69e607e7,2026-07-22T09:00:00Z,2026-07-22T11:00:00+0200,2604.0,MW,DK1,DK_1,forecast_load,Forecasted Load,2026-08-06T05:54:35Z
2026-08-06T05:51:50Z,2026-08-06T07:51:50+0200,c0d2205f-219e-4ad8-921d-e17c69e607e7,2026-07-22T10:00:00Z,2026-07-22T12:00:00+0200,2830.0,MW,DK1,DK_1,forecast_load,Forecasted Load,2026-08-06T05:54:35Z
2026-08-06T05:51:50Z,2026-08-06T07:51:50+0200,c0d2205f-219e-4ad8-921d-e17c69e607e7,2026-07-22T11:00:00Z,2026-07-22T13:00:00+0200,3016.0,MW,DK1,DK_1,forecast_load,Forecasted Load,2026-08-06T05:54:35Z
2026-08-06T05:51:50Z,2026-08-06T07:51:50+0200,c0d2205f-219e-4ad8-921d-e17c69e607e7,2026-07-22T12:00:00Z,2026-07-22T14:00:00+0200,3203.0,MW,DK1,DK_1,forecast_load,Forecasted Load,2026-08-06T05:54:35Z
2026-08-06T05:51:50Z,2026-08-06T07:51:50+0200,c0d2205f-219e-4ad8-921d-e17c69e607e7,2026-07-22T13:00:00Z,2026-07-22T15:00:00+0200,3032.0,MW,DK1,DK_1,forecast_load,Forecasted Load,2026-08-06T05:54:35Z
2026-08-06T05:51:50Z,2026-08-06T07:51:50+0200,c0d2205f-219e-4ad8-921d-e17c69e607e7,2026-07-22T14:00:00Z,2026-07-22T16:00:00+0200,2820.0,MW,DK1,DK_1,forecast_load,Forecasted Load,2026-08-06T05:54:35Z
2026-08-06T05:51:50Z,2026-08-06T07:51:50+0200,c0d2205f-219e-4ad8-921d-e17c69e607e7,2026-07-22T15:00:00Z,2026-07-22T17:00:00+0200,2632.0,MW,DK1,DK_1,forecast_load,Forecasted Load,2026-08-06T05:54:35Z
2026-08-06T05:51:50Z,2026-08-06T07:51:50+0200,c0d2205f-219e-4ad8-921d-e17c69e607e7,2026-07-22T16:00:00Z,2026-07-22T18:00:00+0200,2540.0,MW,DK1,DK_1,forecast_load,Forecasted Load,2026-08-06T05:54:35Z
2026-08-06T05:51:50Z,2026-08-06T07:51:50+0200,c0d2205f-219e-4ad8-921d-e17c69e607e7,2026-07-22T17:00:00Z,2026-07-22T19:00:00+0200,2360.0,MW,DK1,DK_1,forecast_load,Forecasted Load,2026-08-06T05:54:35Z
2026-08-06T05:51:50Z,2026-08-06T07:51:50+0200,c0d2205f-219e-4ad8-921d-e17c69e607e7,2026-07-22T18:00:00Z,2026-07-22T20:00:00+0200,2281.0,MW,DK1,DK_1,forecast_load,Forecasted Load,2026-08-06T05:54:35Z
2026-08-06T05:51:50Z,2026-08-06T07:51:50+0200,c0d2205f-219e-4ad8-921d-e17c69e607e7,2026-07-22T19:00:00Z,2026-07-22T21:00:00+0200,2256.0,MW,DK1,DK_1,forecast_load,Forecasted Load,2026-08-06T05:54:35Z
2026-08-06T05:51:50Z,2026-08-06T07:51:50+0200,c0d2205f-219e-4ad8-921d-e17c69e607e7,2026-07-22T20:00:00Z,2026-07-22T22:00:00+0200,2248.0,MW,DK1,DK_1,forecast_load,Forecasted Load,2026-08-06T05:54:35Z
2026-08-06T05:51:50Z,2026-08-06T07:51:50+0200,c0d2205f-219e-4ad8-921d-e17c69e607e7,2026-07-22T21:00:00Z,2026-07-22T23:00:00+0200,2198.0,MW,DK1,DK_1,forecast_load,Forecasted Load,2026-08-06T05:54:35Z
2026-08-06T05:51:50Z,2026-08-06T07:51:50+0200,c0d2205f-219e-4ad8-921d-e17c69e607e7,2026-07-22T22:00:00Z,2026-07-23T00:00:00+0200,2058.0,MW,DK1,DK_1,forecast_load,Forecasted Load,2026-08-06T05:54:35Z
2026-08-06T05:51:50Z,2026-08-06T07:51:50+0200,c0d2205f-219e-4ad8-921d-e17c69e607e7,2026-07-22T23:00:00Z,2026-07-23T01:00:00+0200,1993.0,MW,DK1,DK_1,forecast_load,Forecasted Load,2026-08-06T05:54:35Z
2026-08-06T05:51:50Z,2026-08-06T07:51:50+0200,c0d2205f-219e-4ad8-921d-e17c69e607e7,2026-07-23T00:00:00Z,2026-07-23T02:00:00+0200,1916.0,MW,DK1,DK_1,forecast_load,Forecasted Load,2026-08-06T05:54:35Z
2026-08-06T05:51:50Z,2026-08-06T07:51:50+0200,c0d2205f-219e-4ad8-921d-e17c69e607e7,2026-07-23T01:00:00Z,2026-07-23T03:00:00+0200,1850.0,MW,DK1,DK_1,forecast_load,Forecasted Load,2026-08-06T05:54:35Z
2026-08-06T05:51:50Z,2026-08-06T07:51:50+0200,c0d2205f-219e-4ad8-921d-e17c69e607e7,2026-07-23T02:00:00Z,2026-07-23T04:00:00+0200,1799.0,MW,DK1,DK_1,forecast_load,Forecasted Load,2026-08-06T05:54:35Z
2026-08-06T05:51:50Z,2026-08-06T07:51:50+0200,c0d2205f-219e-4ad8-921d-e17c69e607e7,2026-07-23T03:00:00Z,2026-07-23T05:00:00+0200,1758.0,MW,DK1,DK_1,forecast_load,Forecasted Load,2026-08-06T05:54:35Z
2026-08-06T05:51:50Z,2026-08-06T07:51:50+0200,c0d2205f-219e-4ad8-921d-e17c69e607e7,2026-07-23T04:00:00Z,2026-07-23T06:00:00+0200,1850.0,MW,DK1,DK_1,forecast_load,Forecasted Load,2026-08-06T05:54:35Z
2026-08-06T05:51:50Z,2026-08-06T07:51:50+0200,c0d2205f-219e-4ad8-921d-e17c69e607e7,2026-07-23T05:00:00Z,2026-07-23T07:00:00+0200,1978.0,MW,DK1,DK_1,forecast_load,Forecasted Load,2026-08-06T05:54:35Z
2026-08-06T05:51:50Z,2026-08-06T07:51:50+0200,c0d2205f-219e-4ad8-921d-e17c69e607e7,2026-07-23T06:00:00Z,2026-07-23T08:00:00+0200,2130.0,MW,DK1,DK_1,forecast_load,Forecasted Load,2026-08-06T05:54:35Z
2026-08-06T05:51:50Z,2026-08-06T07:51:50+0200,c0d2205f-219e-4ad8-921d-e17c69e607e7,2026-07-23T07:00:00Z,2026-07-23T09:00:00+0200,2241.0,MW,DK1,DK_1,forecast_load,Forecasted Load,2026-08-06T05:54:35Z
2026-08-06T05:51:50Z,2026-08-06T07:51:50+0200,c0d2205f-219e-4ad8-921d-e17c69e607e7,2026-07-23T08:00:00Z,2026-07-23T10:00:00+0200,2293.0,MW,DK1,DK_1,forecast_load,Forecasted Load,2026-08-06T05:54:35Z
2026-08-06T05:51:50Z,2026-08-06T07:51:50+0200,c0d2205f-219e-4ad8-921d-e17c69e607e7,2026-07-23T09:00:00Z,2026-07-23T11:00:00+0200,2325.0,MW,DK1,DK_1,forecast_load,Forecasted Load,2026-08-06T05:54:35Z
2026-08-06T05:51:50Z,2026-08-06T07:51:50+0200,c0d2205f-219e-4ad8-921d-e17c69e607e7,2026-07-23T10:00:00Z,2026-07-23T12:00:00+0200,2455.0,MW,DK1,DK_1,forecast_load,Forecasted Load,2026-08-06T05:54:35Z
2026-08-06T05:51:50Z,2026-08-06T07:51:50+0200,c0d2205f-219e-4ad8-921d-e17c69e607e7,2026-07-23T11:00:00Z,2026-07-23T13:00:00+0200,2642.0,MW,DK1,DK_1,forecast_load,Forecasted Load,2026-08-06T05:54:35Z
2026-08-06T05:51:50Z,2026-08-06T07:51:50+0200,c0d2205f-219e-4ad8-921d-e17c69e607e7,2026-07-23T12:00:00Z,2026-07-23T14:00:00+0200,2779.0,MW,DK1,DK_1,forecast_load,Forecasted Load,2026-08-06T05:54:35Z
2026-08-06T05:51:50Z,2026-08-06T07:51:50+0200,c0d2205f-219e-4ad8-921d-e17c69e607e7,2026-07-23T13:00:00Z,2026-07-23T15:00:00+0200,2765.0,MW,DK1,DK_1,forecast_load,Forecasted Load,2026-08-06T05:54:35Z
2026-08-06T05:51:50Z,2026-08-06T07:51:50+0200,c0d2205f-219e-4ad8-921d-e17c69e607e7,2026-07-23T14:00:00Z,2026-07-23T16:00:00+0200,2578.0,MW,DK1,DK_1,forecast_load,Forecasted Load,2026-08-06T05:54:35Z
2026-08-06T05:51:50Z,2026-08-06T07:51:50+0200,c0d2205f-219e-4ad8-921d-e17c69e607e7,2026-07-23T15:00:00Z,2026-07-23T17:00:00+0200,2469.0,MW,DK1,DK_1,forecast_load,Forecasted Load,2026-08-06T05:54:35Z
2026-08-06T05:51:50Z,2026-08-06T07:51:50+0200,c0d2205f-219e-4ad8-921d-e17c69e607e7,2026-07-23T16:00:00Z,2026-07-23T18:00:00+0200,2347.0,MW,DK1,DK_1,forecast_load,Forecasted Load,2026-08-06T05:54:35Z
2026-08-06T05:51:50Z,2026-08-06T07:51:50+0200,c0d2205f-219e-4ad8-921d-e17c69e607e7,2026-07-23T17:00:00Z,2026-07-23T19:00:00+0200,2307.0,MW,DK1,DK_1,forecast_load,Forecasted Load,2026-08-06T05:54:35Z
2026-08-06T05:51:50Z,2026-08-06T07:51:50+0200,c0d2205f-219e-4ad8-921d-e17c69e607e7,2026-07-23T18:00:00Z,2026-07-23T20:00:00+0200,2221.0,MW,DK1,DK_1,forecast_load,Forecasted Load,2026-08-06T05:54:35Z
2026-08-06T05:51:50Z,2026-08-06T07:51:50+0200,c0d2205f-219e-4ad8-921d-e17c69e607e7,2026-07-23T19:00:00Z,2026-07-23T21:00:00+0200,2189.0,MW,DK1,DK_1,forecast_load,Forecasted Load,2026-08-06T05:54:35Z
2026-08-06T05:51:50Z,2026-08-06T07:51:50+0200,c0d2205f-219e-4ad8-921d-e17c69e607e7,2026-07-23T20:00:00Z,2026-07-23T22:00:00+0200,2177.0,MW,DK1,DK_1,forecast_load,Forecasted Load,2026-08-06T05:54:35Z
2026-08-06T05:51:50Z,2026-08-06T07:51:50+0200,c0d2205f-219e-4ad8-921d-e17c69e607e7,2026-07-23T21:00:00Z,2026-07-23T23:00:00+0200,2129.0,MW,DK1,DK_1,forecast_load,Forecasted Load,2026-08-06T05:54:35Z
2026-08-06T05:51:50Z,2026-08-06T07:51:50+0200,c0d2205f-219e-4ad8-921d-e17c69e607e7,2026-07-23T22:00:00Z,2026-07-24T00:00:00+0200,1996.0,MW,DK1,DK_1,forecast_load,Forecasted Load,2026-08-06T05:54:35Z
2026-08-06T05:51:50Z,2026-08-06T07:51:50+0200,c0d2205f-219e-4ad8-921d-e17c69e607e7,2026-07-23T23:00:00Z,2026-07-24T01:00:00+0200,1961.0,MW,DK1,DK_1,forecast_load,Forecasted Load,2026-08-06T05:54:35Z
2026-08-06T05:51:50Z,2026-08-06T07:51:50+0200,c0d2205f-219e-4ad8-921d-e17c69e607e7,2026-07-24T00:00:00Z,2026-07-24T02:00:00+0200,1964.0,MW,DK1,DK_1,forecast_load,Forecasted Load,2026-08-06T05:54:35Z
2026-08-06T05:51:50Z,2026-08-06T07:51:50+0200,c0d2205f-219e-4ad8-921d-e17c69e607e7,2026-07-24T01:00:00Z,2026-07-24T03:00:00+0200,1944.0,MW,DK1,DK_1,forecast_load,Forecasted Load,2026-08-06T05:54:35Z
2026-08-06T05:51:50Z,2026-08-06T07:51:50+0200,c0d2205f-219e-4ad8-921d-e17c69e607e7,2026-07-24T02:00:00Z,2026-07-24T04:00:00+0200,1909.0,MW,DK1,DK_1,forecast_load,Forecasted Load,2026-08-06T05:54:35Z
2026-08-06T05:51:50Z,2026-08-06T07:51:50+0200,c0d2205f-219e-4ad8-921d-e17c69e607e7,2026-07-24T03:00:00Z,2026-07-24T05:00:00+0200,1893.0,MW,DK1,DK_1,forecast_load,Forecasted Load,2026-08-06T05:54:35Z
2026-08-06T05:51:50Z,2026-08-06T07:51:50+0200,c0d2205f-219e-4ad8-921d-e17c69e607e7,2026-07-24T04:00:00Z,2026-07-24T06:00:00+0200,1939.0,MW,DK1,DK_1,forecast_load,Forecasted Load,2026-08-06T05:54:35Z
2026-08-06T05:51:50Z,2026-08-06T07:51:50+0200,c0d2205f-219e-4ad8-921d-e17c69e607e7,2026-07-24T05:00:00Z,2026-07-24T07:00:00+0200,2124.0,MW,DK1,DK_1,forecast_load,Forecasted Load,2026-08-06T05:54:35Z
2026-08-06T05:51:50Z,2026-08-06T07:51:50+0200,c0d2205f-219e-4ad8-921d-e17c69e607e7,2026-07-24T06:00:00Z,2026-07-24T08:00:00+0200,2297.0,MW,DK1,DK_1,forecast_load,Forecasted Load,2026-08-06T05:54:35Z
2026-08-06T05:51:50Z,2026-08-06T07:51:50+0200,c0d2205f-219e-4ad8-921d-e17c69e607e7,2026-07-24T07:00:00Z,2026-07-24T09:00:00+0200,2377.0,MW,DK1,DK_1,forecast_load,Forecasted Load,2026-08-06T05:54:35Z
2026-08-06T05:51:50Z,2026-08-06T07:51:50+0200,c0d2205f-219e-4ad8-921d-e17c69e607e7,2026-07-24T08:00:00Z,2026-07-24T10:00:00+0200,2484.0,MW,DK1,DK_1,forecast_load,Forecasted Load,2026-08-06T05:54:35Z
2026-08-06T05:51:50Z,2026-08-06T07:51:50+0200,c0d2205f-219e-4ad8-921d-e17c69e607e7,2026-07-24T09:00:00Z,2026-07-24T11:00:00+0200,2517.0,MW,DK1,DK_1,forecast_load,Forecasted Load,2026-08-06T05:54:35Z
2026-08-06T05:51:50Z,2026-08-06T07:51:50+0200,c0d2205f-219e-4ad8-921d-e17c69e607e7,2026-07-24T10:00:00Z,2026-07-24T12:00:00+0200,2651.0,MW,DK1,DK_1,forecast_load,Forecasted Load,2026-08-06T05:54:35Z
2026-08-06T05:51:50Z,2026-08-06T07:51:50+0200,c0d2205f-219e-4ad8-921d-e17c69e607e7,2026-07-24T11:00:00Z,2026-07-24T13:00:00+0200,2795.0,MW,DK1,DK_1,forecast_load,Forecasted Load,2026-08-06T05:54:35Z
2026-08-06T05:51:50Z,2026-08-06T07:51:50+0200,c0d2205f-219e-4ad8-921d-e17c69e607e7,2026-07-24T12:00:00Z,2026-07-24T14:00:00+0200,2965.0,MW,DK1,DK_1,forecast_load,Forecasted Load,2026-08-06T05:54:35Z
2026-08-06T05:51:50Z,2026-08-06T07:51:50+0200,c0d2205f-219e-4ad8-921d-e17c69e607e7,2026-07-24T13:00:00Z,2026-07-24T15:00:00+0200,2933.0,MW,DK1,DK_1,forecast_load,Forecasted Load,2026-08-06T05:54:35Z
2026-08-06T05:51:50Z,2026-08-06T07:51:50+0200,c0d2205f-219e-4ad8-921d-e17c69e607e7,2026-07-24T14:00:00Z,2026-07-24T16:00:00+0200,2651.0,MW,DK1,DK_1,forecast_load,Forecasted Load,2026-08-06T05:54:35Z
2026-08-06T05:51:50Z,2026-08-06T07:51:50+0200,c0d2205f-219e-4ad8-921d-e17c69e607e7,2026-07-24T15:00:00Z,2026-07-24T17:00:00+0200,2556.0,MW,DK1,DK_1,forecast_load,Forecasted Load,2026-08-06T05:54:35Z
2026-08-06T05:51:50Z,2026-08-06T07:51:50+0200,c0d2205f-219e-4ad8-921d-e17c69e607e7,2026-07-24T16:00:00Z,2026-07-24T18:00:00+0200,2495.0,MW,DK1,DK_1,forecast_load,Forecasted Load,2026-08-06T05:54:35Z
2026-08-06T05:51:50Z,2026-08-06T07:51:50+0200,c0d2205f-219e-4ad8-921d-e17c69e607e7,2026-07-24T17:00:00Z,2026-07-24T19:00:00+0200,2366.0,MW,DK1,DK_1,forecast_load,Forecasted Load,2026-08-06T05:54:35Z
2026-08-06T05:51:50Z,2026-08-06T07:51:50+0200,c0d2205f-219e-4ad8-921d-e17c69e607e7,2026-07-24T18:00:00Z,2026-07-24T20:00:00+0200,2210.0,MW,DK1,DK_1,forecast_load,Forecasted Load,2026-08-06T05:54:35Z
2026-08-06T05:51:50Z,2026-08-06T07:51:50+0200,c0d2205f-219e-4ad8-921d-e17c69e607e7,2026-07-24T19:00:00Z,2026-07-24T21:00:00+0200,2129.0,MW,DK1,DK_1,forecast_load,Forecasted Load,2026-08-06T05:54:35Z
2026-08-06T05:51:50Z,2026-08-06T07:51:50+0200,c0d2205f-219e-4ad8-921d-e17c69e607e7,2026-07-24T20:00:00Z,2026-07-24T22:00:00+0200,2105.0,MW,DK1,DK_1,forecast_load,Forecasted Load,2026-08-06T05:54:35Z
2026-08-06T05:51:50Z,2026-08-06T07:51:50+0200,c0d2205f-219e-4ad8-921d-e17c69e607e7,2026-07-24T21:00:00Z,2026-07-24T23:00:00+0200,2037.0,MW,DK1,DK_1,forecast_load,Forecasted Load,2026-08-06T05:54:35Z
2026-08-06T05:51:50Z,2026-08-06T07:51:50+0200,c0d2205f-219e-4ad8-921d-e17c69e607e7,2026-07-24T22:00:00Z,2026-07-25T00:00:00+0200,1927.0,MW,DK1,DK_1,forecast_load,Forecasted Load,2026-08-06T05:54:35Z
2026-08-06T05:51:50Z,2026-08-06T07:51:50+0200,c0d2205f-219e-4ad8-921d-e17c69e607e7,2026-07-24T23:00:00Z,2026-07-25T01:00:00+0200,1871.0,MW,DK1,DK_1,forecast_load,Forecasted Load,2026-08-06T05:54:35Z
2026-08-06T05:51:50Z,2026-08-06T07:51:50+0200,c0d2205f-219e-4ad8-921d-e17c69e607e7,2026-07-25T00:00:00Z,2026-07-25T02:00:00+0200,1817.0,MW,DK1,DK_1,forecast_load,Forecasted Load,2026-08-06T05:54:35Z
2026-08-06T05:51:50Z,2026-08-06T07:51:50+0200,c0d2205f-219e-4ad8-921d-e17c69e607e7,2026-07-25T01:00:00Z,2026-07-25T03:00:00+0200,1775.0,MW,DK1,DK_1,forecast_load,Forecasted Load,2026-08-06T05:54:35Z
2026-08-06T05:51:50Z,2026-08-06T07:51:50+0200,c0d2205f-219e-4ad8-921d-e17c69e607e7,2026-07-25T02:00:00Z,2026-07-25T04:00:00+0200,1721.0,MW,DK1,DK_1,forecast_load,Forecasted Load,2026-08-06T05:54:35Z
2026-08-06T05:51:50Z,2026-08-06T07:51:50+0200,c0d2205f-219e-4ad8-921d-e17c69e607e7,2026-07-25T03:00:00Z,2026-07-25T05:00:00+0200,1743.0,MW,DK1,DK_1,forecast_load,Forecasted Load,2026-08-06T05:54:35Z
2026-08-06T05:51:50Z,2026-08-06T07:51:50+0200,c0d2205f-219e-4ad8-921d-e17c69e607e7,2026-07-25T04:00:00Z,2026-07-25T06:00:00+0200,1762.0,MW,DK1,DK_1,forecast_load,Forecasted Load,2026-08-06T05:54:35Z
2026-08-06T05:51:50Z,2026-08-06T07:51:50+0200,c0d2205f-219e-4ad8-921d-e17c69e607e7,2026-07-25T05:00:00Z,2026-07-25T07:00:00+0200,1833.0,MW,DK1,DK_1,forecast_load,Forecasted Load,2026-08-06T05:54:35Z
2026-08-06T05:51:50Z,2026-08-06T07:51:50+0200,c0d2205f-219e-4ad8-921d-e17c69e607e7,2026-07-25T06:00:00Z,2026-07-25T08:00:00+0200,1932.0,MW,DK1,DK_1,forecast_load,Forecasted Load,2026-08-06T05:54:35Z
2026-08-06T05:51:50Z,2026-08-06T07:51:50+0200,c0d2205f-219e-4ad8-921d-e17c69e607e7,2026-07-25T07:00:00Z,2026-07-25T09:00:00+0200,2188.0,MW,DK1,DK_1,forecast_load,Forecasted Load,2026-08-06T05:54:35Z
2026-08-06T05:51:50Z,2026-08-06T07:51:50+0200,c0d2205f-219e-4ad8-921d-e17c69e607e7,2026-07-25T08:00:00Z,2026-07-25T10:00:00+0200,2655.0,MW,DK1,DK_1,forecast_load,Forecasted Load,2026-08-06T05:54:35Z
2026-08-06T05:51:50Z,2026-08-06T07:51:50+0200,c0d2205f-219e-4ad8-921d-e17c69e607e7,2026-07-25T09:00:00Z,2026-07-25T11:00:00+0200,2845.0,MW,DK1,DK_1,forecast_load,Forecasted Load,2026-08-06T05:54:35Z
2026-08-06T05:51:50Z,2026-08-06T07:51:50+0200,c0d2205f-219e-4ad8-921d-e17c69e607e7,2026-07-25T10:00:00Z,2026-07-25T12:00:00+0200,2974.0,MW,DK1,DK_1,forecast_load,Forecasted Load,2026-08-06T05:54:35Z
2026-08-06T05:51:50Z,2026-08-06T07:51:50+0200,c0d2205f-219e-4ad8-921d-e17c69e607e7,2026-07-25T11:00:00Z,2026-07-25T13:00:00+0200,3077.0,MW,DK1,DK_1,forecast_load,Forecasted Load,2026-08-06T05:54:35Z
2026-08-06T05:51:50Z,2026-08-06T07:51:50+0200,c0d2205f-219e-4ad8-921d-e17c69e607e7,2026-07-25T12:00:00Z,2026-07-25T14:00:00+0200,3050.0,MW,DK1,DK_1,forecast_load,Forecasted Load,2026-08-06T05:54:35Z
2026-08-06T05:51:50Z,2026-08-06T07:51:50+0200,c0d2205f-219e-4ad8-921d-e17c69e607e7,2026-07-25T13:00:00Z,2026-07-25T15:00:00+0200,2864.0,MW,DK1,DK_1,forecast_load,Forecasted Load,2026-08-06T05:54:35Z
2026-08-06T05:51:50Z,2026-08-06T07:51:50+0200,c0d2205f-219e-4ad8-921d-e17c69e607e7,2026-07-25T14:00:00Z,2026-07-25T16:00:00+0200,2766.0,MW,DK1,DK_1,forecast_load,Forecasted Load,2026-08-06T05:54:35Z
2026-08-06T05:51:50Z,2026-08-06T07:51:50+0200,c0d2205f-219e-4ad8-921d-e17c69e607e7,2026-07-25T15:00:00Z,2026-07-25T17:00:00+0200,2764.0,MW,DK1,DK_1,forecast_load,Forecasted Load,2026-08-06T05:54:35Z
2026-08-06T05:51:50Z,2026-08-06T07:51:50+0200,c0d2205f-219e-4ad8-921d-e17c69e607e7,2026-07-25T16:00:00Z,2026-07-25T18:00:00+0200,2526.0,MW,DK1,DK_1,forecast_load,Forecasted Load,2026-08-06T05:54:35Z
2026-08-06T05:51:50Z,2026-08-06T07:51:50+0200,c0d2205f-219e-4ad8-921d-e17c69e607e7,2026-07-25T17:00:00Z,2026-07-25T19:00:00+0200,2331.0,MW,DK1,DK_1,forecast_load,Forecasted Load,2026-08-06T05:54:35Z
2026-08-06T05:51:50Z,2026-08-06T07:51:50+0200,c0d2205f-219e-4ad8-921d-e17c69e607e7,2026-07-25T18:00:00Z,2026-07-25T20:00:00+0200,2184.0,MW,DK1,DK_1,forecast_load,Forecasted Load,2026-08-06T05:54:35Z
2026-08-06T05:51:50Z,2026-08-06T07:51:50+0200,c0d2205f-219e-4ad8-921d-e17c69e607e7,2026-07-25T19:00:00Z,2026-07-25T21:00:00+0200,2084.0,MW,DK1,DK_1,forecast_load,Forecasted Load,2026-08-06T05:54:35Z
2026-08-06T05:51:50Z,2026-08-06T07:51:50+0200,c0d2205f-219e-4ad8-921d-e17c69e607e7,2026-07-25T20:00:00Z,2026-07-25T22:00:00+0200,2034.0,MW,DK1,DK_1,forecast_load,Forecasted Load,2026-08-06T05:54:35Z
2026-08-06T05:51:50Z,2026-08-06T07:51:50+0200,c0d2205f-219e-4ad8-921d-e17c69e607e7,2026-07-25T21:00:00Z,2026-07-25T23:00:00+0200,1961.0,MW,DK1,DK_1,forecast_load,Forecasted Load,2026-08-06T05:54:35Z
2026-08-06T05:51:50Z,2026-08-06T07:51:50+0200,c0d2205f-219e-4ad8-921d-e17c69e607e7,2026-07-25T22:00:00Z,2026-07-26T00:00:00+0200,1854.0,MW,DK1,DK_1,forecast_load,Forecasted Load,2026-08-06T05:54:35Z
2026-08-06T05:51:50Z,2026-08-06T07:51:50+0200,c0d2205f-219e-4ad8-921d-e17c69e607e7,2026-07-25T23:00:00Z,2026-07-26T01:00:00+0200,1792.0,MW,DK1,DK_1,forecast_load,Forecasted Load,2026-08-06T05:54:35Z
2026-08-06T05:51:50Z,2026-08-06T07:51:50+0200,c0d2205f-219e-4ad8-921d-e17c69e607e7,2026-07-26T00:00:00Z,2026-07-26T02:00:00+0200,1759.0,MW,DK1,DK_1,forecast_load,Forecasted Load,2026-08-06T05:54:35Z
2026-08-06T05:51:50Z,2026-08-06T07:51:50+0200,c0d2205f-219e-4ad8-921d-e17c69e607e7,2026-07-26T01:00:00Z,2026-07-26T03:00:00+0200,1720.0,MW,DK1,DK_1,forecast_load,Forecasted Load,2026-08-06T05:54:35Z
2026-08-06T05:51:50Z,2026-08-06T07:51:50+0200,c0d2205f-219e-4ad8-921d-e17c69e607e7,2026-07-26T02:00:00Z,2026-07-26T04:00:00+0200,1708.0,MW,DK1,DK_1,forecast_load,Forecasted Load,2026-08-06T05:54:35Z
2026-08-06T05:51:50Z,2026-08-06T07:51:50+0200,c0d2205f-219e-4ad8-921d-e17c69e607e7,2026-07-26T03:00:00Z,2026-07-26T05:00:00+0200,1682.0,MW,DK1,DK_1,forecast_load,Forecasted Load,2026-08-06T05:54:35Z
2026-08-06T05:51:50Z,2026-08-06T07:51:50+0200,c0d2205f-219e-4ad8-921d-e17c69e607e7,2026-07-26T04:00:00Z,2026-07-26T06:00:00+0200,1668.0,MW,DK1,DK_1,forecast_load,Forecasted Load,2026-08-06T05:54:35Z
2026-08-06T05:51:50Z,2026-08-06T07:51:50+0200,c0d2205f-219e-4ad8-921d-e17c69e607e7,2026-07-26T05:00:00Z,2026-07-26T07:00:00+0200,1730.0,MW,DK1,DK_1,forecast_load,Forecasted Load,2026-08-06T05:54:35Z
2026-08-06T05:51:50Z,2026-08-06T07:51:50+0200,c0d2205f-219e-4ad8-921d-e17c69e607e7,2026-07-26T06:00:00Z,2026-07-26T08:00:00+0200,1889.0,MW,DK1,DK_1,forecast_load,Forecasted Load,2026-08-06T05:54:35Z
2026-08-06T05:51:50Z,2026-08-06T07:51:50+0200,c0d2205f-219e-4ad8-921d-e17c69e607e7,2026-07-26T07:00:00Z,2026-07-26T09:00:00+0200,2064.0,MW,DK1,DK_1,forecast_load,Forecasted Load,2026-08-06T05:54:35Z
2026-08-06T05:51:50Z,2026-08-06T07:51:50+0200,c0d2205f-219e-4ad8-921d-e17c69e607e7,2026-07-26T08:00:00Z,2026-07-26T10:00:00+0200,2319.0,MW,DK1,DK_1,forecast_load,Forecasted Load,2026-08-06T05:54:35Z
2026-08-06T05:51:50Z,2026-08-06T07:51:50+0200,c0d2205f-219e-4ad8-921d-e17c69e607e7,2026-07-26T09:00:00Z,2026-07-26T11:00:00+0200,2653.0,MW,DK1,DK_1,forecast_load,Forecasted Load,2026-08-06T05:54:35Z
2026-08-06T05:51:50Z,2026-08-06T07:51:50+0200,c0d2205f-219e-4ad8-921d-e17c69e607e7,2026-07-26T10:00:00Z,2026-07-26T12:00:00+0200,2740.0,MW,DK1,DK_1,forecast_load,Forecasted Load,2026-08-06T05:54:35Z
2026-08-06T05:51:50Z,2026-08-06T07:51:50+0200,c0d2205f-219e-4ad8-921d-e17c69e607e7,2026-07-26T11:00:00Z,2026-07-26T13:00:00+0200,2726.0,MW,DK1,DK_1,forecast_load,Forecasted Load,2026-08-06T05:54:35Z
2026-08-06T05:51:50Z,2026-08-06T07:51:50+0200,c0d2205f-219e-4ad8-921d-e17c69e607e7,2026-07-26T12:00:00Z,2026-07-26T14:00:00+0200,2638.0,MW,DK1,DK_1,forecast_load,Forecasted Load,2026-08-06T05:54:35Z
2026-08-06T05:51:50Z,2026-08-06T07:51:50+0200,c0d2205f-219e-4ad8-921d-e17c69e607e7,2026-07-26T13:00:00Z,2026-07-26T15:00:00+0200,2532.0,MW,DK1,DK_1,forecast_load,Forecasted Load,2026-08-06T05:54:35Z
2026-08-06T05:51:50Z,2026-08-06T07:51:50+0200,c0d2205f-219e-4ad8-921d-e17c69e607e7,2026-07-26T14:00:00Z,2026-07-26T16:00:00+0200,2481.0,MW,DK1,DK_1,forecast_load,Forecasted Load,2026-08-06T05:54:35Z
2026-08-06T05:51:50Z,2026-08-06T07:51:50+0200,c0d2205f-219e-4ad8-921d-e17c69e607e7,2026-07-26T15:00:00Z,2026-07-26T17:00:00+0200,2443.0,MW,DK1,DK_1,forecast_load,Forecasted Load,2026-08-06T05:54:35Z
2026-08-06T05:51:50Z,2026-08-06T07:51:50+0200,c0d2205f-219e-4ad8-921d-e17c69e607e7,2026-07-26T16:00:00Z,2026-07-26T18:00:00+0200,2391.0,MW,DK1,DK_1,forecast_load,Forecasted Load,2026-08-06T05:54:35Z
2026-08-06T05:51:50Z,2026-08-06T07:51:50+0200,c0d2205f-219e-4ad8-921d-e17c69e607e7,2026-07-26T17:00:00Z,2026-07-26T19:00:00+0200,2242.0,MW,DK1,DK_1,forecast_load,Forecasted Load,2026-08-06T05:54:35Z
2026-08-06T05:51:50Z,2026-08-06T07:51:50+0200,c0d2205f-219e-4ad8-921d-e17c69e607e7,2026-07-26T18:00:00Z,2026-07-26T20:00:00+0200,2106.0,MW,DK1,DK_1,forecast_load,Forecasted Load,2026-08-06T05:54:35Z
2026-08-06T05:51:50Z,2026-08-06T07:51:50+0200,c0d2205f-219e-4ad8-921d-e17c69e607e7,2026-07-26T19:00:00Z,2026-07-26T21:00:00+0200,2054.0,MW,DK1,DK_1,forecast_load,Forecasted Load,2026-08-06T05:54:35Z
2026-08-06T05:51:50Z,2026-08-06T07:51:50+0200,c0d2205f-219e-4ad8-921d-e17c69e607e7,2026-07-26T20:00:00Z,2026-07-26T22:00:00+0200,2040.0,MW,DK1,DK_1,forecast_load,Forecasted Load,2026-08-06T05:54:35Z
2026-08-06T05:51:50Z,2026-08-06T07:51:50+0200,c0d2205f-219e-4ad8-921d-e17c69e607e7,2026-07-26T21:00:00Z,2026-07-26T23:00:00+0200,1987.0,MW,DK1,DK_1,forecast_load,Forecasted Load,2026-08-06T05:54:35Z
2026-08-06T05:51:50Z,2026-08-06T07:51:50+0200,c0d2205f-219e-4ad8-921d-e17c69e607e7,2026-07-26T22:00:00Z,2026-07-27T00:00:00+0200,1941.0,MW,DK1,DK_1,forecast_load,Forecasted Load,2026-08-06T05:54:35Z
2026-08-06T05:51:50Z,2026-08-06T07:51:50+0200,c0d2205f-219e-4ad8-921d-e17c69e607e7,2026-07-26T23:00:00Z,2026-07-27T01:00:00+0200,1945.0,MW,DK1,DK_1,forecast_load,Forecasted Load,2026-08-06T05:54:35Z
2026-08-06T05:51:50Z,2026-08-06T07:51:50+0200,c0d2205f-219e-4ad8-921d-e17c69e607e7,2026-07-27T00:00:00Z,2026-07-27T02:00:00+0200,1929.0,MW,DK1,DK_1,forecast_load,Forecasted Load,2026-08-06T05:54:35Z
2026-08-06T05:51:50Z,2026-08-06T07:51:50+0200,c0d2205f-219e-4ad8-921d-e17c69e607e7,2026-07-27T01:00:00Z,2026-07-27T03:00:00+0200,1910.0,MW,DK1,DK_1,forecast_load,Forecasted Load,2026-08-06T05:54:35Z
2026-08-06T05:51:50Z,2026-08-06T07:51:50+0200,c0d2205f-219e-4ad8-921d-e17c69e607e7,2026-07-27T02:00:00Z,2026-07-27T04:00:00+0200,1834.0,MW,DK1,DK_1,forecast_load,Forecasted Load,2026-08-06T05:54:35Z
2026-08-06T05:51:50Z,2026-08-06T07:51:50+0200,c0d2205f-219e-4ad8-921d-e17c69e607e7,2026-07-27T03:00:00Z,2026-07-27T05:00:00+0200,1838.0,MW,DK1,DK_1,forecast_load,Forecasted Load,2026-08-06T05:54:35Z
2026-08-06T05:51:50Z,2026-08-06T07:51:50+0200,c0d2205f-219e-4ad8-921d-e17c69e607e7,2026-07-27T04:00:00Z,2026-07-27T06:00:00+0200,2005.0,MW,DK1,DK_1,forecast_load,Forecasted Load,2026-08-06T05:54:35Z
2026-08-06T05:51:50Z,2026-08-06T07:51:50+0200,c0d2205f-219e-4ad8-921d-e17c69e607e7,2026-07-27T05:00:00Z,2026-07-27T07:00:00+0200,2159.0,MW,DK1,DK_1,forecast_load,Forecasted Load,2026-08-06T05:54:35Z
2026-08-06T05:51:50Z,2026-08-06T07:51:50+0200,c0d2205f-219e-4ad8-921d-e17c69e607e7,2026-07-27T06:00:00Z,2026-07-27T08:00:00+0200,2333.0,MW,DK1,DK_1,forecast_load,Forecasted Load,2026-08-06T05:54:35Z
2026-08-06T05:51:50Z,2026-08-06T07:51:50+0200,c0d2205f-219e-4ad8-921d-e17c69e607e7,2026-07-27T07:00:00Z,2026-07-27T09:00:00+0200,2511.0,MW,DK1,DK_1,forecast_load,Forecasted Load,2026-08-06T05:54:35Z
2026-08-06T05:51:50Z,2026-08-06T07:51:50+0200,c0d2205f-219e-4ad8-921d-e17c69e607e7,2026-07-27T08:00:00Z,2026-07-27T10:00:00+0200,2677.0,MW,DK1,DK_1,forecast_load,Forecasted Load,2026-08-06T05:54:35Z
2026-08-06T05:51:50Z,2026-08-06T07:51:50+0200,c0d2205f-219e-4ad8-921d-e17c69e607e7,2026-07-27T09:00:00Z,2026-07-27T11:00:00+0200,2840.0,MW,DK1,DK_1,forecast_load,Forecasted Load,2026-08-06T05:54:35Z
2026-08-06T05:51:50Z,2026-08-06T07:51:50+0200,c0d2205f-219e-4ad8-921d-e17c69e607e7,2026-07-27T10:00:00Z,2026-07-27T12:00:00+0200,2928.0,MW,DK1,DK_1,forecast_load,Forecasted Load,2026-08-06T05:54:35Z
2026-08-06T05:51:50Z,2026-08-06T07:51:50+0200,c0d2205f-219e-4ad8-921d-e17c69e607e7,2026-07-27T11:00:00Z,2026-07-27T13:00:00+0200,2999.0,MW,DK1,DK_1,forecast_load,Forecasted Load,2026-08-06T05:54:35Z
2026-08-06T05:51:50Z,2026-08-06T07:51:50+0200,c0d2205f-219e-4ad8-921d-e17c69e607e7,2026-07-27T12:00:00Z,2026-07-27T14:00:00+0200,3008.0,MW,DK1,DK_1,forecast_load,Forecasted Load,2026-08-06T05:54:35Z
2026-08-06T05:51:50Z,2026-08-06T07:51:50+0200,c0d2205f-219e-4ad8-921d-e17c69e607e7,2026-07-27T13:00:00Z,2026-07-27T15:00:00+0200,2975.0,MW,DK1,DK_1,forecast_load,Forecasted Load,2026-08-06T05:54:35Z
2026-08-06T05:51:50Z,2026-08-06T07:51:50+0200,c0d2205f-219e-4ad8-921d-e17c69e607e7,2026-07-27T14:00:00Z,2026-07-27T16:00:00+0200,2833.0,MW,DK1,DK_1,forecast_load,Forecasted Load,2026-08-06T05:54:35Z
2026-08-06T05:51:50Z,2026-08-06T07:51:50+0200,c0d2205f-219e-4ad8-921d-e17c69e607e7,2026-07-27T15:00:00Z,2026-07-27T17:00:00+0200,2792.0,MW,DK1,DK_1,forecast_load,Forecasted Load,2026-08-06T05:54:35Z
2026-08-06T05:51:50Z,2026-08-06T07:51:50+0200,c0d2205f-219e-4ad8-921d-e17c69e607e7,2026-07-27T16:00:00Z,2026-07-27T18:00:00+0200,2698.0,MW,DK1,DK_1,forecast_load,Forecasted Load,2026-08-06T05:54:35Z
2026-08-06T05:51:50Z,2026-08-06T07:51:50+0200,c0d2205f-219e-4ad8-921d-e17c69e607e7,2026-07-27T17:00:00Z,2026-07-27T19:00:00+0200,2551.0,MW,DK1,DK_1,forecast_load,Forecasted Load,2026-08-06T05:54:35Z
2026-08-06T05:51:50Z,2026-08-06T07:51:50+0200,c0d2205f-219e-4ad8-921d-e17c69e607e7,2026-07-27T18:00:00Z,2026-07-27T20:00:00+0200,2381.0,MW,DK1,DK_1,forecast_load,Forecasted Load,2026-08-06T05:54:35Z
2026-08-06T05:51:50Z,2026-08-06T07:51:50+0200,c0d2205f-219e-4ad8-921d-e17c69e607e7,2026-07-27T19:00:00Z,2026-07-27T21:00:00+0200,2298.0,MW,DK1,DK_1,forecast_load,Forecasted Load,2026-08-06T05:54:35Z
2026-08-06T05:51:50Z,2026-08-06T07:51:50+0200,c0d2205f-219e-4ad8-921d-e17c69e607e7,2026-07-27T20:00:00Z,2026-07-27T22:00:00+0200,2305.0,MW,DK1,DK_1,forecast_load,Forecasted Load,2026-08-06T05:54:35Z
2026-08-06T05:51:50Z,2026-08-06T07:51:50+0200,c0d2205f-219e-4ad8-921d-e17c69e607e7,2026-07-27T21:00:00Z,2026-07-27T23:00:00+0200,2248.0,MW,DK1,DK_1,forecast_load,Forecasted Load,2026-08-06T05:54:35Z
2026-08-06T05:51:50Z,2026-08-06T07:51:50+0200,c0d2205f-219e-4ad8-921d-e17c69e607e7,2026-07-27T22:00:00Z,2026-07-28T00:00:00+0200,2046.1,MW,DK1,DK_1,forecast_load,Forecasted Load,2026-08-06T05:54:35Z
2026-08-06T05:51:50Z,2026-08-06T07:51:50+0200,c0d2205f-219e-4ad8-921d-e17c69e607e7,2026-07-27T23:00:00Z,2026-07-28T01:00:00+0200,1967.3,MW,DK1,DK_1,forecast_load,Forecasted Load,2026-08-06T05:54:35Z
2026-08-06T05:51:50Z,2026-08-06T07:51:50+0200,c0d2205f-219e-4ad8-921d-e17c69e607e7,2026-07-28T00:00:00Z,2026-07-28T02:00:00+0200,1932.8,MW,DK1,DK_1,forecast_load,Forecasted Load,2026-08-06T05:54:35Z
2026-08-06T05:51:50Z,2026-08-06T07:51:50+0200,c0d2205f-219e-4ad8-921d-e17c69e607e7,2026-07-28T01:00:00Z,2026-07-28T03:00:00+0200,1906.8,MW,DK1,DK_1,forecast_load,Forecasted Load,2026-08-06T05:54:35Z
2026-08-06T05:51:50Z,2026-08-06T07:51:50+0200,c0d2205f-219e-4ad8-921d-e17c69e607e7,2026-07-28T02:00:00Z,2026-07-28T04:00:00+0200,1899.8,MW,DK1,DK_1,forecast_load,Forecasted Load,2026-08-06T05:54:35Z
2026-08-06T05:51:50Z,2026-08-06T07:51:50+0200,c0d2205f-219e-4ad8-921d-e17c69e607e7,2026-07-28T03:00:00Z,2026-07-28T05:00:00+0200,1892.3,MW,DK1,DK_1,forecast_load,Forecasted Load,2026-08-06T05:54:35Z
2026-08-06T05:51:50Z,2026-08-06T07:51:50+0200,c0d2205f-219e-4ad8-921d-e17c69e607e7,2026-07-28T04:00:00Z,2026-07-28T06:00:00+0200,1987.3,MW,DK1,DK_1,forecast_load,Forecasted Load,2026-08-06T05:54:35Z
2026-08-06T05:51:50Z,2026-08-06T07:51:50+0200,c0d2205f-219e-4ad8-921d-e17c69e607e7,2026-07-28T05:00:00Z,2026-07-28T07:00:00+0200,2175.7,MW,DK1,DK_1,forecast_load,Forecasted Load,2026-08-06T05:54:35Z
2026-08-06T05:51:50Z,2026-08-06T07:51:50+0200,c0d2205f-219e-4ad8-921d-e17c69e607e7,2026-07-28T06:00:00Z,2026-07-28T08:00:00+0200,2363.2,MW,DK1,DK_1,forecast_load,Forecasted Load,2026-08-06T05:54:35Z
2026-08-06T05:51:50Z,2026-08-06T07:51:50+0200,c0d2205f-219e-4ad8-921d-e17c69e607e7,2026-07-28T07:00:00Z,2026-07-28T09:00:00+0200,2396.9,MW,DK1,DK_1,forecast_load,Forecasted Load,2026-08-06T05:54:35Z
2026-08-06T05:51:50Z,2026-08-06T07:51:50+0200,c0d2205f-219e-4ad8-921d-e17c69e607e7,2026-07-28T08:00:00Z,2026-07-28T10:00:00+0200,2596.8,MW,DK1,DK_1,forecast_load,Forecasted Load,2026-08-06T05:54:35Z
2026-08-06T05:51:50Z,2026-08-06T07:51:50+0200,c0d2205f-219e-4ad8-921d-e17c69e607e7,2026-07-28T09:00:00Z,2026-07-28T11:00:00+0200,3009.2,MW,DK1,DK_1,forecast_load,Forecasted Load,2026-08-06T05:54:35Z
2026-08-06T05:51:50Z,2026-08-06T07:51:50+0200,c0d2205f-219e-4ad8-921d-e17c69e607e7,2026-07-28T10:00:00Z,2026-07-28T12:00:00+0200,3170.8,MW,DK1,DK_1,forecast_load,Forecasted Load,2026-08-06T05:54:35Z
2026-08-06T05:51:50Z,2026-08-06T07:51:50+0200,c0d2205f-219e-4ad8-921d-e17c69e607e7,2026-07-28T11:00:00Z,2026-07-28T13:00:00+0200,3164.9,MW,DK1,DK_1,forecast_load,Forecasted Load,2026-08-06T05:54:35Z
2026-08-06T05:51:50Z,2026-08-06T07:51:50+0200,c0d2205f-219e-4ad8-921d-e17c69e607e7,2026-07-28T12:00:00Z,2026-07-28T14:00:00+0200,3123.4,MW,DK1,DK_1,forecast_load,Forecasted Load,2026-08-06T05:54:35Z
2026-08-06T05:51:50Z,2026-08-06T07:51:50+0200,c0d2205f-219e-4ad8-921d-e17c69e607e7,2026-07-28T13:00:00Z,2026-07-28T15:00:00+0200,2955.3,MW,DK1,DK_1,forecast_load,Forecasted Load,2026-08-06T05:54:35Z
2026-08-06T05:51:50Z,2026-08-06T07:51:50+0200,c0d2205f-219e-4ad8-921d-e17c69e607e7,2026-07-28T14:00:00Z,2026-07-28T16:00:00+0200,2830.6,MW,DK1,DK_1,forecast_load,Forecasted Load,2026-08-06T05:54:35Z
2026-08-06T05:51:50Z,2026-08-06T07:51:50+0200,c0d2205f-219e-4ad8-921d-e17c69e607e7,2026-07-28T15:00:00Z,2026-07-28T17:00:00+0200,2706.5,MW,DK1,DK_1,forecast_load,Forecasted Load,2026-08-06T05:54:35Z
2026-08-06T05:51:50Z,2026-08-06T07:51:50+0200,c0d2205f-219e-4ad8-921d-e17c69e607e7,2026-07-28T16:00:00Z,2026-07-28T18:00:00+0200,2649.0,MW,DK1,DK_1,forecast_load,Forecasted Load,2026-08-06T05:54:35Z
2026-08-06T05:51:50Z,2026-08-06T07:51:50+0200,c0d2205f-219e-4ad8-921d-e17c69e607e7,2026-07-28T17:00:00Z,2026-07-28T19:00:00+0200,2537.5,MW,DK1,DK_1,forecast_load,Forecasted Load,2026-08-06T05:54:35Z
2026-08-06T05:51:50Z,2026-08-06T07:51:50+0200,c0d2205f-219e-4ad8-921d-e17c69e607e7,2026-07-28T18:00:00Z,2026-07-28T20:00:00+0200,2386.2,MW,DK1,DK_1,forecast_load,Forecasted Load,2026-08-06T05:54:35Z
2026-08-06T05:51:50Z,2026-08-06T07:51:50+0200,c0d2205f-219e-4ad8-921d-e17c69e607e7,2026-07-28T19:00:00Z,2026-07-28T21:00:00+0200,2319.9,MW,DK1,DK_1,forecast_load,Forecasted Load,2026-08-06T05:54:35Z
2026-08-06T05:51:50Z,2026-08-06T07:51:50+0200,c0d2205f-219e-4ad8-921d-e17c69e607e7,2026-07-28T20:00:00Z,2026-07-28T22:00:00+0200,2329.0,MW,DK1,DK_1,forecast_load,Forecasted Load,2026-08-06T05:54:35Z
2026-08-06T05:51:50Z,2026-08-06T07:51:50+0200,c0d2205f-219e-4ad8-921d-e17c69e607e7,2026-07-28T21:00:00Z,2026-07-28T23:00:00+0200,2267.3,MW,DK1,DK_1,forecast_load,Forecasted Load,2026-08-06T05:54:35Z
2026-08-06T05:51:50Z,2026-08-06T07:51:50+0200,c0d2205f-219e-4ad8-921d-e17c69e607e7,2026-07-28T22:00:00Z,2026-07-29T00:00:00+0200,2085.2,MW,DK1,DK_1,forecast_load,Forecasted Load,2026-08-06T05:54:35Z
2026-08-06T05:51:50Z,2026-08-06T07:51:50+0200,c0d2205f-219e-4ad8-921d-e17c69e607e7,2026-07-28T23:00:00Z,2026-07-29T01:00:00+0200,2071.0,MW,DK1,DK_1,forecast_load,Forecasted Load,2026-08-06T05:54:35Z
2026-08-06T05:51:50Z,2026-08-06T07:51:50+0200,c0d2205f-219e-4ad8-921d-e17c69e607e7,2026-07-29T00:00:00Z,2026-07-29T02:00:00+0200,2034.7,MW,DK1,DK_1,forecast_load,Forecasted Load,2026-08-06T05:54:35Z
2026-08-06T05:51:50Z,2026-08-06T07:51:50+0200,c0d2205f-219e-4ad8-921d-e17c69e607e7,2026-07-29T01:00:00Z,2026-07-29T03:00:00+0200,1963.5,MW,DK1,DK_1,forecast_load,Forecasted Load,2026-08-06T05:54:35Z
2026-08-06T05:51:50Z,2026-08-06T07:51:50+0200,c0d2205f-219e-4ad8-921d-e17c69e607e7,2026-07-29T02:00:00Z,2026-07-29T04:00:00+0200,1947.3,MW,DK1,DK_1,forecast_load,Forecasted Load,2026-08-06T05:54:35Z
2026-08-06T05:51:50Z,2026-08-06T07:51:50+0200,c0d2205f-219e-4ad8-921d-e17c69e607e7,2026-07-29T03:00:00Z,2026-07-29T05:00:00+0200,1923.5,MW,DK1,DK_1,forecast_load,Forecasted Load,2026-08-06T05:54:35Z
2026-08-06T05:51:50Z,2026-08-06T07:51:50+0200,c0d2205f-219e-4ad8-921d-e17c69e607e7,2026-07-29T04:00:00Z,2026-07-29T06:00:00+0200,2062.0,MW,DK1,DK_1,forecast_load,Forecasted Load,2026-08-06T05:54:35Z
2026-08-06T05:51:50Z,2026-08-06T07:51:50+0200,c0d2205f-219e-4ad8-921d-e17c69e607e7,2026-07-29T05:00:00Z,2026-07-29T07:00:00+0200,2263.2,MW,DK1,DK_1,forecast_load,Forecasted Load,2026-08-06T05:54:35Z
2026-08-06T05:51:50Z,2026-08-06T07:51:50+0200,c0d2205f-219e-4ad8-921d-e17c69e607e7,2026-07-29T06:00:00Z,2026-07-29T08:00:00+0200,2454.9,MW,DK1,DK_1,forecast_load,Forecasted Load,2026-08-06T05:54:35Z
2026-08-06T05:51:50Z,2026-08-06T07:51:50+0200,c0d2205f-219e-4ad8-921d-e17c69e607e7,2026-07-29T07:00:00Z,2026-07-29T09:00:00+0200,2511.1,MW,DK1,DK_1,forecast_load,Forecasted Load,2026-08-06T05:54:35Z
2026-08-06T05:51:50Z,2026-08-06T07:51:50+0200,c0d2205f-219e-4ad8-921d-e17c69e607e7,2026-07-29T08:00:00Z,2026-07-29T10:00:00+0200,2583.7,MW,DK1,DK_1,forecast_load,Forecasted Load,2026-08-06T05:54:35Z
2026-08-06T05:51:50Z,2026-08-06T07:51:50+0200,c0d2205f-219e-4ad8-921d-e17c69e607e7,2026-07-29T09:00:00Z,2026-07-29T11:00:00+0200,2779.8,MW,DK1,DK_1,forecast_load,Forecasted Load,2026-08-06T05:54:35Z
2026-08-06T05:51:50Z,2026-08-06T07:51:50+0200,c0d2205f-219e-4ad8-921d-e17c69e607e7,2026-07-29T10:00:00Z,2026-07-29T12:00:00+0200,2958.3,MW,DK1,DK_1,forecast_load,Forecasted Load,2026-08-06T05:54:35Z
2026-08-06T05:51:50Z,2026-08-06T07:51:50+0200,c0d2205f-219e-4ad8-921d-e17c69e607e7,2026-07-29T11:00:00Z,2026-07-29T13:00:00+0200,3064.7,MW,DK1,DK_1,forecast_load,Forecasted Load,2026-08-06T05:54:35Z
2026-08-06T05:51:50Z,2026-08-06T07:51:50+0200,c0d2205f-219e-4ad8-921d-e17c69e607e7,2026-07-29T12:00:00Z,2026-07-29T14:00:00+0200,3058.8,MW,DK1,DK_1,forecast_load,Forecasted Load,2026-08-06T05:54:35Z
2026-08-06T05:51:50Z,2026-08-06T07:51:50+0200,c0d2205f-219e-4ad8-921d-e17c69e607e7,2026-07-29T13:00:00Z,2026-07-29T15:00:00+0200,2899.8,MW,DK1,DK_1,forecast_load,Forecasted Load,2026-08-06T05:54:35Z
2026-08-06T05:51:50Z,2026-08-06T07:51:50+0200,c0d2205f-219e-4ad8-921d-e17c69e607e7,2026-07-29T14:00:00Z,2026-07-29T16:00:00+0200,2616.4,MW,DK1,DK_1,forecast_load,Forecasted Load,2026-08-06T05:54:35Z
2026-08-06T05:51:50Z,2026-08-06T07:51:50+0200,c0d2205f-219e-4ad8-921d-e17c69e607e7,2026-07-29T15:00:00Z,2026-07-29T17:00:00+0200,2561.6,MW,DK1,DK_1,forecast_load,Forecasted Load,2026-08-06T05:54:35Z
2026-08-06T05:51:50Z,2026-08-06T07:51:50+0200,c0d2205f-219e-4ad8-921d-e17c69e607e7,2026-07-29T16:00:00Z,2026-07-29T18:00:00+0200,2507.3,MW,DK1,DK_1,forecast_load,Forecasted Load,2026-08-06T05:54:35Z
2026-08-06T05:51:50Z,2026-08-06T07:51:50+0200,c0d2205f-219e-4ad8-921d-e17c69e607e7,2026-07-29T17:00:00Z,2026-07-29T19:00:00+0200,2417.5,MW,DK1,DK_1,forecast_load,Forecasted Load,2026-08-06T05:54:35Z
2026-08-06T05:51:50Z,2026-08-06T07:51:50+0200,c0d2205f-219e-4ad8-921d-e17c69e607e7,2026-07-29T18:00:00Z,2026-07-29T20:00:00+0200,2266.5,MW,DK1,DK_1,forecast_load,Forecasted Load,2026-08-06T05:54:35Z
2026-08-06T05:51:50Z,2026-08-06T07:51:50+0200,c0d2205f-219e-4ad8-921d-e17c69e607e7,2026-07-29T19:00:00Z,2026-07-29T21:00:00+0200,2247.7,MW,DK1,DK_1,forecast_load,Forecasted Load,2026-08-06T05:54:35Z
2026-08-06T05:51:50Z,2026-08-06T07:51:50+0200,c0d2205f-219e-4ad8-921d-e17c69e607e7,2026-07-29T20:00:00Z,2026-07-29T22:00:00+0200,2279.9,MW,DK1,DK_1,forecast_load,Forecasted Load,2026-08-06T05:54:35Z
2026-08-06T05:51:50Z,2026-08-06T07:51:50+0200,c0d2205f-219e-4ad8-921d-e17c69e607e7,2026-07-29T21:00:00Z,2026-07-29T23:00:00+0200,2238.0,MW,DK1,DK_1,forecast_load,Forecasted Load,2026-08-06T05:54:35Z
2026-08-06T05:51:50Z,2026-08-06T07:51:50+0200,c0d2205f-219e-4ad8-921d-e17c69e607e7,2026-07-29T22:00:00Z,2026-07-30T00:00:00+0200,2080.0,MW,DK1,DK_1,forecast_load,Forecasted Load,2026-08-06T05:54:35Z
2026-08-06T05:51:50Z,2026-08-06T07:51:50+0200,c0d2205f-219e-4ad8-921d-e17c69e607e7,2026-07-29T23:00:00Z,2026-07-30T01:00:00+0200,2074.0,MW,DK1,DK_1,forecast_load,Forecasted Load,2026-08-06T05:54:35Z
2026-08-06T05:51:50Z,2026-08-06T07:51:50+0200,c0d2205f-219e-4ad8-921d-e17c69e607e7,2026-07-30T00:00:00Z,2026-07-30T02:00:00+0200,2044.0,MW,DK1,DK_1,forecast_load,Forecasted Load,2026-08-06T05:54:35Z
2026-08-06T05:51:50Z,2026-08-06T07:51:50+0200,c0d2205f-219e-4ad8-921d-e17c69e607e7,2026-07-30T01:00:00Z,2026-07-30T03:00:00+0200,1959.0,MW,DK1,DK_1,forecast_load,Forecasted Load,2026-08-06T05:54:35Z
2026-08-06T05:51:50Z,2026-08-06T07:51:50+0200,c0d2205f-219e-4ad8-921d-e17c69e607e7,2026-07-30T02:00:00Z,2026-07-30T04:00:00+0200,1921.0,MW,DK1,DK_1,forecast_load,Forecasted Load,2026-08-06T05:54:35Z
2026-08-06T05:51:50Z,2026-08-06T07:51:50+0200,c0d2205f-219e-4ad8-921d-e17c69e607e7,2026-07-30T03:00:00Z,2026-07-30T05:00:00+0200,1912.0,MW,DK1,DK_1,forecast_load,Forecasted Load,2026-08-06T05:54:35Z
2026-08-06T05:51:50Z,2026-08-06T07:51:50+0200,c0d2205f-219e-4ad8-921d-e17c69e607e7,2026-07-30T04:00:00Z,2026-07-30T06:00:00+0200,2044.0,MW,DK1,DK_1,forecast_load,Forecasted Load,2026-08-06T05:54:35Z
2026-08-06T05:51:50Z,2026-08-06T07:51:50+0200,c0d2205f-219e-4ad8-921d-e17c69e607e7,2026-07-30T05:00:00Z,2026-07-30T07:00:00+0200,2240.0,MW,DK1,DK_1,forecast_load,Forecasted Load,2026-08-06T05:54:35Z
2026-08-06T05:51:50Z,2026-08-06T07:51:50+0200,c0d2205f-219e-4ad8-921d-e17c69e607e7,2026-07-30T06:00:00Z,2026-07-30T08:00:00+0200,2411.0,MW,DK1,DK_1,forecast_load,Forecasted Load,2026-08-06T05:54:35Z
2026-08-06T05:51:50Z,2026-08-06T07:51:50+0200,c0d2205f-219e-4ad8-921d-e17c69e607e7,2026-07-30T07:00:00Z,2026-07-30T09:00:00+0200,2486.0,MW,DK1,DK_1,forecast_load,Forecasted Load,2026-08-06T05:54:35Z
2026-08-06T05:51:50Z,2026-08-06T07:51:50+0200,c0d2205f-219e-4ad8-921d-e17c69e607e7,2026-07-30T08:00:00Z,2026-07-30T10:00:00+0200,2598.0,MW,DK1,DK_1,forecast_load,Forecasted Load,2026-08-06T05:54:35Z
2026-08-06T05:51:50Z,2026-08-06T07:51:50+0200,c0d2205f-219e-4ad8-921d-e17c69e607e7,2026-07-30T09:00:00Z,2026-07-30T11:00:00+0200,2731.0,MW,DK1,DK_1,forecast_load,Forecasted Load,2026-08-06T05:54:35Z
2026-08-06T05:51:50Z,2026-08-06T07:51:50+0200,c0d2205f-219e-4ad8-921d-e17c69e607e7,2026-07-30T10:00:00Z,2026-07-30T12:00:00+0200,2896.0,MW,DK1,DK_1,forecast_load,Forecasted Load,2026-08-06T05:54:35Z
2026-08-06T05:51:50Z,2026-08-06T07:51:50+0200,c0d2205f-219e-4ad8-921d-e17c69e607e7,2026-07-30T11:00:00Z,2026-07-30T13:00:00+0200,3075.0,MW,DK1,DK_1,forecast_load,Forecasted Load,2026-08-06T05:54:35Z
2026-08-06T05:51:50Z,2026-08-06T07:51:50+0200,c0d2205f-219e-4ad8-921d-e17c69e607e7,2026-07-30T12:00:00Z,2026-07-30T14:00:00+0200,3011.0,MW,DK1,DK_1,forecast_load,Forecasted Load,2026-08-06T05:54:35Z
2026-08-06T05:51:50Z,2026-08-06T07:51:50+0200,c0d2205f-219e-4ad8-921d-e17c69e607e7,2026-07-30T13:00:00Z,2026-07-30T15:00:00+0200,2770.0,MW,DK1,DK_1,forecast_load,Forecasted Load,2026-08-06T05:54:35Z
2026-08-06T05:51:50Z,2026-08-06T07:51:50+0200,c0d2205f-219e-4ad8-921d-e17c69e607e7,2026-07-30T14:00:00Z,2026-07-30T16:00:00+0200,2642.0,MW,DK1,DK_1,forecast_load,Forecasted Load,2026-08-06T05:54:35Z
2026-08-06T05:51:50Z,2026-08-06T07:51:50+0200,c0d2205f-219e-4ad8-921d-e17c69e607e7,2026-07-30T15:00:00Z,2026-07-30T17:00:00+0200,2619.0,MW,DK1,DK_1,forecast_load,Forecasted Load,2026-08-06T05:54:35Z
2026-08-06T05:51:50Z,2026-08-06T07:51:50+0200,c0d2205f-219e-4ad8-921d-e17c69e607e7,2026-07-30T16:00:00Z,2026-07-30T18:00:00+0200,2694.0,MW,DK1,DK_1,forecast_load,Forecasted Load,2026-08-06T05:54:35Z
2026-08-06T05:51:50Z,2026-08-06T07:51:50+0200,c0d2205f-219e-4ad8-921d-e17c69e607e7,2026-07-30T17:00:00Z,2026-07-30T19:00:00+0200,2579.0,MW,DK1,DK_1,forecast_load,Forecasted Load,2026-08-06T05:54:35Z
2026-08-06T05:51:50Z,2026-08-06T07:51:50+0200,c0d2205f-219e-4ad8-921d-e17c69e607e7,2026-07-30T18:00:00Z,2026-07-30T20:00:00+0200,2433.0,MW,DK1,DK_1,forecast_load,Forecasted Load,2026-08-06T05:54:35Z
2026-08-06T05:51:50Z,2026-08-06T07:51:50+0200,c0d2205f-219e-4ad8-921d-e17c69e607e7,2026-07-30T19:00:00Z,2026-07-30T21:00:00+0200,2359.0,MW,DK1,DK_1,forecast_load,Forecasted Load,2026-08-06T05:54:35Z
2026-08-06T05:51:50Z,2026-08-06T07:51:50+0200,c0d2205f-219e-4ad8-921d-e17c69e607e7,2026-07-30T20:00:00Z,2026-07-30T22:00:00+0200,2376.0,MW,DK1,DK_1,forecast_load,Forecasted Load,2026-08-06T05:54:35Z
2026-08-06T05:51:50Z,2026-08-06T07:51:50+0200,c0d2205f-219e-4ad8-921d-e17c69e607e7,2026-07-30T21:00:00Z,2026-07-30T23:00:00+0200,2306.0,MW,DK1,DK_1,forecast_load,Forecasted Load,2026-08-06T05:54:35Z
2026-08-06T05:51:50Z,2026-08-06T07:51:50+0200,c0d2205f-219e-4ad8-921d-e17c69e607e7,2026-07-30T22:00:00Z,2026-07-31T00:00:00+0200,2095.3,MW,DK1,DK_1,forecast_load,Forecasted Load,2026-08-06T05:54:35Z
2026-08-06T05:51:50Z,2026-08-06T07:51:50+0200,c0d2205f-219e-4ad8-921d-e17c69e607e7,2026-07-30T23:00:00Z,2026-07-31T01:00:00+0200,2036.1,MW,DK1,DK_1,forecast_load,Forecasted Load,2026-08-06T05:54:35Z
2026-08-06T05:51:50Z,2026-08-06T07:51:50+0200,c0d2205f-219e-4ad8-921d-e17c69e607e7,2026-07-31T00:00:00Z,2026-07-31T02:00:00+0200,2026.8,MW,DK1,DK_1,forecast_load,Forecasted Load,2026-08-06T05:54:35Z
2026-08-06T05:51:50Z,2026-08-06T07:51:50+0200,c0d2205f-219e-4ad8-921d-e17c69e607e7,2026-07-31T01:00:00Z,2026-07-31T03:00:00+0200,1996.9,MW,DK1,DK_1,forecast_load,Forecasted Load,2026-08-06T05:54:35Z
2026-08-06T05:51:50Z,2026-08-06T07:51:50+0200,c0d2205f-219e-4ad8-921d-e17c69e607e7,2026-07-31T02:00:00Z,2026-07-31T04:00:00+0200,1959.0,MW,DK1,DK_1,forecast_load,Forecasted Load,2026-08-06T05:54:35Z
2026-08-06T05:51:50Z,2026-08-06T07:51:50+0200,c0d2205f-219e-4ad8-921d-e17c69e607e7,2026-07-31T03:00:00Z,2026-07-31T05:00:00+0200,1906.3,MW,DK1,DK_1,forecast_load,Forecasted Load,2026-08-06T05:54:35Z
2026-08-06T05:51:50Z,2026-08-06T07:51:50+0200,c0d2205f-219e-4ad8-921d-e17c69e607e7,2026-07-31T04:00:00Z,2026-07-31T06:00:00+0200,2049.9,MW,DK1,DK_1,forecast_load,Forecasted Load,2026-08-06T05:54:35Z
2026-08-06T05:51:50Z,2026-08-06T07:51:50+0200,c0d2205f-219e-4ad8-921d-e17c69e607e7,2026-07-31T05:00:00Z,2026-07-31T07:00:00+0200,2254.4,MW,DK1,DK_1,forecast_load,Forecasted Load,2026-08-06T05:54:35Z
2026-08-06T05:51:50Z,2026-08-06T07:51:50+0200,c0d2205f-219e-4ad8-921d-e17c69e607e7,2026-07-31T06:00:00Z,2026-07-31T08:00:00+0200,2435.3,MW,DK1,DK_1,forecast_load,Forecasted Load,2026-08-06T05:54:35Z
2026-08-06T05:51:50Z,2026-08-06T07:51:50+0200,c0d2205f-219e-4ad8-921d-e17c69e607e7,2026-07-31T07:00:00Z,2026-07-31T09:00:00+0200,2530.5,MW,DK1,DK_1,forecast_load,Forecasted Load,2026-08-06T05:54:35Z
2026-08-06T05:51:50Z,2026-08-06T07:51:50+0200,c0d2205f-219e-4ad8-921d-e17c69e607e7,2026-07-31T08:00:00Z,2026-07-31T10:00:00+0200,2598.1,MW,DK1,DK_1,forecast_load,Forecasted Load,2026-08-06T05:54:35Z
2026-08-06T05:51:50Z,2026-08-06T07:51:50+0200,c0d2205f-219e-4ad8-921d-e17c69e607e7,2026-07-31T09:00:00Z,2026-07-31T11:00:00+0200,2699.3,MW,DK1,DK_1,forecast_load,Forecasted Load,2026-08-06T05:54:35Z
2026-08-06T05:51:50Z,2026-08-06T07:51:50+0200,c0d2205f-219e-4ad8-921d-e17c69e607e7,2026-07-31T10:00:00Z,2026-07-31T12:00:00+0200,2749.8,MW,DK1,DK_1,forecast_load,Forecasted Load,2026-08-06T05:54:35Z
2026-08-06T05:51:50Z,2026-08-06T07:51:50+0200,c0d2205f-219e-4ad8-921d-e17c69e607e7,2026-07-31T11:00:00Z,2026-07-31T13:00:00+0200,2752.3,MW,DK1,DK_1,forecast_load,Forecasted Load,2026-08-06T05:54:35Z
2026-08-06T05:51:50Z,2026-08-06T07:51:50+0200,c0d2205f-219e-4ad8-921d-e17c69e607e7,2026-07-31T12:00:00Z,2026-07-31T14:00:00+0200,2670.5,MW,DK1,DK_1,forecast_load,Forecasted Load,2026-08-06T05:54:35Z
2026-08-06T05:51:50Z,2026-08-06T07:51:50+0200,c0d2205f-219e-4ad8-921d-e17c69e607e7,2026-07-31T13:00:00Z,2026-07-31T15:00:00+0200,2518.0,MW,DK1,DK_1,forecast_load,Forecasted Load,2026-08-06T05:54:35Z
2026-08-06T05:51:50Z,2026-08-06T07:51:50+0200,c0d2205f-219e-4ad8-921d-e17c69e607e7,2026-07-31T14:00:00Z,2026-07-31T16:00:00+0200,2496.7,MW,DK1,DK_1,forecast_load,Forecasted Load,2026-08-06T05:54:35Z
2026-08-06T05:51:50Z,2026-08-06T07:51:50+0200,c0d2205f-219e-4ad8-921d-e17c69e607e7,2026-07-31T15:00:00Z,2026-07-31T17:00:00+0200,2547.4,MW,DK1,DK_1,forecast_load,Forecasted Load,2026-08-06T05:54:35Z
2026-08-06T05:51:50Z,2026-08-06T07:51:50+0200,c0d2205f-219e-4ad8-921d-e17c69e607e7,2026-07-31T16:00:00Z,2026-07-31T18:00:00+0200,2536.9,MW,DK1,DK_1,forecast_load,Forecasted Load,2026-08-06T05:54:35Z
2026-08-06T05:51:50Z,2026-08-06T07:51:50+0200,c0d2205f-219e-4ad8-921d-e17c69e607e7,2026-07-31T17:00:00Z,2026-07-31T19:00:00+0200,2396.3,MW,DK1,DK_1,forecast_load,Forecasted Load,2026-08-06T05:54:35Z
2026-08-06T05:51:50Z,2026-08-06T07:51:50+0200,c0d2205f-219e-4ad8-921d-e17c69e607e7,2026-07-31T18:00:00Z,2026-07-31T20:00:00+0200,2242.4,MW,DK1,DK_1,forecast_load,Forecasted Load,2026-08-06T05:54:35Z
2026-08-06T05:51:50Z,2026-08-06T07:51:50+0200,c0d2205f-219e-4ad8-921d-e17c69e607e7,2026-07-31T19:00:00Z,2026-07-31T21:00:00+0200,2201.2,MW,DK1,DK_1,forecast_load,Forecasted Load,2026-08-06T05:54:35Z
2026-08-06T05:51:50Z,2026-08-06T07:51:50+0200,c0d2205f-219e-4ad8-921d-e17c69e607e7,2026-07-31T20:00:00Z,2026-07-31T22:00:00+0200,2178.0,MW,DK1,DK_1,forecast_load,Forecasted Load,2026-08-06T05:54:35Z
2026-08-06T05:51:50Z,2026-08-06T07:51:50+0200,c0d2205f-219e-4ad8-921d-e17c69e607e7,2026-07-31T21:00:00Z,2026-07-31T23:00:00+0200,2083.1,MW,DK1,DK_1,forecast_load,Forecasted Load,2026-08-06T05:54:35Z
2026-08-06T05:51:50Z,2026-08-06T07:51:50+0200,c0d2205f-219e-4ad8-921d-e17c69e607e7,2026-07-31T22:00:00Z,2026-08-01T00:00:00+0200,1952.0,MW,DK1,DK_1,forecast_load,Forecasted Load,2026-08-06T05:54:35Z
2026-08-06T05:51:50Z,2026-08-06T07:51:50+0200,c0d2205f-219e-4ad8-921d-e17c69e607e7,2026-07-31T23:00:00Z,2026-08-01T01:00:00+0200,1901.0,MW,DK1,DK_1,forecast_load,Forecasted Load,2026-08-06T05:54:35Z
2026-08-06T05:51:50Z,2026-08-06T07:51:50+0200,c0d2205f-219e-4ad8-921d-e17c69e607e7,2026-08-01T00:00:00Z,2026-08-01T02:00:00+0200,1872.0,MW,DK1,DK_1,forecast_load,Forecasted Load,2026-08-06T05:54:35Z
2026-08-06T05:51:50Z,2026-08-06T07:51:50+0200,c0d2205f-219e-4ad8-921d-e17c69e607e7,2026-08-01T01:00:00Z,2026-08-01T03:00:00+0200,1838.0,MW,DK1,DK_1,forecast_load,Forecasted Load,2026-08-06T05:54:35Z
2026-08-06T05:51:50Z,2026-08-06T07:51:50+0200,c0d2205f-219e-4ad8-921d-e17c69e607e7,2026-08-01T02:00:00Z,2026-08-01T04:00:00+0200,1818.0,MW,DK1,DK_1,forecast_load,Forecasted Load,2026-08-06T05:54:35Z
2026-08-06T05:51:50Z,2026-08-06T07:51:50+0200,c0d2205f-219e-4ad8-921d-e17c69e607e7,2026-08-01T03:00:00Z,2026-08-01T05:00:00+0200,1767.0,MW,DK1,DK_1,forecast_load,Forecasted Load,2026-08-06T05:54:35Z
2026-08-06T05:51:50Z,2026-08-06T07:51:50+0200,c0d2205f-219e-4ad8-921d-e17c69e607e7,2026-08-01T04:00:00Z,2026-08-01T06:00:00+0200,1761.0,MW,DK1,DK_1,forecast_load,Forecasted Load,2026-08-06T05:54:35Z
2026-08-06T05:51:50Z,2026-08-06T07:51:50+0200,c0d2205f-219e-4ad8-921d-e17c69e607e7,2026-08-01T05:00:00Z,2026-08-01T07:00:00+0200,1823.0,MW,DK1,DK_1,forecast_load,Forecasted Load,2026-08-06T05:54:35Z
2026-08-06T05:51:50Z,2026-08-06T07:51:50+0200,c0d2205f-219e-4ad8-921d-e17c69e607e7,2026-08-01T06:00:00Z,2026-08-01T08:00:00+0200,1949.0,MW,DK1,DK_1,forecast_load,Forecasted Load,2026-08-06T05:54:35Z
2026-08-06T05:51:50Z,2026-08-06T07:51:50+0200,c0d2205f-219e-4ad8-921d-e17c69e607e7,2026-08-01T07:00:00Z,2026-08-01T09:00:00+0200,2069.0,MW,DK1,DK_1,forecast_load,Forecasted Load,2026-08-06T05:54:35Z
2026-08-06T05:51:50Z,2026-08-06T07:51:50+0200,c0d2205f-219e-4ad8-921d-e17c69e607e7,2026-08-01T08:00:00Z,2026-08-01T10:00:00+0200,2193.0,MW,DK1,DK_1,forecast_load,Forecasted Load,2026-08-06T05:54:35Z
2026-08-06T05:51:50Z,2026-08-06T07:51:50+0200,c0d2205f-219e-4ad8-921d-e17c69e607e7,2026-08-01T09:00:00Z,2026-08-01T11:00:00+0200,2310.0,MW,DK1,DK_1,forecast_load,Forecasted Load,2026-08-06T05:54:35Z
2026-08-06T05:51:50Z,2026-08-06T07:51:50+0200,c0d2205f-219e-4ad8-921d-e17c69e607e7,2026-08-01T10:00:00Z,2026-08-01T12:00:00+0200,2522.0,MW,DK1,DK_1,forecast_load,Forecasted Load,2026-08-06T05:54:35Z
2026-08-06T05:51:50Z,2026-08-06T07:51:50+0200,c0d2205f-219e-4ad8-921d-e17c69e607e7,2026-08-01T11:00:00Z,2026-08-01T13:00:00+0200,2681.0,MW,DK1,DK_1,forecast_load,Forecasted Load,2026-08-06T05:54:35Z
2026-08-06T05:51:50Z,2026-08-06T07:51:50+0200,c0d2205f-219e-4ad8-921d-e17c69e607e7,2026-08-01T12:00:00Z,2026-08-01T14:00:00+0200,2725.0,MW,DK1,DK_1,forecast_load,Forecasted Load,2026-08-06T05:54:35Z
2026-08-06T05:51:50Z,2026-08-06T07:51:50+0200,c0d2205f-219e-4ad8-921d-e17c69e607e7,2026-08-01T13:00:00Z,2026-08-01T15:00:00+0200,2570.0,MW,DK1,DK_1,forecast_load,Forecasted Load,2026-08-06T05:54:35Z
2026-08-06T05:51:50Z,2026-08-06T07:51:50+0200,c0d2205f-219e-4ad8-921d-e17c69e607e7,2026-08-01T14:00:00Z,2026-08-01T16:00:00+0200,2351.0,MW,DK1,DK_1,forecast_load,Forecasted Load,2026-08-06T05:54:35Z
2026-08-06T05:51:50Z,2026-08-06T07:51:50+0200,c0d2205f-219e-4ad8-921d-e17c69e607e7,2026-08-01T15:00:00Z,2026-08-01T17:00:00+0200,2302.0,MW,DK1,DK_1,forecast_load,Forecasted Load,2026-08-06T05:54:35Z
2026-08-06T05:51:50Z,2026-08-06T07:51:50+0200,c0d2205f-219e-4ad8-921d-e17c69e607e7,2026-08-01T16:00:00Z,2026-08-01T18:00:00+0200,2287.0,MW,DK1,DK_1,forecast_load,Forecasted Load,2026-08-06T05:54:35Z
2026-08-06T05:51:50Z,2026-08-06T07:51:50+0200,c0d2205f-219e-4ad8-921d-e17c69e607e7,2026-08-01T17:00:00Z,2026-08-01T19:00:00+0200,2180.0,MW,DK1,DK_1,forecast_load,Forecasted Load,2026-08-06T05:54:35Z
2026-08-06T05:51:50Z,2026-08-06T07:51:50+0200,c0d2205f-219e-4ad8-921d-e17c69e607e7,2026-08-01T18:00:00Z,2026-08-01T20:00:00+0200,2057.0,MW,DK1,DK_1,forecast_load,Forecasted Load,2026-08-06T05:54:35Z
2026-08-06T05:51:50Z,2026-08-06T07:51:50+0200,c0d2205f-219e-4ad8-921d-e17c69e607e7,2026-08-01T19:00:00Z,2026-08-01T21:00:00+0200,1986.0,MW,DK1,DK_1,forecast_load,Forecasted Load,2026-08-06T05:54:35Z
2026-08-06T05:51:50Z,2026-08-06T07:51:50+0200,c0d2205f-219e-4ad8-921d-e17c69e607e7,2026-08-01T20:00:00Z,2026-08-01T22:00:00+0200,1951.0,MW,DK1,DK_1,forecast_load,Forecasted Load,2026-08-06T05:54:35Z
2026-08-06T05:51:50Z,2026-08-06T07:51:50+0200,c0d2205f-219e-4ad8-921d-e17c69e607e7,2026-08-01T21:00:00Z,2026-08-01T23:00:00+0200,1880.0,MW,DK1,DK_1,forecast_load,Forecasted Load,2026-08-06T05:54:35Z
2026-08-06T05:51:50Z,2026-08-06T07:51:50+0200,c0d2205f-219e-4ad8-921d-e17c69e607e7,2026-08-01T22:00:00Z,2026-08-02T00:00:00+0200,1851.0,MW,DK1,DK_1,forecast_load,Forecasted Load,2026-08-06T05:54:35Z
2026-08-06T05:51:50Z,2026-08-06T07:51:50+0200,c0d2205f-219e-4ad8-921d-e17c69e607e7,2026-08-01T23:00:00Z,2026-08-02T01:00:00+0200,1790.0,MW,DK1,DK_1,forecast_load,Forecasted Load,2026-08-06T05:54:35Z
2026-08-06T05:51:50Z,2026-08-06T07:51:50+0200,c0d2205f-219e-4ad8-921d-e17c69e607e7,2026-08-02T00:00:00Z,2026-08-02T02:00:00+0200,1777.0,MW,DK1,DK_1,forecast_load,Forecasted Load,2026-08-06T05:54:35Z
2026-08-06T05:51:50Z,2026-08-06T07:51:50+0200,c0d2205f-219e-4ad8-921d-e17c69e607e7,2026-08-02T01:00:00Z,2026-08-02T03:00:00+0200,1742.0,MW,DK1,DK_1,forecast_load,Forecasted Load,2026-08-06T05:54:35Z
2026-08-06T05:51:50Z,2026-08-06T07:51:50+0200,c0d2205f-219e-4ad8-921d-e17c69e607e7,2026-08-02T02:00:00Z,2026-08-02T04:00:00+0200,1736.0,MW,DK1,DK_1,forecast_load,Forecasted Load,2026-08-06T05:54:35Z
2026-08-06T05:51:50Z,2026-08-06T07:51:50+0200,c0d2205f-219e-4ad8-921d-e17c69e607e7,2026-08-02T03:00:00Z,2026-08-02T05:00:00+0200,1693.0,MW,DK1,DK_1,forecast_load,Forecasted Load,2026-08-06T05:54:35Z
2026-08-06T05:51:50Z,2026-08-06T07:51:50+0200,c0d2205f-219e-4ad8-921d-e17c69e607e7,2026-08-02T04:00:00Z,2026-08-02T06:00:00+0200,1723.0,MW,DK1,DK_1,forecast_load,Forecasted Load,2026-08-06T05:54:35Z
2026-08-06T05:51:50Z,2026-08-06T07:51:50+0200,c0d2205f-219e-4ad8-921d-e17c69e607e7,2026-08-02T05:00:00Z,2026-08-02T07:00:00+0200,1764.0,MW,DK1,DK_1,forecast_load,Forecasted Load,2026-08-06T05:54:35Z
2026-08-06T05:51:50Z,2026-08-06T07:51:50+0200,c0d2205f-219e-4ad8-921d-e17c69e607e7,2026-08-02T06:00:00Z,2026-08-02T08:00:00+0200,1878.0,MW,DK1,DK_1,forecast_load,Forecasted Load,2026-08-06T05:54:35Z
2026-08-06T05:51:50Z,2026-08-06T07:51:50+0200,c0d2205f-219e-4ad8-921d-e17c69e607e7,2026-08-02T07:00:00Z,2026-08-02T09:00:00+0200,2070.0,MW,DK1,DK_1,forecast_load,Forecasted Load,2026-08-06T05:54:35Z
2026-08-06T05:51:50Z,2026-08-06T07:51:50+0200,c0d2205f-219e-4ad8-921d-e17c69e607e7,2026-08-02T08:00:00Z,2026-08-02T10:00:00+0200,2524.0,MW,DK1,DK_1,forecast_load,Forecasted Load,2026-08-06T05:54:35Z
2026-08-06T05:51:50Z,2026-08-06T07:51:50+0200,c0d2205f-219e-4ad8-921d-e17c69e607e7,2026-08-02T09:00:00Z,2026-08-02T11:00:00+0200,2882.0,MW,DK1,DK_1,forecast_load,Forecasted Load,2026-08-06T05:54:35Z
2026-08-06T05:51:50Z,2026-08-06T07:51:50+0200,c0d2205f-219e-4ad8-921d-e17c69e607e7,2026-08-02T10:00:00Z,2026-08-02T12:00:00+0200,3020.0,MW,DK1,DK_1,forecast_load,Forecasted Load,2026-08-06T05:54:35Z
2026-08-06T05:51:50Z,2026-08-06T07:51:50+0200,c0d2205f-219e-4ad8-921d-e17c69e607e7,2026-08-02T11:00:00Z,2026-08-02T13:00:00+0200,2924.0,MW,DK1,DK_1,forecast_load,Forecasted Load,2026-08-06T05:54:35Z
2026-08-06T05:51:50Z,2026-08-06T07:51:50+0200,c0d2205f-219e-4ad8-921d-e17c69e607e7,2026-08-02T12:00:00Z,2026-08-02T14:00:00+0200,2936.0,MW,DK1,DK_1,forecast_load,Forecasted Load,2026-08-06T05:54:35Z
2026-08-06T05:51:50Z,2026-08-06T07:51:50+0200,c0d2205f-219e-4ad8-921d-e17c69e607e7,2026-08-02T13:00:00Z,2026-08-02T15:00:00+0200,2698.0,MW,DK1,DK_1,forecast_load,Forecasted Load,2026-08-06T05:54:35Z
2026-08-06T05:51:50Z,2026-08-06T07:51:50+0200,c0d2205f-219e-4ad8-921d-e17c69e607e7,2026-08-02T14:00:00Z,2026-08-02T16:00:00+0200,2580.0,MW,DK1,DK_1,forecast_load,Forecasted Load,2026-08-06T05:54:35Z
2026-08-06T05:51:50Z,2026-08-06T07:51:50+0200,c0d2205f-219e-4ad8-921d-e17c69e607e7,2026-08-02T15:00:00Z,2026-08-02T17:00:00+0200,2502.0,MW,DK1,DK_1,forecast_load,Forecasted Load,2026-08-06T05:54:35Z
2026-08-06T05:51:50Z,2026-08-06T07:51:50+0200,c0d2205f-219e-4ad8-921d-e17c69e607e7,2026-08-02T16:00:00Z,2026-08-02T18:00:00+0200,2322.0,MW,DK1,DK_1,forecast_load,Forecasted Load,2026-08-06T05:54:35Z
2026-08-06T05:51:50Z,2026-08-06T07:51:50+0200,c0d2205f-219e-4ad8-921d-e17c69e607e7,2026-08-02T17:00:00Z,2026-08-02T19:00:00+0200,2224.0,MW,DK1,DK_1,forecast_load,Forecasted Load,2026-08-06T05:54:35Z
2026-08-06T05:51:50Z,2026-08-06T07:51:50+0200,c0d2205f-219e-4ad8-921d-e17c69e607e7,2026-08-02T18:00:00Z,2026-08-02T20:00:00+0200,2084.0,MW,DK1,DK_1,forecast_load,Forecasted Load,2026-08-06T05:54:35Z
2026-08-06T05:51:50Z,2026-08-06T07:51:50+0200,c0d2205f-219e-4ad8-921d-e17c69e607e7,2026-08-02T19:00:00Z,2026-08-02T21:00:00+0200,2000.0,MW,DK1,DK_1,forecast_load,Forecasted Load,2026-08-06T05:54:35Z
2026-08-06T05:51:50Z,2026-08-06T07:51:50+0200,c0d2205f-219e-4ad8-921d-e17c69e607e7,2026-08-02T20:00:00Z,2026-08-02T22:00:00+0200,1984.0,MW,DK1,DK_1,forecast_load,Forecasted Load,2026-08-06T05:54:35Z
2026-08-06T05:51:50Z,2026-08-06T07:51:50+0200,c0d2205f-219e-4ad8-921d-e17c69e607e7,2026-08-02T21:00:00Z,2026-08-02T23:00:00+0200,1985.0,MW,DK1,DK_1,forecast_load,Forecasted Load,2026-08-06T05:54:35Z
2026-08-06T05:51:50Z,2026-08-06T07:51:50+0200,c0d2205f-219e-4ad8-921d-e17c69e607e7,2026-08-02T22:00:00Z,2026-08-03T00:00:00+0200,2010.0,MW,DK1,DK_1,forecast_load,Forecasted Load,2026-08-06T05:54:35Z
2026-08-06T05:51:50Z,2026-08-06T07:51:50+0200,c0d2205f-219e-4ad8-921d-e17c69e607e7,2026-08-02T23:00:00Z,2026-08-03T01:00:00+0200,2002.0,MW,DK1,DK_1,forecast_load,Forecasted Load,2026-08-06T05:54:35Z
2026-08-06T05:51:50Z,2026-08-06T07:51:50+0200,c0d2205f-219e-4ad8-921d-e17c69e607e7,2026-08-03T00:00:00Z,2026-08-03T02:00:00+0200,1982.0,MW,DK1,DK_1,forecast_load,Forecasted Load,2026-08-06T05:54:35Z
2026-08-06T05:51:50Z,2026-08-06T07:51:50+0200,c0d2205f-219e-4ad8-921d-e17c69e607e7,2026-08-03T01:00:00Z,2026-08-03T03:00:00+0200,1919.0,MW,DK1,DK_1,forecast_load,Forecasted Load,2026-08-06T05:54:35Z
2026-08-06T05:51:50Z,2026-08-06T07:51:50+0200,c0d2205f-219e-4ad8-921d-e17c69e607e7,2026-08-03T02:00:00Z,2026-08-03T04:00:00+0200,1876.0,MW,DK1,DK_1,forecast_load,Forecasted Load,2026-08-06T05:54:35Z
2026-08-06T05:51:50Z,2026-08-06T07:51:50+0200,c0d2205f-219e-4ad8-921d-e17c69e607e7,2026-08-03T03:00:00Z,2026-08-03T05:00:00+0200,1901.0,MW,DK1,DK_1,forecast_load,Forecasted Load,2026-08-06T05:54:35Z
2026-08-06T05:51:50Z,2026-08-06T07:51:50+0200,c0d2205f-219e-4ad8-921d-e17c69e607e7,2026-08-03T04:00:00Z,2026-08-03T06:00:00+0200,2115.0,MW,DK1,DK_1,forecast_load,Forecasted Load,2026-08-06T05:54:35Z
2026-08-06T05:51:50Z,2026-08-06T07:51:50+0200,c0d2205f-219e-4ad8-921d-e17c69e607e7,2026-08-03T05:00:00Z,2026-08-03T07:00:00+0200,2411.0,MW,DK1,DK_1,forecast_load,Forecasted Load,2026-08-06T05:54:35Z
2026-08-06T05:51:50Z,2026-08-06T07:51:50+0200,c0d2205f-219e-4ad8-921d-e17c69e607e7,2026-08-03T06:00:00Z,2026-08-03T08:00:00+0200,2587.0,MW,DK1,DK_1,forecast_load,Forecasted Load,2026-08-06T05:54:35Z
2026-08-06T05:51:50Z,2026-08-06T07:51:50+0200,c0d2205f-219e-4ad8-921d-e17c69e607e7,2026-08-03T07:00:00Z,2026-08-03T09:00:00+0200,2575.0,MW,DK1,DK_1,forecast_load,Forecasted Load,2026-08-06T05:54:35Z
2026-08-06T05:51:50Z,2026-08-06T07:51:50+0200,c0d2205f-219e-4ad8-921d-e17c69e607e7,2026-08-03T08:00:00Z,2026-08-03T10:00:00+0200,2534.0,MW,DK1,DK_1,forecast_load,Forecasted Load,2026-08-06T05:54:35Z
2026-08-06T05:51:50Z,2026-08-06T07:51:50+0200,c0d2205f-219e-4ad8-921d-e17c69e607e7,2026-08-03T09:00:00Z,2026-08-03T11:00:00+0200,2469.0,MW,DK1,DK_1,forecast_load,Forecasted Load,2026-08-06T05:54:35Z
2026-08-06T05:51:50Z,2026-08-06T07:51:50+0200,c0d2205f-219e-4ad8-921d-e17c69e607e7,2026-08-03T10:00:00Z,2026-08-03T12:00:00+0200,2487.0,MW,DK1,DK_1,forecast_load,Forecasted Load,2026-08-06T05:54:35Z
2026-08-06T05:51:50Z,2026-08-06T07:51:50+0200,c0d2205f-219e-4ad8-921d-e17c69e607e7,2026-08-03T11:00:00Z,2026-08-03T13:00:00+0200,2563.0,MW,DK1,DK_1,forecast_load,Forecasted Load,2026-08-06T05:54:35Z
2026-08-06T05:51:50Z,2026-08-06T07:51:50+0200,c0d2205f-219e-4ad8-921d-e17c69e607e7,2026-08-03T12:00:00Z,2026-08-03T14:00:00+0200,2451.0,MW,DK1,DK_1,forecast_load,Forecasted Load,2026-08-06T05:54:35Z
2026-08-06T05:51:50Z,2026-08-06T07:51:50+0200,c0d2205f-219e-4ad8-921d-e17c69e607e7,2026-08-03T13:00:00Z,2026-08-03T15:00:00+0200,2246.0,MW,DK1,DK_1,forecast_load,Forecasted Load,2026-08-06T05:54:35Z
2026-08-06T05:51:50Z,2026-08-06T07:51:50+0200,c0d2205f-219e-4ad8-921d-e17c69e607e7,2026-08-03T14:00:00Z,2026-08-03T16:00:00+0200,2254.0,MW,DK1,DK_1,forecast_load,Forecasted Load,2026-08-06T05:54:35Z
2026-08-06T05:51:50Z,2026-08-06T07:51:50+0200,c0d2205f-219e-4ad8-921d-e17c69e607e7,2026-08-03T15:00:00Z,2026-08-03T17:00:00+0200,2355.0,MW,DK1,DK_1,forecast_load,Forecasted Load,2026-08-06T05:54:35Z
2026-08-06T05:51:50Z,2026-08-06T07:51:50+0200,c0d2205f-219e-4ad8-921d-e17c69e607e7,2026-08-03T16:00:00Z,2026-08-03T18:00:00+0200,2347.0,MW,DK1,DK_1,forecast_load,Forecasted Load,2026-08-06T05:54:35Z
2026-08-06T05:51:50Z,2026-08-06T07:51:50+0200,c0d2205f-219e-4ad8-921d-e17c69e607e7,2026-08-03T17:00:00Z,2026-08-03T19:00:00+0200,2385.0,MW,DK1,DK_1,forecast_load,Forecasted Load,2026-08-06T05:54:35Z
2026-08-06T05:51:50Z,2026-08-06T07:51:50+0200,c0d2205f-219e-4ad8-921d-e17c69e607e7,2026-08-03T18:00:00Z,2026-08-03T20:00:00+0200,2372.0,MW,DK1,DK_1,forecast_load,Forecasted Load,2026-08-06T05:54:35Z
2026-08-06T05:51:50Z,2026-08-06T07:51:50+0200,c0d2205f-219e-4ad8-921d-e17c69e607e7,2026-08-03T19:00:00Z,2026-08-03T21:00:00+0200,2329.0,MW,DK1,DK_1,forecast_load,Forecasted Load,2026-08-06T05:54:35Z
2026-08-06T05:51:50Z,2026-08-06T07:51:50+0200,c0d2205f-219e-4ad8-921d-e17c69e607e7,2026-08-03T20:00:00Z,2026-08-03T22:00:00+0200,2277.0,MW,DK1,DK_1,forecast_load,Forecasted Load,2026-08-06T05:54:35Z
2026-08-06T05:51:50Z,2026-08-06T07:51:50+0200,c0d2205f-219e-4ad8-921d-e17c69e607e7,2026-08-03T21:00:00Z,2026-08-03T23:00:00+0200,2174.0,MW,DK1,DK_1,forecast_load,Forecasted Load,2026-08-06T05:54:35Z
2026-08-06T05:51:50Z,2026-08-06T07:51:50+0200,c0d2205f-219e-4ad8-921d-e17c69e607e7,2026-08-03T22:00:00Z,2026-08-04T00:00:00+0200,2058.0,MW,DK1,DK_1,forecast_load,Forecasted Load,2026-08-06T05:54:35Z
2026-08-06T05:51:50Z,2026-08-06T07:51:50+0200,c0d2205f-219e-4ad8-921d-e17c69e607e7,2026-08-03T23:00:00Z,2026-08-04T01:00:00+0200,2011.0,MW,DK1,DK_1,forecast_load,Forecasted Load,2026-08-06T05:54:35Z
2026-08-06T05:51:50Z,2026-08-06T07:51:50+0200,c0d2205f-219e-4ad8-921d-e17c69e607e7,2026-08-04T00:00:00Z,2026-08-04T02:00:00+0200,2019.0,MW,DK1,DK_1,forecast_load,Forecasted Load,2026-08-06T05:54:35Z
2026-08-06T05:51:50Z,2026-08-06T07:51:50+0200,c0d2205f-219e-4ad8-921d-e17c69e607e7,2026-08-04T01:00:00Z,2026-08-04T03:00:00+0200,1966.0,MW,DK1,DK_1,forecast_load,Forecasted Load,2026-08-06T05:54:35Z
2026-08-06T05:51:50Z,2026-08-06T07:51:50+0200,c0d2205f-219e-4ad8-921d-e17c69e607e7,2026-08-04T02:00:00Z,2026-08-04T04:00:00+0200,1911.0,MW,DK1,DK_1,forecast_load,Forecasted Load,2026-08-06T05:54:35Z
2026-08-06T05:51:50Z,2026-08-06T07:51:50+0200,c0d2205f-219e-4ad8-921d-e17c69e607e7,2026-08-04T03:00:00Z,2026-08-04T05:00:00+0200,1883.0,MW,DK1,DK_1,forecast_load,Forecasted Load,2026-08-06T05:54:35Z
2026-08-06T05:51:50Z,2026-08-06T07:51:50+0200,c0d2205f-219e-4ad8-921d-e17c69e607e7,2026-08-04T04:00:00Z,2026-08-04T06:00:00+0200,2046.0,MW,DK1,DK_1,forecast_load,Forecasted Load,2026-08-06T05:54:35Z
2026-08-06T05:51:50Z,2026-08-06T07:51:50+0200,c0d2205f-219e-4ad8-921d-e17c69e607e7,2026-08-04T05:00:00Z,2026-08-04T07:00:00+0200,2326.0,MW,DK1,DK_1,forecast_load,Forecasted Load,2026-08-06T05:54:35Z
2026-08-06T05:51:50Z,2026-08-06T07:51:50+0200,c0d2205f-219e-4ad8-921d-e17c69e607e7,2026-08-04T06:00:00Z,2026-08-04T08:00:00+0200,2439.0,MW,DK1,DK_1,forecast_load,Forecasted Load,2026-08-06T05:54:35Z
2026-08-06T05:51:50Z,2026-08-06T07:51:50+0200,c0d2205f-219e-4ad8-921d-e17c69e607e7,2026-08-04T07:00:00Z,2026-08-04T09:00:00+0200,2798.0,MW,DK1,DK_1,forecast_load,Forecasted Load,2026-08-06T05:54:35Z
2026-08-06T05:51:50Z,2026-08-06T07:51:50+0200,c0d2205f-219e-4ad8-921d-e17c69e607e7,2026-08-04T08:00:00Z,2026-08-04T10:00:00+0200,2947.0,MW,DK1,DK_1,forecast_load,Forecasted Load,2026-08-06T05:54:35Z
2026-08-06T05:51:50Z,2026-08-06T07:51:50+0200,c0d2205f-219e-4ad8-921d-e17c69e607e7,2026-08-04T09:00:00Z,2026-08-04T11:00:00+0200,3102.0,MW,DK1,DK_1,forecast_load,Forecasted Load,2026-08-06T05:54:35Z
2026-08-06T05:51:50Z,2026-08-06T07:51:50+0200,c0d2205f-219e-4ad8-921d-e17c69e607e7,2026-08-04T10:00:00Z,2026-08-04T12:00:00+0200,3189.0,MW,DK1,DK_1,forecast_load,Forecasted Load,2026-08-06T05:54:35Z
2026-08-06T05:51:50Z,2026-08-06T07:51:50+0200,c0d2205f-219e-4ad8-921d-e17c69e607e7,2026-08-04T11:00:00Z,2026-08-04T13:00:00+0200,3231.0,MW,DK1,DK_1,forecast_load,Forecasted Load,2026-08-06T05:54:35Z
2026-08-06T05:51:50Z,2026-08-06T07:51:50+0200,c0d2205f-219e-4ad8-921d-e17c69e607e7,2026-08-04T12:00:00Z,2026-08-04T14:00:00+0200,3080.0,MW,DK1,DK_1,forecast_load,Forecasted Load,2026-08-06T05:54:35Z
2026-08-06T05:51:50Z,2026-08-06T07:51:50+0200,c0d2205f-219e-4ad8-921d-e17c69e607e7,2026-08-04T13:00:00Z,2026-08-04T15:00:00+0200,2769.0,MW,DK1,DK_1,forecast_load,Forecasted Load,2026-08-06T05:54:35Z
2026-08-06T05:51:50Z,2026-08-06T07:51:50+0200,c0d2205f-219e-4ad8-921d-e17c69e607e7,2026-08-04T14:00:00Z,2026-08-04T16:00:00+0200,2686.0,MW,DK1,DK_1,forecast_load,Forecasted Load,2026-08-06T05:54:35Z
2026-08-06T05:51:50Z,2026-08-06T07:51:50+0200,c0d2205f-219e-4ad8-921d-e17c69e607e7,2026-08-04T15:00:00Z,2026-08-04T17:00:00+0200,2767.0,MW,DK1,DK_1,forecast_load,Forecasted Load,2026-08-06T05:54:35Z
2026-08-06T05:51:50Z,2026-08-06T07:51:50+0200,c0d2205f-219e-4ad8-921d-e17c69e607e7,2026-08-04T16:00:00Z,2026-08-04T18:00:00+0200,2792.0,MW,DK1,DK_1,forecast_load,Forecasted Load,2026-08-06T05:54:35Z
2026-08-06T05:51:50Z,2026-08-06T07:51:50+0200,c0d2205f-219e-4ad8-921d-e17c69e607e7,2026-08-04T17:00:00Z,2026-08-04T19:00:00+0200,2623.0,MW,DK1,DK_1,forecast_load,Forecasted Load,2026-08-06T05:54:35Z
2026-08-06T05:51:50Z,2026-08-06T07:51:50+0200,c0d2205f-219e-4ad8-921d-e17c69e607e7,2026-08-04T18:00:00Z,2026-08-04T20:00:00+0200,2446.0,MW,DK1,DK_1,forecast_load,Forecasted Load,2026-08-06T05:54:35Z
2026-08-06T05:51:50Z,2026-08-06T07:51:50+0200,c0d2205f-219e-4ad8-921d-e17c69e607e7,2026-08-04T19:00:00Z,2026-08-04T21:00:00+0200,2337.0,MW,DK1,DK_1,forecast_load,Forecasted Load,2026-08-06T05:54:35Z
2026-08-06T05:51:50Z,2026-08-06T07:51:50+0200,c0d2205f-219e-4ad8-921d-e17c69e607e7,2026-08-04T20:00:00Z,2026-08-04T22:00:00+0200,2253.0,MW,DK1,DK_1,forecast_load,Forecasted Load,2026-08-06T05:54:35Z
2026-08-06T05:51:50Z,2026-08-06T07:51:50+0200,c0d2205f-219e-4ad8-921d-e17c69e607e7,2026-08-04T21:00:00Z,2026-08-04T23:00:00+0200,2167.0,MW,DK1,DK_1,forecast_load,Forecasted Load,2026-08-06T05:54:35Z
2026-08-06T05:51:50Z,2026-08-06T07:51:50+0200,c0d2205f-219e-4ad8-921d-e17c69e607e7,2026-08-04T22:00:00Z,2026-08-05T00:00:00+0200,2249.8,MW,DK1,DK_1,forecast_load,Forecasted Load,2026-08-06T05:54:35Z
2026-08-06T05:51:50Z,2026-08-06T07:51:50+0200,c0d2205f-219e-4ad8-921d-e17c69e607e7,2026-08-04T23:00:00Z,2026-08-05T01:00:00+0200,2247.4,MW,DK1,DK_1,forecast_load,Forecasted Load,2026-08-06T05:54:35Z
2026-08-06T05:51:50Z,2026-08-06T07:51:50+0200,c0d2205f-219e-4ad8-921d-e17c69e607e7,2026-08-05T00:00:00Z,2026-08-05T02:00:00+0200,2234.7,MW,DK1,DK_1,forecast_load,Forecasted Load,2026-08-06T05:54:35Z
2026-08-06T05:51:50Z,2026-08-06T07:51:50+0200,c0d2205f-219e-4ad8-921d-e17c69e607e7,2026-08-05T01:00:00Z,2026-08-05T03:00:00+0200,2141.0,MW,DK1,DK_1,forecast_load,Forecasted Load,2026-08-06T05:54:35Z
2026-08-06T05:51:50Z,2026-08-06T07:51:50+0200,c0d2205f-219e-4ad8-921d-e17c69e607e7,2026-08-05T02:00:00Z,2026-08-05T04:00:00+0200,2144.2,MW,DK1,DK_1,forecast_load,Forecasted Load,2026-08-06T05:54:35Z
2026-08-06T05:51:50Z,2026-08-06T07:51:50+0200,c0d2205f-219e-4ad8-921d-e17c69e607e7,2026-08-05T03:00:00Z,2026-08-05T05:00:00+0200,2165.1,MW,DK1,DK_1,forecast_load,Forecasted Load,2026-08-06T05:54:35Z
2026-08-06T05:51:50Z,2026-08-06T07:51:50+0200,c0d2205f-219e-4ad8-921d-e17c69e607e7,2026-08-05T04:00:00Z,2026-08-05T06:00:00+0200,2320.8,MW,DK1,DK_1,forecast_load,Forecasted Load,2026-08-06T05:54:35Z
2026-08-06T05:51:50Z,2026-08-06T07:51:50+0200,c0d2205f-219e-4ad8-921d-e17c69e607e7,2026-08-05T05:00:00Z,2026-08-05T07:00:00+0200,2571.1,MW,DK1,DK_1,forecast_load,Forecasted Load,2026-08-06T05:54:35Z
2026-08-06T05:51:50Z,2026-08-06T07:51:50+0200,c0d2205f-219e-4ad8-921d-e17c69e607e7,2026-08-05T06:00:00Z,2026-08-05T08:00:00+0200,2696.6,MW,DK1,DK_1,forecast_load,Forecasted Load,2026-08-06T05:54:35Z
2026-08-06T05:51:50Z,2026-08-06T07:51:50+0200,c0d2205f-219e-4ad8-921d-e17c69e607e7,2026-08-05T07:00:00Z,2026-08-05T09:00:00+0200,2480.4,MW,DK1,DK_1,forecast_load,Forecasted Load,2026-08-06T05:54:35Z
2026-08-06T05:51:50Z,2026-08-06T07:51:50+0200,c0d2205f-219e-4ad8-921d-e17c69e607e7,2026-08-05T08:00:00Z,2026-08-05T10:00:00+0200,2424.3,MW,DK1,DK_1,forecast_load,Forecasted Load,2026-08-06T05:54:35Z
2026-08-06T05:51:50Z,2026-08-06T07:51:50+0200,c0d2205f-219e-4ad8-921d-e17c69e607e7,2026-08-05T09:00:00Z,2026-08-05T11:00:00+0200,2581.6,MW,DK1,DK_1,forecast_load,Forecasted Load,2026-08-06T05:54:35Z
2026-08-06T05:51:50Z,2026-08-06T07:51:50+0200,c0d2205f-219e-4ad8-921d-e17c69e607e7,2026-08-05T10:00:00Z,2026-08-05T12:00:00+0200,2893.3,MW,DK1,DK_1,forecast_load,Forecasted Load,2026-08-06T05:54:35Z
2026-08-06T05:51:50Z,2026-08-06T07:51:50+0200,c0d2205f-219e-4ad8-921d-e17c69e607e7,2026-08-05T11:00:00Z,2026-08-05T13:00:00+0200,2860.6,MW,DK1,DK_1,forecast_load,Forecasted Load,2026-08-06T05:54:35Z
2026-08-06T05:51:50Z,2026-08-06T07:51:50+0200,c0d2205f-219e-4ad8-921d-e17c69e607e7,2026-08-05T12:00:00Z,2026-08-05T14:00:00+0200,2918.2,MW,DK1,DK_1,forecast_load,Forecasted Load,2026-08-06T05:54:35Z
2026-08-06T05:51:50Z,2026-08-06T07:51:50+0200,c0d2205f-219e-4ad8-921d-e17c69e607e7,2026-08-05T13:00:00Z,2026-08-05T15:00:00+0200,2725.0,MW,DK1,DK_1,forecast_load,Forecasted Load,2026-08-06T05:54:35Z
2026-08-06T05:51:50Z,2026-08-06T07:51:50+0200,c0d2205f-219e-4ad8-921d-e17c69e607e7,2026-08-05T14:00:00Z,2026-08-05T16:00:00+0200,2621.8,MW,DK1,DK_1,forecast_load,Forecasted Load,2026-08-06T05:54:35Z
2026-08-06T05:51:50Z,2026-08-06T07:51:50+0200,c0d2205f-219e-4ad8-921d-e17c69e607e7,2026-08-05T15:00:00Z,2026-08-05T17:00:00+0200,2391.8,MW,DK1,DK_1,forecast_load,Forecasted Load,2026-08-06T05:54:35Z
2026-08-06T05:51:50Z,2026-08-06T07:51:50+0200,c0d2205f-219e-4ad8-921d-e17c69e607e7,2026-08-05T16:00:00Z,2026-08-05T18:00:00+0200,2177.0,MW,DK1,DK_1,forecast_load,Forecasted Load,2026-08-06T05:54:35Z
2026-08-06T05:51:50Z,2026-08-06T07:51:50+0200,c0d2205f-219e-4ad8-921d-e17c69e607e7,2026-08-05T17:00:00Z,2026-08-05T19:00:00+0200,2074.2,MW,DK1,DK_1,forecast_load,Forecasted Load,2026-08-06T05:54:35Z
2026-08-06T05:51:50Z,2026-08-06T07:51:50+0200,c0d2205f-219e-4ad8-921d-e17c69e607e7,2026-08-05T18:00:00Z,2026-08-05T20:00:00+0200,2126.3,MW,DK1,DK_1,forecast_load,Forecasted Load,2026-08-06T05:54:35Z
2026-08-06T05:51:50Z,2026-08-06T07:51:50+0200,c0d2205f-219e-4ad8-921d-e17c69e607e7,2026-08-05T19:00:00Z,2026-08-05T21:00:00+0200,2109.9,MW,DK1,DK_1,forecast_load,Forecasted Load,2026-08-06T05:54:35Z
2026-08-06T05:51:50Z,2026-08-06T07:51:50+0200,c0d2205f-219e-4ad8-921d-e17c69e607e7,2026-08-05T20:00:00Z,2026-08-05T22:00:00+0200,2056.4,MW,DK1,DK_1,forecast_load,Forecasted Load,2026-08-06T05:54:35Z
2026-08-06T05:51:50Z,2026-08-06T07:51:50+0200,c0d2205f-219e-4ad8-921d-e17c69e607e7,2026-08-05T21:00:00Z,2026-08-05T23:00:00+0200,1967.6,MW,DK1,DK_1,forecast_load,Forecasted Load,2026-08-06T05:54:35Z
2026-08-06T05:51:50Z,2026-08-06T07:51:50+0200,c0d2205f-219e-4ad8-921d-e17c69e607e7,2026-08-05T22:00:00Z,2026-08-06T00:00:00+0200,2009.0,MW,DK1,DK_1,forecast_load,Forecasted Load,2026-08-06T05:54:35Z
2026-08-06T05:51:50Z,2026-08-06T07:51:50+0200,c0d2205f-219e-4ad8-921d-e17c69e607e7,2026-08-05T23:00:00Z,2026-08-06T01:00:00+0200,1967.0,MW,DK1,DK_1,forecast_load,Forecasted Load,2026-08-06T05:54:35Z
2026-08-06T05:51:50Z,2026-08-06T07:51:50+0200,c0d2205f-219e-4ad8-921d-e17c69e607e7,2026-08-06T00:00:00Z,2026-08-06T02:00:00+0200,1850.0,MW,DK1,DK_1,forecast_load,Forecasted Load,2026-08-06T05:54:35Z
2026-08-06T05:51:50Z,2026-08-06T07:51:50+0200,c0d2205f-219e-4ad8-921d-e17c69e607e7,2026-08-06T01:00:00Z,2026-08-06T03:00:00+0200,1792.0,MW,DK1,DK_1,forecast_load,Forecasted Load,2026-08-06T05:54:35Z
2026-08-06T05:51:50Z,2026-08-06T07:51:50+0200,c0d2205f-219e-4ad8-921d-e17c69e607e7,2026-08-06T02:00:00Z,2026-08-06T04:00:00+0200,1758.0,MW,DK1,DK_1,forecast_load,Forecasted Load,2026-08-06T05:54:35Z
2026-08-06T05:51:50Z,2026-08-06T07:51:50+0200,c0d2205f-219e-4ad8-921d-e17c69e607e7,2026-08-06T03:00:00Z,2026-08-06T05:00:00+0200,1757.0,MW,DK1,DK_1,forecast_load,Forecasted Load,2026-08-06T05:54:35Z
2026-08-06T05:51:50Z,2026-08-06T07:51:50+0200,c0d2205f-219e-4ad8-921d-e17c69e607e7,2026-08-06T04:00:00Z,2026-08-06T06:00:00+0200,1909.0,MW,DK1,DK_1,forecast_load,Forecasted Load,2026-08-06T05:54:35Z
2026-08-06T05:51:50Z,2026-08-06T07:51:50+0200,c0d2205f-219e-4ad8-921d-e17c69e607e7,2026-08-06T05:00:00Z,2026-08-06T07:00:00+0200,2247.0,MW,DK1,DK_1,forecast_load,Forecasted Load,2026-08-06T05:54:35Z
