collection_time_utc,collection_time_local,run_id,timestamp_utc,timestamp_local,value,unit,country,entsoe_area,variable,source,updated_at_utc
2026-09-09T21:47:24Z,2026-09-09T23:47:24+0200,f19b45ac-0251-46d0-96e4-b90fa933f9b1,2026-09-02T22:00:00Z,2026-09-03T00:00:00+0200,6.8,EUR/MWh,FR,FR,imbalance_price,Long,2026-09-09T21:53:38Z
2026-09-09T21:47:24Z,2026-09-09T23:47:24+0200,f19b45ac-0251-46d0-96e4-b90fa933f9b1,2026-09-02T22:00:00Z,2026-09-03T00:00:00+0200,7.58,EUR/MWh,FR,FR,imbalance_price,Short,2026-09-09T21:53:38Z
2026-09-09T21:47:24Z,2026-09-09T23:47:24+0200,f19b45ac-0251-46d0-96e4-b90fa933f9b1,2026-09-02T22:15:00Z,2026-09-03T00:15:00+0200,150.81,EUR/MWh,FR,FR,imbalance_price,Long,2026-09-09T21:53:38Z
2026-09-09T21:47:24Z,2026-09-09T23:47:24+0200,f19b45ac-0251-46d0-96e4-b90fa933f9b1,2026-09-02T22:15:00Z,2026-09-03T00:15:00+0200,168.27,EUR/MWh,FR,FR,imbalance_price,Short,2026-09-09T21:53:38Z
2026-09-09T21:47:24Z,2026-09-09T23:47:24+0200,f19b45ac-0251-46d0-96e4-b90fa933f9b1,2026-09-02T22:30:00Z,2026-09-03T00:30:00+0200,153.93,EUR/MWh,FR,FR,imbalance_price,Long,2026-09-09T21:53:38Z
2026-09-09T21:47:24Z,2026-09-09T23:47:24+0200,f19b45ac-0251-46d0-96e4-b90fa933f9b1,2026-09-02T22:30:00Z,2026-09-03T00:30:00+0200,171.75,EUR/MWh,FR,FR,imbalance_price,Short,2026-09-09T21:53:38Z
2026-09-09T21:47:24Z,2026-09-09T23:47:24+0200,f19b45ac-0251-46d0-96e4-b90fa933f9b1,2026-09-02T22:45:00Z,2026-09-03T00:45:00+0200,176.07,EUR/MWh,FR,FR,imbalance_price,Long,2026-09-09T21:53:38Z
2026-09-09T21:47:24Z,2026-09-09T23:47:24+0200,f19b45ac-0251-46d0-96e4-b90fa933f9b1,2026-09-02T22:45:00Z,2026-09-03T00:45:00+0200,196.45,EUR/MWh,FR,FR,imbalance_price,Short,2026-09-09T21:53:38Z
2026-09-09T21:47:24Z,2026-09-09T23:47:24+0200,f19b45ac-0251-46d0-96e4-b90fa933f9b1,2026-09-02T23:00:00Z,2026-09-03T01:00:00+0200,189.17,EUR/MWh,FR,FR,imbalance_price,Long,2026-09-09T21:53:38Z
2026-09-09T21:47:24Z,2026-09-09T23:47:24+0200,f19b45ac-0251-46d0-96e4-b90fa933f9b1,2026-09-02T23:00:00Z,2026-09-03T01:00:00+0200,211.07,EUR/MWh,FR,FR,imbalance_price,Short,2026-09-09T21:53:38Z
2026-09-09T21:47:24Z,2026-09-09T23:47:24+0200,f19b45ac-0251-46d0-96e4-b90fa933f9b1,2026-09-02T23:15:00Z,2026-09-03T01:15:00+0200,167.92,EUR/MWh,FR,FR,imbalance_price,Long,2026-09-09T21:53:38Z
2026-09-09T21:47:24Z,2026-09-09T23:47:24+0200,f19b45ac-0251-46d0-96e4-b90fa933f9b1,2026-09-02T23:15:00Z,2026-09-03T01:15:00+0200,187.36,EUR/MWh,FR,FR,imbalance_price,Short,2026-09-09T21:53:38Z
2026-09-09T21:47:24Z,2026-09-09T23:47:24+0200,f19b45ac-0251-46d0-96e4-b90fa933f9b1,2026-09-02T23:30:00Z,2026-09-03T01:30:00+0200,126.42,EUR/MWh,FR,FR,imbalance_price,Long,2026-09-09T21:53:38Z
2026-09-09T21:47:24Z,2026-09-09T23:47:24+0200,f19b45ac-0251-46d0-96e4-b90fa933f9b1,2026-09-02T23:30:00Z,2026-09-03T01:30:00+0200,141.06,EUR/MWh,FR,FR,imbalance_price,Short,2026-09-09T21:53:38Z
2026-09-09T21:47:24Z,2026-09-09T23:47:24+0200,f19b45ac-0251-46d0-96e4-b90fa933f9b1,2026-09-02T23:45:00Z,2026-09-03T01:45:00+0200,176.11,EUR/MWh,FR,FR,imbalance_price,Long,2026-09-09T21:53:38Z
2026-09-09T21:47:24Z,2026-09-09T23:47:24+0200,f19b45ac-0251-46d0-96e4-b90fa933f9b1,2026-09-02T23:45:00Z,2026-09-03T01:45:00+0200,196.49,EUR/MWh,FR,FR,imbalance_price,Short,2026-09-09T21:53:38Z
2026-09-09T21:47:24Z,2026-09-09T23:47:24+0200,f19b45ac-0251-46d0-96e4-b90fa933f9b1,2026-09-03T00:00:00Z,2026-09-03T02:00:00+0200,181.28,EUR/MWh,FR,FR,imbalance_price,Long,2026-09-09T21:53:38Z
2026-09-09T21:47:24Z,2026-09-09T23:47:24+0200,f19b45ac-0251-46d0-96e4-b90fa933f9b1,2026-09-03T00:00:00Z,2026-09-03T02:00:00+0200,202.26,EUR/MWh,FR,FR,imbalance_price,Short,2026-09-09T21:53:38Z
2026-09-09T21:47:24Z,2026-09-09T23:47:24+0200,f19b45ac-0251-46d0-96e4-b90fa933f9b1,2026-09-03T00:15:00Z,2026-09-03T02:15:00+0200,188.23,EUR/MWh,FR,FR,imbalance_price,Long,2026-09-09T21:53:38Z
2026-09-09T21:47:24Z,2026-09-09T23:47:24+0200,f19b45ac-0251-46d0-96e4-b90fa933f9b1,2026-09-03T00:15:00Z,2026-09-03T02:15:00+0200,210.01,EUR/MWh,FR,FR,imbalance_price,Short,2026-09-09T21:53:38Z
2026-09-09T21:47:24Z,2026-09-09T23:47:24+0200,f19b45ac-0251-46d0-96e4-b90fa933f9b1,2026-09-03T00:30:00Z,2026-09-03T02:30:00+0200,160.69,EUR/MWh,FR,FR,imbalance_price,Long,2026-09-09T21:53:38Z
2026-09-09T21:47:24Z,2026-09-09T23:47:24+0200,f19b45ac-0251-46d0-96e4-b90fa933f9b1,2026-09-03T00:30:00Z,2026-09-03T02:30:00+0200,179.29,EUR/MWh,FR,FR,imbalance_price,Short,2026-09-09T21:53:38Z
2026-09-09T21:47:24Z,2026-09-09T23:47:24+0200,f19b45ac-0251-46d0-96e4-b90fa933f9b1,2026-09-03T00:45:00Z,2026-09-03T02:45:00+0200,125.9,EUR/MWh,FR,FR,imbalance_price,Long,2026-09-09T21:53:38Z
2026-09-09T21:47:24Z,2026-09-09T23:47:24+0200,f19b45ac-0251-46d0-96e4-b90fa933f9b1,2026-09-03T00:45:00Z,2026-09-03T02:45:00+0200,140.48,EUR/MWh,FR,FR,imbalance_price,Short,2026-09-09T21:53:38Z
2026-09-09T21:47:24Z,2026-09-09T23:47:24+0200,f19b45ac-0251-46d0-96e4-b90fa933f9b1,2026-09-03T01:00:00Z,2026-09-03T03:00:00+0200,158.58,EUR/MWh,FR,FR,imbalance_price,Long,2026-09-09T21:53:38Z
2026-09-09T21:47:24Z,2026-09-09T23:47:24+0200,f19b45ac-0251-46d0-96e4-b90fa933f9b1,2026-09-03T01:00:00Z,2026-09-03T03:00:00+0200,176.94,EUR/MWh,FR,FR,imbalance_price,Short,2026-09-09T21:53:38Z
2026-09-09T21:47:24Z,2026-09-09T23:47:24+0200,f19b45ac-0251-46d0-96e4-b90fa933f9b1,2026-09-03T01:15:00Z,2026-09-03T03:15:00+0200,142.06,EUR/MWh,FR,FR,imbalance_price,Long,2026-09-09T21:53:38Z
2026-09-09T21:47:24Z,2026-09-09T23:47:24+0200,f19b45ac-0251-46d0-96e4-b90fa933f9b1,2026-09-03T01:15:00Z,2026-09-03T03:15:00+0200,158.5,EUR/MWh,FR,FR,imbalance_price,Short,2026-09-09T21:53:38Z
2026-09-09T21:47:24Z,2026-09-09T23:47:24+0200,f19b45ac-0251-46d0-96e4-b90fa933f9b1,2026-09-03T01:30:00Z,2026-09-03T03:30:00+0200,152.32,EUR/MWh,FR,FR,imbalance_price,Long,2026-09-09T21:53:38Z
2026-09-09T21:47:24Z,2026-09-09T23:47:24+0200,f19b45ac-0251-46d0-96e4-b90fa933f9b1,2026-09-03T01:30:00Z,2026-09-03T03:30:00+0200,169.94,EUR/MWh,FR,FR,imbalance_price,Short,2026-09-09T21:53:38Z
2026-09-09T21:47:24Z,2026-09-09T23:47:24+0200,f19b45ac-0251-46d0-96e4-b90fa933f9b1,2026-09-03T01:45:00Z,2026-09-03T03:45:00+0200,139.75,EUR/MWh,FR,FR,imbalance_price,Long,2026-09-09T21:53:38Z
2026-09-09T21:47:24Z,2026-09-09T23:47:24+0200,f19b45ac-0251-46d0-96e4-b90fa933f9b1,2026-09-03T01:45:00Z,2026-09-03T03:45:00+0200,155.93,EUR/MWh,FR,FR,imbalance_price,Short,2026-09-09T21:53:38Z
2026-09-09T21:47:24Z,2026-09-09T23:47:24+0200,f19b45ac-0251-46d0-96e4-b90fa933f9b1,2026-09-03T02:00:00Z,2026-09-03T04:00:00+0200,163.5,EUR/MWh,FR,FR,imbalance_price,Long,2026-09-09T21:53:38Z
2026-09-09T21:47:24Z,2026-09-09T23:47:24+0200,f19b45ac-0251-46d0-96e4-b90fa933f9b1,2026-09-03T02:00:00Z,2026-09-03T04:00:00+0200,182.42,EUR/MWh,FR,FR,imbalance_price,Short,2026-09-09T21:53:38Z
2026-09-09T21:47:24Z,2026-09-09T23:47:24+0200,f19b45ac-0251-46d0-96e4-b90fa933f9b1,2026-09-03T02:15:00Z,2026-09-03T04:15:00+0200,126.55,EUR/MWh,FR,FR,imbalance_price,Long,2026-09-09T21:53:38Z
2026-09-09T21:47:24Z,2026-09-09T23:47:24+0200,f19b45ac-0251-46d0-96e4-b90fa933f9b1,2026-09-03T02:15:00Z,2026-09-03T04:15:00+0200,141.19,EUR/MWh,FR,FR,imbalance_price,Short,2026-09-09T21:53:38Z
2026-09-09T21:47:24Z,2026-09-09T23:47:24+0200,f19b45ac-0251-46d0-96e4-b90fa933f9b1,2026-09-03T02:30:00Z,2026-09-03T04:30:00+0200,119.18,EUR/MWh,FR,FR,imbalance_price,Long,2026-09-09T21:53:38Z
2026-09-09T21:47:24Z,2026-09-09T23:47:24+0200,f19b45ac-0251-46d0-96e4-b90fa933f9b1,2026-09-03T02:30:00Z,2026-09-03T04:30:00+0200,132.98,EUR/MWh,FR,FR,imbalance_price,Short,2026-09-09T21:53:38Z
2026-09-09T21:47:24Z,2026-09-09T23:47:24+0200,f19b45ac-0251-46d0-96e4-b90fa933f9b1,2026-09-03T02:45:00Z,2026-09-03T04:45:00+0200,69.27,EUR/MWh,FR,FR,imbalance_price,Long,2026-09-09T21:53:38Z
2026-09-09T21:47:24Z,2026-09-09T23:47:24+0200,f19b45ac-0251-46d0-96e4-b90fa933f9b1,2026-09-03T02:45:00Z,2026-09-03T04:45:00+0200,77.29,EUR/MWh,FR,FR,imbalance_price,Short,2026-09-09T21:53:38Z
2026-09-09T21:47:24Z,2026-09-09T23:47:24+0200,f19b45ac-0251-46d0-96e4-b90fa933f9b1,2026-09-03T03:00:00Z,2026-09-03T05:00:00+0200,111.11,EUR/MWh,FR,FR,imbalance_price,Long,2026-09-09T21:53:38Z
2026-09-09T21:47:24Z,2026-09-09T23:47:24+0200,f19b45ac-0251-46d0-96e4-b90fa933f9b1,2026-09-03T03:00:00Z,2026-09-03T05:00:00+0200,123.97,EUR/MWh,FR,FR,imbalance_price,Short,2026-09-09T21:53:38Z
2026-09-09T21:47:24Z,2026-09-09T23:47:24+0200,f19b45ac-0251-46d0-96e4-b90fa933f9b1,2026-09-03T03:15:00Z,2026-09-03T05:15:00+0200,135.96,EUR/MWh,FR,FR,imbalance_price,Long,2026-09-09T21:53:38Z
2026-09-09T21:47:24Z,2026-09-09T23:47:24+0200,f19b45ac-0251-46d0-96e4-b90fa933f9b1,2026-09-03T03:15:00Z,2026-09-03T05:15:00+0200,151.7,EUR/MWh,FR,FR,imbalance_price,Short,2026-09-09T21:53:38Z
2026-09-09T21:47:24Z,2026-09-09T23:47:24+0200,f19b45ac-0251-46d0-96e4-b90fa933f9b1,2026-09-03T03:30:00Z,2026-09-03T05:30:00+0200,122.65,EUR/MWh,FR,FR,imbalance_price,Long,2026-09-09T21:53:38Z
2026-09-09T21:47:24Z,2026-09-09T23:47:24+0200,f19b45ac-0251-46d0-96e4-b90fa933f9b1,2026-09-03T03:30:00Z,2026-09-03T05:30:00+0200,136.85,EUR/MWh,FR,FR,imbalance_price,Short,2026-09-09T21:53:38Z
2026-09-09T21:47:24Z,2026-09-09T23:47:24+0200,f19b45ac-0251-46d0-96e4-b90fa933f9b1,2026-09-03T03:45:00Z,2026-09-03T05:45:00+0200,101.53,EUR/MWh,FR,FR,imbalance_price,Long,2026-09-09T21:53:38Z
2026-09-09T21:47:24Z,2026-09-09T23:47:24+0200,f19b45ac-0251-46d0-96e4-b90fa933f9b1,2026-09-03T03:45:00Z,2026-09-03T05:45:00+0200,113.29,EUR/MWh,FR,FR,imbalance_price,Short,2026-09-09T21:53:38Z
2026-09-09T21:47:24Z,2026-09-09T23:47:24+0200,f19b45ac-0251-46d0-96e4-b90fa933f9b1,2026-09-03T04:00:00Z,2026-09-03T06:00:00+0200,135.11,EUR/MWh,FR,FR,imbalance_price,Long,2026-09-09T21:53:38Z
2026-09-09T21:47:24Z,2026-09-09T23:47:24+0200,f19b45ac-0251-46d0-96e4-b90fa933f9b1,2026-09-03T04:00:00Z,2026-09-03T06:00:00+0200,150.75,EUR/MWh,FR,FR,imbalance_price,Short,2026-09-09T21:53:38Z
2026-09-09T21:47:24Z,2026-09-09T23:47:24+0200,f19b45ac-0251-46d0-96e4-b90fa933f9b1,2026-09-03T04:15:00Z,2026-09-03T06:15:00+0200,113.13,EUR/MWh,FR,FR,imbalance_price,Long,2026-09-09T21:53:38Z
2026-09-09T21:47:24Z,2026-09-09T23:47:24+0200,f19b45ac-0251-46d0-96e4-b90fa933f9b1,2026-09-03T04:15:00Z,2026-09-03T06:15:00+0200,126.23,EUR/MWh,FR,FR,imbalance_price,Short,2026-09-09T21:53:38Z
2026-09-09T21:47:24Z,2026-09-09T23:47:24+0200,f19b45ac-0251-46d0-96e4-b90fa933f9b1,2026-09-03T04:30:00Z,2026-09-03T06:30:00+0200,56.43,EUR/MWh,FR,FR,imbalance_price,Long,2026-09-09T21:53:38Z
2026-09-09T21:47:24Z,2026-09-09T23:47:24+0200,f19b45ac-0251-46d0-96e4-b90fa933f9b1,2026-09-03T04:30:00Z,2026-09-03T06:30:00+0200,62.97,EUR/MWh,FR,FR,imbalance_price,Short,2026-09-09T21:53:38Z
2026-09-09T21:47:24Z,2026-09-09T23:47:24+0200,f19b45ac-0251-46d0-96e4-b90fa933f9b1,2026-09-03T04:45:00Z,2026-09-03T06:45:00+0200,141.97,EUR/MWh,FR,FR,imbalance_price,Long,2026-09-09T21:53:38Z
2026-09-09T21:47:24Z,2026-09-09T23:47:24+0200,f19b45ac-0251-46d0-96e4-b90fa933f9b1,2026-09-03T04:45:00Z,2026-09-03T06:45:00+0200,158.41,EUR/MWh,FR,FR,imbalance_price,Short,2026-09-09T21:53:38Z
2026-09-09T21:47:24Z,2026-09-09T23:47:24+0200,f19b45ac-0251-46d0-96e4-b90fa933f9b1,2026-09-03T05:00:00Z,2026-09-03T07:00:00+0200,156.7,EUR/MWh,FR,FR,imbalance_price,Long,2026-09-09T21:53:38Z
2026-09-09T21:47:24Z,2026-09-09T23:47:24+0200,f19b45ac-0251-46d0-96e4-b90fa933f9b1,2026-09-03T05:00:00Z,2026-09-03T07:00:00+0200,174.84,EUR/MWh,FR,FR,imbalance_price,Short,2026-09-09T21:53:38Z
2026-09-09T21:47:24Z,2026-09-09T23:47:24+0200,f19b45ac-0251-46d0-96e4-b90fa933f9b1,2026-09-03T05:15:00Z,2026-09-03T07:15:00+0200,135.91,EUR/MWh,FR,FR,imbalance_price,Long,2026-09-09T21:53:38Z
2026-09-09T21:47:24Z,2026-09-09T23:47:24+0200,f19b45ac-0251-46d0-96e4-b90fa933f9b1,2026-09-03T05:15:00Z,2026-09-03T07:15:00+0200,151.63,EUR/MWh,FR,FR,imbalance_price,Short,2026-09-09T21:53:38Z
2026-09-09T21:47:24Z,2026-09-09T23:47:24+0200,f19b45ac-0251-46d0-96e4-b90fa933f9b1,2026-09-03T05:30:00Z,2026-09-03T07:30:00+0200,162.18,EUR/MWh,FR,FR,imbalance_price,Long,2026-09-09T21:53:38Z
2026-09-09T21:47:24Z,2026-09-09T23:47:24+0200,f19b45ac-0251-46d0-96e4-b90fa933f9b1,2026-09-03T05:30:00Z,2026-09-03T07:30:00+0200,180.94,EUR/MWh,FR,FR,imbalance_price,Short,2026-09-09T21:53:38Z
2026-09-09T21:47:24Z,2026-09-09T23:47:24+0200,f19b45ac-0251-46d0-96e4-b90fa933f9b1,2026-09-03T05:45:00Z,2026-09-03T07:45:00+0200,173.74,EUR/MWh,FR,FR,imbalance_price,Long,2026-09-09T21:53:38Z
2026-09-09T21:47:24Z,2026-09-09T23:47:24+0200,f19b45ac-0251-46d0-96e4-b90fa933f9b1,2026-09-03T05:45:00Z,2026-09-03T07:45:00+0200,193.84,EUR/MWh,FR,FR,imbalance_price,Short,2026-09-09T21:53:38Z
2026-09-09T21:47:24Z,2026-09-09T23:47:24+0200,f19b45ac-0251-46d0-96e4-b90fa933f9b1,2026-09-03T06:00:00Z,2026-09-03T08:00:00+0200,234.96,EUR/MWh,FR,FR,imbalance_price,Long,2026-09-09T21:53:38Z
2026-09-09T21:47:24Z,2026-09-09T23:47:24+0200,f19b45ac-0251-46d0-96e4-b90fa933f9b1,2026-09-03T06:00:00Z,2026-09-03T08:00:00+0200,262.16,EUR/MWh,FR,FR,imbalance_price,Short,2026-09-09T21:53:38Z
2026-09-09T21:47:24Z,2026-09-09T23:47:24+0200,f19b45ac-0251-46d0-96e4-b90fa933f9b1,2026-09-03T06:15:00Z,2026-09-03T08:15:00+0200,150.63,EUR/MWh,FR,FR,imbalance_price,Long,2026-09-09T21:53:38Z
2026-09-09T21:47:24Z,2026-09-09T23:47:24+0200,f19b45ac-0251-46d0-96e4-b90fa933f9b1,2026-09-03T06:15:00Z,2026-09-03T08:15:00+0200,168.07,EUR/MWh,FR,FR,imbalance_price,Short,2026-09-09T21:53:38Z
2026-09-09T21:47:24Z,2026-09-09T23:47:24+0200,f19b45ac-0251-46d0-96e4-b90fa933f9b1,2026-09-03T06:30:00Z,2026-09-03T08:30:00+0200,124.28,EUR/MWh,FR,FR,imbalance_price,Long,2026-09-09T21:53:38Z
2026-09-09T21:47:24Z,2026-09-09T23:47:24+0200,f19b45ac-0251-46d0-96e4-b90fa933f9b1,2026-09-03T06:30:00Z,2026-09-03T08:30:00+0200,138.66,EUR/MWh,FR,FR,imbalance_price,Short,2026-09-09T21:53:38Z
2026-09-09T21:47:24Z,2026-09-09T23:47:24+0200,f19b45ac-0251-46d0-96e4-b90fa933f9b1,2026-09-03T06:45:00Z,2026-09-03T08:45:00+0200,151.37,EUR/MWh,FR,FR,imbalance_price,Long,2026-09-09T21:53:38Z
2026-09-09T21:47:24Z,2026-09-09T23:47:24+0200,f19b45ac-0251-46d0-96e4-b90fa933f9b1,2026-09-03T06:45:00Z,2026-09-03T08:45:00+0200,168.89,EUR/MWh,FR,FR,imbalance_price,Short,2026-09-09T21:53:38Z
2026-09-09T21:47:24Z,2026-09-09T23:47:24+0200,f19b45ac-0251-46d0-96e4-b90fa933f9b1,2026-09-03T07:00:00Z,2026-09-03T09:00:00+0200,160.85,EUR/MWh,FR,FR,imbalance_price,Long,2026-09-09T21:53:38Z
2026-09-09T21:47:24Z,2026-09-09T23:47:24+0200,f19b45ac-0251-46d0-96e4-b90fa933f9b1,2026-09-03T07:00:00Z,2026-09-03T09:00:00+0200,179.47,EUR/MWh,FR,FR,imbalance_price,Short,2026-09-09T21:53:38Z
2026-09-09T21:47:24Z,2026-09-09T23:47:24+0200,f19b45ac-0251-46d0-96e4-b90fa933f9b1,2026-09-03T07:15:00Z,2026-09-03T09:15:00+0200,123.98,EUR/MWh,FR,FR,imbalance_price,Long,2026-09-09T21:53:38Z
2026-09-09T21:47:24Z,2026-09-09T23:47:24+0200,f19b45ac-0251-46d0-96e4-b90fa933f9b1,2026-09-03T07:15:00Z,2026-09-03T09:15:00+0200,138.32,EUR/MWh,FR,FR,imbalance_price,Short,2026-09-09T21:53:38Z
2026-09-09T21:47:24Z,2026-09-09T23:47:24+0200,f19b45ac-0251-46d0-96e4-b90fa933f9b1,2026-09-03T07:30:00Z,2026-09-03T09:30:00+0200,155.82,EUR/MWh,FR,FR,imbalance_price,Long,2026-09-09T21:53:38Z
2026-09-09T21:47:24Z,2026-09-09T23:47:24+0200,f19b45ac-0251-46d0-96e4-b90fa933f9b1,2026-09-03T07:30:00Z,2026-09-03T09:30:00+0200,173.86,EUR/MWh,FR,FR,imbalance_price,Short,2026-09-09T21:53:38Z
2026-09-09T21:47:24Z,2026-09-09T23:47:24+0200,f19b45ac-0251-46d0-96e4-b90fa933f9b1,2026-09-03T07:45:00Z,2026-09-03T09:45:00+0200,166.67,EUR/MWh,FR,FR,imbalance_price,Long,2026-09-09T21:53:38Z
2026-09-09T21:47:24Z,2026-09-09T23:47:24+0200,f19b45ac-0251-46d0-96e4-b90fa933f9b1,2026-09-03T07:45:00Z,2026-09-03T09:45:00+0200,185.95,EUR/MWh,FR,FR,imbalance_price,Short,2026-09-09T21:53:38Z
2026-09-09T21:47:24Z,2026-09-09T23:47:24+0200,f19b45ac-0251-46d0-96e4-b90fa933f9b1,2026-09-03T08:00:00Z,2026-09-03T10:00:00+0200,143.27,EUR/MWh,FR,FR,imbalance_price,Long,2026-09-09T21:53:38Z
2026-09-09T21:47:24Z,2026-09-09T23:47:24+0200,f19b45ac-0251-46d0-96e4-b90fa933f9b1,2026-09-03T08:00:00Z,2026-09-03T10:00:00+0200,159.85,EUR/MWh,FR,FR,imbalance_price,Short,2026-09-09T21:53:38Z
2026-09-09T21:47:24Z,2026-09-09T23:47:24+0200,f19b45ac-0251-46d0-96e4-b90fa933f9b1,2026-09-03T08:15:00Z,2026-09-03T10:15:00+0200,-19.04,EUR/MWh,FR,FR,imbalance_price,Long,2026-09-09T21:53:38Z
2026-09-09T21:47:24Z,2026-09-09T23:47:24+0200,f19b45ac-0251-46d0-96e4-b90fa933f9b1,2026-09-03T08:15:00Z,2026-09-03T10:15:00+0200,-17.06,EUR/MWh,FR,FR,imbalance_price,Short,2026-09-09T21:53:38Z
2026-09-09T21:47:24Z,2026-09-09T23:47:24+0200,f19b45ac-0251-46d0-96e4-b90fa933f9b1,2026-09-03T08:30:00Z,2026-09-03T10:30:00+0200,-73.28,EUR/MWh,FR,FR,imbalance_price,Long,2026-09-09T21:53:38Z
2026-09-09T21:47:24Z,2026-09-09T23:47:24+0200,f19b45ac-0251-46d0-96e4-b90fa933f9b1,2026-09-03T08:30:00Z,2026-09-03T10:30:00+0200,-65.68,EUR/MWh,FR,FR,imbalance_price,Short,2026-09-09T21:53:38Z
2026-09-09T21:47:24Z,2026-09-09T23:47:24+0200,f19b45ac-0251-46d0-96e4-b90fa933f9b1,2026-09-03T08:45:00Z,2026-09-03T10:45:00+0200,-53.52,EUR/MWh,FR,FR,imbalance_price,Long,2026-09-09T21:53:38Z
2026-09-09T21:47:24Z,2026-09-09T23:47:24+0200,f19b45ac-0251-46d0-96e4-b90fa933f9b1,2026-09-03T08:45:00Z,2026-09-03T10:45:00+0200,-47.96,EUR/MWh,FR,FR,imbalance_price,Short,2026-09-09T21:53:38Z
2026-09-09T21:47:24Z,2026-09-09T23:47:24+0200,f19b45ac-0251-46d0-96e4-b90fa933f9b1,2026-09-03T09:00:00Z,2026-09-03T11:00:00+0200,19.98,EUR/MWh,FR,FR,imbalance_price,Long,2026-09-09T21:53:38Z
2026-09-09T21:47:24Z,2026-09-09T23:47:24+0200,f19b45ac-0251-46d0-96e4-b90fa933f9b1,2026-09-03T09:00:00Z,2026-09-03T11:00:00+0200,22.3,EUR/MWh,FR,FR,imbalance_price,Short,2026-09-09T21:53:38Z
2026-09-09T21:47:24Z,2026-09-09T23:47:24+0200,f19b45ac-0251-46d0-96e4-b90fa933f9b1,2026-09-03T09:15:00Z,2026-09-03T11:15:00+0200,3.58,EUR/MWh,FR,FR,imbalance_price,Long,2026-09-09T21:53:38Z
2026-09-09T21:47:24Z,2026-09-09T23:47:24+0200,f19b45ac-0251-46d0-96e4-b90fa933f9b1,2026-09-03T09:15:00Z,2026-09-03T11:15:00+0200,4.0,EUR/MWh,FR,FR,imbalance_price,Short,2026-09-09T21:53:38Z
2026-09-09T21:47:24Z,2026-09-09T23:47:24+0200,f19b45ac-0251-46d0-96e4-b90fa933f9b1,2026-09-03T09:30:00Z,2026-09-03T11:30:00+0200,5.0,EUR/MWh,FR,FR,imbalance_price,Long,2026-09-09T21:53:38Z
2026-09-09T21:47:24Z,2026-09-09T23:47:24+0200,f19b45ac-0251-46d0-96e4-b90fa933f9b1,2026-09-03T09:30:00Z,2026-09-03T11:30:00+0200,5.58,EUR/MWh,FR,FR,imbalance_price,Short,2026-09-09T21:53:38Z
2026-09-09T21:47:24Z,2026-09-09T23:47:24+0200,f19b45ac-0251-46d0-96e4-b90fa933f9b1,2026-09-03T09:45:00Z,2026-09-03T11:45:00+0200,-12.19,EUR/MWh,FR,FR,imbalance_price,Long,2026-09-09T21:53:38Z
2026-09-09T21:47:24Z,2026-09-09T23:47:24+0200,f19b45ac-0251-46d0-96e4-b90fa933f9b1,2026-09-03T09:45:00Z,2026-09-03T11:45:00+0200,-10.93,EUR/MWh,FR,FR,imbalance_price,Short,2026-09-09T21:53:38Z
2026-09-09T21:47:24Z,2026-09-09T23:47:24+0200,f19b45ac-0251-46d0-96e4-b90fa933f9b1,2026-09-03T10:00:00Z,2026-09-03T12:00:00+0200,-33.32,EUR/MWh,FR,FR,imbalance_price,Long,2026-09-09T21:53:38Z
2026-09-09T21:47:24Z,2026-09-09T23:47:24+0200,f19b45ac-0251-46d0-96e4-b90fa933f9b1,2026-09-03T10:00:00Z,2026-09-03T12:00:00+0200,-29.86,EUR/MWh,FR,FR,imbalance_price,Short,2026-09-09T21:53:38Z
2026-09-09T21:47:24Z,2026-09-09T23:47:24+0200,f19b45ac-0251-46d0-96e4-b90fa933f9b1,2026-09-03T10:15:00Z,2026-09-03T12:15:00+0200,-48.14,EUR/MWh,FR,FR,imbalance_price,Long,2026-09-09T21:53:38Z
2026-09-09T21:47:24Z,2026-09-09T23:47:24+0200,f19b45ac-0251-46d0-96e4-b90fa933f9b1,2026-09-03T10:15:00Z,2026-09-03T12:15:00+0200,-43.14,EUR/MWh,FR,FR,imbalance_price,Short,2026-09-09T21:53:38Z
2026-09-09T21:47:24Z,2026-09-09T23:47:24+0200,f19b45ac-0251-46d0-96e4-b90fa933f9b1,2026-09-03T10:30:00Z,2026-09-03T12:30:00+0200,-39.55,EUR/MWh,FR,FR,imbalance_price,Long,2026-09-09T21:53:38Z
2026-09-09T21:47:24Z,2026-09-09T23:47:24+0200,f19b45ac-0251-46d0-96e4-b90fa933f9b1,2026-09-03T10:30:00Z,2026-09-03T12:30:00+0200,-35.45,EUR/MWh,FR,FR,imbalance_price,Short,2026-09-09T21:53:38Z
2026-09-09T21:47:24Z,2026-09-09T23:47:24+0200,f19b45ac-0251-46d0-96e4-b90fa933f9b1,2026-09-03T10:45:00Z,2026-09-03T12:45:00+0200,-39.17,EUR/MWh,FR,FR,imbalance_price,Long,2026-09-09T21:53:38Z
2026-09-09T21:47:24Z,2026-09-09T23:47:24+0200,f19b45ac-0251-46d0-96e4-b90fa933f9b1,2026-09-03T10:45:00Z,2026-09-03T12:45:00+0200,-35.11,EUR/MWh,FR,FR,imbalance_price,Short,2026-09-09T21:53:38Z
2026-09-09T21:47:24Z,2026-09-09T23:47:24+0200,f19b45ac-0251-46d0-96e4-b90fa933f9b1,2026-09-03T11:00:00Z,2026-09-03T13:00:00+0200,2.56,EUR/MWh,FR,FR,imbalance_price,Long,2026-09-09T21:53:38Z
2026-09-09T21:47:24Z,2026-09-09T23:47:24+0200,f19b45ac-0251-46d0-96e4-b90fa933f9b1,2026-09-03T11:00:00Z,2026-09-03T13:00:00+0200,2.86,EUR/MWh,FR,FR,imbalance_price,Short,2026-09-09T21:53:38Z
2026-09-09T21:47:24Z,2026-09-09T23:47:24+0200,f19b45ac-0251-46d0-96e4-b90fa933f9b1,2026-09-03T11:15:00Z,2026-09-03T13:15:00+0200,-48.65,EUR/MWh,FR,FR,imbalance_price,Long,2026-09-09T21:53:38Z
2026-09-09T21:47:24Z,2026-09-09T23:47:24+0200,f19b45ac-0251-46d0-96e4-b90fa933f9b1,2026-09-03T11:15:00Z,2026-09-03T13:15:00+0200,-43.61,EUR/MWh,FR,FR,imbalance_price,Short,2026-09-09T21:53:38Z
2026-09-09T21:47:24Z,2026-09-09T23:47:24+0200,f19b45ac-0251-46d0-96e4-b90fa933f9b1,2026-09-03T11:30:00Z,2026-09-03T13:30:00+0200,-18.54,EUR/MWh,FR,FR,imbalance_price,Long,2026-09-09T21:53:38Z
2026-09-09T21:47:24Z,2026-09-09T23:47:24+0200,f19b45ac-0251-46d0-96e4-b90fa933f9b1,2026-09-03T11:30:00Z,2026-09-03T13:30:00+0200,-16.62,EUR/MWh,FR,FR,imbalance_price,Short,2026-09-09T21:53:38Z
2026-09-09T21:47:24Z,2026-09-09T23:47:24+0200,f19b45ac-0251-46d0-96e4-b90fa933f9b1,2026-09-03T11:45:00Z,2026-09-03T13:45:00+0200,-13.94,EUR/MWh,FR,FR,imbalance_price,Long,2026-09-09T21:53:38Z
2026-09-09T21:47:24Z,2026-09-09T23:47:24+0200,f19b45ac-0251-46d0-96e4-b90fa933f9b1,2026-09-03T11:45:00Z,2026-09-03T13:45:00+0200,-12.5,EUR/MWh,FR,FR,imbalance_price,Short,2026-09-09T21:53:38Z
2026-09-09T21:47:24Z,2026-09-09T23:47:24+0200,f19b45ac-0251-46d0-96e4-b90fa933f9b1,2026-09-03T12:00:00Z,2026-09-03T14:00:00+0200,-18.56,EUR/MWh,FR,FR,imbalance_price,Long,2026-09-09T21:53:38Z
2026-09-09T21:47:24Z,2026-09-09T23:47:24+0200,f19b45ac-0251-46d0-96e4-b90fa933f9b1,2026-09-03T12:00:00Z,2026-09-03T14:00:00+0200,-16.64,EUR/MWh,FR,FR,imbalance_price,Short,2026-09-09T21:53:38Z
2026-09-09T21:47:24Z,2026-09-09T23:47:24+0200,f19b45ac-0251-46d0-96e4-b90fa933f9b1,2026-09-03T12:15:00Z,2026-09-03T14:15:00+0200,-15.7,EUR/MWh,FR,FR,imbalance_price,Long,2026-09-09T21:53:38Z
2026-09-09T21:47:24Z,2026-09-09T23:47:24+0200,f19b45ac-0251-46d0-96e4-b90fa933f9b1,2026-09-03T12:15:00Z,2026-09-03T14:15:00+0200,-14.08,EUR/MWh,FR,FR,imbalance_price,Short,2026-09-09T21:53:38Z
2026-09-09T21:47:24Z,2026-09-09T23:47:24+0200,f19b45ac-0251-46d0-96e4-b90fa933f9b1,2026-09-03T12:30:00Z,2026-09-03T14:30:00+0200,-70.08,EUR/MWh,FR,FR,imbalance_price,Long,2026-09-09T21:53:38Z
2026-09-09T21:47:24Z,2026-09-09T23:47:24+0200,f19b45ac-0251-46d0-96e4-b90fa933f9b1,2026-09-03T12:30:00Z,2026-09-03T14:30:00+0200,-62.82,EUR/MWh,FR,FR,imbalance_price,Short,2026-09-09T21:53:38Z
2026-09-09T21:47:24Z,2026-09-09T23:47:24+0200,f19b45ac-0251-46d0-96e4-b90fa933f9b1,2026-09-03T12:45:00Z,2026-09-03T14:45:00+0200,-56.79,EUR/MWh,FR,FR,imbalance_price,Long,2026-09-09T21:53:38Z
2026-09-09T21:47:24Z,2026-09-09T23:47:24+0200,f19b45ac-0251-46d0-96e4-b90fa933f9b1,2026-09-03T12:45:00Z,2026-09-03T14:45:00+0200,-50.89,EUR/MWh,FR,FR,imbalance_price,Short,2026-09-09T21:53:38Z
2026-09-09T21:47:24Z,2026-09-09T23:47:24+0200,f19b45ac-0251-46d0-96e4-b90fa933f9b1,2026-09-03T13:00:00Z,2026-09-03T15:00:00+0200,-70.82,EUR/MWh,FR,FR,imbalance_price,Long,2026-09-09T21:53:38Z
2026-09-09T21:47:24Z,2026-09-09T23:47:24+0200,f19b45ac-0251-46d0-96e4-b90fa933f9b1,2026-09-03T13:00:00Z,2026-09-03T15:00:00+0200,-63.48,EUR/MWh,FR,FR,imbalance_price,Short,2026-09-09T21:53:38Z
2026-09-09T21:47:24Z,2026-09-09T23:47:24+0200,f19b45ac-0251-46d0-96e4-b90fa933f9b1,2026-09-03T13:15:00Z,2026-09-03T15:15:00+0200,-41.54,EUR/MWh,FR,FR,imbalance_price,Long,2026-09-09T21:53:38Z
2026-09-09T21:47:24Z,2026-09-09T23:47:24+0200,f19b45ac-0251-46d0-96e4-b90fa933f9b1,2026-09-03T13:15:00Z,2026-09-03T15:15:00+0200,-37.24,EUR/MWh,FR,FR,imbalance_price,Short,2026-09-09T21:53:38Z
2026-09-09T21:47:24Z,2026-09-09T23:47:24+0200,f19b45ac-0251-46d0-96e4-b90fa933f9b1,2026-09-03T13:30:00Z,2026-09-03T15:30:00+0200,-9.13,EUR/MWh,FR,FR,imbalance_price,Long,2026-09-09T21:53:38Z
2026-09-09T21:47:24Z,2026-09-09T23:47:24+0200,f19b45ac-0251-46d0-96e4-b90fa933f9b1,2026-09-03T13:30:00Z,2026-09-03T15:30:00+0200,-8.19,EUR/MWh,FR,FR,imbalance_price,Short,2026-09-09T21:53:38Z
2026-09-09T21:47:24Z,2026-09-09T23:47:24+0200,f19b45ac-0251-46d0-96e4-b90fa933f9b1,2026-09-03T13:45:00Z,2026-09-03T15:45:00+0200,-14.65,EUR/MWh,FR,FR,imbalance_price,Long,2026-09-09T21:53:38Z
2026-09-09T21:47:24Z,2026-09-09T23:47:24+0200,f19b45ac-0251-46d0-96e4-b90fa933f9b1,2026-09-03T13:45:00Z,2026-09-03T15:45:00+0200,-13.13,EUR/MWh,FR,FR,imbalance_price,Short,2026-09-09T21:53:38Z
2026-09-09T21:47:24Z,2026-09-09T23:47:24+0200,f19b45ac-0251-46d0-96e4-b90fa933f9b1,2026-09-03T14:00:00Z,2026-09-03T16:00:00+0200,-55.21,EUR/MWh,FR,FR,imbalance_price,Long,2026-09-09T21:53:38Z
2026-09-09T21:47:24Z,2026-09-09T23:47:24+0200,f19b45ac-0251-46d0-96e4-b90fa933f9b1,2026-09-03T14:00:00Z,2026-09-03T16:00:00+0200,-49.49,EUR/MWh,FR,FR,imbalance_price,Short,2026-09-09T21:53:38Z
2026-09-09T21:47:24Z,2026-09-09T23:47:24+0200,f19b45ac-0251-46d0-96e4-b90fa933f9b1,2026-09-03T14:15:00Z,2026-09-03T16:15:00+0200,-48.77,EUR/MWh,FR,FR,imbalance_price,Long,2026-09-09T21:53:38Z
2026-09-09T21:47:24Z,2026-09-09T23:47:24+0200,f19b45ac-0251-46d0-96e4-b90fa933f9b1,2026-09-03T14:15:00Z,2026-09-03T16:15:00+0200,-43.71,EUR/MWh,FR,FR,imbalance_price,Short,2026-09-09T21:53:38Z
2026-09-09T21:47:24Z,2026-09-09T23:47:24+0200,f19b45ac-0251-46d0-96e4-b90fa933f9b1,2026-09-03T14:30:00Z,2026-09-03T16:30:00+0200,13.57,EUR/MWh,FR,FR,imbalance_price,Long,2026-09-09T21:53:38Z
2026-09-09T21:47:24Z,2026-09-09T23:47:24+0200,f19b45ac-0251-46d0-96e4-b90fa933f9b1,2026-09-03T14:30:00Z,2026-09-03T16:30:00+0200,15.13,EUR/MWh,FR,FR,imbalance_price,Short,2026-09-09T21:53:38Z
2026-09-09T21:47:24Z,2026-09-09T23:47:24+0200,f19b45ac-0251-46d0-96e4-b90fa933f9b1,2026-09-03T14:45:00Z,2026-09-03T16:45:00+0200,21.28,EUR/MWh,FR,FR,imbalance_price,Long,2026-09-09T21:53:38Z
2026-09-09T21:47:24Z,2026-09-09T23:47:24+0200,f19b45ac-0251-46d0-96e4-b90fa933f9b1,2026-09-03T14:45:00Z,2026-09-03T16:45:00+0200,23.74,EUR/MWh,FR,FR,imbalance_price,Short,2026-09-09T21:53:38Z
2026-09-09T21:47:24Z,2026-09-09T23:47:24+0200,f19b45ac-0251-46d0-96e4-b90fa933f9b1,2026-09-03T15:00:00Z,2026-09-03T17:00:00+0200,7.82,EUR/MWh,FR,FR,imbalance_price,Long,2026-09-09T21:53:38Z
2026-09-09T21:47:24Z,2026-09-09T23:47:24+0200,f19b45ac-0251-46d0-96e4-b90fa933f9b1,2026-09-03T15:00:00Z,2026-09-03T17:00:00+0200,8.72,EUR/MWh,FR,FR,imbalance_price,Short,2026-09-09T21:53:38Z
2026-09-09T21:47:24Z,2026-09-09T23:47:24+0200,f19b45ac-0251-46d0-96e4-b90fa933f9b1,2026-09-03T15:15:00Z,2026-09-03T17:15:00+0200,3.39,EUR/MWh,FR,FR,imbalance_price,Long,2026-09-09T21:53:38Z
2026-09-09T21:47:24Z,2026-09-09T23:47:24+0200,f19b45ac-0251-46d0-96e4-b90fa933f9b1,2026-09-03T15:15:00Z,2026-09-03T17:15:00+0200,3.79,EUR/MWh,FR,FR,imbalance_price,Short,2026-09-09T21:53:38Z
2026-09-09T21:47:24Z,2026-09-09T23:47:24+0200,f19b45ac-0251-46d0-96e4-b90fa933f9b1,2026-09-03T15:30:00Z,2026-09-03T17:30:00+0200,66.31,EUR/MWh,FR,FR,imbalance_price,Long,2026-09-09T21:53:38Z
2026-09-09T21:47:24Z,2026-09-09T23:47:24+0200,f19b45ac-0251-46d0-96e4-b90fa933f9b1,2026-09-03T15:30:00Z,2026-09-03T17:30:00+0200,73.99,EUR/MWh,FR,FR,imbalance_price,Short,2026-09-09T21:53:38Z
2026-09-09T21:47:24Z,2026-09-09T23:47:24+0200,f19b45ac-0251-46d0-96e4-b90fa933f9b1,2026-09-03T15:45:00Z,2026-09-03T17:45:00+0200,50.06,EUR/MWh,FR,FR,imbalance_price,Long,2026-09-09T21:53:38Z
2026-09-09T21:47:24Z,2026-09-09T23:47:24+0200,f19b45ac-0251-46d0-96e4-b90fa933f9b1,2026-09-03T15:45:00Z,2026-09-03T17:45:00+0200,55.86,EUR/MWh,FR,FR,imbalance_price,Short,2026-09-09T21:53:38Z
2026-09-09T21:47:24Z,2026-09-09T23:47:24+0200,f19b45ac-0251-46d0-96e4-b90fa933f9b1,2026-09-03T16:00:00Z,2026-09-03T18:00:00+0200,85.71,EUR/MWh,FR,FR,imbalance_price,Long,2026-09-09T21:53:38Z
2026-09-09T21:47:24Z,2026-09-09T23:47:24+0200,f19b45ac-0251-46d0-96e4-b90fa933f9b1,2026-09-03T16:00:00Z,2026-09-03T18:00:00+0200,95.63,EUR/MWh,FR,FR,imbalance_price,Short,2026-09-09T21:53:38Z
2026-09-09T21:47:24Z,2026-09-09T23:47:24+0200,f19b45ac-0251-46d0-96e4-b90fa933f9b1,2026-09-03T16:15:00Z,2026-09-03T18:15:00+0200,149.0,EUR/MWh,FR,FR,imbalance_price,Long,2026-09-09T21:53:38Z
2026-09-09T21:47:24Z,2026-09-09T23:47:24+0200,f19b45ac-0251-46d0-96e4-b90fa933f9b1,2026-09-03T16:15:00Z,2026-09-03T18:15:00+0200,166.24,EUR/MWh,FR,FR,imbalance_price,Short,2026-09-09T21:53:38Z
2026-09-09T21:47:24Z,2026-09-09T23:47:24+0200,f19b45ac-0251-46d0-96e4-b90fa933f9b1,2026-09-03T16:30:00Z,2026-09-03T18:30:00+0200,158.23,EUR/MWh,FR,FR,imbalance_price,Long,2026-09-09T21:53:38Z
2026-09-09T21:47:24Z,2026-09-09T23:47:24+0200,f19b45ac-0251-46d0-96e4-b90fa933f9b1,2026-09-03T16:30:00Z,2026-09-03T18:30:00+0200,176.55,EUR/MWh,FR,FR,imbalance_price,Short,2026-09-09T21:53:38Z
2026-09-09T21:47:24Z,2026-09-09T23:47:24+0200,f19b45ac-0251-46d0-96e4-b90fa933f9b1,2026-09-03T16:45:00Z,2026-09-03T18:45:00+0200,180.22,EUR/MWh,FR,FR,imbalance_price,Long,2026-09-09T21:53:38Z
2026-09-09T21:47:24Z,2026-09-09T23:47:24+0200,f19b45ac-0251-46d0-96e4-b90fa933f9b1,2026-09-03T16:45:00Z,2026-09-03T18:45:00+0200,201.08,EUR/MWh,FR,FR,imbalance_price,Short,2026-09-09T21:53:38Z
2026-09-09T21:47:24Z,2026-09-09T23:47:24+0200,f19b45ac-0251-46d0-96e4-b90fa933f9b1,2026-09-03T17:00:00Z,2026-09-03T19:00:00+0200,168.8,EUR/MWh,FR,FR,imbalance_price,Long,2026-09-09T21:53:38Z
2026-09-09T21:47:24Z,2026-09-09T23:47:24+0200,f19b45ac-0251-46d0-96e4-b90fa933f9b1,2026-09-03T17:00:00Z,2026-09-03T19:00:00+0200,188.34,EUR/MWh,FR,FR,imbalance_price,Short,2026-09-09T21:53:38Z
2026-09-09T21:47:24Z,2026-09-09T23:47:24+0200,f19b45ac-0251-46d0-96e4-b90fa933f9b1,2026-09-03T17:15:00Z,2026-09-03T19:15:00+0200,149.36,EUR/MWh,FR,FR,imbalance_price,Long,2026-09-09T21:53:38Z
2026-09-09T21:47:24Z,2026-09-09T23:47:24+0200,f19b45ac-0251-46d0-96e4-b90fa933f9b1,2026-09-03T17:15:00Z,2026-09-03T19:15:00+0200,166.64,EUR/MWh,FR,FR,imbalance_price,Short,2026-09-09T21:53:38Z
2026-09-09T21:47:24Z,2026-09-09T23:47:24+0200,f19b45ac-0251-46d0-96e4-b90fa933f9b1,2026-09-03T17:30:00Z,2026-09-03T19:30:00+0200,216.91,EUR/MWh,FR,FR,imbalance_price,Long,2026-09-09T21:53:38Z
2026-09-09T21:47:24Z,2026-09-09T23:47:24+0200,f19b45ac-0251-46d0-96e4-b90fa933f9b1,2026-09-03T17:30:00Z,2026-09-03T19:30:00+0200,242.01,EUR/MWh,FR,FR,imbalance_price,Short,2026-09-09T21:53:38Z
2026-09-09T21:47:24Z,2026-09-09T23:47:24+0200,f19b45ac-0251-46d0-96e4-b90fa933f9b1,2026-09-03T17:45:00Z,2026-09-03T19:45:00+0200,231.67,EUR/MWh,FR,FR,imbalance_price,Long,2026-09-09T21:53:38Z
2026-09-09T21:47:24Z,2026-09-09T23:47:24+0200,f19b45ac-0251-46d0-96e4-b90fa933f9b1,2026-09-03T17:45:00Z,2026-09-03T19:45:00+0200,258.49,EUR/MWh,FR,FR,imbalance_price,Short,2026-09-09T21:53:38Z
2026-09-09T21:47:24Z,2026-09-09T23:47:24+0200,f19b45ac-0251-46d0-96e4-b90fa933f9b1,2026-09-03T18:00:00Z,2026-09-03T20:00:00+0200,211.71,EUR/MWh,FR,FR,imbalance_price,Long,2026-09-09T21:53:38Z
2026-09-09T21:47:24Z,2026-09-09T23:47:24+0200,f19b45ac-0251-46d0-96e4-b90fa933f9b1,2026-09-03T18:00:00Z,2026-09-03T20:00:00+0200,236.21,EUR/MWh,FR,FR,imbalance_price,Short,2026-09-09T21:53:38Z
2026-09-09T21:47:24Z,2026-09-09T23:47:24+0200,f19b45ac-0251-46d0-96e4-b90fa933f9b1,2026-09-03T18:15:00Z,2026-09-03T20:15:00+0200,218.55,EUR/MWh,FR,FR,imbalance_price,Long,2026-09-09T21:53:38Z
2026-09-09T21:47:24Z,2026-09-09T23:47:24+0200,f19b45ac-0251-46d0-96e4-b90fa933f9b1,2026-09-03T18:15:00Z,2026-09-03T20:15:00+0200,243.85,EUR/MWh,FR,FR,imbalance_price,Short,2026-09-09T21:53:38Z
2026-09-09T21:47:24Z,2026-09-09T23:47:24+0200,f19b45ac-0251-46d0-96e4-b90fa933f9b1,2026-09-03T18:30:00Z,2026-09-03T20:30:00+0200,217.13,EUR/MWh,FR,FR,imbalance_price,Long,2026-09-09T21:53:38Z
2026-09-09T21:47:24Z,2026-09-09T23:47:24+0200,f19b45ac-0251-46d0-96e4-b90fa933f9b1,2026-09-03T18:30:00Z,2026-09-03T20:30:00+0200,242.25,EUR/MWh,FR,FR,imbalance_price,Short,2026-09-09T21:53:38Z
2026-09-09T21:47:24Z,2026-09-09T23:47:24+0200,f19b45ac-0251-46d0-96e4-b90fa933f9b1,2026-09-03T18:45:00Z,2026-09-03T20:45:00+0200,218.18,EUR/MWh,FR,FR,imbalance_price,Long,2026-09-09T21:53:38Z
2026-09-09T21:47:24Z,2026-09-09T23:47:24+0200,f19b45ac-0251-46d0-96e4-b90fa933f9b1,2026-09-03T18:45:00Z,2026-09-03T20:45:00+0200,243.42,EUR/MWh,FR,FR,imbalance_price,Short,2026-09-09T21:53:38Z
2026-09-09T21:47:24Z,2026-09-09T23:47:24+0200,f19b45ac-0251-46d0-96e4-b90fa933f9b1,2026-09-03T19:00:00Z,2026-09-03T21:00:00+0200,219.41,EUR/MWh,FR,FR,imbalance_price,Long,2026-09-09T21:53:38Z
2026-09-09T21:47:24Z,2026-09-09T23:47:24+0200,f19b45ac-0251-46d0-96e4-b90fa933f9b1,2026-09-03T19:00:00Z,2026-09-03T21:00:00+0200,244.81,EUR/MWh,FR,FR,imbalance_price,Short,2026-09-09T21:53:38Z
2026-09-09T21:47:24Z,2026-09-09T23:47:24+0200,f19b45ac-0251-46d0-96e4-b90fa933f9b1,2026-09-03T19:15:00Z,2026-09-03T21:15:00+0200,216.28,EUR/MWh,FR,FR,imbalance_price,Long,2026-09-09T21:53:38Z
2026-09-09T21:47:24Z,2026-09-09T23:47:24+0200,f19b45ac-0251-46d0-96e4-b90fa933f9b1,2026-09-03T19:15:00Z,2026-09-03T21:15:00+0200,241.32,EUR/MWh,FR,FR,imbalance_price,Short,2026-09-09T21:53:38Z
2026-09-09T21:47:24Z,2026-09-09T23:47:24+0200,f19b45ac-0251-46d0-96e4-b90fa933f9b1,2026-09-03T19:30:00Z,2026-09-03T21:30:00+0200,211.38,EUR/MWh,FR,FR,imbalance_price,Long,2026-09-09T21:53:38Z
2026-09-09T21:47:24Z,2026-09-09T23:47:24+0200,f19b45ac-0251-46d0-96e4-b90fa933f9b1,2026-09-03T19:30:00Z,2026-09-03T21:30:00+0200,235.84,EUR/MWh,FR,FR,imbalance_price,Short,2026-09-09T21:53:38Z
2026-09-09T21:47:24Z,2026-09-09T23:47:24+0200,f19b45ac-0251-46d0-96e4-b90fa933f9b1,2026-09-03T19:45:00Z,2026-09-03T21:45:00+0200,209.28,EUR/MWh,FR,FR,imbalance_price,Long,2026-09-09T21:53:38Z
2026-09-09T21:47:24Z,2026-09-09T23:47:24+0200,f19b45ac-0251-46d0-96e4-b90fa933f9b1,2026-09-03T19:45:00Z,2026-09-03T21:45:00+0200,233.5,EUR/MWh,FR,FR,imbalance_price,Short,2026-09-09T21:53:38Z
2026-09-09T21:47:24Z,2026-09-09T23:47:24+0200,f19b45ac-0251-46d0-96e4-b90fa933f9b1,2026-09-03T20:00:00Z,2026-09-03T22:00:00+0200,206.39,EUR/MWh,FR,FR,imbalance_price,Long,2026-09-09T21:53:38Z
2026-09-09T21:47:24Z,2026-09-09T23:47:24+0200,f19b45ac-0251-46d0-96e4-b90fa933f9b1,2026-09-03T20:00:00Z,2026-09-03T22:00:00+0200,230.27,EUR/MWh,FR,FR,imbalance_price,Short,2026-09-09T21:53:38Z
2026-09-09T21:47:24Z,2026-09-09T23:47:24+0200,f19b45ac-0251-46d0-96e4-b90fa933f9b1,2026-09-03T20:15:00Z,2026-09-03T22:15:00+0200,199.59,EUR/MWh,FR,FR,imbalance_price,Long,2026-09-09T21:53:38Z
2026-09-09T21:47:24Z,2026-09-09T23:47:24+0200,f19b45ac-0251-46d0-96e4-b90fa933f9b1,2026-09-03T20:15:00Z,2026-09-03T22:15:00+0200,222.69,EUR/MWh,FR,FR,imbalance_price,Short,2026-09-09T21:53:38Z
2026-09-09T21:47:24Z,2026-09-09T23:47:24+0200,f19b45ac-0251-46d0-96e4-b90fa933f9b1,2026-09-03T20:30:00Z,2026-09-03T22:30:00+0200,181.99,EUR/MWh,FR,FR,imbalance_price,Long,2026-09-09T21:53:38Z
2026-09-09T21:47:24Z,2026-09-09T23:47:24+0200,f19b45ac-0251-46d0-96e4-b90fa933f9b1,2026-09-03T20:30:00Z,2026-09-03T22:30:00+0200,203.05,EUR/MWh,FR,FR,imbalance_price,Short,2026-09-09T21:53:38Z
2026-09-09T21:47:24Z,2026-09-09T23:47:24+0200,f19b45ac-0251-46d0-96e4-b90fa933f9b1,2026-09-03T20:45:00Z,2026-09-03T22:45:00+0200,187.89,EUR/MWh,FR,FR,imbalance_price,Long,2026-09-09T21:53:38Z
2026-09-09T21:47:24Z,2026-09-09T23:47:24+0200,f19b45ac-0251-46d0-96e4-b90fa933f9b1,2026-09-03T20:45:00Z,2026-09-03T22:45:00+0200,209.63,EUR/MWh,FR,FR,imbalance_price,Short,2026-09-09T21:53:38Z
2026-09-09T21:47:24Z,2026-09-09T23:47:24+0200,f19b45ac-0251-46d0-96e4-b90fa933f9b1,2026-09-03T21:00:00Z,2026-09-03T23:00:00+0200,187.21,EUR/MWh,FR,FR,imbalance_price,Long,2026-09-09T21:53:38Z
2026-09-09T21:47:24Z,2026-09-09T23:47:24+0200,f19b45ac-0251-46d0-96e4-b90fa933f9b1,2026-09-03T21:00:00Z,2026-09-03T23:00:00+0200,208.87,EUR/MWh,FR,FR,imbalance_price,Short,2026-09-09T21:53:38Z
2026-09-09T21:47:24Z,2026-09-09T23:47:24+0200,f19b45ac-0251-46d0-96e4-b90fa933f9b1,2026-09-03T21:15:00Z,2026-09-03T23:15:00+0200,183.89,EUR/MWh,FR,FR,imbalance_price,Long,2026-09-09T21:53:38Z
2026-09-09T21:47:24Z,2026-09-09T23:47:24+0200,f19b45ac-0251-46d0-96e4-b90fa933f9b1,2026-09-03T21:15:00Z,2026-09-03T23:15:00+0200,205.17,EUR/MWh,FR,FR,imbalance_price,Short,2026-09-09T21:53:38Z
2026-09-09T21:47:24Z,2026-09-09T23:47:24+0200,f19b45ac-0251-46d0-96e4-b90fa933f9b1,2026-09-03T21:30:00Z,2026-09-03T23:30:00+0200,181.91,EUR/MWh,FR,FR,imbalance_price,Long,2026-09-09T21:53:38Z
2026-09-09T21:47:24Z,2026-09-09T23:47:24+0200,f19b45ac-0251-46d0-96e4-b90fa933f9b1,2026-09-03T21:30:00Z,2026-09-03T23:30:00+0200,202.97,EUR/MWh,FR,FR,imbalance_price,Short,2026-09-09T21:53:38Z
2026-09-09T21:47:24Z,2026-09-09T23:47:24+0200,f19b45ac-0251-46d0-96e4-b90fa933f9b1,2026-09-03T21:45:00Z,2026-09-03T23:45:00+0200,179.23,EUR/MWh,FR,FR,imbalance_price,Long,2026-09-09T21:53:38Z
2026-09-09T21:47:24Z,2026-09-09T23:47:24+0200,f19b45ac-0251-46d0-96e4-b90fa933f9b1,2026-09-03T21:45:00Z,2026-09-03T23:45:00+0200,199.97,EUR/MWh,FR,FR,imbalance_price,Short,2026-09-09T21:53:38Z
2026-09-09T21:47:24Z,2026-09-09T23:47:24+0200,f19b45ac-0251-46d0-96e4-b90fa933f9b1,2026-09-03T22:00:00Z,2026-09-04T00:00:00+0200,174.31,EUR/MWh,FR,FR,imbalance_price,Long,2026-09-09T21:53:38Z
2026-09-09T21:47:24Z,2026-09-09T23:47:24+0200,f19b45ac-0251-46d0-96e4-b90fa933f9b1,2026-09-03T22:00:00Z,2026-09-04T00:00:00+0200,194.49,EUR/MWh,FR,FR,imbalance_price,Short,2026-09-09T21:53:38Z
2026-09-09T21:47:24Z,2026-09-09T23:47:24+0200,f19b45ac-0251-46d0-96e4-b90fa933f9b1,2026-09-03T22:15:00Z,2026-09-04T00:15:00+0200,160.29,EUR/MWh,FR,FR,imbalance_price,Long,2026-09-09T21:53:38Z
2026-09-09T21:47:24Z,2026-09-09T23:47:24+0200,f19b45ac-0251-46d0-96e4-b90fa933f9b1,2026-09-03T22:15:00Z,2026-09-04T00:15:00+0200,178.83,EUR/MWh,FR,FR,imbalance_price,Short,2026-09-09T21:53:38Z
2026-09-09T21:47:24Z,2026-09-09T23:47:24+0200,f19b45ac-0251-46d0-96e4-b90fa933f9b1,2026-09-03T22:30:00Z,2026-09-04T00:30:00+0200,160.89,EUR/MWh,FR,FR,imbalance_price,Long,2026-09-09T21:53:38Z
2026-09-09T21:47:24Z,2026-09-09T23:47:24+0200,f19b45ac-0251-46d0-96e4-b90fa933f9b1,2026-09-03T22:30:00Z,2026-09-04T00:30:00+0200,179.51,EUR/MWh,FR,FR,imbalance_price,Short,2026-09-09T21:53:38Z
2026-09-09T21:47:24Z,2026-09-09T23:47:24+0200,f19b45ac-0251-46d0-96e4-b90fa933f9b1,2026-09-03T22:45:00Z,2026-09-04T00:45:00+0200,139.2,EUR/MWh,FR,FR,imbalance_price,Long,2026-09-09T21:53:38Z
2026-09-09T21:47:24Z,2026-09-09T23:47:24+0200,f19b45ac-0251-46d0-96e4-b90fa933f9b1,2026-09-03T22:45:00Z,2026-09-04T00:45:00+0200,155.32,EUR/MWh,FR,FR,imbalance_price,Short,2026-09-09T21:53:38Z
2026-09-09T21:47:24Z,2026-09-09T23:47:24+0200,f19b45ac-0251-46d0-96e4-b90fa933f9b1,2026-09-03T23:00:00Z,2026-09-04T01:00:00+0200,184.69,EUR/MWh,FR,FR,imbalance_price,Long,2026-09-09T21:53:38Z
2026-09-09T21:47:24Z,2026-09-09T23:47:24+0200,f19b45ac-0251-46d0-96e4-b90fa933f9b1,2026-09-03T23:00:00Z,2026-09-04T01:00:00+0200,206.07,EUR/MWh,FR,FR,imbalance_price,Short,2026-09-09T21:53:38Z
2026-09-09T21:47:24Z,2026-09-09T23:47:24+0200,f19b45ac-0251-46d0-96e4-b90fa933f9b1,2026-09-03T23:15:00Z,2026-09-04T01:15:00+0200,177.99,EUR/MWh,FR,FR,imbalance_price,Long,2026-09-09T21:53:38Z
2026-09-09T21:47:24Z,2026-09-09T23:47:24+0200,f19b45ac-0251-46d0-96e4-b90fa933f9b1,2026-09-03T23:15:00Z,2026-09-04T01:15:00+0200,198.59,EUR/MWh,FR,FR,imbalance_price,Short,2026-09-09T21:53:38Z
2026-09-09T21:47:24Z,2026-09-09T23:47:24+0200,f19b45ac-0251-46d0-96e4-b90fa933f9b1,2026-09-03T23:30:00Z,2026-09-04T01:30:00+0200,162.52,EUR/MWh,FR,FR,imbalance_price,Long,2026-09-09T21:53:38Z
2026-09-09T21:47:24Z,2026-09-09T23:47:24+0200,f19b45ac-0251-46d0-96e4-b90fa933f9b1,2026-09-03T23:30:00Z,2026-09-04T01:30:00+0200,181.32,EUR/MWh,FR,FR,imbalance_price,Short,2026-09-09T21:53:38Z
2026-09-09T21:47:24Z,2026-09-09T23:47:24+0200,f19b45ac-0251-46d0-96e4-b90fa933f9b1,2026-09-03T23:45:00Z,2026-09-04T01:45:00+0200,170.71,EUR/MWh,FR,FR,imbalance_price,Long,2026-09-09T21:53:38Z
2026-09-09T21:47:24Z,2026-09-09T23:47:24+0200,f19b45ac-0251-46d0-96e4-b90fa933f9b1,2026-09-03T23:45:00Z,2026-09-04T01:45:00+0200,190.47,EUR/MWh,FR,FR,imbalance_price,Short,2026-09-09T21:53:38Z
2026-09-09T21:47:24Z,2026-09-09T23:47:24+0200,f19b45ac-0251-46d0-96e4-b90fa933f9b1,2026-09-04T00:00:00Z,2026-09-04T02:00:00+0200,172.44,EUR/MWh,FR,FR,imbalance_price,Long,2026-09-09T21:53:38Z
2026-09-09T21:47:24Z,2026-09-09T23:47:24+0200,f19b45ac-0251-46d0-96e4-b90fa933f9b1,2026-09-04T00:00:00Z,2026-09-04T02:00:00+0200,192.4,EUR/MWh,FR,FR,imbalance_price,Short,2026-09-09T21:53:38Z
2026-09-09T21:47:24Z,2026-09-09T23:47:24+0200,f19b45ac-0251-46d0-96e4-b90fa933f9b1,2026-09-04T00:15:00Z,2026-09-04T02:15:00+0200,91.17,EUR/MWh,FR,FR,imbalance_price,Long,2026-09-09T21:53:38Z
2026-09-09T21:47:24Z,2026-09-09T23:47:24+0200,f19b45ac-0251-46d0-96e4-b90fa933f9b1,2026-09-04T00:15:00Z,2026-09-04T02:15:00+0200,101.73,EUR/MWh,FR,FR,imbalance_price,Short,2026-09-09T21:53:38Z
2026-09-09T21:47:24Z,2026-09-09T23:47:24+0200,f19b45ac-0251-46d0-96e4-b90fa933f9b1,2026-09-04T00:30:00Z,2026-09-04T02:30:00+0200,124.35,EUR/MWh,FR,FR,imbalance_price,Long,2026-09-09T21:53:38Z
2026-09-09T21:47:24Z,2026-09-09T23:47:24+0200,f19b45ac-0251-46d0-96e4-b90fa933f9b1,2026-09-04T00:30:00Z,2026-09-04T02:30:00+0200,138.75,EUR/MWh,FR,FR,imbalance_price,Short,2026-09-09T21:53:38Z
2026-09-09T21:47:24Z,2026-09-09T23:47:24+0200,f19b45ac-0251-46d0-96e4-b90fa933f9b1,2026-09-04T00:45:00Z,2026-09-04T02:45:00+0200,101.52,EUR/MWh,FR,FR,imbalance_price,Long,2026-09-09T21:53:38Z
2026-09-09T21:47:24Z,2026-09-09T23:47:24+0200,f19b45ac-0251-46d0-96e4-b90fa933f9b1,2026-09-04T00:45:00Z,2026-09-04T02:45:00+0200,113.26,EUR/MWh,FR,FR,imbalance_price,Short,2026-09-09T21:53:38Z
2026-09-09T21:47:24Z,2026-09-09T23:47:24+0200,f19b45ac-0251-46d0-96e4-b90fa933f9b1,2026-09-04T01:00:00Z,2026-09-04T03:00:00+0200,95.21,EUR/MWh,FR,FR,imbalance_price,Long,2026-09-09T21:53:38Z
2026-09-09T21:47:24Z,2026-09-09T23:47:24+0200,f19b45ac-0251-46d0-96e4-b90fa933f9b1,2026-09-04T01:00:00Z,2026-09-04T03:00:00+0200,106.23,EUR/MWh,FR,FR,imbalance_price,Short,2026-09-09T21:53:38Z
2026-09-09T21:47:24Z,2026-09-09T23:47:24+0200,f19b45ac-0251-46d0-96e4-b90fa933f9b1,2026-09-04T01:15:00Z,2026-09-04T03:15:00+0200,121.06,EUR/MWh,FR,FR,imbalance_price,Long,2026-09-09T21:53:38Z
2026-09-09T21:47:24Z,2026-09-09T23:47:24+0200,f19b45ac-0251-46d0-96e4-b90fa933f9b1,2026-09-04T01:15:00Z,2026-09-04T03:15:00+0200,135.08,EUR/MWh,FR,FR,imbalance_price,Short,2026-09-09T21:53:38Z
2026-09-09T21:47:24Z,2026-09-09T23:47:24+0200,f19b45ac-0251-46d0-96e4-b90fa933f9b1,2026-09-04T01:30:00Z,2026-09-04T03:30:00+0200,112.39,EUR/MWh,FR,FR,imbalance_price,Long,2026-09-09T21:53:38Z
2026-09-09T21:47:24Z,2026-09-09T23:47:24+0200,f19b45ac-0251-46d0-96e4-b90fa933f9b1,2026-09-04T01:30:00Z,2026-09-04T03:30:00+0200,125.39,EUR/MWh,FR,FR,imbalance_price,Short,2026-09-09T21:53:38Z
2026-09-09T21:47:24Z,2026-09-09T23:47:24+0200,f19b45ac-0251-46d0-96e4-b90fa933f9b1,2026-09-04T01:45:00Z,2026-09-04T03:45:00+0200,145.18,EUR/MWh,FR,FR,imbalance_price,Long,2026-09-09T21:53:38Z
2026-09-09T21:47:24Z,2026-09-09T23:47:24+0200,f19b45ac-0251-46d0-96e4-b90fa933f9b1,2026-09-04T01:45:00Z,2026-09-04T03:45:00+0200,161.98,EUR/MWh,FR,FR,imbalance_price,Short,2026-09-09T21:53:38Z
2026-09-09T21:47:24Z,2026-09-09T23:47:24+0200,f19b45ac-0251-46d0-96e4-b90fa933f9b1,2026-09-04T02:00:00Z,2026-09-04T04:00:00+0200,127.86,EUR/MWh,FR,FR,imbalance_price,Long,2026-09-09T21:53:38Z
2026-09-09T21:47:24Z,2026-09-09T23:47:24+0200,f19b45ac-0251-46d0-96e4-b90fa933f9b1,2026-09-04T02:00:00Z,2026-09-04T04:00:00+0200,142.66,EUR/MWh,FR,FR,imbalance_price,Short,2026-09-09T21:53:38Z
2026-09-09T21:47:24Z,2026-09-09T23:47:24+0200,f19b45ac-0251-46d0-96e4-b90fa933f9b1,2026-09-04T02:15:00Z,2026-09-04T04:15:00+0200,103.0,EUR/MWh,FR,FR,imbalance_price,Long,2026-09-09T21:53:38Z
2026-09-09T21:47:24Z,2026-09-09T23:47:24+0200,f19b45ac-0251-46d0-96e4-b90fa933f9b1,2026-09-04T02:15:00Z,2026-09-04T04:15:00+0200,114.92,EUR/MWh,FR,FR,imbalance_price,Short,2026-09-09T21:53:38Z
2026-09-09T21:47:24Z,2026-09-09T23:47:24+0200,f19b45ac-0251-46d0-96e4-b90fa933f9b1,2026-09-04T02:30:00Z,2026-09-04T04:30:00+0200,157.24,EUR/MWh,FR,FR,imbalance_price,Long,2026-09-09T21:53:38Z
2026-09-09T21:47:24Z,2026-09-09T23:47:24+0200,f19b45ac-0251-46d0-96e4-b90fa933f9b1,2026-09-04T02:30:00Z,2026-09-04T04:30:00+0200,175.44,EUR/MWh,FR,FR,imbalance_price,Short,2026-09-09T21:53:38Z
2026-09-09T21:47:24Z,2026-09-09T23:47:24+0200,f19b45ac-0251-46d0-96e4-b90fa933f9b1,2026-09-04T02:45:00Z,2026-09-04T04:45:00+0200,149.65,EUR/MWh,FR,FR,imbalance_price,Long,2026-09-09T21:53:38Z
2026-09-09T21:47:24Z,2026-09-09T23:47:24+0200,f19b45ac-0251-46d0-96e4-b90fa933f9b1,2026-09-04T02:45:00Z,2026-09-04T04:45:00+0200,166.97,EUR/MWh,FR,FR,imbalance_price,Short,2026-09-09T21:53:38Z
2026-09-09T21:47:24Z,2026-09-09T23:47:24+0200,f19b45ac-0251-46d0-96e4-b90fa933f9b1,2026-09-04T03:00:00Z,2026-09-04T05:00:00+0200,169.87,EUR/MWh,FR,FR,imbalance_price,Long,2026-09-09T21:53:38Z
2026-09-09T21:47:24Z,2026-09-09T23:47:24+0200,f19b45ac-0251-46d0-96e4-b90fa933f9b1,2026-09-04T03:00:00Z,2026-09-04T05:00:00+0200,189.53,EUR/MWh,FR,FR,imbalance_price,Short,2026-09-09T21:53:38Z
2026-09-09T21:47:24Z,2026-09-09T23:47:24+0200,f19b45ac-0251-46d0-96e4-b90fa933f9b1,2026-09-04T03:15:00Z,2026-09-04T05:15:00+0200,183.59,EUR/MWh,FR,FR,imbalance_price,Long,2026-09-09T21:53:38Z
2026-09-09T21:47:24Z,2026-09-09T23:47:24+0200,f19b45ac-0251-46d0-96e4-b90fa933f9b1,2026-09-04T03:15:00Z,2026-09-04T05:15:00+0200,204.83,EUR/MWh,FR,FR,imbalance_price,Short,2026-09-09T21:53:38Z
2026-09-09T21:47:24Z,2026-09-09T23:47:24+0200,f19b45ac-0251-46d0-96e4-b90fa933f9b1,2026-09-04T03:30:00Z,2026-09-04T05:30:00+0200,180.98,EUR/MWh,FR,FR,imbalance_price,Long,2026-09-09T21:53:38Z
2026-09-09T21:47:24Z,2026-09-09T23:47:24+0200,f19b45ac-0251-46d0-96e4-b90fa933f9b1,2026-09-04T03:30:00Z,2026-09-04T05:30:00+0200,201.92,EUR/MWh,FR,FR,imbalance_price,Short,2026-09-09T21:53:38Z
2026-09-09T21:47:24Z,2026-09-09T23:47:24+0200,f19b45ac-0251-46d0-96e4-b90fa933f9b1,2026-09-04T03:45:00Z,2026-09-04T05:45:00+0200,166.63,EUR/MWh,FR,FR,imbalance_price,Long,2026-09-09T21:53:38Z
2026-09-09T21:47:24Z,2026-09-09T23:47:24+0200,f19b45ac-0251-46d0-96e4-b90fa933f9b1,2026-09-04T03:45:00Z,2026-09-04T05:45:00+0200,185.91,EUR/MWh,FR,FR,imbalance_price,Short,2026-09-09T21:53:38Z
2026-09-09T21:47:24Z,2026-09-09T23:47:24+0200,f19b45ac-0251-46d0-96e4-b90fa933f9b1,2026-09-04T04:00:00Z,2026-09-04T06:00:00+0200,168.06,EUR/MWh,FR,FR,imbalance_price,Long,2026-09-09T21:53:38Z
2026-09-09T21:47:24Z,2026-09-09T23:47:24+0200,f19b45ac-0251-46d0-96e4-b90fa933f9b1,2026-09-04T04:00:00Z,2026-09-04T06:00:00+0200,187.52,EUR/MWh,FR,FR,imbalance_price,Short,2026-09-09T21:53:38Z
2026-09-09T21:47:24Z,2026-09-09T23:47:24+0200,f19b45ac-0251-46d0-96e4-b90fa933f9b1,2026-09-04T04:15:00Z,2026-09-04T06:15:00+0200,183.24,EUR/MWh,FR,FR,imbalance_price,Long,2026-09-09T21:53:38Z
2026-09-09T21:47:24Z,2026-09-09T23:47:24+0200,f19b45ac-0251-46d0-96e4-b90fa933f9b1,2026-09-04T04:15:00Z,2026-09-04T06:15:00+0200,204.44,EUR/MWh,FR,FR,imbalance_price,Short,2026-09-09T21:53:38Z
2026-09-09T21:47:24Z,2026-09-09T23:47:24+0200,f19b45ac-0251-46d0-96e4-b90fa933f9b1,2026-09-04T04:30:00Z,2026-09-04T06:30:00+0200,139.38,EUR/MWh,FR,FR,imbalance_price,Long,2026-09-09T21:53:38Z
2026-09-09T21:47:24Z,2026-09-09T23:47:24+0200,f19b45ac-0251-46d0-96e4-b90fa933f9b1,2026-09-04T04:30:00Z,2026-09-04T06:30:00+0200,155.5,EUR/MWh,FR,FR,imbalance_price,Short,2026-09-09T21:53:38Z
2026-09-09T21:47:24Z,2026-09-09T23:47:24+0200,f19b45ac-0251-46d0-96e4-b90fa933f9b1,2026-09-04T04:45:00Z,2026-09-04T06:45:00+0200,181.64,EUR/MWh,FR,FR,imbalance_price,Long,2026-09-09T21:53:38Z
2026-09-09T21:47:24Z,2026-09-09T23:47:24+0200,f19b45ac-0251-46d0-96e4-b90fa933f9b1,2026-09-04T04:45:00Z,2026-09-04T06:45:00+0200,202.66,EUR/MWh,FR,FR,imbalance_price,Short,2026-09-09T21:53:38Z
2026-09-09T21:47:24Z,2026-09-09T23:47:24+0200,f19b45ac-0251-46d0-96e4-b90fa933f9b1,2026-09-04T05:00:00Z,2026-09-04T07:00:00+0200,180.36,EUR/MWh,FR,FR,imbalance_price,Long,2026-09-09T21:53:38Z
2026-09-09T21:47:24Z,2026-09-09T23:47:24+0200,f19b45ac-0251-46d0-96e4-b90fa933f9b1,2026-09-04T05:00:00Z,2026-09-04T07:00:00+0200,201.24,EUR/MWh,FR,FR,imbalance_price,Short,2026-09-09T21:53:38Z
2026-09-09T21:47:24Z,2026-09-09T23:47:24+0200,f19b45ac-0251-46d0-96e4-b90fa933f9b1,2026-09-04T05:15:00Z,2026-09-04T07:15:00+0200,179.49,EUR/MWh,FR,FR,imbalance_price,Long,2026-09-09T21:53:38Z
2026-09-09T21:47:24Z,2026-09-09T23:47:24+0200,f19b45ac-0251-46d0-96e4-b90fa933f9b1,2026-09-04T05:15:00Z,2026-09-04T07:15:00+0200,200.27,EUR/MWh,FR,FR,imbalance_price,Short,2026-09-09T21:53:38Z
2026-09-09T21:47:24Z,2026-09-09T23:47:24+0200,f19b45ac-0251-46d0-96e4-b90fa933f9b1,2026-09-04T05:30:00Z,2026-09-04T07:30:00+0200,179.21,EUR/MWh,FR,FR,imbalance_price,Long,2026-09-09T21:53:38Z
2026-09-09T21:47:24Z,2026-09-09T23:47:24+0200,f19b45ac-0251-46d0-96e4-b90fa933f9b1,2026-09-04T05:30:00Z,2026-09-04T07:30:00+0200,199.95,EUR/MWh,FR,FR,imbalance_price,Short,2026-09-09T21:53:38Z
2026-09-09T21:47:24Z,2026-09-09T23:47:24+0200,f19b45ac-0251-46d0-96e4-b90fa933f9b1,2026-09-04T05:45:00Z,2026-09-04T07:45:00+0200,176.72,EUR/MWh,FR,FR,imbalance_price,Long,2026-09-09T21:53:38Z
2026-09-09T21:47:24Z,2026-09-09T23:47:24+0200,f19b45ac-0251-46d0-96e4-b90fa933f9b1,2026-09-04T05:45:00Z,2026-09-04T07:45:00+0200,197.18,EUR/MWh,FR,FR,imbalance_price,Short,2026-09-09T21:53:38Z
2026-09-09T21:47:24Z,2026-09-09T23:47:24+0200,f19b45ac-0251-46d0-96e4-b90fa933f9b1,2026-09-04T06:00:00Z,2026-09-04T08:00:00+0200,169.51,EUR/MWh,FR,FR,imbalance_price,Long,2026-09-09T21:53:38Z
2026-09-09T21:47:24Z,2026-09-09T23:47:24+0200,f19b45ac-0251-46d0-96e4-b90fa933f9b1,2026-09-04T06:00:00Z,2026-09-04T08:00:00+0200,189.13,EUR/MWh,FR,FR,imbalance_price,Short,2026-09-09T21:53:38Z
2026-09-09T21:47:24Z,2026-09-09T23:47:24+0200,f19b45ac-0251-46d0-96e4-b90fa933f9b1,2026-09-04T06:15:00Z,2026-09-04T08:15:00+0200,152.72,EUR/MWh,FR,FR,imbalance_price,Long,2026-09-09T21:53:38Z
2026-09-09T21:47:24Z,2026-09-09T23:47:24+0200,f19b45ac-0251-46d0-96e4-b90fa933f9b1,2026-09-04T06:15:00Z,2026-09-04T08:15:00+0200,170.4,EUR/MWh,FR,FR,imbalance_price,Short,2026-09-09T21:53:38Z
2026-09-09T21:47:24Z,2026-09-09T23:47:24+0200,f19b45ac-0251-46d0-96e4-b90fa933f9b1,2026-09-04T06:30:00Z,2026-09-04T08:30:00+0200,182.54,EUR/MWh,FR,FR,imbalance_price,Long,2026-09-09T21:53:38Z
2026-09-09T21:47:24Z,2026-09-09T23:47:24+0200,f19b45ac-0251-46d0-96e4-b90fa933f9b1,2026-09-04T06:30:00Z,2026-09-04T08:30:00+0200,203.66,EUR/MWh,FR,FR,imbalance_price,Short,2026-09-09T21:53:38Z
2026-09-09T21:47:24Z,2026-09-09T23:47:24+0200,f19b45ac-0251-46d0-96e4-b90fa933f9b1,2026-09-04T06:45:00Z,2026-09-04T08:45:00+0200,129.74,EUR/MWh,FR,FR,imbalance_price,Long,2026-09-09T21:53:38Z
2026-09-09T21:47:24Z,2026-09-09T23:47:24+0200,f19b45ac-0251-46d0-96e4-b90fa933f9b1,2026-09-04T06:45:00Z,2026-09-04T08:45:00+0200,144.76,EUR/MWh,FR,FR,imbalance_price,Short,2026-09-09T21:53:38Z
2026-09-09T21:47:24Z,2026-09-09T23:47:24+0200,f19b45ac-0251-46d0-96e4-b90fa933f9b1,2026-09-04T07:00:00Z,2026-09-04T09:00:00+0200,110.17,EUR/MWh,FR,FR,imbalance_price,Long,2026-09-09T21:53:38Z
2026-09-09T21:47:24Z,2026-09-09T23:47:24+0200,f19b45ac-0251-46d0-96e4-b90fa933f9b1,2026-09-04T07:00:00Z,2026-09-04T09:00:00+0200,122.93,EUR/MWh,FR,FR,imbalance_price,Short,2026-09-09T21:53:38Z
2026-09-09T21:47:24Z,2026-09-09T23:47:24+0200,f19b45ac-0251-46d0-96e4-b90fa933f9b1,2026-09-04T07:15:00Z,2026-09-04T09:15:00+0200,94.85,EUR/MWh,FR,FR,imbalance_price,Long,2026-09-09T21:53:38Z
2026-09-09T21:47:24Z,2026-09-09T23:47:24+0200,f19b45ac-0251-46d0-96e4-b90fa933f9b1,2026-09-04T07:15:00Z,2026-09-04T09:15:00+0200,105.83,EUR/MWh,FR,FR,imbalance_price,Short,2026-09-09T21:53:38Z
2026-09-09T21:47:24Z,2026-09-09T23:47:24+0200,f19b45ac-0251-46d0-96e4-b90fa933f9b1,2026-09-04T07:30:00Z,2026-09-04T09:30:00+0200,130.56,EUR/MWh,FR,FR,imbalance_price,Long,2026-09-09T21:53:38Z
2026-09-09T21:47:24Z,2026-09-09T23:47:24+0200,f19b45ac-0251-46d0-96e4-b90fa933f9b1,2026-09-04T07:30:00Z,2026-09-04T09:30:00+0200,145.66,EUR/MWh,FR,FR,imbalance_price,Short,2026-09-09T21:53:38Z
2026-09-09T21:47:24Z,2026-09-09T23:47:24+0200,f19b45ac-0251-46d0-96e4-b90fa933f9b1,2026-09-04T07:45:00Z,2026-09-04T09:45:00+0200,153.82,EUR/MWh,FR,FR,imbalance_price,Long,2026-09-09T21:53:38Z
2026-09-09T21:47:24Z,2026-09-09T23:47:24+0200,f19b45ac-0251-46d0-96e4-b90fa933f9b1,2026-09-04T07:45:00Z,2026-09-04T09:45:00+0200,171.62,EUR/MWh,FR,FR,imbalance_price,Short,2026-09-09T21:53:38Z
2026-09-09T21:47:24Z,2026-09-09T23:47:24+0200,f19b45ac-0251-46d0-96e4-b90fa933f9b1,2026-09-04T08:00:00Z,2026-09-04T10:00:00+0200,163.38,EUR/MWh,FR,FR,imbalance_price,Long,2026-09-09T21:53:38Z
2026-09-09T21:47:24Z,2026-09-09T23:47:24+0200,f19b45ac-0251-46d0-96e4-b90fa933f9b1,2026-09-04T08:00:00Z,2026-09-04T10:00:00+0200,182.28,EUR/MWh,FR,FR,imbalance_price,Short,2026-09-09T21:53:38Z
2026-09-09T21:47:24Z,2026-09-09T23:47:24+0200,f19b45ac-0251-46d0-96e4-b90fa933f9b1,2026-09-04T08:15:00Z,2026-09-04T10:15:00+0200,185.32,EUR/MWh,FR,FR,imbalance_price,Long,2026-09-09T21:53:38Z
2026-09-09T21:47:24Z,2026-09-09T23:47:24+0200,f19b45ac-0251-46d0-96e4-b90fa933f9b1,2026-09-04T08:15:00Z,2026-09-04T10:15:00+0200,206.76,EUR/MWh,FR,FR,imbalance_price,Short,2026-09-09T21:53:38Z
2026-09-09T21:47:24Z,2026-09-09T23:47:24+0200,f19b45ac-0251-46d0-96e4-b90fa933f9b1,2026-09-04T08:30:00Z,2026-09-04T10:30:00+0200,26.77,EUR/MWh,FR,FR,imbalance_price,Long,2026-09-09T21:53:38Z
2026-09-09T21:47:24Z,2026-09-09T23:47:24+0200,f19b45ac-0251-46d0-96e4-b90fa933f9b1,2026-09-04T08:30:00Z,2026-09-04T10:30:00+0200,29.87,EUR/MWh,FR,FR,imbalance_price,Short,2026-09-09T21:53:38Z
2026-09-09T21:47:24Z,2026-09-09T23:47:24+0200,f19b45ac-0251-46d0-96e4-b90fa933f9b1,2026-09-04T08:45:00Z,2026-09-04T10:45:00+0200,-5.77,EUR/MWh,FR,FR,imbalance_price,Long,2026-09-09T21:53:38Z
2026-09-09T21:47:24Z,2026-09-09T23:47:24+0200,f19b45ac-0251-46d0-96e4-b90fa933f9b1,2026-09-04T08:45:00Z,2026-09-04T10:45:00+0200,-5.17,EUR/MWh,FR,FR,imbalance_price,Short,2026-09-09T21:53:38Z
2026-09-09T21:47:24Z,2026-09-09T23:47:24+0200,f19b45ac-0251-46d0-96e4-b90fa933f9b1,2026-09-04T09:00:00Z,2026-09-04T11:00:00+0200,10.2,EUR/MWh,FR,FR,imbalance_price,Long,2026-09-09T21:53:38Z
2026-09-09T21:47:24Z,2026-09-09T23:47:24+0200,f19b45ac-0251-46d0-96e4-b90fa933f9b1,2026-09-04T09:00:00Z,2026-09-04T11:00:00+0200,11.38,EUR/MWh,FR,FR,imbalance_price,Short,2026-09-09T21:53:38Z
2026-09-09T21:47:24Z,2026-09-09T23:47:24+0200,f19b45ac-0251-46d0-96e4-b90fa933f9b1,2026-09-04T09:15:00Z,2026-09-04T11:15:00+0200,-62.33,EUR/MWh,FR,FR,imbalance_price,Long,2026-09-09T21:53:38Z
2026-09-09T21:47:24Z,2026-09-09T23:47:24+0200,f19b45ac-0251-46d0-96e4-b90fa933f9b1,2026-09-04T09:15:00Z,2026-09-04T11:15:00+0200,-55.87,EUR/MWh,FR,FR,imbalance_price,Short,2026-09-09T21:53:38Z
2026-09-09T21:47:24Z,2026-09-09T23:47:24+0200,f19b45ac-0251-46d0-96e4-b90fa933f9b1,2026-09-04T09:30:00Z,2026-09-04T11:30:00+0200,-55.25,EUR/MWh,FR,FR,imbalance_price,Long,2026-09-09T21:53:38Z
2026-09-09T21:47:24Z,2026-09-09T23:47:24+0200,f19b45ac-0251-46d0-96e4-b90fa933f9b1,2026-09-04T09:30:00Z,2026-09-04T11:30:00+0200,-49.51,EUR/MWh,FR,FR,imbalance_price,Short,2026-09-09T21:53:38Z
2026-09-09T21:47:24Z,2026-09-09T23:47:24+0200,f19b45ac-0251-46d0-96e4-b90fa933f9b1,2026-09-04T09:45:00Z,2026-09-04T11:45:00+0200,-60.13,EUR/MWh,FR,FR,imbalance_price,Long,2026-09-09T21:53:38Z
2026-09-09T21:47:24Z,2026-09-09T23:47:24+0200,f19b45ac-0251-46d0-96e4-b90fa933f9b1,2026-09-04T09:45:00Z,2026-09-04T11:45:00+0200,-53.89,EUR/MWh,FR,FR,imbalance_price,Short,2026-09-09T21:53:38Z
2026-09-09T21:47:24Z,2026-09-09T23:47:24+0200,f19b45ac-0251-46d0-96e4-b90fa933f9b1,2026-09-04T10:00:00Z,2026-09-04T12:00:00+0200,13.77,EUR/MWh,FR,FR,imbalance_price,Long,2026-09-09T21:53:38Z
2026-09-09T21:47:24Z,2026-09-09T23:47:24+0200,f19b45ac-0251-46d0-96e4-b90fa933f9b1,2026-09-04T10:00:00Z,2026-09-04T12:00:00+0200,15.37,EUR/MWh,FR,FR,imbalance_price,Short,2026-09-09T21:53:38Z
2026-09-09T21:47:24Z,2026-09-09T23:47:24+0200,f19b45ac-0251-46d0-96e4-b90fa933f9b1,2026-09-04T10:15:00Z,2026-09-04T12:15:00+0200,25.55,EUR/MWh,FR,FR,imbalance_price,Long,2026-09-09T21:53:38Z
2026-09-09T21:47:24Z,2026-09-09T23:47:24+0200,f19b45ac-0251-46d0-96e4-b90fa933f9b1,2026-09-04T10:15:00Z,2026-09-04T12:15:00+0200,28.51,EUR/MWh,FR,FR,imbalance_price,Short,2026-09-09T21:53:38Z
2026-09-09T21:47:24Z,2026-09-09T23:47:24+0200,f19b45ac-0251-46d0-96e4-b90fa933f9b1,2026-09-04T10:30:00Z,2026-09-04T12:30:00+0200,17.58,EUR/MWh,FR,FR,imbalance_price,Long,2026-09-09T21:53:38Z
2026-09-09T21:47:24Z,2026-09-09T23:47:24+0200,f19b45ac-0251-46d0-96e4-b90fa933f9b1,2026-09-04T10:30:00Z,2026-09-04T12:30:00+0200,19.62,EUR/MWh,FR,FR,imbalance_price,Short,2026-09-09T21:53:38Z
2026-09-09T21:47:24Z,2026-09-09T23:47:24+0200,f19b45ac-0251-46d0-96e4-b90fa933f9b1,2026-09-04T10:45:00Z,2026-09-04T12:45:00+0200,139.43,EUR/MWh,FR,FR,imbalance_price,Long,2026-09-09T21:53:38Z
2026-09-09T21:47:24Z,2026-09-09T23:47:24+0200,f19b45ac-0251-46d0-96e4-b90fa933f9b1,2026-09-04T10:45:00Z,2026-09-04T12:45:00+0200,155.57,EUR/MWh,FR,FR,imbalance_price,Short,2026-09-09T21:53:38Z
2026-09-09T21:47:24Z,2026-09-09T23:47:24+0200,f19b45ac-0251-46d0-96e4-b90fa933f9b1,2026-09-04T11:00:00Z,2026-09-04T13:00:00+0200,122.58,EUR/MWh,FR,FR,imbalance_price,Long,2026-09-09T21:53:38Z
2026-09-09T21:47:24Z,2026-09-09T23:47:24+0200,f19b45ac-0251-46d0-96e4-b90fa933f9b1,2026-09-04T11:00:00Z,2026-09-04T13:00:00+0200,136.76,EUR/MWh,FR,FR,imbalance_price,Short,2026-09-09T21:53:38Z
2026-09-09T21:47:24Z,2026-09-09T23:47:24+0200,f19b45ac-0251-46d0-96e4-b90fa933f9b1,2026-09-04T11:15:00Z,2026-09-04T13:15:00+0200,112.35,EUR/MWh,FR,FR,imbalance_price,Long,2026-09-09T21:53:38Z
2026-09-09T21:47:24Z,2026-09-09T23:47:24+0200,f19b45ac-0251-46d0-96e4-b90fa933f9b1,2026-09-04T11:15:00Z,2026-09-04T13:15:00+0200,125.35,EUR/MWh,FR,FR,imbalance_price,Short,2026-09-09T21:53:38Z
2026-09-09T21:47:24Z,2026-09-09T23:47:24+0200,f19b45ac-0251-46d0-96e4-b90fa933f9b1,2026-09-04T11:30:00Z,2026-09-04T13:30:00+0200,183.74,EUR/MWh,FR,FR,imbalance_price,Long,2026-09-09T21:53:38Z
2026-09-09T21:47:24Z,2026-09-09T23:47:24+0200,f19b45ac-0251-46d0-96e4-b90fa933f9b1,2026-09-04T11:30:00Z,2026-09-04T13:30:00+0200,205.0,EUR/MWh,FR,FR,imbalance_price,Short,2026-09-09T21:53:38Z
2026-09-09T21:47:24Z,2026-09-09T23:47:24+0200,f19b45ac-0251-46d0-96e4-b90fa933f9b1,2026-09-04T11:45:00Z,2026-09-04T13:45:00+0200,170.51,EUR/MWh,FR,FR,imbalance_price,Long,2026-09-09T21:53:38Z
2026-09-09T21:47:24Z,2026-09-09T23:47:24+0200,f19b45ac-0251-46d0-96e4-b90fa933f9b1,2026-09-04T11:45:00Z,2026-09-04T13:45:00+0200,190.25,EUR/MWh,FR,FR,imbalance_price,Short,2026-09-09T21:53:38Z
2026-09-09T21:47:24Z,2026-09-09T23:47:24+0200,f19b45ac-0251-46d0-96e4-b90fa933f9b1,2026-09-04T12:00:00Z,2026-09-04T14:00:00+0200,28.21,EUR/MWh,FR,FR,imbalance_price,Long,2026-09-09T21:53:38Z
2026-09-09T21:47:24Z,2026-09-09T23:47:24+0200,f19b45ac-0251-46d0-96e4-b90fa933f9b1,2026-09-04T12:00:00Z,2026-09-04T14:00:00+0200,31.47,EUR/MWh,FR,FR,imbalance_price,Short,2026-09-09T21:53:38Z
2026-09-09T21:47:24Z,2026-09-09T23:47:24+0200,f19b45ac-0251-46d0-96e4-b90fa933f9b1,2026-09-04T12:15:00Z,2026-09-04T14:15:00+0200,6.09,EUR/MWh,FR,FR,imbalance_price,Long,2026-09-09T21:53:38Z
2026-09-09T21:47:24Z,2026-09-09T23:47:24+0200,f19b45ac-0251-46d0-96e4-b90fa933f9b1,2026-09-04T12:15:00Z,2026-09-04T14:15:00+0200,6.79,EUR/MWh,FR,FR,imbalance_price,Short,2026-09-09T21:53:38Z
2026-09-09T21:47:24Z,2026-09-09T23:47:24+0200,f19b45ac-0251-46d0-96e4-b90fa933f9b1,2026-09-04T12:30:00Z,2026-09-04T14:30:00+0200,107.36,EUR/MWh,FR,FR,imbalance_price,Long,2026-09-09T21:53:38Z
2026-09-09T21:47:24Z,2026-09-09T23:47:24+0200,f19b45ac-0251-46d0-96e4-b90fa933f9b1,2026-09-04T12:30:00Z,2026-09-04T14:30:00+0200,119.78,EUR/MWh,FR,FR,imbalance_price,Short,2026-09-09T21:53:38Z
2026-09-09T21:47:24Z,2026-09-09T23:47:24+0200,f19b45ac-0251-46d0-96e4-b90fa933f9b1,2026-09-04T12:45:00Z,2026-09-04T14:45:00+0200,65.42,EUR/MWh,FR,FR,imbalance_price,Long,2026-09-09T21:53:38Z
2026-09-09T21:47:24Z,2026-09-09T23:47:24+0200,f19b45ac-0251-46d0-96e4-b90fa933f9b1,2026-09-04T12:45:00Z,2026-09-04T14:45:00+0200,73.0,EUR/MWh,FR,FR,imbalance_price,Short,2026-09-09T21:53:38Z
2026-09-09T21:47:24Z,2026-09-09T23:47:24+0200,f19b45ac-0251-46d0-96e4-b90fa933f9b1,2026-09-04T13:00:00Z,2026-09-04T15:00:00+0200,-99.94,EUR/MWh,FR,FR,imbalance_price,Long,2026-09-09T21:53:38Z
2026-09-09T21:47:24Z,2026-09-09T23:47:24+0200,f19b45ac-0251-46d0-96e4-b90fa933f9b1,2026-09-04T13:00:00Z,2026-09-04T15:00:00+0200,-89.58,EUR/MWh,FR,FR,imbalance_price,Short,2026-09-09T21:53:38Z
2026-09-09T21:47:24Z,2026-09-09T23:47:24+0200,f19b45ac-0251-46d0-96e4-b90fa933f9b1,2026-09-04T13:15:00Z,2026-09-04T15:15:00+0200,-226.07,EUR/MWh,FR,FR,imbalance_price,Long,2026-09-09T21:53:38Z
2026-09-09T21:47:24Z,2026-09-09T23:47:24+0200,f19b45ac-0251-46d0-96e4-b90fa933f9b1,2026-09-04T13:15:00Z,2026-09-04T15:15:00+0200,-202.63,EUR/MWh,FR,FR,imbalance_price,Short,2026-09-09T21:53:38Z
2026-09-09T21:47:24Z,2026-09-09T23:47:24+0200,f19b45ac-0251-46d0-96e4-b90fa933f9b1,2026-09-04T13:30:00Z,2026-09-04T15:30:00+0200,-233.66,EUR/MWh,FR,FR,imbalance_price,Long,2026-09-09T21:53:38Z
2026-09-09T21:47:24Z,2026-09-09T23:47:24+0200,f19b45ac-0251-46d0-96e4-b90fa933f9b1,2026-09-04T13:30:00Z,2026-09-04T15:30:00+0200,-209.42,EUR/MWh,FR,FR,imbalance_price,Short,2026-09-09T21:53:38Z
2026-09-09T21:47:24Z,2026-09-09T23:47:24+0200,f19b45ac-0251-46d0-96e4-b90fa933f9b1,2026-09-04T13:45:00Z,2026-09-04T15:45:00+0200,-71.98,EUR/MWh,FR,FR,imbalance_price,Long,2026-09-09T21:53:38Z
2026-09-09T21:47:24Z,2026-09-09T23:47:24+0200,f19b45ac-0251-46d0-96e4-b90fa933f9b1,2026-09-04T13:45:00Z,2026-09-04T15:45:00+0200,-64.52,EUR/MWh,FR,FR,imbalance_price,Short,2026-09-09T21:53:38Z
2026-09-09T21:47:24Z,2026-09-09T23:47:24+0200,f19b45ac-0251-46d0-96e4-b90fa933f9b1,2026-09-04T14:00:00Z,2026-09-04T16:00:00+0200,-28.29,EUR/MWh,FR,FR,imbalance_price,Long,2026-09-09T21:53:38Z
2026-09-09T21:47:24Z,2026-09-09T23:47:24+0200,f19b45ac-0251-46d0-96e4-b90fa933f9b1,2026-09-04T14:00:00Z,2026-09-04T16:00:00+0200,-25.35,EUR/MWh,FR,FR,imbalance_price,Short,2026-09-09T21:53:38Z
2026-09-09T21:47:24Z,2026-09-09T23:47:24+0200,f19b45ac-0251-46d0-96e4-b90fa933f9b1,2026-09-04T14:15:00Z,2026-09-04T16:15:00+0200,-95.26,EUR/MWh,FR,FR,imbalance_price,Long,2026-09-09T21:53:38Z
2026-09-09T21:47:24Z,2026-09-09T23:47:24+0200,f19b45ac-0251-46d0-96e4-b90fa933f9b1,2026-09-04T14:15:00Z,2026-09-04T16:15:00+0200,-85.38,EUR/MWh,FR,FR,imbalance_price,Short,2026-09-09T21:53:38Z
2026-09-09T21:47:24Z,2026-09-09T23:47:24+0200,f19b45ac-0251-46d0-96e4-b90fa933f9b1,2026-09-04T14:30:00Z,2026-09-04T16:30:00+0200,-95.26,EUR/MWh,FR,FR,imbalance_price,Long,2026-09-09T21:53:38Z
2026-09-09T21:47:24Z,2026-09-09T23:47:24+0200,f19b45ac-0251-46d0-96e4-b90fa933f9b1,2026-09-04T14:30:00Z,2026-09-04T16:30:00+0200,-85.38,EUR/MWh,FR,FR,imbalance_price,Short,2026-09-09T21:53:38Z
2026-09-09T21:47:24Z,2026-09-09T23:47:24+0200,f19b45ac-0251-46d0-96e4-b90fa933f9b1,2026-09-04T14:45:00Z,2026-09-04T16:45:00+0200,-95.26,EUR/MWh,FR,FR,imbalance_price,Long,2026-09-09T21:53:38Z
2026-09-09T21:47:24Z,2026-09-09T23:47:24+0200,f19b45ac-0251-46d0-96e4-b90fa933f9b1,2026-09-04T14:45:00Z,2026-09-04T16:45:00+0200,-85.38,EUR/MWh,FR,FR,imbalance_price,Short,2026-09-09T21:53:38Z
2026-09-09T21:47:24Z,2026-09-09T23:47:24+0200,f19b45ac-0251-46d0-96e4-b90fa933f9b1,2026-09-04T15:00:00Z,2026-09-04T17:00:00+0200,27.7,EUR/MWh,FR,FR,imbalance_price,Long,2026-09-09T21:53:38Z
2026-09-09T21:47:24Z,2026-09-09T23:47:24+0200,f19b45ac-0251-46d0-96e4-b90fa933f9b1,2026-09-04T15:00:00Z,2026-09-04T17:00:00+0200,30.9,EUR/MWh,FR,FR,imbalance_price,Short,2026-09-09T21:53:38Z
2026-09-09T21:47:24Z,2026-09-09T23:47:24+0200,f19b45ac-0251-46d0-96e4-b90fa933f9b1,2026-09-04T15:15:00Z,2026-09-04T17:15:00+0200,-13.29,EUR/MWh,FR,FR,imbalance_price,Long,2026-09-09T21:53:38Z
2026-09-09T21:47:24Z,2026-09-09T23:47:24+0200,f19b45ac-0251-46d0-96e4-b90fa933f9b1,2026-09-04T15:15:00Z,2026-09-04T17:15:00+0200,-11.91,EUR/MWh,FR,FR,imbalance_price,Short,2026-09-09T21:53:38Z
2026-09-09T21:47:24Z,2026-09-09T23:47:24+0200,f19b45ac-0251-46d0-96e4-b90fa933f9b1,2026-09-04T15:30:00Z,2026-09-04T17:30:00+0200,-51.17,EUR/MWh,FR,FR,imbalance_price,Long,2026-09-09T21:53:38Z
2026-09-09T21:47:24Z,2026-09-09T23:47:24+0200,f19b45ac-0251-46d0-96e4-b90fa933f9b1,2026-09-04T15:30:00Z,2026-09-04T17:30:00+0200,-45.87,EUR/MWh,FR,FR,imbalance_price,Short,2026-09-09T21:53:38Z
2026-09-09T21:47:24Z,2026-09-09T23:47:24+0200,f19b45ac-0251-46d0-96e4-b90fa933f9b1,2026-09-04T15:45:00Z,2026-09-04T17:45:00+0200,-44.09,EUR/MWh,FR,FR,imbalance_price,Long,2026-09-09T21:53:38Z
2026-09-09T21:47:24Z,2026-09-09T23:47:24+0200,f19b45ac-0251-46d0-96e4-b90fa933f9b1,2026-09-04T15:45:00Z,2026-09-04T17:45:00+0200,-39.51,EUR/MWh,FR,FR,imbalance_price,Short,2026-09-09T21:53:38Z
2026-09-09T21:47:24Z,2026-09-09T23:47:24+0200,f19b45ac-0251-46d0-96e4-b90fa933f9b1,2026-09-04T16:00:00Z,2026-09-04T18:00:00+0200,-46.81,EUR/MWh,FR,FR,imbalance_price,Long,2026-09-09T21:53:38Z
2026-09-09T21:47:24Z,2026-09-09T23:47:24+0200,f19b45ac-0251-46d0-96e4-b90fa933f9b1,2026-09-04T16:00:00Z,2026-09-04T18:00:00+0200,-41.95,EUR/MWh,FR,FR,imbalance_price,Short,2026-09-09T21:53:38Z
2026-09-09T21:47:24Z,2026-09-09T23:47:24+0200,f19b45ac-0251-46d0-96e4-b90fa933f9b1,2026-09-04T16:15:00Z,2026-09-04T18:15:00+0200,6.46,EUR/MWh,FR,FR,imbalance_price,Long,2026-09-09T21:53:38Z
2026-09-09T21:47:24Z,2026-09-09T23:47:24+0200,f19b45ac-0251-46d0-96e4-b90fa933f9b1,2026-09-04T16:15:00Z,2026-09-04T18:15:00+0200,7.2,EUR/MWh,FR,FR,imbalance_price,Short,2026-09-09T21:53:38Z
2026-09-09T21:47:24Z,2026-09-09T23:47:24+0200,f19b45ac-0251-46d0-96e4-b90fa933f9b1,2026-09-04T16:30:00Z,2026-09-04T18:30:00+0200,118.85,EUR/MWh,FR,FR,imbalance_price,Long,2026-09-09T21:53:38Z
2026-09-09T21:47:24Z,2026-09-09T23:47:24+0200,f19b45ac-0251-46d0-96e4-b90fa933f9b1,2026-09-04T16:30:00Z,2026-09-04T18:30:00+0200,132.61,EUR/MWh,FR,FR,imbalance_price,Short,2026-09-09T21:53:38Z
2026-09-09T21:47:24Z,2026-09-09T23:47:24+0200,f19b45ac-0251-46d0-96e4-b90fa933f9b1,2026-09-04T16:45:00Z,2026-09-04T18:45:00+0200,141.8,EUR/MWh,FR,FR,imbalance_price,Long,2026-09-09T21:53:38Z
2026-09-09T21:47:24Z,2026-09-09T23:47:24+0200,f19b45ac-0251-46d0-96e4-b90fa933f9b1,2026-09-04T16:45:00Z,2026-09-04T18:45:00+0200,158.21,EUR/MWh,FR,FR,imbalance_price,Short,2026-09-09T21:53:38Z
2026-09-09T21:47:24Z,2026-09-09T23:47:24+0200,f19b45ac-0251-46d0-96e4-b90fa933f9b1,2026-09-04T17:00:00Z,2026-09-04T19:00:00+0200,130.47,EUR/MWh,FR,FR,imbalance_price,Long,2026-09-09T21:53:38Z
2026-09-09T21:47:24Z,2026-09-09T23:47:24+0200,f19b45ac-0251-46d0-96e4-b90fa933f9b1,2026-09-04T17:00:00Z,2026-09-04T19:00:00+0200,145.57,EUR/MWh,FR,FR,imbalance_price,Short,2026-09-09T21:53:38Z
2026-09-09T21:47:24Z,2026-09-09T23:47:24+0200,f19b45ac-0251-46d0-96e4-b90fa933f9b1,2026-09-04T17:15:00Z,2026-09-04T19:15:00+0200,108.94,EUR/MWh,FR,FR,imbalance_price,Long,2026-09-09T21:53:38Z
2026-09-09T21:47:24Z,2026-09-09T23:47:24+0200,f19b45ac-0251-46d0-96e4-b90fa933f9b1,2026-09-04T17:15:00Z,2026-09-04T19:15:00+0200,121.54,EUR/MWh,FR,FR,imbalance_price,Short,2026-09-09T21:53:38Z
2026-09-09T21:47:24Z,2026-09-09T23:47:24+0200,f19b45ac-0251-46d0-96e4-b90fa933f9b1,2026-09-04T17:30:00Z,2026-09-04T19:30:00+0200,132.29,EUR/MWh,FR,FR,imbalance_price,Long,2026-09-09T21:53:38Z
2026-09-09T21:47:24Z,2026-09-09T23:47:24+0200,f19b45ac-0251-46d0-96e4-b90fa933f9b1,2026-09-04T17:30:00Z,2026-09-04T19:30:00+0200,147.61,EUR/MWh,FR,FR,imbalance_price,Short,2026-09-09T21:53:38Z
2026-09-09T21:47:24Z,2026-09-09T23:47:24+0200,f19b45ac-0251-46d0-96e4-b90fa933f9b1,2026-09-04T17:45:00Z,2026-09-04T19:45:00+0200,128.84,EUR/MWh,FR,FR,imbalance_price,Long,2026-09-09T21:53:38Z
2026-09-09T21:47:24Z,2026-09-09T23:47:24+0200,f19b45ac-0251-46d0-96e4-b90fa933f9b1,2026-09-04T17:45:00Z,2026-09-04T19:45:00+0200,143.76,EUR/MWh,FR,FR,imbalance_price,Short,2026-09-09T21:53:38Z
2026-09-09T21:47:24Z,2026-09-09T23:47:24+0200,f19b45ac-0251-46d0-96e4-b90fa933f9b1,2026-09-04T18:00:00Z,2026-09-04T20:00:00+0200,123.78,EUR/MWh,FR,FR,imbalance_price,Long,2026-09-09T21:53:38Z
2026-09-09T21:47:24Z,2026-09-09T23:47:24+0200,f19b45ac-0251-46d0-96e4-b90fa933f9b1,2026-09-04T18:00:00Z,2026-09-04T20:00:00+0200,138.1,EUR/MWh,FR,FR,imbalance_price,Short,2026-09-09T21:53:38Z
2026-09-09T21:47:24Z,2026-09-09T23:47:24+0200,f19b45ac-0251-46d0-96e4-b90fa933f9b1,2026-09-04T18:15:00Z,2026-09-04T20:15:00+0200,152.16,EUR/MWh,FR,FR,imbalance_price,Long,2026-09-09T21:53:38Z
2026-09-09T21:47:24Z,2026-09-09T23:47:24+0200,f19b45ac-0251-46d0-96e4-b90fa933f9b1,2026-09-04T18:15:00Z,2026-09-04T20:15:00+0200,169.78,EUR/MWh,FR,FR,imbalance_price,Short,2026-09-09T21:53:38Z
2026-09-09T21:47:24Z,2026-09-09T23:47:24+0200,f19b45ac-0251-46d0-96e4-b90fa933f9b1,2026-09-04T18:30:00Z,2026-09-04T20:30:00+0200,153.2,EUR/MWh,FR,FR,imbalance_price,Long,2026-09-09T21:53:38Z
2026-09-09T21:47:24Z,2026-09-09T23:47:24+0200,f19b45ac-0251-46d0-96e4-b90fa933f9b1,2026-09-04T18:30:00Z,2026-09-04T20:30:00+0200,170.92,EUR/MWh,FR,FR,imbalance_price,Short,2026-09-09T21:53:38Z
2026-09-09T21:47:24Z,2026-09-09T23:47:24+0200,f19b45ac-0251-46d0-96e4-b90fa933f9b1,2026-09-04T18:45:00Z,2026-09-04T20:45:00+0200,121.22,EUR/MWh,FR,FR,imbalance_price,Long,2026-09-09T21:53:38Z
2026-09-09T21:47:24Z,2026-09-09T23:47:24+0200,f19b45ac-0251-46d0-96e4-b90fa933f9b1,2026-09-04T18:45:00Z,2026-09-04T20:45:00+0200,135.24,EUR/MWh,FR,FR,imbalance_price,Short,2026-09-09T21:53:38Z
2026-09-09T21:47:24Z,2026-09-09T23:47:24+0200,f19b45ac-0251-46d0-96e4-b90fa933f9b1,2026-09-04T19:00:00Z,2026-09-04T21:00:00+0200,171.2,EUR/MWh,FR,FR,imbalance_price,Long,2026-09-09T21:53:38Z
2026-09-09T21:47:24Z,2026-09-09T23:47:24+0200,f19b45ac-0251-46d0-96e4-b90fa933f9b1,2026-09-04T19:00:00Z,2026-09-04T21:00:00+0200,191.02,EUR/MWh,FR,FR,imbalance_price,Short,2026-09-09T21:53:38Z
2026-09-09T21:47:24Z,2026-09-09T23:47:24+0200,f19b45ac-0251-46d0-96e4-b90fa933f9b1,2026-09-04T19:15:00Z,2026-09-04T21:15:00+0200,141.02,EUR/MWh,FR,FR,imbalance_price,Long,2026-09-09T21:53:38Z
2026-09-09T21:47:24Z,2026-09-09T23:47:24+0200,f19b45ac-0251-46d0-96e4-b90fa933f9b1,2026-09-04T19:15:00Z,2026-09-04T21:15:00+0200,157.34,EUR/MWh,FR,FR,imbalance_price,Short,2026-09-09T21:53:38Z
2026-09-09T21:47:24Z,2026-09-09T23:47:24+0200,f19b45ac-0251-46d0-96e4-b90fa933f9b1,2026-09-04T19:30:00Z,2026-09-04T21:30:00+0200,98.91,EUR/MWh,FR,FR,imbalance_price,Long,2026-09-09T21:53:38Z
2026-09-09T21:47:24Z,2026-09-09T23:47:24+0200,f19b45ac-0251-46d0-96e4-b90fa933f9b1,2026-09-04T19:30:00Z,2026-09-04T21:30:00+0200,110.35,EUR/MWh,FR,FR,imbalance_price,Short,2026-09-09T21:53:38Z
2026-09-09T21:47:24Z,2026-09-09T23:47:24+0200,f19b45ac-0251-46d0-96e4-b90fa933f9b1,2026-09-04T19:45:00Z,2026-09-04T21:45:00+0200,170.91,EUR/MWh,FR,FR,imbalance_price,Long,2026-09-09T21:53:38Z
2026-09-09T21:47:24Z,2026-09-09T23:47:24+0200,f19b45ac-0251-46d0-96e4-b90fa933f9b1,2026-09-04T19:45:00Z,2026-09-04T21:45:00+0200,190.69,EUR/MWh,FR,FR,imbalance_price,Short,2026-09-09T21:53:38Z
2026-09-09T21:47:24Z,2026-09-09T23:47:24+0200,f19b45ac-0251-46d0-96e4-b90fa933f9b1,2026-09-04T20:00:00Z,2026-09-04T22:00:00+0200,174.05,EUR/MWh,FR,FR,imbalance_price,Long,2026-09-09T21:53:38Z
2026-09-09T21:47:24Z,2026-09-09T23:47:24+0200,f19b45ac-0251-46d0-96e4-b90fa933f9b1,2026-09-04T20:00:00Z,2026-09-04T22:00:00+0200,194.19,EUR/MWh,FR,FR,imbalance_price,Short,2026-09-09T21:53:38Z
2026-09-09T21:47:24Z,2026-09-09T23:47:24+0200,f19b45ac-0251-46d0-96e4-b90fa933f9b1,2026-09-04T20:15:00Z,2026-09-04T22:15:00+0200,174.05,EUR/MWh,FR,FR,imbalance_price,Long,2026-09-09T21:53:38Z
2026-09-09T21:47:24Z,2026-09-09T23:47:24+0200,f19b45ac-0251-46d0-96e4-b90fa933f9b1,2026-09-04T20:15:00Z,2026-09-04T22:15:00+0200,194.19,EUR/MWh,FR,FR,imbalance_price,Short,2026-09-09T21:53:38Z
2026-09-09T21:47:24Z,2026-09-09T23:47:24+0200,f19b45ac-0251-46d0-96e4-b90fa933f9b1,2026-09-04T20:30:00Z,2026-09-04T22:30:00+0200,170.28,EUR/MWh,FR,FR,imbalance_price,Long,2026-09-09T21:53:38Z
2026-09-09T21:47:24Z,2026-09-09T23:47:24+0200,f19b45ac-0251-46d0-96e4-b90fa933f9b1,2026-09-04T20:30:00Z,2026-09-04T22:30:00+0200,189.98,EUR/MWh,FR,FR,imbalance_price,Short,2026-09-09T21:53:38Z
2026-09-09T21:47:24Z,2026-09-09T23:47:24+0200,f19b45ac-0251-46d0-96e4-b90fa933f9b1,2026-09-04T20:45:00Z,2026-09-04T22:45:00+0200,161.97,EUR/MWh,FR,FR,imbalance_price,Long,2026-09-09T21:53:38Z
2026-09-09T21:47:24Z,2026-09-09T23:47:24+0200,f19b45ac-0251-46d0-96e4-b90fa933f9b1,2026-09-04T20:45:00Z,2026-09-04T22:45:00+0200,180.71,EUR/MWh,FR,FR,imbalance_price,Short,2026-09-09T21:53:38Z
2026-09-09T21:47:24Z,2026-09-09T23:47:24+0200,f19b45ac-0251-46d0-96e4-b90fa933f9b1,2026-09-04T21:00:00Z,2026-09-04T23:00:00+0200,180.77,EUR/MWh,FR,FR,imbalance_price,Long,2026-09-09T21:53:38Z
2026-09-09T21:47:24Z,2026-09-09T23:47:24+0200,f19b45ac-0251-46d0-96e4-b90fa933f9b1,2026-09-04T21:00:00Z,2026-09-04T23:00:00+0200,201.69,EUR/MWh,FR,FR,imbalance_price,Short,2026-09-09T21:53:38Z
2026-09-09T21:47:24Z,2026-09-09T23:47:24+0200,f19b45ac-0251-46d0-96e4-b90fa933f9b1,2026-09-04T21:15:00Z,2026-09-04T23:15:00+0200,160.17,EUR/MWh,FR,FR,imbalance_price,Long,2026-09-09T21:53:38Z
2026-09-09T21:47:24Z,2026-09-09T23:47:24+0200,f19b45ac-0251-46d0-96e4-b90fa933f9b1,2026-09-04T21:15:00Z,2026-09-04T23:15:00+0200,178.71,EUR/MWh,FR,FR,imbalance_price,Short,2026-09-09T21:53:38Z
2026-09-09T21:47:24Z,2026-09-09T23:47:24+0200,f19b45ac-0251-46d0-96e4-b90fa933f9b1,2026-09-04T21:30:00Z,2026-09-04T23:30:00+0200,160.11,EUR/MWh,FR,FR,imbalance_price,Long,2026-09-09T21:53:38Z
2026-09-09T21:47:24Z,2026-09-09T23:47:24+0200,f19b45ac-0251-46d0-96e4-b90fa933f9b1,2026-09-04T21:30:00Z,2026-09-04T23:30:00+0200,178.65,EUR/MWh,FR,FR,imbalance_price,Short,2026-09-09T21:53:38Z
2026-09-09T21:47:24Z,2026-09-09T23:47:24+0200,f19b45ac-0251-46d0-96e4-b90fa933f9b1,2026-09-04T21:45:00Z,2026-09-04T23:45:00+0200,173.03,EUR/MWh,FR,FR,imbalance_price,Long,2026-09-09T21:53:38Z
2026-09-09T21:47:24Z,2026-09-09T23:47:24+0200,f19b45ac-0251-46d0-96e4-b90fa933f9b1,2026-09-04T21:45:00Z,2026-09-04T23:45:00+0200,193.05,EUR/MWh,FR,FR,imbalance_price,Short,2026-09-09T21:53:38Z
2026-09-09T21:47:24Z,2026-09-09T23:47:24+0200,f19b45ac-0251-46d0-96e4-b90fa933f9b1,2026-09-04T22:00:00Z,2026-09-05T00:00:00+0200,172.48,EUR/MWh,FR,FR,imbalance_price,Long,2026-09-09T21:53:38Z
2026-09-09T21:47:24Z,2026-09-09T23:47:24+0200,f19b45ac-0251-46d0-96e4-b90fa933f9b1,2026-09-04T22:00:00Z,2026-09-05T00:00:00+0200,192.44,EUR/MWh,FR,FR,imbalance_price,Short,2026-09-09T21:53:38Z
2026-09-09T21:47:24Z,2026-09-09T23:47:24+0200,f19b45ac-0251-46d0-96e4-b90fa933f9b1,2026-09-04T22:15:00Z,2026-09-05T00:15:00+0200,194.48,EUR/MWh,FR,FR,imbalance_price,Long,2026-09-09T21:53:38Z
2026-09-09T21:47:24Z,2026-09-09T23:47:24+0200,f19b45ac-0251-46d0-96e4-b90fa933f9b1,2026-09-04T22:15:00Z,2026-09-05T00:15:00+0200,216.98,EUR/MWh,FR,FR,imbalance_price,Short,2026-09-09T21:53:38Z
2026-09-09T21:47:24Z,2026-09-09T23:47:24+0200,f19b45ac-0251-46d0-96e4-b90fa933f9b1,2026-09-04T22:30:00Z,2026-09-05T00:30:00+0200,179.26,EUR/MWh,FR,FR,imbalance_price,Long,2026-09-09T21:53:38Z
2026-09-09T21:47:24Z,2026-09-09T23:47:24+0200,f19b45ac-0251-46d0-96e4-b90fa933f9b1,2026-09-04T22:30:00Z,2026-09-05T00:30:00+0200,200.0,EUR/MWh,FR,FR,imbalance_price,Short,2026-09-09T21:53:38Z
2026-09-09T21:47:24Z,2026-09-09T23:47:24+0200,f19b45ac-0251-46d0-96e4-b90fa933f9b1,2026-09-04T22:45:00Z,2026-09-05T00:45:00+0200,144.74,EUR/MWh,FR,FR,imbalance_price,Long,2026-09-09T21:53:38Z
2026-09-09T21:47:24Z,2026-09-09T23:47:24+0200,f19b45ac-0251-46d0-96e4-b90fa933f9b1,2026-09-04T22:45:00Z,2026-09-05T00:45:00+0200,161.5,EUR/MWh,FR,FR,imbalance_price,Short,2026-09-09T21:53:38Z
2026-09-09T21:47:24Z,2026-09-09T23:47:24+0200,f19b45ac-0251-46d0-96e4-b90fa933f9b1,2026-09-04T23:00:00Z,2026-09-05T01:00:00+0200,143.95,EUR/MWh,FR,FR,imbalance_price,Long,2026-09-09T21:53:38Z
2026-09-09T21:47:24Z,2026-09-09T23:47:24+0200,f19b45ac-0251-46d0-96e4-b90fa933f9b1,2026-09-04T23:00:00Z,2026-09-05T01:00:00+0200,160.61,EUR/MWh,FR,FR,imbalance_price,Short,2026-09-09T21:53:38Z
2026-09-09T21:47:24Z,2026-09-09T23:47:24+0200,f19b45ac-0251-46d0-96e4-b90fa933f9b1,2026-09-04T23:15:00Z,2026-09-05T01:15:00+0200,144.95,EUR/MWh,FR,FR,imbalance_price,Long,2026-09-09T21:53:38Z
2026-09-09T21:47:24Z,2026-09-09T23:47:24+0200,f19b45ac-0251-46d0-96e4-b90fa933f9b1,2026-09-04T23:15:00Z,2026-09-05T01:15:00+0200,161.73,EUR/MWh,FR,FR,imbalance_price,Short,2026-09-09T21:53:38Z
2026-09-09T21:47:24Z,2026-09-09T23:47:24+0200,f19b45ac-0251-46d0-96e4-b90fa933f9b1,2026-09-04T23:30:00Z,2026-09-05T01:30:00+0200,165.58,EUR/MWh,FR,FR,imbalance_price,Long,2026-09-09T21:53:38Z
2026-09-09T21:47:24Z,2026-09-09T23:47:24+0200,f19b45ac-0251-46d0-96e4-b90fa933f9b1,2026-09-04T23:30:00Z,2026-09-05T01:30:00+0200,184.74,EUR/MWh,FR,FR,imbalance_price,Short,2026-09-09T21:53:38Z
2026-09-09T21:47:24Z,2026-09-09T23:47:24+0200,f19b45ac-0251-46d0-96e4-b90fa933f9b1,2026-09-04T23:45:00Z,2026-09-05T01:45:00+0200,141.4,EUR/MWh,FR,FR,imbalance_price,Long,2026-09-09T21:53:38Z
2026-09-09T21:47:24Z,2026-09-09T23:47:24+0200,f19b45ac-0251-46d0-96e4-b90fa933f9b1,2026-09-04T23:45:00Z,2026-09-05T01:45:00+0200,157.76,EUR/MWh,FR,FR,imbalance_price,Short,2026-09-09T21:53:38Z
2026-09-09T21:47:24Z,2026-09-09T23:47:24+0200,f19b45ac-0251-46d0-96e4-b90fa933f9b1,2026-09-05T00:00:00Z,2026-09-05T02:00:00+0200,142.22,EUR/MWh,FR,FR,imbalance_price,Long,2026-09-09T21:53:38Z
2026-09-09T21:47:24Z,2026-09-09T23:47:24+0200,f19b45ac-0251-46d0-96e4-b90fa933f9b1,2026-09-05T00:00:00Z,2026-09-05T02:00:00+0200,158.68,EUR/MWh,FR,FR,imbalance_price,Short,2026-09-09T21:53:38Z
2026-09-09T21:47:24Z,2026-09-09T23:47:24+0200,f19b45ac-0251-46d0-96e4-b90fa933f9b1,2026-09-05T00:15:00Z,2026-09-05T02:15:00+0200,172.25,EUR/MWh,FR,FR,imbalance_price,Long,2026-09-09T21:53:38Z
2026-09-09T21:47:24Z,2026-09-09T23:47:24+0200,f19b45ac-0251-46d0-96e4-b90fa933f9b1,2026-09-05T00:15:00Z,2026-09-05T02:15:00+0200,192.19,EUR/MWh,FR,FR,imbalance_price,Short,2026-09-09T21:53:38Z
2026-09-09T21:47:24Z,2026-09-09T23:47:24+0200,f19b45ac-0251-46d0-96e4-b90fa933f9b1,2026-09-05T00:30:00Z,2026-09-05T02:30:00+0200,124.85,EUR/MWh,FR,FR,imbalance_price,Long,2026-09-09T21:53:38Z
2026-09-09T21:47:24Z,2026-09-09T23:47:24+0200,f19b45ac-0251-46d0-96e4-b90fa933f9b1,2026-09-05T00:30:00Z,2026-09-05T02:30:00+0200,139.29,EUR/MWh,FR,FR,imbalance_price,Short,2026-09-09T21:53:38Z
2026-09-09T21:47:24Z,2026-09-09T23:47:24+0200,f19b45ac-0251-46d0-96e4-b90fa933f9b1,2026-09-05T00:45:00Z,2026-09-05T02:45:00+0200,102.07,EUR/MWh,FR,FR,imbalance_price,Long,2026-09-09T21:53:38Z
2026-09-09T21:47:24Z,2026-09-09T23:47:24+0200,f19b45ac-0251-46d0-96e4-b90fa933f9b1,2026-09-05T00:45:00Z,2026-09-05T02:45:00+0200,113.89,EUR/MWh,FR,FR,imbalance_price,Short,2026-09-09T21:53:38Z
2026-09-09T21:47:24Z,2026-09-09T23:47:24+0200,f19b45ac-0251-46d0-96e4-b90fa933f9b1,2026-09-05T01:00:00Z,2026-09-05T03:00:00+0200,80.49,EUR/MWh,FR,FR,imbalance_price,Long,2026-09-09T21:53:38Z
2026-09-09T21:47:24Z,2026-09-09T23:47:24+0200,f19b45ac-0251-46d0-96e4-b90fa933f9b1,2026-09-05T01:00:00Z,2026-09-05T03:00:00+0200,89.81,EUR/MWh,FR,FR,imbalance_price,Short,2026-09-09T21:53:38Z
2026-09-09T21:47:24Z,2026-09-09T23:47:24+0200,f19b45ac-0251-46d0-96e4-b90fa933f9b1,2026-09-05T01:15:00Z,2026-09-05T03:15:00+0200,145.98,EUR/MWh,FR,FR,imbalance_price,Long,2026-09-09T21:53:38Z
2026-09-09T21:47:24Z,2026-09-09T23:47:24+0200,f19b45ac-0251-46d0-96e4-b90fa933f9b1,2026-09-05T01:15:00Z,2026-09-05T03:15:00+0200,162.88,EUR/MWh,FR,FR,imbalance_price,Short,2026-09-09T21:53:38Z
2026-09-09T21:47:24Z,2026-09-09T23:47:24+0200,f19b45ac-0251-46d0-96e4-b90fa933f9b1,2026-09-05T01:30:00Z,2026-09-05T03:30:00+0200,142.72,EUR/MWh,FR,FR,imbalance_price,Long,2026-09-09T21:53:38Z
2026-09-09T21:47:24Z,2026-09-09T23:47:24+0200,f19b45ac-0251-46d0-96e4-b90fa933f9b1,2026-09-05T01:30:00Z,2026-09-05T03:30:00+0200,159.24,EUR/MWh,FR,FR,imbalance_price,Short,2026-09-09T21:53:38Z
2026-09-09T21:47:24Z,2026-09-09T23:47:24+0200,f19b45ac-0251-46d0-96e4-b90fa933f9b1,2026-09-05T01:45:00Z,2026-09-05T03:45:00+0200,106.31,EUR/MWh,FR,FR,imbalance_price,Long,2026-09-09T21:53:38Z
2026-09-09T21:47:24Z,2026-09-09T23:47:24+0200,f19b45ac-0251-46d0-96e4-b90fa933f9b1,2026-09-05T01:45:00Z,2026-09-05T03:45:00+0200,118.61,EUR/MWh,FR,FR,imbalance_price,Short,2026-09-09T21:53:38Z
2026-09-09T21:47:24Z,2026-09-09T23:47:24+0200,f19b45ac-0251-46d0-96e4-b90fa933f9b1,2026-09-05T02:00:00Z,2026-09-05T04:00:00+0200,108.18,EUR/MWh,FR,FR,imbalance_price,Long,2026-09-09T21:53:38Z
2026-09-09T21:47:24Z,2026-09-09T23:47:24+0200,f19b45ac-0251-46d0-96e4-b90fa933f9b1,2026-09-05T02:00:00Z,2026-09-05T04:00:00+0200,120.7,EUR/MWh,FR,FR,imbalance_price,Short,2026-09-09T21:53:38Z
2026-09-09T21:47:24Z,2026-09-09T23:47:24+0200,f19b45ac-0251-46d0-96e4-b90fa933f9b1,2026-09-05T02:15:00Z,2026-09-05T04:15:00+0200,97.85,EUR/MWh,FR,FR,imbalance_price,Long,2026-09-09T21:53:38Z
2026-09-09T21:47:24Z,2026-09-09T23:47:24+0200,f19b45ac-0251-46d0-96e4-b90fa933f9b1,2026-09-05T02:15:00Z,2026-09-05T04:15:00+0200,109.17,EUR/MWh,FR,FR,imbalance_price,Short,2026-09-09T21:53:38Z
2026-09-09T21:47:24Z,2026-09-09T23:47:24+0200,f19b45ac-0251-46d0-96e4-b90fa933f9b1,2026-09-05T02:30:00Z,2026-09-05T04:30:00+0200,49.89,EUR/MWh,FR,FR,imbalance_price,Long,2026-09-09T21:53:38Z
2026-09-09T21:47:24Z,2026-09-09T23:47:24+0200,f19b45ac-0251-46d0-96e4-b90fa933f9b1,2026-09-05T02:30:00Z,2026-09-05T04:30:00+0200,55.67,EUR/MWh,FR,FR,imbalance_price,Short,2026-09-09T21:53:38Z
2026-09-09T21:47:24Z,2026-09-09T23:47:24+0200,f19b45ac-0251-46d0-96e4-b90fa933f9b1,2026-09-05T02:45:00Z,2026-09-05T04:45:00+0200,51.07,EUR/MWh,FR,FR,imbalance_price,Long,2026-09-09T21:53:38Z
2026-09-09T21:47:24Z,2026-09-09T23:47:24+0200,f19b45ac-0251-46d0-96e4-b90fa933f9b1,2026-09-05T02:45:00Z,2026-09-05T04:45:00+0200,56.99,EUR/MWh,FR,FR,imbalance_price,Short,2026-09-09T21:53:38Z
2026-09-09T21:47:24Z,2026-09-09T23:47:24+0200,f19b45ac-0251-46d0-96e4-b90fa933f9b1,2026-09-05T03:00:00Z,2026-09-05T05:00:00+0200,7.23,EUR/MWh,FR,FR,imbalance_price,Long,2026-09-09T21:53:38Z
2026-09-09T21:47:24Z,2026-09-09T23:47:24+0200,f19b45ac-0251-46d0-96e4-b90fa933f9b1,2026-09-05T03:00:00Z,2026-09-05T05:00:00+0200,8.07,EUR/MWh,FR,FR,imbalance_price,Short,2026-09-09T21:53:38Z
2026-09-09T21:47:24Z,2026-09-09T23:47:24+0200,f19b45ac-0251-46d0-96e4-b90fa933f9b1,2026-09-05T03:15:00Z,2026-09-05T05:15:00+0200,7.23,EUR/MWh,FR,FR,imbalance_price,Long,2026-09-09T21:53:38Z
2026-09-09T21:47:24Z,2026-09-09T23:47:24+0200,f19b45ac-0251-46d0-96e4-b90fa933f9b1,2026-09-05T03:15:00Z,2026-09-05T05:15:00+0200,8.07,EUR/MWh,FR,FR,imbalance_price,Short,2026-09-09T21:53:38Z
2026-09-09T21:47:24Z,2026-09-09T23:47:24+0200,f19b45ac-0251-46d0-96e4-b90fa933f9b1,2026-09-05T03:30:00Z,2026-09-05T05:30:00+0200,7.23,EUR/MWh,FR,FR,imbalance_price,Long,2026-09-09T21:53:38Z
2026-09-09T21:47:24Z,2026-09-09T23:47:24+0200,f19b45ac-0251-46d0-96e4-b90fa933f9b1,2026-09-05T03:30:00Z,2026-09-05T05:30:00+0200,8.07,EUR/MWh,FR,FR,imbalance_price,Short,2026-09-09T21:53:38Z
2026-09-09T21:47:24Z,2026-09-09T23:47:24+0200,f19b45ac-0251-46d0-96e4-b90fa933f9b1,2026-09-05T03:45:00Z,2026-09-05T05:45:00+0200,7.23,EUR/MWh,FR,FR,imbalance_price,Long,2026-09-09T21:53:38Z
2026-09-09T21:47:24Z,2026-09-09T23:47:24+0200,f19b45ac-0251-46d0-96e4-b90fa933f9b1,2026-09-05T03:45:00Z,2026-09-05T05:45:00+0200,8.07,EUR/MWh,FR,FR,imbalance_price,Short,2026-09-09T21:53:38Z
2026-09-09T21:47:24Z,2026-09-09T23:47:24+0200,f19b45ac-0251-46d0-96e4-b90fa933f9b1,2026-09-05T04:00:00Z,2026-09-05T06:00:00+0200,7.23,EUR/MWh,FR,FR,imbalance_price,Long,2026-09-09T21:53:38Z
2026-09-09T21:47:24Z,2026-09-09T23:47:24+0200,f19b45ac-0251-46d0-96e4-b90fa933f9b1,2026-09-05T04:00:00Z,2026-09-05T06:00:00+0200,8.07,EUR/MWh,FR,FR,imbalance_price,Short,2026-09-09T21:53:38Z
2026-09-09T21:47:24Z,2026-09-09T23:47:24+0200,f19b45ac-0251-46d0-96e4-b90fa933f9b1,2026-09-05T04:15:00Z,2026-09-05T06:15:00+0200,0.28,EUR/MWh,FR,FR,imbalance_price,Long,2026-09-09T21:53:38Z
2026-09-09T21:47:24Z,2026-09-09T23:47:24+0200,f19b45ac-0251-46d0-96e4-b90fa933f9b1,2026-09-05T04:15:00Z,2026-09-05T06:15:00+0200,0.32,EUR/MWh,FR,FR,imbalance_price,Short,2026-09-09T21:53:38Z
2026-09-09T21:47:24Z,2026-09-09T23:47:24+0200,f19b45ac-0251-46d0-96e4-b90fa933f9b1,2026-09-05T04:30:00Z,2026-09-05T06:30:00+0200,17.22,EUR/MWh,FR,FR,imbalance_price,Long,2026-09-09T21:53:38Z
2026-09-09T21:47:24Z,2026-09-09T23:47:24+0200,f19b45ac-0251-46d0-96e4-b90fa933f9b1,2026-09-05T04:30:00Z,2026-09-05T06:30:00+0200,19.22,EUR/MWh,FR,FR,imbalance_price,Short,2026-09-09T21:53:38Z
2026-09-09T21:47:24Z,2026-09-09T23:47:24+0200,f19b45ac-0251-46d0-96e4-b90fa933f9b1,2026-09-05T04:45:00Z,2026-09-05T06:45:00+0200,23.27,EUR/MWh,FR,FR,imbalance_price,Long,2026-09-09T21:53:38Z
2026-09-09T21:47:24Z,2026-09-09T23:47:24+0200,f19b45ac-0251-46d0-96e4-b90fa933f9b1,2026-09-05T04:45:00Z,2026-09-05T06:45:00+0200,25.97,EUR/MWh,FR,FR,imbalance_price,Short,2026-09-09T21:53:38Z
2026-09-09T21:47:24Z,2026-09-09T23:47:24+0200,f19b45ac-0251-46d0-96e4-b90fa933f9b1,2026-09-05T05:00:00Z,2026-09-05T07:00:00+0200,44.79,EUR/MWh,FR,FR,imbalance_price,Long,2026-09-09T21:53:38Z
2026-09-09T21:47:24Z,2026-09-09T23:47:24+0200,f19b45ac-0251-46d0-96e4-b90fa933f9b1,2026-09-05T05:00:00Z,2026-09-05T07:00:00+0200,49.97,EUR/MWh,FR,FR,imbalance_price,Short,2026-09-09T21:53:38Z
2026-09-09T21:47:24Z,2026-09-09T23:47:24+0200,f19b45ac-0251-46d0-96e4-b90fa933f9b1,2026-09-05T05:15:00Z,2026-09-05T07:15:00+0200,48.57,EUR/MWh,FR,FR,imbalance_price,Long,2026-09-09T21:53:38Z
2026-09-09T21:47:24Z,2026-09-09T23:47:24+0200,f19b45ac-0251-46d0-96e4-b90fa933f9b1,2026-09-05T05:15:00Z,2026-09-05T07:15:00+0200,54.19,EUR/MWh,FR,FR,imbalance_price,Short,2026-09-09T21:53:38Z
2026-09-09T21:47:24Z,2026-09-09T23:47:24+0200,f19b45ac-0251-46d0-96e4-b90fa933f9b1,2026-09-05T05:30:00Z,2026-09-05T07:30:00+0200,5.14,EUR/MWh,FR,FR,imbalance_price,Long,2026-09-09T21:53:38Z
2026-09-09T21:47:24Z,2026-09-09T23:47:24+0200,f19b45ac-0251-46d0-96e4-b90fa933f9b1,2026-09-05T05:30:00Z,2026-09-05T07:30:00+0200,5.74,EUR/MWh,FR,FR,imbalance_price,Short,2026-09-09T21:53:38Z
2026-09-09T21:47:24Z,2026-09-09T23:47:24+0200,f19b45ac-0251-46d0-96e4-b90fa933f9b1,2026-09-05T05:45:00Z,2026-09-05T07:45:00+0200,39.0,EUR/MWh,FR,FR,imbalance_price,Long,2026-09-09T21:53:38Z
2026-09-09T21:47:24Z,2026-09-09T23:47:24+0200,f19b45ac-0251-46d0-96e4-b90fa933f9b1,2026-09-05T05:45:00Z,2026-09-05T07:45:00+0200,43.52,EUR/MWh,FR,FR,imbalance_price,Short,2026-09-09T21:53:38Z
2026-09-09T21:47:24Z,2026-09-09T23:47:24+0200,f19b45ac-0251-46d0-96e4-b90fa933f9b1,2026-09-05T06:00:00Z,2026-09-05T08:00:00+0200,1.03,EUR/MWh,FR,FR,imbalance_price,Long,2026-09-09T21:53:38Z
2026-09-09T21:47:24Z,2026-09-09T23:47:24+0200,f19b45ac-0251-46d0-96e4-b90fa933f9b1,2026-09-05T06:00:00Z,2026-09-05T08:00:00+0200,1.15,EUR/MWh,FR,FR,imbalance_price,Short,2026-09-09T21:53:38Z
2026-09-09T21:47:24Z,2026-09-09T23:47:24+0200,f19b45ac-0251-46d0-96e4-b90fa933f9b1,2026-09-05T06:15:00Z,2026-09-05T08:15:00+0200,-2.82,EUR/MWh,FR,FR,imbalance_price,Long,2026-09-09T21:53:38Z
2026-09-09T21:47:24Z,2026-09-09T23:47:24+0200,f19b45ac-0251-46d0-96e4-b90fa933f9b1,2026-09-05T06:15:00Z,2026-09-05T08:15:00+0200,-2.52,EUR/MWh,FR,FR,imbalance_price,Short,2026-09-09T21:53:38Z
2026-09-09T21:47:24Z,2026-09-09T23:47:24+0200,f19b45ac-0251-46d0-96e4-b90fa933f9b1,2026-09-05T06:30:00Z,2026-09-05T08:30:00+0200,11.62,EUR/MWh,FR,FR,imbalance_price,Long,2026-09-09T21:53:38Z
2026-09-09T21:47:24Z,2026-09-09T23:47:24+0200,f19b45ac-0251-46d0-96e4-b90fa933f9b1,2026-09-05T06:30:00Z,2026-09-05T08:30:00+0200,12.96,EUR/MWh,FR,FR,imbalance_price,Short,2026-09-09T21:53:38Z
2026-09-09T21:47:24Z,2026-09-09T23:47:24+0200,f19b45ac-0251-46d0-96e4-b90fa933f9b1,2026-09-05T06:45:00Z,2026-09-05T08:45:00+0200,30.72,EUR/MWh,FR,FR,imbalance_price,Long,2026-09-09T21:53:38Z
2026-09-09T21:47:24Z,2026-09-09T23:47:24+0200,f19b45ac-0251-46d0-96e4-b90fa933f9b1,2026-09-05T06:45:00Z,2026-09-05T08:45:00+0200,34.28,EUR/MWh,FR,FR,imbalance_price,Short,2026-09-09T21:53:38Z
2026-09-09T21:47:24Z,2026-09-09T23:47:24+0200,f19b45ac-0251-46d0-96e4-b90fa933f9b1,2026-09-05T07:00:00Z,2026-09-05T09:00:00+0200,-8.91,EUR/MWh,FR,FR,imbalance_price,Long,2026-09-09T21:53:38Z
2026-09-09T21:47:24Z,2026-09-09T23:47:24+0200,f19b45ac-0251-46d0-96e4-b90fa933f9b1,2026-09-05T07:00:00Z,2026-09-05T09:00:00+0200,-7.99,EUR/MWh,FR,FR,imbalance_price,Short,2026-09-09T21:53:38Z
2026-09-09T21:47:24Z,2026-09-09T23:47:24+0200,f19b45ac-0251-46d0-96e4-b90fa933f9b1,2026-09-05T07:15:00Z,2026-09-05T09:15:00+0200,16.26,EUR/MWh,FR,FR,imbalance_price,Long,2026-09-09T21:53:38Z
2026-09-09T21:47:24Z,2026-09-09T23:47:24+0200,f19b45ac-0251-46d0-96e4-b90fa933f9b1,2026-09-05T07:15:00Z,2026-09-05T09:15:00+0200,18.14,EUR/MWh,FR,FR,imbalance_price,Short,2026-09-09T21:53:38Z
2026-09-09T21:47:24Z,2026-09-09T23:47:24+0200,f19b45ac-0251-46d0-96e4-b90fa933f9b1,2026-09-05T07:30:00Z,2026-09-05T09:30:00+0200,34.6,EUR/MWh,FR,FR,imbalance_price,Long,2026-09-09T21:53:38Z
2026-09-09T21:47:24Z,2026-09-09T23:47:24+0200,f19b45ac-0251-46d0-96e4-b90fa933f9b1,2026-09-05T07:30:00Z,2026-09-05T09:30:00+0200,38.6,EUR/MWh,FR,FR,imbalance_price,Short,2026-09-09T21:53:38Z
2026-09-09T21:47:24Z,2026-09-09T23:47:24+0200,f19b45ac-0251-46d0-96e4-b90fa933f9b1,2026-09-05T07:45:00Z,2026-09-05T09:45:00+0200,24.07,EUR/MWh,FR,FR,imbalance_price,Long,2026-09-09T21:53:38Z
2026-09-09T21:47:24Z,2026-09-09T23:47:24+0200,f19b45ac-0251-46d0-96e4-b90fa933f9b1,2026-09-05T07:45:00Z,2026-09-05T09:45:00+0200,26.85,EUR/MWh,FR,FR,imbalance_price,Short,2026-09-09T21:53:38Z
2026-09-09T21:47:24Z,2026-09-09T23:47:24+0200,f19b45ac-0251-46d0-96e4-b90fa933f9b1,2026-09-05T08:00:00Z,2026-09-05T10:00:00+0200,-10.74,EUR/MWh,FR,FR,imbalance_price,Long,2026-09-09T21:53:38Z
2026-09-09T21:47:24Z,2026-09-09T23:47:24+0200,f19b45ac-0251-46d0-96e4-b90fa933f9b1,2026-09-05T08:00:00Z,2026-09-05T10:00:00+0200,-9.62,EUR/MWh,FR,FR,imbalance_price,Short,2026-09-09T21:53:38Z
2026-09-09T21:47:24Z,2026-09-09T23:47:24+0200,f19b45ac-0251-46d0-96e4-b90fa933f9b1,2026-09-05T08:15:00Z,2026-09-05T10:15:00+0200,6.03,EUR/MWh,FR,FR,imbalance_price,Long,2026-09-09T21:53:38Z
2026-09-09T21:47:24Z,2026-09-09T23:47:24+0200,f19b45ac-0251-46d0-96e4-b90fa933f9b1,2026-09-05T08:15:00Z,2026-09-05T10:15:00+0200,6.73,EUR/MWh,FR,FR,imbalance_price,Short,2026-09-09T21:53:38Z
2026-09-09T21:47:24Z,2026-09-09T23:47:24+0200,f19b45ac-0251-46d0-96e4-b90fa933f9b1,2026-09-05T08:30:00Z,2026-09-05T10:30:00+0200,61.26,EUR/MWh,FR,FR,imbalance_price,Long,2026-09-09T21:53:38Z
2026-09-09T21:47:24Z,2026-09-09T23:47:24+0200,f19b45ac-0251-46d0-96e4-b90fa933f9b1,2026-09-05T08:30:00Z,2026-09-05T10:30:00+0200,68.34,EUR/MWh,FR,FR,imbalance_price,Short,2026-09-09T21:53:38Z
2026-09-09T21:47:24Z,2026-09-09T23:47:24+0200,f19b45ac-0251-46d0-96e4-b90fa933f9b1,2026-09-05T08:45:00Z,2026-09-05T10:45:00+0200,-20.24,EUR/MWh,FR,FR,imbalance_price,Long,2026-09-09T21:53:38Z
2026-09-09T21:47:24Z,2026-09-09T23:47:24+0200,f19b45ac-0251-46d0-96e4-b90fa933f9b1,2026-09-05T08:45:00Z,2026-09-05T10:45:00+0200,-18.14,EUR/MWh,FR,FR,imbalance_price,Short,2026-09-09T21:53:38Z
2026-09-09T21:47:24Z,2026-09-09T23:47:24+0200,f19b45ac-0251-46d0-96e4-b90fa933f9b1,2026-09-05T09:00:00Z,2026-09-05T11:00:00+0200,-117.3,EUR/MWh,FR,FR,imbalance_price,Long,2026-09-09T21:53:38Z
2026-09-09T21:47:24Z,2026-09-09T23:47:24+0200,f19b45ac-0251-46d0-96e4-b90fa933f9b1,2026-09-05T09:00:00Z,2026-09-05T11:00:00+0200,-105.14,EUR/MWh,FR,FR,imbalance_price,Short,2026-09-09T21:53:38Z
2026-09-09T21:47:24Z,2026-09-09T23:47:24+0200,f19b45ac-0251-46d0-96e4-b90fa933f9b1,2026-09-05T09:15:00Z,2026-09-05T11:15:00+0200,-423.8,EUR/MWh,FR,FR,imbalance_price,Long,2026-09-09T21:53:38Z
2026-09-09T21:47:24Z,2026-09-09T23:47:24+0200,f19b45ac-0251-46d0-96e4-b90fa933f9b1,2026-09-05T09:15:00Z,2026-09-05T11:15:00+0200,-379.84,EUR/MWh,FR,FR,imbalance_price,Short,2026-09-09T21:53:38Z
2026-09-09T21:47:24Z,2026-09-09T23:47:24+0200,f19b45ac-0251-46d0-96e4-b90fa933f9b1,2026-09-05T09:30:00Z,2026-09-05T11:30:00+0200,-427.53,EUR/MWh,FR,FR,imbalance_price,Long,2026-09-09T21:53:38Z
2026-09-09T21:47:24Z,2026-09-09T23:47:24+0200,f19b45ac-0251-46d0-96e4-b90fa933f9b1,2026-09-05T09:30:00Z,2026-09-05T11:30:00+0200,-383.19,EUR/MWh,FR,FR,imbalance_price,Short,2026-09-09T21:53:38Z
2026-09-09T21:47:24Z,2026-09-09T23:47:24+0200,f19b45ac-0251-46d0-96e4-b90fa933f9b1,2026-09-05T09:45:00Z,2026-09-05T11:45:00+0200,-103.07,EUR/MWh,FR,FR,imbalance_price,Long,2026-09-09T21:53:38Z
2026-09-09T21:47:24Z,2026-09-09T23:47:24+0200,f19b45ac-0251-46d0-96e4-b90fa933f9b1,2026-09-05T09:45:00Z,2026-09-05T11:45:00+0200,-92.37,EUR/MWh,FR,FR,imbalance_price,Short,2026-09-09T21:53:38Z
2026-09-09T21:47:24Z,2026-09-09T23:47:24+0200,f19b45ac-0251-46d0-96e4-b90fa933f9b1,2026-09-05T10:00:00Z,2026-09-05T12:00:00+0200,-24.46,EUR/MWh,FR,FR,imbalance_price,Long,2026-09-09T21:53:38Z
2026-09-09T21:47:24Z,2026-09-09T23:47:24+0200,f19b45ac-0251-46d0-96e4-b90fa933f9b1,2026-09-05T10:00:00Z,2026-09-05T12:00:00+0200,-21.92,EUR/MWh,FR,FR,imbalance_price,Short,2026-09-09T21:53:38Z
2026-09-09T21:47:24Z,2026-09-09T23:47:24+0200,f19b45ac-0251-46d0-96e4-b90fa933f9b1,2026-09-05T10:15:00Z,2026-09-05T12:15:00+0200,-6.91,EUR/MWh,FR,FR,imbalance_price,Long,2026-09-09T21:53:38Z
2026-09-09T21:47:24Z,2026-09-09T23:47:24+0200,f19b45ac-0251-46d0-96e4-b90fa933f9b1,2026-09-05T10:15:00Z,2026-09-05T12:15:00+0200,-6.19,EUR/MWh,FR,FR,imbalance_price,Short,2026-09-09T21:53:38Z
2026-09-09T21:47:24Z,2026-09-09T23:47:24+0200,f19b45ac-0251-46d0-96e4-b90fa933f9b1,2026-09-05T10:30:00Z,2026-09-05T12:30:00+0200,0.95,EUR/MWh,FR,FR,imbalance_price,Long,2026-09-09T21:53:38Z
2026-09-09T21:47:24Z,2026-09-09T23:47:24+0200,f19b45ac-0251-46d0-96e4-b90fa933f9b1,2026-09-05T10:30:00Z,2026-09-05T12:30:00+0200,1.07,EUR/MWh,FR,FR,imbalance_price,Short,2026-09-09T21:53:38Z
2026-09-09T21:47:24Z,2026-09-09T23:47:24+0200,f19b45ac-0251-46d0-96e4-b90fa933f9b1,2026-09-05T10:45:00Z,2026-09-05T12:45:00+0200,-19.7,EUR/MWh,FR,FR,imbalance_price,Long,2026-09-09T21:53:38Z
2026-09-09T21:47:24Z,2026-09-09T23:47:24+0200,f19b45ac-0251-46d0-96e4-b90fa933f9b1,2026-09-05T10:45:00Z,2026-09-05T12:45:00+0200,-17.66,EUR/MWh,FR,FR,imbalance_price,Short,2026-09-09T21:53:38Z
2026-09-09T21:47:24Z,2026-09-09T23:47:24+0200,f19b45ac-0251-46d0-96e4-b90fa933f9b1,2026-09-05T11:00:00Z,2026-09-05T13:00:00+0200,-19.7,EUR/MWh,FR,FR,imbalance_price,Long,2026-09-09T21:53:38Z
2026-09-09T21:47:24Z,2026-09-09T23:47:24+0200,f19b45ac-0251-46d0-96e4-b90fa933f9b1,2026-09-05T11:00:00Z,2026-09-05T13:00:00+0200,-17.66,EUR/MWh,FR,FR,imbalance_price,Short,2026-09-09T21:53:38Z
2026-09-09T21:47:24Z,2026-09-09T23:47:24+0200,f19b45ac-0251-46d0-96e4-b90fa933f9b1,2026-09-05T11:15:00Z,2026-09-05T13:15:00+0200,-20.08,EUR/MWh,FR,FR,imbalance_price,Long,2026-09-09T21:53:38Z
2026-09-09T21:47:24Z,2026-09-09T23:47:24+0200,f19b45ac-0251-46d0-96e4-b90fa933f9b1,2026-09-05T11:15:00Z,2026-09-05T13:15:00+0200,-18.0,EUR/MWh,FR,FR,imbalance_price,Short,2026-09-09T21:53:38Z
2026-09-09T21:47:24Z,2026-09-09T23:47:24+0200,f19b45ac-0251-46d0-96e4-b90fa933f9b1,2026-09-05T11:30:00Z,2026-09-05T13:30:00+0200,-55.87,EUR/MWh,FR,FR,imbalance_price,Long,2026-09-09T21:53:38Z
2026-09-09T21:47:24Z,2026-09-09T23:47:24+0200,f19b45ac-0251-46d0-96e4-b90fa933f9b1,2026-09-05T11:30:00Z,2026-09-05T13:30:00+0200,-50.07,EUR/MWh,FR,FR,imbalance_price,Short,2026-09-09T21:53:38Z
2026-09-09T21:47:24Z,2026-09-09T23:47:24+0200,f19b45ac-0251-46d0-96e4-b90fa933f9b1,2026-09-05T11:45:00Z,2026-09-05T13:45:00+0200,-366.91,EUR/MWh,FR,FR,imbalance_price,Long,2026-09-09T21:53:38Z
2026-09-09T21:47:24Z,2026-09-09T23:47:24+0200,f19b45ac-0251-46d0-96e4-b90fa933f9b1,2026-09-05T11:45:00Z,2026-09-05T13:45:00+0200,-328.85,EUR/MWh,FR,FR,imbalance_price,Short,2026-09-09T21:53:38Z
2026-09-09T21:47:24Z,2026-09-09T23:47:24+0200,f19b45ac-0251-46d0-96e4-b90fa933f9b1,2026-09-05T12:00:00Z,2026-09-05T14:00:00+0200,-47.45,EUR/MWh,FR,FR,imbalance_price,Long,2026-09-09T21:53:38Z
2026-09-09T21:47:24Z,2026-09-09T23:47:24+0200,f19b45ac-0251-46d0-96e4-b90fa933f9b1,2026-09-05T12:00:00Z,2026-09-05T14:00:00+0200,-42.53,EUR/MWh,FR,FR,imbalance_price,Short,2026-09-09T21:53:38Z
2026-09-09T21:47:24Z,2026-09-09T23:47:24+0200,f19b45ac-0251-46d0-96e4-b90fa933f9b1,2026-09-05T12:15:00Z,2026-09-05T14:15:00+0200,-51.08,EUR/MWh,FR,FR,imbalance_price,Long,2026-09-09T21:53:38Z
2026-09-09T21:47:24Z,2026-09-09T23:47:24+0200,f19b45ac-0251-46d0-96e4-b90fa933f9b1,2026-09-05T12:15:00Z,2026-09-05T14:15:00+0200,-45.78,EUR/MWh,FR,FR,imbalance_price,Short,2026-09-09T21:53:38Z
2026-09-09T21:47:24Z,2026-09-09T23:47:24+0200,f19b45ac-0251-46d0-96e4-b90fa933f9b1,2026-09-05T12:30:00Z,2026-09-05T14:30:00+0200,-66.55,EUR/MWh,FR,FR,imbalance_price,Long,2026-09-09T21:53:38Z
2026-09-09T21:47:24Z,2026-09-09T23:47:24+0200,f19b45ac-0251-46d0-96e4-b90fa933f9b1,2026-09-05T12:30:00Z,2026-09-05T14:30:00+0200,-59.65,EUR/MWh,FR,FR,imbalance_price,Short,2026-09-09T21:53:38Z
2026-09-09T21:47:24Z,2026-09-09T23:47:24+0200,f19b45ac-0251-46d0-96e4-b90fa933f9b1,2026-09-05T12:45:00Z,2026-09-05T14:45:00+0200,-89.65,EUR/MWh,FR,FR,imbalance_price,Long,2026-09-09T21:53:38Z
2026-09-09T21:47:24Z,2026-09-09T23:47:24+0200,f19b45ac-0251-46d0-96e4-b90fa933f9b1,2026-09-05T12:45:00Z,2026-09-05T14:45:00+0200,-80.35,EUR/MWh,FR,FR,imbalance_price,Short,2026-09-09T21:53:38Z
2026-09-09T21:47:24Z,2026-09-09T23:47:24+0200,f19b45ac-0251-46d0-96e4-b90fa933f9b1,2026-09-05T13:00:00Z,2026-09-05T15:00:00+0200,-3.66,EUR/MWh,FR,FR,imbalance_price,Long,2026-09-09T21:53:38Z
2026-09-09T21:47:24Z,2026-09-09T23:47:24+0200,f19b45ac-0251-46d0-96e4-b90fa933f9b1,2026-09-05T13:00:00Z,2026-09-05T15:00:00+0200,-3.28,EUR/MWh,FR,FR,imbalance_price,Short,2026-09-09T21:53:38Z
2026-09-09T21:47:24Z,2026-09-09T23:47:24+0200,f19b45ac-0251-46d0-96e4-b90fa933f9b1,2026-09-05T13:15:00Z,2026-09-05T15:15:00+0200,-72.71,EUR/MWh,FR,FR,imbalance_price,Long,2026-09-09T21:53:38Z
2026-09-09T21:47:24Z,2026-09-09T23:47:24+0200,f19b45ac-0251-46d0-96e4-b90fa933f9b1,2026-09-05T13:15:00Z,2026-09-05T15:15:00+0200,-65.17,EUR/MWh,FR,FR,imbalance_price,Short,2026-09-09T21:53:38Z
2026-09-09T21:47:24Z,2026-09-09T23:47:24+0200,f19b45ac-0251-46d0-96e4-b90fa933f9b1,2026-09-05T13:30:00Z,2026-09-05T15:30:00+0200,-84.62,EUR/MWh,FR,FR,imbalance_price,Long,2026-09-09T21:53:38Z
2026-09-09T21:47:24Z,2026-09-09T23:47:24+0200,f19b45ac-0251-46d0-96e4-b90fa933f9b1,2026-09-05T13:30:00Z,2026-09-05T15:30:00+0200,-75.84,EUR/MWh,FR,FR,imbalance_price,Short,2026-09-09T21:53:38Z
2026-09-09T21:47:24Z,2026-09-09T23:47:24+0200,f19b45ac-0251-46d0-96e4-b90fa933f9b1,2026-09-05T13:45:00Z,2026-09-05T15:45:00+0200,-85.14,EUR/MWh,FR,FR,imbalance_price,Long,2026-09-09T21:53:38Z
2026-09-09T21:47:24Z,2026-09-09T23:47:24+0200,f19b45ac-0251-46d0-96e4-b90fa933f9b1,2026-09-05T13:45:00Z,2026-09-05T15:45:00+0200,-76.3,EUR/MWh,FR,FR,imbalance_price,Short,2026-09-09T21:53:38Z
2026-09-09T21:47:24Z,2026-09-09T23:47:24+0200,f19b45ac-0251-46d0-96e4-b90fa933f9b1,2026-09-05T14:00:00Z,2026-09-05T16:00:00+0200,-75.6,EUR/MWh,FR,FR,imbalance_price,Long,2026-09-09T21:53:38Z
2026-09-09T21:47:24Z,2026-09-09T23:47:24+0200,f19b45ac-0251-46d0-96e4-b90fa933f9b1,2026-09-05T14:00:00Z,2026-09-05T16:00:00+0200,-67.76,EUR/MWh,FR,FR,imbalance_price,Short,2026-09-09T21:53:38Z
2026-09-09T21:47:24Z,2026-09-09T23:47:24+0200,f19b45ac-0251-46d0-96e4-b90fa933f9b1,2026-09-05T14:15:00Z,2026-09-05T16:15:00+0200,-48.15,EUR/MWh,FR,FR,imbalance_price,Long,2026-09-09T21:53:38Z
2026-09-09T21:47:24Z,2026-09-09T23:47:24+0200,f19b45ac-0251-46d0-96e4-b90fa933f9b1,2026-09-05T14:15:00Z,2026-09-05T16:15:00+0200,-43.15,EUR/MWh,FR,FR,imbalance_price,Short,2026-09-09T21:53:38Z
2026-09-09T21:47:24Z,2026-09-09T23:47:24+0200,f19b45ac-0251-46d0-96e4-b90fa933f9b1,2026-09-05T14:30:00Z,2026-09-05T16:30:00+0200,8.14,EUR/MWh,FR,FR,imbalance_price,Long,2026-09-09T21:53:38Z
2026-09-09T21:47:24Z,2026-09-09T23:47:24+0200,f19b45ac-0251-46d0-96e4-b90fa933f9b1,2026-09-05T14:30:00Z,2026-09-05T16:30:00+0200,9.08,EUR/MWh,FR,FR,imbalance_price,Short,2026-09-09T21:53:38Z
2026-09-09T21:47:24Z,2026-09-09T23:47:24+0200,f19b45ac-0251-46d0-96e4-b90fa933f9b1,2026-09-05T14:45:00Z,2026-09-05T16:45:00+0200,10.8,EUR/MWh,FR,FR,imbalance_price,Long,2026-09-09T21:53:38Z
2026-09-09T21:47:24Z,2026-09-09T23:47:24+0200,f19b45ac-0251-46d0-96e4-b90fa933f9b1,2026-09-05T14:45:00Z,2026-09-05T16:45:00+0200,12.04,EUR/MWh,FR,FR,imbalance_price,Short,2026-09-09T21:53:38Z
2026-09-09T21:47:24Z,2026-09-09T23:47:24+0200,f19b45ac-0251-46d0-96e4-b90fa933f9b1,2026-09-05T15:00:00Z,2026-09-05T17:00:00+0200,6.88,EUR/MWh,FR,FR,imbalance_price,Long,2026-09-09T21:53:38Z
2026-09-09T21:47:24Z,2026-09-09T23:47:24+0200,f19b45ac-0251-46d0-96e4-b90fa933f9b1,2026-09-05T15:00:00Z,2026-09-05T17:00:00+0200,7.68,EUR/MWh,FR,FR,imbalance_price,Short,2026-09-09T21:53:38Z
2026-09-09T21:47:24Z,2026-09-09T23:47:24+0200,f19b45ac-0251-46d0-96e4-b90fa933f9b1,2026-09-05T15:15:00Z,2026-09-05T17:15:00+0200,28.06,EUR/MWh,FR,FR,imbalance_price,Long,2026-09-09T21:53:38Z
2026-09-09T21:47:24Z,2026-09-09T23:47:24+0200,f19b45ac-0251-46d0-96e4-b90fa933f9b1,2026-09-05T15:15:00Z,2026-09-05T17:15:00+0200,31.3,EUR/MWh,FR,FR,imbalance_price,Short,2026-09-09T21:53:38Z
2026-09-09T21:47:24Z,2026-09-09T23:47:24+0200,f19b45ac-0251-46d0-96e4-b90fa933f9b1,2026-09-05T15:30:00Z,2026-09-05T17:30:00+0200,7.06,EUR/MWh,FR,FR,imbalance_price,Long,2026-09-09T21:53:38Z
2026-09-09T21:47:24Z,2026-09-09T23:47:24+0200,f19b45ac-0251-46d0-96e4-b90fa933f9b1,2026-09-05T15:30:00Z,2026-09-05T17:30:00+0200,7.88,EUR/MWh,FR,FR,imbalance_price,Short,2026-09-09T21:53:38Z
2026-09-09T21:47:24Z,2026-09-09T23:47:24+0200,f19b45ac-0251-46d0-96e4-b90fa933f9b1,2026-09-05T15:45:00Z,2026-09-05T17:45:00+0200,32.75,EUR/MWh,FR,FR,imbalance_price,Long,2026-09-09T21:53:38Z
2026-09-09T21:47:24Z,2026-09-09T23:47:24+0200,f19b45ac-0251-46d0-96e4-b90fa933f9b1,2026-09-05T15:45:00Z,2026-09-05T17:45:00+0200,36.55,EUR/MWh,FR,FR,imbalance_price,Short,2026-09-09T21:53:38Z
2026-09-09T21:47:24Z,2026-09-09T23:47:24+0200,f19b45ac-0251-46d0-96e4-b90fa933f9b1,2026-09-05T16:00:00Z,2026-09-05T18:00:00+0200,28.17,EUR/MWh,FR,FR,imbalance_price,Long,2026-09-09T21:53:38Z
2026-09-09T21:47:24Z,2026-09-09T23:47:24+0200,f19b45ac-0251-46d0-96e4-b90fa933f9b1,2026-09-05T16:00:00Z,2026-09-05T18:00:00+0200,31.43,EUR/MWh,FR,FR,imbalance_price,Short,2026-09-09T21:53:38Z
2026-09-09T21:47:24Z,2026-09-09T23:47:24+0200,f19b45ac-0251-46d0-96e4-b90fa933f9b1,2026-09-05T16:15:00Z,2026-09-05T18:15:00+0200,39.83,EUR/MWh,FR,FR,imbalance_price,Long,2026-09-09T21:53:38Z
2026-09-09T21:47:24Z,2026-09-09T23:47:24+0200,f19b45ac-0251-46d0-96e4-b90fa933f9b1,2026-09-05T16:15:00Z,2026-09-05T18:15:00+0200,44.45,EUR/MWh,FR,FR,imbalance_price,Short,2026-09-09T21:53:38Z
2026-09-09T21:47:24Z,2026-09-09T23:47:24+0200,f19b45ac-0251-46d0-96e4-b90fa933f9b1,2026-09-05T16:30:00Z,2026-09-05T18:30:00+0200,6.05,EUR/MWh,FR,FR,imbalance_price,Long,2026-09-09T21:53:38Z
2026-09-09T21:47:24Z,2026-09-09T23:47:24+0200,f19b45ac-0251-46d0-96e4-b90fa933f9b1,2026-09-05T16:30:00Z,2026-09-05T18:30:00+0200,6.75,EUR/MWh,FR,FR,imbalance_price,Short,2026-09-09T21:53:38Z
2026-09-09T21:47:24Z,2026-09-09T23:47:24+0200,f19b45ac-0251-46d0-96e4-b90fa933f9b1,2026-09-05T16:45:00Z,2026-09-05T18:45:00+0200,5.81,EUR/MWh,FR,FR,imbalance_price,Long,2026-09-09T21:53:38Z
2026-09-09T21:47:24Z,2026-09-09T23:47:24+0200,f19b45ac-0251-46d0-96e4-b90fa933f9b1,2026-09-05T16:45:00Z,2026-09-05T18:45:00+0200,6.49,EUR/MWh,FR,FR,imbalance_price,Short,2026-09-09T21:53:38Z
2026-09-09T21:47:24Z,2026-09-09T23:47:24+0200,f19b45ac-0251-46d0-96e4-b90fa933f9b1,2026-09-05T17:00:00Z,2026-09-05T19:00:00+0200,15.33,EUR/MWh,FR,FR,imbalance_price,Long,2026-09-09T21:53:38Z
2026-09-09T21:47:24Z,2026-09-09T23:47:24+0200,f19b45ac-0251-46d0-96e4-b90fa933f9b1,2026-09-05T17:00:00Z,2026-09-05T19:00:00+0200,17.11,EUR/MWh,FR,FR,imbalance_price,Short,2026-09-09T21:53:38Z
2026-09-09T21:47:24Z,2026-09-09T23:47:24+0200,f19b45ac-0251-46d0-96e4-b90fa933f9b1,2026-09-05T17:15:00Z,2026-09-05T19:15:00+0200,7.46,EUR/MWh,FR,FR,imbalance_price,Long,2026-09-09T21:53:38Z
2026-09-09T21:47:24Z,2026-09-09T23:47:24+0200,f19b45ac-0251-46d0-96e4-b90fa933f9b1,2026-09-05T17:15:00Z,2026-09-05T19:15:00+0200,8.32,EUR/MWh,FR,FR,imbalance_price,Short,2026-09-09T21:53:38Z
2026-09-09T21:47:24Z,2026-09-09T23:47:24+0200,f19b45ac-0251-46d0-96e4-b90fa933f9b1,2026-09-05T17:30:00Z,2026-09-05T19:30:00+0200,5.29,EUR/MWh,FR,FR,imbalance_price,Long,2026-09-09T21:53:38Z
2026-09-09T21:47:24Z,2026-09-09T23:47:24+0200,f19b45ac-0251-46d0-96e4-b90fa933f9b1,2026-09-05T17:30:00Z,2026-09-05T19:30:00+0200,5.91,EUR/MWh,FR,FR,imbalance_price,Short,2026-09-09T21:53:38Z
2026-09-09T21:47:24Z,2026-09-09T23:47:24+0200,f19b45ac-0251-46d0-96e4-b90fa933f9b1,2026-09-05T17:45:00Z,2026-09-05T19:45:00+0200,121.51,EUR/MWh,FR,FR,imbalance_price,Long,2026-09-09T21:53:38Z
2026-09-09T21:47:24Z,2026-09-09T23:47:24+0200,f19b45ac-0251-46d0-96e4-b90fa933f9b1,2026-09-05T17:45:00Z,2026-09-05T19:45:00+0200,135.57,EUR/MWh,FR,FR,imbalance_price,Short,2026-09-09T21:53:38Z
2026-09-09T21:47:24Z,2026-09-09T23:47:24+0200,f19b45ac-0251-46d0-96e4-b90fa933f9b1,2026-09-05T18:00:00Z,2026-09-05T20:00:00+0200,144.14,EUR/MWh,FR,FR,imbalance_price,Long,2026-09-09T21:53:38Z
2026-09-09T21:47:24Z,2026-09-09T23:47:24+0200,f19b45ac-0251-46d0-96e4-b90fa933f9b1,2026-09-05T18:00:00Z,2026-09-05T20:00:00+0200,160.82,EUR/MWh,FR,FR,imbalance_price,Short,2026-09-09T21:53:38Z
2026-09-09T21:47:24Z,2026-09-09T23:47:24+0200,f19b45ac-0251-46d0-96e4-b90fa933f9b1,2026-09-05T18:15:00Z,2026-09-05T20:15:00+0200,37.81,EUR/MWh,FR,FR,imbalance_price,Long,2026-09-09T21:53:38Z
2026-09-09T21:47:24Z,2026-09-09T23:47:24+0200,f19b45ac-0251-46d0-96e4-b90fa933f9b1,2026-09-05T18:15:00Z,2026-09-05T20:15:00+0200,42.19,EUR/MWh,FR,FR,imbalance_price,Short,2026-09-09T21:53:38Z
2026-09-09T21:47:24Z,2026-09-09T23:47:24+0200,f19b45ac-0251-46d0-96e4-b90fa933f9b1,2026-09-05T18:30:00Z,2026-09-05T20:30:00+0200,56.72,EUR/MWh,FR,FR,imbalance_price,Long,2026-09-09T21:53:38Z
2026-09-09T21:47:24Z,2026-09-09T23:47:24+0200,f19b45ac-0251-46d0-96e4-b90fa933f9b1,2026-09-05T18:30:00Z,2026-09-05T20:30:00+0200,63.28,EUR/MWh,FR,FR,imbalance_price,Short,2026-09-09T21:53:38Z
2026-09-09T21:47:24Z,2026-09-09T23:47:24+0200,f19b45ac-0251-46d0-96e4-b90fa933f9b1,2026-09-05T18:45:00Z,2026-09-05T20:45:00+0200,142.01,EUR/MWh,FR,FR,imbalance_price,Long,2026-09-09T21:53:38Z
2026-09-09T21:47:24Z,2026-09-09T23:47:24+0200,f19b45ac-0251-46d0-96e4-b90fa933f9b1,2026-09-05T18:45:00Z,2026-09-05T20:45:00+0200,158.45,EUR/MWh,FR,FR,imbalance_price,Short,2026-09-09T21:53:38Z
2026-09-09T21:47:24Z,2026-09-09T23:47:24+0200,f19b45ac-0251-46d0-96e4-b90fa933f9b1,2026-09-05T19:00:00Z,2026-09-05T21:00:00+0200,165.78,EUR/MWh,FR,FR,imbalance_price,Long,2026-09-09T21:53:38Z
2026-09-09T21:47:24Z,2026-09-09T23:47:24+0200,f19b45ac-0251-46d0-96e4-b90fa933f9b1,2026-09-05T19:00:00Z,2026-09-05T21:00:00+0200,184.96,EUR/MWh,FR,FR,imbalance_price,Short,2026-09-09T21:53:38Z
2026-09-09T21:47:24Z,2026-09-09T23:47:24+0200,f19b45ac-0251-46d0-96e4-b90fa933f9b1,2026-09-05T19:15:00Z,2026-09-05T21:15:00+0200,172.73,EUR/MWh,FR,FR,imbalance_price,Long,2026-09-09T21:53:38Z
2026-09-09T21:47:24Z,2026-09-09T23:47:24+0200,f19b45ac-0251-46d0-96e4-b90fa933f9b1,2026-09-05T19:15:00Z,2026-09-05T21:15:00+0200,192.73,EUR/MWh,FR,FR,imbalance_price,Short,2026-09-09T21:53:38Z
2026-09-09T21:47:24Z,2026-09-09T23:47:24+0200,f19b45ac-0251-46d0-96e4-b90fa933f9b1,2026-09-05T19:30:00Z,2026-09-05T21:30:00+0200,175.84,EUR/MWh,FR,FR,imbalance_price,Long,2026-09-09T21:53:38Z
2026-09-09T21:47:24Z,2026-09-09T23:47:24+0200,f19b45ac-0251-46d0-96e4-b90fa933f9b1,2026-09-05T19:30:00Z,2026-09-05T21:30:00+0200,196.2,EUR/MWh,FR,FR,imbalance_price,Short,2026-09-09T21:53:38Z
2026-09-09T21:47:24Z,2026-09-09T23:47:24+0200,f19b45ac-0251-46d0-96e4-b90fa933f9b1,2026-09-05T19:45:00Z,2026-09-05T21:45:00+0200,24.56,EUR/MWh,FR,FR,imbalance_price,Long,2026-09-09T21:53:38Z
2026-09-09T21:47:24Z,2026-09-09T23:47:24+0200,f19b45ac-0251-46d0-96e4-b90fa933f9b1,2026-09-05T19:45:00Z,2026-09-05T21:45:00+0200,27.4,EUR/MWh,FR,FR,imbalance_price,Short,2026-09-09T21:53:38Z
2026-09-09T21:47:24Z,2026-09-09T23:47:24+0200,f19b45ac-0251-46d0-96e4-b90fa933f9b1,2026-09-05T20:00:00Z,2026-09-05T22:00:00+0200,172.7,EUR/MWh,FR,FR,imbalance_price,Long,2026-09-09T21:53:38Z
2026-09-09T21:47:24Z,2026-09-09T23:47:24+0200,f19b45ac-0251-46d0-96e4-b90fa933f9b1,2026-09-05T20:00:00Z,2026-09-05T22:00:00+0200,192.68,EUR/MWh,FR,FR,imbalance_price,Short,2026-09-09T21:53:38Z
2026-09-09T21:47:24Z,2026-09-09T23:47:24+0200,f19b45ac-0251-46d0-96e4-b90fa933f9b1,2026-09-05T20:15:00Z,2026-09-05T22:15:00+0200,178.53,EUR/MWh,FR,FR,imbalance_price,Long,2026-09-09T21:53:38Z
2026-09-09T21:47:24Z,2026-09-09T23:47:24+0200,f19b45ac-0251-46d0-96e4-b90fa933f9b1,2026-09-05T20:15:00Z,2026-09-05T22:15:00+0200,199.19,EUR/MWh,FR,FR,imbalance_price,Short,2026-09-09T21:53:38Z
2026-09-09T21:47:24Z,2026-09-09T23:47:24+0200,f19b45ac-0251-46d0-96e4-b90fa933f9b1,2026-09-05T20:30:00Z,2026-09-05T22:30:00+0200,164.4,EUR/MWh,FR,FR,imbalance_price,Long,2026-09-09T21:53:38Z
2026-09-09T21:47:24Z,2026-09-09T23:47:24+0200,f19b45ac-0251-46d0-96e4-b90fa933f9b1,2026-09-05T20:30:00Z,2026-09-05T22:30:00+0200,183.42,EUR/MWh,FR,FR,imbalance_price,Short,2026-09-09T21:53:38Z
2026-09-09T21:47:24Z,2026-09-09T23:47:24+0200,f19b45ac-0251-46d0-96e4-b90fa933f9b1,2026-09-05T20:45:00Z,2026-09-05T22:45:00+0200,174.37,EUR/MWh,FR,FR,imbalance_price,Long,2026-09-09T21:53:38Z
2026-09-09T21:47:24Z,2026-09-09T23:47:24+0200,f19b45ac-0251-46d0-96e4-b90fa933f9b1,2026-09-05T20:45:00Z,2026-09-05T22:45:00+0200,194.55,EUR/MWh,FR,FR,imbalance_price,Short,2026-09-09T21:53:38Z
2026-09-09T21:47:24Z,2026-09-09T23:47:24+0200,f19b45ac-0251-46d0-96e4-b90fa933f9b1,2026-09-05T21:00:00Z,2026-09-05T23:00:00+0200,175.03,EUR/MWh,FR,FR,imbalance_price,Long,2026-09-09T21:53:38Z
2026-09-09T21:47:24Z,2026-09-09T23:47:24+0200,f19b45ac-0251-46d0-96e4-b90fa933f9b1,2026-09-05T21:00:00Z,2026-09-05T23:00:00+0200,195.29,EUR/MWh,FR,FR,imbalance_price,Short,2026-09-09T21:53:38Z
2026-09-09T21:47:24Z,2026-09-09T23:47:24+0200,f19b45ac-0251-46d0-96e4-b90fa933f9b1,2026-09-05T21:15:00Z,2026-09-05T23:15:00+0200,179.54,EUR/MWh,FR,FR,imbalance_price,Long,2026-09-09T21:53:38Z
2026-09-09T21:47:24Z,2026-09-09T23:47:24+0200,f19b45ac-0251-46d0-96e4-b90fa933f9b1,2026-09-05T21:15:00Z,2026-09-05T23:15:00+0200,200.32,EUR/MWh,FR,FR,imbalance_price,Short,2026-09-09T21:53:38Z
2026-09-09T21:47:24Z,2026-09-09T23:47:24+0200,f19b45ac-0251-46d0-96e4-b90fa933f9b1,2026-09-05T21:30:00Z,2026-09-05T23:30:00+0200,169.21,EUR/MWh,FR,FR,imbalance_price,Long,2026-09-09T21:53:38Z
2026-09-09T21:47:24Z,2026-09-09T23:47:24+0200,f19b45ac-0251-46d0-96e4-b90fa933f9b1,2026-09-05T21:30:00Z,2026-09-05T23:30:00+0200,188.79,EUR/MWh,FR,FR,imbalance_price,Short,2026-09-09T21:53:38Z
2026-09-09T21:47:24Z,2026-09-09T23:47:24+0200,f19b45ac-0251-46d0-96e4-b90fa933f9b1,2026-09-05T21:45:00Z,2026-09-05T23:45:00+0200,169.02,EUR/MWh,FR,FR,imbalance_price,Long,2026-09-09T21:53:38Z
2026-09-09T21:47:24Z,2026-09-09T23:47:24+0200,f19b45ac-0251-46d0-96e4-b90fa933f9b1,2026-09-05T21:45:00Z,2026-09-05T23:45:00+0200,188.58,EUR/MWh,FR,FR,imbalance_price,Short,2026-09-09T21:53:38Z
2026-09-09T21:47:24Z,2026-09-09T23:47:24+0200,f19b45ac-0251-46d0-96e4-b90fa933f9b1,2026-09-05T22:00:00Z,2026-09-06T00:00:00+0200,127.51,EUR/MWh,FR,FR,imbalance_price,Long,2026-09-09T21:53:38Z
2026-09-09T21:47:24Z,2026-09-09T23:47:24+0200,f19b45ac-0251-46d0-96e4-b90fa933f9b1,2026-09-05T22:00:00Z,2026-09-06T00:00:00+0200,142.27,EUR/MWh,FR,FR,imbalance_price,Short,2026-09-09T21:53:38Z
2026-09-09T21:47:24Z,2026-09-09T23:47:24+0200,f19b45ac-0251-46d0-96e4-b90fa933f9b1,2026-09-05T22:15:00Z,2026-09-06T00:15:00+0200,144.46,EUR/MWh,FR,FR,imbalance_price,Long,2026-09-09T21:53:38Z
2026-09-09T21:47:24Z,2026-09-09T23:47:24+0200,f19b45ac-0251-46d0-96e4-b90fa933f9b1,2026-09-05T22:15:00Z,2026-09-06T00:15:00+0200,161.18,EUR/MWh,FR,FR,imbalance_price,Short,2026-09-09T21:53:38Z
2026-09-09T21:47:24Z,2026-09-09T23:47:24+0200,f19b45ac-0251-46d0-96e4-b90fa933f9b1,2026-09-05T22:30:00Z,2026-09-06T00:30:00+0200,125.73,EUR/MWh,FR,FR,imbalance_price,Long,2026-09-09T21:53:38Z
2026-09-09T21:47:24Z,2026-09-09T23:47:24+0200,f19b45ac-0251-46d0-96e4-b90fa933f9b1,2026-09-05T22:30:00Z,2026-09-06T00:30:00+0200,140.29,EUR/MWh,FR,FR,imbalance_price,Short,2026-09-09T21:53:38Z
2026-09-09T21:47:24Z,2026-09-09T23:47:24+0200,f19b45ac-0251-46d0-96e4-b90fa933f9b1,2026-09-05T22:45:00Z,2026-09-06T00:45:00+0200,142.64,EUR/MWh,FR,FR,imbalance_price,Long,2026-09-09T21:53:38Z
2026-09-09T21:47:24Z,2026-09-09T23:47:24+0200,f19b45ac-0251-46d0-96e4-b90fa933f9b1,2026-09-05T22:45:00Z,2026-09-06T00:45:00+0200,159.14,EUR/MWh,FR,FR,imbalance_price,Short,2026-09-09T21:53:38Z
2026-09-09T21:47:24Z,2026-09-09T23:47:24+0200,f19b45ac-0251-46d0-96e4-b90fa933f9b1,2026-09-05T23:00:00Z,2026-09-06T01:00:00+0200,179.41,EUR/MWh,FR,FR,imbalance_price,Long,2026-09-09T21:53:38Z
2026-09-09T21:47:24Z,2026-09-09T23:47:24+0200,f19b45ac-0251-46d0-96e4-b90fa933f9b1,2026-09-05T23:00:00Z,2026-09-06T01:00:00+0200,200.17,EUR/MWh,FR,FR,imbalance_price,Short,2026-09-09T21:53:38Z
2026-09-09T21:47:24Z,2026-09-09T23:47:24+0200,f19b45ac-0251-46d0-96e4-b90fa933f9b1,2026-09-05T23:15:00Z,2026-09-06T01:15:00+0200,181.54,EUR/MWh,FR,FR,imbalance_price,Long,2026-09-09T21:53:38Z
2026-09-09T21:47:24Z,2026-09-09T23:47:24+0200,f19b45ac-0251-46d0-96e4-b90fa933f9b1,2026-09-05T23:15:00Z,2026-09-06T01:15:00+0200,202.54,EUR/MWh,FR,FR,imbalance_price,Short,2026-09-09T21:53:38Z
2026-09-09T21:47:24Z,2026-09-09T23:47:24+0200,f19b45ac-0251-46d0-96e4-b90fa933f9b1,2026-09-05T23:30:00Z,2026-09-06T01:30:00+0200,186.74,EUR/MWh,FR,FR,imbalance_price,Long,2026-09-09T21:53:38Z
2026-09-09T21:47:24Z,2026-09-09T23:47:24+0200,f19b45ac-0251-46d0-96e4-b90fa933f9b1,2026-09-05T23:30:00Z,2026-09-06T01:30:00+0200,208.36,EUR/MWh,FR,FR,imbalance_price,Short,2026-09-09T21:53:38Z
2026-09-09T21:47:24Z,2026-09-09T23:47:24+0200,f19b45ac-0251-46d0-96e4-b90fa933f9b1,2026-09-05T23:45:00Z,2026-09-06T01:45:00+0200,189.34,EUR/MWh,FR,FR,imbalance_price,Long,2026-09-09T21:53:38Z
2026-09-09T21:47:24Z,2026-09-09T23:47:24+0200,f19b45ac-0251-46d0-96e4-b90fa933f9b1,2026-09-05T23:45:00Z,2026-09-06T01:45:00+0200,211.26,EUR/MWh,FR,FR,imbalance_price,Short,2026-09-09T21:53:38Z
2026-09-09T21:47:24Z,2026-09-09T23:47:24+0200,f19b45ac-0251-46d0-96e4-b90fa933f9b1,2026-09-06T00:00:00Z,2026-09-06T02:00:00+0200,154.95,EUR/MWh,FR,FR,imbalance_price,Long,2026-09-09T21:53:38Z
2026-09-09T21:47:24Z,2026-09-09T23:47:24+0200,f19b45ac-0251-46d0-96e4-b90fa933f9b1,2026-09-06T00:00:00Z,2026-09-06T02:00:00+0200,172.89,EUR/MWh,FR,FR,imbalance_price,Short,2026-09-09T21:53:38Z
2026-09-09T21:47:24Z,2026-09-09T23:47:24+0200,f19b45ac-0251-46d0-96e4-b90fa933f9b1,2026-09-06T00:15:00Z,2026-09-06T02:15:00+0200,111.03,EUR/MWh,FR,FR,imbalance_price,Long,2026-09-09T21:53:38Z
2026-09-09T21:47:24Z,2026-09-09T23:47:24+0200,f19b45ac-0251-46d0-96e4-b90fa933f9b1,2026-09-06T00:15:00Z,2026-09-06T02:15:00+0200,123.87,EUR/MWh,FR,FR,imbalance_price,Short,2026-09-09T21:53:38Z
2026-09-09T21:47:24Z,2026-09-09T23:47:24+0200,f19b45ac-0251-46d0-96e4-b90fa933f9b1,2026-09-06T00:30:00Z,2026-09-06T02:30:00+0200,85.68,EUR/MWh,FR,FR,imbalance_price,Long,2026-09-09T21:53:38Z
2026-09-09T21:47:24Z,2026-09-09T23:47:24+0200,f19b45ac-0251-46d0-96e4-b90fa933f9b1,2026-09-06T00:30:00Z,2026-09-06T02:30:00+0200,95.6,EUR/MWh,FR,FR,imbalance_price,Short,2026-09-09T21:53:38Z
2026-09-09T21:47:24Z,2026-09-09T23:47:24+0200,f19b45ac-0251-46d0-96e4-b90fa933f9b1,2026-09-06T00:45:00Z,2026-09-06T02:45:00+0200,68.34,EUR/MWh,FR,FR,imbalance_price,Long,2026-09-09T21:53:38Z
2026-09-09T21:47:24Z,2026-09-09T23:47:24+0200,f19b45ac-0251-46d0-96e4-b90fa933f9b1,2026-09-06T00:45:00Z,2026-09-06T02:45:00+0200,76.24,EUR/MWh,FR,FR,imbalance_price,Short,2026-09-09T21:53:38Z
2026-09-09T21:47:24Z,2026-09-09T23:47:24+0200,f19b45ac-0251-46d0-96e4-b90fa933f9b1,2026-09-06T01:00:00Z,2026-09-06T03:00:00+0200,77.05,EUR/MWh,FR,FR,imbalance_price,Long,2026-09-09T21:53:38Z
2026-09-09T21:47:24Z,2026-09-09T23:47:24+0200,f19b45ac-0251-46d0-96e4-b90fa933f9b1,2026-09-06T01:00:00Z,2026-09-06T03:00:00+0200,85.97,EUR/MWh,FR,FR,imbalance_price,Short,2026-09-09T21:53:38Z
2026-09-09T21:47:24Z,2026-09-09T23:47:24+0200,f19b45ac-0251-46d0-96e4-b90fa933f9b1,2026-09-06T01:15:00Z,2026-09-06T03:15:00+0200,55.57,EUR/MWh,FR,FR,imbalance_price,Long,2026-09-09T21:53:38Z
2026-09-09T21:47:24Z,2026-09-09T23:47:24+0200,f19b45ac-0251-46d0-96e4-b90fa933f9b1,2026-09-06T01:15:00Z,2026-09-06T03:15:00+0200,62.01,EUR/MWh,FR,FR,imbalance_price,Short,2026-09-09T21:53:38Z
2026-09-09T21:47:24Z,2026-09-09T23:47:24+0200,f19b45ac-0251-46d0-96e4-b90fa933f9b1,2026-09-06T01:30:00Z,2026-09-06T03:30:00+0200,87.93,EUR/MWh,FR,FR,imbalance_price,Long,2026-09-09T21:53:38Z
2026-09-09T21:47:24Z,2026-09-09T23:47:24+0200,f19b45ac-0251-46d0-96e4-b90fa933f9b1,2026-09-06T01:30:00Z,2026-09-06T03:30:00+0200,98.11,EUR/MWh,FR,FR,imbalance_price,Short,2026-09-09T21:53:38Z
2026-09-09T21:47:24Z,2026-09-09T23:47:24+0200,f19b45ac-0251-46d0-96e4-b90fa933f9b1,2026-09-06T01:45:00Z,2026-09-06T03:45:00+0200,76.99,EUR/MWh,FR,FR,imbalance_price,Long,2026-09-09T21:53:38Z
2026-09-09T21:47:24Z,2026-09-09T23:47:24+0200,f19b45ac-0251-46d0-96e4-b90fa933f9b1,2026-09-06T01:45:00Z,2026-09-06T03:45:00+0200,85.89,EUR/MWh,FR,FR,imbalance_price,Short,2026-09-09T21:53:38Z
2026-09-09T21:47:24Z,2026-09-09T23:47:24+0200,f19b45ac-0251-46d0-96e4-b90fa933f9b1,2026-09-06T02:00:00Z,2026-09-06T04:00:00+0200,95.98,EUR/MWh,FR,FR,imbalance_price,Long,2026-09-09T21:53:38Z
2026-09-09T21:47:24Z,2026-09-09T23:47:24+0200,f19b45ac-0251-46d0-96e4-b90fa933f9b1,2026-09-06T02:00:00Z,2026-09-06T04:00:00+0200,107.08,EUR/MWh,FR,FR,imbalance_price,Short,2026-09-09T21:53:38Z
2026-09-09T21:47:24Z,2026-09-09T23:47:24+0200,f19b45ac-0251-46d0-96e4-b90fa933f9b1,2026-09-06T02:15:00Z,2026-09-06T04:15:00+0200,56.92,EUR/MWh,FR,FR,imbalance_price,Long,2026-09-09T21:53:38Z
2026-09-09T21:47:24Z,2026-09-09T23:47:24+0200,f19b45ac-0251-46d0-96e4-b90fa933f9b1,2026-09-06T02:15:00Z,2026-09-06T04:15:00+0200,63.5,EUR/MWh,FR,FR,imbalance_price,Short,2026-09-09T21:53:38Z
2026-09-09T21:47:24Z,2026-09-09T23:47:24+0200,f19b45ac-0251-46d0-96e4-b90fa933f9b1,2026-09-06T02:30:00Z,2026-09-06T04:30:00+0200,78.68,EUR/MWh,FR,FR,imbalance_price,Long,2026-09-09T21:53:38Z
2026-09-09T21:47:24Z,2026-09-09T23:47:24+0200,f19b45ac-0251-46d0-96e4-b90fa933f9b1,2026-09-06T02:30:00Z,2026-09-06T04:30:00+0200,87.78,EUR/MWh,FR,FR,imbalance_price,Short,2026-09-09T21:53:38Z
2026-09-09T21:47:24Z,2026-09-09T23:47:24+0200,f19b45ac-0251-46d0-96e4-b90fa933f9b1,2026-09-06T02:45:00Z,2026-09-06T04:45:00+0200,79.86,EUR/MWh,FR,FR,imbalance_price,Long,2026-09-09T21:53:38Z
2026-09-09T21:47:24Z,2026-09-09T23:47:24+0200,f19b45ac-0251-46d0-96e4-b90fa933f9b1,2026-09-06T02:45:00Z,2026-09-06T04:45:00+0200,89.1,EUR/MWh,FR,FR,imbalance_price,Short,2026-09-09T21:53:38Z
2026-09-09T21:47:24Z,2026-09-09T23:47:24+0200,f19b45ac-0251-46d0-96e4-b90fa933f9b1,2026-09-06T03:00:00Z,2026-09-06T05:00:00+0200,55.57,EUR/MWh,FR,FR,imbalance_price,Long,2026-09-09T21:53:38Z
2026-09-09T21:47:24Z,2026-09-09T23:47:24+0200,f19b45ac-0251-46d0-96e4-b90fa933f9b1,2026-09-06T03:00:00Z,2026-09-06T05:00:00+0200,62.01,EUR/MWh,FR,FR,imbalance_price,Short,2026-09-09T21:53:38Z
2026-09-09T21:47:24Z,2026-09-09T23:47:24+0200,f19b45ac-0251-46d0-96e4-b90fa933f9b1,2026-09-06T03:15:00Z,2026-09-06T05:15:00+0200,56.43,EUR/MWh,FR,FR,imbalance_price,Long,2026-09-09T21:53:38Z
2026-09-09T21:47:24Z,2026-09-09T23:47:24+0200,f19b45ac-0251-46d0-96e4-b90fa933f9b1,2026-09-06T03:15:00Z,2026-09-06T05:15:00+0200,62.97,EUR/MWh,FR,FR,imbalance_price,Short,2026-09-09T21:53:38Z
2026-09-09T21:47:24Z,2026-09-09T23:47:24+0200,f19b45ac-0251-46d0-96e4-b90fa933f9b1,2026-09-06T03:30:00Z,2026-09-06T05:30:00+0200,59.98,EUR/MWh,FR,FR,imbalance_price,Long,2026-09-09T21:53:38Z
2026-09-09T21:47:24Z,2026-09-09T23:47:24+0200,f19b45ac-0251-46d0-96e4-b90fa933f9b1,2026-09-06T03:30:00Z,2026-09-06T05:30:00+0200,66.92,EUR/MWh,FR,FR,imbalance_price,Short,2026-09-09T21:53:38Z
2026-09-09T21:47:24Z,2026-09-09T23:47:24+0200,f19b45ac-0251-46d0-96e4-b90fa933f9b1,2026-09-06T03:45:00Z,2026-09-06T05:45:00+0200,57.0,EUR/MWh,FR,FR,imbalance_price,Long,2026-09-09T21:53:38Z
2026-09-09T21:47:24Z,2026-09-09T23:47:24+0200,f19b45ac-0251-46d0-96e4-b90fa933f9b1,2026-09-06T03:45:00Z,2026-09-06T05:45:00+0200,63.6,EUR/MWh,FR,FR,imbalance_price,Short,2026-09-09T21:53:38Z
2026-09-09T21:47:24Z,2026-09-09T23:47:24+0200,f19b45ac-0251-46d0-96e4-b90fa933f9b1,2026-09-06T04:00:00Z,2026-09-06T06:00:00+0200,79.41,EUR/MWh,FR,FR,imbalance_price,Long,2026-09-09T21:53:38Z
2026-09-09T21:47:24Z,2026-09-09T23:47:24+0200,f19b45ac-0251-46d0-96e4-b90fa933f9b1,2026-09-06T04:00:00Z,2026-09-06T06:00:00+0200,88.61,EUR/MWh,FR,FR,imbalance_price,Short,2026-09-09T21:53:38Z
2026-09-09T21:47:24Z,2026-09-09T23:47:24+0200,f19b45ac-0251-46d0-96e4-b90fa933f9b1,2026-09-06T04:15:00Z,2026-09-06T06:15:00+0200,39.64,EUR/MWh,FR,FR,imbalance_price,Long,2026-09-09T21:53:38Z
2026-09-09T21:47:24Z,2026-09-09T23:47:24+0200,f19b45ac-0251-46d0-96e4-b90fa933f9b1,2026-09-06T04:15:00Z,2026-09-06T06:15:00+0200,44.22,EUR/MWh,FR,FR,imbalance_price,Short,2026-09-09T21:53:38Z
2026-09-09T21:47:24Z,2026-09-09T23:47:24+0200,f19b45ac-0251-46d0-96e4-b90fa933f9b1,2026-09-06T04:30:00Z,2026-09-06T06:30:00+0200,23.39,EUR/MWh,FR,FR,imbalance_price,Long,2026-09-09T21:53:38Z
2026-09-09T21:47:24Z,2026-09-09T23:47:24+0200,f19b45ac-0251-46d0-96e4-b90fa933f9b1,2026-09-06T04:30:00Z,2026-09-06T06:30:00+0200,26.09,EUR/MWh,FR,FR,imbalance_price,Short,2026-09-09T21:53:38Z
2026-09-09T21:47:24Z,2026-09-09T23:47:24+0200,f19b45ac-0251-46d0-96e4-b90fa933f9b1,2026-09-06T04:45:00Z,2026-09-06T06:45:00+0200,21.69,EUR/MWh,FR,FR,imbalance_price,Long,2026-09-09T21:53:38Z
2026-09-09T21:47:24Z,2026-09-09T23:47:24+0200,f19b45ac-0251-46d0-96e4-b90fa933f9b1,2026-09-06T04:45:00Z,2026-09-06T06:45:00+0200,24.19,EUR/MWh,FR,FR,imbalance_price,Short,2026-09-09T21:53:38Z
2026-09-09T21:47:24Z,2026-09-09T23:47:24+0200,f19b45ac-0251-46d0-96e4-b90fa933f9b1,2026-09-06T05:00:00Z,2026-09-06T07:00:00+0200,0.6,EUR/MWh,FR,FR,imbalance_price,Long,2026-09-09T21:53:38Z
2026-09-09T21:47:24Z,2026-09-09T23:47:24+0200,f19b45ac-0251-46d0-96e4-b90fa933f9b1,2026-09-06T05:00:00Z,2026-09-06T07:00:00+0200,0.66,EUR/MWh,FR,FR,imbalance_price,Short,2026-09-09T21:53:38Z
2026-09-09T21:47:24Z,2026-09-09T23:47:24+0200,f19b45ac-0251-46d0-96e4-b90fa933f9b1,2026-09-06T05:15:00Z,2026-09-06T07:15:00+0200,-10.39,EUR/MWh,FR,FR,imbalance_price,Long,2026-09-09T21:53:38Z
2026-09-09T21:47:24Z,2026-09-09T23:47:24+0200,f19b45ac-0251-46d0-96e4-b90fa933f9b1,2026-09-06T05:15:00Z,2026-09-06T07:15:00+0200,-9.31,EUR/MWh,FR,FR,imbalance_price,Short,2026-09-09T21:53:38Z
2026-09-09T21:47:24Z,2026-09-09T23:47:24+0200,f19b45ac-0251-46d0-96e4-b90fa933f9b1,2026-09-06T05:30:00Z,2026-09-06T07:30:00+0200,-10.39,EUR/MWh,FR,FR,imbalance_price,Long,2026-09-09T21:53:38Z
2026-09-09T21:47:24Z,2026-09-09T23:47:24+0200,f19b45ac-0251-46d0-96e4-b90fa933f9b1,2026-09-06T05:30:00Z,2026-09-06T07:30:00+0200,-9.31,EUR/MWh,FR,FR,imbalance_price,Short,2026-09-09T21:53:38Z
2026-09-09T21:47:24Z,2026-09-09T23:47:24+0200,f19b45ac-0251-46d0-96e4-b90fa933f9b1,2026-09-06T05:45:00Z,2026-09-06T07:45:00+0200,58.5,EUR/MWh,FR,FR,imbalance_price,Long,2026-09-09T21:53:38Z
2026-09-09T21:47:24Z,2026-09-09T23:47:24+0200,f19b45ac-0251-46d0-96e4-b90fa933f9b1,2026-09-06T05:45:00Z,2026-09-06T07:45:00+0200,65.28,EUR/MWh,FR,FR,imbalance_price,Short,2026-09-09T21:53:38Z
2026-09-09T21:47:24Z,2026-09-09T23:47:24+0200,f19b45ac-0251-46d0-96e4-b90fa933f9b1,2026-09-06T06:00:00Z,2026-09-06T08:00:00+0200,32.99,EUR/MWh,FR,FR,imbalance_price,Long,2026-09-09T21:53:38Z
2026-09-09T21:47:24Z,2026-09-09T23:47:24+0200,f19b45ac-0251-46d0-96e4-b90fa933f9b1,2026-09-06T06:00:00Z,2026-09-06T08:00:00+0200,36.81,EUR/MWh,FR,FR,imbalance_price,Short,2026-09-09T21:53:38Z
2026-09-09T21:47:24Z,2026-09-09T23:47:24+0200,f19b45ac-0251-46d0-96e4-b90fa933f9b1,2026-09-06T06:15:00Z,2026-09-06T08:15:00+0200,9.52,EUR/MWh,FR,FR,imbalance_price,Long,2026-09-09T21:53:38Z
2026-09-09T21:47:24Z,2026-09-09T23:47:24+0200,f19b45ac-0251-46d0-96e4-b90fa933f9b1,2026-09-06T06:15:00Z,2026-09-06T08:15:00+0200,10.62,EUR/MWh,FR,FR,imbalance_price,Short,2026-09-09T21:53:38Z
2026-09-09T21:47:24Z,2026-09-09T23:47:24+0200,f19b45ac-0251-46d0-96e4-b90fa933f9b1,2026-09-06T06:30:00Z,2026-09-06T08:30:00+0200,9.15,EUR/MWh,FR,FR,imbalance_price,Long,2026-09-09T21:53:38Z
2026-09-09T21:47:24Z,2026-09-09T23:47:24+0200,f19b45ac-0251-46d0-96e4-b90fa933f9b1,2026-09-06T06:30:00Z,2026-09-06T08:30:00+0200,10.21,EUR/MWh,FR,FR,imbalance_price,Short,2026-09-09T21:53:38Z
2026-09-09T21:47:24Z,2026-09-09T23:47:24+0200,f19b45ac-0251-46d0-96e4-b90fa933f9b1,2026-09-06T06:45:00Z,2026-09-06T08:45:00+0200,7.34,EUR/MWh,FR,FR,imbalance_price,Long,2026-09-09T21:53:38Z
2026-09-09T21:47:24Z,2026-09-09T23:47:24+0200,f19b45ac-0251-46d0-96e4-b90fa933f9b1,2026-09-06T06:45:00Z,2026-09-06T08:45:00+0200,8.18,EUR/MWh,FR,FR,imbalance_price,Short,2026-09-09T21:53:38Z
2026-09-09T21:47:24Z,2026-09-09T23:47:24+0200,f19b45ac-0251-46d0-96e4-b90fa933f9b1,2026-09-06T07:00:00Z,2026-09-06T09:00:00+0200,4.53,EUR/MWh,FR,FR,imbalance_price,Long,2026-09-09T21:53:38Z
2026-09-09T21:47:24Z,2026-09-09T23:47:24+0200,f19b45ac-0251-46d0-96e4-b90fa933f9b1,2026-09-06T07:00:00Z,2026-09-06T09:00:00+0200,5.05,EUR/MWh,FR,FR,imbalance_price,Short,2026-09-09T21:53:38Z
2026-09-09T21:47:24Z,2026-09-09T23:47:24+0200,f19b45ac-0251-46d0-96e4-b90fa933f9b1,2026-09-06T07:15:00Z,2026-09-06T09:15:00+0200,3.1,EUR/MWh,FR,FR,imbalance_price,Long,2026-09-09T21:53:38Z
2026-09-09T21:47:24Z,2026-09-09T23:47:24+0200,f19b45ac-0251-46d0-96e4-b90fa933f9b1,2026-09-06T07:15:00Z,2026-09-06T09:15:00+0200,3.46,EUR/MWh,FR,FR,imbalance_price,Short,2026-09-09T21:53:38Z
2026-09-09T21:47:24Z,2026-09-09T23:47:24+0200,f19b45ac-0251-46d0-96e4-b90fa933f9b1,2026-09-06T07:30:00Z,2026-09-06T09:30:00+0200,4.21,EUR/MWh,FR,FR,imbalance_price,Long,2026-09-09T21:53:38Z
2026-09-09T21:47:24Z,2026-09-09T23:47:24+0200,f19b45ac-0251-46d0-96e4-b90fa933f9b1,2026-09-06T07:30:00Z,2026-09-06T09:30:00+0200,4.69,EUR/MWh,FR,FR,imbalance_price,Short,2026-09-09T21:53:38Z
2026-09-09T21:47:24Z,2026-09-09T23:47:24+0200,f19b45ac-0251-46d0-96e4-b90fa933f9b1,2026-09-06T07:45:00Z,2026-09-06T09:45:00+0200,-8.13,EUR/MWh,FR,FR,imbalance_price,Long,2026-09-09T21:53:38Z
2026-09-09T21:47:24Z,2026-09-09T23:47:24+0200,f19b45ac-0251-46d0-96e4-b90fa933f9b1,2026-09-06T07:45:00Z,2026-09-06T09:45:00+0200,-7.29,EUR/MWh,FR,FR,imbalance_price,Short,2026-09-09T21:53:38Z
2026-09-09T21:47:24Z,2026-09-09T23:47:24+0200,f19b45ac-0251-46d0-96e4-b90fa933f9b1,2026-09-06T08:00:00Z,2026-09-06T10:00:00+0200,-12.59,EUR/MWh,FR,FR,imbalance_price,Long,2026-09-09T21:53:38Z
2026-09-09T21:47:24Z,2026-09-09T23:47:24+0200,f19b45ac-0251-46d0-96e4-b90fa933f9b1,2026-09-06T08:00:00Z,2026-09-06T10:00:00+0200,-11.29,EUR/MWh,FR,FR,imbalance_price,Short,2026-09-09T21:53:38Z
2026-09-09T21:47:24Z,2026-09-09T23:47:24+0200,f19b45ac-0251-46d0-96e4-b90fa933f9b1,2026-09-06T08:15:00Z,2026-09-06T10:15:00+0200,-26.58,EUR/MWh,FR,FR,imbalance_price,Long,2026-09-09T21:53:38Z
2026-09-09T21:47:24Z,2026-09-09T23:47:24+0200,f19b45ac-0251-46d0-96e4-b90fa933f9b1,2026-09-06T08:15:00Z,2026-09-06T10:15:00+0200,-23.82,EUR/MWh,FR,FR,imbalance_price,Short,2026-09-09T21:53:38Z
2026-09-09T21:47:24Z,2026-09-09T23:47:24+0200,f19b45ac-0251-46d0-96e4-b90fa933f9b1,2026-09-06T08:30:00Z,2026-09-06T10:30:00+0200,-20.76,EUR/MWh,FR,FR,imbalance_price,Long,2026-09-09T21:53:38Z
2026-09-09T21:47:24Z,2026-09-09T23:47:24+0200,f19b45ac-0251-46d0-96e4-b90fa933f9b1,2026-09-06T08:30:00Z,2026-09-06T10:30:00+0200,-18.6,EUR/MWh,FR,FR,imbalance_price,Short,2026-09-09T21:53:38Z
2026-09-09T21:47:24Z,2026-09-09T23:47:24+0200,f19b45ac-0251-46d0-96e4-b90fa933f9b1,2026-09-06T08:45:00Z,2026-09-06T10:45:00+0200,-26.17,EUR/MWh,FR,FR,imbalance_price,Long,2026-09-09T21:53:38Z
2026-09-09T21:47:24Z,2026-09-09T23:47:24+0200,f19b45ac-0251-46d0-96e4-b90fa933f9b1,2026-09-06T08:45:00Z,2026-09-06T10:45:00+0200,-23.45,EUR/MWh,FR,FR,imbalance_price,Short,2026-09-09T21:53:38Z
2026-09-09T21:47:24Z,2026-09-09T23:47:24+0200,f19b45ac-0251-46d0-96e4-b90fa933f9b1,2026-09-06T09:00:00Z,2026-09-06T11:00:00+0200,-54.87,EUR/MWh,FR,FR,imbalance_price,Long,2026-09-09T21:53:38Z
2026-09-09T21:47:24Z,2026-09-09T23:47:24+0200,f19b45ac-0251-46d0-96e4-b90fa933f9b1,2026-09-06T09:00:00Z,2026-09-06T11:00:00+0200,-49.17,EUR/MWh,FR,FR,imbalance_price,Short,2026-09-09T21:53:38Z
2026-09-09T21:47:24Z,2026-09-09T23:47:24+0200,f19b45ac-0251-46d0-96e4-b90fa933f9b1,2026-09-06T09:15:00Z,2026-09-06T11:15:00+0200,-469.8,EUR/MWh,FR,FR,imbalance_price,Long,2026-09-09T21:53:38Z
2026-09-09T21:47:24Z,2026-09-09T23:47:24+0200,f19b45ac-0251-46d0-96e4-b90fa933f9b1,2026-09-06T09:15:00Z,2026-09-06T11:15:00+0200,-421.06,EUR/MWh,FR,FR,imbalance_price,Short,2026-09-09T21:53:38Z
2026-09-09T21:47:24Z,2026-09-09T23:47:24+0200,f19b45ac-0251-46d0-96e4-b90fa933f9b1,2026-09-06T09:30:00Z,2026-09-06T11:30:00+0200,-25.85,EUR/MWh,FR,FR,imbalance_price,Long,2026-09-09T21:53:38Z
2026-09-09T21:47:24Z,2026-09-09T23:47:24+0200,f19b45ac-0251-46d0-96e4-b90fa933f9b1,2026-09-06T09:30:00Z,2026-09-06T11:30:00+0200,-23.17,EUR/MWh,FR,FR,imbalance_price,Short,2026-09-09T21:53:38Z
2026-09-09T21:47:24Z,2026-09-09T23:47:24+0200,f19b45ac-0251-46d0-96e4-b90fa933f9b1,2026-09-06T09:45:00Z,2026-09-06T11:45:00+0200,-2.54,EUR/MWh,FR,FR,imbalance_price,Long,2026-09-09T21:53:38Z
2026-09-09T21:47:24Z,2026-09-09T23:47:24+0200,f19b45ac-0251-46d0-96e4-b90fa933f9b1,2026-09-06T09:45:00Z,2026-09-06T11:45:00+0200,-2.28,EUR/MWh,FR,FR,imbalance_price,Short,2026-09-09T21:53:38Z
2026-09-09T21:47:24Z,2026-09-09T23:47:24+0200,f19b45ac-0251-46d0-96e4-b90fa933f9b1,2026-09-06T10:00:00Z,2026-09-06T12:00:00+0200,-12.91,EUR/MWh,FR,FR,imbalance_price,Long,2026-09-09T21:53:38Z
2026-09-09T21:47:24Z,2026-09-09T23:47:24+0200,f19b45ac-0251-46d0-96e4-b90fa933f9b1,2026-09-06T10:00:00Z,2026-09-06T12:00:00+0200,-11.57,EUR/MWh,FR,FR,imbalance_price,Short,2026-09-09T21:53:38Z
2026-09-09T21:47:24Z,2026-09-09T23:47:24+0200,f19b45ac-0251-46d0-96e4-b90fa933f9b1,2026-09-06T10:15:00Z,2026-09-06T12:15:00+0200,-24.29,EUR/MWh,FR,FR,imbalance_price,Long,2026-09-09T21:53:38Z
2026-09-09T21:47:24Z,2026-09-09T23:47:24+0200,f19b45ac-0251-46d0-96e4-b90fa933f9b1,2026-09-06T10:15:00Z,2026-09-06T12:15:00+0200,-21.77,EUR/MWh,FR,FR,imbalance_price,Short,2026-09-09T21:53:38Z
2026-09-09T21:47:24Z,2026-09-09T23:47:24+0200,f19b45ac-0251-46d0-96e4-b90fa933f9b1,2026-09-06T10:30:00Z,2026-09-06T12:30:00+0200,-18.38,EUR/MWh,FR,FR,imbalance_price,Long,2026-09-09T21:53:38Z
2026-09-09T21:47:24Z,2026-09-09T23:47:24+0200,f19b45ac-0251-46d0-96e4-b90fa933f9b1,2026-09-06T10:30:00Z,2026-09-06T12:30:00+0200,-16.48,EUR/MWh,FR,FR,imbalance_price,Short,2026-09-09T21:53:38Z
2026-09-09T21:47:24Z,2026-09-09T23:47:24+0200,f19b45ac-0251-46d0-96e4-b90fa933f9b1,2026-09-06T10:45:00Z,2026-09-06T12:45:00+0200,-11.2,EUR/MWh,FR,FR,imbalance_price,Long,2026-09-09T21:53:38Z
2026-09-09T21:47:24Z,2026-09-09T23:47:24+0200,f19b45ac-0251-46d0-96e4-b90fa933f9b1,2026-09-06T10:45:00Z,2026-09-06T12:45:00+0200,-10.04,EUR/MWh,FR,FR,imbalance_price,Short,2026-09-09T21:53:38Z
2026-09-09T21:47:24Z,2026-09-09T23:47:24+0200,f19b45ac-0251-46d0-96e4-b90fa933f9b1,2026-09-06T11:00:00Z,2026-09-06T13:00:00+0200,5.99,EUR/MWh,FR,FR,imbalance_price,Long,2026-09-09T21:53:38Z
2026-09-09T21:47:24Z,2026-09-09T23:47:24+0200,f19b45ac-0251-46d0-96e4-b90fa933f9b1,2026-09-06T11:00:00Z,2026-09-06T13:00:00+0200,6.69,EUR/MWh,FR,FR,imbalance_price,Short,2026-09-09T21:53:38Z
2026-09-09T21:47:24Z,2026-09-09T23:47:24+0200,f19b45ac-0251-46d0-96e4-b90fa933f9b1,2026-09-06T11:15:00Z,2026-09-06T13:15:00+0200,13.06,EUR/MWh,FR,FR,imbalance_price,Long,2026-09-09T21:53:38Z
2026-09-09T21:47:24Z,2026-09-09T23:47:24+0200,f19b45ac-0251-46d0-96e4-b90fa933f9b1,2026-09-06T11:15:00Z,2026-09-06T13:15:00+0200,14.58,EUR/MWh,FR,FR,imbalance_price,Short,2026-09-09T21:53:38Z
2026-09-09T21:47:24Z,2026-09-09T23:47:24+0200,f19b45ac-0251-46d0-96e4-b90fa933f9b1,2026-09-06T11:30:00Z,2026-09-06T13:30:00+0200,-8.67,EUR/MWh,FR,FR,imbalance_price,Long,2026-09-09T21:53:38Z
2026-09-09T21:47:24Z,2026-09-09T23:47:24+0200,f19b45ac-0251-46d0-96e4-b90fa933f9b1,2026-09-06T11:30:00Z,2026-09-06T13:30:00+0200,-7.77,EUR/MWh,FR,FR,imbalance_price,Short,2026-09-09T21:53:38Z
2026-09-09T21:47:24Z,2026-09-09T23:47:24+0200,f19b45ac-0251-46d0-96e4-b90fa933f9b1,2026-09-06T11:45:00Z,2026-09-06T13:45:00+0200,-11.76,EUR/MWh,FR,FR,imbalance_price,Long,2026-09-09T21:53:38Z
2026-09-09T21:47:24Z,2026-09-09T23:47:24+0200,f19b45ac-0251-46d0-96e4-b90fa933f9b1,2026-09-06T11:45:00Z,2026-09-06T13:45:00+0200,-10.54,EUR/MWh,FR,FR,imbalance_price,Short,2026-09-09T21:53:38Z
2026-09-09T21:47:24Z,2026-09-09T23:47:24+0200,f19b45ac-0251-46d0-96e4-b90fa933f9b1,2026-09-06T12:00:00Z,2026-09-06T14:00:00+0200,-5.78,EUR/MWh,FR,FR,imbalance_price,Long,2026-09-09T21:53:38Z
2026-09-09T21:47:24Z,2026-09-09T23:47:24+0200,f19b45ac-0251-46d0-96e4-b90fa933f9b1,2026-09-06T12:00:00Z,2026-09-06T14:00:00+0200,-5.18,EUR/MWh,FR,FR,imbalance_price,Short,2026-09-09T21:53:38Z
2026-09-09T21:47:24Z,2026-09-09T23:47:24+0200,f19b45ac-0251-46d0-96e4-b90fa933f9b1,2026-09-06T12:15:00Z,2026-09-06T14:15:00+0200,2.89,EUR/MWh,FR,FR,imbalance_price,Long,2026-09-09T21:53:38Z
2026-09-09T21:47:24Z,2026-09-09T23:47:24+0200,f19b45ac-0251-46d0-96e4-b90fa933f9b1,2026-09-06T12:15:00Z,2026-09-06T14:15:00+0200,3.23,EUR/MWh,FR,FR,imbalance_price,Short,2026-09-09T21:53:38Z
2026-09-09T21:47:24Z,2026-09-09T23:47:24+0200,f19b45ac-0251-46d0-96e4-b90fa933f9b1,2026-09-06T12:30:00Z,2026-09-06T14:30:00+0200,1.49,EUR/MWh,FR,FR,imbalance_price,Long,2026-09-09T21:53:38Z
2026-09-09T21:47:24Z,2026-09-09T23:47:24+0200,f19b45ac-0251-46d0-96e4-b90fa933f9b1,2026-09-06T12:30:00Z,2026-09-06T14:30:00+0200,1.67,EUR/MWh,FR,FR,imbalance_price,Short,2026-09-09T21:53:38Z
2026-09-09T21:47:24Z,2026-09-09T23:47:24+0200,f19b45ac-0251-46d0-96e4-b90fa933f9b1,2026-09-06T12:45:00Z,2026-09-06T14:45:00+0200,-21.97,EUR/MWh,FR,FR,imbalance_price,Long,2026-09-09T21:53:38Z
2026-09-09T21:47:24Z,2026-09-09T23:47:24+0200,f19b45ac-0251-46d0-96e4-b90fa933f9b1,2026-09-06T12:45:00Z,2026-09-06T14:45:00+0200,-19.69,EUR/MWh,FR,FR,imbalance_price,Short,2026-09-09T21:53:38Z
2026-09-09T21:47:24Z,2026-09-09T23:47:24+0200,f19b45ac-0251-46d0-96e4-b90fa933f9b1,2026-09-06T13:00:00Z,2026-09-06T15:00:00+0200,-21.96,EUR/MWh,FR,FR,imbalance_price,Long,2026-09-09T21:53:38Z
2026-09-09T21:47:24Z,2026-09-09T23:47:24+0200,f19b45ac-0251-46d0-96e4-b90fa933f9b1,2026-09-06T13:00:00Z,2026-09-06T15:00:00+0200,-19.68,EUR/MWh,FR,FR,imbalance_price,Short,2026-09-09T21:53:38Z
2026-09-09T21:47:24Z,2026-09-09T23:47:24+0200,f19b45ac-0251-46d0-96e4-b90fa933f9b1,2026-09-06T13:15:00Z,2026-09-06T15:15:00+0200,55.06,EUR/MWh,FR,FR,imbalance_price,Long,2026-09-09T21:53:38Z
2026-09-09T21:47:24Z,2026-09-09T23:47:24+0200,f19b45ac-0251-46d0-96e4-b90fa933f9b1,2026-09-06T13:15:00Z,2026-09-06T15:15:00+0200,61.44,EUR/MWh,FR,FR,imbalance_price,Short,2026-09-09T21:53:38Z
2026-09-09T21:47:24Z,2026-09-09T23:47:24+0200,f19b45ac-0251-46d0-96e4-b90fa933f9b1,2026-09-06T13:30:00Z,2026-09-06T15:30:00+0200,-53.25,EUR/MWh,FR,FR,imbalance_price,Long,2026-09-09T21:53:38Z
2026-09-09T21:47:24Z,2026-09-09T23:47:24+0200,f19b45ac-0251-46d0-96e4-b90fa933f9b1,2026-09-06T13:30:00Z,2026-09-06T15:30:00+0200,-47.73,EUR/MWh,FR,FR,imbalance_price,Short,2026-09-09T21:53:38Z
2026-09-09T21:47:24Z,2026-09-09T23:47:24+0200,f19b45ac-0251-46d0-96e4-b90fa933f9b1,2026-09-06T13:45:00Z,2026-09-06T15:45:00+0200,4.08,EUR/MWh,FR,FR,imbalance_price,Long,2026-09-09T21:53:38Z
2026-09-09T21:47:24Z,2026-09-09T23:47:24+0200,f19b45ac-0251-46d0-96e4-b90fa933f9b1,2026-09-06T13:45:00Z,2026-09-06T15:45:00+0200,4.56,EUR/MWh,FR,FR,imbalance_price,Short,2026-09-09T21:53:38Z
2026-09-09T21:47:24Z,2026-09-09T23:47:24+0200,f19b45ac-0251-46d0-96e4-b90fa933f9b1,2026-09-06T14:00:00Z,2026-09-06T16:00:00+0200,-53.25,EUR/MWh,FR,FR,imbalance_price,Long,2026-09-09T21:53:38Z
2026-09-09T21:47:24Z,2026-09-09T23:47:24+0200,f19b45ac-0251-46d0-96e4-b90fa933f9b1,2026-09-06T14:00:00Z,2026-09-06T16:00:00+0200,-47.73,EUR/MWh,FR,FR,imbalance_price,Short,2026-09-09T21:53:38Z
2026-09-09T21:47:24Z,2026-09-09T23:47:24+0200,f19b45ac-0251-46d0-96e4-b90fa933f9b1,2026-09-06T14:15:00Z,2026-09-06T16:15:00+0200,-11.94,EUR/MWh,FR,FR,imbalance_price,Long,2026-09-09T21:53:38Z
2026-09-09T21:47:24Z,2026-09-09T23:47:24+0200,f19b45ac-0251-46d0-96e4-b90fa933f9b1,2026-09-06T14:15:00Z,2026-09-06T16:15:00+0200,-10.7,EUR/MWh,FR,FR,imbalance_price,Short,2026-09-09T21:53:38Z
2026-09-09T21:47:24Z,2026-09-09T23:47:24+0200,f19b45ac-0251-46d0-96e4-b90fa933f9b1,2026-09-06T14:30:00Z,2026-09-06T16:30:00+0200,-3.63,EUR/MWh,FR,FR,imbalance_price,Long,2026-09-09T21:53:38Z
2026-09-09T21:47:24Z,2026-09-09T23:47:24+0200,f19b45ac-0251-46d0-96e4-b90fa933f9b1,2026-09-06T14:30:00Z,2026-09-06T16:30:00+0200,-3.25,EUR/MWh,FR,FR,imbalance_price,Short,2026-09-09T21:53:38Z
2026-09-09T21:47:24Z,2026-09-09T23:47:24+0200,f19b45ac-0251-46d0-96e4-b90fa933f9b1,2026-09-06T14:45:00Z,2026-09-06T16:45:00+0200,30.27,EUR/MWh,FR,FR,imbalance_price,Long,2026-09-09T21:53:38Z
2026-09-09T21:47:24Z,2026-09-09T23:47:24+0200,f19b45ac-0251-46d0-96e4-b90fa933f9b1,2026-09-06T14:45:00Z,2026-09-06T16:45:00+0200,33.77,EUR/MWh,FR,FR,imbalance_price,Short,2026-09-09T21:53:38Z
2026-09-09T21:47:24Z,2026-09-09T23:47:24+0200,f19b45ac-0251-46d0-96e4-b90fa933f9b1,2026-09-06T15:00:00Z,2026-09-06T17:00:00+0200,25.01,EUR/MWh,FR,FR,imbalance_price,Long,2026-09-09T21:53:38Z
2026-09-09T21:47:24Z,2026-09-09T23:47:24+0200,f19b45ac-0251-46d0-96e4-b90fa933f9b1,2026-09-06T15:00:00Z,2026-09-06T17:00:00+0200,27.91,EUR/MWh,FR,FR,imbalance_price,Short,2026-09-09T21:53:38Z
2026-09-09T21:47:24Z,2026-09-09T23:47:24+0200,f19b45ac-0251-46d0-96e4-b90fa933f9b1,2026-09-06T15:15:00Z,2026-09-06T17:15:00+0200,8.44,EUR/MWh,FR,FR,imbalance_price,Long,2026-09-09T21:53:38Z
2026-09-09T21:47:24Z,2026-09-09T23:47:24+0200,f19b45ac-0251-46d0-96e4-b90fa933f9b1,2026-09-06T15:15:00Z,2026-09-06T17:15:00+0200,9.42,EUR/MWh,FR,FR,imbalance_price,Short,2026-09-09T21:53:38Z
2026-09-09T21:47:24Z,2026-09-09T23:47:24+0200,f19b45ac-0251-46d0-96e4-b90fa933f9b1,2026-09-06T15:30:00Z,2026-09-06T17:30:00+0200,4.94,EUR/MWh,FR,FR,imbalance_price,Long,2026-09-09T21:53:38Z
2026-09-09T21:47:24Z,2026-09-09T23:47:24+0200,f19b45ac-0251-46d0-96e4-b90fa933f9b1,2026-09-06T15:30:00Z,2026-09-06T17:30:00+0200,5.52,EUR/MWh,FR,FR,imbalance_price,Short,2026-09-09T21:53:38Z
2026-09-09T21:47:24Z,2026-09-09T23:47:24+0200,f19b45ac-0251-46d0-96e4-b90fa933f9b1,2026-09-06T15:45:00Z,2026-09-06T17:45:00+0200,4.94,EUR/MWh,FR,FR,imbalance_price,Long,2026-09-09T21:53:38Z
2026-09-09T21:47:24Z,2026-09-09T23:47:24+0200,f19b45ac-0251-46d0-96e4-b90fa933f9b1,2026-09-06T15:45:00Z,2026-09-06T17:45:00+0200,5.52,EUR/MWh,FR,FR,imbalance_price,Short,2026-09-09T21:53:38Z
2026-09-09T21:47:24Z,2026-09-09T23:47:24+0200,f19b45ac-0251-46d0-96e4-b90fa933f9b1,2026-09-06T16:00:00Z,2026-09-06T18:00:00+0200,185.15,EUR/MWh,FR,FR,imbalance_price,Long,2026-09-09T21:53:38Z
2026-09-09T21:47:24Z,2026-09-09T23:47:24+0200,f19b45ac-0251-46d0-96e4-b90fa933f9b1,2026-09-06T16:00:00Z,2026-09-06T18:00:00+0200,206.57,EUR/MWh,FR,FR,imbalance_price,Short,2026-09-09T21:53:38Z
2026-09-09T21:47:24Z,2026-09-09T23:47:24+0200,f19b45ac-0251-46d0-96e4-b90fa933f9b1,2026-09-06T16:15:00Z,2026-09-06T18:15:00+0200,193.82,EUR/MWh,FR,FR,imbalance_price,Long,2026-09-09T21:53:38Z
2026-09-09T21:47:24Z,2026-09-09T23:47:24+0200,f19b45ac-0251-46d0-96e4-b90fa933f9b1,2026-09-06T16:15:00Z,2026-09-06T18:15:00+0200,216.26,EUR/MWh,FR,FR,imbalance_price,Short,2026-09-09T21:53:38Z
2026-09-09T21:47:24Z,2026-09-09T23:47:24+0200,f19b45ac-0251-46d0-96e4-b90fa933f9b1,2026-09-06T16:30:00Z,2026-09-06T18:30:00+0200,242.73,EUR/MWh,FR,FR,imbalance_price,Long,2026-09-09T21:53:38Z
2026-09-09T21:47:24Z,2026-09-09T23:47:24+0200,f19b45ac-0251-46d0-96e4-b90fa933f9b1,2026-09-06T16:30:00Z,2026-09-06T18:30:00+0200,270.83,EUR/MWh,FR,FR,imbalance_price,Short,2026-09-09T21:53:38Z
2026-09-09T21:47:24Z,2026-09-09T23:47:24+0200,f19b45ac-0251-46d0-96e4-b90fa933f9b1,2026-09-06T16:45:00Z,2026-09-06T18:45:00+0200,281.8,EUR/MWh,FR,FR,imbalance_price,Long,2026-09-09T21:53:38Z
2026-09-09T21:47:24Z,2026-09-09T23:47:24+0200,f19b45ac-0251-46d0-96e4-b90fa933f9b1,2026-09-06T16:45:00Z,2026-09-06T18:45:00+0200,314.42,EUR/MWh,FR,FR,imbalance_price,Short,2026-09-09T21:53:38Z
2026-09-09T21:47:24Z,2026-09-09T23:47:24+0200,f19b45ac-0251-46d0-96e4-b90fa933f9b1,2026-09-06T17:00:00Z,2026-09-06T19:00:00+0200,236.85,EUR/MWh,FR,FR,imbalance_price,Long,2026-09-09T21:53:38Z
2026-09-09T21:47:24Z,2026-09-09T23:47:24+0200,f19b45ac-0251-46d0-96e4-b90fa933f9b1,2026-09-06T17:00:00Z,2026-09-06T19:00:00+0200,264.27,EUR/MWh,FR,FR,imbalance_price,Short,2026-09-09T21:53:38Z
2026-09-09T21:47:24Z,2026-09-09T23:47:24+0200,f19b45ac-0251-46d0-96e4-b90fa933f9b1,2026-09-06T17:15:00Z,2026-09-06T19:15:00+0200,276.25,EUR/MWh,FR,FR,imbalance_price,Long,2026-09-09T21:53:38Z
2026-09-09T21:47:24Z,2026-09-09T23:47:24+0200,f19b45ac-0251-46d0-96e4-b90fa933f9b1,2026-09-06T17:15:00Z,2026-09-06T19:15:00+0200,308.21,EUR/MWh,FR,FR,imbalance_price,Short,2026-09-09T21:53:38Z
2026-09-09T21:47:24Z,2026-09-09T23:47:24+0200,f19b45ac-0251-46d0-96e4-b90fa933f9b1,2026-09-06T17:30:00Z,2026-09-06T19:30:00+0200,303.59,EUR/MWh,FR,FR,imbalance_price,Long,2026-09-09T21:53:38Z
2026-09-09T21:47:24Z,2026-09-09T23:47:24+0200,f19b45ac-0251-46d0-96e4-b90fa933f9b1,2026-09-06T17:30:00Z,2026-09-06T19:30:00+0200,338.73,EUR/MWh,FR,FR,imbalance_price,Short,2026-09-09T21:53:38Z
2026-09-09T21:47:24Z,2026-09-09T23:47:24+0200,f19b45ac-0251-46d0-96e4-b90fa933f9b1,2026-09-06T17:45:00Z,2026-09-06T19:45:00+0200,317.6,EUR/MWh,FR,FR,imbalance_price,Long,2026-09-09T21:53:38Z
2026-09-09T21:47:24Z,2026-09-09T23:47:24+0200,f19b45ac-0251-46d0-96e4-b90fa933f9b1,2026-09-06T17:45:00Z,2026-09-06T19:45:00+0200,354.36,EUR/MWh,FR,FR,imbalance_price,Short,2026-09-09T21:53:38Z
2026-09-09T21:47:24Z,2026-09-09T23:47:24+0200,f19b45ac-0251-46d0-96e4-b90fa933f9b1,2026-09-06T18:00:00Z,2026-09-06T20:00:00+0200,320.59,EUR/MWh,FR,FR,imbalance_price,Long,2026-09-09T21:53:38Z
2026-09-09T21:47:24Z,2026-09-09T23:47:24+0200,f19b45ac-0251-46d0-96e4-b90fa933f9b1,2026-09-06T18:00:00Z,2026-09-06T20:00:00+0200,357.69,EUR/MWh,FR,FR,imbalance_price,Short,2026-09-09T21:53:38Z
2026-09-09T21:47:24Z,2026-09-09T23:47:24+0200,f19b45ac-0251-46d0-96e4-b90fa933f9b1,2026-09-06T18:15:00Z,2026-09-06T20:15:00+0200,375.47,EUR/MWh,FR,FR,imbalance_price,Long,2026-09-09T21:53:38Z
2026-09-09T21:47:24Z,2026-09-09T23:47:24+0200,f19b45ac-0251-46d0-96e4-b90fa933f9b1,2026-09-06T18:15:00Z,2026-09-06T20:15:00+0200,418.93,EUR/MWh,FR,FR,imbalance_price,Short,2026-09-09T21:53:38Z
2026-09-09T21:47:24Z,2026-09-09T23:47:24+0200,f19b45ac-0251-46d0-96e4-b90fa933f9b1,2026-09-06T18:30:00Z,2026-09-06T20:30:00+0200,370.06,EUR/MWh,FR,FR,imbalance_price,Long,2026-09-09T21:53:38Z
2026-09-09T21:47:24Z,2026-09-09T23:47:24+0200,f19b45ac-0251-46d0-96e4-b90fa933f9b1,2026-09-06T18:30:00Z,2026-09-06T20:30:00+0200,412.88,EUR/MWh,FR,FR,imbalance_price,Short,2026-09-09T21:53:38Z
2026-09-09T21:47:24Z,2026-09-09T23:47:24+0200,f19b45ac-0251-46d0-96e4-b90fa933f9b1,2026-09-06T18:45:00Z,2026-09-06T20:45:00+0200,357.92,EUR/MWh,FR,FR,imbalance_price,Long,2026-09-09T21:53:38Z
2026-09-09T21:47:24Z,2026-09-09T23:47:24+0200,f19b45ac-0251-46d0-96e4-b90fa933f9b1,2026-09-06T18:45:00Z,2026-09-06T20:45:00+0200,399.34,EUR/MWh,FR,FR,imbalance_price,Short,2026-09-09T21:53:38Z
2026-09-09T21:47:24Z,2026-09-09T23:47:24+0200,f19b45ac-0251-46d0-96e4-b90fa933f9b1,2026-09-06T19:00:00Z,2026-09-06T21:00:00+0200,356.26,EUR/MWh,FR,FR,imbalance_price,Long,2026-09-09T21:53:38Z
2026-09-09T21:47:24Z,2026-09-09T23:47:24+0200,f19b45ac-0251-46d0-96e4-b90fa933f9b1,2026-09-06T19:00:00Z,2026-09-06T21:00:00+0200,397.48,EUR/MWh,FR,FR,imbalance_price,Short,2026-09-09T21:53:38Z
2026-09-09T21:47:24Z,2026-09-09T23:47:24+0200,f19b45ac-0251-46d0-96e4-b90fa933f9b1,2026-09-06T19:15:00Z,2026-09-06T21:15:00+0200,306.52,EUR/MWh,FR,FR,imbalance_price,Long,2026-09-09T21:53:38Z
2026-09-09T21:47:24Z,2026-09-09T23:47:24+0200,f19b45ac-0251-46d0-96e4-b90fa933f9b1,2026-09-06T19:15:00Z,2026-09-06T21:15:00+0200,342.0,EUR/MWh,FR,FR,imbalance_price,Short,2026-09-09T21:53:38Z
2026-09-09T21:47:24Z,2026-09-09T23:47:24+0200,f19b45ac-0251-46d0-96e4-b90fa933f9b1,2026-09-06T19:30:00Z,2026-09-06T21:30:00+0200,203.03,EUR/MWh,FR,FR,imbalance_price,Long,2026-09-09T21:53:38Z
2026-09-09T21:47:24Z,2026-09-09T23:47:24+0200,f19b45ac-0251-46d0-96e4-b90fa933f9b1,2026-09-06T19:30:00Z,2026-09-06T21:30:00+0200,226.53,EUR/MWh,FR,FR,imbalance_price,Short,2026-09-09T21:53:38Z
2026-09-09T21:47:24Z,2026-09-09T23:47:24+0200,f19b45ac-0251-46d0-96e4-b90fa933f9b1,2026-09-06T19:45:00Z,2026-09-06T21:45:00+0200,201.41,EUR/MWh,FR,FR,imbalance_price,Long,2026-09-09T21:53:38Z
2026-09-09T21:47:24Z,2026-09-09T23:47:24+0200,f19b45ac-0251-46d0-96e4-b90fa933f9b1,2026-09-06T19:45:00Z,2026-09-06T21:45:00+0200,224.71,EUR/MWh,FR,FR,imbalance_price,Short,2026-09-09T21:53:38Z
2026-09-09T21:47:24Z,2026-09-09T23:47:24+0200,f19b45ac-0251-46d0-96e4-b90fa933f9b1,2026-09-06T20:00:00Z,2026-09-06T22:00:00+0200,201.94,EUR/MWh,FR,FR,imbalance_price,Long,2026-09-09T21:53:38Z
2026-09-09T21:47:24Z,2026-09-09T23:47:24+0200,f19b45ac-0251-46d0-96e4-b90fa933f9b1,2026-09-06T20:00:00Z,2026-09-06T22:00:00+0200,225.32,EUR/MWh,FR,FR,imbalance_price,Short,2026-09-09T21:53:38Z
2026-09-09T21:47:24Z,2026-09-09T23:47:24+0200,f19b45ac-0251-46d0-96e4-b90fa933f9b1,2026-09-06T20:15:00Z,2026-09-06T22:15:00+0200,199.73,EUR/MWh,FR,FR,imbalance_price,Long,2026-09-09T21:53:38Z
2026-09-09T21:47:24Z,2026-09-09T23:47:24+0200,f19b45ac-0251-46d0-96e4-b90fa933f9b1,2026-09-06T20:15:00Z,2026-09-06T22:15:00+0200,222.85,EUR/MWh,FR,FR,imbalance_price,Short,2026-09-09T21:53:38Z
2026-09-09T21:47:24Z,2026-09-09T23:47:24+0200,f19b45ac-0251-46d0-96e4-b90fa933f9b1,2026-09-06T20:30:00Z,2026-09-06T22:30:00+0200,145.81,EUR/MWh,FR,FR,imbalance_price,Long,2026-09-09T21:53:38Z
2026-09-09T21:47:24Z,2026-09-09T23:47:24+0200,f19b45ac-0251-46d0-96e4-b90fa933f9b1,2026-09-06T20:30:00Z,2026-09-06T22:30:00+0200,162.69,EUR/MWh,FR,FR,imbalance_price,Short,2026-09-09T21:53:38Z
2026-09-09T21:47:24Z,2026-09-09T23:47:24+0200,f19b45ac-0251-46d0-96e4-b90fa933f9b1,2026-09-06T20:45:00Z,2026-09-06T22:45:00+0200,106.42,EUR/MWh,FR,FR,imbalance_price,Long,2026-09-09T21:53:38Z
2026-09-09T21:47:24Z,2026-09-09T23:47:24+0200,f19b45ac-0251-46d0-96e4-b90fa933f9b1,2026-09-06T20:45:00Z,2026-09-06T22:45:00+0200,118.74,EUR/MWh,FR,FR,imbalance_price,Short,2026-09-09T21:53:38Z
2026-09-09T21:47:24Z,2026-09-09T23:47:24+0200,f19b45ac-0251-46d0-96e4-b90fa933f9b1,2026-09-06T21:00:00Z,2026-09-06T23:00:00+0200,142.33,EUR/MWh,FR,FR,imbalance_price,Long,2026-09-09T21:53:38Z
2026-09-09T21:47:24Z,2026-09-09T23:47:24+0200,f19b45ac-0251-46d0-96e4-b90fa933f9b1,2026-09-06T21:00:00Z,2026-09-06T23:00:00+0200,158.81,EUR/MWh,FR,FR,imbalance_price,Short,2026-09-09T21:53:38Z
2026-09-09T21:47:24Z,2026-09-09T23:47:24+0200,f19b45ac-0251-46d0-96e4-b90fa933f9b1,2026-09-06T21:15:00Z,2026-09-06T23:15:00+0200,151.87,EUR/MWh,FR,FR,imbalance_price,Long,2026-09-09T21:53:38Z
2026-09-09T21:47:24Z,2026-09-09T23:47:24+0200,f19b45ac-0251-46d0-96e4-b90fa933f9b1,2026-09-06T21:15:00Z,2026-09-06T23:15:00+0200,169.45,EUR/MWh,FR,FR,imbalance_price,Short,2026-09-09T21:53:38Z
2026-09-09T21:47:24Z,2026-09-09T23:47:24+0200,f19b45ac-0251-46d0-96e4-b90fa933f9b1,2026-09-06T21:30:00Z,2026-09-06T23:30:00+0200,126.3,EUR/MWh,FR,FR,imbalance_price,Long,2026-09-09T21:53:38Z
2026-09-09T21:47:24Z,2026-09-09T23:47:24+0200,f19b45ac-0251-46d0-96e4-b90fa933f9b1,2026-09-06T21:30:00Z,2026-09-06T23:30:00+0200,140.92,EUR/MWh,FR,FR,imbalance_price,Short,2026-09-09T21:53:38Z
2026-09-09T21:47:24Z,2026-09-09T23:47:24+0200,f19b45ac-0251-46d0-96e4-b90fa933f9b1,2026-09-06T21:45:00Z,2026-09-06T23:45:00+0200,128.3,EUR/MWh,FR,FR,imbalance_price,Long,2026-09-09T21:53:38Z
2026-09-09T21:47:24Z,2026-09-09T23:47:24+0200,f19b45ac-0251-46d0-96e4-b90fa933f9b1,2026-09-06T21:45:00Z,2026-09-06T23:45:00+0200,143.14,EUR/MWh,FR,FR,imbalance_price,Short,2026-09-09T21:53:38Z
2026-09-09T21:47:24Z,2026-09-09T23:47:24+0200,f19b45ac-0251-46d0-96e4-b90fa933f9b1,2026-09-06T22:00:00Z,2026-09-07T00:00:00+0200,56.72,EUR/MWh,FR,FR,imbalance_price,Long,2026-09-09T21:53:38Z
2026-09-09T21:47:24Z,2026-09-09T23:47:24+0200,f19b45ac-0251-46d0-96e4-b90fa933f9b1,2026-09-06T22:00:00Z,2026-09-07T00:00:00+0200,63.28,EUR/MWh,FR,FR,imbalance_price,Short,2026-09-09T21:53:38Z
2026-09-09T21:47:24Z,2026-09-09T23:47:24+0200,f19b45ac-0251-46d0-96e4-b90fa933f9b1,2026-09-06T22:15:00Z,2026-09-07T00:15:00+0200,69.89,EUR/MWh,FR,FR,imbalance_price,Long,2026-09-09T21:53:38Z
2026-09-09T21:47:24Z,2026-09-09T23:47:24+0200,f19b45ac-0251-46d0-96e4-b90fa933f9b1,2026-09-06T22:15:00Z,2026-09-07T00:15:00+0200,77.97,EUR/MWh,FR,FR,imbalance_price,Short,2026-09-09T21:53:38Z
2026-09-09T21:47:24Z,2026-09-09T23:47:24+0200,f19b45ac-0251-46d0-96e4-b90fa933f9b1,2026-09-06T22:30:00Z,2026-09-07T00:30:00+0200,127.25,EUR/MWh,FR,FR,imbalance_price,Long,2026-09-09T21:53:38Z
2026-09-09T21:47:24Z,2026-09-09T23:47:24+0200,f19b45ac-0251-46d0-96e4-b90fa933f9b1,2026-09-06T22:30:00Z,2026-09-07T00:30:00+0200,141.97,EUR/MWh,FR,FR,imbalance_price,Short,2026-09-09T21:53:38Z
2026-09-09T21:47:24Z,2026-09-09T23:47:24+0200,f19b45ac-0251-46d0-96e4-b90fa933f9b1,2026-09-06T22:45:00Z,2026-09-07T00:45:00+0200,135.05,EUR/MWh,FR,FR,imbalance_price,Long,2026-09-09T21:53:38Z
2026-09-09T21:47:24Z,2026-09-09T23:47:24+0200,f19b45ac-0251-46d0-96e4-b90fa933f9b1,2026-09-06T22:45:00Z,2026-09-07T00:45:00+0200,150.67,EUR/MWh,FR,FR,imbalance_price,Short,2026-09-09T21:53:38Z
2026-09-09T21:47:24Z,2026-09-09T23:47:24+0200,f19b45ac-0251-46d0-96e4-b90fa933f9b1,2026-09-06T23:00:00Z,2026-09-07T01:00:00+0200,-111.39,EUR/MWh,FR,FR,imbalance_price,Long,2026-09-09T21:53:38Z
2026-09-09T21:47:24Z,2026-09-09T23:47:24+0200,f19b45ac-0251-46d0-96e4-b90fa933f9b1,2026-09-06T23:00:00Z,2026-09-07T01:00:00+0200,-99.83,EUR/MWh,FR,FR,imbalance_price,Short,2026-09-09T21:53:38Z
2026-09-09T21:47:24Z,2026-09-09T23:47:24+0200,f19b45ac-0251-46d0-96e4-b90fa933f9b1,2026-09-06T23:15:00Z,2026-09-07T01:15:00+0200,117.5,EUR/MWh,FR,FR,imbalance_price,Long,2026-09-09T21:53:38Z
2026-09-09T21:47:24Z,2026-09-09T23:47:24+0200,f19b45ac-0251-46d0-96e4-b90fa933f9b1,2026-09-06T23:15:00Z,2026-09-07T01:15:00+0200,131.1,EUR/MWh,FR,FR,imbalance_price,Short,2026-09-09T21:53:38Z
2026-09-09T21:47:24Z,2026-09-09T23:47:24+0200,f19b45ac-0251-46d0-96e4-b90fa933f9b1,2026-09-06T23:30:00Z,2026-09-07T01:30:00+0200,56.72,EUR/MWh,FR,FR,imbalance_price,Long,2026-09-09T21:53:38Z
2026-09-09T21:47:24Z,2026-09-09T23:47:24+0200,f19b45ac-0251-46d0-96e4-b90fa933f9b1,2026-09-06T23:30:00Z,2026-09-07T01:30:00+0200,63.28,EUR/MWh,FR,FR,imbalance_price,Short,2026-09-09T21:53:38Z
2026-09-09T21:47:24Z,2026-09-09T23:47:24+0200,f19b45ac-0251-46d0-96e4-b90fa933f9b1,2026-09-06T23:45:00Z,2026-09-07T01:45:00+0200,56.72,EUR/MWh,FR,FR,imbalance_price,Long,2026-09-09T21:53:38Z
2026-09-09T21:47:24Z,2026-09-09T23:47:24+0200,f19b45ac-0251-46d0-96e4-b90fa933f9b1,2026-09-06T23:45:00Z,2026-09-07T01:45:00+0200,63.28,EUR/MWh,FR,FR,imbalance_price,Short,2026-09-09T21:53:38Z
2026-09-09T21:47:24Z,2026-09-09T23:47:24+0200,f19b45ac-0251-46d0-96e4-b90fa933f9b1,2026-09-07T00:00:00Z,2026-09-07T02:00:00+0200,127.09,EUR/MWh,FR,FR,imbalance_price,Long,2026-09-09T21:53:38Z
2026-09-09T21:47:24Z,2026-09-09T23:47:24+0200,f19b45ac-0251-46d0-96e4-b90fa933f9b1,2026-09-07T00:00:00Z,2026-09-07T02:00:00+0200,141.79,EUR/MWh,FR,FR,imbalance_price,Short,2026-09-09T21:53:38Z
2026-09-09T21:47:24Z,2026-09-09T23:47:24+0200,f19b45ac-0251-46d0-96e4-b90fa933f9b1,2026-09-07T00:15:00Z,2026-09-07T02:15:00+0200,113.41,EUR/MWh,FR,FR,imbalance_price,Long,2026-09-09T21:53:38Z
2026-09-09T21:47:24Z,2026-09-09T23:47:24+0200,f19b45ac-0251-46d0-96e4-b90fa933f9b1,2026-09-07T00:15:00Z,2026-09-07T02:15:00+0200,126.53,EUR/MWh,FR,FR,imbalance_price,Short,2026-09-09T21:53:38Z
2026-09-09T21:47:24Z,2026-09-09T23:47:24+0200,f19b45ac-0251-46d0-96e4-b90fa933f9b1,2026-09-07T00:30:00Z,2026-09-07T02:30:00+0200,67.39,EUR/MWh,FR,FR,imbalance_price,Long,2026-09-09T21:53:38Z
2026-09-09T21:47:24Z,2026-09-09T23:47:24+0200,f19b45ac-0251-46d0-96e4-b90fa933f9b1,2026-09-07T00:30:00Z,2026-09-07T02:30:00+0200,75.19,EUR/MWh,FR,FR,imbalance_price,Short,2026-09-09T21:53:38Z
2026-09-09T21:47:24Z,2026-09-09T23:47:24+0200,f19b45ac-0251-46d0-96e4-b90fa933f9b1,2026-09-07T00:45:00Z,2026-09-07T02:45:00+0200,55.93,EUR/MWh,FR,FR,imbalance_price,Long,2026-09-09T21:53:38Z
2026-09-09T21:47:24Z,2026-09-09T23:47:24+0200,f19b45ac-0251-46d0-96e4-b90fa933f9b1,2026-09-07T00:45:00Z,2026-09-07T02:45:00+0200,62.41,EUR/MWh,FR,FR,imbalance_price,Short,2026-09-09T21:53:38Z
2026-09-09T21:47:24Z,2026-09-09T23:47:24+0200,f19b45ac-0251-46d0-96e4-b90fa933f9b1,2026-09-07T01:00:00Z,2026-09-07T03:00:00+0200,100.49,EUR/MWh,FR,FR,imbalance_price,Long,2026-09-09T21:53:38Z
2026-09-09T21:47:24Z,2026-09-09T23:47:24+0200,f19b45ac-0251-46d0-96e4-b90fa933f9b1,2026-09-07T01:00:00Z,2026-09-07T03:00:00+0200,112.11,EUR/MWh,FR,FR,imbalance_price,Short,2026-09-09T21:53:38Z
2026-09-09T21:47:24Z,2026-09-09T23:47:24+0200,f19b45ac-0251-46d0-96e4-b90fa933f9b1,2026-09-07T01:15:00Z,2026-09-07T03:15:00+0200,84.26,EUR/MWh,FR,FR,imbalance_price,Long,2026-09-09T21:53:38Z
2026-09-09T21:47:24Z,2026-09-09T23:47:24+0200,f19b45ac-0251-46d0-96e4-b90fa933f9b1,2026-09-07T01:15:00Z,2026-09-07T03:15:00+0200,94.02,EUR/MWh,FR,FR,imbalance_price,Short,2026-09-09T21:53:38Z
2026-09-09T21:47:24Z,2026-09-09T23:47:24+0200,f19b45ac-0251-46d0-96e4-b90fa933f9b1,2026-09-07T01:30:00Z,2026-09-07T03:30:00+0200,55.57,EUR/MWh,FR,FR,imbalance_price,Long,2026-09-09T21:53:38Z
2026-09-09T21:47:24Z,2026-09-09T23:47:24+0200,f19b45ac-0251-46d0-96e4-b90fa933f9b1,2026-09-07T01:30:00Z,2026-09-07T03:30:00+0200,62.01,EUR/MWh,FR,FR,imbalance_price,Short,2026-09-09T21:53:38Z
2026-09-09T21:47:24Z,2026-09-09T23:47:24+0200,f19b45ac-0251-46d0-96e4-b90fa933f9b1,2026-09-07T01:45:00Z,2026-09-07T03:45:00+0200,41.62,EUR/MWh,FR,FR,imbalance_price,Long,2026-09-09T21:53:38Z
2026-09-09T21:47:24Z,2026-09-09T23:47:24+0200,f19b45ac-0251-46d0-96e4-b90fa933f9b1,2026-09-07T01:45:00Z,2026-09-07T03:45:00+0200,46.44,EUR/MWh,FR,FR,imbalance_price,Short,2026-09-09T21:53:38Z
2026-09-09T21:47:24Z,2026-09-09T23:47:24+0200,f19b45ac-0251-46d0-96e4-b90fa933f9b1,2026-09-07T02:00:00Z,2026-09-07T04:00:00+0200,115.27,EUR/MWh,FR,FR,imbalance_price,Long,2026-09-09T21:53:38Z
2026-09-09T21:47:24Z,2026-09-09T23:47:24+0200,f19b45ac-0251-46d0-96e4-b90fa933f9b1,2026-09-07T02:00:00Z,2026-09-07T04:00:00+0200,128.61,EUR/MWh,FR,FR,imbalance_price,Short,2026-09-09T21:53:38Z
2026-09-09T21:47:24Z,2026-09-09T23:47:24+0200,f19b45ac-0251-46d0-96e4-b90fa933f9b1,2026-09-07T02:15:00Z,2026-09-07T04:15:00+0200,124.66,EUR/MWh,FR,FR,imbalance_price,Long,2026-09-09T21:53:38Z
2026-09-09T21:47:24Z,2026-09-09T23:47:24+0200,f19b45ac-0251-46d0-96e4-b90fa933f9b1,2026-09-07T02:15:00Z,2026-09-07T04:15:00+0200,139.08,EUR/MWh,FR,FR,imbalance_price,Short,2026-09-09T21:53:38Z
2026-09-09T21:47:24Z,2026-09-09T23:47:24+0200,f19b45ac-0251-46d0-96e4-b90fa933f9b1,2026-09-07T02:30:00Z,2026-09-07T04:30:00+0200,41.62,EUR/MWh,FR,FR,imbalance_price,Long,2026-09-09T21:53:38Z
2026-09-09T21:47:24Z,2026-09-09T23:47:24+0200,f19b45ac-0251-46d0-96e4-b90fa933f9b1,2026-09-07T02:30:00Z,2026-09-07T04:30:00+0200,46.44,EUR/MWh,FR,FR,imbalance_price,Short,2026-09-09T21:53:38Z
2026-09-09T21:47:24Z,2026-09-09T23:47:24+0200,f19b45ac-0251-46d0-96e4-b90fa933f9b1,2026-09-07T02:45:00Z,2026-09-07T04:45:00+0200,56.72,EUR/MWh,FR,FR,imbalance_price,Long,2026-09-09T21:53:38Z
2026-09-09T21:47:24Z,2026-09-09T23:47:24+0200,f19b45ac-0251-46d0-96e4-b90fa933f9b1,2026-09-07T02:45:00Z,2026-09-07T04:45:00+0200,63.28,EUR/MWh,FR,FR,imbalance_price,Short,2026-09-09T21:53:38Z
2026-09-09T21:47:24Z,2026-09-09T23:47:24+0200,f19b45ac-0251-46d0-96e4-b90fa933f9b1,2026-09-07T03:00:00Z,2026-09-07T05:00:00+0200,82.05,EUR/MWh,FR,FR,imbalance_price,Long,2026-09-09T21:53:38Z
2026-09-09T21:47:24Z,2026-09-09T23:47:24+0200,f19b45ac-0251-46d0-96e4-b90fa933f9b1,2026-09-07T03:00:00Z,2026-09-07T05:00:00+0200,91.55,EUR/MWh,FR,FR,imbalance_price,Short,2026-09-09T21:53:38Z
2026-09-09T21:47:24Z,2026-09-09T23:47:24+0200,f19b45ac-0251-46d0-96e4-b90fa933f9b1,2026-09-07T03:15:00Z,2026-09-07T05:15:00+0200,74.53,EUR/MWh,FR,FR,imbalance_price,Long,2026-09-09T21:53:38Z
2026-09-09T21:47:24Z,2026-09-09T23:47:24+0200,f19b45ac-0251-46d0-96e4-b90fa933f9b1,2026-09-07T03:15:00Z,2026-09-07T05:15:00+0200,83.15,EUR/MWh,FR,FR,imbalance_price,Short,2026-09-09T21:53:38Z
2026-09-09T21:47:24Z,2026-09-09T23:47:24+0200,f19b45ac-0251-46d0-96e4-b90fa933f9b1,2026-09-07T03:30:00Z,2026-09-07T05:30:00+0200,152.76,EUR/MWh,FR,FR,imbalance_price,Long,2026-09-09T21:53:38Z
2026-09-09T21:47:24Z,2026-09-09T23:47:24+0200,f19b45ac-0251-46d0-96e4-b90fa933f9b1,2026-09-07T03:30:00Z,2026-09-07T05:30:00+0200,170.44,EUR/MWh,FR,FR,imbalance_price,Short,2026-09-09T21:53:38Z
2026-09-09T21:47:24Z,2026-09-09T23:47:24+0200,f19b45ac-0251-46d0-96e4-b90fa933f9b1,2026-09-07T03:45:00Z,2026-09-07T05:45:00+0200,151.33,EUR/MWh,FR,FR,imbalance_price,Long,2026-09-09T21:53:38Z
2026-09-09T21:47:24Z,2026-09-09T23:47:24+0200,f19b45ac-0251-46d0-96e4-b90fa933f9b1,2026-09-07T03:45:00Z,2026-09-07T05:45:00+0200,168.85,EUR/MWh,FR,FR,imbalance_price,Short,2026-09-09T21:53:38Z
2026-09-09T21:47:24Z,2026-09-09T23:47:24+0200,f19b45ac-0251-46d0-96e4-b90fa933f9b1,2026-09-07T04:00:00Z,2026-09-07T06:00:00+0200,120.77,EUR/MWh,FR,FR,imbalance_price,Long,2026-09-09T21:53:38Z
2026-09-09T21:47:24Z,2026-09-09T23:47:24+0200,f19b45ac-0251-46d0-96e4-b90fa933f9b1,2026-09-07T04:00:00Z,2026-09-07T06:00:00+0200,134.75,EUR/MWh,FR,FR,imbalance_price,Short,2026-09-09T21:53:38Z
2026-09-09T21:47:24Z,2026-09-09T23:47:24+0200,f19b45ac-0251-46d0-96e4-b90fa933f9b1,2026-09-07T04:15:00Z,2026-09-07T06:15:00+0200,116.17,EUR/MWh,FR,FR,imbalance_price,Long,2026-09-09T21:53:38Z
2026-09-09T21:47:24Z,2026-09-09T23:47:24+0200,f19b45ac-0251-46d0-96e4-b90fa933f9b1,2026-09-07T04:15:00Z,2026-09-07T06:15:00+0200,129.61,EUR/MWh,FR,FR,imbalance_price,Short,2026-09-09T21:53:38Z
2026-09-09T21:47:24Z,2026-09-09T23:47:24+0200,f19b45ac-0251-46d0-96e4-b90fa933f9b1,2026-09-07T04:30:00Z,2026-09-07T06:30:00+0200,126.66,EUR/MWh,FR,FR,imbalance_price,Long,2026-09-09T21:53:38Z
2026-09-09T21:47:24Z,2026-09-09T23:47:24+0200,f19b45ac-0251-46d0-96e4-b90fa933f9b1,2026-09-07T04:30:00Z,2026-09-07T06:30:00+0200,141.32,EUR/MWh,FR,FR,imbalance_price,Short,2026-09-09T21:53:38Z
2026-09-09T21:47:24Z,2026-09-09T23:47:24+0200,f19b45ac-0251-46d0-96e4-b90fa933f9b1,2026-09-07T04:45:00Z,2026-09-07T06:45:00+0200,190.83,EUR/MWh,FR,FR,imbalance_price,Long,2026-09-09T21:53:38Z
2026-09-09T21:47:24Z,2026-09-09T23:47:24+0200,f19b45ac-0251-46d0-96e4-b90fa933f9b1,2026-09-07T04:45:00Z,2026-09-07T06:45:00+0200,212.91,EUR/MWh,FR,FR,imbalance_price,Short,2026-09-09T21:53:38Z
2026-09-09T21:47:24Z,2026-09-09T23:47:24+0200,f19b45ac-0251-46d0-96e4-b90fa933f9b1,2026-09-07T05:00:00Z,2026-09-07T07:00:00+0200,185.86,EUR/MWh,FR,FR,imbalance_price,Long,2026-09-09T21:53:38Z
2026-09-09T21:47:24Z,2026-09-09T23:47:24+0200,f19b45ac-0251-46d0-96e4-b90fa933f9b1,2026-09-07T05:00:00Z,2026-09-07T07:00:00+0200,207.36,EUR/MWh,FR,FR,imbalance_price,Short,2026-09-09T21:53:38Z
2026-09-09T21:47:24Z,2026-09-09T23:47:24+0200,f19b45ac-0251-46d0-96e4-b90fa933f9b1,2026-09-07T05:15:00Z,2026-09-07T07:15:00+0200,152.59,EUR/MWh,FR,FR,imbalance_price,Long,2026-09-09T21:53:38Z
2026-09-09T21:47:24Z,2026-09-09T23:47:24+0200,f19b45ac-0251-46d0-96e4-b90fa933f9b1,2026-09-07T05:15:00Z,2026-09-07T07:15:00+0200,170.25,EUR/MWh,FR,FR,imbalance_price,Short,2026-09-09T21:53:38Z
2026-09-09T21:47:24Z,2026-09-09T23:47:24+0200,f19b45ac-0251-46d0-96e4-b90fa933f9b1,2026-09-07T05:30:00Z,2026-09-07T07:30:00+0200,116.74,EUR/MWh,FR,FR,imbalance_price,Long,2026-09-09T21:53:38Z
2026-09-09T21:47:24Z,2026-09-09T23:47:24+0200,f19b45ac-0251-46d0-96e4-b90fa933f9b1,2026-09-07T05:30:00Z,2026-09-07T07:30:00+0200,130.24,EUR/MWh,FR,FR,imbalance_price,Short,2026-09-09T21:53:38Z
2026-09-09T21:47:24Z,2026-09-09T23:47:24+0200,f19b45ac-0251-46d0-96e4-b90fa933f9b1,2026-09-07T05:45:00Z,2026-09-07T07:45:00+0200,69.64,EUR/MWh,FR,FR,imbalance_price,Long,2026-09-09T21:53:38Z
2026-09-09T21:47:24Z,2026-09-09T23:47:24+0200,f19b45ac-0251-46d0-96e4-b90fa933f9b1,2026-09-07T05:45:00Z,2026-09-07T07:45:00+0200,77.7,EUR/MWh,FR,FR,imbalance_price,Short,2026-09-09T21:53:38Z
2026-09-09T21:47:24Z,2026-09-09T23:47:24+0200,f19b45ac-0251-46d0-96e4-b90fa933f9b1,2026-09-07T06:00:00Z,2026-09-07T08:00:00+0200,124.82,EUR/MWh,FR,FR,imbalance_price,Long,2026-09-09T21:53:38Z
2026-09-09T21:47:24Z,2026-09-09T23:47:24+0200,f19b45ac-0251-46d0-96e4-b90fa933f9b1,2026-09-07T06:00:00Z,2026-09-07T08:00:00+0200,139.26,EUR/MWh,FR,FR,imbalance_price,Short,2026-09-09T21:53:38Z
2026-09-09T21:47:24Z,2026-09-09T23:47:24+0200,f19b45ac-0251-46d0-96e4-b90fa933f9b1,2026-09-07T06:15:00Z,2026-09-07T08:15:00+0200,379.73,EUR/MWh,FR,FR,imbalance_price,Long,2026-09-09T21:53:38Z
2026-09-09T21:47:24Z,2026-09-09T23:47:24+0200,f19b45ac-0251-46d0-96e4-b90fa933f9b1,2026-09-07T06:15:00Z,2026-09-07T08:15:00+0200,423.67,EUR/MWh,FR,FR,imbalance_price,Short,2026-09-09T21:53:38Z
2026-09-09T21:47:24Z,2026-09-09T23:47:24+0200,f19b45ac-0251-46d0-96e4-b90fa933f9b1,2026-09-07T06:30:00Z,2026-09-07T08:30:00+0200,376.8,EUR/MWh,FR,FR,imbalance_price,Long,2026-09-09T21:53:38Z
2026-09-09T21:47:24Z,2026-09-09T23:47:24+0200,f19b45ac-0251-46d0-96e4-b90fa933f9b1,2026-09-07T06:30:00Z,2026-09-07T08:30:00+0200,420.4,EUR/MWh,FR,FR,imbalance_price,Short,2026-09-09T21:53:38Z
2026-09-09T21:47:24Z,2026-09-09T23:47:24+0200,f19b45ac-0251-46d0-96e4-b90fa933f9b1,2026-09-07T06:45:00Z,2026-09-07T08:45:00+0200,128.7,EUR/MWh,FR,FR,imbalance_price,Long,2026-09-09T21:53:38Z
2026-09-09T21:47:24Z,2026-09-09T23:47:24+0200,f19b45ac-0251-46d0-96e4-b90fa933f9b1,2026-09-07T06:45:00Z,2026-09-07T08:45:00+0200,143.6,EUR/MWh,FR,FR,imbalance_price,Short,2026-09-09T21:53:38Z
2026-09-09T21:47:24Z,2026-09-09T23:47:24+0200,f19b45ac-0251-46d0-96e4-b90fa933f9b1,2026-09-07T07:00:00Z,2026-09-07T09:00:00+0200,90.81,EUR/MWh,FR,FR,imbalance_price,Long,2026-09-09T21:53:38Z
2026-09-09T21:47:24Z,2026-09-09T23:47:24+0200,f19b45ac-0251-46d0-96e4-b90fa933f9b1,2026-09-07T07:00:00Z,2026-09-07T09:00:00+0200,101.31,EUR/MWh,FR,FR,imbalance_price,Short,2026-09-09T21:53:38Z
2026-09-09T21:47:24Z,2026-09-09T23:47:24+0200,f19b45ac-0251-46d0-96e4-b90fa933f9b1,2026-09-07T07:15:00Z,2026-09-07T09:15:00+0200,126.43,EUR/MWh,FR,FR,imbalance_price,Long,2026-09-09T21:53:38Z
2026-09-09T21:47:24Z,2026-09-09T23:47:24+0200,f19b45ac-0251-46d0-96e4-b90fa933f9b1,2026-09-07T07:15:00Z,2026-09-07T09:15:00+0200,141.07,EUR/MWh,FR,FR,imbalance_price,Short,2026-09-09T21:53:38Z
2026-09-09T21:47:24Z,2026-09-09T23:47:24+0200,f19b45ac-0251-46d0-96e4-b90fa933f9b1,2026-09-07T07:30:00Z,2026-09-07T09:30:00+0200,156.44,EUR/MWh,FR,FR,imbalance_price,Long,2026-09-09T21:53:38Z
2026-09-09T21:47:24Z,2026-09-09T23:47:24+0200,f19b45ac-0251-46d0-96e4-b90fa933f9b1,2026-09-07T07:30:00Z,2026-09-07T09:30:00+0200,174.54,EUR/MWh,FR,FR,imbalance_price,Short,2026-09-09T21:53:38Z
2026-09-09T21:47:24Z,2026-09-09T23:47:24+0200,f19b45ac-0251-46d0-96e4-b90fa933f9b1,2026-09-07T07:45:00Z,2026-09-07T09:45:00+0200,214.46,EUR/MWh,FR,FR,imbalance_price,Long,2026-09-09T21:53:38Z
2026-09-09T21:47:24Z,2026-09-09T23:47:24+0200,f19b45ac-0251-46d0-96e4-b90fa933f9b1,2026-09-07T07:45:00Z,2026-09-07T09:45:00+0200,239.28,EUR/MWh,FR,FR,imbalance_price,Short,2026-09-09T21:53:38Z
2026-09-09T21:47:24Z,2026-09-09T23:47:24+0200,f19b45ac-0251-46d0-96e4-b90fa933f9b1,2026-09-07T08:00:00Z,2026-09-07T10:00:00+0200,212.23,EUR/MWh,FR,FR,imbalance_price,Long,2026-09-09T21:53:38Z
2026-09-09T21:47:24Z,2026-09-09T23:47:24+0200,f19b45ac-0251-46d0-96e4-b90fa933f9b1,2026-09-07T08:00:00Z,2026-09-07T10:00:00+0200,236.79,EUR/MWh,FR,FR,imbalance_price,Short,2026-09-09T21:53:38Z
2026-09-09T21:47:24Z,2026-09-09T23:47:24+0200,f19b45ac-0251-46d0-96e4-b90fa933f9b1,2026-09-07T08:15:00Z,2026-09-07T10:15:00+0200,189.15,EUR/MWh,FR,FR,imbalance_price,Long,2026-09-09T21:53:38Z
2026-09-09T21:47:24Z,2026-09-09T23:47:24+0200,f19b45ac-0251-46d0-96e4-b90fa933f9b1,2026-09-07T08:15:00Z,2026-09-07T10:15:00+0200,211.05,EUR/MWh,FR,FR,imbalance_price,Short,2026-09-09T21:53:38Z
2026-09-09T21:47:24Z,2026-09-09T23:47:24+0200,f19b45ac-0251-46d0-96e4-b90fa933f9b1,2026-09-07T08:30:00Z,2026-09-07T10:30:00+0200,183.87,EUR/MWh,FR,FR,imbalance_price,Long,2026-09-09T21:53:38Z
2026-09-09T21:47:24Z,2026-09-09T23:47:24+0200,f19b45ac-0251-46d0-96e4-b90fa933f9b1,2026-09-07T08:30:00Z,2026-09-07T10:30:00+0200,205.15,EUR/MWh,FR,FR,imbalance_price,Short,2026-09-09T21:53:38Z
2026-09-09T21:47:24Z,2026-09-09T23:47:24+0200,f19b45ac-0251-46d0-96e4-b90fa933f9b1,2026-09-07T08:45:00Z,2026-09-07T10:45:00+0200,215.64,EUR/MWh,FR,FR,imbalance_price,Long,2026-09-09T21:53:38Z
2026-09-09T21:47:24Z,2026-09-09T23:47:24+0200,f19b45ac-0251-46d0-96e4-b90fa933f9b1,2026-09-07T08:45:00Z,2026-09-07T10:45:00+0200,240.6,EUR/MWh,FR,FR,imbalance_price,Short,2026-09-09T21:53:38Z
2026-09-09T21:47:24Z,2026-09-09T23:47:24+0200,f19b45ac-0251-46d0-96e4-b90fa933f9b1,2026-09-07T09:00:00Z,2026-09-07T11:00:00+0200,209.09,EUR/MWh,FR,FR,imbalance_price,Long,2026-09-09T21:53:38Z
2026-09-09T21:47:24Z,2026-09-09T23:47:24+0200,f19b45ac-0251-46d0-96e4-b90fa933f9b1,2026-09-07T09:00:00Z,2026-09-07T11:00:00+0200,233.29,EUR/MWh,FR,FR,imbalance_price,Short,2026-09-09T21:53:38Z
2026-09-09T21:47:24Z,2026-09-09T23:47:24+0200,f19b45ac-0251-46d0-96e4-b90fa933f9b1,2026-09-07T09:15:00Z,2026-09-07T11:15:00+0200,192.34,EUR/MWh,FR,FR,imbalance_price,Long,2026-09-09T21:53:38Z
2026-09-09T21:47:24Z,2026-09-09T23:47:24+0200,f19b45ac-0251-46d0-96e4-b90fa933f9b1,2026-09-07T09:15:00Z,2026-09-07T11:15:00+0200,214.6,EUR/MWh,FR,FR,imbalance_price,Short,2026-09-09T21:53:38Z
2026-09-09T21:47:24Z,2026-09-09T23:47:24+0200,f19b45ac-0251-46d0-96e4-b90fa933f9b1,2026-09-07T09:30:00Z,2026-09-07T11:30:00+0200,182.61,EUR/MWh,FR,FR,imbalance_price,Long,2026-09-09T21:53:38Z
2026-09-09T21:47:24Z,2026-09-09T23:47:24+0200,f19b45ac-0251-46d0-96e4-b90fa933f9b1,2026-09-07T09:30:00Z,2026-09-07T11:30:00+0200,203.75,EUR/MWh,FR,FR,imbalance_price,Short,2026-09-09T21:53:38Z
2026-09-09T21:47:24Z,2026-09-09T23:47:24+0200,f19b45ac-0251-46d0-96e4-b90fa933f9b1,2026-09-07T09:45:00Z,2026-09-07T11:45:00+0200,188.34,EUR/MWh,FR,FR,imbalance_price,Long,2026-09-09T21:53:38Z
2026-09-09T21:47:24Z,2026-09-09T23:47:24+0200,f19b45ac-0251-46d0-96e4-b90fa933f9b1,2026-09-07T09:45:00Z,2026-09-07T11:45:00+0200,210.14,EUR/MWh,FR,FR,imbalance_price,Short,2026-09-09T21:53:38Z
2026-09-09T21:47:24Z,2026-09-09T23:47:24+0200,f19b45ac-0251-46d0-96e4-b90fa933f9b1,2026-09-07T10:00:00Z,2026-09-07T12:00:00+0200,220.15,EUR/MWh,FR,FR,imbalance_price,Long,2026-09-09T21:53:38Z
2026-09-09T21:47:24Z,2026-09-09T23:47:24+0200,f19b45ac-0251-46d0-96e4-b90fa933f9b1,2026-09-07T10:00:00Z,2026-09-07T12:00:00+0200,245.63,EUR/MWh,FR,FR,imbalance_price,Short,2026-09-09T21:53:38Z
2026-09-09T21:47:24Z,2026-09-09T23:47:24+0200,f19b45ac-0251-46d0-96e4-b90fa933f9b1,2026-09-07T10:15:00Z,2026-09-07T12:15:00+0200,44.35,EUR/MWh,FR,FR,imbalance_price,Long,2026-09-09T21:53:38Z
2026-09-09T21:47:24Z,2026-09-09T23:47:24+0200,f19b45ac-0251-46d0-96e4-b90fa933f9b1,2026-09-07T10:15:00Z,2026-09-07T12:15:00+0200,49.49,EUR/MWh,FR,FR,imbalance_price,Short,2026-09-09T21:53:38Z
2026-09-09T21:47:24Z,2026-09-09T23:47:24+0200,f19b45ac-0251-46d0-96e4-b90fa933f9b1,2026-09-07T10:30:00Z,2026-09-07T12:30:00+0200,218.48,EUR/MWh,FR,FR,imbalance_price,Long,2026-09-09T21:53:38Z
2026-09-09T21:47:24Z,2026-09-09T23:47:24+0200,f19b45ac-0251-46d0-96e4-b90fa933f9b1,2026-09-07T10:30:00Z,2026-09-07T12:30:00+0200,243.76,EUR/MWh,FR,FR,imbalance_price,Short,2026-09-09T21:53:38Z
2026-09-09T21:47:24Z,2026-09-09T23:47:24+0200,f19b45ac-0251-46d0-96e4-b90fa933f9b1,2026-09-07T10:45:00Z,2026-09-07T12:45:00+0200,220.16,EUR/MWh,FR,FR,imbalance_price,Long,2026-09-09T21:53:38Z
2026-09-09T21:47:24Z,2026-09-09T23:47:24+0200,f19b45ac-0251-46d0-96e4-b90fa933f9b1,2026-09-07T10:45:00Z,2026-09-07T12:45:00+0200,245.64,EUR/MWh,FR,FR,imbalance_price,Short,2026-09-09T21:53:38Z
2026-09-09T21:47:24Z,2026-09-09T23:47:24+0200,f19b45ac-0251-46d0-96e4-b90fa933f9b1,2026-09-07T11:00:00Z,2026-09-07T13:00:00+0200,220.16,EUR/MWh,FR,FR,imbalance_price,Long,2026-09-09T21:53:38Z
2026-09-09T21:47:24Z,2026-09-09T23:47:24+0200,f19b45ac-0251-46d0-96e4-b90fa933f9b1,2026-09-07T11:00:00Z,2026-09-07T13:00:00+0200,245.64,EUR/MWh,FR,FR,imbalance_price,Short,2026-09-09T21:53:38Z
2026-09-09T21:47:24Z,2026-09-09T23:47:24+0200,f19b45ac-0251-46d0-96e4-b90fa933f9b1,2026-09-07T11:15:00Z,2026-09-07T13:15:00+0200,-0.95,EUR/MWh,FR,FR,imbalance_price,Long,2026-09-09T21:53:38Z
2026-09-09T21:47:24Z,2026-09-09T23:47:24+0200,f19b45ac-0251-46d0-96e4-b90fa933f9b1,2026-09-07T11:15:00Z,2026-09-07T13:15:00+0200,-0.85,EUR/MWh,FR,FR,imbalance_price,Short,2026-09-09T21:53:38Z
2026-09-09T21:47:24Z,2026-09-09T23:47:24+0200,f19b45ac-0251-46d0-96e4-b90fa933f9b1,2026-09-07T11:30:00Z,2026-09-07T13:30:00+0200,-3.98,EUR/MWh,FR,FR,imbalance_price,Long,2026-09-09T21:53:38Z
2026-09-09T21:47:24Z,2026-09-09T23:47:24+0200,f19b45ac-0251-46d0-96e4-b90fa933f9b1,2026-09-07T11:30:00Z,2026-09-07T13:30:00+0200,-3.56,EUR/MWh,FR,FR,imbalance_price,Short,2026-09-09T21:53:38Z
2026-09-09T21:47:24Z,2026-09-09T23:47:24+0200,f19b45ac-0251-46d0-96e4-b90fa933f9b1,2026-09-07T11:45:00Z,2026-09-07T13:45:00+0200,-0.44,EUR/MWh,FR,FR,imbalance_price,Long,2026-09-09T21:53:38Z
2026-09-09T21:47:24Z,2026-09-09T23:47:24+0200,f19b45ac-0251-46d0-96e4-b90fa933f9b1,2026-09-07T11:45:00Z,2026-09-07T13:45:00+0200,-0.4,EUR/MWh,FR,FR,imbalance_price,Short,2026-09-09T21:53:38Z
2026-09-09T21:47:24Z,2026-09-09T23:47:24+0200,f19b45ac-0251-46d0-96e4-b90fa933f9b1,2026-09-07T12:00:00Z,2026-09-07T14:00:00+0200,16.24,EUR/MWh,FR,FR,imbalance_price,Long,2026-09-09T21:53:38Z
2026-09-09T21:47:24Z,2026-09-09T23:47:24+0200,f19b45ac-0251-46d0-96e4-b90fa933f9b1,2026-09-07T12:00:00Z,2026-09-07T14:00:00+0200,18.12,EUR/MWh,FR,FR,imbalance_price,Short,2026-09-09T21:53:38Z
2026-09-09T21:47:24Z,2026-09-09T23:47:24+0200,f19b45ac-0251-46d0-96e4-b90fa933f9b1,2026-09-07T12:15:00Z,2026-09-07T14:15:00+0200,-86.18,EUR/MWh,FR,FR,imbalance_price,Long,2026-09-09T21:53:38Z
2026-09-09T21:47:24Z,2026-09-09T23:47:24+0200,f19b45ac-0251-46d0-96e4-b90fa933f9b1,2026-09-07T12:15:00Z,2026-09-07T14:15:00+0200,-77.24,EUR/MWh,FR,FR,imbalance_price,Short,2026-09-09T21:53:38Z
2026-09-09T21:47:24Z,2026-09-09T23:47:24+0200,f19b45ac-0251-46d0-96e4-b90fa933f9b1,2026-09-07T12:30:00Z,2026-09-07T14:30:00+0200,-77.11,EUR/MWh,FR,FR,imbalance_price,Long,2026-09-09T21:53:38Z
2026-09-09T21:47:24Z,2026-09-09T23:47:24+0200,f19b45ac-0251-46d0-96e4-b90fa933f9b1,2026-09-07T12:30:00Z,2026-09-07T14:30:00+0200,-69.11,EUR/MWh,FR,FR,imbalance_price,Short,2026-09-09T21:53:38Z
2026-09-09T21:47:24Z,2026-09-09T23:47:24+0200,f19b45ac-0251-46d0-96e4-b90fa933f9b1,2026-09-07T12:45:00Z,2026-09-07T14:45:00+0200,-57.82,EUR/MWh,FR,FR,imbalance_price,Long,2026-09-09T21:53:38Z
2026-09-09T21:47:24Z,2026-09-09T23:47:24+0200,f19b45ac-0251-46d0-96e4-b90fa933f9b1,2026-09-07T12:45:00Z,2026-09-07T14:45:00+0200,-51.82,EUR/MWh,FR,FR,imbalance_price,Short,2026-09-09T21:53:38Z
2026-09-09T21:47:24Z,2026-09-09T23:47:24+0200,f19b45ac-0251-46d0-96e4-b90fa933f9b1,2026-09-07T13:00:00Z,2026-09-07T15:00:00+0200,-204.22,EUR/MWh,FR,FR,imbalance_price,Long,2026-09-09T21:53:38Z
2026-09-09T21:47:24Z,2026-09-09T23:47:24+0200,f19b45ac-0251-46d0-96e4-b90fa933f9b1,2026-09-07T13:00:00Z,2026-09-07T15:00:00+0200,-183.04,EUR/MWh,FR,FR,imbalance_price,Short,2026-09-09T21:53:38Z
2026-09-09T21:47:24Z,2026-09-09T23:47:24+0200,f19b45ac-0251-46d0-96e4-b90fa933f9b1,2026-09-07T13:15:00Z,2026-09-07T15:15:00+0200,-29.72,EUR/MWh,FR,FR,imbalance_price,Long,2026-09-09T21:53:38Z
2026-09-09T21:47:24Z,2026-09-09T23:47:24+0200,f19b45ac-0251-46d0-96e4-b90fa933f9b1,2026-09-07T13:15:00Z,2026-09-07T15:15:00+0200,-26.64,EUR/MWh,FR,FR,imbalance_price,Short,2026-09-09T21:53:38Z
2026-09-09T21:47:24Z,2026-09-09T23:47:24+0200,f19b45ac-0251-46d0-96e4-b90fa933f9b1,2026-09-07T13:30:00Z,2026-09-07T15:30:00+0200,31.02,EUR/MWh,FR,FR,imbalance_price,Long,2026-09-09T21:53:38Z
2026-09-09T21:47:24Z,2026-09-09T23:47:24+0200,f19b45ac-0251-46d0-96e4-b90fa933f9b1,2026-09-07T13:30:00Z,2026-09-07T15:30:00+0200,34.6,EUR/MWh,FR,FR,imbalance_price,Short,2026-09-09T21:53:38Z
2026-09-09T21:47:24Z,2026-09-09T23:47:24+0200,f19b45ac-0251-46d0-96e4-b90fa933f9b1,2026-09-07T13:45:00Z,2026-09-07T15:45:00+0200,13.07,EUR/MWh,FR,FR,imbalance_price,Long,2026-09-09T21:53:38Z
2026-09-09T21:47:24Z,2026-09-09T23:47:24+0200,f19b45ac-0251-46d0-96e4-b90fa933f9b1,2026-09-07T13:45:00Z,2026-09-07T15:45:00+0200,14.59,EUR/MWh,FR,FR,imbalance_price,Short,2026-09-09T21:53:38Z
2026-09-09T21:47:24Z,2026-09-09T23:47:24+0200,f19b45ac-0251-46d0-96e4-b90fa933f9b1,2026-09-07T14:00:00Z,2026-09-07T16:00:00+0200,54.66,EUR/MWh,FR,FR,imbalance_price,Long,2026-09-09T21:53:38Z
2026-09-09T21:47:24Z,2026-09-09T23:47:24+0200,f19b45ac-0251-46d0-96e4-b90fa933f9b1,2026-09-07T14:00:00Z,2026-09-07T16:00:00+0200,60.98,EUR/MWh,FR,FR,imbalance_price,Short,2026-09-09T21:53:38Z
2026-09-09T21:47:24Z,2026-09-09T23:47:24+0200,f19b45ac-0251-46d0-96e4-b90fa933f9b1,2026-09-07T14:15:00Z,2026-09-07T16:15:00+0200,-9.87,EUR/MWh,FR,FR,imbalance_price,Long,2026-09-09T21:53:38Z
2026-09-09T21:47:24Z,2026-09-09T23:47:24+0200,f19b45ac-0251-46d0-96e4-b90fa933f9b1,2026-09-07T14:15:00Z,2026-09-07T16:15:00+0200,-8.85,EUR/MWh,FR,FR,imbalance_price,Short,2026-09-09T21:53:38Z
2026-09-09T21:47:24Z,2026-09-09T23:47:24+0200,f19b45ac-0251-46d0-96e4-b90fa933f9b1,2026-09-07T14:30:00Z,2026-09-07T16:30:00+0200,142.4,EUR/MWh,FR,FR,imbalance_price,Long,2026-09-09T21:53:38Z
2026-09-09T21:47:24Z,2026-09-09T23:47:24+0200,f19b45ac-0251-46d0-96e4-b90fa933f9b1,2026-09-07T14:30:00Z,2026-09-07T16:30:00+0200,158.88,EUR/MWh,FR,FR,imbalance_price,Short,2026-09-09T21:53:38Z
2026-09-09T21:47:24Z,2026-09-09T23:47:24+0200,f19b45ac-0251-46d0-96e4-b90fa933f9b1,2026-09-07T14:45:00Z,2026-09-07T16:45:00+0200,58.77,EUR/MWh,FR,FR,imbalance_price,Long,2026-09-09T21:53:38Z
2026-09-09T21:47:24Z,2026-09-09T23:47:24+0200,f19b45ac-0251-46d0-96e4-b90fa933f9b1,2026-09-07T14:45:00Z,2026-09-07T16:45:00+0200,65.57,EUR/MWh,FR,FR,imbalance_price,Short,2026-09-09T21:53:38Z
2026-09-09T21:47:24Z,2026-09-09T23:47:24+0200,f19b45ac-0251-46d0-96e4-b90fa933f9b1,2026-09-07T15:00:00Z,2026-09-07T17:00:00+0200,145.14,EUR/MWh,FR,FR,imbalance_price,Long,2026-09-09T21:53:38Z
2026-09-09T21:47:24Z,2026-09-09T23:47:24+0200,f19b45ac-0251-46d0-96e4-b90fa933f9b1,2026-09-07T15:00:00Z,2026-09-07T17:00:00+0200,161.94,EUR/MWh,FR,FR,imbalance_price,Short,2026-09-09T21:53:38Z
2026-09-09T21:47:24Z,2026-09-09T23:47:24+0200,f19b45ac-0251-46d0-96e4-b90fa933f9b1,2026-09-07T15:15:00Z,2026-09-07T17:15:00+0200,212.26,EUR/MWh,FR,FR,imbalance_price,Long,2026-09-09T21:53:38Z
2026-09-09T21:47:24Z,2026-09-09T23:47:24+0200,f19b45ac-0251-46d0-96e4-b90fa933f9b1,2026-09-07T15:15:00Z,2026-09-07T17:15:00+0200,236.82,EUR/MWh,FR,FR,imbalance_price,Short,2026-09-09T21:53:38Z
2026-09-09T21:47:24Z,2026-09-09T23:47:24+0200,f19b45ac-0251-46d0-96e4-b90fa933f9b1,2026-09-07T15:30:00Z,2026-09-07T17:30:00+0200,125.59,EUR/MWh,FR,FR,imbalance_price,Long,2026-09-09T21:53:38Z
2026-09-09T21:47:24Z,2026-09-09T23:47:24+0200,f19b45ac-0251-46d0-96e4-b90fa933f9b1,2026-09-07T15:30:00Z,2026-09-07T17:30:00+0200,140.13,EUR/MWh,FR,FR,imbalance_price,Short,2026-09-09T21:53:38Z
2026-09-09T21:47:24Z,2026-09-09T23:47:24+0200,f19b45ac-0251-46d0-96e4-b90fa933f9b1,2026-09-07T15:45:00Z,2026-09-07T17:45:00+0200,116.22,EUR/MWh,FR,FR,imbalance_price,Long,2026-09-09T21:53:38Z
2026-09-09T21:47:24Z,2026-09-09T23:47:24+0200,f19b45ac-0251-46d0-96e4-b90fa933f9b1,2026-09-07T15:45:00Z,2026-09-07T17:45:00+0200,129.66,EUR/MWh,FR,FR,imbalance_price,Short,2026-09-09T21:53:38Z
2026-09-09T21:47:24Z,2026-09-09T23:47:24+0200,f19b45ac-0251-46d0-96e4-b90fa933f9b1,2026-09-07T16:00:00Z,2026-09-07T18:00:00+0200,110.36,EUR/MWh,FR,FR,imbalance_price,Long,2026-09-09T21:53:38Z
2026-09-09T21:47:24Z,2026-09-09T23:47:24+0200,f19b45ac-0251-46d0-96e4-b90fa933f9b1,2026-09-07T16:00:00Z,2026-09-07T18:00:00+0200,123.14,EUR/MWh,FR,FR,imbalance_price,Short,2026-09-09T21:53:38Z
2026-09-09T21:47:24Z,2026-09-09T23:47:24+0200,f19b45ac-0251-46d0-96e4-b90fa933f9b1,2026-09-07T16:15:00Z,2026-09-07T18:15:00+0200,191.19,EUR/MWh,FR,FR,imbalance_price,Long,2026-09-09T21:53:38Z
2026-09-09T21:47:24Z,2026-09-09T23:47:24+0200,f19b45ac-0251-46d0-96e4-b90fa933f9b1,2026-09-07T16:15:00Z,2026-09-07T18:15:00+0200,213.31,EUR/MWh,FR,FR,imbalance_price,Short,2026-09-09T21:53:38Z
2026-09-09T21:47:24Z,2026-09-09T23:47:24+0200,f19b45ac-0251-46d0-96e4-b90fa933f9b1,2026-09-07T16:30:00Z,2026-09-07T18:30:00+0200,183.09,EUR/MWh,FR,FR,imbalance_price,Long,2026-09-09T21:53:38Z
2026-09-09T21:47:24Z,2026-09-09T23:47:24+0200,f19b45ac-0251-46d0-96e4-b90fa933f9b1,2026-09-07T16:30:00Z,2026-09-07T18:30:00+0200,204.27,EUR/MWh,FR,FR,imbalance_price,Short,2026-09-09T21:53:38Z
2026-09-09T21:47:24Z,2026-09-09T23:47:24+0200,f19b45ac-0251-46d0-96e4-b90fa933f9b1,2026-09-07T16:45:00Z,2026-09-07T18:45:00+0200,216.99,EUR/MWh,FR,FR,imbalance_price,Long,2026-09-09T21:53:38Z
2026-09-09T21:47:24Z,2026-09-09T23:47:24+0200,f19b45ac-0251-46d0-96e4-b90fa933f9b1,2026-09-07T16:45:00Z,2026-09-07T18:45:00+0200,242.11,EUR/MWh,FR,FR,imbalance_price,Short,2026-09-09T21:53:38Z
2026-09-09T21:47:24Z,2026-09-09T23:47:24+0200,f19b45ac-0251-46d0-96e4-b90fa933f9b1,2026-09-07T17:00:00Z,2026-09-07T19:00:00+0200,166.04,EUR/MWh,FR,FR,imbalance_price,Long,2026-09-09T21:53:38Z
2026-09-09T21:47:24Z,2026-09-09T23:47:24+0200,f19b45ac-0251-46d0-96e4-b90fa933f9b1,2026-09-07T17:00:00Z,2026-09-07T19:00:00+0200,185.26,EUR/MWh,FR,FR,imbalance_price,Short,2026-09-09T21:53:38Z
2026-09-09T21:47:24Z,2026-09-09T23:47:24+0200,f19b45ac-0251-46d0-96e4-b90fa933f9b1,2026-09-07T17:15:00Z,2026-09-07T19:15:00+0200,153.74,EUR/MWh,FR,FR,imbalance_price,Long,2026-09-09T21:53:38Z
2026-09-09T21:47:24Z,2026-09-09T23:47:24+0200,f19b45ac-0251-46d0-96e4-b90fa933f9b1,2026-09-07T17:15:00Z,2026-09-07T19:15:00+0200,171.54,EUR/MWh,FR,FR,imbalance_price,Short,2026-09-09T21:53:38Z
2026-09-09T21:47:24Z,2026-09-09T23:47:24+0200,f19b45ac-0251-46d0-96e4-b90fa933f9b1,2026-09-07T17:30:00Z,2026-09-07T19:30:00+0200,157.47,EUR/MWh,FR,FR,imbalance_price,Long,2026-09-09T21:53:38Z
2026-09-09T21:47:24Z,2026-09-09T23:47:24+0200,f19b45ac-0251-46d0-96e4-b90fa933f9b1,2026-09-07T17:30:00Z,2026-09-07T19:30:00+0200,175.69,EUR/MWh,FR,FR,imbalance_price,Short,2026-09-09T21:53:38Z
2026-09-09T21:47:24Z,2026-09-09T23:47:24+0200,f19b45ac-0251-46d0-96e4-b90fa933f9b1,2026-09-07T17:45:00Z,2026-09-07T19:45:00+0200,229.22,EUR/MWh,FR,FR,imbalance_price,Long,2026-09-09T21:53:38Z
2026-09-09T21:47:24Z,2026-09-09T23:47:24+0200,f19b45ac-0251-46d0-96e4-b90fa933f9b1,2026-09-07T17:45:00Z,2026-09-07T19:45:00+0200,255.74,EUR/MWh,FR,FR,imbalance_price,Short,2026-09-09T21:53:38Z
2026-09-09T21:47:24Z,2026-09-09T23:47:24+0200,f19b45ac-0251-46d0-96e4-b90fa933f9b1,2026-09-07T18:00:00Z,2026-09-07T20:00:00+0200,206.6,EUR/MWh,FR,FR,imbalance_price,Long,2026-09-09T21:53:38Z
2026-09-09T21:47:24Z,2026-09-09T23:47:24+0200,f19b45ac-0251-46d0-96e4-b90fa933f9b1,2026-09-07T18:00:00Z,2026-09-07T20:00:00+0200,230.5,EUR/MWh,FR,FR,imbalance_price,Short,2026-09-09T21:53:38Z
2026-09-09T21:47:24Z,2026-09-09T23:47:24+0200,f19b45ac-0251-46d0-96e4-b90fa933f9b1,2026-09-07T18:15:00Z,2026-09-07T20:15:00+0200,133.51,EUR/MWh,FR,FR,imbalance_price,Long,2026-09-09T21:53:38Z
2026-09-09T21:47:24Z,2026-09-09T23:47:24+0200,f19b45ac-0251-46d0-96e4-b90fa933f9b1,2026-09-07T18:15:00Z,2026-09-07T20:15:00+0200,148.97,EUR/MWh,FR,FR,imbalance_price,Short,2026-09-09T21:53:38Z
2026-09-09T21:47:24Z,2026-09-09T23:47:24+0200,f19b45ac-0251-46d0-96e4-b90fa933f9b1,2026-09-07T18:30:00Z,2026-09-07T20:30:00+0200,153.62,EUR/MWh,FR,FR,imbalance_price,Long,2026-09-09T21:53:38Z
2026-09-09T21:47:24Z,2026-09-09T23:47:24+0200,f19b45ac-0251-46d0-96e4-b90fa933f9b1,2026-09-07T18:30:00Z,2026-09-07T20:30:00+0200,171.4,EUR/MWh,FR,FR,imbalance_price,Short,2026-09-09T21:53:38Z
2026-09-09T21:47:24Z,2026-09-09T23:47:24+0200,f19b45ac-0251-46d0-96e4-b90fa933f9b1,2026-09-07T18:45:00Z,2026-09-07T20:45:00+0200,61.68,EUR/MWh,FR,FR,imbalance_price,Long,2026-09-09T21:53:38Z
2026-09-09T21:47:24Z,2026-09-09T23:47:24+0200,f19b45ac-0251-46d0-96e4-b90fa933f9b1,2026-09-07T18:45:00Z,2026-09-07T20:45:00+0200,68.82,EUR/MWh,FR,FR,imbalance_price,Short,2026-09-09T21:53:38Z
2026-09-09T21:47:24Z,2026-09-09T23:47:24+0200,f19b45ac-0251-46d0-96e4-b90fa933f9b1,2026-09-07T19:00:00Z,2026-09-07T21:00:00+0200,190.55,EUR/MWh,FR,FR,imbalance_price,Long,2026-09-09T21:53:38Z
2026-09-09T21:47:24Z,2026-09-09T23:47:24+0200,f19b45ac-0251-46d0-96e4-b90fa933f9b1,2026-09-07T19:00:00Z,2026-09-07T21:00:00+0200,212.61,EUR/MWh,FR,FR,imbalance_price,Short,2026-09-09T21:53:38Z
2026-09-09T21:47:24Z,2026-09-09T23:47:24+0200,f19b45ac-0251-46d0-96e4-b90fa933f9b1,2026-09-07T19:15:00Z,2026-09-07T21:15:00+0200,182.58,EUR/MWh,FR,FR,imbalance_price,Long,2026-09-09T21:53:38Z
2026-09-09T21:47:24Z,2026-09-09T23:47:24+0200,f19b45ac-0251-46d0-96e4-b90fa933f9b1,2026-09-07T19:15:00Z,2026-09-07T21:15:00+0200,203.72,EUR/MWh,FR,FR,imbalance_price,Short,2026-09-09T21:53:38Z
2026-09-09T21:47:24Z,2026-09-09T23:47:24+0200,f19b45ac-0251-46d0-96e4-b90fa933f9b1,2026-09-07T19:30:00Z,2026-09-07T21:30:00+0200,193.29,EUR/MWh,FR,FR,imbalance_price,Long,2026-09-09T21:53:38Z
2026-09-09T21:47:24Z,2026-09-09T23:47:24+0200,f19b45ac-0251-46d0-96e4-b90fa933f9b1,2026-09-07T19:30:00Z,2026-09-07T21:30:00+0200,215.67,EUR/MWh,FR,FR,imbalance_price,Short,2026-09-09T21:53:38Z
2026-09-09T21:47:24Z,2026-09-09T23:47:24+0200,f19b45ac-0251-46d0-96e4-b90fa933f9b1,2026-09-07T19:45:00Z,2026-09-07T21:45:00+0200,200.02,EUR/MWh,FR,FR,imbalance_price,Long,2026-09-09T21:53:38Z
2026-09-09T21:47:24Z,2026-09-09T23:47:24+0200,f19b45ac-0251-46d0-96e4-b90fa933f9b1,2026-09-07T19:45:00Z,2026-09-07T21:45:00+0200,223.16,EUR/MWh,FR,FR,imbalance_price,Short,2026-09-09T21:53:38Z
2026-09-09T21:47:24Z,2026-09-09T23:47:24+0200,f19b45ac-0251-46d0-96e4-b90fa933f9b1,2026-09-07T20:00:00Z,2026-09-07T22:00:00+0200,206.92,EUR/MWh,FR,FR,imbalance_price,Long,2026-09-09T21:53:38Z
2026-09-09T21:47:24Z,2026-09-09T23:47:24+0200,f19b45ac-0251-46d0-96e4-b90fa933f9b1,2026-09-07T20:00:00Z,2026-09-07T22:00:00+0200,230.86,EUR/MWh,FR,FR,imbalance_price,Short,2026-09-09T21:53:38Z
2026-09-09T21:47:24Z,2026-09-09T23:47:24+0200,f19b45ac-0251-46d0-96e4-b90fa933f9b1,2026-09-07T20:15:00Z,2026-09-07T22:15:00+0200,197.93,EUR/MWh,FR,FR,imbalance_price,Long,2026-09-09T21:53:38Z
2026-09-09T21:47:24Z,2026-09-09T23:47:24+0200,f19b45ac-0251-46d0-96e4-b90fa933f9b1,2026-09-07T20:15:00Z,2026-09-07T22:15:00+0200,220.83,EUR/MWh,FR,FR,imbalance_price,Short,2026-09-09T21:53:38Z
2026-09-09T21:47:24Z,2026-09-09T23:47:24+0200,f19b45ac-0251-46d0-96e4-b90fa933f9b1,2026-09-07T20:30:00Z,2026-09-07T22:30:00+0200,185.81,EUR/MWh,FR,FR,imbalance_price,Long,2026-09-09T21:53:38Z
2026-09-09T21:47:24Z,2026-09-09T23:47:24+0200,f19b45ac-0251-46d0-96e4-b90fa933f9b1,2026-09-07T20:30:00Z,2026-09-07T22:30:00+0200,207.31,EUR/MWh,FR,FR,imbalance_price,Short,2026-09-09T21:53:38Z
2026-09-09T21:47:24Z,2026-09-09T23:47:24+0200,f19b45ac-0251-46d0-96e4-b90fa933f9b1,2026-09-07T20:45:00Z,2026-09-07T22:45:00+0200,203.24,EUR/MWh,FR,FR,imbalance_price,Long,2026-09-09T21:53:38Z
2026-09-09T21:47:24Z,2026-09-09T23:47:24+0200,f19b45ac-0251-46d0-96e4-b90fa933f9b1,2026-09-07T20:45:00Z,2026-09-07T22:45:00+0200,226.76,EUR/MWh,FR,FR,imbalance_price,Short,2026-09-09T21:53:38Z
2026-09-09T21:47:24Z,2026-09-09T23:47:24+0200,f19b45ac-0251-46d0-96e4-b90fa933f9b1,2026-09-07T21:00:00Z,2026-09-07T23:00:00+0200,205.07,EUR/MWh,FR,FR,imbalance_price,Long,2026-09-09T21:53:38Z
2026-09-09T21:47:24Z,2026-09-09T23:47:24+0200,f19b45ac-0251-46d0-96e4-b90fa933f9b1,2026-09-07T21:00:00Z,2026-09-07T23:00:00+0200,228.81,EUR/MWh,FR,FR,imbalance_price,Short,2026-09-09T21:53:38Z
2026-09-09T21:47:24Z,2026-09-09T23:47:24+0200,f19b45ac-0251-46d0-96e4-b90fa933f9b1,2026-09-07T21:15:00Z,2026-09-07T23:15:00+0200,208.74,EUR/MWh,FR,FR,imbalance_price,Long,2026-09-09T21:53:38Z
2026-09-09T21:47:24Z,2026-09-09T23:47:24+0200,f19b45ac-0251-46d0-96e4-b90fa933f9b1,2026-09-07T21:15:00Z,2026-09-07T23:15:00+0200,232.9,EUR/MWh,FR,FR,imbalance_price,Short,2026-09-09T21:53:38Z
2026-09-09T21:47:24Z,2026-09-09T23:47:24+0200,f19b45ac-0251-46d0-96e4-b90fa933f9b1,2026-09-07T21:30:00Z,2026-09-07T23:30:00+0200,210.98,EUR/MWh,FR,FR,imbalance_price,Long,2026-09-09T21:53:38Z
2026-09-09T21:47:24Z,2026-09-09T23:47:24+0200,f19b45ac-0251-46d0-96e4-b90fa933f9b1,2026-09-07T21:30:00Z,2026-09-07T23:30:00+0200,235.4,EUR/MWh,FR,FR,imbalance_price,Short,2026-09-09T21:53:38Z
2026-09-09T21:47:24Z,2026-09-09T23:47:24+0200,f19b45ac-0251-46d0-96e4-b90fa933f9b1,2026-09-07T21:45:00Z,2026-09-07T23:45:00+0200,217.11,EUR/MWh,FR,FR,imbalance_price,Long,2026-09-09T21:53:38Z
2026-09-09T21:47:24Z,2026-09-09T23:47:24+0200,f19b45ac-0251-46d0-96e4-b90fa933f9b1,2026-09-07T21:45:00Z,2026-09-07T23:45:00+0200,242.23,EUR/MWh,FR,FR,imbalance_price,Short,2026-09-09T21:53:38Z
2026-09-09T21:47:24Z,2026-09-09T23:47:24+0200,f19b45ac-0251-46d0-96e4-b90fa933f9b1,2026-09-07T22:00:00Z,2026-09-08T00:00:00+0200,208.87,EUR/MWh,FR,FR,imbalance_price,Long,2026-09-09T21:53:38Z
2026-09-09T21:47:24Z,2026-09-09T23:47:24+0200,f19b45ac-0251-46d0-96e4-b90fa933f9b1,2026-09-07T22:00:00Z,2026-09-08T00:00:00+0200,233.05,EUR/MWh,FR,FR,imbalance_price,Short,2026-09-09T21:53:38Z
2026-09-09T21:47:24Z,2026-09-09T23:47:24+0200,f19b45ac-0251-46d0-96e4-b90fa933f9b1,2026-09-07T22:15:00Z,2026-09-08T00:15:00+0200,184.45,EUR/MWh,FR,FR,imbalance_price,Long,2026-09-09T21:53:38Z
2026-09-09T21:47:24Z,2026-09-09T23:47:24+0200,f19b45ac-0251-46d0-96e4-b90fa933f9b1,2026-09-07T22:15:00Z,2026-09-08T00:15:00+0200,205.79,EUR/MWh,FR,FR,imbalance_price,Short,2026-09-09T21:53:38Z
2026-09-09T21:47:24Z,2026-09-09T23:47:24+0200,f19b45ac-0251-46d0-96e4-b90fa933f9b1,2026-09-07T22:30:00Z,2026-09-08T00:30:00+0200,125.98,EUR/MWh,FR,FR,imbalance_price,Long,2026-09-09T21:53:38Z
2026-09-09T21:47:24Z,2026-09-09T23:47:24+0200,f19b45ac-0251-46d0-96e4-b90fa933f9b1,2026-09-07T22:30:00Z,2026-09-08T00:30:00+0200,140.56,EUR/MWh,FR,FR,imbalance_price,Short,2026-09-09T21:53:38Z
2026-09-09T21:47:24Z,2026-09-09T23:47:24+0200,f19b45ac-0251-46d0-96e4-b90fa933f9b1,2026-09-07T22:45:00Z,2026-09-08T00:45:00+0200,158.75,EUR/MWh,FR,FR,imbalance_price,Long,2026-09-09T21:53:38Z
2026-09-09T21:47:24Z,2026-09-09T23:47:24+0200,f19b45ac-0251-46d0-96e4-b90fa933f9b1,2026-09-07T22:45:00Z,2026-09-08T00:45:00+0200,177.13,EUR/MWh,FR,FR,imbalance_price,Short,2026-09-09T21:53:38Z
2026-09-09T21:47:24Z,2026-09-09T23:47:24+0200,f19b45ac-0251-46d0-96e4-b90fa933f9b1,2026-09-07T23:00:00Z,2026-09-08T01:00:00+0200,137.24,EUR/MWh,FR,FR,imbalance_price,Long,2026-09-09T21:53:38Z
2026-09-09T21:47:24Z,2026-09-09T23:47:24+0200,f19b45ac-0251-46d0-96e4-b90fa933f9b1,2026-09-07T23:00:00Z,2026-09-08T01:00:00+0200,153.12,EUR/MWh,FR,FR,imbalance_price,Short,2026-09-09T21:53:38Z
2026-09-09T21:47:24Z,2026-09-09T23:47:24+0200,f19b45ac-0251-46d0-96e4-b90fa933f9b1,2026-09-07T23:15:00Z,2026-09-08T01:15:00+0200,146.46,EUR/MWh,FR,FR,imbalance_price,Long,2026-09-09T21:53:38Z
2026-09-09T21:47:24Z,2026-09-09T23:47:24+0200,f19b45ac-0251-46d0-96e4-b90fa933f9b1,2026-09-07T23:15:00Z,2026-09-08T01:15:00+0200,163.42,EUR/MWh,FR,FR,imbalance_price,Short,2026-09-09T21:53:38Z
2026-09-09T21:47:24Z,2026-09-09T23:47:24+0200,f19b45ac-0251-46d0-96e4-b90fa933f9b1,2026-09-07T23:30:00Z,2026-09-08T01:30:00+0200,41.62,EUR/MWh,FR,FR,imbalance_price,Long,2026-09-09T21:53:38Z
2026-09-09T21:47:24Z,2026-09-09T23:47:24+0200,f19b45ac-0251-46d0-96e4-b90fa933f9b1,2026-09-07T23:30:00Z,2026-09-08T01:30:00+0200,46.44,EUR/MWh,FR,FR,imbalance_price,Short,2026-09-09T21:53:38Z
2026-09-09T21:47:24Z,2026-09-09T23:47:24+0200,f19b45ac-0251-46d0-96e4-b90fa933f9b1,2026-09-07T23:45:00Z,2026-09-08T01:45:00+0200,43.25,EUR/MWh,FR,FR,imbalance_price,Long,2026-09-09T21:53:38Z
2026-09-09T21:47:24Z,2026-09-09T23:47:24+0200,f19b45ac-0251-46d0-96e4-b90fa933f9b1,2026-09-07T23:45:00Z,2026-09-08T01:45:00+0200,48.25,EUR/MWh,FR,FR,imbalance_price,Short,2026-09-09T21:53:38Z
2026-09-09T21:47:24Z,2026-09-09T23:47:24+0200,f19b45ac-0251-46d0-96e4-b90fa933f9b1,2026-09-08T00:00:00Z,2026-09-08T02:00:00+0200,36.42,EUR/MWh,FR,FR,imbalance_price,Long,2026-09-09T21:53:38Z
2026-09-09T21:47:24Z,2026-09-09T23:47:24+0200,f19b45ac-0251-46d0-96e4-b90fa933f9b1,2026-09-08T00:00:00Z,2026-09-08T02:00:00+0200,40.64,EUR/MWh,FR,FR,imbalance_price,Short,2026-09-09T21:53:38Z
2026-09-09T21:47:24Z,2026-09-09T23:47:24+0200,f19b45ac-0251-46d0-96e4-b90fa933f9b1,2026-09-08T00:15:00Z,2026-09-08T02:15:00+0200,36.42,EUR/MWh,FR,FR,imbalance_price,Long,2026-09-09T21:53:38Z
2026-09-09T21:47:24Z,2026-09-09T23:47:24+0200,f19b45ac-0251-46d0-96e4-b90fa933f9b1,2026-09-08T00:15:00Z,2026-09-08T02:15:00+0200,40.64,EUR/MWh,FR,FR,imbalance_price,Short,2026-09-09T21:53:38Z
2026-09-09T21:47:24Z,2026-09-09T23:47:24+0200,f19b45ac-0251-46d0-96e4-b90fa933f9b1,2026-09-08T00:30:00Z,2026-09-08T02:30:00+0200,36.42,EUR/MWh,FR,FR,imbalance_price,Long,2026-09-09T21:53:38Z
2026-09-09T21:47:24Z,2026-09-09T23:47:24+0200,f19b45ac-0251-46d0-96e4-b90fa933f9b1,2026-09-08T00:30:00Z,2026-09-08T02:30:00+0200,40.64,EUR/MWh,FR,FR,imbalance_price,Short,2026-09-09T21:53:38Z
2026-09-09T21:47:24Z,2026-09-09T23:47:24+0200,f19b45ac-0251-46d0-96e4-b90fa933f9b1,2026-09-08T00:45:00Z,2026-09-08T02:45:00+0200,100.92,EUR/MWh,FR,FR,imbalance_price,Long,2026-09-09T21:53:38Z
2026-09-09T21:47:24Z,2026-09-09T23:47:24+0200,f19b45ac-0251-46d0-96e4-b90fa933f9b1,2026-09-08T00:45:00Z,2026-09-08T02:45:00+0200,112.6,EUR/MWh,FR,FR,imbalance_price,Short,2026-09-09T21:53:38Z
2026-09-09T21:47:24Z,2026-09-09T23:47:24+0200,f19b45ac-0251-46d0-96e4-b90fa933f9b1,2026-09-08T01:00:00Z,2026-09-08T03:00:00+0200,55.63,EUR/MWh,FR,FR,imbalance_price,Long,2026-09-09T21:53:38Z
2026-09-09T21:47:24Z,2026-09-09T23:47:24+0200,f19b45ac-0251-46d0-96e4-b90fa933f9b1,2026-09-08T01:00:00Z,2026-09-08T03:00:00+0200,62.07,EUR/MWh,FR,FR,imbalance_price,Short,2026-09-09T21:53:38Z
2026-09-09T21:47:24Z,2026-09-09T23:47:24+0200,f19b45ac-0251-46d0-96e4-b90fa933f9b1,2026-09-08T01:15:00Z,2026-09-08T03:15:00+0200,38.02,EUR/MWh,FR,FR,imbalance_price,Long,2026-09-09T21:53:38Z
2026-09-09T21:47:24Z,2026-09-09T23:47:24+0200,f19b45ac-0251-46d0-96e4-b90fa933f9b1,2026-09-08T01:15:00Z,2026-09-08T03:15:00+0200,42.42,EUR/MWh,FR,FR,imbalance_price,Short,2026-09-09T21:53:38Z
2026-09-09T21:47:24Z,2026-09-09T23:47:24+0200,f19b45ac-0251-46d0-96e4-b90fa933f9b1,2026-09-08T01:30:00Z,2026-09-08T03:30:00+0200,38.02,EUR/MWh,FR,FR,imbalance_price,Long,2026-09-09T21:53:38Z
2026-09-09T21:47:24Z,2026-09-09T23:47:24+0200,f19b45ac-0251-46d0-96e4-b90fa933f9b1,2026-09-08T01:30:00Z,2026-09-08T03:30:00+0200,42.42,EUR/MWh,FR,FR,imbalance_price,Short,2026-09-09T21:53:38Z
2026-09-09T21:47:24Z,2026-09-09T23:47:24+0200,f19b45ac-0251-46d0-96e4-b90fa933f9b1,2026-09-08T01:45:00Z,2026-09-08T03:45:00+0200,39.08,EUR/MWh,FR,FR,imbalance_price,Long,2026-09-09T21:53:38Z
2026-09-09T21:47:24Z,2026-09-09T23:47:24+0200,f19b45ac-0251-46d0-96e4-b90fa933f9b1,2026-09-08T01:45:00Z,2026-09-08T03:45:00+0200,43.6,EUR/MWh,FR,FR,imbalance_price,Short,2026-09-09T21:53:38Z
2026-09-09T21:47:24Z,2026-09-09T23:47:24+0200,f19b45ac-0251-46d0-96e4-b90fa933f9b1,2026-09-08T02:00:00Z,2026-09-08T04:00:00+0200,147.32,EUR/MWh,FR,FR,imbalance_price,Long,2026-09-09T21:53:38Z
2026-09-09T21:47:24Z,2026-09-09T23:47:24+0200,f19b45ac-0251-46d0-96e4-b90fa933f9b1,2026-09-08T02:00:00Z,2026-09-08T04:00:00+0200,164.36,EUR/MWh,FR,FR,imbalance_price,Short,2026-09-09T21:53:38Z
2026-09-09T21:47:24Z,2026-09-09T23:47:24+0200,f19b45ac-0251-46d0-96e4-b90fa933f9b1,2026-09-08T02:15:00Z,2026-09-08T04:15:00+0200,147.32,EUR/MWh,FR,FR,imbalance_price,Long,2026-09-09T21:53:38Z
2026-09-09T21:47:24Z,2026-09-09T23:47:24+0200,f19b45ac-0251-46d0-96e4-b90fa933f9b1,2026-09-08T02:15:00Z,2026-09-08T04:15:00+0200,164.36,EUR/MWh,FR,FR,imbalance_price,Short,2026-09-09T21:53:38Z
2026-09-09T21:47:24Z,2026-09-09T23:47:24+0200,f19b45ac-0251-46d0-96e4-b90fa933f9b1,2026-09-08T02:30:00Z,2026-09-08T04:30:00+0200,41.62,EUR/MWh,FR,FR,imbalance_price,Long,2026-09-09T21:53:38Z
2026-09-09T21:47:24Z,2026-09-09T23:47:24+0200,f19b45ac-0251-46d0-96e4-b90fa933f9b1,2026-09-08T02:30:00Z,2026-09-08T04:30:00+0200,46.44,EUR/MWh,FR,FR,imbalance_price,Short,2026-09-09T21:53:38Z
2026-09-09T21:47:24Z,2026-09-09T23:47:24+0200,f19b45ac-0251-46d0-96e4-b90fa933f9b1,2026-09-08T02:45:00Z,2026-09-08T04:45:00+0200,72.75,EUR/MWh,FR,FR,imbalance_price,Long,2026-09-09T21:53:38Z
2026-09-09T21:47:24Z,2026-09-09T23:47:24+0200,f19b45ac-0251-46d0-96e4-b90fa933f9b1,2026-09-08T02:45:00Z,2026-09-08T04:45:00+0200,81.17,EUR/MWh,FR,FR,imbalance_price,Short,2026-09-09T21:53:38Z
2026-09-09T21:47:24Z,2026-09-09T23:47:24+0200,f19b45ac-0251-46d0-96e4-b90fa933f9b1,2026-09-08T03:00:00Z,2026-09-08T05:00:00+0200,41.62,EUR/MWh,FR,FR,imbalance_price,Long,2026-09-09T21:53:38Z
2026-09-09T21:47:24Z,2026-09-09T23:47:24+0200,f19b45ac-0251-46d0-96e4-b90fa933f9b1,2026-09-08T03:00:00Z,2026-09-08T05:00:00+0200,46.44,EUR/MWh,FR,FR,imbalance_price,Short,2026-09-09T21:53:38Z
2026-09-09T21:47:24Z,2026-09-09T23:47:24+0200,f19b45ac-0251-46d0-96e4-b90fa933f9b1,2026-09-08T03:15:00Z,2026-09-08T05:15:00+0200,41.62,EUR/MWh,FR,FR,imbalance_price,Long,2026-09-09T21:53:38Z
2026-09-09T21:47:24Z,2026-09-09T23:47:24+0200,f19b45ac-0251-46d0-96e4-b90fa933f9b1,2026-09-08T03:15:00Z,2026-09-08T05:15:00+0200,46.44,EUR/MWh,FR,FR,imbalance_price,Short,2026-09-09T21:53:38Z
2026-09-09T21:47:24Z,2026-09-09T23:47:24+0200,f19b45ac-0251-46d0-96e4-b90fa933f9b1,2026-09-08T03:30:00Z,2026-09-08T05:30:00+0200,106.44,EUR/MWh,FR,FR,imbalance_price,Long,2026-09-09T21:53:38Z
2026-09-09T21:47:24Z,2026-09-09T23:47:24+0200,f19b45ac-0251-46d0-96e4-b90fa933f9b1,2026-09-08T03:30:00Z,2026-09-08T05:30:00+0200,118.76,EUR/MWh,FR,FR,imbalance_price,Short,2026-09-09T21:53:38Z
2026-09-09T21:47:24Z,2026-09-09T23:47:24+0200,f19b45ac-0251-46d0-96e4-b90fa933f9b1,2026-09-08T03:45:00Z,2026-09-08T05:45:00+0200,121.71,EUR/MWh,FR,FR,imbalance_price,Long,2026-09-09T21:53:38Z
2026-09-09T21:47:24Z,2026-09-09T23:47:24+0200,f19b45ac-0251-46d0-96e4-b90fa933f9b1,2026-09-08T03:45:00Z,2026-09-08T05:45:00+0200,135.79,EUR/MWh,FR,FR,imbalance_price,Short,2026-09-09T21:53:38Z
2026-09-09T21:47:24Z,2026-09-09T23:47:24+0200,f19b45ac-0251-46d0-96e4-b90fa933f9b1,2026-09-08T04:00:00Z,2026-09-08T06:00:00+0200,132.71,EUR/MWh,FR,FR,imbalance_price,Long,2026-09-09T21:53:38Z
2026-09-09T21:47:24Z,2026-09-09T23:47:24+0200,f19b45ac-0251-46d0-96e4-b90fa933f9b1,2026-09-08T04:00:00Z,2026-09-08T06:00:00+0200,148.07,EUR/MWh,FR,FR,imbalance_price,Short,2026-09-09T21:53:38Z
2026-09-09T21:47:24Z,2026-09-09T23:47:24+0200,f19b45ac-0251-46d0-96e4-b90fa933f9b1,2026-09-08T04:15:00Z,2026-09-08T06:15:00+0200,184.75,EUR/MWh,FR,FR,imbalance_price,Long,2026-09-09T21:53:38Z
2026-09-09T21:47:24Z,2026-09-09T23:47:24+0200,f19b45ac-0251-46d0-96e4-b90fa933f9b1,2026-09-08T04:15:00Z,2026-09-08T06:15:00+0200,206.13,EUR/MWh,FR,FR,imbalance_price,Short,2026-09-09T21:53:38Z
2026-09-09T21:47:24Z,2026-09-09T23:47:24+0200,f19b45ac-0251-46d0-96e4-b90fa933f9b1,2026-09-08T04:30:00Z,2026-09-08T06:30:00+0200,165.42,EUR/MWh,FR,FR,imbalance_price,Long,2026-09-09T21:53:38Z
2026-09-09T21:47:24Z,2026-09-09T23:47:24+0200,f19b45ac-0251-46d0-96e4-b90fa933f9b1,2026-09-08T04:30:00Z,2026-09-08T06:30:00+0200,184.56,EUR/MWh,FR,FR,imbalance_price,Short,2026-09-09T21:53:38Z
2026-09-09T21:47:24Z,2026-09-09T23:47:24+0200,f19b45ac-0251-46d0-96e4-b90fa933f9b1,2026-09-08T04:45:00Z,2026-09-08T06:45:00+0200,208.35,EUR/MWh,FR,FR,imbalance_price,Long,2026-09-09T21:53:38Z
2026-09-09T21:47:24Z,2026-09-09T23:47:24+0200,f19b45ac-0251-46d0-96e4-b90fa933f9b1,2026-09-08T04:45:00Z,2026-09-08T06:45:00+0200,232.47,EUR/MWh,FR,FR,imbalance_price,Short,2026-09-09T21:53:38Z
2026-09-09T21:47:24Z,2026-09-09T23:47:24+0200,f19b45ac-0251-46d0-96e4-b90fa933f9b1,2026-09-08T05:00:00Z,2026-09-08T07:00:00+0200,156.1,EUR/MWh,FR,FR,imbalance_price,Long,2026-09-09T21:53:38Z
2026-09-09T21:47:24Z,2026-09-09T23:47:24+0200,f19b45ac-0251-46d0-96e4-b90fa933f9b1,2026-09-08T05:00:00Z,2026-09-08T07:00:00+0200,174.16,EUR/MWh,FR,FR,imbalance_price,Short,2026-09-09T21:53:38Z
2026-09-09T21:47:24Z,2026-09-09T23:47:24+0200,f19b45ac-0251-46d0-96e4-b90fa933f9b1,2026-09-08T05:15:00Z,2026-09-08T07:15:00+0200,172.92,EUR/MWh,FR,FR,imbalance_price,Long,2026-09-09T21:53:38Z
2026-09-09T21:47:24Z,2026-09-09T23:47:24+0200,f19b45ac-0251-46d0-96e4-b90fa933f9b1,2026-09-08T05:15:00Z,2026-09-08T07:15:00+0200,192.94,EUR/MWh,FR,FR,imbalance_price,Short,2026-09-09T21:53:38Z
2026-09-09T21:47:24Z,2026-09-09T23:47:24+0200,f19b45ac-0251-46d0-96e4-b90fa933f9b1,2026-09-08T05:30:00Z,2026-09-08T07:30:00+0200,180.66,EUR/MWh,FR,FR,imbalance_price,Long,2026-09-09T21:53:38Z
2026-09-09T21:47:24Z,2026-09-09T23:47:24+0200,f19b45ac-0251-46d0-96e4-b90fa933f9b1,2026-09-08T05:30:00Z,2026-09-08T07:30:00+0200,201.56,EUR/MWh,FR,FR,imbalance_price,Short,2026-09-09T21:53:38Z
2026-09-09T21:47:24Z,2026-09-09T23:47:24+0200,f19b45ac-0251-46d0-96e4-b90fa933f9b1,2026-09-08T05:45:00Z,2026-09-08T07:45:00+0200,160.0,EUR/MWh,FR,FR,imbalance_price,Long,2026-09-09T21:53:38Z
2026-09-09T21:47:24Z,2026-09-09T23:47:24+0200,f19b45ac-0251-46d0-96e4-b90fa933f9b1,2026-09-08T05:45:00Z,2026-09-08T07:45:00+0200,178.52,EUR/MWh,FR,FR,imbalance_price,Short,2026-09-09T21:53:38Z
2026-09-09T21:47:24Z,2026-09-09T23:47:24+0200,f19b45ac-0251-46d0-96e4-b90fa933f9b1,2026-09-08T06:00:00Z,2026-09-08T08:00:00+0200,195.46,EUR/MWh,FR,FR,imbalance_price,Long,2026-09-09T21:53:38Z
2026-09-09T21:47:24Z,2026-09-09T23:47:24+0200,f19b45ac-0251-46d0-96e4-b90fa933f9b1,2026-09-08T06:00:00Z,2026-09-08T08:00:00+0200,218.08,EUR/MWh,FR,FR,imbalance_price,Short,2026-09-09T21:53:38Z
2026-09-09T21:47:24Z,2026-09-09T23:47:24+0200,f19b45ac-0251-46d0-96e4-b90fa933f9b1,2026-09-08T06:15:00Z,2026-09-08T08:15:00+0200,169.23,EUR/MWh,FR,FR,imbalance_price,Long,2026-09-09T21:53:38Z
2026-09-09T21:47:24Z,2026-09-09T23:47:24+0200,f19b45ac-0251-46d0-96e4-b90fa933f9b1,2026-09-08T06:15:00Z,2026-09-08T08:15:00+0200,188.81,EUR/MWh,FR,FR,imbalance_price,Short,2026-09-09T21:53:38Z
2026-09-09T21:47:24Z,2026-09-09T23:47:24+0200,f19b45ac-0251-46d0-96e4-b90fa933f9b1,2026-09-08T06:30:00Z,2026-09-08T08:30:00+0200,134.88,EUR/MWh,FR,FR,imbalance_price,Long,2026-09-09T21:53:38Z
2026-09-09T21:47:24Z,2026-09-09T23:47:24+0200,f19b45ac-0251-46d0-96e4-b90fa933f9b1,2026-09-08T06:30:00Z,2026-09-08T08:30:00+0200,150.48,EUR/MWh,FR,FR,imbalance_price,Short,2026-09-09T21:53:38Z
2026-09-09T21:47:24Z,2026-09-09T23:47:24+0200,f19b45ac-0251-46d0-96e4-b90fa933f9b1,2026-09-08T06:45:00Z,2026-09-08T08:45:00+0200,98.13,EUR/MWh,FR,FR,imbalance_price,Long,2026-09-09T21:53:38Z
2026-09-09T21:47:24Z,2026-09-09T23:47:24+0200,f19b45ac-0251-46d0-96e4-b90fa933f9b1,2026-09-08T06:45:00Z,2026-09-08T08:45:00+0200,109.49,EUR/MWh,FR,FR,imbalance_price,Short,2026-09-09T21:53:38Z
2026-09-09T21:47:24Z,2026-09-09T23:47:24+0200,f19b45ac-0251-46d0-96e4-b90fa933f9b1,2026-09-08T07:00:00Z,2026-09-08T09:00:00+0200,317.66,EUR/MWh,FR,FR,imbalance_price,Long,2026-09-09T21:53:38Z
2026-09-09T21:47:24Z,2026-09-09T23:47:24+0200,f19b45ac-0251-46d0-96e4-b90fa933f9b1,2026-09-08T07:00:00Z,2026-09-08T09:00:00+0200,354.42,EUR/MWh,FR,FR,imbalance_price,Short,2026-09-09T21:53:38Z
2026-09-09T21:47:24Z,2026-09-09T23:47:24+0200,f19b45ac-0251-46d0-96e4-b90fa933f9b1,2026-09-08T07:15:00Z,2026-09-08T09:15:00+0200,245.39,EUR/MWh,FR,FR,imbalance_price,Long,2026-09-09T21:53:38Z
2026-09-09T21:47:24Z,2026-09-09T23:47:24+0200,f19b45ac-0251-46d0-96e4-b90fa933f9b1,2026-09-08T07:15:00Z,2026-09-08T09:15:00+0200,273.79,EUR/MWh,FR,FR,imbalance_price,Short,2026-09-09T21:53:38Z
2026-09-09T21:47:24Z,2026-09-09T23:47:24+0200,f19b45ac-0251-46d0-96e4-b90fa933f9b1,2026-09-08T07:30:00Z,2026-09-08T09:30:00+0200,173.39,EUR/MWh,FR,FR,imbalance_price,Long,2026-09-09T21:53:38Z
2026-09-09T21:47:24Z,2026-09-09T23:47:24+0200,f19b45ac-0251-46d0-96e4-b90fa933f9b1,2026-09-08T07:30:00Z,2026-09-08T09:30:00+0200,193.45,EUR/MWh,FR,FR,imbalance_price,Short,2026-09-09T21:53:38Z
2026-09-09T21:47:24Z,2026-09-09T23:47:24+0200,f19b45ac-0251-46d0-96e4-b90fa933f9b1,2026-09-08T07:45:00Z,2026-09-08T09:45:00+0200,169.4,EUR/MWh,FR,FR,imbalance_price,Long,2026-09-09T21:53:38Z
2026-09-09T21:47:24Z,2026-09-09T23:47:24+0200,f19b45ac-0251-46d0-96e4-b90fa933f9b1,2026-09-08T07:45:00Z,2026-09-08T09:45:00+0200,189.0,EUR/MWh,FR,FR,imbalance_price,Short,2026-09-09T21:53:38Z
2026-09-09T21:47:24Z,2026-09-09T23:47:24+0200,f19b45ac-0251-46d0-96e4-b90fa933f9b1,2026-09-08T08:00:00Z,2026-09-08T10:00:00+0200,186.69,EUR/MWh,FR,FR,imbalance_price,Long,2026-09-09T21:53:38Z
2026-09-09T21:47:24Z,2026-09-09T23:47:24+0200,f19b45ac-0251-46d0-96e4-b90fa933f9b1,2026-09-08T08:00:00Z,2026-09-08T10:00:00+0200,208.29,EUR/MWh,FR,FR,imbalance_price,Short,2026-09-09T21:53:38Z
2026-09-09T21:47:24Z,2026-09-09T23:47:24+0200,f19b45ac-0251-46d0-96e4-b90fa933f9b1,2026-09-08T08:15:00Z,2026-09-08T10:15:00+0200,164.43,EUR/MWh,FR,FR,imbalance_price,Long,2026-09-09T21:53:38Z
2026-09-09T21:47:24Z,2026-09-09T23:47:24+0200,f19b45ac-0251-46d0-96e4-b90fa933f9b1,2026-09-08T08:15:00Z,2026-09-08T10:15:00+0200,183.45,EUR/MWh,FR,FR,imbalance_price,Short,2026-09-09T21:53:38Z
2026-09-09T21:47:24Z,2026-09-09T23:47:24+0200,f19b45ac-0251-46d0-96e4-b90fa933f9b1,2026-09-08T08:30:00Z,2026-09-08T10:30:00+0200,168.89,EUR/MWh,FR,FR,imbalance_price,Long,2026-09-09T21:53:38Z
2026-09-09T21:47:24Z,2026-09-09T23:47:24+0200,f19b45ac-0251-46d0-96e4-b90fa933f9b1,2026-09-08T08:30:00Z,2026-09-08T10:30:00+0200,188.43,EUR/MWh,FR,FR,imbalance_price,Short,2026-09-09T21:53:38Z
2026-09-09T21:47:24Z,2026-09-09T23:47:24+0200,f19b45ac-0251-46d0-96e4-b90fa933f9b1,2026-09-08T08:45:00Z,2026-09-08T10:45:00+0200,151.64,EUR/MWh,FR,FR,imbalance_price,Long,2026-09-09T21:53:38Z
2026-09-09T21:47:24Z,2026-09-09T23:47:24+0200,f19b45ac-0251-46d0-96e4-b90fa933f9b1,2026-09-08T08:45:00Z,2026-09-08T10:45:00+0200,169.18,EUR/MWh,FR,FR,imbalance_price,Short,2026-09-09T21:53:38Z
2026-09-09T21:47:24Z,2026-09-09T23:47:24+0200,f19b45ac-0251-46d0-96e4-b90fa933f9b1,2026-09-08T09:00:00Z,2026-09-08T11:00:00+0200,221.39,EUR/MWh,FR,FR,imbalance_price,Long,2026-09-09T21:53:38Z
2026-09-09T21:47:24Z,2026-09-09T23:47:24+0200,f19b45ac-0251-46d0-96e4-b90fa933f9b1,2026-09-08T09:00:00Z,2026-09-08T11:00:00+0200,247.01,EUR/MWh,FR,FR,imbalance_price,Short,2026-09-09T21:53:38Z
2026-09-09T21:47:24Z,2026-09-09T23:47:24+0200,f19b45ac-0251-46d0-96e4-b90fa933f9b1,2026-09-08T09:15:00Z,2026-09-08T11:15:00+0200,203.26,EUR/MWh,FR,FR,imbalance_price,Long,2026-09-09T21:53:38Z
2026-09-09T21:47:24Z,2026-09-09T23:47:24+0200,f19b45ac-0251-46d0-96e4-b90fa933f9b1,2026-09-08T09:15:00Z,2026-09-08T11:15:00+0200,226.78,EUR/MWh,FR,FR,imbalance_price,Short,2026-09-09T21:53:38Z
2026-09-09T21:47:24Z,2026-09-09T23:47:24+0200,f19b45ac-0251-46d0-96e4-b90fa933f9b1,2026-09-08T09:30:00Z,2026-09-08T11:30:00+0200,158.19,EUR/MWh,FR,FR,imbalance_price,Long,2026-09-09T21:53:38Z
2026-09-09T21:47:24Z,2026-09-09T23:47:24+0200,f19b45ac-0251-46d0-96e4-b90fa933f9b1,2026-09-08T09:30:00Z,2026-09-08T11:30:00+0200,176.49,EUR/MWh,FR,FR,imbalance_price,Short,2026-09-09T21:53:38Z
2026-09-09T21:47:24Z,2026-09-09T23:47:24+0200,f19b45ac-0251-46d0-96e4-b90fa933f9b1,2026-09-08T09:45:00Z,2026-09-08T11:45:00+0200,162.56,EUR/MWh,FR,FR,imbalance_price,Long,2026-09-09T21:53:38Z
2026-09-09T21:47:24Z,2026-09-09T23:47:24+0200,f19b45ac-0251-46d0-96e4-b90fa933f9b1,2026-09-08T09:45:00Z,2026-09-08T11:45:00+0200,181.38,EUR/MWh,FR,FR,imbalance_price,Short,2026-09-09T21:53:38Z
2026-09-09T21:47:24Z,2026-09-09T23:47:24+0200,f19b45ac-0251-46d0-96e4-b90fa933f9b1,2026-09-08T10:00:00Z,2026-09-08T12:00:00+0200,196.31,EUR/MWh,FR,FR,imbalance_price,Long,2026-09-09T21:53:38Z
2026-09-09T21:47:24Z,2026-09-09T23:47:24+0200,f19b45ac-0251-46d0-96e4-b90fa933f9b1,2026-09-08T10:00:00Z,2026-09-08T12:00:00+0200,219.03,EUR/MWh,FR,FR,imbalance_price,Short,2026-09-09T21:53:38Z
2026-09-09T21:47:24Z,2026-09-09T23:47:24+0200,f19b45ac-0251-46d0-96e4-b90fa933f9b1,2026-09-08T10:15:00Z,2026-09-08T12:15:00+0200,202.9,EUR/MWh,FR,FR,imbalance_price,Long,2026-09-09T21:53:38Z
2026-09-09T21:47:24Z,2026-09-09T23:47:24+0200,f19b45ac-0251-46d0-96e4-b90fa933f9b1,2026-09-08T10:15:00Z,2026-09-08T12:15:00+0200,226.38,EUR/MWh,FR,FR,imbalance_price,Short,2026-09-09T21:53:38Z
2026-09-09T21:47:24Z,2026-09-09T23:47:24+0200,f19b45ac-0251-46d0-96e4-b90fa933f9b1,2026-09-08T10:30:00Z,2026-09-08T12:30:00+0200,202.9,EUR/MWh,FR,FR,imbalance_price,Long,2026-09-09T21:53:38Z
2026-09-09T21:47:24Z,2026-09-09T23:47:24+0200,f19b45ac-0251-46d0-96e4-b90fa933f9b1,2026-09-08T10:30:00Z,2026-09-08T12:30:00+0200,226.38,EUR/MWh,FR,FR,imbalance_price,Short,2026-09-09T21:53:38Z
2026-09-09T21:47:24Z,2026-09-09T23:47:24+0200,f19b45ac-0251-46d0-96e4-b90fa933f9b1,2026-09-08T10:45:00Z,2026-09-08T12:45:00+0200,-3.54,EUR/MWh,FR,FR,imbalance_price,Long,2026-09-09T21:53:38Z
2026-09-09T21:47:24Z,2026-09-09T23:47:24+0200,f19b45ac-0251-46d0-96e4-b90fa933f9b1,2026-09-08T10:45:00Z,2026-09-08T12:45:00+0200,-3.18,EUR/MWh,FR,FR,imbalance_price,Short,2026-09-09T21:53:38Z
2026-09-09T21:47:24Z,2026-09-09T23:47:24+0200,f19b45ac-0251-46d0-96e4-b90fa933f9b1,2026-09-08T11:00:00Z,2026-09-08T13:00:00+0200,46.65,EUR/MWh,FR,FR,imbalance_price,Long,2026-09-09T21:53:38Z
2026-09-09T21:47:24Z,2026-09-09T23:47:24+0200,f19b45ac-0251-46d0-96e4-b90fa933f9b1,2026-09-08T11:00:00Z,2026-09-08T13:00:00+0200,52.05,EUR/MWh,FR,FR,imbalance_price,Short,2026-09-09T21:53:38Z
2026-09-09T21:47:24Z,2026-09-09T23:47:24+0200,f19b45ac-0251-46d0-96e4-b90fa933f9b1,2026-09-08T11:15:00Z,2026-09-08T13:15:00+0200,112.76,EUR/MWh,FR,FR,imbalance_price,Long,2026-09-09T21:53:38Z
2026-09-09T21:47:24Z,2026-09-09T23:47:24+0200,f19b45ac-0251-46d0-96e4-b90fa933f9b1,2026-09-08T11:15:00Z,2026-09-08T13:15:00+0200,125.82,EUR/MWh,FR,FR,imbalance_price,Short,2026-09-09T21:53:38Z
2026-09-09T21:47:24Z,2026-09-09T23:47:24+0200,f19b45ac-0251-46d0-96e4-b90fa933f9b1,2026-09-08T11:30:00Z,2026-09-08T13:30:00+0200,-94.35,EUR/MWh,FR,FR,imbalance_price,Long,2026-09-09T21:53:38Z
2026-09-09T21:47:24Z,2026-09-09T23:47:24+0200,f19b45ac-0251-46d0-96e4-b90fa933f9b1,2026-09-08T11:30:00Z,2026-09-08T13:30:00+0200,-84.57,EUR/MWh,FR,FR,imbalance_price,Short,2026-09-09T21:53:38Z
2026-09-09T21:47:24Z,2026-09-09T23:47:24+0200,f19b45ac-0251-46d0-96e4-b90fa933f9b1,2026-09-08T11:45:00Z,2026-09-08T13:45:00+0200,86.96,EUR/MWh,FR,FR,imbalance_price,Long,2026-09-09T21:53:38Z
2026-09-09T21:47:24Z,2026-09-09T23:47:24+0200,f19b45ac-0251-46d0-96e4-b90fa933f9b1,2026-09-08T11:45:00Z,2026-09-08T13:45:00+0200,97.02,EUR/MWh,FR,FR,imbalance_price,Short,2026-09-09T21:53:38Z
2026-09-09T21:47:24Z,2026-09-09T23:47:24+0200,f19b45ac-0251-46d0-96e4-b90fa933f9b1,2026-09-08T12:00:00Z,2026-09-08T14:00:00+0200,91.15,EUR/MWh,FR,FR,imbalance_price,Long,2026-09-09T21:53:38Z
2026-09-09T21:47:24Z,2026-09-09T23:47:24+0200,f19b45ac-0251-46d0-96e4-b90fa933f9b1,2026-09-08T12:00:00Z,2026-09-08T14:00:00+0200,101.69,EUR/MWh,FR,FR,imbalance_price,Short,2026-09-09T21:53:38Z
2026-09-09T21:47:24Z,2026-09-09T23:47:24+0200,f19b45ac-0251-46d0-96e4-b90fa933f9b1,2026-09-08T12:15:00Z,2026-09-08T14:15:00+0200,70.95,EUR/MWh,FR,FR,imbalance_price,Long,2026-09-09T21:53:38Z
2026-09-09T21:47:24Z,2026-09-09T23:47:24+0200,f19b45ac-0251-46d0-96e4-b90fa933f9b1,2026-09-08T12:15:00Z,2026-09-08T14:15:00+0200,79.17,EUR/MWh,FR,FR,imbalance_price,Short,2026-09-09T21:53:38Z
2026-09-09T21:47:24Z,2026-09-09T23:47:24+0200,f19b45ac-0251-46d0-96e4-b90fa933f9b1,2026-09-08T12:30:00Z,2026-09-08T14:30:00+0200,45.99,EUR/MWh,FR,FR,imbalance_price,Long,2026-09-09T21:53:38Z
2026-09-09T21:47:24Z,2026-09-09T23:47:24+0200,f19b45ac-0251-46d0-96e4-b90fa933f9b1,2026-09-08T12:30:00Z,2026-09-08T14:30:00+0200,51.31,EUR/MWh,FR,FR,imbalance_price,Short,2026-09-09T21:53:38Z
2026-09-09T21:47:24Z,2026-09-09T23:47:24+0200,f19b45ac-0251-46d0-96e4-b90fa933f9b1,2026-09-08T12:45:00Z,2026-09-08T14:45:00+0200,18.83,EUR/MWh,FR,FR,imbalance_price,Long,2026-09-09T21:53:38Z
2026-09-09T21:47:24Z,2026-09-09T23:47:24+0200,f19b45ac-0251-46d0-96e4-b90fa933f9b1,2026-09-08T12:45:00Z,2026-09-08T14:45:00+0200,21.01,EUR/MWh,FR,FR,imbalance_price,Short,2026-09-09T21:53:38Z
2026-09-09T21:47:24Z,2026-09-09T23:47:24+0200,f19b45ac-0251-46d0-96e4-b90fa933f9b1,2026-09-08T13:00:00Z,2026-09-08T15:00:00+0200,106.65,EUR/MWh,FR,FR,imbalance_price,Long,2026-09-09T21:53:38Z
2026-09-09T21:47:24Z,2026-09-09T23:47:24+0200,f19b45ac-0251-46d0-96e4-b90fa933f9b1,2026-09-08T13:00:00Z,2026-09-08T15:00:00+0200,118.99,EUR/MWh,FR,FR,imbalance_price,Short,2026-09-09T21:53:38Z
2026-09-09T21:47:24Z,2026-09-09T23:47:24+0200,f19b45ac-0251-46d0-96e4-b90fa933f9b1,2026-09-08T13:15:00Z,2026-09-08T15:15:00+0200,152.36,EUR/MWh,FR,FR,imbalance_price,Long,2026-09-09T21:53:38Z
2026-09-09T21:47:24Z,2026-09-09T23:47:24+0200,f19b45ac-0251-46d0-96e4-b90fa933f9b1,2026-09-08T13:15:00Z,2026-09-08T15:15:00+0200,170.0,EUR/MWh,FR,FR,imbalance_price,Short,2026-09-09T21:53:38Z
2026-09-09T21:47:24Z,2026-09-09T23:47:24+0200,f19b45ac-0251-46d0-96e4-b90fa933f9b1,2026-09-08T13:30:00Z,2026-09-08T15:30:00+0200,149.4,EUR/MWh,FR,FR,imbalance_price,Long,2026-09-09T21:53:38Z
2026-09-09T21:47:24Z,2026-09-09T23:47:24+0200,f19b45ac-0251-46d0-96e4-b90fa933f9b1,2026-09-08T13:30:00Z,2026-09-08T15:30:00+0200,166.7,EUR/MWh,FR,FR,imbalance_price,Short,2026-09-09T21:53:38Z
2026-09-09T21:47:24Z,2026-09-09T23:47:24+0200,f19b45ac-0251-46d0-96e4-b90fa933f9b1,2026-09-08T13:45:00Z,2026-09-08T15:45:00+0200,17.13,EUR/MWh,FR,FR,imbalance_price,Long,2026-09-09T21:53:38Z
2026-09-09T21:47:24Z,2026-09-09T23:47:24+0200,f19b45ac-0251-46d0-96e4-b90fa933f9b1,2026-09-08T13:45:00Z,2026-09-08T15:45:00+0200,19.11,EUR/MWh,FR,FR,imbalance_price,Short,2026-09-09T21:53:38Z
2026-09-09T21:47:24Z,2026-09-09T23:47:24+0200,f19b45ac-0251-46d0-96e4-b90fa933f9b1,2026-09-08T14:00:00Z,2026-09-08T16:00:00+0200,54.5,EUR/MWh,FR,FR,imbalance_price,Long,2026-09-09T21:53:38Z
2026-09-09T21:47:24Z,2026-09-09T23:47:24+0200,f19b45ac-0251-46d0-96e4-b90fa933f9b1,2026-09-08T14:00:00Z,2026-09-08T16:00:00+0200,60.8,EUR/MWh,FR,FR,imbalance_price,Short,2026-09-09T21:53:38Z
2026-09-09T21:47:24Z,2026-09-09T23:47:24+0200,f19b45ac-0251-46d0-96e4-b90fa933f9b1,2026-09-08T14:15:00Z,2026-09-08T16:15:00+0200,26.74,EUR/MWh,FR,FR,imbalance_price,Long,2026-09-09T21:53:38Z
2026-09-09T21:47:24Z,2026-09-09T23:47:24+0200,f19b45ac-0251-46d0-96e4-b90fa933f9b1,2026-09-08T14:15:00Z,2026-09-08T16:15:00+0200,29.84,EUR/MWh,FR,FR,imbalance_price,Short,2026-09-09T21:53:38Z
2026-09-09T21:47:24Z,2026-09-09T23:47:24+0200,f19b45ac-0251-46d0-96e4-b90fa933f9b1,2026-09-08T14:30:00Z,2026-09-08T16:30:00+0200,69.32,EUR/MWh,FR,FR,imbalance_price,Long,2026-09-09T21:53:38Z
2026-09-09T21:47:24Z,2026-09-09T23:47:24+0200,f19b45ac-0251-46d0-96e4-b90fa933f9b1,2026-09-08T14:30:00Z,2026-09-08T16:30:00+0200,77.34,EUR/MWh,FR,FR,imbalance_price,Short,2026-09-09T21:53:38Z
2026-09-09T21:47:24Z,2026-09-09T23:47:24+0200,f19b45ac-0251-46d0-96e4-b90fa933f9b1,2026-09-08T14:45:00Z,2026-09-08T16:45:00+0200,57.47,EUR/MWh,FR,FR,imbalance_price,Long,2026-09-09T21:53:38Z
2026-09-09T21:47:24Z,2026-09-09T23:47:24+0200,f19b45ac-0251-46d0-96e4-b90fa933f9b1,2026-09-08T14:45:00Z,2026-09-08T16:45:00+0200,64.13,EUR/MWh,FR,FR,imbalance_price,Short,2026-09-09T21:53:38Z
2026-09-09T21:47:24Z,2026-09-09T23:47:24+0200,f19b45ac-0251-46d0-96e4-b90fa933f9b1,2026-09-08T15:00:00Z,2026-09-08T17:00:00+0200,65.96,EUR/MWh,FR,FR,imbalance_price,Long,2026-09-09T21:53:38Z
2026-09-09T21:47:24Z,2026-09-09T23:47:24+0200,f19b45ac-0251-46d0-96e4-b90fa933f9b1,2026-09-08T15:00:00Z,2026-09-08T17:00:00+0200,73.6,EUR/MWh,FR,FR,imbalance_price,Short,2026-09-09T21:53:38Z
2026-09-09T21:47:24Z,2026-09-09T23:47:24+0200,f19b45ac-0251-46d0-96e4-b90fa933f9b1,2026-09-08T15:15:00Z,2026-09-08T17:15:00+0200,45.88,EUR/MWh,FR,FR,imbalance_price,Long,2026-09-09T21:53:38Z
2026-09-09T21:47:24Z,2026-09-09T23:47:24+0200,f19b45ac-0251-46d0-96e4-b90fa933f9b1,2026-09-08T15:15:00Z,2026-09-08T17:15:00+0200,51.2,EUR/MWh,FR,FR,imbalance_price,Short,2026-09-09T21:53:38Z
2026-09-09T21:47:24Z,2026-09-09T23:47:24+0200,f19b45ac-0251-46d0-96e4-b90fa933f9b1,2026-09-08T15:30:00Z,2026-09-08T17:30:00+0200,41.83,EUR/MWh,FR,FR,imbalance_price,Long,2026-09-09T21:53:38Z
2026-09-09T21:47:24Z,2026-09-09T23:47:24+0200,f19b45ac-0251-46d0-96e4-b90fa933f9b1,2026-09-08T15:30:00Z,2026-09-08T17:30:00+0200,46.67,EUR/MWh,FR,FR,imbalance_price,Short,2026-09-09T21:53:38Z
2026-09-09T21:47:24Z,2026-09-09T23:47:24+0200,f19b45ac-0251-46d0-96e4-b90fa933f9b1,2026-09-08T15:45:00Z,2026-09-08T17:45:00+0200,49.65,EUR/MWh,FR,FR,imbalance_price,Long,2026-09-09T21:53:38Z
2026-09-09T21:47:24Z,2026-09-09T23:47:24+0200,f19b45ac-0251-46d0-96e4-b90fa933f9b1,2026-09-08T15:45:00Z,2026-09-08T17:45:00+0200,55.39,EUR/MWh,FR,FR,imbalance_price,Short,2026-09-09T21:53:38Z
2026-09-09T21:47:24Z,2026-09-09T23:47:24+0200,f19b45ac-0251-46d0-96e4-b90fa933f9b1,2026-09-08T16:00:00Z,2026-09-08T18:00:00+0200,200.78,EUR/MWh,FR,FR,imbalance_price,Long,2026-09-09T21:53:38Z
2026-09-09T21:47:24Z,2026-09-09T23:47:24+0200,f19b45ac-0251-46d0-96e4-b90fa933f9b1,2026-09-08T16:00:00Z,2026-09-08T18:00:00+0200,224.02,EUR/MWh,FR,FR,imbalance_price,Short,2026-09-09T21:53:38Z
2026-09-09T21:47:24Z,2026-09-09T23:47:24+0200,f19b45ac-0251-46d0-96e4-b90fa933f9b1,2026-09-08T16:15:00Z,2026-09-08T18:15:00+0200,168.97,EUR/MWh,FR,FR,imbalance_price,Long,2026-09-09T21:53:38Z
2026-09-09T21:47:24Z,2026-09-09T23:47:24+0200,f19b45ac-0251-46d0-96e4-b90fa933f9b1,2026-09-08T16:15:00Z,2026-09-08T18:15:00+0200,188.53,EUR/MWh,FR,FR,imbalance_price,Short,2026-09-09T21:53:38Z
2026-09-09T21:47:24Z,2026-09-09T23:47:24+0200,f19b45ac-0251-46d0-96e4-b90fa933f9b1,2026-09-08T16:30:00Z,2026-09-08T18:30:00+0200,221.94,EUR/MWh,FR,FR,imbalance_price,Long,2026-09-09T21:53:38Z
2026-09-09T21:47:24Z,2026-09-09T23:47:24+0200,f19b45ac-0251-46d0-96e4-b90fa933f9b1,2026-09-08T16:30:00Z,2026-09-08T18:30:00+0200,247.62,EUR/MWh,FR,FR,imbalance_price,Short,2026-09-09T21:53:38Z
2026-09-09T21:47:24Z,2026-09-09T23:47:24+0200,f19b45ac-0251-46d0-96e4-b90fa933f9b1,2026-09-08T16:45:00Z,2026-09-08T18:45:00+0200,235.8,EUR/MWh,FR,FR,imbalance_price,Long,2026-09-09T21:53:38Z
2026-09-09T21:47:24Z,2026-09-09T23:47:24+0200,f19b45ac-0251-46d0-96e4-b90fa933f9b1,2026-09-08T16:45:00Z,2026-09-08T18:45:00+0200,263.08,EUR/MWh,FR,FR,imbalance_price,Short,2026-09-09T21:53:38Z
2026-09-09T21:47:24Z,2026-09-09T23:47:24+0200,f19b45ac-0251-46d0-96e4-b90fa933f9b1,2026-09-08T17:00:00Z,2026-09-08T19:00:00+0200,189.14,EUR/MWh,FR,FR,imbalance_price,Long,2026-09-09T21:53:38Z
2026-09-09T21:47:24Z,2026-09-09T23:47:24+0200,f19b45ac-0251-46d0-96e4-b90fa933f9b1,2026-09-08T17:00:00Z,2026-09-08T19:00:00+0200,211.02,EUR/MWh,FR,FR,imbalance_price,Short,2026-09-09T21:53:38Z
2026-09-09T21:47:24Z,2026-09-09T23:47:24+0200,f19b45ac-0251-46d0-96e4-b90fa933f9b1,2026-09-08T17:15:00Z,2026-09-08T19:15:00+0200,242.92,EUR/MWh,FR,FR,imbalance_price,Long,2026-09-09T21:53:38Z
2026-09-09T21:47:24Z,2026-09-09T23:47:24+0200,f19b45ac-0251-46d0-96e4-b90fa933f9b1,2026-09-08T17:15:00Z,2026-09-08T19:15:00+0200,271.04,EUR/MWh,FR,FR,imbalance_price,Short,2026-09-09T21:53:38Z
2026-09-09T21:47:24Z,2026-09-09T23:47:24+0200,f19b45ac-0251-46d0-96e4-b90fa933f9b1,2026-09-08T17:30:00Z,2026-09-08T19:30:00+0200,246.95,EUR/MWh,FR,FR,imbalance_price,Long,2026-09-09T21:53:38Z
2026-09-09T21:47:24Z,2026-09-09T23:47:24+0200,f19b45ac-0251-46d0-96e4-b90fa933f9b1,2026-09-08T17:30:00Z,2026-09-08T19:30:00+0200,275.53,EUR/MWh,FR,FR,imbalance_price,Short,2026-09-09T21:53:38Z
2026-09-09T21:47:24Z,2026-09-09T23:47:24+0200,f19b45ac-0251-46d0-96e4-b90fa933f9b1,2026-09-08T17:45:00Z,2026-09-08T19:45:00+0200,244.06,EUR/MWh,FR,FR,imbalance_price,Long,2026-09-09T21:53:38Z
2026-09-09T21:47:24Z,2026-09-09T23:47:24+0200,f19b45ac-0251-46d0-96e4-b90fa933f9b1,2026-09-08T17:45:00Z,2026-09-08T19:45:00+0200,272.3,EUR/MWh,FR,FR,imbalance_price,Short,2026-09-09T21:53:38Z
2026-09-09T21:47:24Z,2026-09-09T23:47:24+0200,f19b45ac-0251-46d0-96e4-b90fa933f9b1,2026-09-08T18:00:00Z,2026-09-08T20:00:00+0200,218.18,EUR/MWh,FR,FR,imbalance_price,Long,2026-09-09T21:53:38Z
2026-09-09T21:47:24Z,2026-09-09T23:47:24+0200,f19b45ac-0251-46d0-96e4-b90fa933f9b1,2026-09-08T18:00:00Z,2026-09-08T20:00:00+0200,243.42,EUR/MWh,FR,FR,imbalance_price,Short,2026-09-09T21:53:38Z
2026-09-09T21:47:24Z,2026-09-09T23:47:24+0200,f19b45ac-0251-46d0-96e4-b90fa933f9b1,2026-09-08T18:15:00Z,2026-09-08T20:15:00+0200,198.35,EUR/MWh,FR,FR,imbalance_price,Long,2026-09-09T21:53:38Z
2026-09-09T21:47:24Z,2026-09-09T23:47:24+0200,f19b45ac-0251-46d0-96e4-b90fa933f9b1,2026-09-08T18:15:00Z,2026-09-08T20:15:00+0200,221.31,EUR/MWh,FR,FR,imbalance_price,Short,2026-09-09T21:53:38Z
2026-09-09T21:47:24Z,2026-09-09T23:47:24+0200,f19b45ac-0251-46d0-96e4-b90fa933f9b1,2026-09-08T18:30:00Z,2026-09-08T20:30:00+0200,206.8,EUR/MWh,FR,FR,imbalance_price,Long,2026-09-09T21:53:38Z
2026-09-09T21:47:24Z,2026-09-09T23:47:24+0200,f19b45ac-0251-46d0-96e4-b90fa933f9b1,2026-09-08T18:30:00Z,2026-09-08T20:30:00+0200,230.74,EUR/MWh,FR,FR,imbalance_price,Short,2026-09-09T21:53:38Z
2026-09-09T21:47:24Z,2026-09-09T23:47:24+0200,f19b45ac-0251-46d0-96e4-b90fa933f9b1,2026-09-08T18:45:00Z,2026-09-08T20:45:00+0200,206.58,EUR/MWh,FR,FR,imbalance_price,Long,2026-09-09T21:53:38Z
2026-09-09T21:47:24Z,2026-09-09T23:47:24+0200,f19b45ac-0251-46d0-96e4-b90fa933f9b1,2026-09-08T18:45:00Z,2026-09-08T20:45:00+0200,230.48,EUR/MWh,FR,FR,imbalance_price,Short,2026-09-09T21:53:38Z
2026-09-09T21:47:24Z,2026-09-09T23:47:24+0200,f19b45ac-0251-46d0-96e4-b90fa933f9b1,2026-09-08T19:00:00Z,2026-09-08T21:00:00+0200,196.29,EUR/MWh,FR,FR,imbalance_price,Long,2026-09-09T21:53:38Z
2026-09-09T21:47:24Z,2026-09-09T23:47:24+0200,f19b45ac-0251-46d0-96e4-b90fa933f9b1,2026-09-08T19:00:00Z,2026-09-08T21:00:00+0200,219.01,EUR/MWh,FR,FR,imbalance_price,Short,2026-09-09T21:53:38Z
2026-09-09T21:47:24Z,2026-09-09T23:47:24+0200,f19b45ac-0251-46d0-96e4-b90fa933f9b1,2026-09-08T19:15:00Z,2026-09-08T21:15:00+0200,193.02,EUR/MWh,FR,FR,imbalance_price,Long,2026-09-09T21:53:38Z
2026-09-09T21:47:24Z,2026-09-09T23:47:24+0200,f19b45ac-0251-46d0-96e4-b90fa933f9b1,2026-09-08T19:15:00Z,2026-09-08T21:15:00+0200,215.36,EUR/MWh,FR,FR,imbalance_price,Short,2026-09-09T21:53:38Z
2026-09-09T21:47:24Z,2026-09-09T23:47:24+0200,f19b45ac-0251-46d0-96e4-b90fa933f9b1,2026-09-08T19:30:00Z,2026-09-08T21:30:00+0200,213.51,EUR/MWh,FR,FR,imbalance_price,Long,2026-09-09T21:53:38Z
2026-09-09T21:47:24Z,2026-09-09T23:47:24+0200,f19b45ac-0251-46d0-96e4-b90fa933f9b1,2026-09-08T19:30:00Z,2026-09-08T21:30:00+0200,238.21,EUR/MWh,FR,FR,imbalance_price,Short,2026-09-09T21:53:38Z
2026-09-09T21:47:24Z,2026-09-09T23:47:24+0200,f19b45ac-0251-46d0-96e4-b90fa933f9b1,2026-09-08T19:45:00Z,2026-09-08T21:45:00+0200,203.47,EUR/MWh,FR,FR,imbalance_price,Long,2026-09-09T21:53:38Z
2026-09-09T21:47:24Z,2026-09-09T23:47:24+0200,f19b45ac-0251-46d0-96e4-b90fa933f9b1,2026-09-08T19:45:00Z,2026-09-08T21:45:00+0200,227.01,EUR/MWh,FR,FR,imbalance_price,Short,2026-09-09T21:53:38Z
2026-09-09T21:47:24Z,2026-09-09T23:47:24+0200,f19b45ac-0251-46d0-96e4-b90fa933f9b1,2026-09-08T20:00:00Z,2026-09-08T22:00:00+0200,202.12,EUR/MWh,FR,FR,imbalance_price,Long,2026-09-09T21:53:38Z
2026-09-09T21:47:24Z,2026-09-09T23:47:24+0200,f19b45ac-0251-46d0-96e4-b90fa933f9b1,2026-09-08T20:00:00Z,2026-09-08T22:00:00+0200,225.52,EUR/MWh,FR,FR,imbalance_price,Short,2026-09-09T21:53:38Z
2026-09-09T21:47:24Z,2026-09-09T23:47:24+0200,f19b45ac-0251-46d0-96e4-b90fa933f9b1,2026-09-08T20:15:00Z,2026-09-08T22:15:00+0200,207.77,EUR/MWh,FR,FR,imbalance_price,Long,2026-09-09T21:53:38Z
2026-09-09T21:47:24Z,2026-09-09T23:47:24+0200,f19b45ac-0251-46d0-96e4-b90fa933f9b1,2026-09-08T20:15:00Z,2026-09-08T22:15:00+0200,231.81,EUR/MWh,FR,FR,imbalance_price,Short,2026-09-09T21:53:38Z
2026-09-09T21:47:24Z,2026-09-09T23:47:24+0200,f19b45ac-0251-46d0-96e4-b90fa933f9b1,2026-09-08T20:30:00Z,2026-09-08T22:30:00+0200,205.13,EUR/MWh,FR,FR,imbalance_price,Long,2026-09-09T21:53:38Z
2026-09-09T21:47:24Z,2026-09-09T23:47:24+0200,f19b45ac-0251-46d0-96e4-b90fa933f9b1,2026-09-08T20:30:00Z,2026-09-08T22:30:00+0200,228.87,EUR/MWh,FR,FR,imbalance_price,Short,2026-09-09T21:53:38Z
2026-09-09T21:47:24Z,2026-09-09T23:47:24+0200,f19b45ac-0251-46d0-96e4-b90fa933f9b1,2026-09-08T20:45:00Z,2026-09-08T22:45:00+0200,207.01,EUR/MWh,FR,FR,imbalance_price,Long,2026-09-09T21:53:38Z
2026-09-09T21:47:24Z,2026-09-09T23:47:24+0200,f19b45ac-0251-46d0-96e4-b90fa933f9b1,2026-09-08T20:45:00Z,2026-09-08T22:45:00+0200,230.97,EUR/MWh,FR,FR,imbalance_price,Short,2026-09-09T21:53:38Z
2026-09-09T21:47:24Z,2026-09-09T23:47:24+0200,f19b45ac-0251-46d0-96e4-b90fa933f9b1,2026-09-08T21:00:00Z,2026-09-08T23:00:00+0200,205.95,EUR/MWh,FR,FR,imbalance_price,Long,2026-09-09T21:53:38Z
2026-09-09T21:47:24Z,2026-09-09T23:47:24+0200,f19b45ac-0251-46d0-96e4-b90fa933f9b1,2026-09-08T21:00:00Z,2026-09-08T23:00:00+0200,229.79,EUR/MWh,FR,FR,imbalance_price,Short,2026-09-09T21:53:38Z
2026-09-09T21:47:24Z,2026-09-09T23:47:24+0200,f19b45ac-0251-46d0-96e4-b90fa933f9b1,2026-09-08T21:15:00Z,2026-09-08T23:15:00+0200,206.95,EUR/MWh,FR,FR,imbalance_price,Long,2026-09-09T21:53:38Z
2026-09-09T21:47:24Z,2026-09-09T23:47:24+0200,f19b45ac-0251-46d0-96e4-b90fa933f9b1,2026-09-08T21:15:00Z,2026-09-08T23:15:00+0200,230.91,EUR/MWh,FR,FR,imbalance_price,Short,2026-09-09T21:53:38Z
2026-09-09T21:47:24Z,2026-09-09T23:47:24+0200,f19b45ac-0251-46d0-96e4-b90fa933f9b1,2026-09-08T21:30:00Z,2026-09-08T23:30:00+0200,206.59,EUR/MWh,FR,FR,imbalance_price,Long,2026-09-09T21:53:38Z
2026-09-09T21:47:24Z,2026-09-09T23:47:24+0200,f19b45ac-0251-46d0-96e4-b90fa933f9b1,2026-09-08T21:30:00Z,2026-09-08T23:30:00+0200,230.49,EUR/MWh,FR,FR,imbalance_price,Short,2026-09-09T21:53:38Z
2026-09-09T21:47:24Z,2026-09-09T23:47:24+0200,f19b45ac-0251-46d0-96e4-b90fa933f9b1,2026-09-08T21:45:00Z,2026-09-08T23:45:00+0200,212.21,EUR/MWh,FR,FR,imbalance_price,Long,2026-09-09T21:53:38Z
2026-09-09T21:47:24Z,2026-09-09T23:47:24+0200,f19b45ac-0251-46d0-96e4-b90fa933f9b1,2026-09-08T21:45:00Z,2026-09-08T23:45:00+0200,236.77,EUR/MWh,FR,FR,imbalance_price,Short,2026-09-09T21:53:38Z
2026-09-09T21:47:24Z,2026-09-09T23:47:24+0200,f19b45ac-0251-46d0-96e4-b90fa933f9b1,2026-09-08T22:00:00Z,2026-09-09T00:00:00+0200,229.02,EUR/MWh,FR,FR,imbalance_price,Long,2026-09-09T21:53:38Z
2026-09-09T21:47:24Z,2026-09-09T23:47:24+0200,f19b45ac-0251-46d0-96e4-b90fa933f9b1,2026-09-08T22:00:00Z,2026-09-09T00:00:00+0200,255.52,EUR/MWh,FR,FR,imbalance_price,Short,2026-09-09T21:53:38Z
2026-09-09T21:47:24Z,2026-09-09T23:47:24+0200,f19b45ac-0251-46d0-96e4-b90fa933f9b1,2026-09-08T22:15:00Z,2026-09-09T00:15:00+0200,230.15,EUR/MWh,FR,FR,imbalance_price,Long,2026-09-09T21:53:38Z
2026-09-09T21:47:24Z,2026-09-09T23:47:24+0200,f19b45ac-0251-46d0-96e4-b90fa933f9b1,2026-09-08T22:15:00Z,2026-09-09T00:15:00+0200,256.79,EUR/MWh,FR,FR,imbalance_price,Short,2026-09-09T21:53:38Z
2026-09-09T21:47:24Z,2026-09-09T23:47:24+0200,f19b45ac-0251-46d0-96e4-b90fa933f9b1,2026-09-08T22:30:00Z,2026-09-09T00:30:00+0200,229.42,EUR/MWh,FR,FR,imbalance_price,Long,2026-09-09T21:53:38Z
2026-09-09T21:47:24Z,2026-09-09T23:47:24+0200,f19b45ac-0251-46d0-96e4-b90fa933f9b1,2026-09-08T22:30:00Z,2026-09-09T00:30:00+0200,255.98,EUR/MWh,FR,FR,imbalance_price,Short,2026-09-09T21:53:38Z
2026-09-09T21:47:24Z,2026-09-09T23:47:24+0200,f19b45ac-0251-46d0-96e4-b90fa933f9b1,2026-09-08T22:45:00Z,2026-09-09T00:45:00+0200,230.42,EUR/MWh,FR,FR,imbalance_price,Long,2026-09-09T21:53:38Z
2026-09-09T21:47:24Z,2026-09-09T23:47:24+0200,f19b45ac-0251-46d0-96e4-b90fa933f9b1,2026-09-08T22:45:00Z,2026-09-09T00:45:00+0200,257.08,EUR/MWh,FR,FR,imbalance_price,Short,2026-09-09T21:53:38Z
2026-09-09T21:47:24Z,2026-09-09T23:47:24+0200,f19b45ac-0251-46d0-96e4-b90fa933f9b1,2026-09-08T23:00:00Z,2026-09-09T01:00:00+0200,217.86,EUR/MWh,FR,FR,imbalance_price,Long,2026-09-09T21:53:38Z
2026-09-09T21:47:24Z,2026-09-09T23:47:24+0200,f19b45ac-0251-46d0-96e4-b90fa933f9b1,2026-09-08T23:00:00Z,2026-09-09T01:00:00+0200,243.08,EUR/MWh,FR,FR,imbalance_price,Short,2026-09-09T21:53:38Z
2026-09-09T21:47:24Z,2026-09-09T23:47:24+0200,f19b45ac-0251-46d0-96e4-b90fa933f9b1,2026-09-08T23:15:00Z,2026-09-09T01:15:00+0200,191.06,EUR/MWh,FR,FR,imbalance_price,Long,2026-09-09T21:53:38Z
2026-09-09T21:47:24Z,2026-09-09T23:47:24+0200,f19b45ac-0251-46d0-96e4-b90fa933f9b1,2026-09-08T23:15:00Z,2026-09-09T01:15:00+0200,213.18,EUR/MWh,FR,FR,imbalance_price,Short,2026-09-09T21:53:38Z
2026-09-09T21:47:24Z,2026-09-09T23:47:24+0200,f19b45ac-0251-46d0-96e4-b90fa933f9b1,2026-09-08T23:30:00Z,2026-09-09T01:30:00+0200,130.48,EUR/MWh,FR,FR,imbalance_price,Long,2026-09-09T21:53:38Z
2026-09-09T21:47:24Z,2026-09-09T23:47:24+0200,f19b45ac-0251-46d0-96e4-b90fa933f9b1,2026-09-08T23:30:00Z,2026-09-09T01:30:00+0200,145.58,EUR/MWh,FR,FR,imbalance_price,Short,2026-09-09T21:53:38Z
2026-09-09T21:47:24Z,2026-09-09T23:47:24+0200,f19b45ac-0251-46d0-96e4-b90fa933f9b1,2026-09-08T23:45:00Z,2026-09-09T01:45:00+0200,56.72,EUR/MWh,FR,FR,imbalance_price,Long,2026-09-09T21:53:38Z
2026-09-09T21:47:24Z,2026-09-09T23:47:24+0200,f19b45ac-0251-46d0-96e4-b90fa933f9b1,2026-09-08T23:45:00Z,2026-09-09T01:45:00+0200,63.28,EUR/MWh,FR,FR,imbalance_price,Short,2026-09-09T21:53:38Z
2026-09-09T21:47:24Z,2026-09-09T23:47:24+0200,f19b45ac-0251-46d0-96e4-b90fa933f9b1,2026-09-09T00:00:00Z,2026-09-09T02:00:00+0200,85.66,EUR/MWh,FR,FR,imbalance_price,Long,2026-09-09T21:53:38Z
2026-09-09T21:47:24Z,2026-09-09T23:47:24+0200,f19b45ac-0251-46d0-96e4-b90fa933f9b1,2026-09-09T00:00:00Z,2026-09-09T02:00:00+0200,95.58,EUR/MWh,FR,FR,imbalance_price,Short,2026-09-09T21:53:38Z
2026-09-09T21:47:24Z,2026-09-09T23:47:24+0200,f19b45ac-0251-46d0-96e4-b90fa933f9b1,2026-09-09T00:15:00Z,2026-09-09T02:15:00+0200,132.99,EUR/MWh,FR,FR,imbalance_price,Long,2026-09-09T21:53:38Z
2026-09-09T21:47:24Z,2026-09-09T23:47:24+0200,f19b45ac-0251-46d0-96e4-b90fa933f9b1,2026-09-09T00:15:00Z,2026-09-09T02:15:00+0200,148.39,EUR/MWh,FR,FR,imbalance_price,Short,2026-09-09T21:53:38Z
2026-09-09T21:47:24Z,2026-09-09T23:47:24+0200,f19b45ac-0251-46d0-96e4-b90fa933f9b1,2026-09-09T00:30:00Z,2026-09-09T02:30:00+0200,167.75,EUR/MWh,FR,FR,imbalance_price,Long,2026-09-09T21:53:38Z
2026-09-09T21:47:24Z,2026-09-09T23:47:24+0200,f19b45ac-0251-46d0-96e4-b90fa933f9b1,2026-09-09T00:30:00Z,2026-09-09T02:30:00+0200,187.17,EUR/MWh,FR,FR,imbalance_price,Short,2026-09-09T21:53:38Z
2026-09-09T21:47:24Z,2026-09-09T23:47:24+0200,f19b45ac-0251-46d0-96e4-b90fa933f9b1,2026-09-09T00:45:00Z,2026-09-09T02:45:00+0200,122.04,EUR/MWh,FR,FR,imbalance_price,Long,2026-09-09T21:53:38Z
2026-09-09T21:47:24Z,2026-09-09T23:47:24+0200,f19b45ac-0251-46d0-96e4-b90fa933f9b1,2026-09-09T00:45:00Z,2026-09-09T02:45:00+0200,136.16,EUR/MWh,FR,FR,imbalance_price,Short,2026-09-09T21:53:38Z
2026-09-09T21:47:24Z,2026-09-09T23:47:24+0200,f19b45ac-0251-46d0-96e4-b90fa933f9b1,2026-09-09T01:00:00Z,2026-09-09T03:00:00+0200,144.07,EUR/MWh,FR,FR,imbalance_price,Long,2026-09-09T21:53:38Z
2026-09-09T21:47:24Z,2026-09-09T23:47:24+0200,f19b45ac-0251-46d0-96e4-b90fa933f9b1,2026-09-09T01:00:00Z,2026-09-09T03:00:00+0200,160.75,EUR/MWh,FR,FR,imbalance_price,Short,2026-09-09T21:53:38Z
2026-09-09T21:47:24Z,2026-09-09T23:47:24+0200,f19b45ac-0251-46d0-96e4-b90fa933f9b1,2026-09-09T01:15:00Z,2026-09-09T03:15:00+0200,148.8,EUR/MWh,FR,FR,imbalance_price,Long,2026-09-09T21:53:38Z
2026-09-09T21:47:24Z,2026-09-09T23:47:24+0200,f19b45ac-0251-46d0-96e4-b90fa933f9b1,2026-09-09T01:15:00Z,2026-09-09T03:15:00+0200,166.02,EUR/MWh,FR,FR,imbalance_price,Short,2026-09-09T21:53:38Z
2026-09-09T21:47:24Z,2026-09-09T23:47:24+0200,f19b45ac-0251-46d0-96e4-b90fa933f9b1,2026-09-09T01:30:00Z,2026-09-09T03:30:00+0200,124.67,EUR/MWh,FR,FR,imbalance_price,Long,2026-09-09T21:53:38Z
2026-09-09T21:47:24Z,2026-09-09T23:47:24+0200,f19b45ac-0251-46d0-96e4-b90fa933f9b1,2026-09-09T01:30:00Z,2026-09-09T03:30:00+0200,139.09,EUR/MWh,FR,FR,imbalance_price,Short,2026-09-09T21:53:38Z
2026-09-09T21:47:24Z,2026-09-09T23:47:24+0200,f19b45ac-0251-46d0-96e4-b90fa933f9b1,2026-09-09T01:45:00Z,2026-09-09T03:45:00+0200,75.26,EUR/MWh,FR,FR,imbalance_price,Long,2026-09-09T21:53:38Z
2026-09-09T21:47:24Z,2026-09-09T23:47:24+0200,f19b45ac-0251-46d0-96e4-b90fa933f9b1,2026-09-09T01:45:00Z,2026-09-09T03:45:00+0200,83.98,EUR/MWh,FR,FR,imbalance_price,Short,2026-09-09T21:53:38Z
2026-09-09T21:47:24Z,2026-09-09T23:47:24+0200,f19b45ac-0251-46d0-96e4-b90fa933f9b1,2026-09-09T02:00:00Z,2026-09-09T04:00:00+0200,67.27,EUR/MWh,FR,FR,imbalance_price,Long,2026-09-09T21:53:38Z
2026-09-09T21:47:24Z,2026-09-09T23:47:24+0200,f19b45ac-0251-46d0-96e4-b90fa933f9b1,2026-09-09T02:00:00Z,2026-09-09T04:00:00+0200,75.05,EUR/MWh,FR,FR,imbalance_price,Short,2026-09-09T21:53:38Z
2026-09-09T21:47:24Z,2026-09-09T23:47:24+0200,f19b45ac-0251-46d0-96e4-b90fa933f9b1,2026-09-09T02:15:00Z,2026-09-09T04:15:00+0200,118.95,EUR/MWh,FR,FR,imbalance_price,Long,2026-09-09T21:53:38Z
2026-09-09T21:47:24Z,2026-09-09T23:47:24+0200,f19b45ac-0251-46d0-96e4-b90fa933f9b1,2026-09-09T02:15:00Z,2026-09-09T04:15:00+0200,132.71,EUR/MWh,FR,FR,imbalance_price,Short,2026-09-09T21:53:38Z
2026-09-09T21:47:24Z,2026-09-09T23:47:24+0200,f19b45ac-0251-46d0-96e4-b90fa933f9b1,2026-09-09T02:30:00Z,2026-09-09T04:30:00+0200,55.57,EUR/MWh,FR,FR,imbalance_price,Long,2026-09-09T21:53:38Z
2026-09-09T21:47:24Z,2026-09-09T23:47:24+0200,f19b45ac-0251-46d0-96e4-b90fa933f9b1,2026-09-09T02:30:00Z,2026-09-09T04:30:00+0200,62.01,EUR/MWh,FR,FR,imbalance_price,Short,2026-09-09T21:53:38Z
2026-09-09T21:47:24Z,2026-09-09T23:47:24+0200,f19b45ac-0251-46d0-96e4-b90fa933f9b1,2026-09-09T02:45:00Z,2026-09-09T04:45:00+0200,106.09,EUR/MWh,FR,FR,imbalance_price,Long,2026-09-09T21:53:38Z
2026-09-09T21:47:24Z,2026-09-09T23:47:24+0200,f19b45ac-0251-46d0-96e4-b90fa933f9b1,2026-09-09T02:45:00Z,2026-09-09T04:45:00+0200,118.37,EUR/MWh,FR,FR,imbalance_price,Short,2026-09-09T21:53:38Z
2026-09-09T21:47:24Z,2026-09-09T23:47:24+0200,f19b45ac-0251-46d0-96e4-b90fa933f9b1,2026-09-09T03:00:00Z,2026-09-09T05:00:00+0200,156.56,EUR/MWh,FR,FR,imbalance_price,Long,2026-09-09T21:53:38Z
2026-09-09T21:47:24Z,2026-09-09T23:47:24+0200,f19b45ac-0251-46d0-96e4-b90fa933f9b1,2026-09-09T03:00:00Z,2026-09-09T05:00:00+0200,174.68,EUR/MWh,FR,FR,imbalance_price,Short,2026-09-09T21:53:38Z
2026-09-09T21:47:24Z,2026-09-09T23:47:24+0200,f19b45ac-0251-46d0-96e4-b90fa933f9b1,2026-09-09T03:15:00Z,2026-09-09T05:15:00+0200,109.84,EUR/MWh,FR,FR,imbalance_price,Long,2026-09-09T21:53:38Z
2026-09-09T21:47:24Z,2026-09-09T23:47:24+0200,f19b45ac-0251-46d0-96e4-b90fa933f9b1,2026-09-09T03:15:00Z,2026-09-09T05:15:00+0200,122.56,EUR/MWh,FR,FR,imbalance_price,Short,2026-09-09T21:53:38Z
2026-09-09T21:47:24Z,2026-09-09T23:47:24+0200,f19b45ac-0251-46d0-96e4-b90fa933f9b1,2026-09-09T03:30:00Z,2026-09-09T05:30:00+0200,104.35,EUR/MWh,FR,FR,imbalance_price,Long,2026-09-09T21:53:38Z
2026-09-09T21:47:24Z,2026-09-09T23:47:24+0200,f19b45ac-0251-46d0-96e4-b90fa933f9b1,2026-09-09T03:30:00Z,2026-09-09T05:30:00+0200,116.43,EUR/MWh,FR,FR,imbalance_price,Short,2026-09-09T21:53:38Z
2026-09-09T21:47:24Z,2026-09-09T23:47:24+0200,f19b45ac-0251-46d0-96e4-b90fa933f9b1,2026-09-09T03:45:00Z,2026-09-09T05:45:00+0200,145.82,EUR/MWh,FR,FR,imbalance_price,Long,2026-09-09T21:53:38Z
2026-09-09T21:47:24Z,2026-09-09T23:47:24+0200,f19b45ac-0251-46d0-96e4-b90fa933f9b1,2026-09-09T03:45:00Z,2026-09-09T05:45:00+0200,162.7,EUR/MWh,FR,FR,imbalance_price,Short,2026-09-09T21:53:38Z
2026-09-09T21:47:24Z,2026-09-09T23:47:24+0200,f19b45ac-0251-46d0-96e4-b90fa933f9b1,2026-09-09T04:00:00Z,2026-09-09T06:00:00+0200,173.37,EUR/MWh,FR,FR,imbalance_price,Long,2026-09-09T21:53:38Z
2026-09-09T21:47:24Z,2026-09-09T23:47:24+0200,f19b45ac-0251-46d0-96e4-b90fa933f9b1,2026-09-09T04:00:00Z,2026-09-09T06:00:00+0200,193.43,EUR/MWh,FR,FR,imbalance_price,Short,2026-09-09T21:53:38Z
2026-09-09T21:47:24Z,2026-09-09T23:47:24+0200,f19b45ac-0251-46d0-96e4-b90fa933f9b1,2026-09-09T04:15:00Z,2026-09-09T06:15:00+0200,132.5,EUR/MWh,FR,FR,imbalance_price,Long,2026-09-09T21:53:38Z
2026-09-09T21:47:24Z,2026-09-09T23:47:24+0200,f19b45ac-0251-46d0-96e4-b90fa933f9b1,2026-09-09T04:15:00Z,2026-09-09T06:15:00+0200,147.84,EUR/MWh,FR,FR,imbalance_price,Short,2026-09-09T21:53:38Z
2026-09-09T21:47:24Z,2026-09-09T23:47:24+0200,f19b45ac-0251-46d0-96e4-b90fa933f9b1,2026-09-09T04:30:00Z,2026-09-09T06:30:00+0200,114.0,EUR/MWh,FR,FR,imbalance_price,Long,2026-09-09T21:53:38Z
2026-09-09T21:47:24Z,2026-09-09T23:47:24+0200,f19b45ac-0251-46d0-96e4-b90fa933f9b1,2026-09-09T04:30:00Z,2026-09-09T06:30:00+0200,127.2,EUR/MWh,FR,FR,imbalance_price,Short,2026-09-09T21:53:38Z
2026-09-09T21:47:24Z,2026-09-09T23:47:24+0200,f19b45ac-0251-46d0-96e4-b90fa933f9b1,2026-09-09T04:45:00Z,2026-09-09T06:45:00+0200,143.39,EUR/MWh,FR,FR,imbalance_price,Long,2026-09-09T21:53:38Z
2026-09-09T21:47:24Z,2026-09-09T23:47:24+0200,f19b45ac-0251-46d0-96e4-b90fa933f9b1,2026-09-09T04:45:00Z,2026-09-09T06:45:00+0200,159.99,EUR/MWh,FR,FR,imbalance_price,Short,2026-09-09T21:53:38Z
2026-09-09T21:47:24Z,2026-09-09T23:47:24+0200,f19b45ac-0251-46d0-96e4-b90fa933f9b1,2026-09-09T05:00:00Z,2026-09-09T07:00:00+0200,153.14,EUR/MWh,FR,FR,imbalance_price,Long,2026-09-09T21:53:38Z
2026-09-09T21:47:24Z,2026-09-09T23:47:24+0200,f19b45ac-0251-46d0-96e4-b90fa933f9b1,2026-09-09T05:00:00Z,2026-09-09T07:00:00+0200,170.86,EUR/MWh,FR,FR,imbalance_price,Short,2026-09-09T21:53:38Z
2026-09-09T21:47:24Z,2026-09-09T23:47:24+0200,f19b45ac-0251-46d0-96e4-b90fa933f9b1,2026-09-09T05:15:00Z,2026-09-09T07:15:00+0200,160.21,EUR/MWh,FR,FR,imbalance_price,Long,2026-09-09T21:53:38Z
2026-09-09T21:47:24Z,2026-09-09T23:47:24+0200,f19b45ac-0251-46d0-96e4-b90fa933f9b1,2026-09-09T05:15:00Z,2026-09-09T07:15:00+0200,178.75,EUR/MWh,FR,FR,imbalance_price,Short,2026-09-09T21:53:38Z
2026-09-09T21:47:24Z,2026-09-09T23:47:24+0200,f19b45ac-0251-46d0-96e4-b90fa933f9b1,2026-09-09T05:30:00Z,2026-09-09T07:30:00+0200,158.5,EUR/MWh,FR,FR,imbalance_price,Long,2026-09-09T21:53:38Z
2026-09-09T21:47:24Z,2026-09-09T23:47:24+0200,f19b45ac-0251-46d0-96e4-b90fa933f9b1,2026-09-09T05:30:00Z,2026-09-09T07:30:00+0200,176.84,EUR/MWh,FR,FR,imbalance_price,Short,2026-09-09T21:53:38Z
2026-09-09T21:47:24Z,2026-09-09T23:47:24+0200,f19b45ac-0251-46d0-96e4-b90fa933f9b1,2026-09-09T05:45:00Z,2026-09-09T07:45:00+0200,158.31,EUR/MWh,FR,FR,imbalance_price,Long,2026-09-09T21:53:38Z
2026-09-09T21:47:24Z,2026-09-09T23:47:24+0200,f19b45ac-0251-46d0-96e4-b90fa933f9b1,2026-09-09T05:45:00Z,2026-09-09T07:45:00+0200,176.63,EUR/MWh,FR,FR,imbalance_price,Short,2026-09-09T21:53:38Z
2026-09-09T21:47:24Z,2026-09-09T23:47:24+0200,f19b45ac-0251-46d0-96e4-b90fa933f9b1,2026-09-09T06:00:00Z,2026-09-09T08:00:00+0200,160.37,EUR/MWh,FR,FR,imbalance_price,Long,2026-09-09T21:53:38Z
2026-09-09T21:47:24Z,2026-09-09T23:47:24+0200,f19b45ac-0251-46d0-96e4-b90fa933f9b1,2026-09-09T06:00:00Z,2026-09-09T08:00:00+0200,178.93,EUR/MWh,FR,FR,imbalance_price,Short,2026-09-09T21:53:38Z
2026-09-09T21:47:24Z,2026-09-09T23:47:24+0200,f19b45ac-0251-46d0-96e4-b90fa933f9b1,2026-09-09T06:15:00Z,2026-09-09T08:15:00+0200,160.75,EUR/MWh,FR,FR,imbalance_price,Long,2026-09-09T21:53:38Z
2026-09-09T21:47:24Z,2026-09-09T23:47:24+0200,f19b45ac-0251-46d0-96e4-b90fa933f9b1,2026-09-09T06:15:00Z,2026-09-09T08:15:00+0200,179.35,EUR/MWh,FR,FR,imbalance_price,Short,2026-09-09T21:53:38Z
2026-09-09T21:47:24Z,2026-09-09T23:47:24+0200,f19b45ac-0251-46d0-96e4-b90fa933f9b1,2026-09-09T06:30:00Z,2026-09-09T08:30:00+0200,152.19,EUR/MWh,FR,FR,imbalance_price,Long,2026-09-09T21:53:38Z
2026-09-09T21:47:24Z,2026-09-09T23:47:24+0200,f19b45ac-0251-46d0-96e4-b90fa933f9b1,2026-09-09T06:30:00Z,2026-09-09T08:30:00+0200,169.81,EUR/MWh,FR,FR,imbalance_price,Short,2026-09-09T21:53:38Z
2026-09-09T21:47:24Z,2026-09-09T23:47:24+0200,f19b45ac-0251-46d0-96e4-b90fa933f9b1,2026-09-09T06:45:00Z,2026-09-09T08:45:00+0200,203.73,EUR/MWh,FR,FR,imbalance_price,Long,2026-09-09T21:53:38Z
2026-09-09T21:47:24Z,2026-09-09T23:47:24+0200,f19b45ac-0251-46d0-96e4-b90fa933f9b1,2026-09-09T06:45:00Z,2026-09-09T08:45:00+0200,227.31,EUR/MWh,FR,FR,imbalance_price,Short,2026-09-09T21:53:38Z
2026-09-09T21:47:24Z,2026-09-09T23:47:24+0200,f19b45ac-0251-46d0-96e4-b90fa933f9b1,2026-09-09T07:00:00Z,2026-09-09T09:00:00+0200,209.1,EUR/MWh,FR,FR,imbalance_price,Long,2026-09-09T21:53:38Z
2026-09-09T21:47:24Z,2026-09-09T23:47:24+0200,f19b45ac-0251-46d0-96e4-b90fa933f9b1,2026-09-09T07:00:00Z,2026-09-09T09:00:00+0200,233.3,EUR/MWh,FR,FR,imbalance_price,Short,2026-09-09T21:53:38Z
2026-09-09T21:47:24Z,2026-09-09T23:47:24+0200,f19b45ac-0251-46d0-96e4-b90fa933f9b1,2026-09-09T07:15:00Z,2026-09-09T09:15:00+0200,198.15,EUR/MWh,FR,FR,imbalance_price,Long,2026-09-09T21:53:38Z
2026-09-09T21:47:24Z,2026-09-09T23:47:24+0200,f19b45ac-0251-46d0-96e4-b90fa933f9b1,2026-09-09T07:15:00Z,2026-09-09T09:15:00+0200,221.09,EUR/MWh,FR,FR,imbalance_price,Short,2026-09-09T21:53:38Z
2026-09-09T21:47:24Z,2026-09-09T23:47:24+0200,f19b45ac-0251-46d0-96e4-b90fa933f9b1,2026-09-09T07:30:00Z,2026-09-09T09:30:00+0200,211.6,EUR/MWh,FR,FR,imbalance_price,Long,2026-09-09T21:53:38Z
2026-09-09T21:47:24Z,2026-09-09T23:47:24+0200,f19b45ac-0251-46d0-96e4-b90fa933f9b1,2026-09-09T07:30:00Z,2026-09-09T09:30:00+0200,236.08,EUR/MWh,FR,FR,imbalance_price,Short,2026-09-09T21:53:38Z
2026-09-09T21:47:24Z,2026-09-09T23:47:24+0200,f19b45ac-0251-46d0-96e4-b90fa933f9b1,2026-09-09T07:45:00Z,2026-09-09T09:45:00+0200,227.69,EUR/MWh,FR,FR,imbalance_price,Long,2026-09-09T21:53:38Z
2026-09-09T21:47:24Z,2026-09-09T23:47:24+0200,f19b45ac-0251-46d0-96e4-b90fa933f9b1,2026-09-09T07:45:00Z,2026-09-09T09:45:00+0200,254.05,EUR/MWh,FR,FR,imbalance_price,Short,2026-09-09T21:53:38Z
2026-09-09T21:47:24Z,2026-09-09T23:47:24+0200,f19b45ac-0251-46d0-96e4-b90fa933f9b1,2026-09-09T08:00:00Z,2026-09-09T10:00:00+0200,221.91,EUR/MWh,FR,FR,imbalance_price,Long,2026-09-09T21:53:38Z
2026-09-09T21:47:24Z,2026-09-09T23:47:24+0200,f19b45ac-0251-46d0-96e4-b90fa933f9b1,2026-09-09T08:00:00Z,2026-09-09T10:00:00+0200,247.59,EUR/MWh,FR,FR,imbalance_price,Short,2026-09-09T21:53:38Z
2026-09-09T21:47:24Z,2026-09-09T23:47:24+0200,f19b45ac-0251-46d0-96e4-b90fa933f9b1,2026-09-09T08:15:00Z,2026-09-09T10:15:00+0200,214.93,EUR/MWh,FR,FR,imbalance_price,Long,2026-09-09T21:53:38Z
2026-09-09T21:47:24Z,2026-09-09T23:47:24+0200,f19b45ac-0251-46d0-96e4-b90fa933f9b1,2026-09-09T08:15:00Z,2026-09-09T10:15:00+0200,239.81,EUR/MWh,FR,FR,imbalance_price,Short,2026-09-09T21:53:38Z
2026-09-09T21:47:24Z,2026-09-09T23:47:24+0200,f19b45ac-0251-46d0-96e4-b90fa933f9b1,2026-09-09T08:30:00Z,2026-09-09T10:30:00+0200,218.75,EUR/MWh,FR,FR,imbalance_price,Long,2026-09-09T21:53:38Z
2026-09-09T21:47:24Z,2026-09-09T23:47:24+0200,f19b45ac-0251-46d0-96e4-b90fa933f9b1,2026-09-09T08:30:00Z,2026-09-09T10:30:00+0200,244.07,EUR/MWh,FR,FR,imbalance_price,Short,2026-09-09T21:53:38Z
2026-09-09T21:47:24Z,2026-09-09T23:47:24+0200,f19b45ac-0251-46d0-96e4-b90fa933f9b1,2026-09-09T08:45:00Z,2026-09-09T10:45:00+0200,221.61,EUR/MWh,FR,FR,imbalance_price,Long,2026-09-09T21:53:38Z
2026-09-09T21:47:24Z,2026-09-09T23:47:24+0200,f19b45ac-0251-46d0-96e4-b90fa933f9b1,2026-09-09T08:45:00Z,2026-09-09T10:45:00+0200,247.25,EUR/MWh,FR,FR,imbalance_price,Short,2026-09-09T21:53:38Z
2026-09-09T21:47:24Z,2026-09-09T23:47:24+0200,f19b45ac-0251-46d0-96e4-b90fa933f9b1,2026-09-09T09:00:00Z,2026-09-09T11:00:00+0200,219.03,EUR/MWh,FR,FR,imbalance_price,Long,2026-09-09T21:53:38Z
2026-09-09T21:47:24Z,2026-09-09T23:47:24+0200,f19b45ac-0251-46d0-96e4-b90fa933f9b1,2026-09-09T09:00:00Z,2026-09-09T11:00:00+0200,244.37,EUR/MWh,FR,FR,imbalance_price,Short,2026-09-09T21:53:38Z
2026-09-09T21:47:24Z,2026-09-09T23:47:24+0200,f19b45ac-0251-46d0-96e4-b90fa933f9b1,2026-09-09T09:15:00Z,2026-09-09T11:15:00+0200,206.01,EUR/MWh,FR,FR,imbalance_price,Long,2026-09-09T21:53:38Z
2026-09-09T21:47:24Z,2026-09-09T23:47:24+0200,f19b45ac-0251-46d0-96e4-b90fa933f9b1,2026-09-09T09:15:00Z,2026-09-09T11:15:00+0200,229.85,EUR/MWh,FR,FR,imbalance_price,Short,2026-09-09T21:53:38Z
2026-09-09T21:47:24Z,2026-09-09T23:47:24+0200,f19b45ac-0251-46d0-96e4-b90fa933f9b1,2026-09-09T09:30:00Z,2026-09-09T11:30:00+0200,190.18,EUR/MWh,FR,FR,imbalance_price,Long,2026-09-09T21:53:38Z
2026-09-09T21:47:24Z,2026-09-09T23:47:24+0200,f19b45ac-0251-46d0-96e4-b90fa933f9b1,2026-09-09T09:30:00Z,2026-09-09T11:30:00+0200,212.2,EUR/MWh,FR,FR,imbalance_price,Short,2026-09-09T21:53:38Z
2026-09-09T21:47:24Z,2026-09-09T23:47:24+0200,f19b45ac-0251-46d0-96e4-b90fa933f9b1,2026-09-09T09:45:00Z,2026-09-09T11:45:00+0200,213.86,EUR/MWh,FR,FR,imbalance_price,Long,2026-09-09T21:53:38Z
2026-09-09T21:47:24Z,2026-09-09T23:47:24+0200,f19b45ac-0251-46d0-96e4-b90fa933f9b1,2026-09-09T09:45:00Z,2026-09-09T11:45:00+0200,238.62,EUR/MWh,FR,FR,imbalance_price,Short,2026-09-09T21:53:38Z
2026-09-09T21:47:24Z,2026-09-09T23:47:24+0200,f19b45ac-0251-46d0-96e4-b90fa933f9b1,2026-09-09T10:00:00Z,2026-09-09T12:00:00+0200,209.95,EUR/MWh,FR,FR,imbalance_price,Long,2026-09-09T21:53:38Z
2026-09-09T21:47:24Z,2026-09-09T23:47:24+0200,f19b45ac-0251-46d0-96e4-b90fa933f9b1,2026-09-09T10:00:00Z,2026-09-09T12:00:00+0200,234.25,EUR/MWh,FR,FR,imbalance_price,Short,2026-09-09T21:53:38Z
2026-09-09T21:47:24Z,2026-09-09T23:47:24+0200,f19b45ac-0251-46d0-96e4-b90fa933f9b1,2026-09-09T10:15:00Z,2026-09-09T12:15:00+0200,210.2,EUR/MWh,FR,FR,imbalance_price,Long,2026-09-09T21:53:38Z
2026-09-09T21:47:24Z,2026-09-09T23:47:24+0200,f19b45ac-0251-46d0-96e4-b90fa933f9b1,2026-09-09T10:15:00Z,2026-09-09T12:15:00+0200,234.52,EUR/MWh,FR,FR,imbalance_price,Short,2026-09-09T21:53:38Z
2026-09-09T21:47:24Z,2026-09-09T23:47:24+0200,f19b45ac-0251-46d0-96e4-b90fa933f9b1,2026-09-09T10:30:00Z,2026-09-09T12:30:00+0200,197.23,EUR/MWh,FR,FR,imbalance_price,Long,2026-09-09T21:53:38Z
2026-09-09T21:47:24Z,2026-09-09T23:47:24+0200,f19b45ac-0251-46d0-96e4-b90fa933f9b1,2026-09-09T10:30:00Z,2026-09-09T12:30:00+0200,220.05,EUR/MWh,FR,FR,imbalance_price,Short,2026-09-09T21:53:38Z
2026-09-09T21:47:24Z,2026-09-09T23:47:24+0200,f19b45ac-0251-46d0-96e4-b90fa933f9b1,2026-09-09T10:45:00Z,2026-09-09T12:45:00+0200,190.12,EUR/MWh,FR,FR,imbalance_price,Long,2026-09-09T21:53:38Z
2026-09-09T21:47:24Z,2026-09-09T23:47:24+0200,f19b45ac-0251-46d0-96e4-b90fa933f9b1,2026-09-09T10:45:00Z,2026-09-09T12:45:00+0200,212.12,EUR/MWh,FR,FR,imbalance_price,Short,2026-09-09T21:53:38Z
2026-09-09T21:47:24Z,2026-09-09T23:47:24+0200,f19b45ac-0251-46d0-96e4-b90fa933f9b1,2026-09-09T11:00:00Z,2026-09-09T13:00:00+0200,214.99,EUR/MWh,FR,FR,imbalance_price,Long,2026-09-09T21:53:38Z
2026-09-09T21:47:24Z,2026-09-09T23:47:24+0200,f19b45ac-0251-46d0-96e4-b90fa933f9b1,2026-09-09T11:00:00Z,2026-09-09T13:00:00+0200,239.87,EUR/MWh,FR,FR,imbalance_price,Short,2026-09-09T21:53:38Z
2026-09-09T21:47:24Z,2026-09-09T23:47:24+0200,f19b45ac-0251-46d0-96e4-b90fa933f9b1,2026-09-09T11:15:00Z,2026-09-09T13:15:00+0200,217.06,EUR/MWh,FR,FR,imbalance_price,Long,2026-09-09T21:53:38Z
2026-09-09T21:47:24Z,2026-09-09T23:47:24+0200,f19b45ac-0251-46d0-96e4-b90fa933f9b1,2026-09-09T11:15:00Z,2026-09-09T13:15:00+0200,242.18,EUR/MWh,FR,FR,imbalance_price,Short,2026-09-09T21:53:38Z
2026-09-09T21:47:24Z,2026-09-09T23:47:24+0200,f19b45ac-0251-46d0-96e4-b90fa933f9b1,2026-09-09T11:30:00Z,2026-09-09T13:30:00+0200,203.11,EUR/MWh,FR,FR,imbalance_price,Long,2026-09-09T21:53:38Z
2026-09-09T21:47:24Z,2026-09-09T23:47:24+0200,f19b45ac-0251-46d0-96e4-b90fa933f9b1,2026-09-09T11:30:00Z,2026-09-09T13:30:00+0200,226.61,EUR/MWh,FR,FR,imbalance_price,Short,2026-09-09T21:53:38Z
2026-09-09T21:47:24Z,2026-09-09T23:47:24+0200,f19b45ac-0251-46d0-96e4-b90fa933f9b1,2026-09-09T11:45:00Z,2026-09-09T13:45:00+0200,211.03,EUR/MWh,FR,FR,imbalance_price,Long,2026-09-09T21:53:38Z
2026-09-09T21:47:24Z,2026-09-09T23:47:24+0200,f19b45ac-0251-46d0-96e4-b90fa933f9b1,2026-09-09T11:45:00Z,2026-09-09T13:45:00+0200,235.45,EUR/MWh,FR,FR,imbalance_price,Short,2026-09-09T21:53:38Z
2026-09-09T21:47:24Z,2026-09-09T23:47:24+0200,f19b45ac-0251-46d0-96e4-b90fa933f9b1,2026-09-09T12:00:00Z,2026-09-09T14:00:00+0200,207.56,EUR/MWh,FR,FR,imbalance_price,Long,2026-09-09T21:53:38Z
2026-09-09T21:47:24Z,2026-09-09T23:47:24+0200,f19b45ac-0251-46d0-96e4-b90fa933f9b1,2026-09-09T12:00:00Z,2026-09-09T14:00:00+0200,231.58,EUR/MWh,FR,FR,imbalance_price,Short,2026-09-09T21:53:38Z
2026-09-09T21:47:24Z,2026-09-09T23:47:24+0200,f19b45ac-0251-46d0-96e4-b90fa933f9b1,2026-09-09T12:15:00Z,2026-09-09T14:15:00+0200,192.38,EUR/MWh,FR,FR,imbalance_price,Long,2026-09-09T21:53:38Z
2026-09-09T21:47:24Z,2026-09-09T23:47:24+0200,f19b45ac-0251-46d0-96e4-b90fa933f9b1,2026-09-09T12:15:00Z,2026-09-09T14:15:00+0200,214.64,EUR/MWh,FR,FR,imbalance_price,Short,2026-09-09T21:53:38Z
2026-09-09T21:47:24Z,2026-09-09T23:47:24+0200,f19b45ac-0251-46d0-96e4-b90fa933f9b1,2026-09-09T12:30:00Z,2026-09-09T14:30:00+0200,199.79,EUR/MWh,FR,FR,imbalance_price,Long,2026-09-09T21:53:38Z
2026-09-09T21:47:24Z,2026-09-09T23:47:24+0200,f19b45ac-0251-46d0-96e4-b90fa933f9b1,2026-09-09T12:30:00Z,2026-09-09T14:30:00+0200,222.91,EUR/MWh,FR,FR,imbalance_price,Short,2026-09-09T21:53:38Z
2026-09-09T21:47:24Z,2026-09-09T23:47:24+0200,f19b45ac-0251-46d0-96e4-b90fa933f9b1,2026-09-09T12:45:00Z,2026-09-09T14:45:00+0200,200.04,EUR/MWh,FR,FR,imbalance_price,Long,2026-09-09T21:53:38Z
2026-09-09T21:47:24Z,2026-09-09T23:47:24+0200,f19b45ac-0251-46d0-96e4-b90fa933f9b1,2026-09-09T12:45:00Z,2026-09-09T14:45:00+0200,223.2,EUR/MWh,FR,FR,imbalance_price,Short,2026-09-09T21:53:38Z
2026-09-09T21:47:24Z,2026-09-09T23:47:24+0200,f19b45ac-0251-46d0-96e4-b90fa933f9b1,2026-09-09T13:00:00Z,2026-09-09T15:00:00+0200,200.38,EUR/MWh,FR,FR,imbalance_price,Long,2026-09-09T21:53:38Z
2026-09-09T21:47:24Z,2026-09-09T23:47:24+0200,f19b45ac-0251-46d0-96e4-b90fa933f9b1,2026-09-09T13:00:00Z,2026-09-09T15:00:00+0200,223.56,EUR/MWh,FR,FR,imbalance_price,Short,2026-09-09T21:53:38Z
2026-09-09T21:47:24Z,2026-09-09T23:47:24+0200,f19b45ac-0251-46d0-96e4-b90fa933f9b1,2026-09-09T13:15:00Z,2026-09-09T15:15:00+0200,198.48,EUR/MWh,FR,FR,imbalance_price,Long,2026-09-09T21:53:38Z
2026-09-09T21:47:24Z,2026-09-09T23:47:24+0200,f19b45ac-0251-46d0-96e4-b90fa933f9b1,2026-09-09T13:15:00Z,2026-09-09T15:15:00+0200,221.44,EUR/MWh,FR,FR,imbalance_price,Short,2026-09-09T21:53:38Z
2026-09-09T21:47:24Z,2026-09-09T23:47:24+0200,f19b45ac-0251-46d0-96e4-b90fa933f9b1,2026-09-09T13:30:00Z,2026-09-09T15:30:00+0200,193.5,EUR/MWh,FR,FR,imbalance_price,Long,2026-09-09T21:53:38Z
2026-09-09T21:47:24Z,2026-09-09T23:47:24+0200,f19b45ac-0251-46d0-96e4-b90fa933f9b1,2026-09-09T13:30:00Z,2026-09-09T15:30:00+0200,215.9,EUR/MWh,FR,FR,imbalance_price,Short,2026-09-09T21:53:38Z
2026-09-09T21:47:24Z,2026-09-09T23:47:24+0200,f19b45ac-0251-46d0-96e4-b90fa933f9b1,2026-09-09T13:45:00Z,2026-09-09T15:45:00+0200,23.33,EUR/MWh,FR,FR,imbalance_price,Long,2026-09-09T21:53:38Z
2026-09-09T21:47:24Z,2026-09-09T23:47:24+0200,f19b45ac-0251-46d0-96e4-b90fa933f9b1,2026-09-09T13:45:00Z,2026-09-09T15:45:00+0200,26.03,EUR/MWh,FR,FR,imbalance_price,Short,2026-09-09T21:53:38Z
2026-09-09T21:47:24Z,2026-09-09T23:47:24+0200,f19b45ac-0251-46d0-96e4-b90fa933f9b1,2026-09-09T14:00:00Z,2026-09-09T16:00:00+0200,-139.8,EUR/MWh,FR,FR,imbalance_price,Long,2026-09-09T21:53:38Z
2026-09-09T21:47:24Z,2026-09-09T23:47:24+0200,f19b45ac-0251-46d0-96e4-b90fa933f9b1,2026-09-09T14:00:00Z,2026-09-09T16:00:00+0200,-125.3,EUR/MWh,FR,FR,imbalance_price,Short,2026-09-09T21:53:38Z
2026-09-09T21:47:24Z,2026-09-09T23:47:24+0200,f19b45ac-0251-46d0-96e4-b90fa933f9b1,2026-09-09T14:15:00Z,2026-09-09T16:15:00+0200,5.27,EUR/MWh,FR,FR,imbalance_price,Long,2026-09-09T21:53:38Z
2026-09-09T21:47:24Z,2026-09-09T23:47:24+0200,f19b45ac-0251-46d0-96e4-b90fa933f9b1,2026-09-09T14:15:00Z,2026-09-09T16:15:00+0200,5.87,EUR/MWh,FR,FR,imbalance_price,Short,2026-09-09T21:53:38Z
2026-09-09T21:47:24Z,2026-09-09T23:47:24+0200,f19b45ac-0251-46d0-96e4-b90fa933f9b1,2026-09-09T14:30:00Z,2026-09-09T16:30:00+0200,-35.35,EUR/MWh,FR,FR,imbalance_price,Long,2026-09-09T21:53:38Z
2026-09-09T21:47:24Z,2026-09-09T23:47:24+0200,f19b45ac-0251-46d0-96e4-b90fa933f9b1,2026-09-09T14:30:00Z,2026-09-09T16:30:00+0200,-31.69,EUR/MWh,FR,FR,imbalance_price,Short,2026-09-09T21:53:38Z
2026-09-09T21:47:24Z,2026-09-09T23:47:24+0200,f19b45ac-0251-46d0-96e4-b90fa933f9b1,2026-09-09T14:45:00Z,2026-09-09T16:45:00+0200,-19.24,EUR/MWh,FR,FR,imbalance_price,Long,2026-09-09T21:53:38Z
2026-09-09T21:47:24Z,2026-09-09T23:47:24+0200,f19b45ac-0251-46d0-96e4-b90fa933f9b1,2026-09-09T14:45:00Z,2026-09-09T16:45:00+0200,-17.24,EUR/MWh,FR,FR,imbalance_price,Short,2026-09-09T21:53:38Z
2026-09-09T21:47:24Z,2026-09-09T23:47:24+0200,f19b45ac-0251-46d0-96e4-b90fa933f9b1,2026-09-09T15:00:00Z,2026-09-09T17:00:00+0200,3.88,EUR/MWh,FR,FR,imbalance_price,Long,2026-09-09T21:53:38Z
2026-09-09T21:47:24Z,2026-09-09T23:47:24+0200,f19b45ac-0251-46d0-96e4-b90fa933f9b1,2026-09-09T15:00:00Z,2026-09-09T17:00:00+0200,4.32,EUR/MWh,FR,FR,imbalance_price,Short,2026-09-09T21:53:38Z
2026-09-09T21:47:24Z,2026-09-09T23:47:24+0200,f19b45ac-0251-46d0-96e4-b90fa933f9b1,2026-09-09T15:15:00Z,2026-09-09T17:15:00+0200,9.85,EUR/MWh,FR,FR,imbalance_price,Long,2026-09-09T21:53:38Z
2026-09-09T21:47:24Z,2026-09-09T23:47:24+0200,f19b45ac-0251-46d0-96e4-b90fa933f9b1,2026-09-09T15:15:00Z,2026-09-09T17:15:00+0200,10.99,EUR/MWh,FR,FR,imbalance_price,Short,2026-09-09T21:53:38Z
2026-09-09T21:47:24Z,2026-09-09T23:47:24+0200,f19b45ac-0251-46d0-96e4-b90fa933f9b1,2026-09-09T15:30:00Z,2026-09-09T17:30:00+0200,-35.48,EUR/MWh,FR,FR,imbalance_price,Long,2026-09-09T21:53:38Z
2026-09-09T21:47:24Z,2026-09-09T23:47:24+0200,f19b45ac-0251-46d0-96e4-b90fa933f9b1,2026-09-09T15:30:00Z,2026-09-09T17:30:00+0200,-31.8,EUR/MWh,FR,FR,imbalance_price,Short,2026-09-09T21:53:38Z
2026-09-09T21:47:24Z,2026-09-09T23:47:24+0200,f19b45ac-0251-46d0-96e4-b90fa933f9b1,2026-09-09T15:45:00Z,2026-09-09T17:45:00+0200,117.74,EUR/MWh,FR,FR,imbalance_price,Long,2026-09-09T21:53:38Z
2026-09-09T21:47:24Z,2026-09-09T23:47:24+0200,f19b45ac-0251-46d0-96e4-b90fa933f9b1,2026-09-09T15:45:00Z,2026-09-09T17:45:00+0200,131.36,EUR/MWh,FR,FR,imbalance_price,Short,2026-09-09T21:53:38Z
2026-09-09T21:47:24Z,2026-09-09T23:47:24+0200,f19b45ac-0251-46d0-96e4-b90fa933f9b1,2026-09-09T16:00:00Z,2026-09-09T18:00:00+0200,99.28,EUR/MWh,FR,FR,imbalance_price,Long,2026-09-09T21:53:38Z
2026-09-09T21:47:24Z,2026-09-09T23:47:24+0200,f19b45ac-0251-46d0-96e4-b90fa933f9b1,2026-09-09T16:00:00Z,2026-09-09T18:00:00+0200,110.78,EUR/MWh,FR,FR,imbalance_price,Short,2026-09-09T21:53:38Z
2026-09-09T21:47:24Z,2026-09-09T23:47:24+0200,f19b45ac-0251-46d0-96e4-b90fa933f9b1,2026-09-09T16:15:00Z,2026-09-09T18:15:00+0200,159.09,EUR/MWh,FR,FR,imbalance_price,Long,2026-09-09T21:53:38Z
2026-09-09T21:47:24Z,2026-09-09T23:47:24+0200,f19b45ac-0251-46d0-96e4-b90fa933f9b1,2026-09-09T16:15:00Z,2026-09-09T18:15:00+0200,177.51,EUR/MWh,FR,FR,imbalance_price,Short,2026-09-09T21:53:38Z
2026-09-09T21:47:24Z,2026-09-09T23:47:24+0200,f19b45ac-0251-46d0-96e4-b90fa933f9b1,2026-09-09T16:30:00Z,2026-09-09T18:30:00+0200,144.21,EUR/MWh,FR,FR,imbalance_price,Long,2026-09-09T21:53:38Z
2026-09-09T21:47:24Z,2026-09-09T23:47:24+0200,f19b45ac-0251-46d0-96e4-b90fa933f9b1,2026-09-09T16:30:00Z,2026-09-09T18:30:00+0200,160.91,EUR/MWh,FR,FR,imbalance_price,Short,2026-09-09T21:53:38Z
2026-09-09T21:47:24Z,2026-09-09T23:47:24+0200,f19b45ac-0251-46d0-96e4-b90fa933f9b1,2026-09-09T16:45:00Z,2026-09-09T18:45:00+0200,171.76,EUR/MWh,FR,FR,imbalance_price,Long,2026-09-09T21:53:38Z
2026-09-09T21:47:24Z,2026-09-09T23:47:24+0200,f19b45ac-0251-46d0-96e4-b90fa933f9b1,2026-09-09T16:45:00Z,2026-09-09T18:45:00+0200,191.64,EUR/MWh,FR,FR,imbalance_price,Short,2026-09-09T21:53:38Z
2026-09-09T21:47:24Z,2026-09-09T23:47:24+0200,f19b45ac-0251-46d0-96e4-b90fa933f9b1,2026-09-09T17:00:00Z,2026-09-09T19:00:00+0200,169.53,EUR/MWh,FR,FR,imbalance_price,Long,2026-09-09T21:53:38Z
2026-09-09T21:47:24Z,2026-09-09T23:47:24+0200,f19b45ac-0251-46d0-96e4-b90fa933f9b1,2026-09-09T17:00:00Z,2026-09-09T19:00:00+0200,189.15,EUR/MWh,FR,FR,imbalance_price,Short,2026-09-09T21:53:38Z
2026-09-09T21:47:24Z,2026-09-09T23:47:24+0200,f19b45ac-0251-46d0-96e4-b90fa933f9b1,2026-09-09T17:15:00Z,2026-09-09T19:15:00+0200,162.65,EUR/MWh,FR,FR,imbalance_price,Long,2026-09-09T21:53:38Z
2026-09-09T21:47:24Z,2026-09-09T23:47:24+0200,f19b45ac-0251-46d0-96e4-b90fa933f9b1,2026-09-09T17:15:00Z,2026-09-09T19:15:00+0200,181.47,EUR/MWh,FR,FR,imbalance_price,Short,2026-09-09T21:53:38Z
2026-09-09T21:47:24Z,2026-09-09T23:47:24+0200,f19b45ac-0251-46d0-96e4-b90fa933f9b1,2026-09-09T17:30:00Z,2026-09-09T19:30:00+0200,150.26,EUR/MWh,FR,FR,imbalance_price,Long,2026-09-09T21:53:38Z
2026-09-09T21:47:24Z,2026-09-09T23:47:24+0200,f19b45ac-0251-46d0-96e4-b90fa933f9b1,2026-09-09T17:30:00Z,2026-09-09T19:30:00+0200,167.64,EUR/MWh,FR,FR,imbalance_price,Short,2026-09-09T21:53:38Z
2026-09-09T21:47:24Z,2026-09-09T23:47:24+0200,f19b45ac-0251-46d0-96e4-b90fa933f9b1,2026-09-09T17:45:00Z,2026-09-09T19:45:00+0200,186.78,EUR/MWh,FR,FR,imbalance_price,Long,2026-09-09T21:53:38Z
2026-09-09T21:47:24Z,2026-09-09T23:47:24+0200,f19b45ac-0251-46d0-96e4-b90fa933f9b1,2026-09-09T17:45:00Z,2026-09-09T19:45:00+0200,208.4,EUR/MWh,FR,FR,imbalance_price,Short,2026-09-09T21:53:38Z
2026-09-09T21:47:24Z,2026-09-09T23:47:24+0200,f19b45ac-0251-46d0-96e4-b90fa933f9b1,2026-09-09T18:00:00Z,2026-09-09T20:00:00+0200,198.31,EUR/MWh,FR,FR,imbalance_price,Long,2026-09-09T21:53:38Z
2026-09-09T21:47:24Z,2026-09-09T23:47:24+0200,f19b45ac-0251-46d0-96e4-b90fa933f9b1,2026-09-09T18:00:00Z,2026-09-09T20:00:00+0200,221.27,EUR/MWh,FR,FR,imbalance_price,Short,2026-09-09T21:53:38Z
2026-09-09T21:47:24Z,2026-09-09T23:47:24+0200,f19b45ac-0251-46d0-96e4-b90fa933f9b1,2026-09-09T18:15:00Z,2026-09-09T20:15:00+0200,190.47,EUR/MWh,FR,FR,imbalance_price,Long,2026-09-09T21:53:38Z
2026-09-09T21:47:24Z,2026-09-09T23:47:24+0200,f19b45ac-0251-46d0-96e4-b90fa933f9b1,2026-09-09T18:15:00Z,2026-09-09T20:15:00+0200,212.51,EUR/MWh,FR,FR,imbalance_price,Short,2026-09-09T21:53:38Z
2026-09-09T21:47:24Z,2026-09-09T23:47:24+0200,f19b45ac-0251-46d0-96e4-b90fa933f9b1,2026-09-09T18:30:00Z,2026-09-09T20:30:00+0200,120.99,EUR/MWh,FR,FR,imbalance_price,Long,2026-09-09T21:53:38Z
2026-09-09T21:47:24Z,2026-09-09T23:47:24+0200,f19b45ac-0251-46d0-96e4-b90fa933f9b1,2026-09-09T18:30:00Z,2026-09-09T20:30:00+0200,134.99,EUR/MWh,FR,FR,imbalance_price,Short,2026-09-09T21:53:38Z
2026-09-09T21:47:24Z,2026-09-09T23:47:24+0200,f19b45ac-0251-46d0-96e4-b90fa933f9b1,2026-09-09T19:00:00Z,2026-09-09T21:00:00+0200,158.51,EUR/MWh,FR,FR,imbalance_price,Long,2026-09-09T21:53:38Z
2026-09-09T21:47:24Z,2026-09-09T23:47:24+0200,f19b45ac-0251-46d0-96e4-b90fa933f9b1,2026-09-09T19:00:00Z,2026-09-09T21:00:00+0200,176.85,EUR/MWh,FR,FR,imbalance_price,Short,2026-09-09T21:53:38Z
2026-09-09T21:47:24Z,2026-09-09T23:47:24+0200,f19b45ac-0251-46d0-96e4-b90fa933f9b1,2026-09-09T19:15:00Z,2026-09-09T21:15:00+0200,147.95,EUR/MWh,FR,FR,imbalance_price,Long,2026-09-09T21:53:38Z
2026-09-09T21:47:24Z,2026-09-09T23:47:24+0200,f19b45ac-0251-46d0-96e4-b90fa933f9b1,2026-09-09T19:15:00Z,2026-09-09T21:15:00+0200,165.07,EUR/MWh,FR,FR,imbalance_price,Short,2026-09-09T21:53:38Z
2026-09-09T21:47:24Z,2026-09-09T23:47:24+0200,f19b45ac-0251-46d0-96e4-b90fa933f9b1,2026-09-09T19:30:00Z,2026-09-09T21:30:00+0200,143.8,EUR/MWh,FR,FR,imbalance_price,Long,2026-09-09T21:53:38Z
2026-09-09T21:47:24Z,2026-09-09T23:47:24+0200,f19b45ac-0251-46d0-96e4-b90fa933f9b1,2026-09-09T19:30:00Z,2026-09-09T21:30:00+0200,160.44,EUR/MWh,FR,FR,imbalance_price,Short,2026-09-09T21:53:38Z
2026-09-09T21:47:24Z,2026-09-09T23:47:24+0200,f19b45ac-0251-46d0-96e4-b90fa933f9b1,2026-09-09T19:45:00Z,2026-09-09T21:45:00+0200,141.12,EUR/MWh,FR,FR,imbalance_price,Long,2026-09-09T21:53:38Z
2026-09-09T21:47:24Z,2026-09-09T23:47:24+0200,f19b45ac-0251-46d0-96e4-b90fa933f9b1,2026-09-09T19:45:00Z,2026-09-09T21:45:00+0200,157.46,EUR/MWh,FR,FR,imbalance_price,Short,2026-09-09T21:53:38Z
2026-09-09T21:47:24Z,2026-09-09T23:47:24+0200,f19b45ac-0251-46d0-96e4-b90fa933f9b1,2026-09-09T20:00:00Z,2026-09-09T22:00:00+0200,179.34,EUR/MWh,FR,FR,imbalance_price,Long,2026-09-09T21:53:38Z
2026-09-09T21:47:24Z,2026-09-09T23:47:24+0200,f19b45ac-0251-46d0-96e4-b90fa933f9b1,2026-09-09T20:00:00Z,2026-09-09T22:00:00+0200,200.1,EUR/MWh,FR,FR,imbalance_price,Short,2026-09-09T21:53:38Z
2026-09-09T21:47:24Z,2026-09-09T23:47:24+0200,f19b45ac-0251-46d0-96e4-b90fa933f9b1,2026-09-09T20:15:00Z,2026-09-09T22:15:00+0200,170.81,EUR/MWh,FR,FR,imbalance_price,Long,2026-09-09T21:53:38Z
2026-09-09T21:47:24Z,2026-09-09T23:47:24+0200,f19b45ac-0251-46d0-96e4-b90fa933f9b1,2026-09-09T20:15:00Z,2026-09-09T22:15:00+0200,190.57,EUR/MWh,FR,FR,imbalance_price,Short,2026-09-09T21:53:38Z
2026-09-09T21:47:24Z,2026-09-09T23:47:24+0200,f19b45ac-0251-46d0-96e4-b90fa933f9b1,2026-09-09T20:30:00Z,2026-09-09T22:30:00+0200,154.87,EUR/MWh,FR,FR,imbalance_price,Long,2026-09-09T21:53:38Z
2026-09-09T21:47:24Z,2026-09-09T23:47:24+0200,f19b45ac-0251-46d0-96e4-b90fa933f9b1,2026-09-09T20:30:00Z,2026-09-09T22:30:00+0200,172.79,EUR/MWh,FR,FR,imbalance_price,Short,2026-09-09T21:53:38Z
2026-09-09T21:47:24Z,2026-09-09T23:47:24+0200,f19b45ac-0251-46d0-96e4-b90fa933f9b1,2026-09-09T20:45:00Z,2026-09-09T22:45:00+0200,149.28,EUR/MWh,FR,FR,imbalance_price,Long,2026-09-09T21:53:38Z
2026-09-09T21:47:24Z,2026-09-09T23:47:24+0200,f19b45ac-0251-46d0-96e4-b90fa933f9b1,2026-09-09T20:45:00Z,2026-09-09T22:45:00+0200,166.56,EUR/MWh,FR,FR,imbalance_price,Short,2026-09-09T21:53:38Z
2026-09-09T21:47:24Z,2026-09-09T23:47:24+0200,f19b45ac-0251-46d0-96e4-b90fa933f9b1,2026-09-09T21:00:00Z,2026-09-09T23:00:00+0200,159.33,EUR/MWh,FR,FR,imbalance_price,Long,2026-09-09T21:53:38Z
2026-09-09T21:47:24Z,2026-09-09T23:47:24+0200,f19b45ac-0251-46d0-96e4-b90fa933f9b1,2026-09-09T21:00:00Z,2026-09-09T23:00:00+0200,177.77,EUR/MWh,FR,FR,imbalance_price,Short,2026-09-09T21:53:38Z
2026-09-09T21:47:24Z,2026-09-09T23:47:24+0200,f19b45ac-0251-46d0-96e4-b90fa933f9b1,2026-09-09T21:15:00Z,2026-09-09T23:15:00+0200,144.69,EUR/MWh,FR,FR,imbalance_price,Long,2026-09-09T21:53:38Z
2026-09-09T21:47:24Z,2026-09-09T23:47:24+0200,f19b45ac-0251-46d0-96e4-b90fa933f9b1,2026-09-09T21:15:00Z,2026-09-09T23:15:00+0200,161.43,EUR/MWh,FR,FR,imbalance_price,Short,2026-09-09T21:53:38Z
2026-09-09T21:47:24Z,2026-09-09T23:47:24+0200,f19b45ac-0251-46d0-96e4-b90fa933f9b1,2026-09-09T21:30:00Z,2026-09-09T23:30:00+0200,150.3,EUR/MWh,FR,FR,imbalance_price,Long,2026-09-09T21:53:38Z
2026-09-09T21:47:24Z,2026-09-09T23:47:24+0200,f19b45ac-0251-46d0-96e4-b90fa933f9b1,2026-09-09T21:30:00Z,2026-09-09T23:30:00+0200,167.7,EUR/MWh,FR,FR,imbalance_price,Short,2026-09-09T21:53:38Z
