collection_time_utc,collection_time_local,run_id,timestamp_utc,timestamp_local,value,unit,country,entsoe_area,variable,source,updated_at_utc
2026-07-08T18:58:29Z,2026-07-08T20:58:29+0200,e401fd36-f4a8-45e5-ad91-bdd87731a7ba,2026-06-07T19:00:00Z,2026-06-07T21:00:00+0200,761.67004,MW,FR,FR,forecast_onshore_wind_generation,Wind Onshore,2026-07-08T18:59:22Z
2026-07-08T18:58:29Z,2026-07-08T20:58:29+0200,e401fd36-f4a8-45e5-ad91-bdd87731a7ba,2026-06-07T19:15:00Z,2026-06-07T21:15:00+0200,846.22003,MW,FR,FR,forecast_onshore_wind_generation,Wind Onshore,2026-07-08T18:59:22Z
2026-07-08T18:58:29Z,2026-07-08T20:58:29+0200,e401fd36-f4a8-45e5-ad91-bdd87731a7ba,2026-06-07T19:30:00Z,2026-06-07T21:30:00+0200,933.14001,MW,FR,FR,forecast_onshore_wind_generation,Wind Onshore,2026-07-08T18:59:22Z
2026-07-08T18:58:29Z,2026-07-08T20:58:29+0200,e401fd36-f4a8-45e5-ad91-bdd87731a7ba,2026-06-07T19:45:00Z,2026-06-07T21:45:00+0200,1020.57996,MW,FR,FR,forecast_onshore_wind_generation,Wind Onshore,2026-07-08T18:59:22Z
2026-07-08T18:58:29Z,2026-07-08T20:58:29+0200,e401fd36-f4a8-45e5-ad91-bdd87731a7ba,2026-06-07T20:00:00Z,2026-06-07T22:00:00+0200,1108.44995,MW,FR,FR,forecast_onshore_wind_generation,Wind Onshore,2026-07-08T18:59:22Z
2026-07-08T18:58:29Z,2026-07-08T20:58:29+0200,e401fd36-f4a8-45e5-ad91-bdd87731a7ba,2026-06-07T20:15:00Z,2026-06-07T22:15:00+0200,1188.12,MW,FR,FR,forecast_onshore_wind_generation,Wind Onshore,2026-07-08T18:59:22Z
2026-07-08T18:58:29Z,2026-07-08T20:58:29+0200,e401fd36-f4a8-45e5-ad91-bdd87731a7ba,2026-06-07T20:30:00Z,2026-06-07T22:30:00+0200,1269.13,MW,FR,FR,forecast_onshore_wind_generation,Wind Onshore,2026-07-08T18:59:22Z
2026-07-08T18:58:29Z,2026-07-08T20:58:29+0200,e401fd36-f4a8-45e5-ad91-bdd87731a7ba,2026-06-07T20:45:00Z,2026-06-07T22:45:00+0200,1350.09009,MW,FR,FR,forecast_onshore_wind_generation,Wind Onshore,2026-07-08T18:59:22Z
2026-07-08T18:58:29Z,2026-07-08T20:58:29+0200,e401fd36-f4a8-45e5-ad91-bdd87731a7ba,2026-06-07T21:00:00Z,2026-06-07T23:00:00+0200,1431.66992,MW,FR,FR,forecast_onshore_wind_generation,Wind Onshore,2026-07-08T18:59:22Z
2026-07-08T18:58:29Z,2026-07-08T20:58:29+0200,e401fd36-f4a8-45e5-ad91-bdd87731a7ba,2026-06-07T21:15:00Z,2026-06-07T23:15:00+0200,1519.10999,MW,FR,FR,forecast_onshore_wind_generation,Wind Onshore,2026-07-08T18:59:22Z
2026-07-08T18:58:29Z,2026-07-08T20:58:29+0200,e401fd36-f4a8-45e5-ad91-bdd87731a7ba,2026-06-07T21:30:00Z,2026-06-07T23:30:00+0200,1607.58997,MW,FR,FR,forecast_onshore_wind_generation,Wind Onshore,2026-07-08T18:59:22Z
2026-07-08T18:58:29Z,2026-07-08T20:58:29+0200,e401fd36-f4a8-45e5-ad91-bdd87731a7ba,2026-06-07T21:45:00Z,2026-06-07T23:45:00+0200,1695.95007,MW,FR,FR,forecast_onshore_wind_generation,Wind Onshore,2026-07-08T18:59:22Z
2026-07-08T18:58:29Z,2026-07-08T20:58:29+0200,e401fd36-f4a8-45e5-ad91-bdd87731a7ba,2026-06-07T22:00:00Z,2026-06-08T00:00:00+0200,1639.68005,MW,FR,FR,forecast_onshore_wind_generation,Wind Onshore,2026-07-08T18:59:22Z
2026-07-08T18:58:29Z,2026-07-08T20:58:29+0200,e401fd36-f4a8-45e5-ad91-bdd87731a7ba,2026-06-07T22:15:00Z,2026-06-08T00:15:00+0200,1754.34009,MW,FR,FR,forecast_onshore_wind_generation,Wind Onshore,2026-07-08T18:59:22Z
2026-07-08T18:58:29Z,2026-07-08T20:58:29+0200,e401fd36-f4a8-45e5-ad91-bdd87731a7ba,2026-06-07T22:30:00Z,2026-06-08T00:30:00+0200,1869.51001,MW,FR,FR,forecast_onshore_wind_generation,Wind Onshore,2026-07-08T18:59:22Z
2026-07-08T18:58:29Z,2026-07-08T20:58:29+0200,e401fd36-f4a8-45e5-ad91-bdd87731a7ba,2026-06-07T22:45:00Z,2026-06-08T00:45:00+0200,1984.52991,MW,FR,FR,forecast_onshore_wind_generation,Wind Onshore,2026-07-08T18:59:22Z
2026-07-08T18:58:29Z,2026-07-08T20:58:29+0200,e401fd36-f4a8-45e5-ad91-bdd87731a7ba,2026-06-07T23:00:00Z,2026-06-08T01:00:00+0200,2099.73999,MW,FR,FR,forecast_onshore_wind_generation,Wind Onshore,2026-07-08T18:59:22Z
2026-07-08T18:58:29Z,2026-07-08T20:58:29+0200,e401fd36-f4a8-45e5-ad91-bdd87731a7ba,2026-06-07T23:15:00Z,2026-06-08T01:15:00+0200,2205.86011,MW,FR,FR,forecast_onshore_wind_generation,Wind Onshore,2026-07-08T18:59:22Z
2026-07-08T18:58:29Z,2026-07-08T20:58:29+0200,e401fd36-f4a8-45e5-ad91-bdd87731a7ba,2026-06-07T23:30:00Z,2026-06-08T01:30:00+0200,2312.06982,MW,FR,FR,forecast_onshore_wind_generation,Wind Onshore,2026-07-08T18:59:22Z
2026-07-08T18:58:29Z,2026-07-08T20:58:29+0200,e401fd36-f4a8-45e5-ad91-bdd87731a7ba,2026-06-07T23:45:00Z,2026-06-08T01:45:00+0200,2418.28979,MW,FR,FR,forecast_onshore_wind_generation,Wind Onshore,2026-07-08T18:59:22Z
2026-07-08T18:58:29Z,2026-07-08T20:58:29+0200,e401fd36-f4a8-45e5-ad91-bdd87731a7ba,2026-06-08T00:00:00Z,2026-06-08T02:00:00+0200,2524.61011,MW,FR,FR,forecast_onshore_wind_generation,Wind Onshore,2026-07-08T18:59:22Z
2026-07-08T18:58:29Z,2026-07-08T20:58:29+0200,e401fd36-f4a8-45e5-ad91-bdd87731a7ba,2026-06-08T00:15:00Z,2026-06-08T02:15:00+0200,2563.84985,MW,FR,FR,forecast_onshore_wind_generation,Wind Onshore,2026-07-08T18:59:22Z
2026-07-08T18:58:29Z,2026-07-08T20:58:29+0200,e401fd36-f4a8-45e5-ad91-bdd87731a7ba,2026-06-08T00:30:00Z,2026-06-08T02:30:00+0200,2603.08008,MW,FR,FR,forecast_onshore_wind_generation,Wind Onshore,2026-07-08T18:59:22Z
2026-07-08T18:58:29Z,2026-07-08T20:58:29+0200,e401fd36-f4a8-45e5-ad91-bdd87731a7ba,2026-06-08T00:45:00Z,2026-06-08T02:45:00+0200,2642.47998,MW,FR,FR,forecast_onshore_wind_generation,Wind Onshore,2026-07-08T18:59:22Z
2026-07-08T18:58:29Z,2026-07-08T20:58:29+0200,e401fd36-f4a8-45e5-ad91-bdd87731a7ba,2026-06-08T01:00:00Z,2026-06-08T03:00:00+0200,2681.87012,MW,FR,FR,forecast_onshore_wind_generation,Wind Onshore,2026-07-08T18:59:22Z
2026-07-08T18:58:29Z,2026-07-08T20:58:29+0200,e401fd36-f4a8-45e5-ad91-bdd87731a7ba,2026-06-08T01:15:00Z,2026-06-08T03:15:00+0200,2683.07007,MW,FR,FR,forecast_onshore_wind_generation,Wind Onshore,2026-07-08T18:59:22Z
2026-07-08T18:58:29Z,2026-07-08T20:58:29+0200,e401fd36-f4a8-45e5-ad91-bdd87731a7ba,2026-06-08T01:30:00Z,2026-06-08T03:30:00+0200,2684.31982,MW,FR,FR,forecast_onshore_wind_generation,Wind Onshore,2026-07-08T18:59:22Z
2026-07-08T18:58:29Z,2026-07-08T20:58:29+0200,e401fd36-f4a8-45e5-ad91-bdd87731a7ba,2026-06-08T01:45:00Z,2026-06-08T03:45:00+0200,2685.59009,MW,FR,FR,forecast_onshore_wind_generation,Wind Onshore,2026-07-08T18:59:22Z
2026-07-08T18:58:29Z,2026-07-08T20:58:29+0200,e401fd36-f4a8-45e5-ad91-bdd87731a7ba,2026-06-08T02:00:00Z,2026-06-08T04:00:00+0200,2686.91992,MW,FR,FR,forecast_onshore_wind_generation,Wind Onshore,2026-07-08T18:59:22Z
2026-07-08T18:58:29Z,2026-07-08T20:58:29+0200,e401fd36-f4a8-45e5-ad91-bdd87731a7ba,2026-06-08T02:15:00Z,2026-06-08T04:15:00+0200,2681.70996,MW,FR,FR,forecast_onshore_wind_generation,Wind Onshore,2026-07-08T18:59:22Z
2026-07-08T18:58:29Z,2026-07-08T20:58:29+0200,e401fd36-f4a8-45e5-ad91-bdd87731a7ba,2026-06-08T02:30:00Z,2026-06-08T04:30:00+0200,2676.57007,MW,FR,FR,forecast_onshore_wind_generation,Wind Onshore,2026-07-08T18:59:22Z
2026-07-08T18:58:29Z,2026-07-08T20:58:29+0200,e401fd36-f4a8-45e5-ad91-bdd87731a7ba,2026-06-08T02:45:00Z,2026-06-08T04:45:00+0200,2671.3999,MW,FR,FR,forecast_onshore_wind_generation,Wind Onshore,2026-07-08T18:59:22Z
2026-07-08T18:58:29Z,2026-07-08T20:58:29+0200,e401fd36-f4a8-45e5-ad91-bdd87731a7ba,2026-06-08T03:00:00Z,2026-06-08T05:00:00+0200,2666.28003,MW,FR,FR,forecast_onshore_wind_generation,Wind Onshore,2026-07-08T18:59:22Z
2026-07-08T18:58:29Z,2026-07-08T20:58:29+0200,e401fd36-f4a8-45e5-ad91-bdd87731a7ba,2026-06-08T03:15:00Z,2026-06-08T05:15:00+0200,2668.44995,MW,FR,FR,forecast_onshore_wind_generation,Wind Onshore,2026-07-08T18:59:22Z
2026-07-08T18:58:29Z,2026-07-08T20:58:29+0200,e401fd36-f4a8-45e5-ad91-bdd87731a7ba,2026-06-08T03:30:00Z,2026-06-08T05:30:00+0200,2670.66016,MW,FR,FR,forecast_onshore_wind_generation,Wind Onshore,2026-07-08T18:59:22Z
2026-07-08T18:58:29Z,2026-07-08T20:58:29+0200,e401fd36-f4a8-45e5-ad91-bdd87731a7ba,2026-06-08T03:45:00Z,2026-06-08T05:45:00+0200,2672.86011,MW,FR,FR,forecast_onshore_wind_generation,Wind Onshore,2026-07-08T18:59:22Z
2026-07-08T18:58:29Z,2026-07-08T20:58:29+0200,e401fd36-f4a8-45e5-ad91-bdd87731a7ba,2026-06-08T04:00:00Z,2026-06-08T06:00:00+0200,2675.05005,MW,FR,FR,forecast_onshore_wind_generation,Wind Onshore,2026-07-08T18:59:22Z
2026-07-08T18:58:29Z,2026-07-08T20:58:29+0200,e401fd36-f4a8-45e5-ad91-bdd87731a7ba,2026-06-08T04:15:00Z,2026-06-08T06:15:00+0200,2645.56006,MW,FR,FR,forecast_onshore_wind_generation,Wind Onshore,2026-07-08T18:59:22Z
2026-07-08T18:58:29Z,2026-07-08T20:58:29+0200,e401fd36-f4a8-45e5-ad91-bdd87731a7ba,2026-06-08T04:30:00Z,2026-06-08T06:30:00+0200,2616.08008,MW,FR,FR,forecast_onshore_wind_generation,Wind Onshore,2026-07-08T18:59:22Z
2026-07-08T18:58:29Z,2026-07-08T20:58:29+0200,e401fd36-f4a8-45e5-ad91-bdd87731a7ba,2026-06-08T04:45:00Z,2026-06-08T06:45:00+0200,2586.45996,MW,FR,FR,forecast_onshore_wind_generation,Wind Onshore,2026-07-08T18:59:22Z
2026-07-08T18:58:29Z,2026-07-08T20:58:29+0200,e401fd36-f4a8-45e5-ad91-bdd87731a7ba,2026-06-08T05:00:00Z,2026-06-08T07:00:00+0200,2556.88013,MW,FR,FR,forecast_onshore_wind_generation,Wind Onshore,2026-07-08T18:59:22Z
2026-07-08T18:58:29Z,2026-07-08T20:58:29+0200,e401fd36-f4a8-45e5-ad91-bdd87731a7ba,2026-06-08T05:15:00Z,2026-06-08T07:15:00+0200,2583.32983,MW,FR,FR,forecast_onshore_wind_generation,Wind Onshore,2026-07-08T18:59:22Z
2026-07-08T18:58:29Z,2026-07-08T20:58:29+0200,e401fd36-f4a8-45e5-ad91-bdd87731a7ba,2026-06-08T05:30:00Z,2026-06-08T07:30:00+0200,2609.79004,MW,FR,FR,forecast_onshore_wind_generation,Wind Onshore,2026-07-08T18:59:22Z
2026-07-08T18:58:29Z,2026-07-08T20:58:29+0200,e401fd36-f4a8-45e5-ad91-bdd87731a7ba,2026-06-08T05:45:00Z,2026-06-08T07:45:00+0200,2636.15991,MW,FR,FR,forecast_onshore_wind_generation,Wind Onshore,2026-07-08T18:59:22Z
2026-07-08T18:58:29Z,2026-07-08T20:58:29+0200,e401fd36-f4a8-45e5-ad91-bdd87731a7ba,2026-06-08T06:00:00Z,2026-06-08T08:00:00+0200,2662.60986,MW,FR,FR,forecast_onshore_wind_generation,Wind Onshore,2026-07-08T18:59:22Z
2026-07-08T18:58:29Z,2026-07-08T20:58:29+0200,e401fd36-f4a8-45e5-ad91-bdd87731a7ba,2026-06-08T06:15:00Z,2026-06-08T08:15:00+0200,2560.68994,MW,FR,FR,forecast_onshore_wind_generation,Wind Onshore,2026-07-08T18:59:22Z
2026-07-08T18:58:29Z,2026-07-08T20:58:29+0200,e401fd36-f4a8-45e5-ad91-bdd87731a7ba,2026-06-08T06:30:00Z,2026-06-08T08:30:00+0200,2458.77002,MW,FR,FR,forecast_onshore_wind_generation,Wind Onshore,2026-07-08T18:59:22Z
2026-07-08T18:58:29Z,2026-07-08T20:58:29+0200,e401fd36-f4a8-45e5-ad91-bdd87731a7ba,2026-06-08T06:45:00Z,2026-06-08T08:45:00+0200,2356.89014,MW,FR,FR,forecast_onshore_wind_generation,Wind Onshore,2026-07-08T18:59:22Z
2026-07-08T18:58:29Z,2026-07-08T20:58:29+0200,e401fd36-f4a8-45e5-ad91-bdd87731a7ba,2026-06-08T07:00:00Z,2026-06-08T09:00:00+0200,2255.10986,MW,FR,FR,forecast_onshore_wind_generation,Wind Onshore,2026-07-08T18:59:22Z
2026-07-08T18:58:29Z,2026-07-08T20:58:29+0200,e401fd36-f4a8-45e5-ad91-bdd87731a7ba,2026-06-08T07:15:00Z,2026-06-08T09:15:00+0200,2214.48999,MW,FR,FR,forecast_onshore_wind_generation,Wind Onshore,2026-07-08T18:59:22Z
2026-07-08T18:58:29Z,2026-07-08T20:58:29+0200,e401fd36-f4a8-45e5-ad91-bdd87731a7ba,2026-06-08T07:30:00Z,2026-06-08T09:30:00+0200,2173.83008,MW,FR,FR,forecast_onshore_wind_generation,Wind Onshore,2026-07-08T18:59:22Z
2026-07-08T18:58:29Z,2026-07-08T20:58:29+0200,e401fd36-f4a8-45e5-ad91-bdd87731a7ba,2026-06-08T07:45:00Z,2026-06-08T09:45:00+0200,2133.15991,MW,FR,FR,forecast_onshore_wind_generation,Wind Onshore,2026-07-08T18:59:22Z
2026-07-08T18:58:29Z,2026-07-08T20:58:29+0200,e401fd36-f4a8-45e5-ad91-bdd87731a7ba,2026-06-08T08:00:00Z,2026-06-08T10:00:00+0200,2092.52002,MW,FR,FR,forecast_onshore_wind_generation,Wind Onshore,2026-07-08T18:59:22Z
2026-07-08T18:58:29Z,2026-07-08T20:58:29+0200,e401fd36-f4a8-45e5-ad91-bdd87731a7ba,2026-06-08T08:15:00Z,2026-06-08T10:15:00+0200,2165.22998,MW,FR,FR,forecast_onshore_wind_generation,Wind Onshore,2026-07-08T18:59:22Z
2026-07-08T18:58:29Z,2026-07-08T20:58:29+0200,e401fd36-f4a8-45e5-ad91-bdd87731a7ba,2026-06-08T08:30:00Z,2026-06-08T10:30:00+0200,2237.93994,MW,FR,FR,forecast_onshore_wind_generation,Wind Onshore,2026-07-08T18:59:22Z
2026-07-08T18:58:29Z,2026-07-08T20:58:29+0200,e401fd36-f4a8-45e5-ad91-bdd87731a7ba,2026-06-08T08:45:00Z,2026-06-08T10:45:00+0200,2310.68994,MW,FR,FR,forecast_onshore_wind_generation,Wind Onshore,2026-07-08T18:59:22Z
2026-07-08T18:58:29Z,2026-07-08T20:58:29+0200,e401fd36-f4a8-45e5-ad91-bdd87731a7ba,2026-06-08T09:00:00Z,2026-06-08T11:00:00+0200,2383.52002,MW,FR,FR,forecast_onshore_wind_generation,Wind Onshore,2026-07-08T18:59:22Z
2026-07-08T18:58:29Z,2026-07-08T20:58:29+0200,e401fd36-f4a8-45e5-ad91-bdd87731a7ba,2026-06-08T09:15:00Z,2026-06-08T11:15:00+0200,2532.77002,MW,FR,FR,forecast_onshore_wind_generation,Wind Onshore,2026-07-08T18:59:22Z
2026-07-08T18:58:29Z,2026-07-08T20:58:29+0200,e401fd36-f4a8-45e5-ad91-bdd87731a7ba,2026-06-08T09:30:00Z,2026-06-08T11:30:00+0200,2682.03003,MW,FR,FR,forecast_onshore_wind_generation,Wind Onshore,2026-07-08T18:59:22Z
2026-07-08T18:58:29Z,2026-07-08T20:58:29+0200,e401fd36-f4a8-45e5-ad91-bdd87731a7ba,2026-06-08T09:45:00Z,2026-06-08T11:45:00+0200,2831.33984,MW,FR,FR,forecast_onshore_wind_generation,Wind Onshore,2026-07-08T18:59:22Z
2026-07-08T18:58:29Z,2026-07-08T20:58:29+0200,e401fd36-f4a8-45e5-ad91-bdd87731a7ba,2026-06-08T10:00:00Z,2026-06-08T12:00:00+0200,2980.63989,MW,FR,FR,forecast_onshore_wind_generation,Wind Onshore,2026-07-08T18:59:22Z
2026-07-08T18:58:29Z,2026-07-08T20:58:29+0200,e401fd36-f4a8-45e5-ad91-bdd87731a7ba,2026-06-08T10:15:00Z,2026-06-08T12:15:00+0200,3268.62012,MW,FR,FR,forecast_onshore_wind_generation,Wind Onshore,2026-07-08T18:59:22Z
2026-07-08T18:58:29Z,2026-07-08T20:58:29+0200,e401fd36-f4a8-45e5-ad91-bdd87731a7ba,2026-06-08T10:30:00Z,2026-06-08T12:30:00+0200,3556.58984,MW,FR,FR,forecast_onshore_wind_generation,Wind Onshore,2026-07-08T18:59:22Z
2026-07-08T18:58:29Z,2026-07-08T20:58:29+0200,e401fd36-f4a8-45e5-ad91-bdd87731a7ba,2026-06-08T10:45:00Z,2026-06-08T12:45:00+0200,3844.5603,MW,FR,FR,forecast_onshore_wind_generation,Wind Onshore,2026-07-08T18:59:22Z
2026-07-08T18:58:29Z,2026-07-08T20:58:29+0200,e401fd36-f4a8-45e5-ad91-bdd87731a7ba,2026-06-08T11:00:00Z,2026-06-08T13:00:00+0200,4132.54004,MW,FR,FR,forecast_onshore_wind_generation,Wind Onshore,2026-07-08T18:59:22Z
2026-07-08T18:58:29Z,2026-07-08T20:58:29+0200,e401fd36-f4a8-45e5-ad91-bdd87731a7ba,2026-06-08T11:15:00Z,2026-06-08T13:15:00+0200,4419.0498,MW,FR,FR,forecast_onshore_wind_generation,Wind Onshore,2026-07-08T18:59:22Z
2026-07-08T18:58:29Z,2026-07-08T20:58:29+0200,e401fd36-f4a8-45e5-ad91-bdd87731a7ba,2026-06-08T11:30:00Z,2026-06-08T13:30:00+0200,4705.56982,MW,FR,FR,forecast_onshore_wind_generation,Wind Onshore,2026-07-08T18:59:22Z
2026-07-08T18:58:29Z,2026-07-08T20:58:29+0200,e401fd36-f4a8-45e5-ad91-bdd87731a7ba,2026-06-08T11:45:00Z,2026-06-08T13:45:00+0200,4992.08984,MW,FR,FR,forecast_onshore_wind_generation,Wind Onshore,2026-07-08T18:59:22Z
2026-07-08T18:58:29Z,2026-07-08T20:58:29+0200,e401fd36-f4a8-45e5-ad91-bdd87731a7ba,2026-06-08T12:00:00Z,2026-06-08T14:00:00+0200,5278.61963,MW,FR,FR,forecast_onshore_wind_generation,Wind Onshore,2026-07-08T18:59:22Z
2026-07-08T18:58:29Z,2026-07-08T20:58:29+0200,e401fd36-f4a8-45e5-ad91-bdd87731a7ba,2026-06-08T12:15:00Z,2026-06-08T14:15:00+0200,5606.81006,MW,FR,FR,forecast_onshore_wind_generation,Wind Onshore,2026-07-08T18:59:22Z
2026-07-08T18:58:29Z,2026-07-08T20:58:29+0200,e401fd36-f4a8-45e5-ad91-bdd87731a7ba,2026-06-08T12:30:00Z,2026-06-08T14:30:00+0200,5935.0,MW,FR,FR,forecast_onshore_wind_generation,Wind Onshore,2026-07-08T18:59:22Z
2026-07-08T18:58:29Z,2026-07-08T20:58:29+0200,e401fd36-f4a8-45e5-ad91-bdd87731a7ba,2026-06-08T12:45:00Z,2026-06-08T14:45:00+0200,6263.20996,MW,FR,FR,forecast_onshore_wind_generation,Wind Onshore,2026-07-08T18:59:22Z
2026-07-08T18:58:29Z,2026-07-08T20:58:29+0200,e401fd36-f4a8-45e5-ad91-bdd87731a7ba,2026-06-08T13:00:00Z,2026-06-08T15:00:00+0200,6591.41992,MW,FR,FR,forecast_onshore_wind_generation,Wind Onshore,2026-07-08T18:59:22Z
2026-07-08T18:58:29Z,2026-07-08T20:58:29+0200,e401fd36-f4a8-45e5-ad91-bdd87731a7ba,2026-06-08T13:15:00Z,2026-06-08T15:15:00+0200,6773.04004,MW,FR,FR,forecast_onshore_wind_generation,Wind Onshore,2026-07-08T18:59:22Z
2026-07-08T18:58:29Z,2026-07-08T20:58:29+0200,e401fd36-f4a8-45e5-ad91-bdd87731a7ba,2026-06-08T13:30:00Z,2026-06-08T15:30:00+0200,6954.68994,MW,FR,FR,forecast_onshore_wind_generation,Wind Onshore,2026-07-08T18:59:22Z
2026-07-08T18:58:29Z,2026-07-08T20:58:29+0200,e401fd36-f4a8-45e5-ad91-bdd87731a7ba,2026-06-08T13:45:00Z,2026-06-08T15:45:00+0200,7136.37012,MW,FR,FR,forecast_onshore_wind_generation,Wind Onshore,2026-07-08T18:59:22Z
2026-07-08T18:58:29Z,2026-07-08T20:58:29+0200,e401fd36-f4a8-45e5-ad91-bdd87731a7ba,2026-06-08T14:00:00Z,2026-06-08T16:00:00+0200,7318.06055,MW,FR,FR,forecast_onshore_wind_generation,Wind Onshore,2026-07-08T18:59:22Z
2026-07-08T18:58:29Z,2026-07-08T20:58:29+0200,e401fd36-f4a8-45e5-ad91-bdd87731a7ba,2026-06-08T14:15:00Z,2026-06-08T16:15:00+0200,7396.26025,MW,FR,FR,forecast_onshore_wind_generation,Wind Onshore,2026-07-08T18:59:22Z
2026-07-08T18:58:29Z,2026-07-08T20:58:29+0200,e401fd36-f4a8-45e5-ad91-bdd87731a7ba,2026-06-08T14:30:00Z,2026-06-08T16:30:00+0200,7474.46973,MW,FR,FR,forecast_onshore_wind_generation,Wind Onshore,2026-07-08T18:59:22Z
2026-07-08T18:58:29Z,2026-07-08T20:58:29+0200,e401fd36-f4a8-45e5-ad91-bdd87731a7ba,2026-06-08T14:45:00Z,2026-06-08T16:45:00+0200,7552.70947,MW,FR,FR,forecast_onshore_wind_generation,Wind Onshore,2026-07-08T18:59:22Z
2026-07-08T18:58:29Z,2026-07-08T20:58:29+0200,e401fd36-f4a8-45e5-ad91-bdd87731a7ba,2026-06-08T15:00:00Z,2026-06-08T17:00:00+0200,7630.96973,MW,FR,FR,forecast_onshore_wind_generation,Wind Onshore,2026-07-08T18:59:22Z
2026-07-08T18:58:29Z,2026-07-08T20:58:29+0200,e401fd36-f4a8-45e5-ad91-bdd87731a7ba,2026-06-08T15:15:00Z,2026-06-08T17:15:00+0200,7753.62012,MW,FR,FR,forecast_onshore_wind_generation,Wind Onshore,2026-07-08T18:59:22Z
2026-07-08T18:58:29Z,2026-07-08T20:58:29+0200,e401fd36-f4a8-45e5-ad91-bdd87731a7ba,2026-06-08T15:30:00Z,2026-06-08T17:30:00+0200,7876.26025,MW,FR,FR,forecast_onshore_wind_generation,Wind Onshore,2026-07-08T18:59:22Z
2026-07-08T18:58:29Z,2026-07-08T20:58:29+0200,e401fd36-f4a8-45e5-ad91-bdd87731a7ba,2026-06-08T15:45:00Z,2026-06-08T17:45:00+0200,7998.9502,MW,FR,FR,forecast_onshore_wind_generation,Wind Onshore,2026-07-08T18:59:22Z
2026-07-08T18:58:29Z,2026-07-08T20:58:29+0200,e401fd36-f4a8-45e5-ad91-bdd87731a7ba,2026-06-08T16:00:00Z,2026-06-08T18:00:00+0200,8121.64062,MW,FR,FR,forecast_onshore_wind_generation,Wind Onshore,2026-07-08T18:59:22Z
2026-07-08T18:58:29Z,2026-07-08T20:58:29+0200,e401fd36-f4a8-45e5-ad91-bdd87731a7ba,2026-06-08T16:15:00Z,2026-06-08T18:15:00+0200,8002.09961,MW,FR,FR,forecast_onshore_wind_generation,Wind Onshore,2026-07-08T18:59:22Z
2026-07-08T18:58:29Z,2026-07-08T20:58:29+0200,e401fd36-f4a8-45e5-ad91-bdd87731a7ba,2026-06-08T16:30:00Z,2026-06-08T18:30:00+0200,7882.57031,MW,FR,FR,forecast_onshore_wind_generation,Wind Onshore,2026-07-08T18:59:22Z
2026-07-08T18:58:29Z,2026-07-08T20:58:29+0200,e401fd36-f4a8-45e5-ad91-bdd87731a7ba,2026-06-08T16:45:00Z,2026-06-08T18:45:00+0200,7763.12012,MW,FR,FR,forecast_onshore_wind_generation,Wind Onshore,2026-07-08T18:59:22Z
2026-07-08T18:58:29Z,2026-07-08T20:58:29+0200,e401fd36-f4a8-45e5-ad91-bdd87731a7ba,2026-06-08T17:00:00Z,2026-06-08T19:00:00+0200,7643.66992,MW,FR,FR,forecast_onshore_wind_generation,Wind Onshore,2026-07-08T18:59:22Z
2026-07-08T18:58:29Z,2026-07-08T20:58:29+0200,e401fd36-f4a8-45e5-ad91-bdd87731a7ba,2026-06-08T17:15:00Z,2026-06-08T19:15:00+0200,7545.15967,MW,FR,FR,forecast_onshore_wind_generation,Wind Onshore,2026-07-08T18:59:22Z
2026-07-08T18:58:29Z,2026-07-08T20:58:29+0200,e401fd36-f4a8-45e5-ad91-bdd87731a7ba,2026-06-08T17:30:00Z,2026-06-08T19:30:00+0200,7446.65967,MW,FR,FR,forecast_onshore_wind_generation,Wind Onshore,2026-07-08T18:59:22Z
2026-07-08T18:58:29Z,2026-07-08T20:58:29+0200,e401fd36-f4a8-45e5-ad91-bdd87731a7ba,2026-06-08T17:45:00Z,2026-06-08T19:45:00+0200,7348.18018,MW,FR,FR,forecast_onshore_wind_generation,Wind Onshore,2026-07-08T18:59:22Z
2026-07-08T18:58:29Z,2026-07-08T20:58:29+0200,e401fd36-f4a8-45e5-ad91-bdd87731a7ba,2026-06-08T18:00:00Z,2026-06-08T20:00:00+0200,7249.73975,MW,FR,FR,forecast_onshore_wind_generation,Wind Onshore,2026-07-08T18:59:22Z
2026-07-08T18:58:29Z,2026-07-08T20:58:29+0200,e401fd36-f4a8-45e5-ad91-bdd87731a7ba,2026-06-08T18:15:00Z,2026-06-08T20:15:00+0200,7133.78955,MW,FR,FR,forecast_onshore_wind_generation,Wind Onshore,2026-07-08T18:59:22Z
2026-07-08T18:58:29Z,2026-07-08T20:58:29+0200,e401fd36-f4a8-45e5-ad91-bdd87731a7ba,2026-06-08T18:30:00Z,2026-06-08T20:30:00+0200,7017.83984,MW,FR,FR,forecast_onshore_wind_generation,Wind Onshore,2026-07-08T18:59:22Z
2026-07-08T18:58:29Z,2026-07-08T20:58:29+0200,e401fd36-f4a8-45e5-ad91-bdd87731a7ba,2026-06-08T18:45:00Z,2026-06-08T20:45:00+0200,6901.87012,MW,FR,FR,forecast_onshore_wind_generation,Wind Onshore,2026-07-08T18:59:22Z
2026-07-08T18:58:29Z,2026-07-08T20:58:29+0200,e401fd36-f4a8-45e5-ad91-bdd87731a7ba,2026-06-08T19:00:00Z,2026-06-08T21:00:00+0200,6785.87988,MW,FR,FR,forecast_onshore_wind_generation,Wind Onshore,2026-07-08T18:59:22Z
2026-07-08T18:58:29Z,2026-07-08T20:58:29+0200,e401fd36-f4a8-45e5-ad91-bdd87731a7ba,2026-06-08T19:15:00Z,2026-06-08T21:15:00+0200,6777.55957,MW,FR,FR,forecast_onshore_wind_generation,Wind Onshore,2026-07-08T18:59:22Z
2026-07-08T18:58:29Z,2026-07-08T20:58:29+0200,e401fd36-f4a8-45e5-ad91-bdd87731a7ba,2026-06-08T19:30:00Z,2026-06-08T21:30:00+0200,6769.25977,MW,FR,FR,forecast_onshore_wind_generation,Wind Onshore,2026-07-08T18:59:22Z
2026-07-08T18:58:29Z,2026-07-08T20:58:29+0200,e401fd36-f4a8-45e5-ad91-bdd87731a7ba,2026-06-08T19:45:00Z,2026-06-08T21:45:00+0200,6760.88965,MW,FR,FR,forecast_onshore_wind_generation,Wind Onshore,2026-07-08T18:59:22Z
2026-07-08T18:58:29Z,2026-07-08T20:58:29+0200,e401fd36-f4a8-45e5-ad91-bdd87731a7ba,2026-06-08T20:00:00Z,2026-06-08T22:00:00+0200,6752.55029,MW,FR,FR,forecast_onshore_wind_generation,Wind Onshore,2026-07-08T18:59:22Z
2026-07-08T18:58:29Z,2026-07-08T20:58:29+0200,e401fd36-f4a8-45e5-ad91-bdd87731a7ba,2026-06-08T20:15:00Z,2026-06-08T22:15:00+0200,6862.33984,MW,FR,FR,forecast_onshore_wind_generation,Wind Onshore,2026-07-08T18:59:22Z
2026-07-08T18:58:29Z,2026-07-08T20:58:29+0200,e401fd36-f4a8-45e5-ad91-bdd87731a7ba,2026-06-08T20:30:00Z,2026-06-08T22:30:00+0200,6972.10986,MW,FR,FR,forecast_onshore_wind_generation,Wind Onshore,2026-07-08T18:59:22Z
2026-07-08T18:58:29Z,2026-07-08T20:58:29+0200,e401fd36-f4a8-45e5-ad91-bdd87731a7ba,2026-06-08T20:45:00Z,2026-06-08T22:45:00+0200,7081.7998,MW,FR,FR,forecast_onshore_wind_generation,Wind Onshore,2026-07-08T18:59:22Z
2026-07-08T18:58:29Z,2026-07-08T20:58:29+0200,e401fd36-f4a8-45e5-ad91-bdd87731a7ba,2026-06-08T21:00:00Z,2026-06-08T23:00:00+0200,7191.47998,MW,FR,FR,forecast_onshore_wind_generation,Wind Onshore,2026-07-08T18:59:22Z
2026-07-08T18:58:29Z,2026-07-08T20:58:29+0200,e401fd36-f4a8-45e5-ad91-bdd87731a7ba,2026-06-08T21:15:00Z,2026-06-08T23:15:00+0200,7118.55957,MW,FR,FR,forecast_onshore_wind_generation,Wind Onshore,2026-07-08T18:59:22Z
2026-07-08T18:58:29Z,2026-07-08T20:58:29+0200,e401fd36-f4a8-45e5-ad91-bdd87731a7ba,2026-06-08T21:30:00Z,2026-06-08T23:30:00+0200,7045.63965,MW,FR,FR,forecast_onshore_wind_generation,Wind Onshore,2026-07-08T18:59:22Z
2026-07-08T18:58:29Z,2026-07-08T20:58:29+0200,e401fd36-f4a8-45e5-ad91-bdd87731a7ba,2026-06-08T21:45:00Z,2026-06-08T23:45:00+0200,6972.66992,MW,FR,FR,forecast_onshore_wind_generation,Wind Onshore,2026-07-08T18:59:22Z
2026-07-08T18:58:29Z,2026-07-08T20:58:29+0200,e401fd36-f4a8-45e5-ad91-bdd87731a7ba,2026-06-08T22:00:00Z,2026-06-09T00:00:00+0200,5977.63965,MW,FR,FR,forecast_onshore_wind_generation,Wind Onshore,2026-07-08T18:59:22Z
2026-07-08T18:58:29Z,2026-07-08T20:58:29+0200,e401fd36-f4a8-45e5-ad91-bdd87731a7ba,2026-06-08T22:15:00Z,2026-06-09T00:15:00+0200,5985.80029,MW,FR,FR,forecast_onshore_wind_generation,Wind Onshore,2026-07-08T18:59:22Z
2026-07-08T18:58:29Z,2026-07-08T20:58:29+0200,e401fd36-f4a8-45e5-ad91-bdd87731a7ba,2026-06-08T22:30:00Z,2026-06-09T00:30:00+0200,5993.93945,MW,FR,FR,forecast_onshore_wind_generation,Wind Onshore,2026-07-08T18:59:22Z
2026-07-08T18:58:29Z,2026-07-08T20:58:29+0200,e401fd36-f4a8-45e5-ad91-bdd87731a7ba,2026-06-08T22:45:00Z,2026-06-09T00:45:00+0200,6002.29004,MW,FR,FR,forecast_onshore_wind_generation,Wind Onshore,2026-07-08T18:59:22Z
2026-07-08T18:58:29Z,2026-07-08T20:58:29+0200,e401fd36-f4a8-45e5-ad91-bdd87731a7ba,2026-06-08T23:00:00Z,2026-06-09T01:00:00+0200,6011.22949,MW,FR,FR,forecast_onshore_wind_generation,Wind Onshore,2026-07-08T18:59:22Z
2026-07-08T18:58:29Z,2026-07-08T20:58:29+0200,e401fd36-f4a8-45e5-ad91-bdd87731a7ba,2026-06-08T23:15:00Z,2026-06-09T01:15:00+0200,5988.91016,MW,FR,FR,forecast_onshore_wind_generation,Wind Onshore,2026-07-08T18:59:22Z
2026-07-08T18:58:29Z,2026-07-08T20:58:29+0200,e401fd36-f4a8-45e5-ad91-bdd87731a7ba,2026-06-08T23:30:00Z,2026-06-09T01:30:00+0200,5966.91992,MW,FR,FR,forecast_onshore_wind_generation,Wind Onshore,2026-07-08T18:59:22Z
2026-07-08T18:58:29Z,2026-07-08T20:58:29+0200,e401fd36-f4a8-45e5-ad91-bdd87731a7ba,2026-06-08T23:45:00Z,2026-06-09T01:45:00+0200,5945.25,MW,FR,FR,forecast_onshore_wind_generation,Wind Onshore,2026-07-08T18:59:22Z
2026-07-08T18:58:29Z,2026-07-08T20:58:29+0200,e401fd36-f4a8-45e5-ad91-bdd87731a7ba,2026-06-09T00:00:00Z,2026-06-09T02:00:00+0200,5923.62012,MW,FR,FR,forecast_onshore_wind_generation,Wind Onshore,2026-07-08T18:59:22Z
2026-07-08T18:58:29Z,2026-07-08T20:58:29+0200,e401fd36-f4a8-45e5-ad91-bdd87731a7ba,2026-06-09T00:15:00Z,2026-06-09T02:15:00+0200,5797.5,MW,FR,FR,forecast_onshore_wind_generation,Wind Onshore,2026-07-08T18:59:22Z
2026-07-08T18:58:29Z,2026-07-08T20:58:29+0200,e401fd36-f4a8-45e5-ad91-bdd87731a7ba,2026-06-09T00:30:00Z,2026-06-09T02:30:00+0200,5671.77002,MW,FR,FR,forecast_onshore_wind_generation,Wind Onshore,2026-07-08T18:59:22Z
2026-07-08T18:58:29Z,2026-07-08T20:58:29+0200,e401fd36-f4a8-45e5-ad91-bdd87731a7ba,2026-06-09T00:45:00Z,2026-06-09T02:45:00+0200,5546.08008,MW,FR,FR,forecast_onshore_wind_generation,Wind Onshore,2026-07-08T18:59:22Z
2026-07-08T18:58:29Z,2026-07-08T20:58:29+0200,e401fd36-f4a8-45e5-ad91-bdd87731a7ba,2026-06-09T01:00:00Z,2026-06-09T03:00:00+0200,5420.38965,MW,FR,FR,forecast_onshore_wind_generation,Wind Onshore,2026-07-08T18:59:22Z
2026-07-08T18:58:29Z,2026-07-08T20:58:29+0200,e401fd36-f4a8-45e5-ad91-bdd87731a7ba,2026-06-09T01:15:00Z,2026-06-09T03:15:00+0200,5326.62988,MW,FR,FR,forecast_onshore_wind_generation,Wind Onshore,2026-07-08T18:59:22Z
2026-07-08T18:58:29Z,2026-07-08T20:58:29+0200,e401fd36-f4a8-45e5-ad91-bdd87731a7ba,2026-06-09T01:30:00Z,2026-06-09T03:30:00+0200,5232.87988,MW,FR,FR,forecast_onshore_wind_generation,Wind Onshore,2026-07-08T18:59:22Z
2026-07-08T18:58:29Z,2026-07-08T20:58:29+0200,e401fd36-f4a8-45e5-ad91-bdd87731a7ba,2026-06-09T01:45:00Z,2026-06-09T03:45:00+0200,5139.08008,MW,FR,FR,forecast_onshore_wind_generation,Wind Onshore,2026-07-08T18:59:22Z
2026-07-08T18:58:29Z,2026-07-08T20:58:29+0200,e401fd36-f4a8-45e5-ad91-bdd87731a7ba,2026-06-09T02:00:00Z,2026-06-09T04:00:00+0200,5045.27002,MW,FR,FR,forecast_onshore_wind_generation,Wind Onshore,2026-07-08T18:59:22Z
2026-07-08T18:58:29Z,2026-07-08T20:58:29+0200,e401fd36-f4a8-45e5-ad91-bdd87731a7ba,2026-06-09T02:15:00Z,2026-06-09T04:15:00+0200,4948.77002,MW,FR,FR,forecast_onshore_wind_generation,Wind Onshore,2026-07-08T18:59:22Z
2026-07-08T18:58:29Z,2026-07-08T20:58:29+0200,e401fd36-f4a8-45e5-ad91-bdd87731a7ba,2026-06-09T02:30:00Z,2026-06-09T04:30:00+0200,4852.29004,MW,FR,FR,forecast_onshore_wind_generation,Wind Onshore,2026-07-08T18:59:22Z
2026-07-08T18:58:29Z,2026-07-08T20:58:29+0200,e401fd36-f4a8-45e5-ad91-bdd87731a7ba,2026-06-09T02:45:00Z,2026-06-09T04:45:00+0200,4755.93994,MW,FR,FR,forecast_onshore_wind_generation,Wind Onshore,2026-07-08T18:59:22Z
2026-07-08T18:58:29Z,2026-07-08T20:58:29+0200,e401fd36-f4a8-45e5-ad91-bdd87731a7ba,2026-06-09T03:00:00Z,2026-06-09T05:00:00+0200,4659.58008,MW,FR,FR,forecast_onshore_wind_generation,Wind Onshore,2026-07-08T18:59:22Z
2026-07-08T18:58:29Z,2026-07-08T20:58:29+0200,e401fd36-f4a8-45e5-ad91-bdd87731a7ba,2026-06-09T03:15:00Z,2026-06-09T05:15:00+0200,4597.22021,MW,FR,FR,forecast_onshore_wind_generation,Wind Onshore,2026-07-08T18:59:22Z
2026-07-08T18:58:29Z,2026-07-08T20:58:29+0200,e401fd36-f4a8-45e5-ad91-bdd87731a7ba,2026-06-09T03:30:00Z,2026-06-09T05:30:00+0200,4534.89014,MW,FR,FR,forecast_onshore_wind_generation,Wind Onshore,2026-07-08T18:59:22Z
2026-07-08T18:58:29Z,2026-07-08T20:58:29+0200,e401fd36-f4a8-45e5-ad91-bdd87731a7ba,2026-06-09T03:45:00Z,2026-06-09T05:45:00+0200,4472.43994,MW,FR,FR,forecast_onshore_wind_generation,Wind Onshore,2026-07-08T18:59:22Z
2026-07-08T18:58:29Z,2026-07-08T20:58:29+0200,e401fd36-f4a8-45e5-ad91-bdd87731a7ba,2026-06-09T04:00:00Z,2026-06-09T06:00:00+0200,4410.0,MW,FR,FR,forecast_onshore_wind_generation,Wind Onshore,2026-07-08T18:59:22Z
2026-07-08T18:58:29Z,2026-07-08T20:58:29+0200,e401fd36-f4a8-45e5-ad91-bdd87731a7ba,2026-06-09T04:15:00Z,2026-06-09T06:15:00+0200,4325.04004,MW,FR,FR,forecast_onshore_wind_generation,Wind Onshore,2026-07-08T18:59:22Z
2026-07-08T18:58:29Z,2026-07-08T20:58:29+0200,e401fd36-f4a8-45e5-ad91-bdd87731a7ba,2026-06-09T04:30:00Z,2026-06-09T06:30:00+0200,4240.08008,MW,FR,FR,forecast_onshore_wind_generation,Wind Onshore,2026-07-08T18:59:22Z
2026-07-08T18:58:29Z,2026-07-08T20:58:29+0200,e401fd36-f4a8-45e5-ad91-bdd87731a7ba,2026-06-09T04:45:00Z,2026-06-09T06:45:00+0200,4155.08984,MW,FR,FR,forecast_onshore_wind_generation,Wind Onshore,2026-07-08T18:59:22Z
2026-07-08T18:58:29Z,2026-07-08T20:58:29+0200,e401fd36-f4a8-45e5-ad91-bdd87731a7ba,2026-06-09T05:00:00Z,2026-06-09T07:00:00+0200,4070.12012,MW,FR,FR,forecast_onshore_wind_generation,Wind Onshore,2026-07-08T18:59:22Z
2026-07-08T18:58:29Z,2026-07-08T20:58:29+0200,e401fd36-f4a8-45e5-ad91-bdd87731a7ba,2026-06-09T05:15:00Z,2026-06-09T07:15:00+0200,3963.13989,MW,FR,FR,forecast_onshore_wind_generation,Wind Onshore,2026-07-08T18:59:22Z
2026-07-08T18:58:29Z,2026-07-08T20:58:29+0200,e401fd36-f4a8-45e5-ad91-bdd87731a7ba,2026-06-09T05:30:00Z,2026-06-09T07:30:00+0200,3856.23975,MW,FR,FR,forecast_onshore_wind_generation,Wind Onshore,2026-07-08T18:59:22Z
2026-07-08T18:58:29Z,2026-07-08T20:58:29+0200,e401fd36-f4a8-45e5-ad91-bdd87731a7ba,2026-06-09T05:45:00Z,2026-06-09T07:45:00+0200,3749.78003,MW,FR,FR,forecast_onshore_wind_generation,Wind Onshore,2026-07-08T18:59:22Z
2026-07-08T18:58:29Z,2026-07-08T20:58:29+0200,e401fd36-f4a8-45e5-ad91-bdd87731a7ba,2026-06-09T06:00:00Z,2026-06-09T08:00:00+0200,3643.44995,MW,FR,FR,forecast_onshore_wind_generation,Wind Onshore,2026-07-08T18:59:22Z
2026-07-08T18:58:29Z,2026-07-08T20:58:29+0200,e401fd36-f4a8-45e5-ad91-bdd87731a7ba,2026-06-09T06:15:00Z,2026-06-09T08:15:00+0200,3674.57007,MW,FR,FR,forecast_onshore_wind_generation,Wind Onshore,2026-07-08T18:59:22Z
2026-07-08T18:58:29Z,2026-07-08T20:58:29+0200,e401fd36-f4a8-45e5-ad91-bdd87731a7ba,2026-06-09T06:30:00Z,2026-06-09T08:30:00+0200,3705.66992,MW,FR,FR,forecast_onshore_wind_generation,Wind Onshore,2026-07-08T18:59:22Z
2026-07-08T18:58:29Z,2026-07-08T20:58:29+0200,e401fd36-f4a8-45e5-ad91-bdd87731a7ba,2026-06-09T06:45:00Z,2026-06-09T08:45:00+0200,3736.81006,MW,FR,FR,forecast_onshore_wind_generation,Wind Onshore,2026-07-08T18:59:22Z
2026-07-08T18:58:29Z,2026-07-08T20:58:29+0200,e401fd36-f4a8-45e5-ad91-bdd87731a7ba,2026-06-09T07:00:00Z,2026-06-09T09:00:00+0200,3768.25977,MW,FR,FR,forecast_onshore_wind_generation,Wind Onshore,2026-07-08T18:59:22Z
2026-07-08T18:58:29Z,2026-07-08T20:58:29+0200,e401fd36-f4a8-45e5-ad91-bdd87731a7ba,2026-06-09T07:15:00Z,2026-06-09T09:15:00+0200,3924.34033,MW,FR,FR,forecast_onshore_wind_generation,Wind Onshore,2026-07-08T18:59:22Z
2026-07-08T18:58:29Z,2026-07-08T20:58:29+0200,e401fd36-f4a8-45e5-ad91-bdd87731a7ba,2026-06-09T07:30:00Z,2026-06-09T09:30:00+0200,4080.52002,MW,FR,FR,forecast_onshore_wind_generation,Wind Onshore,2026-07-08T18:59:22Z
2026-07-08T18:58:29Z,2026-07-08T20:58:29+0200,e401fd36-f4a8-45e5-ad91-bdd87731a7ba,2026-06-09T07:45:00Z,2026-06-09T09:45:00+0200,4236.87012,MW,FR,FR,forecast_onshore_wind_generation,Wind Onshore,2026-07-08T18:59:22Z
2026-07-08T18:58:29Z,2026-07-08T20:58:29+0200,e401fd36-f4a8-45e5-ad91-bdd87731a7ba,2026-06-09T08:00:00Z,2026-06-09T10:00:00+0200,4393.31348,MW,FR,FR,forecast_onshore_wind_generation,Wind Onshore,2026-07-08T18:59:22Z
2026-07-08T18:58:29Z,2026-07-08T20:58:29+0200,e401fd36-f4a8-45e5-ad91-bdd87731a7ba,2026-06-09T08:15:00Z,2026-06-09T10:15:00+0200,2695.0708,MW,FR,FR,forecast_onshore_wind_generation,Wind Onshore,2026-07-08T18:59:22Z
2026-07-08T18:58:29Z,2026-07-08T20:58:29+0200,e401fd36-f4a8-45e5-ad91-bdd87731a7ba,2026-06-09T08:30:00Z,2026-06-09T10:30:00+0200,2762.2583,MW,FR,FR,forecast_onshore_wind_generation,Wind Onshore,2026-07-08T18:59:22Z
2026-07-08T18:58:29Z,2026-07-08T20:58:29+0200,e401fd36-f4a8-45e5-ad91-bdd87731a7ba,2026-06-09T08:45:00Z,2026-06-09T10:45:00+0200,2829.78076,MW,FR,FR,forecast_onshore_wind_generation,Wind Onshore,2026-07-08T18:59:22Z
2026-07-08T18:58:29Z,2026-07-08T20:58:29+0200,e401fd36-f4a8-45e5-ad91-bdd87731a7ba,2026-06-09T09:00:00Z,2026-06-09T11:00:00+0200,2897.29053,MW,FR,FR,forecast_onshore_wind_generation,Wind Onshore,2026-07-08T18:59:22Z
2026-07-08T18:58:29Z,2026-07-08T20:58:29+0200,e401fd36-f4a8-45e5-ad91-bdd87731a7ba,2026-06-09T09:15:00Z,2026-06-09T11:15:00+0200,2965.04932,MW,FR,FR,forecast_onshore_wind_generation,Wind Onshore,2026-07-08T18:59:22Z
2026-07-08T18:58:29Z,2026-07-08T20:58:29+0200,e401fd36-f4a8-45e5-ad91-bdd87731a7ba,2026-06-09T09:30:00Z,2026-06-09T11:30:00+0200,3033.28931,MW,FR,FR,forecast_onshore_wind_generation,Wind Onshore,2026-07-08T18:59:22Z
2026-07-08T18:58:29Z,2026-07-08T20:58:29+0200,e401fd36-f4a8-45e5-ad91-bdd87731a7ba,2026-06-09T09:45:00Z,2026-06-09T11:45:00+0200,3101.68262,MW,FR,FR,forecast_onshore_wind_generation,Wind Onshore,2026-07-08T18:59:22Z
2026-07-08T18:58:29Z,2026-07-08T20:58:29+0200,e401fd36-f4a8-45e5-ad91-bdd87731a7ba,2026-06-09T10:00:00Z,2026-06-09T12:00:00+0200,3170.12842,MW,FR,FR,forecast_onshore_wind_generation,Wind Onshore,2026-07-08T18:59:22Z
2026-07-08T18:58:29Z,2026-07-08T20:58:29+0200,e401fd36-f4a8-45e5-ad91-bdd87731a7ba,2026-06-09T10:15:00Z,2026-06-09T12:15:00+0200,3224.77563,MW,FR,FR,forecast_onshore_wind_generation,Wind Onshore,2026-07-08T18:59:22Z
2026-07-08T18:58:29Z,2026-07-08T20:58:29+0200,e401fd36-f4a8-45e5-ad91-bdd87731a7ba,2026-06-09T10:30:00Z,2026-06-09T12:30:00+0200,3279.02124,MW,FR,FR,forecast_onshore_wind_generation,Wind Onshore,2026-07-08T18:59:22Z
2026-07-08T18:58:29Z,2026-07-08T20:58:29+0200,e401fd36-f4a8-45e5-ad91-bdd87731a7ba,2026-06-09T10:45:00Z,2026-06-09T12:45:00+0200,3333.15625,MW,FR,FR,forecast_onshore_wind_generation,Wind Onshore,2026-07-08T18:59:22Z
2026-07-08T18:58:29Z,2026-07-08T20:58:29+0200,e401fd36-f4a8-45e5-ad91-bdd87731a7ba,2026-06-09T11:00:00Z,2026-06-09T13:00:00+0200,3387.61768,MW,FR,FR,forecast_onshore_wind_generation,Wind Onshore,2026-07-08T18:59:22Z
2026-07-08T18:58:29Z,2026-07-08T20:58:29+0200,e401fd36-f4a8-45e5-ad91-bdd87731a7ba,2026-06-09T11:15:00Z,2026-06-09T13:15:00+0200,3436.28906,MW,FR,FR,forecast_onshore_wind_generation,Wind Onshore,2026-07-08T18:59:22Z
2026-07-08T18:58:29Z,2026-07-08T20:58:29+0200,e401fd36-f4a8-45e5-ad91-bdd87731a7ba,2026-06-09T11:30:00Z,2026-06-09T13:30:00+0200,3485.33032,MW,FR,FR,forecast_onshore_wind_generation,Wind Onshore,2026-07-08T18:59:22Z
2026-07-08T18:58:29Z,2026-07-08T20:58:29+0200,e401fd36-f4a8-45e5-ad91-bdd87731a7ba,2026-06-09T11:45:00Z,2026-06-09T13:45:00+0200,3534.42041,MW,FR,FR,forecast_onshore_wind_generation,Wind Onshore,2026-07-08T18:59:22Z
2026-07-08T18:58:29Z,2026-07-08T20:58:29+0200,e401fd36-f4a8-45e5-ad91-bdd87731a7ba,2026-06-09T12:00:00Z,2026-06-09T14:00:00+0200,3583.21973,MW,FR,FR,forecast_onshore_wind_generation,Wind Onshore,2026-07-08T18:59:22Z
2026-07-08T18:58:29Z,2026-07-08T20:58:29+0200,e401fd36-f4a8-45e5-ad91-bdd87731a7ba,2026-06-09T12:15:00Z,2026-06-09T14:15:00+0200,3643.66064,MW,FR,FR,forecast_onshore_wind_generation,Wind Onshore,2026-07-08T18:59:22Z
2026-07-08T18:58:29Z,2026-07-08T20:58:29+0200,e401fd36-f4a8-45e5-ad91-bdd87731a7ba,2026-06-09T12:30:00Z,2026-06-09T14:30:00+0200,3704.00928,MW,FR,FR,forecast_onshore_wind_generation,Wind Onshore,2026-07-08T18:59:22Z
2026-07-08T18:58:29Z,2026-07-08T20:58:29+0200,e401fd36-f4a8-45e5-ad91-bdd87731a7ba,2026-06-09T12:45:00Z,2026-06-09T14:45:00+0200,3764.76978,MW,FR,FR,forecast_onshore_wind_generation,Wind Onshore,2026-07-08T18:59:22Z
2026-07-08T18:58:29Z,2026-07-08T20:58:29+0200,e401fd36-f4a8-45e5-ad91-bdd87731a7ba,2026-06-09T13:00:00Z,2026-06-09T15:00:00+0200,3825.09204,MW,FR,FR,forecast_onshore_wind_generation,Wind Onshore,2026-07-08T18:59:22Z
2026-07-08T18:58:29Z,2026-07-08T20:58:29+0200,e401fd36-f4a8-45e5-ad91-bdd87731a7ba,2026-06-09T13:15:00Z,2026-06-09T15:15:00+0200,3848.17822,MW,FR,FR,forecast_onshore_wind_generation,Wind Onshore,2026-07-08T18:59:22Z
2026-07-08T18:58:29Z,2026-07-08T20:58:29+0200,e401fd36-f4a8-45e5-ad91-bdd87731a7ba,2026-06-09T13:30:00Z,2026-06-09T15:30:00+0200,3871.2793,MW,FR,FR,forecast_onshore_wind_generation,Wind Onshore,2026-07-08T18:59:22Z
2026-07-08T18:58:29Z,2026-07-08T20:58:29+0200,e401fd36-f4a8-45e5-ad91-bdd87731a7ba,2026-06-09T13:45:00Z,2026-06-09T15:45:00+0200,3894.35181,MW,FR,FR,forecast_onshore_wind_generation,Wind Onshore,2026-07-08T18:59:22Z
2026-07-08T18:58:29Z,2026-07-08T20:58:29+0200,e401fd36-f4a8-45e5-ad91-bdd87731a7ba,2026-06-09T14:00:00Z,2026-06-09T16:00:00+0200,3917.74951,MW,FR,FR,forecast_onshore_wind_generation,Wind Onshore,2026-07-08T18:59:22Z
2026-07-08T18:58:29Z,2026-07-08T20:58:29+0200,e401fd36-f4a8-45e5-ad91-bdd87731a7ba,2026-06-09T14:15:00Z,2026-06-09T16:15:00+0200,3914.71094,MW,FR,FR,forecast_onshore_wind_generation,Wind Onshore,2026-07-08T18:59:22Z
2026-07-08T18:58:29Z,2026-07-08T20:58:29+0200,e401fd36-f4a8-45e5-ad91-bdd87731a7ba,2026-06-09T14:30:00Z,2026-06-09T16:30:00+0200,3911.59814,MW,FR,FR,forecast_onshore_wind_generation,Wind Onshore,2026-07-08T18:59:22Z
2026-07-08T18:58:29Z,2026-07-08T20:58:29+0200,e401fd36-f4a8-45e5-ad91-bdd87731a7ba,2026-06-09T14:45:00Z,2026-06-09T16:45:00+0200,3908.89697,MW,FR,FR,forecast_onshore_wind_generation,Wind Onshore,2026-07-08T18:59:22Z
2026-07-08T18:58:29Z,2026-07-08T20:58:29+0200,e401fd36-f4a8-45e5-ad91-bdd87731a7ba,2026-06-09T15:00:00Z,2026-06-09T17:00:00+0200,3905.93237,MW,FR,FR,forecast_onshore_wind_generation,Wind Onshore,2026-07-08T18:59:22Z
2026-07-08T18:58:29Z,2026-07-08T20:58:29+0200,e401fd36-f4a8-45e5-ad91-bdd87731a7ba,2026-06-09T15:15:00Z,2026-06-09T17:15:00+0200,3889.76001,MW,FR,FR,forecast_onshore_wind_generation,Wind Onshore,2026-07-08T18:59:22Z
2026-07-08T18:58:29Z,2026-07-08T20:58:29+0200,e401fd36-f4a8-45e5-ad91-bdd87731a7ba,2026-06-09T15:30:00Z,2026-06-09T17:30:00+0200,3873.60986,MW,FR,FR,forecast_onshore_wind_generation,Wind Onshore,2026-07-08T18:59:22Z
2026-07-08T18:58:29Z,2026-07-08T20:58:29+0200,e401fd36-f4a8-45e5-ad91-bdd87731a7ba,2026-06-09T15:45:00Z,2026-06-09T17:45:00+0200,6407.2002,MW,FR,FR,forecast_onshore_wind_generation,Wind Onshore,2026-07-08T18:59:22Z
2026-07-08T18:58:29Z,2026-07-08T20:58:29+0200,e401fd36-f4a8-45e5-ad91-bdd87731a7ba,2026-06-09T16:00:00Z,2026-06-09T18:00:00+0200,6403.59961,MW,FR,FR,forecast_onshore_wind_generation,Wind Onshore,2026-07-08T18:59:22Z
2026-07-08T18:58:29Z,2026-07-08T20:58:29+0200,e401fd36-f4a8-45e5-ad91-bdd87731a7ba,2026-06-09T16:15:00Z,2026-06-09T18:15:00+0200,6195.45996,MW,FR,FR,forecast_onshore_wind_generation,Wind Onshore,2026-07-08T18:59:22Z
2026-07-08T18:58:29Z,2026-07-08T20:58:29+0200,e401fd36-f4a8-45e5-ad91-bdd87731a7ba,2026-06-09T16:30:00Z,2026-06-09T18:30:00+0200,5987.32031,MW,FR,FR,forecast_onshore_wind_generation,Wind Onshore,2026-07-08T18:59:22Z
2026-07-08T18:58:29Z,2026-07-08T20:58:29+0200,e401fd36-f4a8-45e5-ad91-bdd87731a7ba,2026-06-09T16:45:00Z,2026-06-09T18:45:00+0200,5779.47998,MW,FR,FR,forecast_onshore_wind_generation,Wind Onshore,2026-07-08T18:59:22Z
2026-07-08T18:58:29Z,2026-07-08T20:58:29+0200,e401fd36-f4a8-45e5-ad91-bdd87731a7ba,2026-06-09T17:00:00Z,2026-06-09T19:00:00+0200,5571.68994,MW,FR,FR,forecast_onshore_wind_generation,Wind Onshore,2026-07-08T18:59:22Z
2026-07-08T18:58:29Z,2026-07-08T20:58:29+0200,e401fd36-f4a8-45e5-ad91-bdd87731a7ba,2026-06-09T17:15:00Z,2026-06-09T19:15:00+0200,5293.14014,MW,FR,FR,forecast_onshore_wind_generation,Wind Onshore,2026-07-08T18:59:22Z
2026-07-08T18:58:29Z,2026-07-08T20:58:29+0200,e401fd36-f4a8-45e5-ad91-bdd87731a7ba,2026-06-09T17:30:00Z,2026-06-09T19:30:00+0200,5014.58984,MW,FR,FR,forecast_onshore_wind_generation,Wind Onshore,2026-07-08T18:59:22Z
2026-07-08T18:58:29Z,2026-07-08T20:58:29+0200,e401fd36-f4a8-45e5-ad91-bdd87731a7ba,2026-06-09T17:45:00Z,2026-06-09T19:45:00+0200,4736.16992,MW,FR,FR,forecast_onshore_wind_generation,Wind Onshore,2026-07-08T18:59:22Z
2026-07-08T18:58:29Z,2026-07-08T20:58:29+0200,e401fd36-f4a8-45e5-ad91-bdd87731a7ba,2026-06-09T18:00:00Z,2026-06-09T20:00:00+0200,4457.7998,MW,FR,FR,forecast_onshore_wind_generation,Wind Onshore,2026-07-08T18:59:22Z
2026-07-08T18:58:29Z,2026-07-08T20:58:29+0200,e401fd36-f4a8-45e5-ad91-bdd87731a7ba,2026-06-09T18:15:00Z,2026-06-09T20:15:00+0200,4269.13965,MW,FR,FR,forecast_onshore_wind_generation,Wind Onshore,2026-07-08T18:59:22Z
2026-07-08T18:58:29Z,2026-07-08T20:58:29+0200,e401fd36-f4a8-45e5-ad91-bdd87731a7ba,2026-06-09T18:30:00Z,2026-06-09T20:30:00+0200,4080.54004,MW,FR,FR,forecast_onshore_wind_generation,Wind Onshore,2026-07-08T18:59:22Z
2026-07-08T18:58:29Z,2026-07-08T20:58:29+0200,e401fd36-f4a8-45e5-ad91-bdd87731a7ba,2026-06-09T18:45:00Z,2026-06-09T20:45:00+0200,3891.6001,MW,FR,FR,forecast_onshore_wind_generation,Wind Onshore,2026-07-08T18:59:22Z
2026-07-08T18:58:29Z,2026-07-08T20:58:29+0200,e401fd36-f4a8-45e5-ad91-bdd87731a7ba,2026-06-09T19:00:00Z,2026-06-09T21:00:00+0200,3702.65991,MW,FR,FR,forecast_onshore_wind_generation,Wind Onshore,2026-07-08T18:59:22Z
2026-07-08T18:58:29Z,2026-07-08T20:58:29+0200,e401fd36-f4a8-45e5-ad91-bdd87731a7ba,2026-06-09T19:15:00Z,2026-06-09T21:15:00+0200,3602.0498,MW,FR,FR,forecast_onshore_wind_generation,Wind Onshore,2026-07-08T18:59:22Z
2026-07-08T18:58:29Z,2026-07-08T20:58:29+0200,e401fd36-f4a8-45e5-ad91-bdd87731a7ba,2026-06-09T19:30:00Z,2026-06-09T21:30:00+0200,3501.44019,MW,FR,FR,forecast_onshore_wind_generation,Wind Onshore,2026-07-08T18:59:22Z
2026-07-08T18:58:29Z,2026-07-08T20:58:29+0200,e401fd36-f4a8-45e5-ad91-bdd87731a7ba,2026-06-09T19:45:00Z,2026-06-09T21:45:00+0200,3400.8999,MW,FR,FR,forecast_onshore_wind_generation,Wind Onshore,2026-07-08T18:59:22Z
2026-07-08T18:58:29Z,2026-07-08T20:58:29+0200,e401fd36-f4a8-45e5-ad91-bdd87731a7ba,2026-06-09T20:00:00Z,2026-06-09T22:00:00+0200,3300.37012,MW,FR,FR,forecast_onshore_wind_generation,Wind Onshore,2026-07-08T18:59:22Z
2026-07-08T18:58:29Z,2026-07-08T20:58:29+0200,e401fd36-f4a8-45e5-ad91-bdd87731a7ba,2026-06-09T20:15:00Z,2026-06-09T22:15:00+0200,3274.5,MW,FR,FR,forecast_onshore_wind_generation,Wind Onshore,2026-07-08T18:59:22Z
2026-07-08T18:58:29Z,2026-07-08T20:58:29+0200,e401fd36-f4a8-45e5-ad91-bdd87731a7ba,2026-06-09T20:30:00Z,2026-06-09T22:30:00+0200,3248.60986,MW,FR,FR,forecast_onshore_wind_generation,Wind Onshore,2026-07-08T18:59:22Z
2026-07-08T18:58:29Z,2026-07-08T20:58:29+0200,e401fd36-f4a8-45e5-ad91-bdd87731a7ba,2026-06-09T20:45:00Z,2026-06-09T22:45:00+0200,3222.75,MW,FR,FR,forecast_onshore_wind_generation,Wind Onshore,2026-07-08T18:59:22Z
2026-07-08T18:58:29Z,2026-07-08T20:58:29+0200,e401fd36-f4a8-45e5-ad91-bdd87731a7ba,2026-06-09T21:00:00Z,2026-06-09T23:00:00+0200,3196.91992,MW,FR,FR,forecast_onshore_wind_generation,Wind Onshore,2026-07-08T18:59:22Z
2026-07-08T18:58:29Z,2026-07-08T20:58:29+0200,e401fd36-f4a8-45e5-ad91-bdd87731a7ba,2026-06-09T21:15:00Z,2026-06-09T23:15:00+0200,3211.34009,MW,FR,FR,forecast_onshore_wind_generation,Wind Onshore,2026-07-08T18:59:22Z
2026-07-08T18:58:29Z,2026-07-08T20:58:29+0200,e401fd36-f4a8-45e5-ad91-bdd87731a7ba,2026-06-09T21:30:00Z,2026-06-09T23:30:00+0200,3225.79004,MW,FR,FR,forecast_onshore_wind_generation,Wind Onshore,2026-07-08T18:59:22Z
2026-07-08T18:58:29Z,2026-07-08T20:58:29+0200,e401fd36-f4a8-45e5-ad91-bdd87731a7ba,2026-06-09T21:45:00Z,2026-06-09T23:45:00+0200,3239.98999,MW,FR,FR,forecast_onshore_wind_generation,Wind Onshore,2026-07-08T18:59:22Z
2026-07-08T18:58:29Z,2026-07-08T20:58:29+0200,e401fd36-f4a8-45e5-ad91-bdd87731a7ba,2026-06-09T22:00:00Z,2026-06-10T00:00:00+0200,3250.68994,MW,FR,FR,forecast_onshore_wind_generation,Wind Onshore,2026-07-08T18:59:22Z
2026-07-08T18:58:29Z,2026-07-08T20:58:29+0200,e401fd36-f4a8-45e5-ad91-bdd87731a7ba,2026-06-09T22:15:00Z,2026-06-10T00:15:00+0200,3250.19995,MW,FR,FR,forecast_onshore_wind_generation,Wind Onshore,2026-07-08T18:59:22Z
2026-07-08T18:58:29Z,2026-07-08T20:58:29+0200,e401fd36-f4a8-45e5-ad91-bdd87731a7ba,2026-06-09T22:30:00Z,2026-06-10T00:30:00+0200,3249.82983,MW,FR,FR,forecast_onshore_wind_generation,Wind Onshore,2026-07-08T18:59:22Z
2026-07-08T18:58:29Z,2026-07-08T20:58:29+0200,e401fd36-f4a8-45e5-ad91-bdd87731a7ba,2026-06-09T22:45:00Z,2026-06-10T00:45:00+0200,3247.86987,MW,FR,FR,forecast_onshore_wind_generation,Wind Onshore,2026-07-08T18:59:22Z
2026-07-08T18:58:29Z,2026-07-08T20:58:29+0200,e401fd36-f4a8-45e5-ad91-bdd87731a7ba,2026-06-09T23:00:00Z,2026-06-10T01:00:00+0200,3245.93994,MW,FR,FR,forecast_onshore_wind_generation,Wind Onshore,2026-07-08T18:59:22Z
2026-07-08T18:58:29Z,2026-07-08T20:58:29+0200,e401fd36-f4a8-45e5-ad91-bdd87731a7ba,2026-06-09T23:15:00Z,2026-06-10T01:15:00+0200,3208.84985,MW,FR,FR,forecast_onshore_wind_generation,Wind Onshore,2026-07-08T18:59:22Z
2026-07-08T18:58:29Z,2026-07-08T20:58:29+0200,e401fd36-f4a8-45e5-ad91-bdd87731a7ba,2026-06-09T23:30:00Z,2026-06-10T01:30:00+0200,3171.77002,MW,FR,FR,forecast_onshore_wind_generation,Wind Onshore,2026-07-08T18:59:22Z
2026-07-08T18:58:29Z,2026-07-08T20:58:29+0200,e401fd36-f4a8-45e5-ad91-bdd87731a7ba,2026-06-09T23:45:00Z,2026-06-10T01:45:00+0200,3134.16016,MW,FR,FR,forecast_onshore_wind_generation,Wind Onshore,2026-07-08T18:59:22Z
2026-07-08T18:58:29Z,2026-07-08T20:58:29+0200,e401fd36-f4a8-45e5-ad91-bdd87731a7ba,2026-06-10T00:00:00Z,2026-06-10T02:00:00+0200,3096.57007,MW,FR,FR,forecast_onshore_wind_generation,Wind Onshore,2026-07-08T18:59:22Z
2026-07-08T18:58:29Z,2026-07-08T20:58:29+0200,e401fd36-f4a8-45e5-ad91-bdd87731a7ba,2026-06-10T00:15:00Z,2026-06-10T02:15:00+0200,3071.83984,MW,FR,FR,forecast_onshore_wind_generation,Wind Onshore,2026-07-08T18:59:22Z
2026-07-08T18:58:29Z,2026-07-08T20:58:29+0200,e401fd36-f4a8-45e5-ad91-bdd87731a7ba,2026-06-10T00:30:00Z,2026-06-10T02:30:00+0200,3047.1001,MW,FR,FR,forecast_onshore_wind_generation,Wind Onshore,2026-07-08T18:59:22Z
2026-07-08T18:58:29Z,2026-07-08T20:58:29+0200,e401fd36-f4a8-45e5-ad91-bdd87731a7ba,2026-06-10T00:45:00Z,2026-06-10T02:45:00+0200,3022.62012,MW,FR,FR,forecast_onshore_wind_generation,Wind Onshore,2026-07-08T18:59:22Z
2026-07-08T18:58:29Z,2026-07-08T20:58:29+0200,e401fd36-f4a8-45e5-ad91-bdd87731a7ba,2026-06-10T01:00:00Z,2026-06-10T03:00:00+0200,2998.16992,MW,FR,FR,forecast_onshore_wind_generation,Wind Onshore,2026-07-08T18:59:22Z
2026-07-08T18:58:29Z,2026-07-08T20:58:29+0200,e401fd36-f4a8-45e5-ad91-bdd87731a7ba,2026-06-10T01:15:00Z,2026-06-10T03:15:00+0200,2978.99023,MW,FR,FR,forecast_onshore_wind_generation,Wind Onshore,2026-07-08T18:59:22Z
2026-07-08T18:58:29Z,2026-07-08T20:58:29+0200,e401fd36-f4a8-45e5-ad91-bdd87731a7ba,2026-06-10T01:30:00Z,2026-06-10T03:30:00+0200,2959.80005,MW,FR,FR,forecast_onshore_wind_generation,Wind Onshore,2026-07-08T18:59:22Z
2026-07-08T18:58:29Z,2026-07-08T20:58:29+0200,e401fd36-f4a8-45e5-ad91-bdd87731a7ba,2026-06-10T01:45:00Z,2026-06-10T03:45:00+0200,2940.39014,MW,FR,FR,forecast_onshore_wind_generation,Wind Onshore,2026-07-08T18:59:22Z
2026-07-08T18:58:29Z,2026-07-08T20:58:29+0200,e401fd36-f4a8-45e5-ad91-bdd87731a7ba,2026-06-10T02:00:00Z,2026-06-10T04:00:00+0200,2921.05005,MW,FR,FR,forecast_onshore_wind_generation,Wind Onshore,2026-07-08T18:59:22Z
2026-07-08T18:58:29Z,2026-07-08T20:58:29+0200,e401fd36-f4a8-45e5-ad91-bdd87731a7ba,2026-06-10T02:15:00Z,2026-06-10T04:15:00+0200,2911.06006,MW,FR,FR,forecast_onshore_wind_generation,Wind Onshore,2026-07-08T18:59:22Z
2026-07-08T18:58:29Z,2026-07-08T20:58:29+0200,e401fd36-f4a8-45e5-ad91-bdd87731a7ba,2026-06-10T02:30:00Z,2026-06-10T04:30:00+0200,2901.1001,MW,FR,FR,forecast_onshore_wind_generation,Wind Onshore,2026-07-08T18:59:22Z
2026-07-08T18:58:29Z,2026-07-08T20:58:29+0200,e401fd36-f4a8-45e5-ad91-bdd87731a7ba,2026-06-10T02:45:00Z,2026-06-10T04:45:00+0200,2891.47998,MW,FR,FR,forecast_onshore_wind_generation,Wind Onshore,2026-07-08T18:59:22Z
2026-07-08T18:58:29Z,2026-07-08T20:58:29+0200,e401fd36-f4a8-45e5-ad91-bdd87731a7ba,2026-06-10T03:00:00Z,2026-06-10T05:00:00+0200,2881.91992,MW,FR,FR,forecast_onshore_wind_generation,Wind Onshore,2026-07-08T18:59:22Z
2026-07-08T18:58:29Z,2026-07-08T20:58:29+0200,e401fd36-f4a8-45e5-ad91-bdd87731a7ba,2026-06-10T03:15:00Z,2026-06-10T05:15:00+0200,2875.66016,MW,FR,FR,forecast_onshore_wind_generation,Wind Onshore,2026-07-08T18:59:22Z
2026-07-08T18:58:29Z,2026-07-08T20:58:29+0200,e401fd36-f4a8-45e5-ad91-bdd87731a7ba,2026-06-10T03:30:00Z,2026-06-10T05:30:00+0200,2869.47021,MW,FR,FR,forecast_onshore_wind_generation,Wind Onshore,2026-07-08T18:59:22Z
2026-07-08T18:58:29Z,2026-07-08T20:58:29+0200,e401fd36-f4a8-45e5-ad91-bdd87731a7ba,2026-06-10T03:45:00Z,2026-06-10T05:45:00+0200,2863.01001,MW,FR,FR,forecast_onshore_wind_generation,Wind Onshore,2026-07-08T18:59:22Z
2026-07-08T18:58:29Z,2026-07-08T20:58:29+0200,e401fd36-f4a8-45e5-ad91-bdd87731a7ba,2026-06-10T04:00:00Z,2026-06-10T06:00:00+0200,2856.61987,MW,FR,FR,forecast_onshore_wind_generation,Wind Onshore,2026-07-08T18:59:22Z
2026-07-08T18:58:29Z,2026-07-08T20:58:29+0200,e401fd36-f4a8-45e5-ad91-bdd87731a7ba,2026-06-10T04:15:00Z,2026-06-10T06:15:00+0200,2811.59985,MW,FR,FR,forecast_onshore_wind_generation,Wind Onshore,2026-07-08T18:59:22Z
2026-07-08T18:58:29Z,2026-07-08T20:58:29+0200,e401fd36-f4a8-45e5-ad91-bdd87731a7ba,2026-06-10T04:30:00Z,2026-06-10T06:30:00+0200,2766.6001,MW,FR,FR,forecast_onshore_wind_generation,Wind Onshore,2026-07-08T18:59:22Z
2026-07-08T18:58:29Z,2026-07-08T20:58:29+0200,e401fd36-f4a8-45e5-ad91-bdd87731a7ba,2026-06-10T04:45:00Z,2026-06-10T06:45:00+0200,2721.1499,MW,FR,FR,forecast_onshore_wind_generation,Wind Onshore,2026-07-08T18:59:22Z
2026-07-08T18:58:29Z,2026-07-08T20:58:29+0200,e401fd36-f4a8-45e5-ad91-bdd87731a7ba,2026-06-10T05:00:00Z,2026-06-10T07:00:00+0200,2675.68994,MW,FR,FR,forecast_onshore_wind_generation,Wind Onshore,2026-07-08T18:59:22Z
2026-07-08T18:58:29Z,2026-07-08T20:58:29+0200,e401fd36-f4a8-45e5-ad91-bdd87731a7ba,2026-06-10T05:15:00Z,2026-06-10T07:15:00+0200,2574.53003,MW,FR,FR,forecast_onshore_wind_generation,Wind Onshore,2026-07-08T18:59:22Z
2026-07-08T18:58:29Z,2026-07-08T20:58:29+0200,e401fd36-f4a8-45e5-ad91-bdd87731a7ba,2026-06-10T05:30:00Z,2026-06-10T07:30:00+0200,2473.35986,MW,FR,FR,forecast_onshore_wind_generation,Wind Onshore,2026-07-08T18:59:22Z
2026-07-08T18:58:29Z,2026-07-08T20:58:29+0200,e401fd36-f4a8-45e5-ad91-bdd87731a7ba,2026-06-10T05:45:00Z,2026-06-10T07:45:00+0200,2371.89014,MW,FR,FR,forecast_onshore_wind_generation,Wind Onshore,2026-07-08T18:59:22Z
2026-07-08T18:58:29Z,2026-07-08T20:58:29+0200,e401fd36-f4a8-45e5-ad91-bdd87731a7ba,2026-06-10T06:00:00Z,2026-06-10T08:00:00+0200,2270.70996,MW,FR,FR,forecast_onshore_wind_generation,Wind Onshore,2026-07-08T18:59:22Z
2026-07-08T18:58:29Z,2026-07-08T20:58:29+0200,e401fd36-f4a8-45e5-ad91-bdd87731a7ba,2026-06-10T06:15:00Z,2026-06-10T08:15:00+0200,2222.16992,MW,FR,FR,forecast_onshore_wind_generation,Wind Onshore,2026-07-08T18:59:22Z
2026-07-08T18:58:29Z,2026-07-08T20:58:29+0200,e401fd36-f4a8-45e5-ad91-bdd87731a7ba,2026-06-10T06:30:00Z,2026-06-10T08:30:00+0200,2173.81982,MW,FR,FR,forecast_onshore_wind_generation,Wind Onshore,2026-07-08T18:59:22Z
2026-07-08T18:58:29Z,2026-07-08T20:58:29+0200,e401fd36-f4a8-45e5-ad91-bdd87731a7ba,2026-06-10T06:45:00Z,2026-06-10T08:45:00+0200,2125.35986,MW,FR,FR,forecast_onshore_wind_generation,Wind Onshore,2026-07-08T18:59:22Z
2026-07-08T18:58:29Z,2026-07-08T20:58:29+0200,e401fd36-f4a8-45e5-ad91-bdd87731a7ba,2026-06-10T07:00:00Z,2026-06-10T09:00:00+0200,2076.97021,MW,FR,FR,forecast_onshore_wind_generation,Wind Onshore,2026-07-08T18:59:22Z
2026-07-08T18:58:29Z,2026-07-08T20:58:29+0200,e401fd36-f4a8-45e5-ad91-bdd87731a7ba,2026-06-10T07:15:00Z,2026-06-10T09:15:00+0200,2203.22998,MW,FR,FR,forecast_onshore_wind_generation,Wind Onshore,2026-07-08T18:59:22Z
2026-07-08T18:58:29Z,2026-07-08T20:58:29+0200,e401fd36-f4a8-45e5-ad91-bdd87731a7ba,2026-06-10T07:30:00Z,2026-06-10T09:30:00+0200,2329.77002,MW,FR,FR,forecast_onshore_wind_generation,Wind Onshore,2026-07-08T18:59:22Z
2026-07-08T18:58:29Z,2026-07-08T20:58:29+0200,e401fd36-f4a8-45e5-ad91-bdd87731a7ba,2026-06-10T07:45:00Z,2026-06-10T09:45:00+0200,2456.57983,MW,FR,FR,forecast_onshore_wind_generation,Wind Onshore,2026-07-08T18:59:22Z
2026-07-08T18:58:29Z,2026-07-08T20:58:29+0200,e401fd36-f4a8-45e5-ad91-bdd87731a7ba,2026-06-10T08:00:00Z,2026-06-10T10:00:00+0200,2583.43018,MW,FR,FR,forecast_onshore_wind_generation,Wind Onshore,2026-07-08T18:59:22Z
2026-07-08T18:58:29Z,2026-07-08T20:58:29+0200,e401fd36-f4a8-45e5-ad91-bdd87731a7ba,2026-06-10T08:15:00Z,2026-06-10T10:15:00+0200,2689.46021,MW,FR,FR,forecast_onshore_wind_generation,Wind Onshore,2026-07-08T18:59:22Z
2026-07-08T18:58:29Z,2026-07-08T20:58:29+0200,e401fd36-f4a8-45e5-ad91-bdd87731a7ba,2026-06-10T08:30:00Z,2026-06-10T10:30:00+0200,2795.90674,MW,FR,FR,forecast_onshore_wind_generation,Wind Onshore,2026-07-08T18:59:22Z
2026-07-08T18:58:29Z,2026-07-08T20:58:29+0200,e401fd36-f4a8-45e5-ad91-bdd87731a7ba,2026-06-10T08:45:00Z,2026-06-10T10:45:00+0200,1764.75098,MW,FR,FR,forecast_onshore_wind_generation,Wind Onshore,2026-07-08T18:59:22Z
2026-07-08T18:58:29Z,2026-07-08T20:58:29+0200,e401fd36-f4a8-45e5-ad91-bdd87731a7ba,2026-06-10T09:00:00Z,2026-06-10T11:00:00+0200,1832.23901,MW,FR,FR,forecast_onshore_wind_generation,Wind Onshore,2026-07-08T18:59:22Z
2026-07-08T18:58:29Z,2026-07-08T20:58:29+0200,e401fd36-f4a8-45e5-ad91-bdd87731a7ba,2026-06-10T09:15:00Z,2026-06-10T11:15:00+0200,1908.14001,MW,FR,FR,forecast_onshore_wind_generation,Wind Onshore,2026-07-08T18:59:22Z
2026-07-08T18:58:29Z,2026-07-08T20:58:29+0200,e401fd36-f4a8-45e5-ad91-bdd87731a7ba,2026-06-10T09:30:00Z,2026-06-10T11:30:00+0200,1984.22974,MW,FR,FR,forecast_onshore_wind_generation,Wind Onshore,2026-07-08T18:59:22Z
2026-07-08T18:58:29Z,2026-07-08T20:58:29+0200,e401fd36-f4a8-45e5-ad91-bdd87731a7ba,2026-06-10T09:45:00Z,2026-06-10T11:45:00+0200,2060.5,MW,FR,FR,forecast_onshore_wind_generation,Wind Onshore,2026-07-08T18:59:22Z
2026-07-08T18:58:29Z,2026-07-08T20:58:29+0200,e401fd36-f4a8-45e5-ad91-bdd87731a7ba,2026-06-10T10:00:00Z,2026-06-10T12:00:00+0200,2136.70874,MW,FR,FR,forecast_onshore_wind_generation,Wind Onshore,2026-07-08T18:59:22Z
2026-07-08T18:58:29Z,2026-07-08T20:58:29+0200,e401fd36-f4a8-45e5-ad91-bdd87731a7ba,2026-06-10T10:15:00Z,2026-06-10T12:15:00+0200,2212.83057,MW,FR,FR,forecast_onshore_wind_generation,Wind Onshore,2026-07-08T18:59:22Z
2026-07-08T18:58:29Z,2026-07-08T20:58:29+0200,e401fd36-f4a8-45e5-ad91-bdd87731a7ba,2026-06-10T10:30:00Z,2026-06-10T12:30:00+0200,2289.1792,MW,FR,FR,forecast_onshore_wind_generation,Wind Onshore,2026-07-08T18:59:22Z
2026-07-08T18:58:29Z,2026-07-08T20:58:29+0200,e401fd36-f4a8-45e5-ad91-bdd87731a7ba,2026-06-10T10:45:00Z,2026-06-10T12:45:00+0200,2365.71875,MW,FR,FR,forecast_onshore_wind_generation,Wind Onshore,2026-07-08T18:59:22Z
2026-07-08T18:58:29Z,2026-07-08T20:58:29+0200,e401fd36-f4a8-45e5-ad91-bdd87731a7ba,2026-06-10T11:00:00Z,2026-06-10T13:00:00+0200,2442.14087,MW,FR,FR,forecast_onshore_wind_generation,Wind Onshore,2026-07-08T18:59:22Z
2026-07-08T18:58:29Z,2026-07-08T20:58:29+0200,e401fd36-f4a8-45e5-ad91-bdd87731a7ba,2026-06-10T11:15:00Z,2026-06-10T13:15:00+0200,2495.09033,MW,FR,FR,forecast_onshore_wind_generation,Wind Onshore,2026-07-08T18:59:22Z
2026-07-08T18:58:29Z,2026-07-08T20:58:29+0200,e401fd36-f4a8-45e5-ad91-bdd87731a7ba,2026-06-10T11:30:00Z,2026-06-10T13:30:00+0200,2547.96948,MW,FR,FR,forecast_onshore_wind_generation,Wind Onshore,2026-07-08T18:59:22Z
2026-07-08T18:58:29Z,2026-07-08T20:58:29+0200,e401fd36-f4a8-45e5-ad91-bdd87731a7ba,2026-06-10T11:45:00Z,2026-06-10T13:45:00+0200,2600.78979,MW,FR,FR,forecast_onshore_wind_generation,Wind Onshore,2026-07-08T18:59:22Z
2026-07-08T18:58:29Z,2026-07-08T20:58:29+0200,e401fd36-f4a8-45e5-ad91-bdd87731a7ba,2026-06-10T12:00:00Z,2026-06-10T14:00:00+0200,2653.70947,MW,FR,FR,forecast_onshore_wind_generation,Wind Onshore,2026-07-08T18:59:22Z
2026-07-08T18:58:29Z,2026-07-08T20:58:29+0200,e401fd36-f4a8-45e5-ad91-bdd87731a7ba,2026-06-10T12:15:00Z,2026-06-10T14:15:00+0200,2699.64893,MW,FR,FR,forecast_onshore_wind_generation,Wind Onshore,2026-07-08T18:59:22Z
2026-07-08T18:58:29Z,2026-07-08T20:58:29+0200,e401fd36-f4a8-45e5-ad91-bdd87731a7ba,2026-06-10T12:30:00Z,2026-06-10T14:30:00+0200,2745.76196,MW,FR,FR,forecast_onshore_wind_generation,Wind Onshore,2026-07-08T18:59:22Z
2026-07-08T18:58:29Z,2026-07-08T20:58:29+0200,e401fd36-f4a8-45e5-ad91-bdd87731a7ba,2026-06-10T12:45:00Z,2026-06-10T14:45:00+0200,2791.87036,MW,FR,FR,forecast_onshore_wind_generation,Wind Onshore,2026-07-08T18:59:22Z
2026-07-08T18:58:29Z,2026-07-08T20:58:29+0200,e401fd36-f4a8-45e5-ad91-bdd87731a7ba,2026-06-10T13:00:00Z,2026-06-10T15:00:00+0200,2837.8186,MW,FR,FR,forecast_onshore_wind_generation,Wind Onshore,2026-07-08T18:59:22Z
2026-07-08T18:58:29Z,2026-07-08T20:58:29+0200,e401fd36-f4a8-45e5-ad91-bdd87731a7ba,2026-06-10T13:15:00Z,2026-06-10T15:15:00+0200,2935.0625,MW,FR,FR,forecast_onshore_wind_generation,Wind Onshore,2026-07-08T18:59:22Z
2026-07-08T18:58:29Z,2026-07-08T20:58:29+0200,e401fd36-f4a8-45e5-ad91-bdd87731a7ba,2026-06-10T13:30:00Z,2026-06-10T15:30:00+0200,2698.34814,MW,FR,FR,forecast_onshore_wind_generation,Wind Onshore,2026-07-08T18:59:22Z
2026-07-08T18:58:29Z,2026-07-08T20:58:29+0200,e401fd36-f4a8-45e5-ad91-bdd87731a7ba,2026-06-10T13:45:00Z,2026-06-10T15:45:00+0200,2788.26904,MW,FR,FR,forecast_onshore_wind_generation,Wind Onshore,2026-07-08T18:59:22Z
2026-07-08T18:58:29Z,2026-07-08T20:58:29+0200,e401fd36-f4a8-45e5-ad91-bdd87731a7ba,2026-06-10T14:00:00Z,2026-06-10T16:00:00+0200,2878.2605,MW,FR,FR,forecast_onshore_wind_generation,Wind Onshore,2026-07-08T18:59:22Z
2026-07-08T18:58:29Z,2026-07-08T20:58:29+0200,e401fd36-f4a8-45e5-ad91-bdd87731a7ba,2026-06-10T14:15:00Z,2026-06-10T16:15:00+0200,2916.15723,MW,FR,FR,forecast_onshore_wind_generation,Wind Onshore,2026-07-08T18:59:22Z
2026-07-08T18:58:29Z,2026-07-08T20:58:29+0200,e401fd36-f4a8-45e5-ad91-bdd87731a7ba,2026-06-10T14:30:00Z,2026-06-10T16:30:00+0200,2954.47803,MW,FR,FR,forecast_onshore_wind_generation,Wind Onshore,2026-07-08T18:59:22Z
2026-07-08T18:58:29Z,2026-07-08T20:58:29+0200,e401fd36-f4a8-45e5-ad91-bdd87731a7ba,2026-06-10T14:45:00Z,2026-06-10T16:45:00+0200,2992.98022,MW,FR,FR,forecast_onshore_wind_generation,Wind Onshore,2026-07-08T18:59:22Z
2026-07-08T18:58:29Z,2026-07-08T20:58:29+0200,e401fd36-f4a8-45e5-ad91-bdd87731a7ba,2026-06-10T15:00:00Z,2026-06-10T17:00:00+0200,3031.39868,MW,FR,FR,forecast_onshore_wind_generation,Wind Onshore,2026-07-08T18:59:22Z
2026-07-08T18:58:29Z,2026-07-08T20:58:29+0200,e401fd36-f4a8-45e5-ad91-bdd87731a7ba,2026-06-10T15:15:00Z,2026-06-10T17:15:00+0200,3474.52832,MW,FR,FR,forecast_onshore_wind_generation,Wind Onshore,2026-07-08T18:59:22Z
2026-07-08T18:58:29Z,2026-07-08T20:58:29+0200,e401fd36-f4a8-45e5-ad91-bdd87731a7ba,2026-06-10T15:30:00Z,2026-06-10T17:30:00+0200,3540.37109,MW,FR,FR,forecast_onshore_wind_generation,Wind Onshore,2026-07-08T18:59:22Z
2026-07-08T18:58:29Z,2026-07-08T20:58:29+0200,e401fd36-f4a8-45e5-ad91-bdd87731a7ba,2026-06-10T15:45:00Z,2026-06-10T17:45:00+0200,3606.56836,MW,FR,FR,forecast_onshore_wind_generation,Wind Onshore,2026-07-08T18:59:22Z
2026-07-08T18:58:29Z,2026-07-08T20:58:29+0200,e401fd36-f4a8-45e5-ad91-bdd87731a7ba,2026-06-10T16:00:00Z,2026-06-10T18:00:00+0200,3672.76758,MW,FR,FR,forecast_onshore_wind_generation,Wind Onshore,2026-07-08T18:59:22Z
2026-07-08T18:58:29Z,2026-07-08T20:58:29+0200,e401fd36-f4a8-45e5-ad91-bdd87731a7ba,2026-06-10T16:15:00Z,2026-06-10T18:15:00+0200,5949.32617,MW,FR,FR,forecast_onshore_wind_generation,Wind Onshore,2026-07-08T18:59:22Z
2026-07-08T18:58:29Z,2026-07-08T20:58:29+0200,e401fd36-f4a8-45e5-ad91-bdd87731a7ba,2026-06-10T16:30:00Z,2026-06-10T18:30:00+0200,5893.02979,MW,FR,FR,forecast_onshore_wind_generation,Wind Onshore,2026-07-08T18:59:22Z
2026-07-08T18:58:29Z,2026-07-08T20:58:29+0200,e401fd36-f4a8-45e5-ad91-bdd87731a7ba,2026-06-10T16:45:00Z,2026-06-10T18:45:00+0200,5836.95996,MW,FR,FR,forecast_onshore_wind_generation,Wind Onshore,2026-07-08T18:59:22Z
2026-07-08T18:58:29Z,2026-07-08T20:58:29+0200,e401fd36-f4a8-45e5-ad91-bdd87731a7ba,2026-06-10T17:00:00Z,2026-06-10T19:00:00+0200,5780.90039,MW,FR,FR,forecast_onshore_wind_generation,Wind Onshore,2026-07-08T18:59:22Z
2026-07-08T18:58:29Z,2026-07-08T20:58:29+0200,e401fd36-f4a8-45e5-ad91-bdd87731a7ba,2026-06-10T17:15:00Z,2026-06-10T19:15:00+0200,5603.93018,MW,FR,FR,forecast_onshore_wind_generation,Wind Onshore,2026-07-08T18:59:22Z
2026-07-08T18:58:29Z,2026-07-08T20:58:29+0200,e401fd36-f4a8-45e5-ad91-bdd87731a7ba,2026-06-10T17:30:00Z,2026-06-10T19:30:00+0200,5426.95996,MW,FR,FR,forecast_onshore_wind_generation,Wind Onshore,2026-07-08T18:59:22Z
2026-07-08T18:58:29Z,2026-07-08T20:58:29+0200,e401fd36-f4a8-45e5-ad91-bdd87731a7ba,2026-06-10T17:45:00Z,2026-06-10T19:45:00+0200,5250.2002,MW,FR,FR,forecast_onshore_wind_generation,Wind Onshore,2026-07-08T18:59:22Z
2026-07-08T18:58:29Z,2026-07-08T20:58:29+0200,e401fd36-f4a8-45e5-ad91-bdd87731a7ba,2026-06-10T18:00:00Z,2026-06-10T20:00:00+0200,5073.46973,MW,FR,FR,forecast_onshore_wind_generation,Wind Onshore,2026-07-08T18:59:22Z
2026-07-08T18:58:29Z,2026-07-08T20:58:29+0200,e401fd36-f4a8-45e5-ad91-bdd87731a7ba,2026-06-10T18:15:00Z,2026-06-10T20:15:00+0200,4965.59033,MW,FR,FR,forecast_onshore_wind_generation,Wind Onshore,2026-07-08T18:59:22Z
2026-07-08T18:58:29Z,2026-07-08T20:58:29+0200,e401fd36-f4a8-45e5-ad91-bdd87731a7ba,2026-06-10T18:30:00Z,2026-06-10T20:30:00+0200,4857.68945,MW,FR,FR,forecast_onshore_wind_generation,Wind Onshore,2026-07-08T18:59:22Z
2026-07-08T18:58:29Z,2026-07-08T20:58:29+0200,e401fd36-f4a8-45e5-ad91-bdd87731a7ba,2026-06-10T18:45:00Z,2026-06-10T20:45:00+0200,4749.67969,MW,FR,FR,forecast_onshore_wind_generation,Wind Onshore,2026-07-08T18:59:22Z
2026-07-08T18:58:29Z,2026-07-08T20:58:29+0200,e401fd36-f4a8-45e5-ad91-bdd87731a7ba,2026-06-10T19:00:00Z,2026-06-10T21:00:00+0200,4641.66992,MW,FR,FR,forecast_onshore_wind_generation,Wind Onshore,2026-07-08T18:59:22Z
2026-07-08T18:58:29Z,2026-07-08T20:58:29+0200,e401fd36-f4a8-45e5-ad91-bdd87731a7ba,2026-06-10T19:15:00Z,2026-06-10T21:15:00+0200,4545.3999,MW,FR,FR,forecast_onshore_wind_generation,Wind Onshore,2026-07-08T18:59:22Z
2026-07-08T18:58:29Z,2026-07-08T20:58:29+0200,e401fd36-f4a8-45e5-ad91-bdd87731a7ba,2026-06-10T19:30:00Z,2026-06-10T21:30:00+0200,4449.1499,MW,FR,FR,forecast_onshore_wind_generation,Wind Onshore,2026-07-08T18:59:22Z
2026-07-08T18:58:29Z,2026-07-08T20:58:29+0200,e401fd36-f4a8-45e5-ad91-bdd87731a7ba,2026-06-10T19:45:00Z,2026-06-10T21:45:00+0200,4352.74023,MW,FR,FR,forecast_onshore_wind_generation,Wind Onshore,2026-07-08T18:59:22Z
2026-07-08T18:58:29Z,2026-07-08T20:58:29+0200,e401fd36-f4a8-45e5-ad91-bdd87731a7ba,2026-06-10T20:00:00Z,2026-06-10T22:00:00+0200,4256.33008,MW,FR,FR,forecast_onshore_wind_generation,Wind Onshore,2026-07-08T18:59:22Z
2026-07-08T18:58:29Z,2026-07-08T20:58:29+0200,e401fd36-f4a8-45e5-ad91-bdd87731a7ba,2026-06-10T20:15:00Z,2026-06-10T22:15:00+0200,4252.27002,MW,FR,FR,forecast_onshore_wind_generation,Wind Onshore,2026-07-08T18:59:22Z
2026-07-08T18:58:29Z,2026-07-08T20:58:29+0200,e401fd36-f4a8-45e5-ad91-bdd87731a7ba,2026-06-10T20:30:00Z,2026-06-10T22:30:00+0200,4248.20996,MW,FR,FR,forecast_onshore_wind_generation,Wind Onshore,2026-07-08T18:59:22Z
2026-07-08T18:58:29Z,2026-07-08T20:58:29+0200,e401fd36-f4a8-45e5-ad91-bdd87731a7ba,2026-06-10T20:45:00Z,2026-06-10T22:45:00+0200,4244.06006,MW,FR,FR,forecast_onshore_wind_generation,Wind Onshore,2026-07-08T18:59:22Z
2026-07-08T18:58:29Z,2026-07-08T20:58:29+0200,e401fd36-f4a8-45e5-ad91-bdd87731a7ba,2026-06-10T21:00:00Z,2026-06-10T23:00:00+0200,4240.06982,MW,FR,FR,forecast_onshore_wind_generation,Wind Onshore,2026-07-08T18:59:22Z
2026-07-08T18:58:29Z,2026-07-08T20:58:29+0200,e401fd36-f4a8-45e5-ad91-bdd87731a7ba,2026-06-10T21:15:00Z,2026-06-10T23:15:00+0200,4250.58008,MW,FR,FR,forecast_onshore_wind_generation,Wind Onshore,2026-07-08T18:59:22Z
2026-07-08T18:58:29Z,2026-07-08T20:58:29+0200,e401fd36-f4a8-45e5-ad91-bdd87731a7ba,2026-06-10T21:30:00Z,2026-06-10T23:30:00+0200,4261.10986,MW,FR,FR,forecast_onshore_wind_generation,Wind Onshore,2026-07-08T18:59:22Z
2026-07-08T18:58:29Z,2026-07-08T20:58:29+0200,e401fd36-f4a8-45e5-ad91-bdd87731a7ba,2026-06-10T21:45:00Z,2026-06-10T23:45:00+0200,4271.35986,MW,FR,FR,forecast_onshore_wind_generation,Wind Onshore,2026-07-08T18:59:22Z
2026-07-08T18:58:29Z,2026-07-08T20:58:29+0200,e401fd36-f4a8-45e5-ad91-bdd87731a7ba,2026-06-10T22:00:00Z,2026-06-11T00:00:00+0200,4296.59033,MW,FR,FR,forecast_onshore_wind_generation,Wind Onshore,2026-07-08T18:59:22Z
2026-07-08T18:58:29Z,2026-07-08T20:58:29+0200,e401fd36-f4a8-45e5-ad91-bdd87731a7ba,2026-06-10T22:15:00Z,2026-06-11T00:15:00+0200,4236.11963,MW,FR,FR,forecast_onshore_wind_generation,Wind Onshore,2026-07-08T18:59:22Z
2026-07-08T18:58:29Z,2026-07-08T20:58:29+0200,e401fd36-f4a8-45e5-ad91-bdd87731a7ba,2026-06-10T22:30:00Z,2026-06-11T00:30:00+0200,4175.72949,MW,FR,FR,forecast_onshore_wind_generation,Wind Onshore,2026-07-08T18:59:22Z
2026-07-08T18:58:29Z,2026-07-08T20:58:29+0200,e401fd36-f4a8-45e5-ad91-bdd87731a7ba,2026-06-10T22:45:00Z,2026-06-11T00:45:00+0200,2480.55029,MW,FR,FR,forecast_onshore_wind_generation,Wind Onshore,2026-07-08T18:59:22Z
2026-07-08T18:58:29Z,2026-07-08T20:58:29+0200,e401fd36-f4a8-45e5-ad91-bdd87731a7ba,2026-06-10T23:00:00Z,2026-06-11T01:00:00+0200,2446.44019,MW,FR,FR,forecast_onshore_wind_generation,Wind Onshore,2026-07-08T18:59:22Z
2026-07-08T18:58:29Z,2026-07-08T20:58:29+0200,e401fd36-f4a8-45e5-ad91-bdd87731a7ba,2026-06-10T23:15:00Z,2026-06-11T01:15:00+0200,4033.71631,MW,FR,FR,forecast_onshore_wind_generation,Wind Onshore,2026-07-08T18:59:22Z
2026-07-08T18:58:29Z,2026-07-08T20:58:29+0200,e401fd36-f4a8-45e5-ad91-bdd87731a7ba,2026-06-10T23:30:00Z,2026-06-11T01:30:00+0200,4014.91968,MW,FR,FR,forecast_onshore_wind_generation,Wind Onshore,2026-07-08T18:59:22Z
2026-07-08T18:58:29Z,2026-07-08T20:58:29+0200,e401fd36-f4a8-45e5-ad91-bdd87731a7ba,2026-06-10T23:45:00Z,2026-06-11T01:45:00+0200,3995.89014,MW,FR,FR,forecast_onshore_wind_generation,Wind Onshore,2026-07-08T18:59:22Z
2026-07-08T18:58:29Z,2026-07-08T20:58:29+0200,e401fd36-f4a8-45e5-ad91-bdd87731a7ba,2026-06-11T00:00:00Z,2026-06-11T02:00:00+0200,3976.8501,MW,FR,FR,forecast_onshore_wind_generation,Wind Onshore,2026-07-08T18:59:22Z
2026-07-08T18:58:29Z,2026-07-08T20:58:29+0200,e401fd36-f4a8-45e5-ad91-bdd87731a7ba,2026-06-11T00:15:00Z,2026-06-11T02:15:00+0200,3936.41992,MW,FR,FR,forecast_onshore_wind_generation,Wind Onshore,2026-07-08T18:59:22Z
2026-07-08T18:58:29Z,2026-07-08T20:58:29+0200,e401fd36-f4a8-45e5-ad91-bdd87731a7ba,2026-06-11T00:30:00Z,2026-06-11T02:30:00+0200,3896.08008,MW,FR,FR,forecast_onshore_wind_generation,Wind Onshore,2026-07-08T18:59:22Z
2026-07-08T18:58:29Z,2026-07-08T20:58:29+0200,e401fd36-f4a8-45e5-ad91-bdd87731a7ba,2026-06-11T00:45:00Z,2026-06-11T02:45:00+0200,3855.73999,MW,FR,FR,forecast_onshore_wind_generation,Wind Onshore,2026-07-08T18:59:22Z
2026-07-08T18:58:29Z,2026-07-08T20:58:29+0200,e401fd36-f4a8-45e5-ad91-bdd87731a7ba,2026-06-11T01:00:00Z,2026-06-11T03:00:00+0200,3815.3999,MW,FR,FR,forecast_onshore_wind_generation,Wind Onshore,2026-07-08T18:59:22Z
2026-07-08T18:58:29Z,2026-07-08T20:58:29+0200,e401fd36-f4a8-45e5-ad91-bdd87731a7ba,2026-06-11T01:15:00Z,2026-06-11T03:15:00+0200,3758.25,MW,FR,FR,forecast_onshore_wind_generation,Wind Onshore,2026-07-08T18:59:22Z
2026-07-08T18:58:29Z,2026-07-08T20:58:29+0200,e401fd36-f4a8-45e5-ad91-bdd87731a7ba,2026-06-11T01:30:00Z,2026-06-11T03:30:00+0200,3701.10986,MW,FR,FR,forecast_onshore_wind_generation,Wind Onshore,2026-07-08T18:59:22Z
2026-07-08T18:58:29Z,2026-07-08T20:58:29+0200,e401fd36-f4a8-45e5-ad91-bdd87731a7ba,2026-06-11T01:45:00Z,2026-06-11T03:45:00+0200,3644.18018,MW,FR,FR,forecast_onshore_wind_generation,Wind Onshore,2026-07-08T18:59:22Z
2026-07-08T18:58:29Z,2026-07-08T20:58:29+0200,e401fd36-f4a8-45e5-ad91-bdd87731a7ba,2026-06-11T02:00:00Z,2026-06-11T04:00:00+0200,3587.35986,MW,FR,FR,forecast_onshore_wind_generation,Wind Onshore,2026-07-08T18:59:22Z
2026-07-08T18:58:29Z,2026-07-08T20:58:29+0200,e401fd36-f4a8-45e5-ad91-bdd87731a7ba,2026-06-11T02:15:00Z,2026-06-11T04:15:00+0200,3565.85986,MW,FR,FR,forecast_onshore_wind_generation,Wind Onshore,2026-07-08T18:59:22Z
2026-07-08T18:58:29Z,2026-07-08T20:58:29+0200,e401fd36-f4a8-45e5-ad91-bdd87731a7ba,2026-06-11T02:30:00Z,2026-06-11T04:30:00+0200,3544.35986,MW,FR,FR,forecast_onshore_wind_generation,Wind Onshore,2026-07-08T18:59:22Z
2026-07-08T18:58:29Z,2026-07-08T20:58:29+0200,e401fd36-f4a8-45e5-ad91-bdd87731a7ba,2026-06-11T02:45:00Z,2026-06-11T04:45:00+0200,3522.73999,MW,FR,FR,forecast_onshore_wind_generation,Wind Onshore,2026-07-08T18:59:22Z
2026-07-08T18:58:29Z,2026-07-08T20:58:29+0200,e401fd36-f4a8-45e5-ad91-bdd87731a7ba,2026-06-11T03:00:00Z,2026-06-11T05:00:00+0200,3501.13013,MW,FR,FR,forecast_onshore_wind_generation,Wind Onshore,2026-07-08T18:59:22Z
2026-07-08T18:58:29Z,2026-07-08T20:58:29+0200,e401fd36-f4a8-45e5-ad91-bdd87731a7ba,2026-06-11T03:15:00Z,2026-06-11T05:15:00+0200,3459.55981,MW,FR,FR,forecast_onshore_wind_generation,Wind Onshore,2026-07-08T18:59:22Z
2026-07-08T18:58:29Z,2026-07-08T20:58:29+0200,e401fd36-f4a8-45e5-ad91-bdd87731a7ba,2026-06-11T03:30:00Z,2026-06-11T05:30:00+0200,3418.02002,MW,FR,FR,forecast_onshore_wind_generation,Wind Onshore,2026-07-08T18:59:22Z
2026-07-08T18:58:29Z,2026-07-08T20:58:29+0200,e401fd36-f4a8-45e5-ad91-bdd87731a7ba,2026-06-11T03:45:00Z,2026-06-11T05:45:00+0200,3376.58008,MW,FR,FR,forecast_onshore_wind_generation,Wind Onshore,2026-07-08T18:59:22Z
2026-07-08T18:58:29Z,2026-07-08T20:58:29+0200,e401fd36-f4a8-45e5-ad91-bdd87731a7ba,2026-06-11T04:00:00Z,2026-06-11T06:00:00+0200,3335.22998,MW,FR,FR,forecast_onshore_wind_generation,Wind Onshore,2026-07-08T18:59:22Z
2026-07-08T18:58:29Z,2026-07-08T20:58:29+0200,e401fd36-f4a8-45e5-ad91-bdd87731a7ba,2026-06-11T04:15:00Z,2026-06-11T06:15:00+0200,3247.68018,MW,FR,FR,forecast_onshore_wind_generation,Wind Onshore,2026-07-08T18:59:22Z
2026-07-08T18:58:29Z,2026-07-08T20:58:29+0200,e401fd36-f4a8-45e5-ad91-bdd87731a7ba,2026-06-11T04:30:00Z,2026-06-11T06:30:00+0200,3160.12988,MW,FR,FR,forecast_onshore_wind_generation,Wind Onshore,2026-07-08T18:59:22Z
2026-07-08T18:58:29Z,2026-07-08T20:58:29+0200,e401fd36-f4a8-45e5-ad91-bdd87731a7ba,2026-06-11T04:45:00Z,2026-06-11T06:45:00+0200,3072.16992,MW,FR,FR,forecast_onshore_wind_generation,Wind Onshore,2026-07-08T18:59:22Z
2026-07-08T18:58:29Z,2026-07-08T20:58:29+0200,e401fd36-f4a8-45e5-ad91-bdd87731a7ba,2026-06-11T05:00:00Z,2026-06-11T07:00:00+0200,2984.25,MW,FR,FR,forecast_onshore_wind_generation,Wind Onshore,2026-07-08T18:59:22Z
2026-07-08T18:58:29Z,2026-07-08T20:58:29+0200,e401fd36-f4a8-45e5-ad91-bdd87731a7ba,2026-06-11T05:15:00Z,2026-06-11T07:15:00+0200,2817.93994,MW,FR,FR,forecast_onshore_wind_generation,Wind Onshore,2026-07-08T18:59:22Z
2026-07-08T18:58:29Z,2026-07-08T20:58:29+0200,e401fd36-f4a8-45e5-ad91-bdd87731a7ba,2026-06-11T05:30:00Z,2026-06-11T07:30:00+0200,2651.71997,MW,FR,FR,forecast_onshore_wind_generation,Wind Onshore,2026-07-08T18:59:22Z
2026-07-08T18:58:29Z,2026-07-08T20:58:29+0200,e401fd36-f4a8-45e5-ad91-bdd87731a7ba,2026-06-11T05:45:00Z,2026-06-11T07:45:00+0200,2485.40015,MW,FR,FR,forecast_onshore_wind_generation,Wind Onshore,2026-07-08T18:59:22Z
2026-07-08T18:58:29Z,2026-07-08T20:58:29+0200,e401fd36-f4a8-45e5-ad91-bdd87731a7ba,2026-06-11T06:00:00Z,2026-06-11T08:00:00+0200,2319.27979,MW,FR,FR,forecast_onshore_wind_generation,Wind Onshore,2026-07-08T18:59:22Z
2026-07-08T18:58:29Z,2026-07-08T20:58:29+0200,e401fd36-f4a8-45e5-ad91-bdd87731a7ba,2026-06-11T06:15:00Z,2026-06-11T08:15:00+0200,2308.33984,MW,FR,FR,forecast_onshore_wind_generation,Wind Onshore,2026-07-08T18:59:22Z
2026-07-08T18:58:29Z,2026-07-08T20:58:29+0200,e401fd36-f4a8-45e5-ad91-bdd87731a7ba,2026-06-11T06:30:00Z,2026-06-11T08:30:00+0200,2297.66992,MW,FR,FR,forecast_onshore_wind_generation,Wind Onshore,2026-07-08T18:59:22Z
2026-07-08T18:58:29Z,2026-07-08T20:58:29+0200,e401fd36-f4a8-45e5-ad91-bdd87731a7ba,2026-06-11T06:45:00Z,2026-06-11T08:45:00+0200,2287.06006,MW,FR,FR,forecast_onshore_wind_generation,Wind Onshore,2026-07-08T18:59:22Z
2026-07-08T18:58:29Z,2026-07-08T20:58:29+0200,e401fd36-f4a8-45e5-ad91-bdd87731a7ba,2026-06-11T07:00:00Z,2026-06-11T09:00:00+0200,2276.95996,MW,FR,FR,forecast_onshore_wind_generation,Wind Onshore,2026-07-08T18:59:22Z
2026-07-08T18:58:29Z,2026-07-08T20:58:29+0200,e401fd36-f4a8-45e5-ad91-bdd87731a7ba,2026-06-11T07:15:00Z,2026-06-11T09:15:00+0200,2409.64014,MW,FR,FR,forecast_onshore_wind_generation,Wind Onshore,2026-07-08T18:59:22Z
2026-07-08T18:58:29Z,2026-07-08T20:58:29+0200,e401fd36-f4a8-45e5-ad91-bdd87731a7ba,2026-06-11T07:30:00Z,2026-06-11T09:30:00+0200,2543.46997,MW,FR,FR,forecast_onshore_wind_generation,Wind Onshore,2026-07-08T18:59:22Z
2026-07-08T18:58:29Z,2026-07-08T20:58:29+0200,e401fd36-f4a8-45e5-ad91-bdd87731a7ba,2026-06-11T07:45:00Z,2026-06-11T09:45:00+0200,2677.58008,MW,FR,FR,forecast_onshore_wind_generation,Wind Onshore,2026-07-08T18:59:22Z
2026-07-08T18:58:29Z,2026-07-08T20:58:29+0200,e401fd36-f4a8-45e5-ad91-bdd87731a7ba,2026-06-11T08:00:00Z,2026-06-11T10:00:00+0200,2811.84985,MW,FR,FR,forecast_onshore_wind_generation,Wind Onshore,2026-07-08T18:59:22Z
2026-07-08T18:58:29Z,2026-07-08T20:58:29+0200,e401fd36-f4a8-45e5-ad91-bdd87731a7ba,2026-06-11T08:15:00Z,2026-06-11T10:15:00+0200,2936.8501,MW,FR,FR,forecast_onshore_wind_generation,Wind Onshore,2026-07-08T18:59:22Z
2026-07-08T18:58:29Z,2026-07-08T20:58:29+0200,e401fd36-f4a8-45e5-ad91-bdd87731a7ba,2026-06-11T08:30:00Z,2026-06-11T10:30:00+0200,3062.16089,MW,FR,FR,forecast_onshore_wind_generation,Wind Onshore,2026-07-08T18:59:22Z
2026-07-08T18:58:29Z,2026-07-08T20:58:29+0200,e401fd36-f4a8-45e5-ad91-bdd87731a7ba,2026-06-11T08:45:00Z,2026-06-11T10:45:00+0200,1910.7605,MW,FR,FR,forecast_onshore_wind_generation,Wind Onshore,2026-07-08T18:59:22Z
2026-07-08T18:58:29Z,2026-07-08T20:58:29+0200,e401fd36-f4a8-45e5-ad91-bdd87731a7ba,2026-06-11T09:00:00Z,2026-06-11T11:00:00+0200,1988.57959,MW,FR,FR,forecast_onshore_wind_generation,Wind Onshore,2026-07-08T18:59:22Z
2026-07-08T18:58:29Z,2026-07-08T20:58:29+0200,e401fd36-f4a8-45e5-ad91-bdd87731a7ba,2026-06-11T09:15:00Z,2026-06-11T11:15:00+0200,2086.64917,MW,FR,FR,forecast_onshore_wind_generation,Wind Onshore,2026-07-08T18:59:22Z
2026-07-08T18:58:29Z,2026-07-08T20:58:29+0200,e401fd36-f4a8-45e5-ad91-bdd87731a7ba,2026-06-11T09:30:00Z,2026-06-11T11:30:00+0200,2184.26953,MW,FR,FR,forecast_onshore_wind_generation,Wind Onshore,2026-07-08T18:59:22Z
2026-07-08T18:58:29Z,2026-07-08T20:58:29+0200,e401fd36-f4a8-45e5-ad91-bdd87731a7ba,2026-06-11T09:45:00Z,2026-06-11T11:45:00+0200,2282.25928,MW,FR,FR,forecast_onshore_wind_generation,Wind Onshore,2026-07-08T18:59:22Z
2026-07-08T18:58:29Z,2026-07-08T20:58:29+0200,e401fd36-f4a8-45e5-ad91-bdd87731a7ba,2026-06-11T10:00:00Z,2026-06-11T12:00:00+0200,2380.33008,MW,FR,FR,forecast_onshore_wind_generation,Wind Onshore,2026-07-08T18:59:22Z
2026-07-08T18:58:29Z,2026-07-08T20:58:29+0200,e401fd36-f4a8-45e5-ad91-bdd87731a7ba,2026-06-11T10:15:00Z,2026-06-11T12:15:00+0200,2486.31152,MW,FR,FR,forecast_onshore_wind_generation,Wind Onshore,2026-07-08T18:59:22Z
2026-07-08T18:58:29Z,2026-07-08T20:58:29+0200,e401fd36-f4a8-45e5-ad91-bdd87731a7ba,2026-06-11T10:30:00Z,2026-06-11T12:30:00+0200,2592.21997,MW,FR,FR,forecast_onshore_wind_generation,Wind Onshore,2026-07-08T18:59:22Z
2026-07-08T18:58:29Z,2026-07-08T20:58:29+0200,e401fd36-f4a8-45e5-ad91-bdd87731a7ba,2026-06-11T10:45:00Z,2026-06-11T12:45:00+0200,2698.05151,MW,FR,FR,forecast_onshore_wind_generation,Wind Onshore,2026-07-08T18:59:22Z
2026-07-08T18:58:29Z,2026-07-08T20:58:29+0200,e401fd36-f4a8-45e5-ad91-bdd87731a7ba,2026-06-11T11:00:00Z,2026-06-11T13:00:00+0200,2804.05151,MW,FR,FR,forecast_onshore_wind_generation,Wind Onshore,2026-07-08T18:59:22Z
2026-07-08T18:58:29Z,2026-07-08T20:58:29+0200,e401fd36-f4a8-45e5-ad91-bdd87731a7ba,2026-06-11T11:15:00Z,2026-06-11T13:15:00+0200,2874.53052,MW,FR,FR,forecast_onshore_wind_generation,Wind Onshore,2026-07-08T18:59:22Z
2026-07-08T18:58:29Z,2026-07-08T20:58:29+0200,e401fd36-f4a8-45e5-ad91-bdd87731a7ba,2026-06-11T11:30:00Z,2026-06-11T13:30:00+0200,2945.06909,MW,FR,FR,forecast_onshore_wind_generation,Wind Onshore,2026-07-08T18:59:22Z
2026-07-08T18:58:29Z,2026-07-08T20:58:29+0200,e401fd36-f4a8-45e5-ad91-bdd87731a7ba,2026-06-11T11:45:00Z,2026-06-11T13:45:00+0200,3015.66064,MW,FR,FR,forecast_onshore_wind_generation,Wind Onshore,2026-07-08T18:59:22Z
2026-07-08T18:58:29Z,2026-07-08T20:58:29+0200,e401fd36-f4a8-45e5-ad91-bdd87731a7ba,2026-06-11T12:00:00Z,2026-06-11T14:00:00+0200,3086.52881,MW,FR,FR,forecast_onshore_wind_generation,Wind Onshore,2026-07-08T18:59:22Z
2026-07-08T18:58:29Z,2026-07-08T20:58:29+0200,e401fd36-f4a8-45e5-ad91-bdd87731a7ba,2026-06-11T12:15:00Z,2026-06-11T14:15:00+0200,3147.03149,MW,FR,FR,forecast_onshore_wind_generation,Wind Onshore,2026-07-08T18:59:22Z
2026-07-08T18:58:29Z,2026-07-08T20:58:29+0200,e401fd36-f4a8-45e5-ad91-bdd87731a7ba,2026-06-11T12:30:00Z,2026-06-11T14:30:00+0200,3207.34937,MW,FR,FR,forecast_onshore_wind_generation,Wind Onshore,2026-07-08T18:59:22Z
2026-07-08T18:58:29Z,2026-07-08T20:58:29+0200,e401fd36-f4a8-45e5-ad91-bdd87731a7ba,2026-06-11T12:45:00Z,2026-06-11T14:45:00+0200,3268.28125,MW,FR,FR,forecast_onshore_wind_generation,Wind Onshore,2026-07-08T18:59:22Z
2026-07-08T18:58:29Z,2026-07-08T20:58:29+0200,e401fd36-f4a8-45e5-ad91-bdd87731a7ba,2026-06-11T13:00:00Z,2026-06-11T15:00:00+0200,3328.48071,MW,FR,FR,forecast_onshore_wind_generation,Wind Onshore,2026-07-08T18:59:22Z
2026-07-08T18:58:29Z,2026-07-08T20:58:29+0200,e401fd36-f4a8-45e5-ad91-bdd87731a7ba,2026-06-11T13:15:00Z,2026-06-11T15:15:00+0200,3330.7085,MW,FR,FR,forecast_onshore_wind_generation,Wind Onshore,2026-07-08T18:59:22Z
2026-07-08T18:58:29Z,2026-07-08T20:58:29+0200,e401fd36-f4a8-45e5-ad91-bdd87731a7ba,2026-06-11T13:30:00Z,2026-06-11T15:30:00+0200,3333.24072,MW,FR,FR,forecast_onshore_wind_generation,Wind Onshore,2026-07-08T18:59:22Z
2026-07-08T18:58:29Z,2026-07-08T20:58:29+0200,e401fd36-f4a8-45e5-ad91-bdd87731a7ba,2026-06-11T13:45:00Z,2026-06-11T15:45:00+0200,3335.50928,MW,FR,FR,forecast_onshore_wind_generation,Wind Onshore,2026-07-08T18:59:22Z
2026-07-08T18:58:29Z,2026-07-08T20:58:29+0200,e401fd36-f4a8-45e5-ad91-bdd87731a7ba,2026-06-11T14:00:00Z,2026-06-11T16:00:00+0200,3338.18262,MW,FR,FR,forecast_onshore_wind_generation,Wind Onshore,2026-07-08T18:59:22Z
2026-07-08T18:58:29Z,2026-07-08T20:58:29+0200,e401fd36-f4a8-45e5-ad91-bdd87731a7ba,2026-06-11T14:15:00Z,2026-06-11T16:15:00+0200,3310.17822,MW,FR,FR,forecast_onshore_wind_generation,Wind Onshore,2026-07-08T18:59:22Z
2026-07-08T18:58:29Z,2026-07-08T20:58:29+0200,e401fd36-f4a8-45e5-ad91-bdd87731a7ba,2026-06-11T14:30:00Z,2026-06-11T16:30:00+0200,3282.12036,MW,FR,FR,forecast_onshore_wind_generation,Wind Onshore,2026-07-08T18:59:22Z
2026-07-08T18:58:29Z,2026-07-08T20:58:29+0200,e401fd36-f4a8-45e5-ad91-bdd87731a7ba,2026-06-11T14:45:00Z,2026-06-11T16:45:00+0200,3254.38257,MW,FR,FR,forecast_onshore_wind_generation,Wind Onshore,2026-07-08T18:59:22Z
2026-07-08T18:58:29Z,2026-07-08T20:58:29+0200,e401fd36-f4a8-45e5-ad91-bdd87731a7ba,2026-06-11T15:00:00Z,2026-06-11T17:00:00+0200,3226.35083,MW,FR,FR,forecast_onshore_wind_generation,Wind Onshore,2026-07-08T18:59:22Z
2026-07-08T18:58:29Z,2026-07-08T20:58:29+0200,e401fd36-f4a8-45e5-ad91-bdd87731a7ba,2026-06-11T15:15:00Z,2026-06-11T17:15:00+0200,5313.11377,MW,FR,FR,forecast_onshore_wind_generation,Wind Onshore,2026-07-08T18:59:22Z
2026-07-08T18:58:29Z,2026-07-08T20:58:29+0200,e401fd36-f4a8-45e5-ad91-bdd87731a7ba,2026-06-11T15:30:00Z,2026-06-11T17:30:00+0200,5237.66016,MW,FR,FR,forecast_onshore_wind_generation,Wind Onshore,2026-07-08T18:59:22Z
2026-07-08T18:58:29Z,2026-07-08T20:58:29+0200,e401fd36-f4a8-45e5-ad91-bdd87731a7ba,2026-06-11T15:45:00Z,2026-06-11T17:45:00+0200,5162.35986,MW,FR,FR,forecast_onshore_wind_generation,Wind Onshore,2026-07-08T18:59:22Z
2026-07-08T18:58:29Z,2026-07-08T20:58:29+0200,e401fd36-f4a8-45e5-ad91-bdd87731a7ba,2026-06-11T16:00:00Z,2026-06-11T18:00:00+0200,5087.05957,MW,FR,FR,forecast_onshore_wind_generation,Wind Onshore,2026-07-08T18:59:22Z
2026-07-08T18:58:29Z,2026-07-08T20:58:29+0200,e401fd36-f4a8-45e5-ad91-bdd87731a7ba,2026-06-11T16:15:00Z,2026-06-11T18:15:00+0200,5093.54004,MW,FR,FR,forecast_onshore_wind_generation,Wind Onshore,2026-07-08T18:59:22Z
2026-07-08T18:58:29Z,2026-07-08T20:58:29+0200,e401fd36-f4a8-45e5-ad91-bdd87731a7ba,2026-06-11T16:30:00Z,2026-06-11T18:30:00+0200,5100.00977,MW,FR,FR,forecast_onshore_wind_generation,Wind Onshore,2026-07-08T18:59:22Z
2026-07-08T18:58:29Z,2026-07-08T20:58:29+0200,e401fd36-f4a8-45e5-ad91-bdd87731a7ba,2026-06-11T16:45:00Z,2026-06-11T18:45:00+0200,5106.66016,MW,FR,FR,forecast_onshore_wind_generation,Wind Onshore,2026-07-08T18:59:22Z
2026-07-08T18:58:29Z,2026-07-08T20:58:29+0200,e401fd36-f4a8-45e5-ad91-bdd87731a7ba,2026-06-11T17:00:00Z,2026-06-11T19:00:00+0200,5113.30957,MW,FR,FR,forecast_onshore_wind_generation,Wind Onshore,2026-07-08T18:59:22Z
2026-07-08T18:58:29Z,2026-07-08T20:58:29+0200,e401fd36-f4a8-45e5-ad91-bdd87731a7ba,2026-06-11T17:15:00Z,2026-06-11T19:15:00+0200,5235.77002,MW,FR,FR,forecast_onshore_wind_generation,Wind Onshore,2026-07-08T18:59:22Z
2026-07-08T18:58:29Z,2026-07-08T20:58:29+0200,e401fd36-f4a8-45e5-ad91-bdd87731a7ba,2026-06-11T17:30:00Z,2026-06-11T19:30:00+0200,5358.21973,MW,FR,FR,forecast_onshore_wind_generation,Wind Onshore,2026-07-08T18:59:22Z
2026-07-08T18:58:29Z,2026-07-08T20:58:29+0200,e401fd36-f4a8-45e5-ad91-bdd87731a7ba,2026-06-11T17:45:00Z,2026-06-11T19:45:00+0200,5481.02979,MW,FR,FR,forecast_onshore_wind_generation,Wind Onshore,2026-07-08T18:59:22Z
2026-07-08T18:58:29Z,2026-07-08T20:58:29+0200,e401fd36-f4a8-45e5-ad91-bdd87731a7ba,2026-06-11T18:00:00Z,2026-06-11T20:00:00+0200,5603.84033,MW,FR,FR,forecast_onshore_wind_generation,Wind Onshore,2026-07-08T18:59:22Z
2026-07-08T18:58:29Z,2026-07-08T20:58:29+0200,e401fd36-f4a8-45e5-ad91-bdd87731a7ba,2026-06-11T18:15:00Z,2026-06-11T20:15:00+0200,5790.0,MW,FR,FR,forecast_onshore_wind_generation,Wind Onshore,2026-07-08T18:59:22Z
2026-07-08T18:58:29Z,2026-07-08T20:58:29+0200,e401fd36-f4a8-45e5-ad91-bdd87731a7ba,2026-06-11T18:30:00Z,2026-06-11T20:30:00+0200,5976.12988,MW,FR,FR,forecast_onshore_wind_generation,Wind Onshore,2026-07-08T18:59:22Z
2026-07-08T18:58:29Z,2026-07-08T20:58:29+0200,e401fd36-f4a8-45e5-ad91-bdd87731a7ba,2026-06-11T18:45:00Z,2026-06-11T20:45:00+0200,6162.19971,MW,FR,FR,forecast_onshore_wind_generation,Wind Onshore,2026-07-08T18:59:22Z
2026-07-08T18:58:29Z,2026-07-08T20:58:29+0200,e401fd36-f4a8-45e5-ad91-bdd87731a7ba,2026-06-11T19:00:00Z,2026-06-11T21:00:00+0200,6348.27979,MW,FR,FR,forecast_onshore_wind_generation,Wind Onshore,2026-07-08T18:59:22Z
2026-07-08T18:58:29Z,2026-07-08T20:58:29+0200,e401fd36-f4a8-45e5-ad91-bdd87731a7ba,2026-06-11T19:15:00Z,2026-06-11T21:15:00+0200,6591.72998,MW,FR,FR,forecast_onshore_wind_generation,Wind Onshore,2026-07-08T18:59:22Z
2026-07-08T18:58:29Z,2026-07-08T20:58:29+0200,e401fd36-f4a8-45e5-ad91-bdd87731a7ba,2026-06-11T19:30:00Z,2026-06-11T21:30:00+0200,6835.1499,MW,FR,FR,forecast_onshore_wind_generation,Wind Onshore,2026-07-08T18:59:22Z
2026-07-08T18:58:29Z,2026-07-08T20:58:29+0200,e401fd36-f4a8-45e5-ad91-bdd87731a7ba,2026-06-11T19:45:00Z,2026-06-11T21:45:00+0200,7078.41016,MW,FR,FR,forecast_onshore_wind_generation,Wind Onshore,2026-07-08T18:59:22Z
2026-07-08T18:58:29Z,2026-07-08T20:58:29+0200,e401fd36-f4a8-45e5-ad91-bdd87731a7ba,2026-06-11T20:00:00Z,2026-06-11T22:00:00+0200,7321.68994,MW,FR,FR,forecast_onshore_wind_generation,Wind Onshore,2026-07-08T18:59:22Z
2026-07-08T18:58:29Z,2026-07-08T20:58:29+0200,e401fd36-f4a8-45e5-ad91-bdd87731a7ba,2026-06-11T20:15:00Z,2026-06-11T22:15:00+0200,7451.66016,MW,FR,FR,forecast_onshore_wind_generation,Wind Onshore,2026-07-08T18:59:22Z
2026-07-08T18:58:29Z,2026-07-08T20:58:29+0200,e401fd36-f4a8-45e5-ad91-bdd87731a7ba,2026-06-11T20:30:00Z,2026-06-11T22:30:00+0200,7581.65039,MW,FR,FR,forecast_onshore_wind_generation,Wind Onshore,2026-07-08T18:59:22Z
2026-07-08T18:58:29Z,2026-07-08T20:58:29+0200,e401fd36-f4a8-45e5-ad91-bdd87731a7ba,2026-06-11T20:45:00Z,2026-06-11T22:45:00+0200,7711.17969,MW,FR,FR,forecast_onshore_wind_generation,Wind Onshore,2026-07-08T18:59:22Z
2026-07-08T18:58:29Z,2026-07-08T20:58:29+0200,e401fd36-f4a8-45e5-ad91-bdd87731a7ba,2026-06-11T21:00:00Z,2026-06-11T23:00:00+0200,7840.72021,MW,FR,FR,forecast_onshore_wind_generation,Wind Onshore,2026-07-08T18:59:22Z
2026-07-08T18:58:29Z,2026-07-08T20:58:29+0200,e401fd36-f4a8-45e5-ad91-bdd87731a7ba,2026-06-11T21:15:00Z,2026-06-11T23:15:00+0200,7911.14014,MW,FR,FR,forecast_onshore_wind_generation,Wind Onshore,2026-07-08T18:59:22Z
2026-07-08T18:58:29Z,2026-07-08T20:58:29+0200,e401fd36-f4a8-45e5-ad91-bdd87731a7ba,2026-06-11T21:30:00Z,2026-06-11T23:30:00+0200,7981.55957,MW,FR,FR,forecast_onshore_wind_generation,Wind Onshore,2026-07-08T18:59:22Z
2026-07-08T18:58:29Z,2026-07-08T20:58:29+0200,e401fd36-f4a8-45e5-ad91-bdd87731a7ba,2026-06-11T21:45:00Z,2026-06-11T23:45:00+0200,8051.73975,MW,FR,FR,forecast_onshore_wind_generation,Wind Onshore,2026-07-08T18:59:22Z
2026-07-08T18:58:29Z,2026-07-08T20:58:29+0200,e401fd36-f4a8-45e5-ad91-bdd87731a7ba,2026-06-11T22:00:00Z,2026-06-12T00:00:00+0200,8566.66992,MW,FR,FR,forecast_onshore_wind_generation,Wind Onshore,2026-07-08T18:59:22Z
2026-07-08T18:58:29Z,2026-07-08T20:58:29+0200,e401fd36-f4a8-45e5-ad91-bdd87731a7ba,2026-06-11T22:15:00Z,2026-06-12T00:15:00+0200,8565.2002,MW,FR,FR,forecast_onshore_wind_generation,Wind Onshore,2026-07-08T18:59:22Z
2026-07-08T18:58:29Z,2026-07-08T20:58:29+0200,e401fd36-f4a8-45e5-ad91-bdd87731a7ba,2026-06-11T22:30:00Z,2026-06-12T00:30:00+0200,8563.75977,MW,FR,FR,forecast_onshore_wind_generation,Wind Onshore,2026-07-08T18:59:22Z
2026-07-08T18:58:29Z,2026-07-08T20:58:29+0200,e401fd36-f4a8-45e5-ad91-bdd87731a7ba,2026-06-11T22:45:00Z,2026-06-12T00:45:00+0200,8560.12988,MW,FR,FR,forecast_onshore_wind_generation,Wind Onshore,2026-07-08T18:59:22Z
2026-07-08T18:58:29Z,2026-07-08T20:58:29+0200,e401fd36-f4a8-45e5-ad91-bdd87731a7ba,2026-06-11T23:00:00Z,2026-06-12T01:00:00+0200,8556.50977,MW,FR,FR,forecast_onshore_wind_generation,Wind Onshore,2026-07-08T18:59:22Z
2026-07-08T18:58:29Z,2026-07-08T20:58:29+0200,e401fd36-f4a8-45e5-ad91-bdd87731a7ba,2026-06-11T23:15:00Z,2026-06-12T01:15:00+0200,8530.58984,MW,FR,FR,forecast_onshore_wind_generation,Wind Onshore,2026-07-08T18:59:22Z
2026-07-08T18:58:29Z,2026-07-08T20:58:29+0200,e401fd36-f4a8-45e5-ad91-bdd87731a7ba,2026-06-11T23:30:00Z,2026-06-12T01:30:00+0200,8504.66016,MW,FR,FR,forecast_onshore_wind_generation,Wind Onshore,2026-07-08T18:59:22Z
2026-07-08T18:58:29Z,2026-07-08T20:58:29+0200,e401fd36-f4a8-45e5-ad91-bdd87731a7ba,2026-06-11T23:45:00Z,2026-06-12T01:45:00+0200,8478.26953,MW,FR,FR,forecast_onshore_wind_generation,Wind Onshore,2026-07-08T18:59:22Z
2026-07-08T18:58:29Z,2026-07-08T20:58:29+0200,e401fd36-f4a8-45e5-ad91-bdd87731a7ba,2026-06-12T00:00:00Z,2026-06-12T02:00:00+0200,8451.84961,MW,FR,FR,forecast_onshore_wind_generation,Wind Onshore,2026-07-08T18:59:22Z
2026-07-08T18:58:29Z,2026-07-08T20:58:29+0200,e401fd36-f4a8-45e5-ad91-bdd87731a7ba,2026-06-12T00:15:00Z,2026-06-12T02:15:00+0200,8404.16016,MW,FR,FR,forecast_onshore_wind_generation,Wind Onshore,2026-07-08T18:59:22Z
2026-07-08T18:58:29Z,2026-07-08T20:58:29+0200,e401fd36-f4a8-45e5-ad91-bdd87731a7ba,2026-06-12T00:30:00Z,2026-06-12T02:30:00+0200,8356.45996,MW,FR,FR,forecast_onshore_wind_generation,Wind Onshore,2026-07-08T18:59:22Z
2026-07-08T18:58:29Z,2026-07-08T20:58:29+0200,e401fd36-f4a8-45e5-ad91-bdd87731a7ba,2026-06-12T00:45:00Z,2026-06-12T02:45:00+0200,8308.90039,MW,FR,FR,forecast_onshore_wind_generation,Wind Onshore,2026-07-08T18:59:22Z
2026-07-08T18:58:29Z,2026-07-08T20:58:29+0200,e401fd36-f4a8-45e5-ad91-bdd87731a7ba,2026-06-12T01:00:00Z,2026-06-12T03:00:00+0200,8261.33008,MW,FR,FR,forecast_onshore_wind_generation,Wind Onshore,2026-07-08T18:59:22Z
2026-07-08T18:58:29Z,2026-07-08T20:58:29+0200,e401fd36-f4a8-45e5-ad91-bdd87731a7ba,2026-06-12T01:15:00Z,2026-06-12T03:15:00+0200,8226.2998,MW,FR,FR,forecast_onshore_wind_generation,Wind Onshore,2026-07-08T18:59:22Z
2026-07-08T18:58:29Z,2026-07-08T20:58:29+0200,e401fd36-f4a8-45e5-ad91-bdd87731a7ba,2026-06-12T01:30:00Z,2026-06-12T03:30:00+0200,8191.27979,MW,FR,FR,forecast_onshore_wind_generation,Wind Onshore,2026-07-08T18:59:22Z
2026-07-08T18:58:29Z,2026-07-08T20:58:29+0200,e401fd36-f4a8-45e5-ad91-bdd87731a7ba,2026-06-12T01:45:00Z,2026-06-12T03:45:00+0200,8155.90039,MW,FR,FR,forecast_onshore_wind_generation,Wind Onshore,2026-07-08T18:59:22Z
2026-07-08T18:58:29Z,2026-07-08T20:58:29+0200,e401fd36-f4a8-45e5-ad91-bdd87731a7ba,2026-06-12T02:00:00Z,2026-06-12T04:00:00+0200,8120.51953,MW,FR,FR,forecast_onshore_wind_generation,Wind Onshore,2026-07-08T18:59:22Z
2026-07-08T18:58:29Z,2026-07-08T20:58:29+0200,e401fd36-f4a8-45e5-ad91-bdd87731a7ba,2026-06-12T02:15:00Z,2026-06-12T04:15:00+0200,8067.12012,MW,FR,FR,forecast_onshore_wind_generation,Wind Onshore,2026-07-08T18:59:22Z
2026-07-08T18:58:29Z,2026-07-08T20:58:29+0200,e401fd36-f4a8-45e5-ad91-bdd87731a7ba,2026-06-12T02:30:00Z,2026-06-12T04:30:00+0200,8013.74023,MW,FR,FR,forecast_onshore_wind_generation,Wind Onshore,2026-07-08T18:59:22Z
2026-07-08T18:58:29Z,2026-07-08T20:58:29+0200,e401fd36-f4a8-45e5-ad91-bdd87731a7ba,2026-06-12T02:45:00Z,2026-06-12T04:45:00+0200,7960.32031,MW,FR,FR,forecast_onshore_wind_generation,Wind Onshore,2026-07-08T18:59:22Z
2026-07-08T18:58:29Z,2026-07-08T20:58:29+0200,e401fd36-f4a8-45e5-ad91-bdd87731a7ba,2026-06-12T03:00:00Z,2026-06-12T05:00:00+0200,7906.8999,MW,FR,FR,forecast_onshore_wind_generation,Wind Onshore,2026-07-08T18:59:22Z
2026-07-08T18:58:29Z,2026-07-08T20:58:29+0200,e401fd36-f4a8-45e5-ad91-bdd87731a7ba,2026-06-12T03:15:00Z,2026-06-12T05:15:00+0200,7867.75,MW,FR,FR,forecast_onshore_wind_generation,Wind Onshore,2026-07-08T18:59:22Z
2026-07-08T18:58:29Z,2026-07-08T20:58:29+0200,e401fd36-f4a8-45e5-ad91-bdd87731a7ba,2026-06-12T03:30:00Z,2026-06-12T05:30:00+0200,7828.62988,MW,FR,FR,forecast_onshore_wind_generation,Wind Onshore,2026-07-08T18:59:22Z
2026-07-08T18:58:29Z,2026-07-08T20:58:29+0200,e401fd36-f4a8-45e5-ad91-bdd87731a7ba,2026-06-12T03:45:00Z,2026-06-12T05:45:00+0200,7789.33984,MW,FR,FR,forecast_onshore_wind_generation,Wind Onshore,2026-07-08T18:59:22Z
2026-07-08T18:58:29Z,2026-07-08T20:58:29+0200,e401fd36-f4a8-45e5-ad91-bdd87731a7ba,2026-06-12T04:00:00Z,2026-06-12T06:00:00+0200,7750.10059,MW,FR,FR,forecast_onshore_wind_generation,Wind Onshore,2026-07-08T18:59:22Z
2026-07-08T18:58:29Z,2026-07-08T20:58:29+0200,e401fd36-f4a8-45e5-ad91-bdd87731a7ba,2026-06-12T04:15:00Z,2026-06-12T06:15:00+0200,7688.93018,MW,FR,FR,forecast_onshore_wind_generation,Wind Onshore,2026-07-08T18:59:22Z
2026-07-08T18:58:29Z,2026-07-08T20:58:29+0200,e401fd36-f4a8-45e5-ad91-bdd87731a7ba,2026-06-12T04:30:00Z,2026-06-12T06:30:00+0200,7627.75977,MW,FR,FR,forecast_onshore_wind_generation,Wind Onshore,2026-07-08T18:59:22Z
2026-07-08T18:58:29Z,2026-07-08T20:58:29+0200,e401fd36-f4a8-45e5-ad91-bdd87731a7ba,2026-06-12T04:45:00Z,2026-06-12T06:45:00+0200,7565.78027,MW,FR,FR,forecast_onshore_wind_generation,Wind Onshore,2026-07-08T18:59:22Z
2026-07-08T18:58:29Z,2026-07-08T20:58:29+0200,e401fd36-f4a8-45e5-ad91-bdd87731a7ba,2026-06-12T05:00:00Z,2026-06-12T07:00:00+0200,7503.85059,MW,FR,FR,forecast_onshore_wind_generation,Wind Onshore,2026-07-08T18:59:22Z
2026-07-08T18:58:29Z,2026-07-08T20:58:29+0200,e401fd36-f4a8-45e5-ad91-bdd87731a7ba,2026-06-12T05:15:00Z,2026-06-12T07:15:00+0200,7393.12012,MW,FR,FR,forecast_onshore_wind_generation,Wind Onshore,2026-07-08T18:59:22Z
2026-07-08T18:58:29Z,2026-07-08T20:58:29+0200,e401fd36-f4a8-45e5-ad91-bdd87731a7ba,2026-06-12T05:30:00Z,2026-06-12T07:30:00+0200,7282.37988,MW,FR,FR,forecast_onshore_wind_generation,Wind Onshore,2026-07-08T18:59:22Z
2026-07-08T18:58:29Z,2026-07-08T20:58:29+0200,e401fd36-f4a8-45e5-ad91-bdd87731a7ba,2026-06-12T05:45:00Z,2026-06-12T07:45:00+0200,7171.12988,MW,FR,FR,forecast_onshore_wind_generation,Wind Onshore,2026-07-08T18:59:22Z
2026-07-08T18:58:29Z,2026-07-08T20:58:29+0200,e401fd36-f4a8-45e5-ad91-bdd87731a7ba,2026-06-12T06:00:00Z,2026-06-12T08:00:00+0200,7059.92969,MW,FR,FR,forecast_onshore_wind_generation,Wind Onshore,2026-07-08T18:59:22Z
2026-07-08T18:58:29Z,2026-07-08T20:58:29+0200,e401fd36-f4a8-45e5-ad91-bdd87731a7ba,2026-06-12T06:15:00Z,2026-06-12T08:15:00+0200,6892.5498,MW,FR,FR,forecast_onshore_wind_generation,Wind Onshore,2026-07-08T18:59:22Z
2026-07-08T18:58:29Z,2026-07-08T20:58:29+0200,e401fd36-f4a8-45e5-ad91-bdd87731a7ba,2026-06-12T06:30:00Z,2026-06-12T08:30:00+0200,6725.18994,MW,FR,FR,forecast_onshore_wind_generation,Wind Onshore,2026-07-08T18:59:22Z
2026-07-08T18:58:29Z,2026-07-08T20:58:29+0200,e401fd36-f4a8-45e5-ad91-bdd87731a7ba,2026-06-12T06:45:00Z,2026-06-12T08:45:00+0200,6557.8501,MW,FR,FR,forecast_onshore_wind_generation,Wind Onshore,2026-07-08T18:59:22Z
2026-07-08T18:58:29Z,2026-07-08T20:58:29+0200,e401fd36-f4a8-45e5-ad91-bdd87731a7ba,2026-06-12T07:00:00Z,2026-06-12T09:00:00+0200,6390.49023,MW,FR,FR,forecast_onshore_wind_generation,Wind Onshore,2026-07-08T18:59:22Z
2026-07-08T18:58:29Z,2026-07-08T20:58:29+0200,e401fd36-f4a8-45e5-ad91-bdd87731a7ba,2026-06-12T07:15:00Z,2026-06-12T09:15:00+0200,6562.45996,MW,FR,FR,forecast_onshore_wind_generation,Wind Onshore,2026-07-08T18:59:22Z
2026-07-08T18:58:29Z,2026-07-08T20:58:29+0200,e401fd36-f4a8-45e5-ad91-bdd87731a7ba,2026-06-12T07:30:00Z,2026-06-12T09:30:00+0200,6734.38574,MW,FR,FR,forecast_onshore_wind_generation,Wind Onshore,2026-07-08T18:59:22Z
2026-07-08T18:58:29Z,2026-07-08T20:58:29+0200,e401fd36-f4a8-45e5-ad91-bdd87731a7ba,2026-06-12T07:45:00Z,2026-06-12T09:45:00+0200,4100.46777,MW,FR,FR,forecast_onshore_wind_generation,Wind Onshore,2026-07-08T18:59:22Z
2026-07-08T18:58:29Z,2026-07-08T20:58:29+0200,e401fd36-f4a8-45e5-ad91-bdd87731a7ba,2026-06-12T08:00:00Z,2026-06-12T10:00:00+0200,4208.59082,MW,FR,FR,forecast_onshore_wind_generation,Wind Onshore,2026-07-08T18:59:22Z
2026-07-08T18:58:29Z,2026-07-08T20:58:29+0200,e401fd36-f4a8-45e5-ad91-bdd87731a7ba,2026-06-12T08:15:00Z,2026-06-12T10:15:00+0200,7189.76416,MW,FR,FR,forecast_onshore_wind_generation,Wind Onshore,2026-07-08T18:59:22Z
2026-07-08T18:58:29Z,2026-07-08T20:58:29+0200,e401fd36-f4a8-45e5-ad91-bdd87731a7ba,2026-06-12T08:30:00Z,2026-06-12T10:30:00+0200,4334.40283,MW,FR,FR,forecast_onshore_wind_generation,Wind Onshore,2026-07-08T18:59:22Z
2026-07-08T18:58:29Z,2026-07-08T20:58:29+0200,e401fd36-f4a8-45e5-ad91-bdd87731a7ba,2026-06-12T08:45:00Z,2026-06-12T10:45:00+0200,4397.56982,MW,FR,FR,forecast_onshore_wind_generation,Wind Onshore,2026-07-08T18:59:22Z
2026-07-08T18:58:29Z,2026-07-08T20:58:29+0200,e401fd36-f4a8-45e5-ad91-bdd87731a7ba,2026-06-12T09:00:00Z,2026-06-12T11:00:00+0200,4460.00977,MW,FR,FR,forecast_onshore_wind_generation,Wind Onshore,2026-07-08T18:59:22Z
2026-07-08T18:58:29Z,2026-07-08T20:58:29+0200,e401fd36-f4a8-45e5-ad91-bdd87731a7ba,2026-06-12T09:15:00Z,2026-06-12T11:15:00+0200,4465.16943,MW,FR,FR,forecast_onshore_wind_generation,Wind Onshore,2026-07-08T18:59:22Z
2026-07-08T18:58:29Z,2026-07-08T20:58:29+0200,e401fd36-f4a8-45e5-ad91-bdd87731a7ba,2026-06-12T09:30:00Z,2026-06-12T11:30:00+0200,4470.09619,MW,FR,FR,forecast_onshore_wind_generation,Wind Onshore,2026-07-08T18:59:22Z
2026-07-08T18:58:29Z,2026-07-08T20:58:29+0200,e401fd36-f4a8-45e5-ad91-bdd87731a7ba,2026-06-12T09:45:00Z,2026-06-12T11:45:00+0200,4475.12842,MW,FR,FR,forecast_onshore_wind_generation,Wind Onshore,2026-07-08T18:59:22Z
2026-07-08T18:58:29Z,2026-07-08T20:58:29+0200,e401fd36-f4a8-45e5-ad91-bdd87731a7ba,2026-06-12T10:00:00Z,2026-06-12T12:00:00+0200,4480.5835,MW,FR,FR,forecast_onshore_wind_generation,Wind Onshore,2026-07-08T18:59:22Z
2026-07-08T18:58:29Z,2026-07-08T20:58:29+0200,e401fd36-f4a8-45e5-ad91-bdd87731a7ba,2026-06-12T10:15:00Z,2026-06-12T12:15:00+0200,4470.57178,MW,FR,FR,forecast_onshore_wind_generation,Wind Onshore,2026-07-08T18:59:22Z
2026-07-08T18:58:29Z,2026-07-08T20:58:29+0200,e401fd36-f4a8-45e5-ad91-bdd87731a7ba,2026-06-12T10:30:00Z,2026-06-12T12:30:00+0200,4460.70215,MW,FR,FR,forecast_onshore_wind_generation,Wind Onshore,2026-07-08T18:59:22Z
2026-07-08T18:58:29Z,2026-07-08T20:58:29+0200,e401fd36-f4a8-45e5-ad91-bdd87731a7ba,2026-06-12T10:45:00Z,2026-06-12T12:45:00+0200,4450.69043,MW,FR,FR,forecast_onshore_wind_generation,Wind Onshore,2026-07-08T18:59:22Z
2026-07-08T18:58:29Z,2026-07-08T20:58:29+0200,e401fd36-f4a8-45e5-ad91-bdd87731a7ba,2026-06-12T11:00:00Z,2026-06-12T13:00:00+0200,4440.74414,MW,FR,FR,forecast_onshore_wind_generation,Wind Onshore,2026-07-08T18:59:22Z
2026-07-08T18:58:29Z,2026-07-08T20:58:29+0200,e401fd36-f4a8-45e5-ad91-bdd87731a7ba,2026-06-12T11:15:00Z,2026-06-12T13:15:00+0200,4462.9502,MW,FR,FR,forecast_onshore_wind_generation,Wind Onshore,2026-07-08T18:59:22Z
2026-07-08T18:58:29Z,2026-07-08T20:58:29+0200,e401fd36-f4a8-45e5-ad91-bdd87731a7ba,2026-06-12T11:30:00Z,2026-06-12T13:30:00+0200,4485.45996,MW,FR,FR,forecast_onshore_wind_generation,Wind Onshore,2026-07-08T18:59:22Z
2026-07-08T18:58:29Z,2026-07-08T20:58:29+0200,e401fd36-f4a8-45e5-ad91-bdd87731a7ba,2026-06-12T11:45:00Z,2026-06-12T13:45:00+0200,4507.90918,MW,FR,FR,forecast_onshore_wind_generation,Wind Onshore,2026-07-08T18:59:22Z
2026-07-08T18:58:29Z,2026-07-08T20:58:29+0200,e401fd36-f4a8-45e5-ad91-bdd87731a7ba,2026-06-12T12:00:00Z,2026-06-12T14:00:00+0200,4530.48193,MW,FR,FR,forecast_onshore_wind_generation,Wind Onshore,2026-07-08T18:59:22Z
2026-07-08T18:58:29Z,2026-07-08T20:58:29+0200,e401fd36-f4a8-45e5-ad91-bdd87731a7ba,2026-06-12T12:15:00Z,2026-06-12T14:15:00+0200,4551.73975,MW,FR,FR,forecast_onshore_wind_generation,Wind Onshore,2026-07-08T18:59:22Z
2026-07-08T18:58:29Z,2026-07-08T20:58:29+0200,e401fd36-f4a8-45e5-ad91-bdd87731a7ba,2026-06-12T12:30:00Z,2026-06-12T14:30:00+0200,4572.93311,MW,FR,FR,forecast_onshore_wind_generation,Wind Onshore,2026-07-08T18:59:22Z
2026-07-08T18:58:29Z,2026-07-08T20:58:29+0200,e401fd36-f4a8-45e5-ad91-bdd87731a7ba,2026-06-12T12:45:00Z,2026-06-12T14:45:00+0200,4594.13965,MW,FR,FR,forecast_onshore_wind_generation,Wind Onshore,2026-07-08T18:59:22Z
2026-07-08T18:58:29Z,2026-07-08T20:58:29+0200,e401fd36-f4a8-45e5-ad91-bdd87731a7ba,2026-06-12T13:00:00Z,2026-06-12T15:00:00+0200,4615.41992,MW,FR,FR,forecast_onshore_wind_generation,Wind Onshore,2026-07-08T18:59:22Z
2026-07-08T18:58:29Z,2026-07-08T20:58:29+0200,e401fd36-f4a8-45e5-ad91-bdd87731a7ba,2026-06-12T13:15:00Z,2026-06-12T15:15:00+0200,4620.09033,MW,FR,FR,forecast_onshore_wind_generation,Wind Onshore,2026-07-08T18:59:22Z
2026-07-08T18:58:29Z,2026-07-08T20:58:29+0200,e401fd36-f4a8-45e5-ad91-bdd87731a7ba,2026-06-12T13:30:00Z,2026-06-12T15:30:00+0200,4624.85986,MW,FR,FR,forecast_onshore_wind_generation,Wind Onshore,2026-07-08T18:59:22Z
2026-07-08T18:58:29Z,2026-07-08T20:58:29+0200,e401fd36-f4a8-45e5-ad91-bdd87731a7ba,2026-06-12T13:45:00Z,2026-06-12T15:45:00+0200,4630.05762,MW,FR,FR,forecast_onshore_wind_generation,Wind Onshore,2026-07-08T18:59:22Z
2026-07-08T18:58:29Z,2026-07-08T20:58:29+0200,e401fd36-f4a8-45e5-ad91-bdd87731a7ba,2026-06-12T14:00:00Z,2026-06-12T16:00:00+0200,4635.35059,MW,FR,FR,forecast_onshore_wind_generation,Wind Onshore,2026-07-08T18:59:22Z
2026-07-08T18:58:29Z,2026-07-08T20:58:29+0200,e401fd36-f4a8-45e5-ad91-bdd87731a7ba,2026-06-12T14:15:00Z,2026-06-12T16:15:00+0200,4591.86816,MW,FR,FR,forecast_onshore_wind_generation,Wind Onshore,2026-07-08T18:59:22Z
2026-07-08T18:58:29Z,2026-07-08T20:58:29+0200,e401fd36-f4a8-45e5-ad91-bdd87731a7ba,2026-06-12T14:30:00Z,2026-06-12T16:30:00+0200,4548.25,MW,FR,FR,forecast_onshore_wind_generation,Wind Onshore,2026-07-08T18:59:22Z
2026-07-08T18:58:29Z,2026-07-08T20:58:29+0200,e401fd36-f4a8-45e5-ad91-bdd87731a7ba,2026-06-12T14:45:00Z,2026-06-12T16:45:00+0200,4505.02051,MW,FR,FR,forecast_onshore_wind_generation,Wind Onshore,2026-07-08T18:59:22Z
2026-07-08T18:58:29Z,2026-07-08T20:58:29+0200,e401fd36-f4a8-45e5-ad91-bdd87731a7ba,2026-06-12T15:00:00Z,2026-06-12T17:00:00+0200,4461.98926,MW,FR,FR,forecast_onshore_wind_generation,Wind Onshore,2026-07-08T18:59:22Z
2026-07-08T18:58:29Z,2026-07-08T20:58:29+0200,e401fd36-f4a8-45e5-ad91-bdd87731a7ba,2026-06-12T15:15:00Z,2026-06-12T17:15:00+0200,4395.79932,MW,FR,FR,forecast_onshore_wind_generation,Wind Onshore,2026-07-08T18:59:22Z
2026-07-08T18:58:29Z,2026-07-08T20:58:29+0200,e401fd36-f4a8-45e5-ad91-bdd87731a7ba,2026-06-12T15:30:00Z,2026-06-12T17:30:00+0200,4329.25098,MW,FR,FR,forecast_onshore_wind_generation,Wind Onshore,2026-07-08T18:59:22Z
2026-07-08T18:58:29Z,2026-07-08T20:58:29+0200,e401fd36-f4a8-45e5-ad91-bdd87731a7ba,2026-06-12T15:45:00Z,2026-06-12T17:45:00+0200,7155.78027,MW,FR,FR,forecast_onshore_wind_generation,Wind Onshore,2026-07-08T18:59:22Z
2026-07-08T18:58:29Z,2026-07-08T20:58:29+0200,e401fd36-f4a8-45e5-ad91-bdd87731a7ba,2026-06-12T16:00:00Z,2026-06-12T18:00:00+0200,7055.70996,MW,FR,FR,forecast_onshore_wind_generation,Wind Onshore,2026-07-08T18:59:22Z
2026-07-08T18:58:29Z,2026-07-08T20:58:29+0200,e401fd36-f4a8-45e5-ad91-bdd87731a7ba,2026-06-12T16:15:00Z,2026-06-12T18:15:00+0200,6854.6001,MW,FR,FR,forecast_onshore_wind_generation,Wind Onshore,2026-07-08T18:59:22Z
2026-07-08T18:58:29Z,2026-07-08T20:58:29+0200,e401fd36-f4a8-45e5-ad91-bdd87731a7ba,2026-06-12T16:30:00Z,2026-06-12T18:30:00+0200,6653.50977,MW,FR,FR,forecast_onshore_wind_generation,Wind Onshore,2026-07-08T18:59:22Z
2026-07-08T18:58:29Z,2026-07-08T20:58:29+0200,e401fd36-f4a8-45e5-ad91-bdd87731a7ba,2026-06-12T16:45:00Z,2026-06-12T18:45:00+0200,6453.0,MW,FR,FR,forecast_onshore_wind_generation,Wind Onshore,2026-07-08T18:59:22Z
2026-07-08T18:58:29Z,2026-07-08T20:58:29+0200,e401fd36-f4a8-45e5-ad91-bdd87731a7ba,2026-06-12T17:00:00Z,2026-06-12T19:00:00+0200,6252.61035,MW,FR,FR,forecast_onshore_wind_generation,Wind Onshore,2026-07-08T18:59:22Z
2026-07-08T18:58:29Z,2026-07-08T20:58:29+0200,e401fd36-f4a8-45e5-ad91-bdd87731a7ba,2026-06-12T17:15:00Z,2026-06-12T19:15:00+0200,6113.08984,MW,FR,FR,forecast_onshore_wind_generation,Wind Onshore,2026-07-08T18:59:22Z
2026-07-08T18:58:29Z,2026-07-08T20:58:29+0200,e401fd36-f4a8-45e5-ad91-bdd87731a7ba,2026-06-12T17:30:00Z,2026-06-12T19:30:00+0200,5973.54004,MW,FR,FR,forecast_onshore_wind_generation,Wind Onshore,2026-07-08T18:59:22Z
2026-07-08T18:58:29Z,2026-07-08T20:58:29+0200,e401fd36-f4a8-45e5-ad91-bdd87731a7ba,2026-06-12T17:45:00Z,2026-06-12T19:45:00+0200,5834.08984,MW,FR,FR,forecast_onshore_wind_generation,Wind Onshore,2026-07-08T18:59:22Z
2026-07-08T18:58:29Z,2026-07-08T20:58:29+0200,e401fd36-f4a8-45e5-ad91-bdd87731a7ba,2026-06-12T18:00:00Z,2026-06-12T20:00:00+0200,5694.64014,MW,FR,FR,forecast_onshore_wind_generation,Wind Onshore,2026-07-08T18:59:22Z
2026-07-08T18:58:29Z,2026-07-08T20:58:29+0200,e401fd36-f4a8-45e5-ad91-bdd87731a7ba,2026-06-12T18:15:00Z,2026-06-12T20:15:00+0200,5701.83008,MW,FR,FR,forecast_onshore_wind_generation,Wind Onshore,2026-07-08T18:59:22Z
2026-07-08T18:58:29Z,2026-07-08T20:58:29+0200,e401fd36-f4a8-45e5-ad91-bdd87731a7ba,2026-06-12T18:30:00Z,2026-06-12T20:30:00+0200,5709.0,MW,FR,FR,forecast_onshore_wind_generation,Wind Onshore,2026-07-08T18:59:22Z
2026-07-08T18:58:29Z,2026-07-08T20:58:29+0200,e401fd36-f4a8-45e5-ad91-bdd87731a7ba,2026-06-12T18:45:00Z,2026-06-12T20:45:00+0200,5716.0498,MW,FR,FR,forecast_onshore_wind_generation,Wind Onshore,2026-07-08T18:59:22Z
2026-07-08T18:58:29Z,2026-07-08T20:58:29+0200,e401fd36-f4a8-45e5-ad91-bdd87731a7ba,2026-06-12T19:00:00Z,2026-06-12T21:00:00+0200,5723.1001,MW,FR,FR,forecast_onshore_wind_generation,Wind Onshore,2026-07-08T18:59:22Z
2026-07-08T18:58:29Z,2026-07-08T20:58:29+0200,e401fd36-f4a8-45e5-ad91-bdd87731a7ba,2026-06-12T19:15:00Z,2026-06-12T21:15:00+0200,5860.25,MW,FR,FR,forecast_onshore_wind_generation,Wind Onshore,2026-07-08T18:59:22Z
2026-07-08T18:58:29Z,2026-07-08T20:58:29+0200,e401fd36-f4a8-45e5-ad91-bdd87731a7ba,2026-06-12T19:30:00Z,2026-06-12T21:30:00+0200,5997.47998,MW,FR,FR,forecast_onshore_wind_generation,Wind Onshore,2026-07-08T18:59:22Z
2026-07-08T18:58:29Z,2026-07-08T20:58:29+0200,e401fd36-f4a8-45e5-ad91-bdd87731a7ba,2026-06-12T19:45:00Z,2026-06-12T21:45:00+0200,6134.69971,MW,FR,FR,forecast_onshore_wind_generation,Wind Onshore,2026-07-08T18:59:22Z
2026-07-08T18:58:29Z,2026-07-08T20:58:29+0200,e401fd36-f4a8-45e5-ad91-bdd87731a7ba,2026-06-12T20:00:00Z,2026-06-12T22:00:00+0200,6271.97998,MW,FR,FR,forecast_onshore_wind_generation,Wind Onshore,2026-07-08T18:59:22Z
2026-07-08T18:58:29Z,2026-07-08T20:58:29+0200,e401fd36-f4a8-45e5-ad91-bdd87731a7ba,2026-06-12T20:15:00Z,2026-06-12T22:15:00+0200,6320.86035,MW,FR,FR,forecast_onshore_wind_generation,Wind Onshore,2026-07-08T18:59:22Z
2026-07-08T18:58:29Z,2026-07-08T20:58:29+0200,e401fd36-f4a8-45e5-ad91-bdd87731a7ba,2026-06-12T20:30:00Z,2026-06-12T22:30:00+0200,6369.75,MW,FR,FR,forecast_onshore_wind_generation,Wind Onshore,2026-07-08T18:59:22Z
2026-07-08T18:58:29Z,2026-07-08T20:58:29+0200,e401fd36-f4a8-45e5-ad91-bdd87731a7ba,2026-06-12T20:45:00Z,2026-06-12T22:45:00+0200,6418.22998,MW,FR,FR,forecast_onshore_wind_generation,Wind Onshore,2026-07-08T18:59:22Z
2026-07-08T18:58:29Z,2026-07-08T20:58:29+0200,e401fd36-f4a8-45e5-ad91-bdd87731a7ba,2026-06-12T21:00:00Z,2026-06-12T23:00:00+0200,6466.70996,MW,FR,FR,forecast_onshore_wind_generation,Wind Onshore,2026-07-08T18:59:22Z
2026-07-08T18:58:29Z,2026-07-08T20:58:29+0200,e401fd36-f4a8-45e5-ad91-bdd87731a7ba,2026-06-12T21:15:00Z,2026-06-12T23:15:00+0200,6455.15967,MW,FR,FR,forecast_onshore_wind_generation,Wind Onshore,2026-07-08T18:59:22Z
2026-07-08T18:58:29Z,2026-07-08T20:58:29+0200,e401fd36-f4a8-45e5-ad91-bdd87731a7ba,2026-06-12T21:30:00Z,2026-06-12T23:30:00+0200,6443.62988,MW,FR,FR,forecast_onshore_wind_generation,Wind Onshore,2026-07-08T18:59:22Z
2026-07-08T18:58:29Z,2026-07-08T20:58:29+0200,e401fd36-f4a8-45e5-ad91-bdd87731a7ba,2026-06-12T21:45:00Z,2026-06-12T23:45:00+0200,6431.72021,MW,FR,FR,forecast_onshore_wind_generation,Wind Onshore,2026-07-08T18:59:22Z
2026-07-08T18:58:29Z,2026-07-08T20:58:29+0200,e401fd36-f4a8-45e5-ad91-bdd87731a7ba,2026-06-12T22:00:00Z,2026-06-13T00:00:00+0200,6871.97021,MW,FR,FR,forecast_onshore_wind_generation,Wind Onshore,2026-07-08T18:59:22Z
2026-07-08T18:58:29Z,2026-07-08T20:58:29+0200,e401fd36-f4a8-45e5-ad91-bdd87731a7ba,2026-06-12T22:15:00Z,2026-06-13T00:15:00+0200,6788.54004,MW,FR,FR,forecast_onshore_wind_generation,Wind Onshore,2026-07-08T18:59:22Z
2026-07-08T18:58:29Z,2026-07-08T20:58:29+0200,e401fd36-f4a8-45e5-ad91-bdd87731a7ba,2026-06-12T22:30:00Z,2026-06-13T00:30:00+0200,6705.29004,MW,FR,FR,forecast_onshore_wind_generation,Wind Onshore,2026-07-08T18:59:22Z
2026-07-08T18:58:29Z,2026-07-08T20:58:29+0200,e401fd36-f4a8-45e5-ad91-bdd87731a7ba,2026-06-12T22:45:00Z,2026-06-13T00:45:00+0200,6620.25977,MW,FR,FR,forecast_onshore_wind_generation,Wind Onshore,2026-07-08T18:59:22Z
2026-07-08T18:58:29Z,2026-07-08T20:58:29+0200,e401fd36-f4a8-45e5-ad91-bdd87731a7ba,2026-06-12T23:00:00Z,2026-06-13T01:00:00+0200,6535.2998,MW,FR,FR,forecast_onshore_wind_generation,Wind Onshore,2026-07-08T18:59:22Z
2026-07-08T18:58:29Z,2026-07-08T20:58:29+0200,e401fd36-f4a8-45e5-ad91-bdd87731a7ba,2026-06-12T23:15:00Z,2026-06-13T01:15:00+0200,6453.27979,MW,FR,FR,forecast_onshore_wind_generation,Wind Onshore,2026-07-08T18:59:22Z
2026-07-08T18:58:29Z,2026-07-08T20:58:29+0200,e401fd36-f4a8-45e5-ad91-bdd87731a7ba,2026-06-12T23:30:00Z,2026-06-13T01:30:00+0200,6371.27979,MW,FR,FR,forecast_onshore_wind_generation,Wind Onshore,2026-07-08T18:59:22Z
2026-07-08T18:58:29Z,2026-07-08T20:58:29+0200,e401fd36-f4a8-45e5-ad91-bdd87731a7ba,2026-06-12T23:45:00Z,2026-06-13T01:45:00+0200,6289.09961,MW,FR,FR,forecast_onshore_wind_generation,Wind Onshore,2026-07-08T18:59:22Z
2026-07-08T18:58:29Z,2026-07-08T20:58:29+0200,e401fd36-f4a8-45e5-ad91-bdd87731a7ba,2026-06-13T00:00:00Z,2026-06-13T02:00:00+0200,6206.9502,MW,FR,FR,forecast_onshore_wind_generation,Wind Onshore,2026-07-08T18:59:22Z
2026-07-08T18:58:29Z,2026-07-08T20:58:29+0200,e401fd36-f4a8-45e5-ad91-bdd87731a7ba,2026-06-13T00:15:00Z,2026-06-13T02:15:00+0200,6108.62988,MW,FR,FR,forecast_onshore_wind_generation,Wind Onshore,2026-07-08T18:59:22Z
2026-07-08T18:58:29Z,2026-07-08T20:58:29+0200,e401fd36-f4a8-45e5-ad91-bdd87731a7ba,2026-06-13T00:30:00Z,2026-06-13T02:30:00+0200,6010.31006,MW,FR,FR,forecast_onshore_wind_generation,Wind Onshore,2026-07-08T18:59:22Z
2026-07-08T18:58:29Z,2026-07-08T20:58:29+0200,e401fd36-f4a8-45e5-ad91-bdd87731a7ba,2026-06-13T00:45:00Z,2026-06-13T02:45:00+0200,5912.01025,MW,FR,FR,forecast_onshore_wind_generation,Wind Onshore,2026-07-08T18:59:22Z
2026-07-08T18:58:29Z,2026-07-08T20:58:29+0200,e401fd36-f4a8-45e5-ad91-bdd87731a7ba,2026-06-13T01:00:00Z,2026-06-13T03:00:00+0200,5813.7002,MW,FR,FR,forecast_onshore_wind_generation,Wind Onshore,2026-07-08T18:59:22Z
2026-07-08T18:58:29Z,2026-07-08T20:58:29+0200,e401fd36-f4a8-45e5-ad91-bdd87731a7ba,2026-06-13T01:15:00Z,2026-06-13T03:15:00+0200,5716.73047,MW,FR,FR,forecast_onshore_wind_generation,Wind Onshore,2026-07-08T18:59:22Z
2026-07-08T18:58:29Z,2026-07-08T20:58:29+0200,e401fd36-f4a8-45e5-ad91-bdd87731a7ba,2026-06-13T01:30:00Z,2026-06-13T03:30:00+0200,5619.78027,MW,FR,FR,forecast_onshore_wind_generation,Wind Onshore,2026-07-08T18:59:22Z
2026-07-08T18:58:29Z,2026-07-08T20:58:29+0200,e401fd36-f4a8-45e5-ad91-bdd87731a7ba,2026-06-13T01:45:00Z,2026-06-13T03:45:00+0200,5522.43018,MW,FR,FR,forecast_onshore_wind_generation,Wind Onshore,2026-07-08T18:59:22Z
2026-07-08T18:58:29Z,2026-07-08T20:58:29+0200,e401fd36-f4a8-45e5-ad91-bdd87731a7ba,2026-06-13T02:00:00Z,2026-06-13T04:00:00+0200,5425.08984,MW,FR,FR,forecast_onshore_wind_generation,Wind Onshore,2026-07-08T18:59:22Z
2026-07-08T18:58:29Z,2026-07-08T20:58:29+0200,e401fd36-f4a8-45e5-ad91-bdd87731a7ba,2026-06-13T02:15:00Z,2026-06-13T04:15:00+0200,5268.87012,MW,FR,FR,forecast_onshore_wind_generation,Wind Onshore,2026-07-08T18:59:22Z
2026-07-08T18:58:29Z,2026-07-08T20:58:29+0200,e401fd36-f4a8-45e5-ad91-bdd87731a7ba,2026-06-13T02:30:00Z,2026-06-13T04:30:00+0200,5112.68018,MW,FR,FR,forecast_onshore_wind_generation,Wind Onshore,2026-07-08T18:59:22Z
2026-07-08T18:58:29Z,2026-07-08T20:58:29+0200,e401fd36-f4a8-45e5-ad91-bdd87731a7ba,2026-06-13T02:45:00Z,2026-06-13T04:45:00+0200,4956.38965,MW,FR,FR,forecast_onshore_wind_generation,Wind Onshore,2026-07-08T18:59:22Z
2026-07-08T18:58:29Z,2026-07-08T20:58:29+0200,e401fd36-f4a8-45e5-ad91-bdd87731a7ba,2026-06-13T03:00:00Z,2026-06-13T05:00:00+0200,4800.12012,MW,FR,FR,forecast_onshore_wind_generation,Wind Onshore,2026-07-08T18:59:22Z
2026-07-08T18:58:29Z,2026-07-08T20:58:29+0200,e401fd36-f4a8-45e5-ad91-bdd87731a7ba,2026-06-13T03:15:00Z,2026-06-13T05:15:00+0200,4665.75,MW,FR,FR,forecast_onshore_wind_generation,Wind Onshore,2026-07-08T18:59:22Z
2026-07-08T18:58:29Z,2026-07-08T20:58:29+0200,e401fd36-f4a8-45e5-ad91-bdd87731a7ba,2026-06-13T03:30:00Z,2026-06-13T05:30:00+0200,4531.37012,MW,FR,FR,forecast_onshore_wind_generation,Wind Onshore,2026-07-08T18:59:22Z
2026-07-08T18:58:29Z,2026-07-08T20:58:29+0200,e401fd36-f4a8-45e5-ad91-bdd87731a7ba,2026-06-13T03:45:00Z,2026-06-13T05:45:00+0200,4396.87012,MW,FR,FR,forecast_onshore_wind_generation,Wind Onshore,2026-07-08T18:59:22Z
2026-07-08T18:58:29Z,2026-07-08T20:58:29+0200,e401fd36-f4a8-45e5-ad91-bdd87731a7ba,2026-06-13T04:00:00Z,2026-06-13T06:00:00+0200,4262.45996,MW,FR,FR,forecast_onshore_wind_generation,Wind Onshore,2026-07-08T18:59:22Z
2026-07-08T18:58:29Z,2026-07-08T20:58:29+0200,e401fd36-f4a8-45e5-ad91-bdd87731a7ba,2026-06-13T04:15:00Z,2026-06-13T06:15:00+0200,4196.43994,MW,FR,FR,forecast_onshore_wind_generation,Wind Onshore,2026-07-08T18:59:22Z
2026-07-08T18:58:29Z,2026-07-08T20:58:29+0200,e401fd36-f4a8-45e5-ad91-bdd87731a7ba,2026-06-13T04:30:00Z,2026-06-13T06:30:00+0200,4130.43994,MW,FR,FR,forecast_onshore_wind_generation,Wind Onshore,2026-07-08T18:59:22Z
2026-07-08T18:58:29Z,2026-07-08T20:58:29+0200,e401fd36-f4a8-45e5-ad91-bdd87731a7ba,2026-06-13T04:45:00Z,2026-06-13T06:45:00+0200,4064.02979,MW,FR,FR,forecast_onshore_wind_generation,Wind Onshore,2026-07-08T18:59:22Z
2026-07-08T18:58:29Z,2026-07-08T20:58:29+0200,e401fd36-f4a8-45e5-ad91-bdd87731a7ba,2026-06-13T05:00:00Z,2026-06-13T07:00:00+0200,3997.75977,MW,FR,FR,forecast_onshore_wind_generation,Wind Onshore,2026-07-08T18:59:22Z
2026-07-08T18:58:29Z,2026-07-08T20:58:29+0200,e401fd36-f4a8-45e5-ad91-bdd87731a7ba,2026-06-13T05:15:00Z,2026-06-13T07:15:00+0200,3865.72021,MW,FR,FR,forecast_onshore_wind_generation,Wind Onshore,2026-07-08T18:59:22Z
2026-07-08T18:58:29Z,2026-07-08T20:58:29+0200,e401fd36-f4a8-45e5-ad91-bdd87731a7ba,2026-06-13T05:30:00Z,2026-06-13T07:30:00+0200,3734.05005,MW,FR,FR,forecast_onshore_wind_generation,Wind Onshore,2026-07-08T18:59:22Z
2026-07-08T18:58:29Z,2026-07-08T20:58:29+0200,e401fd36-f4a8-45e5-ad91-bdd87731a7ba,2026-06-13T05:45:00Z,2026-06-13T07:45:00+0200,3602.04004,MW,FR,FR,forecast_onshore_wind_generation,Wind Onshore,2026-07-08T18:59:22Z
2026-07-08T18:58:29Z,2026-07-08T20:58:29+0200,e401fd36-f4a8-45e5-ad91-bdd87731a7ba,2026-06-13T06:00:00Z,2026-06-13T08:00:00+0200,3470.34009,MW,FR,FR,forecast_onshore_wind_generation,Wind Onshore,2026-07-08T18:59:22Z
2026-07-08T18:58:29Z,2026-07-08T20:58:29+0200,e401fd36-f4a8-45e5-ad91-bdd87731a7ba,2026-06-13T06:15:00Z,2026-06-13T08:15:00+0200,3389.42163,MW,FR,FR,forecast_onshore_wind_generation,Wind Onshore,2026-07-08T18:59:22Z
2026-07-08T18:58:29Z,2026-07-08T20:58:29+0200,e401fd36-f4a8-45e5-ad91-bdd87731a7ba,2026-06-13T06:30:00Z,2026-06-13T08:30:00+0200,1961.67896,MW,FR,FR,forecast_onshore_wind_generation,Wind Onshore,2026-07-08T18:59:22Z
2026-07-08T18:58:29Z,2026-07-08T20:58:29+0200,e401fd36-f4a8-45e5-ad91-bdd87731a7ba,2026-06-13T06:45:00Z,2026-06-13T08:45:00+0200,1907.26099,MW,FR,FR,forecast_onshore_wind_generation,Wind Onshore,2026-07-08T18:59:22Z
2026-07-08T18:58:29Z,2026-07-08T20:58:29+0200,e401fd36-f4a8-45e5-ad91-bdd87731a7ba,2026-06-13T07:00:00Z,2026-06-13T09:00:00+0200,1853.01172,MW,FR,FR,forecast_onshore_wind_generation,Wind Onshore,2026-07-08T18:59:22Z
2026-07-08T18:58:29Z,2026-07-08T20:58:29+0200,e401fd36-f4a8-45e5-ad91-bdd87731a7ba,2026-06-13T07:15:00Z,2026-06-13T09:15:00+0200,943.43024,MW,FR,FR,forecast_onshore_wind_generation,Wind Onshore,2026-07-08T18:59:22Z
2026-07-08T18:58:29Z,2026-07-08T20:58:29+0200,e401fd36-f4a8-45e5-ad91-bdd87731a7ba,2026-06-13T07:30:00Z,2026-06-13T09:30:00+0200,952.86938,MW,FR,FR,forecast_onshore_wind_generation,Wind Onshore,2026-07-08T18:59:22Z
2026-07-08T18:58:29Z,2026-07-08T20:58:29+0200,e401fd36-f4a8-45e5-ad91-bdd87731a7ba,2026-06-13T07:45:00Z,2026-06-13T09:45:00+0200,962.37036,MW,FR,FR,forecast_onshore_wind_generation,Wind Onshore,2026-07-08T18:59:22Z
2026-07-08T18:58:29Z,2026-07-08T20:58:29+0200,e401fd36-f4a8-45e5-ad91-bdd87731a7ba,2026-06-13T08:00:00Z,2026-06-13T10:00:00+0200,972.04041,MW,FR,FR,forecast_onshore_wind_generation,Wind Onshore,2026-07-08T18:59:22Z
2026-07-08T18:58:29Z,2026-07-08T20:58:29+0200,e401fd36-f4a8-45e5-ad91-bdd87731a7ba,2026-06-13T08:15:00Z,2026-06-13T10:15:00+0200,963.00989,MW,FR,FR,forecast_onshore_wind_generation,Wind Onshore,2026-07-08T18:59:22Z
2026-07-08T18:58:29Z,2026-07-08T20:58:29+0200,e401fd36-f4a8-45e5-ad91-bdd87731a7ba,2026-06-13T08:30:00Z,2026-06-13T10:30:00+0200,953.83051,MW,FR,FR,forecast_onshore_wind_generation,Wind Onshore,2026-07-08T18:59:22Z
2026-07-08T18:58:29Z,2026-07-08T20:58:29+0200,e401fd36-f4a8-45e5-ad91-bdd87731a7ba,2026-06-13T08:45:00Z,2026-06-13T10:45:00+0200,944.64014,MW,FR,FR,forecast_onshore_wind_generation,Wind Onshore,2026-07-08T18:59:22Z
2026-07-08T18:58:29Z,2026-07-08T20:58:29+0200,e401fd36-f4a8-45e5-ad91-bdd87731a7ba,2026-06-13T09:00:00Z,2026-06-13T11:00:00+0200,935.61041,MW,FR,FR,forecast_onshore_wind_generation,Wind Onshore,2026-07-08T18:59:22Z
2026-07-08T18:58:29Z,2026-07-08T20:58:29+0200,e401fd36-f4a8-45e5-ad91-bdd87731a7ba,2026-06-13T09:15:00Z,2026-06-13T11:15:00+0200,914.82983,MW,FR,FR,forecast_onshore_wind_generation,Wind Onshore,2026-07-08T18:59:22Z
2026-07-08T18:58:29Z,2026-07-08T20:58:29+0200,e401fd36-f4a8-45e5-ad91-bdd87731a7ba,2026-06-13T09:30:00Z,2026-06-13T11:30:00+0200,894.00055,MW,FR,FR,forecast_onshore_wind_generation,Wind Onshore,2026-07-08T18:59:22Z
2026-07-08T18:58:29Z,2026-07-08T20:58:29+0200,e401fd36-f4a8-45e5-ad91-bdd87731a7ba,2026-06-13T09:45:00Z,2026-06-13T11:45:00+0200,873.25006,MW,FR,FR,forecast_onshore_wind_generation,Wind Onshore,2026-07-08T18:59:22Z
2026-07-08T18:58:29Z,2026-07-08T20:58:29+0200,e401fd36-f4a8-45e5-ad91-bdd87731a7ba,2026-06-13T10:00:00Z,2026-06-13T12:00:00+0200,852.77063,MW,FR,FR,forecast_onshore_wind_generation,Wind Onshore,2026-07-08T18:59:22Z
2026-07-08T18:58:29Z,2026-07-08T20:58:29+0200,e401fd36-f4a8-45e5-ad91-bdd87731a7ba,2026-06-13T10:15:00Z,2026-06-13T12:15:00+0200,839.46008,MW,FR,FR,forecast_onshore_wind_generation,Wind Onshore,2026-07-08T18:59:22Z
2026-07-08T18:58:29Z,2026-07-08T20:58:29+0200,e401fd36-f4a8-45e5-ad91-bdd87731a7ba,2026-06-13T10:30:00Z,2026-06-13T12:30:00+0200,826.18988,MW,FR,FR,forecast_onshore_wind_generation,Wind Onshore,2026-07-08T18:59:22Z
2026-07-08T18:58:29Z,2026-07-08T20:58:29+0200,e401fd36-f4a8-45e5-ad91-bdd87731a7ba,2026-06-13T10:45:00Z,2026-06-13T12:45:00+0200,813.28979,MW,FR,FR,forecast_onshore_wind_generation,Wind Onshore,2026-07-08T18:59:22Z
2026-07-08T18:58:29Z,2026-07-08T20:58:29+0200,e401fd36-f4a8-45e5-ad91-bdd87731a7ba,2026-06-13T11:00:00Z,2026-06-13T13:00:00+0200,800.46985,MW,FR,FR,forecast_onshore_wind_generation,Wind Onshore,2026-07-08T18:59:22Z
2026-07-08T18:58:29Z,2026-07-08T20:58:29+0200,e401fd36-f4a8-45e5-ad91-bdd87731a7ba,2026-06-13T11:15:00Z,2026-06-13T13:15:00+0200,807.23969,MW,FR,FR,forecast_onshore_wind_generation,Wind Onshore,2026-07-08T18:59:22Z
2026-07-08T18:58:29Z,2026-07-08T20:58:29+0200,e401fd36-f4a8-45e5-ad91-bdd87731a7ba,2026-06-13T11:30:00Z,2026-06-13T13:30:00+0200,814.23016,MW,FR,FR,forecast_onshore_wind_generation,Wind Onshore,2026-07-08T18:59:22Z
2026-07-08T18:58:29Z,2026-07-08T20:58:29+0200,e401fd36-f4a8-45e5-ad91-bdd87731a7ba,2026-06-13T11:45:00Z,2026-06-13T13:45:00+0200,821.01959,MW,FR,FR,forecast_onshore_wind_generation,Wind Onshore,2026-07-08T18:59:22Z
2026-07-08T18:58:29Z,2026-07-08T20:58:29+0200,e401fd36-f4a8-45e5-ad91-bdd87731a7ba,2026-06-13T12:00:00Z,2026-06-13T14:00:00+0200,828.0296,MW,FR,FR,forecast_onshore_wind_generation,Wind Onshore,2026-07-08T18:59:22Z
2026-07-08T18:58:29Z,2026-07-08T20:58:29+0200,e401fd36-f4a8-45e5-ad91-bdd87731a7ba,2026-06-13T12:15:00Z,2026-06-13T14:15:00+0200,844.01007,MW,FR,FR,forecast_onshore_wind_generation,Wind Onshore,2026-07-08T18:59:22Z
2026-07-08T18:58:29Z,2026-07-08T20:58:29+0200,e401fd36-f4a8-45e5-ad91-bdd87731a7ba,2026-06-13T12:30:00Z,2026-06-13T14:30:00+0200,860.09064,MW,FR,FR,forecast_onshore_wind_generation,Wind Onshore,2026-07-08T18:59:22Z
2026-07-08T18:58:29Z,2026-07-08T20:58:29+0200,e401fd36-f4a8-45e5-ad91-bdd87731a7ba,2026-06-13T12:45:00Z,2026-06-13T14:45:00+0200,876.27039,MW,FR,FR,forecast_onshore_wind_generation,Wind Onshore,2026-07-08T18:59:22Z
2026-07-08T18:58:29Z,2026-07-08T20:58:29+0200,e401fd36-f4a8-45e5-ad91-bdd87731a7ba,2026-06-13T13:00:00Z,2026-06-13T15:00:00+0200,892.70032,MW,FR,FR,forecast_onshore_wind_generation,Wind Onshore,2026-07-08T18:59:22Z
2026-07-08T18:58:29Z,2026-07-08T20:58:29+0200,e401fd36-f4a8-45e5-ad91-bdd87731a7ba,2026-06-13T13:15:00Z,2026-06-13T15:15:00+0200,904.2998,MW,FR,FR,forecast_onshore_wind_generation,Wind Onshore,2026-07-08T18:59:22Z
2026-07-08T18:58:29Z,2026-07-08T20:58:29+0200,e401fd36-f4a8-45e5-ad91-bdd87731a7ba,2026-06-13T13:30:00Z,2026-06-13T15:30:00+0200,915.97961,MW,FR,FR,forecast_onshore_wind_generation,Wind Onshore,2026-07-08T18:59:22Z
2026-07-08T18:58:29Z,2026-07-08T20:58:29+0200,e401fd36-f4a8-45e5-ad91-bdd87731a7ba,2026-06-13T13:45:00Z,2026-06-13T15:45:00+0200,928.02985,MW,FR,FR,forecast_onshore_wind_generation,Wind Onshore,2026-07-08T18:59:22Z
2026-07-08T18:58:29Z,2026-07-08T20:58:29+0200,e401fd36-f4a8-45e5-ad91-bdd87731a7ba,2026-06-13T14:00:00Z,2026-06-13T16:00:00+0200,939.9303,MW,FR,FR,forecast_onshore_wind_generation,Wind Onshore,2026-07-08T18:59:22Z
2026-07-08T18:58:29Z,2026-07-08T20:58:29+0200,e401fd36-f4a8-45e5-ad91-bdd87731a7ba,2026-06-13T14:15:00Z,2026-06-13T16:15:00+0200,935.69965,MW,FR,FR,forecast_onshore_wind_generation,Wind Onshore,2026-07-08T18:59:22Z
2026-07-08T18:58:29Z,2026-07-08T20:58:29+0200,e401fd36-f4a8-45e5-ad91-bdd87731a7ba,2026-06-13T14:30:00Z,2026-06-13T16:30:00+0200,931.36011,MW,FR,FR,forecast_onshore_wind_generation,Wind Onshore,2026-07-08T18:59:22Z
2026-07-08T18:58:29Z,2026-07-08T20:58:29+0200,e401fd36-f4a8-45e5-ad91-bdd87731a7ba,2026-06-13T14:45:00Z,2026-06-13T16:45:00+0200,927.12964,MW,FR,FR,forecast_onshore_wind_generation,Wind Onshore,2026-07-08T18:59:22Z
2026-07-08T18:58:29Z,2026-07-08T20:58:29+0200,e401fd36-f4a8-45e5-ad91-bdd87731a7ba,2026-06-13T15:00:00Z,2026-06-13T17:00:00+0200,923.10034,MW,FR,FR,forecast_onshore_wind_generation,Wind Onshore,2026-07-08T18:59:22Z
2026-07-08T18:58:29Z,2026-07-08T20:58:29+0200,e401fd36-f4a8-45e5-ad91-bdd87731a7ba,2026-06-13T15:15:00Z,2026-06-13T17:15:00+0200,924.5802,MW,FR,FR,forecast_onshore_wind_generation,Wind Onshore,2026-07-08T18:59:22Z
2026-07-08T18:58:29Z,2026-07-08T20:58:29+0200,e401fd36-f4a8-45e5-ad91-bdd87731a7ba,2026-06-13T15:30:00Z,2026-06-13T17:30:00+0200,926.40997,MW,FR,FR,forecast_onshore_wind_generation,Wind Onshore,2026-07-08T18:59:22Z
2026-07-08T18:58:29Z,2026-07-08T20:58:29+0200,e401fd36-f4a8-45e5-ad91-bdd87731a7ba,2026-06-13T15:45:00Z,2026-06-13T17:45:00+0200,928.58081,MW,FR,FR,forecast_onshore_wind_generation,Wind Onshore,2026-07-08T18:59:22Z
2026-07-08T18:58:29Z,2026-07-08T20:58:29+0200,e401fd36-f4a8-45e5-ad91-bdd87731a7ba,2026-06-13T16:00:00Z,2026-06-13T18:00:00+0200,931.11975,MW,FR,FR,forecast_onshore_wind_generation,Wind Onshore,2026-07-08T18:59:22Z
2026-07-08T18:58:29Z,2026-07-08T20:58:29+0200,e401fd36-f4a8-45e5-ad91-bdd87731a7ba,2026-06-13T16:15:00Z,2026-06-13T18:15:00+0200,1745.02039,MW,FR,FR,forecast_onshore_wind_generation,Wind Onshore,2026-07-08T18:59:22Z
2026-07-08T18:58:29Z,2026-07-08T20:58:29+0200,e401fd36-f4a8-45e5-ad91-bdd87731a7ba,2026-06-13T16:30:00Z,2026-06-13T18:30:00+0200,2973.0896,MW,FR,FR,forecast_onshore_wind_generation,Wind Onshore,2026-07-08T18:59:22Z
2026-07-08T18:58:29Z,2026-07-08T20:58:29+0200,e401fd36-f4a8-45e5-ad91-bdd87731a7ba,2026-06-13T16:45:00Z,2026-06-13T18:45:00+0200,2960.80981,MW,FR,FR,forecast_onshore_wind_generation,Wind Onshore,2026-07-08T18:59:22Z
2026-07-08T18:58:29Z,2026-07-08T20:58:29+0200,e401fd36-f4a8-45e5-ad91-bdd87731a7ba,2026-06-13T17:00:00Z,2026-06-13T19:00:00+0200,2948.56006,MW,FR,FR,forecast_onshore_wind_generation,Wind Onshore,2026-07-08T18:59:22Z
2026-07-08T18:58:29Z,2026-07-08T20:58:29+0200,e401fd36-f4a8-45e5-ad91-bdd87731a7ba,2026-06-13T17:15:00Z,2026-06-13T19:15:00+0200,2927.59985,MW,FR,FR,forecast_onshore_wind_generation,Wind Onshore,2026-07-08T18:59:22Z
2026-07-08T18:58:29Z,2026-07-08T20:58:29+0200,e401fd36-f4a8-45e5-ad91-bdd87731a7ba,2026-06-13T17:30:00Z,2026-06-13T19:30:00+0200,2906.82007,MW,FR,FR,forecast_onshore_wind_generation,Wind Onshore,2026-07-08T18:59:22Z
2026-07-08T18:58:29Z,2026-07-08T20:58:29+0200,e401fd36-f4a8-45e5-ad91-bdd87731a7ba,2026-06-13T17:45:00Z,2026-06-13T19:45:00+0200,2886.27002,MW,FR,FR,forecast_onshore_wind_generation,Wind Onshore,2026-07-08T18:59:22Z
2026-07-08T18:58:29Z,2026-07-08T20:58:29+0200,e401fd36-f4a8-45e5-ad91-bdd87731a7ba,2026-06-13T18:00:00Z,2026-06-13T20:00:00+0200,2865.76001,MW,FR,FR,forecast_onshore_wind_generation,Wind Onshore,2026-07-08T18:59:22Z
2026-07-08T18:58:29Z,2026-07-08T20:58:29+0200,e401fd36-f4a8-45e5-ad91-bdd87731a7ba,2026-06-13T18:15:00Z,2026-06-13T20:15:00+0200,2972.31006,MW,FR,FR,forecast_onshore_wind_generation,Wind Onshore,2026-07-08T18:59:22Z
2026-07-08T18:58:29Z,2026-07-08T20:58:29+0200,e401fd36-f4a8-45e5-ad91-bdd87731a7ba,2026-06-13T18:30:00Z,2026-06-13T20:30:00+0200,3078.95996,MW,FR,FR,forecast_onshore_wind_generation,Wind Onshore,2026-07-08T18:59:22Z
2026-07-08T18:58:29Z,2026-07-08T20:58:29+0200,e401fd36-f4a8-45e5-ad91-bdd87731a7ba,2026-06-13T18:45:00Z,2026-06-13T20:45:00+0200,3185.59985,MW,FR,FR,forecast_onshore_wind_generation,Wind Onshore,2026-07-08T18:59:22Z
2026-07-08T18:58:29Z,2026-07-08T20:58:29+0200,e401fd36-f4a8-45e5-ad91-bdd87731a7ba,2026-06-13T19:00:00Z,2026-06-13T21:00:00+0200,3292.22998,MW,FR,FR,forecast_onshore_wind_generation,Wind Onshore,2026-07-08T18:59:22Z
2026-07-08T18:58:29Z,2026-07-08T20:58:29+0200,e401fd36-f4a8-45e5-ad91-bdd87731a7ba,2026-06-13T19:15:00Z,2026-06-13T21:15:00+0200,3455.8999,MW,FR,FR,forecast_onshore_wind_generation,Wind Onshore,2026-07-08T18:59:22Z
2026-07-08T18:58:29Z,2026-07-08T20:58:29+0200,e401fd36-f4a8-45e5-ad91-bdd87731a7ba,2026-06-13T19:30:00Z,2026-06-13T21:30:00+0200,3619.75,MW,FR,FR,forecast_onshore_wind_generation,Wind Onshore,2026-07-08T18:59:22Z
2026-07-08T18:58:29Z,2026-07-08T20:58:29+0200,e401fd36-f4a8-45e5-ad91-bdd87731a7ba,2026-06-13T19:45:00Z,2026-06-13T21:45:00+0200,3783.60986,MW,FR,FR,forecast_onshore_wind_generation,Wind Onshore,2026-07-08T18:59:22Z
2026-07-08T18:58:29Z,2026-07-08T20:58:29+0200,e401fd36-f4a8-45e5-ad91-bdd87731a7ba,2026-06-13T20:00:00Z,2026-06-13T22:00:00+0200,3947.87012,MW,FR,FR,forecast_onshore_wind_generation,Wind Onshore,2026-07-08T18:59:22Z
2026-07-08T18:58:29Z,2026-07-08T20:58:29+0200,e401fd36-f4a8-45e5-ad91-bdd87731a7ba,2026-06-13T20:15:00Z,2026-06-13T22:15:00+0200,4046.15967,MW,FR,FR,forecast_onshore_wind_generation,Wind Onshore,2026-07-08T18:59:22Z
2026-07-08T18:58:29Z,2026-07-08T20:58:29+0200,e401fd36-f4a8-45e5-ad91-bdd87731a7ba,2026-06-13T20:30:00Z,2026-06-13T22:30:00+0200,4144.56006,MW,FR,FR,forecast_onshore_wind_generation,Wind Onshore,2026-07-08T18:59:22Z
2026-07-08T18:58:29Z,2026-07-08T20:58:29+0200,e401fd36-f4a8-45e5-ad91-bdd87731a7ba,2026-06-13T20:45:00Z,2026-06-13T22:45:00+0200,4242.32031,MW,FR,FR,forecast_onshore_wind_generation,Wind Onshore,2026-07-08T18:59:22Z
2026-07-08T18:58:29Z,2026-07-08T20:58:29+0200,e401fd36-f4a8-45e5-ad91-bdd87731a7ba,2026-06-13T21:00:00Z,2026-06-13T23:00:00+0200,4340.37988,MW,FR,FR,forecast_onshore_wind_generation,Wind Onshore,2026-07-08T18:59:22Z
2026-07-08T18:58:29Z,2026-07-08T20:58:29+0200,e401fd36-f4a8-45e5-ad91-bdd87731a7ba,2026-06-13T21:15:00Z,2026-06-13T23:15:00+0200,4356.34961,MW,FR,FR,forecast_onshore_wind_generation,Wind Onshore,2026-07-08T18:59:22Z
2026-07-08T18:58:29Z,2026-07-08T20:58:29+0200,e401fd36-f4a8-45e5-ad91-bdd87731a7ba,2026-06-13T21:30:00Z,2026-06-13T23:30:00+0200,4372.85986,MW,FR,FR,forecast_onshore_wind_generation,Wind Onshore,2026-07-08T18:59:22Z
2026-07-08T18:58:29Z,2026-07-08T20:58:29+0200,e401fd36-f4a8-45e5-ad91-bdd87731a7ba,2026-06-13T21:45:00Z,2026-06-13T23:45:00+0200,4389.38965,MW,FR,FR,forecast_onshore_wind_generation,Wind Onshore,2026-07-08T18:59:22Z
2026-07-08T18:58:29Z,2026-07-08T20:58:29+0200,e401fd36-f4a8-45e5-ad91-bdd87731a7ba,2026-06-13T22:00:00Z,2026-06-14T00:00:00+0200,4262.98975,MW,FR,FR,forecast_onshore_wind_generation,Wind Onshore,2026-07-08T18:59:22Z
2026-07-08T18:58:29Z,2026-07-08T20:58:29+0200,e401fd36-f4a8-45e5-ad91-bdd87731a7ba,2026-06-13T22:15:00Z,2026-06-14T00:15:00+0200,4228.54004,MW,FR,FR,forecast_onshore_wind_generation,Wind Onshore,2026-07-08T18:59:22Z
2026-07-08T18:58:29Z,2026-07-08T20:58:29+0200,e401fd36-f4a8-45e5-ad91-bdd87731a7ba,2026-06-13T22:30:00Z,2026-06-14T00:30:00+0200,4194.08008,MW,FR,FR,forecast_onshore_wind_generation,Wind Onshore,2026-07-08T18:59:22Z
2026-07-08T18:58:29Z,2026-07-08T20:58:29+0200,e401fd36-f4a8-45e5-ad91-bdd87731a7ba,2026-06-13T22:45:00Z,2026-06-14T00:45:00+0200,4159.64014,MW,FR,FR,forecast_onshore_wind_generation,Wind Onshore,2026-07-08T18:59:22Z
2026-07-08T18:58:29Z,2026-07-08T20:58:29+0200,e401fd36-f4a8-45e5-ad91-bdd87731a7ba,2026-06-13T23:00:00Z,2026-06-14T01:00:00+0200,4125.18994,MW,FR,FR,forecast_onshore_wind_generation,Wind Onshore,2026-07-08T18:59:22Z
2026-07-08T18:58:29Z,2026-07-08T20:58:29+0200,e401fd36-f4a8-45e5-ad91-bdd87731a7ba,2026-06-13T23:15:00Z,2026-06-14T01:15:00+0200,4085.27002,MW,FR,FR,forecast_onshore_wind_generation,Wind Onshore,2026-07-08T18:59:22Z
2026-07-08T18:58:29Z,2026-07-08T20:58:29+0200,e401fd36-f4a8-45e5-ad91-bdd87731a7ba,2026-06-13T23:30:00Z,2026-06-14T01:30:00+0200,4045.34009,MW,FR,FR,forecast_onshore_wind_generation,Wind Onshore,2026-07-08T18:59:22Z
2026-07-08T18:58:29Z,2026-07-08T20:58:29+0200,e401fd36-f4a8-45e5-ad91-bdd87731a7ba,2026-06-13T23:45:00Z,2026-06-14T01:45:00+0200,4005.47021,MW,FR,FR,forecast_onshore_wind_generation,Wind Onshore,2026-07-08T18:59:22Z
2026-07-08T18:58:29Z,2026-07-08T20:58:29+0200,e401fd36-f4a8-45e5-ad91-bdd87731a7ba,2026-06-14T00:00:00Z,2026-06-14T02:00:00+0200,3965.56006,MW,FR,FR,forecast_onshore_wind_generation,Wind Onshore,2026-07-08T18:59:22Z
2026-07-08T18:58:29Z,2026-07-08T20:58:29+0200,e401fd36-f4a8-45e5-ad91-bdd87731a7ba,2026-06-14T00:15:00Z,2026-06-14T02:15:00+0200,3904.93018,MW,FR,FR,forecast_onshore_wind_generation,Wind Onshore,2026-07-08T18:59:22Z
2026-07-08T18:58:29Z,2026-07-08T20:58:29+0200,e401fd36-f4a8-45e5-ad91-bdd87731a7ba,2026-06-14T00:30:00Z,2026-06-14T02:30:00+0200,3844.32983,MW,FR,FR,forecast_onshore_wind_generation,Wind Onshore,2026-07-08T18:59:22Z
2026-07-08T18:58:29Z,2026-07-08T20:58:29+0200,e401fd36-f4a8-45e5-ad91-bdd87731a7ba,2026-06-14T00:45:00Z,2026-06-14T02:45:00+0200,3783.71021,MW,FR,FR,forecast_onshore_wind_generation,Wind Onshore,2026-07-08T18:59:22Z
2026-07-08T18:58:29Z,2026-07-08T20:58:29+0200,e401fd36-f4a8-45e5-ad91-bdd87731a7ba,2026-06-14T01:00:00Z,2026-06-14T03:00:00+0200,3723.08984,MW,FR,FR,forecast_onshore_wind_generation,Wind Onshore,2026-07-08T18:59:22Z
2026-07-08T18:58:29Z,2026-07-08T20:58:29+0200,e401fd36-f4a8-45e5-ad91-bdd87731a7ba,2026-06-14T01:15:00Z,2026-06-14T03:15:00+0200,3651.05981,MW,FR,FR,forecast_onshore_wind_generation,Wind Onshore,2026-07-08T18:59:22Z
2026-07-08T18:58:29Z,2026-07-08T20:58:29+0200,e401fd36-f4a8-45e5-ad91-bdd87731a7ba,2026-06-14T01:30:00Z,2026-06-14T03:30:00+0200,3579.03979,MW,FR,FR,forecast_onshore_wind_generation,Wind Onshore,2026-07-08T18:59:22Z
2026-07-08T18:58:29Z,2026-07-08T20:58:29+0200,e401fd36-f4a8-45e5-ad91-bdd87731a7ba,2026-06-14T01:45:00Z,2026-06-14T03:45:00+0200,3507.43018,MW,FR,FR,forecast_onshore_wind_generation,Wind Onshore,2026-07-08T18:59:22Z
2026-07-08T18:58:29Z,2026-07-08T20:58:29+0200,e401fd36-f4a8-45e5-ad91-bdd87731a7ba,2026-06-14T02:00:00Z,2026-06-14T04:00:00+0200,3436.25,MW,FR,FR,forecast_onshore_wind_generation,Wind Onshore,2026-07-08T18:59:22Z
2026-07-08T18:58:29Z,2026-07-08T20:58:29+0200,e401fd36-f4a8-45e5-ad91-bdd87731a7ba,2026-06-14T02:15:00Z,2026-06-14T04:15:00+0200,3365.04004,MW,FR,FR,forecast_onshore_wind_generation,Wind Onshore,2026-07-08T18:59:22Z
2026-07-08T18:58:29Z,2026-07-08T20:58:29+0200,e401fd36-f4a8-45e5-ad91-bdd87731a7ba,2026-06-14T02:30:00Z,2026-06-14T04:30:00+0200,3293.82007,MW,FR,FR,forecast_onshore_wind_generation,Wind Onshore,2026-07-08T18:59:22Z
2026-07-08T18:58:29Z,2026-07-08T20:58:29+0200,e401fd36-f4a8-45e5-ad91-bdd87731a7ba,2026-06-14T02:45:00Z,2026-06-14T04:45:00+0200,3222.75,MW,FR,FR,forecast_onshore_wind_generation,Wind Onshore,2026-07-08T18:59:22Z
2026-07-08T18:58:29Z,2026-07-08T20:58:29+0200,e401fd36-f4a8-45e5-ad91-bdd87731a7ba,2026-06-14T03:00:00Z,2026-06-14T05:00:00+0200,3151.79004,MW,FR,FR,forecast_onshore_wind_generation,Wind Onshore,2026-07-08T18:59:22Z
2026-07-08T18:58:29Z,2026-07-08T20:58:29+0200,e401fd36-f4a8-45e5-ad91-bdd87731a7ba,2026-06-14T03:15:00Z,2026-06-14T05:15:00+0200,3111.79004,MW,FR,FR,forecast_onshore_wind_generation,Wind Onshore,2026-07-08T18:59:22Z
2026-07-08T18:58:29Z,2026-07-08T20:58:29+0200,e401fd36-f4a8-45e5-ad91-bdd87731a7ba,2026-06-14T03:30:00Z,2026-06-14T05:30:00+0200,3071.83008,MW,FR,FR,forecast_onshore_wind_generation,Wind Onshore,2026-07-08T18:59:22Z
2026-07-08T18:58:29Z,2026-07-08T20:58:29+0200,e401fd36-f4a8-45e5-ad91-bdd87731a7ba,2026-06-14T03:45:00Z,2026-06-14T05:45:00+0200,3031.8501,MW,FR,FR,forecast_onshore_wind_generation,Wind Onshore,2026-07-08T18:59:22Z
2026-07-08T18:58:29Z,2026-07-08T20:58:29+0200,e401fd36-f4a8-45e5-ad91-bdd87731a7ba,2026-06-14T04:00:00Z,2026-06-14T06:00:00+0200,2991.87988,MW,FR,FR,forecast_onshore_wind_generation,Wind Onshore,2026-07-08T18:59:22Z
2026-07-08T18:58:29Z,2026-07-08T20:58:29+0200,e401fd36-f4a8-45e5-ad91-bdd87731a7ba,2026-06-14T04:15:00Z,2026-06-14T06:15:00+0200,2940.07007,MW,FR,FR,forecast_onshore_wind_generation,Wind Onshore,2026-07-08T18:59:22Z
2026-07-08T18:58:29Z,2026-07-08T20:58:29+0200,e401fd36-f4a8-45e5-ad91-bdd87731a7ba,2026-06-14T04:30:00Z,2026-06-14T06:30:00+0200,2888.25977,MW,FR,FR,forecast_onshore_wind_generation,Wind Onshore,2026-07-08T18:59:22Z
2026-07-08T18:58:29Z,2026-07-08T20:58:29+0200,e401fd36-f4a8-45e5-ad91-bdd87731a7ba,2026-06-14T04:45:00Z,2026-06-14T06:45:00+0200,2836.4502,MW,FR,FR,forecast_onshore_wind_generation,Wind Onshore,2026-07-08T18:59:22Z
2026-07-08T18:58:29Z,2026-07-08T20:58:29+0200,e401fd36-f4a8-45e5-ad91-bdd87731a7ba,2026-06-14T05:00:00Z,2026-06-14T07:00:00+0200,2784.64014,MW,FR,FR,forecast_onshore_wind_generation,Wind Onshore,2026-07-08T18:59:22Z
2026-07-08T18:58:29Z,2026-07-08T20:58:29+0200,e401fd36-f4a8-45e5-ad91-bdd87731a7ba,2026-06-14T05:15:00Z,2026-06-14T07:15:00+0200,2674.72241,MW,FR,FR,forecast_onshore_wind_generation,Wind Onshore,2026-07-08T18:59:22Z
2026-07-08T18:58:29Z,2026-07-08T20:58:29+0200,e401fd36-f4a8-45e5-ad91-bdd87731a7ba,2026-06-14T05:30:00Z,2026-06-14T07:30:00+0200,1536.86926,MW,FR,FR,forecast_onshore_wind_generation,Wind Onshore,2026-07-08T18:59:22Z
2026-07-08T18:58:29Z,2026-07-08T20:58:29+0200,e401fd36-f4a8-45e5-ad91-bdd87731a7ba,2026-06-14T05:45:00Z,2026-06-14T07:45:00+0200,1478.35913,MW,FR,FR,forecast_onshore_wind_generation,Wind Onshore,2026-07-08T18:59:22Z
2026-07-08T18:58:29Z,2026-07-08T20:58:29+0200,e401fd36-f4a8-45e5-ad91-bdd87731a7ba,2026-06-14T06:00:00Z,2026-06-14T08:00:00+0200,1419.65015,MW,FR,FR,forecast_onshore_wind_generation,Wind Onshore,2026-07-08T18:59:22Z
2026-07-08T18:58:29Z,2026-07-08T20:58:29+0200,e401fd36-f4a8-45e5-ad91-bdd87731a7ba,2026-06-14T06:15:00Z,2026-06-14T08:15:00+0200,1313.49023,MW,FR,FR,forecast_onshore_wind_generation,Wind Onshore,2026-07-08T18:59:22Z
2026-07-08T18:58:29Z,2026-07-08T20:58:29+0200,e401fd36-f4a8-45e5-ad91-bdd87731a7ba,2026-06-14T06:30:00Z,2026-06-14T08:30:00+0200,690.86035,MW,FR,FR,forecast_onshore_wind_generation,Wind Onshore,2026-07-08T18:59:22Z
2026-07-08T18:58:29Z,2026-07-08T20:58:29+0200,e401fd36-f4a8-45e5-ad91-bdd87731a7ba,2026-06-14T06:45:00Z,2026-06-14T08:45:00+0200,618.21991,MW,FR,FR,forecast_onshore_wind_generation,Wind Onshore,2026-07-08T18:59:22Z
2026-07-08T18:58:29Z,2026-07-08T20:58:29+0200,e401fd36-f4a8-45e5-ad91-bdd87731a7ba,2026-06-14T07:00:00Z,2026-06-14T09:00:00+0200,545.48016,MW,FR,FR,forecast_onshore_wind_generation,Wind Onshore,2026-07-08T18:59:22Z
2026-07-08T18:58:29Z,2026-07-08T20:58:29+0200,e401fd36-f4a8-45e5-ad91-bdd87731a7ba,2026-06-14T07:15:00Z,2026-06-14T09:15:00+0200,526.34979,MW,FR,FR,forecast_onshore_wind_generation,Wind Onshore,2026-07-08T18:59:22Z
2026-07-08T18:58:29Z,2026-07-08T20:58:29+0200,e401fd36-f4a8-45e5-ad91-bdd87731a7ba,2026-06-14T07:30:00Z,2026-06-14T09:30:00+0200,507.20984,MW,FR,FR,forecast_onshore_wind_generation,Wind Onshore,2026-07-08T18:59:22Z
2026-07-08T18:58:29Z,2026-07-08T20:58:29+0200,e401fd36-f4a8-45e5-ad91-bdd87731a7ba,2026-06-14T07:45:00Z,2026-06-14T09:45:00+0200,488.36002,MW,FR,FR,forecast_onshore_wind_generation,Wind Onshore,2026-07-08T18:59:22Z
2026-07-08T18:58:29Z,2026-07-08T20:58:29+0200,e401fd36-f4a8-45e5-ad91-bdd87731a7ba,2026-06-14T08:00:00Z,2026-06-14T10:00:00+0200,469.65997,MW,FR,FR,forecast_onshore_wind_generation,Wind Onshore,2026-07-08T18:59:22Z
2026-07-08T18:58:29Z,2026-07-08T20:58:29+0200,e401fd36-f4a8-45e5-ad91-bdd87731a7ba,2026-06-14T08:15:00Z,2026-06-14T10:15:00+0200,472.05984,MW,FR,FR,forecast_onshore_wind_generation,Wind Onshore,2026-07-08T18:59:22Z
2026-07-08T18:58:29Z,2026-07-08T20:58:29+0200,e401fd36-f4a8-45e5-ad91-bdd87731a7ba,2026-06-14T08:30:00Z,2026-06-14T10:30:00+0200,474.59009,MW,FR,FR,forecast_onshore_wind_generation,Wind Onshore,2026-07-08T18:59:22Z
2026-07-08T18:58:29Z,2026-07-08T20:58:29+0200,e401fd36-f4a8-45e5-ad91-bdd87731a7ba,2026-06-14T08:45:00Z,2026-06-14T10:45:00+0200,476.81982,MW,FR,FR,forecast_onshore_wind_generation,Wind Onshore,2026-07-08T18:59:22Z
2026-07-08T18:58:29Z,2026-07-08T20:58:29+0200,e401fd36-f4a8-45e5-ad91-bdd87731a7ba,2026-06-14T09:00:00Z,2026-06-14T11:00:00+0200,479.61984,MW,FR,FR,forecast_onshore_wind_generation,Wind Onshore,2026-07-08T18:59:22Z
2026-07-08T18:58:29Z,2026-07-08T20:58:29+0200,e401fd36-f4a8-45e5-ad91-bdd87731a7ba,2026-06-14T09:15:00Z,2026-06-14T11:15:00+0200,484.55988,MW,FR,FR,forecast_onshore_wind_generation,Wind Onshore,2026-07-08T18:59:22Z
2026-07-08T18:58:29Z,2026-07-08T20:58:29+0200,e401fd36-f4a8-45e5-ad91-bdd87731a7ba,2026-06-14T09:30:00Z,2026-06-14T11:30:00+0200,489.91016,MW,FR,FR,forecast_onshore_wind_generation,Wind Onshore,2026-07-08T18:59:22Z
2026-07-08T18:58:29Z,2026-07-08T20:58:29+0200,e401fd36-f4a8-45e5-ad91-bdd87731a7ba,2026-06-14T09:45:00Z,2026-06-14T11:45:00+0200,494.97009,MW,FR,FR,forecast_onshore_wind_generation,Wind Onshore,2026-07-08T18:59:22Z
2026-07-08T18:58:29Z,2026-07-08T20:58:29+0200,e401fd36-f4a8-45e5-ad91-bdd87731a7ba,2026-06-14T10:00:00Z,2026-06-14T12:00:00+0200,500.35986,MW,FR,FR,forecast_onshore_wind_generation,Wind Onshore,2026-07-08T18:59:22Z
2026-07-08T18:58:29Z,2026-07-08T20:58:29+0200,e401fd36-f4a8-45e5-ad91-bdd87731a7ba,2026-06-14T10:15:00Z,2026-06-14T12:15:00+0200,511.72986,MW,FR,FR,forecast_onshore_wind_generation,Wind Onshore,2026-07-08T18:59:22Z
2026-07-08T18:58:29Z,2026-07-08T20:58:29+0200,e401fd36-f4a8-45e5-ad91-bdd87731a7ba,2026-06-14T10:30:00Z,2026-06-14T12:30:00+0200,523.21008,MW,FR,FR,forecast_onshore_wind_generation,Wind Onshore,2026-07-08T18:59:22Z
2026-07-08T18:58:29Z,2026-07-08T20:58:29+0200,e401fd36-f4a8-45e5-ad91-bdd87731a7ba,2026-06-14T10:45:00Z,2026-06-14T12:45:00+0200,534.46002,MW,FR,FR,forecast_onshore_wind_generation,Wind Onshore,2026-07-08T18:59:22Z
2026-07-08T18:58:29Z,2026-07-08T20:58:29+0200,e401fd36-f4a8-45e5-ad91-bdd87731a7ba,2026-06-14T11:00:00Z,2026-06-14T13:00:00+0200,546.31976,MW,FR,FR,forecast_onshore_wind_generation,Wind Onshore,2026-07-08T18:59:22Z
2026-07-08T18:58:29Z,2026-07-08T20:58:29+0200,e401fd36-f4a8-45e5-ad91-bdd87731a7ba,2026-06-14T11:15:00Z,2026-06-14T13:15:00+0200,558.63013,MW,FR,FR,forecast_onshore_wind_generation,Wind Onshore,2026-07-08T18:59:22Z
2026-07-08T18:58:29Z,2026-07-08T20:58:29+0200,e401fd36-f4a8-45e5-ad91-bdd87731a7ba,2026-06-14T11:30:00Z,2026-06-14T13:30:00+0200,571.18011,MW,FR,FR,forecast_onshore_wind_generation,Wind Onshore,2026-07-08T18:59:22Z
2026-07-08T18:58:29Z,2026-07-08T20:58:29+0200,e401fd36-f4a8-45e5-ad91-bdd87731a7ba,2026-06-14T11:45:00Z,2026-06-14T13:45:00+0200,583.56995,MW,FR,FR,forecast_onshore_wind_generation,Wind Onshore,2026-07-08T18:59:22Z
2026-07-08T18:58:29Z,2026-07-08T20:58:29+0200,e401fd36-f4a8-45e5-ad91-bdd87731a7ba,2026-06-14T12:00:00Z,2026-06-14T14:00:00+0200,596.25995,MW,FR,FR,forecast_onshore_wind_generation,Wind Onshore,2026-07-08T18:59:22Z
2026-07-08T18:58:29Z,2026-07-08T20:58:29+0200,e401fd36-f4a8-45e5-ad91-bdd87731a7ba,2026-06-14T12:15:00Z,2026-06-14T14:15:00+0200,614.54004,MW,FR,FR,forecast_onshore_wind_generation,Wind Onshore,2026-07-08T18:59:22Z
2026-07-08T18:58:29Z,2026-07-08T20:58:29+0200,e401fd36-f4a8-45e5-ad91-bdd87731a7ba,2026-06-14T12:30:00Z,2026-06-14T14:30:00+0200,633.22009,MW,FR,FR,forecast_onshore_wind_generation,Wind Onshore,2026-07-08T18:59:22Z
2026-07-08T18:58:29Z,2026-07-08T20:58:29+0200,e401fd36-f4a8-45e5-ad91-bdd87731a7ba,2026-06-14T12:45:00Z,2026-06-14T14:45:00+0200,651.77032,MW,FR,FR,forecast_onshore_wind_generation,Wind Onshore,2026-07-08T18:59:22Z
2026-07-08T18:58:29Z,2026-07-08T20:58:29+0200,e401fd36-f4a8-45e5-ad91-bdd87731a7ba,2026-06-14T13:00:00Z,2026-06-14T15:00:00+0200,670.22021,MW,FR,FR,forecast_onshore_wind_generation,Wind Onshore,2026-07-08T18:59:22Z
2026-07-08T18:58:29Z,2026-07-08T20:58:29+0200,e401fd36-f4a8-45e5-ad91-bdd87731a7ba,2026-06-14T13:15:00Z,2026-06-14T15:15:00+0200,683.48022,MW,FR,FR,forecast_onshore_wind_generation,Wind Onshore,2026-07-08T18:59:22Z
2026-07-08T18:58:29Z,2026-07-08T20:58:29+0200,e401fd36-f4a8-45e5-ad91-bdd87731a7ba,2026-06-14T13:30:00Z,2026-06-14T15:30:00+0200,696.57001,MW,FR,FR,forecast_onshore_wind_generation,Wind Onshore,2026-07-08T18:59:22Z
2026-07-08T18:58:29Z,2026-07-08T20:58:29+0200,e401fd36-f4a8-45e5-ad91-bdd87731a7ba,2026-06-14T13:45:00Z,2026-06-14T15:45:00+0200,709.62018,MW,FR,FR,forecast_onshore_wind_generation,Wind Onshore,2026-07-08T18:59:22Z
2026-07-08T18:58:29Z,2026-07-08T20:58:29+0200,e401fd36-f4a8-45e5-ad91-bdd87731a7ba,2026-06-14T14:00:00Z,2026-06-14T16:00:00+0200,722.56042,MW,FR,FR,forecast_onshore_wind_generation,Wind Onshore,2026-07-08T18:59:22Z
2026-07-08T18:58:29Z,2026-07-08T20:58:29+0200,e401fd36-f4a8-45e5-ad91-bdd87731a7ba,2026-06-14T14:15:00Z,2026-06-14T16:15:00+0200,731.78998,MW,FR,FR,forecast_onshore_wind_generation,Wind Onshore,2026-07-08T18:59:22Z
2026-07-08T18:58:29Z,2026-07-08T20:58:29+0200,e401fd36-f4a8-45e5-ad91-bdd87731a7ba,2026-06-14T14:30:00Z,2026-06-14T16:30:00+0200,741.03052,MW,FR,FR,forecast_onshore_wind_generation,Wind Onshore,2026-07-08T18:59:22Z
2026-07-08T18:58:29Z,2026-07-08T20:58:29+0200,e401fd36-f4a8-45e5-ad91-bdd87731a7ba,2026-06-14T14:45:00Z,2026-06-14T16:45:00+0200,750.08032,MW,FR,FR,forecast_onshore_wind_generation,Wind Onshore,2026-07-08T18:59:22Z
2026-07-08T18:58:29Z,2026-07-08T20:58:29+0200,e401fd36-f4a8-45e5-ad91-bdd87731a7ba,2026-06-14T15:00:00Z,2026-06-14T17:00:00+0200,759.2901,MW,FR,FR,forecast_onshore_wind_generation,Wind Onshore,2026-07-08T18:59:22Z
2026-07-08T18:58:29Z,2026-07-08T20:58:29+0200,e401fd36-f4a8-45e5-ad91-bdd87731a7ba,2026-06-14T15:15:00Z,2026-06-14T17:15:00+0200,764.85986,MW,FR,FR,forecast_onshore_wind_generation,Wind Onshore,2026-07-08T18:59:22Z
2026-07-08T18:58:29Z,2026-07-08T20:58:29+0200,e401fd36-f4a8-45e5-ad91-bdd87731a7ba,2026-06-14T15:30:00Z,2026-06-14T17:30:00+0200,770.76013,MW,FR,FR,forecast_onshore_wind_generation,Wind Onshore,2026-07-08T18:59:22Z
2026-07-08T18:58:29Z,2026-07-08T20:58:29+0200,e401fd36-f4a8-45e5-ad91-bdd87731a7ba,2026-06-14T15:45:00Z,2026-06-14T17:45:00+0200,1452.98047,MW,FR,FR,forecast_onshore_wind_generation,Wind Onshore,2026-07-08T18:59:22Z
2026-07-08T18:58:29Z,2026-07-08T20:58:29+0200,e401fd36-f4a8-45e5-ad91-bdd87731a7ba,2026-06-14T16:00:00Z,2026-06-14T18:00:00+0200,2447.10181,MW,FR,FR,forecast_onshore_wind_generation,Wind Onshore,2026-07-08T18:59:22Z
2026-07-08T18:58:29Z,2026-07-08T20:58:29+0200,e401fd36-f4a8-45e5-ad91-bdd87731a7ba,2026-06-14T16:15:00Z,2026-06-14T18:15:00+0200,2457.15991,MW,FR,FR,forecast_onshore_wind_generation,Wind Onshore,2026-07-08T18:59:22Z
2026-07-08T18:58:29Z,2026-07-08T20:58:29+0200,e401fd36-f4a8-45e5-ad91-bdd87731a7ba,2026-06-14T16:30:00Z,2026-06-14T18:30:00+0200,2467.36011,MW,FR,FR,forecast_onshore_wind_generation,Wind Onshore,2026-07-08T18:59:22Z
2026-07-08T18:58:29Z,2026-07-08T20:58:29+0200,e401fd36-f4a8-45e5-ad91-bdd87731a7ba,2026-06-14T16:45:00Z,2026-06-14T18:45:00+0200,2477.56982,MW,FR,FR,forecast_onshore_wind_generation,Wind Onshore,2026-07-08T18:59:22Z
2026-07-08T18:58:29Z,2026-07-08T20:58:29+0200,e401fd36-f4a8-45e5-ad91-bdd87731a7ba,2026-06-14T17:00:00Z,2026-06-14T19:00:00+0200,2487.81006,MW,FR,FR,forecast_onshore_wind_generation,Wind Onshore,2026-07-08T18:59:22Z
2026-07-08T18:58:29Z,2026-07-08T20:58:29+0200,e401fd36-f4a8-45e5-ad91-bdd87731a7ba,2026-06-14T17:15:00Z,2026-06-14T19:15:00+0200,2505.70996,MW,FR,FR,forecast_onshore_wind_generation,Wind Onshore,2026-07-08T18:59:22Z
2026-07-08T18:58:29Z,2026-07-08T20:58:29+0200,e401fd36-f4a8-45e5-ad91-bdd87731a7ba,2026-06-14T17:30:00Z,2026-06-14T19:30:00+0200,2523.62988,MW,FR,FR,forecast_onshore_wind_generation,Wind Onshore,2026-07-08T18:59:22Z
2026-07-08T18:58:29Z,2026-07-08T20:58:29+0200,e401fd36-f4a8-45e5-ad91-bdd87731a7ba,2026-06-14T17:45:00Z,2026-06-14T19:45:00+0200,2541.56006,MW,FR,FR,forecast_onshore_wind_generation,Wind Onshore,2026-07-08T18:59:22Z
2026-07-08T18:58:29Z,2026-07-08T20:58:29+0200,e401fd36-f4a8-45e5-ad91-bdd87731a7ba,2026-06-14T18:00:00Z,2026-06-14T20:00:00+0200,2559.48999,MW,FR,FR,forecast_onshore_wind_generation,Wind Onshore,2026-07-08T18:59:22Z
2026-07-08T18:58:29Z,2026-07-08T20:58:29+0200,e401fd36-f4a8-45e5-ad91-bdd87731a7ba,2026-06-14T18:15:00Z,2026-06-14T20:15:00+0200,2649.82007,MW,FR,FR,forecast_onshore_wind_generation,Wind Onshore,2026-07-08T18:59:22Z
2026-07-08T18:58:29Z,2026-07-08T20:58:29+0200,e401fd36-f4a8-45e5-ad91-bdd87731a7ba,2026-06-14T18:30:00Z,2026-06-14T20:30:00+0200,2740.1499,MW,FR,FR,forecast_onshore_wind_generation,Wind Onshore,2026-07-08T18:59:22Z
2026-07-08T18:58:29Z,2026-07-08T20:58:29+0200,e401fd36-f4a8-45e5-ad91-bdd87731a7ba,2026-06-14T18:45:00Z,2026-06-14T20:45:00+0200,2830.48999,MW,FR,FR,forecast_onshore_wind_generation,Wind Onshore,2026-07-08T18:59:22Z
2026-07-08T18:58:29Z,2026-07-08T20:58:29+0200,e401fd36-f4a8-45e5-ad91-bdd87731a7ba,2026-06-14T19:00:00Z,2026-06-14T21:00:00+0200,2920.91992,MW,FR,FR,forecast_onshore_wind_generation,Wind Onshore,2026-07-08T18:59:22Z
2026-07-08T18:58:29Z,2026-07-08T20:58:29+0200,e401fd36-f4a8-45e5-ad91-bdd87731a7ba,2026-06-14T19:15:00Z,2026-06-14T21:15:00+0200,3048.06006,MW,FR,FR,forecast_onshore_wind_generation,Wind Onshore,2026-07-08T18:59:22Z
2026-07-08T18:58:29Z,2026-07-08T20:58:29+0200,e401fd36-f4a8-45e5-ad91-bdd87731a7ba,2026-06-14T19:30:00Z,2026-06-14T21:30:00+0200,3175.19995,MW,FR,FR,forecast_onshore_wind_generation,Wind Onshore,2026-07-08T18:59:22Z
2026-07-08T18:58:29Z,2026-07-08T20:58:29+0200,e401fd36-f4a8-45e5-ad91-bdd87731a7ba,2026-06-14T19:45:00Z,2026-06-14T21:45:00+0200,3302.37012,MW,FR,FR,forecast_onshore_wind_generation,Wind Onshore,2026-07-08T18:59:22Z
2026-07-08T18:58:29Z,2026-07-08T20:58:29+0200,e401fd36-f4a8-45e5-ad91-bdd87731a7ba,2026-06-14T20:00:00Z,2026-06-14T22:00:00+0200,3429.60986,MW,FR,FR,forecast_onshore_wind_generation,Wind Onshore,2026-07-08T18:59:22Z
2026-07-08T18:58:29Z,2026-07-08T20:58:29+0200,e401fd36-f4a8-45e5-ad91-bdd87731a7ba,2026-06-14T20:15:00Z,2026-06-14T22:15:00+0200,3489.26025,MW,FR,FR,forecast_onshore_wind_generation,Wind Onshore,2026-07-08T18:59:22Z
2026-07-08T18:58:29Z,2026-07-08T20:58:29+0200,e401fd36-f4a8-45e5-ad91-bdd87731a7ba,2026-06-14T20:30:00Z,2026-06-14T22:30:00+0200,3548.92017,MW,FR,FR,forecast_onshore_wind_generation,Wind Onshore,2026-07-08T18:59:22Z
2026-07-08T18:58:29Z,2026-07-08T20:58:29+0200,e401fd36-f4a8-45e5-ad91-bdd87731a7ba,2026-06-14T20:45:00Z,2026-06-14T22:45:00+0200,3608.58008,MW,FR,FR,forecast_onshore_wind_generation,Wind Onshore,2026-07-08T18:59:22Z
2026-07-08T18:58:29Z,2026-07-08T20:58:29+0200,e401fd36-f4a8-45e5-ad91-bdd87731a7ba,2026-06-14T21:00:00Z,2026-06-14T23:00:00+0200,3668.24976,MW,FR,FR,forecast_onshore_wind_generation,Wind Onshore,2026-07-08T18:59:22Z
2026-07-08T18:58:29Z,2026-07-08T20:58:29+0200,e401fd36-f4a8-45e5-ad91-bdd87731a7ba,2026-06-14T21:15:00Z,2026-06-14T23:15:00+0200,3660.16992,MW,FR,FR,forecast_onshore_wind_generation,Wind Onshore,2026-07-08T18:59:22Z
2026-07-08T18:58:29Z,2026-07-08T20:58:29+0200,e401fd36-f4a8-45e5-ad91-bdd87731a7ba,2026-06-14T21:30:00Z,2026-06-14T23:30:00+0200,3652.09009,MW,FR,FR,forecast_onshore_wind_generation,Wind Onshore,2026-07-08T18:59:22Z
2026-07-08T18:58:29Z,2026-07-08T20:58:29+0200,e401fd36-f4a8-45e5-ad91-bdd87731a7ba,2026-06-14T21:45:00Z,2026-06-14T23:45:00+0200,3644.00977,MW,FR,FR,forecast_onshore_wind_generation,Wind Onshore,2026-07-08T18:59:22Z
2026-07-08T18:58:29Z,2026-07-08T20:58:29+0200,e401fd36-f4a8-45e5-ad91-bdd87731a7ba,2026-06-14T22:00:00Z,2026-06-15T00:00:00+0200,3334.6001,MW,FR,FR,forecast_onshore_wind_generation,Wind Onshore,2026-07-08T18:59:22Z
2026-07-08T18:58:29Z,2026-07-08T20:58:29+0200,e401fd36-f4a8-45e5-ad91-bdd87731a7ba,2026-06-14T22:15:00Z,2026-06-15T00:15:00+0200,3291.38013,MW,FR,FR,forecast_onshore_wind_generation,Wind Onshore,2026-07-08T18:59:22Z
2026-07-08T18:58:29Z,2026-07-08T20:58:29+0200,e401fd36-f4a8-45e5-ad91-bdd87731a7ba,2026-06-14T22:30:00Z,2026-06-15T00:30:00+0200,3248.17017,MW,FR,FR,forecast_onshore_wind_generation,Wind Onshore,2026-07-08T18:59:22Z
2026-07-08T18:58:29Z,2026-07-08T20:58:29+0200,e401fd36-f4a8-45e5-ad91-bdd87731a7ba,2026-06-14T22:45:00Z,2026-06-15T00:45:00+0200,3204.75,MW,FR,FR,forecast_onshore_wind_generation,Wind Onshore,2026-07-08T18:59:22Z
2026-07-08T18:58:29Z,2026-07-08T20:58:29+0200,e401fd36-f4a8-45e5-ad91-bdd87731a7ba,2026-06-14T23:00:00Z,2026-06-15T01:00:00+0200,3161.52002,MW,FR,FR,forecast_onshore_wind_generation,Wind Onshore,2026-07-08T18:59:22Z
2026-07-08T18:58:29Z,2026-07-08T20:58:29+0200,e401fd36-f4a8-45e5-ad91-bdd87731a7ba,2026-06-14T23:15:00Z,2026-06-15T01:15:00+0200,3106.48999,MW,FR,FR,forecast_onshore_wind_generation,Wind Onshore,2026-07-08T18:59:22Z
2026-07-08T18:58:29Z,2026-07-08T20:58:29+0200,e401fd36-f4a8-45e5-ad91-bdd87731a7ba,2026-06-14T23:30:00Z,2026-06-15T01:30:00+0200,3051.47998,MW,FR,FR,forecast_onshore_wind_generation,Wind Onshore,2026-07-08T18:59:22Z
2026-07-08T18:58:29Z,2026-07-08T20:58:29+0200,e401fd36-f4a8-45e5-ad91-bdd87731a7ba,2026-06-14T23:45:00Z,2026-06-15T01:45:00+0200,2996.69995,MW,FR,FR,forecast_onshore_wind_generation,Wind Onshore,2026-07-08T18:59:22Z
2026-07-08T18:58:29Z,2026-07-08T20:58:29+0200,e401fd36-f4a8-45e5-ad91-bdd87731a7ba,2026-06-15T00:00:00Z,2026-06-15T02:00:00+0200,2942.03979,MW,FR,FR,forecast_onshore_wind_generation,Wind Onshore,2026-07-08T18:59:22Z
2026-07-08T18:58:29Z,2026-07-08T20:58:29+0200,e401fd36-f4a8-45e5-ad91-bdd87731a7ba,2026-06-15T00:15:00Z,2026-06-15T02:15:00+0200,2886.57007,MW,FR,FR,forecast_onshore_wind_generation,Wind Onshore,2026-07-08T18:59:22Z
2026-07-08T18:58:29Z,2026-07-08T20:58:29+0200,e401fd36-f4a8-45e5-ad91-bdd87731a7ba,2026-06-15T00:30:00Z,2026-06-15T02:30:00+0200,2831.12988,MW,FR,FR,forecast_onshore_wind_generation,Wind Onshore,2026-07-08T18:59:22Z
2026-07-08T18:58:29Z,2026-07-08T20:58:29+0200,e401fd36-f4a8-45e5-ad91-bdd87731a7ba,2026-06-15T00:45:00Z,2026-06-15T02:45:00+0200,2775.70996,MW,FR,FR,forecast_onshore_wind_generation,Wind Onshore,2026-07-08T18:59:22Z
2026-07-08T18:58:29Z,2026-07-08T20:58:29+0200,e401fd36-f4a8-45e5-ad91-bdd87731a7ba,2026-06-15T01:00:00Z,2026-06-15T03:00:00+0200,2720.32007,MW,FR,FR,forecast_onshore_wind_generation,Wind Onshore,2026-07-08T18:59:22Z
2026-07-08T18:58:29Z,2026-07-08T20:58:29+0200,e401fd36-f4a8-45e5-ad91-bdd87731a7ba,2026-06-15T01:15:00Z,2026-06-15T03:15:00+0200,2670.31006,MW,FR,FR,forecast_onshore_wind_generation,Wind Onshore,2026-07-08T18:59:22Z
2026-07-08T18:58:29Z,2026-07-08T20:58:29+0200,e401fd36-f4a8-45e5-ad91-bdd87731a7ba,2026-06-15T01:30:00Z,2026-06-15T03:30:00+0200,2620.33984,MW,FR,FR,forecast_onshore_wind_generation,Wind Onshore,2026-07-08T18:59:22Z
2026-07-08T18:58:29Z,2026-07-08T20:58:29+0200,e401fd36-f4a8-45e5-ad91-bdd87731a7ba,2026-06-15T01:45:00Z,2026-06-15T03:45:00+0200,2570.43994,MW,FR,FR,forecast_onshore_wind_generation,Wind Onshore,2026-07-08T18:59:22Z
2026-07-08T18:58:29Z,2026-07-08T20:58:29+0200,e401fd36-f4a8-45e5-ad91-bdd87731a7ba,2026-06-15T02:00:00Z,2026-06-15T04:00:00+0200,2520.56982,MW,FR,FR,forecast_onshore_wind_generation,Wind Onshore,2026-07-08T18:59:22Z
2026-07-08T18:58:29Z,2026-07-08T20:58:29+0200,e401fd36-f4a8-45e5-ad91-bdd87731a7ba,2026-06-15T02:15:00Z,2026-06-15T04:15:00+0200,2495.16016,MW,FR,FR,forecast_onshore_wind_generation,Wind Onshore,2026-07-08T18:59:22Z
2026-07-08T18:58:29Z,2026-07-08T20:58:29+0200,e401fd36-f4a8-45e5-ad91-bdd87731a7ba,2026-06-15T02:30:00Z,2026-06-15T04:30:00+0200,2469.73999,MW,FR,FR,forecast_onshore_wind_generation,Wind Onshore,2026-07-08T18:59:22Z
2026-07-08T18:58:29Z,2026-07-08T20:58:29+0200,e401fd36-f4a8-45e5-ad91-bdd87731a7ba,2026-06-15T02:45:00Z,2026-06-15T04:45:00+0200,2444.28979,MW,FR,FR,forecast_onshore_wind_generation,Wind Onshore,2026-07-08T18:59:22Z
2026-07-08T18:58:29Z,2026-07-08T20:58:29+0200,e401fd36-f4a8-45e5-ad91-bdd87731a7ba,2026-06-15T03:00:00Z,2026-06-15T05:00:00+0200,2418.86011,MW,FR,FR,forecast_onshore_wind_generation,Wind Onshore,2026-07-08T18:59:22Z
2026-07-08T18:58:29Z,2026-07-08T20:58:29+0200,e401fd36-f4a8-45e5-ad91-bdd87731a7ba,2026-06-15T03:15:00Z,2026-06-15T05:15:00+0200,2389.03003,MW,FR,FR,forecast_onshore_wind_generation,Wind Onshore,2026-07-08T18:59:22Z
2026-07-08T18:58:29Z,2026-07-08T20:58:29+0200,e401fd36-f4a8-45e5-ad91-bdd87731a7ba,2026-06-15T03:30:00Z,2026-06-15T05:30:00+0200,2359.20996,MW,FR,FR,forecast_onshore_wind_generation,Wind Onshore,2026-07-08T18:59:22Z
2026-07-08T18:58:29Z,2026-07-08T20:58:29+0200,e401fd36-f4a8-45e5-ad91-bdd87731a7ba,2026-06-15T03:45:00Z,2026-06-15T05:45:00+0200,2329.39014,MW,FR,FR,forecast_onshore_wind_generation,Wind Onshore,2026-07-08T18:59:22Z
2026-07-08T18:58:29Z,2026-07-08T20:58:29+0200,e401fd36-f4a8-45e5-ad91-bdd87731a7ba,2026-06-15T04:00:00Z,2026-06-15T06:00:00+0200,2299.57007,MW,FR,FR,forecast_onshore_wind_generation,Wind Onshore,2026-07-08T18:59:22Z
2026-07-08T18:58:29Z,2026-07-08T20:58:29+0200,e401fd36-f4a8-45e5-ad91-bdd87731a7ba,2026-06-15T04:15:00Z,2026-06-15T06:15:00+0200,2279.31006,MW,FR,FR,forecast_onshore_wind_generation,Wind Onshore,2026-07-08T18:59:22Z
2026-07-08T18:58:29Z,2026-07-08T20:58:29+0200,e401fd36-f4a8-45e5-ad91-bdd87731a7ba,2026-06-15T04:30:00Z,2026-06-15T06:30:00+0200,2259.05005,MW,FR,FR,forecast_onshore_wind_generation,Wind Onshore,2026-07-08T18:59:22Z
2026-07-08T18:58:29Z,2026-07-08T20:58:29+0200,e401fd36-f4a8-45e5-ad91-bdd87731a7ba,2026-06-15T04:45:00Z,2026-06-15T06:45:00+0200,2238.81006,MW,FR,FR,forecast_onshore_wind_generation,Wind Onshore,2026-07-08T18:59:22Z
2026-07-08T18:58:29Z,2026-07-08T20:58:29+0200,e401fd36-f4a8-45e5-ad91-bdd87731a7ba,2026-06-15T05:00:00Z,2026-06-15T07:00:00+0200,2218.58984,MW,FR,FR,forecast_onshore_wind_generation,Wind Onshore,2026-07-08T18:59:22Z
2026-07-08T18:58:29Z,2026-07-08T20:58:29+0200,e401fd36-f4a8-45e5-ad91-bdd87731a7ba,2026-06-15T05:15:00Z,2026-06-15T07:15:00+0200,2140.91992,MW,FR,FR,forecast_onshore_wind_generation,Wind Onshore,2026-07-08T18:59:22Z
2026-07-08T18:58:29Z,2026-07-08T20:58:29+0200,e401fd36-f4a8-45e5-ad91-bdd87731a7ba,2026-06-15T05:30:00Z,2026-06-15T07:30:00+0200,2063.26001,MW,FR,FR,forecast_onshore_wind_generation,Wind Onshore,2026-07-08T18:59:22Z
2026-07-08T18:58:29Z,2026-07-08T20:58:29+0200,e401fd36-f4a8-45e5-ad91-bdd87731a7ba,2026-06-15T05:45:00Z,2026-06-15T07:45:00+0200,1985.55981,MW,FR,FR,forecast_onshore_wind_generation,Wind Onshore,2026-07-08T18:59:22Z
2026-07-08T18:58:29Z,2026-07-08T20:58:29+0200,e401fd36-f4a8-45e5-ad91-bdd87731a7ba,2026-06-15T06:00:00Z,2026-06-15T08:00:00+0200,1907.87988,MW,FR,FR,forecast_onshore_wind_generation,Wind Onshore,2026-07-08T18:59:22Z
2026-07-08T18:58:29Z,2026-07-08T20:58:29+0200,e401fd36-f4a8-45e5-ad91-bdd87731a7ba,2026-06-15T06:15:00Z,2026-06-15T08:15:00+0200,1765.79016,MW,FR,FR,forecast_onshore_wind_generation,Wind Onshore,2026-07-08T18:59:22Z
2026-07-08T18:58:29Z,2026-07-08T20:58:29+0200,e401fd36-f4a8-45e5-ad91-bdd87731a7ba,2026-06-15T06:30:00Z,2026-06-15T08:30:00+0200,1623.72986,MW,FR,FR,forecast_onshore_wind_generation,Wind Onshore,2026-07-08T18:59:22Z
2026-07-08T18:58:29Z,2026-07-08T20:58:29+0200,e401fd36-f4a8-45e5-ad91-bdd87731a7ba,2026-06-15T06:45:00Z,2026-06-15T08:45:00+0200,1481.62012,MW,FR,FR,forecast_onshore_wind_generation,Wind Onshore,2026-07-08T18:59:22Z
2026-07-08T18:58:29Z,2026-07-08T20:58:29+0200,e401fd36-f4a8-45e5-ad91-bdd87731a7ba,2026-06-15T07:00:00Z,2026-06-15T09:00:00+0200,1339.55994,MW,FR,FR,forecast_onshore_wind_generation,Wind Onshore,2026-07-08T18:59:22Z
2026-07-08T18:58:29Z,2026-07-08T20:58:29+0200,e401fd36-f4a8-45e5-ad91-bdd87731a7ba,2026-06-15T07:15:00Z,2026-06-15T09:15:00+0200,1200.51001,MW,FR,FR,forecast_onshore_wind_generation,Wind Onshore,2026-07-08T18:59:22Z
2026-07-08T18:58:29Z,2026-07-08T20:58:29+0200,e401fd36-f4a8-45e5-ad91-bdd87731a7ba,2026-06-15T07:30:00Z,2026-06-15T09:30:00+0200,1061.5,MW,FR,FR,forecast_onshore_wind_generation,Wind Onshore,2026-07-08T18:59:22Z
2026-07-08T18:58:29Z,2026-07-08T20:58:29+0200,e401fd36-f4a8-45e5-ad91-bdd87731a7ba,2026-06-15T07:45:00Z,2026-06-15T09:45:00+0200,922.54004,MW,FR,FR,forecast_onshore_wind_generation,Wind Onshore,2026-07-08T18:59:22Z
2026-07-08T18:58:29Z,2026-07-08T20:58:29+0200,e401fd36-f4a8-45e5-ad91-bdd87731a7ba,2026-06-15T08:00:00Z,2026-06-15T10:00:00+0200,783.60999,MW,FR,FR,forecast_onshore_wind_generation,Wind Onshore,2026-07-08T18:59:22Z
2026-07-08T18:58:29Z,2026-07-08T20:58:29+0200,e401fd36-f4a8-45e5-ad91-bdd87731a7ba,2026-06-15T08:15:00Z,2026-06-15T10:15:00+0200,773.07007,MW,FR,FR,forecast_onshore_wind_generation,Wind Onshore,2026-07-08T18:59:22Z
2026-07-08T18:58:29Z,2026-07-08T20:58:29+0200,e401fd36-f4a8-45e5-ad91-bdd87731a7ba,2026-06-15T08:30:00Z,2026-06-15T10:30:00+0200,762.55005,MW,FR,FR,forecast_onshore_wind_generation,Wind Onshore,2026-07-08T18:59:22Z
2026-07-08T18:58:29Z,2026-07-08T20:58:29+0200,e401fd36-f4a8-45e5-ad91-bdd87731a7ba,2026-06-15T08:45:00Z,2026-06-15T10:45:00+0200,752.0,MW,FR,FR,forecast_onshore_wind_generation,Wind Onshore,2026-07-08T18:59:22Z
2026-07-08T18:58:29Z,2026-07-08T20:58:29+0200,e401fd36-f4a8-45e5-ad91-bdd87731a7ba,2026-06-15T09:00:00Z,2026-06-15T11:00:00+0200,741.48999,MW,FR,FR,forecast_onshore_wind_generation,Wind Onshore,2026-07-08T18:59:22Z
2026-07-08T18:58:29Z,2026-07-08T20:58:29+0200,e401fd36-f4a8-45e5-ad91-bdd87731a7ba,2026-06-15T09:15:00Z,2026-06-15T11:15:00+0200,761.08002,MW,FR,FR,forecast_onshore_wind_generation,Wind Onshore,2026-07-08T18:59:22Z
2026-07-08T18:58:29Z,2026-07-08T20:58:29+0200,e401fd36-f4a8-45e5-ad91-bdd87731a7ba,2026-06-15T09:30:00Z,2026-06-15T11:30:00+0200,780.73999,MW,FR,FR,forecast_onshore_wind_generation,Wind Onshore,2026-07-08T18:59:22Z
2026-07-08T18:58:29Z,2026-07-08T20:58:29+0200,e401fd36-f4a8-45e5-ad91-bdd87731a7ba,2026-06-15T09:45:00Z,2026-06-15T11:45:00+0200,800.44995,MW,FR,FR,forecast_onshore_wind_generation,Wind Onshore,2026-07-08T18:59:22Z
2026-07-08T18:58:29Z,2026-07-08T20:58:29+0200,e401fd36-f4a8-45e5-ad91-bdd87731a7ba,2026-06-15T10:00:00Z,2026-06-15T12:00:00+0200,820.23999,MW,FR,FR,forecast_onshore_wind_generation,Wind Onshore,2026-07-08T18:59:22Z
2026-07-08T18:58:29Z,2026-07-08T20:58:29+0200,e401fd36-f4a8-45e5-ad91-bdd87731a7ba,2026-06-15T10:15:00Z,2026-06-15T12:15:00+0200,835.51001,MW,FR,FR,forecast_onshore_wind_generation,Wind Onshore,2026-07-08T18:59:22Z
2026-07-08T18:58:29Z,2026-07-08T20:58:29+0200,e401fd36-f4a8-45e5-ad91-bdd87731a7ba,2026-06-15T10:30:00Z,2026-06-15T12:30:00+0200,850.80994,MW,FR,FR,forecast_onshore_wind_generation,Wind Onshore,2026-07-08T18:59:22Z
2026-07-08T18:58:29Z,2026-07-08T20:58:29+0200,e401fd36-f4a8-45e5-ad91-bdd87731a7ba,2026-06-15T10:45:00Z,2026-06-15T12:45:00+0200,866.1499,MW,FR,FR,forecast_onshore_wind_generation,Wind Onshore,2026-07-08T18:59:22Z
2026-07-08T18:58:29Z,2026-07-08T20:58:29+0200,e401fd36-f4a8-45e5-ad91-bdd87731a7ba,2026-06-15T11:00:00Z,2026-06-15T13:00:00+0200,881.51001,MW,FR,FR,forecast_onshore_wind_generation,Wind Onshore,2026-07-08T18:59:22Z
2026-07-08T18:58:29Z,2026-07-08T20:58:29+0200,e401fd36-f4a8-45e5-ad91-bdd87731a7ba,2026-06-15T11:15:00Z,2026-06-15T13:15:00+0200,885.01001,MW,FR,FR,forecast_onshore_wind_generation,Wind Onshore,2026-07-08T18:59:22Z
2026-07-08T18:58:29Z,2026-07-08T20:58:29+0200,e401fd36-f4a8-45e5-ad91-bdd87731a7ba,2026-06-15T11:30:00Z,2026-06-15T13:30:00+0200,888.52002,MW,FR,FR,forecast_onshore_wind_generation,Wind Onshore,2026-07-08T18:59:22Z
2026-07-08T18:58:29Z,2026-07-08T20:58:29+0200,e401fd36-f4a8-45e5-ad91-bdd87731a7ba,2026-06-15T11:45:00Z,2026-06-15T13:45:00+0200,892.09003,MW,FR,FR,forecast_onshore_wind_generation,Wind Onshore,2026-07-08T18:59:22Z
2026-07-08T18:58:29Z,2026-07-08T20:58:29+0200,e401fd36-f4a8-45e5-ad91-bdd87731a7ba,2026-06-15T12:00:00Z,2026-06-15T14:00:00+0200,895.66003,MW,FR,FR,forecast_onshore_wind_generation,Wind Onshore,2026-07-08T18:59:22Z
2026-07-08T18:58:29Z,2026-07-08T20:58:29+0200,e401fd36-f4a8-45e5-ad91-bdd87731a7ba,2026-06-15T12:15:00Z,2026-06-15T14:15:00+0200,924.68994,MW,FR,FR,forecast_onshore_wind_generation,Wind Onshore,2026-07-08T18:59:22Z
2026-07-08T18:58:29Z,2026-07-08T20:58:29+0200,e401fd36-f4a8-45e5-ad91-bdd87731a7ba,2026-06-15T12:30:00Z,2026-06-15T14:30:00+0200,953.83997,MW,FR,FR,forecast_onshore_wind_generation,Wind Onshore,2026-07-08T18:59:22Z
2026-07-08T18:58:29Z,2026-07-08T20:58:29+0200,e401fd36-f4a8-45e5-ad91-bdd87731a7ba,2026-06-15T12:45:00Z,2026-06-15T14:45:00+0200,983.08997,MW,FR,FR,forecast_onshore_wind_generation,Wind Onshore,2026-07-08T18:59:22Z
2026-07-08T18:58:29Z,2026-07-08T20:58:29+0200,e401fd36-f4a8-45e5-ad91-bdd87731a7ba,2026-06-15T13:00:00Z,2026-06-15T15:00:00+0200,1012.43994,MW,FR,FR,forecast_onshore_wind_generation,Wind Onshore,2026-07-08T18:59:22Z
2026-07-08T18:58:29Z,2026-07-08T20:58:29+0200,e401fd36-f4a8-45e5-ad91-bdd87731a7ba,2026-06-15T13:15:00Z,2026-06-15T15:15:00+0200,1027.85999,MW,FR,FR,forecast_onshore_wind_generation,Wind Onshore,2026-07-08T18:59:22Z
2026-07-08T18:58:29Z,2026-07-08T20:58:29+0200,e401fd36-f4a8-45e5-ad91-bdd87731a7ba,2026-06-15T13:30:00Z,2026-06-15T15:30:00+0200,1043.31006,MW,FR,FR,forecast_onshore_wind_generation,Wind Onshore,2026-07-08T18:59:22Z
2026-07-08T18:58:29Z,2026-07-08T20:58:29+0200,e401fd36-f4a8-45e5-ad91-bdd87731a7ba,2026-06-15T13:45:00Z,2026-06-15T15:45:00+0200,1058.79004,MW,FR,FR,forecast_onshore_wind_generation,Wind Onshore,2026-07-08T18:59:22Z
2026-07-08T18:58:29Z,2026-07-08T20:58:29+0200,e401fd36-f4a8-45e5-ad91-bdd87731a7ba,2026-06-15T14:00:00Z,2026-06-15T16:00:00+0200,1074.31006,MW,FR,FR,forecast_onshore_wind_generation,Wind Onshore,2026-07-08T18:59:22Z
2026-07-08T18:58:29Z,2026-07-08T20:58:29+0200,e401fd36-f4a8-45e5-ad91-bdd87731a7ba,2026-06-15T14:15:00Z,2026-06-15T16:15:00+0200,1085.23999,MW,FR,FR,forecast_onshore_wind_generation,Wind Onshore,2026-07-08T18:59:22Z
2026-07-08T18:58:29Z,2026-07-08T20:58:29+0200,e401fd36-f4a8-45e5-ad91-bdd87731a7ba,2026-06-15T14:30:00Z,2026-06-15T16:30:00+0200,1096.17993,MW,FR,FR,forecast_onshore_wind_generation,Wind Onshore,2026-07-08T18:59:22Z
2026-07-08T18:58:29Z,2026-07-08T20:58:29+0200,e401fd36-f4a8-45e5-ad91-bdd87731a7ba,2026-06-15T14:45:00Z,2026-06-15T16:45:00+0200,1107.22998,MW,FR,FR,forecast_onshore_wind_generation,Wind Onshore,2026-07-08T18:59:22Z
2026-07-08T18:58:29Z,2026-07-08T20:58:29+0200,e401fd36-f4a8-45e5-ad91-bdd87731a7ba,2026-06-15T15:00:00Z,2026-06-15T17:00:00+0200,1118.32996,MW,FR,FR,forecast_onshore_wind_generation,Wind Onshore,2026-07-08T18:59:22Z
2026-07-08T18:58:29Z,2026-07-08T20:58:29+0200,e401fd36-f4a8-45e5-ad91-bdd87731a7ba,2026-06-15T15:15:00Z,2026-06-15T17:15:00+0200,1116.83997,MW,FR,FR,forecast_onshore_wind_generation,Wind Onshore,2026-07-08T18:59:22Z
2026-07-08T18:58:29Z,2026-07-08T20:58:29+0200,e401fd36-f4a8-45e5-ad91-bdd87731a7ba,2026-06-15T15:30:00Z,2026-06-15T17:30:00+0200,1115.41003,MW,FR,FR,forecast_onshore_wind_generation,Wind Onshore,2026-07-08T18:59:22Z
2026-07-08T18:58:29Z,2026-07-08T20:58:29+0200,e401fd36-f4a8-45e5-ad91-bdd87731a7ba,2026-06-15T15:45:00Z,2026-06-15T17:45:00+0200,1114.07007,MW,FR,FR,forecast_onshore_wind_generation,Wind Onshore,2026-07-08T18:59:22Z
2026-07-08T18:58:29Z,2026-07-08T20:58:29+0200,e401fd36-f4a8-45e5-ad91-bdd87731a7ba,2026-06-15T16:00:00Z,2026-06-15T18:00:00+0200,1113.21008,MW,FR,FR,forecast_onshore_wind_generation,Wind Onshore,2026-07-08T18:59:22Z
2026-07-08T18:58:29Z,2026-07-08T20:58:29+0200,e401fd36-f4a8-45e5-ad91-bdd87731a7ba,2026-06-15T16:15:00Z,2026-06-15T18:15:00+0200,1113.59998,MW,FR,FR,forecast_onshore_wind_generation,Wind Onshore,2026-07-08T18:59:22Z
2026-07-08T18:58:29Z,2026-07-08T20:58:29+0200,e401fd36-f4a8-45e5-ad91-bdd87731a7ba,2026-06-15T16:30:00Z,2026-06-15T18:30:00+0200,1114.16992,MW,FR,FR,forecast_onshore_wind_generation,Wind Onshore,2026-07-08T18:59:22Z
2026-07-08T18:58:29Z,2026-07-08T20:58:29+0200,e401fd36-f4a8-45e5-ad91-bdd87731a7ba,2026-06-15T16:45:00Z,2026-06-15T18:45:00+0200,1114.80005,MW,FR,FR,forecast_onshore_wind_generation,Wind Onshore,2026-07-08T18:59:22Z
2026-07-08T18:58:29Z,2026-07-08T20:58:29+0200,e401fd36-f4a8-45e5-ad91-bdd87731a7ba,2026-06-15T17:00:00Z,2026-06-15T19:00:00+0200,1115.5,MW,FR,FR,forecast_onshore_wind_generation,Wind Onshore,2026-07-08T18:59:22Z
2026-07-08T18:58:29Z,2026-07-08T20:58:29+0200,e401fd36-f4a8-45e5-ad91-bdd87731a7ba,2026-06-15T17:15:00Z,2026-06-15T19:15:00+0200,1159.66003,MW,FR,FR,forecast_onshore_wind_generation,Wind Onshore,2026-07-08T18:59:22Z
2026-07-08T18:58:29Z,2026-07-08T20:58:29+0200,e401fd36-f4a8-45e5-ad91-bdd87731a7ba,2026-06-15T17:30:00Z,2026-06-15T19:30:00+0200,1203.82996,MW,FR,FR,forecast_onshore_wind_generation,Wind Onshore,2026-07-08T18:59:22Z
2026-07-08T18:58:29Z,2026-07-08T20:58:29+0200,e401fd36-f4a8-45e5-ad91-bdd87731a7ba,2026-06-15T17:45:00Z,2026-06-15T19:45:00+0200,1248.09998,MW,FR,FR,forecast_onshore_wind_generation,Wind Onshore,2026-07-08T18:59:22Z
2026-07-08T18:58:29Z,2026-07-08T20:58:29+0200,e401fd36-f4a8-45e5-ad91-bdd87731a7ba,2026-06-15T18:00:00Z,2026-06-15T20:00:00+0200,1292.37,MW,FR,FR,forecast_onshore_wind_generation,Wind Onshore,2026-07-08T18:59:22Z
2026-07-08T18:58:29Z,2026-07-08T20:58:29+0200,e401fd36-f4a8-45e5-ad91-bdd87731a7ba,2026-06-15T18:15:00Z,2026-06-15T20:15:00+0200,1426.14001,MW,FR,FR,forecast_onshore_wind_generation,Wind Onshore,2026-07-08T18:59:22Z
2026-07-08T18:58:29Z,2026-07-08T20:58:29+0200,e401fd36-f4a8-45e5-ad91-bdd87731a7ba,2026-06-15T18:30:00Z,2026-06-15T20:30:00+0200,1560.07007,MW,FR,FR,forecast_onshore_wind_generation,Wind Onshore,2026-07-08T18:59:22Z
2026-07-08T18:58:29Z,2026-07-08T20:58:29+0200,e401fd36-f4a8-45e5-ad91-bdd87731a7ba,2026-06-15T18:45:00Z,2026-06-15T20:45:00+0200,1694.01001,MW,FR,FR,forecast_onshore_wind_generation,Wind Onshore,2026-07-08T18:59:22Z
2026-07-08T18:58:29Z,2026-07-08T20:58:29+0200,e401fd36-f4a8-45e5-ad91-bdd87731a7ba,2026-06-15T19:00:00Z,2026-06-15T21:00:00+0200,1827.96008,MW,FR,FR,forecast_onshore_wind_generation,Wind Onshore,2026-07-08T18:59:22Z
2026-07-08T18:58:29Z,2026-07-08T20:58:29+0200,e401fd36-f4a8-45e5-ad91-bdd87731a7ba,2026-06-15T19:15:00Z,2026-06-15T21:15:00+0200,2022.22009,MW,FR,FR,forecast_onshore_wind_generation,Wind Onshore,2026-07-08T18:59:22Z
2026-07-08T18:58:29Z,2026-07-08T20:58:29+0200,e401fd36-f4a8-45e5-ad91-bdd87731a7ba,2026-06-15T19:30:00Z,2026-06-15T21:30:00+0200,2216.47998,MW,FR,FR,forecast_onshore_wind_generation,Wind Onshore,2026-07-08T18:59:22Z
2026-07-08T18:58:29Z,2026-07-08T20:58:29+0200,e401fd36-f4a8-45e5-ad91-bdd87731a7ba,2026-06-15T19:45:00Z,2026-06-15T21:45:00+0200,2410.76001,MW,FR,FR,forecast_onshore_wind_generation,Wind Onshore,2026-07-08T18:59:22Z
2026-07-08T18:58:29Z,2026-07-08T20:58:29+0200,e401fd36-f4a8-45e5-ad91-bdd87731a7ba,2026-06-15T20:00:00Z,2026-06-15T22:00:00+0200,2605.04004,MW,FR,FR,forecast_onshore_wind_generation,Wind Onshore,2026-07-08T18:59:22Z
2026-07-08T18:58:29Z,2026-07-08T20:58:29+0200,e401fd36-f4a8-45e5-ad91-bdd87731a7ba,2026-06-15T20:15:00Z,2026-06-15T22:15:00+0200,2802.04004,MW,FR,FR,forecast_onshore_wind_generation,Wind Onshore,2026-07-08T18:59:22Z
2026-07-08T18:58:29Z,2026-07-08T20:58:29+0200,e401fd36-f4a8-45e5-ad91-bdd87731a7ba,2026-06-15T20:30:00Z,2026-06-15T22:30:00+0200,2999.07983,MW,FR,FR,forecast_onshore_wind_generation,Wind Onshore,2026-07-08T18:59:22Z
2026-07-08T18:58:29Z,2026-07-08T20:58:29+0200,e401fd36-f4a8-45e5-ad91-bdd87731a7ba,2026-06-15T20:45:00Z,2026-06-15T22:45:00+0200,3196.19995,MW,FR,FR,forecast_onshore_wind_generation,Wind Onshore,2026-07-08T18:59:22Z
2026-07-08T18:58:29Z,2026-07-08T20:58:29+0200,e401fd36-f4a8-45e5-ad91-bdd87731a7ba,2026-06-15T21:00:00Z,2026-06-15T23:00:00+0200,3393.33008,MW,FR,FR,forecast_onshore_wind_generation,Wind Onshore,2026-07-08T18:59:22Z
2026-07-08T18:58:29Z,2026-07-08T20:58:29+0200,e401fd36-f4a8-45e5-ad91-bdd87731a7ba,2026-06-15T21:15:00Z,2026-06-15T23:15:00+0200,3545.73999,MW,FR,FR,forecast_onshore_wind_generation,Wind Onshore,2026-07-08T18:59:22Z
2026-07-08T18:58:29Z,2026-07-08T20:58:29+0200,e401fd36-f4a8-45e5-ad91-bdd87731a7ba,2026-06-15T21:30:00Z,2026-06-15T23:30:00+0200,3698.18994,MW,FR,FR,forecast_onshore_wind_generation,Wind Onshore,2026-07-08T18:59:22Z
2026-07-08T18:58:29Z,2026-07-08T20:58:29+0200,e401fd36-f4a8-45e5-ad91-bdd87731a7ba,2026-06-15T21:45:00Z,2026-06-15T23:45:00+0200,3850.62012,MW,FR,FR,forecast_onshore_wind_generation,Wind Onshore,2026-07-08T18:59:22Z
2026-07-08T18:58:29Z,2026-07-08T20:58:29+0200,e401fd36-f4a8-45e5-ad91-bdd87731a7ba,2026-06-15T22:00:00Z,2026-06-16T00:00:00+0200,4020.6001,MW,FR,FR,forecast_onshore_wind_generation,Wind Onshore,2026-07-08T18:59:22Z
2026-07-08T18:58:29Z,2026-07-08T20:58:29+0200,e401fd36-f4a8-45e5-ad91-bdd87731a7ba,2026-06-15T22:15:00Z,2026-06-16T00:15:00+0200,4074.37012,MW,FR,FR,forecast_onshore_wind_generation,Wind Onshore,2026-07-08T18:59:22Z
2026-07-08T18:58:29Z,2026-07-08T20:58:29+0200,e401fd36-f4a8-45e5-ad91-bdd87731a7ba,2026-06-15T22:30:00Z,2026-06-16T00:30:00+0200,4129.01025,MW,FR,FR,forecast_onshore_wind_generation,Wind Onshore,2026-07-08T18:59:22Z
2026-07-08T18:58:29Z,2026-07-08T20:58:29+0200,e401fd36-f4a8-45e5-ad91-bdd87731a7ba,2026-06-15T22:45:00Z,2026-06-16T00:45:00+0200,4184.1499,MW,FR,FR,forecast_onshore_wind_generation,Wind Onshore,2026-07-08T18:59:22Z
2026-07-08T18:58:29Z,2026-07-08T20:58:29+0200,e401fd36-f4a8-45e5-ad91-bdd87731a7ba,2026-06-15T23:00:00Z,2026-06-16T01:00:00+0200,4239.34961,MW,FR,FR,forecast_onshore_wind_generation,Wind Onshore,2026-07-08T18:59:22Z
2026-07-08T18:58:29Z,2026-07-08T20:58:29+0200,e401fd36-f4a8-45e5-ad91-bdd87731a7ba,2026-06-15T23:15:00Z,2026-06-16T01:15:00+0200,4206.44043,MW,FR,FR,forecast_onshore_wind_generation,Wind Onshore,2026-07-08T18:59:22Z
2026-07-08T18:58:29Z,2026-07-08T20:58:29+0200,e401fd36-f4a8-45e5-ad91-bdd87731a7ba,2026-06-15T23:30:00Z,2026-06-16T01:30:00+0200,4173.80029,MW,FR,FR,forecast_onshore_wind_generation,Wind Onshore,2026-07-08T18:59:22Z
2026-07-08T18:58:29Z,2026-07-08T20:58:29+0200,e401fd36-f4a8-45e5-ad91-bdd87731a7ba,2026-06-15T23:45:00Z,2026-06-16T01:45:00+0200,4141.47998,MW,FR,FR,forecast_onshore_wind_generation,Wind Onshore,2026-07-08T18:59:22Z
2026-07-08T18:58:29Z,2026-07-08T20:58:29+0200,e401fd36-f4a8-45e5-ad91-bdd87731a7ba,2026-06-16T00:00:00Z,2026-06-16T02:00:00+0200,4109.2998,MW,FR,FR,forecast_onshore_wind_generation,Wind Onshore,2026-07-08T18:59:22Z
2026-07-08T18:58:29Z,2026-07-08T20:58:29+0200,e401fd36-f4a8-45e5-ad91-bdd87731a7ba,2026-06-16T00:15:00Z,2026-06-16T02:15:00+0200,4033.0,MW,FR,FR,forecast_onshore_wind_generation,Wind Onshore,2026-07-08T18:59:22Z
2026-07-08T18:58:29Z,2026-07-08T20:58:29+0200,e401fd36-f4a8-45e5-ad91-bdd87731a7ba,2026-06-16T00:30:00Z,2026-06-16T02:30:00+0200,3956.8999,MW,FR,FR,forecast_onshore_wind_generation,Wind Onshore,2026-07-08T18:59:22Z
2026-07-08T18:58:29Z,2026-07-08T20:58:29+0200,e401fd36-f4a8-45e5-ad91-bdd87731a7ba,2026-06-16T00:45:00Z,2026-06-16T02:45:00+0200,3880.97021,MW,FR,FR,forecast_onshore_wind_generation,Wind Onshore,2026-07-08T18:59:22Z
2026-07-08T18:58:29Z,2026-07-08T20:58:29+0200,e401fd36-f4a8-45e5-ad91-bdd87731a7ba,2026-06-16T01:00:00Z,2026-06-16T03:00:00+0200,3805.2002,MW,FR,FR,forecast_onshore_wind_generation,Wind Onshore,2026-07-08T18:59:22Z
2026-07-08T18:58:29Z,2026-07-08T20:58:29+0200,e401fd36-f4a8-45e5-ad91-bdd87731a7ba,2026-06-16T01:15:00Z,2026-06-16T03:15:00+0200,3782.78979,MW,FR,FR,forecast_onshore_wind_generation,Wind Onshore,2026-07-08T18:59:22Z
2026-07-08T18:58:29Z,2026-07-08T20:58:29+0200,e401fd36-f4a8-45e5-ad91-bdd87731a7ba,2026-06-16T01:30:00Z,2026-06-16T03:30:00+0200,3760.68018,MW,FR,FR,forecast_onshore_wind_generation,Wind Onshore,2026-07-08T18:59:22Z
2026-07-08T18:58:29Z,2026-07-08T20:58:29+0200,e401fd36-f4a8-45e5-ad91-bdd87731a7ba,2026-06-16T01:45:00Z,2026-06-16T03:45:00+0200,3738.69995,MW,FR,FR,forecast_onshore_wind_generation,Wind Onshore,2026-07-08T18:59:22Z
2026-07-08T18:58:29Z,2026-07-08T20:58:29+0200,e401fd36-f4a8-45e5-ad91-bdd87731a7ba,2026-06-16T02:00:00Z,2026-06-16T04:00:00+0200,3716.71973,MW,FR,FR,forecast_onshore_wind_generation,Wind Onshore,2026-07-08T18:59:22Z
2026-07-08T18:58:29Z,2026-07-08T20:58:29+0200,e401fd36-f4a8-45e5-ad91-bdd87731a7ba,2026-06-16T02:15:00Z,2026-06-16T04:15:00+0200,3627.17969,MW,FR,FR,forecast_onshore_wind_generation,Wind Onshore,2026-07-08T18:59:22Z
2026-07-08T18:58:29Z,2026-07-08T20:58:29+0200,e401fd36-f4a8-45e5-ad91-bdd87731a7ba,2026-06-16T02:30:00Z,2026-06-16T04:30:00+0200,3537.62988,MW,FR,FR,forecast_onshore_wind_generation,Wind Onshore,2026-07-08T18:59:22Z
2026-07-08T18:58:29Z,2026-07-08T20:58:29+0200,e401fd36-f4a8-45e5-ad91-bdd87731a7ba,2026-06-16T02:45:00Z,2026-06-16T04:45:00+0200,3448.0,MW,FR,FR,forecast_onshore_wind_generation,Wind Onshore,2026-07-08T18:59:22Z
2026-07-08T18:58:29Z,2026-07-08T20:58:29+0200,e401fd36-f4a8-45e5-ad91-bdd87731a7ba,2026-06-16T03:00:00Z,2026-06-16T05:00:00+0200,3358.38989,MW,FR,FR,forecast_onshore_wind_generation,Wind Onshore,2026-07-08T18:59:22Z
2026-07-08T18:58:29Z,2026-07-08T20:58:29+0200,e401fd36-f4a8-45e5-ad91-bdd87731a7ba,2026-06-16T03:15:00Z,2026-06-16T05:15:00+0200,3239.06982,MW,FR,FR,forecast_onshore_wind_generation,Wind Onshore,2026-07-08T18:59:22Z
2026-07-08T18:58:29Z,2026-07-08T20:58:29+0200,e401fd36-f4a8-45e5-ad91-bdd87731a7ba,2026-06-16T03:30:00Z,2026-06-16T05:30:00+0200,3119.77002,MW,FR,FR,forecast_onshore_wind_generation,Wind Onshore,2026-07-08T18:59:22Z
2026-07-08T18:58:29Z,2026-07-08T20:58:29+0200,e401fd36-f4a8-45e5-ad91-bdd87731a7ba,2026-06-16T03:45:00Z,2026-06-16T05:45:00+0200,3000.62012,MW,FR,FR,forecast_onshore_wind_generation,Wind Onshore,2026-07-08T18:59:22Z
2026-07-08T18:58:29Z,2026-07-08T20:58:29+0200,e401fd36-f4a8-45e5-ad91-bdd87731a7ba,2026-06-16T04:00:00Z,2026-06-16T06:00:00+0200,2881.45996,MW,FR,FR,forecast_onshore_wind_generation,Wind Onshore,2026-07-08T18:59:22Z
2026-07-08T18:58:29Z,2026-07-08T20:58:29+0200,e401fd36-f4a8-45e5-ad91-bdd87731a7ba,2026-06-16T04:15:00Z,2026-06-16T06:15:00+0200,2764.70996,MW,FR,FR,forecast_onshore_wind_generation,Wind Onshore,2026-07-08T18:59:22Z
2026-07-08T18:58:29Z,2026-07-08T20:58:29+0200,e401fd36-f4a8-45e5-ad91-bdd87731a7ba,2026-06-16T04:30:00Z,2026-06-16T06:30:00+0200,2647.97998,MW,FR,FR,forecast_onshore_wind_generation,Wind Onshore,2026-07-08T18:59:22Z
2026-07-08T18:58:29Z,2026-07-08T20:58:29+0200,e401fd36-f4a8-45e5-ad91-bdd87731a7ba,2026-06-16T04:45:00Z,2026-06-16T06:45:00+0200,2531.34985,MW,FR,FR,forecast_onshore_wind_generation,Wind Onshore,2026-07-08T18:59:22Z
2026-07-08T18:58:29Z,2026-07-08T20:58:29+0200,e401fd36-f4a8-45e5-ad91-bdd87731a7ba,2026-06-16T05:00:00Z,2026-06-16T07:00:00+0200,2414.69995,MW,FR,FR,forecast_onshore_wind_generation,Wind Onshore,2026-07-08T18:59:22Z
2026-07-08T18:58:29Z,2026-07-08T20:58:29+0200,e401fd36-f4a8-45e5-ad91-bdd87731a7ba,2026-06-16T05:15:00Z,2026-06-16T07:15:00+0200,2313.46021,MW,FR,FR,forecast_onshore_wind_generation,Wind Onshore,2026-07-08T18:59:22Z
2026-07-08T18:58:29Z,2026-07-08T20:58:29+0200,e401fd36-f4a8-45e5-ad91-bdd87731a7ba,2026-06-16T05:30:00Z,2026-06-16T07:30:00+0200,2212.27002,MW,FR,FR,forecast_onshore_wind_generation,Wind Onshore,2026-07-08T18:59:22Z
2026-07-08T18:58:29Z,2026-07-08T20:58:29+0200,e401fd36-f4a8-45e5-ad91-bdd87731a7ba,2026-06-16T05:45:00Z,2026-06-16T07:45:00+0200,2111.27002,MW,FR,FR,forecast_onshore_wind_generation,Wind Onshore,2026-07-08T18:59:22Z
2026-07-08T18:58:29Z,2026-07-08T20:58:29+0200,e401fd36-f4a8-45e5-ad91-bdd87731a7ba,2026-06-16T06:00:00Z,2026-06-16T08:00:00+0200,2010.44006,MW,FR,FR,forecast_onshore_wind_generation,Wind Onshore,2026-07-08T18:59:22Z
2026-07-08T18:58:29Z,2026-07-08T20:58:29+0200,e401fd36-f4a8-45e5-ad91-bdd87731a7ba,2026-06-16T06:15:00Z,2026-06-16T08:15:00+0200,1913.46008,MW,FR,FR,forecast_onshore_wind_generation,Wind Onshore,2026-07-08T18:59:22Z
2026-07-08T18:58:29Z,2026-07-08T20:58:29+0200,e401fd36-f4a8-45e5-ad91-bdd87731a7ba,2026-06-16T06:30:00Z,2026-06-16T08:30:00+0200,1816.71008,MW,FR,FR,forecast_onshore_wind_generation,Wind Onshore,2026-07-08T18:59:22Z
2026-07-08T18:58:29Z,2026-07-08T20:58:29+0200,e401fd36-f4a8-45e5-ad91-bdd87731a7ba,2026-06-16T06:45:00Z,2026-06-16T08:45:00+0200,1720.34009,MW,FR,FR,forecast_onshore_wind_generation,Wind Onshore,2026-07-08T18:59:22Z
2026-07-08T18:58:29Z,2026-07-08T20:58:29+0200,e401fd36-f4a8-45e5-ad91-bdd87731a7ba,2026-06-16T07:00:00Z,2026-06-16T09:00:00+0200,1624.01001,MW,FR,FR,forecast_onshore_wind_generation,Wind Onshore,2026-07-08T18:59:22Z
2026-07-08T18:58:29Z,2026-07-08T20:58:29+0200,e401fd36-f4a8-45e5-ad91-bdd87731a7ba,2026-06-16T07:15:00Z,2026-06-16T09:15:00+0200,1569.0,MW,FR,FR,forecast_onshore_wind_generation,Wind Onshore,2026-07-08T18:59:22Z
2026-07-08T18:58:29Z,2026-07-08T20:58:29+0200,e401fd36-f4a8-45e5-ad91-bdd87731a7ba,2026-06-16T07:30:00Z,2026-06-16T09:30:00+0200,1514.01001,MW,FR,FR,forecast_onshore_wind_generation,Wind Onshore,2026-07-08T18:59:22Z
2026-07-08T18:58:29Z,2026-07-08T20:58:29+0200,e401fd36-f4a8-45e5-ad91-bdd87731a7ba,2026-06-16T07:45:00Z,2026-06-16T09:45:00+0200,1459.06006,MW,FR,FR,forecast_onshore_wind_generation,Wind Onshore,2026-07-08T18:59:22Z
2026-07-08T18:58:29Z,2026-07-08T20:58:29+0200,e401fd36-f4a8-45e5-ad91-bdd87731a7ba,2026-06-16T08:00:00Z,2026-06-16T10:00:00+0200,1404.12,MW,FR,FR,forecast_onshore_wind_generation,Wind Onshore,2026-07-08T18:59:22Z
2026-07-08T18:58:29Z,2026-07-08T20:58:29+0200,e401fd36-f4a8-45e5-ad91-bdd87731a7ba,2026-06-16T08:15:00Z,2026-06-16T10:15:00+0200,1420.06006,MW,FR,FR,forecast_onshore_wind_generation,Wind Onshore,2026-07-08T18:59:22Z
2026-07-08T18:58:29Z,2026-07-08T20:58:29+0200,e401fd36-f4a8-45e5-ad91-bdd87731a7ba,2026-06-16T08:30:00Z,2026-06-16T10:30:00+0200,1436.02002,MW,FR,FR,forecast_onshore_wind_generation,Wind Onshore,2026-07-08T18:59:22Z
2026-07-08T18:58:29Z,2026-07-08T20:58:29+0200,e401fd36-f4a8-45e5-ad91-bdd87731a7ba,2026-06-16T08:45:00Z,2026-06-16T10:45:00+0200,1452.04004,MW,FR,FR,forecast_onshore_wind_generation,Wind Onshore,2026-07-08T18:59:22Z
2026-07-08T18:58:29Z,2026-07-08T20:58:29+0200,e401fd36-f4a8-45e5-ad91-bdd87731a7ba,2026-06-16T09:00:00Z,2026-06-16T11:00:00+0200,1468.11011,MW,FR,FR,forecast_onshore_wind_generation,Wind Onshore,2026-07-08T18:59:22Z
2026-07-08T18:58:29Z,2026-07-08T20:58:29+0200,e401fd36-f4a8-45e5-ad91-bdd87731a7ba,2026-06-16T09:15:00Z,2026-06-16T11:15:00+0200,1520.37988,MW,FR,FR,forecast_onshore_wind_generation,Wind Onshore,2026-07-08T18:59:22Z
2026-07-08T18:58:29Z,2026-07-08T20:58:29+0200,e401fd36-f4a8-45e5-ad91-bdd87731a7ba,2026-06-16T09:30:00Z,2026-06-16T11:30:00+0200,1572.6499,MW,FR,FR,forecast_onshore_wind_generation,Wind Onshore,2026-07-08T18:59:22Z
2026-07-08T18:58:29Z,2026-07-08T20:58:29+0200,e401fd36-f4a8-45e5-ad91-bdd87731a7ba,2026-06-16T09:45:00Z,2026-06-16T11:45:00+0200,1624.94995,MW,FR,FR,forecast_onshore_wind_generation,Wind Onshore,2026-07-08T18:59:22Z
2026-07-08T18:58:29Z,2026-07-08T20:58:29+0200,e401fd36-f4a8-45e5-ad91-bdd87731a7ba,2026-06-16T10:00:00Z,2026-06-16T12:00:00+0200,1677.25,MW,FR,FR,forecast_onshore_wind_generation,Wind Onshore,2026-07-08T18:59:22Z
2026-07-08T18:58:29Z,2026-07-08T20:58:29+0200,e401fd36-f4a8-45e5-ad91-bdd87731a7ba,2026-06-16T10:15:00Z,2026-06-16T12:15:00+0200,1697.98999,MW,FR,FR,forecast_onshore_wind_generation,Wind Onshore,2026-07-08T18:59:22Z
2026-07-08T18:58:29Z,2026-07-08T20:58:29+0200,e401fd36-f4a8-45e5-ad91-bdd87731a7ba,2026-06-16T10:30:00Z,2026-06-16T12:30:00+0200,1718.73999,MW,FR,FR,forecast_onshore_wind_generation,Wind Onshore,2026-07-08T18:59:22Z
2026-07-08T18:58:29Z,2026-07-08T20:58:29+0200,e401fd36-f4a8-45e5-ad91-bdd87731a7ba,2026-06-16T10:45:00Z,2026-06-16T12:45:00+0200,1739.41003,MW,FR,FR,forecast_onshore_wind_generation,Wind Onshore,2026-07-08T18:59:22Z
2026-07-08T18:58:29Z,2026-07-08T20:58:29+0200,e401fd36-f4a8-45e5-ad91-bdd87731a7ba,2026-06-16T11:00:00Z,2026-06-16T13:00:00+0200,1760.06995,MW,FR,FR,forecast_onshore_wind_generation,Wind Onshore,2026-07-08T18:59:22Z
2026-07-08T18:58:29Z,2026-07-08T20:58:29+0200,e401fd36-f4a8-45e5-ad91-bdd87731a7ba,2026-06-16T11:15:00Z,2026-06-16T13:15:00+0200,1811.35999,MW,FR,FR,forecast_onshore_wind_generation,Wind Onshore,2026-07-08T18:59:22Z
2026-07-08T18:58:29Z,2026-07-08T20:58:29+0200,e401fd36-f4a8-45e5-ad91-bdd87731a7ba,2026-06-16T11:30:00Z,2026-06-16T13:30:00+0200,1862.63,MW,FR,FR,forecast_onshore_wind_generation,Wind Onshore,2026-07-08T18:59:22Z
2026-07-08T18:58:29Z,2026-07-08T20:58:29+0200,e401fd36-f4a8-45e5-ad91-bdd87731a7ba,2026-06-16T11:45:00Z,2026-06-16T13:45:00+0200,1913.9801,MW,FR,FR,forecast_onshore_wind_generation,Wind Onshore,2026-07-08T18:59:22Z
2026-07-08T18:58:29Z,2026-07-08T20:58:29+0200,e401fd36-f4a8-45e5-ad91-bdd87731a7ba,2026-06-16T12:00:00Z,2026-06-16T14:00:00+0200,1965.31995,MW,FR,FR,forecast_onshore_wind_generation,Wind Onshore,2026-07-08T18:59:22Z
2026-07-08T18:58:29Z,2026-07-08T20:58:29+0200,e401fd36-f4a8-45e5-ad91-bdd87731a7ba,2026-06-16T12:15:00Z,2026-06-16T14:15:00+0200,2024.97998,MW,FR,FR,forecast_onshore_wind_generation,Wind Onshore,2026-07-08T18:59:22Z
2026-07-08T18:58:29Z,2026-07-08T20:58:29+0200,e401fd36-f4a8-45e5-ad91-bdd87731a7ba,2026-06-16T12:30:00Z,2026-06-16T14:30:00+0200,2084.70996,MW,FR,FR,forecast_onshore_wind_generation,Wind Onshore,2026-07-08T18:59:22Z
2026-07-08T18:58:29Z,2026-07-08T20:58:29+0200,e401fd36-f4a8-45e5-ad91-bdd87731a7ba,2026-06-16T12:45:00Z,2026-06-16T14:45:00+0200,2144.43018,MW,FR,FR,forecast_onshore_wind_generation,Wind Onshore,2026-07-08T18:59:22Z
2026-07-08T18:58:29Z,2026-07-08T20:58:29+0200,e401fd36-f4a8-45e5-ad91-bdd87731a7ba,2026-06-16T13:00:00Z,2026-06-16T15:00:00+0200,2204.15991,MW,FR,FR,forecast_onshore_wind_generation,Wind Onshore,2026-07-08T18:59:22Z
2026-07-08T18:58:29Z,2026-07-08T20:58:29+0200,e401fd36-f4a8-45e5-ad91-bdd87731a7ba,2026-06-16T13:15:00Z,2026-06-16T15:15:00+0200,2274.71997,MW,FR,FR,forecast_onshore_wind_generation,Wind Onshore,2026-07-08T18:59:22Z
2026-07-08T18:58:29Z,2026-07-08T20:58:29+0200,e401fd36-f4a8-45e5-ad91-bdd87731a7ba,2026-06-16T13:30:00Z,2026-06-16T15:30:00+0200,2345.27002,MW,FR,FR,forecast_onshore_wind_generation,Wind Onshore,2026-07-08T18:59:22Z
2026-07-08T18:58:29Z,2026-07-08T20:58:29+0200,e401fd36-f4a8-45e5-ad91-bdd87731a7ba,2026-06-16T13:45:00Z,2026-06-16T15:45:00+0200,2415.77002,MW,FR,FR,forecast_onshore_wind_generation,Wind Onshore,2026-07-08T18:59:22Z
2026-07-08T18:58:29Z,2026-07-08T20:58:29+0200,e401fd36-f4a8-45e5-ad91-bdd87731a7ba,2026-06-16T14:00:00Z,2026-06-16T16:00:00+0200,2486.25,MW,FR,FR,forecast_onshore_wind_generation,Wind Onshore,2026-07-08T18:59:22Z
2026-07-08T18:58:29Z,2026-07-08T20:58:29+0200,e401fd36-f4a8-45e5-ad91-bdd87731a7ba,2026-06-16T14:15:00Z,2026-06-16T16:15:00+0200,2538.02979,MW,FR,FR,forecast_onshore_wind_generation,Wind Onshore,2026-07-08T18:59:22Z
2026-07-08T18:58:29Z,2026-07-08T20:58:29+0200,e401fd36-f4a8-45e5-ad91-bdd87731a7ba,2026-06-16T14:30:00Z,2026-06-16T16:30:00+0200,2589.80005,MW,FR,FR,forecast_onshore_wind_generation,Wind Onshore,2026-07-08T18:59:22Z
2026-07-08T18:58:29Z,2026-07-08T20:58:29+0200,e401fd36-f4a8-45e5-ad91-bdd87731a7ba,2026-06-16T14:45:00Z,2026-06-16T16:45:00+0200,2641.5,MW,FR,FR,forecast_onshore_wind_generation,Wind Onshore,2026-07-08T18:59:22Z
2026-07-08T18:58:29Z,2026-07-08T20:58:29+0200,e401fd36-f4a8-45e5-ad91-bdd87731a7ba,2026-06-16T15:00:00Z,2026-06-16T17:00:00+0200,2693.16992,MW,FR,FR,forecast_onshore_wind_generation,Wind Onshore,2026-07-08T18:59:22Z
2026-07-08T18:58:29Z,2026-07-08T20:58:29+0200,e401fd36-f4a8-45e5-ad91-bdd87731a7ba,2026-06-16T15:15:00Z,2026-06-16T17:15:00+0200,2727.66016,MW,FR,FR,forecast_onshore_wind_generation,Wind Onshore,2026-07-08T18:59:22Z
2026-07-08T18:58:29Z,2026-07-08T20:58:29+0200,e401fd36-f4a8-45e5-ad91-bdd87731a7ba,2026-06-16T15:30:00Z,2026-06-16T17:30:00+0200,2762.13989,MW,FR,FR,forecast_onshore_wind_generation,Wind Onshore,2026-07-08T18:59:22Z
2026-07-08T18:58:29Z,2026-07-08T20:58:29+0200,e401fd36-f4a8-45e5-ad91-bdd87731a7ba,2026-06-16T15:45:00Z,2026-06-16T17:45:00+0200,2796.45996,MW,FR,FR,forecast_onshore_wind_generation,Wind Onshore,2026-07-08T18:59:22Z
2026-07-08T18:58:29Z,2026-07-08T20:58:29+0200,e401fd36-f4a8-45e5-ad91-bdd87731a7ba,2026-06-16T16:00:00Z,2026-06-16T18:00:00+0200,2830.75,MW,FR,FR,forecast_onshore_wind_generation,Wind Onshore,2026-07-08T18:59:22Z
2026-07-08T18:58:29Z,2026-07-08T20:58:29+0200,e401fd36-f4a8-45e5-ad91-bdd87731a7ba,2026-06-16T16:15:00Z,2026-06-16T18:15:00+0200,2781.66016,MW,FR,FR,forecast_onshore_wind_generation,Wind Onshore,2026-07-08T18:59:22Z
2026-07-08T18:58:29Z,2026-07-08T20:58:29+0200,e401fd36-f4a8-45e5-ad91-bdd87731a7ba,2026-06-16T16:30:00Z,2026-06-16T18:30:00+0200,2732.68994,MW,FR,FR,forecast_onshore_wind_generation,Wind Onshore,2026-07-08T18:59:22Z
2026-07-08T18:58:29Z,2026-07-08T20:58:29+0200,e401fd36-f4a8-45e5-ad91-bdd87731a7ba,2026-06-16T16:45:00Z,2026-06-16T18:45:00+0200,2683.66016,MW,FR,FR,forecast_onshore_wind_generation,Wind Onshore,2026-07-08T18:59:22Z
2026-07-08T18:58:29Z,2026-07-08T20:58:29+0200,e401fd36-f4a8-45e5-ad91-bdd87731a7ba,2026-06-16T17:00:00Z,2026-06-16T19:00:00+0200,2634.65015,MW,FR,FR,forecast_onshore_wind_generation,Wind Onshore,2026-07-08T18:59:22Z
2026-07-08T18:58:29Z,2026-07-08T20:58:29+0200,e401fd36-f4a8-45e5-ad91-bdd87731a7ba,2026-06-16T17:15:00Z,2026-06-16T19:15:00+0200,2546.13989,MW,FR,FR,forecast_onshore_wind_generation,Wind Onshore,2026-07-08T18:59:22Z
2026-07-08T18:58:29Z,2026-07-08T20:58:29+0200,e401fd36-f4a8-45e5-ad91-bdd87731a7ba,2026-06-16T17:30:00Z,2026-06-16T19:30:00+0200,2457.87988,MW,FR,FR,forecast_onshore_wind_generation,Wind Onshore,2026-07-08T18:59:22Z
2026-07-08T18:58:29Z,2026-07-08T20:58:29+0200,e401fd36-f4a8-45e5-ad91-bdd87731a7ba,2026-06-16T17:45:00Z,2026-06-16T19:45:00+0200,2369.54004,MW,FR,FR,forecast_onshore_wind_generation,Wind Onshore,2026-07-08T18:59:22Z
2026-07-08T18:58:29Z,2026-07-08T20:58:29+0200,e401fd36-f4a8-45e5-ad91-bdd87731a7ba,2026-06-16T18:00:00Z,2026-06-16T20:00:00+0200,2281.3501,MW,FR,FR,forecast_onshore_wind_generation,Wind Onshore,2026-07-08T18:59:22Z
2026-07-08T18:58:29Z,2026-07-08T20:58:29+0200,e401fd36-f4a8-45e5-ad91-bdd87731a7ba,2026-06-16T18:15:00Z,2026-06-16T20:15:00+0200,2260.90991,MW,FR,FR,forecast_onshore_wind_generation,Wind Onshore,2026-07-08T18:59:22Z
2026-07-08T18:58:29Z,2026-07-08T20:58:29+0200,e401fd36-f4a8-45e5-ad91-bdd87731a7ba,2026-06-16T18:30:00Z,2026-06-16T20:30:00+0200,2240.86011,MW,FR,FR,forecast_onshore_wind_generation,Wind Onshore,2026-07-08T18:59:22Z
2026-07-08T18:58:29Z,2026-07-08T20:58:29+0200,e401fd36-f4a8-45e5-ad91-bdd87731a7ba,2026-06-16T18:45:00Z,2026-06-16T20:45:00+0200,2220.88989,MW,FR,FR,forecast_onshore_wind_generation,Wind Onshore,2026-07-08T18:59:22Z
2026-07-08T18:58:29Z,2026-07-08T20:58:29+0200,e401fd36-f4a8-45e5-ad91-bdd87731a7ba,2026-06-16T19:00:00Z,2026-06-16T21:00:00+0200,2200.93994,MW,FR,FR,forecast_onshore_wind_generation,Wind Onshore,2026-07-08T18:59:22Z
2026-07-08T18:58:29Z,2026-07-08T20:58:29+0200,e401fd36-f4a8-45e5-ad91-bdd87731a7ba,2026-06-16T19:15:00Z,2026-06-16T21:15:00+0200,2283.27979,MW,FR,FR,forecast_onshore_wind_generation,Wind Onshore,2026-07-08T18:59:22Z
2026-07-08T18:58:29Z,2026-07-08T20:58:29+0200,e401fd36-f4a8-45e5-ad91-bdd87731a7ba,2026-06-16T19:30:00Z,2026-06-16T21:30:00+0200,2367.78003,MW,FR,FR,forecast_onshore_wind_generation,Wind Onshore,2026-07-08T18:59:22Z
2026-07-08T18:58:29Z,2026-07-08T20:58:29+0200,e401fd36-f4a8-45e5-ad91-bdd87731a7ba,2026-06-16T19:45:00Z,2026-06-16T21:45:00+0200,2452.40991,MW,FR,FR,forecast_onshore_wind_generation,Wind Onshore,2026-07-08T18:59:22Z
2026-07-08T18:58:29Z,2026-07-08T20:58:29+0200,e401fd36-f4a8-45e5-ad91-bdd87731a7ba,2026-06-16T20:00:00Z,2026-06-16T22:00:00+0200,2537.08008,MW,FR,FR,forecast_onshore_wind_generation,Wind Onshore,2026-07-08T18:59:22Z
2026-07-08T18:58:29Z,2026-07-08T20:58:29+0200,e401fd36-f4a8-45e5-ad91-bdd87731a7ba,2026-06-16T20:15:00Z,2026-06-16T22:15:00+0200,2558.64014,MW,FR,FR,forecast_onshore_wind_generation,Wind Onshore,2026-07-08T18:59:22Z
2026-07-08T18:58:29Z,2026-07-08T20:58:29+0200,e401fd36-f4a8-45e5-ad91-bdd87731a7ba,2026-06-16T20:30:00Z,2026-06-16T22:30:00+0200,2580.2002,MW,FR,FR,forecast_onshore_wind_generation,Wind Onshore,2026-07-08T18:59:22Z
2026-07-08T18:58:29Z,2026-07-08T20:58:29+0200,e401fd36-f4a8-45e5-ad91-bdd87731a7ba,2026-06-16T20:45:00Z,2026-06-16T22:45:00+0200,2601.91992,MW,FR,FR,forecast_onshore_wind_generation,Wind Onshore,2026-07-08T18:59:22Z
2026-07-08T18:58:29Z,2026-07-08T20:58:29+0200,e401fd36-f4a8-45e5-ad91-bdd87731a7ba,2026-06-16T21:00:00Z,2026-06-16T23:00:00+0200,2623.63989,MW,FR,FR,forecast_onshore_wind_generation,Wind Onshore,2026-07-08T18:59:22Z
2026-07-08T18:58:29Z,2026-07-08T20:58:29+0200,e401fd36-f4a8-45e5-ad91-bdd87731a7ba,2026-06-16T21:15:00Z,2026-06-16T23:15:00+0200,2567.06982,MW,FR,FR,forecast_onshore_wind_generation,Wind Onshore,2026-07-08T18:59:22Z
2026-07-08T18:58:29Z,2026-07-08T20:58:29+0200,e401fd36-f4a8-45e5-ad91-bdd87731a7ba,2026-06-16T21:30:00Z,2026-06-16T23:30:00+0200,2510.54004,MW,FR,FR,forecast_onshore_wind_generation,Wind Onshore,2026-07-08T18:59:22Z
2026-07-08T18:58:29Z,2026-07-08T20:58:29+0200,e401fd36-f4a8-45e5-ad91-bdd87731a7ba,2026-06-16T21:45:00Z,2026-06-16T23:45:00+0200,2454.11987,MW,FR,FR,forecast_onshore_wind_generation,Wind Onshore,2026-07-08T18:59:22Z
2026-07-08T18:58:29Z,2026-07-08T20:58:29+0200,e401fd36-f4a8-45e5-ad91-bdd87731a7ba,2026-06-16T22:00:00Z,2026-06-17T00:00:00+0200,2102.88989,MW,FR,FR,forecast_onshore_wind_generation,Wind Onshore,2026-07-08T18:59:22Z
2026-07-08T18:58:29Z,2026-07-08T20:58:29+0200,e401fd36-f4a8-45e5-ad91-bdd87731a7ba,2026-06-16T22:15:00Z,2026-06-17T00:15:00+0200,2034.54004,MW,FR,FR,forecast_onshore_wind_generation,Wind Onshore,2026-07-08T18:59:22Z
2026-07-08T18:58:29Z,2026-07-08T20:58:29+0200,e401fd36-f4a8-45e5-ad91-bdd87731a7ba,2026-06-16T22:30:00Z,2026-06-17T00:30:00+0200,1966.33997,MW,FR,FR,forecast_onshore_wind_generation,Wind Onshore,2026-07-08T18:59:22Z
2026-07-08T18:58:29Z,2026-07-08T20:58:29+0200,e401fd36-f4a8-45e5-ad91-bdd87731a7ba,2026-06-16T22:45:00Z,2026-06-17T00:45:00+0200,1898.32007,MW,FR,FR,forecast_onshore_wind_generation,Wind Onshore,2026-07-08T18:59:22Z
2026-07-08T18:58:29Z,2026-07-08T20:58:29+0200,e401fd36-f4a8-45e5-ad91-bdd87731a7ba,2026-06-16T23:00:00Z,2026-06-17T01:00:00+0200,1830.48999,MW,FR,FR,forecast_onshore_wind_generation,Wind Onshore,2026-07-08T18:59:22Z
2026-07-08T18:58:29Z,2026-07-08T20:58:29+0200,e401fd36-f4a8-45e5-ad91-bdd87731a7ba,2026-06-16T23:15:00Z,2026-06-17T01:15:00+0200,1754.78003,MW,FR,FR,forecast_onshore_wind_generation,Wind Onshore,2026-07-08T18:59:22Z
2026-07-08T18:58:29Z,2026-07-08T20:58:29+0200,e401fd36-f4a8-45e5-ad91-bdd87731a7ba,2026-06-16T23:30:00Z,2026-06-17T01:30:00+0200,1679.17993,MW,FR,FR,forecast_onshore_wind_generation,Wind Onshore,2026-07-08T18:59:22Z
2026-07-08T18:58:29Z,2026-07-08T20:58:29+0200,e401fd36-f4a8-45e5-ad91-bdd87731a7ba,2026-06-16T23:45:00Z,2026-06-17T01:45:00+0200,1603.87,MW,FR,FR,forecast_onshore_wind_generation,Wind Onshore,2026-07-08T18:59:22Z
2026-07-08T18:58:29Z,2026-07-08T20:58:29+0200,e401fd36-f4a8-45e5-ad91-bdd87731a7ba,2026-06-17T00:00:00Z,2026-06-17T02:00:00+0200,1528.91992,MW,FR,FR,forecast_onshore_wind_generation,Wind Onshore,2026-07-08T18:59:22Z
2026-07-08T18:58:29Z,2026-07-08T20:58:29+0200,e401fd36-f4a8-45e5-ad91-bdd87731a7ba,2026-06-17T00:15:00Z,2026-06-17T02:15:00+0200,1472.91992,MW,FR,FR,forecast_onshore_wind_generation,Wind Onshore,2026-07-08T18:59:22Z
2026-07-08T18:58:29Z,2026-07-08T20:58:29+0200,e401fd36-f4a8-45e5-ad91-bdd87731a7ba,2026-06-17T00:30:00Z,2026-06-17T02:30:00+0200,1417.11011,MW,FR,FR,forecast_onshore_wind_generation,Wind Onshore,2026-07-08T18:59:22Z
2026-07-08T18:58:29Z,2026-07-08T20:58:29+0200,e401fd36-f4a8-45e5-ad91-bdd87731a7ba,2026-06-17T00:45:00Z,2026-06-17T02:45:00+0200,1361.65002,MW,FR,FR,forecast_onshore_wind_generation,Wind Onshore,2026-07-08T18:59:22Z
2026-07-08T18:58:29Z,2026-07-08T20:58:29+0200,e401fd36-f4a8-45e5-ad91-bdd87731a7ba,2026-06-17T01:00:00Z,2026-06-17T03:00:00+0200,1306.67004,MW,FR,FR,forecast_onshore_wind_generation,Wind Onshore,2026-07-08T18:59:22Z
2026-07-08T18:58:29Z,2026-07-08T20:58:29+0200,e401fd36-f4a8-45e5-ad91-bdd87731a7ba,2026-06-17T01:15:00Z,2026-06-17T03:15:00+0200,1278.04993,MW,FR,FR,forecast_onshore_wind_generation,Wind Onshore,2026-07-08T18:59:22Z
2026-07-08T18:58:29Z,2026-07-08T20:58:29+0200,e401fd36-f4a8-45e5-ad91-bdd87731a7ba,2026-06-17T01:30:00Z,2026-06-17T03:30:00+0200,1249.58997,MW,FR,FR,forecast_onshore_wind_generation,Wind Onshore,2026-07-08T18:59:22Z
2026-07-08T18:58:29Z,2026-07-08T20:58:29+0200,e401fd36-f4a8-45e5-ad91-bdd87731a7ba,2026-06-17T01:45:00Z,2026-06-17T03:45:00+0200,1221.57996,MW,FR,FR,forecast_onshore_wind_generation,Wind Onshore,2026-07-08T18:59:22Z
2026-07-08T18:58:29Z,2026-07-08T20:58:29+0200,e401fd36-f4a8-45e5-ad91-bdd87731a7ba,2026-06-17T02:00:00Z,2026-06-17T04:00:00+0200,1194.14001,MW,FR,FR,forecast_onshore_wind_generation,Wind Onshore,2026-07-08T18:59:22Z
2026-07-08T18:58:29Z,2026-07-08T20:58:29+0200,e401fd36-f4a8-45e5-ad91-bdd87731a7ba,2026-06-17T02:15:00Z,2026-06-17T04:15:00+0200,1164.32996,MW,FR,FR,forecast_onshore_wind_generation,Wind Onshore,2026-07-08T18:59:22Z
2026-07-08T18:58:29Z,2026-07-08T20:58:29+0200,e401fd36-f4a8-45e5-ad91-bdd87731a7ba,2026-06-17T02:30:00Z,2026-06-17T04:30:00+0200,1134.68994,MW,FR,FR,forecast_onshore_wind_generation,Wind Onshore,2026-07-08T18:59:22Z
2026-07-08T18:58:29Z,2026-07-08T20:58:29+0200,e401fd36-f4a8-45e5-ad91-bdd87731a7ba,2026-06-17T02:45:00Z,2026-06-17T04:45:00+0200,1105.22998,MW,FR,FR,forecast_onshore_wind_generation,Wind Onshore,2026-07-08T18:59:22Z
2026-07-08T18:58:29Z,2026-07-08T20:58:29+0200,e401fd36-f4a8-45e5-ad91-bdd87731a7ba,2026-06-17T03:00:00Z,2026-06-17T05:00:00+0200,1075.94995,MW,FR,FR,forecast_onshore_wind_generation,Wind Onshore,2026-07-08T18:59:22Z
2026-07-08T18:58:29Z,2026-07-08T20:58:29+0200,e401fd36-f4a8-45e5-ad91-bdd87731a7ba,2026-06-17T03:15:00Z,2026-06-17T05:15:00+0200,1057.38,MW,FR,FR,forecast_onshore_wind_generation,Wind Onshore,2026-07-08T18:59:22Z
2026-07-08T18:58:29Z,2026-07-08T20:58:29+0200,e401fd36-f4a8-45e5-ad91-bdd87731a7ba,2026-06-17T03:30:00Z,2026-06-17T05:30:00+0200,1038.90002,MW,FR,FR,forecast_onshore_wind_generation,Wind Onshore,2026-07-08T18:59:22Z
2026-07-08T18:58:29Z,2026-07-08T20:58:29+0200,e401fd36-f4a8-45e5-ad91-bdd87731a7ba,2026-06-17T03:45:00Z,2026-06-17T05:45:00+0200,1020.64001,MW,FR,FR,forecast_onshore_wind_generation,Wind Onshore,2026-07-08T18:59:22Z
2026-07-08T18:58:29Z,2026-07-08T20:58:29+0200,e401fd36-f4a8-45e5-ad91-bdd87731a7ba,2026-06-17T04:00:00Z,2026-06-17T06:00:00+0200,1002.46008,MW,FR,FR,forecast_onshore_wind_generation,Wind Onshore,2026-07-08T18:59:22Z
2026-07-08T18:58:29Z,2026-07-08T20:58:29+0200,e401fd36-f4a8-45e5-ad91-bdd87731a7ba,2026-06-17T04:15:00Z,2026-06-17T06:15:00+0200,976.63,MW,FR,FR,forecast_onshore_wind_generation,Wind Onshore,2026-07-08T18:59:22Z
2026-07-08T18:58:29Z,2026-07-08T20:58:29+0200,e401fd36-f4a8-45e5-ad91-bdd87731a7ba,2026-06-17T04:30:00Z,2026-06-17T06:30:00+0200,950.95996,MW,FR,FR,forecast_onshore_wind_generation,Wind Onshore,2026-07-08T18:59:22Z
2026-07-08T18:58:29Z,2026-07-08T20:58:29+0200,e401fd36-f4a8-45e5-ad91-bdd87731a7ba,2026-06-17T04:45:00Z,2026-06-17T06:45:00+0200,925.43994,MW,FR,FR,forecast_onshore_wind_generation,Wind Onshore,2026-07-08T18:59:22Z
2026-07-08T18:58:29Z,2026-07-08T20:58:29+0200,e401fd36-f4a8-45e5-ad91-bdd87731a7ba,2026-06-17T05:00:00Z,2026-06-17T07:00:00+0200,900.06,MW,FR,FR,forecast_onshore_wind_generation,Wind Onshore,2026-07-08T18:59:22Z
2026-07-08T18:58:29Z,2026-07-08T20:58:29+0200,e401fd36-f4a8-45e5-ad91-bdd87731a7ba,2026-06-17T05:15:00Z,2026-06-17T07:15:00+0200,863.73004,MW,FR,FR,forecast_onshore_wind_generation,Wind Onshore,2026-07-08T18:59:22Z
2026-07-08T18:58:29Z,2026-07-08T20:58:29+0200,e401fd36-f4a8-45e5-ad91-bdd87731a7ba,2026-06-17T05:30:00Z,2026-06-17T07:30:00+0200,827.60999,MW,FR,FR,forecast_onshore_wind_generation,Wind Onshore,2026-07-08T18:59:22Z
2026-07-08T18:58:29Z,2026-07-08T20:58:29+0200,e401fd36-f4a8-45e5-ad91-bdd87731a7ba,2026-06-17T05:45:00Z,2026-06-17T07:45:00+0200,792.05005,MW,FR,FR,forecast_onshore_wind_generation,Wind Onshore,2026-07-08T18:59:22Z
2026-07-08T18:58:29Z,2026-07-08T20:58:29+0200,e401fd36-f4a8-45e5-ad91-bdd87731a7ba,2026-06-17T06:00:00Z,2026-06-17T08:00:00+0200,756.90997,MW,FR,FR,forecast_onshore_wind_generation,Wind Onshore,2026-07-08T18:59:22Z
2026-07-08T18:58:29Z,2026-07-08T20:58:29+0200,e401fd36-f4a8-45e5-ad91-bdd87731a7ba,2026-06-17T06:15:00Z,2026-06-17T08:15:00+0200,684.30005,MW,FR,FR,forecast_onshore_wind_generation,Wind Onshore,2026-07-08T18:59:22Z
2026-07-08T18:58:29Z,2026-07-08T20:58:29+0200,e401fd36-f4a8-45e5-ad91-bdd87731a7ba,2026-06-17T06:30:00Z,2026-06-17T08:30:00+0200,611.87,MW,FR,FR,forecast_onshore_wind_generation,Wind Onshore,2026-07-08T18:59:22Z
2026-07-08T18:58:29Z,2026-07-08T20:58:29+0200,e401fd36-f4a8-45e5-ad91-bdd87731a7ba,2026-06-17T06:45:00Z,2026-06-17T08:45:00+0200,539.80005,MW,FR,FR,forecast_onshore_wind_generation,Wind Onshore,2026-07-08T18:59:22Z
2026-07-08T18:58:29Z,2026-07-08T20:58:29+0200,e401fd36-f4a8-45e5-ad91-bdd87731a7ba,2026-06-17T07:00:00Z,2026-06-17T09:00:00+0200,468.32004,MW,FR,FR,forecast_onshore_wind_generation,Wind Onshore,2026-07-08T18:59:22Z
2026-07-08T18:58:29Z,2026-07-08T20:58:29+0200,e401fd36-f4a8-45e5-ad91-bdd87731a7ba,2026-06-17T07:15:00Z,2026-06-17T09:15:00+0200,468.73999,MW,FR,FR,forecast_onshore_wind_generation,Wind Onshore,2026-07-08T18:59:22Z
2026-07-08T18:58:29Z,2026-07-08T20:58:29+0200,e401fd36-f4a8-45e5-ad91-bdd87731a7ba,2026-06-17T07:30:00Z,2026-06-17T09:30:00+0200,469.37003,MW,FR,FR,forecast_onshore_wind_generation,Wind Onshore,2026-07-08T18:59:22Z
2026-07-08T18:58:29Z,2026-07-08T20:58:29+0200,e401fd36-f4a8-45e5-ad91-bdd87731a7ba,2026-06-17T07:45:00Z,2026-06-17T09:45:00+0200,470.45001,MW,FR,FR,forecast_onshore_wind_generation,Wind Onshore,2026-07-08T18:59:22Z
2026-07-08T18:58:29Z,2026-07-08T20:58:29+0200,e401fd36-f4a8-45e5-ad91-bdd87731a7ba,2026-06-17T08:00:00Z,2026-06-17T10:00:00+0200,471.91003,MW,FR,FR,forecast_onshore_wind_generation,Wind Onshore,2026-07-08T18:59:22Z
2026-07-08T18:58:29Z,2026-07-08T20:58:29+0200,e401fd36-f4a8-45e5-ad91-bdd87731a7ba,2026-06-17T08:15:00Z,2026-06-17T10:15:00+0200,490.09003,MW,FR,FR,forecast_onshore_wind_generation,Wind Onshore,2026-07-08T18:59:22Z
2026-07-08T18:58:29Z,2026-07-08T20:58:29+0200,e401fd36-f4a8-45e5-ad91-bdd87731a7ba,2026-06-17T08:30:00Z,2026-06-17T10:30:00+0200,508.57996,MW,FR,FR,forecast_onshore_wind_generation,Wind Onshore,2026-07-08T18:59:22Z
2026-07-08T18:58:29Z,2026-07-08T20:58:29+0200,e401fd36-f4a8-45e5-ad91-bdd87731a7ba,2026-06-17T08:45:00Z,2026-06-17T10:45:00+0200,527.32996,MW,FR,FR,forecast_onshore_wind_generation,Wind Onshore,2026-07-08T18:59:22Z
2026-07-08T18:58:29Z,2026-07-08T20:58:29+0200,e401fd36-f4a8-45e5-ad91-bdd87731a7ba,2026-06-17T09:00:00Z,2026-06-17T11:00:00+0200,546.20001,MW,FR,FR,forecast_onshore_wind_generation,Wind Onshore,2026-07-08T18:59:22Z
2026-07-08T18:58:29Z,2026-07-08T20:58:29+0200,e401fd36-f4a8-45e5-ad91-bdd87731a7ba,2026-06-17T09:15:00Z,2026-06-17T11:15:00+0200,572.44995,MW,FR,FR,forecast_onshore_wind_generation,Wind Onshore,2026-07-08T18:59:22Z
2026-07-08T18:58:29Z,2026-07-08T20:58:29+0200,e401fd36-f4a8-45e5-ad91-bdd87731a7ba,2026-06-17T09:30:00Z,2026-06-17T11:30:00+0200,599.01001,MW,FR,FR,forecast_onshore_wind_generation,Wind Onshore,2026-07-08T18:59:22Z
2026-07-08T18:58:29Z,2026-07-08T20:58:29+0200,e401fd36-f4a8-45e5-ad91-bdd87731a7ba,2026-06-17T09:45:00Z,2026-06-17T11:45:00+0200,625.84003,MW,FR,FR,forecast_onshore_wind_generation,Wind Onshore,2026-07-08T18:59:22Z
2026-07-08T18:58:29Z,2026-07-08T20:58:29+0200,e401fd36-f4a8-45e5-ad91-bdd87731a7ba,2026-06-17T10:00:00Z,2026-06-17T12:00:00+0200,652.88,MW,FR,FR,forecast_onshore_wind_generation,Wind Onshore,2026-07-08T18:59:22Z
2026-07-08T18:58:29Z,2026-07-08T20:58:29+0200,e401fd36-f4a8-45e5-ad91-bdd87731a7ba,2026-06-17T10:15:00Z,2026-06-17T12:15:00+0200,685.57001,MW,FR,FR,forecast_onshore_wind_generation,Wind Onshore,2026-07-08T18:59:22Z
2026-07-08T18:58:29Z,2026-07-08T20:58:29+0200,e401fd36-f4a8-45e5-ad91-bdd87731a7ba,2026-06-17T10:30:00Z,2026-06-17T12:30:00+0200,718.35999,MW,FR,FR,forecast_onshore_wind_generation,Wind Onshore,2026-07-08T18:59:22Z
2026-07-08T18:58:29Z,2026-07-08T20:58:29+0200,e401fd36-f4a8-45e5-ad91-bdd87731a7ba,2026-06-17T10:45:00Z,2026-06-17T12:45:00+0200,751.14001,MW,FR,FR,forecast_onshore_wind_generation,Wind Onshore,2026-07-08T18:59:22Z
2026-07-08T18:58:29Z,2026-07-08T20:58:29+0200,e401fd36-f4a8-45e5-ad91-bdd87731a7ba,2026-06-17T11:00:00Z,2026-06-17T13:00:00+0200,783.98999,MW,FR,FR,forecast_onshore_wind_generation,Wind Onshore,2026-07-08T18:59:22Z
2026-07-08T18:58:29Z,2026-07-08T20:58:29+0200,e401fd36-f4a8-45e5-ad91-bdd87731a7ba,2026-06-17T11:15:00Z,2026-06-17T13:15:00+0200,806.41998,MW,FR,FR,forecast_onshore_wind_generation,Wind Onshore,2026-07-08T18:59:22Z
2026-07-08T18:58:29Z,2026-07-08T20:58:29+0200,e401fd36-f4a8-45e5-ad91-bdd87731a7ba,2026-06-17T11:30:00Z,2026-06-17T13:30:00+0200,828.94995,MW,FR,FR,forecast_onshore_wind_generation,Wind Onshore,2026-07-08T18:59:22Z
2026-07-08T18:58:29Z,2026-07-08T20:58:29+0200,e401fd36-f4a8-45e5-ad91-bdd87731a7ba,2026-06-17T11:45:00Z,2026-06-17T13:45:00+0200,851.57996,MW,FR,FR,forecast_onshore_wind_generation,Wind Onshore,2026-07-08T18:59:22Z
2026-07-08T18:58:29Z,2026-07-08T20:58:29+0200,e401fd36-f4a8-45e5-ad91-bdd87731a7ba,2026-06-17T12:00:00Z,2026-06-17T14:00:00+0200,874.26001,MW,FR,FR,forecast_onshore_wind_generation,Wind Onshore,2026-07-08T18:59:22Z
2026-07-08T18:58:29Z,2026-07-08T20:58:29+0200,e401fd36-f4a8-45e5-ad91-bdd87731a7ba,2026-06-17T12:15:00Z,2026-06-17T14:15:00+0200,887.04999,MW,FR,FR,forecast_onshore_wind_generation,Wind Onshore,2026-07-08T18:59:22Z
2026-07-08T18:58:29Z,2026-07-08T20:58:29+0200,e401fd36-f4a8-45e5-ad91-bdd87731a7ba,2026-06-17T12:30:00Z,2026-06-17T14:30:00+0200,899.94006,MW,FR,FR,forecast_onshore_wind_generation,Wind Onshore,2026-07-08T18:59:22Z
2026-07-08T18:58:29Z,2026-07-08T20:58:29+0200,e401fd36-f4a8-45e5-ad91-bdd87731a7ba,2026-06-17T12:45:00Z,2026-06-17T14:45:00+0200,912.85999,MW,FR,FR,forecast_onshore_wind_generation,Wind Onshore,2026-07-08T18:59:22Z
2026-07-08T18:58:29Z,2026-07-08T20:58:29+0200,e401fd36-f4a8-45e5-ad91-bdd87731a7ba,2026-06-17T13:00:00Z,2026-06-17T15:00:00+0200,925.88,MW,FR,FR,forecast_onshore_wind_generation,Wind Onshore,2026-07-08T18:59:22Z
2026-07-08T18:58:29Z,2026-07-08T20:58:29+0200,e401fd36-f4a8-45e5-ad91-bdd87731a7ba,2026-06-17T13:15:00Z,2026-06-17T15:15:00+0200,919.71997,MW,FR,FR,forecast_onshore_wind_generation,Wind Onshore,2026-07-08T18:59:22Z
2026-07-08T18:58:29Z,2026-07-08T20:58:29+0200,e401fd36-f4a8-45e5-ad91-bdd87731a7ba,2026-06-17T13:30:00Z,2026-06-17T15:30:00+0200,913.69,MW,FR,FR,forecast_onshore_wind_generation,Wind Onshore,2026-07-08T18:59:22Z
2026-07-08T18:58:29Z,2026-07-08T20:58:29+0200,e401fd36-f4a8-45e5-ad91-bdd87731a7ba,2026-06-17T13:45:00Z,2026-06-17T15:45:00+0200,907.79004,MW,FR,FR,forecast_onshore_wind_generation,Wind Onshore,2026-07-08T18:59:22Z
2026-07-08T18:58:29Z,2026-07-08T20:58:29+0200,e401fd36-f4a8-45e5-ad91-bdd87731a7ba,2026-06-17T14:00:00Z,2026-06-17T16:00:00+0200,901.94,MW,FR,FR,forecast_onshore_wind_generation,Wind Onshore,2026-07-08T18:59:22Z
2026-07-08T18:58:29Z,2026-07-08T20:58:29+0200,e401fd36-f4a8-45e5-ad91-bdd87731a7ba,2026-06-17T14:15:00Z,2026-06-17T16:15:00+0200,899.02002,MW,FR,FR,forecast_onshore_wind_generation,Wind Onshore,2026-07-08T18:59:22Z
2026-07-08T18:58:29Z,2026-07-08T20:58:29+0200,e401fd36-f4a8-45e5-ad91-bdd87731a7ba,2026-06-17T14:30:00Z,2026-06-17T16:30:00+0200,896.33008,MW,FR,FR,forecast_onshore_wind_generation,Wind Onshore,2026-07-08T18:59:22Z
2026-07-08T18:58:29Z,2026-07-08T20:58:29+0200,e401fd36-f4a8-45e5-ad91-bdd87731a7ba,2026-06-17T14:45:00Z,2026-06-17T16:45:00+0200,893.77997,MW,FR,FR,forecast_onshore_wind_generation,Wind Onshore,2026-07-08T18:59:22Z
2026-07-08T18:58:29Z,2026-07-08T20:58:29+0200,e401fd36-f4a8-45e5-ad91-bdd87731a7ba,2026-06-17T15:00:00Z,2026-06-17T17:00:00+0200,891.37,MW,FR,FR,forecast_onshore_wind_generation,Wind Onshore,2026-07-08T18:59:22Z
2026-07-08T18:58:29Z,2026-07-08T20:58:29+0200,e401fd36-f4a8-45e5-ad91-bdd87731a7ba,2026-06-17T15:15:00Z,2026-06-17T17:15:00+0200,871.54993,MW,FR,FR,forecast_onshore_wind_generation,Wind Onshore,2026-07-08T18:59:22Z
2026-07-08T18:58:29Z,2026-07-08T20:58:29+0200,e401fd36-f4a8-45e5-ad91-bdd87731a7ba,2026-06-17T15:30:00Z,2026-06-17T17:30:00+0200,852.04004,MW,FR,FR,forecast_onshore_wind_generation,Wind Onshore,2026-07-08T18:59:22Z
2026-07-08T18:58:29Z,2026-07-08T20:58:29+0200,e401fd36-f4a8-45e5-ad91-bdd87731a7ba,2026-06-17T15:45:00Z,2026-06-17T17:45:00+0200,832.68994,MW,FR,FR,forecast_onshore_wind_generation,Wind Onshore,2026-07-08T18:59:22Z
2026-07-08T18:58:29Z,2026-07-08T20:58:29+0200,e401fd36-f4a8-45e5-ad91-bdd87731a7ba,2026-06-17T16:00:00Z,2026-06-17T18:00:00+0200,813.78003,MW,FR,FR,forecast_onshore_wind_generation,Wind Onshore,2026-07-08T18:59:22Z
2026-07-08T18:58:29Z,2026-07-08T20:58:29+0200,e401fd36-f4a8-45e5-ad91-bdd87731a7ba,2026-06-17T16:15:00Z,2026-06-17T18:15:00+0200,801.71002,MW,FR,FR,forecast_onshore_wind_generation,Wind Onshore,2026-07-08T18:59:22Z
2026-07-08T18:58:29Z,2026-07-08T20:58:29+0200,e401fd36-f4a8-45e5-ad91-bdd87731a7ba,2026-06-17T16:30:00Z,2026-06-17T18:30:00+0200,789.81006,MW,FR,FR,forecast_onshore_wind_generation,Wind Onshore,2026-07-08T18:59:22Z
2026-07-08T18:58:29Z,2026-07-08T20:58:29+0200,e401fd36-f4a8-45e5-ad91-bdd87731a7ba,2026-06-17T16:45:00Z,2026-06-17T18:45:00+0200,777.88,MW,FR,FR,forecast_onshore_wind_generation,Wind Onshore,2026-07-08T18:59:22Z
2026-07-08T18:58:29Z,2026-07-08T20:58:29+0200,e401fd36-f4a8-45e5-ad91-bdd87731a7ba,2026-06-17T17:00:00Z,2026-06-17T19:00:00+0200,766.27002,MW,FR,FR,forecast_onshore_wind_generation,Wind Onshore,2026-07-08T18:59:22Z
2026-07-08T18:58:29Z,2026-07-08T20:58:29+0200,e401fd36-f4a8-45e5-ad91-bdd87731a7ba,2026-06-17T17:15:00Z,2026-06-17T19:15:00+0200,773.09998,MW,FR,FR,forecast_onshore_wind_generation,Wind Onshore,2026-07-08T18:59:22Z
2026-07-08T18:58:29Z,2026-07-08T20:58:29+0200,e401fd36-f4a8-45e5-ad91-bdd87731a7ba,2026-06-17T17:30:00Z,2026-06-17T19:30:00+0200,780.17004,MW,FR,FR,forecast_onshore_wind_generation,Wind Onshore,2026-07-08T18:59:22Z
2026-07-08T18:58:29Z,2026-07-08T20:58:29+0200,e401fd36-f4a8-45e5-ad91-bdd87731a7ba,2026-06-17T17:45:00Z,2026-06-17T19:45:00+0200,787.47998,MW,FR,FR,forecast_onshore_wind_generation,Wind Onshore,2026-07-08T18:59:22Z
2026-07-08T18:58:29Z,2026-07-08T20:58:29+0200,e401fd36-f4a8-45e5-ad91-bdd87731a7ba,2026-06-17T18:00:00Z,2026-06-17T20:00:00+0200,795.15002,MW,FR,FR,forecast_onshore_wind_generation,Wind Onshore,2026-07-08T18:59:22Z
2026-07-08T18:58:29Z,2026-07-08T20:58:29+0200,e401fd36-f4a8-45e5-ad91-bdd87731a7ba,2026-06-17T18:15:00Z,2026-06-17T20:15:00+0200,843.33008,MW,FR,FR,forecast_onshore_wind_generation,Wind Onshore,2026-07-08T18:59:22Z
2026-07-08T18:58:29Z,2026-07-08T20:58:29+0200,e401fd36-f4a8-45e5-ad91-bdd87731a7ba,2026-06-17T18:30:00Z,2026-06-17T20:30:00+0200,892.15009,MW,FR,FR,forecast_onshore_wind_generation,Wind Onshore,2026-07-08T18:59:22Z
2026-07-08T18:58:29Z,2026-07-08T20:58:29+0200,e401fd36-f4a8-45e5-ad91-bdd87731a7ba,2026-06-17T18:45:00Z,2026-06-17T20:45:00+0200,941.18005,MW,FR,FR,forecast_onshore_wind_generation,Wind Onshore,2026-07-08T18:59:22Z
2026-07-08T18:58:29Z,2026-07-08T20:58:29+0200,e401fd36-f4a8-45e5-ad91-bdd87731a7ba,2026-06-17T19:00:00Z,2026-06-17T21:00:00+0200,990.28992,MW,FR,FR,forecast_onshore_wind_generation,Wind Onshore,2026-07-08T18:59:22Z
2026-07-08T18:58:29Z,2026-07-08T20:58:29+0200,e401fd36-f4a8-45e5-ad91-bdd87731a7ba,2026-06-17T19:15:00Z,2026-06-17T21:15:00+0200,1052.52002,MW,FR,FR,forecast_onshore_wind_generation,Wind Onshore,2026-07-08T18:59:22Z
2026-07-08T18:58:29Z,2026-07-08T20:58:29+0200,e401fd36-f4a8-45e5-ad91-bdd87731a7ba,2026-06-17T19:30:00Z,2026-06-17T21:30:00+0200,1115.63,MW,FR,FR,forecast_onshore_wind_generation,Wind Onshore,2026-07-08T18:59:22Z
2026-07-08T18:58:29Z,2026-07-08T20:58:29+0200,e401fd36-f4a8-45e5-ad91-bdd87731a7ba,2026-06-17T19:45:00Z,2026-06-17T21:45:00+0200,1179.31006,MW,FR,FR,forecast_onshore_wind_generation,Wind Onshore,2026-07-08T18:59:22Z
2026-07-08T18:58:29Z,2026-07-08T20:58:29+0200,e401fd36-f4a8-45e5-ad91-bdd87731a7ba,2026-06-17T20:00:00Z,2026-06-17T22:00:00+0200,1243.28003,MW,FR,FR,forecast_onshore_wind_generation,Wind Onshore,2026-07-08T18:59:22Z
2026-07-08T18:58:29Z,2026-07-08T20:58:29+0200,e401fd36-f4a8-45e5-ad91-bdd87731a7ba,2026-06-17T20:15:00Z,2026-06-17T22:15:00+0200,1321.92004,MW,FR,FR,forecast_onshore_wind_generation,Wind Onshore,2026-07-08T18:59:22Z
2026-07-08T18:58:29Z,2026-07-08T20:58:29+0200,e401fd36-f4a8-45e5-ad91-bdd87731a7ba,2026-06-17T20:30:00Z,2026-06-17T22:30:00+0200,1401.01001,MW,FR,FR,forecast_onshore_wind_generation,Wind Onshore,2026-07-08T18:59:22Z
2026-07-08T18:58:29Z,2026-07-08T20:58:29+0200,e401fd36-f4a8-45e5-ad91-bdd87731a7ba,2026-06-17T20:45:00Z,2026-06-17T22:45:00+0200,1480.52991,MW,FR,FR,forecast_onshore_wind_generation,Wind Onshore,2026-07-08T18:59:22Z
2026-07-08T18:58:29Z,2026-07-08T20:58:29+0200,e401fd36-f4a8-45e5-ad91-bdd87731a7ba,2026-06-17T21:00:00Z,2026-06-17T23:00:00+0200,1560.80994,MW,FR,FR,forecast_onshore_wind_generation,Wind Onshore,2026-07-08T18:59:22Z
2026-07-08T18:58:29Z,2026-07-08T20:58:29+0200,e401fd36-f4a8-45e5-ad91-bdd87731a7ba,2026-06-17T21:15:00Z,2026-06-17T23:15:00+0200,1656.80994,MW,FR,FR,forecast_onshore_wind_generation,Wind Onshore,2026-07-08T18:59:22Z
2026-07-08T18:58:29Z,2026-07-08T20:58:29+0200,e401fd36-f4a8-45e5-ad91-bdd87731a7ba,2026-06-17T21:30:00Z,2026-06-17T23:30:00+0200,1753.23999,MW,FR,FR,forecast_onshore_wind_generation,Wind Onshore,2026-07-08T18:59:22Z
2026-07-08T18:58:29Z,2026-07-08T20:58:29+0200,e401fd36-f4a8-45e5-ad91-bdd87731a7ba,2026-06-17T21:45:00Z,2026-06-17T23:45:00+0200,1849.71008,MW,FR,FR,forecast_onshore_wind_generation,Wind Onshore,2026-07-08T18:59:22Z
2026-07-08T18:58:29Z,2026-07-08T20:58:29+0200,e401fd36-f4a8-45e5-ad91-bdd87731a7ba,2026-06-17T22:00:00Z,2026-06-18T00:00:00+0200,1519.44995,MW,FR,FR,forecast_onshore_wind_generation,Wind Onshore,2026-07-08T18:59:22Z
2026-07-08T18:58:29Z,2026-07-08T20:58:29+0200,e401fd36-f4a8-45e5-ad91-bdd87731a7ba,2026-06-17T22:15:00Z,2026-06-18T00:15:00+0200,1550.37,MW,FR,FR,forecast_onshore_wind_generation,Wind Onshore,2026-07-08T18:59:22Z
2026-07-08T18:58:29Z,2026-07-08T20:58:29+0200,e401fd36-f4a8-45e5-ad91-bdd87731a7ba,2026-06-17T22:30:00Z,2026-06-18T00:30:00+0200,1581.35999,MW,FR,FR,forecast_onshore_wind_generation,Wind Onshore,2026-07-08T18:59:22Z
2026-07-08T18:58:29Z,2026-07-08T20:58:29+0200,e401fd36-f4a8-45e5-ad91-bdd87731a7ba,2026-06-17T22:45:00Z,2026-06-18T00:45:00+0200,1612.05005,MW,FR,FR,forecast_onshore_wind_generation,Wind Onshore,2026-07-08T18:59:22Z
2026-07-08T18:58:29Z,2026-07-08T20:58:29+0200,e401fd36-f4a8-45e5-ad91-bdd87731a7ba,2026-06-17T23:00:00Z,2026-06-18T01:00:00+0200,1642.80994,MW,FR,FR,forecast_onshore_wind_generation,Wind Onshore,2026-07-08T18:59:22Z
2026-07-08T18:58:29Z,2026-07-08T20:58:29+0200,e401fd36-f4a8-45e5-ad91-bdd87731a7ba,2026-06-17T23:15:00Z,2026-06-18T01:15:00+0200,1656.72998,MW,FR,FR,forecast_onshore_wind_generation,Wind Onshore,2026-07-08T18:59:22Z
2026-07-08T18:58:29Z,2026-07-08T20:58:29+0200,e401fd36-f4a8-45e5-ad91-bdd87731a7ba,2026-06-17T23:30:00Z,2026-06-18T01:30:00+0200,1670.71997,MW,FR,FR,forecast_onshore_wind_generation,Wind Onshore,2026-07-08T18:59:22Z
2026-07-08T18:58:29Z,2026-07-08T20:58:29+0200,e401fd36-f4a8-45e5-ad91-bdd87731a7ba,2026-06-17T23:45:00Z,2026-06-18T01:45:00+0200,1684.83008,MW,FR,FR,forecast_onshore_wind_generation,Wind Onshore,2026-07-08T18:59:22Z
2026-07-08T18:58:29Z,2026-07-08T20:58:29+0200,e401fd36-f4a8-45e5-ad91-bdd87731a7ba,2026-06-18T00:00:00Z,2026-06-18T02:00:00+0200,1699.02002,MW,FR,FR,forecast_onshore_wind_generation,Wind Onshore,2026-07-08T18:59:22Z
2026-07-08T18:58:29Z,2026-07-08T20:58:29+0200,e401fd36-f4a8-45e5-ad91-bdd87731a7ba,2026-06-18T00:15:00Z,2026-06-18T02:15:00+0200,1689.60999,MW,FR,FR,forecast_onshore_wind_generation,Wind Onshore,2026-07-08T18:59:22Z
2026-07-08T18:58:29Z,2026-07-08T20:58:29+0200,e401fd36-f4a8-45e5-ad91-bdd87731a7ba,2026-06-18T00:30:00Z,2026-06-18T02:30:00+0200,1680.23999,MW,FR,FR,forecast_onshore_wind_generation,Wind Onshore,2026-07-08T18:59:22Z
2026-07-08T18:58:29Z,2026-07-08T20:58:29+0200,e401fd36-f4a8-45e5-ad91-bdd87731a7ba,2026-06-18T00:45:00Z,2026-06-18T02:45:00+0200,1671.03992,MW,FR,FR,forecast_onshore_wind_generation,Wind Onshore,2026-07-08T18:59:22Z
2026-07-08T18:58:29Z,2026-07-08T20:58:29+0200,e401fd36-f4a8-45e5-ad91-bdd87731a7ba,2026-06-18T01:00:00Z,2026-06-18T03:00:00+0200,1661.88989,MW,FR,FR,forecast_onshore_wind_generation,Wind Onshore,2026-07-08T18:59:22Z
2026-07-08T18:58:29Z,2026-07-08T20:58:29+0200,e401fd36-f4a8-45e5-ad91-bdd87731a7ba,2026-06-18T01:15:00Z,2026-06-18T03:15:00+0200,1646.22998,MW,FR,FR,forecast_onshore_wind_generation,Wind Onshore,2026-07-08T18:59:22Z
2026-07-08T18:58:29Z,2026-07-08T20:58:29+0200,e401fd36-f4a8-45e5-ad91-bdd87731a7ba,2026-06-18T01:30:00Z,2026-06-18T03:30:00+0200,1630.67004,MW,FR,FR,forecast_onshore_wind_generation,Wind Onshore,2026-07-08T18:59:22Z
2026-07-08T18:58:29Z,2026-07-08T20:58:29+0200,e401fd36-f4a8-45e5-ad91-bdd87731a7ba,2026-06-18T01:45:00Z,2026-06-18T03:45:00+0200,1615.25,MW,FR,FR,forecast_onshore_wind_generation,Wind Onshore,2026-07-08T18:59:22Z
2026-07-08T18:58:29Z,2026-07-08T20:58:29+0200,e401fd36-f4a8-45e5-ad91-bdd87731a7ba,2026-06-18T02:00:00Z,2026-06-18T04:00:00+0200,1599.85999,MW,FR,FR,forecast_onshore_wind_generation,Wind Onshore,2026-07-08T18:59:22Z
2026-07-08T18:58:29Z,2026-07-08T20:58:29+0200,e401fd36-f4a8-45e5-ad91-bdd87731a7ba,2026-06-18T02:15:00Z,2026-06-18T04:15:00+0200,1592.62,MW,FR,FR,forecast_onshore_wind_generation,Wind Onshore,2026-07-08T18:59:22Z
2026-07-08T18:58:29Z,2026-07-08T20:58:29+0200,e401fd36-f4a8-45e5-ad91-bdd87731a7ba,2026-06-18T02:30:00Z,2026-06-18T04:30:00+0200,1585.48999,MW,FR,FR,forecast_onshore_wind_generation,Wind Onshore,2026-07-08T18:59:22Z
2026-07-08T18:58:29Z,2026-07-08T20:58:29+0200,e401fd36-f4a8-45e5-ad91-bdd87731a7ba,2026-06-18T02:45:00Z,2026-06-18T04:45:00+0200,1578.45996,MW,FR,FR,forecast_onshore_wind_generation,Wind Onshore,2026-07-08T18:59:22Z
2026-07-08T18:58:29Z,2026-07-08T20:58:29+0200,e401fd36-f4a8-45e5-ad91-bdd87731a7ba,2026-06-18T03:00:00Z,2026-06-18T05:00:00+0200,1571.54004,MW,FR,FR,forecast_onshore_wind_generation,Wind Onshore,2026-07-08T18:59:22Z
2026-07-08T18:58:29Z,2026-07-08T20:58:29+0200,e401fd36-f4a8-45e5-ad91-bdd87731a7ba,2026-06-18T03:15:00Z,2026-06-18T05:15:00+0200,1581.72998,MW,FR,FR,forecast_onshore_wind_generation,Wind Onshore,2026-07-08T18:59:22Z
2026-07-08T18:58:29Z,2026-07-08T20:58:29+0200,e401fd36-f4a8-45e5-ad91-bdd87731a7ba,2026-06-18T03:30:00Z,2026-06-18T05:30:00+0200,1591.97998,MW,FR,FR,forecast_onshore_wind_generation,Wind Onshore,2026-07-08T18:59:22Z
2026-07-08T18:58:29Z,2026-07-08T20:58:29+0200,e401fd36-f4a8-45e5-ad91-bdd87731a7ba,2026-06-18T03:45:00Z,2026-06-18T05:45:00+0200,1602.35999,MW,FR,FR,forecast_onshore_wind_generation,Wind Onshore,2026-07-08T18:59:22Z
2026-07-08T18:58:29Z,2026-07-08T20:58:29+0200,e401fd36-f4a8-45e5-ad91-bdd87731a7ba,2026-06-18T04:00:00Z,2026-06-18T06:00:00+0200,1612.88,MW,FR,FR,forecast_onshore_wind_generation,Wind Onshore,2026-07-08T18:59:22Z
2026-07-08T18:58:29Z,2026-07-08T20:58:29+0200,e401fd36-f4a8-45e5-ad91-bdd87731a7ba,2026-06-18T04:15:00Z,2026-06-18T06:15:00+0200,1620.97998,MW,FR,FR,forecast_onshore_wind_generation,Wind Onshore,2026-07-08T18:59:22Z
2026-07-08T18:58:29Z,2026-07-08T20:58:29+0200,e401fd36-f4a8-45e5-ad91-bdd87731a7ba,2026-06-18T04:30:00Z,2026-06-18T06:30:00+0200,1629.19006,MW,FR,FR,forecast_onshore_wind_generation,Wind Onshore,2026-07-08T18:59:22Z
2026-07-08T18:58:29Z,2026-07-08T20:58:29+0200,e401fd36-f4a8-45e5-ad91-bdd87731a7ba,2026-06-18T04:45:00Z,2026-06-18T06:45:00+0200,1637.46997,MW,FR,FR,forecast_onshore_wind_generation,Wind Onshore,2026-07-08T18:59:22Z
2026-07-08T18:58:29Z,2026-07-08T20:58:29+0200,e401fd36-f4a8-45e5-ad91-bdd87731a7ba,2026-06-18T05:00:00Z,2026-06-18T07:00:00+0200,1645.87,MW,FR,FR,forecast_onshore_wind_generation,Wind Onshore,2026-07-08T18:59:22Z
2026-07-08T18:58:29Z,2026-07-08T20:58:29+0200,e401fd36-f4a8-45e5-ad91-bdd87731a7ba,2026-06-18T05:15:00Z,2026-06-18T07:15:00+0200,1625.78003,MW,FR,FR,forecast_onshore_wind_generation,Wind Onshore,2026-07-08T18:59:22Z
2026-07-08T18:58:29Z,2026-07-08T20:58:29+0200,e401fd36-f4a8-45e5-ad91-bdd87731a7ba,2026-06-18T05:30:00Z,2026-06-18T07:30:00+0200,1605.81995,MW,FR,FR,forecast_onshore_wind_generation,Wind Onshore,2026-07-08T18:59:22Z
2026-07-08T18:58:29Z,2026-07-08T20:58:29+0200,e401fd36-f4a8-45e5-ad91-bdd87731a7ba,2026-06-18T05:45:00Z,2026-06-18T07:45:00+0200,1586.13,MW,FR,FR,forecast_onshore_wind_generation,Wind Onshore,2026-07-08T18:59:22Z
2026-07-08T18:58:29Z,2026-07-08T20:58:29+0200,e401fd36-f4a8-45e5-ad91-bdd87731a7ba,2026-06-18T06:00:00Z,2026-06-18T08:00:00+0200,1566.60999,MW,FR,FR,forecast_onshore_wind_generation,Wind Onshore,2026-07-08T18:59:22Z
2026-07-08T18:58:29Z,2026-07-08T20:58:29+0200,e401fd36-f4a8-45e5-ad91-bdd87731a7ba,2026-06-18T06:15:00Z,2026-06-18T08:15:00+0200,1456.01001,MW,FR,FR,forecast_onshore_wind_generation,Wind Onshore,2026-07-08T18:59:22Z
2026-07-08T18:58:29Z,2026-07-08T20:58:29+0200,e401fd36-f4a8-45e5-ad91-bdd87731a7ba,2026-06-18T06:30:00Z,2026-06-18T08:30:00+0200,1345.47009,MW,FR,FR,forecast_onshore_wind_generation,Wind Onshore,2026-07-08T18:59:22Z
2026-07-08T18:58:29Z,2026-07-08T20:58:29+0200,e401fd36-f4a8-45e5-ad91-bdd87731a7ba,2026-06-18T06:45:00Z,2026-06-18T08:45:00+0200,1235.12,MW,FR,FR,forecast_onshore_wind_generation,Wind Onshore,2026-07-08T18:59:22Z
2026-07-08T18:58:29Z,2026-07-08T20:58:29+0200,e401fd36-f4a8-45e5-ad91-bdd87731a7ba,2026-06-18T07:00:00Z,2026-06-18T09:00:00+0200,1124.82996,MW,FR,FR,forecast_onshore_wind_generation,Wind Onshore,2026-07-08T18:59:22Z
2026-07-08T18:58:29Z,2026-07-08T20:58:29+0200,e401fd36-f4a8-45e5-ad91-bdd87731a7ba,2026-06-18T07:15:00Z,2026-06-18T09:15:00+0200,1012.28003,MW,FR,FR,forecast_onshore_wind_generation,Wind Onshore,2026-07-08T18:59:22Z
2026-07-08T18:58:29Z,2026-07-08T20:58:29+0200,e401fd36-f4a8-45e5-ad91-bdd87731a7ba,2026-06-18T07:30:00Z,2026-06-18T09:30:00+0200,900.05005,MW,FR,FR,forecast_onshore_wind_generation,Wind Onshore,2026-07-08T18:59:22Z
2026-07-08T18:58:29Z,2026-07-08T20:58:29+0200,e401fd36-f4a8-45e5-ad91-bdd87731a7ba,2026-06-18T07:45:00Z,2026-06-18T09:45:00+0200,787.89001,MW,FR,FR,forecast_onshore_wind_generation,Wind Onshore,2026-07-08T18:59:22Z
2026-07-08T18:58:29Z,2026-07-08T20:58:29+0200,e401fd36-f4a8-45e5-ad91-bdd87731a7ba,2026-06-18T08:00:00Z,2026-06-18T10:00:00+0200,675.78998,MW,FR,FR,forecast_onshore_wind_generation,Wind Onshore,2026-07-08T18:59:22Z
2026-07-08T18:58:29Z,2026-07-08T20:58:29+0200,e401fd36-f4a8-45e5-ad91-bdd87731a7ba,2026-06-18T08:15:00Z,2026-06-18T10:15:00+0200,702.37,MW,FR,FR,forecast_onshore_wind_generation,Wind Onshore,2026-07-08T18:59:22Z
2026-07-08T18:58:29Z,2026-07-08T20:58:29+0200,e401fd36-f4a8-45e5-ad91-bdd87731a7ba,2026-06-18T08:30:00Z,2026-06-18T10:30:00+0200,729.01001,MW,FR,FR,forecast_onshore_wind_generation,Wind Onshore,2026-07-08T18:59:22Z
2026-07-08T18:58:29Z,2026-07-08T20:58:29+0200,e401fd36-f4a8-45e5-ad91-bdd87731a7ba,2026-06-18T08:45:00Z,2026-06-18T10:45:00+0200,755.67999,MW,FR,FR,forecast_onshore_wind_generation,Wind Onshore,2026-07-08T18:59:22Z
2026-07-08T18:58:29Z,2026-07-08T20:58:29+0200,e401fd36-f4a8-45e5-ad91-bdd87731a7ba,2026-06-18T09:00:00Z,2026-06-18T11:00:00+0200,782.38995,MW,FR,FR,forecast_onshore_wind_generation,Wind Onshore,2026-07-08T18:59:22Z
2026-07-08T18:58:29Z,2026-07-08T20:58:29+0200,e401fd36-f4a8-45e5-ad91-bdd87731a7ba,2026-06-18T09:15:00Z,2026-06-18T11:15:00+0200,811.56,MW,FR,FR,forecast_onshore_wind_generation,Wind Onshore,2026-07-08T18:59:22Z
2026-07-08T18:58:29Z,2026-07-08T20:58:29+0200,e401fd36-f4a8-45e5-ad91-bdd87731a7ba,2026-06-18T09:30:00Z,2026-06-18T11:30:00+0200,840.81,MW,FR,FR,forecast_onshore_wind_generation,Wind Onshore,2026-07-08T18:59:22Z
2026-07-08T18:58:29Z,2026-07-08T20:58:29+0200,e401fd36-f4a8-45e5-ad91-bdd87731a7ba,2026-06-18T09:45:00Z,2026-06-18T11:45:00+0200,870.09003,MW,FR,FR,forecast_onshore_wind_generation,Wind Onshore,2026-07-08T18:59:22Z
2026-07-08T18:58:29Z,2026-07-08T20:58:29+0200,e401fd36-f4a8-45e5-ad91-bdd87731a7ba,2026-06-18T10:00:00Z,2026-06-18T12:00:00+0200,899.42993,MW,FR,FR,forecast_onshore_wind_generation,Wind Onshore,2026-07-08T18:59:22Z
2026-07-08T18:58:29Z,2026-07-08T20:58:29+0200,e401fd36-f4a8-45e5-ad91-bdd87731a7ba,2026-06-18T10:15:00Z,2026-06-18T12:15:00+0200,927.39001,MW,FR,FR,forecast_onshore_wind_generation,Wind Onshore,2026-07-08T18:59:22Z
2026-07-08T18:58:29Z,2026-07-08T20:58:29+0200,e401fd36-f4a8-45e5-ad91-bdd87731a7ba,2026-06-18T10:30:00Z,2026-06-18T12:30:00+0200,955.40997,MW,FR,FR,forecast_onshore_wind_generation,Wind Onshore,2026-07-08T18:59:22Z
2026-07-08T18:58:29Z,2026-07-08T20:58:29+0200,e401fd36-f4a8-45e5-ad91-bdd87731a7ba,2026-06-18T10:45:00Z,2026-06-18T12:45:00+0200,983.46997,MW,FR,FR,forecast_onshore_wind_generation,Wind Onshore,2026-07-08T18:59:22Z
2026-07-08T18:58:29Z,2026-07-08T20:58:29+0200,e401fd36-f4a8-45e5-ad91-bdd87731a7ba,2026-06-18T11:00:00Z,2026-06-18T13:00:00+0200,1011.62994,MW,FR,FR,forecast_onshore_wind_generation,Wind Onshore,2026-07-08T18:59:22Z
2026-07-08T18:58:29Z,2026-07-08T20:58:29+0200,e401fd36-f4a8-45e5-ad91-bdd87731a7ba,2026-06-18T11:15:00Z,2026-06-18T13:15:00+0200,1042.02002,MW,FR,FR,forecast_onshore_wind_generation,Wind Onshore,2026-07-08T18:59:22Z
2026-07-08T18:58:29Z,2026-07-08T20:58:29+0200,e401fd36-f4a8-45e5-ad91-bdd87731a7ba,2026-06-18T11:30:00Z,2026-06-18T13:30:00+0200,1072.39001,MW,FR,FR,forecast_onshore_wind_generation,Wind Onshore,2026-07-08T18:59:22Z
2026-07-08T18:58:29Z,2026-07-08T20:58:29+0200,e401fd36-f4a8-45e5-ad91-bdd87731a7ba,2026-06-18T11:45:00Z,2026-06-18T13:45:00+0200,1102.80005,MW,FR,FR,forecast_onshore_wind_generation,Wind Onshore,2026-07-08T18:59:22Z
2026-07-08T18:58:29Z,2026-07-08T20:58:29+0200,e401fd36-f4a8-45e5-ad91-bdd87731a7ba,2026-06-18T12:00:00Z,2026-06-18T14:00:00+0200,1133.32996,MW,FR,FR,forecast_onshore_wind_generation,Wind Onshore,2026-07-08T18:59:22Z
2026-07-08T18:58:29Z,2026-07-08T20:58:29+0200,e401fd36-f4a8-45e5-ad91-bdd87731a7ba,2026-06-18T12:15:00Z,2026-06-18T14:15:00+0200,1165.45996,MW,FR,FR,forecast_onshore_wind_generation,Wind Onshore,2026-07-08T18:59:22Z
2026-07-08T18:58:29Z,2026-07-08T20:58:29+0200,e401fd36-f4a8-45e5-ad91-bdd87731a7ba,2026-06-18T12:30:00Z,2026-06-18T14:30:00+0200,1197.69006,MW,FR,FR,forecast_onshore_wind_generation,Wind Onshore,2026-07-08T18:59:22Z
2026-07-08T18:58:29Z,2026-07-08T20:58:29+0200,e401fd36-f4a8-45e5-ad91-bdd87731a7ba,2026-06-18T12:45:00Z,2026-06-18T14:45:00+0200,1229.91992,MW,FR,FR,forecast_onshore_wind_generation,Wind Onshore,2026-07-08T18:59:22Z
2026-07-08T18:58:29Z,2026-07-08T20:58:29+0200,e401fd36-f4a8-45e5-ad91-bdd87731a7ba,2026-06-18T13:00:00Z,2026-06-18T15:00:00+0200,1262.17004,MW,FR,FR,forecast_onshore_wind_generation,Wind Onshore,2026-07-08T18:59:22Z
2026-07-08T18:58:29Z,2026-07-08T20:58:29+0200,e401fd36-f4a8-45e5-ad91-bdd87731a7ba,2026-06-18T13:15:00Z,2026-06-18T15:15:00+0200,1265.85999,MW,FR,FR,forecast_onshore_wind_generation,Wind Onshore,2026-07-08T18:59:22Z
2026-07-08T18:58:29Z,2026-07-08T20:58:29+0200,e401fd36-f4a8-45e5-ad91-bdd87731a7ba,2026-06-18T13:30:00Z,2026-06-18T15:30:00+0200,1269.55005,MW,FR,FR,forecast_onshore_wind_generation,Wind Onshore,2026-07-08T18:59:22Z
2026-07-08T18:58:29Z,2026-07-08T20:58:29+0200,e401fd36-f4a8-45e5-ad91-bdd87731a7ba,2026-06-18T13:45:00Z,2026-06-18T15:45:00+0200,1273.31006,MW,FR,FR,forecast_onshore_wind_generation,Wind Onshore,2026-07-08T18:59:22Z
2026-07-08T18:58:29Z,2026-07-08T20:58:29+0200,e401fd36-f4a8-45e5-ad91-bdd87731a7ba,2026-06-18T14:00:00Z,2026-06-18T16:00:00+0200,1277.06006,MW,FR,FR,forecast_onshore_wind_generation,Wind Onshore,2026-07-08T18:59:22Z
2026-07-08T18:58:29Z,2026-07-08T20:58:29+0200,e401fd36-f4a8-45e5-ad91-bdd87731a7ba,2026-06-18T14:15:00Z,2026-06-18T16:15:00+0200,1248.19995,MW,FR,FR,forecast_onshore_wind_generation,Wind Onshore,2026-07-08T18:59:22Z
2026-07-08T18:58:29Z,2026-07-08T20:58:29+0200,e401fd36-f4a8-45e5-ad91-bdd87731a7ba,2026-06-18T14:30:00Z,2026-06-18T16:30:00+0200,1219.40991,MW,FR,FR,forecast_onshore_wind_generation,Wind Onshore,2026-07-08T18:59:22Z
2026-07-08T18:58:29Z,2026-07-08T20:58:29+0200,e401fd36-f4a8-45e5-ad91-bdd87731a7ba,2026-06-18T14:45:00Z,2026-06-18T16:45:00+0200,1190.82996,MW,FR,FR,forecast_onshore_wind_generation,Wind Onshore,2026-07-08T18:59:22Z
2026-07-08T18:58:29Z,2026-07-08T20:58:29+0200,e401fd36-f4a8-45e5-ad91-bdd87731a7ba,2026-06-18T15:00:00Z,2026-06-18T17:00:00+0200,1162.70996,MW,FR,FR,forecast_onshore_wind_generation,Wind Onshore,2026-07-08T18:59:22Z
2026-07-08T18:58:29Z,2026-07-08T20:58:29+0200,e401fd36-f4a8-45e5-ad91-bdd87731a7ba,2026-06-18T15:15:00Z,2026-06-18T17:15:00+0200,1140.73999,MW,FR,FR,forecast_onshore_wind_generation,Wind Onshore,2026-07-08T18:59:22Z
2026-07-08T18:58:29Z,2026-07-08T20:58:29+0200,e401fd36-f4a8-45e5-ad91-bdd87731a7ba,2026-06-18T15:30:00Z,2026-06-18T17:30:00+0200,1119.05005,MW,FR,FR,forecast_onshore_wind_generation,Wind Onshore,2026-07-08T18:59:22Z
2026-07-08T18:58:29Z,2026-07-08T20:58:29+0200,e401fd36-f4a8-45e5-ad91-bdd87731a7ba,2026-06-18T15:45:00Z,2026-06-18T17:45:00+0200,1097.59998,MW,FR,FR,forecast_onshore_wind_generation,Wind Onshore,2026-07-08T18:59:22Z
2026-07-08T18:58:29Z,2026-07-08T20:58:29+0200,e401fd36-f4a8-45e5-ad91-bdd87731a7ba,2026-06-18T16:00:00Z,2026-06-18T18:00:00+0200,1076.53003,MW,FR,FR,forecast_onshore_wind_generation,Wind Onshore,2026-07-08T18:59:22Z
2026-07-08T18:58:29Z,2026-07-08T20:58:29+0200,e401fd36-f4a8-45e5-ad91-bdd87731a7ba,2026-06-18T16:15:00Z,2026-06-18T18:15:00+0200,1083.00989,MW,FR,FR,forecast_onshore_wind_generation,Wind Onshore,2026-07-08T18:59:22Z
2026-07-08T18:58:29Z,2026-07-08T20:58:29+0200,e401fd36-f4a8-45e5-ad91-bdd87731a7ba,2026-06-18T16:30:00Z,2026-06-18T18:30:00+0200,1089.87988,MW,FR,FR,forecast_onshore_wind_generation,Wind Onshore,2026-07-08T18:59:22Z
2026-07-08T18:58:29Z,2026-07-08T20:58:29+0200,e401fd36-f4a8-45e5-ad91-bdd87731a7ba,2026-06-18T16:45:00Z,2026-06-18T18:45:00+0200,1097.01001,MW,FR,FR,forecast_onshore_wind_generation,Wind Onshore,2026-07-08T18:59:22Z
2026-07-08T18:58:29Z,2026-07-08T20:58:29+0200,e401fd36-f4a8-45e5-ad91-bdd87731a7ba,2026-06-18T17:00:00Z,2026-06-18T19:00:00+0200,1104.41992,MW,FR,FR,forecast_onshore_wind_generation,Wind Onshore,2026-07-08T18:59:22Z
2026-07-08T18:58:29Z,2026-07-08T20:58:29+0200,e401fd36-f4a8-45e5-ad91-bdd87731a7ba,2026-06-18T17:15:00Z,2026-06-18T19:15:00+0200,1140.79004,MW,FR,FR,forecast_onshore_wind_generation,Wind Onshore,2026-07-08T18:59:22Z
2026-07-08T18:58:29Z,2026-07-08T20:58:29+0200,e401fd36-f4a8-45e5-ad91-bdd87731a7ba,2026-06-18T17:30:00Z,2026-06-18T19:30:00+0200,1178.20996,MW,FR,FR,forecast_onshore_wind_generation,Wind Onshore,2026-07-08T18:59:22Z
2026-07-08T18:58:29Z,2026-07-08T20:58:29+0200,e401fd36-f4a8-45e5-ad91-bdd87731a7ba,2026-06-18T17:45:00Z,2026-06-18T19:45:00+0200,1215.81995,MW,FR,FR,forecast_onshore_wind_generation,Wind Onshore,2026-07-08T18:59:22Z
2026-07-08T18:58:29Z,2026-07-08T20:58:29+0200,e401fd36-f4a8-45e5-ad91-bdd87731a7ba,2026-06-18T18:00:00Z,2026-06-18T20:00:00+0200,1253.65002,MW,FR,FR,forecast_onshore_wind_generation,Wind Onshore,2026-07-08T18:59:22Z
2026-07-08T18:58:29Z,2026-07-08T20:58:29+0200,e401fd36-f4a8-45e5-ad91-bdd87731a7ba,2026-06-18T18:15:00Z,2026-06-18T20:15:00+0200,1326.05005,MW,FR,FR,forecast_onshore_wind_generation,Wind Onshore,2026-07-08T18:59:22Z
2026-07-08T18:58:29Z,2026-07-08T20:58:29+0200,e401fd36-f4a8-45e5-ad91-bdd87731a7ba,2026-06-18T18:30:00Z,2026-06-18T20:30:00+0200,1398.56995,MW,FR,FR,forecast_onshore_wind_generation,Wind Onshore,2026-07-08T18:59:22Z
2026-07-08T18:58:29Z,2026-07-08T20:58:29+0200,e401fd36-f4a8-45e5-ad91-bdd87731a7ba,2026-06-18T18:45:00Z,2026-06-18T20:45:00+0200,1471.06006,MW,FR,FR,forecast_onshore_wind_generation,Wind Onshore,2026-07-08T18:59:22Z
2026-07-08T18:58:29Z,2026-07-08T20:58:29+0200,e401fd36-f4a8-45e5-ad91-bdd87731a7ba,2026-06-18T19:00:00Z,2026-06-18T21:00:00+0200,1543.59998,MW,FR,FR,forecast_onshore_wind_generation,Wind Onshore,2026-07-08T18:59:22Z
2026-07-08T18:58:29Z,2026-07-08T20:58:29+0200,e401fd36-f4a8-45e5-ad91-bdd87731a7ba,2026-06-18T19:15:00Z,2026-06-18T21:15:00+0200,1732.23999,MW,FR,FR,forecast_onshore_wind_generation,Wind Onshore,2026-07-08T18:59:22Z
2026-07-08T18:58:29Z,2026-07-08T20:58:29+0200,e401fd36-f4a8-45e5-ad91-bdd87731a7ba,2026-06-18T19:30:00Z,2026-06-18T21:30:00+0200,1920.88013,MW,FR,FR,forecast_onshore_wind_generation,Wind Onshore,2026-07-08T18:59:22Z
2026-07-08T18:58:29Z,2026-07-08T20:58:29+0200,e401fd36-f4a8-45e5-ad91-bdd87731a7ba,2026-06-18T19:45:00Z,2026-06-18T21:45:00+0200,2109.45996,MW,FR,FR,forecast_onshore_wind_generation,Wind Onshore,2026-07-08T18:59:22Z
2026-07-08T18:58:29Z,2026-07-08T20:58:29+0200,e401fd36-f4a8-45e5-ad91-bdd87731a7ba,2026-06-18T20:00:00Z,2026-06-18T22:00:00+0200,2298.06982,MW,FR,FR,forecast_onshore_wind_generation,Wind Onshore,2026-07-08T18:59:22Z
2026-07-08T18:58:29Z,2026-07-08T20:58:29+0200,e401fd36-f4a8-45e5-ad91-bdd87731a7ba,2026-06-18T20:15:00Z,2026-06-18T22:15:00+0200,2482.76001,MW,FR,FR,forecast_onshore_wind_generation,Wind Onshore,2026-07-08T18:59:22Z
2026-07-08T18:58:29Z,2026-07-08T20:58:29+0200,e401fd36-f4a8-45e5-ad91-bdd87731a7ba,2026-06-18T20:30:00Z,2026-06-18T22:30:00+0200,2667.5,MW,FR,FR,forecast_onshore_wind_generation,Wind Onshore,2026-07-08T18:59:22Z
2026-07-08T18:58:29Z,2026-07-08T20:58:29+0200,e401fd36-f4a8-45e5-ad91-bdd87731a7ba,2026-06-18T20:45:00Z,2026-06-18T22:45:00+0200,2852.22998,MW,FR,FR,forecast_onshore_wind_generation,Wind Onshore,2026-07-08T18:59:22Z
2026-07-08T18:58:29Z,2026-07-08T20:58:29+0200,e401fd36-f4a8-45e5-ad91-bdd87731a7ba,2026-06-18T21:00:00Z,2026-06-18T23:00:00+0200,3036.95996,MW,FR,FR,forecast_onshore_wind_generation,Wind Onshore,2026-07-08T18:59:22Z
2026-07-08T18:58:29Z,2026-07-08T20:58:29+0200,e401fd36-f4a8-45e5-ad91-bdd87731a7ba,2026-06-18T21:15:00Z,2026-06-18T23:15:00+0200,3148.09985,MW,FR,FR,forecast_onshore_wind_generation,Wind Onshore,2026-07-08T18:59:22Z
2026-07-08T18:58:29Z,2026-07-08T20:58:29+0200,e401fd36-f4a8-45e5-ad91-bdd87731a7ba,2026-06-18T21:30:00Z,2026-06-18T23:30:00+0200,3259.25,MW,FR,FR,forecast_onshore_wind_generation,Wind Onshore,2026-07-08T18:59:22Z
2026-07-08T18:58:29Z,2026-07-08T20:58:29+0200,e401fd36-f4a8-45e5-ad91-bdd87731a7ba,2026-06-18T21:45:00Z,2026-06-18T23:45:00+0200,3370.41992,MW,FR,FR,forecast_onshore_wind_generation,Wind Onshore,2026-07-08T18:59:22Z
2026-07-08T18:58:29Z,2026-07-08T20:58:29+0200,e401fd36-f4a8-45e5-ad91-bdd87731a7ba,2026-06-18T22:00:00Z,2026-06-19T00:00:00+0200,2692.98999,MW,FR,FR,forecast_onshore_wind_generation,Wind Onshore,2026-07-08T18:59:22Z
2026-07-08T18:58:29Z,2026-07-08T20:58:29+0200,e401fd36-f4a8-45e5-ad91-bdd87731a7ba,2026-06-18T22:15:00Z,2026-06-19T00:15:00+0200,2745.06006,MW,FR,FR,forecast_onshore_wind_generation,Wind Onshore,2026-07-08T18:59:22Z
2026-07-08T18:58:29Z,2026-07-08T20:58:29+0200,e401fd36-f4a8-45e5-ad91-bdd87731a7ba,2026-06-18T22:30:00Z,2026-06-19T00:30:00+0200,2797.16992,MW,FR,FR,forecast_onshore_wind_generation,Wind Onshore,2026-07-08T18:59:22Z
2026-07-08T18:58:29Z,2026-07-08T20:58:29+0200,e401fd36-f4a8-45e5-ad91-bdd87731a7ba,2026-06-18T22:45:00Z,2026-06-19T00:45:00+0200,2849.53003,MW,FR,FR,forecast_onshore_wind_generation,Wind Onshore,2026-07-08T18:59:22Z
2026-07-08T18:58:29Z,2026-07-08T20:58:29+0200,e401fd36-f4a8-45e5-ad91-bdd87731a7ba,2026-06-18T23:00:00Z,2026-06-19T01:00:00+0200,2901.94019,MW,FR,FR,forecast_onshore_wind_generation,Wind Onshore,2026-07-08T18:59:22Z
2026-07-08T18:58:29Z,2026-07-08T20:58:29+0200,e401fd36-f4a8-45e5-ad91-bdd87731a7ba,2026-06-18T23:15:00Z,2026-06-19T01:15:00+0200,2968.93994,MW,FR,FR,forecast_onshore_wind_generation,Wind Onshore,2026-07-08T18:59:22Z
2026-07-08T18:58:29Z,2026-07-08T20:58:29+0200,e401fd36-f4a8-45e5-ad91-bdd87731a7ba,2026-06-18T23:30:00Z,2026-06-19T01:30:00+0200,3036.01001,MW,FR,FR,forecast_onshore_wind_generation,Wind Onshore,2026-07-08T18:59:22Z
2026-07-08T18:58:29Z,2026-07-08T20:58:29+0200,e401fd36-f4a8-45e5-ad91-bdd87731a7ba,2026-06-18T23:45:00Z,2026-06-19T01:45:00+0200,3103.30005,MW,FR,FR,forecast_onshore_wind_generation,Wind Onshore,2026-07-08T18:59:22Z
2026-07-08T18:58:29Z,2026-07-08T20:58:29+0200,e401fd36-f4a8-45e5-ad91-bdd87731a7ba,2026-06-19T00:00:00Z,2026-06-19T02:00:00+0200,3170.7002,MW,FR,FR,forecast_onshore_wind_generation,Wind Onshore,2026-07-08T18:59:22Z
2026-07-08T18:58:29Z,2026-07-08T20:58:29+0200,e401fd36-f4a8-45e5-ad91-bdd87731a7ba,2026-06-19T00:15:00Z,2026-06-19T02:15:00+0200,3218.95996,MW,FR,FR,forecast_onshore_wind_generation,Wind Onshore,2026-07-08T18:59:22Z
2026-07-08T18:58:29Z,2026-07-08T20:58:29+0200,e401fd36-f4a8-45e5-ad91-bdd87731a7ba,2026-06-19T00:30:00Z,2026-06-19T02:30:00+0200,3267.41992,MW,FR,FR,forecast_onshore_wind_generation,Wind Onshore,2026-07-08T18:59:22Z
2026-07-08T18:58:29Z,2026-07-08T20:58:29+0200,e401fd36-f4a8-45e5-ad91-bdd87731a7ba,2026-06-19T00:45:00Z,2026-06-19T02:45:00+0200,3316.0,MW,FR,FR,forecast_onshore_wind_generation,Wind Onshore,2026-07-08T18:59:22Z
2026-07-08T18:58:29Z,2026-07-08T20:58:29+0200,e401fd36-f4a8-45e5-ad91-bdd87731a7ba,2026-06-19T01:00:00Z,2026-06-19T03:00:00+0200,3364.61987,MW,FR,FR,forecast_onshore_wind_generation,Wind Onshore,2026-07-08T18:59:22Z
2026-07-08T18:58:29Z,2026-07-08T20:58:29+0200,e401fd36-f4a8-45e5-ad91-bdd87731a7ba,2026-06-19T01:15:00Z,2026-06-19T03:15:00+0200,3376.3501,MW,FR,FR,forecast_onshore_wind_generation,Wind Onshore,2026-07-08T18:59:22Z
2026-07-08T18:58:29Z,2026-07-08T20:58:29+0200,e401fd36-f4a8-45e5-ad91-bdd87731a7ba,2026-06-19T01:30:00Z,2026-06-19T03:30:00+0200,3388.10986,MW,FR,FR,forecast_onshore_wind_generation,Wind Onshore,2026-07-08T18:59:22Z
2026-07-08T18:58:29Z,2026-07-08T20:58:29+0200,e401fd36-f4a8-45e5-ad91-bdd87731a7ba,2026-06-19T01:45:00Z,2026-06-19T03:45:00+0200,3399.93018,MW,FR,FR,forecast_onshore_wind_generation,Wind Onshore,2026-07-08T18:59:22Z
2026-07-08T18:58:29Z,2026-07-08T20:58:29+0200,e401fd36-f4a8-45e5-ad91-bdd87731a7ba,2026-06-19T02:00:00Z,2026-06-19T04:00:00+0200,3411.72998,MW,FR,FR,forecast_onshore_wind_generation,Wind Onshore,2026-07-08T18:59:22Z
2026-07-08T18:58:29Z,2026-07-08T20:58:29+0200,e401fd36-f4a8-45e5-ad91-bdd87731a7ba,2026-06-19T02:15:00Z,2026-06-19T04:15:00+0200,3416.26001,MW,FR,FR,forecast_onshore_wind_generation,Wind Onshore,2026-07-08T18:59:22Z
2026-07-08T18:58:29Z,2026-07-08T20:58:29+0200,e401fd36-f4a8-45e5-ad91-bdd87731a7ba,2026-06-19T02:30:00Z,2026-06-19T04:30:00+0200,3420.79004,MW,FR,FR,forecast_onshore_wind_generation,Wind Onshore,2026-07-08T18:59:22Z
2026-07-08T18:58:29Z,2026-07-08T20:58:29+0200,e401fd36-f4a8-45e5-ad91-bdd87731a7ba,2026-06-19T02:45:00Z,2026-06-19T04:45:00+0200,3425.32007,MW,FR,FR,forecast_onshore_wind_generation,Wind Onshore,2026-07-08T18:59:22Z
2026-07-08T18:58:29Z,2026-07-08T20:58:29+0200,e401fd36-f4a8-45e5-ad91-bdd87731a7ba,2026-06-19T03:00:00Z,2026-06-19T05:00:00+0200,3429.86011,MW,FR,FR,forecast_onshore_wind_generation,Wind Onshore,2026-07-08T18:59:22Z
2026-07-08T18:58:29Z,2026-07-08T20:58:29+0200,e401fd36-f4a8-45e5-ad91-bdd87731a7ba,2026-06-19T03:15:00Z,2026-06-19T05:15:00+0200,3444.32983,MW,FR,FR,forecast_onshore_wind_generation,Wind Onshore,2026-07-08T18:59:22Z
2026-07-08T18:58:29Z,2026-07-08T20:58:29+0200,e401fd36-f4a8-45e5-ad91-bdd87731a7ba,2026-06-19T03:30:00Z,2026-06-19T05:30:00+0200,3458.82007,MW,FR,FR,forecast_onshore_wind_generation,Wind Onshore,2026-07-08T18:59:22Z
2026-07-08T18:58:29Z,2026-07-08T20:58:29+0200,e401fd36-f4a8-45e5-ad91-bdd87731a7ba,2026-06-19T03:45:00Z,2026-06-19T05:45:00+0200,3473.39014,MW,FR,FR,forecast_onshore_wind_generation,Wind Onshore,2026-07-08T18:59:22Z
2026-07-08T18:58:29Z,2026-07-08T20:58:29+0200,e401fd36-f4a8-45e5-ad91-bdd87731a7ba,2026-06-19T04:00:00Z,2026-06-19T06:00:00+0200,3487.95996,MW,FR,FR,forecast_onshore_wind_generation,Wind Onshore,2026-07-08T18:59:22Z
2026-07-08T18:58:29Z,2026-07-08T20:58:29+0200,e401fd36-f4a8-45e5-ad91-bdd87731a7ba,2026-06-19T04:15:00Z,2026-06-19T06:15:00+0200,3473.22998,MW,FR,FR,forecast_onshore_wind_generation,Wind Onshore,2026-07-08T18:59:22Z
2026-07-08T18:58:29Z,2026-07-08T20:58:29+0200,e401fd36-f4a8-45e5-ad91-bdd87731a7ba,2026-06-19T04:30:00Z,2026-06-19T06:30:00+0200,3458.67993,MW,FR,FR,forecast_onshore_wind_generation,Wind Onshore,2026-07-08T18:59:22Z
2026-07-08T18:58:29Z,2026-07-08T20:58:29+0200,e401fd36-f4a8-45e5-ad91-bdd87731a7ba,2026-06-19T04:45:00Z,2026-06-19T06:45:00+0200,3444.17993,MW,FR,FR,forecast_onshore_wind_generation,Wind Onshore,2026-07-08T18:59:22Z
2026-07-08T18:58:29Z,2026-07-08T20:58:29+0200,e401fd36-f4a8-45e5-ad91-bdd87731a7ba,2026-06-19T05:00:00Z,2026-06-19T07:00:00+0200,3429.78979,MW,FR,FR,forecast_onshore_wind_generation,Wind Onshore,2026-07-08T18:59:22Z
2026-07-08T18:58:29Z,2026-07-08T20:58:29+0200,e401fd36-f4a8-45e5-ad91-bdd87731a7ba,2026-06-19T05:15:00Z,2026-06-19T07:15:00+0200,3429.34009,MW,FR,FR,forecast_onshore_wind_generation,Wind Onshore,2026-07-08T18:59:22Z
2026-07-08T18:58:29Z,2026-07-08T20:58:29+0200,e401fd36-f4a8-45e5-ad91-bdd87731a7ba,2026-06-19T05:30:00Z,2026-06-19T07:30:00+0200,3428.91016,MW,FR,FR,forecast_onshore_wind_generation,Wind Onshore,2026-07-08T18:59:22Z
2026-07-08T18:58:29Z,2026-07-08T20:58:29+0200,e401fd36-f4a8-45e5-ad91-bdd87731a7ba,2026-06-19T05:45:00Z,2026-06-19T07:45:00+0200,3428.61011,MW,FR,FR,forecast_onshore_wind_generation,Wind Onshore,2026-07-08T18:59:22Z
2026-07-08T18:58:29Z,2026-07-08T20:58:29+0200,e401fd36-f4a8-45e5-ad91-bdd87731a7ba,2026-06-19T06:00:00Z,2026-06-19T08:00:00+0200,3428.29004,MW,FR,FR,forecast_onshore_wind_generation,Wind Onshore,2026-07-08T18:59:22Z
2026-07-08T18:58:29Z,2026-07-08T20:58:29+0200,e401fd36-f4a8-45e5-ad91-bdd87731a7ba,2026-06-19T06:15:00Z,2026-06-19T08:15:00+0200,3185.82983,MW,FR,FR,forecast_onshore_wind_generation,Wind Onshore,2026-07-08T18:59:22Z
2026-07-08T18:58:29Z,2026-07-08T20:58:29+0200,e401fd36-f4a8-45e5-ad91-bdd87731a7ba,2026-06-19T06:30:00Z,2026-06-19T08:30:00+0200,2943.37012,MW,FR,FR,forecast_onshore_wind_generation,Wind Onshore,2026-07-08T18:59:22Z
2026-07-08T18:58:29Z,2026-07-08T20:58:29+0200,e401fd36-f4a8-45e5-ad91-bdd87731a7ba,2026-06-19T06:45:00Z,2026-06-19T08:45:00+0200,2700.91992,MW,FR,FR,forecast_onshore_wind_generation,Wind Onshore,2026-07-08T18:59:22Z
2026-07-08T18:58:29Z,2026-07-08T20:58:29+0200,e401fd36-f4a8-45e5-ad91-bdd87731a7ba,2026-06-19T07:00:00Z,2026-06-19T09:00:00+0200,2458.47998,MW,FR,FR,forecast_onshore_wind_generation,Wind Onshore,2026-07-08T18:59:22Z
2026-07-08T18:58:29Z,2026-07-08T20:58:29+0200,e401fd36-f4a8-45e5-ad91-bdd87731a7ba,2026-06-19T07:15:00Z,2026-06-19T09:15:00+0200,2255.04004,MW,FR,FR,forecast_onshore_wind_generation,Wind Onshore,2026-07-08T18:59:22Z
2026-07-08T18:58:29Z,2026-07-08T20:58:29+0200,e401fd36-f4a8-45e5-ad91-bdd87731a7ba,2026-06-19T07:30:00Z,2026-06-19T09:30:00+0200,2052.37988,MW,FR,FR,forecast_onshore_wind_generation,Wind Onshore,2026-07-08T18:59:22Z
2026-07-08T18:58:29Z,2026-07-08T20:58:29+0200,e401fd36-f4a8-45e5-ad91-bdd87731a7ba,2026-06-19T07:45:00Z,2026-06-19T09:45:00+0200,1849.79004,MW,FR,FR,forecast_onshore_wind_generation,Wind Onshore,2026-07-08T18:59:22Z
2026-07-08T18:58:29Z,2026-07-08T20:58:29+0200,e401fd36-f4a8-45e5-ad91-bdd87731a7ba,2026-06-19T08:00:00Z,2026-06-19T10:00:00+0200,1647.23999,MW,FR,FR,forecast_onshore_wind_generation,Wind Onshore,2026-07-08T18:59:22Z
2026-07-08T18:58:29Z,2026-07-08T20:58:29+0200,e401fd36-f4a8-45e5-ad91-bdd87731a7ba,2026-06-19T08:15:00Z,2026-06-19T10:15:00+0200,1647.19995,MW,FR,FR,forecast_onshore_wind_generation,Wind Onshore,2026-07-08T18:59:22Z
2026-07-08T18:58:29Z,2026-07-08T20:58:29+0200,e401fd36-f4a8-45e5-ad91-bdd87731a7ba,2026-06-19T08:30:00Z,2026-06-19T10:30:00+0200,1647.19995,MW,FR,FR,forecast_onshore_wind_generation,Wind Onshore,2026-07-08T18:59:22Z
2026-07-08T18:58:29Z,2026-07-08T20:58:29+0200,e401fd36-f4a8-45e5-ad91-bdd87731a7ba,2026-06-19T08:45:00Z,2026-06-19T10:45:00+0200,1647.25,MW,FR,FR,forecast_onshore_wind_generation,Wind Onshore,2026-07-08T18:59:22Z
2026-07-08T18:58:29Z,2026-07-08T20:58:29+0200,e401fd36-f4a8-45e5-ad91-bdd87731a7ba,2026-06-19T09:00:00Z,2026-06-19T11:00:00+0200,1647.29993,MW,FR,FR,forecast_onshore_wind_generation,Wind Onshore,2026-07-08T18:59:22Z
2026-07-08T18:58:29Z,2026-07-08T20:58:29+0200,e401fd36-f4a8-45e5-ad91-bdd87731a7ba,2026-06-19T09:15:00Z,2026-06-19T11:15:00+0200,1669.79004,MW,FR,FR,forecast_onshore_wind_generation,Wind Onshore,2026-07-08T18:59:22Z
2026-07-08T18:58:29Z,2026-07-08T20:58:29+0200,e401fd36-f4a8-45e5-ad91-bdd87731a7ba,2026-06-19T09:30:00Z,2026-06-19T11:30:00+0200,1692.34009,MW,FR,FR,forecast_onshore_wind_generation,Wind Onshore,2026-07-08T18:59:22Z
2026-07-08T18:58:29Z,2026-07-08T20:58:29+0200,e401fd36-f4a8-45e5-ad91-bdd87731a7ba,2026-06-19T09:45:00Z,2026-06-19T11:45:00+0200,1714.85999,MW,FR,FR,forecast_onshore_wind_generation,Wind Onshore,2026-07-08T18:59:22Z
2026-07-08T18:58:29Z,2026-07-08T20:58:29+0200,e401fd36-f4a8-45e5-ad91-bdd87731a7ba,2026-06-19T10:00:00Z,2026-06-19T12:00:00+0200,1737.38,MW,FR,FR,forecast_onshore_wind_generation,Wind Onshore,2026-07-08T18:59:22Z
2026-07-08T18:58:29Z,2026-07-08T20:58:29+0200,e401fd36-f4a8-45e5-ad91-bdd87731a7ba,2026-06-19T10:15:00Z,2026-06-19T12:15:00+0200,1770.28003,MW,FR,FR,forecast_onshore_wind_generation,Wind Onshore,2026-07-08T18:59:22Z
2026-07-08T18:58:29Z,2026-07-08T20:58:29+0200,e401fd36-f4a8-45e5-ad91-bdd87731a7ba,2026-06-19T10:30:00Z,2026-06-19T12:30:00+0200,1803.16003,MW,FR,FR,forecast_onshore_wind_generation,Wind Onshore,2026-07-08T18:59:22Z
2026-07-08T18:58:29Z,2026-07-08T20:58:29+0200,e401fd36-f4a8-45e5-ad91-bdd87731a7ba,2026-06-19T10:45:00Z,2026-06-19T12:45:00+0200,1836.02991,MW,FR,FR,forecast_onshore_wind_generation,Wind Onshore,2026-07-08T18:59:22Z
2026-07-08T18:58:29Z,2026-07-08T20:58:29+0200,e401fd36-f4a8-45e5-ad91-bdd87731a7ba,2026-06-19T11:00:00Z,2026-06-19T13:00:00+0200,1868.90002,MW,FR,FR,forecast_onshore_wind_generation,Wind Onshore,2026-07-08T18:59:22Z
2026-07-08T18:58:29Z,2026-07-08T20:58:29+0200,e401fd36-f4a8-45e5-ad91-bdd87731a7ba,2026-06-19T11:15:00Z,2026-06-19T13:15:00+0200,1898.72998,MW,FR,FR,forecast_onshore_wind_generation,Wind Onshore,2026-07-08T18:59:22Z
2026-07-08T18:58:29Z,2026-07-08T20:58:29+0200,e401fd36-f4a8-45e5-ad91-bdd87731a7ba,2026-06-19T11:30:00Z,2026-06-19T13:30:00+0200,1928.56006,MW,FR,FR,forecast_onshore_wind_generation,Wind Onshore,2026-07-08T18:59:22Z
2026-07-08T18:58:29Z,2026-07-08T20:58:29+0200,e401fd36-f4a8-45e5-ad91-bdd87731a7ba,2026-06-19T11:45:00Z,2026-06-19T13:45:00+0200,1958.40002,MW,FR,FR,forecast_onshore_wind_generation,Wind Onshore,2026-07-08T18:59:22Z
2026-07-08T18:58:29Z,2026-07-08T20:58:29+0200,e401fd36-f4a8-45e5-ad91-bdd87731a7ba,2026-06-19T12:00:00Z,2026-06-19T14:00:00+0200,1988.25,MW,FR,FR,forecast_onshore_wind_generation,Wind Onshore,2026-07-08T18:59:22Z
2026-07-08T18:58:29Z,2026-07-08T20:58:29+0200,e401fd36-f4a8-45e5-ad91-bdd87731a7ba,2026-06-19T12:15:00Z,2026-06-19T14:15:00+0200,2044.17993,MW,FR,FR,forecast_onshore_wind_generation,Wind Onshore,2026-07-08T18:59:22Z
2026-07-08T18:58:29Z,2026-07-08T20:58:29+0200,e401fd36-f4a8-45e5-ad91-bdd87731a7ba,2026-06-19T12:30:00Z,2026-06-19T14:30:00+0200,2100.13013,MW,FR,FR,forecast_onshore_wind_generation,Wind Onshore,2026-07-08T18:59:22Z
2026-07-08T18:58:29Z,2026-07-08T20:58:29+0200,e401fd36-f4a8-45e5-ad91-bdd87731a7ba,2026-06-19T12:45:00Z,2026-06-19T14:45:00+0200,2156.04004,MW,FR,FR,forecast_onshore_wind_generation,Wind Onshore,2026-07-08T18:59:22Z
2026-07-08T18:58:29Z,2026-07-08T20:58:29+0200,e401fd36-f4a8-45e5-ad91-bdd87731a7ba,2026-06-19T13:00:00Z,2026-06-19T15:00:00+0200,2211.95996,MW,FR,FR,forecast_onshore_wind_generation,Wind Onshore,2026-07-08T18:59:22Z
2026-07-08T18:58:29Z,2026-07-08T20:58:29+0200,e401fd36-f4a8-45e5-ad91-bdd87731a7ba,2026-06-19T13:15:00Z,2026-06-19T15:15:00+0200,2309.07007,MW,FR,FR,forecast_onshore_wind_generation,Wind Onshore,2026-07-08T18:59:22Z
2026-07-08T18:58:29Z,2026-07-08T20:58:29+0200,e401fd36-f4a8-45e5-ad91-bdd87731a7ba,2026-06-19T13:30:00Z,2026-06-19T15:30:00+0200,2406.18018,MW,FR,FR,forecast_onshore_wind_generation,Wind Onshore,2026-07-08T18:59:22Z
2026-07-08T18:58:29Z,2026-07-08T20:58:29+0200,e401fd36-f4a8-45e5-ad91-bdd87731a7ba,2026-06-19T13:45:00Z,2026-06-19T15:45:00+0200,2503.27979,MW,FR,FR,forecast_onshore_wind_generation,Wind Onshore,2026-07-08T18:59:22Z
2026-07-08T18:58:29Z,2026-07-08T20:58:29+0200,e401fd36-f4a8-45e5-ad91-bdd87731a7ba,2026-06-19T14:00:00Z,2026-06-19T16:00:00+0200,2600.34985,MW,FR,FR,forecast_onshore_wind_generation,Wind Onshore,2026-07-08T18:59:22Z
2026-07-08T18:58:29Z,2026-07-08T20:58:29+0200,e401fd36-f4a8-45e5-ad91-bdd87731a7ba,2026-06-19T14:15:00Z,2026-06-19T16:15:00+0200,2636.73999,MW,FR,FR,forecast_onshore_wind_generation,Wind Onshore,2026-07-08T18:59:22Z
2026-07-08T18:58:29Z,2026-07-08T20:58:29+0200,e401fd36-f4a8-45e5-ad91-bdd87731a7ba,2026-06-19T14:30:00Z,2026-06-19T16:30:00+0200,2673.1499,MW,FR,FR,forecast_onshore_wind_generation,Wind Onshore,2026-07-08T18:59:22Z
2026-07-08T18:58:29Z,2026-07-08T20:58:29+0200,e401fd36-f4a8-45e5-ad91-bdd87731a7ba,2026-06-19T14:45:00Z,2026-06-19T16:45:00+0200,2709.47998,MW,FR,FR,forecast_onshore_wind_generation,Wind Onshore,2026-07-08T18:59:22Z
2026-07-08T18:58:29Z,2026-07-08T20:58:29+0200,e401fd36-f4a8-45e5-ad91-bdd87731a7ba,2026-06-19T15:00:00Z,2026-06-19T17:00:00+0200,2745.84985,MW,FR,FR,forecast_onshore_wind_generation,Wind Onshore,2026-07-08T18:59:22Z
2026-07-08T18:58:29Z,2026-07-08T20:58:29+0200,e401fd36-f4a8-45e5-ad91-bdd87731a7ba,2026-06-19T15:15:00Z,2026-06-19T17:15:00+0200,2689.39014,MW,FR,FR,forecast_onshore_wind_generation,Wind Onshore,2026-07-08T18:59:22Z
2026-07-08T18:58:29Z,2026-07-08T20:58:29+0200,e401fd36-f4a8-45e5-ad91-bdd87731a7ba,2026-06-19T15:30:00Z,2026-06-19T17:30:00+0200,2632.93994,MW,FR,FR,forecast_onshore_wind_generation,Wind Onshore,2026-07-08T18:59:22Z
2026-07-08T18:58:29Z,2026-07-08T20:58:29+0200,e401fd36-f4a8-45e5-ad91-bdd87731a7ba,2026-06-19T15:45:00Z,2026-06-19T17:45:00+0200,2576.40991,MW,FR,FR,forecast_onshore_wind_generation,Wind Onshore,2026-07-08T18:59:22Z
2026-07-08T18:58:29Z,2026-07-08T20:58:29+0200,e401fd36-f4a8-45e5-ad91-bdd87731a7ba,2026-06-19T16:00:00Z,2026-06-19T18:00:00+0200,2519.90015,MW,FR,FR,forecast_onshore_wind_generation,Wind Onshore,2026-07-08T18:59:22Z
2026-07-08T18:58:29Z,2026-07-08T20:58:29+0200,e401fd36-f4a8-45e5-ad91-bdd87731a7ba,2026-06-19T16:15:00Z,2026-06-19T18:15:00+0200,2471.7998,MW,FR,FR,forecast_onshore_wind_generation,Wind Onshore,2026-07-08T18:59:22Z
2026-07-08T18:58:29Z,2026-07-08T20:58:29+0200,e401fd36-f4a8-45e5-ad91-bdd87731a7ba,2026-06-19T16:30:00Z,2026-06-19T18:30:00+0200,2423.72998,MW,FR,FR,forecast_onshore_wind_generation,Wind Onshore,2026-07-08T18:59:22Z
2026-07-08T18:58:29Z,2026-07-08T20:58:29+0200,e401fd36-f4a8-45e5-ad91-bdd87731a7ba,2026-06-19T16:45:00Z,2026-06-19T18:45:00+0200,2375.57007,MW,FR,FR,forecast_onshore_wind_generation,Wind Onshore,2026-07-08T18:59:22Z
2026-07-08T18:58:29Z,2026-07-08T20:58:29+0200,e401fd36-f4a8-45e5-ad91-bdd87731a7ba,2026-06-19T17:00:00Z,2026-06-19T19:00:00+0200,2327.52002,MW,FR,FR,forecast_onshore_wind_generation,Wind Onshore,2026-07-08T18:59:22Z
2026-07-08T18:58:29Z,2026-07-08T20:58:29+0200,e401fd36-f4a8-45e5-ad91-bdd87731a7ba,2026-06-19T17:15:00Z,2026-06-19T19:15:00+0200,2378.39014,MW,FR,FR,forecast_onshore_wind_generation,Wind Onshore,2026-07-08T18:59:22Z
2026-07-08T18:58:29Z,2026-07-08T20:58:29+0200,e401fd36-f4a8-45e5-ad91-bdd87731a7ba,2026-06-19T17:30:00Z,2026-06-19T19:30:00+0200,2429.33984,MW,FR,FR,forecast_onshore_wind_generation,Wind Onshore,2026-07-08T18:59:22Z
2026-07-08T18:58:29Z,2026-07-08T20:58:29+0200,e401fd36-f4a8-45e5-ad91-bdd87731a7ba,2026-06-19T17:45:00Z,2026-06-19T19:45:00+0200,2480.28003,MW,FR,FR,forecast_onshore_wind_generation,Wind Onshore,2026-07-08T18:59:22Z
2026-07-08T18:58:29Z,2026-07-08T20:58:29+0200,e401fd36-f4a8-45e5-ad91-bdd87731a7ba,2026-06-19T18:00:00Z,2026-06-19T20:00:00+0200,2531.26001,MW,FR,FR,forecast_onshore_wind_generation,Wind Onshore,2026-07-08T18:59:22Z
2026-07-08T18:58:29Z,2026-07-08T20:58:29+0200,e401fd36-f4a8-45e5-ad91-bdd87731a7ba,2026-06-19T18:15:00Z,2026-06-19T20:15:00+0200,2495.62012,MW,FR,FR,forecast_onshore_wind_generation,Wind Onshore,2026-07-08T18:59:22Z
2026-07-08T18:58:29Z,2026-07-08T20:58:29+0200,e401fd36-f4a8-45e5-ad91-bdd87731a7ba,2026-06-19T18:30:00Z,2026-06-19T20:30:00+0200,2460.01025,MW,FR,FR,forecast_onshore_wind_generation,Wind Onshore,2026-07-08T18:59:22Z
2026-07-08T18:58:29Z,2026-07-08T20:58:29+0200,e401fd36-f4a8-45e5-ad91-bdd87731a7ba,2026-06-19T18:45:00Z,2026-06-19T20:45:00+0200,2424.41992,MW,FR,FR,forecast_onshore_wind_generation,Wind Onshore,2026-07-08T18:59:22Z
2026-07-08T18:58:29Z,2026-07-08T20:58:29+0200,e401fd36-f4a8-45e5-ad91-bdd87731a7ba,2026-06-19T19:00:00Z,2026-06-19T21:00:00+0200,2388.82007,MW,FR,FR,forecast_onshore_wind_generation,Wind Onshore,2026-07-08T18:59:22Z
2026-07-08T18:58:29Z,2026-07-08T20:58:29+0200,e401fd36-f4a8-45e5-ad91-bdd87731a7ba,2026-06-19T19:15:00Z,2026-06-19T21:15:00+0200,2430.05981,MW,FR,FR,forecast_onshore_wind_generation,Wind Onshore,2026-07-08T18:59:22Z
2026-07-08T18:58:29Z,2026-07-08T20:58:29+0200,e401fd36-f4a8-45e5-ad91-bdd87731a7ba,2026-06-19T19:30:00Z,2026-06-19T21:30:00+0200,2471.32007,MW,FR,FR,forecast_onshore_wind_generation,Wind Onshore,2026-07-08T18:59:22Z
2026-07-08T18:58:29Z,2026-07-08T20:58:29+0200,e401fd36-f4a8-45e5-ad91-bdd87731a7ba,2026-06-19T19:45:00Z,2026-06-19T21:45:00+0200,2512.63989,MW,FR,FR,forecast_onshore_wind_generation,Wind Onshore,2026-07-08T18:59:22Z
2026-07-08T18:58:29Z,2026-07-08T20:58:29+0200,e401fd36-f4a8-45e5-ad91-bdd87731a7ba,2026-06-19T20:00:00Z,2026-06-19T22:00:00+0200,2553.97998,MW,FR,FR,forecast_onshore_wind_generation,Wind Onshore,2026-07-08T18:59:22Z
2026-07-08T18:58:29Z,2026-07-08T20:58:29+0200,e401fd36-f4a8-45e5-ad91-bdd87731a7ba,2026-06-19T20:15:00Z,2026-06-19T22:15:00+0200,2658.34009,MW,FR,FR,forecast_onshore_wind_generation,Wind Onshore,2026-07-08T18:59:22Z
2026-07-08T18:58:29Z,2026-07-08T20:58:29+0200,e401fd36-f4a8-45e5-ad91-bdd87731a7ba,2026-06-19T20:30:00Z,2026-06-19T22:30:00+0200,2762.71021,MW,FR,FR,forecast_onshore_wind_generation,Wind Onshore,2026-07-08T18:59:22Z
2026-07-08T18:58:29Z,2026-07-08T20:58:29+0200,e401fd36-f4a8-45e5-ad91-bdd87731a7ba,2026-06-19T20:45:00Z,2026-06-19T22:45:00+0200,2867.12988,MW,FR,FR,forecast_onshore_wind_generation,Wind Onshore,2026-07-08T18:59:22Z
2026-07-08T18:58:29Z,2026-07-08T20:58:29+0200,e401fd36-f4a8-45e5-ad91-bdd87731a7ba,2026-06-19T21:00:00Z,2026-06-19T23:00:00+0200,2971.57007,MW,FR,FR,forecast_onshore_wind_generation,Wind Onshore,2026-07-08T18:59:22Z
2026-07-08T18:58:29Z,2026-07-08T20:58:29+0200,e401fd36-f4a8-45e5-ad91-bdd87731a7ba,2026-06-19T21:15:00Z,2026-06-19T23:15:00+0200,2865.52002,MW,FR,FR,forecast_onshore_wind_generation,Wind Onshore,2026-07-08T18:59:22Z
2026-07-08T18:58:29Z,2026-07-08T20:58:29+0200,e401fd36-f4a8-45e5-ad91-bdd87731a7ba,2026-06-19T21:30:00Z,2026-06-19T23:30:00+0200,2759.5,MW,FR,FR,forecast_onshore_wind_generation,Wind Onshore,2026-07-08T18:59:22Z
2026-07-08T18:58:29Z,2026-07-08T20:58:29+0200,e401fd36-f4a8-45e5-ad91-bdd87731a7ba,2026-06-19T21:45:00Z,2026-06-19T23:45:00+0200,2653.46997,MW,FR,FR,forecast_onshore_wind_generation,Wind Onshore,2026-07-08T18:59:22Z
2026-07-08T18:58:29Z,2026-07-08T20:58:29+0200,e401fd36-f4a8-45e5-ad91-bdd87731a7ba,2026-06-19T22:00:00Z,2026-06-20T00:00:00+0200,2396.32007,MW,FR,FR,forecast_onshore_wind_generation,Wind Onshore,2026-07-08T18:59:22Z
2026-07-08T18:58:29Z,2026-07-08T20:58:29+0200,e401fd36-f4a8-45e5-ad91-bdd87731a7ba,2026-06-19T22:15:00Z,2026-06-20T00:15:00+0200,2355.44019,MW,FR,FR,forecast_onshore_wind_generation,Wind Onshore,2026-07-08T18:59:22Z
2026-07-08T18:58:29Z,2026-07-08T20:58:29+0200,e401fd36-f4a8-45e5-ad91-bdd87731a7ba,2026-06-19T22:30:00Z,2026-06-20T00:30:00+0200,2314.70996,MW,FR,FR,forecast_onshore_wind_generation,Wind Onshore,2026-07-08T18:59:22Z
2026-07-08T18:58:29Z,2026-07-08T20:58:29+0200,e401fd36-f4a8-45e5-ad91-bdd87731a7ba,2026-06-19T22:45:00Z,2026-06-20T00:45:00+0200,2274.2998,MW,FR,FR,forecast_onshore_wind_generation,Wind Onshore,2026-07-08T18:59:22Z
2026-07-08T18:58:29Z,2026-07-08T20:58:29+0200,e401fd36-f4a8-45e5-ad91-bdd87731a7ba,2026-06-19T23:00:00Z,2026-06-20T01:00:00+0200,2234.03003,MW,FR,FR,forecast_onshore_wind_generation,Wind Onshore,2026-07-08T18:59:22Z
2026-07-08T18:58:29Z,2026-07-08T20:58:29+0200,e401fd36-f4a8-45e5-ad91-bdd87731a7ba,2026-06-19T23:15:00Z,2026-06-20T01:15:00+0200,2212.90991,MW,FR,FR,forecast_onshore_wind_generation,Wind Onshore,2026-07-08T18:59:22Z
2026-07-08T18:58:29Z,2026-07-08T20:58:29+0200,e401fd36-f4a8-45e5-ad91-bdd87731a7ba,2026-06-19T23:30:00Z,2026-06-20T01:30:00+0200,2191.83008,MW,FR,FR,forecast_onshore_wind_generation,Wind Onshore,2026-07-08T18:59:22Z
2026-07-08T18:58:29Z,2026-07-08T20:58:29+0200,e401fd36-f4a8-45e5-ad91-bdd87731a7ba,2026-06-19T23:45:00Z,2026-06-20T01:45:00+0200,2171.04004,MW,FR,FR,forecast_onshore_wind_generation,Wind Onshore,2026-07-08T18:59:22Z
2026-07-08T18:58:29Z,2026-07-08T20:58:29+0200,e401fd36-f4a8-45e5-ad91-bdd87731a7ba,2026-06-20T00:00:00Z,2026-06-20T02:00:00+0200,2150.5,MW,FR,FR,forecast_onshore_wind_generation,Wind Onshore,2026-07-08T18:59:22Z
2026-07-08T18:58:29Z,2026-07-08T20:58:29+0200,e401fd36-f4a8-45e5-ad91-bdd87731a7ba,2026-06-20T00:15:00Z,2026-06-20T02:15:00+0200,2137.80005,MW,FR,FR,forecast_onshore_wind_generation,Wind Onshore,2026-07-08T18:59:22Z
2026-07-08T18:58:29Z,2026-07-08T20:58:29+0200,e401fd36-f4a8-45e5-ad91-bdd87731a7ba,2026-06-20T00:30:00Z,2026-06-20T02:30:00+0200,2125.19995,MW,FR,FR,forecast_onshore_wind_generation,Wind Onshore,2026-07-08T18:59:22Z
2026-07-08T18:58:29Z,2026-07-08T20:58:29+0200,e401fd36-f4a8-45e5-ad91-bdd87731a7ba,2026-06-20T00:45:00Z,2026-06-20T02:45:00+0200,2112.81982,MW,FR,FR,forecast_onshore_wind_generation,Wind Onshore,2026-07-08T18:59:22Z
2026-07-08T18:58:29Z,2026-07-08T20:58:29+0200,e401fd36-f4a8-45e5-ad91-bdd87731a7ba,2026-06-20T01:00:00Z,2026-06-20T03:00:00+0200,2100.45996,MW,FR,FR,forecast_onshore_wind_generation,Wind Onshore,2026-07-08T18:59:22Z
2026-07-08T18:58:29Z,2026-07-08T20:58:29+0200,e401fd36-f4a8-45e5-ad91-bdd87731a7ba,2026-06-20T01:15:00Z,2026-06-20T03:15:00+0200,2082.26978,MW,FR,FR,forecast_onshore_wind_generation,Wind Onshore,2026-07-08T18:59:22Z
2026-07-08T18:58:29Z,2026-07-08T20:58:29+0200,e401fd36-f4a8-45e5-ad91-bdd87731a7ba,2026-06-20T01:30:00Z,2026-06-20T03:30:00+0200,2064.19995,MW,FR,FR,forecast_onshore_wind_generation,Wind Onshore,2026-07-08T18:59:22Z
2026-07-08T18:58:29Z,2026-07-08T20:58:29+0200,e401fd36-f4a8-45e5-ad91-bdd87731a7ba,2026-06-20T01:45:00Z,2026-06-20T03:45:00+0200,2046.14014,MW,FR,FR,forecast_onshore_wind_generation,Wind Onshore,2026-07-08T18:59:22Z
2026-07-08T18:58:29Z,2026-07-08T20:58:29+0200,e401fd36-f4a8-45e5-ad91-bdd87731a7ba,2026-06-20T02:00:00Z,2026-06-20T04:00:00+0200,2028.12,MW,FR,FR,forecast_onshore_wind_generation,Wind Onshore,2026-07-08T18:59:22Z
2026-07-08T18:58:29Z,2026-07-08T20:58:29+0200,e401fd36-f4a8-45e5-ad91-bdd87731a7ba,2026-06-20T02:15:00Z,2026-06-20T04:15:00+0200,1998.39014,MW,FR,FR,forecast_onshore_wind_generation,Wind Onshore,2026-07-08T18:59:22Z
2026-07-08T18:58:29Z,2026-07-08T20:58:29+0200,e401fd36-f4a8-45e5-ad91-bdd87731a7ba,2026-06-20T02:30:00Z,2026-06-20T04:30:00+0200,1968.71997,MW,FR,FR,forecast_onshore_wind_generation,Wind Onshore,2026-07-08T18:59:22Z
2026-07-08T18:58:29Z,2026-07-08T20:58:29+0200,e401fd36-f4a8-45e5-ad91-bdd87731a7ba,2026-06-20T02:45:00Z,2026-06-20T04:45:00+0200,1939.04004,MW,FR,FR,forecast_onshore_wind_generation,Wind Onshore,2026-07-08T18:59:22Z
2026-07-08T18:58:29Z,2026-07-08T20:58:29+0200,e401fd36-f4a8-45e5-ad91-bdd87731a7ba,2026-06-20T03:00:00Z,2026-06-20T05:00:00+0200,1909.43005,MW,FR,FR,forecast_onshore_wind_generation,Wind Onshore,2026-07-08T18:59:22Z
2026-07-08T18:58:29Z,2026-07-08T20:58:29+0200,e401fd36-f4a8-45e5-ad91-bdd87731a7ba,2026-06-20T03:15:00Z,2026-06-20T05:15:00+0200,1888.10999,MW,FR,FR,forecast_onshore_wind_generation,Wind Onshore,2026-07-08T18:59:22Z
2026-07-08T18:58:29Z,2026-07-08T20:58:29+0200,e401fd36-f4a8-45e5-ad91-bdd87731a7ba,2026-06-20T03:30:00Z,2026-06-20T05:30:00+0200,1866.91992,MW,FR,FR,forecast_onshore_wind_generation,Wind Onshore,2026-07-08T18:59:22Z
2026-07-08T18:58:29Z,2026-07-08T20:58:29+0200,e401fd36-f4a8-45e5-ad91-bdd87731a7ba,2026-06-20T03:45:00Z,2026-06-20T05:45:00+0200,1845.89001,MW,FR,FR,forecast_onshore_wind_generation,Wind Onshore,2026-07-08T18:59:22Z
2026-07-08T18:58:29Z,2026-07-08T20:58:29+0200,e401fd36-f4a8-45e5-ad91-bdd87731a7ba,2026-06-20T04:00:00Z,2026-06-20T06:00:00+0200,1824.95007,MW,FR,FR,forecast_onshore_wind_generation,Wind Onshore,2026-07-08T18:59:22Z
2026-07-08T18:58:29Z,2026-07-08T20:58:29+0200,e401fd36-f4a8-45e5-ad91-bdd87731a7ba,2026-06-20T04:15:00Z,2026-06-20T06:15:00+0200,1794.08008,MW,FR,FR,forecast_onshore_wind_generation,Wind Onshore,2026-07-08T18:59:22Z
2026-07-08T18:58:29Z,2026-07-08T20:58:29+0200,e401fd36-f4a8-45e5-ad91-bdd87731a7ba,2026-06-20T04:30:00Z,2026-06-20T06:30:00+0200,1763.39001,MW,FR,FR,forecast_onshore_wind_generation,Wind Onshore,2026-07-08T18:59:22Z
2026-07-08T18:58:29Z,2026-07-08T20:58:29+0200,e401fd36-f4a8-45e5-ad91-bdd87731a7ba,2026-06-20T04:45:00Z,2026-06-20T06:45:00+0200,1732.77991,MW,FR,FR,forecast_onshore_wind_generation,Wind Onshore,2026-07-08T18:59:22Z
2026-07-08T18:58:29Z,2026-07-08T20:58:29+0200,e401fd36-f4a8-45e5-ad91-bdd87731a7ba,2026-06-20T05:00:00Z,2026-06-20T07:00:00+0200,1702.20996,MW,FR,FR,forecast_onshore_wind_generation,Wind Onshore,2026-07-08T18:59:22Z
2026-07-08T18:58:29Z,2026-07-08T20:58:29+0200,e401fd36-f4a8-45e5-ad91-bdd87731a7ba,2026-06-20T05:15:00Z,2026-06-20T07:15:00+0200,1661.26001,MW,FR,FR,forecast_onshore_wind_generation,Wind Onshore,2026-07-08T18:59:22Z
2026-07-08T18:58:29Z,2026-07-08T20:58:29+0200,e401fd36-f4a8-45e5-ad91-bdd87731a7ba,2026-06-20T05:30:00Z,2026-06-20T07:30:00+0200,1620.37,MW,FR,FR,forecast_onshore_wind_generation,Wind Onshore,2026-07-08T18:59:22Z
2026-07-08T18:58:29Z,2026-07-08T20:58:29+0200,e401fd36-f4a8-45e5-ad91-bdd87731a7ba,2026-06-20T05:45:00Z,2026-06-20T07:45:00+0200,1579.88,MW,FR,FR,forecast_onshore_wind_generation,Wind Onshore,2026-07-08T18:59:22Z
2026-07-08T18:58:29Z,2026-07-08T20:58:29+0200,e401fd36-f4a8-45e5-ad91-bdd87731a7ba,2026-06-20T06:00:00Z,2026-06-20T08:00:00+0200,1539.54004,MW,FR,FR,forecast_onshore_wind_generation,Wind Onshore,2026-07-08T18:59:22Z
2026-07-08T18:58:29Z,2026-07-08T20:58:29+0200,e401fd36-f4a8-45e5-ad91-bdd87731a7ba,2026-06-20T06:15:00Z,2026-06-20T08:15:00+0200,1373.01001,MW,FR,FR,forecast_onshore_wind_generation,Wind Onshore,2026-07-08T18:59:22Z
2026-07-08T18:58:29Z,2026-07-08T20:58:29+0200,e401fd36-f4a8-45e5-ad91-bdd87731a7ba,2026-06-20T06:30:00Z,2026-06-20T08:30:00+0200,1207.0,MW,FR,FR,forecast_onshore_wind_generation,Wind Onshore,2026-07-08T18:59:22Z
2026-07-08T18:58:29Z,2026-07-08T20:58:29+0200,e401fd36-f4a8-45e5-ad91-bdd87731a7ba,2026-06-20T06:45:00Z,2026-06-20T08:45:00+0200,1041.5,MW,FR,FR,forecast_onshore_wind_generation,Wind Onshore,2026-07-08T18:59:22Z
2026-07-08T18:58:29Z,2026-07-08T20:58:29+0200,e401fd36-f4a8-45e5-ad91-bdd87731a7ba,2026-06-20T07:00:00Z,2026-06-20T09:00:00+0200,877.83002,MW,FR,FR,forecast_onshore_wind_generation,Wind Onshore,2026-07-08T18:59:22Z
2026-07-08T18:58:29Z,2026-07-08T20:58:29+0200,e401fd36-f4a8-45e5-ad91-bdd87731a7ba,2026-06-20T07:15:00Z,2026-06-20T09:15:00+0200,838.06,MW,FR,FR,forecast_onshore_wind_generation,Wind Onshore,2026-07-08T18:59:22Z
2026-07-08T18:58:29Z,2026-07-08T20:58:29+0200,e401fd36-f4a8-45e5-ad91-bdd87731a7ba,2026-06-20T07:30:00Z,2026-06-20T09:30:00+0200,798.60999,MW,FR,FR,forecast_onshore_wind_generation,Wind Onshore,2026-07-08T18:59:22Z
2026-07-08T18:58:29Z,2026-07-08T20:58:29+0200,e401fd36-f4a8-45e5-ad91-bdd87731a7ba,2026-06-20T07:45:00Z,2026-06-20T09:45:00+0200,759.5,MW,FR,FR,forecast_onshore_wind_generation,Wind Onshore,2026-07-08T18:59:22Z
2026-07-08T18:58:29Z,2026-07-08T20:58:29+0200,e401fd36-f4a8-45e5-ad91-bdd87731a7ba,2026-06-20T08:00:00Z,2026-06-20T10:00:00+0200,721.00995,MW,FR,FR,forecast_onshore_wind_generation,Wind Onshore,2026-07-08T18:59:22Z
2026-07-08T18:58:29Z,2026-07-08T20:58:29+0200,e401fd36-f4a8-45e5-ad91-bdd87731a7ba,2026-06-20T08:15:00Z,2026-06-20T10:15:00+0200,733.0,MW,FR,FR,forecast_onshore_wind_generation,Wind Onshore,2026-07-08T18:59:22Z
2026-07-08T18:58:29Z,2026-07-08T20:58:29+0200,e401fd36-f4a8-45e5-ad91-bdd87731a7ba,2026-06-20T08:30:00Z,2026-06-20T10:30:00+0200,745.13995,MW,FR,FR,forecast_onshore_wind_generation,Wind Onshore,2026-07-08T18:59:22Z
2026-07-08T18:58:29Z,2026-07-08T20:58:29+0200,e401fd36-f4a8-45e5-ad91-bdd87731a7ba,2026-06-20T08:45:00Z,2026-06-20T10:45:00+0200,757.39001,MW,FR,FR,forecast_onshore_wind_generation,Wind Onshore,2026-07-08T18:59:22Z
2026-07-08T18:58:29Z,2026-07-08T20:58:29+0200,e401fd36-f4a8-45e5-ad91-bdd87731a7ba,2026-06-20T09:00:00Z,2026-06-20T11:00:00+0200,769.78003,MW,FR,FR,forecast_onshore_wind_generation,Wind Onshore,2026-07-08T18:59:22Z
2026-07-08T18:58:29Z,2026-07-08T20:58:29+0200,e401fd36-f4a8-45e5-ad91-bdd87731a7ba,2026-06-20T09:15:00Z,2026-06-20T11:15:00+0200,795.09003,MW,FR,FR,forecast_onshore_wind_generation,Wind Onshore,2026-07-08T18:59:22Z
2026-07-08T18:58:29Z,2026-07-08T20:58:29+0200,e401fd36-f4a8-45e5-ad91-bdd87731a7ba,2026-06-20T09:30:00Z,2026-06-20T11:30:00+0200,820.60107,MW,FR,FR,forecast_onshore_wind_generation,Wind Onshore,2026-07-08T18:59:22Z
2026-07-08T18:58:29Z,2026-07-08T20:58:29+0200,e401fd36-f4a8-45e5-ad91-bdd87731a7ba,2026-06-20T09:45:00Z,2026-06-20T11:45:00+0200,522.07971,MW,FR,FR,forecast_onshore_wind_generation,Wind Onshore,2026-07-08T18:59:22Z
2026-07-08T18:58:29Z,2026-07-08T20:58:29+0200,e401fd36-f4a8-45e5-ad91-bdd87731a7ba,2026-06-20T10:00:00Z,2026-06-20T12:00:00+0200,539.62012,MW,FR,FR,forecast_onshore_wind_generation,Wind Onshore,2026-07-08T18:59:22Z
2026-07-08T18:58:29Z,2026-07-08T20:58:29+0200,e401fd36-f4a8-45e5-ad91-bdd87731a7ba,2026-06-20T10:15:00Z,2026-06-20T12:15:00+0200,544.87958,MW,FR,FR,forecast_onshore_wind_generation,Wind Onshore,2026-07-08T18:59:22Z
2026-07-08T18:58:29Z,2026-07-08T20:58:29+0200,e401fd36-f4a8-45e5-ad91-bdd87731a7ba,2026-06-20T10:30:00Z,2026-06-20T12:30:00+0200,550.70959,MW,FR,FR,forecast_onshore_wind_generation,Wind Onshore,2026-07-08T18:59:22Z
2026-07-08T18:58:29Z,2026-07-08T20:58:29+0200,e401fd36-f4a8-45e5-ad91-bdd87731a7ba,2026-06-20T10:45:00Z,2026-06-20T12:45:00+0200,556.49994,MW,FR,FR,forecast_onshore_wind_generation,Wind Onshore,2026-07-08T18:59:22Z
2026-07-08T18:58:29Z,2026-07-08T20:58:29+0200,e401fd36-f4a8-45e5-ad91-bdd87731a7ba,2026-06-20T11:00:00Z,2026-06-20T13:00:00+0200,562.35992,MW,FR,FR,forecast_onshore_wind_generation,Wind Onshore,2026-07-08T18:59:22Z
2026-07-08T18:58:29Z,2026-07-08T20:58:29+0200,e401fd36-f4a8-45e5-ad91-bdd87731a7ba,2026-06-20T11:15:00Z,2026-06-20T13:15:00+0200,564.73975,MW,FR,FR,forecast_onshore_wind_generation,Wind Onshore,2026-07-08T18:59:22Z
2026-07-08T18:58:29Z,2026-07-08T20:58:29+0200,e401fd36-f4a8-45e5-ad91-bdd87731a7ba,2026-06-20T11:30:00Z,2026-06-20T13:30:00+0200,567.05994,MW,FR,FR,forecast_onshore_wind_generation,Wind Onshore,2026-07-08T18:59:22Z
2026-07-08T18:58:29Z,2026-07-08T20:58:29+0200,e401fd36-f4a8-45e5-ad91-bdd87731a7ba,2026-06-20T11:45:00Z,2026-06-20T13:45:00+0200,569.79926,MW,FR,FR,forecast_onshore_wind_generation,Wind Onshore,2026-07-08T18:59:22Z
2026-07-08T18:58:29Z,2026-07-08T20:58:29+0200,e401fd36-f4a8-45e5-ad91-bdd87731a7ba,2026-06-20T12:00:00Z,2026-06-20T14:00:00+0200,572.80963,MW,FR,FR,forecast_onshore_wind_generation,Wind Onshore,2026-07-08T18:59:22Z
2026-07-08T18:58:29Z,2026-07-08T20:58:29+0200,e401fd36-f4a8-45e5-ad91-bdd87731a7ba,2026-06-20T12:15:00Z,2026-06-20T14:15:00+0200,585.04968,MW,FR,FR,forecast_onshore_wind_generation,Wind Onshore,2026-07-08T18:59:22Z
2026-07-08T18:58:29Z,2026-07-08T20:58:29+0200,e401fd36-f4a8-45e5-ad91-bdd87731a7ba,2026-06-20T12:30:00Z,2026-06-20T14:30:00+0200,598.04962,MW,FR,FR,forecast_onshore_wind_generation,Wind Onshore,2026-07-08T18:59:22Z
2026-07-08T18:58:29Z,2026-07-08T20:58:29+0200,e401fd36-f4a8-45e5-ad91-bdd87731a7ba,2026-06-20T12:45:00Z,2026-06-20T14:45:00+0200,610.86975,MW,FR,FR,forecast_onshore_wind_generation,Wind Onshore,2026-07-08T18:59:22Z
2026-07-08T18:58:29Z,2026-07-08T20:58:29+0200,e401fd36-f4a8-45e5-ad91-bdd87731a7ba,2026-06-20T13:00:00Z,2026-06-20T15:00:00+0200,624.12024,MW,FR,FR,forecast_onshore_wind_generation,Wind Onshore,2026-07-08T18:59:22Z
2026-07-08T18:58:29Z,2026-07-08T20:58:29+0200,e401fd36-f4a8-45e5-ad91-bdd87731a7ba,2026-06-20T13:15:00Z,2026-06-20T15:15:00+0200,1020.14978,MW,FR,FR,forecast_onshore_wind_generation,Wind Onshore,2026-07-08T18:59:22Z
2026-07-08T18:58:29Z,2026-07-08T20:58:29+0200,e401fd36-f4a8-45e5-ad91-bdd87731a7ba,2026-06-20T13:30:00Z,2026-06-20T15:30:00+0200,1038.52002,MW,FR,FR,forecast_onshore_wind_generation,Wind Onshore,2026-07-08T18:59:22Z
2026-07-08T18:58:29Z,2026-07-08T20:58:29+0200,e401fd36-f4a8-45e5-ad91-bdd87731a7ba,2026-06-20T13:45:00Z,2026-06-20T15:45:00+0200,1057.15991,MW,FR,FR,forecast_onshore_wind_generation,Wind Onshore,2026-07-08T18:59:22Z
2026-07-08T18:58:29Z,2026-07-08T20:58:29+0200,e401fd36-f4a8-45e5-ad91-bdd87731a7ba,2026-06-20T14:00:00Z,2026-06-20T16:00:00+0200,1075.84998,MW,FR,FR,forecast_onshore_wind_generation,Wind Onshore,2026-07-08T18:59:22Z
2026-07-08T18:58:29Z,2026-07-08T20:58:29+0200,e401fd36-f4a8-45e5-ad91-bdd87731a7ba,2026-06-20T14:15:00Z,2026-06-20T16:15:00+0200,1067.88,MW,FR,FR,forecast_onshore_wind_generation,Wind Onshore,2026-07-08T18:59:22Z
2026-07-08T18:58:29Z,2026-07-08T20:58:29+0200,e401fd36-f4a8-45e5-ad91-bdd87731a7ba,2026-06-20T14:30:00Z,2026-06-20T16:30:00+0200,1060.09998,MW,FR,FR,forecast_onshore_wind_generation,Wind Onshore,2026-07-08T18:59:22Z
2026-07-08T18:58:29Z,2026-07-08T20:58:29+0200,e401fd36-f4a8-45e5-ad91-bdd87731a7ba,2026-06-20T14:45:00Z,2026-06-20T16:45:00+0200,1052.48999,MW,FR,FR,forecast_onshore_wind_generation,Wind Onshore,2026-07-08T18:59:22Z
2026-07-08T18:58:29Z,2026-07-08T20:58:29+0200,e401fd36-f4a8-45e5-ad91-bdd87731a7ba,2026-06-20T15:00:00Z,2026-06-20T17:00:00+0200,1045.16992,MW,FR,FR,forecast_onshore_wind_generation,Wind Onshore,2026-07-08T18:59:22Z
2026-07-08T18:58:29Z,2026-07-08T20:58:29+0200,e401fd36-f4a8-45e5-ad91-bdd87731a7ba,2026-06-20T15:15:00Z,2026-06-20T17:15:00+0200,1025.08997,MW,FR,FR,forecast_onshore_wind_generation,Wind Onshore,2026-07-08T18:59:22Z
2026-07-08T18:58:29Z,2026-07-08T20:58:29+0200,e401fd36-f4a8-45e5-ad91-bdd87731a7ba,2026-06-20T15:30:00Z,2026-06-20T17:30:00+0200,1005.19006,MW,FR,FR,forecast_onshore_wind_generation,Wind Onshore,2026-07-08T18:59:22Z
2026-07-08T18:58:29Z,2026-07-08T20:58:29+0200,e401fd36-f4a8-45e5-ad91-bdd87731a7ba,2026-06-20T15:45:00Z,2026-06-20T17:45:00+0200,985.46008,MW,FR,FR,forecast_onshore_wind_generation,Wind Onshore,2026-07-08T18:59:22Z
2026-07-08T18:58:29Z,2026-07-08T20:58:29+0200,e401fd36-f4a8-45e5-ad91-bdd87731a7ba,2026-06-20T16:00:00Z,2026-06-20T18:00:00+0200,965.90997,MW,FR,FR,forecast_onshore_wind_generation,Wind Onshore,2026-07-08T18:59:22Z
2026-07-08T18:58:29Z,2026-07-08T20:58:29+0200,e401fd36-f4a8-45e5-ad91-bdd87731a7ba,2026-06-20T16:15:00Z,2026-06-20T18:15:00+0200,968.41003,MW,FR,FR,forecast_onshore_wind_generation,Wind Onshore,2026-07-08T18:59:22Z
2026-07-08T18:58:29Z,2026-07-08T20:58:29+0200,e401fd36-f4a8-45e5-ad91-bdd87731a7ba,2026-06-20T16:30:00Z,2026-06-20T18:30:00+0200,975.13995,MW,FR,FR,forecast_onshore_wind_generation,Wind Onshore,2026-07-08T18:59:22Z
2026-07-08T18:58:29Z,2026-07-08T20:58:29+0200,e401fd36-f4a8-45e5-ad91-bdd87731a7ba,2026-06-20T16:45:00Z,2026-06-20T18:45:00+0200,982.22003,MW,FR,FR,forecast_onshore_wind_generation,Wind Onshore,2026-07-08T18:59:22Z
2026-07-08T18:58:29Z,2026-07-08T20:58:29+0200,e401fd36-f4a8-45e5-ad91-bdd87731a7ba,2026-06-20T17:00:00Z,2026-06-20T19:00:00+0200,989.5,MW,FR,FR,forecast_onshore_wind_generation,Wind Onshore,2026-07-08T18:59:22Z
2026-07-08T18:58:29Z,2026-07-08T20:58:29+0200,e401fd36-f4a8-45e5-ad91-bdd87731a7ba,2026-06-20T17:15:00Z,2026-06-20T19:15:00+0200,1020.64001,MW,FR,FR,forecast_onshore_wind_generation,Wind Onshore,2026-07-08T18:59:22Z
2026-07-08T18:58:29Z,2026-07-08T20:58:29+0200,e401fd36-f4a8-45e5-ad91-bdd87731a7ba,2026-06-20T17:30:00Z,2026-06-20T19:30:00+0200,1053.38013,MW,FR,FR,forecast_onshore_wind_generation,Wind Onshore,2026-07-08T18:59:22Z
2026-07-08T18:58:29Z,2026-07-08T20:58:29+0200,e401fd36-f4a8-45e5-ad91-bdd87731a7ba,2026-06-20T17:45:00Z,2026-06-20T19:45:00+0200,1086.46997,MW,FR,FR,forecast_onshore_wind_generation,Wind Onshore,2026-07-08T18:59:22Z
2026-07-08T18:58:29Z,2026-07-08T20:58:29+0200,e401fd36-f4a8-45e5-ad91-bdd87731a7ba,2026-06-20T18:00:00Z,2026-06-20T20:00:00+0200,1119.67993,MW,FR,FR,forecast_onshore_wind_generation,Wind Onshore,2026-07-08T18:59:22Z
2026-07-08T18:58:29Z,2026-07-08T20:58:29+0200,e401fd36-f4a8-45e5-ad91-bdd87731a7ba,2026-06-20T18:15:00Z,2026-06-20T20:15:00+0200,1142.01001,MW,FR,FR,forecast_onshore_wind_generation,Wind Onshore,2026-07-08T18:59:22Z
2026-07-08T18:58:29Z,2026-07-08T20:58:29+0200,e401fd36-f4a8-45e5-ad91-bdd87731a7ba,2026-06-20T18:30:00Z,2026-06-20T20:30:00+0200,1164.40002,MW,FR,FR,forecast_onshore_wind_generation,Wind Onshore,2026-07-08T18:59:22Z
2026-07-08T18:58:29Z,2026-07-08T20:58:29+0200,e401fd36-f4a8-45e5-ad91-bdd87731a7ba,2026-06-20T18:45:00Z,2026-06-20T20:45:00+0200,1186.90002,MW,FR,FR,forecast_onshore_wind_generation,Wind Onshore,2026-07-08T18:59:22Z
2026-07-08T18:58:29Z,2026-07-08T20:58:29+0200,e401fd36-f4a8-45e5-ad91-bdd87731a7ba,2026-06-20T19:00:00Z,2026-06-20T21:00:00+0200,1209.44995,MW,FR,FR,forecast_onshore_wind_generation,Wind Onshore,2026-07-08T18:59:22Z
2026-07-08T18:58:29Z,2026-07-08T20:58:29+0200,e401fd36-f4a8-45e5-ad91-bdd87731a7ba,2026-06-20T19:15:00Z,2026-06-20T21:15:00+0200,1297.13,MW,FR,FR,forecast_onshore_wind_generation,Wind Onshore,2026-07-08T18:59:22Z
2026-07-08T18:58:29Z,2026-07-08T20:58:29+0200,e401fd36-f4a8-45e5-ad91-bdd87731a7ba,2026-06-20T19:30:00Z,2026-06-20T21:30:00+0200,1385.03003,MW,FR,FR,forecast_onshore_wind_generation,Wind Onshore,2026-07-08T18:59:22Z
2026-07-08T18:58:29Z,2026-07-08T20:58:29+0200,e401fd36-f4a8-45e5-ad91-bdd87731a7ba,2026-06-20T19:45:00Z,2026-06-20T21:45:00+0200,1473.05005,MW,FR,FR,forecast_onshore_wind_generation,Wind Onshore,2026-07-08T18:59:22Z
2026-07-08T18:58:29Z,2026-07-08T20:58:29+0200,e401fd36-f4a8-45e5-ad91-bdd87731a7ba,2026-06-20T20:00:00Z,2026-06-20T22:00:00+0200,1561.1499,MW,FR,FR,forecast_onshore_wind_generation,Wind Onshore,2026-07-08T18:59:22Z
2026-07-08T18:58:29Z,2026-07-08T20:58:29+0200,e401fd36-f4a8-45e5-ad91-bdd87731a7ba,2026-06-20T20:15:00Z,2026-06-20T22:15:00+0200,1667.07996,MW,FR,FR,forecast_onshore_wind_generation,Wind Onshore,2026-07-08T18:59:22Z
2026-07-08T18:58:29Z,2026-07-08T20:58:29+0200,e401fd36-f4a8-45e5-ad91-bdd87731a7ba,2026-06-20T20:30:00Z,2026-06-20T22:30:00+0200,1773.02002,MW,FR,FR,forecast_onshore_wind_generation,Wind Onshore,2026-07-08T18:59:22Z
2026-07-08T18:58:29Z,2026-07-08T20:58:29+0200,e401fd36-f4a8-45e5-ad91-bdd87731a7ba,2026-06-20T20:45:00Z,2026-06-20T22:45:00+0200,1879.07007,MW,FR,FR,forecast_onshore_wind_generation,Wind Onshore,2026-07-08T18:59:22Z
2026-07-08T18:58:29Z,2026-07-08T20:58:29+0200,e401fd36-f4a8-45e5-ad91-bdd87731a7ba,2026-06-20T21:00:00Z,2026-06-20T23:00:00+0200,1985.25012,MW,FR,FR,forecast_onshore_wind_generation,Wind Onshore,2026-07-08T18:59:22Z
2026-07-08T18:58:29Z,2026-07-08T20:58:29+0200,e401fd36-f4a8-45e5-ad91-bdd87731a7ba,2026-06-20T21:15:00Z,2026-06-20T23:15:00+0200,2059.25,MW,FR,FR,forecast_onshore_wind_generation,Wind Onshore,2026-07-08T18:59:22Z
2026-07-08T18:58:29Z,2026-07-08T20:58:29+0200,e401fd36-f4a8-45e5-ad91-bdd87731a7ba,2026-06-20T21:30:00Z,2026-06-20T23:30:00+0200,2133.27002,MW,FR,FR,forecast_onshore_wind_generation,Wind Onshore,2026-07-08T18:59:22Z
2026-07-08T18:58:29Z,2026-07-08T20:58:29+0200,e401fd36-f4a8-45e5-ad91-bdd87731a7ba,2026-06-20T21:45:00Z,2026-06-20T23:45:00+0200,2207.33008,MW,FR,FR,forecast_onshore_wind_generation,Wind Onshore,2026-07-08T18:59:22Z
2026-07-08T18:58:29Z,2026-07-08T20:58:29+0200,e401fd36-f4a8-45e5-ad91-bdd87731a7ba,2026-06-20T22:00:00Z,2026-06-21T00:00:00+0200,2165.39014,MW,FR,FR,forecast_onshore_wind_generation,Wind Onshore,2026-07-08T18:59:22Z
2026-07-08T18:58:29Z,2026-07-08T20:58:29+0200,e401fd36-f4a8-45e5-ad91-bdd87731a7ba,2026-06-20T22:15:00Z,2026-06-21T00:15:00+0200,2192.28003,MW,FR,FR,forecast_onshore_wind_generation,Wind Onshore,2026-07-08T18:59:22Z
2026-07-08T18:58:29Z,2026-07-08T20:58:29+0200,e401fd36-f4a8-45e5-ad91-bdd87731a7ba,2026-06-20T22:30:00Z,2026-06-21T00:30:00+0200,2219.27979,MW,FR,FR,forecast_onshore_wind_generation,Wind Onshore,2026-07-08T18:59:22Z
2026-07-08T18:58:29Z,2026-07-08T20:58:29+0200,e401fd36-f4a8-45e5-ad91-bdd87731a7ba,2026-06-20T22:45:00Z,2026-06-21T00:45:00+0200,2246.36987,MW,FR,FR,forecast_onshore_wind_generation,Wind Onshore,2026-07-08T18:59:22Z
2026-07-08T18:58:29Z,2026-07-08T20:58:29+0200,e401fd36-f4a8-45e5-ad91-bdd87731a7ba,2026-06-20T23:00:00Z,2026-06-21T01:00:00+0200,2273.5,MW,FR,FR,forecast_onshore_wind_generation,Wind Onshore,2026-07-08T18:59:22Z
2026-07-08T18:58:29Z,2026-07-08T20:58:29+0200,e401fd36-f4a8-45e5-ad91-bdd87731a7ba,2026-06-20T23:15:00Z,2026-06-21T01:15:00+0200,2241.08008,MW,FR,FR,forecast_onshore_wind_generation,Wind Onshore,2026-07-08T18:59:22Z
2026-07-08T18:58:29Z,2026-07-08T20:58:29+0200,e401fd36-f4a8-45e5-ad91-bdd87731a7ba,2026-06-20T23:30:00Z,2026-06-21T01:30:00+0200,2208.67993,MW,FR,FR,forecast_onshore_wind_generation,Wind Onshore,2026-07-08T18:59:22Z
2026-07-08T18:58:29Z,2026-07-08T20:58:29+0200,e401fd36-f4a8-45e5-ad91-bdd87731a7ba,2026-06-20T23:45:00Z,2026-06-21T01:45:00+0200,2176.27002,MW,FR,FR,forecast_onshore_wind_generation,Wind Onshore,2026-07-08T18:59:22Z
2026-07-08T18:58:29Z,2026-07-08T20:58:29+0200,e401fd36-f4a8-45e5-ad91-bdd87731a7ba,2026-06-21T00:00:00Z,2026-06-21T02:00:00+0200,2144.06982,MW,FR,FR,forecast_onshore_wind_generation,Wind Onshore,2026-07-08T18:59:22Z
2026-07-08T18:58:29Z,2026-07-08T20:58:29+0200,e401fd36-f4a8-45e5-ad91-bdd87731a7ba,2026-06-21T00:15:00Z,2026-06-21T02:15:00+0200,2093.14014,MW,FR,FR,forecast_onshore_wind_generation,Wind Onshore,2026-07-08T18:59:22Z
2026-07-08T18:58:29Z,2026-07-08T20:58:29+0200,e401fd36-f4a8-45e5-ad91-bdd87731a7ba,2026-06-21T00:30:00Z,2026-06-21T02:30:00+0200,2042.29004,MW,FR,FR,forecast_onshore_wind_generation,Wind Onshore,2026-07-08T18:59:22Z
2026-07-08T18:58:29Z,2026-07-08T20:58:29+0200,e401fd36-f4a8-45e5-ad91-bdd87731a7ba,2026-06-21T00:45:00Z,2026-06-21T02:45:00+0200,1991.46008,MW,FR,FR,forecast_onshore_wind_generation,Wind Onshore,2026-07-08T18:59:22Z
2026-07-08T18:58:29Z,2026-07-08T20:58:29+0200,e401fd36-f4a8-45e5-ad91-bdd87731a7ba,2026-06-21T01:00:00Z,2026-06-21T03:00:00+0200,1940.66992,MW,FR,FR,forecast_onshore_wind_generation,Wind Onshore,2026-07-08T18:59:22Z
2026-07-08T18:58:29Z,2026-07-08T20:58:29+0200,e401fd36-f4a8-45e5-ad91-bdd87731a7ba,2026-06-21T01:15:00Z,2026-06-21T03:15:00+0200,1929.33997,MW,FR,FR,forecast_onshore_wind_generation,Wind Onshore,2026-07-08T18:59:22Z
2026-07-08T18:58:29Z,2026-07-08T20:58:29+0200,e401fd36-f4a8-45e5-ad91-bdd87731a7ba,2026-06-21T01:30:00Z,2026-06-21T03:30:00+0200,1918.08997,MW,FR,FR,forecast_onshore_wind_generation,Wind Onshore,2026-07-08T18:59:22Z
2026-07-08T18:58:29Z,2026-07-08T20:58:29+0200,e401fd36-f4a8-45e5-ad91-bdd87731a7ba,2026-06-21T01:45:00Z,2026-06-21T03:45:00+0200,1906.85999,MW,FR,FR,forecast_onshore_wind_generation,Wind Onshore,2026-07-08T18:59:22Z
2026-07-08T18:58:29Z,2026-07-08T20:58:29+0200,e401fd36-f4a8-45e5-ad91-bdd87731a7ba,2026-06-21T02:00:00Z,2026-06-21T04:00:00+0200,1895.66992,MW,FR,FR,forecast_onshore_wind_generation,Wind Onshore,2026-07-08T18:59:22Z
2026-07-08T18:58:29Z,2026-07-08T20:58:29+0200,e401fd36-f4a8-45e5-ad91-bdd87731a7ba,2026-06-21T02:15:00Z,2026-06-21T04:15:00+0200,1927.84009,MW,FR,FR,forecast_onshore_wind_generation,Wind Onshore,2026-07-08T18:59:22Z
2026-07-08T18:58:29Z,2026-07-08T20:58:29+0200,e401fd36-f4a8-45e5-ad91-bdd87731a7ba,2026-06-21T02:30:00Z,2026-06-21T04:30:00+0200,1960.03003,MW,FR,FR,forecast_onshore_wind_generation,Wind Onshore,2026-07-08T18:59:22Z
2026-07-08T18:58:29Z,2026-07-08T20:58:29+0200,e401fd36-f4a8-45e5-ad91-bdd87731a7ba,2026-06-21T02:45:00Z,2026-06-21T04:45:00+0200,1992.25989,MW,FR,FR,forecast_onshore_wind_generation,Wind Onshore,2026-07-08T18:59:22Z
2026-07-08T18:58:29Z,2026-07-08T20:58:29+0200,e401fd36-f4a8-45e5-ad91-bdd87731a7ba,2026-06-21T03:00:00Z,2026-06-21T05:00:00+0200,2024.46997,MW,FR,FR,forecast_onshore_wind_generation,Wind Onshore,2026-07-08T18:59:22Z
2026-07-08T18:58:29Z,2026-07-08T20:58:29+0200,e401fd36-f4a8-45e5-ad91-bdd87731a7ba,2026-06-21T03:15:00Z,2026-06-21T05:15:00+0200,2080.56006,MW,FR,FR,forecast_onshore_wind_generation,Wind Onshore,2026-07-08T18:59:22Z
2026-07-08T18:58:29Z,2026-07-08T20:58:29+0200,e401fd36-f4a8-45e5-ad91-bdd87731a7ba,2026-06-21T03:30:00Z,2026-06-21T05:30:00+0200,2136.70996,MW,FR,FR,forecast_onshore_wind_generation,Wind Onshore,2026-07-08T18:59:22Z
2026-07-08T18:58:29Z,2026-07-08T20:58:29+0200,e401fd36-f4a8-45e5-ad91-bdd87731a7ba,2026-06-21T03:45:00Z,2026-06-21T05:45:00+0200,2192.87012,MW,FR,FR,forecast_onshore_wind_generation,Wind Onshore,2026-07-08T18:59:22Z
2026-07-08T18:58:29Z,2026-07-08T20:58:29+0200,e401fd36-f4a8-45e5-ad91-bdd87731a7ba,2026-06-21T04:00:00Z,2026-06-21T06:00:00+0200,2249.0498,MW,FR,FR,forecast_onshore_wind_generation,Wind Onshore,2026-07-08T18:59:22Z
2026-07-08T18:58:29Z,2026-07-08T20:58:29+0200,e401fd36-f4a8-45e5-ad91-bdd87731a7ba,2026-06-21T04:15:00Z,2026-06-21T06:15:00+0200,2237.5,MW,FR,FR,forecast_onshore_wind_generation,Wind Onshore,2026-07-08T18:59:22Z
2026-07-08T18:58:29Z,2026-07-08T20:58:29+0200,e401fd36-f4a8-45e5-ad91-bdd87731a7ba,2026-06-21T04:30:00Z,2026-06-21T06:30:00+0200,2225.96997,MW,FR,FR,forecast_onshore_wind_generation,Wind Onshore,2026-07-08T18:59:22Z
2026-07-08T18:58:29Z,2026-07-08T20:58:29+0200,e401fd36-f4a8-45e5-ad91-bdd87731a7ba,2026-06-21T04:45:00Z,2026-06-21T06:45:00+0200,2214.47998,MW,FR,FR,forecast_onshore_wind_generation,Wind Onshore,2026-07-08T18:59:22Z
2026-07-08T18:58:29Z,2026-07-08T20:58:29+0200,e401fd36-f4a8-45e5-ad91-bdd87731a7ba,2026-06-21T05:00:00Z,2026-06-21T07:00:00+0200,2203.11011,MW,FR,FR,forecast_onshore_wind_generation,Wind Onshore,2026-07-08T18:59:22Z
2026-07-08T18:58:29Z,2026-07-08T20:58:29+0200,e401fd36-f4a8-45e5-ad91-bdd87731a7ba,2026-06-21T05:15:00Z,2026-06-21T07:15:00+0200,2162.04004,MW,FR,FR,forecast_onshore_wind_generation,Wind Onshore,2026-07-08T18:59:22Z
2026-07-08T18:58:29Z,2026-07-08T20:58:29+0200,e401fd36-f4a8-45e5-ad91-bdd87731a7ba,2026-06-21T05:30:00Z,2026-06-21T07:30:00+0200,2120.97998,MW,FR,FR,forecast_onshore_wind_generation,Wind Onshore,2026-07-08T18:59:22Z
2026-07-08T18:58:29Z,2026-07-08T20:58:29+0200,e401fd36-f4a8-45e5-ad91-bdd87731a7ba,2026-06-21T05:45:00Z,2026-06-21T07:45:00+0200,2079.92017,MW,FR,FR,forecast_onshore_wind_generation,Wind Onshore,2026-07-08T18:59:22Z
2026-07-08T18:58:29Z,2026-07-08T20:58:29+0200,e401fd36-f4a8-45e5-ad91-bdd87731a7ba,2026-06-21T06:00:00Z,2026-06-21T08:00:00+0200,2038.8999,MW,FR,FR,forecast_onshore_wind_generation,Wind Onshore,2026-07-08T18:59:22Z
2026-07-08T18:58:29Z,2026-07-08T20:58:29+0200,e401fd36-f4a8-45e5-ad91-bdd87731a7ba,2026-06-21T06:15:00Z,2026-06-21T08:15:00+0200,1844.43005,MW,FR,FR,forecast_onshore_wind_generation,Wind Onshore,2026-07-08T18:59:22Z
2026-07-08T18:58:29Z,2026-07-08T20:58:29+0200,e401fd36-f4a8-45e5-ad91-bdd87731a7ba,2026-06-21T06:30:00Z,2026-06-21T08:30:00+0200,1649.98999,MW,FR,FR,forecast_onshore_wind_generation,Wind Onshore,2026-07-08T18:59:22Z
2026-07-08T18:58:29Z,2026-07-08T20:58:29+0200,e401fd36-f4a8-45e5-ad91-bdd87731a7ba,2026-06-21T06:45:00Z,2026-06-21T08:45:00+0200,1455.54004,MW,FR,FR,forecast_onshore_wind_generation,Wind Onshore,2026-07-08T18:59:22Z
2026-07-08T18:58:29Z,2026-07-08T20:58:29+0200,e401fd36-f4a8-45e5-ad91-bdd87731a7ba,2026-06-21T07:00:00Z,2026-06-21T09:00:00+0200,1261.17004,MW,FR,FR,forecast_onshore_wind_generation,Wind Onshore,2026-07-08T18:59:22Z
2026-07-08T18:58:29Z,2026-07-08T20:58:29+0200,e401fd36-f4a8-45e5-ad91-bdd87731a7ba,2026-06-21T07:15:00Z,2026-06-21T09:15:00+0200,1160.0,MW,FR,FR,forecast_onshore_wind_generation,Wind Onshore,2026-07-08T18:59:22Z
2026-07-08T18:58:29Z,2026-07-08T20:58:29+0200,e401fd36-f4a8-45e5-ad91-bdd87731a7ba,2026-06-21T07:30:00Z,2026-06-21T09:30:00+0200,1058.87,MW,FR,FR,forecast_onshore_wind_generation,Wind Onshore,2026-07-08T18:59:22Z
2026-07-08T18:58:29Z,2026-07-08T20:58:29+0200,e401fd36-f4a8-45e5-ad91-bdd87731a7ba,2026-06-21T07:45:00Z,2026-06-21T09:45:00+0200,957.93994,MW,FR,FR,forecast_onshore_wind_generation,Wind Onshore,2026-07-08T18:59:22Z
2026-07-08T18:58:29Z,2026-07-08T20:58:29+0200,e401fd36-f4a8-45e5-ad91-bdd87731a7ba,2026-06-21T08:00:00Z,2026-06-21T10:00:00+0200,857.27997,MW,FR,FR,forecast_onshore_wind_generation,Wind Onshore,2026-07-08T18:59:22Z
2026-07-08T18:58:29Z,2026-07-08T20:58:29+0200,e401fd36-f4a8-45e5-ad91-bdd87731a7ba,2026-06-21T08:15:00Z,2026-06-21T10:15:00+0200,846.43994,MW,FR,FR,forecast_onshore_wind_generation,Wind Onshore,2026-07-08T18:59:22Z
2026-07-08T18:58:29Z,2026-07-08T20:58:29+0200,e401fd36-f4a8-45e5-ad91-bdd87731a7ba,2026-06-21T08:30:00Z,2026-06-21T10:30:00+0200,835.71997,MW,FR,FR,forecast_onshore_wind_generation,Wind Onshore,2026-07-08T18:59:22Z
2026-07-08T18:58:29Z,2026-07-08T20:58:29+0200,e401fd36-f4a8-45e5-ad91-bdd87731a7ba,2026-06-21T08:45:00Z,2026-06-21T10:45:00+0200,825.27002,MW,FR,FR,forecast_onshore_wind_generation,Wind Onshore,2026-07-08T18:59:22Z
2026-07-08T18:58:29Z,2026-07-08T20:58:29+0200,e401fd36-f4a8-45e5-ad91-bdd87731a7ba,2026-06-21T09:00:00Z,2026-06-21T11:00:00+0200,814.83002,MW,FR,FR,forecast_onshore_wind_generation,Wind Onshore,2026-07-08T18:59:22Z
2026-07-08T18:58:29Z,2026-07-08T20:58:29+0200,e401fd36-f4a8-45e5-ad91-bdd87731a7ba,2026-06-21T09:15:00Z,2026-06-21T11:15:00+0200,807.20996,MW,FR,FR,forecast_onshore_wind_generation,Wind Onshore,2026-07-08T18:59:22Z
2026-07-08T18:58:29Z,2026-07-08T20:58:29+0200,e401fd36-f4a8-45e5-ad91-bdd87731a7ba,2026-06-21T09:30:00Z,2026-06-21T11:30:00+0200,799.67981,MW,FR,FR,forecast_onshore_wind_generation,Wind Onshore,2026-07-08T18:59:22Z
2026-07-08T18:58:29Z,2026-07-08T20:58:29+0200,e401fd36-f4a8-45e5-ad91-bdd87731a7ba,2026-06-21T09:45:00Z,2026-06-21T11:45:00+0200,474.66971,MW,FR,FR,forecast_onshore_wind_generation,Wind Onshore,2026-07-08T18:59:22Z
2026-07-08T18:58:29Z,2026-07-08T20:58:29+0200,e401fd36-f4a8-45e5-ad91-bdd87731a7ba,2026-06-21T10:00:00Z,2026-06-21T12:00:00+0200,471.34006,MW,FR,FR,forecast_onshore_wind_generation,Wind Onshore,2026-07-08T18:59:22Z
2026-07-08T18:58:29Z,2026-07-08T20:58:29+0200,e401fd36-f4a8-45e5-ad91-bdd87731a7ba,2026-06-21T10:15:00Z,2026-06-21T12:15:00+0200,473.6796,MW,FR,FR,forecast_onshore_wind_generation,Wind Onshore,2026-07-08T18:59:22Z
2026-07-08T18:58:29Z,2026-07-08T20:58:29+0200,e401fd36-f4a8-45e5-ad91-bdd87731a7ba,2026-06-21T10:30:00Z,2026-06-21T12:30:00+0200,475.54971,MW,FR,FR,forecast_onshore_wind_generation,Wind Onshore,2026-07-08T18:59:22Z
2026-07-08T18:58:29Z,2026-07-08T20:58:29+0200,e401fd36-f4a8-45e5-ad91-bdd87731a7ba,2026-06-21T10:45:00Z,2026-06-21T12:45:00+0200,477.85974,MW,FR,FR,forecast_onshore_wind_generation,Wind Onshore,2026-07-08T18:59:22Z
2026-07-08T18:58:29Z,2026-07-08T20:58:29+0200,e401fd36-f4a8-45e5-ad91-bdd87731a7ba,2026-06-21T11:00:00Z,2026-06-21T13:00:00+0200,479.94904,MW,FR,FR,forecast_onshore_wind_generation,Wind Onshore,2026-07-08T18:59:22Z
2026-07-08T18:58:29Z,2026-07-08T20:58:29+0200,e401fd36-f4a8-45e5-ad91-bdd87731a7ba,2026-06-21T11:15:00Z,2026-06-21T13:15:00+0200,477.06995,MW,FR,FR,forecast_onshore_wind_generation,Wind Onshore,2026-07-08T18:59:22Z
2026-07-08T18:58:29Z,2026-07-08T20:58:29+0200,e401fd36-f4a8-45e5-ad91-bdd87731a7ba,2026-06-21T11:30:00Z,2026-06-21T13:30:00+0200,474.35941,MW,FR,FR,forecast_onshore_wind_generation,Wind Onshore,2026-07-08T18:59:22Z
2026-07-08T18:58:29Z,2026-07-08T20:58:29+0200,e401fd36-f4a8-45e5-ad91-bdd87731a7ba,2026-06-21T11:45:00Z,2026-06-21T13:45:00+0200,471.62949,MW,FR,FR,forecast_onshore_wind_generation,Wind Onshore,2026-07-08T18:59:22Z
2026-07-08T18:58:29Z,2026-07-08T20:58:29+0200,e401fd36-f4a8-45e5-ad91-bdd87731a7ba,2026-06-21T12:00:00Z,2026-06-21T14:00:00+0200,468.7796,MW,FR,FR,forecast_onshore_wind_generation,Wind Onshore,2026-07-08T18:59:22Z
2026-07-08T18:58:29Z,2026-07-08T20:58:29+0200,e401fd36-f4a8-45e5-ad91-bdd87731a7ba,2026-06-21T12:15:00Z,2026-06-21T14:15:00+0200,472.23987,MW,FR,FR,forecast_onshore_wind_generation,Wind Onshore,2026-07-08T18:59:22Z
2026-07-08T18:58:29Z,2026-07-08T20:58:29+0200,e401fd36-f4a8-45e5-ad91-bdd87731a7ba,2026-06-21T12:30:00Z,2026-06-21T14:30:00+0200,475.25,MW,FR,FR,forecast_onshore_wind_generation,Wind Onshore,2026-07-08T18:59:22Z
2026-07-08T18:58:29Z,2026-07-08T20:58:29+0200,e401fd36-f4a8-45e5-ad91-bdd87731a7ba,2026-06-21T12:45:00Z,2026-06-21T14:45:00+0200,797.32983,MW,FR,FR,forecast_onshore_wind_generation,Wind Onshore,2026-07-08T18:59:22Z
2026-07-08T18:58:29Z,2026-07-08T20:58:29+0200,e401fd36-f4a8-45e5-ad91-bdd87731a7ba,2026-06-21T13:00:00Z,2026-06-21T15:00:00+0200,803.14996,MW,FR,FR,forecast_onshore_wind_generation,Wind Onshore,2026-07-08T18:59:22Z
2026-07-08T18:58:29Z,2026-07-08T20:58:29+0200,e401fd36-f4a8-45e5-ad91-bdd87731a7ba,2026-06-21T13:15:00Z,2026-06-21T15:15:00+0200,803.04999,MW,FR,FR,forecast_onshore_wind_generation,Wind Onshore,2026-07-08T18:59:22Z
2026-07-08T18:58:29Z,2026-07-08T20:58:29+0200,e401fd36-f4a8-45e5-ad91-bdd87731a7ba,2026-06-21T13:30:00Z,2026-06-21T15:30:00+0200,802.96997,MW,FR,FR,forecast_onshore_wind_generation,Wind Onshore,2026-07-08T18:59:22Z
2026-07-08T18:58:29Z,2026-07-08T20:58:29+0200,e401fd36-f4a8-45e5-ad91-bdd87731a7ba,2026-06-21T13:45:00Z,2026-06-21T15:45:00+0200,802.90997,MW,FR,FR,forecast_onshore_wind_generation,Wind Onshore,2026-07-08T18:59:22Z
2026-07-08T18:58:29Z,2026-07-08T20:58:29+0200,e401fd36-f4a8-45e5-ad91-bdd87731a7ba,2026-06-21T14:00:00Z,2026-06-21T16:00:00+0200,802.82996,MW,FR,FR,forecast_onshore_wind_generation,Wind Onshore,2026-07-08T18:59:22Z
2026-07-08T18:58:29Z,2026-07-08T20:58:29+0200,e401fd36-f4a8-45e5-ad91-bdd87731a7ba,2026-06-21T14:15:00Z,2026-06-21T16:15:00+0200,795.76001,MW,FR,FR,forecast_onshore_wind_generation,Wind Onshore,2026-07-08T18:59:22Z
2026-07-08T18:58:29Z,2026-07-08T20:58:29+0200,e401fd36-f4a8-45e5-ad91-bdd87731a7ba,2026-06-21T14:30:00Z,2026-06-21T16:30:00+0200,788.70996,MW,FR,FR,forecast_onshore_wind_generation,Wind Onshore,2026-07-08T18:59:22Z
2026-07-08T18:58:29Z,2026-07-08T20:58:29+0200,e401fd36-f4a8-45e5-ad91-bdd87731a7ba,2026-06-21T14:45:00Z,2026-06-21T16:45:00+0200,781.68994,MW,FR,FR,forecast_onshore_wind_generation,Wind Onshore,2026-07-08T18:59:22Z
2026-07-08T18:58:29Z,2026-07-08T20:58:29+0200,e401fd36-f4a8-45e5-ad91-bdd87731a7ba,2026-06-21T15:00:00Z,2026-06-21T17:00:00+0200,774.69995,MW,FR,FR,forecast_onshore_wind_generation,Wind Onshore,2026-07-08T18:59:22Z
2026-07-08T18:58:29Z,2026-07-08T20:58:29+0200,e401fd36-f4a8-45e5-ad91-bdd87731a7ba,2026-06-21T15:15:00Z,2026-06-21T17:15:00+0200,771.72998,MW,FR,FR,forecast_onshore_wind_generation,Wind Onshore,2026-07-08T18:59:22Z
2026-07-08T18:58:29Z,2026-07-08T20:58:29+0200,e401fd36-f4a8-45e5-ad91-bdd87731a7ba,2026-06-21T15:30:00Z,2026-06-21T17:30:00+0200,768.89001,MW,FR,FR,forecast_onshore_wind_generation,Wind Onshore,2026-07-08T18:59:22Z
2026-07-08T18:58:29Z,2026-07-08T20:58:29+0200,e401fd36-f4a8-45e5-ad91-bdd87731a7ba,2026-06-21T15:45:00Z,2026-06-21T17:45:00+0200,766.13,MW,FR,FR,forecast_onshore_wind_generation,Wind Onshore,2026-07-08T18:59:22Z
2026-07-08T18:58:29Z,2026-07-08T20:58:29+0200,e401fd36-f4a8-45e5-ad91-bdd87731a7ba,2026-06-21T16:00:00Z,2026-06-21T18:00:00+0200,763.44,MW,FR,FR,forecast_onshore_wind_generation,Wind Onshore,2026-07-08T18:59:22Z
2026-07-08T18:58:29Z,2026-07-08T20:58:29+0200,e401fd36-f4a8-45e5-ad91-bdd87731a7ba,2026-06-21T16:15:00Z,2026-06-21T18:15:00+0200,818.31995,MW,FR,FR,forecast_onshore_wind_generation,Wind Onshore,2026-07-08T18:59:22Z
2026-07-08T18:58:29Z,2026-07-08T20:58:29+0200,e401fd36-f4a8-45e5-ad91-bdd87731a7ba,2026-06-21T16:30:00Z,2026-06-21T18:30:00+0200,873.28003,MW,FR,FR,forecast_onshore_wind_generation,Wind Onshore,2026-07-08T18:59:22Z
2026-07-08T18:58:29Z,2026-07-08T20:58:29+0200,e401fd36-f4a8-45e5-ad91-bdd87731a7ba,2026-06-21T16:45:00Z,2026-06-21T18:45:00+0200,928.30005,MW,FR,FR,forecast_onshore_wind_generation,Wind Onshore,2026-07-08T18:59:22Z
2026-07-08T18:58:29Z,2026-07-08T20:58:29+0200,e401fd36-f4a8-45e5-ad91-bdd87731a7ba,2026-06-21T17:00:00Z,2026-06-21T19:00:00+0200,983.40997,MW,FR,FR,forecast_onshore_wind_generation,Wind Onshore,2026-07-08T18:59:22Z
2026-07-08T18:58:29Z,2026-07-08T20:58:29+0200,e401fd36-f4a8-45e5-ad91-bdd87731a7ba,2026-06-21T17:15:00Z,2026-06-21T19:15:00+0200,1081.95007,MW,FR,FR,forecast_onshore_wind_generation,Wind Onshore,2026-07-08T18:59:22Z
2026-07-08T18:58:29Z,2026-07-08T20:58:29+0200,e401fd36-f4a8-45e5-ad91-bdd87731a7ba,2026-06-21T17:30:00Z,2026-06-21T19:30:00+0200,1180.82007,MW,FR,FR,forecast_onshore_wind_generation,Wind Onshore,2026-07-08T18:59:22Z
2026-07-08T18:58:29Z,2026-07-08T20:58:29+0200,e401fd36-f4a8-45e5-ad91-bdd87731a7ba,2026-06-21T17:45:00Z,2026-06-21T19:45:00+0200,1279.73999,MW,FR,FR,forecast_onshore_wind_generation,Wind Onshore,2026-07-08T18:59:22Z
2026-07-08T18:58:29Z,2026-07-08T20:58:29+0200,e401fd36-f4a8-45e5-ad91-bdd87731a7ba,2026-06-21T18:00:00Z,2026-06-21T20:00:00+0200,1378.72998,MW,FR,FR,forecast_onshore_wind_generation,Wind Onshore,2026-07-08T18:59:22Z
2026-07-08T18:58:29Z,2026-07-08T20:58:29+0200,e401fd36-f4a8-45e5-ad91-bdd87731a7ba,2026-06-21T18:15:00Z,2026-06-21T20:15:00+0200,1591.14001,MW,FR,FR,forecast_onshore_wind_generation,Wind Onshore,2026-07-08T18:59:22Z
2026-07-08T18:58:29Z,2026-07-08T20:58:29+0200,e401fd36-f4a8-45e5-ad91-bdd87731a7ba,2026-06-21T18:30:00Z,2026-06-21T20:30:00+0200,1803.88013,MW,FR,FR,forecast_onshore_wind_generation,Wind Onshore,2026-07-08T18:59:22Z
2026-07-08T18:58:29Z,2026-07-08T20:58:29+0200,e401fd36-f4a8-45e5-ad91-bdd87731a7ba,2026-06-21T18:45:00Z,2026-06-21T20:45:00+0200,2016.60986,MW,FR,FR,forecast_onshore_wind_generation,Wind Onshore,2026-07-08T18:59:22Z
2026-07-08T18:58:29Z,2026-07-08T20:58:29+0200,e401fd36-f4a8-45e5-ad91-bdd87731a7ba,2026-06-21T19:00:00Z,2026-06-21T21:00:00+0200,2229.34985,MW,FR,FR,forecast_onshore_wind_generation,Wind Onshore,2026-07-08T18:59:22Z
2026-07-08T18:58:29Z,2026-07-08T20:58:29+0200,e401fd36-f4a8-45e5-ad91-bdd87731a7ba,2026-06-21T19:15:00Z,2026-06-21T21:15:00+0200,2551.04004,MW,FR,FR,forecast_onshore_wind_generation,Wind Onshore,2026-07-08T18:59:22Z
2026-07-08T18:58:29Z,2026-07-08T20:58:29+0200,e401fd36-f4a8-45e5-ad91-bdd87731a7ba,2026-06-21T19:30:00Z,2026-06-21T21:30:00+0200,2872.75,MW,FR,FR,forecast_onshore_wind_generation,Wind Onshore,2026-07-08T18:59:22Z
2026-07-08T18:58:29Z,2026-07-08T20:58:29+0200,e401fd36-f4a8-45e5-ad91-bdd87731a7ba,2026-06-21T19:45:00Z,2026-06-21T21:45:00+0200,3194.46997,MW,FR,FR,forecast_onshore_wind_generation,Wind Onshore,2026-07-08T18:59:22Z
2026-07-08T18:58:29Z,2026-07-08T20:58:29+0200,e401fd36-f4a8-45e5-ad91-bdd87731a7ba,2026-06-21T20:00:00Z,2026-06-21T22:00:00+0200,3516.18994,MW,FR,FR,forecast_onshore_wind_generation,Wind Onshore,2026-07-08T18:59:22Z
2026-07-08T18:58:29Z,2026-07-08T20:58:29+0200,e401fd36-f4a8-45e5-ad91-bdd87731a7ba,2026-06-21T20:15:00Z,2026-06-21T22:15:00+0200,3738.27002,MW,FR,FR,forecast_onshore_wind_generation,Wind Onshore,2026-07-08T18:59:22Z
2026-07-08T18:58:29Z,2026-07-08T20:58:29+0200,e401fd36-f4a8-45e5-ad91-bdd87731a7ba,2026-06-21T20:30:00Z,2026-06-21T22:30:00+0200,3960.33984,MW,FR,FR,forecast_onshore_wind_generation,Wind Onshore,2026-07-08T18:59:22Z
2026-07-08T18:58:29Z,2026-07-08T20:58:29+0200,e401fd36-f4a8-45e5-ad91-bdd87731a7ba,2026-06-21T20:45:00Z,2026-06-21T22:45:00+0200,4182.41992,MW,FR,FR,forecast_onshore_wind_generation,Wind Onshore,2026-07-08T18:59:22Z
2026-07-08T18:58:29Z,2026-07-08T20:58:29+0200,e401fd36-f4a8-45e5-ad91-bdd87731a7ba,2026-06-21T21:00:00Z,2026-06-21T23:00:00+0200,4404.49023,MW,FR,FR,forecast_onshore_wind_generation,Wind Onshore,2026-07-08T18:59:22Z
2026-07-08T18:58:29Z,2026-07-08T20:58:29+0200,e401fd36-f4a8-45e5-ad91-bdd87731a7ba,2026-06-21T21:15:00Z,2026-06-21T23:15:00+0200,4422.45996,MW,FR,FR,forecast_onshore_wind_generation,Wind Onshore,2026-07-08T18:59:22Z
2026-07-08T18:58:29Z,2026-07-08T20:58:29+0200,e401fd36-f4a8-45e5-ad91-bdd87731a7ba,2026-06-21T21:30:00Z,2026-06-21T23:30:00+0200,4440.40039,MW,FR,FR,forecast_onshore_wind_generation,Wind Onshore,2026-07-08T18:59:22Z
2026-07-08T18:58:29Z,2026-07-08T20:58:29+0200,e401fd36-f4a8-45e5-ad91-bdd87731a7ba,2026-06-21T21:45:00Z,2026-06-21T23:45:00+0200,4458.35986,MW,FR,FR,forecast_onshore_wind_generation,Wind Onshore,2026-07-08T18:59:22Z
2026-07-08T18:58:29Z,2026-07-08T20:58:29+0200,e401fd36-f4a8-45e5-ad91-bdd87731a7ba,2026-06-21T22:00:00Z,2026-06-22T00:00:00+0200,3971.19995,MW,FR,FR,forecast_onshore_wind_generation,Wind Onshore,2026-07-08T18:59:22Z
2026-07-08T18:58:29Z,2026-07-08T20:58:29+0200,e401fd36-f4a8-45e5-ad91-bdd87731a7ba,2026-06-21T22:15:00Z,2026-06-22T00:15:00+0200,3940.67969,MW,FR,FR,forecast_onshore_wind_generation,Wind Onshore,2026-07-08T18:59:22Z
2026-07-08T18:58:29Z,2026-07-08T20:58:29+0200,e401fd36-f4a8-45e5-ad91-bdd87731a7ba,2026-06-21T22:30:00Z,2026-06-22T00:30:00+0200,3910.2998,MW,FR,FR,forecast_onshore_wind_generation,Wind Onshore,2026-07-08T18:59:22Z
2026-07-08T18:58:29Z,2026-07-08T20:58:29+0200,e401fd36-f4a8-45e5-ad91-bdd87731a7ba,2026-06-21T22:45:00Z,2026-06-22T00:45:00+0200,3880.07007,MW,FR,FR,forecast_onshore_wind_generation,Wind Onshore,2026-07-08T18:59:22Z
2026-07-08T18:58:29Z,2026-07-08T20:58:29+0200,e401fd36-f4a8-45e5-ad91-bdd87731a7ba,2026-06-21T23:00:00Z,2026-06-22T01:00:00+0200,3849.83008,MW,FR,FR,forecast_onshore_wind_generation,Wind Onshore,2026-07-08T18:59:22Z
2026-07-08T18:58:29Z,2026-07-08T20:58:29+0200,e401fd36-f4a8-45e5-ad91-bdd87731a7ba,2026-06-21T23:15:00Z,2026-06-22T01:15:00+0200,3805.83008,MW,FR,FR,forecast_onshore_wind_generation,Wind Onshore,2026-07-08T18:59:22Z
2026-07-08T18:58:29Z,2026-07-08T20:58:29+0200,e401fd36-f4a8-45e5-ad91-bdd87731a7ba,2026-06-21T23:30:00Z,2026-06-22T01:30:00+0200,3761.92017,MW,FR,FR,forecast_onshore_wind_generation,Wind Onshore,2026-07-08T18:59:22Z
2026-07-08T18:58:29Z,2026-07-08T20:58:29+0200,e401fd36-f4a8-45e5-ad91-bdd87731a7ba,2026-06-21T23:45:00Z,2026-06-22T01:45:00+0200,3718.25,MW,FR,FR,forecast_onshore_wind_generation,Wind Onshore,2026-07-08T18:59:22Z
2026-07-08T18:58:29Z,2026-07-08T20:58:29+0200,e401fd36-f4a8-45e5-ad91-bdd87731a7ba,2026-06-22T00:00:00Z,2026-06-22T02:00:00+0200,3674.67993,MW,FR,FR,forecast_onshore_wind_generation,Wind Onshore,2026-07-08T18:59:22Z
2026-07-08T18:58:29Z,2026-07-08T20:58:29+0200,e401fd36-f4a8-45e5-ad91-bdd87731a7ba,2026-06-22T00:15:00Z,2026-06-22T02:15:00+0200,3580.36011,MW,FR,FR,forecast_onshore_wind_generation,Wind Onshore,2026-07-08T18:59:22Z
2026-07-08T18:58:29Z,2026-07-08T20:58:29+0200,e401fd36-f4a8-45e5-ad91-bdd87731a7ba,2026-06-22T00:30:00Z,2026-06-22T02:30:00+0200,3486.09009,MW,FR,FR,forecast_onshore_wind_generation,Wind Onshore,2026-07-08T18:59:22Z
2026-07-08T18:58:29Z,2026-07-08T20:58:29+0200,e401fd36-f4a8-45e5-ad91-bdd87731a7ba,2026-06-22T00:45:00Z,2026-06-22T02:45:00+0200,3391.8999,MW,FR,FR,forecast_onshore_wind_generation,Wind Onshore,2026-07-08T18:59:22Z
2026-07-08T18:58:29Z,2026-07-08T20:58:29+0200,e401fd36-f4a8-45e5-ad91-bdd87731a7ba,2026-06-22T01:00:00Z,2026-06-22T03:00:00+0200,3297.77002,MW,FR,FR,forecast_onshore_wind_generation,Wind Onshore,2026-07-08T18:59:22Z
2026-07-08T18:58:29Z,2026-07-08T20:58:29+0200,e401fd36-f4a8-45e5-ad91-bdd87731a7ba,2026-06-22T01:15:00Z,2026-06-22T03:15:00+0200,3255.29004,MW,FR,FR,forecast_onshore_wind_generation,Wind Onshore,2026-07-08T18:59:22Z
2026-07-08T18:58:29Z,2026-07-08T20:58:29+0200,e401fd36-f4a8-45e5-ad91-bdd87731a7ba,2026-06-22T01:30:00Z,2026-06-22T03:30:00+0200,3212.84009,MW,FR,FR,forecast_onshore_wind_generation,Wind Onshore,2026-07-08T18:59:22Z
2026-07-08T18:58:29Z,2026-07-08T20:58:29+0200,e401fd36-f4a8-45e5-ad91-bdd87731a7ba,2026-06-22T01:45:00Z,2026-06-22T03:45:00+0200,3170.43994,MW,FR,FR,forecast_onshore_wind_generation,Wind Onshore,2026-07-08T18:59:22Z
2026-07-08T18:58:29Z,2026-07-08T20:58:29+0200,e401fd36-f4a8-45e5-ad91-bdd87731a7ba,2026-06-22T02:00:00Z,2026-06-22T04:00:00+0200,3128.03003,MW,FR,FR,forecast_onshore_wind_generation,Wind Onshore,2026-07-08T18:59:22Z
2026-07-08T18:58:29Z,2026-07-08T20:58:29+0200,e401fd36-f4a8-45e5-ad91-bdd87731a7ba,2026-06-22T02:15:00Z,2026-06-22T04:15:00+0200,3086.6499,MW,FR,FR,forecast_onshore_wind_generation,Wind Onshore,2026-07-08T18:59:22Z
2026-07-08T18:58:29Z,2026-07-08T20:58:29+0200,e401fd36-f4a8-45e5-ad91-bdd87731a7ba,2026-06-22T02:30:00Z,2026-06-22T04:30:00+0200,3045.29004,MW,FR,FR,forecast_onshore_wind_generation,Wind Onshore,2026-07-08T18:59:22Z
2026-07-08T18:58:29Z,2026-07-08T20:58:29+0200,e401fd36-f4a8-45e5-ad91-bdd87731a7ba,2026-06-22T02:45:00Z,2026-06-22T04:45:00+0200,3003.8501,MW,FR,FR,forecast_onshore_wind_generation,Wind Onshore,2026-07-08T18:59:22Z
2026-07-08T18:58:29Z,2026-07-08T20:58:29+0200,e401fd36-f4a8-45e5-ad91-bdd87731a7ba,2026-06-22T03:00:00Z,2026-06-22T05:00:00+0200,2962.5,MW,FR,FR,forecast_onshore_wind_generation,Wind Onshore,2026-07-08T18:59:22Z
2026-07-08T18:58:29Z,2026-07-08T20:58:29+0200,e401fd36-f4a8-45e5-ad91-bdd87731a7ba,2026-06-22T03:15:00Z,2026-06-22T05:15:00+0200,2927.10986,MW,FR,FR,forecast_onshore_wind_generation,Wind Onshore,2026-07-08T18:59:22Z
2026-07-08T18:58:29Z,2026-07-08T20:58:29+0200,e401fd36-f4a8-45e5-ad91-bdd87731a7ba,2026-06-22T03:30:00Z,2026-06-22T05:30:00+0200,2891.75,MW,FR,FR,forecast_onshore_wind_generation,Wind Onshore,2026-07-08T18:59:22Z
2026-07-08T18:58:29Z,2026-07-08T20:58:29+0200,e401fd36-f4a8-45e5-ad91-bdd87731a7ba,2026-06-22T03:45:00Z,2026-06-22T05:45:00+0200,2856.50977,MW,FR,FR,forecast_onshore_wind_generation,Wind Onshore,2026-07-08T18:59:22Z
2026-07-08T18:58:29Z,2026-07-08T20:58:29+0200,e401fd36-f4a8-45e5-ad91-bdd87731a7ba,2026-06-22T04:00:00Z,2026-06-22T06:00:00+0200,2821.33008,MW,FR,FR,forecast_onshore_wind_generation,Wind Onshore,2026-07-08T18:59:22Z
2026-07-08T18:58:29Z,2026-07-08T20:58:29+0200,e401fd36-f4a8-45e5-ad91-bdd87731a7ba,2026-06-22T04:15:00Z,2026-06-22T06:15:00+0200,2784.50977,MW,FR,FR,forecast_onshore_wind_generation,Wind Onshore,2026-07-08T18:59:22Z
2026-07-08T18:58:29Z,2026-07-08T20:58:29+0200,e401fd36-f4a8-45e5-ad91-bdd87731a7ba,2026-06-22T04:30:00Z,2026-06-22T06:30:00+0200,2747.67993,MW,FR,FR,forecast_onshore_wind_generation,Wind Onshore,2026-07-08T18:59:22Z
2026-07-08T18:58:29Z,2026-07-08T20:58:29+0200,e401fd36-f4a8-45e5-ad91-bdd87731a7ba,2026-06-22T04:45:00Z,2026-06-22T06:45:00+0200,2710.93994,MW,FR,FR,forecast_onshore_wind_generation,Wind Onshore,2026-07-08T18:59:22Z
2026-07-08T18:58:29Z,2026-07-08T20:58:29+0200,e401fd36-f4a8-45e5-ad91-bdd87731a7ba,2026-06-22T05:00:00Z,2026-06-22T07:00:00+0200,2674.18018,MW,FR,FR,forecast_onshore_wind_generation,Wind Onshore,2026-07-08T18:59:22Z
2026-07-08T18:58:29Z,2026-07-08T20:58:29+0200,e401fd36-f4a8-45e5-ad91-bdd87731a7ba,2026-06-22T05:15:00Z,2026-06-22T07:15:00+0200,2648.37012,MW,FR,FR,forecast_onshore_wind_generation,Wind Onshore,2026-07-08T18:59:22Z
2026-07-08T18:58:29Z,2026-07-08T20:58:29+0200,e401fd36-f4a8-45e5-ad91-bdd87731a7ba,2026-06-22T05:30:00Z,2026-06-22T07:30:00+0200,2622.56982,MW,FR,FR,forecast_onshore_wind_generation,Wind Onshore,2026-07-08T18:59:22Z
2026-07-08T18:58:29Z,2026-07-08T20:58:29+0200,e401fd36-f4a8-45e5-ad91-bdd87731a7ba,2026-06-22T05:45:00Z,2026-06-22T07:45:00+0200,2596.92993,MW,FR,FR,forecast_onshore_wind_generation,Wind Onshore,2026-07-08T18:59:22Z
2026-07-08T18:58:29Z,2026-07-08T20:58:29+0200,e401fd36-f4a8-45e5-ad91-bdd87731a7ba,2026-06-22T06:00:00Z,2026-06-22T08:00:00+0200,2571.26001,MW,FR,FR,forecast_onshore_wind_generation,Wind Onshore,2026-07-08T18:59:22Z
2026-07-08T18:58:29Z,2026-07-08T20:58:29+0200,e401fd36-f4a8-45e5-ad91-bdd87731a7ba,2026-06-22T06:15:00Z,2026-06-22T08:15:00+0200,2385.34009,MW,FR,FR,forecast_onshore_wind_generation,Wind Onshore,2026-07-08T18:59:22Z
2026-07-08T18:58:29Z,2026-07-08T20:58:29+0200,e401fd36-f4a8-45e5-ad91-bdd87731a7ba,2026-06-22T06:30:00Z,2026-06-22T08:30:00+0200,2199.41016,MW,FR,FR,forecast_onshore_wind_generation,Wind Onshore,2026-07-08T18:59:22Z
2026-07-08T18:58:29Z,2026-07-08T20:58:29+0200,e401fd36-f4a8-45e5-ad91-bdd87731a7ba,2026-06-22T06:45:00Z,2026-06-22T08:45:00+0200,2013.54004,MW,FR,FR,forecast_onshore_wind_generation,Wind Onshore,2026-07-08T18:59:22Z
2026-07-08T18:58:29Z,2026-07-08T20:58:29+0200,e401fd36-f4a8-45e5-ad91-bdd87731a7ba,2026-06-22T07:00:00Z,2026-06-22T09:00:00+0200,1827.67993,MW,FR,FR,forecast_onshore_wind_generation,Wind Onshore,2026-07-08T18:59:22Z
2026-07-08T18:58:29Z,2026-07-08T20:58:29+0200,e401fd36-f4a8-45e5-ad91-bdd87731a7ba,2026-06-22T07:15:00Z,2026-06-22T09:15:00+0200,1611.72998,MW,FR,FR,forecast_onshore_wind_generation,Wind Onshore,2026-07-08T18:59:22Z
2026-07-08T18:58:29Z,2026-07-08T20:58:29+0200,e401fd36-f4a8-45e5-ad91-bdd87731a7ba,2026-06-22T07:30:00Z,2026-06-22T09:30:00+0200,1395.81006,MW,FR,FR,forecast_onshore_wind_generation,Wind Onshore,2026-07-08T18:59:22Z
2026-07-08T18:58:29Z,2026-07-08T20:58:29+0200,e401fd36-f4a8-45e5-ad91-bdd87731a7ba,2026-06-22T07:45:00Z,2026-06-22T09:45:00+0200,1179.94995,MW,FR,FR,forecast_onshore_wind_generation,Wind Onshore,2026-07-08T18:59:22Z
2026-07-08T18:58:29Z,2026-07-08T20:58:29+0200,e401fd36-f4a8-45e5-ad91-bdd87731a7ba,2026-06-22T08:00:00Z,2026-06-22T10:00:00+0200,964.12,MW,FR,FR,forecast_onshore_wind_generation,Wind Onshore,2026-07-08T18:59:22Z
2026-07-08T18:58:29Z,2026-07-08T20:58:29+0200,e401fd36-f4a8-45e5-ad91-bdd87731a7ba,2026-06-22T08:15:00Z,2026-06-22T10:15:00+0200,956.98004,MW,FR,FR,forecast_onshore_wind_generation,Wind Onshore,2026-07-08T18:59:22Z
2026-07-08T18:58:29Z,2026-07-08T20:58:29+0200,e401fd36-f4a8-45e5-ad91-bdd87731a7ba,2026-06-22T08:30:00Z,2026-06-22T10:30:00+0200,949.84998,MW,FR,FR,forecast_onshore_wind_generation,Wind Onshore,2026-07-08T18:59:22Z
2026-07-08T18:58:29Z,2026-07-08T20:58:29+0200,e401fd36-f4a8-45e5-ad91-bdd87731a7ba,2026-06-22T08:45:00Z,2026-06-22T10:45:00+0200,942.75006,MW,FR,FR,forecast_onshore_wind_generation,Wind Onshore,2026-07-08T18:59:22Z
2026-07-08T18:58:29Z,2026-07-08T20:58:29+0200,e401fd36-f4a8-45e5-ad91-bdd87731a7ba,2026-06-22T09:00:00Z,2026-06-22T11:00:00+0200,935.64996,MW,FR,FR,forecast_onshore_wind_generation,Wind Onshore,2026-07-08T18:59:22Z
2026-07-08T18:58:29Z,2026-07-08T20:58:29+0200,e401fd36-f4a8-45e5-ad91-bdd87731a7ba,2026-06-22T09:15:00Z,2026-06-22T11:15:00+0200,963.09003,MW,FR,FR,forecast_onshore_wind_generation,Wind Onshore,2026-07-08T18:59:22Z
2026-07-08T18:58:29Z,2026-07-08T20:58:29+0200,e401fd36-f4a8-45e5-ad91-bdd87731a7ba,2026-06-22T09:30:00Z,2026-06-22T11:30:00+0200,990.50995,MW,FR,FR,forecast_onshore_wind_generation,Wind Onshore,2026-07-08T18:59:22Z
2026-07-08T18:58:29Z,2026-07-08T20:58:29+0200,e401fd36-f4a8-45e5-ad91-bdd87731a7ba,2026-06-22T09:45:00Z,2026-06-22T11:45:00+0200,1017.93994,MW,FR,FR,forecast_onshore_wind_generation,Wind Onshore,2026-07-08T18:59:22Z
2026-07-08T18:58:29Z,2026-07-08T20:58:29+0200,e401fd36-f4a8-45e5-ad91-bdd87731a7ba,2026-06-22T10:00:00Z,2026-06-22T12:00:00+0200,1045.35999,MW,FR,FR,forecast_onshore_wind_generation,Wind Onshore,2026-07-08T18:59:22Z
2026-07-08T18:58:29Z,2026-07-08T20:58:29+0200,e401fd36-f4a8-45e5-ad91-bdd87731a7ba,2026-06-22T10:15:00Z,2026-06-22T12:15:00+0200,1057.01001,MW,FR,FR,forecast_onshore_wind_generation,Wind Onshore,2026-07-08T18:59:22Z
2026-07-08T18:58:29Z,2026-07-08T20:58:29+0200,e401fd36-f4a8-45e5-ad91-bdd87731a7ba,2026-06-22T10:30:00Z,2026-06-22T12:30:00+0200,1068.65002,MW,FR,FR,forecast_onshore_wind_generation,Wind Onshore,2026-07-08T18:59:22Z
2026-07-08T18:58:29Z,2026-07-08T20:58:29+0200,e401fd36-f4a8-45e5-ad91-bdd87731a7ba,2026-06-22T10:45:00Z,2026-06-22T12:45:00+0200,1080.29004,MW,FR,FR,forecast_onshore_wind_generation,Wind Onshore,2026-07-08T18:59:22Z
2026-07-08T18:58:29Z,2026-07-08T20:58:29+0200,e401fd36-f4a8-45e5-ad91-bdd87731a7ba,2026-06-22T11:00:00Z,2026-06-22T13:00:00+0200,1091.92004,MW,FR,FR,forecast_onshore_wind_generation,Wind Onshore,2026-07-08T18:59:22Z
2026-07-08T18:58:29Z,2026-07-08T20:58:29+0200,e401fd36-f4a8-45e5-ad91-bdd87731a7ba,2026-06-22T11:15:00Z,2026-06-22T13:15:00+0200,1066.13,MW,FR,FR,forecast_onshore_wind_generation,Wind Onshore,2026-07-08T18:59:22Z
2026-07-08T18:58:29Z,2026-07-08T20:58:29+0200,e401fd36-f4a8-45e5-ad91-bdd87731a7ba,2026-06-22T11:30:00Z,2026-06-22T13:30:00+0200,1040.33008,MW,FR,FR,forecast_onshore_wind_generation,Wind Onshore,2026-07-08T18:59:22Z
2026-07-08T18:58:29Z,2026-07-08T20:58:29+0200,e401fd36-f4a8-45e5-ad91-bdd87731a7ba,2026-06-22T11:45:00Z,2026-06-22T13:45:00+0200,1014.57001,MW,FR,FR,forecast_onshore_wind_generation,Wind Onshore,2026-07-08T18:59:22Z
2026-07-08T18:58:29Z,2026-07-08T20:58:29+0200,e401fd36-f4a8-45e5-ad91-bdd87731a7ba,2026-06-22T12:00:00Z,2026-06-22T14:00:00+0200,988.82001,MW,FR,FR,forecast_onshore_wind_generation,Wind Onshore,2026-07-08T18:59:22Z
2026-07-08T18:58:29Z,2026-07-08T20:58:29+0200,e401fd36-f4a8-45e5-ad91-bdd87731a7ba,2026-06-22T12:15:00Z,2026-06-22T14:15:00+0200,966.08002,MW,FR,FR,forecast_onshore_wind_generation,Wind Onshore,2026-07-08T18:59:22Z
2026-07-08T18:58:29Z,2026-07-08T20:58:29+0200,e401fd36-f4a8-45e5-ad91-bdd87731a7ba,2026-06-22T12:30:00Z,2026-06-22T14:30:00+0200,943.32996,MW,FR,FR,forecast_onshore_wind_generation,Wind Onshore,2026-07-08T18:59:22Z
2026-07-08T18:58:29Z,2026-07-08T20:58:29+0200,e401fd36-f4a8-45e5-ad91-bdd87731a7ba,2026-06-22T12:45:00Z,2026-06-22T14:45:00+0200,920.56,MW,FR,FR,forecast_onshore_wind_generation,Wind Onshore,2026-07-08T18:59:22Z
2026-07-08T18:58:29Z,2026-07-08T20:58:29+0200,e401fd36-f4a8-45e5-ad91-bdd87731a7ba,2026-06-22T13:00:00Z,2026-06-22T15:00:00+0200,897.79993,MW,FR,FR,forecast_onshore_wind_generation,Wind Onshore,2026-07-08T18:59:22Z
2026-07-08T18:58:29Z,2026-07-08T20:58:29+0200,e401fd36-f4a8-45e5-ad91-bdd87731a7ba,2026-06-22T13:15:00Z,2026-06-22T15:15:00+0200,895.16992,MW,FR,FR,forecast_onshore_wind_generation,Wind Onshore,2026-07-08T18:59:22Z
2026-07-08T18:58:29Z,2026-07-08T20:58:29+0200,e401fd36-f4a8-45e5-ad91-bdd87731a7ba,2026-06-22T13:30:00Z,2026-06-22T15:30:00+0200,892.53998,MW,FR,FR,forecast_onshore_wind_generation,Wind Onshore,2026-07-08T18:59:22Z
2026-07-08T18:58:29Z,2026-07-08T20:58:29+0200,e401fd36-f4a8-45e5-ad91-bdd87731a7ba,2026-06-22T13:45:00Z,2026-06-22T15:45:00+0200,889.89996,MW,FR,FR,forecast_onshore_wind_generation,Wind Onshore,2026-07-08T18:59:22Z
2026-07-08T18:58:29Z,2026-07-08T20:58:29+0200,e401fd36-f4a8-45e5-ad91-bdd87731a7ba,2026-06-22T14:00:00Z,2026-06-22T16:00:00+0200,887.25,MW,FR,FR,forecast_onshore_wind_generation,Wind Onshore,2026-07-08T18:59:22Z
2026-07-08T18:58:29Z,2026-07-08T20:58:29+0200,e401fd36-f4a8-45e5-ad91-bdd87731a7ba,2026-06-22T14:15:00Z,2026-06-22T16:15:00+0200,921.16998,MW,FR,FR,forecast_onshore_wind_generation,Wind Onshore,2026-07-08T18:59:22Z
2026-07-08T18:58:29Z,2026-07-08T20:58:29+0200,e401fd36-f4a8-45e5-ad91-bdd87731a7ba,2026-06-22T14:30:00Z,2026-06-22T16:30:00+0200,955.06995,MW,FR,FR,forecast_onshore_wind_generation,Wind Onshore,2026-07-08T18:59:22Z
2026-07-08T18:58:29Z,2026-07-08T20:58:29+0200,e401fd36-f4a8-45e5-ad91-bdd87731a7ba,2026-06-22T14:45:00Z,2026-06-22T16:45:00+0200,988.94995,MW,FR,FR,forecast_onshore_wind_generation,Wind Onshore,2026-07-08T18:59:22Z
2026-07-08T18:58:29Z,2026-07-08T20:58:29+0200,e401fd36-f4a8-45e5-ad91-bdd87731a7ba,2026-06-22T15:00:00Z,2026-06-22T17:00:00+0200,1022.83008,MW,FR,FR,forecast_onshore_wind_generation,Wind Onshore,2026-07-08T18:59:22Z
2026-07-08T18:58:29Z,2026-07-08T20:58:29+0200,e401fd36-f4a8-45e5-ad91-bdd87731a7ba,2026-06-22T15:15:00Z,2026-06-22T17:15:00+0200,1070.63,MW,FR,FR,forecast_onshore_wind_generation,Wind Onshore,2026-07-08T18:59:22Z
2026-07-08T18:58:29Z,2026-07-08T20:58:29+0200,e401fd36-f4a8-45e5-ad91-bdd87731a7ba,2026-06-22T15:30:00Z,2026-06-22T17:30:00+0200,1118.46997,MW,FR,FR,forecast_onshore_wind_generation,Wind Onshore,2026-07-08T18:59:22Z
2026-07-08T18:58:29Z,2026-07-08T20:58:29+0200,e401fd36-f4a8-45e5-ad91-bdd87731a7ba,2026-06-22T15:45:00Z,2026-06-22T17:45:00+0200,1166.17993,MW,FR,FR,forecast_onshore_wind_generation,Wind Onshore,2026-07-08T18:59:22Z
2026-07-08T18:58:29Z,2026-07-08T20:58:29+0200,e401fd36-f4a8-45e5-ad91-bdd87731a7ba,2026-06-22T16:00:00Z,2026-06-22T18:00:00+0200,1213.91992,MW,FR,FR,forecast_onshore_wind_generation,Wind Onshore,2026-07-08T18:59:22Z
2026-07-08T18:58:29Z,2026-07-08T20:58:29+0200,e401fd36-f4a8-45e5-ad91-bdd87731a7ba,2026-06-22T16:15:00Z,2026-06-22T18:15:00+0200,1284.91003,MW,FR,FR,forecast_onshore_wind_generation,Wind Onshore,2026-07-08T18:59:22Z
2026-07-08T18:58:29Z,2026-07-08T20:58:29+0200,e401fd36-f4a8-45e5-ad91-bdd87731a7ba,2026-06-22T16:30:00Z,2026-06-22T18:30:00+0200,1355.92993,MW,FR,FR,forecast_onshore_wind_generation,Wind Onshore,2026-07-08T18:59:22Z
2026-07-08T18:58:29Z,2026-07-08T20:58:29+0200,e401fd36-f4a8-45e5-ad91-bdd87731a7ba,2026-06-22T16:45:00Z,2026-06-22T18:45:00+0200,1426.91003,MW,FR,FR,forecast_onshore_wind_generation,Wind Onshore,2026-07-08T18:59:22Z
2026-07-08T18:58:29Z,2026-07-08T20:58:29+0200,e401fd36-f4a8-45e5-ad91-bdd87731a7ba,2026-06-22T17:00:00Z,2026-06-22T19:00:00+0200,1497.88013,MW,FR,FR,forecast_onshore_wind_generation,Wind Onshore,2026-07-08T18:59:22Z
2026-07-08T18:58:29Z,2026-07-08T20:58:29+0200,e401fd36-f4a8-45e5-ad91-bdd87731a7ba,2026-06-22T17:15:00Z,2026-06-22T19:15:00+0200,1633.98987,MW,FR,FR,forecast_onshore_wind_generation,Wind Onshore,2026-07-08T18:59:22Z
2026-07-08T18:58:29Z,2026-07-08T20:58:29+0200,e401fd36-f4a8-45e5-ad91-bdd87731a7ba,2026-06-22T17:30:00Z,2026-06-22T19:30:00+0200,1770.05994,MW,FR,FR,forecast_onshore_wind_generation,Wind Onshore,2026-07-08T18:59:22Z
2026-07-08T18:58:29Z,2026-07-08T20:58:29+0200,e401fd36-f4a8-45e5-ad91-bdd87731a7ba,2026-06-22T17:45:00Z,2026-06-22T19:45:00+0200,1906.17004,MW,FR,FR,forecast_onshore_wind_generation,Wind Onshore,2026-07-08T18:59:22Z
2026-07-08T18:58:29Z,2026-07-08T20:58:29+0200,e401fd36-f4a8-45e5-ad91-bdd87731a7ba,2026-06-22T18:00:00Z,2026-06-22T20:00:00+0200,2042.25,MW,FR,FR,forecast_onshore_wind_generation,Wind Onshore,2026-07-08T18:59:22Z
2026-07-08T18:58:29Z,2026-07-08T20:58:29+0200,e401fd36-f4a8-45e5-ad91-bdd87731a7ba,2026-06-22T18:15:00Z,2026-06-22T20:15:00+0200,2246.1001,MW,FR,FR,forecast_onshore_wind_generation,Wind Onshore,2026-07-08T18:59:22Z
2026-07-08T18:58:29Z,2026-07-08T20:58:29+0200,e401fd36-f4a8-45e5-ad91-bdd87731a7ba,2026-06-22T18:30:00Z,2026-06-22T20:30:00+0200,2449.95996,MW,FR,FR,forecast_onshore_wind_generation,Wind Onshore,2026-07-08T18:59:22Z
2026-07-08T18:58:29Z,2026-07-08T20:58:29+0200,e401fd36-f4a8-45e5-ad91-bdd87731a7ba,2026-06-22T18:45:00Z,2026-06-22T20:45:00+0200,2653.81006,MW,FR,FR,forecast_onshore_wind_generation,Wind Onshore,2026-07-08T18:59:22Z
2026-07-08T18:58:29Z,2026-07-08T20:58:29+0200,e401fd36-f4a8-45e5-ad91-bdd87731a7ba,2026-06-22T19:00:00Z,2026-06-22T21:00:00+0200,2857.68994,MW,FR,FR,forecast_onshore_wind_generation,Wind Onshore,2026-07-08T18:59:22Z
2026-07-08T18:58:29Z,2026-07-08T20:58:29+0200,e401fd36-f4a8-45e5-ad91-bdd87731a7ba,2026-06-22T19:15:00Z,2026-06-22T21:15:00+0200,3211.43994,MW,FR,FR,forecast_onshore_wind_generation,Wind Onshore,2026-07-08T18:59:22Z
2026-07-08T18:58:29Z,2026-07-08T20:58:29+0200,e401fd36-f4a8-45e5-ad91-bdd87731a7ba,2026-06-22T19:30:00Z,2026-06-22T21:30:00+0200,3565.18994,MW,FR,FR,forecast_onshore_wind_generation,Wind Onshore,2026-07-08T18:59:22Z
2026-07-08T18:58:29Z,2026-07-08T20:58:29+0200,e401fd36-f4a8-45e5-ad91-bdd87731a7ba,2026-06-22T19:45:00Z,2026-06-22T21:45:00+0200,3918.96997,MW,FR,FR,forecast_onshore_wind_generation,Wind Onshore,2026-07-08T18:59:22Z
2026-07-08T18:58:29Z,2026-07-08T20:58:29+0200,e401fd36-f4a8-45e5-ad91-bdd87731a7ba,2026-06-22T20:00:00Z,2026-06-22T22:00:00+0200,4272.73975,MW,FR,FR,forecast_onshore_wind_generation,Wind Onshore,2026-07-08T18:59:22Z
2026-07-08T18:58:29Z,2026-07-08T20:58:29+0200,e401fd36-f4a8-45e5-ad91-bdd87731a7ba,2026-06-22T20:15:00Z,2026-06-22T22:15:00+0200,4483.68994,MW,FR,FR,forecast_onshore_wind_generation,Wind Onshore,2026-07-08T18:59:22Z
2026-07-08T18:58:29Z,2026-07-08T20:58:29+0200,e401fd36-f4a8-45e5-ad91-bdd87731a7ba,2026-06-22T20:30:00Z,2026-06-22T22:30:00+0200,4694.64014,MW,FR,FR,forecast_onshore_wind_generation,Wind Onshore,2026-07-08T18:59:22Z
2026-07-08T18:58:29Z,2026-07-08T20:58:29+0200,e401fd36-f4a8-45e5-ad91-bdd87731a7ba,2026-06-22T20:45:00Z,2026-06-22T22:45:00+0200,4905.6499,MW,FR,FR,forecast_onshore_wind_generation,Wind Onshore,2026-07-08T18:59:22Z
2026-07-08T18:58:29Z,2026-07-08T20:58:29+0200,e401fd36-f4a8-45e5-ad91-bdd87731a7ba,2026-06-22T21:00:00Z,2026-06-22T23:00:00+0200,5116.66992,MW,FR,FR,forecast_onshore_wind_generation,Wind Onshore,2026-07-08T18:59:22Z
2026-07-08T18:58:29Z,2026-07-08T20:58:29+0200,e401fd36-f4a8-45e5-ad91-bdd87731a7ba,2026-06-22T21:15:00Z,2026-06-22T23:15:00+0200,5168.88037,MW,FR,FR,forecast_onshore_wind_generation,Wind Onshore,2026-07-08T18:59:22Z
2026-07-08T18:58:29Z,2026-07-08T20:58:29+0200,e401fd36-f4a8-45e5-ad91-bdd87731a7ba,2026-06-22T21:30:00Z,2026-06-22T23:30:00+0200,5221.08984,MW,FR,FR,forecast_onshore_wind_generation,Wind Onshore,2026-07-08T18:59:22Z
2026-07-08T18:58:29Z,2026-07-08T20:58:29+0200,e401fd36-f4a8-45e5-ad91-bdd87731a7ba,2026-06-22T21:45:00Z,2026-06-22T23:45:00+0200,5273.31982,MW,FR,FR,forecast_onshore_wind_generation,Wind Onshore,2026-07-08T18:59:22Z
2026-07-08T18:58:29Z,2026-07-08T20:58:29+0200,e401fd36-f4a8-45e5-ad91-bdd87731a7ba,2026-06-22T22:00:00Z,2026-06-23T00:00:00+0200,4445.09961,MW,FR,FR,forecast_onshore_wind_generation,Wind Onshore,2026-07-08T18:59:22Z
2026-07-08T18:58:29Z,2026-07-08T20:58:29+0200,e401fd36-f4a8-45e5-ad91-bdd87731a7ba,2026-06-22T22:15:00Z,2026-06-23T00:15:00+0200,4347.94971,MW,FR,FR,forecast_onshore_wind_generation,Wind Onshore,2026-07-08T18:59:22Z
2026-07-08T18:58:29Z,2026-07-08T20:58:29+0200,e401fd36-f4a8-45e5-ad91-bdd87731a7ba,2026-06-22T22:30:00Z,2026-06-23T00:30:00+0200,4250.8501,MW,FR,FR,forecast_onshore_wind_generation,Wind Onshore,2026-07-08T18:59:22Z
2026-07-08T18:58:29Z,2026-07-08T20:58:29+0200,e401fd36-f4a8-45e5-ad91-bdd87731a7ba,2026-06-22T22:45:00Z,2026-06-23T00:45:00+0200,4153.81006,MW,FR,FR,forecast_onshore_wind_generation,Wind Onshore,2026-07-08T18:59:22Z
2026-07-08T18:58:29Z,2026-07-08T20:58:29+0200,e401fd36-f4a8-45e5-ad91-bdd87731a7ba,2026-06-22T23:00:00Z,2026-06-23T01:00:00+0200,4056.75977,MW,FR,FR,forecast_onshore_wind_generation,Wind Onshore,2026-07-08T18:59:22Z
2026-07-08T18:58:29Z,2026-07-08T20:58:29+0200,e401fd36-f4a8-45e5-ad91-bdd87731a7ba,2026-06-22T23:15:00Z,2026-06-23T01:15:00+0200,3921.94995,MW,FR,FR,forecast_onshore_wind_generation,Wind Onshore,2026-07-08T18:59:22Z
2026-07-08T18:58:29Z,2026-07-08T20:58:29+0200,e401fd36-f4a8-45e5-ad91-bdd87731a7ba,2026-06-22T23:30:00Z,2026-06-23T01:30:00+0200,3787.18994,MW,FR,FR,forecast_onshore_wind_generation,Wind Onshore,2026-07-08T18:59:22Z
2026-07-08T18:58:29Z,2026-07-08T20:58:29+0200,e401fd36-f4a8-45e5-ad91-bdd87731a7ba,2026-06-22T23:45:00Z,2026-06-23T01:45:00+0200,3652.58984,MW,FR,FR,forecast_onshore_wind_generation,Wind Onshore,2026-07-08T18:59:22Z
2026-07-08T18:58:29Z,2026-07-08T20:58:29+0200,e401fd36-f4a8-45e5-ad91-bdd87731a7ba,2026-06-23T00:00:00Z,2026-06-23T02:00:00+0200,3517.98999,MW,FR,FR,forecast_onshore_wind_generation,Wind Onshore,2026-07-08T18:59:22Z
2026-07-08T18:58:29Z,2026-07-08T20:58:29+0200,e401fd36-f4a8-45e5-ad91-bdd87731a7ba,2026-06-23T00:15:00Z,2026-06-23T02:15:00+0200,3404.88989,MW,FR,FR,forecast_onshore_wind_generation,Wind Onshore,2026-07-08T18:59:22Z
2026-07-08T18:58:29Z,2026-07-08T20:58:29+0200,e401fd36-f4a8-45e5-ad91-bdd87731a7ba,2026-06-23T00:30:00Z,2026-06-23T02:30:00+0200,3291.82007,MW,FR,FR,forecast_onshore_wind_generation,Wind Onshore,2026-07-08T18:59:22Z
2026-07-08T18:58:29Z,2026-07-08T20:58:29+0200,e401fd36-f4a8-45e5-ad91-bdd87731a7ba,2026-06-23T00:45:00Z,2026-06-23T02:45:00+0200,3178.79004,MW,FR,FR,forecast_onshore_wind_generation,Wind Onshore,2026-07-08T18:59:22Z
2026-07-08T18:58:29Z,2026-07-08T20:58:29+0200,e401fd36-f4a8-45e5-ad91-bdd87731a7ba,2026-06-23T01:00:00Z,2026-06-23T03:00:00+0200,3065.7998,MW,FR,FR,forecast_onshore_wind_generation,Wind Onshore,2026-07-08T18:59:22Z
2026-07-08T18:58:29Z,2026-07-08T20:58:29+0200,e401fd36-f4a8-45e5-ad91-bdd87731a7ba,2026-06-23T01:15:00Z,2026-06-23T03:15:00+0200,2996.03003,MW,FR,FR,forecast_onshore_wind_generation,Wind Onshore,2026-07-08T18:59:22Z
2026-07-08T18:58:29Z,2026-07-08T20:58:29+0200,e401fd36-f4a8-45e5-ad91-bdd87731a7ba,2026-06-23T01:30:00Z,2026-06-23T03:30:00+0200,2926.37012,MW,FR,FR,forecast_onshore_wind_generation,Wind Onshore,2026-07-08T18:59:22Z
2026-07-08T18:58:29Z,2026-07-08T20:58:29+0200,e401fd36-f4a8-45e5-ad91-bdd87731a7ba,2026-06-23T01:45:00Z,2026-06-23T03:45:00+0200,2856.75,MW,FR,FR,forecast_onshore_wind_generation,Wind Onshore,2026-07-08T18:59:22Z
2026-07-08T18:58:29Z,2026-07-08T20:58:29+0200,e401fd36-f4a8-45e5-ad91-bdd87731a7ba,2026-06-23T02:00:00Z,2026-06-23T04:00:00+0200,2787.12988,MW,FR,FR,forecast_onshore_wind_generation,Wind Onshore,2026-07-08T18:59:22Z
2026-07-08T18:58:29Z,2026-07-08T20:58:29+0200,e401fd36-f4a8-45e5-ad91-bdd87731a7ba,2026-06-23T02:15:00Z,2026-06-23T04:15:00+0200,2780.89014,MW,FR,FR,forecast_onshore_wind_generation,Wind Onshore,2026-07-08T18:59:22Z
2026-07-08T18:58:29Z,2026-07-08T20:58:29+0200,e401fd36-f4a8-45e5-ad91-bdd87731a7ba,2026-06-23T02:30:00Z,2026-06-23T04:30:00+0200,2774.68018,MW,FR,FR,forecast_onshore_wind_generation,Wind Onshore,2026-07-08T18:59:22Z
2026-07-08T18:58:29Z,2026-07-08T20:58:29+0200,e401fd36-f4a8-45e5-ad91-bdd87731a7ba,2026-06-23T02:45:00Z,2026-06-23T04:45:00+0200,2768.47021,MW,FR,FR,forecast_onshore_wind_generation,Wind Onshore,2026-07-08T18:59:22Z
2026-07-08T18:58:29Z,2026-07-08T20:58:29+0200,e401fd36-f4a8-45e5-ad91-bdd87731a7ba,2026-06-23T03:00:00Z,2026-06-23T05:00:00+0200,2762.31006,MW,FR,FR,forecast_onshore_wind_generation,Wind Onshore,2026-07-08T18:59:22Z
2026-07-08T18:58:29Z,2026-07-08T20:58:29+0200,e401fd36-f4a8-45e5-ad91-bdd87731a7ba,2026-06-23T03:15:00Z,2026-06-23T05:15:00+0200,2784.21997,MW,FR,FR,forecast_onshore_wind_generation,Wind Onshore,2026-07-08T18:59:22Z
2026-07-08T18:58:29Z,2026-07-08T20:58:29+0200,e401fd36-f4a8-45e5-ad91-bdd87731a7ba,2026-06-23T03:30:00Z,2026-06-23T05:30:00+0200,2806.13989,MW,FR,FR,forecast_onshore_wind_generation,Wind Onshore,2026-07-08T18:59:22Z
2026-07-08T18:58:29Z,2026-07-08T20:58:29+0200,e401fd36-f4a8-45e5-ad91-bdd87731a7ba,2026-06-23T03:45:00Z,2026-06-23T05:45:00+0200,2828.12012,MW,FR,FR,forecast_onshore_wind_generation,Wind Onshore,2026-07-08T18:59:22Z
2026-07-08T18:58:29Z,2026-07-08T20:58:29+0200,e401fd36-f4a8-45e5-ad91-bdd87731a7ba,2026-06-23T04:00:00Z,2026-06-23T06:00:00+0200,2850.1001,MW,FR,FR,forecast_onshore_wind_generation,Wind Onshore,2026-07-08T18:59:22Z
2026-07-08T18:58:29Z,2026-07-08T20:58:29+0200,e401fd36-f4a8-45e5-ad91-bdd87731a7ba,2026-06-23T04:15:00Z,2026-06-23T06:15:00+0200,2805.46997,MW,FR,FR,forecast_onshore_wind_generation,Wind Onshore,2026-07-08T18:59:22Z
2026-07-08T18:58:29Z,2026-07-08T20:58:29+0200,e401fd36-f4a8-45e5-ad91-bdd87731a7ba,2026-06-23T04:30:00Z,2026-06-23T06:30:00+0200,2760.83984,MW,FR,FR,forecast_onshore_wind_generation,Wind Onshore,2026-07-08T18:59:22Z
2026-07-08T18:58:29Z,2026-07-08T20:58:29+0200,e401fd36-f4a8-45e5-ad91-bdd87731a7ba,2026-06-23T04:45:00Z,2026-06-23T06:45:00+0200,2716.25,MW,FR,FR,forecast_onshore_wind_generation,Wind Onshore,2026-07-08T18:59:22Z
2026-07-08T18:58:29Z,2026-07-08T20:58:29+0200,e401fd36-f4a8-45e5-ad91-bdd87731a7ba,2026-06-23T05:00:00Z,2026-06-23T07:00:00+0200,2671.65991,MW,FR,FR,forecast_onshore_wind_generation,Wind Onshore,2026-07-08T18:59:22Z
2026-07-08T18:58:29Z,2026-07-08T20:58:29+0200,e401fd36-f4a8-45e5-ad91-bdd87731a7ba,2026-06-23T05:15:00Z,2026-06-23T07:15:00+0200,2637.6001,MW,FR,FR,forecast_onshore_wind_generation,Wind Onshore,2026-07-08T18:59:22Z
2026-07-08T18:58:29Z,2026-07-08T20:58:29+0200,e401fd36-f4a8-45e5-ad91-bdd87731a7ba,2026-06-23T05:30:00Z,2026-06-23T07:30:00+0200,2603.56006,MW,FR,FR,forecast_onshore_wind_generation,Wind Onshore,2026-07-08T18:59:22Z
2026-07-08T18:58:29Z,2026-07-08T20:58:29+0200,e401fd36-f4a8-45e5-ad91-bdd87731a7ba,2026-06-23T05:45:00Z,2026-06-23T07:45:00+0200,2569.63989,MW,FR,FR,forecast_onshore_wind_generation,Wind Onshore,2026-07-08T18:59:22Z
2026-07-08T18:58:29Z,2026-07-08T20:58:29+0200,e401fd36-f4a8-45e5-ad91-bdd87731a7ba,2026-06-23T06:00:00Z,2026-06-23T08:00:00+0200,2535.71997,MW,FR,FR,forecast_onshore_wind_generation,Wind Onshore,2026-07-08T18:59:22Z
2026-07-08T18:58:29Z,2026-07-08T20:58:29+0200,e401fd36-f4a8-45e5-ad91-bdd87731a7ba,2026-06-23T06:15:00Z,2026-06-23T08:15:00+0200,2320.16016,MW,FR,FR,forecast_onshore_wind_generation,Wind Onshore,2026-07-08T18:59:22Z
2026-07-08T18:58:29Z,2026-07-08T20:58:29+0200,e401fd36-f4a8-45e5-ad91-bdd87731a7ba,2026-06-23T06:30:00Z,2026-06-23T08:30:00+0200,2104.62012,MW,FR,FR,forecast_onshore_wind_generation,Wind Onshore,2026-07-08T18:59:22Z
2026-07-08T18:58:29Z,2026-07-08T20:58:29+0200,e401fd36-f4a8-45e5-ad91-bdd87731a7ba,2026-06-23T06:45:00Z,2026-06-23T08:45:00+0200,1889.05005,MW,FR,FR,forecast_onshore_wind_generation,Wind Onshore,2026-07-08T18:59:22Z
2026-07-08T18:58:29Z,2026-07-08T20:58:29+0200,e401fd36-f4a8-45e5-ad91-bdd87731a7ba,2026-06-23T07:00:00Z,2026-06-23T09:00:00+0200,1673.65991,MW,FR,FR,forecast_onshore_wind_generation,Wind Onshore,2026-07-08T18:59:22Z
2026-07-08T18:58:29Z,2026-07-08T20:58:29+0200,e401fd36-f4a8-45e5-ad91-bdd87731a7ba,2026-06-23T07:15:00Z,2026-06-23T09:15:00+0200,1491.10999,MW,FR,FR,forecast_onshore_wind_generation,Wind Onshore,2026-07-08T18:59:22Z
2026-07-08T18:58:29Z,2026-07-08T20:58:29+0200,e401fd36-f4a8-45e5-ad91-bdd87731a7ba,2026-06-23T07:30:00Z,2026-06-23T09:30:00+0200,1308.79004,MW,FR,FR,forecast_onshore_wind_generation,Wind Onshore,2026-07-08T18:59:22Z
2026-07-08T18:58:29Z,2026-07-08T20:58:29+0200,e401fd36-f4a8-45e5-ad91-bdd87731a7ba,2026-06-23T07:45:00Z,2026-06-23T09:45:00+0200,1126.55005,MW,FR,FR,forecast_onshore_wind_generation,Wind Onshore,2026-07-08T18:59:22Z
2026-07-08T18:58:29Z,2026-07-08T20:58:29+0200,e401fd36-f4a8-45e5-ad91-bdd87731a7ba,2026-06-23T08:00:00Z,2026-06-23T10:00:00+0200,944.29999,MW,FR,FR,forecast_onshore_wind_generation,Wind Onshore,2026-07-08T18:59:22Z
2026-07-08T18:58:29Z,2026-07-08T20:58:29+0200,e401fd36-f4a8-45e5-ad91-bdd87731a7ba,2026-06-23T08:15:00Z,2026-06-23T10:15:00+0200,931.39001,MW,FR,FR,forecast_onshore_wind_generation,Wind Onshore,2026-07-08T18:59:22Z
2026-07-08T18:58:29Z,2026-07-08T20:58:29+0200,e401fd36-f4a8-45e5-ad91-bdd87731a7ba,2026-06-23T08:30:00Z,2026-06-23T10:30:00+0200,918.48999,MW,FR,FR,forecast_onshore_wind_generation,Wind Onshore,2026-07-08T18:59:22Z
2026-07-08T18:58:29Z,2026-07-08T20:58:29+0200,e401fd36-f4a8-45e5-ad91-bdd87731a7ba,2026-06-23T08:45:00Z,2026-06-23T10:45:00+0200,905.59998,MW,FR,FR,forecast_onshore_wind_generation,Wind Onshore,2026-07-08T18:59:22Z
2026-07-08T18:58:29Z,2026-07-08T20:58:29+0200,e401fd36-f4a8-45e5-ad91-bdd87731a7ba,2026-06-23T09:00:00Z,2026-06-23T11:00:00+0200,892.73004,MW,FR,FR,forecast_onshore_wind_generation,Wind Onshore,2026-07-08T18:59:22Z
2026-07-08T18:58:29Z,2026-07-08T20:58:29+0200,e401fd36-f4a8-45e5-ad91-bdd87731a7ba,2026-06-23T09:15:00Z,2026-06-23T11:15:00+0200,917.64996,MW,FR,FR,forecast_onshore_wind_generation,Wind Onshore,2026-07-08T18:59:22Z
2026-07-08T18:58:29Z,2026-07-08T20:58:29+0200,e401fd36-f4a8-45e5-ad91-bdd87731a7ba,2026-06-23T09:30:00Z,2026-06-23T11:30:00+0200,942.79999,MW,FR,FR,forecast_onshore_wind_generation,Wind Onshore,2026-07-08T18:59:22Z
2026-07-08T18:58:29Z,2026-07-08T20:58:29+0200,e401fd36-f4a8-45e5-ad91-bdd87731a7ba,2026-06-23T09:45:00Z,2026-06-23T11:45:00+0200,968.06,MW,FR,FR,forecast_onshore_wind_generation,Wind Onshore,2026-07-08T18:59:22Z
2026-07-08T18:58:29Z,2026-07-08T20:58:29+0200,e401fd36-f4a8-45e5-ad91-bdd87731a7ba,2026-06-23T10:00:00Z,2026-06-23T12:00:00+0200,993.34998,MW,FR,FR,forecast_onshore_wind_generation,Wind Onshore,2026-07-08T18:59:22Z
2026-07-08T18:58:29Z,2026-07-08T20:58:29+0200,e401fd36-f4a8-45e5-ad91-bdd87731a7ba,2026-06-23T10:15:00Z,2026-06-23T12:15:00+0200,994.22998,MW,FR,FR,forecast_onshore_wind_generation,Wind Onshore,2026-07-08T18:59:22Z
2026-07-08T18:58:29Z,2026-07-08T20:58:29+0200,e401fd36-f4a8-45e5-ad91-bdd87731a7ba,2026-06-23T10:30:00Z,2026-06-23T12:30:00+0200,995.10999,MW,FR,FR,forecast_onshore_wind_generation,Wind Onshore,2026-07-08T18:59:22Z
2026-07-08T18:58:29Z,2026-07-08T20:58:29+0200,e401fd36-f4a8-45e5-ad91-bdd87731a7ba,2026-06-23T10:45:00Z,2026-06-23T12:45:00+0200,995.96002,MW,FR,FR,forecast_onshore_wind_generation,Wind Onshore,2026-07-08T18:59:22Z
2026-07-08T18:58:29Z,2026-07-08T20:58:29+0200,e401fd36-f4a8-45e5-ad91-bdd87731a7ba,2026-06-23T11:00:00Z,2026-06-23T13:00:00+0200,996.81,MW,FR,FR,forecast_onshore_wind_generation,Wind Onshore,2026-07-08T18:59:22Z
2026-07-08T18:58:29Z,2026-07-08T20:58:29+0200,e401fd36-f4a8-45e5-ad91-bdd87731a7ba,2026-06-23T11:15:00Z,2026-06-23T13:15:00+0200,970.92999,MW,FR,FR,forecast_onshore_wind_generation,Wind Onshore,2026-07-08T18:59:22Z
2026-07-08T18:58:29Z,2026-07-08T20:58:29+0200,e401fd36-f4a8-45e5-ad91-bdd87731a7ba,2026-06-23T11:30:00Z,2026-06-23T13:30:00+0200,945.04999,MW,FR,FR,forecast_onshore_wind_generation,Wind Onshore,2026-07-08T18:59:22Z
2026-07-08T18:58:29Z,2026-07-08T20:58:29+0200,e401fd36-f4a8-45e5-ad91-bdd87731a7ba,2026-06-23T11:45:00Z,2026-06-23T13:45:00+0200,919.19,MW,FR,FR,forecast_onshore_wind_generation,Wind Onshore,2026-07-08T18:59:22Z
2026-07-08T18:58:29Z,2026-07-08T20:58:29+0200,e401fd36-f4a8-45e5-ad91-bdd87731a7ba,2026-06-23T12:00:00Z,2026-06-23T14:00:00+0200,893.36993,MW,FR,FR,forecast_onshore_wind_generation,Wind Onshore,2026-07-08T18:59:22Z
2026-07-08T18:58:29Z,2026-07-08T20:58:29+0200,e401fd36-f4a8-45e5-ad91-bdd87731a7ba,2026-06-23T12:15:00Z,2026-06-23T14:15:00+0200,880.51001,MW,FR,FR,forecast_onshore_wind_generation,Wind Onshore,2026-07-08T18:59:22Z
2026-07-08T18:58:29Z,2026-07-08T20:58:29+0200,e401fd36-f4a8-45e5-ad91-bdd87731a7ba,2026-06-23T12:30:00Z,2026-06-23T14:30:00+0200,867.65997,MW,FR,FR,forecast_onshore_wind_generation,Wind Onshore,2026-07-08T18:59:22Z
2026-07-08T18:58:29Z,2026-07-08T20:58:29+0200,e401fd36-f4a8-45e5-ad91-bdd87731a7ba,2026-06-23T12:45:00Z,2026-06-23T14:45:00+0200,854.78003,MW,FR,FR,forecast_onshore_wind_generation,Wind Onshore,2026-07-08T18:59:22Z
2026-07-08T18:58:29Z,2026-07-08T20:58:29+0200,e401fd36-f4a8-45e5-ad91-bdd87731a7ba,2026-06-23T13:00:00Z,2026-06-23T15:00:00+0200,841.91003,MW,FR,FR,forecast_onshore_wind_generation,Wind Onshore,2026-07-08T18:59:22Z
2026-07-08T18:58:29Z,2026-07-08T20:58:29+0200,e401fd36-f4a8-45e5-ad91-bdd87731a7ba,2026-06-23T13:15:00Z,2026-06-23T15:15:00+0200,834.47003,MW,FR,FR,forecast_onshore_wind_generation,Wind Onshore,2026-07-08T18:59:22Z
2026-07-08T18:58:29Z,2026-07-08T20:58:29+0200,e401fd36-f4a8-45e5-ad91-bdd87731a7ba,2026-06-23T13:30:00Z,2026-06-23T15:30:00+0200,827.01001,MW,FR,FR,forecast_onshore_wind_generation,Wind Onshore,2026-07-08T18:59:22Z
2026-07-08T18:58:29Z,2026-07-08T20:58:29+0200,e401fd36-f4a8-45e5-ad91-bdd87731a7ba,2026-06-23T13:45:00Z,2026-06-23T15:45:00+0200,819.57001,MW,FR,FR,forecast_onshore_wind_generation,Wind Onshore,2026-07-08T18:59:22Z
2026-07-08T18:58:29Z,2026-07-08T20:58:29+0200,e401fd36-f4a8-45e5-ad91-bdd87731a7ba,2026-06-23T14:00:00Z,2026-06-23T16:00:00+0200,812.13,MW,FR,FR,forecast_onshore_wind_generation,Wind Onshore,2026-07-08T18:59:22Z
2026-07-08T18:58:29Z,2026-07-08T20:58:29+0200,e401fd36-f4a8-45e5-ad91-bdd87731a7ba,2026-06-23T14:15:00Z,2026-06-23T16:15:00+0200,815.62,MW,FR,FR,forecast_onshore_wind_generation,Wind Onshore,2026-07-08T18:59:22Z
2026-07-08T18:58:29Z,2026-07-08T20:58:29+0200,e401fd36-f4a8-45e5-ad91-bdd87731a7ba,2026-06-23T14:30:00Z,2026-06-23T16:30:00+0200,819.10004,MW,FR,FR,forecast_onshore_wind_generation,Wind Onshore,2026-07-08T18:59:22Z
2026-07-08T18:58:29Z,2026-07-08T20:58:29+0200,e401fd36-f4a8-45e5-ad91-bdd87731a7ba,2026-06-23T14:45:00Z,2026-06-23T16:45:00+0200,822.58997,MW,FR,FR,forecast_onshore_wind_generation,Wind Onshore,2026-07-08T18:59:22Z
2026-07-08T18:58:29Z,2026-07-08T20:58:29+0200,e401fd36-f4a8-45e5-ad91-bdd87731a7ba,2026-06-23T15:00:00Z,2026-06-23T17:00:00+0200,826.08002,MW,FR,FR,forecast_onshore_wind_generation,Wind Onshore,2026-07-08T18:59:22Z
2026-07-08T18:58:29Z,2026-07-08T20:58:29+0200,e401fd36-f4a8-45e5-ad91-bdd87731a7ba,2026-06-23T15:15:00Z,2026-06-23T17:15:00+0200,846.57001,MW,FR,FR,forecast_onshore_wind_generation,Wind Onshore,2026-07-08T18:59:22Z
2026-07-08T18:58:29Z,2026-07-08T20:58:29+0200,e401fd36-f4a8-45e5-ad91-bdd87731a7ba,2026-06-23T15:30:00Z,2026-06-23T17:30:00+0200,867.04999,MW,FR,FR,forecast_onshore_wind_generation,Wind Onshore,2026-07-08T18:59:22Z
2026-07-08T18:58:29Z,2026-07-08T20:58:29+0200,e401fd36-f4a8-45e5-ad91-bdd87731a7ba,2026-06-23T15:45:00Z,2026-06-23T17:45:00+0200,887.53003,MW,FR,FR,forecast_onshore_wind_generation,Wind Onshore,2026-07-08T18:59:22Z
2026-07-08T18:58:29Z,2026-07-08T20:58:29+0200,e401fd36-f4a8-45e5-ad91-bdd87731a7ba,2026-06-23T16:00:00Z,2026-06-23T18:00:00+0200,908.01996,MW,FR,FR,forecast_onshore_wind_generation,Wind Onshore,2026-07-08T18:59:22Z
2026-07-08T18:58:29Z,2026-07-08T20:58:29+0200,e401fd36-f4a8-45e5-ad91-bdd87731a7ba,2026-06-23T16:15:00Z,2026-06-23T18:15:00+0200,954.76996,MW,FR,FR,forecast_onshore_wind_generation,Wind Onshore,2026-07-08T18:59:22Z
2026-07-08T18:58:29Z,2026-07-08T20:58:29+0200,e401fd36-f4a8-45e5-ad91-bdd87731a7ba,2026-06-23T16:30:00Z,2026-06-23T18:30:00+0200,1001.57001,MW,FR,FR,forecast_onshore_wind_generation,Wind Onshore,2026-07-08T18:59:22Z
2026-07-08T18:58:29Z,2026-07-08T20:58:29+0200,e401fd36-f4a8-45e5-ad91-bdd87731a7ba,2026-06-23T16:45:00Z,2026-06-23T18:45:00+0200,1048.26001,MW,FR,FR,forecast_onshore_wind_generation,Wind Onshore,2026-07-08T18:59:22Z
2026-07-08T18:58:29Z,2026-07-08T20:58:29+0200,e401fd36-f4a8-45e5-ad91-bdd87731a7ba,2026-06-23T17:00:00Z,2026-06-23T19:00:00+0200,1094.98999,MW,FR,FR,forecast_onshore_wind_generation,Wind Onshore,2026-07-08T18:59:22Z
2026-07-08T18:58:29Z,2026-07-08T20:58:29+0200,e401fd36-f4a8-45e5-ad91-bdd87731a7ba,2026-06-23T17:15:00Z,2026-06-23T19:15:00+0200,1150.44995,MW,FR,FR,forecast_onshore_wind_generation,Wind Onshore,2026-07-08T18:59:22Z
2026-07-08T18:58:29Z,2026-07-08T20:58:29+0200,e401fd36-f4a8-45e5-ad91-bdd87731a7ba,2026-06-23T17:30:00Z,2026-06-23T19:30:00+0200,1205.95996,MW,FR,FR,forecast_onshore_wind_generation,Wind Onshore,2026-07-08T18:59:22Z
2026-07-08T18:58:29Z,2026-07-08T20:58:29+0200,e401fd36-f4a8-45e5-ad91-bdd87731a7ba,2026-06-23T17:45:00Z,2026-06-23T19:45:00+0200,1261.48999,MW,FR,FR,forecast_onshore_wind_generation,Wind Onshore,2026-07-08T18:59:22Z
2026-07-08T18:58:29Z,2026-07-08T20:58:29+0200,e401fd36-f4a8-45e5-ad91-bdd87731a7ba,2026-06-23T18:00:00Z,2026-06-23T20:00:00+0200,1317.04004,MW,FR,FR,forecast_onshore_wind_generation,Wind Onshore,2026-07-08T18:59:22Z
2026-07-08T18:58:29Z,2026-07-08T20:58:29+0200,e401fd36-f4a8-45e5-ad91-bdd87731a7ba,2026-06-23T18:15:00Z,2026-06-23T20:15:00+0200,1481.15002,MW,FR,FR,forecast_onshore_wind_generation,Wind Onshore,2026-07-08T18:59:22Z
2026-07-08T18:58:29Z,2026-07-08T20:58:29+0200,e401fd36-f4a8-45e5-ad91-bdd87731a7ba,2026-06-23T18:30:00Z,2026-06-23T20:30:00+0200,1645.30005,MW,FR,FR,forecast_onshore_wind_generation,Wind Onshore,2026-07-08T18:59:22Z
2026-07-08T18:58:29Z,2026-07-08T20:58:29+0200,e401fd36-f4a8-45e5-ad91-bdd87731a7ba,2026-06-23T18:45:00Z,2026-06-23T20:45:00+0200,1809.45996,MW,FR,FR,forecast_onshore_wind_generation,Wind Onshore,2026-07-08T18:59:22Z
2026-07-08T18:58:29Z,2026-07-08T20:58:29+0200,e401fd36-f4a8-45e5-ad91-bdd87731a7ba,2026-06-23T19:00:00Z,2026-06-23T21:00:00+0200,1973.63,MW,FR,FR,forecast_onshore_wind_generation,Wind Onshore,2026-07-08T18:59:22Z
2026-07-08T18:58:29Z,2026-07-08T20:58:29+0200,e401fd36-f4a8-45e5-ad91-bdd87731a7ba,2026-06-23T19:15:00Z,2026-06-23T21:15:00+0200,2223.69995,MW,FR,FR,forecast_onshore_wind_generation,Wind Onshore,2026-07-08T18:59:22Z
2026-07-08T18:58:29Z,2026-07-08T20:58:29+0200,e401fd36-f4a8-45e5-ad91-bdd87731a7ba,2026-06-23T19:30:00Z,2026-06-23T21:30:00+0200,2473.78003,MW,FR,FR,forecast_onshore_wind_generation,Wind Onshore,2026-07-08T18:59:22Z
2026-07-08T18:58:29Z,2026-07-08T20:58:29+0200,e401fd36-f4a8-45e5-ad91-bdd87731a7ba,2026-06-23T19:45:00Z,2026-06-23T21:45:00+0200,2723.87988,MW,FR,FR,forecast_onshore_wind_generation,Wind Onshore,2026-07-08T18:59:22Z
2026-07-08T18:58:29Z,2026-07-08T20:58:29+0200,e401fd36-f4a8-45e5-ad91-bdd87731a7ba,2026-06-23T20:00:00Z,2026-06-23T22:00:00+0200,2973.96997,MW,FR,FR,forecast_onshore_wind_generation,Wind Onshore,2026-07-08T18:59:22Z
2026-07-08T18:58:29Z,2026-07-08T20:58:29+0200,e401fd36-f4a8-45e5-ad91-bdd87731a7ba,2026-06-23T20:15:00Z,2026-06-23T22:15:00+0200,3117.76001,MW,FR,FR,forecast_onshore_wind_generation,Wind Onshore,2026-07-08T18:59:22Z
2026-07-08T18:58:29Z,2026-07-08T20:58:29+0200,e401fd36-f4a8-45e5-ad91-bdd87731a7ba,2026-06-23T20:30:00Z,2026-06-23T22:30:00+0200,3261.53003,MW,FR,FR,forecast_onshore_wind_generation,Wind Onshore,2026-07-08T18:59:22Z
2026-07-08T18:58:29Z,2026-07-08T20:58:29+0200,e401fd36-f4a8-45e5-ad91-bdd87731a7ba,2026-06-23T20:45:00Z,2026-06-23T22:45:00+0200,3405.40991,MW,FR,FR,forecast_onshore_wind_generation,Wind Onshore,2026-07-08T18:59:22Z
2026-07-08T18:58:29Z,2026-07-08T20:58:29+0200,e401fd36-f4a8-45e5-ad91-bdd87731a7ba,2026-06-23T21:00:00Z,2026-06-23T23:00:00+0200,3549.34009,MW,FR,FR,forecast_onshore_wind_generation,Wind Onshore,2026-07-08T18:59:22Z
2026-07-08T18:58:29Z,2026-07-08T20:58:29+0200,e401fd36-f4a8-45e5-ad91-bdd87731a7ba,2026-06-23T21:15:00Z,2026-06-23T23:15:00+0200,3620.65015,MW,FR,FR,forecast_onshore_wind_generation,Wind Onshore,2026-07-08T18:59:22Z
2026-07-08T18:58:29Z,2026-07-08T20:58:29+0200,e401fd36-f4a8-45e5-ad91-bdd87731a7ba,2026-06-23T21:30:00Z,2026-06-23T23:30:00+0200,3691.98999,MW,FR,FR,forecast_onshore_wind_generation,Wind Onshore,2026-07-08T18:59:22Z
2026-07-08T18:58:29Z,2026-07-08T20:58:29+0200,e401fd36-f4a8-45e5-ad91-bdd87731a7ba,2026-06-23T21:45:00Z,2026-06-23T23:45:00+0200,3763.30005,MW,FR,FR,forecast_onshore_wind_generation,Wind Onshore,2026-07-08T18:59:22Z
2026-07-08T18:58:29Z,2026-07-08T20:58:29+0200,e401fd36-f4a8-45e5-ad91-bdd87731a7ba,2026-06-23T22:00:00Z,2026-06-24T00:00:00+0200,3641.8501,MW,FR,FR,forecast_onshore_wind_generation,Wind Onshore,2026-07-08T18:59:22Z
2026-07-08T18:58:29Z,2026-07-08T20:58:29+0200,e401fd36-f4a8-45e5-ad91-bdd87731a7ba,2026-06-23T22:15:00Z,2026-06-24T00:15:00+0200,3659.52002,MW,FR,FR,forecast_onshore_wind_generation,Wind Onshore,2026-07-08T18:59:22Z
2026-07-08T18:58:29Z,2026-07-08T20:58:29+0200,e401fd36-f4a8-45e5-ad91-bdd87731a7ba,2026-06-23T22:30:00Z,2026-06-24T00:30:00+0200,3677.34009,MW,FR,FR,forecast_onshore_wind_generation,Wind Onshore,2026-07-08T18:59:22Z
2026-07-08T18:58:29Z,2026-07-08T20:58:29+0200,e401fd36-f4a8-45e5-ad91-bdd87731a7ba,2026-06-23T22:45:00Z,2026-06-24T00:45:00+0200,3695.47998,MW,FR,FR,forecast_onshore_wind_generation,Wind Onshore,2026-07-08T18:59:22Z
2026-07-08T18:58:29Z,2026-07-08T20:58:29+0200,e401fd36-f4a8-45e5-ad91-bdd87731a7ba,2026-06-23T23:00:00Z,2026-06-24T01:00:00+0200,3713.71021,MW,FR,FR,forecast_onshore_wind_generation,Wind Onshore,2026-07-08T18:59:22Z
2026-07-08T18:58:29Z,2026-07-08T20:58:29+0200,e401fd36-f4a8-45e5-ad91-bdd87731a7ba,2026-06-23T23:15:00Z,2026-06-24T01:15:00+0200,3685.84009,MW,FR,FR,forecast_onshore_wind_generation,Wind Onshore,2026-07-08T18:59:22Z
2026-07-08T18:58:29Z,2026-07-08T20:58:29+0200,e401fd36-f4a8-45e5-ad91-bdd87731a7ba,2026-06-23T23:30:00Z,2026-06-24T01:30:00+0200,3658.11011,MW,FR,FR,forecast_onshore_wind_generation,Wind Onshore,2026-07-08T18:59:22Z
2026-07-08T18:58:29Z,2026-07-08T20:58:29+0200,e401fd36-f4a8-45e5-ad91-bdd87731a7ba,2026-06-23T23:45:00Z,2026-06-24T01:45:00+0200,3630.46997,MW,FR,FR,forecast_onshore_wind_generation,Wind Onshore,2026-07-08T18:59:22Z
2026-07-08T18:58:29Z,2026-07-08T20:58:29+0200,e401fd36-f4a8-45e5-ad91-bdd87731a7ba,2026-06-24T00:00:00Z,2026-06-24T02:00:00+0200,3603.05005,MW,FR,FR,forecast_onshore_wind_generation,Wind Onshore,2026-07-08T18:59:22Z
2026-07-08T18:58:29Z,2026-07-08T20:58:29+0200,e401fd36-f4a8-45e5-ad91-bdd87731a7ba,2026-06-24T00:15:00Z,2026-06-24T02:15:00+0200,3546.23999,MW,FR,FR,forecast_onshore_wind_generation,Wind Onshore,2026-07-08T18:59:22Z
2026-07-08T18:58:29Z,2026-07-08T20:58:29+0200,e401fd36-f4a8-45e5-ad91-bdd87731a7ba,2026-06-24T00:30:00Z,2026-06-24T02:30:00+0200,3489.52979,MW,FR,FR,forecast_onshore_wind_generation,Wind Onshore,2026-07-08T18:59:22Z
2026-07-08T18:58:29Z,2026-07-08T20:58:29+0200,e401fd36-f4a8-45e5-ad91-bdd87731a7ba,2026-06-24T00:45:00Z,2026-06-24T02:45:00+0200,3432.83984,MW,FR,FR,forecast_onshore_wind_generation,Wind Onshore,2026-07-08T18:59:22Z
2026-07-08T18:58:29Z,2026-07-08T20:58:29+0200,e401fd36-f4a8-45e5-ad91-bdd87731a7ba,2026-06-24T01:00:00Z,2026-06-24T03:00:00+0200,3376.30005,MW,FR,FR,forecast_onshore_wind_generation,Wind Onshore,2026-07-08T18:59:22Z
2026-07-08T18:58:29Z,2026-07-08T20:58:29+0200,e401fd36-f4a8-45e5-ad91-bdd87731a7ba,2026-06-24T01:15:00Z,2026-06-24T03:15:00+0200,3316.81006,MW,FR,FR,forecast_onshore_wind_generation,Wind Onshore,2026-07-08T18:59:22Z
2026-07-08T18:58:29Z,2026-07-08T20:58:29+0200,e401fd36-f4a8-45e5-ad91-bdd87731a7ba,2026-06-24T01:30:00Z,2026-06-24T03:30:00+0200,3257.37012,MW,FR,FR,forecast_onshore_wind_generation,Wind Onshore,2026-07-08T18:59:22Z
2026-07-08T18:58:29Z,2026-07-08T20:58:29+0200,e401fd36-f4a8-45e5-ad91-bdd87731a7ba,2026-06-24T01:45:00Z,2026-06-24T03:45:00+0200,3197.8999,MW,FR,FR,forecast_onshore_wind_generation,Wind Onshore,2026-07-08T18:59:22Z
2026-07-08T18:58:29Z,2026-07-08T20:58:29+0200,e401fd36-f4a8-45e5-ad91-bdd87731a7ba,2026-06-24T02:00:00Z,2026-06-24T04:00:00+0200,3138.49023,MW,FR,FR,forecast_onshore_wind_generation,Wind Onshore,2026-07-08T18:59:22Z
2026-07-08T18:58:29Z,2026-07-08T20:58:29+0200,e401fd36-f4a8-45e5-ad91-bdd87731a7ba,2026-06-24T02:15:00Z,2026-06-24T04:15:00+0200,3106.58008,MW,FR,FR,forecast_onshore_wind_generation,Wind Onshore,2026-07-08T18:59:22Z
2026-07-08T18:58:29Z,2026-07-08T20:58:29+0200,e401fd36-f4a8-45e5-ad91-bdd87731a7ba,2026-06-24T02:30:00Z,2026-06-24T04:30:00+0200,3074.71997,MW,FR,FR,forecast_onshore_wind_generation,Wind Onshore,2026-07-08T18:59:22Z
2026-07-08T18:58:29Z,2026-07-08T20:58:29+0200,e401fd36-f4a8-45e5-ad91-bdd87731a7ba,2026-06-24T02:45:00Z,2026-06-24T04:45:00+0200,3042.94019,MW,FR,FR,forecast_onshore_wind_generation,Wind Onshore,2026-07-08T18:59:22Z
2026-07-08T18:58:29Z,2026-07-08T20:58:29+0200,e401fd36-f4a8-45e5-ad91-bdd87731a7ba,2026-06-24T03:00:00Z,2026-06-24T05:00:00+0200,3011.27002,MW,FR,FR,forecast_onshore_wind_generation,Wind Onshore,2026-07-08T18:59:22Z
2026-07-08T18:58:29Z,2026-07-08T20:58:29+0200,e401fd36-f4a8-45e5-ad91-bdd87731a7ba,2026-06-24T03:15:00Z,2026-06-24T05:15:00+0200,2988.16992,MW,FR,FR,forecast_onshore_wind_generation,Wind Onshore,2026-07-08T18:59:22Z
2026-07-08T18:58:29Z,2026-07-08T20:58:29+0200,e401fd36-f4a8-45e5-ad91-bdd87731a7ba,2026-06-24T03:30:00Z,2026-06-24T05:30:00+0200,2965.08008,MW,FR,FR,forecast_onshore_wind_generation,Wind Onshore,2026-07-08T18:59:22Z
2026-07-08T18:58:29Z,2026-07-08T20:58:29+0200,e401fd36-f4a8-45e5-ad91-bdd87731a7ba,2026-06-24T03:45:00Z,2026-06-24T05:45:00+0200,2942.16016,MW,FR,FR,forecast_onshore_wind_generation,Wind Onshore,2026-07-08T18:59:22Z
2026-07-08T18:58:29Z,2026-07-08T20:58:29+0200,e401fd36-f4a8-45e5-ad91-bdd87731a7ba,2026-06-24T04:00:00Z,2026-06-24T06:00:00+0200,2919.31006,MW,FR,FR,forecast_onshore_wind_generation,Wind Onshore,2026-07-08T18:59:22Z
2026-07-08T18:58:29Z,2026-07-08T20:58:29+0200,e401fd36-f4a8-45e5-ad91-bdd87731a7ba,2026-06-24T04:15:00Z,2026-06-24T06:15:00+0200,2852.25,MW,FR,FR,forecast_onshore_wind_generation,Wind Onshore,2026-07-08T18:59:22Z
2026-07-08T18:58:29Z,2026-07-08T20:58:29+0200,e401fd36-f4a8-45e5-ad91-bdd87731a7ba,2026-06-24T04:30:00Z,2026-06-24T06:30:00+0200,2785.20996,MW,FR,FR,forecast_onshore_wind_generation,Wind Onshore,2026-07-08T18:59:22Z
2026-07-08T18:58:29Z,2026-07-08T20:58:29+0200,e401fd36-f4a8-45e5-ad91-bdd87731a7ba,2026-06-24T04:45:00Z,2026-06-24T06:45:00+0200,2718.31006,MW,FR,FR,forecast_onshore_wind_generation,Wind Onshore,2026-07-08T18:59:22Z
2026-07-08T18:58:29Z,2026-07-08T20:58:29+0200,e401fd36-f4a8-45e5-ad91-bdd87731a7ba,2026-06-24T05:00:00Z,2026-06-24T07:00:00+0200,2651.43994,MW,FR,FR,forecast_onshore_wind_generation,Wind Onshore,2026-07-08T18:59:22Z
2026-07-08T18:58:29Z,2026-07-08T20:58:29+0200,e401fd36-f4a8-45e5-ad91-bdd87731a7ba,2026-06-24T05:15:00Z,2026-06-24T07:15:00+0200,2561.06006,MW,FR,FR,forecast_onshore_wind_generation,Wind Onshore,2026-07-08T18:59:22Z
2026-07-08T18:58:29Z,2026-07-08T20:58:29+0200,e401fd36-f4a8-45e5-ad91-bdd87731a7ba,2026-06-24T05:30:00Z,2026-06-24T07:30:00+0200,2470.73999,MW,FR,FR,forecast_onshore_wind_generation,Wind Onshore,2026-07-08T18:59:22Z
2026-07-08T18:58:29Z,2026-07-08T20:58:29+0200,e401fd36-f4a8-45e5-ad91-bdd87731a7ba,2026-06-24T05:45:00Z,2026-06-24T07:45:00+0200,2380.6499,MW,FR,FR,forecast_onshore_wind_generation,Wind Onshore,2026-07-08T18:59:22Z
2026-07-08T18:58:29Z,2026-07-08T20:58:29+0200,e401fd36-f4a8-45e5-ad91-bdd87731a7ba,2026-06-24T06:00:00Z,2026-06-24T08:00:00+0200,2290.6499,MW,FR,FR,forecast_onshore_wind_generation,Wind Onshore,2026-07-08T18:59:22Z
2026-07-08T18:58:29Z,2026-07-08T20:58:29+0200,e401fd36-f4a8-45e5-ad91-bdd87731a7ba,2026-06-24T06:15:00Z,2026-06-24T08:15:00+0200,2121.75,MW,FR,FR,forecast_onshore_wind_generation,Wind Onshore,2026-07-08T18:59:22Z
2026-07-08T18:58:29Z,2026-07-08T20:58:29+0200,e401fd36-f4a8-45e5-ad91-bdd87731a7ba,2026-06-24T06:30:00Z,2026-06-24T08:30:00+0200,1952.8999,MW,FR,FR,forecast_onshore_wind_generation,Wind Onshore,2026-07-08T18:59:22Z
2026-07-08T18:58:29Z,2026-07-08T20:58:29+0200,e401fd36-f4a8-45e5-ad91-bdd87731a7ba,2026-06-24T06:45:00Z,2026-06-24T08:45:00+0200,1784.12012,MW,FR,FR,forecast_onshore_wind_generation,Wind Onshore,2026-07-08T18:59:22Z
2026-07-08T18:58:29Z,2026-07-08T20:58:29+0200,e401fd36-f4a8-45e5-ad91-bdd87731a7ba,2026-06-24T07:00:00Z,2026-06-24T09:00:00+0200,1616.17993,MW,FR,FR,forecast_onshore_wind_generation,Wind Onshore,2026-07-08T18:59:22Z
2026-07-08T18:58:29Z,2026-07-08T20:58:29+0200,e401fd36-f4a8-45e5-ad91-bdd87731a7ba,2026-06-24T07:15:00Z,2026-06-24T09:15:00+0200,1391.33997,MW,FR,FR,forecast_onshore_wind_generation,Wind Onshore,2026-07-08T18:59:22Z
2026-07-08T18:58:29Z,2026-07-08T20:58:29+0200,e401fd36-f4a8-45e5-ad91-bdd87731a7ba,2026-06-24T07:30:00Z,2026-06-24T09:30:00+0200,1166.79993,MW,FR,FR,forecast_onshore_wind_generation,Wind Onshore,2026-07-08T18:59:22Z
2026-07-08T18:58:29Z,2026-07-08T20:58:29+0200,e401fd36-f4a8-45e5-ad91-bdd87731a7ba,2026-06-24T07:45:00Z,2026-06-24T09:45:00+0200,942.43994,MW,FR,FR,forecast_onshore_wind_generation,Wind Onshore,2026-07-08T18:59:22Z
2026-07-08T18:58:29Z,2026-07-08T20:58:29+0200,e401fd36-f4a8-45e5-ad91-bdd87731a7ba,2026-06-24T08:00:00Z,2026-06-24T10:00:00+0200,718.53003,MW,FR,FR,forecast_onshore_wind_generation,Wind Onshore,2026-07-08T18:59:22Z
2026-07-08T18:58:29Z,2026-07-08T20:58:29+0200,e401fd36-f4a8-45e5-ad91-bdd87731a7ba,2026-06-24T08:15:00Z,2026-06-24T10:15:00+0200,705.46997,MW,FR,FR,forecast_onshore_wind_generation,Wind Onshore,2026-07-08T18:59:22Z
2026-07-08T18:58:29Z,2026-07-08T20:58:29+0200,e401fd36-f4a8-45e5-ad91-bdd87731a7ba,2026-06-24T08:30:00Z,2026-06-24T10:30:00+0200,692.48999,MW,FR,FR,forecast_onshore_wind_generation,Wind Onshore,2026-07-08T18:59:22Z
2026-07-08T18:58:29Z,2026-07-08T20:58:29+0200,e401fd36-f4a8-45e5-ad91-bdd87731a7ba,2026-06-24T08:45:00Z,2026-06-24T10:45:00+0200,679.58002,MW,FR,FR,forecast_onshore_wind_generation,Wind Onshore,2026-07-08T18:59:22Z
2026-07-08T18:58:29Z,2026-07-08T20:58:29+0200,e401fd36-f4a8-45e5-ad91-bdd87731a7ba,2026-06-24T09:00:00Z,2026-06-24T11:00:00+0200,666.71002,MW,FR,FR,forecast_onshore_wind_generation,Wind Onshore,2026-07-08T18:59:22Z
2026-07-08T18:58:29Z,2026-07-08T20:58:29+0200,e401fd36-f4a8-45e5-ad91-bdd87731a7ba,2026-06-24T09:15:00Z,2026-06-24T11:15:00+0200,678.29004,MW,FR,FR,forecast_onshore_wind_generation,Wind Onshore,2026-07-08T18:59:22Z
2026-07-08T18:58:29Z,2026-07-08T20:58:29+0200,e401fd36-f4a8-45e5-ad91-bdd87731a7ba,2026-06-24T09:30:00Z,2026-06-24T11:30:00+0200,690.31,MW,FR,FR,forecast_onshore_wind_generation,Wind Onshore,2026-07-08T18:59:22Z
2026-07-08T18:58:29Z,2026-07-08T20:58:29+0200,e401fd36-f4a8-45e5-ad91-bdd87731a7ba,2026-06-24T09:45:00Z,2026-06-24T11:45:00+0200,702.59998,MW,FR,FR,forecast_onshore_wind_generation,Wind Onshore,2026-07-08T18:59:22Z
2026-07-08T18:58:29Z,2026-07-08T20:58:29+0200,e401fd36-f4a8-45e5-ad91-bdd87731a7ba,2026-06-24T10:00:00Z,2026-06-24T12:00:00+0200,714.92999,MW,FR,FR,forecast_onshore_wind_generation,Wind Onshore,2026-07-08T18:59:22Z
2026-07-08T18:58:29Z,2026-07-08T20:58:29+0200,e401fd36-f4a8-45e5-ad91-bdd87731a7ba,2026-06-24T10:15:00Z,2026-06-24T12:15:00+0200,729.55005,MW,FR,FR,forecast_onshore_wind_generation,Wind Onshore,2026-07-08T18:59:22Z
2026-07-08T18:58:29Z,2026-07-08T20:58:29+0200,e401fd36-f4a8-45e5-ad91-bdd87731a7ba,2026-06-24T10:30:00Z,2026-06-24T12:30:00+0200,744.25,MW,FR,FR,forecast_onshore_wind_generation,Wind Onshore,2026-07-08T18:59:22Z
2026-07-08T18:58:29Z,2026-07-08T20:58:29+0200,e401fd36-f4a8-45e5-ad91-bdd87731a7ba,2026-06-24T10:45:00Z,2026-06-24T12:45:00+0200,758.92999,MW,FR,FR,forecast_onshore_wind_generation,Wind Onshore,2026-07-08T18:59:22Z
2026-07-08T18:58:29Z,2026-07-08T20:58:29+0200,e401fd36-f4a8-45e5-ad91-bdd87731a7ba,2026-06-24T11:00:00Z,2026-06-24T13:00:00+0200,773.63,MW,FR,FR,forecast_onshore_wind_generation,Wind Onshore,2026-07-08T18:59:22Z
2026-07-08T18:58:29Z,2026-07-08T20:58:29+0200,e401fd36-f4a8-45e5-ad91-bdd87731a7ba,2026-06-24T11:15:00Z,2026-06-24T13:15:00+0200,786.31995,MW,FR,FR,forecast_onshore_wind_generation,Wind Onshore,2026-07-08T18:59:22Z
2026-07-08T18:58:29Z,2026-07-08T20:58:29+0200,e401fd36-f4a8-45e5-ad91-bdd87731a7ba,2026-06-24T11:30:00Z,2026-06-24T13:30:00+0200,799.03003,MW,FR,FR,forecast_onshore_wind_generation,Wind Onshore,2026-07-08T18:59:22Z
2026-07-08T18:58:29Z,2026-07-08T20:58:29+0200,e401fd36-f4a8-45e5-ad91-bdd87731a7ba,2026-06-24T11:45:00Z,2026-06-24T13:45:00+0200,811.77002,MW,FR,FR,forecast_onshore_wind_generation,Wind Onshore,2026-07-08T18:59:22Z
2026-07-08T18:58:29Z,2026-07-08T20:58:29+0200,e401fd36-f4a8-45e5-ad91-bdd87731a7ba,2026-06-24T12:00:00Z,2026-06-24T14:00:00+0200,824.57001,MW,FR,FR,forecast_onshore_wind_generation,Wind Onshore,2026-07-08T18:59:22Z
2026-07-08T18:58:29Z,2026-07-08T20:58:29+0200,e401fd36-f4a8-45e5-ad91-bdd87731a7ba,2026-06-24T12:15:00Z,2026-06-24T14:15:00+0200,849.04004,MW,FR,FR,forecast_onshore_wind_generation,Wind Onshore,2026-07-08T18:59:22Z
2026-07-08T18:58:29Z,2026-07-08T20:58:29+0200,e401fd36-f4a8-45e5-ad91-bdd87731a7ba,2026-06-24T12:30:00Z,2026-06-24T14:30:00+0200,873.51001,MW,FR,FR,forecast_onshore_wind_generation,Wind Onshore,2026-07-08T18:59:22Z
2026-07-08T18:58:29Z,2026-07-08T20:58:29+0200,e401fd36-f4a8-45e5-ad91-bdd87731a7ba,2026-06-24T12:45:00Z,2026-06-24T14:45:00+0200,898.02002,MW,FR,FR,forecast_onshore_wind_generation,Wind Onshore,2026-07-08T18:59:22Z
2026-07-08T18:58:29Z,2026-07-08T20:58:29+0200,e401fd36-f4a8-45e5-ad91-bdd87731a7ba,2026-06-24T13:00:00Z,2026-06-24T15:00:00+0200,922.56,MW,FR,FR,forecast_onshore_wind_generation,Wind Onshore,2026-07-08T18:59:22Z
2026-07-08T18:58:29Z,2026-07-08T20:58:29+0200,e401fd36-f4a8-45e5-ad91-bdd87731a7ba,2026-06-24T13:15:00Z,2026-06-24T15:15:00+0200,943.82001,MW,FR,FR,forecast_onshore_wind_generation,Wind Onshore,2026-07-08T18:59:22Z
2026-07-08T18:58:29Z,2026-07-08T20:58:29+0200,e401fd36-f4a8-45e5-ad91-bdd87731a7ba,2026-06-24T13:30:00Z,2026-06-24T15:30:00+0200,965.17993,MW,FR,FR,forecast_onshore_wind_generation,Wind Onshore,2026-07-08T18:59:22Z
2026-07-08T18:58:29Z,2026-07-08T20:58:29+0200,e401fd36-f4a8-45e5-ad91-bdd87731a7ba,2026-06-24T13:45:00Z,2026-06-24T15:45:00+0200,986.75,MW,FR,FR,forecast_onshore_wind_generation,Wind Onshore,2026-07-08T18:59:22Z
2026-07-08T18:58:29Z,2026-07-08T20:58:29+0200,e401fd36-f4a8-45e5-ad91-bdd87731a7ba,2026-06-24T14:00:00Z,2026-06-24T16:00:00+0200,1008.45001,MW,FR,FR,forecast_onshore_wind_generation,Wind Onshore,2026-07-08T18:59:22Z
2026-07-08T18:58:29Z,2026-07-08T20:58:29+0200,e401fd36-f4a8-45e5-ad91-bdd87731a7ba,2026-06-24T14:15:00Z,2026-06-24T16:15:00+0200,1054.4801,MW,FR,FR,forecast_onshore_wind_generation,Wind Onshore,2026-07-08T18:59:22Z
2026-07-08T18:58:29Z,2026-07-08T20:58:29+0200,e401fd36-f4a8-45e5-ad91-bdd87731a7ba,2026-06-24T14:30:00Z,2026-06-24T16:30:00+0200,1100.84009,MW,FR,FR,forecast_onshore_wind_generation,Wind Onshore,2026-07-08T18:59:22Z
2026-07-08T18:58:29Z,2026-07-08T20:58:29+0200,e401fd36-f4a8-45e5-ad91-bdd87731a7ba,2026-06-24T14:45:00Z,2026-06-24T16:45:00+0200,1147.17004,MW,FR,FR,forecast_onshore_wind_generation,Wind Onshore,2026-07-08T18:59:22Z
2026-07-08T18:58:29Z,2026-07-08T20:58:29+0200,e401fd36-f4a8-45e5-ad91-bdd87731a7ba,2026-06-24T15:00:00Z,2026-06-24T17:00:00+0200,1193.59009,MW,FR,FR,forecast_onshore_wind_generation,Wind Onshore,2026-07-08T18:59:22Z
2026-07-08T18:58:29Z,2026-07-08T20:58:29+0200,e401fd36-f4a8-45e5-ad91-bdd87731a7ba,2026-06-24T15:15:00Z,2026-06-24T17:15:00+0200,1227.88989,MW,FR,FR,forecast_onshore_wind_generation,Wind Onshore,2026-07-08T18:59:22Z
2026-07-08T18:58:29Z,2026-07-08T20:58:29+0200,e401fd36-f4a8-45e5-ad91-bdd87731a7ba,2026-06-24T15:30:00Z,2026-06-24T17:30:00+0200,1262.22009,MW,FR,FR,forecast_onshore_wind_generation,Wind Onshore,2026-07-08T18:59:22Z
2026-07-08T18:58:29Z,2026-07-08T20:58:29+0200,e401fd36-f4a8-45e5-ad91-bdd87731a7ba,2026-06-24T15:45:00Z,2026-06-24T17:45:00+0200,1296.44006,MW,FR,FR,forecast_onshore_wind_generation,Wind Onshore,2026-07-08T18:59:22Z
2026-07-08T18:58:29Z,2026-07-08T20:58:29+0200,e401fd36-f4a8-45e5-ad91-bdd87731a7ba,2026-06-24T16:00:00Z,2026-06-24T18:00:00+0200,1330.7301,MW,FR,FR,forecast_onshore_wind_generation,Wind Onshore,2026-07-08T18:59:22Z
2026-07-08T18:58:29Z,2026-07-08T20:58:29+0200,e401fd36-f4a8-45e5-ad91-bdd87731a7ba,2026-06-24T16:15:00Z,2026-06-24T18:15:00+0200,1392.58997,MW,FR,FR,forecast_onshore_wind_generation,Wind Onshore,2026-07-08T18:59:22Z
2026-07-08T18:58:29Z,2026-07-08T20:58:29+0200,e401fd36-f4a8-45e5-ad91-bdd87731a7ba,2026-06-24T16:30:00Z,2026-06-24T18:30:00+0200,1454.64001,MW,FR,FR,forecast_onshore_wind_generation,Wind Onshore,2026-07-08T18:59:22Z
2026-07-08T18:58:29Z,2026-07-08T20:58:29+0200,e401fd36-f4a8-45e5-ad91-bdd87731a7ba,2026-06-24T16:45:00Z,2026-06-24T18:45:00+0200,1516.75,MW,FR,FR,forecast_onshore_wind_generation,Wind Onshore,2026-07-08T18:59:22Z
2026-07-08T18:58:29Z,2026-07-08T20:58:29+0200,e401fd36-f4a8-45e5-ad91-bdd87731a7ba,2026-06-24T17:00:00Z,2026-06-24T19:00:00+0200,1578.94006,MW,FR,FR,forecast_onshore_wind_generation,Wind Onshore,2026-07-08T18:59:22Z
2026-07-08T18:58:29Z,2026-07-08T20:58:29+0200,e401fd36-f4a8-45e5-ad91-bdd87731a7ba,2026-06-24T17:15:00Z,2026-06-24T19:15:00+0200,1659.39001,MW,FR,FR,forecast_onshore_wind_generation,Wind Onshore,2026-07-08T18:59:22Z
2026-07-08T18:58:29Z,2026-07-08T20:58:29+0200,e401fd36-f4a8-45e5-ad91-bdd87731a7ba,2026-06-24T17:30:00Z,2026-06-24T19:30:00+0200,1739.97998,MW,FR,FR,forecast_onshore_wind_generation,Wind Onshore,2026-07-08T18:59:22Z
2026-07-08T18:58:29Z,2026-07-08T20:58:29+0200,e401fd36-f4a8-45e5-ad91-bdd87731a7ba,2026-06-24T17:45:00Z,2026-06-24T19:45:00+0200,1820.45007,MW,FR,FR,forecast_onshore_wind_generation,Wind Onshore,2026-07-08T18:59:22Z
2026-07-08T18:58:29Z,2026-07-08T20:58:29+0200,e401fd36-f4a8-45e5-ad91-bdd87731a7ba,2026-06-24T18:00:00Z,2026-06-24T20:00:00+0200,1900.95996,MW,FR,FR,forecast_onshore_wind_generation,Wind Onshore,2026-07-08T18:59:22Z
2026-07-08T18:58:29Z,2026-07-08T20:58:29+0200,e401fd36-f4a8-45e5-ad91-bdd87731a7ba,2026-06-24T18:15:00Z,2026-06-24T20:15:00+0200,2023.2699,MW,FR,FR,forecast_onshore_wind_generation,Wind Onshore,2026-07-08T18:59:22Z
2026-07-08T18:58:29Z,2026-07-08T20:58:29+0200,e401fd36-f4a8-45e5-ad91-bdd87731a7ba,2026-06-24T18:30:00Z,2026-06-24T20:30:00+0200,2145.81006,MW,FR,FR,forecast_onshore_wind_generation,Wind Onshore,2026-07-08T18:59:22Z
2026-07-08T18:58:29Z,2026-07-08T20:58:29+0200,e401fd36-f4a8-45e5-ad91-bdd87731a7ba,2026-06-24T18:45:00Z,2026-06-24T20:45:00+0200,2268.41992,MW,FR,FR,forecast_onshore_wind_generation,Wind Onshore,2026-07-08T18:59:22Z
2026-07-08T18:58:29Z,2026-07-08T20:58:29+0200,e401fd36-f4a8-45e5-ad91-bdd87731a7ba,2026-06-24T19:00:00Z,2026-06-24T21:00:00+0200,2391.04004,MW,FR,FR,forecast_onshore_wind_generation,Wind Onshore,2026-07-08T18:59:22Z
2026-07-08T18:58:29Z,2026-07-08T20:58:29+0200,e401fd36-f4a8-45e5-ad91-bdd87731a7ba,2026-06-24T19:15:00Z,2026-06-24T21:15:00+0200,2582.17017,MW,FR,FR,forecast_onshore_wind_generation,Wind Onshore,2026-07-08T18:59:22Z
2026-07-08T18:58:29Z,2026-07-08T20:58:29+0200,e401fd36-f4a8-45e5-ad91-bdd87731a7ba,2026-06-24T19:30:00Z,2026-06-24T21:30:00+0200,2773.36987,MW,FR,FR,forecast_onshore_wind_generation,Wind Onshore,2026-07-08T18:59:22Z
2026-07-08T18:58:29Z,2026-07-08T20:58:29+0200,e401fd36-f4a8-45e5-ad91-bdd87731a7ba,2026-06-24T19:45:00Z,2026-06-24T21:45:00+0200,2964.62988,MW,FR,FR,forecast_onshore_wind_generation,Wind Onshore,2026-07-08T18:59:22Z
2026-07-08T18:58:29Z,2026-07-08T20:58:29+0200,e401fd36-f4a8-45e5-ad91-bdd87731a7ba,2026-06-24T20:00:00Z,2026-06-24T22:00:00+0200,3155.93994,MW,FR,FR,forecast_onshore_wind_generation,Wind Onshore,2026-07-08T18:59:22Z
2026-07-08T18:58:29Z,2026-07-08T20:58:29+0200,e401fd36-f4a8-45e5-ad91-bdd87731a7ba,2026-06-24T20:15:00Z,2026-06-24T22:15:00+0200,3276.68994,MW,FR,FR,forecast_onshore_wind_generation,Wind Onshore,2026-07-08T18:59:22Z
2026-07-08T18:58:29Z,2026-07-08T20:58:29+0200,e401fd36-f4a8-45e5-ad91-bdd87731a7ba,2026-06-24T20:30:00Z,2026-06-24T22:30:00+0200,3397.47998,MW,FR,FR,forecast_onshore_wind_generation,Wind Onshore,2026-07-08T18:59:22Z
2026-07-08T18:58:29Z,2026-07-08T20:58:29+0200,e401fd36-f4a8-45e5-ad91-bdd87731a7ba,2026-06-24T20:45:00Z,2026-06-24T22:45:00+0200,3518.30981,MW,FR,FR,forecast_onshore_wind_generation,Wind Onshore,2026-07-08T18:59:22Z
2026-07-08T18:58:29Z,2026-07-08T20:58:29+0200,e401fd36-f4a8-45e5-ad91-bdd87731a7ba,2026-06-24T21:00:00Z,2026-06-24T23:00:00+0200,3639.17017,MW,FR,FR,forecast_onshore_wind_generation,Wind Onshore,2026-07-08T18:59:22Z
2026-07-08T18:58:29Z,2026-07-08T20:58:29+0200,e401fd36-f4a8-45e5-ad91-bdd87731a7ba,2026-06-24T21:15:00Z,2026-06-24T23:15:00+0200,3666.8501,MW,FR,FR,forecast_onshore_wind_generation,Wind Onshore,2026-07-08T18:59:22Z
2026-07-08T18:58:29Z,2026-07-08T20:58:29+0200,e401fd36-f4a8-45e5-ad91-bdd87731a7ba,2026-06-24T21:30:00Z,2026-06-24T23:30:00+0200,3694.54004,MW,FR,FR,forecast_onshore_wind_generation,Wind Onshore,2026-07-08T18:59:22Z
2026-07-08T18:58:29Z,2026-07-08T20:58:29+0200,e401fd36-f4a8-45e5-ad91-bdd87731a7ba,2026-06-24T21:45:00Z,2026-06-24T23:45:00+0200,3722.22998,MW,FR,FR,forecast_onshore_wind_generation,Wind Onshore,2026-07-08T18:59:22Z
2026-07-08T18:58:29Z,2026-07-08T20:58:29+0200,e401fd36-f4a8-45e5-ad91-bdd87731a7ba,2026-06-24T22:00:00Z,2026-06-25T00:00:00+0200,3711.22974,MW,FR,FR,forecast_onshore_wind_generation,Wind Onshore,2026-07-08T18:59:22Z
2026-07-08T18:58:29Z,2026-07-08T20:58:29+0200,e401fd36-f4a8-45e5-ad91-bdd87731a7ba,2026-06-24T22:15:00Z,2026-06-25T00:15:00+0200,3750.26025,MW,FR,FR,forecast_onshore_wind_generation,Wind Onshore,2026-07-08T18:59:22Z
2026-07-08T18:58:29Z,2026-07-08T20:58:29+0200,e401fd36-f4a8-45e5-ad91-bdd87731a7ba,2026-06-24T22:30:00Z,2026-06-25T00:30:00+0200,3789.34033,MW,FR,FR,forecast_onshore_wind_generation,Wind Onshore,2026-07-08T18:59:22Z
2026-07-08T18:58:29Z,2026-07-08T20:58:29+0200,e401fd36-f4a8-45e5-ad91-bdd87731a7ba,2026-06-24T22:45:00Z,2026-06-25T00:45:00+0200,3828.42017,MW,FR,FR,forecast_onshore_wind_generation,Wind Onshore,2026-07-08T18:59:22Z
2026-07-08T18:58:29Z,2026-07-08T20:58:29+0200,e401fd36-f4a8-45e5-ad91-bdd87731a7ba,2026-06-24T23:00:00Z,2026-06-25T01:00:00+0200,3867.54004,MW,FR,FR,forecast_onshore_wind_generation,Wind Onshore,2026-07-08T18:59:22Z
2026-07-08T18:58:29Z,2026-07-08T20:58:29+0200,e401fd36-f4a8-45e5-ad91-bdd87731a7ba,2026-06-24T23:15:00Z,2026-06-25T01:15:00+0200,3870.42993,MW,FR,FR,forecast_onshore_wind_generation,Wind Onshore,2026-07-08T18:59:22Z
2026-07-08T18:58:29Z,2026-07-08T20:58:29+0200,e401fd36-f4a8-45e5-ad91-bdd87731a7ba,2026-06-24T23:30:00Z,2026-06-25T01:30:00+0200,3873.34985,MW,FR,FR,forecast_onshore_wind_generation,Wind Onshore,2026-07-08T18:59:22Z
2026-07-08T18:58:29Z,2026-07-08T20:58:29+0200,e401fd36-f4a8-45e5-ad91-bdd87731a7ba,2026-06-24T23:45:00Z,2026-06-25T01:45:00+0200,3876.29004,MW,FR,FR,forecast_onshore_wind_generation,Wind Onshore,2026-07-08T18:59:22Z
2026-07-08T18:58:29Z,2026-07-08T20:58:29+0200,e401fd36-f4a8-45e5-ad91-bdd87731a7ba,2026-06-25T00:00:00Z,2026-06-25T02:00:00+0200,3879.26001,MW,FR,FR,forecast_onshore_wind_generation,Wind Onshore,2026-07-08T18:59:22Z
2026-07-08T18:58:29Z,2026-07-08T20:58:29+0200,e401fd36-f4a8-45e5-ad91-bdd87731a7ba,2026-06-25T00:15:00Z,2026-06-25T02:15:00+0200,3855.25977,MW,FR,FR,forecast_onshore_wind_generation,Wind Onshore,2026-07-08T18:59:22Z
2026-07-08T18:58:29Z,2026-07-08T20:58:29+0200,e401fd36-f4a8-45e5-ad91-bdd87731a7ba,2026-06-25T00:30:00Z,2026-06-25T02:30:00+0200,3831.25,MW,FR,FR,forecast_onshore_wind_generation,Wind Onshore,2026-07-08T18:59:22Z
2026-07-08T18:58:29Z,2026-07-08T20:58:29+0200,e401fd36-f4a8-45e5-ad91-bdd87731a7ba,2026-06-25T00:45:00Z,2026-06-25T02:45:00+0200,3807.36987,MW,FR,FR,forecast_onshore_wind_generation,Wind Onshore,2026-07-08T18:59:22Z
2026-07-08T18:58:29Z,2026-07-08T20:58:29+0200,e401fd36-f4a8-45e5-ad91-bdd87731a7ba,2026-06-25T01:00:00Z,2026-06-25T03:00:00+0200,3783.5,MW,FR,FR,forecast_onshore_wind_generation,Wind Onshore,2026-07-08T18:59:22Z
2026-07-08T18:58:29Z,2026-07-08T20:58:29+0200,e401fd36-f4a8-45e5-ad91-bdd87731a7ba,2026-06-25T01:15:00Z,2026-06-25T03:15:00+0200,3735.69971,MW,FR,FR,forecast_onshore_wind_generation,Wind Onshore,2026-07-08T18:59:22Z
2026-07-08T18:58:29Z,2026-07-08T20:58:29+0200,e401fd36-f4a8-45e5-ad91-bdd87731a7ba,2026-06-25T01:30:00Z,2026-06-25T03:30:00+0200,3687.95996,MW,FR,FR,forecast_onshore_wind_generation,Wind Onshore,2026-07-08T18:59:22Z
2026-07-08T18:58:29Z,2026-07-08T20:58:29+0200,e401fd36-f4a8-45e5-ad91-bdd87731a7ba,2026-06-25T01:45:00Z,2026-06-25T03:45:00+0200,3640.38989,MW,FR,FR,forecast_onshore_wind_generation,Wind Onshore,2026-07-08T18:59:22Z
2026-07-08T18:58:29Z,2026-07-08T20:58:29+0200,e401fd36-f4a8-45e5-ad91-bdd87731a7ba,2026-06-25T02:00:00Z,2026-06-25T04:00:00+0200,3592.81006,MW,FR,FR,forecast_onshore_wind_generation,Wind Onshore,2026-07-08T18:59:22Z
2026-07-08T18:58:29Z,2026-07-08T20:58:29+0200,e401fd36-f4a8-45e5-ad91-bdd87731a7ba,2026-06-25T02:15:00Z,2026-06-25T04:15:00+0200,3539.42017,MW,FR,FR,forecast_onshore_wind_generation,Wind Onshore,2026-07-08T18:59:22Z
2026-07-08T18:58:29Z,2026-07-08T20:58:29+0200,e401fd36-f4a8-45e5-ad91-bdd87731a7ba,2026-06-25T02:30:00Z,2026-06-25T04:30:00+0200,3486.05005,MW,FR,FR,forecast_onshore_wind_generation,Wind Onshore,2026-07-08T18:59:22Z
2026-07-08T18:58:29Z,2026-07-08T20:58:29+0200,e401fd36-f4a8-45e5-ad91-bdd87731a7ba,2026-06-25T02:45:00Z,2026-06-25T04:45:00+0200,3432.58984,MW,FR,FR,forecast_onshore_wind_generation,Wind Onshore,2026-07-08T18:59:22Z
2026-07-08T18:58:29Z,2026-07-08T20:58:29+0200,e401fd36-f4a8-45e5-ad91-bdd87731a7ba,2026-06-25T03:00:00Z,2026-06-25T05:00:00+0200,3379.12988,MW,FR,FR,forecast_onshore_wind_generation,Wind Onshore,2026-07-08T18:59:22Z
2026-07-08T18:58:29Z,2026-07-08T20:58:29+0200,e401fd36-f4a8-45e5-ad91-bdd87731a7ba,2026-06-25T03:15:00Z,2026-06-25T05:15:00+0200,3357.55029,MW,FR,FR,forecast_onshore_wind_generation,Wind Onshore,2026-07-08T18:59:22Z
2026-07-08T18:58:29Z,2026-07-08T20:58:29+0200,e401fd36-f4a8-45e5-ad91-bdd87731a7ba,2026-06-25T03:30:00Z,2026-06-25T05:30:00+0200,3336.10986,MW,FR,FR,forecast_onshore_wind_generation,Wind Onshore,2026-07-08T18:59:22Z
2026-07-08T18:58:29Z,2026-07-08T20:58:29+0200,e401fd36-f4a8-45e5-ad91-bdd87731a7ba,2026-06-25T03:45:00Z,2026-06-25T05:45:00+0200,3314.7002,MW,FR,FR,forecast_onshore_wind_generation,Wind Onshore,2026-07-08T18:59:22Z
2026-07-08T18:58:29Z,2026-07-08T20:58:29+0200,e401fd36-f4a8-45e5-ad91-bdd87731a7ba,2026-06-25T04:00:00Z,2026-06-25T06:00:00+0200,3293.33032,MW,FR,FR,forecast_onshore_wind_generation,Wind Onshore,2026-07-08T18:59:22Z
2026-07-08T18:58:29Z,2026-07-08T20:58:29+0200,e401fd36-f4a8-45e5-ad91-bdd87731a7ba,2026-06-25T04:15:00Z,2026-06-25T06:15:00+0200,3278.36011,MW,FR,FR,forecast_onshore_wind_generation,Wind Onshore,2026-07-08T18:59:22Z
2026-07-08T18:58:29Z,2026-07-08T20:58:29+0200,e401fd36-f4a8-45e5-ad91-bdd87731a7ba,2026-06-25T04:30:00Z,2026-06-25T06:30:00+0200,3263.39014,MW,FR,FR,forecast_onshore_wind_generation,Wind Onshore,2026-07-08T18:59:22Z
2026-07-08T18:58:29Z,2026-07-08T20:58:29+0200,e401fd36-f4a8-45e5-ad91-bdd87731a7ba,2026-06-25T04:45:00Z,2026-06-25T06:45:00+0200,3248.37988,MW,FR,FR,forecast_onshore_wind_generation,Wind Onshore,2026-07-08T18:59:22Z
2026-07-08T18:58:29Z,2026-07-08T20:58:29+0200,e401fd36-f4a8-45e5-ad91-bdd87731a7ba,2026-06-25T05:00:00Z,2026-06-25T07:00:00+0200,3233.39014,MW,FR,FR,forecast_onshore_wind_generation,Wind Onshore,2026-07-08T18:59:22Z
2026-07-08T18:58:29Z,2026-07-08T20:58:29+0200,e401fd36-f4a8-45e5-ad91-bdd87731a7ba,2026-06-25T05:15:00Z,2026-06-25T07:15:00+0200,3229.52002,MW,FR,FR,forecast_onshore_wind_generation,Wind Onshore,2026-07-08T18:59:22Z
2026-07-08T18:58:29Z,2026-07-08T20:58:29+0200,e401fd36-f4a8-45e5-ad91-bdd87731a7ba,2026-06-25T05:30:00Z,2026-06-25T07:30:00+0200,3225.67993,MW,FR,FR,forecast_onshore_wind_generation,Wind Onshore,2026-07-08T18:59:22Z
2026-07-08T18:58:29Z,2026-07-08T20:58:29+0200,e401fd36-f4a8-45e5-ad91-bdd87731a7ba,2026-06-25T05:45:00Z,2026-06-25T07:45:00+0200,3221.85986,MW,FR,FR,forecast_onshore_wind_generation,Wind Onshore,2026-07-08T18:59:22Z
2026-07-08T18:58:29Z,2026-07-08T20:58:29+0200,e401fd36-f4a8-45e5-ad91-bdd87731a7ba,2026-06-25T06:00:00Z,2026-06-25T08:00:00+0200,3218.12988,MW,FR,FR,forecast_onshore_wind_generation,Wind Onshore,2026-07-08T18:59:22Z
2026-07-08T18:58:29Z,2026-07-08T20:58:29+0200,e401fd36-f4a8-45e5-ad91-bdd87731a7ba,2026-06-25T06:15:00Z,2026-06-25T08:15:00+0200,3030.17993,MW,FR,FR,forecast_onshore_wind_generation,Wind Onshore,2026-07-08T18:59:22Z
2026-07-08T18:58:29Z,2026-07-08T20:58:29+0200,e401fd36-f4a8-45e5-ad91-bdd87731a7ba,2026-06-25T06:30:00Z,2026-06-25T08:30:00+0200,2842.52002,MW,FR,FR,forecast_onshore_wind_generation,Wind Onshore,2026-07-08T18:59:22Z
2026-07-08T18:58:29Z,2026-07-08T20:58:29+0200,e401fd36-f4a8-45e5-ad91-bdd87731a7ba,2026-06-25T06:45:00Z,2026-06-25T08:45:00+0200,2655.11011,MW,FR,FR,forecast_onshore_wind_generation,Wind Onshore,2026-07-08T18:59:22Z
2026-07-08T18:58:29Z,2026-07-08T20:58:29+0200,e401fd36-f4a8-45e5-ad91-bdd87731a7ba,2026-06-25T07:00:00Z,2026-06-25T09:00:00+0200,2468.06006,MW,FR,FR,forecast_onshore_wind_generation,Wind Onshore,2026-07-08T18:59:22Z
2026-07-08T18:58:29Z,2026-07-08T20:58:29+0200,e401fd36-f4a8-45e5-ad91-bdd87731a7ba,2026-06-25T07:15:00Z,2026-06-25T09:15:00+0200,2228.13013,MW,FR,FR,forecast_onshore_wind_generation,Wind Onshore,2026-07-08T18:59:22Z
2026-07-08T18:58:29Z,2026-07-08T20:58:29+0200,e401fd36-f4a8-45e5-ad91-bdd87731a7ba,2026-06-25T07:30:00Z,2026-06-25T09:30:00+0200,1988.28003,MW,FR,FR,forecast_onshore_wind_generation,Wind Onshore,2026-07-08T18:59:22Z
2026-07-08T18:58:29Z,2026-07-08T20:58:29+0200,e401fd36-f4a8-45e5-ad91-bdd87731a7ba,2026-06-25T07:45:00Z,2026-06-25T09:45:00+0200,1748.42993,MW,FR,FR,forecast_onshore_wind_generation,Wind Onshore,2026-07-08T18:59:22Z
2026-07-08T18:58:29Z,2026-07-08T20:58:29+0200,e401fd36-f4a8-45e5-ad91-bdd87731a7ba,2026-06-25T08:00:00Z,2026-06-25T10:00:00+0200,1508.56995,MW,FR,FR,forecast_onshore_wind_generation,Wind Onshore,2026-07-08T18:59:22Z
2026-07-08T18:58:29Z,2026-07-08T20:58:29+0200,e401fd36-f4a8-45e5-ad91-bdd87731a7ba,2026-06-25T08:15:00Z,2026-06-25T10:15:00+0200,1540.97998,MW,FR,FR,forecast_onshore_wind_generation,Wind Onshore,2026-07-08T18:59:22Z
2026-07-08T18:58:29Z,2026-07-08T20:58:29+0200,e401fd36-f4a8-45e5-ad91-bdd87731a7ba,2026-06-25T08:30:00Z,2026-06-25T10:30:00+0200,1573.41992,MW,FR,FR,forecast_onshore_wind_generation,Wind Onshore,2026-07-08T18:59:22Z
2026-07-08T18:58:29Z,2026-07-08T20:58:29+0200,e401fd36-f4a8-45e5-ad91-bdd87731a7ba,2026-06-25T08:45:00Z,2026-06-25T10:45:00+0200,1605.90002,MW,FR,FR,forecast_onshore_wind_generation,Wind Onshore,2026-07-08T18:59:22Z
2026-07-08T18:58:29Z,2026-07-08T20:58:29+0200,e401fd36-f4a8-45e5-ad91-bdd87731a7ba,2026-06-25T09:00:00Z,2026-06-25T11:00:00+0200,1638.35986,MW,FR,FR,forecast_onshore_wind_generation,Wind Onshore,2026-07-08T18:59:22Z
2026-07-08T18:58:29Z,2026-07-08T20:58:29+0200,e401fd36-f4a8-45e5-ad91-bdd87731a7ba,2026-06-25T09:15:00Z,2026-06-25T11:15:00+0200,1751.12012,MW,FR,FR,forecast_onshore_wind_generation,Wind Onshore,2026-07-08T18:59:22Z
2026-07-08T18:58:29Z,2026-07-08T20:58:29+0200,e401fd36-f4a8-45e5-ad91-bdd87731a7ba,2026-06-25T09:30:00Z,2026-06-25T11:30:00+0200,1864.03003,MW,FR,FR,forecast_onshore_wind_generation,Wind Onshore,2026-07-08T18:59:22Z
2026-07-08T18:58:29Z,2026-07-08T20:58:29+0200,e401fd36-f4a8-45e5-ad91-bdd87731a7ba,2026-06-25T09:45:00Z,2026-06-25T11:45:00+0200,1976.94006,MW,FR,FR,forecast_onshore_wind_generation,Wind Onshore,2026-07-08T18:59:22Z
2026-07-08T18:58:29Z,2026-07-08T20:58:29+0200,e401fd36-f4a8-45e5-ad91-bdd87731a7ba,2026-06-25T10:00:00Z,2026-06-25T12:00:00+0200,2089.84009,MW,FR,FR,forecast_onshore_wind_generation,Wind Onshore,2026-07-08T18:59:22Z
2026-07-08T18:58:29Z,2026-07-08T20:58:29+0200,e401fd36-f4a8-45e5-ad91-bdd87731a7ba,2026-06-25T10:15:00Z,2026-06-25T12:15:00+0200,2240.9502,MW,FR,FR,forecast_onshore_wind_generation,Wind Onshore,2026-07-08T18:59:22Z
2026-07-08T18:58:29Z,2026-07-08T20:58:29+0200,e401fd36-f4a8-45e5-ad91-bdd87731a7ba,2026-06-25T10:30:00Z,2026-06-25T12:30:00+0200,2392.08984,MW,FR,FR,forecast_onshore_wind_generation,Wind Onshore,2026-07-08T18:59:22Z
2026-07-08T18:58:29Z,2026-07-08T20:58:29+0200,e401fd36-f4a8-45e5-ad91-bdd87731a7ba,2026-06-25T10:45:00Z,2026-06-25T12:45:00+0200,2543.21997,MW,FR,FR,forecast_onshore_wind_generation,Wind Onshore,2026-07-08T18:59:22Z
2026-07-08T18:58:29Z,2026-07-08T20:58:29+0200,e401fd36-f4a8-45e5-ad91-bdd87731a7ba,2026-06-25T11:00:00Z,2026-06-25T13:00:00+0200,2694.35986,MW,FR,FR,forecast_onshore_wind_generation,Wind Onshore,2026-07-08T18:59:22Z
2026-07-08T18:58:29Z,2026-07-08T20:58:29+0200,e401fd36-f4a8-45e5-ad91-bdd87731a7ba,2026-06-25T11:15:00Z,2026-06-25T13:15:00+0200,2785.20996,MW,FR,FR,forecast_onshore_wind_generation,Wind Onshore,2026-07-08T18:59:22Z
2026-07-08T18:58:29Z,2026-07-08T20:58:29+0200,e401fd36-f4a8-45e5-ad91-bdd87731a7ba,2026-06-25T11:30:00Z,2026-06-25T13:30:00+0200,2876.06006,MW,FR,FR,forecast_onshore_wind_generation,Wind Onshore,2026-07-08T18:59:22Z
2026-07-08T18:58:29Z,2026-07-08T20:58:29+0200,e401fd36-f4a8-45e5-ad91-bdd87731a7ba,2026-06-25T11:45:00Z,2026-06-25T13:45:00+0200,2966.89014,MW,FR,FR,forecast_onshore_wind_generation,Wind Onshore,2026-07-08T18:59:22Z
2026-07-08T18:58:29Z,2026-07-08T20:58:29+0200,e401fd36-f4a8-45e5-ad91-bdd87731a7ba,2026-06-25T12:00:00Z,2026-06-25T14:00:00+0200,3057.73999,MW,FR,FR,forecast_onshore_wind_generation,Wind Onshore,2026-07-08T18:59:22Z
2026-07-08T18:58:29Z,2026-07-08T20:58:29+0200,e401fd36-f4a8-45e5-ad91-bdd87731a7ba,2026-06-25T12:15:00Z,2026-06-25T14:15:00+0200,3128.37012,MW,FR,FR,forecast_onshore_wind_generation,Wind Onshore,2026-07-08T18:59:22Z
2026-07-08T18:58:29Z,2026-07-08T20:58:29+0200,e401fd36-f4a8-45e5-ad91-bdd87731a7ba,2026-06-25T12:30:00Z,2026-06-25T14:30:00+0200,3199.02002,MW,FR,FR,forecast_onshore_wind_generation,Wind Onshore,2026-07-08T18:59:22Z
2026-07-08T18:58:29Z,2026-07-08T20:58:29+0200,e401fd36-f4a8-45e5-ad91-bdd87731a7ba,2026-06-25T12:45:00Z,2026-06-25T14:45:00+0200,3269.63037,MW,FR,FR,forecast_onshore_wind_generation,Wind Onshore,2026-07-08T18:59:22Z
2026-07-08T18:58:29Z,2026-07-08T20:58:29+0200,e401fd36-f4a8-45e5-ad91-bdd87731a7ba,2026-06-25T13:00:00Z,2026-06-25T15:00:00+0200,3340.26025,MW,FR,FR,forecast_onshore_wind_generation,Wind Onshore,2026-07-08T18:59:22Z
2026-07-08T18:58:29Z,2026-07-08T20:58:29+0200,e401fd36-f4a8-45e5-ad91-bdd87731a7ba,2026-06-25T13:15:00Z,2026-06-25T15:15:00+0200,3334.35986,MW,FR,FR,forecast_onshore_wind_generation,Wind Onshore,2026-07-08T18:59:22Z
2026-07-08T18:58:29Z,2026-07-08T20:58:29+0200,e401fd36-f4a8-45e5-ad91-bdd87731a7ba,2026-06-25T13:30:00Z,2026-06-25T15:30:00+0200,3328.48022,MW,FR,FR,forecast_onshore_wind_generation,Wind Onshore,2026-07-08T18:59:22Z
2026-07-08T18:58:29Z,2026-07-08T20:58:29+0200,e401fd36-f4a8-45e5-ad91-bdd87731a7ba,2026-06-25T13:45:00Z,2026-06-25T15:45:00+0200,3322.65967,MW,FR,FR,forecast_onshore_wind_generation,Wind Onshore,2026-07-08T18:59:22Z
2026-07-08T18:58:29Z,2026-07-08T20:58:29+0200,e401fd36-f4a8-45e5-ad91-bdd87731a7ba,2026-06-25T14:00:00Z,2026-06-25T16:00:00+0200,3316.83984,MW,FR,FR,forecast_onshore_wind_generation,Wind Onshore,2026-07-08T18:59:22Z
2026-07-08T18:58:29Z,2026-07-08T20:58:29+0200,e401fd36-f4a8-45e5-ad91-bdd87731a7ba,2026-06-25T14:15:00Z,2026-06-25T16:15:00+0200,3351.59985,MW,FR,FR,forecast_onshore_wind_generation,Wind Onshore,2026-07-08T18:59:22Z
2026-07-08T18:58:29Z,2026-07-08T20:58:29+0200,e401fd36-f4a8-45e5-ad91-bdd87731a7ba,2026-06-25T14:30:00Z,2026-06-25T16:30:00+0200,3386.3999,MW,FR,FR,forecast_onshore_wind_generation,Wind Onshore,2026-07-08T18:59:22Z
2026-07-08T18:58:29Z,2026-07-08T20:58:29+0200,e401fd36-f4a8-45e5-ad91-bdd87731a7ba,2026-06-25T14:45:00Z,2026-06-25T16:45:00+0200,3421.16992,MW,FR,FR,forecast_onshore_wind_generation,Wind Onshore,2026-07-08T18:59:22Z
2026-07-08T18:58:29Z,2026-07-08T20:58:29+0200,e401fd36-f4a8-45e5-ad91-bdd87731a7ba,2026-06-25T15:00:00Z,2026-06-25T17:00:00+0200,3456.00977,MW,FR,FR,forecast_onshore_wind_generation,Wind Onshore,2026-07-08T18:59:22Z
2026-07-08T18:58:29Z,2026-07-08T20:58:29+0200,e401fd36-f4a8-45e5-ad91-bdd87731a7ba,2026-06-25T15:15:00Z,2026-06-25T17:15:00+0200,3450.64014,MW,FR,FR,forecast_onshore_wind_generation,Wind Onshore,2026-07-08T18:59:22Z
2026-07-08T18:58:29Z,2026-07-08T20:58:29+0200,e401fd36-f4a8-45e5-ad91-bdd87731a7ba,2026-06-25T15:30:00Z,2026-06-25T17:30:00+0200,3445.28027,MW,FR,FR,forecast_onshore_wind_generation,Wind Onshore,2026-07-08T18:59:22Z
2026-07-08T18:58:29Z,2026-07-08T20:58:29+0200,e401fd36-f4a8-45e5-ad91-bdd87731a7ba,2026-06-25T15:45:00Z,2026-06-25T17:45:00+0200,3439.87988,MW,FR,FR,forecast_onshore_wind_generation,Wind Onshore,2026-07-08T18:59:22Z
2026-07-08T18:58:29Z,2026-07-08T20:58:29+0200,e401fd36-f4a8-45e5-ad91-bdd87731a7ba,2026-06-25T16:00:00Z,2026-06-25T18:00:00+0200,3434.76001,MW,FR,FR,forecast_onshore_wind_generation,Wind Onshore,2026-07-08T18:59:22Z
2026-07-08T18:58:29Z,2026-07-08T20:58:29+0200,e401fd36-f4a8-45e5-ad91-bdd87731a7ba,2026-06-25T16:15:00Z,2026-06-25T18:15:00+0200,3415.72974,MW,FR,FR,forecast_onshore_wind_generation,Wind Onshore,2026-07-08T18:59:22Z
2026-07-08T18:58:29Z,2026-07-08T20:58:29+0200,e401fd36-f4a8-45e5-ad91-bdd87731a7ba,2026-06-25T16:30:00Z,2026-06-25T18:30:00+0200,3396.89014,MW,FR,FR,forecast_onshore_wind_generation,Wind Onshore,2026-07-08T18:59:22Z
2026-07-08T18:58:29Z,2026-07-08T20:58:29+0200,e401fd36-f4a8-45e5-ad91-bdd87731a7ba,2026-06-25T16:45:00Z,2026-06-25T18:45:00+0200,3378.05029,MW,FR,FR,forecast_onshore_wind_generation,Wind Onshore,2026-07-08T18:59:22Z
2026-07-08T18:58:29Z,2026-07-08T20:58:29+0200,e401fd36-f4a8-45e5-ad91-bdd87731a7ba,2026-06-25T17:00:00Z,2026-06-25T19:00:00+0200,3359.25977,MW,FR,FR,forecast_onshore_wind_generation,Wind Onshore,2026-07-08T18:59:22Z
2026-07-08T18:58:29Z,2026-07-08T20:58:29+0200,e401fd36-f4a8-45e5-ad91-bdd87731a7ba,2026-06-25T17:15:00Z,2026-06-25T19:15:00+0200,3363.67993,MW,FR,FR,forecast_onshore_wind_generation,Wind Onshore,2026-07-08T18:59:22Z
2026-07-08T18:58:29Z,2026-07-08T20:58:29+0200,e401fd36-f4a8-45e5-ad91-bdd87731a7ba,2026-06-25T17:30:00Z,2026-06-25T19:30:00+0200,3368.4502,MW,FR,FR,forecast_onshore_wind_generation,Wind Onshore,2026-07-08T18:59:22Z
2026-07-08T18:58:29Z,2026-07-08T20:58:29+0200,e401fd36-f4a8-45e5-ad91-bdd87731a7ba,2026-06-25T17:45:00Z,2026-06-25T19:45:00+0200,3373.29004,MW,FR,FR,forecast_onshore_wind_generation,Wind Onshore,2026-07-08T18:59:22Z
2026-07-08T18:58:29Z,2026-07-08T20:58:29+0200,e401fd36-f4a8-45e5-ad91-bdd87731a7ba,2026-06-25T18:00:00Z,2026-06-25T20:00:00+0200,3378.12988,MW,FR,FR,forecast_onshore_wind_generation,Wind Onshore,2026-07-08T18:59:22Z
2026-07-08T18:58:29Z,2026-07-08T20:58:29+0200,e401fd36-f4a8-45e5-ad91-bdd87731a7ba,2026-06-25T18:15:00Z,2026-06-25T20:15:00+0200,3468.98975,MW,FR,FR,forecast_onshore_wind_generation,Wind Onshore,2026-07-08T18:59:22Z
2026-07-08T18:58:29Z,2026-07-08T20:58:29+0200,e401fd36-f4a8-45e5-ad91-bdd87731a7ba,2026-06-25T18:30:00Z,2026-06-25T20:30:00+0200,3559.86963,MW,FR,FR,forecast_onshore_wind_generation,Wind Onshore,2026-07-08T18:59:22Z
2026-07-08T18:58:29Z,2026-07-08T20:58:29+0200,e401fd36-f4a8-45e5-ad91-bdd87731a7ba,2026-06-25T18:45:00Z,2026-06-25T20:45:00+0200,3650.70972,MW,FR,FR,forecast_onshore_wind_generation,Wind Onshore,2026-07-08T18:59:22Z
2026-07-08T18:58:29Z,2026-07-08T20:58:29+0200,e401fd36-f4a8-45e5-ad91-bdd87731a7ba,2026-06-25T19:00:00Z,2026-06-25T21:00:00+0200,3741.55005,MW,FR,FR,forecast_onshore_wind_generation,Wind Onshore,2026-07-08T18:59:22Z
2026-07-08T18:58:29Z,2026-07-08T20:58:29+0200,e401fd36-f4a8-45e5-ad91-bdd87731a7ba,2026-06-25T19:15:00Z,2026-06-25T21:15:00+0200,3980.64014,MW,FR,FR,forecast_onshore_wind_generation,Wind Onshore,2026-07-08T18:59:22Z
2026-07-08T18:58:29Z,2026-07-08T20:58:29+0200,e401fd36-f4a8-45e5-ad91-bdd87731a7ba,2026-06-25T19:30:00Z,2026-06-25T21:30:00+0200,4219.70996,MW,FR,FR,forecast_onshore_wind_generation,Wind Onshore,2026-07-08T18:59:22Z
2026-07-08T18:58:29Z,2026-07-08T20:58:29+0200,e401fd36-f4a8-45e5-ad91-bdd87731a7ba,2026-06-25T19:45:00Z,2026-06-25T21:45:00+0200,4458.72998,MW,FR,FR,forecast_onshore_wind_generation,Wind Onshore,2026-07-08T18:59:22Z
2026-07-08T18:58:29Z,2026-07-08T20:58:29+0200,e401fd36-f4a8-45e5-ad91-bdd87731a7ba,2026-06-25T20:00:00Z,2026-06-25T22:00:00+0200,4697.78027,MW,FR,FR,forecast_onshore_wind_generation,Wind Onshore,2026-07-08T18:59:22Z
2026-07-08T18:58:29Z,2026-07-08T20:58:29+0200,e401fd36-f4a8-45e5-ad91-bdd87731a7ba,2026-06-25T20:15:00Z,2026-06-25T22:15:00+0200,4858.71973,MW,FR,FR,forecast_onshore_wind_generation,Wind Onshore,2026-07-08T18:59:22Z
2026-07-08T18:58:29Z,2026-07-08T20:58:29+0200,e401fd36-f4a8-45e5-ad91-bdd87731a7ba,2026-06-25T20:30:00Z,2026-06-25T22:30:00+0200,5019.61963,MW,FR,FR,forecast_onshore_wind_generation,Wind Onshore,2026-07-08T18:59:22Z
2026-07-08T18:58:29Z,2026-07-08T20:58:29+0200,e401fd36-f4a8-45e5-ad91-bdd87731a7ba,2026-06-25T20:45:00Z,2026-06-25T22:45:00+0200,5180.59961,MW,FR,FR,forecast_onshore_wind_generation,Wind Onshore,2026-07-08T18:59:22Z
2026-07-08T18:58:29Z,2026-07-08T20:58:29+0200,e401fd36-f4a8-45e5-ad91-bdd87731a7ba,2026-06-25T21:00:00Z,2026-06-25T23:00:00+0200,5341.61963,MW,FR,FR,forecast_onshore_wind_generation,Wind Onshore,2026-07-08T18:59:22Z
2026-07-08T18:58:29Z,2026-07-08T20:58:29+0200,e401fd36-f4a8-45e5-ad91-bdd87731a7ba,2026-06-25T21:15:00Z,2026-06-25T23:15:00+0200,5244.6001,MW,FR,FR,forecast_onshore_wind_generation,Wind Onshore,2026-07-08T18:59:22Z
2026-07-08T18:58:29Z,2026-07-08T20:58:29+0200,e401fd36-f4a8-45e5-ad91-bdd87731a7ba,2026-06-25T21:30:00Z,2026-06-25T23:30:00+0200,5147.59961,MW,FR,FR,forecast_onshore_wind_generation,Wind Onshore,2026-07-08T18:59:22Z
2026-07-08T18:58:29Z,2026-07-08T20:58:29+0200,e401fd36-f4a8-45e5-ad91-bdd87731a7ba,2026-06-25T21:45:00Z,2026-06-25T23:45:00+0200,5050.6001,MW,FR,FR,forecast_onshore_wind_generation,Wind Onshore,2026-07-08T18:59:22Z
2026-07-08T18:58:29Z,2026-07-08T20:58:29+0200,e401fd36-f4a8-45e5-ad91-bdd87731a7ba,2026-06-25T22:00:00Z,2026-06-26T00:00:00+0200,5389.0,MW,FR,FR,forecast_onshore_wind_generation,Wind Onshore,2026-07-08T18:59:22Z
2026-07-08T18:58:29Z,2026-07-08T20:58:29+0200,e401fd36-f4a8-45e5-ad91-bdd87731a7ba,2026-06-25T22:15:00Z,2026-06-26T00:15:00+0200,5358.21973,MW,FR,FR,forecast_onshore_wind_generation,Wind Onshore,2026-07-08T18:59:22Z
2026-07-08T18:58:29Z,2026-07-08T20:58:29+0200,e401fd36-f4a8-45e5-ad91-bdd87731a7ba,2026-06-25T22:30:00Z,2026-06-26T00:30:00+0200,5327.60986,MW,FR,FR,forecast_onshore_wind_generation,Wind Onshore,2026-07-08T18:59:22Z
2026-07-08T18:58:29Z,2026-07-08T20:58:29+0200,e401fd36-f4a8-45e5-ad91-bdd87731a7ba,2026-06-25T22:45:00Z,2026-06-26T00:45:00+0200,5297.5,MW,FR,FR,forecast_onshore_wind_generation,Wind Onshore,2026-07-08T18:59:22Z
2026-07-08T18:58:29Z,2026-07-08T20:58:29+0200,e401fd36-f4a8-45e5-ad91-bdd87731a7ba,2026-06-25T23:00:00Z,2026-06-26T01:00:00+0200,5267.7998,MW,FR,FR,forecast_onshore_wind_generation,Wind Onshore,2026-07-08T18:59:22Z
2026-07-08T18:58:29Z,2026-07-08T20:58:29+0200,e401fd36-f4a8-45e5-ad91-bdd87731a7ba,2026-06-25T23:15:00Z,2026-06-26T01:15:00+0200,5252.08984,MW,FR,FR,forecast_onshore_wind_generation,Wind Onshore,2026-07-08T18:59:22Z
2026-07-08T18:58:29Z,2026-07-08T20:58:29+0200,e401fd36-f4a8-45e5-ad91-bdd87731a7ba,2026-06-25T23:30:00Z,2026-06-26T01:30:00+0200,5236.54004,MW,FR,FR,forecast_onshore_wind_generation,Wind Onshore,2026-07-08T18:59:22Z
2026-07-08T18:58:29Z,2026-07-08T20:58:29+0200,e401fd36-f4a8-45e5-ad91-bdd87731a7ba,2026-06-25T23:45:00Z,2026-06-26T01:45:00+0200,5221.22998,MW,FR,FR,forecast_onshore_wind_generation,Wind Onshore,2026-07-08T18:59:22Z
2026-07-08T18:58:29Z,2026-07-08T20:58:29+0200,e401fd36-f4a8-45e5-ad91-bdd87731a7ba,2026-06-26T00:00:00Z,2026-06-26T02:00:00+0200,5206.22998,MW,FR,FR,forecast_onshore_wind_generation,Wind Onshore,2026-07-08T18:59:22Z
2026-07-08T18:58:29Z,2026-07-08T20:58:29+0200,e401fd36-f4a8-45e5-ad91-bdd87731a7ba,2026-06-26T00:15:00Z,2026-06-26T02:15:00+0200,5155.87012,MW,FR,FR,forecast_onshore_wind_generation,Wind Onshore,2026-07-08T18:59:22Z
2026-07-08T18:58:29Z,2026-07-08T20:58:29+0200,e401fd36-f4a8-45e5-ad91-bdd87731a7ba,2026-06-26T00:30:00Z,2026-06-26T02:30:00+0200,5105.59961,MW,FR,FR,forecast_onshore_wind_generation,Wind Onshore,2026-07-08T18:59:22Z
2026-07-08T18:58:29Z,2026-07-08T20:58:29+0200,e401fd36-f4a8-45e5-ad91-bdd87731a7ba,2026-06-26T00:45:00Z,2026-06-26T02:45:00+0200,5055.63965,MW,FR,FR,forecast_onshore_wind_generation,Wind Onshore,2026-07-08T18:59:22Z
2026-07-08T18:58:29Z,2026-07-08T20:58:29+0200,e401fd36-f4a8-45e5-ad91-bdd87731a7ba,2026-06-26T01:00:00Z,2026-06-26T03:00:00+0200,5005.75977,MW,FR,FR,forecast_onshore_wind_generation,Wind Onshore,2026-07-08T18:59:22Z
2026-07-08T18:58:29Z,2026-07-08T20:58:29+0200,e401fd36-f4a8-45e5-ad91-bdd87731a7ba,2026-06-26T01:15:00Z,2026-06-26T03:15:00+0200,4971.06006,MW,FR,FR,forecast_onshore_wind_generation,Wind Onshore,2026-07-08T18:59:22Z
2026-07-08T18:58:29Z,2026-07-08T20:58:29+0200,e401fd36-f4a8-45e5-ad91-bdd87731a7ba,2026-06-26T01:30:00Z,2026-06-26T03:30:00+0200,4936.68994,MW,FR,FR,forecast_onshore_wind_generation,Wind Onshore,2026-07-08T18:59:22Z
2026-07-08T18:58:29Z,2026-07-08T20:58:29+0200,e401fd36-f4a8-45e5-ad91-bdd87731a7ba,2026-06-26T01:45:00Z,2026-06-26T03:45:00+0200,4902.33008,MW,FR,FR,forecast_onshore_wind_generation,Wind Onshore,2026-07-08T18:59:22Z
2026-07-08T18:58:29Z,2026-07-08T20:58:29+0200,e401fd36-f4a8-45e5-ad91-bdd87731a7ba,2026-06-26T02:00:00Z,2026-06-26T04:00:00+0200,4868.1001,MW,FR,FR,forecast_onshore_wind_generation,Wind Onshore,2026-07-08T18:59:22Z
2026-07-08T18:58:29Z,2026-07-08T20:58:29+0200,e401fd36-f4a8-45e5-ad91-bdd87731a7ba,2026-06-26T02:15:00Z,2026-06-26T04:15:00+0200,4794.63037,MW,FR,FR,forecast_onshore_wind_generation,Wind Onshore,2026-07-08T18:59:22Z
2026-07-08T18:58:29Z,2026-07-08T20:58:29+0200,e401fd36-f4a8-45e5-ad91-bdd87731a7ba,2026-06-26T02:30:00Z,2026-06-26T04:30:00+0200,4721.33008,MW,FR,FR,forecast_onshore_wind_generation,Wind Onshore,2026-07-08T18:59:22Z
2026-07-08T18:58:29Z,2026-07-08T20:58:29+0200,e401fd36-f4a8-45e5-ad91-bdd87731a7ba,2026-06-26T02:45:00Z,2026-06-26T04:45:00+0200,4648.01025,MW,FR,FR,forecast_onshore_wind_generation,Wind Onshore,2026-07-08T18:59:22Z
2026-07-08T18:58:29Z,2026-07-08T20:58:29+0200,e401fd36-f4a8-45e5-ad91-bdd87731a7ba,2026-06-26T03:00:00Z,2026-06-26T05:00:00+0200,4574.91992,MW,FR,FR,forecast_onshore_wind_generation,Wind Onshore,2026-07-08T18:59:22Z
2026-07-08T18:58:29Z,2026-07-08T20:58:29+0200,e401fd36-f4a8-45e5-ad91-bdd87731a7ba,2026-06-26T03:15:00Z,2026-06-26T05:15:00+0200,4469.33008,MW,FR,FR,forecast_onshore_wind_generation,Wind Onshore,2026-07-08T18:59:22Z
2026-07-08T18:58:29Z,2026-07-08T20:58:29+0200,e401fd36-f4a8-45e5-ad91-bdd87731a7ba,2026-06-26T03:30:00Z,2026-06-26T05:30:00+0200,4363.89014,MW,FR,FR,forecast_onshore_wind_generation,Wind Onshore,2026-07-08T18:59:22Z
2026-07-08T18:58:29Z,2026-07-08T20:58:29+0200,e401fd36-f4a8-45e5-ad91-bdd87731a7ba,2026-06-26T03:45:00Z,2026-06-26T05:45:00+0200,4258.57959,MW,FR,FR,forecast_onshore_wind_generation,Wind Onshore,2026-07-08T18:59:22Z
2026-07-08T18:58:29Z,2026-07-08T20:58:29+0200,e401fd36-f4a8-45e5-ad91-bdd87731a7ba,2026-06-26T04:00:00Z,2026-06-26T06:00:00+0200,4153.27002,MW,FR,FR,forecast_onshore_wind_generation,Wind Onshore,2026-07-08T18:59:22Z
2026-07-08T18:58:29Z,2026-07-08T20:58:29+0200,e401fd36-f4a8-45e5-ad91-bdd87731a7ba,2026-06-26T04:15:00Z,2026-06-26T06:15:00+0200,4019.32983,MW,FR,FR,forecast_onshore_wind_generation,Wind Onshore,2026-07-08T18:59:22Z
2026-07-08T18:58:29Z,2026-07-08T20:58:29+0200,e401fd36-f4a8-45e5-ad91-bdd87731a7ba,2026-06-26T04:30:00Z,2026-06-26T06:30:00+0200,3885.37988,MW,FR,FR,forecast_onshore_wind_generation,Wind Onshore,2026-07-08T18:59:22Z
2026-07-08T18:58:29Z,2026-07-08T20:58:29+0200,e401fd36-f4a8-45e5-ad91-bdd87731a7ba,2026-06-26T04:45:00Z,2026-06-26T06:45:00+0200,3751.37012,MW,FR,FR,forecast_onshore_wind_generation,Wind Onshore,2026-07-08T18:59:22Z
2026-07-08T18:58:29Z,2026-07-08T20:58:29+0200,e401fd36-f4a8-45e5-ad91-bdd87731a7ba,2026-06-26T05:00:00Z,2026-06-26T07:00:00+0200,3617.38013,MW,FR,FR,forecast_onshore_wind_generation,Wind Onshore,2026-07-08T18:59:22Z
2026-07-08T18:58:29Z,2026-07-08T20:58:29+0200,e401fd36-f4a8-45e5-ad91-bdd87731a7ba,2026-06-26T05:15:00Z,2026-06-26T07:15:00+0200,3435.52002,MW,FR,FR,forecast_onshore_wind_generation,Wind Onshore,2026-07-08T18:59:22Z
2026-07-08T18:58:29Z,2026-07-08T20:58:29+0200,e401fd36-f4a8-45e5-ad91-bdd87731a7ba,2026-06-26T05:30:00Z,2026-06-26T07:30:00+0200,3253.68018,MW,FR,FR,forecast_onshore_wind_generation,Wind Onshore,2026-07-08T18:59:22Z
2026-07-08T18:58:29Z,2026-07-08T20:58:29+0200,e401fd36-f4a8-45e5-ad91-bdd87731a7ba,2026-06-26T05:45:00Z,2026-06-26T07:45:00+0200,3072.12988,MW,FR,FR,forecast_onshore_wind_generation,Wind Onshore,2026-07-08T18:59:22Z
2026-07-08T18:58:29Z,2026-07-08T20:58:29+0200,e401fd36-f4a8-45e5-ad91-bdd87731a7ba,2026-06-26T06:00:00Z,2026-06-26T08:00:00+0200,2890.77002,MW,FR,FR,forecast_onshore_wind_generation,Wind Onshore,2026-07-08T18:59:22Z
2026-07-08T18:58:29Z,2026-07-08T20:58:29+0200,e401fd36-f4a8-45e5-ad91-bdd87731a7ba,2026-06-26T06:15:00Z,2026-06-26T08:15:00+0200,2579.6499,MW,FR,FR,forecast_onshore_wind_generation,Wind Onshore,2026-07-08T18:59:22Z
2026-07-08T18:58:29Z,2026-07-08T20:58:29+0200,e401fd36-f4a8-45e5-ad91-bdd87731a7ba,2026-06-26T06:30:00Z,2026-06-26T08:30:00+0200,2268.75,MW,FR,FR,forecast_onshore_wind_generation,Wind Onshore,2026-07-08T18:59:22Z
2026-07-08T18:58:29Z,2026-07-08T20:58:29+0200,e401fd36-f4a8-45e5-ad91-bdd87731a7ba,2026-06-26T06:45:00Z,2026-06-26T08:45:00+0200,1958.04004,MW,FR,FR,forecast_onshore_wind_generation,Wind Onshore,2026-07-08T18:59:22Z
2026-07-08T18:58:29Z,2026-07-08T20:58:29+0200,e401fd36-f4a8-45e5-ad91-bdd87731a7ba,2026-06-26T07:00:00Z,2026-06-26T09:00:00+0200,1647.52991,MW,FR,FR,forecast_onshore_wind_generation,Wind Onshore,2026-07-08T18:59:22Z
2026-07-08T18:58:29Z,2026-07-08T20:58:29+0200,e401fd36-f4a8-45e5-ad91-bdd87731a7ba,2026-06-26T07:15:00Z,2026-06-26T09:15:00+0200,1493.43994,MW,FR,FR,forecast_onshore_wind_generation,Wind Onshore,2026-07-08T18:59:22Z
2026-07-08T18:58:29Z,2026-07-08T20:58:29+0200,e401fd36-f4a8-45e5-ad91-bdd87731a7ba,2026-06-26T07:30:00Z,2026-06-26T09:30:00+0200,1339.47009,MW,FR,FR,forecast_onshore_wind_generation,Wind Onshore,2026-07-08T18:59:22Z
2026-07-08T18:58:29Z,2026-07-08T20:58:29+0200,e401fd36-f4a8-45e5-ad91-bdd87731a7ba,2026-06-26T07:45:00Z,2026-06-26T09:45:00+0200,1185.6499,MW,FR,FR,forecast_onshore_wind_generation,Wind Onshore,2026-07-08T18:59:22Z
2026-07-08T18:58:29Z,2026-07-08T20:58:29+0200,e401fd36-f4a8-45e5-ad91-bdd87731a7ba,2026-06-26T08:00:00Z,2026-06-26T10:00:00+0200,1032.05005,MW,FR,FR,forecast_onshore_wind_generation,Wind Onshore,2026-07-08T18:59:22Z
2026-07-08T18:58:29Z,2026-07-08T20:58:29+0200,e401fd36-f4a8-45e5-ad91-bdd87731a7ba,2026-06-26T08:15:00Z,2026-06-26T10:15:00+0200,1001.60999,MW,FR,FR,forecast_onshore_wind_generation,Wind Onshore,2026-07-08T18:59:22Z
2026-07-08T18:58:29Z,2026-07-08T20:58:29+0200,e401fd36-f4a8-45e5-ad91-bdd87731a7ba,2026-06-26T08:30:00Z,2026-06-26T10:30:00+0200,971.36993,MW,FR,FR,forecast_onshore_wind_generation,Wind Onshore,2026-07-08T18:59:22Z
2026-07-08T18:58:29Z,2026-07-08T20:58:29+0200,e401fd36-f4a8-45e5-ad91-bdd87731a7ba,2026-06-26T08:45:00Z,2026-06-26T10:45:00+0200,941.34998,MW,FR,FR,forecast_onshore_wind_generation,Wind Onshore,2026-07-08T18:59:22Z
2026-07-08T18:58:29Z,2026-07-08T20:58:29+0200,e401fd36-f4a8-45e5-ad91-bdd87731a7ba,2026-06-26T09:00:00Z,2026-06-26T11:00:00+0200,911.45007,MW,FR,FR,forecast_onshore_wind_generation,Wind Onshore,2026-07-08T18:59:22Z
2026-07-08T18:58:29Z,2026-07-08T20:58:29+0200,e401fd36-f4a8-45e5-ad91-bdd87731a7ba,2026-06-26T09:15:00Z,2026-06-26T11:15:00+0200,911.18005,MW,FR,FR,forecast_onshore_wind_generation,Wind Onshore,2026-07-08T18:59:22Z
2026-07-08T18:58:29Z,2026-07-08T20:58:29+0200,e401fd36-f4a8-45e5-ad91-bdd87731a7ba,2026-06-26T09:30:00Z,2026-06-26T11:30:00+0200,911.09998,MW,FR,FR,forecast_onshore_wind_generation,Wind Onshore,2026-07-08T18:59:22Z
2026-07-08T18:58:29Z,2026-07-08T20:58:29+0200,e401fd36-f4a8-45e5-ad91-bdd87731a7ba,2026-06-26T09:45:00Z,2026-06-26T11:45:00+0200,911.17999,MW,FR,FR,forecast_onshore_wind_generation,Wind Onshore,2026-07-08T18:59:22Z
2026-07-08T18:58:29Z,2026-07-08T20:58:29+0200,e401fd36-f4a8-45e5-ad91-bdd87731a7ba,2026-06-26T10:00:00Z,2026-06-26T12:00:00+0200,911.44,MW,FR,FR,forecast_onshore_wind_generation,Wind Onshore,2026-07-08T18:59:22Z
2026-07-08T18:58:29Z,2026-07-08T20:58:29+0200,e401fd36-f4a8-45e5-ad91-bdd87731a7ba,2026-06-26T10:15:00Z,2026-06-26T12:15:00+0200,931.29993,MW,FR,FR,forecast_onshore_wind_generation,Wind Onshore,2026-07-08T18:59:22Z
2026-07-08T18:58:29Z,2026-07-08T20:58:29+0200,e401fd36-f4a8-45e5-ad91-bdd87731a7ba,2026-06-26T10:30:00Z,2026-06-26T12:30:00+0200,951.29004,MW,FR,FR,forecast_onshore_wind_generation,Wind Onshore,2026-07-08T18:59:22Z
2026-07-08T18:58:29Z,2026-07-08T20:58:29+0200,e401fd36-f4a8-45e5-ad91-bdd87731a7ba,2026-06-26T10:45:00Z,2026-06-26T12:45:00+0200,971.29999,MW,FR,FR,forecast_onshore_wind_generation,Wind Onshore,2026-07-08T18:59:22Z
2026-07-08T18:58:29Z,2026-07-08T20:58:29+0200,e401fd36-f4a8-45e5-ad91-bdd87731a7ba,2026-06-26T11:00:00Z,2026-06-26T13:00:00+0200,991.35999,MW,FR,FR,forecast_onshore_wind_generation,Wind Onshore,2026-07-08T18:59:22Z
2026-07-08T18:58:29Z,2026-07-08T20:58:29+0200,e401fd36-f4a8-45e5-ad91-bdd87731a7ba,2026-06-26T11:15:00Z,2026-06-26T13:15:00+0200,1011.87,MW,FR,FR,forecast_onshore_wind_generation,Wind Onshore,2026-07-08T18:59:22Z
2026-07-08T18:58:29Z,2026-07-08T20:58:29+0200,e401fd36-f4a8-45e5-ad91-bdd87731a7ba,2026-06-26T11:30:00Z,2026-06-26T13:30:00+0200,1032.47998,MW,FR,FR,forecast_onshore_wind_generation,Wind Onshore,2026-07-08T18:59:22Z
2026-07-08T18:58:29Z,2026-07-08T20:58:29+0200,e401fd36-f4a8-45e5-ad91-bdd87731a7ba,2026-06-26T11:45:00Z,2026-06-26T13:45:00+0200,1053.15002,MW,FR,FR,forecast_onshore_wind_generation,Wind Onshore,2026-07-08T18:59:22Z
2026-07-08T18:58:29Z,2026-07-08T20:58:29+0200,e401fd36-f4a8-45e5-ad91-bdd87731a7ba,2026-06-26T12:00:00Z,2026-06-26T14:00:00+0200,1073.84998,MW,FR,FR,forecast_onshore_wind_generation,Wind Onshore,2026-07-08T18:59:22Z
2026-07-08T18:58:29Z,2026-07-08T20:58:29+0200,e401fd36-f4a8-45e5-ad91-bdd87731a7ba,2026-06-26T12:15:00Z,2026-06-26T14:15:00+0200,1124.48999,MW,FR,FR,forecast_onshore_wind_generation,Wind Onshore,2026-07-08T18:59:22Z
2026-07-08T18:58:29Z,2026-07-08T20:58:29+0200,e401fd36-f4a8-45e5-ad91-bdd87731a7ba,2026-06-26T12:30:00Z,2026-06-26T14:30:00+0200,1175.22998,MW,FR,FR,forecast_onshore_wind_generation,Wind Onshore,2026-07-08T18:59:22Z
2026-07-08T18:58:29Z,2026-07-08T20:58:29+0200,e401fd36-f4a8-45e5-ad91-bdd87731a7ba,2026-06-26T12:45:00Z,2026-06-26T14:45:00+0200,1226.07007,MW,FR,FR,forecast_onshore_wind_generation,Wind Onshore,2026-07-08T18:59:22Z
2026-07-08T18:58:29Z,2026-07-08T20:58:29+0200,e401fd36-f4a8-45e5-ad91-bdd87731a7ba,2026-06-26T13:00:00Z,2026-06-26T15:00:00+0200,1277.05005,MW,FR,FR,forecast_onshore_wind_generation,Wind Onshore,2026-07-08T18:59:22Z
2026-07-08T18:58:29Z,2026-07-08T20:58:29+0200,e401fd36-f4a8-45e5-ad91-bdd87731a7ba,2026-06-26T13:15:00Z,2026-06-26T15:15:00+0200,1298.22998,MW,FR,FR,forecast_onshore_wind_generation,Wind Onshore,2026-07-08T18:59:22Z
2026-07-08T18:58:29Z,2026-07-08T20:58:29+0200,e401fd36-f4a8-45e5-ad91-bdd87731a7ba,2026-06-26T13:30:00Z,2026-06-26T15:30:00+0200,1319.51001,MW,FR,FR,forecast_onshore_wind_generation,Wind Onshore,2026-07-08T18:59:22Z
2026-07-08T18:58:29Z,2026-07-08T20:58:29+0200,e401fd36-f4a8-45e5-ad91-bdd87731a7ba,2026-06-26T13:45:00Z,2026-06-26T15:45:00+0200,1340.88,MW,FR,FR,forecast_onshore_wind_generation,Wind Onshore,2026-07-08T18:59:22Z
2026-07-08T18:58:29Z,2026-07-08T20:58:29+0200,e401fd36-f4a8-45e5-ad91-bdd87731a7ba,2026-06-26T14:00:00Z,2026-06-26T16:00:00+0200,1362.37,MW,FR,FR,forecast_onshore_wind_generation,Wind Onshore,2026-07-08T18:59:22Z
2026-07-08T18:58:29Z,2026-07-08T20:58:29+0200,e401fd36-f4a8-45e5-ad91-bdd87731a7ba,2026-06-26T14:15:00Z,2026-06-26T16:15:00+0200,1334.51001,MW,FR,FR,forecast_onshore_wind_generation,Wind Onshore,2026-07-08T18:59:22Z
2026-07-08T18:58:29Z,2026-07-08T20:58:29+0200,e401fd36-f4a8-45e5-ad91-bdd87731a7ba,2026-06-26T14:30:00Z,2026-06-26T16:30:00+0200,1306.72998,MW,FR,FR,forecast_onshore_wind_generation,Wind Onshore,2026-07-08T18:59:22Z
2026-07-08T18:58:29Z,2026-07-08T20:58:29+0200,e401fd36-f4a8-45e5-ad91-bdd87731a7ba,2026-06-26T14:45:00Z,2026-06-26T16:45:00+0200,1279.05005,MW,FR,FR,forecast_onshore_wind_generation,Wind Onshore,2026-07-08T18:59:22Z
2026-07-08T18:58:29Z,2026-07-08T20:58:29+0200,e401fd36-f4a8-45e5-ad91-bdd87731a7ba,2026-06-26T15:00:00Z,2026-06-26T17:00:00+0200,1251.72998,MW,FR,FR,forecast_onshore_wind_generation,Wind Onshore,2026-07-08T18:59:22Z
2026-07-08T18:58:29Z,2026-07-08T20:58:29+0200,e401fd36-f4a8-45e5-ad91-bdd87731a7ba,2026-06-26T15:15:00Z,2026-06-26T17:15:00+0200,1255.79993,MW,FR,FR,forecast_onshore_wind_generation,Wind Onshore,2026-07-08T18:59:22Z
2026-07-08T18:58:29Z,2026-07-08T20:58:29+0200,e401fd36-f4a8-45e5-ad91-bdd87731a7ba,2026-06-26T15:30:00Z,2026-06-26T17:30:00+0200,1260.09009,MW,FR,FR,forecast_onshore_wind_generation,Wind Onshore,2026-07-08T18:59:22Z
2026-07-08T18:58:29Z,2026-07-08T20:58:29+0200,e401fd36-f4a8-45e5-ad91-bdd87731a7ba,2026-06-26T15:45:00Z,2026-06-26T17:45:00+0200,1264.45996,MW,FR,FR,forecast_onshore_wind_generation,Wind Onshore,2026-07-08T18:59:22Z
2026-07-08T18:58:29Z,2026-07-08T20:58:29+0200,e401fd36-f4a8-45e5-ad91-bdd87731a7ba,2026-06-26T16:00:00Z,2026-06-26T18:00:00+0200,1269.12,MW,FR,FR,forecast_onshore_wind_generation,Wind Onshore,2026-07-08T18:59:22Z
2026-07-08T18:58:29Z,2026-07-08T20:58:29+0200,e401fd36-f4a8-45e5-ad91-bdd87731a7ba,2026-06-26T16:15:00Z,2026-06-26T18:15:00+0200,1276.41003,MW,FR,FR,forecast_onshore_wind_generation,Wind Onshore,2026-07-08T18:59:22Z
2026-07-08T18:58:29Z,2026-07-08T20:58:29+0200,e401fd36-f4a8-45e5-ad91-bdd87731a7ba,2026-06-26T16:30:00Z,2026-06-26T18:30:00+0200,1284.28003,MW,FR,FR,forecast_onshore_wind_generation,Wind Onshore,2026-07-08T18:59:22Z
2026-07-08T18:58:29Z,2026-07-08T20:58:29+0200,e401fd36-f4a8-45e5-ad91-bdd87731a7ba,2026-06-26T16:45:00Z,2026-06-26T18:45:00+0200,1292.52002,MW,FR,FR,forecast_onshore_wind_generation,Wind Onshore,2026-07-08T18:59:22Z
2026-07-08T18:58:29Z,2026-07-08T20:58:29+0200,e401fd36-f4a8-45e5-ad91-bdd87731a7ba,2026-06-26T17:00:00Z,2026-06-26T19:00:00+0200,1301.20007,MW,FR,FR,forecast_onshore_wind_generation,Wind Onshore,2026-07-08T18:59:22Z
2026-07-08T18:58:29Z,2026-07-08T20:58:29+0200,e401fd36-f4a8-45e5-ad91-bdd87731a7ba,2026-06-26T17:15:00Z,2026-06-26T19:15:00+0200,1306.46997,MW,FR,FR,forecast_onshore_wind_generation,Wind Onshore,2026-07-08T18:59:22Z
2026-07-08T18:58:29Z,2026-07-08T20:58:29+0200,e401fd36-f4a8-45e5-ad91-bdd87731a7ba,2026-06-26T17:30:00Z,2026-06-26T19:30:00+0200,1312.83997,MW,FR,FR,forecast_onshore_wind_generation,Wind Onshore,2026-07-08T18:59:22Z
2026-07-08T18:58:29Z,2026-07-08T20:58:29+0200,e401fd36-f4a8-45e5-ad91-bdd87731a7ba,2026-06-26T17:45:00Z,2026-06-26T19:45:00+0200,1319.33997,MW,FR,FR,forecast_onshore_wind_generation,Wind Onshore,2026-07-08T18:59:22Z
2026-07-08T18:58:29Z,2026-07-08T20:58:29+0200,e401fd36-f4a8-45e5-ad91-bdd87731a7ba,2026-06-26T18:00:00Z,2026-06-26T20:00:00+0200,1326.09009,MW,FR,FR,forecast_onshore_wind_generation,Wind Onshore,2026-07-08T18:59:22Z
2026-07-08T18:58:29Z,2026-07-08T20:58:29+0200,e401fd36-f4a8-45e5-ad91-bdd87731a7ba,2026-06-26T18:15:00Z,2026-06-26T20:15:00+0200,1402.33997,MW,FR,FR,forecast_onshore_wind_generation,Wind Onshore,2026-07-08T18:59:22Z
2026-07-08T18:58:29Z,2026-07-08T20:58:29+0200,e401fd36-f4a8-45e5-ad91-bdd87731a7ba,2026-06-26T18:30:00Z,2026-06-26T20:30:00+0200,1479.04004,MW,FR,FR,forecast_onshore_wind_generation,Wind Onshore,2026-07-08T18:59:22Z
2026-07-08T18:58:29Z,2026-07-08T20:58:29+0200,e401fd36-f4a8-45e5-ad91-bdd87731a7ba,2026-06-26T18:45:00Z,2026-06-26T20:45:00+0200,1555.73999,MW,FR,FR,forecast_onshore_wind_generation,Wind Onshore,2026-07-08T18:59:22Z
2026-07-08T18:58:29Z,2026-07-08T20:58:29+0200,e401fd36-f4a8-45e5-ad91-bdd87731a7ba,2026-06-26T19:00:00Z,2026-06-26T21:00:00+0200,1632.48999,MW,FR,FR,forecast_onshore_wind_generation,Wind Onshore,2026-07-08T18:59:22Z
2026-07-08T18:58:29Z,2026-07-08T20:58:29+0200,e401fd36-f4a8-45e5-ad91-bdd87731a7ba,2026-06-26T19:15:00Z,2026-06-26T21:15:00+0200,1760.69006,MW,FR,FR,forecast_onshore_wind_generation,Wind Onshore,2026-07-08T18:59:22Z
2026-07-08T18:58:29Z,2026-07-08T20:58:29+0200,e401fd36-f4a8-45e5-ad91-bdd87731a7ba,2026-06-26T19:30:00Z,2026-06-26T21:30:00+0200,1888.98987,MW,FR,FR,forecast_onshore_wind_generation,Wind Onshore,2026-07-08T18:59:22Z
2026-07-08T18:58:29Z,2026-07-08T20:58:29+0200,e401fd36-f4a8-45e5-ad91-bdd87731a7ba,2026-06-26T19:45:00Z,2026-06-26T21:45:00+0200,2017.30005,MW,FR,FR,forecast_onshore_wind_generation,Wind Onshore,2026-07-08T18:59:22Z
2026-07-08T18:58:29Z,2026-07-08T20:58:29+0200,e401fd36-f4a8-45e5-ad91-bdd87731a7ba,2026-06-26T20:00:00Z,2026-06-26T22:00:00+0200,2145.62988,MW,FR,FR,forecast_onshore_wind_generation,Wind Onshore,2026-07-08T18:59:22Z
2026-07-08T18:58:29Z,2026-07-08T20:58:29+0200,e401fd36-f4a8-45e5-ad91-bdd87731a7ba,2026-06-26T20:15:00Z,2026-06-26T22:15:00+0200,2195.0,MW,FR,FR,forecast_onshore_wind_generation,Wind Onshore,2026-07-08T18:59:22Z
2026-07-08T18:58:29Z,2026-07-08T20:58:29+0200,e401fd36-f4a8-45e5-ad91-bdd87731a7ba,2026-06-26T20:30:00Z,2026-06-26T22:30:00+0200,2244.69995,MW,FR,FR,forecast_onshore_wind_generation,Wind Onshore,2026-07-08T18:59:22Z
2026-07-08T18:58:29Z,2026-07-08T20:58:29+0200,e401fd36-f4a8-45e5-ad91-bdd87731a7ba,2026-06-26T20:45:00Z,2026-06-26T22:45:00+0200,2294.84985,MW,FR,FR,forecast_onshore_wind_generation,Wind Onshore,2026-07-08T18:59:22Z
2026-07-08T18:58:29Z,2026-07-08T20:58:29+0200,e401fd36-f4a8-45e5-ad91-bdd87731a7ba,2026-06-26T21:00:00Z,2026-06-26T23:00:00+0200,2345.01001,MW,FR,FR,forecast_onshore_wind_generation,Wind Onshore,2026-07-08T18:59:22Z
2026-07-08T18:58:29Z,2026-07-08T20:58:29+0200,e401fd36-f4a8-45e5-ad91-bdd87731a7ba,2026-06-26T21:15:00Z,2026-06-26T23:15:00+0200,2378.38013,MW,FR,FR,forecast_onshore_wind_generation,Wind Onshore,2026-07-08T18:59:22Z
2026-07-08T18:58:29Z,2026-07-08T20:58:29+0200,e401fd36-f4a8-45e5-ad91-bdd87731a7ba,2026-06-26T21:30:00Z,2026-06-26T23:30:00+0200,2411.82007,MW,FR,FR,forecast_onshore_wind_generation,Wind Onshore,2026-07-08T18:59:22Z
2026-07-08T18:58:29Z,2026-07-08T20:58:29+0200,e401fd36-f4a8-45e5-ad91-bdd87731a7ba,2026-06-26T21:45:00Z,2026-06-26T23:45:00+0200,2445.31006,MW,FR,FR,forecast_onshore_wind_generation,Wind Onshore,2026-07-08T18:59:22Z
2026-07-08T18:58:29Z,2026-07-08T20:58:29+0200,e401fd36-f4a8-45e5-ad91-bdd87731a7ba,2026-06-26T22:00:00Z,2026-06-27T00:00:00+0200,2684.11011,MW,FR,FR,forecast_onshore_wind_generation,Wind Onshore,2026-07-08T18:59:22Z
2026-07-08T18:58:29Z,2026-07-08T20:58:29+0200,e401fd36-f4a8-45e5-ad91-bdd87731a7ba,2026-06-26T22:15:00Z,2026-06-27T00:15:00+0200,2683.08008,MW,FR,FR,forecast_onshore_wind_generation,Wind Onshore,2026-07-08T18:59:22Z
2026-07-08T18:58:29Z,2026-07-08T20:58:29+0200,e401fd36-f4a8-45e5-ad91-bdd87731a7ba,2026-06-26T22:30:00Z,2026-06-27T00:30:00+0200,2682.16992,MW,FR,FR,forecast_onshore_wind_generation,Wind Onshore,2026-07-08T18:59:22Z
2026-07-08T18:58:29Z,2026-07-08T20:58:29+0200,e401fd36-f4a8-45e5-ad91-bdd87731a7ba,2026-06-26T22:45:00Z,2026-06-27T00:45:00+0200,2680.45996,MW,FR,FR,forecast_onshore_wind_generation,Wind Onshore,2026-07-08T18:59:22Z
2026-07-08T18:58:29Z,2026-07-08T20:58:29+0200,e401fd36-f4a8-45e5-ad91-bdd87731a7ba,2026-06-26T23:00:00Z,2026-06-27T01:00:00+0200,2678.86987,MW,FR,FR,forecast_onshore_wind_generation,Wind Onshore,2026-07-08T18:59:22Z
2026-07-08T18:58:29Z,2026-07-08T20:58:29+0200,e401fd36-f4a8-45e5-ad91-bdd87731a7ba,2026-06-26T23:15:00Z,2026-06-27T01:15:00+0200,2642.48999,MW,FR,FR,forecast_onshore_wind_generation,Wind Onshore,2026-07-08T18:59:22Z
2026-07-08T18:58:29Z,2026-07-08T20:58:29+0200,e401fd36-f4a8-45e5-ad91-bdd87731a7ba,2026-06-26T23:30:00Z,2026-06-27T01:30:00+0200,2606.27002,MW,FR,FR,forecast_onshore_wind_generation,Wind Onshore,2026-07-08T18:59:22Z
2026-07-08T18:58:29Z,2026-07-08T20:58:29+0200,e401fd36-f4a8-45e5-ad91-bdd87731a7ba,2026-06-26T23:45:00Z,2026-06-27T01:45:00+0200,2570.25977,MW,FR,FR,forecast_onshore_wind_generation,Wind Onshore,2026-07-08T18:59:22Z
2026-07-08T18:58:29Z,2026-07-08T20:58:29+0200,e401fd36-f4a8-45e5-ad91-bdd87731a7ba,2026-06-27T00:00:00Z,2026-06-27T02:00:00+0200,2534.39014,MW,FR,FR,forecast_onshore_wind_generation,Wind Onshore,2026-07-08T18:59:22Z
2026-07-08T18:58:29Z,2026-07-08T20:58:29+0200,e401fd36-f4a8-45e5-ad91-bdd87731a7ba,2026-06-27T00:15:00Z,2026-06-27T02:15:00+0200,2527.1499,MW,FR,FR,forecast_onshore_wind_generation,Wind Onshore,2026-07-08T18:59:22Z
2026-07-08T18:58:29Z,2026-07-08T20:58:29+0200,e401fd36-f4a8-45e5-ad91-bdd87731a7ba,2026-06-27T00:30:00Z,2026-06-27T02:30:00+0200,2519.97998,MW,FR,FR,forecast_onshore_wind_generation,Wind Onshore,2026-07-08T18:59:22Z
2026-07-08T18:58:29Z,2026-07-08T20:58:29+0200,e401fd36-f4a8-45e5-ad91-bdd87731a7ba,2026-06-27T00:45:00Z,2026-06-27T02:45:00+0200,2513.04004,MW,FR,FR,forecast_onshore_wind_generation,Wind Onshore,2026-07-08T18:59:22Z
2026-07-08T18:58:29Z,2026-07-08T20:58:29+0200,e401fd36-f4a8-45e5-ad91-bdd87731a7ba,2026-06-27T01:00:00Z,2026-06-27T03:00:00+0200,2506.12012,MW,FR,FR,forecast_onshore_wind_generation,Wind Onshore,2026-07-08T18:59:22Z
2026-07-08T18:58:29Z,2026-07-08T20:58:29+0200,e401fd36-f4a8-45e5-ad91-bdd87731a7ba,2026-06-27T01:15:00Z,2026-06-27T03:15:00+0200,2535.17993,MW,FR,FR,forecast_onshore_wind_generation,Wind Onshore,2026-07-08T18:59:22Z
2026-07-08T18:58:29Z,2026-07-08T20:58:29+0200,e401fd36-f4a8-45e5-ad91-bdd87731a7ba,2026-06-27T01:30:00Z,2026-06-27T03:30:00+0200,2564.27002,MW,FR,FR,forecast_onshore_wind_generation,Wind Onshore,2026-07-08T18:59:22Z
2026-07-08T18:58:29Z,2026-07-08T20:58:29+0200,e401fd36-f4a8-45e5-ad91-bdd87731a7ba,2026-06-27T01:45:00Z,2026-06-27T03:45:00+0200,2593.43018,MW,FR,FR,forecast_onshore_wind_generation,Wind Onshore,2026-07-08T18:59:22Z
2026-07-08T18:58:29Z,2026-07-08T20:58:29+0200,e401fd36-f4a8-45e5-ad91-bdd87731a7ba,2026-06-27T02:00:00Z,2026-06-27T04:00:00+0200,2622.62012,MW,FR,FR,forecast_onshore_wind_generation,Wind Onshore,2026-07-08T18:59:22Z
2026-07-08T18:58:29Z,2026-07-08T20:58:29+0200,e401fd36-f4a8-45e5-ad91-bdd87731a7ba,2026-06-27T02:15:00Z,2026-06-27T04:15:00+0200,2647.06982,MW,FR,FR,forecast_onshore_wind_generation,Wind Onshore,2026-07-08T18:59:22Z
2026-07-08T18:58:29Z,2026-07-08T20:58:29+0200,e401fd36-f4a8-45e5-ad91-bdd87731a7ba,2026-06-27T02:30:00Z,2026-06-27T04:30:00+0200,2671.54004,MW,FR,FR,forecast_onshore_wind_generation,Wind Onshore,2026-07-08T18:59:22Z
2026-07-08T18:58:29Z,2026-07-08T20:58:29+0200,e401fd36-f4a8-45e5-ad91-bdd87731a7ba,2026-06-27T02:45:00Z,2026-06-27T04:45:00+0200,2696.06006,MW,FR,FR,forecast_onshore_wind_generation,Wind Onshore,2026-07-08T18:59:22Z
2026-07-08T18:58:29Z,2026-07-08T20:58:29+0200,e401fd36-f4a8-45e5-ad91-bdd87731a7ba,2026-06-27T03:00:00Z,2026-06-27T05:00:00+0200,2720.64014,MW,FR,FR,forecast_onshore_wind_generation,Wind Onshore,2026-07-08T18:59:22Z
2026-07-08T18:58:29Z,2026-07-08T20:58:29+0200,e401fd36-f4a8-45e5-ad91-bdd87731a7ba,2026-06-27T03:15:00Z,2026-06-27T05:15:00+0200,2731.55005,MW,FR,FR,forecast_onshore_wind_generation,Wind Onshore,2026-07-08T18:59:22Z
2026-07-08T18:58:29Z,2026-07-08T20:58:29+0200,e401fd36-f4a8-45e5-ad91-bdd87731a7ba,2026-06-27T03:30:00Z,2026-06-27T05:30:00+0200,2742.5,MW,FR,FR,forecast_onshore_wind_generation,Wind Onshore,2026-07-08T18:59:22Z
2026-07-08T18:58:29Z,2026-07-08T20:58:29+0200,e401fd36-f4a8-45e5-ad91-bdd87731a7ba,2026-06-27T03:45:00Z,2026-06-27T05:45:00+0200,2753.26001,MW,FR,FR,forecast_onshore_wind_generation,Wind Onshore,2026-07-08T18:59:22Z
2026-07-08T18:58:29Z,2026-07-08T20:58:29+0200,e401fd36-f4a8-45e5-ad91-bdd87731a7ba,2026-06-27T04:00:00Z,2026-06-27T06:00:00+0200,2764.07983,MW,FR,FR,forecast_onshore_wind_generation,Wind Onshore,2026-07-08T18:59:22Z
2026-07-08T18:58:29Z,2026-07-08T20:58:29+0200,e401fd36-f4a8-45e5-ad91-bdd87731a7ba,2026-06-27T04:15:00Z,2026-06-27T06:15:00+0200,2741.80005,MW,FR,FR,forecast_onshore_wind_generation,Wind Onshore,2026-07-08T18:59:22Z
2026-07-08T18:58:29Z,2026-07-08T20:58:29+0200,e401fd36-f4a8-45e5-ad91-bdd87731a7ba,2026-06-27T04:30:00Z,2026-06-27T06:30:00+0200,2719.59985,MW,FR,FR,forecast_onshore_wind_generation,Wind Onshore,2026-07-08T18:59:22Z
2026-07-08T18:58:29Z,2026-07-08T20:58:29+0200,e401fd36-f4a8-45e5-ad91-bdd87731a7ba,2026-06-27T04:45:00Z,2026-06-27T06:45:00+0200,2697.25,MW,FR,FR,forecast_onshore_wind_generation,Wind Onshore,2026-07-08T18:59:22Z
2026-07-08T18:58:29Z,2026-07-08T20:58:29+0200,e401fd36-f4a8-45e5-ad91-bdd87731a7ba,2026-06-27T05:00:00Z,2026-06-27T07:00:00+0200,2674.88989,MW,FR,FR,forecast_onshore_wind_generation,Wind Onshore,2026-07-08T18:59:22Z
2026-07-08T18:58:29Z,2026-07-08T20:58:29+0200,e401fd36-f4a8-45e5-ad91-bdd87731a7ba,2026-06-27T05:15:00Z,2026-06-27T07:15:00+0200,2672.73999,MW,FR,FR,forecast_onshore_wind_generation,Wind Onshore,2026-07-08T18:59:22Z
2026-07-08T18:58:29Z,2026-07-08T20:58:29+0200,e401fd36-f4a8-45e5-ad91-bdd87731a7ba,2026-06-27T05:30:00Z,2026-06-27T07:30:00+0200,2670.65991,MW,FR,FR,forecast_onshore_wind_generation,Wind Onshore,2026-07-08T18:59:22Z
2026-07-08T18:58:29Z,2026-07-08T20:58:29+0200,e401fd36-f4a8-45e5-ad91-bdd87731a7ba,2026-06-27T05:45:00Z,2026-06-27T07:45:00+0200,2668.53003,MW,FR,FR,forecast_onshore_wind_generation,Wind Onshore,2026-07-08T18:59:22Z
2026-07-08T18:58:29Z,2026-07-08T20:58:29+0200,e401fd36-f4a8-45e5-ad91-bdd87731a7ba,2026-06-27T06:00:00Z,2026-06-27T08:00:00+0200,2666.46997,MW,FR,FR,forecast_onshore_wind_generation,Wind Onshore,2026-07-08T18:59:22Z
2026-07-08T18:58:29Z,2026-07-08T20:58:29+0200,e401fd36-f4a8-45e5-ad91-bdd87731a7ba,2026-06-27T06:15:00Z,2026-06-27T08:15:00+0200,2397.8501,MW,FR,FR,forecast_onshore_wind_generation,Wind Onshore,2026-07-08T18:59:22Z
2026-07-08T18:58:29Z,2026-07-08T20:58:29+0200,e401fd36-f4a8-45e5-ad91-bdd87731a7ba,2026-06-27T06:30:00Z,2026-06-27T08:30:00+0200,2129.66992,MW,FR,FR,forecast_onshore_wind_generation,Wind Onshore,2026-07-08T18:59:22Z
2026-07-08T18:58:29Z,2026-07-08T20:58:29+0200,e401fd36-f4a8-45e5-ad91-bdd87731a7ba,2026-06-27T06:45:00Z,2026-06-27T08:45:00+0200,1861.58008,MW,FR,FR,forecast_onshore_wind_generation,Wind Onshore,2026-07-08T18:59:22Z
2026-07-08T18:58:29Z,2026-07-08T20:58:29+0200,e401fd36-f4a8-45e5-ad91-bdd87731a7ba,2026-06-27T07:00:00Z,2026-06-27T09:00:00+0200,1594.09998,MW,FR,FR,forecast_onshore_wind_generation,Wind Onshore,2026-07-08T18:59:22Z
2026-07-08T18:58:29Z,2026-07-08T20:58:29+0200,e401fd36-f4a8-45e5-ad91-bdd87731a7ba,2026-06-27T07:15:00Z,2026-06-27T09:15:00+0200,1500.03003,MW,FR,FR,forecast_onshore_wind_generation,Wind Onshore,2026-07-08T18:59:22Z
2026-07-08T18:58:29Z,2026-07-08T20:58:29+0200,e401fd36-f4a8-45e5-ad91-bdd87731a7ba,2026-06-27T07:30:00Z,2026-06-27T09:30:00+0200,1406.21008,MW,FR,FR,forecast_onshore_wind_generation,Wind Onshore,2026-07-08T18:59:22Z
2026-07-08T18:58:29Z,2026-07-08T20:58:29+0200,e401fd36-f4a8-45e5-ad91-bdd87731a7ba,2026-06-27T07:45:00Z,2026-06-27T09:45:00+0200,1312.45996,MW,FR,FR,forecast_onshore_wind_generation,Wind Onshore,2026-07-08T18:59:22Z
2026-07-08T18:58:29Z,2026-07-08T20:58:29+0200,e401fd36-f4a8-45e5-ad91-bdd87731a7ba,2026-06-27T08:00:00Z,2026-06-27T10:00:00+0200,1218.98999,MW,FR,FR,forecast_onshore_wind_generation,Wind Onshore,2026-07-08T18:59:22Z
2026-07-08T18:58:29Z,2026-07-08T20:58:29+0200,e401fd36-f4a8-45e5-ad91-bdd87731a7ba,2026-06-27T08:15:00Z,2026-06-27T10:15:00+0200,1235.58008,MW,FR,FR,forecast_onshore_wind_generation,Wind Onshore,2026-07-08T18:59:22Z
2026-07-08T18:58:29Z,2026-07-08T20:58:29+0200,e401fd36-f4a8-45e5-ad91-bdd87731a7ba,2026-06-27T08:30:00Z,2026-06-27T10:30:00+0200,1252.32996,MW,FR,FR,forecast_onshore_wind_generation,Wind Onshore,2026-07-08T18:59:22Z
2026-07-08T18:58:29Z,2026-07-08T20:58:29+0200,e401fd36-f4a8-45e5-ad91-bdd87731a7ba,2026-06-27T08:45:00Z,2026-06-27T10:45:00+0200,1269.34009,MW,FR,FR,forecast_onshore_wind_generation,Wind Onshore,2026-07-08T18:59:22Z
2026-07-08T18:58:29Z,2026-07-08T20:58:29+0200,e401fd36-f4a8-45e5-ad91-bdd87731a7ba,2026-06-27T09:00:00Z,2026-06-27T11:00:00+0200,1286.81995,MW,FR,FR,forecast_onshore_wind_generation,Wind Onshore,2026-07-08T18:59:22Z
2026-07-08T18:58:29Z,2026-07-08T20:58:29+0200,e401fd36-f4a8-45e5-ad91-bdd87731a7ba,2026-06-27T09:15:00Z,2026-06-27T11:15:00+0200,1331.35999,MW,FR,FR,forecast_onshore_wind_generation,Wind Onshore,2026-07-08T18:59:22Z
2026-07-08T18:58:29Z,2026-07-08T20:58:29+0200,e401fd36-f4a8-45e5-ad91-bdd87731a7ba,2026-06-27T09:30:00Z,2026-06-27T11:30:00+0200,1376.19995,MW,FR,FR,forecast_onshore_wind_generation,Wind Onshore,2026-07-08T18:59:22Z
2026-07-08T18:58:29Z,2026-07-08T20:58:29+0200,e401fd36-f4a8-45e5-ad91-bdd87731a7ba,2026-06-27T09:45:00Z,2026-06-27T11:45:00+0200,1421.10999,MW,FR,FR,forecast_onshore_wind_generation,Wind Onshore,2026-07-08T18:59:22Z
2026-07-08T18:58:29Z,2026-07-08T20:58:29+0200,e401fd36-f4a8-45e5-ad91-bdd87731a7ba,2026-06-27T10:00:00Z,2026-06-27T12:00:00+0200,1466.07007,MW,FR,FR,forecast_onshore_wind_generation,Wind Onshore,2026-07-08T18:59:22Z
2026-07-08T18:58:29Z,2026-07-08T20:58:29+0200,e401fd36-f4a8-45e5-ad91-bdd87731a7ba,2026-06-27T10:15:00Z,2026-06-27T12:15:00+0200,1522.72998,MW,FR,FR,forecast_onshore_wind_generation,Wind Onshore,2026-07-08T18:59:22Z
2026-07-08T18:58:29Z,2026-07-08T20:58:29+0200,e401fd36-f4a8-45e5-ad91-bdd87731a7ba,2026-06-27T10:30:00Z,2026-06-27T12:30:00+0200,1579.73999,MW,FR,FR,forecast_onshore_wind_generation,Wind Onshore,2026-07-08T18:59:22Z
2026-07-08T18:58:29Z,2026-07-08T20:58:29+0200,e401fd36-f4a8-45e5-ad91-bdd87731a7ba,2026-06-27T10:45:00Z,2026-06-27T12:45:00+0200,1636.89001,MW,FR,FR,forecast_onshore_wind_generation,Wind Onshore,2026-07-08T18:59:22Z
2026-07-08T18:58:29Z,2026-07-08T20:58:29+0200,e401fd36-f4a8-45e5-ad91-bdd87731a7ba,2026-06-27T11:00:00Z,2026-06-27T13:00:00+0200,1694.10999,MW,FR,FR,forecast_onshore_wind_generation,Wind Onshore,2026-07-08T18:59:22Z
2026-07-08T18:58:29Z,2026-07-08T20:58:29+0200,e401fd36-f4a8-45e5-ad91-bdd87731a7ba,2026-06-27T11:15:00Z,2026-06-27T13:15:00+0200,1729.32007,MW,FR,FR,forecast_onshore_wind_generation,Wind Onshore,2026-07-08T18:59:22Z
2026-07-08T18:58:29Z,2026-07-08T20:58:29+0200,e401fd36-f4a8-45e5-ad91-bdd87731a7ba,2026-06-27T11:30:00Z,2026-06-27T13:30:00+0200,1764.62,MW,FR,FR,forecast_onshore_wind_generation,Wind Onshore,2026-07-08T18:59:22Z
2026-07-08T18:58:29Z,2026-07-08T20:58:29+0200,e401fd36-f4a8-45e5-ad91-bdd87731a7ba,2026-06-27T11:45:00Z,2026-06-27T13:45:00+0200,1800.03003,MW,FR,FR,forecast_onshore_wind_generation,Wind Onshore,2026-07-08T18:59:22Z
2026-07-08T18:58:29Z,2026-07-08T20:58:29+0200,e401fd36-f4a8-45e5-ad91-bdd87731a7ba,2026-06-27T12:00:00Z,2026-06-27T14:00:00+0200,1835.86011,MW,FR,FR,forecast_onshore_wind_generation,Wind Onshore,2026-07-08T18:59:22Z
2026-07-08T18:58:29Z,2026-07-08T20:58:29+0200,e401fd36-f4a8-45e5-ad91-bdd87731a7ba,2026-06-27T12:15:00Z,2026-06-27T14:15:00+0200,1864.91003,MW,FR,FR,forecast_onshore_wind_generation,Wind Onshore,2026-07-08T18:59:22Z
2026-07-08T18:58:29Z,2026-07-08T20:58:29+0200,e401fd36-f4a8-45e5-ad91-bdd87731a7ba,2026-06-27T12:30:00Z,2026-06-27T14:30:00+0200,1894.03003,MW,FR,FR,forecast_onshore_wind_generation,Wind Onshore,2026-07-08T18:59:22Z
2026-07-08T18:58:29Z,2026-07-08T20:58:29+0200,e401fd36-f4a8-45e5-ad91-bdd87731a7ba,2026-06-27T12:45:00Z,2026-06-27T14:45:00+0200,1923.59998,MW,FR,FR,forecast_onshore_wind_generation,Wind Onshore,2026-07-08T18:59:22Z
2026-07-08T18:58:29Z,2026-07-08T20:58:29+0200,e401fd36-f4a8-45e5-ad91-bdd87731a7ba,2026-06-27T13:00:00Z,2026-06-27T15:00:00+0200,1954.16992,MW,FR,FR,forecast_onshore_wind_generation,Wind Onshore,2026-07-08T18:59:22Z
2026-07-08T18:58:29Z,2026-07-08T20:58:29+0200,e401fd36-f4a8-45e5-ad91-bdd87731a7ba,2026-06-27T13:15:00Z,2026-06-27T15:15:00+0200,2114.31006,MW,FR,FR,forecast_onshore_wind_generation,Wind Onshore,2026-07-08T18:59:22Z
2026-07-08T18:58:29Z,2026-07-08T20:58:29+0200,e401fd36-f4a8-45e5-ad91-bdd87731a7ba,2026-06-27T13:30:00Z,2026-06-27T15:30:00+0200,2275.08984,MW,FR,FR,forecast_onshore_wind_generation,Wind Onshore,2026-07-08T18:59:22Z
2026-07-08T18:58:29Z,2026-07-08T20:58:29+0200,e401fd36-f4a8-45e5-ad91-bdd87731a7ba,2026-06-27T13:45:00Z,2026-06-27T15:45:00+0200,2436.11987,MW,FR,FR,forecast_onshore_wind_generation,Wind Onshore,2026-07-08T18:59:22Z
2026-07-08T18:58:29Z,2026-07-08T20:58:29+0200,e401fd36-f4a8-45e5-ad91-bdd87731a7ba,2026-06-27T14:00:00Z,2026-06-27T16:00:00+0200,2597.57007,MW,FR,FR,forecast_onshore_wind_generation,Wind Onshore,2026-07-08T18:59:22Z
2026-07-08T18:58:29Z,2026-07-08T20:58:29+0200,e401fd36-f4a8-45e5-ad91-bdd87731a7ba,2026-06-27T14:15:00Z,2026-06-27T16:15:00+0200,2603.67017,MW,FR,FR,forecast_onshore_wind_generation,Wind Onshore,2026-07-08T18:59:22Z
2026-07-08T18:58:29Z,2026-07-08T20:58:29+0200,e401fd36-f4a8-45e5-ad91-bdd87731a7ba,2026-06-27T14:30:00Z,2026-06-27T16:30:00+0200,2612.55005,MW,FR,FR,forecast_onshore_wind_generation,Wind Onshore,2026-07-08T18:59:22Z
2026-07-08T18:58:29Z,2026-07-08T20:58:29+0200,e401fd36-f4a8-45e5-ad91-bdd87731a7ba,2026-06-27T14:45:00Z,2026-06-27T16:45:00+0200,2621.83008,MW,FR,FR,forecast_onshore_wind_generation,Wind Onshore,2026-07-08T18:59:22Z
2026-07-08T18:58:29Z,2026-07-08T20:58:29+0200,e401fd36-f4a8-45e5-ad91-bdd87731a7ba,2026-06-27T15:00:00Z,2026-06-27T17:00:00+0200,2631.30005,MW,FR,FR,forecast_onshore_wind_generation,Wind Onshore,2026-07-08T18:59:22Z
2026-07-08T18:58:29Z,2026-07-08T20:58:29+0200,e401fd36-f4a8-45e5-ad91-bdd87731a7ba,2026-06-27T15:15:00Z,2026-06-27T17:15:00+0200,2670.8501,MW,FR,FR,forecast_onshore_wind_generation,Wind Onshore,2026-07-08T18:59:22Z
2026-07-08T18:58:29Z,2026-07-08T20:58:29+0200,e401fd36-f4a8-45e5-ad91-bdd87731a7ba,2026-06-27T15:30:00Z,2026-06-27T17:30:00+0200,2710.55005,MW,FR,FR,forecast_onshore_wind_generation,Wind Onshore,2026-07-08T18:59:22Z
2026-07-08T18:58:29Z,2026-07-08T20:58:29+0200,e401fd36-f4a8-45e5-ad91-bdd87731a7ba,2026-06-27T15:45:00Z,2026-06-27T17:45:00+0200,2750.64014,MW,FR,FR,forecast_onshore_wind_generation,Wind Onshore,2026-07-08T18:59:22Z
2026-07-08T18:58:29Z,2026-07-08T20:58:29+0200,e401fd36-f4a8-45e5-ad91-bdd87731a7ba,2026-06-27T16:00:00Z,2026-06-27T18:00:00+0200,2791.65991,MW,FR,FR,forecast_onshore_wind_generation,Wind Onshore,2026-07-08T18:59:22Z
2026-07-08T18:58:29Z,2026-07-08T20:58:29+0200,e401fd36-f4a8-45e5-ad91-bdd87731a7ba,2026-06-27T16:15:00Z,2026-06-27T18:15:00+0200,2685.55005,MW,FR,FR,forecast_onshore_wind_generation,Wind Onshore,2026-07-08T18:59:22Z
2026-07-08T18:58:29Z,2026-07-08T20:58:29+0200,e401fd36-f4a8-45e5-ad91-bdd87731a7ba,2026-06-27T16:30:00Z,2026-06-27T18:30:00+0200,2579.96997,MW,FR,FR,forecast_onshore_wind_generation,Wind Onshore,2026-07-08T18:59:22Z
2026-07-08T18:58:29Z,2026-07-08T20:58:29+0200,e401fd36-f4a8-45e5-ad91-bdd87731a7ba,2026-06-27T16:45:00Z,2026-06-27T18:45:00+0200,2474.92017,MW,FR,FR,forecast_onshore_wind_generation,Wind Onshore,2026-07-08T18:59:22Z
2026-07-08T18:58:29Z,2026-07-08T20:58:29+0200,e401fd36-f4a8-45e5-ad91-bdd87731a7ba,2026-06-27T17:00:00Z,2026-06-27T19:00:00+0200,2370.33008,MW,FR,FR,forecast_onshore_wind_generation,Wind Onshore,2026-07-08T18:59:22Z
2026-07-08T18:58:29Z,2026-07-08T20:58:29+0200,e401fd36-f4a8-45e5-ad91-bdd87731a7ba,2026-06-27T17:15:00Z,2026-06-27T19:15:00+0200,2301.75,MW,FR,FR,forecast_onshore_wind_generation,Wind Onshore,2026-07-08T18:59:22Z
2026-07-08T18:58:29Z,2026-07-08T20:58:29+0200,e401fd36-f4a8-45e5-ad91-bdd87731a7ba,2026-06-27T17:30:00Z,2026-06-27T19:30:00+0200,2233.21997,MW,FR,FR,forecast_onshore_wind_generation,Wind Onshore,2026-07-08T18:59:22Z
2026-07-08T18:58:29Z,2026-07-08T20:58:29+0200,e401fd36-f4a8-45e5-ad91-bdd87731a7ba,2026-06-27T17:45:00Z,2026-06-27T19:45:00+0200,2165.28003,MW,FR,FR,forecast_onshore_wind_generation,Wind Onshore,2026-07-08T18:59:22Z
2026-07-08T18:58:29Z,2026-07-08T20:58:29+0200,e401fd36-f4a8-45e5-ad91-bdd87731a7ba,2026-06-27T18:00:00Z,2026-06-27T20:00:00+0200,2098.01001,MW,FR,FR,forecast_onshore_wind_generation,Wind Onshore,2026-07-08T18:59:22Z
2026-07-08T18:58:29Z,2026-07-08T20:58:29+0200,e401fd36-f4a8-45e5-ad91-bdd87731a7ba,2026-06-27T18:15:00Z,2026-06-27T20:15:00+0200,2068.8999,MW,FR,FR,forecast_onshore_wind_generation,Wind Onshore,2026-07-08T18:59:22Z
2026-07-08T18:58:29Z,2026-07-08T20:58:29+0200,e401fd36-f4a8-45e5-ad91-bdd87731a7ba,2026-06-27T18:30:00Z,2026-06-27T20:30:00+0200,2040.41003,MW,FR,FR,forecast_onshore_wind_generation,Wind Onshore,2026-07-08T18:59:22Z
2026-07-08T18:58:29Z,2026-07-08T20:58:29+0200,e401fd36-f4a8-45e5-ad91-bdd87731a7ba,2026-06-27T18:45:00Z,2026-06-27T20:45:00+0200,2012.37,MW,FR,FR,forecast_onshore_wind_generation,Wind Onshore,2026-07-08T18:59:22Z
2026-07-08T18:58:29Z,2026-07-08T20:58:29+0200,e401fd36-f4a8-45e5-ad91-bdd87731a7ba,2026-06-27T19:00:00Z,2026-06-27T21:00:00+0200,1984.69995,MW,FR,FR,forecast_onshore_wind_generation,Wind Onshore,2026-07-08T18:59:22Z
2026-07-08T18:58:29Z,2026-07-08T20:58:29+0200,e401fd36-f4a8-45e5-ad91-bdd87731a7ba,2026-06-27T19:15:00Z,2026-06-27T21:15:00+0200,2010.77991,MW,FR,FR,forecast_onshore_wind_generation,Wind Onshore,2026-07-08T18:59:22Z
2026-07-08T18:58:29Z,2026-07-08T20:58:29+0200,e401fd36-f4a8-45e5-ad91-bdd87731a7ba,2026-06-27T19:30:00Z,2026-06-27T21:30:00+0200,2037.50012,MW,FR,FR,forecast_onshore_wind_generation,Wind Onshore,2026-07-08T18:59:22Z
2026-07-08T18:58:29Z,2026-07-08T20:58:29+0200,e401fd36-f4a8-45e5-ad91-bdd87731a7ba,2026-06-27T19:45:00Z,2026-06-27T21:45:00+0200,2064.22998,MW,FR,FR,forecast_onshore_wind_generation,Wind Onshore,2026-07-08T18:59:22Z
2026-07-08T18:58:29Z,2026-07-08T20:58:29+0200,e401fd36-f4a8-45e5-ad91-bdd87731a7ba,2026-06-27T20:00:00Z,2026-06-27T22:00:00+0200,2091.11987,MW,FR,FR,forecast_onshore_wind_generation,Wind Onshore,2026-07-08T18:59:22Z
2026-07-08T18:58:29Z,2026-07-08T20:58:29+0200,e401fd36-f4a8-45e5-ad91-bdd87731a7ba,2026-06-27T20:15:00Z,2026-06-27T22:15:00+0200,2098.77002,MW,FR,FR,forecast_onshore_wind_generation,Wind Onshore,2026-07-08T18:59:22Z
2026-07-08T18:58:29Z,2026-07-08T20:58:29+0200,e401fd36-f4a8-45e5-ad91-bdd87731a7ba,2026-06-27T20:30:00Z,2026-06-27T22:30:00+0200,2106.49023,MW,FR,FR,forecast_onshore_wind_generation,Wind Onshore,2026-07-08T18:59:22Z
2026-07-08T18:58:29Z,2026-07-08T20:58:29+0200,e401fd36-f4a8-45e5-ad91-bdd87731a7ba,2026-06-27T20:45:00Z,2026-06-27T22:45:00+0200,2114.11011,MW,FR,FR,forecast_onshore_wind_generation,Wind Onshore,2026-07-08T18:59:22Z
2026-07-08T18:58:29Z,2026-07-08T20:58:29+0200,e401fd36-f4a8-45e5-ad91-bdd87731a7ba,2026-06-27T21:00:00Z,2026-06-27T23:00:00+0200,2121.75,MW,FR,FR,forecast_onshore_wind_generation,Wind Onshore,2026-07-08T18:59:22Z
2026-07-08T18:58:29Z,2026-07-08T20:58:29+0200,e401fd36-f4a8-45e5-ad91-bdd87731a7ba,2026-06-27T21:15:00Z,2026-06-27T23:15:00+0200,2145.48999,MW,FR,FR,forecast_onshore_wind_generation,Wind Onshore,2026-07-08T18:59:22Z
2026-07-08T18:58:29Z,2026-07-08T20:58:29+0200,e401fd36-f4a8-45e5-ad91-bdd87731a7ba,2026-06-27T21:30:00Z,2026-06-27T23:30:00+0200,2169.29004,MW,FR,FR,forecast_onshore_wind_generation,Wind Onshore,2026-07-08T18:59:22Z
2026-07-08T18:58:29Z,2026-07-08T20:58:29+0200,e401fd36-f4a8-45e5-ad91-bdd87731a7ba,2026-06-27T21:45:00Z,2026-06-27T23:45:00+0200,2193.16992,MW,FR,FR,forecast_onshore_wind_generation,Wind Onshore,2026-07-08T18:59:22Z
2026-07-08T18:58:29Z,2026-07-08T20:58:29+0200,e401fd36-f4a8-45e5-ad91-bdd87731a7ba,2026-06-27T22:00:00Z,2026-06-28T00:00:00+0200,2498.27002,MW,FR,FR,forecast_onshore_wind_generation,Wind Onshore,2026-07-08T18:59:22Z
2026-07-08T18:58:29Z,2026-07-08T20:58:29+0200,e401fd36-f4a8-45e5-ad91-bdd87731a7ba,2026-06-27T22:15:00Z,2026-06-28T00:15:00+0200,2491.56982,MW,FR,FR,forecast_onshore_wind_generation,Wind Onshore,2026-07-08T18:59:22Z
2026-07-08T18:58:29Z,2026-07-08T20:58:29+0200,e401fd36-f4a8-45e5-ad91-bdd87731a7ba,2026-06-27T22:30:00Z,2026-06-28T00:30:00+0200,2485.22998,MW,FR,FR,forecast_onshore_wind_generation,Wind Onshore,2026-07-08T18:59:22Z
2026-07-08T18:58:29Z,2026-07-08T20:58:29+0200,e401fd36-f4a8-45e5-ad91-bdd87731a7ba,2026-06-27T22:45:00Z,2026-06-28T00:45:00+0200,2479.48999,MW,FR,FR,forecast_onshore_wind_generation,Wind Onshore,2026-07-08T18:59:22Z
2026-07-08T18:58:29Z,2026-07-08T20:58:29+0200,e401fd36-f4a8-45e5-ad91-bdd87731a7ba,2026-06-27T23:00:00Z,2026-06-28T01:00:00+0200,2473.80005,MW,FR,FR,forecast_onshore_wind_generation,Wind Onshore,2026-07-08T18:59:22Z
2026-07-08T18:58:29Z,2026-07-08T20:58:29+0200,e401fd36-f4a8-45e5-ad91-bdd87731a7ba,2026-06-27T23:15:00Z,2026-06-28T01:15:00+0200,2507.72021,MW,FR,FR,forecast_onshore_wind_generation,Wind Onshore,2026-07-08T18:59:22Z
2026-07-08T18:58:29Z,2026-07-08T20:58:29+0200,e401fd36-f4a8-45e5-ad91-bdd87731a7ba,2026-06-27T23:30:00Z,2026-06-28T01:30:00+0200,2541.68994,MW,FR,FR,forecast_onshore_wind_generation,Wind Onshore,2026-07-08T18:59:22Z
2026-07-08T18:58:29Z,2026-07-08T20:58:29+0200,e401fd36-f4a8-45e5-ad91-bdd87731a7ba,2026-06-27T23:45:00Z,2026-06-28T01:45:00+0200,2575.63989,MW,FR,FR,forecast_onshore_wind_generation,Wind Onshore,2026-07-08T18:59:22Z
2026-07-08T18:58:29Z,2026-07-08T20:58:29+0200,e401fd36-f4a8-45e5-ad91-bdd87731a7ba,2026-06-28T00:00:00Z,2026-06-28T02:00:00+0200,2609.65015,MW,FR,FR,forecast_onshore_wind_generation,Wind Onshore,2026-07-08T18:59:22Z
2026-07-08T18:58:29Z,2026-07-08T20:58:29+0200,e401fd36-f4a8-45e5-ad91-bdd87731a7ba,2026-06-28T00:15:00Z,2026-06-28T02:15:00+0200,2588.80981,MW,FR,FR,forecast_onshore_wind_generation,Wind Onshore,2026-07-08T18:59:22Z
2026-07-08T18:58:29Z,2026-07-08T20:58:29+0200,e401fd36-f4a8-45e5-ad91-bdd87731a7ba,2026-06-28T00:30:00Z,2026-06-28T02:30:00+0200,2568.0,MW,FR,FR,forecast_onshore_wind_generation,Wind Onshore,2026-07-08T18:59:22Z
2026-07-08T18:58:29Z,2026-07-08T20:58:29+0200,e401fd36-f4a8-45e5-ad91-bdd87731a7ba,2026-06-28T00:45:00Z,2026-06-28T02:45:00+0200,2547.34009,MW,FR,FR,forecast_onshore_wind_generation,Wind Onshore,2026-07-08T18:59:22Z
2026-07-08T18:58:29Z,2026-07-08T20:58:29+0200,e401fd36-f4a8-45e5-ad91-bdd87731a7ba,2026-06-28T01:00:00Z,2026-06-28T03:00:00+0200,2526.68018,MW,FR,FR,forecast_onshore_wind_generation,Wind Onshore,2026-07-08T18:59:22Z
2026-07-08T18:58:29Z,2026-07-08T20:58:29+0200,e401fd36-f4a8-45e5-ad91-bdd87731a7ba,2026-06-28T01:15:00Z,2026-06-28T03:15:00+0200,2464.12012,MW,FR,FR,forecast_onshore_wind_generation,Wind Onshore,2026-07-08T18:59:22Z
2026-07-08T18:58:29Z,2026-07-08T20:58:29+0200,e401fd36-f4a8-45e5-ad91-bdd87731a7ba,2026-06-28T01:30:00Z,2026-06-28T03:30:00+0200,2401.61987,MW,FR,FR,forecast_onshore_wind_generation,Wind Onshore,2026-07-08T18:59:22Z
2026-07-08T18:58:29Z,2026-07-08T20:58:29+0200,e401fd36-f4a8-45e5-ad91-bdd87731a7ba,2026-06-28T01:45:00Z,2026-06-28T03:45:00+0200,2339.22998,MW,FR,FR,forecast_onshore_wind_generation,Wind Onshore,2026-07-08T18:59:22Z
2026-07-08T18:58:29Z,2026-07-08T20:58:29+0200,e401fd36-f4a8-45e5-ad91-bdd87731a7ba,2026-06-28T02:00:00Z,2026-06-28T04:00:00+0200,2276.98999,MW,FR,FR,forecast_onshore_wind_generation,Wind Onshore,2026-07-08T18:59:22Z
2026-07-08T18:58:29Z,2026-07-08T20:58:29+0200,e401fd36-f4a8-45e5-ad91-bdd87731a7ba,2026-06-28T02:15:00Z,2026-06-28T04:15:00+0200,2209.46997,MW,FR,FR,forecast_onshore_wind_generation,Wind Onshore,2026-07-08T18:59:22Z
2026-07-08T18:58:29Z,2026-07-08T20:58:29+0200,e401fd36-f4a8-45e5-ad91-bdd87731a7ba,2026-06-28T02:30:00Z,2026-06-28T04:30:00+0200,2141.97021,MW,FR,FR,forecast_onshore_wind_generation,Wind Onshore,2026-07-08T18:59:22Z
2026-07-08T18:58:29Z,2026-07-08T20:58:29+0200,e401fd36-f4a8-45e5-ad91-bdd87731a7ba,2026-06-28T02:45:00Z,2026-06-28T04:45:00+0200,2074.51001,MW,FR,FR,forecast_onshore_wind_generation,Wind Onshore,2026-07-08T18:59:22Z
2026-07-08T18:58:29Z,2026-07-08T20:58:29+0200,e401fd36-f4a8-45e5-ad91-bdd87731a7ba,2026-06-28T03:00:00Z,2026-06-28T05:00:00+0200,2007.22998,MW,FR,FR,forecast_onshore_wind_generation,Wind Onshore,2026-07-08T18:59:22Z
2026-07-08T18:58:29Z,2026-07-08T20:58:29+0200,e401fd36-f4a8-45e5-ad91-bdd87731a7ba,2026-06-28T03:15:00Z,2026-06-28T05:15:00+0200,1946.56006,MW,FR,FR,forecast_onshore_wind_generation,Wind Onshore,2026-07-08T18:59:22Z
2026-07-08T18:58:29Z,2026-07-08T20:58:29+0200,e401fd36-f4a8-45e5-ad91-bdd87731a7ba,2026-06-28T03:30:00Z,2026-06-28T05:30:00+0200,1886.13989,MW,FR,FR,forecast_onshore_wind_generation,Wind Onshore,2026-07-08T18:59:22Z
2026-07-08T18:58:29Z,2026-07-08T20:58:29+0200,e401fd36-f4a8-45e5-ad91-bdd87731a7ba,2026-06-28T03:45:00Z,2026-06-28T05:45:00+0200,1825.89001,MW,FR,FR,forecast_onshore_wind_generation,Wind Onshore,2026-07-08T18:59:22Z
2026-07-08T18:58:29Z,2026-07-08T20:58:29+0200,e401fd36-f4a8-45e5-ad91-bdd87731a7ba,2026-06-28T04:00:00Z,2026-06-28T06:00:00+0200,1765.71997,MW,FR,FR,forecast_onshore_wind_generation,Wind Onshore,2026-07-08T18:59:22Z
2026-07-08T18:58:29Z,2026-07-08T20:58:29+0200,e401fd36-f4a8-45e5-ad91-bdd87731a7ba,2026-06-28T04:15:00Z,2026-06-28T06:15:00+0200,1737.10986,MW,FR,FR,forecast_onshore_wind_generation,Wind Onshore,2026-07-08T18:59:22Z
2026-07-08T18:58:29Z,2026-07-08T20:58:29+0200,e401fd36-f4a8-45e5-ad91-bdd87731a7ba,2026-06-28T04:30:00Z,2026-06-28T06:30:00+0200,1708.57007,MW,FR,FR,forecast_onshore_wind_generation,Wind Onshore,2026-07-08T18:59:22Z
2026-07-08T18:58:29Z,2026-07-08T20:58:29+0200,e401fd36-f4a8-45e5-ad91-bdd87731a7ba,2026-06-28T04:45:00Z,2026-06-28T06:45:00+0200,1680.41003,MW,FR,FR,forecast_onshore_wind_generation,Wind Onshore,2026-07-08T18:59:22Z
2026-07-08T18:58:29Z,2026-07-08T20:58:29+0200,e401fd36-f4a8-45e5-ad91-bdd87731a7ba,2026-06-28T05:00:00Z,2026-06-28T07:00:00+0200,1652.50989,MW,FR,FR,forecast_onshore_wind_generation,Wind Onshore,2026-07-08T18:59:22Z
2026-07-08T18:58:29Z,2026-07-08T20:58:29+0200,e401fd36-f4a8-45e5-ad91-bdd87731a7ba,2026-06-28T05:15:00Z,2026-06-28T07:15:00+0200,1501.21008,MW,FR,FR,forecast_onshore_wind_generation,Wind Onshore,2026-07-08T18:59:22Z
2026-07-08T18:58:29Z,2026-07-08T20:58:29+0200,e401fd36-f4a8-45e5-ad91-bdd87731a7ba,2026-06-28T05:30:00Z,2026-06-28T07:30:00+0200,1350.25,MW,FR,FR,forecast_onshore_wind_generation,Wind Onshore,2026-07-08T18:59:22Z
2026-07-08T18:58:29Z,2026-07-08T20:58:29+0200,e401fd36-f4a8-45e5-ad91-bdd87731a7ba,2026-06-28T05:45:00Z,2026-06-28T07:45:00+0200,1199.91992,MW,FR,FR,forecast_onshore_wind_generation,Wind Onshore,2026-07-08T18:59:22Z
2026-07-08T18:58:29Z,2026-07-08T20:58:29+0200,e401fd36-f4a8-45e5-ad91-bdd87731a7ba,2026-06-28T06:00:00Z,2026-06-28T08:00:00+0200,1049.80994,MW,FR,FR,forecast_onshore_wind_generation,Wind Onshore,2026-07-08T18:59:22Z
2026-07-08T18:58:29Z,2026-07-08T20:58:29+0200,e401fd36-f4a8-45e5-ad91-bdd87731a7ba,2026-06-28T06:15:00Z,2026-06-28T08:15:00+0200,993.56006,MW,FR,FR,forecast_onshore_wind_generation,Wind Onshore,2026-07-08T18:59:22Z
2026-07-08T18:58:29Z,2026-07-08T20:58:29+0200,e401fd36-f4a8-45e5-ad91-bdd87731a7ba,2026-06-28T06:30:00Z,2026-06-28T08:30:00+0200,937.46008,MW,FR,FR,forecast_onshore_wind_generation,Wind Onshore,2026-07-08T18:59:22Z
2026-07-08T18:58:29Z,2026-07-08T20:58:29+0200,e401fd36-f4a8-45e5-ad91-bdd87731a7ba,2026-06-28T06:45:00Z,2026-06-28T08:45:00+0200,881.58002,MW,FR,FR,forecast_onshore_wind_generation,Wind Onshore,2026-07-08T18:59:22Z
2026-07-08T18:58:29Z,2026-07-08T20:58:29+0200,e401fd36-f4a8-45e5-ad91-bdd87731a7ba,2026-06-28T07:00:00Z,2026-06-28T09:00:00+0200,826.10999,MW,FR,FR,forecast_onshore_wind_generation,Wind Onshore,2026-07-08T18:59:22Z
2026-07-08T18:58:29Z,2026-07-08T20:58:29+0200,e401fd36-f4a8-45e5-ad91-bdd87731a7ba,2026-06-28T07:15:00Z,2026-06-28T09:15:00+0200,828.14001,MW,FR,FR,forecast_onshore_wind_generation,Wind Onshore,2026-07-08T18:59:22Z
2026-07-08T18:58:29Z,2026-07-08T20:58:29+0200,e401fd36-f4a8-45e5-ad91-bdd87731a7ba,2026-06-28T07:30:00Z,2026-06-28T09:30:00+0200,830.92004,MW,FR,FR,forecast_onshore_wind_generation,Wind Onshore,2026-07-08T18:59:22Z
2026-07-08T18:58:29Z,2026-07-08T20:58:29+0200,e401fd36-f4a8-45e5-ad91-bdd87731a7ba,2026-06-28T07:45:00Z,2026-06-28T09:45:00+0200,833.88,MW,FR,FR,forecast_onshore_wind_generation,Wind Onshore,2026-07-08T18:59:22Z
2026-07-08T18:58:29Z,2026-07-08T20:58:29+0200,e401fd36-f4a8-45e5-ad91-bdd87731a7ba,2026-06-28T08:00:00Z,2026-06-28T10:00:00+0200,837.14996,MW,FR,FR,forecast_onshore_wind_generation,Wind Onshore,2026-07-08T18:59:22Z
2026-07-08T18:58:29Z,2026-07-08T20:58:29+0200,e401fd36-f4a8-45e5-ad91-bdd87731a7ba,2026-06-28T08:15:00Z,2026-06-28T10:15:00+0200,838.61005,MW,FR,FR,forecast_onshore_wind_generation,Wind Onshore,2026-07-08T18:59:22Z
2026-07-08T18:58:29Z,2026-07-08T20:58:29+0200,e401fd36-f4a8-45e5-ad91-bdd87731a7ba,2026-06-28T08:30:00Z,2026-06-28T10:30:00+0200,840.16998,MW,FR,FR,forecast_onshore_wind_generation,Wind Onshore,2026-07-08T18:59:22Z
2026-07-08T18:58:29Z,2026-07-08T20:58:29+0200,e401fd36-f4a8-45e5-ad91-bdd87731a7ba,2026-06-28T08:45:00Z,2026-06-28T10:45:00+0200,841.96997,MW,FR,FR,forecast_onshore_wind_generation,Wind Onshore,2026-07-08T18:59:22Z
2026-07-08T18:58:29Z,2026-07-08T20:58:29+0200,e401fd36-f4a8-45e5-ad91-bdd87731a7ba,2026-06-28T09:00:00Z,2026-06-28T11:00:00+0200,843.93005,MW,FR,FR,forecast_onshore_wind_generation,Wind Onshore,2026-07-08T18:59:22Z
2026-07-08T18:58:29Z,2026-07-08T20:58:29+0200,e401fd36-f4a8-45e5-ad91-bdd87731a7ba,2026-06-28T09:15:00Z,2026-06-28T11:15:00+0200,862.25,MW,FR,FR,forecast_onshore_wind_generation,Wind Onshore,2026-07-08T18:59:22Z
2026-07-08T18:58:29Z,2026-07-08T20:58:29+0200,e401fd36-f4a8-45e5-ad91-bdd87731a7ba,2026-06-28T09:30:00Z,2026-06-28T11:30:00+0200,880.95996,MW,FR,FR,forecast_onshore_wind_generation,Wind Onshore,2026-07-08T18:59:22Z
2026-07-08T18:58:29Z,2026-07-08T20:58:29+0200,e401fd36-f4a8-45e5-ad91-bdd87731a7ba,2026-06-28T09:45:00Z,2026-06-28T11:45:00+0200,899.78003,MW,FR,FR,forecast_onshore_wind_generation,Wind Onshore,2026-07-08T18:59:22Z
2026-07-08T18:58:29Z,2026-07-08T20:58:29+0200,e401fd36-f4a8-45e5-ad91-bdd87731a7ba,2026-06-28T10:00:00Z,2026-06-28T12:00:00+0200,918.76001,MW,FR,FR,forecast_onshore_wind_generation,Wind Onshore,2026-07-08T18:59:22Z
2026-07-08T18:58:29Z,2026-07-08T20:58:29+0200,e401fd36-f4a8-45e5-ad91-bdd87731a7ba,2026-06-28T10:15:00Z,2026-06-28T12:15:00+0200,1003.90002,MW,FR,FR,forecast_onshore_wind_generation,Wind Onshore,2026-07-08T18:59:22Z
2026-07-08T18:58:29Z,2026-07-08T20:58:29+0200,e401fd36-f4a8-45e5-ad91-bdd87731a7ba,2026-06-28T10:30:00Z,2026-06-28T12:30:00+0200,1089.51001,MW,FR,FR,forecast_onshore_wind_generation,Wind Onshore,2026-07-08T18:59:22Z
2026-07-08T18:58:29Z,2026-07-08T20:58:29+0200,e401fd36-f4a8-45e5-ad91-bdd87731a7ba,2026-06-28T10:45:00Z,2026-06-28T12:45:00+0200,1175.11011,MW,FR,FR,forecast_onshore_wind_generation,Wind Onshore,2026-07-08T18:59:22Z
2026-07-08T18:58:29Z,2026-07-08T20:58:29+0200,e401fd36-f4a8-45e5-ad91-bdd87731a7ba,2026-06-28T11:00:00Z,2026-06-28T13:00:00+0200,1260.88,MW,FR,FR,forecast_onshore_wind_generation,Wind Onshore,2026-07-08T18:59:22Z
2026-07-08T18:58:29Z,2026-07-08T20:58:29+0200,e401fd36-f4a8-45e5-ad91-bdd87731a7ba,2026-06-28T11:15:00Z,2026-06-28T13:15:00+0200,1286.92004,MW,FR,FR,forecast_onshore_wind_generation,Wind Onshore,2026-07-08T18:59:22Z
2026-07-08T18:58:29Z,2026-07-08T20:58:29+0200,e401fd36-f4a8-45e5-ad91-bdd87731a7ba,2026-06-28T11:30:00Z,2026-06-28T13:30:00+0200,1314.62,MW,FR,FR,forecast_onshore_wind_generation,Wind Onshore,2026-07-08T18:59:22Z
2026-07-08T18:58:29Z,2026-07-08T20:58:29+0200,e401fd36-f4a8-45e5-ad91-bdd87731a7ba,2026-06-28T11:45:00Z,2026-06-28T13:45:00+0200,1343.17993,MW,FR,FR,forecast_onshore_wind_generation,Wind Onshore,2026-07-08T18:59:22Z
2026-07-08T18:58:29Z,2026-07-08T20:58:29+0200,e401fd36-f4a8-45e5-ad91-bdd87731a7ba,2026-06-28T12:00:00Z,2026-06-28T14:00:00+0200,1372.23999,MW,FR,FR,forecast_onshore_wind_generation,Wind Onshore,2026-07-08T18:59:22Z
2026-07-08T18:58:29Z,2026-07-08T20:58:29+0200,e401fd36-f4a8-45e5-ad91-bdd87731a7ba,2026-06-28T12:15:00Z,2026-06-28T14:15:00+0200,1420.0,MW,FR,FR,forecast_onshore_wind_generation,Wind Onshore,2026-07-08T18:59:22Z
2026-07-08T18:58:29Z,2026-07-08T20:58:29+0200,e401fd36-f4a8-45e5-ad91-bdd87731a7ba,2026-06-28T12:30:00Z,2026-06-28T14:30:00+0200,1467.97998,MW,FR,FR,forecast_onshore_wind_generation,Wind Onshore,2026-07-08T18:59:22Z
2026-07-08T18:58:29Z,2026-07-08T20:58:29+0200,e401fd36-f4a8-45e5-ad91-bdd87731a7ba,2026-06-28T12:45:00Z,2026-06-28T14:45:00+0200,1516.36987,MW,FR,FR,forecast_onshore_wind_generation,Wind Onshore,2026-07-08T18:59:22Z
2026-07-08T18:58:29Z,2026-07-08T20:58:29+0200,e401fd36-f4a8-45e5-ad91-bdd87731a7ba,2026-06-28T13:00:00Z,2026-06-28T15:00:00+0200,1566.03003,MW,FR,FR,forecast_onshore_wind_generation,Wind Onshore,2026-07-08T18:59:22Z
2026-07-08T18:58:29Z,2026-07-08T20:58:29+0200,e401fd36-f4a8-45e5-ad91-bdd87731a7ba,2026-06-28T13:15:00Z,2026-06-28T15:15:00+0200,1625.8999,MW,FR,FR,forecast_onshore_wind_generation,Wind Onshore,2026-07-08T18:59:22Z
2026-07-08T18:58:29Z,2026-07-08T20:58:29+0200,e401fd36-f4a8-45e5-ad91-bdd87731a7ba,2026-06-28T13:30:00Z,2026-06-28T15:30:00+0200,1686.37,MW,FR,FR,forecast_onshore_wind_generation,Wind Onshore,2026-07-08T18:59:22Z
2026-07-08T18:58:29Z,2026-07-08T20:58:29+0200,e401fd36-f4a8-45e5-ad91-bdd87731a7ba,2026-06-28T13:45:00Z,2026-06-28T15:45:00+0200,1747.07983,MW,FR,FR,forecast_onshore_wind_generation,Wind Onshore,2026-07-08T18:59:22Z
2026-07-08T18:58:29Z,2026-07-08T20:58:29+0200,e401fd36-f4a8-45e5-ad91-bdd87731a7ba,2026-06-28T14:00:00Z,2026-06-28T16:00:00+0200,1808.21008,MW,FR,FR,forecast_onshore_wind_generation,Wind Onshore,2026-07-08T18:59:22Z
2026-07-08T18:58:29Z,2026-07-08T20:58:29+0200,e401fd36-f4a8-45e5-ad91-bdd87731a7ba,2026-06-28T14:15:00Z,2026-06-28T16:15:00+0200,1937.46997,MW,FR,FR,forecast_onshore_wind_generation,Wind Onshore,2026-07-08T18:59:22Z
2026-07-08T18:58:29Z,2026-07-08T20:58:29+0200,e401fd36-f4a8-45e5-ad91-bdd87731a7ba,2026-06-28T14:30:00Z,2026-06-28T16:30:00+0200,2067.60986,MW,FR,FR,forecast_onshore_wind_generation,Wind Onshore,2026-07-08T18:59:22Z
2026-07-08T18:58:29Z,2026-07-08T20:58:29+0200,e401fd36-f4a8-45e5-ad91-bdd87731a7ba,2026-06-28T14:45:00Z,2026-06-28T16:45:00+0200,2198.30005,MW,FR,FR,forecast_onshore_wind_generation,Wind Onshore,2026-07-08T18:59:22Z
2026-07-08T18:58:29Z,2026-07-08T20:58:29+0200,e401fd36-f4a8-45e5-ad91-bdd87731a7ba,2026-06-28T15:00:00Z,2026-06-28T17:00:00+0200,2329.01978,MW,FR,FR,forecast_onshore_wind_generation,Wind Onshore,2026-07-08T18:59:22Z
2026-07-08T18:58:29Z,2026-07-08T20:58:29+0200,e401fd36-f4a8-45e5-ad91-bdd87731a7ba,2026-06-28T15:15:00Z,2026-06-28T17:15:00+0200,2448.91992,MW,FR,FR,forecast_onshore_wind_generation,Wind Onshore,2026-07-08T18:59:22Z
2026-07-08T18:58:29Z,2026-07-08T20:58:29+0200,e401fd36-f4a8-45e5-ad91-bdd87731a7ba,2026-06-28T15:30:00Z,2026-06-28T17:30:00+0200,2569.19995,MW,FR,FR,forecast_onshore_wind_generation,Wind Onshore,2026-07-08T18:59:22Z
2026-07-08T18:58:29Z,2026-07-08T20:58:29+0200,e401fd36-f4a8-45e5-ad91-bdd87731a7ba,2026-06-28T15:45:00Z,2026-06-28T17:45:00+0200,2689.41992,MW,FR,FR,forecast_onshore_wind_generation,Wind Onshore,2026-07-08T18:59:22Z
2026-07-08T18:58:29Z,2026-07-08T20:58:29+0200,e401fd36-f4a8-45e5-ad91-bdd87731a7ba,2026-06-28T16:00:00Z,2026-06-28T18:00:00+0200,2809.73999,MW,FR,FR,forecast_onshore_wind_generation,Wind Onshore,2026-07-08T18:59:22Z
2026-07-08T18:58:29Z,2026-07-08T20:58:29+0200,e401fd36-f4a8-45e5-ad91-bdd87731a7ba,2026-06-28T16:15:00Z,2026-06-28T18:15:00+0200,2842.88989,MW,FR,FR,forecast_onshore_wind_generation,Wind Onshore,2026-07-08T18:59:22Z
2026-07-08T18:58:29Z,2026-07-08T20:58:29+0200,e401fd36-f4a8-45e5-ad91-bdd87731a7ba,2026-06-28T16:30:00Z,2026-06-28T18:30:00+0200,2877.01001,MW,FR,FR,forecast_onshore_wind_generation,Wind Onshore,2026-07-08T18:59:22Z
2026-07-08T18:58:29Z,2026-07-08T20:58:29+0200,e401fd36-f4a8-45e5-ad91-bdd87731a7ba,2026-06-28T16:45:00Z,2026-06-28T18:45:00+0200,2911.22998,MW,FR,FR,forecast_onshore_wind_generation,Wind Onshore,2026-07-08T18:59:22Z
2026-07-08T18:58:29Z,2026-07-08T20:58:29+0200,e401fd36-f4a8-45e5-ad91-bdd87731a7ba,2026-06-28T17:00:00Z,2026-06-28T19:00:00+0200,2946.16992,MW,FR,FR,forecast_onshore_wind_generation,Wind Onshore,2026-07-08T18:59:22Z
2026-07-08T18:58:29Z,2026-07-08T20:58:29+0200,e401fd36-f4a8-45e5-ad91-bdd87731a7ba,2026-06-28T17:15:00Z,2026-06-28T19:15:00+0200,2892.18994,MW,FR,FR,forecast_onshore_wind_generation,Wind Onshore,2026-07-08T18:59:22Z
2026-07-08T18:58:29Z,2026-07-08T20:58:29+0200,e401fd36-f4a8-45e5-ad91-bdd87731a7ba,2026-06-28T17:30:00Z,2026-06-28T19:30:00+0200,2838.52002,MW,FR,FR,forecast_onshore_wind_generation,Wind Onshore,2026-07-08T18:59:22Z
2026-07-08T18:58:29Z,2026-07-08T20:58:29+0200,e401fd36-f4a8-45e5-ad91-bdd87731a7ba,2026-06-28T17:45:00Z,2026-06-28T19:45:00+0200,2784.90015,MW,FR,FR,forecast_onshore_wind_generation,Wind Onshore,2026-07-08T18:59:22Z
2026-07-08T18:58:29Z,2026-07-08T20:58:29+0200,e401fd36-f4a8-45e5-ad91-bdd87731a7ba,2026-06-28T18:00:00Z,2026-06-28T20:00:00+0200,2731.56006,MW,FR,FR,forecast_onshore_wind_generation,Wind Onshore,2026-07-08T18:59:22Z
2026-07-08T18:58:29Z,2026-07-08T20:58:29+0200,e401fd36-f4a8-45e5-ad91-bdd87731a7ba,2026-06-28T18:15:00Z,2026-06-28T20:15:00+0200,2657.1001,MW,FR,FR,forecast_onshore_wind_generation,Wind Onshore,2026-07-08T18:59:22Z
2026-07-08T18:58:29Z,2026-07-08T20:58:29+0200,e401fd36-f4a8-45e5-ad91-bdd87731a7ba,2026-06-28T18:30:00Z,2026-06-28T20:30:00+0200,2582.81982,MW,FR,FR,forecast_onshore_wind_generation,Wind Onshore,2026-07-08T18:59:22Z
2026-07-08T18:58:29Z,2026-07-08T20:58:29+0200,e401fd36-f4a8-45e5-ad91-bdd87731a7ba,2026-06-28T18:45:00Z,2026-06-28T20:45:00+0200,2508.64014,MW,FR,FR,forecast_onshore_wind_generation,Wind Onshore,2026-07-08T18:59:22Z
2026-07-08T18:58:29Z,2026-07-08T20:58:29+0200,e401fd36-f4a8-45e5-ad91-bdd87731a7ba,2026-06-28T19:00:00Z,2026-06-28T21:00:00+0200,2434.78979,MW,FR,FR,forecast_onshore_wind_generation,Wind Onshore,2026-07-08T18:59:22Z
2026-07-08T18:58:29Z,2026-07-08T20:58:29+0200,e401fd36-f4a8-45e5-ad91-bdd87731a7ba,2026-06-28T19:15:00Z,2026-06-28T21:15:00+0200,2500.55005,MW,FR,FR,forecast_onshore_wind_generation,Wind Onshore,2026-07-08T18:59:22Z
2026-07-08T18:58:29Z,2026-07-08T20:58:29+0200,e401fd36-f4a8-45e5-ad91-bdd87731a7ba,2026-06-28T19:30:00Z,2026-06-28T21:30:00+0200,2567.41992,MW,FR,FR,forecast_onshore_wind_generation,Wind Onshore,2026-07-08T18:59:22Z
2026-07-08T18:58:29Z,2026-07-08T20:58:29+0200,e401fd36-f4a8-45e5-ad91-bdd87731a7ba,2026-06-28T19:45:00Z,2026-06-28T21:45:00+0200,2634.37012,MW,FR,FR,forecast_onshore_wind_generation,Wind Onshore,2026-07-08T18:59:22Z
2026-07-08T18:58:29Z,2026-07-08T20:58:29+0200,e401fd36-f4a8-45e5-ad91-bdd87731a7ba,2026-06-28T20:00:00Z,2026-06-28T22:00:00+0200,2701.53003,MW,FR,FR,forecast_onshore_wind_generation,Wind Onshore,2026-07-08T18:59:22Z
2026-07-08T18:58:29Z,2026-07-08T20:58:29+0200,e401fd36-f4a8-45e5-ad91-bdd87731a7ba,2026-06-28T20:15:00Z,2026-06-28T22:15:00+0200,2684.12012,MW,FR,FR,forecast_onshore_wind_generation,Wind Onshore,2026-07-08T18:59:22Z
2026-07-08T18:58:29Z,2026-07-08T20:58:29+0200,e401fd36-f4a8-45e5-ad91-bdd87731a7ba,2026-06-28T20:30:00Z,2026-06-28T22:30:00+0200,2666.83008,MW,FR,FR,forecast_onshore_wind_generation,Wind Onshore,2026-07-08T18:59:22Z
2026-07-08T18:58:29Z,2026-07-08T20:58:29+0200,e401fd36-f4a8-45e5-ad91-bdd87731a7ba,2026-06-28T20:45:00Z,2026-06-28T22:45:00+0200,2649.60986,MW,FR,FR,forecast_onshore_wind_generation,Wind Onshore,2026-07-08T18:59:22Z
2026-07-08T18:58:29Z,2026-07-08T20:58:29+0200,e401fd36-f4a8-45e5-ad91-bdd87731a7ba,2026-06-28T21:00:00Z,2026-06-28T23:00:00+0200,2632.41992,MW,FR,FR,forecast_onshore_wind_generation,Wind Onshore,2026-07-08T18:59:22Z
2026-07-08T18:58:29Z,2026-07-08T20:58:29+0200,e401fd36-f4a8-45e5-ad91-bdd87731a7ba,2026-06-28T21:15:00Z,2026-06-28T23:15:00+0200,2797.20996,MW,FR,FR,forecast_onshore_wind_generation,Wind Onshore,2026-07-08T18:59:22Z
2026-07-08T18:58:29Z,2026-07-08T20:58:29+0200,e401fd36-f4a8-45e5-ad91-bdd87731a7ba,2026-06-28T21:30:00Z,2026-06-28T23:30:00+0200,2962.05005,MW,FR,FR,forecast_onshore_wind_generation,Wind Onshore,2026-07-08T18:59:22Z
2026-07-08T18:58:29Z,2026-07-08T20:58:29+0200,e401fd36-f4a8-45e5-ad91-bdd87731a7ba,2026-06-28T21:45:00Z,2026-06-28T23:45:00+0200,3127.03003,MW,FR,FR,forecast_onshore_wind_generation,Wind Onshore,2026-07-08T18:59:22Z
2026-07-08T18:58:29Z,2026-07-08T20:58:29+0200,e401fd36-f4a8-45e5-ad91-bdd87731a7ba,2026-06-28T22:00:00Z,2026-06-29T00:00:00+0200,3694.13965,MW,FR,FR,forecast_onshore_wind_generation,Wind Onshore,2026-07-08T18:59:22Z
2026-07-08T18:58:29Z,2026-07-08T20:58:29+0200,e401fd36-f4a8-45e5-ad91-bdd87731a7ba,2026-06-28T22:15:00Z,2026-06-29T00:15:00+0200,3732.35986,MW,FR,FR,forecast_onshore_wind_generation,Wind Onshore,2026-07-08T18:59:22Z
2026-07-08T18:58:29Z,2026-07-08T20:58:29+0200,e401fd36-f4a8-45e5-ad91-bdd87731a7ba,2026-06-28T22:30:00Z,2026-06-29T00:30:00+0200,3770.61035,MW,FR,FR,forecast_onshore_wind_generation,Wind Onshore,2026-07-08T18:59:22Z
2026-07-08T18:58:29Z,2026-07-08T20:58:29+0200,e401fd36-f4a8-45e5-ad91-bdd87731a7ba,2026-06-28T22:45:00Z,2026-06-29T00:45:00+0200,3808.97998,MW,FR,FR,forecast_onshore_wind_generation,Wind Onshore,2026-07-08T18:59:22Z
2026-07-08T18:58:29Z,2026-07-08T20:58:29+0200,e401fd36-f4a8-45e5-ad91-bdd87731a7ba,2026-06-28T23:00:00Z,2026-06-29T01:00:00+0200,3847.40991,MW,FR,FR,forecast_onshore_wind_generation,Wind Onshore,2026-07-08T18:59:22Z
2026-07-08T18:58:29Z,2026-07-08T20:58:29+0200,e401fd36-f4a8-45e5-ad91-bdd87731a7ba,2026-06-28T23:15:00Z,2026-06-29T01:15:00+0200,3879.38013,MW,FR,FR,forecast_onshore_wind_generation,Wind Onshore,2026-07-08T18:59:22Z
2026-07-08T18:58:29Z,2026-07-08T20:58:29+0200,e401fd36-f4a8-45e5-ad91-bdd87731a7ba,2026-06-28T23:30:00Z,2026-06-29T01:30:00+0200,3911.56006,MW,FR,FR,forecast_onshore_wind_generation,Wind Onshore,2026-07-08T18:59:22Z
2026-07-08T18:58:29Z,2026-07-08T20:58:29+0200,e401fd36-f4a8-45e5-ad91-bdd87731a7ba,2026-06-28T23:45:00Z,2026-06-29T01:45:00+0200,3943.97021,MW,FR,FR,forecast_onshore_wind_generation,Wind Onshore,2026-07-08T18:59:22Z
2026-07-08T18:58:29Z,2026-07-08T20:58:29+0200,e401fd36-f4a8-45e5-ad91-bdd87731a7ba,2026-06-29T00:00:00Z,2026-06-29T02:00:00+0200,3976.36011,MW,FR,FR,forecast_onshore_wind_generation,Wind Onshore,2026-07-08T18:59:22Z
2026-07-08T18:58:29Z,2026-07-08T20:58:29+0200,e401fd36-f4a8-45e5-ad91-bdd87731a7ba,2026-06-29T00:15:00Z,2026-06-29T02:15:00+0200,4024.25,MW,FR,FR,forecast_onshore_wind_generation,Wind Onshore,2026-07-08T18:59:22Z
2026-07-08T18:58:29Z,2026-07-08T20:58:29+0200,e401fd36-f4a8-45e5-ad91-bdd87731a7ba,2026-06-29T00:30:00Z,2026-06-29T02:30:00+0200,4072.15991,MW,FR,FR,forecast_onshore_wind_generation,Wind Onshore,2026-07-08T18:59:22Z
2026-07-08T18:58:29Z,2026-07-08T20:58:29+0200,e401fd36-f4a8-45e5-ad91-bdd87731a7ba,2026-06-29T00:45:00Z,2026-06-29T02:45:00+0200,4119.99023,MW,FR,FR,forecast_onshore_wind_generation,Wind Onshore,2026-07-08T18:59:22Z
2026-07-08T18:58:29Z,2026-07-08T20:58:29+0200,e401fd36-f4a8-45e5-ad91-bdd87731a7ba,2026-06-29T01:00:00Z,2026-06-29T03:00:00+0200,4167.8501,MW,FR,FR,forecast_onshore_wind_generation,Wind Onshore,2026-07-08T18:59:22Z
2026-07-08T18:58:29Z,2026-07-08T20:58:29+0200,e401fd36-f4a8-45e5-ad91-bdd87731a7ba,2026-06-29T01:15:00Z,2026-06-29T03:15:00+0200,4127.60986,MW,FR,FR,forecast_onshore_wind_generation,Wind Onshore,2026-07-08T18:59:22Z
2026-07-08T18:58:29Z,2026-07-08T20:58:29+0200,e401fd36-f4a8-45e5-ad91-bdd87731a7ba,2026-06-29T01:30:00Z,2026-06-29T03:30:00+0200,4087.40015,MW,FR,FR,forecast_onshore_wind_generation,Wind Onshore,2026-07-08T18:59:22Z
2026-07-08T18:58:29Z,2026-07-08T20:58:29+0200,e401fd36-f4a8-45e5-ad91-bdd87731a7ba,2026-06-29T01:45:00Z,2026-06-29T03:45:00+0200,4047.21997,MW,FR,FR,forecast_onshore_wind_generation,Wind Onshore,2026-07-08T18:59:22Z
2026-07-08T18:58:29Z,2026-07-08T20:58:29+0200,e401fd36-f4a8-45e5-ad91-bdd87731a7ba,2026-06-29T02:00:00Z,2026-06-29T04:00:00+0200,4007.05005,MW,FR,FR,forecast_onshore_wind_generation,Wind Onshore,2026-07-08T18:59:22Z
2026-07-08T18:58:29Z,2026-07-08T20:58:29+0200,e401fd36-f4a8-45e5-ad91-bdd87731a7ba,2026-06-29T02:15:00Z,2026-06-29T04:15:00+0200,3964.6001,MW,FR,FR,forecast_onshore_wind_generation,Wind Onshore,2026-07-08T18:59:22Z
2026-07-08T18:58:29Z,2026-07-08T20:58:29+0200,e401fd36-f4a8-45e5-ad91-bdd87731a7ba,2026-06-29T02:30:00Z,2026-06-29T04:30:00+0200,3922.14014,MW,FR,FR,forecast_onshore_wind_generation,Wind Onshore,2026-07-08T18:59:22Z
2026-07-08T18:58:29Z,2026-07-08T20:58:29+0200,e401fd36-f4a8-45e5-ad91-bdd87731a7ba,2026-06-29T02:45:00Z,2026-06-29T04:45:00+0200,3879.59009,MW,FR,FR,forecast_onshore_wind_generation,Wind Onshore,2026-07-08T18:59:22Z
2026-07-08T18:58:29Z,2026-07-08T20:58:29+0200,e401fd36-f4a8-45e5-ad91-bdd87731a7ba,2026-06-29T03:00:00Z,2026-06-29T05:00:00+0200,3837.03979,MW,FR,FR,forecast_onshore_wind_generation,Wind Onshore,2026-07-08T18:59:22Z
2026-07-08T18:58:29Z,2026-07-08T20:58:29+0200,e401fd36-f4a8-45e5-ad91-bdd87731a7ba,2026-06-29T03:15:00Z,2026-06-29T05:15:00+0200,3794.31982,MW,FR,FR,forecast_onshore_wind_generation,Wind Onshore,2026-07-08T18:59:22Z
2026-07-08T18:58:29Z,2026-07-08T20:58:29+0200,e401fd36-f4a8-45e5-ad91-bdd87731a7ba,2026-06-29T03:30:00Z,2026-06-29T05:30:00+0200,3751.62012,MW,FR,FR,forecast_onshore_wind_generation,Wind Onshore,2026-07-08T18:59:22Z
2026-07-08T18:58:29Z,2026-07-08T20:58:29+0200,e401fd36-f4a8-45e5-ad91-bdd87731a7ba,2026-06-29T03:45:00Z,2026-06-29T05:45:00+0200,3709.03003,MW,FR,FR,forecast_onshore_wind_generation,Wind Onshore,2026-07-08T18:59:22Z
2026-07-08T18:58:29Z,2026-07-08T20:58:29+0200,e401fd36-f4a8-45e5-ad91-bdd87731a7ba,2026-06-29T04:00:00Z,2026-06-29T06:00:00+0200,3666.42993,MW,FR,FR,forecast_onshore_wind_generation,Wind Onshore,2026-07-08T18:59:22Z
2026-07-08T18:58:29Z,2026-07-08T20:58:29+0200,e401fd36-f4a8-45e5-ad91-bdd87731a7ba,2026-06-29T04:15:00Z,2026-06-29T06:15:00+0200,3577.07007,MW,FR,FR,forecast_onshore_wind_generation,Wind Onshore,2026-07-08T18:59:22Z
2026-07-08T18:58:29Z,2026-07-08T20:58:29+0200,e401fd36-f4a8-45e5-ad91-bdd87731a7ba,2026-06-29T04:30:00Z,2026-06-29T06:30:00+0200,3487.72021,MW,FR,FR,forecast_onshore_wind_generation,Wind Onshore,2026-07-08T18:59:22Z
2026-07-08T18:58:29Z,2026-07-08T20:58:29+0200,e401fd36-f4a8-45e5-ad91-bdd87731a7ba,2026-06-29T04:45:00Z,2026-06-29T06:45:00+0200,3398.41992,MW,FR,FR,forecast_onshore_wind_generation,Wind Onshore,2026-07-08T18:59:22Z
2026-07-08T18:58:29Z,2026-07-08T20:58:29+0200,e401fd36-f4a8-45e5-ad91-bdd87731a7ba,2026-06-29T05:00:00Z,2026-06-29T07:00:00+0200,3309.16016,MW,FR,FR,forecast_onshore_wind_generation,Wind Onshore,2026-07-08T18:59:22Z
2026-07-08T18:58:29Z,2026-07-08T20:58:29+0200,e401fd36-f4a8-45e5-ad91-bdd87731a7ba,2026-06-29T05:15:00Z,2026-06-29T07:15:00+0200,3104.13989,MW,FR,FR,forecast_onshore_wind_generation,Wind Onshore,2026-07-08T18:59:22Z
2026-07-08T18:58:29Z,2026-07-08T20:58:29+0200,e401fd36-f4a8-45e5-ad91-bdd87731a7ba,2026-06-29T05:30:00Z,2026-06-29T07:30:00+0200,2899.10986,MW,FR,FR,forecast_onshore_wind_generation,Wind Onshore,2026-07-08T18:59:22Z
2026-07-08T18:58:29Z,2026-07-08T20:58:29+0200,e401fd36-f4a8-45e5-ad91-bdd87731a7ba,2026-06-29T05:45:00Z,2026-06-29T07:45:00+0200,2694.27002,MW,FR,FR,forecast_onshore_wind_generation,Wind Onshore,2026-07-08T18:59:22Z
2026-07-08T18:58:29Z,2026-07-08T20:58:29+0200,e401fd36-f4a8-45e5-ad91-bdd87731a7ba,2026-06-29T06:00:00Z,2026-06-29T08:00:00+0200,2489.45996,MW,FR,FR,forecast_onshore_wind_generation,Wind Onshore,2026-07-08T18:59:22Z
2026-07-08T18:58:29Z,2026-07-08T20:58:29+0200,e401fd36-f4a8-45e5-ad91-bdd87731a7ba,2026-06-29T06:15:00Z,2026-06-29T08:15:00+0200,2402.1499,MW,FR,FR,forecast_onshore_wind_generation,Wind Onshore,2026-07-08T18:59:22Z
2026-07-08T18:58:29Z,2026-07-08T20:58:29+0200,e401fd36-f4a8-45e5-ad91-bdd87731a7ba,2026-06-29T06:30:00Z,2026-06-29T08:30:00+0200,2314.81006,MW,FR,FR,forecast_onshore_wind_generation,Wind Onshore,2026-07-08T18:59:22Z
2026-07-08T18:58:29Z,2026-07-08T20:58:29+0200,e401fd36-f4a8-45e5-ad91-bdd87731a7ba,2026-06-29T06:45:00Z,2026-06-29T08:45:00+0200,2227.44995,MW,FR,FR,forecast_onshore_wind_generation,Wind Onshore,2026-07-08T18:59:22Z
2026-07-08T18:58:29Z,2026-07-08T20:58:29+0200,e401fd36-f4a8-45e5-ad91-bdd87731a7ba,2026-06-29T07:00:00Z,2026-06-29T09:00:00+0200,2140.1001,MW,FR,FR,forecast_onshore_wind_generation,Wind Onshore,2026-07-08T18:59:22Z
2026-07-08T18:58:29Z,2026-07-08T20:58:29+0200,e401fd36-f4a8-45e5-ad91-bdd87731a7ba,2026-06-29T07:15:00Z,2026-06-29T09:15:00+0200,2086.67017,MW,FR,FR,forecast_onshore_wind_generation,Wind Onshore,2026-07-08T18:59:22Z
2026-07-08T18:58:29Z,2026-07-08T20:58:29+0200,e401fd36-f4a8-45e5-ad91-bdd87731a7ba,2026-06-29T07:30:00Z,2026-06-29T09:30:00+0200,2033.25,MW,FR,FR,forecast_onshore_wind_generation,Wind Onshore,2026-07-08T18:59:22Z
2026-07-08T18:58:29Z,2026-07-08T20:58:29+0200,e401fd36-f4a8-45e5-ad91-bdd87731a7ba,2026-06-29T07:45:00Z,2026-06-29T09:45:00+0200,1979.89014,MW,FR,FR,forecast_onshore_wind_generation,Wind Onshore,2026-07-08T18:59:22Z
2026-07-08T18:58:29Z,2026-07-08T20:58:29+0200,e401fd36-f4a8-45e5-ad91-bdd87731a7ba,2026-06-29T08:00:00Z,2026-06-29T10:00:00+0200,1926.52991,MW,FR,FR,forecast_onshore_wind_generation,Wind Onshore,2026-07-08T18:59:22Z
2026-07-08T18:58:29Z,2026-07-08T20:58:29+0200,e401fd36-f4a8-45e5-ad91-bdd87731a7ba,2026-06-29T08:15:00Z,2026-06-29T10:15:00+0200,1885.35999,MW,FR,FR,forecast_onshore_wind_generation,Wind Onshore,2026-07-08T18:59:22Z
2026-07-08T18:58:29Z,2026-07-08T20:58:29+0200,e401fd36-f4a8-45e5-ad91-bdd87731a7ba,2026-06-29T08:30:00Z,2026-06-29T10:30:00+0200,1844.20996,MW,FR,FR,forecast_onshore_wind_generation,Wind Onshore,2026-07-08T18:59:22Z
2026-07-08T18:58:29Z,2026-07-08T20:58:29+0200,e401fd36-f4a8-45e5-ad91-bdd87731a7ba,2026-06-29T08:45:00Z,2026-06-29T10:45:00+0200,1803.09009,MW,FR,FR,forecast_onshore_wind_generation,Wind Onshore,2026-07-08T18:59:22Z
2026-07-08T18:58:29Z,2026-07-08T20:58:29+0200,e401fd36-f4a8-45e5-ad91-bdd87731a7ba,2026-06-29T09:00:00Z,2026-06-29T11:00:00+0200,1761.98999,MW,FR,FR,forecast_onshore_wind_generation,Wind Onshore,2026-07-08T18:59:22Z
2026-07-08T18:58:29Z,2026-07-08T20:58:29+0200,e401fd36-f4a8-45e5-ad91-bdd87731a7ba,2026-06-29T09:15:00Z,2026-06-29T11:15:00+0200,1754.43005,MW,FR,FR,forecast_onshore_wind_generation,Wind Onshore,2026-07-08T18:59:22Z
2026-07-08T18:58:29Z,2026-07-08T20:58:29+0200,e401fd36-f4a8-45e5-ad91-bdd87731a7ba,2026-06-29T09:30:00Z,2026-06-29T11:30:00+0200,1746.94995,MW,FR,FR,forecast_onshore_wind_generation,Wind Onshore,2026-07-08T18:59:22Z
2026-07-08T18:58:29Z,2026-07-08T20:58:29+0200,e401fd36-f4a8-45e5-ad91-bdd87731a7ba,2026-06-29T09:45:00Z,2026-06-29T11:45:00+0200,1739.46008,MW,FR,FR,forecast_onshore_wind_generation,Wind Onshore,2026-07-08T18:59:22Z
2026-07-08T18:58:29Z,2026-07-08T20:58:29+0200,e401fd36-f4a8-45e5-ad91-bdd87731a7ba,2026-06-29T10:00:00Z,2026-06-29T12:00:00+0200,1731.97998,MW,FR,FR,forecast_onshore_wind_generation,Wind Onshore,2026-07-08T18:59:22Z
2026-07-08T18:58:29Z,2026-07-08T20:58:29+0200,e401fd36-f4a8-45e5-ad91-bdd87731a7ba,2026-06-29T10:15:00Z,2026-06-29T12:15:00+0200,1743.73999,MW,FR,FR,forecast_onshore_wind_generation,Wind Onshore,2026-07-08T18:59:22Z
2026-07-08T18:58:29Z,2026-07-08T20:58:29+0200,e401fd36-f4a8-45e5-ad91-bdd87731a7ba,2026-06-29T10:30:00Z,2026-06-29T12:30:00+0200,1755.52002,MW,FR,FR,forecast_onshore_wind_generation,Wind Onshore,2026-07-08T18:59:22Z
2026-07-08T18:58:29Z,2026-07-08T20:58:29+0200,e401fd36-f4a8-45e5-ad91-bdd87731a7ba,2026-06-29T10:45:00Z,2026-06-29T12:45:00+0200,1767.29004,MW,FR,FR,forecast_onshore_wind_generation,Wind Onshore,2026-07-08T18:59:22Z
2026-07-08T18:58:29Z,2026-07-08T20:58:29+0200,e401fd36-f4a8-45e5-ad91-bdd87731a7ba,2026-06-29T11:00:00Z,2026-06-29T13:00:00+0200,1779.08997,MW,FR,FR,forecast_onshore_wind_generation,Wind Onshore,2026-07-08T18:59:22Z
2026-07-08T18:58:29Z,2026-07-08T20:58:29+0200,e401fd36-f4a8-45e5-ad91-bdd87731a7ba,2026-06-29T11:15:00Z,2026-06-29T13:15:00+0200,1795.28003,MW,FR,FR,forecast_onshore_wind_generation,Wind Onshore,2026-07-08T18:59:22Z
2026-07-08T18:58:29Z,2026-07-08T20:58:29+0200,e401fd36-f4a8-45e5-ad91-bdd87731a7ba,2026-06-29T11:30:00Z,2026-06-29T13:30:00+0200,1811.46997,MW,FR,FR,forecast_onshore_wind_generation,Wind Onshore,2026-07-08T18:59:22Z
2026-07-08T18:58:29Z,2026-07-08T20:58:29+0200,e401fd36-f4a8-45e5-ad91-bdd87731a7ba,2026-06-29T11:45:00Z,2026-06-29T13:45:00+0200,1827.68994,MW,FR,FR,forecast_onshore_wind_generation,Wind Onshore,2026-07-08T18:59:22Z
2026-07-08T18:58:29Z,2026-07-08T20:58:29+0200,e401fd36-f4a8-45e5-ad91-bdd87731a7ba,2026-06-29T12:00:00Z,2026-06-29T14:00:00+0200,1843.91003,MW,FR,FR,forecast_onshore_wind_generation,Wind Onshore,2026-07-08T18:59:22Z
2026-07-08T18:58:29Z,2026-07-08T20:58:29+0200,e401fd36-f4a8-45e5-ad91-bdd87731a7ba,2026-06-29T12:15:00Z,2026-06-29T14:15:00+0200,1847.87,MW,FR,FR,forecast_onshore_wind_generation,Wind Onshore,2026-07-08T18:59:22Z
2026-07-08T18:58:29Z,2026-07-08T20:58:29+0200,e401fd36-f4a8-45e5-ad91-bdd87731a7ba,2026-06-29T12:30:00Z,2026-06-29T14:30:00+0200,1851.87,MW,FR,FR,forecast_onshore_wind_generation,Wind Onshore,2026-07-08T18:59:22Z
2026-07-08T18:58:29Z,2026-07-08T20:58:29+0200,e401fd36-f4a8-45e5-ad91-bdd87731a7ba,2026-06-29T12:45:00Z,2026-06-29T14:45:00+0200,1855.81995,MW,FR,FR,forecast_onshore_wind_generation,Wind Onshore,2026-07-08T18:59:22Z
2026-07-08T18:58:29Z,2026-07-08T20:58:29+0200,e401fd36-f4a8-45e5-ad91-bdd87731a7ba,2026-06-29T13:00:00Z,2026-06-29T15:00:00+0200,1859.77002,MW,FR,FR,forecast_onshore_wind_generation,Wind Onshore,2026-07-08T18:59:22Z
2026-07-08T18:58:29Z,2026-07-08T20:58:29+0200,e401fd36-f4a8-45e5-ad91-bdd87731a7ba,2026-06-29T13:15:00Z,2026-06-29T15:15:00+0200,1873.52991,MW,FR,FR,forecast_onshore_wind_generation,Wind Onshore,2026-07-08T18:59:22Z
2026-07-08T18:58:29Z,2026-07-08T20:58:29+0200,e401fd36-f4a8-45e5-ad91-bdd87731a7ba,2026-06-29T13:30:00Z,2026-06-29T15:30:00+0200,1887.30005,MW,FR,FR,forecast_onshore_wind_generation,Wind Onshore,2026-07-08T18:59:22Z
2026-07-08T18:58:29Z,2026-07-08T20:58:29+0200,e401fd36-f4a8-45e5-ad91-bdd87731a7ba,2026-06-29T13:45:00Z,2026-06-29T15:45:00+0200,1901.06006,MW,FR,FR,forecast_onshore_wind_generation,Wind Onshore,2026-07-08T18:59:22Z
2026-07-08T18:58:29Z,2026-07-08T20:58:29+0200,e401fd36-f4a8-45e5-ad91-bdd87731a7ba,2026-06-29T14:00:00Z,2026-06-29T16:00:00+0200,1914.84998,MW,FR,FR,forecast_onshore_wind_generation,Wind Onshore,2026-07-08T18:59:22Z
2026-07-08T18:58:29Z,2026-07-08T20:58:29+0200,e401fd36-f4a8-45e5-ad91-bdd87731a7ba,2026-06-29T14:15:00Z,2026-06-29T16:15:00+0200,1946.71008,MW,FR,FR,forecast_onshore_wind_generation,Wind Onshore,2026-07-08T18:59:22Z
2026-07-08T18:58:29Z,2026-07-08T20:58:29+0200,e401fd36-f4a8-45e5-ad91-bdd87731a7ba,2026-06-29T14:30:00Z,2026-06-29T16:30:00+0200,1978.58984,MW,FR,FR,forecast_onshore_wind_generation,Wind Onshore,2026-07-08T18:59:22Z
2026-07-08T18:58:29Z,2026-07-08T20:58:29+0200,e401fd36-f4a8-45e5-ad91-bdd87731a7ba,2026-06-29T14:45:00Z,2026-06-29T16:45:00+0200,2010.53003,MW,FR,FR,forecast_onshore_wind_generation,Wind Onshore,2026-07-08T18:59:22Z
2026-07-08T18:58:29Z,2026-07-08T20:58:29+0200,e401fd36-f4a8-45e5-ad91-bdd87731a7ba,2026-06-29T15:00:00Z,2026-06-29T17:00:00+0200,2042.46008,MW,FR,FR,forecast_onshore_wind_generation,Wind Onshore,2026-07-08T18:59:22Z
2026-07-08T18:58:29Z,2026-07-08T20:58:29+0200,e401fd36-f4a8-45e5-ad91-bdd87731a7ba,2026-06-29T15:15:00Z,2026-06-29T17:15:00+0200,2060.59009,MW,FR,FR,forecast_onshore_wind_generation,Wind Onshore,2026-07-08T18:59:22Z
2026-07-08T18:58:29Z,2026-07-08T20:58:29+0200,e401fd36-f4a8-45e5-ad91-bdd87731a7ba,2026-06-29T15:30:00Z,2026-06-29T17:30:00+0200,2078.73975,MW,FR,FR,forecast_onshore_wind_generation,Wind Onshore,2026-07-08T18:59:22Z
2026-07-08T18:58:29Z,2026-07-08T20:58:29+0200,e401fd36-f4a8-45e5-ad91-bdd87731a7ba,2026-06-29T15:45:00Z,2026-06-29T17:45:00+0200,2096.7002,MW,FR,FR,forecast_onshore_wind_generation,Wind Onshore,2026-07-08T18:59:22Z
2026-07-08T18:58:29Z,2026-07-08T20:58:29+0200,e401fd36-f4a8-45e5-ad91-bdd87731a7ba,2026-06-29T16:00:00Z,2026-06-29T18:00:00+0200,2114.68994,MW,FR,FR,forecast_onshore_wind_generation,Wind Onshore,2026-07-08T18:59:22Z
2026-07-08T18:58:29Z,2026-07-08T20:58:29+0200,e401fd36-f4a8-45e5-ad91-bdd87731a7ba,2026-06-29T16:15:00Z,2026-06-29T18:15:00+0200,2121.41992,MW,FR,FR,forecast_onshore_wind_generation,Wind Onshore,2026-07-08T18:59:22Z
2026-07-08T18:58:29Z,2026-07-08T20:58:29+0200,e401fd36-f4a8-45e5-ad91-bdd87731a7ba,2026-06-29T16:30:00Z,2026-06-29T18:30:00+0200,2128.18018,MW,FR,FR,forecast_onshore_wind_generation,Wind Onshore,2026-07-08T18:59:22Z
2026-07-08T18:58:29Z,2026-07-08T20:58:29+0200,e401fd36-f4a8-45e5-ad91-bdd87731a7ba,2026-06-29T16:45:00Z,2026-06-29T18:45:00+0200,2134.88013,MW,FR,FR,forecast_onshore_wind_generation,Wind Onshore,2026-07-08T18:59:22Z
2026-07-08T18:58:29Z,2026-07-08T20:58:29+0200,e401fd36-f4a8-45e5-ad91-bdd87731a7ba,2026-06-29T17:00:00Z,2026-06-29T19:00:00+0200,2141.58984,MW,FR,FR,forecast_onshore_wind_generation,Wind Onshore,2026-07-08T18:59:22Z
2026-07-08T18:58:29Z,2026-07-08T20:58:29+0200,e401fd36-f4a8-45e5-ad91-bdd87731a7ba,2026-06-29T17:15:00Z,2026-06-29T19:15:00+0200,2136.7002,MW,FR,FR,forecast_onshore_wind_generation,Wind Onshore,2026-07-08T18:59:22Z
2026-07-08T18:58:29Z,2026-07-08T20:58:29+0200,e401fd36-f4a8-45e5-ad91-bdd87731a7ba,2026-06-29T17:30:00Z,2026-06-29T19:30:00+0200,2131.84009,MW,FR,FR,forecast_onshore_wind_generation,Wind Onshore,2026-07-08T18:59:22Z
2026-07-08T18:58:29Z,2026-07-08T20:58:29+0200,e401fd36-f4a8-45e5-ad91-bdd87731a7ba,2026-06-29T17:45:00Z,2026-06-29T19:45:00+0200,2127.15991,MW,FR,FR,forecast_onshore_wind_generation,Wind Onshore,2026-07-08T18:59:22Z
2026-07-08T18:58:29Z,2026-07-08T20:58:29+0200,e401fd36-f4a8-45e5-ad91-bdd87731a7ba,2026-06-29T18:00:00Z,2026-06-29T20:00:00+0200,2122.50977,MW,FR,FR,forecast_onshore_wind_generation,Wind Onshore,2026-07-08T18:59:22Z
2026-07-08T18:58:29Z,2026-07-08T20:58:29+0200,e401fd36-f4a8-45e5-ad91-bdd87731a7ba,2026-06-29T18:15:00Z,2026-06-29T20:15:00+0200,2212.58008,MW,FR,FR,forecast_onshore_wind_generation,Wind Onshore,2026-07-08T18:59:22Z
2026-07-08T18:58:29Z,2026-07-08T20:58:29+0200,e401fd36-f4a8-45e5-ad91-bdd87731a7ba,2026-06-29T18:30:00Z,2026-06-29T20:30:00+0200,2302.72021,MW,FR,FR,forecast_onshore_wind_generation,Wind Onshore,2026-07-08T18:59:22Z
2026-07-08T18:58:29Z,2026-07-08T20:58:29+0200,e401fd36-f4a8-45e5-ad91-bdd87731a7ba,2026-06-29T18:45:00Z,2026-06-29T20:45:00+0200,2392.70996,MW,FR,FR,forecast_onshore_wind_generation,Wind Onshore,2026-07-08T18:59:22Z
2026-07-08T18:58:29Z,2026-07-08T20:58:29+0200,e401fd36-f4a8-45e5-ad91-bdd87731a7ba,2026-06-29T19:00:00Z,2026-06-29T21:00:00+0200,2482.71997,MW,FR,FR,forecast_onshore_wind_generation,Wind Onshore,2026-07-08T18:59:22Z
2026-07-08T18:58:29Z,2026-07-08T20:58:29+0200,e401fd36-f4a8-45e5-ad91-bdd87731a7ba,2026-06-29T19:15:00Z,2026-06-29T21:15:00+0200,2735.39014,MW,FR,FR,forecast_onshore_wind_generation,Wind Onshore,2026-07-08T18:59:22Z
2026-07-08T18:58:29Z,2026-07-08T20:58:29+0200,e401fd36-f4a8-45e5-ad91-bdd87731a7ba,2026-06-29T19:30:00Z,2026-06-29T21:30:00+0200,2988.07983,MW,FR,FR,forecast_onshore_wind_generation,Wind Onshore,2026-07-08T18:59:22Z
2026-07-08T18:58:29Z,2026-07-08T20:58:29+0200,e401fd36-f4a8-45e5-ad91-bdd87731a7ba,2026-06-29T19:45:00Z,2026-06-29T21:45:00+0200,3240.92993,MW,FR,FR,forecast_onshore_wind_generation,Wind Onshore,2026-07-08T18:59:22Z
2026-07-08T18:58:29Z,2026-07-08T20:58:29+0200,e401fd36-f4a8-45e5-ad91-bdd87731a7ba,2026-06-29T20:00:00Z,2026-06-29T22:00:00+0200,3493.79004,MW,FR,FR,forecast_onshore_wind_generation,Wind Onshore,2026-07-08T18:59:22Z
2026-07-08T18:58:29Z,2026-07-08T20:58:29+0200,e401fd36-f4a8-45e5-ad91-bdd87731a7ba,2026-06-29T20:15:00Z,2026-06-29T22:15:00+0200,3654.92017,MW,FR,FR,forecast_onshore_wind_generation,Wind Onshore,2026-07-08T18:59:22Z
2026-07-08T18:58:29Z,2026-07-08T20:58:29+0200,e401fd36-f4a8-45e5-ad91-bdd87731a7ba,2026-06-29T20:30:00Z,2026-06-29T22:30:00+0200,3816.06006,MW,FR,FR,forecast_onshore_wind_generation,Wind Onshore,2026-07-08T18:59:22Z
2026-07-08T18:58:29Z,2026-07-08T20:58:29+0200,e401fd36-f4a8-45e5-ad91-bdd87731a7ba,2026-06-29T20:45:00Z,2026-06-29T22:45:00+0200,3977.33008,MW,FR,FR,forecast_onshore_wind_generation,Wind Onshore,2026-07-08T18:59:22Z
2026-07-08T18:58:29Z,2026-07-08T20:58:29+0200,e401fd36-f4a8-45e5-ad91-bdd87731a7ba,2026-06-29T21:00:00Z,2026-06-29T23:00:00+0200,4138.65039,MW,FR,FR,forecast_onshore_wind_generation,Wind Onshore,2026-07-08T18:59:22Z
2026-07-08T18:58:29Z,2026-07-08T20:58:29+0200,e401fd36-f4a8-45e5-ad91-bdd87731a7ba,2026-06-29T21:15:00Z,2026-06-29T23:15:00+0200,4135.70996,MW,FR,FR,forecast_onshore_wind_generation,Wind Onshore,2026-07-08T18:59:22Z
2026-07-08T18:58:29Z,2026-07-08T20:58:29+0200,e401fd36-f4a8-45e5-ad91-bdd87731a7ba,2026-06-29T21:30:00Z,2026-06-29T23:30:00+0200,4132.7998,MW,FR,FR,forecast_onshore_wind_generation,Wind Onshore,2026-07-08T18:59:22Z
2026-07-08T18:58:29Z,2026-07-08T20:58:29+0200,e401fd36-f4a8-45e5-ad91-bdd87731a7ba,2026-06-29T21:45:00Z,2026-06-29T23:45:00+0200,4129.83984,MW,FR,FR,forecast_onshore_wind_generation,Wind Onshore,2026-07-08T18:59:22Z
2026-07-08T18:58:29Z,2026-07-08T20:58:29+0200,e401fd36-f4a8-45e5-ad91-bdd87731a7ba,2026-06-29T22:00:00Z,2026-06-30T00:00:00+0200,3827.86987,MW,FR,FR,forecast_onshore_wind_generation,Wind Onshore,2026-07-08T18:59:22Z
2026-07-08T18:58:29Z,2026-07-08T20:58:29+0200,e401fd36-f4a8-45e5-ad91-bdd87731a7ba,2026-06-29T22:15:00Z,2026-06-30T00:15:00+0200,3767.09985,MW,FR,FR,forecast_onshore_wind_generation,Wind Onshore,2026-07-08T18:59:22Z
2026-07-08T18:58:29Z,2026-07-08T20:58:29+0200,e401fd36-f4a8-45e5-ad91-bdd87731a7ba,2026-06-29T22:30:00Z,2026-06-30T00:30:00+0200,3706.33984,MW,FR,FR,forecast_onshore_wind_generation,Wind Onshore,2026-07-08T18:59:22Z
2026-07-08T18:58:29Z,2026-07-08T20:58:29+0200,e401fd36-f4a8-45e5-ad91-bdd87731a7ba,2026-06-29T22:45:00Z,2026-06-30T00:45:00+0200,3645.41992,MW,FR,FR,forecast_onshore_wind_generation,Wind Onshore,2026-07-08T18:59:22Z
2026-07-08T18:58:29Z,2026-07-08T20:58:29+0200,e401fd36-f4a8-45e5-ad91-bdd87731a7ba,2026-06-29T23:00:00Z,2026-06-30T01:00:00+0200,3584.52002,MW,FR,FR,forecast_onshore_wind_generation,Wind Onshore,2026-07-08T18:59:22Z
2026-07-08T18:58:29Z,2026-07-08T20:58:29+0200,e401fd36-f4a8-45e5-ad91-bdd87731a7ba,2026-06-29T23:15:00Z,2026-06-30T01:15:00+0200,3500.97021,MW,FR,FR,forecast_onshore_wind_generation,Wind Onshore,2026-07-08T18:59:22Z
2026-07-08T18:58:29Z,2026-07-08T20:58:29+0200,e401fd36-f4a8-45e5-ad91-bdd87731a7ba,2026-06-29T23:30:00Z,2026-06-30T01:30:00+0200,3417.44019,MW,FR,FR,forecast_onshore_wind_generation,Wind Onshore,2026-07-08T18:59:22Z
2026-07-08T18:58:29Z,2026-07-08T20:58:29+0200,e401fd36-f4a8-45e5-ad91-bdd87731a7ba,2026-06-29T23:45:00Z,2026-06-30T01:45:00+0200,3333.95996,MW,FR,FR,forecast_onshore_wind_generation,Wind Onshore,2026-07-08T18:59:22Z
2026-07-08T18:58:29Z,2026-07-08T20:58:29+0200,e401fd36-f4a8-45e5-ad91-bdd87731a7ba,2026-06-30T00:00:00Z,2026-06-30T02:00:00+0200,3250.45996,MW,FR,FR,forecast_onshore_wind_generation,Wind Onshore,2026-07-08T18:59:22Z
2026-07-08T18:58:29Z,2026-07-08T20:58:29+0200,e401fd36-f4a8-45e5-ad91-bdd87731a7ba,2026-06-30T00:15:00Z,2026-06-30T02:15:00+0200,3151.47998,MW,FR,FR,forecast_onshore_wind_generation,Wind Onshore,2026-07-08T18:59:22Z
2026-07-08T18:58:29Z,2026-07-08T20:58:29+0200,e401fd36-f4a8-45e5-ad91-bdd87731a7ba,2026-06-30T00:30:00Z,2026-06-30T02:30:00+0200,3052.48999,MW,FR,FR,forecast_onshore_wind_generation,Wind Onshore,2026-07-08T18:59:22Z
2026-07-08T18:58:29Z,2026-07-08T20:58:29+0200,e401fd36-f4a8-45e5-ad91-bdd87731a7ba,2026-06-30T00:45:00Z,2026-06-30T02:45:00+0200,2953.71021,MW,FR,FR,forecast_onshore_wind_generation,Wind Onshore,2026-07-08T18:59:22Z
2026-07-08T18:58:29Z,2026-07-08T20:58:29+0200,e401fd36-f4a8-45e5-ad91-bdd87731a7ba,2026-06-30T01:00:00Z,2026-06-30T03:00:00+0200,2855.0,MW,FR,FR,forecast_onshore_wind_generation,Wind Onshore,2026-07-08T18:59:22Z
2026-07-08T18:58:29Z,2026-07-08T20:58:29+0200,e401fd36-f4a8-45e5-ad91-bdd87731a7ba,2026-06-30T01:15:00Z,2026-06-30T03:15:00+0200,2786.84009,MW,FR,FR,forecast_onshore_wind_generation,Wind Onshore,2026-07-08T18:59:22Z
2026-07-08T18:58:29Z,2026-07-08T20:58:29+0200,e401fd36-f4a8-45e5-ad91-bdd87731a7ba,2026-06-30T01:30:00Z,2026-06-30T03:30:00+0200,2718.7002,MW,FR,FR,forecast_onshore_wind_generation,Wind Onshore,2026-07-08T18:59:22Z
2026-07-08T18:58:29Z,2026-07-08T20:58:29+0200,e401fd36-f4a8-45e5-ad91-bdd87731a7ba,2026-06-30T01:45:00Z,2026-06-30T03:45:00+0200,2650.58008,MW,FR,FR,forecast_onshore_wind_generation,Wind Onshore,2026-07-08T18:59:22Z
2026-07-08T18:58:29Z,2026-07-08T20:58:29+0200,e401fd36-f4a8-45e5-ad91-bdd87731a7ba,2026-06-30T02:00:00Z,2026-06-30T04:00:00+0200,2582.5498,MW,FR,FR,forecast_onshore_wind_generation,Wind Onshore,2026-07-08T18:59:22Z
2026-07-08T18:58:29Z,2026-07-08T20:58:29+0200,e401fd36-f4a8-45e5-ad91-bdd87731a7ba,2026-06-30T02:15:00Z,2026-06-30T04:15:00+0200,2510.83008,MW,FR,FR,forecast_onshore_wind_generation,Wind Onshore,2026-07-08T18:59:22Z
2026-07-08T18:58:29Z,2026-07-08T20:58:29+0200,e401fd36-f4a8-45e5-ad91-bdd87731a7ba,2026-06-30T02:30:00Z,2026-06-30T04:30:00+0200,2439.08008,MW,FR,FR,forecast_onshore_wind_generation,Wind Onshore,2026-07-08T18:59:22Z
2026-07-08T18:58:29Z,2026-07-08T20:58:29+0200,e401fd36-f4a8-45e5-ad91-bdd87731a7ba,2026-06-30T02:45:00Z,2026-06-30T04:45:00+0200,2367.29004,MW,FR,FR,forecast_onshore_wind_generation,Wind Onshore,2026-07-08T18:59:22Z
2026-07-08T18:58:29Z,2026-07-08T20:58:29+0200,e401fd36-f4a8-45e5-ad91-bdd87731a7ba,2026-06-30T03:00:00Z,2026-06-30T05:00:00+0200,2295.53003,MW,FR,FR,forecast_onshore_wind_generation,Wind Onshore,2026-07-08T18:59:22Z
2026-07-08T18:58:29Z,2026-07-08T20:58:29+0200,e401fd36-f4a8-45e5-ad91-bdd87731a7ba,2026-06-30T03:15:00Z,2026-06-30T05:15:00+0200,2232.0498,MW,FR,FR,forecast_onshore_wind_generation,Wind Onshore,2026-07-08T18:59:22Z
2026-07-08T18:58:29Z,2026-07-08T20:58:29+0200,e401fd36-f4a8-45e5-ad91-bdd87731a7ba,2026-06-30T03:30:00Z,2026-06-30T05:30:00+0200,2168.5498,MW,FR,FR,forecast_onshore_wind_generation,Wind Onshore,2026-07-08T18:59:22Z
2026-07-08T18:58:29Z,2026-07-08T20:58:29+0200,e401fd36-f4a8-45e5-ad91-bdd87731a7ba,2026-06-30T03:45:00Z,2026-06-30T05:45:00+0200,2105.1001,MW,FR,FR,forecast_onshore_wind_generation,Wind Onshore,2026-07-08T18:59:22Z
2026-07-08T18:58:29Z,2026-07-08T20:58:29+0200,e401fd36-f4a8-45e5-ad91-bdd87731a7ba,2026-06-30T04:00:00Z,2026-06-30T06:00:00+0200,2041.66003,MW,FR,FR,forecast_onshore_wind_generation,Wind Onshore,2026-07-08T18:59:22Z
2026-07-08T18:58:29Z,2026-07-08T20:58:29+0200,e401fd36-f4a8-45e5-ad91-bdd87731a7ba,2026-06-30T04:15:00Z,2026-06-30T06:15:00+0200,1998.68994,MW,FR,FR,forecast_onshore_wind_generation,Wind Onshore,2026-07-08T18:59:22Z
2026-07-08T18:58:29Z,2026-07-08T20:58:29+0200,e401fd36-f4a8-45e5-ad91-bdd87731a7ba,2026-06-30T04:30:00Z,2026-06-30T06:30:00+0200,1955.81006,MW,FR,FR,forecast_onshore_wind_generation,Wind Onshore,2026-07-08T18:59:22Z
2026-07-08T18:58:29Z,2026-07-08T20:58:29+0200,e401fd36-f4a8-45e5-ad91-bdd87731a7ba,2026-06-30T04:45:00Z,2026-06-30T06:45:00+0200,1912.87,MW,FR,FR,forecast_onshore_wind_generation,Wind Onshore,2026-07-08T18:59:22Z
2026-07-08T18:58:29Z,2026-07-08T20:58:29+0200,e401fd36-f4a8-45e5-ad91-bdd87731a7ba,2026-06-30T05:00:00Z,2026-06-30T07:00:00+0200,1869.94006,MW,FR,FR,forecast_onshore_wind_generation,Wind Onshore,2026-07-08T18:59:22Z
2026-07-08T18:58:29Z,2026-07-08T20:58:29+0200,e401fd36-f4a8-45e5-ad91-bdd87731a7ba,2026-06-30T05:15:00Z,2026-06-30T07:15:00+0200,1745.39001,MW,FR,FR,forecast_onshore_wind_generation,Wind Onshore,2026-07-08T18:59:22Z
2026-07-08T18:58:29Z,2026-07-08T20:58:29+0200,e401fd36-f4a8-45e5-ad91-bdd87731a7ba,2026-06-30T05:30:00Z,2026-06-30T07:30:00+0200,1620.84998,MW,FR,FR,forecast_onshore_wind_generation,Wind Onshore,2026-07-08T18:59:22Z
2026-07-08T18:58:29Z,2026-07-08T20:58:29+0200,e401fd36-f4a8-45e5-ad91-bdd87731a7ba,2026-06-30T05:45:00Z,2026-06-30T07:45:00+0200,1496.38,MW,FR,FR,forecast_onshore_wind_generation,Wind Onshore,2026-07-08T18:59:22Z
2026-07-08T18:58:29Z,2026-07-08T20:58:29+0200,e401fd36-f4a8-45e5-ad91-bdd87731a7ba,2026-06-30T06:00:00Z,2026-06-30T08:00:00+0200,1371.89001,MW,FR,FR,forecast_onshore_wind_generation,Wind Onshore,2026-07-08T18:59:22Z
2026-07-08T18:58:29Z,2026-07-08T20:58:29+0200,e401fd36-f4a8-45e5-ad91-bdd87731a7ba,2026-06-30T06:15:00Z,2026-06-30T08:15:00+0200,1258.27002,MW,FR,FR,forecast_onshore_wind_generation,Wind Onshore,2026-07-08T18:59:22Z
2026-07-08T18:58:29Z,2026-07-08T20:58:29+0200,e401fd36-f4a8-45e5-ad91-bdd87731a7ba,2026-06-30T06:30:00Z,2026-06-30T08:30:00+0200,1144.62,MW,FR,FR,forecast_onshore_wind_generation,Wind Onshore,2026-07-08T18:59:22Z
2026-07-08T18:58:29Z,2026-07-08T20:58:29+0200,e401fd36-f4a8-45e5-ad91-bdd87731a7ba,2026-06-30T06:45:00Z,2026-06-30T08:45:00+0200,1031.01001,MW,FR,FR,forecast_onshore_wind_generation,Wind Onshore,2026-07-08T18:59:22Z
2026-07-08T18:58:29Z,2026-07-08T20:58:29+0200,e401fd36-f4a8-45e5-ad91-bdd87731a7ba,2026-06-30T07:00:00Z,2026-06-30T09:00:00+0200,917.44,MW,FR,FR,forecast_onshore_wind_generation,Wind Onshore,2026-07-08T18:59:22Z
2026-07-08T18:58:29Z,2026-07-08T20:58:29+0200,e401fd36-f4a8-45e5-ad91-bdd87731a7ba,2026-06-30T07:15:00Z,2026-06-30T09:15:00+0200,928.26996,MW,FR,FR,forecast_onshore_wind_generation,Wind Onshore,2026-07-08T18:59:22Z
2026-07-08T18:58:29Z,2026-07-08T20:58:29+0200,e401fd36-f4a8-45e5-ad91-bdd87731a7ba,2026-06-30T07:30:00Z,2026-06-30T09:30:00+0200,939.14001,MW,FR,FR,forecast_onshore_wind_generation,Wind Onshore,2026-07-08T18:59:22Z
2026-07-08T18:58:29Z,2026-07-08T20:58:29+0200,e401fd36-f4a8-45e5-ad91-bdd87731a7ba,2026-06-30T07:45:00Z,2026-06-30T09:45:00+0200,950.06,MW,FR,FR,forecast_onshore_wind_generation,Wind Onshore,2026-07-08T18:59:22Z
2026-07-08T18:58:29Z,2026-07-08T20:58:29+0200,e401fd36-f4a8-45e5-ad91-bdd87731a7ba,2026-06-30T08:00:00Z,2026-06-30T10:00:00+0200,961.12994,MW,FR,FR,forecast_onshore_wind_generation,Wind Onshore,2026-07-08T18:59:22Z
2026-07-08T18:58:29Z,2026-07-08T20:58:29+0200,e401fd36-f4a8-45e5-ad91-bdd87731a7ba,2026-06-30T08:15:00Z,2026-06-30T10:15:00+0200,982.85999,MW,FR,FR,forecast_onshore_wind_generation,Wind Onshore,2026-07-08T18:59:22Z
2026-07-08T18:58:29Z,2026-07-08T20:58:29+0200,e401fd36-f4a8-45e5-ad91-bdd87731a7ba,2026-06-30T08:30:00Z,2026-06-30T10:30:00+0200,1004.70001,MW,FR,FR,forecast_onshore_wind_generation,Wind Onshore,2026-07-08T18:59:22Z
2026-07-08T18:58:29Z,2026-07-08T20:58:29+0200,e401fd36-f4a8-45e5-ad91-bdd87731a7ba,2026-06-30T08:45:00Z,2026-06-30T10:45:00+0200,1026.64001,MW,FR,FR,forecast_onshore_wind_generation,Wind Onshore,2026-07-08T18:59:22Z
2026-07-08T18:58:29Z,2026-07-08T20:58:29+0200,e401fd36-f4a8-45e5-ad91-bdd87731a7ba,2026-06-30T09:00:00Z,2026-06-30T11:00:00+0200,1048.73999,MW,FR,FR,forecast_onshore_wind_generation,Wind Onshore,2026-07-08T18:59:22Z
2026-07-08T18:58:29Z,2026-07-08T20:58:29+0200,e401fd36-f4a8-45e5-ad91-bdd87731a7ba,2026-06-30T09:15:00Z,2026-06-30T11:15:00+0200,1048.56006,MW,FR,FR,forecast_onshore_wind_generation,Wind Onshore,2026-07-08T18:59:22Z
2026-07-08T18:58:29Z,2026-07-08T20:58:29+0200,e401fd36-f4a8-45e5-ad91-bdd87731a7ba,2026-06-30T09:30:00Z,2026-06-30T11:30:00+0200,1048.43994,MW,FR,FR,forecast_onshore_wind_generation,Wind Onshore,2026-07-08T18:59:22Z
2026-07-08T18:58:29Z,2026-07-08T20:58:29+0200,e401fd36-f4a8-45e5-ad91-bdd87731a7ba,2026-06-30T09:45:00Z,2026-06-30T11:45:00+0200,1048.35999,MW,FR,FR,forecast_onshore_wind_generation,Wind Onshore,2026-07-08T18:59:22Z
2026-07-08T18:58:29Z,2026-07-08T20:58:29+0200,e401fd36-f4a8-45e5-ad91-bdd87731a7ba,2026-06-30T10:00:00Z,2026-06-30T12:00:00+0200,1048.3501,MW,FR,FR,forecast_onshore_wind_generation,Wind Onshore,2026-07-08T18:59:22Z
2026-07-08T18:58:29Z,2026-07-08T20:58:29+0200,e401fd36-f4a8-45e5-ad91-bdd87731a7ba,2026-06-30T10:15:00Z,2026-06-30T12:15:00+0200,1036.29004,MW,FR,FR,forecast_onshore_wind_generation,Wind Onshore,2026-07-08T18:59:22Z
2026-07-08T18:58:29Z,2026-07-08T20:58:29+0200,e401fd36-f4a8-45e5-ad91-bdd87731a7ba,2026-06-30T10:30:00Z,2026-06-30T12:30:00+0200,1024.25,MW,FR,FR,forecast_onshore_wind_generation,Wind Onshore,2026-07-08T18:59:22Z
2026-07-08T18:58:29Z,2026-07-08T20:58:29+0200,e401fd36-f4a8-45e5-ad91-bdd87731a7ba,2026-06-30T10:45:00Z,2026-06-30T12:45:00+0200,1012.14996,MW,FR,FR,forecast_onshore_wind_generation,Wind Onshore,2026-07-08T18:59:22Z
2026-07-08T18:58:29Z,2026-07-08T20:58:29+0200,e401fd36-f4a8-45e5-ad91-bdd87731a7ba,2026-06-30T11:00:00Z,2026-06-30T13:00:00+0200,1000.07001,MW,FR,FR,forecast_onshore_wind_generation,Wind Onshore,2026-07-08T18:59:22Z
2026-07-08T18:58:29Z,2026-07-08T20:58:29+0200,e401fd36-f4a8-45e5-ad91-bdd87731a7ba,2026-06-30T11:15:00Z,2026-06-30T13:15:00+0200,1023.67999,MW,FR,FR,forecast_onshore_wind_generation,Wind Onshore,2026-07-08T18:59:22Z
2026-07-08T18:58:29Z,2026-07-08T20:58:29+0200,e401fd36-f4a8-45e5-ad91-bdd87731a7ba,2026-06-30T11:30:00Z,2026-06-30T13:30:00+0200,1047.27991,MW,FR,FR,forecast_onshore_wind_generation,Wind Onshore,2026-07-08T18:59:22Z
2026-07-08T18:58:29Z,2026-07-08T20:58:29+0200,e401fd36-f4a8-45e5-ad91-bdd87731a7ba,2026-06-30T11:45:00Z,2026-06-30T13:45:00+0200,1070.87,MW,FR,FR,forecast_onshore_wind_generation,Wind Onshore,2026-07-08T18:59:22Z
2026-07-08T18:58:29Z,2026-07-08T20:58:29+0200,e401fd36-f4a8-45e5-ad91-bdd87731a7ba,2026-06-30T12:00:00Z,2026-06-30T14:00:00+0200,1094.54004,MW,FR,FR,forecast_onshore_wind_generation,Wind Onshore,2026-07-08T18:59:22Z
2026-07-08T18:58:29Z,2026-07-08T20:58:29+0200,e401fd36-f4a8-45e5-ad91-bdd87731a7ba,2026-06-30T12:15:00Z,2026-06-30T14:15:00+0200,1153.28003,MW,FR,FR,forecast_onshore_wind_generation,Wind Onshore,2026-07-08T18:59:22Z
2026-07-08T18:58:29Z,2026-07-08T20:58:29+0200,e401fd36-f4a8-45e5-ad91-bdd87731a7ba,2026-06-30T12:30:00Z,2026-06-30T14:30:00+0200,1212.10986,MW,FR,FR,forecast_onshore_wind_generation,Wind Onshore,2026-07-08T18:59:22Z
2026-07-08T18:58:29Z,2026-07-08T20:58:29+0200,e401fd36-f4a8-45e5-ad91-bdd87731a7ba,2026-06-30T12:45:00Z,2026-06-30T14:45:00+0200,1270.93005,MW,FR,FR,forecast_onshore_wind_generation,Wind Onshore,2026-07-08T18:59:22Z
2026-07-08T18:58:29Z,2026-07-08T20:58:29+0200,e401fd36-f4a8-45e5-ad91-bdd87731a7ba,2026-06-30T13:00:00Z,2026-06-30T15:00:00+0200,1329.77002,MW,FR,FR,forecast_onshore_wind_generation,Wind Onshore,2026-07-08T18:59:22Z
2026-07-08T18:58:29Z,2026-07-08T20:58:29+0200,e401fd36-f4a8-45e5-ad91-bdd87731a7ba,2026-06-30T13:15:00Z,2026-06-30T15:15:00+0200,1417.98999,MW,FR,FR,forecast_onshore_wind_generation,Wind Onshore,2026-07-08T18:59:22Z
2026-07-08T18:58:29Z,2026-07-08T20:58:29+0200,e401fd36-f4a8-45e5-ad91-bdd87731a7ba,2026-06-30T13:30:00Z,2026-06-30T15:30:00+0200,1506.23999,MW,FR,FR,forecast_onshore_wind_generation,Wind Onshore,2026-07-08T18:59:22Z
2026-07-08T18:58:29Z,2026-07-08T20:58:29+0200,e401fd36-f4a8-45e5-ad91-bdd87731a7ba,2026-06-30T13:45:00Z,2026-06-30T15:45:00+0200,1594.49011,MW,FR,FR,forecast_onshore_wind_generation,Wind Onshore,2026-07-08T18:59:22Z
2026-07-08T18:58:29Z,2026-07-08T20:58:29+0200,e401fd36-f4a8-45e5-ad91-bdd87731a7ba,2026-06-30T14:00:00Z,2026-06-30T16:00:00+0200,1682.73999,MW,FR,FR,forecast_onshore_wind_generation,Wind Onshore,2026-07-08T18:59:22Z
2026-07-08T18:58:29Z,2026-07-08T20:58:29+0200,e401fd36-f4a8-45e5-ad91-bdd87731a7ba,2026-06-30T14:15:00Z,2026-06-30T16:15:00+0200,1827.80005,MW,FR,FR,forecast_onshore_wind_generation,Wind Onshore,2026-07-08T18:59:22Z
2026-07-08T18:58:29Z,2026-07-08T20:58:29+0200,e401fd36-f4a8-45e5-ad91-bdd87731a7ba,2026-06-30T14:30:00Z,2026-06-30T16:30:00+0200,1972.84998,MW,FR,FR,forecast_onshore_wind_generation,Wind Onshore,2026-07-08T18:59:22Z
2026-07-08T18:58:29Z,2026-07-08T20:58:29+0200,e401fd36-f4a8-45e5-ad91-bdd87731a7ba,2026-06-30T14:45:00Z,2026-06-30T16:45:00+0200,2117.96997,MW,FR,FR,forecast_onshore_wind_generation,Wind Onshore,2026-07-08T18:59:22Z
2026-07-08T18:58:29Z,2026-07-08T20:58:29+0200,e401fd36-f4a8-45e5-ad91-bdd87731a7ba,2026-06-30T15:00:00Z,2026-06-30T17:00:00+0200,2263.08008,MW,FR,FR,forecast_onshore_wind_generation,Wind Onshore,2026-07-08T18:59:22Z
2026-07-08T18:58:29Z,2026-07-08T20:58:29+0200,e401fd36-f4a8-45e5-ad91-bdd87731a7ba,2026-06-30T15:15:00Z,2026-06-30T17:15:00+0200,2351.45996,MW,FR,FR,forecast_onshore_wind_generation,Wind Onshore,2026-07-08T18:59:22Z
2026-07-08T18:58:29Z,2026-07-08T20:58:29+0200,e401fd36-f4a8-45e5-ad91-bdd87731a7ba,2026-06-30T15:30:00Z,2026-06-30T17:30:00+0200,2439.83008,MW,FR,FR,forecast_onshore_wind_generation,Wind Onshore,2026-07-08T18:59:22Z
2026-07-08T18:58:29Z,2026-07-08T20:58:29+0200,e401fd36-f4a8-45e5-ad91-bdd87731a7ba,2026-06-30T15:45:00Z,2026-06-30T17:45:00+0200,2528.20996,MW,FR,FR,forecast_onshore_wind_generation,Wind Onshore,2026-07-08T18:59:22Z
2026-07-08T18:58:29Z,2026-07-08T20:58:29+0200,e401fd36-f4a8-45e5-ad91-bdd87731a7ba,2026-06-30T16:00:00Z,2026-06-30T18:00:00+0200,2616.58008,MW,FR,FR,forecast_onshore_wind_generation,Wind Onshore,2026-07-08T18:59:22Z
2026-07-08T18:58:29Z,2026-07-08T20:58:29+0200,e401fd36-f4a8-45e5-ad91-bdd87731a7ba,2026-06-30T16:15:00Z,2026-06-30T18:15:00+0200,2662.0498,MW,FR,FR,forecast_onshore_wind_generation,Wind Onshore,2026-07-08T18:59:22Z
2026-07-08T18:58:29Z,2026-07-08T20:58:29+0200,e401fd36-f4a8-45e5-ad91-bdd87731a7ba,2026-06-30T16:30:00Z,2026-06-30T18:30:00+0200,2707.51001,MW,FR,FR,forecast_onshore_wind_generation,Wind Onshore,2026-07-08T18:59:22Z
2026-07-08T18:58:29Z,2026-07-08T20:58:29+0200,e401fd36-f4a8-45e5-ad91-bdd87731a7ba,2026-06-30T16:45:00Z,2026-06-30T18:45:00+0200,2752.94995,MW,FR,FR,forecast_onshore_wind_generation,Wind Onshore,2026-07-08T18:59:22Z
2026-07-08T18:58:29Z,2026-07-08T20:58:29+0200,e401fd36-f4a8-45e5-ad91-bdd87731a7ba,2026-06-30T17:00:00Z,2026-06-30T19:00:00+0200,2798.35986,MW,FR,FR,forecast_onshore_wind_generation,Wind Onshore,2026-07-08T18:59:22Z
2026-07-08T18:58:29Z,2026-07-08T20:58:29+0200,e401fd36-f4a8-45e5-ad91-bdd87731a7ba,2026-06-30T17:15:00Z,2026-06-30T19:15:00+0200,2883.31006,MW,FR,FR,forecast_onshore_wind_generation,Wind Onshore,2026-07-08T18:59:22Z
2026-07-08T18:58:29Z,2026-07-08T20:58:29+0200,e401fd36-f4a8-45e5-ad91-bdd87731a7ba,2026-06-30T17:30:00Z,2026-06-30T19:30:00+0200,2968.26001,MW,FR,FR,forecast_onshore_wind_generation,Wind Onshore,2026-07-08T18:59:22Z
2026-07-08T18:58:29Z,2026-07-08T20:58:29+0200,e401fd36-f4a8-45e5-ad91-bdd87731a7ba,2026-06-30T17:45:00Z,2026-06-30T19:45:00+0200,3053.22998,MW,FR,FR,forecast_onshore_wind_generation,Wind Onshore,2026-07-08T18:59:22Z
2026-07-08T18:58:29Z,2026-07-08T20:58:29+0200,e401fd36-f4a8-45e5-ad91-bdd87731a7ba,2026-06-30T18:00:00Z,2026-06-30T20:00:00+0200,3138.22021,MW,FR,FR,forecast_onshore_wind_generation,Wind Onshore,2026-07-08T18:59:22Z
2026-07-08T18:58:29Z,2026-07-08T20:58:29+0200,e401fd36-f4a8-45e5-ad91-bdd87731a7ba,2026-06-30T18:15:00Z,2026-06-30T20:15:00+0200,3250.46973,MW,FR,FR,forecast_onshore_wind_generation,Wind Onshore,2026-07-08T18:59:22Z
2026-07-08T18:58:29Z,2026-07-08T20:58:29+0200,e401fd36-f4a8-45e5-ad91-bdd87731a7ba,2026-06-30T18:30:00Z,2026-06-30T20:30:00+0200,3362.74023,MW,FR,FR,forecast_onshore_wind_generation,Wind Onshore,2026-07-08T18:59:22Z
2026-07-08T18:58:29Z,2026-07-08T20:58:29+0200,e401fd36-f4a8-45e5-ad91-bdd87731a7ba,2026-06-30T18:45:00Z,2026-06-30T20:45:00+0200,3474.97021,MW,FR,FR,forecast_onshore_wind_generation,Wind Onshore,2026-07-08T18:59:22Z
2026-07-08T18:58:29Z,2026-07-08T20:58:29+0200,e401fd36-f4a8-45e5-ad91-bdd87731a7ba,2026-06-30T19:00:00Z,2026-06-30T21:00:00+0200,3587.21021,MW,FR,FR,forecast_onshore_wind_generation,Wind Onshore,2026-07-08T18:59:22Z
2026-07-08T18:58:29Z,2026-07-08T20:58:29+0200,e401fd36-f4a8-45e5-ad91-bdd87731a7ba,2026-06-30T19:15:00Z,2026-06-30T21:15:00+0200,3704.07007,MW,FR,FR,forecast_onshore_wind_generation,Wind Onshore,2026-07-08T18:59:22Z
2026-07-08T18:58:29Z,2026-07-08T20:58:29+0200,e401fd36-f4a8-45e5-ad91-bdd87731a7ba,2026-06-30T19:30:00Z,2026-06-30T21:30:00+0200,3820.91992,MW,FR,FR,forecast_onshore_wind_generation,Wind Onshore,2026-07-08T18:59:22Z
2026-07-08T18:58:29Z,2026-07-08T20:58:29+0200,e401fd36-f4a8-45e5-ad91-bdd87731a7ba,2026-06-30T19:45:00Z,2026-06-30T21:45:00+0200,3937.76001,MW,FR,FR,forecast_onshore_wind_generation,Wind Onshore,2026-07-08T18:59:22Z
2026-07-08T18:58:29Z,2026-07-08T20:58:29+0200,e401fd36-f4a8-45e5-ad91-bdd87731a7ba,2026-06-30T20:00:00Z,2026-06-30T22:00:00+0200,4054.59009,MW,FR,FR,forecast_onshore_wind_generation,Wind Onshore,2026-07-08T18:59:22Z
2026-07-08T18:58:29Z,2026-07-08T20:58:29+0200,e401fd36-f4a8-45e5-ad91-bdd87731a7ba,2026-06-30T20:15:00Z,2026-06-30T22:15:00+0200,4144.87012,MW,FR,FR,forecast_onshore_wind_generation,Wind Onshore,2026-07-08T18:59:22Z
2026-07-08T18:58:29Z,2026-07-08T20:58:29+0200,e401fd36-f4a8-45e5-ad91-bdd87731a7ba,2026-06-30T20:30:00Z,2026-06-30T22:30:00+0200,4235.15039,MW,FR,FR,forecast_onshore_wind_generation,Wind Onshore,2026-07-08T18:59:22Z
2026-07-08T18:58:29Z,2026-07-08T20:58:29+0200,e401fd36-f4a8-45e5-ad91-bdd87731a7ba,2026-06-30T20:45:00Z,2026-06-30T22:45:00+0200,4325.42969,MW,FR,FR,forecast_onshore_wind_generation,Wind Onshore,2026-07-08T18:59:22Z
2026-07-08T18:58:29Z,2026-07-08T20:58:29+0200,e401fd36-f4a8-45e5-ad91-bdd87731a7ba,2026-06-30T21:00:00Z,2026-06-30T23:00:00+0200,4415.72998,MW,FR,FR,forecast_onshore_wind_generation,Wind Onshore,2026-07-08T18:59:22Z
2026-07-08T18:58:29Z,2026-07-08T20:58:29+0200,e401fd36-f4a8-45e5-ad91-bdd87731a7ba,2026-06-30T21:15:00Z,2026-06-30T23:15:00+0200,4465.58008,MW,FR,FR,forecast_onshore_wind_generation,Wind Onshore,2026-07-08T18:59:22Z
2026-07-08T18:58:29Z,2026-07-08T20:58:29+0200,e401fd36-f4a8-45e5-ad91-bdd87731a7ba,2026-06-30T21:30:00Z,2026-06-30T23:30:00+0200,4515.4502,MW,FR,FR,forecast_onshore_wind_generation,Wind Onshore,2026-07-08T18:59:22Z
2026-07-08T18:58:29Z,2026-07-08T20:58:29+0200,e401fd36-f4a8-45e5-ad91-bdd87731a7ba,2026-06-30T21:45:00Z,2026-06-30T23:45:00+0200,4565.25,MW,FR,FR,forecast_onshore_wind_generation,Wind Onshore,2026-07-08T18:59:22Z
2026-07-08T18:58:29Z,2026-07-08T20:58:29+0200,e401fd36-f4a8-45e5-ad91-bdd87731a7ba,2026-06-30T22:00:00Z,2026-07-01T00:00:00+0200,4320.58984,MW,FR,FR,forecast_onshore_wind_generation,Wind Onshore,2026-07-08T18:59:22Z
2026-07-08T18:58:29Z,2026-07-08T20:58:29+0200,e401fd36-f4a8-45e5-ad91-bdd87731a7ba,2026-06-30T22:15:00Z,2026-07-01T00:15:00+0200,4319.9502,MW,FR,FR,forecast_onshore_wind_generation,Wind Onshore,2026-07-08T18:59:22Z
2026-07-08T18:58:29Z,2026-07-08T20:58:29+0200,e401fd36-f4a8-45e5-ad91-bdd87731a7ba,2026-06-30T22:30:00Z,2026-07-01T00:30:00+0200,4319.34033,MW,FR,FR,forecast_onshore_wind_generation,Wind Onshore,2026-07-08T18:59:22Z
2026-07-08T18:58:29Z,2026-07-08T20:58:29+0200,e401fd36-f4a8-45e5-ad91-bdd87731a7ba,2026-06-30T22:45:00Z,2026-07-01T00:45:00+0200,4318.87012,MW,FR,FR,forecast_onshore_wind_generation,Wind Onshore,2026-07-08T18:59:22Z
2026-07-08T18:58:29Z,2026-07-08T20:58:29+0200,e401fd36-f4a8-45e5-ad91-bdd87731a7ba,2026-06-30T23:00:00Z,2026-07-01T01:00:00+0200,4318.41016,MW,FR,FR,forecast_onshore_wind_generation,Wind Onshore,2026-07-08T18:59:22Z
2026-07-08T18:58:29Z,2026-07-08T20:58:29+0200,e401fd36-f4a8-45e5-ad91-bdd87731a7ba,2026-06-30T23:15:00Z,2026-07-01T01:15:00+0200,4271.6001,MW,FR,FR,forecast_onshore_wind_generation,Wind Onshore,2026-07-08T18:59:22Z
2026-07-08T18:58:29Z,2026-07-08T20:58:29+0200,e401fd36-f4a8-45e5-ad91-bdd87731a7ba,2026-06-30T23:30:00Z,2026-07-01T01:30:00+0200,4224.7998,MW,FR,FR,forecast_onshore_wind_generation,Wind Onshore,2026-07-08T18:59:22Z
2026-07-08T18:58:29Z,2026-07-08T20:58:29+0200,e401fd36-f4a8-45e5-ad91-bdd87731a7ba,2026-06-30T23:45:00Z,2026-07-01T01:45:00+0200,4178.00977,MW,FR,FR,forecast_onshore_wind_generation,Wind Onshore,2026-07-08T18:59:22Z
2026-07-08T18:58:29Z,2026-07-08T20:58:29+0200,e401fd36-f4a8-45e5-ad91-bdd87731a7ba,2026-07-01T00:00:00Z,2026-07-01T02:00:00+0200,4131.21973,MW,FR,FR,forecast_onshore_wind_generation,Wind Onshore,2026-07-08T18:59:22Z
2026-07-08T18:58:29Z,2026-07-08T20:58:29+0200,e401fd36-f4a8-45e5-ad91-bdd87731a7ba,2026-07-01T00:15:00Z,2026-07-01T02:15:00+0200,4090.51978,MW,FR,FR,forecast_onshore_wind_generation,Wind Onshore,2026-07-08T18:59:22Z
2026-07-08T18:58:29Z,2026-07-08T20:58:29+0200,e401fd36-f4a8-45e5-ad91-bdd87731a7ba,2026-07-01T00:30:00Z,2026-07-01T02:30:00+0200,4049.81006,MW,FR,FR,forecast_onshore_wind_generation,Wind Onshore,2026-07-08T18:59:22Z
2026-07-08T18:58:29Z,2026-07-08T20:58:29+0200,e401fd36-f4a8-45e5-ad91-bdd87731a7ba,2026-07-01T00:45:00Z,2026-07-01T02:45:00+0200,4009.18018,MW,FR,FR,forecast_onshore_wind_generation,Wind Onshore,2026-07-08T18:59:22Z
2026-07-08T18:58:29Z,2026-07-08T20:58:29+0200,e401fd36-f4a8-45e5-ad91-bdd87731a7ba,2026-07-01T01:00:00Z,2026-07-01T03:00:00+0200,3968.54004,MW,FR,FR,forecast_onshore_wind_generation,Wind Onshore,2026-07-08T18:59:22Z
2026-07-08T18:58:29Z,2026-07-08T20:58:29+0200,e401fd36-f4a8-45e5-ad91-bdd87731a7ba,2026-07-01T01:15:00Z,2026-07-01T03:15:00+0200,3984.12012,MW,FR,FR,forecast_onshore_wind_generation,Wind Onshore,2026-07-08T18:59:22Z
2026-07-08T18:58:29Z,2026-07-08T20:58:29+0200,e401fd36-f4a8-45e5-ad91-bdd87731a7ba,2026-07-01T01:30:00Z,2026-07-01T03:30:00+0200,3999.7002,MW,FR,FR,forecast_onshore_wind_generation,Wind Onshore,2026-07-08T18:59:22Z
2026-07-08T18:58:29Z,2026-07-08T20:58:29+0200,e401fd36-f4a8-45e5-ad91-bdd87731a7ba,2026-07-01T01:45:00Z,2026-07-01T03:45:00+0200,4015.34009,MW,FR,FR,forecast_onshore_wind_generation,Wind Onshore,2026-07-08T18:59:22Z
2026-07-08T18:58:29Z,2026-07-08T20:58:29+0200,e401fd36-f4a8-45e5-ad91-bdd87731a7ba,2026-07-01T02:00:00Z,2026-07-01T04:00:00+0200,4030.94995,MW,FR,FR,forecast_onshore_wind_generation,Wind Onshore,2026-07-08T18:59:22Z
2026-07-08T18:58:29Z,2026-07-08T20:58:29+0200,e401fd36-f4a8-45e5-ad91-bdd87731a7ba,2026-07-01T02:15:00Z,2026-07-01T04:15:00+0200,4043.52979,MW,FR,FR,forecast_onshore_wind_generation,Wind Onshore,2026-07-08T18:59:22Z
2026-07-08T18:58:29Z,2026-07-08T20:58:29+0200,e401fd36-f4a8-45e5-ad91-bdd87731a7ba,2026-07-01T02:30:00Z,2026-07-01T04:30:00+0200,4056.1001,MW,FR,FR,forecast_onshore_wind_generation,Wind Onshore,2026-07-08T18:59:22Z
2026-07-08T18:58:29Z,2026-07-08T20:58:29+0200,e401fd36-f4a8-45e5-ad91-bdd87731a7ba,2026-07-01T02:45:00Z,2026-07-01T04:45:00+0200,4068.73022,MW,FR,FR,forecast_onshore_wind_generation,Wind Onshore,2026-07-08T18:59:22Z
2026-07-08T18:58:29Z,2026-07-08T20:58:29+0200,e401fd36-f4a8-45e5-ad91-bdd87731a7ba,2026-07-01T03:00:00Z,2026-07-01T05:00:00+0200,4081.34033,MW,FR,FR,forecast_onshore_wind_generation,Wind Onshore,2026-07-08T18:59:22Z
2026-07-08T18:58:29Z,2026-07-08T20:58:29+0200,e401fd36-f4a8-45e5-ad91-bdd87731a7ba,2026-07-01T03:15:00Z,2026-07-01T05:15:00+0200,4060.26025,MW,FR,FR,forecast_onshore_wind_generation,Wind Onshore,2026-07-08T18:59:22Z
2026-07-08T18:58:29Z,2026-07-08T20:58:29+0200,e401fd36-f4a8-45e5-ad91-bdd87731a7ba,2026-07-01T03:30:00Z,2026-07-01T05:30:00+0200,4039.16992,MW,FR,FR,forecast_onshore_wind_generation,Wind Onshore,2026-07-08T18:59:22Z
2026-07-08T18:58:29Z,2026-07-08T20:58:29+0200,e401fd36-f4a8-45e5-ad91-bdd87731a7ba,2026-07-01T03:45:00Z,2026-07-01T05:45:00+0200,4018.21997,MW,FR,FR,forecast_onshore_wind_generation,Wind Onshore,2026-07-08T18:59:22Z
2026-07-08T18:58:29Z,2026-07-08T20:58:29+0200,e401fd36-f4a8-45e5-ad91-bdd87731a7ba,2026-07-01T04:00:00Z,2026-07-01T06:00:00+0200,3997.26978,MW,FR,FR,forecast_onshore_wind_generation,Wind Onshore,2026-07-08T18:59:22Z
2026-07-08T18:58:29Z,2026-07-08T20:58:29+0200,e401fd36-f4a8-45e5-ad91-bdd87731a7ba,2026-07-01T04:15:00Z,2026-07-01T06:15:00+0200,3922.76001,MW,FR,FR,forecast_onshore_wind_generation,Wind Onshore,2026-07-08T18:59:22Z
2026-07-08T18:58:29Z,2026-07-08T20:58:29+0200,e401fd36-f4a8-45e5-ad91-bdd87731a7ba,2026-07-01T04:30:00Z,2026-07-01T06:30:00+0200,3848.23999,MW,FR,FR,forecast_onshore_wind_generation,Wind Onshore,2026-07-08T18:59:22Z
2026-07-08T18:58:29Z,2026-07-08T20:58:29+0200,e401fd36-f4a8-45e5-ad91-bdd87731a7ba,2026-07-01T04:45:00Z,2026-07-01T06:45:00+0200,3773.65991,MW,FR,FR,forecast_onshore_wind_generation,Wind Onshore,2026-07-08T18:59:22Z
2026-07-08T18:58:29Z,2026-07-08T20:58:29+0200,e401fd36-f4a8-45e5-ad91-bdd87731a7ba,2026-07-01T05:00:00Z,2026-07-01T07:00:00+0200,3699.08008,MW,FR,FR,forecast_onshore_wind_generation,Wind Onshore,2026-07-08T18:59:22Z
2026-07-08T18:58:29Z,2026-07-08T20:58:29+0200,e401fd36-f4a8-45e5-ad91-bdd87731a7ba,2026-07-01T05:15:00Z,2026-07-01T07:15:00+0200,3457.63013,MW,FR,FR,forecast_onshore_wind_generation,Wind Onshore,2026-07-08T18:59:22Z
2026-07-08T18:58:29Z,2026-07-08T20:58:29+0200,e401fd36-f4a8-45e5-ad91-bdd87731a7ba,2026-07-01T05:30:00Z,2026-07-01T07:30:00+0200,3216.16992,MW,FR,FR,forecast_onshore_wind_generation,Wind Onshore,2026-07-08T18:59:22Z
2026-07-08T18:58:29Z,2026-07-08T20:58:29+0200,e401fd36-f4a8-45e5-ad91-bdd87731a7ba,2026-07-01T05:45:00Z,2026-07-01T07:45:00+0200,2974.82007,MW,FR,FR,forecast_onshore_wind_generation,Wind Onshore,2026-07-08T18:59:22Z
2026-07-08T18:58:29Z,2026-07-08T20:58:29+0200,e401fd36-f4a8-45e5-ad91-bdd87731a7ba,2026-07-01T06:00:00Z,2026-07-01T08:00:00+0200,2733.45996,MW,FR,FR,forecast_onshore_wind_generation,Wind Onshore,2026-07-08T18:59:22Z
2026-07-08T18:58:29Z,2026-07-08T20:58:29+0200,e401fd36-f4a8-45e5-ad91-bdd87731a7ba,2026-07-01T06:15:00Z,2026-07-01T08:15:00+0200,2714.26001,MW,FR,FR,forecast_onshore_wind_generation,Wind Onshore,2026-07-08T18:59:22Z
2026-07-08T18:58:29Z,2026-07-08T20:58:29+0200,e401fd36-f4a8-45e5-ad91-bdd87731a7ba,2026-07-01T06:30:00Z,2026-07-01T08:30:00+0200,2695.1001,MW,FR,FR,forecast_onshore_wind_generation,Wind Onshore,2026-07-08T18:59:22Z
2026-07-08T18:58:29Z,2026-07-08T20:58:29+0200,e401fd36-f4a8-45e5-ad91-bdd87731a7ba,2026-07-01T06:45:00Z,2026-07-01T08:45:00+0200,2675.90015,MW,FR,FR,forecast_onshore_wind_generation,Wind Onshore,2026-07-08T18:59:22Z
2026-07-08T18:58:29Z,2026-07-08T20:58:29+0200,e401fd36-f4a8-45e5-ad91-bdd87731a7ba,2026-07-01T07:00:00Z,2026-07-01T09:00:00+0200,2656.70996,MW,FR,FR,forecast_onshore_wind_generation,Wind Onshore,2026-07-08T18:59:22Z
2026-07-08T18:58:29Z,2026-07-08T20:58:29+0200,e401fd36-f4a8-45e5-ad91-bdd87731a7ba,2026-07-01T07:15:00Z,2026-07-01T09:15:00+0200,2643.44995,MW,FR,FR,forecast_onshore_wind_generation,Wind Onshore,2026-07-08T18:59:22Z
2026-07-08T18:58:29Z,2026-07-08T20:58:29+0200,e401fd36-f4a8-45e5-ad91-bdd87731a7ba,2026-07-01T07:30:00Z,2026-07-01T09:30:00+0200,2630.18994,MW,FR,FR,forecast_onshore_wind_generation,Wind Onshore,2026-07-08T18:59:22Z
2026-07-08T18:58:29Z,2026-07-08T20:58:29+0200,e401fd36-f4a8-45e5-ad91-bdd87731a7ba,2026-07-01T07:45:00Z,2026-07-01T09:45:00+0200,2616.97998,MW,FR,FR,forecast_onshore_wind_generation,Wind Onshore,2026-07-08T18:59:22Z
2026-07-08T18:58:29Z,2026-07-08T20:58:29+0200,e401fd36-f4a8-45e5-ad91-bdd87731a7ba,2026-07-01T08:00:00Z,2026-07-01T10:00:00+0200,2603.79004,MW,FR,FR,forecast_onshore_wind_generation,Wind Onshore,2026-07-08T18:59:22Z
2026-07-08T18:58:29Z,2026-07-08T20:58:29+0200,e401fd36-f4a8-45e5-ad91-bdd87731a7ba,2026-07-01T08:15:00Z,2026-07-01T10:15:00+0200,2652.01001,MW,FR,FR,forecast_onshore_wind_generation,Wind Onshore,2026-07-08T18:59:22Z
2026-07-08T18:58:29Z,2026-07-08T20:58:29+0200,e401fd36-f4a8-45e5-ad91-bdd87731a7ba,2026-07-01T08:30:00Z,2026-07-01T10:30:00+0200,2700.23999,MW,FR,FR,forecast_onshore_wind_generation,Wind Onshore,2026-07-08T18:59:22Z
2026-07-08T18:58:29Z,2026-07-08T20:58:29+0200,e401fd36-f4a8-45e5-ad91-bdd87731a7ba,2026-07-01T08:45:00Z,2026-07-01T10:45:00+0200,2748.52002,MW,FR,FR,forecast_onshore_wind_generation,Wind Onshore,2026-07-08T18:59:22Z
2026-07-08T18:58:29Z,2026-07-08T20:58:29+0200,e401fd36-f4a8-45e5-ad91-bdd87731a7ba,2026-07-01T09:00:00Z,2026-07-01T11:00:00+0200,2796.80981,MW,FR,FR,forecast_onshore_wind_generation,Wind Onshore,2026-07-08T18:59:22Z
2026-07-08T18:58:29Z,2026-07-08T20:58:29+0200,e401fd36-f4a8-45e5-ad91-bdd87731a7ba,2026-07-01T09:15:00Z,2026-07-01T11:15:00+0200,2896.44995,MW,FR,FR,forecast_onshore_wind_generation,Wind Onshore,2026-07-08T18:59:22Z
2026-07-08T18:58:29Z,2026-07-08T20:58:29+0200,e401fd36-f4a8-45e5-ad91-bdd87731a7ba,2026-07-01T09:30:00Z,2026-07-01T11:30:00+0200,2996.07983,MW,FR,FR,forecast_onshore_wind_generation,Wind Onshore,2026-07-08T18:59:22Z
2026-07-08T18:58:29Z,2026-07-08T20:58:29+0200,e401fd36-f4a8-45e5-ad91-bdd87731a7ba,2026-07-01T09:45:00Z,2026-07-01T11:45:00+0200,3095.73999,MW,FR,FR,forecast_onshore_wind_generation,Wind Onshore,2026-07-08T18:59:22Z
2026-07-08T18:58:29Z,2026-07-08T20:58:29+0200,e401fd36-f4a8-45e5-ad91-bdd87731a7ba,2026-07-01T10:00:00Z,2026-07-01T12:00:00+0200,3195.41992,MW,FR,FR,forecast_onshore_wind_generation,Wind Onshore,2026-07-08T18:59:22Z
2026-07-08T18:58:29Z,2026-07-08T20:58:29+0200,e401fd36-f4a8-45e5-ad91-bdd87731a7ba,2026-07-01T10:15:00Z,2026-07-01T12:15:00+0200,3308.75977,MW,FR,FR,forecast_onshore_wind_generation,Wind Onshore,2026-07-08T18:59:22Z
2026-07-08T18:58:29Z,2026-07-08T20:58:29+0200,e401fd36-f4a8-45e5-ad91-bdd87731a7ba,2026-07-01T10:30:00Z,2026-07-01T12:30:00+0200,3422.13989,MW,FR,FR,forecast_onshore_wind_generation,Wind Onshore,2026-07-08T18:59:22Z
2026-07-08T18:58:29Z,2026-07-08T20:58:29+0200,e401fd36-f4a8-45e5-ad91-bdd87731a7ba,2026-07-01T10:45:00Z,2026-07-01T12:45:00+0200,3535.5,MW,FR,FR,forecast_onshore_wind_generation,Wind Onshore,2026-07-08T18:59:22Z
2026-07-08T18:58:29Z,2026-07-08T20:58:29+0200,e401fd36-f4a8-45e5-ad91-bdd87731a7ba,2026-07-01T11:00:00Z,2026-07-01T13:00:00+0200,3648.85986,MW,FR,FR,forecast_onshore_wind_generation,Wind Onshore,2026-07-08T18:59:22Z
2026-07-08T18:58:29Z,2026-07-08T20:58:29+0200,e401fd36-f4a8-45e5-ad91-bdd87731a7ba,2026-07-01T11:15:00Z,2026-07-01T13:15:00+0200,3767.48999,MW,FR,FR,forecast_onshore_wind_generation,Wind Onshore,2026-07-08T18:59:22Z
2026-07-08T18:58:29Z,2026-07-08T20:58:29+0200,e401fd36-f4a8-45e5-ad91-bdd87731a7ba,2026-07-01T11:30:00Z,2026-07-01T13:30:00+0200,3886.1499,MW,FR,FR,forecast_onshore_wind_generation,Wind Onshore,2026-07-08T18:59:22Z
2026-07-08T18:58:29Z,2026-07-08T20:58:29+0200,e401fd36-f4a8-45e5-ad91-bdd87731a7ba,2026-07-01T11:45:00Z,2026-07-01T13:45:00+0200,4004.77979,MW,FR,FR,forecast_onshore_wind_generation,Wind Onshore,2026-07-08T18:59:22Z
2026-07-08T18:58:29Z,2026-07-08T20:58:29+0200,e401fd36-f4a8-45e5-ad91-bdd87731a7ba,2026-07-01T12:00:00Z,2026-07-01T14:00:00+0200,4123.42969,MW,FR,FR,forecast_onshore_wind_generation,Wind Onshore,2026-07-08T18:59:22Z
2026-07-08T18:58:29Z,2026-07-08T20:58:29+0200,e401fd36-f4a8-45e5-ad91-bdd87731a7ba,2026-07-01T12:15:00Z,2026-07-01T14:15:00+0200,4226.40039,MW,FR,FR,forecast_onshore_wind_generation,Wind Onshore,2026-07-08T18:59:22Z
2026-07-08T18:58:29Z,2026-07-08T20:58:29+0200,e401fd36-f4a8-45e5-ad91-bdd87731a7ba,2026-07-01T12:30:00Z,2026-07-01T14:30:00+0200,4329.39014,MW,FR,FR,forecast_onshore_wind_generation,Wind Onshore,2026-07-08T18:59:22Z
2026-07-08T18:58:29Z,2026-07-08T20:58:29+0200,e401fd36-f4a8-45e5-ad91-bdd87731a7ba,2026-07-01T12:45:00Z,2026-07-01T14:45:00+0200,4432.35986,MW,FR,FR,forecast_onshore_wind_generation,Wind Onshore,2026-07-08T18:59:22Z
2026-07-08T18:58:29Z,2026-07-08T20:58:29+0200,e401fd36-f4a8-45e5-ad91-bdd87731a7ba,2026-07-01T13:00:00Z,2026-07-01T15:00:00+0200,4535.33984,MW,FR,FR,forecast_onshore_wind_generation,Wind Onshore,2026-07-08T18:59:22Z
2026-07-08T18:58:29Z,2026-07-08T20:58:29+0200,e401fd36-f4a8-45e5-ad91-bdd87731a7ba,2026-07-01T13:15:00Z,2026-07-01T15:15:00+0200,4646.66992,MW,FR,FR,forecast_onshore_wind_generation,Wind Onshore,2026-07-08T18:59:22Z
2026-07-08T18:58:29Z,2026-07-08T20:58:29+0200,e401fd36-f4a8-45e5-ad91-bdd87731a7ba,2026-07-01T13:30:00Z,2026-07-01T15:30:00+0200,4758.00977,MW,FR,FR,forecast_onshore_wind_generation,Wind Onshore,2026-07-08T18:59:22Z
2026-07-08T18:58:29Z,2026-07-08T20:58:29+0200,e401fd36-f4a8-45e5-ad91-bdd87731a7ba,2026-07-01T13:45:00Z,2026-07-01T15:45:00+0200,4869.33008,MW,FR,FR,forecast_onshore_wind_generation,Wind Onshore,2026-07-08T18:59:22Z
2026-07-08T18:58:29Z,2026-07-08T20:58:29+0200,e401fd36-f4a8-45e5-ad91-bdd87731a7ba,2026-07-01T14:00:00Z,2026-07-01T16:00:00+0200,4980.6499,MW,FR,FR,forecast_onshore_wind_generation,Wind Onshore,2026-07-08T18:59:22Z
2026-07-08T18:58:29Z,2026-07-08T20:58:29+0200,e401fd36-f4a8-45e5-ad91-bdd87731a7ba,2026-07-01T14:15:00Z,2026-07-01T16:15:00+0200,5051.98975,MW,FR,FR,forecast_onshore_wind_generation,Wind Onshore,2026-07-08T18:59:22Z
2026-07-08T18:58:29Z,2026-07-08T20:58:29+0200,e401fd36-f4a8-45e5-ad91-bdd87731a7ba,2026-07-01T14:30:00Z,2026-07-01T16:30:00+0200,5123.36963,MW,FR,FR,forecast_onshore_wind_generation,Wind Onshore,2026-07-08T18:59:22Z
2026-07-08T18:58:29Z,2026-07-08T20:58:29+0200,e401fd36-f4a8-45e5-ad91-bdd87731a7ba,2026-07-01T14:45:00Z,2026-07-01T16:45:00+0200,5194.68994,MW,FR,FR,forecast_onshore_wind_generation,Wind Onshore,2026-07-08T18:59:22Z
2026-07-08T18:58:29Z,2026-07-08T20:58:29+0200,e401fd36-f4a8-45e5-ad91-bdd87731a7ba,2026-07-01T15:00:00Z,2026-07-01T17:00:00+0200,5266.00977,MW,FR,FR,forecast_onshore_wind_generation,Wind Onshore,2026-07-08T18:59:22Z
2026-07-08T18:58:29Z,2026-07-08T20:58:29+0200,e401fd36-f4a8-45e5-ad91-bdd87731a7ba,2026-07-01T15:15:00Z,2026-07-01T17:15:00+0200,5294.07031,MW,FR,FR,forecast_onshore_wind_generation,Wind Onshore,2026-07-08T18:59:22Z
2026-07-08T18:58:29Z,2026-07-08T20:58:29+0200,e401fd36-f4a8-45e5-ad91-bdd87731a7ba,2026-07-01T15:30:00Z,2026-07-01T17:30:00+0200,5322.14014,MW,FR,FR,forecast_onshore_wind_generation,Wind Onshore,2026-07-08T18:59:22Z
2026-07-08T18:58:29Z,2026-07-08T20:58:29+0200,e401fd36-f4a8-45e5-ad91-bdd87731a7ba,2026-07-01T15:45:00Z,2026-07-01T17:45:00+0200,5350.06982,MW,FR,FR,forecast_onshore_wind_generation,Wind Onshore,2026-07-08T18:59:22Z
2026-07-08T18:58:29Z,2026-07-08T20:58:29+0200,e401fd36-f4a8-45e5-ad91-bdd87731a7ba,2026-07-01T16:00:00Z,2026-07-01T18:00:00+0200,5378.0,MW,FR,FR,forecast_onshore_wind_generation,Wind Onshore,2026-07-08T18:59:22Z
2026-07-08T18:58:29Z,2026-07-08T20:58:29+0200,e401fd36-f4a8-45e5-ad91-bdd87731a7ba,2026-07-01T16:15:00Z,2026-07-01T18:15:00+0200,5373.5,MW,FR,FR,forecast_onshore_wind_generation,Wind Onshore,2026-07-08T18:59:22Z
2026-07-08T18:58:29Z,2026-07-08T20:58:29+0200,e401fd36-f4a8-45e5-ad91-bdd87731a7ba,2026-07-01T16:30:00Z,2026-07-01T18:30:00+0200,5369.0,MW,FR,FR,forecast_onshore_wind_generation,Wind Onshore,2026-07-08T18:59:22Z
2026-07-08T18:58:29Z,2026-07-08T20:58:29+0200,e401fd36-f4a8-45e5-ad91-bdd87731a7ba,2026-07-01T16:45:00Z,2026-07-01T18:45:00+0200,5364.47998,MW,FR,FR,forecast_onshore_wind_generation,Wind Onshore,2026-07-08T18:59:22Z
2026-07-08T18:58:29Z,2026-07-08T20:58:29+0200,e401fd36-f4a8-45e5-ad91-bdd87731a7ba,2026-07-01T17:00:00Z,2026-07-01T19:00:00+0200,5359.96973,MW,FR,FR,forecast_onshore_wind_generation,Wind Onshore,2026-07-08T18:59:22Z
2026-07-08T18:58:29Z,2026-07-08T20:58:29+0200,e401fd36-f4a8-45e5-ad91-bdd87731a7ba,2026-07-01T17:15:00Z,2026-07-01T19:15:00+0200,5303.22021,MW,FR,FR,forecast_onshore_wind_generation,Wind Onshore,2026-07-08T18:59:22Z
2026-07-08T18:58:29Z,2026-07-08T20:58:29+0200,e401fd36-f4a8-45e5-ad91-bdd87731a7ba,2026-07-01T17:30:00Z,2026-07-01T19:30:00+0200,5246.47998,MW,FR,FR,forecast_onshore_wind_generation,Wind Onshore,2026-07-08T18:59:22Z
2026-07-08T18:58:29Z,2026-07-08T20:58:29+0200,e401fd36-f4a8-45e5-ad91-bdd87731a7ba,2026-07-01T17:45:00Z,2026-07-01T19:45:00+0200,5189.62988,MW,FR,FR,forecast_onshore_wind_generation,Wind Onshore,2026-07-08T18:59:22Z
2026-07-08T18:58:29Z,2026-07-08T20:58:29+0200,e401fd36-f4a8-45e5-ad91-bdd87731a7ba,2026-07-01T18:00:00Z,2026-07-01T20:00:00+0200,5132.75977,MW,FR,FR,forecast_onshore_wind_generation,Wind Onshore,2026-07-08T18:59:22Z
2026-07-08T18:58:29Z,2026-07-08T20:58:29+0200,e401fd36-f4a8-45e5-ad91-bdd87731a7ba,2026-07-01T18:15:00Z,2026-07-01T20:15:00+0200,5035.14014,MW,FR,FR,forecast_onshore_wind_generation,Wind Onshore,2026-07-08T18:59:22Z
2026-07-08T18:58:29Z,2026-07-08T20:58:29+0200,e401fd36-f4a8-45e5-ad91-bdd87731a7ba,2026-07-01T18:30:00Z,2026-07-01T20:30:00+0200,4937.49023,MW,FR,FR,forecast_onshore_wind_generation,Wind Onshore,2026-07-08T18:59:22Z
2026-07-08T18:58:29Z,2026-07-08T20:58:29+0200,e401fd36-f4a8-45e5-ad91-bdd87731a7ba,2026-07-01T18:45:00Z,2026-07-01T20:45:00+0200,4839.82031,MW,FR,FR,forecast_onshore_wind_generation,Wind Onshore,2026-07-08T18:59:22Z
2026-07-08T18:58:29Z,2026-07-08T20:58:29+0200,e401fd36-f4a8-45e5-ad91-bdd87731a7ba,2026-07-01T19:00:00Z,2026-07-01T21:00:00+0200,4742.15039,MW,FR,FR,forecast_onshore_wind_generation,Wind Onshore,2026-07-08T18:59:22Z
2026-07-08T18:58:29Z,2026-07-08T20:58:29+0200,e401fd36-f4a8-45e5-ad91-bdd87731a7ba,2026-07-01T19:15:00Z,2026-07-01T21:15:00+0200,4739.37012,MW,FR,FR,forecast_onshore_wind_generation,Wind Onshore,2026-07-08T18:59:22Z
2026-07-08T18:58:29Z,2026-07-08T20:58:29+0200,e401fd36-f4a8-45e5-ad91-bdd87731a7ba,2026-07-01T19:30:00Z,2026-07-01T21:30:00+0200,4736.6001,MW,FR,FR,forecast_onshore_wind_generation,Wind Onshore,2026-07-08T18:59:22Z
2026-07-08T18:58:29Z,2026-07-08T20:58:29+0200,e401fd36-f4a8-45e5-ad91-bdd87731a7ba,2026-07-01T19:45:00Z,2026-07-01T21:45:00+0200,4733.84961,MW,FR,FR,forecast_onshore_wind_generation,Wind Onshore,2026-07-08T18:59:22Z
2026-07-08T18:58:29Z,2026-07-08T20:58:29+0200,e401fd36-f4a8-45e5-ad91-bdd87731a7ba,2026-07-01T20:00:00Z,2026-07-01T22:00:00+0200,4731.08984,MW,FR,FR,forecast_onshore_wind_generation,Wind Onshore,2026-07-08T18:59:22Z
2026-07-08T18:58:29Z,2026-07-08T20:58:29+0200,e401fd36-f4a8-45e5-ad91-bdd87731a7ba,2026-07-01T20:15:00Z,2026-07-01T22:15:00+0200,4763.02002,MW,FR,FR,forecast_onshore_wind_generation,Wind Onshore,2026-07-08T18:59:22Z
2026-07-08T18:58:29Z,2026-07-08T20:58:29+0200,e401fd36-f4a8-45e5-ad91-bdd87731a7ba,2026-07-01T20:30:00Z,2026-07-01T22:30:00+0200,4794.93994,MW,FR,FR,forecast_onshore_wind_generation,Wind Onshore,2026-07-08T18:59:22Z
2026-07-08T18:58:29Z,2026-07-08T20:58:29+0200,e401fd36-f4a8-45e5-ad91-bdd87731a7ba,2026-07-01T20:45:00Z,2026-07-01T22:45:00+0200,4826.92969,MW,FR,FR,forecast_onshore_wind_generation,Wind Onshore,2026-07-08T18:59:22Z
2026-07-08T18:58:29Z,2026-07-08T20:58:29+0200,e401fd36-f4a8-45e5-ad91-bdd87731a7ba,2026-07-01T21:00:00Z,2026-07-01T23:00:00+0200,4858.93018,MW,FR,FR,forecast_onshore_wind_generation,Wind Onshore,2026-07-08T18:59:22Z
2026-07-08T18:58:29Z,2026-07-08T20:58:29+0200,e401fd36-f4a8-45e5-ad91-bdd87731a7ba,2026-07-01T21:15:00Z,2026-07-01T23:15:00+0200,4864.59033,MW,FR,FR,forecast_onshore_wind_generation,Wind Onshore,2026-07-08T18:59:22Z
2026-07-08T18:58:29Z,2026-07-08T20:58:29+0200,e401fd36-f4a8-45e5-ad91-bdd87731a7ba,2026-07-01T21:30:00Z,2026-07-01T23:30:00+0200,4870.22998,MW,FR,FR,forecast_onshore_wind_generation,Wind Onshore,2026-07-08T18:59:22Z
2026-07-08T18:58:29Z,2026-07-08T20:58:29+0200,e401fd36-f4a8-45e5-ad91-bdd87731a7ba,2026-07-01T21:45:00Z,2026-07-01T23:45:00+0200,4875.95996,MW,FR,FR,forecast_onshore_wind_generation,Wind Onshore,2026-07-08T18:59:22Z
2026-07-08T18:58:29Z,2026-07-08T20:58:29+0200,e401fd36-f4a8-45e5-ad91-bdd87731a7ba,2026-07-01T22:00:00Z,2026-07-02T00:00:00+0200,4975.61963,MW,FR,FR,forecast_onshore_wind_generation,Wind Onshore,2026-07-08T18:59:22Z
2026-07-08T18:58:29Z,2026-07-08T20:58:29+0200,e401fd36-f4a8-45e5-ad91-bdd87731a7ba,2026-07-01T22:15:00Z,2026-07-02T00:15:00+0200,4939.23975,MW,FR,FR,forecast_onshore_wind_generation,Wind Onshore,2026-07-08T18:59:22Z
2026-07-08T18:58:29Z,2026-07-08T20:58:29+0200,e401fd36-f4a8-45e5-ad91-bdd87731a7ba,2026-07-01T22:30:00Z,2026-07-02T00:30:00+0200,4902.84033,MW,FR,FR,forecast_onshore_wind_generation,Wind Onshore,2026-07-08T18:59:22Z
2026-07-08T18:58:29Z,2026-07-08T20:58:29+0200,e401fd36-f4a8-45e5-ad91-bdd87731a7ba,2026-07-01T22:45:00Z,2026-07-02T00:45:00+0200,4865.22998,MW,FR,FR,forecast_onshore_wind_generation,Wind Onshore,2026-07-08T18:59:22Z
2026-07-08T18:58:29Z,2026-07-08T20:58:29+0200,e401fd36-f4a8-45e5-ad91-bdd87731a7ba,2026-07-01T23:00:00Z,2026-07-02T01:00:00+0200,4827.62988,MW,FR,FR,forecast_onshore_wind_generation,Wind Onshore,2026-07-08T18:59:22Z
2026-07-08T18:58:29Z,2026-07-08T20:58:29+0200,e401fd36-f4a8-45e5-ad91-bdd87731a7ba,2026-07-01T23:15:00Z,2026-07-02T01:15:00+0200,4798.37012,MW,FR,FR,forecast_onshore_wind_generation,Wind Onshore,2026-07-08T18:59:22Z
2026-07-08T18:58:29Z,2026-07-08T20:58:29+0200,e401fd36-f4a8-45e5-ad91-bdd87731a7ba,2026-07-01T23:30:00Z,2026-07-02T01:30:00+0200,4769.13965,MW,FR,FR,forecast_onshore_wind_generation,Wind Onshore,2026-07-08T18:59:22Z
2026-07-08T18:58:29Z,2026-07-08T20:58:29+0200,e401fd36-f4a8-45e5-ad91-bdd87731a7ba,2026-07-01T23:45:00Z,2026-07-02T01:45:00+0200,4739.34961,MW,FR,FR,forecast_onshore_wind_generation,Wind Onshore,2026-07-08T18:59:22Z
2026-07-08T18:58:29Z,2026-07-08T20:58:29+0200,e401fd36-f4a8-45e5-ad91-bdd87731a7ba,2026-07-02T00:00:00Z,2026-07-02T02:00:00+0200,4709.56982,MW,FR,FR,forecast_onshore_wind_generation,Wind Onshore,2026-07-08T18:59:22Z
2026-07-08T18:58:29Z,2026-07-08T20:58:29+0200,e401fd36-f4a8-45e5-ad91-bdd87731a7ba,2026-07-02T00:15:00Z,2026-07-02T02:15:00+0200,4719.36035,MW,FR,FR,forecast_onshore_wind_generation,Wind Onshore,2026-07-08T18:59:22Z
2026-07-08T18:58:29Z,2026-07-08T20:58:29+0200,e401fd36-f4a8-45e5-ad91-bdd87731a7ba,2026-07-02T00:30:00Z,2026-07-02T02:30:00+0200,4729.16992,MW,FR,FR,forecast_onshore_wind_generation,Wind Onshore,2026-07-08T18:59:22Z
2026-07-08T18:58:29Z,2026-07-08T20:58:29+0200,e401fd36-f4a8-45e5-ad91-bdd87731a7ba,2026-07-02T00:45:00Z,2026-07-02T02:45:00+0200,4738.88965,MW,FR,FR,forecast_onshore_wind_generation,Wind Onshore,2026-07-08T18:59:22Z
2026-07-08T18:58:29Z,2026-07-08T20:58:29+0200,e401fd36-f4a8-45e5-ad91-bdd87731a7ba,2026-07-02T01:00:00Z,2026-07-02T03:00:00+0200,4748.62012,MW,FR,FR,forecast_onshore_wind_generation,Wind Onshore,2026-07-08T18:59:22Z
2026-07-08T18:58:29Z,2026-07-08T20:58:29+0200,e401fd36-f4a8-45e5-ad91-bdd87731a7ba,2026-07-02T01:15:00Z,2026-07-02T03:15:00+0200,4714.92969,MW,FR,FR,forecast_onshore_wind_generation,Wind Onshore,2026-07-08T18:59:22Z
2026-07-08T18:58:29Z,2026-07-08T20:58:29+0200,e401fd36-f4a8-45e5-ad91-bdd87731a7ba,2026-07-02T01:30:00Z,2026-07-02T03:30:00+0200,4681.22998,MW,FR,FR,forecast_onshore_wind_generation,Wind Onshore,2026-07-08T18:59:22Z
2026-07-08T18:58:29Z,2026-07-08T20:58:29+0200,e401fd36-f4a8-45e5-ad91-bdd87731a7ba,2026-07-02T01:45:00Z,2026-07-02T03:45:00+0200,4647.45996,MW,FR,FR,forecast_onshore_wind_generation,Wind Onshore,2026-07-08T18:59:22Z
2026-07-08T18:58:29Z,2026-07-08T20:58:29+0200,e401fd36-f4a8-45e5-ad91-bdd87731a7ba,2026-07-02T02:00:00Z,2026-07-02T04:00:00+0200,4613.68994,MW,FR,FR,forecast_onshore_wind_generation,Wind Onshore,2026-07-08T18:59:22Z
2026-07-08T18:58:29Z,2026-07-08T20:58:29+0200,e401fd36-f4a8-45e5-ad91-bdd87731a7ba,2026-07-02T02:15:00Z,2026-07-02T04:15:00+0200,4583.08008,MW,FR,FR,forecast_onshore_wind_generation,Wind Onshore,2026-07-08T18:59:22Z
2026-07-08T18:58:29Z,2026-07-08T20:58:29+0200,e401fd36-f4a8-45e5-ad91-bdd87731a7ba,2026-07-02T02:30:00Z,2026-07-02T04:30:00+0200,4552.47998,MW,FR,FR,forecast_onshore_wind_generation,Wind Onshore,2026-07-08T18:59:22Z
2026-07-08T18:58:29Z,2026-07-08T20:58:29+0200,e401fd36-f4a8-45e5-ad91-bdd87731a7ba,2026-07-02T02:45:00Z,2026-07-02T04:45:00+0200,4522.05029,MW,FR,FR,forecast_onshore_wind_generation,Wind Onshore,2026-07-08T18:59:22Z
2026-07-08T18:58:29Z,2026-07-08T20:58:29+0200,e401fd36-f4a8-45e5-ad91-bdd87731a7ba,2026-07-02T03:00:00Z,2026-07-02T05:00:00+0200,4491.61963,MW,FR,FR,forecast_onshore_wind_generation,Wind Onshore,2026-07-08T18:59:22Z
2026-07-08T18:58:29Z,2026-07-08T20:58:29+0200,e401fd36-f4a8-45e5-ad91-bdd87731a7ba,2026-07-02T03:15:00Z,2026-07-02T05:15:00+0200,4485.36963,MW,FR,FR,forecast_onshore_wind_generation,Wind Onshore,2026-07-08T18:59:22Z
2026-07-08T18:58:29Z,2026-07-08T20:58:29+0200,e401fd36-f4a8-45e5-ad91-bdd87731a7ba,2026-07-02T03:30:00Z,2026-07-02T05:30:00+0200,4479.11035,MW,FR,FR,forecast_onshore_wind_generation,Wind Onshore,2026-07-08T18:59:22Z
2026-07-08T18:58:29Z,2026-07-08T20:58:29+0200,e401fd36-f4a8-45e5-ad91-bdd87731a7ba,2026-07-02T03:45:00Z,2026-07-02T05:45:00+0200,4472.81006,MW,FR,FR,forecast_onshore_wind_generation,Wind Onshore,2026-07-08T18:59:22Z
2026-07-08T18:58:29Z,2026-07-08T20:58:29+0200,e401fd36-f4a8-45e5-ad91-bdd87731a7ba,2026-07-02T04:00:00Z,2026-07-02T06:00:00+0200,4466.47998,MW,FR,FR,forecast_onshore_wind_generation,Wind Onshore,2026-07-08T18:59:22Z
2026-07-08T18:58:29Z,2026-07-08T20:58:29+0200,e401fd36-f4a8-45e5-ad91-bdd87731a7ba,2026-07-02T04:15:00Z,2026-07-02T06:15:00+0200,4431.37012,MW,FR,FR,forecast_onshore_wind_generation,Wind Onshore,2026-07-08T18:59:22Z
2026-07-08T18:58:29Z,2026-07-08T20:58:29+0200,e401fd36-f4a8-45e5-ad91-bdd87731a7ba,2026-07-02T04:30:00Z,2026-07-02T06:30:00+0200,4396.25,MW,FR,FR,forecast_onshore_wind_generation,Wind Onshore,2026-07-08T18:59:22Z
2026-07-08T18:58:29Z,2026-07-08T20:58:29+0200,e401fd36-f4a8-45e5-ad91-bdd87731a7ba,2026-07-02T04:45:00Z,2026-07-02T06:45:00+0200,4360.40039,MW,FR,FR,forecast_onshore_wind_generation,Wind Onshore,2026-07-08T18:59:22Z
2026-07-08T18:58:29Z,2026-07-08T20:58:29+0200,e401fd36-f4a8-45e5-ad91-bdd87731a7ba,2026-07-02T05:00:00Z,2026-07-02T07:00:00+0200,4324.54004,MW,FR,FR,forecast_onshore_wind_generation,Wind Onshore,2026-07-08T18:59:22Z
2026-07-08T18:58:29Z,2026-07-08T20:58:29+0200,e401fd36-f4a8-45e5-ad91-bdd87731a7ba,2026-07-02T05:15:00Z,2026-07-02T07:15:00+0200,4173.59961,MW,FR,FR,forecast_onshore_wind_generation,Wind Onshore,2026-07-08T18:59:22Z
2026-07-08T18:58:29Z,2026-07-08T20:58:29+0200,e401fd36-f4a8-45e5-ad91-bdd87731a7ba,2026-07-02T05:30:00Z,2026-07-02T07:30:00+0200,4022.66992,MW,FR,FR,forecast_onshore_wind_generation,Wind Onshore,2026-07-08T18:59:22Z
2026-07-08T18:58:29Z,2026-07-08T20:58:29+0200,e401fd36-f4a8-45e5-ad91-bdd87731a7ba,2026-07-02T05:45:00Z,2026-07-02T07:45:00+0200,3872.38989,MW,FR,FR,forecast_onshore_wind_generation,Wind Onshore,2026-07-08T18:59:22Z
2026-07-08T18:58:29Z,2026-07-08T20:58:29+0200,e401fd36-f4a8-45e5-ad91-bdd87731a7ba,2026-07-02T06:00:00Z,2026-07-02T08:00:00+0200,3722.91016,MW,FR,FR,forecast_onshore_wind_generation,Wind Onshore,2026-07-08T18:59:22Z
2026-07-08T18:58:29Z,2026-07-08T20:58:29+0200,e401fd36-f4a8-45e5-ad91-bdd87731a7ba,2026-07-02T06:15:00Z,2026-07-02T08:15:00+0200,3870.2002,MW,FR,FR,forecast_onshore_wind_generation,Wind Onshore,2026-07-08T18:59:22Z
2026-07-08T18:58:29Z,2026-07-08T20:58:29+0200,e401fd36-f4a8-45e5-ad91-bdd87731a7ba,2026-07-02T06:30:00Z,2026-07-02T08:30:00+0200,4017.5,MW,FR,FR,forecast_onshore_wind_generation,Wind Onshore,2026-07-08T18:59:22Z
2026-07-08T18:58:29Z,2026-07-08T20:58:29+0200,e401fd36-f4a8-45e5-ad91-bdd87731a7ba,2026-07-02T06:45:00Z,2026-07-02T08:45:00+0200,4164.66016,MW,FR,FR,forecast_onshore_wind_generation,Wind Onshore,2026-07-08T18:59:22Z
2026-07-08T18:58:29Z,2026-07-08T20:58:29+0200,e401fd36-f4a8-45e5-ad91-bdd87731a7ba,2026-07-02T07:00:00Z,2026-07-02T09:00:00+0200,4311.87988,MW,FR,FR,forecast_onshore_wind_generation,Wind Onshore,2026-07-08T18:59:22Z
2026-07-08T18:58:29Z,2026-07-08T20:58:29+0200,e401fd36-f4a8-45e5-ad91-bdd87731a7ba,2026-07-02T07:15:00Z,2026-07-02T09:15:00+0200,4422.09961,MW,FR,FR,forecast_onshore_wind_generation,Wind Onshore,2026-07-08T18:59:22Z
2026-07-08T18:58:29Z,2026-07-08T20:58:29+0200,e401fd36-f4a8-45e5-ad91-bdd87731a7ba,2026-07-02T07:30:00Z,2026-07-02T09:30:00+0200,4532.32959,MW,FR,FR,forecast_onshore_wind_generation,Wind Onshore,2026-07-08T18:59:22Z
2026-07-08T18:58:29Z,2026-07-08T20:58:29+0200,e401fd36-f4a8-45e5-ad91-bdd87731a7ba,2026-07-02T07:45:00Z,2026-07-02T09:45:00+0200,4642.51025,MW,FR,FR,forecast_onshore_wind_generation,Wind Onshore,2026-07-08T18:59:22Z
2026-07-08T18:58:29Z,2026-07-08T20:58:29+0200,e401fd36-f4a8-45e5-ad91-bdd87731a7ba,2026-07-02T08:00:00Z,2026-07-02T10:00:00+0200,4752.65967,MW,FR,FR,forecast_onshore_wind_generation,Wind Onshore,2026-07-08T18:59:22Z
2026-07-08T18:58:29Z,2026-07-08T20:58:29+0200,e401fd36-f4a8-45e5-ad91-bdd87731a7ba,2026-07-02T08:15:00Z,2026-07-02T10:15:00+0200,4868.97998,MW,FR,FR,forecast_onshore_wind_generation,Wind Onshore,2026-07-08T18:59:22Z
2026-07-08T18:58:29Z,2026-07-08T20:58:29+0200,e401fd36-f4a8-45e5-ad91-bdd87731a7ba,2026-07-02T08:30:00Z,2026-07-02T10:30:00+0200,4985.27979,MW,FR,FR,forecast_onshore_wind_generation,Wind Onshore,2026-07-08T18:59:22Z
2026-07-08T18:58:29Z,2026-07-08T20:58:29+0200,e401fd36-f4a8-45e5-ad91-bdd87731a7ba,2026-07-02T08:45:00Z,2026-07-02T10:45:00+0200,5101.5,MW,FR,FR,forecast_onshore_wind_generation,Wind Onshore,2026-07-08T18:59:22Z
2026-07-08T18:58:29Z,2026-07-08T20:58:29+0200,e401fd36-f4a8-45e5-ad91-bdd87731a7ba,2026-07-02T09:00:00Z,2026-07-02T11:00:00+0200,5217.68359,MW,FR,FR,forecast_onshore_wind_generation,Wind Onshore,2026-07-08T18:59:22Z
2026-07-08T18:58:29Z,2026-07-08T20:58:29+0200,e401fd36-f4a8-45e5-ad91-bdd87731a7ba,2026-07-02T09:15:00Z,2026-07-02T11:15:00+0200,3292.35132,MW,FR,FR,forecast_onshore_wind_generation,Wind Onshore,2026-07-08T18:59:22Z
2026-07-08T18:58:29Z,2026-07-08T20:58:29+0200,e401fd36-f4a8-45e5-ad91-bdd87731a7ba,2026-07-02T09:30:00Z,2026-07-02T11:30:00+0200,3359.9292,MW,FR,FR,forecast_onshore_wind_generation,Wind Onshore,2026-07-08T18:59:22Z
2026-07-08T18:58:29Z,2026-07-08T20:58:29+0200,e401fd36-f4a8-45e5-ad91-bdd87731a7ba,2026-07-02T09:45:00Z,2026-07-02T11:45:00+0200,3427.35962,MW,FR,FR,forecast_onshore_wind_generation,Wind Onshore,2026-07-08T18:59:22Z
2026-07-08T18:58:29Z,2026-07-08T20:58:29+0200,e401fd36-f4a8-45e5-ad91-bdd87731a7ba,2026-07-02T10:00:00Z,2026-07-02T12:00:00+0200,3494.89844,MW,FR,FR,forecast_onshore_wind_generation,Wind Onshore,2026-07-08T18:59:22Z
2026-07-08T18:58:29Z,2026-07-08T20:58:29+0200,e401fd36-f4a8-45e5-ad91-bdd87731a7ba,2026-07-02T10:15:00Z,2026-07-02T12:15:00+0200,3561.44775,MW,FR,FR,forecast_onshore_wind_generation,Wind Onshore,2026-07-08T18:59:22Z
2026-07-08T18:58:29Z,2026-07-08T20:58:29+0200,e401fd36-f4a8-45e5-ad91-bdd87731a7ba,2026-07-02T10:30:00Z,2026-07-02T12:30:00+0200,3627.91553,MW,FR,FR,forecast_onshore_wind_generation,Wind Onshore,2026-07-08T18:59:22Z
2026-07-08T18:58:29Z,2026-07-08T20:58:29+0200,e401fd36-f4a8-45e5-ad91-bdd87731a7ba,2026-07-02T10:45:00Z,2026-07-02T12:45:00+0200,3694.16162,MW,FR,FR,forecast_onshore_wind_generation,Wind Onshore,2026-07-08T18:59:22Z
2026-07-08T18:58:29Z,2026-07-08T20:58:29+0200,e401fd36-f4a8-45e5-ad91-bdd87731a7ba,2026-07-02T11:00:00Z,2026-07-02T13:00:00+0200,3760.81177,MW,FR,FR,forecast_onshore_wind_generation,Wind Onshore,2026-07-08T18:59:22Z
2026-07-08T18:58:29Z,2026-07-08T20:58:29+0200,e401fd36-f4a8-45e5-ad91-bdd87731a7ba,2026-07-02T11:15:00Z,2026-07-02T13:15:00+0200,3789.198,MW,FR,FR,forecast_onshore_wind_generation,Wind Onshore,2026-07-08T18:59:22Z
2026-07-08T18:58:29Z,2026-07-08T20:58:29+0200,e401fd36-f4a8-45e5-ad91-bdd87731a7ba,2026-07-02T11:30:00Z,2026-07-02T13:30:00+0200,3817.49121,MW,FR,FR,forecast_onshore_wind_generation,Wind Onshore,2026-07-08T18:59:22Z
2026-07-08T18:58:29Z,2026-07-08T20:58:29+0200,e401fd36-f4a8-45e5-ad91-bdd87731a7ba,2026-07-02T11:45:00Z,2026-07-02T13:45:00+0200,3845.84229,MW,FR,FR,forecast_onshore_wind_generation,Wind Onshore,2026-07-08T18:59:22Z
2026-07-08T18:58:29Z,2026-07-08T20:58:29+0200,e401fd36-f4a8-45e5-ad91-bdd87731a7ba,2026-07-02T12:00:00Z,2026-07-02T14:00:00+0200,3874.19043,MW,FR,FR,forecast_onshore_wind_generation,Wind Onshore,2026-07-08T18:59:22Z
2026-07-08T18:58:29Z,2026-07-08T20:58:29+0200,e401fd36-f4a8-45e5-ad91-bdd87731a7ba,2026-07-02T12:15:00Z,2026-07-02T14:15:00+0200,3903.17969,MW,FR,FR,forecast_onshore_wind_generation,Wind Onshore,2026-07-08T18:59:22Z
2026-07-08T18:58:29Z,2026-07-08T20:58:29+0200,e401fd36-f4a8-45e5-ad91-bdd87731a7ba,2026-07-02T12:30:00Z,2026-07-02T14:30:00+0200,3932.06885,MW,FR,FR,forecast_onshore_wind_generation,Wind Onshore,2026-07-08T18:59:22Z
2026-07-08T18:58:29Z,2026-07-08T20:58:29+0200,e401fd36-f4a8-45e5-ad91-bdd87731a7ba,2026-07-02T12:45:00Z,2026-07-02T14:45:00+0200,3961.24121,MW,FR,FR,forecast_onshore_wind_generation,Wind Onshore,2026-07-08T18:59:22Z
2026-07-08T18:58:29Z,2026-07-08T20:58:29+0200,e401fd36-f4a8-45e5-ad91-bdd87731a7ba,2026-07-02T13:00:00Z,2026-07-02T15:00:00+0200,3990.31055,MW,FR,FR,forecast_onshore_wind_generation,Wind Onshore,2026-07-08T18:59:22Z
2026-07-08T18:58:29Z,2026-07-08T20:58:29+0200,e401fd36-f4a8-45e5-ad91-bdd87731a7ba,2026-07-02T13:15:00Z,2026-07-02T15:15:00+0200,4030.38794,MW,FR,FR,forecast_onshore_wind_generation,Wind Onshore,2026-07-08T18:59:22Z
2026-07-08T18:58:29Z,2026-07-08T20:58:29+0200,e401fd36-f4a8-45e5-ad91-bdd87731a7ba,2026-07-02T13:30:00Z,2026-07-02T15:30:00+0200,4070.51221,MW,FR,FR,forecast_onshore_wind_generation,Wind Onshore,2026-07-08T18:59:22Z
2026-07-08T18:58:29Z,2026-07-08T20:58:29+0200,e401fd36-f4a8-45e5-ad91-bdd87731a7ba,2026-07-02T13:45:00Z,2026-07-02T15:45:00+0200,4110.74023,MW,FR,FR,forecast_onshore_wind_generation,Wind Onshore,2026-07-08T18:59:22Z
2026-07-08T18:58:29Z,2026-07-08T20:58:29+0200,e401fd36-f4a8-45e5-ad91-bdd87731a7ba,2026-07-02T14:00:00Z,2026-07-02T16:00:00+0200,4150.90039,MW,FR,FR,forecast_onshore_wind_generation,Wind Onshore,2026-07-08T18:59:22Z
2026-07-08T18:58:29Z,2026-07-08T20:58:29+0200,e401fd36-f4a8-45e5-ad91-bdd87731a7ba,2026-07-02T14:15:00Z,2026-07-02T16:15:00+0200,4215.30029,MW,FR,FR,forecast_onshore_wind_generation,Wind Onshore,2026-07-08T18:59:22Z
2026-07-08T18:58:29Z,2026-07-08T20:58:29+0200,e401fd36-f4a8-45e5-ad91-bdd87731a7ba,2026-07-02T14:30:00Z,2026-07-02T16:30:00+0200,4279.78027,MW,FR,FR,forecast_onshore_wind_generation,Wind Onshore,2026-07-08T18:59:22Z
2026-07-08T18:58:29Z,2026-07-08T20:58:29+0200,e401fd36-f4a8-45e5-ad91-bdd87731a7ba,2026-07-02T14:45:00Z,2026-07-02T16:45:00+0200,4344.44092,MW,FR,FR,forecast_onshore_wind_generation,Wind Onshore,2026-07-08T18:59:22Z
2026-07-08T18:58:29Z,2026-07-08T20:58:29+0200,e401fd36-f4a8-45e5-ad91-bdd87731a7ba,2026-07-02T15:00:00Z,2026-07-02T17:00:00+0200,4408.84131,MW,FR,FR,forecast_onshore_wind_generation,Wind Onshore,2026-07-08T18:59:22Z
2026-07-08T18:58:29Z,2026-07-08T20:58:29+0200,e401fd36-f4a8-45e5-ad91-bdd87731a7ba,2026-07-02T15:15:00Z,2026-07-02T17:15:00+0200,7356.66895,MW,FR,FR,forecast_onshore_wind_generation,Wind Onshore,2026-07-08T18:59:22Z
2026-07-08T18:58:29Z,2026-07-08T20:58:29+0200,e401fd36-f4a8-45e5-ad91-bdd87731a7ba,2026-07-02T15:30:00Z,2026-07-02T17:30:00+0200,7380.84033,MW,FR,FR,forecast_onshore_wind_generation,Wind Onshore,2026-07-08T18:59:22Z
2026-07-08T18:58:29Z,2026-07-08T20:58:29+0200,e401fd36-f4a8-45e5-ad91-bdd87731a7ba,2026-07-02T15:45:00Z,2026-07-02T17:45:00+0200,7405.28027,MW,FR,FR,forecast_onshore_wind_generation,Wind Onshore,2026-07-08T18:59:22Z
2026-07-08T18:58:29Z,2026-07-08T20:58:29+0200,e401fd36-f4a8-45e5-ad91-bdd87731a7ba,2026-07-02T16:00:00Z,2026-07-02T18:00:00+0200,7430.91992,MW,FR,FR,forecast_onshore_wind_generation,Wind Onshore,2026-07-08T18:59:22Z
2026-07-08T18:58:29Z,2026-07-08T20:58:29+0200,e401fd36-f4a8-45e5-ad91-bdd87731a7ba,2026-07-02T16:15:00Z,2026-07-02T18:15:00+0200,7357.93994,MW,FR,FR,forecast_onshore_wind_generation,Wind Onshore,2026-07-08T18:59:22Z
2026-07-08T18:58:29Z,2026-07-08T20:58:29+0200,e401fd36-f4a8-45e5-ad91-bdd87731a7ba,2026-07-02T16:30:00Z,2026-07-02T18:30:00+0200,7284.93994,MW,FR,FR,forecast_onshore_wind_generation,Wind Onshore,2026-07-08T18:59:22Z
2026-07-08T18:58:29Z,2026-07-08T20:58:29+0200,e401fd36-f4a8-45e5-ad91-bdd87731a7ba,2026-07-02T16:45:00Z,2026-07-02T18:45:00+0200,7212.1499,MW,FR,FR,forecast_onshore_wind_generation,Wind Onshore,2026-07-08T18:59:22Z
2026-07-08T18:58:29Z,2026-07-08T20:58:29+0200,e401fd36-f4a8-45e5-ad91-bdd87731a7ba,2026-07-02T17:00:00Z,2026-07-02T19:00:00+0200,7139.37012,MW,FR,FR,forecast_onshore_wind_generation,Wind Onshore,2026-07-08T18:59:22Z
2026-07-08T18:58:29Z,2026-07-08T20:58:29+0200,e401fd36-f4a8-45e5-ad91-bdd87731a7ba,2026-07-02T17:15:00Z,2026-07-02T19:15:00+0200,7039.57959,MW,FR,FR,forecast_onshore_wind_generation,Wind Onshore,2026-07-08T18:59:22Z
2026-07-08T18:58:29Z,2026-07-08T20:58:29+0200,e401fd36-f4a8-45e5-ad91-bdd87731a7ba,2026-07-02T17:30:00Z,2026-07-02T19:30:00+0200,6939.76953,MW,FR,FR,forecast_onshore_wind_generation,Wind Onshore,2026-07-08T18:59:22Z
2026-07-08T18:58:29Z,2026-07-08T20:58:29+0200,e401fd36-f4a8-45e5-ad91-bdd87731a7ba,2026-07-02T17:45:00Z,2026-07-02T19:45:00+0200,6840.23975,MW,FR,FR,forecast_onshore_wind_generation,Wind Onshore,2026-07-08T18:59:22Z
2026-07-08T18:58:29Z,2026-07-08T20:58:29+0200,e401fd36-f4a8-45e5-ad91-bdd87731a7ba,2026-07-02T18:00:00Z,2026-07-02T20:00:00+0200,6740.68994,MW,FR,FR,forecast_onshore_wind_generation,Wind Onshore,2026-07-08T18:59:22Z
2026-07-08T18:58:29Z,2026-07-08T20:58:29+0200,e401fd36-f4a8-45e5-ad91-bdd87731a7ba,2026-07-02T18:15:00Z,2026-07-02T20:15:00+0200,6545.4502,MW,FR,FR,forecast_onshore_wind_generation,Wind Onshore,2026-07-08T18:59:22Z
2026-07-08T18:58:29Z,2026-07-08T20:58:29+0200,e401fd36-f4a8-45e5-ad91-bdd87731a7ba,2026-07-02T18:30:00Z,2026-07-02T20:30:00+0200,6350.19971,MW,FR,FR,forecast_onshore_wind_generation,Wind Onshore,2026-07-08T18:59:22Z
2026-07-08T18:58:29Z,2026-07-08T20:58:29+0200,e401fd36-f4a8-45e5-ad91-bdd87731a7ba,2026-07-02T18:45:00Z,2026-07-02T20:45:00+0200,6154.68018,MW,FR,FR,forecast_onshore_wind_generation,Wind Onshore,2026-07-08T18:59:22Z
2026-07-08T18:58:29Z,2026-07-08T20:58:29+0200,e401fd36-f4a8-45e5-ad91-bdd87731a7ba,2026-07-02T19:00:00Z,2026-07-02T21:00:00+0200,5959.16016,MW,FR,FR,forecast_onshore_wind_generation,Wind Onshore,2026-07-08T18:59:22Z
2026-07-08T18:58:29Z,2026-07-08T20:58:29+0200,e401fd36-f4a8-45e5-ad91-bdd87731a7ba,2026-07-02T19:15:00Z,2026-07-02T21:15:00+0200,5821.62988,MW,FR,FR,forecast_onshore_wind_generation,Wind Onshore,2026-07-08T18:59:22Z
2026-07-08T18:58:29Z,2026-07-08T20:58:29+0200,e401fd36-f4a8-45e5-ad91-bdd87731a7ba,2026-07-02T19:30:00Z,2026-07-02T21:30:00+0200,5684.12988,MW,FR,FR,forecast_onshore_wind_generation,Wind Onshore,2026-07-08T18:59:22Z
2026-07-08T18:58:29Z,2026-07-08T20:58:29+0200,e401fd36-f4a8-45e5-ad91-bdd87731a7ba,2026-07-02T19:45:00Z,2026-07-02T21:45:00+0200,5546.45996,MW,FR,FR,forecast_onshore_wind_generation,Wind Onshore,2026-07-08T18:59:22Z
2026-07-08T18:58:29Z,2026-07-08T20:58:29+0200,e401fd36-f4a8-45e5-ad91-bdd87731a7ba,2026-07-02T20:00:00Z,2026-07-02T22:00:00+0200,5408.79004,MW,FR,FR,forecast_onshore_wind_generation,Wind Onshore,2026-07-08T18:59:22Z
2026-07-08T18:58:29Z,2026-07-08T20:58:29+0200,e401fd36-f4a8-45e5-ad91-bdd87731a7ba,2026-07-02T20:15:00Z,2026-07-02T22:15:00+0200,5300.75977,MW,FR,FR,forecast_onshore_wind_generation,Wind Onshore,2026-07-08T18:59:22Z
2026-07-08T18:58:29Z,2026-07-08T20:58:29+0200,e401fd36-f4a8-45e5-ad91-bdd87731a7ba,2026-07-02T20:30:00Z,2026-07-02T22:30:00+0200,5192.72949,MW,FR,FR,forecast_onshore_wind_generation,Wind Onshore,2026-07-08T18:59:22Z
2026-07-08T18:58:29Z,2026-07-08T20:58:29+0200,e401fd36-f4a8-45e5-ad91-bdd87731a7ba,2026-07-02T20:45:00Z,2026-07-02T22:45:00+0200,5084.56982,MW,FR,FR,forecast_onshore_wind_generation,Wind Onshore,2026-07-08T18:59:22Z
2026-07-08T18:58:29Z,2026-07-08T20:58:29+0200,e401fd36-f4a8-45e5-ad91-bdd87731a7ba,2026-07-02T21:00:00Z,2026-07-02T23:00:00+0200,4976.45996,MW,FR,FR,forecast_onshore_wind_generation,Wind Onshore,2026-07-08T18:59:22Z
2026-07-08T18:58:29Z,2026-07-08T20:58:29+0200,e401fd36-f4a8-45e5-ad91-bdd87731a7ba,2026-07-02T21:15:00Z,2026-07-02T23:15:00+0200,4857.49023,MW,FR,FR,forecast_onshore_wind_generation,Wind Onshore,2026-07-08T18:59:22Z
2026-07-08T18:58:29Z,2026-07-08T20:58:29+0200,e401fd36-f4a8-45e5-ad91-bdd87731a7ba,2026-07-02T21:30:00Z,2026-07-02T23:30:00+0200,4738.52979,MW,FR,FR,forecast_onshore_wind_generation,Wind Onshore,2026-07-08T18:59:22Z
2026-07-08T18:58:29Z,2026-07-08T20:58:29+0200,e401fd36-f4a8-45e5-ad91-bdd87731a7ba,2026-07-02T21:45:00Z,2026-07-02T23:45:00+0200,4619.28955,MW,FR,FR,forecast_onshore_wind_generation,Wind Onshore,2026-07-08T18:59:22Z
2026-07-08T18:58:29Z,2026-07-08T20:58:29+0200,e401fd36-f4a8-45e5-ad91-bdd87731a7ba,2026-07-02T22:00:00Z,2026-07-03T00:00:00+0200,4289.89014,MW,FR,FR,forecast_onshore_wind_generation,Wind Onshore,2026-07-08T18:59:22Z
2026-07-08T18:58:29Z,2026-07-08T20:58:29+0200,e401fd36-f4a8-45e5-ad91-bdd87731a7ba,2026-07-02T22:15:00Z,2026-07-03T00:15:00+0200,4200.21973,MW,FR,FR,forecast_onshore_wind_generation,Wind Onshore,2026-07-08T18:59:22Z
2026-07-08T18:58:29Z,2026-07-08T20:58:29+0200,e401fd36-f4a8-45e5-ad91-bdd87731a7ba,2026-07-02T22:30:00Z,2026-07-03T00:30:00+0200,4111.29004,MW,FR,FR,forecast_onshore_wind_generation,Wind Onshore,2026-07-08T18:59:22Z
2026-07-08T18:58:29Z,2026-07-08T20:58:29+0200,e401fd36-f4a8-45e5-ad91-bdd87731a7ba,2026-07-02T22:45:00Z,2026-07-03T00:45:00+0200,4021.32983,MW,FR,FR,forecast_onshore_wind_generation,Wind Onshore,2026-07-08T18:59:22Z
2026-07-08T18:58:29Z,2026-07-08T20:58:29+0200,e401fd36-f4a8-45e5-ad91-bdd87731a7ba,2026-07-02T23:00:00Z,2026-07-03T01:00:00+0200,3932.39014,MW,FR,FR,forecast_onshore_wind_generation,Wind Onshore,2026-07-08T18:59:22Z
2026-07-08T18:58:29Z,2026-07-08T20:58:29+0200,e401fd36-f4a8-45e5-ad91-bdd87731a7ba,2026-07-02T23:15:00Z,2026-07-03T01:15:00+0200,3831.68994,MW,FR,FR,forecast_onshore_wind_generation,Wind Onshore,2026-07-08T18:59:22Z
2026-07-08T18:58:29Z,2026-07-08T20:58:29+0200,e401fd36-f4a8-45e5-ad91-bdd87731a7ba,2026-07-02T23:30:00Z,2026-07-03T01:30:00+0200,3732.23975,MW,FR,FR,forecast_onshore_wind_generation,Wind Onshore,2026-07-08T18:59:22Z
2026-07-08T18:58:29Z,2026-07-08T20:58:29+0200,e401fd36-f4a8-45e5-ad91-bdd87731a7ba,2026-07-02T23:45:00Z,2026-07-03T01:45:00+0200,3633.40015,MW,FR,FR,forecast_onshore_wind_generation,Wind Onshore,2026-07-08T18:59:22Z
2026-07-08T18:58:29Z,2026-07-08T20:58:29+0200,e401fd36-f4a8-45e5-ad91-bdd87731a7ba,2026-07-03T00:00:00Z,2026-07-03T02:00:00+0200,3535.52002,MW,FR,FR,forecast_onshore_wind_generation,Wind Onshore,2026-07-08T18:59:22Z
2026-07-08T18:58:29Z,2026-07-08T20:58:29+0200,e401fd36-f4a8-45e5-ad91-bdd87731a7ba,2026-07-03T00:15:00Z,2026-07-03T02:15:00+0200,3471.15015,MW,FR,FR,forecast_onshore_wind_generation,Wind Onshore,2026-07-08T18:59:22Z
2026-07-08T18:58:29Z,2026-07-08T20:58:29+0200,e401fd36-f4a8-45e5-ad91-bdd87731a7ba,2026-07-03T00:30:00Z,2026-07-03T02:30:00+0200,3408.45996,MW,FR,FR,forecast_onshore_wind_generation,Wind Onshore,2026-07-08T18:59:22Z
2026-07-08T18:58:29Z,2026-07-08T20:58:29+0200,e401fd36-f4a8-45e5-ad91-bdd87731a7ba,2026-07-03T00:45:00Z,2026-07-03T02:45:00+0200,3347.65991,MW,FR,FR,forecast_onshore_wind_generation,Wind Onshore,2026-07-08T18:59:22Z
2026-07-08T18:58:29Z,2026-07-08T20:58:29+0200,e401fd36-f4a8-45e5-ad91-bdd87731a7ba,2026-07-03T01:00:00Z,2026-07-03T03:00:00+0200,3288.08008,MW,FR,FR,forecast_onshore_wind_generation,Wind Onshore,2026-07-08T18:59:22Z
2026-07-08T18:58:29Z,2026-07-08T20:58:29+0200,e401fd36-f4a8-45e5-ad91-bdd87731a7ba,2026-07-03T01:15:00Z,2026-07-03T03:15:00+0200,3270.6001,MW,FR,FR,forecast_onshore_wind_generation,Wind Onshore,2026-07-08T18:59:22Z
2026-07-08T18:58:29Z,2026-07-08T20:58:29+0200,e401fd36-f4a8-45e5-ad91-bdd87731a7ba,2026-07-03T01:30:00Z,2026-07-03T03:30:00+0200,3253.30005,MW,FR,FR,forecast_onshore_wind_generation,Wind Onshore,2026-07-08T18:59:22Z
2026-07-08T18:58:29Z,2026-07-08T20:58:29+0200,e401fd36-f4a8-45e5-ad91-bdd87731a7ba,2026-07-03T01:45:00Z,2026-07-03T03:45:00+0200,3235.9502,MW,FR,FR,forecast_onshore_wind_generation,Wind Onshore,2026-07-08T18:59:22Z
2026-07-08T18:58:29Z,2026-07-08T20:58:29+0200,e401fd36-f4a8-45e5-ad91-bdd87731a7ba,2026-07-03T02:00:00Z,2026-07-03T04:00:00+0200,3218.79004,MW,FR,FR,forecast_onshore_wind_generation,Wind Onshore,2026-07-08T18:59:22Z
2026-07-08T18:58:29Z,2026-07-08T20:58:29+0200,e401fd36-f4a8-45e5-ad91-bdd87731a7ba,2026-07-03T02:15:00Z,2026-07-03T04:15:00+0200,3167.71997,MW,FR,FR,forecast_onshore_wind_generation,Wind Onshore,2026-07-08T18:59:22Z
2026-07-08T18:58:29Z,2026-07-08T20:58:29+0200,e401fd36-f4a8-45e5-ad91-bdd87731a7ba,2026-07-03T02:30:00Z,2026-07-03T04:30:00+0200,3116.75,MW,FR,FR,forecast_onshore_wind_generation,Wind Onshore,2026-07-08T18:59:22Z
2026-07-08T18:58:29Z,2026-07-08T20:58:29+0200,e401fd36-f4a8-45e5-ad91-bdd87731a7ba,2026-07-03T02:45:00Z,2026-07-03T04:45:00+0200,3066.16992,MW,FR,FR,forecast_onshore_wind_generation,Wind Onshore,2026-07-08T18:59:22Z
2026-07-08T18:58:29Z,2026-07-08T20:58:29+0200,e401fd36-f4a8-45e5-ad91-bdd87731a7ba,2026-07-03T03:00:00Z,2026-07-03T05:00:00+0200,3015.81006,MW,FR,FR,forecast_onshore_wind_generation,Wind Onshore,2026-07-08T18:59:22Z
2026-07-08T18:58:29Z,2026-07-08T20:58:29+0200,e401fd36-f4a8-45e5-ad91-bdd87731a7ba,2026-07-03T03:15:00Z,2026-07-03T05:15:00+0200,2959.77979,MW,FR,FR,forecast_onshore_wind_generation,Wind Onshore,2026-07-08T18:59:22Z
2026-07-08T18:58:29Z,2026-07-08T20:58:29+0200,e401fd36-f4a8-45e5-ad91-bdd87731a7ba,2026-07-03T03:30:00Z,2026-07-03T05:30:00+0200,2904.51001,MW,FR,FR,forecast_onshore_wind_generation,Wind Onshore,2026-07-08T18:59:22Z
2026-07-08T18:58:29Z,2026-07-08T20:58:29+0200,e401fd36-f4a8-45e5-ad91-bdd87731a7ba,2026-07-03T03:45:00Z,2026-07-03T05:45:00+0200,2849.31006,MW,FR,FR,forecast_onshore_wind_generation,Wind Onshore,2026-07-08T18:59:22Z
2026-07-08T18:58:29Z,2026-07-08T20:58:29+0200,e401fd36-f4a8-45e5-ad91-bdd87731a7ba,2026-07-03T04:00:00Z,2026-07-03T06:00:00+0200,2794.3999,MW,FR,FR,forecast_onshore_wind_generation,Wind Onshore,2026-07-08T18:59:22Z
2026-07-08T18:58:29Z,2026-07-08T20:58:29+0200,e401fd36-f4a8-45e5-ad91-bdd87731a7ba,2026-07-03T04:15:00Z,2026-07-03T06:15:00+0200,2744.13989,MW,FR,FR,forecast_onshore_wind_generation,Wind Onshore,2026-07-08T18:59:22Z
2026-07-08T18:58:29Z,2026-07-08T20:58:29+0200,e401fd36-f4a8-45e5-ad91-bdd87731a7ba,2026-07-03T04:30:00Z,2026-07-03T06:30:00+0200,2694.04004,MW,FR,FR,forecast_onshore_wind_generation,Wind Onshore,2026-07-08T18:59:22Z
2026-07-08T18:58:29Z,2026-07-08T20:58:29+0200,e401fd36-f4a8-45e5-ad91-bdd87731a7ba,2026-07-03T04:45:00Z,2026-07-03T06:45:00+0200,2643.21997,MW,FR,FR,forecast_onshore_wind_generation,Wind Onshore,2026-07-08T18:59:22Z
2026-07-08T18:58:29Z,2026-07-08T20:58:29+0200,e401fd36-f4a8-45e5-ad91-bdd87731a7ba,2026-07-03T05:00:00Z,2026-07-03T07:00:00+0200,2592.54004,MW,FR,FR,forecast_onshore_wind_generation,Wind Onshore,2026-07-08T18:59:22Z
2026-07-08T18:58:29Z,2026-07-08T20:58:29+0200,e401fd36-f4a8-45e5-ad91-bdd87731a7ba,2026-07-03T05:15:00Z,2026-07-03T07:15:00+0200,2471.76001,MW,FR,FR,forecast_onshore_wind_generation,Wind Onshore,2026-07-08T18:59:22Z
2026-07-08T18:58:29Z,2026-07-08T20:58:29+0200,e401fd36-f4a8-45e5-ad91-bdd87731a7ba,2026-07-03T05:30:00Z,2026-07-03T07:30:00+0200,2351.13013,MW,FR,FR,forecast_onshore_wind_generation,Wind Onshore,2026-07-08T18:59:22Z
2026-07-08T18:58:29Z,2026-07-08T20:58:29+0200,e401fd36-f4a8-45e5-ad91-bdd87731a7ba,2026-07-03T05:45:00Z,2026-07-03T07:45:00+0200,2230.21021,MW,FR,FR,forecast_onshore_wind_generation,Wind Onshore,2026-07-08T18:59:22Z
2026-07-08T18:58:29Z,2026-07-08T20:58:29+0200,e401fd36-f4a8-45e5-ad91-bdd87731a7ba,2026-07-03T06:00:00Z,2026-07-03T08:00:00+0200,2109.78003,MW,FR,FR,forecast_onshore_wind_generation,Wind Onshore,2026-07-08T18:59:22Z
2026-07-08T18:58:29Z,2026-07-08T20:58:29+0200,e401fd36-f4a8-45e5-ad91-bdd87731a7ba,2026-07-03T06:15:00Z,2026-07-03T08:15:00+0200,2008.62988,MW,FR,FR,forecast_onshore_wind_generation,Wind Onshore,2026-07-08T18:59:22Z
2026-07-08T18:58:29Z,2026-07-08T20:58:29+0200,e401fd36-f4a8-45e5-ad91-bdd87731a7ba,2026-07-03T06:30:00Z,2026-07-03T08:30:00+0200,1907.98999,MW,FR,FR,forecast_onshore_wind_generation,Wind Onshore,2026-07-08T18:59:22Z
2026-07-08T18:58:29Z,2026-07-08T20:58:29+0200,e401fd36-f4a8-45e5-ad91-bdd87731a7ba,2026-07-03T06:45:00Z,2026-07-03T08:45:00+0200,1807.87,MW,FR,FR,forecast_onshore_wind_generation,Wind Onshore,2026-07-08T18:59:22Z
2026-07-08T18:58:29Z,2026-07-08T20:58:29+0200,e401fd36-f4a8-45e5-ad91-bdd87731a7ba,2026-07-03T07:00:00Z,2026-07-03T09:00:00+0200,1709.96997,MW,FR,FR,forecast_onshore_wind_generation,Wind Onshore,2026-07-08T18:59:22Z
2026-07-08T18:58:29Z,2026-07-08T20:58:29+0200,e401fd36-f4a8-45e5-ad91-bdd87731a7ba,2026-07-03T07:15:00Z,2026-07-03T09:15:00+0200,1714.77002,MW,FR,FR,forecast_onshore_wind_generation,Wind Onshore,2026-07-08T18:59:22Z
2026-07-08T18:58:29Z,2026-07-08T20:58:29+0200,e401fd36-f4a8-45e5-ad91-bdd87731a7ba,2026-07-03T07:30:00Z,2026-07-03T09:30:00+0200,1719.84009,MW,FR,FR,forecast_onshore_wind_generation,Wind Onshore,2026-07-08T18:59:22Z
2026-07-08T18:58:29Z,2026-07-08T20:58:29+0200,e401fd36-f4a8-45e5-ad91-bdd87731a7ba,2026-07-03T07:45:00Z,2026-07-03T09:45:00+0200,1724.92004,MW,FR,FR,forecast_onshore_wind_generation,Wind Onshore,2026-07-08T18:59:22Z
2026-07-08T18:58:29Z,2026-07-08T20:58:29+0200,e401fd36-f4a8-45e5-ad91-bdd87731a7ba,2026-07-03T08:00:00Z,2026-07-03T10:00:00+0200,1730.38,MW,FR,FR,forecast_onshore_wind_generation,Wind Onshore,2026-07-08T18:59:22Z
2026-07-08T18:58:29Z,2026-07-08T20:58:29+0200,e401fd36-f4a8-45e5-ad91-bdd87731a7ba,2026-07-03T08:15:00Z,2026-07-03T10:15:00+0200,1752.34009,MW,FR,FR,forecast_onshore_wind_generation,Wind Onshore,2026-07-08T18:59:22Z
2026-07-08T18:58:29Z,2026-07-08T20:58:29+0200,e401fd36-f4a8-45e5-ad91-bdd87731a7ba,2026-07-03T08:30:00Z,2026-07-03T10:30:00+0200,1774.67004,MW,FR,FR,forecast_onshore_wind_generation,Wind Onshore,2026-07-08T18:59:22Z
2026-07-08T18:58:29Z,2026-07-08T20:58:29+0200,e401fd36-f4a8-45e5-ad91-bdd87731a7ba,2026-07-03T08:45:00Z,2026-07-03T10:45:00+0200,1797.06995,MW,FR,FR,forecast_onshore_wind_generation,Wind Onshore,2026-07-08T18:59:22Z
2026-07-08T18:58:29Z,2026-07-08T20:58:29+0200,e401fd36-f4a8-45e5-ad91-bdd87731a7ba,2026-07-03T09:00:00Z,2026-07-03T11:00:00+0200,1819.71008,MW,FR,FR,forecast_onshore_wind_generation,Wind Onshore,2026-07-08T18:59:22Z
2026-07-08T18:58:29Z,2026-07-08T20:58:29+0200,e401fd36-f4a8-45e5-ad91-bdd87731a7ba,2026-07-03T09:15:00Z,2026-07-03T11:15:00+0200,1854.75,MW,FR,FR,forecast_onshore_wind_generation,Wind Onshore,2026-07-08T18:59:22Z
2026-07-08T18:58:29Z,2026-07-08T20:58:29+0200,e401fd36-f4a8-45e5-ad91-bdd87731a7ba,2026-07-03T09:30:00Z,2026-07-03T11:30:00+0200,1890.32996,MW,FR,FR,forecast_onshore_wind_generation,Wind Onshore,2026-07-08T18:59:22Z
2026-07-08T18:58:29Z,2026-07-08T20:58:29+0200,e401fd36-f4a8-45e5-ad91-bdd87731a7ba,2026-07-03T09:45:00Z,2026-07-03T11:45:00+0200,1926.73962,MW,FR,FR,forecast_onshore_wind_generation,Wind Onshore,2026-07-08T18:59:22Z
2026-07-08T18:58:29Z,2026-07-08T20:58:29+0200,e401fd36-f4a8-45e5-ad91-bdd87731a7ba,2026-07-03T10:00:00Z,2026-07-03T12:00:00+0200,1219.51038,MW,FR,FR,forecast_onshore_wind_generation,Wind Onshore,2026-07-08T18:59:22Z
2026-07-08T18:58:29Z,2026-07-08T20:58:29+0200,e401fd36-f4a8-45e5-ad91-bdd87731a7ba,2026-07-03T10:15:00Z,2026-07-03T12:15:00+0200,1234.16992,MW,FR,FR,forecast_onshore_wind_generation,Wind Onshore,2026-07-08T18:59:22Z
2026-07-08T18:58:29Z,2026-07-08T20:58:29+0200,e401fd36-f4a8-45e5-ad91-bdd87731a7ba,2026-07-03T10:30:00Z,2026-07-03T12:30:00+0200,1249.53967,MW,FR,FR,forecast_onshore_wind_generation,Wind Onshore,2026-07-08T18:59:22Z
2026-07-08T18:58:29Z,2026-07-08T20:58:29+0200,e401fd36-f4a8-45e5-ad91-bdd87731a7ba,2026-07-03T10:45:00Z,2026-07-03T12:45:00+0200,1265.18018,MW,FR,FR,forecast_onshore_wind_generation,Wind Onshore,2026-07-08T18:59:22Z
2026-07-08T18:58:29Z,2026-07-08T20:58:29+0200,e401fd36-f4a8-45e5-ad91-bdd87731a7ba,2026-07-03T11:00:00Z,2026-07-03T13:00:00+0200,1281.0791,MW,FR,FR,forecast_onshore_wind_generation,Wind Onshore,2026-07-08T18:59:22Z
2026-07-08T18:58:29Z,2026-07-08T20:58:29+0200,e401fd36-f4a8-45e5-ad91-bdd87731a7ba,2026-07-03T11:15:00Z,2026-07-03T13:15:00+0200,1284.23999,MW,FR,FR,forecast_onshore_wind_generation,Wind Onshore,2026-07-08T18:59:22Z
2026-07-08T18:58:29Z,2026-07-08T20:58:29+0200,e401fd36-f4a8-45e5-ad91-bdd87731a7ba,2026-07-03T11:30:00Z,2026-07-03T13:30:00+0200,1116.41931,MW,FR,FR,forecast_onshore_wind_generation,Wind Onshore,2026-07-08T18:59:22Z
2026-07-08T18:58:29Z,2026-07-08T20:58:29+0200,e401fd36-f4a8-45e5-ad91-bdd87731a7ba,2026-07-03T11:45:00Z,2026-07-03T13:45:00+0200,1119.74988,MW,FR,FR,forecast_onshore_wind_generation,Wind Onshore,2026-07-08T18:59:22Z
2026-07-08T18:58:29Z,2026-07-08T20:58:29+0200,e401fd36-f4a8-45e5-ad91-bdd87731a7ba,2026-07-03T12:00:00Z,2026-07-03T14:00:00+0200,1123.1001,MW,FR,FR,forecast_onshore_wind_generation,Wind Onshore,2026-07-08T18:59:22Z
2026-07-08T18:58:29Z,2026-07-08T20:58:29+0200,e401fd36-f4a8-45e5-ad91-bdd87731a7ba,2026-07-03T12:15:00Z,2026-07-03T14:15:00+0200,1136.75989,MW,FR,FR,forecast_onshore_wind_generation,Wind Onshore,2026-07-08T18:59:22Z
2026-07-08T18:58:29Z,2026-07-08T20:58:29+0200,e401fd36-f4a8-45e5-ad91-bdd87731a7ba,2026-07-03T12:30:00Z,2026-07-03T14:30:00+0200,1150.14978,MW,FR,FR,forecast_onshore_wind_generation,Wind Onshore,2026-07-08T18:59:22Z
2026-07-08T18:58:29Z,2026-07-08T20:58:29+0200,e401fd36-f4a8-45e5-ad91-bdd87731a7ba,2026-07-03T12:45:00Z,2026-07-03T14:45:00+0200,1163.79944,MW,FR,FR,forecast_onshore_wind_generation,Wind Onshore,2026-07-08T18:59:22Z
2026-07-08T18:58:29Z,2026-07-08T20:58:29+0200,e401fd36-f4a8-45e5-ad91-bdd87731a7ba,2026-07-03T13:00:00Z,2026-07-03T15:00:00+0200,1352.55969,MW,FR,FR,forecast_onshore_wind_generation,Wind Onshore,2026-07-08T18:59:22Z
2026-07-08T18:58:29Z,2026-07-08T20:58:29+0200,e401fd36-f4a8-45e5-ad91-bdd87731a7ba,2026-07-03T13:15:00Z,2026-07-03T15:15:00+0200,1376.5802,MW,FR,FR,forecast_onshore_wind_generation,Wind Onshore,2026-07-08T18:59:22Z
2026-07-08T18:58:29Z,2026-07-08T20:58:29+0200,e401fd36-f4a8-45e5-ad91-bdd87731a7ba,2026-07-03T13:30:00Z,2026-07-03T15:30:00+0200,1221.71033,MW,FR,FR,forecast_onshore_wind_generation,Wind Onshore,2026-07-08T18:59:22Z
2026-07-08T18:58:29Z,2026-07-08T20:58:29+0200,e401fd36-f4a8-45e5-ad91-bdd87731a7ba,2026-07-03T13:45:00Z,2026-07-03T15:45:00+0200,1244.00977,MW,FR,FR,forecast_onshore_wind_generation,Wind Onshore,2026-07-08T18:59:22Z
2026-07-08T18:58:29Z,2026-07-08T20:58:29+0200,e401fd36-f4a8-45e5-ad91-bdd87731a7ba,2026-07-03T14:00:00Z,2026-07-03T16:00:00+0200,1449.39038,MW,FR,FR,forecast_onshore_wind_generation,Wind Onshore,2026-07-08T18:59:22Z
2026-07-08T18:58:29Z,2026-07-08T20:58:29+0200,e401fd36-f4a8-45e5-ad91-bdd87731a7ba,2026-07-03T14:15:00Z,2026-07-03T16:15:00+0200,1479.73096,MW,FR,FR,forecast_onshore_wind_generation,Wind Onshore,2026-07-08T18:59:22Z
2026-07-08T18:58:29Z,2026-07-08T20:58:29+0200,e401fd36-f4a8-45e5-ad91-bdd87731a7ba,2026-07-03T14:30:00Z,2026-07-03T16:30:00+0200,1510.4198,MW,FR,FR,forecast_onshore_wind_generation,Wind Onshore,2026-07-08T18:59:22Z
2026-07-08T18:58:29Z,2026-07-08T20:58:29+0200,e401fd36-f4a8-45e5-ad91-bdd87731a7ba,2026-07-03T14:45:00Z,2026-07-03T16:45:00+0200,2507.73804,MW,FR,FR,forecast_onshore_wind_generation,Wind Onshore,2026-07-08T18:59:22Z
2026-07-08T18:58:29Z,2026-07-08T20:58:29+0200,e401fd36-f4a8-45e5-ad91-bdd87731a7ba,2026-07-03T15:00:00Z,2026-07-03T17:00:00+0200,2561.77002,MW,FR,FR,forecast_onshore_wind_generation,Wind Onshore,2026-07-08T18:59:22Z
2026-07-08T18:58:29Z,2026-07-08T20:58:29+0200,e401fd36-f4a8-45e5-ad91-bdd87731a7ba,2026-07-03T15:15:00Z,2026-07-03T17:15:00+0200,2620.70996,MW,FR,FR,forecast_onshore_wind_generation,Wind Onshore,2026-07-08T18:59:22Z
2026-07-08T18:58:29Z,2026-07-08T20:58:29+0200,e401fd36-f4a8-45e5-ad91-bdd87731a7ba,2026-07-03T15:30:00Z,2026-07-03T17:30:00+0200,2679.62012,MW,FR,FR,forecast_onshore_wind_generation,Wind Onshore,2026-07-08T18:59:22Z
2026-07-08T18:58:29Z,2026-07-08T20:58:29+0200,e401fd36-f4a8-45e5-ad91-bdd87731a7ba,2026-07-03T15:45:00Z,2026-07-03T17:45:00+0200,2739.05981,MW,FR,FR,forecast_onshore_wind_generation,Wind Onshore,2026-07-08T18:59:22Z
2026-07-08T18:58:29Z,2026-07-08T20:58:29+0200,e401fd36-f4a8-45e5-ad91-bdd87731a7ba,2026-07-03T16:00:00Z,2026-07-03T18:00:00+0200,2798.56006,MW,FR,FR,forecast_onshore_wind_generation,Wind Onshore,2026-07-08T18:59:22Z
2026-07-08T18:58:29Z,2026-07-08T20:58:29+0200,e401fd36-f4a8-45e5-ad91-bdd87731a7ba,2026-07-03T16:15:00Z,2026-07-03T18:15:00+0200,2862.79004,MW,FR,FR,forecast_onshore_wind_generation,Wind Onshore,2026-07-08T18:59:22Z
2026-07-08T18:58:29Z,2026-07-08T20:58:29+0200,e401fd36-f4a8-45e5-ad91-bdd87731a7ba,2026-07-03T16:30:00Z,2026-07-03T18:30:00+0200,2927.08984,MW,FR,FR,forecast_onshore_wind_generation,Wind Onshore,2026-07-08T18:59:22Z
2026-07-08T18:58:29Z,2026-07-08T20:58:29+0200,e401fd36-f4a8-45e5-ad91-bdd87731a7ba,2026-07-03T16:45:00Z,2026-07-03T18:45:00+0200,2992.09009,MW,FR,FR,forecast_onshore_wind_generation,Wind Onshore,2026-07-08T18:59:22Z
2026-07-08T18:58:29Z,2026-07-08T20:58:29+0200,e401fd36-f4a8-45e5-ad91-bdd87731a7ba,2026-07-03T17:00:00Z,2026-07-03T19:00:00+0200,3057.56006,MW,FR,FR,forecast_onshore_wind_generation,Wind Onshore,2026-07-08T18:59:22Z
2026-07-08T18:58:29Z,2026-07-08T20:58:29+0200,e401fd36-f4a8-45e5-ad91-bdd87731a7ba,2026-07-03T17:15:00Z,2026-07-03T19:15:00+0200,3123.84009,MW,FR,FR,forecast_onshore_wind_generation,Wind Onshore,2026-07-08T18:59:22Z
2026-07-08T18:58:29Z,2026-07-08T20:58:29+0200,e401fd36-f4a8-45e5-ad91-bdd87731a7ba,2026-07-03T17:30:00Z,2026-07-03T19:30:00+0200,3190.26001,MW,FR,FR,forecast_onshore_wind_generation,Wind Onshore,2026-07-08T18:59:22Z
2026-07-08T18:58:29Z,2026-07-08T20:58:29+0200,e401fd36-f4a8-45e5-ad91-bdd87731a7ba,2026-07-03T17:45:00Z,2026-07-03T19:45:00+0200,3257.18994,MW,FR,FR,forecast_onshore_wind_generation,Wind Onshore,2026-07-08T18:59:22Z
2026-07-08T18:58:29Z,2026-07-08T20:58:29+0200,e401fd36-f4a8-45e5-ad91-bdd87731a7ba,2026-07-03T18:00:00Z,2026-07-03T20:00:00+0200,3324.31006,MW,FR,FR,forecast_onshore_wind_generation,Wind Onshore,2026-07-08T18:59:22Z
2026-07-08T18:58:29Z,2026-07-08T20:58:29+0200,e401fd36-f4a8-45e5-ad91-bdd87731a7ba,2026-07-03T18:15:00Z,2026-07-03T20:15:00+0200,3368.68018,MW,FR,FR,forecast_onshore_wind_generation,Wind Onshore,2026-07-08T18:59:22Z
2026-07-08T18:58:29Z,2026-07-08T20:58:29+0200,e401fd36-f4a8-45e5-ad91-bdd87731a7ba,2026-07-03T18:30:00Z,2026-07-03T20:30:00+0200,3413.27002,MW,FR,FR,forecast_onshore_wind_generation,Wind Onshore,2026-07-08T18:59:22Z
2026-07-08T18:58:29Z,2026-07-08T20:58:29+0200,e401fd36-f4a8-45e5-ad91-bdd87731a7ba,2026-07-03T18:45:00Z,2026-07-03T20:45:00+0200,3457.85986,MW,FR,FR,forecast_onshore_wind_generation,Wind Onshore,2026-07-08T18:59:22Z
2026-07-08T18:58:29Z,2026-07-08T20:58:29+0200,e401fd36-f4a8-45e5-ad91-bdd87731a7ba,2026-07-03T19:00:00Z,2026-07-03T21:00:00+0200,3502.81982,MW,FR,FR,forecast_onshore_wind_generation,Wind Onshore,2026-07-08T18:59:22Z
2026-07-08T18:58:29Z,2026-07-08T20:58:29+0200,e401fd36-f4a8-45e5-ad91-bdd87731a7ba,2026-07-03T19:15:00Z,2026-07-03T21:15:00+0200,3664.83984,MW,FR,FR,forecast_onshore_wind_generation,Wind Onshore,2026-07-08T18:59:22Z
2026-07-08T18:58:29Z,2026-07-08T20:58:29+0200,e401fd36-f4a8-45e5-ad91-bdd87731a7ba,2026-07-03T19:30:00Z,2026-07-03T21:30:00+0200,3827.2998,MW,FR,FR,forecast_onshore_wind_generation,Wind Onshore,2026-07-08T18:59:22Z
2026-07-08T18:58:29Z,2026-07-08T20:58:29+0200,e401fd36-f4a8-45e5-ad91-bdd87731a7ba,2026-07-03T19:45:00Z,2026-07-03T21:45:00+0200,3989.66992,MW,FR,FR,forecast_onshore_wind_generation,Wind Onshore,2026-07-08T18:59:22Z
2026-07-08T18:58:29Z,2026-07-08T20:58:29+0200,e401fd36-f4a8-45e5-ad91-bdd87731a7ba,2026-07-03T20:00:00Z,2026-07-03T22:00:00+0200,4152.37012,MW,FR,FR,forecast_onshore_wind_generation,Wind Onshore,2026-07-08T18:59:22Z
2026-07-08T18:58:29Z,2026-07-08T20:58:29+0200,e401fd36-f4a8-45e5-ad91-bdd87731a7ba,2026-07-03T20:15:00Z,2026-07-03T22:15:00+0200,4196.04004,MW,FR,FR,forecast_onshore_wind_generation,Wind Onshore,2026-07-08T18:59:22Z
2026-07-08T18:58:29Z,2026-07-08T20:58:29+0200,e401fd36-f4a8-45e5-ad91-bdd87731a7ba,2026-07-03T20:30:00Z,2026-07-03T22:30:00+0200,4240.06982,MW,FR,FR,forecast_onshore_wind_generation,Wind Onshore,2026-07-08T18:59:22Z
2026-07-08T18:58:29Z,2026-07-08T20:58:29+0200,e401fd36-f4a8-45e5-ad91-bdd87731a7ba,2026-07-03T20:45:00Z,2026-07-03T22:45:00+0200,4283.62988,MW,FR,FR,forecast_onshore_wind_generation,Wind Onshore,2026-07-08T18:59:22Z
2026-07-08T18:58:29Z,2026-07-08T20:58:29+0200,e401fd36-f4a8-45e5-ad91-bdd87731a7ba,2026-07-03T21:00:00Z,2026-07-03T23:00:00+0200,4327.36035,MW,FR,FR,forecast_onshore_wind_generation,Wind Onshore,2026-07-08T18:59:22Z
2026-07-08T18:58:29Z,2026-07-08T20:58:29+0200,e401fd36-f4a8-45e5-ad91-bdd87731a7ba,2026-07-03T21:15:00Z,2026-07-03T23:15:00+0200,4319.87988,MW,FR,FR,forecast_onshore_wind_generation,Wind Onshore,2026-07-08T18:59:22Z
2026-07-08T18:58:29Z,2026-07-08T20:58:29+0200,e401fd36-f4a8-45e5-ad91-bdd87731a7ba,2026-07-03T21:30:00Z,2026-07-03T23:30:00+0200,4312.83984,MW,FR,FR,forecast_onshore_wind_generation,Wind Onshore,2026-07-08T18:59:22Z
2026-07-08T18:58:29Z,2026-07-08T20:58:29+0200,e401fd36-f4a8-45e5-ad91-bdd87731a7ba,2026-07-03T21:45:00Z,2026-07-03T23:45:00+0200,4305.60986,MW,FR,FR,forecast_onshore_wind_generation,Wind Onshore,2026-07-08T18:59:22Z
2026-07-08T18:58:29Z,2026-07-08T20:58:29+0200,e401fd36-f4a8-45e5-ad91-bdd87731a7ba,2026-07-03T22:00:00Z,2026-07-04T00:00:00+0200,4081.84985,MW,FR,FR,forecast_onshore_wind_generation,Wind Onshore,2026-07-08T18:59:22Z
2026-07-08T18:58:29Z,2026-07-08T20:58:29+0200,e401fd36-f4a8-45e5-ad91-bdd87731a7ba,2026-07-03T22:15:00Z,2026-07-04T00:15:00+0200,4023.31006,MW,FR,FR,forecast_onshore_wind_generation,Wind Onshore,2026-07-08T18:59:22Z
2026-07-08T18:58:29Z,2026-07-08T20:58:29+0200,e401fd36-f4a8-45e5-ad91-bdd87731a7ba,2026-07-03T22:30:00Z,2026-07-04T00:30:00+0200,3964.78979,MW,FR,FR,forecast_onshore_wind_generation,Wind Onshore,2026-07-08T18:59:22Z
2026-07-08T18:58:29Z,2026-07-08T20:58:29+0200,e401fd36-f4a8-45e5-ad91-bdd87731a7ba,2026-07-03T22:45:00Z,2026-07-04T00:45:00+0200,3905.66992,MW,FR,FR,forecast_onshore_wind_generation,Wind Onshore,2026-07-08T18:59:22Z
2026-07-08T18:58:29Z,2026-07-08T20:58:29+0200,e401fd36-f4a8-45e5-ad91-bdd87731a7ba,2026-07-03T23:00:00Z,2026-07-04T01:00:00+0200,3846.64014,MW,FR,FR,forecast_onshore_wind_generation,Wind Onshore,2026-07-08T18:59:22Z
2026-07-08T18:58:29Z,2026-07-08T20:58:29+0200,e401fd36-f4a8-45e5-ad91-bdd87731a7ba,2026-07-03T23:15:00Z,2026-07-04T01:15:00+0200,3757.01978,MW,FR,FR,forecast_onshore_wind_generation,Wind Onshore,2026-07-08T18:59:22Z
2026-07-08T18:58:29Z,2026-07-08T20:58:29+0200,e401fd36-f4a8-45e5-ad91-bdd87731a7ba,2026-07-03T23:30:00Z,2026-07-04T01:30:00+0200,3667.4502,MW,FR,FR,forecast_onshore_wind_generation,Wind Onshore,2026-07-08T18:59:22Z
2026-07-08T18:58:29Z,2026-07-08T20:58:29+0200,e401fd36-f4a8-45e5-ad91-bdd87731a7ba,2026-07-03T23:45:00Z,2026-07-04T01:45:00+0200,3577.67993,MW,FR,FR,forecast_onshore_wind_generation,Wind Onshore,2026-07-08T18:59:22Z
2026-07-08T18:58:29Z,2026-07-08T20:58:29+0200,e401fd36-f4a8-45e5-ad91-bdd87731a7ba,2026-07-04T00:00:00Z,2026-07-04T02:00:00+0200,3487.98999,MW,FR,FR,forecast_onshore_wind_generation,Wind Onshore,2026-07-08T18:59:22Z
2026-07-08T18:58:29Z,2026-07-08T20:58:29+0200,e401fd36-f4a8-45e5-ad91-bdd87731a7ba,2026-07-04T00:15:00Z,2026-07-04T02:15:00+0200,3417.45996,MW,FR,FR,forecast_onshore_wind_generation,Wind Onshore,2026-07-08T18:59:22Z
2026-07-08T18:58:29Z,2026-07-08T20:58:29+0200,e401fd36-f4a8-45e5-ad91-bdd87731a7ba,2026-07-04T00:30:00Z,2026-07-04T02:30:00+0200,3347.20996,MW,FR,FR,forecast_onshore_wind_generation,Wind Onshore,2026-07-08T18:59:22Z
2026-07-08T18:58:29Z,2026-07-08T20:58:29+0200,e401fd36-f4a8-45e5-ad91-bdd87731a7ba,2026-07-04T00:45:00Z,2026-07-04T02:45:00+0200,3277.09985,MW,FR,FR,forecast_onshore_wind_generation,Wind Onshore,2026-07-08T18:59:22Z
2026-07-08T18:58:29Z,2026-07-08T20:58:29+0200,e401fd36-f4a8-45e5-ad91-bdd87731a7ba,2026-07-04T01:00:00Z,2026-07-04T03:00:00+0200,3207.06006,MW,FR,FR,forecast_onshore_wind_generation,Wind Onshore,2026-07-08T18:59:22Z
2026-07-08T18:58:29Z,2026-07-08T20:58:29+0200,e401fd36-f4a8-45e5-ad91-bdd87731a7ba,2026-07-04T01:15:00Z,2026-07-04T03:15:00+0200,3150.98975,MW,FR,FR,forecast_onshore_wind_generation,Wind Onshore,2026-07-08T18:59:22Z
2026-07-08T18:58:29Z,2026-07-08T20:58:29+0200,e401fd36-f4a8-45e5-ad91-bdd87731a7ba,2026-07-04T01:30:00Z,2026-07-04T03:30:00+0200,3094.96997,MW,FR,FR,forecast_onshore_wind_generation,Wind Onshore,2026-07-08T18:59:22Z
2026-07-08T18:58:29Z,2026-07-08T20:58:29+0200,e401fd36-f4a8-45e5-ad91-bdd87731a7ba,2026-07-04T01:45:00Z,2026-07-04T03:45:00+0200,3039.12988,MW,FR,FR,forecast_onshore_wind_generation,Wind Onshore,2026-07-08T18:59:22Z
2026-07-08T18:58:29Z,2026-07-08T20:58:29+0200,e401fd36-f4a8-45e5-ad91-bdd87731a7ba,2026-07-04T02:00:00Z,2026-07-04T04:00:00+0200,2983.32007,MW,FR,FR,forecast_onshore_wind_generation,Wind Onshore,2026-07-08T18:59:22Z
2026-07-08T18:58:29Z,2026-07-08T20:58:29+0200,e401fd36-f4a8-45e5-ad91-bdd87731a7ba,2026-07-04T02:15:00Z,2026-07-04T04:15:00+0200,2926.86011,MW,FR,FR,forecast_onshore_wind_generation,Wind Onshore,2026-07-08T18:59:22Z
2026-07-08T18:58:29Z,2026-07-08T20:58:29+0200,e401fd36-f4a8-45e5-ad91-bdd87731a7ba,2026-07-04T02:30:00Z,2026-07-04T04:30:00+0200,2870.44019,MW,FR,FR,forecast_onshore_wind_generation,Wind Onshore,2026-07-08T18:59:22Z
2026-07-08T18:58:29Z,2026-07-08T20:58:29+0200,e401fd36-f4a8-45e5-ad91-bdd87731a7ba,2026-07-04T02:45:00Z,2026-07-04T04:45:00+0200,2814.01001,MW,FR,FR,forecast_onshore_wind_generation,Wind Onshore,2026-07-08T18:59:22Z
2026-07-08T18:58:29Z,2026-07-08T20:58:29+0200,e401fd36-f4a8-45e5-ad91-bdd87731a7ba,2026-07-04T03:00:00Z,2026-07-04T05:00:00+0200,2757.61987,MW,FR,FR,forecast_onshore_wind_generation,Wind Onshore,2026-07-08T18:59:22Z
2026-07-08T18:58:29Z,2026-07-08T20:58:29+0200,e401fd36-f4a8-45e5-ad91-bdd87731a7ba,2026-07-04T03:15:00Z,2026-07-04T05:15:00+0200,2725.73999,MW,FR,FR,forecast_onshore_wind_generation,Wind Onshore,2026-07-08T18:59:22Z
2026-07-08T18:58:29Z,2026-07-08T20:58:29+0200,e401fd36-f4a8-45e5-ad91-bdd87731a7ba,2026-07-04T03:30:00Z,2026-07-04T05:30:00+0200,2693.85986,MW,FR,FR,forecast_onshore_wind_generation,Wind Onshore,2026-07-08T18:59:22Z
2026-07-08T18:58:29Z,2026-07-08T20:58:29+0200,e401fd36-f4a8-45e5-ad91-bdd87731a7ba,2026-07-04T03:45:00Z,2026-07-04T05:45:00+0200,2662.03003,MW,FR,FR,forecast_onshore_wind_generation,Wind Onshore,2026-07-08T18:59:22Z
2026-07-08T18:58:29Z,2026-07-08T20:58:29+0200,e401fd36-f4a8-45e5-ad91-bdd87731a7ba,2026-07-04T04:00:00Z,2026-07-04T06:00:00+0200,2630.21997,MW,FR,FR,forecast_onshore_wind_generation,Wind Onshore,2026-07-08T18:59:22Z
2026-07-08T18:58:29Z,2026-07-08T20:58:29+0200,e401fd36-f4a8-45e5-ad91-bdd87731a7ba,2026-07-04T04:15:00Z,2026-07-04T06:15:00+0200,2604.36987,MW,FR,FR,forecast_onshore_wind_generation,Wind Onshore,2026-07-08T18:59:22Z
2026-07-08T18:58:29Z,2026-07-08T20:58:29+0200,e401fd36-f4a8-45e5-ad91-bdd87731a7ba,2026-07-04T04:30:00Z,2026-07-04T06:30:00+0200,2578.51001,MW,FR,FR,forecast_onshore_wind_generation,Wind Onshore,2026-07-08T18:59:22Z
2026-07-08T18:58:29Z,2026-07-08T20:58:29+0200,e401fd36-f4a8-45e5-ad91-bdd87731a7ba,2026-07-04T04:45:00Z,2026-07-04T06:45:00+0200,2552.20996,MW,FR,FR,forecast_onshore_wind_generation,Wind Onshore,2026-07-08T18:59:22Z
2026-07-08T18:58:29Z,2026-07-08T20:58:29+0200,e401fd36-f4a8-45e5-ad91-bdd87731a7ba,2026-07-04T05:00:00Z,2026-07-04T07:00:00+0200,2525.93018,MW,FR,FR,forecast_onshore_wind_generation,Wind Onshore,2026-07-08T18:59:22Z
2026-07-08T18:58:29Z,2026-07-08T20:58:29+0200,e401fd36-f4a8-45e5-ad91-bdd87731a7ba,2026-07-04T05:15:00Z,2026-07-04T07:15:00+0200,2486.75,MW,FR,FR,forecast_onshore_wind_generation,Wind Onshore,2026-07-08T18:59:22Z
2026-07-08T18:58:29Z,2026-07-08T20:58:29+0200,e401fd36-f4a8-45e5-ad91-bdd87731a7ba,2026-07-04T05:30:00Z,2026-07-04T07:30:00+0200,2447.55005,MW,FR,FR,forecast_onshore_wind_generation,Wind Onshore,2026-07-08T18:59:22Z
2026-07-08T18:58:29Z,2026-07-08T20:58:29+0200,e401fd36-f4a8-45e5-ad91-bdd87731a7ba,2026-07-04T05:45:00Z,2026-07-04T07:45:00+0200,2408.20996,MW,FR,FR,forecast_onshore_wind_generation,Wind Onshore,2026-07-08T18:59:22Z
2026-07-08T18:58:29Z,2026-07-08T20:58:29+0200,e401fd36-f4a8-45e5-ad91-bdd87731a7ba,2026-07-04T06:00:00Z,2026-07-04T08:00:00+0200,2368.87012,MW,FR,FR,forecast_onshore_wind_generation,Wind Onshore,2026-07-08T18:59:22Z
2026-07-08T18:58:29Z,2026-07-08T20:58:29+0200,e401fd36-f4a8-45e5-ad91-bdd87731a7ba,2026-07-04T06:15:00Z,2026-07-04T08:15:00+0200,2134.07007,MW,FR,FR,forecast_onshore_wind_generation,Wind Onshore,2026-07-08T18:59:22Z
2026-07-08T18:58:29Z,2026-07-08T20:58:29+0200,e401fd36-f4a8-45e5-ad91-bdd87731a7ba,2026-07-04T06:30:00Z,2026-07-04T08:30:00+0200,1899.30005,MW,FR,FR,forecast_onshore_wind_generation,Wind Onshore,2026-07-08T18:59:22Z
2026-07-08T18:58:29Z,2026-07-08T20:58:29+0200,e401fd36-f4a8-45e5-ad91-bdd87731a7ba,2026-07-04T06:45:00Z,2026-07-04T08:45:00+0200,1664.53003,MW,FR,FR,forecast_onshore_wind_generation,Wind Onshore,2026-07-08T18:59:22Z
2026-07-08T18:58:29Z,2026-07-08T20:58:29+0200,e401fd36-f4a8-45e5-ad91-bdd87731a7ba,2026-07-04T07:00:00Z,2026-07-04T09:00:00+0200,1429.8501,MW,FR,FR,forecast_onshore_wind_generation,Wind Onshore,2026-07-08T18:59:22Z
2026-07-08T18:58:29Z,2026-07-08T20:58:29+0200,e401fd36-f4a8-45e5-ad91-bdd87731a7ba,2026-07-04T07:15:00Z,2026-07-04T09:15:00+0200,1437.60999,MW,FR,FR,forecast_onshore_wind_generation,Wind Onshore,2026-07-08T18:59:22Z
2026-07-08T18:58:29Z,2026-07-08T20:58:29+0200,e401fd36-f4a8-45e5-ad91-bdd87731a7ba,2026-07-04T07:30:00Z,2026-07-04T09:30:00+0200,1445.3407,MW,FR,FR,forecast_onshore_wind_generation,Wind Onshore,2026-07-08T18:59:22Z
2026-07-08T18:58:29Z,2026-07-08T20:58:29+0200,e401fd36-f4a8-45e5-ad91-bdd87731a7ba,2026-07-04T07:45:00Z,2026-07-04T09:45:00+0200,927.31976,MW,FR,FR,forecast_onshore_wind_generation,Wind Onshore,2026-07-08T18:59:22Z
2026-07-08T18:58:29Z,2026-07-08T20:58:29+0200,e401fd36-f4a8-45e5-ad91-bdd87731a7ba,2026-07-04T08:00:00Z,2026-07-04T10:00:00+0200,934.79004,MW,FR,FR,forecast_onshore_wind_generation,Wind Onshore,2026-07-08T18:59:22Z
2026-07-08T18:58:29Z,2026-07-08T20:58:29+0200,e401fd36-f4a8-45e5-ad91-bdd87731a7ba,2026-07-04T08:15:00Z,2026-07-04T10:15:00+0200,960.97961,MW,FR,FR,forecast_onshore_wind_generation,Wind Onshore,2026-07-08T18:59:22Z
2026-07-08T18:58:29Z,2026-07-08T20:58:29+0200,e401fd36-f4a8-45e5-ad91-bdd87731a7ba,2026-07-04T08:30:00Z,2026-07-04T10:30:00+0200,987.29083,MW,FR,FR,forecast_onshore_wind_generation,Wind Onshore,2026-07-08T18:59:22Z
2026-07-08T18:58:29Z,2026-07-08T20:58:29+0200,e401fd36-f4a8-45e5-ad91-bdd87731a7ba,2026-07-04T08:45:00Z,2026-07-04T10:45:00+0200,1013.40997,MW,FR,FR,forecast_onshore_wind_generation,Wind Onshore,2026-07-08T18:59:22Z
2026-07-08T18:58:29Z,2026-07-08T20:58:29+0200,e401fd36-f4a8-45e5-ad91-bdd87731a7ba,2026-07-04T09:00:00Z,2026-07-04T11:00:00+0200,1039.75989,MW,FR,FR,forecast_onshore_wind_generation,Wind Onshore,2026-07-08T18:59:22Z
2026-07-08T18:58:29Z,2026-07-08T20:58:29+0200,e401fd36-f4a8-45e5-ad91-bdd87731a7ba,2026-07-04T09:15:00Z,2026-07-04T11:15:00+0200,625.27997,MW,FR,FR,forecast_onshore_wind_generation,Wind Onshore,2026-07-08T18:59:22Z
2026-07-08T18:58:29Z,2026-07-08T20:58:29+0200,e401fd36-f4a8-45e5-ad91-bdd87731a7ba,2026-07-04T09:30:00Z,2026-07-04T11:30:00+0200,516.39984,MW,FR,FR,forecast_onshore_wind_generation,Wind Onshore,2026-07-08T18:59:22Z
2026-07-08T18:58:29Z,2026-07-08T20:58:29+0200,e401fd36-f4a8-45e5-ad91-bdd87731a7ba,2026-07-04T09:45:00Z,2026-07-04T11:45:00+0200,538.41998,MW,FR,FR,forecast_onshore_wind_generation,Wind Onshore,2026-07-08T18:59:22Z
2026-07-08T18:58:29Z,2026-07-08T20:58:29+0200,e401fd36-f4a8-45e5-ad91-bdd87731a7ba,2026-07-04T10:00:00Z,2026-07-04T12:00:00+0200,560.20001,MW,FR,FR,forecast_onshore_wind_generation,Wind Onshore,2026-07-08T18:59:22Z
2026-07-08T18:58:29Z,2026-07-08T20:58:29+0200,e401fd36-f4a8-45e5-ad91-bdd87731a7ba,2026-07-04T10:15:00Z,2026-07-04T12:15:00+0200,581.74994,MW,FR,FR,forecast_onshore_wind_generation,Wind Onshore,2026-07-08T18:59:22Z
2026-07-08T18:58:29Z,2026-07-08T20:58:29+0200,e401fd36-f4a8-45e5-ad91-bdd87731a7ba,2026-07-04T10:30:00Z,2026-07-04T12:30:00+0200,603.1499,MW,FR,FR,forecast_onshore_wind_generation,Wind Onshore,2026-07-08T18:59:22Z
2026-07-08T18:58:29Z,2026-07-08T20:58:29+0200,e401fd36-f4a8-45e5-ad91-bdd87731a7ba,2026-07-04T10:45:00Z,2026-07-04T12:45:00+0200,624.81989,MW,FR,FR,forecast_onshore_wind_generation,Wind Onshore,2026-07-08T18:59:22Z
2026-07-08T18:58:29Z,2026-07-08T20:58:29+0200,e401fd36-f4a8-45e5-ad91-bdd87731a7ba,2026-07-04T11:00:00Z,2026-07-04T13:00:00+0200,646.19037,MW,FR,FR,forecast_onshore_wind_generation,Wind Onshore,2026-07-08T18:59:22Z
2026-07-08T18:58:29Z,2026-07-08T20:58:29+0200,e401fd36-f4a8-45e5-ad91-bdd87731a7ba,2026-07-04T11:15:00Z,2026-07-04T13:15:00+0200,668.9397,MW,FR,FR,forecast_onshore_wind_generation,Wind Onshore,2026-07-08T18:59:22Z
2026-07-08T18:58:29Z,2026-07-08T20:58:29+0200,e401fd36-f4a8-45e5-ad91-bdd87731a7ba,2026-07-04T11:30:00Z,2026-07-04T13:30:00+0200,691.5199,MW,FR,FR,forecast_onshore_wind_generation,Wind Onshore,2026-07-08T18:59:22Z
2026-07-08T18:58:29Z,2026-07-08T20:58:29+0200,e401fd36-f4a8-45e5-ad91-bdd87731a7ba,2026-07-04T11:45:00Z,2026-07-04T13:45:00+0200,714.48016,MW,FR,FR,forecast_onshore_wind_generation,Wind Onshore,2026-07-08T18:59:22Z
2026-07-08T18:58:29Z,2026-07-08T20:58:29+0200,e401fd36-f4a8-45e5-ad91-bdd87731a7ba,2026-07-04T12:00:00Z,2026-07-04T14:00:00+0200,737.14026,MW,FR,FR,forecast_onshore_wind_generation,Wind Onshore,2026-07-08T18:59:22Z
2026-07-08T18:58:29Z,2026-07-08T20:58:29+0200,e401fd36-f4a8-45e5-ad91-bdd87731a7ba,2026-07-04T12:15:00Z,2026-07-04T14:15:00+0200,775.07977,MW,FR,FR,forecast_onshore_wind_generation,Wind Onshore,2026-07-08T18:59:22Z
2026-07-08T18:58:29Z,2026-07-08T20:58:29+0200,e401fd36-f4a8-45e5-ad91-bdd87731a7ba,2026-07-04T12:30:00Z,2026-07-04T14:30:00+0200,812.85016,MW,FR,FR,forecast_onshore_wind_generation,Wind Onshore,2026-07-08T18:59:22Z
2026-07-08T18:58:29Z,2026-07-08T20:58:29+0200,e401fd36-f4a8-45e5-ad91-bdd87731a7ba,2026-07-04T12:45:00Z,2026-07-04T14:45:00+0200,850.87976,MW,FR,FR,forecast_onshore_wind_generation,Wind Onshore,2026-07-08T18:59:22Z
2026-07-08T18:58:29Z,2026-07-08T20:58:29+0200,e401fd36-f4a8-45e5-ad91-bdd87731a7ba,2026-07-04T13:00:00Z,2026-07-04T15:00:00+0200,888.56982,MW,FR,FR,forecast_onshore_wind_generation,Wind Onshore,2026-07-08T18:59:22Z
2026-07-08T18:58:29Z,2026-07-08T20:58:29+0200,e401fd36-f4a8-45e5-ad91-bdd87731a7ba,2026-07-04T13:15:00Z,2026-07-04T15:15:00+0200,931.73981,MW,FR,FR,forecast_onshore_wind_generation,Wind Onshore,2026-07-08T18:59:22Z
2026-07-08T18:58:29Z,2026-07-08T20:58:29+0200,e401fd36-f4a8-45e5-ad91-bdd87731a7ba,2026-07-04T13:30:00Z,2026-07-04T15:30:00+0200,974.91052,MW,FR,FR,forecast_onshore_wind_generation,Wind Onshore,2026-07-08T18:59:22Z
2026-07-08T18:58:29Z,2026-07-08T20:58:29+0200,e401fd36-f4a8-45e5-ad91-bdd87731a7ba,2026-07-04T13:45:00Z,2026-07-04T15:45:00+0200,1018.35986,MW,FR,FR,forecast_onshore_wind_generation,Wind Onshore,2026-07-08T18:59:22Z
2026-07-08T18:58:29Z,2026-07-08T20:58:29+0200,e401fd36-f4a8-45e5-ad91-bdd87731a7ba,2026-07-04T14:00:00Z,2026-07-04T16:00:00+0200,1062.09985,MW,FR,FR,forecast_onshore_wind_generation,Wind Onshore,2026-07-08T18:59:22Z
2026-07-08T18:58:29Z,2026-07-08T20:58:29+0200,e401fd36-f4a8-45e5-ad91-bdd87731a7ba,2026-07-04T14:15:00Z,2026-07-04T16:15:00+0200,1095.9801,MW,FR,FR,forecast_onshore_wind_generation,Wind Onshore,2026-07-08T18:59:22Z
2026-07-08T18:58:29Z,2026-07-08T20:58:29+0200,e401fd36-f4a8-45e5-ad91-bdd87731a7ba,2026-07-04T14:30:00Z,2026-07-04T16:30:00+0200,1129.78015,MW,FR,FR,forecast_onshore_wind_generation,Wind Onshore,2026-07-08T18:59:22Z
2026-07-08T18:58:29Z,2026-07-08T20:58:29+0200,e401fd36-f4a8-45e5-ad91-bdd87731a7ba,2026-07-04T14:45:00Z,2026-07-04T16:45:00+0200,2012.41113,MW,FR,FR,forecast_onshore_wind_generation,Wind Onshore,2026-07-08T18:59:22Z
2026-07-08T18:58:29Z,2026-07-08T20:58:29+0200,e401fd36-f4a8-45e5-ad91-bdd87731a7ba,2026-07-04T15:00:00Z,2026-07-04T17:00:00+0200,2321.94971,MW,FR,FR,forecast_onshore_wind_generation,Wind Onshore,2026-07-08T18:59:22Z
2026-07-08T18:58:29Z,2026-07-08T20:58:29+0200,e401fd36-f4a8-45e5-ad91-bdd87731a7ba,2026-07-04T15:15:00Z,2026-07-04T17:15:00+0200,2372.31055,MW,FR,FR,forecast_onshore_wind_generation,Wind Onshore,2026-07-08T18:59:22Z
2026-07-08T18:58:29Z,2026-07-08T20:58:29+0200,e401fd36-f4a8-45e5-ad91-bdd87731a7ba,2026-07-04T15:30:00Z,2026-07-04T17:30:00+0200,2422.89062,MW,FR,FR,forecast_onshore_wind_generation,Wind Onshore,2026-07-08T18:59:22Z
2026-07-08T18:58:29Z,2026-07-08T20:58:29+0200,e401fd36-f4a8-45e5-ad91-bdd87731a7ba,2026-07-04T15:45:00Z,2026-07-04T17:45:00+0200,2473.0188,MW,FR,FR,forecast_onshore_wind_generation,Wind Onshore,2026-07-08T18:59:22Z
2026-07-08T18:58:29Z,2026-07-08T20:58:29+0200,e401fd36-f4a8-45e5-ad91-bdd87731a7ba,2026-07-04T16:00:00Z,2026-07-04T18:00:00+0200,2523.43848,MW,FR,FR,forecast_onshore_wind_generation,Wind Onshore,2026-07-08T18:59:22Z
2026-07-08T18:58:29Z,2026-07-08T20:58:29+0200,e401fd36-f4a8-45e5-ad91-bdd87731a7ba,2026-07-04T16:15:00Z,2026-07-04T18:15:00+0200,4160.95312,MW,FR,FR,forecast_onshore_wind_generation,Wind Onshore,2026-07-08T18:59:22Z
2026-07-08T18:58:29Z,2026-07-08T20:58:29+0200,e401fd36-f4a8-45e5-ad91-bdd87731a7ba,2026-07-04T16:30:00Z,2026-07-04T18:30:00+0200,4207.02979,MW,FR,FR,forecast_onshore_wind_generation,Wind Onshore,2026-07-08T18:59:22Z
2026-07-08T18:58:29Z,2026-07-08T20:58:29+0200,e401fd36-f4a8-45e5-ad91-bdd87731a7ba,2026-07-04T16:45:00Z,2026-07-04T18:45:00+0200,4253.41016,MW,FR,FR,forecast_onshore_wind_generation,Wind Onshore,2026-07-08T18:59:22Z
2026-07-08T18:58:29Z,2026-07-08T20:58:29+0200,e401fd36-f4a8-45e5-ad91-bdd87731a7ba,2026-07-04T17:00:00Z,2026-07-04T19:00:00+0200,4299.7998,MW,FR,FR,forecast_onshore_wind_generation,Wind Onshore,2026-07-08T18:59:22Z
2026-07-08T18:58:29Z,2026-07-08T20:58:29+0200,e401fd36-f4a8-45e5-ad91-bdd87731a7ba,2026-07-04T17:15:00Z,2026-07-04T19:15:00+0200,4285.89014,MW,FR,FR,forecast_onshore_wind_generation,Wind Onshore,2026-07-08T18:59:22Z
2026-07-08T18:58:29Z,2026-07-08T20:58:29+0200,e401fd36-f4a8-45e5-ad91-bdd87731a7ba,2026-07-04T17:30:00Z,2026-07-04T19:30:00+0200,4271.97021,MW,FR,FR,forecast_onshore_wind_generation,Wind Onshore,2026-07-08T18:59:22Z
2026-07-08T18:58:29Z,2026-07-08T20:58:29+0200,e401fd36-f4a8-45e5-ad91-bdd87731a7ba,2026-07-04T17:45:00Z,2026-07-04T19:45:00+0200,4258.12988,MW,FR,FR,forecast_onshore_wind_generation,Wind Onshore,2026-07-08T18:59:22Z
2026-07-08T18:58:29Z,2026-07-08T20:58:29+0200,e401fd36-f4a8-45e5-ad91-bdd87731a7ba,2026-07-04T18:00:00Z,2026-07-04T20:00:00+0200,4244.30957,MW,FR,FR,forecast_onshore_wind_generation,Wind Onshore,2026-07-08T18:59:22Z
2026-07-08T18:58:29Z,2026-07-08T20:58:29+0200,e401fd36-f4a8-45e5-ad91-bdd87731a7ba,2026-07-04T18:15:00Z,2026-07-04T20:15:00+0200,4217.07031,MW,FR,FR,forecast_onshore_wind_generation,Wind Onshore,2026-07-08T18:59:22Z
2026-07-08T18:58:29Z,2026-07-08T20:58:29+0200,e401fd36-f4a8-45e5-ad91-bdd87731a7ba,2026-07-04T18:30:00Z,2026-07-04T20:30:00+0200,4189.81006,MW,FR,FR,forecast_onshore_wind_generation,Wind Onshore,2026-07-08T18:59:22Z
2026-07-08T18:58:29Z,2026-07-08T20:58:29+0200,e401fd36-f4a8-45e5-ad91-bdd87731a7ba,2026-07-04T18:45:00Z,2026-07-04T20:45:00+0200,4162.43994,MW,FR,FR,forecast_onshore_wind_generation,Wind Onshore,2026-07-08T18:59:22Z
2026-07-08T18:58:29Z,2026-07-08T20:58:29+0200,e401fd36-f4a8-45e5-ad91-bdd87731a7ba,2026-07-04T19:00:00Z,2026-07-04T21:00:00+0200,4135.08008,MW,FR,FR,forecast_onshore_wind_generation,Wind Onshore,2026-07-08T18:59:22Z
2026-07-08T18:58:29Z,2026-07-08T20:58:29+0200,e401fd36-f4a8-45e5-ad91-bdd87731a7ba,2026-07-04T19:15:00Z,2026-07-04T21:15:00+0200,4314.2998,MW,FR,FR,forecast_onshore_wind_generation,Wind Onshore,2026-07-08T18:59:22Z
2026-07-08T18:58:29Z,2026-07-08T20:58:29+0200,e401fd36-f4a8-45e5-ad91-bdd87731a7ba,2026-07-04T19:30:00Z,2026-07-04T21:30:00+0200,4493.52002,MW,FR,FR,forecast_onshore_wind_generation,Wind Onshore,2026-07-08T18:59:22Z
2026-07-08T18:58:29Z,2026-07-08T20:58:29+0200,e401fd36-f4a8-45e5-ad91-bdd87731a7ba,2026-07-04T19:45:00Z,2026-07-04T21:45:00+0200,4672.69971,MW,FR,FR,forecast_onshore_wind_generation,Wind Onshore,2026-07-08T18:59:22Z
2026-07-08T18:58:29Z,2026-07-08T20:58:29+0200,e401fd36-f4a8-45e5-ad91-bdd87731a7ba,2026-07-04T20:00:00Z,2026-07-04T22:00:00+0200,4851.87012,MW,FR,FR,forecast_onshore_wind_generation,Wind Onshore,2026-07-08T18:59:22Z
2026-07-08T18:58:29Z,2026-07-08T20:58:29+0200,e401fd36-f4a8-45e5-ad91-bdd87731a7ba,2026-07-04T20:15:00Z,2026-07-04T22:15:00+0200,4966.3999,MW,FR,FR,forecast_onshore_wind_generation,Wind Onshore,2026-07-08T18:59:22Z
2026-07-08T18:58:29Z,2026-07-08T20:58:29+0200,e401fd36-f4a8-45e5-ad91-bdd87731a7ba,2026-07-04T20:30:00Z,2026-07-04T22:30:00+0200,5080.90967,MW,FR,FR,forecast_onshore_wind_generation,Wind Onshore,2026-07-08T18:59:22Z
2026-07-08T18:58:29Z,2026-07-08T20:58:29+0200,e401fd36-f4a8-45e5-ad91-bdd87731a7ba,2026-07-04T20:45:00Z,2026-07-04T22:45:00+0200,5195.2998,MW,FR,FR,forecast_onshore_wind_generation,Wind Onshore,2026-07-08T18:59:22Z
2026-07-08T18:58:29Z,2026-07-08T20:58:29+0200,e401fd36-f4a8-45e5-ad91-bdd87731a7ba,2026-07-04T21:00:00Z,2026-07-04T23:00:00+0200,5309.70996,MW,FR,FR,forecast_onshore_wind_generation,Wind Onshore,2026-07-08T18:59:22Z
2026-07-08T18:58:29Z,2026-07-08T20:58:29+0200,e401fd36-f4a8-45e5-ad91-bdd87731a7ba,2026-07-04T21:15:00Z,2026-07-04T23:15:00+0200,5330.7002,MW,FR,FR,forecast_onshore_wind_generation,Wind Onshore,2026-07-08T18:59:22Z
2026-07-08T18:58:29Z,2026-07-08T20:58:29+0200,e401fd36-f4a8-45e5-ad91-bdd87731a7ba,2026-07-04T21:30:00Z,2026-07-04T23:30:00+0200,5351.68018,MW,FR,FR,forecast_onshore_wind_generation,Wind Onshore,2026-07-08T18:59:22Z
2026-07-08T18:58:29Z,2026-07-08T20:58:29+0200,e401fd36-f4a8-45e5-ad91-bdd87731a7ba,2026-07-04T21:45:00Z,2026-07-04T23:45:00+0200,5372.5498,MW,FR,FR,forecast_onshore_wind_generation,Wind Onshore,2026-07-08T18:59:22Z
2026-07-08T18:58:29Z,2026-07-08T20:58:29+0200,e401fd36-f4a8-45e5-ad91-bdd87731a7ba,2026-07-04T22:00:00Z,2026-07-05T00:00:00+0200,5260.11963,MW,FR,FR,forecast_onshore_wind_generation,Wind Onshore,2026-07-08T18:59:22Z
2026-07-08T18:58:29Z,2026-07-08T20:58:29+0200,e401fd36-f4a8-45e5-ad91-bdd87731a7ba,2026-07-04T22:15:00Z,2026-07-05T00:15:00+0200,5227.7998,MW,FR,FR,forecast_onshore_wind_generation,Wind Onshore,2026-07-08T18:59:22Z
2026-07-08T18:58:29Z,2026-07-08T20:58:29+0200,e401fd36-f4a8-45e5-ad91-bdd87731a7ba,2026-07-04T22:30:00Z,2026-07-05T00:30:00+0200,5195.46045,MW,FR,FR,forecast_onshore_wind_generation,Wind Onshore,2026-07-08T18:59:22Z
2026-07-08T18:58:29Z,2026-07-08T20:58:29+0200,e401fd36-f4a8-45e5-ad91-bdd87731a7ba,2026-07-04T22:45:00Z,2026-07-05T00:45:00+0200,5162.4502,MW,FR,FR,forecast_onshore_wind_generation,Wind Onshore,2026-07-08T18:59:22Z
2026-07-08T18:58:29Z,2026-07-08T20:58:29+0200,e401fd36-f4a8-45e5-ad91-bdd87731a7ba,2026-07-04T23:00:00Z,2026-07-05T01:00:00+0200,5129.43994,MW,FR,FR,forecast_onshore_wind_generation,Wind Onshore,2026-07-08T18:59:22Z
2026-07-08T18:58:29Z,2026-07-08T20:58:29+0200,e401fd36-f4a8-45e5-ad91-bdd87731a7ba,2026-07-04T23:15:00Z,2026-07-05T01:15:00+0200,5094.90967,MW,FR,FR,forecast_onshore_wind_generation,Wind Onshore,2026-07-08T18:59:22Z
2026-07-08T18:58:29Z,2026-07-08T20:58:29+0200,e401fd36-f4a8-45e5-ad91-bdd87731a7ba,2026-07-04T23:30:00Z,2026-07-05T01:30:00+0200,5060.38037,MW,FR,FR,forecast_onshore_wind_generation,Wind Onshore,2026-07-08T18:59:22Z
2026-07-08T18:58:29Z,2026-07-08T20:58:29+0200,e401fd36-f4a8-45e5-ad91-bdd87731a7ba,2026-07-04T23:45:00Z,2026-07-05T01:45:00+0200,5025.70996,MW,FR,FR,forecast_onshore_wind_generation,Wind Onshore,2026-07-08T18:59:22Z
2026-07-08T18:58:29Z,2026-07-08T20:58:29+0200,e401fd36-f4a8-45e5-ad91-bdd87731a7ba,2026-07-05T00:00:00Z,2026-07-05T02:00:00+0200,4991.0498,MW,FR,FR,forecast_onshore_wind_generation,Wind Onshore,2026-07-08T18:59:22Z
2026-07-08T18:58:29Z,2026-07-08T20:58:29+0200,e401fd36-f4a8-45e5-ad91-bdd87731a7ba,2026-07-05T00:15:00Z,2026-07-05T02:15:00+0200,4912.5,MW,FR,FR,forecast_onshore_wind_generation,Wind Onshore,2026-07-08T18:59:22Z
2026-07-08T18:58:29Z,2026-07-08T20:58:29+0200,e401fd36-f4a8-45e5-ad91-bdd87731a7ba,2026-07-05T00:30:00Z,2026-07-05T02:30:00+0200,4833.93994,MW,FR,FR,forecast_onshore_wind_generation,Wind Onshore,2026-07-08T18:59:22Z
2026-07-08T18:58:29Z,2026-07-08T20:58:29+0200,e401fd36-f4a8-45e5-ad91-bdd87731a7ba,2026-07-05T00:45:00Z,2026-07-05T02:45:00+0200,4755.44971,MW,FR,FR,forecast_onshore_wind_generation,Wind Onshore,2026-07-08T18:59:22Z
2026-07-08T18:58:29Z,2026-07-08T20:58:29+0200,e401fd36-f4a8-45e5-ad91-bdd87731a7ba,2026-07-05T01:00:00Z,2026-07-05T03:00:00+0200,4676.9502,MW,FR,FR,forecast_onshore_wind_generation,Wind Onshore,2026-07-08T18:59:22Z
2026-07-08T18:58:29Z,2026-07-08T20:58:29+0200,e401fd36-f4a8-45e5-ad91-bdd87731a7ba,2026-07-05T01:15:00Z,2026-07-05T03:15:00+0200,4589.84961,MW,FR,FR,forecast_onshore_wind_generation,Wind Onshore,2026-07-08T18:59:22Z
2026-07-08T18:58:29Z,2026-07-08T20:58:29+0200,e401fd36-f4a8-45e5-ad91-bdd87731a7ba,2026-07-05T01:30:00Z,2026-07-05T03:30:00+0200,4502.76025,MW,FR,FR,forecast_onshore_wind_generation,Wind Onshore,2026-07-08T18:59:22Z
2026-07-08T18:58:29Z,2026-07-08T20:58:29+0200,e401fd36-f4a8-45e5-ad91-bdd87731a7ba,2026-07-05T01:45:00Z,2026-07-05T03:45:00+0200,4415.62988,MW,FR,FR,forecast_onshore_wind_generation,Wind Onshore,2026-07-08T18:59:22Z
2026-07-08T18:58:29Z,2026-07-08T20:58:29+0200,e401fd36-f4a8-45e5-ad91-bdd87731a7ba,2026-07-05T02:00:00Z,2026-07-05T04:00:00+0200,4328.51025,MW,FR,FR,forecast_onshore_wind_generation,Wind Onshore,2026-07-08T18:59:22Z
2026-07-08T18:58:29Z,2026-07-08T20:58:29+0200,e401fd36-f4a8-45e5-ad91-bdd87731a7ba,2026-07-05T02:15:00Z,2026-07-05T04:15:00+0200,4256.64014,MW,FR,FR,forecast_onshore_wind_generation,Wind Onshore,2026-07-08T18:59:22Z
2026-07-08T18:58:29Z,2026-07-08T20:58:29+0200,e401fd36-f4a8-45e5-ad91-bdd87731a7ba,2026-07-05T02:30:00Z,2026-07-05T04:30:00+0200,4184.79004,MW,FR,FR,forecast_onshore_wind_generation,Wind Onshore,2026-07-08T18:59:22Z
2026-07-08T18:58:29Z,2026-07-08T20:58:29+0200,e401fd36-f4a8-45e5-ad91-bdd87731a7ba,2026-07-05T02:45:00Z,2026-07-05T04:45:00+0200,4112.98047,MW,FR,FR,forecast_onshore_wind_generation,Wind Onshore,2026-07-08T18:59:22Z
2026-07-08T18:58:29Z,2026-07-08T20:58:29+0200,e401fd36-f4a8-45e5-ad91-bdd87731a7ba,2026-07-05T03:00:00Z,2026-07-05T05:00:00+0200,4041.16016,MW,FR,FR,forecast_onshore_wind_generation,Wind Onshore,2026-07-08T18:59:22Z
2026-07-08T18:58:29Z,2026-07-08T20:58:29+0200,e401fd36-f4a8-45e5-ad91-bdd87731a7ba,2026-07-05T03:15:00Z,2026-07-05T05:15:00+0200,3964.93018,MW,FR,FR,forecast_onshore_wind_generation,Wind Onshore,2026-07-08T18:59:22Z
2026-07-08T18:58:29Z,2026-07-08T20:58:29+0200,e401fd36-f4a8-45e5-ad91-bdd87731a7ba,2026-07-05T03:30:00Z,2026-07-05T05:30:00+0200,3888.69971,MW,FR,FR,forecast_onshore_wind_generation,Wind Onshore,2026-07-08T18:59:22Z
2026-07-08T18:58:29Z,2026-07-08T20:58:29+0200,e401fd36-f4a8-45e5-ad91-bdd87731a7ba,2026-07-05T03:45:00Z,2026-07-05T05:45:00+0200,3812.51025,MW,FR,FR,forecast_onshore_wind_generation,Wind Onshore,2026-07-08T18:59:22Z
2026-07-08T18:58:29Z,2026-07-08T20:58:29+0200,e401fd36-f4a8-45e5-ad91-bdd87731a7ba,2026-07-05T04:00:00Z,2026-07-05T06:00:00+0200,3736.29004,MW,FR,FR,forecast_onshore_wind_generation,Wind Onshore,2026-07-08T18:59:22Z
2026-07-08T18:58:29Z,2026-07-08T20:58:29+0200,e401fd36-f4a8-45e5-ad91-bdd87731a7ba,2026-07-05T04:15:00Z,2026-07-05T06:15:00+0200,3626.61011,MW,FR,FR,forecast_onshore_wind_generation,Wind Onshore,2026-07-08T18:59:22Z
2026-07-08T18:58:29Z,2026-07-08T20:58:29+0200,e401fd36-f4a8-45e5-ad91-bdd87731a7ba,2026-07-05T04:30:00Z,2026-07-05T06:30:00+0200,3516.92993,MW,FR,FR,forecast_onshore_wind_generation,Wind Onshore,2026-07-08T18:59:22Z
2026-07-08T18:58:29Z,2026-07-08T20:58:29+0200,e401fd36-f4a8-45e5-ad91-bdd87731a7ba,2026-07-05T04:45:00Z,2026-07-05T06:45:00+0200,3406.88989,MW,FR,FR,forecast_onshore_wind_generation,Wind Onshore,2026-07-08T18:59:22Z
2026-07-08T18:58:29Z,2026-07-08T20:58:29+0200,e401fd36-f4a8-45e5-ad91-bdd87731a7ba,2026-07-05T05:00:00Z,2026-07-05T07:00:00+0200,3296.85986,MW,FR,FR,forecast_onshore_wind_generation,Wind Onshore,2026-07-08T18:59:22Z
2026-07-08T18:58:29Z,2026-07-08T20:58:29+0200,e401fd36-f4a8-45e5-ad91-bdd87731a7ba,2026-07-05T05:15:00Z,2026-07-05T07:15:00+0200,3076.42993,MW,FR,FR,forecast_onshore_wind_generation,Wind Onshore,2026-07-08T18:59:22Z
2026-07-08T18:58:29Z,2026-07-08T20:58:29+0200,e401fd36-f4a8-45e5-ad91-bdd87731a7ba,2026-07-05T05:30:00Z,2026-07-05T07:30:00+0200,2856.02002,MW,FR,FR,forecast_onshore_wind_generation,Wind Onshore,2026-07-08T18:59:22Z
2026-07-08T18:58:29Z,2026-07-08T20:58:29+0200,e401fd36-f4a8-45e5-ad91-bdd87731a7ba,2026-07-05T05:45:00Z,2026-07-05T07:45:00+0200,2635.1814,MW,FR,FR,forecast_onshore_wind_generation,Wind Onshore,2026-07-08T18:59:22Z
2026-07-08T18:58:29Z,2026-07-08T20:58:29+0200,e401fd36-f4a8-45e5-ad91-bdd87731a7ba,2026-07-05T06:00:00Z,2026-07-05T08:00:00+0200,1478.05908,MW,FR,FR,forecast_onshore_wind_generation,Wind Onshore,2026-07-08T18:59:22Z
2026-07-08T18:58:29Z,2026-07-08T20:58:29+0200,e401fd36-f4a8-45e5-ad91-bdd87731a7ba,2026-07-05T06:15:00Z,2026-07-05T08:15:00+0200,1360.67993,MW,FR,FR,forecast_onshore_wind_generation,Wind Onshore,2026-07-08T18:59:22Z
2026-07-08T18:58:29Z,2026-07-08T20:58:29+0200,e401fd36-f4a8-45e5-ad91-bdd87731a7ba,2026-07-05T06:30:00Z,2026-07-05T08:30:00+0200,1242.9696,MW,FR,FR,forecast_onshore_wind_generation,Wind Onshore,2026-07-08T18:59:22Z
2026-07-08T18:58:29Z,2026-07-08T20:58:29+0200,e401fd36-f4a8-45e5-ad91-bdd87731a7ba,2026-07-05T06:45:00Z,2026-07-05T08:45:00+0200,1125.76062,MW,FR,FR,forecast_onshore_wind_generation,Wind Onshore,2026-07-08T18:59:22Z
2026-07-08T18:58:29Z,2026-07-08T20:58:29+0200,e401fd36-f4a8-45e5-ad91-bdd87731a7ba,2026-07-05T07:00:00Z,2026-07-05T09:00:00+0200,1008.02972,MW,FR,FR,forecast_onshore_wind_generation,Wind Onshore,2026-07-08T18:59:22Z
2026-07-08T18:58:29Z,2026-07-08T20:58:29+0200,e401fd36-f4a8-45e5-ad91-bdd87731a7ba,2026-07-05T07:15:00Z,2026-07-05T09:15:00+0200,1002.2395,MW,FR,FR,forecast_onshore_wind_generation,Wind Onshore,2026-07-08T18:59:22Z
2026-07-08T18:58:29Z,2026-07-08T20:58:29+0200,e401fd36-f4a8-45e5-ad91-bdd87731a7ba,2026-07-05T07:30:00Z,2026-07-05T09:30:00+0200,996.23022,MW,FR,FR,forecast_onshore_wind_generation,Wind Onshore,2026-07-08T18:59:22Z
2026-07-08T18:58:29Z,2026-07-08T20:58:29+0200,e401fd36-f4a8-45e5-ad91-bdd87731a7ba,2026-07-05T07:45:00Z,2026-07-05T09:45:00+0200,990.69989,MW,FR,FR,forecast_onshore_wind_generation,Wind Onshore,2026-07-08T18:59:22Z
2026-07-08T18:58:29Z,2026-07-08T20:58:29+0200,e401fd36-f4a8-45e5-ad91-bdd87731a7ba,2026-07-05T08:00:00Z,2026-07-05T10:00:00+0200,985.02063,MW,FR,FR,forecast_onshore_wind_generation,Wind Onshore,2026-07-08T18:59:22Z
2026-07-08T18:58:29Z,2026-07-08T20:58:29+0200,e401fd36-f4a8-45e5-ad91-bdd87731a7ba,2026-07-05T08:15:00Z,2026-07-05T10:15:00+0200,986.7002,MW,FR,FR,forecast_onshore_wind_generation,Wind Onshore,2026-07-08T18:59:22Z
2026-07-08T18:58:29Z,2026-07-08T20:58:29+0200,e401fd36-f4a8-45e5-ad91-bdd87731a7ba,2026-07-05T08:30:00Z,2026-07-05T10:30:00+0200,988.44965,MW,FR,FR,forecast_onshore_wind_generation,Wind Onshore,2026-07-08T18:59:22Z
2026-07-08T18:58:29Z,2026-07-08T20:58:29+0200,e401fd36-f4a8-45e5-ad91-bdd87731a7ba,2026-07-05T08:45:00Z,2026-07-05T10:45:00+0200,989.9798,MW,FR,FR,forecast_onshore_wind_generation,Wind Onshore,2026-07-08T18:59:22Z
2026-07-08T18:58:29Z,2026-07-08T20:58:29+0200,e401fd36-f4a8-45e5-ad91-bdd87731a7ba,2026-07-05T09:00:00Z,2026-07-05T11:00:00+0200,991.90039,MW,FR,FR,forecast_onshore_wind_generation,Wind Onshore,2026-07-08T18:59:22Z
2026-07-08T18:58:29Z,2026-07-08T20:58:29+0200,e401fd36-f4a8-45e5-ad91-bdd87731a7ba,2026-07-05T09:15:00Z,2026-07-05T11:15:00+0200,1051.29041,MW,FR,FR,forecast_onshore_wind_generation,Wind Onshore,2026-07-08T18:59:22Z
2026-07-08T18:58:29Z,2026-07-08T20:58:29+0200,e401fd36-f4a8-45e5-ad91-bdd87731a7ba,2026-07-05T09:30:00Z,2026-07-05T11:30:00+0200,967.13977,MW,FR,FR,forecast_onshore_wind_generation,Wind Onshore,2026-07-08T18:59:22Z
2026-07-08T18:58:29Z,2026-07-08T20:58:29+0200,e401fd36-f4a8-45e5-ad91-bdd87731a7ba,2026-07-05T09:45:00Z,2026-07-05T11:45:00+0200,1023.53973,MW,FR,FR,forecast_onshore_wind_generation,Wind Onshore,2026-07-08T18:59:22Z
2026-07-08T18:58:29Z,2026-07-08T20:58:29+0200,e401fd36-f4a8-45e5-ad91-bdd87731a7ba,2026-07-05T10:00:00Z,2026-07-05T12:00:00+0200,1079.59058,MW,FR,FR,forecast_onshore_wind_generation,Wind Onshore,2026-07-08T18:59:22Z
2026-07-08T18:58:29Z,2026-07-08T20:58:29+0200,e401fd36-f4a8-45e5-ad91-bdd87731a7ba,2026-07-05T10:15:00Z,2026-07-05T12:15:00+0200,1287.38049,MW,FR,FR,forecast_onshore_wind_generation,Wind Onshore,2026-07-08T18:59:22Z
2026-07-08T18:58:29Z,2026-07-08T20:58:29+0200,e401fd36-f4a8-45e5-ad91-bdd87731a7ba,2026-07-05T10:30:00Z,2026-07-05T12:30:00+0200,1345.03076,MW,FR,FR,forecast_onshore_wind_generation,Wind Onshore,2026-07-08T18:59:22Z
2026-07-08T18:58:29Z,2026-07-08T20:58:29+0200,e401fd36-f4a8-45e5-ad91-bdd87731a7ba,2026-07-05T10:45:00Z,2026-07-05T12:45:00+0200,1244.09998,MW,FR,FR,forecast_onshore_wind_generation,Wind Onshore,2026-07-08T18:59:22Z
2026-07-08T18:58:29Z,2026-07-08T20:58:29+0200,e401fd36-f4a8-45e5-ad91-bdd87731a7ba,2026-07-05T11:00:00Z,2026-07-05T13:00:00+0200,719.55981,MW,FR,FR,forecast_onshore_wind_generation,Wind Onshore,2026-07-08T18:59:22Z
2026-07-08T18:58:29Z,2026-07-08T20:58:29+0200,e401fd36-f4a8-45e5-ad91-bdd87731a7ba,2026-07-05T11:15:00Z,2026-07-05T13:15:00+0200,746.28027,MW,FR,FR,forecast_onshore_wind_generation,Wind Onshore,2026-07-08T18:59:22Z
2026-07-08T18:58:29Z,2026-07-08T20:58:29+0200,e401fd36-f4a8-45e5-ad91-bdd87731a7ba,2026-07-05T11:30:00Z,2026-07-05T13:30:00+0200,773.14001,MW,FR,FR,forecast_onshore_wind_generation,Wind Onshore,2026-07-08T18:59:22Z
2026-07-08T18:58:29Z,2026-07-08T20:58:29+0200,e401fd36-f4a8-45e5-ad91-bdd87731a7ba,2026-07-05T11:45:00Z,2026-07-05T13:45:00+0200,800.06,MW,FR,FR,forecast_onshore_wind_generation,Wind Onshore,2026-07-08T18:59:22Z
2026-07-08T18:58:29Z,2026-07-08T20:58:29+0200,e401fd36-f4a8-45e5-ad91-bdd87731a7ba,2026-07-05T12:00:00Z,2026-07-05T14:00:00+0200,826.94043,MW,FR,FR,forecast_onshore_wind_generation,Wind Onshore,2026-07-08T18:59:22Z
2026-07-08T18:58:29Z,2026-07-08T20:58:29+0200,e401fd36-f4a8-45e5-ad91-bdd87731a7ba,2026-07-05T12:15:00Z,2026-07-05T14:15:00+0200,853.41028,MW,FR,FR,forecast_onshore_wind_generation,Wind Onshore,2026-07-08T18:59:22Z
2026-07-08T18:58:29Z,2026-07-08T20:58:29+0200,e401fd36-f4a8-45e5-ad91-bdd87731a7ba,2026-07-05T12:30:00Z,2026-07-05T14:30:00+0200,879.93951,MW,FR,FR,forecast_onshore_wind_generation,Wind Onshore,2026-07-08T18:59:22Z
2026-07-08T18:58:29Z,2026-07-08T20:58:29+0200,e401fd36-f4a8-45e5-ad91-bdd87731a7ba,2026-07-05T12:45:00Z,2026-07-05T14:45:00+0200,906.3606,MW,FR,FR,forecast_onshore_wind_generation,Wind Onshore,2026-07-08T18:59:22Z
2026-07-08T18:58:29Z,2026-07-08T20:58:29+0200,e401fd36-f4a8-45e5-ad91-bdd87731a7ba,2026-07-05T13:00:00Z,2026-07-05T15:00:00+0200,932.76001,MW,FR,FR,forecast_onshore_wind_generation,Wind Onshore,2026-07-08T18:59:22Z
2026-07-08T18:58:29Z,2026-07-08T20:58:29+0200,e401fd36-f4a8-45e5-ad91-bdd87731a7ba,2026-07-05T13:15:00Z,2026-07-05T15:15:00+0200,953.09949,MW,FR,FR,forecast_onshore_wind_generation,Wind Onshore,2026-07-08T18:59:22Z
2026-07-08T18:58:29Z,2026-07-08T20:58:29+0200,e401fd36-f4a8-45e5-ad91-bdd87731a7ba,2026-07-05T13:30:00Z,2026-07-05T15:30:00+0200,973.20935,MW,FR,FR,forecast_onshore_wind_generation,Wind Onshore,2026-07-08T18:59:22Z
2026-07-08T18:58:29Z,2026-07-08T20:58:29+0200,e401fd36-f4a8-45e5-ad91-bdd87731a7ba,2026-07-05T13:45:00Z,2026-07-05T15:45:00+0200,993.72028,MW,FR,FR,forecast_onshore_wind_generation,Wind Onshore,2026-07-08T18:59:22Z
2026-07-08T18:58:29Z,2026-07-08T20:58:29+0200,e401fd36-f4a8-45e5-ad91-bdd87731a7ba,2026-07-05T14:00:00Z,2026-07-05T16:00:00+0200,1014.17993,MW,FR,FR,forecast_onshore_wind_generation,Wind Onshore,2026-07-08T18:59:22Z
2026-07-08T18:58:29Z,2026-07-08T20:58:29+0200,e401fd36-f4a8-45e5-ad91-bdd87731a7ba,2026-07-05T14:15:00Z,2026-07-05T16:15:00+0200,1027.03003,MW,FR,FR,forecast_onshore_wind_generation,Wind Onshore,2026-07-08T18:59:22Z
2026-07-08T18:58:29Z,2026-07-08T20:58:29+0200,e401fd36-f4a8-45e5-ad91-bdd87731a7ba,2026-07-05T14:30:00Z,2026-07-05T16:30:00+0200,1831.95959,MW,FR,FR,forecast_onshore_wind_generation,Wind Onshore,2026-07-08T18:59:22Z
2026-07-08T18:58:29Z,2026-07-08T20:58:29+0200,e401fd36-f4a8-45e5-ad91-bdd87731a7ba,2026-07-05T14:45:00Z,2026-07-05T16:45:00+0200,1847.0603,MW,FR,FR,forecast_onshore_wind_generation,Wind Onshore,2026-07-08T18:59:22Z
2026-07-08T18:58:29Z,2026-07-08T20:58:29+0200,e401fd36-f4a8-45e5-ad91-bdd87731a7ba,2026-07-05T15:00:00Z,2026-07-05T17:00:00+0200,1862.49988,MW,FR,FR,forecast_onshore_wind_generation,Wind Onshore,2026-07-08T18:59:22Z
2026-07-08T18:58:29Z,2026-07-08T20:58:29+0200,e401fd36-f4a8-45e5-ad91-bdd87731a7ba,2026-07-05T15:15:00Z,2026-07-05T17:15:00+0200,2092.51099,MW,FR,FR,forecast_onshore_wind_generation,Wind Onshore,2026-07-08T18:59:22Z
2026-07-08T18:58:29Z,2026-07-08T20:58:29+0200,e401fd36-f4a8-45e5-ad91-bdd87731a7ba,2026-07-05T15:30:00Z,2026-07-05T17:30:00+0200,2093.06006,MW,FR,FR,forecast_onshore_wind_generation,Wind Onshore,2026-07-08T18:59:22Z
2026-07-08T18:58:29Z,2026-07-08T20:58:29+0200,e401fd36-f4a8-45e5-ad91-bdd87731a7ba,2026-07-05T15:45:00Z,2026-07-05T17:45:00+0200,2093.92969,MW,FR,FR,forecast_onshore_wind_generation,Wind Onshore,2026-07-08T18:59:22Z
2026-07-08T18:58:29Z,2026-07-08T20:58:29+0200,e401fd36-f4a8-45e5-ad91-bdd87731a7ba,2026-07-05T16:00:00Z,2026-07-05T18:00:00+0200,2094.5686,MW,FR,FR,forecast_onshore_wind_generation,Wind Onshore,2026-07-08T18:59:22Z
2026-07-08T18:58:29Z,2026-07-08T20:58:29+0200,e401fd36-f4a8-45e5-ad91-bdd87731a7ba,2026-07-05T16:15:00Z,2026-07-05T18:15:00+0200,3461.8064,MW,FR,FR,forecast_onshore_wind_generation,Wind Onshore,2026-07-08T18:59:22Z
2026-07-08T18:58:29Z,2026-07-08T20:58:29+0200,e401fd36-f4a8-45e5-ad91-bdd87731a7ba,2026-07-05T16:30:00Z,2026-07-05T18:30:00+0200,3430.66016,MW,FR,FR,forecast_onshore_wind_generation,Wind Onshore,2026-07-08T18:59:22Z
2026-07-08T18:58:29Z,2026-07-08T20:58:29+0200,e401fd36-f4a8-45e5-ad91-bdd87731a7ba,2026-07-05T16:45:00Z,2026-07-05T18:45:00+0200,3399.6001,MW,FR,FR,forecast_onshore_wind_generation,Wind Onshore,2026-07-08T18:59:22Z
2026-07-08T18:58:29Z,2026-07-08T20:58:29+0200,e401fd36-f4a8-45e5-ad91-bdd87731a7ba,2026-07-05T17:00:00Z,2026-07-05T19:00:00+0200,3368.54004,MW,FR,FR,forecast_onshore_wind_generation,Wind Onshore,2026-07-08T18:59:22Z
2026-07-08T18:58:29Z,2026-07-08T20:58:29+0200,e401fd36-f4a8-45e5-ad91-bdd87731a7ba,2026-07-05T17:15:00Z,2026-07-05T19:15:00+0200,3303.09985,MW,FR,FR,forecast_onshore_wind_generation,Wind Onshore,2026-07-08T18:59:22Z
2026-07-08T18:58:29Z,2026-07-08T20:58:29+0200,e401fd36-f4a8-45e5-ad91-bdd87731a7ba,2026-07-05T17:30:00Z,2026-07-05T19:30:00+0200,3237.63989,MW,FR,FR,forecast_onshore_wind_generation,Wind Onshore,2026-07-08T18:59:22Z
2026-07-08T18:58:29Z,2026-07-08T20:58:29+0200,e401fd36-f4a8-45e5-ad91-bdd87731a7ba,2026-07-05T17:45:00Z,2026-07-05T19:45:00+0200,3172.33008,MW,FR,FR,forecast_onshore_wind_generation,Wind Onshore,2026-07-08T18:59:22Z
2026-07-08T18:58:29Z,2026-07-08T20:58:29+0200,e401fd36-f4a8-45e5-ad91-bdd87731a7ba,2026-07-05T18:00:00Z,2026-07-05T20:00:00+0200,3107.03003,MW,FR,FR,forecast_onshore_wind_generation,Wind Onshore,2026-07-08T18:59:22Z
2026-07-08T18:58:29Z,2026-07-08T20:58:29+0200,e401fd36-f4a8-45e5-ad91-bdd87731a7ba,2026-07-05T18:15:00Z,2026-07-05T20:15:00+0200,3068.28003,MW,FR,FR,forecast_onshore_wind_generation,Wind Onshore,2026-07-08T18:59:22Z
2026-07-08T18:58:29Z,2026-07-08T20:58:29+0200,e401fd36-f4a8-45e5-ad91-bdd87731a7ba,2026-07-05T18:30:00Z,2026-07-05T20:30:00+0200,3029.53003,MW,FR,FR,forecast_onshore_wind_generation,Wind Onshore,2026-07-08T18:59:22Z
2026-07-08T18:58:29Z,2026-07-08T20:58:29+0200,e401fd36-f4a8-45e5-ad91-bdd87731a7ba,2026-07-05T18:45:00Z,2026-07-05T20:45:00+0200,2990.66016,MW,FR,FR,forecast_onshore_wind_generation,Wind Onshore,2026-07-08T18:59:22Z
2026-07-08T18:58:29Z,2026-07-08T20:58:29+0200,e401fd36-f4a8-45e5-ad91-bdd87731a7ba,2026-07-05T19:00:00Z,2026-07-05T21:00:00+0200,2951.78979,MW,FR,FR,forecast_onshore_wind_generation,Wind Onshore,2026-07-08T18:59:22Z
2026-07-08T18:58:29Z,2026-07-08T20:58:29+0200,e401fd36-f4a8-45e5-ad91-bdd87731a7ba,2026-07-05T19:15:00Z,2026-07-05T21:15:00+0200,3055.53003,MW,FR,FR,forecast_onshore_wind_generation,Wind Onshore,2026-07-08T18:59:22Z
2026-07-08T18:58:29Z,2026-07-08T20:58:29+0200,e401fd36-f4a8-45e5-ad91-bdd87731a7ba,2026-07-05T19:30:00Z,2026-07-05T21:30:00+0200,3159.23999,MW,FR,FR,forecast_onshore_wind_generation,Wind Onshore,2026-07-08T18:59:22Z
2026-07-08T18:58:29Z,2026-07-08T20:58:29+0200,e401fd36-f4a8-45e5-ad91-bdd87731a7ba,2026-07-05T19:45:00Z,2026-07-05T21:45:00+0200,3262.90991,MW,FR,FR,forecast_onshore_wind_generation,Wind Onshore,2026-07-08T18:59:22Z
2026-07-08T18:58:29Z,2026-07-08T20:58:29+0200,e401fd36-f4a8-45e5-ad91-bdd87731a7ba,2026-07-05T20:00:00Z,2026-07-05T22:00:00+0200,3366.58008,MW,FR,FR,forecast_onshore_wind_generation,Wind Onshore,2026-07-08T18:59:22Z
2026-07-08T18:58:29Z,2026-07-08T20:58:29+0200,e401fd36-f4a8-45e5-ad91-bdd87731a7ba,2026-07-05T20:15:00Z,2026-07-05T22:15:00+0200,3415.47998,MW,FR,FR,forecast_onshore_wind_generation,Wind Onshore,2026-07-08T18:59:22Z
2026-07-08T18:58:29Z,2026-07-08T20:58:29+0200,e401fd36-f4a8-45e5-ad91-bdd87731a7ba,2026-07-05T20:30:00Z,2026-07-05T22:30:00+0200,3464.3999,MW,FR,FR,forecast_onshore_wind_generation,Wind Onshore,2026-07-08T18:59:22Z
2026-07-08T18:58:29Z,2026-07-08T20:58:29+0200,e401fd36-f4a8-45e5-ad91-bdd87731a7ba,2026-07-05T20:45:00Z,2026-07-05T22:45:00+0200,3513.11987,MW,FR,FR,forecast_onshore_wind_generation,Wind Onshore,2026-07-08T18:59:22Z
2026-07-08T18:58:29Z,2026-07-08T20:58:29+0200,e401fd36-f4a8-45e5-ad91-bdd87731a7ba,2026-07-05T21:00:00Z,2026-07-05T23:00:00+0200,3562.02979,MW,FR,FR,forecast_onshore_wind_generation,Wind Onshore,2026-07-08T18:59:22Z
2026-07-08T18:58:29Z,2026-07-08T20:58:29+0200,e401fd36-f4a8-45e5-ad91-bdd87731a7ba,2026-07-05T21:15:00Z,2026-07-05T23:15:00+0200,3553.0,MW,FR,FR,forecast_onshore_wind_generation,Wind Onshore,2026-07-08T18:59:22Z
2026-07-08T18:58:29Z,2026-07-08T20:58:29+0200,e401fd36-f4a8-45e5-ad91-bdd87731a7ba,2026-07-05T21:30:00Z,2026-07-05T23:30:00+0200,3544.09009,MW,FR,FR,forecast_onshore_wind_generation,Wind Onshore,2026-07-08T18:59:22Z
2026-07-08T18:58:29Z,2026-07-08T20:58:29+0200,e401fd36-f4a8-45e5-ad91-bdd87731a7ba,2026-07-05T21:45:00Z,2026-07-05T23:45:00+0200,3535.05981,MW,FR,FR,forecast_onshore_wind_generation,Wind Onshore,2026-07-08T18:59:22Z
2026-07-08T18:58:29Z,2026-07-08T20:58:29+0200,e401fd36-f4a8-45e5-ad91-bdd87731a7ba,2026-07-05T22:00:00Z,2026-07-06T00:00:00+0200,3281.36987,MW,FR,FR,forecast_onshore_wind_generation,Wind Onshore,2026-07-08T18:59:22Z
2026-07-08T18:58:29Z,2026-07-08T20:58:29+0200,e401fd36-f4a8-45e5-ad91-bdd87731a7ba,2026-07-05T22:15:00Z,2026-07-06T00:15:00+0200,3240.71997,MW,FR,FR,forecast_onshore_wind_generation,Wind Onshore,2026-07-08T18:59:22Z
2026-07-08T18:58:29Z,2026-07-08T20:58:29+0200,e401fd36-f4a8-45e5-ad91-bdd87731a7ba,2026-07-05T22:30:00Z,2026-07-06T00:30:00+0200,3200.27002,MW,FR,FR,forecast_onshore_wind_generation,Wind Onshore,2026-07-08T18:59:22Z
2026-07-08T18:58:29Z,2026-07-08T20:58:29+0200,e401fd36-f4a8-45e5-ad91-bdd87731a7ba,2026-07-05T22:45:00Z,2026-07-06T00:45:00+0200,3159.2998,MW,FR,FR,forecast_onshore_wind_generation,Wind Onshore,2026-07-08T18:59:22Z
2026-07-08T18:58:29Z,2026-07-08T20:58:29+0200,e401fd36-f4a8-45e5-ad91-bdd87731a7ba,2026-07-05T23:00:00Z,2026-07-06T01:00:00+0200,3118.41016,MW,FR,FR,forecast_onshore_wind_generation,Wind Onshore,2026-07-08T18:59:22Z
2026-07-08T18:58:29Z,2026-07-08T20:58:29+0200,e401fd36-f4a8-45e5-ad91-bdd87731a7ba,2026-07-05T23:15:00Z,2026-07-06T01:15:00+0200,3065.58008,MW,FR,FR,forecast_onshore_wind_generation,Wind Onshore,2026-07-08T18:59:22Z
2026-07-08T18:58:29Z,2026-07-08T20:58:29+0200,e401fd36-f4a8-45e5-ad91-bdd87731a7ba,2026-07-05T23:30:00Z,2026-07-06T01:30:00+0200,3012.82007,MW,FR,FR,forecast_onshore_wind_generation,Wind Onshore,2026-07-08T18:59:22Z
2026-07-08T18:58:29Z,2026-07-08T20:58:29+0200,e401fd36-f4a8-45e5-ad91-bdd87731a7ba,2026-07-05T23:45:00Z,2026-07-06T01:45:00+0200,2960.09009,MW,FR,FR,forecast_onshore_wind_generation,Wind Onshore,2026-07-08T18:59:22Z
2026-07-08T18:58:29Z,2026-07-08T20:58:29+0200,e401fd36-f4a8-45e5-ad91-bdd87731a7ba,2026-07-06T00:00:00Z,2026-07-06T02:00:00+0200,2907.43994,MW,FR,FR,forecast_onshore_wind_generation,Wind Onshore,2026-07-08T18:59:22Z
2026-07-08T18:58:29Z,2026-07-08T20:58:29+0200,e401fd36-f4a8-45e5-ad91-bdd87731a7ba,2026-07-06T00:15:00Z,2026-07-06T02:15:00+0200,2848.78003,MW,FR,FR,forecast_onshore_wind_generation,Wind Onshore,2026-07-08T18:59:22Z
2026-07-08T18:58:29Z,2026-07-08T20:58:29+0200,e401fd36-f4a8-45e5-ad91-bdd87731a7ba,2026-07-06T00:30:00Z,2026-07-06T02:30:00+0200,2790.33008,MW,FR,FR,forecast_onshore_wind_generation,Wind Onshore,2026-07-08T18:59:22Z
2026-07-08T18:58:29Z,2026-07-08T20:58:29+0200,e401fd36-f4a8-45e5-ad91-bdd87731a7ba,2026-07-06T00:45:00Z,2026-07-06T02:45:00+0200,2732.01001,MW,FR,FR,forecast_onshore_wind_generation,Wind Onshore,2026-07-08T18:59:22Z
2026-07-08T18:58:29Z,2026-07-08T20:58:29+0200,e401fd36-f4a8-45e5-ad91-bdd87731a7ba,2026-07-06T01:00:00Z,2026-07-06T03:00:00+0200,2673.94995,MW,FR,FR,forecast_onshore_wind_generation,Wind Onshore,2026-07-08T18:59:22Z
2026-07-08T18:58:29Z,2026-07-08T20:58:29+0200,e401fd36-f4a8-45e5-ad91-bdd87731a7ba,2026-07-06T01:15:00Z,2026-07-06T03:15:00+0200,2627.6499,MW,FR,FR,forecast_onshore_wind_generation,Wind Onshore,2026-07-08T18:59:22Z
2026-07-08T18:58:29Z,2026-07-08T20:58:29+0200,e401fd36-f4a8-45e5-ad91-bdd87731a7ba,2026-07-06T01:30:00Z,2026-07-06T03:30:00+0200,2581.59985,MW,FR,FR,forecast_onshore_wind_generation,Wind Onshore,2026-07-08T18:59:22Z
2026-07-08T18:58:29Z,2026-07-08T20:58:29+0200,e401fd36-f4a8-45e5-ad91-bdd87731a7ba,2026-07-06T01:45:00Z,2026-07-06T03:45:00+0200,2535.76001,MW,FR,FR,forecast_onshore_wind_generation,Wind Onshore,2026-07-08T18:59:22Z
2026-07-08T18:58:29Z,2026-07-08T20:58:29+0200,e401fd36-f4a8-45e5-ad91-bdd87731a7ba,2026-07-06T02:00:00Z,2026-07-06T04:00:00+0200,2490.07983,MW,FR,FR,forecast_onshore_wind_generation,Wind Onshore,2026-07-08T18:59:22Z
2026-07-08T18:58:29Z,2026-07-08T20:58:29+0200,e401fd36-f4a8-45e5-ad91-bdd87731a7ba,2026-07-06T02:15:00Z,2026-07-06T04:15:00+0200,2457.21997,MW,FR,FR,forecast_onshore_wind_generation,Wind Onshore,2026-07-08T18:59:22Z
2026-07-08T18:58:29Z,2026-07-08T20:58:29+0200,e401fd36-f4a8-45e5-ad91-bdd87731a7ba,2026-07-06T02:30:00Z,2026-07-06T04:30:00+0200,2424.43994,MW,FR,FR,forecast_onshore_wind_generation,Wind Onshore,2026-07-08T18:59:22Z
2026-07-08T18:58:29Z,2026-07-08T20:58:29+0200,e401fd36-f4a8-45e5-ad91-bdd87731a7ba,2026-07-06T02:45:00Z,2026-07-06T04:45:00+0200,2391.76001,MW,FR,FR,forecast_onshore_wind_generation,Wind Onshore,2026-07-08T18:59:22Z
2026-07-08T18:58:29Z,2026-07-08T20:58:29+0200,e401fd36-f4a8-45e5-ad91-bdd87731a7ba,2026-07-06T03:00:00Z,2026-07-06T05:00:00+0200,2359.12988,MW,FR,FR,forecast_onshore_wind_generation,Wind Onshore,2026-07-08T18:59:22Z
2026-07-08T18:58:29Z,2026-07-08T20:58:29+0200,e401fd36-f4a8-45e5-ad91-bdd87731a7ba,2026-07-06T03:15:00Z,2026-07-06T05:15:00+0200,2349.09985,MW,FR,FR,forecast_onshore_wind_generation,Wind Onshore,2026-07-08T18:59:22Z
2026-07-08T18:58:29Z,2026-07-08T20:58:29+0200,e401fd36-f4a8-45e5-ad91-bdd87731a7ba,2026-07-06T03:30:00Z,2026-07-06T05:30:00+0200,2339.19995,MW,FR,FR,forecast_onshore_wind_generation,Wind Onshore,2026-07-08T18:59:22Z
2026-07-08T18:58:29Z,2026-07-08T20:58:29+0200,e401fd36-f4a8-45e5-ad91-bdd87731a7ba,2026-07-06T03:45:00Z,2026-07-06T05:45:00+0200,2329.41016,MW,FR,FR,forecast_onshore_wind_generation,Wind Onshore,2026-07-08T18:59:22Z
2026-07-08T18:58:29Z,2026-07-08T20:58:29+0200,e401fd36-f4a8-45e5-ad91-bdd87731a7ba,2026-07-06T04:00:00Z,2026-07-06T06:00:00+0200,2319.72998,MW,FR,FR,forecast_onshore_wind_generation,Wind Onshore,2026-07-08T18:59:22Z
2026-07-08T18:58:29Z,2026-07-08T20:58:29+0200,e401fd36-f4a8-45e5-ad91-bdd87731a7ba,2026-07-06T04:15:00Z,2026-07-06T06:15:00+0200,2289.73999,MW,FR,FR,forecast_onshore_wind_generation,Wind Onshore,2026-07-08T18:59:22Z
2026-07-08T18:58:29Z,2026-07-08T20:58:29+0200,e401fd36-f4a8-45e5-ad91-bdd87731a7ba,2026-07-06T04:30:00Z,2026-07-06T06:30:00+0200,2259.79004,MW,FR,FR,forecast_onshore_wind_generation,Wind Onshore,2026-07-08T18:59:22Z
2026-07-08T18:58:29Z,2026-07-08T20:58:29+0200,e401fd36-f4a8-45e5-ad91-bdd87731a7ba,2026-07-06T04:45:00Z,2026-07-06T06:45:00+0200,2229.5498,MW,FR,FR,forecast_onshore_wind_generation,Wind Onshore,2026-07-08T18:59:22Z
2026-07-08T18:58:29Z,2026-07-08T20:58:29+0200,e401fd36-f4a8-45e5-ad91-bdd87731a7ba,2026-07-06T05:00:00Z,2026-07-06T07:00:00+0200,2199.35986,MW,FR,FR,forecast_onshore_wind_generation,Wind Onshore,2026-07-08T18:59:22Z
2026-07-08T18:58:29Z,2026-07-08T20:58:29+0200,e401fd36-f4a8-45e5-ad91-bdd87731a7ba,2026-07-06T05:15:00Z,2026-07-06T07:15:00+0200,2156.8501,MW,FR,FR,forecast_onshore_wind_generation,Wind Onshore,2026-07-08T18:59:22Z
2026-07-08T18:58:29Z,2026-07-08T20:58:29+0200,e401fd36-f4a8-45e5-ad91-bdd87731a7ba,2026-07-06T05:30:00Z,2026-07-06T07:30:00+0200,2114.49023,MW,FR,FR,forecast_onshore_wind_generation,Wind Onshore,2026-07-08T18:59:22Z
2026-07-08T18:58:29Z,2026-07-08T20:58:29+0200,e401fd36-f4a8-45e5-ad91-bdd87731a7ba,2026-07-06T05:45:00Z,2026-07-06T07:45:00+0200,2072.05005,MW,FR,FR,forecast_onshore_wind_generation,Wind Onshore,2026-07-08T18:59:22Z
2026-07-08T18:58:29Z,2026-07-08T20:58:29+0200,e401fd36-f4a8-45e5-ad91-bdd87731a7ba,2026-07-06T06:00:00Z,2026-07-06T08:00:00+0200,2029.72009,MW,FR,FR,forecast_onshore_wind_generation,Wind Onshore,2026-07-08T18:59:22Z
2026-07-08T18:58:29Z,2026-07-08T20:58:29+0200,e401fd36-f4a8-45e5-ad91-bdd87731a7ba,2026-07-06T06:15:00Z,2026-07-06T08:15:00+0200,1812.60986,MW,FR,FR,forecast_onshore_wind_generation,Wind Onshore,2026-07-08T18:59:22Z
2026-07-08T18:58:29Z,2026-07-08T20:58:29+0200,e401fd36-f4a8-45e5-ad91-bdd87731a7ba,2026-07-06T06:30:00Z,2026-07-06T08:30:00+0200,1595.63,MW,FR,FR,forecast_onshore_wind_generation,Wind Onshore,2026-07-08T18:59:22Z
2026-07-08T18:58:29Z,2026-07-08T20:58:29+0200,e401fd36-f4a8-45e5-ad91-bdd87731a7ba,2026-07-06T06:45:00Z,2026-07-06T08:45:00+0200,1379.02991,MW,FR,FR,forecast_onshore_wind_generation,Wind Onshore,2026-07-08T18:59:22Z
2026-07-08T18:58:29Z,2026-07-08T20:58:29+0200,e401fd36-f4a8-45e5-ad91-bdd87731a7ba,2026-07-06T07:00:00Z,2026-07-06T09:00:00+0200,1163.16992,MW,FR,FR,forecast_onshore_wind_generation,Wind Onshore,2026-07-08T18:59:22Z
2026-07-08T18:58:29Z,2026-07-08T20:58:29+0200,e401fd36-f4a8-45e5-ad91-bdd87731a7ba,2026-07-06T07:15:00Z,2026-07-06T09:15:00+0200,1137.21008,MW,FR,FR,forecast_onshore_wind_generation,Wind Onshore,2026-07-08T18:59:22Z
2026-07-08T18:58:29Z,2026-07-08T20:58:29+0200,e401fd36-f4a8-45e5-ad91-bdd87731a7ba,2026-07-06T07:30:00Z,2026-07-06T09:30:00+0200,1111.52002,MW,FR,FR,forecast_onshore_wind_generation,Wind Onshore,2026-07-08T18:59:22Z
2026-07-08T18:58:29Z,2026-07-08T20:58:29+0200,e401fd36-f4a8-45e5-ad91-bdd87731a7ba,2026-07-06T07:45:00Z,2026-07-06T09:45:00+0200,1086.17993,MW,FR,FR,forecast_onshore_wind_generation,Wind Onshore,2026-07-08T18:59:22Z
2026-07-08T18:58:29Z,2026-07-08T20:58:29+0200,e401fd36-f4a8-45e5-ad91-bdd87731a7ba,2026-07-06T08:00:00Z,2026-07-06T10:00:00+0200,1061.0,MW,FR,FR,forecast_onshore_wind_generation,Wind Onshore,2026-07-08T18:59:22Z
2026-07-08T18:58:29Z,2026-07-08T20:58:29+0200,e401fd36-f4a8-45e5-ad91-bdd87731a7ba,2026-07-06T08:15:00Z,2026-07-06T10:15:00+0200,1095.0,MW,FR,FR,forecast_onshore_wind_generation,Wind Onshore,2026-07-08T18:59:22Z
2026-07-08T18:58:29Z,2026-07-08T20:58:29+0200,e401fd36-f4a8-45e5-ad91-bdd87731a7ba,2026-07-06T08:30:00Z,2026-07-06T10:30:00+0200,1129.03003,MW,FR,FR,forecast_onshore_wind_generation,Wind Onshore,2026-07-08T18:59:22Z
2026-07-08T18:58:29Z,2026-07-08T20:58:29+0200,e401fd36-f4a8-45e5-ad91-bdd87731a7ba,2026-07-06T08:45:00Z,2026-07-06T10:45:00+0200,1163.01001,MW,FR,FR,forecast_onshore_wind_generation,Wind Onshore,2026-07-08T18:59:22Z
2026-07-08T18:58:29Z,2026-07-08T20:58:29+0200,e401fd36-f4a8-45e5-ad91-bdd87731a7ba,2026-07-06T09:00:00Z,2026-07-06T11:00:00+0200,1197.03003,MW,FR,FR,forecast_onshore_wind_generation,Wind Onshore,2026-07-08T18:59:22Z
2026-07-08T18:58:29Z,2026-07-08T20:58:29+0200,e401fd36-f4a8-45e5-ad91-bdd87731a7ba,2026-07-06T09:15:00Z,2026-07-06T11:15:00+0200,1244.93994,MW,FR,FR,forecast_onshore_wind_generation,Wind Onshore,2026-07-08T18:59:22Z
2026-07-08T18:58:29Z,2026-07-08T20:58:29+0200,e401fd36-f4a8-45e5-ad91-bdd87731a7ba,2026-07-06T09:30:00Z,2026-07-06T11:30:00+0200,1292.88,MW,FR,FR,forecast_onshore_wind_generation,Wind Onshore,2026-07-08T18:59:22Z
2026-07-08T18:58:29Z,2026-07-08T20:58:29+0200,e401fd36-f4a8-45e5-ad91-bdd87731a7ba,2026-07-06T09:45:00Z,2026-07-06T11:45:00+0200,1340.80005,MW,FR,FR,forecast_onshore_wind_generation,Wind Onshore,2026-07-08T18:59:22Z
2026-07-08T18:58:29Z,2026-07-08T20:58:29+0200,e401fd36-f4a8-45e5-ad91-bdd87731a7ba,2026-07-06T10:00:00Z,2026-07-06T12:00:00+0200,1388.77002,MW,FR,FR,forecast_onshore_wind_generation,Wind Onshore,2026-07-08T18:59:22Z
2026-07-08T18:58:29Z,2026-07-08T20:58:29+0200,e401fd36-f4a8-45e5-ad91-bdd87731a7ba,2026-07-06T10:15:00Z,2026-07-06T12:15:00+0200,1446.02002,MW,FR,FR,forecast_onshore_wind_generation,Wind Onshore,2026-07-08T18:59:22Z
2026-07-08T18:58:29Z,2026-07-08T20:58:29+0200,e401fd36-f4a8-45e5-ad91-bdd87731a7ba,2026-07-06T10:30:00Z,2026-07-06T12:30:00+0200,1503.28992,MW,FR,FR,forecast_onshore_wind_generation,Wind Onshore,2026-07-08T18:59:22Z
2026-07-08T18:58:29Z,2026-07-08T20:58:29+0200,e401fd36-f4a8-45e5-ad91-bdd87731a7ba,2026-07-06T10:45:00Z,2026-07-06T12:45:00+0200,1560.57007,MW,FR,FR,forecast_onshore_wind_generation,Wind Onshore,2026-07-08T18:59:22Z
2026-07-08T18:58:29Z,2026-07-08T20:58:29+0200,e401fd36-f4a8-45e5-ad91-bdd87731a7ba,2026-07-06T11:00:00Z,2026-07-06T13:00:00+0200,1617.86011,MW,FR,FR,forecast_onshore_wind_generation,Wind Onshore,2026-07-08T18:59:22Z
2026-07-08T18:58:29Z,2026-07-08T20:58:29+0200,e401fd36-f4a8-45e5-ad91-bdd87731a7ba,2026-07-06T11:15:00Z,2026-07-06T13:15:00+0200,1691.40991,MW,FR,FR,forecast_onshore_wind_generation,Wind Onshore,2026-07-08T18:59:22Z
2026-07-08T18:58:29Z,2026-07-08T20:58:29+0200,e401fd36-f4a8-45e5-ad91-bdd87731a7ba,2026-07-06T11:30:00Z,2026-07-06T13:30:00+0200,1765.05005,MW,FR,FR,forecast_onshore_wind_generation,Wind Onshore,2026-07-08T18:59:22Z
2026-07-08T18:58:29Z,2026-07-08T20:58:29+0200,e401fd36-f4a8-45e5-ad91-bdd87731a7ba,2026-07-06T11:45:00Z,2026-07-06T13:45:00+0200,1838.71008,MW,FR,FR,forecast_onshore_wind_generation,Wind Onshore,2026-07-08T18:59:22Z
2026-07-08T18:58:29Z,2026-07-08T20:58:29+0200,e401fd36-f4a8-45e5-ad91-bdd87731a7ba,2026-07-06T12:00:00Z,2026-07-06T14:00:00+0200,1912.37,MW,FR,FR,forecast_onshore_wind_generation,Wind Onshore,2026-07-08T18:59:22Z
2026-07-08T18:58:29Z,2026-07-08T20:58:29+0200,e401fd36-f4a8-45e5-ad91-bdd87731a7ba,2026-07-06T12:15:00Z,2026-07-06T14:15:00+0200,2010.44995,MW,FR,FR,forecast_onshore_wind_generation,Wind Onshore,2026-07-08T18:59:22Z
2026-07-08T18:58:29Z,2026-07-08T20:58:29+0200,e401fd36-f4a8-45e5-ad91-bdd87731a7ba,2026-07-06T12:30:00Z,2026-07-06T14:30:00+0200,2108.53003,MW,FR,FR,forecast_onshore_wind_generation,Wind Onshore,2026-07-08T18:59:22Z
2026-07-08T18:58:29Z,2026-07-08T20:58:29+0200,e401fd36-f4a8-45e5-ad91-bdd87731a7ba,2026-07-06T12:45:00Z,2026-07-06T14:45:00+0200,2206.62988,MW,FR,FR,forecast_onshore_wind_generation,Wind Onshore,2026-07-08T18:59:22Z
2026-07-08T18:58:29Z,2026-07-08T20:58:29+0200,e401fd36-f4a8-45e5-ad91-bdd87731a7ba,2026-07-06T13:00:00Z,2026-07-06T15:00:00+0200,2304.75,MW,FR,FR,forecast_onshore_wind_generation,Wind Onshore,2026-07-08T18:59:22Z
2026-07-08T18:58:29Z,2026-07-08T20:58:29+0200,e401fd36-f4a8-45e5-ad91-bdd87731a7ba,2026-07-06T13:15:00Z,2026-07-06T15:15:00+0200,2397.2002,MW,FR,FR,forecast_onshore_wind_generation,Wind Onshore,2026-07-08T18:59:22Z
2026-07-08T18:58:29Z,2026-07-08T20:58:29+0200,e401fd36-f4a8-45e5-ad91-bdd87731a7ba,2026-07-06T13:30:00Z,2026-07-06T15:30:00+0200,2489.65015,MW,FR,FR,forecast_onshore_wind_generation,Wind Onshore,2026-07-08T18:59:22Z
2026-07-08T18:58:29Z,2026-07-08T20:58:29+0200,e401fd36-f4a8-45e5-ad91-bdd87731a7ba,2026-07-06T13:45:00Z,2026-07-06T15:45:00+0200,2582.19019,MW,FR,FR,forecast_onshore_wind_generation,Wind Onshore,2026-07-08T18:59:22Z
2026-07-08T18:58:29Z,2026-07-08T20:58:29+0200,e401fd36-f4a8-45e5-ad91-bdd87731a7ba,2026-07-06T14:00:00Z,2026-07-06T16:00:00+0200,2674.72998,MW,FR,FR,forecast_onshore_wind_generation,Wind Onshore,2026-07-08T18:59:22Z
2026-07-08T18:58:29Z,2026-07-08T20:58:29+0200,e401fd36-f4a8-45e5-ad91-bdd87731a7ba,2026-07-06T14:15:00Z,2026-07-06T16:15:00+0200,2739.70996,MW,FR,FR,forecast_onshore_wind_generation,Wind Onshore,2026-07-08T18:59:22Z
2026-07-08T18:58:29Z,2026-07-08T20:58:29+0200,e401fd36-f4a8-45e5-ad91-bdd87731a7ba,2026-07-06T14:30:00Z,2026-07-06T16:30:00+0200,2804.69995,MW,FR,FR,forecast_onshore_wind_generation,Wind Onshore,2026-07-08T18:59:22Z
2026-07-08T18:58:29Z,2026-07-08T20:58:29+0200,e401fd36-f4a8-45e5-ad91-bdd87731a7ba,2026-07-06T14:45:00Z,2026-07-06T16:45:00+0200,2869.80005,MW,FR,FR,forecast_onshore_wind_generation,Wind Onshore,2026-07-08T18:59:22Z
2026-07-08T18:58:29Z,2026-07-08T20:58:29+0200,e401fd36-f4a8-45e5-ad91-bdd87731a7ba,2026-07-06T15:00:00Z,2026-07-06T17:00:00+0200,2934.90015,MW,FR,FR,forecast_onshore_wind_generation,Wind Onshore,2026-07-08T18:59:22Z
2026-07-08T18:58:29Z,2026-07-08T20:58:29+0200,e401fd36-f4a8-45e5-ad91-bdd87731a7ba,2026-07-06T15:15:00Z,2026-07-06T17:15:00+0200,2949.0,MW,FR,FR,forecast_onshore_wind_generation,Wind Onshore,2026-07-08T18:59:22Z
2026-07-08T18:58:29Z,2026-07-08T20:58:29+0200,e401fd36-f4a8-45e5-ad91-bdd87731a7ba,2026-07-06T15:30:00Z,2026-07-06T17:30:00+0200,2963.08984,MW,FR,FR,forecast_onshore_wind_generation,Wind Onshore,2026-07-08T18:59:22Z
2026-07-08T18:58:29Z,2026-07-08T20:58:29+0200,e401fd36-f4a8-45e5-ad91-bdd87731a7ba,2026-07-06T15:45:00Z,2026-07-06T17:45:00+0200,2977.23999,MW,FR,FR,forecast_onshore_wind_generation,Wind Onshore,2026-07-08T18:59:22Z
2026-07-08T18:58:29Z,2026-07-08T20:58:29+0200,e401fd36-f4a8-45e5-ad91-bdd87731a7ba,2026-07-06T16:00:00Z,2026-07-06T18:00:00+0200,2991.3999,MW,FR,FR,forecast_onshore_wind_generation,Wind Onshore,2026-07-08T18:59:22Z
2026-07-08T18:58:29Z,2026-07-08T20:58:29+0200,e401fd36-f4a8-45e5-ad91-bdd87731a7ba,2026-07-06T16:15:00Z,2026-07-06T18:15:00+0200,2953.08984,MW,FR,FR,forecast_onshore_wind_generation,Wind Onshore,2026-07-08T18:59:22Z
2026-07-08T18:58:29Z,2026-07-08T20:58:29+0200,e401fd36-f4a8-45e5-ad91-bdd87731a7ba,2026-07-06T16:30:00Z,2026-07-06T18:30:00+0200,2915.11987,MW,FR,FR,forecast_onshore_wind_generation,Wind Onshore,2026-07-08T18:59:22Z
2026-07-08T18:58:29Z,2026-07-08T20:58:29+0200,e401fd36-f4a8-45e5-ad91-bdd87731a7ba,2026-07-06T16:45:00Z,2026-07-06T18:45:00+0200,2877.76001,MW,FR,FR,forecast_onshore_wind_generation,Wind Onshore,2026-07-08T18:59:22Z
2026-07-08T18:58:29Z,2026-07-08T20:58:29+0200,e401fd36-f4a8-45e5-ad91-bdd87731a7ba,2026-07-06T17:00:00Z,2026-07-06T19:00:00+0200,2840.43018,MW,FR,FR,forecast_onshore_wind_generation,Wind Onshore,2026-07-08T18:59:22Z
2026-07-08T18:58:29Z,2026-07-08T20:58:29+0200,e401fd36-f4a8-45e5-ad91-bdd87731a7ba,2026-07-06T17:15:00Z,2026-07-06T19:15:00+0200,2767.01001,MW,FR,FR,forecast_onshore_wind_generation,Wind Onshore,2026-07-08T18:59:22Z
2026-07-08T18:58:29Z,2026-07-08T20:58:29+0200,e401fd36-f4a8-45e5-ad91-bdd87731a7ba,2026-07-06T17:30:00Z,2026-07-06T19:30:00+0200,2693.73999,MW,FR,FR,forecast_onshore_wind_generation,Wind Onshore,2026-07-08T18:59:22Z
2026-07-08T18:58:29Z,2026-07-08T20:58:29+0200,e401fd36-f4a8-45e5-ad91-bdd87731a7ba,2026-07-06T17:45:00Z,2026-07-06T19:45:00+0200,2620.59985,MW,FR,FR,forecast_onshore_wind_generation,Wind Onshore,2026-07-08T18:59:22Z
2026-07-08T18:58:29Z,2026-07-08T20:58:29+0200,e401fd36-f4a8-45e5-ad91-bdd87731a7ba,2026-07-06T18:00:00Z,2026-07-06T20:00:00+0200,2547.42993,MW,FR,FR,forecast_onshore_wind_generation,Wind Onshore,2026-07-08T18:59:22Z
2026-07-08T18:58:29Z,2026-07-08T20:58:29+0200,e401fd36-f4a8-45e5-ad91-bdd87731a7ba,2026-07-06T18:15:00Z,2026-07-06T20:15:00+0200,2606.44019,MW,FR,FR,forecast_onshore_wind_generation,Wind Onshore,2026-07-08T18:59:22Z
2026-07-08T18:58:29Z,2026-07-08T20:58:29+0200,e401fd36-f4a8-45e5-ad91-bdd87731a7ba,2026-07-06T18:30:00Z,2026-07-06T20:30:00+0200,2665.44995,MW,FR,FR,forecast_onshore_wind_generation,Wind Onshore,2026-07-08T18:59:22Z
2026-07-08T18:58:29Z,2026-07-08T20:58:29+0200,e401fd36-f4a8-45e5-ad91-bdd87731a7ba,2026-07-06T18:45:00Z,2026-07-06T20:45:00+0200,2724.31006,MW,FR,FR,forecast_onshore_wind_generation,Wind Onshore,2026-07-08T18:59:22Z
2026-07-08T18:58:29Z,2026-07-08T20:58:29+0200,e401fd36-f4a8-45e5-ad91-bdd87731a7ba,2026-07-06T19:00:00Z,2026-07-06T21:00:00+0200,2783.21997,MW,FR,FR,forecast_onshore_wind_generation,Wind Onshore,2026-07-08T18:59:22Z
2026-07-08T18:58:29Z,2026-07-08T20:58:29+0200,e401fd36-f4a8-45e5-ad91-bdd87731a7ba,2026-07-06T19:15:00Z,2026-07-06T21:15:00+0200,2884.64014,MW,FR,FR,forecast_onshore_wind_generation,Wind Onshore,2026-07-08T18:59:22Z
2026-07-08T18:58:29Z,2026-07-08T20:58:29+0200,e401fd36-f4a8-45e5-ad91-bdd87731a7ba,2026-07-06T19:30:00Z,2026-07-06T21:30:00+0200,2986.1001,MW,FR,FR,forecast_onshore_wind_generation,Wind Onshore,2026-07-08T18:59:22Z
2026-07-08T18:58:29Z,2026-07-08T20:58:29+0200,e401fd36-f4a8-45e5-ad91-bdd87731a7ba,2026-07-06T19:45:00Z,2026-07-06T21:45:00+0200,3087.53003,MW,FR,FR,forecast_onshore_wind_generation,Wind Onshore,2026-07-08T18:59:22Z
2026-07-08T18:58:29Z,2026-07-08T20:58:29+0200,e401fd36-f4a8-45e5-ad91-bdd87731a7ba,2026-07-06T20:00:00Z,2026-07-06T22:00:00+0200,3189.04004,MW,FR,FR,forecast_onshore_wind_generation,Wind Onshore,2026-07-08T18:59:22Z
2026-07-08T18:58:29Z,2026-07-08T20:58:29+0200,e401fd36-f4a8-45e5-ad91-bdd87731a7ba,2026-07-06T20:15:00Z,2026-07-06T22:15:00+0200,3234.28003,MW,FR,FR,forecast_onshore_wind_generation,Wind Onshore,2026-07-08T18:59:22Z
2026-07-08T18:58:29Z,2026-07-08T20:58:29+0200,e401fd36-f4a8-45e5-ad91-bdd87731a7ba,2026-07-06T20:30:00Z,2026-07-06T22:30:00+0200,3279.66016,MW,FR,FR,forecast_onshore_wind_generation,Wind Onshore,2026-07-08T18:59:22Z
2026-07-08T18:58:29Z,2026-07-08T20:58:29+0200,e401fd36-f4a8-45e5-ad91-bdd87731a7ba,2026-07-06T20:45:00Z,2026-07-06T22:45:00+0200,3325.08008,MW,FR,FR,forecast_onshore_wind_generation,Wind Onshore,2026-07-08T18:59:22Z
2026-07-08T18:58:29Z,2026-07-08T20:58:29+0200,e401fd36-f4a8-45e5-ad91-bdd87731a7ba,2026-07-06T21:00:00Z,2026-07-06T23:00:00+0200,3370.95996,MW,FR,FR,forecast_onshore_wind_generation,Wind Onshore,2026-07-08T18:59:22Z
2026-07-08T18:58:29Z,2026-07-08T20:58:29+0200,e401fd36-f4a8-45e5-ad91-bdd87731a7ba,2026-07-06T21:15:00Z,2026-07-06T23:15:00+0200,3382.03979,MW,FR,FR,forecast_onshore_wind_generation,Wind Onshore,2026-07-08T18:59:22Z
2026-07-08T18:58:29Z,2026-07-08T20:58:29+0200,e401fd36-f4a8-45e5-ad91-bdd87731a7ba,2026-07-06T21:30:00Z,2026-07-06T23:30:00+0200,3393.22998,MW,FR,FR,forecast_onshore_wind_generation,Wind Onshore,2026-07-08T18:59:22Z
2026-07-08T18:58:29Z,2026-07-08T20:58:29+0200,e401fd36-f4a8-45e5-ad91-bdd87731a7ba,2026-07-06T21:45:00Z,2026-07-06T23:45:00+0200,3404.3999,MW,FR,FR,forecast_onshore_wind_generation,Wind Onshore,2026-07-08T18:59:22Z
2026-07-08T18:58:29Z,2026-07-08T20:58:29+0200,e401fd36-f4a8-45e5-ad91-bdd87731a7ba,2026-07-06T22:00:00Z,2026-07-07T00:00:00+0200,2775.1499,MW,FR,FR,forecast_onshore_wind_generation,Wind Onshore,2026-07-08T18:59:22Z
2026-07-08T18:58:29Z,2026-07-08T20:58:29+0200,e401fd36-f4a8-45e5-ad91-bdd87731a7ba,2026-07-06T22:15:00Z,2026-07-07T00:15:00+0200,2762.60986,MW,FR,FR,forecast_onshore_wind_generation,Wind Onshore,2026-07-08T18:59:22Z
2026-07-08T18:58:29Z,2026-07-08T20:58:29+0200,e401fd36-f4a8-45e5-ad91-bdd87731a7ba,2026-07-06T22:30:00Z,2026-07-07T00:30:00+0200,2750.22998,MW,FR,FR,forecast_onshore_wind_generation,Wind Onshore,2026-07-08T18:59:22Z
2026-07-08T18:58:29Z,2026-07-08T20:58:29+0200,e401fd36-f4a8-45e5-ad91-bdd87731a7ba,2026-07-06T22:45:00Z,2026-07-07T00:45:00+0200,2738.53003,MW,FR,FR,forecast_onshore_wind_generation,Wind Onshore,2026-07-08T18:59:22Z
2026-07-08T18:58:29Z,2026-07-08T20:58:29+0200,e401fd36-f4a8-45e5-ad91-bdd87731a7ba,2026-07-06T23:00:00Z,2026-07-07T01:00:00+0200,2726.83008,MW,FR,FR,forecast_onshore_wind_generation,Wind Onshore,2026-07-08T18:59:22Z
2026-07-08T18:58:29Z,2026-07-08T20:58:29+0200,e401fd36-f4a8-45e5-ad91-bdd87731a7ba,2026-07-06T23:15:00Z,2026-07-07T01:15:00+0200,2746.86987,MW,FR,FR,forecast_onshore_wind_generation,Wind Onshore,2026-07-08T18:59:22Z
2026-07-08T18:58:29Z,2026-07-08T20:58:29+0200,e401fd36-f4a8-45e5-ad91-bdd87731a7ba,2026-07-06T23:30:00Z,2026-07-07T01:30:00+0200,2767.05005,MW,FR,FR,forecast_onshore_wind_generation,Wind Onshore,2026-07-08T18:59:22Z
2026-07-08T18:58:29Z,2026-07-08T20:58:29+0200,e401fd36-f4a8-45e5-ad91-bdd87731a7ba,2026-07-06T23:45:00Z,2026-07-07T01:45:00+0200,2787.63989,MW,FR,FR,forecast_onshore_wind_generation,Wind Onshore,2026-07-08T18:59:22Z
2026-07-08T18:58:29Z,2026-07-08T20:58:29+0200,e401fd36-f4a8-45e5-ad91-bdd87731a7ba,2026-07-07T00:00:00Z,2026-07-07T02:00:00+0200,2808.41992,MW,FR,FR,forecast_onshore_wind_generation,Wind Onshore,2026-07-08T18:59:22Z
2026-07-08T18:58:29Z,2026-07-08T20:58:29+0200,e401fd36-f4a8-45e5-ad91-bdd87731a7ba,2026-07-07T00:15:00Z,2026-07-07T02:15:00+0200,2830.09985,MW,FR,FR,forecast_onshore_wind_generation,Wind Onshore,2026-07-08T18:59:22Z
2026-07-08T18:58:29Z,2026-07-08T20:58:29+0200,e401fd36-f4a8-45e5-ad91-bdd87731a7ba,2026-07-07T00:30:00Z,2026-07-07T02:30:00+0200,2851.91992,MW,FR,FR,forecast_onshore_wind_generation,Wind Onshore,2026-07-08T18:59:22Z
2026-07-08T18:58:29Z,2026-07-08T20:58:29+0200,e401fd36-f4a8-45e5-ad91-bdd87731a7ba,2026-07-07T00:45:00Z,2026-07-07T02:45:00+0200,2873.71997,MW,FR,FR,forecast_onshore_wind_generation,Wind Onshore,2026-07-08T18:59:22Z
2026-07-08T18:58:29Z,2026-07-08T20:58:29+0200,e401fd36-f4a8-45e5-ad91-bdd87731a7ba,2026-07-07T01:00:00Z,2026-07-07T03:00:00+0200,2895.58008,MW,FR,FR,forecast_onshore_wind_generation,Wind Onshore,2026-07-08T18:59:22Z
2026-07-08T18:58:29Z,2026-07-08T20:58:29+0200,e401fd36-f4a8-45e5-ad91-bdd87731a7ba,2026-07-07T01:15:00Z,2026-07-07T03:15:00+0200,2954.23999,MW,FR,FR,forecast_onshore_wind_generation,Wind Onshore,2026-07-08T18:59:22Z
2026-07-08T18:58:29Z,2026-07-08T20:58:29+0200,e401fd36-f4a8-45e5-ad91-bdd87731a7ba,2026-07-07T01:30:00Z,2026-07-07T03:30:00+0200,3012.90991,MW,FR,FR,forecast_onshore_wind_generation,Wind Onshore,2026-07-08T18:59:22Z
2026-07-08T18:58:29Z,2026-07-08T20:58:29+0200,e401fd36-f4a8-45e5-ad91-bdd87731a7ba,2026-07-07T01:45:00Z,2026-07-07T03:45:00+0200,3071.68994,MW,FR,FR,forecast_onshore_wind_generation,Wind Onshore,2026-07-08T18:59:22Z
2026-07-08T18:58:29Z,2026-07-08T20:58:29+0200,e401fd36-f4a8-45e5-ad91-bdd87731a7ba,2026-07-07T02:00:00Z,2026-07-07T04:00:00+0200,3130.57007,MW,FR,FR,forecast_onshore_wind_generation,Wind Onshore,2026-07-08T18:59:22Z
2026-07-08T18:58:29Z,2026-07-08T20:58:29+0200,e401fd36-f4a8-45e5-ad91-bdd87731a7ba,2026-07-07T02:15:00Z,2026-07-07T04:15:00+0200,3165.16992,MW,FR,FR,forecast_onshore_wind_generation,Wind Onshore,2026-07-08T18:59:22Z
2026-07-08T18:58:29Z,2026-07-08T20:58:29+0200,e401fd36-f4a8-45e5-ad91-bdd87731a7ba,2026-07-07T02:30:00Z,2026-07-07T04:30:00+0200,3199.7998,MW,FR,FR,forecast_onshore_wind_generation,Wind Onshore,2026-07-08T18:59:22Z
2026-07-08T18:58:29Z,2026-07-08T20:58:29+0200,e401fd36-f4a8-45e5-ad91-bdd87731a7ba,2026-07-07T02:45:00Z,2026-07-07T04:45:00+0200,3234.25,MW,FR,FR,forecast_onshore_wind_generation,Wind Onshore,2026-07-08T18:59:22Z
2026-07-08T18:58:29Z,2026-07-08T20:58:29+0200,e401fd36-f4a8-45e5-ad91-bdd87731a7ba,2026-07-07T03:00:00Z,2026-07-07T05:00:00+0200,3268.75,MW,FR,FR,forecast_onshore_wind_generation,Wind Onshore,2026-07-08T18:59:22Z
2026-07-08T18:58:29Z,2026-07-08T20:58:29+0200,e401fd36-f4a8-45e5-ad91-bdd87731a7ba,2026-07-07T03:15:00Z,2026-07-07T05:15:00+0200,3331.93018,MW,FR,FR,forecast_onshore_wind_generation,Wind Onshore,2026-07-08T18:59:22Z
2026-07-08T18:58:29Z,2026-07-08T20:58:29+0200,e401fd36-f4a8-45e5-ad91-bdd87731a7ba,2026-07-07T03:30:00Z,2026-07-07T05:30:00+0200,3395.34985,MW,FR,FR,forecast_onshore_wind_generation,Wind Onshore,2026-07-08T18:59:22Z
2026-07-08T18:58:29Z,2026-07-08T20:58:29+0200,e401fd36-f4a8-45e5-ad91-bdd87731a7ba,2026-07-07T03:45:00Z,2026-07-07T05:45:00+0200,3459.0,MW,FR,FR,forecast_onshore_wind_generation,Wind Onshore,2026-07-08T18:59:22Z
2026-07-08T18:58:29Z,2026-07-08T20:58:29+0200,e401fd36-f4a8-45e5-ad91-bdd87731a7ba,2026-07-07T04:00:00Z,2026-07-07T06:00:00+0200,3522.71997,MW,FR,FR,forecast_onshore_wind_generation,Wind Onshore,2026-07-08T18:59:22Z
2026-07-08T18:58:29Z,2026-07-08T20:58:29+0200,e401fd36-f4a8-45e5-ad91-bdd87731a7ba,2026-07-07T04:15:00Z,2026-07-07T06:15:00+0200,3499.69995,MW,FR,FR,forecast_onshore_wind_generation,Wind Onshore,2026-07-08T18:59:22Z
2026-07-08T18:58:29Z,2026-07-08T20:58:29+0200,e401fd36-f4a8-45e5-ad91-bdd87731a7ba,2026-07-07T04:30:00Z,2026-07-07T06:30:00+0200,3476.7002,MW,FR,FR,forecast_onshore_wind_generation,Wind Onshore,2026-07-08T18:59:22Z
2026-07-08T18:58:29Z,2026-07-08T20:58:29+0200,e401fd36-f4a8-45e5-ad91-bdd87731a7ba,2026-07-07T04:45:00Z,2026-07-07T06:45:00+0200,3454.15015,MW,FR,FR,forecast_onshore_wind_generation,Wind Onshore,2026-07-08T18:59:22Z
2026-07-08T18:58:29Z,2026-07-08T20:58:29+0200,e401fd36-f4a8-45e5-ad91-bdd87731a7ba,2026-07-07T05:00:00Z,2026-07-07T07:00:00+0200,3431.78003,MW,FR,FR,forecast_onshore_wind_generation,Wind Onshore,2026-07-08T18:59:22Z
2026-07-08T18:58:29Z,2026-07-08T20:58:29+0200,e401fd36-f4a8-45e5-ad91-bdd87731a7ba,2026-07-07T05:15:00Z,2026-07-07T07:15:00+0200,3373.06006,MW,FR,FR,forecast_onshore_wind_generation,Wind Onshore,2026-07-08T18:59:22Z
2026-07-08T18:58:29Z,2026-07-08T20:58:29+0200,e401fd36-f4a8-45e5-ad91-bdd87731a7ba,2026-07-07T05:30:00Z,2026-07-07T07:30:00+0200,3314.37012,MW,FR,FR,forecast_onshore_wind_generation,Wind Onshore,2026-07-08T18:59:22Z
2026-07-08T18:58:29Z,2026-07-08T20:58:29+0200,e401fd36-f4a8-45e5-ad91-bdd87731a7ba,2026-07-07T05:45:00Z,2026-07-07T07:45:00+0200,3255.96997,MW,FR,FR,forecast_onshore_wind_generation,Wind Onshore,2026-07-08T18:59:22Z
2026-07-08T18:58:29Z,2026-07-08T20:58:29+0200,e401fd36-f4a8-45e5-ad91-bdd87731a7ba,2026-07-07T06:00:00Z,2026-07-07T08:00:00+0200,3197.68994,MW,FR,FR,forecast_onshore_wind_generation,Wind Onshore,2026-07-08T18:59:22Z
2026-07-08T18:58:29Z,2026-07-08T20:58:29+0200,e401fd36-f4a8-45e5-ad91-bdd87731a7ba,2026-07-07T06:15:00Z,2026-07-07T08:15:00+0200,2958.66016,MW,FR,FR,forecast_onshore_wind_generation,Wind Onshore,2026-07-08T18:59:22Z
2026-07-08T18:58:29Z,2026-07-08T20:58:29+0200,e401fd36-f4a8-45e5-ad91-bdd87731a7ba,2026-07-07T06:30:00Z,2026-07-07T08:30:00+0200,2719.73999,MW,FR,FR,forecast_onshore_wind_generation,Wind Onshore,2026-07-08T18:59:22Z
2026-07-08T18:58:29Z,2026-07-08T20:58:29+0200,e401fd36-f4a8-45e5-ad91-bdd87731a7ba,2026-07-07T06:45:00Z,2026-07-07T08:45:00+0200,2480.89014,MW,FR,FR,forecast_onshore_wind_generation,Wind Onshore,2026-07-08T18:59:22Z
2026-07-08T18:58:29Z,2026-07-08T20:58:29+0200,e401fd36-f4a8-45e5-ad91-bdd87731a7ba,2026-07-07T07:00:00Z,2026-07-07T09:00:00+0200,2242.18994,MW,FR,FR,forecast_onshore_wind_generation,Wind Onshore,2026-07-08T18:59:22Z
2026-07-08T18:58:29Z,2026-07-08T20:58:29+0200,e401fd36-f4a8-45e5-ad91-bdd87731a7ba,2026-07-07T07:15:00Z,2026-07-07T09:15:00+0200,2029.24011,MW,FR,FR,forecast_onshore_wind_generation,Wind Onshore,2026-07-08T18:59:22Z
2026-07-08T18:58:29Z,2026-07-08T20:58:29+0200,e401fd36-f4a8-45e5-ad91-bdd87731a7ba,2026-07-07T07:30:00Z,2026-07-07T09:30:00+0200,1816.79993,MW,FR,FR,forecast_onshore_wind_generation,Wind Onshore,2026-07-08T18:59:22Z
2026-07-08T18:58:29Z,2026-07-08T20:58:29+0200,e401fd36-f4a8-45e5-ad91-bdd87731a7ba,2026-07-07T07:45:00Z,2026-07-07T09:45:00+0200,1604.62,MW,FR,FR,forecast_onshore_wind_generation,Wind Onshore,2026-07-08T18:59:22Z
2026-07-08T18:58:29Z,2026-07-08T20:58:29+0200,e401fd36-f4a8-45e5-ad91-bdd87731a7ba,2026-07-07T08:00:00Z,2026-07-07T10:00:00+0200,1392.46997,MW,FR,FR,forecast_onshore_wind_generation,Wind Onshore,2026-07-08T18:59:22Z
2026-07-08T18:58:29Z,2026-07-08T20:58:29+0200,e401fd36-f4a8-45e5-ad91-bdd87731a7ba,2026-07-07T08:15:00Z,2026-07-07T10:15:00+0200,1458.16003,MW,FR,FR,forecast_onshore_wind_generation,Wind Onshore,2026-07-08T18:59:22Z
2026-07-08T18:58:29Z,2026-07-08T20:58:29+0200,e401fd36-f4a8-45e5-ad91-bdd87731a7ba,2026-07-07T08:30:00Z,2026-07-07T10:30:00+0200,1523.85999,MW,FR,FR,forecast_onshore_wind_generation,Wind Onshore,2026-07-08T18:59:22Z
2026-07-08T18:58:29Z,2026-07-08T20:58:29+0200,e401fd36-f4a8-45e5-ad91-bdd87731a7ba,2026-07-07T08:45:00Z,2026-07-07T10:45:00+0200,1589.75,MW,FR,FR,forecast_onshore_wind_generation,Wind Onshore,2026-07-08T18:59:22Z
2026-07-08T18:58:29Z,2026-07-08T20:58:29+0200,e401fd36-f4a8-45e5-ad91-bdd87731a7ba,2026-07-07T09:00:00Z,2026-07-07T11:00:00+0200,1655.66992,MW,FR,FR,forecast_onshore_wind_generation,Wind Onshore,2026-07-08T18:59:22Z
2026-07-08T18:58:29Z,2026-07-08T20:58:29+0200,e401fd36-f4a8-45e5-ad91-bdd87731a7ba,2026-07-07T09:15:00Z,2026-07-07T11:15:00+0200,1832.84009,MW,FR,FR,forecast_onshore_wind_generation,Wind Onshore,2026-07-08T18:59:22Z
2026-07-08T18:58:29Z,2026-07-08T20:58:29+0200,e401fd36-f4a8-45e5-ad91-bdd87731a7ba,2026-07-07T09:30:00Z,2026-07-07T11:30:00+0200,2010.24414,MW,FR,FR,forecast_onshore_wind_generation,Wind Onshore,2026-07-08T18:59:22Z
2026-07-08T18:58:29Z,2026-07-08T20:58:29+0200,e401fd36-f4a8-45e5-ad91-bdd87731a7ba,2026-07-07T09:45:00Z,2026-07-07T11:45:00+0200,1286.13135,MW,FR,FR,forecast_onshore_wind_generation,Wind Onshore,2026-07-08T18:59:22Z
2026-07-08T18:58:29Z,2026-07-08T20:58:29+0200,e401fd36-f4a8-45e5-ad91-bdd87731a7ba,2026-07-07T10:00:00Z,2026-07-07T12:00:00+0200,1388.45142,MW,FR,FR,forecast_onshore_wind_generation,Wind Onshore,2026-07-08T18:59:22Z
2026-07-08T18:58:29Z,2026-07-08T20:58:29+0200,e401fd36-f4a8-45e5-ad91-bdd87731a7ba,2026-07-07T10:15:00Z,2026-07-07T12:15:00+0200,2572.39331,MW,FR,FR,forecast_onshore_wind_generation,Wind Onshore,2026-07-08T18:59:22Z
2026-07-08T18:58:29Z,2026-07-08T20:58:29+0200,e401fd36-f4a8-45e5-ad91-bdd87731a7ba,2026-07-07T10:30:00Z,2026-07-07T12:30:00+0200,2780.12988,MW,FR,FR,forecast_onshore_wind_generation,Wind Onshore,2026-07-08T18:59:22Z
2026-07-08T18:58:29Z,2026-07-08T20:58:29+0200,e401fd36-f4a8-45e5-ad91-bdd87731a7ba,2026-07-07T10:45:00Z,2026-07-07T12:45:00+0200,2987.46997,MW,FR,FR,forecast_onshore_wind_generation,Wind Onshore,2026-07-08T18:59:22Z
2026-07-08T18:58:29Z,2026-07-08T20:58:29+0200,e401fd36-f4a8-45e5-ad91-bdd87731a7ba,2026-07-07T11:00:00Z,2026-07-07T13:00:00+0200,3194.78564,MW,FR,FR,forecast_onshore_wind_generation,Wind Onshore,2026-07-08T18:59:22Z
2026-07-08T18:58:29Z,2026-07-08T20:58:29+0200,e401fd36-f4a8-45e5-ad91-bdd87731a7ba,2026-07-07T11:15:00Z,2026-07-07T13:15:00+0200,1974.11157,MW,FR,FR,forecast_onshore_wind_generation,Wind Onshore,2026-07-08T18:59:22Z
2026-07-08T18:58:29Z,2026-07-08T20:58:29+0200,e401fd36-f4a8-45e5-ad91-bdd87731a7ba,2026-07-07T11:30:00Z,2026-07-07T13:30:00+0200,2092.90063,MW,FR,FR,forecast_onshore_wind_generation,Wind Onshore,2026-07-08T18:59:22Z
2026-07-08T18:58:29Z,2026-07-08T20:58:29+0200,e401fd36-f4a8-45e5-ad91-bdd87731a7ba,2026-07-07T11:45:00Z,2026-07-07T13:45:00+0200,2211.90381,MW,FR,FR,forecast_onshore_wind_generation,Wind Onshore,2026-07-08T18:59:22Z
2026-07-08T18:58:29Z,2026-07-08T20:58:29+0200,e401fd36-f4a8-45e5-ad91-bdd87731a7ba,2026-07-07T12:00:00Z,2026-07-07T14:00:00+0200,2330.74902,MW,FR,FR,forecast_onshore_wind_generation,Wind Onshore,2026-07-08T18:59:22Z
2026-07-08T18:58:29Z,2026-07-08T20:58:29+0200,e401fd36-f4a8-45e5-ad91-bdd87731a7ba,2026-07-07T12:15:00Z,2026-07-07T14:15:00+0200,4144.74512,MW,FR,FR,forecast_onshore_wind_generation,Wind Onshore,2026-07-08T18:59:22Z
2026-07-08T18:58:29Z,2026-07-08T20:58:29+0200,e401fd36-f4a8-45e5-ad91-bdd87731a7ba,2026-07-07T12:30:00Z,2026-07-07T14:30:00+0200,4269.66016,MW,FR,FR,forecast_onshore_wind_generation,Wind Onshore,2026-07-08T18:59:22Z
2026-07-08T18:58:29Z,2026-07-08T20:58:29+0200,e401fd36-f4a8-45e5-ad91-bdd87731a7ba,2026-07-07T12:45:00Z,2026-07-07T14:45:00+0200,4394.37305,MW,FR,FR,forecast_onshore_wind_generation,Wind Onshore,2026-07-08T18:59:22Z
2026-07-08T18:58:29Z,2026-07-08T20:58:29+0200,e401fd36-f4a8-45e5-ad91-bdd87731a7ba,2026-07-07T13:00:00Z,2026-07-07T15:00:00+0200,2625.13965,MW,FR,FR,forecast_onshore_wind_generation,Wind Onshore,2026-07-08T18:59:22Z
2026-07-08T18:58:29Z,2026-07-08T20:58:29+0200,e401fd36-f4a8-45e5-ad91-bdd87731a7ba,2026-07-07T13:15:00Z,2026-07-07T15:15:00+0200,2640.90039,MW,FR,FR,forecast_onshore_wind_generation,Wind Onshore,2026-07-08T18:59:22Z
2026-07-08T18:58:29Z,2026-07-08T20:58:29+0200,e401fd36-f4a8-45e5-ad91-bdd87731a7ba,2026-07-07T13:30:00Z,2026-07-07T15:30:00+0200,2656.69019,MW,FR,FR,forecast_onshore_wind_generation,Wind Onshore,2026-07-08T18:59:22Z
2026-07-08T18:58:29Z,2026-07-08T20:58:29+0200,e401fd36-f4a8-45e5-ad91-bdd87731a7ba,2026-07-07T13:45:00Z,2026-07-07T15:45:00+0200,4574.08691,MW,FR,FR,forecast_onshore_wind_generation,Wind Onshore,2026-07-08T18:59:22Z
2026-07-08T18:58:29Z,2026-07-08T20:58:29+0200,e401fd36-f4a8-45e5-ad91-bdd87731a7ba,2026-07-07T14:00:00Z,2026-07-07T16:00:00+0200,2688.27222,MW,FR,FR,forecast_onshore_wind_generation,Wind Onshore,2026-07-08T18:59:22Z
2026-07-08T18:58:29Z,2026-07-08T20:58:29+0200,e401fd36-f4a8-45e5-ad91-bdd87731a7ba,2026-07-07T14:15:00Z,2026-07-07T16:15:00+0200,2672.69971,MW,FR,FR,forecast_onshore_wind_generation,Wind Onshore,2026-07-08T18:59:22Z
2026-07-08T18:58:29Z,2026-07-08T20:58:29+0200,e401fd36-f4a8-45e5-ad91-bdd87731a7ba,2026-07-07T14:30:00Z,2026-07-07T16:30:00+0200,2656.69824,MW,FR,FR,forecast_onshore_wind_generation,Wind Onshore,2026-07-08T18:59:22Z
2026-07-08T18:58:29Z,2026-07-08T20:58:29+0200,e401fd36-f4a8-45e5-ad91-bdd87731a7ba,2026-07-07T14:45:00Z,2026-07-07T16:45:00+0200,2641.24902,MW,FR,FR,forecast_onshore_wind_generation,Wind Onshore,2026-07-08T18:59:22Z
2026-07-08T18:58:29Z,2026-07-08T20:58:29+0200,e401fd36-f4a8-45e5-ad91-bdd87731a7ba,2026-07-07T15:00:00Z,2026-07-07T17:00:00+0200,2625.9314,MW,FR,FR,forecast_onshore_wind_generation,Wind Onshore,2026-07-08T18:59:22Z
2026-07-08T18:58:29Z,2026-07-08T20:58:29+0200,e401fd36-f4a8-45e5-ad91-bdd87731a7ba,2026-07-07T15:15:00Z,2026-07-07T17:15:00+0200,2593.87988,MW,FR,FR,forecast_onshore_wind_generation,Wind Onshore,2026-07-08T18:59:22Z
2026-07-08T18:58:29Z,2026-07-08T20:58:29+0200,e401fd36-f4a8-45e5-ad91-bdd87731a7ba,2026-07-07T15:30:00Z,2026-07-07T17:30:00+0200,2562.1499,MW,FR,FR,forecast_onshore_wind_generation,Wind Onshore,2026-07-08T18:59:22Z
2026-07-08T18:58:29Z,2026-07-08T20:58:29+0200,e401fd36-f4a8-45e5-ad91-bdd87731a7ba,2026-07-07T15:45:00Z,2026-07-07T17:45:00+0200,4343.12891,MW,FR,FR,forecast_onshore_wind_generation,Wind Onshore,2026-07-08T18:59:22Z
2026-07-08T18:58:29Z,2026-07-08T20:58:29+0200,e401fd36-f4a8-45e5-ad91-bdd87731a7ba,2026-07-07T16:00:00Z,2026-07-07T18:00:00+0200,4290.9502,MW,FR,FR,forecast_onshore_wind_generation,Wind Onshore,2026-07-08T18:59:22Z
2026-07-08T18:58:29Z,2026-07-08T20:58:29+0200,e401fd36-f4a8-45e5-ad91-bdd87731a7ba,2026-07-07T16:15:00Z,2026-07-07T18:15:00+0200,4206.17969,MW,FR,FR,forecast_onshore_wind_generation,Wind Onshore,2026-07-08T18:59:22Z
2026-07-08T18:58:29Z,2026-07-08T20:58:29+0200,e401fd36-f4a8-45e5-ad91-bdd87731a7ba,2026-07-07T16:30:00Z,2026-07-07T18:30:00+0200,4121.43018,MW,FR,FR,forecast_onshore_wind_generation,Wind Onshore,2026-07-08T18:59:22Z
2026-07-08T18:58:29Z,2026-07-08T20:58:29+0200,e401fd36-f4a8-45e5-ad91-bdd87731a7ba,2026-07-07T16:45:00Z,2026-07-07T18:45:00+0200,4036.52026,MW,FR,FR,forecast_onshore_wind_generation,Wind Onshore,2026-07-08T18:59:22Z
2026-07-08T18:58:29Z,2026-07-08T20:58:29+0200,e401fd36-f4a8-45e5-ad91-bdd87731a7ba,2026-07-07T17:00:00Z,2026-07-07T19:00:00+0200,3951.63013,MW,FR,FR,forecast_onshore_wind_generation,Wind Onshore,2026-07-08T18:59:22Z
2026-07-08T18:58:29Z,2026-07-08T20:58:29+0200,e401fd36-f4a8-45e5-ad91-bdd87731a7ba,2026-07-07T17:15:00Z,2026-07-07T19:15:00+0200,3833.3501,MW,FR,FR,forecast_onshore_wind_generation,Wind Onshore,2026-07-08T18:59:22Z
2026-07-08T18:58:29Z,2026-07-08T20:58:29+0200,e401fd36-f4a8-45e5-ad91-bdd87731a7ba,2026-07-07T17:30:00Z,2026-07-07T19:30:00+0200,3715.05005,MW,FR,FR,forecast_onshore_wind_generation,Wind Onshore,2026-07-08T18:59:22Z
2026-07-08T18:58:29Z,2026-07-08T20:58:29+0200,e401fd36-f4a8-45e5-ad91-bdd87731a7ba,2026-07-07T17:45:00Z,2026-07-07T19:45:00+0200,3596.68994,MW,FR,FR,forecast_onshore_wind_generation,Wind Onshore,2026-07-08T18:59:22Z
2026-07-08T18:58:29Z,2026-07-08T20:58:29+0200,e401fd36-f4a8-45e5-ad91-bdd87731a7ba,2026-07-07T18:00:00Z,2026-07-07T20:00:00+0200,3478.37012,MW,FR,FR,forecast_onshore_wind_generation,Wind Onshore,2026-07-08T18:59:22Z
2026-07-08T18:58:29Z,2026-07-08T20:58:29+0200,e401fd36-f4a8-45e5-ad91-bdd87731a7ba,2026-07-07T18:15:00Z,2026-07-07T20:15:00+0200,3509.81982,MW,FR,FR,forecast_onshore_wind_generation,Wind Onshore,2026-07-08T18:59:22Z
2026-07-08T18:58:29Z,2026-07-08T20:58:29+0200,e401fd36-f4a8-45e5-ad91-bdd87731a7ba,2026-07-07T18:30:00Z,2026-07-07T20:30:00+0200,3541.27002,MW,FR,FR,forecast_onshore_wind_generation,Wind Onshore,2026-07-08T18:59:22Z
2026-07-08T18:58:29Z,2026-07-08T20:58:29+0200,e401fd36-f4a8-45e5-ad91-bdd87731a7ba,2026-07-07T18:45:00Z,2026-07-07T20:45:00+0200,3572.67993,MW,FR,FR,forecast_onshore_wind_generation,Wind Onshore,2026-07-08T18:59:22Z
2026-07-08T18:58:29Z,2026-07-08T20:58:29+0200,e401fd36-f4a8-45e5-ad91-bdd87731a7ba,2026-07-07T19:00:00Z,2026-07-07T21:00:00+0200,3604.10986,MW,FR,FR,forecast_onshore_wind_generation,Wind Onshore,2026-07-08T18:59:22Z
2026-07-08T18:58:29Z,2026-07-08T20:58:29+0200,e401fd36-f4a8-45e5-ad91-bdd87731a7ba,2026-07-07T19:15:00Z,2026-07-07T21:15:00+0200,3676.06006,MW,FR,FR,forecast_onshore_wind_generation,Wind Onshore,2026-07-08T18:59:22Z
2026-07-08T18:58:29Z,2026-07-08T20:58:29+0200,e401fd36-f4a8-45e5-ad91-bdd87731a7ba,2026-07-07T19:30:00Z,2026-07-07T21:30:00+0200,3748.01001,MW,FR,FR,forecast_onshore_wind_generation,Wind Onshore,2026-07-08T18:59:22Z
2026-07-08T18:58:29Z,2026-07-08T20:58:29+0200,e401fd36-f4a8-45e5-ad91-bdd87731a7ba,2026-07-07T19:45:00Z,2026-07-07T21:45:00+0200,3820.11987,MW,FR,FR,forecast_onshore_wind_generation,Wind Onshore,2026-07-08T18:59:22Z
2026-07-08T18:58:29Z,2026-07-08T20:58:29+0200,e401fd36-f4a8-45e5-ad91-bdd87731a7ba,2026-07-07T20:00:00Z,2026-07-07T22:00:00+0200,3892.27002,MW,FR,FR,forecast_onshore_wind_generation,Wind Onshore,2026-07-08T18:59:22Z
2026-07-08T18:58:29Z,2026-07-08T20:58:29+0200,e401fd36-f4a8-45e5-ad91-bdd87731a7ba,2026-07-07T20:15:00Z,2026-07-07T22:15:00+0200,3879.15015,MW,FR,FR,forecast_onshore_wind_generation,Wind Onshore,2026-07-08T18:59:22Z
2026-07-08T18:58:29Z,2026-07-08T20:58:29+0200,e401fd36-f4a8-45e5-ad91-bdd87731a7ba,2026-07-07T20:30:00Z,2026-07-07T22:30:00+0200,3866.02979,MW,FR,FR,forecast_onshore_wind_generation,Wind Onshore,2026-07-08T18:59:22Z
2026-07-08T18:58:29Z,2026-07-08T20:58:29+0200,e401fd36-f4a8-45e5-ad91-bdd87731a7ba,2026-07-07T20:45:00Z,2026-07-07T22:45:00+0200,3853.17993,MW,FR,FR,forecast_onshore_wind_generation,Wind Onshore,2026-07-08T18:59:22Z
2026-07-08T18:58:29Z,2026-07-08T20:58:29+0200,e401fd36-f4a8-45e5-ad91-bdd87731a7ba,2026-07-07T21:00:00Z,2026-07-07T23:00:00+0200,3840.36011,MW,FR,FR,forecast_onshore_wind_generation,Wind Onshore,2026-07-08T18:59:22Z
2026-07-08T18:58:29Z,2026-07-08T20:58:29+0200,e401fd36-f4a8-45e5-ad91-bdd87731a7ba,2026-07-07T21:15:00Z,2026-07-07T23:15:00+0200,3757.48975,MW,FR,FR,forecast_onshore_wind_generation,Wind Onshore,2026-07-08T18:59:22Z
2026-07-08T18:58:29Z,2026-07-08T20:58:29+0200,e401fd36-f4a8-45e5-ad91-bdd87731a7ba,2026-07-07T21:30:00Z,2026-07-07T23:30:00+0200,3674.6499,MW,FR,FR,forecast_onshore_wind_generation,Wind Onshore,2026-07-08T18:59:22Z
2026-07-08T18:58:29Z,2026-07-08T20:58:29+0200,e401fd36-f4a8-45e5-ad91-bdd87731a7ba,2026-07-07T21:45:00Z,2026-07-07T23:45:00+0200,3591.86011,MW,FR,FR,forecast_onshore_wind_generation,Wind Onshore,2026-07-08T18:59:22Z
2026-07-08T18:58:29Z,2026-07-08T20:58:29+0200,e401fd36-f4a8-45e5-ad91-bdd87731a7ba,2026-07-07T22:00:00Z,2026-07-08T00:00:00+0200,3595.61011,MW,FR,FR,forecast_onshore_wind_generation,Wind Onshore,2026-07-08T18:59:22Z
2026-07-08T18:58:29Z,2026-07-08T20:58:29+0200,e401fd36-f4a8-45e5-ad91-bdd87731a7ba,2026-07-07T22:15:00Z,2026-07-08T00:15:00+0200,3508.6499,MW,FR,FR,forecast_onshore_wind_generation,Wind Onshore,2026-07-08T18:59:22Z
2026-07-08T18:58:29Z,2026-07-08T20:58:29+0200,e401fd36-f4a8-45e5-ad91-bdd87731a7ba,2026-07-07T22:30:00Z,2026-07-08T00:30:00+0200,3421.77002,MW,FR,FR,forecast_onshore_wind_generation,Wind Onshore,2026-07-08T18:59:22Z
2026-07-08T18:58:29Z,2026-07-08T20:58:29+0200,e401fd36-f4a8-45e5-ad91-bdd87731a7ba,2026-07-07T22:45:00Z,2026-07-08T00:45:00+0200,3334.92993,MW,FR,FR,forecast_onshore_wind_generation,Wind Onshore,2026-07-08T18:59:22Z
2026-07-08T18:58:29Z,2026-07-08T20:58:29+0200,e401fd36-f4a8-45e5-ad91-bdd87731a7ba,2026-07-07T23:00:00Z,2026-07-08T01:00:00+0200,3248.08984,MW,FR,FR,forecast_onshore_wind_generation,Wind Onshore,2026-07-08T18:59:22Z
2026-07-08T18:58:29Z,2026-07-08T20:58:29+0200,e401fd36-f4a8-45e5-ad91-bdd87731a7ba,2026-07-07T23:15:00Z,2026-07-08T01:15:00+0200,3151.62012,MW,FR,FR,forecast_onshore_wind_generation,Wind Onshore,2026-07-08T18:59:22Z
2026-07-08T18:58:29Z,2026-07-08T20:58:29+0200,e401fd36-f4a8-45e5-ad91-bdd87731a7ba,2026-07-07T23:30:00Z,2026-07-08T01:30:00+0200,3055.37012,MW,FR,FR,forecast_onshore_wind_generation,Wind Onshore,2026-07-08T18:59:22Z
2026-07-08T18:58:29Z,2026-07-08T20:58:29+0200,e401fd36-f4a8-45e5-ad91-bdd87731a7ba,2026-07-07T23:45:00Z,2026-07-08T01:45:00+0200,2959.29004,MW,FR,FR,forecast_onshore_wind_generation,Wind Onshore,2026-07-08T18:59:22Z
2026-07-08T18:58:29Z,2026-07-08T20:58:29+0200,e401fd36-f4a8-45e5-ad91-bdd87731a7ba,2026-07-08T00:00:00Z,2026-07-08T02:00:00+0200,2863.43994,MW,FR,FR,forecast_onshore_wind_generation,Wind Onshore,2026-07-08T18:59:22Z
2026-07-08T18:58:29Z,2026-07-08T20:58:29+0200,e401fd36-f4a8-45e5-ad91-bdd87731a7ba,2026-07-08T00:15:00Z,2026-07-08T02:15:00+0200,2796.37012,MW,FR,FR,forecast_onshore_wind_generation,Wind Onshore,2026-07-08T18:59:22Z
2026-07-08T18:58:29Z,2026-07-08T20:58:29+0200,e401fd36-f4a8-45e5-ad91-bdd87731a7ba,2026-07-08T00:30:00Z,2026-07-08T02:30:00+0200,2729.43994,MW,FR,FR,forecast_onshore_wind_generation,Wind Onshore,2026-07-08T18:59:22Z
2026-07-08T18:58:29Z,2026-07-08T20:58:29+0200,e401fd36-f4a8-45e5-ad91-bdd87731a7ba,2026-07-08T00:45:00Z,2026-07-08T02:45:00+0200,2662.68994,MW,FR,FR,forecast_onshore_wind_generation,Wind Onshore,2026-07-08T18:59:22Z
2026-07-08T18:58:29Z,2026-07-08T20:58:29+0200,e401fd36-f4a8-45e5-ad91-bdd87731a7ba,2026-07-08T01:00:00Z,2026-07-08T03:00:00+0200,2596.1499,MW,FR,FR,forecast_onshore_wind_generation,Wind Onshore,2026-07-08T18:59:22Z
2026-07-08T18:58:29Z,2026-07-08T20:58:29+0200,e401fd36-f4a8-45e5-ad91-bdd87731a7ba,2026-07-08T01:15:00Z,2026-07-08T03:15:00+0200,2543.42993,MW,FR,FR,forecast_onshore_wind_generation,Wind Onshore,2026-07-08T18:59:22Z
2026-07-08T18:58:29Z,2026-07-08T20:58:29+0200,e401fd36-f4a8-45e5-ad91-bdd87731a7ba,2026-07-08T01:30:00Z,2026-07-08T03:30:00+0200,2490.7998,MW,FR,FR,forecast_onshore_wind_generation,Wind Onshore,2026-07-08T18:59:22Z
2026-07-08T18:58:29Z,2026-07-08T20:58:29+0200,e401fd36-f4a8-45e5-ad91-bdd87731a7ba,2026-07-08T01:45:00Z,2026-07-08T03:45:00+0200,2438.26025,MW,FR,FR,forecast_onshore_wind_generation,Wind Onshore,2026-07-08T18:59:22Z
2026-07-08T18:58:29Z,2026-07-08T20:58:29+0200,e401fd36-f4a8-45e5-ad91-bdd87731a7ba,2026-07-08T02:00:00Z,2026-07-08T04:00:00+0200,2385.87012,MW,FR,FR,forecast_onshore_wind_generation,Wind Onshore,2026-07-08T18:59:22Z
2026-07-08T18:58:29Z,2026-07-08T20:58:29+0200,e401fd36-f4a8-45e5-ad91-bdd87731a7ba,2026-07-08T02:15:00Z,2026-07-08T04:15:00+0200,2329.21997,MW,FR,FR,forecast_onshore_wind_generation,Wind Onshore,2026-07-08T18:59:22Z
2026-07-08T18:58:29Z,2026-07-08T20:58:29+0200,e401fd36-f4a8-45e5-ad91-bdd87731a7ba,2026-07-08T02:30:00Z,2026-07-08T04:30:00+0200,2272.68994,MW,FR,FR,forecast_onshore_wind_generation,Wind Onshore,2026-07-08T18:59:22Z
2026-07-08T18:58:29Z,2026-07-08T20:58:29+0200,e401fd36-f4a8-45e5-ad91-bdd87731a7ba,2026-07-08T02:45:00Z,2026-07-08T04:45:00+0200,2216.24023,MW,FR,FR,forecast_onshore_wind_generation,Wind Onshore,2026-07-08T18:59:22Z
2026-07-08T18:58:29Z,2026-07-08T20:58:29+0200,e401fd36-f4a8-45e5-ad91-bdd87731a7ba,2026-07-08T03:00:00Z,2026-07-08T05:00:00+0200,2160.17993,MW,FR,FR,forecast_onshore_wind_generation,Wind Onshore,2026-07-08T18:59:22Z
2026-07-08T18:58:29Z,2026-07-08T20:58:29+0200,e401fd36-f4a8-45e5-ad91-bdd87731a7ba,2026-07-08T03:15:00Z,2026-07-08T05:15:00+0200,2116.08984,MW,FR,FR,forecast_onshore_wind_generation,Wind Onshore,2026-07-08T18:59:22Z
2026-07-08T18:58:29Z,2026-07-08T20:58:29+0200,e401fd36-f4a8-45e5-ad91-bdd87731a7ba,2026-07-08T03:30:00Z,2026-07-08T05:30:00+0200,2072.12012,MW,FR,FR,forecast_onshore_wind_generation,Wind Onshore,2026-07-08T18:59:22Z
2026-07-08T18:58:29Z,2026-07-08T20:58:29+0200,e401fd36-f4a8-45e5-ad91-bdd87731a7ba,2026-07-08T03:45:00Z,2026-07-08T05:45:00+0200,2028.26013,MW,FR,FR,forecast_onshore_wind_generation,Wind Onshore,2026-07-08T18:59:22Z
2026-07-08T18:58:29Z,2026-07-08T20:58:29+0200,e401fd36-f4a8-45e5-ad91-bdd87731a7ba,2026-07-08T04:00:00Z,2026-07-08T06:00:00+0200,1984.56006,MW,FR,FR,forecast_onshore_wind_generation,Wind Onshore,2026-07-08T18:59:22Z
2026-07-08T18:58:29Z,2026-07-08T20:58:29+0200,e401fd36-f4a8-45e5-ad91-bdd87731a7ba,2026-07-08T04:15:00Z,2026-07-08T06:15:00+0200,1915.78992,MW,FR,FR,forecast_onshore_wind_generation,Wind Onshore,2026-07-08T18:59:22Z
2026-07-08T18:58:29Z,2026-07-08T20:58:29+0200,e401fd36-f4a8-45e5-ad91-bdd87731a7ba,2026-07-08T04:30:00Z,2026-07-08T06:30:00+0200,1847.05994,MW,FR,FR,forecast_onshore_wind_generation,Wind Onshore,2026-07-08T18:59:22Z
2026-07-08T18:58:29Z,2026-07-08T20:58:29+0200,e401fd36-f4a8-45e5-ad91-bdd87731a7ba,2026-07-08T04:45:00Z,2026-07-08T06:45:00+0200,1778.43005,MW,FR,FR,forecast_onshore_wind_generation,Wind Onshore,2026-07-08T18:59:22Z
2026-07-08T18:58:29Z,2026-07-08T20:58:29+0200,e401fd36-f4a8-45e5-ad91-bdd87731a7ba,2026-07-08T05:00:00Z,2026-07-08T07:00:00+0200,1709.98999,MW,FR,FR,forecast_onshore_wind_generation,Wind Onshore,2026-07-08T18:59:22Z
2026-07-08T18:58:29Z,2026-07-08T20:58:29+0200,e401fd36-f4a8-45e5-ad91-bdd87731a7ba,2026-07-08T05:15:00Z,2026-07-08T07:15:00+0200,1630.51001,MW,FR,FR,forecast_onshore_wind_generation,Wind Onshore,2026-07-08T18:59:22Z
2026-07-08T18:58:29Z,2026-07-08T20:58:29+0200,e401fd36-f4a8-45e5-ad91-bdd87731a7ba,2026-07-08T05:30:00Z,2026-07-08T07:30:00+0200,1551.18994,MW,FR,FR,forecast_onshore_wind_generation,Wind Onshore,2026-07-08T18:59:22Z
2026-07-08T18:58:29Z,2026-07-08T20:58:29+0200,e401fd36-f4a8-45e5-ad91-bdd87731a7ba,2026-07-08T05:45:00Z,2026-07-08T07:45:00+0200,1471.92993,MW,FR,FR,forecast_onshore_wind_generation,Wind Onshore,2026-07-08T18:59:22Z
2026-07-08T18:58:29Z,2026-07-08T20:58:29+0200,e401fd36-f4a8-45e5-ad91-bdd87731a7ba,2026-07-08T06:00:00Z,2026-07-08T08:00:00+0200,1392.7699,MW,FR,FR,forecast_onshore_wind_generation,Wind Onshore,2026-07-08T18:59:22Z
2026-07-08T18:58:29Z,2026-07-08T20:58:29+0200,e401fd36-f4a8-45e5-ad91-bdd87731a7ba,2026-07-08T06:15:00Z,2026-07-08T08:15:00+0200,1245.5,MW,FR,FR,forecast_onshore_wind_generation,Wind Onshore,2026-07-08T18:59:22Z
2026-07-08T18:58:29Z,2026-07-08T20:58:29+0200,e401fd36-f4a8-45e5-ad91-bdd87731a7ba,2026-07-08T06:30:00Z,2026-07-08T08:30:00+0200,1098.32996,MW,FR,FR,forecast_onshore_wind_generation,Wind Onshore,2026-07-08T18:59:22Z
2026-07-08T18:58:29Z,2026-07-08T20:58:29+0200,e401fd36-f4a8-45e5-ad91-bdd87731a7ba,2026-07-08T06:45:00Z,2026-07-08T08:45:00+0200,951.33997,MW,FR,FR,forecast_onshore_wind_generation,Wind Onshore,2026-07-08T18:59:22Z
2026-07-08T18:58:29Z,2026-07-08T20:58:29+0200,e401fd36-f4a8-45e5-ad91-bdd87731a7ba,2026-07-08T07:00:00Z,2026-07-08T09:00:00+0200,805.16998,MW,FR,FR,forecast_onshore_wind_generation,Wind Onshore,2026-07-08T18:59:22Z
2026-07-08T18:58:29Z,2026-07-08T20:58:29+0200,e401fd36-f4a8-45e5-ad91-bdd87731a7ba,2026-07-08T07:15:00Z,2026-07-08T09:15:00+0200,760.27002,MW,FR,FR,forecast_onshore_wind_generation,Wind Onshore,2026-07-08T18:59:22Z
2026-07-08T18:58:29Z,2026-07-08T20:58:29+0200,e401fd36-f4a8-45e5-ad91-bdd87731a7ba,2026-07-08T07:30:00Z,2026-07-08T09:30:00+0200,715.51001,MW,FR,FR,forecast_onshore_wind_generation,Wind Onshore,2026-07-08T18:59:22Z
2026-07-08T18:58:29Z,2026-07-08T20:58:29+0200,e401fd36-f4a8-45e5-ad91-bdd87731a7ba,2026-07-08T07:45:00Z,2026-07-08T09:45:00+0200,670.81006,MW,FR,FR,forecast_onshore_wind_generation,Wind Onshore,2026-07-08T18:59:22Z
2026-07-08T18:58:29Z,2026-07-08T20:58:29+0200,e401fd36-f4a8-45e5-ad91-bdd87731a7ba,2026-07-08T08:00:00Z,2026-07-08T10:00:00+0200,626.22998,MW,FR,FR,forecast_onshore_wind_generation,Wind Onshore,2026-07-08T18:59:22Z
2026-07-08T18:58:29Z,2026-07-08T20:58:29+0200,e401fd36-f4a8-45e5-ad91-bdd87731a7ba,2026-07-08T08:15:00Z,2026-07-08T10:15:00+0200,639.06,MW,FR,FR,forecast_onshore_wind_generation,Wind Onshore,2026-07-08T18:59:22Z
2026-07-08T18:58:29Z,2026-07-08T20:58:29+0200,e401fd36-f4a8-45e5-ad91-bdd87731a7ba,2026-07-08T08:30:00Z,2026-07-08T10:30:00+0200,652.03998,MW,FR,FR,forecast_onshore_wind_generation,Wind Onshore,2026-07-08T18:59:22Z
2026-07-08T18:58:29Z,2026-07-08T20:58:29+0200,e401fd36-f4a8-45e5-ad91-bdd87731a7ba,2026-07-08T08:45:00Z,2026-07-08T10:45:00+0200,665.66998,MW,FR,FR,forecast_onshore_wind_generation,Wind Onshore,2026-07-08T18:59:22Z
2026-07-08T18:58:29Z,2026-07-08T20:58:29+0200,e401fd36-f4a8-45e5-ad91-bdd87731a7ba,2026-07-08T09:00:00Z,2026-07-08T11:00:00+0200,679.51001,MW,FR,FR,forecast_onshore_wind_generation,Wind Onshore,2026-07-08T18:59:22Z
2026-07-08T18:58:29Z,2026-07-08T20:58:29+0200,e401fd36-f4a8-45e5-ad91-bdd87731a7ba,2026-07-08T09:15:00Z,2026-07-08T11:15:00+0200,709.85004,MW,FR,FR,forecast_onshore_wind_generation,Wind Onshore,2026-07-08T18:59:22Z
2026-07-08T18:58:29Z,2026-07-08T20:58:29+0200,e401fd36-f4a8-45e5-ad91-bdd87731a7ba,2026-07-08T09:30:00Z,2026-07-08T11:30:00+0200,740.37,MW,FR,FR,forecast_onshore_wind_generation,Wind Onshore,2026-07-08T18:59:22Z
2026-07-08T18:58:29Z,2026-07-08T20:58:29+0200,e401fd36-f4a8-45e5-ad91-bdd87731a7ba,2026-07-08T09:45:00Z,2026-07-08T11:45:00+0200,771.03003,MW,FR,FR,forecast_onshore_wind_generation,Wind Onshore,2026-07-08T18:59:22Z
2026-07-08T18:58:29Z,2026-07-08T20:58:29+0200,e401fd36-f4a8-45e5-ad91-bdd87731a7ba,2026-07-08T10:00:00Z,2026-07-08T12:00:00+0200,801.80994,MW,FR,FR,forecast_onshore_wind_generation,Wind Onshore,2026-07-08T18:59:22Z
2026-07-08T18:58:29Z,2026-07-08T20:58:29+0200,e401fd36-f4a8-45e5-ad91-bdd87731a7ba,2026-07-08T10:15:00Z,2026-07-08T12:15:00+0200,849.34003,MW,FR,FR,forecast_onshore_wind_generation,Wind Onshore,2026-07-08T18:59:22Z
2026-07-08T18:58:29Z,2026-07-08T20:58:29+0200,e401fd36-f4a8-45e5-ad91-bdd87731a7ba,2026-07-08T10:30:00Z,2026-07-08T12:30:00+0200,897.07001,MW,FR,FR,forecast_onshore_wind_generation,Wind Onshore,2026-07-08T18:59:22Z
2026-07-08T18:58:29Z,2026-07-08T20:58:29+0200,e401fd36-f4a8-45e5-ad91-bdd87731a7ba,2026-07-08T10:45:00Z,2026-07-08T12:45:00+0200,944.83997,MW,FR,FR,forecast_onshore_wind_generation,Wind Onshore,2026-07-08T18:59:22Z
2026-07-08T18:58:29Z,2026-07-08T20:58:29+0200,e401fd36-f4a8-45e5-ad91-bdd87731a7ba,2026-07-08T11:00:00Z,2026-07-08T13:00:00+0200,992.78003,MW,FR,FR,forecast_onshore_wind_generation,Wind Onshore,2026-07-08T18:59:22Z
2026-07-08T18:58:29Z,2026-07-08T20:58:29+0200,e401fd36-f4a8-45e5-ad91-bdd87731a7ba,2026-07-08T11:15:00Z,2026-07-08T13:15:00+0200,1057.69995,MW,FR,FR,forecast_onshore_wind_generation,Wind Onshore,2026-07-08T18:59:22Z
2026-07-08T18:58:29Z,2026-07-08T20:58:29+0200,e401fd36-f4a8-45e5-ad91-bdd87731a7ba,2026-07-08T11:30:00Z,2026-07-08T13:30:00+0200,1122.80994,MW,FR,FR,forecast_onshore_wind_generation,Wind Onshore,2026-07-08T18:59:22Z
2026-07-08T18:58:29Z,2026-07-08T20:58:29+0200,e401fd36-f4a8-45e5-ad91-bdd87731a7ba,2026-07-08T11:45:00Z,2026-07-08T13:45:00+0200,1188.09998,MW,FR,FR,forecast_onshore_wind_generation,Wind Onshore,2026-07-08T18:59:22Z
2026-07-08T18:58:29Z,2026-07-08T20:58:29+0200,e401fd36-f4a8-45e5-ad91-bdd87731a7ba,2026-07-08T12:00:00Z,2026-07-08T14:00:00+0200,1253.48999,MW,FR,FR,forecast_onshore_wind_generation,Wind Onshore,2026-07-08T18:59:22Z
2026-07-08T18:58:29Z,2026-07-08T20:58:29+0200,e401fd36-f4a8-45e5-ad91-bdd87731a7ba,2026-07-08T12:15:00Z,2026-07-08T14:15:00+0200,1336.32996,MW,FR,FR,forecast_onshore_wind_generation,Wind Onshore,2026-07-08T18:59:22Z
2026-07-08T18:58:29Z,2026-07-08T20:58:29+0200,e401fd36-f4a8-45e5-ad91-bdd87731a7ba,2026-07-08T12:30:00Z,2026-07-08T14:30:00+0200,1419.21997,MW,FR,FR,forecast_onshore_wind_generation,Wind Onshore,2026-07-08T18:59:22Z
2026-07-08T18:58:29Z,2026-07-08T20:58:29+0200,e401fd36-f4a8-45e5-ad91-bdd87731a7ba,2026-07-08T12:45:00Z,2026-07-08T14:45:00+0200,1502.2301,MW,FR,FR,forecast_onshore_wind_generation,Wind Onshore,2026-07-08T18:59:22Z
2026-07-08T18:58:29Z,2026-07-08T20:58:29+0200,e401fd36-f4a8-45e5-ad91-bdd87731a7ba,2026-07-08T13:00:00Z,2026-07-08T15:00:00+0200,1585.28003,MW,FR,FR,forecast_onshore_wind_generation,Wind Onshore,2026-07-08T18:59:22Z
2026-07-08T18:58:29Z,2026-07-08T20:58:29+0200,e401fd36-f4a8-45e5-ad91-bdd87731a7ba,2026-07-08T13:15:00Z,2026-07-08T15:15:00+0200,1660.09998,MW,FR,FR,forecast_onshore_wind_generation,Wind Onshore,2026-07-08T18:59:22Z
2026-07-08T18:58:29Z,2026-07-08T20:58:29+0200,e401fd36-f4a8-45e5-ad91-bdd87731a7ba,2026-07-08T13:30:00Z,2026-07-08T15:30:00+0200,1735.08997,MW,FR,FR,forecast_onshore_wind_generation,Wind Onshore,2026-07-08T18:59:22Z
2026-07-08T18:58:29Z,2026-07-08T20:58:29+0200,e401fd36-f4a8-45e5-ad91-bdd87731a7ba,2026-07-08T13:45:00Z,2026-07-08T15:45:00+0200,1810.21008,MW,FR,FR,forecast_onshore_wind_generation,Wind Onshore,2026-07-08T18:59:22Z
2026-07-08T18:58:29Z,2026-07-08T20:58:29+0200,e401fd36-f4a8-45e5-ad91-bdd87731a7ba,2026-07-08T14:00:00Z,2026-07-08T16:00:00+0200,1885.3999,MW,FR,FR,forecast_onshore_wind_generation,Wind Onshore,2026-07-08T18:59:22Z
2026-07-08T18:58:29Z,2026-07-08T20:58:29+0200,e401fd36-f4a8-45e5-ad91-bdd87731a7ba,2026-07-08T14:15:00Z,2026-07-08T16:15:00+0200,1958.40015,MW,FR,FR,forecast_onshore_wind_generation,Wind Onshore,2026-07-08T18:59:22Z
2026-07-08T18:58:29Z,2026-07-08T20:58:29+0200,e401fd36-f4a8-45e5-ad91-bdd87731a7ba,2026-07-08T14:30:00Z,2026-07-08T16:30:00+0200,2031.47998,MW,FR,FR,forecast_onshore_wind_generation,Wind Onshore,2026-07-08T18:59:22Z
2026-07-08T18:58:29Z,2026-07-08T20:58:29+0200,e401fd36-f4a8-45e5-ad91-bdd87731a7ba,2026-07-08T14:45:00Z,2026-07-08T16:45:00+0200,2104.58008,MW,FR,FR,forecast_onshore_wind_generation,Wind Onshore,2026-07-08T18:59:22Z
2026-07-08T18:58:29Z,2026-07-08T20:58:29+0200,e401fd36-f4a8-45e5-ad91-bdd87731a7ba,2026-07-08T15:00:00Z,2026-07-08T17:00:00+0200,2177.70996,MW,FR,FR,forecast_onshore_wind_generation,Wind Onshore,2026-07-08T18:59:22Z
2026-07-08T18:58:29Z,2026-07-08T20:58:29+0200,e401fd36-f4a8-45e5-ad91-bdd87731a7ba,2026-07-08T15:15:00Z,2026-07-08T17:15:00+0200,2247.34985,MW,FR,FR,forecast_onshore_wind_generation,Wind Onshore,2026-07-08T18:59:22Z
2026-07-08T18:58:29Z,2026-07-08T20:58:29+0200,e401fd36-f4a8-45e5-ad91-bdd87731a7ba,2026-07-08T15:30:00Z,2026-07-08T17:30:00+0200,2317.06006,MW,FR,FR,forecast_onshore_wind_generation,Wind Onshore,2026-07-08T18:59:22Z
2026-07-08T18:58:29Z,2026-07-08T20:58:29+0200,e401fd36-f4a8-45e5-ad91-bdd87731a7ba,2026-07-08T15:45:00Z,2026-07-08T17:45:00+0200,2386.76001,MW,FR,FR,forecast_onshore_wind_generation,Wind Onshore,2026-07-08T18:59:22Z
2026-07-08T18:58:29Z,2026-07-08T20:58:29+0200,e401fd36-f4a8-45e5-ad91-bdd87731a7ba,2026-07-08T16:00:00Z,2026-07-08T18:00:00+0200,2456.47998,MW,FR,FR,forecast_onshore_wind_generation,Wind Onshore,2026-07-08T18:59:22Z
2026-07-08T18:58:29Z,2026-07-08T20:58:29+0200,e401fd36-f4a8-45e5-ad91-bdd87731a7ba,2026-07-08T16:15:00Z,2026-07-08T18:15:00+0200,2550.36987,MW,FR,FR,forecast_onshore_wind_generation,Wind Onshore,2026-07-08T18:59:22Z
2026-07-08T18:58:29Z,2026-07-08T20:58:29+0200,e401fd36-f4a8-45e5-ad91-bdd87731a7ba,2026-07-08T16:30:00Z,2026-07-08T18:30:00+0200,2644.41992,MW,FR,FR,forecast_onshore_wind_generation,Wind Onshore,2026-07-08T18:59:22Z
2026-07-08T18:58:29Z,2026-07-08T20:58:29+0200,e401fd36-f4a8-45e5-ad91-bdd87731a7ba,2026-07-08T16:45:00Z,2026-07-08T18:45:00+0200,2739.04004,MW,FR,FR,forecast_onshore_wind_generation,Wind Onshore,2026-07-08T18:59:22Z
2026-07-08T18:58:29Z,2026-07-08T20:58:29+0200,e401fd36-f4a8-45e5-ad91-bdd87731a7ba,2026-07-08T17:00:00Z,2026-07-08T19:00:00+0200,2834.41992,MW,FR,FR,forecast_onshore_wind_generation,Wind Onshore,2026-07-08T18:59:22Z
2026-07-08T18:58:29Z,2026-07-08T20:58:29+0200,e401fd36-f4a8-45e5-ad91-bdd87731a7ba,2026-07-08T17:15:00Z,2026-07-08T19:15:00+0200,2887.8999,MW,FR,FR,forecast_onshore_wind_generation,Wind Onshore,2026-07-08T18:59:22Z
2026-07-08T18:58:29Z,2026-07-08T20:58:29+0200,e401fd36-f4a8-45e5-ad91-bdd87731a7ba,2026-07-08T17:30:00Z,2026-07-08T19:30:00+0200,2941.33984,MW,FR,FR,forecast_onshore_wind_generation,Wind Onshore,2026-07-08T18:59:22Z
2026-07-08T18:58:29Z,2026-07-08T20:58:29+0200,e401fd36-f4a8-45e5-ad91-bdd87731a7ba,2026-07-08T17:45:00Z,2026-07-08T19:45:00+0200,2994.90991,MW,FR,FR,forecast_onshore_wind_generation,Wind Onshore,2026-07-08T18:59:22Z
2026-07-08T18:58:29Z,2026-07-08T20:58:29+0200,e401fd36-f4a8-45e5-ad91-bdd87731a7ba,2026-07-08T18:00:00Z,2026-07-08T20:00:00+0200,3048.67993,MW,FR,FR,forecast_onshore_wind_generation,Wind Onshore,2026-07-08T18:59:22Z
2026-07-08T18:58:29Z,2026-07-08T20:58:29+0200,e401fd36-f4a8-45e5-ad91-bdd87731a7ba,2026-07-08T18:15:00Z,2026-07-08T20:15:00+0200,3155.82983,MW,FR,FR,forecast_onshore_wind_generation,Wind Onshore,2026-07-08T18:59:22Z
2026-07-08T18:58:29Z,2026-07-08T20:58:29+0200,e401fd36-f4a8-45e5-ad91-bdd87731a7ba,2026-07-08T18:30:00Z,2026-07-08T20:30:00+0200,3263.37988,MW,FR,FR,forecast_onshore_wind_generation,Wind Onshore,2026-07-08T18:59:22Z
2026-07-08T18:58:29Z,2026-07-08T20:58:29+0200,e401fd36-f4a8-45e5-ad91-bdd87731a7ba,2026-07-08T18:45:00Z,2026-07-08T20:45:00+0200,3370.93994,MW,FR,FR,forecast_onshore_wind_generation,Wind Onshore,2026-07-08T18:59:22Z
