collection_time_utc,collection_time_local,run_id,timestamp_utc,timestamp_local,value,unit,country,entsoe_area,variable,source,updated_at_utc
2026-09-21T15:03:53Z,2026-09-21T17:03:53+0200,64c0287b-156f-40b5-84f7-0120ae7a02a8,2026-09-14T16:00:00Z,2026-09-14T18:00:00+0200,7280.0,MW,PT,PT,forecast_load,Forecasted Load,2026-09-21T15:04:22Z
2026-09-21T15:03:53Z,2026-09-21T17:03:53+0200,64c0287b-156f-40b5-84f7-0120ae7a02a8,2026-09-14T17:00:00Z,2026-09-14T19:00:00+0200,7463.0,MW,PT,PT,forecast_load,Forecasted Load,2026-09-21T15:04:22Z
2026-09-21T15:03:53Z,2026-09-21T17:03:53+0200,64c0287b-156f-40b5-84f7-0120ae7a02a8,2026-09-14T18:00:00Z,2026-09-14T20:00:00+0200,7761.0,MW,PT,PT,forecast_load,Forecasted Load,2026-09-21T15:04:22Z
2026-09-21T15:03:53Z,2026-09-21T17:03:53+0200,64c0287b-156f-40b5-84f7-0120ae7a02a8,2026-09-14T19:00:00Z,2026-09-14T21:00:00+0200,7934.0,MW,PT,PT,forecast_load,Forecasted Load,2026-09-21T15:04:22Z
2026-09-21T15:03:53Z,2026-09-21T17:03:53+0200,64c0287b-156f-40b5-84f7-0120ae7a02a8,2026-09-14T20:00:00Z,2026-09-14T22:00:00+0200,7467.0,MW,PT,PT,forecast_load,Forecasted Load,2026-09-21T15:04:22Z
2026-09-21T15:03:53Z,2026-09-21T17:03:53+0200,64c0287b-156f-40b5-84f7-0120ae7a02a8,2026-09-14T21:00:00Z,2026-09-14T23:00:00+0200,6905.0,MW,PT,PT,forecast_load,Forecasted Load,2026-09-21T15:04:22Z
2026-09-21T15:03:53Z,2026-09-21T17:03:53+0200,64c0287b-156f-40b5-84f7-0120ae7a02a8,2026-09-14T22:00:00Z,2026-09-15T00:00:00+0200,6295.0,MW,PT,PT,forecast_load,Forecasted Load,2026-09-21T15:04:22Z
2026-09-21T15:03:53Z,2026-09-21T17:03:53+0200,64c0287b-156f-40b5-84f7-0120ae7a02a8,2026-09-14T23:00:00Z,2026-09-15T01:00:00+0200,5842.0,MW,PT,PT,forecast_load,Forecasted Load,2026-09-21T15:04:22Z
2026-09-21T15:03:53Z,2026-09-21T17:03:53+0200,64c0287b-156f-40b5-84f7-0120ae7a02a8,2026-09-15T00:00:00Z,2026-09-15T02:00:00+0200,5551.0,MW,PT,PT,forecast_load,Forecasted Load,2026-09-21T15:04:22Z
2026-09-21T15:03:53Z,2026-09-21T17:03:53+0200,64c0287b-156f-40b5-84f7-0120ae7a02a8,2026-09-15T01:00:00Z,2026-09-15T03:00:00+0200,5349.0,MW,PT,PT,forecast_load,Forecasted Load,2026-09-21T15:04:22Z
2026-09-21T15:03:53Z,2026-09-21T17:03:53+0200,64c0287b-156f-40b5-84f7-0120ae7a02a8,2026-09-15T02:00:00Z,2026-09-15T04:00:00+0200,5215.0,MW,PT,PT,forecast_load,Forecasted Load,2026-09-21T15:04:22Z
2026-09-21T15:03:53Z,2026-09-21T17:03:53+0200,64c0287b-156f-40b5-84f7-0120ae7a02a8,2026-09-15T03:00:00Z,2026-09-15T05:00:00+0200,5176.0,MW,PT,PT,forecast_load,Forecasted Load,2026-09-21T15:04:22Z
2026-09-21T15:03:53Z,2026-09-21T17:03:53+0200,64c0287b-156f-40b5-84f7-0120ae7a02a8,2026-09-15T04:00:00Z,2026-09-15T06:00:00+0200,5251.0,MW,PT,PT,forecast_load,Forecasted Load,2026-09-21T15:04:22Z
2026-09-21T15:03:53Z,2026-09-21T17:03:53+0200,64c0287b-156f-40b5-84f7-0120ae7a02a8,2026-09-15T05:00:00Z,2026-09-15T07:00:00+0200,5603.0,MW,PT,PT,forecast_load,Forecasted Load,2026-09-21T15:04:22Z
2026-09-21T15:03:53Z,2026-09-21T17:03:53+0200,64c0287b-156f-40b5-84f7-0120ae7a02a8,2026-09-15T06:00:00Z,2026-09-15T08:00:00+0200,6056.0,MW,PT,PT,forecast_load,Forecasted Load,2026-09-21T15:04:22Z
2026-09-21T15:03:53Z,2026-09-21T17:03:53+0200,64c0287b-156f-40b5-84f7-0120ae7a02a8,2026-09-15T07:00:00Z,2026-09-15T09:00:00+0200,6843.0,MW,PT,PT,forecast_load,Forecasted Load,2026-09-21T15:04:22Z
2026-09-21T15:03:53Z,2026-09-21T17:03:53+0200,64c0287b-156f-40b5-84f7-0120ae7a02a8,2026-09-15T08:00:00Z,2026-09-15T10:00:00+0200,7097.0,MW,PT,PT,forecast_load,Forecasted Load,2026-09-21T15:04:22Z
2026-09-21T15:03:53Z,2026-09-21T17:03:53+0200,64c0287b-156f-40b5-84f7-0120ae7a02a8,2026-09-15T09:00:00Z,2026-09-15T11:00:00+0200,7078.0,MW,PT,PT,forecast_load,Forecasted Load,2026-09-21T15:04:22Z
2026-09-21T15:03:53Z,2026-09-21T17:03:53+0200,64c0287b-156f-40b5-84f7-0120ae7a02a8,2026-09-15T10:00:00Z,2026-09-15T12:00:00+0200,7051.0,MW,PT,PT,forecast_load,Forecasted Load,2026-09-21T15:04:22Z
2026-09-21T15:03:53Z,2026-09-21T17:03:53+0200,64c0287b-156f-40b5-84f7-0120ae7a02a8,2026-09-15T11:00:00Z,2026-09-15T13:00:00+0200,6852.0,MW,PT,PT,forecast_load,Forecasted Load,2026-09-21T15:04:22Z
2026-09-21T15:03:53Z,2026-09-21T17:03:53+0200,64c0287b-156f-40b5-84f7-0120ae7a02a8,2026-09-15T12:00:00Z,2026-09-15T14:00:00+0200,6692.0,MW,PT,PT,forecast_load,Forecasted Load,2026-09-21T15:04:22Z
2026-09-21T15:03:53Z,2026-09-21T17:03:53+0200,64c0287b-156f-40b5-84f7-0120ae7a02a8,2026-09-15T13:00:00Z,2026-09-15T15:00:00+0200,6812.0,MW,PT,PT,forecast_load,Forecasted Load,2026-09-21T15:04:22Z
2026-09-21T15:03:53Z,2026-09-21T17:03:53+0200,64c0287b-156f-40b5-84f7-0120ae7a02a8,2026-09-15T14:00:00Z,2026-09-15T16:00:00+0200,6857.0,MW,PT,PT,forecast_load,Forecasted Load,2026-09-21T15:04:22Z
2026-09-21T15:03:53Z,2026-09-21T17:03:53+0200,64c0287b-156f-40b5-84f7-0120ae7a02a8,2026-09-15T15:00:00Z,2026-09-15T17:00:00+0200,6988.0,MW,PT,PT,forecast_load,Forecasted Load,2026-09-21T15:04:22Z
2026-09-21T15:03:53Z,2026-09-21T17:03:53+0200,64c0287b-156f-40b5-84f7-0120ae7a02a8,2026-09-15T16:00:00Z,2026-09-15T18:00:00+0200,7078.0,MW,PT,PT,forecast_load,Forecasted Load,2026-09-21T15:04:22Z
2026-09-21T15:03:53Z,2026-09-21T17:03:53+0200,64c0287b-156f-40b5-84f7-0120ae7a02a8,2026-09-15T17:00:00Z,2026-09-15T19:00:00+0200,7294.0,MW,PT,PT,forecast_load,Forecasted Load,2026-09-21T15:04:22Z
2026-09-21T15:03:53Z,2026-09-21T17:03:53+0200,64c0287b-156f-40b5-84f7-0120ae7a02a8,2026-09-15T18:00:00Z,2026-09-15T20:00:00+0200,7631.0,MW,PT,PT,forecast_load,Forecasted Load,2026-09-21T15:04:22Z
2026-09-21T15:03:53Z,2026-09-21T17:03:53+0200,64c0287b-156f-40b5-84f7-0120ae7a02a8,2026-09-15T19:00:00Z,2026-09-15T21:00:00+0200,7774.0,MW,PT,PT,forecast_load,Forecasted Load,2026-09-21T15:04:22Z
2026-09-21T15:03:53Z,2026-09-21T17:03:53+0200,64c0287b-156f-40b5-84f7-0120ae7a02a8,2026-09-15T20:00:00Z,2026-09-15T22:00:00+0200,7331.0,MW,PT,PT,forecast_load,Forecasted Load,2026-09-21T15:04:22Z
2026-09-21T15:03:53Z,2026-09-21T17:03:53+0200,64c0287b-156f-40b5-84f7-0120ae7a02a8,2026-09-15T21:00:00Z,2026-09-15T23:00:00+0200,6794.0,MW,PT,PT,forecast_load,Forecasted Load,2026-09-21T15:04:22Z
2026-09-21T15:03:53Z,2026-09-21T17:03:53+0200,64c0287b-156f-40b5-84f7-0120ae7a02a8,2026-09-15T22:00:00Z,2026-09-16T00:00:00+0200,6253.0,MW,PT,PT,forecast_load,Forecasted Load,2026-09-21T15:04:22Z
2026-09-21T15:03:53Z,2026-09-21T17:03:53+0200,64c0287b-156f-40b5-84f7-0120ae7a02a8,2026-09-15T23:00:00Z,2026-09-16T01:00:00+0200,5864.0,MW,PT,PT,forecast_load,Forecasted Load,2026-09-21T15:04:22Z
2026-09-21T15:03:53Z,2026-09-21T17:03:53+0200,64c0287b-156f-40b5-84f7-0120ae7a02a8,2026-09-16T00:00:00Z,2026-09-16T02:00:00+0200,5572.0,MW,PT,PT,forecast_load,Forecasted Load,2026-09-21T15:04:22Z
2026-09-21T15:03:53Z,2026-09-21T17:03:53+0200,64c0287b-156f-40b5-84f7-0120ae7a02a8,2026-09-16T01:00:00Z,2026-09-16T03:00:00+0200,5369.0,MW,PT,PT,forecast_load,Forecasted Load,2026-09-21T15:04:22Z
2026-09-21T15:03:53Z,2026-09-21T17:03:53+0200,64c0287b-156f-40b5-84f7-0120ae7a02a8,2026-09-16T02:00:00Z,2026-09-16T04:00:00+0200,5243.0,MW,PT,PT,forecast_load,Forecasted Load,2026-09-21T15:04:22Z
2026-09-21T15:03:53Z,2026-09-21T17:03:53+0200,64c0287b-156f-40b5-84f7-0120ae7a02a8,2026-09-16T03:00:00Z,2026-09-16T05:00:00+0200,5196.0,MW,PT,PT,forecast_load,Forecasted Load,2026-09-21T15:04:22Z
2026-09-21T15:03:53Z,2026-09-21T17:03:53+0200,64c0287b-156f-40b5-84f7-0120ae7a02a8,2026-09-16T04:00:00Z,2026-09-16T06:00:00+0200,5275.0,MW,PT,PT,forecast_load,Forecasted Load,2026-09-21T15:04:22Z
2026-09-21T15:03:53Z,2026-09-21T17:03:53+0200,64c0287b-156f-40b5-84f7-0120ae7a02a8,2026-09-16T05:00:00Z,2026-09-16T07:00:00+0200,5643.0,MW,PT,PT,forecast_load,Forecasted Load,2026-09-21T15:04:22Z
2026-09-21T15:03:53Z,2026-09-21T17:03:53+0200,64c0287b-156f-40b5-84f7-0120ae7a02a8,2026-09-16T06:00:00Z,2026-09-16T08:00:00+0200,6091.0,MW,PT,PT,forecast_load,Forecasted Load,2026-09-21T15:04:22Z
2026-09-21T15:03:53Z,2026-09-21T17:03:53+0200,64c0287b-156f-40b5-84f7-0120ae7a02a8,2026-09-16T07:00:00Z,2026-09-16T09:00:00+0200,6773.0,MW,PT,PT,forecast_load,Forecasted Load,2026-09-21T15:04:22Z
2026-09-21T15:03:53Z,2026-09-21T17:03:53+0200,64c0287b-156f-40b5-84f7-0120ae7a02a8,2026-09-16T08:00:00Z,2026-09-16T10:00:00+0200,6818.0,MW,PT,PT,forecast_load,Forecasted Load,2026-09-21T15:04:22Z
2026-09-21T15:03:53Z,2026-09-21T17:03:53+0200,64c0287b-156f-40b5-84f7-0120ae7a02a8,2026-09-16T09:00:00Z,2026-09-16T11:00:00+0200,6672.0,MW,PT,PT,forecast_load,Forecasted Load,2026-09-21T15:04:22Z
2026-09-21T15:03:53Z,2026-09-21T17:03:53+0200,64c0287b-156f-40b5-84f7-0120ae7a02a8,2026-09-16T10:00:00Z,2026-09-16T12:00:00+0200,6561.0,MW,PT,PT,forecast_load,Forecasted Load,2026-09-21T15:04:22Z
2026-09-21T15:03:53Z,2026-09-21T17:03:53+0200,64c0287b-156f-40b5-84f7-0120ae7a02a8,2026-09-16T11:00:00Z,2026-09-16T13:00:00+0200,6417.0,MW,PT,PT,forecast_load,Forecasted Load,2026-09-21T15:04:22Z
2026-09-21T15:03:53Z,2026-09-21T17:03:53+0200,64c0287b-156f-40b5-84f7-0120ae7a02a8,2026-09-16T12:00:00Z,2026-09-16T14:00:00+0200,6325.0,MW,PT,PT,forecast_load,Forecasted Load,2026-09-21T15:04:22Z
2026-09-21T15:03:53Z,2026-09-21T17:03:53+0200,64c0287b-156f-40b5-84f7-0120ae7a02a8,2026-09-16T13:00:00Z,2026-09-16T15:00:00+0200,6481.0,MW,PT,PT,forecast_load,Forecasted Load,2026-09-21T15:04:22Z
2026-09-21T15:03:53Z,2026-09-21T17:03:53+0200,64c0287b-156f-40b5-84f7-0120ae7a02a8,2026-09-16T14:00:00Z,2026-09-16T16:00:00+0200,6531.0,MW,PT,PT,forecast_load,Forecasted Load,2026-09-21T15:04:22Z
2026-09-21T15:03:53Z,2026-09-21T17:03:53+0200,64c0287b-156f-40b5-84f7-0120ae7a02a8,2026-09-16T15:00:00Z,2026-09-16T17:00:00+0200,6680.0,MW,PT,PT,forecast_load,Forecasted Load,2026-09-21T15:04:22Z
2026-09-21T15:03:53Z,2026-09-21T17:03:53+0200,64c0287b-156f-40b5-84f7-0120ae7a02a8,2026-09-16T16:00:00Z,2026-09-16T18:00:00+0200,6805.0,MW,PT,PT,forecast_load,Forecasted Load,2026-09-21T15:04:22Z
2026-09-21T15:03:53Z,2026-09-21T17:03:53+0200,64c0287b-156f-40b5-84f7-0120ae7a02a8,2026-09-16T17:00:00Z,2026-09-16T19:00:00+0200,7057.0,MW,PT,PT,forecast_load,Forecasted Load,2026-09-21T15:04:22Z
2026-09-21T15:03:53Z,2026-09-21T17:03:53+0200,64c0287b-156f-40b5-84f7-0120ae7a02a8,2026-09-16T18:00:00Z,2026-09-16T20:00:00+0200,7493.0,MW,PT,PT,forecast_load,Forecasted Load,2026-09-21T15:04:22Z
2026-09-21T15:03:53Z,2026-09-21T17:03:53+0200,64c0287b-156f-40b5-84f7-0120ae7a02a8,2026-09-16T19:00:00Z,2026-09-16T21:00:00+0200,7698.0,MW,PT,PT,forecast_load,Forecasted Load,2026-09-21T15:04:22Z
2026-09-21T15:03:53Z,2026-09-21T17:03:53+0200,64c0287b-156f-40b5-84f7-0120ae7a02a8,2026-09-16T20:00:00Z,2026-09-16T22:00:00+0200,7254.0,MW,PT,PT,forecast_load,Forecasted Load,2026-09-21T15:04:22Z
2026-09-21T15:03:53Z,2026-09-21T17:03:53+0200,64c0287b-156f-40b5-84f7-0120ae7a02a8,2026-09-16T21:00:00Z,2026-09-16T23:00:00+0200,6759.0,MW,PT,PT,forecast_load,Forecasted Load,2026-09-21T15:04:22Z
2026-09-21T15:03:53Z,2026-09-21T17:03:53+0200,64c0287b-156f-40b5-84f7-0120ae7a02a8,2026-09-16T22:00:00Z,2026-09-17T00:00:00+0200,6188.0,MW,PT,PT,forecast_load,Forecasted Load,2026-09-21T15:04:22Z
2026-09-21T15:03:53Z,2026-09-21T17:03:53+0200,64c0287b-156f-40b5-84f7-0120ae7a02a8,2026-09-16T23:00:00Z,2026-09-17T01:00:00+0200,5744.0,MW,PT,PT,forecast_load,Forecasted Load,2026-09-21T15:04:22Z
2026-09-21T15:03:53Z,2026-09-21T17:03:53+0200,64c0287b-156f-40b5-84f7-0120ae7a02a8,2026-09-17T00:00:00Z,2026-09-17T02:00:00+0200,5458.0,MW,PT,PT,forecast_load,Forecasted Load,2026-09-21T15:04:22Z
2026-09-21T15:03:53Z,2026-09-21T17:03:53+0200,64c0287b-156f-40b5-84f7-0120ae7a02a8,2026-09-17T01:00:00Z,2026-09-17T03:00:00+0200,5248.0,MW,PT,PT,forecast_load,Forecasted Load,2026-09-21T15:04:22Z
2026-09-21T15:03:53Z,2026-09-21T17:03:53+0200,64c0287b-156f-40b5-84f7-0120ae7a02a8,2026-09-17T02:00:00Z,2026-09-17T04:00:00+0200,5141.0,MW,PT,PT,forecast_load,Forecasted Load,2026-09-21T15:04:22Z
2026-09-21T15:03:53Z,2026-09-21T17:03:53+0200,64c0287b-156f-40b5-84f7-0120ae7a02a8,2026-09-17T03:00:00Z,2026-09-17T05:00:00+0200,5096.0,MW,PT,PT,forecast_load,Forecasted Load,2026-09-21T15:04:22Z
2026-09-21T15:03:53Z,2026-09-21T17:03:53+0200,64c0287b-156f-40b5-84f7-0120ae7a02a8,2026-09-17T04:00:00Z,2026-09-17T06:00:00+0200,5175.0,MW,PT,PT,forecast_load,Forecasted Load,2026-09-21T15:04:22Z
2026-09-21T15:03:53Z,2026-09-21T17:03:53+0200,64c0287b-156f-40b5-84f7-0120ae7a02a8,2026-09-17T05:00:00Z,2026-09-17T07:00:00+0200,5549.0,MW,PT,PT,forecast_load,Forecasted Load,2026-09-21T15:04:22Z
2026-09-21T15:03:53Z,2026-09-21T17:03:53+0200,64c0287b-156f-40b5-84f7-0120ae7a02a8,2026-09-17T06:00:00Z,2026-09-17T08:00:00+0200,6013.0,MW,PT,PT,forecast_load,Forecasted Load,2026-09-21T15:04:22Z
2026-09-21T15:03:53Z,2026-09-21T17:03:53+0200,64c0287b-156f-40b5-84f7-0120ae7a02a8,2026-09-17T07:00:00Z,2026-09-17T09:00:00+0200,6635.0,MW,PT,PT,forecast_load,Forecasted Load,2026-09-21T15:04:22Z
2026-09-21T15:03:53Z,2026-09-21T17:03:53+0200,64c0287b-156f-40b5-84f7-0120ae7a02a8,2026-09-17T08:00:00Z,2026-09-17T10:00:00+0200,6733.0,MW,PT,PT,forecast_load,Forecasted Load,2026-09-21T15:04:22Z
2026-09-21T15:03:53Z,2026-09-21T17:03:53+0200,64c0287b-156f-40b5-84f7-0120ae7a02a8,2026-09-17T09:00:00Z,2026-09-17T11:00:00+0200,6540.0,MW,PT,PT,forecast_load,Forecasted Load,2026-09-21T15:04:22Z
2026-09-21T15:03:53Z,2026-09-21T17:03:53+0200,64c0287b-156f-40b5-84f7-0120ae7a02a8,2026-09-17T10:00:00Z,2026-09-17T12:00:00+0200,6462.0,MW,PT,PT,forecast_load,Forecasted Load,2026-09-21T15:04:22Z
2026-09-21T15:03:53Z,2026-09-21T17:03:53+0200,64c0287b-156f-40b5-84f7-0120ae7a02a8,2026-09-17T11:00:00Z,2026-09-17T13:00:00+0200,6296.0,MW,PT,PT,forecast_load,Forecasted Load,2026-09-21T15:04:22Z
2026-09-21T15:03:53Z,2026-09-21T17:03:53+0200,64c0287b-156f-40b5-84f7-0120ae7a02a8,2026-09-17T12:00:00Z,2026-09-17T14:00:00+0200,6201.0,MW,PT,PT,forecast_load,Forecasted Load,2026-09-21T15:04:22Z
2026-09-21T15:03:53Z,2026-09-21T17:03:53+0200,64c0287b-156f-40b5-84f7-0120ae7a02a8,2026-09-17T13:00:00Z,2026-09-17T15:00:00+0200,6351.0,MW,PT,PT,forecast_load,Forecasted Load,2026-09-21T15:04:22Z
2026-09-21T15:03:53Z,2026-09-21T17:03:53+0200,64c0287b-156f-40b5-84f7-0120ae7a02a8,2026-09-17T14:00:00Z,2026-09-17T16:00:00+0200,6456.0,MW,PT,PT,forecast_load,Forecasted Load,2026-09-21T15:04:22Z
2026-09-21T15:03:53Z,2026-09-21T17:03:53+0200,64c0287b-156f-40b5-84f7-0120ae7a02a8,2026-09-17T15:00:00Z,2026-09-17T17:00:00+0200,6597.0,MW,PT,PT,forecast_load,Forecasted Load,2026-09-21T15:04:22Z
2026-09-21T15:03:53Z,2026-09-21T17:03:53+0200,64c0287b-156f-40b5-84f7-0120ae7a02a8,2026-09-17T16:00:00Z,2026-09-17T18:00:00+0200,6725.0,MW,PT,PT,forecast_load,Forecasted Load,2026-09-21T15:04:22Z
2026-09-21T15:03:53Z,2026-09-21T17:03:53+0200,64c0287b-156f-40b5-84f7-0120ae7a02a8,2026-09-17T17:00:00Z,2026-09-17T19:00:00+0200,7017.0,MW,PT,PT,forecast_load,Forecasted Load,2026-09-21T15:04:22Z
2026-09-21T15:03:53Z,2026-09-21T17:03:53+0200,64c0287b-156f-40b5-84f7-0120ae7a02a8,2026-09-17T18:00:00Z,2026-09-17T20:00:00+0200,7438.0,MW,PT,PT,forecast_load,Forecasted Load,2026-09-21T15:04:22Z
2026-09-21T15:03:53Z,2026-09-21T17:03:53+0200,64c0287b-156f-40b5-84f7-0120ae7a02a8,2026-09-17T19:00:00Z,2026-09-17T21:00:00+0200,7632.0,MW,PT,PT,forecast_load,Forecasted Load,2026-09-21T15:04:22Z
2026-09-21T15:03:53Z,2026-09-21T17:03:53+0200,64c0287b-156f-40b5-84f7-0120ae7a02a8,2026-09-17T20:00:00Z,2026-09-17T22:00:00+0200,7163.0,MW,PT,PT,forecast_load,Forecasted Load,2026-09-21T15:04:22Z
2026-09-21T15:03:53Z,2026-09-21T17:03:53+0200,64c0287b-156f-40b5-84f7-0120ae7a02a8,2026-09-17T21:00:00Z,2026-09-17T23:00:00+0200,6671.0,MW,PT,PT,forecast_load,Forecasted Load,2026-09-21T15:04:22Z
2026-09-21T15:03:53Z,2026-09-21T17:03:53+0200,64c0287b-156f-40b5-84f7-0120ae7a02a8,2026-09-17T22:00:00Z,2026-09-18T00:00:00+0200,6100.0,MW,PT,PT,forecast_load,Forecasted Load,2026-09-21T15:04:22Z
2026-09-21T15:03:53Z,2026-09-21T17:03:53+0200,64c0287b-156f-40b5-84f7-0120ae7a02a8,2026-09-17T23:00:00Z,2026-09-18T01:00:00+0200,5682.0,MW,PT,PT,forecast_load,Forecasted Load,2026-09-21T15:04:22Z
2026-09-21T15:03:53Z,2026-09-21T17:03:53+0200,64c0287b-156f-40b5-84f7-0120ae7a02a8,2026-09-18T00:00:00Z,2026-09-18T02:00:00+0200,5413.0,MW,PT,PT,forecast_load,Forecasted Load,2026-09-21T15:04:22Z
2026-09-21T15:03:53Z,2026-09-21T17:03:53+0200,64c0287b-156f-40b5-84f7-0120ae7a02a8,2026-09-18T01:00:00Z,2026-09-18T03:00:00+0200,5206.0,MW,PT,PT,forecast_load,Forecasted Load,2026-09-21T15:04:22Z
2026-09-21T15:03:53Z,2026-09-21T17:03:53+0200,64c0287b-156f-40b5-84f7-0120ae7a02a8,2026-09-18T02:00:00Z,2026-09-18T04:00:00+0200,5113.0,MW,PT,PT,forecast_load,Forecasted Load,2026-09-21T15:04:22Z
2026-09-21T15:03:53Z,2026-09-21T17:03:53+0200,64c0287b-156f-40b5-84f7-0120ae7a02a8,2026-09-18T03:00:00Z,2026-09-18T05:00:00+0200,5049.0,MW,PT,PT,forecast_load,Forecasted Load,2026-09-21T15:04:22Z
2026-09-21T15:03:53Z,2026-09-21T17:03:53+0200,64c0287b-156f-40b5-84f7-0120ae7a02a8,2026-09-18T04:00:00Z,2026-09-18T06:00:00+0200,5132.0,MW,PT,PT,forecast_load,Forecasted Load,2026-09-21T15:04:22Z
2026-09-21T15:03:53Z,2026-09-21T17:03:53+0200,64c0287b-156f-40b5-84f7-0120ae7a02a8,2026-09-18T05:00:00Z,2026-09-18T07:00:00+0200,5519.0,MW,PT,PT,forecast_load,Forecasted Load,2026-09-21T15:04:22Z
2026-09-21T15:03:53Z,2026-09-21T17:03:53+0200,64c0287b-156f-40b5-84f7-0120ae7a02a8,2026-09-18T06:00:00Z,2026-09-18T08:00:00+0200,6036.0,MW,PT,PT,forecast_load,Forecasted Load,2026-09-21T15:04:22Z
2026-09-21T15:03:53Z,2026-09-21T17:03:53+0200,64c0287b-156f-40b5-84f7-0120ae7a02a8,2026-09-18T07:00:00Z,2026-09-18T09:00:00+0200,6620.0,MW,PT,PT,forecast_load,Forecasted Load,2026-09-21T15:04:22Z
2026-09-21T15:03:53Z,2026-09-21T17:03:53+0200,64c0287b-156f-40b5-84f7-0120ae7a02a8,2026-09-18T08:00:00Z,2026-09-18T10:00:00+0200,6700.0,MW,PT,PT,forecast_load,Forecasted Load,2026-09-21T15:04:22Z
2026-09-21T15:03:53Z,2026-09-21T17:03:53+0200,64c0287b-156f-40b5-84f7-0120ae7a02a8,2026-09-18T09:00:00Z,2026-09-18T11:00:00+0200,6521.0,MW,PT,PT,forecast_load,Forecasted Load,2026-09-21T15:04:22Z
2026-09-21T15:03:53Z,2026-09-21T17:03:53+0200,64c0287b-156f-40b5-84f7-0120ae7a02a8,2026-09-18T10:00:00Z,2026-09-18T12:00:00+0200,6450.0,MW,PT,PT,forecast_load,Forecasted Load,2026-09-21T15:04:22Z
2026-09-21T15:03:53Z,2026-09-21T17:03:53+0200,64c0287b-156f-40b5-84f7-0120ae7a02a8,2026-09-18T11:00:00Z,2026-09-18T13:00:00+0200,6292.0,MW,PT,PT,forecast_load,Forecasted Load,2026-09-21T15:04:22Z
2026-09-21T15:03:53Z,2026-09-21T17:03:53+0200,64c0287b-156f-40b5-84f7-0120ae7a02a8,2026-09-18T12:00:00Z,2026-09-18T14:00:00+0200,6210.0,MW,PT,PT,forecast_load,Forecasted Load,2026-09-21T15:04:22Z
2026-09-21T15:03:53Z,2026-09-21T17:03:53+0200,64c0287b-156f-40b5-84f7-0120ae7a02a8,2026-09-18T13:00:00Z,2026-09-18T15:00:00+0200,6312.0,MW,PT,PT,forecast_load,Forecasted Load,2026-09-21T15:04:22Z
2026-09-21T15:03:53Z,2026-09-21T17:03:53+0200,64c0287b-156f-40b5-84f7-0120ae7a02a8,2026-09-18T14:00:00Z,2026-09-18T16:00:00+0200,6381.0,MW,PT,PT,forecast_load,Forecasted Load,2026-09-21T15:04:22Z
2026-09-21T15:03:53Z,2026-09-21T17:03:53+0200,64c0287b-156f-40b5-84f7-0120ae7a02a8,2026-09-18T15:00:00Z,2026-09-18T17:00:00+0200,6548.0,MW,PT,PT,forecast_load,Forecasted Load,2026-09-21T15:04:22Z
2026-09-21T15:03:53Z,2026-09-21T17:03:53+0200,64c0287b-156f-40b5-84f7-0120ae7a02a8,2026-09-18T16:00:00Z,2026-09-18T18:00:00+0200,6707.0,MW,PT,PT,forecast_load,Forecasted Load,2026-09-21T15:04:22Z
2026-09-21T15:03:53Z,2026-09-21T17:03:53+0200,64c0287b-156f-40b5-84f7-0120ae7a02a8,2026-09-18T17:00:00Z,2026-09-18T19:00:00+0200,6911.0,MW,PT,PT,forecast_load,Forecasted Load,2026-09-21T15:04:22Z
2026-09-21T15:03:53Z,2026-09-21T17:03:53+0200,64c0287b-156f-40b5-84f7-0120ae7a02a8,2026-09-18T18:00:00Z,2026-09-18T20:00:00+0200,7285.0,MW,PT,PT,forecast_load,Forecasted Load,2026-09-21T15:04:22Z
2026-09-21T15:03:53Z,2026-09-21T17:03:53+0200,64c0287b-156f-40b5-84f7-0120ae7a02a8,2026-09-18T19:00:00Z,2026-09-18T21:00:00+0200,7444.0,MW,PT,PT,forecast_load,Forecasted Load,2026-09-21T15:04:22Z
2026-09-21T15:03:53Z,2026-09-21T17:03:53+0200,64c0287b-156f-40b5-84f7-0120ae7a02a8,2026-09-18T20:00:00Z,2026-09-18T22:00:00+0200,7000.0,MW,PT,PT,forecast_load,Forecasted Load,2026-09-21T15:04:22Z
2026-09-21T15:03:53Z,2026-09-21T17:03:53+0200,64c0287b-156f-40b5-84f7-0120ae7a02a8,2026-09-18T21:00:00Z,2026-09-18T23:00:00+0200,6524.0,MW,PT,PT,forecast_load,Forecasted Load,2026-09-21T15:04:22Z
2026-09-21T15:03:53Z,2026-09-21T17:03:53+0200,64c0287b-156f-40b5-84f7-0120ae7a02a8,2026-09-18T22:00:00Z,2026-09-19T00:00:00+0200,6002.0,MW,PT,PT,forecast_load,Forecasted Load,2026-09-21T15:04:22Z
2026-09-21T15:03:53Z,2026-09-21T17:03:53+0200,64c0287b-156f-40b5-84f7-0120ae7a02a8,2026-09-18T23:00:00Z,2026-09-19T01:00:00+0200,5537.0,MW,PT,PT,forecast_load,Forecasted Load,2026-09-21T15:04:22Z
2026-09-21T15:03:53Z,2026-09-21T17:03:53+0200,64c0287b-156f-40b5-84f7-0120ae7a02a8,2026-09-19T00:00:00Z,2026-09-19T02:00:00+0200,5274.0,MW,PT,PT,forecast_load,Forecasted Load,2026-09-21T15:04:22Z
2026-09-21T15:03:53Z,2026-09-21T17:03:53+0200,64c0287b-156f-40b5-84f7-0120ae7a02a8,2026-09-19T01:00:00Z,2026-09-19T03:00:00+0200,5057.0,MW,PT,PT,forecast_load,Forecasted Load,2026-09-21T15:04:22Z
2026-09-21T15:03:53Z,2026-09-21T17:03:53+0200,64c0287b-156f-40b5-84f7-0120ae7a02a8,2026-09-19T02:00:00Z,2026-09-19T04:00:00+0200,4921.0,MW,PT,PT,forecast_load,Forecasted Load,2026-09-21T15:04:22Z
2026-09-21T15:03:53Z,2026-09-21T17:03:53+0200,64c0287b-156f-40b5-84f7-0120ae7a02a8,2026-09-19T03:00:00Z,2026-09-19T05:00:00+0200,4868.0,MW,PT,PT,forecast_load,Forecasted Load,2026-09-21T15:04:22Z
2026-09-21T15:03:53Z,2026-09-21T17:03:53+0200,64c0287b-156f-40b5-84f7-0120ae7a02a8,2026-09-19T04:00:00Z,2026-09-19T06:00:00+0200,4876.0,MW,PT,PT,forecast_load,Forecasted Load,2026-09-21T15:04:22Z
2026-09-21T15:03:53Z,2026-09-21T17:03:53+0200,64c0287b-156f-40b5-84f7-0120ae7a02a8,2026-09-19T05:00:00Z,2026-09-19T07:00:00+0200,5011.0,MW,PT,PT,forecast_load,Forecasted Load,2026-09-21T15:04:22Z
2026-09-21T15:03:53Z,2026-09-21T17:03:53+0200,64c0287b-156f-40b5-84f7-0120ae7a02a8,2026-09-19T06:00:00Z,2026-09-19T08:00:00+0200,5156.0,MW,PT,PT,forecast_load,Forecasted Load,2026-09-21T15:04:22Z
2026-09-21T15:03:53Z,2026-09-21T17:03:53+0200,64c0287b-156f-40b5-84f7-0120ae7a02a8,2026-09-19T07:00:00Z,2026-09-19T09:00:00+0200,5362.0,MW,PT,PT,forecast_load,Forecasted Load,2026-09-21T15:04:22Z
2026-09-21T15:03:53Z,2026-09-21T17:03:53+0200,64c0287b-156f-40b5-84f7-0120ae7a02a8,2026-09-19T08:00:00Z,2026-09-19T10:00:00+0200,5558.0,MW,PT,PT,forecast_load,Forecasted Load,2026-09-21T15:04:22Z
2026-09-21T15:03:53Z,2026-09-21T17:03:53+0200,64c0287b-156f-40b5-84f7-0120ae7a02a8,2026-09-19T09:00:00Z,2026-09-19T11:00:00+0200,5533.0,MW,PT,PT,forecast_load,Forecasted Load,2026-09-21T15:04:22Z
2026-09-21T15:03:53Z,2026-09-21T17:03:53+0200,64c0287b-156f-40b5-84f7-0120ae7a02a8,2026-09-19T10:00:00Z,2026-09-19T12:00:00+0200,5466.0,MW,PT,PT,forecast_load,Forecasted Load,2026-09-21T15:04:22Z
2026-09-21T15:03:53Z,2026-09-21T17:03:53+0200,64c0287b-156f-40b5-84f7-0120ae7a02a8,2026-09-19T11:00:00Z,2026-09-19T13:00:00+0200,5510.0,MW,PT,PT,forecast_load,Forecasted Load,2026-09-21T15:04:22Z
2026-09-21T15:03:53Z,2026-09-21T17:03:53+0200,64c0287b-156f-40b5-84f7-0120ae7a02a8,2026-09-19T12:00:00Z,2026-09-19T14:00:00+0200,5360.0,MW,PT,PT,forecast_load,Forecasted Load,2026-09-21T15:04:22Z
2026-09-21T15:03:53Z,2026-09-21T17:03:53+0200,64c0287b-156f-40b5-84f7-0120ae7a02a8,2026-09-19T13:00:00Z,2026-09-19T15:00:00+0200,5272.0,MW,PT,PT,forecast_load,Forecasted Load,2026-09-21T15:04:22Z
2026-09-21T15:03:53Z,2026-09-21T17:03:53+0200,64c0287b-156f-40b5-84f7-0120ae7a02a8,2026-09-19T14:00:00Z,2026-09-19T16:00:00+0200,5325.0,MW,PT,PT,forecast_load,Forecasted Load,2026-09-21T15:04:22Z
2026-09-21T15:03:53Z,2026-09-21T17:03:53+0200,64c0287b-156f-40b5-84f7-0120ae7a02a8,2026-09-19T15:00:00Z,2026-09-19T17:00:00+0200,5471.0,MW,PT,PT,forecast_load,Forecasted Load,2026-09-21T15:04:22Z
2026-09-21T15:03:53Z,2026-09-21T17:03:53+0200,64c0287b-156f-40b5-84f7-0120ae7a02a8,2026-09-19T16:00:00Z,2026-09-19T18:00:00+0200,5779.0,MW,PT,PT,forecast_load,Forecasted Load,2026-09-21T15:04:22Z
2026-09-21T15:03:53Z,2026-09-21T17:03:53+0200,64c0287b-156f-40b5-84f7-0120ae7a02a8,2026-09-19T17:00:00Z,2026-09-19T19:00:00+0200,6164.0,MW,PT,PT,forecast_load,Forecasted Load,2026-09-21T15:04:22Z
2026-09-21T15:03:53Z,2026-09-21T17:03:53+0200,64c0287b-156f-40b5-84f7-0120ae7a02a8,2026-09-19T18:00:00Z,2026-09-19T20:00:00+0200,6595.0,MW,PT,PT,forecast_load,Forecasted Load,2026-09-21T15:04:22Z
2026-09-21T15:03:53Z,2026-09-21T17:03:53+0200,64c0287b-156f-40b5-84f7-0120ae7a02a8,2026-09-19T19:00:00Z,2026-09-19T21:00:00+0200,6833.0,MW,PT,PT,forecast_load,Forecasted Load,2026-09-21T15:04:22Z
2026-09-21T15:03:53Z,2026-09-21T17:03:53+0200,64c0287b-156f-40b5-84f7-0120ae7a02a8,2026-09-19T20:00:00Z,2026-09-19T22:00:00+0200,6432.0,MW,PT,PT,forecast_load,Forecasted Load,2026-09-21T15:04:22Z
2026-09-21T15:03:53Z,2026-09-21T17:03:53+0200,64c0287b-156f-40b5-84f7-0120ae7a02a8,2026-09-19T21:00:00Z,2026-09-19T23:00:00+0200,6035.0,MW,PT,PT,forecast_load,Forecasted Load,2026-09-21T15:04:22Z
2026-09-21T15:03:53Z,2026-09-21T17:03:53+0200,64c0287b-156f-40b5-84f7-0120ae7a02a8,2026-09-19T22:00:00Z,2026-09-20T00:00:00+0200,5634.0,MW,PT,PT,forecast_load,Forecasted Load,2026-09-21T15:04:22Z
2026-09-21T15:03:53Z,2026-09-21T17:03:53+0200,64c0287b-156f-40b5-84f7-0120ae7a02a8,2026-09-19T23:00:00Z,2026-09-20T01:00:00+0200,5281.0,MW,PT,PT,forecast_load,Forecasted Load,2026-09-21T15:04:22Z
2026-09-21T15:03:53Z,2026-09-21T17:03:53+0200,64c0287b-156f-40b5-84f7-0120ae7a02a8,2026-09-20T00:00:00Z,2026-09-20T02:00:00+0200,4993.0,MW,PT,PT,forecast_load,Forecasted Load,2026-09-21T15:04:22Z
2026-09-21T15:03:53Z,2026-09-21T17:03:53+0200,64c0287b-156f-40b5-84f7-0120ae7a02a8,2026-09-20T01:00:00Z,2026-09-20T03:00:00+0200,4754.0,MW,PT,PT,forecast_load,Forecasted Load,2026-09-21T15:04:22Z
2026-09-21T15:03:53Z,2026-09-21T17:03:53+0200,64c0287b-156f-40b5-84f7-0120ae7a02a8,2026-09-20T02:00:00Z,2026-09-20T04:00:00+0200,4628.0,MW,PT,PT,forecast_load,Forecasted Load,2026-09-21T15:04:22Z
2026-09-21T15:03:53Z,2026-09-21T17:03:53+0200,64c0287b-156f-40b5-84f7-0120ae7a02a8,2026-09-20T03:00:00Z,2026-09-20T05:00:00+0200,4573.0,MW,PT,PT,forecast_load,Forecasted Load,2026-09-21T15:04:22Z
2026-09-21T15:03:53Z,2026-09-21T17:03:53+0200,64c0287b-156f-40b5-84f7-0120ae7a02a8,2026-09-20T04:00:00Z,2026-09-20T06:00:00+0200,4572.0,MW,PT,PT,forecast_load,Forecasted Load,2026-09-21T15:04:22Z
2026-09-21T15:03:53Z,2026-09-21T17:03:53+0200,64c0287b-156f-40b5-84f7-0120ae7a02a8,2026-09-20T05:00:00Z,2026-09-20T07:00:00+0200,4671.0,MW,PT,PT,forecast_load,Forecasted Load,2026-09-21T15:04:22Z
2026-09-21T15:03:53Z,2026-09-21T17:03:53+0200,64c0287b-156f-40b5-84f7-0120ae7a02a8,2026-09-20T06:00:00Z,2026-09-20T08:00:00+0200,4739.0,MW,PT,PT,forecast_load,Forecasted Load,2026-09-21T15:04:22Z
2026-09-21T15:03:53Z,2026-09-21T17:03:53+0200,64c0287b-156f-40b5-84f7-0120ae7a02a8,2026-09-20T07:00:00Z,2026-09-20T09:00:00+0200,4912.0,MW,PT,PT,forecast_load,Forecasted Load,2026-09-21T15:04:22Z
2026-09-21T15:03:53Z,2026-09-21T17:03:53+0200,64c0287b-156f-40b5-84f7-0120ae7a02a8,2026-09-20T08:00:00Z,2026-09-20T10:00:00+0200,5098.0,MW,PT,PT,forecast_load,Forecasted Load,2026-09-21T15:04:22Z
2026-09-21T15:03:53Z,2026-09-21T17:03:53+0200,64c0287b-156f-40b5-84f7-0120ae7a02a8,2026-09-20T09:00:00Z,2026-09-20T11:00:00+0200,5186.0,MW,PT,PT,forecast_load,Forecasted Load,2026-09-21T15:04:22Z
2026-09-21T15:03:53Z,2026-09-21T17:03:53+0200,64c0287b-156f-40b5-84f7-0120ae7a02a8,2026-09-20T10:00:00Z,2026-09-20T12:00:00+0200,5236.0,MW,PT,PT,forecast_load,Forecasted Load,2026-09-21T15:04:22Z
2026-09-21T15:03:53Z,2026-09-21T17:03:53+0200,64c0287b-156f-40b5-84f7-0120ae7a02a8,2026-09-20T11:00:00Z,2026-09-20T13:00:00+0200,5313.0,MW,PT,PT,forecast_load,Forecasted Load,2026-09-21T15:04:22Z
2026-09-21T15:03:53Z,2026-09-21T17:03:53+0200,64c0287b-156f-40b5-84f7-0120ae7a02a8,2026-09-20T12:00:00Z,2026-09-20T14:00:00+0200,5180.0,MW,PT,PT,forecast_load,Forecasted Load,2026-09-21T15:04:22Z
2026-09-21T15:03:53Z,2026-09-21T17:03:53+0200,64c0287b-156f-40b5-84f7-0120ae7a02a8,2026-09-20T13:00:00Z,2026-09-20T15:00:00+0200,5062.0,MW,PT,PT,forecast_load,Forecasted Load,2026-09-21T15:04:22Z
2026-09-21T15:03:53Z,2026-09-21T17:03:53+0200,64c0287b-156f-40b5-84f7-0120ae7a02a8,2026-09-20T14:00:00Z,2026-09-20T16:00:00+0200,5073.0,MW,PT,PT,forecast_load,Forecasted Load,2026-09-21T15:04:22Z
2026-09-21T15:03:53Z,2026-09-21T17:03:53+0200,64c0287b-156f-40b5-84f7-0120ae7a02a8,2026-09-20T15:00:00Z,2026-09-20T17:00:00+0200,5224.0,MW,PT,PT,forecast_load,Forecasted Load,2026-09-21T15:04:22Z
2026-09-21T15:03:53Z,2026-09-21T17:03:53+0200,64c0287b-156f-40b5-84f7-0120ae7a02a8,2026-09-20T16:00:00Z,2026-09-20T18:00:00+0200,5594.0,MW,PT,PT,forecast_load,Forecasted Load,2026-09-21T15:04:22Z
2026-09-21T15:03:53Z,2026-09-21T17:03:53+0200,64c0287b-156f-40b5-84f7-0120ae7a02a8,2026-09-20T17:00:00Z,2026-09-20T19:00:00+0200,6018.0,MW,PT,PT,forecast_load,Forecasted Load,2026-09-21T15:04:22Z
2026-09-21T15:03:53Z,2026-09-21T17:03:53+0200,64c0287b-156f-40b5-84f7-0120ae7a02a8,2026-09-20T18:00:00Z,2026-09-20T20:00:00+0200,6496.0,MW,PT,PT,forecast_load,Forecasted Load,2026-09-21T15:04:22Z
2026-09-21T15:03:53Z,2026-09-21T17:03:53+0200,64c0287b-156f-40b5-84f7-0120ae7a02a8,2026-09-20T19:00:00Z,2026-09-20T21:00:00+0200,6814.0,MW,PT,PT,forecast_load,Forecasted Load,2026-09-21T15:04:22Z
2026-09-21T15:03:53Z,2026-09-21T17:03:53+0200,64c0287b-156f-40b5-84f7-0120ae7a02a8,2026-09-20T20:00:00Z,2026-09-20T22:00:00+0200,6452.0,MW,PT,PT,forecast_load,Forecasted Load,2026-09-21T15:04:22Z
2026-09-21T15:03:53Z,2026-09-21T17:03:53+0200,64c0287b-156f-40b5-84f7-0120ae7a02a8,2026-09-20T21:00:00Z,2026-09-20T23:00:00+0200,6070.0,MW,PT,PT,forecast_load,Forecasted Load,2026-09-21T15:04:22Z
2026-09-21T15:03:53Z,2026-09-21T17:03:53+0200,64c0287b-156f-40b5-84f7-0120ae7a02a8,2026-09-20T22:00:00Z,2026-09-21T00:00:00+0200,5647.0,MW,PT,PT,forecast_load,Forecasted Load,2026-09-21T15:04:22Z
2026-09-21T15:03:53Z,2026-09-21T17:03:53+0200,64c0287b-156f-40b5-84f7-0120ae7a02a8,2026-09-20T23:00:00Z,2026-09-21T01:00:00+0200,5447.0,MW,PT,PT,forecast_load,Forecasted Load,2026-09-21T15:04:22Z
2026-09-21T15:03:53Z,2026-09-21T17:03:53+0200,64c0287b-156f-40b5-84f7-0120ae7a02a8,2026-09-21T00:00:00Z,2026-09-21T02:00:00+0200,5164.0,MW,PT,PT,forecast_load,Forecasted Load,2026-09-21T15:04:22Z
2026-09-21T15:03:53Z,2026-09-21T17:03:53+0200,64c0287b-156f-40b5-84f7-0120ae7a02a8,2026-09-21T01:00:00Z,2026-09-21T03:00:00+0200,4944.0,MW,PT,PT,forecast_load,Forecasted Load,2026-09-21T15:04:22Z
2026-09-21T15:03:53Z,2026-09-21T17:03:53+0200,64c0287b-156f-40b5-84f7-0120ae7a02a8,2026-09-21T02:00:00Z,2026-09-21T04:00:00+0200,4862.0,MW,PT,PT,forecast_load,Forecasted Load,2026-09-21T15:04:22Z
2026-09-21T15:03:53Z,2026-09-21T17:03:53+0200,64c0287b-156f-40b5-84f7-0120ae7a02a8,2026-09-21T03:00:00Z,2026-09-21T05:00:00+0200,4826.0,MW,PT,PT,forecast_load,Forecasted Load,2026-09-21T15:04:22Z
2026-09-21T15:03:53Z,2026-09-21T17:03:53+0200,64c0287b-156f-40b5-84f7-0120ae7a02a8,2026-09-21T04:00:00Z,2026-09-21T06:00:00+0200,4963.0,MW,PT,PT,forecast_load,Forecasted Load,2026-09-21T15:04:22Z
2026-09-21T15:03:53Z,2026-09-21T17:03:53+0200,64c0287b-156f-40b5-84f7-0120ae7a02a8,2026-09-21T05:00:00Z,2026-09-21T07:00:00+0200,5370.0,MW,PT,PT,forecast_load,Forecasted Load,2026-09-21T15:04:22Z
2026-09-21T15:03:53Z,2026-09-21T17:03:53+0200,64c0287b-156f-40b5-84f7-0120ae7a02a8,2026-09-21T06:00:00Z,2026-09-21T08:00:00+0200,5998.0,MW,PT,PT,forecast_load,Forecasted Load,2026-09-21T15:04:22Z
2026-09-21T15:03:53Z,2026-09-21T17:03:53+0200,64c0287b-156f-40b5-84f7-0120ae7a02a8,2026-09-21T07:00:00Z,2026-09-21T09:00:00+0200,6611.0,MW,PT,PT,forecast_load,Forecasted Load,2026-09-21T15:04:22Z
2026-09-21T15:03:53Z,2026-09-21T17:03:53+0200,64c0287b-156f-40b5-84f7-0120ae7a02a8,2026-09-21T08:00:00Z,2026-09-21T10:00:00+0200,6844.0,MW,PT,PT,forecast_load,Forecasted Load,2026-09-21T15:04:22Z
2026-09-21T15:03:53Z,2026-09-21T17:03:53+0200,64c0287b-156f-40b5-84f7-0120ae7a02a8,2026-09-21T09:00:00Z,2026-09-21T11:00:00+0200,6797.0,MW,PT,PT,forecast_load,Forecasted Load,2026-09-21T15:04:22Z
2026-09-21T15:03:53Z,2026-09-21T17:03:53+0200,64c0287b-156f-40b5-84f7-0120ae7a02a8,2026-09-21T10:00:00Z,2026-09-21T12:00:00+0200,6773.0,MW,PT,PT,forecast_load,Forecasted Load,2026-09-21T15:04:22Z
2026-09-21T15:03:53Z,2026-09-21T17:03:53+0200,64c0287b-156f-40b5-84f7-0120ae7a02a8,2026-09-21T11:00:00Z,2026-09-21T13:00:00+0200,6705.0,MW,PT,PT,forecast_load,Forecasted Load,2026-09-21T15:04:22Z
2026-09-21T15:03:53Z,2026-09-21T17:03:53+0200,64c0287b-156f-40b5-84f7-0120ae7a02a8,2026-09-21T12:00:00Z,2026-09-21T14:00:00+0200,6667.0,MW,PT,PT,forecast_load,Forecasted Load,2026-09-21T15:04:22Z
2026-09-21T15:03:53Z,2026-09-21T17:03:53+0200,64c0287b-156f-40b5-84f7-0120ae7a02a8,2026-09-21T13:00:00Z,2026-09-21T15:00:00+0200,6869.0,MW,PT,PT,forecast_load,Forecasted Load,2026-09-21T15:04:22Z
2026-09-21T15:03:53Z,2026-09-21T17:03:53+0200,64c0287b-156f-40b5-84f7-0120ae7a02a8,2026-09-21T14:00:00Z,2026-09-21T16:00:00+0200,6967.0,MW,PT,PT,forecast_load,Forecasted Load,2026-09-21T15:04:22Z
2026-09-21T15:03:53Z,2026-09-21T17:03:53+0200,64c0287b-156f-40b5-84f7-0120ae7a02a8,2026-09-21T16:00:00Z,2026-09-21T18:00:00+0200,7246.0,MW,PT,PT,forecast_load,Forecasted Load,2026-09-21T15:04:24Z
2026-09-21T15:03:53Z,2026-09-21T17:03:53+0200,64c0287b-156f-40b5-84f7-0120ae7a02a8,2026-09-21T17:00:00Z,2026-09-21T19:00:00+0200,7464.0,MW,PT,PT,forecast_load,Forecasted Load,2026-09-21T15:04:24Z
2026-09-21T15:03:53Z,2026-09-21T17:03:53+0200,64c0287b-156f-40b5-84f7-0120ae7a02a8,2026-09-21T18:00:00Z,2026-09-21T20:00:00+0200,7861.0,MW,PT,PT,forecast_load,Forecasted Load,2026-09-21T15:04:24Z
2026-09-21T15:03:53Z,2026-09-21T17:03:53+0200,64c0287b-156f-40b5-84f7-0120ae7a02a8,2026-09-21T19:00:00Z,2026-09-21T21:00:00+0200,7937.0,MW,PT,PT,forecast_load,Forecasted Load,2026-09-21T15:04:24Z
2026-09-21T15:03:53Z,2026-09-21T17:03:53+0200,64c0287b-156f-40b5-84f7-0120ae7a02a8,2026-09-21T20:00:00Z,2026-09-21T22:00:00+0200,7419.0,MW,PT,PT,forecast_load,Forecasted Load,2026-09-21T15:04:24Z
2026-09-21T15:03:53Z,2026-09-21T17:03:53+0200,64c0287b-156f-40b5-84f7-0120ae7a02a8,2026-09-21T21:00:00Z,2026-09-21T23:00:00+0200,6889.0,MW,PT,PT,forecast_load,Forecasted Load,2026-09-21T15:04:24Z
2026-09-21T15:03:53Z,2026-09-21T17:03:53+0200,64c0287b-156f-40b5-84f7-0120ae7a02a8,2026-09-21T22:00:00Z,2026-09-22T00:00:00+0200,6309.0,MW,PT,PT,forecast_load,Forecasted Load,2026-09-21T15:04:24Z
2026-09-21T15:03:53Z,2026-09-21T17:03:53+0200,64c0287b-156f-40b5-84f7-0120ae7a02a8,2026-09-21T23:00:00Z,2026-09-22T01:00:00+0200,5871.0,MW,PT,PT,forecast_load,Forecasted Load,2026-09-21T15:04:24Z
2026-09-21T15:03:53Z,2026-09-21T17:03:53+0200,64c0287b-156f-40b5-84f7-0120ae7a02a8,2026-09-22T00:00:00Z,2026-09-22T02:00:00+0200,5554.0,MW,PT,PT,forecast_load,Forecasted Load,2026-09-21T15:04:24Z
2026-09-21T15:03:53Z,2026-09-21T17:03:53+0200,64c0287b-156f-40b5-84f7-0120ae7a02a8,2026-09-22T01:00:00Z,2026-09-22T03:00:00+0200,5341.0,MW,PT,PT,forecast_load,Forecasted Load,2026-09-21T15:04:24Z
2026-09-21T15:03:53Z,2026-09-21T17:03:53+0200,64c0287b-156f-40b5-84f7-0120ae7a02a8,2026-09-22T02:00:00Z,2026-09-22T04:00:00+0200,5223.0,MW,PT,PT,forecast_load,Forecasted Load,2026-09-21T15:04:24Z
2026-09-21T15:03:53Z,2026-09-21T17:03:53+0200,64c0287b-156f-40b5-84f7-0120ae7a02a8,2026-09-22T03:00:00Z,2026-09-22T05:00:00+0200,5170.0,MW,PT,PT,forecast_load,Forecasted Load,2026-09-21T15:04:24Z
2026-09-21T15:03:53Z,2026-09-21T17:03:53+0200,64c0287b-156f-40b5-84f7-0120ae7a02a8,2026-09-22T04:00:00Z,2026-09-22T06:00:00+0200,5267.0,MW,PT,PT,forecast_load,Forecasted Load,2026-09-21T15:04:24Z
2026-09-21T15:03:53Z,2026-09-21T17:03:53+0200,64c0287b-156f-40b5-84f7-0120ae7a02a8,2026-09-22T05:00:00Z,2026-09-22T07:00:00+0200,5647.0,MW,PT,PT,forecast_load,Forecasted Load,2026-09-21T15:04:24Z
2026-09-21T15:03:53Z,2026-09-21T17:03:53+0200,64c0287b-156f-40b5-84f7-0120ae7a02a8,2026-09-22T06:00:00Z,2026-09-22T08:00:00+0200,6283.0,MW,PT,PT,forecast_load,Forecasted Load,2026-09-21T15:04:24Z
2026-09-21T15:03:53Z,2026-09-21T17:03:53+0200,64c0287b-156f-40b5-84f7-0120ae7a02a8,2026-09-22T07:00:00Z,2026-09-22T09:00:00+0200,6821.0,MW,PT,PT,forecast_load,Forecasted Load,2026-09-21T15:04:24Z
2026-09-21T15:03:53Z,2026-09-21T17:03:53+0200,64c0287b-156f-40b5-84f7-0120ae7a02a8,2026-09-22T08:00:00Z,2026-09-22T10:00:00+0200,7028.0,MW,PT,PT,forecast_load,Forecasted Load,2026-09-21T15:04:24Z
2026-09-21T15:03:53Z,2026-09-21T17:03:53+0200,64c0287b-156f-40b5-84f7-0120ae7a02a8,2026-09-22T09:00:00Z,2026-09-22T11:00:00+0200,6954.0,MW,PT,PT,forecast_load,Forecasted Load,2026-09-21T15:04:24Z
2026-09-21T15:03:53Z,2026-09-21T17:03:53+0200,64c0287b-156f-40b5-84f7-0120ae7a02a8,2026-09-22T10:00:00Z,2026-09-22T12:00:00+0200,6909.0,MW,PT,PT,forecast_load,Forecasted Load,2026-09-21T15:04:24Z
2026-09-21T15:03:53Z,2026-09-21T17:03:53+0200,64c0287b-156f-40b5-84f7-0120ae7a02a8,2026-09-22T11:00:00Z,2026-09-22T13:00:00+0200,6841.0,MW,PT,PT,forecast_load,Forecasted Load,2026-09-21T15:04:24Z
2026-09-21T15:03:53Z,2026-09-21T17:03:53+0200,64c0287b-156f-40b5-84f7-0120ae7a02a8,2026-09-22T12:00:00Z,2026-09-22T14:00:00+0200,6831.0,MW,PT,PT,forecast_load,Forecasted Load,2026-09-21T15:04:24Z
2026-09-21T15:03:53Z,2026-09-21T17:03:53+0200,64c0287b-156f-40b5-84f7-0120ae7a02a8,2026-09-22T13:00:00Z,2026-09-22T15:00:00+0200,7028.0,MW,PT,PT,forecast_load,Forecasted Load,2026-09-21T15:04:24Z
2026-09-21T15:03:53Z,2026-09-21T17:03:53+0200,64c0287b-156f-40b5-84f7-0120ae7a02a8,2026-09-22T14:00:00Z,2026-09-22T16:00:00+0200,7146.0,MW,PT,PT,forecast_load,Forecasted Load,2026-09-21T15:04:24Z
2026-09-21T15:03:53Z,2026-09-21T17:03:53+0200,64c0287b-156f-40b5-84f7-0120ae7a02a8,2026-09-22T15:00:00Z,2026-09-22T17:00:00+0200,7298.0,MW,PT,PT,forecast_load,Forecasted Load,2026-09-21T15:04:24Z
2026-09-21T15:03:53Z,2026-09-21T17:03:53+0200,64c0287b-156f-40b5-84f7-0120ae7a02a8,2026-09-22T16:00:00Z,2026-09-22T18:00:00+0200,7431.0,MW,PT,PT,forecast_load,Forecasted Load,2026-09-21T15:04:24Z
2026-09-21T15:03:53Z,2026-09-21T17:03:53+0200,64c0287b-156f-40b5-84f7-0120ae7a02a8,2026-09-22T17:00:00Z,2026-09-22T19:00:00+0200,7629.0,MW,PT,PT,forecast_load,Forecasted Load,2026-09-21T15:04:24Z
2026-09-21T15:03:53Z,2026-09-21T17:03:53+0200,64c0287b-156f-40b5-84f7-0120ae7a02a8,2026-09-22T18:00:00Z,2026-09-22T20:00:00+0200,8046.0,MW,PT,PT,forecast_load,Forecasted Load,2026-09-21T15:04:24Z
2026-09-21T15:03:53Z,2026-09-21T17:03:53+0200,64c0287b-156f-40b5-84f7-0120ae7a02a8,2026-09-22T19:00:00Z,2026-09-22T21:00:00+0200,8087.0,MW,PT,PT,forecast_load,Forecasted Load,2026-09-21T15:04:24Z
2026-09-21T15:03:53Z,2026-09-21T17:03:53+0200,64c0287b-156f-40b5-84f7-0120ae7a02a8,2026-09-22T20:00:00Z,2026-09-22T22:00:00+0200,7565.0,MW,PT,PT,forecast_load,Forecasted Load,2026-09-21T15:04:24Z
2026-09-21T15:03:53Z,2026-09-21T17:03:53+0200,64c0287b-156f-40b5-84f7-0120ae7a02a8,2026-09-22T21:00:00Z,2026-09-22T23:00:00+0200,7024.0,MW,PT,PT,forecast_load,Forecasted Load,2026-09-21T15:04:24Z
2026-09-21T15:03:53Z,2026-09-21T17:03:53+0200,64c0287b-156f-40b5-84f7-0120ae7a02a8,2026-09-22T22:00:00Z,2026-09-23T00:00:00+0200,6420.0,MW,PT,PT,forecast_load,Forecasted Load,2026-09-21T15:04:24Z
