collection_time_utc,collection_time_local,run_id,timestamp_utc,timestamp_local,value,unit,country,entsoe_area,variable,source,updated_at_utc
2026-09-23T16:02:32Z,2026-09-23T18:02:32+0200,e4928401-3100-4766-a120-d8d7cc3fbb18,2026-09-16T16:15:00Z,2026-09-16T18:15:00+0200,10504.20532,MW,DE,DE_LU,actual_onshore_wind_generation,Wind Onshore,2026-09-23T16:04:10Z
2026-09-23T16:02:32Z,2026-09-23T18:02:32+0200,e4928401-3100-4766-a120-d8d7cc3fbb18,2026-09-16T16:30:00Z,2026-09-16T18:30:00+0200,9992.22762,MW,DE,DE_LU,actual_onshore_wind_generation,Wind Onshore,2026-09-23T16:04:10Z
2026-09-23T16:02:32Z,2026-09-23T18:02:32+0200,e4928401-3100-4766-a120-d8d7cc3fbb18,2026-09-16T16:45:00Z,2026-09-16T18:45:00+0200,9428.00269,MW,DE,DE_LU,actual_onshore_wind_generation,Wind Onshore,2026-09-23T16:04:10Z
2026-09-23T16:02:32Z,2026-09-23T18:02:32+0200,e4928401-3100-4766-a120-d8d7cc3fbb18,2026-09-16T17:00:00Z,2026-09-16T19:00:00+0200,9278.54103,MW,DE,DE_LU,actual_onshore_wind_generation,Wind Onshore,2026-09-23T16:04:10Z
2026-09-23T16:02:32Z,2026-09-23T18:02:32+0200,e4928401-3100-4766-a120-d8d7cc3fbb18,2026-09-16T17:15:00Z,2026-09-16T19:15:00+0200,9747.97764,MW,DE,DE_LU,actual_onshore_wind_generation,Wind Onshore,2026-09-23T16:04:10Z
2026-09-23T16:02:32Z,2026-09-23T18:02:32+0200,e4928401-3100-4766-a120-d8d7cc3fbb18,2026-09-16T17:30:00Z,2026-09-16T19:30:00+0200,9585.50455,MW,DE,DE_LU,actual_onshore_wind_generation,Wind Onshore,2026-09-23T16:04:10Z
2026-09-23T16:02:32Z,2026-09-23T18:02:32+0200,e4928401-3100-4766-a120-d8d7cc3fbb18,2026-09-16T17:45:00Z,2026-09-16T19:45:00+0200,9399.79914,MW,DE,DE_LU,actual_onshore_wind_generation,Wind Onshore,2026-09-23T16:04:10Z
2026-09-23T16:02:32Z,2026-09-23T18:02:32+0200,e4928401-3100-4766-a120-d8d7cc3fbb18,2026-09-16T18:00:00Z,2026-09-16T20:00:00+0200,9634.93586,MW,DE,DE_LU,actual_onshore_wind_generation,Wind Onshore,2026-09-23T16:04:10Z
2026-09-23T16:02:32Z,2026-09-23T18:02:32+0200,e4928401-3100-4766-a120-d8d7cc3fbb18,2026-09-16T18:15:00Z,2026-09-16T20:15:00+0200,9967.42986,MW,DE,DE_LU,actual_onshore_wind_generation,Wind Onshore,2026-09-23T16:04:10Z
2026-09-23T16:02:32Z,2026-09-23T18:02:32+0200,e4928401-3100-4766-a120-d8d7cc3fbb18,2026-09-16T18:30:00Z,2026-09-16T20:30:00+0200,10429.09609,MW,DE,DE_LU,actual_onshore_wind_generation,Wind Onshore,2026-09-23T16:04:10Z
2026-09-23T16:02:32Z,2026-09-23T18:02:32+0200,e4928401-3100-4766-a120-d8d7cc3fbb18,2026-09-16T18:45:00Z,2026-09-16T20:45:00+0200,10710.19951,MW,DE,DE_LU,actual_onshore_wind_generation,Wind Onshore,2026-09-23T16:04:10Z
2026-09-23T16:02:32Z,2026-09-23T18:02:32+0200,e4928401-3100-4766-a120-d8d7cc3fbb18,2026-09-16T19:00:00Z,2026-09-16T21:00:00+0200,10936.07939,MW,DE,DE_LU,actual_onshore_wind_generation,Wind Onshore,2026-09-23T16:04:10Z
2026-09-23T16:02:32Z,2026-09-23T18:02:32+0200,e4928401-3100-4766-a120-d8d7cc3fbb18,2026-09-16T19:15:00Z,2026-09-16T21:15:00+0200,11214.92332,MW,DE,DE_LU,actual_onshore_wind_generation,Wind Onshore,2026-09-23T16:04:10Z
2026-09-23T16:02:32Z,2026-09-23T18:02:32+0200,e4928401-3100-4766-a120-d8d7cc3fbb18,2026-09-16T19:30:00Z,2026-09-16T21:30:00+0200,11469.95258,MW,DE,DE_LU,actual_onshore_wind_generation,Wind Onshore,2026-09-23T16:04:10Z
2026-09-23T16:02:32Z,2026-09-23T18:02:32+0200,e4928401-3100-4766-a120-d8d7cc3fbb18,2026-09-16T19:45:00Z,2026-09-16T21:45:00+0200,11654.86148,MW,DE,DE_LU,actual_onshore_wind_generation,Wind Onshore,2026-09-23T16:04:10Z
2026-09-23T16:02:32Z,2026-09-23T18:02:32+0200,e4928401-3100-4766-a120-d8d7cc3fbb18,2026-09-16T20:00:00Z,2026-09-16T22:00:00+0200,11576.86625,MW,DE,DE_LU,actual_onshore_wind_generation,Wind Onshore,2026-09-23T16:04:10Z
2026-09-23T16:02:32Z,2026-09-23T18:02:32+0200,e4928401-3100-4766-a120-d8d7cc3fbb18,2026-09-16T20:15:00Z,2026-09-16T22:15:00+0200,11545.08365,MW,DE,DE_LU,actual_onshore_wind_generation,Wind Onshore,2026-09-23T16:04:10Z
2026-09-23T16:02:32Z,2026-09-23T18:02:32+0200,e4928401-3100-4766-a120-d8d7cc3fbb18,2026-09-16T20:30:00Z,2026-09-16T22:30:00+0200,11500.13031,MW,DE,DE_LU,actual_onshore_wind_generation,Wind Onshore,2026-09-23T16:04:10Z
2026-09-23T16:02:32Z,2026-09-23T18:02:32+0200,e4928401-3100-4766-a120-d8d7cc3fbb18,2026-09-16T20:45:00Z,2026-09-16T22:45:00+0200,11920.02138,MW,DE,DE_LU,actual_onshore_wind_generation,Wind Onshore,2026-09-23T16:04:10Z
2026-09-23T16:02:32Z,2026-09-23T18:02:32+0200,e4928401-3100-4766-a120-d8d7cc3fbb18,2026-09-16T21:00:00Z,2026-09-16T23:00:00+0200,12354.11191,MW,DE,DE_LU,actual_onshore_wind_generation,Wind Onshore,2026-09-23T16:04:10Z
2026-09-23T16:02:32Z,2026-09-23T18:02:32+0200,e4928401-3100-4766-a120-d8d7cc3fbb18,2026-09-16T21:15:00Z,2026-09-16T23:15:00+0200,12651.92702,MW,DE,DE_LU,actual_onshore_wind_generation,Wind Onshore,2026-09-23T16:04:10Z
2026-09-23T16:02:32Z,2026-09-23T18:02:32+0200,e4928401-3100-4766-a120-d8d7cc3fbb18,2026-09-16T21:30:00Z,2026-09-16T23:30:00+0200,12757.39334,MW,DE,DE_LU,actual_onshore_wind_generation,Wind Onshore,2026-09-23T16:04:10Z
2026-09-23T16:02:32Z,2026-09-23T18:02:32+0200,e4928401-3100-4766-a120-d8d7cc3fbb18,2026-09-16T21:45:00Z,2026-09-16T23:45:00+0200,12815.92928,MW,DE,DE_LU,actual_onshore_wind_generation,Wind Onshore,2026-09-23T16:04:10Z
2026-09-23T16:02:32Z,2026-09-23T18:02:32+0200,e4928401-3100-4766-a120-d8d7cc3fbb18,2026-09-16T22:00:00Z,2026-09-17T00:00:00+0200,12703.41381,MW,DE,DE_LU,actual_onshore_wind_generation,Wind Onshore,2026-09-23T16:04:10Z
2026-09-23T16:02:32Z,2026-09-23T18:02:32+0200,e4928401-3100-4766-a120-d8d7cc3fbb18,2026-09-16T22:15:00Z,2026-09-17T00:15:00+0200,12550.77056,MW,DE,DE_LU,actual_onshore_wind_generation,Wind Onshore,2026-09-23T16:04:10Z
2026-09-23T16:02:32Z,2026-09-23T18:02:32+0200,e4928401-3100-4766-a120-d8d7cc3fbb18,2026-09-16T22:30:00Z,2026-09-17T00:30:00+0200,12488.13114,MW,DE,DE_LU,actual_onshore_wind_generation,Wind Onshore,2026-09-23T16:04:10Z
2026-09-23T16:02:32Z,2026-09-23T18:02:32+0200,e4928401-3100-4766-a120-d8d7cc3fbb18,2026-09-16T22:45:00Z,2026-09-17T00:45:00+0200,12400.57007,MW,DE,DE_LU,actual_onshore_wind_generation,Wind Onshore,2026-09-23T16:04:10Z
2026-09-23T16:02:32Z,2026-09-23T18:02:32+0200,e4928401-3100-4766-a120-d8d7cc3fbb18,2026-09-16T23:00:00Z,2026-09-17T01:00:00+0200,12111.2191,MW,DE,DE_LU,actual_onshore_wind_generation,Wind Onshore,2026-09-23T16:04:10Z
2026-09-23T16:02:32Z,2026-09-23T18:02:32+0200,e4928401-3100-4766-a120-d8d7cc3fbb18,2026-09-16T23:15:00Z,2026-09-17T01:15:00+0200,12006.52489,MW,DE,DE_LU,actual_onshore_wind_generation,Wind Onshore,2026-09-23T16:04:10Z
2026-09-23T16:02:32Z,2026-09-23T18:02:32+0200,e4928401-3100-4766-a120-d8d7cc3fbb18,2026-09-16T23:30:00Z,2026-09-17T01:30:00+0200,12016.19634,MW,DE,DE_LU,actual_onshore_wind_generation,Wind Onshore,2026-09-23T16:04:10Z
2026-09-23T16:02:32Z,2026-09-23T18:02:32+0200,e4928401-3100-4766-a120-d8d7cc3fbb18,2026-09-16T23:45:00Z,2026-09-17T01:45:00+0200,11872.39072,MW,DE,DE_LU,actual_onshore_wind_generation,Wind Onshore,2026-09-23T16:04:10Z
2026-09-23T16:02:32Z,2026-09-23T18:02:32+0200,e4928401-3100-4766-a120-d8d7cc3fbb18,2026-09-17T00:00:00Z,2026-09-17T02:00:00+0200,11761.23858,MW,DE,DE_LU,actual_onshore_wind_generation,Wind Onshore,2026-09-23T16:04:10Z
2026-09-23T16:02:32Z,2026-09-23T18:02:32+0200,e4928401-3100-4766-a120-d8d7cc3fbb18,2026-09-17T00:15:00Z,2026-09-17T02:15:00+0200,11809.14562,MW,DE,DE_LU,actual_onshore_wind_generation,Wind Onshore,2026-09-23T16:04:10Z
2026-09-23T16:02:32Z,2026-09-23T18:02:32+0200,e4928401-3100-4766-a120-d8d7cc3fbb18,2026-09-17T00:30:00Z,2026-09-17T02:30:00+0200,11844.67223,MW,DE,DE_LU,actual_onshore_wind_generation,Wind Onshore,2026-09-23T16:04:10Z
2026-09-23T16:02:32Z,2026-09-23T18:02:32+0200,e4928401-3100-4766-a120-d8d7cc3fbb18,2026-09-17T00:45:00Z,2026-09-17T02:45:00+0200,11682.31887,MW,DE,DE_LU,actual_onshore_wind_generation,Wind Onshore,2026-09-23T16:04:10Z
2026-09-23T16:02:32Z,2026-09-23T18:02:32+0200,e4928401-3100-4766-a120-d8d7cc3fbb18,2026-09-17T01:00:00Z,2026-09-17T03:00:00+0200,11579.92797,MW,DE,DE_LU,actual_onshore_wind_generation,Wind Onshore,2026-09-23T16:04:10Z
2026-09-23T16:02:32Z,2026-09-23T18:02:32+0200,e4928401-3100-4766-a120-d8d7cc3fbb18,2026-09-17T01:15:00Z,2026-09-17T03:15:00+0200,11613.93464,MW,DE,DE_LU,actual_onshore_wind_generation,Wind Onshore,2026-09-23T16:04:10Z
2026-09-23T16:02:32Z,2026-09-23T18:02:32+0200,e4928401-3100-4766-a120-d8d7cc3fbb18,2026-09-17T01:30:00Z,2026-09-17T03:30:00+0200,11624.47412,MW,DE,DE_LU,actual_onshore_wind_generation,Wind Onshore,2026-09-23T16:04:10Z
2026-09-23T16:02:32Z,2026-09-23T18:02:32+0200,e4928401-3100-4766-a120-d8d7cc3fbb18,2026-09-17T01:45:00Z,2026-09-17T03:45:00+0200,11557.50567,MW,DE,DE_LU,actual_onshore_wind_generation,Wind Onshore,2026-09-23T16:04:10Z
2026-09-23T16:02:32Z,2026-09-23T18:02:32+0200,e4928401-3100-4766-a120-d8d7cc3fbb18,2026-09-17T02:00:00Z,2026-09-17T04:00:00+0200,11471.60307,MW,DE,DE_LU,actual_onshore_wind_generation,Wind Onshore,2026-09-23T16:04:10Z
2026-09-23T16:02:32Z,2026-09-23T18:02:32+0200,e4928401-3100-4766-a120-d8d7cc3fbb18,2026-09-17T02:15:00Z,2026-09-17T04:15:00+0200,11376.50795,MW,DE,DE_LU,actual_onshore_wind_generation,Wind Onshore,2026-09-23T16:04:10Z
2026-09-23T16:02:32Z,2026-09-23T18:02:32+0200,e4928401-3100-4766-a120-d8d7cc3fbb18,2026-09-17T02:30:00Z,2026-09-17T04:30:00+0200,11420.24131,MW,DE,DE_LU,actual_onshore_wind_generation,Wind Onshore,2026-09-23T16:04:10Z
2026-09-23T16:02:32Z,2026-09-23T18:02:32+0200,e4928401-3100-4766-a120-d8d7cc3fbb18,2026-09-17T02:45:00Z,2026-09-17T04:45:00+0200,11645.33394,MW,DE,DE_LU,actual_onshore_wind_generation,Wind Onshore,2026-09-23T16:04:10Z
2026-09-23T16:02:32Z,2026-09-23T18:02:32+0200,e4928401-3100-4766-a120-d8d7cc3fbb18,2026-09-17T03:00:00Z,2026-09-17T05:00:00+0200,12043.59626,MW,DE,DE_LU,actual_onshore_wind_generation,Wind Onshore,2026-09-23T16:04:10Z
2026-09-23T16:02:32Z,2026-09-23T18:02:32+0200,e4928401-3100-4766-a120-d8d7cc3fbb18,2026-09-17T03:15:00Z,2026-09-17T05:15:00+0200,12274.9627,MW,DE,DE_LU,actual_onshore_wind_generation,Wind Onshore,2026-09-23T16:04:10Z
2026-09-23T16:02:32Z,2026-09-23T18:02:32+0200,e4928401-3100-4766-a120-d8d7cc3fbb18,2026-09-17T03:30:00Z,2026-09-17T05:30:00+0200,12412.99361,MW,DE,DE_LU,actual_onshore_wind_generation,Wind Onshore,2026-09-23T16:04:10Z
2026-09-23T16:02:32Z,2026-09-23T18:02:32+0200,e4928401-3100-4766-a120-d8d7cc3fbb18,2026-09-17T03:45:00Z,2026-09-17T05:45:00+0200,12689.9001,MW,DE,DE_LU,actual_onshore_wind_generation,Wind Onshore,2026-09-23T16:04:10Z
2026-09-23T16:02:32Z,2026-09-23T18:02:32+0200,e4928401-3100-4766-a120-d8d7cc3fbb18,2026-09-17T04:00:00Z,2026-09-17T06:00:00+0200,13322.89606,MW,DE,DE_LU,actual_onshore_wind_generation,Wind Onshore,2026-09-23T16:04:10Z
2026-09-23T16:02:32Z,2026-09-23T18:02:32+0200,e4928401-3100-4766-a120-d8d7cc3fbb18,2026-09-17T04:15:00Z,2026-09-17T06:15:00+0200,13710.98364,MW,DE,DE_LU,actual_onshore_wind_generation,Wind Onshore,2026-09-23T16:04:10Z
2026-09-23T16:02:32Z,2026-09-23T18:02:32+0200,e4928401-3100-4766-a120-d8d7cc3fbb18,2026-09-17T04:30:00Z,2026-09-17T06:30:00+0200,13963.31238,MW,DE,DE_LU,actual_onshore_wind_generation,Wind Onshore,2026-09-23T16:04:10Z
2026-09-23T16:02:32Z,2026-09-23T18:02:32+0200,e4928401-3100-4766-a120-d8d7cc3fbb18,2026-09-17T04:45:00Z,2026-09-17T06:45:00+0200,14141.88147,MW,DE,DE_LU,actual_onshore_wind_generation,Wind Onshore,2026-09-23T16:04:10Z
2026-09-23T16:02:32Z,2026-09-23T18:02:32+0200,e4928401-3100-4766-a120-d8d7cc3fbb18,2026-09-17T05:00:00Z,2026-09-17T07:00:00+0200,14721.45302,MW,DE,DE_LU,actual_onshore_wind_generation,Wind Onshore,2026-09-23T16:04:10Z
2026-09-23T16:02:32Z,2026-09-23T18:02:32+0200,e4928401-3100-4766-a120-d8d7cc3fbb18,2026-09-17T05:15:00Z,2026-09-17T07:15:00+0200,15038.33176,MW,DE,DE_LU,actual_onshore_wind_generation,Wind Onshore,2026-09-23T16:04:10Z
2026-09-23T16:02:32Z,2026-09-23T18:02:32+0200,e4928401-3100-4766-a120-d8d7cc3fbb18,2026-09-17T05:30:00Z,2026-09-17T07:30:00+0200,15086.33961,MW,DE,DE_LU,actual_onshore_wind_generation,Wind Onshore,2026-09-23T16:04:10Z
2026-09-23T16:02:32Z,2026-09-23T18:02:32+0200,e4928401-3100-4766-a120-d8d7cc3fbb18,2026-09-17T05:45:00Z,2026-09-17T07:45:00+0200,15144.474,MW,DE,DE_LU,actual_onshore_wind_generation,Wind Onshore,2026-09-23T16:04:10Z
2026-09-23T16:02:32Z,2026-09-23T18:02:32+0200,e4928401-3100-4766-a120-d8d7cc3fbb18,2026-09-17T06:00:00Z,2026-09-17T08:00:00+0200,15241.86727,MW,DE,DE_LU,actual_onshore_wind_generation,Wind Onshore,2026-09-23T16:04:10Z
2026-09-23T16:02:32Z,2026-09-23T18:02:32+0200,e4928401-3100-4766-a120-d8d7cc3fbb18,2026-09-17T06:15:00Z,2026-09-17T08:15:00+0200,15074.62575,MW,DE,DE_LU,actual_onshore_wind_generation,Wind Onshore,2026-09-23T16:04:10Z
2026-09-23T16:02:32Z,2026-09-23T18:02:32+0200,e4928401-3100-4766-a120-d8d7cc3fbb18,2026-09-17T06:30:00Z,2026-09-17T08:30:00+0200,15264.68943,MW,DE,DE_LU,actual_onshore_wind_generation,Wind Onshore,2026-09-23T16:04:10Z
2026-09-23T16:02:32Z,2026-09-23T18:02:32+0200,e4928401-3100-4766-a120-d8d7cc3fbb18,2026-09-17T06:45:00Z,2026-09-17T08:45:00+0200,14868.3888,MW,DE,DE_LU,actual_onshore_wind_generation,Wind Onshore,2026-09-23T16:04:10Z
2026-09-23T16:02:32Z,2026-09-23T18:02:32+0200,e4928401-3100-4766-a120-d8d7cc3fbb18,2026-09-17T07:00:00Z,2026-09-17T09:00:00+0200,14471.94707,MW,DE,DE_LU,actual_onshore_wind_generation,Wind Onshore,2026-09-23T16:04:10Z
2026-09-23T16:02:32Z,2026-09-23T18:02:32+0200,e4928401-3100-4766-a120-d8d7cc3fbb18,2026-09-17T07:15:00Z,2026-09-17T09:15:00+0200,14389.71782,MW,DE,DE_LU,actual_onshore_wind_generation,Wind Onshore,2026-09-23T16:04:10Z
2026-09-23T16:02:32Z,2026-09-23T18:02:32+0200,e4928401-3100-4766-a120-d8d7cc3fbb18,2026-09-17T07:30:00Z,2026-09-17T09:30:00+0200,14133.23631,MW,DE,DE_LU,actual_onshore_wind_generation,Wind Onshore,2026-09-23T16:04:10Z
2026-09-23T16:02:32Z,2026-09-23T18:02:32+0200,e4928401-3100-4766-a120-d8d7cc3fbb18,2026-09-17T07:45:00Z,2026-09-17T09:45:00+0200,14198.67864,MW,DE,DE_LU,actual_onshore_wind_generation,Wind Onshore,2026-09-23T16:04:10Z
2026-09-23T16:02:32Z,2026-09-23T18:02:32+0200,e4928401-3100-4766-a120-d8d7cc3fbb18,2026-09-17T08:00:00Z,2026-09-17T10:00:00+0200,14660.30381,MW,DE,DE_LU,actual_onshore_wind_generation,Wind Onshore,2026-09-23T16:04:10Z
2026-09-23T16:02:32Z,2026-09-23T18:02:32+0200,e4928401-3100-4766-a120-d8d7cc3fbb18,2026-09-17T08:15:00Z,2026-09-17T10:15:00+0200,15138.72618,MW,DE,DE_LU,actual_onshore_wind_generation,Wind Onshore,2026-09-23T16:04:10Z
2026-09-23T16:02:32Z,2026-09-23T18:02:32+0200,e4928401-3100-4766-a120-d8d7cc3fbb18,2026-09-17T08:30:00Z,2026-09-17T10:30:00+0200,15568.20851,MW,DE,DE_LU,actual_onshore_wind_generation,Wind Onshore,2026-09-23T16:04:10Z
2026-09-23T16:02:32Z,2026-09-23T18:02:32+0200,e4928401-3100-4766-a120-d8d7cc3fbb18,2026-09-17T08:45:00Z,2026-09-17T10:45:00+0200,16162.64858,MW,DE,DE_LU,actual_onshore_wind_generation,Wind Onshore,2026-09-23T16:04:10Z
2026-09-23T16:02:32Z,2026-09-23T18:02:32+0200,e4928401-3100-4766-a120-d8d7cc3fbb18,2026-09-17T09:00:00Z,2026-09-17T11:00:00+0200,16041.11877,MW,DE,DE_LU,actual_onshore_wind_generation,Wind Onshore,2026-09-23T16:04:10Z
2026-09-23T16:02:32Z,2026-09-23T18:02:32+0200,e4928401-3100-4766-a120-d8d7cc3fbb18,2026-09-17T09:15:00Z,2026-09-17T11:15:00+0200,15639.84707,MW,DE,DE_LU,actual_onshore_wind_generation,Wind Onshore,2026-09-23T16:04:10Z
2026-09-23T16:02:32Z,2026-09-23T18:02:32+0200,e4928401-3100-4766-a120-d8d7cc3fbb18,2026-09-17T09:30:00Z,2026-09-17T11:30:00+0200,17015.90138,MW,DE,DE_LU,actual_onshore_wind_generation,Wind Onshore,2026-09-23T16:04:10Z
2026-09-23T16:02:32Z,2026-09-23T18:02:32+0200,e4928401-3100-4766-a120-d8d7cc3fbb18,2026-09-17T09:45:00Z,2026-09-17T11:45:00+0200,17506.07516,MW,DE,DE_LU,actual_onshore_wind_generation,Wind Onshore,2026-09-23T16:04:10Z
2026-09-23T16:02:32Z,2026-09-23T18:02:32+0200,e4928401-3100-4766-a120-d8d7cc3fbb18,2026-09-17T10:00:00Z,2026-09-17T12:00:00+0200,16792.64829,MW,DE,DE_LU,actual_onshore_wind_generation,Wind Onshore,2026-09-23T16:04:10Z
2026-09-23T16:02:32Z,2026-09-23T18:02:32+0200,e4928401-3100-4766-a120-d8d7cc3fbb18,2026-09-17T10:15:00Z,2026-09-17T12:15:00+0200,17455.35192,MW,DE,DE_LU,actual_onshore_wind_generation,Wind Onshore,2026-09-23T16:04:10Z
2026-09-23T16:02:32Z,2026-09-23T18:02:32+0200,e4928401-3100-4766-a120-d8d7cc3fbb18,2026-09-17T10:30:00Z,2026-09-17T12:30:00+0200,17766.73379,MW,DE,DE_LU,actual_onshore_wind_generation,Wind Onshore,2026-09-23T16:04:10Z
2026-09-23T16:02:32Z,2026-09-23T18:02:32+0200,e4928401-3100-4766-a120-d8d7cc3fbb18,2026-09-17T10:45:00Z,2026-09-17T12:45:00+0200,17785.06094,MW,DE,DE_LU,actual_onshore_wind_generation,Wind Onshore,2026-09-23T16:04:10Z
2026-09-23T16:02:32Z,2026-09-23T18:02:32+0200,e4928401-3100-4766-a120-d8d7cc3fbb18,2026-09-17T11:00:00Z,2026-09-17T13:00:00+0200,17600.30275,MW,DE,DE_LU,actual_onshore_wind_generation,Wind Onshore,2026-09-23T16:04:10Z
2026-09-23T16:02:32Z,2026-09-23T18:02:32+0200,e4928401-3100-4766-a120-d8d7cc3fbb18,2026-09-17T11:15:00Z,2026-09-17T13:15:00+0200,17218.40849,MW,DE,DE_LU,actual_onshore_wind_generation,Wind Onshore,2026-09-23T16:04:10Z
2026-09-23T16:02:32Z,2026-09-23T18:02:32+0200,e4928401-3100-4766-a120-d8d7cc3fbb18,2026-09-17T11:30:00Z,2026-09-17T13:30:00+0200,16740.08239,MW,DE,DE_LU,actual_onshore_wind_generation,Wind Onshore,2026-09-23T16:04:10Z
2026-09-23T16:02:32Z,2026-09-23T18:02:32+0200,e4928401-3100-4766-a120-d8d7cc3fbb18,2026-09-17T11:45:00Z,2026-09-17T13:45:00+0200,16518.9156,MW,DE,DE_LU,actual_onshore_wind_generation,Wind Onshore,2026-09-23T16:04:10Z
2026-09-23T16:02:32Z,2026-09-23T18:02:32+0200,e4928401-3100-4766-a120-d8d7cc3fbb18,2026-09-17T12:00:00Z,2026-09-17T14:00:00+0200,17843.00998,MW,DE,DE_LU,actual_onshore_wind_generation,Wind Onshore,2026-09-23T16:04:10Z
2026-09-23T16:02:32Z,2026-09-23T18:02:32+0200,e4928401-3100-4766-a120-d8d7cc3fbb18,2026-09-17T12:15:00Z,2026-09-17T14:15:00+0200,18227.49533,MW,DE,DE_LU,actual_onshore_wind_generation,Wind Onshore,2026-09-23T16:04:10Z
2026-09-23T16:02:32Z,2026-09-23T18:02:32+0200,e4928401-3100-4766-a120-d8d7cc3fbb18,2026-09-17T12:30:00Z,2026-09-17T14:30:00+0200,18179.69433,MW,DE,DE_LU,actual_onshore_wind_generation,Wind Onshore,2026-09-23T16:04:10Z
2026-09-23T16:02:32Z,2026-09-23T18:02:32+0200,e4928401-3100-4766-a120-d8d7cc3fbb18,2026-09-17T12:45:00Z,2026-09-17T14:45:00+0200,18106.65142,MW,DE,DE_LU,actual_onshore_wind_generation,Wind Onshore,2026-09-23T16:04:10Z
2026-09-23T16:02:32Z,2026-09-23T18:02:32+0200,e4928401-3100-4766-a120-d8d7cc3fbb18,2026-09-17T13:00:00Z,2026-09-17T15:00:00+0200,18584.26534,MW,DE,DE_LU,actual_onshore_wind_generation,Wind Onshore,2026-09-23T16:04:10Z
2026-09-23T16:02:32Z,2026-09-23T18:02:32+0200,e4928401-3100-4766-a120-d8d7cc3fbb18,2026-09-17T13:15:00Z,2026-09-17T15:15:00+0200,19440.33442,MW,DE,DE_LU,actual_onshore_wind_generation,Wind Onshore,2026-09-23T16:04:10Z
2026-09-23T16:02:32Z,2026-09-23T18:02:32+0200,e4928401-3100-4766-a120-d8d7cc3fbb18,2026-09-17T13:30:00Z,2026-09-17T15:30:00+0200,19762.01093,MW,DE,DE_LU,actual_onshore_wind_generation,Wind Onshore,2026-09-23T16:04:10Z
2026-09-23T16:02:32Z,2026-09-23T18:02:32+0200,e4928401-3100-4766-a120-d8d7cc3fbb18,2026-09-17T13:45:00Z,2026-09-17T15:45:00+0200,20788.88536,MW,DE,DE_LU,actual_onshore_wind_generation,Wind Onshore,2026-09-23T16:04:10Z
2026-09-23T16:02:32Z,2026-09-23T18:02:32+0200,e4928401-3100-4766-a120-d8d7cc3fbb18,2026-09-17T14:00:00Z,2026-09-17T16:00:00+0200,21237.29819,MW,DE,DE_LU,actual_onshore_wind_generation,Wind Onshore,2026-09-23T16:04:10Z
2026-09-23T16:02:32Z,2026-09-23T18:02:32+0200,e4928401-3100-4766-a120-d8d7cc3fbb18,2026-09-17T14:15:00Z,2026-09-17T16:15:00+0200,21991.62462,MW,DE,DE_LU,actual_onshore_wind_generation,Wind Onshore,2026-09-23T16:04:10Z
2026-09-23T16:02:32Z,2026-09-23T18:02:32+0200,e4928401-3100-4766-a120-d8d7cc3fbb18,2026-09-17T14:30:00Z,2026-09-17T16:30:00+0200,22470.91162,MW,DE,DE_LU,actual_onshore_wind_generation,Wind Onshore,2026-09-23T16:04:10Z
2026-09-23T16:02:32Z,2026-09-23T18:02:32+0200,e4928401-3100-4766-a120-d8d7cc3fbb18,2026-09-17T14:45:00Z,2026-09-17T16:45:00+0200,22021.10737,MW,DE,DE_LU,actual_onshore_wind_generation,Wind Onshore,2026-09-23T16:04:10Z
2026-09-23T16:02:32Z,2026-09-23T18:02:32+0200,e4928401-3100-4766-a120-d8d7cc3fbb18,2026-09-17T15:00:00Z,2026-09-17T17:00:00+0200,21975.2015,MW,DE,DE_LU,actual_onshore_wind_generation,Wind Onshore,2026-09-23T16:04:10Z
2026-09-23T16:02:32Z,2026-09-23T18:02:32+0200,e4928401-3100-4766-a120-d8d7cc3fbb18,2026-09-17T15:15:00Z,2026-09-17T17:15:00+0200,21541.78135,MW,DE,DE_LU,actual_onshore_wind_generation,Wind Onshore,2026-09-23T16:04:10Z
2026-09-23T16:02:32Z,2026-09-23T18:02:32+0200,e4928401-3100-4766-a120-d8d7cc3fbb18,2026-09-17T15:30:00Z,2026-09-17T17:30:00+0200,21840.17042,MW,DE,DE_LU,actual_onshore_wind_generation,Wind Onshore,2026-09-23T16:04:10Z
2026-09-23T16:02:32Z,2026-09-23T18:02:32+0200,e4928401-3100-4766-a120-d8d7cc3fbb18,2026-09-17T15:45:00Z,2026-09-17T17:45:00+0200,21801.65603,MW,DE,DE_LU,actual_onshore_wind_generation,Wind Onshore,2026-09-23T16:04:10Z
2026-09-23T16:02:32Z,2026-09-23T18:02:32+0200,e4928401-3100-4766-a120-d8d7cc3fbb18,2026-09-17T16:00:00Z,2026-09-17T18:00:00+0200,21189.28956,MW,DE,DE_LU,actual_onshore_wind_generation,Wind Onshore,2026-09-23T16:04:10Z
2026-09-23T16:02:32Z,2026-09-23T18:02:32+0200,e4928401-3100-4766-a120-d8d7cc3fbb18,2026-09-17T16:15:00Z,2026-09-17T18:15:00+0200,20927.72533,MW,DE,DE_LU,actual_onshore_wind_generation,Wind Onshore,2026-09-23T16:04:10Z
2026-09-23T16:02:32Z,2026-09-23T18:02:32+0200,e4928401-3100-4766-a120-d8d7cc3fbb18,2026-09-17T16:30:00Z,2026-09-17T18:30:00+0200,20608.56757,MW,DE,DE_LU,actual_onshore_wind_generation,Wind Onshore,2026-09-23T16:04:10Z
2026-09-23T16:02:32Z,2026-09-23T18:02:32+0200,e4928401-3100-4766-a120-d8d7cc3fbb18,2026-09-17T16:45:00Z,2026-09-17T18:45:00+0200,20397.24899,MW,DE,DE_LU,actual_onshore_wind_generation,Wind Onshore,2026-09-23T16:04:10Z
2026-09-23T16:02:32Z,2026-09-23T18:02:32+0200,e4928401-3100-4766-a120-d8d7cc3fbb18,2026-09-17T17:00:00Z,2026-09-17T19:00:00+0200,20708.24377,MW,DE,DE_LU,actual_onshore_wind_generation,Wind Onshore,2026-09-23T16:04:10Z
2026-09-23T16:02:32Z,2026-09-23T18:02:32+0200,e4928401-3100-4766-a120-d8d7cc3fbb18,2026-09-17T17:15:00Z,2026-09-17T19:15:00+0200,21382.77077,MW,DE,DE_LU,actual_onshore_wind_generation,Wind Onshore,2026-09-23T16:04:10Z
2026-09-23T16:02:32Z,2026-09-23T18:02:32+0200,e4928401-3100-4766-a120-d8d7cc3fbb18,2026-09-17T17:30:00Z,2026-09-17T19:30:00+0200,21159.42393,MW,DE,DE_LU,actual_onshore_wind_generation,Wind Onshore,2026-09-23T16:04:10Z
2026-09-23T16:02:32Z,2026-09-23T18:02:32+0200,e4928401-3100-4766-a120-d8d7cc3fbb18,2026-09-17T17:45:00Z,2026-09-17T19:45:00+0200,21137.79358,MW,DE,DE_LU,actual_onshore_wind_generation,Wind Onshore,2026-09-23T16:04:10Z
2026-09-23T16:02:32Z,2026-09-23T18:02:32+0200,e4928401-3100-4766-a120-d8d7cc3fbb18,2026-09-17T18:00:00Z,2026-09-17T20:00:00+0200,21441.17583,MW,DE,DE_LU,actual_onshore_wind_generation,Wind Onshore,2026-09-23T16:04:10Z
2026-09-23T16:02:32Z,2026-09-23T18:02:32+0200,e4928401-3100-4766-a120-d8d7cc3fbb18,2026-09-17T18:15:00Z,2026-09-17T20:15:00+0200,22002.19305,MW,DE,DE_LU,actual_onshore_wind_generation,Wind Onshore,2026-09-23T16:04:10Z
2026-09-23T16:02:32Z,2026-09-23T18:02:32+0200,e4928401-3100-4766-a120-d8d7cc3fbb18,2026-09-17T18:30:00Z,2026-09-17T20:30:00+0200,22469.62333,MW,DE,DE_LU,actual_onshore_wind_generation,Wind Onshore,2026-09-23T16:04:10Z
2026-09-23T16:02:32Z,2026-09-23T18:02:32+0200,e4928401-3100-4766-a120-d8d7cc3fbb18,2026-09-17T18:45:00Z,2026-09-17T20:45:00+0200,22640.2107,MW,DE,DE_LU,actual_onshore_wind_generation,Wind Onshore,2026-09-23T16:04:10Z
2026-09-23T16:02:32Z,2026-09-23T18:02:32+0200,e4928401-3100-4766-a120-d8d7cc3fbb18,2026-09-17T19:00:00Z,2026-09-17T21:00:00+0200,22792.25352,MW,DE,DE_LU,actual_onshore_wind_generation,Wind Onshore,2026-09-23T16:04:10Z
2026-09-23T16:02:32Z,2026-09-23T18:02:32+0200,e4928401-3100-4766-a120-d8d7cc3fbb18,2026-09-17T19:15:00Z,2026-09-17T21:15:00+0200,23185.65136,MW,DE,DE_LU,actual_onshore_wind_generation,Wind Onshore,2026-09-23T16:04:10Z
2026-09-23T16:02:32Z,2026-09-23T18:02:32+0200,e4928401-3100-4766-a120-d8d7cc3fbb18,2026-09-17T19:30:00Z,2026-09-17T21:30:00+0200,23327.89267,MW,DE,DE_LU,actual_onshore_wind_generation,Wind Onshore,2026-09-23T16:04:10Z
2026-09-23T16:02:32Z,2026-09-23T18:02:32+0200,e4928401-3100-4766-a120-d8d7cc3fbb18,2026-09-17T19:45:00Z,2026-09-17T21:45:00+0200,23078.70951,MW,DE,DE_LU,actual_onshore_wind_generation,Wind Onshore,2026-09-23T16:04:10Z
2026-09-23T16:02:32Z,2026-09-23T18:02:32+0200,e4928401-3100-4766-a120-d8d7cc3fbb18,2026-09-17T20:00:00Z,2026-09-17T22:00:00+0200,21951.74605,MW,DE,DE_LU,actual_onshore_wind_generation,Wind Onshore,2026-09-23T16:04:10Z
2026-09-23T16:02:32Z,2026-09-23T18:02:32+0200,e4928401-3100-4766-a120-d8d7cc3fbb18,2026-09-17T20:15:00Z,2026-09-17T22:15:00+0200,21813.37155,MW,DE,DE_LU,actual_onshore_wind_generation,Wind Onshore,2026-09-23T16:04:10Z
2026-09-23T16:02:32Z,2026-09-23T18:02:32+0200,e4928401-3100-4766-a120-d8d7cc3fbb18,2026-09-17T20:30:00Z,2026-09-17T22:30:00+0200,21580.07009,MW,DE,DE_LU,actual_onshore_wind_generation,Wind Onshore,2026-09-23T16:04:10Z
2026-09-23T16:02:32Z,2026-09-23T18:02:32+0200,e4928401-3100-4766-a120-d8d7cc3fbb18,2026-09-17T20:45:00Z,2026-09-17T22:45:00+0200,21401.25933,MW,DE,DE_LU,actual_onshore_wind_generation,Wind Onshore,2026-09-23T16:04:10Z
2026-09-23T16:02:32Z,2026-09-23T18:02:32+0200,e4928401-3100-4766-a120-d8d7cc3fbb18,2026-09-17T21:00:00Z,2026-09-17T23:00:00+0200,21130.82402,MW,DE,DE_LU,actual_onshore_wind_generation,Wind Onshore,2026-09-23T16:04:10Z
2026-09-23T16:02:32Z,2026-09-23T18:02:32+0200,e4928401-3100-4766-a120-d8d7cc3fbb18,2026-09-17T21:15:00Z,2026-09-17T23:15:00+0200,20980.15691,MW,DE,DE_LU,actual_onshore_wind_generation,Wind Onshore,2026-09-23T16:04:10Z
2026-09-23T16:02:32Z,2026-09-23T18:02:32+0200,e4928401-3100-4766-a120-d8d7cc3fbb18,2026-09-17T21:30:00Z,2026-09-17T23:30:00+0200,20987.42737,MW,DE,DE_LU,actual_onshore_wind_generation,Wind Onshore,2026-09-23T16:04:10Z
2026-09-23T16:02:32Z,2026-09-23T18:02:32+0200,e4928401-3100-4766-a120-d8d7cc3fbb18,2026-09-17T21:45:00Z,2026-09-17T23:45:00+0200,20810.39083,MW,DE,DE_LU,actual_onshore_wind_generation,Wind Onshore,2026-09-23T16:04:10Z
2026-09-23T16:02:32Z,2026-09-23T18:02:32+0200,e4928401-3100-4766-a120-d8d7cc3fbb18,2026-09-17T22:00:00Z,2026-09-18T00:00:00+0200,20556.65867,MW,DE,DE_LU,actual_onshore_wind_generation,Wind Onshore,2026-09-23T16:04:10Z
2026-09-23T16:02:32Z,2026-09-23T18:02:32+0200,e4928401-3100-4766-a120-d8d7cc3fbb18,2026-09-17T22:15:00Z,2026-09-18T00:15:00+0200,20074.86288,MW,DE,DE_LU,actual_onshore_wind_generation,Wind Onshore,2026-09-23T16:04:10Z
2026-09-23T16:02:32Z,2026-09-23T18:02:32+0200,e4928401-3100-4766-a120-d8d7cc3fbb18,2026-09-17T22:30:00Z,2026-09-18T00:30:00+0200,19555.27029,MW,DE,DE_LU,actual_onshore_wind_generation,Wind Onshore,2026-09-23T16:04:10Z
2026-09-23T16:02:32Z,2026-09-23T18:02:32+0200,e4928401-3100-4766-a120-d8d7cc3fbb18,2026-09-17T22:45:00Z,2026-09-18T00:45:00+0200,19073.08095,MW,DE,DE_LU,actual_onshore_wind_generation,Wind Onshore,2026-09-23T16:04:10Z
2026-09-23T16:02:32Z,2026-09-23T18:02:32+0200,e4928401-3100-4766-a120-d8d7cc3fbb18,2026-09-17T23:00:00Z,2026-09-18T01:00:00+0200,18481.81482,MW,DE,DE_LU,actual_onshore_wind_generation,Wind Onshore,2026-09-23T16:04:10Z
2026-09-23T16:02:32Z,2026-09-23T18:02:32+0200,e4928401-3100-4766-a120-d8d7cc3fbb18,2026-09-17T23:15:00Z,2026-09-18T01:15:00+0200,17883.72652,MW,DE,DE_LU,actual_onshore_wind_generation,Wind Onshore,2026-09-23T16:04:10Z
2026-09-23T16:02:32Z,2026-09-23T18:02:32+0200,e4928401-3100-4766-a120-d8d7cc3fbb18,2026-09-17T23:30:00Z,2026-09-18T01:30:00+0200,17409.66539,MW,DE,DE_LU,actual_onshore_wind_generation,Wind Onshore,2026-09-23T16:04:10Z
2026-09-23T16:02:32Z,2026-09-23T18:02:32+0200,e4928401-3100-4766-a120-d8d7cc3fbb18,2026-09-17T23:45:00Z,2026-09-18T01:45:00+0200,16997.42916,MW,DE,DE_LU,actual_onshore_wind_generation,Wind Onshore,2026-09-23T16:04:10Z
2026-09-23T16:02:32Z,2026-09-23T18:02:32+0200,e4928401-3100-4766-a120-d8d7cc3fbb18,2026-09-18T00:00:00Z,2026-09-18T02:00:00+0200,16769.68155,MW,DE,DE_LU,actual_onshore_wind_generation,Wind Onshore,2026-09-23T16:04:10Z
2026-09-23T16:02:32Z,2026-09-23T18:02:32+0200,e4928401-3100-4766-a120-d8d7cc3fbb18,2026-09-18T00:15:00Z,2026-09-18T02:15:00+0200,16669.97824,MW,DE,DE_LU,actual_onshore_wind_generation,Wind Onshore,2026-09-23T16:04:10Z
2026-09-23T16:02:32Z,2026-09-23T18:02:32+0200,e4928401-3100-4766-a120-d8d7cc3fbb18,2026-09-18T00:30:00Z,2026-09-18T02:30:00+0200,16792.96194,MW,DE,DE_LU,actual_onshore_wind_generation,Wind Onshore,2026-09-23T16:04:10Z
2026-09-23T16:02:32Z,2026-09-23T18:02:32+0200,e4928401-3100-4766-a120-d8d7cc3fbb18,2026-09-18T00:45:00Z,2026-09-18T02:45:00+0200,17055.33621,MW,DE,DE_LU,actual_onshore_wind_generation,Wind Onshore,2026-09-23T16:04:10Z
2026-09-23T16:02:32Z,2026-09-23T18:02:32+0200,e4928401-3100-4766-a120-d8d7cc3fbb18,2026-09-18T01:00:00Z,2026-09-18T03:00:00+0200,17373.77657,MW,DE,DE_LU,actual_onshore_wind_generation,Wind Onshore,2026-09-23T16:04:10Z
2026-09-23T16:02:32Z,2026-09-23T18:02:32+0200,e4928401-3100-4766-a120-d8d7cc3fbb18,2026-09-18T01:15:00Z,2026-09-18T03:15:00+0200,17259.65313,MW,DE,DE_LU,actual_onshore_wind_generation,Wind Onshore,2026-09-23T16:04:10Z
2026-09-23T16:02:32Z,2026-09-23T18:02:32+0200,e4928401-3100-4766-a120-d8d7cc3fbb18,2026-09-18T01:30:00Z,2026-09-18T03:30:00+0200,17203.22663,MW,DE,DE_LU,actual_onshore_wind_generation,Wind Onshore,2026-09-23T16:04:10Z
2026-09-23T16:02:32Z,2026-09-23T18:02:32+0200,e4928401-3100-4766-a120-d8d7cc3fbb18,2026-09-18T01:45:00Z,2026-09-18T03:45:00+0200,17019.89199,MW,DE,DE_LU,actual_onshore_wind_generation,Wind Onshore,2026-09-23T16:04:10Z
2026-09-23T16:02:32Z,2026-09-23T18:02:32+0200,e4928401-3100-4766-a120-d8d7cc3fbb18,2026-09-18T02:00:00Z,2026-09-18T04:00:00+0200,16775.49458,MW,DE,DE_LU,actual_onshore_wind_generation,Wind Onshore,2026-09-23T16:04:10Z
2026-09-23T16:02:32Z,2026-09-23T18:02:32+0200,e4928401-3100-4766-a120-d8d7cc3fbb18,2026-09-18T02:15:00Z,2026-09-18T04:15:00+0200,16760.2029,MW,DE,DE_LU,actual_onshore_wind_generation,Wind Onshore,2026-09-23T16:04:10Z
2026-09-23T16:02:32Z,2026-09-23T18:02:32+0200,e4928401-3100-4766-a120-d8d7cc3fbb18,2026-09-18T02:30:00Z,2026-09-18T04:30:00+0200,16756.50941,MW,DE,DE_LU,actual_onshore_wind_generation,Wind Onshore,2026-09-23T16:04:10Z
2026-09-23T16:02:32Z,2026-09-23T18:02:32+0200,e4928401-3100-4766-a120-d8d7cc3fbb18,2026-09-18T02:45:00Z,2026-09-18T04:45:00+0200,16810.44401,MW,DE,DE_LU,actual_onshore_wind_generation,Wind Onshore,2026-09-23T16:04:10Z
2026-09-23T16:02:32Z,2026-09-23T18:02:32+0200,e4928401-3100-4766-a120-d8d7cc3fbb18,2026-09-18T03:00:00Z,2026-09-18T05:00:00+0200,16821.37053,MW,DE,DE_LU,actual_onshore_wind_generation,Wind Onshore,2026-09-23T16:04:10Z
2026-09-23T16:02:32Z,2026-09-23T18:02:32+0200,e4928401-3100-4766-a120-d8d7cc3fbb18,2026-09-18T03:15:00Z,2026-09-18T05:15:00+0200,16915.42673,MW,DE,DE_LU,actual_onshore_wind_generation,Wind Onshore,2026-09-23T16:04:10Z
2026-09-23T16:02:32Z,2026-09-23T18:02:32+0200,e4928401-3100-4766-a120-d8d7cc3fbb18,2026-09-18T03:30:00Z,2026-09-18T05:30:00+0200,16793.27077,MW,DE,DE_LU,actual_onshore_wind_generation,Wind Onshore,2026-09-23T16:04:10Z
2026-09-23T16:02:32Z,2026-09-23T18:02:32+0200,e4928401-3100-4766-a120-d8d7cc3fbb18,2026-09-18T03:45:00Z,2026-09-18T05:45:00+0200,16774.75117,MW,DE,DE_LU,actual_onshore_wind_generation,Wind Onshore,2026-09-23T16:04:10Z
2026-09-23T16:02:32Z,2026-09-23T18:02:32+0200,e4928401-3100-4766-a120-d8d7cc3fbb18,2026-09-18T04:00:00Z,2026-09-18T06:00:00+0200,17298.91535,MW,DE,DE_LU,actual_onshore_wind_generation,Wind Onshore,2026-09-23T16:04:10Z
2026-09-23T16:02:32Z,2026-09-23T18:02:32+0200,e4928401-3100-4766-a120-d8d7cc3fbb18,2026-09-18T04:15:00Z,2026-09-18T06:15:00+0200,17453.58056,MW,DE,DE_LU,actual_onshore_wind_generation,Wind Onshore,2026-09-23T16:04:10Z
2026-09-23T16:02:32Z,2026-09-23T18:02:32+0200,e4928401-3100-4766-a120-d8d7cc3fbb18,2026-09-18T04:30:00Z,2026-09-18T06:30:00+0200,17580.38713,MW,DE,DE_LU,actual_onshore_wind_generation,Wind Onshore,2026-09-23T16:04:10Z
2026-09-23T16:02:32Z,2026-09-23T18:02:32+0200,e4928401-3100-4766-a120-d8d7cc3fbb18,2026-09-18T04:45:00Z,2026-09-18T06:45:00+0200,17960.32039,MW,DE,DE_LU,actual_onshore_wind_generation,Wind Onshore,2026-09-23T16:04:10Z
2026-09-23T16:02:32Z,2026-09-23T18:02:32+0200,e4928401-3100-4766-a120-d8d7cc3fbb18,2026-09-18T05:00:00Z,2026-09-18T07:00:00+0200,18179.50769,MW,DE,DE_LU,actual_onshore_wind_generation,Wind Onshore,2026-09-23T16:04:10Z
2026-09-23T16:02:32Z,2026-09-23T18:02:32+0200,e4928401-3100-4766-a120-d8d7cc3fbb18,2026-09-18T05:15:00Z,2026-09-18T07:15:00+0200,18268.8533,MW,DE,DE_LU,actual_onshore_wind_generation,Wind Onshore,2026-09-23T16:04:10Z
2026-09-23T16:02:32Z,2026-09-23T18:02:32+0200,e4928401-3100-4766-a120-d8d7cc3fbb18,2026-09-18T05:30:00Z,2026-09-18T07:30:00+0200,17792.74578,MW,DE,DE_LU,actual_onshore_wind_generation,Wind Onshore,2026-09-23T16:04:10Z
2026-09-23T16:02:32Z,2026-09-23T18:02:32+0200,e4928401-3100-4766-a120-d8d7cc3fbb18,2026-09-18T05:45:00Z,2026-09-18T07:45:00+0200,17020.29649,MW,DE,DE_LU,actual_onshore_wind_generation,Wind Onshore,2026-09-23T16:04:10Z
2026-09-23T16:02:32Z,2026-09-23T18:02:32+0200,e4928401-3100-4766-a120-d8d7cc3fbb18,2026-09-18T06:00:00Z,2026-09-18T08:00:00+0200,16642.7276,MW,DE,DE_LU,actual_onshore_wind_generation,Wind Onshore,2026-09-23T16:04:10Z
2026-09-23T16:02:32Z,2026-09-23T18:02:32+0200,e4928401-3100-4766-a120-d8d7cc3fbb18,2026-09-18T06:15:00Z,2026-09-18T08:15:00+0200,16447.38968,MW,DE,DE_LU,actual_onshore_wind_generation,Wind Onshore,2026-09-23T16:04:10Z
2026-09-23T16:02:32Z,2026-09-23T18:02:32+0200,e4928401-3100-4766-a120-d8d7cc3fbb18,2026-09-18T06:30:00Z,2026-09-18T08:30:00+0200,15629.08226,MW,DE,DE_LU,actual_onshore_wind_generation,Wind Onshore,2026-09-23T16:04:10Z
2026-09-23T16:02:32Z,2026-09-23T18:02:32+0200,e4928401-3100-4766-a120-d8d7cc3fbb18,2026-09-18T06:45:00Z,2026-09-18T08:45:00+0200,14812.76856,MW,DE,DE_LU,actual_onshore_wind_generation,Wind Onshore,2026-09-23T16:04:10Z
2026-09-23T16:02:32Z,2026-09-23T18:02:32+0200,e4928401-3100-4766-a120-d8d7cc3fbb18,2026-09-18T07:00:00Z,2026-09-18T09:00:00+0200,13997.95768,MW,DE,DE_LU,actual_onshore_wind_generation,Wind Onshore,2026-09-23T16:04:10Z
2026-09-23T16:02:32Z,2026-09-23T18:02:32+0200,e4928401-3100-4766-a120-d8d7cc3fbb18,2026-09-18T07:15:00Z,2026-09-18T09:15:00+0200,13401.27673,MW,DE,DE_LU,actual_onshore_wind_generation,Wind Onshore,2026-09-23T16:04:10Z
2026-09-23T16:02:32Z,2026-09-23T18:02:32+0200,e4928401-3100-4766-a120-d8d7cc3fbb18,2026-09-18T07:30:00Z,2026-09-18T09:30:00+0200,13329.46722,MW,DE,DE_LU,actual_onshore_wind_generation,Wind Onshore,2026-09-23T16:04:10Z
2026-09-23T16:02:32Z,2026-09-23T18:02:32+0200,e4928401-3100-4766-a120-d8d7cc3fbb18,2026-09-18T07:45:00Z,2026-09-18T09:45:00+0200,13363.65869,MW,DE,DE_LU,actual_onshore_wind_generation,Wind Onshore,2026-09-23T16:04:10Z
2026-09-23T16:02:32Z,2026-09-23T18:02:32+0200,e4928401-3100-4766-a120-d8d7cc3fbb18,2026-09-18T08:00:00Z,2026-09-18T10:00:00+0200,13534.04434,MW,DE,DE_LU,actual_onshore_wind_generation,Wind Onshore,2026-09-23T16:04:10Z
2026-09-23T16:02:32Z,2026-09-23T18:02:32+0200,e4928401-3100-4766-a120-d8d7cc3fbb18,2026-09-18T08:15:00Z,2026-09-18T10:15:00+0200,13998.96592,MW,DE,DE_LU,actual_onshore_wind_generation,Wind Onshore,2026-09-23T16:04:10Z
2026-09-23T16:02:32Z,2026-09-23T18:02:32+0200,e4928401-3100-4766-a120-d8d7cc3fbb18,2026-09-18T08:30:00Z,2026-09-18T10:30:00+0200,14767.37351,MW,DE,DE_LU,actual_onshore_wind_generation,Wind Onshore,2026-09-23T16:04:10Z
2026-09-23T16:02:32Z,2026-09-23T18:02:32+0200,e4928401-3100-4766-a120-d8d7cc3fbb18,2026-09-18T08:45:00Z,2026-09-18T10:45:00+0200,15256.91776,MW,DE,DE_LU,actual_onshore_wind_generation,Wind Onshore,2026-09-23T16:04:10Z
2026-09-23T16:02:32Z,2026-09-23T18:02:32+0200,e4928401-3100-4766-a120-d8d7cc3fbb18,2026-09-18T09:00:00Z,2026-09-18T11:00:00+0200,16176.50476,MW,DE,DE_LU,actual_onshore_wind_generation,Wind Onshore,2026-09-23T16:04:10Z
2026-09-23T16:02:32Z,2026-09-23T18:02:32+0200,e4928401-3100-4766-a120-d8d7cc3fbb18,2026-09-18T09:15:00Z,2026-09-18T11:15:00+0200,16669.79698,MW,DE,DE_LU,actual_onshore_wind_generation,Wind Onshore,2026-09-23T16:04:10Z
2026-09-23T16:02:32Z,2026-09-23T18:02:32+0200,e4928401-3100-4766-a120-d8d7cc3fbb18,2026-09-18T09:30:00Z,2026-09-18T11:30:00+0200,17387.18918,MW,DE,DE_LU,actual_onshore_wind_generation,Wind Onshore,2026-09-23T16:04:10Z
2026-09-23T16:02:32Z,2026-09-23T18:02:32+0200,e4928401-3100-4766-a120-d8d7cc3fbb18,2026-09-18T09:45:00Z,2026-09-18T11:45:00+0200,18417.39169,MW,DE,DE_LU,actual_onshore_wind_generation,Wind Onshore,2026-09-23T16:04:10Z
2026-09-23T16:02:32Z,2026-09-23T18:02:32+0200,e4928401-3100-4766-a120-d8d7cc3fbb18,2026-09-18T10:00:00Z,2026-09-18T12:00:00+0200,19099.10064,MW,DE,DE_LU,actual_onshore_wind_generation,Wind Onshore,2026-09-23T16:04:10Z
2026-09-23T16:02:32Z,2026-09-23T18:02:32+0200,e4928401-3100-4766-a120-d8d7cc3fbb18,2026-09-18T10:15:00Z,2026-09-18T12:15:00+0200,18956.94747,MW,DE,DE_LU,actual_onshore_wind_generation,Wind Onshore,2026-09-23T16:04:10Z
2026-09-23T16:02:32Z,2026-09-23T18:02:32+0200,e4928401-3100-4766-a120-d8d7cc3fbb18,2026-09-18T10:30:00Z,2026-09-18T12:30:00+0200,18553.68775,MW,DE,DE_LU,actual_onshore_wind_generation,Wind Onshore,2026-09-23T16:04:10Z
2026-09-23T16:02:32Z,2026-09-23T18:02:32+0200,e4928401-3100-4766-a120-d8d7cc3fbb18,2026-09-18T10:45:00Z,2026-09-18T12:45:00+0200,18889.5906,MW,DE,DE_LU,actual_onshore_wind_generation,Wind Onshore,2026-09-23T16:04:10Z
2026-09-23T16:02:32Z,2026-09-23T18:02:32+0200,e4928401-3100-4766-a120-d8d7cc3fbb18,2026-09-18T11:00:00Z,2026-09-18T13:00:00+0200,18873.69621,MW,DE,DE_LU,actual_onshore_wind_generation,Wind Onshore,2026-09-23T16:04:10Z
2026-09-23T16:02:32Z,2026-09-23T18:02:32+0200,e4928401-3100-4766-a120-d8d7cc3fbb18,2026-09-18T11:15:00Z,2026-09-18T13:15:00+0200,18822.7601,MW,DE,DE_LU,actual_onshore_wind_generation,Wind Onshore,2026-09-23T16:04:10Z
2026-09-23T16:02:32Z,2026-09-23T18:02:32+0200,e4928401-3100-4766-a120-d8d7cc3fbb18,2026-09-18T11:30:00Z,2026-09-18T13:30:00+0200,18975.11169,MW,DE,DE_LU,actual_onshore_wind_generation,Wind Onshore,2026-09-23T16:04:10Z
2026-09-23T16:02:32Z,2026-09-23T18:02:32+0200,e4928401-3100-4766-a120-d8d7cc3fbb18,2026-09-18T11:45:00Z,2026-09-18T13:45:00+0200,18949.49493,MW,DE,DE_LU,actual_onshore_wind_generation,Wind Onshore,2026-09-23T16:04:10Z
2026-09-23T16:02:32Z,2026-09-23T18:02:32+0200,e4928401-3100-4766-a120-d8d7cc3fbb18,2026-09-18T12:00:00Z,2026-09-18T14:00:00+0200,18838.23741,MW,DE,DE_LU,actual_onshore_wind_generation,Wind Onshore,2026-09-23T16:04:10Z
2026-09-23T16:02:32Z,2026-09-23T18:02:32+0200,e4928401-3100-4766-a120-d8d7cc3fbb18,2026-09-18T12:15:00Z,2026-09-18T14:15:00+0200,18946.35099,MW,DE,DE_LU,actual_onshore_wind_generation,Wind Onshore,2026-09-23T16:04:10Z
2026-09-23T16:02:32Z,2026-09-23T18:02:32+0200,e4928401-3100-4766-a120-d8d7cc3fbb18,2026-09-18T12:30:00Z,2026-09-18T14:30:00+0200,19087.64851,MW,DE,DE_LU,actual_onshore_wind_generation,Wind Onshore,2026-09-23T16:04:10Z
2026-09-23T16:02:32Z,2026-09-23T18:02:32+0200,e4928401-3100-4766-a120-d8d7cc3fbb18,2026-09-18T12:45:00Z,2026-09-18T14:45:00+0200,19347.10412,MW,DE,DE_LU,actual_onshore_wind_generation,Wind Onshore,2026-09-23T16:04:10Z
2026-09-23T16:02:32Z,2026-09-23T18:02:32+0200,e4928401-3100-4766-a120-d8d7cc3fbb18,2026-09-18T13:00:00Z,2026-09-18T15:00:00+0200,19300.94561,MW,DE,DE_LU,actual_onshore_wind_generation,Wind Onshore,2026-09-23T16:04:10Z
2026-09-23T16:02:32Z,2026-09-23T18:02:32+0200,e4928401-3100-4766-a120-d8d7cc3fbb18,2026-09-18T13:15:00Z,2026-09-18T15:15:00+0200,19171.14504,MW,DE,DE_LU,actual_onshore_wind_generation,Wind Onshore,2026-09-23T16:04:10Z
2026-09-23T16:02:32Z,2026-09-23T18:02:32+0200,e4928401-3100-4766-a120-d8d7cc3fbb18,2026-09-18T13:30:00Z,2026-09-18T15:30:00+0200,19251.85349,MW,DE,DE_LU,actual_onshore_wind_generation,Wind Onshore,2026-09-23T16:04:10Z
2026-09-23T16:02:32Z,2026-09-23T18:02:32+0200,e4928401-3100-4766-a120-d8d7cc3fbb18,2026-09-18T13:45:00Z,2026-09-18T15:45:00+0200,18687.90087,MW,DE,DE_LU,actual_onshore_wind_generation,Wind Onshore,2026-09-23T16:04:10Z
2026-09-23T16:02:32Z,2026-09-23T18:02:32+0200,e4928401-3100-4766-a120-d8d7cc3fbb18,2026-09-18T14:00:00Z,2026-09-18T16:00:00+0200,19086.37702,MW,DE,DE_LU,actual_onshore_wind_generation,Wind Onshore,2026-09-23T16:04:10Z
2026-09-23T16:02:32Z,2026-09-23T18:02:32+0200,e4928401-3100-4766-a120-d8d7cc3fbb18,2026-09-18T14:15:00Z,2026-09-18T16:15:00+0200,19108.81458,MW,DE,DE_LU,actual_onshore_wind_generation,Wind Onshore,2026-09-23T16:04:10Z
2026-09-23T16:02:32Z,2026-09-23T18:02:32+0200,e4928401-3100-4766-a120-d8d7cc3fbb18,2026-09-18T14:30:00Z,2026-09-18T16:30:00+0200,18516.96078,MW,DE,DE_LU,actual_onshore_wind_generation,Wind Onshore,2026-09-23T16:04:10Z
2026-09-23T16:02:32Z,2026-09-23T18:02:32+0200,e4928401-3100-4766-a120-d8d7cc3fbb18,2026-09-18T14:45:00Z,2026-09-18T16:45:00+0200,17790.62042,MW,DE,DE_LU,actual_onshore_wind_generation,Wind Onshore,2026-09-23T16:04:10Z
2026-09-23T16:02:32Z,2026-09-23T18:02:32+0200,e4928401-3100-4766-a120-d8d7cc3fbb18,2026-09-18T15:00:00Z,2026-09-18T17:00:00+0200,16946.94651,MW,DE,DE_LU,actual_onshore_wind_generation,Wind Onshore,2026-09-23T16:04:10Z
2026-09-23T16:02:32Z,2026-09-23T18:02:32+0200,e4928401-3100-4766-a120-d8d7cc3fbb18,2026-09-18T15:15:00Z,2026-09-18T17:15:00+0200,16101.71698,MW,DE,DE_LU,actual_onshore_wind_generation,Wind Onshore,2026-09-23T16:04:10Z
2026-09-23T16:02:32Z,2026-09-23T18:02:32+0200,e4928401-3100-4766-a120-d8d7cc3fbb18,2026-09-18T15:30:00Z,2026-09-18T17:30:00+0200,15282.1693,MW,DE,DE_LU,actual_onshore_wind_generation,Wind Onshore,2026-09-23T16:04:10Z
2026-09-23T16:02:32Z,2026-09-23T18:02:32+0200,e4928401-3100-4766-a120-d8d7cc3fbb18,2026-09-18T15:45:00Z,2026-09-18T17:45:00+0200,14681.90746,MW,DE,DE_LU,actual_onshore_wind_generation,Wind Onshore,2026-09-23T16:04:10Z
2026-09-23T16:02:32Z,2026-09-23T18:02:32+0200,e4928401-3100-4766-a120-d8d7cc3fbb18,2026-09-18T16:00:00Z,2026-09-18T18:00:00+0200,14094.0666,MW,DE,DE_LU,actual_onshore_wind_generation,Wind Onshore,2026-09-23T16:04:10Z
2026-09-23T16:02:32Z,2026-09-23T18:02:32+0200,e4928401-3100-4766-a120-d8d7cc3fbb18,2026-09-18T16:15:00Z,2026-09-18T18:15:00+0200,13485.03993,MW,DE,DE_LU,actual_onshore_wind_generation,Wind Onshore,2026-09-23T16:04:10Z
2026-09-23T16:02:32Z,2026-09-23T18:02:32+0200,e4928401-3100-4766-a120-d8d7cc3fbb18,2026-09-18T16:30:00Z,2026-09-18T18:30:00+0200,12558.5286,MW,DE,DE_LU,actual_onshore_wind_generation,Wind Onshore,2026-09-23T16:04:10Z
2026-09-23T16:02:32Z,2026-09-23T18:02:32+0200,e4928401-3100-4766-a120-d8d7cc3fbb18,2026-09-18T16:45:00Z,2026-09-18T18:45:00+0200,11959.35095,MW,DE,DE_LU,actual_onshore_wind_generation,Wind Onshore,2026-09-23T16:04:10Z
2026-09-23T16:02:32Z,2026-09-23T18:02:32+0200,e4928401-3100-4766-a120-d8d7cc3fbb18,2026-09-18T17:00:00Z,2026-09-18T19:00:00+0200,11860.37062,MW,DE,DE_LU,actual_onshore_wind_generation,Wind Onshore,2026-09-23T16:04:10Z
2026-09-23T16:02:32Z,2026-09-23T18:02:32+0200,e4928401-3100-4766-a120-d8d7cc3fbb18,2026-09-18T17:15:00Z,2026-09-18T19:15:00+0200,11795.59799,MW,DE,DE_LU,actual_onshore_wind_generation,Wind Onshore,2026-09-23T16:04:10Z
2026-09-23T16:02:32Z,2026-09-23T18:02:32+0200,e4928401-3100-4766-a120-d8d7cc3fbb18,2026-09-18T17:30:00Z,2026-09-18T19:30:00+0200,11263.03314,MW,DE,DE_LU,actual_onshore_wind_generation,Wind Onshore,2026-09-23T16:04:10Z
2026-09-23T16:02:32Z,2026-09-23T18:02:32+0200,e4928401-3100-4766-a120-d8d7cc3fbb18,2026-09-18T17:45:00Z,2026-09-18T19:45:00+0200,11172.83702,MW,DE,DE_LU,actual_onshore_wind_generation,Wind Onshore,2026-09-23T16:04:10Z
2026-09-23T16:02:32Z,2026-09-23T18:02:32+0200,e4928401-3100-4766-a120-d8d7cc3fbb18,2026-09-18T18:00:00Z,2026-09-18T20:00:00+0200,11488.07546,MW,DE,DE_LU,actual_onshore_wind_generation,Wind Onshore,2026-09-23T16:04:10Z
2026-09-23T16:02:32Z,2026-09-23T18:02:32+0200,e4928401-3100-4766-a120-d8d7cc3fbb18,2026-09-18T18:15:00Z,2026-09-18T20:15:00+0200,12014.71218,MW,DE,DE_LU,actual_onshore_wind_generation,Wind Onshore,2026-09-23T16:04:10Z
2026-09-23T16:02:32Z,2026-09-23T18:02:32+0200,e4928401-3100-4766-a120-d8d7cc3fbb18,2026-09-18T18:30:00Z,2026-09-18T20:30:00+0200,12641.23412,MW,DE,DE_LU,actual_onshore_wind_generation,Wind Onshore,2026-09-23T16:04:10Z
2026-09-23T16:02:32Z,2026-09-23T18:02:32+0200,e4928401-3100-4766-a120-d8d7cc3fbb18,2026-09-18T18:45:00Z,2026-09-18T20:45:00+0200,13258.20773,MW,DE,DE_LU,actual_onshore_wind_generation,Wind Onshore,2026-09-23T16:04:10Z
2026-09-23T16:02:32Z,2026-09-23T18:02:32+0200,e4928401-3100-4766-a120-d8d7cc3fbb18,2026-09-18T19:00:00Z,2026-09-18T21:00:00+0200,13910.49218,MW,DE,DE_LU,actual_onshore_wind_generation,Wind Onshore,2026-09-23T16:04:10Z
2026-09-23T16:02:32Z,2026-09-23T18:02:32+0200,e4928401-3100-4766-a120-d8d7cc3fbb18,2026-09-18T19:15:00Z,2026-09-18T21:15:00+0200,14766.57707,MW,DE,DE_LU,actual_onshore_wind_generation,Wind Onshore,2026-09-23T16:04:10Z
2026-09-23T16:02:32Z,2026-09-23T18:02:32+0200,e4928401-3100-4766-a120-d8d7cc3fbb18,2026-09-18T19:30:00Z,2026-09-18T21:30:00+0200,15550.63638,MW,DE,DE_LU,actual_onshore_wind_generation,Wind Onshore,2026-09-23T16:04:10Z
2026-09-23T16:02:32Z,2026-09-23T18:02:32+0200,e4928401-3100-4766-a120-d8d7cc3fbb18,2026-09-18T19:45:00Z,2026-09-18T21:45:00+0200,16432.31436,MW,DE,DE_LU,actual_onshore_wind_generation,Wind Onshore,2026-09-23T16:04:10Z
2026-09-23T16:02:32Z,2026-09-23T18:02:32+0200,e4928401-3100-4766-a120-d8d7cc3fbb18,2026-09-18T20:00:00Z,2026-09-18T22:00:00+0200,16760.43031,MW,DE,DE_LU,actual_onshore_wind_generation,Wind Onshore,2026-09-23T16:04:10Z
2026-09-23T16:02:32Z,2026-09-23T18:02:32+0200,e4928401-3100-4766-a120-d8d7cc3fbb18,2026-09-18T20:15:00Z,2026-09-18T22:15:00+0200,17300.88941,MW,DE,DE_LU,actual_onshore_wind_generation,Wind Onshore,2026-09-23T16:04:10Z
2026-09-23T16:02:32Z,2026-09-23T18:02:32+0200,e4928401-3100-4766-a120-d8d7cc3fbb18,2026-09-18T20:30:00Z,2026-09-18T22:30:00+0200,17927.69959,MW,DE,DE_LU,actual_onshore_wind_generation,Wind Onshore,2026-09-23T16:04:10Z
2026-09-23T16:02:32Z,2026-09-23T18:02:32+0200,e4928401-3100-4766-a120-d8d7cc3fbb18,2026-09-18T20:45:00Z,2026-09-18T22:45:00+0200,18457.67626,MW,DE,DE_LU,actual_onshore_wind_generation,Wind Onshore,2026-09-23T16:04:10Z
2026-09-23T16:02:32Z,2026-09-23T18:02:32+0200,e4928401-3100-4766-a120-d8d7cc3fbb18,2026-09-18T21:00:00Z,2026-09-18T23:00:00+0200,18968.56752,MW,DE,DE_LU,actual_onshore_wind_generation,Wind Onshore,2026-09-23T16:04:10Z
2026-09-23T16:02:32Z,2026-09-23T18:02:32+0200,e4928401-3100-4766-a120-d8d7cc3fbb18,2026-09-18T21:15:00Z,2026-09-18T23:15:00+0200,19280.148,MW,DE,DE_LU,actual_onshore_wind_generation,Wind Onshore,2026-09-23T16:04:10Z
2026-09-23T16:02:32Z,2026-09-23T18:02:32+0200,e4928401-3100-4766-a120-d8d7cc3fbb18,2026-09-18T21:30:00Z,2026-09-18T23:30:00+0200,19366.13677,MW,DE,DE_LU,actual_onshore_wind_generation,Wind Onshore,2026-09-23T16:04:10Z
2026-09-23T16:02:32Z,2026-09-23T18:02:32+0200,e4928401-3100-4766-a120-d8d7cc3fbb18,2026-09-18T21:45:00Z,2026-09-18T23:45:00+0200,19726.50676,MW,DE,DE_LU,actual_onshore_wind_generation,Wind Onshore,2026-09-23T16:04:10Z
2026-09-23T16:02:32Z,2026-09-23T18:02:32+0200,e4928401-3100-4766-a120-d8d7cc3fbb18,2026-09-18T22:00:00Z,2026-09-19T00:00:00+0200,20050.06636,MW,DE,DE_LU,actual_onshore_wind_generation,Wind Onshore,2026-09-23T16:04:10Z
2026-09-23T16:02:32Z,2026-09-23T18:02:32+0200,e4928401-3100-4766-a120-d8d7cc3fbb18,2026-09-18T22:15:00Z,2026-09-19T00:15:00+0200,20299.0169,MW,DE,DE_LU,actual_onshore_wind_generation,Wind Onshore,2026-09-23T16:04:10Z
2026-09-23T16:02:32Z,2026-09-23T18:02:32+0200,e4928401-3100-4766-a120-d8d7cc3fbb18,2026-09-18T22:30:00Z,2026-09-19T00:30:00+0200,20470.2213,MW,DE,DE_LU,actual_onshore_wind_generation,Wind Onshore,2026-09-23T16:04:10Z
2026-09-23T16:02:32Z,2026-09-23T18:02:32+0200,e4928401-3100-4766-a120-d8d7cc3fbb18,2026-09-18T22:45:00Z,2026-09-19T00:45:00+0200,20822.42897,MW,DE,DE_LU,actual_onshore_wind_generation,Wind Onshore,2026-09-23T16:04:10Z
2026-09-23T16:02:32Z,2026-09-23T18:02:32+0200,e4928401-3100-4766-a120-d8d7cc3fbb18,2026-09-18T23:00:00Z,2026-09-19T01:00:00+0200,21138.71357,MW,DE,DE_LU,actual_onshore_wind_generation,Wind Onshore,2026-09-23T16:04:10Z
2026-09-23T16:02:32Z,2026-09-23T18:02:32+0200,e4928401-3100-4766-a120-d8d7cc3fbb18,2026-09-18T23:15:00Z,2026-09-19T01:15:00+0200,21384.29743,MW,DE,DE_LU,actual_onshore_wind_generation,Wind Onshore,2026-09-23T16:04:10Z
2026-09-23T16:02:32Z,2026-09-23T18:02:32+0200,e4928401-3100-4766-a120-d8d7cc3fbb18,2026-09-18T23:30:00Z,2026-09-19T01:30:00+0200,21701.81227,MW,DE,DE_LU,actual_onshore_wind_generation,Wind Onshore,2026-09-23T16:04:10Z
2026-09-23T16:02:32Z,2026-09-23T18:02:32+0200,e4928401-3100-4766-a120-d8d7cc3fbb18,2026-09-18T23:45:00Z,2026-09-19T01:45:00+0200,22000.50613,MW,DE,DE_LU,actual_onshore_wind_generation,Wind Onshore,2026-09-23T16:04:10Z
2026-09-23T16:02:32Z,2026-09-23T18:02:32+0200,e4928401-3100-4766-a120-d8d7cc3fbb18,2026-09-19T00:00:00Z,2026-09-19T02:00:00+0200,22506.70364,MW,DE,DE_LU,actual_onshore_wind_generation,Wind Onshore,2026-09-23T16:04:10Z
2026-09-23T16:02:32Z,2026-09-23T18:02:32+0200,e4928401-3100-4766-a120-d8d7cc3fbb18,2026-09-19T00:15:00Z,2026-09-19T02:15:00+0200,22940.68916,MW,DE,DE_LU,actual_onshore_wind_generation,Wind Onshore,2026-09-23T16:04:10Z
2026-09-23T16:02:32Z,2026-09-23T18:02:32+0200,e4928401-3100-4766-a120-d8d7cc3fbb18,2026-09-19T00:30:00Z,2026-09-19T02:30:00+0200,23319.36424,MW,DE,DE_LU,actual_onshore_wind_generation,Wind Onshore,2026-09-23T16:04:10Z
2026-09-23T16:02:32Z,2026-09-23T18:02:32+0200,e4928401-3100-4766-a120-d8d7cc3fbb18,2026-09-19T00:45:00Z,2026-09-19T02:45:00+0200,23522.62022,MW,DE,DE_LU,actual_onshore_wind_generation,Wind Onshore,2026-09-23T16:04:10Z
2026-09-23T16:02:32Z,2026-09-23T18:02:32+0200,e4928401-3100-4766-a120-d8d7cc3fbb18,2026-09-19T01:00:00Z,2026-09-19T03:00:00+0200,23910.38793,MW,DE,DE_LU,actual_onshore_wind_generation,Wind Onshore,2026-09-23T16:04:10Z
2026-09-23T16:02:32Z,2026-09-23T18:02:32+0200,e4928401-3100-4766-a120-d8d7cc3fbb18,2026-09-19T01:15:00Z,2026-09-19T03:15:00+0200,24041.53972,MW,DE,DE_LU,actual_onshore_wind_generation,Wind Onshore,2026-09-23T16:04:10Z
2026-09-23T16:02:32Z,2026-09-23T18:02:32+0200,e4928401-3100-4766-a120-d8d7cc3fbb18,2026-09-19T01:30:00Z,2026-09-19T03:30:00+0200,24385.6021,MW,DE,DE_LU,actual_onshore_wind_generation,Wind Onshore,2026-09-23T16:04:10Z
2026-09-23T16:02:32Z,2026-09-23T18:02:32+0200,e4928401-3100-4766-a120-d8d7cc3fbb18,2026-09-19T01:45:00Z,2026-09-19T03:45:00+0200,24946.46282,MW,DE,DE_LU,actual_onshore_wind_generation,Wind Onshore,2026-09-23T16:04:10Z
2026-09-23T16:02:32Z,2026-09-23T18:02:32+0200,e4928401-3100-4766-a120-d8d7cc3fbb18,2026-09-19T02:00:00Z,2026-09-19T04:00:00+0200,25356.20109,MW,DE,DE_LU,actual_onshore_wind_generation,Wind Onshore,2026-09-23T16:04:10Z
2026-09-23T16:02:32Z,2026-09-23T18:02:32+0200,e4928401-3100-4766-a120-d8d7cc3fbb18,2026-09-19T02:15:00Z,2026-09-19T04:15:00+0200,25467.26538,MW,DE,DE_LU,actual_onshore_wind_generation,Wind Onshore,2026-09-23T16:04:10Z
2026-09-23T16:02:32Z,2026-09-23T18:02:32+0200,e4928401-3100-4766-a120-d8d7cc3fbb18,2026-09-19T02:30:00Z,2026-09-19T04:30:00+0200,25612.20519,MW,DE,DE_LU,actual_onshore_wind_generation,Wind Onshore,2026-09-23T16:04:10Z
2026-09-23T16:02:32Z,2026-09-23T18:02:32+0200,e4928401-3100-4766-a120-d8d7cc3fbb18,2026-09-19T02:45:00Z,2026-09-19T04:45:00+0200,25768.91017,MW,DE,DE_LU,actual_onshore_wind_generation,Wind Onshore,2026-09-23T16:04:10Z
2026-09-23T16:02:32Z,2026-09-23T18:02:32+0200,e4928401-3100-4766-a120-d8d7cc3fbb18,2026-09-19T03:00:00Z,2026-09-19T05:00:00+0200,26038.73409,MW,DE,DE_LU,actual_onshore_wind_generation,Wind Onshore,2026-09-23T16:04:10Z
2026-09-23T16:02:32Z,2026-09-23T18:02:32+0200,e4928401-3100-4766-a120-d8d7cc3fbb18,2026-09-19T03:15:00Z,2026-09-19T05:15:00+0200,26352.63911,MW,DE,DE_LU,actual_onshore_wind_generation,Wind Onshore,2026-09-23T16:04:10Z
2026-09-23T16:02:32Z,2026-09-23T18:02:32+0200,e4928401-3100-4766-a120-d8d7cc3fbb18,2026-09-19T03:30:00Z,2026-09-19T05:30:00+0200,26561.82084,MW,DE,DE_LU,actual_onshore_wind_generation,Wind Onshore,2026-09-23T16:04:10Z
2026-09-23T16:02:32Z,2026-09-23T18:02:32+0200,e4928401-3100-4766-a120-d8d7cc3fbb18,2026-09-19T03:45:00Z,2026-09-19T05:45:00+0200,26618.64098,MW,DE,DE_LU,actual_onshore_wind_generation,Wind Onshore,2026-09-23T16:04:10Z
2026-09-23T16:02:32Z,2026-09-23T18:02:32+0200,e4928401-3100-4766-a120-d8d7cc3fbb18,2026-09-19T04:00:00Z,2026-09-19T06:00:00+0200,27650.0186,MW,DE,DE_LU,actual_onshore_wind_generation,Wind Onshore,2026-09-23T16:04:10Z
2026-09-23T16:02:32Z,2026-09-23T18:02:32+0200,e4928401-3100-4766-a120-d8d7cc3fbb18,2026-09-19T04:15:00Z,2026-09-19T06:15:00+0200,28046.39277,MW,DE,DE_LU,actual_onshore_wind_generation,Wind Onshore,2026-09-23T16:04:10Z
2026-09-23T16:02:32Z,2026-09-23T18:02:32+0200,e4928401-3100-4766-a120-d8d7cc3fbb18,2026-09-19T04:30:00Z,2026-09-19T06:30:00+0200,28330.10061,MW,DE,DE_LU,actual_onshore_wind_generation,Wind Onshore,2026-09-23T16:04:10Z
2026-09-23T16:02:32Z,2026-09-23T18:02:32+0200,e4928401-3100-4766-a120-d8d7cc3fbb18,2026-09-19T04:45:00Z,2026-09-19T06:45:00+0200,28250.77367,MW,DE,DE_LU,actual_onshore_wind_generation,Wind Onshore,2026-09-23T16:04:10Z
2026-09-23T16:02:32Z,2026-09-23T18:02:32+0200,e4928401-3100-4766-a120-d8d7cc3fbb18,2026-09-19T05:00:00Z,2026-09-19T07:00:00+0200,28979.41061,MW,DE,DE_LU,actual_onshore_wind_generation,Wind Onshore,2026-09-23T16:04:10Z
2026-09-23T16:02:32Z,2026-09-23T18:02:32+0200,e4928401-3100-4766-a120-d8d7cc3fbb18,2026-09-19T05:15:00Z,2026-09-19T07:15:00+0200,29100.01774,MW,DE,DE_LU,actual_onshore_wind_generation,Wind Onshore,2026-09-23T16:04:10Z
2026-09-23T16:02:32Z,2026-09-23T18:02:32+0200,e4928401-3100-4766-a120-d8d7cc3fbb18,2026-09-19T05:30:00Z,2026-09-19T07:30:00+0200,29011.81037,MW,DE,DE_LU,actual_onshore_wind_generation,Wind Onshore,2026-09-23T16:04:10Z
2026-09-23T16:02:32Z,2026-09-23T18:02:32+0200,e4928401-3100-4766-a120-d8d7cc3fbb18,2026-09-19T05:45:00Z,2026-09-19T07:45:00+0200,29149.08318,MW,DE,DE_LU,actual_onshore_wind_generation,Wind Onshore,2026-09-23T16:04:10Z
2026-09-23T16:02:32Z,2026-09-23T18:02:32+0200,e4928401-3100-4766-a120-d8d7cc3fbb18,2026-09-19T06:00:00Z,2026-09-19T08:00:00+0200,29110.86723,MW,DE,DE_LU,actual_onshore_wind_generation,Wind Onshore,2026-09-23T16:04:10Z
2026-09-23T16:02:32Z,2026-09-23T18:02:32+0200,e4928401-3100-4766-a120-d8d7cc3fbb18,2026-09-19T06:15:00Z,2026-09-19T08:15:00+0200,28990.33442,MW,DE,DE_LU,actual_onshore_wind_generation,Wind Onshore,2026-09-23T16:04:10Z
2026-09-23T16:02:32Z,2026-09-23T18:02:32+0200,e4928401-3100-4766-a120-d8d7cc3fbb18,2026-09-19T06:30:00Z,2026-09-19T08:30:00+0200,28787.4495,MW,DE,DE_LU,actual_onshore_wind_generation,Wind Onshore,2026-09-23T16:04:10Z
2026-09-23T16:02:32Z,2026-09-23T18:02:32+0200,e4928401-3100-4766-a120-d8d7cc3fbb18,2026-09-19T06:45:00Z,2026-09-19T08:45:00+0200,27962.29952,MW,DE,DE_LU,actual_onshore_wind_generation,Wind Onshore,2026-09-23T16:04:10Z
2026-09-23T16:02:32Z,2026-09-23T18:02:32+0200,e4928401-3100-4766-a120-d8d7cc3fbb18,2026-09-19T07:00:00Z,2026-09-19T09:00:00+0200,28012.01946,MW,DE,DE_LU,actual_onshore_wind_generation,Wind Onshore,2026-09-23T16:04:10Z
2026-09-23T16:02:32Z,2026-09-23T18:02:32+0200,e4928401-3100-4766-a120-d8d7cc3fbb18,2026-09-19T07:15:00Z,2026-09-19T09:15:00+0200,27498.90257,MW,DE,DE_LU,actual_onshore_wind_generation,Wind Onshore,2026-09-23T16:04:10Z
2026-09-23T16:02:32Z,2026-09-23T18:02:32+0200,e4928401-3100-4766-a120-d8d7cc3fbb18,2026-09-19T07:30:00Z,2026-09-19T09:30:00+0200,27195.27356,MW,DE,DE_LU,actual_onshore_wind_generation,Wind Onshore,2026-09-23T16:04:10Z
2026-09-23T16:02:32Z,2026-09-23T18:02:32+0200,e4928401-3100-4766-a120-d8d7cc3fbb18,2026-09-19T07:45:00Z,2026-09-19T09:45:00+0200,26058.47062,MW,DE,DE_LU,actual_onshore_wind_generation,Wind Onshore,2026-09-23T16:04:10Z
2026-09-23T16:02:32Z,2026-09-23T18:02:32+0200,e4928401-3100-4766-a120-d8d7cc3fbb18,2026-09-19T08:00:00Z,2026-09-19T10:00:00+0200,23377.11061,MW,DE,DE_LU,actual_onshore_wind_generation,Wind Onshore,2026-09-23T16:04:10Z
2026-09-23T16:02:32Z,2026-09-23T18:02:32+0200,e4928401-3100-4766-a120-d8d7cc3fbb18,2026-09-19T08:15:00Z,2026-09-19T10:15:00+0200,21555.4847,MW,DE,DE_LU,actual_onshore_wind_generation,Wind Onshore,2026-09-23T16:04:10Z
2026-09-23T16:02:32Z,2026-09-23T18:02:32+0200,e4928401-3100-4766-a120-d8d7cc3fbb18,2026-09-19T08:30:00Z,2026-09-19T10:30:00+0200,20749.57139,MW,DE,DE_LU,actual_onshore_wind_generation,Wind Onshore,2026-09-23T16:04:10Z
2026-09-23T16:02:32Z,2026-09-23T18:02:32+0200,e4928401-3100-4766-a120-d8d7cc3fbb18,2026-09-19T08:45:00Z,2026-09-19T10:45:00+0200,19928.17347,MW,DE,DE_LU,actual_onshore_wind_generation,Wind Onshore,2026-09-23T16:04:10Z
2026-09-23T16:02:32Z,2026-09-23T18:02:32+0200,e4928401-3100-4766-a120-d8d7cc3fbb18,2026-09-19T09:00:00Z,2026-09-19T11:00:00+0200,19342.43921,MW,DE,DE_LU,actual_onshore_wind_generation,Wind Onshore,2026-09-23T16:04:10Z
2026-09-23T16:02:32Z,2026-09-23T18:02:32+0200,e4928401-3100-4766-a120-d8d7cc3fbb18,2026-09-19T09:15:00Z,2026-09-19T11:15:00+0200,19204.73724,MW,DE,DE_LU,actual_onshore_wind_generation,Wind Onshore,2026-09-23T16:04:10Z
2026-09-23T16:02:32Z,2026-09-23T18:02:32+0200,e4928401-3100-4766-a120-d8d7cc3fbb18,2026-09-19T09:30:00Z,2026-09-19T11:30:00+0200,19038.01388,MW,DE,DE_LU,actual_onshore_wind_generation,Wind Onshore,2026-09-23T16:04:10Z
2026-09-23T16:02:32Z,2026-09-23T18:02:32+0200,e4928401-3100-4766-a120-d8d7cc3fbb18,2026-09-19T09:45:00Z,2026-09-19T11:45:00+0200,19273.60963,MW,DE,DE_LU,actual_onshore_wind_generation,Wind Onshore,2026-09-23T16:04:10Z
2026-09-23T16:02:32Z,2026-09-23T18:02:32+0200,e4928401-3100-4766-a120-d8d7cc3fbb18,2026-09-19T10:00:00Z,2026-09-19T12:00:00+0200,19757.14398,MW,DE,DE_LU,actual_onshore_wind_generation,Wind Onshore,2026-09-23T16:04:10Z
2026-09-23T16:02:32Z,2026-09-23T18:02:32+0200,e4928401-3100-4766-a120-d8d7cc3fbb18,2026-09-19T10:15:00Z,2026-09-19T12:15:00+0200,19636.29696,MW,DE,DE_LU,actual_onshore_wind_generation,Wind Onshore,2026-09-23T16:04:10Z
2026-09-23T16:02:32Z,2026-09-23T18:02:32+0200,e4928401-3100-4766-a120-d8d7cc3fbb18,2026-09-19T10:30:00Z,2026-09-19T12:30:00+0200,19675.16612,MW,DE,DE_LU,actual_onshore_wind_generation,Wind Onshore,2026-09-23T16:04:10Z
2026-09-23T16:02:32Z,2026-09-23T18:02:32+0200,e4928401-3100-4766-a120-d8d7cc3fbb18,2026-09-19T10:45:00Z,2026-09-19T12:45:00+0200,19725.95587,MW,DE,DE_LU,actual_onshore_wind_generation,Wind Onshore,2026-09-23T16:04:10Z
2026-09-23T16:02:32Z,2026-09-23T18:02:32+0200,e4928401-3100-4766-a120-d8d7cc3fbb18,2026-09-19T11:00:00Z,2026-09-19T13:00:00+0200,19204.84635,MW,DE,DE_LU,actual_onshore_wind_generation,Wind Onshore,2026-09-23T16:04:10Z
2026-09-23T16:02:32Z,2026-09-23T18:02:32+0200,e4928401-3100-4766-a120-d8d7cc3fbb18,2026-09-19T11:15:00Z,2026-09-19T13:15:00+0200,19494.81032,MW,DE,DE_LU,actual_onshore_wind_generation,Wind Onshore,2026-09-23T16:04:10Z
2026-09-23T16:02:32Z,2026-09-23T18:02:32+0200,e4928401-3100-4766-a120-d8d7cc3fbb18,2026-09-19T11:30:00Z,2026-09-19T13:30:00+0200,19659.38019,MW,DE,DE_LU,actual_onshore_wind_generation,Wind Onshore,2026-09-23T16:04:10Z
2026-09-23T16:02:32Z,2026-09-23T18:02:32+0200,e4928401-3100-4766-a120-d8d7cc3fbb18,2026-09-19T11:45:00Z,2026-09-19T13:45:00+0200,19545.97438,MW,DE,DE_LU,actual_onshore_wind_generation,Wind Onshore,2026-09-23T16:04:10Z
2026-09-23T16:02:32Z,2026-09-23T18:02:32+0200,e4928401-3100-4766-a120-d8d7cc3fbb18,2026-09-19T12:00:00Z,2026-09-19T14:00:00+0200,19804.16414,MW,DE,DE_LU,actual_onshore_wind_generation,Wind Onshore,2026-09-23T16:04:10Z
2026-09-23T16:02:32Z,2026-09-23T18:02:32+0200,e4928401-3100-4766-a120-d8d7cc3fbb18,2026-09-19T12:15:00Z,2026-09-19T14:15:00+0200,19510.7034,MW,DE,DE_LU,actual_onshore_wind_generation,Wind Onshore,2026-09-23T16:04:10Z
2026-09-23T16:02:32Z,2026-09-23T18:02:32+0200,e4928401-3100-4766-a120-d8d7cc3fbb18,2026-09-19T12:30:00Z,2026-09-19T14:30:00+0200,19718.42781,MW,DE,DE_LU,actual_onshore_wind_generation,Wind Onshore,2026-09-23T16:04:10Z
2026-09-23T16:02:32Z,2026-09-23T18:02:32+0200,e4928401-3100-4766-a120-d8d7cc3fbb18,2026-09-19T12:45:00Z,2026-09-19T14:45:00+0200,20319.56716,MW,DE,DE_LU,actual_onshore_wind_generation,Wind Onshore,2026-09-23T16:04:10Z
2026-09-23T16:02:32Z,2026-09-23T18:02:32+0200,e4928401-3100-4766-a120-d8d7cc3fbb18,2026-09-19T13:00:00Z,2026-09-19T15:00:00+0200,20840.93441,MW,DE,DE_LU,actual_onshore_wind_generation,Wind Onshore,2026-09-23T16:04:10Z
2026-09-23T16:02:32Z,2026-09-23T18:02:32+0200,e4928401-3100-4766-a120-d8d7cc3fbb18,2026-09-19T13:15:00Z,2026-09-19T15:15:00+0200,20785.07518,MW,DE,DE_LU,actual_onshore_wind_generation,Wind Onshore,2026-09-23T16:04:10Z
2026-09-23T16:02:32Z,2026-09-23T18:02:32+0200,e4928401-3100-4766-a120-d8d7cc3fbb18,2026-09-19T13:30:00Z,2026-09-19T15:30:00+0200,21284.40991,MW,DE,DE_LU,actual_onshore_wind_generation,Wind Onshore,2026-09-23T16:04:10Z
2026-09-23T16:02:32Z,2026-09-23T18:02:32+0200,e4928401-3100-4766-a120-d8d7cc3fbb18,2026-09-19T13:45:00Z,2026-09-19T15:45:00+0200,21669.59338,MW,DE,DE_LU,actual_onshore_wind_generation,Wind Onshore,2026-09-23T16:04:10Z
2026-09-23T16:02:32Z,2026-09-23T18:02:32+0200,e4928401-3100-4766-a120-d8d7cc3fbb18,2026-09-19T14:00:00Z,2026-09-19T16:00:00+0200,22471.27242,MW,DE,DE_LU,actual_onshore_wind_generation,Wind Onshore,2026-09-23T16:04:10Z
2026-09-23T16:02:32Z,2026-09-23T18:02:32+0200,e4928401-3100-4766-a120-d8d7cc3fbb18,2026-09-19T14:15:00Z,2026-09-19T16:15:00+0200,23494.27015,MW,DE,DE_LU,actual_onshore_wind_generation,Wind Onshore,2026-09-23T16:04:10Z
2026-09-23T16:02:32Z,2026-09-23T18:02:32+0200,e4928401-3100-4766-a120-d8d7cc3fbb18,2026-09-19T14:30:00Z,2026-09-19T16:30:00+0200,23882.53672,MW,DE,DE_LU,actual_onshore_wind_generation,Wind Onshore,2026-09-23T16:04:10Z
2026-09-23T16:02:32Z,2026-09-23T18:02:32+0200,e4928401-3100-4766-a120-d8d7cc3fbb18,2026-09-19T14:45:00Z,2026-09-19T16:45:00+0200,25041.80639,MW,DE,DE_LU,actual_onshore_wind_generation,Wind Onshore,2026-09-23T16:04:10Z
2026-09-23T16:02:32Z,2026-09-23T18:02:32+0200,e4928401-3100-4766-a120-d8d7cc3fbb18,2026-09-19T15:00:00Z,2026-09-19T17:00:00+0200,26080.89914,MW,DE,DE_LU,actual_onshore_wind_generation,Wind Onshore,2026-09-23T16:04:10Z
2026-09-23T16:02:32Z,2026-09-23T18:02:32+0200,e4928401-3100-4766-a120-d8d7cc3fbb18,2026-09-19T15:15:00Z,2026-09-19T17:15:00+0200,27290.42054,MW,DE,DE_LU,actual_onshore_wind_generation,Wind Onshore,2026-09-23T16:04:10Z
2026-09-23T16:02:32Z,2026-09-23T18:02:32+0200,e4928401-3100-4766-a120-d8d7cc3fbb18,2026-09-19T15:30:00Z,2026-09-19T17:30:00+0200,28013.40692,MW,DE,DE_LU,actual_onshore_wind_generation,Wind Onshore,2026-09-23T16:04:10Z
2026-09-23T16:02:32Z,2026-09-23T18:02:32+0200,e4928401-3100-4766-a120-d8d7cc3fbb18,2026-09-19T15:45:00Z,2026-09-19T17:45:00+0200,29144.43292,MW,DE,DE_LU,actual_onshore_wind_generation,Wind Onshore,2026-09-23T16:04:10Z
2026-09-23T16:02:32Z,2026-09-23T18:02:32+0200,e4928401-3100-4766-a120-d8d7cc3fbb18,2026-09-19T16:00:00Z,2026-09-19T18:00:00+0200,29230.43479,MW,DE,DE_LU,actual_onshore_wind_generation,Wind Onshore,2026-09-23T16:04:10Z
2026-09-23T16:02:32Z,2026-09-23T18:02:32+0200,e4928401-3100-4766-a120-d8d7cc3fbb18,2026-09-19T16:15:00Z,2026-09-19T18:15:00+0200,28660.70259,MW,DE,DE_LU,actual_onshore_wind_generation,Wind Onshore,2026-09-23T16:04:10Z
2026-09-23T16:02:32Z,2026-09-23T18:02:32+0200,e4928401-3100-4766-a120-d8d7cc3fbb18,2026-09-19T16:30:00Z,2026-09-19T18:30:00+0200,28031.84992,MW,DE,DE_LU,actual_onshore_wind_generation,Wind Onshore,2026-09-23T16:04:10Z
2026-09-23T16:02:32Z,2026-09-23T18:02:32+0200,e4928401-3100-4766-a120-d8d7cc3fbb18,2026-09-19T16:45:00Z,2026-09-19T18:45:00+0200,27614.37077,MW,DE,DE_LU,actual_onshore_wind_generation,Wind Onshore,2026-09-23T16:04:10Z
2026-09-23T16:02:32Z,2026-09-23T18:02:32+0200,e4928401-3100-4766-a120-d8d7cc3fbb18,2026-09-19T17:00:00Z,2026-09-19T19:00:00+0200,27867.03122,MW,DE,DE_LU,actual_onshore_wind_generation,Wind Onshore,2026-09-23T16:04:10Z
2026-09-23T16:02:32Z,2026-09-23T18:02:32+0200,e4928401-3100-4766-a120-d8d7cc3fbb18,2026-09-19T17:15:00Z,2026-09-19T19:15:00+0200,28097.59998,MW,DE,DE_LU,actual_onshore_wind_generation,Wind Onshore,2026-09-23T16:04:10Z
2026-09-23T16:02:32Z,2026-09-23T18:02:32+0200,e4928401-3100-4766-a120-d8d7cc3fbb18,2026-09-19T17:30:00Z,2026-09-19T19:30:00+0200,28140.42402,MW,DE,DE_LU,actual_onshore_wind_generation,Wind Onshore,2026-09-23T16:04:10Z
2026-09-23T16:02:32Z,2026-09-23T18:02:32+0200,e4928401-3100-4766-a120-d8d7cc3fbb18,2026-09-19T17:45:00Z,2026-09-19T19:45:00+0200,28362.1005,MW,DE,DE_LU,actual_onshore_wind_generation,Wind Onshore,2026-09-23T16:04:10Z
2026-09-23T16:02:32Z,2026-09-23T18:02:32+0200,e4928401-3100-4766-a120-d8d7cc3fbb18,2026-09-19T18:00:00Z,2026-09-19T20:00:00+0200,28660.19852,MW,DE,DE_LU,actual_onshore_wind_generation,Wind Onshore,2026-09-23T16:04:10Z
2026-09-23T16:02:32Z,2026-09-23T18:02:32+0200,e4928401-3100-4766-a120-d8d7cc3fbb18,2026-09-19T18:15:00Z,2026-09-19T20:15:00+0200,28911.22004,MW,DE,DE_LU,actual_onshore_wind_generation,Wind Onshore,2026-09-23T16:04:10Z
2026-09-23T16:02:32Z,2026-09-23T18:02:32+0200,e4928401-3100-4766-a120-d8d7cc3fbb18,2026-09-19T18:30:00Z,2026-09-19T20:30:00+0200,29183.24909,MW,DE,DE_LU,actual_onshore_wind_generation,Wind Onshore,2026-09-23T16:04:10Z
2026-09-23T16:02:32Z,2026-09-23T18:02:32+0200,e4928401-3100-4766-a120-d8d7cc3fbb18,2026-09-19T18:45:00Z,2026-09-19T20:45:00+0200,29989.82425,MW,DE,DE_LU,actual_onshore_wind_generation,Wind Onshore,2026-09-23T16:04:10Z
2026-09-23T16:02:32Z,2026-09-23T18:02:32+0200,e4928401-3100-4766-a120-d8d7cc3fbb18,2026-09-19T19:00:00Z,2026-09-19T21:00:00+0200,30448.64584,MW,DE,DE_LU,actual_onshore_wind_generation,Wind Onshore,2026-09-23T16:04:10Z
2026-09-23T16:02:32Z,2026-09-23T18:02:32+0200,e4928401-3100-4766-a120-d8d7cc3fbb18,2026-09-19T19:15:00Z,2026-09-19T21:15:00+0200,30962.89914,MW,DE,DE_LU,actual_onshore_wind_generation,Wind Onshore,2026-09-23T16:04:10Z
2026-09-23T16:02:32Z,2026-09-23T18:02:32+0200,e4928401-3100-4766-a120-d8d7cc3fbb18,2026-09-19T19:30:00Z,2026-09-19T21:30:00+0200,31559.98427,MW,DE,DE_LU,actual_onshore_wind_generation,Wind Onshore,2026-09-23T16:04:10Z
2026-09-23T16:02:32Z,2026-09-23T18:02:32+0200,e4928401-3100-4766-a120-d8d7cc3fbb18,2026-09-19T19:45:00Z,2026-09-19T21:45:00+0200,31993.91532,MW,DE,DE_LU,actual_onshore_wind_generation,Wind Onshore,2026-09-23T16:04:10Z
2026-09-23T16:02:32Z,2026-09-23T18:02:32+0200,e4928401-3100-4766-a120-d8d7cc3fbb18,2026-09-19T20:00:00Z,2026-09-19T22:00:00+0200,30366.96577,MW,DE,DE_LU,actual_onshore_wind_generation,Wind Onshore,2026-09-23T16:04:10Z
2026-09-23T16:02:32Z,2026-09-23T18:02:32+0200,e4928401-3100-4766-a120-d8d7cc3fbb18,2026-09-19T20:15:00Z,2026-09-19T22:15:00+0200,30427.39881,MW,DE,DE_LU,actual_onshore_wind_generation,Wind Onshore,2026-09-23T16:04:10Z
2026-09-23T16:02:32Z,2026-09-23T18:02:32+0200,e4928401-3100-4766-a120-d8d7cc3fbb18,2026-09-19T20:30:00Z,2026-09-19T22:30:00+0200,30429.74283,MW,DE,DE_LU,actual_onshore_wind_generation,Wind Onshore,2026-09-23T16:04:10Z
2026-09-23T16:02:32Z,2026-09-23T18:02:32+0200,e4928401-3100-4766-a120-d8d7cc3fbb18,2026-09-19T20:45:00Z,2026-09-19T22:45:00+0200,30766.27728,MW,DE,DE_LU,actual_onshore_wind_generation,Wind Onshore,2026-09-23T16:04:10Z
2026-09-23T16:02:32Z,2026-09-23T18:02:32+0200,e4928401-3100-4766-a120-d8d7cc3fbb18,2026-09-19T21:00:00Z,2026-09-19T23:00:00+0200,30923.31288,MW,DE,DE_LU,actual_onshore_wind_generation,Wind Onshore,2026-09-23T16:04:10Z
2026-09-23T16:02:32Z,2026-09-23T18:02:32+0200,e4928401-3100-4766-a120-d8d7cc3fbb18,2026-09-19T21:15:00Z,2026-09-19T23:15:00+0200,30864.54153,MW,DE,DE_LU,actual_onshore_wind_generation,Wind Onshore,2026-09-23T16:04:10Z
2026-09-23T16:02:32Z,2026-09-23T18:02:32+0200,e4928401-3100-4766-a120-d8d7cc3fbb18,2026-09-19T21:30:00Z,2026-09-19T23:30:00+0200,30982.78823,MW,DE,DE_LU,actual_onshore_wind_generation,Wind Onshore,2026-09-23T16:04:10Z
2026-09-23T16:02:32Z,2026-09-23T18:02:32+0200,e4928401-3100-4766-a120-d8d7cc3fbb18,2026-09-19T21:45:00Z,2026-09-19T23:45:00+0200,30376.67572,MW,DE,DE_LU,actual_onshore_wind_generation,Wind Onshore,2026-09-23T16:04:10Z
2026-09-23T16:02:32Z,2026-09-23T18:02:32+0200,e4928401-3100-4766-a120-d8d7cc3fbb18,2026-09-19T22:00:00Z,2026-09-20T00:00:00+0200,30707.26895,MW,DE,DE_LU,actual_onshore_wind_generation,Wind Onshore,2026-09-23T16:04:10Z
2026-09-23T16:02:32Z,2026-09-23T18:02:32+0200,e4928401-3100-4766-a120-d8d7cc3fbb18,2026-09-19T22:15:00Z,2026-09-20T00:15:00+0200,30748.09735,MW,DE,DE_LU,actual_onshore_wind_generation,Wind Onshore,2026-09-23T16:04:10Z
2026-09-23T16:02:32Z,2026-09-23T18:02:32+0200,e4928401-3100-4766-a120-d8d7cc3fbb18,2026-09-19T22:30:00Z,2026-09-20T00:30:00+0200,30552.60249,MW,DE,DE_LU,actual_onshore_wind_generation,Wind Onshore,2026-09-23T16:04:10Z
2026-09-23T16:02:32Z,2026-09-23T18:02:32+0200,e4928401-3100-4766-a120-d8d7cc3fbb18,2026-09-19T22:45:00Z,2026-09-20T00:45:00+0200,30011.16669,MW,DE,DE_LU,actual_onshore_wind_generation,Wind Onshore,2026-09-23T16:04:10Z
2026-09-23T16:02:32Z,2026-09-23T18:02:32+0200,e4928401-3100-4766-a120-d8d7cc3fbb18,2026-09-19T23:00:00Z,2026-09-20T01:00:00+0200,29334.80084,MW,DE,DE_LU,actual_onshore_wind_generation,Wind Onshore,2026-09-23T16:04:10Z
2026-09-23T16:02:32Z,2026-09-23T18:02:32+0200,e4928401-3100-4766-a120-d8d7cc3fbb18,2026-09-19T23:15:00Z,2026-09-20T01:15:00+0200,28684.4009,MW,DE,DE_LU,actual_onshore_wind_generation,Wind Onshore,2026-09-23T16:04:10Z
2026-09-23T16:02:32Z,2026-09-23T18:02:32+0200,e4928401-3100-4766-a120-d8d7cc3fbb18,2026-09-19T23:30:00Z,2026-09-20T01:30:00+0200,28404.13311,MW,DE,DE_LU,actual_onshore_wind_generation,Wind Onshore,2026-09-23T16:04:10Z
2026-09-23T16:02:32Z,2026-09-23T18:02:32+0200,e4928401-3100-4766-a120-d8d7cc3fbb18,2026-09-19T23:45:00Z,2026-09-20T01:45:00+0200,28170.19442,MW,DE,DE_LU,actual_onshore_wind_generation,Wind Onshore,2026-09-23T16:04:10Z
2026-09-23T16:02:32Z,2026-09-23T18:02:32+0200,e4928401-3100-4766-a120-d8d7cc3fbb18,2026-09-20T00:00:00Z,2026-09-20T02:00:00+0200,27629.58511,MW,DE,DE_LU,actual_onshore_wind_generation,Wind Onshore,2026-09-23T16:04:10Z
2026-09-23T16:02:32Z,2026-09-23T18:02:32+0200,e4928401-3100-4766-a120-d8d7cc3fbb18,2026-09-20T00:15:00Z,2026-09-20T02:15:00+0200,27208.59037,MW,DE,DE_LU,actual_onshore_wind_generation,Wind Onshore,2026-09-23T16:04:10Z
2026-09-23T16:02:32Z,2026-09-23T18:02:32+0200,e4928401-3100-4766-a120-d8d7cc3fbb18,2026-09-20T00:30:00Z,2026-09-20T02:30:00+0200,26713.09529,MW,DE,DE_LU,actual_onshore_wind_generation,Wind Onshore,2026-09-23T16:04:10Z
2026-09-23T16:02:32Z,2026-09-23T18:02:32+0200,e4928401-3100-4766-a120-d8d7cc3fbb18,2026-09-20T00:45:00Z,2026-09-20T02:45:00+0200,26364.33586,MW,DE,DE_LU,actual_onshore_wind_generation,Wind Onshore,2026-09-23T16:04:10Z
2026-09-23T16:02:32Z,2026-09-23T18:02:32+0200,e4928401-3100-4766-a120-d8d7cc3fbb18,2026-09-20T01:00:00Z,2026-09-20T03:00:00+0200,26006.62382,MW,DE,DE_LU,actual_onshore_wind_generation,Wind Onshore,2026-09-23T16:04:10Z
2026-09-23T16:02:32Z,2026-09-23T18:02:32+0200,e4928401-3100-4766-a120-d8d7cc3fbb18,2026-09-20T01:15:00Z,2026-09-20T03:15:00+0200,25662.58634,MW,DE,DE_LU,actual_onshore_wind_generation,Wind Onshore,2026-09-23T16:04:10Z
2026-09-23T16:02:32Z,2026-09-23T18:02:32+0200,e4928401-3100-4766-a120-d8d7cc3fbb18,2026-09-20T01:30:00Z,2026-09-20T03:30:00+0200,25364.45218,MW,DE,DE_LU,actual_onshore_wind_generation,Wind Onshore,2026-09-23T16:04:10Z
2026-09-23T16:02:32Z,2026-09-23T18:02:32+0200,e4928401-3100-4766-a120-d8d7cc3fbb18,2026-09-20T01:45:00Z,2026-09-20T03:45:00+0200,25524.95057,MW,DE,DE_LU,actual_onshore_wind_generation,Wind Onshore,2026-09-23T16:04:10Z
2026-09-23T16:02:32Z,2026-09-23T18:02:32+0200,e4928401-3100-4766-a120-d8d7cc3fbb18,2026-09-20T02:00:00Z,2026-09-20T04:00:00+0200,25421.77414,MW,DE,DE_LU,actual_onshore_wind_generation,Wind Onshore,2026-09-23T16:04:10Z
2026-09-23T16:02:32Z,2026-09-23T18:02:32+0200,e4928401-3100-4766-a120-d8d7cc3fbb18,2026-09-20T02:15:00Z,2026-09-20T04:15:00+0200,25300.18671,MW,DE,DE_LU,actual_onshore_wind_generation,Wind Onshore,2026-09-23T16:04:10Z
2026-09-23T16:02:32Z,2026-09-23T18:02:32+0200,e4928401-3100-4766-a120-d8d7cc3fbb18,2026-09-20T02:30:00Z,2026-09-20T04:30:00+0200,24956.29298,MW,DE,DE_LU,actual_onshore_wind_generation,Wind Onshore,2026-09-23T16:04:10Z
2026-09-23T16:02:32Z,2026-09-23T18:02:32+0200,e4928401-3100-4766-a120-d8d7cc3fbb18,2026-09-20T02:45:00Z,2026-09-20T04:45:00+0200,24852.24807,MW,DE,DE_LU,actual_onshore_wind_generation,Wind Onshore,2026-09-23T16:04:10Z
2026-09-23T16:02:32Z,2026-09-23T18:02:32+0200,e4928401-3100-4766-a120-d8d7cc3fbb18,2026-09-20T03:00:00Z,2026-09-20T05:00:00+0200,24477.48546,MW,DE,DE_LU,actual_onshore_wind_generation,Wind Onshore,2026-09-23T16:04:10Z
2026-09-23T16:02:32Z,2026-09-23T18:02:32+0200,e4928401-3100-4766-a120-d8d7cc3fbb18,2026-09-20T03:15:00Z,2026-09-20T05:15:00+0200,24464.78102,MW,DE,DE_LU,actual_onshore_wind_generation,Wind Onshore,2026-09-23T16:04:10Z
2026-09-23T16:02:32Z,2026-09-23T18:02:32+0200,e4928401-3100-4766-a120-d8d7cc3fbb18,2026-09-20T03:30:00Z,2026-09-20T05:30:00+0200,24609.88988,MW,DE,DE_LU,actual_onshore_wind_generation,Wind Onshore,2026-09-23T16:04:10Z
2026-09-23T16:02:32Z,2026-09-23T18:02:32+0200,e4928401-3100-4766-a120-d8d7cc3fbb18,2026-09-20T03:45:00Z,2026-09-20T05:45:00+0200,24886.89728,MW,DE,DE_LU,actual_onshore_wind_generation,Wind Onshore,2026-09-23T16:04:10Z
2026-09-23T16:02:32Z,2026-09-23T18:02:32+0200,e4928401-3100-4766-a120-d8d7cc3fbb18,2026-09-20T04:00:00Z,2026-09-20T06:00:00+0200,25591.61972,MW,DE,DE_LU,actual_onshore_wind_generation,Wind Onshore,2026-09-23T16:04:10Z
2026-09-23T16:02:32Z,2026-09-23T18:02:32+0200,e4928401-3100-4766-a120-d8d7cc3fbb18,2026-09-20T04:15:00Z,2026-09-20T06:15:00+0200,25341.86113,MW,DE,DE_LU,actual_onshore_wind_generation,Wind Onshore,2026-09-23T16:04:10Z
2026-09-23T16:02:32Z,2026-09-23T18:02:32+0200,e4928401-3100-4766-a120-d8d7cc3fbb18,2026-09-20T04:30:00Z,2026-09-20T06:30:00+0200,25511.95333,MW,DE,DE_LU,actual_onshore_wind_generation,Wind Onshore,2026-09-23T16:04:10Z
2026-09-23T16:02:32Z,2026-09-23T18:02:32+0200,e4928401-3100-4766-a120-d8d7cc3fbb18,2026-09-20T04:45:00Z,2026-09-20T06:45:00+0200,26274.15442,MW,DE,DE_LU,actual_onshore_wind_generation,Wind Onshore,2026-09-23T16:04:10Z
2026-09-23T16:02:32Z,2026-09-23T18:02:32+0200,e4928401-3100-4766-a120-d8d7cc3fbb18,2026-09-20T05:00:00Z,2026-09-20T07:00:00+0200,26747.45664,MW,DE,DE_LU,actual_onshore_wind_generation,Wind Onshore,2026-09-23T16:04:10Z
2026-09-23T16:02:32Z,2026-09-23T18:02:32+0200,e4928401-3100-4766-a120-d8d7cc3fbb18,2026-09-20T05:15:00Z,2026-09-20T07:15:00+0200,26682.72543,MW,DE,DE_LU,actual_onshore_wind_generation,Wind Onshore,2026-09-23T16:04:10Z
2026-09-23T16:02:32Z,2026-09-23T18:02:32+0200,e4928401-3100-4766-a120-d8d7cc3fbb18,2026-09-20T05:30:00Z,2026-09-20T07:30:00+0200,26220.31245,MW,DE,DE_LU,actual_onshore_wind_generation,Wind Onshore,2026-09-23T16:04:10Z
2026-09-23T16:02:32Z,2026-09-23T18:02:32+0200,e4928401-3100-4766-a120-d8d7cc3fbb18,2026-09-20T05:45:00Z,2026-09-20T07:45:00+0200,26014.81798,MW,DE,DE_LU,actual_onshore_wind_generation,Wind Onshore,2026-09-23T16:04:10Z
2026-09-23T16:02:32Z,2026-09-23T18:02:32+0200,e4928401-3100-4766-a120-d8d7cc3fbb18,2026-09-20T06:00:00Z,2026-09-20T08:00:00+0200,26247.81452,MW,DE,DE_LU,actual_onshore_wind_generation,Wind Onshore,2026-09-23T16:04:10Z
2026-09-23T16:02:32Z,2026-09-23T18:02:32+0200,e4928401-3100-4766-a120-d8d7cc3fbb18,2026-09-20T06:15:00Z,2026-09-20T08:15:00+0200,25833.55532,MW,DE,DE_LU,actual_onshore_wind_generation,Wind Onshore,2026-09-23T16:04:10Z
2026-09-23T16:02:32Z,2026-09-23T18:02:32+0200,e4928401-3100-4766-a120-d8d7cc3fbb18,2026-09-20T06:30:00Z,2026-09-20T08:30:00+0200,25748.49077,MW,DE,DE_LU,actual_onshore_wind_generation,Wind Onshore,2026-09-23T16:04:10Z
2026-09-23T16:02:32Z,2026-09-23T18:02:32+0200,e4928401-3100-4766-a120-d8d7cc3fbb18,2026-09-20T06:45:00Z,2026-09-20T08:45:00+0200,25251.28675,MW,DE,DE_LU,actual_onshore_wind_generation,Wind Onshore,2026-09-23T16:04:10Z
2026-09-23T16:02:32Z,2026-09-23T18:02:32+0200,e4928401-3100-4766-a120-d8d7cc3fbb18,2026-09-20T07:00:00Z,2026-09-20T09:00:00+0200,25519.93587,MW,DE,DE_LU,actual_onshore_wind_generation,Wind Onshore,2026-09-23T16:04:10Z
2026-09-23T16:02:32Z,2026-09-23T18:02:32+0200,e4928401-3100-4766-a120-d8d7cc3fbb18,2026-09-20T07:15:00Z,2026-09-20T09:15:00+0200,24949.66853,MW,DE,DE_LU,actual_onshore_wind_generation,Wind Onshore,2026-09-23T16:04:10Z
2026-09-23T16:02:32Z,2026-09-23T18:02:32+0200,e4928401-3100-4766-a120-d8d7cc3fbb18,2026-09-20T07:30:00Z,2026-09-20T09:30:00+0200,23849.81938,MW,DE,DE_LU,actual_onshore_wind_generation,Wind Onshore,2026-09-23T16:04:10Z
2026-09-23T16:02:32Z,2026-09-23T18:02:32+0200,e4928401-3100-4766-a120-d8d7cc3fbb18,2026-09-20T07:45:00Z,2026-09-20T09:45:00+0200,23799.31081,MW,DE,DE_LU,actual_onshore_wind_generation,Wind Onshore,2026-09-23T16:04:10Z
2026-09-23T16:02:32Z,2026-09-23T18:02:32+0200,e4928401-3100-4766-a120-d8d7cc3fbb18,2026-09-20T08:00:00Z,2026-09-20T10:00:00+0200,23216.10672,MW,DE,DE_LU,actual_onshore_wind_generation,Wind Onshore,2026-09-23T16:04:10Z
2026-09-23T16:02:32Z,2026-09-23T18:02:32+0200,e4928401-3100-4766-a120-d8d7cc3fbb18,2026-09-20T08:15:00Z,2026-09-20T10:15:00+0200,23199.12266,MW,DE,DE_LU,actual_onshore_wind_generation,Wind Onshore,2026-09-23T16:04:10Z
2026-09-23T16:02:32Z,2026-09-23T18:02:32+0200,e4928401-3100-4766-a120-d8d7cc3fbb18,2026-09-20T08:30:00Z,2026-09-20T10:30:00+0200,22876.57934,MW,DE,DE_LU,actual_onshore_wind_generation,Wind Onshore,2026-09-23T16:04:10Z
2026-09-23T16:02:32Z,2026-09-23T18:02:32+0200,e4928401-3100-4766-a120-d8d7cc3fbb18,2026-09-20T08:45:00Z,2026-09-20T10:45:00+0200,23183.49548,MW,DE,DE_LU,actual_onshore_wind_generation,Wind Onshore,2026-09-23T16:04:10Z
2026-09-23T16:02:32Z,2026-09-23T18:02:32+0200,e4928401-3100-4766-a120-d8d7cc3fbb18,2026-09-20T09:00:00Z,2026-09-20T11:00:00+0200,23220.36194,MW,DE,DE_LU,actual_onshore_wind_generation,Wind Onshore,2026-09-23T16:04:10Z
2026-09-23T16:02:32Z,2026-09-23T18:02:32+0200,e4928401-3100-4766-a120-d8d7cc3fbb18,2026-09-20T09:15:00Z,2026-09-20T11:15:00+0200,23325.85237,MW,DE,DE_LU,actual_onshore_wind_generation,Wind Onshore,2026-09-23T16:04:10Z
2026-09-23T16:02:32Z,2026-09-23T18:02:32+0200,e4928401-3100-4766-a120-d8d7cc3fbb18,2026-09-20T09:30:00Z,2026-09-20T11:30:00+0200,24199.79789,MW,DE,DE_LU,actual_onshore_wind_generation,Wind Onshore,2026-09-23T16:04:10Z
2026-09-23T16:02:32Z,2026-09-23T18:02:32+0200,e4928401-3100-4766-a120-d8d7cc3fbb18,2026-09-20T09:45:00Z,2026-09-20T11:45:00+0200,23337.19881,MW,DE,DE_LU,actual_onshore_wind_generation,Wind Onshore,2026-09-23T16:04:10Z
2026-09-23T16:02:32Z,2026-09-23T18:02:32+0200,e4928401-3100-4766-a120-d8d7cc3fbb18,2026-09-20T10:00:00Z,2026-09-20T12:00:00+0200,22634.87499,MW,DE,DE_LU,actual_onshore_wind_generation,Wind Onshore,2026-09-23T16:04:10Z
2026-09-23T16:02:32Z,2026-09-23T18:02:32+0200,e4928401-3100-4766-a120-d8d7cc3fbb18,2026-09-20T10:15:00Z,2026-09-20T12:15:00+0200,21827.42989,MW,DE,DE_LU,actual_onshore_wind_generation,Wind Onshore,2026-09-23T16:04:10Z
2026-09-23T16:02:32Z,2026-09-23T18:02:32+0200,e4928401-3100-4766-a120-d8d7cc3fbb18,2026-09-20T10:30:00Z,2026-09-20T12:30:00+0200,22202.16149,MW,DE,DE_LU,actual_onshore_wind_generation,Wind Onshore,2026-09-23T16:04:10Z
2026-09-23T16:02:32Z,2026-09-23T18:02:32+0200,e4928401-3100-4766-a120-d8d7cc3fbb18,2026-09-20T10:45:00Z,2026-09-20T12:45:00+0200,22097.56788,MW,DE,DE_LU,actual_onshore_wind_generation,Wind Onshore,2026-09-23T16:04:10Z
2026-09-23T16:02:32Z,2026-09-23T18:02:32+0200,e4928401-3100-4766-a120-d8d7cc3fbb18,2026-09-20T11:00:00Z,2026-09-20T13:00:00+0200,22334.27028,MW,DE,DE_LU,actual_onshore_wind_generation,Wind Onshore,2026-09-23T16:04:10Z
2026-09-23T16:02:32Z,2026-09-23T18:02:32+0200,e4928401-3100-4766-a120-d8d7cc3fbb18,2026-09-20T11:15:00Z,2026-09-20T13:15:00+0200,21920.86591,MW,DE,DE_LU,actual_onshore_wind_generation,Wind Onshore,2026-09-23T16:04:10Z
2026-09-23T16:02:32Z,2026-09-23T18:02:32+0200,e4928401-3100-4766-a120-d8d7cc3fbb18,2026-09-20T11:30:00Z,2026-09-20T13:30:00+0200,22602.92335,MW,DE,DE_LU,actual_onshore_wind_generation,Wind Onshore,2026-09-23T16:04:10Z
2026-09-23T16:02:32Z,2026-09-23T18:02:32+0200,e4928401-3100-4766-a120-d8d7cc3fbb18,2026-09-20T11:45:00Z,2026-09-20T13:45:00+0200,23364.08556,MW,DE,DE_LU,actual_onshore_wind_generation,Wind Onshore,2026-09-23T16:04:10Z
2026-09-23T16:02:32Z,2026-09-23T18:02:32+0200,e4928401-3100-4766-a120-d8d7cc3fbb18,2026-09-20T12:00:00Z,2026-09-20T14:00:00+0200,23388.7375,MW,DE,DE_LU,actual_onshore_wind_generation,Wind Onshore,2026-09-23T16:04:10Z
2026-09-23T16:02:32Z,2026-09-23T18:02:32+0200,e4928401-3100-4766-a120-d8d7cc3fbb18,2026-09-20T12:15:00Z,2026-09-20T14:15:00+0200,23247.83673,MW,DE,DE_LU,actual_onshore_wind_generation,Wind Onshore,2026-09-23T16:04:10Z
2026-09-23T16:02:32Z,2026-09-23T18:02:32+0200,e4928401-3100-4766-a120-d8d7cc3fbb18,2026-09-20T12:30:00Z,2026-09-20T14:30:00+0200,23739.0471,MW,DE,DE_LU,actual_onshore_wind_generation,Wind Onshore,2026-09-23T16:04:10Z
2026-09-23T16:02:32Z,2026-09-23T18:02:32+0200,e4928401-3100-4766-a120-d8d7cc3fbb18,2026-09-20T12:45:00Z,2026-09-20T14:45:00+0200,24059.54488,MW,DE,DE_LU,actual_onshore_wind_generation,Wind Onshore,2026-09-23T16:04:10Z
2026-09-23T16:02:32Z,2026-09-23T18:02:32+0200,e4928401-3100-4766-a120-d8d7cc3fbb18,2026-09-20T13:00:00Z,2026-09-20T15:00:00+0200,24271.44135,MW,DE,DE_LU,actual_onshore_wind_generation,Wind Onshore,2026-09-23T16:04:10Z
2026-09-23T16:02:32Z,2026-09-23T18:02:32+0200,e4928401-3100-4766-a120-d8d7cc3fbb18,2026-09-20T13:15:00Z,2026-09-20T15:15:00+0200,24801.75858,MW,DE,DE_LU,actual_onshore_wind_generation,Wind Onshore,2026-09-23T16:04:10Z
2026-09-23T16:02:32Z,2026-09-23T18:02:32+0200,e4928401-3100-4766-a120-d8d7cc3fbb18,2026-09-20T13:30:00Z,2026-09-20T15:30:00+0200,25825.84848,MW,DE,DE_LU,actual_onshore_wind_generation,Wind Onshore,2026-09-23T16:04:10Z
2026-09-23T16:02:32Z,2026-09-23T18:02:32+0200,e4928401-3100-4766-a120-d8d7cc3fbb18,2026-09-20T13:45:00Z,2026-09-20T15:45:00+0200,27123.27479,MW,DE,DE_LU,actual_onshore_wind_generation,Wind Onshore,2026-09-23T16:04:10Z
2026-09-23T16:02:32Z,2026-09-23T18:02:32+0200,e4928401-3100-4766-a120-d8d7cc3fbb18,2026-09-20T14:00:00Z,2026-09-20T16:00:00+0200,28758.66416,MW,DE,DE_LU,actual_onshore_wind_generation,Wind Onshore,2026-09-23T16:04:10Z
2026-09-23T16:02:32Z,2026-09-23T18:02:32+0200,e4928401-3100-4766-a120-d8d7cc3fbb18,2026-09-20T14:15:00Z,2026-09-20T16:15:00+0200,30502.3003,MW,DE,DE_LU,actual_onshore_wind_generation,Wind Onshore,2026-09-23T16:04:10Z
2026-09-23T16:02:32Z,2026-09-23T18:02:32+0200,e4928401-3100-4766-a120-d8d7cc3fbb18,2026-09-20T14:30:00Z,2026-09-20T16:30:00+0200,31625.84941,MW,DE,DE_LU,actual_onshore_wind_generation,Wind Onshore,2026-09-23T16:04:10Z
2026-09-23T16:02:32Z,2026-09-23T18:02:32+0200,e4928401-3100-4766-a120-d8d7cc3fbb18,2026-09-20T14:45:00Z,2026-09-20T16:45:00+0200,32204.09015,MW,DE,DE_LU,actual_onshore_wind_generation,Wind Onshore,2026-09-23T16:04:10Z
2026-09-23T16:02:32Z,2026-09-23T18:02:32+0200,e4928401-3100-4766-a120-d8d7cc3fbb18,2026-09-20T15:00:00Z,2026-09-20T17:00:00+0200,33341.91332,MW,DE,DE_LU,actual_onshore_wind_generation,Wind Onshore,2026-09-23T16:04:10Z
2026-09-23T16:02:32Z,2026-09-23T18:02:32+0200,e4928401-3100-4766-a120-d8d7cc3fbb18,2026-09-20T15:15:00Z,2026-09-20T17:15:00+0200,35318.85593,MW,DE,DE_LU,actual_onshore_wind_generation,Wind Onshore,2026-09-23T16:04:10Z
2026-09-23T16:02:32Z,2026-09-23T18:02:32+0200,e4928401-3100-4766-a120-d8d7cc3fbb18,2026-09-20T15:30:00Z,2026-09-20T17:30:00+0200,36806.44073,MW,DE,DE_LU,actual_onshore_wind_generation,Wind Onshore,2026-09-23T16:04:10Z
2026-09-23T16:02:32Z,2026-09-23T18:02:32+0200,e4928401-3100-4766-a120-d8d7cc3fbb18,2026-09-20T15:45:00Z,2026-09-20T17:45:00+0200,37838.29389,MW,DE,DE_LU,actual_onshore_wind_generation,Wind Onshore,2026-09-23T16:04:10Z
2026-09-23T16:02:32Z,2026-09-23T18:02:32+0200,e4928401-3100-4766-a120-d8d7cc3fbb18,2026-09-20T16:00:00Z,2026-09-20T18:00:00+0200,38217.05526,MW,DE,DE_LU,actual_onshore_wind_generation,Wind Onshore,2026-09-23T16:04:10Z
2026-09-23T16:02:32Z,2026-09-23T18:02:32+0200,e4928401-3100-4766-a120-d8d7cc3fbb18,2026-09-20T16:15:00Z,2026-09-20T18:15:00+0200,37730.31153,MW,DE,DE_LU,actual_onshore_wind_generation,Wind Onshore,2026-09-23T16:04:10Z
2026-09-23T16:02:32Z,2026-09-23T18:02:32+0200,e4928401-3100-4766-a120-d8d7cc3fbb18,2026-09-20T16:30:00Z,2026-09-20T18:30:00+0200,36987.65888,MW,DE,DE_LU,actual_onshore_wind_generation,Wind Onshore,2026-09-23T16:04:10Z
2026-09-23T16:02:32Z,2026-09-23T18:02:32+0200,e4928401-3100-4766-a120-d8d7cc3fbb18,2026-09-20T16:45:00Z,2026-09-20T18:45:00+0200,35534.01709,MW,DE,DE_LU,actual_onshore_wind_generation,Wind Onshore,2026-09-23T16:04:10Z
2026-09-23T16:02:32Z,2026-09-23T18:02:32+0200,e4928401-3100-4766-a120-d8d7cc3fbb18,2026-09-20T17:00:00Z,2026-09-20T19:00:00+0200,35117.24743,MW,DE,DE_LU,actual_onshore_wind_generation,Wind Onshore,2026-09-23T16:04:10Z
2026-09-23T16:02:32Z,2026-09-23T18:02:32+0200,e4928401-3100-4766-a120-d8d7cc3fbb18,2026-09-20T17:15:00Z,2026-09-20T19:15:00+0200,35213.71997,MW,DE,DE_LU,actual_onshore_wind_generation,Wind Onshore,2026-09-23T16:04:10Z
2026-09-23T16:02:32Z,2026-09-23T18:02:32+0200,e4928401-3100-4766-a120-d8d7cc3fbb18,2026-09-20T17:30:00Z,2026-09-20T19:30:00+0200,34681.68867,MW,DE,DE_LU,actual_onshore_wind_generation,Wind Onshore,2026-09-23T16:04:10Z
2026-09-23T16:02:32Z,2026-09-23T18:02:32+0200,e4928401-3100-4766-a120-d8d7cc3fbb18,2026-09-20T17:45:00Z,2026-09-20T19:45:00+0200,34070.35398,MW,DE,DE_LU,actual_onshore_wind_generation,Wind Onshore,2026-09-23T16:04:10Z
2026-09-23T16:02:32Z,2026-09-23T18:02:32+0200,e4928401-3100-4766-a120-d8d7cc3fbb18,2026-09-20T18:00:00Z,2026-09-20T20:00:00+0200,33850.76191,MW,DE,DE_LU,actual_onshore_wind_generation,Wind Onshore,2026-09-23T16:04:10Z
2026-09-23T16:02:32Z,2026-09-23T18:02:32+0200,e4928401-3100-4766-a120-d8d7cc3fbb18,2026-09-20T18:15:00Z,2026-09-20T20:15:00+0200,33511.73597,MW,DE,DE_LU,actual_onshore_wind_generation,Wind Onshore,2026-09-23T16:04:10Z
2026-09-23T16:02:32Z,2026-09-23T18:02:32+0200,e4928401-3100-4766-a120-d8d7cc3fbb18,2026-09-20T18:30:00Z,2026-09-20T20:30:00+0200,33159.14561,MW,DE,DE_LU,actual_onshore_wind_generation,Wind Onshore,2026-09-23T16:04:10Z
2026-09-23T16:02:32Z,2026-09-23T18:02:32+0200,e4928401-3100-4766-a120-d8d7cc3fbb18,2026-09-20T18:45:00Z,2026-09-20T20:45:00+0200,32674.44305,MW,DE,DE_LU,actual_onshore_wind_generation,Wind Onshore,2026-09-23T16:04:10Z
2026-09-23T16:02:32Z,2026-09-23T18:02:32+0200,e4928401-3100-4766-a120-d8d7cc3fbb18,2026-09-20T19:00:00Z,2026-09-20T21:00:00+0200,31907.59577,MW,DE,DE_LU,actual_onshore_wind_generation,Wind Onshore,2026-09-23T16:04:10Z
2026-09-23T16:02:32Z,2026-09-23T18:02:32+0200,e4928401-3100-4766-a120-d8d7cc3fbb18,2026-09-20T19:15:00Z,2026-09-20T21:15:00+0200,31628.63113,MW,DE,DE_LU,actual_onshore_wind_generation,Wind Onshore,2026-09-23T16:04:10Z
2026-09-23T16:02:32Z,2026-09-23T18:02:32+0200,e4928401-3100-4766-a120-d8d7cc3fbb18,2026-09-20T19:30:00Z,2026-09-20T21:30:00+0200,31529.38838,MW,DE,DE_LU,actual_onshore_wind_generation,Wind Onshore,2026-09-23T16:04:10Z
2026-09-23T16:02:32Z,2026-09-23T18:02:32+0200,e4928401-3100-4766-a120-d8d7cc3fbb18,2026-09-20T19:45:00Z,2026-09-20T21:45:00+0200,31275.23312,MW,DE,DE_LU,actual_onshore_wind_generation,Wind Onshore,2026-09-23T16:04:10Z
2026-09-23T16:02:32Z,2026-09-23T18:02:32+0200,e4928401-3100-4766-a120-d8d7cc3fbb18,2026-09-20T20:00:00Z,2026-09-20T22:00:00+0200,29879.07047,MW,DE,DE_LU,actual_onshore_wind_generation,Wind Onshore,2026-09-23T16:04:10Z
2026-09-23T16:02:32Z,2026-09-23T18:02:32+0200,e4928401-3100-4766-a120-d8d7cc3fbb18,2026-09-20T20:15:00Z,2026-09-20T22:15:00+0200,29787.12933,MW,DE,DE_LU,actual_onshore_wind_generation,Wind Onshore,2026-09-23T16:04:10Z
2026-09-23T16:02:32Z,2026-09-23T18:02:32+0200,e4928401-3100-4766-a120-d8d7cc3fbb18,2026-09-20T20:30:00Z,2026-09-20T22:30:00+0200,29640.34323,MW,DE,DE_LU,actual_onshore_wind_generation,Wind Onshore,2026-09-23T16:04:10Z
2026-09-23T16:02:32Z,2026-09-23T18:02:32+0200,e4928401-3100-4766-a120-d8d7cc3fbb18,2026-09-20T20:45:00Z,2026-09-20T22:45:00+0200,29853.71803,MW,DE,DE_LU,actual_onshore_wind_generation,Wind Onshore,2026-09-23T16:04:10Z
2026-09-23T16:02:32Z,2026-09-23T18:02:32+0200,e4928401-3100-4766-a120-d8d7cc3fbb18,2026-09-20T21:00:00Z,2026-09-20T23:00:00+0200,29589.23883,MW,DE,DE_LU,actual_onshore_wind_generation,Wind Onshore,2026-09-23T16:04:10Z
2026-09-23T16:02:32Z,2026-09-23T18:02:32+0200,e4928401-3100-4766-a120-d8d7cc3fbb18,2026-09-20T21:15:00Z,2026-09-20T23:15:00+0200,29386.78003,MW,DE,DE_LU,actual_onshore_wind_generation,Wind Onshore,2026-09-23T16:04:10Z
2026-09-23T16:02:32Z,2026-09-23T18:02:32+0200,e4928401-3100-4766-a120-d8d7cc3fbb18,2026-09-20T21:30:00Z,2026-09-20T23:30:00+0200,29708.62655,MW,DE,DE_LU,actual_onshore_wind_generation,Wind Onshore,2026-09-23T16:04:10Z
2026-09-23T16:02:32Z,2026-09-23T18:02:32+0200,e4928401-3100-4766-a120-d8d7cc3fbb18,2026-09-20T21:45:00Z,2026-09-20T23:45:00+0200,30006.8482,MW,DE,DE_LU,actual_onshore_wind_generation,Wind Onshore,2026-09-23T16:04:10Z
2026-09-23T16:02:32Z,2026-09-23T18:02:32+0200,e4928401-3100-4766-a120-d8d7cc3fbb18,2026-09-20T22:00:00Z,2026-09-21T00:00:00+0200,30046.6278,MW,DE,DE_LU,actual_onshore_wind_generation,Wind Onshore,2026-09-23T16:04:10Z
2026-09-23T16:02:32Z,2026-09-23T18:02:32+0200,e4928401-3100-4766-a120-d8d7cc3fbb18,2026-09-20T22:15:00Z,2026-09-21T00:15:00+0200,30283.97935,MW,DE,DE_LU,actual_onshore_wind_generation,Wind Onshore,2026-09-23T16:04:10Z
2026-09-23T16:02:32Z,2026-09-23T18:02:32+0200,e4928401-3100-4766-a120-d8d7cc3fbb18,2026-09-20T22:30:00Z,2026-09-21T00:30:00+0200,30495.47389,MW,DE,DE_LU,actual_onshore_wind_generation,Wind Onshore,2026-09-23T16:04:10Z
2026-09-23T16:02:32Z,2026-09-23T18:02:32+0200,e4928401-3100-4766-a120-d8d7cc3fbb18,2026-09-20T22:45:00Z,2026-09-21T00:45:00+0200,30784.49542,MW,DE,DE_LU,actual_onshore_wind_generation,Wind Onshore,2026-09-23T16:04:10Z
2026-09-23T16:02:32Z,2026-09-23T18:02:32+0200,e4928401-3100-4766-a120-d8d7cc3fbb18,2026-09-20T23:00:00Z,2026-09-21T01:00:00+0200,30706.09783,MW,DE,DE_LU,actual_onshore_wind_generation,Wind Onshore,2026-09-23T16:04:10Z
2026-09-23T16:02:32Z,2026-09-23T18:02:32+0200,e4928401-3100-4766-a120-d8d7cc3fbb18,2026-09-20T23:15:00Z,2026-09-21T01:15:00+0200,30478.04614,MW,DE,DE_LU,actual_onshore_wind_generation,Wind Onshore,2026-09-23T16:04:10Z
2026-09-23T16:02:32Z,2026-09-23T18:02:32+0200,e4928401-3100-4766-a120-d8d7cc3fbb18,2026-09-20T23:30:00Z,2026-09-21T01:30:00+0200,30241.24867,MW,DE,DE_LU,actual_onshore_wind_generation,Wind Onshore,2026-09-23T16:04:10Z
2026-09-23T16:02:32Z,2026-09-23T18:02:32+0200,e4928401-3100-4766-a120-d8d7cc3fbb18,2026-09-20T23:45:00Z,2026-09-21T01:45:00+0200,30175.43726,MW,DE,DE_LU,actual_onshore_wind_generation,Wind Onshore,2026-09-23T16:04:10Z
2026-09-23T16:02:32Z,2026-09-23T18:02:32+0200,e4928401-3100-4766-a120-d8d7cc3fbb18,2026-09-21T00:00:00Z,2026-09-21T02:00:00+0200,29910.51337,MW,DE,DE_LU,actual_onshore_wind_generation,Wind Onshore,2026-09-23T16:04:10Z
2026-09-23T16:02:32Z,2026-09-23T18:02:32+0200,e4928401-3100-4766-a120-d8d7cc3fbb18,2026-09-21T00:15:00Z,2026-09-21T02:15:00+0200,29539.8043,MW,DE,DE_LU,actual_onshore_wind_generation,Wind Onshore,2026-09-23T16:04:10Z
2026-09-23T16:02:32Z,2026-09-23T18:02:32+0200,e4928401-3100-4766-a120-d8d7cc3fbb18,2026-09-21T00:30:00Z,2026-09-21T02:30:00+0200,29542.01007,MW,DE,DE_LU,actual_onshore_wind_generation,Wind Onshore,2026-09-23T16:04:10Z
2026-09-23T16:02:32Z,2026-09-23T18:02:32+0200,e4928401-3100-4766-a120-d8d7cc3fbb18,2026-09-21T00:45:00Z,2026-09-21T02:45:00+0200,28923.02264,MW,DE,DE_LU,actual_onshore_wind_generation,Wind Onshore,2026-09-23T16:04:10Z
2026-09-23T16:02:32Z,2026-09-23T18:02:32+0200,e4928401-3100-4766-a120-d8d7cc3fbb18,2026-09-21T01:00:00Z,2026-09-21T03:00:00+0200,28465.24633,MW,DE,DE_LU,actual_onshore_wind_generation,Wind Onshore,2026-09-23T16:04:10Z
2026-09-23T16:02:32Z,2026-09-23T18:02:32+0200,e4928401-3100-4766-a120-d8d7cc3fbb18,2026-09-21T01:15:00Z,2026-09-21T03:15:00+0200,27825.98888,MW,DE,DE_LU,actual_onshore_wind_generation,Wind Onshore,2026-09-23T16:04:10Z
2026-09-23T16:02:32Z,2026-09-23T18:02:32+0200,e4928401-3100-4766-a120-d8d7cc3fbb18,2026-09-21T01:30:00Z,2026-09-21T03:30:00+0200,27196.15154,MW,DE,DE_LU,actual_onshore_wind_generation,Wind Onshore,2026-09-23T16:04:10Z
2026-09-23T16:02:32Z,2026-09-23T18:02:32+0200,e4928401-3100-4766-a120-d8d7cc3fbb18,2026-09-21T01:45:00Z,2026-09-21T03:45:00+0200,26727.22917,MW,DE,DE_LU,actual_onshore_wind_generation,Wind Onshore,2026-09-23T16:04:10Z
2026-09-23T16:02:32Z,2026-09-23T18:02:32+0200,e4928401-3100-4766-a120-d8d7cc3fbb18,2026-09-21T02:00:00Z,2026-09-21T04:00:00+0200,26360.34504,MW,DE,DE_LU,actual_onshore_wind_generation,Wind Onshore,2026-09-23T16:04:10Z
2026-09-23T16:02:32Z,2026-09-23T18:02:32+0200,e4928401-3100-4766-a120-d8d7cc3fbb18,2026-09-21T02:15:00Z,2026-09-21T04:15:00+0200,26044.1022,MW,DE,DE_LU,actual_onshore_wind_generation,Wind Onshore,2026-09-23T16:04:10Z
2026-09-23T16:02:32Z,2026-09-23T18:02:32+0200,e4928401-3100-4766-a120-d8d7cc3fbb18,2026-09-21T02:30:00Z,2026-09-21T04:30:00+0200,25902.60705,MW,DE,DE_LU,actual_onshore_wind_generation,Wind Onshore,2026-09-23T16:04:10Z
2026-09-23T16:02:32Z,2026-09-23T18:02:32+0200,e4928401-3100-4766-a120-d8d7cc3fbb18,2026-09-21T02:45:00Z,2026-09-21T04:45:00+0200,25441.79628,MW,DE,DE_LU,actual_onshore_wind_generation,Wind Onshore,2026-09-23T16:04:10Z
2026-09-23T16:02:32Z,2026-09-23T18:02:32+0200,e4928401-3100-4766-a120-d8d7cc3fbb18,2026-09-21T03:00:00Z,2026-09-21T05:00:00+0200,25092.01955,MW,DE,DE_LU,actual_onshore_wind_generation,Wind Onshore,2026-09-23T16:04:10Z
2026-09-23T16:02:32Z,2026-09-23T18:02:32+0200,e4928401-3100-4766-a120-d8d7cc3fbb18,2026-09-21T03:15:00Z,2026-09-21T05:15:00+0200,24704.7922,MW,DE,DE_LU,actual_onshore_wind_generation,Wind Onshore,2026-09-23T16:04:10Z
2026-09-23T16:02:32Z,2026-09-23T18:02:32+0200,e4928401-3100-4766-a120-d8d7cc3fbb18,2026-09-21T03:30:00Z,2026-09-21T05:30:00+0200,24489.31272,MW,DE,DE_LU,actual_onshore_wind_generation,Wind Onshore,2026-09-23T16:04:10Z
2026-09-23T16:02:32Z,2026-09-23T18:02:32+0200,e4928401-3100-4766-a120-d8d7cc3fbb18,2026-09-21T03:45:00Z,2026-09-21T05:45:00+0200,24228.04718,MW,DE,DE_LU,actual_onshore_wind_generation,Wind Onshore,2026-09-23T16:04:10Z
2026-09-23T16:02:32Z,2026-09-23T18:02:32+0200,e4928401-3100-4766-a120-d8d7cc3fbb18,2026-09-21T04:00:00Z,2026-09-21T06:00:00+0200,25384.81938,MW,DE,DE_LU,actual_onshore_wind_generation,Wind Onshore,2026-09-23T16:04:10Z
2026-09-23T16:02:32Z,2026-09-23T18:02:32+0200,e4928401-3100-4766-a120-d8d7cc3fbb18,2026-09-21T04:15:00Z,2026-09-21T06:15:00+0200,25499.05408,MW,DE,DE_LU,actual_onshore_wind_generation,Wind Onshore,2026-09-23T16:04:10Z
2026-09-23T16:02:32Z,2026-09-23T18:02:32+0200,e4928401-3100-4766-a120-d8d7cc3fbb18,2026-09-21T04:30:00Z,2026-09-21T06:30:00+0200,25570.90833,MW,DE,DE_LU,actual_onshore_wind_generation,Wind Onshore,2026-09-23T16:04:10Z
2026-09-23T16:02:32Z,2026-09-23T18:02:32+0200,e4928401-3100-4766-a120-d8d7cc3fbb18,2026-09-21T04:45:00Z,2026-09-21T06:45:00+0200,25362.30338,MW,DE,DE_LU,actual_onshore_wind_generation,Wind Onshore,2026-09-23T16:04:10Z
2026-09-23T16:02:32Z,2026-09-23T18:02:32+0200,e4928401-3100-4766-a120-d8d7cc3fbb18,2026-09-21T05:00:00Z,2026-09-21T07:00:00+0200,25285.47952,MW,DE,DE_LU,actual_onshore_wind_generation,Wind Onshore,2026-09-23T16:04:10Z
2026-09-23T16:02:32Z,2026-09-23T18:02:32+0200,e4928401-3100-4766-a120-d8d7cc3fbb18,2026-09-21T05:15:00Z,2026-09-21T07:15:00+0200,24951.57209,MW,DE,DE_LU,actual_onshore_wind_generation,Wind Onshore,2026-09-23T16:04:10Z
2026-09-23T16:02:32Z,2026-09-23T18:02:32+0200,e4928401-3100-4766-a120-d8d7cc3fbb18,2026-09-21T05:30:00Z,2026-09-21T07:30:00+0200,24215.45236,MW,DE,DE_LU,actual_onshore_wind_generation,Wind Onshore,2026-09-23T16:04:10Z
2026-09-23T16:02:32Z,2026-09-23T18:02:32+0200,e4928401-3100-4766-a120-d8d7cc3fbb18,2026-09-21T05:45:00Z,2026-09-21T07:45:00+0200,23461.10176,MW,DE,DE_LU,actual_onshore_wind_generation,Wind Onshore,2026-09-23T16:04:10Z
2026-09-23T16:02:32Z,2026-09-23T18:02:32+0200,e4928401-3100-4766-a120-d8d7cc3fbb18,2026-09-21T06:00:00Z,2026-09-21T08:00:00+0200,21972.29608,MW,DE,DE_LU,actual_onshore_wind_generation,Wind Onshore,2026-09-23T16:04:10Z
2026-09-23T16:02:32Z,2026-09-23T18:02:32+0200,e4928401-3100-4766-a120-d8d7cc3fbb18,2026-09-21T06:15:00Z,2026-09-21T08:15:00+0200,21089.29824,MW,DE,DE_LU,actual_onshore_wind_generation,Wind Onshore,2026-09-23T16:04:10Z
2026-09-23T16:02:32Z,2026-09-23T18:02:32+0200,e4928401-3100-4766-a120-d8d7cc3fbb18,2026-09-21T06:30:00Z,2026-09-21T08:30:00+0200,20455.79461,MW,DE,DE_LU,actual_onshore_wind_generation,Wind Onshore,2026-09-23T16:04:10Z
2026-09-23T16:02:32Z,2026-09-23T18:02:32+0200,e4928401-3100-4766-a120-d8d7cc3fbb18,2026-09-21T06:45:00Z,2026-09-21T08:45:00+0200,20097.14682,MW,DE,DE_LU,actual_onshore_wind_generation,Wind Onshore,2026-09-23T16:04:10Z
2026-09-23T16:02:32Z,2026-09-23T18:02:32+0200,e4928401-3100-4766-a120-d8d7cc3fbb18,2026-09-21T07:00:00Z,2026-09-21T09:00:00+0200,18676.40803,MW,DE,DE_LU,actual_onshore_wind_generation,Wind Onshore,2026-09-23T16:04:10Z
2026-09-23T16:02:32Z,2026-09-23T18:02:32+0200,e4928401-3100-4766-a120-d8d7cc3fbb18,2026-09-21T07:15:00Z,2026-09-21T09:15:00+0200,17559.86873,MW,DE,DE_LU,actual_onshore_wind_generation,Wind Onshore,2026-09-23T16:04:10Z
2026-09-23T16:02:32Z,2026-09-23T18:02:32+0200,e4928401-3100-4766-a120-d8d7cc3fbb18,2026-09-21T07:30:00Z,2026-09-21T09:30:00+0200,17546.43991,MW,DE,DE_LU,actual_onshore_wind_generation,Wind Onshore,2026-09-23T16:04:10Z
2026-09-23T16:02:32Z,2026-09-23T18:02:32+0200,e4928401-3100-4766-a120-d8d7cc3fbb18,2026-09-21T07:45:00Z,2026-09-21T09:45:00+0200,17654.70275,MW,DE,DE_LU,actual_onshore_wind_generation,Wind Onshore,2026-09-23T16:04:10Z
2026-09-23T16:02:32Z,2026-09-23T18:02:32+0200,e4928401-3100-4766-a120-d8d7cc3fbb18,2026-09-21T08:00:00Z,2026-09-21T10:00:00+0200,18050.58731,MW,DE,DE_LU,actual_onshore_wind_generation,Wind Onshore,2026-09-23T16:04:10Z
2026-09-23T16:02:32Z,2026-09-23T18:02:32+0200,e4928401-3100-4766-a120-d8d7cc3fbb18,2026-09-21T08:15:00Z,2026-09-21T10:15:00+0200,18480.27308,MW,DE,DE_LU,actual_onshore_wind_generation,Wind Onshore,2026-09-23T16:04:10Z
2026-09-23T16:02:32Z,2026-09-23T18:02:32+0200,e4928401-3100-4766-a120-d8d7cc3fbb18,2026-09-21T08:30:00Z,2026-09-21T10:30:00+0200,18729.09576,MW,DE,DE_LU,actual_onshore_wind_generation,Wind Onshore,2026-09-23T16:04:10Z
2026-09-23T16:02:32Z,2026-09-23T18:02:32+0200,e4928401-3100-4766-a120-d8d7cc3fbb18,2026-09-21T08:45:00Z,2026-09-21T10:45:00+0200,18975.28738,MW,DE,DE_LU,actual_onshore_wind_generation,Wind Onshore,2026-09-23T16:04:10Z
2026-09-23T16:02:32Z,2026-09-23T18:02:32+0200,e4928401-3100-4766-a120-d8d7cc3fbb18,2026-09-21T09:00:00Z,2026-09-21T11:00:00+0200,19715.62388,MW,DE,DE_LU,actual_onshore_wind_generation,Wind Onshore,2026-09-23T16:04:10Z
2026-09-23T16:02:32Z,2026-09-23T18:02:32+0200,e4928401-3100-4766-a120-d8d7cc3fbb18,2026-09-21T09:15:00Z,2026-09-21T11:15:00+0200,20226.1077,MW,DE,DE_LU,actual_onshore_wind_generation,Wind Onshore,2026-09-23T16:04:10Z
2026-09-23T16:02:32Z,2026-09-23T18:02:32+0200,e4928401-3100-4766-a120-d8d7cc3fbb18,2026-09-21T09:30:00Z,2026-09-21T11:30:00+0200,20640.38082,MW,DE,DE_LU,actual_onshore_wind_generation,Wind Onshore,2026-09-23T16:04:10Z
2026-09-23T16:02:32Z,2026-09-23T18:02:32+0200,e4928401-3100-4766-a120-d8d7cc3fbb18,2026-09-21T09:45:00Z,2026-09-21T11:45:00+0200,20538.34476,MW,DE,DE_LU,actual_onshore_wind_generation,Wind Onshore,2026-09-23T16:04:10Z
2026-09-23T16:02:32Z,2026-09-23T18:02:32+0200,e4928401-3100-4766-a120-d8d7cc3fbb18,2026-09-21T10:00:00Z,2026-09-21T12:00:00+0200,21038.71224,MW,DE,DE_LU,actual_onshore_wind_generation,Wind Onshore,2026-09-23T16:04:10Z
2026-09-23T16:02:32Z,2026-09-23T18:02:32+0200,e4928401-3100-4766-a120-d8d7cc3fbb18,2026-09-21T10:15:00Z,2026-09-21T12:15:00+0200,21612.3642,MW,DE,DE_LU,actual_onshore_wind_generation,Wind Onshore,2026-09-23T16:04:10Z
2026-09-23T16:02:32Z,2026-09-23T18:02:32+0200,e4928401-3100-4766-a120-d8d7cc3fbb18,2026-09-21T10:30:00Z,2026-09-21T12:30:00+0200,21592.68102,MW,DE,DE_LU,actual_onshore_wind_generation,Wind Onshore,2026-09-23T16:04:10Z
2026-09-23T16:02:32Z,2026-09-23T18:02:32+0200,e4928401-3100-4766-a120-d8d7cc3fbb18,2026-09-21T10:45:00Z,2026-09-21T12:45:00+0200,22766.67065,MW,DE,DE_LU,actual_onshore_wind_generation,Wind Onshore,2026-09-23T16:04:10Z
2026-09-23T16:02:32Z,2026-09-23T18:02:32+0200,e4928401-3100-4766-a120-d8d7cc3fbb18,2026-09-21T11:00:00Z,2026-09-21T13:00:00+0200,22709.07181,MW,DE,DE_LU,actual_onshore_wind_generation,Wind Onshore,2026-09-23T16:04:10Z
2026-09-23T16:02:32Z,2026-09-23T18:02:32+0200,e4928401-3100-4766-a120-d8d7cc3fbb18,2026-09-21T11:15:00Z,2026-09-21T13:15:00+0200,22408.10111,MW,DE,DE_LU,actual_onshore_wind_generation,Wind Onshore,2026-09-23T16:04:10Z
2026-09-23T16:02:32Z,2026-09-23T18:02:32+0200,e4928401-3100-4766-a120-d8d7cc3fbb18,2026-09-21T11:30:00Z,2026-09-21T13:30:00+0200,22251.46031,MW,DE,DE_LU,actual_onshore_wind_generation,Wind Onshore,2026-09-23T16:04:10Z
2026-09-23T16:02:32Z,2026-09-23T18:02:32+0200,e4928401-3100-4766-a120-d8d7cc3fbb18,2026-09-21T11:45:00Z,2026-09-21T13:45:00+0200,22011.3573,MW,DE,DE_LU,actual_onshore_wind_generation,Wind Onshore,2026-09-23T16:04:10Z
2026-09-23T16:02:32Z,2026-09-23T18:02:32+0200,e4928401-3100-4766-a120-d8d7cc3fbb18,2026-09-21T12:00:00Z,2026-09-21T14:00:00+0200,21983.40922,MW,DE,DE_LU,actual_onshore_wind_generation,Wind Onshore,2026-09-23T16:04:10Z
2026-09-23T16:02:32Z,2026-09-23T18:02:32+0200,e4928401-3100-4766-a120-d8d7cc3fbb18,2026-09-21T12:15:00Z,2026-09-21T14:15:00+0200,22194.57327,MW,DE,DE_LU,actual_onshore_wind_generation,Wind Onshore,2026-09-23T16:04:10Z
2026-09-23T16:02:32Z,2026-09-23T18:02:32+0200,e4928401-3100-4766-a120-d8d7cc3fbb18,2026-09-21T12:30:00Z,2026-09-21T14:30:00+0200,22403.46876,MW,DE,DE_LU,actual_onshore_wind_generation,Wind Onshore,2026-09-23T16:04:10Z
2026-09-23T16:02:32Z,2026-09-23T18:02:32+0200,e4928401-3100-4766-a120-d8d7cc3fbb18,2026-09-21T12:45:00Z,2026-09-21T14:45:00+0200,21913.85001,MW,DE,DE_LU,actual_onshore_wind_generation,Wind Onshore,2026-09-23T16:04:10Z
2026-09-23T16:02:32Z,2026-09-23T18:02:32+0200,e4928401-3100-4766-a120-d8d7cc3fbb18,2026-09-21T13:00:00Z,2026-09-21T15:00:00+0200,22752.74731,MW,DE,DE_LU,actual_onshore_wind_generation,Wind Onshore,2026-09-23T16:04:10Z
2026-09-23T16:02:32Z,2026-09-23T18:02:32+0200,e4928401-3100-4766-a120-d8d7cc3fbb18,2026-09-21T13:15:00Z,2026-09-21T15:15:00+0200,23484.27024,MW,DE,DE_LU,actual_onshore_wind_generation,Wind Onshore,2026-09-23T16:04:10Z
2026-09-23T16:02:32Z,2026-09-23T18:02:32+0200,e4928401-3100-4766-a120-d8d7cc3fbb18,2026-09-21T13:30:00Z,2026-09-21T15:30:00+0200,23593.92819,MW,DE,DE_LU,actual_onshore_wind_generation,Wind Onshore,2026-09-23T16:04:10Z
2026-09-23T16:02:32Z,2026-09-23T18:02:32+0200,e4928401-3100-4766-a120-d8d7cc3fbb18,2026-09-21T13:45:00Z,2026-09-21T15:45:00+0200,23500.06995,MW,DE,DE_LU,actual_onshore_wind_generation,Wind Onshore,2026-09-23T16:04:10Z
2026-09-23T16:02:32Z,2026-09-23T18:02:32+0200,e4928401-3100-4766-a120-d8d7cc3fbb18,2026-09-21T14:00:00Z,2026-09-21T16:00:00+0200,24374.8012,MW,DE,DE_LU,actual_onshore_wind_generation,Wind Onshore,2026-09-23T16:04:10Z
2026-09-23T16:02:32Z,2026-09-23T18:02:32+0200,e4928401-3100-4766-a120-d8d7cc3fbb18,2026-09-21T14:15:00Z,2026-09-21T16:15:00+0200,24504.9943,MW,DE,DE_LU,actual_onshore_wind_generation,Wind Onshore,2026-09-23T16:04:10Z
2026-09-23T16:02:32Z,2026-09-23T18:02:32+0200,e4928401-3100-4766-a120-d8d7cc3fbb18,2026-09-21T14:30:00Z,2026-09-21T16:30:00+0200,25103.737,MW,DE,DE_LU,actual_onshore_wind_generation,Wind Onshore,2026-09-23T16:04:10Z
2026-09-23T16:02:32Z,2026-09-23T18:02:32+0200,e4928401-3100-4766-a120-d8d7cc3fbb18,2026-09-21T14:45:00Z,2026-09-21T16:45:00+0200,25106.85082,MW,DE,DE_LU,actual_onshore_wind_generation,Wind Onshore,2026-09-23T16:04:10Z
2026-09-23T16:02:32Z,2026-09-23T18:02:32+0200,e4928401-3100-4766-a120-d8d7cc3fbb18,2026-09-21T15:00:00Z,2026-09-21T17:00:00+0200,24771.29279,MW,DE,DE_LU,actual_onshore_wind_generation,Wind Onshore,2026-09-23T16:04:10Z
2026-09-23T16:02:32Z,2026-09-23T18:02:32+0200,e4928401-3100-4766-a120-d8d7cc3fbb18,2026-09-21T15:15:00Z,2026-09-21T17:15:00+0200,24447.1526,MW,DE,DE_LU,actual_onshore_wind_generation,Wind Onshore,2026-09-23T16:04:10Z
2026-09-23T16:02:32Z,2026-09-23T18:02:32+0200,e4928401-3100-4766-a120-d8d7cc3fbb18,2026-09-21T15:30:00Z,2026-09-21T17:30:00+0200,23705.55465,MW,DE,DE_LU,actual_onshore_wind_generation,Wind Onshore,2026-09-23T16:04:10Z
2026-09-23T16:02:32Z,2026-09-23T18:02:32+0200,e4928401-3100-4766-a120-d8d7cc3fbb18,2026-09-21T15:45:00Z,2026-09-21T17:45:00+0200,22970.26552,MW,DE,DE_LU,actual_onshore_wind_generation,Wind Onshore,2026-09-23T16:04:10Z
2026-09-23T16:02:32Z,2026-09-23T18:02:32+0200,e4928401-3100-4766-a120-d8d7cc3fbb18,2026-09-21T16:00:00Z,2026-09-21T18:00:00+0200,22417.51565,MW,DE,DE_LU,actual_onshore_wind_generation,Wind Onshore,2026-09-23T16:04:10Z
2026-09-23T16:02:32Z,2026-09-23T18:02:32+0200,e4928401-3100-4766-a120-d8d7cc3fbb18,2026-09-21T16:15:00Z,2026-09-21T18:15:00+0200,21696.88034,MW,DE,DE_LU,actual_onshore_wind_generation,Wind Onshore,2026-09-23T16:04:10Z
2026-09-23T16:02:32Z,2026-09-23T18:02:32+0200,e4928401-3100-4766-a120-d8d7cc3fbb18,2026-09-21T16:30:00Z,2026-09-21T18:30:00+0200,20561.07015,MW,DE,DE_LU,actual_onshore_wind_generation,Wind Onshore,2026-09-23T16:04:10Z
2026-09-23T16:02:32Z,2026-09-23T18:02:32+0200,e4928401-3100-4766-a120-d8d7cc3fbb18,2026-09-21T16:45:00Z,2026-09-21T18:45:00+0200,19892.34445,MW,DE,DE_LU,actual_onshore_wind_generation,Wind Onshore,2026-09-23T16:04:10Z
2026-09-23T16:02:32Z,2026-09-23T18:02:32+0200,e4928401-3100-4766-a120-d8d7cc3fbb18,2026-09-21T17:00:00Z,2026-09-21T19:00:00+0200,19802.43089,MW,DE,DE_LU,actual_onshore_wind_generation,Wind Onshore,2026-09-23T16:04:10Z
2026-09-23T16:02:32Z,2026-09-23T18:02:32+0200,e4928401-3100-4766-a120-d8d7cc3fbb18,2026-09-21T17:15:00Z,2026-09-21T19:15:00+0200,19069.96443,MW,DE,DE_LU,actual_onshore_wind_generation,Wind Onshore,2026-09-23T16:04:10Z
2026-09-23T16:02:32Z,2026-09-23T18:02:32+0200,e4928401-3100-4766-a120-d8d7cc3fbb18,2026-09-21T17:30:00Z,2026-09-21T19:30:00+0200,18022.63042,MW,DE,DE_LU,actual_onshore_wind_generation,Wind Onshore,2026-09-23T16:04:10Z
2026-09-23T16:02:32Z,2026-09-23T18:02:32+0200,e4928401-3100-4766-a120-d8d7cc3fbb18,2026-09-21T17:45:00Z,2026-09-21T19:45:00+0200,17634.01289,MW,DE,DE_LU,actual_onshore_wind_generation,Wind Onshore,2026-09-23T16:04:10Z
2026-09-23T16:02:32Z,2026-09-23T18:02:32+0200,e4928401-3100-4766-a120-d8d7cc3fbb18,2026-09-21T18:00:00Z,2026-09-21T20:00:00+0200,17072.97023,MW,DE,DE_LU,actual_onshore_wind_generation,Wind Onshore,2026-09-23T16:04:10Z
2026-09-23T16:02:32Z,2026-09-23T18:02:32+0200,e4928401-3100-4766-a120-d8d7cc3fbb18,2026-09-21T18:15:00Z,2026-09-21T20:15:00+0200,16746.95149,MW,DE,DE_LU,actual_onshore_wind_generation,Wind Onshore,2026-09-23T16:04:10Z
2026-09-23T16:02:32Z,2026-09-23T18:02:32+0200,e4928401-3100-4766-a120-d8d7cc3fbb18,2026-09-21T18:30:00Z,2026-09-21T20:30:00+0200,16161.09229,MW,DE,DE_LU,actual_onshore_wind_generation,Wind Onshore,2026-09-23T16:04:10Z
2026-09-23T16:02:32Z,2026-09-23T18:02:32+0200,e4928401-3100-4766-a120-d8d7cc3fbb18,2026-09-21T18:45:00Z,2026-09-21T20:45:00+0200,15647.39106,MW,DE,DE_LU,actual_onshore_wind_generation,Wind Onshore,2026-09-23T16:04:10Z
2026-09-23T16:02:32Z,2026-09-23T18:02:32+0200,e4928401-3100-4766-a120-d8d7cc3fbb18,2026-09-21T19:00:00Z,2026-09-21T21:00:00+0200,15270.73626,MW,DE,DE_LU,actual_onshore_wind_generation,Wind Onshore,2026-09-23T16:04:10Z
2026-09-23T16:02:32Z,2026-09-23T18:02:32+0200,e4928401-3100-4766-a120-d8d7cc3fbb18,2026-09-21T19:15:00Z,2026-09-21T21:15:00+0200,14982.67011,MW,DE,DE_LU,actual_onshore_wind_generation,Wind Onshore,2026-09-23T16:04:10Z
2026-09-23T16:02:32Z,2026-09-23T18:02:32+0200,e4928401-3100-4766-a120-d8d7cc3fbb18,2026-09-21T19:30:00Z,2026-09-21T21:30:00+0200,14523.56059,MW,DE,DE_LU,actual_onshore_wind_generation,Wind Onshore,2026-09-23T16:04:10Z
2026-09-23T16:02:32Z,2026-09-23T18:02:32+0200,e4928401-3100-4766-a120-d8d7cc3fbb18,2026-09-21T19:45:00Z,2026-09-21T21:45:00+0200,14392.14516,MW,DE,DE_LU,actual_onshore_wind_generation,Wind Onshore,2026-09-23T16:04:10Z
2026-09-23T16:02:32Z,2026-09-23T18:02:32+0200,e4928401-3100-4766-a120-d8d7cc3fbb18,2026-09-21T20:00:00Z,2026-09-21T22:00:00+0200,13725.58287,MW,DE,DE_LU,actual_onshore_wind_generation,Wind Onshore,2026-09-23T16:04:10Z
2026-09-23T16:02:32Z,2026-09-23T18:02:32+0200,e4928401-3100-4766-a120-d8d7cc3fbb18,2026-09-21T20:15:00Z,2026-09-21T22:15:00+0200,13326.44837,MW,DE,DE_LU,actual_onshore_wind_generation,Wind Onshore,2026-09-23T16:04:10Z
2026-09-23T16:02:32Z,2026-09-23T18:02:32+0200,e4928401-3100-4766-a120-d8d7cc3fbb18,2026-09-21T20:30:00Z,2026-09-21T22:30:00+0200,12906.20113,MW,DE,DE_LU,actual_onshore_wind_generation,Wind Onshore,2026-09-23T16:04:10Z
2026-09-23T16:02:32Z,2026-09-23T18:02:32+0200,e4928401-3100-4766-a120-d8d7cc3fbb18,2026-09-21T20:45:00Z,2026-09-21T22:45:00+0200,12396.95203,MW,DE,DE_LU,actual_onshore_wind_generation,Wind Onshore,2026-09-23T16:04:10Z
2026-09-23T16:02:32Z,2026-09-23T18:02:32+0200,e4928401-3100-4766-a120-d8d7cc3fbb18,2026-09-21T21:00:00Z,2026-09-21T23:00:00+0200,12122.95019,MW,DE,DE_LU,actual_onshore_wind_generation,Wind Onshore,2026-09-23T16:04:10Z
2026-09-23T16:02:32Z,2026-09-23T18:02:32+0200,e4928401-3100-4766-a120-d8d7cc3fbb18,2026-09-21T21:15:00Z,2026-09-21T23:15:00+0200,11690.96784,MW,DE,DE_LU,actual_onshore_wind_generation,Wind Onshore,2026-09-23T16:04:10Z
2026-09-23T16:02:32Z,2026-09-23T18:02:32+0200,e4928401-3100-4766-a120-d8d7cc3fbb18,2026-09-21T21:30:00Z,2026-09-21T23:30:00+0200,11288.39276,MW,DE,DE_LU,actual_onshore_wind_generation,Wind Onshore,2026-09-23T16:04:10Z
2026-09-23T16:02:32Z,2026-09-23T18:02:32+0200,e4928401-3100-4766-a120-d8d7cc3fbb18,2026-09-21T21:45:00Z,2026-09-21T23:45:00+0200,10922.79622,MW,DE,DE_LU,actual_onshore_wind_generation,Wind Onshore,2026-09-23T16:04:10Z
2026-09-23T16:02:32Z,2026-09-23T18:02:32+0200,e4928401-3100-4766-a120-d8d7cc3fbb18,2026-09-21T22:00:00Z,2026-09-22T00:00:00+0200,10623.49595,MW,DE,DE_LU,actual_onshore_wind_generation,Wind Onshore,2026-09-23T16:04:10Z
2026-09-23T16:02:32Z,2026-09-23T18:02:32+0200,e4928401-3100-4766-a120-d8d7cc3fbb18,2026-09-21T22:15:00Z,2026-09-22T00:15:00+0200,10372.96032,MW,DE,DE_LU,actual_onshore_wind_generation,Wind Onshore,2026-09-23T16:04:10Z
2026-09-23T16:02:32Z,2026-09-23T18:02:32+0200,e4928401-3100-4766-a120-d8d7cc3fbb18,2026-09-21T22:30:00Z,2026-09-22T00:30:00+0200,10024.85323,MW,DE,DE_LU,actual_onshore_wind_generation,Wind Onshore,2026-09-23T16:04:10Z
2026-09-23T16:02:32Z,2026-09-23T18:02:32+0200,e4928401-3100-4766-a120-d8d7cc3fbb18,2026-09-21T22:45:00Z,2026-09-22T00:45:00+0200,9736.54552,MW,DE,DE_LU,actual_onshore_wind_generation,Wind Onshore,2026-09-23T16:04:10Z
2026-09-23T16:02:32Z,2026-09-23T18:02:32+0200,e4928401-3100-4766-a120-d8d7cc3fbb18,2026-09-21T23:00:00Z,2026-09-22T01:00:00+0200,9429.05357,MW,DE,DE_LU,actual_onshore_wind_generation,Wind Onshore,2026-09-23T16:04:10Z
2026-09-23T16:02:32Z,2026-09-23T18:02:32+0200,e4928401-3100-4766-a120-d8d7cc3fbb18,2026-09-21T23:15:00Z,2026-09-22T01:15:00+0200,9267.20105,MW,DE,DE_LU,actual_onshore_wind_generation,Wind Onshore,2026-09-23T16:04:10Z
2026-09-23T16:02:32Z,2026-09-23T18:02:32+0200,e4928401-3100-4766-a120-d8d7cc3fbb18,2026-09-21T23:30:00Z,2026-09-22T01:30:00+0200,8989.13748,MW,DE,DE_LU,actual_onshore_wind_generation,Wind Onshore,2026-09-23T16:04:10Z
2026-09-23T16:02:32Z,2026-09-23T18:02:32+0200,e4928401-3100-4766-a120-d8d7cc3fbb18,2026-09-21T23:45:00Z,2026-09-22T01:45:00+0200,8670.1118,MW,DE,DE_LU,actual_onshore_wind_generation,Wind Onshore,2026-09-23T16:04:10Z
2026-09-23T16:02:32Z,2026-09-23T18:02:32+0200,e4928401-3100-4766-a120-d8d7cc3fbb18,2026-09-22T00:00:00Z,2026-09-22T02:00:00+0200,8327.2164,MW,DE,DE_LU,actual_onshore_wind_generation,Wind Onshore,2026-09-23T16:04:10Z
2026-09-23T16:02:32Z,2026-09-23T18:02:32+0200,e4928401-3100-4766-a120-d8d7cc3fbb18,2026-09-22T00:15:00Z,2026-09-22T02:15:00+0200,8125.42946,MW,DE,DE_LU,actual_onshore_wind_generation,Wind Onshore,2026-09-23T16:04:10Z
2026-09-23T16:02:32Z,2026-09-23T18:02:32+0200,e4928401-3100-4766-a120-d8d7cc3fbb18,2026-09-22T00:30:00Z,2026-09-22T02:30:00+0200,7834.95843,MW,DE,DE_LU,actual_onshore_wind_generation,Wind Onshore,2026-09-23T16:04:10Z
2026-09-23T16:02:32Z,2026-09-23T18:02:32+0200,e4928401-3100-4766-a120-d8d7cc3fbb18,2026-09-22T00:45:00Z,2026-09-22T02:45:00+0200,7522.4924,MW,DE,DE_LU,actual_onshore_wind_generation,Wind Onshore,2026-09-23T16:04:10Z
2026-09-23T16:02:32Z,2026-09-23T18:02:32+0200,e4928401-3100-4766-a120-d8d7cc3fbb18,2026-09-22T01:00:00Z,2026-09-22T03:00:00+0200,7351.89111,MW,DE,DE_LU,actual_onshore_wind_generation,Wind Onshore,2026-09-23T16:04:10Z
2026-09-23T16:02:32Z,2026-09-23T18:02:32+0200,e4928401-3100-4766-a120-d8d7cc3fbb18,2026-09-22T01:15:00Z,2026-09-22T03:15:00+0200,7206.98965,MW,DE,DE_LU,actual_onshore_wind_generation,Wind Onshore,2026-09-23T16:04:10Z
2026-09-23T16:02:32Z,2026-09-23T18:02:32+0200,e4928401-3100-4766-a120-d8d7cc3fbb18,2026-09-22T01:30:00Z,2026-09-22T03:30:00+0200,7032.46382,MW,DE,DE_LU,actual_onshore_wind_generation,Wind Onshore,2026-09-23T16:04:10Z
2026-09-23T16:02:32Z,2026-09-23T18:02:32+0200,e4928401-3100-4766-a120-d8d7cc3fbb18,2026-09-22T01:45:00Z,2026-09-22T03:45:00+0200,6952.38715,MW,DE,DE_LU,actual_onshore_wind_generation,Wind Onshore,2026-09-23T16:04:10Z
2026-09-23T16:02:32Z,2026-09-23T18:02:32+0200,e4928401-3100-4766-a120-d8d7cc3fbb18,2026-09-22T02:00:00Z,2026-09-22T04:00:00+0200,6882.40917,MW,DE,DE_LU,actual_onshore_wind_generation,Wind Onshore,2026-09-23T16:04:10Z
2026-09-23T16:02:32Z,2026-09-23T18:02:32+0200,e4928401-3100-4766-a120-d8d7cc3fbb18,2026-09-22T02:15:00Z,2026-09-22T04:15:00+0200,6759.49799,MW,DE,DE_LU,actual_onshore_wind_generation,Wind Onshore,2026-09-23T16:04:10Z
2026-09-23T16:02:32Z,2026-09-23T18:02:32+0200,e4928401-3100-4766-a120-d8d7cc3fbb18,2026-09-22T02:30:00Z,2026-09-22T04:30:00+0200,6602.56132,MW,DE,DE_LU,actual_onshore_wind_generation,Wind Onshore,2026-09-23T16:04:10Z
2026-09-23T16:02:32Z,2026-09-23T18:02:32+0200,e4928401-3100-4766-a120-d8d7cc3fbb18,2026-09-22T02:45:00Z,2026-09-22T04:45:00+0200,6485.80977,MW,DE,DE_LU,actual_onshore_wind_generation,Wind Onshore,2026-09-23T16:04:10Z
2026-09-23T16:02:32Z,2026-09-23T18:02:32+0200,e4928401-3100-4766-a120-d8d7cc3fbb18,2026-09-22T03:00:00Z,2026-09-22T05:00:00+0200,6336.46671,MW,DE,DE_LU,actual_onshore_wind_generation,Wind Onshore,2026-09-23T16:04:10Z
2026-09-23T16:02:32Z,2026-09-23T18:02:32+0200,e4928401-3100-4766-a120-d8d7cc3fbb18,2026-09-22T03:15:00Z,2026-09-22T05:15:00+0200,6187.1394,MW,DE,DE_LU,actual_onshore_wind_generation,Wind Onshore,2026-09-23T16:04:10Z
2026-09-23T16:02:32Z,2026-09-23T18:02:32+0200,e4928401-3100-4766-a120-d8d7cc3fbb18,2026-09-22T03:30:00Z,2026-09-22T05:30:00+0200,6130.2438,MW,DE,DE_LU,actual_onshore_wind_generation,Wind Onshore,2026-09-23T16:04:10Z
2026-09-23T16:02:32Z,2026-09-23T18:02:32+0200,e4928401-3100-4766-a120-d8d7cc3fbb18,2026-09-22T03:45:00Z,2026-09-22T05:45:00+0200,6063.85767,MW,DE,DE_LU,actual_onshore_wind_generation,Wind Onshore,2026-09-23T16:04:10Z
2026-09-23T16:02:32Z,2026-09-23T18:02:32+0200,e4928401-3100-4766-a120-d8d7cc3fbb18,2026-09-22T04:00:00Z,2026-09-22T06:00:00+0200,6079.32102,MW,DE,DE_LU,actual_onshore_wind_generation,Wind Onshore,2026-09-23T16:04:10Z
2026-09-23T16:02:32Z,2026-09-23T18:02:32+0200,e4928401-3100-4766-a120-d8d7cc3fbb18,2026-09-22T04:15:00Z,2026-09-22T06:15:00+0200,5989.79881,MW,DE,DE_LU,actual_onshore_wind_generation,Wind Onshore,2026-09-23T16:04:10Z
2026-09-23T16:02:32Z,2026-09-23T18:02:32+0200,e4928401-3100-4766-a120-d8d7cc3fbb18,2026-09-22T04:30:00Z,2026-09-22T06:30:00+0200,5900.91843,MW,DE,DE_LU,actual_onshore_wind_generation,Wind Onshore,2026-09-23T16:04:10Z
2026-09-23T16:02:32Z,2026-09-23T18:02:32+0200,e4928401-3100-4766-a120-d8d7cc3fbb18,2026-09-22T04:45:00Z,2026-09-22T06:45:00+0200,5752.80222,MW,DE,DE_LU,actual_onshore_wind_generation,Wind Onshore,2026-09-23T16:04:10Z
2026-09-23T16:02:32Z,2026-09-23T18:02:32+0200,e4928401-3100-4766-a120-d8d7cc3fbb18,2026-09-22T05:00:00Z,2026-09-22T07:00:00+0200,5641.7287,MW,DE,DE_LU,actual_onshore_wind_generation,Wind Onshore,2026-09-23T16:04:10Z
2026-09-23T16:02:32Z,2026-09-23T18:02:32+0200,e4928401-3100-4766-a120-d8d7cc3fbb18,2026-09-22T05:15:00Z,2026-09-22T07:15:00+0200,5499.27587,MW,DE,DE_LU,actual_onshore_wind_generation,Wind Onshore,2026-09-23T16:04:10Z
2026-09-23T16:02:32Z,2026-09-23T18:02:32+0200,e4928401-3100-4766-a120-d8d7cc3fbb18,2026-09-22T05:30:00Z,2026-09-22T07:30:00+0200,5139.63272,MW,DE,DE_LU,actual_onshore_wind_generation,Wind Onshore,2026-09-23T16:04:10Z
2026-09-23T16:02:32Z,2026-09-23T18:02:32+0200,e4928401-3100-4766-a120-d8d7cc3fbb18,2026-09-22T05:45:00Z,2026-09-22T07:45:00+0200,4694.40901,MW,DE,DE_LU,actual_onshore_wind_generation,Wind Onshore,2026-09-23T16:04:10Z
2026-09-23T16:02:32Z,2026-09-23T18:02:32+0200,e4928401-3100-4766-a120-d8d7cc3fbb18,2026-09-22T06:00:00Z,2026-09-22T08:00:00+0200,4265.9662,MW,DE,DE_LU,actual_onshore_wind_generation,Wind Onshore,2026-09-23T16:04:10Z
2026-09-23T16:02:32Z,2026-09-23T18:02:32+0200,e4928401-3100-4766-a120-d8d7cc3fbb18,2026-09-22T06:15:00Z,2026-09-22T08:15:00+0200,3952.47742,MW,DE,DE_LU,actual_onshore_wind_generation,Wind Onshore,2026-09-23T16:04:10Z
2026-09-23T16:02:32Z,2026-09-23T18:02:32+0200,e4928401-3100-4766-a120-d8d7cc3fbb18,2026-09-22T06:30:00Z,2026-09-22T08:30:00+0200,3428.82332,MW,DE,DE_LU,actual_onshore_wind_generation,Wind Onshore,2026-09-23T16:04:10Z
2026-09-23T16:02:32Z,2026-09-23T18:02:32+0200,e4928401-3100-4766-a120-d8d7cc3fbb18,2026-09-22T06:45:00Z,2026-09-22T08:45:00+0200,2863.93363,MW,DE,DE_LU,actual_onshore_wind_generation,Wind Onshore,2026-09-23T16:04:10Z
2026-09-23T16:02:32Z,2026-09-23T18:02:32+0200,e4928401-3100-4766-a120-d8d7cc3fbb18,2026-09-22T07:00:00Z,2026-09-22T09:00:00+0200,2426.5465,MW,DE,DE_LU,actual_onshore_wind_generation,Wind Onshore,2026-09-23T16:04:10Z
2026-09-23T16:02:32Z,2026-09-23T18:02:32+0200,e4928401-3100-4766-a120-d8d7cc3fbb18,2026-09-22T07:15:00Z,2026-09-22T09:15:00+0200,2053.37877,MW,DE,DE_LU,actual_onshore_wind_generation,Wind Onshore,2026-09-23T16:04:10Z
2026-09-23T16:02:32Z,2026-09-23T18:02:32+0200,e4928401-3100-4766-a120-d8d7cc3fbb18,2026-09-22T07:30:00Z,2026-09-22T09:30:00+0200,1801.43952,MW,DE,DE_LU,actual_onshore_wind_generation,Wind Onshore,2026-09-23T16:04:10Z
2026-09-23T16:02:32Z,2026-09-23T18:02:32+0200,e4928401-3100-4766-a120-d8d7cc3fbb18,2026-09-22T07:45:00Z,2026-09-22T09:45:00+0200,1646.3664,MW,DE,DE_LU,actual_onshore_wind_generation,Wind Onshore,2026-09-23T16:04:10Z
2026-09-23T16:02:32Z,2026-09-23T18:02:32+0200,e4928401-3100-4766-a120-d8d7cc3fbb18,2026-09-22T08:00:00Z,2026-09-22T10:00:00+0200,1549.633,MW,DE,DE_LU,actual_onshore_wind_generation,Wind Onshore,2026-09-23T16:04:10Z
2026-09-23T16:02:32Z,2026-09-23T18:02:32+0200,e4928401-3100-4766-a120-d8d7cc3fbb18,2026-09-22T08:15:00Z,2026-09-22T10:15:00+0200,1496.45377,MW,DE,DE_LU,actual_onshore_wind_generation,Wind Onshore,2026-09-23T16:04:10Z
2026-09-23T16:02:32Z,2026-09-23T18:02:32+0200,e4928401-3100-4766-a120-d8d7cc3fbb18,2026-09-22T08:30:00Z,2026-09-22T10:30:00+0200,1491.64456,MW,DE,DE_LU,actual_onshore_wind_generation,Wind Onshore,2026-09-23T16:04:10Z
2026-09-23T16:02:32Z,2026-09-23T18:02:32+0200,e4928401-3100-4766-a120-d8d7cc3fbb18,2026-09-22T08:45:00Z,2026-09-22T10:45:00+0200,1549.29618,MW,DE,DE_LU,actual_onshore_wind_generation,Wind Onshore,2026-09-23T16:04:10Z
2026-09-23T16:02:32Z,2026-09-23T18:02:32+0200,e4928401-3100-4766-a120-d8d7cc3fbb18,2026-09-22T09:00:00Z,2026-09-22T11:00:00+0200,1581.40537,MW,DE,DE_LU,actual_onshore_wind_generation,Wind Onshore,2026-09-23T16:04:10Z
2026-09-23T16:02:32Z,2026-09-23T18:02:32+0200,e4928401-3100-4766-a120-d8d7cc3fbb18,2026-09-22T09:15:00Z,2026-09-22T11:15:00+0200,1606.98319,MW,DE,DE_LU,actual_onshore_wind_generation,Wind Onshore,2026-09-23T16:04:10Z
2026-09-23T16:02:32Z,2026-09-23T18:02:32+0200,e4928401-3100-4766-a120-d8d7cc3fbb18,2026-09-22T09:30:00Z,2026-09-22T11:30:00+0200,1622.04031,MW,DE,DE_LU,actual_onshore_wind_generation,Wind Onshore,2026-09-23T16:04:10Z
2026-09-23T16:02:32Z,2026-09-23T18:02:32+0200,e4928401-3100-4766-a120-d8d7cc3fbb18,2026-09-22T09:45:00Z,2026-09-22T11:45:00+0200,1650.19662,MW,DE,DE_LU,actual_onshore_wind_generation,Wind Onshore,2026-09-23T16:04:10Z
2026-09-23T16:02:32Z,2026-09-23T18:02:32+0200,e4928401-3100-4766-a120-d8d7cc3fbb18,2026-09-22T10:00:00Z,2026-09-22T12:00:00+0200,1682.99589,MW,DE,DE_LU,actual_onshore_wind_generation,Wind Onshore,2026-09-23T16:04:10Z
2026-09-23T16:02:32Z,2026-09-23T18:02:32+0200,e4928401-3100-4766-a120-d8d7cc3fbb18,2026-09-22T10:15:00Z,2026-09-22T12:15:00+0200,1719.77325,MW,DE,DE_LU,actual_onshore_wind_generation,Wind Onshore,2026-09-23T16:04:10Z
2026-09-23T16:02:32Z,2026-09-23T18:02:32+0200,e4928401-3100-4766-a120-d8d7cc3fbb18,2026-09-22T10:30:00Z,2026-09-22T12:30:00+0200,1728.1649,MW,DE,DE_LU,actual_onshore_wind_generation,Wind Onshore,2026-09-23T16:04:10Z
2026-09-23T16:02:32Z,2026-09-23T18:02:32+0200,e4928401-3100-4766-a120-d8d7cc3fbb18,2026-09-22T10:45:00Z,2026-09-22T12:45:00+0200,1690.16369,MW,DE,DE_LU,actual_onshore_wind_generation,Wind Onshore,2026-09-23T16:04:10Z
2026-09-23T16:02:32Z,2026-09-23T18:02:32+0200,e4928401-3100-4766-a120-d8d7cc3fbb18,2026-09-22T11:00:00Z,2026-09-22T13:00:00+0200,1679.82367,MW,DE,DE_LU,actual_onshore_wind_generation,Wind Onshore,2026-09-23T16:04:10Z
2026-09-23T16:02:32Z,2026-09-23T18:02:32+0200,e4928401-3100-4766-a120-d8d7cc3fbb18,2026-09-22T11:15:00Z,2026-09-22T13:15:00+0200,1666.74044,MW,DE,DE_LU,actual_onshore_wind_generation,Wind Onshore,2026-09-23T16:04:10Z
2026-09-23T16:02:32Z,2026-09-23T18:02:32+0200,e4928401-3100-4766-a120-d8d7cc3fbb18,2026-09-22T11:30:00Z,2026-09-22T13:30:00+0200,1769.13358,MW,DE,DE_LU,actual_onshore_wind_generation,Wind Onshore,2026-09-23T16:04:10Z
2026-09-23T16:02:32Z,2026-09-23T18:02:32+0200,e4928401-3100-4766-a120-d8d7cc3fbb18,2026-09-22T11:45:00Z,2026-09-22T13:45:00+0200,1806.61751,MW,DE,DE_LU,actual_onshore_wind_generation,Wind Onshore,2026-09-23T16:04:10Z
2026-09-23T16:02:32Z,2026-09-23T18:02:32+0200,e4928401-3100-4766-a120-d8d7cc3fbb18,2026-09-22T12:00:00Z,2026-09-22T14:00:00+0200,1842.68768,MW,DE,DE_LU,actual_onshore_wind_generation,Wind Onshore,2026-09-23T16:04:10Z
2026-09-23T16:02:32Z,2026-09-23T18:02:32+0200,e4928401-3100-4766-a120-d8d7cc3fbb18,2026-09-22T12:15:00Z,2026-09-22T14:15:00+0200,1894.05398,MW,DE,DE_LU,actual_onshore_wind_generation,Wind Onshore,2026-09-23T16:04:10Z
2026-09-23T16:02:32Z,2026-09-23T18:02:32+0200,e4928401-3100-4766-a120-d8d7cc3fbb18,2026-09-22T12:30:00Z,2026-09-22T14:30:00+0200,1972.04364,MW,DE,DE_LU,actual_onshore_wind_generation,Wind Onshore,2026-09-23T16:04:10Z
2026-09-23T16:02:32Z,2026-09-23T18:02:32+0200,e4928401-3100-4766-a120-d8d7cc3fbb18,2026-09-22T12:45:00Z,2026-09-22T14:45:00+0200,1859.48806,MW,DE,DE_LU,actual_onshore_wind_generation,Wind Onshore,2026-09-23T16:04:10Z
2026-09-23T16:02:32Z,2026-09-23T18:02:32+0200,e4928401-3100-4766-a120-d8d7cc3fbb18,2026-09-22T13:00:00Z,2026-09-22T15:00:00+0200,1653.675,MW,DE,DE_LU,actual_onshore_wind_generation,Wind Onshore,2026-09-23T16:04:10Z
2026-09-23T16:02:32Z,2026-09-23T18:02:32+0200,e4928401-3100-4766-a120-d8d7cc3fbb18,2026-09-22T13:15:00Z,2026-09-22T15:15:00+0200,1672.35254,MW,DE,DE_LU,actual_onshore_wind_generation,Wind Onshore,2026-09-23T16:04:10Z
2026-09-23T16:02:32Z,2026-09-23T18:02:32+0200,e4928401-3100-4766-a120-d8d7cc3fbb18,2026-09-22T13:30:00Z,2026-09-22T15:30:00+0200,1806.2958,MW,DE,DE_LU,actual_onshore_wind_generation,Wind Onshore,2026-09-23T16:04:10Z
2026-09-23T16:02:32Z,2026-09-23T18:02:32+0200,e4928401-3100-4766-a120-d8d7cc3fbb18,2026-09-22T13:45:00Z,2026-09-22T15:45:00+0200,2035.82611,MW,DE,DE_LU,actual_onshore_wind_generation,Wind Onshore,2026-09-23T16:04:10Z
2026-09-23T16:02:32Z,2026-09-23T18:02:32+0200,e4928401-3100-4766-a120-d8d7cc3fbb18,2026-09-22T14:00:00Z,2026-09-22T16:00:00+0200,2153.41517,MW,DE,DE_LU,actual_onshore_wind_generation,Wind Onshore,2026-09-23T16:04:10Z
2026-09-23T16:02:32Z,2026-09-23T18:02:32+0200,e4928401-3100-4766-a120-d8d7cc3fbb18,2026-09-22T14:15:00Z,2026-09-22T16:15:00+0200,2266.53736,MW,DE,DE_LU,actual_onshore_wind_generation,Wind Onshore,2026-09-23T16:04:10Z
2026-09-23T16:02:32Z,2026-09-23T18:02:32+0200,e4928401-3100-4766-a120-d8d7cc3fbb18,2026-09-22T14:30:00Z,2026-09-22T16:30:00+0200,2283.17166,MW,DE,DE_LU,actual_onshore_wind_generation,Wind Onshore,2026-09-23T16:04:10Z
2026-09-23T16:02:32Z,2026-09-23T18:02:32+0200,e4928401-3100-4766-a120-d8d7cc3fbb18,2026-09-22T14:45:00Z,2026-09-22T16:45:00+0200,2419.03394,MW,DE,DE_LU,actual_onshore_wind_generation,Wind Onshore,2026-09-23T16:04:10Z
2026-09-23T16:02:32Z,2026-09-23T18:02:32+0200,e4928401-3100-4766-a120-d8d7cc3fbb18,2026-09-22T15:00:00Z,2026-09-22T17:00:00+0200,2447.34258,MW,DE,DE_LU,actual_onshore_wind_generation,Wind Onshore,2026-09-23T16:04:10Z
2026-09-23T16:02:32Z,2026-09-23T18:02:32+0200,e4928401-3100-4766-a120-d8d7cc3fbb18,2026-09-22T15:15:00Z,2026-09-22T17:15:00+0200,2518.23953,MW,DE,DE_LU,actual_onshore_wind_generation,Wind Onshore,2026-09-23T16:04:10Z
2026-09-23T16:02:32Z,2026-09-23T18:02:32+0200,e4928401-3100-4766-a120-d8d7cc3fbb18,2026-09-22T15:30:00Z,2026-09-22T17:30:00+0200,2446.9207,MW,DE,DE_LU,actual_onshore_wind_generation,Wind Onshore,2026-09-23T16:04:10Z
2026-09-23T16:02:32Z,2026-09-23T18:02:32+0200,e4928401-3100-4766-a120-d8d7cc3fbb18,2026-09-22T15:45:00Z,2026-09-22T17:45:00+0200,2323.31968,MW,DE,DE_LU,actual_onshore_wind_generation,Wind Onshore,2026-09-23T16:04:10Z
2026-09-23T16:02:32Z,2026-09-23T18:02:32+0200,e4928401-3100-4766-a120-d8d7cc3fbb18,2026-09-22T16:00:00Z,2026-09-22T18:00:00+0200,2234.51207,MW,DE,DE_LU,actual_onshore_wind_generation,Wind Onshore,2026-09-23T16:04:10Z
2026-09-23T16:02:32Z,2026-09-23T18:02:32+0200,e4928401-3100-4766-a120-d8d7cc3fbb18,2026-09-22T16:15:00Z,2026-09-22T18:15:00+0200,2110.02259,MW,DE,DE_LU,actual_onshore_wind_generation,Wind Onshore,2026-09-23T16:04:10Z
2026-09-23T16:02:32Z,2026-09-23T18:02:32+0200,e4928401-3100-4766-a120-d8d7cc3fbb18,2026-09-22T16:30:00Z,2026-09-22T18:30:00+0200,2058.21609,MW,DE,DE_LU,actual_onshore_wind_generation,Wind Onshore,2026-09-23T16:04:10Z
2026-09-23T16:02:32Z,2026-09-23T18:02:32+0200,e4928401-3100-4766-a120-d8d7cc3fbb18,2026-09-22T16:45:00Z,2026-09-22T18:45:00+0200,2123.4284,MW,DE,DE_LU,actual_onshore_wind_generation,Wind Onshore,2026-09-23T16:04:10Z
2026-09-23T16:02:32Z,2026-09-23T18:02:32+0200,e4928401-3100-4766-a120-d8d7cc3fbb18,2026-09-22T17:00:00Z,2026-09-22T19:00:00+0200,2263.95794,MW,DE,DE_LU,actual_onshore_wind_generation,Wind Onshore,2026-09-23T16:04:10Z
2026-09-23T16:02:32Z,2026-09-23T18:02:32+0200,e4928401-3100-4766-a120-d8d7cc3fbb18,2026-09-22T17:15:00Z,2026-09-22T19:15:00+0200,2301.41115,MW,DE,DE_LU,actual_onshore_wind_generation,Wind Onshore,2026-09-23T16:04:10Z
2026-09-23T16:02:32Z,2026-09-23T18:02:32+0200,e4928401-3100-4766-a120-d8d7cc3fbb18,2026-09-22T17:30:00Z,2026-09-22T19:30:00+0200,2215.23549,MW,DE,DE_LU,actual_onshore_wind_generation,Wind Onshore,2026-09-23T16:04:10Z
2026-09-23T16:02:32Z,2026-09-23T18:02:32+0200,e4928401-3100-4766-a120-d8d7cc3fbb18,2026-09-22T17:45:00Z,2026-09-22T19:45:00+0200,2359.45102,MW,DE,DE_LU,actual_onshore_wind_generation,Wind Onshore,2026-09-23T16:04:10Z
2026-09-23T16:02:32Z,2026-09-23T18:02:32+0200,e4928401-3100-4766-a120-d8d7cc3fbb18,2026-09-22T18:00:00Z,2026-09-22T20:00:00+0200,2524.71913,MW,DE,DE_LU,actual_onshore_wind_generation,Wind Onshore,2026-09-23T16:04:10Z
2026-09-23T16:02:32Z,2026-09-23T18:02:32+0200,e4928401-3100-4766-a120-d8d7cc3fbb18,2026-09-22T18:15:00Z,2026-09-22T20:15:00+0200,2698.63071,MW,DE,DE_LU,actual_onshore_wind_generation,Wind Onshore,2026-09-23T16:04:10Z
2026-09-23T16:02:32Z,2026-09-23T18:02:32+0200,e4928401-3100-4766-a120-d8d7cc3fbb18,2026-09-22T18:30:00Z,2026-09-22T20:30:00+0200,2770.58188,MW,DE,DE_LU,actual_onshore_wind_generation,Wind Onshore,2026-09-23T16:04:10Z
2026-09-23T16:02:32Z,2026-09-23T18:02:32+0200,e4928401-3100-4766-a120-d8d7cc3fbb18,2026-09-22T18:45:00Z,2026-09-22T20:45:00+0200,2806.4987,MW,DE,DE_LU,actual_onshore_wind_generation,Wind Onshore,2026-09-23T16:04:10Z
2026-09-23T16:02:32Z,2026-09-23T18:02:32+0200,e4928401-3100-4766-a120-d8d7cc3fbb18,2026-09-22T19:00:00Z,2026-09-22T21:00:00+0200,2797.09478,MW,DE,DE_LU,actual_onshore_wind_generation,Wind Onshore,2026-09-23T16:04:10Z
2026-09-23T16:02:32Z,2026-09-23T18:02:32+0200,e4928401-3100-4766-a120-d8d7cc3fbb18,2026-09-22T19:15:00Z,2026-09-22T21:15:00+0200,2793.16551,MW,DE,DE_LU,actual_onshore_wind_generation,Wind Onshore,2026-09-23T16:04:10Z
2026-09-23T16:02:32Z,2026-09-23T18:02:32+0200,e4928401-3100-4766-a120-d8d7cc3fbb18,2026-09-22T19:30:00Z,2026-09-22T21:30:00+0200,2792.23598,MW,DE,DE_LU,actual_onshore_wind_generation,Wind Onshore,2026-09-23T16:04:10Z
2026-09-23T16:02:32Z,2026-09-23T18:02:32+0200,e4928401-3100-4766-a120-d8d7cc3fbb18,2026-09-22T19:45:00Z,2026-09-22T21:45:00+0200,2811.4761,MW,DE,DE_LU,actual_onshore_wind_generation,Wind Onshore,2026-09-23T16:04:10Z
2026-09-23T16:02:32Z,2026-09-23T18:02:32+0200,e4928401-3100-4766-a120-d8d7cc3fbb18,2026-09-22T20:00:00Z,2026-09-22T22:00:00+0200,2733.84103,MW,DE,DE_LU,actual_onshore_wind_generation,Wind Onshore,2026-09-23T16:04:10Z
2026-09-23T16:02:32Z,2026-09-23T18:02:32+0200,e4928401-3100-4766-a120-d8d7cc3fbb18,2026-09-22T20:15:00Z,2026-09-22T22:15:00+0200,2652.42525,MW,DE,DE_LU,actual_onshore_wind_generation,Wind Onshore,2026-09-23T16:04:10Z
2026-09-23T16:02:32Z,2026-09-23T18:02:32+0200,e4928401-3100-4766-a120-d8d7cc3fbb18,2026-09-22T20:30:00Z,2026-09-22T22:30:00+0200,2582.48681,MW,DE,DE_LU,actual_onshore_wind_generation,Wind Onshore,2026-09-23T16:04:10Z
2026-09-23T16:02:32Z,2026-09-23T18:02:32+0200,e4928401-3100-4766-a120-d8d7cc3fbb18,2026-09-22T20:45:00Z,2026-09-22T22:45:00+0200,2508.6722,MW,DE,DE_LU,actual_onshore_wind_generation,Wind Onshore,2026-09-23T16:04:10Z
2026-09-23T16:02:32Z,2026-09-23T18:02:32+0200,e4928401-3100-4766-a120-d8d7cc3fbb18,2026-09-22T21:00:00Z,2026-09-22T23:00:00+0200,2464.4396,MW,DE,DE_LU,actual_onshore_wind_generation,Wind Onshore,2026-09-23T16:04:10Z
2026-09-23T16:02:32Z,2026-09-23T18:02:32+0200,e4928401-3100-4766-a120-d8d7cc3fbb18,2026-09-22T21:15:00Z,2026-09-22T23:15:00+0200,2365.93156,MW,DE,DE_LU,actual_onshore_wind_generation,Wind Onshore,2026-09-23T16:04:10Z
2026-09-23T16:02:32Z,2026-09-23T18:02:32+0200,e4928401-3100-4766-a120-d8d7cc3fbb18,2026-09-22T21:30:00Z,2026-09-22T23:30:00+0200,2279.93746,MW,DE,DE_LU,actual_onshore_wind_generation,Wind Onshore,2026-09-23T16:04:10Z
2026-09-23T16:02:32Z,2026-09-23T18:02:32+0200,e4928401-3100-4766-a120-d8d7cc3fbb18,2026-09-22T21:45:00Z,2026-09-22T23:45:00+0200,2190.59678,MW,DE,DE_LU,actual_onshore_wind_generation,Wind Onshore,2026-09-23T16:04:10Z
2026-09-23T16:02:32Z,2026-09-23T18:02:32+0200,e4928401-3100-4766-a120-d8d7cc3fbb18,2026-09-22T22:00:00Z,2026-09-23T00:00:00+0200,2121.00117,MW,DE,DE_LU,actual_onshore_wind_generation,Wind Onshore,2026-09-23T16:04:10Z
2026-09-23T16:02:32Z,2026-09-23T18:02:32+0200,e4928401-3100-4766-a120-d8d7cc3fbb18,2026-09-22T22:15:00Z,2026-09-23T00:15:00+0200,2042.9264,MW,DE,DE_LU,actual_onshore_wind_generation,Wind Onshore,2026-09-23T16:04:10Z
2026-09-23T16:02:32Z,2026-09-23T18:02:32+0200,e4928401-3100-4766-a120-d8d7cc3fbb18,2026-09-22T22:30:00Z,2026-09-23T00:30:00+0200,1939.38488,MW,DE,DE_LU,actual_onshore_wind_generation,Wind Onshore,2026-09-23T16:04:10Z
2026-09-23T16:02:32Z,2026-09-23T18:02:32+0200,e4928401-3100-4766-a120-d8d7cc3fbb18,2026-09-22T22:45:00Z,2026-09-23T00:45:00+0200,1874.74753,MW,DE,DE_LU,actual_onshore_wind_generation,Wind Onshore,2026-09-23T16:04:10Z
2026-09-23T16:02:32Z,2026-09-23T18:02:32+0200,e4928401-3100-4766-a120-d8d7cc3fbb18,2026-09-22T23:00:00Z,2026-09-23T01:00:00+0200,1806.911,MW,DE,DE_LU,actual_onshore_wind_generation,Wind Onshore,2026-09-23T16:04:10Z
2026-09-23T16:02:32Z,2026-09-23T18:02:32+0200,e4928401-3100-4766-a120-d8d7cc3fbb18,2026-09-22T23:15:00Z,2026-09-23T01:15:00+0200,1749.75822,MW,DE,DE_LU,actual_onshore_wind_generation,Wind Onshore,2026-09-23T16:04:10Z
2026-09-23T16:02:32Z,2026-09-23T18:02:32+0200,e4928401-3100-4766-a120-d8d7cc3fbb18,2026-09-22T23:30:00Z,2026-09-23T01:30:00+0200,1693.2318,MW,DE,DE_LU,actual_onshore_wind_generation,Wind Onshore,2026-09-23T16:04:10Z
2026-09-23T16:02:32Z,2026-09-23T18:02:32+0200,e4928401-3100-4766-a120-d8d7cc3fbb18,2026-09-22T23:45:00Z,2026-09-23T01:45:00+0200,1647.9695,MW,DE,DE_LU,actual_onshore_wind_generation,Wind Onshore,2026-09-23T16:04:10Z
2026-09-23T16:02:32Z,2026-09-23T18:02:32+0200,e4928401-3100-4766-a120-d8d7cc3fbb18,2026-09-23T00:00:00Z,2026-09-23T02:00:00+0200,1580.01072,MW,DE,DE_LU,actual_onshore_wind_generation,Wind Onshore,2026-09-23T16:04:10Z
2026-09-23T16:02:32Z,2026-09-23T18:02:32+0200,e4928401-3100-4766-a120-d8d7cc3fbb18,2026-09-23T00:15:00Z,2026-09-23T02:15:00+0200,1532.75144,MW,DE,DE_LU,actual_onshore_wind_generation,Wind Onshore,2026-09-23T16:04:10Z
2026-09-23T16:02:32Z,2026-09-23T18:02:32+0200,e4928401-3100-4766-a120-d8d7cc3fbb18,2026-09-23T00:30:00Z,2026-09-23T02:30:00+0200,1490.04898,MW,DE,DE_LU,actual_onshore_wind_generation,Wind Onshore,2026-09-23T16:04:10Z
2026-09-23T16:02:32Z,2026-09-23T18:02:32+0200,e4928401-3100-4766-a120-d8d7cc3fbb18,2026-09-23T00:45:00Z,2026-09-23T02:45:00+0200,1495.10165,MW,DE,DE_LU,actual_onshore_wind_generation,Wind Onshore,2026-09-23T16:04:10Z
2026-09-23T16:02:32Z,2026-09-23T18:02:32+0200,e4928401-3100-4766-a120-d8d7cc3fbb18,2026-09-23T01:00:00Z,2026-09-23T03:00:00+0200,1460.33934,MW,DE,DE_LU,actual_onshore_wind_generation,Wind Onshore,2026-09-23T16:04:10Z
2026-09-23T16:02:32Z,2026-09-23T18:02:32+0200,e4928401-3100-4766-a120-d8d7cc3fbb18,2026-09-23T01:15:00Z,2026-09-23T03:15:00+0200,1406.55195,MW,DE,DE_LU,actual_onshore_wind_generation,Wind Onshore,2026-09-23T16:04:10Z
2026-09-23T16:02:32Z,2026-09-23T18:02:32+0200,e4928401-3100-4766-a120-d8d7cc3fbb18,2026-09-23T01:30:00Z,2026-09-23T03:30:00+0200,1377.94439,MW,DE,DE_LU,actual_onshore_wind_generation,Wind Onshore,2026-09-23T16:04:10Z
2026-09-23T16:02:32Z,2026-09-23T18:02:32+0200,e4928401-3100-4766-a120-d8d7cc3fbb18,2026-09-23T01:45:00Z,2026-09-23T03:45:00+0200,1384.4941,MW,DE,DE_LU,actual_onshore_wind_generation,Wind Onshore,2026-09-23T16:04:10Z
2026-09-23T16:02:32Z,2026-09-23T18:02:32+0200,e4928401-3100-4766-a120-d8d7cc3fbb18,2026-09-23T02:00:00Z,2026-09-23T04:00:00+0200,1361.71915,MW,DE,DE_LU,actual_onshore_wind_generation,Wind Onshore,2026-09-23T16:04:10Z
2026-09-23T16:02:32Z,2026-09-23T18:02:32+0200,e4928401-3100-4766-a120-d8d7cc3fbb18,2026-09-23T02:15:00Z,2026-09-23T04:15:00+0200,1374.06769,MW,DE,DE_LU,actual_onshore_wind_generation,Wind Onshore,2026-09-23T16:04:10Z
2026-09-23T16:02:32Z,2026-09-23T18:02:32+0200,e4928401-3100-4766-a120-d8d7cc3fbb18,2026-09-23T02:30:00Z,2026-09-23T04:30:00+0200,1348.97124,MW,DE,DE_LU,actual_onshore_wind_generation,Wind Onshore,2026-09-23T16:04:10Z
2026-09-23T16:02:32Z,2026-09-23T18:02:32+0200,e4928401-3100-4766-a120-d8d7cc3fbb18,2026-09-23T02:45:00Z,2026-09-23T04:45:00+0200,1340.62374,MW,DE,DE_LU,actual_onshore_wind_generation,Wind Onshore,2026-09-23T16:04:10Z
2026-09-23T16:02:32Z,2026-09-23T18:02:32+0200,e4928401-3100-4766-a120-d8d7cc3fbb18,2026-09-23T03:00:00Z,2026-09-23T05:00:00+0200,1356.75747,MW,DE,DE_LU,actual_onshore_wind_generation,Wind Onshore,2026-09-23T16:04:10Z
2026-09-23T16:02:32Z,2026-09-23T18:02:32+0200,e4928401-3100-4766-a120-d8d7cc3fbb18,2026-09-23T03:15:00Z,2026-09-23T05:15:00+0200,1370.02346,MW,DE,DE_LU,actual_onshore_wind_generation,Wind Onshore,2026-09-23T16:04:10Z
2026-09-23T16:02:32Z,2026-09-23T18:02:32+0200,e4928401-3100-4766-a120-d8d7cc3fbb18,2026-09-23T03:30:00Z,2026-09-23T05:30:00+0200,1390.89735,MW,DE,DE_LU,actual_onshore_wind_generation,Wind Onshore,2026-09-23T16:04:10Z
2026-09-23T16:02:32Z,2026-09-23T18:02:32+0200,e4928401-3100-4766-a120-d8d7cc3fbb18,2026-09-23T03:45:00Z,2026-09-23T05:45:00+0200,1440.67573,MW,DE,DE_LU,actual_onshore_wind_generation,Wind Onshore,2026-09-23T16:04:10Z
2026-09-23T16:02:32Z,2026-09-23T18:02:32+0200,e4928401-3100-4766-a120-d8d7cc3fbb18,2026-09-23T04:00:00Z,2026-09-23T06:00:00+0200,1513.26853,MW,DE,DE_LU,actual_onshore_wind_generation,Wind Onshore,2026-09-23T16:04:10Z
2026-09-23T16:02:32Z,2026-09-23T18:02:32+0200,e4928401-3100-4766-a120-d8d7cc3fbb18,2026-09-23T04:30:00Z,2026-09-23T06:30:00+0200,1638.68124,MW,DE,DE_LU,actual_onshore_wind_generation,Wind Onshore,2026-09-23T16:04:10Z
2026-09-23T16:02:32Z,2026-09-23T18:02:32+0200,e4928401-3100-4766-a120-d8d7cc3fbb18,2026-09-23T04:45:00Z,2026-09-23T06:45:00+0200,1727.19429,MW,DE,DE_LU,actual_onshore_wind_generation,Wind Onshore,2026-09-23T16:04:10Z
2026-09-23T16:02:32Z,2026-09-23T18:02:32+0200,e4928401-3100-4766-a120-d8d7cc3fbb18,2026-09-23T05:00:00Z,2026-09-23T07:00:00+0200,1817.38491,MW,DE,DE_LU,actual_onshore_wind_generation,Wind Onshore,2026-09-23T16:04:10Z
2026-09-23T16:02:32Z,2026-09-23T18:02:32+0200,e4928401-3100-4766-a120-d8d7cc3fbb18,2026-09-23T05:15:00Z,2026-09-23T07:15:00+0200,2123.25201,MW,DE,DE_LU,actual_onshore_wind_generation,Wind Onshore,2026-09-23T16:04:10Z
2026-09-23T16:02:32Z,2026-09-23T18:02:32+0200,e4928401-3100-4766-a120-d8d7cc3fbb18,2026-09-23T05:30:00Z,2026-09-23T07:30:00+0200,2324.477,MW,DE,DE_LU,actual_onshore_wind_generation,Wind Onshore,2026-09-23T16:04:10Z
2026-09-23T16:02:32Z,2026-09-23T18:02:32+0200,e4928401-3100-4766-a120-d8d7cc3fbb18,2026-09-23T05:45:00Z,2026-09-23T07:45:00+0200,2302.89661,MW,DE,DE_LU,actual_onshore_wind_generation,Wind Onshore,2026-09-23T16:04:10Z
2026-09-23T16:02:32Z,2026-09-23T18:02:32+0200,e4928401-3100-4766-a120-d8d7cc3fbb18,2026-09-23T06:00:00Z,2026-09-23T08:00:00+0200,2279.30052,MW,DE,DE_LU,actual_onshore_wind_generation,Wind Onshore,2026-09-23T16:04:10Z
2026-09-23T16:02:32Z,2026-09-23T18:02:32+0200,e4928401-3100-4766-a120-d8d7cc3fbb18,2026-09-23T06:15:00Z,2026-09-23T08:15:00+0200,2389.99454,MW,DE,DE_LU,actual_onshore_wind_generation,Wind Onshore,2026-09-23T16:04:10Z
2026-09-23T16:02:32Z,2026-09-23T18:02:32+0200,e4928401-3100-4766-a120-d8d7cc3fbb18,2026-09-23T06:30:00Z,2026-09-23T08:30:00+0200,2389.54646,MW,DE,DE_LU,actual_onshore_wind_generation,Wind Onshore,2026-09-23T16:04:10Z
2026-09-23T16:02:32Z,2026-09-23T18:02:32+0200,e4928401-3100-4766-a120-d8d7cc3fbb18,2026-09-23T06:45:00Z,2026-09-23T08:45:00+0200,2355.48159,MW,DE,DE_LU,actual_onshore_wind_generation,Wind Onshore,2026-09-23T16:04:10Z
2026-09-23T16:02:32Z,2026-09-23T18:02:32+0200,e4928401-3100-4766-a120-d8d7cc3fbb18,2026-09-23T07:00:00Z,2026-09-23T09:00:00+0200,2200.50205,MW,DE,DE_LU,actual_onshore_wind_generation,Wind Onshore,2026-09-23T16:04:10Z
2026-09-23T16:02:32Z,2026-09-23T18:02:32+0200,e4928401-3100-4766-a120-d8d7cc3fbb18,2026-09-23T07:15:00Z,2026-09-23T09:15:00+0200,1974.83647,MW,DE,DE_LU,actual_onshore_wind_generation,Wind Onshore,2026-09-23T16:04:10Z
2026-09-23T16:02:32Z,2026-09-23T18:02:32+0200,e4928401-3100-4766-a120-d8d7cc3fbb18,2026-09-23T07:30:00Z,2026-09-23T09:30:00+0200,1692.95314,MW,DE,DE_LU,actual_onshore_wind_generation,Wind Onshore,2026-09-23T16:04:10Z
2026-09-23T16:02:32Z,2026-09-23T18:02:32+0200,e4928401-3100-4766-a120-d8d7cc3fbb18,2026-09-23T08:00:00Z,2026-09-23T10:00:00+0200,1151.63139,MW,DE,DE_LU,actual_onshore_wind_generation,Wind Onshore,2026-09-23T16:04:10Z
2026-09-23T16:02:32Z,2026-09-23T18:02:32+0200,e4928401-3100-4766-a120-d8d7cc3fbb18,2026-09-23T08:15:00Z,2026-09-23T10:15:00+0200,844.13088,MW,DE,DE_LU,actual_onshore_wind_generation,Wind Onshore,2026-09-23T16:04:10Z
2026-09-23T16:02:32Z,2026-09-23T18:02:32+0200,e4928401-3100-4766-a120-d8d7cc3fbb18,2026-09-23T08:30:00Z,2026-09-23T10:30:00+0200,668.99125,MW,DE,DE_LU,actual_onshore_wind_generation,Wind Onshore,2026-09-23T16:04:10Z
2026-09-23T16:02:32Z,2026-09-23T18:02:32+0200,e4928401-3100-4766-a120-d8d7cc3fbb18,2026-09-23T08:45:00Z,2026-09-23T10:45:00+0200,585.10764,MW,DE,DE_LU,actual_onshore_wind_generation,Wind Onshore,2026-09-23T16:04:10Z
2026-09-23T16:02:32Z,2026-09-23T18:02:32+0200,e4928401-3100-4766-a120-d8d7cc3fbb18,2026-09-23T09:00:00Z,2026-09-23T11:00:00+0200,590.87236,MW,DE,DE_LU,actual_onshore_wind_generation,Wind Onshore,2026-09-23T16:04:10Z
2026-09-23T16:02:32Z,2026-09-23T18:02:32+0200,e4928401-3100-4766-a120-d8d7cc3fbb18,2026-09-23T09:15:00Z,2026-09-23T11:15:00+0200,640.6024,MW,DE,DE_LU,actual_onshore_wind_generation,Wind Onshore,2026-09-23T16:04:10Z
2026-09-23T16:02:32Z,2026-09-23T18:02:32+0200,e4928401-3100-4766-a120-d8d7cc3fbb18,2026-09-23T09:30:00Z,2026-09-23T11:30:00+0200,727.75868,MW,DE,DE_LU,actual_onshore_wind_generation,Wind Onshore,2026-09-23T16:04:10Z
2026-09-23T16:02:32Z,2026-09-23T18:02:32+0200,e4928401-3100-4766-a120-d8d7cc3fbb18,2026-09-23T09:45:00Z,2026-09-23T11:45:00+0200,839.11878,MW,DE,DE_LU,actual_onshore_wind_generation,Wind Onshore,2026-09-23T16:04:10Z
2026-09-23T16:02:32Z,2026-09-23T18:02:32+0200,e4928401-3100-4766-a120-d8d7cc3fbb18,2026-09-23T10:00:00Z,2026-09-23T12:00:00+0200,957.74254,MW,DE,DE_LU,actual_onshore_wind_generation,Wind Onshore,2026-09-23T16:04:10Z
2026-09-23T16:02:32Z,2026-09-23T18:02:32+0200,e4928401-3100-4766-a120-d8d7cc3fbb18,2026-09-23T10:15:00Z,2026-09-23T12:15:00+0200,1054.30929,MW,DE,DE_LU,actual_onshore_wind_generation,Wind Onshore,2026-09-23T16:04:10Z
2026-09-23T16:02:32Z,2026-09-23T18:02:32+0200,e4928401-3100-4766-a120-d8d7cc3fbb18,2026-09-23T10:30:00Z,2026-09-23T12:30:00+0200,1148.86442,MW,DE,DE_LU,actual_onshore_wind_generation,Wind Onshore,2026-09-23T16:04:10Z
2026-09-23T16:02:32Z,2026-09-23T18:02:32+0200,e4928401-3100-4766-a120-d8d7cc3fbb18,2026-09-23T10:45:00Z,2026-09-23T12:45:00+0200,1215.00113,MW,DE,DE_LU,actual_onshore_wind_generation,Wind Onshore,2026-09-23T16:04:10Z
2026-09-23T16:02:32Z,2026-09-23T18:02:32+0200,e4928401-3100-4766-a120-d8d7cc3fbb18,2026-09-23T11:00:00Z,2026-09-23T13:00:00+0200,1272.36725,MW,DE,DE_LU,actual_onshore_wind_generation,Wind Onshore,2026-09-23T16:04:10Z
2026-09-23T16:02:32Z,2026-09-23T18:02:32+0200,e4928401-3100-4766-a120-d8d7cc3fbb18,2026-09-23T11:15:00Z,2026-09-23T13:15:00+0200,1352.31162,MW,DE,DE_LU,actual_onshore_wind_generation,Wind Onshore,2026-09-23T16:04:10Z
2026-09-23T16:02:32Z,2026-09-23T18:02:32+0200,e4928401-3100-4766-a120-d8d7cc3fbb18,2026-09-23T11:30:00Z,2026-09-23T13:30:00+0200,1444.34862,MW,DE,DE_LU,actual_onshore_wind_generation,Wind Onshore,2026-09-23T16:04:10Z
2026-09-23T16:02:32Z,2026-09-23T18:02:32+0200,e4928401-3100-4766-a120-d8d7cc3fbb18,2026-09-23T11:45:00Z,2026-09-23T13:45:00+0200,1555.35418,MW,DE,DE_LU,actual_onshore_wind_generation,Wind Onshore,2026-09-23T16:04:10Z
2026-09-23T16:02:32Z,2026-09-23T18:02:32+0200,e4928401-3100-4766-a120-d8d7cc3fbb18,2026-09-23T12:00:00Z,2026-09-23T14:00:00+0200,1655.14031,MW,DE,DE_LU,actual_onshore_wind_generation,Wind Onshore,2026-09-23T16:04:10Z
2026-09-23T16:02:32Z,2026-09-23T18:02:32+0200,e4928401-3100-4766-a120-d8d7cc3fbb18,2026-09-23T12:15:00Z,2026-09-23T14:15:00+0200,1759.02435,MW,DE,DE_LU,actual_onshore_wind_generation,Wind Onshore,2026-09-23T16:04:10Z
2026-09-23T16:02:32Z,2026-09-23T18:02:32+0200,e4928401-3100-4766-a120-d8d7cc3fbb18,2026-09-23T12:30:00Z,2026-09-23T14:30:00+0200,1855.80357,MW,DE,DE_LU,actual_onshore_wind_generation,Wind Onshore,2026-09-23T16:04:10Z
2026-09-23T16:02:32Z,2026-09-23T18:02:32+0200,e4928401-3100-4766-a120-d8d7cc3fbb18,2026-09-23T12:45:00Z,2026-09-23T14:45:00+0200,1950.37717,MW,DE,DE_LU,actual_onshore_wind_generation,Wind Onshore,2026-09-23T16:04:10Z
2026-09-23T16:02:32Z,2026-09-23T18:02:32+0200,e4928401-3100-4766-a120-d8d7cc3fbb18,2026-09-23T13:00:00Z,2026-09-23T15:00:00+0200,2028.9906,MW,DE,DE_LU,actual_onshore_wind_generation,Wind Onshore,2026-09-23T16:04:10Z
2026-09-23T16:02:32Z,2026-09-23T18:02:32+0200,e4928401-3100-4766-a120-d8d7cc3fbb18,2026-09-23T13:15:00Z,2026-09-23T15:15:00+0200,2110.0451,MW,DE,DE_LU,actual_onshore_wind_generation,Wind Onshore,2026-09-23T16:04:10Z
2026-09-23T16:02:32Z,2026-09-23T18:02:32+0200,e4928401-3100-4766-a120-d8d7cc3fbb18,2026-09-23T13:30:00Z,2026-09-23T15:30:00+0200,2268.59593,MW,DE,DE_LU,actual_onshore_wind_generation,Wind Onshore,2026-09-23T16:04:10Z
2026-09-23T16:02:32Z,2026-09-23T18:02:32+0200,e4928401-3100-4766-a120-d8d7cc3fbb18,2026-09-23T13:45:00Z,2026-09-23T15:45:00+0200,2447.89602,MW,DE,DE_LU,actual_onshore_wind_generation,Wind Onshore,2026-09-23T16:04:10Z
2026-09-23T16:02:32Z,2026-09-23T18:02:32+0200,e4928401-3100-4766-a120-d8d7cc3fbb18,2026-09-23T14:00:00Z,2026-09-23T16:00:00+0200,2677.24594,MW,DE,DE_LU,actual_onshore_wind_generation,Wind Onshore,2026-09-23T16:04:10Z
2026-09-23T16:02:32Z,2026-09-23T18:02:32+0200,e4928401-3100-4766-a120-d8d7cc3fbb18,2026-09-23T14:15:00Z,2026-09-23T16:15:00+0200,2899.65881,MW,DE,DE_LU,actual_onshore_wind_generation,Wind Onshore,2026-09-23T16:04:10Z
2026-09-23T16:02:32Z,2026-09-23T18:02:32+0200,e4928401-3100-4766-a120-d8d7cc3fbb18,2026-09-23T14:30:00Z,2026-09-23T16:30:00+0200,2920.6453,MW,DE,DE_LU,actual_onshore_wind_generation,Wind Onshore,2026-09-23T16:04:10Z
2026-09-23T16:02:32Z,2026-09-23T18:02:32+0200,e4928401-3100-4766-a120-d8d7cc3fbb18,2026-09-23T14:45:00Z,2026-09-23T16:45:00+0200,2878.63265,MW,DE,DE_LU,actual_onshore_wind_generation,Wind Onshore,2026-09-23T16:04:10Z
2026-09-23T16:02:32Z,2026-09-23T18:02:32+0200,e4928401-3100-4766-a120-d8d7cc3fbb18,2026-09-23T15:00:00Z,2026-09-23T17:00:00+0200,2840.68029,MW,DE,DE_LU,actual_onshore_wind_generation,Wind Onshore,2026-09-23T16:04:10Z
2026-09-23T16:02:32Z,2026-09-23T18:02:32+0200,e4928401-3100-4766-a120-d8d7cc3fbb18,2026-09-23T15:15:00Z,2026-09-23T17:15:00+0200,2865.82486,MW,DE,DE_LU,actual_onshore_wind_generation,Wind Onshore,2026-09-23T16:04:10Z
