collection_time_utc,collection_time_local,run_id,timestamp_utc,timestamp_local,value,unit,country,entsoe_area,variable,source,updated_at_utc
2026-09-08T17:32:30Z,2026-09-08T19:32:30+0200,84abc74b-3fe7-4981-9f51-d43de6842ea9,2026-09-01T18:00:00Z,2026-09-01T20:00:00+0200,11336.15068,MW,DE,DE_LU,actual_onshore_wind_generation,Wind Onshore,2026-09-08T17:38:47Z
2026-09-08T17:32:30Z,2026-09-08T19:32:30+0200,84abc74b-3fe7-4981-9f51-d43de6842ea9,2026-09-01T18:15:00Z,2026-09-01T20:15:00+0200,10613.51838,MW,DE,DE_LU,actual_onshore_wind_generation,Wind Onshore,2026-09-08T17:38:47Z
2026-09-08T17:32:30Z,2026-09-08T19:32:30+0200,84abc74b-3fe7-4981-9f51-d43de6842ea9,2026-09-01T18:30:00Z,2026-09-01T20:30:00+0200,9958.25116,MW,DE,DE_LU,actual_onshore_wind_generation,Wind Onshore,2026-09-08T17:38:47Z
2026-09-08T17:32:30Z,2026-09-08T19:32:30+0200,84abc74b-3fe7-4981-9f51-d43de6842ea9,2026-09-01T18:45:00Z,2026-09-01T20:45:00+0200,9698.77987,MW,DE,DE_LU,actual_onshore_wind_generation,Wind Onshore,2026-09-08T17:38:47Z
2026-09-08T17:32:30Z,2026-09-08T19:32:30+0200,84abc74b-3fe7-4981-9f51-d43de6842ea9,2026-09-01T19:00:00Z,2026-09-01T21:00:00+0200,9573.74557,MW,DE,DE_LU,actual_onshore_wind_generation,Wind Onshore,2026-09-08T17:38:47Z
2026-09-08T17:32:30Z,2026-09-08T19:32:30+0200,84abc74b-3fe7-4981-9f51-d43de6842ea9,2026-09-01T19:15:00Z,2026-09-01T21:15:00+0200,9582.1809,MW,DE,DE_LU,actual_onshore_wind_generation,Wind Onshore,2026-09-08T17:38:47Z
2026-09-08T17:32:30Z,2026-09-08T19:32:30+0200,84abc74b-3fe7-4981-9f51-d43de6842ea9,2026-09-01T19:30:00Z,2026-09-01T21:30:00+0200,9422.17221,MW,DE,DE_LU,actual_onshore_wind_generation,Wind Onshore,2026-09-08T17:38:47Z
2026-09-08T17:32:30Z,2026-09-08T19:32:30+0200,84abc74b-3fe7-4981-9f51-d43de6842ea9,2026-09-01T19:45:00Z,2026-09-01T21:45:00+0200,9194.66952,MW,DE,DE_LU,actual_onshore_wind_generation,Wind Onshore,2026-09-08T17:38:47Z
2026-09-08T17:32:30Z,2026-09-08T19:32:30+0200,84abc74b-3fe7-4981-9f51-d43de6842ea9,2026-09-01T20:00:00Z,2026-09-01T22:00:00+0200,8741.68095,MW,DE,DE_LU,actual_onshore_wind_generation,Wind Onshore,2026-09-08T17:38:47Z
2026-09-08T17:32:30Z,2026-09-08T19:32:30+0200,84abc74b-3fe7-4981-9f51-d43de6842ea9,2026-09-01T20:15:00Z,2026-09-01T22:15:00+0200,8175.75016,MW,DE,DE_LU,actual_onshore_wind_generation,Wind Onshore,2026-09-08T17:38:47Z
2026-09-08T17:32:30Z,2026-09-08T19:32:30+0200,84abc74b-3fe7-4981-9f51-d43de6842ea9,2026-09-01T20:30:00Z,2026-09-01T22:30:00+0200,7722.61865,MW,DE,DE_LU,actual_onshore_wind_generation,Wind Onshore,2026-09-08T17:38:47Z
2026-09-08T17:32:30Z,2026-09-08T19:32:30+0200,84abc74b-3fe7-4981-9f51-d43de6842ea9,2026-09-01T20:45:00Z,2026-09-01T22:45:00+0200,7552.74538,MW,DE,DE_LU,actual_onshore_wind_generation,Wind Onshore,2026-09-08T17:38:47Z
2026-09-08T17:32:30Z,2026-09-08T19:32:30+0200,84abc74b-3fe7-4981-9f51-d43de6842ea9,2026-09-01T21:00:00Z,2026-09-01T23:00:00+0200,7426.61356,MW,DE,DE_LU,actual_onshore_wind_generation,Wind Onshore,2026-09-08T17:38:47Z
2026-09-08T17:32:30Z,2026-09-08T19:32:30+0200,84abc74b-3fe7-4981-9f51-d43de6842ea9,2026-09-01T21:15:00Z,2026-09-01T23:15:00+0200,7394.28233,MW,DE,DE_LU,actual_onshore_wind_generation,Wind Onshore,2026-09-08T17:38:47Z
2026-09-08T17:32:30Z,2026-09-08T19:32:30+0200,84abc74b-3fe7-4981-9f51-d43de6842ea9,2026-09-01T21:30:00Z,2026-09-01T23:30:00+0200,7422.15988,MW,DE,DE_LU,actual_onshore_wind_generation,Wind Onshore,2026-09-08T17:38:47Z
2026-09-08T17:32:30Z,2026-09-08T19:32:30+0200,84abc74b-3fe7-4981-9f51-d43de6842ea9,2026-09-01T21:45:00Z,2026-09-01T23:45:00+0200,7538.90126,MW,DE,DE_LU,actual_onshore_wind_generation,Wind Onshore,2026-09-08T17:38:47Z
2026-09-08T17:32:30Z,2026-09-08T19:32:30+0200,84abc74b-3fe7-4981-9f51-d43de6842ea9,2026-09-01T22:00:00Z,2026-09-02T00:00:00+0200,7505.44511,MW,DE,DE_LU,actual_onshore_wind_generation,Wind Onshore,2026-09-08T17:38:47Z
2026-09-08T17:32:30Z,2026-09-08T19:32:30+0200,84abc74b-3fe7-4981-9f51-d43de6842ea9,2026-09-01T22:15:00Z,2026-09-02T00:15:00+0200,7321.16103,MW,DE,DE_LU,actual_onshore_wind_generation,Wind Onshore,2026-09-08T17:38:47Z
2026-09-08T17:32:30Z,2026-09-08T19:32:30+0200,84abc74b-3fe7-4981-9f51-d43de6842ea9,2026-09-01T22:30:00Z,2026-09-02T00:30:00+0200,6978.38998,MW,DE,DE_LU,actual_onshore_wind_generation,Wind Onshore,2026-09-08T17:38:47Z
2026-09-08T17:32:30Z,2026-09-08T19:32:30+0200,84abc74b-3fe7-4981-9f51-d43de6842ea9,2026-09-01T22:45:00Z,2026-09-02T00:45:00+0200,6729.41698,MW,DE,DE_LU,actual_onshore_wind_generation,Wind Onshore,2026-09-08T17:38:47Z
2026-09-08T17:32:30Z,2026-09-08T19:32:30+0200,84abc74b-3fe7-4981-9f51-d43de6842ea9,2026-09-01T23:00:00Z,2026-09-02T01:00:00+0200,6451.19141,MW,DE,DE_LU,actual_onshore_wind_generation,Wind Onshore,2026-09-08T17:38:47Z
2026-09-08T17:32:30Z,2026-09-08T19:32:30+0200,84abc74b-3fe7-4981-9f51-d43de6842ea9,2026-09-01T23:15:00Z,2026-09-02T01:15:00+0200,6178.35856,MW,DE,DE_LU,actual_onshore_wind_generation,Wind Onshore,2026-09-08T17:38:47Z
2026-09-08T17:32:30Z,2026-09-08T19:32:30+0200,84abc74b-3fe7-4981-9f51-d43de6842ea9,2026-09-01T23:30:00Z,2026-09-02T01:30:00+0200,6031.90742,MW,DE,DE_LU,actual_onshore_wind_generation,Wind Onshore,2026-09-08T17:38:47Z
2026-09-08T17:32:30Z,2026-09-08T19:32:30+0200,84abc74b-3fe7-4981-9f51-d43de6842ea9,2026-09-01T23:45:00Z,2026-09-02T01:45:00+0200,5896.88887,MW,DE,DE_LU,actual_onshore_wind_generation,Wind Onshore,2026-09-08T17:38:47Z
2026-09-08T17:32:30Z,2026-09-08T19:32:30+0200,84abc74b-3fe7-4981-9f51-d43de6842ea9,2026-09-02T00:00:00Z,2026-09-02T02:00:00+0200,5618.92626,MW,DE,DE_LU,actual_onshore_wind_generation,Wind Onshore,2026-09-08T17:38:47Z
2026-09-08T17:32:30Z,2026-09-08T19:32:30+0200,84abc74b-3fe7-4981-9f51-d43de6842ea9,2026-09-02T00:15:00Z,2026-09-02T02:15:00+0200,5543.10185,MW,DE,DE_LU,actual_onshore_wind_generation,Wind Onshore,2026-09-08T17:38:47Z
2026-09-08T17:32:30Z,2026-09-08T19:32:30+0200,84abc74b-3fe7-4981-9f51-d43de6842ea9,2026-09-02T00:30:00Z,2026-09-02T02:30:00+0200,5562.49336,MW,DE,DE_LU,actual_onshore_wind_generation,Wind Onshore,2026-09-08T17:38:47Z
2026-09-08T17:32:30Z,2026-09-08T19:32:30+0200,84abc74b-3fe7-4981-9f51-d43de6842ea9,2026-09-02T00:45:00Z,2026-09-02T02:45:00+0200,5551.41032,MW,DE,DE_LU,actual_onshore_wind_generation,Wind Onshore,2026-09-08T17:38:47Z
2026-09-08T17:32:30Z,2026-09-08T19:32:30+0200,84abc74b-3fe7-4981-9f51-d43de6842ea9,2026-09-02T01:00:00Z,2026-09-02T03:00:00+0200,5545.93631,MW,DE,DE_LU,actual_onshore_wind_generation,Wind Onshore,2026-09-08T17:38:47Z
2026-09-08T17:32:30Z,2026-09-08T19:32:30+0200,84abc74b-3fe7-4981-9f51-d43de6842ea9,2026-09-02T01:15:00Z,2026-09-02T03:15:00+0200,5602.2154,MW,DE,DE_LU,actual_onshore_wind_generation,Wind Onshore,2026-09-08T17:38:47Z
2026-09-08T17:32:30Z,2026-09-08T19:32:30+0200,84abc74b-3fe7-4981-9f51-d43de6842ea9,2026-09-02T01:30:00Z,2026-09-02T03:30:00+0200,5729.88644,MW,DE,DE_LU,actual_onshore_wind_generation,Wind Onshore,2026-09-08T17:38:47Z
2026-09-08T17:32:30Z,2026-09-08T19:32:30+0200,84abc74b-3fe7-4981-9f51-d43de6842ea9,2026-09-02T01:45:00Z,2026-09-02T03:45:00+0200,5803.1368,MW,DE,DE_LU,actual_onshore_wind_generation,Wind Onshore,2026-09-08T17:38:47Z
2026-09-08T17:32:30Z,2026-09-08T19:32:30+0200,84abc74b-3fe7-4981-9f51-d43de6842ea9,2026-09-02T02:00:00Z,2026-09-02T04:00:00+0200,5912.66607,MW,DE,DE_LU,actual_onshore_wind_generation,Wind Onshore,2026-09-08T17:38:47Z
2026-09-08T17:32:30Z,2026-09-08T19:32:30+0200,84abc74b-3fe7-4981-9f51-d43de6842ea9,2026-09-02T02:15:00Z,2026-09-02T04:15:00+0200,5928.8652,MW,DE,DE_LU,actual_onshore_wind_generation,Wind Onshore,2026-09-08T17:38:47Z
2026-09-08T17:32:30Z,2026-09-08T19:32:30+0200,84abc74b-3fe7-4981-9f51-d43de6842ea9,2026-09-02T02:30:00Z,2026-09-02T04:30:00+0200,5966.1034,MW,DE,DE_LU,actual_onshore_wind_generation,Wind Onshore,2026-09-08T17:38:47Z
2026-09-08T17:32:30Z,2026-09-08T19:32:30+0200,84abc74b-3fe7-4981-9f51-d43de6842ea9,2026-09-02T02:45:00Z,2026-09-02T04:45:00+0200,6062.00445,MW,DE,DE_LU,actual_onshore_wind_generation,Wind Onshore,2026-09-08T17:38:47Z
2026-09-08T17:32:30Z,2026-09-08T19:32:30+0200,84abc74b-3fe7-4981-9f51-d43de6842ea9,2026-09-02T03:00:00Z,2026-09-02T05:00:00+0200,6010.53116,MW,DE,DE_LU,actual_onshore_wind_generation,Wind Onshore,2026-09-08T17:38:47Z
2026-09-08T17:32:30Z,2026-09-08T19:32:30+0200,84abc74b-3fe7-4981-9f51-d43de6842ea9,2026-09-02T03:15:00Z,2026-09-02T05:15:00+0200,6007.34242,MW,DE,DE_LU,actual_onshore_wind_generation,Wind Onshore,2026-09-08T17:38:47Z
2026-09-08T17:32:30Z,2026-09-08T19:32:30+0200,84abc74b-3fe7-4981-9f51-d43de6842ea9,2026-09-02T03:30:00Z,2026-09-02T05:30:00+0200,6122.04265,MW,DE,DE_LU,actual_onshore_wind_generation,Wind Onshore,2026-09-08T17:38:47Z
2026-09-08T17:32:30Z,2026-09-08T19:32:30+0200,84abc74b-3fe7-4981-9f51-d43de6842ea9,2026-09-02T03:45:00Z,2026-09-02T05:45:00+0200,6283.02916,MW,DE,DE_LU,actual_onshore_wind_generation,Wind Onshore,2026-09-08T17:38:47Z
2026-09-08T17:32:30Z,2026-09-08T19:32:30+0200,84abc74b-3fe7-4981-9f51-d43de6842ea9,2026-09-02T04:00:00Z,2026-09-02T06:00:00+0200,6439.58028,MW,DE,DE_LU,actual_onshore_wind_generation,Wind Onshore,2026-09-08T17:38:47Z
2026-09-08T17:32:30Z,2026-09-08T19:32:30+0200,84abc74b-3fe7-4981-9f51-d43de6842ea9,2026-09-02T04:15:00Z,2026-09-02T06:15:00+0200,6597.82747,MW,DE,DE_LU,actual_onshore_wind_generation,Wind Onshore,2026-09-08T17:38:47Z
2026-09-08T17:32:30Z,2026-09-08T19:32:30+0200,84abc74b-3fe7-4981-9f51-d43de6842ea9,2026-09-02T04:30:00Z,2026-09-02T06:30:00+0200,6918.88626,MW,DE,DE_LU,actual_onshore_wind_generation,Wind Onshore,2026-09-08T17:38:47Z
2026-09-08T17:32:30Z,2026-09-08T19:32:30+0200,84abc74b-3fe7-4981-9f51-d43de6842ea9,2026-09-02T04:45:00Z,2026-09-02T06:45:00+0200,7454.2453,MW,DE,DE_LU,actual_onshore_wind_generation,Wind Onshore,2026-09-08T17:38:47Z
2026-09-08T17:32:30Z,2026-09-08T19:32:30+0200,84abc74b-3fe7-4981-9f51-d43de6842ea9,2026-09-02T05:00:00Z,2026-09-02T07:00:00+0200,7486.74393,MW,DE,DE_LU,actual_onshore_wind_generation,Wind Onshore,2026-09-08T17:38:47Z
2026-09-08T17:32:30Z,2026-09-08T19:32:30+0200,84abc74b-3fe7-4981-9f51-d43de6842ea9,2026-09-02T05:15:00Z,2026-09-02T07:15:00+0200,7295.57303,MW,DE,DE_LU,actual_onshore_wind_generation,Wind Onshore,2026-09-08T17:38:47Z
2026-09-08T17:32:30Z,2026-09-08T19:32:30+0200,84abc74b-3fe7-4981-9f51-d43de6842ea9,2026-09-02T05:30:00Z,2026-09-02T07:30:00+0200,7215.83181,MW,DE,DE_LU,actual_onshore_wind_generation,Wind Onshore,2026-09-08T17:38:47Z
2026-09-08T17:32:30Z,2026-09-08T19:32:30+0200,84abc74b-3fe7-4981-9f51-d43de6842ea9,2026-09-02T05:45:00Z,2026-09-02T07:45:00+0200,7013.56726,MW,DE,DE_LU,actual_onshore_wind_generation,Wind Onshore,2026-09-08T17:38:47Z
2026-09-08T17:32:30Z,2026-09-08T19:32:30+0200,84abc74b-3fe7-4981-9f51-d43de6842ea9,2026-09-02T06:00:00Z,2026-09-02T08:00:00+0200,6713.45848,MW,DE,DE_LU,actual_onshore_wind_generation,Wind Onshore,2026-09-08T17:38:47Z
2026-09-08T17:32:30Z,2026-09-08T19:32:30+0200,84abc74b-3fe7-4981-9f51-d43de6842ea9,2026-09-02T06:15:00Z,2026-09-02T08:15:00+0200,6500.33622,MW,DE,DE_LU,actual_onshore_wind_generation,Wind Onshore,2026-09-08T17:38:47Z
2026-09-08T17:32:30Z,2026-09-08T19:32:30+0200,84abc74b-3fe7-4981-9f51-d43de6842ea9,2026-09-02T06:30:00Z,2026-09-02T08:30:00+0200,6186.08432,MW,DE,DE_LU,actual_onshore_wind_generation,Wind Onshore,2026-09-08T17:38:47Z
2026-09-08T17:32:30Z,2026-09-08T19:32:30+0200,84abc74b-3fe7-4981-9f51-d43de6842ea9,2026-09-02T06:45:00Z,2026-09-02T08:45:00+0200,5749.03564,MW,DE,DE_LU,actual_onshore_wind_generation,Wind Onshore,2026-09-08T17:38:47Z
2026-09-08T17:32:30Z,2026-09-08T19:32:30+0200,84abc74b-3fe7-4981-9f51-d43de6842ea9,2026-09-02T07:00:00Z,2026-09-02T09:00:00+0200,5349.55937,MW,DE,DE_LU,actual_onshore_wind_generation,Wind Onshore,2026-09-08T17:38:47Z
2026-09-08T17:32:30Z,2026-09-08T19:32:30+0200,84abc74b-3fe7-4981-9f51-d43de6842ea9,2026-09-02T07:15:00Z,2026-09-02T09:15:00+0200,4887.10479,MW,DE,DE_LU,actual_onshore_wind_generation,Wind Onshore,2026-09-08T17:38:47Z
2026-09-08T17:32:30Z,2026-09-08T19:32:30+0200,84abc74b-3fe7-4981-9f51-d43de6842ea9,2026-09-02T07:30:00Z,2026-09-02T09:30:00+0200,4556.29213,MW,DE,DE_LU,actual_onshore_wind_generation,Wind Onshore,2026-09-08T17:38:47Z
2026-09-08T17:32:30Z,2026-09-08T19:32:30+0200,84abc74b-3fe7-4981-9f51-d43de6842ea9,2026-09-02T07:45:00Z,2026-09-02T09:45:00+0200,4474.13877,MW,DE,DE_LU,actual_onshore_wind_generation,Wind Onshore,2026-09-08T17:38:47Z
2026-09-08T17:32:30Z,2026-09-08T19:32:30+0200,84abc74b-3fe7-4981-9f51-d43de6842ea9,2026-09-02T08:00:00Z,2026-09-02T10:00:00+0200,4760.78705,MW,DE,DE_LU,actual_onshore_wind_generation,Wind Onshore,2026-09-08T17:38:47Z
2026-09-08T17:32:30Z,2026-09-08T19:32:30+0200,84abc74b-3fe7-4981-9f51-d43de6842ea9,2026-09-02T08:15:00Z,2026-09-02T10:15:00+0200,5116.39504,MW,DE,DE_LU,actual_onshore_wind_generation,Wind Onshore,2026-09-08T17:38:47Z
2026-09-08T17:32:30Z,2026-09-08T19:32:30+0200,84abc74b-3fe7-4981-9f51-d43de6842ea9,2026-09-02T08:30:00Z,2026-09-02T10:30:00+0200,5600.92588,MW,DE,DE_LU,actual_onshore_wind_generation,Wind Onshore,2026-09-08T17:38:47Z
2026-09-08T17:32:30Z,2026-09-08T19:32:30+0200,84abc74b-3fe7-4981-9f51-d43de6842ea9,2026-09-02T08:45:00Z,2026-09-02T10:45:00+0200,6039.99207,MW,DE,DE_LU,actual_onshore_wind_generation,Wind Onshore,2026-09-08T17:38:47Z
2026-09-08T17:32:30Z,2026-09-08T19:32:30+0200,84abc74b-3fe7-4981-9f51-d43de6842ea9,2026-09-02T09:00:00Z,2026-09-02T11:00:00+0200,6475.97459,MW,DE,DE_LU,actual_onshore_wind_generation,Wind Onshore,2026-09-08T17:38:47Z
2026-09-08T17:32:30Z,2026-09-08T19:32:30+0200,84abc74b-3fe7-4981-9f51-d43de6842ea9,2026-09-02T09:15:00Z,2026-09-02T11:15:00+0200,6612.79945,MW,DE,DE_LU,actual_onshore_wind_generation,Wind Onshore,2026-09-08T17:38:47Z
2026-09-08T17:32:30Z,2026-09-08T19:32:30+0200,84abc74b-3fe7-4981-9f51-d43de6842ea9,2026-09-02T09:30:00Z,2026-09-02T11:30:00+0200,6657.29454,MW,DE,DE_LU,actual_onshore_wind_generation,Wind Onshore,2026-09-08T17:38:47Z
2026-09-08T17:32:30Z,2026-09-08T19:32:30+0200,84abc74b-3fe7-4981-9f51-d43de6842ea9,2026-09-02T09:45:00Z,2026-09-02T11:45:00+0200,6896.88055,MW,DE,DE_LU,actual_onshore_wind_generation,Wind Onshore,2026-09-08T17:38:47Z
2026-09-08T17:32:30Z,2026-09-08T19:32:30+0200,84abc74b-3fe7-4981-9f51-d43de6842ea9,2026-09-02T10:00:00Z,2026-09-02T12:00:00+0200,7284.01122,MW,DE,DE_LU,actual_onshore_wind_generation,Wind Onshore,2026-09-08T17:38:47Z
2026-09-08T17:32:30Z,2026-09-08T19:32:30+0200,84abc74b-3fe7-4981-9f51-d43de6842ea9,2026-09-02T10:15:00Z,2026-09-02T12:15:00+0200,7592.42522,MW,DE,DE_LU,actual_onshore_wind_generation,Wind Onshore,2026-09-08T17:38:47Z
2026-09-08T17:32:30Z,2026-09-08T19:32:30+0200,84abc74b-3fe7-4981-9f51-d43de6842ea9,2026-09-02T10:30:00Z,2026-09-02T12:30:00+0200,8039.68812,MW,DE,DE_LU,actual_onshore_wind_generation,Wind Onshore,2026-09-08T17:38:47Z
2026-09-08T17:32:30Z,2026-09-08T19:32:30+0200,84abc74b-3fe7-4981-9f51-d43de6842ea9,2026-09-02T10:45:00Z,2026-09-02T12:45:00+0200,8610.45277,MW,DE,DE_LU,actual_onshore_wind_generation,Wind Onshore,2026-09-08T17:38:47Z
2026-09-08T17:32:30Z,2026-09-08T19:32:30+0200,84abc74b-3fe7-4981-9f51-d43de6842ea9,2026-09-02T11:00:00Z,2026-09-02T13:00:00+0200,8859.97682,MW,DE,DE_LU,actual_onshore_wind_generation,Wind Onshore,2026-09-08T17:38:47Z
2026-09-08T17:32:30Z,2026-09-08T19:32:30+0200,84abc74b-3fe7-4981-9f51-d43de6842ea9,2026-09-02T11:15:00Z,2026-09-02T13:15:00+0200,9085.08071,MW,DE,DE_LU,actual_onshore_wind_generation,Wind Onshore,2026-09-08T17:38:47Z
2026-09-08T17:32:30Z,2026-09-08T19:32:30+0200,84abc74b-3fe7-4981-9f51-d43de6842ea9,2026-09-02T11:30:00Z,2026-09-02T13:30:00+0200,9242.16128,MW,DE,DE_LU,actual_onshore_wind_generation,Wind Onshore,2026-09-08T17:38:47Z
2026-09-08T17:32:30Z,2026-09-08T19:32:30+0200,84abc74b-3fe7-4981-9f51-d43de6842ea9,2026-09-02T11:45:00Z,2026-09-02T13:45:00+0200,9213.21599,MW,DE,DE_LU,actual_onshore_wind_generation,Wind Onshore,2026-09-08T17:38:47Z
2026-09-08T17:32:30Z,2026-09-08T19:32:30+0200,84abc74b-3fe7-4981-9f51-d43de6842ea9,2026-09-02T12:00:00Z,2026-09-02T14:00:00+0200,9101.21111,MW,DE,DE_LU,actual_onshore_wind_generation,Wind Onshore,2026-09-08T17:38:47Z
2026-09-08T17:32:30Z,2026-09-08T19:32:30+0200,84abc74b-3fe7-4981-9f51-d43de6842ea9,2026-09-02T12:15:00Z,2026-09-02T14:15:00+0200,8969.67554,MW,DE,DE_LU,actual_onshore_wind_generation,Wind Onshore,2026-09-08T17:38:47Z
2026-09-08T17:32:30Z,2026-09-08T19:32:30+0200,84abc74b-3fe7-4981-9f51-d43de6842ea9,2026-09-02T12:30:00Z,2026-09-02T14:30:00+0200,9110.17016,MW,DE,DE_LU,actual_onshore_wind_generation,Wind Onshore,2026-09-08T17:38:47Z
2026-09-08T17:32:30Z,2026-09-08T19:32:30+0200,84abc74b-3fe7-4981-9f51-d43de6842ea9,2026-09-02T12:45:00Z,2026-09-02T14:45:00+0200,9131.53593,MW,DE,DE_LU,actual_onshore_wind_generation,Wind Onshore,2026-09-08T17:38:47Z
2026-09-08T17:32:30Z,2026-09-08T19:32:30+0200,84abc74b-3fe7-4981-9f51-d43de6842ea9,2026-09-02T13:00:00Z,2026-09-02T15:00:00+0200,9300.2639,MW,DE,DE_LU,actual_onshore_wind_generation,Wind Onshore,2026-09-08T17:38:47Z
2026-09-08T17:32:30Z,2026-09-08T19:32:30+0200,84abc74b-3fe7-4981-9f51-d43de6842ea9,2026-09-02T13:15:00Z,2026-09-02T15:15:00+0200,8687.75185,MW,DE,DE_LU,actual_onshore_wind_generation,Wind Onshore,2026-09-08T17:38:47Z
2026-09-08T17:32:30Z,2026-09-08T19:32:30+0200,84abc74b-3fe7-4981-9f51-d43de6842ea9,2026-09-02T13:30:00Z,2026-09-02T15:30:00+0200,8775.40094,MW,DE,DE_LU,actual_onshore_wind_generation,Wind Onshore,2026-09-08T17:38:47Z
2026-09-08T17:32:30Z,2026-09-08T19:32:30+0200,84abc74b-3fe7-4981-9f51-d43de6842ea9,2026-09-02T13:45:00Z,2026-09-02T15:45:00+0200,8931.64508,MW,DE,DE_LU,actual_onshore_wind_generation,Wind Onshore,2026-09-08T17:38:47Z
2026-09-08T17:32:30Z,2026-09-08T19:32:30+0200,84abc74b-3fe7-4981-9f51-d43de6842ea9,2026-09-02T14:00:00Z,2026-09-02T16:00:00+0200,8817.94803,MW,DE,DE_LU,actual_onshore_wind_generation,Wind Onshore,2026-09-08T17:38:47Z
2026-09-08T17:32:30Z,2026-09-08T19:32:30+0200,84abc74b-3fe7-4981-9f51-d43de6842ea9,2026-09-02T14:15:00Z,2026-09-02T16:15:00+0200,9026.88465,MW,DE,DE_LU,actual_onshore_wind_generation,Wind Onshore,2026-09-08T17:38:47Z
2026-09-08T17:32:30Z,2026-09-08T19:32:30+0200,84abc74b-3fe7-4981-9f51-d43de6842ea9,2026-09-02T14:30:00Z,2026-09-02T16:30:00+0200,9267.26674,MW,DE,DE_LU,actual_onshore_wind_generation,Wind Onshore,2026-09-08T17:38:47Z
2026-09-08T17:32:30Z,2026-09-08T19:32:30+0200,84abc74b-3fe7-4981-9f51-d43de6842ea9,2026-09-02T14:45:00Z,2026-09-02T16:45:00+0200,9505.09752,MW,DE,DE_LU,actual_onshore_wind_generation,Wind Onshore,2026-09-08T17:38:47Z
2026-09-08T17:32:30Z,2026-09-08T19:32:30+0200,84abc74b-3fe7-4981-9f51-d43de6842ea9,2026-09-02T15:00:00Z,2026-09-02T17:00:00+0200,9355.50136,MW,DE,DE_LU,actual_onshore_wind_generation,Wind Onshore,2026-09-08T17:38:47Z
2026-09-08T17:32:30Z,2026-09-08T19:32:30+0200,84abc74b-3fe7-4981-9f51-d43de6842ea9,2026-09-02T15:15:00Z,2026-09-02T17:15:00+0200,8990.12935,MW,DE,DE_LU,actual_onshore_wind_generation,Wind Onshore,2026-09-08T17:38:47Z
2026-09-08T17:32:30Z,2026-09-08T19:32:30+0200,84abc74b-3fe7-4981-9f51-d43de6842ea9,2026-09-02T15:30:00Z,2026-09-02T17:30:00+0200,8680.79921,MW,DE,DE_LU,actual_onshore_wind_generation,Wind Onshore,2026-09-08T17:38:47Z
2026-09-08T17:32:30Z,2026-09-08T19:32:30+0200,84abc74b-3fe7-4981-9f51-d43de6842ea9,2026-09-02T15:45:00Z,2026-09-02T17:45:00+0200,8369.59089,MW,DE,DE_LU,actual_onshore_wind_generation,Wind Onshore,2026-09-08T17:38:47Z
2026-09-08T17:32:30Z,2026-09-08T19:32:30+0200,84abc74b-3fe7-4981-9f51-d43de6842ea9,2026-09-02T16:00:00Z,2026-09-02T18:00:00+0200,7905.80682,MW,DE,DE_LU,actual_onshore_wind_generation,Wind Onshore,2026-09-08T17:38:47Z
2026-09-08T17:32:30Z,2026-09-08T19:32:30+0200,84abc74b-3fe7-4981-9f51-d43de6842ea9,2026-09-02T16:15:00Z,2026-09-02T18:15:00+0200,7190.4846,MW,DE,DE_LU,actual_onshore_wind_generation,Wind Onshore,2026-09-08T17:38:47Z
2026-09-08T17:32:30Z,2026-09-08T19:32:30+0200,84abc74b-3fe7-4981-9f51-d43de6842ea9,2026-09-02T16:30:00Z,2026-09-02T18:30:00+0200,6615.08359,MW,DE,DE_LU,actual_onshore_wind_generation,Wind Onshore,2026-09-08T17:38:47Z
2026-09-08T17:32:30Z,2026-09-08T19:32:30+0200,84abc74b-3fe7-4981-9f51-d43de6842ea9,2026-09-02T16:45:00Z,2026-09-02T18:45:00+0200,6193.8827,MW,DE,DE_LU,actual_onshore_wind_generation,Wind Onshore,2026-09-08T17:38:47Z
2026-09-08T17:32:30Z,2026-09-08T19:32:30+0200,84abc74b-3fe7-4981-9f51-d43de6842ea9,2026-09-02T17:00:00Z,2026-09-02T19:00:00+0200,5502.64769,MW,DE,DE_LU,actual_onshore_wind_generation,Wind Onshore,2026-09-08T17:38:47Z
2026-09-08T17:32:30Z,2026-09-08T19:32:30+0200,84abc74b-3fe7-4981-9f51-d43de6842ea9,2026-09-02T17:15:00Z,2026-09-02T19:15:00+0200,4894.86298,MW,DE,DE_LU,actual_onshore_wind_generation,Wind Onshore,2026-09-08T17:38:47Z
2026-09-08T17:32:30Z,2026-09-08T19:32:30+0200,84abc74b-3fe7-4981-9f51-d43de6842ea9,2026-09-02T17:30:00Z,2026-09-02T19:30:00+0200,4756.68022,MW,DE,DE_LU,actual_onshore_wind_generation,Wind Onshore,2026-09-08T17:38:47Z
2026-09-08T17:32:30Z,2026-09-08T19:32:30+0200,84abc74b-3fe7-4981-9f51-d43de6842ea9,2026-09-02T17:45:00Z,2026-09-02T19:45:00+0200,4692.48489,MW,DE,DE_LU,actual_onshore_wind_generation,Wind Onshore,2026-09-08T17:38:47Z
2026-09-08T17:32:30Z,2026-09-08T19:32:30+0200,84abc74b-3fe7-4981-9f51-d43de6842ea9,2026-09-02T18:00:00Z,2026-09-02T20:00:00+0200,4419.37302,MW,DE,DE_LU,actual_onshore_wind_generation,Wind Onshore,2026-09-08T17:38:47Z
2026-09-08T17:32:30Z,2026-09-08T19:32:30+0200,84abc74b-3fe7-4981-9f51-d43de6842ea9,2026-09-02T18:15:00Z,2026-09-02T20:15:00+0200,3987.8507,MW,DE,DE_LU,actual_onshore_wind_generation,Wind Onshore,2026-09-08T17:38:47Z
2026-09-08T17:32:30Z,2026-09-08T19:32:30+0200,84abc74b-3fe7-4981-9f51-d43de6842ea9,2026-09-02T18:30:00Z,2026-09-02T20:30:00+0200,4233.44547,MW,DE,DE_LU,actual_onshore_wind_generation,Wind Onshore,2026-09-08T17:38:47Z
2026-09-08T17:32:30Z,2026-09-08T19:32:30+0200,84abc74b-3fe7-4981-9f51-d43de6842ea9,2026-09-02T18:45:00Z,2026-09-02T20:45:00+0200,4671.47274,MW,DE,DE_LU,actual_onshore_wind_generation,Wind Onshore,2026-09-08T17:38:47Z
2026-09-08T17:32:30Z,2026-09-08T19:32:30+0200,84abc74b-3fe7-4981-9f51-d43de6842ea9,2026-09-02T19:00:00Z,2026-09-02T21:00:00+0200,4793.95671,MW,DE,DE_LU,actual_onshore_wind_generation,Wind Onshore,2026-09-08T17:38:47Z
2026-09-08T17:32:30Z,2026-09-08T19:32:30+0200,84abc74b-3fe7-4981-9f51-d43de6842ea9,2026-09-02T19:15:00Z,2026-09-02T21:15:00+0200,4801.24941,MW,DE,DE_LU,actual_onshore_wind_generation,Wind Onshore,2026-09-08T17:38:47Z
2026-09-08T17:32:30Z,2026-09-08T19:32:30+0200,84abc74b-3fe7-4981-9f51-d43de6842ea9,2026-09-02T19:30:00Z,2026-09-02T21:30:00+0200,4908.09855,MW,DE,DE_LU,actual_onshore_wind_generation,Wind Onshore,2026-09-08T17:38:47Z
2026-09-08T17:32:30Z,2026-09-08T19:32:30+0200,84abc74b-3fe7-4981-9f51-d43de6842ea9,2026-09-02T19:45:00Z,2026-09-02T21:45:00+0200,5134.38836,MW,DE,DE_LU,actual_onshore_wind_generation,Wind Onshore,2026-09-08T17:38:47Z
2026-09-08T17:32:30Z,2026-09-08T19:32:30+0200,84abc74b-3fe7-4981-9f51-d43de6842ea9,2026-09-02T20:00:00Z,2026-09-02T22:00:00+0200,5291.45917,MW,DE,DE_LU,actual_onshore_wind_generation,Wind Onshore,2026-09-08T17:38:47Z
2026-09-08T17:32:30Z,2026-09-08T19:32:30+0200,84abc74b-3fe7-4981-9f51-d43de6842ea9,2026-09-02T20:15:00Z,2026-09-02T22:15:00+0200,5535.98869,MW,DE,DE_LU,actual_onshore_wind_generation,Wind Onshore,2026-09-08T17:38:47Z
2026-09-08T17:32:30Z,2026-09-08T19:32:30+0200,84abc74b-3fe7-4981-9f51-d43de6842ea9,2026-09-02T20:30:00Z,2026-09-02T22:30:00+0200,5746.15037,MW,DE,DE_LU,actual_onshore_wind_generation,Wind Onshore,2026-09-08T17:38:47Z
2026-09-08T17:32:30Z,2026-09-08T19:32:30+0200,84abc74b-3fe7-4981-9f51-d43de6842ea9,2026-09-02T20:45:00Z,2026-09-02T22:45:00+0200,5976.64923,MW,DE,DE_LU,actual_onshore_wind_generation,Wind Onshore,2026-09-08T17:38:47Z
2026-09-08T17:32:30Z,2026-09-08T19:32:30+0200,84abc74b-3fe7-4981-9f51-d43de6842ea9,2026-09-02T21:00:00Z,2026-09-02T23:00:00+0200,6181.00129,MW,DE,DE_LU,actual_onshore_wind_generation,Wind Onshore,2026-09-08T17:38:47Z
2026-09-08T17:32:30Z,2026-09-08T19:32:30+0200,84abc74b-3fe7-4981-9f51-d43de6842ea9,2026-09-02T21:15:00Z,2026-09-02T23:15:00+0200,6546.0832,MW,DE,DE_LU,actual_onshore_wind_generation,Wind Onshore,2026-09-08T17:38:47Z
2026-09-08T17:32:30Z,2026-09-08T19:32:30+0200,84abc74b-3fe7-4981-9f51-d43de6842ea9,2026-09-02T21:30:00Z,2026-09-02T23:30:00+0200,6683.92396,MW,DE,DE_LU,actual_onshore_wind_generation,Wind Onshore,2026-09-08T17:38:47Z
2026-09-08T17:32:30Z,2026-09-08T19:32:30+0200,84abc74b-3fe7-4981-9f51-d43de6842ea9,2026-09-02T21:45:00Z,2026-09-02T23:45:00+0200,6878.54514,MW,DE,DE_LU,actual_onshore_wind_generation,Wind Onshore,2026-09-08T17:38:47Z
2026-09-08T17:32:30Z,2026-09-08T19:32:30+0200,84abc74b-3fe7-4981-9f51-d43de6842ea9,2026-09-02T22:00:00Z,2026-09-03T00:00:00+0200,6995.76288,MW,DE,DE_LU,actual_onshore_wind_generation,Wind Onshore,2026-09-08T17:38:47Z
2026-09-08T17:32:30Z,2026-09-08T19:32:30+0200,84abc74b-3fe7-4981-9f51-d43de6842ea9,2026-09-02T22:15:00Z,2026-09-03T00:15:00+0200,7222.78625,MW,DE,DE_LU,actual_onshore_wind_generation,Wind Onshore,2026-09-08T17:38:47Z
2026-09-08T17:32:30Z,2026-09-08T19:32:30+0200,84abc74b-3fe7-4981-9f51-d43de6842ea9,2026-09-02T22:30:00Z,2026-09-03T00:30:00+0200,7588.58671,MW,DE,DE_LU,actual_onshore_wind_generation,Wind Onshore,2026-09-08T17:38:47Z
2026-09-08T17:32:30Z,2026-09-08T19:32:30+0200,84abc74b-3fe7-4981-9f51-d43de6842ea9,2026-09-02T22:45:00Z,2026-09-03T00:45:00+0200,8012.55073,MW,DE,DE_LU,actual_onshore_wind_generation,Wind Onshore,2026-09-08T17:38:47Z
2026-09-08T17:32:30Z,2026-09-08T19:32:30+0200,84abc74b-3fe7-4981-9f51-d43de6842ea9,2026-09-02T23:00:00Z,2026-09-03T01:00:00+0200,8280.52961,MW,DE,DE_LU,actual_onshore_wind_generation,Wind Onshore,2026-09-08T17:38:47Z
2026-09-08T17:32:30Z,2026-09-08T19:32:30+0200,84abc74b-3fe7-4981-9f51-d43de6842ea9,2026-09-02T23:15:00Z,2026-09-03T01:15:00+0200,8603.71085,MW,DE,DE_LU,actual_onshore_wind_generation,Wind Onshore,2026-09-08T17:38:47Z
2026-09-08T17:32:30Z,2026-09-08T19:32:30+0200,84abc74b-3fe7-4981-9f51-d43de6842ea9,2026-09-02T23:30:00Z,2026-09-03T01:30:00+0200,8868.86187,MW,DE,DE_LU,actual_onshore_wind_generation,Wind Onshore,2026-09-08T17:38:47Z
2026-09-08T17:32:30Z,2026-09-08T19:32:30+0200,84abc74b-3fe7-4981-9f51-d43de6842ea9,2026-09-02T23:45:00Z,2026-09-03T01:45:00+0200,9250.27799,MW,DE,DE_LU,actual_onshore_wind_generation,Wind Onshore,2026-09-08T17:38:47Z
2026-09-08T17:32:30Z,2026-09-08T19:32:30+0200,84abc74b-3fe7-4981-9f51-d43de6842ea9,2026-09-03T00:00:00Z,2026-09-03T02:00:00+0200,9712.38806,MW,DE,DE_LU,actual_onshore_wind_generation,Wind Onshore,2026-09-08T17:38:47Z
2026-09-08T17:32:30Z,2026-09-08T19:32:30+0200,84abc74b-3fe7-4981-9f51-d43de6842ea9,2026-09-03T00:15:00Z,2026-09-03T02:15:00+0200,10137.42471,MW,DE,DE_LU,actual_onshore_wind_generation,Wind Onshore,2026-09-08T17:38:47Z
2026-09-08T17:32:30Z,2026-09-08T19:32:30+0200,84abc74b-3fe7-4981-9f51-d43de6842ea9,2026-09-03T00:30:00Z,2026-09-03T02:30:00+0200,10140.51666,MW,DE,DE_LU,actual_onshore_wind_generation,Wind Onshore,2026-09-08T17:38:47Z
2026-09-08T17:32:30Z,2026-09-08T19:32:30+0200,84abc74b-3fe7-4981-9f51-d43de6842ea9,2026-09-03T00:45:00Z,2026-09-03T02:45:00+0200,10117.28216,MW,DE,DE_LU,actual_onshore_wind_generation,Wind Onshore,2026-09-08T17:38:47Z
2026-09-08T17:32:30Z,2026-09-08T19:32:30+0200,84abc74b-3fe7-4981-9f51-d43de6842ea9,2026-09-03T01:00:00Z,2026-09-03T03:00:00+0200,10133.26226,MW,DE,DE_LU,actual_onshore_wind_generation,Wind Onshore,2026-09-08T17:38:47Z
2026-09-08T17:32:30Z,2026-09-08T19:32:30+0200,84abc74b-3fe7-4981-9f51-d43de6842ea9,2026-09-03T01:15:00Z,2026-09-03T03:15:00+0200,10272.90094,MW,DE,DE_LU,actual_onshore_wind_generation,Wind Onshore,2026-09-08T17:38:47Z
2026-09-08T17:32:30Z,2026-09-08T19:32:30+0200,84abc74b-3fe7-4981-9f51-d43de6842ea9,2026-09-03T01:30:00Z,2026-09-03T03:30:00+0200,10465.77911,MW,DE,DE_LU,actual_onshore_wind_generation,Wind Onshore,2026-09-08T17:38:47Z
2026-09-08T17:32:30Z,2026-09-08T19:32:30+0200,84abc74b-3fe7-4981-9f51-d43de6842ea9,2026-09-03T01:45:00Z,2026-09-03T03:45:00+0200,10660.50326,MW,DE,DE_LU,actual_onshore_wind_generation,Wind Onshore,2026-09-08T17:38:47Z
2026-09-08T17:32:30Z,2026-09-08T19:32:30+0200,84abc74b-3fe7-4981-9f51-d43de6842ea9,2026-09-03T02:00:00Z,2026-09-03T04:00:00+0200,10944.74254,MW,DE,DE_LU,actual_onshore_wind_generation,Wind Onshore,2026-09-08T17:38:47Z
2026-09-08T17:32:30Z,2026-09-08T19:32:30+0200,84abc74b-3fe7-4981-9f51-d43de6842ea9,2026-09-03T02:15:00Z,2026-09-03T04:15:00+0200,11313.20902,MW,DE,DE_LU,actual_onshore_wind_generation,Wind Onshore,2026-09-08T17:38:47Z
2026-09-08T17:32:30Z,2026-09-08T19:32:30+0200,84abc74b-3fe7-4981-9f51-d43de6842ea9,2026-09-03T02:30:00Z,2026-09-03T04:30:00+0200,11827.84397,MW,DE,DE_LU,actual_onshore_wind_generation,Wind Onshore,2026-09-08T17:38:47Z
2026-09-08T17:32:30Z,2026-09-08T19:32:30+0200,84abc74b-3fe7-4981-9f51-d43de6842ea9,2026-09-03T02:45:00Z,2026-09-03T04:45:00+0200,12476.90428,MW,DE,DE_LU,actual_onshore_wind_generation,Wind Onshore,2026-09-08T17:38:47Z
2026-09-08T17:32:30Z,2026-09-08T19:32:30+0200,84abc74b-3fe7-4981-9f51-d43de6842ea9,2026-09-03T03:00:00Z,2026-09-03T05:00:00+0200,13197.4195,MW,DE,DE_LU,actual_onshore_wind_generation,Wind Onshore,2026-09-08T17:38:47Z
2026-09-08T17:32:30Z,2026-09-08T19:32:30+0200,84abc74b-3fe7-4981-9f51-d43de6842ea9,2026-09-03T03:15:00Z,2026-09-03T05:15:00+0200,13693.98231,MW,DE,DE_LU,actual_onshore_wind_generation,Wind Onshore,2026-09-08T17:38:47Z
2026-09-08T17:32:30Z,2026-09-08T19:32:30+0200,84abc74b-3fe7-4981-9f51-d43de6842ea9,2026-09-03T03:30:00Z,2026-09-03T05:30:00+0200,14239.12244,MW,DE,DE_LU,actual_onshore_wind_generation,Wind Onshore,2026-09-08T17:38:47Z
2026-09-08T17:32:30Z,2026-09-08T19:32:30+0200,84abc74b-3fe7-4981-9f51-d43de6842ea9,2026-09-03T03:45:00Z,2026-09-03T05:45:00+0200,14846.09753,MW,DE,DE_LU,actual_onshore_wind_generation,Wind Onshore,2026-09-08T17:38:47Z
2026-09-08T17:32:30Z,2026-09-08T19:32:30+0200,84abc74b-3fe7-4981-9f51-d43de6842ea9,2026-09-03T04:00:00Z,2026-09-03T06:00:00+0200,16396.30032,MW,DE,DE_LU,actual_onshore_wind_generation,Wind Onshore,2026-09-08T17:38:47Z
2026-09-08T17:32:30Z,2026-09-08T19:32:30+0200,84abc74b-3fe7-4981-9f51-d43de6842ea9,2026-09-03T04:15:00Z,2026-09-03T06:15:00+0200,17439.58795,MW,DE,DE_LU,actual_onshore_wind_generation,Wind Onshore,2026-09-08T17:38:47Z
2026-09-08T17:32:30Z,2026-09-08T19:32:30+0200,84abc74b-3fe7-4981-9f51-d43de6842ea9,2026-09-03T04:30:00Z,2026-09-03T06:30:00+0200,18418.47551,MW,DE,DE_LU,actual_onshore_wind_generation,Wind Onshore,2026-09-08T17:38:47Z
2026-09-08T17:32:30Z,2026-09-08T19:32:30+0200,84abc74b-3fe7-4981-9f51-d43de6842ea9,2026-09-03T04:45:00Z,2026-09-03T06:45:00+0200,19800.01652,MW,DE,DE_LU,actual_onshore_wind_generation,Wind Onshore,2026-09-08T17:38:47Z
2026-09-08T17:32:30Z,2026-09-08T19:32:30+0200,84abc74b-3fe7-4981-9f51-d43de6842ea9,2026-09-03T05:00:00Z,2026-09-03T07:00:00+0200,20575.47265,MW,DE,DE_LU,actual_onshore_wind_generation,Wind Onshore,2026-09-08T17:38:47Z
2026-09-08T17:32:30Z,2026-09-08T19:32:30+0200,84abc74b-3fe7-4981-9f51-d43de6842ea9,2026-09-03T05:15:00Z,2026-09-03T07:15:00+0200,21473.93544,MW,DE,DE_LU,actual_onshore_wind_generation,Wind Onshore,2026-09-08T17:38:47Z
2026-09-08T17:32:30Z,2026-09-08T19:32:30+0200,84abc74b-3fe7-4981-9f51-d43de6842ea9,2026-09-03T05:30:00Z,2026-09-03T07:30:00+0200,22261.06716,MW,DE,DE_LU,actual_onshore_wind_generation,Wind Onshore,2026-09-08T17:38:47Z
2026-09-08T17:32:30Z,2026-09-08T19:32:30+0200,84abc74b-3fe7-4981-9f51-d43de6842ea9,2026-09-03T05:45:00Z,2026-09-03T07:45:00+0200,22731.10558,MW,DE,DE_LU,actual_onshore_wind_generation,Wind Onshore,2026-09-08T17:38:47Z
2026-09-08T17:32:30Z,2026-09-08T19:32:30+0200,84abc74b-3fe7-4981-9f51-d43de6842ea9,2026-09-03T06:00:00Z,2026-09-03T08:00:00+0200,23029.94038,MW,DE,DE_LU,actual_onshore_wind_generation,Wind Onshore,2026-09-08T17:38:47Z
2026-09-08T17:32:30Z,2026-09-08T19:32:30+0200,84abc74b-3fe7-4981-9f51-d43de6842ea9,2026-09-03T06:15:00Z,2026-09-03T08:15:00+0200,23169.20648,MW,DE,DE_LU,actual_onshore_wind_generation,Wind Onshore,2026-09-08T17:38:47Z
2026-09-08T17:32:30Z,2026-09-08T19:32:30+0200,84abc74b-3fe7-4981-9f51-d43de6842ea9,2026-09-03T06:30:00Z,2026-09-03T08:30:00+0200,23079.11501,MW,DE,DE_LU,actual_onshore_wind_generation,Wind Onshore,2026-09-08T17:38:47Z
2026-09-08T17:32:30Z,2026-09-08T19:32:30+0200,84abc74b-3fe7-4981-9f51-d43de6842ea9,2026-09-03T06:45:00Z,2026-09-03T08:45:00+0200,22798.83466,MW,DE,DE_LU,actual_onshore_wind_generation,Wind Onshore,2026-09-08T17:38:47Z
2026-09-08T17:32:30Z,2026-09-08T19:32:30+0200,84abc74b-3fe7-4981-9f51-d43de6842ea9,2026-09-03T07:00:00Z,2026-09-03T09:00:00+0200,22859.74923,MW,DE,DE_LU,actual_onshore_wind_generation,Wind Onshore,2026-09-08T17:38:47Z
2026-09-08T17:32:30Z,2026-09-08T19:32:30+0200,84abc74b-3fe7-4981-9f51-d43de6842ea9,2026-09-03T07:15:00Z,2026-09-03T09:15:00+0200,23099.27091,MW,DE,DE_LU,actual_onshore_wind_generation,Wind Onshore,2026-09-08T17:38:47Z
2026-09-08T17:32:30Z,2026-09-08T19:32:30+0200,84abc74b-3fe7-4981-9f51-d43de6842ea9,2026-09-03T07:30:00Z,2026-09-03T09:30:00+0200,23162.36347,MW,DE,DE_LU,actual_onshore_wind_generation,Wind Onshore,2026-09-08T17:38:47Z
2026-09-08T17:32:30Z,2026-09-08T19:32:30+0200,84abc74b-3fe7-4981-9f51-d43de6842ea9,2026-09-03T07:45:00Z,2026-09-03T09:45:00+0200,23188.71399,MW,DE,DE_LU,actual_onshore_wind_generation,Wind Onshore,2026-09-08T17:38:47Z
2026-09-08T17:32:30Z,2026-09-08T19:32:30+0200,84abc74b-3fe7-4981-9f51-d43de6842ea9,2026-09-03T08:00:00Z,2026-09-03T10:00:00+0200,23905.54246,MW,DE,DE_LU,actual_onshore_wind_generation,Wind Onshore,2026-09-08T17:38:47Z
2026-09-08T17:32:30Z,2026-09-08T19:32:30+0200,84abc74b-3fe7-4981-9f51-d43de6842ea9,2026-09-03T08:15:00Z,2026-09-03T10:15:00+0200,24479.68148,MW,DE,DE_LU,actual_onshore_wind_generation,Wind Onshore,2026-09-08T17:38:47Z
2026-09-08T17:32:30Z,2026-09-08T19:32:30+0200,84abc74b-3fe7-4981-9f51-d43de6842ea9,2026-09-03T08:30:00Z,2026-09-03T10:30:00+0200,24824.78497,MW,DE,DE_LU,actual_onshore_wind_generation,Wind Onshore,2026-09-08T17:38:47Z
2026-09-08T17:32:30Z,2026-09-08T19:32:30+0200,84abc74b-3fe7-4981-9f51-d43de6842ea9,2026-09-03T08:45:00Z,2026-09-03T10:45:00+0200,25430.39577,MW,DE,DE_LU,actual_onshore_wind_generation,Wind Onshore,2026-09-08T17:38:47Z
2026-09-08T17:32:30Z,2026-09-08T19:32:30+0200,84abc74b-3fe7-4981-9f51-d43de6842ea9,2026-09-03T09:00:00Z,2026-09-03T11:00:00+0200,26081.37823,MW,DE,DE_LU,actual_onshore_wind_generation,Wind Onshore,2026-09-08T17:38:47Z
2026-09-08T17:32:30Z,2026-09-08T19:32:30+0200,84abc74b-3fe7-4981-9f51-d43de6842ea9,2026-09-03T09:15:00Z,2026-09-03T11:15:00+0200,26459.76697,MW,DE,DE_LU,actual_onshore_wind_generation,Wind Onshore,2026-09-08T17:38:47Z
2026-09-08T17:32:30Z,2026-09-08T19:32:30+0200,84abc74b-3fe7-4981-9f51-d43de6842ea9,2026-09-03T09:30:00Z,2026-09-03T11:30:00+0200,26705.59678,MW,DE,DE_LU,actual_onshore_wind_generation,Wind Onshore,2026-09-08T17:38:47Z
2026-09-08T17:32:30Z,2026-09-08T19:32:30+0200,84abc74b-3fe7-4981-9f51-d43de6842ea9,2026-09-03T09:45:00Z,2026-09-03T11:45:00+0200,27382.88996,MW,DE,DE_LU,actual_onshore_wind_generation,Wind Onshore,2026-09-08T17:38:47Z
2026-09-08T17:32:30Z,2026-09-08T19:32:30+0200,84abc74b-3fe7-4981-9f51-d43de6842ea9,2026-09-03T10:00:00Z,2026-09-03T12:00:00+0200,27439.7931,MW,DE,DE_LU,actual_onshore_wind_generation,Wind Onshore,2026-09-08T17:38:47Z
2026-09-08T17:32:30Z,2026-09-08T19:32:30+0200,84abc74b-3fe7-4981-9f51-d43de6842ea9,2026-09-03T10:15:00Z,2026-09-03T12:15:00+0200,28643.9759,MW,DE,DE_LU,actual_onshore_wind_generation,Wind Onshore,2026-09-08T17:38:47Z
2026-09-08T17:32:30Z,2026-09-08T19:32:30+0200,84abc74b-3fe7-4981-9f51-d43de6842ea9,2026-09-03T10:30:00Z,2026-09-03T12:30:00+0200,28373.96397,MW,DE,DE_LU,actual_onshore_wind_generation,Wind Onshore,2026-09-08T17:38:47Z
2026-09-08T17:32:30Z,2026-09-08T19:32:30+0200,84abc74b-3fe7-4981-9f51-d43de6842ea9,2026-09-03T10:45:00Z,2026-09-03T12:45:00+0200,28145.04358,MW,DE,DE_LU,actual_onshore_wind_generation,Wind Onshore,2026-09-08T17:38:47Z
2026-09-08T17:32:30Z,2026-09-08T19:32:30+0200,84abc74b-3fe7-4981-9f51-d43de6842ea9,2026-09-03T11:00:00Z,2026-09-03T13:00:00+0200,28306.40744,MW,DE,DE_LU,actual_onshore_wind_generation,Wind Onshore,2026-09-08T17:38:47Z
2026-09-08T17:32:30Z,2026-09-08T19:32:30+0200,84abc74b-3fe7-4981-9f51-d43de6842ea9,2026-09-03T11:15:00Z,2026-09-03T13:15:00+0200,28525.94739,MW,DE,DE_LU,actual_onshore_wind_generation,Wind Onshore,2026-09-08T17:38:47Z
2026-09-08T17:32:30Z,2026-09-08T19:32:30+0200,84abc74b-3fe7-4981-9f51-d43de6842ea9,2026-09-03T11:30:00Z,2026-09-03T13:30:00+0200,29327.24969,MW,DE,DE_LU,actual_onshore_wind_generation,Wind Onshore,2026-09-08T17:38:47Z
2026-09-08T17:32:30Z,2026-09-08T19:32:30+0200,84abc74b-3fe7-4981-9f51-d43de6842ea9,2026-09-03T11:45:00Z,2026-09-03T13:45:00+0200,29328.39222,MW,DE,DE_LU,actual_onshore_wind_generation,Wind Onshore,2026-09-08T17:38:47Z
2026-09-08T17:32:30Z,2026-09-08T19:32:30+0200,84abc74b-3fe7-4981-9f51-d43de6842ea9,2026-09-03T12:00:00Z,2026-09-03T14:00:00+0200,30258.85488,MW,DE,DE_LU,actual_onshore_wind_generation,Wind Onshore,2026-09-08T17:38:47Z
2026-09-08T17:32:30Z,2026-09-08T19:32:30+0200,84abc74b-3fe7-4981-9f51-d43de6842ea9,2026-09-03T12:15:00Z,2026-09-03T14:15:00+0200,30237.0218,MW,DE,DE_LU,actual_onshore_wind_generation,Wind Onshore,2026-09-08T17:38:47Z
2026-09-08T17:32:30Z,2026-09-08T19:32:30+0200,84abc74b-3fe7-4981-9f51-d43de6842ea9,2026-09-03T12:30:00Z,2026-09-03T14:30:00+0200,30676.17958,MW,DE,DE_LU,actual_onshore_wind_generation,Wind Onshore,2026-09-08T17:38:47Z
2026-09-08T17:32:30Z,2026-09-08T19:32:30+0200,84abc74b-3fe7-4981-9f51-d43de6842ea9,2026-09-03T12:45:00Z,2026-09-03T14:45:00+0200,31333.13207,MW,DE,DE_LU,actual_onshore_wind_generation,Wind Onshore,2026-09-08T17:38:47Z
2026-09-08T17:32:30Z,2026-09-08T19:32:30+0200,84abc74b-3fe7-4981-9f51-d43de6842ea9,2026-09-03T13:00:00Z,2026-09-03T15:00:00+0200,31863.22521,MW,DE,DE_LU,actual_onshore_wind_generation,Wind Onshore,2026-09-08T17:38:47Z
2026-09-08T17:32:30Z,2026-09-08T19:32:30+0200,84abc74b-3fe7-4981-9f51-d43de6842ea9,2026-09-03T13:15:00Z,2026-09-03T15:15:00+0200,32485.55689,MW,DE,DE_LU,actual_onshore_wind_generation,Wind Onshore,2026-09-08T17:38:47Z
2026-09-08T17:32:30Z,2026-09-08T19:32:30+0200,84abc74b-3fe7-4981-9f51-d43de6842ea9,2026-09-03T13:30:00Z,2026-09-03T15:30:00+0200,32932.45262,MW,DE,DE_LU,actual_onshore_wind_generation,Wind Onshore,2026-09-08T17:38:47Z
2026-09-08T17:32:30Z,2026-09-08T19:32:30+0200,84abc74b-3fe7-4981-9f51-d43de6842ea9,2026-09-03T13:45:00Z,2026-09-03T15:45:00+0200,33747.62561,MW,DE,DE_LU,actual_onshore_wind_generation,Wind Onshore,2026-09-08T17:38:47Z
2026-09-08T17:32:30Z,2026-09-08T19:32:30+0200,84abc74b-3fe7-4981-9f51-d43de6842ea9,2026-09-03T14:00:00Z,2026-09-03T16:00:00+0200,33931.46782,MW,DE,DE_LU,actual_onshore_wind_generation,Wind Onshore,2026-09-08T17:38:47Z
2026-09-08T17:32:30Z,2026-09-08T19:32:30+0200,84abc74b-3fe7-4981-9f51-d43de6842ea9,2026-09-03T14:15:00Z,2026-09-03T16:15:00+0200,34174.90789,MW,DE,DE_LU,actual_onshore_wind_generation,Wind Onshore,2026-09-08T17:38:47Z
2026-09-08T17:32:30Z,2026-09-08T19:32:30+0200,84abc74b-3fe7-4981-9f51-d43de6842ea9,2026-09-03T14:30:00Z,2026-09-03T16:30:00+0200,34436.90501,MW,DE,DE_LU,actual_onshore_wind_generation,Wind Onshore,2026-09-08T17:38:47Z
2026-09-08T17:32:30Z,2026-09-08T19:32:30+0200,84abc74b-3fe7-4981-9f51-d43de6842ea9,2026-09-03T14:45:00Z,2026-09-03T16:45:00+0200,33868.49198,MW,DE,DE_LU,actual_onshore_wind_generation,Wind Onshore,2026-09-08T17:38:47Z
2026-09-08T17:32:30Z,2026-09-08T19:32:30+0200,84abc74b-3fe7-4981-9f51-d43de6842ea9,2026-09-03T15:00:00Z,2026-09-03T17:00:00+0200,33539.02459,MW,DE,DE_LU,actual_onshore_wind_generation,Wind Onshore,2026-09-08T17:38:47Z
2026-09-08T17:32:30Z,2026-09-08T19:32:30+0200,84abc74b-3fe7-4981-9f51-d43de6842ea9,2026-09-03T15:15:00Z,2026-09-03T17:15:00+0200,33161.6789,MW,DE,DE_LU,actual_onshore_wind_generation,Wind Onshore,2026-09-08T17:38:47Z
2026-09-08T17:32:30Z,2026-09-08T19:32:30+0200,84abc74b-3fe7-4981-9f51-d43de6842ea9,2026-09-03T15:30:00Z,2026-09-03T17:30:00+0200,32419.49783,MW,DE,DE_LU,actual_onshore_wind_generation,Wind Onshore,2026-09-08T17:38:47Z
2026-09-08T17:32:30Z,2026-09-08T19:32:30+0200,84abc74b-3fe7-4981-9f51-d43de6842ea9,2026-09-03T15:45:00Z,2026-09-03T17:45:00+0200,31921.33049,MW,DE,DE_LU,actual_onshore_wind_generation,Wind Onshore,2026-09-08T17:38:47Z
2026-09-08T17:32:30Z,2026-09-08T19:32:30+0200,84abc74b-3fe7-4981-9f51-d43de6842ea9,2026-09-03T16:00:00Z,2026-09-03T18:00:00+0200,31434.43473,MW,DE,DE_LU,actual_onshore_wind_generation,Wind Onshore,2026-09-08T17:38:47Z
2026-09-08T17:32:30Z,2026-09-08T19:32:30+0200,84abc74b-3fe7-4981-9f51-d43de6842ea9,2026-09-03T16:15:00Z,2026-09-03T18:15:00+0200,30574.6912,MW,DE,DE_LU,actual_onshore_wind_generation,Wind Onshore,2026-09-08T17:38:47Z
2026-09-08T17:32:30Z,2026-09-08T19:32:30+0200,84abc74b-3fe7-4981-9f51-d43de6842ea9,2026-09-03T16:30:00Z,2026-09-03T18:30:00+0200,29554.17739,MW,DE,DE_LU,actual_onshore_wind_generation,Wind Onshore,2026-09-08T17:38:47Z
2026-09-08T17:32:30Z,2026-09-08T19:32:30+0200,84abc74b-3fe7-4981-9f51-d43de6842ea9,2026-09-03T16:45:00Z,2026-09-03T18:45:00+0200,29165.87191,MW,DE,DE_LU,actual_onshore_wind_generation,Wind Onshore,2026-09-08T17:38:47Z
2026-09-08T17:32:30Z,2026-09-08T19:32:30+0200,84abc74b-3fe7-4981-9f51-d43de6842ea9,2026-09-03T17:00:00Z,2026-09-03T19:00:00+0200,28393.46594,MW,DE,DE_LU,actual_onshore_wind_generation,Wind Onshore,2026-09-08T17:38:47Z
2026-09-08T17:32:30Z,2026-09-08T19:32:30+0200,84abc74b-3fe7-4981-9f51-d43de6842ea9,2026-09-03T17:15:00Z,2026-09-03T19:15:00+0200,28089.23317,MW,DE,DE_LU,actual_onshore_wind_generation,Wind Onshore,2026-09-08T17:38:47Z
2026-09-08T17:32:30Z,2026-09-08T19:32:30+0200,84abc74b-3fe7-4981-9f51-d43de6842ea9,2026-09-03T17:30:00Z,2026-09-03T19:30:00+0200,27530.26045,MW,DE,DE_LU,actual_onshore_wind_generation,Wind Onshore,2026-09-08T17:38:47Z
2026-09-08T17:32:30Z,2026-09-08T19:32:30+0200,84abc74b-3fe7-4981-9f51-d43de6842ea9,2026-09-03T17:45:00Z,2026-09-03T19:45:00+0200,27196.84595,MW,DE,DE_LU,actual_onshore_wind_generation,Wind Onshore,2026-09-08T17:38:47Z
2026-09-08T17:32:30Z,2026-09-08T19:32:30+0200,84abc74b-3fe7-4981-9f51-d43de6842ea9,2026-09-03T18:00:00Z,2026-09-03T20:00:00+0200,26842.01099,MW,DE,DE_LU,actual_onshore_wind_generation,Wind Onshore,2026-09-08T17:38:47Z
2026-09-08T17:32:30Z,2026-09-08T19:32:30+0200,84abc74b-3fe7-4981-9f51-d43de6842ea9,2026-09-03T18:15:00Z,2026-09-03T20:15:00+0200,26142.1125,MW,DE,DE_LU,actual_onshore_wind_generation,Wind Onshore,2026-09-08T17:38:47Z
2026-09-08T17:32:30Z,2026-09-08T19:32:30+0200,84abc74b-3fe7-4981-9f51-d43de6842ea9,2026-09-03T18:30:00Z,2026-09-03T20:30:00+0200,25462.89974,MW,DE,DE_LU,actual_onshore_wind_generation,Wind Onshore,2026-09-08T17:38:47Z
2026-09-08T17:32:30Z,2026-09-08T19:32:30+0200,84abc74b-3fe7-4981-9f51-d43de6842ea9,2026-09-03T18:45:00Z,2026-09-03T20:45:00+0200,25093.88934,MW,DE,DE_LU,actual_onshore_wind_generation,Wind Onshore,2026-09-08T17:38:47Z
2026-09-08T17:32:30Z,2026-09-08T19:32:30+0200,84abc74b-3fe7-4981-9f51-d43de6842ea9,2026-09-03T19:00:00Z,2026-09-03T21:00:00+0200,24888.68816,MW,DE,DE_LU,actual_onshore_wind_generation,Wind Onshore,2026-09-08T17:38:47Z
2026-09-08T17:32:30Z,2026-09-08T19:32:30+0200,84abc74b-3fe7-4981-9f51-d43de6842ea9,2026-09-03T19:15:00Z,2026-09-03T21:15:00+0200,24687.28308,MW,DE,DE_LU,actual_onshore_wind_generation,Wind Onshore,2026-09-08T17:38:47Z
2026-09-08T17:32:30Z,2026-09-08T19:32:30+0200,84abc74b-3fe7-4981-9f51-d43de6842ea9,2026-09-03T19:30:00Z,2026-09-03T21:30:00+0200,24751.02785,MW,DE,DE_LU,actual_onshore_wind_generation,Wind Onshore,2026-09-08T17:38:47Z
2026-09-08T17:32:30Z,2026-09-08T19:32:30+0200,84abc74b-3fe7-4981-9f51-d43de6842ea9,2026-09-03T19:45:00Z,2026-09-03T21:45:00+0200,25011.92693,MW,DE,DE_LU,actual_onshore_wind_generation,Wind Onshore,2026-09-08T17:38:47Z
2026-09-08T17:32:30Z,2026-09-08T19:32:30+0200,84abc74b-3fe7-4981-9f51-d43de6842ea9,2026-09-03T20:00:00Z,2026-09-03T22:00:00+0200,24467.09802,MW,DE,DE_LU,actual_onshore_wind_generation,Wind Onshore,2026-09-08T17:38:47Z
2026-09-08T17:32:30Z,2026-09-08T19:32:30+0200,84abc74b-3fe7-4981-9f51-d43de6842ea9,2026-09-03T20:15:00Z,2026-09-03T22:15:00+0200,24605.1444,MW,DE,DE_LU,actual_onshore_wind_generation,Wind Onshore,2026-09-08T17:38:47Z
2026-09-08T17:32:30Z,2026-09-08T19:32:30+0200,84abc74b-3fe7-4981-9f51-d43de6842ea9,2026-09-03T20:30:00Z,2026-09-03T22:30:00+0200,24496.54514,MW,DE,DE_LU,actual_onshore_wind_generation,Wind Onshore,2026-09-08T17:38:47Z
2026-09-08T17:32:30Z,2026-09-08T19:32:30+0200,84abc74b-3fe7-4981-9f51-d43de6842ea9,2026-09-03T20:45:00Z,2026-09-03T22:45:00+0200,24648.14836,MW,DE,DE_LU,actual_onshore_wind_generation,Wind Onshore,2026-09-08T17:38:47Z
2026-09-08T17:32:30Z,2026-09-08T19:32:30+0200,84abc74b-3fe7-4981-9f51-d43de6842ea9,2026-09-03T21:00:00Z,2026-09-03T23:00:00+0200,24707.13306,MW,DE,DE_LU,actual_onshore_wind_generation,Wind Onshore,2026-09-08T17:38:47Z
2026-09-08T17:32:30Z,2026-09-08T19:32:30+0200,84abc74b-3fe7-4981-9f51-d43de6842ea9,2026-09-03T21:15:00Z,2026-09-03T23:15:00+0200,24574.23825,MW,DE,DE_LU,actual_onshore_wind_generation,Wind Onshore,2026-09-08T17:38:47Z
2026-09-08T17:32:30Z,2026-09-08T19:32:30+0200,84abc74b-3fe7-4981-9f51-d43de6842ea9,2026-09-03T21:30:00Z,2026-09-03T23:30:00+0200,24196.99229,MW,DE,DE_LU,actual_onshore_wind_generation,Wind Onshore,2026-09-08T17:38:47Z
2026-09-08T17:32:30Z,2026-09-08T19:32:30+0200,84abc74b-3fe7-4981-9f51-d43de6842ea9,2026-09-03T21:45:00Z,2026-09-03T23:45:00+0200,24069.28092,MW,DE,DE_LU,actual_onshore_wind_generation,Wind Onshore,2026-09-08T17:38:47Z
2026-09-08T17:32:30Z,2026-09-08T19:32:30+0200,84abc74b-3fe7-4981-9f51-d43de6842ea9,2026-09-03T22:00:00Z,2026-09-04T00:00:00+0200,23862.15776,MW,DE,DE_LU,actual_onshore_wind_generation,Wind Onshore,2026-09-08T17:38:47Z
2026-09-08T17:32:30Z,2026-09-08T19:32:30+0200,84abc74b-3fe7-4981-9f51-d43de6842ea9,2026-09-03T22:15:00Z,2026-09-04T00:15:00+0200,23885.37808,MW,DE,DE_LU,actual_onshore_wind_generation,Wind Onshore,2026-09-08T17:38:47Z
2026-09-08T17:32:30Z,2026-09-08T19:32:30+0200,84abc74b-3fe7-4981-9f51-d43de6842ea9,2026-09-03T22:30:00Z,2026-09-04T00:30:00+0200,23932.65155,MW,DE,DE_LU,actual_onshore_wind_generation,Wind Onshore,2026-09-08T17:38:47Z
2026-09-08T17:32:30Z,2026-09-08T19:32:30+0200,84abc74b-3fe7-4981-9f51-d43de6842ea9,2026-09-03T22:45:00Z,2026-09-04T00:45:00+0200,23881.70128,MW,DE,DE_LU,actual_onshore_wind_generation,Wind Onshore,2026-09-08T17:38:47Z
2026-09-08T17:32:30Z,2026-09-08T19:32:30+0200,84abc74b-3fe7-4981-9f51-d43de6842ea9,2026-09-03T23:00:00Z,2026-09-04T01:00:00+0200,23625.40924,MW,DE,DE_LU,actual_onshore_wind_generation,Wind Onshore,2026-09-08T17:38:47Z
2026-09-08T17:32:30Z,2026-09-08T19:32:30+0200,84abc74b-3fe7-4981-9f51-d43de6842ea9,2026-09-03T23:15:00Z,2026-09-04T01:15:00+0200,23499.63015,MW,DE,DE_LU,actual_onshore_wind_generation,Wind Onshore,2026-09-08T17:38:47Z
2026-09-08T17:32:30Z,2026-09-08T19:32:30+0200,84abc74b-3fe7-4981-9f51-d43de6842ea9,2026-09-03T23:30:00Z,2026-09-04T01:30:00+0200,23160.93886,MW,DE,DE_LU,actual_onshore_wind_generation,Wind Onshore,2026-09-08T17:38:47Z
2026-09-08T17:32:30Z,2026-09-08T19:32:30+0200,84abc74b-3fe7-4981-9f51-d43de6842ea9,2026-09-03T23:45:00Z,2026-09-04T01:45:00+0200,23216.11685,MW,DE,DE_LU,actual_onshore_wind_generation,Wind Onshore,2026-09-08T17:38:47Z
2026-09-08T17:32:30Z,2026-09-08T19:32:30+0200,84abc74b-3fe7-4981-9f51-d43de6842ea9,2026-09-04T00:00:00Z,2026-09-04T02:00:00+0200,23171.35696,MW,DE,DE_LU,actual_onshore_wind_generation,Wind Onshore,2026-09-08T17:38:47Z
2026-09-08T17:32:30Z,2026-09-08T19:32:30+0200,84abc74b-3fe7-4981-9f51-d43de6842ea9,2026-09-04T00:15:00Z,2026-09-04T02:15:00+0200,22974.22404,MW,DE,DE_LU,actual_onshore_wind_generation,Wind Onshore,2026-09-08T17:38:47Z
2026-09-08T17:32:30Z,2026-09-08T19:32:30+0200,84abc74b-3fe7-4981-9f51-d43de6842ea9,2026-09-04T00:30:00Z,2026-09-04T02:30:00+0200,22869.36851,MW,DE,DE_LU,actual_onshore_wind_generation,Wind Onshore,2026-09-08T17:38:47Z
2026-09-08T17:32:30Z,2026-09-08T19:32:30+0200,84abc74b-3fe7-4981-9f51-d43de6842ea9,2026-09-04T00:45:00Z,2026-09-04T02:45:00+0200,22925.72425,MW,DE,DE_LU,actual_onshore_wind_generation,Wind Onshore,2026-09-08T17:38:47Z
2026-09-08T17:32:30Z,2026-09-08T19:32:30+0200,84abc74b-3fe7-4981-9f51-d43de6842ea9,2026-09-04T01:00:00Z,2026-09-04T03:00:00+0200,22938.10287,MW,DE,DE_LU,actual_onshore_wind_generation,Wind Onshore,2026-09-08T17:38:47Z
2026-09-08T17:32:30Z,2026-09-08T19:32:30+0200,84abc74b-3fe7-4981-9f51-d43de6842ea9,2026-09-04T01:15:00Z,2026-09-04T03:15:00+0200,23253.48699,MW,DE,DE_LU,actual_onshore_wind_generation,Wind Onshore,2026-09-08T17:38:47Z
2026-09-08T17:32:30Z,2026-09-08T19:32:30+0200,84abc74b-3fe7-4981-9f51-d43de6842ea9,2026-09-04T01:30:00Z,2026-09-04T03:30:00+0200,23207.50128,MW,DE,DE_LU,actual_onshore_wind_generation,Wind Onshore,2026-09-08T17:38:47Z
2026-09-08T17:32:30Z,2026-09-08T19:32:30+0200,84abc74b-3fe7-4981-9f51-d43de6842ea9,2026-09-04T01:45:00Z,2026-09-04T03:45:00+0200,23142.29616,MW,DE,DE_LU,actual_onshore_wind_generation,Wind Onshore,2026-09-08T17:38:47Z
2026-09-08T17:32:30Z,2026-09-08T19:32:30+0200,84abc74b-3fe7-4981-9f51-d43de6842ea9,2026-09-04T02:00:00Z,2026-09-04T04:00:00+0200,23314.14532,MW,DE,DE_LU,actual_onshore_wind_generation,Wind Onshore,2026-09-08T17:38:47Z
2026-09-08T17:32:30Z,2026-09-08T19:32:30+0200,84abc74b-3fe7-4981-9f51-d43de6842ea9,2026-09-04T02:15:00Z,2026-09-04T04:15:00+0200,23366.08506,MW,DE,DE_LU,actual_onshore_wind_generation,Wind Onshore,2026-09-08T17:38:47Z
2026-09-08T17:32:30Z,2026-09-08T19:32:30+0200,84abc74b-3fe7-4981-9f51-d43de6842ea9,2026-09-04T02:30:00Z,2026-09-04T04:30:00+0200,23511.56701,MW,DE,DE_LU,actual_onshore_wind_generation,Wind Onshore,2026-09-08T17:38:47Z
2026-09-08T17:32:30Z,2026-09-08T19:32:30+0200,84abc74b-3fe7-4981-9f51-d43de6842ea9,2026-09-04T02:45:00Z,2026-09-04T04:45:00+0200,23447.59438,MW,DE,DE_LU,actual_onshore_wind_generation,Wind Onshore,2026-09-08T17:38:47Z
2026-09-08T17:32:30Z,2026-09-08T19:32:30+0200,84abc74b-3fe7-4981-9f51-d43de6842ea9,2026-09-04T03:00:00Z,2026-09-04T05:00:00+0200,23116.18134,MW,DE,DE_LU,actual_onshore_wind_generation,Wind Onshore,2026-09-08T17:38:47Z
2026-09-08T17:32:30Z,2026-09-08T19:32:30+0200,84abc74b-3fe7-4981-9f51-d43de6842ea9,2026-09-04T03:15:00Z,2026-09-04T05:15:00+0200,22998.78899,MW,DE,DE_LU,actual_onshore_wind_generation,Wind Onshore,2026-09-08T17:38:47Z
2026-09-08T17:32:30Z,2026-09-08T19:32:30+0200,84abc74b-3fe7-4981-9f51-d43de6842ea9,2026-09-04T03:30:00Z,2026-09-04T05:30:00+0200,22958.41715,MW,DE,DE_LU,actual_onshore_wind_generation,Wind Onshore,2026-09-08T17:38:47Z
2026-09-08T17:32:30Z,2026-09-08T19:32:30+0200,84abc74b-3fe7-4981-9f51-d43de6842ea9,2026-09-04T03:45:00Z,2026-09-04T05:45:00+0200,23167.66434,MW,DE,DE_LU,actual_onshore_wind_generation,Wind Onshore,2026-09-08T17:38:47Z
2026-09-08T17:32:30Z,2026-09-08T19:32:30+0200,84abc74b-3fe7-4981-9f51-d43de6842ea9,2026-09-04T04:00:00Z,2026-09-04T06:00:00+0200,24591.26448,MW,DE,DE_LU,actual_onshore_wind_generation,Wind Onshore,2026-09-08T17:38:47Z
2026-09-08T17:32:30Z,2026-09-08T19:32:30+0200,84abc74b-3fe7-4981-9f51-d43de6842ea9,2026-09-04T04:15:00Z,2026-09-04T06:15:00+0200,25033.90813,MW,DE,DE_LU,actual_onshore_wind_generation,Wind Onshore,2026-09-08T17:38:47Z
2026-09-08T17:32:30Z,2026-09-08T19:32:30+0200,84abc74b-3fe7-4981-9f51-d43de6842ea9,2026-09-04T04:30:00Z,2026-09-04T06:30:00+0200,25774.31503,MW,DE,DE_LU,actual_onshore_wind_generation,Wind Onshore,2026-09-08T17:38:47Z
2026-09-08T17:32:30Z,2026-09-08T19:32:30+0200,84abc74b-3fe7-4981-9f51-d43de6842ea9,2026-09-04T04:45:00Z,2026-09-04T06:45:00+0200,27114.25639,MW,DE,DE_LU,actual_onshore_wind_generation,Wind Onshore,2026-09-08T17:38:47Z
2026-09-08T17:32:30Z,2026-09-08T19:32:30+0200,84abc74b-3fe7-4981-9f51-d43de6842ea9,2026-09-04T05:00:00Z,2026-09-04T07:00:00+0200,28522.4348,MW,DE,DE_LU,actual_onshore_wind_generation,Wind Onshore,2026-09-08T17:38:47Z
2026-09-08T17:32:30Z,2026-09-08T19:32:30+0200,84abc74b-3fe7-4981-9f51-d43de6842ea9,2026-09-04T05:15:00Z,2026-09-04T07:15:00+0200,29215.60932,MW,DE,DE_LU,actual_onshore_wind_generation,Wind Onshore,2026-09-08T17:38:47Z
2026-09-08T17:32:30Z,2026-09-08T19:32:30+0200,84abc74b-3fe7-4981-9f51-d43de6842ea9,2026-09-04T05:30:00Z,2026-09-04T07:30:00+0200,29516.20625,MW,DE,DE_LU,actual_onshore_wind_generation,Wind Onshore,2026-09-08T17:38:47Z
2026-09-08T17:32:30Z,2026-09-08T19:32:30+0200,84abc74b-3fe7-4981-9f51-d43de6842ea9,2026-09-04T05:45:00Z,2026-09-04T07:45:00+0200,29648.96408,MW,DE,DE_LU,actual_onshore_wind_generation,Wind Onshore,2026-09-08T17:38:47Z
2026-09-08T17:32:30Z,2026-09-08T19:32:30+0200,84abc74b-3fe7-4981-9f51-d43de6842ea9,2026-09-04T06:00:00Z,2026-09-04T08:00:00+0200,29906.56968,MW,DE,DE_LU,actual_onshore_wind_generation,Wind Onshore,2026-09-08T17:38:47Z
2026-09-08T17:32:30Z,2026-09-08T19:32:30+0200,84abc74b-3fe7-4981-9f51-d43de6842ea9,2026-09-04T06:15:00Z,2026-09-04T08:15:00+0200,30387.51312,MW,DE,DE_LU,actual_onshore_wind_generation,Wind Onshore,2026-09-08T17:38:47Z
2026-09-08T17:32:30Z,2026-09-08T19:32:30+0200,84abc74b-3fe7-4981-9f51-d43de6842ea9,2026-09-04T06:30:00Z,2026-09-04T08:30:00+0200,30648.76627,MW,DE,DE_LU,actual_onshore_wind_generation,Wind Onshore,2026-09-08T17:38:47Z
2026-09-08T17:32:30Z,2026-09-08T19:32:30+0200,84abc74b-3fe7-4981-9f51-d43de6842ea9,2026-09-04T06:45:00Z,2026-09-04T08:45:00+0200,30515.68439,MW,DE,DE_LU,actual_onshore_wind_generation,Wind Onshore,2026-09-08T17:38:47Z
2026-09-08T17:32:30Z,2026-09-08T19:32:30+0200,84abc74b-3fe7-4981-9f51-d43de6842ea9,2026-09-04T07:00:00Z,2026-09-04T09:00:00+0200,31117.04722,MW,DE,DE_LU,actual_onshore_wind_generation,Wind Onshore,2026-09-08T17:38:47Z
2026-09-08T17:32:30Z,2026-09-08T19:32:30+0200,84abc74b-3fe7-4981-9f51-d43de6842ea9,2026-09-04T07:15:00Z,2026-09-04T09:15:00+0200,31772.03196,MW,DE,DE_LU,actual_onshore_wind_generation,Wind Onshore,2026-09-08T17:38:47Z
2026-09-08T17:32:30Z,2026-09-08T19:32:30+0200,84abc74b-3fe7-4981-9f51-d43de6842ea9,2026-09-04T07:30:00Z,2026-09-04T09:30:00+0200,32256.10655,MW,DE,DE_LU,actual_onshore_wind_generation,Wind Onshore,2026-09-08T17:38:47Z
2026-09-08T17:32:30Z,2026-09-08T19:32:30+0200,84abc74b-3fe7-4981-9f51-d43de6842ea9,2026-09-04T07:45:00Z,2026-09-04T09:45:00+0200,32328.61504,MW,DE,DE_LU,actual_onshore_wind_generation,Wind Onshore,2026-09-08T17:38:47Z
2026-09-08T17:32:30Z,2026-09-08T19:32:30+0200,84abc74b-3fe7-4981-9f51-d43de6842ea9,2026-09-04T08:00:00Z,2026-09-04T10:00:00+0200,32847.73378,MW,DE,DE_LU,actual_onshore_wind_generation,Wind Onshore,2026-09-08T17:38:47Z
2026-09-08T17:32:30Z,2026-09-08T19:32:30+0200,84abc74b-3fe7-4981-9f51-d43de6842ea9,2026-09-04T08:15:00Z,2026-09-04T10:15:00+0200,33772.91458,MW,DE,DE_LU,actual_onshore_wind_generation,Wind Onshore,2026-09-08T17:38:47Z
2026-09-08T17:32:30Z,2026-09-08T19:32:30+0200,84abc74b-3fe7-4981-9f51-d43de6842ea9,2026-09-04T08:30:00Z,2026-09-04T10:30:00+0200,34579.03443,MW,DE,DE_LU,actual_onshore_wind_generation,Wind Onshore,2026-09-08T17:38:47Z
2026-09-08T17:32:30Z,2026-09-08T19:32:30+0200,84abc74b-3fe7-4981-9f51-d43de6842ea9,2026-09-04T08:45:00Z,2026-09-04T10:45:00+0200,35262.26357,MW,DE,DE_LU,actual_onshore_wind_generation,Wind Onshore,2026-09-08T17:38:47Z
2026-09-08T17:32:30Z,2026-09-08T19:32:30+0200,84abc74b-3fe7-4981-9f51-d43de6842ea9,2026-09-04T09:00:00Z,2026-09-04T11:00:00+0200,35581.50212,MW,DE,DE_LU,actual_onshore_wind_generation,Wind Onshore,2026-09-08T17:38:47Z
2026-09-08T17:32:30Z,2026-09-08T19:32:30+0200,84abc74b-3fe7-4981-9f51-d43de6842ea9,2026-09-04T09:15:00Z,2026-09-04T11:15:00+0200,36069.8149,MW,DE,DE_LU,actual_onshore_wind_generation,Wind Onshore,2026-09-08T17:38:47Z
2026-09-08T17:32:30Z,2026-09-08T19:32:30+0200,84abc74b-3fe7-4981-9f51-d43de6842ea9,2026-09-04T09:30:00Z,2026-09-04T11:30:00+0200,36243.4233,MW,DE,DE_LU,actual_onshore_wind_generation,Wind Onshore,2026-09-08T17:38:47Z
2026-09-08T17:32:30Z,2026-09-08T19:32:30+0200,84abc74b-3fe7-4981-9f51-d43de6842ea9,2026-09-04T09:45:00Z,2026-09-04T11:45:00+0200,35444.16431,MW,DE,DE_LU,actual_onshore_wind_generation,Wind Onshore,2026-09-08T17:38:47Z
2026-09-08T17:32:30Z,2026-09-08T19:32:30+0200,84abc74b-3fe7-4981-9f51-d43de6842ea9,2026-09-04T10:00:00Z,2026-09-04T12:00:00+0200,33270.35542,MW,DE,DE_LU,actual_onshore_wind_generation,Wind Onshore,2026-09-08T17:38:47Z
2026-09-08T17:32:30Z,2026-09-08T19:32:30+0200,84abc74b-3fe7-4981-9f51-d43de6842ea9,2026-09-04T10:15:00Z,2026-09-04T12:15:00+0200,31915.70618,MW,DE,DE_LU,actual_onshore_wind_generation,Wind Onshore,2026-09-08T17:38:47Z
2026-09-08T17:32:30Z,2026-09-08T19:32:30+0200,84abc74b-3fe7-4981-9f51-d43de6842ea9,2026-09-04T10:30:00Z,2026-09-04T12:30:00+0200,31426.80222,MW,DE,DE_LU,actual_onshore_wind_generation,Wind Onshore,2026-09-08T17:38:47Z
2026-09-08T17:32:30Z,2026-09-08T19:32:30+0200,84abc74b-3fe7-4981-9f51-d43de6842ea9,2026-09-04T10:45:00Z,2026-09-04T12:45:00+0200,30843.38214,MW,DE,DE_LU,actual_onshore_wind_generation,Wind Onshore,2026-09-08T17:38:47Z
2026-09-08T17:32:30Z,2026-09-08T19:32:30+0200,84abc74b-3fe7-4981-9f51-d43de6842ea9,2026-09-04T11:00:00Z,2026-09-04T13:00:00+0200,30663.90899,MW,DE,DE_LU,actual_onshore_wind_generation,Wind Onshore,2026-09-08T17:38:47Z
2026-09-08T17:32:30Z,2026-09-08T19:32:30+0200,84abc74b-3fe7-4981-9f51-d43de6842ea9,2026-09-04T11:15:00Z,2026-09-04T13:15:00+0200,29911.35814,MW,DE,DE_LU,actual_onshore_wind_generation,Wind Onshore,2026-09-08T17:38:47Z
2026-09-08T17:32:30Z,2026-09-08T19:32:30+0200,84abc74b-3fe7-4981-9f51-d43de6842ea9,2026-09-04T11:30:00Z,2026-09-04T13:30:00+0200,29694.05668,MW,DE,DE_LU,actual_onshore_wind_generation,Wind Onshore,2026-09-08T17:38:47Z
2026-09-08T17:32:30Z,2026-09-08T19:32:30+0200,84abc74b-3fe7-4981-9f51-d43de6842ea9,2026-09-04T11:45:00Z,2026-09-04T13:45:00+0200,28997.78301,MW,DE,DE_LU,actual_onshore_wind_generation,Wind Onshore,2026-09-08T17:38:47Z
2026-09-08T17:32:30Z,2026-09-08T19:32:30+0200,84abc74b-3fe7-4981-9f51-d43de6842ea9,2026-09-04T12:00:00Z,2026-09-04T14:00:00+0200,27730.0171,MW,DE,DE_LU,actual_onshore_wind_generation,Wind Onshore,2026-09-08T17:38:47Z
2026-09-08T17:32:30Z,2026-09-08T19:32:30+0200,84abc74b-3fe7-4981-9f51-d43de6842ea9,2026-09-04T12:15:00Z,2026-09-04T14:15:00+0200,27693.16227,MW,DE,DE_LU,actual_onshore_wind_generation,Wind Onshore,2026-09-08T17:38:47Z
2026-09-08T17:32:30Z,2026-09-08T19:32:30+0200,84abc74b-3fe7-4981-9f51-d43de6842ea9,2026-09-04T12:30:00Z,2026-09-04T14:30:00+0200,27710.3796,MW,DE,DE_LU,actual_onshore_wind_generation,Wind Onshore,2026-09-08T17:38:47Z
2026-09-08T17:32:30Z,2026-09-08T19:32:30+0200,84abc74b-3fe7-4981-9f51-d43de6842ea9,2026-09-04T12:45:00Z,2026-09-04T14:45:00+0200,27727.00179,MW,DE,DE_LU,actual_onshore_wind_generation,Wind Onshore,2026-09-08T17:38:47Z
2026-09-08T17:32:30Z,2026-09-08T19:32:30+0200,84abc74b-3fe7-4981-9f51-d43de6842ea9,2026-09-04T13:00:00Z,2026-09-04T15:00:00+0200,28208.14858,MW,DE,DE_LU,actual_onshore_wind_generation,Wind Onshore,2026-09-08T17:38:47Z
2026-09-08T17:32:30Z,2026-09-08T19:32:30+0200,84abc74b-3fe7-4981-9f51-d43de6842ea9,2026-09-04T13:15:00Z,2026-09-04T15:15:00+0200,28946.94739,MW,DE,DE_LU,actual_onshore_wind_generation,Wind Onshore,2026-09-08T17:38:47Z
2026-09-08T17:32:30Z,2026-09-08T19:32:30+0200,84abc74b-3fe7-4981-9f51-d43de6842ea9,2026-09-04T13:30:00Z,2026-09-04T15:30:00+0200,29727.72016,MW,DE,DE_LU,actual_onshore_wind_generation,Wind Onshore,2026-09-08T17:38:47Z
2026-09-08T17:32:30Z,2026-09-08T19:32:30+0200,84abc74b-3fe7-4981-9f51-d43de6842ea9,2026-09-04T13:45:00Z,2026-09-04T15:45:00+0200,30983.66768,MW,DE,DE_LU,actual_onshore_wind_generation,Wind Onshore,2026-09-08T17:38:47Z
2026-09-08T17:32:30Z,2026-09-08T19:32:30+0200,84abc74b-3fe7-4981-9f51-d43de6842ea9,2026-09-04T14:00:00Z,2026-09-04T16:00:00+0200,31977.36695,MW,DE,DE_LU,actual_onshore_wind_generation,Wind Onshore,2026-09-08T17:38:47Z
2026-09-08T17:32:30Z,2026-09-08T19:32:30+0200,84abc74b-3fe7-4981-9f51-d43de6842ea9,2026-09-04T14:15:00Z,2026-09-04T16:15:00+0200,33362.58776,MW,DE,DE_LU,actual_onshore_wind_generation,Wind Onshore,2026-09-08T17:38:47Z
2026-09-08T17:32:30Z,2026-09-08T19:32:30+0200,84abc74b-3fe7-4981-9f51-d43de6842ea9,2026-09-04T14:30:00Z,2026-09-04T16:30:00+0200,34768.59788,MW,DE,DE_LU,actual_onshore_wind_generation,Wind Onshore,2026-09-08T17:38:47Z
2026-09-08T17:32:30Z,2026-09-08T19:32:30+0200,84abc74b-3fe7-4981-9f51-d43de6842ea9,2026-09-04T14:45:00Z,2026-09-04T16:45:00+0200,35759.3235,MW,DE,DE_LU,actual_onshore_wind_generation,Wind Onshore,2026-09-08T17:38:47Z
2026-09-08T17:32:30Z,2026-09-08T19:32:30+0200,84abc74b-3fe7-4981-9f51-d43de6842ea9,2026-09-04T15:00:00Z,2026-09-04T17:00:00+0200,36007.17653,MW,DE,DE_LU,actual_onshore_wind_generation,Wind Onshore,2026-09-08T17:38:47Z
2026-09-08T17:32:30Z,2026-09-08T19:32:30+0200,84abc74b-3fe7-4981-9f51-d43de6842ea9,2026-09-04T15:15:00Z,2026-09-04T17:15:00+0200,37782.6488,MW,DE,DE_LU,actual_onshore_wind_generation,Wind Onshore,2026-09-08T17:38:47Z
2026-09-08T17:32:30Z,2026-09-08T19:32:30+0200,84abc74b-3fe7-4981-9f51-d43de6842ea9,2026-09-04T15:30:00Z,2026-09-04T17:30:00+0200,38087.04821,MW,DE,DE_LU,actual_onshore_wind_generation,Wind Onshore,2026-09-08T17:38:47Z
2026-09-08T17:32:30Z,2026-09-08T19:32:30+0200,84abc74b-3fe7-4981-9f51-d43de6842ea9,2026-09-04T15:45:00Z,2026-09-04T17:45:00+0200,40017.25306,MW,DE,DE_LU,actual_onshore_wind_generation,Wind Onshore,2026-09-08T17:38:47Z
2026-09-08T17:32:30Z,2026-09-08T19:32:30+0200,84abc74b-3fe7-4981-9f51-d43de6842ea9,2026-09-04T16:00:00Z,2026-09-04T18:00:00+0200,40736.76256,MW,DE,DE_LU,actual_onshore_wind_generation,Wind Onshore,2026-09-08T17:38:47Z
2026-09-08T17:32:30Z,2026-09-08T19:32:30+0200,84abc74b-3fe7-4981-9f51-d43de6842ea9,2026-09-04T16:15:00Z,2026-09-04T18:15:00+0200,41864.44071,MW,DE,DE_LU,actual_onshore_wind_generation,Wind Onshore,2026-09-08T17:38:47Z
2026-09-08T17:32:30Z,2026-09-08T19:32:30+0200,84abc74b-3fe7-4981-9f51-d43de6842ea9,2026-09-04T16:30:00Z,2026-09-04T18:30:00+0200,41500.87019,MW,DE,DE_LU,actual_onshore_wind_generation,Wind Onshore,2026-09-08T17:38:47Z
2026-09-08T17:32:30Z,2026-09-08T19:32:30+0200,84abc74b-3fe7-4981-9f51-d43de6842ea9,2026-09-04T16:45:00Z,2026-09-04T18:45:00+0200,40837.15035,MW,DE,DE_LU,actual_onshore_wind_generation,Wind Onshore,2026-09-08T17:38:47Z
2026-09-08T17:32:30Z,2026-09-08T19:32:30+0200,84abc74b-3fe7-4981-9f51-d43de6842ea9,2026-09-04T17:00:00Z,2026-09-04T19:00:00+0200,39580.01031,MW,DE,DE_LU,actual_onshore_wind_generation,Wind Onshore,2026-09-08T17:38:47Z
2026-09-08T17:32:30Z,2026-09-08T19:32:30+0200,84abc74b-3fe7-4981-9f51-d43de6842ea9,2026-09-04T17:15:00Z,2026-09-04T19:15:00+0200,38321.87188,MW,DE,DE_LU,actual_onshore_wind_generation,Wind Onshore,2026-09-08T17:38:47Z
2026-09-08T17:32:30Z,2026-09-08T19:32:30+0200,84abc74b-3fe7-4981-9f51-d43de6842ea9,2026-09-04T17:30:00Z,2026-09-04T19:30:00+0200,37586.41988,MW,DE,DE_LU,actual_onshore_wind_generation,Wind Onshore,2026-09-08T17:38:47Z
2026-09-08T17:32:30Z,2026-09-08T19:32:30+0200,84abc74b-3fe7-4981-9f51-d43de6842ea9,2026-09-04T17:45:00Z,2026-09-04T19:45:00+0200,37488.22574,MW,DE,DE_LU,actual_onshore_wind_generation,Wind Onshore,2026-09-08T17:38:47Z
2026-09-08T17:32:30Z,2026-09-08T19:32:30+0200,84abc74b-3fe7-4981-9f51-d43de6842ea9,2026-09-04T18:00:00Z,2026-09-04T20:00:00+0200,37075.7072,MW,DE,DE_LU,actual_onshore_wind_generation,Wind Onshore,2026-09-08T17:38:47Z
2026-09-08T17:32:30Z,2026-09-08T19:32:30+0200,84abc74b-3fe7-4981-9f51-d43de6842ea9,2026-09-04T18:15:00Z,2026-09-04T20:15:00+0200,36479.2028,MW,DE,DE_LU,actual_onshore_wind_generation,Wind Onshore,2026-09-08T17:38:47Z
2026-09-08T17:32:30Z,2026-09-08T19:32:30+0200,84abc74b-3fe7-4981-9f51-d43de6842ea9,2026-09-04T18:30:00Z,2026-09-04T20:30:00+0200,36603.88375,MW,DE,DE_LU,actual_onshore_wind_generation,Wind Onshore,2026-09-08T17:38:47Z
2026-09-08T17:32:30Z,2026-09-08T19:32:30+0200,84abc74b-3fe7-4981-9f51-d43de6842ea9,2026-09-04T18:45:00Z,2026-09-04T20:45:00+0200,36492.06932,MW,DE,DE_LU,actual_onshore_wind_generation,Wind Onshore,2026-09-08T17:38:47Z
2026-09-08T17:32:30Z,2026-09-08T19:32:30+0200,84abc74b-3fe7-4981-9f51-d43de6842ea9,2026-09-04T19:00:00Z,2026-09-04T21:00:00+0200,35376.68414,MW,DE,DE_LU,actual_onshore_wind_generation,Wind Onshore,2026-09-08T17:38:47Z
2026-09-08T17:32:30Z,2026-09-08T19:32:30+0200,84abc74b-3fe7-4981-9f51-d43de6842ea9,2026-09-04T19:15:00Z,2026-09-04T21:15:00+0200,34825.0743,MW,DE,DE_LU,actual_onshore_wind_generation,Wind Onshore,2026-09-08T17:38:47Z
2026-09-08T17:32:30Z,2026-09-08T19:32:30+0200,84abc74b-3fe7-4981-9f51-d43de6842ea9,2026-09-04T19:30:00Z,2026-09-04T21:30:00+0200,34616.3503,MW,DE,DE_LU,actual_onshore_wind_generation,Wind Onshore,2026-09-08T17:38:47Z
2026-09-08T17:32:30Z,2026-09-08T19:32:30+0200,84abc74b-3fe7-4981-9f51-d43de6842ea9,2026-09-04T19:45:00Z,2026-09-04T21:45:00+0200,34526.47158,MW,DE,DE_LU,actual_onshore_wind_generation,Wind Onshore,2026-09-08T17:38:47Z
2026-09-08T17:32:30Z,2026-09-08T19:32:30+0200,84abc74b-3fe7-4981-9f51-d43de6842ea9,2026-09-04T20:00:00Z,2026-09-04T22:00:00+0200,33193.06832,MW,DE,DE_LU,actual_onshore_wind_generation,Wind Onshore,2026-09-08T17:38:47Z
2026-09-08T17:32:30Z,2026-09-08T19:32:30+0200,84abc74b-3fe7-4981-9f51-d43de6842ea9,2026-09-04T20:15:00Z,2026-09-04T22:15:00+0200,32924.48094,MW,DE,DE_LU,actual_onshore_wind_generation,Wind Onshore,2026-09-08T17:38:47Z
2026-09-08T17:32:30Z,2026-09-08T19:32:30+0200,84abc74b-3fe7-4981-9f51-d43de6842ea9,2026-09-04T20:30:00Z,2026-09-04T22:30:00+0200,32444.45246,MW,DE,DE_LU,actual_onshore_wind_generation,Wind Onshore,2026-09-08T17:38:47Z
2026-09-08T17:32:30Z,2026-09-08T19:32:30+0200,84abc74b-3fe7-4981-9f51-d43de6842ea9,2026-09-04T20:45:00Z,2026-09-04T22:45:00+0200,32436.11264,MW,DE,DE_LU,actual_onshore_wind_generation,Wind Onshore,2026-09-08T17:38:47Z
2026-09-08T17:32:30Z,2026-09-08T19:32:30+0200,84abc74b-3fe7-4981-9f51-d43de6842ea9,2026-09-04T21:00:00Z,2026-09-04T23:00:00+0200,32579.2278,MW,DE,DE_LU,actual_onshore_wind_generation,Wind Onshore,2026-09-08T17:38:47Z
2026-09-08T17:32:30Z,2026-09-08T19:32:30+0200,84abc74b-3fe7-4981-9f51-d43de6842ea9,2026-09-04T21:15:00Z,2026-09-04T23:15:00+0200,32486.50736,MW,DE,DE_LU,actual_onshore_wind_generation,Wind Onshore,2026-09-08T17:38:47Z
2026-09-08T17:32:30Z,2026-09-08T19:32:30+0200,84abc74b-3fe7-4981-9f51-d43de6842ea9,2026-09-04T21:30:00Z,2026-09-04T23:30:00+0200,32165.58801,MW,DE,DE_LU,actual_onshore_wind_generation,Wind Onshore,2026-09-08T17:38:47Z
2026-09-08T17:32:30Z,2026-09-08T19:32:30+0200,84abc74b-3fe7-4981-9f51-d43de6842ea9,2026-09-04T21:45:00Z,2026-09-04T23:45:00+0200,31921.77902,MW,DE,DE_LU,actual_onshore_wind_generation,Wind Onshore,2026-09-08T17:38:47Z
2026-09-08T17:32:30Z,2026-09-08T19:32:30+0200,84abc74b-3fe7-4981-9f51-d43de6842ea9,2026-09-04T22:00:00Z,2026-09-05T00:00:00+0200,31475.36732,MW,DE,DE_LU,actual_onshore_wind_generation,Wind Onshore,2026-09-08T17:38:47Z
2026-09-08T17:32:30Z,2026-09-08T19:32:30+0200,84abc74b-3fe7-4981-9f51-d43de6842ea9,2026-09-04T22:15:00Z,2026-09-05T00:15:00+0200,30784.74754,MW,DE,DE_LU,actual_onshore_wind_generation,Wind Onshore,2026-09-08T17:38:47Z
2026-09-08T17:32:30Z,2026-09-08T19:32:30+0200,84abc74b-3fe7-4981-9f51-d43de6842ea9,2026-09-04T22:30:00Z,2026-09-05T00:30:00+0200,30051.27247,MW,DE,DE_LU,actual_onshore_wind_generation,Wind Onshore,2026-09-08T17:38:47Z
2026-09-08T17:32:30Z,2026-09-08T19:32:30+0200,84abc74b-3fe7-4981-9f51-d43de6842ea9,2026-09-04T22:45:00Z,2026-09-05T00:45:00+0200,29500.58029,MW,DE,DE_LU,actual_onshore_wind_generation,Wind Onshore,2026-09-08T17:38:47Z
2026-09-08T17:32:30Z,2026-09-08T19:32:30+0200,84abc74b-3fe7-4981-9f51-d43de6842ea9,2026-09-04T23:00:00Z,2026-09-05T01:00:00+0200,29422.33606,MW,DE,DE_LU,actual_onshore_wind_generation,Wind Onshore,2026-09-08T17:38:47Z
2026-09-08T17:32:30Z,2026-09-08T19:32:30+0200,84abc74b-3fe7-4981-9f51-d43de6842ea9,2026-09-04T23:15:00Z,2026-09-05T01:15:00+0200,28932.03821,MW,DE,DE_LU,actual_onshore_wind_generation,Wind Onshore,2026-09-08T17:38:47Z
2026-09-08T17:32:30Z,2026-09-08T19:32:30+0200,84abc74b-3fe7-4981-9f51-d43de6842ea9,2026-09-04T23:30:00Z,2026-09-05T01:30:00+0200,28029.76629,MW,DE,DE_LU,actual_onshore_wind_generation,Wind Onshore,2026-09-08T17:38:47Z
2026-09-08T17:32:30Z,2026-09-08T19:32:30+0200,84abc74b-3fe7-4981-9f51-d43de6842ea9,2026-09-04T23:45:00Z,2026-09-05T01:45:00+0200,27710.37318,MW,DE,DE_LU,actual_onshore_wind_generation,Wind Onshore,2026-09-08T17:38:47Z
2026-09-08T17:32:30Z,2026-09-08T19:32:30+0200,84abc74b-3fe7-4981-9f51-d43de6842ea9,2026-09-05T00:00:00Z,2026-09-05T02:00:00+0200,27192.87574,MW,DE,DE_LU,actual_onshore_wind_generation,Wind Onshore,2026-09-08T17:38:47Z
2026-09-08T17:32:30Z,2026-09-08T19:32:30+0200,84abc74b-3fe7-4981-9f51-d43de6842ea9,2026-09-05T00:15:00Z,2026-09-05T02:15:00+0200,26931.3732,MW,DE,DE_LU,actual_onshore_wind_generation,Wind Onshore,2026-09-08T17:38:47Z
2026-09-08T17:32:30Z,2026-09-08T19:32:30+0200,84abc74b-3fe7-4981-9f51-d43de6842ea9,2026-09-05T00:30:00Z,2026-09-05T02:30:00+0200,26810.91957,MW,DE,DE_LU,actual_onshore_wind_generation,Wind Onshore,2026-09-08T17:38:47Z
2026-09-08T17:32:30Z,2026-09-08T19:32:30+0200,84abc74b-3fe7-4981-9f51-d43de6842ea9,2026-09-05T00:45:00Z,2026-09-05T02:45:00+0200,26742.49968,MW,DE,DE_LU,actual_onshore_wind_generation,Wind Onshore,2026-09-08T17:38:47Z
2026-09-08T17:32:30Z,2026-09-08T19:32:30+0200,84abc74b-3fe7-4981-9f51-d43de6842ea9,2026-09-05T01:00:00Z,2026-09-05T03:00:00+0200,26477.00675,MW,DE,DE_LU,actual_onshore_wind_generation,Wind Onshore,2026-09-08T17:38:47Z
2026-09-08T17:32:30Z,2026-09-08T19:32:30+0200,84abc74b-3fe7-4981-9f51-d43de6842ea9,2026-09-05T01:15:00Z,2026-09-05T03:15:00+0200,26271.63638,MW,DE,DE_LU,actual_onshore_wind_generation,Wind Onshore,2026-09-08T17:38:47Z
2026-09-08T17:32:30Z,2026-09-08T19:32:30+0200,84abc74b-3fe7-4981-9f51-d43de6842ea9,2026-09-05T01:30:00Z,2026-09-05T03:30:00+0200,26254.09543,MW,DE,DE_LU,actual_onshore_wind_generation,Wind Onshore,2026-09-08T17:38:47Z
2026-09-08T17:32:30Z,2026-09-08T19:32:30+0200,84abc74b-3fe7-4981-9f51-d43de6842ea9,2026-09-05T01:45:00Z,2026-09-05T03:45:00+0200,26044.80365,MW,DE,DE_LU,actual_onshore_wind_generation,Wind Onshore,2026-09-08T17:38:47Z
2026-09-08T17:32:30Z,2026-09-08T19:32:30+0200,84abc74b-3fe7-4981-9f51-d43de6842ea9,2026-09-05T02:00:00Z,2026-09-05T04:00:00+0200,26195.3103,MW,DE,DE_LU,actual_onshore_wind_generation,Wind Onshore,2026-09-08T17:38:47Z
2026-09-08T17:32:30Z,2026-09-08T19:32:30+0200,84abc74b-3fe7-4981-9f51-d43de6842ea9,2026-09-05T02:15:00Z,2026-09-05T04:15:00+0200,26173.79651,MW,DE,DE_LU,actual_onshore_wind_generation,Wind Onshore,2026-09-08T17:38:47Z
2026-09-08T17:32:30Z,2026-09-08T19:32:30+0200,84abc74b-3fe7-4981-9f51-d43de6842ea9,2026-09-05T02:30:00Z,2026-09-05T04:30:00+0200,26055.51329,MW,DE,DE_LU,actual_onshore_wind_generation,Wind Onshore,2026-09-08T17:38:47Z
2026-09-08T17:32:30Z,2026-09-08T19:32:30+0200,84abc74b-3fe7-4981-9f51-d43de6842ea9,2026-09-05T02:45:00Z,2026-09-05T04:45:00+0200,26299.29768,MW,DE,DE_LU,actual_onshore_wind_generation,Wind Onshore,2026-09-08T17:38:47Z
2026-09-08T17:32:30Z,2026-09-08T19:32:30+0200,84abc74b-3fe7-4981-9f51-d43de6842ea9,2026-09-05T03:00:00Z,2026-09-05T05:00:00+0200,26528.1438,MW,DE,DE_LU,actual_onshore_wind_generation,Wind Onshore,2026-09-08T17:38:47Z
2026-09-08T17:32:30Z,2026-09-08T19:32:30+0200,84abc74b-3fe7-4981-9f51-d43de6842ea9,2026-09-05T03:15:00Z,2026-09-05T05:15:00+0200,26385.23117,MW,DE,DE_LU,actual_onshore_wind_generation,Wind Onshore,2026-09-08T17:38:47Z
2026-09-08T17:32:30Z,2026-09-08T19:32:30+0200,84abc74b-3fe7-4981-9f51-d43de6842ea9,2026-09-05T03:30:00Z,2026-09-05T05:30:00+0200,26164.70458,MW,DE,DE_LU,actual_onshore_wind_generation,Wind Onshore,2026-09-08T17:38:47Z
2026-09-08T17:32:30Z,2026-09-08T19:32:30+0200,84abc74b-3fe7-4981-9f51-d43de6842ea9,2026-09-05T03:45:00Z,2026-09-05T05:45:00+0200,26092.10876,MW,DE,DE_LU,actual_onshore_wind_generation,Wind Onshore,2026-09-08T17:38:47Z
2026-09-08T17:32:30Z,2026-09-08T19:32:30+0200,84abc74b-3fe7-4981-9f51-d43de6842ea9,2026-09-05T04:00:00Z,2026-09-05T06:00:00+0200,27136.38867,MW,DE,DE_LU,actual_onshore_wind_generation,Wind Onshore,2026-09-08T17:38:47Z
2026-09-08T17:32:30Z,2026-09-08T19:32:30+0200,84abc74b-3fe7-4981-9f51-d43de6842ea9,2026-09-05T04:15:00Z,2026-09-05T06:15:00+0200,27207.1558,MW,DE,DE_LU,actual_onshore_wind_generation,Wind Onshore,2026-09-08T17:38:47Z
2026-09-08T17:32:30Z,2026-09-08T19:32:30+0200,84abc74b-3fe7-4981-9f51-d43de6842ea9,2026-09-05T04:30:00Z,2026-09-05T06:30:00+0200,27087.56469,MW,DE,DE_LU,actual_onshore_wind_generation,Wind Onshore,2026-09-08T17:38:47Z
2026-09-08T17:32:30Z,2026-09-08T19:32:30+0200,84abc74b-3fe7-4981-9f51-d43de6842ea9,2026-09-05T04:45:00Z,2026-09-05T06:45:00+0200,27231.76491,MW,DE,DE_LU,actual_onshore_wind_generation,Wind Onshore,2026-09-08T17:38:47Z
2026-09-08T17:32:30Z,2026-09-08T19:32:30+0200,84abc74b-3fe7-4981-9f51-d43de6842ea9,2026-09-05T05:00:00Z,2026-09-05T07:00:00+0200,26086.31827,MW,DE,DE_LU,actual_onshore_wind_generation,Wind Onshore,2026-09-08T17:38:47Z
2026-09-08T17:32:30Z,2026-09-08T19:32:30+0200,84abc74b-3fe7-4981-9f51-d43de6842ea9,2026-09-05T05:15:00Z,2026-09-05T07:15:00+0200,24772.07023,MW,DE,DE_LU,actual_onshore_wind_generation,Wind Onshore,2026-09-08T17:38:47Z
2026-09-08T17:32:30Z,2026-09-08T19:32:30+0200,84abc74b-3fe7-4981-9f51-d43de6842ea9,2026-09-05T05:30:00Z,2026-09-05T07:30:00+0200,24346.23445,MW,DE,DE_LU,actual_onshore_wind_generation,Wind Onshore,2026-09-08T17:38:47Z
2026-09-08T17:32:30Z,2026-09-08T19:32:30+0200,84abc74b-3fe7-4981-9f51-d43de6842ea9,2026-09-05T05:45:00Z,2026-09-05T07:45:00+0200,23799.38352,MW,DE,DE_LU,actual_onshore_wind_generation,Wind Onshore,2026-09-08T17:38:47Z
2026-09-08T17:32:30Z,2026-09-08T19:32:30+0200,84abc74b-3fe7-4981-9f51-d43de6842ea9,2026-09-05T06:00:00Z,2026-09-05T08:00:00+0200,23765.62125,MW,DE,DE_LU,actual_onshore_wind_generation,Wind Onshore,2026-09-08T17:38:47Z
2026-09-08T17:32:30Z,2026-09-08T19:32:30+0200,84abc74b-3fe7-4981-9f51-d43de6842ea9,2026-09-05T06:15:00Z,2026-09-05T08:15:00+0200,24018.85376,MW,DE,DE_LU,actual_onshore_wind_generation,Wind Onshore,2026-09-08T17:38:47Z
2026-09-08T17:32:30Z,2026-09-08T19:32:30+0200,84abc74b-3fe7-4981-9f51-d43de6842ea9,2026-09-05T06:30:00Z,2026-09-05T08:30:00+0200,24094.69793,MW,DE,DE_LU,actual_onshore_wind_generation,Wind Onshore,2026-09-08T17:38:47Z
2026-09-08T17:32:30Z,2026-09-08T19:32:30+0200,84abc74b-3fe7-4981-9f51-d43de6842ea9,2026-09-05T06:45:00Z,2026-09-05T08:45:00+0200,23941.36051,MW,DE,DE_LU,actual_onshore_wind_generation,Wind Onshore,2026-09-08T17:38:47Z
2026-09-08T17:32:30Z,2026-09-08T19:32:30+0200,84abc74b-3fe7-4981-9f51-d43de6842ea9,2026-09-05T07:00:00Z,2026-09-05T09:00:00+0200,24043.52023,MW,DE,DE_LU,actual_onshore_wind_generation,Wind Onshore,2026-09-08T17:38:47Z
2026-09-08T17:32:30Z,2026-09-08T19:32:30+0200,84abc74b-3fe7-4981-9f51-d43de6842ea9,2026-09-05T07:15:00Z,2026-09-05T09:15:00+0200,24152.89529,MW,DE,DE_LU,actual_onshore_wind_generation,Wind Onshore,2026-09-08T17:38:47Z
2026-09-08T17:32:30Z,2026-09-08T19:32:30+0200,84abc74b-3fe7-4981-9f51-d43de6842ea9,2026-09-05T07:30:00Z,2026-09-05T09:30:00+0200,23875.44173,MW,DE,DE_LU,actual_onshore_wind_generation,Wind Onshore,2026-09-08T17:38:47Z
2026-09-08T17:32:30Z,2026-09-08T19:32:30+0200,84abc74b-3fe7-4981-9f51-d43de6842ea9,2026-09-05T07:45:00Z,2026-09-05T09:45:00+0200,23502.3159,MW,DE,DE_LU,actual_onshore_wind_generation,Wind Onshore,2026-09-08T17:38:47Z
2026-09-08T17:32:30Z,2026-09-08T19:32:30+0200,84abc74b-3fe7-4981-9f51-d43de6842ea9,2026-09-05T08:00:00Z,2026-09-05T10:00:00+0200,23351.88423,MW,DE,DE_LU,actual_onshore_wind_generation,Wind Onshore,2026-09-08T17:38:47Z
2026-09-08T17:32:30Z,2026-09-08T19:32:30+0200,84abc74b-3fe7-4981-9f51-d43de6842ea9,2026-09-05T08:15:00Z,2026-09-05T10:15:00+0200,22930.52901,MW,DE,DE_LU,actual_onshore_wind_generation,Wind Onshore,2026-09-08T17:38:47Z
2026-09-08T17:32:30Z,2026-09-08T19:32:30+0200,84abc74b-3fe7-4981-9f51-d43de6842ea9,2026-09-05T08:30:00Z,2026-09-05T10:30:00+0200,22338.37308,MW,DE,DE_LU,actual_onshore_wind_generation,Wind Onshore,2026-09-08T17:38:47Z
2026-09-08T17:32:30Z,2026-09-08T19:32:30+0200,84abc74b-3fe7-4981-9f51-d43de6842ea9,2026-09-05T08:45:00Z,2026-09-05T10:45:00+0200,21732.06248,MW,DE,DE_LU,actual_onshore_wind_generation,Wind Onshore,2026-09-08T17:38:47Z
2026-09-08T17:32:30Z,2026-09-08T19:32:30+0200,84abc74b-3fe7-4981-9f51-d43de6842ea9,2026-09-05T09:00:00Z,2026-09-05T11:00:00+0200,22065.69362,MW,DE,DE_LU,actual_onshore_wind_generation,Wind Onshore,2026-09-08T17:38:47Z
2026-09-08T17:32:30Z,2026-09-08T19:32:30+0200,84abc74b-3fe7-4981-9f51-d43de6842ea9,2026-09-05T09:15:00Z,2026-09-05T11:15:00+0200,22112.47676,MW,DE,DE_LU,actual_onshore_wind_generation,Wind Onshore,2026-09-08T17:38:47Z
2026-09-08T17:32:30Z,2026-09-08T19:32:30+0200,84abc74b-3fe7-4981-9f51-d43de6842ea9,2026-09-05T09:30:00Z,2026-09-05T11:30:00+0200,21342.76723,MW,DE,DE_LU,actual_onshore_wind_generation,Wind Onshore,2026-09-08T17:38:47Z
2026-09-08T17:32:30Z,2026-09-08T19:32:30+0200,84abc74b-3fe7-4981-9f51-d43de6842ea9,2026-09-05T09:45:00Z,2026-09-05T11:45:00+0200,20629.05125,MW,DE,DE_LU,actual_onshore_wind_generation,Wind Onshore,2026-09-08T17:38:47Z
2026-09-08T17:32:30Z,2026-09-08T19:32:30+0200,84abc74b-3fe7-4981-9f51-d43de6842ea9,2026-09-05T10:00:00Z,2026-09-05T12:00:00+0200,18684.14605,MW,DE,DE_LU,actual_onshore_wind_generation,Wind Onshore,2026-09-08T17:38:47Z
2026-09-08T17:32:30Z,2026-09-08T19:32:30+0200,84abc74b-3fe7-4981-9f51-d43de6842ea9,2026-09-05T10:15:00Z,2026-09-05T12:15:00+0200,17384.37682,MW,DE,DE_LU,actual_onshore_wind_generation,Wind Onshore,2026-09-08T17:38:47Z
2026-09-08T17:32:30Z,2026-09-08T19:32:30+0200,84abc74b-3fe7-4981-9f51-d43de6842ea9,2026-09-05T10:30:00Z,2026-09-05T12:30:00+0200,17396.89951,MW,DE,DE_LU,actual_onshore_wind_generation,Wind Onshore,2026-09-08T17:38:47Z
2026-09-08T17:32:30Z,2026-09-08T19:32:30+0200,84abc74b-3fe7-4981-9f51-d43de6842ea9,2026-09-05T10:45:00Z,2026-09-05T12:45:00+0200,17162.99527,MW,DE,DE_LU,actual_onshore_wind_generation,Wind Onshore,2026-09-08T17:38:47Z
2026-09-08T17:32:30Z,2026-09-08T19:32:30+0200,84abc74b-3fe7-4981-9f51-d43de6842ea9,2026-09-05T11:00:00Z,2026-09-05T13:00:00+0200,17084.94363,MW,DE,DE_LU,actual_onshore_wind_generation,Wind Onshore,2026-09-08T17:38:47Z
2026-09-08T17:32:30Z,2026-09-08T19:32:30+0200,84abc74b-3fe7-4981-9f51-d43de6842ea9,2026-09-05T11:15:00Z,2026-09-05T13:15:00+0200,16880.27036,MW,DE,DE_LU,actual_onshore_wind_generation,Wind Onshore,2026-09-08T17:38:47Z
2026-09-08T17:32:30Z,2026-09-08T19:32:30+0200,84abc74b-3fe7-4981-9f51-d43de6842ea9,2026-09-05T11:30:00Z,2026-09-05T13:30:00+0200,17128.01802,MW,DE,DE_LU,actual_onshore_wind_generation,Wind Onshore,2026-09-08T17:38:47Z
2026-09-08T17:32:30Z,2026-09-08T19:32:30+0200,84abc74b-3fe7-4981-9f51-d43de6842ea9,2026-09-05T11:45:00Z,2026-09-05T13:45:00+0200,17494.14556,MW,DE,DE_LU,actual_onshore_wind_generation,Wind Onshore,2026-09-08T17:38:47Z
2026-09-08T17:32:30Z,2026-09-08T19:32:30+0200,84abc74b-3fe7-4981-9f51-d43de6842ea9,2026-09-05T12:00:00Z,2026-09-05T14:00:00+0200,16757.87668,MW,DE,DE_LU,actual_onshore_wind_generation,Wind Onshore,2026-09-08T17:38:47Z
2026-09-08T17:32:30Z,2026-09-08T19:32:30+0200,84abc74b-3fe7-4981-9f51-d43de6842ea9,2026-09-05T12:15:00Z,2026-09-05T14:15:00+0200,16863.1884,MW,DE,DE_LU,actual_onshore_wind_generation,Wind Onshore,2026-09-08T17:38:47Z
2026-09-08T17:32:30Z,2026-09-08T19:32:30+0200,84abc74b-3fe7-4981-9f51-d43de6842ea9,2026-09-05T12:30:00Z,2026-09-05T14:30:00+0200,17263.90875,MW,DE,DE_LU,actual_onshore_wind_generation,Wind Onshore,2026-09-08T17:38:47Z
2026-09-08T17:32:30Z,2026-09-08T19:32:30+0200,84abc74b-3fe7-4981-9f51-d43de6842ea9,2026-09-05T12:45:00Z,2026-09-05T14:45:00+0200,17226.35932,MW,DE,DE_LU,actual_onshore_wind_generation,Wind Onshore,2026-09-08T17:38:47Z
2026-09-08T17:32:30Z,2026-09-08T19:32:30+0200,84abc74b-3fe7-4981-9f51-d43de6842ea9,2026-09-05T13:00:00Z,2026-09-05T15:00:00+0200,17288.8421,MW,DE,DE_LU,actual_onshore_wind_generation,Wind Onshore,2026-09-08T17:38:47Z
2026-09-08T17:32:30Z,2026-09-08T19:32:30+0200,84abc74b-3fe7-4981-9f51-d43de6842ea9,2026-09-05T13:15:00Z,2026-09-05T15:15:00+0200,17173.19606,MW,DE,DE_LU,actual_onshore_wind_generation,Wind Onshore,2026-09-08T17:38:47Z
2026-09-08T17:32:30Z,2026-09-08T19:32:30+0200,84abc74b-3fe7-4981-9f51-d43de6842ea9,2026-09-05T13:30:00Z,2026-09-05T15:30:00+0200,17548.08262,MW,DE,DE_LU,actual_onshore_wind_generation,Wind Onshore,2026-09-08T17:38:47Z
2026-09-08T17:32:30Z,2026-09-08T19:32:30+0200,84abc74b-3fe7-4981-9f51-d43de6842ea9,2026-09-05T13:45:00Z,2026-09-05T15:45:00+0200,17748.59248,MW,DE,DE_LU,actual_onshore_wind_generation,Wind Onshore,2026-09-08T17:38:47Z
2026-09-08T17:32:30Z,2026-09-08T19:32:30+0200,84abc74b-3fe7-4981-9f51-d43de6842ea9,2026-09-05T14:00:00Z,2026-09-05T16:00:00+0200,20453.0323,MW,DE,DE_LU,actual_onshore_wind_generation,Wind Onshore,2026-09-08T17:38:47Z
2026-09-08T17:32:30Z,2026-09-08T19:32:30+0200,84abc74b-3fe7-4981-9f51-d43de6842ea9,2026-09-05T14:15:00Z,2026-09-05T16:15:00+0200,22767.06824,MW,DE,DE_LU,actual_onshore_wind_generation,Wind Onshore,2026-09-08T17:38:47Z
2026-09-08T17:32:30Z,2026-09-08T19:32:30+0200,84abc74b-3fe7-4981-9f51-d43de6842ea9,2026-09-05T14:30:00Z,2026-09-05T16:30:00+0200,23382.26274,MW,DE,DE_LU,actual_onshore_wind_generation,Wind Onshore,2026-09-08T17:38:47Z
2026-09-08T17:32:30Z,2026-09-08T19:32:30+0200,84abc74b-3fe7-4981-9f51-d43de6842ea9,2026-09-05T14:45:00Z,2026-09-05T16:45:00+0200,25710.95243,MW,DE,DE_LU,actual_onshore_wind_generation,Wind Onshore,2026-09-08T17:38:47Z
2026-09-08T17:32:30Z,2026-09-08T19:32:30+0200,84abc74b-3fe7-4981-9f51-d43de6842ea9,2026-09-05T15:00:00Z,2026-09-05T17:00:00+0200,29208.76363,MW,DE,DE_LU,actual_onshore_wind_generation,Wind Onshore,2026-09-08T17:38:47Z
2026-09-08T17:32:30Z,2026-09-08T19:32:30+0200,84abc74b-3fe7-4981-9f51-d43de6842ea9,2026-09-05T15:15:00Z,2026-09-05T17:15:00+0200,31215.91365,MW,DE,DE_LU,actual_onshore_wind_generation,Wind Onshore,2026-09-08T17:38:47Z
2026-09-08T17:32:30Z,2026-09-08T19:32:30+0200,84abc74b-3fe7-4981-9f51-d43de6842ea9,2026-09-05T15:30:00Z,2026-09-05T17:30:00+0200,32972.44586,MW,DE,DE_LU,actual_onshore_wind_generation,Wind Onshore,2026-09-08T17:38:47Z
2026-09-08T17:32:30Z,2026-09-08T19:32:30+0200,84abc74b-3fe7-4981-9f51-d43de6842ea9,2026-09-05T15:45:00Z,2026-09-05T17:45:00+0200,34565.59608,MW,DE,DE_LU,actual_onshore_wind_generation,Wind Onshore,2026-09-08T17:38:47Z
2026-09-08T17:32:30Z,2026-09-08T19:32:30+0200,84abc74b-3fe7-4981-9f51-d43de6842ea9,2026-09-05T16:00:00Z,2026-09-05T18:00:00+0200,34297.15811,MW,DE,DE_LU,actual_onshore_wind_generation,Wind Onshore,2026-09-08T17:38:47Z
2026-09-08T17:32:30Z,2026-09-08T19:32:30+0200,84abc74b-3fe7-4981-9f51-d43de6842ea9,2026-09-05T16:15:00Z,2026-09-05T18:15:00+0200,33422.31049,MW,DE,DE_LU,actual_onshore_wind_generation,Wind Onshore,2026-09-08T17:38:47Z
2026-09-08T17:32:30Z,2026-09-08T19:32:30+0200,84abc74b-3fe7-4981-9f51-d43de6842ea9,2026-09-05T16:30:00Z,2026-09-05T18:30:00+0200,32811.43889,MW,DE,DE_LU,actual_onshore_wind_generation,Wind Onshore,2026-09-08T17:38:47Z
2026-09-08T17:32:30Z,2026-09-08T19:32:30+0200,84abc74b-3fe7-4981-9f51-d43de6842ea9,2026-09-05T16:45:00Z,2026-09-05T18:45:00+0200,31352.46808,MW,DE,DE_LU,actual_onshore_wind_generation,Wind Onshore,2026-09-08T17:38:47Z
2026-09-08T17:32:30Z,2026-09-08T19:32:30+0200,84abc74b-3fe7-4981-9f51-d43de6842ea9,2026-09-05T17:00:00Z,2026-09-05T19:00:00+0200,29529.5067,MW,DE,DE_LU,actual_onshore_wind_generation,Wind Onshore,2026-09-08T17:38:47Z
2026-09-08T17:32:30Z,2026-09-08T19:32:30+0200,84abc74b-3fe7-4981-9f51-d43de6842ea9,2026-09-05T17:15:00Z,2026-09-05T19:15:00+0200,28258.05599,MW,DE,DE_LU,actual_onshore_wind_generation,Wind Onshore,2026-09-08T17:38:47Z
2026-09-08T17:32:30Z,2026-09-08T19:32:30+0200,84abc74b-3fe7-4981-9f51-d43de6842ea9,2026-09-05T17:30:00Z,2026-09-05T19:30:00+0200,27518.45713,MW,DE,DE_LU,actual_onshore_wind_generation,Wind Onshore,2026-09-08T17:38:47Z
2026-09-08T17:32:30Z,2026-09-08T19:32:30+0200,84abc74b-3fe7-4981-9f51-d43de6842ea9,2026-09-05T17:45:00Z,2026-09-05T19:45:00+0200,27492.26856,MW,DE,DE_LU,actual_onshore_wind_generation,Wind Onshore,2026-09-08T17:38:47Z
2026-09-08T17:32:30Z,2026-09-08T19:32:30+0200,84abc74b-3fe7-4981-9f51-d43de6842ea9,2026-09-05T18:00:00Z,2026-09-05T20:00:00+0200,26741.49178,MW,DE,DE_LU,actual_onshore_wind_generation,Wind Onshore,2026-09-08T17:38:47Z
2026-09-08T17:32:30Z,2026-09-08T19:32:30+0200,84abc74b-3fe7-4981-9f51-d43de6842ea9,2026-09-05T18:15:00Z,2026-09-05T20:15:00+0200,25988.81062,MW,DE,DE_LU,actual_onshore_wind_generation,Wind Onshore,2026-09-08T17:38:47Z
2026-09-08T17:32:30Z,2026-09-08T19:32:30+0200,84abc74b-3fe7-4981-9f51-d43de6842ea9,2026-09-05T18:30:00Z,2026-09-05T20:30:00+0200,25848.37117,MW,DE,DE_LU,actual_onshore_wind_generation,Wind Onshore,2026-09-08T17:38:47Z
2026-09-08T17:32:30Z,2026-09-08T19:32:30+0200,84abc74b-3fe7-4981-9f51-d43de6842ea9,2026-09-05T18:45:00Z,2026-09-05T20:45:00+0200,25835.40478,MW,DE,DE_LU,actual_onshore_wind_generation,Wind Onshore,2026-09-08T17:38:47Z
2026-09-08T17:32:30Z,2026-09-08T19:32:30+0200,84abc74b-3fe7-4981-9f51-d43de6842ea9,2026-09-05T19:00:00Z,2026-09-05T21:00:00+0200,25407.60375,MW,DE,DE_LU,actual_onshore_wind_generation,Wind Onshore,2026-09-08T17:38:47Z
2026-09-08T17:32:30Z,2026-09-08T19:32:30+0200,84abc74b-3fe7-4981-9f51-d43de6842ea9,2026-09-05T19:15:00Z,2026-09-05T21:15:00+0200,25345.28585,MW,DE,DE_LU,actual_onshore_wind_generation,Wind Onshore,2026-09-08T17:38:47Z
2026-09-08T17:32:30Z,2026-09-08T19:32:30+0200,84abc74b-3fe7-4981-9f51-d43de6842ea9,2026-09-05T19:30:00Z,2026-09-05T21:30:00+0200,25551.53433,MW,DE,DE_LU,actual_onshore_wind_generation,Wind Onshore,2026-09-08T17:38:47Z
2026-09-08T17:32:30Z,2026-09-08T19:32:30+0200,84abc74b-3fe7-4981-9f51-d43de6842ea9,2026-09-05T19:45:00Z,2026-09-05T21:45:00+0200,25481.7801,MW,DE,DE_LU,actual_onshore_wind_generation,Wind Onshore,2026-09-08T17:38:47Z
2026-09-08T17:32:30Z,2026-09-08T19:32:30+0200,84abc74b-3fe7-4981-9f51-d43de6842ea9,2026-09-05T20:00:00Z,2026-09-05T22:00:00+0200,24233.20202,MW,DE,DE_LU,actual_onshore_wind_generation,Wind Onshore,2026-09-08T17:38:47Z
2026-09-08T17:32:30Z,2026-09-08T19:32:30+0200,84abc74b-3fe7-4981-9f51-d43de6842ea9,2026-09-05T20:15:00Z,2026-09-05T22:15:00+0200,23904.01918,MW,DE,DE_LU,actual_onshore_wind_generation,Wind Onshore,2026-09-08T17:38:47Z
2026-09-08T17:32:30Z,2026-09-08T19:32:30+0200,84abc74b-3fe7-4981-9f51-d43de6842ea9,2026-09-05T20:30:00Z,2026-09-05T22:30:00+0200,23590.49162,MW,DE,DE_LU,actual_onshore_wind_generation,Wind Onshore,2026-09-08T17:38:47Z
2026-09-08T17:32:30Z,2026-09-08T19:32:30+0200,84abc74b-3fe7-4981-9f51-d43de6842ea9,2026-09-05T20:45:00Z,2026-09-05T22:45:00+0200,23402.63587,MW,DE,DE_LU,actual_onshore_wind_generation,Wind Onshore,2026-09-08T17:38:47Z
2026-09-08T17:32:30Z,2026-09-08T19:32:30+0200,84abc74b-3fe7-4981-9f51-d43de6842ea9,2026-09-05T21:00:00Z,2026-09-05T23:00:00+0200,23245.50566,MW,DE,DE_LU,actual_onshore_wind_generation,Wind Onshore,2026-09-08T17:38:47Z
2026-09-08T17:32:30Z,2026-09-08T19:32:30+0200,84abc74b-3fe7-4981-9f51-d43de6842ea9,2026-09-05T21:15:00Z,2026-09-05T23:15:00+0200,22946.04914,MW,DE,DE_LU,actual_onshore_wind_generation,Wind Onshore,2026-09-08T17:38:47Z
2026-09-08T17:32:30Z,2026-09-08T19:32:30+0200,84abc74b-3fe7-4981-9f51-d43de6842ea9,2026-09-05T21:30:00Z,2026-09-05T23:30:00+0200,22447.82427,MW,DE,DE_LU,actual_onshore_wind_generation,Wind Onshore,2026-09-08T17:38:47Z
2026-09-08T17:32:30Z,2026-09-08T19:32:30+0200,84abc74b-3fe7-4981-9f51-d43de6842ea9,2026-09-05T21:45:00Z,2026-09-05T23:45:00+0200,21799.11429,MW,DE,DE_LU,actual_onshore_wind_generation,Wind Onshore,2026-09-08T17:38:47Z
2026-09-08T17:32:30Z,2026-09-08T19:32:30+0200,84abc74b-3fe7-4981-9f51-d43de6842ea9,2026-09-05T22:00:00Z,2026-09-06T00:00:00+0200,21325.66127,MW,DE,DE_LU,actual_onshore_wind_generation,Wind Onshore,2026-09-08T17:38:47Z
2026-09-08T17:32:30Z,2026-09-08T19:32:30+0200,84abc74b-3fe7-4981-9f51-d43de6842ea9,2026-09-05T22:15:00Z,2026-09-06T00:15:00+0200,21233.855,MW,DE,DE_LU,actual_onshore_wind_generation,Wind Onshore,2026-09-08T17:38:47Z
2026-09-08T17:32:30Z,2026-09-08T19:32:30+0200,84abc74b-3fe7-4981-9f51-d43de6842ea9,2026-09-05T22:30:00Z,2026-09-06T00:30:00+0200,21097.9471,MW,DE,DE_LU,actual_onshore_wind_generation,Wind Onshore,2026-09-08T17:38:47Z
2026-09-08T17:32:30Z,2026-09-08T19:32:30+0200,84abc74b-3fe7-4981-9f51-d43de6842ea9,2026-09-05T22:45:00Z,2026-09-06T00:45:00+0200,20887.7835,MW,DE,DE_LU,actual_onshore_wind_generation,Wind Onshore,2026-09-08T17:38:47Z
2026-09-08T17:32:30Z,2026-09-08T19:32:30+0200,84abc74b-3fe7-4981-9f51-d43de6842ea9,2026-09-05T23:00:00Z,2026-09-06T01:00:00+0200,20889.5432,MW,DE,DE_LU,actual_onshore_wind_generation,Wind Onshore,2026-09-08T17:38:47Z
2026-09-08T17:32:30Z,2026-09-08T19:32:30+0200,84abc74b-3fe7-4981-9f51-d43de6842ea9,2026-09-05T23:15:00Z,2026-09-06T01:15:00+0200,20707.02818,MW,DE,DE_LU,actual_onshore_wind_generation,Wind Onshore,2026-09-08T17:38:47Z
2026-09-08T17:32:30Z,2026-09-08T19:32:30+0200,84abc74b-3fe7-4981-9f51-d43de6842ea9,2026-09-05T23:30:00Z,2026-09-06T01:30:00+0200,20616.4725,MW,DE,DE_LU,actual_onshore_wind_generation,Wind Onshore,2026-09-08T17:38:47Z
2026-09-08T17:32:30Z,2026-09-08T19:32:30+0200,84abc74b-3fe7-4981-9f51-d43de6842ea9,2026-09-05T23:45:00Z,2026-09-06T01:45:00+0200,20400.63005,MW,DE,DE_LU,actual_onshore_wind_generation,Wind Onshore,2026-09-08T17:38:47Z
2026-09-08T17:32:30Z,2026-09-08T19:32:30+0200,84abc74b-3fe7-4981-9f51-d43de6842ea9,2026-09-06T00:00:00Z,2026-09-06T02:00:00+0200,20221.5618,MW,DE,DE_LU,actual_onshore_wind_generation,Wind Onshore,2026-09-08T17:38:47Z
2026-09-08T17:32:30Z,2026-09-08T19:32:30+0200,84abc74b-3fe7-4981-9f51-d43de6842ea9,2026-09-06T00:15:00Z,2026-09-06T02:15:00+0200,19803.85675,MW,DE,DE_LU,actual_onshore_wind_generation,Wind Onshore,2026-09-08T17:38:47Z
2026-09-08T17:32:30Z,2026-09-08T19:32:30+0200,84abc74b-3fe7-4981-9f51-d43de6842ea9,2026-09-06T00:30:00Z,2026-09-06T02:30:00+0200,19356.16629,MW,DE,DE_LU,actual_onshore_wind_generation,Wind Onshore,2026-09-08T17:38:47Z
2026-09-08T17:32:30Z,2026-09-08T19:32:30+0200,84abc74b-3fe7-4981-9f51-d43de6842ea9,2026-09-06T00:45:00Z,2026-09-06T02:45:00+0200,18981.07931,MW,DE,DE_LU,actual_onshore_wind_generation,Wind Onshore,2026-09-08T17:38:47Z
2026-09-08T17:32:30Z,2026-09-08T19:32:30+0200,84abc74b-3fe7-4981-9f51-d43de6842ea9,2026-09-06T01:00:00Z,2026-09-06T03:00:00+0200,18785.84121,MW,DE,DE_LU,actual_onshore_wind_generation,Wind Onshore,2026-09-08T17:38:47Z
2026-09-08T17:32:30Z,2026-09-08T19:32:30+0200,84abc74b-3fe7-4981-9f51-d43de6842ea9,2026-09-06T01:15:00Z,2026-09-06T03:15:00+0200,18715.46045,MW,DE,DE_LU,actual_onshore_wind_generation,Wind Onshore,2026-09-08T17:38:47Z
2026-09-08T17:32:30Z,2026-09-08T19:32:30+0200,84abc74b-3fe7-4981-9f51-d43de6842ea9,2026-09-06T01:30:00Z,2026-09-06T03:30:00+0200,18504.01383,MW,DE,DE_LU,actual_onshore_wind_generation,Wind Onshore,2026-09-08T17:38:47Z
2026-09-08T17:32:30Z,2026-09-08T19:32:30+0200,84abc74b-3fe7-4981-9f51-d43de6842ea9,2026-09-06T01:45:00Z,2026-09-06T03:45:00+0200,18155.37869,MW,DE,DE_LU,actual_onshore_wind_generation,Wind Onshore,2026-09-08T17:38:47Z
2026-09-08T17:32:30Z,2026-09-08T19:32:30+0200,84abc74b-3fe7-4981-9f51-d43de6842ea9,2026-09-06T02:00:00Z,2026-09-06T04:00:00+0200,17608.39845,MW,DE,DE_LU,actual_onshore_wind_generation,Wind Onshore,2026-09-08T17:38:47Z
2026-09-08T17:32:30Z,2026-09-08T19:32:30+0200,84abc74b-3fe7-4981-9f51-d43de6842ea9,2026-09-06T02:15:00Z,2026-09-06T04:15:00+0200,17136.27086,MW,DE,DE_LU,actual_onshore_wind_generation,Wind Onshore,2026-09-08T17:38:47Z
2026-09-08T17:32:30Z,2026-09-08T19:32:30+0200,84abc74b-3fe7-4981-9f51-d43de6842ea9,2026-09-06T02:30:00Z,2026-09-06T04:30:00+0200,16470.99718,MW,DE,DE_LU,actual_onshore_wind_generation,Wind Onshore,2026-09-08T17:38:47Z
2026-09-08T17:32:30Z,2026-09-08T19:32:30+0200,84abc74b-3fe7-4981-9f51-d43de6842ea9,2026-09-06T02:45:00Z,2026-09-06T04:45:00+0200,15970.06003,MW,DE,DE_LU,actual_onshore_wind_generation,Wind Onshore,2026-09-08T17:38:47Z
2026-09-08T17:32:30Z,2026-09-08T19:32:30+0200,84abc74b-3fe7-4981-9f51-d43de6842ea9,2026-09-06T03:00:00Z,2026-09-06T05:00:00+0200,15664.8415,MW,DE,DE_LU,actual_onshore_wind_generation,Wind Onshore,2026-09-08T17:38:47Z
2026-09-08T17:32:30Z,2026-09-08T19:32:30+0200,84abc74b-3fe7-4981-9f51-d43de6842ea9,2026-09-06T03:15:00Z,2026-09-06T05:15:00+0200,15187.74052,MW,DE,DE_LU,actual_onshore_wind_generation,Wind Onshore,2026-09-08T17:38:47Z
2026-09-08T17:32:30Z,2026-09-08T19:32:30+0200,84abc74b-3fe7-4981-9f51-d43de6842ea9,2026-09-06T03:30:00Z,2026-09-06T05:30:00+0200,14829.50781,MW,DE,DE_LU,actual_onshore_wind_generation,Wind Onshore,2026-09-08T17:38:47Z
2026-09-08T17:32:30Z,2026-09-08T19:32:30+0200,84abc74b-3fe7-4981-9f51-d43de6842ea9,2026-09-06T03:45:00Z,2026-09-06T05:45:00+0200,14377.13773,MW,DE,DE_LU,actual_onshore_wind_generation,Wind Onshore,2026-09-08T17:38:47Z
2026-09-08T17:32:30Z,2026-09-08T19:32:30+0200,84abc74b-3fe7-4981-9f51-d43de6842ea9,2026-09-06T04:00:00Z,2026-09-06T06:00:00+0200,14160.23677,MW,DE,DE_LU,actual_onshore_wind_generation,Wind Onshore,2026-09-08T17:38:47Z
2026-09-08T17:32:30Z,2026-09-08T19:32:30+0200,84abc74b-3fe7-4981-9f51-d43de6842ea9,2026-09-06T04:15:00Z,2026-09-06T06:15:00+0200,13494.72905,MW,DE,DE_LU,actual_onshore_wind_generation,Wind Onshore,2026-09-08T17:38:47Z
2026-09-08T17:32:30Z,2026-09-08T19:32:30+0200,84abc74b-3fe7-4981-9f51-d43de6842ea9,2026-09-06T04:30:00Z,2026-09-06T06:30:00+0200,13121.04408,MW,DE,DE_LU,actual_onshore_wind_generation,Wind Onshore,2026-09-08T17:38:47Z
2026-09-08T17:32:30Z,2026-09-08T19:32:30+0200,84abc74b-3fe7-4981-9f51-d43de6842ea9,2026-09-06T04:45:00Z,2026-09-06T06:45:00+0200,13239.56319,MW,DE,DE_LU,actual_onshore_wind_generation,Wind Onshore,2026-09-08T17:38:47Z
2026-09-08T17:32:30Z,2026-09-08T19:32:30+0200,84abc74b-3fe7-4981-9f51-d43de6842ea9,2026-09-06T05:00:00Z,2026-09-06T07:00:00+0200,12583.66178,MW,DE,DE_LU,actual_onshore_wind_generation,Wind Onshore,2026-09-08T17:38:47Z
2026-09-08T17:32:30Z,2026-09-08T19:32:30+0200,84abc74b-3fe7-4981-9f51-d43de6842ea9,2026-09-06T05:15:00Z,2026-09-06T07:15:00+0200,11711.59973,MW,DE,DE_LU,actual_onshore_wind_generation,Wind Onshore,2026-09-08T17:38:47Z
2026-09-08T17:32:30Z,2026-09-08T19:32:30+0200,84abc74b-3fe7-4981-9f51-d43de6842ea9,2026-09-06T05:30:00Z,2026-09-06T07:30:00+0200,11154.96326,MW,DE,DE_LU,actual_onshore_wind_generation,Wind Onshore,2026-09-08T17:38:47Z
2026-09-08T17:32:30Z,2026-09-08T19:32:30+0200,84abc74b-3fe7-4981-9f51-d43de6842ea9,2026-09-06T05:45:00Z,2026-09-06T07:45:00+0200,10495.26786,MW,DE,DE_LU,actual_onshore_wind_generation,Wind Onshore,2026-09-08T17:38:47Z
2026-09-08T17:32:30Z,2026-09-08T19:32:30+0200,84abc74b-3fe7-4981-9f51-d43de6842ea9,2026-09-06T06:00:00Z,2026-09-06T08:00:00+0200,9475.6217,MW,DE,DE_LU,actual_onshore_wind_generation,Wind Onshore,2026-09-08T17:38:47Z
2026-09-08T17:32:30Z,2026-09-08T19:32:30+0200,84abc74b-3fe7-4981-9f51-d43de6842ea9,2026-09-06T06:15:00Z,2026-09-06T08:15:00+0200,8530.46424,MW,DE,DE_LU,actual_onshore_wind_generation,Wind Onshore,2026-09-08T17:38:47Z
2026-09-08T17:32:30Z,2026-09-08T19:32:30+0200,84abc74b-3fe7-4981-9f51-d43de6842ea9,2026-09-06T06:30:00Z,2026-09-06T08:30:00+0200,7438.51082,MW,DE,DE_LU,actual_onshore_wind_generation,Wind Onshore,2026-09-08T17:38:47Z
2026-09-08T17:32:30Z,2026-09-08T19:32:30+0200,84abc74b-3fe7-4981-9f51-d43de6842ea9,2026-09-06T06:45:00Z,2026-09-06T08:45:00+0200,6572.16699,MW,DE,DE_LU,actual_onshore_wind_generation,Wind Onshore,2026-09-08T17:38:47Z
2026-09-08T17:32:30Z,2026-09-08T19:32:30+0200,84abc74b-3fe7-4981-9f51-d43de6842ea9,2026-09-06T07:00:00Z,2026-09-06T09:00:00+0200,6073.7583,MW,DE,DE_LU,actual_onshore_wind_generation,Wind Onshore,2026-09-08T17:38:47Z
2026-09-08T17:32:30Z,2026-09-08T19:32:30+0200,84abc74b-3fe7-4981-9f51-d43de6842ea9,2026-09-06T07:15:00Z,2026-09-06T09:15:00+0200,5423.01888,MW,DE,DE_LU,actual_onshore_wind_generation,Wind Onshore,2026-09-08T17:38:47Z
2026-09-08T17:32:30Z,2026-09-08T19:32:30+0200,84abc74b-3fe7-4981-9f51-d43de6842ea9,2026-09-06T07:30:00Z,2026-09-06T09:30:00+0200,4870.96173,MW,DE,DE_LU,actual_onshore_wind_generation,Wind Onshore,2026-09-08T17:38:47Z
2026-09-08T17:32:30Z,2026-09-08T19:32:30+0200,84abc74b-3fe7-4981-9f51-d43de6842ea9,2026-09-06T07:45:00Z,2026-09-06T09:45:00+0200,4332.14764,MW,DE,DE_LU,actual_onshore_wind_generation,Wind Onshore,2026-09-08T17:38:47Z
2026-09-08T17:32:30Z,2026-09-08T19:32:30+0200,84abc74b-3fe7-4981-9f51-d43de6842ea9,2026-09-06T08:00:00Z,2026-09-06T10:00:00+0200,4119.24402,MW,DE,DE_LU,actual_onshore_wind_generation,Wind Onshore,2026-09-08T17:38:47Z
2026-09-08T17:32:30Z,2026-09-08T19:32:30+0200,84abc74b-3fe7-4981-9f51-d43de6842ea9,2026-09-06T08:15:00Z,2026-09-06T10:15:00+0200,3838.08479,MW,DE,DE_LU,actual_onshore_wind_generation,Wind Onshore,2026-09-08T17:38:47Z
2026-09-08T17:32:30Z,2026-09-08T19:32:30+0200,84abc74b-3fe7-4981-9f51-d43de6842ea9,2026-09-06T08:30:00Z,2026-09-06T10:30:00+0200,3615.02821,MW,DE,DE_LU,actual_onshore_wind_generation,Wind Onshore,2026-09-08T17:38:47Z
2026-09-08T17:32:30Z,2026-09-08T19:32:30+0200,84abc74b-3fe7-4981-9f51-d43de6842ea9,2026-09-06T08:45:00Z,2026-09-06T10:45:00+0200,3414.9972,MW,DE,DE_LU,actual_onshore_wind_generation,Wind Onshore,2026-09-08T17:38:47Z
2026-09-08T17:32:30Z,2026-09-08T19:32:30+0200,84abc74b-3fe7-4981-9f51-d43de6842ea9,2026-09-06T09:00:00Z,2026-09-06T11:00:00+0200,3037.93077,MW,DE,DE_LU,actual_onshore_wind_generation,Wind Onshore,2026-09-08T17:38:47Z
2026-09-08T17:32:30Z,2026-09-08T19:32:30+0200,84abc74b-3fe7-4981-9f51-d43de6842ea9,2026-09-06T09:15:00Z,2026-09-06T11:15:00+0200,2831.53252,MW,DE,DE_LU,actual_onshore_wind_generation,Wind Onshore,2026-09-08T17:38:47Z
2026-09-08T17:32:30Z,2026-09-08T19:32:30+0200,84abc74b-3fe7-4981-9f51-d43de6842ea9,2026-09-06T09:30:00Z,2026-09-06T11:30:00+0200,2750.73526,MW,DE,DE_LU,actual_onshore_wind_generation,Wind Onshore,2026-09-08T17:38:47Z
2026-09-08T17:32:30Z,2026-09-08T19:32:30+0200,84abc74b-3fe7-4981-9f51-d43de6842ea9,2026-09-06T09:45:00Z,2026-09-06T11:45:00+0200,2763.81798,MW,DE,DE_LU,actual_onshore_wind_generation,Wind Onshore,2026-09-08T17:38:47Z
2026-09-08T17:32:30Z,2026-09-08T19:32:30+0200,84abc74b-3fe7-4981-9f51-d43de6842ea9,2026-09-06T10:00:00Z,2026-09-06T12:00:00+0200,2525.90878,MW,DE,DE_LU,actual_onshore_wind_generation,Wind Onshore,2026-09-08T17:38:47Z
2026-09-08T17:32:30Z,2026-09-08T19:32:30+0200,84abc74b-3fe7-4981-9f51-d43de6842ea9,2026-09-06T10:15:00Z,2026-09-06T12:15:00+0200,2353.99356,MW,DE,DE_LU,actual_onshore_wind_generation,Wind Onshore,2026-09-08T17:38:47Z
2026-09-08T17:32:30Z,2026-09-08T19:32:30+0200,84abc74b-3fe7-4981-9f51-d43de6842ea9,2026-09-06T10:30:00Z,2026-09-06T12:30:00+0200,2285.37727,MW,DE,DE_LU,actual_onshore_wind_generation,Wind Onshore,2026-09-08T17:38:47Z
2026-09-08T17:32:30Z,2026-09-08T19:32:30+0200,84abc74b-3fe7-4981-9f51-d43de6842ea9,2026-09-06T10:45:00Z,2026-09-06T12:45:00+0200,2277.91665,MW,DE,DE_LU,actual_onshore_wind_generation,Wind Onshore,2026-09-08T17:38:47Z
2026-09-08T17:32:30Z,2026-09-08T19:32:30+0200,84abc74b-3fe7-4981-9f51-d43de6842ea9,2026-09-06T11:00:00Z,2026-09-06T13:00:00+0200,2144.38979,MW,DE,DE_LU,actual_onshore_wind_generation,Wind Onshore,2026-09-08T17:38:47Z
2026-09-08T17:32:30Z,2026-09-08T19:32:30+0200,84abc74b-3fe7-4981-9f51-d43de6842ea9,2026-09-06T11:15:00Z,2026-09-06T13:15:00+0200,2087.54413,MW,DE,DE_LU,actual_onshore_wind_generation,Wind Onshore,2026-09-08T17:38:47Z
2026-09-08T17:32:30Z,2026-09-08T19:32:30+0200,84abc74b-3fe7-4981-9f51-d43de6842ea9,2026-09-06T11:30:00Z,2026-09-06T13:30:00+0200,2052.70368,MW,DE,DE_LU,actual_onshore_wind_generation,Wind Onshore,2026-09-08T17:38:47Z
2026-09-08T17:32:30Z,2026-09-08T19:32:30+0200,84abc74b-3fe7-4981-9f51-d43de6842ea9,2026-09-06T11:45:00Z,2026-09-06T13:45:00+0200,1994.97985,MW,DE,DE_LU,actual_onshore_wind_generation,Wind Onshore,2026-09-08T17:38:47Z
2026-09-08T17:32:30Z,2026-09-08T19:32:30+0200,84abc74b-3fe7-4981-9f51-d43de6842ea9,2026-09-06T12:00:00Z,2026-09-06T14:00:00+0200,1980.2204,MW,DE,DE_LU,actual_onshore_wind_generation,Wind Onshore,2026-09-08T17:38:47Z
2026-09-08T17:32:30Z,2026-09-08T19:32:30+0200,84abc74b-3fe7-4981-9f51-d43de6842ea9,2026-09-06T12:15:00Z,2026-09-06T14:15:00+0200,1990.73177,MW,DE,DE_LU,actual_onshore_wind_generation,Wind Onshore,2026-09-08T17:38:47Z
2026-09-08T17:32:30Z,2026-09-08T19:32:30+0200,84abc74b-3fe7-4981-9f51-d43de6842ea9,2026-09-06T12:30:00Z,2026-09-06T14:30:00+0200,1924.04844,MW,DE,DE_LU,actual_onshore_wind_generation,Wind Onshore,2026-09-08T17:38:47Z
2026-09-08T17:32:30Z,2026-09-08T19:32:30+0200,84abc74b-3fe7-4981-9f51-d43de6842ea9,2026-09-06T12:45:00Z,2026-09-06T14:45:00+0200,1924.74453,MW,DE,DE_LU,actual_onshore_wind_generation,Wind Onshore,2026-09-08T17:38:47Z
2026-09-08T17:32:30Z,2026-09-08T19:32:30+0200,84abc74b-3fe7-4981-9f51-d43de6842ea9,2026-09-06T13:00:00Z,2026-09-06T15:00:00+0200,1955.93194,MW,DE,DE_LU,actual_onshore_wind_generation,Wind Onshore,2026-09-08T17:38:47Z
2026-09-08T17:32:30Z,2026-09-08T19:32:30+0200,84abc74b-3fe7-4981-9f51-d43de6842ea9,2026-09-06T13:15:00Z,2026-09-06T15:15:00+0200,1913.1574,MW,DE,DE_LU,actual_onshore_wind_generation,Wind Onshore,2026-09-08T17:38:47Z
2026-09-08T17:32:30Z,2026-09-08T19:32:30+0200,84abc74b-3fe7-4981-9f51-d43de6842ea9,2026-09-06T13:30:00Z,2026-09-06T15:30:00+0200,1876.12628,MW,DE,DE_LU,actual_onshore_wind_generation,Wind Onshore,2026-09-08T17:38:47Z
2026-09-08T17:32:30Z,2026-09-08T19:32:30+0200,84abc74b-3fe7-4981-9f51-d43de6842ea9,2026-09-06T13:45:00Z,2026-09-06T15:45:00+0200,1875.20775,MW,DE,DE_LU,actual_onshore_wind_generation,Wind Onshore,2026-09-08T17:38:47Z
2026-09-08T17:32:30Z,2026-09-08T19:32:30+0200,84abc74b-3fe7-4981-9f51-d43de6842ea9,2026-09-06T14:00:00Z,2026-09-06T16:00:00+0200,2240.3732,MW,DE,DE_LU,actual_onshore_wind_generation,Wind Onshore,2026-09-08T17:38:47Z
2026-09-08T17:32:30Z,2026-09-08T19:32:30+0200,84abc74b-3fe7-4981-9f51-d43de6842ea9,2026-09-06T14:15:00Z,2026-09-06T16:15:00+0200,2405.30033,MW,DE,DE_LU,actual_onshore_wind_generation,Wind Onshore,2026-09-08T17:38:47Z
2026-09-08T17:32:30Z,2026-09-08T19:32:30+0200,84abc74b-3fe7-4981-9f51-d43de6842ea9,2026-09-06T14:30:00Z,2026-09-06T16:30:00+0200,2399.75443,MW,DE,DE_LU,actual_onshore_wind_generation,Wind Onshore,2026-09-08T17:38:47Z
2026-09-08T17:32:30Z,2026-09-08T19:32:30+0200,84abc74b-3fe7-4981-9f51-d43de6842ea9,2026-09-06T14:45:00Z,2026-09-06T16:45:00+0200,2423.38234,MW,DE,DE_LU,actual_onshore_wind_generation,Wind Onshore,2026-09-08T17:38:47Z
2026-09-08T17:32:30Z,2026-09-08T19:32:30+0200,84abc74b-3fe7-4981-9f51-d43de6842ea9,2026-09-06T15:00:00Z,2026-09-06T17:00:00+0200,2597.03497,MW,DE,DE_LU,actual_onshore_wind_generation,Wind Onshore,2026-09-08T17:38:47Z
2026-09-08T17:32:30Z,2026-09-08T19:32:30+0200,84abc74b-3fe7-4981-9f51-d43de6842ea9,2026-09-06T15:15:00Z,2026-09-06T17:15:00+0200,2677.74513,MW,DE,DE_LU,actual_onshore_wind_generation,Wind Onshore,2026-09-08T17:38:47Z
2026-09-08T17:32:30Z,2026-09-08T19:32:30+0200,84abc74b-3fe7-4981-9f51-d43de6842ea9,2026-09-06T15:30:00Z,2026-09-06T17:30:00+0200,2458.13987,MW,DE,DE_LU,actual_onshore_wind_generation,Wind Onshore,2026-09-08T17:38:47Z
2026-09-08T17:32:30Z,2026-09-08T19:32:30+0200,84abc74b-3fe7-4981-9f51-d43de6842ea9,2026-09-06T15:45:00Z,2026-09-06T17:45:00+0200,2209.51924,MW,DE,DE_LU,actual_onshore_wind_generation,Wind Onshore,2026-09-08T17:38:47Z
2026-09-08T17:32:30Z,2026-09-08T19:32:30+0200,84abc74b-3fe7-4981-9f51-d43de6842ea9,2026-09-06T16:00:00Z,2026-09-06T18:00:00+0200,1989.27058,MW,DE,DE_LU,actual_onshore_wind_generation,Wind Onshore,2026-09-08T17:38:47Z
2026-09-08T17:32:30Z,2026-09-08T19:32:30+0200,84abc74b-3fe7-4981-9f51-d43de6842ea9,2026-09-06T16:15:00Z,2026-09-06T18:15:00+0200,1824.61926,MW,DE,DE_LU,actual_onshore_wind_generation,Wind Onshore,2026-09-08T17:38:47Z
2026-09-08T17:32:30Z,2026-09-08T19:32:30+0200,84abc74b-3fe7-4981-9f51-d43de6842ea9,2026-09-06T16:30:00Z,2026-09-06T18:30:00+0200,1725.9221,MW,DE,DE_LU,actual_onshore_wind_generation,Wind Onshore,2026-09-08T17:38:47Z
2026-09-08T17:32:30Z,2026-09-08T19:32:30+0200,84abc74b-3fe7-4981-9f51-d43de6842ea9,2026-09-06T16:45:00Z,2026-09-06T18:45:00+0200,1699.65995,MW,DE,DE_LU,actual_onshore_wind_generation,Wind Onshore,2026-09-08T17:38:47Z
2026-09-08T17:32:30Z,2026-09-08T19:32:30+0200,84abc74b-3fe7-4981-9f51-d43de6842ea9,2026-09-06T17:00:00Z,2026-09-06T19:00:00+0200,1641.41528,MW,DE,DE_LU,actual_onshore_wind_generation,Wind Onshore,2026-09-08T17:38:47Z
2026-09-08T17:32:30Z,2026-09-08T19:32:30+0200,84abc74b-3fe7-4981-9f51-d43de6842ea9,2026-09-06T17:15:00Z,2026-09-06T19:15:00+0200,1761.51683,MW,DE,DE_LU,actual_onshore_wind_generation,Wind Onshore,2026-09-08T17:38:47Z
2026-09-08T17:32:30Z,2026-09-08T19:32:30+0200,84abc74b-3fe7-4981-9f51-d43de6842ea9,2026-09-06T17:30:00Z,2026-09-06T19:30:00+0200,2004.63246,MW,DE,DE_LU,actual_onshore_wind_generation,Wind Onshore,2026-09-08T17:38:47Z
2026-09-08T17:32:30Z,2026-09-08T19:32:30+0200,84abc74b-3fe7-4981-9f51-d43de6842ea9,2026-09-06T17:45:00Z,2026-09-06T19:45:00+0200,2334.94528,MW,DE,DE_LU,actual_onshore_wind_generation,Wind Onshore,2026-09-08T17:38:47Z
2026-09-08T17:32:30Z,2026-09-08T19:32:30+0200,84abc74b-3fe7-4981-9f51-d43de6842ea9,2026-09-06T18:00:00Z,2026-09-06T20:00:00+0200,2261.37766,MW,DE,DE_LU,actual_onshore_wind_generation,Wind Onshore,2026-09-08T17:38:47Z
2026-09-08T17:32:30Z,2026-09-08T19:32:30+0200,84abc74b-3fe7-4981-9f51-d43de6842ea9,2026-09-06T18:15:00Z,2026-09-06T20:15:00+0200,2544.84469,MW,DE,DE_LU,actual_onshore_wind_generation,Wind Onshore,2026-09-08T17:38:47Z
2026-09-08T17:32:30Z,2026-09-08T19:32:30+0200,84abc74b-3fe7-4981-9f51-d43de6842ea9,2026-09-06T18:30:00Z,2026-09-06T20:30:00+0200,3121.19442,MW,DE,DE_LU,actual_onshore_wind_generation,Wind Onshore,2026-09-08T17:38:47Z
2026-09-08T17:32:30Z,2026-09-08T19:32:30+0200,84abc74b-3fe7-4981-9f51-d43de6842ea9,2026-09-06T18:45:00Z,2026-09-06T20:45:00+0200,3937.32201,MW,DE,DE_LU,actual_onshore_wind_generation,Wind Onshore,2026-09-08T17:38:47Z
2026-09-08T17:32:30Z,2026-09-08T19:32:30+0200,84abc74b-3fe7-4981-9f51-d43de6842ea9,2026-09-06T19:00:00Z,2026-09-06T21:00:00+0200,4663.0746,MW,DE,DE_LU,actual_onshore_wind_generation,Wind Onshore,2026-09-08T17:38:47Z
2026-09-08T17:32:30Z,2026-09-08T19:32:30+0200,84abc74b-3fe7-4981-9f51-d43de6842ea9,2026-09-06T19:15:00Z,2026-09-06T21:15:00+0200,5506.66996,MW,DE,DE_LU,actual_onshore_wind_generation,Wind Onshore,2026-09-08T17:38:47Z
2026-09-08T17:32:30Z,2026-09-08T19:32:30+0200,84abc74b-3fe7-4981-9f51-d43de6842ea9,2026-09-06T19:30:00Z,2026-09-06T21:30:00+0200,6250.8068,MW,DE,DE_LU,actual_onshore_wind_generation,Wind Onshore,2026-09-08T17:38:47Z
2026-09-08T17:32:30Z,2026-09-08T19:32:30+0200,84abc74b-3fe7-4981-9f51-d43de6842ea9,2026-09-06T19:45:00Z,2026-09-06T21:45:00+0200,7098.70676,MW,DE,DE_LU,actual_onshore_wind_generation,Wind Onshore,2026-09-08T17:38:47Z
2026-09-08T17:32:30Z,2026-09-08T19:32:30+0200,84abc74b-3fe7-4981-9f51-d43de6842ea9,2026-09-06T20:00:00Z,2026-09-06T22:00:00+0200,7944.24109,MW,DE,DE_LU,actual_onshore_wind_generation,Wind Onshore,2026-09-08T17:38:47Z
2026-09-08T17:32:30Z,2026-09-08T19:32:30+0200,84abc74b-3fe7-4981-9f51-d43de6842ea9,2026-09-06T20:15:00Z,2026-09-06T22:15:00+0200,8967.50355,MW,DE,DE_LU,actual_onshore_wind_generation,Wind Onshore,2026-09-08T17:38:47Z
2026-09-08T17:32:30Z,2026-09-08T19:32:30+0200,84abc74b-3fe7-4981-9f51-d43de6842ea9,2026-09-06T20:30:00Z,2026-09-06T22:30:00+0200,9968.80937,MW,DE,DE_LU,actual_onshore_wind_generation,Wind Onshore,2026-09-08T17:38:47Z
2026-09-08T17:32:30Z,2026-09-08T19:32:30+0200,84abc74b-3fe7-4981-9f51-d43de6842ea9,2026-09-06T20:45:00Z,2026-09-06T22:45:00+0200,10846.48045,MW,DE,DE_LU,actual_onshore_wind_generation,Wind Onshore,2026-09-08T17:38:47Z
2026-09-08T17:32:30Z,2026-09-08T19:32:30+0200,84abc74b-3fe7-4981-9f51-d43de6842ea9,2026-09-06T21:00:00Z,2026-09-06T23:00:00+0200,11681.69895,MW,DE,DE_LU,actual_onshore_wind_generation,Wind Onshore,2026-09-08T17:38:47Z
2026-09-08T17:32:30Z,2026-09-08T19:32:30+0200,84abc74b-3fe7-4981-9f51-d43de6842ea9,2026-09-06T21:15:00Z,2026-09-06T23:15:00+0200,12497.28749,MW,DE,DE_LU,actual_onshore_wind_generation,Wind Onshore,2026-09-08T17:38:47Z
2026-09-08T17:32:30Z,2026-09-08T19:32:30+0200,84abc74b-3fe7-4981-9f51-d43de6842ea9,2026-09-06T21:30:00Z,2026-09-06T23:30:00+0200,13106.56762,MW,DE,DE_LU,actual_onshore_wind_generation,Wind Onshore,2026-09-08T17:38:47Z
2026-09-08T17:32:30Z,2026-09-08T19:32:30+0200,84abc74b-3fe7-4981-9f51-d43de6842ea9,2026-09-06T21:45:00Z,2026-09-06T23:45:00+0200,13770.85343,MW,DE,DE_LU,actual_onshore_wind_generation,Wind Onshore,2026-09-08T17:38:47Z
2026-09-08T17:32:30Z,2026-09-08T19:32:30+0200,84abc74b-3fe7-4981-9f51-d43de6842ea9,2026-09-07T04:30:00Z,2026-09-07T06:30:00+0200,13860.65697,MW,DE,DE_LU,actual_onshore_wind_generation,Wind Onshore,2026-09-08T17:38:47Z
2026-09-08T17:32:30Z,2026-09-08T19:32:30+0200,84abc74b-3fe7-4981-9f51-d43de6842ea9,2026-09-07T04:45:00Z,2026-09-07T06:45:00+0200,14488.35622,MW,DE,DE_LU,actual_onshore_wind_generation,Wind Onshore,2026-09-08T17:38:47Z
2026-09-08T17:32:30Z,2026-09-08T19:32:30+0200,84abc74b-3fe7-4981-9f51-d43de6842ea9,2026-09-07T05:00:00Z,2026-09-07T07:00:00+0200,14603.15705,MW,DE,DE_LU,actual_onshore_wind_generation,Wind Onshore,2026-09-08T17:38:47Z
2026-09-08T17:32:30Z,2026-09-08T19:32:30+0200,84abc74b-3fe7-4981-9f51-d43de6842ea9,2026-09-07T05:15:00Z,2026-09-07T07:15:00+0200,14306.8023,MW,DE,DE_LU,actual_onshore_wind_generation,Wind Onshore,2026-09-08T17:38:47Z
2026-09-08T17:32:30Z,2026-09-08T19:32:30+0200,84abc74b-3fe7-4981-9f51-d43de6842ea9,2026-09-07T05:30:00Z,2026-09-07T07:30:00+0200,14127.91359,MW,DE,DE_LU,actual_onshore_wind_generation,Wind Onshore,2026-09-08T17:38:47Z
2026-09-08T17:32:30Z,2026-09-08T19:32:30+0200,84abc74b-3fe7-4981-9f51-d43de6842ea9,2026-09-07T05:45:00Z,2026-09-07T07:45:00+0200,14289.1315,MW,DE,DE_LU,actual_onshore_wind_generation,Wind Onshore,2026-09-08T17:38:47Z
2026-09-08T17:32:30Z,2026-09-08T19:32:30+0200,84abc74b-3fe7-4981-9f51-d43de6842ea9,2026-09-07T06:00:00Z,2026-09-07T08:00:00+0200,14176.64353,MW,DE,DE_LU,actual_onshore_wind_generation,Wind Onshore,2026-09-08T17:38:47Z
2026-09-08T17:32:30Z,2026-09-08T19:32:30+0200,84abc74b-3fe7-4981-9f51-d43de6842ea9,2026-09-07T06:15:00Z,2026-09-07T08:15:00+0200,13773.49824,MW,DE,DE_LU,actual_onshore_wind_generation,Wind Onshore,2026-09-08T17:38:47Z
2026-09-08T17:32:30Z,2026-09-08T19:32:30+0200,84abc74b-3fe7-4981-9f51-d43de6842ea9,2026-09-07T06:30:00Z,2026-09-07T08:30:00+0200,13020.96274,MW,DE,DE_LU,actual_onshore_wind_generation,Wind Onshore,2026-09-08T17:38:47Z
2026-09-08T17:32:30Z,2026-09-08T19:32:30+0200,84abc74b-3fe7-4981-9f51-d43de6842ea9,2026-09-07T06:45:00Z,2026-09-07T08:45:00+0200,12325.12847,MW,DE,DE_LU,actual_onshore_wind_generation,Wind Onshore,2026-09-08T17:38:47Z
2026-09-08T17:32:30Z,2026-09-08T19:32:30+0200,84abc74b-3fe7-4981-9f51-d43de6842ea9,2026-09-07T07:00:00Z,2026-09-07T09:00:00+0200,11458.65383,MW,DE,DE_LU,actual_onshore_wind_generation,Wind Onshore,2026-09-08T17:38:47Z
2026-09-08T17:32:30Z,2026-09-08T19:32:30+0200,84abc74b-3fe7-4981-9f51-d43de6842ea9,2026-09-07T07:15:00Z,2026-09-07T09:15:00+0200,10471.46741,MW,DE,DE_LU,actual_onshore_wind_generation,Wind Onshore,2026-09-08T17:38:47Z
2026-09-08T17:32:30Z,2026-09-08T19:32:30+0200,84abc74b-3fe7-4981-9f51-d43de6842ea9,2026-09-07T07:30:00Z,2026-09-07T09:30:00+0200,9664.97861,MW,DE,DE_LU,actual_onshore_wind_generation,Wind Onshore,2026-09-08T17:38:47Z
2026-09-08T17:32:30Z,2026-09-08T19:32:30+0200,84abc74b-3fe7-4981-9f51-d43de6842ea9,2026-09-07T07:45:00Z,2026-09-07T09:45:00+0200,9030.86052,MW,DE,DE_LU,actual_onshore_wind_generation,Wind Onshore,2026-09-08T17:38:47Z
2026-09-08T17:32:30Z,2026-09-08T19:32:30+0200,84abc74b-3fe7-4981-9f51-d43de6842ea9,2026-09-07T08:00:00Z,2026-09-07T10:00:00+0200,8368.64255,MW,DE,DE_LU,actual_onshore_wind_generation,Wind Onshore,2026-09-08T17:38:47Z
2026-09-08T17:32:30Z,2026-09-08T19:32:30+0200,84abc74b-3fe7-4981-9f51-d43de6842ea9,2026-09-07T08:15:00Z,2026-09-07T10:15:00+0200,7839.32804,MW,DE,DE_LU,actual_onshore_wind_generation,Wind Onshore,2026-09-08T17:38:47Z
2026-09-08T17:32:30Z,2026-09-08T19:32:30+0200,84abc74b-3fe7-4981-9f51-d43de6842ea9,2026-09-07T08:30:00Z,2026-09-07T10:30:00+0200,7453.88724,MW,DE,DE_LU,actual_onshore_wind_generation,Wind Onshore,2026-09-08T17:38:47Z
2026-09-08T17:32:30Z,2026-09-08T19:32:30+0200,84abc74b-3fe7-4981-9f51-d43de6842ea9,2026-09-07T08:45:00Z,2026-09-07T10:45:00+0200,7075.17657,MW,DE,DE_LU,actual_onshore_wind_generation,Wind Onshore,2026-09-08T17:38:47Z
2026-09-08T17:32:30Z,2026-09-08T19:32:30+0200,84abc74b-3fe7-4981-9f51-d43de6842ea9,2026-09-07T09:00:00Z,2026-09-07T11:00:00+0200,6673.54927,MW,DE,DE_LU,actual_onshore_wind_generation,Wind Onshore,2026-09-08T17:38:47Z
2026-09-08T17:32:30Z,2026-09-08T19:32:30+0200,84abc74b-3fe7-4981-9f51-d43de6842ea9,2026-09-07T09:15:00Z,2026-09-07T11:15:00+0200,6484.62756,MW,DE,DE_LU,actual_onshore_wind_generation,Wind Onshore,2026-09-08T17:38:47Z
2026-09-08T17:32:30Z,2026-09-08T19:32:30+0200,84abc74b-3fe7-4981-9f51-d43de6842ea9,2026-09-07T09:30:00Z,2026-09-07T11:30:00+0200,6454.11755,MW,DE,DE_LU,actual_onshore_wind_generation,Wind Onshore,2026-09-08T17:38:47Z
2026-09-08T17:32:30Z,2026-09-08T19:32:30+0200,84abc74b-3fe7-4981-9f51-d43de6842ea9,2026-09-07T09:45:00Z,2026-09-07T11:45:00+0200,6386.31323,MW,DE,DE_LU,actual_onshore_wind_generation,Wind Onshore,2026-09-08T17:38:47Z
2026-09-08T17:32:30Z,2026-09-08T19:32:30+0200,84abc74b-3fe7-4981-9f51-d43de6842ea9,2026-09-07T10:00:00Z,2026-09-07T12:00:00+0200,6439.19061,MW,DE,DE_LU,actual_onshore_wind_generation,Wind Onshore,2026-09-08T17:38:47Z
2026-09-08T17:32:30Z,2026-09-08T19:32:30+0200,84abc74b-3fe7-4981-9f51-d43de6842ea9,2026-09-07T10:15:00Z,2026-09-07T12:15:00+0200,6489.74434,MW,DE,DE_LU,actual_onshore_wind_generation,Wind Onshore,2026-09-08T17:38:47Z
2026-09-08T17:32:30Z,2026-09-08T19:32:30+0200,84abc74b-3fe7-4981-9f51-d43de6842ea9,2026-09-07T10:30:00Z,2026-09-07T12:30:00+0200,6412.07536,MW,DE,DE_LU,actual_onshore_wind_generation,Wind Onshore,2026-09-08T17:38:47Z
2026-09-08T17:32:30Z,2026-09-08T19:32:30+0200,84abc74b-3fe7-4981-9f51-d43de6842ea9,2026-09-07T10:45:00Z,2026-09-07T12:45:00+0200,6229.02359,MW,DE,DE_LU,actual_onshore_wind_generation,Wind Onshore,2026-09-08T17:38:47Z
2026-09-08T17:32:30Z,2026-09-08T19:32:30+0200,84abc74b-3fe7-4981-9f51-d43de6842ea9,2026-09-07T11:00:00Z,2026-09-07T13:00:00+0200,6604.29513,MW,DE,DE_LU,actual_onshore_wind_generation,Wind Onshore,2026-09-08T17:38:47Z
2026-09-08T17:32:30Z,2026-09-08T19:32:30+0200,84abc74b-3fe7-4981-9f51-d43de6842ea9,2026-09-07T11:15:00Z,2026-09-07T13:15:00+0200,6717.82203,MW,DE,DE_LU,actual_onshore_wind_generation,Wind Onshore,2026-09-08T17:38:47Z
2026-09-08T17:32:30Z,2026-09-08T19:32:30+0200,84abc74b-3fe7-4981-9f51-d43de6842ea9,2026-09-07T11:30:00Z,2026-09-07T13:30:00+0200,7229.58965,MW,DE,DE_LU,actual_onshore_wind_generation,Wind Onshore,2026-09-08T17:38:47Z
2026-09-08T17:32:30Z,2026-09-08T19:32:30+0200,84abc74b-3fe7-4981-9f51-d43de6842ea9,2026-09-07T11:45:00Z,2026-09-07T13:45:00+0200,7382.58498,MW,DE,DE_LU,actual_onshore_wind_generation,Wind Onshore,2026-09-08T17:38:47Z
2026-09-08T17:32:30Z,2026-09-08T19:32:30+0200,84abc74b-3fe7-4981-9f51-d43de6842ea9,2026-09-07T12:00:00Z,2026-09-07T14:00:00+0200,7611.68229,MW,DE,DE_LU,actual_onshore_wind_generation,Wind Onshore,2026-09-08T17:38:47Z
2026-09-08T17:32:30Z,2026-09-08T19:32:30+0200,84abc74b-3fe7-4981-9f51-d43de6842ea9,2026-09-07T12:15:00Z,2026-09-07T14:15:00+0200,8078.04554,MW,DE,DE_LU,actual_onshore_wind_generation,Wind Onshore,2026-09-08T17:38:47Z
2026-09-08T17:32:30Z,2026-09-08T19:32:30+0200,84abc74b-3fe7-4981-9f51-d43de6842ea9,2026-09-07T12:30:00Z,2026-09-07T14:30:00+0200,8514.33579,MW,DE,DE_LU,actual_onshore_wind_generation,Wind Onshore,2026-09-08T17:38:47Z
2026-09-08T17:32:30Z,2026-09-08T19:32:30+0200,84abc74b-3fe7-4981-9f51-d43de6842ea9,2026-09-07T12:45:00Z,2026-09-07T14:45:00+0200,8976.27554,MW,DE,DE_LU,actual_onshore_wind_generation,Wind Onshore,2026-09-08T17:38:47Z
2026-09-08T17:32:30Z,2026-09-08T19:32:30+0200,84abc74b-3fe7-4981-9f51-d43de6842ea9,2026-09-07T13:00:00Z,2026-09-07T15:00:00+0200,9131.82734,MW,DE,DE_LU,actual_onshore_wind_generation,Wind Onshore,2026-09-08T17:38:47Z
2026-09-08T17:32:30Z,2026-09-08T19:32:30+0200,84abc74b-3fe7-4981-9f51-d43de6842ea9,2026-09-07T13:15:00Z,2026-09-07T15:15:00+0200,9452.29705,MW,DE,DE_LU,actual_onshore_wind_generation,Wind Onshore,2026-09-08T17:38:47Z
2026-09-08T17:32:30Z,2026-09-08T19:32:30+0200,84abc74b-3fe7-4981-9f51-d43de6842ea9,2026-09-07T13:30:00Z,2026-09-07T15:30:00+0200,9543.44062,MW,DE,DE_LU,actual_onshore_wind_generation,Wind Onshore,2026-09-08T17:38:47Z
2026-09-08T17:32:30Z,2026-09-08T19:32:30+0200,84abc74b-3fe7-4981-9f51-d43de6842ea9,2026-09-07T13:45:00Z,2026-09-07T15:45:00+0200,9709.61917,MW,DE,DE_LU,actual_onshore_wind_generation,Wind Onshore,2026-09-08T17:38:47Z
2026-09-08T17:32:30Z,2026-09-08T19:32:30+0200,84abc74b-3fe7-4981-9f51-d43de6842ea9,2026-09-07T19:45:00Z,2026-09-07T21:45:00+0200,14573.25783,MW,DE,DE_LU,actual_onshore_wind_generation,Wind Onshore,2026-09-08T17:38:47Z
2026-09-08T17:32:30Z,2026-09-08T19:32:30+0200,84abc74b-3fe7-4981-9f51-d43de6842ea9,2026-09-07T20:00:00Z,2026-09-07T22:00:00+0200,14455.69772,MW,DE,DE_LU,actual_onshore_wind_generation,Wind Onshore,2026-09-08T17:38:47Z
2026-09-08T17:32:30Z,2026-09-08T19:32:30+0200,84abc74b-3fe7-4981-9f51-d43de6842ea9,2026-09-07T20:15:00Z,2026-09-07T22:15:00+0200,14502.41071,MW,DE,DE_LU,actual_onshore_wind_generation,Wind Onshore,2026-09-08T17:38:47Z
2026-09-08T17:32:30Z,2026-09-08T19:32:30+0200,84abc74b-3fe7-4981-9f51-d43de6842ea9,2026-09-07T20:30:00Z,2026-09-07T22:30:00+0200,14260.08034,MW,DE,DE_LU,actual_onshore_wind_generation,Wind Onshore,2026-09-08T17:38:47Z
2026-09-08T17:32:30Z,2026-09-08T19:32:30+0200,84abc74b-3fe7-4981-9f51-d43de6842ea9,2026-09-07T20:45:00Z,2026-09-07T22:45:00+0200,14006.73121,MW,DE,DE_LU,actual_onshore_wind_generation,Wind Onshore,2026-09-08T17:38:47Z
2026-09-08T17:32:30Z,2026-09-08T19:32:30+0200,84abc74b-3fe7-4981-9f51-d43de6842ea9,2026-09-07T21:00:00Z,2026-09-07T23:00:00+0200,13928.4409,MW,DE,DE_LU,actual_onshore_wind_generation,Wind Onshore,2026-09-08T17:38:47Z
2026-09-08T17:32:30Z,2026-09-08T19:32:30+0200,84abc74b-3fe7-4981-9f51-d43de6842ea9,2026-09-07T21:15:00Z,2026-09-07T23:15:00+0200,13745.58268,MW,DE,DE_LU,actual_onshore_wind_generation,Wind Onshore,2026-09-08T17:38:47Z
2026-09-08T17:32:30Z,2026-09-08T19:32:30+0200,84abc74b-3fe7-4981-9f51-d43de6842ea9,2026-09-07T21:30:00Z,2026-09-07T23:30:00+0200,13680.08434,MW,DE,DE_LU,actual_onshore_wind_generation,Wind Onshore,2026-09-08T17:38:47Z
2026-09-08T17:32:30Z,2026-09-08T19:32:30+0200,84abc74b-3fe7-4981-9f51-d43de6842ea9,2026-09-07T21:45:00Z,2026-09-07T23:45:00+0200,13723.87669,MW,DE,DE_LU,actual_onshore_wind_generation,Wind Onshore,2026-09-08T17:38:47Z
2026-09-08T17:32:30Z,2026-09-08T19:32:30+0200,84abc74b-3fe7-4981-9f51-d43de6842ea9,2026-09-07T22:00:00Z,2026-09-08T00:00:00+0200,13513.63157,MW,DE,DE_LU,actual_onshore_wind_generation,Wind Onshore,2026-09-08T17:38:47Z
2026-09-08T17:32:30Z,2026-09-08T19:32:30+0200,84abc74b-3fe7-4981-9f51-d43de6842ea9,2026-09-07T22:15:00Z,2026-09-08T00:15:00+0200,13218.80859,MW,DE,DE_LU,actual_onshore_wind_generation,Wind Onshore,2026-09-08T17:38:47Z
2026-09-08T17:32:30Z,2026-09-08T19:32:30+0200,84abc74b-3fe7-4981-9f51-d43de6842ea9,2026-09-07T22:30:00Z,2026-09-08T00:30:00+0200,13069.64852,MW,DE,DE_LU,actual_onshore_wind_generation,Wind Onshore,2026-09-08T17:38:47Z
2026-09-08T17:32:30Z,2026-09-08T19:32:30+0200,84abc74b-3fe7-4981-9f51-d43de6842ea9,2026-09-07T22:45:00Z,2026-09-08T00:45:00+0200,12895.67515,MW,DE,DE_LU,actual_onshore_wind_generation,Wind Onshore,2026-09-08T17:38:47Z
2026-09-08T17:32:30Z,2026-09-08T19:32:30+0200,84abc74b-3fe7-4981-9f51-d43de6842ea9,2026-09-07T23:00:00Z,2026-09-08T01:00:00+0200,12570.88112,MW,DE,DE_LU,actual_onshore_wind_generation,Wind Onshore,2026-09-08T17:38:47Z
2026-09-08T17:32:30Z,2026-09-08T19:32:30+0200,84abc74b-3fe7-4981-9f51-d43de6842ea9,2026-09-07T23:15:00Z,2026-09-08T01:15:00+0200,12470.04312,MW,DE,DE_LU,actual_onshore_wind_generation,Wind Onshore,2026-09-08T17:38:47Z
2026-09-08T17:32:30Z,2026-09-08T19:32:30+0200,84abc74b-3fe7-4981-9f51-d43de6842ea9,2026-09-07T23:30:00Z,2026-09-08T01:30:00+0200,12527.72481,MW,DE,DE_LU,actual_onshore_wind_generation,Wind Onshore,2026-09-08T17:38:47Z
2026-09-08T17:32:30Z,2026-09-08T19:32:30+0200,84abc74b-3fe7-4981-9f51-d43de6842ea9,2026-09-07T23:45:00Z,2026-09-08T01:45:00+0200,12365.61882,MW,DE,DE_LU,actual_onshore_wind_generation,Wind Onshore,2026-09-08T17:38:47Z
2026-09-08T17:32:30Z,2026-09-08T19:32:30+0200,84abc74b-3fe7-4981-9f51-d43de6842ea9,2026-09-08T00:00:00Z,2026-09-08T02:00:00+0200,12238.11208,MW,DE,DE_LU,actual_onshore_wind_generation,Wind Onshore,2026-09-08T17:38:47Z
2026-09-08T17:32:30Z,2026-09-08T19:32:30+0200,84abc74b-3fe7-4981-9f51-d43de6842ea9,2026-09-08T00:15:00Z,2026-09-08T02:15:00+0200,12230.6696,MW,DE,DE_LU,actual_onshore_wind_generation,Wind Onshore,2026-09-08T17:38:47Z
2026-09-08T17:32:30Z,2026-09-08T19:32:30+0200,84abc74b-3fe7-4981-9f51-d43de6842ea9,2026-09-08T00:30:00Z,2026-09-08T02:30:00+0200,11831.11543,MW,DE,DE_LU,actual_onshore_wind_generation,Wind Onshore,2026-09-08T17:38:47Z
2026-09-08T17:32:30Z,2026-09-08T19:32:30+0200,84abc74b-3fe7-4981-9f51-d43de6842ea9,2026-09-08T00:45:00Z,2026-09-08T02:45:00+0200,11417.6832,MW,DE,DE_LU,actual_onshore_wind_generation,Wind Onshore,2026-09-08T17:38:47Z
2026-09-08T17:32:30Z,2026-09-08T19:32:30+0200,84abc74b-3fe7-4981-9f51-d43de6842ea9,2026-09-08T01:00:00Z,2026-09-08T03:00:00+0200,11051.49152,MW,DE,DE_LU,actual_onshore_wind_generation,Wind Onshore,2026-09-08T17:38:47Z
2026-09-08T17:32:30Z,2026-09-08T19:32:30+0200,84abc74b-3fe7-4981-9f51-d43de6842ea9,2026-09-08T01:15:00Z,2026-09-08T03:15:00+0200,11004.87386,MW,DE,DE_LU,actual_onshore_wind_generation,Wind Onshore,2026-09-08T17:38:47Z
2026-09-08T17:32:30Z,2026-09-08T19:32:30+0200,84abc74b-3fe7-4981-9f51-d43de6842ea9,2026-09-08T01:30:00Z,2026-09-08T03:30:00+0200,11089.02596,MW,DE,DE_LU,actual_onshore_wind_generation,Wind Onshore,2026-09-08T17:38:47Z
2026-09-08T17:32:30Z,2026-09-08T19:32:30+0200,84abc74b-3fe7-4981-9f51-d43de6842ea9,2026-09-08T01:45:00Z,2026-09-08T03:45:00+0200,11344.45647,MW,DE,DE_LU,actual_onshore_wind_generation,Wind Onshore,2026-09-08T17:38:47Z
2026-09-08T17:32:30Z,2026-09-08T19:32:30+0200,84abc74b-3fe7-4981-9f51-d43de6842ea9,2026-09-08T02:00:00Z,2026-09-08T04:00:00+0200,11566.17661,MW,DE,DE_LU,actual_onshore_wind_generation,Wind Onshore,2026-09-08T17:38:47Z
2026-09-08T17:32:30Z,2026-09-08T19:32:30+0200,84abc74b-3fe7-4981-9f51-d43de6842ea9,2026-09-08T02:15:00Z,2026-09-08T04:15:00+0200,11652.77265,MW,DE,DE_LU,actual_onshore_wind_generation,Wind Onshore,2026-09-08T17:38:47Z
2026-09-08T17:32:30Z,2026-09-08T19:32:30+0200,84abc74b-3fe7-4981-9f51-d43de6842ea9,2026-09-08T02:30:00Z,2026-09-08T04:30:00+0200,11709.80552,MW,DE,DE_LU,actual_onshore_wind_generation,Wind Onshore,2026-09-08T17:38:47Z
2026-09-08T17:32:30Z,2026-09-08T19:32:30+0200,84abc74b-3fe7-4981-9f51-d43de6842ea9,2026-09-08T02:45:00Z,2026-09-08T04:45:00+0200,11760.66329,MW,DE,DE_LU,actual_onshore_wind_generation,Wind Onshore,2026-09-08T17:38:47Z
2026-09-08T17:32:30Z,2026-09-08T19:32:30+0200,84abc74b-3fe7-4981-9f51-d43de6842ea9,2026-09-08T03:00:00Z,2026-09-08T05:00:00+0200,11952.21217,MW,DE,DE_LU,actual_onshore_wind_generation,Wind Onshore,2026-09-08T17:38:47Z
2026-09-08T17:32:30Z,2026-09-08T19:32:30+0200,84abc74b-3fe7-4981-9f51-d43de6842ea9,2026-09-08T03:15:00Z,2026-09-08T05:15:00+0200,12216.68816,MW,DE,DE_LU,actual_onshore_wind_generation,Wind Onshore,2026-09-08T17:38:47Z
2026-09-08T17:32:30Z,2026-09-08T19:32:30+0200,84abc74b-3fe7-4981-9f51-d43de6842ea9,2026-09-08T03:30:00Z,2026-09-08T05:30:00+0200,12369.02994,MW,DE,DE_LU,actual_onshore_wind_generation,Wind Onshore,2026-09-08T17:38:47Z
2026-09-08T17:32:30Z,2026-09-08T19:32:30+0200,84abc74b-3fe7-4981-9f51-d43de6842ea9,2026-09-08T03:45:00Z,2026-09-08T05:45:00+0200,12634.02894,MW,DE,DE_LU,actual_onshore_wind_generation,Wind Onshore,2026-09-08T17:38:47Z
2026-09-08T17:32:30Z,2026-09-08T19:32:30+0200,84abc74b-3fe7-4981-9f51-d43de6842ea9,2026-09-08T04:00:00Z,2026-09-08T06:00:00+0200,12934.73555,MW,DE,DE_LU,actual_onshore_wind_generation,Wind Onshore,2026-09-08T17:38:47Z
2026-09-08T17:32:30Z,2026-09-08T19:32:30+0200,84abc74b-3fe7-4981-9f51-d43de6842ea9,2026-09-08T04:15:00Z,2026-09-08T06:15:00+0200,13119.24543,MW,DE,DE_LU,actual_onshore_wind_generation,Wind Onshore,2026-09-08T17:38:47Z
2026-09-08T17:32:30Z,2026-09-08T19:32:30+0200,84abc74b-3fe7-4981-9f51-d43de6842ea9,2026-09-08T04:30:00Z,2026-09-08T06:30:00+0200,13180.39107,MW,DE,DE_LU,actual_onshore_wind_generation,Wind Onshore,2026-09-08T17:38:47Z
2026-09-08T17:32:30Z,2026-09-08T19:32:30+0200,84abc74b-3fe7-4981-9f51-d43de6842ea9,2026-09-08T04:45:00Z,2026-09-08T06:45:00+0200,13890.49699,MW,DE,DE_LU,actual_onshore_wind_generation,Wind Onshore,2026-09-08T17:38:47Z
2026-09-08T17:32:30Z,2026-09-08T19:32:30+0200,84abc74b-3fe7-4981-9f51-d43de6842ea9,2026-09-08T05:00:00Z,2026-09-08T07:00:00+0200,14165.98608,MW,DE,DE_LU,actual_onshore_wind_generation,Wind Onshore,2026-09-08T17:38:47Z
2026-09-08T17:32:30Z,2026-09-08T19:32:30+0200,84abc74b-3fe7-4981-9f51-d43de6842ea9,2026-09-08T05:15:00Z,2026-09-08T07:15:00+0200,14012.18353,MW,DE,DE_LU,actual_onshore_wind_generation,Wind Onshore,2026-09-08T17:38:47Z
2026-09-08T17:32:30Z,2026-09-08T19:32:30+0200,84abc74b-3fe7-4981-9f51-d43de6842ea9,2026-09-08T05:30:00Z,2026-09-08T07:30:00+0200,13597.90494,MW,DE,DE_LU,actual_onshore_wind_generation,Wind Onshore,2026-09-08T17:38:47Z
2026-09-08T17:32:30Z,2026-09-08T19:32:30+0200,84abc74b-3fe7-4981-9f51-d43de6842ea9,2026-09-08T05:45:00Z,2026-09-08T07:45:00+0200,13241.95075,MW,DE,DE_LU,actual_onshore_wind_generation,Wind Onshore,2026-09-08T17:38:47Z
2026-09-08T17:32:30Z,2026-09-08T19:32:30+0200,84abc74b-3fe7-4981-9f51-d43de6842ea9,2026-09-08T06:00:00Z,2026-09-08T08:00:00+0200,12715.00579,MW,DE,DE_LU,actual_onshore_wind_generation,Wind Onshore,2026-09-08T17:38:47Z
2026-09-08T17:32:30Z,2026-09-08T19:32:30+0200,84abc74b-3fe7-4981-9f51-d43de6842ea9,2026-09-08T06:15:00Z,2026-09-08T08:15:00+0200,12053.33914,MW,DE,DE_LU,actual_onshore_wind_generation,Wind Onshore,2026-09-08T17:38:47Z
2026-09-08T17:32:30Z,2026-09-08T19:32:30+0200,84abc74b-3fe7-4981-9f51-d43de6842ea9,2026-09-08T06:30:00Z,2026-09-08T08:30:00+0200,11461.85465,MW,DE,DE_LU,actual_onshore_wind_generation,Wind Onshore,2026-09-08T17:38:47Z
2026-09-08T17:32:30Z,2026-09-08T19:32:30+0200,84abc74b-3fe7-4981-9f51-d43de6842ea9,2026-09-08T06:45:00Z,2026-09-08T08:45:00+0200,11031.99248,MW,DE,DE_LU,actual_onshore_wind_generation,Wind Onshore,2026-09-08T17:38:47Z
2026-09-08T17:32:30Z,2026-09-08T19:32:30+0200,84abc74b-3fe7-4981-9f51-d43de6842ea9,2026-09-08T07:00:00Z,2026-09-08T09:00:00+0200,10616.79519,MW,DE,DE_LU,actual_onshore_wind_generation,Wind Onshore,2026-09-08T17:38:47Z
2026-09-08T17:32:30Z,2026-09-08T19:32:30+0200,84abc74b-3fe7-4981-9f51-d43de6842ea9,2026-09-08T07:15:00Z,2026-09-08T09:15:00+0200,10334.83101,MW,DE,DE_LU,actual_onshore_wind_generation,Wind Onshore,2026-09-08T17:38:47Z
2026-09-08T17:32:30Z,2026-09-08T19:32:30+0200,84abc74b-3fe7-4981-9f51-d43de6842ea9,2026-09-08T07:30:00Z,2026-09-08T09:30:00+0200,10280.3537,MW,DE,DE_LU,actual_onshore_wind_generation,Wind Onshore,2026-09-08T17:38:47Z
