collection_time_utc,collection_time_local,run_id,timestamp_utc,timestamp_local,value,unit,country,entsoe_area,variable,source,updated_at_utc
2026-07-25T10:47:05Z,2026-07-25T12:47:05+0200,8f98f9ca-4a78-47a6-8878-9b0cbde920eb,2026-06-24T11:00:00Z,2026-06-24T13:00:00+0200,69.440002,EUR/MWh,DK2,DK_2,day_ahead_price,value,2026-07-25T10:50:28Z
2026-07-25T10:47:05Z,2026-07-25T12:47:05+0200,8f98f9ca-4a78-47a6-8878-9b0cbde920eb,2026-06-24T11:15:00Z,2026-06-24T13:15:00+0200,66.379997,EUR/MWh,DK2,DK_2,day_ahead_price,value,2026-07-25T10:50:28Z
2026-07-25T10:47:05Z,2026-07-25T12:47:05+0200,8f98f9ca-4a78-47a6-8878-9b0cbde920eb,2026-06-24T11:30:00Z,2026-06-24T13:30:00+0200,65.220001,EUR/MWh,DK2,DK_2,day_ahead_price,value,2026-07-25T10:50:28Z
2026-07-25T10:47:05Z,2026-07-25T12:47:05+0200,8f98f9ca-4a78-47a6-8878-9b0cbde920eb,2026-06-24T11:45:00Z,2026-06-24T13:45:00+0200,63.700001,EUR/MWh,DK2,DK_2,day_ahead_price,value,2026-07-25T10:50:28Z
2026-07-25T10:47:05Z,2026-07-25T12:47:05+0200,8f98f9ca-4a78-47a6-8878-9b0cbde920eb,2026-06-24T12:00:00Z,2026-06-24T14:00:00+0200,60.900002,EUR/MWh,DK2,DK_2,day_ahead_price,value,2026-07-25T10:50:28Z
2026-07-25T10:47:05Z,2026-07-25T12:47:05+0200,8f98f9ca-4a78-47a6-8878-9b0cbde920eb,2026-06-24T12:15:00Z,2026-06-24T14:15:00+0200,65.400002,EUR/MWh,DK2,DK_2,day_ahead_price,value,2026-07-25T10:50:28Z
2026-07-25T10:47:05Z,2026-07-25T12:47:05+0200,8f98f9ca-4a78-47a6-8878-9b0cbde920eb,2026-06-24T12:30:00Z,2026-06-24T14:30:00+0200,69.13,EUR/MWh,DK2,DK_2,day_ahead_price,value,2026-07-25T10:50:28Z
2026-07-25T10:47:05Z,2026-07-25T12:47:05+0200,8f98f9ca-4a78-47a6-8878-9b0cbde920eb,2026-06-24T12:45:00Z,2026-06-24T14:45:00+0200,82.629997,EUR/MWh,DK2,DK_2,day_ahead_price,value,2026-07-25T10:50:28Z
2026-07-25T10:47:05Z,2026-07-25T12:47:05+0200,8f98f9ca-4a78-47a6-8878-9b0cbde920eb,2026-06-24T13:00:00Z,2026-06-24T15:00:00+0200,59.939999,EUR/MWh,DK2,DK_2,day_ahead_price,value,2026-07-25T10:50:28Z
2026-07-25T10:47:05Z,2026-07-25T12:47:05+0200,8f98f9ca-4a78-47a6-8878-9b0cbde920eb,2026-06-24T13:15:00Z,2026-06-24T15:15:00+0200,81.629997,EUR/MWh,DK2,DK_2,day_ahead_price,value,2026-07-25T10:50:28Z
2026-07-25T10:47:05Z,2026-07-25T12:47:05+0200,8f98f9ca-4a78-47a6-8878-9b0cbde920eb,2026-06-24T13:30:00Z,2026-06-24T15:30:00+0200,92.22,EUR/MWh,DK2,DK_2,day_ahead_price,value,2026-07-25T10:50:28Z
2026-07-25T10:47:05Z,2026-07-25T12:47:05+0200,8f98f9ca-4a78-47a6-8878-9b0cbde920eb,2026-06-24T13:45:00Z,2026-06-24T15:45:00+0200,103.330002,EUR/MWh,DK2,DK_2,day_ahead_price,value,2026-07-25T10:50:28Z
2026-07-25T10:47:05Z,2026-07-25T12:47:05+0200,8f98f9ca-4a78-47a6-8878-9b0cbde920eb,2026-06-24T14:00:00Z,2026-06-24T16:00:00+0200,94.050003,EUR/MWh,DK2,DK_2,day_ahead_price,value,2026-07-25T10:50:28Z
2026-07-25T10:47:05Z,2026-07-25T12:47:05+0200,8f98f9ca-4a78-47a6-8878-9b0cbde920eb,2026-06-24T14:15:00Z,2026-06-24T16:15:00+0200,104.44,EUR/MWh,DK2,DK_2,day_ahead_price,value,2026-07-25T10:50:28Z
2026-07-25T10:47:05Z,2026-07-25T12:47:05+0200,8f98f9ca-4a78-47a6-8878-9b0cbde920eb,2026-06-24T14:30:00Z,2026-06-24T16:30:00+0200,107.739998,EUR/MWh,DK2,DK_2,day_ahead_price,value,2026-07-25T10:50:28Z
2026-07-25T10:47:05Z,2026-07-25T12:47:05+0200,8f98f9ca-4a78-47a6-8878-9b0cbde920eb,2026-06-24T14:45:00Z,2026-06-24T16:45:00+0200,119.75,EUR/MWh,DK2,DK_2,day_ahead_price,value,2026-07-25T10:50:28Z
2026-07-25T10:47:05Z,2026-07-25T12:47:05+0200,8f98f9ca-4a78-47a6-8878-9b0cbde920eb,2026-06-24T15:00:00Z,2026-06-24T17:00:00+0200,108.010002,EUR/MWh,DK2,DK_2,day_ahead_price,value,2026-07-25T10:50:28Z
2026-07-25T10:47:05Z,2026-07-25T12:47:05+0200,8f98f9ca-4a78-47a6-8878-9b0cbde920eb,2026-06-24T15:15:00Z,2026-06-24T17:15:00+0200,119.330002,EUR/MWh,DK2,DK_2,day_ahead_price,value,2026-07-25T10:50:28Z
2026-07-25T10:47:05Z,2026-07-25T12:47:05+0200,8f98f9ca-4a78-47a6-8878-9b0cbde920eb,2026-06-24T15:30:00Z,2026-06-24T17:30:00+0200,134.339996,EUR/MWh,DK2,DK_2,day_ahead_price,value,2026-07-25T10:50:28Z
2026-07-25T10:47:05Z,2026-07-25T12:47:05+0200,8f98f9ca-4a78-47a6-8878-9b0cbde920eb,2026-06-24T15:45:00Z,2026-06-24T17:45:00+0200,148.440002,EUR/MWh,DK2,DK_2,day_ahead_price,value,2026-07-25T10:50:28Z
2026-07-25T10:47:05Z,2026-07-25T12:47:05+0200,8f98f9ca-4a78-47a6-8878-9b0cbde920eb,2026-06-24T16:00:00Z,2026-06-24T18:00:00+0200,135.949997,EUR/MWh,DK2,DK_2,day_ahead_price,value,2026-07-25T10:50:28Z
2026-07-25T10:47:05Z,2026-07-25T12:47:05+0200,8f98f9ca-4a78-47a6-8878-9b0cbde920eb,2026-06-24T16:15:00Z,2026-06-24T18:15:00+0200,153.11,EUR/MWh,DK2,DK_2,day_ahead_price,value,2026-07-25T10:50:28Z
2026-07-25T10:47:05Z,2026-07-25T12:47:05+0200,8f98f9ca-4a78-47a6-8878-9b0cbde920eb,2026-06-24T16:30:00Z,2026-06-24T18:30:00+0200,205.34,EUR/MWh,DK2,DK_2,day_ahead_price,value,2026-07-25T10:50:28Z
2026-07-25T10:47:05Z,2026-07-25T12:47:05+0200,8f98f9ca-4a78-47a6-8878-9b0cbde920eb,2026-06-24T16:45:00Z,2026-06-24T18:45:00+0200,289.559998,EUR/MWh,DK2,DK_2,day_ahead_price,value,2026-07-25T10:50:28Z
2026-07-25T10:47:05Z,2026-07-25T12:47:05+0200,8f98f9ca-4a78-47a6-8878-9b0cbde920eb,2026-06-24T17:00:00Z,2026-06-24T19:00:00+0200,239.99,EUR/MWh,DK2,DK_2,day_ahead_price,value,2026-07-25T10:50:28Z
2026-07-25T10:47:05Z,2026-07-25T12:47:05+0200,8f98f9ca-4a78-47a6-8878-9b0cbde920eb,2026-06-24T17:15:00Z,2026-06-24T19:15:00+0200,316.570007,EUR/MWh,DK2,DK_2,day_ahead_price,value,2026-07-25T10:50:28Z
2026-07-25T10:47:05Z,2026-07-25T12:47:05+0200,8f98f9ca-4a78-47a6-8878-9b0cbde920eb,2026-06-24T17:30:00Z,2026-06-24T19:30:00+0200,574.89,EUR/MWh,DK2,DK_2,day_ahead_price,value,2026-07-25T10:50:28Z
2026-07-25T10:47:05Z,2026-07-25T12:47:05+0200,8f98f9ca-4a78-47a6-8878-9b0cbde920eb,2026-06-24T17:45:00Z,2026-06-24T19:45:00+0200,709.04,EUR/MWh,DK2,DK_2,day_ahead_price,value,2026-07-25T10:50:28Z
2026-07-25T10:47:05Z,2026-07-25T12:47:05+0200,8f98f9ca-4a78-47a6-8878-9b0cbde920eb,2026-06-24T18:00:00Z,2026-06-24T20:00:00+0200,574.830017,EUR/MWh,DK2,DK_2,day_ahead_price,value,2026-07-25T10:50:28Z
2026-07-25T10:47:05Z,2026-07-25T12:47:05+0200,8f98f9ca-4a78-47a6-8878-9b0cbde920eb,2026-06-24T18:15:00Z,2026-06-24T20:15:00+0200,665.66,EUR/MWh,DK2,DK_2,day_ahead_price,value,2026-07-25T10:50:28Z
2026-07-25T10:47:05Z,2026-07-25T12:47:05+0200,8f98f9ca-4a78-47a6-8878-9b0cbde920eb,2026-06-24T18:30:00Z,2026-06-24T20:30:00+0200,720.869995,EUR/MWh,DK2,DK_2,day_ahead_price,value,2026-07-25T10:50:28Z
2026-07-25T10:47:05Z,2026-07-25T12:47:05+0200,8f98f9ca-4a78-47a6-8878-9b0cbde920eb,2026-06-24T18:45:00Z,2026-06-24T20:45:00+0200,772.66,EUR/MWh,DK2,DK_2,day_ahead_price,value,2026-07-25T10:50:28Z
2026-07-25T10:47:05Z,2026-07-25T12:47:05+0200,8f98f9ca-4a78-47a6-8878-9b0cbde920eb,2026-06-24T19:00:00Z,2026-06-24T21:00:00+0200,713.54,EUR/MWh,DK2,DK_2,day_ahead_price,value,2026-07-25T10:50:28Z
2026-07-25T10:47:05Z,2026-07-25T12:47:05+0200,8f98f9ca-4a78-47a6-8878-9b0cbde920eb,2026-06-24T19:15:00Z,2026-06-24T21:15:00+0200,701.62,EUR/MWh,DK2,DK_2,day_ahead_price,value,2026-07-25T10:50:28Z
2026-07-25T10:47:05Z,2026-07-25T12:47:05+0200,8f98f9ca-4a78-47a6-8878-9b0cbde920eb,2026-06-24T19:30:00Z,2026-06-24T21:30:00+0200,671.13,EUR/MWh,DK2,DK_2,day_ahead_price,value,2026-07-25T10:50:28Z
2026-07-25T10:47:05Z,2026-07-25T12:47:05+0200,8f98f9ca-4a78-47a6-8878-9b0cbde920eb,2026-06-24T19:45:00Z,2026-06-24T21:45:00+0200,636.27,EUR/MWh,DK2,DK_2,day_ahead_price,value,2026-07-25T10:50:28Z
2026-07-25T10:47:05Z,2026-07-25T12:47:05+0200,8f98f9ca-4a78-47a6-8878-9b0cbde920eb,2026-06-24T20:00:00Z,2026-06-24T22:00:00+0200,653.47998,EUR/MWh,DK2,DK_2,day_ahead_price,value,2026-07-25T10:50:28Z
2026-07-25T10:47:05Z,2026-07-25T12:47:05+0200,8f98f9ca-4a78-47a6-8878-9b0cbde920eb,2026-06-24T20:15:00Z,2026-06-24T22:15:00+0200,525.590027,EUR/MWh,DK2,DK_2,day_ahead_price,value,2026-07-25T10:50:28Z
2026-07-25T10:47:05Z,2026-07-25T12:47:05+0200,8f98f9ca-4a78-47a6-8878-9b0cbde920eb,2026-06-24T20:30:00Z,2026-06-24T22:30:00+0200,414.779999,EUR/MWh,DK2,DK_2,day_ahead_price,value,2026-07-25T10:50:28Z
2026-07-25T10:47:05Z,2026-07-25T12:47:05+0200,8f98f9ca-4a78-47a6-8878-9b0cbde920eb,2026-06-24T20:45:00Z,2026-06-24T22:45:00+0200,307.79,EUR/MWh,DK2,DK_2,day_ahead_price,value,2026-07-25T10:50:28Z
2026-07-25T10:47:05Z,2026-07-25T12:47:05+0200,8f98f9ca-4a78-47a6-8878-9b0cbde920eb,2026-06-24T21:00:00Z,2026-06-24T23:00:00+0200,355.43,EUR/MWh,DK2,DK_2,day_ahead_price,value,2026-07-25T10:50:28Z
2026-07-25T10:47:05Z,2026-07-25T12:47:05+0200,8f98f9ca-4a78-47a6-8878-9b0cbde920eb,2026-06-24T21:15:00Z,2026-06-24T23:15:00+0200,287.59,EUR/MWh,DK2,DK_2,day_ahead_price,value,2026-07-25T10:50:28Z
2026-07-25T10:47:05Z,2026-07-25T12:47:05+0200,8f98f9ca-4a78-47a6-8878-9b0cbde920eb,2026-06-24T21:30:00Z,2026-06-24T23:30:00+0200,234.179993,EUR/MWh,DK2,DK_2,day_ahead_price,value,2026-07-25T10:50:28Z
2026-07-25T10:47:05Z,2026-07-25T12:47:05+0200,8f98f9ca-4a78-47a6-8878-9b0cbde920eb,2026-06-24T21:45:00Z,2026-06-24T23:45:00+0200,186.050003,EUR/MWh,DK2,DK_2,day_ahead_price,value,2026-07-25T10:50:28Z
2026-07-25T10:47:05Z,2026-07-25T12:47:05+0200,8f98f9ca-4a78-47a6-8878-9b0cbde920eb,2026-06-24T22:00:00Z,2026-06-25T00:00:00+0200,200.100006,EUR/MWh,DK2,DK_2,day_ahead_price,value,2026-07-25T10:50:28Z
2026-07-25T10:47:05Z,2026-07-25T12:47:05+0200,8f98f9ca-4a78-47a6-8878-9b0cbde920eb,2026-06-24T22:15:00Z,2026-06-25T00:15:00+0200,171.01,EUR/MWh,DK2,DK_2,day_ahead_price,value,2026-07-25T10:50:28Z
2026-07-25T10:47:05Z,2026-07-25T12:47:05+0200,8f98f9ca-4a78-47a6-8878-9b0cbde920eb,2026-06-24T22:30:00Z,2026-06-25T00:30:00+0200,154.02,EUR/MWh,DK2,DK_2,day_ahead_price,value,2026-07-25T10:50:28Z
2026-07-25T10:47:05Z,2026-07-25T12:47:05+0200,8f98f9ca-4a78-47a6-8878-9b0cbde920eb,2026-06-24T22:45:00Z,2026-06-25T00:45:00+0200,153.1,EUR/MWh,DK2,DK_2,day_ahead_price,value,2026-07-25T10:50:28Z
2026-07-25T10:47:05Z,2026-07-25T12:47:05+0200,8f98f9ca-4a78-47a6-8878-9b0cbde920eb,2026-06-24T23:00:00Z,2026-06-25T01:00:00+0200,165.19,EUR/MWh,DK2,DK_2,day_ahead_price,value,2026-07-25T10:50:28Z
2026-07-25T10:47:05Z,2026-07-25T12:47:05+0200,8f98f9ca-4a78-47a6-8878-9b0cbde920eb,2026-06-24T23:15:00Z,2026-06-25T01:15:00+0200,157.74,EUR/MWh,DK2,DK_2,day_ahead_price,value,2026-07-25T10:50:28Z
2026-07-25T10:47:05Z,2026-07-25T12:47:05+0200,8f98f9ca-4a78-47a6-8878-9b0cbde920eb,2026-06-24T23:30:00Z,2026-06-25T01:30:00+0200,151.910004,EUR/MWh,DK2,DK_2,day_ahead_price,value,2026-07-25T10:50:28Z
2026-07-25T10:47:05Z,2026-07-25T12:47:05+0200,8f98f9ca-4a78-47a6-8878-9b0cbde920eb,2026-06-24T23:45:00Z,2026-06-25T01:45:00+0200,144.960007,EUR/MWh,DK2,DK_2,day_ahead_price,value,2026-07-25T10:50:28Z
2026-07-25T10:47:05Z,2026-07-25T12:47:05+0200,8f98f9ca-4a78-47a6-8878-9b0cbde920eb,2026-06-25T00:00:00Z,2026-06-25T02:00:00+0200,153.929993,EUR/MWh,DK2,DK_2,day_ahead_price,value,2026-07-25T10:50:28Z
2026-07-25T10:47:05Z,2026-07-25T12:47:05+0200,8f98f9ca-4a78-47a6-8878-9b0cbde920eb,2026-06-25T00:15:00Z,2026-06-25T02:15:00+0200,144.27,EUR/MWh,DK2,DK_2,day_ahead_price,value,2026-07-25T10:50:28Z
2026-07-25T10:47:05Z,2026-07-25T12:47:05+0200,8f98f9ca-4a78-47a6-8878-9b0cbde920eb,2026-06-25T00:30:00Z,2026-06-25T02:30:00+0200,142.46,EUR/MWh,DK2,DK_2,day_ahead_price,value,2026-07-25T10:50:28Z
2026-07-25T10:47:05Z,2026-07-25T12:47:05+0200,8f98f9ca-4a78-47a6-8878-9b0cbde920eb,2026-06-25T00:45:00Z,2026-06-25T02:45:00+0200,140.68,EUR/MWh,DK2,DK_2,day_ahead_price,value,2026-07-25T10:50:28Z
2026-07-25T10:47:05Z,2026-07-25T12:47:05+0200,8f98f9ca-4a78-47a6-8878-9b0cbde920eb,2026-06-25T01:00:00Z,2026-06-25T03:00:00+0200,146.43,EUR/MWh,DK2,DK_2,day_ahead_price,value,2026-07-25T10:50:28Z
2026-07-25T10:47:05Z,2026-07-25T12:47:05+0200,8f98f9ca-4a78-47a6-8878-9b0cbde920eb,2026-06-25T01:15:00Z,2026-06-25T03:15:00+0200,143.04,EUR/MWh,DK2,DK_2,day_ahead_price,value,2026-07-25T10:50:28Z
2026-07-25T10:47:05Z,2026-07-25T12:47:05+0200,8f98f9ca-4a78-47a6-8878-9b0cbde920eb,2026-06-25T01:30:00Z,2026-06-25T03:30:00+0200,141.2,EUR/MWh,DK2,DK_2,day_ahead_price,value,2026-07-25T10:50:28Z
2026-07-25T10:47:05Z,2026-07-25T12:47:05+0200,8f98f9ca-4a78-47a6-8878-9b0cbde920eb,2026-06-25T01:45:00Z,2026-06-25T03:45:00+0200,141.19,EUR/MWh,DK2,DK_2,day_ahead_price,value,2026-07-25T10:50:28Z
2026-07-25T10:47:05Z,2026-07-25T12:47:05+0200,8f98f9ca-4a78-47a6-8878-9b0cbde920eb,2026-06-25T02:00:00Z,2026-06-25T04:00:00+0200,139.54,EUR/MWh,DK2,DK_2,day_ahead_price,value,2026-07-25T10:50:28Z
2026-07-25T10:47:05Z,2026-07-25T12:47:05+0200,8f98f9ca-4a78-47a6-8878-9b0cbde920eb,2026-06-25T02:15:00Z,2026-06-25T04:15:00+0200,143.56,EUR/MWh,DK2,DK_2,day_ahead_price,value,2026-07-25T10:50:28Z
2026-07-25T10:47:05Z,2026-07-25T12:47:05+0200,8f98f9ca-4a78-47a6-8878-9b0cbde920eb,2026-06-25T02:30:00Z,2026-06-25T04:30:00+0200,142.75,EUR/MWh,DK2,DK_2,day_ahead_price,value,2026-07-25T10:50:28Z
2026-07-25T10:47:05Z,2026-07-25T12:47:05+0200,8f98f9ca-4a78-47a6-8878-9b0cbde920eb,2026-06-25T02:45:00Z,2026-06-25T04:45:00+0200,137.04,EUR/MWh,DK2,DK_2,day_ahead_price,value,2026-07-25T10:50:28Z
2026-07-25T10:47:05Z,2026-07-25T12:47:05+0200,8f98f9ca-4a78-47a6-8878-9b0cbde920eb,2026-06-25T03:00:00Z,2026-06-25T05:00:00+0200,141.699997,EUR/MWh,DK2,DK_2,day_ahead_price,value,2026-07-25T10:50:28Z
2026-07-25T10:47:05Z,2026-07-25T12:47:05+0200,8f98f9ca-4a78-47a6-8878-9b0cbde920eb,2026-06-25T03:15:00Z,2026-06-25T05:15:00+0200,141.169998,EUR/MWh,DK2,DK_2,day_ahead_price,value,2026-07-25T10:50:28Z
2026-07-25T10:47:05Z,2026-07-25T12:47:05+0200,8f98f9ca-4a78-47a6-8878-9b0cbde920eb,2026-06-25T03:30:00Z,2026-06-25T05:30:00+0200,144.899994,EUR/MWh,DK2,DK_2,day_ahead_price,value,2026-07-25T10:50:28Z
2026-07-25T10:47:05Z,2026-07-25T12:47:05+0200,8f98f9ca-4a78-47a6-8878-9b0cbde920eb,2026-06-25T03:45:00Z,2026-06-25T05:45:00+0200,150.02,EUR/MWh,DK2,DK_2,day_ahead_price,value,2026-07-25T10:50:28Z
2026-07-25T10:47:05Z,2026-07-25T12:47:05+0200,8f98f9ca-4a78-47a6-8878-9b0cbde920eb,2026-06-25T04:00:00Z,2026-06-25T06:00:00+0200,161.42,EUR/MWh,DK2,DK_2,day_ahead_price,value,2026-07-25T10:50:28Z
2026-07-25T10:47:05Z,2026-07-25T12:47:05+0200,8f98f9ca-4a78-47a6-8878-9b0cbde920eb,2026-06-25T04:15:00Z,2026-06-25T06:15:00+0200,169.36,EUR/MWh,DK2,DK_2,day_ahead_price,value,2026-07-25T10:50:28Z
2026-07-25T10:47:05Z,2026-07-25T12:47:05+0200,8f98f9ca-4a78-47a6-8878-9b0cbde920eb,2026-06-25T04:30:00Z,2026-06-25T06:30:00+0200,161.48,EUR/MWh,DK2,DK_2,day_ahead_price,value,2026-07-25T10:50:28Z
2026-07-25T10:47:05Z,2026-07-25T12:47:05+0200,8f98f9ca-4a78-47a6-8878-9b0cbde920eb,2026-06-25T04:45:00Z,2026-06-25T06:45:00+0200,153.449997,EUR/MWh,DK2,DK_2,day_ahead_price,value,2026-07-25T10:50:28Z
2026-07-25T10:47:05Z,2026-07-25T12:47:05+0200,8f98f9ca-4a78-47a6-8878-9b0cbde920eb,2026-06-25T05:00:00Z,2026-06-25T07:00:00+0200,177.960007,EUR/MWh,DK2,DK_2,day_ahead_price,value,2026-07-25T10:50:28Z
2026-07-25T10:47:05Z,2026-07-25T12:47:05+0200,8f98f9ca-4a78-47a6-8878-9b0cbde920eb,2026-06-25T05:15:00Z,2026-06-25T07:15:00+0200,157.31,EUR/MWh,DK2,DK_2,day_ahead_price,value,2026-07-25T10:50:28Z
2026-07-25T10:47:05Z,2026-07-25T12:47:05+0200,8f98f9ca-4a78-47a6-8878-9b0cbde920eb,2026-06-25T05:30:00Z,2026-06-25T07:30:00+0200,141.38,EUR/MWh,DK2,DK_2,day_ahead_price,value,2026-07-25T10:50:28Z
2026-07-25T10:47:05Z,2026-07-25T12:47:05+0200,8f98f9ca-4a78-47a6-8878-9b0cbde920eb,2026-06-25T05:45:00Z,2026-06-25T07:45:00+0200,117.160004,EUR/MWh,DK2,DK_2,day_ahead_price,value,2026-07-25T10:50:28Z
2026-07-25T10:47:05Z,2026-07-25T12:47:05+0200,8f98f9ca-4a78-47a6-8878-9b0cbde920eb,2026-06-25T06:00:00Z,2026-06-25T08:00:00+0200,140.94,EUR/MWh,DK2,DK_2,day_ahead_price,value,2026-07-25T10:50:28Z
2026-07-25T10:47:05Z,2026-07-25T12:47:05+0200,8f98f9ca-4a78-47a6-8878-9b0cbde920eb,2026-06-25T06:15:00Z,2026-06-25T08:15:00+0200,124.9,EUR/MWh,DK2,DK_2,day_ahead_price,value,2026-07-25T10:50:28Z
2026-07-25T10:47:05Z,2026-07-25T12:47:05+0200,8f98f9ca-4a78-47a6-8878-9b0cbde920eb,2026-06-25T06:30:00Z,2026-06-25T08:30:00+0200,112.540001,EUR/MWh,DK2,DK_2,day_ahead_price,value,2026-07-25T10:50:28Z
2026-07-25T10:47:05Z,2026-07-25T12:47:05+0200,8f98f9ca-4a78-47a6-8878-9b0cbde920eb,2026-06-25T06:45:00Z,2026-06-25T08:45:00+0200,100.739998,EUR/MWh,DK2,DK_2,day_ahead_price,value,2026-07-25T10:50:28Z
2026-07-25T10:47:05Z,2026-07-25T12:47:05+0200,8f98f9ca-4a78-47a6-8878-9b0cbde920eb,2026-06-25T07:00:00Z,2026-06-25T09:00:00+0200,118.46,EUR/MWh,DK2,DK_2,day_ahead_price,value,2026-07-25T10:50:28Z
2026-07-25T10:47:05Z,2026-07-25T12:47:05+0200,8f98f9ca-4a78-47a6-8878-9b0cbde920eb,2026-06-25T07:15:00Z,2026-06-25T09:15:00+0200,112.25,EUR/MWh,DK2,DK_2,day_ahead_price,value,2026-07-25T10:50:28Z
2026-07-25T10:47:05Z,2026-07-25T12:47:05+0200,8f98f9ca-4a78-47a6-8878-9b0cbde920eb,2026-06-25T07:30:00Z,2026-06-25T09:30:00+0200,103.77,EUR/MWh,DK2,DK_2,day_ahead_price,value,2026-07-25T10:50:28Z
2026-07-25T10:47:05Z,2026-07-25T12:47:05+0200,8f98f9ca-4a78-47a6-8878-9b0cbde920eb,2026-06-25T07:45:00Z,2026-06-25T09:45:00+0200,84.07,EUR/MWh,DK2,DK_2,day_ahead_price,value,2026-07-25T10:50:28Z
2026-07-25T10:47:05Z,2026-07-25T12:47:05+0200,8f98f9ca-4a78-47a6-8878-9b0cbde920eb,2026-06-25T08:00:00Z,2026-06-25T10:00:00+0200,105.13,EUR/MWh,DK2,DK_2,day_ahead_price,value,2026-07-25T10:50:28Z
2026-07-25T10:47:05Z,2026-07-25T12:47:05+0200,8f98f9ca-4a78-47a6-8878-9b0cbde920eb,2026-06-25T08:15:00Z,2026-06-25T10:15:00+0200,94.09,EUR/MWh,DK2,DK_2,day_ahead_price,value,2026-07-25T10:50:28Z
2026-07-25T10:47:05Z,2026-07-25T12:47:05+0200,8f98f9ca-4a78-47a6-8878-9b0cbde920eb,2026-06-25T08:30:00Z,2026-06-25T10:30:00+0200,78.57,EUR/MWh,DK2,DK_2,day_ahead_price,value,2026-07-25T10:50:28Z
2026-07-25T10:47:05Z,2026-07-25T12:47:05+0200,8f98f9ca-4a78-47a6-8878-9b0cbde920eb,2026-06-25T08:45:00Z,2026-06-25T10:45:00+0200,57.080002,EUR/MWh,DK2,DK_2,day_ahead_price,value,2026-07-25T10:50:28Z
2026-07-25T10:47:05Z,2026-07-25T12:47:05+0200,8f98f9ca-4a78-47a6-8878-9b0cbde920eb,2026-06-25T09:00:00Z,2026-06-25T11:00:00+0200,90.650002,EUR/MWh,DK2,DK_2,day_ahead_price,value,2026-07-25T10:50:28Z
2026-07-25T10:47:05Z,2026-07-25T12:47:05+0200,8f98f9ca-4a78-47a6-8878-9b0cbde920eb,2026-06-25T09:15:00Z,2026-06-25T11:15:00+0200,69.279999,EUR/MWh,DK2,DK_2,day_ahead_price,value,2026-07-25T10:50:28Z
2026-07-25T10:47:05Z,2026-07-25T12:47:05+0200,8f98f9ca-4a78-47a6-8878-9b0cbde920eb,2026-06-25T09:30:00Z,2026-06-25T11:30:00+0200,54.94,EUR/MWh,DK2,DK_2,day_ahead_price,value,2026-07-25T10:50:28Z
2026-07-25T10:47:05Z,2026-07-25T12:47:05+0200,8f98f9ca-4a78-47a6-8878-9b0cbde920eb,2026-06-25T09:45:00Z,2026-06-25T11:45:00+0200,45.27,EUR/MWh,DK2,DK_2,day_ahead_price,value,2026-07-25T10:50:28Z
2026-07-25T10:47:05Z,2026-07-25T12:47:05+0200,8f98f9ca-4a78-47a6-8878-9b0cbde920eb,2026-06-25T10:00:00Z,2026-06-25T12:00:00+0200,51.610001,EUR/MWh,DK2,DK_2,day_ahead_price,value,2026-07-25T10:50:28Z
2026-07-25T10:47:05Z,2026-07-25T12:47:05+0200,8f98f9ca-4a78-47a6-8878-9b0cbde920eb,2026-06-25T10:15:00Z,2026-06-25T12:15:00+0200,43.74,EUR/MWh,DK2,DK_2,day_ahead_price,value,2026-07-25T10:50:28Z
2026-07-25T10:47:05Z,2026-07-25T12:47:05+0200,8f98f9ca-4a78-47a6-8878-9b0cbde920eb,2026-06-25T10:30:00Z,2026-06-25T12:30:00+0200,38.119999,EUR/MWh,DK2,DK_2,day_ahead_price,value,2026-07-25T10:50:28Z
2026-07-25T10:47:05Z,2026-07-25T12:47:05+0200,8f98f9ca-4a78-47a6-8878-9b0cbde920eb,2026-06-25T10:45:00Z,2026-06-25T12:45:00+0200,30.280001,EUR/MWh,DK2,DK_2,day_ahead_price,value,2026-07-25T10:50:28Z
2026-07-25T10:47:05Z,2026-07-25T12:47:05+0200,8f98f9ca-4a78-47a6-8878-9b0cbde920eb,2026-06-25T11:00:00Z,2026-06-25T13:00:00+0200,43.009998,EUR/MWh,DK2,DK_2,day_ahead_price,value,2026-07-25T10:50:28Z
2026-07-25T10:47:05Z,2026-07-25T12:47:05+0200,8f98f9ca-4a78-47a6-8878-9b0cbde920eb,2026-06-25T11:15:00Z,2026-06-25T13:15:00+0200,34.83,EUR/MWh,DK2,DK_2,day_ahead_price,value,2026-07-25T10:50:28Z
2026-07-25T10:47:05Z,2026-07-25T12:47:05+0200,8f98f9ca-4a78-47a6-8878-9b0cbde920eb,2026-06-25T11:30:00Z,2026-06-25T13:30:00+0200,27.33,EUR/MWh,DK2,DK_2,day_ahead_price,value,2026-07-25T10:50:28Z
2026-07-25T10:47:05Z,2026-07-25T12:47:05+0200,8f98f9ca-4a78-47a6-8878-9b0cbde920eb,2026-06-25T11:45:00Z,2026-06-25T13:45:00+0200,24.559999,EUR/MWh,DK2,DK_2,day_ahead_price,value,2026-07-25T10:50:28Z
2026-07-25T10:47:05Z,2026-07-25T12:47:05+0200,8f98f9ca-4a78-47a6-8878-9b0cbde920eb,2026-06-25T12:00:00Z,2026-06-25T14:00:00+0200,22.77,EUR/MWh,DK2,DK_2,day_ahead_price,value,2026-07-25T10:50:28Z
2026-07-25T10:47:05Z,2026-07-25T12:47:05+0200,8f98f9ca-4a78-47a6-8878-9b0cbde920eb,2026-06-25T12:15:00Z,2026-06-25T14:15:00+0200,25.030001,EUR/MWh,DK2,DK_2,day_ahead_price,value,2026-07-25T10:50:28Z
2026-07-25T10:47:05Z,2026-07-25T12:47:05+0200,8f98f9ca-4a78-47a6-8878-9b0cbde920eb,2026-06-25T12:30:00Z,2026-06-25T14:30:00+0200,40.720001,EUR/MWh,DK2,DK_2,day_ahead_price,value,2026-07-25T10:50:28Z
2026-07-25T10:47:05Z,2026-07-25T12:47:05+0200,8f98f9ca-4a78-47a6-8878-9b0cbde920eb,2026-06-25T12:45:00Z,2026-06-25T14:45:00+0200,49.959999,EUR/MWh,DK2,DK_2,day_ahead_price,value,2026-07-25T10:50:28Z
2026-07-25T10:47:05Z,2026-07-25T12:47:05+0200,8f98f9ca-4a78-47a6-8878-9b0cbde920eb,2026-06-25T13:00:00Z,2026-06-25T15:00:00+0200,38.470001,EUR/MWh,DK2,DK_2,day_ahead_price,value,2026-07-25T10:50:28Z
2026-07-25T10:47:05Z,2026-07-25T12:47:05+0200,8f98f9ca-4a78-47a6-8878-9b0cbde920eb,2026-06-25T13:15:00Z,2026-06-25T15:15:00+0200,59.26,EUR/MWh,DK2,DK_2,day_ahead_price,value,2026-07-25T10:50:28Z
2026-07-25T10:47:05Z,2026-07-25T12:47:05+0200,8f98f9ca-4a78-47a6-8878-9b0cbde920eb,2026-06-25T13:30:00Z,2026-06-25T15:30:00+0200,74.660004,EUR/MWh,DK2,DK_2,day_ahead_price,value,2026-07-25T10:50:28Z
2026-07-25T10:47:05Z,2026-07-25T12:47:05+0200,8f98f9ca-4a78-47a6-8878-9b0cbde920eb,2026-06-25T13:45:00Z,2026-06-25T15:45:00+0200,89.169998,EUR/MWh,DK2,DK_2,day_ahead_price,value,2026-07-25T10:50:28Z
2026-07-25T10:47:05Z,2026-07-25T12:47:05+0200,8f98f9ca-4a78-47a6-8878-9b0cbde920eb,2026-06-25T14:00:00Z,2026-06-25T16:00:00+0200,63.849998,EUR/MWh,DK2,DK_2,day_ahead_price,value,2026-07-25T10:50:28Z
2026-07-25T10:47:05Z,2026-07-25T12:47:05+0200,8f98f9ca-4a78-47a6-8878-9b0cbde920eb,2026-06-25T14:15:00Z,2026-06-25T16:15:00+0200,79.800003,EUR/MWh,DK2,DK_2,day_ahead_price,value,2026-07-25T10:50:28Z
2026-07-25T10:47:05Z,2026-07-25T12:47:05+0200,8f98f9ca-4a78-47a6-8878-9b0cbde920eb,2026-06-25T14:30:00Z,2026-06-25T16:30:00+0200,93.169998,EUR/MWh,DK2,DK_2,day_ahead_price,value,2026-07-25T10:50:28Z
2026-07-25T10:47:05Z,2026-07-25T12:47:05+0200,8f98f9ca-4a78-47a6-8878-9b0cbde920eb,2026-06-25T14:45:00Z,2026-06-25T16:45:00+0200,111.21,EUR/MWh,DK2,DK_2,day_ahead_price,value,2026-07-25T10:50:28Z
2026-07-25T10:47:05Z,2026-07-25T12:47:05+0200,8f98f9ca-4a78-47a6-8878-9b0cbde920eb,2026-06-25T15:00:00Z,2026-06-25T17:00:00+0200,77.15,EUR/MWh,DK2,DK_2,day_ahead_price,value,2026-07-25T10:50:28Z
2026-07-25T10:47:05Z,2026-07-25T12:47:05+0200,8f98f9ca-4a78-47a6-8878-9b0cbde920eb,2026-06-25T15:15:00Z,2026-06-25T17:15:00+0200,105.03,EUR/MWh,DK2,DK_2,day_ahead_price,value,2026-07-25T10:50:28Z
2026-07-25T10:47:05Z,2026-07-25T12:47:05+0200,8f98f9ca-4a78-47a6-8878-9b0cbde920eb,2026-06-25T15:30:00Z,2026-06-25T17:30:00+0200,111.07,EUR/MWh,DK2,DK_2,day_ahead_price,value,2026-07-25T10:50:28Z
2026-07-25T10:47:05Z,2026-07-25T12:47:05+0200,8f98f9ca-4a78-47a6-8878-9b0cbde920eb,2026-06-25T15:45:00Z,2026-06-25T17:45:00+0200,122.75,EUR/MWh,DK2,DK_2,day_ahead_price,value,2026-07-25T10:50:28Z
2026-07-25T10:47:05Z,2026-07-25T12:47:05+0200,8f98f9ca-4a78-47a6-8878-9b0cbde920eb,2026-06-25T16:00:00Z,2026-06-25T18:00:00+0200,93.39,EUR/MWh,DK2,DK_2,day_ahead_price,value,2026-07-25T10:50:28Z
2026-07-25T10:47:05Z,2026-07-25T12:47:05+0200,8f98f9ca-4a78-47a6-8878-9b0cbde920eb,2026-06-25T16:15:00Z,2026-06-25T18:15:00+0200,114.74,EUR/MWh,DK2,DK_2,day_ahead_price,value,2026-07-25T10:50:28Z
2026-07-25T10:47:05Z,2026-07-25T12:47:05+0200,8f98f9ca-4a78-47a6-8878-9b0cbde920eb,2026-06-25T16:30:00Z,2026-06-25T18:30:00+0200,143.889999,EUR/MWh,DK2,DK_2,day_ahead_price,value,2026-07-25T10:50:28Z
2026-07-25T10:47:05Z,2026-07-25T12:47:05+0200,8f98f9ca-4a78-47a6-8878-9b0cbde920eb,2026-06-25T16:45:00Z,2026-06-25T18:45:00+0200,198.619995,EUR/MWh,DK2,DK_2,day_ahead_price,value,2026-07-25T10:50:28Z
2026-07-25T10:47:05Z,2026-07-25T12:47:05+0200,8f98f9ca-4a78-47a6-8878-9b0cbde920eb,2026-06-25T17:00:00Z,2026-06-25T19:00:00+0200,141.690002,EUR/MWh,DK2,DK_2,day_ahead_price,value,2026-07-25T10:50:28Z
2026-07-25T10:47:05Z,2026-07-25T12:47:05+0200,8f98f9ca-4a78-47a6-8878-9b0cbde920eb,2026-06-25T17:15:00Z,2026-06-25T19:15:00+0200,176.78,EUR/MWh,DK2,DK_2,day_ahead_price,value,2026-07-25T10:50:28Z
2026-07-25T10:47:05Z,2026-07-25T12:47:05+0200,8f98f9ca-4a78-47a6-8878-9b0cbde920eb,2026-06-25T17:30:00Z,2026-06-25T19:30:00+0200,217.26,EUR/MWh,DK2,DK_2,day_ahead_price,value,2026-07-25T10:50:28Z
2026-07-25T10:47:05Z,2026-07-25T12:47:05+0200,8f98f9ca-4a78-47a6-8878-9b0cbde920eb,2026-06-25T17:45:00Z,2026-06-25T19:45:00+0200,302.820007,EUR/MWh,DK2,DK_2,day_ahead_price,value,2026-07-25T10:50:28Z
2026-07-25T10:47:05Z,2026-07-25T12:47:05+0200,8f98f9ca-4a78-47a6-8878-9b0cbde920eb,2026-06-25T18:00:00Z,2026-06-25T20:00:00+0200,245.73,EUR/MWh,DK2,DK_2,day_ahead_price,value,2026-07-25T10:50:28Z
2026-07-25T10:47:05Z,2026-07-25T12:47:05+0200,8f98f9ca-4a78-47a6-8878-9b0cbde920eb,2026-06-25T18:15:00Z,2026-06-25T20:15:00+0200,292.27,EUR/MWh,DK2,DK_2,day_ahead_price,value,2026-07-25T10:50:28Z
2026-07-25T10:47:05Z,2026-07-25T12:47:05+0200,8f98f9ca-4a78-47a6-8878-9b0cbde920eb,2026-06-25T18:30:00Z,2026-06-25T20:30:00+0200,314.820007,EUR/MWh,DK2,DK_2,day_ahead_price,value,2026-07-25T10:50:28Z
2026-07-25T10:47:05Z,2026-07-25T12:47:05+0200,8f98f9ca-4a78-47a6-8878-9b0cbde920eb,2026-06-25T18:45:00Z,2026-06-25T20:45:00+0200,326.21,EUR/MWh,DK2,DK_2,day_ahead_price,value,2026-07-25T10:50:28Z
2026-07-25T10:47:05Z,2026-07-25T12:47:05+0200,8f98f9ca-4a78-47a6-8878-9b0cbde920eb,2026-06-25T19:00:00Z,2026-06-25T21:00:00+0200,346.78,EUR/MWh,DK2,DK_2,day_ahead_price,value,2026-07-25T10:50:28Z
2026-07-25T10:47:05Z,2026-07-25T12:47:05+0200,8f98f9ca-4a78-47a6-8878-9b0cbde920eb,2026-06-25T19:15:00Z,2026-06-25T21:15:00+0200,297.09,EUR/MWh,DK2,DK_2,day_ahead_price,value,2026-07-25T10:50:28Z
2026-07-25T10:47:05Z,2026-07-25T12:47:05+0200,8f98f9ca-4a78-47a6-8878-9b0cbde920eb,2026-06-25T19:30:00Z,2026-06-25T21:30:00+0200,249.380005,EUR/MWh,DK2,DK_2,day_ahead_price,value,2026-07-25T10:50:28Z
2026-07-25T10:47:05Z,2026-07-25T12:47:05+0200,8f98f9ca-4a78-47a6-8878-9b0cbde920eb,2026-06-25T19:45:00Z,2026-06-25T21:45:00+0200,195.95,EUR/MWh,DK2,DK_2,day_ahead_price,value,2026-07-25T10:50:28Z
2026-07-25T10:47:05Z,2026-07-25T12:47:05+0200,8f98f9ca-4a78-47a6-8878-9b0cbde920eb,2026-06-25T20:00:00Z,2026-06-25T22:00:00+0200,223.57,EUR/MWh,DK2,DK_2,day_ahead_price,value,2026-07-25T10:50:28Z
2026-07-25T10:47:05Z,2026-07-25T12:47:05+0200,8f98f9ca-4a78-47a6-8878-9b0cbde920eb,2026-06-25T20:15:00Z,2026-06-25T22:15:00+0200,200.49,EUR/MWh,DK2,DK_2,day_ahead_price,value,2026-07-25T10:50:28Z
2026-07-25T10:47:05Z,2026-07-25T12:47:05+0200,8f98f9ca-4a78-47a6-8878-9b0cbde920eb,2026-06-25T20:30:00Z,2026-06-25T22:30:00+0200,172.96,EUR/MWh,DK2,DK_2,day_ahead_price,value,2026-07-25T10:50:28Z
2026-07-25T10:47:05Z,2026-07-25T12:47:05+0200,8f98f9ca-4a78-47a6-8878-9b0cbde920eb,2026-06-25T20:45:00Z,2026-06-25T22:45:00+0200,159.95,EUR/MWh,DK2,DK_2,day_ahead_price,value,2026-07-25T10:50:28Z
2026-07-25T10:47:05Z,2026-07-25T12:47:05+0200,8f98f9ca-4a78-47a6-8878-9b0cbde920eb,2026-06-25T21:00:00Z,2026-06-25T23:00:00+0200,173.220001,EUR/MWh,DK2,DK_2,day_ahead_price,value,2026-07-25T10:50:28Z
2026-07-25T10:47:05Z,2026-07-25T12:47:05+0200,8f98f9ca-4a78-47a6-8878-9b0cbde920eb,2026-06-25T21:15:00Z,2026-06-25T23:15:00+0200,161.460007,EUR/MWh,DK2,DK_2,day_ahead_price,value,2026-07-25T10:50:28Z
2026-07-25T10:47:05Z,2026-07-25T12:47:05+0200,8f98f9ca-4a78-47a6-8878-9b0cbde920eb,2026-06-25T21:30:00Z,2026-06-25T23:30:00+0200,147.410004,EUR/MWh,DK2,DK_2,day_ahead_price,value,2026-07-25T10:50:28Z
2026-07-25T10:47:05Z,2026-07-25T12:47:05+0200,8f98f9ca-4a78-47a6-8878-9b0cbde920eb,2026-06-25T21:45:00Z,2026-06-25T23:45:00+0200,145.49,EUR/MWh,DK2,DK_2,day_ahead_price,value,2026-07-25T10:50:28Z
2026-07-25T10:47:05Z,2026-07-25T12:47:05+0200,8f98f9ca-4a78-47a6-8878-9b0cbde920eb,2026-06-25T22:00:00Z,2026-06-26T00:00:00+0200,152.889999,EUR/MWh,DK2,DK_2,day_ahead_price,value,2026-07-25T10:50:28Z
2026-07-25T10:47:05Z,2026-07-25T12:47:05+0200,8f98f9ca-4a78-47a6-8878-9b0cbde920eb,2026-06-25T22:15:00Z,2026-06-26T00:15:00+0200,150.199997,EUR/MWh,DK2,DK_2,day_ahead_price,value,2026-07-25T10:50:28Z
2026-07-25T10:47:05Z,2026-07-25T12:47:05+0200,8f98f9ca-4a78-47a6-8878-9b0cbde920eb,2026-06-25T22:30:00Z,2026-06-26T00:30:00+0200,142.509995,EUR/MWh,DK2,DK_2,day_ahead_price,value,2026-07-25T10:50:28Z
2026-07-25T10:47:05Z,2026-07-25T12:47:05+0200,8f98f9ca-4a78-47a6-8878-9b0cbde920eb,2026-06-25T22:45:00Z,2026-06-26T00:45:00+0200,133.210007,EUR/MWh,DK2,DK_2,day_ahead_price,value,2026-07-25T10:50:28Z
2026-07-25T10:47:05Z,2026-07-25T12:47:05+0200,8f98f9ca-4a78-47a6-8878-9b0cbde920eb,2026-06-25T23:00:00Z,2026-06-26T01:00:00+0200,137.979996,EUR/MWh,DK2,DK_2,day_ahead_price,value,2026-07-25T10:50:28Z
2026-07-25T10:47:05Z,2026-07-25T12:47:05+0200,8f98f9ca-4a78-47a6-8878-9b0cbde920eb,2026-06-25T23:15:00Z,2026-06-26T01:15:00+0200,132.059998,EUR/MWh,DK2,DK_2,day_ahead_price,value,2026-07-25T10:50:28Z
2026-07-25T10:47:05Z,2026-07-25T12:47:05+0200,8f98f9ca-4a78-47a6-8878-9b0cbde920eb,2026-06-25T23:30:00Z,2026-06-26T01:30:00+0200,129.880005,EUR/MWh,DK2,DK_2,day_ahead_price,value,2026-07-25T10:50:28Z
2026-07-25T10:47:05Z,2026-07-25T12:47:05+0200,8f98f9ca-4a78-47a6-8878-9b0cbde920eb,2026-06-25T23:45:00Z,2026-06-26T01:45:00+0200,122.93,EUR/MWh,DK2,DK_2,day_ahead_price,value,2026-07-25T10:50:28Z
2026-07-25T10:47:05Z,2026-07-25T12:47:05+0200,8f98f9ca-4a78-47a6-8878-9b0cbde920eb,2026-06-26T00:00:00Z,2026-06-26T02:00:00+0200,125.809998,EUR/MWh,DK2,DK_2,day_ahead_price,value,2026-07-25T10:50:28Z
2026-07-25T10:47:05Z,2026-07-25T12:47:05+0200,8f98f9ca-4a78-47a6-8878-9b0cbde920eb,2026-06-26T00:15:00Z,2026-06-26T02:15:00+0200,122.02,EUR/MWh,DK2,DK_2,day_ahead_price,value,2026-07-25T10:50:28Z
2026-07-25T10:47:05Z,2026-07-25T12:47:05+0200,8f98f9ca-4a78-47a6-8878-9b0cbde920eb,2026-06-26T00:30:00Z,2026-06-26T02:30:00+0200,121.040001,EUR/MWh,DK2,DK_2,day_ahead_price,value,2026-07-25T10:50:28Z
2026-07-25T10:47:05Z,2026-07-25T12:47:05+0200,8f98f9ca-4a78-47a6-8878-9b0cbde920eb,2026-06-26T00:45:00Z,2026-06-26T02:45:00+0200,120.99,EUR/MWh,DK2,DK_2,day_ahead_price,value,2026-07-25T10:50:28Z
2026-07-25T10:47:05Z,2026-07-25T12:47:05+0200,8f98f9ca-4a78-47a6-8878-9b0cbde920eb,2026-06-26T01:00:00Z,2026-06-26T03:00:00+0200,124.519997,EUR/MWh,DK2,DK_2,day_ahead_price,value,2026-07-25T10:50:28Z
2026-07-25T10:47:05Z,2026-07-25T12:47:05+0200,8f98f9ca-4a78-47a6-8878-9b0cbde920eb,2026-06-26T01:15:00Z,2026-06-26T03:15:00+0200,119.839996,EUR/MWh,DK2,DK_2,day_ahead_price,value,2026-07-25T10:50:28Z
2026-07-25T10:47:05Z,2026-07-25T12:47:05+0200,8f98f9ca-4a78-47a6-8878-9b0cbde920eb,2026-06-26T01:30:00Z,2026-06-26T03:30:00+0200,118.86,EUR/MWh,DK2,DK_2,day_ahead_price,value,2026-07-25T10:50:28Z
2026-07-25T10:47:05Z,2026-07-25T12:47:05+0200,8f98f9ca-4a78-47a6-8878-9b0cbde920eb,2026-06-26T01:45:00Z,2026-06-26T03:45:00+0200,119.87,EUR/MWh,DK2,DK_2,day_ahead_price,value,2026-07-25T10:50:28Z
2026-07-25T10:47:05Z,2026-07-25T12:47:05+0200,8f98f9ca-4a78-47a6-8878-9b0cbde920eb,2026-06-26T02:00:00Z,2026-06-26T04:00:00+0200,123.2,EUR/MWh,DK2,DK_2,day_ahead_price,value,2026-07-25T10:50:28Z
2026-07-25T10:47:05Z,2026-07-25T12:47:05+0200,8f98f9ca-4a78-47a6-8878-9b0cbde920eb,2026-06-26T02:15:00Z,2026-06-26T04:15:00+0200,122.610001,EUR/MWh,DK2,DK_2,day_ahead_price,value,2026-07-25T10:50:28Z
2026-07-25T10:47:05Z,2026-07-25T12:47:05+0200,8f98f9ca-4a78-47a6-8878-9b0cbde920eb,2026-06-26T02:30:00Z,2026-06-26T04:30:00+0200,120.13,EUR/MWh,DK2,DK_2,day_ahead_price,value,2026-07-25T10:50:28Z
2026-07-25T10:47:05Z,2026-07-25T12:47:05+0200,8f98f9ca-4a78-47a6-8878-9b0cbde920eb,2026-06-26T02:45:00Z,2026-06-26T04:45:00+0200,123.400002,EUR/MWh,DK2,DK_2,day_ahead_price,value,2026-07-25T10:50:28Z
2026-07-25T10:47:05Z,2026-07-25T12:47:05+0200,8f98f9ca-4a78-47a6-8878-9b0cbde920eb,2026-06-26T03:00:00Z,2026-06-26T05:00:00+0200,126.81,EUR/MWh,DK2,DK_2,day_ahead_price,value,2026-07-25T10:50:28Z
2026-07-25T10:47:05Z,2026-07-25T12:47:05+0200,8f98f9ca-4a78-47a6-8878-9b0cbde920eb,2026-06-26T03:15:00Z,2026-06-26T05:15:00+0200,125.76,EUR/MWh,DK2,DK_2,day_ahead_price,value,2026-07-25T10:50:28Z
2026-07-25T10:47:05Z,2026-07-25T12:47:05+0200,8f98f9ca-4a78-47a6-8878-9b0cbde920eb,2026-06-26T03:30:00Z,2026-06-26T05:30:00+0200,129.919998,EUR/MWh,DK2,DK_2,day_ahead_price,value,2026-07-25T10:50:28Z
2026-07-25T10:47:05Z,2026-07-25T12:47:05+0200,8f98f9ca-4a78-47a6-8878-9b0cbde920eb,2026-06-26T03:45:00Z,2026-06-26T05:45:00+0200,134.75,EUR/MWh,DK2,DK_2,day_ahead_price,value,2026-07-25T10:50:28Z
2026-07-25T10:47:05Z,2026-07-25T12:47:05+0200,8f98f9ca-4a78-47a6-8878-9b0cbde920eb,2026-06-26T04:00:00Z,2026-06-26T06:00:00+0200,144.360001,EUR/MWh,DK2,DK_2,day_ahead_price,value,2026-07-25T10:50:28Z
2026-07-25T10:47:05Z,2026-07-25T12:47:05+0200,8f98f9ca-4a78-47a6-8878-9b0cbde920eb,2026-06-26T04:15:00Z,2026-06-26T06:15:00+0200,150.460007,EUR/MWh,DK2,DK_2,day_ahead_price,value,2026-07-25T10:50:28Z
2026-07-25T10:47:05Z,2026-07-25T12:47:05+0200,8f98f9ca-4a78-47a6-8878-9b0cbde920eb,2026-06-26T04:30:00Z,2026-06-26T06:30:00+0200,149.619995,EUR/MWh,DK2,DK_2,day_ahead_price,value,2026-07-25T10:50:28Z
2026-07-25T10:47:05Z,2026-07-25T12:47:05+0200,8f98f9ca-4a78-47a6-8878-9b0cbde920eb,2026-06-26T04:45:00Z,2026-06-26T06:45:00+0200,140.27,EUR/MWh,DK2,DK_2,day_ahead_price,value,2026-07-25T10:50:28Z
2026-07-25T10:47:05Z,2026-07-25T12:47:05+0200,8f98f9ca-4a78-47a6-8878-9b0cbde920eb,2026-06-26T05:00:00Z,2026-06-26T07:00:00+0200,158.03,EUR/MWh,DK2,DK_2,day_ahead_price,value,2026-07-25T10:50:28Z
2026-07-25T10:47:05Z,2026-07-25T12:47:05+0200,8f98f9ca-4a78-47a6-8878-9b0cbde920eb,2026-06-26T05:15:00Z,2026-06-26T07:15:00+0200,147.520004,EUR/MWh,DK2,DK_2,day_ahead_price,value,2026-07-25T10:50:28Z
2026-07-25T10:47:05Z,2026-07-25T12:47:05+0200,8f98f9ca-4a78-47a6-8878-9b0cbde920eb,2026-06-26T05:30:00Z,2026-06-26T07:30:00+0200,127.11,EUR/MWh,DK2,DK_2,day_ahead_price,value,2026-07-25T10:50:28Z
2026-07-25T10:47:05Z,2026-07-25T12:47:05+0200,8f98f9ca-4a78-47a6-8878-9b0cbde920eb,2026-06-26T05:45:00Z,2026-06-26T07:45:00+0200,119.2,EUR/MWh,DK2,DK_2,day_ahead_price,value,2026-07-25T10:50:28Z
2026-07-25T10:47:05Z,2026-07-25T12:47:05+0200,8f98f9ca-4a78-47a6-8878-9b0cbde920eb,2026-06-26T06:00:00Z,2026-06-26T08:00:00+0200,137.699997,EUR/MWh,DK2,DK_2,day_ahead_price,value,2026-07-25T10:50:28Z
2026-07-25T10:47:05Z,2026-07-25T12:47:05+0200,8f98f9ca-4a78-47a6-8878-9b0cbde920eb,2026-06-26T06:15:00Z,2026-06-26T08:15:00+0200,122.17,EUR/MWh,DK2,DK_2,day_ahead_price,value,2026-07-25T10:50:28Z
2026-07-25T10:47:05Z,2026-07-25T12:47:05+0200,8f98f9ca-4a78-47a6-8878-9b0cbde920eb,2026-06-26T06:30:00Z,2026-06-26T08:30:00+0200,114.05,EUR/MWh,DK2,DK_2,day_ahead_price,value,2026-07-25T10:50:28Z
2026-07-25T10:47:05Z,2026-07-25T12:47:05+0200,8f98f9ca-4a78-47a6-8878-9b0cbde920eb,2026-06-26T06:45:00Z,2026-06-26T08:45:00+0200,104.94,EUR/MWh,DK2,DK_2,day_ahead_price,value,2026-07-25T10:50:28Z
2026-07-25T10:47:05Z,2026-07-25T12:47:05+0200,8f98f9ca-4a78-47a6-8878-9b0cbde920eb,2026-06-26T07:00:00Z,2026-06-26T09:00:00+0200,118.16,EUR/MWh,DK2,DK_2,day_ahead_price,value,2026-07-25T10:50:28Z
2026-07-25T10:47:05Z,2026-07-25T12:47:05+0200,8f98f9ca-4a78-47a6-8878-9b0cbde920eb,2026-06-26T07:15:00Z,2026-06-26T09:15:00+0200,115.5,EUR/MWh,DK2,DK_2,day_ahead_price,value,2026-07-25T10:50:28Z
2026-07-25T10:47:05Z,2026-07-25T12:47:05+0200,8f98f9ca-4a78-47a6-8878-9b0cbde920eb,2026-06-26T07:30:00Z,2026-06-26T09:30:00+0200,103.980003,EUR/MWh,DK2,DK_2,day_ahead_price,value,2026-07-25T10:50:28Z
2026-07-25T10:47:05Z,2026-07-25T12:47:05+0200,8f98f9ca-4a78-47a6-8878-9b0cbde920eb,2026-06-26T07:45:00Z,2026-06-26T09:45:00+0200,94.93,EUR/MWh,DK2,DK_2,day_ahead_price,value,2026-07-25T10:50:28Z
2026-07-25T10:47:05Z,2026-07-25T12:47:05+0200,8f98f9ca-4a78-47a6-8878-9b0cbde920eb,2026-06-26T08:00:00Z,2026-06-26T10:00:00+0200,111.730003,EUR/MWh,DK2,DK_2,day_ahead_price,value,2026-07-25T10:50:28Z
2026-07-25T10:47:05Z,2026-07-25T12:47:05+0200,8f98f9ca-4a78-47a6-8878-9b0cbde920eb,2026-06-26T08:15:00Z,2026-06-26T10:15:00+0200,103.839996,EUR/MWh,DK2,DK_2,day_ahead_price,value,2026-07-25T10:50:28Z
2026-07-25T10:47:05Z,2026-07-25T12:47:05+0200,8f98f9ca-4a78-47a6-8878-9b0cbde920eb,2026-06-26T08:30:00Z,2026-06-26T10:30:00+0200,87.559998,EUR/MWh,DK2,DK_2,day_ahead_price,value,2026-07-25T10:50:28Z
2026-07-25T10:47:05Z,2026-07-25T12:47:05+0200,8f98f9ca-4a78-47a6-8878-9b0cbde920eb,2026-06-26T08:45:00Z,2026-06-26T10:45:00+0200,69.68,EUR/MWh,DK2,DK_2,day_ahead_price,value,2026-07-25T10:50:28Z
2026-07-25T10:47:05Z,2026-07-25T12:47:05+0200,8f98f9ca-4a78-47a6-8878-9b0cbde920eb,2026-06-26T09:00:00Z,2026-06-26T11:00:00+0200,88.239998,EUR/MWh,DK2,DK_2,day_ahead_price,value,2026-07-25T10:50:28Z
2026-07-25T10:47:05Z,2026-07-25T12:47:05+0200,8f98f9ca-4a78-47a6-8878-9b0cbde920eb,2026-06-26T09:15:00Z,2026-06-26T11:15:00+0200,72.13,EUR/MWh,DK2,DK_2,day_ahead_price,value,2026-07-25T10:50:28Z
2026-07-25T10:47:05Z,2026-07-25T12:47:05+0200,8f98f9ca-4a78-47a6-8878-9b0cbde920eb,2026-06-26T09:30:00Z,2026-06-26T11:30:00+0200,59.54,EUR/MWh,DK2,DK_2,day_ahead_price,value,2026-07-25T10:50:28Z
2026-07-25T10:47:05Z,2026-07-25T12:47:05+0200,8f98f9ca-4a78-47a6-8878-9b0cbde920eb,2026-06-26T09:45:00Z,2026-06-26T11:45:00+0200,46.25,EUR/MWh,DK2,DK_2,day_ahead_price,value,2026-07-25T10:50:28Z
2026-07-25T10:47:05Z,2026-07-25T12:47:05+0200,8f98f9ca-4a78-47a6-8878-9b0cbde920eb,2026-06-26T10:00:00Z,2026-06-26T12:00:00+0200,58.46,EUR/MWh,DK2,DK_2,day_ahead_price,value,2026-07-25T10:50:28Z
2026-07-25T10:47:05Z,2026-07-25T12:47:05+0200,8f98f9ca-4a78-47a6-8878-9b0cbde920eb,2026-06-26T10:15:00Z,2026-06-26T12:15:00+0200,47.009998,EUR/MWh,DK2,DK_2,day_ahead_price,value,2026-07-25T10:50:28Z
2026-07-25T10:47:05Z,2026-07-25T12:47:05+0200,8f98f9ca-4a78-47a6-8878-9b0cbde920eb,2026-06-26T10:30:00Z,2026-06-26T12:30:00+0200,43.88,EUR/MWh,DK2,DK_2,day_ahead_price,value,2026-07-25T10:50:28Z
2026-07-25T10:47:05Z,2026-07-25T12:47:05+0200,8f98f9ca-4a78-47a6-8878-9b0cbde920eb,2026-06-26T10:45:00Z,2026-06-26T12:45:00+0200,36.11,EUR/MWh,DK2,DK_2,day_ahead_price,value,2026-07-25T10:50:28Z
2026-07-25T10:47:05Z,2026-07-25T12:47:05+0200,8f98f9ca-4a78-47a6-8878-9b0cbde920eb,2026-06-26T11:00:00Z,2026-06-26T13:00:00+0200,38.6,EUR/MWh,DK2,DK_2,day_ahead_price,value,2026-07-25T10:50:28Z
2026-07-25T10:47:05Z,2026-07-25T12:47:05+0200,8f98f9ca-4a78-47a6-8878-9b0cbde920eb,2026-06-26T11:15:00Z,2026-06-26T13:15:00+0200,35.98,EUR/MWh,DK2,DK_2,day_ahead_price,value,2026-07-25T10:50:28Z
2026-07-25T10:47:05Z,2026-07-25T12:47:05+0200,8f98f9ca-4a78-47a6-8878-9b0cbde920eb,2026-06-26T11:30:00Z,2026-06-26T13:30:00+0200,32.73,EUR/MWh,DK2,DK_2,day_ahead_price,value,2026-07-25T10:50:28Z
2026-07-25T10:47:05Z,2026-07-25T12:47:05+0200,8f98f9ca-4a78-47a6-8878-9b0cbde920eb,2026-06-26T11:45:00Z,2026-06-26T13:45:00+0200,32.450001,EUR/MWh,DK2,DK_2,day_ahead_price,value,2026-07-25T10:50:28Z
2026-07-25T10:47:05Z,2026-07-25T12:47:05+0200,8f98f9ca-4a78-47a6-8878-9b0cbde920eb,2026-06-26T12:00:00Z,2026-06-26T14:00:00+0200,26.139999,EUR/MWh,DK2,DK_2,day_ahead_price,value,2026-07-25T10:50:28Z
2026-07-25T10:47:05Z,2026-07-25T12:47:05+0200,8f98f9ca-4a78-47a6-8878-9b0cbde920eb,2026-06-26T12:15:00Z,2026-06-26T14:15:00+0200,29.87,EUR/MWh,DK2,DK_2,day_ahead_price,value,2026-07-25T10:50:28Z
2026-07-25T10:47:05Z,2026-07-25T12:47:05+0200,8f98f9ca-4a78-47a6-8878-9b0cbde920eb,2026-06-26T12:30:00Z,2026-06-26T14:30:00+0200,40.57,EUR/MWh,DK2,DK_2,day_ahead_price,value,2026-07-25T10:50:28Z
2026-07-25T10:47:05Z,2026-07-25T12:47:05+0200,8f98f9ca-4a78-47a6-8878-9b0cbde920eb,2026-06-26T12:45:00Z,2026-06-26T14:45:00+0200,54.360001,EUR/MWh,DK2,DK_2,day_ahead_price,value,2026-07-25T10:50:28Z
2026-07-25T10:47:05Z,2026-07-25T12:47:05+0200,8f98f9ca-4a78-47a6-8878-9b0cbde920eb,2026-06-26T13:00:00Z,2026-06-26T15:00:00+0200,43.32,EUR/MWh,DK2,DK_2,day_ahead_price,value,2026-07-25T10:50:28Z
2026-07-25T10:47:05Z,2026-07-25T12:47:05+0200,8f98f9ca-4a78-47a6-8878-9b0cbde920eb,2026-06-26T13:15:00Z,2026-06-26T15:15:00+0200,56.28,EUR/MWh,DK2,DK_2,day_ahead_price,value,2026-07-25T10:50:28Z
2026-07-25T10:47:05Z,2026-07-25T12:47:05+0200,8f98f9ca-4a78-47a6-8878-9b0cbde920eb,2026-06-26T13:30:00Z,2026-06-26T15:30:00+0200,77.400002,EUR/MWh,DK2,DK_2,day_ahead_price,value,2026-07-25T10:50:28Z
2026-07-25T10:47:05Z,2026-07-25T12:47:05+0200,8f98f9ca-4a78-47a6-8878-9b0cbde920eb,2026-06-26T13:45:00Z,2026-06-26T15:45:00+0200,88.88,EUR/MWh,DK2,DK_2,day_ahead_price,value,2026-07-25T10:50:28Z
2026-07-25T10:47:05Z,2026-07-25T12:47:05+0200,8f98f9ca-4a78-47a6-8878-9b0cbde920eb,2026-06-26T14:00:00Z,2026-06-26T16:00:00+0200,68.93,EUR/MWh,DK2,DK_2,day_ahead_price,value,2026-07-25T10:50:28Z
2026-07-25T10:47:05Z,2026-07-25T12:47:05+0200,8f98f9ca-4a78-47a6-8878-9b0cbde920eb,2026-06-26T14:15:00Z,2026-06-26T16:15:00+0200,81.730003,EUR/MWh,DK2,DK_2,day_ahead_price,value,2026-07-25T10:50:28Z
2026-07-25T10:47:05Z,2026-07-25T12:47:05+0200,8f98f9ca-4a78-47a6-8878-9b0cbde920eb,2026-06-26T14:30:00Z,2026-06-26T16:30:00+0200,98.0,EUR/MWh,DK2,DK_2,day_ahead_price,value,2026-07-25T10:50:28Z
2026-07-25T10:47:05Z,2026-07-25T12:47:05+0200,8f98f9ca-4a78-47a6-8878-9b0cbde920eb,2026-06-26T14:45:00Z,2026-06-26T16:45:00+0200,116.43,EUR/MWh,DK2,DK_2,day_ahead_price,value,2026-07-25T10:50:28Z
2026-07-25T10:47:05Z,2026-07-25T12:47:05+0200,8f98f9ca-4a78-47a6-8878-9b0cbde920eb,2026-06-26T15:00:00Z,2026-06-26T17:00:00+0200,83.970001,EUR/MWh,DK2,DK_2,day_ahead_price,value,2026-07-25T10:50:28Z
2026-07-25T10:47:05Z,2026-07-25T12:47:05+0200,8f98f9ca-4a78-47a6-8878-9b0cbde920eb,2026-06-26T15:15:00Z,2026-06-26T17:15:00+0200,106.889999,EUR/MWh,DK2,DK_2,day_ahead_price,value,2026-07-25T10:50:28Z
2026-07-25T10:47:05Z,2026-07-25T12:47:05+0200,8f98f9ca-4a78-47a6-8878-9b0cbde920eb,2026-06-26T15:30:00Z,2026-06-26T17:30:00+0200,114.68,EUR/MWh,DK2,DK_2,day_ahead_price,value,2026-07-25T10:50:28Z
2026-07-25T10:47:05Z,2026-07-25T12:47:05+0200,8f98f9ca-4a78-47a6-8878-9b0cbde920eb,2026-06-26T15:45:00Z,2026-06-26T17:45:00+0200,130.46,EUR/MWh,DK2,DK_2,day_ahead_price,value,2026-07-25T10:50:28Z
2026-07-25T10:47:05Z,2026-07-25T12:47:05+0200,8f98f9ca-4a78-47a6-8878-9b0cbde920eb,2026-06-26T16:00:00Z,2026-06-26T18:00:00+0200,94.12,EUR/MWh,DK2,DK_2,day_ahead_price,value,2026-07-25T10:50:28Z
2026-07-25T10:47:05Z,2026-07-25T12:47:05+0200,8f98f9ca-4a78-47a6-8878-9b0cbde920eb,2026-06-26T16:15:00Z,2026-06-26T18:15:00+0200,135.080002,EUR/MWh,DK2,DK_2,day_ahead_price,value,2026-07-25T10:50:28Z
2026-07-25T10:47:05Z,2026-07-25T12:47:05+0200,8f98f9ca-4a78-47a6-8878-9b0cbde920eb,2026-06-26T16:30:00Z,2026-06-26T18:30:00+0200,159.84,EUR/MWh,DK2,DK_2,day_ahead_price,value,2026-07-25T10:50:28Z
2026-07-25T10:47:05Z,2026-07-25T12:47:05+0200,8f98f9ca-4a78-47a6-8878-9b0cbde920eb,2026-06-26T16:45:00Z,2026-06-26T18:45:00+0200,216.15,EUR/MWh,DK2,DK_2,day_ahead_price,value,2026-07-25T10:50:28Z
2026-07-25T10:47:05Z,2026-07-25T12:47:05+0200,8f98f9ca-4a78-47a6-8878-9b0cbde920eb,2026-06-26T17:00:00Z,2026-06-26T19:00:00+0200,161.44,EUR/MWh,DK2,DK_2,day_ahead_price,value,2026-07-25T10:50:28Z
2026-07-25T10:47:05Z,2026-07-25T12:47:05+0200,8f98f9ca-4a78-47a6-8878-9b0cbde920eb,2026-06-26T17:15:00Z,2026-06-26T19:15:00+0200,196.990005,EUR/MWh,DK2,DK_2,day_ahead_price,value,2026-07-25T10:50:28Z
2026-07-25T10:47:05Z,2026-07-25T12:47:05+0200,8f98f9ca-4a78-47a6-8878-9b0cbde920eb,2026-06-26T17:30:00Z,2026-06-26T19:30:00+0200,255.15,EUR/MWh,DK2,DK_2,day_ahead_price,value,2026-07-25T10:50:28Z
2026-07-25T10:47:05Z,2026-07-25T12:47:05+0200,8f98f9ca-4a78-47a6-8878-9b0cbde920eb,2026-06-26T17:45:00Z,2026-06-26T19:45:00+0200,381.73,EUR/MWh,DK2,DK_2,day_ahead_price,value,2026-07-25T10:50:28Z
2026-07-25T10:47:05Z,2026-07-25T12:47:05+0200,8f98f9ca-4a78-47a6-8878-9b0cbde920eb,2026-06-26T18:00:00Z,2026-06-26T20:00:00+0200,263.380005,EUR/MWh,DK2,DK_2,day_ahead_price,value,2026-07-25T10:50:28Z
2026-07-25T10:47:05Z,2026-07-25T12:47:05+0200,8f98f9ca-4a78-47a6-8878-9b0cbde920eb,2026-06-26T18:15:00Z,2026-06-26T20:15:00+0200,343.100006,EUR/MWh,DK2,DK_2,day_ahead_price,value,2026-07-25T10:50:28Z
2026-07-25T10:47:05Z,2026-07-25T12:47:05+0200,8f98f9ca-4a78-47a6-8878-9b0cbde920eb,2026-06-26T18:30:00Z,2026-06-26T20:30:00+0200,405.91,EUR/MWh,DK2,DK_2,day_ahead_price,value,2026-07-25T10:50:28Z
2026-07-25T10:47:05Z,2026-07-25T12:47:05+0200,8f98f9ca-4a78-47a6-8878-9b0cbde920eb,2026-06-26T18:45:00Z,2026-06-26T20:45:00+0200,413.100006,EUR/MWh,DK2,DK_2,day_ahead_price,value,2026-07-25T10:50:28Z
2026-07-25T10:47:05Z,2026-07-25T12:47:05+0200,8f98f9ca-4a78-47a6-8878-9b0cbde920eb,2026-06-26T19:00:00Z,2026-06-26T21:00:00+0200,407.77,EUR/MWh,DK2,DK_2,day_ahead_price,value,2026-07-25T10:50:28Z
2026-07-25T10:47:05Z,2026-07-25T12:47:05+0200,8f98f9ca-4a78-47a6-8878-9b0cbde920eb,2026-06-26T19:15:00Z,2026-06-26T21:15:00+0200,336.9,EUR/MWh,DK2,DK_2,day_ahead_price,value,2026-07-25T10:50:28Z
2026-07-25T10:47:05Z,2026-07-25T12:47:05+0200,8f98f9ca-4a78-47a6-8878-9b0cbde920eb,2026-06-26T19:30:00Z,2026-06-26T21:30:00+0200,249.0,EUR/MWh,DK2,DK_2,day_ahead_price,value,2026-07-25T10:50:28Z
2026-07-25T10:47:05Z,2026-07-25T12:47:05+0200,8f98f9ca-4a78-47a6-8878-9b0cbde920eb,2026-06-26T19:45:00Z,2026-06-26T21:45:00+0200,194.76,EUR/MWh,DK2,DK_2,day_ahead_price,value,2026-07-25T10:50:28Z
2026-07-25T10:47:05Z,2026-07-25T12:47:05+0200,8f98f9ca-4a78-47a6-8878-9b0cbde920eb,2026-06-26T20:00:00Z,2026-06-26T22:00:00+0200,261.57,EUR/MWh,DK2,DK_2,day_ahead_price,value,2026-07-25T10:50:28Z
2026-07-25T10:47:05Z,2026-07-25T12:47:05+0200,8f98f9ca-4a78-47a6-8878-9b0cbde920eb,2026-06-26T20:15:00Z,2026-06-26T22:15:00+0200,202.2,EUR/MWh,DK2,DK_2,day_ahead_price,value,2026-07-25T10:50:28Z
2026-07-25T10:47:05Z,2026-07-25T12:47:05+0200,8f98f9ca-4a78-47a6-8878-9b0cbde920eb,2026-06-26T20:30:00Z,2026-06-26T22:30:00+0200,181.75,EUR/MWh,DK2,DK_2,day_ahead_price,value,2026-07-25T10:50:28Z
2026-07-25T10:47:05Z,2026-07-25T12:47:05+0200,8f98f9ca-4a78-47a6-8878-9b0cbde920eb,2026-06-26T20:45:00Z,2026-06-26T22:45:00+0200,158.419998,EUR/MWh,DK2,DK_2,day_ahead_price,value,2026-07-25T10:50:28Z
2026-07-25T10:47:05Z,2026-07-25T12:47:05+0200,8f98f9ca-4a78-47a6-8878-9b0cbde920eb,2026-06-26T21:00:00Z,2026-06-26T23:00:00+0200,173.309998,EUR/MWh,DK2,DK_2,day_ahead_price,value,2026-07-25T10:50:28Z
2026-07-25T10:47:05Z,2026-07-25T12:47:05+0200,8f98f9ca-4a78-47a6-8878-9b0cbde920eb,2026-06-26T21:15:00Z,2026-06-26T23:15:00+0200,154.64,EUR/MWh,DK2,DK_2,day_ahead_price,value,2026-07-25T10:50:28Z
2026-07-25T10:47:05Z,2026-07-25T12:47:05+0200,8f98f9ca-4a78-47a6-8878-9b0cbde920eb,2026-06-26T21:30:00Z,2026-06-26T23:30:00+0200,143.25,EUR/MWh,DK2,DK_2,day_ahead_price,value,2026-07-25T10:50:28Z
2026-07-25T10:47:05Z,2026-07-25T12:47:05+0200,8f98f9ca-4a78-47a6-8878-9b0cbde920eb,2026-06-26T21:45:00Z,2026-06-26T23:45:00+0200,137.110001,EUR/MWh,DK2,DK_2,day_ahead_price,value,2026-07-25T10:50:28Z
2026-07-25T10:47:05Z,2026-07-25T12:47:05+0200,8f98f9ca-4a78-47a6-8878-9b0cbde920eb,2026-06-26T22:00:00Z,2026-06-27T00:00:00+0200,137.38,EUR/MWh,DK2,DK_2,day_ahead_price,value,2026-07-25T10:50:28Z
2026-07-25T10:47:05Z,2026-07-25T12:47:05+0200,8f98f9ca-4a78-47a6-8878-9b0cbde920eb,2026-06-26T22:15:00Z,2026-06-27T00:15:00+0200,130.619995,EUR/MWh,DK2,DK_2,day_ahead_price,value,2026-07-25T10:50:28Z
2026-07-25T10:47:05Z,2026-07-25T12:47:05+0200,8f98f9ca-4a78-47a6-8878-9b0cbde920eb,2026-06-26T22:30:00Z,2026-06-27T00:30:00+0200,115.36,EUR/MWh,DK2,DK_2,day_ahead_price,value,2026-07-25T10:50:28Z
2026-07-25T10:47:05Z,2026-07-25T12:47:05+0200,8f98f9ca-4a78-47a6-8878-9b0cbde920eb,2026-06-26T22:45:00Z,2026-06-27T00:45:00+0200,102.07,EUR/MWh,DK2,DK_2,day_ahead_price,value,2026-07-25T10:50:28Z
2026-07-25T10:47:05Z,2026-07-25T12:47:05+0200,8f98f9ca-4a78-47a6-8878-9b0cbde920eb,2026-06-26T23:00:00Z,2026-06-27T01:00:00+0200,116.940002,EUR/MWh,DK2,DK_2,day_ahead_price,value,2026-07-25T10:50:28Z
2026-07-25T10:47:05Z,2026-07-25T12:47:05+0200,8f98f9ca-4a78-47a6-8878-9b0cbde920eb,2026-06-26T23:15:00Z,2026-06-27T01:15:00+0200,101.639999,EUR/MWh,DK2,DK_2,day_ahead_price,value,2026-07-25T10:50:28Z
2026-07-25T10:47:05Z,2026-07-25T12:47:05+0200,8f98f9ca-4a78-47a6-8878-9b0cbde920eb,2026-06-26T23:30:00Z,2026-06-27T01:30:00+0200,101.2,EUR/MWh,DK2,DK_2,day_ahead_price,value,2026-07-25T10:50:28Z
2026-07-25T10:47:05Z,2026-07-25T12:47:05+0200,8f98f9ca-4a78-47a6-8878-9b0cbde920eb,2026-06-26T23:45:00Z,2026-06-27T01:45:00+0200,100.19,EUR/MWh,DK2,DK_2,day_ahead_price,value,2026-07-25T10:50:28Z
2026-07-25T10:47:05Z,2026-07-25T12:47:05+0200,8f98f9ca-4a78-47a6-8878-9b0cbde920eb,2026-06-27T00:00:00Z,2026-06-27T02:00:00+0200,97.73,EUR/MWh,DK2,DK_2,day_ahead_price,value,2026-07-25T10:50:28Z
2026-07-25T10:47:05Z,2026-07-25T12:47:05+0200,8f98f9ca-4a78-47a6-8878-9b0cbde920eb,2026-06-27T00:15:00Z,2026-06-27T02:15:00+0200,98.18,EUR/MWh,DK2,DK_2,day_ahead_price,value,2026-07-25T10:50:28Z
2026-07-25T10:47:05Z,2026-07-25T12:47:05+0200,8f98f9ca-4a78-47a6-8878-9b0cbde920eb,2026-06-27T00:30:00Z,2026-06-27T02:30:00+0200,98.21,EUR/MWh,DK2,DK_2,day_ahead_price,value,2026-07-25T10:50:28Z
2026-07-25T10:47:05Z,2026-07-25T12:47:05+0200,8f98f9ca-4a78-47a6-8878-9b0cbde920eb,2026-06-27T00:45:00Z,2026-06-27T02:45:00+0200,97.63,EUR/MWh,DK2,DK_2,day_ahead_price,value,2026-07-25T10:50:28Z
2026-07-25T10:47:05Z,2026-07-25T12:47:05+0200,8f98f9ca-4a78-47a6-8878-9b0cbde920eb,2026-06-27T01:00:00Z,2026-06-27T03:00:00+0200,97.44,EUR/MWh,DK2,DK_2,day_ahead_price,value,2026-07-25T10:50:28Z
2026-07-25T10:47:05Z,2026-07-25T12:47:05+0200,8f98f9ca-4a78-47a6-8878-9b0cbde920eb,2026-06-27T01:15:00Z,2026-06-27T03:15:00+0200,96.68,EUR/MWh,DK2,DK_2,day_ahead_price,value,2026-07-25T10:50:28Z
2026-07-25T10:47:05Z,2026-07-25T12:47:05+0200,8f98f9ca-4a78-47a6-8878-9b0cbde920eb,2026-06-27T01:30:00Z,2026-06-27T03:30:00+0200,93.35,EUR/MWh,DK2,DK_2,day_ahead_price,value,2026-07-25T10:50:28Z
2026-07-25T10:47:05Z,2026-07-25T12:47:05+0200,8f98f9ca-4a78-47a6-8878-9b0cbde920eb,2026-06-27T01:45:00Z,2026-06-27T03:45:00+0200,80.28,EUR/MWh,DK2,DK_2,day_ahead_price,value,2026-07-25T10:50:28Z
2026-07-25T10:47:05Z,2026-07-25T12:47:05+0200,8f98f9ca-4a78-47a6-8878-9b0cbde920eb,2026-06-27T02:00:00Z,2026-06-27T04:00:00+0200,96.629997,EUR/MWh,DK2,DK_2,day_ahead_price,value,2026-07-25T10:50:28Z
2026-07-25T10:47:05Z,2026-07-25T12:47:05+0200,8f98f9ca-4a78-47a6-8878-9b0cbde920eb,2026-06-27T02:15:00Z,2026-06-27T04:15:00+0200,80.279999,EUR/MWh,DK2,DK_2,day_ahead_price,value,2026-07-25T10:50:28Z
2026-07-25T10:47:05Z,2026-07-25T12:47:05+0200,8f98f9ca-4a78-47a6-8878-9b0cbde920eb,2026-06-27T02:30:00Z,2026-06-27T04:30:00+0200,80.269997,EUR/MWh,DK2,DK_2,day_ahead_price,value,2026-07-25T10:50:28Z
2026-07-25T10:47:05Z,2026-07-25T12:47:05+0200,8f98f9ca-4a78-47a6-8878-9b0cbde920eb,2026-06-27T02:45:00Z,2026-06-27T04:45:00+0200,70.98,EUR/MWh,DK2,DK_2,day_ahead_price,value,2026-07-25T10:50:28Z
2026-07-25T10:47:05Z,2026-07-25T12:47:05+0200,8f98f9ca-4a78-47a6-8878-9b0cbde920eb,2026-06-27T03:00:00Z,2026-06-27T05:00:00+0200,69.5,EUR/MWh,DK2,DK_2,day_ahead_price,value,2026-07-25T10:50:28Z
2026-07-25T10:47:05Z,2026-07-25T12:47:05+0200,8f98f9ca-4a78-47a6-8878-9b0cbde920eb,2026-06-27T03:15:00Z,2026-06-27T05:15:00+0200,70.989998,EUR/MWh,DK2,DK_2,day_ahead_price,value,2026-07-25T10:50:28Z
2026-07-25T10:47:05Z,2026-07-25T12:47:05+0200,8f98f9ca-4a78-47a6-8878-9b0cbde920eb,2026-06-27T03:30:00Z,2026-06-27T05:30:00+0200,67.019997,EUR/MWh,DK2,DK_2,day_ahead_price,value,2026-07-25T10:50:28Z
2026-07-25T10:47:05Z,2026-07-25T12:47:05+0200,8f98f9ca-4a78-47a6-8878-9b0cbde920eb,2026-06-27T03:45:00Z,2026-06-27T05:45:00+0200,85.75,EUR/MWh,DK2,DK_2,day_ahead_price,value,2026-07-25T10:50:28Z
2026-07-25T10:47:05Z,2026-07-25T12:47:05+0200,8f98f9ca-4a78-47a6-8878-9b0cbde920eb,2026-06-27T04:00:00Z,2026-06-27T06:00:00+0200,76.989998,EUR/MWh,DK2,DK_2,day_ahead_price,value,2026-07-25T10:50:28Z
2026-07-25T10:47:05Z,2026-07-25T12:47:05+0200,8f98f9ca-4a78-47a6-8878-9b0cbde920eb,2026-06-27T04:15:00Z,2026-06-27T06:15:00+0200,75.3,EUR/MWh,DK2,DK_2,day_ahead_price,value,2026-07-25T10:50:28Z
2026-07-25T10:47:05Z,2026-07-25T12:47:05+0200,8f98f9ca-4a78-47a6-8878-9b0cbde920eb,2026-06-27T04:30:00Z,2026-06-27T06:30:00+0200,80.27,EUR/MWh,DK2,DK_2,day_ahead_price,value,2026-07-25T10:50:28Z
2026-07-25T10:47:05Z,2026-07-25T12:47:05+0200,8f98f9ca-4a78-47a6-8878-9b0cbde920eb,2026-06-27T04:45:00Z,2026-06-27T06:45:00+0200,81.49,EUR/MWh,DK2,DK_2,day_ahead_price,value,2026-07-25T10:50:28Z
2026-07-25T10:47:05Z,2026-07-25T12:47:05+0200,8f98f9ca-4a78-47a6-8878-9b0cbde920eb,2026-06-27T05:00:00Z,2026-06-27T07:00:00+0200,76.99,EUR/MWh,DK2,DK_2,day_ahead_price,value,2026-07-25T10:50:28Z
2026-07-25T10:47:05Z,2026-07-25T12:47:05+0200,8f98f9ca-4a78-47a6-8878-9b0cbde920eb,2026-06-27T05:15:00Z,2026-06-27T07:15:00+0200,71.389999,EUR/MWh,DK2,DK_2,day_ahead_price,value,2026-07-25T10:50:28Z
2026-07-25T10:47:05Z,2026-07-25T12:47:05+0200,8f98f9ca-4a78-47a6-8878-9b0cbde920eb,2026-06-27T05:30:00Z,2026-06-27T07:30:00+0200,68.0,EUR/MWh,DK2,DK_2,day_ahead_price,value,2026-07-25T10:50:28Z
2026-07-25T10:47:05Z,2026-07-25T12:47:05+0200,8f98f9ca-4a78-47a6-8878-9b0cbde920eb,2026-06-27T05:45:00Z,2026-06-27T07:45:00+0200,80.0,EUR/MWh,DK2,DK_2,day_ahead_price,value,2026-07-25T10:50:28Z
2026-07-25T10:47:05Z,2026-07-25T12:47:05+0200,8f98f9ca-4a78-47a6-8878-9b0cbde920eb,2026-06-27T06:00:00Z,2026-06-27T08:00:00+0200,80.27,EUR/MWh,DK2,DK_2,day_ahead_price,value,2026-07-25T10:50:28Z
2026-07-25T10:47:05Z,2026-07-25T12:47:05+0200,8f98f9ca-4a78-47a6-8878-9b0cbde920eb,2026-06-27T06:15:00Z,2026-06-27T08:15:00+0200,90.699997,EUR/MWh,DK2,DK_2,day_ahead_price,value,2026-07-25T10:50:28Z
2026-07-25T10:47:05Z,2026-07-25T12:47:05+0200,8f98f9ca-4a78-47a6-8878-9b0cbde920eb,2026-06-27T06:30:00Z,2026-06-27T08:30:00+0200,90.1,EUR/MWh,DK2,DK_2,day_ahead_price,value,2026-07-25T10:50:28Z
2026-07-25T10:47:05Z,2026-07-25T12:47:05+0200,8f98f9ca-4a78-47a6-8878-9b0cbde920eb,2026-06-27T06:45:00Z,2026-06-27T08:45:00+0200,79.56,EUR/MWh,DK2,DK_2,day_ahead_price,value,2026-07-25T10:50:28Z
2026-07-25T10:47:05Z,2026-07-25T12:47:05+0200,8f98f9ca-4a78-47a6-8878-9b0cbde920eb,2026-06-27T07:00:00Z,2026-06-27T09:00:00+0200,97.5,EUR/MWh,DK2,DK_2,day_ahead_price,value,2026-07-25T10:50:28Z
2026-07-25T10:47:05Z,2026-07-25T12:47:05+0200,8f98f9ca-4a78-47a6-8878-9b0cbde920eb,2026-06-27T07:15:00Z,2026-06-27T09:15:00+0200,83.540001,EUR/MWh,DK2,DK_2,day_ahead_price,value,2026-07-25T10:50:28Z
2026-07-25T10:47:05Z,2026-07-25T12:47:05+0200,8f98f9ca-4a78-47a6-8878-9b0cbde920eb,2026-06-27T07:30:00Z,2026-06-27T09:30:00+0200,67.26,EUR/MWh,DK2,DK_2,day_ahead_price,value,2026-07-25T10:50:28Z
2026-07-25T10:47:05Z,2026-07-25T12:47:05+0200,8f98f9ca-4a78-47a6-8878-9b0cbde920eb,2026-06-27T07:45:00Z,2026-06-27T09:45:00+0200,32.42,EUR/MWh,DK2,DK_2,day_ahead_price,value,2026-07-25T10:50:28Z
2026-07-25T10:47:05Z,2026-07-25T12:47:05+0200,8f98f9ca-4a78-47a6-8878-9b0cbde920eb,2026-06-27T08:00:00Z,2026-06-27T10:00:00+0200,63.259998,EUR/MWh,DK2,DK_2,day_ahead_price,value,2026-07-25T10:50:28Z
2026-07-25T10:47:05Z,2026-07-25T12:47:05+0200,8f98f9ca-4a78-47a6-8878-9b0cbde920eb,2026-06-27T08:15:00Z,2026-06-27T10:15:00+0200,42.05,EUR/MWh,DK2,DK_2,day_ahead_price,value,2026-07-25T10:50:28Z
2026-07-25T10:47:05Z,2026-07-25T12:47:05+0200,8f98f9ca-4a78-47a6-8878-9b0cbde920eb,2026-06-27T08:30:00Z,2026-06-27T10:30:00+0200,22.84,EUR/MWh,DK2,DK_2,day_ahead_price,value,2026-07-25T10:50:28Z
2026-07-25T10:47:05Z,2026-07-25T12:47:05+0200,8f98f9ca-4a78-47a6-8878-9b0cbde920eb,2026-06-27T08:45:00Z,2026-06-27T10:45:00+0200,14.79,EUR/MWh,DK2,DK_2,day_ahead_price,value,2026-07-25T10:50:28Z
2026-07-25T10:47:05Z,2026-07-25T12:47:05+0200,8f98f9ca-4a78-47a6-8878-9b0cbde920eb,2026-06-27T09:00:00Z,2026-06-27T11:00:00+0200,24.690001,EUR/MWh,DK2,DK_2,day_ahead_price,value,2026-07-25T10:50:28Z
2026-07-25T10:47:05Z,2026-07-25T12:47:05+0200,8f98f9ca-4a78-47a6-8878-9b0cbde920eb,2026-06-27T09:15:00Z,2026-06-27T11:15:00+0200,22.83,EUR/MWh,DK2,DK_2,day_ahead_price,value,2026-07-25T10:50:28Z
2026-07-25T10:47:05Z,2026-07-25T12:47:05+0200,8f98f9ca-4a78-47a6-8878-9b0cbde920eb,2026-06-27T09:30:00Z,2026-06-27T11:30:00+0200,20.25,EUR/MWh,DK2,DK_2,day_ahead_price,value,2026-07-25T10:50:28Z
2026-07-25T10:47:05Z,2026-07-25T12:47:05+0200,8f98f9ca-4a78-47a6-8878-9b0cbde920eb,2026-06-27T09:45:00Z,2026-06-27T11:45:00+0200,19.97,EUR/MWh,DK2,DK_2,day_ahead_price,value,2026-07-25T10:50:28Z
2026-07-25T10:47:05Z,2026-07-25T12:47:05+0200,8f98f9ca-4a78-47a6-8878-9b0cbde920eb,2026-06-27T10:00:00Z,2026-06-27T12:00:00+0200,16.06,EUR/MWh,DK2,DK_2,day_ahead_price,value,2026-07-25T10:50:28Z
2026-07-25T10:47:05Z,2026-07-25T12:47:05+0200,8f98f9ca-4a78-47a6-8878-9b0cbde920eb,2026-06-27T10:15:00Z,2026-06-27T12:15:00+0200,14.11,EUR/MWh,DK2,DK_2,day_ahead_price,value,2026-07-25T10:50:28Z
2026-07-25T10:47:05Z,2026-07-25T12:47:05+0200,8f98f9ca-4a78-47a6-8878-9b0cbde920eb,2026-06-27T10:30:00Z,2026-06-27T12:30:00+0200,13.0,EUR/MWh,DK2,DK_2,day_ahead_price,value,2026-07-25T10:50:28Z
2026-07-25T10:47:05Z,2026-07-25T12:47:05+0200,8f98f9ca-4a78-47a6-8878-9b0cbde920eb,2026-06-27T10:45:00Z,2026-06-27T12:45:00+0200,10.0,EUR/MWh,DK2,DK_2,day_ahead_price,value,2026-07-25T10:50:28Z
2026-07-25T10:47:05Z,2026-07-25T12:47:05+0200,8f98f9ca-4a78-47a6-8878-9b0cbde920eb,2026-06-27T11:00:00Z,2026-06-27T13:00:00+0200,8.1,EUR/MWh,DK2,DK_2,day_ahead_price,value,2026-07-25T10:50:28Z
2026-07-25T10:47:05Z,2026-07-25T12:47:05+0200,8f98f9ca-4a78-47a6-8878-9b0cbde920eb,2026-06-27T11:15:00Z,2026-06-27T13:15:00+0200,6.75,EUR/MWh,DK2,DK_2,day_ahead_price,value,2026-07-25T10:50:28Z
2026-07-25T10:47:05Z,2026-07-25T12:47:05+0200,8f98f9ca-4a78-47a6-8878-9b0cbde920eb,2026-06-27T11:30:00Z,2026-06-27T13:30:00+0200,6.0,EUR/MWh,DK2,DK_2,day_ahead_price,value,2026-07-25T10:50:28Z
2026-07-25T10:47:05Z,2026-07-25T12:47:05+0200,8f98f9ca-4a78-47a6-8878-9b0cbde920eb,2026-06-27T11:45:00Z,2026-06-27T13:45:00+0200,6.04,EUR/MWh,DK2,DK_2,day_ahead_price,value,2026-07-25T10:50:28Z
2026-07-25T10:47:05Z,2026-07-25T12:47:05+0200,8f98f9ca-4a78-47a6-8878-9b0cbde920eb,2026-06-27T12:00:00Z,2026-06-27T14:00:00+0200,6.61,EUR/MWh,DK2,DK_2,day_ahead_price,value,2026-07-25T10:50:28Z
2026-07-25T10:47:05Z,2026-07-25T12:47:05+0200,8f98f9ca-4a78-47a6-8878-9b0cbde920eb,2026-06-27T12:15:00Z,2026-06-27T14:15:00+0200,7.84,EUR/MWh,DK2,DK_2,day_ahead_price,value,2026-07-25T10:50:28Z
2026-07-25T10:47:05Z,2026-07-25T12:47:05+0200,8f98f9ca-4a78-47a6-8878-9b0cbde920eb,2026-06-27T12:30:00Z,2026-06-27T14:30:00+0200,7.11,EUR/MWh,DK2,DK_2,day_ahead_price,value,2026-07-25T10:50:28Z
2026-07-25T10:47:05Z,2026-07-25T12:47:05+0200,8f98f9ca-4a78-47a6-8878-9b0cbde920eb,2026-06-27T12:45:00Z,2026-06-27T14:45:00+0200,9.4,EUR/MWh,DK2,DK_2,day_ahead_price,value,2026-07-25T10:50:28Z
2026-07-25T10:47:05Z,2026-07-25T12:47:05+0200,8f98f9ca-4a78-47a6-8878-9b0cbde920eb,2026-06-27T13:00:00Z,2026-06-27T15:00:00+0200,10.0,EUR/MWh,DK2,DK_2,day_ahead_price,value,2026-07-25T10:50:28Z
2026-07-25T10:47:05Z,2026-07-25T12:47:05+0200,8f98f9ca-4a78-47a6-8878-9b0cbde920eb,2026-06-27T13:15:00Z,2026-06-27T15:15:00+0200,12.86,EUR/MWh,DK2,DK_2,day_ahead_price,value,2026-07-25T10:50:28Z
2026-07-25T10:47:05Z,2026-07-25T12:47:05+0200,8f98f9ca-4a78-47a6-8878-9b0cbde920eb,2026-06-27T13:30:00Z,2026-06-27T15:30:00+0200,16.5,EUR/MWh,DK2,DK_2,day_ahead_price,value,2026-07-25T10:50:28Z
2026-07-25T10:47:05Z,2026-07-25T12:47:05+0200,8f98f9ca-4a78-47a6-8878-9b0cbde920eb,2026-06-27T13:45:00Z,2026-06-27T15:45:00+0200,32.07,EUR/MWh,DK2,DK_2,day_ahead_price,value,2026-07-25T10:50:28Z
2026-07-25T10:47:05Z,2026-07-25T12:47:05+0200,8f98f9ca-4a78-47a6-8878-9b0cbde920eb,2026-06-27T14:00:00Z,2026-06-27T16:00:00+0200,10.0,EUR/MWh,DK2,DK_2,day_ahead_price,value,2026-07-25T10:50:28Z
2026-07-25T10:47:05Z,2026-07-25T12:47:05+0200,8f98f9ca-4a78-47a6-8878-9b0cbde920eb,2026-06-27T14:15:00Z,2026-06-27T16:15:00+0200,34.11,EUR/MWh,DK2,DK_2,day_ahead_price,value,2026-07-25T10:50:28Z
2026-07-25T10:47:05Z,2026-07-25T12:47:05+0200,8f98f9ca-4a78-47a6-8878-9b0cbde920eb,2026-06-27T14:30:00Z,2026-06-27T16:30:00+0200,66.029999,EUR/MWh,DK2,DK_2,day_ahead_price,value,2026-07-25T10:50:28Z
2026-07-25T10:47:05Z,2026-07-25T12:47:05+0200,8f98f9ca-4a78-47a6-8878-9b0cbde920eb,2026-06-27T14:45:00Z,2026-06-27T16:45:00+0200,90.91,EUR/MWh,DK2,DK_2,day_ahead_price,value,2026-07-25T10:50:28Z
2026-07-25T10:47:05Z,2026-07-25T12:47:05+0200,8f98f9ca-4a78-47a6-8878-9b0cbde920eb,2026-06-27T15:00:00Z,2026-06-27T17:00:00+0200,62.0,EUR/MWh,DK2,DK_2,day_ahead_price,value,2026-07-25T10:50:28Z
2026-07-25T10:47:05Z,2026-07-25T12:47:05+0200,8f98f9ca-4a78-47a6-8878-9b0cbde920eb,2026-06-27T15:15:00Z,2026-06-27T17:15:00+0200,97.05,EUR/MWh,DK2,DK_2,day_ahead_price,value,2026-07-25T10:50:28Z
2026-07-25T10:47:05Z,2026-07-25T12:47:05+0200,8f98f9ca-4a78-47a6-8878-9b0cbde920eb,2026-06-27T15:30:00Z,2026-06-27T17:30:00+0200,109.129997,EUR/MWh,DK2,DK_2,day_ahead_price,value,2026-07-25T10:50:28Z
2026-07-25T10:47:05Z,2026-07-25T12:47:05+0200,8f98f9ca-4a78-47a6-8878-9b0cbde920eb,2026-06-27T15:45:00Z,2026-06-27T17:45:00+0200,126.599998,EUR/MWh,DK2,DK_2,day_ahead_price,value,2026-07-25T10:50:28Z
2026-07-25T10:47:05Z,2026-07-25T12:47:05+0200,8f98f9ca-4a78-47a6-8878-9b0cbde920eb,2026-06-27T16:00:00Z,2026-06-27T18:00:00+0200,108.239998,EUR/MWh,DK2,DK_2,day_ahead_price,value,2026-07-25T10:50:28Z
2026-07-25T10:47:05Z,2026-07-25T12:47:05+0200,8f98f9ca-4a78-47a6-8878-9b0cbde920eb,2026-06-27T16:15:00Z,2026-06-27T18:15:00+0200,117.76,EUR/MWh,DK2,DK_2,day_ahead_price,value,2026-07-25T10:50:28Z
2026-07-25T10:47:05Z,2026-07-25T12:47:05+0200,8f98f9ca-4a78-47a6-8878-9b0cbde920eb,2026-06-27T16:30:00Z,2026-06-27T18:30:00+0200,136.01,EUR/MWh,DK2,DK_2,day_ahead_price,value,2026-07-25T10:50:28Z
2026-07-25T10:47:05Z,2026-07-25T12:47:05+0200,8f98f9ca-4a78-47a6-8878-9b0cbde920eb,2026-06-27T16:45:00Z,2026-06-27T18:45:00+0200,153.190002,EUR/MWh,DK2,DK_2,day_ahead_price,value,2026-07-25T10:50:28Z
2026-07-25T10:47:05Z,2026-07-25T12:47:05+0200,8f98f9ca-4a78-47a6-8878-9b0cbde920eb,2026-06-27T17:00:00Z,2026-06-27T19:00:00+0200,135.43,EUR/MWh,DK2,DK_2,day_ahead_price,value,2026-07-25T10:50:28Z
2026-07-25T10:47:05Z,2026-07-25T12:47:05+0200,8f98f9ca-4a78-47a6-8878-9b0cbde920eb,2026-06-27T17:15:00Z,2026-06-27T19:15:00+0200,152.32,EUR/MWh,DK2,DK_2,day_ahead_price,value,2026-07-25T10:50:28Z
2026-07-25T10:47:05Z,2026-07-25T12:47:05+0200,8f98f9ca-4a78-47a6-8878-9b0cbde920eb,2026-06-27T17:30:00Z,2026-06-27T19:30:00+0200,186.79,EUR/MWh,DK2,DK_2,day_ahead_price,value,2026-07-25T10:50:28Z
2026-07-25T10:47:05Z,2026-07-25T12:47:05+0200,8f98f9ca-4a78-47a6-8878-9b0cbde920eb,2026-06-27T17:45:00Z,2026-06-27T19:45:00+0200,226.28,EUR/MWh,DK2,DK_2,day_ahead_price,value,2026-07-25T10:50:28Z
2026-07-25T10:47:05Z,2026-07-25T12:47:05+0200,8f98f9ca-4a78-47a6-8878-9b0cbde920eb,2026-06-27T18:00:00Z,2026-06-27T20:00:00+0200,203.279999,EUR/MWh,DK2,DK_2,day_ahead_price,value,2026-07-25T10:50:28Z
2026-07-25T10:47:05Z,2026-07-25T12:47:05+0200,8f98f9ca-4a78-47a6-8878-9b0cbde920eb,2026-06-27T18:15:00Z,2026-06-27T20:15:00+0200,211.79,EUR/MWh,DK2,DK_2,day_ahead_price,value,2026-07-25T10:50:28Z
2026-07-25T10:47:05Z,2026-07-25T12:47:05+0200,8f98f9ca-4a78-47a6-8878-9b0cbde920eb,2026-06-27T18:30:00Z,2026-06-27T20:30:00+0200,233.82,EUR/MWh,DK2,DK_2,day_ahead_price,value,2026-07-25T10:50:28Z
2026-07-25T10:47:05Z,2026-07-25T12:47:05+0200,8f98f9ca-4a78-47a6-8878-9b0cbde920eb,2026-06-27T18:45:00Z,2026-06-27T20:45:00+0200,260.91,EUR/MWh,DK2,DK_2,day_ahead_price,value,2026-07-25T10:50:28Z
2026-07-25T10:47:05Z,2026-07-25T12:47:05+0200,8f98f9ca-4a78-47a6-8878-9b0cbde920eb,2026-06-27T19:00:00Z,2026-06-27T21:00:00+0200,229.550003,EUR/MWh,DK2,DK_2,day_ahead_price,value,2026-07-25T10:50:28Z
2026-07-25T10:47:05Z,2026-07-25T12:47:05+0200,8f98f9ca-4a78-47a6-8878-9b0cbde920eb,2026-06-27T19:15:00Z,2026-06-27T21:15:00+0200,219.38,EUR/MWh,DK2,DK_2,day_ahead_price,value,2026-07-25T10:50:28Z
2026-07-25T10:47:05Z,2026-07-25T12:47:05+0200,8f98f9ca-4a78-47a6-8878-9b0cbde920eb,2026-06-27T19:30:00Z,2026-06-27T21:30:00+0200,215.28,EUR/MWh,DK2,DK_2,day_ahead_price,value,2026-07-25T10:50:28Z
2026-07-25T10:47:05Z,2026-07-25T12:47:05+0200,8f98f9ca-4a78-47a6-8878-9b0cbde920eb,2026-06-27T19:45:00Z,2026-06-27T21:45:00+0200,215.7,EUR/MWh,DK2,DK_2,day_ahead_price,value,2026-07-25T10:50:28Z
2026-07-25T10:47:05Z,2026-07-25T12:47:05+0200,8f98f9ca-4a78-47a6-8878-9b0cbde920eb,2026-06-27T20:00:00Z,2026-06-27T22:00:00+0200,207.95,EUR/MWh,DK2,DK_2,day_ahead_price,value,2026-07-25T10:50:28Z
2026-07-25T10:47:05Z,2026-07-25T12:47:05+0200,8f98f9ca-4a78-47a6-8878-9b0cbde920eb,2026-06-27T20:15:00Z,2026-06-27T22:15:00+0200,174.97,EUR/MWh,DK2,DK_2,day_ahead_price,value,2026-07-25T10:50:28Z
2026-07-25T10:47:05Z,2026-07-25T12:47:05+0200,8f98f9ca-4a78-47a6-8878-9b0cbde920eb,2026-06-27T20:30:00Z,2026-06-27T22:30:00+0200,167.96,EUR/MWh,DK2,DK_2,day_ahead_price,value,2026-07-25T10:50:28Z
2026-07-25T10:47:05Z,2026-07-25T12:47:05+0200,8f98f9ca-4a78-47a6-8878-9b0cbde920eb,2026-06-27T20:45:00Z,2026-06-27T22:45:00+0200,154.490005,EUR/MWh,DK2,DK_2,day_ahead_price,value,2026-07-25T10:50:28Z
2026-07-25T10:47:05Z,2026-07-25T12:47:05+0200,8f98f9ca-4a78-47a6-8878-9b0cbde920eb,2026-06-27T21:00:00Z,2026-06-27T23:00:00+0200,158.320007,EUR/MWh,DK2,DK_2,day_ahead_price,value,2026-07-25T10:50:28Z
2026-07-25T10:47:05Z,2026-07-25T12:47:05+0200,8f98f9ca-4a78-47a6-8878-9b0cbde920eb,2026-06-27T21:15:00Z,2026-06-27T23:15:00+0200,145.66,EUR/MWh,DK2,DK_2,day_ahead_price,value,2026-07-25T10:50:28Z
2026-07-25T10:47:05Z,2026-07-25T12:47:05+0200,8f98f9ca-4a78-47a6-8878-9b0cbde920eb,2026-06-27T21:30:00Z,2026-06-27T23:30:00+0200,139.26,EUR/MWh,DK2,DK_2,day_ahead_price,value,2026-07-25T10:50:28Z
2026-07-25T10:47:05Z,2026-07-25T12:47:05+0200,8f98f9ca-4a78-47a6-8878-9b0cbde920eb,2026-06-27T21:45:00Z,2026-06-27T23:45:00+0200,136.28,EUR/MWh,DK2,DK_2,day_ahead_price,value,2026-07-25T10:50:28Z
2026-07-25T10:47:05Z,2026-07-25T12:47:05+0200,8f98f9ca-4a78-47a6-8878-9b0cbde920eb,2026-06-27T22:00:00Z,2026-06-28T00:00:00+0200,145.04,EUR/MWh,DK2,DK_2,day_ahead_price,value,2026-07-25T10:50:28Z
2026-07-25T10:47:05Z,2026-07-25T12:47:05+0200,8f98f9ca-4a78-47a6-8878-9b0cbde920eb,2026-06-27T22:15:00Z,2026-06-28T00:15:00+0200,141.210007,EUR/MWh,DK2,DK_2,day_ahead_price,value,2026-07-25T10:50:28Z
2026-07-25T10:47:05Z,2026-07-25T12:47:05+0200,8f98f9ca-4a78-47a6-8878-9b0cbde920eb,2026-06-27T22:30:00Z,2026-06-28T00:30:00+0200,135.309998,EUR/MWh,DK2,DK_2,day_ahead_price,value,2026-07-25T10:50:28Z
2026-07-25T10:47:05Z,2026-07-25T12:47:05+0200,8f98f9ca-4a78-47a6-8878-9b0cbde920eb,2026-06-27T22:45:00Z,2026-06-28T00:45:00+0200,124.68,EUR/MWh,DK2,DK_2,day_ahead_price,value,2026-07-25T10:50:28Z
2026-07-25T10:47:05Z,2026-07-25T12:47:05+0200,8f98f9ca-4a78-47a6-8878-9b0cbde920eb,2026-06-27T23:00:00Z,2026-06-28T01:00:00+0200,130.59,EUR/MWh,DK2,DK_2,day_ahead_price,value,2026-07-25T10:50:28Z
2026-07-25T10:47:05Z,2026-07-25T12:47:05+0200,8f98f9ca-4a78-47a6-8878-9b0cbde920eb,2026-06-27T23:15:00Z,2026-06-28T01:15:00+0200,128.7,EUR/MWh,DK2,DK_2,day_ahead_price,value,2026-07-25T10:50:28Z
2026-07-25T10:47:05Z,2026-07-25T12:47:05+0200,8f98f9ca-4a78-47a6-8878-9b0cbde920eb,2026-06-27T23:30:00Z,2026-06-28T01:30:00+0200,124.51,EUR/MWh,DK2,DK_2,day_ahead_price,value,2026-07-25T10:50:28Z
2026-07-25T10:47:05Z,2026-07-25T12:47:05+0200,8f98f9ca-4a78-47a6-8878-9b0cbde920eb,2026-06-27T23:45:00Z,2026-06-28T01:45:00+0200,120.73,EUR/MWh,DK2,DK_2,day_ahead_price,value,2026-07-25T10:50:28Z
2026-07-25T10:47:05Z,2026-07-25T12:47:05+0200,8f98f9ca-4a78-47a6-8878-9b0cbde920eb,2026-06-28T00:00:00Z,2026-06-28T02:00:00+0200,122.790001,EUR/MWh,DK2,DK_2,day_ahead_price,value,2026-07-25T10:50:28Z
2026-07-25T10:47:05Z,2026-07-25T12:47:05+0200,8f98f9ca-4a78-47a6-8878-9b0cbde920eb,2026-06-28T00:15:00Z,2026-06-28T02:15:00+0200,120.62,EUR/MWh,DK2,DK_2,day_ahead_price,value,2026-07-25T10:50:28Z
2026-07-25T10:47:05Z,2026-07-25T12:47:05+0200,8f98f9ca-4a78-47a6-8878-9b0cbde920eb,2026-06-28T00:30:00Z,2026-06-28T02:30:00+0200,118.82,EUR/MWh,DK2,DK_2,day_ahead_price,value,2026-07-25T10:50:28Z
2026-07-25T10:47:05Z,2026-07-25T12:47:05+0200,8f98f9ca-4a78-47a6-8878-9b0cbde920eb,2026-06-28T00:45:00Z,2026-06-28T02:45:00+0200,116.5,EUR/MWh,DK2,DK_2,day_ahead_price,value,2026-07-25T10:50:28Z
2026-07-25T10:47:05Z,2026-07-25T12:47:05+0200,8f98f9ca-4a78-47a6-8878-9b0cbde920eb,2026-06-28T01:00:00Z,2026-06-28T03:00:00+0200,116.18,EUR/MWh,DK2,DK_2,day_ahead_price,value,2026-07-25T10:50:28Z
2026-07-25T10:47:05Z,2026-07-25T12:47:05+0200,8f98f9ca-4a78-47a6-8878-9b0cbde920eb,2026-06-28T01:15:00Z,2026-06-28T03:15:00+0200,115.589996,EUR/MWh,DK2,DK_2,day_ahead_price,value,2026-07-25T10:50:28Z
2026-07-25T10:47:05Z,2026-07-25T12:47:05+0200,8f98f9ca-4a78-47a6-8878-9b0cbde920eb,2026-06-28T01:30:00Z,2026-06-28T03:30:00+0200,115.98,EUR/MWh,DK2,DK_2,day_ahead_price,value,2026-07-25T10:50:28Z
2026-07-25T10:47:05Z,2026-07-25T12:47:05+0200,8f98f9ca-4a78-47a6-8878-9b0cbde920eb,2026-06-28T01:45:00Z,2026-06-28T03:45:00+0200,105.46,EUR/MWh,DK2,DK_2,day_ahead_price,value,2026-07-25T10:50:28Z
2026-07-25T10:47:05Z,2026-07-25T12:47:05+0200,8f98f9ca-4a78-47a6-8878-9b0cbde920eb,2026-06-28T02:00:00Z,2026-06-28T04:00:00+0200,101.33,EUR/MWh,DK2,DK_2,day_ahead_price,value,2026-07-25T10:50:28Z
2026-07-25T10:47:05Z,2026-07-25T12:47:05+0200,8f98f9ca-4a78-47a6-8878-9b0cbde920eb,2026-06-28T02:15:00Z,2026-06-28T04:15:00+0200,100.7,EUR/MWh,DK2,DK_2,day_ahead_price,value,2026-07-25T10:50:28Z
2026-07-25T10:47:05Z,2026-07-25T12:47:05+0200,8f98f9ca-4a78-47a6-8878-9b0cbde920eb,2026-06-28T02:30:00Z,2026-06-28T04:30:00+0200,99.099998,EUR/MWh,DK2,DK_2,day_ahead_price,value,2026-07-25T10:50:28Z
2026-07-25T10:47:05Z,2026-07-25T12:47:05+0200,8f98f9ca-4a78-47a6-8878-9b0cbde920eb,2026-06-28T02:45:00Z,2026-06-28T04:45:00+0200,102.18,EUR/MWh,DK2,DK_2,day_ahead_price,value,2026-07-25T10:50:28Z
2026-07-25T10:47:05Z,2026-07-25T12:47:05+0200,8f98f9ca-4a78-47a6-8878-9b0cbde920eb,2026-06-28T03:00:00Z,2026-06-28T05:00:00+0200,94.68,EUR/MWh,DK2,DK_2,day_ahead_price,value,2026-07-25T10:50:28Z
2026-07-25T10:47:05Z,2026-07-25T12:47:05+0200,8f98f9ca-4a78-47a6-8878-9b0cbde920eb,2026-06-28T03:15:00Z,2026-06-28T05:15:00+0200,99.08,EUR/MWh,DK2,DK_2,day_ahead_price,value,2026-07-25T10:50:28Z
2026-07-25T10:47:05Z,2026-07-25T12:47:05+0200,8f98f9ca-4a78-47a6-8878-9b0cbde920eb,2026-06-28T03:30:00Z,2026-06-28T05:30:00+0200,97.64,EUR/MWh,DK2,DK_2,day_ahead_price,value,2026-07-25T10:50:28Z
2026-07-25T10:47:05Z,2026-07-25T12:47:05+0200,8f98f9ca-4a78-47a6-8878-9b0cbde920eb,2026-06-28T03:45:00Z,2026-06-28T05:45:00+0200,94.779999,EUR/MWh,DK2,DK_2,day_ahead_price,value,2026-07-25T10:50:28Z
2026-07-25T10:47:05Z,2026-07-25T12:47:05+0200,8f98f9ca-4a78-47a6-8878-9b0cbde920eb,2026-06-28T04:00:00Z,2026-06-28T06:00:00+0200,95.14,EUR/MWh,DK2,DK_2,day_ahead_price,value,2026-07-25T10:50:28Z
2026-07-25T10:47:05Z,2026-07-25T12:47:05+0200,8f98f9ca-4a78-47a6-8878-9b0cbde920eb,2026-06-28T04:15:00Z,2026-06-28T06:15:00+0200,79.5,EUR/MWh,DK2,DK_2,day_ahead_price,value,2026-07-25T10:50:28Z
2026-07-25T10:47:05Z,2026-07-25T12:47:05+0200,8f98f9ca-4a78-47a6-8878-9b0cbde920eb,2026-06-28T04:30:00Z,2026-06-28T06:30:00+0200,36.5,EUR/MWh,DK2,DK_2,day_ahead_price,value,2026-07-25T10:50:28Z
2026-07-25T10:47:05Z,2026-07-25T12:47:05+0200,8f98f9ca-4a78-47a6-8878-9b0cbde920eb,2026-06-28T04:45:00Z,2026-06-28T06:45:00+0200,33.29,EUR/MWh,DK2,DK_2,day_ahead_price,value,2026-07-25T10:50:28Z
2026-07-25T10:47:05Z,2026-07-25T12:47:05+0200,8f98f9ca-4a78-47a6-8878-9b0cbde920eb,2026-06-28T05:00:00Z,2026-06-28T07:00:00+0200,38.080002,EUR/MWh,DK2,DK_2,day_ahead_price,value,2026-07-25T10:50:28Z
2026-07-25T10:47:05Z,2026-07-25T12:47:05+0200,8f98f9ca-4a78-47a6-8878-9b0cbde920eb,2026-06-28T05:15:00Z,2026-06-28T07:15:00+0200,38.709999,EUR/MWh,DK2,DK_2,day_ahead_price,value,2026-07-25T10:50:28Z
2026-07-25T10:47:05Z,2026-07-25T12:47:05+0200,8f98f9ca-4a78-47a6-8878-9b0cbde920eb,2026-06-28T05:30:00Z,2026-06-28T07:30:00+0200,39.150002,EUR/MWh,DK2,DK_2,day_ahead_price,value,2026-07-25T10:50:28Z
2026-07-25T10:47:05Z,2026-07-25T12:47:05+0200,8f98f9ca-4a78-47a6-8878-9b0cbde920eb,2026-06-28T05:45:00Z,2026-06-28T07:45:00+0200,39.76,EUR/MWh,DK2,DK_2,day_ahead_price,value,2026-07-25T10:50:28Z
2026-07-25T10:47:05Z,2026-07-25T12:47:05+0200,8f98f9ca-4a78-47a6-8878-9b0cbde920eb,2026-06-28T06:00:00Z,2026-06-28T08:00:00+0200,43.23,EUR/MWh,DK2,DK_2,day_ahead_price,value,2026-07-25T10:50:28Z
2026-07-25T10:47:05Z,2026-07-25T12:47:05+0200,8f98f9ca-4a78-47a6-8878-9b0cbde920eb,2026-06-28T06:15:00Z,2026-06-28T08:15:00+0200,42.25,EUR/MWh,DK2,DK_2,day_ahead_price,value,2026-07-25T10:50:28Z
2026-07-25T10:47:05Z,2026-07-25T12:47:05+0200,8f98f9ca-4a78-47a6-8878-9b0cbde920eb,2026-06-28T06:30:00Z,2026-06-28T08:30:00+0200,39.82,EUR/MWh,DK2,DK_2,day_ahead_price,value,2026-07-25T10:50:28Z
2026-07-25T10:47:05Z,2026-07-25T12:47:05+0200,8f98f9ca-4a78-47a6-8878-9b0cbde920eb,2026-06-28T06:45:00Z,2026-06-28T08:45:00+0200,42.64,EUR/MWh,DK2,DK_2,day_ahead_price,value,2026-07-25T10:50:28Z
2026-07-25T10:47:05Z,2026-07-25T12:47:05+0200,8f98f9ca-4a78-47a6-8878-9b0cbde920eb,2026-06-28T07:00:00Z,2026-06-28T09:00:00+0200,57.37,EUR/MWh,DK2,DK_2,day_ahead_price,value,2026-07-25T10:50:28Z
2026-07-25T10:47:05Z,2026-07-25T12:47:05+0200,8f98f9ca-4a78-47a6-8878-9b0cbde920eb,2026-06-28T07:15:00Z,2026-06-28T09:15:00+0200,38.43,EUR/MWh,DK2,DK_2,day_ahead_price,value,2026-07-25T10:50:28Z
2026-07-25T10:47:05Z,2026-07-25T12:47:05+0200,8f98f9ca-4a78-47a6-8878-9b0cbde920eb,2026-06-28T07:30:00Z,2026-06-28T09:30:00+0200,18.78,EUR/MWh,DK2,DK_2,day_ahead_price,value,2026-07-25T10:50:28Z
2026-07-25T10:47:05Z,2026-07-25T12:47:05+0200,8f98f9ca-4a78-47a6-8878-9b0cbde920eb,2026-06-28T07:45:00Z,2026-06-28T09:45:00+0200,11.72,EUR/MWh,DK2,DK_2,day_ahead_price,value,2026-07-25T10:50:28Z
2026-07-25T10:47:05Z,2026-07-25T12:47:05+0200,8f98f9ca-4a78-47a6-8878-9b0cbde920eb,2026-06-28T08:00:00Z,2026-06-28T10:00:00+0200,20.85,EUR/MWh,DK2,DK_2,day_ahead_price,value,2026-07-25T10:50:28Z
2026-07-25T10:47:05Z,2026-07-25T12:47:05+0200,8f98f9ca-4a78-47a6-8878-9b0cbde920eb,2026-06-28T08:15:00Z,2026-06-28T10:15:00+0200,17.63,EUR/MWh,DK2,DK_2,day_ahead_price,value,2026-07-25T10:50:28Z
2026-07-25T10:47:05Z,2026-07-25T12:47:05+0200,8f98f9ca-4a78-47a6-8878-9b0cbde920eb,2026-06-28T08:30:00Z,2026-06-28T10:30:00+0200,14.86,EUR/MWh,DK2,DK_2,day_ahead_price,value,2026-07-25T10:50:28Z
2026-07-25T10:47:05Z,2026-07-25T12:47:05+0200,8f98f9ca-4a78-47a6-8878-9b0cbde920eb,2026-06-28T08:45:00Z,2026-06-28T10:45:00+0200,13.6,EUR/MWh,DK2,DK_2,day_ahead_price,value,2026-07-25T10:50:28Z
2026-07-25T10:47:05Z,2026-07-25T12:47:05+0200,8f98f9ca-4a78-47a6-8878-9b0cbde920eb,2026-06-28T09:00:00Z,2026-06-28T11:00:00+0200,18.98,EUR/MWh,DK2,DK_2,day_ahead_price,value,2026-07-25T10:50:28Z
2026-07-25T10:47:05Z,2026-07-25T12:47:05+0200,8f98f9ca-4a78-47a6-8878-9b0cbde920eb,2026-06-28T09:15:00Z,2026-06-28T11:15:00+0200,18.01,EUR/MWh,DK2,DK_2,day_ahead_price,value,2026-07-25T10:50:28Z
2026-07-25T10:47:05Z,2026-07-25T12:47:05+0200,8f98f9ca-4a78-47a6-8878-9b0cbde920eb,2026-06-28T09:30:00Z,2026-06-28T11:30:00+0200,17.37,EUR/MWh,DK2,DK_2,day_ahead_price,value,2026-07-25T10:50:28Z
2026-07-25T10:47:05Z,2026-07-25T12:47:05+0200,8f98f9ca-4a78-47a6-8878-9b0cbde920eb,2026-06-28T09:45:00Z,2026-06-28T11:45:00+0200,16.719999,EUR/MWh,DK2,DK_2,day_ahead_price,value,2026-07-25T10:50:28Z
2026-07-25T10:47:05Z,2026-07-25T12:47:05+0200,8f98f9ca-4a78-47a6-8878-9b0cbde920eb,2026-06-28T10:00:00Z,2026-06-28T12:00:00+0200,14.21,EUR/MWh,DK2,DK_2,day_ahead_price,value,2026-07-25T10:50:28Z
2026-07-25T10:47:05Z,2026-07-25T12:47:05+0200,8f98f9ca-4a78-47a6-8878-9b0cbde920eb,2026-06-28T10:15:00Z,2026-06-28T12:15:00+0200,14.0,EUR/MWh,DK2,DK_2,day_ahead_price,value,2026-07-25T10:50:28Z
2026-07-25T10:47:05Z,2026-07-25T12:47:05+0200,8f98f9ca-4a78-47a6-8878-9b0cbde920eb,2026-06-28T10:30:00Z,2026-06-28T12:30:00+0200,12.43,EUR/MWh,DK2,DK_2,day_ahead_price,value,2026-07-25T10:50:28Z
2026-07-25T10:47:05Z,2026-07-25T12:47:05+0200,8f98f9ca-4a78-47a6-8878-9b0cbde920eb,2026-06-28T10:45:00Z,2026-06-28T12:45:00+0200,12.29,EUR/MWh,DK2,DK_2,day_ahead_price,value,2026-07-25T10:50:28Z
2026-07-25T10:47:05Z,2026-07-25T12:47:05+0200,8f98f9ca-4a78-47a6-8878-9b0cbde920eb,2026-06-28T11:00:00Z,2026-06-28T13:00:00+0200,11.84,EUR/MWh,DK2,DK_2,day_ahead_price,value,2026-07-25T10:50:28Z
2026-07-25T10:47:05Z,2026-07-25T12:47:05+0200,8f98f9ca-4a78-47a6-8878-9b0cbde920eb,2026-06-28T11:15:00Z,2026-06-28T13:15:00+0200,13.41,EUR/MWh,DK2,DK_2,day_ahead_price,value,2026-07-25T10:50:28Z
2026-07-25T10:47:05Z,2026-07-25T12:47:05+0200,8f98f9ca-4a78-47a6-8878-9b0cbde920eb,2026-06-28T11:30:00Z,2026-06-28T13:30:00+0200,13.53,EUR/MWh,DK2,DK_2,day_ahead_price,value,2026-07-25T10:50:28Z
2026-07-25T10:47:05Z,2026-07-25T12:47:05+0200,8f98f9ca-4a78-47a6-8878-9b0cbde920eb,2026-06-28T11:45:00Z,2026-06-28T13:45:00+0200,13.82,EUR/MWh,DK2,DK_2,day_ahead_price,value,2026-07-25T10:50:28Z
2026-07-25T10:47:05Z,2026-07-25T12:47:05+0200,8f98f9ca-4a78-47a6-8878-9b0cbde920eb,2026-06-28T12:00:00Z,2026-06-28T14:00:00+0200,13.7,EUR/MWh,DK2,DK_2,day_ahead_price,value,2026-07-25T10:50:28Z
2026-07-25T10:47:05Z,2026-07-25T12:47:05+0200,8f98f9ca-4a78-47a6-8878-9b0cbde920eb,2026-06-28T12:15:00Z,2026-06-28T14:15:00+0200,15.0,EUR/MWh,DK2,DK_2,day_ahead_price,value,2026-07-25T10:50:28Z
2026-07-25T10:47:05Z,2026-07-25T12:47:05+0200,8f98f9ca-4a78-47a6-8878-9b0cbde920eb,2026-06-28T12:30:00Z,2026-06-28T14:30:00+0200,17.370001,EUR/MWh,DK2,DK_2,day_ahead_price,value,2026-07-25T10:50:28Z
2026-07-25T10:47:05Z,2026-07-25T12:47:05+0200,8f98f9ca-4a78-47a6-8878-9b0cbde920eb,2026-06-28T12:45:00Z,2026-06-28T14:45:00+0200,19.18,EUR/MWh,DK2,DK_2,day_ahead_price,value,2026-07-25T10:50:28Z
2026-07-25T10:47:05Z,2026-07-25T12:47:05+0200,8f98f9ca-4a78-47a6-8878-9b0cbde920eb,2026-06-28T13:00:00Z,2026-06-28T15:00:00+0200,14.0,EUR/MWh,DK2,DK_2,day_ahead_price,value,2026-07-25T10:50:28Z
2026-07-25T10:47:05Z,2026-07-25T12:47:05+0200,8f98f9ca-4a78-47a6-8878-9b0cbde920eb,2026-06-28T13:15:00Z,2026-06-28T15:15:00+0200,17.37,EUR/MWh,DK2,DK_2,day_ahead_price,value,2026-07-25T10:50:28Z
2026-07-25T10:47:05Z,2026-07-25T12:47:05+0200,8f98f9ca-4a78-47a6-8878-9b0cbde920eb,2026-06-28T13:30:00Z,2026-06-28T15:30:00+0200,20.94,EUR/MWh,DK2,DK_2,day_ahead_price,value,2026-07-25T10:50:28Z
2026-07-25T10:47:05Z,2026-07-25T12:47:05+0200,8f98f9ca-4a78-47a6-8878-9b0cbde920eb,2026-06-28T13:45:00Z,2026-06-28T15:45:00+0200,28.98,EUR/MWh,DK2,DK_2,day_ahead_price,value,2026-07-25T10:50:28Z
2026-07-25T10:47:05Z,2026-07-25T12:47:05+0200,8f98f9ca-4a78-47a6-8878-9b0cbde920eb,2026-06-28T14:00:00Z,2026-06-28T16:00:00+0200,17.1,EUR/MWh,DK2,DK_2,day_ahead_price,value,2026-07-25T10:50:28Z
2026-07-25T10:47:05Z,2026-07-25T12:47:05+0200,8f98f9ca-4a78-47a6-8878-9b0cbde920eb,2026-06-28T14:15:00Z,2026-06-28T16:15:00+0200,23.64,EUR/MWh,DK2,DK_2,day_ahead_price,value,2026-07-25T10:50:28Z
2026-07-25T10:47:05Z,2026-07-25T12:47:05+0200,8f98f9ca-4a78-47a6-8878-9b0cbde920eb,2026-06-28T14:30:00Z,2026-06-28T16:30:00+0200,41.0,EUR/MWh,DK2,DK_2,day_ahead_price,value,2026-07-25T10:50:28Z
2026-07-25T10:47:05Z,2026-07-25T12:47:05+0200,8f98f9ca-4a78-47a6-8878-9b0cbde920eb,2026-06-28T14:45:00Z,2026-06-28T16:45:00+0200,61.68,EUR/MWh,DK2,DK_2,day_ahead_price,value,2026-07-25T10:50:28Z
2026-07-25T10:47:05Z,2026-07-25T12:47:05+0200,8f98f9ca-4a78-47a6-8878-9b0cbde920eb,2026-06-28T15:00:00Z,2026-06-28T17:00:00+0200,33.549999,EUR/MWh,DK2,DK_2,day_ahead_price,value,2026-07-25T10:50:28Z
2026-07-25T10:47:05Z,2026-07-25T12:47:05+0200,8f98f9ca-4a78-47a6-8878-9b0cbde920eb,2026-06-28T15:15:00Z,2026-06-28T17:15:00+0200,72.32,EUR/MWh,DK2,DK_2,day_ahead_price,value,2026-07-25T10:50:28Z
2026-07-25T10:47:05Z,2026-07-25T12:47:05+0200,8f98f9ca-4a78-47a6-8878-9b0cbde920eb,2026-06-28T15:30:00Z,2026-06-28T17:30:00+0200,85.75,EUR/MWh,DK2,DK_2,day_ahead_price,value,2026-07-25T10:50:28Z
2026-07-25T10:47:05Z,2026-07-25T12:47:05+0200,8f98f9ca-4a78-47a6-8878-9b0cbde920eb,2026-06-28T15:45:00Z,2026-06-28T17:45:00+0200,95.139999,EUR/MWh,DK2,DK_2,day_ahead_price,value,2026-07-25T10:50:28Z
2026-07-25T10:47:05Z,2026-07-25T12:47:05+0200,8f98f9ca-4a78-47a6-8878-9b0cbde920eb,2026-06-28T16:00:00Z,2026-06-28T18:00:00+0200,105.31,EUR/MWh,DK2,DK_2,day_ahead_price,value,2026-07-25T10:50:28Z
2026-07-25T10:47:05Z,2026-07-25T12:47:05+0200,8f98f9ca-4a78-47a6-8878-9b0cbde920eb,2026-06-28T16:15:00Z,2026-06-28T18:15:00+0200,111.580002,EUR/MWh,DK2,DK_2,day_ahead_price,value,2026-07-25T10:50:28Z
2026-07-25T10:47:05Z,2026-07-25T12:47:05+0200,8f98f9ca-4a78-47a6-8878-9b0cbde920eb,2026-06-28T16:30:00Z,2026-06-28T18:30:00+0200,115.75,EUR/MWh,DK2,DK_2,day_ahead_price,value,2026-07-25T10:50:28Z
2026-07-25T10:47:05Z,2026-07-25T12:47:05+0200,8f98f9ca-4a78-47a6-8878-9b0cbde920eb,2026-06-28T16:45:00Z,2026-06-28T18:45:00+0200,124.99,EUR/MWh,DK2,DK_2,day_ahead_price,value,2026-07-25T10:50:28Z
2026-07-25T10:47:05Z,2026-07-25T12:47:05+0200,8f98f9ca-4a78-47a6-8878-9b0cbde920eb,2026-06-28T17:00:00Z,2026-06-28T19:00:00+0200,115.050003,EUR/MWh,DK2,DK_2,day_ahead_price,value,2026-07-25T10:50:28Z
2026-07-25T10:47:05Z,2026-07-25T12:47:05+0200,8f98f9ca-4a78-47a6-8878-9b0cbde920eb,2026-06-28T17:15:00Z,2026-06-28T19:15:00+0200,137.06,EUR/MWh,DK2,DK_2,day_ahead_price,value,2026-07-25T10:50:28Z
2026-07-25T10:47:05Z,2026-07-25T12:47:05+0200,8f98f9ca-4a78-47a6-8878-9b0cbde920eb,2026-06-28T17:30:00Z,2026-06-28T19:30:00+0200,144.46,EUR/MWh,DK2,DK_2,day_ahead_price,value,2026-07-25T10:50:28Z
2026-07-25T10:47:05Z,2026-07-25T12:47:05+0200,8f98f9ca-4a78-47a6-8878-9b0cbde920eb,2026-06-28T17:45:00Z,2026-06-28T19:45:00+0200,158.82,EUR/MWh,DK2,DK_2,day_ahead_price,value,2026-07-25T10:50:28Z
2026-07-25T10:47:05Z,2026-07-25T12:47:05+0200,8f98f9ca-4a78-47a6-8878-9b0cbde920eb,2026-06-28T18:00:00Z,2026-06-28T20:00:00+0200,148.779999,EUR/MWh,DK2,DK_2,day_ahead_price,value,2026-07-25T10:50:28Z
2026-07-25T10:47:05Z,2026-07-25T12:47:05+0200,8f98f9ca-4a78-47a6-8878-9b0cbde920eb,2026-06-28T18:15:00Z,2026-06-28T20:15:00+0200,154.080002,EUR/MWh,DK2,DK_2,day_ahead_price,value,2026-07-25T10:50:28Z
2026-07-25T10:47:05Z,2026-07-25T12:47:05+0200,8f98f9ca-4a78-47a6-8878-9b0cbde920eb,2026-06-28T18:30:00Z,2026-06-28T20:30:00+0200,158.820007,EUR/MWh,DK2,DK_2,day_ahead_price,value,2026-07-25T10:50:28Z
2026-07-25T10:47:05Z,2026-07-25T12:47:05+0200,8f98f9ca-4a78-47a6-8878-9b0cbde920eb,2026-06-28T18:45:00Z,2026-06-28T20:45:00+0200,159.71,EUR/MWh,DK2,DK_2,day_ahead_price,value,2026-07-25T10:50:28Z
2026-07-25T10:47:05Z,2026-07-25T12:47:05+0200,8f98f9ca-4a78-47a6-8878-9b0cbde920eb,2026-06-28T19:00:00Z,2026-06-28T21:00:00+0200,162.82,EUR/MWh,DK2,DK_2,day_ahead_price,value,2026-07-25T10:50:28Z
2026-07-25T10:47:05Z,2026-07-25T12:47:05+0200,8f98f9ca-4a78-47a6-8878-9b0cbde920eb,2026-06-28T19:15:00Z,2026-06-28T21:15:00+0200,160.320007,EUR/MWh,DK2,DK_2,day_ahead_price,value,2026-07-25T10:50:28Z
2026-07-25T10:47:05Z,2026-07-25T12:47:05+0200,8f98f9ca-4a78-47a6-8878-9b0cbde920eb,2026-06-28T19:30:00Z,2026-06-28T21:30:00+0200,156.050003,EUR/MWh,DK2,DK_2,day_ahead_price,value,2026-07-25T10:50:28Z
2026-07-25T10:47:05Z,2026-07-25T12:47:05+0200,8f98f9ca-4a78-47a6-8878-9b0cbde920eb,2026-06-28T19:45:00Z,2026-06-28T21:45:00+0200,167.619995,EUR/MWh,DK2,DK_2,day_ahead_price,value,2026-07-25T10:50:28Z
2026-07-25T10:47:05Z,2026-07-25T12:47:05+0200,8f98f9ca-4a78-47a6-8878-9b0cbde920eb,2026-06-28T20:00:00Z,2026-06-28T22:00:00+0200,161.820007,EUR/MWh,DK2,DK_2,day_ahead_price,value,2026-07-25T10:50:28Z
2026-07-25T10:47:05Z,2026-07-25T12:47:05+0200,8f98f9ca-4a78-47a6-8878-9b0cbde920eb,2026-06-28T20:15:00Z,2026-06-28T22:15:00+0200,161.82,EUR/MWh,DK2,DK_2,day_ahead_price,value,2026-07-25T10:50:28Z
2026-07-25T10:47:05Z,2026-07-25T12:47:05+0200,8f98f9ca-4a78-47a6-8878-9b0cbde920eb,2026-06-28T20:30:00Z,2026-06-28T22:30:00+0200,154.45,EUR/MWh,DK2,DK_2,day_ahead_price,value,2026-07-25T10:50:28Z
2026-07-25T10:47:05Z,2026-07-25T12:47:05+0200,8f98f9ca-4a78-47a6-8878-9b0cbde920eb,2026-06-28T20:45:00Z,2026-06-28T22:45:00+0200,151.76,EUR/MWh,DK2,DK_2,day_ahead_price,value,2026-07-25T10:50:28Z
2026-07-25T10:47:05Z,2026-07-25T12:47:05+0200,8f98f9ca-4a78-47a6-8878-9b0cbde920eb,2026-06-28T21:00:00Z,2026-06-28T23:00:00+0200,152.14,EUR/MWh,DK2,DK_2,day_ahead_price,value,2026-07-25T10:50:28Z
2026-07-25T10:47:05Z,2026-07-25T12:47:05+0200,8f98f9ca-4a78-47a6-8878-9b0cbde920eb,2026-06-28T21:15:00Z,2026-06-28T23:15:00+0200,145.059998,EUR/MWh,DK2,DK_2,day_ahead_price,value,2026-07-25T10:50:28Z
2026-07-25T10:47:05Z,2026-07-25T12:47:05+0200,8f98f9ca-4a78-47a6-8878-9b0cbde920eb,2026-06-28T21:30:00Z,2026-06-28T23:30:00+0200,143.029999,EUR/MWh,DK2,DK_2,day_ahead_price,value,2026-07-25T10:50:28Z
2026-07-25T10:47:05Z,2026-07-25T12:47:05+0200,8f98f9ca-4a78-47a6-8878-9b0cbde920eb,2026-06-28T21:45:00Z,2026-06-28T23:45:00+0200,136.479996,EUR/MWh,DK2,DK_2,day_ahead_price,value,2026-07-25T10:50:28Z
2026-07-25T10:47:05Z,2026-07-25T12:47:05+0200,8f98f9ca-4a78-47a6-8878-9b0cbde920eb,2026-06-28T22:00:00Z,2026-06-29T00:00:00+0200,130.36,EUR/MWh,DK2,DK_2,day_ahead_price,value,2026-07-25T10:50:28Z
2026-07-25T10:47:05Z,2026-07-25T12:47:05+0200,8f98f9ca-4a78-47a6-8878-9b0cbde920eb,2026-06-28T22:15:00Z,2026-06-29T00:15:00+0200,125.889999,EUR/MWh,DK2,DK_2,day_ahead_price,value,2026-07-25T10:50:28Z
2026-07-25T10:47:05Z,2026-07-25T12:47:05+0200,8f98f9ca-4a78-47a6-8878-9b0cbde920eb,2026-06-28T22:30:00Z,2026-06-29T00:30:00+0200,119.83,EUR/MWh,DK2,DK_2,day_ahead_price,value,2026-07-25T10:50:28Z
2026-07-25T10:47:05Z,2026-07-25T12:47:05+0200,8f98f9ca-4a78-47a6-8878-9b0cbde920eb,2026-06-28T22:45:00Z,2026-06-29T00:45:00+0200,114.0,EUR/MWh,DK2,DK_2,day_ahead_price,value,2026-07-25T10:50:28Z
2026-07-25T10:47:05Z,2026-07-25T12:47:05+0200,8f98f9ca-4a78-47a6-8878-9b0cbde920eb,2026-06-28T23:00:00Z,2026-06-29T01:00:00+0200,115.99,EUR/MWh,DK2,DK_2,day_ahead_price,value,2026-07-25T10:50:28Z
2026-07-25T10:47:05Z,2026-07-25T12:47:05+0200,8f98f9ca-4a78-47a6-8878-9b0cbde920eb,2026-06-28T23:15:00Z,2026-06-29T01:15:00+0200,111.209999,EUR/MWh,DK2,DK_2,day_ahead_price,value,2026-07-25T10:50:28Z
2026-07-25T10:47:05Z,2026-07-25T12:47:05+0200,8f98f9ca-4a78-47a6-8878-9b0cbde920eb,2026-06-28T23:30:00Z,2026-06-29T01:30:00+0200,111.95,EUR/MWh,DK2,DK_2,day_ahead_price,value,2026-07-25T10:50:28Z
2026-07-25T10:47:05Z,2026-07-25T12:47:05+0200,8f98f9ca-4a78-47a6-8878-9b0cbde920eb,2026-06-28T23:45:00Z,2026-06-29T01:45:00+0200,109.42,EUR/MWh,DK2,DK_2,day_ahead_price,value,2026-07-25T10:50:28Z
2026-07-25T10:47:05Z,2026-07-25T12:47:05+0200,8f98f9ca-4a78-47a6-8878-9b0cbde920eb,2026-06-29T00:00:00Z,2026-06-29T02:00:00+0200,113.419998,EUR/MWh,DK2,DK_2,day_ahead_price,value,2026-07-25T10:50:28Z
2026-07-25T10:47:05Z,2026-07-25T12:47:05+0200,8f98f9ca-4a78-47a6-8878-9b0cbde920eb,2026-06-29T00:15:00Z,2026-06-29T02:15:00+0200,111.95,EUR/MWh,DK2,DK_2,day_ahead_price,value,2026-07-25T10:50:28Z
2026-07-25T10:47:05Z,2026-07-25T12:47:05+0200,8f98f9ca-4a78-47a6-8878-9b0cbde920eb,2026-06-29T00:30:00Z,2026-06-29T02:30:00+0200,109.959999,EUR/MWh,DK2,DK_2,day_ahead_price,value,2026-07-25T10:50:28Z
2026-07-25T10:47:05Z,2026-07-25T12:47:05+0200,8f98f9ca-4a78-47a6-8878-9b0cbde920eb,2026-06-29T00:45:00Z,2026-06-29T02:45:00+0200,108.599998,EUR/MWh,DK2,DK_2,day_ahead_price,value,2026-07-25T10:50:28Z
2026-07-25T10:47:05Z,2026-07-25T12:47:05+0200,8f98f9ca-4a78-47a6-8878-9b0cbde920eb,2026-06-29T01:00:00Z,2026-06-29T03:00:00+0200,108.02,EUR/MWh,DK2,DK_2,day_ahead_price,value,2026-07-25T10:50:28Z
2026-07-25T10:47:05Z,2026-07-25T12:47:05+0200,8f98f9ca-4a78-47a6-8878-9b0cbde920eb,2026-06-29T01:15:00Z,2026-06-29T03:15:00+0200,107.79,EUR/MWh,DK2,DK_2,day_ahead_price,value,2026-07-25T10:50:28Z
2026-07-25T10:47:05Z,2026-07-25T12:47:05+0200,8f98f9ca-4a78-47a6-8878-9b0cbde920eb,2026-06-29T01:30:00Z,2026-06-29T03:30:00+0200,107.59,EUR/MWh,DK2,DK_2,day_ahead_price,value,2026-07-25T10:50:28Z
2026-07-25T10:47:05Z,2026-07-25T12:47:05+0200,8f98f9ca-4a78-47a6-8878-9b0cbde920eb,2026-06-29T01:45:00Z,2026-06-29T03:45:00+0200,107.57,EUR/MWh,DK2,DK_2,day_ahead_price,value,2026-07-25T10:50:28Z
2026-07-25T10:47:05Z,2026-07-25T12:47:05+0200,8f98f9ca-4a78-47a6-8878-9b0cbde920eb,2026-06-29T02:00:00Z,2026-06-29T04:00:00+0200,109.31,EUR/MWh,DK2,DK_2,day_ahead_price,value,2026-07-25T10:50:28Z
2026-07-25T10:47:05Z,2026-07-25T12:47:05+0200,8f98f9ca-4a78-47a6-8878-9b0cbde920eb,2026-06-29T02:15:00Z,2026-06-29T04:15:00+0200,109.349998,EUR/MWh,DK2,DK_2,day_ahead_price,value,2026-07-25T10:50:28Z
2026-07-25T10:47:05Z,2026-07-25T12:47:05+0200,8f98f9ca-4a78-47a6-8878-9b0cbde920eb,2026-06-29T02:30:00Z,2026-06-29T04:30:00+0200,113.59,EUR/MWh,DK2,DK_2,day_ahead_price,value,2026-07-25T10:50:28Z
2026-07-25T10:47:05Z,2026-07-25T12:47:05+0200,8f98f9ca-4a78-47a6-8878-9b0cbde920eb,2026-06-29T02:45:00Z,2026-06-29T04:45:00+0200,118.0,EUR/MWh,DK2,DK_2,day_ahead_price,value,2026-07-25T10:50:28Z
2026-07-25T10:47:05Z,2026-07-25T12:47:05+0200,8f98f9ca-4a78-47a6-8878-9b0cbde920eb,2026-06-29T03:00:00Z,2026-06-29T05:00:00+0200,116.27,EUR/MWh,DK2,DK_2,day_ahead_price,value,2026-07-25T10:50:28Z
2026-07-25T10:47:05Z,2026-07-25T12:47:05+0200,8f98f9ca-4a78-47a6-8878-9b0cbde920eb,2026-06-29T03:15:00Z,2026-06-29T05:15:00+0200,122.559998,EUR/MWh,DK2,DK_2,day_ahead_price,value,2026-07-25T10:50:28Z
2026-07-25T10:47:05Z,2026-07-25T12:47:05+0200,8f98f9ca-4a78-47a6-8878-9b0cbde920eb,2026-06-29T03:30:00Z,2026-06-29T05:30:00+0200,127.75,EUR/MWh,DK2,DK_2,day_ahead_price,value,2026-07-25T10:50:28Z
2026-07-25T10:47:05Z,2026-07-25T12:47:05+0200,8f98f9ca-4a78-47a6-8878-9b0cbde920eb,2026-06-29T03:45:00Z,2026-06-29T05:45:00+0200,134.919998,EUR/MWh,DK2,DK_2,day_ahead_price,value,2026-07-25T10:50:28Z
2026-07-25T10:47:05Z,2026-07-25T12:47:05+0200,8f98f9ca-4a78-47a6-8878-9b0cbde920eb,2026-06-29T04:00:00Z,2026-06-29T06:00:00+0200,147.550003,EUR/MWh,DK2,DK_2,day_ahead_price,value,2026-07-25T10:50:28Z
2026-07-25T10:47:05Z,2026-07-25T12:47:05+0200,8f98f9ca-4a78-47a6-8878-9b0cbde920eb,2026-06-29T04:15:00Z,2026-06-29T06:15:00+0200,150.860001,EUR/MWh,DK2,DK_2,day_ahead_price,value,2026-07-25T10:50:28Z
2026-07-25T10:47:05Z,2026-07-25T12:47:05+0200,8f98f9ca-4a78-47a6-8878-9b0cbde920eb,2026-06-29T04:30:00Z,2026-06-29T06:30:00+0200,150.220001,EUR/MWh,DK2,DK_2,day_ahead_price,value,2026-07-25T10:50:28Z
2026-07-25T10:47:05Z,2026-07-25T12:47:05+0200,8f98f9ca-4a78-47a6-8878-9b0cbde920eb,2026-06-29T04:45:00Z,2026-06-29T06:45:00+0200,147.29,EUR/MWh,DK2,DK_2,day_ahead_price,value,2026-07-25T10:50:28Z
2026-07-25T10:47:05Z,2026-07-25T12:47:05+0200,8f98f9ca-4a78-47a6-8878-9b0cbde920eb,2026-06-29T05:00:00Z,2026-06-29T07:00:00+0200,160.210007,EUR/MWh,DK2,DK_2,day_ahead_price,value,2026-07-25T10:50:28Z
2026-07-25T10:47:05Z,2026-07-25T12:47:05+0200,8f98f9ca-4a78-47a6-8878-9b0cbde920eb,2026-06-29T05:15:00Z,2026-06-29T07:15:00+0200,154.160004,EUR/MWh,DK2,DK_2,day_ahead_price,value,2026-07-25T10:50:28Z
2026-07-25T10:47:05Z,2026-07-25T12:47:05+0200,8f98f9ca-4a78-47a6-8878-9b0cbde920eb,2026-06-29T05:30:00Z,2026-06-29T07:30:00+0200,152.65,EUR/MWh,DK2,DK_2,day_ahead_price,value,2026-07-25T10:50:28Z
2026-07-25T10:47:05Z,2026-07-25T12:47:05+0200,8f98f9ca-4a78-47a6-8878-9b0cbde920eb,2026-06-29T05:45:00Z,2026-06-29T07:45:00+0200,142.75,EUR/MWh,DK2,DK_2,day_ahead_price,value,2026-07-25T10:50:28Z
2026-07-25T10:47:05Z,2026-07-25T12:47:05+0200,8f98f9ca-4a78-47a6-8878-9b0cbde920eb,2026-06-29T06:00:00Z,2026-06-29T08:00:00+0200,161.27,EUR/MWh,DK2,DK_2,day_ahead_price,value,2026-07-25T10:50:28Z
2026-07-25T10:47:05Z,2026-07-25T12:47:05+0200,8f98f9ca-4a78-47a6-8878-9b0cbde920eb,2026-06-29T06:15:00Z,2026-06-29T08:15:00+0200,150.259995,EUR/MWh,DK2,DK_2,day_ahead_price,value,2026-07-25T10:50:28Z
2026-07-25T10:47:05Z,2026-07-25T12:47:05+0200,8f98f9ca-4a78-47a6-8878-9b0cbde920eb,2026-06-29T06:30:00Z,2026-06-29T08:30:00+0200,139.6,EUR/MWh,DK2,DK_2,day_ahead_price,value,2026-07-25T10:50:28Z
2026-07-25T10:47:05Z,2026-07-25T12:47:05+0200,8f98f9ca-4a78-47a6-8878-9b0cbde920eb,2026-06-29T06:45:00Z,2026-06-29T08:45:00+0200,122.010002,EUR/MWh,DK2,DK_2,day_ahead_price,value,2026-07-25T10:50:28Z
2026-07-25T10:47:05Z,2026-07-25T12:47:05+0200,8f98f9ca-4a78-47a6-8878-9b0cbde920eb,2026-06-29T07:00:00Z,2026-06-29T09:00:00+0200,132.0,EUR/MWh,DK2,DK_2,day_ahead_price,value,2026-07-25T10:50:28Z
2026-07-25T10:47:05Z,2026-07-25T12:47:05+0200,8f98f9ca-4a78-47a6-8878-9b0cbde920eb,2026-06-29T07:15:00Z,2026-06-29T09:15:00+0200,124.699997,EUR/MWh,DK2,DK_2,day_ahead_price,value,2026-07-25T10:50:28Z
2026-07-25T10:47:05Z,2026-07-25T12:47:05+0200,8f98f9ca-4a78-47a6-8878-9b0cbde920eb,2026-06-29T07:30:00Z,2026-06-29T09:30:00+0200,117.06,EUR/MWh,DK2,DK_2,day_ahead_price,value,2026-07-25T10:50:28Z
2026-07-25T10:47:05Z,2026-07-25T12:47:05+0200,8f98f9ca-4a78-47a6-8878-9b0cbde920eb,2026-06-29T07:45:00Z,2026-06-29T09:45:00+0200,110.010002,EUR/MWh,DK2,DK_2,day_ahead_price,value,2026-07-25T10:50:28Z
2026-07-25T10:47:05Z,2026-07-25T12:47:05+0200,8f98f9ca-4a78-47a6-8878-9b0cbde920eb,2026-06-29T08:00:00Z,2026-06-29T10:00:00+0200,117.019997,EUR/MWh,DK2,DK_2,day_ahead_price,value,2026-07-25T10:50:28Z
2026-07-25T10:47:05Z,2026-07-25T12:47:05+0200,8f98f9ca-4a78-47a6-8878-9b0cbde920eb,2026-06-29T08:15:00Z,2026-06-29T10:15:00+0200,108.95,EUR/MWh,DK2,DK_2,day_ahead_price,value,2026-07-25T10:50:28Z
2026-07-25T10:47:05Z,2026-07-25T12:47:05+0200,8f98f9ca-4a78-47a6-8878-9b0cbde920eb,2026-06-29T08:30:00Z,2026-06-29T10:30:00+0200,104.18,EUR/MWh,DK2,DK_2,day_ahead_price,value,2026-07-25T10:50:28Z
2026-07-25T10:47:05Z,2026-07-25T12:47:05+0200,8f98f9ca-4a78-47a6-8878-9b0cbde920eb,2026-06-29T08:45:00Z,2026-06-29T10:45:00+0200,97.43,EUR/MWh,DK2,DK_2,day_ahead_price,value,2026-07-25T10:50:28Z
2026-07-25T10:47:05Z,2026-07-25T12:47:05+0200,8f98f9ca-4a78-47a6-8878-9b0cbde920eb,2026-06-29T09:00:00Z,2026-06-29T11:00:00+0200,108.599998,EUR/MWh,DK2,DK_2,day_ahead_price,value,2026-07-25T10:50:28Z
2026-07-25T10:47:05Z,2026-07-25T12:47:05+0200,8f98f9ca-4a78-47a6-8878-9b0cbde920eb,2026-06-29T09:15:00Z,2026-06-29T11:15:00+0200,99.82,EUR/MWh,DK2,DK_2,day_ahead_price,value,2026-07-25T10:50:28Z
2026-07-25T10:47:05Z,2026-07-25T12:47:05+0200,8f98f9ca-4a78-47a6-8878-9b0cbde920eb,2026-06-29T09:30:00Z,2026-06-29T11:30:00+0200,97.410004,EUR/MWh,DK2,DK_2,day_ahead_price,value,2026-07-25T10:50:28Z
2026-07-25T10:47:05Z,2026-07-25T12:47:05+0200,8f98f9ca-4a78-47a6-8878-9b0cbde920eb,2026-06-29T09:45:00Z,2026-06-29T11:45:00+0200,90.419998,EUR/MWh,DK2,DK_2,day_ahead_price,value,2026-07-25T10:50:28Z
2026-07-25T10:47:05Z,2026-07-25T12:47:05+0200,8f98f9ca-4a78-47a6-8878-9b0cbde920eb,2026-06-29T10:00:00Z,2026-06-29T12:00:00+0200,92.96,EUR/MWh,DK2,DK_2,day_ahead_price,value,2026-07-25T10:50:28Z
2026-07-25T10:47:05Z,2026-07-25T12:47:05+0200,8f98f9ca-4a78-47a6-8878-9b0cbde920eb,2026-06-29T10:15:00Z,2026-06-29T12:15:00+0200,92.18,EUR/MWh,DK2,DK_2,day_ahead_price,value,2026-07-25T10:50:28Z
2026-07-25T10:47:05Z,2026-07-25T12:47:05+0200,8f98f9ca-4a78-47a6-8878-9b0cbde920eb,2026-06-29T10:30:00Z,2026-06-29T12:30:00+0200,89.959999,EUR/MWh,DK2,DK_2,day_ahead_price,value,2026-07-25T10:50:28Z
2026-07-25T10:47:05Z,2026-07-25T12:47:05+0200,8f98f9ca-4a78-47a6-8878-9b0cbde920eb,2026-06-29T10:45:00Z,2026-06-29T12:45:00+0200,82.769997,EUR/MWh,DK2,DK_2,day_ahead_price,value,2026-07-25T10:50:28Z
2026-07-25T10:47:05Z,2026-07-25T12:47:05+0200,8f98f9ca-4a78-47a6-8878-9b0cbde920eb,2026-06-29T11:00:00Z,2026-06-29T13:00:00+0200,88.970001,EUR/MWh,DK2,DK_2,day_ahead_price,value,2026-07-25T10:50:28Z
2026-07-25T10:47:05Z,2026-07-25T12:47:05+0200,8f98f9ca-4a78-47a6-8878-9b0cbde920eb,2026-06-29T11:15:00Z,2026-06-29T13:15:00+0200,82.739998,EUR/MWh,DK2,DK_2,day_ahead_price,value,2026-07-25T10:50:28Z
2026-07-25T10:47:05Z,2026-07-25T12:47:05+0200,8f98f9ca-4a78-47a6-8878-9b0cbde920eb,2026-06-29T11:30:00Z,2026-06-29T13:30:00+0200,79.050003,EUR/MWh,DK2,DK_2,day_ahead_price,value,2026-07-25T10:50:28Z
2026-07-25T10:47:05Z,2026-07-25T12:47:05+0200,8f98f9ca-4a78-47a6-8878-9b0cbde920eb,2026-06-29T11:45:00Z,2026-06-29T13:45:00+0200,77.23,EUR/MWh,DK2,DK_2,day_ahead_price,value,2026-07-25T10:50:28Z
2026-07-25T10:47:05Z,2026-07-25T12:47:05+0200,8f98f9ca-4a78-47a6-8878-9b0cbde920eb,2026-06-29T12:00:00Z,2026-06-29T14:00:00+0200,80.97,EUR/MWh,DK2,DK_2,day_ahead_price,value,2026-07-25T10:50:28Z
2026-07-25T10:47:05Z,2026-07-25T12:47:05+0200,8f98f9ca-4a78-47a6-8878-9b0cbde920eb,2026-06-29T12:15:00Z,2026-06-29T14:15:00+0200,84.96,EUR/MWh,DK2,DK_2,day_ahead_price,value,2026-07-25T10:50:28Z
2026-07-25T10:47:05Z,2026-07-25T12:47:05+0200,8f98f9ca-4a78-47a6-8878-9b0cbde920eb,2026-06-29T12:30:00Z,2026-06-29T14:30:00+0200,87.970001,EUR/MWh,DK2,DK_2,day_ahead_price,value,2026-07-25T10:50:28Z
2026-07-25T10:47:05Z,2026-07-25T12:47:05+0200,8f98f9ca-4a78-47a6-8878-9b0cbde920eb,2026-06-29T12:45:00Z,2026-06-29T14:45:00+0200,91.519997,EUR/MWh,DK2,DK_2,day_ahead_price,value,2026-07-25T10:50:28Z
2026-07-25T10:47:05Z,2026-07-25T12:47:05+0200,8f98f9ca-4a78-47a6-8878-9b0cbde920eb,2026-06-29T13:00:00Z,2026-06-29T15:00:00+0200,88.769997,EUR/MWh,DK2,DK_2,day_ahead_price,value,2026-07-25T10:50:28Z
2026-07-25T10:47:05Z,2026-07-25T12:47:05+0200,8f98f9ca-4a78-47a6-8878-9b0cbde920eb,2026-06-29T13:15:00Z,2026-06-29T15:15:00+0200,92.57,EUR/MWh,DK2,DK_2,day_ahead_price,value,2026-07-25T10:50:28Z
2026-07-25T10:47:05Z,2026-07-25T12:47:05+0200,8f98f9ca-4a78-47a6-8878-9b0cbde920eb,2026-06-29T13:30:00Z,2026-06-29T15:30:00+0200,98.839996,EUR/MWh,DK2,DK_2,day_ahead_price,value,2026-07-25T10:50:28Z
2026-07-25T10:47:05Z,2026-07-25T12:47:05+0200,8f98f9ca-4a78-47a6-8878-9b0cbde920eb,2026-06-29T13:45:00Z,2026-06-29T15:45:00+0200,106.040001,EUR/MWh,DK2,DK_2,day_ahead_price,value,2026-07-25T10:50:28Z
2026-07-25T10:47:05Z,2026-07-25T12:47:05+0200,8f98f9ca-4a78-47a6-8878-9b0cbde920eb,2026-06-29T14:00:00Z,2026-06-29T16:00:00+0200,93.47,EUR/MWh,DK2,DK_2,day_ahead_price,value,2026-07-25T10:50:28Z
2026-07-25T10:47:05Z,2026-07-25T12:47:05+0200,8f98f9ca-4a78-47a6-8878-9b0cbde920eb,2026-06-29T14:15:00Z,2026-06-29T16:15:00+0200,99.290001,EUR/MWh,DK2,DK_2,day_ahead_price,value,2026-07-25T10:50:28Z
2026-07-25T10:47:05Z,2026-07-25T12:47:05+0200,8f98f9ca-4a78-47a6-8878-9b0cbde920eb,2026-06-29T14:30:00Z,2026-06-29T16:30:00+0200,102.42,EUR/MWh,DK2,DK_2,day_ahead_price,value,2026-07-25T10:50:28Z
2026-07-25T10:47:05Z,2026-07-25T12:47:05+0200,8f98f9ca-4a78-47a6-8878-9b0cbde920eb,2026-06-29T14:45:00Z,2026-06-29T16:45:00+0200,107.54,EUR/MWh,DK2,DK_2,day_ahead_price,value,2026-07-25T10:50:28Z
2026-07-25T10:47:05Z,2026-07-25T12:47:05+0200,8f98f9ca-4a78-47a6-8878-9b0cbde920eb,2026-06-29T15:00:00Z,2026-06-29T17:00:00+0200,84.43,EUR/MWh,DK2,DK_2,day_ahead_price,value,2026-07-25T10:50:28Z
2026-07-25T10:47:05Z,2026-07-25T12:47:05+0200,8f98f9ca-4a78-47a6-8878-9b0cbde920eb,2026-06-29T15:15:00Z,2026-06-29T17:15:00+0200,105.94,EUR/MWh,DK2,DK_2,day_ahead_price,value,2026-07-25T10:50:28Z
2026-07-25T10:47:05Z,2026-07-25T12:47:05+0200,8f98f9ca-4a78-47a6-8878-9b0cbde920eb,2026-06-29T15:30:00Z,2026-06-29T17:30:00+0200,121.550003,EUR/MWh,DK2,DK_2,day_ahead_price,value,2026-07-25T10:50:28Z
2026-07-25T10:47:05Z,2026-07-25T12:47:05+0200,8f98f9ca-4a78-47a6-8878-9b0cbde920eb,2026-06-29T15:45:00Z,2026-06-29T17:45:00+0200,131.110001,EUR/MWh,DK2,DK_2,day_ahead_price,value,2026-07-25T10:50:28Z
2026-07-25T10:47:05Z,2026-07-25T12:47:05+0200,8f98f9ca-4a78-47a6-8878-9b0cbde920eb,2026-06-29T16:00:00Z,2026-06-29T18:00:00+0200,100.010002,EUR/MWh,DK2,DK_2,day_ahead_price,value,2026-07-25T10:50:28Z
2026-07-25T10:47:05Z,2026-07-25T12:47:05+0200,8f98f9ca-4a78-47a6-8878-9b0cbde920eb,2026-06-29T16:15:00Z,2026-06-29T18:15:00+0200,119.31,EUR/MWh,DK2,DK_2,day_ahead_price,value,2026-07-25T10:50:28Z
2026-07-25T10:47:05Z,2026-07-25T12:47:05+0200,8f98f9ca-4a78-47a6-8878-9b0cbde920eb,2026-06-29T16:30:00Z,2026-06-29T18:30:00+0200,140.91,EUR/MWh,DK2,DK_2,day_ahead_price,value,2026-07-25T10:50:28Z
2026-07-25T10:47:05Z,2026-07-25T12:47:05+0200,8f98f9ca-4a78-47a6-8878-9b0cbde920eb,2026-06-29T16:45:00Z,2026-06-29T18:45:00+0200,176.22,EUR/MWh,DK2,DK_2,day_ahead_price,value,2026-07-25T10:50:28Z
2026-07-25T10:47:05Z,2026-07-25T12:47:05+0200,8f98f9ca-4a78-47a6-8878-9b0cbde920eb,2026-06-29T17:00:00Z,2026-06-29T19:00:00+0200,150.26,EUR/MWh,DK2,DK_2,day_ahead_price,value,2026-07-25T10:50:28Z
2026-07-25T10:47:05Z,2026-07-25T12:47:05+0200,8f98f9ca-4a78-47a6-8878-9b0cbde920eb,2026-06-29T17:15:00Z,2026-06-29T19:15:00+0200,178.58,EUR/MWh,DK2,DK_2,day_ahead_price,value,2026-07-25T10:50:28Z
2026-07-25T10:47:05Z,2026-07-25T12:47:05+0200,8f98f9ca-4a78-47a6-8878-9b0cbde920eb,2026-06-29T17:30:00Z,2026-06-29T19:30:00+0200,210.33,EUR/MWh,DK2,DK_2,day_ahead_price,value,2026-07-25T10:50:28Z
2026-07-25T10:47:05Z,2026-07-25T12:47:05+0200,8f98f9ca-4a78-47a6-8878-9b0cbde920eb,2026-06-29T17:45:00Z,2026-06-29T19:45:00+0200,278.910004,EUR/MWh,DK2,DK_2,day_ahead_price,value,2026-07-25T10:50:28Z
2026-07-25T10:47:05Z,2026-07-25T12:47:05+0200,8f98f9ca-4a78-47a6-8878-9b0cbde920eb,2026-06-29T18:00:00Z,2026-06-29T20:00:00+0200,218.81,EUR/MWh,DK2,DK_2,day_ahead_price,value,2026-07-25T10:50:28Z
2026-07-25T10:47:05Z,2026-07-25T12:47:05+0200,8f98f9ca-4a78-47a6-8878-9b0cbde920eb,2026-06-29T18:15:00Z,2026-06-29T20:15:00+0200,275.49,EUR/MWh,DK2,DK_2,day_ahead_price,value,2026-07-25T10:50:28Z
2026-07-25T10:47:05Z,2026-07-25T12:47:05+0200,8f98f9ca-4a78-47a6-8878-9b0cbde920eb,2026-06-29T18:30:00Z,2026-06-29T20:30:00+0200,329.850006,EUR/MWh,DK2,DK_2,day_ahead_price,value,2026-07-25T10:50:28Z
2026-07-25T10:47:05Z,2026-07-25T12:47:05+0200,8f98f9ca-4a78-47a6-8878-9b0cbde920eb,2026-06-29T18:45:00Z,2026-06-29T20:45:00+0200,358.69,EUR/MWh,DK2,DK_2,day_ahead_price,value,2026-07-25T10:50:28Z
2026-07-25T10:47:05Z,2026-07-25T12:47:05+0200,8f98f9ca-4a78-47a6-8878-9b0cbde920eb,2026-06-29T19:00:00Z,2026-06-29T21:00:00+0200,327.450012,EUR/MWh,DK2,DK_2,day_ahead_price,value,2026-07-25T10:50:28Z
2026-07-25T10:47:05Z,2026-07-25T12:47:05+0200,8f98f9ca-4a78-47a6-8878-9b0cbde920eb,2026-06-29T19:15:00Z,2026-06-29T21:15:00+0200,321.0,EUR/MWh,DK2,DK_2,day_ahead_price,value,2026-07-25T10:50:28Z
2026-07-25T10:47:05Z,2026-07-25T12:47:05+0200,8f98f9ca-4a78-47a6-8878-9b0cbde920eb,2026-06-29T19:30:00Z,2026-06-29T21:30:00+0200,317.67,EUR/MWh,DK2,DK_2,day_ahead_price,value,2026-07-25T10:50:28Z
2026-07-25T10:47:05Z,2026-07-25T12:47:05+0200,8f98f9ca-4a78-47a6-8878-9b0cbde920eb,2026-06-29T19:45:00Z,2026-06-29T21:45:00+0200,278.45,EUR/MWh,DK2,DK_2,day_ahead_price,value,2026-07-25T10:50:28Z
2026-07-25T10:47:05Z,2026-07-25T12:47:05+0200,8f98f9ca-4a78-47a6-8878-9b0cbde920eb,2026-06-29T20:00:00Z,2026-06-29T22:00:00+0200,300.08,EUR/MWh,DK2,DK_2,day_ahead_price,value,2026-07-25T10:50:28Z
2026-07-25T10:47:05Z,2026-07-25T12:47:05+0200,8f98f9ca-4a78-47a6-8878-9b0cbde920eb,2026-06-29T20:15:00Z,2026-06-29T22:15:00+0200,258.05,EUR/MWh,DK2,DK_2,day_ahead_price,value,2026-07-25T10:50:28Z
2026-07-25T10:47:05Z,2026-07-25T12:47:05+0200,8f98f9ca-4a78-47a6-8878-9b0cbde920eb,2026-06-29T20:30:00Z,2026-06-29T22:30:00+0200,208.26,EUR/MWh,DK2,DK_2,day_ahead_price,value,2026-07-25T10:50:28Z
2026-07-25T10:47:05Z,2026-07-25T12:47:05+0200,8f98f9ca-4a78-47a6-8878-9b0cbde920eb,2026-06-29T20:45:00Z,2026-06-29T22:45:00+0200,170.330002,EUR/MWh,DK2,DK_2,day_ahead_price,value,2026-07-25T10:50:28Z
2026-07-25T10:47:05Z,2026-07-25T12:47:05+0200,8f98f9ca-4a78-47a6-8878-9b0cbde920eb,2026-06-29T21:00:00Z,2026-06-29T23:00:00+0200,203.210007,EUR/MWh,DK2,DK_2,day_ahead_price,value,2026-07-25T10:50:28Z
2026-07-25T10:47:05Z,2026-07-25T12:47:05+0200,8f98f9ca-4a78-47a6-8878-9b0cbde920eb,2026-06-29T21:15:00Z,2026-06-29T23:15:00+0200,162.919998,EUR/MWh,DK2,DK_2,day_ahead_price,value,2026-07-25T10:50:28Z
2026-07-25T10:47:05Z,2026-07-25T12:47:05+0200,8f98f9ca-4a78-47a6-8878-9b0cbde920eb,2026-06-29T21:30:00Z,2026-06-29T23:30:00+0200,166.360001,EUR/MWh,DK2,DK_2,day_ahead_price,value,2026-07-25T10:50:28Z
2026-07-25T10:47:05Z,2026-07-25T12:47:05+0200,8f98f9ca-4a78-47a6-8878-9b0cbde920eb,2026-06-29T21:45:00Z,2026-06-29T23:45:00+0200,153.28,EUR/MWh,DK2,DK_2,day_ahead_price,value,2026-07-25T10:50:28Z
2026-07-25T10:47:05Z,2026-07-25T12:47:05+0200,8f98f9ca-4a78-47a6-8878-9b0cbde920eb,2026-06-29T22:00:00Z,2026-06-30T00:00:00+0200,175.550003,EUR/MWh,DK2,DK_2,day_ahead_price,value,2026-07-25T10:50:28Z
2026-07-25T10:47:05Z,2026-07-25T12:47:05+0200,8f98f9ca-4a78-47a6-8878-9b0cbde920eb,2026-06-29T22:15:00Z,2026-06-30T00:15:00+0200,159.309998,EUR/MWh,DK2,DK_2,day_ahead_price,value,2026-07-25T10:50:28Z
2026-07-25T10:47:05Z,2026-07-25T12:47:05+0200,8f98f9ca-4a78-47a6-8878-9b0cbde920eb,2026-06-29T22:30:00Z,2026-06-30T00:30:00+0200,153.610001,EUR/MWh,DK2,DK_2,day_ahead_price,value,2026-07-25T10:50:28Z
2026-07-25T10:47:05Z,2026-07-25T12:47:05+0200,8f98f9ca-4a78-47a6-8878-9b0cbde920eb,2026-06-29T22:45:00Z,2026-06-30T00:45:00+0200,150.740005,EUR/MWh,DK2,DK_2,day_ahead_price,value,2026-07-25T10:50:28Z
2026-07-25T10:47:05Z,2026-07-25T12:47:05+0200,8f98f9ca-4a78-47a6-8878-9b0cbde920eb,2026-06-29T23:00:00Z,2026-06-30T01:00:00+0200,154.44,EUR/MWh,DK2,DK_2,day_ahead_price,value,2026-07-25T10:50:28Z
2026-07-25T10:47:05Z,2026-07-25T12:47:05+0200,8f98f9ca-4a78-47a6-8878-9b0cbde920eb,2026-06-29T23:15:00Z,2026-06-30T01:15:00+0200,146.45,EUR/MWh,DK2,DK_2,day_ahead_price,value,2026-07-25T10:50:28Z
2026-07-25T10:47:05Z,2026-07-25T12:47:05+0200,8f98f9ca-4a78-47a6-8878-9b0cbde920eb,2026-06-29T23:30:00Z,2026-06-30T01:30:00+0200,138.23,EUR/MWh,DK2,DK_2,day_ahead_price,value,2026-07-25T10:50:28Z
2026-07-25T10:47:05Z,2026-07-25T12:47:05+0200,8f98f9ca-4a78-47a6-8878-9b0cbde920eb,2026-06-29T23:45:00Z,2026-06-30T01:45:00+0200,135.21,EUR/MWh,DK2,DK_2,day_ahead_price,value,2026-07-25T10:50:28Z
2026-07-25T10:47:05Z,2026-07-25T12:47:05+0200,8f98f9ca-4a78-47a6-8878-9b0cbde920eb,2026-06-30T00:00:00Z,2026-06-30T02:00:00+0200,140.41,EUR/MWh,DK2,DK_2,day_ahead_price,value,2026-07-25T10:50:28Z
2026-07-25T10:47:05Z,2026-07-25T12:47:05+0200,8f98f9ca-4a78-47a6-8878-9b0cbde920eb,2026-06-30T00:15:00Z,2026-06-30T02:15:00+0200,137.75,EUR/MWh,DK2,DK_2,day_ahead_price,value,2026-07-25T10:50:28Z
2026-07-25T10:47:05Z,2026-07-25T12:47:05+0200,8f98f9ca-4a78-47a6-8878-9b0cbde920eb,2026-06-30T00:30:00Z,2026-06-30T02:30:00+0200,138.31,EUR/MWh,DK2,DK_2,day_ahead_price,value,2026-07-25T10:50:28Z
2026-07-25T10:47:05Z,2026-07-25T12:47:05+0200,8f98f9ca-4a78-47a6-8878-9b0cbde920eb,2026-06-30T00:45:00Z,2026-06-30T02:45:00+0200,137.580002,EUR/MWh,DK2,DK_2,day_ahead_price,value,2026-07-25T10:50:28Z
2026-07-25T10:47:05Z,2026-07-25T12:47:05+0200,8f98f9ca-4a78-47a6-8878-9b0cbde920eb,2026-06-30T01:00:00Z,2026-06-30T03:00:00+0200,143.41,EUR/MWh,DK2,DK_2,day_ahead_price,value,2026-07-25T10:50:28Z
2026-07-25T10:47:05Z,2026-07-25T12:47:05+0200,8f98f9ca-4a78-47a6-8878-9b0cbde920eb,2026-06-30T01:15:00Z,2026-06-30T03:15:00+0200,138.93,EUR/MWh,DK2,DK_2,day_ahead_price,value,2026-07-25T10:50:28Z
2026-07-25T10:47:05Z,2026-07-25T12:47:05+0200,8f98f9ca-4a78-47a6-8878-9b0cbde920eb,2026-06-30T01:30:00Z,2026-06-30T03:30:00+0200,137.43,EUR/MWh,DK2,DK_2,day_ahead_price,value,2026-07-25T10:50:28Z
2026-07-25T10:47:05Z,2026-07-25T12:47:05+0200,8f98f9ca-4a78-47a6-8878-9b0cbde920eb,2026-06-30T01:45:00Z,2026-06-30T03:45:00+0200,136.789993,EUR/MWh,DK2,DK_2,day_ahead_price,value,2026-07-25T10:50:28Z
2026-07-25T10:47:05Z,2026-07-25T12:47:05+0200,8f98f9ca-4a78-47a6-8878-9b0cbde920eb,2026-06-30T02:00:00Z,2026-06-30T04:00:00+0200,141.679993,EUR/MWh,DK2,DK_2,day_ahead_price,value,2026-07-25T10:50:28Z
2026-07-25T10:47:05Z,2026-07-25T12:47:05+0200,8f98f9ca-4a78-47a6-8878-9b0cbde920eb,2026-06-30T02:15:00Z,2026-06-30T04:15:00+0200,137.79,EUR/MWh,DK2,DK_2,day_ahead_price,value,2026-07-25T10:50:28Z
2026-07-25T10:47:05Z,2026-07-25T12:47:05+0200,8f98f9ca-4a78-47a6-8878-9b0cbde920eb,2026-06-30T02:30:00Z,2026-06-30T04:30:00+0200,139.039993,EUR/MWh,DK2,DK_2,day_ahead_price,value,2026-07-25T10:50:28Z
2026-07-25T10:47:05Z,2026-07-25T12:47:05+0200,8f98f9ca-4a78-47a6-8878-9b0cbde920eb,2026-06-30T02:45:00Z,2026-06-30T04:45:00+0200,140.75,EUR/MWh,DK2,DK_2,day_ahead_price,value,2026-07-25T10:50:28Z
2026-07-25T10:47:05Z,2026-07-25T12:47:05+0200,8f98f9ca-4a78-47a6-8878-9b0cbde920eb,2026-06-30T03:00:00Z,2026-06-30T05:00:00+0200,140.789993,EUR/MWh,DK2,DK_2,day_ahead_price,value,2026-07-25T10:50:28Z
2026-07-25T10:47:05Z,2026-07-25T12:47:05+0200,8f98f9ca-4a78-47a6-8878-9b0cbde920eb,2026-06-30T03:15:00Z,2026-06-30T05:15:00+0200,147.309998,EUR/MWh,DK2,DK_2,day_ahead_price,value,2026-07-25T10:50:28Z
2026-07-25T10:47:05Z,2026-07-25T12:47:05+0200,8f98f9ca-4a78-47a6-8878-9b0cbde920eb,2026-06-30T03:30:00Z,2026-06-30T05:30:00+0200,150.899994,EUR/MWh,DK2,DK_2,day_ahead_price,value,2026-07-25T10:50:28Z
2026-07-25T10:47:05Z,2026-07-25T12:47:05+0200,8f98f9ca-4a78-47a6-8878-9b0cbde920eb,2026-06-30T03:45:00Z,2026-06-30T05:45:00+0200,162.570007,EUR/MWh,DK2,DK_2,day_ahead_price,value,2026-07-25T10:50:28Z
2026-07-25T10:47:05Z,2026-07-25T12:47:05+0200,8f98f9ca-4a78-47a6-8878-9b0cbde920eb,2026-06-30T04:00:00Z,2026-06-30T06:00:00+0200,174.28,EUR/MWh,DK2,DK_2,day_ahead_price,value,2026-07-25T10:50:28Z
2026-07-25T10:47:05Z,2026-07-25T12:47:05+0200,8f98f9ca-4a78-47a6-8878-9b0cbde920eb,2026-06-30T04:15:00Z,2026-06-30T06:15:00+0200,189.47,EUR/MWh,DK2,DK_2,day_ahead_price,value,2026-07-25T10:50:28Z
2026-07-25T10:47:05Z,2026-07-25T12:47:05+0200,8f98f9ca-4a78-47a6-8878-9b0cbde920eb,2026-06-30T04:30:00Z,2026-06-30T06:30:00+0200,190.35,EUR/MWh,DK2,DK_2,day_ahead_price,value,2026-07-25T10:50:28Z
2026-07-25T10:47:05Z,2026-07-25T12:47:05+0200,8f98f9ca-4a78-47a6-8878-9b0cbde920eb,2026-06-30T04:45:00Z,2026-06-30T06:45:00+0200,196.5,EUR/MWh,DK2,DK_2,day_ahead_price,value,2026-07-25T10:50:28Z
2026-07-25T10:47:05Z,2026-07-25T12:47:05+0200,8f98f9ca-4a78-47a6-8878-9b0cbde920eb,2026-06-30T05:00:00Z,2026-06-30T07:00:00+0200,213.130005,EUR/MWh,DK2,DK_2,day_ahead_price,value,2026-07-25T10:50:28Z
2026-07-25T10:47:05Z,2026-07-25T12:47:05+0200,8f98f9ca-4a78-47a6-8878-9b0cbde920eb,2026-06-30T05:15:00Z,2026-06-30T07:15:00+0200,196.7,EUR/MWh,DK2,DK_2,day_ahead_price,value,2026-07-25T10:50:28Z
2026-07-25T10:47:05Z,2026-07-25T12:47:05+0200,8f98f9ca-4a78-47a6-8878-9b0cbde920eb,2026-06-30T05:30:00Z,2026-06-30T07:30:00+0200,186.77,EUR/MWh,DK2,DK_2,day_ahead_price,value,2026-07-25T10:50:28Z
2026-07-25T10:47:05Z,2026-07-25T12:47:05+0200,8f98f9ca-4a78-47a6-8878-9b0cbde920eb,2026-06-30T05:45:00Z,2026-06-30T07:45:00+0200,166.169998,EUR/MWh,DK2,DK_2,day_ahead_price,value,2026-07-25T10:50:28Z
2026-07-25T10:47:05Z,2026-07-25T12:47:05+0200,8f98f9ca-4a78-47a6-8878-9b0cbde920eb,2026-06-30T06:00:00Z,2026-06-30T08:00:00+0200,197.380005,EUR/MWh,DK2,DK_2,day_ahead_price,value,2026-07-25T10:50:28Z
2026-07-25T10:47:05Z,2026-07-25T12:47:05+0200,8f98f9ca-4a78-47a6-8878-9b0cbde920eb,2026-06-30T06:15:00Z,2026-06-30T08:15:00+0200,168.28,EUR/MWh,DK2,DK_2,day_ahead_price,value,2026-07-25T10:50:28Z
2026-07-25T10:47:05Z,2026-07-25T12:47:05+0200,8f98f9ca-4a78-47a6-8878-9b0cbde920eb,2026-06-30T06:30:00Z,2026-06-30T08:30:00+0200,140.570007,EUR/MWh,DK2,DK_2,day_ahead_price,value,2026-07-25T10:50:28Z
2026-07-25T10:47:05Z,2026-07-25T12:47:05+0200,8f98f9ca-4a78-47a6-8878-9b0cbde920eb,2026-06-30T06:45:00Z,2026-06-30T08:45:00+0200,119.89,EUR/MWh,DK2,DK_2,day_ahead_price,value,2026-07-25T10:50:28Z
2026-07-25T10:47:05Z,2026-07-25T12:47:05+0200,8f98f9ca-4a78-47a6-8878-9b0cbde920eb,2026-06-30T07:00:00Z,2026-06-30T09:00:00+0200,152.0,EUR/MWh,DK2,DK_2,day_ahead_price,value,2026-07-25T10:50:28Z
2026-07-25T10:47:05Z,2026-07-25T12:47:05+0200,8f98f9ca-4a78-47a6-8878-9b0cbde920eb,2026-06-30T07:15:00Z,2026-06-30T09:15:00+0200,122.099998,EUR/MWh,DK2,DK_2,day_ahead_price,value,2026-07-25T10:50:28Z
2026-07-25T10:47:05Z,2026-07-25T12:47:05+0200,8f98f9ca-4a78-47a6-8878-9b0cbde920eb,2026-06-30T07:30:00Z,2026-06-30T09:30:00+0200,113.31,EUR/MWh,DK2,DK_2,day_ahead_price,value,2026-07-25T10:50:28Z
2026-07-25T10:47:05Z,2026-07-25T12:47:05+0200,8f98f9ca-4a78-47a6-8878-9b0cbde920eb,2026-06-30T07:45:00Z,2026-06-30T09:45:00+0200,110.699997,EUR/MWh,DK2,DK_2,day_ahead_price,value,2026-07-25T10:50:28Z
2026-07-25T10:47:05Z,2026-07-25T12:47:05+0200,8f98f9ca-4a78-47a6-8878-9b0cbde920eb,2026-06-30T08:00:00Z,2026-06-30T10:00:00+0200,111.87,EUR/MWh,DK2,DK_2,day_ahead_price,value,2026-07-25T10:50:28Z
2026-07-25T10:47:05Z,2026-07-25T12:47:05+0200,8f98f9ca-4a78-47a6-8878-9b0cbde920eb,2026-06-30T08:15:00Z,2026-06-30T10:15:00+0200,108.94,EUR/MWh,DK2,DK_2,day_ahead_price,value,2026-07-25T10:50:28Z
2026-07-25T10:47:05Z,2026-07-25T12:47:05+0200,8f98f9ca-4a78-47a6-8878-9b0cbde920eb,2026-06-30T08:30:00Z,2026-06-30T10:30:00+0200,107.72,EUR/MWh,DK2,DK_2,day_ahead_price,value,2026-07-25T10:50:28Z
2026-07-25T10:47:05Z,2026-07-25T12:47:05+0200,8f98f9ca-4a78-47a6-8878-9b0cbde920eb,2026-06-30T08:45:00Z,2026-06-30T10:45:00+0200,99.96,EUR/MWh,DK2,DK_2,day_ahead_price,value,2026-07-25T10:50:28Z
2026-07-25T10:47:05Z,2026-07-25T12:47:05+0200,8f98f9ca-4a78-47a6-8878-9b0cbde920eb,2026-06-30T09:00:00Z,2026-06-30T11:00:00+0200,109.43,EUR/MWh,DK2,DK_2,day_ahead_price,value,2026-07-25T10:50:28Z
2026-07-25T10:47:05Z,2026-07-25T12:47:05+0200,8f98f9ca-4a78-47a6-8878-9b0cbde920eb,2026-06-30T09:15:00Z,2026-06-30T11:15:00+0200,105.510002,EUR/MWh,DK2,DK_2,day_ahead_price,value,2026-07-25T10:50:28Z
2026-07-25T10:47:05Z,2026-07-25T12:47:05+0200,8f98f9ca-4a78-47a6-8878-9b0cbde920eb,2026-06-30T09:30:00Z,2026-06-30T11:30:00+0200,99.239998,EUR/MWh,DK2,DK_2,day_ahead_price,value,2026-07-25T10:50:28Z
2026-07-25T10:47:05Z,2026-07-25T12:47:05+0200,8f98f9ca-4a78-47a6-8878-9b0cbde920eb,2026-06-30T09:45:00Z,2026-06-30T11:45:00+0200,91.349998,EUR/MWh,DK2,DK_2,day_ahead_price,value,2026-07-25T10:50:28Z
2026-07-25T10:47:05Z,2026-07-25T12:47:05+0200,8f98f9ca-4a78-47a6-8878-9b0cbde920eb,2026-06-30T10:00:00Z,2026-06-30T12:00:00+0200,99.669998,EUR/MWh,DK2,DK_2,day_ahead_price,value,2026-07-25T10:50:28Z
2026-07-25T10:47:05Z,2026-07-25T12:47:05+0200,8f98f9ca-4a78-47a6-8878-9b0cbde920eb,2026-06-30T10:15:00Z,2026-06-30T12:15:00+0200,98.209999,EUR/MWh,DK2,DK_2,day_ahead_price,value,2026-07-25T10:50:28Z
2026-07-25T10:47:05Z,2026-07-25T12:47:05+0200,8f98f9ca-4a78-47a6-8878-9b0cbde920eb,2026-06-30T10:30:00Z,2026-06-30T12:30:00+0200,99.279999,EUR/MWh,DK2,DK_2,day_ahead_price,value,2026-07-25T10:50:28Z
2026-07-25T10:47:05Z,2026-07-25T12:47:05+0200,8f98f9ca-4a78-47a6-8878-9b0cbde920eb,2026-06-30T10:45:00Z,2026-06-30T12:45:00+0200,98.260002,EUR/MWh,DK2,DK_2,day_ahead_price,value,2026-07-25T10:50:28Z
2026-07-25T10:47:05Z,2026-07-25T12:47:05+0200,8f98f9ca-4a78-47a6-8878-9b0cbde920eb,2026-06-30T11:00:00Z,2026-06-30T13:00:00+0200,97.139999,EUR/MWh,DK2,DK_2,day_ahead_price,value,2026-07-25T10:50:28Z
2026-07-25T10:47:05Z,2026-07-25T12:47:05+0200,8f98f9ca-4a78-47a6-8878-9b0cbde920eb,2026-06-30T11:15:00Z,2026-06-30T13:15:00+0200,100.309998,EUR/MWh,DK2,DK_2,day_ahead_price,value,2026-07-25T10:50:28Z
2026-07-25T10:47:05Z,2026-07-25T12:47:05+0200,8f98f9ca-4a78-47a6-8878-9b0cbde920eb,2026-06-30T11:30:00Z,2026-06-30T13:30:00+0200,100.519997,EUR/MWh,DK2,DK_2,day_ahead_price,value,2026-07-25T10:50:28Z
2026-07-25T10:47:05Z,2026-07-25T12:47:05+0200,8f98f9ca-4a78-47a6-8878-9b0cbde920eb,2026-06-30T11:45:00Z,2026-06-30T13:45:00+0200,99.739998,EUR/MWh,DK2,DK_2,day_ahead_price,value,2026-07-25T10:50:28Z
2026-07-25T10:47:05Z,2026-07-25T12:47:05+0200,8f98f9ca-4a78-47a6-8878-9b0cbde920eb,2026-06-30T12:00:00Z,2026-06-30T14:00:00+0200,92.870003,EUR/MWh,DK2,DK_2,day_ahead_price,value,2026-07-25T10:50:28Z
2026-07-25T10:47:05Z,2026-07-25T12:47:05+0200,8f98f9ca-4a78-47a6-8878-9b0cbde920eb,2026-06-30T12:15:00Z,2026-06-30T14:15:00+0200,101.150002,EUR/MWh,DK2,DK_2,day_ahead_price,value,2026-07-25T10:50:28Z
2026-07-25T10:47:05Z,2026-07-25T12:47:05+0200,8f98f9ca-4a78-47a6-8878-9b0cbde920eb,2026-06-30T12:30:00Z,2026-06-30T14:30:00+0200,104.51,EUR/MWh,DK2,DK_2,day_ahead_price,value,2026-07-25T10:50:28Z
2026-07-25T10:47:05Z,2026-07-25T12:47:05+0200,8f98f9ca-4a78-47a6-8878-9b0cbde920eb,2026-06-30T12:45:00Z,2026-06-30T14:45:00+0200,108.71,EUR/MWh,DK2,DK_2,day_ahead_price,value,2026-07-25T10:50:28Z
2026-07-25T10:47:05Z,2026-07-25T12:47:05+0200,8f98f9ca-4a78-47a6-8878-9b0cbde920eb,2026-06-30T13:00:00Z,2026-06-30T15:00:00+0200,106.69,EUR/MWh,DK2,DK_2,day_ahead_price,value,2026-07-25T10:50:28Z
2026-07-25T10:47:05Z,2026-07-25T12:47:05+0200,8f98f9ca-4a78-47a6-8878-9b0cbde920eb,2026-06-30T13:15:00Z,2026-06-30T15:15:00+0200,113.489998,EUR/MWh,DK2,DK_2,day_ahead_price,value,2026-07-25T10:50:28Z
2026-07-25T10:47:05Z,2026-07-25T12:47:05+0200,8f98f9ca-4a78-47a6-8878-9b0cbde920eb,2026-06-30T13:30:00Z,2026-06-30T15:30:00+0200,118.1,EUR/MWh,DK2,DK_2,day_ahead_price,value,2026-07-25T10:50:28Z
2026-07-25T10:47:05Z,2026-07-25T12:47:05+0200,8f98f9ca-4a78-47a6-8878-9b0cbde920eb,2026-06-30T13:45:00Z,2026-06-30T15:45:00+0200,116.08,EUR/MWh,DK2,DK_2,day_ahead_price,value,2026-07-25T10:50:28Z
2026-07-25T10:47:05Z,2026-07-25T12:47:05+0200,8f98f9ca-4a78-47a6-8878-9b0cbde920eb,2026-06-30T14:00:00Z,2026-06-30T16:00:00+0200,113.489998,EUR/MWh,DK2,DK_2,day_ahead_price,value,2026-07-25T10:50:28Z
2026-07-25T10:47:05Z,2026-07-25T12:47:05+0200,8f98f9ca-4a78-47a6-8878-9b0cbde920eb,2026-06-30T14:15:00Z,2026-06-30T16:15:00+0200,118.279999,EUR/MWh,DK2,DK_2,day_ahead_price,value,2026-07-25T10:50:28Z
2026-07-25T10:47:05Z,2026-07-25T12:47:05+0200,8f98f9ca-4a78-47a6-8878-9b0cbde920eb,2026-06-30T14:30:00Z,2026-06-30T16:30:00+0200,124.599998,EUR/MWh,DK2,DK_2,day_ahead_price,value,2026-07-25T10:50:28Z
2026-07-25T10:47:05Z,2026-07-25T12:47:05+0200,8f98f9ca-4a78-47a6-8878-9b0cbde920eb,2026-06-30T14:45:00Z,2026-06-30T16:45:00+0200,141.05,EUR/MWh,DK2,DK_2,day_ahead_price,value,2026-07-25T10:50:28Z
2026-07-25T10:47:05Z,2026-07-25T12:47:05+0200,8f98f9ca-4a78-47a6-8878-9b0cbde920eb,2026-06-30T15:00:00Z,2026-06-30T17:00:00+0200,119.29,EUR/MWh,DK2,DK_2,day_ahead_price,value,2026-07-25T10:50:28Z
2026-07-25T10:47:05Z,2026-07-25T12:47:05+0200,8f98f9ca-4a78-47a6-8878-9b0cbde920eb,2026-06-30T15:15:00Z,2026-06-30T17:15:00+0200,125.419998,EUR/MWh,DK2,DK_2,day_ahead_price,value,2026-07-25T10:50:28Z
2026-07-25T10:47:05Z,2026-07-25T12:47:05+0200,8f98f9ca-4a78-47a6-8878-9b0cbde920eb,2026-06-30T15:30:00Z,2026-06-30T17:30:00+0200,152.41,EUR/MWh,DK2,DK_2,day_ahead_price,value,2026-07-25T10:50:28Z
2026-07-25T10:47:05Z,2026-07-25T12:47:05+0200,8f98f9ca-4a78-47a6-8878-9b0cbde920eb,2026-06-30T15:45:00Z,2026-06-30T17:45:00+0200,207.55,EUR/MWh,DK2,DK_2,day_ahead_price,value,2026-07-25T10:50:28Z
2026-07-25T10:47:05Z,2026-07-25T12:47:05+0200,8f98f9ca-4a78-47a6-8878-9b0cbde920eb,2026-06-30T16:00:00Z,2026-06-30T18:00:00+0200,159.74,EUR/MWh,DK2,DK_2,day_ahead_price,value,2026-07-25T10:50:28Z
2026-07-25T10:47:05Z,2026-07-25T12:47:05+0200,8f98f9ca-4a78-47a6-8878-9b0cbde920eb,2026-06-30T16:15:00Z,2026-06-30T18:15:00+0200,178.95,EUR/MWh,DK2,DK_2,day_ahead_price,value,2026-07-25T10:50:28Z
2026-07-25T10:47:05Z,2026-07-25T12:47:05+0200,8f98f9ca-4a78-47a6-8878-9b0cbde920eb,2026-06-30T16:30:00Z,2026-06-30T18:30:00+0200,267.179993,EUR/MWh,DK2,DK_2,day_ahead_price,value,2026-07-25T10:50:28Z
2026-07-25T10:47:05Z,2026-07-25T12:47:05+0200,8f98f9ca-4a78-47a6-8878-9b0cbde920eb,2026-06-30T16:45:00Z,2026-06-30T18:45:00+0200,384.35,EUR/MWh,DK2,DK_2,day_ahead_price,value,2026-07-25T10:50:28Z
2026-07-25T10:47:05Z,2026-07-25T12:47:05+0200,8f98f9ca-4a78-47a6-8878-9b0cbde920eb,2026-06-30T17:00:00Z,2026-06-30T19:00:00+0200,365.470001,EUR/MWh,DK2,DK_2,day_ahead_price,value,2026-07-25T10:50:28Z
2026-07-25T10:47:05Z,2026-07-25T12:47:05+0200,8f98f9ca-4a78-47a6-8878-9b0cbde920eb,2026-06-30T17:15:00Z,2026-06-30T19:15:00+0200,454.65,EUR/MWh,DK2,DK_2,day_ahead_price,value,2026-07-25T10:50:28Z
2026-07-25T10:47:05Z,2026-07-25T12:47:05+0200,8f98f9ca-4a78-47a6-8878-9b0cbde920eb,2026-06-30T17:30:00Z,2026-06-30T19:30:00+0200,485.170013,EUR/MWh,DK2,DK_2,day_ahead_price,value,2026-07-25T10:50:28Z
2026-07-25T10:47:05Z,2026-07-25T12:47:05+0200,8f98f9ca-4a78-47a6-8878-9b0cbde920eb,2026-06-30T17:45:00Z,2026-06-30T19:45:00+0200,543.469971,EUR/MWh,DK2,DK_2,day_ahead_price,value,2026-07-25T10:50:28Z
2026-07-25T10:47:05Z,2026-07-25T12:47:05+0200,8f98f9ca-4a78-47a6-8878-9b0cbde920eb,2026-06-30T18:00:00Z,2026-06-30T20:00:00+0200,480.38,EUR/MWh,DK2,DK_2,day_ahead_price,value,2026-07-25T10:50:28Z
2026-07-25T10:47:05Z,2026-07-25T12:47:05+0200,8f98f9ca-4a78-47a6-8878-9b0cbde920eb,2026-06-30T18:15:00Z,2026-06-30T20:15:00+0200,506.619995,EUR/MWh,DK2,DK_2,day_ahead_price,value,2026-07-25T10:50:28Z
2026-07-25T10:47:05Z,2026-07-25T12:47:05+0200,8f98f9ca-4a78-47a6-8878-9b0cbde920eb,2026-06-30T18:30:00Z,2026-06-30T20:30:00+0200,556.25,EUR/MWh,DK2,DK_2,day_ahead_price,value,2026-07-25T10:50:28Z
2026-07-25T10:47:05Z,2026-07-25T12:47:05+0200,8f98f9ca-4a78-47a6-8878-9b0cbde920eb,2026-06-30T18:45:00Z,2026-06-30T20:45:00+0200,563.21,EUR/MWh,DK2,DK_2,day_ahead_price,value,2026-07-25T10:50:28Z
2026-07-25T10:47:05Z,2026-07-25T12:47:05+0200,8f98f9ca-4a78-47a6-8878-9b0cbde920eb,2026-06-30T19:00:00Z,2026-06-30T21:00:00+0200,483.54,EUR/MWh,DK2,DK_2,day_ahead_price,value,2026-07-25T10:50:28Z
2026-07-25T10:47:05Z,2026-07-25T12:47:05+0200,8f98f9ca-4a78-47a6-8878-9b0cbde920eb,2026-06-30T19:15:00Z,2026-06-30T21:15:00+0200,444.88,EUR/MWh,DK2,DK_2,day_ahead_price,value,2026-07-25T10:50:28Z
2026-07-25T10:47:05Z,2026-07-25T12:47:05+0200,8f98f9ca-4a78-47a6-8878-9b0cbde920eb,2026-06-30T19:30:00Z,2026-06-30T21:30:00+0200,405.65,EUR/MWh,DK2,DK_2,day_ahead_price,value,2026-07-25T10:50:28Z
2026-07-25T10:47:05Z,2026-07-25T12:47:05+0200,8f98f9ca-4a78-47a6-8878-9b0cbde920eb,2026-06-30T19:45:00Z,2026-06-30T21:45:00+0200,312.08,EUR/MWh,DK2,DK_2,day_ahead_price,value,2026-07-25T10:50:28Z
2026-07-25T10:47:05Z,2026-07-25T12:47:05+0200,8f98f9ca-4a78-47a6-8878-9b0cbde920eb,2026-06-30T20:00:00Z,2026-06-30T22:00:00+0200,362.25,EUR/MWh,DK2,DK_2,day_ahead_price,value,2026-07-25T10:50:28Z
2026-07-25T10:47:05Z,2026-07-25T12:47:05+0200,8f98f9ca-4a78-47a6-8878-9b0cbde920eb,2026-06-30T20:15:00Z,2026-06-30T22:15:00+0200,292.440002,EUR/MWh,DK2,DK_2,day_ahead_price,value,2026-07-25T10:50:28Z
2026-07-25T10:47:05Z,2026-07-25T12:47:05+0200,8f98f9ca-4a78-47a6-8878-9b0cbde920eb,2026-06-30T20:30:00Z,2026-06-30T22:30:00+0200,237.889999,EUR/MWh,DK2,DK_2,day_ahead_price,value,2026-07-25T10:50:28Z
2026-07-25T10:47:05Z,2026-07-25T12:47:05+0200,8f98f9ca-4a78-47a6-8878-9b0cbde920eb,2026-06-30T20:45:00Z,2026-06-30T22:45:00+0200,230.25,EUR/MWh,DK2,DK_2,day_ahead_price,value,2026-07-25T10:50:28Z
2026-07-25T10:47:05Z,2026-07-25T12:47:05+0200,8f98f9ca-4a78-47a6-8878-9b0cbde920eb,2026-06-30T21:00:00Z,2026-06-30T23:00:00+0200,206.080002,EUR/MWh,DK2,DK_2,day_ahead_price,value,2026-07-25T10:50:28Z
2026-07-25T10:47:05Z,2026-07-25T12:47:05+0200,8f98f9ca-4a78-47a6-8878-9b0cbde920eb,2026-06-30T21:15:00Z,2026-06-30T23:15:00+0200,189.919998,EUR/MWh,DK2,DK_2,day_ahead_price,value,2026-07-25T10:50:28Z
2026-07-25T10:47:05Z,2026-07-25T12:47:05+0200,8f98f9ca-4a78-47a6-8878-9b0cbde920eb,2026-06-30T21:30:00Z,2026-06-30T23:30:00+0200,180.76,EUR/MWh,DK2,DK_2,day_ahead_price,value,2026-07-25T10:50:28Z
2026-07-25T10:47:05Z,2026-07-25T12:47:05+0200,8f98f9ca-4a78-47a6-8878-9b0cbde920eb,2026-06-30T21:45:00Z,2026-06-30T23:45:00+0200,161.95,EUR/MWh,DK2,DK_2,day_ahead_price,value,2026-07-25T10:50:28Z
2026-07-25T10:47:05Z,2026-07-25T12:47:05+0200,8f98f9ca-4a78-47a6-8878-9b0cbde920eb,2026-06-30T22:00:00Z,2026-07-01T00:00:00+0200,179.830002,EUR/MWh,DK2,DK_2,day_ahead_price,value,2026-07-25T10:50:28Z
2026-07-25T10:47:05Z,2026-07-25T12:47:05+0200,8f98f9ca-4a78-47a6-8878-9b0cbde920eb,2026-06-30T22:15:00Z,2026-07-01T00:15:00+0200,165.01,EUR/MWh,DK2,DK_2,day_ahead_price,value,2026-07-25T10:50:28Z
2026-07-25T10:47:05Z,2026-07-25T12:47:05+0200,8f98f9ca-4a78-47a6-8878-9b0cbde920eb,2026-06-30T22:30:00Z,2026-07-01T00:30:00+0200,157.990005,EUR/MWh,DK2,DK_2,day_ahead_price,value,2026-07-25T10:50:28Z
2026-07-25T10:47:05Z,2026-07-25T12:47:05+0200,8f98f9ca-4a78-47a6-8878-9b0cbde920eb,2026-06-30T22:45:00Z,2026-07-01T00:45:00+0200,148.869995,EUR/MWh,DK2,DK_2,day_ahead_price,value,2026-07-25T10:50:28Z
2026-07-25T10:47:05Z,2026-07-25T12:47:05+0200,8f98f9ca-4a78-47a6-8878-9b0cbde920eb,2026-06-30T23:00:00Z,2026-07-01T01:00:00+0200,159.979996,EUR/MWh,DK2,DK_2,day_ahead_price,value,2026-07-25T10:50:28Z
2026-07-25T10:47:05Z,2026-07-25T12:47:05+0200,8f98f9ca-4a78-47a6-8878-9b0cbde920eb,2026-06-30T23:15:00Z,2026-07-01T01:15:00+0200,150.97,EUR/MWh,DK2,DK_2,day_ahead_price,value,2026-07-25T10:50:28Z
2026-07-25T10:47:05Z,2026-07-25T12:47:05+0200,8f98f9ca-4a78-47a6-8878-9b0cbde920eb,2026-06-30T23:30:00Z,2026-07-01T01:30:00+0200,142.839996,EUR/MWh,DK2,DK_2,day_ahead_price,value,2026-07-25T10:50:28Z
2026-07-25T10:47:05Z,2026-07-25T12:47:05+0200,8f98f9ca-4a78-47a6-8878-9b0cbde920eb,2026-06-30T23:45:00Z,2026-07-01T01:45:00+0200,140.080002,EUR/MWh,DK2,DK_2,day_ahead_price,value,2026-07-25T10:50:28Z
2026-07-25T10:47:05Z,2026-07-25T12:47:05+0200,8f98f9ca-4a78-47a6-8878-9b0cbde920eb,2026-07-01T00:00:00Z,2026-07-01T02:00:00+0200,143.53,EUR/MWh,DK2,DK_2,day_ahead_price,value,2026-07-25T10:50:28Z
2026-07-25T10:47:05Z,2026-07-25T12:47:05+0200,8f98f9ca-4a78-47a6-8878-9b0cbde920eb,2026-07-01T00:15:00Z,2026-07-01T02:15:00+0200,145.130005,EUR/MWh,DK2,DK_2,day_ahead_price,value,2026-07-25T10:50:28Z
2026-07-25T10:47:05Z,2026-07-25T12:47:05+0200,8f98f9ca-4a78-47a6-8878-9b0cbde920eb,2026-07-01T00:30:00Z,2026-07-01T02:30:00+0200,146.87,EUR/MWh,DK2,DK_2,day_ahead_price,value,2026-07-25T10:50:28Z
2026-07-25T10:47:05Z,2026-07-25T12:47:05+0200,8f98f9ca-4a78-47a6-8878-9b0cbde920eb,2026-07-01T00:45:00Z,2026-07-01T02:45:00+0200,143.649994,EUR/MWh,DK2,DK_2,day_ahead_price,value,2026-07-25T10:50:28Z
2026-07-25T10:47:05Z,2026-07-25T12:47:05+0200,8f98f9ca-4a78-47a6-8878-9b0cbde920eb,2026-07-01T01:00:00Z,2026-07-01T03:00:00+0200,146.93,EUR/MWh,DK2,DK_2,day_ahead_price,value,2026-07-25T10:50:28Z
2026-07-25T10:47:05Z,2026-07-25T12:47:05+0200,8f98f9ca-4a78-47a6-8878-9b0cbde920eb,2026-07-01T01:15:00Z,2026-07-01T03:15:00+0200,147.59,EUR/MWh,DK2,DK_2,day_ahead_price,value,2026-07-25T10:50:28Z
2026-07-25T10:47:05Z,2026-07-25T12:47:05+0200,8f98f9ca-4a78-47a6-8878-9b0cbde920eb,2026-07-01T01:30:00Z,2026-07-01T03:30:00+0200,145.15,EUR/MWh,DK2,DK_2,day_ahead_price,value,2026-07-25T10:50:28Z
2026-07-25T10:47:05Z,2026-07-25T12:47:05+0200,8f98f9ca-4a78-47a6-8878-9b0cbde920eb,2026-07-01T01:45:00Z,2026-07-01T03:45:00+0200,140.97,EUR/MWh,DK2,DK_2,day_ahead_price,value,2026-07-25T10:50:28Z
2026-07-25T10:47:05Z,2026-07-25T12:47:05+0200,8f98f9ca-4a78-47a6-8878-9b0cbde920eb,2026-07-01T02:00:00Z,2026-07-01T04:00:00+0200,145.3,EUR/MWh,DK2,DK_2,day_ahead_price,value,2026-07-25T10:50:28Z
2026-07-25T10:47:05Z,2026-07-25T12:47:05+0200,8f98f9ca-4a78-47a6-8878-9b0cbde920eb,2026-07-01T02:15:00Z,2026-07-01T04:15:00+0200,148.350006,EUR/MWh,DK2,DK_2,day_ahead_price,value,2026-07-25T10:50:28Z
2026-07-25T10:47:05Z,2026-07-25T12:47:05+0200,8f98f9ca-4a78-47a6-8878-9b0cbde920eb,2026-07-01T02:30:00Z,2026-07-01T04:30:00+0200,147.910004,EUR/MWh,DK2,DK_2,day_ahead_price,value,2026-07-25T10:50:28Z
2026-07-25T10:47:05Z,2026-07-25T12:47:05+0200,8f98f9ca-4a78-47a6-8878-9b0cbde920eb,2026-07-01T02:45:00Z,2026-07-01T04:45:00+0200,150.889999,EUR/MWh,DK2,DK_2,day_ahead_price,value,2026-07-25T10:50:28Z
2026-07-25T10:47:05Z,2026-07-25T12:47:05+0200,8f98f9ca-4a78-47a6-8878-9b0cbde920eb,2026-07-01T03:00:00Z,2026-07-01T05:00:00+0200,151.09,EUR/MWh,DK2,DK_2,day_ahead_price,value,2026-07-25T10:50:28Z
2026-07-25T10:47:05Z,2026-07-25T12:47:05+0200,8f98f9ca-4a78-47a6-8878-9b0cbde920eb,2026-07-01T03:15:00Z,2026-07-01T05:15:00+0200,153.4,EUR/MWh,DK2,DK_2,day_ahead_price,value,2026-07-25T10:50:28Z
2026-07-25T10:47:05Z,2026-07-25T12:47:05+0200,8f98f9ca-4a78-47a6-8878-9b0cbde920eb,2026-07-01T03:30:00Z,2026-07-01T05:30:00+0200,159.09,EUR/MWh,DK2,DK_2,day_ahead_price,value,2026-07-25T10:50:28Z
2026-07-25T10:47:05Z,2026-07-25T12:47:05+0200,8f98f9ca-4a78-47a6-8878-9b0cbde920eb,2026-07-01T03:45:00Z,2026-07-01T05:45:00+0200,163.589996,EUR/MWh,DK2,DK_2,day_ahead_price,value,2026-07-25T10:50:28Z
2026-07-25T10:47:05Z,2026-07-25T12:47:05+0200,8f98f9ca-4a78-47a6-8878-9b0cbde920eb,2026-07-01T04:00:00Z,2026-07-01T06:00:00+0200,187.52,EUR/MWh,DK2,DK_2,day_ahead_price,value,2026-07-25T10:50:28Z
2026-07-25T10:47:05Z,2026-07-25T12:47:05+0200,8f98f9ca-4a78-47a6-8878-9b0cbde920eb,2026-07-01T04:15:00Z,2026-07-01T06:15:00+0200,194.570007,EUR/MWh,DK2,DK_2,day_ahead_price,value,2026-07-25T10:50:28Z
2026-07-25T10:47:05Z,2026-07-25T12:47:05+0200,8f98f9ca-4a78-47a6-8878-9b0cbde920eb,2026-07-01T04:30:00Z,2026-07-01T06:30:00+0200,198.910004,EUR/MWh,DK2,DK_2,day_ahead_price,value,2026-07-25T10:50:28Z
2026-07-25T10:47:05Z,2026-07-25T12:47:05+0200,8f98f9ca-4a78-47a6-8878-9b0cbde920eb,2026-07-01T04:45:00Z,2026-07-01T06:45:00+0200,197.520004,EUR/MWh,DK2,DK_2,day_ahead_price,value,2026-07-25T10:50:28Z
2026-07-25T10:47:05Z,2026-07-25T12:47:05+0200,8f98f9ca-4a78-47a6-8878-9b0cbde920eb,2026-07-01T05:00:00Z,2026-07-01T07:00:00+0200,206.92,EUR/MWh,DK2,DK_2,day_ahead_price,value,2026-07-25T10:50:28Z
2026-07-25T10:47:05Z,2026-07-25T12:47:05+0200,8f98f9ca-4a78-47a6-8878-9b0cbde920eb,2026-07-01T05:15:00Z,2026-07-01T07:15:00+0200,205.7,EUR/MWh,DK2,DK_2,day_ahead_price,value,2026-07-25T10:50:28Z
2026-07-25T10:47:05Z,2026-07-25T12:47:05+0200,8f98f9ca-4a78-47a6-8878-9b0cbde920eb,2026-07-01T05:30:00Z,2026-07-01T07:30:00+0200,198.25,EUR/MWh,DK2,DK_2,day_ahead_price,value,2026-07-25T10:50:28Z
2026-07-25T10:47:05Z,2026-07-25T12:47:05+0200,8f98f9ca-4a78-47a6-8878-9b0cbde920eb,2026-07-01T05:45:00Z,2026-07-01T07:45:00+0200,201.399994,EUR/MWh,DK2,DK_2,day_ahead_price,value,2026-07-25T10:50:28Z
2026-07-25T10:47:05Z,2026-07-25T12:47:05+0200,8f98f9ca-4a78-47a6-8878-9b0cbde920eb,2026-07-01T06:00:00Z,2026-07-01T08:00:00+0200,198.470001,EUR/MWh,DK2,DK_2,day_ahead_price,value,2026-07-25T10:50:28Z
2026-07-25T10:47:05Z,2026-07-25T12:47:05+0200,8f98f9ca-4a78-47a6-8878-9b0cbde920eb,2026-07-01T06:15:00Z,2026-07-01T08:15:00+0200,197.53,EUR/MWh,DK2,DK_2,day_ahead_price,value,2026-07-25T10:50:28Z
2026-07-25T10:47:05Z,2026-07-25T12:47:05+0200,8f98f9ca-4a78-47a6-8878-9b0cbde920eb,2026-07-01T06:30:00Z,2026-07-01T08:30:00+0200,173.880005,EUR/MWh,DK2,DK_2,day_ahead_price,value,2026-07-25T10:50:28Z
2026-07-25T10:47:05Z,2026-07-25T12:47:05+0200,8f98f9ca-4a78-47a6-8878-9b0cbde920eb,2026-07-01T06:45:00Z,2026-07-01T08:45:00+0200,150.01,EUR/MWh,DK2,DK_2,day_ahead_price,value,2026-07-25T10:50:28Z
2026-07-25T10:47:05Z,2026-07-25T12:47:05+0200,8f98f9ca-4a78-47a6-8878-9b0cbde920eb,2026-07-01T07:00:00Z,2026-07-01T09:00:00+0200,177.9,EUR/MWh,DK2,DK_2,day_ahead_price,value,2026-07-25T10:50:28Z
2026-07-25T10:47:05Z,2026-07-25T12:47:05+0200,8f98f9ca-4a78-47a6-8878-9b0cbde920eb,2026-07-01T07:15:00Z,2026-07-01T09:15:00+0200,152.789993,EUR/MWh,DK2,DK_2,day_ahead_price,value,2026-07-25T10:50:28Z
2026-07-25T10:47:05Z,2026-07-25T12:47:05+0200,8f98f9ca-4a78-47a6-8878-9b0cbde920eb,2026-07-01T07:30:00Z,2026-07-01T09:30:00+0200,130.96,EUR/MWh,DK2,DK_2,day_ahead_price,value,2026-07-25T10:50:28Z
2026-07-25T10:47:05Z,2026-07-25T12:47:05+0200,8f98f9ca-4a78-47a6-8878-9b0cbde920eb,2026-07-01T07:45:00Z,2026-07-01T09:45:00+0200,120.33,EUR/MWh,DK2,DK_2,day_ahead_price,value,2026-07-25T10:50:28Z
2026-07-25T10:47:05Z,2026-07-25T12:47:05+0200,8f98f9ca-4a78-47a6-8878-9b0cbde920eb,2026-07-01T08:00:00Z,2026-07-01T10:00:00+0200,139.740005,EUR/MWh,DK2,DK_2,day_ahead_price,value,2026-07-25T10:50:28Z
2026-07-25T10:47:05Z,2026-07-25T12:47:05+0200,8f98f9ca-4a78-47a6-8878-9b0cbde920eb,2026-07-01T08:15:00Z,2026-07-01T10:15:00+0200,124.81,EUR/MWh,DK2,DK_2,day_ahead_price,value,2026-07-25T10:50:28Z
2026-07-25T10:47:05Z,2026-07-25T12:47:05+0200,8f98f9ca-4a78-47a6-8878-9b0cbde920eb,2026-07-01T08:30:00Z,2026-07-01T10:30:00+0200,119.809998,EUR/MWh,DK2,DK_2,day_ahead_price,value,2026-07-25T10:50:28Z
2026-07-25T10:47:05Z,2026-07-25T12:47:05+0200,8f98f9ca-4a78-47a6-8878-9b0cbde920eb,2026-07-01T08:45:00Z,2026-07-01T10:45:00+0200,114.559998,EUR/MWh,DK2,DK_2,day_ahead_price,value,2026-07-25T10:50:28Z
2026-07-25T10:47:05Z,2026-07-25T12:47:05+0200,8f98f9ca-4a78-47a6-8878-9b0cbde920eb,2026-07-01T09:00:00Z,2026-07-01T11:00:00+0200,125.4,EUR/MWh,DK2,DK_2,day_ahead_price,value,2026-07-25T10:50:28Z
2026-07-25T10:47:05Z,2026-07-25T12:47:05+0200,8f98f9ca-4a78-47a6-8878-9b0cbde920eb,2026-07-01T09:15:00Z,2026-07-01T11:15:00+0200,116.550003,EUR/MWh,DK2,DK_2,day_ahead_price,value,2026-07-25T10:50:28Z
2026-07-25T10:47:05Z,2026-07-25T12:47:05+0200,8f98f9ca-4a78-47a6-8878-9b0cbde920eb,2026-07-01T09:30:00Z,2026-07-01T11:30:00+0200,114.1,EUR/MWh,DK2,DK_2,day_ahead_price,value,2026-07-25T10:50:28Z
2026-07-25T10:47:05Z,2026-07-25T12:47:05+0200,8f98f9ca-4a78-47a6-8878-9b0cbde920eb,2026-07-01T09:45:00Z,2026-07-01T11:45:00+0200,114.510002,EUR/MWh,DK2,DK_2,day_ahead_price,value,2026-07-25T10:50:28Z
2026-07-25T10:47:05Z,2026-07-25T12:47:05+0200,8f98f9ca-4a78-47a6-8878-9b0cbde920eb,2026-07-01T10:00:00Z,2026-07-01T12:00:00+0200,118.040001,EUR/MWh,DK2,DK_2,day_ahead_price,value,2026-07-25T10:50:28Z
2026-07-25T10:47:05Z,2026-07-25T12:47:05+0200,8f98f9ca-4a78-47a6-8878-9b0cbde920eb,2026-07-01T10:15:00Z,2026-07-01T12:15:00+0200,112.980003,EUR/MWh,DK2,DK_2,day_ahead_price,value,2026-07-25T10:50:28Z
2026-07-25T10:47:05Z,2026-07-25T12:47:05+0200,8f98f9ca-4a78-47a6-8878-9b0cbde920eb,2026-07-01T10:30:00Z,2026-07-01T12:30:00+0200,112.89,EUR/MWh,DK2,DK_2,day_ahead_price,value,2026-07-25T10:50:28Z
2026-07-25T10:47:05Z,2026-07-25T12:47:05+0200,8f98f9ca-4a78-47a6-8878-9b0cbde920eb,2026-07-01T10:45:00Z,2026-07-01T12:45:00+0200,110.28,EUR/MWh,DK2,DK_2,day_ahead_price,value,2026-07-25T10:50:28Z
2026-07-25T10:47:05Z,2026-07-25T12:47:05+0200,8f98f9ca-4a78-47a6-8878-9b0cbde920eb,2026-07-01T11:00:00Z,2026-07-01T13:00:00+0200,113.080002,EUR/MWh,DK2,DK_2,day_ahead_price,value,2026-07-25T10:50:28Z
2026-07-25T10:47:05Z,2026-07-25T12:47:05+0200,8f98f9ca-4a78-47a6-8878-9b0cbde920eb,2026-07-01T11:15:00Z,2026-07-01T13:15:00+0200,109.5,EUR/MWh,DK2,DK_2,day_ahead_price,value,2026-07-25T10:50:28Z
2026-07-25T10:47:05Z,2026-07-25T12:47:05+0200,8f98f9ca-4a78-47a6-8878-9b0cbde920eb,2026-07-01T11:30:00Z,2026-07-01T13:30:00+0200,107.57,EUR/MWh,DK2,DK_2,day_ahead_price,value,2026-07-25T10:50:28Z
2026-07-25T10:47:05Z,2026-07-25T12:47:05+0200,8f98f9ca-4a78-47a6-8878-9b0cbde920eb,2026-07-01T11:45:00Z,2026-07-01T13:45:00+0200,104.220001,EUR/MWh,DK2,DK_2,day_ahead_price,value,2026-07-25T10:50:28Z
2026-07-25T10:47:05Z,2026-07-25T12:47:05+0200,8f98f9ca-4a78-47a6-8878-9b0cbde920eb,2026-07-01T12:00:00Z,2026-07-01T14:00:00+0200,101.989998,EUR/MWh,DK2,DK_2,day_ahead_price,value,2026-07-25T10:50:28Z
2026-07-25T10:47:05Z,2026-07-25T12:47:05+0200,8f98f9ca-4a78-47a6-8878-9b0cbde920eb,2026-07-01T12:15:00Z,2026-07-01T14:15:00+0200,101.45,EUR/MWh,DK2,DK_2,day_ahead_price,value,2026-07-25T10:50:28Z
2026-07-25T10:47:05Z,2026-07-25T12:47:05+0200,8f98f9ca-4a78-47a6-8878-9b0cbde920eb,2026-07-01T12:30:00Z,2026-07-01T14:30:00+0200,99.26,EUR/MWh,DK2,DK_2,day_ahead_price,value,2026-07-25T10:50:28Z
2026-07-25T10:47:05Z,2026-07-25T12:47:05+0200,8f98f9ca-4a78-47a6-8878-9b0cbde920eb,2026-07-01T12:45:00Z,2026-07-01T14:45:00+0200,99.809998,EUR/MWh,DK2,DK_2,day_ahead_price,value,2026-07-25T10:50:28Z
2026-07-25T10:47:05Z,2026-07-25T12:47:05+0200,8f98f9ca-4a78-47a6-8878-9b0cbde920eb,2026-07-01T13:00:00Z,2026-07-01T15:00:00+0200,96.629997,EUR/MWh,DK2,DK_2,day_ahead_price,value,2026-07-25T10:50:28Z
2026-07-25T10:47:05Z,2026-07-25T12:47:05+0200,8f98f9ca-4a78-47a6-8878-9b0cbde920eb,2026-07-01T13:15:00Z,2026-07-01T15:15:00+0200,96.339996,EUR/MWh,DK2,DK_2,day_ahead_price,value,2026-07-25T10:50:28Z
2026-07-25T10:47:05Z,2026-07-25T12:47:05+0200,8f98f9ca-4a78-47a6-8878-9b0cbde920eb,2026-07-01T13:30:00Z,2026-07-01T15:30:00+0200,98.83,EUR/MWh,DK2,DK_2,day_ahead_price,value,2026-07-25T10:50:28Z
2026-07-25T10:47:05Z,2026-07-25T12:47:05+0200,8f98f9ca-4a78-47a6-8878-9b0cbde920eb,2026-07-01T13:45:00Z,2026-07-01T15:45:00+0200,101.51,EUR/MWh,DK2,DK_2,day_ahead_price,value,2026-07-25T10:50:28Z
2026-07-25T10:47:05Z,2026-07-25T12:47:05+0200,8f98f9ca-4a78-47a6-8878-9b0cbde920eb,2026-07-01T14:00:00Z,2026-07-01T16:00:00+0200,93.16,EUR/MWh,DK2,DK_2,day_ahead_price,value,2026-07-25T10:50:28Z
2026-07-25T10:47:05Z,2026-07-25T12:47:05+0200,8f98f9ca-4a78-47a6-8878-9b0cbde920eb,2026-07-01T14:15:00Z,2026-07-01T16:15:00+0200,93.34,EUR/MWh,DK2,DK_2,day_ahead_price,value,2026-07-25T10:50:28Z
2026-07-25T10:47:05Z,2026-07-25T12:47:05+0200,8f98f9ca-4a78-47a6-8878-9b0cbde920eb,2026-07-01T14:30:00Z,2026-07-01T16:30:00+0200,103.410004,EUR/MWh,DK2,DK_2,day_ahead_price,value,2026-07-25T10:50:28Z
2026-07-25T10:47:05Z,2026-07-25T12:47:05+0200,8f98f9ca-4a78-47a6-8878-9b0cbde920eb,2026-07-01T14:45:00Z,2026-07-01T16:45:00+0200,111.12,EUR/MWh,DK2,DK_2,day_ahead_price,value,2026-07-25T10:50:28Z
2026-07-25T10:47:05Z,2026-07-25T12:47:05+0200,8f98f9ca-4a78-47a6-8878-9b0cbde920eb,2026-07-01T15:00:00Z,2026-07-01T17:00:00+0200,94.54,EUR/MWh,DK2,DK_2,day_ahead_price,value,2026-07-25T10:50:28Z
2026-07-25T10:47:05Z,2026-07-25T12:47:05+0200,8f98f9ca-4a78-47a6-8878-9b0cbde920eb,2026-07-01T15:15:00Z,2026-07-01T17:15:00+0200,106.58,EUR/MWh,DK2,DK_2,day_ahead_price,value,2026-07-25T10:50:28Z
2026-07-25T10:47:05Z,2026-07-25T12:47:05+0200,8f98f9ca-4a78-47a6-8878-9b0cbde920eb,2026-07-01T15:30:00Z,2026-07-01T17:30:00+0200,108.169998,EUR/MWh,DK2,DK_2,day_ahead_price,value,2026-07-25T10:50:28Z
2026-07-25T10:47:05Z,2026-07-25T12:47:05+0200,8f98f9ca-4a78-47a6-8878-9b0cbde920eb,2026-07-01T15:45:00Z,2026-07-01T17:45:00+0200,113.08,EUR/MWh,DK2,DK_2,day_ahead_price,value,2026-07-25T10:50:28Z
2026-07-25T10:47:05Z,2026-07-25T12:47:05+0200,8f98f9ca-4a78-47a6-8878-9b0cbde920eb,2026-07-01T16:00:00Z,2026-07-01T18:00:00+0200,107.489998,EUR/MWh,DK2,DK_2,day_ahead_price,value,2026-07-25T10:50:28Z
2026-07-25T10:47:05Z,2026-07-25T12:47:05+0200,8f98f9ca-4a78-47a6-8878-9b0cbde920eb,2026-07-01T16:15:00Z,2026-07-01T18:15:00+0200,111.12,EUR/MWh,DK2,DK_2,day_ahead_price,value,2026-07-25T10:50:28Z
2026-07-25T10:47:05Z,2026-07-25T12:47:05+0200,8f98f9ca-4a78-47a6-8878-9b0cbde920eb,2026-07-01T16:30:00Z,2026-07-01T18:30:00+0200,134.660004,EUR/MWh,DK2,DK_2,day_ahead_price,value,2026-07-25T10:50:28Z
2026-07-25T10:47:05Z,2026-07-25T12:47:05+0200,8f98f9ca-4a78-47a6-8878-9b0cbde920eb,2026-07-01T16:45:00Z,2026-07-01T18:45:00+0200,143.47,EUR/MWh,DK2,DK_2,day_ahead_price,value,2026-07-25T10:50:28Z
2026-07-25T10:47:05Z,2026-07-25T12:47:05+0200,8f98f9ca-4a78-47a6-8878-9b0cbde920eb,2026-07-01T17:00:00Z,2026-07-01T19:00:00+0200,126.739998,EUR/MWh,DK2,DK_2,day_ahead_price,value,2026-07-25T10:50:28Z
2026-07-25T10:47:05Z,2026-07-25T12:47:05+0200,8f98f9ca-4a78-47a6-8878-9b0cbde920eb,2026-07-01T17:15:00Z,2026-07-01T19:15:00+0200,157.84,EUR/MWh,DK2,DK_2,day_ahead_price,value,2026-07-25T10:50:28Z
2026-07-25T10:47:05Z,2026-07-25T12:47:05+0200,8f98f9ca-4a78-47a6-8878-9b0cbde920eb,2026-07-01T17:30:00Z,2026-07-01T19:30:00+0200,191.27,EUR/MWh,DK2,DK_2,day_ahead_price,value,2026-07-25T10:50:28Z
2026-07-25T10:47:05Z,2026-07-25T12:47:05+0200,8f98f9ca-4a78-47a6-8878-9b0cbde920eb,2026-07-01T17:45:00Z,2026-07-01T19:45:00+0200,215.27,EUR/MWh,DK2,DK_2,day_ahead_price,value,2026-07-25T10:50:28Z
2026-07-25T10:47:05Z,2026-07-25T12:47:05+0200,8f98f9ca-4a78-47a6-8878-9b0cbde920eb,2026-07-01T18:00:00Z,2026-07-01T20:00:00+0200,185.100006,EUR/MWh,DK2,DK_2,day_ahead_price,value,2026-07-25T10:50:28Z
2026-07-25T10:47:05Z,2026-07-25T12:47:05+0200,8f98f9ca-4a78-47a6-8878-9b0cbde920eb,2026-07-01T18:15:00Z,2026-07-01T20:15:00+0200,219.04,EUR/MWh,DK2,DK_2,day_ahead_price,value,2026-07-25T10:50:28Z
2026-07-25T10:47:05Z,2026-07-25T12:47:05+0200,8f98f9ca-4a78-47a6-8878-9b0cbde920eb,2026-07-01T18:30:00Z,2026-07-01T20:30:00+0200,245.61,EUR/MWh,DK2,DK_2,day_ahead_price,value,2026-07-25T10:50:28Z
2026-07-25T10:47:05Z,2026-07-25T12:47:05+0200,8f98f9ca-4a78-47a6-8878-9b0cbde920eb,2026-07-01T18:45:00Z,2026-07-01T20:45:00+0200,293.83,EUR/MWh,DK2,DK_2,day_ahead_price,value,2026-07-25T10:50:28Z
2026-07-25T10:47:05Z,2026-07-25T12:47:05+0200,8f98f9ca-4a78-47a6-8878-9b0cbde920eb,2026-07-01T19:00:00Z,2026-07-01T21:00:00+0200,258.700012,EUR/MWh,DK2,DK_2,day_ahead_price,value,2026-07-25T10:50:28Z
2026-07-25T10:47:05Z,2026-07-25T12:47:05+0200,8f98f9ca-4a78-47a6-8878-9b0cbde920eb,2026-07-01T19:15:00Z,2026-07-01T21:15:00+0200,258.72,EUR/MWh,DK2,DK_2,day_ahead_price,value,2026-07-25T10:50:28Z
2026-07-25T10:47:05Z,2026-07-25T12:47:05+0200,8f98f9ca-4a78-47a6-8878-9b0cbde920eb,2026-07-01T19:30:00Z,2026-07-01T21:30:00+0200,255.93,EUR/MWh,DK2,DK_2,day_ahead_price,value,2026-07-25T10:50:28Z
2026-07-25T10:47:05Z,2026-07-25T12:47:05+0200,8f98f9ca-4a78-47a6-8878-9b0cbde920eb,2026-07-01T19:45:00Z,2026-07-01T21:45:00+0200,218.34,EUR/MWh,DK2,DK_2,day_ahead_price,value,2026-07-25T10:50:28Z
2026-07-25T10:47:05Z,2026-07-25T12:47:05+0200,8f98f9ca-4a78-47a6-8878-9b0cbde920eb,2026-07-01T20:00:00Z,2026-07-01T22:00:00+0200,248.0,EUR/MWh,DK2,DK_2,day_ahead_price,value,2026-07-25T10:50:28Z
2026-07-25T10:47:05Z,2026-07-25T12:47:05+0200,8f98f9ca-4a78-47a6-8878-9b0cbde920eb,2026-07-01T20:15:00Z,2026-07-01T22:15:00+0200,209.66,EUR/MWh,DK2,DK_2,day_ahead_price,value,2026-07-25T10:50:28Z
2026-07-25T10:47:05Z,2026-07-25T12:47:05+0200,8f98f9ca-4a78-47a6-8878-9b0cbde920eb,2026-07-01T20:30:00Z,2026-07-01T22:30:00+0200,181.28,EUR/MWh,DK2,DK_2,day_ahead_price,value,2026-07-25T10:50:28Z
2026-07-25T10:47:05Z,2026-07-25T12:47:05+0200,8f98f9ca-4a78-47a6-8878-9b0cbde920eb,2026-07-01T20:45:00Z,2026-07-01T22:45:00+0200,168.679993,EUR/MWh,DK2,DK_2,day_ahead_price,value,2026-07-25T10:50:28Z
2026-07-25T10:47:05Z,2026-07-25T12:47:05+0200,8f98f9ca-4a78-47a6-8878-9b0cbde920eb,2026-07-01T21:00:00Z,2026-07-01T23:00:00+0200,184.259995,EUR/MWh,DK2,DK_2,day_ahead_price,value,2026-07-25T10:50:28Z
2026-07-25T10:47:05Z,2026-07-25T12:47:05+0200,8f98f9ca-4a78-47a6-8878-9b0cbde920eb,2026-07-01T21:15:00Z,2026-07-01T23:15:00+0200,165.729996,EUR/MWh,DK2,DK_2,day_ahead_price,value,2026-07-25T10:50:28Z
2026-07-25T10:47:05Z,2026-07-25T12:47:05+0200,8f98f9ca-4a78-47a6-8878-9b0cbde920eb,2026-07-01T21:30:00Z,2026-07-01T23:30:00+0200,143.960007,EUR/MWh,DK2,DK_2,day_ahead_price,value,2026-07-25T10:50:28Z
2026-07-25T10:47:05Z,2026-07-25T12:47:05+0200,8f98f9ca-4a78-47a6-8878-9b0cbde920eb,2026-07-01T21:45:00Z,2026-07-01T23:45:00+0200,134.820007,EUR/MWh,DK2,DK_2,day_ahead_price,value,2026-07-25T10:50:28Z
2026-07-25T10:47:05Z,2026-07-25T12:47:05+0200,8f98f9ca-4a78-47a6-8878-9b0cbde920eb,2026-07-01T22:00:00Z,2026-07-02T00:00:00+0200,166.17,EUR/MWh,DK2,DK_2,day_ahead_price,value,2026-07-25T10:50:28Z
2026-07-25T10:47:05Z,2026-07-25T12:47:05+0200,8f98f9ca-4a78-47a6-8878-9b0cbde920eb,2026-07-01T22:15:00Z,2026-07-02T00:15:00+0200,162.47,EUR/MWh,DK2,DK_2,day_ahead_price,value,2026-07-25T10:50:28Z
2026-07-25T10:47:05Z,2026-07-25T12:47:05+0200,8f98f9ca-4a78-47a6-8878-9b0cbde920eb,2026-07-01T22:30:00Z,2026-07-02T00:30:00+0200,160.0,EUR/MWh,DK2,DK_2,day_ahead_price,value,2026-07-25T10:50:28Z
2026-07-25T10:47:05Z,2026-07-25T12:47:05+0200,8f98f9ca-4a78-47a6-8878-9b0cbde920eb,2026-07-01T22:45:00Z,2026-07-02T00:45:00+0200,149.53,EUR/MWh,DK2,DK_2,day_ahead_price,value,2026-07-25T10:50:28Z
2026-07-25T10:47:05Z,2026-07-25T12:47:05+0200,8f98f9ca-4a78-47a6-8878-9b0cbde920eb,2026-07-01T23:00:00Z,2026-07-02T01:00:00+0200,161.9,EUR/MWh,DK2,DK_2,day_ahead_price,value,2026-07-25T10:50:28Z
2026-07-25T10:47:05Z,2026-07-25T12:47:05+0200,8f98f9ca-4a78-47a6-8878-9b0cbde920eb,2026-07-01T23:15:00Z,2026-07-02T01:15:00+0200,144.53,EUR/MWh,DK2,DK_2,day_ahead_price,value,2026-07-25T10:50:28Z
2026-07-25T10:47:05Z,2026-07-25T12:47:05+0200,8f98f9ca-4a78-47a6-8878-9b0cbde920eb,2026-07-01T23:30:00Z,2026-07-02T01:30:00+0200,133.09,EUR/MWh,DK2,DK_2,day_ahead_price,value,2026-07-25T10:50:28Z
2026-07-25T10:47:05Z,2026-07-25T12:47:05+0200,8f98f9ca-4a78-47a6-8878-9b0cbde920eb,2026-07-01T23:45:00Z,2026-07-02T01:45:00+0200,129.93,EUR/MWh,DK2,DK_2,day_ahead_price,value,2026-07-25T10:50:28Z
2026-07-25T10:47:05Z,2026-07-25T12:47:05+0200,8f98f9ca-4a78-47a6-8878-9b0cbde920eb,2026-07-02T00:00:00Z,2026-07-02T02:00:00+0200,134.66,EUR/MWh,DK2,DK_2,day_ahead_price,value,2026-07-25T10:50:28Z
2026-07-25T10:47:05Z,2026-07-25T12:47:05+0200,8f98f9ca-4a78-47a6-8878-9b0cbde920eb,2026-07-02T00:15:00Z,2026-07-02T02:15:00+0200,128.72,EUR/MWh,DK2,DK_2,day_ahead_price,value,2026-07-25T10:50:28Z
2026-07-25T10:47:05Z,2026-07-25T12:47:05+0200,8f98f9ca-4a78-47a6-8878-9b0cbde920eb,2026-07-02T00:30:00Z,2026-07-02T02:30:00+0200,128.12,EUR/MWh,DK2,DK_2,day_ahead_price,value,2026-07-25T10:50:28Z
2026-07-25T10:47:05Z,2026-07-25T12:47:05+0200,8f98f9ca-4a78-47a6-8878-9b0cbde920eb,2026-07-02T00:45:00Z,2026-07-02T02:45:00+0200,125.44,EUR/MWh,DK2,DK_2,day_ahead_price,value,2026-07-25T10:50:28Z
2026-07-25T10:47:05Z,2026-07-25T12:47:05+0200,8f98f9ca-4a78-47a6-8878-9b0cbde920eb,2026-07-02T01:00:00Z,2026-07-02T03:00:00+0200,124.37,EUR/MWh,DK2,DK_2,day_ahead_price,value,2026-07-25T10:50:28Z
2026-07-25T10:47:05Z,2026-07-25T12:47:05+0200,8f98f9ca-4a78-47a6-8878-9b0cbde920eb,2026-07-02T01:15:00Z,2026-07-02T03:15:00+0200,122.12,EUR/MWh,DK2,DK_2,day_ahead_price,value,2026-07-25T10:50:28Z
2026-07-25T10:47:05Z,2026-07-25T12:47:05+0200,8f98f9ca-4a78-47a6-8878-9b0cbde920eb,2026-07-02T01:30:00Z,2026-07-02T03:30:00+0200,118.26,EUR/MWh,DK2,DK_2,day_ahead_price,value,2026-07-25T10:50:28Z
2026-07-25T10:47:05Z,2026-07-25T12:47:05+0200,8f98f9ca-4a78-47a6-8878-9b0cbde920eb,2026-07-02T01:45:00Z,2026-07-02T03:45:00+0200,114.92,EUR/MWh,DK2,DK_2,day_ahead_price,value,2026-07-25T10:50:28Z
2026-07-25T10:47:05Z,2026-07-25T12:47:05+0200,8f98f9ca-4a78-47a6-8878-9b0cbde920eb,2026-07-02T02:00:00Z,2026-07-02T04:00:00+0200,115.44,EUR/MWh,DK2,DK_2,day_ahead_price,value,2026-07-25T10:50:28Z
2026-07-25T10:47:05Z,2026-07-25T12:47:05+0200,8f98f9ca-4a78-47a6-8878-9b0cbde920eb,2026-07-02T02:15:00Z,2026-07-02T04:15:00+0200,114.52,EUR/MWh,DK2,DK_2,day_ahead_price,value,2026-07-25T10:50:28Z
2026-07-25T10:47:05Z,2026-07-25T12:47:05+0200,8f98f9ca-4a78-47a6-8878-9b0cbde920eb,2026-07-02T02:30:00Z,2026-07-02T04:30:00+0200,112.38,EUR/MWh,DK2,DK_2,day_ahead_price,value,2026-07-25T10:50:28Z
2026-07-25T10:47:05Z,2026-07-25T12:47:05+0200,8f98f9ca-4a78-47a6-8878-9b0cbde920eb,2026-07-02T02:45:00Z,2026-07-02T04:45:00+0200,112.1,EUR/MWh,DK2,DK_2,day_ahead_price,value,2026-07-25T10:50:28Z
2026-07-25T10:47:05Z,2026-07-25T12:47:05+0200,8f98f9ca-4a78-47a6-8878-9b0cbde920eb,2026-07-02T03:00:00Z,2026-07-02T05:00:00+0200,112.27,EUR/MWh,DK2,DK_2,day_ahead_price,value,2026-07-25T10:50:28Z
2026-07-25T10:47:05Z,2026-07-25T12:47:05+0200,8f98f9ca-4a78-47a6-8878-9b0cbde920eb,2026-07-02T03:15:00Z,2026-07-02T05:15:00+0200,112.18,EUR/MWh,DK2,DK_2,day_ahead_price,value,2026-07-25T10:50:28Z
2026-07-25T10:47:05Z,2026-07-25T12:47:05+0200,8f98f9ca-4a78-47a6-8878-9b0cbde920eb,2026-07-02T03:30:00Z,2026-07-02T05:30:00+0200,113.24,EUR/MWh,DK2,DK_2,day_ahead_price,value,2026-07-25T10:50:28Z
2026-07-25T10:47:05Z,2026-07-25T12:47:05+0200,8f98f9ca-4a78-47a6-8878-9b0cbde920eb,2026-07-02T03:45:00Z,2026-07-02T05:45:00+0200,115.47,EUR/MWh,DK2,DK_2,day_ahead_price,value,2026-07-25T10:50:28Z
2026-07-25T10:47:05Z,2026-07-25T12:47:05+0200,8f98f9ca-4a78-47a6-8878-9b0cbde920eb,2026-07-02T04:00:00Z,2026-07-02T06:00:00+0200,127.21,EUR/MWh,DK2,DK_2,day_ahead_price,value,2026-07-25T10:50:28Z
2026-07-25T10:47:05Z,2026-07-25T12:47:05+0200,8f98f9ca-4a78-47a6-8878-9b0cbde920eb,2026-07-02T04:15:00Z,2026-07-02T06:15:00+0200,123.03,EUR/MWh,DK2,DK_2,day_ahead_price,value,2026-07-25T10:50:28Z
2026-07-25T10:47:05Z,2026-07-25T12:47:05+0200,8f98f9ca-4a78-47a6-8878-9b0cbde920eb,2026-07-02T04:30:00Z,2026-07-02T06:30:00+0200,117.36,EUR/MWh,DK2,DK_2,day_ahead_price,value,2026-07-25T10:50:28Z
2026-07-25T10:47:05Z,2026-07-25T12:47:05+0200,8f98f9ca-4a78-47a6-8878-9b0cbde920eb,2026-07-02T04:45:00Z,2026-07-02T06:45:00+0200,111.18,EUR/MWh,DK2,DK_2,day_ahead_price,value,2026-07-25T10:50:28Z
2026-07-25T10:47:05Z,2026-07-25T12:47:05+0200,8f98f9ca-4a78-47a6-8878-9b0cbde920eb,2026-07-02T05:00:00Z,2026-07-02T07:00:00+0200,126.17,EUR/MWh,DK2,DK_2,day_ahead_price,value,2026-07-25T10:50:28Z
2026-07-25T10:47:05Z,2026-07-25T12:47:05+0200,8f98f9ca-4a78-47a6-8878-9b0cbde920eb,2026-07-02T05:15:00Z,2026-07-02T07:15:00+0200,118.94,EUR/MWh,DK2,DK_2,day_ahead_price,value,2026-07-25T10:50:28Z
2026-07-25T10:47:05Z,2026-07-25T12:47:05+0200,8f98f9ca-4a78-47a6-8878-9b0cbde920eb,2026-07-02T05:30:00Z,2026-07-02T07:30:00+0200,110.16,EUR/MWh,DK2,DK_2,day_ahead_price,value,2026-07-25T10:50:28Z
2026-07-25T10:47:05Z,2026-07-25T12:47:05+0200,8f98f9ca-4a78-47a6-8878-9b0cbde920eb,2026-07-02T05:45:00Z,2026-07-02T07:45:00+0200,102.45,EUR/MWh,DK2,DK_2,day_ahead_price,value,2026-07-25T10:50:28Z
2026-07-25T10:47:05Z,2026-07-25T12:47:05+0200,8f98f9ca-4a78-47a6-8878-9b0cbde920eb,2026-07-02T06:00:00Z,2026-07-02T08:00:00+0200,110.85,EUR/MWh,DK2,DK_2,day_ahead_price,value,2026-07-25T10:50:28Z
2026-07-25T10:47:05Z,2026-07-25T12:47:05+0200,8f98f9ca-4a78-47a6-8878-9b0cbde920eb,2026-07-02T06:15:00Z,2026-07-02T08:15:00+0200,104.86,EUR/MWh,DK2,DK_2,day_ahead_price,value,2026-07-25T10:50:28Z
2026-07-25T10:47:05Z,2026-07-25T12:47:05+0200,8f98f9ca-4a78-47a6-8878-9b0cbde920eb,2026-07-02T06:30:00Z,2026-07-02T08:30:00+0200,87.44,EUR/MWh,DK2,DK_2,day_ahead_price,value,2026-07-25T10:50:28Z
2026-07-25T10:47:05Z,2026-07-25T12:47:05+0200,8f98f9ca-4a78-47a6-8878-9b0cbde920eb,2026-07-02T06:45:00Z,2026-07-02T08:45:00+0200,61.8,EUR/MWh,DK2,DK_2,day_ahead_price,value,2026-07-25T10:50:28Z
2026-07-25T10:47:05Z,2026-07-25T12:47:05+0200,8f98f9ca-4a78-47a6-8878-9b0cbde920eb,2026-07-02T07:00:00Z,2026-07-02T09:00:00+0200,84.57,EUR/MWh,DK2,DK_2,day_ahead_price,value,2026-07-25T10:50:28Z
2026-07-25T10:47:05Z,2026-07-25T12:47:05+0200,8f98f9ca-4a78-47a6-8878-9b0cbde920eb,2026-07-02T07:15:00Z,2026-07-02T09:15:00+0200,68.22,EUR/MWh,DK2,DK_2,day_ahead_price,value,2026-07-25T10:50:28Z
2026-07-25T10:47:05Z,2026-07-25T12:47:05+0200,8f98f9ca-4a78-47a6-8878-9b0cbde920eb,2026-07-02T07:30:00Z,2026-07-02T09:30:00+0200,43.01,EUR/MWh,DK2,DK_2,day_ahead_price,value,2026-07-25T10:50:28Z
2026-07-25T10:47:05Z,2026-07-25T12:47:05+0200,8f98f9ca-4a78-47a6-8878-9b0cbde920eb,2026-07-02T07:45:00Z,2026-07-02T09:45:00+0200,30.56,EUR/MWh,DK2,DK_2,day_ahead_price,value,2026-07-25T10:50:28Z
2026-07-25T10:47:05Z,2026-07-25T12:47:05+0200,8f98f9ca-4a78-47a6-8878-9b0cbde920eb,2026-07-02T08:00:00Z,2026-07-02T10:00:00+0200,44.41,EUR/MWh,DK2,DK_2,day_ahead_price,value,2026-07-25T10:50:28Z
2026-07-25T10:47:05Z,2026-07-25T12:47:05+0200,8f98f9ca-4a78-47a6-8878-9b0cbde920eb,2026-07-02T08:15:00Z,2026-07-02T10:15:00+0200,39.42,EUR/MWh,DK2,DK_2,day_ahead_price,value,2026-07-25T10:50:28Z
2026-07-25T10:47:05Z,2026-07-25T12:47:05+0200,8f98f9ca-4a78-47a6-8878-9b0cbde920eb,2026-07-02T08:30:00Z,2026-07-02T10:30:00+0200,36.33,EUR/MWh,DK2,DK_2,day_ahead_price,value,2026-07-25T10:50:28Z
2026-07-25T10:47:05Z,2026-07-25T12:47:05+0200,8f98f9ca-4a78-47a6-8878-9b0cbde920eb,2026-07-02T08:45:00Z,2026-07-02T10:45:00+0200,25.3,EUR/MWh,DK2,DK_2,day_ahead_price,value,2026-07-25T10:50:28Z
2026-07-25T10:47:05Z,2026-07-25T12:47:05+0200,8f98f9ca-4a78-47a6-8878-9b0cbde920eb,2026-07-02T09:00:00Z,2026-07-02T11:00:00+0200,43.45,EUR/MWh,DK2,DK_2,day_ahead_price,value,2026-07-25T10:50:28Z
2026-07-25T10:47:05Z,2026-07-25T12:47:05+0200,8f98f9ca-4a78-47a6-8878-9b0cbde920eb,2026-07-02T09:15:00Z,2026-07-02T11:15:00+0200,36.51,EUR/MWh,DK2,DK_2,day_ahead_price,value,2026-07-25T10:50:28Z
2026-07-25T10:47:05Z,2026-07-25T12:47:05+0200,8f98f9ca-4a78-47a6-8878-9b0cbde920eb,2026-07-02T09:30:00Z,2026-07-02T11:30:00+0200,37.03,EUR/MWh,DK2,DK_2,day_ahead_price,value,2026-07-25T10:50:28Z
2026-07-25T10:47:05Z,2026-07-25T12:47:05+0200,8f98f9ca-4a78-47a6-8878-9b0cbde920eb,2026-07-02T09:45:00Z,2026-07-02T11:45:00+0200,35.93,EUR/MWh,DK2,DK_2,day_ahead_price,value,2026-07-25T10:50:28Z
2026-07-25T10:47:05Z,2026-07-25T12:47:05+0200,8f98f9ca-4a78-47a6-8878-9b0cbde920eb,2026-07-02T10:00:00Z,2026-07-02T12:00:00+0200,40.17,EUR/MWh,DK2,DK_2,day_ahead_price,value,2026-07-25T10:50:28Z
2026-07-25T10:47:05Z,2026-07-25T12:47:05+0200,8f98f9ca-4a78-47a6-8878-9b0cbde920eb,2026-07-02T10:15:00Z,2026-07-02T12:15:00+0200,37.05,EUR/MWh,DK2,DK_2,day_ahead_price,value,2026-07-25T10:50:28Z
2026-07-25T10:47:05Z,2026-07-25T12:47:05+0200,8f98f9ca-4a78-47a6-8878-9b0cbde920eb,2026-07-02T10:30:00Z,2026-07-02T12:30:00+0200,31.62,EUR/MWh,DK2,DK_2,day_ahead_price,value,2026-07-25T10:50:28Z
2026-07-25T10:47:05Z,2026-07-25T12:47:05+0200,8f98f9ca-4a78-47a6-8878-9b0cbde920eb,2026-07-02T10:45:00Z,2026-07-02T12:45:00+0200,29.17,EUR/MWh,DK2,DK_2,day_ahead_price,value,2026-07-25T10:50:28Z
2026-07-25T10:47:05Z,2026-07-25T12:47:05+0200,8f98f9ca-4a78-47a6-8878-9b0cbde920eb,2026-07-02T11:00:00Z,2026-07-02T13:00:00+0200,37.95,EUR/MWh,DK2,DK_2,day_ahead_price,value,2026-07-25T10:50:28Z
2026-07-25T10:47:05Z,2026-07-25T12:47:05+0200,8f98f9ca-4a78-47a6-8878-9b0cbde920eb,2026-07-02T11:15:00Z,2026-07-02T13:15:00+0200,35.05,EUR/MWh,DK2,DK_2,day_ahead_price,value,2026-07-25T10:50:28Z
2026-07-25T10:47:05Z,2026-07-25T12:47:05+0200,8f98f9ca-4a78-47a6-8878-9b0cbde920eb,2026-07-02T11:30:00Z,2026-07-02T13:30:00+0200,31.84,EUR/MWh,DK2,DK_2,day_ahead_price,value,2026-07-25T10:50:28Z
2026-07-25T10:47:05Z,2026-07-25T12:47:05+0200,8f98f9ca-4a78-47a6-8878-9b0cbde920eb,2026-07-02T11:45:00Z,2026-07-02T13:45:00+0200,29.31,EUR/MWh,DK2,DK_2,day_ahead_price,value,2026-07-25T10:50:28Z
2026-07-25T10:47:05Z,2026-07-25T12:47:05+0200,8f98f9ca-4a78-47a6-8878-9b0cbde920eb,2026-07-02T12:00:00Z,2026-07-02T14:00:00+0200,36.65,EUR/MWh,DK2,DK_2,day_ahead_price,value,2026-07-25T10:50:28Z
2026-07-25T10:47:05Z,2026-07-25T12:47:05+0200,8f98f9ca-4a78-47a6-8878-9b0cbde920eb,2026-07-02T12:15:00Z,2026-07-02T14:15:00+0200,33.9,EUR/MWh,DK2,DK_2,day_ahead_price,value,2026-07-25T10:50:28Z
2026-07-25T10:47:05Z,2026-07-25T12:47:05+0200,8f98f9ca-4a78-47a6-8878-9b0cbde920eb,2026-07-02T12:30:00Z,2026-07-02T14:30:00+0200,32.1,EUR/MWh,DK2,DK_2,day_ahead_price,value,2026-07-25T10:50:28Z
2026-07-25T10:47:05Z,2026-07-25T12:47:05+0200,8f98f9ca-4a78-47a6-8878-9b0cbde920eb,2026-07-02T12:45:00Z,2026-07-02T14:45:00+0200,31.9,EUR/MWh,DK2,DK_2,day_ahead_price,value,2026-07-25T10:50:28Z
2026-07-25T10:47:05Z,2026-07-25T12:47:05+0200,8f98f9ca-4a78-47a6-8878-9b0cbde920eb,2026-07-02T13:00:00Z,2026-07-02T15:00:00+0200,32.3,EUR/MWh,DK2,DK_2,day_ahead_price,value,2026-07-25T10:50:28Z
2026-07-25T10:47:05Z,2026-07-25T12:47:05+0200,8f98f9ca-4a78-47a6-8878-9b0cbde920eb,2026-07-02T13:15:00Z,2026-07-02T15:15:00+0200,32.88,EUR/MWh,DK2,DK_2,day_ahead_price,value,2026-07-25T10:50:28Z
2026-07-25T10:47:05Z,2026-07-25T12:47:05+0200,8f98f9ca-4a78-47a6-8878-9b0cbde920eb,2026-07-02T13:30:00Z,2026-07-02T15:30:00+0200,32.79,EUR/MWh,DK2,DK_2,day_ahead_price,value,2026-07-25T10:50:28Z
2026-07-25T10:47:05Z,2026-07-25T12:47:05+0200,8f98f9ca-4a78-47a6-8878-9b0cbde920eb,2026-07-02T13:45:00Z,2026-07-02T15:45:00+0200,32.28,EUR/MWh,DK2,DK_2,day_ahead_price,value,2026-07-25T10:50:28Z
2026-07-25T10:47:05Z,2026-07-25T12:47:05+0200,8f98f9ca-4a78-47a6-8878-9b0cbde920eb,2026-07-02T14:00:00Z,2026-07-02T16:00:00+0200,28.51,EUR/MWh,DK2,DK_2,day_ahead_price,value,2026-07-25T10:50:28Z
2026-07-25T10:47:05Z,2026-07-25T12:47:05+0200,8f98f9ca-4a78-47a6-8878-9b0cbde920eb,2026-07-02T14:15:00Z,2026-07-02T16:15:00+0200,28.98,EUR/MWh,DK2,DK_2,day_ahead_price,value,2026-07-25T10:50:28Z
2026-07-25T10:47:05Z,2026-07-25T12:47:05+0200,8f98f9ca-4a78-47a6-8878-9b0cbde920eb,2026-07-02T14:30:00Z,2026-07-02T16:30:00+0200,27.54,EUR/MWh,DK2,DK_2,day_ahead_price,value,2026-07-25T10:50:28Z
2026-07-25T10:47:05Z,2026-07-25T12:47:05+0200,8f98f9ca-4a78-47a6-8878-9b0cbde920eb,2026-07-02T14:45:00Z,2026-07-02T16:45:00+0200,25.63,EUR/MWh,DK2,DK_2,day_ahead_price,value,2026-07-25T10:50:28Z
2026-07-25T10:47:05Z,2026-07-25T12:47:05+0200,8f98f9ca-4a78-47a6-8878-9b0cbde920eb,2026-07-02T15:00:00Z,2026-07-02T17:00:00+0200,21.8,EUR/MWh,DK2,DK_2,day_ahead_price,value,2026-07-25T10:50:28Z
2026-07-25T10:47:05Z,2026-07-25T12:47:05+0200,8f98f9ca-4a78-47a6-8878-9b0cbde920eb,2026-07-02T15:15:00Z,2026-07-02T17:15:00+0200,28.38,EUR/MWh,DK2,DK_2,day_ahead_price,value,2026-07-25T10:50:28Z
2026-07-25T10:47:05Z,2026-07-25T12:47:05+0200,8f98f9ca-4a78-47a6-8878-9b0cbde920eb,2026-07-02T15:30:00Z,2026-07-02T17:30:00+0200,36.19,EUR/MWh,DK2,DK_2,day_ahead_price,value,2026-07-25T10:50:28Z
2026-07-25T10:47:05Z,2026-07-25T12:47:05+0200,8f98f9ca-4a78-47a6-8878-9b0cbde920eb,2026-07-02T15:45:00Z,2026-07-02T17:45:00+0200,39.63,EUR/MWh,DK2,DK_2,day_ahead_price,value,2026-07-25T10:50:28Z
2026-07-25T10:47:05Z,2026-07-25T12:47:05+0200,8f98f9ca-4a78-47a6-8878-9b0cbde920eb,2026-07-02T16:00:00Z,2026-07-02T18:00:00+0200,13.73,EUR/MWh,DK2,DK_2,day_ahead_price,value,2026-07-25T10:50:28Z
2026-07-25T10:47:05Z,2026-07-25T12:47:05+0200,8f98f9ca-4a78-47a6-8878-9b0cbde920eb,2026-07-02T16:15:00Z,2026-07-02T18:15:00+0200,26.96,EUR/MWh,DK2,DK_2,day_ahead_price,value,2026-07-25T10:50:28Z
2026-07-25T10:47:05Z,2026-07-25T12:47:05+0200,8f98f9ca-4a78-47a6-8878-9b0cbde920eb,2026-07-02T16:30:00Z,2026-07-02T18:30:00+0200,50.76,EUR/MWh,DK2,DK_2,day_ahead_price,value,2026-07-25T10:50:28Z
2026-07-25T10:47:05Z,2026-07-25T12:47:05+0200,8f98f9ca-4a78-47a6-8878-9b0cbde920eb,2026-07-02T16:45:00Z,2026-07-02T18:45:00+0200,62.56,EUR/MWh,DK2,DK_2,day_ahead_price,value,2026-07-25T10:50:28Z
2026-07-25T10:47:05Z,2026-07-25T12:47:05+0200,8f98f9ca-4a78-47a6-8878-9b0cbde920eb,2026-07-02T17:00:00Z,2026-07-02T19:00:00+0200,50.14,EUR/MWh,DK2,DK_2,day_ahead_price,value,2026-07-25T10:50:28Z
2026-07-25T10:47:05Z,2026-07-25T12:47:05+0200,8f98f9ca-4a78-47a6-8878-9b0cbde920eb,2026-07-02T17:15:00Z,2026-07-02T19:15:00+0200,63.79,EUR/MWh,DK2,DK_2,day_ahead_price,value,2026-07-25T10:50:28Z
2026-07-25T10:47:05Z,2026-07-25T12:47:05+0200,8f98f9ca-4a78-47a6-8878-9b0cbde920eb,2026-07-02T17:30:00Z,2026-07-02T19:30:00+0200,70.85,EUR/MWh,DK2,DK_2,day_ahead_price,value,2026-07-25T10:50:28Z
2026-07-25T10:47:05Z,2026-07-25T12:47:05+0200,8f98f9ca-4a78-47a6-8878-9b0cbde920eb,2026-07-02T17:45:00Z,2026-07-02T19:45:00+0200,79.11,EUR/MWh,DK2,DK_2,day_ahead_price,value,2026-07-25T10:50:28Z
2026-07-25T10:47:05Z,2026-07-25T12:47:05+0200,8f98f9ca-4a78-47a6-8878-9b0cbde920eb,2026-07-02T18:00:00Z,2026-07-02T20:00:00+0200,83.17,EUR/MWh,DK2,DK_2,day_ahead_price,value,2026-07-25T10:50:28Z
2026-07-25T10:47:05Z,2026-07-25T12:47:05+0200,8f98f9ca-4a78-47a6-8878-9b0cbde920eb,2026-07-02T18:15:00Z,2026-07-02T20:15:00+0200,78.35,EUR/MWh,DK2,DK_2,day_ahead_price,value,2026-07-25T10:50:28Z
2026-07-25T10:47:05Z,2026-07-25T12:47:05+0200,8f98f9ca-4a78-47a6-8878-9b0cbde920eb,2026-07-02T18:30:00Z,2026-07-02T20:30:00+0200,77.26,EUR/MWh,DK2,DK_2,day_ahead_price,value,2026-07-25T10:50:28Z
2026-07-25T10:47:05Z,2026-07-25T12:47:05+0200,8f98f9ca-4a78-47a6-8878-9b0cbde920eb,2026-07-02T18:45:00Z,2026-07-02T20:45:00+0200,73.38,EUR/MWh,DK2,DK_2,day_ahead_price,value,2026-07-25T10:50:28Z
2026-07-25T10:47:05Z,2026-07-25T12:47:05+0200,8f98f9ca-4a78-47a6-8878-9b0cbde920eb,2026-07-02T19:00:00Z,2026-07-02T21:00:00+0200,89.44,EUR/MWh,DK2,DK_2,day_ahead_price,value,2026-07-25T10:50:28Z
2026-07-25T10:47:05Z,2026-07-25T12:47:05+0200,8f98f9ca-4a78-47a6-8878-9b0cbde920eb,2026-07-02T19:15:00Z,2026-07-02T21:15:00+0200,86.54,EUR/MWh,DK2,DK_2,day_ahead_price,value,2026-07-25T10:50:28Z
2026-07-25T10:47:05Z,2026-07-25T12:47:05+0200,8f98f9ca-4a78-47a6-8878-9b0cbde920eb,2026-07-02T19:30:00Z,2026-07-02T21:30:00+0200,85.81,EUR/MWh,DK2,DK_2,day_ahead_price,value,2026-07-25T10:50:28Z
2026-07-25T10:47:05Z,2026-07-25T12:47:05+0200,8f98f9ca-4a78-47a6-8878-9b0cbde920eb,2026-07-02T19:45:00Z,2026-07-02T21:45:00+0200,81.92,EUR/MWh,DK2,DK_2,day_ahead_price,value,2026-07-25T10:50:28Z
2026-07-25T10:47:05Z,2026-07-25T12:47:05+0200,8f98f9ca-4a78-47a6-8878-9b0cbde920eb,2026-07-02T20:00:00Z,2026-07-02T22:00:00+0200,87.86,EUR/MWh,DK2,DK_2,day_ahead_price,value,2026-07-25T10:50:28Z
2026-07-25T10:47:05Z,2026-07-25T12:47:05+0200,8f98f9ca-4a78-47a6-8878-9b0cbde920eb,2026-07-02T20:15:00Z,2026-07-02T22:15:00+0200,84.57,EUR/MWh,DK2,DK_2,day_ahead_price,value,2026-07-25T10:50:28Z
2026-07-25T10:47:05Z,2026-07-25T12:47:05+0200,8f98f9ca-4a78-47a6-8878-9b0cbde920eb,2026-07-02T20:30:00Z,2026-07-02T22:30:00+0200,81.39,EUR/MWh,DK2,DK_2,day_ahead_price,value,2026-07-25T10:50:28Z
2026-07-25T10:47:05Z,2026-07-25T12:47:05+0200,8f98f9ca-4a78-47a6-8878-9b0cbde920eb,2026-07-02T20:45:00Z,2026-07-02T22:45:00+0200,70.93,EUR/MWh,DK2,DK_2,day_ahead_price,value,2026-07-25T10:50:28Z
2026-07-25T10:47:05Z,2026-07-25T12:47:05+0200,8f98f9ca-4a78-47a6-8878-9b0cbde920eb,2026-07-02T21:00:00Z,2026-07-02T23:00:00+0200,79.12,EUR/MWh,DK2,DK_2,day_ahead_price,value,2026-07-25T10:50:28Z
2026-07-25T10:47:05Z,2026-07-25T12:47:05+0200,8f98f9ca-4a78-47a6-8878-9b0cbde920eb,2026-07-02T21:15:00Z,2026-07-02T23:15:00+0200,74.05,EUR/MWh,DK2,DK_2,day_ahead_price,value,2026-07-25T10:50:28Z
2026-07-25T10:47:05Z,2026-07-25T12:47:05+0200,8f98f9ca-4a78-47a6-8878-9b0cbde920eb,2026-07-02T21:30:00Z,2026-07-02T23:30:00+0200,65.02,EUR/MWh,DK2,DK_2,day_ahead_price,value,2026-07-25T10:50:28Z
2026-07-25T10:47:05Z,2026-07-25T12:47:05+0200,8f98f9ca-4a78-47a6-8878-9b0cbde920eb,2026-07-02T21:45:00Z,2026-07-02T23:45:00+0200,57.76,EUR/MWh,DK2,DK_2,day_ahead_price,value,2026-07-25T10:50:28Z
2026-07-25T10:47:05Z,2026-07-25T12:47:05+0200,8f98f9ca-4a78-47a6-8878-9b0cbde920eb,2026-07-02T22:00:00Z,2026-07-03T00:00:00+0200,58.92,EUR/MWh,DK2,DK_2,day_ahead_price,value,2026-07-25T10:50:28Z
2026-07-25T10:47:05Z,2026-07-25T12:47:05+0200,8f98f9ca-4a78-47a6-8878-9b0cbde920eb,2026-07-02T22:15:00Z,2026-07-03T00:15:00+0200,81.529999,EUR/MWh,DK2,DK_2,day_ahead_price,value,2026-07-25T10:50:28Z
2026-07-25T10:47:05Z,2026-07-25T12:47:05+0200,8f98f9ca-4a78-47a6-8878-9b0cbde920eb,2026-07-02T22:30:00Z,2026-07-03T00:30:00+0200,81.46,EUR/MWh,DK2,DK_2,day_ahead_price,value,2026-07-25T10:50:28Z
2026-07-25T10:47:05Z,2026-07-25T12:47:05+0200,8f98f9ca-4a78-47a6-8878-9b0cbde920eb,2026-07-02T22:45:00Z,2026-07-03T00:45:00+0200,76.25,EUR/MWh,DK2,DK_2,day_ahead_price,value,2026-07-25T10:50:28Z
2026-07-25T10:47:05Z,2026-07-25T12:47:05+0200,8f98f9ca-4a78-47a6-8878-9b0cbde920eb,2026-07-02T23:00:00Z,2026-07-03T01:00:00+0200,76.01,EUR/MWh,DK2,DK_2,day_ahead_price,value,2026-07-25T10:50:28Z
2026-07-25T10:47:05Z,2026-07-25T12:47:05+0200,8f98f9ca-4a78-47a6-8878-9b0cbde920eb,2026-07-02T23:15:00Z,2026-07-03T01:15:00+0200,69.589996,EUR/MWh,DK2,DK_2,day_ahead_price,value,2026-07-25T10:50:28Z
2026-07-25T10:47:05Z,2026-07-25T12:47:05+0200,8f98f9ca-4a78-47a6-8878-9b0cbde920eb,2026-07-02T23:30:00Z,2026-07-03T01:30:00+0200,66.26,EUR/MWh,DK2,DK_2,day_ahead_price,value,2026-07-25T10:50:28Z
2026-07-25T10:47:05Z,2026-07-25T12:47:05+0200,8f98f9ca-4a78-47a6-8878-9b0cbde920eb,2026-07-02T23:45:00Z,2026-07-03T01:45:00+0200,49.99,EUR/MWh,DK2,DK_2,day_ahead_price,value,2026-07-25T10:50:28Z
2026-07-25T10:47:05Z,2026-07-25T12:47:05+0200,8f98f9ca-4a78-47a6-8878-9b0cbde920eb,2026-07-03T00:00:00Z,2026-07-03T02:00:00+0200,69.48,EUR/MWh,DK2,DK_2,day_ahead_price,value,2026-07-25T10:50:28Z
2026-07-25T10:47:05Z,2026-07-25T12:47:05+0200,8f98f9ca-4a78-47a6-8878-9b0cbde920eb,2026-07-03T00:15:00Z,2026-07-03T02:15:00+0200,49.990002,EUR/MWh,DK2,DK_2,day_ahead_price,value,2026-07-25T10:50:28Z
2026-07-25T10:47:05Z,2026-07-25T12:47:05+0200,8f98f9ca-4a78-47a6-8878-9b0cbde920eb,2026-07-03T00:30:00Z,2026-07-03T02:30:00+0200,33.529999,EUR/MWh,DK2,DK_2,day_ahead_price,value,2026-07-25T10:50:28Z
2026-07-25T10:47:05Z,2026-07-25T12:47:05+0200,8f98f9ca-4a78-47a6-8878-9b0cbde920eb,2026-07-03T00:45:00Z,2026-07-03T02:45:00+0200,31.18,EUR/MWh,DK2,DK_2,day_ahead_price,value,2026-07-25T10:50:28Z
2026-07-25T10:47:05Z,2026-07-25T12:47:05+0200,8f98f9ca-4a78-47a6-8878-9b0cbde920eb,2026-07-03T01:00:00Z,2026-07-03T03:00:00+0200,35.42,EUR/MWh,DK2,DK_2,day_ahead_price,value,2026-07-25T10:50:28Z
2026-07-25T10:47:05Z,2026-07-25T12:47:05+0200,8f98f9ca-4a78-47a6-8878-9b0cbde920eb,2026-07-03T01:15:00Z,2026-07-03T03:15:00+0200,31.99,EUR/MWh,DK2,DK_2,day_ahead_price,value,2026-07-25T10:50:28Z
2026-07-25T10:47:05Z,2026-07-25T12:47:05+0200,8f98f9ca-4a78-47a6-8878-9b0cbde920eb,2026-07-03T01:30:00Z,2026-07-03T03:30:00+0200,28.8,EUR/MWh,DK2,DK_2,day_ahead_price,value,2026-07-25T10:50:28Z
2026-07-25T10:47:05Z,2026-07-25T12:47:05+0200,8f98f9ca-4a78-47a6-8878-9b0cbde920eb,2026-07-03T01:45:00Z,2026-07-03T03:45:00+0200,26.71,EUR/MWh,DK2,DK_2,day_ahead_price,value,2026-07-25T10:50:28Z
2026-07-25T10:47:05Z,2026-07-25T12:47:05+0200,8f98f9ca-4a78-47a6-8878-9b0cbde920eb,2026-07-03T02:00:00Z,2026-07-03T04:00:00+0200,29.12,EUR/MWh,DK2,DK_2,day_ahead_price,value,2026-07-25T10:50:28Z
2026-07-25T10:47:05Z,2026-07-25T12:47:05+0200,8f98f9ca-4a78-47a6-8878-9b0cbde920eb,2026-07-03T02:15:00Z,2026-07-03T04:15:00+0200,26.85,EUR/MWh,DK2,DK_2,day_ahead_price,value,2026-07-25T10:50:28Z
2026-07-25T10:47:05Z,2026-07-25T12:47:05+0200,8f98f9ca-4a78-47a6-8878-9b0cbde920eb,2026-07-03T02:30:00Z,2026-07-03T04:30:00+0200,26.629999,EUR/MWh,DK2,DK_2,day_ahead_price,value,2026-07-25T10:50:28Z
2026-07-25T10:47:05Z,2026-07-25T12:47:05+0200,8f98f9ca-4a78-47a6-8878-9b0cbde920eb,2026-07-03T02:45:00Z,2026-07-03T04:45:00+0200,26.5,EUR/MWh,DK2,DK_2,day_ahead_price,value,2026-07-25T10:50:28Z
2026-07-25T10:47:05Z,2026-07-25T12:47:05+0200,8f98f9ca-4a78-47a6-8878-9b0cbde920eb,2026-07-03T03:00:00Z,2026-07-03T05:00:00+0200,26.2,EUR/MWh,DK2,DK_2,day_ahead_price,value,2026-07-25T10:50:28Z
2026-07-25T10:47:05Z,2026-07-25T12:47:05+0200,8f98f9ca-4a78-47a6-8878-9b0cbde920eb,2026-07-03T03:15:00Z,2026-07-03T05:15:00+0200,26.79,EUR/MWh,DK2,DK_2,day_ahead_price,value,2026-07-25T10:50:28Z
2026-07-25T10:47:05Z,2026-07-25T12:47:05+0200,8f98f9ca-4a78-47a6-8878-9b0cbde920eb,2026-07-03T03:30:00Z,2026-07-03T05:30:00+0200,29.33,EUR/MWh,DK2,DK_2,day_ahead_price,value,2026-07-25T10:50:28Z
2026-07-25T10:47:05Z,2026-07-25T12:47:05+0200,8f98f9ca-4a78-47a6-8878-9b0cbde920eb,2026-07-03T03:45:00Z,2026-07-03T05:45:00+0200,32.099998,EUR/MWh,DK2,DK_2,day_ahead_price,value,2026-07-25T10:50:28Z
2026-07-25T10:47:05Z,2026-07-25T12:47:05+0200,8f98f9ca-4a78-47a6-8878-9b0cbde920eb,2026-07-03T04:00:00Z,2026-07-03T06:00:00+0200,26.92,EUR/MWh,DK2,DK_2,day_ahead_price,value,2026-07-25T10:50:28Z
2026-07-25T10:47:05Z,2026-07-25T12:47:05+0200,8f98f9ca-4a78-47a6-8878-9b0cbde920eb,2026-07-03T04:15:00Z,2026-07-03T06:15:00+0200,31.950001,EUR/MWh,DK2,DK_2,day_ahead_price,value,2026-07-25T10:50:28Z
2026-07-25T10:47:05Z,2026-07-25T12:47:05+0200,8f98f9ca-4a78-47a6-8878-9b0cbde920eb,2026-07-03T04:30:00Z,2026-07-03T06:30:00+0200,40.439999,EUR/MWh,DK2,DK_2,day_ahead_price,value,2026-07-25T10:50:28Z
2026-07-25T10:47:05Z,2026-07-25T12:47:05+0200,8f98f9ca-4a78-47a6-8878-9b0cbde920eb,2026-07-03T04:45:00Z,2026-07-03T06:45:00+0200,53.169998,EUR/MWh,DK2,DK_2,day_ahead_price,value,2026-07-25T10:50:28Z
2026-07-25T10:47:05Z,2026-07-25T12:47:05+0200,8f98f9ca-4a78-47a6-8878-9b0cbde920eb,2026-07-03T05:00:00Z,2026-07-03T07:00:00+0200,39.990002,EUR/MWh,DK2,DK_2,day_ahead_price,value,2026-07-25T10:50:28Z
2026-07-25T10:47:05Z,2026-07-25T12:47:05+0200,8f98f9ca-4a78-47a6-8878-9b0cbde920eb,2026-07-03T05:15:00Z,2026-07-03T07:15:00+0200,40.63,EUR/MWh,DK2,DK_2,day_ahead_price,value,2026-07-25T10:50:28Z
2026-07-25T10:47:05Z,2026-07-25T12:47:05+0200,8f98f9ca-4a78-47a6-8878-9b0cbde920eb,2026-07-03T05:30:00Z,2026-07-03T07:30:00+0200,43.110001,EUR/MWh,DK2,DK_2,day_ahead_price,value,2026-07-25T10:50:28Z
2026-07-25T10:47:05Z,2026-07-25T12:47:05+0200,8f98f9ca-4a78-47a6-8878-9b0cbde920eb,2026-07-03T05:45:00Z,2026-07-03T07:45:00+0200,49.990002,EUR/MWh,DK2,DK_2,day_ahead_price,value,2026-07-25T10:50:28Z
2026-07-25T10:47:05Z,2026-07-25T12:47:05+0200,8f98f9ca-4a78-47a6-8878-9b0cbde920eb,2026-07-03T06:00:00Z,2026-07-03T08:00:00+0200,56.29,EUR/MWh,DK2,DK_2,day_ahead_price,value,2026-07-25T10:50:28Z
2026-07-25T10:47:05Z,2026-07-25T12:47:05+0200,8f98f9ca-4a78-47a6-8878-9b0cbde920eb,2026-07-03T06:15:00Z,2026-07-03T08:15:00+0200,53.099998,EUR/MWh,DK2,DK_2,day_ahead_price,value,2026-07-25T10:50:28Z
2026-07-25T10:47:05Z,2026-07-25T12:47:05+0200,8f98f9ca-4a78-47a6-8878-9b0cbde920eb,2026-07-03T06:30:00Z,2026-07-03T08:30:00+0200,39.99,EUR/MWh,DK2,DK_2,day_ahead_price,value,2026-07-25T10:50:28Z
2026-07-25T10:47:05Z,2026-07-25T12:47:05+0200,8f98f9ca-4a78-47a6-8878-9b0cbde920eb,2026-07-03T06:45:00Z,2026-07-03T08:45:00+0200,20.690001,EUR/MWh,DK2,DK_2,day_ahead_price,value,2026-07-25T10:50:28Z
2026-07-25T10:47:05Z,2026-07-25T12:47:05+0200,8f98f9ca-4a78-47a6-8878-9b0cbde920eb,2026-07-03T07:00:00Z,2026-07-03T09:00:00+0200,37.93,EUR/MWh,DK2,DK_2,day_ahead_price,value,2026-07-25T10:50:28Z
2026-07-25T10:47:05Z,2026-07-25T12:47:05+0200,8f98f9ca-4a78-47a6-8878-9b0cbde920eb,2026-07-03T07:15:00Z,2026-07-03T09:15:00+0200,22.17,EUR/MWh,DK2,DK_2,day_ahead_price,value,2026-07-25T10:50:28Z
2026-07-25T10:47:05Z,2026-07-25T12:47:05+0200,8f98f9ca-4a78-47a6-8878-9b0cbde920eb,2026-07-03T07:30:00Z,2026-07-03T09:30:00+0200,15.95,EUR/MWh,DK2,DK_2,day_ahead_price,value,2026-07-25T10:50:28Z
2026-07-25T10:47:05Z,2026-07-25T12:47:05+0200,8f98f9ca-4a78-47a6-8878-9b0cbde920eb,2026-07-03T07:45:00Z,2026-07-03T09:45:00+0200,12.88,EUR/MWh,DK2,DK_2,day_ahead_price,value,2026-07-25T10:50:28Z
2026-07-25T10:47:05Z,2026-07-25T12:47:05+0200,8f98f9ca-4a78-47a6-8878-9b0cbde920eb,2026-07-03T08:00:00Z,2026-07-03T10:00:00+0200,13.38,EUR/MWh,DK2,DK_2,day_ahead_price,value,2026-07-25T10:50:28Z
2026-07-25T10:47:05Z,2026-07-25T12:47:05+0200,8f98f9ca-4a78-47a6-8878-9b0cbde920eb,2026-07-03T08:15:00Z,2026-07-03T10:15:00+0200,9.1,EUR/MWh,DK2,DK_2,day_ahead_price,value,2026-07-25T10:50:28Z
2026-07-25T10:47:05Z,2026-07-25T12:47:05+0200,8f98f9ca-4a78-47a6-8878-9b0cbde920eb,2026-07-03T08:30:00Z,2026-07-03T10:30:00+0200,9.1,EUR/MWh,DK2,DK_2,day_ahead_price,value,2026-07-25T10:50:28Z
2026-07-25T10:47:05Z,2026-07-25T12:47:05+0200,8f98f9ca-4a78-47a6-8878-9b0cbde920eb,2026-07-03T08:45:00Z,2026-07-03T10:45:00+0200,8.72,EUR/MWh,DK2,DK_2,day_ahead_price,value,2026-07-25T10:50:28Z
2026-07-25T10:47:05Z,2026-07-25T12:47:05+0200,8f98f9ca-4a78-47a6-8878-9b0cbde920eb,2026-07-03T09:00:00Z,2026-07-03T11:00:00+0200,4.98,EUR/MWh,DK2,DK_2,day_ahead_price,value,2026-07-25T10:50:28Z
2026-07-25T10:47:05Z,2026-07-25T12:47:05+0200,8f98f9ca-4a78-47a6-8878-9b0cbde920eb,2026-07-03T09:15:00Z,2026-07-03T11:15:00+0200,4.98,EUR/MWh,DK2,DK_2,day_ahead_price,value,2026-07-25T10:50:28Z
2026-07-25T10:47:05Z,2026-07-25T12:47:05+0200,8f98f9ca-4a78-47a6-8878-9b0cbde920eb,2026-07-03T09:30:00Z,2026-07-03T11:30:00+0200,4.97,EUR/MWh,DK2,DK_2,day_ahead_price,value,2026-07-25T10:50:28Z
2026-07-25T10:47:05Z,2026-07-25T12:47:05+0200,8f98f9ca-4a78-47a6-8878-9b0cbde920eb,2026-07-03T09:45:00Z,2026-07-03T11:45:00+0200,4.97,EUR/MWh,DK2,DK_2,day_ahead_price,value,2026-07-25T10:50:28Z
2026-07-25T10:47:05Z,2026-07-25T12:47:05+0200,8f98f9ca-4a78-47a6-8878-9b0cbde920eb,2026-07-03T10:00:00Z,2026-07-03T12:00:00+0200,4.95,EUR/MWh,DK2,DK_2,day_ahead_price,value,2026-07-25T10:50:28Z
2026-07-25T10:47:05Z,2026-07-25T12:47:05+0200,8f98f9ca-4a78-47a6-8878-9b0cbde920eb,2026-07-03T10:15:00Z,2026-07-03T12:15:00+0200,4.96,EUR/MWh,DK2,DK_2,day_ahead_price,value,2026-07-25T10:50:28Z
2026-07-25T10:47:05Z,2026-07-25T12:47:05+0200,8f98f9ca-4a78-47a6-8878-9b0cbde920eb,2026-07-03T10:30:00Z,2026-07-03T12:30:00+0200,4.95,EUR/MWh,DK2,DK_2,day_ahead_price,value,2026-07-25T10:50:28Z
2026-07-25T10:47:05Z,2026-07-25T12:47:05+0200,8f98f9ca-4a78-47a6-8878-9b0cbde920eb,2026-07-03T10:45:00Z,2026-07-03T12:45:00+0200,4.94,EUR/MWh,DK2,DK_2,day_ahead_price,value,2026-07-25T10:50:28Z
2026-07-25T10:47:05Z,2026-07-25T12:47:05+0200,8f98f9ca-4a78-47a6-8878-9b0cbde920eb,2026-07-03T11:00:00Z,2026-07-03T13:00:00+0200,4.93,EUR/MWh,DK2,DK_2,day_ahead_price,value,2026-07-25T10:50:28Z
2026-07-25T10:47:05Z,2026-07-25T12:47:05+0200,8f98f9ca-4a78-47a6-8878-9b0cbde920eb,2026-07-03T11:15:00Z,2026-07-03T13:15:00+0200,4.93,EUR/MWh,DK2,DK_2,day_ahead_price,value,2026-07-25T10:50:28Z
2026-07-25T10:47:05Z,2026-07-25T12:47:05+0200,8f98f9ca-4a78-47a6-8878-9b0cbde920eb,2026-07-03T11:30:00Z,2026-07-03T13:30:00+0200,4.92,EUR/MWh,DK2,DK_2,day_ahead_price,value,2026-07-25T10:50:28Z
2026-07-25T10:47:05Z,2026-07-25T12:47:05+0200,8f98f9ca-4a78-47a6-8878-9b0cbde920eb,2026-07-03T11:45:00Z,2026-07-03T13:45:00+0200,4.91,EUR/MWh,DK2,DK_2,day_ahead_price,value,2026-07-25T10:50:28Z
2026-07-25T10:47:05Z,2026-07-25T12:47:05+0200,8f98f9ca-4a78-47a6-8878-9b0cbde920eb,2026-07-03T12:00:00Z,2026-07-03T14:00:00+0200,4.93,EUR/MWh,DK2,DK_2,day_ahead_price,value,2026-07-25T10:50:28Z
2026-07-25T10:47:05Z,2026-07-25T12:47:05+0200,8f98f9ca-4a78-47a6-8878-9b0cbde920eb,2026-07-03T12:15:00Z,2026-07-03T14:15:00+0200,4.93,EUR/MWh,DK2,DK_2,day_ahead_price,value,2026-07-25T10:50:28Z
2026-07-25T10:47:05Z,2026-07-25T12:47:05+0200,8f98f9ca-4a78-47a6-8878-9b0cbde920eb,2026-07-03T12:30:00Z,2026-07-03T14:30:00+0200,4.93,EUR/MWh,DK2,DK_2,day_ahead_price,value,2026-07-25T10:50:28Z
2026-07-25T10:47:05Z,2026-07-25T12:47:05+0200,8f98f9ca-4a78-47a6-8878-9b0cbde920eb,2026-07-03T12:45:00Z,2026-07-03T14:45:00+0200,4.92,EUR/MWh,DK2,DK_2,day_ahead_price,value,2026-07-25T10:50:28Z
2026-07-25T10:47:05Z,2026-07-25T12:47:05+0200,8f98f9ca-4a78-47a6-8878-9b0cbde920eb,2026-07-03T13:00:00Z,2026-07-03T15:00:00+0200,4.93,EUR/MWh,DK2,DK_2,day_ahead_price,value,2026-07-25T10:50:28Z
2026-07-25T10:47:05Z,2026-07-25T12:47:05+0200,8f98f9ca-4a78-47a6-8878-9b0cbde920eb,2026-07-03T13:15:00Z,2026-07-03T15:15:00+0200,4.93,EUR/MWh,DK2,DK_2,day_ahead_price,value,2026-07-25T10:50:28Z
2026-07-25T10:47:05Z,2026-07-25T12:47:05+0200,8f98f9ca-4a78-47a6-8878-9b0cbde920eb,2026-07-03T13:30:00Z,2026-07-03T15:30:00+0200,4.93,EUR/MWh,DK2,DK_2,day_ahead_price,value,2026-07-25T10:50:28Z
2026-07-25T10:47:05Z,2026-07-25T12:47:05+0200,8f98f9ca-4a78-47a6-8878-9b0cbde920eb,2026-07-03T13:45:00Z,2026-07-03T15:45:00+0200,4.92,EUR/MWh,DK2,DK_2,day_ahead_price,value,2026-07-25T10:50:28Z
2026-07-25T10:47:05Z,2026-07-25T12:47:05+0200,8f98f9ca-4a78-47a6-8878-9b0cbde920eb,2026-07-03T14:00:00Z,2026-07-03T16:00:00+0200,4.95,EUR/MWh,DK2,DK_2,day_ahead_price,value,2026-07-25T10:50:28Z
2026-07-25T10:47:05Z,2026-07-25T12:47:05+0200,8f98f9ca-4a78-47a6-8878-9b0cbde920eb,2026-07-03T14:15:00Z,2026-07-03T16:15:00+0200,4.96,EUR/MWh,DK2,DK_2,day_ahead_price,value,2026-07-25T10:50:28Z
2026-07-25T10:47:05Z,2026-07-25T12:47:05+0200,8f98f9ca-4a78-47a6-8878-9b0cbde920eb,2026-07-03T14:30:00Z,2026-07-03T16:30:00+0200,4.96,EUR/MWh,DK2,DK_2,day_ahead_price,value,2026-07-25T10:50:28Z
2026-07-25T10:47:05Z,2026-07-25T12:47:05+0200,8f98f9ca-4a78-47a6-8878-9b0cbde920eb,2026-07-03T14:45:00Z,2026-07-03T16:45:00+0200,4.97,EUR/MWh,DK2,DK_2,day_ahead_price,value,2026-07-25T10:50:28Z
2026-07-25T10:47:05Z,2026-07-25T12:47:05+0200,8f98f9ca-4a78-47a6-8878-9b0cbde920eb,2026-07-03T15:00:00Z,2026-07-03T17:00:00+0200,5.2,EUR/MWh,DK2,DK_2,day_ahead_price,value,2026-07-25T10:50:28Z
2026-07-25T10:47:05Z,2026-07-25T12:47:05+0200,8f98f9ca-4a78-47a6-8878-9b0cbde920eb,2026-07-03T15:15:00Z,2026-07-03T17:15:00+0200,5.88,EUR/MWh,DK2,DK_2,day_ahead_price,value,2026-07-25T10:50:28Z
2026-07-25T10:47:05Z,2026-07-25T12:47:05+0200,8f98f9ca-4a78-47a6-8878-9b0cbde920eb,2026-07-03T15:30:00Z,2026-07-03T17:30:00+0200,6.7,EUR/MWh,DK2,DK_2,day_ahead_price,value,2026-07-25T10:50:28Z
2026-07-25T10:47:05Z,2026-07-25T12:47:05+0200,8f98f9ca-4a78-47a6-8878-9b0cbde920eb,2026-07-03T15:45:00Z,2026-07-03T17:45:00+0200,13.44,EUR/MWh,DK2,DK_2,day_ahead_price,value,2026-07-25T10:50:28Z
2026-07-25T10:47:05Z,2026-07-25T12:47:05+0200,8f98f9ca-4a78-47a6-8878-9b0cbde920eb,2026-07-03T16:00:00Z,2026-07-03T18:00:00+0200,9.12,EUR/MWh,DK2,DK_2,day_ahead_price,value,2026-07-25T10:50:28Z
2026-07-25T10:47:05Z,2026-07-25T12:47:05+0200,8f98f9ca-4a78-47a6-8878-9b0cbde920eb,2026-07-03T16:15:00Z,2026-07-03T18:15:00+0200,16.19,EUR/MWh,DK2,DK_2,day_ahead_price,value,2026-07-25T10:50:28Z
2026-07-25T10:47:05Z,2026-07-25T12:47:05+0200,8f98f9ca-4a78-47a6-8878-9b0cbde920eb,2026-07-03T16:30:00Z,2026-07-03T18:30:00+0200,28.31,EUR/MWh,DK2,DK_2,day_ahead_price,value,2026-07-25T10:50:28Z
2026-07-25T10:47:05Z,2026-07-25T12:47:05+0200,8f98f9ca-4a78-47a6-8878-9b0cbde920eb,2026-07-03T16:45:00Z,2026-07-03T18:45:00+0200,43.83,EUR/MWh,DK2,DK_2,day_ahead_price,value,2026-07-25T10:50:28Z
2026-07-25T10:47:05Z,2026-07-25T12:47:05+0200,8f98f9ca-4a78-47a6-8878-9b0cbde920eb,2026-07-03T17:00:00Z,2026-07-03T19:00:00+0200,30.91,EUR/MWh,DK2,DK_2,day_ahead_price,value,2026-07-25T10:50:28Z
2026-07-25T10:47:05Z,2026-07-25T12:47:05+0200,8f98f9ca-4a78-47a6-8878-9b0cbde920eb,2026-07-03T17:15:00Z,2026-07-03T19:15:00+0200,30.01,EUR/MWh,DK2,DK_2,day_ahead_price,value,2026-07-25T10:50:28Z
2026-07-25T10:47:05Z,2026-07-25T12:47:05+0200,8f98f9ca-4a78-47a6-8878-9b0cbde920eb,2026-07-03T17:30:00Z,2026-07-03T19:30:00+0200,30.8,EUR/MWh,DK2,DK_2,day_ahead_price,value,2026-07-25T10:50:28Z
2026-07-25T10:47:05Z,2026-07-25T12:47:05+0200,8f98f9ca-4a78-47a6-8878-9b0cbde920eb,2026-07-03T17:45:00Z,2026-07-03T19:45:00+0200,30.87,EUR/MWh,DK2,DK_2,day_ahead_price,value,2026-07-25T10:50:28Z
2026-07-25T10:47:05Z,2026-07-25T12:47:05+0200,8f98f9ca-4a78-47a6-8878-9b0cbde920eb,2026-07-03T18:00:00Z,2026-07-03T20:00:00+0200,32.16,EUR/MWh,DK2,DK_2,day_ahead_price,value,2026-07-25T10:50:28Z
2026-07-25T10:47:05Z,2026-07-25T12:47:05+0200,8f98f9ca-4a78-47a6-8878-9b0cbde920eb,2026-07-03T18:15:00Z,2026-07-03T20:15:00+0200,29.23,EUR/MWh,DK2,DK_2,day_ahead_price,value,2026-07-25T10:50:28Z
2026-07-25T10:47:05Z,2026-07-25T12:47:05+0200,8f98f9ca-4a78-47a6-8878-9b0cbde920eb,2026-07-03T18:30:00Z,2026-07-03T20:30:00+0200,32.650002,EUR/MWh,DK2,DK_2,day_ahead_price,value,2026-07-25T10:50:28Z
2026-07-25T10:47:05Z,2026-07-25T12:47:05+0200,8f98f9ca-4a78-47a6-8878-9b0cbde920eb,2026-07-03T18:45:00Z,2026-07-03T20:45:00+0200,33.560001,EUR/MWh,DK2,DK_2,day_ahead_price,value,2026-07-25T10:50:28Z
2026-07-25T10:47:05Z,2026-07-25T12:47:05+0200,8f98f9ca-4a78-47a6-8878-9b0cbde920eb,2026-07-03T19:00:00Z,2026-07-03T21:00:00+0200,31.77,EUR/MWh,DK2,DK_2,day_ahead_price,value,2026-07-25T10:50:28Z
2026-07-25T10:47:05Z,2026-07-25T12:47:05+0200,8f98f9ca-4a78-47a6-8878-9b0cbde920eb,2026-07-03T19:15:00Z,2026-07-03T21:15:00+0200,28.879999,EUR/MWh,DK2,DK_2,day_ahead_price,value,2026-07-25T10:50:28Z
2026-07-25T10:47:05Z,2026-07-25T12:47:05+0200,8f98f9ca-4a78-47a6-8878-9b0cbde920eb,2026-07-03T19:30:00Z,2026-07-03T21:30:00+0200,26.059999,EUR/MWh,DK2,DK_2,day_ahead_price,value,2026-07-25T10:50:28Z
2026-07-25T10:47:05Z,2026-07-25T12:47:05+0200,8f98f9ca-4a78-47a6-8878-9b0cbde920eb,2026-07-03T19:45:00Z,2026-07-03T21:45:00+0200,22.92,EUR/MWh,DK2,DK_2,day_ahead_price,value,2026-07-25T10:50:28Z
2026-07-25T10:47:05Z,2026-07-25T12:47:05+0200,8f98f9ca-4a78-47a6-8878-9b0cbde920eb,2026-07-03T20:00:00Z,2026-07-03T22:00:00+0200,30.86,EUR/MWh,DK2,DK_2,day_ahead_price,value,2026-07-25T10:50:28Z
2026-07-25T10:47:05Z,2026-07-25T12:47:05+0200,8f98f9ca-4a78-47a6-8878-9b0cbde920eb,2026-07-03T20:15:00Z,2026-07-03T22:15:00+0200,26.2,EUR/MWh,DK2,DK_2,day_ahead_price,value,2026-07-25T10:50:28Z
2026-07-25T10:47:05Z,2026-07-25T12:47:05+0200,8f98f9ca-4a78-47a6-8878-9b0cbde920eb,2026-07-03T20:30:00Z,2026-07-03T22:30:00+0200,21.389999,EUR/MWh,DK2,DK_2,day_ahead_price,value,2026-07-25T10:50:28Z
2026-07-25T10:47:05Z,2026-07-25T12:47:05+0200,8f98f9ca-4a78-47a6-8878-9b0cbde920eb,2026-07-03T20:45:00Z,2026-07-03T22:45:00+0200,16.77,EUR/MWh,DK2,DK_2,day_ahead_price,value,2026-07-25T10:50:28Z
2026-07-25T10:47:05Z,2026-07-25T12:47:05+0200,8f98f9ca-4a78-47a6-8878-9b0cbde920eb,2026-07-03T21:00:00Z,2026-07-03T23:00:00+0200,26.559999,EUR/MWh,DK2,DK_2,day_ahead_price,value,2026-07-25T10:50:28Z
2026-07-25T10:47:05Z,2026-07-25T12:47:05+0200,8f98f9ca-4a78-47a6-8878-9b0cbde920eb,2026-07-03T21:15:00Z,2026-07-03T23:15:00+0200,21.49,EUR/MWh,DK2,DK_2,day_ahead_price,value,2026-07-25T10:50:28Z
2026-07-25T10:47:05Z,2026-07-25T12:47:05+0200,8f98f9ca-4a78-47a6-8878-9b0cbde920eb,2026-07-03T21:30:00Z,2026-07-03T23:30:00+0200,14.82,EUR/MWh,DK2,DK_2,day_ahead_price,value,2026-07-25T10:50:28Z
2026-07-25T10:47:05Z,2026-07-25T12:47:05+0200,8f98f9ca-4a78-47a6-8878-9b0cbde920eb,2026-07-03T21:45:00Z,2026-07-03T23:45:00+0200,11.41,EUR/MWh,DK2,DK_2,day_ahead_price,value,2026-07-25T10:50:28Z
2026-07-25T10:47:05Z,2026-07-25T12:47:05+0200,8f98f9ca-4a78-47a6-8878-9b0cbde920eb,2026-07-03T22:00:00Z,2026-07-04T00:00:00+0200,53.47,EUR/MWh,DK2,DK_2,day_ahead_price,value,2026-07-25T10:50:28Z
2026-07-25T10:47:05Z,2026-07-25T12:47:05+0200,8f98f9ca-4a78-47a6-8878-9b0cbde920eb,2026-07-03T22:15:00Z,2026-07-04T00:15:00+0200,25.02,EUR/MWh,DK2,DK_2,day_ahead_price,value,2026-07-25T10:50:28Z
2026-07-25T10:47:05Z,2026-07-25T12:47:05+0200,8f98f9ca-4a78-47a6-8878-9b0cbde920eb,2026-07-03T22:30:00Z,2026-07-04T00:30:00+0200,24.57,EUR/MWh,DK2,DK_2,day_ahead_price,value,2026-07-25T10:50:28Z
2026-07-25T10:47:05Z,2026-07-25T12:47:05+0200,8f98f9ca-4a78-47a6-8878-9b0cbde920eb,2026-07-03T22:45:00Z,2026-07-04T00:45:00+0200,17.969999,EUR/MWh,DK2,DK_2,day_ahead_price,value,2026-07-25T10:50:28Z
2026-07-25T10:47:05Z,2026-07-25T12:47:05+0200,8f98f9ca-4a78-47a6-8878-9b0cbde920eb,2026-07-03T23:00:00Z,2026-07-04T01:00:00+0200,22.76,EUR/MWh,DK2,DK_2,day_ahead_price,value,2026-07-25T10:50:28Z
2026-07-25T10:47:05Z,2026-07-25T12:47:05+0200,8f98f9ca-4a78-47a6-8878-9b0cbde920eb,2026-07-03T23:15:00Z,2026-07-04T01:15:00+0200,19.92,EUR/MWh,DK2,DK_2,day_ahead_price,value,2026-07-25T10:50:28Z
2026-07-25T10:47:05Z,2026-07-25T12:47:05+0200,8f98f9ca-4a78-47a6-8878-9b0cbde920eb,2026-07-03T23:30:00Z,2026-07-04T01:30:00+0200,18.09,EUR/MWh,DK2,DK_2,day_ahead_price,value,2026-07-25T10:50:28Z
2026-07-25T10:47:05Z,2026-07-25T12:47:05+0200,8f98f9ca-4a78-47a6-8878-9b0cbde920eb,2026-07-03T23:45:00Z,2026-07-04T01:45:00+0200,15.03,EUR/MWh,DK2,DK_2,day_ahead_price,value,2026-07-25T10:50:28Z
2026-07-25T10:47:05Z,2026-07-25T12:47:05+0200,8f98f9ca-4a78-47a6-8878-9b0cbde920eb,2026-07-04T00:00:00Z,2026-07-04T02:00:00+0200,18.7,EUR/MWh,DK2,DK_2,day_ahead_price,value,2026-07-25T10:50:28Z
2026-07-25T10:47:05Z,2026-07-25T12:47:05+0200,8f98f9ca-4a78-47a6-8878-9b0cbde920eb,2026-07-04T00:15:00Z,2026-07-04T02:15:00+0200,25.57,EUR/MWh,DK2,DK_2,day_ahead_price,value,2026-07-25T10:50:28Z
2026-07-25T10:47:05Z,2026-07-25T12:47:05+0200,8f98f9ca-4a78-47a6-8878-9b0cbde920eb,2026-07-04T00:30:00Z,2026-07-04T02:30:00+0200,16.82,EUR/MWh,DK2,DK_2,day_ahead_price,value,2026-07-25T10:50:28Z
2026-07-25T10:47:05Z,2026-07-25T12:47:05+0200,8f98f9ca-4a78-47a6-8878-9b0cbde920eb,2026-07-04T00:45:00Z,2026-07-04T02:45:00+0200,17.15,EUR/MWh,DK2,DK_2,day_ahead_price,value,2026-07-25T10:50:28Z
2026-07-25T10:47:05Z,2026-07-25T12:47:05+0200,8f98f9ca-4a78-47a6-8878-9b0cbde920eb,2026-07-04T01:00:00Z,2026-07-04T03:00:00+0200,17.69,EUR/MWh,DK2,DK_2,day_ahead_price,value,2026-07-25T10:50:28Z
2026-07-25T10:47:05Z,2026-07-25T12:47:05+0200,8f98f9ca-4a78-47a6-8878-9b0cbde920eb,2026-07-04T01:15:00Z,2026-07-04T03:15:00+0200,33.560001,EUR/MWh,DK2,DK_2,day_ahead_price,value,2026-07-25T10:50:28Z
2026-07-25T10:47:05Z,2026-07-25T12:47:05+0200,8f98f9ca-4a78-47a6-8878-9b0cbde920eb,2026-07-04T01:30:00Z,2026-07-04T03:30:00+0200,34.919998,EUR/MWh,DK2,DK_2,day_ahead_price,value,2026-07-25T10:50:28Z
2026-07-25T10:47:05Z,2026-07-25T12:47:05+0200,8f98f9ca-4a78-47a6-8878-9b0cbde920eb,2026-07-04T01:45:00Z,2026-07-04T03:45:00+0200,26.2,EUR/MWh,DK2,DK_2,day_ahead_price,value,2026-07-25T10:50:28Z
2026-07-25T10:47:05Z,2026-07-25T12:47:05+0200,8f98f9ca-4a78-47a6-8878-9b0cbde920eb,2026-07-04T02:00:00Z,2026-07-04T04:00:00+0200,26.200001,EUR/MWh,DK2,DK_2,day_ahead_price,value,2026-07-25T10:50:28Z
2026-07-25T10:47:05Z,2026-07-25T12:47:05+0200,8f98f9ca-4a78-47a6-8878-9b0cbde920eb,2026-07-04T02:15:00Z,2026-07-04T04:15:00+0200,22.25,EUR/MWh,DK2,DK_2,day_ahead_price,value,2026-07-25T10:50:28Z
2026-07-25T10:47:05Z,2026-07-25T12:47:05+0200,8f98f9ca-4a78-47a6-8878-9b0cbde920eb,2026-07-04T02:30:00Z,2026-07-04T04:30:00+0200,17.49,EUR/MWh,DK2,DK_2,day_ahead_price,value,2026-07-25T10:50:28Z
2026-07-25T10:47:05Z,2026-07-25T12:47:05+0200,8f98f9ca-4a78-47a6-8878-9b0cbde920eb,2026-07-04T02:45:00Z,2026-07-04T04:45:00+0200,18.969999,EUR/MWh,DK2,DK_2,day_ahead_price,value,2026-07-25T10:50:28Z
2026-07-25T10:47:05Z,2026-07-25T12:47:05+0200,8f98f9ca-4a78-47a6-8878-9b0cbde920eb,2026-07-04T03:00:00Z,2026-07-04T05:00:00+0200,16.47,EUR/MWh,DK2,DK_2,day_ahead_price,value,2026-07-25T10:50:28Z
2026-07-25T10:47:05Z,2026-07-25T12:47:05+0200,8f98f9ca-4a78-47a6-8878-9b0cbde920eb,2026-07-04T03:15:00Z,2026-07-04T05:15:00+0200,18.99,EUR/MWh,DK2,DK_2,day_ahead_price,value,2026-07-25T10:50:28Z
2026-07-25T10:47:05Z,2026-07-25T12:47:05+0200,8f98f9ca-4a78-47a6-8878-9b0cbde920eb,2026-07-04T03:30:00Z,2026-07-04T05:30:00+0200,21.1,EUR/MWh,DK2,DK_2,day_ahead_price,value,2026-07-25T10:50:28Z
2026-07-25T10:47:05Z,2026-07-25T12:47:05+0200,8f98f9ca-4a78-47a6-8878-9b0cbde920eb,2026-07-04T03:45:00Z,2026-07-04T05:45:00+0200,25.5,EUR/MWh,DK2,DK_2,day_ahead_price,value,2026-07-25T10:50:28Z
2026-07-25T10:47:05Z,2026-07-25T12:47:05+0200,8f98f9ca-4a78-47a6-8878-9b0cbde920eb,2026-07-04T04:00:00Z,2026-07-04T06:00:00+0200,18.440001,EUR/MWh,DK2,DK_2,day_ahead_price,value,2026-07-25T10:50:28Z
2026-07-25T10:47:05Z,2026-07-25T12:47:05+0200,8f98f9ca-4a78-47a6-8878-9b0cbde920eb,2026-07-04T04:15:00Z,2026-07-04T06:15:00+0200,20.040001,EUR/MWh,DK2,DK_2,day_ahead_price,value,2026-07-25T10:50:28Z
2026-07-25T10:47:05Z,2026-07-25T12:47:05+0200,8f98f9ca-4a78-47a6-8878-9b0cbde920eb,2026-07-04T04:30:00Z,2026-07-04T06:30:00+0200,23.690001,EUR/MWh,DK2,DK_2,day_ahead_price,value,2026-07-25T10:50:28Z
2026-07-25T10:47:05Z,2026-07-25T12:47:05+0200,8f98f9ca-4a78-47a6-8878-9b0cbde920eb,2026-07-04T04:45:00Z,2026-07-04T06:45:00+0200,27.23,EUR/MWh,DK2,DK_2,day_ahead_price,value,2026-07-25T10:50:28Z
2026-07-25T10:47:05Z,2026-07-25T12:47:05+0200,8f98f9ca-4a78-47a6-8878-9b0cbde920eb,2026-07-04T05:00:00Z,2026-07-04T07:00:00+0200,25.43,EUR/MWh,DK2,DK_2,day_ahead_price,value,2026-07-25T10:50:28Z
2026-07-25T10:47:05Z,2026-07-25T12:47:05+0200,8f98f9ca-4a78-47a6-8878-9b0cbde920eb,2026-07-04T05:15:00Z,2026-07-04T07:15:00+0200,27.780001,EUR/MWh,DK2,DK_2,day_ahead_price,value,2026-07-25T10:50:28Z
2026-07-25T10:47:05Z,2026-07-25T12:47:05+0200,8f98f9ca-4a78-47a6-8878-9b0cbde920eb,2026-07-04T05:30:00Z,2026-07-04T07:30:00+0200,27.53,EUR/MWh,DK2,DK_2,day_ahead_price,value,2026-07-25T10:50:28Z
2026-07-25T10:47:05Z,2026-07-25T12:47:05+0200,8f98f9ca-4a78-47a6-8878-9b0cbde920eb,2026-07-04T05:45:00Z,2026-07-04T07:45:00+0200,28.25,EUR/MWh,DK2,DK_2,day_ahead_price,value,2026-07-25T10:50:28Z
2026-07-25T10:47:05Z,2026-07-25T12:47:05+0200,8f98f9ca-4a78-47a6-8878-9b0cbde920eb,2026-07-04T06:00:00Z,2026-07-04T08:00:00+0200,63.37,EUR/MWh,DK2,DK_2,day_ahead_price,value,2026-07-25T10:50:28Z
2026-07-25T10:47:05Z,2026-07-25T12:47:05+0200,8f98f9ca-4a78-47a6-8878-9b0cbde920eb,2026-07-04T06:15:00Z,2026-07-04T08:15:00+0200,31.98,EUR/MWh,DK2,DK_2,day_ahead_price,value,2026-07-25T10:50:28Z
2026-07-25T10:47:05Z,2026-07-25T12:47:05+0200,8f98f9ca-4a78-47a6-8878-9b0cbde920eb,2026-07-04T06:30:00Z,2026-07-04T08:30:00+0200,15.0,EUR/MWh,DK2,DK_2,day_ahead_price,value,2026-07-25T10:50:28Z
2026-07-25T10:47:05Z,2026-07-25T12:47:05+0200,8f98f9ca-4a78-47a6-8878-9b0cbde920eb,2026-07-04T06:45:00Z,2026-07-04T08:45:00+0200,4.99,EUR/MWh,DK2,DK_2,day_ahead_price,value,2026-07-25T10:50:28Z
2026-07-25T10:47:05Z,2026-07-25T12:47:05+0200,8f98f9ca-4a78-47a6-8878-9b0cbde920eb,2026-07-04T07:00:00Z,2026-07-04T09:00:00+0200,4.5,EUR/MWh,DK2,DK_2,day_ahead_price,value,2026-07-25T10:50:28Z
2026-07-25T10:47:05Z,2026-07-25T12:47:05+0200,8f98f9ca-4a78-47a6-8878-9b0cbde920eb,2026-07-04T07:15:00Z,2026-07-04T09:15:00+0200,1.59,EUR/MWh,DK2,DK_2,day_ahead_price,value,2026-07-25T10:50:28Z
2026-07-25T10:47:05Z,2026-07-25T12:47:05+0200,8f98f9ca-4a78-47a6-8878-9b0cbde920eb,2026-07-04T07:30:00Z,2026-07-04T09:30:00+0200,1.59,EUR/MWh,DK2,DK_2,day_ahead_price,value,2026-07-25T10:50:28Z
2026-07-25T10:47:05Z,2026-07-25T12:47:05+0200,8f98f9ca-4a78-47a6-8878-9b0cbde920eb,2026-07-04T07:45:00Z,2026-07-04T09:45:00+0200,1.59,EUR/MWh,DK2,DK_2,day_ahead_price,value,2026-07-25T10:50:28Z
2026-07-25T10:47:05Z,2026-07-25T12:47:05+0200,8f98f9ca-4a78-47a6-8878-9b0cbde920eb,2026-07-04T08:00:00Z,2026-07-04T10:00:00+0200,0.71,EUR/MWh,DK2,DK_2,day_ahead_price,value,2026-07-25T10:50:28Z
2026-07-25T10:47:05Z,2026-07-25T12:47:05+0200,8f98f9ca-4a78-47a6-8878-9b0cbde920eb,2026-07-04T08:15:00Z,2026-07-04T10:15:00+0200,0.57,EUR/MWh,DK2,DK_2,day_ahead_price,value,2026-07-25T10:50:28Z
2026-07-25T10:47:05Z,2026-07-25T12:47:05+0200,8f98f9ca-4a78-47a6-8878-9b0cbde920eb,2026-07-04T08:30:00Z,2026-07-04T10:30:00+0200,0.67,EUR/MWh,DK2,DK_2,day_ahead_price,value,2026-07-25T10:50:28Z
2026-07-25T10:47:05Z,2026-07-25T12:47:05+0200,8f98f9ca-4a78-47a6-8878-9b0cbde920eb,2026-07-04T08:45:00Z,2026-07-04T10:45:00+0200,0.6,EUR/MWh,DK2,DK_2,day_ahead_price,value,2026-07-25T10:50:28Z
2026-07-25T10:47:05Z,2026-07-25T12:47:05+0200,8f98f9ca-4a78-47a6-8878-9b0cbde920eb,2026-07-04T09:00:00Z,2026-07-04T11:00:00+0200,0.55,EUR/MWh,DK2,DK_2,day_ahead_price,value,2026-07-25T10:50:28Z
2026-07-25T10:47:05Z,2026-07-25T12:47:05+0200,8f98f9ca-4a78-47a6-8878-9b0cbde920eb,2026-07-04T09:15:00Z,2026-07-04T11:15:00+0200,0.5,EUR/MWh,DK2,DK_2,day_ahead_price,value,2026-07-25T10:50:28Z
2026-07-25T10:47:05Z,2026-07-25T12:47:05+0200,8f98f9ca-4a78-47a6-8878-9b0cbde920eb,2026-07-04T09:30:00Z,2026-07-04T11:30:00+0200,0.55,EUR/MWh,DK2,DK_2,day_ahead_price,value,2026-07-25T10:50:28Z
2026-07-25T10:47:05Z,2026-07-25T12:47:05+0200,8f98f9ca-4a78-47a6-8878-9b0cbde920eb,2026-07-04T09:45:00Z,2026-07-04T11:45:00+0200,0.05,EUR/MWh,DK2,DK_2,day_ahead_price,value,2026-07-25T10:50:28Z
2026-07-25T10:47:05Z,2026-07-25T12:47:05+0200,8f98f9ca-4a78-47a6-8878-9b0cbde920eb,2026-07-04T10:00:00Z,2026-07-04T12:00:00+0200,0.44,EUR/MWh,DK2,DK_2,day_ahead_price,value,2026-07-25T10:50:28Z
2026-07-25T10:47:05Z,2026-07-25T12:47:05+0200,8f98f9ca-4a78-47a6-8878-9b0cbde920eb,2026-07-04T10:15:00Z,2026-07-04T12:15:00+0200,0.41,EUR/MWh,DK2,DK_2,day_ahead_price,value,2026-07-25T10:50:28Z
2026-07-25T10:47:05Z,2026-07-25T12:47:05+0200,8f98f9ca-4a78-47a6-8878-9b0cbde920eb,2026-07-04T10:30:00Z,2026-07-04T12:30:00+0200,0.0,EUR/MWh,DK2,DK_2,day_ahead_price,value,2026-07-25T10:50:28Z
2026-07-25T10:47:05Z,2026-07-25T12:47:05+0200,8f98f9ca-4a78-47a6-8878-9b0cbde920eb,2026-07-04T10:45:00Z,2026-07-04T12:45:00+0200,0.0,EUR/MWh,DK2,DK_2,day_ahead_price,value,2026-07-25T10:50:28Z
2026-07-25T10:47:05Z,2026-07-25T12:47:05+0200,8f98f9ca-4a78-47a6-8878-9b0cbde920eb,2026-07-04T11:00:00Z,2026-07-04T13:00:00+0200,-0.01,EUR/MWh,DK2,DK_2,day_ahead_price,value,2026-07-25T10:50:28Z
2026-07-25T10:47:05Z,2026-07-25T12:47:05+0200,8f98f9ca-4a78-47a6-8878-9b0cbde920eb,2026-07-04T11:15:00Z,2026-07-04T13:15:00+0200,-0.7,EUR/MWh,DK2,DK_2,day_ahead_price,value,2026-07-25T10:50:28Z
2026-07-25T10:47:05Z,2026-07-25T12:47:05+0200,8f98f9ca-4a78-47a6-8878-9b0cbde920eb,2026-07-04T11:30:00Z,2026-07-04T13:30:00+0200,-1.39,EUR/MWh,DK2,DK_2,day_ahead_price,value,2026-07-25T10:50:28Z
2026-07-25T10:47:05Z,2026-07-25T12:47:05+0200,8f98f9ca-4a78-47a6-8878-9b0cbde920eb,2026-07-04T11:45:00Z,2026-07-04T13:45:00+0200,-3.5,EUR/MWh,DK2,DK_2,day_ahead_price,value,2026-07-25T10:50:28Z
2026-07-25T10:47:05Z,2026-07-25T12:47:05+0200,8f98f9ca-4a78-47a6-8878-9b0cbde920eb,2026-07-04T12:00:00Z,2026-07-04T14:00:00+0200,-0.01,EUR/MWh,DK2,DK_2,day_ahead_price,value,2026-07-25T10:50:28Z
2026-07-25T10:47:05Z,2026-07-25T12:47:05+0200,8f98f9ca-4a78-47a6-8878-9b0cbde920eb,2026-07-04T12:15:00Z,2026-07-04T14:15:00+0200,0.0,EUR/MWh,DK2,DK_2,day_ahead_price,value,2026-07-25T10:50:28Z
2026-07-25T10:47:05Z,2026-07-25T12:47:05+0200,8f98f9ca-4a78-47a6-8878-9b0cbde920eb,2026-07-04T12:30:00Z,2026-07-04T14:30:00+0200,0.0,EUR/MWh,DK2,DK_2,day_ahead_price,value,2026-07-25T10:50:28Z
2026-07-25T10:47:05Z,2026-07-25T12:47:05+0200,8f98f9ca-4a78-47a6-8878-9b0cbde920eb,2026-07-04T12:45:00Z,2026-07-04T14:45:00+0200,0.0,EUR/MWh,DK2,DK_2,day_ahead_price,value,2026-07-25T10:50:28Z
2026-07-25T10:47:05Z,2026-07-25T12:47:05+0200,8f98f9ca-4a78-47a6-8878-9b0cbde920eb,2026-07-04T13:00:00Z,2026-07-04T15:00:00+0200,-2.61,EUR/MWh,DK2,DK_2,day_ahead_price,value,2026-07-25T10:50:28Z
2026-07-25T10:47:05Z,2026-07-25T12:47:05+0200,8f98f9ca-4a78-47a6-8878-9b0cbde920eb,2026-07-04T13:15:00Z,2026-07-04T15:15:00+0200,-1.29,EUR/MWh,DK2,DK_2,day_ahead_price,value,2026-07-25T10:50:28Z
2026-07-25T10:47:05Z,2026-07-25T12:47:05+0200,8f98f9ca-4a78-47a6-8878-9b0cbde920eb,2026-07-04T13:30:00Z,2026-07-04T15:30:00+0200,-0.1,EUR/MWh,DK2,DK_2,day_ahead_price,value,2026-07-25T10:50:28Z
2026-07-25T10:47:05Z,2026-07-25T12:47:05+0200,8f98f9ca-4a78-47a6-8878-9b0cbde920eb,2026-07-04T13:45:00Z,2026-07-04T15:45:00+0200,0.0,EUR/MWh,DK2,DK_2,day_ahead_price,value,2026-07-25T10:50:28Z
2026-07-25T10:47:05Z,2026-07-25T12:47:05+0200,8f98f9ca-4a78-47a6-8878-9b0cbde920eb,2026-07-04T14:00:00Z,2026-07-04T16:00:00+0200,0.0,EUR/MWh,DK2,DK_2,day_ahead_price,value,2026-07-25T10:50:28Z
2026-07-25T10:47:05Z,2026-07-25T12:47:05+0200,8f98f9ca-4a78-47a6-8878-9b0cbde920eb,2026-07-04T14:15:00Z,2026-07-04T16:15:00+0200,0.47,EUR/MWh,DK2,DK_2,day_ahead_price,value,2026-07-25T10:50:28Z
2026-07-25T10:47:05Z,2026-07-25T12:47:05+0200,8f98f9ca-4a78-47a6-8878-9b0cbde920eb,2026-07-04T14:30:00Z,2026-07-04T16:30:00+0200,0.63,EUR/MWh,DK2,DK_2,day_ahead_price,value,2026-07-25T10:50:28Z
2026-07-25T10:47:05Z,2026-07-25T12:47:05+0200,8f98f9ca-4a78-47a6-8878-9b0cbde920eb,2026-07-04T14:45:00Z,2026-07-04T16:45:00+0200,1.34,EUR/MWh,DK2,DK_2,day_ahead_price,value,2026-07-25T10:50:28Z
2026-07-25T10:47:05Z,2026-07-25T12:47:05+0200,8f98f9ca-4a78-47a6-8878-9b0cbde920eb,2026-07-04T15:00:00Z,2026-07-04T17:00:00+0200,1.6,EUR/MWh,DK2,DK_2,day_ahead_price,value,2026-07-25T10:50:28Z
2026-07-25T10:47:05Z,2026-07-25T12:47:05+0200,8f98f9ca-4a78-47a6-8878-9b0cbde920eb,2026-07-04T15:15:00Z,2026-07-04T17:15:00+0200,2.16,EUR/MWh,DK2,DK_2,day_ahead_price,value,2026-07-25T10:50:28Z
2026-07-25T10:47:05Z,2026-07-25T12:47:05+0200,8f98f9ca-4a78-47a6-8878-9b0cbde920eb,2026-07-04T15:30:00Z,2026-07-04T17:30:00+0200,4.93,EUR/MWh,DK2,DK_2,day_ahead_price,value,2026-07-25T10:50:28Z
2026-07-25T10:47:05Z,2026-07-25T12:47:05+0200,8f98f9ca-4a78-47a6-8878-9b0cbde920eb,2026-07-04T15:45:00Z,2026-07-04T17:45:00+0200,20.809999,EUR/MWh,DK2,DK_2,day_ahead_price,value,2026-07-25T10:50:28Z
2026-07-25T10:47:05Z,2026-07-25T12:47:05+0200,8f98f9ca-4a78-47a6-8878-9b0cbde920eb,2026-07-04T16:00:00Z,2026-07-04T18:00:00+0200,18.37,EUR/MWh,DK2,DK_2,day_ahead_price,value,2026-07-25T10:50:28Z
2026-07-25T10:47:05Z,2026-07-25T12:47:05+0200,8f98f9ca-4a78-47a6-8878-9b0cbde920eb,2026-07-04T16:15:00Z,2026-07-04T18:15:00+0200,42.94,EUR/MWh,DK2,DK_2,day_ahead_price,value,2026-07-25T10:50:28Z
2026-07-25T10:47:05Z,2026-07-25T12:47:05+0200,8f98f9ca-4a78-47a6-8878-9b0cbde920eb,2026-07-04T16:30:00Z,2026-07-04T18:30:00+0200,75.82,EUR/MWh,DK2,DK_2,day_ahead_price,value,2026-07-25T10:50:28Z
2026-07-25T10:47:05Z,2026-07-25T12:47:05+0200,8f98f9ca-4a78-47a6-8878-9b0cbde920eb,2026-07-04T16:45:00Z,2026-07-04T18:45:00+0200,96.0,EUR/MWh,DK2,DK_2,day_ahead_price,value,2026-07-25T10:50:28Z
2026-07-25T10:47:05Z,2026-07-25T12:47:05+0200,8f98f9ca-4a78-47a6-8878-9b0cbde920eb,2026-07-04T17:00:00Z,2026-07-04T19:00:00+0200,84.29,EUR/MWh,DK2,DK_2,day_ahead_price,value,2026-07-25T10:50:28Z
2026-07-25T10:47:05Z,2026-07-25T12:47:05+0200,8f98f9ca-4a78-47a6-8878-9b0cbde920eb,2026-07-04T17:15:00Z,2026-07-04T19:15:00+0200,99.07,EUR/MWh,DK2,DK_2,day_ahead_price,value,2026-07-25T10:50:28Z
2026-07-25T10:47:05Z,2026-07-25T12:47:05+0200,8f98f9ca-4a78-47a6-8878-9b0cbde920eb,2026-07-04T17:30:00Z,2026-07-04T19:30:00+0200,121.01,EUR/MWh,DK2,DK_2,day_ahead_price,value,2026-07-25T10:50:28Z
2026-07-25T10:47:05Z,2026-07-25T12:47:05+0200,8f98f9ca-4a78-47a6-8878-9b0cbde920eb,2026-07-04T17:45:00Z,2026-07-04T19:45:00+0200,131.42,EUR/MWh,DK2,DK_2,day_ahead_price,value,2026-07-25T10:50:28Z
2026-07-25T10:47:05Z,2026-07-25T12:47:05+0200,8f98f9ca-4a78-47a6-8878-9b0cbde920eb,2026-07-04T18:00:00Z,2026-07-04T20:00:00+0200,110.26,EUR/MWh,DK2,DK_2,day_ahead_price,value,2026-07-25T10:50:28Z
2026-07-25T10:47:05Z,2026-07-25T12:47:05+0200,8f98f9ca-4a78-47a6-8878-9b0cbde920eb,2026-07-04T18:15:00Z,2026-07-04T20:15:00+0200,118.89,EUR/MWh,DK2,DK_2,day_ahead_price,value,2026-07-25T10:50:28Z
2026-07-25T10:47:05Z,2026-07-25T12:47:05+0200,8f98f9ca-4a78-47a6-8878-9b0cbde920eb,2026-07-04T18:30:00Z,2026-07-04T20:30:00+0200,121.14,EUR/MWh,DK2,DK_2,day_ahead_price,value,2026-07-25T10:50:28Z
2026-07-25T10:47:05Z,2026-07-25T12:47:05+0200,8f98f9ca-4a78-47a6-8878-9b0cbde920eb,2026-07-04T18:45:00Z,2026-07-04T20:45:00+0200,122.169998,EUR/MWh,DK2,DK_2,day_ahead_price,value,2026-07-25T10:50:28Z
2026-07-25T10:47:05Z,2026-07-25T12:47:05+0200,8f98f9ca-4a78-47a6-8878-9b0cbde920eb,2026-07-04T19:00:00Z,2026-07-04T21:00:00+0200,125.410004,EUR/MWh,DK2,DK_2,day_ahead_price,value,2026-07-25T10:50:28Z
2026-07-25T10:47:05Z,2026-07-25T12:47:05+0200,8f98f9ca-4a78-47a6-8878-9b0cbde920eb,2026-07-04T19:15:00Z,2026-07-04T21:15:00+0200,125.610001,EUR/MWh,DK2,DK_2,day_ahead_price,value,2026-07-25T10:50:28Z
2026-07-25T10:47:05Z,2026-07-25T12:47:05+0200,8f98f9ca-4a78-47a6-8878-9b0cbde920eb,2026-07-04T19:30:00Z,2026-07-04T21:30:00+0200,125.589996,EUR/MWh,DK2,DK_2,day_ahead_price,value,2026-07-25T10:50:28Z
2026-07-25T10:47:05Z,2026-07-25T12:47:05+0200,8f98f9ca-4a78-47a6-8878-9b0cbde920eb,2026-07-04T19:45:00Z,2026-07-04T21:45:00+0200,124.059998,EUR/MWh,DK2,DK_2,day_ahead_price,value,2026-07-25T10:50:28Z
2026-07-25T10:47:05Z,2026-07-25T12:47:05+0200,8f98f9ca-4a78-47a6-8878-9b0cbde920eb,2026-07-04T20:00:00Z,2026-07-04T22:00:00+0200,124.970001,EUR/MWh,DK2,DK_2,day_ahead_price,value,2026-07-25T10:50:28Z
2026-07-25T10:47:05Z,2026-07-25T12:47:05+0200,8f98f9ca-4a78-47a6-8878-9b0cbde920eb,2026-07-04T20:15:00Z,2026-07-04T22:15:00+0200,124.0,EUR/MWh,DK2,DK_2,day_ahead_price,value,2026-07-25T10:50:28Z
2026-07-25T10:47:05Z,2026-07-25T12:47:05+0200,8f98f9ca-4a78-47a6-8878-9b0cbde920eb,2026-07-04T20:30:00Z,2026-07-04T22:30:00+0200,122.389999,EUR/MWh,DK2,DK_2,day_ahead_price,value,2026-07-25T10:50:28Z
2026-07-25T10:47:05Z,2026-07-25T12:47:05+0200,8f98f9ca-4a78-47a6-8878-9b0cbde920eb,2026-07-04T20:45:00Z,2026-07-04T22:45:00+0200,119.800003,EUR/MWh,DK2,DK_2,day_ahead_price,value,2026-07-25T10:50:28Z
2026-07-25T10:47:05Z,2026-07-25T12:47:05+0200,8f98f9ca-4a78-47a6-8878-9b0cbde920eb,2026-07-04T21:00:00Z,2026-07-04T23:00:00+0200,124.93,EUR/MWh,DK2,DK_2,day_ahead_price,value,2026-07-25T10:50:28Z
2026-07-25T10:47:05Z,2026-07-25T12:47:05+0200,8f98f9ca-4a78-47a6-8878-9b0cbde920eb,2026-07-04T21:15:00Z,2026-07-04T23:15:00+0200,118.73,EUR/MWh,DK2,DK_2,day_ahead_price,value,2026-07-25T10:50:28Z
2026-07-25T10:47:05Z,2026-07-25T12:47:05+0200,8f98f9ca-4a78-47a6-8878-9b0cbde920eb,2026-07-04T21:30:00Z,2026-07-04T23:30:00+0200,116.400002,EUR/MWh,DK2,DK_2,day_ahead_price,value,2026-07-25T10:50:28Z
2026-07-25T10:47:05Z,2026-07-25T12:47:05+0200,8f98f9ca-4a78-47a6-8878-9b0cbde920eb,2026-07-04T21:45:00Z,2026-07-04T23:45:00+0200,115.139999,EUR/MWh,DK2,DK_2,day_ahead_price,value,2026-07-25T10:50:28Z
2026-07-25T10:47:05Z,2026-07-25T12:47:05+0200,8f98f9ca-4a78-47a6-8878-9b0cbde920eb,2026-07-04T22:00:00Z,2026-07-05T00:00:00+0200,114.059998,EUR/MWh,DK2,DK_2,day_ahead_price,value,2026-07-25T10:50:28Z
2026-07-25T10:47:05Z,2026-07-25T12:47:05+0200,8f98f9ca-4a78-47a6-8878-9b0cbde920eb,2026-07-04T22:15:00Z,2026-07-05T00:15:00+0200,112.230003,EUR/MWh,DK2,DK_2,day_ahead_price,value,2026-07-25T10:50:28Z
2026-07-25T10:47:05Z,2026-07-25T12:47:05+0200,8f98f9ca-4a78-47a6-8878-9b0cbde920eb,2026-07-04T22:30:00Z,2026-07-05T00:30:00+0200,109.720001,EUR/MWh,DK2,DK_2,day_ahead_price,value,2026-07-25T10:50:28Z
2026-07-25T10:47:05Z,2026-07-25T12:47:05+0200,8f98f9ca-4a78-47a6-8878-9b0cbde920eb,2026-07-04T22:45:00Z,2026-07-05T00:45:00+0200,107.15,EUR/MWh,DK2,DK_2,day_ahead_price,value,2026-07-25T10:50:28Z
2026-07-25T10:47:05Z,2026-07-25T12:47:05+0200,8f98f9ca-4a78-47a6-8878-9b0cbde920eb,2026-07-04T23:00:00Z,2026-07-05T01:00:00+0200,107.32,EUR/MWh,DK2,DK_2,day_ahead_price,value,2026-07-25T10:50:28Z
2026-07-25T10:47:05Z,2026-07-25T12:47:05+0200,8f98f9ca-4a78-47a6-8878-9b0cbde920eb,2026-07-04T23:15:00Z,2026-07-05T01:15:00+0200,101.540001,EUR/MWh,DK2,DK_2,day_ahead_price,value,2026-07-25T10:50:28Z
2026-07-25T10:47:05Z,2026-07-25T12:47:05+0200,8f98f9ca-4a78-47a6-8878-9b0cbde920eb,2026-07-04T23:30:00Z,2026-07-05T01:30:00+0200,95.010002,EUR/MWh,DK2,DK_2,day_ahead_price,value,2026-07-25T10:50:28Z
2026-07-25T10:47:05Z,2026-07-25T12:47:05+0200,8f98f9ca-4a78-47a6-8878-9b0cbde920eb,2026-07-04T23:45:00Z,2026-07-05T01:45:00+0200,94.19,EUR/MWh,DK2,DK_2,day_ahead_price,value,2026-07-25T10:50:28Z
2026-07-25T10:47:05Z,2026-07-25T12:47:05+0200,8f98f9ca-4a78-47a6-8878-9b0cbde920eb,2026-07-05T00:00:00Z,2026-07-05T02:00:00+0200,98.309998,EUR/MWh,DK2,DK_2,day_ahead_price,value,2026-07-25T10:50:28Z
2026-07-25T10:47:05Z,2026-07-25T12:47:05+0200,8f98f9ca-4a78-47a6-8878-9b0cbde920eb,2026-07-05T00:15:00Z,2026-07-05T02:15:00+0200,96.5,EUR/MWh,DK2,DK_2,day_ahead_price,value,2026-07-25T10:50:28Z
2026-07-25T10:47:05Z,2026-07-25T12:47:05+0200,8f98f9ca-4a78-47a6-8878-9b0cbde920eb,2026-07-05T00:30:00Z,2026-07-05T02:30:00+0200,91.940002,EUR/MWh,DK2,DK_2,day_ahead_price,value,2026-07-25T10:50:28Z
2026-07-25T10:47:05Z,2026-07-25T12:47:05+0200,8f98f9ca-4a78-47a6-8878-9b0cbde920eb,2026-07-05T00:45:00Z,2026-07-05T02:45:00+0200,86.559998,EUR/MWh,DK2,DK_2,day_ahead_price,value,2026-07-25T10:50:28Z
2026-07-25T10:47:05Z,2026-07-25T12:47:05+0200,8f98f9ca-4a78-47a6-8878-9b0cbde920eb,2026-07-05T01:00:00Z,2026-07-05T03:00:00+0200,93.13,EUR/MWh,DK2,DK_2,day_ahead_price,value,2026-07-25T10:50:28Z
2026-07-25T10:47:05Z,2026-07-25T12:47:05+0200,8f98f9ca-4a78-47a6-8878-9b0cbde920eb,2026-07-05T01:15:00Z,2026-07-05T03:15:00+0200,85.56,EUR/MWh,DK2,DK_2,day_ahead_price,value,2026-07-25T10:50:28Z
2026-07-25T10:47:05Z,2026-07-25T12:47:05+0200,8f98f9ca-4a78-47a6-8878-9b0cbde920eb,2026-07-05T01:30:00Z,2026-07-05T03:30:00+0200,78.33,EUR/MWh,DK2,DK_2,day_ahead_price,value,2026-07-25T10:50:28Z
2026-07-25T10:47:05Z,2026-07-25T12:47:05+0200,8f98f9ca-4a78-47a6-8878-9b0cbde920eb,2026-07-05T01:45:00Z,2026-07-05T03:45:00+0200,76.06,EUR/MWh,DK2,DK_2,day_ahead_price,value,2026-07-25T10:50:28Z
2026-07-25T10:47:05Z,2026-07-25T12:47:05+0200,8f98f9ca-4a78-47a6-8878-9b0cbde920eb,2026-07-05T02:00:00Z,2026-07-05T04:00:00+0200,80.54,EUR/MWh,DK2,DK_2,day_ahead_price,value,2026-07-25T10:50:28Z
2026-07-25T10:47:05Z,2026-07-25T12:47:05+0200,8f98f9ca-4a78-47a6-8878-9b0cbde920eb,2026-07-05T02:15:00Z,2026-07-05T04:15:00+0200,69.050003,EUR/MWh,DK2,DK_2,day_ahead_price,value,2026-07-25T10:50:28Z
2026-07-25T10:47:05Z,2026-07-25T12:47:05+0200,8f98f9ca-4a78-47a6-8878-9b0cbde920eb,2026-07-05T02:30:00Z,2026-07-05T04:30:00+0200,65.919998,EUR/MWh,DK2,DK_2,day_ahead_price,value,2026-07-25T10:50:28Z
2026-07-25T10:47:05Z,2026-07-25T12:47:05+0200,8f98f9ca-4a78-47a6-8878-9b0cbde920eb,2026-07-05T02:45:00Z,2026-07-05T04:45:00+0200,61.19,EUR/MWh,DK2,DK_2,day_ahead_price,value,2026-07-25T10:50:28Z
2026-07-25T10:47:05Z,2026-07-25T12:47:05+0200,8f98f9ca-4a78-47a6-8878-9b0cbde920eb,2026-07-05T03:00:00Z,2026-07-05T05:00:00+0200,71.18,EUR/MWh,DK2,DK_2,day_ahead_price,value,2026-07-25T10:50:28Z
2026-07-25T10:47:05Z,2026-07-25T12:47:05+0200,8f98f9ca-4a78-47a6-8878-9b0cbde920eb,2026-07-05T03:15:00Z,2026-07-05T05:15:00+0200,69.7,EUR/MWh,DK2,DK_2,day_ahead_price,value,2026-07-25T10:50:28Z
2026-07-25T10:47:05Z,2026-07-25T12:47:05+0200,8f98f9ca-4a78-47a6-8878-9b0cbde920eb,2026-07-05T03:30:00Z,2026-07-05T05:30:00+0200,63.900002,EUR/MWh,DK2,DK_2,day_ahead_price,value,2026-07-25T10:50:28Z
2026-07-25T10:47:05Z,2026-07-25T12:47:05+0200,8f98f9ca-4a78-47a6-8878-9b0cbde920eb,2026-07-05T03:45:00Z,2026-07-05T05:45:00+0200,57.799999,EUR/MWh,DK2,DK_2,day_ahead_price,value,2026-07-25T10:50:28Z
2026-07-25T10:47:05Z,2026-07-25T12:47:05+0200,8f98f9ca-4a78-47a6-8878-9b0cbde920eb,2026-07-05T04:00:00Z,2026-07-05T06:00:00+0200,70.169998,EUR/MWh,DK2,DK_2,day_ahead_price,value,2026-07-25T10:50:28Z
2026-07-25T10:47:05Z,2026-07-25T12:47:05+0200,8f98f9ca-4a78-47a6-8878-9b0cbde920eb,2026-07-05T04:15:00Z,2026-07-05T06:15:00+0200,62.86,EUR/MWh,DK2,DK_2,day_ahead_price,value,2026-07-25T10:50:28Z
2026-07-25T10:47:05Z,2026-07-25T12:47:05+0200,8f98f9ca-4a78-47a6-8878-9b0cbde920eb,2026-07-05T04:30:00Z,2026-07-05T06:30:00+0200,40.549999,EUR/MWh,DK2,DK_2,day_ahead_price,value,2026-07-25T10:50:28Z
2026-07-25T10:47:05Z,2026-07-25T12:47:05+0200,8f98f9ca-4a78-47a6-8878-9b0cbde920eb,2026-07-05T04:45:00Z,2026-07-05T06:45:00+0200,34.16,EUR/MWh,DK2,DK_2,day_ahead_price,value,2026-07-25T10:50:28Z
2026-07-25T10:47:05Z,2026-07-25T12:47:05+0200,8f98f9ca-4a78-47a6-8878-9b0cbde920eb,2026-07-05T05:00:00Z,2026-07-05T07:00:00+0200,44.66,EUR/MWh,DK2,DK_2,day_ahead_price,value,2026-07-25T10:50:28Z
2026-07-25T10:47:05Z,2026-07-25T12:47:05+0200,8f98f9ca-4a78-47a6-8878-9b0cbde920eb,2026-07-05T05:15:00Z,2026-07-05T07:15:00+0200,35.869999,EUR/MWh,DK2,DK_2,day_ahead_price,value,2026-07-25T10:50:28Z
2026-07-25T10:47:05Z,2026-07-25T12:47:05+0200,8f98f9ca-4a78-47a6-8878-9b0cbde920eb,2026-07-05T05:30:00Z,2026-07-05T07:30:00+0200,28.52,EUR/MWh,DK2,DK_2,day_ahead_price,value,2026-07-25T10:50:28Z
2026-07-25T10:47:05Z,2026-07-25T12:47:05+0200,8f98f9ca-4a78-47a6-8878-9b0cbde920eb,2026-07-05T05:45:00Z,2026-07-05T07:45:00+0200,17.5,EUR/MWh,DK2,DK_2,day_ahead_price,value,2026-07-25T10:50:28Z
2026-07-25T10:47:05Z,2026-07-25T12:47:05+0200,8f98f9ca-4a78-47a6-8878-9b0cbde920eb,2026-07-05T06:00:00Z,2026-07-05T08:00:00+0200,32.02,EUR/MWh,DK2,DK_2,day_ahead_price,value,2026-07-25T10:50:28Z
2026-07-25T10:47:05Z,2026-07-25T12:47:05+0200,8f98f9ca-4a78-47a6-8878-9b0cbde920eb,2026-07-05T06:15:00Z,2026-07-05T08:15:00+0200,18.2,EUR/MWh,DK2,DK_2,day_ahead_price,value,2026-07-25T10:50:28Z
2026-07-25T10:47:05Z,2026-07-25T12:47:05+0200,8f98f9ca-4a78-47a6-8878-9b0cbde920eb,2026-07-05T06:30:00Z,2026-07-05T08:30:00+0200,7.96,EUR/MWh,DK2,DK_2,day_ahead_price,value,2026-07-25T10:50:28Z
2026-07-25T10:47:05Z,2026-07-25T12:47:05+0200,8f98f9ca-4a78-47a6-8878-9b0cbde920eb,2026-07-05T06:45:00Z,2026-07-05T08:45:00+0200,4.94,EUR/MWh,DK2,DK_2,day_ahead_price,value,2026-07-25T10:50:28Z
2026-07-25T10:47:05Z,2026-07-25T12:47:05+0200,8f98f9ca-4a78-47a6-8878-9b0cbde920eb,2026-07-05T07:00:00Z,2026-07-05T09:00:00+0200,9.88,EUR/MWh,DK2,DK_2,day_ahead_price,value,2026-07-25T10:50:28Z
2026-07-25T10:47:05Z,2026-07-25T12:47:05+0200,8f98f9ca-4a78-47a6-8878-9b0cbde920eb,2026-07-05T07:15:00Z,2026-07-05T09:15:00+0200,8.21,EUR/MWh,DK2,DK_2,day_ahead_price,value,2026-07-25T10:50:28Z
2026-07-25T10:47:05Z,2026-07-25T12:47:05+0200,8f98f9ca-4a78-47a6-8878-9b0cbde920eb,2026-07-05T07:30:00Z,2026-07-05T09:30:00+0200,8.06,EUR/MWh,DK2,DK_2,day_ahead_price,value,2026-07-25T10:50:28Z
2026-07-25T10:47:05Z,2026-07-25T12:47:05+0200,8f98f9ca-4a78-47a6-8878-9b0cbde920eb,2026-07-05T07:45:00Z,2026-07-05T09:45:00+0200,7.4,EUR/MWh,DK2,DK_2,day_ahead_price,value,2026-07-25T10:50:28Z
2026-07-25T10:47:05Z,2026-07-25T12:47:05+0200,8f98f9ca-4a78-47a6-8878-9b0cbde920eb,2026-07-05T08:00:00Z,2026-07-05T10:00:00+0200,5.23,EUR/MWh,DK2,DK_2,day_ahead_price,value,2026-07-25T10:50:28Z
2026-07-25T10:47:05Z,2026-07-25T12:47:05+0200,8f98f9ca-4a78-47a6-8878-9b0cbde920eb,2026-07-05T08:15:00Z,2026-07-05T10:15:00+0200,5.11,EUR/MWh,DK2,DK_2,day_ahead_price,value,2026-07-25T10:50:28Z
2026-07-25T10:47:05Z,2026-07-25T12:47:05+0200,8f98f9ca-4a78-47a6-8878-9b0cbde920eb,2026-07-05T08:30:00Z,2026-07-05T10:30:00+0200,5.0,EUR/MWh,DK2,DK_2,day_ahead_price,value,2026-07-25T10:50:28Z
2026-07-25T10:47:05Z,2026-07-25T12:47:05+0200,8f98f9ca-4a78-47a6-8878-9b0cbde920eb,2026-07-05T08:45:00Z,2026-07-05T10:45:00+0200,4.98,EUR/MWh,DK2,DK_2,day_ahead_price,value,2026-07-25T10:50:28Z
2026-07-25T10:47:05Z,2026-07-25T12:47:05+0200,8f98f9ca-4a78-47a6-8878-9b0cbde920eb,2026-07-05T09:00:00Z,2026-07-05T11:00:00+0200,4.94,EUR/MWh,DK2,DK_2,day_ahead_price,value,2026-07-25T10:50:28Z
2026-07-25T10:47:05Z,2026-07-25T12:47:05+0200,8f98f9ca-4a78-47a6-8878-9b0cbde920eb,2026-07-05T09:15:00Z,2026-07-05T11:15:00+0200,4.94,EUR/MWh,DK2,DK_2,day_ahead_price,value,2026-07-25T10:50:28Z
2026-07-25T10:47:05Z,2026-07-25T12:47:05+0200,8f98f9ca-4a78-47a6-8878-9b0cbde920eb,2026-07-05T09:30:00Z,2026-07-05T11:30:00+0200,4.93,EUR/MWh,DK2,DK_2,day_ahead_price,value,2026-07-25T10:50:28Z
2026-07-25T10:47:05Z,2026-07-25T12:47:05+0200,8f98f9ca-4a78-47a6-8878-9b0cbde920eb,2026-07-05T09:45:00Z,2026-07-05T11:45:00+0200,4.9,EUR/MWh,DK2,DK_2,day_ahead_price,value,2026-07-25T10:50:28Z
2026-07-25T10:47:05Z,2026-07-25T12:47:05+0200,8f98f9ca-4a78-47a6-8878-9b0cbde920eb,2026-07-05T10:00:00Z,2026-07-05T12:00:00+0200,3.92,EUR/MWh,DK2,DK_2,day_ahead_price,value,2026-07-25T10:50:28Z
2026-07-25T10:47:05Z,2026-07-25T12:47:05+0200,8f98f9ca-4a78-47a6-8878-9b0cbde920eb,2026-07-05T10:15:00Z,2026-07-05T12:15:00+0200,3.88,EUR/MWh,DK2,DK_2,day_ahead_price,value,2026-07-25T10:50:28Z
2026-07-25T10:47:05Z,2026-07-25T12:47:05+0200,8f98f9ca-4a78-47a6-8878-9b0cbde920eb,2026-07-05T10:30:00Z,2026-07-05T12:30:00+0200,2.2,EUR/MWh,DK2,DK_2,day_ahead_price,value,2026-07-25T10:50:28Z
2026-07-25T10:47:05Z,2026-07-25T12:47:05+0200,8f98f9ca-4a78-47a6-8878-9b0cbde920eb,2026-07-05T10:45:00Z,2026-07-05T12:45:00+0200,2.17,EUR/MWh,DK2,DK_2,day_ahead_price,value,2026-07-25T10:50:28Z
2026-07-25T10:47:05Z,2026-07-25T12:47:05+0200,8f98f9ca-4a78-47a6-8878-9b0cbde920eb,2026-07-05T11:00:00Z,2026-07-05T13:00:00+0200,1.6,EUR/MWh,DK2,DK_2,day_ahead_price,value,2026-07-25T10:50:28Z
2026-07-25T10:47:05Z,2026-07-25T12:47:05+0200,8f98f9ca-4a78-47a6-8878-9b0cbde920eb,2026-07-05T11:15:00Z,2026-07-05T13:15:00+0200,1.6,EUR/MWh,DK2,DK_2,day_ahead_price,value,2026-07-25T10:50:28Z
2026-07-25T10:47:05Z,2026-07-25T12:47:05+0200,8f98f9ca-4a78-47a6-8878-9b0cbde920eb,2026-07-05T11:30:00Z,2026-07-05T13:30:00+0200,1.6,EUR/MWh,DK2,DK_2,day_ahead_price,value,2026-07-25T10:50:28Z
2026-07-25T10:47:05Z,2026-07-25T12:47:05+0200,8f98f9ca-4a78-47a6-8878-9b0cbde920eb,2026-07-05T11:45:00Z,2026-07-05T13:45:00+0200,1.6,EUR/MWh,DK2,DK_2,day_ahead_price,value,2026-07-25T10:50:28Z
2026-07-25T10:47:05Z,2026-07-25T12:47:05+0200,8f98f9ca-4a78-47a6-8878-9b0cbde920eb,2026-07-05T12:00:00Z,2026-07-05T14:00:00+0200,1.6,EUR/MWh,DK2,DK_2,day_ahead_price,value,2026-07-25T10:50:28Z
2026-07-25T10:47:05Z,2026-07-25T12:47:05+0200,8f98f9ca-4a78-47a6-8878-9b0cbde920eb,2026-07-05T12:15:00Z,2026-07-05T14:15:00+0200,1.6,EUR/MWh,DK2,DK_2,day_ahead_price,value,2026-07-25T10:50:28Z
2026-07-25T10:47:05Z,2026-07-25T12:47:05+0200,8f98f9ca-4a78-47a6-8878-9b0cbde920eb,2026-07-05T12:30:00Z,2026-07-05T14:30:00+0200,1.59,EUR/MWh,DK2,DK_2,day_ahead_price,value,2026-07-25T10:50:28Z
2026-07-25T10:47:05Z,2026-07-25T12:47:05+0200,8f98f9ca-4a78-47a6-8878-9b0cbde920eb,2026-07-05T12:45:00Z,2026-07-05T14:45:00+0200,1.59,EUR/MWh,DK2,DK_2,day_ahead_price,value,2026-07-25T10:50:28Z
2026-07-25T10:47:05Z,2026-07-25T12:47:05+0200,8f98f9ca-4a78-47a6-8878-9b0cbde920eb,2026-07-05T13:00:00Z,2026-07-05T15:00:00+0200,2.09,EUR/MWh,DK2,DK_2,day_ahead_price,value,2026-07-25T10:50:28Z
2026-07-25T10:47:05Z,2026-07-25T12:47:05+0200,8f98f9ca-4a78-47a6-8878-9b0cbde920eb,2026-07-05T13:15:00Z,2026-07-05T15:15:00+0200,2.1,EUR/MWh,DK2,DK_2,day_ahead_price,value,2026-07-25T10:50:28Z
2026-07-25T10:47:05Z,2026-07-25T12:47:05+0200,8f98f9ca-4a78-47a6-8878-9b0cbde920eb,2026-07-05T13:30:00Z,2026-07-05T15:30:00+0200,2.14,EUR/MWh,DK2,DK_2,day_ahead_price,value,2026-07-25T10:50:28Z
2026-07-25T10:47:05Z,2026-07-25T12:47:05+0200,8f98f9ca-4a78-47a6-8878-9b0cbde920eb,2026-07-05T13:45:00Z,2026-07-05T15:45:00+0200,2.15,EUR/MWh,DK2,DK_2,day_ahead_price,value,2026-07-25T10:50:28Z
2026-07-25T10:47:05Z,2026-07-25T12:47:05+0200,8f98f9ca-4a78-47a6-8878-9b0cbde920eb,2026-07-05T14:00:00Z,2026-07-05T16:00:00+0200,2.17,EUR/MWh,DK2,DK_2,day_ahead_price,value,2026-07-25T10:50:28Z
2026-07-25T10:47:05Z,2026-07-25T12:47:05+0200,8f98f9ca-4a78-47a6-8878-9b0cbde920eb,2026-07-05T14:15:00Z,2026-07-05T16:15:00+0200,2.16,EUR/MWh,DK2,DK_2,day_ahead_price,value,2026-07-25T10:50:28Z
2026-07-25T10:47:05Z,2026-07-25T12:47:05+0200,8f98f9ca-4a78-47a6-8878-9b0cbde920eb,2026-07-05T14:30:00Z,2026-07-05T16:30:00+0200,2.19,EUR/MWh,DK2,DK_2,day_ahead_price,value,2026-07-25T10:50:28Z
2026-07-25T10:47:05Z,2026-07-25T12:47:05+0200,8f98f9ca-4a78-47a6-8878-9b0cbde920eb,2026-07-05T14:45:00Z,2026-07-05T16:45:00+0200,2.59,EUR/MWh,DK2,DK_2,day_ahead_price,value,2026-07-25T10:50:28Z
2026-07-25T10:47:05Z,2026-07-25T12:47:05+0200,8f98f9ca-4a78-47a6-8878-9b0cbde920eb,2026-07-05T15:00:00Z,2026-07-05T17:00:00+0200,3.1,EUR/MWh,DK2,DK_2,day_ahead_price,value,2026-07-25T10:50:28Z
2026-07-25T10:47:05Z,2026-07-25T12:47:05+0200,8f98f9ca-4a78-47a6-8878-9b0cbde920eb,2026-07-05T15:15:00Z,2026-07-05T17:15:00+0200,3.9,EUR/MWh,DK2,DK_2,day_ahead_price,value,2026-07-25T10:50:28Z
2026-07-25T10:47:05Z,2026-07-25T12:47:05+0200,8f98f9ca-4a78-47a6-8878-9b0cbde920eb,2026-07-05T15:30:00Z,2026-07-05T17:30:00+0200,4.97,EUR/MWh,DK2,DK_2,day_ahead_price,value,2026-07-25T10:50:28Z
2026-07-25T10:47:05Z,2026-07-25T12:47:05+0200,8f98f9ca-4a78-47a6-8878-9b0cbde920eb,2026-07-05T15:45:00Z,2026-07-05T17:45:00+0200,8.11,EUR/MWh,DK2,DK_2,day_ahead_price,value,2026-07-25T10:50:28Z
2026-07-25T10:47:05Z,2026-07-25T12:47:05+0200,8f98f9ca-4a78-47a6-8878-9b0cbde920eb,2026-07-05T16:00:00Z,2026-07-05T18:00:00+0200,7.99,EUR/MWh,DK2,DK_2,day_ahead_price,value,2026-07-25T10:50:28Z
2026-07-25T10:47:05Z,2026-07-25T12:47:05+0200,8f98f9ca-4a78-47a6-8878-9b0cbde920eb,2026-07-05T16:15:00Z,2026-07-05T18:15:00+0200,20.38,EUR/MWh,DK2,DK_2,day_ahead_price,value,2026-07-25T10:50:28Z
2026-07-25T10:47:05Z,2026-07-25T12:47:05+0200,8f98f9ca-4a78-47a6-8878-9b0cbde920eb,2026-07-05T16:30:00Z,2026-07-05T18:30:00+0200,20.07,EUR/MWh,DK2,DK_2,day_ahead_price,value,2026-07-25T10:50:28Z
2026-07-25T10:47:05Z,2026-07-25T12:47:05+0200,8f98f9ca-4a78-47a6-8878-9b0cbde920eb,2026-07-05T16:45:00Z,2026-07-05T18:45:00+0200,40.58,EUR/MWh,DK2,DK_2,day_ahead_price,value,2026-07-25T10:50:28Z
2026-07-25T10:47:05Z,2026-07-25T12:47:05+0200,8f98f9ca-4a78-47a6-8878-9b0cbde920eb,2026-07-05T17:00:00Z,2026-07-05T19:00:00+0200,35.790001,EUR/MWh,DK2,DK_2,day_ahead_price,value,2026-07-25T10:50:28Z
2026-07-25T10:47:05Z,2026-07-25T12:47:05+0200,8f98f9ca-4a78-47a6-8878-9b0cbde920eb,2026-07-05T17:15:00Z,2026-07-05T19:15:00+0200,54.48,EUR/MWh,DK2,DK_2,day_ahead_price,value,2026-07-25T10:50:28Z
2026-07-25T10:47:05Z,2026-07-25T12:47:05+0200,8f98f9ca-4a78-47a6-8878-9b0cbde920eb,2026-07-05T17:30:00Z,2026-07-05T19:30:00+0200,83.52,EUR/MWh,DK2,DK_2,day_ahead_price,value,2026-07-25T10:50:28Z
2026-07-25T10:47:05Z,2026-07-25T12:47:05+0200,8f98f9ca-4a78-47a6-8878-9b0cbde920eb,2026-07-05T17:45:00Z,2026-07-05T19:45:00+0200,97.68,EUR/MWh,DK2,DK_2,day_ahead_price,value,2026-07-25T10:50:28Z
2026-07-25T10:47:05Z,2026-07-25T12:47:05+0200,8f98f9ca-4a78-47a6-8878-9b0cbde920eb,2026-07-05T18:00:00Z,2026-07-05T20:00:00+0200,96.91,EUR/MWh,DK2,DK_2,day_ahead_price,value,2026-07-25T10:50:28Z
2026-07-25T10:47:05Z,2026-07-25T12:47:05+0200,8f98f9ca-4a78-47a6-8878-9b0cbde920eb,2026-07-05T18:15:00Z,2026-07-05T20:15:00+0200,97.73,EUR/MWh,DK2,DK_2,day_ahead_price,value,2026-07-25T10:50:28Z
2026-07-25T10:47:05Z,2026-07-25T12:47:05+0200,8f98f9ca-4a78-47a6-8878-9b0cbde920eb,2026-07-05T18:30:00Z,2026-07-05T20:30:00+0200,106.5,EUR/MWh,DK2,DK_2,day_ahead_price,value,2026-07-25T10:50:28Z
2026-07-25T10:47:05Z,2026-07-25T12:47:05+0200,8f98f9ca-4a78-47a6-8878-9b0cbde920eb,2026-07-05T18:45:00Z,2026-07-05T20:45:00+0200,109.57,EUR/MWh,DK2,DK_2,day_ahead_price,value,2026-07-25T10:50:28Z
2026-07-25T10:47:05Z,2026-07-25T12:47:05+0200,8f98f9ca-4a78-47a6-8878-9b0cbde920eb,2026-07-05T19:00:00Z,2026-07-05T21:00:00+0200,113.81,EUR/MWh,DK2,DK_2,day_ahead_price,value,2026-07-25T10:50:28Z
2026-07-25T10:47:05Z,2026-07-25T12:47:05+0200,8f98f9ca-4a78-47a6-8878-9b0cbde920eb,2026-07-05T19:15:00Z,2026-07-05T21:15:00+0200,114.51,EUR/MWh,DK2,DK_2,day_ahead_price,value,2026-07-25T10:50:28Z
2026-07-25T10:47:05Z,2026-07-25T12:47:05+0200,8f98f9ca-4a78-47a6-8878-9b0cbde920eb,2026-07-05T19:30:00Z,2026-07-05T21:30:00+0200,108.04,EUR/MWh,DK2,DK_2,day_ahead_price,value,2026-07-25T10:50:28Z
2026-07-25T10:47:05Z,2026-07-25T12:47:05+0200,8f98f9ca-4a78-47a6-8878-9b0cbde920eb,2026-07-05T19:45:00Z,2026-07-05T21:45:00+0200,109.910004,EUR/MWh,DK2,DK_2,day_ahead_price,value,2026-07-25T10:50:28Z
2026-07-25T10:47:05Z,2026-07-25T12:47:05+0200,8f98f9ca-4a78-47a6-8878-9b0cbde920eb,2026-07-05T20:00:00Z,2026-07-05T22:00:00+0200,117.16,EUR/MWh,DK2,DK_2,day_ahead_price,value,2026-07-25T10:50:28Z
2026-07-25T10:47:05Z,2026-07-25T12:47:05+0200,8f98f9ca-4a78-47a6-8878-9b0cbde920eb,2026-07-05T20:15:00Z,2026-07-05T22:15:00+0200,115.529999,EUR/MWh,DK2,DK_2,day_ahead_price,value,2026-07-25T10:50:28Z
2026-07-25T10:47:05Z,2026-07-25T12:47:05+0200,8f98f9ca-4a78-47a6-8878-9b0cbde920eb,2026-07-05T20:30:00Z,2026-07-05T22:30:00+0200,115.480003,EUR/MWh,DK2,DK_2,day_ahead_price,value,2026-07-25T10:50:28Z
2026-07-25T10:47:05Z,2026-07-25T12:47:05+0200,8f98f9ca-4a78-47a6-8878-9b0cbde920eb,2026-07-05T20:45:00Z,2026-07-05T22:45:00+0200,113.720001,EUR/MWh,DK2,DK_2,day_ahead_price,value,2026-07-25T10:50:28Z
2026-07-25T10:47:05Z,2026-07-25T12:47:05+0200,8f98f9ca-4a78-47a6-8878-9b0cbde920eb,2026-07-05T21:00:00Z,2026-07-05T23:00:00+0200,113.220001,EUR/MWh,DK2,DK_2,day_ahead_price,value,2026-07-25T10:50:28Z
2026-07-25T10:47:05Z,2026-07-25T12:47:05+0200,8f98f9ca-4a78-47a6-8878-9b0cbde920eb,2026-07-05T21:15:00Z,2026-07-05T23:15:00+0200,112.949997,EUR/MWh,DK2,DK_2,day_ahead_price,value,2026-07-25T10:50:28Z
2026-07-25T10:47:05Z,2026-07-25T12:47:05+0200,8f98f9ca-4a78-47a6-8878-9b0cbde920eb,2026-07-05T21:30:00Z,2026-07-05T23:30:00+0200,109.35,EUR/MWh,DK2,DK_2,day_ahead_price,value,2026-07-25T10:50:28Z
2026-07-25T10:47:05Z,2026-07-25T12:47:05+0200,8f98f9ca-4a78-47a6-8878-9b0cbde920eb,2026-07-05T21:45:00Z,2026-07-05T23:45:00+0200,109.160004,EUR/MWh,DK2,DK_2,day_ahead_price,value,2026-07-25T10:50:28Z
2026-07-25T10:47:05Z,2026-07-25T12:47:05+0200,8f98f9ca-4a78-47a6-8878-9b0cbde920eb,2026-07-05T22:00:00Z,2026-07-06T00:00:00+0200,104.38,EUR/MWh,DK2,DK_2,day_ahead_price,value,2026-07-25T10:50:28Z
2026-07-25T10:47:05Z,2026-07-25T12:47:05+0200,8f98f9ca-4a78-47a6-8878-9b0cbde920eb,2026-07-05T22:15:00Z,2026-07-06T00:15:00+0200,99.65,EUR/MWh,DK2,DK_2,day_ahead_price,value,2026-07-25T10:50:28Z
2026-07-25T10:47:05Z,2026-07-25T12:47:05+0200,8f98f9ca-4a78-47a6-8878-9b0cbde920eb,2026-07-05T22:30:00Z,2026-07-06T00:30:00+0200,97.41,EUR/MWh,DK2,DK_2,day_ahead_price,value,2026-07-25T10:50:28Z
2026-07-25T10:47:05Z,2026-07-25T12:47:05+0200,8f98f9ca-4a78-47a6-8878-9b0cbde920eb,2026-07-05T22:45:00Z,2026-07-06T00:45:00+0200,97.23,EUR/MWh,DK2,DK_2,day_ahead_price,value,2026-07-25T10:50:28Z
2026-07-25T10:47:05Z,2026-07-25T12:47:05+0200,8f98f9ca-4a78-47a6-8878-9b0cbde920eb,2026-07-05T23:00:00Z,2026-07-06T01:00:00+0200,95.95,EUR/MWh,DK2,DK_2,day_ahead_price,value,2026-07-25T10:50:28Z
2026-07-25T10:47:05Z,2026-07-25T12:47:05+0200,8f98f9ca-4a78-47a6-8878-9b0cbde920eb,2026-07-05T23:15:00Z,2026-07-06T01:15:00+0200,96.46,EUR/MWh,DK2,DK_2,day_ahead_price,value,2026-07-25T10:50:28Z
2026-07-25T10:47:05Z,2026-07-25T12:47:05+0200,8f98f9ca-4a78-47a6-8878-9b0cbde920eb,2026-07-05T23:30:00Z,2026-07-06T01:30:00+0200,96.77,EUR/MWh,DK2,DK_2,day_ahead_price,value,2026-07-25T10:50:28Z
2026-07-25T10:47:05Z,2026-07-25T12:47:05+0200,8f98f9ca-4a78-47a6-8878-9b0cbde920eb,2026-07-05T23:45:00Z,2026-07-06T01:45:00+0200,97.61,EUR/MWh,DK2,DK_2,day_ahead_price,value,2026-07-25T10:50:28Z
2026-07-25T10:47:05Z,2026-07-25T12:47:05+0200,8f98f9ca-4a78-47a6-8878-9b0cbde920eb,2026-07-06T00:00:00Z,2026-07-06T02:00:00+0200,98.29,EUR/MWh,DK2,DK_2,day_ahead_price,value,2026-07-25T10:50:28Z
2026-07-25T10:47:05Z,2026-07-25T12:47:05+0200,8f98f9ca-4a78-47a6-8878-9b0cbde920eb,2026-07-06T00:15:00Z,2026-07-06T02:15:00+0200,99.14,EUR/MWh,DK2,DK_2,day_ahead_price,value,2026-07-25T10:50:28Z
2026-07-25T10:47:05Z,2026-07-25T12:47:05+0200,8f98f9ca-4a78-47a6-8878-9b0cbde920eb,2026-07-06T00:30:00Z,2026-07-06T02:30:00+0200,99.74,EUR/MWh,DK2,DK_2,day_ahead_price,value,2026-07-25T10:50:28Z
2026-07-25T10:47:05Z,2026-07-25T12:47:05+0200,8f98f9ca-4a78-47a6-8878-9b0cbde920eb,2026-07-06T00:45:00Z,2026-07-06T02:45:00+0200,100.82,EUR/MWh,DK2,DK_2,day_ahead_price,value,2026-07-25T10:50:28Z
2026-07-25T10:47:05Z,2026-07-25T12:47:05+0200,8f98f9ca-4a78-47a6-8878-9b0cbde920eb,2026-07-06T01:00:00Z,2026-07-06T03:00:00+0200,99.93,EUR/MWh,DK2,DK_2,day_ahead_price,value,2026-07-25T10:50:28Z
2026-07-25T10:47:05Z,2026-07-25T12:47:05+0200,8f98f9ca-4a78-47a6-8878-9b0cbde920eb,2026-07-06T01:15:00Z,2026-07-06T03:15:00+0200,100.09,EUR/MWh,DK2,DK_2,day_ahead_price,value,2026-07-25T10:50:28Z
2026-07-25T10:47:05Z,2026-07-25T12:47:05+0200,8f98f9ca-4a78-47a6-8878-9b0cbde920eb,2026-07-06T01:30:00Z,2026-07-06T03:30:00+0200,99.45,EUR/MWh,DK2,DK_2,day_ahead_price,value,2026-07-25T10:50:28Z
2026-07-25T10:47:05Z,2026-07-25T12:47:05+0200,8f98f9ca-4a78-47a6-8878-9b0cbde920eb,2026-07-06T01:45:00Z,2026-07-06T03:45:00+0200,98.99,EUR/MWh,DK2,DK_2,day_ahead_price,value,2026-07-25T10:50:28Z
2026-07-25T10:47:05Z,2026-07-25T12:47:05+0200,8f98f9ca-4a78-47a6-8878-9b0cbde920eb,2026-07-06T02:00:00Z,2026-07-06T04:00:00+0200,100.71,EUR/MWh,DK2,DK_2,day_ahead_price,value,2026-07-25T10:50:28Z
2026-07-25T10:47:05Z,2026-07-25T12:47:05+0200,8f98f9ca-4a78-47a6-8878-9b0cbde920eb,2026-07-06T02:15:00Z,2026-07-06T04:15:00+0200,100.0,EUR/MWh,DK2,DK_2,day_ahead_price,value,2026-07-25T10:50:28Z
2026-07-25T10:47:05Z,2026-07-25T12:47:05+0200,8f98f9ca-4a78-47a6-8878-9b0cbde920eb,2026-07-06T02:30:00Z,2026-07-06T04:30:00+0200,98.53,EUR/MWh,DK2,DK_2,day_ahead_price,value,2026-07-25T10:50:28Z
2026-07-25T10:47:05Z,2026-07-25T12:47:05+0200,8f98f9ca-4a78-47a6-8878-9b0cbde920eb,2026-07-06T02:45:00Z,2026-07-06T04:45:00+0200,98.17,EUR/MWh,DK2,DK_2,day_ahead_price,value,2026-07-25T10:50:28Z
2026-07-25T10:47:05Z,2026-07-25T12:47:05+0200,8f98f9ca-4a78-47a6-8878-9b0cbde920eb,2026-07-06T03:00:00Z,2026-07-06T05:00:00+0200,95.24,EUR/MWh,DK2,DK_2,day_ahead_price,value,2026-07-25T10:50:28Z
2026-07-25T10:47:05Z,2026-07-25T12:47:05+0200,8f98f9ca-4a78-47a6-8878-9b0cbde920eb,2026-07-06T03:15:00Z,2026-07-06T05:15:00+0200,97.1,EUR/MWh,DK2,DK_2,day_ahead_price,value,2026-07-25T10:50:28Z
2026-07-25T10:47:05Z,2026-07-25T12:47:05+0200,8f98f9ca-4a78-47a6-8878-9b0cbde920eb,2026-07-06T03:30:00Z,2026-07-06T05:30:00+0200,103.07,EUR/MWh,DK2,DK_2,day_ahead_price,value,2026-07-25T10:50:28Z
2026-07-25T10:47:05Z,2026-07-25T12:47:05+0200,8f98f9ca-4a78-47a6-8878-9b0cbde920eb,2026-07-06T03:45:00Z,2026-07-06T05:45:00+0200,125.48,EUR/MWh,DK2,DK_2,day_ahead_price,value,2026-07-25T10:50:28Z
2026-07-25T10:47:05Z,2026-07-25T12:47:05+0200,8f98f9ca-4a78-47a6-8878-9b0cbde920eb,2026-07-06T04:00:00Z,2026-07-06T06:00:00+0200,128.5,EUR/MWh,DK2,DK_2,day_ahead_price,value,2026-07-25T10:50:28Z
2026-07-25T10:47:05Z,2026-07-25T12:47:05+0200,8f98f9ca-4a78-47a6-8878-9b0cbde920eb,2026-07-06T04:15:00Z,2026-07-06T06:15:00+0200,136.01,EUR/MWh,DK2,DK_2,day_ahead_price,value,2026-07-25T10:50:28Z
2026-07-25T10:47:05Z,2026-07-25T12:47:05+0200,8f98f9ca-4a78-47a6-8878-9b0cbde920eb,2026-07-06T04:30:00Z,2026-07-06T06:30:00+0200,136.44,EUR/MWh,DK2,DK_2,day_ahead_price,value,2026-07-25T10:50:28Z
2026-07-25T10:47:05Z,2026-07-25T12:47:05+0200,8f98f9ca-4a78-47a6-8878-9b0cbde920eb,2026-07-06T04:45:00Z,2026-07-06T06:45:00+0200,132.2,EUR/MWh,DK2,DK_2,day_ahead_price,value,2026-07-25T10:50:28Z
2026-07-25T10:47:05Z,2026-07-25T12:47:05+0200,8f98f9ca-4a78-47a6-8878-9b0cbde920eb,2026-07-06T05:00:00Z,2026-07-06T07:00:00+0200,153.53,EUR/MWh,DK2,DK_2,day_ahead_price,value,2026-07-25T10:50:28Z
2026-07-25T10:47:05Z,2026-07-25T12:47:05+0200,8f98f9ca-4a78-47a6-8878-9b0cbde920eb,2026-07-06T05:15:00Z,2026-07-06T07:15:00+0200,143.98,EUR/MWh,DK2,DK_2,day_ahead_price,value,2026-07-25T10:50:28Z
2026-07-25T10:47:05Z,2026-07-25T12:47:05+0200,8f98f9ca-4a78-47a6-8878-9b0cbde920eb,2026-07-06T05:30:00Z,2026-07-06T07:30:00+0200,133.97,EUR/MWh,DK2,DK_2,day_ahead_price,value,2026-07-25T10:50:28Z
2026-07-25T10:47:05Z,2026-07-25T12:47:05+0200,8f98f9ca-4a78-47a6-8878-9b0cbde920eb,2026-07-06T05:45:00Z,2026-07-06T07:45:00+0200,132.5,EUR/MWh,DK2,DK_2,day_ahead_price,value,2026-07-25T10:50:28Z
2026-07-25T10:47:05Z,2026-07-25T12:47:05+0200,8f98f9ca-4a78-47a6-8878-9b0cbde920eb,2026-07-06T06:00:00Z,2026-07-06T08:00:00+0200,154.77,EUR/MWh,DK2,DK_2,day_ahead_price,value,2026-07-25T10:50:28Z
2026-07-25T10:47:05Z,2026-07-25T12:47:05+0200,8f98f9ca-4a78-47a6-8878-9b0cbde920eb,2026-07-06T06:15:00Z,2026-07-06T08:15:00+0200,133.23,EUR/MWh,DK2,DK_2,day_ahead_price,value,2026-07-25T10:50:28Z
2026-07-25T10:47:05Z,2026-07-25T12:47:05+0200,8f98f9ca-4a78-47a6-8878-9b0cbde920eb,2026-07-06T06:30:00Z,2026-07-06T08:30:00+0200,131.32,EUR/MWh,DK2,DK_2,day_ahead_price,value,2026-07-25T10:50:28Z
2026-07-25T10:47:05Z,2026-07-25T12:47:05+0200,8f98f9ca-4a78-47a6-8878-9b0cbde920eb,2026-07-06T06:45:00Z,2026-07-06T08:45:00+0200,126.76,EUR/MWh,DK2,DK_2,day_ahead_price,value,2026-07-25T10:50:28Z
2026-07-25T10:47:05Z,2026-07-25T12:47:05+0200,8f98f9ca-4a78-47a6-8878-9b0cbde920eb,2026-07-06T07:00:00Z,2026-07-06T09:00:00+0200,128.02,EUR/MWh,DK2,DK_2,day_ahead_price,value,2026-07-25T10:50:28Z
2026-07-25T10:47:05Z,2026-07-25T12:47:05+0200,8f98f9ca-4a78-47a6-8878-9b0cbde920eb,2026-07-06T07:15:00Z,2026-07-06T09:15:00+0200,119.95,EUR/MWh,DK2,DK_2,day_ahead_price,value,2026-07-25T10:50:28Z
2026-07-25T10:47:05Z,2026-07-25T12:47:05+0200,8f98f9ca-4a78-47a6-8878-9b0cbde920eb,2026-07-06T07:30:00Z,2026-07-06T09:30:00+0200,109.02,EUR/MWh,DK2,DK_2,day_ahead_price,value,2026-07-25T10:50:28Z
2026-07-25T10:47:05Z,2026-07-25T12:47:05+0200,8f98f9ca-4a78-47a6-8878-9b0cbde920eb,2026-07-06T07:45:00Z,2026-07-06T09:45:00+0200,97.66,EUR/MWh,DK2,DK_2,day_ahead_price,value,2026-07-25T10:50:28Z
2026-07-25T10:47:05Z,2026-07-25T12:47:05+0200,8f98f9ca-4a78-47a6-8878-9b0cbde920eb,2026-07-06T08:00:00Z,2026-07-06T10:00:00+0200,116.1,EUR/MWh,DK2,DK_2,day_ahead_price,value,2026-07-25T10:50:28Z
2026-07-25T10:47:05Z,2026-07-25T12:47:05+0200,8f98f9ca-4a78-47a6-8878-9b0cbde920eb,2026-07-06T08:15:00Z,2026-07-06T10:15:00+0200,96.72,EUR/MWh,DK2,DK_2,day_ahead_price,value,2026-07-25T10:50:28Z
2026-07-25T10:47:05Z,2026-07-25T12:47:05+0200,8f98f9ca-4a78-47a6-8878-9b0cbde920eb,2026-07-06T08:30:00Z,2026-07-06T10:30:00+0200,82.51,EUR/MWh,DK2,DK_2,day_ahead_price,value,2026-07-25T10:50:28Z
2026-07-25T10:47:05Z,2026-07-25T12:47:05+0200,8f98f9ca-4a78-47a6-8878-9b0cbde920eb,2026-07-06T08:45:00Z,2026-07-06T10:45:00+0200,71.06,EUR/MWh,DK2,DK_2,day_ahead_price,value,2026-07-25T10:50:28Z
2026-07-25T10:47:05Z,2026-07-25T12:47:05+0200,8f98f9ca-4a78-47a6-8878-9b0cbde920eb,2026-07-06T09:00:00Z,2026-07-06T11:00:00+0200,89.09,EUR/MWh,DK2,DK_2,day_ahead_price,value,2026-07-25T10:50:28Z
2026-07-25T10:47:05Z,2026-07-25T12:47:05+0200,8f98f9ca-4a78-47a6-8878-9b0cbde920eb,2026-07-06T09:15:00Z,2026-07-06T11:15:00+0200,80.77,EUR/MWh,DK2,DK_2,day_ahead_price,value,2026-07-25T10:50:28Z
2026-07-25T10:47:05Z,2026-07-25T12:47:05+0200,8f98f9ca-4a78-47a6-8878-9b0cbde920eb,2026-07-06T09:30:00Z,2026-07-06T11:30:00+0200,64.78,EUR/MWh,DK2,DK_2,day_ahead_price,value,2026-07-25T10:50:28Z
2026-07-25T10:47:05Z,2026-07-25T12:47:05+0200,8f98f9ca-4a78-47a6-8878-9b0cbde920eb,2026-07-06T09:45:00Z,2026-07-06T11:45:00+0200,57.44,EUR/MWh,DK2,DK_2,day_ahead_price,value,2026-07-25T10:50:28Z
2026-07-25T10:47:05Z,2026-07-25T12:47:05+0200,8f98f9ca-4a78-47a6-8878-9b0cbde920eb,2026-07-06T10:00:00Z,2026-07-06T12:00:00+0200,60.88,EUR/MWh,DK2,DK_2,day_ahead_price,value,2026-07-25T10:50:28Z
2026-07-25T10:47:05Z,2026-07-25T12:47:05+0200,8f98f9ca-4a78-47a6-8878-9b0cbde920eb,2026-07-06T10:15:00Z,2026-07-06T12:15:00+0200,47.14,EUR/MWh,DK2,DK_2,day_ahead_price,value,2026-07-25T10:50:28Z
2026-07-25T10:47:05Z,2026-07-25T12:47:05+0200,8f98f9ca-4a78-47a6-8878-9b0cbde920eb,2026-07-06T10:30:00Z,2026-07-06T12:30:00+0200,38.27,EUR/MWh,DK2,DK_2,day_ahead_price,value,2026-07-25T10:50:28Z
2026-07-25T10:47:05Z,2026-07-25T12:47:05+0200,8f98f9ca-4a78-47a6-8878-9b0cbde920eb,2026-07-06T10:45:00Z,2026-07-06T12:45:00+0200,26.51,EUR/MWh,DK2,DK_2,day_ahead_price,value,2026-07-25T10:50:28Z
2026-07-25T10:47:05Z,2026-07-25T12:47:05+0200,8f98f9ca-4a78-47a6-8878-9b0cbde920eb,2026-07-06T11:00:00Z,2026-07-06T13:00:00+0200,40.13,EUR/MWh,DK2,DK_2,day_ahead_price,value,2026-07-25T10:50:28Z
2026-07-25T10:47:05Z,2026-07-25T12:47:05+0200,8f98f9ca-4a78-47a6-8878-9b0cbde920eb,2026-07-06T11:15:00Z,2026-07-06T13:15:00+0200,27.69,EUR/MWh,DK2,DK_2,day_ahead_price,value,2026-07-25T10:50:28Z
2026-07-25T10:47:05Z,2026-07-25T12:47:05+0200,8f98f9ca-4a78-47a6-8878-9b0cbde920eb,2026-07-06T11:30:00Z,2026-07-06T13:30:00+0200,26.04,EUR/MWh,DK2,DK_2,day_ahead_price,value,2026-07-25T10:50:28Z
2026-07-25T10:47:05Z,2026-07-25T12:47:05+0200,8f98f9ca-4a78-47a6-8878-9b0cbde920eb,2026-07-06T11:45:00Z,2026-07-06T13:45:00+0200,18.97,EUR/MWh,DK2,DK_2,day_ahead_price,value,2026-07-25T10:50:28Z
2026-07-25T10:47:05Z,2026-07-25T12:47:05+0200,8f98f9ca-4a78-47a6-8878-9b0cbde920eb,2026-07-06T12:00:00Z,2026-07-06T14:00:00+0200,19.58,EUR/MWh,DK2,DK_2,day_ahead_price,value,2026-07-25T10:50:28Z
2026-07-25T10:47:05Z,2026-07-25T12:47:05+0200,8f98f9ca-4a78-47a6-8878-9b0cbde920eb,2026-07-06T12:15:00Z,2026-07-06T14:15:00+0200,19.79,EUR/MWh,DK2,DK_2,day_ahead_price,value,2026-07-25T10:50:28Z
2026-07-25T10:47:05Z,2026-07-25T12:47:05+0200,8f98f9ca-4a78-47a6-8878-9b0cbde920eb,2026-07-06T12:30:00Z,2026-07-06T14:30:00+0200,24.55,EUR/MWh,DK2,DK_2,day_ahead_price,value,2026-07-25T10:50:28Z
2026-07-25T10:47:05Z,2026-07-25T12:47:05+0200,8f98f9ca-4a78-47a6-8878-9b0cbde920eb,2026-07-06T12:45:00Z,2026-07-06T14:45:00+0200,25.87,EUR/MWh,DK2,DK_2,day_ahead_price,value,2026-07-25T10:50:28Z
2026-07-25T10:47:05Z,2026-07-25T12:47:05+0200,8f98f9ca-4a78-47a6-8878-9b0cbde920eb,2026-07-06T13:00:00Z,2026-07-06T15:00:00+0200,10.52,EUR/MWh,DK2,DK_2,day_ahead_price,value,2026-07-25T10:50:28Z
2026-07-25T10:47:05Z,2026-07-25T12:47:05+0200,8f98f9ca-4a78-47a6-8878-9b0cbde920eb,2026-07-06T13:15:00Z,2026-07-06T15:15:00+0200,15.52,EUR/MWh,DK2,DK_2,day_ahead_price,value,2026-07-25T10:50:28Z
2026-07-25T10:47:05Z,2026-07-25T12:47:05+0200,8f98f9ca-4a78-47a6-8878-9b0cbde920eb,2026-07-06T13:30:00Z,2026-07-06T15:30:00+0200,10.95,EUR/MWh,DK2,DK_2,day_ahead_price,value,2026-07-25T10:50:28Z
2026-07-25T10:47:05Z,2026-07-25T12:47:05+0200,8f98f9ca-4a78-47a6-8878-9b0cbde920eb,2026-07-06T13:45:00Z,2026-07-06T15:45:00+0200,28.61,EUR/MWh,DK2,DK_2,day_ahead_price,value,2026-07-25T10:50:28Z
2026-07-25T10:47:05Z,2026-07-25T12:47:05+0200,8f98f9ca-4a78-47a6-8878-9b0cbde920eb,2026-07-06T14:00:00Z,2026-07-06T16:00:00+0200,9.26,EUR/MWh,DK2,DK_2,day_ahead_price,value,2026-07-25T10:50:28Z
2026-07-25T10:47:05Z,2026-07-25T12:47:05+0200,8f98f9ca-4a78-47a6-8878-9b0cbde920eb,2026-07-06T14:15:00Z,2026-07-06T16:15:00+0200,29.52,EUR/MWh,DK2,DK_2,day_ahead_price,value,2026-07-25T10:50:28Z
2026-07-25T10:47:05Z,2026-07-25T12:47:05+0200,8f98f9ca-4a78-47a6-8878-9b0cbde920eb,2026-07-06T14:30:00Z,2026-07-06T16:30:00+0200,39.66,EUR/MWh,DK2,DK_2,day_ahead_price,value,2026-07-25T10:50:28Z
2026-07-25T10:47:05Z,2026-07-25T12:47:05+0200,8f98f9ca-4a78-47a6-8878-9b0cbde920eb,2026-07-06T14:45:00Z,2026-07-06T16:45:00+0200,52.83,EUR/MWh,DK2,DK_2,day_ahead_price,value,2026-07-25T10:50:28Z
2026-07-25T10:47:05Z,2026-07-25T12:47:05+0200,8f98f9ca-4a78-47a6-8878-9b0cbde920eb,2026-07-06T15:00:00Z,2026-07-06T17:00:00+0200,31.23,EUR/MWh,DK2,DK_2,day_ahead_price,value,2026-07-25T10:50:28Z
2026-07-25T10:47:05Z,2026-07-25T12:47:05+0200,8f98f9ca-4a78-47a6-8878-9b0cbde920eb,2026-07-06T15:15:00Z,2026-07-06T17:15:00+0200,66.75,EUR/MWh,DK2,DK_2,day_ahead_price,value,2026-07-25T10:50:28Z
2026-07-25T10:47:05Z,2026-07-25T12:47:05+0200,8f98f9ca-4a78-47a6-8878-9b0cbde920eb,2026-07-06T15:30:00Z,2026-07-06T17:30:00+0200,84.17,EUR/MWh,DK2,DK_2,day_ahead_price,value,2026-07-25T10:50:28Z
2026-07-25T10:47:05Z,2026-07-25T12:47:05+0200,8f98f9ca-4a78-47a6-8878-9b0cbde920eb,2026-07-06T15:45:00Z,2026-07-06T17:45:00+0200,100.07,EUR/MWh,DK2,DK_2,day_ahead_price,value,2026-07-25T10:50:28Z
2026-07-25T10:47:05Z,2026-07-25T12:47:05+0200,8f98f9ca-4a78-47a6-8878-9b0cbde920eb,2026-07-06T16:00:00Z,2026-07-06T18:00:00+0200,82.36,EUR/MWh,DK2,DK_2,day_ahead_price,value,2026-07-25T10:50:28Z
2026-07-25T10:47:05Z,2026-07-25T12:47:05+0200,8f98f9ca-4a78-47a6-8878-9b0cbde920eb,2026-07-06T16:15:00Z,2026-07-06T18:15:00+0200,102.87,EUR/MWh,DK2,DK_2,day_ahead_price,value,2026-07-25T10:50:28Z
2026-07-25T10:47:05Z,2026-07-25T12:47:05+0200,8f98f9ca-4a78-47a6-8878-9b0cbde920eb,2026-07-06T16:30:00Z,2026-07-06T18:30:00+0200,115.02,EUR/MWh,DK2,DK_2,day_ahead_price,value,2026-07-25T10:50:28Z
2026-07-25T10:47:05Z,2026-07-25T12:47:05+0200,8f98f9ca-4a78-47a6-8878-9b0cbde920eb,2026-07-06T16:45:00Z,2026-07-06T18:45:00+0200,119.38,EUR/MWh,DK2,DK_2,day_ahead_price,value,2026-07-25T10:50:28Z
2026-07-25T10:47:05Z,2026-07-25T12:47:05+0200,8f98f9ca-4a78-47a6-8878-9b0cbde920eb,2026-07-06T17:00:00Z,2026-07-06T19:00:00+0200,110.55,EUR/MWh,DK2,DK_2,day_ahead_price,value,2026-07-25T10:50:28Z
2026-07-25T10:47:05Z,2026-07-25T12:47:05+0200,8f98f9ca-4a78-47a6-8878-9b0cbde920eb,2026-07-06T17:15:00Z,2026-07-06T19:15:00+0200,122.27,EUR/MWh,DK2,DK_2,day_ahead_price,value,2026-07-25T10:50:28Z
2026-07-25T10:47:05Z,2026-07-25T12:47:05+0200,8f98f9ca-4a78-47a6-8878-9b0cbde920eb,2026-07-06T17:30:00Z,2026-07-06T19:30:00+0200,128.46,EUR/MWh,DK2,DK_2,day_ahead_price,value,2026-07-25T10:50:28Z
2026-07-25T10:47:05Z,2026-07-25T12:47:05+0200,8f98f9ca-4a78-47a6-8878-9b0cbde920eb,2026-07-06T17:45:00Z,2026-07-06T19:45:00+0200,130.88,EUR/MWh,DK2,DK_2,day_ahead_price,value,2026-07-25T10:50:28Z
2026-07-25T10:47:05Z,2026-07-25T12:47:05+0200,8f98f9ca-4a78-47a6-8878-9b0cbde920eb,2026-07-06T18:00:00Z,2026-07-06T20:00:00+0200,131.25,EUR/MWh,DK2,DK_2,day_ahead_price,value,2026-07-25T10:50:28Z
2026-07-25T10:47:05Z,2026-07-25T12:47:05+0200,8f98f9ca-4a78-47a6-8878-9b0cbde920eb,2026-07-06T18:15:00Z,2026-07-06T20:15:00+0200,134.54,EUR/MWh,DK2,DK_2,day_ahead_price,value,2026-07-25T10:50:28Z
2026-07-25T10:47:05Z,2026-07-25T12:47:05+0200,8f98f9ca-4a78-47a6-8878-9b0cbde920eb,2026-07-06T18:30:00Z,2026-07-06T20:30:00+0200,137.23,EUR/MWh,DK2,DK_2,day_ahead_price,value,2026-07-25T10:50:28Z
2026-07-25T10:47:05Z,2026-07-25T12:47:05+0200,8f98f9ca-4a78-47a6-8878-9b0cbde920eb,2026-07-06T18:45:00Z,2026-07-06T20:45:00+0200,139.6,EUR/MWh,DK2,DK_2,day_ahead_price,value,2026-07-25T10:50:28Z
2026-07-25T10:47:05Z,2026-07-25T12:47:05+0200,8f98f9ca-4a78-47a6-8878-9b0cbde920eb,2026-07-06T19:00:00Z,2026-07-06T21:00:00+0200,136.9,EUR/MWh,DK2,DK_2,day_ahead_price,value,2026-07-25T10:50:28Z
2026-07-25T10:47:05Z,2026-07-25T12:47:05+0200,8f98f9ca-4a78-47a6-8878-9b0cbde920eb,2026-07-06T19:15:00Z,2026-07-06T21:15:00+0200,134.64,EUR/MWh,DK2,DK_2,day_ahead_price,value,2026-07-25T10:50:28Z
2026-07-25T10:47:05Z,2026-07-25T12:47:05+0200,8f98f9ca-4a78-47a6-8878-9b0cbde920eb,2026-07-06T19:30:00Z,2026-07-06T21:30:00+0200,134.61,EUR/MWh,DK2,DK_2,day_ahead_price,value,2026-07-25T10:50:28Z
2026-07-25T10:47:05Z,2026-07-25T12:47:05+0200,8f98f9ca-4a78-47a6-8878-9b0cbde920eb,2026-07-06T19:45:00Z,2026-07-06T21:45:00+0200,134.5,EUR/MWh,DK2,DK_2,day_ahead_price,value,2026-07-25T10:50:28Z
2026-07-25T10:47:05Z,2026-07-25T12:47:05+0200,8f98f9ca-4a78-47a6-8878-9b0cbde920eb,2026-07-06T20:00:00Z,2026-07-06T22:00:00+0200,134.6,EUR/MWh,DK2,DK_2,day_ahead_price,value,2026-07-25T10:50:28Z
2026-07-25T10:47:05Z,2026-07-25T12:47:05+0200,8f98f9ca-4a78-47a6-8878-9b0cbde920eb,2026-07-06T20:15:00Z,2026-07-06T22:15:00+0200,132.44,EUR/MWh,DK2,DK_2,day_ahead_price,value,2026-07-25T10:50:28Z
2026-07-25T10:47:05Z,2026-07-25T12:47:05+0200,8f98f9ca-4a78-47a6-8878-9b0cbde920eb,2026-07-06T20:30:00Z,2026-07-06T22:30:00+0200,132.07,EUR/MWh,DK2,DK_2,day_ahead_price,value,2026-07-25T10:50:28Z
2026-07-25T10:47:05Z,2026-07-25T12:47:05+0200,8f98f9ca-4a78-47a6-8878-9b0cbde920eb,2026-07-06T20:45:00Z,2026-07-06T22:45:00+0200,131.37,EUR/MWh,DK2,DK_2,day_ahead_price,value,2026-07-25T10:50:28Z
2026-07-25T10:47:05Z,2026-07-25T12:47:05+0200,8f98f9ca-4a78-47a6-8878-9b0cbde920eb,2026-07-06T21:00:00Z,2026-07-06T23:00:00+0200,128.94,EUR/MWh,DK2,DK_2,day_ahead_price,value,2026-07-25T10:50:28Z
2026-07-25T10:47:05Z,2026-07-25T12:47:05+0200,8f98f9ca-4a78-47a6-8878-9b0cbde920eb,2026-07-06T21:15:00Z,2026-07-06T23:15:00+0200,128.06,EUR/MWh,DK2,DK_2,day_ahead_price,value,2026-07-25T10:50:28Z
2026-07-25T10:47:05Z,2026-07-25T12:47:05+0200,8f98f9ca-4a78-47a6-8878-9b0cbde920eb,2026-07-06T21:30:00Z,2026-07-06T23:30:00+0200,125.62,EUR/MWh,DK2,DK_2,day_ahead_price,value,2026-07-25T10:50:28Z
2026-07-25T10:47:05Z,2026-07-25T12:47:05+0200,8f98f9ca-4a78-47a6-8878-9b0cbde920eb,2026-07-06T21:45:00Z,2026-07-06T23:45:00+0200,121.45,EUR/MWh,DK2,DK_2,day_ahead_price,value,2026-07-25T10:50:28Z
2026-07-25T10:47:05Z,2026-07-25T12:47:05+0200,8f98f9ca-4a78-47a6-8878-9b0cbde920eb,2026-07-06T22:00:00Z,2026-07-07T00:00:00+0200,114.0,EUR/MWh,DK2,DK_2,day_ahead_price,value,2026-07-25T10:50:28Z
2026-07-25T10:47:05Z,2026-07-25T12:47:05+0200,8f98f9ca-4a78-47a6-8878-9b0cbde920eb,2026-07-06T22:15:00Z,2026-07-07T00:15:00+0200,114.07,EUR/MWh,DK2,DK_2,day_ahead_price,value,2026-07-25T10:50:28Z
2026-07-25T10:47:05Z,2026-07-25T12:47:05+0200,8f98f9ca-4a78-47a6-8878-9b0cbde920eb,2026-07-06T22:30:00Z,2026-07-07T00:30:00+0200,114.81,EUR/MWh,DK2,DK_2,day_ahead_price,value,2026-07-25T10:50:28Z
2026-07-25T10:47:05Z,2026-07-25T12:47:05+0200,8f98f9ca-4a78-47a6-8878-9b0cbde920eb,2026-07-06T22:45:00Z,2026-07-07T00:45:00+0200,110.93,EUR/MWh,DK2,DK_2,day_ahead_price,value,2026-07-25T10:50:28Z
2026-07-25T10:47:05Z,2026-07-25T12:47:05+0200,8f98f9ca-4a78-47a6-8878-9b0cbde920eb,2026-07-06T23:00:00Z,2026-07-07T01:00:00+0200,113.2,EUR/MWh,DK2,DK_2,day_ahead_price,value,2026-07-25T10:50:28Z
2026-07-25T10:47:05Z,2026-07-25T12:47:05+0200,8f98f9ca-4a78-47a6-8878-9b0cbde920eb,2026-07-06T23:15:00Z,2026-07-07T01:15:00+0200,110.98,EUR/MWh,DK2,DK_2,day_ahead_price,value,2026-07-25T10:50:28Z
2026-07-25T10:47:05Z,2026-07-25T12:47:05+0200,8f98f9ca-4a78-47a6-8878-9b0cbde920eb,2026-07-06T23:30:00Z,2026-07-07T01:30:00+0200,109.73,EUR/MWh,DK2,DK_2,day_ahead_price,value,2026-07-25T10:50:28Z
2026-07-25T10:47:05Z,2026-07-25T12:47:05+0200,8f98f9ca-4a78-47a6-8878-9b0cbde920eb,2026-07-06T23:45:00Z,2026-07-07T01:45:00+0200,109.1,EUR/MWh,DK2,DK_2,day_ahead_price,value,2026-07-25T10:50:28Z
2026-07-25T10:47:05Z,2026-07-25T12:47:05+0200,8f98f9ca-4a78-47a6-8878-9b0cbde920eb,2026-07-07T00:00:00Z,2026-07-07T02:00:00+0200,108.07,EUR/MWh,DK2,DK_2,day_ahead_price,value,2026-07-25T10:50:28Z
2026-07-25T10:47:05Z,2026-07-25T12:47:05+0200,8f98f9ca-4a78-47a6-8878-9b0cbde920eb,2026-07-07T00:15:00Z,2026-07-07T02:15:00+0200,107.71,EUR/MWh,DK2,DK_2,day_ahead_price,value,2026-07-25T10:50:28Z
2026-07-25T10:47:05Z,2026-07-25T12:47:05+0200,8f98f9ca-4a78-47a6-8878-9b0cbde920eb,2026-07-07T00:30:00Z,2026-07-07T02:30:00+0200,105.63,EUR/MWh,DK2,DK_2,day_ahead_price,value,2026-07-25T10:50:28Z
2026-07-25T10:47:05Z,2026-07-25T12:47:05+0200,8f98f9ca-4a78-47a6-8878-9b0cbde920eb,2026-07-07T00:45:00Z,2026-07-07T02:45:00+0200,101.870003,EUR/MWh,DK2,DK_2,day_ahead_price,value,2026-07-25T10:50:28Z
2026-07-25T10:47:05Z,2026-07-25T12:47:05+0200,8f98f9ca-4a78-47a6-8878-9b0cbde920eb,2026-07-07T01:00:00Z,2026-07-07T03:00:00+0200,103.66,EUR/MWh,DK2,DK_2,day_ahead_price,value,2026-07-25T10:50:28Z
2026-07-25T10:47:05Z,2026-07-25T12:47:05+0200,8f98f9ca-4a78-47a6-8878-9b0cbde920eb,2026-07-07T01:15:00Z,2026-07-07T03:15:00+0200,100.22,EUR/MWh,DK2,DK_2,day_ahead_price,value,2026-07-25T10:50:28Z
2026-07-25T10:47:05Z,2026-07-25T12:47:05+0200,8f98f9ca-4a78-47a6-8878-9b0cbde920eb,2026-07-07T01:30:00Z,2026-07-07T03:30:00+0200,100.62,EUR/MWh,DK2,DK_2,day_ahead_price,value,2026-07-25T10:50:28Z
2026-07-25T10:47:05Z,2026-07-25T12:47:05+0200,8f98f9ca-4a78-47a6-8878-9b0cbde920eb,2026-07-07T01:45:00Z,2026-07-07T03:45:00+0200,99.23,EUR/MWh,DK2,DK_2,day_ahead_price,value,2026-07-25T10:50:28Z
2026-07-25T10:47:05Z,2026-07-25T12:47:05+0200,8f98f9ca-4a78-47a6-8878-9b0cbde920eb,2026-07-07T02:00:00Z,2026-07-07T04:00:00+0200,98.54,EUR/MWh,DK2,DK_2,day_ahead_price,value,2026-07-25T10:50:28Z
2026-07-25T10:47:05Z,2026-07-25T12:47:05+0200,8f98f9ca-4a78-47a6-8878-9b0cbde920eb,2026-07-07T02:15:00Z,2026-07-07T04:15:00+0200,97.07,EUR/MWh,DK2,DK_2,day_ahead_price,value,2026-07-25T10:50:28Z
2026-07-25T10:47:05Z,2026-07-25T12:47:05+0200,8f98f9ca-4a78-47a6-8878-9b0cbde920eb,2026-07-07T02:30:00Z,2026-07-07T04:30:00+0200,97.900002,EUR/MWh,DK2,DK_2,day_ahead_price,value,2026-07-25T10:50:28Z
2026-07-25T10:47:05Z,2026-07-25T12:47:05+0200,8f98f9ca-4a78-47a6-8878-9b0cbde920eb,2026-07-07T02:45:00Z,2026-07-07T04:45:00+0200,98.6,EUR/MWh,DK2,DK_2,day_ahead_price,value,2026-07-25T10:50:28Z
2026-07-25T10:47:05Z,2026-07-25T12:47:05+0200,8f98f9ca-4a78-47a6-8878-9b0cbde920eb,2026-07-07T03:00:00Z,2026-07-07T05:00:00+0200,100.160004,EUR/MWh,DK2,DK_2,day_ahead_price,value,2026-07-25T10:50:28Z
2026-07-25T10:47:05Z,2026-07-25T12:47:05+0200,8f98f9ca-4a78-47a6-8878-9b0cbde920eb,2026-07-07T03:15:00Z,2026-07-07T05:15:00+0200,100.36,EUR/MWh,DK2,DK_2,day_ahead_price,value,2026-07-25T10:50:28Z
2026-07-25T10:47:05Z,2026-07-25T12:47:05+0200,8f98f9ca-4a78-47a6-8878-9b0cbde920eb,2026-07-07T03:30:00Z,2026-07-07T05:30:00+0200,102.01,EUR/MWh,DK2,DK_2,day_ahead_price,value,2026-07-25T10:50:28Z
2026-07-25T10:47:05Z,2026-07-25T12:47:05+0200,8f98f9ca-4a78-47a6-8878-9b0cbde920eb,2026-07-07T03:45:00Z,2026-07-07T05:45:00+0200,105.160004,EUR/MWh,DK2,DK_2,day_ahead_price,value,2026-07-25T10:50:28Z
2026-07-25T10:47:05Z,2026-07-25T12:47:05+0200,8f98f9ca-4a78-47a6-8878-9b0cbde920eb,2026-07-07T04:00:00Z,2026-07-07T06:00:00+0200,110.599998,EUR/MWh,DK2,DK_2,day_ahead_price,value,2026-07-25T10:50:28Z
2026-07-25T10:47:05Z,2026-07-25T12:47:05+0200,8f98f9ca-4a78-47a6-8878-9b0cbde920eb,2026-07-07T04:15:00Z,2026-07-07T06:15:00+0200,110.650002,EUR/MWh,DK2,DK_2,day_ahead_price,value,2026-07-25T10:50:28Z
2026-07-25T10:47:05Z,2026-07-25T12:47:05+0200,8f98f9ca-4a78-47a6-8878-9b0cbde920eb,2026-07-07T04:30:00Z,2026-07-07T06:30:00+0200,112.709999,EUR/MWh,DK2,DK_2,day_ahead_price,value,2026-07-25T10:50:28Z
2026-07-25T10:47:05Z,2026-07-25T12:47:05+0200,8f98f9ca-4a78-47a6-8878-9b0cbde920eb,2026-07-07T04:45:00Z,2026-07-07T06:45:00+0200,112.129997,EUR/MWh,DK2,DK_2,day_ahead_price,value,2026-07-25T10:50:28Z
2026-07-25T10:47:05Z,2026-07-25T12:47:05+0200,8f98f9ca-4a78-47a6-8878-9b0cbde920eb,2026-07-07T05:00:00Z,2026-07-07T07:00:00+0200,113.050003,EUR/MWh,DK2,DK_2,day_ahead_price,value,2026-07-25T10:50:28Z
2026-07-25T10:47:05Z,2026-07-25T12:47:05+0200,8f98f9ca-4a78-47a6-8878-9b0cbde920eb,2026-07-07T05:15:00Z,2026-07-07T07:15:00+0200,114.2,EUR/MWh,DK2,DK_2,day_ahead_price,value,2026-07-25T10:50:28Z
2026-07-25T10:47:05Z,2026-07-25T12:47:05+0200,8f98f9ca-4a78-47a6-8878-9b0cbde920eb,2026-07-07T05:30:00Z,2026-07-07T07:30:00+0200,116.21,EUR/MWh,DK2,DK_2,day_ahead_price,value,2026-07-25T10:50:28Z
2026-07-25T10:47:05Z,2026-07-25T12:47:05+0200,8f98f9ca-4a78-47a6-8878-9b0cbde920eb,2026-07-07T05:45:00Z,2026-07-07T07:45:00+0200,112.3,EUR/MWh,DK2,DK_2,day_ahead_price,value,2026-07-25T10:50:28Z
2026-07-25T10:47:05Z,2026-07-25T12:47:05+0200,8f98f9ca-4a78-47a6-8878-9b0cbde920eb,2026-07-07T06:00:00Z,2026-07-07T08:00:00+0200,124.129997,EUR/MWh,DK2,DK_2,day_ahead_price,value,2026-07-25T10:50:28Z
2026-07-25T10:47:05Z,2026-07-25T12:47:05+0200,8f98f9ca-4a78-47a6-8878-9b0cbde920eb,2026-07-07T06:15:00Z,2026-07-07T08:15:00+0200,113.540001,EUR/MWh,DK2,DK_2,day_ahead_price,value,2026-07-25T10:50:28Z
2026-07-25T10:47:05Z,2026-07-25T12:47:05+0200,8f98f9ca-4a78-47a6-8878-9b0cbde920eb,2026-07-07T06:30:00Z,2026-07-07T08:30:00+0200,110.86,EUR/MWh,DK2,DK_2,day_ahead_price,value,2026-07-25T10:50:28Z
2026-07-25T10:47:05Z,2026-07-25T12:47:05+0200,8f98f9ca-4a78-47a6-8878-9b0cbde920eb,2026-07-07T06:45:00Z,2026-07-07T08:45:00+0200,106.92,EUR/MWh,DK2,DK_2,day_ahead_price,value,2026-07-25T10:50:28Z
2026-07-25T10:47:05Z,2026-07-25T12:47:05+0200,8f98f9ca-4a78-47a6-8878-9b0cbde920eb,2026-07-07T07:00:00Z,2026-07-07T09:00:00+0200,118.61,EUR/MWh,DK2,DK_2,day_ahead_price,value,2026-07-25T10:50:28Z
2026-07-25T10:47:05Z,2026-07-25T12:47:05+0200,8f98f9ca-4a78-47a6-8878-9b0cbde920eb,2026-07-07T07:15:00Z,2026-07-07T09:15:00+0200,106.52,EUR/MWh,DK2,DK_2,day_ahead_price,value,2026-07-25T10:50:28Z
2026-07-25T10:47:05Z,2026-07-25T12:47:05+0200,8f98f9ca-4a78-47a6-8878-9b0cbde920eb,2026-07-07T07:30:00Z,2026-07-07T09:30:00+0200,96.03,EUR/MWh,DK2,DK_2,day_ahead_price,value,2026-07-25T10:50:28Z
2026-07-25T10:47:05Z,2026-07-25T12:47:05+0200,8f98f9ca-4a78-47a6-8878-9b0cbde920eb,2026-07-07T07:45:00Z,2026-07-07T09:45:00+0200,62.89,EUR/MWh,DK2,DK_2,day_ahead_price,value,2026-07-25T10:50:28Z
2026-07-25T10:47:05Z,2026-07-25T12:47:05+0200,8f98f9ca-4a78-47a6-8878-9b0cbde920eb,2026-07-07T08:00:00Z,2026-07-07T10:00:00+0200,84.82,EUR/MWh,DK2,DK_2,day_ahead_price,value,2026-07-25T10:50:28Z
2026-07-25T10:47:05Z,2026-07-25T12:47:05+0200,8f98f9ca-4a78-47a6-8878-9b0cbde920eb,2026-07-07T08:15:00Z,2026-07-07T10:15:00+0200,57.39,EUR/MWh,DK2,DK_2,day_ahead_price,value,2026-07-25T10:50:28Z
2026-07-25T10:47:05Z,2026-07-25T12:47:05+0200,8f98f9ca-4a78-47a6-8878-9b0cbde920eb,2026-07-07T08:30:00Z,2026-07-07T10:30:00+0200,35.47,EUR/MWh,DK2,DK_2,day_ahead_price,value,2026-07-25T10:50:28Z
2026-07-25T10:47:05Z,2026-07-25T12:47:05+0200,8f98f9ca-4a78-47a6-8878-9b0cbde920eb,2026-07-07T08:45:00Z,2026-07-07T10:45:00+0200,7.58,EUR/MWh,DK2,DK_2,day_ahead_price,value,2026-07-25T10:50:28Z
2026-07-25T10:47:05Z,2026-07-25T12:47:05+0200,8f98f9ca-4a78-47a6-8878-9b0cbde920eb,2026-07-07T09:00:00Z,2026-07-07T11:00:00+0200,22.71,EUR/MWh,DK2,DK_2,day_ahead_price,value,2026-07-25T10:50:28Z
2026-07-25T10:47:05Z,2026-07-25T12:47:05+0200,8f98f9ca-4a78-47a6-8878-9b0cbde920eb,2026-07-07T09:15:00Z,2026-07-07T11:15:00+0200,4.97,EUR/MWh,DK2,DK_2,day_ahead_price,value,2026-07-25T10:50:28Z
2026-07-25T10:47:05Z,2026-07-25T12:47:05+0200,8f98f9ca-4a78-47a6-8878-9b0cbde920eb,2026-07-07T09:30:00Z,2026-07-07T11:30:00+0200,4.95,EUR/MWh,DK2,DK_2,day_ahead_price,value,2026-07-25T10:50:28Z
2026-07-25T10:47:05Z,2026-07-25T12:47:05+0200,8f98f9ca-4a78-47a6-8878-9b0cbde920eb,2026-07-07T09:45:00Z,2026-07-07T11:45:00+0200,4.95,EUR/MWh,DK2,DK_2,day_ahead_price,value,2026-07-25T10:50:28Z
2026-07-25T10:47:05Z,2026-07-25T12:47:05+0200,8f98f9ca-4a78-47a6-8878-9b0cbde920eb,2026-07-07T10:00:00Z,2026-07-07T12:00:00+0200,4.99,EUR/MWh,DK2,DK_2,day_ahead_price,value,2026-07-25T10:50:28Z
2026-07-25T10:47:05Z,2026-07-25T12:47:05+0200,8f98f9ca-4a78-47a6-8878-9b0cbde920eb,2026-07-07T10:15:00Z,2026-07-07T12:15:00+0200,5.01,EUR/MWh,DK2,DK_2,day_ahead_price,value,2026-07-25T10:50:28Z
2026-07-25T10:47:05Z,2026-07-25T12:47:05+0200,8f98f9ca-4a78-47a6-8878-9b0cbde920eb,2026-07-07T10:30:00Z,2026-07-07T12:30:00+0200,4.99,EUR/MWh,DK2,DK_2,day_ahead_price,value,2026-07-25T10:50:28Z
2026-07-25T10:47:05Z,2026-07-25T12:47:05+0200,8f98f9ca-4a78-47a6-8878-9b0cbde920eb,2026-07-07T10:45:00Z,2026-07-07T12:45:00+0200,6.69,EUR/MWh,DK2,DK_2,day_ahead_price,value,2026-07-25T10:50:28Z
2026-07-25T10:47:05Z,2026-07-25T12:47:05+0200,8f98f9ca-4a78-47a6-8878-9b0cbde920eb,2026-07-07T11:00:00Z,2026-07-07T13:00:00+0200,4.95,EUR/MWh,DK2,DK_2,day_ahead_price,value,2026-07-25T10:50:28Z
2026-07-25T10:47:05Z,2026-07-25T12:47:05+0200,8f98f9ca-4a78-47a6-8878-9b0cbde920eb,2026-07-07T11:15:00Z,2026-07-07T13:15:00+0200,4.95,EUR/MWh,DK2,DK_2,day_ahead_price,value,2026-07-25T10:50:28Z
2026-07-25T10:47:05Z,2026-07-25T12:47:05+0200,8f98f9ca-4a78-47a6-8878-9b0cbde920eb,2026-07-07T11:30:00Z,2026-07-07T13:30:00+0200,4.95,EUR/MWh,DK2,DK_2,day_ahead_price,value,2026-07-25T10:50:28Z
2026-07-25T10:47:05Z,2026-07-25T12:47:05+0200,8f98f9ca-4a78-47a6-8878-9b0cbde920eb,2026-07-07T11:45:00Z,2026-07-07T13:45:00+0200,4.97,EUR/MWh,DK2,DK_2,day_ahead_price,value,2026-07-25T10:50:28Z
2026-07-25T10:47:05Z,2026-07-25T12:47:05+0200,8f98f9ca-4a78-47a6-8878-9b0cbde920eb,2026-07-07T12:00:00Z,2026-07-07T14:00:00+0200,4.96,EUR/MWh,DK2,DK_2,day_ahead_price,value,2026-07-25T10:50:28Z
2026-07-25T10:47:05Z,2026-07-25T12:47:05+0200,8f98f9ca-4a78-47a6-8878-9b0cbde920eb,2026-07-07T12:15:00Z,2026-07-07T14:15:00+0200,4.95,EUR/MWh,DK2,DK_2,day_ahead_price,value,2026-07-25T10:50:28Z
2026-07-25T10:47:05Z,2026-07-25T12:47:05+0200,8f98f9ca-4a78-47a6-8878-9b0cbde920eb,2026-07-07T12:30:00Z,2026-07-07T14:30:00+0200,4.95,EUR/MWh,DK2,DK_2,day_ahead_price,value,2026-07-25T10:50:28Z
2026-07-25T10:47:05Z,2026-07-25T12:47:05+0200,8f98f9ca-4a78-47a6-8878-9b0cbde920eb,2026-07-07T12:45:00Z,2026-07-07T14:45:00+0200,4.95,EUR/MWh,DK2,DK_2,day_ahead_price,value,2026-07-25T10:50:28Z
2026-07-25T10:47:05Z,2026-07-25T12:47:05+0200,8f98f9ca-4a78-47a6-8878-9b0cbde920eb,2026-07-07T13:00:00Z,2026-07-07T15:00:00+0200,4.91,EUR/MWh,DK2,DK_2,day_ahead_price,value,2026-07-25T10:50:28Z
2026-07-25T10:47:05Z,2026-07-25T12:47:05+0200,8f98f9ca-4a78-47a6-8878-9b0cbde920eb,2026-07-07T13:15:00Z,2026-07-07T15:15:00+0200,4.68,EUR/MWh,DK2,DK_2,day_ahead_price,value,2026-07-25T10:50:28Z
2026-07-25T10:47:05Z,2026-07-25T12:47:05+0200,8f98f9ca-4a78-47a6-8878-9b0cbde920eb,2026-07-07T13:30:00Z,2026-07-07T15:30:00+0200,3.99,EUR/MWh,DK2,DK_2,day_ahead_price,value,2026-07-25T10:50:28Z
2026-07-25T10:47:05Z,2026-07-25T12:47:05+0200,8f98f9ca-4a78-47a6-8878-9b0cbde920eb,2026-07-07T13:45:00Z,2026-07-07T15:45:00+0200,4.15,EUR/MWh,DK2,DK_2,day_ahead_price,value,2026-07-25T10:50:28Z
2026-07-25T10:47:05Z,2026-07-25T12:47:05+0200,8f98f9ca-4a78-47a6-8878-9b0cbde920eb,2026-07-07T14:00:00Z,2026-07-07T16:00:00+0200,24.52,EUR/MWh,DK2,DK_2,day_ahead_price,value,2026-07-25T10:50:28Z
2026-07-25T10:47:05Z,2026-07-25T12:47:05+0200,8f98f9ca-4a78-47a6-8878-9b0cbde920eb,2026-07-07T14:15:00Z,2026-07-07T16:15:00+0200,34.65,EUR/MWh,DK2,DK_2,day_ahead_price,value,2026-07-25T10:50:28Z
2026-07-25T10:47:05Z,2026-07-25T12:47:05+0200,8f98f9ca-4a78-47a6-8878-9b0cbde920eb,2026-07-07T14:30:00Z,2026-07-07T16:30:00+0200,29.21,EUR/MWh,DK2,DK_2,day_ahead_price,value,2026-07-25T10:50:28Z
2026-07-25T10:47:05Z,2026-07-25T12:47:05+0200,8f98f9ca-4a78-47a6-8878-9b0cbde920eb,2026-07-07T14:45:00Z,2026-07-07T16:45:00+0200,26.82,EUR/MWh,DK2,DK_2,day_ahead_price,value,2026-07-25T10:50:28Z
2026-07-25T10:47:05Z,2026-07-25T12:47:05+0200,8f98f9ca-4a78-47a6-8878-9b0cbde920eb,2026-07-07T15:00:00Z,2026-07-07T17:00:00+0200,23.290001,EUR/MWh,DK2,DK_2,day_ahead_price,value,2026-07-25T10:50:28Z
2026-07-25T10:47:05Z,2026-07-25T12:47:05+0200,8f98f9ca-4a78-47a6-8878-9b0cbde920eb,2026-07-07T15:15:00Z,2026-07-07T17:15:00+0200,25.89,EUR/MWh,DK2,DK_2,day_ahead_price,value,2026-07-25T10:50:28Z
2026-07-25T10:47:05Z,2026-07-25T12:47:05+0200,8f98f9ca-4a78-47a6-8878-9b0cbde920eb,2026-07-07T15:30:00Z,2026-07-07T17:30:00+0200,20.97,EUR/MWh,DK2,DK_2,day_ahead_price,value,2026-07-25T10:50:28Z
2026-07-25T10:47:05Z,2026-07-25T12:47:05+0200,8f98f9ca-4a78-47a6-8878-9b0cbde920eb,2026-07-07T15:45:00Z,2026-07-07T17:45:00+0200,21.370001,EUR/MWh,DK2,DK_2,day_ahead_price,value,2026-07-25T10:50:28Z
2026-07-25T10:47:05Z,2026-07-25T12:47:05+0200,8f98f9ca-4a78-47a6-8878-9b0cbde920eb,2026-07-07T16:00:00Z,2026-07-07T18:00:00+0200,15.8,EUR/MWh,DK2,DK_2,day_ahead_price,value,2026-07-25T10:50:28Z
2026-07-25T10:47:05Z,2026-07-25T12:47:05+0200,8f98f9ca-4a78-47a6-8878-9b0cbde920eb,2026-07-07T16:15:00Z,2026-07-07T18:15:00+0200,45.610001,EUR/MWh,DK2,DK_2,day_ahead_price,value,2026-07-25T10:50:28Z
2026-07-25T10:47:05Z,2026-07-25T12:47:05+0200,8f98f9ca-4a78-47a6-8878-9b0cbde920eb,2026-07-07T16:30:00Z,2026-07-07T18:30:00+0200,63.01,EUR/MWh,DK2,DK_2,day_ahead_price,value,2026-07-25T10:50:28Z
2026-07-25T10:47:05Z,2026-07-25T12:47:05+0200,8f98f9ca-4a78-47a6-8878-9b0cbde920eb,2026-07-07T16:45:00Z,2026-07-07T18:45:00+0200,80.07,EUR/MWh,DK2,DK_2,day_ahead_price,value,2026-07-25T10:50:28Z
2026-07-25T10:47:05Z,2026-07-25T12:47:05+0200,8f98f9ca-4a78-47a6-8878-9b0cbde920eb,2026-07-07T17:00:00Z,2026-07-07T19:00:00+0200,68.760002,EUR/MWh,DK2,DK_2,day_ahead_price,value,2026-07-25T10:50:28Z
2026-07-25T10:47:05Z,2026-07-25T12:47:05+0200,8f98f9ca-4a78-47a6-8878-9b0cbde920eb,2026-07-07T17:15:00Z,2026-07-07T19:15:00+0200,82.269997,EUR/MWh,DK2,DK_2,day_ahead_price,value,2026-07-25T10:50:28Z
2026-07-25T10:47:05Z,2026-07-25T12:47:05+0200,8f98f9ca-4a78-47a6-8878-9b0cbde920eb,2026-07-07T17:30:00Z,2026-07-07T19:30:00+0200,88.900002,EUR/MWh,DK2,DK_2,day_ahead_price,value,2026-07-25T10:50:28Z
2026-07-25T10:47:05Z,2026-07-25T12:47:05+0200,8f98f9ca-4a78-47a6-8878-9b0cbde920eb,2026-07-07T17:45:00Z,2026-07-07T19:45:00+0200,100.540001,EUR/MWh,DK2,DK_2,day_ahead_price,value,2026-07-25T10:50:28Z
2026-07-25T10:47:05Z,2026-07-25T12:47:05+0200,8f98f9ca-4a78-47a6-8878-9b0cbde920eb,2026-07-07T18:00:00Z,2026-07-07T20:00:00+0200,94.73,EUR/MWh,DK2,DK_2,day_ahead_price,value,2026-07-25T10:50:28Z
2026-07-25T10:47:05Z,2026-07-25T12:47:05+0200,8f98f9ca-4a78-47a6-8878-9b0cbde920eb,2026-07-07T18:15:00Z,2026-07-07T20:15:00+0200,94.470001,EUR/MWh,DK2,DK_2,day_ahead_price,value,2026-07-25T10:50:28Z
2026-07-25T10:47:05Z,2026-07-25T12:47:05+0200,8f98f9ca-4a78-47a6-8878-9b0cbde920eb,2026-07-07T18:30:00Z,2026-07-07T20:30:00+0200,101.279999,EUR/MWh,DK2,DK_2,day_ahead_price,value,2026-07-25T10:50:28Z
2026-07-25T10:47:05Z,2026-07-25T12:47:05+0200,8f98f9ca-4a78-47a6-8878-9b0cbde920eb,2026-07-07T18:45:00Z,2026-07-07T20:45:00+0200,98.47,EUR/MWh,DK2,DK_2,day_ahead_price,value,2026-07-25T10:50:28Z
2026-07-25T10:47:05Z,2026-07-25T12:47:05+0200,8f98f9ca-4a78-47a6-8878-9b0cbde920eb,2026-07-07T19:00:00Z,2026-07-07T21:00:00+0200,98.6,EUR/MWh,DK2,DK_2,day_ahead_price,value,2026-07-25T10:50:28Z
2026-07-25T10:47:05Z,2026-07-25T12:47:05+0200,8f98f9ca-4a78-47a6-8878-9b0cbde920eb,2026-07-07T19:15:00Z,2026-07-07T21:15:00+0200,96.46,EUR/MWh,DK2,DK_2,day_ahead_price,value,2026-07-25T10:50:28Z
2026-07-25T10:47:05Z,2026-07-25T12:47:05+0200,8f98f9ca-4a78-47a6-8878-9b0cbde920eb,2026-07-07T19:30:00Z,2026-07-07T21:30:00+0200,96.910004,EUR/MWh,DK2,DK_2,day_ahead_price,value,2026-07-25T10:50:28Z
2026-07-25T10:47:05Z,2026-07-25T12:47:05+0200,8f98f9ca-4a78-47a6-8878-9b0cbde920eb,2026-07-07T19:45:00Z,2026-07-07T21:45:00+0200,102.17,EUR/MWh,DK2,DK_2,day_ahead_price,value,2026-07-25T10:50:28Z
2026-07-25T10:47:05Z,2026-07-25T12:47:05+0200,8f98f9ca-4a78-47a6-8878-9b0cbde920eb,2026-07-07T20:00:00Z,2026-07-07T22:00:00+0200,101.230003,EUR/MWh,DK2,DK_2,day_ahead_price,value,2026-07-25T10:50:28Z
2026-07-25T10:47:05Z,2026-07-25T12:47:05+0200,8f98f9ca-4a78-47a6-8878-9b0cbde920eb,2026-07-07T20:15:00Z,2026-07-07T22:15:00+0200,97.760002,EUR/MWh,DK2,DK_2,day_ahead_price,value,2026-07-25T10:50:28Z
2026-07-25T10:47:05Z,2026-07-25T12:47:05+0200,8f98f9ca-4a78-47a6-8878-9b0cbde920eb,2026-07-07T20:30:00Z,2026-07-07T22:30:00+0200,88.620003,EUR/MWh,DK2,DK_2,day_ahead_price,value,2026-07-25T10:50:28Z
2026-07-25T10:47:05Z,2026-07-25T12:47:05+0200,8f98f9ca-4a78-47a6-8878-9b0cbde920eb,2026-07-07T20:45:00Z,2026-07-07T22:45:00+0200,86.75,EUR/MWh,DK2,DK_2,day_ahead_price,value,2026-07-25T10:50:28Z
2026-07-25T10:47:05Z,2026-07-25T12:47:05+0200,8f98f9ca-4a78-47a6-8878-9b0cbde920eb,2026-07-07T21:00:00Z,2026-07-07T23:00:00+0200,88.84,EUR/MWh,DK2,DK_2,day_ahead_price,value,2026-07-25T10:50:28Z
2026-07-25T10:47:05Z,2026-07-25T12:47:05+0200,8f98f9ca-4a78-47a6-8878-9b0cbde920eb,2026-07-07T21:15:00Z,2026-07-07T23:15:00+0200,86.669998,EUR/MWh,DK2,DK_2,day_ahead_price,value,2026-07-25T10:50:28Z
2026-07-25T10:47:05Z,2026-07-25T12:47:05+0200,8f98f9ca-4a78-47a6-8878-9b0cbde920eb,2026-07-07T21:30:00Z,2026-07-07T23:30:00+0200,86.3,EUR/MWh,DK2,DK_2,day_ahead_price,value,2026-07-25T10:50:28Z
2026-07-25T10:47:05Z,2026-07-25T12:47:05+0200,8f98f9ca-4a78-47a6-8878-9b0cbde920eb,2026-07-07T21:45:00Z,2026-07-07T23:45:00+0200,86.639999,EUR/MWh,DK2,DK_2,day_ahead_price,value,2026-07-25T10:50:28Z
2026-07-25T10:47:05Z,2026-07-25T12:47:05+0200,8f98f9ca-4a78-47a6-8878-9b0cbde920eb,2026-07-07T22:00:00Z,2026-07-08T00:00:00+0200,113.56,EUR/MWh,DK2,DK_2,day_ahead_price,value,2026-07-25T10:50:28Z
2026-07-25T10:47:05Z,2026-07-25T12:47:05+0200,8f98f9ca-4a78-47a6-8878-9b0cbde920eb,2026-07-07T22:15:00Z,2026-07-08T00:15:00+0200,102.449997,EUR/MWh,DK2,DK_2,day_ahead_price,value,2026-07-25T10:50:28Z
2026-07-25T10:47:05Z,2026-07-25T12:47:05+0200,8f98f9ca-4a78-47a6-8878-9b0cbde920eb,2026-07-07T22:30:00Z,2026-07-08T00:30:00+0200,105.800003,EUR/MWh,DK2,DK_2,day_ahead_price,value,2026-07-25T10:50:28Z
2026-07-25T10:47:05Z,2026-07-25T12:47:05+0200,8f98f9ca-4a78-47a6-8878-9b0cbde920eb,2026-07-07T22:45:00Z,2026-07-08T00:45:00+0200,105.87,EUR/MWh,DK2,DK_2,day_ahead_price,value,2026-07-25T10:50:28Z
2026-07-25T10:47:05Z,2026-07-25T12:47:05+0200,8f98f9ca-4a78-47a6-8878-9b0cbde920eb,2026-07-07T23:00:00Z,2026-07-08T01:00:00+0200,100.5,EUR/MWh,DK2,DK_2,day_ahead_price,value,2026-07-25T10:50:28Z
2026-07-25T10:47:05Z,2026-07-25T12:47:05+0200,8f98f9ca-4a78-47a6-8878-9b0cbde920eb,2026-07-07T23:15:00Z,2026-07-08T01:15:00+0200,104.470001,EUR/MWh,DK2,DK_2,day_ahead_price,value,2026-07-25T10:50:28Z
2026-07-25T10:47:05Z,2026-07-25T12:47:05+0200,8f98f9ca-4a78-47a6-8878-9b0cbde920eb,2026-07-07T23:30:00Z,2026-07-08T01:30:00+0200,102.91,EUR/MWh,DK2,DK_2,day_ahead_price,value,2026-07-25T10:50:28Z
2026-07-25T10:47:05Z,2026-07-25T12:47:05+0200,8f98f9ca-4a78-47a6-8878-9b0cbde920eb,2026-07-07T23:45:00Z,2026-07-08T01:45:00+0200,107.05,EUR/MWh,DK2,DK_2,day_ahead_price,value,2026-07-25T10:50:28Z
2026-07-25T10:47:05Z,2026-07-25T12:47:05+0200,8f98f9ca-4a78-47a6-8878-9b0cbde920eb,2026-07-08T00:00:00Z,2026-07-08T02:00:00+0200,100.3,EUR/MWh,DK2,DK_2,day_ahead_price,value,2026-07-25T10:50:28Z
2026-07-25T10:47:05Z,2026-07-25T12:47:05+0200,8f98f9ca-4a78-47a6-8878-9b0cbde920eb,2026-07-08T00:15:00Z,2026-07-08T02:15:00+0200,101.3,EUR/MWh,DK2,DK_2,day_ahead_price,value,2026-07-25T10:50:28Z
2026-07-25T10:47:05Z,2026-07-25T12:47:05+0200,8f98f9ca-4a78-47a6-8878-9b0cbde920eb,2026-07-08T00:30:00Z,2026-07-08T02:30:00+0200,101.51,EUR/MWh,DK2,DK_2,day_ahead_price,value,2026-07-25T10:50:28Z
2026-07-25T10:47:05Z,2026-07-25T12:47:05+0200,8f98f9ca-4a78-47a6-8878-9b0cbde920eb,2026-07-08T00:45:00Z,2026-07-08T02:45:00+0200,104.220001,EUR/MWh,DK2,DK_2,day_ahead_price,value,2026-07-25T10:50:28Z
2026-07-25T10:47:05Z,2026-07-25T12:47:05+0200,8f98f9ca-4a78-47a6-8878-9b0cbde920eb,2026-07-08T01:00:00Z,2026-07-08T03:00:00+0200,104.58,EUR/MWh,DK2,DK_2,day_ahead_price,value,2026-07-25T10:50:28Z
2026-07-25T10:47:05Z,2026-07-25T12:47:05+0200,8f98f9ca-4a78-47a6-8878-9b0cbde920eb,2026-07-08T01:15:00Z,2026-07-08T03:15:00+0200,104.07,EUR/MWh,DK2,DK_2,day_ahead_price,value,2026-07-25T10:50:28Z
2026-07-25T10:47:05Z,2026-07-25T12:47:05+0200,8f98f9ca-4a78-47a6-8878-9b0cbde920eb,2026-07-08T01:30:00Z,2026-07-08T03:30:00+0200,102.93,EUR/MWh,DK2,DK_2,day_ahead_price,value,2026-07-25T10:50:28Z
2026-07-25T10:47:05Z,2026-07-25T12:47:05+0200,8f98f9ca-4a78-47a6-8878-9b0cbde920eb,2026-07-08T01:45:00Z,2026-07-08T03:45:00+0200,106.639999,EUR/MWh,DK2,DK_2,day_ahead_price,value,2026-07-25T10:50:28Z
2026-07-25T10:47:05Z,2026-07-25T12:47:05+0200,8f98f9ca-4a78-47a6-8878-9b0cbde920eb,2026-07-08T02:00:00Z,2026-07-08T04:00:00+0200,106.730003,EUR/MWh,DK2,DK_2,day_ahead_price,value,2026-07-25T10:50:28Z
2026-07-25T10:47:05Z,2026-07-25T12:47:05+0200,8f98f9ca-4a78-47a6-8878-9b0cbde920eb,2026-07-08T02:15:00Z,2026-07-08T04:15:00+0200,109.25,EUR/MWh,DK2,DK_2,day_ahead_price,value,2026-07-25T10:50:28Z
2026-07-25T10:47:05Z,2026-07-25T12:47:05+0200,8f98f9ca-4a78-47a6-8878-9b0cbde920eb,2026-07-08T02:30:00Z,2026-07-08T04:30:00+0200,110.0,EUR/MWh,DK2,DK_2,day_ahead_price,value,2026-07-25T10:50:28Z
2026-07-25T10:47:05Z,2026-07-25T12:47:05+0200,8f98f9ca-4a78-47a6-8878-9b0cbde920eb,2026-07-08T02:45:00Z,2026-07-08T04:45:00+0200,106.830002,EUR/MWh,DK2,DK_2,day_ahead_price,value,2026-07-25T10:50:28Z
2026-07-25T10:47:05Z,2026-07-25T12:47:05+0200,8f98f9ca-4a78-47a6-8878-9b0cbde920eb,2026-07-08T03:00:00Z,2026-07-08T05:00:00+0200,108.550003,EUR/MWh,DK2,DK_2,day_ahead_price,value,2026-07-25T10:50:28Z
2026-07-25T10:47:05Z,2026-07-25T12:47:05+0200,8f98f9ca-4a78-47a6-8878-9b0cbde920eb,2026-07-08T03:15:00Z,2026-07-08T05:15:00+0200,109.269997,EUR/MWh,DK2,DK_2,day_ahead_price,value,2026-07-25T10:50:28Z
2026-07-25T10:47:05Z,2026-07-25T12:47:05+0200,8f98f9ca-4a78-47a6-8878-9b0cbde920eb,2026-07-08T03:30:00Z,2026-07-08T05:30:00+0200,107.33,EUR/MWh,DK2,DK_2,day_ahead_price,value,2026-07-25T10:50:28Z
2026-07-25T10:47:05Z,2026-07-25T12:47:05+0200,8f98f9ca-4a78-47a6-8878-9b0cbde920eb,2026-07-08T03:45:00Z,2026-07-08T05:45:00+0200,104.540001,EUR/MWh,DK2,DK_2,day_ahead_price,value,2026-07-25T10:50:28Z
2026-07-25T10:47:05Z,2026-07-25T12:47:05+0200,8f98f9ca-4a78-47a6-8878-9b0cbde920eb,2026-07-08T04:00:00Z,2026-07-08T06:00:00+0200,119.75,EUR/MWh,DK2,DK_2,day_ahead_price,value,2026-07-25T10:50:28Z
2026-07-25T10:47:05Z,2026-07-25T12:47:05+0200,8f98f9ca-4a78-47a6-8878-9b0cbde920eb,2026-07-08T04:15:00Z,2026-07-08T06:15:00+0200,116.449997,EUR/MWh,DK2,DK_2,day_ahead_price,value,2026-07-25T10:50:28Z
2026-07-25T10:47:05Z,2026-07-25T12:47:05+0200,8f98f9ca-4a78-47a6-8878-9b0cbde920eb,2026-07-08T04:30:00Z,2026-07-08T06:30:00+0200,116.269997,EUR/MWh,DK2,DK_2,day_ahead_price,value,2026-07-25T10:50:28Z
2026-07-25T10:47:05Z,2026-07-25T12:47:05+0200,8f98f9ca-4a78-47a6-8878-9b0cbde920eb,2026-07-08T04:45:00Z,2026-07-08T06:45:00+0200,109.81,EUR/MWh,DK2,DK_2,day_ahead_price,value,2026-07-25T10:50:28Z
2026-07-25T10:47:05Z,2026-07-25T12:47:05+0200,8f98f9ca-4a78-47a6-8878-9b0cbde920eb,2026-07-08T05:00:00Z,2026-07-08T07:00:00+0200,118.139999,EUR/MWh,DK2,DK_2,day_ahead_price,value,2026-07-25T10:50:28Z
2026-07-25T10:47:05Z,2026-07-25T12:47:05+0200,8f98f9ca-4a78-47a6-8878-9b0cbde920eb,2026-07-08T05:15:00Z,2026-07-08T07:15:00+0200,118.32,EUR/MWh,DK2,DK_2,day_ahead_price,value,2026-07-25T10:50:28Z
2026-07-25T10:47:05Z,2026-07-25T12:47:05+0200,8f98f9ca-4a78-47a6-8878-9b0cbde920eb,2026-07-08T05:30:00Z,2026-07-08T07:30:00+0200,112.18,EUR/MWh,DK2,DK_2,day_ahead_price,value,2026-07-25T10:50:28Z
2026-07-25T10:47:05Z,2026-07-25T12:47:05+0200,8f98f9ca-4a78-47a6-8878-9b0cbde920eb,2026-07-08T05:45:00Z,2026-07-08T07:45:00+0200,109.69,EUR/MWh,DK2,DK_2,day_ahead_price,value,2026-07-25T10:50:28Z
2026-07-25T10:47:05Z,2026-07-25T12:47:05+0200,8f98f9ca-4a78-47a6-8878-9b0cbde920eb,2026-07-08T06:00:00Z,2026-07-08T08:00:00+0200,111.94,EUR/MWh,DK2,DK_2,day_ahead_price,value,2026-07-25T10:50:28Z
2026-07-25T10:47:05Z,2026-07-25T12:47:05+0200,8f98f9ca-4a78-47a6-8878-9b0cbde920eb,2026-07-08T06:15:00Z,2026-07-08T08:15:00+0200,105.14,EUR/MWh,DK2,DK_2,day_ahead_price,value,2026-07-25T10:50:28Z
2026-07-25T10:47:05Z,2026-07-25T12:47:05+0200,8f98f9ca-4a78-47a6-8878-9b0cbde920eb,2026-07-08T06:30:00Z,2026-07-08T08:30:00+0200,101.45,EUR/MWh,DK2,DK_2,day_ahead_price,value,2026-07-25T10:50:28Z
2026-07-25T10:47:05Z,2026-07-25T12:47:05+0200,8f98f9ca-4a78-47a6-8878-9b0cbde920eb,2026-07-08T06:45:00Z,2026-07-08T08:45:00+0200,95.93,EUR/MWh,DK2,DK_2,day_ahead_price,value,2026-07-25T10:50:28Z
2026-07-25T10:47:05Z,2026-07-25T12:47:05+0200,8f98f9ca-4a78-47a6-8878-9b0cbde920eb,2026-07-08T07:00:00Z,2026-07-08T09:00:00+0200,103.22,EUR/MWh,DK2,DK_2,day_ahead_price,value,2026-07-25T10:50:28Z
2026-07-25T10:47:05Z,2026-07-25T12:47:05+0200,8f98f9ca-4a78-47a6-8878-9b0cbde920eb,2026-07-08T07:15:00Z,2026-07-08T09:15:00+0200,93.06,EUR/MWh,DK2,DK_2,day_ahead_price,value,2026-07-25T10:50:28Z
2026-07-25T10:47:05Z,2026-07-25T12:47:05+0200,8f98f9ca-4a78-47a6-8878-9b0cbde920eb,2026-07-08T07:30:00Z,2026-07-08T09:30:00+0200,81.05,EUR/MWh,DK2,DK_2,day_ahead_price,value,2026-07-25T10:50:28Z
2026-07-25T10:47:05Z,2026-07-25T12:47:05+0200,8f98f9ca-4a78-47a6-8878-9b0cbde920eb,2026-07-08T07:45:00Z,2026-07-08T09:45:00+0200,70.610001,EUR/MWh,DK2,DK_2,day_ahead_price,value,2026-07-25T10:50:28Z
2026-07-25T10:47:05Z,2026-07-25T12:47:05+0200,8f98f9ca-4a78-47a6-8878-9b0cbde920eb,2026-07-08T08:00:00Z,2026-07-08T10:00:00+0200,78.639999,EUR/MWh,DK2,DK_2,day_ahead_price,value,2026-07-25T10:50:28Z
2026-07-25T10:47:05Z,2026-07-25T12:47:05+0200,8f98f9ca-4a78-47a6-8878-9b0cbde920eb,2026-07-08T08:15:00Z,2026-07-08T10:15:00+0200,71.65,EUR/MWh,DK2,DK_2,day_ahead_price,value,2026-07-25T10:50:28Z
2026-07-25T10:47:05Z,2026-07-25T12:47:05+0200,8f98f9ca-4a78-47a6-8878-9b0cbde920eb,2026-07-08T08:30:00Z,2026-07-08T10:30:00+0200,72.129997,EUR/MWh,DK2,DK_2,day_ahead_price,value,2026-07-25T10:50:28Z
2026-07-25T10:47:05Z,2026-07-25T12:47:05+0200,8f98f9ca-4a78-47a6-8878-9b0cbde920eb,2026-07-08T08:45:00Z,2026-07-08T10:45:00+0200,64.33,EUR/MWh,DK2,DK_2,day_ahead_price,value,2026-07-25T10:50:28Z
2026-07-25T10:47:05Z,2026-07-25T12:47:05+0200,8f98f9ca-4a78-47a6-8878-9b0cbde920eb,2026-07-08T09:00:00Z,2026-07-08T11:00:00+0200,77.29,EUR/MWh,DK2,DK_2,day_ahead_price,value,2026-07-25T10:50:28Z
2026-07-25T10:47:05Z,2026-07-25T12:47:05+0200,8f98f9ca-4a78-47a6-8878-9b0cbde920eb,2026-07-08T09:15:00Z,2026-07-08T11:15:00+0200,67.82,EUR/MWh,DK2,DK_2,day_ahead_price,value,2026-07-25T10:50:28Z
2026-07-25T10:47:05Z,2026-07-25T12:47:05+0200,8f98f9ca-4a78-47a6-8878-9b0cbde920eb,2026-07-08T09:30:00Z,2026-07-08T11:30:00+0200,64.57,EUR/MWh,DK2,DK_2,day_ahead_price,value,2026-07-25T10:50:28Z
2026-07-25T10:47:05Z,2026-07-25T12:47:05+0200,8f98f9ca-4a78-47a6-8878-9b0cbde920eb,2026-07-08T09:45:00Z,2026-07-08T11:45:00+0200,50.220001,EUR/MWh,DK2,DK_2,day_ahead_price,value,2026-07-25T10:50:28Z
2026-07-25T10:47:05Z,2026-07-25T12:47:05+0200,8f98f9ca-4a78-47a6-8878-9b0cbde920eb,2026-07-08T10:00:00Z,2026-07-08T12:00:00+0200,51.86,EUR/MWh,DK2,DK_2,day_ahead_price,value,2026-07-25T10:50:28Z
2026-07-25T10:47:05Z,2026-07-25T12:47:05+0200,8f98f9ca-4a78-47a6-8878-9b0cbde920eb,2026-07-08T10:15:00Z,2026-07-08T12:15:00+0200,52.66,EUR/MWh,DK2,DK_2,day_ahead_price,value,2026-07-25T10:50:28Z
2026-07-25T10:47:05Z,2026-07-25T12:47:05+0200,8f98f9ca-4a78-47a6-8878-9b0cbde920eb,2026-07-08T10:30:00Z,2026-07-08T12:30:00+0200,43.48,EUR/MWh,DK2,DK_2,day_ahead_price,value,2026-07-25T10:50:28Z
2026-07-25T10:47:05Z,2026-07-25T12:47:05+0200,8f98f9ca-4a78-47a6-8878-9b0cbde920eb,2026-07-08T10:45:00Z,2026-07-08T12:45:00+0200,33.9,EUR/MWh,DK2,DK_2,day_ahead_price,value,2026-07-25T10:50:28Z
2026-07-25T10:47:05Z,2026-07-25T12:47:05+0200,8f98f9ca-4a78-47a6-8878-9b0cbde920eb,2026-07-08T11:00:00Z,2026-07-08T13:00:00+0200,30.81,EUR/MWh,DK2,DK_2,day_ahead_price,value,2026-07-25T10:50:28Z
2026-07-25T10:47:05Z,2026-07-25T12:47:05+0200,8f98f9ca-4a78-47a6-8878-9b0cbde920eb,2026-07-08T11:15:00Z,2026-07-08T13:15:00+0200,18.530001,EUR/MWh,DK2,DK_2,day_ahead_price,value,2026-07-25T10:50:28Z
2026-07-25T10:47:05Z,2026-07-25T12:47:05+0200,8f98f9ca-4a78-47a6-8878-9b0cbde920eb,2026-07-08T11:30:00Z,2026-07-08T13:30:00+0200,13.37,EUR/MWh,DK2,DK_2,day_ahead_price,value,2026-07-25T10:50:28Z
2026-07-25T10:47:05Z,2026-07-25T12:47:05+0200,8f98f9ca-4a78-47a6-8878-9b0cbde920eb,2026-07-08T11:45:00Z,2026-07-08T13:45:00+0200,9.49,EUR/MWh,DK2,DK_2,day_ahead_price,value,2026-07-25T10:50:28Z
2026-07-25T10:47:05Z,2026-07-25T12:47:05+0200,8f98f9ca-4a78-47a6-8878-9b0cbde920eb,2026-07-08T12:00:00Z,2026-07-08T14:00:00+0200,5.88,EUR/MWh,DK2,DK_2,day_ahead_price,value,2026-07-25T10:50:28Z
2026-07-25T10:47:05Z,2026-07-25T12:47:05+0200,8f98f9ca-4a78-47a6-8878-9b0cbde920eb,2026-07-08T12:15:00Z,2026-07-08T14:15:00+0200,6.63,EUR/MWh,DK2,DK_2,day_ahead_price,value,2026-07-25T10:50:28Z
2026-07-25T10:47:05Z,2026-07-25T12:47:05+0200,8f98f9ca-4a78-47a6-8878-9b0cbde920eb,2026-07-08T12:30:00Z,2026-07-08T14:30:00+0200,6.64,EUR/MWh,DK2,DK_2,day_ahead_price,value,2026-07-25T10:50:28Z
2026-07-25T10:47:05Z,2026-07-25T12:47:05+0200,8f98f9ca-4a78-47a6-8878-9b0cbde920eb,2026-07-08T12:45:00Z,2026-07-08T14:45:00+0200,6.7,EUR/MWh,DK2,DK_2,day_ahead_price,value,2026-07-25T10:50:28Z
2026-07-25T10:47:05Z,2026-07-25T12:47:05+0200,8f98f9ca-4a78-47a6-8878-9b0cbde920eb,2026-07-08T13:00:00Z,2026-07-08T15:00:00+0200,4.99,EUR/MWh,DK2,DK_2,day_ahead_price,value,2026-07-25T10:50:28Z
2026-07-25T10:47:05Z,2026-07-25T12:47:05+0200,8f98f9ca-4a78-47a6-8878-9b0cbde920eb,2026-07-08T13:15:00Z,2026-07-08T15:15:00+0200,5.2,EUR/MWh,DK2,DK_2,day_ahead_price,value,2026-07-25T10:50:28Z
2026-07-25T10:47:05Z,2026-07-25T12:47:05+0200,8f98f9ca-4a78-47a6-8878-9b0cbde920eb,2026-07-08T13:30:00Z,2026-07-08T15:30:00+0200,7.4,EUR/MWh,DK2,DK_2,day_ahead_price,value,2026-07-25T10:50:28Z
2026-07-25T10:47:05Z,2026-07-25T12:47:05+0200,8f98f9ca-4a78-47a6-8878-9b0cbde920eb,2026-07-08T13:45:00Z,2026-07-08T15:45:00+0200,22.42,EUR/MWh,DK2,DK_2,day_ahead_price,value,2026-07-25T10:50:28Z
2026-07-25T10:47:05Z,2026-07-25T12:47:05+0200,8f98f9ca-4a78-47a6-8878-9b0cbde920eb,2026-07-08T14:00:00Z,2026-07-08T16:00:00+0200,9.99,EUR/MWh,DK2,DK_2,day_ahead_price,value,2026-07-25T10:50:28Z
2026-07-25T10:47:05Z,2026-07-25T12:47:05+0200,8f98f9ca-4a78-47a6-8878-9b0cbde920eb,2026-07-08T14:15:00Z,2026-07-08T16:15:00+0200,19.18,EUR/MWh,DK2,DK_2,day_ahead_price,value,2026-07-25T10:50:28Z
2026-07-25T10:47:05Z,2026-07-25T12:47:05+0200,8f98f9ca-4a78-47a6-8878-9b0cbde920eb,2026-07-08T14:30:00Z,2026-07-08T16:30:00+0200,48.99,EUR/MWh,DK2,DK_2,day_ahead_price,value,2026-07-25T10:50:28Z
2026-07-25T10:47:05Z,2026-07-25T12:47:05+0200,8f98f9ca-4a78-47a6-8878-9b0cbde920eb,2026-07-08T14:45:00Z,2026-07-08T16:45:00+0200,70.45,EUR/MWh,DK2,DK_2,day_ahead_price,value,2026-07-25T10:50:28Z
2026-07-25T10:47:05Z,2026-07-25T12:47:05+0200,8f98f9ca-4a78-47a6-8878-9b0cbde920eb,2026-07-08T15:00:00Z,2026-07-08T17:00:00+0200,59.810001,EUR/MWh,DK2,DK_2,day_ahead_price,value,2026-07-25T10:50:28Z
2026-07-25T10:47:05Z,2026-07-25T12:47:05+0200,8f98f9ca-4a78-47a6-8878-9b0cbde920eb,2026-07-08T15:15:00Z,2026-07-08T17:15:00+0200,79.110001,EUR/MWh,DK2,DK_2,day_ahead_price,value,2026-07-25T10:50:28Z
2026-07-25T10:47:05Z,2026-07-25T12:47:05+0200,8f98f9ca-4a78-47a6-8878-9b0cbde920eb,2026-07-08T15:30:00Z,2026-07-08T17:30:00+0200,83.85,EUR/MWh,DK2,DK_2,day_ahead_price,value,2026-07-25T10:50:28Z
2026-07-25T10:47:05Z,2026-07-25T12:47:05+0200,8f98f9ca-4a78-47a6-8878-9b0cbde920eb,2026-07-08T15:45:00Z,2026-07-08T17:45:00+0200,87.82,EUR/MWh,DK2,DK_2,day_ahead_price,value,2026-07-25T10:50:28Z
2026-07-25T10:47:05Z,2026-07-25T12:47:05+0200,8f98f9ca-4a78-47a6-8878-9b0cbde920eb,2026-07-08T16:00:00Z,2026-07-08T18:00:00+0200,83.69,EUR/MWh,DK2,DK_2,day_ahead_price,value,2026-07-25T10:50:28Z
2026-07-25T10:47:05Z,2026-07-25T12:47:05+0200,8f98f9ca-4a78-47a6-8878-9b0cbde920eb,2026-07-08T16:15:00Z,2026-07-08T18:15:00+0200,90.81,EUR/MWh,DK2,DK_2,day_ahead_price,value,2026-07-25T10:50:28Z
2026-07-25T10:47:05Z,2026-07-25T12:47:05+0200,8f98f9ca-4a78-47a6-8878-9b0cbde920eb,2026-07-08T16:30:00Z,2026-07-08T18:30:00+0200,112.949997,EUR/MWh,DK2,DK_2,day_ahead_price,value,2026-07-25T10:50:28Z
2026-07-25T10:47:05Z,2026-07-25T12:47:05+0200,8f98f9ca-4a78-47a6-8878-9b0cbde920eb,2026-07-08T16:45:00Z,2026-07-08T18:45:00+0200,121.57,EUR/MWh,DK2,DK_2,day_ahead_price,value,2026-07-25T10:50:28Z
2026-07-25T10:47:05Z,2026-07-25T12:47:05+0200,8f98f9ca-4a78-47a6-8878-9b0cbde920eb,2026-07-08T17:00:00Z,2026-07-08T19:00:00+0200,122.34,EUR/MWh,DK2,DK_2,day_ahead_price,value,2026-07-25T10:50:28Z
2026-07-25T10:47:05Z,2026-07-25T12:47:05+0200,8f98f9ca-4a78-47a6-8878-9b0cbde920eb,2026-07-08T17:15:00Z,2026-07-08T19:15:00+0200,131.07,EUR/MWh,DK2,DK_2,day_ahead_price,value,2026-07-25T10:50:28Z
2026-07-25T10:47:05Z,2026-07-25T12:47:05+0200,8f98f9ca-4a78-47a6-8878-9b0cbde920eb,2026-07-08T17:30:00Z,2026-07-08T19:30:00+0200,135.190002,EUR/MWh,DK2,DK_2,day_ahead_price,value,2026-07-25T10:50:28Z
2026-07-25T10:47:05Z,2026-07-25T12:47:05+0200,8f98f9ca-4a78-47a6-8878-9b0cbde920eb,2026-07-08T17:45:00Z,2026-07-08T19:45:00+0200,147.009995,EUR/MWh,DK2,DK_2,day_ahead_price,value,2026-07-25T10:50:28Z
2026-07-25T10:47:05Z,2026-07-25T12:47:05+0200,8f98f9ca-4a78-47a6-8878-9b0cbde920eb,2026-07-08T18:00:00Z,2026-07-08T20:00:00+0200,132.820007,EUR/MWh,DK2,DK_2,day_ahead_price,value,2026-07-25T10:50:28Z
2026-07-25T10:47:05Z,2026-07-25T12:47:05+0200,8f98f9ca-4a78-47a6-8878-9b0cbde920eb,2026-07-08T18:15:00Z,2026-07-08T20:15:00+0200,145.820007,EUR/MWh,DK2,DK_2,day_ahead_price,value,2026-07-25T10:50:28Z
2026-07-25T10:47:05Z,2026-07-25T12:47:05+0200,8f98f9ca-4a78-47a6-8878-9b0cbde920eb,2026-07-08T18:30:00Z,2026-07-08T20:30:00+0200,154.77,EUR/MWh,DK2,DK_2,day_ahead_price,value,2026-07-25T10:50:28Z
2026-07-25T10:47:05Z,2026-07-25T12:47:05+0200,8f98f9ca-4a78-47a6-8878-9b0cbde920eb,2026-07-08T18:45:00Z,2026-07-08T20:45:00+0200,168.800003,EUR/MWh,DK2,DK_2,day_ahead_price,value,2026-07-25T10:50:28Z
2026-07-25T10:47:05Z,2026-07-25T12:47:05+0200,8f98f9ca-4a78-47a6-8878-9b0cbde920eb,2026-07-08T19:00:00Z,2026-07-08T21:00:00+0200,160.800003,EUR/MWh,DK2,DK_2,day_ahead_price,value,2026-07-25T10:50:28Z
2026-07-25T10:47:05Z,2026-07-25T12:47:05+0200,8f98f9ca-4a78-47a6-8878-9b0cbde920eb,2026-07-08T19:15:00Z,2026-07-08T21:15:00+0200,161.050003,EUR/MWh,DK2,DK_2,day_ahead_price,value,2026-07-25T10:50:28Z
2026-07-25T10:47:05Z,2026-07-25T12:47:05+0200,8f98f9ca-4a78-47a6-8878-9b0cbde920eb,2026-07-08T19:30:00Z,2026-07-08T21:30:00+0200,163.12,EUR/MWh,DK2,DK_2,day_ahead_price,value,2026-07-25T10:50:28Z
2026-07-25T10:47:05Z,2026-07-25T12:47:05+0200,8f98f9ca-4a78-47a6-8878-9b0cbde920eb,2026-07-08T19:45:00Z,2026-07-08T21:45:00+0200,157.41,EUR/MWh,DK2,DK_2,day_ahead_price,value,2026-07-25T10:50:28Z
2026-07-25T10:47:05Z,2026-07-25T12:47:05+0200,8f98f9ca-4a78-47a6-8878-9b0cbde920eb,2026-07-08T20:00:00Z,2026-07-08T22:00:00+0200,167.119995,EUR/MWh,DK2,DK_2,day_ahead_price,value,2026-07-25T10:50:28Z
2026-07-25T10:47:05Z,2026-07-25T12:47:05+0200,8f98f9ca-4a78-47a6-8878-9b0cbde920eb,2026-07-08T20:15:00Z,2026-07-08T22:15:00+0200,163.160004,EUR/MWh,DK2,DK_2,day_ahead_price,value,2026-07-25T10:50:28Z
2026-07-25T10:47:05Z,2026-07-25T12:47:05+0200,8f98f9ca-4a78-47a6-8878-9b0cbde920eb,2026-07-08T20:30:00Z,2026-07-08T22:30:00+0200,159.179993,EUR/MWh,DK2,DK_2,day_ahead_price,value,2026-07-25T10:50:28Z
2026-07-25T10:47:05Z,2026-07-25T12:47:05+0200,8f98f9ca-4a78-47a6-8878-9b0cbde920eb,2026-07-08T20:45:00Z,2026-07-08T22:45:00+0200,147.100006,EUR/MWh,DK2,DK_2,day_ahead_price,value,2026-07-25T10:50:28Z
2026-07-25T10:47:05Z,2026-07-25T12:47:05+0200,8f98f9ca-4a78-47a6-8878-9b0cbde920eb,2026-07-08T21:00:00Z,2026-07-08T23:00:00+0200,152.95,EUR/MWh,DK2,DK_2,day_ahead_price,value,2026-07-25T10:50:28Z
2026-07-25T10:47:05Z,2026-07-25T12:47:05+0200,8f98f9ca-4a78-47a6-8878-9b0cbde920eb,2026-07-08T21:15:00Z,2026-07-08T23:15:00+0200,144.330002,EUR/MWh,DK2,DK_2,day_ahead_price,value,2026-07-25T10:50:28Z
2026-07-25T10:47:05Z,2026-07-25T12:47:05+0200,8f98f9ca-4a78-47a6-8878-9b0cbde920eb,2026-07-08T21:30:00Z,2026-07-08T23:30:00+0200,143.360001,EUR/MWh,DK2,DK_2,day_ahead_price,value,2026-07-25T10:50:28Z
2026-07-25T10:47:05Z,2026-07-25T12:47:05+0200,8f98f9ca-4a78-47a6-8878-9b0cbde920eb,2026-07-08T21:45:00Z,2026-07-08T23:45:00+0200,137.09,EUR/MWh,DK2,DK_2,day_ahead_price,value,2026-07-25T10:50:28Z
2026-07-25T10:47:05Z,2026-07-25T12:47:05+0200,8f98f9ca-4a78-47a6-8878-9b0cbde920eb,2026-07-08T22:00:00Z,2026-07-09T00:00:00+0200,135.21,EUR/MWh,DK2,DK_2,day_ahead_price,value,2026-07-25T10:50:28Z
2026-07-25T10:47:05Z,2026-07-25T12:47:05+0200,8f98f9ca-4a78-47a6-8878-9b0cbde920eb,2026-07-08T22:15:00Z,2026-07-09T00:15:00+0200,135.75,EUR/MWh,DK2,DK_2,day_ahead_price,value,2026-07-25T10:50:28Z
2026-07-25T10:47:05Z,2026-07-25T12:47:05+0200,8f98f9ca-4a78-47a6-8878-9b0cbde920eb,2026-07-08T22:30:00Z,2026-07-09T00:30:00+0200,134.600006,EUR/MWh,DK2,DK_2,day_ahead_price,value,2026-07-25T10:50:28Z
2026-07-25T10:47:05Z,2026-07-25T12:47:05+0200,8f98f9ca-4a78-47a6-8878-9b0cbde920eb,2026-07-08T22:45:00Z,2026-07-09T00:45:00+0200,130.06,EUR/MWh,DK2,DK_2,day_ahead_price,value,2026-07-25T10:50:28Z
2026-07-25T10:47:05Z,2026-07-25T12:47:05+0200,8f98f9ca-4a78-47a6-8878-9b0cbde920eb,2026-07-08T23:00:00Z,2026-07-09T01:00:00+0200,133.64,EUR/MWh,DK2,DK_2,day_ahead_price,value,2026-07-25T10:50:28Z
2026-07-25T10:47:05Z,2026-07-25T12:47:05+0200,8f98f9ca-4a78-47a6-8878-9b0cbde920eb,2026-07-08T23:15:00Z,2026-07-09T01:15:00+0200,132.88,EUR/MWh,DK2,DK_2,day_ahead_price,value,2026-07-25T10:50:28Z
2026-07-25T10:47:05Z,2026-07-25T12:47:05+0200,8f98f9ca-4a78-47a6-8878-9b0cbde920eb,2026-07-08T23:30:00Z,2026-07-09T01:30:00+0200,130.61,EUR/MWh,DK2,DK_2,day_ahead_price,value,2026-07-25T10:50:28Z
2026-07-25T10:47:05Z,2026-07-25T12:47:05+0200,8f98f9ca-4a78-47a6-8878-9b0cbde920eb,2026-07-08T23:45:00Z,2026-07-09T01:45:00+0200,128.18,EUR/MWh,DK2,DK_2,day_ahead_price,value,2026-07-25T10:50:28Z
2026-07-25T10:47:05Z,2026-07-25T12:47:05+0200,8f98f9ca-4a78-47a6-8878-9b0cbde920eb,2026-07-09T00:00:00Z,2026-07-09T02:00:00+0200,126.04,EUR/MWh,DK2,DK_2,day_ahead_price,value,2026-07-25T10:50:28Z
2026-07-25T10:47:05Z,2026-07-25T12:47:05+0200,8f98f9ca-4a78-47a6-8878-9b0cbde920eb,2026-07-09T00:15:00Z,2026-07-09T02:15:00+0200,125.1,EUR/MWh,DK2,DK_2,day_ahead_price,value,2026-07-25T10:50:28Z
2026-07-25T10:47:05Z,2026-07-25T12:47:05+0200,8f98f9ca-4a78-47a6-8878-9b0cbde920eb,2026-07-09T00:30:00Z,2026-07-09T02:30:00+0200,125.92,EUR/MWh,DK2,DK_2,day_ahead_price,value,2026-07-25T10:50:28Z
2026-07-25T10:47:05Z,2026-07-25T12:47:05+0200,8f98f9ca-4a78-47a6-8878-9b0cbde920eb,2026-07-09T00:45:00Z,2026-07-09T02:45:00+0200,126.32,EUR/MWh,DK2,DK_2,day_ahead_price,value,2026-07-25T10:50:28Z
2026-07-25T10:47:05Z,2026-07-25T12:47:05+0200,8f98f9ca-4a78-47a6-8878-9b0cbde920eb,2026-07-09T01:00:00Z,2026-07-09T03:00:00+0200,123.440002,EUR/MWh,DK2,DK_2,day_ahead_price,value,2026-07-25T10:50:28Z
2026-07-25T10:47:05Z,2026-07-25T12:47:05+0200,8f98f9ca-4a78-47a6-8878-9b0cbde920eb,2026-07-09T01:15:00Z,2026-07-09T03:15:00+0200,122.940002,EUR/MWh,DK2,DK_2,day_ahead_price,value,2026-07-25T10:50:28Z
2026-07-25T10:47:05Z,2026-07-25T12:47:05+0200,8f98f9ca-4a78-47a6-8878-9b0cbde920eb,2026-07-09T01:30:00Z,2026-07-09T03:30:00+0200,122.669998,EUR/MWh,DK2,DK_2,day_ahead_price,value,2026-07-25T10:50:28Z
2026-07-25T10:47:05Z,2026-07-25T12:47:05+0200,8f98f9ca-4a78-47a6-8878-9b0cbde920eb,2026-07-09T01:45:00Z,2026-07-09T03:45:00+0200,124.989998,EUR/MWh,DK2,DK_2,day_ahead_price,value,2026-07-25T10:50:28Z
2026-07-25T10:47:05Z,2026-07-25T12:47:05+0200,8f98f9ca-4a78-47a6-8878-9b0cbde920eb,2026-07-09T02:00:00Z,2026-07-09T04:00:00+0200,120.959999,EUR/MWh,DK2,DK_2,day_ahead_price,value,2026-07-25T10:50:28Z
2026-07-25T10:47:05Z,2026-07-25T12:47:05+0200,8f98f9ca-4a78-47a6-8878-9b0cbde920eb,2026-07-09T02:15:00Z,2026-07-09T04:15:00+0200,122.92,EUR/MWh,DK2,DK_2,day_ahead_price,value,2026-07-25T10:50:28Z
2026-07-25T10:47:05Z,2026-07-25T12:47:05+0200,8f98f9ca-4a78-47a6-8878-9b0cbde920eb,2026-07-09T02:30:00Z,2026-07-09T04:30:00+0200,126.37,EUR/MWh,DK2,DK_2,day_ahead_price,value,2026-07-25T10:50:28Z
2026-07-25T10:47:05Z,2026-07-25T12:47:05+0200,8f98f9ca-4a78-47a6-8878-9b0cbde920eb,2026-07-09T02:45:00Z,2026-07-09T04:45:00+0200,129.470001,EUR/MWh,DK2,DK_2,day_ahead_price,value,2026-07-25T10:50:28Z
2026-07-25T10:47:05Z,2026-07-25T12:47:05+0200,8f98f9ca-4a78-47a6-8878-9b0cbde920eb,2026-07-09T03:00:00Z,2026-07-09T05:00:00+0200,127.75,EUR/MWh,DK2,DK_2,day_ahead_price,value,2026-07-25T10:50:28Z
2026-07-25T10:47:05Z,2026-07-25T12:47:05+0200,8f98f9ca-4a78-47a6-8878-9b0cbde920eb,2026-07-09T03:15:00Z,2026-07-09T05:15:00+0200,131.67,EUR/MWh,DK2,DK_2,day_ahead_price,value,2026-07-25T10:50:28Z
2026-07-25T10:47:05Z,2026-07-25T12:47:05+0200,8f98f9ca-4a78-47a6-8878-9b0cbde920eb,2026-07-09T03:30:00Z,2026-07-09T05:30:00+0200,132.580002,EUR/MWh,DK2,DK_2,day_ahead_price,value,2026-07-25T10:50:28Z
2026-07-25T10:47:05Z,2026-07-25T12:47:05+0200,8f98f9ca-4a78-47a6-8878-9b0cbde920eb,2026-07-09T03:45:00Z,2026-07-09T05:45:00+0200,139.839996,EUR/MWh,DK2,DK_2,day_ahead_price,value,2026-07-25T10:50:28Z
2026-07-25T10:47:05Z,2026-07-25T12:47:05+0200,8f98f9ca-4a78-47a6-8878-9b0cbde920eb,2026-07-09T04:00:00Z,2026-07-09T06:00:00+0200,142.059998,EUR/MWh,DK2,DK_2,day_ahead_price,value,2026-07-25T10:50:28Z
2026-07-25T10:47:05Z,2026-07-25T12:47:05+0200,8f98f9ca-4a78-47a6-8878-9b0cbde920eb,2026-07-09T04:15:00Z,2026-07-09T06:15:00+0200,148.330002,EUR/MWh,DK2,DK_2,day_ahead_price,value,2026-07-25T10:50:28Z
2026-07-25T10:47:05Z,2026-07-25T12:47:05+0200,8f98f9ca-4a78-47a6-8878-9b0cbde920eb,2026-07-09T04:30:00Z,2026-07-09T06:30:00+0200,153.31,EUR/MWh,DK2,DK_2,day_ahead_price,value,2026-07-25T10:50:28Z
2026-07-25T10:47:05Z,2026-07-25T12:47:05+0200,8f98f9ca-4a78-47a6-8878-9b0cbde920eb,2026-07-09T04:45:00Z,2026-07-09T06:45:00+0200,147.380005,EUR/MWh,DK2,DK_2,day_ahead_price,value,2026-07-25T10:50:28Z
2026-07-25T10:47:05Z,2026-07-25T12:47:05+0200,8f98f9ca-4a78-47a6-8878-9b0cbde920eb,2026-07-09T05:00:00Z,2026-07-09T07:00:00+0200,164.41,EUR/MWh,DK2,DK_2,day_ahead_price,value,2026-07-25T10:50:28Z
2026-07-25T10:47:05Z,2026-07-25T12:47:05+0200,8f98f9ca-4a78-47a6-8878-9b0cbde920eb,2026-07-09T05:15:00Z,2026-07-09T07:15:00+0200,151.380005,EUR/MWh,DK2,DK_2,day_ahead_price,value,2026-07-25T10:50:28Z
2026-07-25T10:47:05Z,2026-07-25T12:47:05+0200,8f98f9ca-4a78-47a6-8878-9b0cbde920eb,2026-07-09T05:30:00Z,2026-07-09T07:30:00+0200,140.59,EUR/MWh,DK2,DK_2,day_ahead_price,value,2026-07-25T10:50:28Z
2026-07-25T10:47:05Z,2026-07-25T12:47:05+0200,8f98f9ca-4a78-47a6-8878-9b0cbde920eb,2026-07-09T05:45:00Z,2026-07-09T07:45:00+0200,134.25,EUR/MWh,DK2,DK_2,day_ahead_price,value,2026-07-25T10:50:28Z
2026-07-25T10:47:05Z,2026-07-25T12:47:05+0200,8f98f9ca-4a78-47a6-8878-9b0cbde920eb,2026-07-09T06:00:00Z,2026-07-09T08:00:00+0200,151.339996,EUR/MWh,DK2,DK_2,day_ahead_price,value,2026-07-25T10:50:28Z
2026-07-25T10:47:05Z,2026-07-25T12:47:05+0200,8f98f9ca-4a78-47a6-8878-9b0cbde920eb,2026-07-09T06:15:00Z,2026-07-09T08:15:00+0200,137.449997,EUR/MWh,DK2,DK_2,day_ahead_price,value,2026-07-25T10:50:28Z
2026-07-25T10:47:05Z,2026-07-25T12:47:05+0200,8f98f9ca-4a78-47a6-8878-9b0cbde920eb,2026-07-09T06:30:00Z,2026-07-09T08:30:00+0200,134.259995,EUR/MWh,DK2,DK_2,day_ahead_price,value,2026-07-25T10:50:28Z
2026-07-25T10:47:05Z,2026-07-25T12:47:05+0200,8f98f9ca-4a78-47a6-8878-9b0cbde920eb,2026-07-09T06:45:00Z,2026-07-09T08:45:00+0200,130.39,EUR/MWh,DK2,DK_2,day_ahead_price,value,2026-07-25T10:50:28Z
2026-07-25T10:47:05Z,2026-07-25T12:47:05+0200,8f98f9ca-4a78-47a6-8878-9b0cbde920eb,2026-07-09T07:00:00Z,2026-07-09T09:00:00+0200,131.37,EUR/MWh,DK2,DK_2,day_ahead_price,value,2026-07-25T10:50:28Z
2026-07-25T10:47:05Z,2026-07-25T12:47:05+0200,8f98f9ca-4a78-47a6-8878-9b0cbde920eb,2026-07-09T07:15:00Z,2026-07-09T09:15:00+0200,121.68,EUR/MWh,DK2,DK_2,day_ahead_price,value,2026-07-25T10:50:28Z
2026-07-25T10:47:05Z,2026-07-25T12:47:05+0200,8f98f9ca-4a78-47a6-8878-9b0cbde920eb,2026-07-09T07:30:00Z,2026-07-09T09:30:00+0200,113.14,EUR/MWh,DK2,DK_2,day_ahead_price,value,2026-07-25T10:50:28Z
2026-07-25T10:47:05Z,2026-07-25T12:47:05+0200,8f98f9ca-4a78-47a6-8878-9b0cbde920eb,2026-07-09T07:45:00Z,2026-07-09T09:45:00+0200,106.18,EUR/MWh,DK2,DK_2,day_ahead_price,value,2026-07-25T10:50:28Z
2026-07-25T10:47:05Z,2026-07-25T12:47:05+0200,8f98f9ca-4a78-47a6-8878-9b0cbde920eb,2026-07-09T08:00:00Z,2026-07-09T10:00:00+0200,109.75,EUR/MWh,DK2,DK_2,day_ahead_price,value,2026-07-25T10:50:28Z
2026-07-25T10:47:05Z,2026-07-25T12:47:05+0200,8f98f9ca-4a78-47a6-8878-9b0cbde920eb,2026-07-09T08:15:00Z,2026-07-09T10:15:00+0200,104.519997,EUR/MWh,DK2,DK_2,day_ahead_price,value,2026-07-25T10:50:28Z
2026-07-25T10:47:05Z,2026-07-25T12:47:05+0200,8f98f9ca-4a78-47a6-8878-9b0cbde920eb,2026-07-09T08:30:00Z,2026-07-09T10:30:00+0200,99.059998,EUR/MWh,DK2,DK_2,day_ahead_price,value,2026-07-25T10:50:28Z
2026-07-25T10:47:05Z,2026-07-25T12:47:05+0200,8f98f9ca-4a78-47a6-8878-9b0cbde920eb,2026-07-09T08:45:00Z,2026-07-09T10:45:00+0200,87.690002,EUR/MWh,DK2,DK_2,day_ahead_price,value,2026-07-25T10:50:28Z
2026-07-25T10:47:05Z,2026-07-25T12:47:05+0200,8f98f9ca-4a78-47a6-8878-9b0cbde920eb,2026-07-09T09:00:00Z,2026-07-09T11:00:00+0200,102.39,EUR/MWh,DK2,DK_2,day_ahead_price,value,2026-07-25T10:50:28Z
2026-07-25T10:47:05Z,2026-07-25T12:47:05+0200,8f98f9ca-4a78-47a6-8878-9b0cbde920eb,2026-07-09T09:15:00Z,2026-07-09T11:15:00+0200,90.53,EUR/MWh,DK2,DK_2,day_ahead_price,value,2026-07-25T10:50:28Z
2026-07-25T10:47:05Z,2026-07-25T12:47:05+0200,8f98f9ca-4a78-47a6-8878-9b0cbde920eb,2026-07-09T09:30:00Z,2026-07-09T11:30:00+0200,83.2,EUR/MWh,DK2,DK_2,day_ahead_price,value,2026-07-25T10:50:28Z
2026-07-25T10:47:05Z,2026-07-25T12:47:05+0200,8f98f9ca-4a78-47a6-8878-9b0cbde920eb,2026-07-09T09:45:00Z,2026-07-09T11:45:00+0200,77.57,EUR/MWh,DK2,DK_2,day_ahead_price,value,2026-07-25T10:50:28Z
2026-07-25T10:47:05Z,2026-07-25T12:47:05+0200,8f98f9ca-4a78-47a6-8878-9b0cbde920eb,2026-07-09T10:00:00Z,2026-07-09T12:00:00+0200,84.67,EUR/MWh,DK2,DK_2,day_ahead_price,value,2026-07-25T10:50:28Z
2026-07-25T10:47:05Z,2026-07-25T12:47:05+0200,8f98f9ca-4a78-47a6-8878-9b0cbde920eb,2026-07-09T10:15:00Z,2026-07-09T12:15:00+0200,70.66,EUR/MWh,DK2,DK_2,day_ahead_price,value,2026-07-25T10:50:28Z
2026-07-25T10:47:05Z,2026-07-25T12:47:05+0200,8f98f9ca-4a78-47a6-8878-9b0cbde920eb,2026-07-09T10:30:00Z,2026-07-09T12:30:00+0200,62.189999,EUR/MWh,DK2,DK_2,day_ahead_price,value,2026-07-25T10:50:28Z
2026-07-25T10:47:05Z,2026-07-25T12:47:05+0200,8f98f9ca-4a78-47a6-8878-9b0cbde920eb,2026-07-09T10:45:00Z,2026-07-09T12:45:00+0200,55.63,EUR/MWh,DK2,DK_2,day_ahead_price,value,2026-07-25T10:50:28Z
2026-07-25T10:47:05Z,2026-07-25T12:47:05+0200,8f98f9ca-4a78-47a6-8878-9b0cbde920eb,2026-07-09T11:00:00Z,2026-07-09T13:00:00+0200,60.09,EUR/MWh,DK2,DK_2,day_ahead_price,value,2026-07-25T10:50:28Z
2026-07-25T10:47:05Z,2026-07-25T12:47:05+0200,8f98f9ca-4a78-47a6-8878-9b0cbde920eb,2026-07-09T11:15:00Z,2026-07-09T13:15:00+0200,53.01,EUR/MWh,DK2,DK_2,day_ahead_price,value,2026-07-25T10:50:28Z
2026-07-25T10:47:05Z,2026-07-25T12:47:05+0200,8f98f9ca-4a78-47a6-8878-9b0cbde920eb,2026-07-09T11:30:00Z,2026-07-09T13:30:00+0200,40.12,EUR/MWh,DK2,DK_2,day_ahead_price,value,2026-07-25T10:50:28Z
2026-07-25T10:47:05Z,2026-07-25T12:47:05+0200,8f98f9ca-4a78-47a6-8878-9b0cbde920eb,2026-07-09T11:45:00Z,2026-07-09T13:45:00+0200,25.700001,EUR/MWh,DK2,DK_2,day_ahead_price,value,2026-07-25T10:50:28Z
2026-07-25T10:47:05Z,2026-07-25T12:47:05+0200,8f98f9ca-4a78-47a6-8878-9b0cbde920eb,2026-07-09T12:00:00Z,2026-07-09T14:00:00+0200,33.900002,EUR/MWh,DK2,DK_2,day_ahead_price,value,2026-07-25T10:50:28Z
2026-07-25T10:47:05Z,2026-07-25T12:47:05+0200,8f98f9ca-4a78-47a6-8878-9b0cbde920eb,2026-07-09T12:15:00Z,2026-07-09T14:15:00+0200,36.35,EUR/MWh,DK2,DK_2,day_ahead_price,value,2026-07-25T10:50:28Z
2026-07-25T10:47:05Z,2026-07-25T12:47:05+0200,8f98f9ca-4a78-47a6-8878-9b0cbde920eb,2026-07-09T12:30:00Z,2026-07-09T14:30:00+0200,38.919998,EUR/MWh,DK2,DK_2,day_ahead_price,value,2026-07-25T10:50:28Z
2026-07-25T10:47:05Z,2026-07-25T12:47:05+0200,8f98f9ca-4a78-47a6-8878-9b0cbde920eb,2026-07-09T12:45:00Z,2026-07-09T14:45:00+0200,44.02,EUR/MWh,DK2,DK_2,day_ahead_price,value,2026-07-25T10:50:28Z
2026-07-25T10:47:05Z,2026-07-25T12:47:05+0200,8f98f9ca-4a78-47a6-8878-9b0cbde920eb,2026-07-09T13:00:00Z,2026-07-09T15:00:00+0200,34.0,EUR/MWh,DK2,DK_2,day_ahead_price,value,2026-07-25T10:50:28Z
2026-07-25T10:47:05Z,2026-07-25T12:47:05+0200,8f98f9ca-4a78-47a6-8878-9b0cbde920eb,2026-07-09T13:15:00Z,2026-07-09T15:15:00+0200,44.09,EUR/MWh,DK2,DK_2,day_ahead_price,value,2026-07-25T10:50:28Z
2026-07-25T10:47:05Z,2026-07-25T12:47:05+0200,8f98f9ca-4a78-47a6-8878-9b0cbde920eb,2026-07-09T13:30:00Z,2026-07-09T15:30:00+0200,57.15,EUR/MWh,DK2,DK_2,day_ahead_price,value,2026-07-25T10:50:28Z
2026-07-25T10:47:05Z,2026-07-25T12:47:05+0200,8f98f9ca-4a78-47a6-8878-9b0cbde920eb,2026-07-09T13:45:00Z,2026-07-09T15:45:00+0200,75.0,EUR/MWh,DK2,DK_2,day_ahead_price,value,2026-07-25T10:50:28Z
2026-07-25T10:47:05Z,2026-07-25T12:47:05+0200,8f98f9ca-4a78-47a6-8878-9b0cbde920eb,2026-07-09T14:00:00Z,2026-07-09T16:00:00+0200,63.349998,EUR/MWh,DK2,DK_2,day_ahead_price,value,2026-07-25T10:50:28Z
2026-07-25T10:47:05Z,2026-07-25T12:47:05+0200,8f98f9ca-4a78-47a6-8878-9b0cbde920eb,2026-07-09T14:15:00Z,2026-07-09T16:15:00+0200,78.75,EUR/MWh,DK2,DK_2,day_ahead_price,value,2026-07-25T10:50:28Z
2026-07-25T10:47:05Z,2026-07-25T12:47:05+0200,8f98f9ca-4a78-47a6-8878-9b0cbde920eb,2026-07-09T14:30:00Z,2026-07-09T16:30:00+0200,88.09,EUR/MWh,DK2,DK_2,day_ahead_price,value,2026-07-25T10:50:28Z
2026-07-25T10:47:05Z,2026-07-25T12:47:05+0200,8f98f9ca-4a78-47a6-8878-9b0cbde920eb,2026-07-09T14:45:00Z,2026-07-09T16:45:00+0200,99.75,EUR/MWh,DK2,DK_2,day_ahead_price,value,2026-07-25T10:50:28Z
2026-07-25T10:47:05Z,2026-07-25T12:47:05+0200,8f98f9ca-4a78-47a6-8878-9b0cbde920eb,2026-07-09T15:00:00Z,2026-07-09T17:00:00+0200,85.67,EUR/MWh,DK2,DK_2,day_ahead_price,value,2026-07-25T10:50:28Z
2026-07-25T10:47:05Z,2026-07-25T12:47:05+0200,8f98f9ca-4a78-47a6-8878-9b0cbde920eb,2026-07-09T15:15:00Z,2026-07-09T17:15:00+0200,104.7,EUR/MWh,DK2,DK_2,day_ahead_price,value,2026-07-25T10:50:28Z
2026-07-25T10:47:05Z,2026-07-25T12:47:05+0200,8f98f9ca-4a78-47a6-8878-9b0cbde920eb,2026-07-09T15:30:00Z,2026-07-09T17:30:00+0200,114.470001,EUR/MWh,DK2,DK_2,day_ahead_price,value,2026-07-25T10:50:28Z
2026-07-25T10:47:05Z,2026-07-25T12:47:05+0200,8f98f9ca-4a78-47a6-8878-9b0cbde920eb,2026-07-09T15:45:00Z,2026-07-09T17:45:00+0200,127.16,EUR/MWh,DK2,DK_2,day_ahead_price,value,2026-07-25T10:50:28Z
2026-07-25T10:47:05Z,2026-07-25T12:47:05+0200,8f98f9ca-4a78-47a6-8878-9b0cbde920eb,2026-07-09T16:00:00Z,2026-07-09T18:00:00+0200,120.64,EUR/MWh,DK2,DK_2,day_ahead_price,value,2026-07-25T10:50:28Z
2026-07-25T10:47:05Z,2026-07-25T12:47:05+0200,8f98f9ca-4a78-47a6-8878-9b0cbde920eb,2026-07-09T16:15:00Z,2026-07-09T18:15:00+0200,128.54,EUR/MWh,DK2,DK_2,day_ahead_price,value,2026-07-25T10:50:28Z
2026-07-25T10:47:05Z,2026-07-25T12:47:05+0200,8f98f9ca-4a78-47a6-8878-9b0cbde920eb,2026-07-09T16:30:00Z,2026-07-09T18:30:00+0200,134.639999,EUR/MWh,DK2,DK_2,day_ahead_price,value,2026-07-25T10:50:28Z
2026-07-25T10:47:05Z,2026-07-25T12:47:05+0200,8f98f9ca-4a78-47a6-8878-9b0cbde920eb,2026-07-09T16:45:00Z,2026-07-09T18:45:00+0200,142.610001,EUR/MWh,DK2,DK_2,day_ahead_price,value,2026-07-25T10:50:28Z
2026-07-25T10:47:05Z,2026-07-25T12:47:05+0200,8f98f9ca-4a78-47a6-8878-9b0cbde920eb,2026-07-09T17:00:00Z,2026-07-09T19:00:00+0200,143.089996,EUR/MWh,DK2,DK_2,day_ahead_price,value,2026-07-25T10:50:28Z
2026-07-25T10:47:05Z,2026-07-25T12:47:05+0200,8f98f9ca-4a78-47a6-8878-9b0cbde920eb,2026-07-09T17:15:00Z,2026-07-09T19:15:00+0200,152.61,EUR/MWh,DK2,DK_2,day_ahead_price,value,2026-07-25T10:50:28Z
2026-07-25T10:47:05Z,2026-07-25T12:47:05+0200,8f98f9ca-4a78-47a6-8878-9b0cbde920eb,2026-07-09T17:30:00Z,2026-07-09T19:30:00+0200,170.619995,EUR/MWh,DK2,DK_2,day_ahead_price,value,2026-07-25T10:50:28Z
2026-07-25T10:47:05Z,2026-07-25T12:47:05+0200,8f98f9ca-4a78-47a6-8878-9b0cbde920eb,2026-07-09T17:45:00Z,2026-07-09T19:45:00+0200,200.91,EUR/MWh,DK2,DK_2,day_ahead_price,value,2026-07-25T10:50:28Z
2026-07-25T10:47:05Z,2026-07-25T12:47:05+0200,8f98f9ca-4a78-47a6-8878-9b0cbde920eb,2026-07-09T18:00:00Z,2026-07-09T20:00:00+0200,185.81,EUR/MWh,DK2,DK_2,day_ahead_price,value,2026-07-25T10:50:28Z
2026-07-25T10:47:05Z,2026-07-25T12:47:05+0200,8f98f9ca-4a78-47a6-8878-9b0cbde920eb,2026-07-09T18:15:00Z,2026-07-09T20:15:00+0200,201.17,EUR/MWh,DK2,DK_2,day_ahead_price,value,2026-07-25T10:50:28Z
2026-07-25T10:47:05Z,2026-07-25T12:47:05+0200,8f98f9ca-4a78-47a6-8878-9b0cbde920eb,2026-07-09T18:30:00Z,2026-07-09T20:30:00+0200,225.25,EUR/MWh,DK2,DK_2,day_ahead_price,value,2026-07-25T10:50:28Z
2026-07-25T10:47:05Z,2026-07-25T12:47:05+0200,8f98f9ca-4a78-47a6-8878-9b0cbde920eb,2026-07-09T18:45:00Z,2026-07-09T20:45:00+0200,238.19,EUR/MWh,DK2,DK_2,day_ahead_price,value,2026-07-25T10:50:28Z
2026-07-25T10:47:05Z,2026-07-25T12:47:05+0200,8f98f9ca-4a78-47a6-8878-9b0cbde920eb,2026-07-09T19:00:00Z,2026-07-09T21:00:00+0200,234.52,EUR/MWh,DK2,DK_2,day_ahead_price,value,2026-07-25T10:50:28Z
2026-07-25T10:47:05Z,2026-07-25T12:47:05+0200,8f98f9ca-4a78-47a6-8878-9b0cbde920eb,2026-07-09T19:15:00Z,2026-07-09T21:15:00+0200,226.31,EUR/MWh,DK2,DK_2,day_ahead_price,value,2026-07-25T10:50:28Z
2026-07-25T10:47:05Z,2026-07-25T12:47:05+0200,8f98f9ca-4a78-47a6-8878-9b0cbde920eb,2026-07-09T19:30:00Z,2026-07-09T21:30:00+0200,208.539993,EUR/MWh,DK2,DK_2,day_ahead_price,value,2026-07-25T10:50:28Z
2026-07-25T10:47:05Z,2026-07-25T12:47:05+0200,8f98f9ca-4a78-47a6-8878-9b0cbde920eb,2026-07-09T19:45:00Z,2026-07-09T21:45:00+0200,192.27,EUR/MWh,DK2,DK_2,day_ahead_price,value,2026-07-25T10:50:28Z
2026-07-25T10:47:05Z,2026-07-25T12:47:05+0200,8f98f9ca-4a78-47a6-8878-9b0cbde920eb,2026-07-09T20:00:00Z,2026-07-09T22:00:00+0200,209.84,EUR/MWh,DK2,DK_2,day_ahead_price,value,2026-07-25T10:50:28Z
2026-07-25T10:47:05Z,2026-07-25T12:47:05+0200,8f98f9ca-4a78-47a6-8878-9b0cbde920eb,2026-07-09T20:15:00Z,2026-07-09T22:15:00+0200,188.79,EUR/MWh,DK2,DK_2,day_ahead_price,value,2026-07-25T10:50:28Z
2026-07-25T10:47:05Z,2026-07-25T12:47:05+0200,8f98f9ca-4a78-47a6-8878-9b0cbde920eb,2026-07-09T20:30:00Z,2026-07-09T22:30:00+0200,174.81,EUR/MWh,DK2,DK_2,day_ahead_price,value,2026-07-25T10:50:28Z
2026-07-25T10:47:05Z,2026-07-25T12:47:05+0200,8f98f9ca-4a78-47a6-8878-9b0cbde920eb,2026-07-09T20:45:00Z,2026-07-09T22:45:00+0200,164.72,EUR/MWh,DK2,DK_2,day_ahead_price,value,2026-07-25T10:50:28Z
2026-07-25T10:47:05Z,2026-07-25T12:47:05+0200,8f98f9ca-4a78-47a6-8878-9b0cbde920eb,2026-07-09T21:00:00Z,2026-07-09T23:00:00+0200,173.0,EUR/MWh,DK2,DK_2,day_ahead_price,value,2026-07-25T10:50:28Z
2026-07-25T10:47:05Z,2026-07-25T12:47:05+0200,8f98f9ca-4a78-47a6-8878-9b0cbde920eb,2026-07-09T21:15:00Z,2026-07-09T23:15:00+0200,165.64,EUR/MWh,DK2,DK_2,day_ahead_price,value,2026-07-25T10:50:28Z
2026-07-25T10:47:05Z,2026-07-25T12:47:05+0200,8f98f9ca-4a78-47a6-8878-9b0cbde920eb,2026-07-09T21:30:00Z,2026-07-09T23:30:00+0200,156.33,EUR/MWh,DK2,DK_2,day_ahead_price,value,2026-07-25T10:50:28Z
2026-07-25T10:47:05Z,2026-07-25T12:47:05+0200,8f98f9ca-4a78-47a6-8878-9b0cbde920eb,2026-07-09T21:45:00Z,2026-07-09T23:45:00+0200,157.380005,EUR/MWh,DK2,DK_2,day_ahead_price,value,2026-07-25T10:50:28Z
2026-07-25T10:47:05Z,2026-07-25T12:47:05+0200,8f98f9ca-4a78-47a6-8878-9b0cbde920eb,2026-07-09T22:00:00Z,2026-07-10T00:00:00+0200,167.98,EUR/MWh,DK2,DK_2,day_ahead_price,value,2026-07-25T10:50:28Z
2026-07-25T10:47:05Z,2026-07-25T12:47:05+0200,8f98f9ca-4a78-47a6-8878-9b0cbde920eb,2026-07-09T22:15:00Z,2026-07-10T00:15:00+0200,154.66,EUR/MWh,DK2,DK_2,day_ahead_price,value,2026-07-25T10:50:28Z
2026-07-25T10:47:05Z,2026-07-25T12:47:05+0200,8f98f9ca-4a78-47a6-8878-9b0cbde920eb,2026-07-09T22:30:00Z,2026-07-10T00:30:00+0200,149.58,EUR/MWh,DK2,DK_2,day_ahead_price,value,2026-07-25T10:50:28Z
2026-07-25T10:47:05Z,2026-07-25T12:47:05+0200,8f98f9ca-4a78-47a6-8878-9b0cbde920eb,2026-07-09T22:45:00Z,2026-07-10T00:45:00+0200,142.72,EUR/MWh,DK2,DK_2,day_ahead_price,value,2026-07-25T10:50:28Z
2026-07-25T10:47:05Z,2026-07-25T12:47:05+0200,8f98f9ca-4a78-47a6-8878-9b0cbde920eb,2026-07-09T23:00:00Z,2026-07-10T01:00:00+0200,149.62,EUR/MWh,DK2,DK_2,day_ahead_price,value,2026-07-25T10:50:28Z
2026-07-25T10:47:05Z,2026-07-25T12:47:05+0200,8f98f9ca-4a78-47a6-8878-9b0cbde920eb,2026-07-09T23:15:00Z,2026-07-10T01:15:00+0200,143.87,EUR/MWh,DK2,DK_2,day_ahead_price,value,2026-07-25T10:50:28Z
2026-07-25T10:47:05Z,2026-07-25T12:47:05+0200,8f98f9ca-4a78-47a6-8878-9b0cbde920eb,2026-07-09T23:30:00Z,2026-07-10T01:30:00+0200,141.44,EUR/MWh,DK2,DK_2,day_ahead_price,value,2026-07-25T10:50:28Z
2026-07-25T10:47:05Z,2026-07-25T12:47:05+0200,8f98f9ca-4a78-47a6-8878-9b0cbde920eb,2026-07-09T23:45:00Z,2026-07-10T01:45:00+0200,138.95,EUR/MWh,DK2,DK_2,day_ahead_price,value,2026-07-25T10:50:28Z
2026-07-25T10:47:05Z,2026-07-25T12:47:05+0200,8f98f9ca-4a78-47a6-8878-9b0cbde920eb,2026-07-10T00:00:00Z,2026-07-10T02:00:00+0200,141.99,EUR/MWh,DK2,DK_2,day_ahead_price,value,2026-07-25T10:50:28Z
2026-07-25T10:47:05Z,2026-07-25T12:47:05+0200,8f98f9ca-4a78-47a6-8878-9b0cbde920eb,2026-07-10T00:15:00Z,2026-07-10T02:15:00+0200,141.17,EUR/MWh,DK2,DK_2,day_ahead_price,value,2026-07-25T10:50:28Z
2026-07-25T10:47:05Z,2026-07-25T12:47:05+0200,8f98f9ca-4a78-47a6-8878-9b0cbde920eb,2026-07-10T00:30:00Z,2026-07-10T02:30:00+0200,137.75,EUR/MWh,DK2,DK_2,day_ahead_price,value,2026-07-25T10:50:28Z
2026-07-25T10:47:05Z,2026-07-25T12:47:05+0200,8f98f9ca-4a78-47a6-8878-9b0cbde920eb,2026-07-10T00:45:00Z,2026-07-10T02:45:00+0200,138.14,EUR/MWh,DK2,DK_2,day_ahead_price,value,2026-07-25T10:50:28Z
2026-07-25T10:47:05Z,2026-07-25T12:47:05+0200,8f98f9ca-4a78-47a6-8878-9b0cbde920eb,2026-07-10T01:00:00Z,2026-07-10T03:00:00+0200,138.56,EUR/MWh,DK2,DK_2,day_ahead_price,value,2026-07-25T10:50:28Z
2026-07-25T10:47:05Z,2026-07-25T12:47:05+0200,8f98f9ca-4a78-47a6-8878-9b0cbde920eb,2026-07-10T01:15:00Z,2026-07-10T03:15:00+0200,137.92,EUR/MWh,DK2,DK_2,day_ahead_price,value,2026-07-25T10:50:28Z
2026-07-25T10:47:05Z,2026-07-25T12:47:05+0200,8f98f9ca-4a78-47a6-8878-9b0cbde920eb,2026-07-10T01:30:00Z,2026-07-10T03:30:00+0200,137.71,EUR/MWh,DK2,DK_2,day_ahead_price,value,2026-07-25T10:50:28Z
2026-07-25T10:47:05Z,2026-07-25T12:47:05+0200,8f98f9ca-4a78-47a6-8878-9b0cbde920eb,2026-07-10T01:45:00Z,2026-07-10T03:45:00+0200,137.68,EUR/MWh,DK2,DK_2,day_ahead_price,value,2026-07-25T10:50:28Z
2026-07-25T10:47:05Z,2026-07-25T12:47:05+0200,8f98f9ca-4a78-47a6-8878-9b0cbde920eb,2026-07-10T02:00:00Z,2026-07-10T04:00:00+0200,137.37,EUR/MWh,DK2,DK_2,day_ahead_price,value,2026-07-25T10:50:28Z
2026-07-25T10:47:05Z,2026-07-25T12:47:05+0200,8f98f9ca-4a78-47a6-8878-9b0cbde920eb,2026-07-10T02:15:00Z,2026-07-10T04:15:00+0200,137.99,EUR/MWh,DK2,DK_2,day_ahead_price,value,2026-07-25T10:50:28Z
2026-07-25T10:47:05Z,2026-07-25T12:47:05+0200,8f98f9ca-4a78-47a6-8878-9b0cbde920eb,2026-07-10T02:30:00Z,2026-07-10T04:30:00+0200,137.7,EUR/MWh,DK2,DK_2,day_ahead_price,value,2026-07-25T10:50:28Z
2026-07-25T10:47:05Z,2026-07-25T12:47:05+0200,8f98f9ca-4a78-47a6-8878-9b0cbde920eb,2026-07-10T02:45:00Z,2026-07-10T04:45:00+0200,140.0,EUR/MWh,DK2,DK_2,day_ahead_price,value,2026-07-25T10:50:28Z
2026-07-25T10:47:05Z,2026-07-25T12:47:05+0200,8f98f9ca-4a78-47a6-8878-9b0cbde920eb,2026-07-10T03:00:00Z,2026-07-10T05:00:00+0200,139.47,EUR/MWh,DK2,DK_2,day_ahead_price,value,2026-07-25T10:50:28Z
2026-07-25T10:47:05Z,2026-07-25T12:47:05+0200,8f98f9ca-4a78-47a6-8878-9b0cbde920eb,2026-07-10T03:15:00Z,2026-07-10T05:15:00+0200,141.2,EUR/MWh,DK2,DK_2,day_ahead_price,value,2026-07-25T10:50:28Z
2026-07-25T10:47:05Z,2026-07-25T12:47:05+0200,8f98f9ca-4a78-47a6-8878-9b0cbde920eb,2026-07-10T03:30:00Z,2026-07-10T05:30:00+0200,140.4,EUR/MWh,DK2,DK_2,day_ahead_price,value,2026-07-25T10:50:28Z
2026-07-25T10:47:05Z,2026-07-25T12:47:05+0200,8f98f9ca-4a78-47a6-8878-9b0cbde920eb,2026-07-10T03:45:00Z,2026-07-10T05:45:00+0200,139.59,EUR/MWh,DK2,DK_2,day_ahead_price,value,2026-07-25T10:50:28Z
2026-07-25T10:47:05Z,2026-07-25T12:47:05+0200,8f98f9ca-4a78-47a6-8878-9b0cbde920eb,2026-07-10T04:00:00Z,2026-07-10T06:00:00+0200,153.34,EUR/MWh,DK2,DK_2,day_ahead_price,value,2026-07-25T10:50:28Z
2026-07-25T10:47:05Z,2026-07-25T12:47:05+0200,8f98f9ca-4a78-47a6-8878-9b0cbde920eb,2026-07-10T04:15:00Z,2026-07-10T06:15:00+0200,157.04,EUR/MWh,DK2,DK_2,day_ahead_price,value,2026-07-25T10:50:28Z
2026-07-25T10:47:05Z,2026-07-25T12:47:05+0200,8f98f9ca-4a78-47a6-8878-9b0cbde920eb,2026-07-10T04:30:00Z,2026-07-10T06:30:00+0200,152.3,EUR/MWh,DK2,DK_2,day_ahead_price,value,2026-07-25T10:50:28Z
2026-07-25T10:47:05Z,2026-07-25T12:47:05+0200,8f98f9ca-4a78-47a6-8878-9b0cbde920eb,2026-07-10T04:45:00Z,2026-07-10T06:45:00+0200,150.09,EUR/MWh,DK2,DK_2,day_ahead_price,value,2026-07-25T10:50:28Z
2026-07-25T10:47:05Z,2026-07-25T12:47:05+0200,8f98f9ca-4a78-47a6-8878-9b0cbde920eb,2026-07-10T05:00:00Z,2026-07-10T07:00:00+0200,160.54,EUR/MWh,DK2,DK_2,day_ahead_price,value,2026-07-25T10:50:28Z
2026-07-25T10:47:05Z,2026-07-25T12:47:05+0200,8f98f9ca-4a78-47a6-8878-9b0cbde920eb,2026-07-10T05:15:00Z,2026-07-10T07:15:00+0200,153.37,EUR/MWh,DK2,DK_2,day_ahead_price,value,2026-07-25T10:50:28Z
2026-07-25T10:47:05Z,2026-07-25T12:47:05+0200,8f98f9ca-4a78-47a6-8878-9b0cbde920eb,2026-07-10T05:30:00Z,2026-07-10T07:30:00+0200,144.97,EUR/MWh,DK2,DK_2,day_ahead_price,value,2026-07-25T10:50:28Z
2026-07-25T10:47:05Z,2026-07-25T12:47:05+0200,8f98f9ca-4a78-47a6-8878-9b0cbde920eb,2026-07-10T05:45:00Z,2026-07-10T07:45:00+0200,132.42,EUR/MWh,DK2,DK_2,day_ahead_price,value,2026-07-25T10:50:28Z
2026-07-25T10:47:05Z,2026-07-25T12:47:05+0200,8f98f9ca-4a78-47a6-8878-9b0cbde920eb,2026-07-10T06:00:00Z,2026-07-10T08:00:00+0200,153.95,EUR/MWh,DK2,DK_2,day_ahead_price,value,2026-07-25T10:50:28Z
2026-07-25T10:47:05Z,2026-07-25T12:47:05+0200,8f98f9ca-4a78-47a6-8878-9b0cbde920eb,2026-07-10T06:15:00Z,2026-07-10T08:15:00+0200,139.37,EUR/MWh,DK2,DK_2,day_ahead_price,value,2026-07-25T10:50:28Z
2026-07-25T10:47:05Z,2026-07-25T12:47:05+0200,8f98f9ca-4a78-47a6-8878-9b0cbde920eb,2026-07-10T06:30:00Z,2026-07-10T08:30:00+0200,131.88,EUR/MWh,DK2,DK_2,day_ahead_price,value,2026-07-25T10:50:28Z
2026-07-25T10:47:05Z,2026-07-25T12:47:05+0200,8f98f9ca-4a78-47a6-8878-9b0cbde920eb,2026-07-10T06:45:00Z,2026-07-10T08:45:00+0200,123.84,EUR/MWh,DK2,DK_2,day_ahead_price,value,2026-07-25T10:50:28Z
2026-07-25T10:47:05Z,2026-07-25T12:47:05+0200,8f98f9ca-4a78-47a6-8878-9b0cbde920eb,2026-07-10T07:00:00Z,2026-07-10T09:00:00+0200,129.8,EUR/MWh,DK2,DK_2,day_ahead_price,value,2026-07-25T10:50:28Z
2026-07-25T10:47:05Z,2026-07-25T12:47:05+0200,8f98f9ca-4a78-47a6-8878-9b0cbde920eb,2026-07-10T07:15:00Z,2026-07-10T09:15:00+0200,128.44,EUR/MWh,DK2,DK_2,day_ahead_price,value,2026-07-25T10:50:28Z
2026-07-25T10:47:05Z,2026-07-25T12:47:05+0200,8f98f9ca-4a78-47a6-8878-9b0cbde920eb,2026-07-10T07:30:00Z,2026-07-10T09:30:00+0200,117.28,EUR/MWh,DK2,DK_2,day_ahead_price,value,2026-07-25T10:50:28Z
2026-07-25T10:47:05Z,2026-07-25T12:47:05+0200,8f98f9ca-4a78-47a6-8878-9b0cbde920eb,2026-07-10T07:45:00Z,2026-07-10T09:45:00+0200,105.37,EUR/MWh,DK2,DK_2,day_ahead_price,value,2026-07-25T10:50:28Z
2026-07-25T10:47:05Z,2026-07-25T12:47:05+0200,8f98f9ca-4a78-47a6-8878-9b0cbde920eb,2026-07-10T08:00:00Z,2026-07-10T10:00:00+0200,111.59,EUR/MWh,DK2,DK_2,day_ahead_price,value,2026-07-25T10:50:28Z
2026-07-25T10:47:05Z,2026-07-25T12:47:05+0200,8f98f9ca-4a78-47a6-8878-9b0cbde920eb,2026-07-10T08:15:00Z,2026-07-10T10:15:00+0200,108.95,EUR/MWh,DK2,DK_2,day_ahead_price,value,2026-07-25T10:50:28Z
2026-07-25T10:47:05Z,2026-07-25T12:47:05+0200,8f98f9ca-4a78-47a6-8878-9b0cbde920eb,2026-07-10T08:30:00Z,2026-07-10T10:30:00+0200,94.29,EUR/MWh,DK2,DK_2,day_ahead_price,value,2026-07-25T10:50:28Z
2026-07-25T10:47:05Z,2026-07-25T12:47:05+0200,8f98f9ca-4a78-47a6-8878-9b0cbde920eb,2026-07-10T08:45:00Z,2026-07-10T10:45:00+0200,84.69,EUR/MWh,DK2,DK_2,day_ahead_price,value,2026-07-25T10:50:28Z
2026-07-25T10:47:05Z,2026-07-25T12:47:05+0200,8f98f9ca-4a78-47a6-8878-9b0cbde920eb,2026-07-10T09:00:00Z,2026-07-10T11:00:00+0200,89.71,EUR/MWh,DK2,DK_2,day_ahead_price,value,2026-07-25T10:50:28Z
2026-07-25T10:47:05Z,2026-07-25T12:47:05+0200,8f98f9ca-4a78-47a6-8878-9b0cbde920eb,2026-07-10T09:15:00Z,2026-07-10T11:15:00+0200,82.55,EUR/MWh,DK2,DK_2,day_ahead_price,value,2026-07-25T10:50:28Z
2026-07-25T10:47:05Z,2026-07-25T12:47:05+0200,8f98f9ca-4a78-47a6-8878-9b0cbde920eb,2026-07-10T09:30:00Z,2026-07-10T11:30:00+0200,75.0,EUR/MWh,DK2,DK_2,day_ahead_price,value,2026-07-25T10:50:28Z
2026-07-25T10:47:05Z,2026-07-25T12:47:05+0200,8f98f9ca-4a78-47a6-8878-9b0cbde920eb,2026-07-10T09:45:00Z,2026-07-10T11:45:00+0200,65.88,EUR/MWh,DK2,DK_2,day_ahead_price,value,2026-07-25T10:50:28Z
2026-07-25T10:47:05Z,2026-07-25T12:47:05+0200,8f98f9ca-4a78-47a6-8878-9b0cbde920eb,2026-07-10T10:00:00Z,2026-07-10T12:00:00+0200,76.8,EUR/MWh,DK2,DK_2,day_ahead_price,value,2026-07-25T10:50:28Z
2026-07-25T10:47:05Z,2026-07-25T12:47:05+0200,8f98f9ca-4a78-47a6-8878-9b0cbde920eb,2026-07-10T10:15:00Z,2026-07-10T12:15:00+0200,65.68,EUR/MWh,DK2,DK_2,day_ahead_price,value,2026-07-25T10:50:28Z
2026-07-25T10:47:05Z,2026-07-25T12:47:05+0200,8f98f9ca-4a78-47a6-8878-9b0cbde920eb,2026-07-10T10:30:00Z,2026-07-10T12:30:00+0200,52.74,EUR/MWh,DK2,DK_2,day_ahead_price,value,2026-07-25T10:50:28Z
2026-07-25T10:47:05Z,2026-07-25T12:47:05+0200,8f98f9ca-4a78-47a6-8878-9b0cbde920eb,2026-07-10T10:45:00Z,2026-07-10T12:45:00+0200,40.0,EUR/MWh,DK2,DK_2,day_ahead_price,value,2026-07-25T10:50:28Z
2026-07-25T10:47:05Z,2026-07-25T12:47:05+0200,8f98f9ca-4a78-47a6-8878-9b0cbde920eb,2026-07-10T11:00:00Z,2026-07-10T13:00:00+0200,43.49,EUR/MWh,DK2,DK_2,day_ahead_price,value,2026-07-25T10:50:28Z
2026-07-25T10:47:05Z,2026-07-25T12:47:05+0200,8f98f9ca-4a78-47a6-8878-9b0cbde920eb,2026-07-10T11:15:00Z,2026-07-10T13:15:00+0200,39.27,EUR/MWh,DK2,DK_2,day_ahead_price,value,2026-07-25T10:50:28Z
2026-07-25T10:47:05Z,2026-07-25T12:47:05+0200,8f98f9ca-4a78-47a6-8878-9b0cbde920eb,2026-07-10T11:30:00Z,2026-07-10T13:30:00+0200,37.21,EUR/MWh,DK2,DK_2,day_ahead_price,value,2026-07-25T10:50:28Z
2026-07-25T10:47:05Z,2026-07-25T12:47:05+0200,8f98f9ca-4a78-47a6-8878-9b0cbde920eb,2026-07-10T11:45:00Z,2026-07-10T13:45:00+0200,30.15,EUR/MWh,DK2,DK_2,day_ahead_price,value,2026-07-25T10:50:28Z
2026-07-25T10:47:05Z,2026-07-25T12:47:05+0200,8f98f9ca-4a78-47a6-8878-9b0cbde920eb,2026-07-10T12:00:00Z,2026-07-10T14:00:00+0200,39.02,EUR/MWh,DK2,DK_2,day_ahead_price,value,2026-07-25T10:50:28Z
2026-07-25T10:47:05Z,2026-07-25T12:47:05+0200,8f98f9ca-4a78-47a6-8878-9b0cbde920eb,2026-07-10T12:15:00Z,2026-07-10T14:15:00+0200,40.07,EUR/MWh,DK2,DK_2,day_ahead_price,value,2026-07-25T10:50:28Z
2026-07-25T10:47:05Z,2026-07-25T12:47:05+0200,8f98f9ca-4a78-47a6-8878-9b0cbde920eb,2026-07-10T12:30:00Z,2026-07-10T14:30:00+0200,43.05,EUR/MWh,DK2,DK_2,day_ahead_price,value,2026-07-25T10:50:28Z
2026-07-25T10:47:05Z,2026-07-25T12:47:05+0200,8f98f9ca-4a78-47a6-8878-9b0cbde920eb,2026-07-10T12:45:00Z,2026-07-10T14:45:00+0200,42.11,EUR/MWh,DK2,DK_2,day_ahead_price,value,2026-07-25T10:50:28Z
2026-07-25T10:47:05Z,2026-07-25T12:47:05+0200,8f98f9ca-4a78-47a6-8878-9b0cbde920eb,2026-07-10T13:00:00Z,2026-07-10T15:00:00+0200,46.15,EUR/MWh,DK2,DK_2,day_ahead_price,value,2026-07-25T10:50:28Z
2026-07-25T10:47:05Z,2026-07-25T12:47:05+0200,8f98f9ca-4a78-47a6-8878-9b0cbde920eb,2026-07-10T13:15:00Z,2026-07-10T15:15:00+0200,55.83,EUR/MWh,DK2,DK_2,day_ahead_price,value,2026-07-25T10:50:28Z
2026-07-25T10:47:05Z,2026-07-25T12:47:05+0200,8f98f9ca-4a78-47a6-8878-9b0cbde920eb,2026-07-10T13:30:00Z,2026-07-10T15:30:00+0200,65.81,EUR/MWh,DK2,DK_2,day_ahead_price,value,2026-07-25T10:50:28Z
2026-07-25T10:47:05Z,2026-07-25T12:47:05+0200,8f98f9ca-4a78-47a6-8878-9b0cbde920eb,2026-07-10T13:45:00Z,2026-07-10T15:45:00+0200,80.53,EUR/MWh,DK2,DK_2,day_ahead_price,value,2026-07-25T10:50:28Z
2026-07-25T10:47:05Z,2026-07-25T12:47:05+0200,8f98f9ca-4a78-47a6-8878-9b0cbde920eb,2026-07-10T14:00:00Z,2026-07-10T16:00:00+0200,61.2,EUR/MWh,DK2,DK_2,day_ahead_price,value,2026-07-25T10:50:28Z
2026-07-25T10:47:05Z,2026-07-25T12:47:05+0200,8f98f9ca-4a78-47a6-8878-9b0cbde920eb,2026-07-10T14:15:00Z,2026-07-10T16:15:00+0200,83.12,EUR/MWh,DK2,DK_2,day_ahead_price,value,2026-07-25T10:50:28Z
2026-07-25T10:47:05Z,2026-07-25T12:47:05+0200,8f98f9ca-4a78-47a6-8878-9b0cbde920eb,2026-07-10T14:30:00Z,2026-07-10T16:30:00+0200,97.11,EUR/MWh,DK2,DK_2,day_ahead_price,value,2026-07-25T10:50:28Z
2026-07-25T10:47:05Z,2026-07-25T12:47:05+0200,8f98f9ca-4a78-47a6-8878-9b0cbde920eb,2026-07-10T14:45:00Z,2026-07-10T16:45:00+0200,112.27,EUR/MWh,DK2,DK_2,day_ahead_price,value,2026-07-25T10:50:28Z
2026-07-25T10:47:05Z,2026-07-25T12:47:05+0200,8f98f9ca-4a78-47a6-8878-9b0cbde920eb,2026-07-10T15:00:00Z,2026-07-10T17:00:00+0200,105.54,EUR/MWh,DK2,DK_2,day_ahead_price,value,2026-07-25T10:50:28Z
2026-07-25T10:47:05Z,2026-07-25T12:47:05+0200,8f98f9ca-4a78-47a6-8878-9b0cbde920eb,2026-07-10T15:15:00Z,2026-07-10T17:15:00+0200,108.69,EUR/MWh,DK2,DK_2,day_ahead_price,value,2026-07-25T10:50:28Z
2026-07-25T10:47:05Z,2026-07-25T12:47:05+0200,8f98f9ca-4a78-47a6-8878-9b0cbde920eb,2026-07-10T15:30:00Z,2026-07-10T17:30:00+0200,119.77,EUR/MWh,DK2,DK_2,day_ahead_price,value,2026-07-25T10:50:28Z
2026-07-25T10:47:05Z,2026-07-25T12:47:05+0200,8f98f9ca-4a78-47a6-8878-9b0cbde920eb,2026-07-10T15:45:00Z,2026-07-10T17:45:00+0200,128.53,EUR/MWh,DK2,DK_2,day_ahead_price,value,2026-07-25T10:50:28Z
2026-07-25T10:47:05Z,2026-07-25T12:47:05+0200,8f98f9ca-4a78-47a6-8878-9b0cbde920eb,2026-07-10T16:00:00Z,2026-07-10T18:00:00+0200,114.19,EUR/MWh,DK2,DK_2,day_ahead_price,value,2026-07-25T10:50:28Z
2026-07-25T10:47:05Z,2026-07-25T12:47:05+0200,8f98f9ca-4a78-47a6-8878-9b0cbde920eb,2026-07-10T16:15:00Z,2026-07-10T18:15:00+0200,126.03,EUR/MWh,DK2,DK_2,day_ahead_price,value,2026-07-25T10:50:28Z
2026-07-25T10:47:05Z,2026-07-25T12:47:05+0200,8f98f9ca-4a78-47a6-8878-9b0cbde920eb,2026-07-10T16:30:00Z,2026-07-10T18:30:00+0200,138.83,EUR/MWh,DK2,DK_2,day_ahead_price,value,2026-07-25T10:50:28Z
2026-07-25T10:47:05Z,2026-07-25T12:47:05+0200,8f98f9ca-4a78-47a6-8878-9b0cbde920eb,2026-07-10T16:45:00Z,2026-07-10T18:45:00+0200,145.83,EUR/MWh,DK2,DK_2,day_ahead_price,value,2026-07-25T10:50:28Z
2026-07-25T10:47:05Z,2026-07-25T12:47:05+0200,8f98f9ca-4a78-47a6-8878-9b0cbde920eb,2026-07-10T17:00:00Z,2026-07-10T19:00:00+0200,144.39,EUR/MWh,DK2,DK_2,day_ahead_price,value,2026-07-25T10:50:28Z
2026-07-25T10:47:05Z,2026-07-25T12:47:05+0200,8f98f9ca-4a78-47a6-8878-9b0cbde920eb,2026-07-10T17:15:00Z,2026-07-10T19:15:00+0200,151.03,EUR/MWh,DK2,DK_2,day_ahead_price,value,2026-07-25T10:50:28Z
2026-07-25T10:47:05Z,2026-07-25T12:47:05+0200,8f98f9ca-4a78-47a6-8878-9b0cbde920eb,2026-07-10T17:30:00Z,2026-07-10T19:30:00+0200,174.55,EUR/MWh,DK2,DK_2,day_ahead_price,value,2026-07-25T10:50:28Z
2026-07-25T10:47:05Z,2026-07-25T12:47:05+0200,8f98f9ca-4a78-47a6-8878-9b0cbde920eb,2026-07-10T17:45:00Z,2026-07-10T19:45:00+0200,191.42,EUR/MWh,DK2,DK_2,day_ahead_price,value,2026-07-25T10:50:28Z
2026-07-25T10:47:05Z,2026-07-25T12:47:05+0200,8f98f9ca-4a78-47a6-8878-9b0cbde920eb,2026-07-10T18:00:00Z,2026-07-10T20:00:00+0200,176.43,EUR/MWh,DK2,DK_2,day_ahead_price,value,2026-07-25T10:50:28Z
2026-07-25T10:47:05Z,2026-07-25T12:47:05+0200,8f98f9ca-4a78-47a6-8878-9b0cbde920eb,2026-07-10T18:15:00Z,2026-07-10T20:15:00+0200,183.89,EUR/MWh,DK2,DK_2,day_ahead_price,value,2026-07-25T10:50:28Z
2026-07-25T10:47:05Z,2026-07-25T12:47:05+0200,8f98f9ca-4a78-47a6-8878-9b0cbde920eb,2026-07-10T18:30:00Z,2026-07-10T20:30:00+0200,192.97,EUR/MWh,DK2,DK_2,day_ahead_price,value,2026-07-25T10:50:28Z
2026-07-25T10:47:05Z,2026-07-25T12:47:05+0200,8f98f9ca-4a78-47a6-8878-9b0cbde920eb,2026-07-10T18:45:00Z,2026-07-10T20:45:00+0200,194.91,EUR/MWh,DK2,DK_2,day_ahead_price,value,2026-07-25T10:50:28Z
2026-07-25T10:47:05Z,2026-07-25T12:47:05+0200,8f98f9ca-4a78-47a6-8878-9b0cbde920eb,2026-07-10T19:00:00Z,2026-07-10T21:00:00+0200,189.89,EUR/MWh,DK2,DK_2,day_ahead_price,value,2026-07-25T10:50:28Z
2026-07-25T10:47:05Z,2026-07-25T12:47:05+0200,8f98f9ca-4a78-47a6-8878-9b0cbde920eb,2026-07-10T19:15:00Z,2026-07-10T21:15:00+0200,179.1,EUR/MWh,DK2,DK_2,day_ahead_price,value,2026-07-25T10:50:28Z
2026-07-25T10:47:05Z,2026-07-25T12:47:05+0200,8f98f9ca-4a78-47a6-8878-9b0cbde920eb,2026-07-10T19:30:00Z,2026-07-10T21:30:00+0200,170.0,EUR/MWh,DK2,DK_2,day_ahead_price,value,2026-07-25T10:50:28Z
2026-07-25T10:47:05Z,2026-07-25T12:47:05+0200,8f98f9ca-4a78-47a6-8878-9b0cbde920eb,2026-07-10T19:45:00Z,2026-07-10T21:45:00+0200,168.57,EUR/MWh,DK2,DK_2,day_ahead_price,value,2026-07-25T10:50:28Z
2026-07-25T10:47:05Z,2026-07-25T12:47:05+0200,8f98f9ca-4a78-47a6-8878-9b0cbde920eb,2026-07-10T20:00:00Z,2026-07-10T22:00:00+0200,172.71,EUR/MWh,DK2,DK_2,day_ahead_price,value,2026-07-25T10:50:28Z
2026-07-25T10:47:05Z,2026-07-25T12:47:05+0200,8f98f9ca-4a78-47a6-8878-9b0cbde920eb,2026-07-10T20:15:00Z,2026-07-10T22:15:00+0200,169.17,EUR/MWh,DK2,DK_2,day_ahead_price,value,2026-07-25T10:50:28Z
2026-07-25T10:47:05Z,2026-07-25T12:47:05+0200,8f98f9ca-4a78-47a6-8878-9b0cbde920eb,2026-07-10T20:30:00Z,2026-07-10T22:30:00+0200,168.56,EUR/MWh,DK2,DK_2,day_ahead_price,value,2026-07-25T10:50:28Z
2026-07-25T10:47:05Z,2026-07-25T12:47:05+0200,8f98f9ca-4a78-47a6-8878-9b0cbde920eb,2026-07-10T20:45:00Z,2026-07-10T22:45:00+0200,161.6,EUR/MWh,DK2,DK_2,day_ahead_price,value,2026-07-25T10:50:28Z
2026-07-25T10:47:05Z,2026-07-25T12:47:05+0200,8f98f9ca-4a78-47a6-8878-9b0cbde920eb,2026-07-10T21:00:00Z,2026-07-10T23:00:00+0200,162.26,EUR/MWh,DK2,DK_2,day_ahead_price,value,2026-07-25T10:50:28Z
2026-07-25T10:47:05Z,2026-07-25T12:47:05+0200,8f98f9ca-4a78-47a6-8878-9b0cbde920eb,2026-07-10T21:15:00Z,2026-07-10T23:15:00+0200,156.33,EUR/MWh,DK2,DK_2,day_ahead_price,value,2026-07-25T10:50:28Z
2026-07-25T10:47:05Z,2026-07-25T12:47:05+0200,8f98f9ca-4a78-47a6-8878-9b0cbde920eb,2026-07-10T21:30:00Z,2026-07-10T23:30:00+0200,153.38,EUR/MWh,DK2,DK_2,day_ahead_price,value,2026-07-25T10:50:28Z
2026-07-25T10:47:05Z,2026-07-25T12:47:05+0200,8f98f9ca-4a78-47a6-8878-9b0cbde920eb,2026-07-10T21:45:00Z,2026-07-10T23:45:00+0200,145.91,EUR/MWh,DK2,DK_2,day_ahead_price,value,2026-07-25T10:50:28Z
2026-07-25T10:47:05Z,2026-07-25T12:47:05+0200,8f98f9ca-4a78-47a6-8878-9b0cbde920eb,2026-07-10T22:00:00Z,2026-07-11T00:00:00+0200,144.43,EUR/MWh,DK2,DK_2,day_ahead_price,value,2026-07-25T10:50:28Z
2026-07-25T10:47:05Z,2026-07-25T12:47:05+0200,8f98f9ca-4a78-47a6-8878-9b0cbde920eb,2026-07-10T22:15:00Z,2026-07-11T00:15:00+0200,150.929993,EUR/MWh,DK2,DK_2,day_ahead_price,value,2026-07-25T10:50:28Z
2026-07-25T10:47:05Z,2026-07-25T12:47:05+0200,8f98f9ca-4a78-47a6-8878-9b0cbde920eb,2026-07-10T22:30:00Z,2026-07-11T00:30:00+0200,145.800003,EUR/MWh,DK2,DK_2,day_ahead_price,value,2026-07-25T10:50:28Z
2026-07-25T10:47:05Z,2026-07-25T12:47:05+0200,8f98f9ca-4a78-47a6-8878-9b0cbde920eb,2026-07-10T22:45:00Z,2026-07-11T00:45:00+0200,141.279999,EUR/MWh,DK2,DK_2,day_ahead_price,value,2026-07-25T10:50:28Z
2026-07-25T10:47:05Z,2026-07-25T12:47:05+0200,8f98f9ca-4a78-47a6-8878-9b0cbde920eb,2026-07-10T23:00:00Z,2026-07-11T01:00:00+0200,144.929993,EUR/MWh,DK2,DK_2,day_ahead_price,value,2026-07-25T10:50:28Z
2026-07-25T10:47:05Z,2026-07-25T12:47:05+0200,8f98f9ca-4a78-47a6-8878-9b0cbde920eb,2026-07-10T23:15:00Z,2026-07-11T01:15:00+0200,145.01,EUR/MWh,DK2,DK_2,day_ahead_price,value,2026-07-25T10:50:28Z
2026-07-25T10:47:05Z,2026-07-25T12:47:05+0200,8f98f9ca-4a78-47a6-8878-9b0cbde920eb,2026-07-10T23:30:00Z,2026-07-11T01:30:00+0200,144.99,EUR/MWh,DK2,DK_2,day_ahead_price,value,2026-07-25T10:50:28Z
2026-07-25T10:47:05Z,2026-07-25T12:47:05+0200,8f98f9ca-4a78-47a6-8878-9b0cbde920eb,2026-07-10T23:45:00Z,2026-07-11T01:45:00+0200,140.42,EUR/MWh,DK2,DK_2,day_ahead_price,value,2026-07-25T10:50:28Z
2026-07-25T10:47:05Z,2026-07-25T12:47:05+0200,8f98f9ca-4a78-47a6-8878-9b0cbde920eb,2026-07-11T00:00:00Z,2026-07-11T02:00:00+0200,143.23,EUR/MWh,DK2,DK_2,day_ahead_price,value,2026-07-25T10:50:28Z
2026-07-25T10:47:05Z,2026-07-25T12:47:05+0200,8f98f9ca-4a78-47a6-8878-9b0cbde920eb,2026-07-11T00:15:00Z,2026-07-11T02:15:00+0200,140.71,EUR/MWh,DK2,DK_2,day_ahead_price,value,2026-07-25T10:50:28Z
2026-07-25T10:47:05Z,2026-07-25T12:47:05+0200,8f98f9ca-4a78-47a6-8878-9b0cbde920eb,2026-07-11T00:30:00Z,2026-07-11T02:30:00+0200,139.82,EUR/MWh,DK2,DK_2,day_ahead_price,value,2026-07-25T10:50:28Z
2026-07-25T10:47:05Z,2026-07-25T12:47:05+0200,8f98f9ca-4a78-47a6-8878-9b0cbde920eb,2026-07-11T00:45:00Z,2026-07-11T02:45:00+0200,139.860001,EUR/MWh,DK2,DK_2,day_ahead_price,value,2026-07-25T10:50:28Z
2026-07-25T10:47:05Z,2026-07-25T12:47:05+0200,8f98f9ca-4a78-47a6-8878-9b0cbde920eb,2026-07-11T01:00:00Z,2026-07-11T03:00:00+0200,140.96,EUR/MWh,DK2,DK_2,day_ahead_price,value,2026-07-25T10:50:28Z
2026-07-25T10:47:05Z,2026-07-25T12:47:05+0200,8f98f9ca-4a78-47a6-8878-9b0cbde920eb,2026-07-11T01:15:00Z,2026-07-11T03:15:00+0200,141.32,EUR/MWh,DK2,DK_2,day_ahead_price,value,2026-07-25T10:50:28Z
2026-07-25T10:47:05Z,2026-07-25T12:47:05+0200,8f98f9ca-4a78-47a6-8878-9b0cbde920eb,2026-07-11T01:30:00Z,2026-07-11T03:30:00+0200,140.28,EUR/MWh,DK2,DK_2,day_ahead_price,value,2026-07-25T10:50:28Z
2026-07-25T10:47:05Z,2026-07-25T12:47:05+0200,8f98f9ca-4a78-47a6-8878-9b0cbde920eb,2026-07-11T01:45:00Z,2026-07-11T03:45:00+0200,138.699997,EUR/MWh,DK2,DK_2,day_ahead_price,value,2026-07-25T10:50:28Z
2026-07-25T10:47:05Z,2026-07-25T12:47:05+0200,8f98f9ca-4a78-47a6-8878-9b0cbde920eb,2026-07-11T02:00:00Z,2026-07-11T04:00:00+0200,142.05,EUR/MWh,DK2,DK_2,day_ahead_price,value,2026-07-25T10:50:28Z
2026-07-25T10:47:05Z,2026-07-25T12:47:05+0200,8f98f9ca-4a78-47a6-8878-9b0cbde920eb,2026-07-11T02:15:00Z,2026-07-11T04:15:00+0200,144.080002,EUR/MWh,DK2,DK_2,day_ahead_price,value,2026-07-25T10:50:28Z
2026-07-25T10:47:05Z,2026-07-25T12:47:05+0200,8f98f9ca-4a78-47a6-8878-9b0cbde920eb,2026-07-11T02:30:00Z,2026-07-11T04:30:00+0200,137.210007,EUR/MWh,DK2,DK_2,day_ahead_price,value,2026-07-25T10:50:28Z
2026-07-25T10:47:05Z,2026-07-25T12:47:05+0200,8f98f9ca-4a78-47a6-8878-9b0cbde920eb,2026-07-11T02:45:00Z,2026-07-11T04:45:00+0200,137.0,EUR/MWh,DK2,DK_2,day_ahead_price,value,2026-07-25T10:50:28Z
2026-07-25T10:47:05Z,2026-07-25T12:47:05+0200,8f98f9ca-4a78-47a6-8878-9b0cbde920eb,2026-07-11T03:00:00Z,2026-07-11T05:00:00+0200,140.99,EUR/MWh,DK2,DK_2,day_ahead_price,value,2026-07-25T10:50:28Z
2026-07-25T10:47:05Z,2026-07-25T12:47:05+0200,8f98f9ca-4a78-47a6-8878-9b0cbde920eb,2026-07-11T03:15:00Z,2026-07-11T05:15:00+0200,138.31,EUR/MWh,DK2,DK_2,day_ahead_price,value,2026-07-25T10:50:28Z
2026-07-25T10:47:05Z,2026-07-25T12:47:05+0200,8f98f9ca-4a78-47a6-8878-9b0cbde920eb,2026-07-11T03:30:00Z,2026-07-11T05:30:00+0200,139.210007,EUR/MWh,DK2,DK_2,day_ahead_price,value,2026-07-25T10:50:28Z
2026-07-25T10:47:05Z,2026-07-25T12:47:05+0200,8f98f9ca-4a78-47a6-8878-9b0cbde920eb,2026-07-11T03:45:00Z,2026-07-11T05:45:00+0200,135.220001,EUR/MWh,DK2,DK_2,day_ahead_price,value,2026-07-25T10:50:28Z
2026-07-25T10:47:05Z,2026-07-25T12:47:05+0200,8f98f9ca-4a78-47a6-8878-9b0cbde920eb,2026-07-11T04:00:00Z,2026-07-11T06:00:00+0200,145.85,EUR/MWh,DK2,DK_2,day_ahead_price,value,2026-07-25T10:50:28Z
2026-07-25T10:47:05Z,2026-07-25T12:47:05+0200,8f98f9ca-4a78-47a6-8878-9b0cbde920eb,2026-07-11T04:15:00Z,2026-07-11T06:15:00+0200,140.830002,EUR/MWh,DK2,DK_2,day_ahead_price,value,2026-07-25T10:50:28Z
2026-07-25T10:47:05Z,2026-07-25T12:47:05+0200,8f98f9ca-4a78-47a6-8878-9b0cbde920eb,2026-07-11T04:30:00Z,2026-07-11T06:30:00+0200,131.6,EUR/MWh,DK2,DK_2,day_ahead_price,value,2026-07-25T10:50:28Z
2026-07-25T10:47:05Z,2026-07-25T12:47:05+0200,8f98f9ca-4a78-47a6-8878-9b0cbde920eb,2026-07-11T04:45:00Z,2026-07-11T06:45:00+0200,126.07,EUR/MWh,DK2,DK_2,day_ahead_price,value,2026-07-25T10:50:28Z
2026-07-25T10:47:05Z,2026-07-25T12:47:05+0200,8f98f9ca-4a78-47a6-8878-9b0cbde920eb,2026-07-11T05:00:00Z,2026-07-11T07:00:00+0200,131.610001,EUR/MWh,DK2,DK_2,day_ahead_price,value,2026-07-25T10:50:28Z
2026-07-25T10:47:05Z,2026-07-25T12:47:05+0200,8f98f9ca-4a78-47a6-8878-9b0cbde920eb,2026-07-11T05:15:00Z,2026-07-11T07:15:00+0200,126.39,EUR/MWh,DK2,DK_2,day_ahead_price,value,2026-07-25T10:50:28Z
2026-07-25T10:47:05Z,2026-07-25T12:47:05+0200,8f98f9ca-4a78-47a6-8878-9b0cbde920eb,2026-07-11T05:30:00Z,2026-07-11T07:30:00+0200,122.18,EUR/MWh,DK2,DK_2,day_ahead_price,value,2026-07-25T10:50:28Z
2026-07-25T10:47:05Z,2026-07-25T12:47:05+0200,8f98f9ca-4a78-47a6-8878-9b0cbde920eb,2026-07-11T05:45:00Z,2026-07-11T07:45:00+0200,116.83,EUR/MWh,DK2,DK_2,day_ahead_price,value,2026-07-25T10:50:28Z
2026-07-25T10:47:05Z,2026-07-25T12:47:05+0200,8f98f9ca-4a78-47a6-8878-9b0cbde920eb,2026-07-11T06:00:00Z,2026-07-11T08:00:00+0200,139.61,EUR/MWh,DK2,DK_2,day_ahead_price,value,2026-07-25T10:50:28Z
2026-07-25T10:47:05Z,2026-07-25T12:47:05+0200,8f98f9ca-4a78-47a6-8878-9b0cbde920eb,2026-07-11T06:15:00Z,2026-07-11T08:15:00+0200,123.96,EUR/MWh,DK2,DK_2,day_ahead_price,value,2026-07-25T10:50:28Z
2026-07-25T10:47:05Z,2026-07-25T12:47:05+0200,8f98f9ca-4a78-47a6-8878-9b0cbde920eb,2026-07-11T06:30:00Z,2026-07-11T08:30:00+0200,105.92,EUR/MWh,DK2,DK_2,day_ahead_price,value,2026-07-25T10:50:28Z
2026-07-25T10:47:05Z,2026-07-25T12:47:05+0200,8f98f9ca-4a78-47a6-8878-9b0cbde920eb,2026-07-11T06:45:00Z,2026-07-11T08:45:00+0200,89.97,EUR/MWh,DK2,DK_2,day_ahead_price,value,2026-07-25T10:50:28Z
2026-07-25T10:47:05Z,2026-07-25T12:47:05+0200,8f98f9ca-4a78-47a6-8878-9b0cbde920eb,2026-07-11T07:00:00Z,2026-07-11T09:00:00+0200,107.080002,EUR/MWh,DK2,DK_2,day_ahead_price,value,2026-07-25T10:50:28Z
2026-07-25T10:47:05Z,2026-07-25T12:47:05+0200,8f98f9ca-4a78-47a6-8878-9b0cbde920eb,2026-07-11T07:15:00Z,2026-07-11T09:15:00+0200,92.03,EUR/MWh,DK2,DK_2,day_ahead_price,value,2026-07-25T10:50:28Z
2026-07-25T10:47:05Z,2026-07-25T12:47:05+0200,8f98f9ca-4a78-47a6-8878-9b0cbde920eb,2026-07-11T07:30:00Z,2026-07-11T09:30:00+0200,67.730003,EUR/MWh,DK2,DK_2,day_ahead_price,value,2026-07-25T10:50:28Z
2026-07-25T10:47:05Z,2026-07-25T12:47:05+0200,8f98f9ca-4a78-47a6-8878-9b0cbde920eb,2026-07-11T07:45:00Z,2026-07-11T09:45:00+0200,29.32,EUR/MWh,DK2,DK_2,day_ahead_price,value,2026-07-25T10:50:28Z
2026-07-25T10:47:05Z,2026-07-25T12:47:05+0200,8f98f9ca-4a78-47a6-8878-9b0cbde920eb,2026-07-11T08:00:00Z,2026-07-11T10:00:00+0200,39.009998,EUR/MWh,DK2,DK_2,day_ahead_price,value,2026-07-25T10:50:28Z
2026-07-25T10:47:05Z,2026-07-25T12:47:05+0200,8f98f9ca-4a78-47a6-8878-9b0cbde920eb,2026-07-11T08:15:00Z,2026-07-11T10:15:00+0200,18.690001,EUR/MWh,DK2,DK_2,day_ahead_price,value,2026-07-25T10:50:28Z
2026-07-25T10:47:05Z,2026-07-25T12:47:05+0200,8f98f9ca-4a78-47a6-8878-9b0cbde920eb,2026-07-11T08:30:00Z,2026-07-11T10:30:00+0200,5.83,EUR/MWh,DK2,DK_2,day_ahead_price,value,2026-07-25T10:50:28Z
2026-07-25T10:47:05Z,2026-07-25T12:47:05+0200,8f98f9ca-4a78-47a6-8878-9b0cbde920eb,2026-07-11T08:45:00Z,2026-07-11T10:45:00+0200,4.69,EUR/MWh,DK2,DK_2,day_ahead_price,value,2026-07-25T10:50:28Z
2026-07-25T10:47:05Z,2026-07-25T12:47:05+0200,8f98f9ca-4a78-47a6-8878-9b0cbde920eb,2026-07-11T09:00:00Z,2026-07-11T11:00:00+0200,10.97,EUR/MWh,DK2,DK_2,day_ahead_price,value,2026-07-25T10:50:28Z
2026-07-25T10:47:05Z,2026-07-25T12:47:05+0200,8f98f9ca-4a78-47a6-8878-9b0cbde920eb,2026-07-11T09:15:00Z,2026-07-11T11:15:00+0200,9.99,EUR/MWh,DK2,DK_2,day_ahead_price,value,2026-07-25T10:50:28Z
2026-07-25T10:47:05Z,2026-07-25T12:47:05+0200,8f98f9ca-4a78-47a6-8878-9b0cbde920eb,2026-07-11T09:30:00Z,2026-07-11T11:30:00+0200,10.3,EUR/MWh,DK2,DK_2,day_ahead_price,value,2026-07-25T10:50:28Z
2026-07-25T10:47:05Z,2026-07-25T12:47:05+0200,8f98f9ca-4a78-47a6-8878-9b0cbde920eb,2026-07-11T09:45:00Z,2026-07-11T11:45:00+0200,9.41,EUR/MWh,DK2,DK_2,day_ahead_price,value,2026-07-25T10:50:28Z
2026-07-25T10:47:05Z,2026-07-25T12:47:05+0200,8f98f9ca-4a78-47a6-8878-9b0cbde920eb,2026-07-11T10:00:00Z,2026-07-11T12:00:00+0200,13.86,EUR/MWh,DK2,DK_2,day_ahead_price,value,2026-07-25T10:50:28Z
2026-07-25T10:47:05Z,2026-07-25T12:47:05+0200,8f98f9ca-4a78-47a6-8878-9b0cbde920eb,2026-07-11T10:15:00Z,2026-07-11T12:15:00+0200,10.3,EUR/MWh,DK2,DK_2,day_ahead_price,value,2026-07-25T10:50:28Z
2026-07-25T10:47:05Z,2026-07-25T12:47:05+0200,8f98f9ca-4a78-47a6-8878-9b0cbde920eb,2026-07-11T10:30:00Z,2026-07-11T12:30:00+0200,10.02,EUR/MWh,DK2,DK_2,day_ahead_price,value,2026-07-25T10:50:28Z
2026-07-25T10:47:05Z,2026-07-25T12:47:05+0200,8f98f9ca-4a78-47a6-8878-9b0cbde920eb,2026-07-11T10:45:00Z,2026-07-11T12:45:00+0200,9.33,EUR/MWh,DK2,DK_2,day_ahead_price,value,2026-07-25T10:50:28Z
2026-07-25T10:47:05Z,2026-07-25T12:47:05+0200,8f98f9ca-4a78-47a6-8878-9b0cbde920eb,2026-07-11T11:00:00Z,2026-07-11T13:00:00+0200,12.08,EUR/MWh,DK2,DK_2,day_ahead_price,value,2026-07-25T10:50:28Z
2026-07-25T10:47:05Z,2026-07-25T12:47:05+0200,8f98f9ca-4a78-47a6-8878-9b0cbde920eb,2026-07-11T11:15:00Z,2026-07-11T13:15:00+0200,9.99,EUR/MWh,DK2,DK_2,day_ahead_price,value,2026-07-25T10:50:28Z
2026-07-25T10:47:05Z,2026-07-25T12:47:05+0200,8f98f9ca-4a78-47a6-8878-9b0cbde920eb,2026-07-11T11:30:00Z,2026-07-11T13:30:00+0200,9.69,EUR/MWh,DK2,DK_2,day_ahead_price,value,2026-07-25T10:50:28Z
2026-07-25T10:47:05Z,2026-07-25T12:47:05+0200,8f98f9ca-4a78-47a6-8878-9b0cbde920eb,2026-07-11T11:45:00Z,2026-07-11T13:45:00+0200,8.09,EUR/MWh,DK2,DK_2,day_ahead_price,value,2026-07-25T10:50:28Z
2026-07-25T10:47:05Z,2026-07-25T12:47:05+0200,8f98f9ca-4a78-47a6-8878-9b0cbde920eb,2026-07-11T12:00:00Z,2026-07-11T14:00:00+0200,10.0,EUR/MWh,DK2,DK_2,day_ahead_price,value,2026-07-25T10:50:28Z
2026-07-25T10:47:05Z,2026-07-25T12:47:05+0200,8f98f9ca-4a78-47a6-8878-9b0cbde920eb,2026-07-11T12:15:00Z,2026-07-11T14:15:00+0200,9.7,EUR/MWh,DK2,DK_2,day_ahead_price,value,2026-07-25T10:50:28Z
2026-07-25T10:47:05Z,2026-07-25T12:47:05+0200,8f98f9ca-4a78-47a6-8878-9b0cbde920eb,2026-07-11T12:30:00Z,2026-07-11T14:30:00+0200,9.11,EUR/MWh,DK2,DK_2,day_ahead_price,value,2026-07-25T10:50:28Z
2026-07-25T10:47:05Z,2026-07-25T12:47:05+0200,8f98f9ca-4a78-47a6-8878-9b0cbde920eb,2026-07-11T12:45:00Z,2026-07-11T14:45:00+0200,8.23,EUR/MWh,DK2,DK_2,day_ahead_price,value,2026-07-25T10:50:28Z
2026-07-25T10:47:05Z,2026-07-25T12:47:05+0200,8f98f9ca-4a78-47a6-8878-9b0cbde920eb,2026-07-11T13:00:00Z,2026-07-11T15:00:00+0200,8.86,EUR/MWh,DK2,DK_2,day_ahead_price,value,2026-07-25T10:50:28Z
2026-07-25T10:47:05Z,2026-07-25T12:47:05+0200,8f98f9ca-4a78-47a6-8878-9b0cbde920eb,2026-07-11T13:15:00Z,2026-07-11T15:15:00+0200,8.12,EUR/MWh,DK2,DK_2,day_ahead_price,value,2026-07-25T10:50:28Z
2026-07-25T10:47:05Z,2026-07-25T12:47:05+0200,8f98f9ca-4a78-47a6-8878-9b0cbde920eb,2026-07-11T13:30:00Z,2026-07-11T15:30:00+0200,8.72,EUR/MWh,DK2,DK_2,day_ahead_price,value,2026-07-25T10:50:28Z
2026-07-25T10:47:05Z,2026-07-25T12:47:05+0200,8f98f9ca-4a78-47a6-8878-9b0cbde920eb,2026-07-11T13:45:00Z,2026-07-11T15:45:00+0200,6.64,EUR/MWh,DK2,DK_2,day_ahead_price,value,2026-07-25T10:50:28Z
2026-07-25T10:47:05Z,2026-07-25T12:47:05+0200,8f98f9ca-4a78-47a6-8878-9b0cbde920eb,2026-07-11T14:00:00Z,2026-07-11T16:00:00+0200,6.78,EUR/MWh,DK2,DK_2,day_ahead_price,value,2026-07-25T10:50:28Z
2026-07-25T10:47:05Z,2026-07-25T12:47:05+0200,8f98f9ca-4a78-47a6-8878-9b0cbde920eb,2026-07-11T14:15:00Z,2026-07-11T16:15:00+0200,8.57,EUR/MWh,DK2,DK_2,day_ahead_price,value,2026-07-25T10:50:28Z
2026-07-25T10:47:05Z,2026-07-25T12:47:05+0200,8f98f9ca-4a78-47a6-8878-9b0cbde920eb,2026-07-11T14:30:00Z,2026-07-11T16:30:00+0200,8.47,EUR/MWh,DK2,DK_2,day_ahead_price,value,2026-07-25T10:50:28Z
2026-07-25T10:47:05Z,2026-07-25T12:47:05+0200,8f98f9ca-4a78-47a6-8878-9b0cbde920eb,2026-07-11T14:45:00Z,2026-07-11T16:45:00+0200,25.74,EUR/MWh,DK2,DK_2,day_ahead_price,value,2026-07-25T10:50:28Z
2026-07-25T10:47:05Z,2026-07-25T12:47:05+0200,8f98f9ca-4a78-47a6-8878-9b0cbde920eb,2026-07-11T15:00:00Z,2026-07-11T17:00:00+0200,14.8,EUR/MWh,DK2,DK_2,day_ahead_price,value,2026-07-25T10:50:28Z
2026-07-25T10:47:05Z,2026-07-25T12:47:05+0200,8f98f9ca-4a78-47a6-8878-9b0cbde920eb,2026-07-11T15:15:00Z,2026-07-11T17:15:00+0200,67.5,EUR/MWh,DK2,DK_2,day_ahead_price,value,2026-07-25T10:50:28Z
2026-07-25T10:47:05Z,2026-07-25T12:47:05+0200,8f98f9ca-4a78-47a6-8878-9b0cbde920eb,2026-07-11T15:30:00Z,2026-07-11T17:30:00+0200,95.95,EUR/MWh,DK2,DK_2,day_ahead_price,value,2026-07-25T10:50:28Z
2026-07-25T10:47:05Z,2026-07-25T12:47:05+0200,8f98f9ca-4a78-47a6-8878-9b0cbde920eb,2026-07-11T15:45:00Z,2026-07-11T17:45:00+0200,121.629997,EUR/MWh,DK2,DK_2,day_ahead_price,value,2026-07-25T10:50:28Z
2026-07-25T10:47:05Z,2026-07-25T12:47:05+0200,8f98f9ca-4a78-47a6-8878-9b0cbde920eb,2026-07-11T16:00:00Z,2026-07-11T18:00:00+0200,106.42,EUR/MWh,DK2,DK_2,day_ahead_price,value,2026-07-25T10:50:28Z
2026-07-25T10:47:05Z,2026-07-25T12:47:05+0200,8f98f9ca-4a78-47a6-8878-9b0cbde920eb,2026-07-11T16:15:00Z,2026-07-11T18:15:00+0200,117.57,EUR/MWh,DK2,DK_2,day_ahead_price,value,2026-07-25T10:50:28Z
2026-07-25T10:47:05Z,2026-07-25T12:47:05+0200,8f98f9ca-4a78-47a6-8878-9b0cbde920eb,2026-07-11T16:30:00Z,2026-07-11T18:30:00+0200,132.03,EUR/MWh,DK2,DK_2,day_ahead_price,value,2026-07-25T10:50:28Z
2026-07-25T10:47:05Z,2026-07-25T12:47:05+0200,8f98f9ca-4a78-47a6-8878-9b0cbde920eb,2026-07-11T16:45:00Z,2026-07-11T18:45:00+0200,137.72,EUR/MWh,DK2,DK_2,day_ahead_price,value,2026-07-25T10:50:28Z
2026-07-25T10:47:05Z,2026-07-25T12:47:05+0200,8f98f9ca-4a78-47a6-8878-9b0cbde920eb,2026-07-11T17:00:00Z,2026-07-11T19:00:00+0200,132.63,EUR/MWh,DK2,DK_2,day_ahead_price,value,2026-07-25T10:50:28Z
2026-07-25T10:47:05Z,2026-07-25T12:47:05+0200,8f98f9ca-4a78-47a6-8878-9b0cbde920eb,2026-07-11T17:15:00Z,2026-07-11T19:15:00+0200,142.07,EUR/MWh,DK2,DK_2,day_ahead_price,value,2026-07-25T10:50:28Z
2026-07-25T10:47:05Z,2026-07-25T12:47:05+0200,8f98f9ca-4a78-47a6-8878-9b0cbde920eb,2026-07-11T17:30:00Z,2026-07-11T19:30:00+0200,143.809998,EUR/MWh,DK2,DK_2,day_ahead_price,value,2026-07-25T10:50:28Z
2026-07-25T10:47:05Z,2026-07-25T12:47:05+0200,8f98f9ca-4a78-47a6-8878-9b0cbde920eb,2026-07-11T17:45:00Z,2026-07-11T19:45:00+0200,149.110001,EUR/MWh,DK2,DK_2,day_ahead_price,value,2026-07-25T10:50:28Z
2026-07-25T10:47:05Z,2026-07-25T12:47:05+0200,8f98f9ca-4a78-47a6-8878-9b0cbde920eb,2026-07-11T18:00:00Z,2026-07-11T20:00:00+0200,148.23,EUR/MWh,DK2,DK_2,day_ahead_price,value,2026-07-25T10:50:28Z
2026-07-25T10:47:05Z,2026-07-25T12:47:05+0200,8f98f9ca-4a78-47a6-8878-9b0cbde920eb,2026-07-11T18:15:00Z,2026-07-11T20:15:00+0200,151.31,EUR/MWh,DK2,DK_2,day_ahead_price,value,2026-07-25T10:50:28Z
2026-07-25T10:47:05Z,2026-07-25T12:47:05+0200,8f98f9ca-4a78-47a6-8878-9b0cbde920eb,2026-07-11T18:30:00Z,2026-07-11T20:30:00+0200,153.63,EUR/MWh,DK2,DK_2,day_ahead_price,value,2026-07-25T10:50:28Z
2026-07-25T10:47:05Z,2026-07-25T12:47:05+0200,8f98f9ca-4a78-47a6-8878-9b0cbde920eb,2026-07-11T18:45:00Z,2026-07-11T20:45:00+0200,154.649994,EUR/MWh,DK2,DK_2,day_ahead_price,value,2026-07-25T10:50:28Z
2026-07-25T10:47:05Z,2026-07-25T12:47:05+0200,8f98f9ca-4a78-47a6-8878-9b0cbde920eb,2026-07-11T19:00:00Z,2026-07-11T21:00:00+0200,156.449997,EUR/MWh,DK2,DK_2,day_ahead_price,value,2026-07-25T10:50:28Z
2026-07-25T10:47:05Z,2026-07-25T12:47:05+0200,8f98f9ca-4a78-47a6-8878-9b0cbde920eb,2026-07-11T19:15:00Z,2026-07-11T21:15:00+0200,154.64,EUR/MWh,DK2,DK_2,day_ahead_price,value,2026-07-25T10:50:28Z
2026-07-25T10:47:05Z,2026-07-25T12:47:05+0200,8f98f9ca-4a78-47a6-8878-9b0cbde920eb,2026-07-11T19:30:00Z,2026-07-11T21:30:00+0200,157.95,EUR/MWh,DK2,DK_2,day_ahead_price,value,2026-07-25T10:50:28Z
2026-07-25T10:47:05Z,2026-07-25T12:47:05+0200,8f98f9ca-4a78-47a6-8878-9b0cbde920eb,2026-07-11T19:45:00Z,2026-07-11T21:45:00+0200,156.55,EUR/MWh,DK2,DK_2,day_ahead_price,value,2026-07-25T10:50:28Z
2026-07-25T10:47:05Z,2026-07-25T12:47:05+0200,8f98f9ca-4a78-47a6-8878-9b0cbde920eb,2026-07-11T20:00:00Z,2026-07-11T22:00:00+0200,160.009995,EUR/MWh,DK2,DK_2,day_ahead_price,value,2026-07-25T10:50:28Z
2026-07-25T10:47:05Z,2026-07-25T12:47:05+0200,8f98f9ca-4a78-47a6-8878-9b0cbde920eb,2026-07-11T20:15:00Z,2026-07-11T22:15:00+0200,155.320007,EUR/MWh,DK2,DK_2,day_ahead_price,value,2026-07-25T10:50:28Z
2026-07-25T10:47:05Z,2026-07-25T12:47:05+0200,8f98f9ca-4a78-47a6-8878-9b0cbde920eb,2026-07-11T20:30:00Z,2026-07-11T22:30:00+0200,155.29,EUR/MWh,DK2,DK_2,day_ahead_price,value,2026-07-25T10:50:28Z
2026-07-25T10:47:05Z,2026-07-25T12:47:05+0200,8f98f9ca-4a78-47a6-8878-9b0cbde920eb,2026-07-11T20:45:00Z,2026-07-11T22:45:00+0200,148.97,EUR/MWh,DK2,DK_2,day_ahead_price,value,2026-07-25T10:50:28Z
2026-07-25T10:47:05Z,2026-07-25T12:47:05+0200,8f98f9ca-4a78-47a6-8878-9b0cbde920eb,2026-07-11T21:00:00Z,2026-07-11T23:00:00+0200,151.440002,EUR/MWh,DK2,DK_2,day_ahead_price,value,2026-07-25T10:50:28Z
2026-07-25T10:47:05Z,2026-07-25T12:47:05+0200,8f98f9ca-4a78-47a6-8878-9b0cbde920eb,2026-07-11T21:15:00Z,2026-07-11T23:15:00+0200,145.3,EUR/MWh,DK2,DK_2,day_ahead_price,value,2026-07-25T10:50:28Z
2026-07-25T10:47:05Z,2026-07-25T12:47:05+0200,8f98f9ca-4a78-47a6-8878-9b0cbde920eb,2026-07-11T21:30:00Z,2026-07-11T23:30:00+0200,143.850006,EUR/MWh,DK2,DK_2,day_ahead_price,value,2026-07-25T10:50:28Z
2026-07-25T10:47:05Z,2026-07-25T12:47:05+0200,8f98f9ca-4a78-47a6-8878-9b0cbde920eb,2026-07-11T21:45:00Z,2026-07-11T23:45:00+0200,141.94,EUR/MWh,DK2,DK_2,day_ahead_price,value,2026-07-25T10:50:28Z
2026-07-25T10:47:05Z,2026-07-25T12:47:05+0200,8f98f9ca-4a78-47a6-8878-9b0cbde920eb,2026-07-11T22:00:00Z,2026-07-12T00:00:00+0200,138.320007,EUR/MWh,DK2,DK_2,day_ahead_price,value,2026-07-25T10:50:28Z
2026-07-25T10:47:05Z,2026-07-25T12:47:05+0200,8f98f9ca-4a78-47a6-8878-9b0cbde920eb,2026-07-11T22:15:00Z,2026-07-12T00:15:00+0200,137.820007,EUR/MWh,DK2,DK_2,day_ahead_price,value,2026-07-25T10:50:28Z
2026-07-25T10:47:05Z,2026-07-25T12:47:05+0200,8f98f9ca-4a78-47a6-8878-9b0cbde920eb,2026-07-11T22:30:00Z,2026-07-12T00:30:00+0200,138.770004,EUR/MWh,DK2,DK_2,day_ahead_price,value,2026-07-25T10:50:28Z
2026-07-25T10:47:05Z,2026-07-25T12:47:05+0200,8f98f9ca-4a78-47a6-8878-9b0cbde920eb,2026-07-11T22:45:00Z,2026-07-12T00:45:00+0200,130.509995,EUR/MWh,DK2,DK_2,day_ahead_price,value,2026-07-25T10:50:28Z
2026-07-25T10:47:05Z,2026-07-25T12:47:05+0200,8f98f9ca-4a78-47a6-8878-9b0cbde920eb,2026-07-11T23:00:00Z,2026-07-12T01:00:00+0200,135.210007,EUR/MWh,DK2,DK_2,day_ahead_price,value,2026-07-25T10:50:28Z
2026-07-25T10:47:05Z,2026-07-25T12:47:05+0200,8f98f9ca-4a78-47a6-8878-9b0cbde920eb,2026-07-11T23:15:00Z,2026-07-12T01:15:00+0200,135.01,EUR/MWh,DK2,DK_2,day_ahead_price,value,2026-07-25T10:50:28Z
2026-07-25T10:47:05Z,2026-07-25T12:47:05+0200,8f98f9ca-4a78-47a6-8878-9b0cbde920eb,2026-07-11T23:30:00Z,2026-07-12T01:30:00+0200,131.339996,EUR/MWh,DK2,DK_2,day_ahead_price,value,2026-07-25T10:50:28Z
2026-07-25T10:47:05Z,2026-07-25T12:47:05+0200,8f98f9ca-4a78-47a6-8878-9b0cbde920eb,2026-07-11T23:45:00Z,2026-07-12T01:45:00+0200,126.010002,EUR/MWh,DK2,DK_2,day_ahead_price,value,2026-07-25T10:50:28Z
2026-07-25T10:47:05Z,2026-07-25T12:47:05+0200,8f98f9ca-4a78-47a6-8878-9b0cbde920eb,2026-07-12T00:00:00Z,2026-07-12T02:00:00+0200,127.95,EUR/MWh,DK2,DK_2,day_ahead_price,value,2026-07-25T10:50:28Z
2026-07-25T10:47:05Z,2026-07-25T12:47:05+0200,8f98f9ca-4a78-47a6-8878-9b0cbde920eb,2026-07-12T00:15:00Z,2026-07-12T02:15:00+0200,126.050003,EUR/MWh,DK2,DK_2,day_ahead_price,value,2026-07-25T10:50:28Z
2026-07-25T10:47:05Z,2026-07-25T12:47:05+0200,8f98f9ca-4a78-47a6-8878-9b0cbde920eb,2026-07-12T00:30:00Z,2026-07-12T02:30:00+0200,124.81,EUR/MWh,DK2,DK_2,day_ahead_price,value,2026-07-25T10:50:28Z
2026-07-25T10:47:05Z,2026-07-25T12:47:05+0200,8f98f9ca-4a78-47a6-8878-9b0cbde920eb,2026-07-12T00:45:00Z,2026-07-12T02:45:00+0200,123.510002,EUR/MWh,DK2,DK_2,day_ahead_price,value,2026-07-25T10:50:28Z
2026-07-25T10:47:05Z,2026-07-25T12:47:05+0200,8f98f9ca-4a78-47a6-8878-9b0cbde920eb,2026-07-12T01:00:00Z,2026-07-12T03:00:00+0200,127.94,EUR/MWh,DK2,DK_2,day_ahead_price,value,2026-07-25T10:50:28Z
2026-07-25T10:47:05Z,2026-07-25T12:47:05+0200,8f98f9ca-4a78-47a6-8878-9b0cbde920eb,2026-07-12T01:15:00Z,2026-07-12T03:15:00+0200,127.93,EUR/MWh,DK2,DK_2,day_ahead_price,value,2026-07-25T10:50:28Z
2026-07-25T10:47:05Z,2026-07-25T12:47:05+0200,8f98f9ca-4a78-47a6-8878-9b0cbde920eb,2026-07-12T01:30:00Z,2026-07-12T03:30:00+0200,122.860001,EUR/MWh,DK2,DK_2,day_ahead_price,value,2026-07-25T10:50:28Z
2026-07-25T10:47:05Z,2026-07-25T12:47:05+0200,8f98f9ca-4a78-47a6-8878-9b0cbde920eb,2026-07-12T01:45:00Z,2026-07-12T03:45:00+0200,121.709999,EUR/MWh,DK2,DK_2,day_ahead_price,value,2026-07-25T10:50:28Z
2026-07-25T10:47:05Z,2026-07-25T12:47:05+0200,8f98f9ca-4a78-47a6-8878-9b0cbde920eb,2026-07-12T02:00:00Z,2026-07-12T04:00:00+0200,127.01,EUR/MWh,DK2,DK_2,day_ahead_price,value,2026-07-25T10:50:28Z
2026-07-25T10:47:05Z,2026-07-25T12:47:05+0200,8f98f9ca-4a78-47a6-8878-9b0cbde920eb,2026-07-12T02:15:00Z,2026-07-12T04:15:00+0200,123.239998,EUR/MWh,DK2,DK_2,day_ahead_price,value,2026-07-25T10:50:28Z
2026-07-25T10:47:05Z,2026-07-25T12:47:05+0200,8f98f9ca-4a78-47a6-8878-9b0cbde920eb,2026-07-12T02:30:00Z,2026-07-12T04:30:00+0200,121.12,EUR/MWh,DK2,DK_2,day_ahead_price,value,2026-07-25T10:50:28Z
2026-07-25T10:47:05Z,2026-07-25T12:47:05+0200,8f98f9ca-4a78-47a6-8878-9b0cbde920eb,2026-07-12T02:45:00Z,2026-07-12T04:45:00+0200,120.199997,EUR/MWh,DK2,DK_2,day_ahead_price,value,2026-07-25T10:50:28Z
2026-07-25T10:47:05Z,2026-07-25T12:47:05+0200,8f98f9ca-4a78-47a6-8878-9b0cbde920eb,2026-07-12T03:00:00Z,2026-07-12T05:00:00+0200,122.07,EUR/MWh,DK2,DK_2,day_ahead_price,value,2026-07-25T10:50:28Z
2026-07-25T10:47:05Z,2026-07-25T12:47:05+0200,8f98f9ca-4a78-47a6-8878-9b0cbde920eb,2026-07-12T03:15:00Z,2026-07-12T05:15:00+0200,122.19,EUR/MWh,DK2,DK_2,day_ahead_price,value,2026-07-25T10:50:28Z
2026-07-25T10:47:05Z,2026-07-25T12:47:05+0200,8f98f9ca-4a78-47a6-8878-9b0cbde920eb,2026-07-12T03:30:00Z,2026-07-12T05:30:00+0200,119.4,EUR/MWh,DK2,DK_2,day_ahead_price,value,2026-07-25T10:50:28Z
2026-07-25T10:47:05Z,2026-07-25T12:47:05+0200,8f98f9ca-4a78-47a6-8878-9b0cbde920eb,2026-07-12T03:45:00Z,2026-07-12T05:45:00+0200,113.01,EUR/MWh,DK2,DK_2,day_ahead_price,value,2026-07-25T10:50:28Z
2026-07-25T10:47:05Z,2026-07-25T12:47:05+0200,8f98f9ca-4a78-47a6-8878-9b0cbde920eb,2026-07-12T04:00:00Z,2026-07-12T06:00:00+0200,117.900002,EUR/MWh,DK2,DK_2,day_ahead_price,value,2026-07-25T10:50:28Z
2026-07-25T10:47:05Z,2026-07-25T12:47:05+0200,8f98f9ca-4a78-47a6-8878-9b0cbde920eb,2026-07-12T04:15:00Z,2026-07-12T06:15:00+0200,112.34,EUR/MWh,DK2,DK_2,day_ahead_price,value,2026-07-25T10:50:28Z
2026-07-25T10:47:05Z,2026-07-25T12:47:05+0200,8f98f9ca-4a78-47a6-8878-9b0cbde920eb,2026-07-12T04:30:00Z,2026-07-12T06:30:00+0200,110.0,EUR/MWh,DK2,DK_2,day_ahead_price,value,2026-07-25T10:50:28Z
2026-07-25T10:47:05Z,2026-07-25T12:47:05+0200,8f98f9ca-4a78-47a6-8878-9b0cbde920eb,2026-07-12T04:45:00Z,2026-07-12T06:45:00+0200,105.48,EUR/MWh,DK2,DK_2,day_ahead_price,value,2026-07-25T10:50:28Z
2026-07-25T10:47:05Z,2026-07-25T12:47:05+0200,8f98f9ca-4a78-47a6-8878-9b0cbde920eb,2026-07-12T05:00:00Z,2026-07-12T07:00:00+0200,112.31,EUR/MWh,DK2,DK_2,day_ahead_price,value,2026-07-25T10:50:28Z
2026-07-25T10:47:05Z,2026-07-25T12:47:05+0200,8f98f9ca-4a78-47a6-8878-9b0cbde920eb,2026-07-12T05:15:00Z,2026-07-12T07:15:00+0200,108.31,EUR/MWh,DK2,DK_2,day_ahead_price,value,2026-07-25T10:50:28Z
2026-07-25T10:47:05Z,2026-07-25T12:47:05+0200,8f98f9ca-4a78-47a6-8878-9b0cbde920eb,2026-07-12T05:30:00Z,2026-07-12T07:30:00+0200,101.21,EUR/MWh,DK2,DK_2,day_ahead_price,value,2026-07-25T10:50:28Z
2026-07-25T10:47:05Z,2026-07-25T12:47:05+0200,8f98f9ca-4a78-47a6-8878-9b0cbde920eb,2026-07-12T05:45:00Z,2026-07-12T07:45:00+0200,77.29,EUR/MWh,DK2,DK_2,day_ahead_price,value,2026-07-25T10:50:28Z
2026-07-25T10:47:05Z,2026-07-25T12:47:05+0200,8f98f9ca-4a78-47a6-8878-9b0cbde920eb,2026-07-12T06:00:00Z,2026-07-12T08:00:00+0200,103.56,EUR/MWh,DK2,DK_2,day_ahead_price,value,2026-07-25T10:50:28Z
2026-07-25T10:47:05Z,2026-07-25T12:47:05+0200,8f98f9ca-4a78-47a6-8878-9b0cbde920eb,2026-07-12T06:15:00Z,2026-07-12T08:15:00+0200,79.449997,EUR/MWh,DK2,DK_2,day_ahead_price,value,2026-07-25T10:50:28Z
2026-07-25T10:47:05Z,2026-07-25T12:47:05+0200,8f98f9ca-4a78-47a6-8878-9b0cbde920eb,2026-07-12T06:30:00Z,2026-07-12T08:30:00+0200,50.02,EUR/MWh,DK2,DK_2,day_ahead_price,value,2026-07-25T10:50:28Z
2026-07-25T10:47:05Z,2026-07-25T12:47:05+0200,8f98f9ca-4a78-47a6-8878-9b0cbde920eb,2026-07-12T06:45:00Z,2026-07-12T08:45:00+0200,12.65,EUR/MWh,DK2,DK_2,day_ahead_price,value,2026-07-25T10:50:28Z
2026-07-25T10:47:05Z,2026-07-25T12:47:05+0200,8f98f9ca-4a78-47a6-8878-9b0cbde920eb,2026-07-12T07:00:00Z,2026-07-12T09:00:00+0200,17.29,EUR/MWh,DK2,DK_2,day_ahead_price,value,2026-07-25T10:50:28Z
2026-07-25T10:47:05Z,2026-07-25T12:47:05+0200,8f98f9ca-4a78-47a6-8878-9b0cbde920eb,2026-07-12T07:15:00Z,2026-07-12T09:15:00+0200,4.93,EUR/MWh,DK2,DK_2,day_ahead_price,value,2026-07-25T10:50:28Z
2026-07-25T10:47:05Z,2026-07-25T12:47:05+0200,8f98f9ca-4a78-47a6-8878-9b0cbde920eb,2026-07-12T07:30:00Z,2026-07-12T09:30:00+0200,3.93,EUR/MWh,DK2,DK_2,day_ahead_price,value,2026-07-25T10:50:28Z
2026-07-25T10:47:05Z,2026-07-25T12:47:05+0200,8f98f9ca-4a78-47a6-8878-9b0cbde920eb,2026-07-12T07:45:00Z,2026-07-12T09:45:00+0200,3.67,EUR/MWh,DK2,DK_2,day_ahead_price,value,2026-07-25T10:50:28Z
2026-07-25T10:47:05Z,2026-07-25T12:47:05+0200,8f98f9ca-4a78-47a6-8878-9b0cbde920eb,2026-07-12T08:00:00Z,2026-07-12T10:00:00+0200,5.28,EUR/MWh,DK2,DK_2,day_ahead_price,value,2026-07-25T10:50:28Z
2026-07-25T10:47:05Z,2026-07-25T12:47:05+0200,8f98f9ca-4a78-47a6-8878-9b0cbde920eb,2026-07-12T08:15:00Z,2026-07-12T10:15:00+0200,4.98,EUR/MWh,DK2,DK_2,day_ahead_price,value,2026-07-25T10:50:28Z
2026-07-25T10:47:05Z,2026-07-25T12:47:05+0200,8f98f9ca-4a78-47a6-8878-9b0cbde920eb,2026-07-12T08:30:00Z,2026-07-12T10:30:00+0200,4.22,EUR/MWh,DK2,DK_2,day_ahead_price,value,2026-07-25T10:50:28Z
2026-07-25T10:47:05Z,2026-07-25T12:47:05+0200,8f98f9ca-4a78-47a6-8878-9b0cbde920eb,2026-07-12T08:45:00Z,2026-07-12T10:45:00+0200,3.96,EUR/MWh,DK2,DK_2,day_ahead_price,value,2026-07-25T10:50:28Z
2026-07-25T10:47:05Z,2026-07-25T12:47:05+0200,8f98f9ca-4a78-47a6-8878-9b0cbde920eb,2026-07-12T09:00:00Z,2026-07-12T11:00:00+0200,4.9,EUR/MWh,DK2,DK_2,day_ahead_price,value,2026-07-25T10:50:28Z
2026-07-25T10:47:05Z,2026-07-25T12:47:05+0200,8f98f9ca-4a78-47a6-8878-9b0cbde920eb,2026-07-12T09:15:00Z,2026-07-12T11:15:00+0200,4.97,EUR/MWh,DK2,DK_2,day_ahead_price,value,2026-07-25T10:50:28Z
2026-07-25T10:47:05Z,2026-07-25T12:47:05+0200,8f98f9ca-4a78-47a6-8878-9b0cbde920eb,2026-07-12T09:30:00Z,2026-07-12T11:30:00+0200,4.99,EUR/MWh,DK2,DK_2,day_ahead_price,value,2026-07-25T10:50:28Z
2026-07-25T10:47:05Z,2026-07-25T12:47:05+0200,8f98f9ca-4a78-47a6-8878-9b0cbde920eb,2026-07-12T09:45:00Z,2026-07-12T11:45:00+0200,4.99,EUR/MWh,DK2,DK_2,day_ahead_price,value,2026-07-25T10:50:28Z
2026-07-25T10:47:05Z,2026-07-25T12:47:05+0200,8f98f9ca-4a78-47a6-8878-9b0cbde920eb,2026-07-12T10:00:00Z,2026-07-12T12:00:00+0200,6.03,EUR/MWh,DK2,DK_2,day_ahead_price,value,2026-07-25T10:50:28Z
2026-07-25T10:47:05Z,2026-07-25T12:47:05+0200,8f98f9ca-4a78-47a6-8878-9b0cbde920eb,2026-07-12T10:15:00Z,2026-07-12T12:15:00+0200,6.83,EUR/MWh,DK2,DK_2,day_ahead_price,value,2026-07-25T10:50:28Z
2026-07-25T10:47:05Z,2026-07-25T12:47:05+0200,8f98f9ca-4a78-47a6-8878-9b0cbde920eb,2026-07-12T10:30:00Z,2026-07-12T12:30:00+0200,5.41,EUR/MWh,DK2,DK_2,day_ahead_price,value,2026-07-25T10:50:28Z
2026-07-25T10:47:05Z,2026-07-25T12:47:05+0200,8f98f9ca-4a78-47a6-8878-9b0cbde920eb,2026-07-12T10:45:00Z,2026-07-12T12:45:00+0200,6.83,EUR/MWh,DK2,DK_2,day_ahead_price,value,2026-07-25T10:50:28Z
2026-07-25T10:47:05Z,2026-07-25T12:47:05+0200,8f98f9ca-4a78-47a6-8878-9b0cbde920eb,2026-07-12T11:00:00Z,2026-07-12T13:00:00+0200,7.7,EUR/MWh,DK2,DK_2,day_ahead_price,value,2026-07-25T10:50:28Z
2026-07-25T10:47:05Z,2026-07-25T12:47:05+0200,8f98f9ca-4a78-47a6-8878-9b0cbde920eb,2026-07-12T11:15:00Z,2026-07-12T13:15:00+0200,6.84,EUR/MWh,DK2,DK_2,day_ahead_price,value,2026-07-25T10:50:28Z
2026-07-25T10:47:05Z,2026-07-25T12:47:05+0200,8f98f9ca-4a78-47a6-8878-9b0cbde920eb,2026-07-12T11:30:00Z,2026-07-12T13:30:00+0200,8.2,EUR/MWh,DK2,DK_2,day_ahead_price,value,2026-07-25T10:50:28Z
2026-07-25T10:47:05Z,2026-07-25T12:47:05+0200,8f98f9ca-4a78-47a6-8878-9b0cbde920eb,2026-07-12T11:45:00Z,2026-07-12T13:45:00+0200,9.41,EUR/MWh,DK2,DK_2,day_ahead_price,value,2026-07-25T10:50:28Z
2026-07-25T10:47:05Z,2026-07-25T12:47:05+0200,8f98f9ca-4a78-47a6-8878-9b0cbde920eb,2026-07-12T12:00:00Z,2026-07-12T14:00:00+0200,10.05,EUR/MWh,DK2,DK_2,day_ahead_price,value,2026-07-25T10:50:28Z
2026-07-25T10:47:05Z,2026-07-25T12:47:05+0200,8f98f9ca-4a78-47a6-8878-9b0cbde920eb,2026-07-12T12:15:00Z,2026-07-12T14:15:00+0200,10.88,EUR/MWh,DK2,DK_2,day_ahead_price,value,2026-07-25T10:50:28Z
2026-07-25T10:47:05Z,2026-07-25T12:47:05+0200,8f98f9ca-4a78-47a6-8878-9b0cbde920eb,2026-07-12T12:30:00Z,2026-07-12T14:30:00+0200,11.1,EUR/MWh,DK2,DK_2,day_ahead_price,value,2026-07-25T10:50:28Z
2026-07-25T10:47:05Z,2026-07-25T12:47:05+0200,8f98f9ca-4a78-47a6-8878-9b0cbde920eb,2026-07-12T12:45:00Z,2026-07-12T14:45:00+0200,12.84,EUR/MWh,DK2,DK_2,day_ahead_price,value,2026-07-25T10:50:28Z
2026-07-25T10:47:05Z,2026-07-25T12:47:05+0200,8f98f9ca-4a78-47a6-8878-9b0cbde920eb,2026-07-12T13:00:00Z,2026-07-12T15:00:00+0200,10.64,EUR/MWh,DK2,DK_2,day_ahead_price,value,2026-07-25T10:50:28Z
2026-07-25T10:47:05Z,2026-07-25T12:47:05+0200,8f98f9ca-4a78-47a6-8878-9b0cbde920eb,2026-07-12T13:15:00Z,2026-07-12T15:15:00+0200,11.84,EUR/MWh,DK2,DK_2,day_ahead_price,value,2026-07-25T10:50:28Z
2026-07-25T10:47:05Z,2026-07-25T12:47:05+0200,8f98f9ca-4a78-47a6-8878-9b0cbde920eb,2026-07-12T13:30:00Z,2026-07-12T15:30:00+0200,12.8,EUR/MWh,DK2,DK_2,day_ahead_price,value,2026-07-25T10:50:28Z
2026-07-25T10:47:05Z,2026-07-25T12:47:05+0200,8f98f9ca-4a78-47a6-8878-9b0cbde920eb,2026-07-12T13:45:00Z,2026-07-12T15:45:00+0200,13.85,EUR/MWh,DK2,DK_2,day_ahead_price,value,2026-07-25T10:50:28Z
2026-07-25T10:47:05Z,2026-07-25T12:47:05+0200,8f98f9ca-4a78-47a6-8878-9b0cbde920eb,2026-07-12T14:00:00Z,2026-07-12T16:00:00+0200,12.57,EUR/MWh,DK2,DK_2,day_ahead_price,value,2026-07-25T10:50:28Z
2026-07-25T10:47:05Z,2026-07-25T12:47:05+0200,8f98f9ca-4a78-47a6-8878-9b0cbde920eb,2026-07-12T14:15:00Z,2026-07-12T16:15:00+0200,12.85,EUR/MWh,DK2,DK_2,day_ahead_price,value,2026-07-25T10:50:28Z
2026-07-25T10:47:05Z,2026-07-25T12:47:05+0200,8f98f9ca-4a78-47a6-8878-9b0cbde920eb,2026-07-12T14:30:00Z,2026-07-12T16:30:00+0200,13.59,EUR/MWh,DK2,DK_2,day_ahead_price,value,2026-07-25T10:50:28Z
2026-07-25T10:47:05Z,2026-07-25T12:47:05+0200,8f98f9ca-4a78-47a6-8878-9b0cbde920eb,2026-07-12T14:45:00Z,2026-07-12T16:45:00+0200,14.23,EUR/MWh,DK2,DK_2,day_ahead_price,value,2026-07-25T10:50:28Z
2026-07-25T10:47:05Z,2026-07-25T12:47:05+0200,8f98f9ca-4a78-47a6-8878-9b0cbde920eb,2026-07-12T15:00:00Z,2026-07-12T17:00:00+0200,13.15,EUR/MWh,DK2,DK_2,day_ahead_price,value,2026-07-25T10:50:28Z
2026-07-25T10:47:05Z,2026-07-25T12:47:05+0200,8f98f9ca-4a78-47a6-8878-9b0cbde920eb,2026-07-12T15:15:00Z,2026-07-12T17:15:00+0200,16.27,EUR/MWh,DK2,DK_2,day_ahead_price,value,2026-07-25T10:50:28Z
2026-07-25T10:47:05Z,2026-07-25T12:47:05+0200,8f98f9ca-4a78-47a6-8878-9b0cbde920eb,2026-07-12T15:30:00Z,2026-07-12T17:30:00+0200,19.52,EUR/MWh,DK2,DK_2,day_ahead_price,value,2026-07-25T10:50:28Z
2026-07-25T10:47:05Z,2026-07-25T12:47:05+0200,8f98f9ca-4a78-47a6-8878-9b0cbde920eb,2026-07-12T15:45:00Z,2026-07-12T17:45:00+0200,57.23,EUR/MWh,DK2,DK_2,day_ahead_price,value,2026-07-25T10:50:28Z
2026-07-25T10:47:05Z,2026-07-25T12:47:05+0200,8f98f9ca-4a78-47a6-8878-9b0cbde920eb,2026-07-12T16:00:00Z,2026-07-12T18:00:00+0200,33.639999,EUR/MWh,DK2,DK_2,day_ahead_price,value,2026-07-25T10:50:28Z
2026-07-25T10:47:05Z,2026-07-25T12:47:05+0200,8f98f9ca-4a78-47a6-8878-9b0cbde920eb,2026-07-12T16:15:00Z,2026-07-12T18:15:00+0200,100.14,EUR/MWh,DK2,DK_2,day_ahead_price,value,2026-07-25T10:50:28Z
2026-07-25T10:47:05Z,2026-07-25T12:47:05+0200,8f98f9ca-4a78-47a6-8878-9b0cbde920eb,2026-07-12T16:30:00Z,2026-07-12T18:30:00+0200,114.27,EUR/MWh,DK2,DK_2,day_ahead_price,value,2026-07-25T10:50:28Z
2026-07-25T10:47:05Z,2026-07-25T12:47:05+0200,8f98f9ca-4a78-47a6-8878-9b0cbde920eb,2026-07-12T16:45:00Z,2026-07-12T18:45:00+0200,124.279999,EUR/MWh,DK2,DK_2,day_ahead_price,value,2026-07-25T10:50:28Z
2026-07-25T10:47:05Z,2026-07-25T12:47:05+0200,8f98f9ca-4a78-47a6-8878-9b0cbde920eb,2026-07-12T17:00:00Z,2026-07-12T19:00:00+0200,120.04,EUR/MWh,DK2,DK_2,day_ahead_price,value,2026-07-25T10:50:28Z
2026-07-25T10:47:05Z,2026-07-25T12:47:05+0200,8f98f9ca-4a78-47a6-8878-9b0cbde920eb,2026-07-12T17:15:00Z,2026-07-12T19:15:00+0200,131.04,EUR/MWh,DK2,DK_2,day_ahead_price,value,2026-07-25T10:50:28Z
2026-07-25T10:47:05Z,2026-07-25T12:47:05+0200,8f98f9ca-4a78-47a6-8878-9b0cbde920eb,2026-07-12T17:30:00Z,2026-07-12T19:30:00+0200,137.05,EUR/MWh,DK2,DK_2,day_ahead_price,value,2026-07-25T10:50:28Z
2026-07-25T10:47:05Z,2026-07-25T12:47:05+0200,8f98f9ca-4a78-47a6-8878-9b0cbde920eb,2026-07-12T17:45:00Z,2026-07-12T19:45:00+0200,145.0,EUR/MWh,DK2,DK_2,day_ahead_price,value,2026-07-25T10:50:28Z
2026-07-25T10:47:05Z,2026-07-25T12:47:05+0200,8f98f9ca-4a78-47a6-8878-9b0cbde920eb,2026-07-12T18:00:00Z,2026-07-12T20:00:00+0200,137.15,EUR/MWh,DK2,DK_2,day_ahead_price,value,2026-07-25T10:50:28Z
2026-07-25T10:47:05Z,2026-07-25T12:47:05+0200,8f98f9ca-4a78-47a6-8878-9b0cbde920eb,2026-07-12T18:15:00Z,2026-07-12T20:15:00+0200,140.51,EUR/MWh,DK2,DK_2,day_ahead_price,value,2026-07-25T10:50:28Z
2026-07-25T10:47:05Z,2026-07-25T12:47:05+0200,8f98f9ca-4a78-47a6-8878-9b0cbde920eb,2026-07-12T18:30:00Z,2026-07-12T20:30:00+0200,141.320007,EUR/MWh,DK2,DK_2,day_ahead_price,value,2026-07-25T10:50:28Z
2026-07-25T10:47:05Z,2026-07-25T12:47:05+0200,8f98f9ca-4a78-47a6-8878-9b0cbde920eb,2026-07-12T18:45:00Z,2026-07-12T20:45:00+0200,144.13,EUR/MWh,DK2,DK_2,day_ahead_price,value,2026-07-25T10:50:28Z
2026-07-25T10:47:05Z,2026-07-25T12:47:05+0200,8f98f9ca-4a78-47a6-8878-9b0cbde920eb,2026-07-12T19:00:00Z,2026-07-12T21:00:00+0200,140.110001,EUR/MWh,DK2,DK_2,day_ahead_price,value,2026-07-25T10:50:28Z
2026-07-25T10:47:05Z,2026-07-25T12:47:05+0200,8f98f9ca-4a78-47a6-8878-9b0cbde920eb,2026-07-12T19:15:00Z,2026-07-12T21:15:00+0200,144.95,EUR/MWh,DK2,DK_2,day_ahead_price,value,2026-07-25T10:50:28Z
2026-07-25T10:47:05Z,2026-07-25T12:47:05+0200,8f98f9ca-4a78-47a6-8878-9b0cbde920eb,2026-07-12T19:30:00Z,2026-07-12T21:30:00+0200,145.94,EUR/MWh,DK2,DK_2,day_ahead_price,value,2026-07-25T10:50:28Z
2026-07-25T10:47:05Z,2026-07-25T12:47:05+0200,8f98f9ca-4a78-47a6-8878-9b0cbde920eb,2026-07-12T19:45:00Z,2026-07-12T21:45:00+0200,146.99,EUR/MWh,DK2,DK_2,day_ahead_price,value,2026-07-25T10:50:28Z
2026-07-25T10:47:05Z,2026-07-25T12:47:05+0200,8f98f9ca-4a78-47a6-8878-9b0cbde920eb,2026-07-12T20:00:00Z,2026-07-12T22:00:00+0200,149.710007,EUR/MWh,DK2,DK_2,day_ahead_price,value,2026-07-25T10:50:28Z
2026-07-25T10:47:05Z,2026-07-25T12:47:05+0200,8f98f9ca-4a78-47a6-8878-9b0cbde920eb,2026-07-12T20:15:00Z,2026-07-12T22:15:00+0200,145.0,EUR/MWh,DK2,DK_2,day_ahead_price,value,2026-07-25T10:50:28Z
2026-07-25T10:47:05Z,2026-07-25T12:47:05+0200,8f98f9ca-4a78-47a6-8878-9b0cbde920eb,2026-07-12T20:30:00Z,2026-07-12T22:30:00+0200,144.95,EUR/MWh,DK2,DK_2,day_ahead_price,value,2026-07-25T10:50:28Z
2026-07-25T10:47:05Z,2026-07-25T12:47:05+0200,8f98f9ca-4a78-47a6-8878-9b0cbde920eb,2026-07-12T20:45:00Z,2026-07-12T22:45:00+0200,140.09,EUR/MWh,DK2,DK_2,day_ahead_price,value,2026-07-25T10:50:28Z
2026-07-25T10:47:05Z,2026-07-25T12:47:05+0200,8f98f9ca-4a78-47a6-8878-9b0cbde920eb,2026-07-12T21:00:00Z,2026-07-12T23:00:00+0200,144.98,EUR/MWh,DK2,DK_2,day_ahead_price,value,2026-07-25T10:50:28Z
2026-07-25T10:47:05Z,2026-07-25T12:47:05+0200,8f98f9ca-4a78-47a6-8878-9b0cbde920eb,2026-07-12T21:15:00Z,2026-07-12T23:15:00+0200,137.91,EUR/MWh,DK2,DK_2,day_ahead_price,value,2026-07-25T10:50:28Z
2026-07-25T10:47:05Z,2026-07-25T12:47:05+0200,8f98f9ca-4a78-47a6-8878-9b0cbde920eb,2026-07-12T21:30:00Z,2026-07-12T23:30:00+0200,138.470001,EUR/MWh,DK2,DK_2,day_ahead_price,value,2026-07-25T10:50:28Z
2026-07-25T10:47:05Z,2026-07-25T12:47:05+0200,8f98f9ca-4a78-47a6-8878-9b0cbde920eb,2026-07-12T21:45:00Z,2026-07-12T23:45:00+0200,135.940002,EUR/MWh,DK2,DK_2,day_ahead_price,value,2026-07-25T10:50:28Z
2026-07-25T10:47:05Z,2026-07-25T12:47:05+0200,8f98f9ca-4a78-47a6-8878-9b0cbde920eb,2026-07-12T22:00:00Z,2026-07-13T00:00:00+0200,131.94,EUR/MWh,DK2,DK_2,day_ahead_price,value,2026-07-25T10:50:28Z
2026-07-25T10:47:05Z,2026-07-25T12:47:05+0200,8f98f9ca-4a78-47a6-8878-9b0cbde920eb,2026-07-12T22:15:00Z,2026-07-13T00:15:00+0200,130.009995,EUR/MWh,DK2,DK_2,day_ahead_price,value,2026-07-25T10:50:28Z
2026-07-25T10:47:05Z,2026-07-25T12:47:05+0200,8f98f9ca-4a78-47a6-8878-9b0cbde920eb,2026-07-12T22:30:00Z,2026-07-13T00:30:00+0200,129.41,EUR/MWh,DK2,DK_2,day_ahead_price,value,2026-07-25T10:50:28Z
2026-07-25T10:47:05Z,2026-07-25T12:47:05+0200,8f98f9ca-4a78-47a6-8878-9b0cbde920eb,2026-07-12T22:45:00Z,2026-07-13T00:45:00+0200,127.58,EUR/MWh,DK2,DK_2,day_ahead_price,value,2026-07-25T10:50:28Z
2026-07-25T10:47:05Z,2026-07-25T12:47:05+0200,8f98f9ca-4a78-47a6-8878-9b0cbde920eb,2026-07-12T23:00:00Z,2026-07-13T01:00:00+0200,128.43,EUR/MWh,DK2,DK_2,day_ahead_price,value,2026-07-25T10:50:28Z
2026-07-25T10:47:05Z,2026-07-25T12:47:05+0200,8f98f9ca-4a78-47a6-8878-9b0cbde920eb,2026-07-12T23:15:00Z,2026-07-13T01:15:00+0200,124.18,EUR/MWh,DK2,DK_2,day_ahead_price,value,2026-07-25T10:50:28Z
2026-07-25T10:47:05Z,2026-07-25T12:47:05+0200,8f98f9ca-4a78-47a6-8878-9b0cbde920eb,2026-07-12T23:30:00Z,2026-07-13T01:30:00+0200,123.699997,EUR/MWh,DK2,DK_2,day_ahead_price,value,2026-07-25T10:50:28Z
2026-07-25T10:47:05Z,2026-07-25T12:47:05+0200,8f98f9ca-4a78-47a6-8878-9b0cbde920eb,2026-07-12T23:45:00Z,2026-07-13T01:45:00+0200,121.77,EUR/MWh,DK2,DK_2,day_ahead_price,value,2026-07-25T10:50:28Z
2026-07-25T10:47:05Z,2026-07-25T12:47:05+0200,8f98f9ca-4a78-47a6-8878-9b0cbde920eb,2026-07-13T00:00:00Z,2026-07-13T02:00:00+0200,122.93,EUR/MWh,DK2,DK_2,day_ahead_price,value,2026-07-25T10:50:28Z
2026-07-25T10:47:05Z,2026-07-25T12:47:05+0200,8f98f9ca-4a78-47a6-8878-9b0cbde920eb,2026-07-13T00:15:00Z,2026-07-13T02:15:00+0200,119.38,EUR/MWh,DK2,DK_2,day_ahead_price,value,2026-07-25T10:50:28Z
2026-07-25T10:47:05Z,2026-07-25T12:47:05+0200,8f98f9ca-4a78-47a6-8878-9b0cbde920eb,2026-07-13T00:30:00Z,2026-07-13T02:30:00+0200,119.779999,EUR/MWh,DK2,DK_2,day_ahead_price,value,2026-07-25T10:50:28Z
2026-07-25T10:47:05Z,2026-07-25T12:47:05+0200,8f98f9ca-4a78-47a6-8878-9b0cbde920eb,2026-07-13T00:45:00Z,2026-07-13T02:45:00+0200,120.14,EUR/MWh,DK2,DK_2,day_ahead_price,value,2026-07-25T10:50:28Z
2026-07-25T10:47:05Z,2026-07-25T12:47:05+0200,8f98f9ca-4a78-47a6-8878-9b0cbde920eb,2026-07-13T01:00:00Z,2026-07-13T03:00:00+0200,119.95,EUR/MWh,DK2,DK_2,day_ahead_price,value,2026-07-25T10:50:28Z
2026-07-25T10:47:05Z,2026-07-25T12:47:05+0200,8f98f9ca-4a78-47a6-8878-9b0cbde920eb,2026-07-13T01:15:00Z,2026-07-13T03:15:00+0200,120.26,EUR/MWh,DK2,DK_2,day_ahead_price,value,2026-07-25T10:50:28Z
2026-07-25T10:47:05Z,2026-07-25T12:47:05+0200,8f98f9ca-4a78-47a6-8878-9b0cbde920eb,2026-07-13T01:30:00Z,2026-07-13T03:30:00+0200,121.92,EUR/MWh,DK2,DK_2,day_ahead_price,value,2026-07-25T10:50:28Z
2026-07-25T10:47:05Z,2026-07-25T12:47:05+0200,8f98f9ca-4a78-47a6-8878-9b0cbde920eb,2026-07-13T01:45:00Z,2026-07-13T03:45:00+0200,123.65,EUR/MWh,DK2,DK_2,day_ahead_price,value,2026-07-25T10:50:28Z
2026-07-25T10:47:05Z,2026-07-25T12:47:05+0200,8f98f9ca-4a78-47a6-8878-9b0cbde920eb,2026-07-13T02:00:00Z,2026-07-13T04:00:00+0200,118.69,EUR/MWh,DK2,DK_2,day_ahead_price,value,2026-07-25T10:50:28Z
2026-07-25T10:47:05Z,2026-07-25T12:47:05+0200,8f98f9ca-4a78-47a6-8878-9b0cbde920eb,2026-07-13T02:15:00Z,2026-07-13T04:15:00+0200,122.739998,EUR/MWh,DK2,DK_2,day_ahead_price,value,2026-07-25T10:50:28Z
2026-07-25T10:47:05Z,2026-07-25T12:47:05+0200,8f98f9ca-4a78-47a6-8878-9b0cbde920eb,2026-07-13T02:30:00Z,2026-07-13T04:30:00+0200,125.76,EUR/MWh,DK2,DK_2,day_ahead_price,value,2026-07-25T10:50:28Z
2026-07-25T10:47:05Z,2026-07-25T12:47:05+0200,8f98f9ca-4a78-47a6-8878-9b0cbde920eb,2026-07-13T02:45:00Z,2026-07-13T04:45:00+0200,126.99,EUR/MWh,DK2,DK_2,day_ahead_price,value,2026-07-25T10:50:28Z
2026-07-25T10:47:05Z,2026-07-25T12:47:05+0200,8f98f9ca-4a78-47a6-8878-9b0cbde920eb,2026-07-13T03:00:00Z,2026-07-13T05:00:00+0200,126.470001,EUR/MWh,DK2,DK_2,day_ahead_price,value,2026-07-25T10:50:28Z
2026-07-25T10:47:05Z,2026-07-25T12:47:05+0200,8f98f9ca-4a78-47a6-8878-9b0cbde920eb,2026-07-13T03:15:00Z,2026-07-13T05:15:00+0200,130.410004,EUR/MWh,DK2,DK_2,day_ahead_price,value,2026-07-25T10:50:28Z
2026-07-25T10:47:05Z,2026-07-25T12:47:05+0200,8f98f9ca-4a78-47a6-8878-9b0cbde920eb,2026-07-13T03:30:00Z,2026-07-13T05:30:00+0200,137.080002,EUR/MWh,DK2,DK_2,day_ahead_price,value,2026-07-25T10:50:28Z
2026-07-25T10:47:05Z,2026-07-25T12:47:05+0200,8f98f9ca-4a78-47a6-8878-9b0cbde920eb,2026-07-13T03:45:00Z,2026-07-13T05:45:00+0200,140.860001,EUR/MWh,DK2,DK_2,day_ahead_price,value,2026-07-25T10:50:28Z
2026-07-25T10:47:05Z,2026-07-25T12:47:05+0200,8f98f9ca-4a78-47a6-8878-9b0cbde920eb,2026-07-13T04:00:00Z,2026-07-13T06:00:00+0200,147.0,EUR/MWh,DK2,DK_2,day_ahead_price,value,2026-07-25T10:50:28Z
2026-07-25T10:47:05Z,2026-07-25T12:47:05+0200,8f98f9ca-4a78-47a6-8878-9b0cbde920eb,2026-07-13T04:15:00Z,2026-07-13T06:15:00+0200,152.03,EUR/MWh,DK2,DK_2,day_ahead_price,value,2026-07-25T10:50:28Z
2026-07-25T10:47:05Z,2026-07-25T12:47:05+0200,8f98f9ca-4a78-47a6-8878-9b0cbde920eb,2026-07-13T04:30:00Z,2026-07-13T06:30:00+0200,151.13,EUR/MWh,DK2,DK_2,day_ahead_price,value,2026-07-25T10:50:28Z
2026-07-25T10:47:05Z,2026-07-25T12:47:05+0200,8f98f9ca-4a78-47a6-8878-9b0cbde920eb,2026-07-13T04:45:00Z,2026-07-13T06:45:00+0200,150.520004,EUR/MWh,DK2,DK_2,day_ahead_price,value,2026-07-25T10:50:28Z
2026-07-25T10:47:05Z,2026-07-25T12:47:05+0200,8f98f9ca-4a78-47a6-8878-9b0cbde920eb,2026-07-13T05:00:00Z,2026-07-13T07:00:00+0200,170.520004,EUR/MWh,DK2,DK_2,day_ahead_price,value,2026-07-25T10:50:28Z
2026-07-25T10:47:05Z,2026-07-25T12:47:05+0200,8f98f9ca-4a78-47a6-8878-9b0cbde920eb,2026-07-13T05:15:00Z,2026-07-13T07:15:00+0200,166.29,EUR/MWh,DK2,DK_2,day_ahead_price,value,2026-07-25T10:50:28Z
2026-07-25T10:47:05Z,2026-07-25T12:47:05+0200,8f98f9ca-4a78-47a6-8878-9b0cbde920eb,2026-07-13T05:30:00Z,2026-07-13T07:30:00+0200,153.97,EUR/MWh,DK2,DK_2,day_ahead_price,value,2026-07-25T10:50:28Z
2026-07-25T10:47:05Z,2026-07-25T12:47:05+0200,8f98f9ca-4a78-47a6-8878-9b0cbde920eb,2026-07-13T05:45:00Z,2026-07-13T07:45:00+0200,144.74,EUR/MWh,DK2,DK_2,day_ahead_price,value,2026-07-25T10:50:28Z
2026-07-25T10:47:05Z,2026-07-25T12:47:05+0200,8f98f9ca-4a78-47a6-8878-9b0cbde920eb,2026-07-13T06:00:00Z,2026-07-13T08:00:00+0200,151.949997,EUR/MWh,DK2,DK_2,day_ahead_price,value,2026-07-25T10:50:28Z
2026-07-25T10:47:05Z,2026-07-25T12:47:05+0200,8f98f9ca-4a78-47a6-8878-9b0cbde920eb,2026-07-13T06:15:00Z,2026-07-13T08:15:00+0200,146.55,EUR/MWh,DK2,DK_2,day_ahead_price,value,2026-07-25T10:50:28Z
2026-07-25T10:47:05Z,2026-07-25T12:47:05+0200,8f98f9ca-4a78-47a6-8878-9b0cbde920eb,2026-07-13T06:30:00Z,2026-07-13T08:30:00+0200,131.54,EUR/MWh,DK2,DK_2,day_ahead_price,value,2026-07-25T10:50:28Z
2026-07-25T10:47:05Z,2026-07-25T12:47:05+0200,8f98f9ca-4a78-47a6-8878-9b0cbde920eb,2026-07-13T06:45:00Z,2026-07-13T08:45:00+0200,127.730003,EUR/MWh,DK2,DK_2,day_ahead_price,value,2026-07-25T10:50:28Z
2026-07-25T10:47:05Z,2026-07-25T12:47:05+0200,8f98f9ca-4a78-47a6-8878-9b0cbde920eb,2026-07-13T07:00:00Z,2026-07-13T09:00:00+0200,143.02,EUR/MWh,DK2,DK_2,day_ahead_price,value,2026-07-25T10:50:28Z
2026-07-25T10:47:05Z,2026-07-25T12:47:05+0200,8f98f9ca-4a78-47a6-8878-9b0cbde920eb,2026-07-13T07:15:00Z,2026-07-13T09:15:00+0200,130.550003,EUR/MWh,DK2,DK_2,day_ahead_price,value,2026-07-25T10:50:28Z
2026-07-25T10:47:05Z,2026-07-25T12:47:05+0200,8f98f9ca-4a78-47a6-8878-9b0cbde920eb,2026-07-13T07:30:00Z,2026-07-13T09:30:00+0200,113.55,EUR/MWh,DK2,DK_2,day_ahead_price,value,2026-07-25T10:50:28Z
2026-07-25T10:47:05Z,2026-07-25T12:47:05+0200,8f98f9ca-4a78-47a6-8878-9b0cbde920eb,2026-07-13T07:45:00Z,2026-07-13T09:45:00+0200,104.76,EUR/MWh,DK2,DK_2,day_ahead_price,value,2026-07-25T10:50:28Z
2026-07-25T10:47:05Z,2026-07-25T12:47:05+0200,8f98f9ca-4a78-47a6-8878-9b0cbde920eb,2026-07-13T08:00:00Z,2026-07-13T10:00:00+0200,119.24,EUR/MWh,DK2,DK_2,day_ahead_price,value,2026-07-25T10:50:28Z
2026-07-25T10:47:05Z,2026-07-25T12:47:05+0200,8f98f9ca-4a78-47a6-8878-9b0cbde920eb,2026-07-13T08:15:00Z,2026-07-13T10:15:00+0200,105.54,EUR/MWh,DK2,DK_2,day_ahead_price,value,2026-07-25T10:50:28Z
2026-07-25T10:47:05Z,2026-07-25T12:47:05+0200,8f98f9ca-4a78-47a6-8878-9b0cbde920eb,2026-07-13T08:30:00Z,2026-07-13T10:30:00+0200,96.08,EUR/MWh,DK2,DK_2,day_ahead_price,value,2026-07-25T10:50:28Z
2026-07-25T10:47:05Z,2026-07-25T12:47:05+0200,8f98f9ca-4a78-47a6-8878-9b0cbde920eb,2026-07-13T08:45:00Z,2026-07-13T10:45:00+0200,81.580002,EUR/MWh,DK2,DK_2,day_ahead_price,value,2026-07-25T10:50:28Z
2026-07-25T10:47:05Z,2026-07-25T12:47:05+0200,8f98f9ca-4a78-47a6-8878-9b0cbde920eb,2026-07-13T09:00:00Z,2026-07-13T11:00:00+0200,87.480003,EUR/MWh,DK2,DK_2,day_ahead_price,value,2026-07-25T10:50:28Z
2026-07-25T10:47:05Z,2026-07-25T12:47:05+0200,8f98f9ca-4a78-47a6-8878-9b0cbde920eb,2026-07-13T09:15:00Z,2026-07-13T11:15:00+0200,78.65,EUR/MWh,DK2,DK_2,day_ahead_price,value,2026-07-25T10:50:28Z
2026-07-25T10:47:05Z,2026-07-25T12:47:05+0200,8f98f9ca-4a78-47a6-8878-9b0cbde920eb,2026-07-13T09:30:00Z,2026-07-13T11:30:00+0200,69.99,EUR/MWh,DK2,DK_2,day_ahead_price,value,2026-07-25T10:50:28Z
2026-07-25T10:47:05Z,2026-07-25T12:47:05+0200,8f98f9ca-4a78-47a6-8878-9b0cbde920eb,2026-07-13T09:45:00Z,2026-07-13T11:45:00+0200,60.150002,EUR/MWh,DK2,DK_2,day_ahead_price,value,2026-07-25T10:50:28Z
2026-07-25T10:47:05Z,2026-07-25T12:47:05+0200,8f98f9ca-4a78-47a6-8878-9b0cbde920eb,2026-07-13T10:00:00Z,2026-07-13T12:00:00+0200,64.49,EUR/MWh,DK2,DK_2,day_ahead_price,value,2026-07-25T10:50:28Z
2026-07-25T10:47:05Z,2026-07-25T12:47:05+0200,8f98f9ca-4a78-47a6-8878-9b0cbde920eb,2026-07-13T10:15:00Z,2026-07-13T12:15:00+0200,53.17,EUR/MWh,DK2,DK_2,day_ahead_price,value,2026-07-25T10:50:28Z
2026-07-25T10:47:05Z,2026-07-25T12:47:05+0200,8f98f9ca-4a78-47a6-8878-9b0cbde920eb,2026-07-13T10:30:00Z,2026-07-13T12:30:00+0200,55.18,EUR/MWh,DK2,DK_2,day_ahead_price,value,2026-07-25T10:50:28Z
2026-07-25T10:47:05Z,2026-07-25T12:47:05+0200,8f98f9ca-4a78-47a6-8878-9b0cbde920eb,2026-07-13T10:45:00Z,2026-07-13T12:45:00+0200,62.0,EUR/MWh,DK2,DK_2,day_ahead_price,value,2026-07-25T10:50:28Z
2026-07-25T10:47:05Z,2026-07-25T12:47:05+0200,8f98f9ca-4a78-47a6-8878-9b0cbde920eb,2026-07-13T11:00:00Z,2026-07-13T13:00:00+0200,57.59,EUR/MWh,DK2,DK_2,day_ahead_price,value,2026-07-25T10:50:28Z
2026-07-25T10:47:05Z,2026-07-25T12:47:05+0200,8f98f9ca-4a78-47a6-8878-9b0cbde920eb,2026-07-13T11:15:00Z,2026-07-13T13:15:00+0200,59.08,EUR/MWh,DK2,DK_2,day_ahead_price,value,2026-07-25T10:50:28Z
2026-07-25T10:47:05Z,2026-07-25T12:47:05+0200,8f98f9ca-4a78-47a6-8878-9b0cbde920eb,2026-07-13T11:30:00Z,2026-07-13T13:30:00+0200,52.41,EUR/MWh,DK2,DK_2,day_ahead_price,value,2026-07-25T10:50:28Z
2026-07-25T10:47:05Z,2026-07-25T12:47:05+0200,8f98f9ca-4a78-47a6-8878-9b0cbde920eb,2026-07-13T11:45:00Z,2026-07-13T13:45:00+0200,56.639999,EUR/MWh,DK2,DK_2,day_ahead_price,value,2026-07-25T10:50:28Z
2026-07-25T10:47:05Z,2026-07-25T12:47:05+0200,8f98f9ca-4a78-47a6-8878-9b0cbde920eb,2026-07-13T12:00:00Z,2026-07-13T14:00:00+0200,53.32,EUR/MWh,DK2,DK_2,day_ahead_price,value,2026-07-25T10:50:28Z
2026-07-25T10:47:05Z,2026-07-25T12:47:05+0200,8f98f9ca-4a78-47a6-8878-9b0cbde920eb,2026-07-13T12:15:00Z,2026-07-13T14:15:00+0200,60.17,EUR/MWh,DK2,DK_2,day_ahead_price,value,2026-07-25T10:50:28Z
2026-07-25T10:47:05Z,2026-07-25T12:47:05+0200,8f98f9ca-4a78-47a6-8878-9b0cbde920eb,2026-07-13T12:30:00Z,2026-07-13T14:30:00+0200,57.67,EUR/MWh,DK2,DK_2,day_ahead_price,value,2026-07-25T10:50:28Z
2026-07-25T10:47:05Z,2026-07-25T12:47:05+0200,8f98f9ca-4a78-47a6-8878-9b0cbde920eb,2026-07-13T12:45:00Z,2026-07-13T14:45:00+0200,61.2,EUR/MWh,DK2,DK_2,day_ahead_price,value,2026-07-25T10:50:28Z
2026-07-25T10:47:05Z,2026-07-25T12:47:05+0200,8f98f9ca-4a78-47a6-8878-9b0cbde920eb,2026-07-13T13:00:00Z,2026-07-13T15:00:00+0200,49.95,EUR/MWh,DK2,DK_2,day_ahead_price,value,2026-07-25T10:50:28Z
2026-07-25T10:47:05Z,2026-07-25T12:47:05+0200,8f98f9ca-4a78-47a6-8878-9b0cbde920eb,2026-07-13T13:15:00Z,2026-07-13T15:15:00+0200,58.150002,EUR/MWh,DK2,DK_2,day_ahead_price,value,2026-07-25T10:50:28Z
2026-07-25T10:47:05Z,2026-07-25T12:47:05+0200,8f98f9ca-4a78-47a6-8878-9b0cbde920eb,2026-07-13T13:30:00Z,2026-07-13T15:30:00+0200,68.37,EUR/MWh,DK2,DK_2,day_ahead_price,value,2026-07-25T10:50:28Z
2026-07-25T10:47:05Z,2026-07-25T12:47:05+0200,8f98f9ca-4a78-47a6-8878-9b0cbde920eb,2026-07-13T13:45:00Z,2026-07-13T15:45:00+0200,85.010002,EUR/MWh,DK2,DK_2,day_ahead_price,value,2026-07-25T10:50:28Z
2026-07-25T10:47:05Z,2026-07-25T12:47:05+0200,8f98f9ca-4a78-47a6-8878-9b0cbde920eb,2026-07-13T14:00:00Z,2026-07-13T16:00:00+0200,69.69,EUR/MWh,DK2,DK_2,day_ahead_price,value,2026-07-25T10:50:28Z
2026-07-25T10:47:05Z,2026-07-25T12:47:05+0200,8f98f9ca-4a78-47a6-8878-9b0cbde920eb,2026-07-13T14:15:00Z,2026-07-13T16:15:00+0200,91.77,EUR/MWh,DK2,DK_2,day_ahead_price,value,2026-07-25T10:50:28Z
2026-07-25T10:47:05Z,2026-07-25T12:47:05+0200,8f98f9ca-4a78-47a6-8878-9b0cbde920eb,2026-07-13T14:30:00Z,2026-07-13T16:30:00+0200,95.910004,EUR/MWh,DK2,DK_2,day_ahead_price,value,2026-07-25T10:50:28Z
2026-07-25T10:47:05Z,2026-07-25T12:47:05+0200,8f98f9ca-4a78-47a6-8878-9b0cbde920eb,2026-07-13T14:45:00Z,2026-07-13T16:45:00+0200,99.910004,EUR/MWh,DK2,DK_2,day_ahead_price,value,2026-07-25T10:50:28Z
2026-07-25T10:47:05Z,2026-07-25T12:47:05+0200,8f98f9ca-4a78-47a6-8878-9b0cbde920eb,2026-07-13T15:00:00Z,2026-07-13T17:00:00+0200,106.46,EUR/MWh,DK2,DK_2,day_ahead_price,value,2026-07-25T10:50:28Z
2026-07-25T10:47:05Z,2026-07-25T12:47:05+0200,8f98f9ca-4a78-47a6-8878-9b0cbde920eb,2026-07-13T15:15:00Z,2026-07-13T17:15:00+0200,118.839996,EUR/MWh,DK2,DK_2,day_ahead_price,value,2026-07-25T10:50:28Z
2026-07-25T10:47:05Z,2026-07-25T12:47:05+0200,8f98f9ca-4a78-47a6-8878-9b0cbde920eb,2026-07-13T15:30:00Z,2026-07-13T17:30:00+0200,133.529999,EUR/MWh,DK2,DK_2,day_ahead_price,value,2026-07-25T10:50:28Z
2026-07-25T10:47:05Z,2026-07-25T12:47:05+0200,8f98f9ca-4a78-47a6-8878-9b0cbde920eb,2026-07-13T15:45:00Z,2026-07-13T17:45:00+0200,137.179993,EUR/MWh,DK2,DK_2,day_ahead_price,value,2026-07-25T10:50:28Z
2026-07-25T10:47:05Z,2026-07-25T12:47:05+0200,8f98f9ca-4a78-47a6-8878-9b0cbde920eb,2026-07-13T16:00:00Z,2026-07-13T18:00:00+0200,129.18,EUR/MWh,DK2,DK_2,day_ahead_price,value,2026-07-25T10:50:28Z
2026-07-25T10:47:05Z,2026-07-25T12:47:05+0200,8f98f9ca-4a78-47a6-8878-9b0cbde920eb,2026-07-13T16:15:00Z,2026-07-13T18:15:00+0200,140.289993,EUR/MWh,DK2,DK_2,day_ahead_price,value,2026-07-25T10:50:28Z
2026-07-25T10:47:05Z,2026-07-25T12:47:05+0200,8f98f9ca-4a78-47a6-8878-9b0cbde920eb,2026-07-13T16:30:00Z,2026-07-13T18:30:00+0200,144.91,EUR/MWh,DK2,DK_2,day_ahead_price,value,2026-07-25T10:50:28Z
2026-07-25T10:47:05Z,2026-07-25T12:47:05+0200,8f98f9ca-4a78-47a6-8878-9b0cbde920eb,2026-07-13T16:45:00Z,2026-07-13T18:45:00+0200,151.41,EUR/MWh,DK2,DK_2,day_ahead_price,value,2026-07-25T10:50:28Z
2026-07-25T10:47:05Z,2026-07-25T12:47:05+0200,8f98f9ca-4a78-47a6-8878-9b0cbde920eb,2026-07-13T17:00:00Z,2026-07-13T19:00:00+0200,150.43,EUR/MWh,DK2,DK_2,day_ahead_price,value,2026-07-25T10:50:28Z
2026-07-25T10:47:05Z,2026-07-25T12:47:05+0200,8f98f9ca-4a78-47a6-8878-9b0cbde920eb,2026-07-13T17:15:00Z,2026-07-13T19:15:00+0200,155.72,EUR/MWh,DK2,DK_2,day_ahead_price,value,2026-07-25T10:50:28Z
2026-07-25T10:47:05Z,2026-07-25T12:47:05+0200,8f98f9ca-4a78-47a6-8878-9b0cbde920eb,2026-07-13T17:30:00Z,2026-07-13T19:30:00+0200,166.2,EUR/MWh,DK2,DK_2,day_ahead_price,value,2026-07-25T10:50:28Z
2026-07-25T10:47:05Z,2026-07-25T12:47:05+0200,8f98f9ca-4a78-47a6-8878-9b0cbde920eb,2026-07-13T17:45:00Z,2026-07-13T19:45:00+0200,195.27,EUR/MWh,DK2,DK_2,day_ahead_price,value,2026-07-25T10:50:28Z
2026-07-25T10:47:05Z,2026-07-25T12:47:05+0200,8f98f9ca-4a78-47a6-8878-9b0cbde920eb,2026-07-13T18:00:00Z,2026-07-13T20:00:00+0200,184.65,EUR/MWh,DK2,DK_2,day_ahead_price,value,2026-07-25T10:50:28Z
2026-07-25T10:47:05Z,2026-07-25T12:47:05+0200,8f98f9ca-4a78-47a6-8878-9b0cbde920eb,2026-07-13T18:15:00Z,2026-07-13T20:15:00+0200,185.050003,EUR/MWh,DK2,DK_2,day_ahead_price,value,2026-07-25T10:50:28Z
2026-07-25T10:47:05Z,2026-07-25T12:47:05+0200,8f98f9ca-4a78-47a6-8878-9b0cbde920eb,2026-07-13T18:30:00Z,2026-07-13T20:30:00+0200,182.149994,EUR/MWh,DK2,DK_2,day_ahead_price,value,2026-07-25T10:50:28Z
2026-07-25T10:47:05Z,2026-07-25T12:47:05+0200,8f98f9ca-4a78-47a6-8878-9b0cbde920eb,2026-07-13T18:45:00Z,2026-07-13T20:45:00+0200,180.25,EUR/MWh,DK2,DK_2,day_ahead_price,value,2026-07-25T10:50:28Z
2026-07-25T10:47:05Z,2026-07-25T12:47:05+0200,8f98f9ca-4a78-47a6-8878-9b0cbde920eb,2026-07-13T19:00:00Z,2026-07-13T21:00:00+0200,181.449997,EUR/MWh,DK2,DK_2,day_ahead_price,value,2026-07-25T10:50:28Z
2026-07-25T10:47:05Z,2026-07-25T12:47:05+0200,8f98f9ca-4a78-47a6-8878-9b0cbde920eb,2026-07-13T19:15:00Z,2026-07-13T21:15:00+0200,177.460007,EUR/MWh,DK2,DK_2,day_ahead_price,value,2026-07-25T10:50:28Z
2026-07-25T10:47:05Z,2026-07-25T12:47:05+0200,8f98f9ca-4a78-47a6-8878-9b0cbde920eb,2026-07-13T19:30:00Z,2026-07-13T21:30:00+0200,163.009995,EUR/MWh,DK2,DK_2,day_ahead_price,value,2026-07-25T10:50:28Z
2026-07-25T10:47:05Z,2026-07-25T12:47:05+0200,8f98f9ca-4a78-47a6-8878-9b0cbde920eb,2026-07-13T19:45:00Z,2026-07-13T21:45:00+0200,153.320007,EUR/MWh,DK2,DK_2,day_ahead_price,value,2026-07-25T10:50:28Z
2026-07-25T10:47:05Z,2026-07-25T12:47:05+0200,8f98f9ca-4a78-47a6-8878-9b0cbde920eb,2026-07-13T20:00:00Z,2026-07-13T22:00:00+0200,172.84,EUR/MWh,DK2,DK_2,day_ahead_price,value,2026-07-25T10:50:28Z
2026-07-25T10:47:05Z,2026-07-25T12:47:05+0200,8f98f9ca-4a78-47a6-8878-9b0cbde920eb,2026-07-13T20:15:00Z,2026-07-13T22:15:00+0200,155.990005,EUR/MWh,DK2,DK_2,day_ahead_price,value,2026-07-25T10:50:28Z
2026-07-25T10:47:05Z,2026-07-25T12:47:05+0200,8f98f9ca-4a78-47a6-8878-9b0cbde920eb,2026-07-13T20:30:00Z,2026-07-13T22:30:00+0200,157.009995,EUR/MWh,DK2,DK_2,day_ahead_price,value,2026-07-25T10:50:28Z
2026-07-25T10:47:05Z,2026-07-25T12:47:05+0200,8f98f9ca-4a78-47a6-8878-9b0cbde920eb,2026-07-13T20:45:00Z,2026-07-13T22:45:00+0200,151.34,EUR/MWh,DK2,DK_2,day_ahead_price,value,2026-07-25T10:50:28Z
2026-07-25T10:47:05Z,2026-07-25T12:47:05+0200,8f98f9ca-4a78-47a6-8878-9b0cbde920eb,2026-07-13T21:00:00Z,2026-07-13T23:00:00+0200,148.309998,EUR/MWh,DK2,DK_2,day_ahead_price,value,2026-07-25T10:50:28Z
2026-07-25T10:47:05Z,2026-07-25T12:47:05+0200,8f98f9ca-4a78-47a6-8878-9b0cbde920eb,2026-07-13T21:15:00Z,2026-07-13T23:15:00+0200,146.01,EUR/MWh,DK2,DK_2,day_ahead_price,value,2026-07-25T10:50:28Z
2026-07-25T10:47:05Z,2026-07-25T12:47:05+0200,8f98f9ca-4a78-47a6-8878-9b0cbde920eb,2026-07-13T21:30:00Z,2026-07-13T23:30:00+0200,142.92,EUR/MWh,DK2,DK_2,day_ahead_price,value,2026-07-25T10:50:28Z
2026-07-25T10:47:05Z,2026-07-25T12:47:05+0200,8f98f9ca-4a78-47a6-8878-9b0cbde920eb,2026-07-13T21:45:00Z,2026-07-13T23:45:00+0200,141.550003,EUR/MWh,DK2,DK_2,day_ahead_price,value,2026-07-25T10:50:28Z
2026-07-25T10:47:05Z,2026-07-25T12:47:05+0200,8f98f9ca-4a78-47a6-8878-9b0cbde920eb,2026-07-13T22:00:00Z,2026-07-14T00:00:00+0200,148.55,EUR/MWh,DK2,DK_2,day_ahead_price,value,2026-07-25T10:50:28Z
2026-07-25T10:47:05Z,2026-07-25T12:47:05+0200,8f98f9ca-4a78-47a6-8878-9b0cbde920eb,2026-07-13T22:15:00Z,2026-07-14T00:15:00+0200,142.759995,EUR/MWh,DK2,DK_2,day_ahead_price,value,2026-07-25T10:50:28Z
2026-07-25T10:47:05Z,2026-07-25T12:47:05+0200,8f98f9ca-4a78-47a6-8878-9b0cbde920eb,2026-07-13T22:30:00Z,2026-07-14T00:30:00+0200,139.550003,EUR/MWh,DK2,DK_2,day_ahead_price,value,2026-07-25T10:50:28Z
2026-07-25T10:47:05Z,2026-07-25T12:47:05+0200,8f98f9ca-4a78-47a6-8878-9b0cbde920eb,2026-07-13T22:45:00Z,2026-07-14T00:45:00+0200,134.339996,EUR/MWh,DK2,DK_2,day_ahead_price,value,2026-07-25T10:50:28Z
2026-07-25T10:47:05Z,2026-07-25T12:47:05+0200,8f98f9ca-4a78-47a6-8878-9b0cbde920eb,2026-07-13T23:00:00Z,2026-07-14T01:00:00+0200,138.800003,EUR/MWh,DK2,DK_2,day_ahead_price,value,2026-07-25T10:50:28Z
2026-07-25T10:47:05Z,2026-07-25T12:47:05+0200,8f98f9ca-4a78-47a6-8878-9b0cbde920eb,2026-07-13T23:15:00Z,2026-07-14T01:15:00+0200,134.51,EUR/MWh,DK2,DK_2,day_ahead_price,value,2026-07-25T10:50:28Z
2026-07-25T10:47:05Z,2026-07-25T12:47:05+0200,8f98f9ca-4a78-47a6-8878-9b0cbde920eb,2026-07-13T23:30:00Z,2026-07-14T01:30:00+0200,133.0,EUR/MWh,DK2,DK_2,day_ahead_price,value,2026-07-25T10:50:28Z
2026-07-25T10:47:05Z,2026-07-25T12:47:05+0200,8f98f9ca-4a78-47a6-8878-9b0cbde920eb,2026-07-13T23:45:00Z,2026-07-14T01:45:00+0200,129.27,EUR/MWh,DK2,DK_2,day_ahead_price,value,2026-07-25T10:50:28Z
2026-07-25T10:47:05Z,2026-07-25T12:47:05+0200,8f98f9ca-4a78-47a6-8878-9b0cbde920eb,2026-07-14T00:00:00Z,2026-07-14T02:00:00+0200,129.55,EUR/MWh,DK2,DK_2,day_ahead_price,value,2026-07-25T10:50:28Z
2026-07-25T10:47:05Z,2026-07-25T12:47:05+0200,8f98f9ca-4a78-47a6-8878-9b0cbde920eb,2026-07-14T00:15:00Z,2026-07-14T02:15:00+0200,126.72,EUR/MWh,DK2,DK_2,day_ahead_price,value,2026-07-25T10:50:28Z
2026-07-25T10:47:05Z,2026-07-25T12:47:05+0200,8f98f9ca-4a78-47a6-8878-9b0cbde920eb,2026-07-14T00:30:00Z,2026-07-14T02:30:00+0200,127.45,EUR/MWh,DK2,DK_2,day_ahead_price,value,2026-07-25T10:50:28Z
2026-07-25T10:47:05Z,2026-07-25T12:47:05+0200,8f98f9ca-4a78-47a6-8878-9b0cbde920eb,2026-07-14T00:45:00Z,2026-07-14T02:45:00+0200,125.71,EUR/MWh,DK2,DK_2,day_ahead_price,value,2026-07-25T10:50:28Z
2026-07-25T10:47:05Z,2026-07-25T12:47:05+0200,8f98f9ca-4a78-47a6-8878-9b0cbde920eb,2026-07-14T01:00:00Z,2026-07-14T03:00:00+0200,128.01,EUR/MWh,DK2,DK_2,day_ahead_price,value,2026-07-25T10:50:28Z
2026-07-25T10:47:05Z,2026-07-25T12:47:05+0200,8f98f9ca-4a78-47a6-8878-9b0cbde920eb,2026-07-14T01:15:00Z,2026-07-14T03:15:00+0200,127.28,EUR/MWh,DK2,DK_2,day_ahead_price,value,2026-07-25T10:50:28Z
2026-07-25T10:47:05Z,2026-07-25T12:47:05+0200,8f98f9ca-4a78-47a6-8878-9b0cbde920eb,2026-07-14T01:30:00Z,2026-07-14T03:30:00+0200,127.089996,EUR/MWh,DK2,DK_2,day_ahead_price,value,2026-07-25T10:50:28Z
2026-07-25T10:47:05Z,2026-07-25T12:47:05+0200,8f98f9ca-4a78-47a6-8878-9b0cbde920eb,2026-07-14T01:45:00Z,2026-07-14T03:45:00+0200,126.5,EUR/MWh,DK2,DK_2,day_ahead_price,value,2026-07-25T10:50:28Z
2026-07-25T10:47:05Z,2026-07-25T12:47:05+0200,8f98f9ca-4a78-47a6-8878-9b0cbde920eb,2026-07-14T02:00:00Z,2026-07-14T04:00:00+0200,125.62,EUR/MWh,DK2,DK_2,day_ahead_price,value,2026-07-25T10:50:28Z
2026-07-25T10:47:05Z,2026-07-25T12:47:05+0200,8f98f9ca-4a78-47a6-8878-9b0cbde920eb,2026-07-14T02:15:00Z,2026-07-14T04:15:00+0200,125.88,EUR/MWh,DK2,DK_2,day_ahead_price,value,2026-07-25T10:50:28Z
2026-07-25T10:47:05Z,2026-07-25T12:47:05+0200,8f98f9ca-4a78-47a6-8878-9b0cbde920eb,2026-07-14T02:30:00Z,2026-07-14T04:30:00+0200,128.229996,EUR/MWh,DK2,DK_2,day_ahead_price,value,2026-07-25T10:50:28Z
2026-07-25T10:47:05Z,2026-07-25T12:47:05+0200,8f98f9ca-4a78-47a6-8878-9b0cbde920eb,2026-07-14T02:45:00Z,2026-07-14T04:45:00+0200,129.669998,EUR/MWh,DK2,DK_2,day_ahead_price,value,2026-07-25T10:50:28Z
2026-07-25T10:47:05Z,2026-07-25T12:47:05+0200,8f98f9ca-4a78-47a6-8878-9b0cbde920eb,2026-07-14T03:00:00Z,2026-07-14T05:00:00+0200,131.490005,EUR/MWh,DK2,DK_2,day_ahead_price,value,2026-07-25T10:50:28Z
2026-07-25T10:47:05Z,2026-07-25T12:47:05+0200,8f98f9ca-4a78-47a6-8878-9b0cbde920eb,2026-07-14T03:15:00Z,2026-07-14T05:15:00+0200,133.29,EUR/MWh,DK2,DK_2,day_ahead_price,value,2026-07-25T10:50:28Z
2026-07-25T10:47:05Z,2026-07-25T12:47:05+0200,8f98f9ca-4a78-47a6-8878-9b0cbde920eb,2026-07-14T03:30:00Z,2026-07-14T05:30:00+0200,136.94,EUR/MWh,DK2,DK_2,day_ahead_price,value,2026-07-25T10:50:28Z
2026-07-25T10:47:05Z,2026-07-25T12:47:05+0200,8f98f9ca-4a78-47a6-8878-9b0cbde920eb,2026-07-14T03:45:00Z,2026-07-14T05:45:00+0200,142.169998,EUR/MWh,DK2,DK_2,day_ahead_price,value,2026-07-25T10:50:28Z
2026-07-25T10:47:05Z,2026-07-25T12:47:05+0200,8f98f9ca-4a78-47a6-8878-9b0cbde920eb,2026-07-14T04:00:00Z,2026-07-14T06:00:00+0200,142.589996,EUR/MWh,DK2,DK_2,day_ahead_price,value,2026-07-25T10:50:28Z
2026-07-25T10:47:05Z,2026-07-25T12:47:05+0200,8f98f9ca-4a78-47a6-8878-9b0cbde920eb,2026-07-14T04:15:00Z,2026-07-14T06:15:00+0200,143.64,EUR/MWh,DK2,DK_2,day_ahead_price,value,2026-07-25T10:50:28Z
2026-07-25T10:47:05Z,2026-07-25T12:47:05+0200,8f98f9ca-4a78-47a6-8878-9b0cbde920eb,2026-07-14T04:30:00Z,2026-07-14T06:30:00+0200,149.01,EUR/MWh,DK2,DK_2,day_ahead_price,value,2026-07-25T10:50:28Z
2026-07-25T10:47:05Z,2026-07-25T12:47:05+0200,8f98f9ca-4a78-47a6-8878-9b0cbde920eb,2026-07-14T04:45:00Z,2026-07-14T06:45:00+0200,147.44,EUR/MWh,DK2,DK_2,day_ahead_price,value,2026-07-25T10:50:28Z
2026-07-25T10:47:05Z,2026-07-25T12:47:05+0200,8f98f9ca-4a78-47a6-8878-9b0cbde920eb,2026-07-14T05:00:00Z,2026-07-14T07:00:00+0200,153.91,EUR/MWh,DK2,DK_2,day_ahead_price,value,2026-07-25T10:50:28Z
2026-07-25T10:47:05Z,2026-07-25T12:47:05+0200,8f98f9ca-4a78-47a6-8878-9b0cbde920eb,2026-07-14T05:15:00Z,2026-07-14T07:15:00+0200,151.8,EUR/MWh,DK2,DK_2,day_ahead_price,value,2026-07-25T10:50:28Z
2026-07-25T10:47:05Z,2026-07-25T12:47:05+0200,8f98f9ca-4a78-47a6-8878-9b0cbde920eb,2026-07-14T05:30:00Z,2026-07-14T07:30:00+0200,153.3,EUR/MWh,DK2,DK_2,day_ahead_price,value,2026-07-25T10:50:28Z
2026-07-25T10:47:05Z,2026-07-25T12:47:05+0200,8f98f9ca-4a78-47a6-8878-9b0cbde920eb,2026-07-14T05:45:00Z,2026-07-14T07:45:00+0200,146.179993,EUR/MWh,DK2,DK_2,day_ahead_price,value,2026-07-25T10:50:28Z
2026-07-25T10:47:05Z,2026-07-25T12:47:05+0200,8f98f9ca-4a78-47a6-8878-9b0cbde920eb,2026-07-14T06:00:00Z,2026-07-14T08:00:00+0200,147.320007,EUR/MWh,DK2,DK_2,day_ahead_price,value,2026-07-25T10:50:28Z
2026-07-25T10:47:05Z,2026-07-25T12:47:05+0200,8f98f9ca-4a78-47a6-8878-9b0cbde920eb,2026-07-14T06:15:00Z,2026-07-14T08:15:00+0200,140.020004,EUR/MWh,DK2,DK_2,day_ahead_price,value,2026-07-25T10:50:28Z
2026-07-25T10:47:05Z,2026-07-25T12:47:05+0200,8f98f9ca-4a78-47a6-8878-9b0cbde920eb,2026-07-14T06:30:00Z,2026-07-14T08:30:00+0200,133.66,EUR/MWh,DK2,DK_2,day_ahead_price,value,2026-07-25T10:50:28Z
2026-07-25T10:47:05Z,2026-07-25T12:47:05+0200,8f98f9ca-4a78-47a6-8878-9b0cbde920eb,2026-07-14T06:45:00Z,2026-07-14T08:45:00+0200,123.830002,EUR/MWh,DK2,DK_2,day_ahead_price,value,2026-07-25T10:50:28Z
2026-07-25T10:47:05Z,2026-07-25T12:47:05+0200,8f98f9ca-4a78-47a6-8878-9b0cbde920eb,2026-07-14T07:00:00Z,2026-07-14T09:00:00+0200,133.67,EUR/MWh,DK2,DK_2,day_ahead_price,value,2026-07-25T10:50:28Z
2026-07-25T10:47:05Z,2026-07-25T12:47:05+0200,8f98f9ca-4a78-47a6-8878-9b0cbde920eb,2026-07-14T07:15:00Z,2026-07-14T09:15:00+0200,124.86,EUR/MWh,DK2,DK_2,day_ahead_price,value,2026-07-25T10:50:28Z
2026-07-25T10:47:05Z,2026-07-25T12:47:05+0200,8f98f9ca-4a78-47a6-8878-9b0cbde920eb,2026-07-14T07:30:00Z,2026-07-14T09:30:00+0200,116.58,EUR/MWh,DK2,DK_2,day_ahead_price,value,2026-07-25T10:50:28Z
2026-07-25T10:47:05Z,2026-07-25T12:47:05+0200,8f98f9ca-4a78-47a6-8878-9b0cbde920eb,2026-07-14T07:45:00Z,2026-07-14T09:45:00+0200,111.739998,EUR/MWh,DK2,DK_2,day_ahead_price,value,2026-07-25T10:50:28Z
2026-07-25T10:47:05Z,2026-07-25T12:47:05+0200,8f98f9ca-4a78-47a6-8878-9b0cbde920eb,2026-07-14T08:00:00Z,2026-07-14T10:00:00+0200,120.779999,EUR/MWh,DK2,DK_2,day_ahead_price,value,2026-07-25T10:50:28Z
2026-07-25T10:47:05Z,2026-07-25T12:47:05+0200,8f98f9ca-4a78-47a6-8878-9b0cbde920eb,2026-07-14T08:15:00Z,2026-07-14T10:15:00+0200,108.91,EUR/MWh,DK2,DK_2,day_ahead_price,value,2026-07-25T10:50:28Z
2026-07-25T10:47:05Z,2026-07-25T12:47:05+0200,8f98f9ca-4a78-47a6-8878-9b0cbde920eb,2026-07-14T08:30:00Z,2026-07-14T10:30:00+0200,103.389999,EUR/MWh,DK2,DK_2,day_ahead_price,value,2026-07-25T10:50:28Z
2026-07-25T10:47:05Z,2026-07-25T12:47:05+0200,8f98f9ca-4a78-47a6-8878-9b0cbde920eb,2026-07-14T08:45:00Z,2026-07-14T10:45:00+0200,95.56,EUR/MWh,DK2,DK_2,day_ahead_price,value,2026-07-25T10:50:28Z
2026-07-25T10:47:05Z,2026-07-25T12:47:05+0200,8f98f9ca-4a78-47a6-8878-9b0cbde920eb,2026-07-14T09:00:00Z,2026-07-14T11:00:00+0200,101.300003,EUR/MWh,DK2,DK_2,day_ahead_price,value,2026-07-25T10:50:28Z
2026-07-25T10:47:05Z,2026-07-25T12:47:05+0200,8f98f9ca-4a78-47a6-8878-9b0cbde920eb,2026-07-14T09:15:00Z,2026-07-14T11:15:00+0200,96.889999,EUR/MWh,DK2,DK_2,day_ahead_price,value,2026-07-25T10:50:28Z
2026-07-25T10:47:05Z,2026-07-25T12:47:05+0200,8f98f9ca-4a78-47a6-8878-9b0cbde920eb,2026-07-14T09:30:00Z,2026-07-14T11:30:00+0200,92.120003,EUR/MWh,DK2,DK_2,day_ahead_price,value,2026-07-25T10:50:28Z
2026-07-25T10:47:05Z,2026-07-25T12:47:05+0200,8f98f9ca-4a78-47a6-8878-9b0cbde920eb,2026-07-14T09:45:00Z,2026-07-14T11:45:00+0200,70.28,EUR/MWh,DK2,DK_2,day_ahead_price,value,2026-07-25T10:50:28Z
2026-07-25T10:47:05Z,2026-07-25T12:47:05+0200,8f98f9ca-4a78-47a6-8878-9b0cbde920eb,2026-07-14T10:00:00Z,2026-07-14T12:00:00+0200,80.21,EUR/MWh,DK2,DK_2,day_ahead_price,value,2026-07-25T10:50:28Z
2026-07-25T10:47:05Z,2026-07-25T12:47:05+0200,8f98f9ca-4a78-47a6-8878-9b0cbde920eb,2026-07-14T10:15:00Z,2026-07-14T12:15:00+0200,63.71,EUR/MWh,DK2,DK_2,day_ahead_price,value,2026-07-25T10:50:28Z
2026-07-25T10:47:05Z,2026-07-25T12:47:05+0200,8f98f9ca-4a78-47a6-8878-9b0cbde920eb,2026-07-14T10:30:00Z,2026-07-14T12:30:00+0200,57.04,EUR/MWh,DK2,DK_2,day_ahead_price,value,2026-07-25T10:50:28Z
2026-07-25T10:47:05Z,2026-07-25T12:47:05+0200,8f98f9ca-4a78-47a6-8878-9b0cbde920eb,2026-07-14T10:45:00Z,2026-07-14T12:45:00+0200,49.66,EUR/MWh,DK2,DK_2,day_ahead_price,value,2026-07-25T10:50:28Z
2026-07-25T10:47:05Z,2026-07-25T12:47:05+0200,8f98f9ca-4a78-47a6-8878-9b0cbde920eb,2026-07-14T11:00:00Z,2026-07-14T13:00:00+0200,54.49,EUR/MWh,DK2,DK_2,day_ahead_price,value,2026-07-25T10:50:28Z
2026-07-25T10:47:05Z,2026-07-25T12:47:05+0200,8f98f9ca-4a78-47a6-8878-9b0cbde920eb,2026-07-14T11:15:00Z,2026-07-14T13:15:00+0200,52.77,EUR/MWh,DK2,DK_2,day_ahead_price,value,2026-07-25T10:50:28Z
2026-07-25T10:47:05Z,2026-07-25T12:47:05+0200,8f98f9ca-4a78-47a6-8878-9b0cbde920eb,2026-07-14T11:30:00Z,2026-07-14T13:30:00+0200,51.400002,EUR/MWh,DK2,DK_2,day_ahead_price,value,2026-07-25T10:50:28Z
2026-07-25T10:47:05Z,2026-07-25T12:47:05+0200,8f98f9ca-4a78-47a6-8878-9b0cbde920eb,2026-07-14T11:45:00Z,2026-07-14T13:45:00+0200,44.1,EUR/MWh,DK2,DK_2,day_ahead_price,value,2026-07-25T10:50:28Z
2026-07-25T10:47:05Z,2026-07-25T12:47:05+0200,8f98f9ca-4a78-47a6-8878-9b0cbde920eb,2026-07-14T12:00:00Z,2026-07-14T14:00:00+0200,48.639999,EUR/MWh,DK2,DK_2,day_ahead_price,value,2026-07-25T10:50:28Z
2026-07-25T10:47:05Z,2026-07-25T12:47:05+0200,8f98f9ca-4a78-47a6-8878-9b0cbde920eb,2026-07-14T12:15:00Z,2026-07-14T14:15:00+0200,53.57,EUR/MWh,DK2,DK_2,day_ahead_price,value,2026-07-25T10:50:28Z
2026-07-25T10:47:05Z,2026-07-25T12:47:05+0200,8f98f9ca-4a78-47a6-8878-9b0cbde920eb,2026-07-14T12:30:00Z,2026-07-14T14:30:00+0200,58.38,EUR/MWh,DK2,DK_2,day_ahead_price,value,2026-07-25T10:50:28Z
2026-07-25T10:47:05Z,2026-07-25T12:47:05+0200,8f98f9ca-4a78-47a6-8878-9b0cbde920eb,2026-07-14T12:45:00Z,2026-07-14T14:45:00+0200,62.96,EUR/MWh,DK2,DK_2,day_ahead_price,value,2026-07-25T10:50:28Z
2026-07-25T10:47:05Z,2026-07-25T12:47:05+0200,8f98f9ca-4a78-47a6-8878-9b0cbde920eb,2026-07-14T13:00:00Z,2026-07-14T15:00:00+0200,57.74,EUR/MWh,DK2,DK_2,day_ahead_price,value,2026-07-25T10:50:28Z
2026-07-25T10:47:05Z,2026-07-25T12:47:05+0200,8f98f9ca-4a78-47a6-8878-9b0cbde920eb,2026-07-14T13:15:00Z,2026-07-14T15:15:00+0200,61.16,EUR/MWh,DK2,DK_2,day_ahead_price,value,2026-07-25T10:50:28Z
2026-07-25T10:47:05Z,2026-07-25T12:47:05+0200,8f98f9ca-4a78-47a6-8878-9b0cbde920eb,2026-07-14T13:30:00Z,2026-07-14T15:30:00+0200,74.489998,EUR/MWh,DK2,DK_2,day_ahead_price,value,2026-07-25T10:50:28Z
2026-07-25T10:47:05Z,2026-07-25T12:47:05+0200,8f98f9ca-4a78-47a6-8878-9b0cbde920eb,2026-07-14T13:45:00Z,2026-07-14T15:45:00+0200,84.519997,EUR/MWh,DK2,DK_2,day_ahead_price,value,2026-07-25T10:50:28Z
2026-07-25T10:47:05Z,2026-07-25T12:47:05+0200,8f98f9ca-4a78-47a6-8878-9b0cbde920eb,2026-07-14T14:00:00Z,2026-07-14T16:00:00+0200,69.64,EUR/MWh,DK2,DK_2,day_ahead_price,value,2026-07-25T10:50:28Z
2026-07-25T10:47:05Z,2026-07-25T12:47:05+0200,8f98f9ca-4a78-47a6-8878-9b0cbde920eb,2026-07-14T14:15:00Z,2026-07-14T16:15:00+0200,91.43,EUR/MWh,DK2,DK_2,day_ahead_price,value,2026-07-25T10:50:28Z
2026-07-25T10:47:05Z,2026-07-25T12:47:05+0200,8f98f9ca-4a78-47a6-8878-9b0cbde920eb,2026-07-14T14:30:00Z,2026-07-14T16:30:00+0200,103.919998,EUR/MWh,DK2,DK_2,day_ahead_price,value,2026-07-25T10:50:28Z
2026-07-25T10:47:05Z,2026-07-25T12:47:05+0200,8f98f9ca-4a78-47a6-8878-9b0cbde920eb,2026-07-14T14:45:00Z,2026-07-14T16:45:00+0200,110.419998,EUR/MWh,DK2,DK_2,day_ahead_price,value,2026-07-25T10:50:28Z
2026-07-25T10:47:05Z,2026-07-25T12:47:05+0200,8f98f9ca-4a78-47a6-8878-9b0cbde920eb,2026-07-14T15:00:00Z,2026-07-14T17:00:00+0200,105.580002,EUR/MWh,DK2,DK_2,day_ahead_price,value,2026-07-25T10:50:28Z
2026-07-25T10:47:05Z,2026-07-25T12:47:05+0200,8f98f9ca-4a78-47a6-8878-9b0cbde920eb,2026-07-14T15:15:00Z,2026-07-14T17:15:00+0200,110.669998,EUR/MWh,DK2,DK_2,day_ahead_price,value,2026-07-25T10:50:28Z
2026-07-25T10:47:05Z,2026-07-25T12:47:05+0200,8f98f9ca-4a78-47a6-8878-9b0cbde920eb,2026-07-14T15:30:00Z,2026-07-14T17:30:00+0200,123.33,EUR/MWh,DK2,DK_2,day_ahead_price,value,2026-07-25T10:50:28Z
2026-07-25T10:47:05Z,2026-07-25T12:47:05+0200,8f98f9ca-4a78-47a6-8878-9b0cbde920eb,2026-07-14T15:45:00Z,2026-07-14T17:45:00+0200,128.86,EUR/MWh,DK2,DK_2,day_ahead_price,value,2026-07-25T10:50:28Z
2026-07-25T10:47:05Z,2026-07-25T12:47:05+0200,8f98f9ca-4a78-47a6-8878-9b0cbde920eb,2026-07-14T16:00:00Z,2026-07-14T18:00:00+0200,126.02,EUR/MWh,DK2,DK_2,day_ahead_price,value,2026-07-25T10:50:28Z
2026-07-25T10:47:05Z,2026-07-25T12:47:05+0200,8f98f9ca-4a78-47a6-8878-9b0cbde920eb,2026-07-14T16:15:00Z,2026-07-14T18:15:00+0200,131.369995,EUR/MWh,DK2,DK_2,day_ahead_price,value,2026-07-25T10:50:28Z
2026-07-25T10:47:05Z,2026-07-25T12:47:05+0200,8f98f9ca-4a78-47a6-8878-9b0cbde920eb,2026-07-14T16:30:00Z,2026-07-14T18:30:00+0200,142.0,EUR/MWh,DK2,DK_2,day_ahead_price,value,2026-07-25T10:50:28Z
2026-07-25T10:47:05Z,2026-07-25T12:47:05+0200,8f98f9ca-4a78-47a6-8878-9b0cbde920eb,2026-07-14T16:45:00Z,2026-07-14T18:45:00+0200,156.589996,EUR/MWh,DK2,DK_2,day_ahead_price,value,2026-07-25T10:50:28Z
2026-07-25T10:47:05Z,2026-07-25T12:47:05+0200,8f98f9ca-4a78-47a6-8878-9b0cbde920eb,2026-07-14T17:00:00Z,2026-07-14T19:00:00+0200,144.32,EUR/MWh,DK2,DK_2,day_ahead_price,value,2026-07-25T10:50:28Z
2026-07-25T10:47:05Z,2026-07-25T12:47:05+0200,8f98f9ca-4a78-47a6-8878-9b0cbde920eb,2026-07-14T17:15:00Z,2026-07-14T19:15:00+0200,152.54,EUR/MWh,DK2,DK_2,day_ahead_price,value,2026-07-25T10:50:28Z
2026-07-25T10:47:05Z,2026-07-25T12:47:05+0200,8f98f9ca-4a78-47a6-8878-9b0cbde920eb,2026-07-14T17:30:00Z,2026-07-14T19:30:00+0200,162.74,EUR/MWh,DK2,DK_2,day_ahead_price,value,2026-07-25T10:50:28Z
2026-07-25T10:47:05Z,2026-07-25T12:47:05+0200,8f98f9ca-4a78-47a6-8878-9b0cbde920eb,2026-07-14T17:45:00Z,2026-07-14T19:45:00+0200,178.62,EUR/MWh,DK2,DK_2,day_ahead_price,value,2026-07-25T10:50:28Z
2026-07-25T10:47:05Z,2026-07-25T12:47:05+0200,8f98f9ca-4a78-47a6-8878-9b0cbde920eb,2026-07-14T18:00:00Z,2026-07-14T20:00:00+0200,176.25,EUR/MWh,DK2,DK_2,day_ahead_price,value,2026-07-25T10:50:28Z
2026-07-25T10:47:05Z,2026-07-25T12:47:05+0200,8f98f9ca-4a78-47a6-8878-9b0cbde920eb,2026-07-14T18:15:00Z,2026-07-14T20:15:00+0200,183.259995,EUR/MWh,DK2,DK_2,day_ahead_price,value,2026-07-25T10:50:28Z
2026-07-25T10:47:05Z,2026-07-25T12:47:05+0200,8f98f9ca-4a78-47a6-8878-9b0cbde920eb,2026-07-14T18:30:00Z,2026-07-14T20:30:00+0200,187.759995,EUR/MWh,DK2,DK_2,day_ahead_price,value,2026-07-25T10:50:28Z
2026-07-25T10:47:05Z,2026-07-25T12:47:05+0200,8f98f9ca-4a78-47a6-8878-9b0cbde920eb,2026-07-14T18:45:00Z,2026-07-14T20:45:00+0200,188.720001,EUR/MWh,DK2,DK_2,day_ahead_price,value,2026-07-25T10:50:28Z
2026-07-25T10:47:05Z,2026-07-25T12:47:05+0200,8f98f9ca-4a78-47a6-8878-9b0cbde920eb,2026-07-14T19:00:00Z,2026-07-14T21:00:00+0200,181.050003,EUR/MWh,DK2,DK_2,day_ahead_price,value,2026-07-25T10:50:28Z
2026-07-25T10:47:05Z,2026-07-25T12:47:05+0200,8f98f9ca-4a78-47a6-8878-9b0cbde920eb,2026-07-14T19:15:00Z,2026-07-14T21:15:00+0200,174.309998,EUR/MWh,DK2,DK_2,day_ahead_price,value,2026-07-25T10:50:28Z
2026-07-25T10:47:05Z,2026-07-25T12:47:05+0200,8f98f9ca-4a78-47a6-8878-9b0cbde920eb,2026-07-14T19:30:00Z,2026-07-14T21:30:00+0200,174.01,EUR/MWh,DK2,DK_2,day_ahead_price,value,2026-07-25T10:50:28Z
2026-07-25T10:47:05Z,2026-07-25T12:47:05+0200,8f98f9ca-4a78-47a6-8878-9b0cbde920eb,2026-07-14T19:45:00Z,2026-07-14T21:45:00+0200,171.95,EUR/MWh,DK2,DK_2,day_ahead_price,value,2026-07-25T10:50:28Z
2026-07-25T10:47:05Z,2026-07-25T12:47:05+0200,8f98f9ca-4a78-47a6-8878-9b0cbde920eb,2026-07-14T20:00:00Z,2026-07-14T22:00:00+0200,178.43,EUR/MWh,DK2,DK_2,day_ahead_price,value,2026-07-25T10:50:28Z
2026-07-25T10:47:05Z,2026-07-25T12:47:05+0200,8f98f9ca-4a78-47a6-8878-9b0cbde920eb,2026-07-14T20:15:00Z,2026-07-14T22:15:00+0200,170.57,EUR/MWh,DK2,DK_2,day_ahead_price,value,2026-07-25T10:50:28Z
2026-07-25T10:47:05Z,2026-07-25T12:47:05+0200,8f98f9ca-4a78-47a6-8878-9b0cbde920eb,2026-07-14T20:30:00Z,2026-07-14T22:30:00+0200,167.1,EUR/MWh,DK2,DK_2,day_ahead_price,value,2026-07-25T10:50:28Z
2026-07-25T10:47:05Z,2026-07-25T12:47:05+0200,8f98f9ca-4a78-47a6-8878-9b0cbde920eb,2026-07-14T20:45:00Z,2026-07-14T22:45:00+0200,158.929993,EUR/MWh,DK2,DK_2,day_ahead_price,value,2026-07-25T10:50:28Z
2026-07-25T10:47:05Z,2026-07-25T12:47:05+0200,8f98f9ca-4a78-47a6-8878-9b0cbde920eb,2026-07-14T21:00:00Z,2026-07-14T23:00:00+0200,158.5,EUR/MWh,DK2,DK_2,day_ahead_price,value,2026-07-25T10:50:28Z
2026-07-25T10:47:05Z,2026-07-25T12:47:05+0200,8f98f9ca-4a78-47a6-8878-9b0cbde920eb,2026-07-14T21:15:00Z,2026-07-14T23:15:00+0200,153.0,EUR/MWh,DK2,DK_2,day_ahead_price,value,2026-07-25T10:50:28Z
2026-07-25T10:47:05Z,2026-07-25T12:47:05+0200,8f98f9ca-4a78-47a6-8878-9b0cbde920eb,2026-07-14T21:30:00Z,2026-07-14T23:30:00+0200,150.309998,EUR/MWh,DK2,DK_2,day_ahead_price,value,2026-07-25T10:50:28Z
2026-07-25T10:47:05Z,2026-07-25T12:47:05+0200,8f98f9ca-4a78-47a6-8878-9b0cbde920eb,2026-07-14T21:45:00Z,2026-07-14T23:45:00+0200,144.270004,EUR/MWh,DK2,DK_2,day_ahead_price,value,2026-07-25T10:50:28Z
2026-07-25T10:47:05Z,2026-07-25T12:47:05+0200,8f98f9ca-4a78-47a6-8878-9b0cbde920eb,2026-07-14T22:00:00Z,2026-07-15T00:00:00+0200,158.35,EUR/MWh,DK2,DK_2,day_ahead_price,value,2026-07-25T10:50:28Z
2026-07-25T10:47:05Z,2026-07-25T12:47:05+0200,8f98f9ca-4a78-47a6-8878-9b0cbde920eb,2026-07-14T22:15:00Z,2026-07-15T00:15:00+0200,154.5,EUR/MWh,DK2,DK_2,day_ahead_price,value,2026-07-25T10:50:28Z
2026-07-25T10:47:05Z,2026-07-25T12:47:05+0200,8f98f9ca-4a78-47a6-8878-9b0cbde920eb,2026-07-14T22:30:00Z,2026-07-15T00:30:00+0200,154.32,EUR/MWh,DK2,DK_2,day_ahead_price,value,2026-07-25T10:50:28Z
2026-07-25T10:47:05Z,2026-07-25T12:47:05+0200,8f98f9ca-4a78-47a6-8878-9b0cbde920eb,2026-07-14T22:45:00Z,2026-07-15T00:45:00+0200,146.72,EUR/MWh,DK2,DK_2,day_ahead_price,value,2026-07-25T10:50:28Z
2026-07-25T10:47:05Z,2026-07-25T12:47:05+0200,8f98f9ca-4a78-47a6-8878-9b0cbde920eb,2026-07-14T23:00:00Z,2026-07-15T01:00:00+0200,150.46,EUR/MWh,DK2,DK_2,day_ahead_price,value,2026-07-25T10:50:28Z
2026-07-25T10:47:05Z,2026-07-25T12:47:05+0200,8f98f9ca-4a78-47a6-8878-9b0cbde920eb,2026-07-14T23:15:00Z,2026-07-15T01:15:00+0200,145.01,EUR/MWh,DK2,DK_2,day_ahead_price,value,2026-07-25T10:50:28Z
2026-07-25T10:47:05Z,2026-07-25T12:47:05+0200,8f98f9ca-4a78-47a6-8878-9b0cbde920eb,2026-07-14T23:30:00Z,2026-07-15T01:30:00+0200,142.79,EUR/MWh,DK2,DK_2,day_ahead_price,value,2026-07-25T10:50:28Z
2026-07-25T10:47:05Z,2026-07-25T12:47:05+0200,8f98f9ca-4a78-47a6-8878-9b0cbde920eb,2026-07-14T23:45:00Z,2026-07-15T01:45:00+0200,139.56,EUR/MWh,DK2,DK_2,day_ahead_price,value,2026-07-25T10:50:28Z
2026-07-25T10:47:05Z,2026-07-25T12:47:05+0200,8f98f9ca-4a78-47a6-8878-9b0cbde920eb,2026-07-15T00:00:00Z,2026-07-15T02:00:00+0200,141.39,EUR/MWh,DK2,DK_2,day_ahead_price,value,2026-07-25T10:50:28Z
2026-07-25T10:47:05Z,2026-07-25T12:47:05+0200,8f98f9ca-4a78-47a6-8878-9b0cbde920eb,2026-07-15T00:15:00Z,2026-07-15T02:15:00+0200,138.28,EUR/MWh,DK2,DK_2,day_ahead_price,value,2026-07-25T10:50:28Z
2026-07-25T10:47:05Z,2026-07-25T12:47:05+0200,8f98f9ca-4a78-47a6-8878-9b0cbde920eb,2026-07-15T00:30:00Z,2026-07-15T02:30:00+0200,138.74,EUR/MWh,DK2,DK_2,day_ahead_price,value,2026-07-25T10:50:28Z
2026-07-25T10:47:05Z,2026-07-25T12:47:05+0200,8f98f9ca-4a78-47a6-8878-9b0cbde920eb,2026-07-15T00:45:00Z,2026-07-15T02:45:00+0200,137.570007,EUR/MWh,DK2,DK_2,day_ahead_price,value,2026-07-25T10:50:28Z
2026-07-25T10:47:05Z,2026-07-25T12:47:05+0200,8f98f9ca-4a78-47a6-8878-9b0cbde920eb,2026-07-15T01:00:00Z,2026-07-15T03:00:00+0200,136.51,EUR/MWh,DK2,DK_2,day_ahead_price,value,2026-07-25T10:50:28Z
2026-07-25T10:47:05Z,2026-07-25T12:47:05+0200,8f98f9ca-4a78-47a6-8878-9b0cbde920eb,2026-07-15T01:15:00Z,2026-07-15T03:15:00+0200,135.81,EUR/MWh,DK2,DK_2,day_ahead_price,value,2026-07-25T10:50:28Z
2026-07-25T10:47:05Z,2026-07-25T12:47:05+0200,8f98f9ca-4a78-47a6-8878-9b0cbde920eb,2026-07-15T01:30:00Z,2026-07-15T03:30:00+0200,135.82,EUR/MWh,DK2,DK_2,day_ahead_price,value,2026-07-25T10:50:28Z
2026-07-25T10:47:05Z,2026-07-25T12:47:05+0200,8f98f9ca-4a78-47a6-8878-9b0cbde920eb,2026-07-15T01:45:00Z,2026-07-15T03:45:00+0200,135.71,EUR/MWh,DK2,DK_2,day_ahead_price,value,2026-07-25T10:50:28Z
2026-07-25T10:47:05Z,2026-07-25T12:47:05+0200,8f98f9ca-4a78-47a6-8878-9b0cbde920eb,2026-07-15T02:00:00Z,2026-07-15T04:00:00+0200,136.639999,EUR/MWh,DK2,DK_2,day_ahead_price,value,2026-07-25T10:50:28Z
2026-07-25T10:47:05Z,2026-07-25T12:47:05+0200,8f98f9ca-4a78-47a6-8878-9b0cbde920eb,2026-07-15T02:15:00Z,2026-07-15T04:15:00+0200,138.12,EUR/MWh,DK2,DK_2,day_ahead_price,value,2026-07-25T10:50:28Z
2026-07-25T10:47:05Z,2026-07-25T12:47:05+0200,8f98f9ca-4a78-47a6-8878-9b0cbde920eb,2026-07-15T02:30:00Z,2026-07-15T04:30:00+0200,140.639999,EUR/MWh,DK2,DK_2,day_ahead_price,value,2026-07-25T10:50:28Z
2026-07-25T10:47:05Z,2026-07-25T12:47:05+0200,8f98f9ca-4a78-47a6-8878-9b0cbde920eb,2026-07-15T02:45:00Z,2026-07-15T04:45:00+0200,144.78,EUR/MWh,DK2,DK_2,day_ahead_price,value,2026-07-25T10:50:28Z
2026-07-25T10:47:05Z,2026-07-25T12:47:05+0200,8f98f9ca-4a78-47a6-8878-9b0cbde920eb,2026-07-15T03:00:00Z,2026-07-15T05:00:00+0200,140.520004,EUR/MWh,DK2,DK_2,day_ahead_price,value,2026-07-25T10:50:28Z
2026-07-25T10:47:05Z,2026-07-25T12:47:05+0200,8f98f9ca-4a78-47a6-8878-9b0cbde920eb,2026-07-15T03:15:00Z,2026-07-15T05:15:00+0200,146.460007,EUR/MWh,DK2,DK_2,day_ahead_price,value,2026-07-25T10:50:28Z
2026-07-25T10:47:05Z,2026-07-25T12:47:05+0200,8f98f9ca-4a78-47a6-8878-9b0cbde920eb,2026-07-15T03:30:00Z,2026-07-15T05:30:00+0200,149.990005,EUR/MWh,DK2,DK_2,day_ahead_price,value,2026-07-25T10:50:28Z
2026-07-25T10:47:05Z,2026-07-25T12:47:05+0200,8f98f9ca-4a78-47a6-8878-9b0cbde920eb,2026-07-15T03:45:00Z,2026-07-15T05:45:00+0200,158.84,EUR/MWh,DK2,DK_2,day_ahead_price,value,2026-07-25T10:50:28Z
2026-07-25T10:47:05Z,2026-07-25T12:47:05+0200,8f98f9ca-4a78-47a6-8878-9b0cbde920eb,2026-07-15T04:00:00Z,2026-07-15T06:00:00+0200,164.22,EUR/MWh,DK2,DK_2,day_ahead_price,value,2026-07-25T10:50:28Z
2026-07-25T10:47:05Z,2026-07-25T12:47:05+0200,8f98f9ca-4a78-47a6-8878-9b0cbde920eb,2026-07-15T04:15:00Z,2026-07-15T06:15:00+0200,170.58,EUR/MWh,DK2,DK_2,day_ahead_price,value,2026-07-25T10:50:28Z
2026-07-25T10:47:05Z,2026-07-25T12:47:05+0200,8f98f9ca-4a78-47a6-8878-9b0cbde920eb,2026-07-15T04:30:00Z,2026-07-15T06:30:00+0200,165.9,EUR/MWh,DK2,DK_2,day_ahead_price,value,2026-07-25T10:50:28Z
2026-07-25T10:47:05Z,2026-07-25T12:47:05+0200,8f98f9ca-4a78-47a6-8878-9b0cbde920eb,2026-07-15T04:45:00Z,2026-07-15T06:45:00+0200,163.4,EUR/MWh,DK2,DK_2,day_ahead_price,value,2026-07-25T10:50:28Z
2026-07-25T10:47:05Z,2026-07-25T12:47:05+0200,8f98f9ca-4a78-47a6-8878-9b0cbde920eb,2026-07-15T05:00:00Z,2026-07-15T07:00:00+0200,173.01,EUR/MWh,DK2,DK_2,day_ahead_price,value,2026-07-25T10:50:28Z
2026-07-25T10:47:05Z,2026-07-25T12:47:05+0200,8f98f9ca-4a78-47a6-8878-9b0cbde920eb,2026-07-15T05:15:00Z,2026-07-15T07:15:00+0200,166.98,EUR/MWh,DK2,DK_2,day_ahead_price,value,2026-07-25T10:50:28Z
2026-07-25T10:47:05Z,2026-07-25T12:47:05+0200,8f98f9ca-4a78-47a6-8878-9b0cbde920eb,2026-07-15T05:30:00Z,2026-07-15T07:30:00+0200,164.4,EUR/MWh,DK2,DK_2,day_ahead_price,value,2026-07-25T10:50:28Z
2026-07-25T10:47:05Z,2026-07-25T12:47:05+0200,8f98f9ca-4a78-47a6-8878-9b0cbde920eb,2026-07-15T05:45:00Z,2026-07-15T07:45:00+0200,159.04,EUR/MWh,DK2,DK_2,day_ahead_price,value,2026-07-25T10:50:28Z
2026-07-25T10:47:05Z,2026-07-25T12:47:05+0200,8f98f9ca-4a78-47a6-8878-9b0cbde920eb,2026-07-15T06:00:00Z,2026-07-15T08:00:00+0200,167.29,EUR/MWh,DK2,DK_2,day_ahead_price,value,2026-07-25T10:50:28Z
2026-07-25T10:47:05Z,2026-07-25T12:47:05+0200,8f98f9ca-4a78-47a6-8878-9b0cbde920eb,2026-07-15T06:15:00Z,2026-07-15T08:15:00+0200,163.29,EUR/MWh,DK2,DK_2,day_ahead_price,value,2026-07-25T10:50:28Z
2026-07-25T10:47:05Z,2026-07-25T12:47:05+0200,8f98f9ca-4a78-47a6-8878-9b0cbde920eb,2026-07-15T06:30:00Z,2026-07-15T08:30:00+0200,152.26,EUR/MWh,DK2,DK_2,day_ahead_price,value,2026-07-25T10:50:28Z
2026-07-25T10:47:05Z,2026-07-25T12:47:05+0200,8f98f9ca-4a78-47a6-8878-9b0cbde920eb,2026-07-15T06:45:00Z,2026-07-15T08:45:00+0200,140.919998,EUR/MWh,DK2,DK_2,day_ahead_price,value,2026-07-25T10:50:28Z
2026-07-25T10:47:05Z,2026-07-25T12:47:05+0200,8f98f9ca-4a78-47a6-8878-9b0cbde920eb,2026-07-15T07:00:00Z,2026-07-15T09:00:00+0200,150.09,EUR/MWh,DK2,DK_2,day_ahead_price,value,2026-07-25T10:50:28Z
2026-07-25T10:47:05Z,2026-07-25T12:47:05+0200,8f98f9ca-4a78-47a6-8878-9b0cbde920eb,2026-07-15T07:15:00Z,2026-07-15T09:15:00+0200,139.720001,EUR/MWh,DK2,DK_2,day_ahead_price,value,2026-07-25T10:50:28Z
2026-07-25T10:47:05Z,2026-07-25T12:47:05+0200,8f98f9ca-4a78-47a6-8878-9b0cbde920eb,2026-07-15T07:30:00Z,2026-07-15T09:30:00+0200,130.429993,EUR/MWh,DK2,DK_2,day_ahead_price,value,2026-07-25T10:50:28Z
2026-07-25T10:47:05Z,2026-07-25T12:47:05+0200,8f98f9ca-4a78-47a6-8878-9b0cbde920eb,2026-07-15T07:45:00Z,2026-07-15T09:45:00+0200,120.94,EUR/MWh,DK2,DK_2,day_ahead_price,value,2026-07-25T10:50:28Z
2026-07-25T10:47:05Z,2026-07-25T12:47:05+0200,8f98f9ca-4a78-47a6-8878-9b0cbde920eb,2026-07-15T08:00:00Z,2026-07-15T10:00:00+0200,129.18,EUR/MWh,DK2,DK_2,day_ahead_price,value,2026-07-25T10:50:28Z
2026-07-25T10:47:05Z,2026-07-25T12:47:05+0200,8f98f9ca-4a78-47a6-8878-9b0cbde920eb,2026-07-15T08:15:00Z,2026-07-15T10:15:00+0200,114.99,EUR/MWh,DK2,DK_2,day_ahead_price,value,2026-07-25T10:50:28Z
2026-07-25T10:47:05Z,2026-07-25T12:47:05+0200,8f98f9ca-4a78-47a6-8878-9b0cbde920eb,2026-07-15T08:30:00Z,2026-07-15T10:30:00+0200,102.01,EUR/MWh,DK2,DK_2,day_ahead_price,value,2026-07-25T10:50:28Z
2026-07-25T10:47:05Z,2026-07-25T12:47:05+0200,8f98f9ca-4a78-47a6-8878-9b0cbde920eb,2026-07-15T08:45:00Z,2026-07-15T10:45:00+0200,98.08,EUR/MWh,DK2,DK_2,day_ahead_price,value,2026-07-25T10:50:28Z
2026-07-25T10:47:05Z,2026-07-25T12:47:05+0200,8f98f9ca-4a78-47a6-8878-9b0cbde920eb,2026-07-15T09:00:00Z,2026-07-15T11:00:00+0200,104.5,EUR/MWh,DK2,DK_2,day_ahead_price,value,2026-07-25T10:50:28Z
2026-07-25T10:47:05Z,2026-07-25T12:47:05+0200,8f98f9ca-4a78-47a6-8878-9b0cbde920eb,2026-07-15T09:15:00Z,2026-07-15T11:15:00+0200,100.5,EUR/MWh,DK2,DK_2,day_ahead_price,value,2026-07-25T10:50:28Z
2026-07-25T10:47:05Z,2026-07-25T12:47:05+0200,8f98f9ca-4a78-47a6-8878-9b0cbde920eb,2026-07-15T09:30:00Z,2026-07-15T11:30:00+0200,96.989998,EUR/MWh,DK2,DK_2,day_ahead_price,value,2026-07-25T10:50:28Z
2026-07-25T10:47:05Z,2026-07-25T12:47:05+0200,8f98f9ca-4a78-47a6-8878-9b0cbde920eb,2026-07-15T09:45:00Z,2026-07-15T11:45:00+0200,81.849998,EUR/MWh,DK2,DK_2,day_ahead_price,value,2026-07-25T10:50:28Z
2026-07-25T10:47:05Z,2026-07-25T12:47:05+0200,8f98f9ca-4a78-47a6-8878-9b0cbde920eb,2026-07-15T10:00:00Z,2026-07-15T12:00:00+0200,89.279999,EUR/MWh,DK2,DK_2,day_ahead_price,value,2026-07-25T10:50:28Z
2026-07-25T10:47:05Z,2026-07-25T12:47:05+0200,8f98f9ca-4a78-47a6-8878-9b0cbde920eb,2026-07-15T10:15:00Z,2026-07-15T12:15:00+0200,75.239998,EUR/MWh,DK2,DK_2,day_ahead_price,value,2026-07-25T10:50:28Z
2026-07-25T10:47:05Z,2026-07-25T12:47:05+0200,8f98f9ca-4a78-47a6-8878-9b0cbde920eb,2026-07-15T10:30:00Z,2026-07-15T12:30:00+0200,68.300003,EUR/MWh,DK2,DK_2,day_ahead_price,value,2026-07-25T10:50:28Z
2026-07-25T10:47:05Z,2026-07-25T12:47:05+0200,8f98f9ca-4a78-47a6-8878-9b0cbde920eb,2026-07-15T10:45:00Z,2026-07-15T12:45:00+0200,64.83,EUR/MWh,DK2,DK_2,day_ahead_price,value,2026-07-25T10:50:28Z
2026-07-25T10:47:05Z,2026-07-25T12:47:05+0200,8f98f9ca-4a78-47a6-8878-9b0cbde920eb,2026-07-15T11:00:00Z,2026-07-15T13:00:00+0200,67.9,EUR/MWh,DK2,DK_2,day_ahead_price,value,2026-07-25T10:50:28Z
2026-07-25T10:47:05Z,2026-07-25T12:47:05+0200,8f98f9ca-4a78-47a6-8878-9b0cbde920eb,2026-07-15T11:15:00Z,2026-07-15T13:15:00+0200,67.94,EUR/MWh,DK2,DK_2,day_ahead_price,value,2026-07-25T10:50:28Z
2026-07-25T10:47:05Z,2026-07-25T12:47:05+0200,8f98f9ca-4a78-47a6-8878-9b0cbde920eb,2026-07-15T11:30:00Z,2026-07-15T13:30:00+0200,61.75,EUR/MWh,DK2,DK_2,day_ahead_price,value,2026-07-25T10:50:28Z
2026-07-25T10:47:05Z,2026-07-25T12:47:05+0200,8f98f9ca-4a78-47a6-8878-9b0cbde920eb,2026-07-15T11:45:00Z,2026-07-15T13:45:00+0200,60.16,EUR/MWh,DK2,DK_2,day_ahead_price,value,2026-07-25T10:50:28Z
2026-07-25T10:47:05Z,2026-07-25T12:47:05+0200,8f98f9ca-4a78-47a6-8878-9b0cbde920eb,2026-07-15T12:00:00Z,2026-07-15T14:00:00+0200,60.83,EUR/MWh,DK2,DK_2,day_ahead_price,value,2026-07-25T10:50:28Z
2026-07-25T10:47:05Z,2026-07-25T12:47:05+0200,8f98f9ca-4a78-47a6-8878-9b0cbde920eb,2026-07-15T12:15:00Z,2026-07-15T14:15:00+0200,60.599998,EUR/MWh,DK2,DK_2,day_ahead_price,value,2026-07-25T10:50:28Z
2026-07-25T10:47:05Z,2026-07-25T12:47:05+0200,8f98f9ca-4a78-47a6-8878-9b0cbde920eb,2026-07-15T12:30:00Z,2026-07-15T14:30:00+0200,62.83,EUR/MWh,DK2,DK_2,day_ahead_price,value,2026-07-25T10:50:28Z
2026-07-25T10:47:05Z,2026-07-25T12:47:05+0200,8f98f9ca-4a78-47a6-8878-9b0cbde920eb,2026-07-15T12:45:00Z,2026-07-15T14:45:00+0200,66.88,EUR/MWh,DK2,DK_2,day_ahead_price,value,2026-07-25T10:50:28Z
2026-07-25T10:47:05Z,2026-07-25T12:47:05+0200,8f98f9ca-4a78-47a6-8878-9b0cbde920eb,2026-07-15T13:00:00Z,2026-07-15T15:00:00+0200,62.099998,EUR/MWh,DK2,DK_2,day_ahead_price,value,2026-07-25T10:50:28Z
2026-07-25T10:47:05Z,2026-07-25T12:47:05+0200,8f98f9ca-4a78-47a6-8878-9b0cbde920eb,2026-07-15T13:15:00Z,2026-07-15T15:15:00+0200,67.300003,EUR/MWh,DK2,DK_2,day_ahead_price,value,2026-07-25T10:50:28Z
2026-07-25T10:47:05Z,2026-07-25T12:47:05+0200,8f98f9ca-4a78-47a6-8878-9b0cbde920eb,2026-07-15T13:30:00Z,2026-07-15T15:30:00+0200,76.440002,EUR/MWh,DK2,DK_2,day_ahead_price,value,2026-07-25T10:50:28Z
2026-07-25T10:47:05Z,2026-07-25T12:47:05+0200,8f98f9ca-4a78-47a6-8878-9b0cbde920eb,2026-07-15T13:45:00Z,2026-07-15T15:45:00+0200,86.440002,EUR/MWh,DK2,DK_2,day_ahead_price,value,2026-07-25T10:50:28Z
2026-07-25T10:47:05Z,2026-07-25T12:47:05+0200,8f98f9ca-4a78-47a6-8878-9b0cbde920eb,2026-07-15T14:00:00Z,2026-07-15T16:00:00+0200,81.31,EUR/MWh,DK2,DK_2,day_ahead_price,value,2026-07-25T10:50:28Z
2026-07-25T10:47:05Z,2026-07-25T12:47:05+0200,8f98f9ca-4a78-47a6-8878-9b0cbde920eb,2026-07-15T14:15:00Z,2026-07-15T16:15:00+0200,90.220001,EUR/MWh,DK2,DK_2,day_ahead_price,value,2026-07-25T10:50:28Z
2026-07-25T10:47:05Z,2026-07-25T12:47:05+0200,8f98f9ca-4a78-47a6-8878-9b0cbde920eb,2026-07-15T14:30:00Z,2026-07-15T16:30:00+0200,106.589996,EUR/MWh,DK2,DK_2,day_ahead_price,value,2026-07-25T10:50:28Z
2026-07-25T10:47:05Z,2026-07-25T12:47:05+0200,8f98f9ca-4a78-47a6-8878-9b0cbde920eb,2026-07-15T14:45:00Z,2026-07-15T16:45:00+0200,113.67,EUR/MWh,DK2,DK_2,day_ahead_price,value,2026-07-25T10:50:28Z
2026-07-25T10:47:05Z,2026-07-25T12:47:05+0200,8f98f9ca-4a78-47a6-8878-9b0cbde920eb,2026-07-15T15:00:00Z,2026-07-15T17:00:00+0200,102.18,EUR/MWh,DK2,DK_2,day_ahead_price,value,2026-07-25T10:50:28Z
2026-07-25T10:47:05Z,2026-07-25T12:47:05+0200,8f98f9ca-4a78-47a6-8878-9b0cbde920eb,2026-07-15T15:15:00Z,2026-07-15T17:15:00+0200,108.400002,EUR/MWh,DK2,DK_2,day_ahead_price,value,2026-07-25T10:50:28Z
2026-07-25T10:47:05Z,2026-07-25T12:47:05+0200,8f98f9ca-4a78-47a6-8878-9b0cbde920eb,2026-07-15T15:30:00Z,2026-07-15T17:30:00+0200,127.019997,EUR/MWh,DK2,DK_2,day_ahead_price,value,2026-07-25T10:50:28Z
2026-07-25T10:47:05Z,2026-07-25T12:47:05+0200,8f98f9ca-4a78-47a6-8878-9b0cbde920eb,2026-07-15T15:45:00Z,2026-07-15T17:45:00+0200,140.929993,EUR/MWh,DK2,DK_2,day_ahead_price,value,2026-07-25T10:50:28Z
2026-07-25T10:47:05Z,2026-07-25T12:47:05+0200,8f98f9ca-4a78-47a6-8878-9b0cbde920eb,2026-07-15T16:00:00Z,2026-07-15T18:00:00+0200,129.46,EUR/MWh,DK2,DK_2,day_ahead_price,value,2026-07-25T10:50:28Z
2026-07-25T10:47:05Z,2026-07-25T12:47:05+0200,8f98f9ca-4a78-47a6-8878-9b0cbde920eb,2026-07-15T16:15:00Z,2026-07-15T18:15:00+0200,143.8,EUR/MWh,DK2,DK_2,day_ahead_price,value,2026-07-25T10:50:28Z
2026-07-25T10:47:05Z,2026-07-25T12:47:05+0200,8f98f9ca-4a78-47a6-8878-9b0cbde920eb,2026-07-15T16:30:00Z,2026-07-15T18:30:00+0200,149.79,EUR/MWh,DK2,DK_2,day_ahead_price,value,2026-07-25T10:50:28Z
2026-07-25T10:47:05Z,2026-07-25T12:47:05+0200,8f98f9ca-4a78-47a6-8878-9b0cbde920eb,2026-07-15T16:45:00Z,2026-07-15T18:45:00+0200,165.41,EUR/MWh,DK2,DK_2,day_ahead_price,value,2026-07-25T10:50:28Z
2026-07-25T10:47:05Z,2026-07-25T12:47:05+0200,8f98f9ca-4a78-47a6-8878-9b0cbde920eb,2026-07-15T17:00:00Z,2026-07-15T19:00:00+0200,155.179993,EUR/MWh,DK2,DK_2,day_ahead_price,value,2026-07-25T10:50:28Z
2026-07-25T10:47:05Z,2026-07-25T12:47:05+0200,8f98f9ca-4a78-47a6-8878-9b0cbde920eb,2026-07-15T17:15:00Z,2026-07-15T19:15:00+0200,171.139999,EUR/MWh,DK2,DK_2,day_ahead_price,value,2026-07-25T10:50:28Z
2026-07-25T10:47:05Z,2026-07-25T12:47:05+0200,8f98f9ca-4a78-47a6-8878-9b0cbde920eb,2026-07-15T17:30:00Z,2026-07-15T19:30:00+0200,189.93,EUR/MWh,DK2,DK_2,day_ahead_price,value,2026-07-25T10:50:28Z
2026-07-25T10:47:05Z,2026-07-25T12:47:05+0200,8f98f9ca-4a78-47a6-8878-9b0cbde920eb,2026-07-15T17:45:00Z,2026-07-15T19:45:00+0200,212.17,EUR/MWh,DK2,DK_2,day_ahead_price,value,2026-07-25T10:50:28Z
2026-07-25T10:47:05Z,2026-07-25T12:47:05+0200,8f98f9ca-4a78-47a6-8878-9b0cbde920eb,2026-07-15T18:00:00Z,2026-07-15T20:00:00+0200,198.43,EUR/MWh,DK2,DK_2,day_ahead_price,value,2026-07-25T10:50:28Z
2026-07-25T10:47:05Z,2026-07-25T12:47:05+0200,8f98f9ca-4a78-47a6-8878-9b0cbde920eb,2026-07-15T18:15:00Z,2026-07-15T20:15:00+0200,201.570007,EUR/MWh,DK2,DK_2,day_ahead_price,value,2026-07-25T10:50:28Z
2026-07-25T10:47:05Z,2026-07-25T12:47:05+0200,8f98f9ca-4a78-47a6-8878-9b0cbde920eb,2026-07-15T18:30:00Z,2026-07-15T20:30:00+0200,209.419998,EUR/MWh,DK2,DK_2,day_ahead_price,value,2026-07-25T10:50:28Z
2026-07-25T10:47:05Z,2026-07-25T12:47:05+0200,8f98f9ca-4a78-47a6-8878-9b0cbde920eb,2026-07-15T18:45:00Z,2026-07-15T20:45:00+0200,218.130005,EUR/MWh,DK2,DK_2,day_ahead_price,value,2026-07-25T10:50:28Z
2026-07-25T10:47:05Z,2026-07-25T12:47:05+0200,8f98f9ca-4a78-47a6-8878-9b0cbde920eb,2026-07-15T19:00:00Z,2026-07-15T21:00:00+0200,221.210007,EUR/MWh,DK2,DK_2,day_ahead_price,value,2026-07-25T10:50:28Z
2026-07-25T10:47:05Z,2026-07-25T12:47:05+0200,8f98f9ca-4a78-47a6-8878-9b0cbde920eb,2026-07-15T19:15:00Z,2026-07-15T21:15:00+0200,196.110001,EUR/MWh,DK2,DK_2,day_ahead_price,value,2026-07-25T10:50:28Z
2026-07-25T10:47:05Z,2026-07-25T12:47:05+0200,8f98f9ca-4a78-47a6-8878-9b0cbde920eb,2026-07-15T19:30:00Z,2026-07-15T21:30:00+0200,197.119995,EUR/MWh,DK2,DK_2,day_ahead_price,value,2026-07-25T10:50:28Z
2026-07-25T10:47:05Z,2026-07-25T12:47:05+0200,8f98f9ca-4a78-47a6-8878-9b0cbde920eb,2026-07-15T19:45:00Z,2026-07-15T21:45:00+0200,192.32,EUR/MWh,DK2,DK_2,day_ahead_price,value,2026-07-25T10:50:28Z
2026-07-25T10:47:05Z,2026-07-25T12:47:05+0200,8f98f9ca-4a78-47a6-8878-9b0cbde920eb,2026-07-15T20:00:00Z,2026-07-15T22:00:00+0200,199.98,EUR/MWh,DK2,DK_2,day_ahead_price,value,2026-07-25T10:50:28Z
2026-07-25T10:47:05Z,2026-07-25T12:47:05+0200,8f98f9ca-4a78-47a6-8878-9b0cbde920eb,2026-07-15T20:15:00Z,2026-07-15T22:15:00+0200,189.990005,EUR/MWh,DK2,DK_2,day_ahead_price,value,2026-07-25T10:50:28Z
2026-07-25T10:47:05Z,2026-07-25T12:47:05+0200,8f98f9ca-4a78-47a6-8878-9b0cbde920eb,2026-07-15T20:30:00Z,2026-07-15T22:30:00+0200,187.910004,EUR/MWh,DK2,DK_2,day_ahead_price,value,2026-07-25T10:50:28Z
2026-07-25T10:47:05Z,2026-07-25T12:47:05+0200,8f98f9ca-4a78-47a6-8878-9b0cbde920eb,2026-07-15T20:45:00Z,2026-07-15T22:45:00+0200,175.639999,EUR/MWh,DK2,DK_2,day_ahead_price,value,2026-07-25T10:50:28Z
2026-07-25T10:47:05Z,2026-07-25T12:47:05+0200,8f98f9ca-4a78-47a6-8878-9b0cbde920eb,2026-07-15T21:00:00Z,2026-07-15T23:00:00+0200,179.149994,EUR/MWh,DK2,DK_2,day_ahead_price,value,2026-07-25T10:50:28Z
2026-07-25T10:47:05Z,2026-07-25T12:47:05+0200,8f98f9ca-4a78-47a6-8878-9b0cbde920eb,2026-07-15T21:15:00Z,2026-07-15T23:15:00+0200,171.949997,EUR/MWh,DK2,DK_2,day_ahead_price,value,2026-07-25T10:50:28Z
2026-07-25T10:47:05Z,2026-07-25T12:47:05+0200,8f98f9ca-4a78-47a6-8878-9b0cbde920eb,2026-07-15T21:30:00Z,2026-07-15T23:30:00+0200,169.630005,EUR/MWh,DK2,DK_2,day_ahead_price,value,2026-07-25T10:50:28Z
2026-07-25T10:47:05Z,2026-07-25T12:47:05+0200,8f98f9ca-4a78-47a6-8878-9b0cbde920eb,2026-07-15T21:45:00Z,2026-07-15T23:45:00+0200,164.970001,EUR/MWh,DK2,DK_2,day_ahead_price,value,2026-07-25T10:50:28Z
2026-07-25T10:47:05Z,2026-07-25T12:47:05+0200,8f98f9ca-4a78-47a6-8878-9b0cbde920eb,2026-07-15T22:00:00Z,2026-07-16T00:00:00+0200,173.59,EUR/MWh,DK2,DK_2,day_ahead_price,value,2026-07-25T10:50:28Z
2026-07-25T10:47:05Z,2026-07-25T12:47:05+0200,8f98f9ca-4a78-47a6-8878-9b0cbde920eb,2026-07-15T22:15:00Z,2026-07-16T00:15:00+0200,169.050003,EUR/MWh,DK2,DK_2,day_ahead_price,value,2026-07-25T10:50:28Z
2026-07-25T10:47:05Z,2026-07-25T12:47:05+0200,8f98f9ca-4a78-47a6-8878-9b0cbde920eb,2026-07-15T22:30:00Z,2026-07-16T00:30:00+0200,163.520004,EUR/MWh,DK2,DK_2,day_ahead_price,value,2026-07-25T10:50:28Z
2026-07-25T10:47:05Z,2026-07-25T12:47:05+0200,8f98f9ca-4a78-47a6-8878-9b0cbde920eb,2026-07-15T22:45:00Z,2026-07-16T00:45:00+0200,158.01,EUR/MWh,DK2,DK_2,day_ahead_price,value,2026-07-25T10:50:28Z
2026-07-25T10:47:05Z,2026-07-25T12:47:05+0200,8f98f9ca-4a78-47a6-8878-9b0cbde920eb,2026-07-15T23:00:00Z,2026-07-16T01:00:00+0200,162.04,EUR/MWh,DK2,DK_2,day_ahead_price,value,2026-07-25T10:50:28Z
2026-07-25T10:47:05Z,2026-07-25T12:47:05+0200,8f98f9ca-4a78-47a6-8878-9b0cbde920eb,2026-07-15T23:15:00Z,2026-07-16T01:15:00+0200,158.009995,EUR/MWh,DK2,DK_2,day_ahead_price,value,2026-07-25T10:50:28Z
2026-07-25T10:47:05Z,2026-07-25T12:47:05+0200,8f98f9ca-4a78-47a6-8878-9b0cbde920eb,2026-07-15T23:30:00Z,2026-07-16T01:30:00+0200,158.98,EUR/MWh,DK2,DK_2,day_ahead_price,value,2026-07-25T10:50:28Z
2026-07-25T10:47:05Z,2026-07-25T12:47:05+0200,8f98f9ca-4a78-47a6-8878-9b0cbde920eb,2026-07-15T23:45:00Z,2026-07-16T01:45:00+0200,157.81,EUR/MWh,DK2,DK_2,day_ahead_price,value,2026-07-25T10:50:28Z
2026-07-25T10:47:05Z,2026-07-25T12:47:05+0200,8f98f9ca-4a78-47a6-8878-9b0cbde920eb,2026-07-16T00:00:00Z,2026-07-16T02:00:00+0200,157.63,EUR/MWh,DK2,DK_2,day_ahead_price,value,2026-07-25T10:50:28Z
2026-07-25T10:47:05Z,2026-07-25T12:47:05+0200,8f98f9ca-4a78-47a6-8878-9b0cbde920eb,2026-07-16T00:15:00Z,2026-07-16T02:15:00+0200,154.67,EUR/MWh,DK2,DK_2,day_ahead_price,value,2026-07-25T10:50:28Z
2026-07-25T10:47:05Z,2026-07-25T12:47:05+0200,8f98f9ca-4a78-47a6-8878-9b0cbde920eb,2026-07-16T00:30:00Z,2026-07-16T02:30:00+0200,150.91,EUR/MWh,DK2,DK_2,day_ahead_price,value,2026-07-25T10:50:28Z
2026-07-25T10:47:05Z,2026-07-25T12:47:05+0200,8f98f9ca-4a78-47a6-8878-9b0cbde920eb,2026-07-16T00:45:00Z,2026-07-16T02:45:00+0200,148.399994,EUR/MWh,DK2,DK_2,day_ahead_price,value,2026-07-25T10:50:28Z
2026-07-25T10:47:05Z,2026-07-25T12:47:05+0200,8f98f9ca-4a78-47a6-8878-9b0cbde920eb,2026-07-16T01:00:00Z,2026-07-16T03:00:00+0200,152.06,EUR/MWh,DK2,DK_2,day_ahead_price,value,2026-07-25T10:50:28Z
2026-07-25T10:47:05Z,2026-07-25T12:47:05+0200,8f98f9ca-4a78-47a6-8878-9b0cbde920eb,2026-07-16T01:15:00Z,2026-07-16T03:15:00+0200,147.56,EUR/MWh,DK2,DK_2,day_ahead_price,value,2026-07-25T10:50:28Z
2026-07-25T10:47:05Z,2026-07-25T12:47:05+0200,8f98f9ca-4a78-47a6-8878-9b0cbde920eb,2026-07-16T01:30:00Z,2026-07-16T03:30:00+0200,148.09,EUR/MWh,DK2,DK_2,day_ahead_price,value,2026-07-25T10:50:28Z
2026-07-25T10:47:05Z,2026-07-25T12:47:05+0200,8f98f9ca-4a78-47a6-8878-9b0cbde920eb,2026-07-16T01:45:00Z,2026-07-16T03:45:00+0200,148.179993,EUR/MWh,DK2,DK_2,day_ahead_price,value,2026-07-25T10:50:28Z
2026-07-25T10:47:05Z,2026-07-25T12:47:05+0200,8f98f9ca-4a78-47a6-8878-9b0cbde920eb,2026-07-16T02:00:00Z,2026-07-16T04:00:00+0200,148.68,EUR/MWh,DK2,DK_2,day_ahead_price,value,2026-07-25T10:50:28Z
2026-07-25T10:47:05Z,2026-07-25T12:47:05+0200,8f98f9ca-4a78-47a6-8878-9b0cbde920eb,2026-07-16T02:15:00Z,2026-07-16T04:15:00+0200,150.26,EUR/MWh,DK2,DK_2,day_ahead_price,value,2026-07-25T10:50:28Z
2026-07-25T10:47:05Z,2026-07-25T12:47:05+0200,8f98f9ca-4a78-47a6-8878-9b0cbde920eb,2026-07-16T02:30:00Z,2026-07-16T04:30:00+0200,154.029999,EUR/MWh,DK2,DK_2,day_ahead_price,value,2026-07-25T10:50:28Z
2026-07-25T10:47:05Z,2026-07-25T12:47:05+0200,8f98f9ca-4a78-47a6-8878-9b0cbde920eb,2026-07-16T02:45:00Z,2026-07-16T04:45:00+0200,155.080002,EUR/MWh,DK2,DK_2,day_ahead_price,value,2026-07-25T10:50:28Z
2026-07-25T10:47:05Z,2026-07-25T12:47:05+0200,8f98f9ca-4a78-47a6-8878-9b0cbde920eb,2026-07-16T03:00:00Z,2026-07-16T05:00:00+0200,155.929993,EUR/MWh,DK2,DK_2,day_ahead_price,value,2026-07-25T10:50:28Z
2026-07-25T10:47:05Z,2026-07-25T12:47:05+0200,8f98f9ca-4a78-47a6-8878-9b0cbde920eb,2026-07-16T03:15:00Z,2026-07-16T05:15:00+0200,159.14,EUR/MWh,DK2,DK_2,day_ahead_price,value,2026-07-25T10:50:28Z
2026-07-25T10:47:05Z,2026-07-25T12:47:05+0200,8f98f9ca-4a78-47a6-8878-9b0cbde920eb,2026-07-16T03:30:00Z,2026-07-16T05:30:00+0200,160.3,EUR/MWh,DK2,DK_2,day_ahead_price,value,2026-07-25T10:50:28Z
2026-07-25T10:47:05Z,2026-07-25T12:47:05+0200,8f98f9ca-4a78-47a6-8878-9b0cbde920eb,2026-07-16T03:45:00Z,2026-07-16T05:45:00+0200,163.289993,EUR/MWh,DK2,DK_2,day_ahead_price,value,2026-07-25T10:50:28Z
2026-07-25T10:47:05Z,2026-07-25T12:47:05+0200,8f98f9ca-4a78-47a6-8878-9b0cbde920eb,2026-07-16T04:00:00Z,2026-07-16T06:00:00+0200,174.56,EUR/MWh,DK2,DK_2,day_ahead_price,value,2026-07-25T10:50:28Z
2026-07-25T10:47:05Z,2026-07-25T12:47:05+0200,8f98f9ca-4a78-47a6-8878-9b0cbde920eb,2026-07-16T04:15:00Z,2026-07-16T06:15:00+0200,175.470001,EUR/MWh,DK2,DK_2,day_ahead_price,value,2026-07-25T10:50:28Z
2026-07-25T10:47:05Z,2026-07-25T12:47:05+0200,8f98f9ca-4a78-47a6-8878-9b0cbde920eb,2026-07-16T04:30:00Z,2026-07-16T06:30:00+0200,176.149994,EUR/MWh,DK2,DK_2,day_ahead_price,value,2026-07-25T10:50:28Z
2026-07-25T10:47:05Z,2026-07-25T12:47:05+0200,8f98f9ca-4a78-47a6-8878-9b0cbde920eb,2026-07-16T04:45:00Z,2026-07-16T06:45:00+0200,174.62,EUR/MWh,DK2,DK_2,day_ahead_price,value,2026-07-25T10:50:28Z
2026-07-25T10:47:05Z,2026-07-25T12:47:05+0200,8f98f9ca-4a78-47a6-8878-9b0cbde920eb,2026-07-16T05:00:00Z,2026-07-16T07:00:00+0200,180.26,EUR/MWh,DK2,DK_2,day_ahead_price,value,2026-07-25T10:50:28Z
2026-07-25T10:47:05Z,2026-07-25T12:47:05+0200,8f98f9ca-4a78-47a6-8878-9b0cbde920eb,2026-07-16T05:15:00Z,2026-07-16T07:15:00+0200,177.65,EUR/MWh,DK2,DK_2,day_ahead_price,value,2026-07-25T10:50:28Z
2026-07-25T10:47:05Z,2026-07-25T12:47:05+0200,8f98f9ca-4a78-47a6-8878-9b0cbde920eb,2026-07-16T05:30:00Z,2026-07-16T07:30:00+0200,171.41,EUR/MWh,DK2,DK_2,day_ahead_price,value,2026-07-25T10:50:28Z
2026-07-25T10:47:05Z,2026-07-25T12:47:05+0200,8f98f9ca-4a78-47a6-8878-9b0cbde920eb,2026-07-16T05:45:00Z,2026-07-16T07:45:00+0200,161.160004,EUR/MWh,DK2,DK_2,day_ahead_price,value,2026-07-25T10:50:28Z
2026-07-25T10:47:05Z,2026-07-25T12:47:05+0200,8f98f9ca-4a78-47a6-8878-9b0cbde920eb,2026-07-16T06:00:00Z,2026-07-16T08:00:00+0200,169.389999,EUR/MWh,DK2,DK_2,day_ahead_price,value,2026-07-25T10:50:28Z
2026-07-25T10:47:05Z,2026-07-25T12:47:05+0200,8f98f9ca-4a78-47a6-8878-9b0cbde920eb,2026-07-16T06:15:00Z,2026-07-16T08:15:00+0200,165.770004,EUR/MWh,DK2,DK_2,day_ahead_price,value,2026-07-25T10:50:28Z
2026-07-25T10:47:05Z,2026-07-25T12:47:05+0200,8f98f9ca-4a78-47a6-8878-9b0cbde920eb,2026-07-16T06:30:00Z,2026-07-16T08:30:00+0200,156.02,EUR/MWh,DK2,DK_2,day_ahead_price,value,2026-07-25T10:50:28Z
2026-07-25T10:47:05Z,2026-07-25T12:47:05+0200,8f98f9ca-4a78-47a6-8878-9b0cbde920eb,2026-07-16T06:45:00Z,2026-07-16T08:45:00+0200,139.32,EUR/MWh,DK2,DK_2,day_ahead_price,value,2026-07-25T10:50:28Z
2026-07-25T10:47:05Z,2026-07-25T12:47:05+0200,8f98f9ca-4a78-47a6-8878-9b0cbde920eb,2026-07-16T07:00:00Z,2026-07-16T09:00:00+0200,150.23,EUR/MWh,DK2,DK_2,day_ahead_price,value,2026-07-25T10:50:28Z
2026-07-25T10:47:05Z,2026-07-25T12:47:05+0200,8f98f9ca-4a78-47a6-8878-9b0cbde920eb,2026-07-16T07:15:00Z,2026-07-16T09:15:00+0200,140.67,EUR/MWh,DK2,DK_2,day_ahead_price,value,2026-07-25T10:50:28Z
2026-07-25T10:47:05Z,2026-07-25T12:47:05+0200,8f98f9ca-4a78-47a6-8878-9b0cbde920eb,2026-07-16T07:30:00Z,2026-07-16T09:30:00+0200,134.570007,EUR/MWh,DK2,DK_2,day_ahead_price,value,2026-07-25T10:50:28Z
2026-07-25T10:47:05Z,2026-07-25T12:47:05+0200,8f98f9ca-4a78-47a6-8878-9b0cbde920eb,2026-07-16T07:45:00Z,2026-07-16T09:45:00+0200,125.48,EUR/MWh,DK2,DK_2,day_ahead_price,value,2026-07-25T10:50:28Z
2026-07-25T10:47:05Z,2026-07-25T12:47:05+0200,8f98f9ca-4a78-47a6-8878-9b0cbde920eb,2026-07-16T08:00:00Z,2026-07-16T10:00:00+0200,138.52,EUR/MWh,DK2,DK_2,day_ahead_price,value,2026-07-25T10:50:28Z
2026-07-25T10:47:05Z,2026-07-25T12:47:05+0200,8f98f9ca-4a78-47a6-8878-9b0cbde920eb,2026-07-16T08:15:00Z,2026-07-16T10:15:00+0200,123.620003,EUR/MWh,DK2,DK_2,day_ahead_price,value,2026-07-25T10:50:28Z
2026-07-25T10:47:05Z,2026-07-25T12:47:05+0200,8f98f9ca-4a78-47a6-8878-9b0cbde920eb,2026-07-16T08:30:00Z,2026-07-16T10:30:00+0200,110.55,EUR/MWh,DK2,DK_2,day_ahead_price,value,2026-07-25T10:50:28Z
2026-07-25T10:47:05Z,2026-07-25T12:47:05+0200,8f98f9ca-4a78-47a6-8878-9b0cbde920eb,2026-07-16T08:45:00Z,2026-07-16T10:45:00+0200,100.21,EUR/MWh,DK2,DK_2,day_ahead_price,value,2026-07-25T10:50:28Z
2026-07-25T10:47:05Z,2026-07-25T12:47:05+0200,8f98f9ca-4a78-47a6-8878-9b0cbde920eb,2026-07-16T09:00:00Z,2026-07-16T11:00:00+0200,113.45,EUR/MWh,DK2,DK_2,day_ahead_price,value,2026-07-25T10:50:28Z
2026-07-25T10:47:05Z,2026-07-25T12:47:05+0200,8f98f9ca-4a78-47a6-8878-9b0cbde920eb,2026-07-16T09:15:00Z,2026-07-16T11:15:00+0200,109.26,EUR/MWh,DK2,DK_2,day_ahead_price,value,2026-07-25T10:50:28Z
2026-07-25T10:47:05Z,2026-07-25T12:47:05+0200,8f98f9ca-4a78-47a6-8878-9b0cbde920eb,2026-07-16T09:30:00Z,2026-07-16T11:30:00+0200,105.95,EUR/MWh,DK2,DK_2,day_ahead_price,value,2026-07-25T10:50:28Z
2026-07-25T10:47:05Z,2026-07-25T12:47:05+0200,8f98f9ca-4a78-47a6-8878-9b0cbde920eb,2026-07-16T09:45:00Z,2026-07-16T11:45:00+0200,100.35,EUR/MWh,DK2,DK_2,day_ahead_price,value,2026-07-25T10:50:28Z
2026-07-25T10:47:05Z,2026-07-25T12:47:05+0200,8f98f9ca-4a78-47a6-8878-9b0cbde920eb,2026-07-16T10:00:00Z,2026-07-16T12:00:00+0200,100.27,EUR/MWh,DK2,DK_2,day_ahead_price,value,2026-07-25T10:50:28Z
2026-07-25T10:47:05Z,2026-07-25T12:47:05+0200,8f98f9ca-4a78-47a6-8878-9b0cbde920eb,2026-07-16T10:15:00Z,2026-07-16T12:15:00+0200,94.01,EUR/MWh,DK2,DK_2,day_ahead_price,value,2026-07-25T10:50:28Z
2026-07-25T10:47:05Z,2026-07-25T12:47:05+0200,8f98f9ca-4a78-47a6-8878-9b0cbde920eb,2026-07-16T10:30:00Z,2026-07-16T12:30:00+0200,93.28,EUR/MWh,DK2,DK_2,day_ahead_price,value,2026-07-25T10:50:28Z
2026-07-25T10:47:05Z,2026-07-25T12:47:05+0200,8f98f9ca-4a78-47a6-8878-9b0cbde920eb,2026-07-16T10:45:00Z,2026-07-16T12:45:00+0200,91.889999,EUR/MWh,DK2,DK_2,day_ahead_price,value,2026-07-25T10:50:28Z
2026-07-25T10:47:05Z,2026-07-25T12:47:05+0200,8f98f9ca-4a78-47a6-8878-9b0cbde920eb,2026-07-16T11:00:00Z,2026-07-16T13:00:00+0200,92.779999,EUR/MWh,DK2,DK_2,day_ahead_price,value,2026-07-25T10:50:28Z
2026-07-25T10:47:05Z,2026-07-25T12:47:05+0200,8f98f9ca-4a78-47a6-8878-9b0cbde920eb,2026-07-16T11:15:00Z,2026-07-16T13:15:00+0200,92.01,EUR/MWh,DK2,DK_2,day_ahead_price,value,2026-07-25T10:50:28Z
2026-07-25T10:47:05Z,2026-07-25T12:47:05+0200,8f98f9ca-4a78-47a6-8878-9b0cbde920eb,2026-07-16T11:30:00Z,2026-07-16T13:30:00+0200,84.199997,EUR/MWh,DK2,DK_2,day_ahead_price,value,2026-07-25T10:50:28Z
2026-07-25T10:47:05Z,2026-07-25T12:47:05+0200,8f98f9ca-4a78-47a6-8878-9b0cbde920eb,2026-07-16T11:45:00Z,2026-07-16T13:45:00+0200,82.379997,EUR/MWh,DK2,DK_2,day_ahead_price,value,2026-07-25T10:50:28Z
2026-07-25T10:47:05Z,2026-07-25T12:47:05+0200,8f98f9ca-4a78-47a6-8878-9b0cbde920eb,2026-07-16T12:00:00Z,2026-07-16T14:00:00+0200,91.8,EUR/MWh,DK2,DK_2,day_ahead_price,value,2026-07-25T10:50:28Z
2026-07-25T10:47:05Z,2026-07-25T12:47:05+0200,8f98f9ca-4a78-47a6-8878-9b0cbde920eb,2026-07-16T12:15:00Z,2026-07-16T14:15:00+0200,94.129997,EUR/MWh,DK2,DK_2,day_ahead_price,value,2026-07-25T10:50:28Z
2026-07-25T10:47:05Z,2026-07-25T12:47:05+0200,8f98f9ca-4a78-47a6-8878-9b0cbde920eb,2026-07-16T12:30:00Z,2026-07-16T14:30:00+0200,97.360001,EUR/MWh,DK2,DK_2,day_ahead_price,value,2026-07-25T10:50:28Z
2026-07-25T10:47:05Z,2026-07-25T12:47:05+0200,8f98f9ca-4a78-47a6-8878-9b0cbde920eb,2026-07-16T12:45:00Z,2026-07-16T14:45:00+0200,104.510002,EUR/MWh,DK2,DK_2,day_ahead_price,value,2026-07-25T10:50:28Z
2026-07-25T10:47:05Z,2026-07-25T12:47:05+0200,8f98f9ca-4a78-47a6-8878-9b0cbde920eb,2026-07-16T13:00:00Z,2026-07-16T15:00:00+0200,104.139999,EUR/MWh,DK2,DK_2,day_ahead_price,value,2026-07-25T10:50:28Z
2026-07-25T10:47:05Z,2026-07-25T12:47:05+0200,8f98f9ca-4a78-47a6-8878-9b0cbde920eb,2026-07-16T13:15:00Z,2026-07-16T15:15:00+0200,108.709999,EUR/MWh,DK2,DK_2,day_ahead_price,value,2026-07-25T10:50:28Z
2026-07-25T10:47:05Z,2026-07-25T12:47:05+0200,8f98f9ca-4a78-47a6-8878-9b0cbde920eb,2026-07-16T13:30:00Z,2026-07-16T15:30:00+0200,109.260002,EUR/MWh,DK2,DK_2,day_ahead_price,value,2026-07-25T10:50:28Z
2026-07-25T10:47:05Z,2026-07-25T12:47:05+0200,8f98f9ca-4a78-47a6-8878-9b0cbde920eb,2026-07-16T13:45:00Z,2026-07-16T15:45:00+0200,112.949997,EUR/MWh,DK2,DK_2,day_ahead_price,value,2026-07-25T10:50:28Z
2026-07-25T10:47:05Z,2026-07-25T12:47:05+0200,8f98f9ca-4a78-47a6-8878-9b0cbde920eb,2026-07-16T14:00:00Z,2026-07-16T16:00:00+0200,107.629997,EUR/MWh,DK2,DK_2,day_ahead_price,value,2026-07-25T10:50:28Z
2026-07-25T10:47:05Z,2026-07-25T12:47:05+0200,8f98f9ca-4a78-47a6-8878-9b0cbde920eb,2026-07-16T14:15:00Z,2026-07-16T16:15:00+0200,112.580002,EUR/MWh,DK2,DK_2,day_ahead_price,value,2026-07-25T10:50:28Z
2026-07-25T10:47:05Z,2026-07-25T12:47:05+0200,8f98f9ca-4a78-47a6-8878-9b0cbde920eb,2026-07-16T14:30:00Z,2026-07-16T16:30:00+0200,127.75,EUR/MWh,DK2,DK_2,day_ahead_price,value,2026-07-25T10:50:28Z
2026-07-25T10:47:05Z,2026-07-25T12:47:05+0200,8f98f9ca-4a78-47a6-8878-9b0cbde920eb,2026-07-16T14:45:00Z,2026-07-16T16:45:00+0200,132.62,EUR/MWh,DK2,DK_2,day_ahead_price,value,2026-07-25T10:50:28Z
2026-07-25T10:47:05Z,2026-07-25T12:47:05+0200,8f98f9ca-4a78-47a6-8878-9b0cbde920eb,2026-07-16T15:00:00Z,2026-07-16T17:00:00+0200,124.410004,EUR/MWh,DK2,DK_2,day_ahead_price,value,2026-07-25T10:50:28Z
2026-07-25T10:47:05Z,2026-07-25T12:47:05+0200,8f98f9ca-4a78-47a6-8878-9b0cbde920eb,2026-07-16T15:15:00Z,2026-07-16T17:15:00+0200,134.91,EUR/MWh,DK2,DK_2,day_ahead_price,value,2026-07-25T10:50:28Z
2026-07-25T10:47:05Z,2026-07-25T12:47:05+0200,8f98f9ca-4a78-47a6-8878-9b0cbde920eb,2026-07-16T15:30:00Z,2026-07-16T17:30:00+0200,143.690002,EUR/MWh,DK2,DK_2,day_ahead_price,value,2026-07-25T10:50:28Z
2026-07-25T10:47:05Z,2026-07-25T12:47:05+0200,8f98f9ca-4a78-47a6-8878-9b0cbde920eb,2026-07-16T15:45:00Z,2026-07-16T17:45:00+0200,154.660004,EUR/MWh,DK2,DK_2,day_ahead_price,value,2026-07-25T10:50:28Z
2026-07-25T10:47:05Z,2026-07-25T12:47:05+0200,8f98f9ca-4a78-47a6-8878-9b0cbde920eb,2026-07-16T16:00:00Z,2026-07-16T18:00:00+0200,149.94,EUR/MWh,DK2,DK_2,day_ahead_price,value,2026-07-25T10:50:28Z
2026-07-25T10:47:05Z,2026-07-25T12:47:05+0200,8f98f9ca-4a78-47a6-8878-9b0cbde920eb,2026-07-16T16:15:00Z,2026-07-16T18:15:00+0200,179.81,EUR/MWh,DK2,DK_2,day_ahead_price,value,2026-07-25T10:50:28Z
2026-07-25T10:47:05Z,2026-07-25T12:47:05+0200,8f98f9ca-4a78-47a6-8878-9b0cbde920eb,2026-07-16T16:30:00Z,2026-07-16T18:30:00+0200,181.940002,EUR/MWh,DK2,DK_2,day_ahead_price,value,2026-07-25T10:50:28Z
2026-07-25T10:47:05Z,2026-07-25T12:47:05+0200,8f98f9ca-4a78-47a6-8878-9b0cbde920eb,2026-07-16T16:45:00Z,2026-07-16T18:45:00+0200,204.53,EUR/MWh,DK2,DK_2,day_ahead_price,value,2026-07-25T10:50:28Z
2026-07-25T10:47:05Z,2026-07-25T12:47:05+0200,8f98f9ca-4a78-47a6-8878-9b0cbde920eb,2026-07-16T17:00:00Z,2026-07-16T19:00:00+0200,185.509995,EUR/MWh,DK2,DK_2,day_ahead_price,value,2026-07-25T10:50:28Z
2026-07-25T10:47:05Z,2026-07-25T12:47:05+0200,8f98f9ca-4a78-47a6-8878-9b0cbde920eb,2026-07-16T17:15:00Z,2026-07-16T19:15:00+0200,211.02,EUR/MWh,DK2,DK_2,day_ahead_price,value,2026-07-25T10:50:28Z
2026-07-25T10:47:05Z,2026-07-25T12:47:05+0200,8f98f9ca-4a78-47a6-8878-9b0cbde920eb,2026-07-16T17:30:00Z,2026-07-16T19:30:00+0200,257.190002,EUR/MWh,DK2,DK_2,day_ahead_price,value,2026-07-25T10:50:28Z
2026-07-25T10:47:05Z,2026-07-25T12:47:05+0200,8f98f9ca-4a78-47a6-8878-9b0cbde920eb,2026-07-16T17:45:00Z,2026-07-16T19:45:00+0200,303.109985,EUR/MWh,DK2,DK_2,day_ahead_price,value,2026-07-25T10:50:28Z
2026-07-25T10:47:05Z,2026-07-25T12:47:05+0200,8f98f9ca-4a78-47a6-8878-9b0cbde920eb,2026-07-16T18:00:00Z,2026-07-16T20:00:00+0200,283.09,EUR/MWh,DK2,DK_2,day_ahead_price,value,2026-07-25T10:50:28Z
2026-07-25T10:47:05Z,2026-07-25T12:47:05+0200,8f98f9ca-4a78-47a6-8878-9b0cbde920eb,2026-07-16T18:15:00Z,2026-07-16T20:15:00+0200,302.44,EUR/MWh,DK2,DK_2,day_ahead_price,value,2026-07-25T10:50:28Z
2026-07-25T10:47:05Z,2026-07-25T12:47:05+0200,8f98f9ca-4a78-47a6-8878-9b0cbde920eb,2026-07-16T18:30:00Z,2026-07-16T20:30:00+0200,325.43,EUR/MWh,DK2,DK_2,day_ahead_price,value,2026-07-25T10:50:28Z
2026-07-25T10:47:05Z,2026-07-25T12:47:05+0200,8f98f9ca-4a78-47a6-8878-9b0cbde920eb,2026-07-16T18:45:00Z,2026-07-16T20:45:00+0200,325.15,EUR/MWh,DK2,DK_2,day_ahead_price,value,2026-07-25T10:50:28Z
2026-07-25T10:47:05Z,2026-07-25T12:47:05+0200,8f98f9ca-4a78-47a6-8878-9b0cbde920eb,2026-07-16T19:00:00Z,2026-07-16T21:00:00+0200,335.11,EUR/MWh,DK2,DK_2,day_ahead_price,value,2026-07-25T10:50:28Z
2026-07-25T10:47:05Z,2026-07-25T12:47:05+0200,8f98f9ca-4a78-47a6-8878-9b0cbde920eb,2026-07-16T19:15:00Z,2026-07-16T21:15:00+0200,275.59,EUR/MWh,DK2,DK_2,day_ahead_price,value,2026-07-25T10:50:28Z
2026-07-25T10:47:05Z,2026-07-25T12:47:05+0200,8f98f9ca-4a78-47a6-8878-9b0cbde920eb,2026-07-16T19:30:00Z,2026-07-16T21:30:00+0200,228.380005,EUR/MWh,DK2,DK_2,day_ahead_price,value,2026-07-25T10:50:28Z
2026-07-25T10:47:05Z,2026-07-25T12:47:05+0200,8f98f9ca-4a78-47a6-8878-9b0cbde920eb,2026-07-16T19:45:00Z,2026-07-16T21:45:00+0200,203.82,EUR/MWh,DK2,DK_2,day_ahead_price,value,2026-07-25T10:50:28Z
2026-07-25T10:47:05Z,2026-07-25T12:47:05+0200,8f98f9ca-4a78-47a6-8878-9b0cbde920eb,2026-07-16T20:00:00Z,2026-07-16T22:00:00+0200,228.78,EUR/MWh,DK2,DK_2,day_ahead_price,value,2026-07-25T10:50:28Z
2026-07-25T10:47:05Z,2026-07-25T12:47:05+0200,8f98f9ca-4a78-47a6-8878-9b0cbde920eb,2026-07-16T20:15:00Z,2026-07-16T22:15:00+0200,203.759995,EUR/MWh,DK2,DK_2,day_ahead_price,value,2026-07-25T10:50:28Z
2026-07-25T10:47:05Z,2026-07-25T12:47:05+0200,8f98f9ca-4a78-47a6-8878-9b0cbde920eb,2026-07-16T20:30:00Z,2026-07-16T22:30:00+0200,205.039993,EUR/MWh,DK2,DK_2,day_ahead_price,value,2026-07-25T10:50:28Z
2026-07-25T10:47:05Z,2026-07-25T12:47:05+0200,8f98f9ca-4a78-47a6-8878-9b0cbde920eb,2026-07-16T20:45:00Z,2026-07-16T22:45:00+0200,189.850006,EUR/MWh,DK2,DK_2,day_ahead_price,value,2026-07-25T10:50:28Z
2026-07-25T10:47:05Z,2026-07-25T12:47:05+0200,8f98f9ca-4a78-47a6-8878-9b0cbde920eb,2026-07-16T21:00:00Z,2026-07-16T23:00:00+0200,196.039993,EUR/MWh,DK2,DK_2,day_ahead_price,value,2026-07-25T10:50:28Z
2026-07-25T10:47:05Z,2026-07-25T12:47:05+0200,8f98f9ca-4a78-47a6-8878-9b0cbde920eb,2026-07-16T21:15:00Z,2026-07-16T23:15:00+0200,180.61,EUR/MWh,DK2,DK_2,day_ahead_price,value,2026-07-25T10:50:28Z
2026-07-25T10:47:05Z,2026-07-25T12:47:05+0200,8f98f9ca-4a78-47a6-8878-9b0cbde920eb,2026-07-16T21:30:00Z,2026-07-16T23:30:00+0200,175.110001,EUR/MWh,DK2,DK_2,day_ahead_price,value,2026-07-25T10:50:28Z
2026-07-25T10:47:05Z,2026-07-25T12:47:05+0200,8f98f9ca-4a78-47a6-8878-9b0cbde920eb,2026-07-16T21:45:00Z,2026-07-16T23:45:00+0200,169.53,EUR/MWh,DK2,DK_2,day_ahead_price,value,2026-07-25T10:50:28Z
2026-07-25T10:47:05Z,2026-07-25T12:47:05+0200,8f98f9ca-4a78-47a6-8878-9b0cbde920eb,2026-07-16T22:00:00Z,2026-07-17T00:00:00+0200,175.009995,EUR/MWh,DK2,DK_2,day_ahead_price,value,2026-07-25T10:50:28Z
2026-07-25T10:47:05Z,2026-07-25T12:47:05+0200,8f98f9ca-4a78-47a6-8878-9b0cbde920eb,2026-07-16T22:15:00Z,2026-07-17T00:15:00+0200,171.32,EUR/MWh,DK2,DK_2,day_ahead_price,value,2026-07-25T10:50:28Z
2026-07-25T10:47:05Z,2026-07-25T12:47:05+0200,8f98f9ca-4a78-47a6-8878-9b0cbde920eb,2026-07-16T22:30:00Z,2026-07-17T00:30:00+0200,169.460007,EUR/MWh,DK2,DK_2,day_ahead_price,value,2026-07-25T10:50:28Z
2026-07-25T10:47:05Z,2026-07-25T12:47:05+0200,8f98f9ca-4a78-47a6-8878-9b0cbde920eb,2026-07-16T22:45:00Z,2026-07-17T00:45:00+0200,166.509995,EUR/MWh,DK2,DK_2,day_ahead_price,value,2026-07-25T10:50:28Z
2026-07-25T10:47:05Z,2026-07-25T12:47:05+0200,8f98f9ca-4a78-47a6-8878-9b0cbde920eb,2026-07-16T23:00:00Z,2026-07-17T01:00:00+0200,167.01,EUR/MWh,DK2,DK_2,day_ahead_price,value,2026-07-25T10:50:28Z
2026-07-25T10:47:05Z,2026-07-25T12:47:05+0200,8f98f9ca-4a78-47a6-8878-9b0cbde920eb,2026-07-16T23:15:00Z,2026-07-17T01:15:00+0200,162.89,EUR/MWh,DK2,DK_2,day_ahead_price,value,2026-07-25T10:50:28Z
2026-07-25T10:47:05Z,2026-07-25T12:47:05+0200,8f98f9ca-4a78-47a6-8878-9b0cbde920eb,2026-07-16T23:30:00Z,2026-07-17T01:30:00+0200,160.649994,EUR/MWh,DK2,DK_2,day_ahead_price,value,2026-07-25T10:50:28Z
2026-07-25T10:47:05Z,2026-07-25T12:47:05+0200,8f98f9ca-4a78-47a6-8878-9b0cbde920eb,2026-07-16T23:45:00Z,2026-07-17T01:45:00+0200,155.289993,EUR/MWh,DK2,DK_2,day_ahead_price,value,2026-07-25T10:50:28Z
2026-07-25T10:47:05Z,2026-07-25T12:47:05+0200,8f98f9ca-4a78-47a6-8878-9b0cbde920eb,2026-07-17T00:00:00Z,2026-07-17T02:00:00+0200,156.979996,EUR/MWh,DK2,DK_2,day_ahead_price,value,2026-07-25T10:50:28Z
2026-07-25T10:47:05Z,2026-07-25T12:47:05+0200,8f98f9ca-4a78-47a6-8878-9b0cbde920eb,2026-07-17T00:15:00Z,2026-07-17T02:15:00+0200,153.01,EUR/MWh,DK2,DK_2,day_ahead_price,value,2026-07-25T10:50:28Z
2026-07-25T10:47:05Z,2026-07-25T12:47:05+0200,8f98f9ca-4a78-47a6-8878-9b0cbde920eb,2026-07-17T00:30:00Z,2026-07-17T02:30:00+0200,151.92,EUR/MWh,DK2,DK_2,day_ahead_price,value,2026-07-25T10:50:28Z
2026-07-25T10:47:05Z,2026-07-25T12:47:05+0200,8f98f9ca-4a78-47a6-8878-9b0cbde920eb,2026-07-17T00:45:00Z,2026-07-17T02:45:00+0200,146.02,EUR/MWh,DK2,DK_2,day_ahead_price,value,2026-07-25T10:50:28Z
2026-07-25T10:47:05Z,2026-07-25T12:47:05+0200,8f98f9ca-4a78-47a6-8878-9b0cbde920eb,2026-07-17T01:00:00Z,2026-07-17T03:00:00+0200,148.01,EUR/MWh,DK2,DK_2,day_ahead_price,value,2026-07-25T10:50:28Z
2026-07-25T10:47:05Z,2026-07-25T12:47:05+0200,8f98f9ca-4a78-47a6-8878-9b0cbde920eb,2026-07-17T01:15:00Z,2026-07-17T03:15:00+0200,145.01,EUR/MWh,DK2,DK_2,day_ahead_price,value,2026-07-25T10:50:28Z
2026-07-25T10:47:05Z,2026-07-25T12:47:05+0200,8f98f9ca-4a78-47a6-8878-9b0cbde920eb,2026-07-17T01:30:00Z,2026-07-17T03:30:00+0200,142.01,EUR/MWh,DK2,DK_2,day_ahead_price,value,2026-07-25T10:50:28Z
2026-07-25T10:47:05Z,2026-07-25T12:47:05+0200,8f98f9ca-4a78-47a6-8878-9b0cbde920eb,2026-07-17T01:45:00Z,2026-07-17T03:45:00+0200,141.66,EUR/MWh,DK2,DK_2,day_ahead_price,value,2026-07-25T10:50:28Z
2026-07-25T10:47:05Z,2026-07-25T12:47:05+0200,8f98f9ca-4a78-47a6-8878-9b0cbde920eb,2026-07-17T02:00:00Z,2026-07-17T04:00:00+0200,140.15,EUR/MWh,DK2,DK_2,day_ahead_price,value,2026-07-25T10:50:28Z
2026-07-25T10:47:05Z,2026-07-25T12:47:05+0200,8f98f9ca-4a78-47a6-8878-9b0cbde920eb,2026-07-17T02:15:00Z,2026-07-17T04:15:00+0200,142.2,EUR/MWh,DK2,DK_2,day_ahead_price,value,2026-07-25T10:50:28Z
2026-07-25T10:47:05Z,2026-07-25T12:47:05+0200,8f98f9ca-4a78-47a6-8878-9b0cbde920eb,2026-07-17T02:30:00Z,2026-07-17T04:30:00+0200,142.360001,EUR/MWh,DK2,DK_2,day_ahead_price,value,2026-07-25T10:50:28Z
2026-07-25T10:47:05Z,2026-07-25T12:47:05+0200,8f98f9ca-4a78-47a6-8878-9b0cbde920eb,2026-07-17T02:45:00Z,2026-07-17T04:45:00+0200,146.009995,EUR/MWh,DK2,DK_2,day_ahead_price,value,2026-07-25T10:50:28Z
2026-07-25T10:47:05Z,2026-07-25T12:47:05+0200,8f98f9ca-4a78-47a6-8878-9b0cbde920eb,2026-07-17T03:00:00Z,2026-07-17T05:00:00+0200,150.470001,EUR/MWh,DK2,DK_2,day_ahead_price,value,2026-07-25T10:50:28Z
2026-07-25T10:47:05Z,2026-07-25T12:47:05+0200,8f98f9ca-4a78-47a6-8878-9b0cbde920eb,2026-07-17T03:15:00Z,2026-07-17T05:15:00+0200,150.539993,EUR/MWh,DK2,DK_2,day_ahead_price,value,2026-07-25T10:50:28Z
2026-07-25T10:47:05Z,2026-07-25T12:47:05+0200,8f98f9ca-4a78-47a6-8878-9b0cbde920eb,2026-07-17T03:30:00Z,2026-07-17T05:30:00+0200,152.74,EUR/MWh,DK2,DK_2,day_ahead_price,value,2026-07-25T10:50:28Z
2026-07-25T10:47:05Z,2026-07-25T12:47:05+0200,8f98f9ca-4a78-47a6-8878-9b0cbde920eb,2026-07-17T03:45:00Z,2026-07-17T05:45:00+0200,158.789993,EUR/MWh,DK2,DK_2,day_ahead_price,value,2026-07-25T10:50:28Z
2026-07-25T10:47:05Z,2026-07-25T12:47:05+0200,8f98f9ca-4a78-47a6-8878-9b0cbde920eb,2026-07-17T04:00:00Z,2026-07-17T06:00:00+0200,162.5,EUR/MWh,DK2,DK_2,day_ahead_price,value,2026-07-25T10:50:28Z
2026-07-25T10:47:05Z,2026-07-25T12:47:05+0200,8f98f9ca-4a78-47a6-8878-9b0cbde920eb,2026-07-17T04:15:00Z,2026-07-17T06:15:00+0200,168.28,EUR/MWh,DK2,DK_2,day_ahead_price,value,2026-07-25T10:50:28Z
2026-07-25T10:47:05Z,2026-07-25T12:47:05+0200,8f98f9ca-4a78-47a6-8878-9b0cbde920eb,2026-07-17T04:30:00Z,2026-07-17T06:30:00+0200,167.679993,EUR/MWh,DK2,DK_2,day_ahead_price,value,2026-07-25T10:50:28Z
2026-07-25T10:47:05Z,2026-07-25T12:47:05+0200,8f98f9ca-4a78-47a6-8878-9b0cbde920eb,2026-07-17T04:45:00Z,2026-07-17T06:45:00+0200,161.289993,EUR/MWh,DK2,DK_2,day_ahead_price,value,2026-07-25T10:50:28Z
2026-07-25T10:47:05Z,2026-07-25T12:47:05+0200,8f98f9ca-4a78-47a6-8878-9b0cbde920eb,2026-07-17T05:00:00Z,2026-07-17T07:00:00+0200,176.679993,EUR/MWh,DK2,DK_2,day_ahead_price,value,2026-07-25T10:50:28Z
2026-07-25T10:47:05Z,2026-07-25T12:47:05+0200,8f98f9ca-4a78-47a6-8878-9b0cbde920eb,2026-07-17T05:15:00Z,2026-07-17T07:15:00+0200,171.19,EUR/MWh,DK2,DK_2,day_ahead_price,value,2026-07-25T10:50:28Z
2026-07-25T10:47:05Z,2026-07-25T12:47:05+0200,8f98f9ca-4a78-47a6-8878-9b0cbde920eb,2026-07-17T05:30:00Z,2026-07-17T07:30:00+0200,160.88,EUR/MWh,DK2,DK_2,day_ahead_price,value,2026-07-25T10:50:28Z
2026-07-25T10:47:05Z,2026-07-25T12:47:05+0200,8f98f9ca-4a78-47a6-8878-9b0cbde920eb,2026-07-17T05:45:00Z,2026-07-17T07:45:00+0200,153.73,EUR/MWh,DK2,DK_2,day_ahead_price,value,2026-07-25T10:50:28Z
2026-07-25T10:47:05Z,2026-07-25T12:47:05+0200,8f98f9ca-4a78-47a6-8878-9b0cbde920eb,2026-07-17T06:00:00Z,2026-07-17T08:00:00+0200,175.37,EUR/MWh,DK2,DK_2,day_ahead_price,value,2026-07-25T10:50:28Z
2026-07-25T10:47:05Z,2026-07-25T12:47:05+0200,8f98f9ca-4a78-47a6-8878-9b0cbde920eb,2026-07-17T06:15:00Z,2026-07-17T08:15:00+0200,162.76,EUR/MWh,DK2,DK_2,day_ahead_price,value,2026-07-25T10:50:28Z
2026-07-25T10:47:05Z,2026-07-25T12:47:05+0200,8f98f9ca-4a78-47a6-8878-9b0cbde920eb,2026-07-17T06:30:00Z,2026-07-17T08:30:00+0200,155.34,EUR/MWh,DK2,DK_2,day_ahead_price,value,2026-07-25T10:50:28Z
2026-07-25T10:47:05Z,2026-07-25T12:47:05+0200,8f98f9ca-4a78-47a6-8878-9b0cbde920eb,2026-07-17T06:45:00Z,2026-07-17T08:45:00+0200,138.369995,EUR/MWh,DK2,DK_2,day_ahead_price,value,2026-07-25T10:50:28Z
2026-07-25T10:47:05Z,2026-07-25T12:47:05+0200,8f98f9ca-4a78-47a6-8878-9b0cbde920eb,2026-07-17T07:00:00Z,2026-07-17T09:00:00+0200,147.31,EUR/MWh,DK2,DK_2,day_ahead_price,value,2026-07-25T10:50:28Z
2026-07-25T10:47:05Z,2026-07-25T12:47:05+0200,8f98f9ca-4a78-47a6-8878-9b0cbde920eb,2026-07-17T07:15:00Z,2026-07-17T09:15:00+0200,138.630005,EUR/MWh,DK2,DK_2,day_ahead_price,value,2026-07-25T10:50:28Z
2026-07-25T10:47:05Z,2026-07-25T12:47:05+0200,8f98f9ca-4a78-47a6-8878-9b0cbde920eb,2026-07-17T07:30:00Z,2026-07-17T09:30:00+0200,134.26,EUR/MWh,DK2,DK_2,day_ahead_price,value,2026-07-25T10:50:28Z
2026-07-25T10:47:05Z,2026-07-25T12:47:05+0200,8f98f9ca-4a78-47a6-8878-9b0cbde920eb,2026-07-17T07:45:00Z,2026-07-17T09:45:00+0200,118.82,EUR/MWh,DK2,DK_2,day_ahead_price,value,2026-07-25T10:50:28Z
2026-07-25T10:47:05Z,2026-07-25T12:47:05+0200,8f98f9ca-4a78-47a6-8878-9b0cbde920eb,2026-07-17T08:00:00Z,2026-07-17T10:00:00+0200,148.63,EUR/MWh,DK2,DK_2,day_ahead_price,value,2026-07-25T10:50:28Z
2026-07-25T10:47:05Z,2026-07-25T12:47:05+0200,8f98f9ca-4a78-47a6-8878-9b0cbde920eb,2026-07-17T08:15:00Z,2026-07-17T10:15:00+0200,130.18,EUR/MWh,DK2,DK_2,day_ahead_price,value,2026-07-25T10:50:28Z
2026-07-25T10:47:05Z,2026-07-25T12:47:05+0200,8f98f9ca-4a78-47a6-8878-9b0cbde920eb,2026-07-17T08:30:00Z,2026-07-17T10:30:00+0200,120.21,EUR/MWh,DK2,DK_2,day_ahead_price,value,2026-07-25T10:50:28Z
2026-07-25T10:47:05Z,2026-07-25T12:47:05+0200,8f98f9ca-4a78-47a6-8878-9b0cbde920eb,2026-07-17T08:45:00Z,2026-07-17T10:45:00+0200,112.110001,EUR/MWh,DK2,DK_2,day_ahead_price,value,2026-07-25T10:50:28Z
2026-07-25T10:47:05Z,2026-07-25T12:47:05+0200,8f98f9ca-4a78-47a6-8878-9b0cbde920eb,2026-07-17T09:00:00Z,2026-07-17T11:00:00+0200,118.839996,EUR/MWh,DK2,DK_2,day_ahead_price,value,2026-07-25T10:50:28Z
2026-07-25T10:47:05Z,2026-07-25T12:47:05+0200,8f98f9ca-4a78-47a6-8878-9b0cbde920eb,2026-07-17T09:15:00Z,2026-07-17T11:15:00+0200,111.989998,EUR/MWh,DK2,DK_2,day_ahead_price,value,2026-07-25T10:50:28Z
2026-07-25T10:47:05Z,2026-07-25T12:47:05+0200,8f98f9ca-4a78-47a6-8878-9b0cbde920eb,2026-07-17T09:30:00Z,2026-07-17T11:30:00+0200,111.48,EUR/MWh,DK2,DK_2,day_ahead_price,value,2026-07-25T10:50:28Z
2026-07-25T10:47:05Z,2026-07-25T12:47:05+0200,8f98f9ca-4a78-47a6-8878-9b0cbde920eb,2026-07-17T09:45:00Z,2026-07-17T11:45:00+0200,110.79,EUR/MWh,DK2,DK_2,day_ahead_price,value,2026-07-25T10:50:28Z
2026-07-25T10:47:05Z,2026-07-25T12:47:05+0200,8f98f9ca-4a78-47a6-8878-9b0cbde920eb,2026-07-17T10:00:00Z,2026-07-17T12:00:00+0200,111.08,EUR/MWh,DK2,DK_2,day_ahead_price,value,2026-07-25T10:50:28Z
2026-07-25T10:47:05Z,2026-07-25T12:47:05+0200,8f98f9ca-4a78-47a6-8878-9b0cbde920eb,2026-07-17T10:15:00Z,2026-07-17T12:15:00+0200,104.99,EUR/MWh,DK2,DK_2,day_ahead_price,value,2026-07-25T10:50:28Z
2026-07-25T10:47:05Z,2026-07-25T12:47:05+0200,8f98f9ca-4a78-47a6-8878-9b0cbde920eb,2026-07-17T10:30:00Z,2026-07-17T12:30:00+0200,99.989998,EUR/MWh,DK2,DK_2,day_ahead_price,value,2026-07-25T10:50:28Z
2026-07-25T10:47:05Z,2026-07-25T12:47:05+0200,8f98f9ca-4a78-47a6-8878-9b0cbde920eb,2026-07-17T10:45:00Z,2026-07-17T12:45:00+0200,98.290001,EUR/MWh,DK2,DK_2,day_ahead_price,value,2026-07-25T10:50:28Z
2026-07-25T10:47:05Z,2026-07-25T12:47:05+0200,8f98f9ca-4a78-47a6-8878-9b0cbde920eb,2026-07-17T11:00:00Z,2026-07-17T13:00:00+0200,98.940002,EUR/MWh,DK2,DK_2,day_ahead_price,value,2026-07-25T10:50:28Z
2026-07-25T10:47:05Z,2026-07-25T12:47:05+0200,8f98f9ca-4a78-47a6-8878-9b0cbde920eb,2026-07-17T11:15:00Z,2026-07-17T13:15:00+0200,98.33,EUR/MWh,DK2,DK_2,day_ahead_price,value,2026-07-25T10:50:28Z
2026-07-25T10:47:05Z,2026-07-25T12:47:05+0200,8f98f9ca-4a78-47a6-8878-9b0cbde920eb,2026-07-17T11:30:00Z,2026-07-17T13:30:00+0200,97.77,EUR/MWh,DK2,DK_2,day_ahead_price,value,2026-07-25T10:50:28Z
2026-07-25T10:47:05Z,2026-07-25T12:47:05+0200,8f98f9ca-4a78-47a6-8878-9b0cbde920eb,2026-07-17T11:45:00Z,2026-07-17T13:45:00+0200,97.639999,EUR/MWh,DK2,DK_2,day_ahead_price,value,2026-07-25T10:50:28Z
2026-07-25T10:47:05Z,2026-07-25T12:47:05+0200,8f98f9ca-4a78-47a6-8878-9b0cbde920eb,2026-07-17T12:00:00Z,2026-07-17T14:00:00+0200,97.92,EUR/MWh,DK2,DK_2,day_ahead_price,value,2026-07-25T10:50:28Z
2026-07-25T10:47:05Z,2026-07-25T12:47:05+0200,8f98f9ca-4a78-47a6-8878-9b0cbde920eb,2026-07-17T12:15:00Z,2026-07-17T14:15:00+0200,98.07,EUR/MWh,DK2,DK_2,day_ahead_price,value,2026-07-25T10:50:28Z
2026-07-25T10:47:05Z,2026-07-25T12:47:05+0200,8f98f9ca-4a78-47a6-8878-9b0cbde920eb,2026-07-17T12:30:00Z,2026-07-17T14:30:00+0200,98.370003,EUR/MWh,DK2,DK_2,day_ahead_price,value,2026-07-25T10:50:28Z
2026-07-25T10:47:05Z,2026-07-25T12:47:05+0200,8f98f9ca-4a78-47a6-8878-9b0cbde920eb,2026-07-17T12:45:00Z,2026-07-17T14:45:00+0200,99.480003,EUR/MWh,DK2,DK_2,day_ahead_price,value,2026-07-25T10:50:28Z
2026-07-25T10:47:05Z,2026-07-25T12:47:05+0200,8f98f9ca-4a78-47a6-8878-9b0cbde920eb,2026-07-17T13:00:00Z,2026-07-17T15:00:00+0200,99.690002,EUR/MWh,DK2,DK_2,day_ahead_price,value,2026-07-25T10:50:28Z
2026-07-25T10:47:05Z,2026-07-25T12:47:05+0200,8f98f9ca-4a78-47a6-8878-9b0cbde920eb,2026-07-17T13:15:00Z,2026-07-17T15:15:00+0200,105.3,EUR/MWh,DK2,DK_2,day_ahead_price,value,2026-07-25T10:50:28Z
2026-07-25T10:47:05Z,2026-07-25T12:47:05+0200,8f98f9ca-4a78-47a6-8878-9b0cbde920eb,2026-07-17T13:30:00Z,2026-07-17T15:30:00+0200,108.980003,EUR/MWh,DK2,DK_2,day_ahead_price,value,2026-07-25T10:50:28Z
2026-07-25T10:47:05Z,2026-07-25T12:47:05+0200,8f98f9ca-4a78-47a6-8878-9b0cbde920eb,2026-07-17T13:45:00Z,2026-07-17T15:45:00+0200,110.620003,EUR/MWh,DK2,DK_2,day_ahead_price,value,2026-07-25T10:50:28Z
2026-07-25T10:47:05Z,2026-07-25T12:47:05+0200,8f98f9ca-4a78-47a6-8878-9b0cbde920eb,2026-07-17T14:00:00Z,2026-07-17T16:00:00+0200,104.970001,EUR/MWh,DK2,DK_2,day_ahead_price,value,2026-07-25T10:50:28Z
2026-07-25T10:47:05Z,2026-07-25T12:47:05+0200,8f98f9ca-4a78-47a6-8878-9b0cbde920eb,2026-07-17T14:15:00Z,2026-07-17T16:15:00+0200,111.629997,EUR/MWh,DK2,DK_2,day_ahead_price,value,2026-07-25T10:50:28Z
2026-07-25T10:47:05Z,2026-07-25T12:47:05+0200,8f98f9ca-4a78-47a6-8878-9b0cbde920eb,2026-07-17T14:30:00Z,2026-07-17T16:30:00+0200,117.349998,EUR/MWh,DK2,DK_2,day_ahead_price,value,2026-07-25T10:50:28Z
2026-07-25T10:47:05Z,2026-07-25T12:47:05+0200,8f98f9ca-4a78-47a6-8878-9b0cbde920eb,2026-07-17T14:45:00Z,2026-07-17T16:45:00+0200,126.57,EUR/MWh,DK2,DK_2,day_ahead_price,value,2026-07-25T10:50:28Z
2026-07-25T10:47:05Z,2026-07-25T12:47:05+0200,8f98f9ca-4a78-47a6-8878-9b0cbde920eb,2026-07-17T15:00:00Z,2026-07-17T17:00:00+0200,115.12,EUR/MWh,DK2,DK_2,day_ahead_price,value,2026-07-25T10:50:28Z
2026-07-25T10:47:05Z,2026-07-25T12:47:05+0200,8f98f9ca-4a78-47a6-8878-9b0cbde920eb,2026-07-17T15:15:00Z,2026-07-17T17:15:00+0200,124.49,EUR/MWh,DK2,DK_2,day_ahead_price,value,2026-07-25T10:50:28Z
2026-07-25T10:47:05Z,2026-07-25T12:47:05+0200,8f98f9ca-4a78-47a6-8878-9b0cbde920eb,2026-07-17T15:30:00Z,2026-07-17T17:30:00+0200,134.889999,EUR/MWh,DK2,DK_2,day_ahead_price,value,2026-07-25T10:50:28Z
2026-07-25T10:47:05Z,2026-07-25T12:47:05+0200,8f98f9ca-4a78-47a6-8878-9b0cbde920eb,2026-07-17T15:45:00Z,2026-07-17T17:45:00+0200,146.14,EUR/MWh,DK2,DK_2,day_ahead_price,value,2026-07-25T10:50:28Z
2026-07-25T10:47:05Z,2026-07-25T12:47:05+0200,8f98f9ca-4a78-47a6-8878-9b0cbde920eb,2026-07-17T16:00:00Z,2026-07-17T18:00:00+0200,129.76,EUR/MWh,DK2,DK_2,day_ahead_price,value,2026-07-25T10:50:28Z
2026-07-25T10:47:05Z,2026-07-25T12:47:05+0200,8f98f9ca-4a78-47a6-8878-9b0cbde920eb,2026-07-17T16:15:00Z,2026-07-17T18:15:00+0200,143.45,EUR/MWh,DK2,DK_2,day_ahead_price,value,2026-07-25T10:50:28Z
2026-07-25T10:47:05Z,2026-07-25T12:47:05+0200,8f98f9ca-4a78-47a6-8878-9b0cbde920eb,2026-07-17T16:30:00Z,2026-07-17T18:30:00+0200,146.309998,EUR/MWh,DK2,DK_2,day_ahead_price,value,2026-07-25T10:50:28Z
2026-07-25T10:47:05Z,2026-07-25T12:47:05+0200,8f98f9ca-4a78-47a6-8878-9b0cbde920eb,2026-07-17T16:45:00Z,2026-07-17T18:45:00+0200,154.460007,EUR/MWh,DK2,DK_2,day_ahead_price,value,2026-07-25T10:50:28Z
2026-07-25T10:47:05Z,2026-07-25T12:47:05+0200,8f98f9ca-4a78-47a6-8878-9b0cbde920eb,2026-07-17T17:00:00Z,2026-07-17T19:00:00+0200,156.399994,EUR/MWh,DK2,DK_2,day_ahead_price,value,2026-07-25T10:50:28Z
2026-07-25T10:47:05Z,2026-07-25T12:47:05+0200,8f98f9ca-4a78-47a6-8878-9b0cbde920eb,2026-07-17T17:15:00Z,2026-07-17T19:15:00+0200,162.69,EUR/MWh,DK2,DK_2,day_ahead_price,value,2026-07-25T10:50:28Z
2026-07-25T10:47:05Z,2026-07-25T12:47:05+0200,8f98f9ca-4a78-47a6-8878-9b0cbde920eb,2026-07-17T17:30:00Z,2026-07-17T19:30:00+0200,164.580002,EUR/MWh,DK2,DK_2,day_ahead_price,value,2026-07-25T10:50:28Z
2026-07-25T10:47:05Z,2026-07-25T12:47:05+0200,8f98f9ca-4a78-47a6-8878-9b0cbde920eb,2026-07-17T17:45:00Z,2026-07-17T19:45:00+0200,166.14,EUR/MWh,DK2,DK_2,day_ahead_price,value,2026-07-25T10:50:28Z
2026-07-25T10:47:05Z,2026-07-25T12:47:05+0200,8f98f9ca-4a78-47a6-8878-9b0cbde920eb,2026-07-17T18:00:00Z,2026-07-17T20:00:00+0200,159.81,EUR/MWh,DK2,DK_2,day_ahead_price,value,2026-07-25T10:50:28Z
2026-07-25T10:47:05Z,2026-07-25T12:47:05+0200,8f98f9ca-4a78-47a6-8878-9b0cbde920eb,2026-07-17T18:15:00Z,2026-07-17T20:15:00+0200,160.67,EUR/MWh,DK2,DK_2,day_ahead_price,value,2026-07-25T10:50:28Z
2026-07-25T10:47:05Z,2026-07-25T12:47:05+0200,8f98f9ca-4a78-47a6-8878-9b0cbde920eb,2026-07-17T18:30:00Z,2026-07-17T20:30:00+0200,164.339996,EUR/MWh,DK2,DK_2,day_ahead_price,value,2026-07-25T10:50:28Z
2026-07-25T10:47:05Z,2026-07-25T12:47:05+0200,8f98f9ca-4a78-47a6-8878-9b0cbde920eb,2026-07-17T18:45:00Z,2026-07-17T20:45:00+0200,171.03,EUR/MWh,DK2,DK_2,day_ahead_price,value,2026-07-25T10:50:28Z
2026-07-25T10:47:05Z,2026-07-25T12:47:05+0200,8f98f9ca-4a78-47a6-8878-9b0cbde920eb,2026-07-17T19:00:00Z,2026-07-17T21:00:00+0200,166.75,EUR/MWh,DK2,DK_2,day_ahead_price,value,2026-07-25T10:50:28Z
2026-07-25T10:47:05Z,2026-07-25T12:47:05+0200,8f98f9ca-4a78-47a6-8878-9b0cbde920eb,2026-07-17T19:15:00Z,2026-07-17T21:15:00+0200,167.02,EUR/MWh,DK2,DK_2,day_ahead_price,value,2026-07-25T10:50:28Z
2026-07-25T10:47:05Z,2026-07-25T12:47:05+0200,8f98f9ca-4a78-47a6-8878-9b0cbde920eb,2026-07-17T19:30:00Z,2026-07-17T21:30:00+0200,169.910004,EUR/MWh,DK2,DK_2,day_ahead_price,value,2026-07-25T10:50:28Z
2026-07-25T10:47:05Z,2026-07-25T12:47:05+0200,8f98f9ca-4a78-47a6-8878-9b0cbde920eb,2026-07-17T19:45:00Z,2026-07-17T21:45:00+0200,168.87,EUR/MWh,DK2,DK_2,day_ahead_price,value,2026-07-25T10:50:28Z
2026-07-25T10:47:05Z,2026-07-25T12:47:05+0200,8f98f9ca-4a78-47a6-8878-9b0cbde920eb,2026-07-17T20:00:00Z,2026-07-17T22:00:00+0200,169.91,EUR/MWh,DK2,DK_2,day_ahead_price,value,2026-07-25T10:50:28Z
2026-07-25T10:47:05Z,2026-07-25T12:47:05+0200,8f98f9ca-4a78-47a6-8878-9b0cbde920eb,2026-07-17T20:15:00Z,2026-07-17T22:15:00+0200,166.09,EUR/MWh,DK2,DK_2,day_ahead_price,value,2026-07-25T10:50:28Z
2026-07-25T10:47:05Z,2026-07-25T12:47:05+0200,8f98f9ca-4a78-47a6-8878-9b0cbde920eb,2026-07-17T20:30:00Z,2026-07-17T22:30:00+0200,164.84,EUR/MWh,DK2,DK_2,day_ahead_price,value,2026-07-25T10:50:28Z
2026-07-25T10:47:05Z,2026-07-25T12:47:05+0200,8f98f9ca-4a78-47a6-8878-9b0cbde920eb,2026-07-17T20:45:00Z,2026-07-17T22:45:00+0200,160.25,EUR/MWh,DK2,DK_2,day_ahead_price,value,2026-07-25T10:50:28Z
2026-07-25T10:47:05Z,2026-07-25T12:47:05+0200,8f98f9ca-4a78-47a6-8878-9b0cbde920eb,2026-07-17T21:00:00Z,2026-07-17T23:00:00+0200,162.699997,EUR/MWh,DK2,DK_2,day_ahead_price,value,2026-07-25T10:50:28Z
2026-07-25T10:47:05Z,2026-07-25T12:47:05+0200,8f98f9ca-4a78-47a6-8878-9b0cbde920eb,2026-07-17T21:15:00Z,2026-07-17T23:15:00+0200,160.619995,EUR/MWh,DK2,DK_2,day_ahead_price,value,2026-07-25T10:50:28Z
2026-07-25T10:47:05Z,2026-07-25T12:47:05+0200,8f98f9ca-4a78-47a6-8878-9b0cbde920eb,2026-07-17T21:30:00Z,2026-07-17T23:30:00+0200,158.669998,EUR/MWh,DK2,DK_2,day_ahead_price,value,2026-07-25T10:50:28Z
2026-07-25T10:47:05Z,2026-07-25T12:47:05+0200,8f98f9ca-4a78-47a6-8878-9b0cbde920eb,2026-07-17T21:45:00Z,2026-07-17T23:45:00+0200,150.860001,EUR/MWh,DK2,DK_2,day_ahead_price,value,2026-07-25T10:50:28Z
2026-07-25T10:47:05Z,2026-07-25T12:47:05+0200,8f98f9ca-4a78-47a6-8878-9b0cbde920eb,2026-07-17T22:00:00Z,2026-07-18T00:00:00+0200,154.21,EUR/MWh,DK2,DK_2,day_ahead_price,value,2026-07-25T10:50:28Z
2026-07-25T10:47:05Z,2026-07-25T12:47:05+0200,8f98f9ca-4a78-47a6-8878-9b0cbde920eb,2026-07-17T22:15:00Z,2026-07-18T00:15:00+0200,157.23,EUR/MWh,DK2,DK_2,day_ahead_price,value,2026-07-25T10:50:28Z
2026-07-25T10:47:05Z,2026-07-25T12:47:05+0200,8f98f9ca-4a78-47a6-8878-9b0cbde920eb,2026-07-17T22:30:00Z,2026-07-18T00:30:00+0200,151.24,EUR/MWh,DK2,DK_2,day_ahead_price,value,2026-07-25T10:50:28Z
2026-07-25T10:47:05Z,2026-07-25T12:47:05+0200,8f98f9ca-4a78-47a6-8878-9b0cbde920eb,2026-07-17T22:45:00Z,2026-07-18T00:45:00+0200,145.0,EUR/MWh,DK2,DK_2,day_ahead_price,value,2026-07-25T10:50:28Z
2026-07-25T10:47:05Z,2026-07-25T12:47:05+0200,8f98f9ca-4a78-47a6-8878-9b0cbde920eb,2026-07-17T23:00:00Z,2026-07-18T01:00:00+0200,152.95,EUR/MWh,DK2,DK_2,day_ahead_price,value,2026-07-25T10:50:28Z
2026-07-25T10:47:05Z,2026-07-25T12:47:05+0200,8f98f9ca-4a78-47a6-8878-9b0cbde920eb,2026-07-17T23:15:00Z,2026-07-18T01:15:00+0200,146.81,EUR/MWh,DK2,DK_2,day_ahead_price,value,2026-07-25T10:50:28Z
2026-07-25T10:47:05Z,2026-07-25T12:47:05+0200,8f98f9ca-4a78-47a6-8878-9b0cbde920eb,2026-07-17T23:30:00Z,2026-07-18T01:30:00+0200,143.25,EUR/MWh,DK2,DK_2,day_ahead_price,value,2026-07-25T10:50:28Z
2026-07-25T10:47:05Z,2026-07-25T12:47:05+0200,8f98f9ca-4a78-47a6-8878-9b0cbde920eb,2026-07-17T23:45:00Z,2026-07-18T01:45:00+0200,138.39,EUR/MWh,DK2,DK_2,day_ahead_price,value,2026-07-25T10:50:28Z
2026-07-25T10:47:05Z,2026-07-25T12:47:05+0200,8f98f9ca-4a78-47a6-8878-9b0cbde920eb,2026-07-18T00:00:00Z,2026-07-18T02:00:00+0200,146.13,EUR/MWh,DK2,DK_2,day_ahead_price,value,2026-07-25T10:50:28Z
2026-07-25T10:47:05Z,2026-07-25T12:47:05+0200,8f98f9ca-4a78-47a6-8878-9b0cbde920eb,2026-07-18T00:15:00Z,2026-07-18T02:15:00+0200,142.61,EUR/MWh,DK2,DK_2,day_ahead_price,value,2026-07-25T10:50:28Z
2026-07-25T10:47:05Z,2026-07-25T12:47:05+0200,8f98f9ca-4a78-47a6-8878-9b0cbde920eb,2026-07-18T00:30:00Z,2026-07-18T02:30:00+0200,139.09,EUR/MWh,DK2,DK_2,day_ahead_price,value,2026-07-25T10:50:28Z
2026-07-25T10:47:05Z,2026-07-25T12:47:05+0200,8f98f9ca-4a78-47a6-8878-9b0cbde920eb,2026-07-18T00:45:00Z,2026-07-18T02:45:00+0200,140.17,EUR/MWh,DK2,DK_2,day_ahead_price,value,2026-07-25T10:50:28Z
2026-07-25T10:47:05Z,2026-07-25T12:47:05+0200,8f98f9ca-4a78-47a6-8878-9b0cbde920eb,2026-07-18T01:00:00Z,2026-07-18T03:00:00+0200,137.21,EUR/MWh,DK2,DK_2,day_ahead_price,value,2026-07-25T10:50:28Z
2026-07-25T10:47:05Z,2026-07-25T12:47:05+0200,8f98f9ca-4a78-47a6-8878-9b0cbde920eb,2026-07-18T01:15:00Z,2026-07-18T03:15:00+0200,135.55,EUR/MWh,DK2,DK_2,day_ahead_price,value,2026-07-25T10:50:28Z
2026-07-25T10:47:05Z,2026-07-25T12:47:05+0200,8f98f9ca-4a78-47a6-8878-9b0cbde920eb,2026-07-18T01:30:00Z,2026-07-18T03:30:00+0200,132.0,EUR/MWh,DK2,DK_2,day_ahead_price,value,2026-07-25T10:50:28Z
2026-07-25T10:47:05Z,2026-07-25T12:47:05+0200,8f98f9ca-4a78-47a6-8878-9b0cbde920eb,2026-07-18T01:45:00Z,2026-07-18T03:45:00+0200,126.08,EUR/MWh,DK2,DK_2,day_ahead_price,value,2026-07-25T10:50:28Z
2026-07-25T10:47:05Z,2026-07-25T12:47:05+0200,8f98f9ca-4a78-47a6-8878-9b0cbde920eb,2026-07-18T02:00:00Z,2026-07-18T04:00:00+0200,136.89,EUR/MWh,DK2,DK_2,day_ahead_price,value,2026-07-25T10:50:28Z
2026-07-25T10:47:05Z,2026-07-25T12:47:05+0200,8f98f9ca-4a78-47a6-8878-9b0cbde920eb,2026-07-18T02:15:00Z,2026-07-18T04:15:00+0200,135.68,EUR/MWh,DK2,DK_2,day_ahead_price,value,2026-07-25T10:50:28Z
2026-07-25T10:47:05Z,2026-07-25T12:47:05+0200,8f98f9ca-4a78-47a6-8878-9b0cbde920eb,2026-07-18T02:30:00Z,2026-07-18T04:30:00+0200,130.12,EUR/MWh,DK2,DK_2,day_ahead_price,value,2026-07-25T10:50:28Z
2026-07-25T10:47:05Z,2026-07-25T12:47:05+0200,8f98f9ca-4a78-47a6-8878-9b0cbde920eb,2026-07-18T02:45:00Z,2026-07-18T04:45:00+0200,118.16,EUR/MWh,DK2,DK_2,day_ahead_price,value,2026-07-25T10:50:28Z
2026-07-25T10:47:05Z,2026-07-25T12:47:05+0200,8f98f9ca-4a78-47a6-8878-9b0cbde920eb,2026-07-18T03:00:00Z,2026-07-18T05:00:00+0200,125.74,EUR/MWh,DK2,DK_2,day_ahead_price,value,2026-07-25T10:50:28Z
2026-07-25T10:47:05Z,2026-07-25T12:47:05+0200,8f98f9ca-4a78-47a6-8878-9b0cbde920eb,2026-07-18T03:15:00Z,2026-07-18T05:15:00+0200,123.72,EUR/MWh,DK2,DK_2,day_ahead_price,value,2026-07-25T10:50:28Z
2026-07-25T10:47:05Z,2026-07-25T12:47:05+0200,8f98f9ca-4a78-47a6-8878-9b0cbde920eb,2026-07-18T03:30:00Z,2026-07-18T05:30:00+0200,122.02,EUR/MWh,DK2,DK_2,day_ahead_price,value,2026-07-25T10:50:28Z
2026-07-25T10:47:05Z,2026-07-25T12:47:05+0200,8f98f9ca-4a78-47a6-8878-9b0cbde920eb,2026-07-18T03:45:00Z,2026-07-18T05:45:00+0200,118.09,EUR/MWh,DK2,DK_2,day_ahead_price,value,2026-07-25T10:50:28Z
2026-07-25T10:47:05Z,2026-07-25T12:47:05+0200,8f98f9ca-4a78-47a6-8878-9b0cbde920eb,2026-07-18T04:00:00Z,2026-07-18T06:00:00+0200,120.13,EUR/MWh,DK2,DK_2,day_ahead_price,value,2026-07-25T10:50:28Z
2026-07-25T10:47:05Z,2026-07-25T12:47:05+0200,8f98f9ca-4a78-47a6-8878-9b0cbde920eb,2026-07-18T04:15:00Z,2026-07-18T06:15:00+0200,119.36,EUR/MWh,DK2,DK_2,day_ahead_price,value,2026-07-25T10:50:28Z
2026-07-25T10:47:05Z,2026-07-25T12:47:05+0200,8f98f9ca-4a78-47a6-8878-9b0cbde920eb,2026-07-18T04:30:00Z,2026-07-18T06:30:00+0200,119.13,EUR/MWh,DK2,DK_2,day_ahead_price,value,2026-07-25T10:50:28Z
2026-07-25T10:47:05Z,2026-07-25T12:47:05+0200,8f98f9ca-4a78-47a6-8878-9b0cbde920eb,2026-07-18T04:45:00Z,2026-07-18T06:45:00+0200,118.02,EUR/MWh,DK2,DK_2,day_ahead_price,value,2026-07-25T10:50:28Z
2026-07-25T10:47:05Z,2026-07-25T12:47:05+0200,8f98f9ca-4a78-47a6-8878-9b0cbde920eb,2026-07-18T05:00:00Z,2026-07-18T07:00:00+0200,124.65,EUR/MWh,DK2,DK_2,day_ahead_price,value,2026-07-25T10:50:28Z
2026-07-25T10:47:05Z,2026-07-25T12:47:05+0200,8f98f9ca-4a78-47a6-8878-9b0cbde920eb,2026-07-18T05:15:00Z,2026-07-18T07:15:00+0200,120.63,EUR/MWh,DK2,DK_2,day_ahead_price,value,2026-07-25T10:50:28Z
2026-07-25T10:47:05Z,2026-07-25T12:47:05+0200,8f98f9ca-4a78-47a6-8878-9b0cbde920eb,2026-07-18T05:30:00Z,2026-07-18T07:30:00+0200,109.52,EUR/MWh,DK2,DK_2,day_ahead_price,value,2026-07-25T10:50:28Z
2026-07-25T10:47:05Z,2026-07-25T12:47:05+0200,8f98f9ca-4a78-47a6-8878-9b0cbde920eb,2026-07-18T05:45:00Z,2026-07-18T07:45:00+0200,96.88,EUR/MWh,DK2,DK_2,day_ahead_price,value,2026-07-25T10:50:28Z
2026-07-25T10:47:05Z,2026-07-25T12:47:05+0200,8f98f9ca-4a78-47a6-8878-9b0cbde920eb,2026-07-18T06:00:00Z,2026-07-18T08:00:00+0200,118.83,EUR/MWh,DK2,DK_2,day_ahead_price,value,2026-07-25T10:50:28Z
2026-07-25T10:47:05Z,2026-07-25T12:47:05+0200,8f98f9ca-4a78-47a6-8878-9b0cbde920eb,2026-07-18T06:15:00Z,2026-07-18T08:15:00+0200,106.87,EUR/MWh,DK2,DK_2,day_ahead_price,value,2026-07-25T10:50:28Z
2026-07-25T10:47:05Z,2026-07-25T12:47:05+0200,8f98f9ca-4a78-47a6-8878-9b0cbde920eb,2026-07-18T06:30:00Z,2026-07-18T08:30:00+0200,91.03,EUR/MWh,DK2,DK_2,day_ahead_price,value,2026-07-25T10:50:28Z
2026-07-25T10:47:05Z,2026-07-25T12:47:05+0200,8f98f9ca-4a78-47a6-8878-9b0cbde920eb,2026-07-18T06:45:00Z,2026-07-18T08:45:00+0200,71.88,EUR/MWh,DK2,DK_2,day_ahead_price,value,2026-07-25T10:50:28Z
2026-07-25T10:47:05Z,2026-07-25T12:47:05+0200,8f98f9ca-4a78-47a6-8878-9b0cbde920eb,2026-07-18T07:00:00Z,2026-07-18T09:00:00+0200,82.64,EUR/MWh,DK2,DK_2,day_ahead_price,value,2026-07-25T10:50:28Z
2026-07-25T10:47:05Z,2026-07-25T12:47:05+0200,8f98f9ca-4a78-47a6-8878-9b0cbde920eb,2026-07-18T07:15:00Z,2026-07-18T09:15:00+0200,57.93,EUR/MWh,DK2,DK_2,day_ahead_price,value,2026-07-25T10:50:28Z
2026-07-25T10:47:05Z,2026-07-25T12:47:05+0200,8f98f9ca-4a78-47a6-8878-9b0cbde920eb,2026-07-18T07:30:00Z,2026-07-18T09:30:00+0200,27.97,EUR/MWh,DK2,DK_2,day_ahead_price,value,2026-07-25T10:50:28Z
2026-07-25T10:47:05Z,2026-07-25T12:47:05+0200,8f98f9ca-4a78-47a6-8878-9b0cbde920eb,2026-07-18T07:45:00Z,2026-07-18T09:45:00+0200,11.21,EUR/MWh,DK2,DK_2,day_ahead_price,value,2026-07-25T10:50:28Z
2026-07-25T10:47:05Z,2026-07-25T12:47:05+0200,8f98f9ca-4a78-47a6-8878-9b0cbde920eb,2026-07-18T08:00:00Z,2026-07-18T10:00:00+0200,21.6,EUR/MWh,DK2,DK_2,day_ahead_price,value,2026-07-25T10:50:28Z
2026-07-25T10:47:05Z,2026-07-25T12:47:05+0200,8f98f9ca-4a78-47a6-8878-9b0cbde920eb,2026-07-18T08:15:00Z,2026-07-18T10:15:00+0200,11.96,EUR/MWh,DK2,DK_2,day_ahead_price,value,2026-07-25T10:50:28Z
2026-07-25T10:47:05Z,2026-07-25T12:47:05+0200,8f98f9ca-4a78-47a6-8878-9b0cbde920eb,2026-07-18T08:30:00Z,2026-07-18T10:30:00+0200,6.08,EUR/MWh,DK2,DK_2,day_ahead_price,value,2026-07-25T10:50:28Z
2026-07-25T10:47:05Z,2026-07-25T12:47:05+0200,8f98f9ca-4a78-47a6-8878-9b0cbde920eb,2026-07-18T08:45:00Z,2026-07-18T10:45:00+0200,4.65,EUR/MWh,DK2,DK_2,day_ahead_price,value,2026-07-25T10:50:28Z
2026-07-25T10:47:05Z,2026-07-25T12:47:05+0200,8f98f9ca-4a78-47a6-8878-9b0cbde920eb,2026-07-18T09:00:00Z,2026-07-18T11:00:00+0200,4.95,EUR/MWh,DK2,DK_2,day_ahead_price,value,2026-07-25T10:50:28Z
2026-07-25T10:47:05Z,2026-07-25T12:47:05+0200,8f98f9ca-4a78-47a6-8878-9b0cbde920eb,2026-07-18T09:15:00Z,2026-07-18T11:15:00+0200,5.36,EUR/MWh,DK2,DK_2,day_ahead_price,value,2026-07-25T10:50:28Z
2026-07-25T10:47:05Z,2026-07-25T12:47:05+0200,8f98f9ca-4a78-47a6-8878-9b0cbde920eb,2026-07-18T09:30:00Z,2026-07-18T11:30:00+0200,4.95,EUR/MWh,DK2,DK_2,day_ahead_price,value,2026-07-25T10:50:28Z
2026-07-25T10:47:05Z,2026-07-25T12:47:05+0200,8f98f9ca-4a78-47a6-8878-9b0cbde920eb,2026-07-18T09:45:00Z,2026-07-18T11:45:00+0200,4.67,EUR/MWh,DK2,DK_2,day_ahead_price,value,2026-07-25T10:50:28Z
2026-07-25T10:47:05Z,2026-07-25T12:47:05+0200,8f98f9ca-4a78-47a6-8878-9b0cbde920eb,2026-07-18T10:00:00Z,2026-07-18T12:00:00+0200,4.43,EUR/MWh,DK2,DK_2,day_ahead_price,value,2026-07-25T10:50:28Z
2026-07-25T10:47:05Z,2026-07-25T12:47:05+0200,8f98f9ca-4a78-47a6-8878-9b0cbde920eb,2026-07-18T10:15:00Z,2026-07-18T12:15:00+0200,4.28,EUR/MWh,DK2,DK_2,day_ahead_price,value,2026-07-25T10:50:28Z
2026-07-25T10:47:05Z,2026-07-25T12:47:05+0200,8f98f9ca-4a78-47a6-8878-9b0cbde920eb,2026-07-18T10:30:00Z,2026-07-18T12:30:00+0200,3.96,EUR/MWh,DK2,DK_2,day_ahead_price,value,2026-07-25T10:50:28Z
2026-07-25T10:47:05Z,2026-07-25T12:47:05+0200,8f98f9ca-4a78-47a6-8878-9b0cbde920eb,2026-07-18T10:45:00Z,2026-07-18T12:45:00+0200,3.95,EUR/MWh,DK2,DK_2,day_ahead_price,value,2026-07-25T10:50:28Z
2026-07-25T10:47:05Z,2026-07-25T12:47:05+0200,8f98f9ca-4a78-47a6-8878-9b0cbde920eb,2026-07-18T11:00:00Z,2026-07-18T13:00:00+0200,3.95,EUR/MWh,DK2,DK_2,day_ahead_price,value,2026-07-25T10:50:28Z
2026-07-25T10:47:05Z,2026-07-25T12:47:05+0200,8f98f9ca-4a78-47a6-8878-9b0cbde920eb,2026-07-18T11:15:00Z,2026-07-18T13:15:00+0200,3.91,EUR/MWh,DK2,DK_2,day_ahead_price,value,2026-07-25T10:50:28Z
2026-07-25T10:47:05Z,2026-07-25T12:47:05+0200,8f98f9ca-4a78-47a6-8878-9b0cbde920eb,2026-07-18T11:30:00Z,2026-07-18T13:30:00+0200,3.89,EUR/MWh,DK2,DK_2,day_ahead_price,value,2026-07-25T10:50:28Z
2026-07-25T10:47:05Z,2026-07-25T12:47:05+0200,8f98f9ca-4a78-47a6-8878-9b0cbde920eb,2026-07-18T11:45:00Z,2026-07-18T13:45:00+0200,3.64,EUR/MWh,DK2,DK_2,day_ahead_price,value,2026-07-25T10:50:28Z
2026-07-25T10:47:05Z,2026-07-25T12:47:05+0200,8f98f9ca-4a78-47a6-8878-9b0cbde920eb,2026-07-18T12:00:00Z,2026-07-18T14:00:00+0200,3.6,EUR/MWh,DK2,DK_2,day_ahead_price,value,2026-07-25T10:50:28Z
2026-07-25T10:47:05Z,2026-07-25T12:47:05+0200,8f98f9ca-4a78-47a6-8878-9b0cbde920eb,2026-07-18T12:15:00Z,2026-07-18T14:15:00+0200,3.7,EUR/MWh,DK2,DK_2,day_ahead_price,value,2026-07-25T10:50:28Z
2026-07-25T10:47:05Z,2026-07-25T12:47:05+0200,8f98f9ca-4a78-47a6-8878-9b0cbde920eb,2026-07-18T12:30:00Z,2026-07-18T14:30:00+0200,3.91,EUR/MWh,DK2,DK_2,day_ahead_price,value,2026-07-25T10:50:28Z
2026-07-25T10:47:05Z,2026-07-25T12:47:05+0200,8f98f9ca-4a78-47a6-8878-9b0cbde920eb,2026-07-18T12:45:00Z,2026-07-18T14:45:00+0200,3.58,EUR/MWh,DK2,DK_2,day_ahead_price,value,2026-07-25T10:50:28Z
2026-07-25T10:47:05Z,2026-07-25T12:47:05+0200,8f98f9ca-4a78-47a6-8878-9b0cbde920eb,2026-07-18T13:00:00Z,2026-07-18T15:00:00+0200,3.52,EUR/MWh,DK2,DK_2,day_ahead_price,value,2026-07-25T10:50:28Z
2026-07-25T10:47:05Z,2026-07-25T12:47:05+0200,8f98f9ca-4a78-47a6-8878-9b0cbde920eb,2026-07-18T13:15:00Z,2026-07-18T15:15:00+0200,3.53,EUR/MWh,DK2,DK_2,day_ahead_price,value,2026-07-25T10:50:28Z
2026-07-25T10:47:05Z,2026-07-25T12:47:05+0200,8f98f9ca-4a78-47a6-8878-9b0cbde920eb,2026-07-18T13:30:00Z,2026-07-18T15:30:00+0200,3.77,EUR/MWh,DK2,DK_2,day_ahead_price,value,2026-07-25T10:50:28Z
2026-07-25T10:47:05Z,2026-07-25T12:47:05+0200,8f98f9ca-4a78-47a6-8878-9b0cbde920eb,2026-07-18T13:45:00Z,2026-07-18T15:45:00+0200,3.98,EUR/MWh,DK2,DK_2,day_ahead_price,value,2026-07-25T10:50:28Z
2026-07-25T10:47:05Z,2026-07-25T12:47:05+0200,8f98f9ca-4a78-47a6-8878-9b0cbde920eb,2026-07-18T14:00:00Z,2026-07-18T16:00:00+0200,3.89,EUR/MWh,DK2,DK_2,day_ahead_price,value,2026-07-25T10:50:28Z
2026-07-25T10:47:05Z,2026-07-25T12:47:05+0200,8f98f9ca-4a78-47a6-8878-9b0cbde920eb,2026-07-18T14:15:00Z,2026-07-18T16:15:00+0200,4.95,EUR/MWh,DK2,DK_2,day_ahead_price,value,2026-07-25T10:50:28Z
2026-07-25T10:47:05Z,2026-07-25T12:47:05+0200,8f98f9ca-4a78-47a6-8878-9b0cbde920eb,2026-07-18T14:30:00Z,2026-07-18T16:30:00+0200,5.0,EUR/MWh,DK2,DK_2,day_ahead_price,value,2026-07-25T10:50:28Z
2026-07-25T10:47:05Z,2026-07-25T12:47:05+0200,8f98f9ca-4a78-47a6-8878-9b0cbde920eb,2026-07-18T14:45:00Z,2026-07-18T16:45:00+0200,5.98,EUR/MWh,DK2,DK_2,day_ahead_price,value,2026-07-25T10:50:28Z
2026-07-25T10:47:05Z,2026-07-25T12:47:05+0200,8f98f9ca-4a78-47a6-8878-9b0cbde920eb,2026-07-18T15:00:00Z,2026-07-18T17:00:00+0200,4.99,EUR/MWh,DK2,DK_2,day_ahead_price,value,2026-07-25T10:50:28Z
2026-07-25T10:47:05Z,2026-07-25T12:47:05+0200,8f98f9ca-4a78-47a6-8878-9b0cbde920eb,2026-07-18T15:15:00Z,2026-07-18T17:15:00+0200,5.06,EUR/MWh,DK2,DK_2,day_ahead_price,value,2026-07-25T10:50:28Z
2026-07-25T10:47:05Z,2026-07-25T12:47:05+0200,8f98f9ca-4a78-47a6-8878-9b0cbde920eb,2026-07-18T15:30:00Z,2026-07-18T17:30:00+0200,5.37,EUR/MWh,DK2,DK_2,day_ahead_price,value,2026-07-25T10:50:28Z
2026-07-25T10:47:05Z,2026-07-25T12:47:05+0200,8f98f9ca-4a78-47a6-8878-9b0cbde920eb,2026-07-18T15:45:00Z,2026-07-18T17:45:00+0200,6.39,EUR/MWh,DK2,DK_2,day_ahead_price,value,2026-07-25T10:50:28Z
2026-07-25T10:47:05Z,2026-07-25T12:47:05+0200,8f98f9ca-4a78-47a6-8878-9b0cbde920eb,2026-07-18T16:00:00Z,2026-07-18T18:00:00+0200,5.89,EUR/MWh,DK2,DK_2,day_ahead_price,value,2026-07-25T10:50:28Z
2026-07-25T10:47:05Z,2026-07-25T12:47:05+0200,8f98f9ca-4a78-47a6-8878-9b0cbde920eb,2026-07-18T16:15:00Z,2026-07-18T18:15:00+0200,41.84,EUR/MWh,DK2,DK_2,day_ahead_price,value,2026-07-25T10:50:28Z
2026-07-25T10:47:05Z,2026-07-25T12:47:05+0200,8f98f9ca-4a78-47a6-8878-9b0cbde920eb,2026-07-18T16:30:00Z,2026-07-18T18:30:00+0200,82.2,EUR/MWh,DK2,DK_2,day_ahead_price,value,2026-07-25T10:50:28Z
2026-07-25T10:47:05Z,2026-07-25T12:47:05+0200,8f98f9ca-4a78-47a6-8878-9b0cbde920eb,2026-07-18T16:45:00Z,2026-07-18T18:45:00+0200,99.39,EUR/MWh,DK2,DK_2,day_ahead_price,value,2026-07-25T10:50:28Z
2026-07-25T10:47:05Z,2026-07-25T12:47:05+0200,8f98f9ca-4a78-47a6-8878-9b0cbde920eb,2026-07-18T17:00:00Z,2026-07-18T19:00:00+0200,85.98,EUR/MWh,DK2,DK_2,day_ahead_price,value,2026-07-25T10:50:28Z
2026-07-25T10:47:05Z,2026-07-25T12:47:05+0200,8f98f9ca-4a78-47a6-8878-9b0cbde920eb,2026-07-18T17:15:00Z,2026-07-18T19:15:00+0200,105.94,EUR/MWh,DK2,DK_2,day_ahead_price,value,2026-07-25T10:50:28Z
2026-07-25T10:47:05Z,2026-07-25T12:47:05+0200,8f98f9ca-4a78-47a6-8878-9b0cbde920eb,2026-07-18T17:30:00Z,2026-07-18T19:30:00+0200,112.28,EUR/MWh,DK2,DK_2,day_ahead_price,value,2026-07-25T10:50:28Z
2026-07-25T10:47:05Z,2026-07-25T12:47:05+0200,8f98f9ca-4a78-47a6-8878-9b0cbde920eb,2026-07-18T17:45:00Z,2026-07-18T19:45:00+0200,117.87,EUR/MWh,DK2,DK_2,day_ahead_price,value,2026-07-25T10:50:28Z
2026-07-25T10:47:05Z,2026-07-25T12:47:05+0200,8f98f9ca-4a78-47a6-8878-9b0cbde920eb,2026-07-18T18:00:00Z,2026-07-18T20:00:00+0200,116.6,EUR/MWh,DK2,DK_2,day_ahead_price,value,2026-07-25T10:50:28Z
2026-07-25T10:47:05Z,2026-07-25T12:47:05+0200,8f98f9ca-4a78-47a6-8878-9b0cbde920eb,2026-07-18T18:15:00Z,2026-07-18T20:15:00+0200,124.83,EUR/MWh,DK2,DK_2,day_ahead_price,value,2026-07-25T10:50:28Z
2026-07-25T10:47:05Z,2026-07-25T12:47:05+0200,8f98f9ca-4a78-47a6-8878-9b0cbde920eb,2026-07-18T18:30:00Z,2026-07-18T20:30:00+0200,125.43,EUR/MWh,DK2,DK_2,day_ahead_price,value,2026-07-25T10:50:28Z
2026-07-25T10:47:05Z,2026-07-25T12:47:05+0200,8f98f9ca-4a78-47a6-8878-9b0cbde920eb,2026-07-18T18:45:00Z,2026-07-18T20:45:00+0200,126.92,EUR/MWh,DK2,DK_2,day_ahead_price,value,2026-07-25T10:50:28Z
2026-07-25T10:47:05Z,2026-07-25T12:47:05+0200,8f98f9ca-4a78-47a6-8878-9b0cbde920eb,2026-07-18T19:00:00Z,2026-07-18T21:00:00+0200,137.86,EUR/MWh,DK2,DK_2,day_ahead_price,value,2026-07-25T10:50:28Z
2026-07-25T10:47:05Z,2026-07-25T12:47:05+0200,8f98f9ca-4a78-47a6-8878-9b0cbde920eb,2026-07-18T19:15:00Z,2026-07-18T21:15:00+0200,133.17,EUR/MWh,DK2,DK_2,day_ahead_price,value,2026-07-25T10:50:28Z
2026-07-25T10:47:05Z,2026-07-25T12:47:05+0200,8f98f9ca-4a78-47a6-8878-9b0cbde920eb,2026-07-18T19:30:00Z,2026-07-18T21:30:00+0200,134.4,EUR/MWh,DK2,DK_2,day_ahead_price,value,2026-07-25T10:50:28Z
2026-07-25T10:47:05Z,2026-07-25T12:47:05+0200,8f98f9ca-4a78-47a6-8878-9b0cbde920eb,2026-07-18T19:45:00Z,2026-07-18T21:45:00+0200,133.93,EUR/MWh,DK2,DK_2,day_ahead_price,value,2026-07-25T10:50:28Z
2026-07-25T10:47:05Z,2026-07-25T12:47:05+0200,8f98f9ca-4a78-47a6-8878-9b0cbde920eb,2026-07-18T20:00:00Z,2026-07-18T22:00:00+0200,138.87,EUR/MWh,DK2,DK_2,day_ahead_price,value,2026-07-25T10:50:28Z
2026-07-25T10:47:05Z,2026-07-25T12:47:05+0200,8f98f9ca-4a78-47a6-8878-9b0cbde920eb,2026-07-18T20:15:00Z,2026-07-18T22:15:00+0200,137.48,EUR/MWh,DK2,DK_2,day_ahead_price,value,2026-07-25T10:50:28Z
2026-07-25T10:47:05Z,2026-07-25T12:47:05+0200,8f98f9ca-4a78-47a6-8878-9b0cbde920eb,2026-07-18T20:30:00Z,2026-07-18T22:30:00+0200,142.89,EUR/MWh,DK2,DK_2,day_ahead_price,value,2026-07-25T10:50:28Z
2026-07-25T10:47:05Z,2026-07-25T12:47:05+0200,8f98f9ca-4a78-47a6-8878-9b0cbde920eb,2026-07-18T20:45:00Z,2026-07-18T22:45:00+0200,137.32,EUR/MWh,DK2,DK_2,day_ahead_price,value,2026-07-25T10:50:28Z
2026-07-25T10:47:05Z,2026-07-25T12:47:05+0200,8f98f9ca-4a78-47a6-8878-9b0cbde920eb,2026-07-18T21:00:00Z,2026-07-18T23:00:00+0200,137.3,EUR/MWh,DK2,DK_2,day_ahead_price,value,2026-07-25T10:50:28Z
2026-07-25T10:47:05Z,2026-07-25T12:47:05+0200,8f98f9ca-4a78-47a6-8878-9b0cbde920eb,2026-07-18T21:15:00Z,2026-07-18T23:15:00+0200,136.57,EUR/MWh,DK2,DK_2,day_ahead_price,value,2026-07-25T10:50:28Z
2026-07-25T10:47:05Z,2026-07-25T12:47:05+0200,8f98f9ca-4a78-47a6-8878-9b0cbde920eb,2026-07-18T21:30:00Z,2026-07-18T23:30:00+0200,137.04,EUR/MWh,DK2,DK_2,day_ahead_price,value,2026-07-25T10:50:28Z
2026-07-25T10:47:05Z,2026-07-25T12:47:05+0200,8f98f9ca-4a78-47a6-8878-9b0cbde920eb,2026-07-18T21:45:00Z,2026-07-18T23:45:00+0200,134.6,EUR/MWh,DK2,DK_2,day_ahead_price,value,2026-07-25T10:50:28Z
2026-07-25T10:47:05Z,2026-07-25T12:47:05+0200,8f98f9ca-4a78-47a6-8878-9b0cbde920eb,2026-07-18T22:00:00Z,2026-07-19T00:00:00+0200,142.97,EUR/MWh,DK2,DK_2,day_ahead_price,value,2026-07-25T10:50:28Z
2026-07-25T10:47:05Z,2026-07-25T12:47:05+0200,8f98f9ca-4a78-47a6-8878-9b0cbde920eb,2026-07-18T22:15:00Z,2026-07-19T00:15:00+0200,140.039993,EUR/MWh,DK2,DK_2,day_ahead_price,value,2026-07-25T10:50:28Z
2026-07-25T10:47:05Z,2026-07-25T12:47:05+0200,8f98f9ca-4a78-47a6-8878-9b0cbde920eb,2026-07-18T22:30:00Z,2026-07-19T00:30:00+0200,133.19,EUR/MWh,DK2,DK_2,day_ahead_price,value,2026-07-25T10:50:28Z
2026-07-25T10:47:05Z,2026-07-25T12:47:05+0200,8f98f9ca-4a78-47a6-8878-9b0cbde920eb,2026-07-18T22:45:00Z,2026-07-19T00:45:00+0200,128.61,EUR/MWh,DK2,DK_2,day_ahead_price,value,2026-07-25T10:50:28Z
2026-07-25T10:47:05Z,2026-07-25T12:47:05+0200,8f98f9ca-4a78-47a6-8878-9b0cbde920eb,2026-07-18T23:00:00Z,2026-07-19T01:00:00+0200,132.58,EUR/MWh,DK2,DK_2,day_ahead_price,value,2026-07-25T10:50:28Z
2026-07-25T10:47:05Z,2026-07-25T12:47:05+0200,8f98f9ca-4a78-47a6-8878-9b0cbde920eb,2026-07-18T23:15:00Z,2026-07-19T01:15:00+0200,129.850006,EUR/MWh,DK2,DK_2,day_ahead_price,value,2026-07-25T10:50:28Z
2026-07-25T10:47:05Z,2026-07-25T12:47:05+0200,8f98f9ca-4a78-47a6-8878-9b0cbde920eb,2026-07-18T23:30:00Z,2026-07-19T01:30:00+0200,127.72,EUR/MWh,DK2,DK_2,day_ahead_price,value,2026-07-25T10:50:28Z
2026-07-25T10:47:05Z,2026-07-25T12:47:05+0200,8f98f9ca-4a78-47a6-8878-9b0cbde920eb,2026-07-18T23:45:00Z,2026-07-19T01:45:00+0200,123.41,EUR/MWh,DK2,DK_2,day_ahead_price,value,2026-07-25T10:50:28Z
2026-07-25T10:47:05Z,2026-07-25T12:47:05+0200,8f98f9ca-4a78-47a6-8878-9b0cbde920eb,2026-07-19T00:00:00Z,2026-07-19T02:00:00+0200,125.26,EUR/MWh,DK2,DK_2,day_ahead_price,value,2026-07-25T10:50:28Z
2026-07-25T10:47:05Z,2026-07-25T12:47:05+0200,8f98f9ca-4a78-47a6-8878-9b0cbde920eb,2026-07-19T00:15:00Z,2026-07-19T02:15:00+0200,120.110001,EUR/MWh,DK2,DK_2,day_ahead_price,value,2026-07-25T10:50:28Z
2026-07-25T10:47:05Z,2026-07-25T12:47:05+0200,8f98f9ca-4a78-47a6-8878-9b0cbde920eb,2026-07-19T00:30:00Z,2026-07-19T02:30:00+0200,118.669998,EUR/MWh,DK2,DK_2,day_ahead_price,value,2026-07-25T10:50:28Z
2026-07-25T10:47:05Z,2026-07-25T12:47:05+0200,8f98f9ca-4a78-47a6-8878-9b0cbde920eb,2026-07-19T00:45:00Z,2026-07-19T02:45:00+0200,114.78,EUR/MWh,DK2,DK_2,day_ahead_price,value,2026-07-25T10:50:28Z
2026-07-25T10:47:05Z,2026-07-25T12:47:05+0200,8f98f9ca-4a78-47a6-8878-9b0cbde920eb,2026-07-19T01:00:00Z,2026-07-19T03:00:00+0200,118.89,EUR/MWh,DK2,DK_2,day_ahead_price,value,2026-07-25T10:50:28Z
2026-07-25T10:47:05Z,2026-07-25T12:47:05+0200,8f98f9ca-4a78-47a6-8878-9b0cbde920eb,2026-07-19T01:15:00Z,2026-07-19T03:15:00+0200,120.09,EUR/MWh,DK2,DK_2,day_ahead_price,value,2026-07-25T10:50:28Z
2026-07-25T10:47:05Z,2026-07-25T12:47:05+0200,8f98f9ca-4a78-47a6-8878-9b0cbde920eb,2026-07-19T01:30:00Z,2026-07-19T03:30:00+0200,118.94,EUR/MWh,DK2,DK_2,day_ahead_price,value,2026-07-25T10:50:28Z
2026-07-25T10:47:05Z,2026-07-25T12:47:05+0200,8f98f9ca-4a78-47a6-8878-9b0cbde920eb,2026-07-19T01:45:00Z,2026-07-19T03:45:00+0200,115.57,EUR/MWh,DK2,DK_2,day_ahead_price,value,2026-07-25T10:50:28Z
2026-07-25T10:47:05Z,2026-07-25T12:47:05+0200,8f98f9ca-4a78-47a6-8878-9b0cbde920eb,2026-07-19T02:00:00Z,2026-07-19T04:00:00+0200,119.75,EUR/MWh,DK2,DK_2,day_ahead_price,value,2026-07-25T10:50:28Z
2026-07-25T10:47:05Z,2026-07-25T12:47:05+0200,8f98f9ca-4a78-47a6-8878-9b0cbde920eb,2026-07-19T02:15:00Z,2026-07-19T04:15:00+0200,116.34,EUR/MWh,DK2,DK_2,day_ahead_price,value,2026-07-25T10:50:28Z
2026-07-25T10:47:05Z,2026-07-25T12:47:05+0200,8f98f9ca-4a78-47a6-8878-9b0cbde920eb,2026-07-19T02:30:00Z,2026-07-19T04:30:00+0200,113.94,EUR/MWh,DK2,DK_2,day_ahead_price,value,2026-07-25T10:50:28Z
2026-07-25T10:47:05Z,2026-07-25T12:47:05+0200,8f98f9ca-4a78-47a6-8878-9b0cbde920eb,2026-07-19T02:45:00Z,2026-07-19T04:45:00+0200,111.639999,EUR/MWh,DK2,DK_2,day_ahead_price,value,2026-07-25T10:50:28Z
2026-07-25T10:47:05Z,2026-07-25T12:47:05+0200,8f98f9ca-4a78-47a6-8878-9b0cbde920eb,2026-07-19T03:00:00Z,2026-07-19T05:00:00+0200,113.6,EUR/MWh,DK2,DK_2,day_ahead_price,value,2026-07-25T10:50:28Z
2026-07-25T10:47:05Z,2026-07-25T12:47:05+0200,8f98f9ca-4a78-47a6-8878-9b0cbde920eb,2026-07-19T03:15:00Z,2026-07-19T05:15:00+0200,110.42,EUR/MWh,DK2,DK_2,day_ahead_price,value,2026-07-25T10:50:28Z
2026-07-25T10:47:05Z,2026-07-25T12:47:05+0200,8f98f9ca-4a78-47a6-8878-9b0cbde920eb,2026-07-19T03:30:00Z,2026-07-19T05:30:00+0200,109.12,EUR/MWh,DK2,DK_2,day_ahead_price,value,2026-07-25T10:50:28Z
2026-07-25T10:47:05Z,2026-07-25T12:47:05+0200,8f98f9ca-4a78-47a6-8878-9b0cbde920eb,2026-07-19T03:45:00Z,2026-07-19T05:45:00+0200,105.489998,EUR/MWh,DK2,DK_2,day_ahead_price,value,2026-07-25T10:50:28Z
2026-07-25T10:47:05Z,2026-07-25T12:47:05+0200,8f98f9ca-4a78-47a6-8878-9b0cbde920eb,2026-07-19T04:00:00Z,2026-07-19T06:00:00+0200,109.94,EUR/MWh,DK2,DK_2,day_ahead_price,value,2026-07-25T10:50:28Z
2026-07-25T10:47:05Z,2026-07-25T12:47:05+0200,8f98f9ca-4a78-47a6-8878-9b0cbde920eb,2026-07-19T04:15:00Z,2026-07-19T06:15:00+0200,104.410004,EUR/MWh,DK2,DK_2,day_ahead_price,value,2026-07-25T10:50:28Z
2026-07-25T10:47:05Z,2026-07-25T12:47:05+0200,8f98f9ca-4a78-47a6-8878-9b0cbde920eb,2026-07-19T04:30:00Z,2026-07-19T06:30:00+0200,101.910004,EUR/MWh,DK2,DK_2,day_ahead_price,value,2026-07-25T10:50:28Z
2026-07-25T10:47:05Z,2026-07-25T12:47:05+0200,8f98f9ca-4a78-47a6-8878-9b0cbde920eb,2026-07-19T04:45:00Z,2026-07-19T06:45:00+0200,93.220001,EUR/MWh,DK2,DK_2,day_ahead_price,value,2026-07-25T10:50:28Z
2026-07-25T10:47:05Z,2026-07-25T12:47:05+0200,8f98f9ca-4a78-47a6-8878-9b0cbde920eb,2026-07-19T05:00:00Z,2026-07-19T07:00:00+0200,100.779999,EUR/MWh,DK2,DK_2,day_ahead_price,value,2026-07-25T10:50:28Z
2026-07-25T10:47:05Z,2026-07-25T12:47:05+0200,8f98f9ca-4a78-47a6-8878-9b0cbde920eb,2026-07-19T05:15:00Z,2026-07-19T07:15:00+0200,92.2,EUR/MWh,DK2,DK_2,day_ahead_price,value,2026-07-25T10:50:28Z
2026-07-25T10:47:05Z,2026-07-25T12:47:05+0200,8f98f9ca-4a78-47a6-8878-9b0cbde920eb,2026-07-19T05:30:00Z,2026-07-19T07:30:00+0200,88.2,EUR/MWh,DK2,DK_2,day_ahead_price,value,2026-07-25T10:50:28Z
2026-07-25T10:47:05Z,2026-07-25T12:47:05+0200,8f98f9ca-4a78-47a6-8878-9b0cbde920eb,2026-07-19T05:45:00Z,2026-07-19T07:45:00+0200,72.79,EUR/MWh,DK2,DK_2,day_ahead_price,value,2026-07-25T10:50:28Z
2026-07-25T10:47:05Z,2026-07-25T12:47:05+0200,8f98f9ca-4a78-47a6-8878-9b0cbde920eb,2026-07-19T06:00:00Z,2026-07-19T08:00:00+0200,74.35,EUR/MWh,DK2,DK_2,day_ahead_price,value,2026-07-25T10:50:28Z
2026-07-25T10:47:05Z,2026-07-25T12:47:05+0200,8f98f9ca-4a78-47a6-8878-9b0cbde920eb,2026-07-19T06:15:00Z,2026-07-19T08:15:00+0200,57.43,EUR/MWh,DK2,DK_2,day_ahead_price,value,2026-07-25T10:50:28Z
2026-07-25T10:47:05Z,2026-07-25T12:47:05+0200,8f98f9ca-4a78-47a6-8878-9b0cbde920eb,2026-07-19T06:30:00Z,2026-07-19T08:30:00+0200,30.3,EUR/MWh,DK2,DK_2,day_ahead_price,value,2026-07-25T10:50:28Z
2026-07-25T10:47:05Z,2026-07-25T12:47:05+0200,8f98f9ca-4a78-47a6-8878-9b0cbde920eb,2026-07-19T06:45:00Z,2026-07-19T08:45:00+0200,10.46,EUR/MWh,DK2,DK_2,day_ahead_price,value,2026-07-25T10:50:28Z
2026-07-25T10:47:05Z,2026-07-25T12:47:05+0200,8f98f9ca-4a78-47a6-8878-9b0cbde920eb,2026-07-19T07:00:00Z,2026-07-19T09:00:00+0200,10.5,EUR/MWh,DK2,DK_2,day_ahead_price,value,2026-07-25T10:50:28Z
2026-07-25T10:47:05Z,2026-07-25T12:47:05+0200,8f98f9ca-4a78-47a6-8878-9b0cbde920eb,2026-07-19T07:15:00Z,2026-07-19T09:15:00+0200,4.39,EUR/MWh,DK2,DK_2,day_ahead_price,value,2026-07-25T10:50:28Z
2026-07-25T10:47:05Z,2026-07-25T12:47:05+0200,8f98f9ca-4a78-47a6-8878-9b0cbde920eb,2026-07-19T07:30:00Z,2026-07-19T09:30:00+0200,1.49,EUR/MWh,DK2,DK_2,day_ahead_price,value,2026-07-25T10:50:28Z
2026-07-25T10:47:05Z,2026-07-25T12:47:05+0200,8f98f9ca-4a78-47a6-8878-9b0cbde920eb,2026-07-19T07:45:00Z,2026-07-19T09:45:00+0200,0.26,EUR/MWh,DK2,DK_2,day_ahead_price,value,2026-07-25T10:50:28Z
2026-07-25T10:47:05Z,2026-07-25T12:47:05+0200,8f98f9ca-4a78-47a6-8878-9b0cbde920eb,2026-07-19T08:00:00Z,2026-07-19T10:00:00+0200,0.21,EUR/MWh,DK2,DK_2,day_ahead_price,value,2026-07-25T10:50:28Z
2026-07-25T10:47:05Z,2026-07-25T12:47:05+0200,8f98f9ca-4a78-47a6-8878-9b0cbde920eb,2026-07-19T08:15:00Z,2026-07-19T10:15:00+0200,0.15,EUR/MWh,DK2,DK_2,day_ahead_price,value,2026-07-25T10:50:28Z
2026-07-25T10:47:05Z,2026-07-25T12:47:05+0200,8f98f9ca-4a78-47a6-8878-9b0cbde920eb,2026-07-19T08:30:00Z,2026-07-19T10:30:00+0200,0.35,EUR/MWh,DK2,DK_2,day_ahead_price,value,2026-07-25T10:50:28Z
2026-07-25T10:47:05Z,2026-07-25T12:47:05+0200,8f98f9ca-4a78-47a6-8878-9b0cbde920eb,2026-07-19T08:45:00Z,2026-07-19T10:45:00+0200,0.34,EUR/MWh,DK2,DK_2,day_ahead_price,value,2026-07-25T10:50:28Z
2026-07-25T10:47:05Z,2026-07-25T12:47:05+0200,8f98f9ca-4a78-47a6-8878-9b0cbde920eb,2026-07-19T09:00:00Z,2026-07-19T11:00:00+0200,0.22,EUR/MWh,DK2,DK_2,day_ahead_price,value,2026-07-25T10:50:28Z
2026-07-25T10:47:05Z,2026-07-25T12:47:05+0200,8f98f9ca-4a78-47a6-8878-9b0cbde920eb,2026-07-19T09:15:00Z,2026-07-19T11:15:00+0200,0.34,EUR/MWh,DK2,DK_2,day_ahead_price,value,2026-07-25T10:50:28Z
2026-07-25T10:47:05Z,2026-07-25T12:47:05+0200,8f98f9ca-4a78-47a6-8878-9b0cbde920eb,2026-07-19T09:30:00Z,2026-07-19T11:30:00+0200,0.34,EUR/MWh,DK2,DK_2,day_ahead_price,value,2026-07-25T10:50:28Z
2026-07-25T10:47:05Z,2026-07-25T12:47:05+0200,8f98f9ca-4a78-47a6-8878-9b0cbde920eb,2026-07-19T09:45:00Z,2026-07-19T11:45:00+0200,0.29,EUR/MWh,DK2,DK_2,day_ahead_price,value,2026-07-25T10:50:28Z
2026-07-25T10:47:05Z,2026-07-25T12:47:05+0200,8f98f9ca-4a78-47a6-8878-9b0cbde920eb,2026-07-19T10:00:00Z,2026-07-19T12:00:00+0200,0.27,EUR/MWh,DK2,DK_2,day_ahead_price,value,2026-07-25T10:50:28Z
2026-07-25T10:47:05Z,2026-07-25T12:47:05+0200,8f98f9ca-4a78-47a6-8878-9b0cbde920eb,2026-07-19T10:15:00Z,2026-07-19T12:15:00+0200,0.3,EUR/MWh,DK2,DK_2,day_ahead_price,value,2026-07-25T10:50:28Z
2026-07-25T10:47:05Z,2026-07-25T12:47:05+0200,8f98f9ca-4a78-47a6-8878-9b0cbde920eb,2026-07-19T10:30:00Z,2026-07-19T12:30:00+0200,0.43,EUR/MWh,DK2,DK_2,day_ahead_price,value,2026-07-25T10:50:28Z
2026-07-25T10:47:05Z,2026-07-25T12:47:05+0200,8f98f9ca-4a78-47a6-8878-9b0cbde920eb,2026-07-19T10:45:00Z,2026-07-19T12:45:00+0200,0.65,EUR/MWh,DK2,DK_2,day_ahead_price,value,2026-07-25T10:50:28Z
2026-07-25T10:47:05Z,2026-07-25T12:47:05+0200,8f98f9ca-4a78-47a6-8878-9b0cbde920eb,2026-07-19T11:00:00Z,2026-07-19T13:00:00+0200,0.34,EUR/MWh,DK2,DK_2,day_ahead_price,value,2026-07-25T10:50:28Z
2026-07-25T10:47:05Z,2026-07-25T12:47:05+0200,8f98f9ca-4a78-47a6-8878-9b0cbde920eb,2026-07-19T11:15:00Z,2026-07-19T13:15:00+0200,0.33,EUR/MWh,DK2,DK_2,day_ahead_price,value,2026-07-25T10:50:28Z
2026-07-25T10:47:05Z,2026-07-25T12:47:05+0200,8f98f9ca-4a78-47a6-8878-9b0cbde920eb,2026-07-19T11:30:00Z,2026-07-19T13:30:00+0200,0.17,EUR/MWh,DK2,DK_2,day_ahead_price,value,2026-07-25T10:50:28Z
2026-07-25T10:47:05Z,2026-07-25T12:47:05+0200,8f98f9ca-4a78-47a6-8878-9b0cbde920eb,2026-07-19T11:45:00Z,2026-07-19T13:45:00+0200,0.28,EUR/MWh,DK2,DK_2,day_ahead_price,value,2026-07-25T10:50:28Z
2026-07-25T10:47:05Z,2026-07-25T12:47:05+0200,8f98f9ca-4a78-47a6-8878-9b0cbde920eb,2026-07-19T12:00:00Z,2026-07-19T14:00:00+0200,0.26,EUR/MWh,DK2,DK_2,day_ahead_price,value,2026-07-25T10:50:28Z
2026-07-25T10:47:05Z,2026-07-25T12:47:05+0200,8f98f9ca-4a78-47a6-8878-9b0cbde920eb,2026-07-19T12:15:00Z,2026-07-19T14:15:00+0200,0.26,EUR/MWh,DK2,DK_2,day_ahead_price,value,2026-07-25T10:50:28Z
2026-07-25T10:47:05Z,2026-07-25T12:47:05+0200,8f98f9ca-4a78-47a6-8878-9b0cbde920eb,2026-07-19T12:30:00Z,2026-07-19T14:30:00+0200,0.27,EUR/MWh,DK2,DK_2,day_ahead_price,value,2026-07-25T10:50:28Z
2026-07-25T10:47:05Z,2026-07-25T12:47:05+0200,8f98f9ca-4a78-47a6-8878-9b0cbde920eb,2026-07-19T12:45:00Z,2026-07-19T14:45:00+0200,0.66,EUR/MWh,DK2,DK_2,day_ahead_price,value,2026-07-25T10:50:28Z
2026-07-25T10:47:05Z,2026-07-25T12:47:05+0200,8f98f9ca-4a78-47a6-8878-9b0cbde920eb,2026-07-19T13:00:00Z,2026-07-19T15:00:00+0200,1.1,EUR/MWh,DK2,DK_2,day_ahead_price,value,2026-07-25T10:50:28Z
2026-07-25T10:47:05Z,2026-07-25T12:47:05+0200,8f98f9ca-4a78-47a6-8878-9b0cbde920eb,2026-07-19T13:15:00Z,2026-07-19T15:15:00+0200,1.0,EUR/MWh,DK2,DK_2,day_ahead_price,value,2026-07-25T10:50:28Z
2026-07-25T10:47:05Z,2026-07-25T12:47:05+0200,8f98f9ca-4a78-47a6-8878-9b0cbde920eb,2026-07-19T13:30:00Z,2026-07-19T15:30:00+0200,1.07,EUR/MWh,DK2,DK_2,day_ahead_price,value,2026-07-25T10:50:28Z
2026-07-25T10:47:05Z,2026-07-25T12:47:05+0200,8f98f9ca-4a78-47a6-8878-9b0cbde920eb,2026-07-19T13:45:00Z,2026-07-19T15:45:00+0200,1.53,EUR/MWh,DK2,DK_2,day_ahead_price,value,2026-07-25T10:50:28Z
2026-07-25T10:47:05Z,2026-07-25T12:47:05+0200,8f98f9ca-4a78-47a6-8878-9b0cbde920eb,2026-07-19T14:00:00Z,2026-07-19T16:00:00+0200,1.6,EUR/MWh,DK2,DK_2,day_ahead_price,value,2026-07-25T10:50:28Z
2026-07-25T10:47:05Z,2026-07-25T12:47:05+0200,8f98f9ca-4a78-47a6-8878-9b0cbde920eb,2026-07-19T14:15:00Z,2026-07-19T16:15:00+0200,1.8,EUR/MWh,DK2,DK_2,day_ahead_price,value,2026-07-25T10:50:28Z
2026-07-25T10:47:05Z,2026-07-25T12:47:05+0200,8f98f9ca-4a78-47a6-8878-9b0cbde920eb,2026-07-19T14:30:00Z,2026-07-19T16:30:00+0200,2.53,EUR/MWh,DK2,DK_2,day_ahead_price,value,2026-07-25T10:50:28Z
2026-07-25T10:47:05Z,2026-07-25T12:47:05+0200,8f98f9ca-4a78-47a6-8878-9b0cbde920eb,2026-07-19T14:45:00Z,2026-07-19T16:45:00+0200,4.0,EUR/MWh,DK2,DK_2,day_ahead_price,value,2026-07-25T10:50:28Z
2026-07-25T10:47:05Z,2026-07-25T12:47:05+0200,8f98f9ca-4a78-47a6-8878-9b0cbde920eb,2026-07-19T15:00:00Z,2026-07-19T17:00:00+0200,3.19,EUR/MWh,DK2,DK_2,day_ahead_price,value,2026-07-25T10:50:28Z
2026-07-25T10:47:05Z,2026-07-25T12:47:05+0200,8f98f9ca-4a78-47a6-8878-9b0cbde920eb,2026-07-19T15:15:00Z,2026-07-19T17:15:00+0200,4.48,EUR/MWh,DK2,DK_2,day_ahead_price,value,2026-07-25T10:50:28Z
2026-07-25T10:47:05Z,2026-07-25T12:47:05+0200,8f98f9ca-4a78-47a6-8878-9b0cbde920eb,2026-07-19T15:30:00Z,2026-07-19T17:30:00+0200,8.38,EUR/MWh,DK2,DK_2,day_ahead_price,value,2026-07-25T10:50:28Z
2026-07-25T10:47:05Z,2026-07-25T12:47:05+0200,8f98f9ca-4a78-47a6-8878-9b0cbde920eb,2026-07-19T15:45:00Z,2026-07-19T17:45:00+0200,12.62,EUR/MWh,DK2,DK_2,day_ahead_price,value,2026-07-25T10:50:28Z
2026-07-25T10:47:05Z,2026-07-25T12:47:05+0200,8f98f9ca-4a78-47a6-8878-9b0cbde920eb,2026-07-19T16:00:00Z,2026-07-19T18:00:00+0200,6.83,EUR/MWh,DK2,DK_2,day_ahead_price,value,2026-07-25T10:50:28Z
2026-07-25T10:47:05Z,2026-07-25T12:47:05+0200,8f98f9ca-4a78-47a6-8878-9b0cbde920eb,2026-07-19T16:15:00Z,2026-07-19T18:15:00+0200,35.51,EUR/MWh,DK2,DK_2,day_ahead_price,value,2026-07-25T10:50:28Z
2026-07-25T10:47:05Z,2026-07-25T12:47:05+0200,8f98f9ca-4a78-47a6-8878-9b0cbde920eb,2026-07-19T16:30:00Z,2026-07-19T18:30:00+0200,74.11,EUR/MWh,DK2,DK_2,day_ahead_price,value,2026-07-25T10:50:28Z
2026-07-25T10:47:05Z,2026-07-25T12:47:05+0200,8f98f9ca-4a78-47a6-8878-9b0cbde920eb,2026-07-19T16:45:00Z,2026-07-19T18:45:00+0200,101.68,EUR/MWh,DK2,DK_2,day_ahead_price,value,2026-07-25T10:50:28Z
2026-07-25T10:47:05Z,2026-07-25T12:47:05+0200,8f98f9ca-4a78-47a6-8878-9b0cbde920eb,2026-07-19T17:00:00Z,2026-07-19T19:00:00+0200,95.34,EUR/MWh,DK2,DK_2,day_ahead_price,value,2026-07-25T10:50:28Z
2026-07-25T10:47:05Z,2026-07-25T12:47:05+0200,8f98f9ca-4a78-47a6-8878-9b0cbde920eb,2026-07-19T17:15:00Z,2026-07-19T19:15:00+0200,116.76,EUR/MWh,DK2,DK_2,day_ahead_price,value,2026-07-25T10:50:28Z
2026-07-25T10:47:05Z,2026-07-25T12:47:05+0200,8f98f9ca-4a78-47a6-8878-9b0cbde920eb,2026-07-19T17:30:00Z,2026-07-19T19:30:00+0200,132.43,EUR/MWh,DK2,DK_2,day_ahead_price,value,2026-07-25T10:50:28Z
2026-07-25T10:47:05Z,2026-07-25T12:47:05+0200,8f98f9ca-4a78-47a6-8878-9b0cbde920eb,2026-07-19T17:45:00Z,2026-07-19T19:45:00+0200,140.029999,EUR/MWh,DK2,DK_2,day_ahead_price,value,2026-07-25T10:50:28Z
2026-07-25T10:47:05Z,2026-07-25T12:47:05+0200,8f98f9ca-4a78-47a6-8878-9b0cbde920eb,2026-07-19T18:00:00Z,2026-07-19T20:00:00+0200,129.490005,EUR/MWh,DK2,DK_2,day_ahead_price,value,2026-07-25T10:50:28Z
2026-07-25T10:47:05Z,2026-07-25T12:47:05+0200,8f98f9ca-4a78-47a6-8878-9b0cbde920eb,2026-07-19T18:15:00Z,2026-07-19T20:15:00+0200,140.48,EUR/MWh,DK2,DK_2,day_ahead_price,value,2026-07-25T10:50:28Z
2026-07-25T10:47:05Z,2026-07-25T12:47:05+0200,8f98f9ca-4a78-47a6-8878-9b0cbde920eb,2026-07-19T18:30:00Z,2026-07-19T20:30:00+0200,149.87,EUR/MWh,DK2,DK_2,day_ahead_price,value,2026-07-25T10:50:28Z
2026-07-25T10:47:05Z,2026-07-25T12:47:05+0200,8f98f9ca-4a78-47a6-8878-9b0cbde920eb,2026-07-19T18:45:00Z,2026-07-19T20:45:00+0200,156.01,EUR/MWh,DK2,DK_2,day_ahead_price,value,2026-07-25T10:50:28Z
2026-07-25T10:47:05Z,2026-07-25T12:47:05+0200,8f98f9ca-4a78-47a6-8878-9b0cbde920eb,2026-07-19T19:00:00Z,2026-07-19T21:00:00+0200,151.6,EUR/MWh,DK2,DK_2,day_ahead_price,value,2026-07-25T10:50:28Z
2026-07-25T10:47:05Z,2026-07-25T12:47:05+0200,8f98f9ca-4a78-47a6-8878-9b0cbde920eb,2026-07-19T19:15:00Z,2026-07-19T21:15:00+0200,149.699997,EUR/MWh,DK2,DK_2,day_ahead_price,value,2026-07-25T10:50:28Z
2026-07-25T10:47:05Z,2026-07-25T12:47:05+0200,8f98f9ca-4a78-47a6-8878-9b0cbde920eb,2026-07-19T19:30:00Z,2026-07-19T21:30:00+0200,148.72,EUR/MWh,DK2,DK_2,day_ahead_price,value,2026-07-25T10:50:28Z
2026-07-25T10:47:05Z,2026-07-25T12:47:05+0200,8f98f9ca-4a78-47a6-8878-9b0cbde920eb,2026-07-19T19:45:00Z,2026-07-19T21:45:00+0200,145.81,EUR/MWh,DK2,DK_2,day_ahead_price,value,2026-07-25T10:50:28Z
2026-07-25T10:47:05Z,2026-07-25T12:47:05+0200,8f98f9ca-4a78-47a6-8878-9b0cbde920eb,2026-07-19T20:00:00Z,2026-07-19T22:00:00+0200,157.85,EUR/MWh,DK2,DK_2,day_ahead_price,value,2026-07-25T10:50:28Z
2026-07-25T10:47:05Z,2026-07-25T12:47:05+0200,8f98f9ca-4a78-47a6-8878-9b0cbde920eb,2026-07-19T20:15:00Z,2026-07-19T22:15:00+0200,149.87,EUR/MWh,DK2,DK_2,day_ahead_price,value,2026-07-25T10:50:28Z
2026-07-25T10:47:05Z,2026-07-25T12:47:05+0200,8f98f9ca-4a78-47a6-8878-9b0cbde920eb,2026-07-19T20:30:00Z,2026-07-19T22:30:00+0200,147.55,EUR/MWh,DK2,DK_2,day_ahead_price,value,2026-07-25T10:50:28Z
2026-07-25T10:47:05Z,2026-07-25T12:47:05+0200,8f98f9ca-4a78-47a6-8878-9b0cbde920eb,2026-07-19T20:45:00Z,2026-07-19T22:45:00+0200,140.240005,EUR/MWh,DK2,DK_2,day_ahead_price,value,2026-07-25T10:50:28Z
2026-07-25T10:47:05Z,2026-07-25T12:47:05+0200,8f98f9ca-4a78-47a6-8878-9b0cbde920eb,2026-07-19T21:00:00Z,2026-07-19T23:00:00+0200,151.020004,EUR/MWh,DK2,DK_2,day_ahead_price,value,2026-07-25T10:50:28Z
2026-07-25T10:47:05Z,2026-07-25T12:47:05+0200,8f98f9ca-4a78-47a6-8878-9b0cbde920eb,2026-07-19T21:15:00Z,2026-07-19T23:15:00+0200,137.029999,EUR/MWh,DK2,DK_2,day_ahead_price,value,2026-07-25T10:50:28Z
2026-07-25T10:47:05Z,2026-07-25T12:47:05+0200,8f98f9ca-4a78-47a6-8878-9b0cbde920eb,2026-07-19T21:30:00Z,2026-07-19T23:30:00+0200,135.660004,EUR/MWh,DK2,DK_2,day_ahead_price,value,2026-07-25T10:50:28Z
2026-07-25T10:47:05Z,2026-07-25T12:47:05+0200,8f98f9ca-4a78-47a6-8878-9b0cbde920eb,2026-07-19T21:45:00Z,2026-07-19T23:45:00+0200,128.429993,EUR/MWh,DK2,DK_2,day_ahead_price,value,2026-07-25T10:50:28Z
2026-07-25T10:47:05Z,2026-07-25T12:47:05+0200,8f98f9ca-4a78-47a6-8878-9b0cbde920eb,2026-07-19T22:00:00Z,2026-07-20T00:00:00+0200,167.34,EUR/MWh,DK2,DK_2,day_ahead_price,value,2026-07-25T10:50:28Z
2026-07-25T10:47:05Z,2026-07-25T12:47:05+0200,8f98f9ca-4a78-47a6-8878-9b0cbde920eb,2026-07-19T22:15:00Z,2026-07-20T00:15:00+0200,150.11,EUR/MWh,DK2,DK_2,day_ahead_price,value,2026-07-25T10:50:28Z
2026-07-25T10:47:05Z,2026-07-25T12:47:05+0200,8f98f9ca-4a78-47a6-8878-9b0cbde920eb,2026-07-19T22:30:00Z,2026-07-20T00:30:00+0200,140.74,EUR/MWh,DK2,DK_2,day_ahead_price,value,2026-07-25T10:50:28Z
2026-07-25T10:47:05Z,2026-07-25T12:47:05+0200,8f98f9ca-4a78-47a6-8878-9b0cbde920eb,2026-07-19T22:45:00Z,2026-07-20T00:45:00+0200,131.63,EUR/MWh,DK2,DK_2,day_ahead_price,value,2026-07-25T10:50:28Z
2026-07-25T10:47:05Z,2026-07-25T12:47:05+0200,8f98f9ca-4a78-47a6-8878-9b0cbde920eb,2026-07-19T23:00:00Z,2026-07-20T01:00:00+0200,148.25,EUR/MWh,DK2,DK_2,day_ahead_price,value,2026-07-25T10:50:28Z
2026-07-25T10:47:05Z,2026-07-25T12:47:05+0200,8f98f9ca-4a78-47a6-8878-9b0cbde920eb,2026-07-19T23:15:00Z,2026-07-20T01:15:00+0200,140.01,EUR/MWh,DK2,DK_2,day_ahead_price,value,2026-07-25T10:50:28Z
2026-07-25T10:47:05Z,2026-07-25T12:47:05+0200,8f98f9ca-4a78-47a6-8878-9b0cbde920eb,2026-07-19T23:30:00Z,2026-07-20T01:30:00+0200,135.68,EUR/MWh,DK2,DK_2,day_ahead_price,value,2026-07-25T10:50:28Z
2026-07-25T10:47:05Z,2026-07-25T12:47:05+0200,8f98f9ca-4a78-47a6-8878-9b0cbde920eb,2026-07-19T23:45:00Z,2026-07-20T01:45:00+0200,129.99,EUR/MWh,DK2,DK_2,day_ahead_price,value,2026-07-25T10:50:28Z
2026-07-25T10:47:05Z,2026-07-25T12:47:05+0200,8f98f9ca-4a78-47a6-8878-9b0cbde920eb,2026-07-20T00:00:00Z,2026-07-20T02:00:00+0200,132.09,EUR/MWh,DK2,DK_2,day_ahead_price,value,2026-07-25T10:50:28Z
2026-07-25T10:47:05Z,2026-07-25T12:47:05+0200,8f98f9ca-4a78-47a6-8878-9b0cbde920eb,2026-07-20T00:15:00Z,2026-07-20T02:15:00+0200,127.88,EUR/MWh,DK2,DK_2,day_ahead_price,value,2026-07-25T10:50:28Z
2026-07-25T10:47:05Z,2026-07-25T12:47:05+0200,8f98f9ca-4a78-47a6-8878-9b0cbde920eb,2026-07-20T00:30:00Z,2026-07-20T02:30:00+0200,127.96,EUR/MWh,DK2,DK_2,day_ahead_price,value,2026-07-25T10:50:28Z
2026-07-25T10:47:05Z,2026-07-25T12:47:05+0200,8f98f9ca-4a78-47a6-8878-9b0cbde920eb,2026-07-20T00:45:00Z,2026-07-20T02:45:00+0200,125.29,EUR/MWh,DK2,DK_2,day_ahead_price,value,2026-07-25T10:50:28Z
2026-07-25T10:47:05Z,2026-07-25T12:47:05+0200,8f98f9ca-4a78-47a6-8878-9b0cbde920eb,2026-07-20T01:00:00Z,2026-07-20T03:00:00+0200,126.45,EUR/MWh,DK2,DK_2,day_ahead_price,value,2026-07-25T10:50:28Z
2026-07-25T10:47:05Z,2026-07-25T12:47:05+0200,8f98f9ca-4a78-47a6-8878-9b0cbde920eb,2026-07-20T01:15:00Z,2026-07-20T03:15:00+0200,121.76,EUR/MWh,DK2,DK_2,day_ahead_price,value,2026-07-25T10:50:28Z
2026-07-25T10:47:05Z,2026-07-25T12:47:05+0200,8f98f9ca-4a78-47a6-8878-9b0cbde920eb,2026-07-20T01:30:00Z,2026-07-20T03:30:00+0200,121.77,EUR/MWh,DK2,DK_2,day_ahead_price,value,2026-07-25T10:50:28Z
2026-07-25T10:47:05Z,2026-07-25T12:47:05+0200,8f98f9ca-4a78-47a6-8878-9b0cbde920eb,2026-07-20T01:45:00Z,2026-07-20T03:45:00+0200,120.77,EUR/MWh,DK2,DK_2,day_ahead_price,value,2026-07-25T10:50:28Z
2026-07-25T10:47:05Z,2026-07-25T12:47:05+0200,8f98f9ca-4a78-47a6-8878-9b0cbde920eb,2026-07-20T02:00:00Z,2026-07-20T04:00:00+0200,124.58,EUR/MWh,DK2,DK_2,day_ahead_price,value,2026-07-25T10:50:28Z
2026-07-25T10:47:05Z,2026-07-25T12:47:05+0200,8f98f9ca-4a78-47a6-8878-9b0cbde920eb,2026-07-20T02:15:00Z,2026-07-20T04:15:00+0200,128.32,EUR/MWh,DK2,DK_2,day_ahead_price,value,2026-07-25T10:50:28Z
2026-07-25T10:47:05Z,2026-07-25T12:47:05+0200,8f98f9ca-4a78-47a6-8878-9b0cbde920eb,2026-07-20T02:30:00Z,2026-07-20T04:30:00+0200,131.45,EUR/MWh,DK2,DK_2,day_ahead_price,value,2026-07-25T10:50:28Z
2026-07-25T10:47:05Z,2026-07-25T12:47:05+0200,8f98f9ca-4a78-47a6-8878-9b0cbde920eb,2026-07-20T02:45:00Z,2026-07-20T04:45:00+0200,133.99,EUR/MWh,DK2,DK_2,day_ahead_price,value,2026-07-25T10:50:28Z
2026-07-25T10:47:05Z,2026-07-25T12:47:05+0200,8f98f9ca-4a78-47a6-8878-9b0cbde920eb,2026-07-20T03:00:00Z,2026-07-20T05:00:00+0200,131.33,EUR/MWh,DK2,DK_2,day_ahead_price,value,2026-07-25T10:50:28Z
2026-07-25T10:47:05Z,2026-07-25T12:47:05+0200,8f98f9ca-4a78-47a6-8878-9b0cbde920eb,2026-07-20T03:15:00Z,2026-07-20T05:15:00+0200,135.7,EUR/MWh,DK2,DK_2,day_ahead_price,value,2026-07-25T10:50:28Z
2026-07-25T10:47:05Z,2026-07-25T12:47:05+0200,8f98f9ca-4a78-47a6-8878-9b0cbde920eb,2026-07-20T03:30:00Z,2026-07-20T05:30:00+0200,137.25,EUR/MWh,DK2,DK_2,day_ahead_price,value,2026-07-25T10:50:28Z
2026-07-25T10:47:05Z,2026-07-25T12:47:05+0200,8f98f9ca-4a78-47a6-8878-9b0cbde920eb,2026-07-20T03:45:00Z,2026-07-20T05:45:00+0200,142.98,EUR/MWh,DK2,DK_2,day_ahead_price,value,2026-07-25T10:50:28Z
2026-07-25T10:47:05Z,2026-07-25T12:47:05+0200,8f98f9ca-4a78-47a6-8878-9b0cbde920eb,2026-07-20T04:00:00Z,2026-07-20T06:00:00+0200,147.79,EUR/MWh,DK2,DK_2,day_ahead_price,value,2026-07-25T10:50:28Z
2026-07-25T10:47:05Z,2026-07-25T12:47:05+0200,8f98f9ca-4a78-47a6-8878-9b0cbde920eb,2026-07-20T04:15:00Z,2026-07-20T06:15:00+0200,150.09,EUR/MWh,DK2,DK_2,day_ahead_price,value,2026-07-25T10:50:28Z
2026-07-25T10:47:05Z,2026-07-25T12:47:05+0200,8f98f9ca-4a78-47a6-8878-9b0cbde920eb,2026-07-20T04:30:00Z,2026-07-20T06:30:00+0200,150.58,EUR/MWh,DK2,DK_2,day_ahead_price,value,2026-07-25T10:50:28Z
2026-07-25T10:47:05Z,2026-07-25T12:47:05+0200,8f98f9ca-4a78-47a6-8878-9b0cbde920eb,2026-07-20T04:45:00Z,2026-07-20T06:45:00+0200,149.19,EUR/MWh,DK2,DK_2,day_ahead_price,value,2026-07-25T10:50:28Z
2026-07-25T10:47:05Z,2026-07-25T12:47:05+0200,8f98f9ca-4a78-47a6-8878-9b0cbde920eb,2026-07-20T05:00:00Z,2026-07-20T07:00:00+0200,159.92,EUR/MWh,DK2,DK_2,day_ahead_price,value,2026-07-25T10:50:28Z
2026-07-25T10:47:05Z,2026-07-25T12:47:05+0200,8f98f9ca-4a78-47a6-8878-9b0cbde920eb,2026-07-20T05:15:00Z,2026-07-20T07:15:00+0200,152.97,EUR/MWh,DK2,DK_2,day_ahead_price,value,2026-07-25T10:50:28Z
2026-07-25T10:47:05Z,2026-07-25T12:47:05+0200,8f98f9ca-4a78-47a6-8878-9b0cbde920eb,2026-07-20T05:30:00Z,2026-07-20T07:30:00+0200,149.0,EUR/MWh,DK2,DK_2,day_ahead_price,value,2026-07-25T10:50:28Z
2026-07-25T10:47:05Z,2026-07-25T12:47:05+0200,8f98f9ca-4a78-47a6-8878-9b0cbde920eb,2026-07-20T05:45:00Z,2026-07-20T07:45:00+0200,140.36,EUR/MWh,DK2,DK_2,day_ahead_price,value,2026-07-25T10:50:28Z
2026-07-25T10:47:05Z,2026-07-25T12:47:05+0200,8f98f9ca-4a78-47a6-8878-9b0cbde920eb,2026-07-20T06:00:00Z,2026-07-20T08:00:00+0200,159.01,EUR/MWh,DK2,DK_2,day_ahead_price,value,2026-07-25T10:50:28Z
2026-07-25T10:47:05Z,2026-07-25T12:47:05+0200,8f98f9ca-4a78-47a6-8878-9b0cbde920eb,2026-07-20T06:15:00Z,2026-07-20T08:15:00+0200,140.01,EUR/MWh,DK2,DK_2,day_ahead_price,value,2026-07-25T10:50:28Z
2026-07-25T10:47:05Z,2026-07-25T12:47:05+0200,8f98f9ca-4a78-47a6-8878-9b0cbde920eb,2026-07-20T06:30:00Z,2026-07-20T08:30:00+0200,120.71,EUR/MWh,DK2,DK_2,day_ahead_price,value,2026-07-25T10:50:28Z
2026-07-25T10:47:05Z,2026-07-25T12:47:05+0200,8f98f9ca-4a78-47a6-8878-9b0cbde920eb,2026-07-20T06:45:00Z,2026-07-20T08:45:00+0200,104.29,EUR/MWh,DK2,DK_2,day_ahead_price,value,2026-07-25T10:50:28Z
2026-07-25T10:47:05Z,2026-07-25T12:47:05+0200,8f98f9ca-4a78-47a6-8878-9b0cbde920eb,2026-07-20T07:00:00Z,2026-07-20T09:00:00+0200,113.73,EUR/MWh,DK2,DK_2,day_ahead_price,value,2026-07-25T10:50:28Z
2026-07-25T10:47:05Z,2026-07-25T12:47:05+0200,8f98f9ca-4a78-47a6-8878-9b0cbde920eb,2026-07-20T07:15:00Z,2026-07-20T09:15:00+0200,102.0,EUR/MWh,DK2,DK_2,day_ahead_price,value,2026-07-25T10:50:28Z
2026-07-25T10:47:05Z,2026-07-25T12:47:05+0200,8f98f9ca-4a78-47a6-8878-9b0cbde920eb,2026-07-20T07:30:00Z,2026-07-20T09:30:00+0200,89.33,EUR/MWh,DK2,DK_2,day_ahead_price,value,2026-07-25T10:50:28Z
2026-07-25T10:47:05Z,2026-07-25T12:47:05+0200,8f98f9ca-4a78-47a6-8878-9b0cbde920eb,2026-07-20T07:45:00Z,2026-07-20T09:45:00+0200,65.82,EUR/MWh,DK2,DK_2,day_ahead_price,value,2026-07-25T10:50:28Z
2026-07-25T10:47:05Z,2026-07-25T12:47:05+0200,8f98f9ca-4a78-47a6-8878-9b0cbde920eb,2026-07-20T08:00:00Z,2026-07-20T10:00:00+0200,83.1,EUR/MWh,DK2,DK_2,day_ahead_price,value,2026-07-25T10:50:28Z
2026-07-25T10:47:05Z,2026-07-25T12:47:05+0200,8f98f9ca-4a78-47a6-8878-9b0cbde920eb,2026-07-20T08:15:00Z,2026-07-20T10:15:00+0200,73.36,EUR/MWh,DK2,DK_2,day_ahead_price,value,2026-07-25T10:50:28Z
2026-07-25T10:47:05Z,2026-07-25T12:47:05+0200,8f98f9ca-4a78-47a6-8878-9b0cbde920eb,2026-07-20T08:30:00Z,2026-07-20T10:30:00+0200,58.54,EUR/MWh,DK2,DK_2,day_ahead_price,value,2026-07-25T10:50:28Z
2026-07-25T10:47:05Z,2026-07-25T12:47:05+0200,8f98f9ca-4a78-47a6-8878-9b0cbde920eb,2026-07-20T08:45:00Z,2026-07-20T10:45:00+0200,26.75,EUR/MWh,DK2,DK_2,day_ahead_price,value,2026-07-25T10:50:28Z
2026-07-25T10:47:05Z,2026-07-25T12:47:05+0200,8f98f9ca-4a78-47a6-8878-9b0cbde920eb,2026-07-20T09:00:00Z,2026-07-20T11:00:00+0200,34.51,EUR/MWh,DK2,DK_2,day_ahead_price,value,2026-07-25T10:50:28Z
2026-07-25T10:47:05Z,2026-07-25T12:47:05+0200,8f98f9ca-4a78-47a6-8878-9b0cbde920eb,2026-07-20T09:15:00Z,2026-07-20T11:15:00+0200,22.79,EUR/MWh,DK2,DK_2,day_ahead_price,value,2026-07-25T10:50:28Z
2026-07-25T10:47:05Z,2026-07-25T12:47:05+0200,8f98f9ca-4a78-47a6-8878-9b0cbde920eb,2026-07-20T09:30:00Z,2026-07-20T11:30:00+0200,13.59,EUR/MWh,DK2,DK_2,day_ahead_price,value,2026-07-25T10:50:28Z
2026-07-25T10:47:05Z,2026-07-25T12:47:05+0200,8f98f9ca-4a78-47a6-8878-9b0cbde920eb,2026-07-20T09:45:00Z,2026-07-20T11:45:00+0200,11.9,EUR/MWh,DK2,DK_2,day_ahead_price,value,2026-07-25T10:50:28Z
2026-07-25T10:47:05Z,2026-07-25T12:47:05+0200,8f98f9ca-4a78-47a6-8878-9b0cbde920eb,2026-07-20T10:00:00Z,2026-07-20T12:00:00+0200,23.01,EUR/MWh,DK2,DK_2,day_ahead_price,value,2026-07-25T10:50:28Z
2026-07-25T10:47:05Z,2026-07-25T12:47:05+0200,8f98f9ca-4a78-47a6-8878-9b0cbde920eb,2026-07-20T10:15:00Z,2026-07-20T12:15:00+0200,16.14,EUR/MWh,DK2,DK_2,day_ahead_price,value,2026-07-25T10:50:28Z
2026-07-25T10:47:05Z,2026-07-25T12:47:05+0200,8f98f9ca-4a78-47a6-8878-9b0cbde920eb,2026-07-20T10:30:00Z,2026-07-20T12:30:00+0200,15.98,EUR/MWh,DK2,DK_2,day_ahead_price,value,2026-07-25T10:50:28Z
2026-07-25T10:47:05Z,2026-07-25T12:47:05+0200,8f98f9ca-4a78-47a6-8878-9b0cbde920eb,2026-07-20T10:45:00Z,2026-07-20T12:45:00+0200,13.07,EUR/MWh,DK2,DK_2,day_ahead_price,value,2026-07-25T10:50:28Z
2026-07-25T10:47:05Z,2026-07-25T12:47:05+0200,8f98f9ca-4a78-47a6-8878-9b0cbde920eb,2026-07-20T11:00:00Z,2026-07-20T13:00:00+0200,13.2,EUR/MWh,DK2,DK_2,day_ahead_price,value,2026-07-25T10:50:28Z
2026-07-25T10:47:05Z,2026-07-25T12:47:05+0200,8f98f9ca-4a78-47a6-8878-9b0cbde920eb,2026-07-20T11:15:00Z,2026-07-20T13:15:00+0200,11.94,EUR/MWh,DK2,DK_2,day_ahead_price,value,2026-07-25T10:50:28Z
2026-07-25T10:47:05Z,2026-07-25T12:47:05+0200,8f98f9ca-4a78-47a6-8878-9b0cbde920eb,2026-07-20T11:30:00Z,2026-07-20T13:30:00+0200,9.99,EUR/MWh,DK2,DK_2,day_ahead_price,value,2026-07-25T10:50:28Z
2026-07-25T10:47:05Z,2026-07-25T12:47:05+0200,8f98f9ca-4a78-47a6-8878-9b0cbde920eb,2026-07-20T11:45:00Z,2026-07-20T13:45:00+0200,9.06,EUR/MWh,DK2,DK_2,day_ahead_price,value,2026-07-25T10:50:28Z
2026-07-25T10:47:05Z,2026-07-25T12:47:05+0200,8f98f9ca-4a78-47a6-8878-9b0cbde920eb,2026-07-20T12:00:00Z,2026-07-20T14:00:00+0200,11.18,EUR/MWh,DK2,DK_2,day_ahead_price,value,2026-07-25T10:50:28Z
2026-07-25T10:47:05Z,2026-07-25T12:47:05+0200,8f98f9ca-4a78-47a6-8878-9b0cbde920eb,2026-07-20T12:15:00Z,2026-07-20T14:15:00+0200,11.15,EUR/MWh,DK2,DK_2,day_ahead_price,value,2026-07-25T10:50:28Z
2026-07-25T10:47:05Z,2026-07-25T12:47:05+0200,8f98f9ca-4a78-47a6-8878-9b0cbde920eb,2026-07-20T12:30:00Z,2026-07-20T14:30:00+0200,12.32,EUR/MWh,DK2,DK_2,day_ahead_price,value,2026-07-25T10:50:28Z
2026-07-25T10:47:05Z,2026-07-25T12:47:05+0200,8f98f9ca-4a78-47a6-8878-9b0cbde920eb,2026-07-20T12:45:00Z,2026-07-20T14:45:00+0200,12.95,EUR/MWh,DK2,DK_2,day_ahead_price,value,2026-07-25T10:50:28Z
2026-07-25T10:47:05Z,2026-07-25T12:47:05+0200,8f98f9ca-4a78-47a6-8878-9b0cbde920eb,2026-07-20T13:00:00Z,2026-07-20T15:00:00+0200,11.78,EUR/MWh,DK2,DK_2,day_ahead_price,value,2026-07-25T10:50:28Z
2026-07-25T10:47:05Z,2026-07-25T12:47:05+0200,8f98f9ca-4a78-47a6-8878-9b0cbde920eb,2026-07-20T13:15:00Z,2026-07-20T15:15:00+0200,11.35,EUR/MWh,DK2,DK_2,day_ahead_price,value,2026-07-25T10:50:28Z
2026-07-25T10:47:05Z,2026-07-25T12:47:05+0200,8f98f9ca-4a78-47a6-8878-9b0cbde920eb,2026-07-20T13:30:00Z,2026-07-20T15:30:00+0200,13.8,EUR/MWh,DK2,DK_2,day_ahead_price,value,2026-07-25T10:50:28Z
2026-07-25T10:47:05Z,2026-07-25T12:47:05+0200,8f98f9ca-4a78-47a6-8878-9b0cbde920eb,2026-07-20T13:45:00Z,2026-07-20T15:45:00+0200,15.87,EUR/MWh,DK2,DK_2,day_ahead_price,value,2026-07-25T10:50:28Z
2026-07-25T10:47:05Z,2026-07-25T12:47:05+0200,8f98f9ca-4a78-47a6-8878-9b0cbde920eb,2026-07-20T14:00:00Z,2026-07-20T16:00:00+0200,8.71,EUR/MWh,DK2,DK_2,day_ahead_price,value,2026-07-25T10:50:28Z
2026-07-25T10:47:05Z,2026-07-25T12:47:05+0200,8f98f9ca-4a78-47a6-8878-9b0cbde920eb,2026-07-20T14:15:00Z,2026-07-20T16:15:00+0200,11.23,EUR/MWh,DK2,DK_2,day_ahead_price,value,2026-07-25T10:50:28Z
2026-07-25T10:47:05Z,2026-07-25T12:47:05+0200,8f98f9ca-4a78-47a6-8878-9b0cbde920eb,2026-07-20T14:30:00Z,2026-07-20T16:30:00+0200,21.42,EUR/MWh,DK2,DK_2,day_ahead_price,value,2026-07-25T10:50:28Z
2026-07-25T10:47:05Z,2026-07-25T12:47:05+0200,8f98f9ca-4a78-47a6-8878-9b0cbde920eb,2026-07-20T14:45:00Z,2026-07-20T16:45:00+0200,54.4,EUR/MWh,DK2,DK_2,day_ahead_price,value,2026-07-25T10:50:28Z
2026-07-25T10:47:05Z,2026-07-25T12:47:05+0200,8f98f9ca-4a78-47a6-8878-9b0cbde920eb,2026-07-20T15:00:00Z,2026-07-20T17:00:00+0200,26.78,EUR/MWh,DK2,DK_2,day_ahead_price,value,2026-07-25T10:50:28Z
2026-07-25T10:47:05Z,2026-07-25T12:47:05+0200,8f98f9ca-4a78-47a6-8878-9b0cbde920eb,2026-07-20T15:15:00Z,2026-07-20T17:15:00+0200,82.38,EUR/MWh,DK2,DK_2,day_ahead_price,value,2026-07-25T10:50:28Z
2026-07-25T10:47:05Z,2026-07-25T12:47:05+0200,8f98f9ca-4a78-47a6-8878-9b0cbde920eb,2026-07-20T15:30:00Z,2026-07-20T17:30:00+0200,93.29,EUR/MWh,DK2,DK_2,day_ahead_price,value,2026-07-25T10:50:28Z
2026-07-25T10:47:05Z,2026-07-25T12:47:05+0200,8f98f9ca-4a78-47a6-8878-9b0cbde920eb,2026-07-20T15:45:00Z,2026-07-20T17:45:00+0200,110.05,EUR/MWh,DK2,DK_2,day_ahead_price,value,2026-07-25T10:50:28Z
2026-07-25T10:47:05Z,2026-07-25T12:47:05+0200,8f98f9ca-4a78-47a6-8878-9b0cbde920eb,2026-07-20T16:00:00Z,2026-07-20T18:00:00+0200,98.04,EUR/MWh,DK2,DK_2,day_ahead_price,value,2026-07-25T10:50:28Z
2026-07-25T10:47:05Z,2026-07-25T12:47:05+0200,8f98f9ca-4a78-47a6-8878-9b0cbde920eb,2026-07-20T16:15:00Z,2026-07-20T18:15:00+0200,109.75,EUR/MWh,DK2,DK_2,day_ahead_price,value,2026-07-25T10:50:28Z
2026-07-25T10:47:05Z,2026-07-25T12:47:05+0200,8f98f9ca-4a78-47a6-8878-9b0cbde920eb,2026-07-20T16:30:00Z,2026-07-20T18:30:00+0200,129.7,EUR/MWh,DK2,DK_2,day_ahead_price,value,2026-07-25T10:50:28Z
2026-07-25T10:47:05Z,2026-07-25T12:47:05+0200,8f98f9ca-4a78-47a6-8878-9b0cbde920eb,2026-07-20T16:45:00Z,2026-07-20T18:45:00+0200,145.04,EUR/MWh,DK2,DK_2,day_ahead_price,value,2026-07-25T10:50:28Z
2026-07-25T10:47:05Z,2026-07-25T12:47:05+0200,8f98f9ca-4a78-47a6-8878-9b0cbde920eb,2026-07-20T17:00:00Z,2026-07-20T19:00:00+0200,143.89,EUR/MWh,DK2,DK_2,day_ahead_price,value,2026-07-25T10:50:28Z
2026-07-25T10:47:05Z,2026-07-25T12:47:05+0200,8f98f9ca-4a78-47a6-8878-9b0cbde920eb,2026-07-20T17:15:00Z,2026-07-20T19:15:00+0200,153.93,EUR/MWh,DK2,DK_2,day_ahead_price,value,2026-07-25T10:50:28Z
2026-07-25T10:47:05Z,2026-07-25T12:47:05+0200,8f98f9ca-4a78-47a6-8878-9b0cbde920eb,2026-07-20T17:30:00Z,2026-07-20T19:30:00+0200,162.71,EUR/MWh,DK2,DK_2,day_ahead_price,value,2026-07-25T10:50:28Z
2026-07-25T10:47:05Z,2026-07-25T12:47:05+0200,8f98f9ca-4a78-47a6-8878-9b0cbde920eb,2026-07-20T17:45:00Z,2026-07-20T19:45:00+0200,178.0,EUR/MWh,DK2,DK_2,day_ahead_price,value,2026-07-25T10:50:28Z
2026-07-25T10:47:05Z,2026-07-25T12:47:05+0200,8f98f9ca-4a78-47a6-8878-9b0cbde920eb,2026-07-20T18:00:00Z,2026-07-20T20:00:00+0200,165.8,EUR/MWh,DK2,DK_2,day_ahead_price,value,2026-07-25T10:50:28Z
2026-07-25T10:47:05Z,2026-07-25T12:47:05+0200,8f98f9ca-4a78-47a6-8878-9b0cbde920eb,2026-07-20T18:15:00Z,2026-07-20T20:15:00+0200,171.66,EUR/MWh,DK2,DK_2,day_ahead_price,value,2026-07-25T10:50:28Z
2026-07-25T10:47:05Z,2026-07-25T12:47:05+0200,8f98f9ca-4a78-47a6-8878-9b0cbde920eb,2026-07-20T18:30:00Z,2026-07-20T20:30:00+0200,181.94,EUR/MWh,DK2,DK_2,day_ahead_price,value,2026-07-25T10:50:28Z
2026-07-25T10:47:05Z,2026-07-25T12:47:05+0200,8f98f9ca-4a78-47a6-8878-9b0cbde920eb,2026-07-20T18:45:00Z,2026-07-20T20:45:00+0200,194.77,EUR/MWh,DK2,DK_2,day_ahead_price,value,2026-07-25T10:50:28Z
2026-07-25T10:47:05Z,2026-07-25T12:47:05+0200,8f98f9ca-4a78-47a6-8878-9b0cbde920eb,2026-07-20T19:00:00Z,2026-07-20T21:00:00+0200,181.71,EUR/MWh,DK2,DK_2,day_ahead_price,value,2026-07-25T10:50:28Z
2026-07-25T10:47:05Z,2026-07-25T12:47:05+0200,8f98f9ca-4a78-47a6-8878-9b0cbde920eb,2026-07-20T19:15:00Z,2026-07-20T21:15:00+0200,180.48,EUR/MWh,DK2,DK_2,day_ahead_price,value,2026-07-25T10:50:28Z
2026-07-25T10:47:05Z,2026-07-25T12:47:05+0200,8f98f9ca-4a78-47a6-8878-9b0cbde920eb,2026-07-20T19:30:00Z,2026-07-20T21:30:00+0200,179.92,EUR/MWh,DK2,DK_2,day_ahead_price,value,2026-07-25T10:50:28Z
2026-07-25T10:47:05Z,2026-07-25T12:47:05+0200,8f98f9ca-4a78-47a6-8878-9b0cbde920eb,2026-07-20T19:45:00Z,2026-07-20T21:45:00+0200,178.01,EUR/MWh,DK2,DK_2,day_ahead_price,value,2026-07-25T10:50:28Z
2026-07-25T10:47:05Z,2026-07-25T12:47:05+0200,8f98f9ca-4a78-47a6-8878-9b0cbde920eb,2026-07-20T20:00:00Z,2026-07-20T22:00:00+0200,186.35,EUR/MWh,DK2,DK_2,day_ahead_price,value,2026-07-25T10:50:28Z
2026-07-25T10:47:05Z,2026-07-25T12:47:05+0200,8f98f9ca-4a78-47a6-8878-9b0cbde920eb,2026-07-20T20:15:00Z,2026-07-20T22:15:00+0200,175.99,EUR/MWh,DK2,DK_2,day_ahead_price,value,2026-07-25T10:50:28Z
2026-07-25T10:47:05Z,2026-07-25T12:47:05+0200,8f98f9ca-4a78-47a6-8878-9b0cbde920eb,2026-07-20T20:30:00Z,2026-07-20T22:30:00+0200,171.95,EUR/MWh,DK2,DK_2,day_ahead_price,value,2026-07-25T10:50:28Z
2026-07-25T10:47:05Z,2026-07-25T12:47:05+0200,8f98f9ca-4a78-47a6-8878-9b0cbde920eb,2026-07-20T20:45:00Z,2026-07-20T22:45:00+0200,165.01,EUR/MWh,DK2,DK_2,day_ahead_price,value,2026-07-25T10:50:28Z
2026-07-25T10:47:05Z,2026-07-25T12:47:05+0200,8f98f9ca-4a78-47a6-8878-9b0cbde920eb,2026-07-20T21:00:00Z,2026-07-20T23:00:00+0200,167.92,EUR/MWh,DK2,DK_2,day_ahead_price,value,2026-07-25T10:50:28Z
2026-07-25T10:47:05Z,2026-07-25T12:47:05+0200,8f98f9ca-4a78-47a6-8878-9b0cbde920eb,2026-07-20T21:15:00Z,2026-07-20T23:15:00+0200,161.55,EUR/MWh,DK2,DK_2,day_ahead_price,value,2026-07-25T10:50:28Z
2026-07-25T10:47:05Z,2026-07-25T12:47:05+0200,8f98f9ca-4a78-47a6-8878-9b0cbde920eb,2026-07-20T21:30:00Z,2026-07-20T23:30:00+0200,157.46,EUR/MWh,DK2,DK_2,day_ahead_price,value,2026-07-25T10:50:28Z
2026-07-25T10:47:05Z,2026-07-25T12:47:05+0200,8f98f9ca-4a78-47a6-8878-9b0cbde920eb,2026-07-20T21:45:00Z,2026-07-20T23:45:00+0200,148.63,EUR/MWh,DK2,DK_2,day_ahead_price,value,2026-07-25T10:50:28Z
2026-07-25T10:47:05Z,2026-07-25T12:47:05+0200,8f98f9ca-4a78-47a6-8878-9b0cbde920eb,2026-07-20T22:00:00Z,2026-07-21T00:00:00+0200,150.42,EUR/MWh,DK2,DK_2,day_ahead_price,value,2026-07-25T10:50:28Z
2026-07-25T10:47:05Z,2026-07-25T12:47:05+0200,8f98f9ca-4a78-47a6-8878-9b0cbde920eb,2026-07-20T22:15:00Z,2026-07-21T00:15:00+0200,148.369995,EUR/MWh,DK2,DK_2,day_ahead_price,value,2026-07-25T10:50:28Z
2026-07-25T10:47:05Z,2026-07-25T12:47:05+0200,8f98f9ca-4a78-47a6-8878-9b0cbde920eb,2026-07-20T22:30:00Z,2026-07-21T00:30:00+0200,144.880005,EUR/MWh,DK2,DK_2,day_ahead_price,value,2026-07-25T10:50:28Z
2026-07-25T10:47:05Z,2026-07-25T12:47:05+0200,8f98f9ca-4a78-47a6-8878-9b0cbde920eb,2026-07-20T22:45:00Z,2026-07-21T00:45:00+0200,143.619995,EUR/MWh,DK2,DK_2,day_ahead_price,value,2026-07-25T10:50:28Z
2026-07-25T10:47:05Z,2026-07-25T12:47:05+0200,8f98f9ca-4a78-47a6-8878-9b0cbde920eb,2026-07-20T23:00:00Z,2026-07-21T01:00:00+0200,150.889999,EUR/MWh,DK2,DK_2,day_ahead_price,value,2026-07-25T10:50:28Z
2026-07-25T10:47:05Z,2026-07-25T12:47:05+0200,8f98f9ca-4a78-47a6-8878-9b0cbde920eb,2026-07-20T23:15:00Z,2026-07-21T01:15:00+0200,149.64,EUR/MWh,DK2,DK_2,day_ahead_price,value,2026-07-25T10:50:28Z
2026-07-25T10:47:05Z,2026-07-25T12:47:05+0200,8f98f9ca-4a78-47a6-8878-9b0cbde920eb,2026-07-20T23:30:00Z,2026-07-21T01:30:00+0200,147.82,EUR/MWh,DK2,DK_2,day_ahead_price,value,2026-07-25T10:50:28Z
2026-07-25T10:47:05Z,2026-07-25T12:47:05+0200,8f98f9ca-4a78-47a6-8878-9b0cbde920eb,2026-07-20T23:45:00Z,2026-07-21T01:45:00+0200,144.97,EUR/MWh,DK2,DK_2,day_ahead_price,value,2026-07-25T10:50:28Z
2026-07-25T10:47:05Z,2026-07-25T12:47:05+0200,8f98f9ca-4a78-47a6-8878-9b0cbde920eb,2026-07-21T00:00:00Z,2026-07-21T02:00:00+0200,145.04,EUR/MWh,DK2,DK_2,day_ahead_price,value,2026-07-25T10:50:28Z
2026-07-25T10:47:05Z,2026-07-25T12:47:05+0200,8f98f9ca-4a78-47a6-8878-9b0cbde920eb,2026-07-21T00:15:00Z,2026-07-21T02:15:00+0200,142.26,EUR/MWh,DK2,DK_2,day_ahead_price,value,2026-07-25T10:50:28Z
2026-07-25T10:47:05Z,2026-07-25T12:47:05+0200,8f98f9ca-4a78-47a6-8878-9b0cbde920eb,2026-07-21T00:30:00Z,2026-07-21T02:30:00+0200,141.01,EUR/MWh,DK2,DK_2,day_ahead_price,value,2026-07-25T10:50:28Z
2026-07-25T10:47:05Z,2026-07-25T12:47:05+0200,8f98f9ca-4a78-47a6-8878-9b0cbde920eb,2026-07-21T00:45:00Z,2026-07-21T02:45:00+0200,138.68,EUR/MWh,DK2,DK_2,day_ahead_price,value,2026-07-25T10:50:28Z
2026-07-25T10:47:05Z,2026-07-25T12:47:05+0200,8f98f9ca-4a78-47a6-8878-9b0cbde920eb,2026-07-21T01:00:00Z,2026-07-21T03:00:00+0200,139.25,EUR/MWh,DK2,DK_2,day_ahead_price,value,2026-07-25T10:50:28Z
2026-07-25T10:47:05Z,2026-07-25T12:47:05+0200,8f98f9ca-4a78-47a6-8878-9b0cbde920eb,2026-07-21T01:15:00Z,2026-07-21T03:15:00+0200,137.039993,EUR/MWh,DK2,DK_2,day_ahead_price,value,2026-07-25T10:50:28Z
2026-07-25T10:47:05Z,2026-07-25T12:47:05+0200,8f98f9ca-4a78-47a6-8878-9b0cbde920eb,2026-07-21T01:30:00Z,2026-07-21T03:30:00+0200,137.08,EUR/MWh,DK2,DK_2,day_ahead_price,value,2026-07-25T10:50:28Z
2026-07-25T10:47:05Z,2026-07-25T12:47:05+0200,8f98f9ca-4a78-47a6-8878-9b0cbde920eb,2026-07-21T01:45:00Z,2026-07-21T03:45:00+0200,137.789993,EUR/MWh,DK2,DK_2,day_ahead_price,value,2026-07-25T10:50:28Z
2026-07-25T10:47:05Z,2026-07-25T12:47:05+0200,8f98f9ca-4a78-47a6-8878-9b0cbde920eb,2026-07-21T02:00:00Z,2026-07-21T04:00:00+0200,135.029999,EUR/MWh,DK2,DK_2,day_ahead_price,value,2026-07-25T10:50:28Z
2026-07-25T10:47:05Z,2026-07-25T12:47:05+0200,8f98f9ca-4a78-47a6-8878-9b0cbde920eb,2026-07-21T02:15:00Z,2026-07-21T04:15:00+0200,136.62,EUR/MWh,DK2,DK_2,day_ahead_price,value,2026-07-25T10:50:28Z
2026-07-25T10:47:05Z,2026-07-25T12:47:05+0200,8f98f9ca-4a78-47a6-8878-9b0cbde920eb,2026-07-21T02:30:00Z,2026-07-21T04:30:00+0200,139.53,EUR/MWh,DK2,DK_2,day_ahead_price,value,2026-07-25T10:50:28Z
2026-07-25T10:47:05Z,2026-07-25T12:47:05+0200,8f98f9ca-4a78-47a6-8878-9b0cbde920eb,2026-07-21T02:45:00Z,2026-07-21T04:45:00+0200,142.39,EUR/MWh,DK2,DK_2,day_ahead_price,value,2026-07-25T10:50:28Z
2026-07-25T10:47:05Z,2026-07-25T12:47:05+0200,8f98f9ca-4a78-47a6-8878-9b0cbde920eb,2026-07-21T03:00:00Z,2026-07-21T05:00:00+0200,137.979996,EUR/MWh,DK2,DK_2,day_ahead_price,value,2026-07-25T10:50:28Z
2026-07-25T10:47:05Z,2026-07-25T12:47:05+0200,8f98f9ca-4a78-47a6-8878-9b0cbde920eb,2026-07-21T03:15:00Z,2026-07-21T05:15:00+0200,140.880005,EUR/MWh,DK2,DK_2,day_ahead_price,value,2026-07-25T10:50:28Z
2026-07-25T10:47:05Z,2026-07-25T12:47:05+0200,8f98f9ca-4a78-47a6-8878-9b0cbde920eb,2026-07-21T03:30:00Z,2026-07-21T05:30:00+0200,145.509995,EUR/MWh,DK2,DK_2,day_ahead_price,value,2026-07-25T10:50:28Z
2026-07-25T10:47:05Z,2026-07-25T12:47:05+0200,8f98f9ca-4a78-47a6-8878-9b0cbde920eb,2026-07-21T03:45:00Z,2026-07-21T05:45:00+0200,147.990005,EUR/MWh,DK2,DK_2,day_ahead_price,value,2026-07-25T10:50:28Z
2026-07-25T10:47:05Z,2026-07-25T12:47:05+0200,8f98f9ca-4a78-47a6-8878-9b0cbde920eb,2026-07-21T04:00:00Z,2026-07-21T06:00:00+0200,154.929993,EUR/MWh,DK2,DK_2,day_ahead_price,value,2026-07-25T10:50:28Z
2026-07-25T10:47:05Z,2026-07-25T12:47:05+0200,8f98f9ca-4a78-47a6-8878-9b0cbde920eb,2026-07-21T04:15:00Z,2026-07-21T06:15:00+0200,158.16,EUR/MWh,DK2,DK_2,day_ahead_price,value,2026-07-25T10:50:28Z
2026-07-25T10:47:05Z,2026-07-25T12:47:05+0200,8f98f9ca-4a78-47a6-8878-9b0cbde920eb,2026-07-21T04:30:00Z,2026-07-21T06:30:00+0200,159.57,EUR/MWh,DK2,DK_2,day_ahead_price,value,2026-07-25T10:50:28Z
2026-07-25T10:47:05Z,2026-07-25T12:47:05+0200,8f98f9ca-4a78-47a6-8878-9b0cbde920eb,2026-07-21T04:45:00Z,2026-07-21T06:45:00+0200,156.37,EUR/MWh,DK2,DK_2,day_ahead_price,value,2026-07-25T10:50:28Z
2026-07-25T10:47:05Z,2026-07-25T12:47:05+0200,8f98f9ca-4a78-47a6-8878-9b0cbde920eb,2026-07-21T05:00:00Z,2026-07-21T07:00:00+0200,167.0,EUR/MWh,DK2,DK_2,day_ahead_price,value,2026-07-25T10:50:28Z
2026-07-25T10:47:05Z,2026-07-25T12:47:05+0200,8f98f9ca-4a78-47a6-8878-9b0cbde920eb,2026-07-21T05:15:00Z,2026-07-21T07:15:00+0200,159.35,EUR/MWh,DK2,DK_2,day_ahead_price,value,2026-07-25T10:50:28Z
2026-07-25T10:47:05Z,2026-07-25T12:47:05+0200,8f98f9ca-4a78-47a6-8878-9b0cbde920eb,2026-07-21T05:30:00Z,2026-07-21T07:30:00+0200,152.26,EUR/MWh,DK2,DK_2,day_ahead_price,value,2026-07-25T10:50:28Z
2026-07-25T10:47:05Z,2026-07-25T12:47:05+0200,8f98f9ca-4a78-47a6-8878-9b0cbde920eb,2026-07-21T05:45:00Z,2026-07-21T07:45:00+0200,136.35,EUR/MWh,DK2,DK_2,day_ahead_price,value,2026-07-25T10:50:28Z
2026-07-25T10:47:05Z,2026-07-25T12:47:05+0200,8f98f9ca-4a78-47a6-8878-9b0cbde920eb,2026-07-21T06:00:00Z,2026-07-21T08:00:00+0200,161.820007,EUR/MWh,DK2,DK_2,day_ahead_price,value,2026-07-25T10:50:28Z
2026-07-25T10:47:05Z,2026-07-25T12:47:05+0200,8f98f9ca-4a78-47a6-8878-9b0cbde920eb,2026-07-21T06:15:00Z,2026-07-21T08:15:00+0200,146.440002,EUR/MWh,DK2,DK_2,day_ahead_price,value,2026-07-25T10:50:28Z
2026-07-25T10:47:05Z,2026-07-25T12:47:05+0200,8f98f9ca-4a78-47a6-8878-9b0cbde920eb,2026-07-21T06:30:00Z,2026-07-21T08:30:00+0200,141.389999,EUR/MWh,DK2,DK_2,day_ahead_price,value,2026-07-25T10:50:28Z
2026-07-25T10:47:05Z,2026-07-25T12:47:05+0200,8f98f9ca-4a78-47a6-8878-9b0cbde920eb,2026-07-21T06:45:00Z,2026-07-21T08:45:00+0200,125.580002,EUR/MWh,DK2,DK_2,day_ahead_price,value,2026-07-25T10:50:28Z
2026-07-25T10:47:05Z,2026-07-25T12:47:05+0200,8f98f9ca-4a78-47a6-8878-9b0cbde920eb,2026-07-21T07:00:00Z,2026-07-21T09:00:00+0200,150.259995,EUR/MWh,DK2,DK_2,day_ahead_price,value,2026-07-25T10:50:28Z
2026-07-25T10:47:05Z,2026-07-25T12:47:05+0200,8f98f9ca-4a78-47a6-8878-9b0cbde920eb,2026-07-21T07:15:00Z,2026-07-21T09:15:00+0200,122.37,EUR/MWh,DK2,DK_2,day_ahead_price,value,2026-07-25T10:50:28Z
2026-07-25T10:47:05Z,2026-07-25T12:47:05+0200,8f98f9ca-4a78-47a6-8878-9b0cbde920eb,2026-07-21T07:30:00Z,2026-07-21T09:30:00+0200,107.68,EUR/MWh,DK2,DK_2,day_ahead_price,value,2026-07-25T10:50:28Z
2026-07-25T10:47:05Z,2026-07-25T12:47:05+0200,8f98f9ca-4a78-47a6-8878-9b0cbde920eb,2026-07-21T07:45:00Z,2026-07-21T09:45:00+0200,79.2,EUR/MWh,DK2,DK_2,day_ahead_price,value,2026-07-25T10:50:28Z
2026-07-25T10:47:05Z,2026-07-25T12:47:05+0200,8f98f9ca-4a78-47a6-8878-9b0cbde920eb,2026-07-21T08:00:00Z,2026-07-21T10:00:00+0200,101.1,EUR/MWh,DK2,DK_2,day_ahead_price,value,2026-07-25T10:50:28Z
2026-07-25T10:47:05Z,2026-07-25T12:47:05+0200,8f98f9ca-4a78-47a6-8878-9b0cbde920eb,2026-07-21T08:15:00Z,2026-07-21T10:15:00+0200,85.92,EUR/MWh,DK2,DK_2,day_ahead_price,value,2026-07-25T10:50:28Z
2026-07-25T10:47:05Z,2026-07-25T12:47:05+0200,8f98f9ca-4a78-47a6-8878-9b0cbde920eb,2026-07-21T08:30:00Z,2026-07-21T10:30:00+0200,78.84,EUR/MWh,DK2,DK_2,day_ahead_price,value,2026-07-25T10:50:28Z
2026-07-25T10:47:05Z,2026-07-25T12:47:05+0200,8f98f9ca-4a78-47a6-8878-9b0cbde920eb,2026-07-21T08:45:00Z,2026-07-21T10:45:00+0200,65.309998,EUR/MWh,DK2,DK_2,day_ahead_price,value,2026-07-25T10:50:28Z
2026-07-25T10:47:05Z,2026-07-25T12:47:05+0200,8f98f9ca-4a78-47a6-8878-9b0cbde920eb,2026-07-21T09:00:00Z,2026-07-21T11:00:00+0200,64.239998,EUR/MWh,DK2,DK_2,day_ahead_price,value,2026-07-25T10:50:28Z
2026-07-25T10:47:05Z,2026-07-25T12:47:05+0200,8f98f9ca-4a78-47a6-8878-9b0cbde920eb,2026-07-21T09:15:00Z,2026-07-21T11:15:00+0200,58.03,EUR/MWh,DK2,DK_2,day_ahead_price,value,2026-07-25T10:50:28Z
2026-07-25T10:47:05Z,2026-07-25T12:47:05+0200,8f98f9ca-4a78-47a6-8878-9b0cbde920eb,2026-07-21T09:30:00Z,2026-07-21T11:30:00+0200,39.009998,EUR/MWh,DK2,DK_2,day_ahead_price,value,2026-07-25T10:50:28Z
2026-07-25T10:47:05Z,2026-07-25T12:47:05+0200,8f98f9ca-4a78-47a6-8878-9b0cbde920eb,2026-07-21T09:45:00Z,2026-07-21T11:45:00+0200,16.34,EUR/MWh,DK2,DK_2,day_ahead_price,value,2026-07-25T10:50:28Z
2026-07-25T10:47:05Z,2026-07-25T12:47:05+0200,8f98f9ca-4a78-47a6-8878-9b0cbde920eb,2026-07-21T10:00:00Z,2026-07-21T12:00:00+0200,23.15,EUR/MWh,DK2,DK_2,day_ahead_price,value,2026-07-25T10:50:28Z
2026-07-25T10:47:05Z,2026-07-25T12:47:05+0200,8f98f9ca-4a78-47a6-8878-9b0cbde920eb,2026-07-21T10:15:00Z,2026-07-21T12:15:00+0200,16.690001,EUR/MWh,DK2,DK_2,day_ahead_price,value,2026-07-25T10:50:28Z
2026-07-25T10:47:05Z,2026-07-25T12:47:05+0200,8f98f9ca-4a78-47a6-8878-9b0cbde920eb,2026-07-21T10:30:00Z,2026-07-21T12:30:00+0200,15.54,EUR/MWh,DK2,DK_2,day_ahead_price,value,2026-07-25T10:50:28Z
2026-07-25T10:47:05Z,2026-07-25T12:47:05+0200,8f98f9ca-4a78-47a6-8878-9b0cbde920eb,2026-07-21T10:45:00Z,2026-07-21T12:45:00+0200,14.72,EUR/MWh,DK2,DK_2,day_ahead_price,value,2026-07-25T10:50:28Z
2026-07-25T10:47:05Z,2026-07-25T12:47:05+0200,8f98f9ca-4a78-47a6-8878-9b0cbde920eb,2026-07-21T11:00:00Z,2026-07-21T13:00:00+0200,12.67,EUR/MWh,DK2,DK_2,day_ahead_price,value,2026-07-25T10:50:28Z
2026-07-25T10:47:05Z,2026-07-25T12:47:05+0200,8f98f9ca-4a78-47a6-8878-9b0cbde920eb,2026-07-21T11:15:00Z,2026-07-21T13:15:00+0200,11.35,EUR/MWh,DK2,DK_2,day_ahead_price,value,2026-07-25T10:50:28Z
2026-07-25T10:47:05Z,2026-07-25T12:47:05+0200,8f98f9ca-4a78-47a6-8878-9b0cbde920eb,2026-07-21T11:30:00Z,2026-07-21T13:30:00+0200,11.9,EUR/MWh,DK2,DK_2,day_ahead_price,value,2026-07-25T10:50:28Z
2026-07-25T10:47:05Z,2026-07-25T12:47:05+0200,8f98f9ca-4a78-47a6-8878-9b0cbde920eb,2026-07-21T11:45:00Z,2026-07-21T13:45:00+0200,11.0,EUR/MWh,DK2,DK_2,day_ahead_price,value,2026-07-25T10:50:28Z
2026-07-25T10:47:05Z,2026-07-25T12:47:05+0200,8f98f9ca-4a78-47a6-8878-9b0cbde920eb,2026-07-21T12:00:00Z,2026-07-21T14:00:00+0200,9.51,EUR/MWh,DK2,DK_2,day_ahead_price,value,2026-07-25T10:50:28Z
2026-07-25T10:47:05Z,2026-07-25T12:47:05+0200,8f98f9ca-4a78-47a6-8878-9b0cbde920eb,2026-07-21T12:15:00Z,2026-07-21T14:15:00+0200,10.0,EUR/MWh,DK2,DK_2,day_ahead_price,value,2026-07-25T10:50:28Z
2026-07-25T10:47:05Z,2026-07-25T12:47:05+0200,8f98f9ca-4a78-47a6-8878-9b0cbde920eb,2026-07-21T12:30:00Z,2026-07-21T14:30:00+0200,10.79,EUR/MWh,DK2,DK_2,day_ahead_price,value,2026-07-25T10:50:28Z
2026-07-25T10:47:05Z,2026-07-25T12:47:05+0200,8f98f9ca-4a78-47a6-8878-9b0cbde920eb,2026-07-21T12:45:00Z,2026-07-21T14:45:00+0200,13.12,EUR/MWh,DK2,DK_2,day_ahead_price,value,2026-07-25T10:50:28Z
2026-07-25T10:47:05Z,2026-07-25T12:47:05+0200,8f98f9ca-4a78-47a6-8878-9b0cbde920eb,2026-07-21T13:00:00Z,2026-07-21T15:00:00+0200,9.8,EUR/MWh,DK2,DK_2,day_ahead_price,value,2026-07-25T10:50:28Z
2026-07-25T10:47:05Z,2026-07-25T12:47:05+0200,8f98f9ca-4a78-47a6-8878-9b0cbde920eb,2026-07-21T13:15:00Z,2026-07-21T15:15:00+0200,12.73,EUR/MWh,DK2,DK_2,day_ahead_price,value,2026-07-25T10:50:28Z
2026-07-25T10:47:05Z,2026-07-25T12:47:05+0200,8f98f9ca-4a78-47a6-8878-9b0cbde920eb,2026-07-21T13:30:00Z,2026-07-21T15:30:00+0200,17.77,EUR/MWh,DK2,DK_2,day_ahead_price,value,2026-07-25T10:50:28Z
2026-07-25T10:47:05Z,2026-07-25T12:47:05+0200,8f98f9ca-4a78-47a6-8878-9b0cbde920eb,2026-07-21T13:45:00Z,2026-07-21T15:45:00+0200,34.349998,EUR/MWh,DK2,DK_2,day_ahead_price,value,2026-07-25T10:50:28Z
2026-07-25T10:47:05Z,2026-07-25T12:47:05+0200,8f98f9ca-4a78-47a6-8878-9b0cbde920eb,2026-07-21T14:00:00Z,2026-07-21T16:00:00+0200,30.200001,EUR/MWh,DK2,DK_2,day_ahead_price,value,2026-07-25T10:50:28Z
2026-07-25T10:47:05Z,2026-07-25T12:47:05+0200,8f98f9ca-4a78-47a6-8878-9b0cbde920eb,2026-07-21T14:15:00Z,2026-07-21T16:15:00+0200,63.29,EUR/MWh,DK2,DK_2,day_ahead_price,value,2026-07-25T10:50:28Z
2026-07-25T10:47:05Z,2026-07-25T12:47:05+0200,8f98f9ca-4a78-47a6-8878-9b0cbde920eb,2026-07-21T14:30:00Z,2026-07-21T16:30:00+0200,70.34,EUR/MWh,DK2,DK_2,day_ahead_price,value,2026-07-25T10:50:28Z
2026-07-25T10:47:05Z,2026-07-25T12:47:05+0200,8f98f9ca-4a78-47a6-8878-9b0cbde920eb,2026-07-21T14:45:00Z,2026-07-21T16:45:00+0200,81.63,EUR/MWh,DK2,DK_2,day_ahead_price,value,2026-07-25T10:50:28Z
2026-07-25T10:47:05Z,2026-07-25T12:47:05+0200,8f98f9ca-4a78-47a6-8878-9b0cbde920eb,2026-07-21T15:00:00Z,2026-07-21T17:00:00+0200,77.22,EUR/MWh,DK2,DK_2,day_ahead_price,value,2026-07-25T10:50:28Z
2026-07-25T10:47:05Z,2026-07-25T12:47:05+0200,8f98f9ca-4a78-47a6-8878-9b0cbde920eb,2026-07-21T15:15:00Z,2026-07-21T17:15:00+0200,94.2,EUR/MWh,DK2,DK_2,day_ahead_price,value,2026-07-25T10:50:28Z
2026-07-25T10:47:05Z,2026-07-25T12:47:05+0200,8f98f9ca-4a78-47a6-8878-9b0cbde920eb,2026-07-21T15:30:00Z,2026-07-21T17:30:00+0200,114.82,EUR/MWh,DK2,DK_2,day_ahead_price,value,2026-07-25T10:50:28Z
2026-07-25T10:47:05Z,2026-07-25T12:47:05+0200,8f98f9ca-4a78-47a6-8878-9b0cbde920eb,2026-07-21T15:45:00Z,2026-07-21T17:45:00+0200,125.59,EUR/MWh,DK2,DK_2,day_ahead_price,value,2026-07-25T10:50:28Z
2026-07-25T10:47:05Z,2026-07-25T12:47:05+0200,8f98f9ca-4a78-47a6-8878-9b0cbde920eb,2026-07-21T16:00:00Z,2026-07-21T18:00:00+0200,119.33,EUR/MWh,DK2,DK_2,day_ahead_price,value,2026-07-25T10:50:28Z
2026-07-25T10:47:05Z,2026-07-25T12:47:05+0200,8f98f9ca-4a78-47a6-8878-9b0cbde920eb,2026-07-21T16:15:00Z,2026-07-21T18:15:00+0200,131.309998,EUR/MWh,DK2,DK_2,day_ahead_price,value,2026-07-25T10:50:28Z
2026-07-25T10:47:05Z,2026-07-25T12:47:05+0200,8f98f9ca-4a78-47a6-8878-9b0cbde920eb,2026-07-21T16:30:00Z,2026-07-21T18:30:00+0200,143.960007,EUR/MWh,DK2,DK_2,day_ahead_price,value,2026-07-25T10:50:28Z
2026-07-25T10:47:05Z,2026-07-25T12:47:05+0200,8f98f9ca-4a78-47a6-8878-9b0cbde920eb,2026-07-21T16:45:00Z,2026-07-21T18:45:00+0200,151.729996,EUR/MWh,DK2,DK_2,day_ahead_price,value,2026-07-25T10:50:28Z
2026-07-25T10:47:05Z,2026-07-25T12:47:05+0200,8f98f9ca-4a78-47a6-8878-9b0cbde920eb,2026-07-21T17:00:00Z,2026-07-21T19:00:00+0200,146.800003,EUR/MWh,DK2,DK_2,day_ahead_price,value,2026-07-25T10:50:28Z
2026-07-25T10:47:05Z,2026-07-25T12:47:05+0200,8f98f9ca-4a78-47a6-8878-9b0cbde920eb,2026-07-21T17:15:00Z,2026-07-21T19:15:00+0200,152.199997,EUR/MWh,DK2,DK_2,day_ahead_price,value,2026-07-25T10:50:28Z
2026-07-25T10:47:05Z,2026-07-25T12:47:05+0200,8f98f9ca-4a78-47a6-8878-9b0cbde920eb,2026-07-21T17:30:00Z,2026-07-21T19:30:00+0200,159.74,EUR/MWh,DK2,DK_2,day_ahead_price,value,2026-07-25T10:50:28Z
2026-07-25T10:47:05Z,2026-07-25T12:47:05+0200,8f98f9ca-4a78-47a6-8878-9b0cbde920eb,2026-07-21T17:45:00Z,2026-07-21T19:45:00+0200,164.47,EUR/MWh,DK2,DK_2,day_ahead_price,value,2026-07-25T10:50:28Z
2026-07-25T10:47:05Z,2026-07-25T12:47:05+0200,8f98f9ca-4a78-47a6-8878-9b0cbde920eb,2026-07-21T18:00:00Z,2026-07-21T20:00:00+0200,163.8,EUR/MWh,DK2,DK_2,day_ahead_price,value,2026-07-25T10:50:28Z
2026-07-25T10:47:05Z,2026-07-25T12:47:05+0200,8f98f9ca-4a78-47a6-8878-9b0cbde920eb,2026-07-21T18:15:00Z,2026-07-21T20:15:00+0200,171.19,EUR/MWh,DK2,DK_2,day_ahead_price,value,2026-07-25T10:50:28Z
2026-07-25T10:47:05Z,2026-07-25T12:47:05+0200,8f98f9ca-4a78-47a6-8878-9b0cbde920eb,2026-07-21T18:30:00Z,2026-07-21T20:30:00+0200,174.419998,EUR/MWh,DK2,DK_2,day_ahead_price,value,2026-07-25T10:50:28Z
2026-07-25T10:47:05Z,2026-07-25T12:47:05+0200,8f98f9ca-4a78-47a6-8878-9b0cbde920eb,2026-07-21T18:45:00Z,2026-07-21T20:45:00+0200,174.81,EUR/MWh,DK2,DK_2,day_ahead_price,value,2026-07-25T10:50:28Z
2026-07-25T10:47:05Z,2026-07-25T12:47:05+0200,8f98f9ca-4a78-47a6-8878-9b0cbde920eb,2026-07-21T19:00:00Z,2026-07-21T21:00:00+0200,177.259995,EUR/MWh,DK2,DK_2,day_ahead_price,value,2026-07-25T10:50:28Z
2026-07-25T10:47:05Z,2026-07-25T12:47:05+0200,8f98f9ca-4a78-47a6-8878-9b0cbde920eb,2026-07-21T19:15:00Z,2026-07-21T21:15:00+0200,176.63,EUR/MWh,DK2,DK_2,day_ahead_price,value,2026-07-25T10:50:28Z
2026-07-25T10:47:05Z,2026-07-25T12:47:05+0200,8f98f9ca-4a78-47a6-8878-9b0cbde920eb,2026-07-21T19:30:00Z,2026-07-21T21:30:00+0200,171.820007,EUR/MWh,DK2,DK_2,day_ahead_price,value,2026-07-25T10:50:28Z
2026-07-25T10:47:05Z,2026-07-25T12:47:05+0200,8f98f9ca-4a78-47a6-8878-9b0cbde920eb,2026-07-21T19:45:00Z,2026-07-21T21:45:00+0200,164.6,EUR/MWh,DK2,DK_2,day_ahead_price,value,2026-07-25T10:50:28Z
2026-07-25T10:47:05Z,2026-07-25T12:47:05+0200,8f98f9ca-4a78-47a6-8878-9b0cbde920eb,2026-07-21T20:00:00Z,2026-07-21T22:00:00+0200,175.350006,EUR/MWh,DK2,DK_2,day_ahead_price,value,2026-07-25T10:50:28Z
2026-07-25T10:47:05Z,2026-07-25T12:47:05+0200,8f98f9ca-4a78-47a6-8878-9b0cbde920eb,2026-07-21T20:15:00Z,2026-07-21T22:15:00+0200,163.059998,EUR/MWh,DK2,DK_2,day_ahead_price,value,2026-07-25T10:50:28Z
2026-07-25T10:47:05Z,2026-07-25T12:47:05+0200,8f98f9ca-4a78-47a6-8878-9b0cbde920eb,2026-07-21T20:30:00Z,2026-07-21T22:30:00+0200,160.98,EUR/MWh,DK2,DK_2,day_ahead_price,value,2026-07-25T10:50:28Z
2026-07-25T10:47:05Z,2026-07-25T12:47:05+0200,8f98f9ca-4a78-47a6-8878-9b0cbde920eb,2026-07-21T20:45:00Z,2026-07-21T22:45:00+0200,157.77,EUR/MWh,DK2,DK_2,day_ahead_price,value,2026-07-25T10:50:28Z
2026-07-25T10:47:05Z,2026-07-25T12:47:05+0200,8f98f9ca-4a78-47a6-8878-9b0cbde920eb,2026-07-21T21:00:00Z,2026-07-21T23:00:00+0200,155.460007,EUR/MWh,DK2,DK_2,day_ahead_price,value,2026-07-25T10:50:28Z
2026-07-25T10:47:05Z,2026-07-25T12:47:05+0200,8f98f9ca-4a78-47a6-8878-9b0cbde920eb,2026-07-21T21:15:00Z,2026-07-21T23:15:00+0200,155.009995,EUR/MWh,DK2,DK_2,day_ahead_price,value,2026-07-25T10:50:28Z
2026-07-25T10:47:05Z,2026-07-25T12:47:05+0200,8f98f9ca-4a78-47a6-8878-9b0cbde920eb,2026-07-21T21:30:00Z,2026-07-21T23:30:00+0200,148.320007,EUR/MWh,DK2,DK_2,day_ahead_price,value,2026-07-25T10:50:28Z
2026-07-25T10:47:05Z,2026-07-25T12:47:05+0200,8f98f9ca-4a78-47a6-8878-9b0cbde920eb,2026-07-21T21:45:00Z,2026-07-21T23:45:00+0200,141.309998,EUR/MWh,DK2,DK_2,day_ahead_price,value,2026-07-25T10:50:28Z
2026-07-25T10:47:05Z,2026-07-25T12:47:05+0200,8f98f9ca-4a78-47a6-8878-9b0cbde920eb,2026-07-21T22:00:00Z,2026-07-22T00:00:00+0200,137.71,EUR/MWh,DK2,DK_2,day_ahead_price,value,2026-07-25T10:50:28Z
2026-07-25T10:47:05Z,2026-07-25T12:47:05+0200,8f98f9ca-4a78-47a6-8878-9b0cbde920eb,2026-07-21T22:15:00Z,2026-07-22T00:15:00+0200,135.550003,EUR/MWh,DK2,DK_2,day_ahead_price,value,2026-07-25T10:50:28Z
2026-07-25T10:47:05Z,2026-07-25T12:47:05+0200,8f98f9ca-4a78-47a6-8878-9b0cbde920eb,2026-07-21T22:30:00Z,2026-07-22T00:30:00+0200,134.05,EUR/MWh,DK2,DK_2,day_ahead_price,value,2026-07-25T10:50:28Z
2026-07-25T10:47:05Z,2026-07-25T12:47:05+0200,8f98f9ca-4a78-47a6-8878-9b0cbde920eb,2026-07-21T22:45:00Z,2026-07-22T00:45:00+0200,131.79,EUR/MWh,DK2,DK_2,day_ahead_price,value,2026-07-25T10:50:28Z
2026-07-25T10:47:05Z,2026-07-25T12:47:05+0200,8f98f9ca-4a78-47a6-8878-9b0cbde920eb,2026-07-21T23:00:00Z,2026-07-22T01:00:00+0200,127.42,EUR/MWh,DK2,DK_2,day_ahead_price,value,2026-07-25T10:50:28Z
2026-07-25T10:47:05Z,2026-07-25T12:47:05+0200,8f98f9ca-4a78-47a6-8878-9b0cbde920eb,2026-07-21T23:15:00Z,2026-07-22T01:15:00+0200,125.83,EUR/MWh,DK2,DK_2,day_ahead_price,value,2026-07-25T10:50:28Z
2026-07-25T10:47:05Z,2026-07-25T12:47:05+0200,8f98f9ca-4a78-47a6-8878-9b0cbde920eb,2026-07-21T23:30:00Z,2026-07-22T01:30:00+0200,125.53,EUR/MWh,DK2,DK_2,day_ahead_price,value,2026-07-25T10:50:28Z
2026-07-25T10:47:05Z,2026-07-25T12:47:05+0200,8f98f9ca-4a78-47a6-8878-9b0cbde920eb,2026-07-21T23:45:00Z,2026-07-22T01:45:00+0200,125.46,EUR/MWh,DK2,DK_2,day_ahead_price,value,2026-07-25T10:50:28Z
2026-07-25T10:47:05Z,2026-07-25T12:47:05+0200,8f98f9ca-4a78-47a6-8878-9b0cbde920eb,2026-07-22T00:00:00Z,2026-07-22T02:00:00+0200,125.4,EUR/MWh,DK2,DK_2,day_ahead_price,value,2026-07-25T10:50:28Z
2026-07-25T10:47:05Z,2026-07-25T12:47:05+0200,8f98f9ca-4a78-47a6-8878-9b0cbde920eb,2026-07-22T00:15:00Z,2026-07-22T02:15:00+0200,124.62,EUR/MWh,DK2,DK_2,day_ahead_price,value,2026-07-25T10:50:28Z
2026-07-25T10:47:05Z,2026-07-25T12:47:05+0200,8f98f9ca-4a78-47a6-8878-9b0cbde920eb,2026-07-22T00:30:00Z,2026-07-22T02:30:00+0200,125.410004,EUR/MWh,DK2,DK_2,day_ahead_price,value,2026-07-25T10:50:28Z
2026-07-25T10:47:05Z,2026-07-25T12:47:05+0200,8f98f9ca-4a78-47a6-8878-9b0cbde920eb,2026-07-22T00:45:00Z,2026-07-22T02:45:00+0200,125.4,EUR/MWh,DK2,DK_2,day_ahead_price,value,2026-07-25T10:50:28Z
2026-07-25T10:47:05Z,2026-07-25T12:47:05+0200,8f98f9ca-4a78-47a6-8878-9b0cbde920eb,2026-07-22T01:00:00Z,2026-07-22T03:00:00+0200,122.14,EUR/MWh,DK2,DK_2,day_ahead_price,value,2026-07-25T10:50:28Z
2026-07-25T10:47:05Z,2026-07-25T12:47:05+0200,8f98f9ca-4a78-47a6-8878-9b0cbde920eb,2026-07-22T01:15:00Z,2026-07-22T03:15:00+0200,122.010002,EUR/MWh,DK2,DK_2,day_ahead_price,value,2026-07-25T10:50:28Z
2026-07-25T10:47:05Z,2026-07-25T12:47:05+0200,8f98f9ca-4a78-47a6-8878-9b0cbde920eb,2026-07-22T01:30:00Z,2026-07-22T03:30:00+0200,121.879997,EUR/MWh,DK2,DK_2,day_ahead_price,value,2026-07-25T10:50:28Z
2026-07-25T10:47:05Z,2026-07-25T12:47:05+0200,8f98f9ca-4a78-47a6-8878-9b0cbde920eb,2026-07-22T01:45:00Z,2026-07-22T03:45:00+0200,117.89,EUR/MWh,DK2,DK_2,day_ahead_price,value,2026-07-25T10:50:28Z
2026-07-25T10:47:05Z,2026-07-25T12:47:05+0200,8f98f9ca-4a78-47a6-8878-9b0cbde920eb,2026-07-22T02:00:00Z,2026-07-22T04:00:00+0200,117.870003,EUR/MWh,DK2,DK_2,day_ahead_price,value,2026-07-25T10:50:28Z
2026-07-25T10:47:05Z,2026-07-25T12:47:05+0200,8f98f9ca-4a78-47a6-8878-9b0cbde920eb,2026-07-22T02:15:00Z,2026-07-22T04:15:00+0200,117.88,EUR/MWh,DK2,DK_2,day_ahead_price,value,2026-07-25T10:50:28Z
2026-07-25T10:47:05Z,2026-07-25T12:47:05+0200,8f98f9ca-4a78-47a6-8878-9b0cbde920eb,2026-07-22T02:30:00Z,2026-07-22T04:30:00+0200,117.87,EUR/MWh,DK2,DK_2,day_ahead_price,value,2026-07-25T10:50:28Z
2026-07-25T10:47:05Z,2026-07-25T12:47:05+0200,8f98f9ca-4a78-47a6-8878-9b0cbde920eb,2026-07-22T02:45:00Z,2026-07-22T04:45:00+0200,117.85,EUR/MWh,DK2,DK_2,day_ahead_price,value,2026-07-25T10:50:28Z
2026-07-25T10:47:05Z,2026-07-25T12:47:05+0200,8f98f9ca-4a78-47a6-8878-9b0cbde920eb,2026-07-22T03:00:00Z,2026-07-22T05:00:00+0200,113.37,EUR/MWh,DK2,DK_2,day_ahead_price,value,2026-07-25T10:50:28Z
2026-07-25T10:47:05Z,2026-07-25T12:47:05+0200,8f98f9ca-4a78-47a6-8878-9b0cbde920eb,2026-07-22T03:15:00Z,2026-07-22T05:15:00+0200,113.38,EUR/MWh,DK2,DK_2,day_ahead_price,value,2026-07-25T10:50:28Z
2026-07-25T10:47:05Z,2026-07-25T12:47:05+0200,8f98f9ca-4a78-47a6-8878-9b0cbde920eb,2026-07-22T03:30:00Z,2026-07-22T05:30:00+0200,113.4,EUR/MWh,DK2,DK_2,day_ahead_price,value,2026-07-25T10:50:28Z
2026-07-25T10:47:05Z,2026-07-25T12:47:05+0200,8f98f9ca-4a78-47a6-8878-9b0cbde920eb,2026-07-22T03:45:00Z,2026-07-22T05:45:00+0200,117.83,EUR/MWh,DK2,DK_2,day_ahead_price,value,2026-07-25T10:50:28Z
2026-07-25T10:47:05Z,2026-07-25T12:47:05+0200,8f98f9ca-4a78-47a6-8878-9b0cbde920eb,2026-07-22T04:00:00Z,2026-07-22T06:00:00+0200,117.83,EUR/MWh,DK2,DK_2,day_ahead_price,value,2026-07-25T10:50:28Z
2026-07-25T10:47:05Z,2026-07-25T12:47:05+0200,8f98f9ca-4a78-47a6-8878-9b0cbde920eb,2026-07-22T04:15:00Z,2026-07-22T06:15:00+0200,117.839996,EUR/MWh,DK2,DK_2,day_ahead_price,value,2026-07-25T10:50:28Z
2026-07-25T10:47:05Z,2026-07-25T12:47:05+0200,8f98f9ca-4a78-47a6-8878-9b0cbde920eb,2026-07-22T04:30:00Z,2026-07-22T06:30:00+0200,125.25,EUR/MWh,DK2,DK_2,day_ahead_price,value,2026-07-25T10:50:28Z
2026-07-25T10:47:05Z,2026-07-25T12:47:05+0200,8f98f9ca-4a78-47a6-8878-9b0cbde920eb,2026-07-22T04:45:00Z,2026-07-22T06:45:00+0200,125.06,EUR/MWh,DK2,DK_2,day_ahead_price,value,2026-07-25T10:50:28Z
2026-07-25T10:47:05Z,2026-07-25T12:47:05+0200,8f98f9ca-4a78-47a6-8878-9b0cbde920eb,2026-07-22T05:00:00Z,2026-07-22T07:00:00+0200,125.43,EUR/MWh,DK2,DK_2,day_ahead_price,value,2026-07-25T10:50:28Z
2026-07-25T10:47:05Z,2026-07-25T12:47:05+0200,8f98f9ca-4a78-47a6-8878-9b0cbde920eb,2026-07-22T05:15:00Z,2026-07-22T07:15:00+0200,125.42,EUR/MWh,DK2,DK_2,day_ahead_price,value,2026-07-25T10:50:28Z
2026-07-25T10:47:05Z,2026-07-25T12:47:05+0200,8f98f9ca-4a78-47a6-8878-9b0cbde920eb,2026-07-22T05:30:00Z,2026-07-22T07:30:00+0200,125.419998,EUR/MWh,DK2,DK_2,day_ahead_price,value,2026-07-25T10:50:28Z
2026-07-25T10:47:05Z,2026-07-25T12:47:05+0200,8f98f9ca-4a78-47a6-8878-9b0cbde920eb,2026-07-22T05:45:00Z,2026-07-22T07:45:00+0200,123.86,EUR/MWh,DK2,DK_2,day_ahead_price,value,2026-07-25T10:50:28Z
2026-07-25T10:47:05Z,2026-07-25T12:47:05+0200,8f98f9ca-4a78-47a6-8878-9b0cbde920eb,2026-07-22T06:00:00Z,2026-07-22T08:00:00+0200,126.77,EUR/MWh,DK2,DK_2,day_ahead_price,value,2026-07-25T10:50:28Z
2026-07-25T10:47:05Z,2026-07-25T12:47:05+0200,8f98f9ca-4a78-47a6-8878-9b0cbde920eb,2026-07-22T06:15:00Z,2026-07-22T08:15:00+0200,125.730003,EUR/MWh,DK2,DK_2,day_ahead_price,value,2026-07-25T10:50:28Z
2026-07-25T10:47:05Z,2026-07-25T12:47:05+0200,8f98f9ca-4a78-47a6-8878-9b0cbde920eb,2026-07-22T06:30:00Z,2026-07-22T08:30:00+0200,117.870003,EUR/MWh,DK2,DK_2,day_ahead_price,value,2026-07-25T10:50:28Z
2026-07-25T10:47:05Z,2026-07-25T12:47:05+0200,8f98f9ca-4a78-47a6-8878-9b0cbde920eb,2026-07-22T06:45:00Z,2026-07-22T08:45:00+0200,108.43,EUR/MWh,DK2,DK_2,day_ahead_price,value,2026-07-25T10:50:28Z
2026-07-25T10:47:05Z,2026-07-25T12:47:05+0200,8f98f9ca-4a78-47a6-8878-9b0cbde920eb,2026-07-22T07:00:00Z,2026-07-22T09:00:00+0200,115.98,EUR/MWh,DK2,DK_2,day_ahead_price,value,2026-07-25T10:50:28Z
2026-07-25T10:47:05Z,2026-07-25T12:47:05+0200,8f98f9ca-4a78-47a6-8878-9b0cbde920eb,2026-07-22T07:15:00Z,2026-07-22T09:15:00+0200,102.48,EUR/MWh,DK2,DK_2,day_ahead_price,value,2026-07-25T10:50:28Z
2026-07-25T10:47:05Z,2026-07-25T12:47:05+0200,8f98f9ca-4a78-47a6-8878-9b0cbde920eb,2026-07-22T07:30:00Z,2026-07-22T09:30:00+0200,86.4,EUR/MWh,DK2,DK_2,day_ahead_price,value,2026-07-25T10:50:28Z
2026-07-25T10:47:05Z,2026-07-25T12:47:05+0200,8f98f9ca-4a78-47a6-8878-9b0cbde920eb,2026-07-22T07:45:00Z,2026-07-22T09:45:00+0200,60.080002,EUR/MWh,DK2,DK_2,day_ahead_price,value,2026-07-25T10:50:28Z
2026-07-25T10:47:05Z,2026-07-25T12:47:05+0200,8f98f9ca-4a78-47a6-8878-9b0cbde920eb,2026-07-22T08:00:00Z,2026-07-22T10:00:00+0200,91.88,EUR/MWh,DK2,DK_2,day_ahead_price,value,2026-07-25T10:50:28Z
2026-07-25T10:47:05Z,2026-07-25T12:47:05+0200,8f98f9ca-4a78-47a6-8878-9b0cbde920eb,2026-07-22T08:15:00Z,2026-07-22T10:15:00+0200,68.0,EUR/MWh,DK2,DK_2,day_ahead_price,value,2026-07-25T10:50:28Z
2026-07-25T10:47:05Z,2026-07-25T12:47:05+0200,8f98f9ca-4a78-47a6-8878-9b0cbde920eb,2026-07-22T08:30:00Z,2026-07-22T10:30:00+0200,58.330002,EUR/MWh,DK2,DK_2,day_ahead_price,value,2026-07-25T10:50:28Z
2026-07-25T10:47:05Z,2026-07-25T12:47:05+0200,8f98f9ca-4a78-47a6-8878-9b0cbde920eb,2026-07-22T08:45:00Z,2026-07-22T10:45:00+0200,46.630001,EUR/MWh,DK2,DK_2,day_ahead_price,value,2026-07-25T10:50:28Z
2026-07-25T10:47:05Z,2026-07-25T12:47:05+0200,8f98f9ca-4a78-47a6-8878-9b0cbde920eb,2026-07-22T09:00:00Z,2026-07-22T11:00:00+0200,48.95,EUR/MWh,DK2,DK_2,day_ahead_price,value,2026-07-25T10:50:28Z
2026-07-25T10:47:05Z,2026-07-25T12:47:05+0200,8f98f9ca-4a78-47a6-8878-9b0cbde920eb,2026-07-22T09:15:00Z,2026-07-22T11:15:00+0200,33.53,EUR/MWh,DK2,DK_2,day_ahead_price,value,2026-07-25T10:50:28Z
2026-07-25T10:47:05Z,2026-07-25T12:47:05+0200,8f98f9ca-4a78-47a6-8878-9b0cbde920eb,2026-07-22T09:30:00Z,2026-07-22T11:30:00+0200,24.280001,EUR/MWh,DK2,DK_2,day_ahead_price,value,2026-07-25T10:50:28Z
2026-07-25T10:47:05Z,2026-07-25T12:47:05+0200,8f98f9ca-4a78-47a6-8878-9b0cbde920eb,2026-07-22T09:45:00Z,2026-07-22T11:45:00+0200,17.67,EUR/MWh,DK2,DK_2,day_ahead_price,value,2026-07-25T10:50:28Z
2026-07-25T10:47:05Z,2026-07-25T12:47:05+0200,8f98f9ca-4a78-47a6-8878-9b0cbde920eb,2026-07-22T10:00:00Z,2026-07-22T12:00:00+0200,24.190001,EUR/MWh,DK2,DK_2,day_ahead_price,value,2026-07-25T10:50:28Z
2026-07-25T10:47:05Z,2026-07-25T12:47:05+0200,8f98f9ca-4a78-47a6-8878-9b0cbde920eb,2026-07-22T10:15:00Z,2026-07-22T12:15:00+0200,13.38,EUR/MWh,DK2,DK_2,day_ahead_price,value,2026-07-25T10:50:28Z
2026-07-25T10:47:05Z,2026-07-25T12:47:05+0200,8f98f9ca-4a78-47a6-8878-9b0cbde920eb,2026-07-22T10:30:00Z,2026-07-22T12:30:00+0200,13.38,EUR/MWh,DK2,DK_2,day_ahead_price,value,2026-07-25T10:50:28Z
2026-07-25T10:47:05Z,2026-07-25T12:47:05+0200,8f98f9ca-4a78-47a6-8878-9b0cbde920eb,2026-07-22T10:45:00Z,2026-07-22T12:45:00+0200,9.1,EUR/MWh,DK2,DK_2,day_ahead_price,value,2026-07-25T10:50:28Z
2026-07-25T10:47:05Z,2026-07-25T12:47:05+0200,8f98f9ca-4a78-47a6-8878-9b0cbde920eb,2026-07-22T11:00:00Z,2026-07-22T13:00:00+0200,10.0,EUR/MWh,DK2,DK_2,day_ahead_price,value,2026-07-25T10:50:28Z
2026-07-25T10:47:05Z,2026-07-25T12:47:05+0200,8f98f9ca-4a78-47a6-8878-9b0cbde920eb,2026-07-22T11:15:00Z,2026-07-22T13:15:00+0200,11.47,EUR/MWh,DK2,DK_2,day_ahead_price,value,2026-07-25T10:50:28Z
2026-07-25T10:47:05Z,2026-07-25T12:47:05+0200,8f98f9ca-4a78-47a6-8878-9b0cbde920eb,2026-07-22T11:30:00Z,2026-07-22T13:30:00+0200,6.7,EUR/MWh,DK2,DK_2,day_ahead_price,value,2026-07-25T10:50:28Z
2026-07-25T10:47:05Z,2026-07-25T12:47:05+0200,8f98f9ca-4a78-47a6-8878-9b0cbde920eb,2026-07-22T11:45:00Z,2026-07-22T13:45:00+0200,6.63,EUR/MWh,DK2,DK_2,day_ahead_price,value,2026-07-25T10:50:28Z
2026-07-25T10:47:05Z,2026-07-25T12:47:05+0200,8f98f9ca-4a78-47a6-8878-9b0cbde920eb,2026-07-22T12:00:00Z,2026-07-22T14:00:00+0200,6.38,EUR/MWh,DK2,DK_2,day_ahead_price,value,2026-07-25T10:50:28Z
2026-07-25T10:47:05Z,2026-07-25T12:47:05+0200,8f98f9ca-4a78-47a6-8878-9b0cbde920eb,2026-07-22T12:15:00Z,2026-07-22T14:15:00+0200,6.44,EUR/MWh,DK2,DK_2,day_ahead_price,value,2026-07-25T10:50:28Z
2026-07-25T10:47:05Z,2026-07-25T12:47:05+0200,8f98f9ca-4a78-47a6-8878-9b0cbde920eb,2026-07-22T12:30:00Z,2026-07-22T14:30:00+0200,7.04,EUR/MWh,DK2,DK_2,day_ahead_price,value,2026-07-25T10:50:28Z
2026-07-25T10:47:05Z,2026-07-25T12:47:05+0200,8f98f9ca-4a78-47a6-8878-9b0cbde920eb,2026-07-22T12:45:00Z,2026-07-22T14:45:00+0200,7.28,EUR/MWh,DK2,DK_2,day_ahead_price,value,2026-07-25T10:50:28Z
2026-07-25T10:47:05Z,2026-07-25T12:47:05+0200,8f98f9ca-4a78-47a6-8878-9b0cbde920eb,2026-07-22T13:00:00Z,2026-07-22T15:00:00+0200,6.91,EUR/MWh,DK2,DK_2,day_ahead_price,value,2026-07-25T10:50:28Z
2026-07-25T10:47:05Z,2026-07-25T12:47:05+0200,8f98f9ca-4a78-47a6-8878-9b0cbde920eb,2026-07-22T13:15:00Z,2026-07-22T15:15:00+0200,8.74,EUR/MWh,DK2,DK_2,day_ahead_price,value,2026-07-25T10:50:28Z
2026-07-25T10:47:05Z,2026-07-25T12:47:05+0200,8f98f9ca-4a78-47a6-8878-9b0cbde920eb,2026-07-22T13:30:00Z,2026-07-22T15:30:00+0200,6.62,EUR/MWh,DK2,DK_2,day_ahead_price,value,2026-07-25T10:50:28Z
2026-07-25T10:47:05Z,2026-07-25T12:47:05+0200,8f98f9ca-4a78-47a6-8878-9b0cbde920eb,2026-07-22T13:45:00Z,2026-07-22T15:45:00+0200,6.7,EUR/MWh,DK2,DK_2,day_ahead_price,value,2026-07-25T10:50:28Z
2026-07-25T10:47:05Z,2026-07-25T12:47:05+0200,8f98f9ca-4a78-47a6-8878-9b0cbde920eb,2026-07-22T14:00:00Z,2026-07-22T16:00:00+0200,9.1,EUR/MWh,DK2,DK_2,day_ahead_price,value,2026-07-25T10:50:28Z
2026-07-25T10:47:05Z,2026-07-25T12:47:05+0200,8f98f9ca-4a78-47a6-8878-9b0cbde920eb,2026-07-22T14:15:00Z,2026-07-22T16:15:00+0200,12.13,EUR/MWh,DK2,DK_2,day_ahead_price,value,2026-07-25T10:50:28Z
2026-07-25T10:47:05Z,2026-07-25T12:47:05+0200,8f98f9ca-4a78-47a6-8878-9b0cbde920eb,2026-07-22T14:30:00Z,2026-07-22T16:30:00+0200,16.36,EUR/MWh,DK2,DK_2,day_ahead_price,value,2026-07-25T10:50:28Z
2026-07-25T10:47:05Z,2026-07-25T12:47:05+0200,8f98f9ca-4a78-47a6-8878-9b0cbde920eb,2026-07-22T14:45:00Z,2026-07-22T16:45:00+0200,25.08,EUR/MWh,DK2,DK_2,day_ahead_price,value,2026-07-25T10:50:28Z
2026-07-25T10:47:05Z,2026-07-25T12:47:05+0200,8f98f9ca-4a78-47a6-8878-9b0cbde920eb,2026-07-22T15:00:00Z,2026-07-22T17:00:00+0200,23.66,EUR/MWh,DK2,DK_2,day_ahead_price,value,2026-07-25T10:50:28Z
2026-07-25T10:47:05Z,2026-07-25T12:47:05+0200,8f98f9ca-4a78-47a6-8878-9b0cbde920eb,2026-07-22T15:15:00Z,2026-07-22T17:15:00+0200,60.119999,EUR/MWh,DK2,DK_2,day_ahead_price,value,2026-07-25T10:50:28Z
2026-07-25T10:47:05Z,2026-07-25T12:47:05+0200,8f98f9ca-4a78-47a6-8878-9b0cbde920eb,2026-07-22T15:30:00Z,2026-07-22T17:30:00+0200,71.510002,EUR/MWh,DK2,DK_2,day_ahead_price,value,2026-07-25T10:50:28Z
2026-07-25T10:47:05Z,2026-07-25T12:47:05+0200,8f98f9ca-4a78-47a6-8878-9b0cbde920eb,2026-07-22T15:45:00Z,2026-07-22T17:45:00+0200,101.71,EUR/MWh,DK2,DK_2,day_ahead_price,value,2026-07-25T10:50:28Z
2026-07-25T10:47:05Z,2026-07-25T12:47:05+0200,8f98f9ca-4a78-47a6-8878-9b0cbde920eb,2026-07-22T16:00:00Z,2026-07-22T18:00:00+0200,81.75,EUR/MWh,DK2,DK_2,day_ahead_price,value,2026-07-25T10:50:28Z
2026-07-25T10:47:05Z,2026-07-25T12:47:05+0200,8f98f9ca-4a78-47a6-8878-9b0cbde920eb,2026-07-22T16:15:00Z,2026-07-22T18:15:00+0200,102.4,EUR/MWh,DK2,DK_2,day_ahead_price,value,2026-07-25T10:50:28Z
2026-07-25T10:47:05Z,2026-07-25T12:47:05+0200,8f98f9ca-4a78-47a6-8878-9b0cbde920eb,2026-07-22T16:30:00Z,2026-07-22T18:30:00+0200,116.63,EUR/MWh,DK2,DK_2,day_ahead_price,value,2026-07-25T10:50:28Z
2026-07-25T10:47:05Z,2026-07-25T12:47:05+0200,8f98f9ca-4a78-47a6-8878-9b0cbde920eb,2026-07-22T16:45:00Z,2026-07-22T18:45:00+0200,127.589996,EUR/MWh,DK2,DK_2,day_ahead_price,value,2026-07-25T10:50:28Z
2026-07-25T10:47:05Z,2026-07-25T12:47:05+0200,8f98f9ca-4a78-47a6-8878-9b0cbde920eb,2026-07-22T17:00:00Z,2026-07-22T19:00:00+0200,125.410004,EUR/MWh,DK2,DK_2,day_ahead_price,value,2026-07-25T10:50:28Z
2026-07-25T10:47:05Z,2026-07-25T12:47:05+0200,8f98f9ca-4a78-47a6-8878-9b0cbde920eb,2026-07-22T17:15:00Z,2026-07-22T19:15:00+0200,127.089996,EUR/MWh,DK2,DK_2,day_ahead_price,value,2026-07-25T10:50:28Z
2026-07-25T10:47:05Z,2026-07-25T12:47:05+0200,8f98f9ca-4a78-47a6-8878-9b0cbde920eb,2026-07-22T17:30:00Z,2026-07-22T19:30:00+0200,132.050003,EUR/MWh,DK2,DK_2,day_ahead_price,value,2026-07-25T10:50:28Z
2026-07-25T10:47:05Z,2026-07-25T12:47:05+0200,8f98f9ca-4a78-47a6-8878-9b0cbde920eb,2026-07-22T17:45:00Z,2026-07-22T19:45:00+0200,138.63,EUR/MWh,DK2,DK_2,day_ahead_price,value,2026-07-25T10:50:28Z
2026-07-25T10:47:05Z,2026-07-25T12:47:05+0200,8f98f9ca-4a78-47a6-8878-9b0cbde920eb,2026-07-22T18:00:00Z,2026-07-22T20:00:00+0200,138.34,EUR/MWh,DK2,DK_2,day_ahead_price,value,2026-07-25T10:50:28Z
2026-07-25T10:47:05Z,2026-07-25T12:47:05+0200,8f98f9ca-4a78-47a6-8878-9b0cbde920eb,2026-07-22T18:15:00Z,2026-07-22T20:15:00+0200,141.76,EUR/MWh,DK2,DK_2,day_ahead_price,value,2026-07-25T10:50:28Z
2026-07-25T10:47:05Z,2026-07-25T12:47:05+0200,8f98f9ca-4a78-47a6-8878-9b0cbde920eb,2026-07-22T18:30:00Z,2026-07-22T20:30:00+0200,141.33,EUR/MWh,DK2,DK_2,day_ahead_price,value,2026-07-25T10:50:28Z
2026-07-25T10:47:05Z,2026-07-25T12:47:05+0200,8f98f9ca-4a78-47a6-8878-9b0cbde920eb,2026-07-22T18:45:00Z,2026-07-22T20:45:00+0200,139.949997,EUR/MWh,DK2,DK_2,day_ahead_price,value,2026-07-25T10:50:28Z
2026-07-25T10:47:05Z,2026-07-25T12:47:05+0200,8f98f9ca-4a78-47a6-8878-9b0cbde920eb,2026-07-22T19:00:00Z,2026-07-22T21:00:00+0200,146.31,EUR/MWh,DK2,DK_2,day_ahead_price,value,2026-07-25T10:50:28Z
2026-07-25T10:47:05Z,2026-07-25T12:47:05+0200,8f98f9ca-4a78-47a6-8878-9b0cbde920eb,2026-07-22T19:15:00Z,2026-07-22T21:15:00+0200,145.529999,EUR/MWh,DK2,DK_2,day_ahead_price,value,2026-07-25T10:50:28Z
2026-07-25T10:47:05Z,2026-07-25T12:47:05+0200,8f98f9ca-4a78-47a6-8878-9b0cbde920eb,2026-07-22T19:30:00Z,2026-07-22T21:30:00+0200,144.759995,EUR/MWh,DK2,DK_2,day_ahead_price,value,2026-07-25T10:50:28Z
2026-07-25T10:47:05Z,2026-07-25T12:47:05+0200,8f98f9ca-4a78-47a6-8878-9b0cbde920eb,2026-07-22T19:45:00Z,2026-07-22T21:45:00+0200,143.360001,EUR/MWh,DK2,DK_2,day_ahead_price,value,2026-07-25T10:50:28Z
2026-07-25T10:47:05Z,2026-07-25T12:47:05+0200,8f98f9ca-4a78-47a6-8878-9b0cbde920eb,2026-07-22T20:00:00Z,2026-07-22T22:00:00+0200,146.720001,EUR/MWh,DK2,DK_2,day_ahead_price,value,2026-07-25T10:50:28Z
2026-07-25T10:47:05Z,2026-07-25T12:47:05+0200,8f98f9ca-4a78-47a6-8878-9b0cbde920eb,2026-07-22T20:15:00Z,2026-07-22T22:15:00+0200,144.610001,EUR/MWh,DK2,DK_2,day_ahead_price,value,2026-07-25T10:50:28Z
2026-07-25T10:47:05Z,2026-07-25T12:47:05+0200,8f98f9ca-4a78-47a6-8878-9b0cbde920eb,2026-07-22T20:30:00Z,2026-07-22T22:30:00+0200,143.610001,EUR/MWh,DK2,DK_2,day_ahead_price,value,2026-07-25T10:50:28Z
2026-07-25T10:47:05Z,2026-07-25T12:47:05+0200,8f98f9ca-4a78-47a6-8878-9b0cbde920eb,2026-07-22T20:45:00Z,2026-07-22T22:45:00+0200,138.380005,EUR/MWh,DK2,DK_2,day_ahead_price,value,2026-07-25T10:50:28Z
2026-07-25T10:47:05Z,2026-07-25T12:47:05+0200,8f98f9ca-4a78-47a6-8878-9b0cbde920eb,2026-07-22T21:00:00Z,2026-07-22T23:00:00+0200,132.22,EUR/MWh,DK2,DK_2,day_ahead_price,value,2026-07-25T10:50:28Z
2026-07-25T10:47:05Z,2026-07-25T12:47:05+0200,8f98f9ca-4a78-47a6-8878-9b0cbde920eb,2026-07-22T21:15:00Z,2026-07-22T23:15:00+0200,130.610001,EUR/MWh,DK2,DK_2,day_ahead_price,value,2026-07-25T10:50:28Z
2026-07-25T10:47:05Z,2026-07-25T12:47:05+0200,8f98f9ca-4a78-47a6-8878-9b0cbde920eb,2026-07-22T21:30:00Z,2026-07-22T23:30:00+0200,130.7,EUR/MWh,DK2,DK_2,day_ahead_price,value,2026-07-25T10:50:28Z
2026-07-25T10:47:05Z,2026-07-25T12:47:05+0200,8f98f9ca-4a78-47a6-8878-9b0cbde920eb,2026-07-22T21:45:00Z,2026-07-22T23:45:00+0200,129.990005,EUR/MWh,DK2,DK_2,day_ahead_price,value,2026-07-25T10:50:28Z
2026-07-25T10:47:05Z,2026-07-25T12:47:05+0200,8f98f9ca-4a78-47a6-8878-9b0cbde920eb,2026-07-22T22:00:00Z,2026-07-23T00:00:00+0200,134.54,EUR/MWh,DK2,DK_2,day_ahead_price,value,2026-07-25T10:50:28Z
2026-07-25T10:47:05Z,2026-07-25T12:47:05+0200,8f98f9ca-4a78-47a6-8878-9b0cbde920eb,2026-07-22T22:15:00Z,2026-07-23T00:15:00+0200,133.559998,EUR/MWh,DK2,DK_2,day_ahead_price,value,2026-07-25T10:50:28Z
2026-07-25T10:47:05Z,2026-07-25T12:47:05+0200,8f98f9ca-4a78-47a6-8878-9b0cbde920eb,2026-07-22T22:30:00Z,2026-07-23T00:30:00+0200,132.110001,EUR/MWh,DK2,DK_2,day_ahead_price,value,2026-07-25T10:50:28Z
2026-07-25T10:47:05Z,2026-07-25T12:47:05+0200,8f98f9ca-4a78-47a6-8878-9b0cbde920eb,2026-07-22T22:45:00Z,2026-07-23T00:45:00+0200,125.599998,EUR/MWh,DK2,DK_2,day_ahead_price,value,2026-07-25T10:50:28Z
2026-07-25T10:47:05Z,2026-07-25T12:47:05+0200,8f98f9ca-4a78-47a6-8878-9b0cbde920eb,2026-07-22T23:00:00Z,2026-07-23T01:00:00+0200,127.93,EUR/MWh,DK2,DK_2,day_ahead_price,value,2026-07-25T10:50:28Z
2026-07-25T10:47:05Z,2026-07-25T12:47:05+0200,8f98f9ca-4a78-47a6-8878-9b0cbde920eb,2026-07-22T23:15:00Z,2026-07-23T01:15:00+0200,125.589996,EUR/MWh,DK2,DK_2,day_ahead_price,value,2026-07-25T10:50:28Z
2026-07-25T10:47:05Z,2026-07-25T12:47:05+0200,8f98f9ca-4a78-47a6-8878-9b0cbde920eb,2026-07-22T23:30:00Z,2026-07-23T01:30:00+0200,125.589996,EUR/MWh,DK2,DK_2,day_ahead_price,value,2026-07-25T10:50:28Z
2026-07-25T10:47:05Z,2026-07-25T12:47:05+0200,8f98f9ca-4a78-47a6-8878-9b0cbde920eb,2026-07-22T23:45:00Z,2026-07-23T01:45:00+0200,125.59,EUR/MWh,DK2,DK_2,day_ahead_price,value,2026-07-25T10:50:28Z
2026-07-25T10:47:05Z,2026-07-25T12:47:05+0200,8f98f9ca-4a78-47a6-8878-9b0cbde920eb,2026-07-23T00:00:00Z,2026-07-23T02:00:00+0200,125.58,EUR/MWh,DK2,DK_2,day_ahead_price,value,2026-07-25T10:50:28Z
2026-07-25T10:47:05Z,2026-07-25T12:47:05+0200,8f98f9ca-4a78-47a6-8878-9b0cbde920eb,2026-07-23T00:15:00Z,2026-07-23T02:15:00+0200,125.58,EUR/MWh,DK2,DK_2,day_ahead_price,value,2026-07-25T10:50:28Z
2026-07-25T10:47:05Z,2026-07-25T12:47:05+0200,8f98f9ca-4a78-47a6-8878-9b0cbde920eb,2026-07-23T00:30:00Z,2026-07-23T02:30:00+0200,125.57,EUR/MWh,DK2,DK_2,day_ahead_price,value,2026-07-25T10:50:28Z
2026-07-25T10:47:05Z,2026-07-25T12:47:05+0200,8f98f9ca-4a78-47a6-8878-9b0cbde920eb,2026-07-23T00:45:00Z,2026-07-23T02:45:00+0200,125.57,EUR/MWh,DK2,DK_2,day_ahead_price,value,2026-07-25T10:50:28Z
2026-07-25T10:47:05Z,2026-07-25T12:47:05+0200,8f98f9ca-4a78-47a6-8878-9b0cbde920eb,2026-07-23T01:00:00Z,2026-07-23T03:00:00+0200,125.580002,EUR/MWh,DK2,DK_2,day_ahead_price,value,2026-07-25T10:50:28Z
2026-07-25T10:47:05Z,2026-07-25T12:47:05+0200,8f98f9ca-4a78-47a6-8878-9b0cbde920eb,2026-07-23T01:15:00Z,2026-07-23T03:15:00+0200,125.580002,EUR/MWh,DK2,DK_2,day_ahead_price,value,2026-07-25T10:50:28Z
2026-07-25T10:47:05Z,2026-07-25T12:47:05+0200,8f98f9ca-4a78-47a6-8878-9b0cbde920eb,2026-07-23T01:30:00Z,2026-07-23T03:30:00+0200,125.589996,EUR/MWh,DK2,DK_2,day_ahead_price,value,2026-07-25T10:50:28Z
2026-07-25T10:47:05Z,2026-07-25T12:47:05+0200,8f98f9ca-4a78-47a6-8878-9b0cbde920eb,2026-07-23T01:45:00Z,2026-07-23T03:45:00+0200,125.59,EUR/MWh,DK2,DK_2,day_ahead_price,value,2026-07-25T10:50:28Z
2026-07-25T10:47:05Z,2026-07-25T12:47:05+0200,8f98f9ca-4a78-47a6-8878-9b0cbde920eb,2026-07-23T02:00:00Z,2026-07-23T04:00:00+0200,125.660004,EUR/MWh,DK2,DK_2,day_ahead_price,value,2026-07-25T10:50:28Z
2026-07-25T10:47:05Z,2026-07-25T12:47:05+0200,8f98f9ca-4a78-47a6-8878-9b0cbde920eb,2026-07-23T02:15:00Z,2026-07-23T04:15:00+0200,125.669998,EUR/MWh,DK2,DK_2,day_ahead_price,value,2026-07-25T10:50:28Z
2026-07-25T10:47:05Z,2026-07-25T12:47:05+0200,8f98f9ca-4a78-47a6-8878-9b0cbde920eb,2026-07-23T02:30:00Z,2026-07-23T04:30:00+0200,134.259995,EUR/MWh,DK2,DK_2,day_ahead_price,value,2026-07-25T10:50:28Z
2026-07-25T10:47:05Z,2026-07-25T12:47:05+0200,8f98f9ca-4a78-47a6-8878-9b0cbde920eb,2026-07-23T02:45:00Z,2026-07-23T04:45:00+0200,136.86,EUR/MWh,DK2,DK_2,day_ahead_price,value,2026-07-25T10:50:28Z
2026-07-25T10:47:05Z,2026-07-25T12:47:05+0200,8f98f9ca-4a78-47a6-8878-9b0cbde920eb,2026-07-23T03:00:00Z,2026-07-23T05:00:00+0200,128.85,EUR/MWh,DK2,DK_2,day_ahead_price,value,2026-07-25T10:50:28Z
2026-07-25T10:47:05Z,2026-07-25T12:47:05+0200,8f98f9ca-4a78-47a6-8878-9b0cbde920eb,2026-07-23T03:15:00Z,2026-07-23T05:15:00+0200,134.74,EUR/MWh,DK2,DK_2,day_ahead_price,value,2026-07-25T10:50:28Z
2026-07-25T10:47:05Z,2026-07-25T12:47:05+0200,8f98f9ca-4a78-47a6-8878-9b0cbde920eb,2026-07-23T03:30:00Z,2026-07-23T05:30:00+0200,137.75,EUR/MWh,DK2,DK_2,day_ahead_price,value,2026-07-25T10:50:28Z
2026-07-25T10:47:05Z,2026-07-25T12:47:05+0200,8f98f9ca-4a78-47a6-8878-9b0cbde920eb,2026-07-23T03:45:00Z,2026-07-23T05:45:00+0200,139.54,EUR/MWh,DK2,DK_2,day_ahead_price,value,2026-07-25T10:50:28Z
2026-07-25T10:47:05Z,2026-07-25T12:47:05+0200,8f98f9ca-4a78-47a6-8878-9b0cbde920eb,2026-07-23T04:00:00Z,2026-07-23T06:00:00+0200,145.36,EUR/MWh,DK2,DK_2,day_ahead_price,value,2026-07-25T10:50:28Z
2026-07-25T10:47:05Z,2026-07-25T12:47:05+0200,8f98f9ca-4a78-47a6-8878-9b0cbde920eb,2026-07-23T04:15:00Z,2026-07-23T06:15:00+0200,158.97,EUR/MWh,DK2,DK_2,day_ahead_price,value,2026-07-25T10:50:28Z
2026-07-25T10:47:05Z,2026-07-25T12:47:05+0200,8f98f9ca-4a78-47a6-8878-9b0cbde920eb,2026-07-23T04:30:00Z,2026-07-23T06:30:00+0200,158.64,EUR/MWh,DK2,DK_2,day_ahead_price,value,2026-07-25T10:50:28Z
2026-07-25T10:47:05Z,2026-07-25T12:47:05+0200,8f98f9ca-4a78-47a6-8878-9b0cbde920eb,2026-07-23T04:45:00Z,2026-07-23T06:45:00+0200,161.059998,EUR/MWh,DK2,DK_2,day_ahead_price,value,2026-07-25T10:50:28Z
2026-07-25T10:47:05Z,2026-07-25T12:47:05+0200,8f98f9ca-4a78-47a6-8878-9b0cbde920eb,2026-07-23T05:00:00Z,2026-07-23T07:00:00+0200,169.65,EUR/MWh,DK2,DK_2,day_ahead_price,value,2026-07-25T10:50:28Z
2026-07-25T10:47:05Z,2026-07-25T12:47:05+0200,8f98f9ca-4a78-47a6-8878-9b0cbde920eb,2026-07-23T05:15:00Z,2026-07-23T07:15:00+0200,170.6,EUR/MWh,DK2,DK_2,day_ahead_price,value,2026-07-25T10:50:28Z
2026-07-25T10:47:05Z,2026-07-25T12:47:05+0200,8f98f9ca-4a78-47a6-8878-9b0cbde920eb,2026-07-23T05:30:00Z,2026-07-23T07:30:00+0200,160.79,EUR/MWh,DK2,DK_2,day_ahead_price,value,2026-07-25T10:50:28Z
2026-07-25T10:47:05Z,2026-07-25T12:47:05+0200,8f98f9ca-4a78-47a6-8878-9b0cbde920eb,2026-07-23T05:45:00Z,2026-07-23T07:45:00+0200,157.889999,EUR/MWh,DK2,DK_2,day_ahead_price,value,2026-07-25T10:50:28Z
2026-07-25T10:47:05Z,2026-07-25T12:47:05+0200,8f98f9ca-4a78-47a6-8878-9b0cbde920eb,2026-07-23T06:00:00Z,2026-07-23T08:00:00+0200,170.880005,EUR/MWh,DK2,DK_2,day_ahead_price,value,2026-07-25T10:50:28Z
2026-07-25T10:47:05Z,2026-07-25T12:47:05+0200,8f98f9ca-4a78-47a6-8878-9b0cbde920eb,2026-07-23T06:15:00Z,2026-07-23T08:15:00+0200,159.869995,EUR/MWh,DK2,DK_2,day_ahead_price,value,2026-07-25T10:50:28Z
2026-07-25T10:47:05Z,2026-07-25T12:47:05+0200,8f98f9ca-4a78-47a6-8878-9b0cbde920eb,2026-07-23T06:30:00Z,2026-07-23T08:30:00+0200,158.630005,EUR/MWh,DK2,DK_2,day_ahead_price,value,2026-07-25T10:50:28Z
2026-07-25T10:47:05Z,2026-07-25T12:47:05+0200,8f98f9ca-4a78-47a6-8878-9b0cbde920eb,2026-07-23T06:45:00Z,2026-07-23T08:45:00+0200,141.9,EUR/MWh,DK2,DK_2,day_ahead_price,value,2026-07-25T10:50:28Z
2026-07-25T10:47:05Z,2026-07-25T12:47:05+0200,8f98f9ca-4a78-47a6-8878-9b0cbde920eb,2026-07-23T07:00:00Z,2026-07-23T09:00:00+0200,159.880005,EUR/MWh,DK2,DK_2,day_ahead_price,value,2026-07-25T10:50:28Z
2026-07-25T10:47:05Z,2026-07-25T12:47:05+0200,8f98f9ca-4a78-47a6-8878-9b0cbde920eb,2026-07-23T07:15:00Z,2026-07-23T09:15:00+0200,144.470001,EUR/MWh,DK2,DK_2,day_ahead_price,value,2026-07-25T10:50:28Z
2026-07-25T10:47:05Z,2026-07-25T12:47:05+0200,8f98f9ca-4a78-47a6-8878-9b0cbde920eb,2026-07-23T07:30:00Z,2026-07-23T09:30:00+0200,120.160004,EUR/MWh,DK2,DK_2,day_ahead_price,value,2026-07-25T10:50:28Z
2026-07-25T10:47:05Z,2026-07-25T12:47:05+0200,8f98f9ca-4a78-47a6-8878-9b0cbde920eb,2026-07-23T07:45:00Z,2026-07-23T09:45:00+0200,111.46,EUR/MWh,DK2,DK_2,day_ahead_price,value,2026-07-25T10:50:28Z
2026-07-25T10:47:05Z,2026-07-25T12:47:05+0200,8f98f9ca-4a78-47a6-8878-9b0cbde920eb,2026-07-23T08:00:00Z,2026-07-23T10:00:00+0200,117.8,EUR/MWh,DK2,DK_2,day_ahead_price,value,2026-07-25T10:50:28Z
2026-07-25T10:47:05Z,2026-07-25T12:47:05+0200,8f98f9ca-4a78-47a6-8878-9b0cbde920eb,2026-07-23T08:15:00Z,2026-07-23T10:15:00+0200,108.32,EUR/MWh,DK2,DK_2,day_ahead_price,value,2026-07-25T10:50:28Z
2026-07-25T10:47:05Z,2026-07-25T12:47:05+0200,8f98f9ca-4a78-47a6-8878-9b0cbde920eb,2026-07-23T08:30:00Z,2026-07-23T10:30:00+0200,100.92,EUR/MWh,DK2,DK_2,day_ahead_price,value,2026-07-25T10:50:28Z
2026-07-25T10:47:05Z,2026-07-25T12:47:05+0200,8f98f9ca-4a78-47a6-8878-9b0cbde920eb,2026-07-23T08:45:00Z,2026-07-23T10:45:00+0200,84.74,EUR/MWh,DK2,DK_2,day_ahead_price,value,2026-07-25T10:50:28Z
2026-07-25T10:47:05Z,2026-07-25T12:47:05+0200,8f98f9ca-4a78-47a6-8878-9b0cbde920eb,2026-07-23T09:00:00Z,2026-07-23T11:00:00+0200,98.040001,EUR/MWh,DK2,DK_2,day_ahead_price,value,2026-07-25T10:50:28Z
2026-07-25T10:47:05Z,2026-07-25T12:47:05+0200,8f98f9ca-4a78-47a6-8878-9b0cbde920eb,2026-07-23T09:15:00Z,2026-07-23T11:15:00+0200,84.51,EUR/MWh,DK2,DK_2,day_ahead_price,value,2026-07-25T10:50:28Z
2026-07-25T10:47:05Z,2026-07-25T12:47:05+0200,8f98f9ca-4a78-47a6-8878-9b0cbde920eb,2026-07-23T09:30:00Z,2026-07-23T11:30:00+0200,77.81,EUR/MWh,DK2,DK_2,day_ahead_price,value,2026-07-25T10:50:28Z
2026-07-25T10:47:05Z,2026-07-25T12:47:05+0200,8f98f9ca-4a78-47a6-8878-9b0cbde920eb,2026-07-23T09:45:00Z,2026-07-23T11:45:00+0200,62.68,EUR/MWh,DK2,DK_2,day_ahead_price,value,2026-07-25T10:50:28Z
2026-07-25T10:47:05Z,2026-07-25T12:47:05+0200,8f98f9ca-4a78-47a6-8878-9b0cbde920eb,2026-07-23T10:00:00Z,2026-07-23T12:00:00+0200,62.779999,EUR/MWh,DK2,DK_2,day_ahead_price,value,2026-07-25T10:50:28Z
2026-07-25T10:47:05Z,2026-07-25T12:47:05+0200,8f98f9ca-4a78-47a6-8878-9b0cbde920eb,2026-07-23T10:15:00Z,2026-07-23T12:15:00+0200,37.19,EUR/MWh,DK2,DK_2,day_ahead_price,value,2026-07-25T10:50:28Z
2026-07-25T10:47:05Z,2026-07-25T12:47:05+0200,8f98f9ca-4a78-47a6-8878-9b0cbde920eb,2026-07-23T10:30:00Z,2026-07-23T12:30:00+0200,22.53,EUR/MWh,DK2,DK_2,day_ahead_price,value,2026-07-25T10:50:28Z
2026-07-25T10:47:05Z,2026-07-25T12:47:05+0200,8f98f9ca-4a78-47a6-8878-9b0cbde920eb,2026-07-23T10:45:00Z,2026-07-23T12:45:00+0200,12.48,EUR/MWh,DK2,DK_2,day_ahead_price,value,2026-07-25T10:50:28Z
2026-07-25T10:47:05Z,2026-07-25T12:47:05+0200,8f98f9ca-4a78-47a6-8878-9b0cbde920eb,2026-07-23T11:00:00Z,2026-07-23T13:00:00+0200,19.48,EUR/MWh,DK2,DK_2,day_ahead_price,value,2026-07-25T10:50:28Z
2026-07-25T10:47:05Z,2026-07-25T12:47:05+0200,8f98f9ca-4a78-47a6-8878-9b0cbde920eb,2026-07-23T11:15:00Z,2026-07-23T13:15:00+0200,14.96,EUR/MWh,DK2,DK_2,day_ahead_price,value,2026-07-25T10:50:28Z
2026-07-25T10:47:05Z,2026-07-25T12:47:05+0200,8f98f9ca-4a78-47a6-8878-9b0cbde920eb,2026-07-23T11:30:00Z,2026-07-23T13:30:00+0200,11.88,EUR/MWh,DK2,DK_2,day_ahead_price,value,2026-07-25T10:50:28Z
2026-07-25T10:47:05Z,2026-07-25T12:47:05+0200,8f98f9ca-4a78-47a6-8878-9b0cbde920eb,2026-07-23T11:45:00Z,2026-07-23T13:45:00+0200,11.27,EUR/MWh,DK2,DK_2,day_ahead_price,value,2026-07-25T10:50:28Z
2026-07-25T10:47:05Z,2026-07-25T12:47:05+0200,8f98f9ca-4a78-47a6-8878-9b0cbde920eb,2026-07-23T12:00:00Z,2026-07-23T14:00:00+0200,10.68,EUR/MWh,DK2,DK_2,day_ahead_price,value,2026-07-25T10:50:28Z
2026-07-25T10:47:05Z,2026-07-25T12:47:05+0200,8f98f9ca-4a78-47a6-8878-9b0cbde920eb,2026-07-23T12:15:00Z,2026-07-23T14:15:00+0200,11.1,EUR/MWh,DK2,DK_2,day_ahead_price,value,2026-07-25T10:50:28Z
2026-07-25T10:47:05Z,2026-07-25T12:47:05+0200,8f98f9ca-4a78-47a6-8878-9b0cbde920eb,2026-07-23T12:30:00Z,2026-07-23T14:30:00+0200,12.69,EUR/MWh,DK2,DK_2,day_ahead_price,value,2026-07-25T10:50:28Z
2026-07-25T10:47:05Z,2026-07-25T12:47:05+0200,8f98f9ca-4a78-47a6-8878-9b0cbde920eb,2026-07-23T12:45:00Z,2026-07-23T14:45:00+0200,14.06,EUR/MWh,DK2,DK_2,day_ahead_price,value,2026-07-25T10:50:28Z
2026-07-25T10:47:05Z,2026-07-25T12:47:05+0200,8f98f9ca-4a78-47a6-8878-9b0cbde920eb,2026-07-23T13:00:00Z,2026-07-23T15:00:00+0200,9.75,EUR/MWh,DK2,DK_2,day_ahead_price,value,2026-07-25T10:50:28Z
2026-07-25T10:47:05Z,2026-07-25T12:47:05+0200,8f98f9ca-4a78-47a6-8878-9b0cbde920eb,2026-07-23T13:15:00Z,2026-07-23T15:15:00+0200,13.2,EUR/MWh,DK2,DK_2,day_ahead_price,value,2026-07-25T10:50:28Z
2026-07-25T10:47:05Z,2026-07-25T12:47:05+0200,8f98f9ca-4a78-47a6-8878-9b0cbde920eb,2026-07-23T13:30:00Z,2026-07-23T15:30:00+0200,13.78,EUR/MWh,DK2,DK_2,day_ahead_price,value,2026-07-25T10:50:28Z
2026-07-25T10:47:05Z,2026-07-25T12:47:05+0200,8f98f9ca-4a78-47a6-8878-9b0cbde920eb,2026-07-23T13:45:00Z,2026-07-23T15:45:00+0200,16.129999,EUR/MWh,DK2,DK_2,day_ahead_price,value,2026-07-25T10:50:28Z
2026-07-25T10:47:05Z,2026-07-25T12:47:05+0200,8f98f9ca-4a78-47a6-8878-9b0cbde920eb,2026-07-23T14:00:00Z,2026-07-23T16:00:00+0200,10.0,EUR/MWh,DK2,DK_2,day_ahead_price,value,2026-07-25T10:50:28Z
2026-07-25T10:47:05Z,2026-07-25T12:47:05+0200,8f98f9ca-4a78-47a6-8878-9b0cbde920eb,2026-07-23T14:15:00Z,2026-07-23T16:15:00+0200,16.59,EUR/MWh,DK2,DK_2,day_ahead_price,value,2026-07-25T10:50:28Z
2026-07-25T10:47:05Z,2026-07-25T12:47:05+0200,8f98f9ca-4a78-47a6-8878-9b0cbde920eb,2026-07-23T14:30:00Z,2026-07-23T16:30:00+0200,28.74,EUR/MWh,DK2,DK_2,day_ahead_price,value,2026-07-25T10:50:28Z
2026-07-25T10:47:05Z,2026-07-25T12:47:05+0200,8f98f9ca-4a78-47a6-8878-9b0cbde920eb,2026-07-23T14:45:00Z,2026-07-23T16:45:00+0200,64.34,EUR/MWh,DK2,DK_2,day_ahead_price,value,2026-07-25T10:50:28Z
2026-07-25T10:47:05Z,2026-07-25T12:47:05+0200,8f98f9ca-4a78-47a6-8878-9b0cbde920eb,2026-07-23T15:00:00Z,2026-07-23T17:00:00+0200,53.96,EUR/MWh,DK2,DK_2,day_ahead_price,value,2026-07-25T10:50:28Z
2026-07-25T10:47:05Z,2026-07-25T12:47:05+0200,8f98f9ca-4a78-47a6-8878-9b0cbde920eb,2026-07-23T15:15:00Z,2026-07-23T17:15:00+0200,96.519997,EUR/MWh,DK2,DK_2,day_ahead_price,value,2026-07-25T10:50:28Z
2026-07-25T10:47:05Z,2026-07-25T12:47:05+0200,8f98f9ca-4a78-47a6-8878-9b0cbde920eb,2026-07-23T15:30:00Z,2026-07-23T17:30:00+0200,113.82,EUR/MWh,DK2,DK_2,day_ahead_price,value,2026-07-25T10:50:28Z
2026-07-25T10:47:05Z,2026-07-25T12:47:05+0200,8f98f9ca-4a78-47a6-8878-9b0cbde920eb,2026-07-23T15:45:00Z,2026-07-23T17:45:00+0200,125.5,EUR/MWh,DK2,DK_2,day_ahead_price,value,2026-07-25T10:50:28Z
2026-07-25T10:47:05Z,2026-07-25T12:47:05+0200,8f98f9ca-4a78-47a6-8878-9b0cbde920eb,2026-07-23T16:00:00Z,2026-07-23T18:00:00+0200,124.21,EUR/MWh,DK2,DK_2,day_ahead_price,value,2026-07-25T10:50:28Z
2026-07-25T10:47:05Z,2026-07-25T12:47:05+0200,8f98f9ca-4a78-47a6-8878-9b0cbde920eb,2026-07-23T16:15:00Z,2026-07-23T18:15:00+0200,141.63,EUR/MWh,DK2,DK_2,day_ahead_price,value,2026-07-25T10:50:28Z
2026-07-25T10:47:05Z,2026-07-25T12:47:05+0200,8f98f9ca-4a78-47a6-8878-9b0cbde920eb,2026-07-23T16:30:00Z,2026-07-23T18:30:00+0200,152.649994,EUR/MWh,DK2,DK_2,day_ahead_price,value,2026-07-25T10:50:28Z
2026-07-25T10:47:05Z,2026-07-25T12:47:05+0200,8f98f9ca-4a78-47a6-8878-9b0cbde920eb,2026-07-23T16:45:00Z,2026-07-23T18:45:00+0200,160.68,EUR/MWh,DK2,DK_2,day_ahead_price,value,2026-07-25T10:50:28Z
2026-07-25T10:47:05Z,2026-07-25T12:47:05+0200,8f98f9ca-4a78-47a6-8878-9b0cbde920eb,2026-07-23T17:00:00Z,2026-07-23T19:00:00+0200,157.009995,EUR/MWh,DK2,DK_2,day_ahead_price,value,2026-07-25T10:50:28Z
2026-07-25T10:47:05Z,2026-07-25T12:47:05+0200,8f98f9ca-4a78-47a6-8878-9b0cbde920eb,2026-07-23T17:15:00Z,2026-07-23T19:15:00+0200,164.669998,EUR/MWh,DK2,DK_2,day_ahead_price,value,2026-07-25T10:50:28Z
2026-07-25T10:47:05Z,2026-07-25T12:47:05+0200,8f98f9ca-4a78-47a6-8878-9b0cbde920eb,2026-07-23T17:30:00Z,2026-07-23T19:30:00+0200,168.29,EUR/MWh,DK2,DK_2,day_ahead_price,value,2026-07-25T10:50:28Z
2026-07-25T10:47:05Z,2026-07-25T12:47:05+0200,8f98f9ca-4a78-47a6-8878-9b0cbde920eb,2026-07-23T17:45:00Z,2026-07-23T19:45:00+0200,178.7,EUR/MWh,DK2,DK_2,day_ahead_price,value,2026-07-25T10:50:28Z
2026-07-25T10:47:05Z,2026-07-25T12:47:05+0200,8f98f9ca-4a78-47a6-8878-9b0cbde920eb,2026-07-23T18:00:00Z,2026-07-23T20:00:00+0200,172.789993,EUR/MWh,DK2,DK_2,day_ahead_price,value,2026-07-25T10:50:28Z
2026-07-25T10:47:05Z,2026-07-25T12:47:05+0200,8f98f9ca-4a78-47a6-8878-9b0cbde920eb,2026-07-23T18:15:00Z,2026-07-23T20:15:00+0200,183.770004,EUR/MWh,DK2,DK_2,day_ahead_price,value,2026-07-25T10:50:28Z
2026-07-25T10:47:05Z,2026-07-25T12:47:05+0200,8f98f9ca-4a78-47a6-8878-9b0cbde920eb,2026-07-23T18:30:00Z,2026-07-23T20:30:00+0200,184.440002,EUR/MWh,DK2,DK_2,day_ahead_price,value,2026-07-25T10:50:28Z
2026-07-25T10:47:05Z,2026-07-25T12:47:05+0200,8f98f9ca-4a78-47a6-8878-9b0cbde920eb,2026-07-23T18:45:00Z,2026-07-23T20:45:00+0200,197.51,EUR/MWh,DK2,DK_2,day_ahead_price,value,2026-07-25T10:50:28Z
2026-07-25T10:47:05Z,2026-07-25T12:47:05+0200,8f98f9ca-4a78-47a6-8878-9b0cbde920eb,2026-07-23T19:00:00Z,2026-07-23T21:00:00+0200,192.84,EUR/MWh,DK2,DK_2,day_ahead_price,value,2026-07-25T10:50:28Z
2026-07-25T10:47:05Z,2026-07-25T12:47:05+0200,8f98f9ca-4a78-47a6-8878-9b0cbde920eb,2026-07-23T19:15:00Z,2026-07-23T21:15:00+0200,191.800003,EUR/MWh,DK2,DK_2,day_ahead_price,value,2026-07-25T10:50:28Z
2026-07-25T10:47:05Z,2026-07-25T12:47:05+0200,8f98f9ca-4a78-47a6-8878-9b0cbde920eb,2026-07-23T19:30:00Z,2026-07-23T21:30:00+0200,189.71,EUR/MWh,DK2,DK_2,day_ahead_price,value,2026-07-25T10:50:28Z
2026-07-25T10:47:05Z,2026-07-25T12:47:05+0200,8f98f9ca-4a78-47a6-8878-9b0cbde920eb,2026-07-23T19:45:00Z,2026-07-23T21:45:00+0200,185.679993,EUR/MWh,DK2,DK_2,day_ahead_price,value,2026-07-25T10:50:28Z
2026-07-25T10:47:05Z,2026-07-25T12:47:05+0200,8f98f9ca-4a78-47a6-8878-9b0cbde920eb,2026-07-23T20:00:00Z,2026-07-23T22:00:00+0200,195.929993,EUR/MWh,DK2,DK_2,day_ahead_price,value,2026-07-25T10:50:28Z
2026-07-25T10:47:05Z,2026-07-25T12:47:05+0200,8f98f9ca-4a78-47a6-8878-9b0cbde920eb,2026-07-23T20:15:00Z,2026-07-23T22:15:00+0200,188.970001,EUR/MWh,DK2,DK_2,day_ahead_price,value,2026-07-25T10:50:28Z
2026-07-25T10:47:05Z,2026-07-25T12:47:05+0200,8f98f9ca-4a78-47a6-8878-9b0cbde920eb,2026-07-23T20:30:00Z,2026-07-23T22:30:00+0200,184.300003,EUR/MWh,DK2,DK_2,day_ahead_price,value,2026-07-25T10:50:28Z
2026-07-25T10:47:05Z,2026-07-25T12:47:05+0200,8f98f9ca-4a78-47a6-8878-9b0cbde920eb,2026-07-23T20:45:00Z,2026-07-23T22:45:00+0200,177.01,EUR/MWh,DK2,DK_2,day_ahead_price,value,2026-07-25T10:50:28Z
2026-07-25T10:47:05Z,2026-07-25T12:47:05+0200,8f98f9ca-4a78-47a6-8878-9b0cbde920eb,2026-07-23T21:00:00Z,2026-07-23T23:00:00+0200,181.690002,EUR/MWh,DK2,DK_2,day_ahead_price,value,2026-07-25T10:50:28Z
2026-07-25T10:47:05Z,2026-07-25T12:47:05+0200,8f98f9ca-4a78-47a6-8878-9b0cbde920eb,2026-07-23T21:15:00Z,2026-07-23T23:15:00+0200,170.669998,EUR/MWh,DK2,DK_2,day_ahead_price,value,2026-07-25T10:50:28Z
2026-07-25T10:47:05Z,2026-07-25T12:47:05+0200,8f98f9ca-4a78-47a6-8878-9b0cbde920eb,2026-07-23T21:30:00Z,2026-07-23T23:30:00+0200,166.949997,EUR/MWh,DK2,DK_2,day_ahead_price,value,2026-07-25T10:50:28Z
2026-07-25T10:47:05Z,2026-07-25T12:47:05+0200,8f98f9ca-4a78-47a6-8878-9b0cbde920eb,2026-07-23T21:45:00Z,2026-07-23T23:45:00+0200,162.399994,EUR/MWh,DK2,DK_2,day_ahead_price,value,2026-07-25T10:50:28Z
2026-07-25T10:47:05Z,2026-07-25T12:47:05+0200,8f98f9ca-4a78-47a6-8878-9b0cbde920eb,2026-07-23T22:00:00Z,2026-07-24T00:00:00+0200,168.23,EUR/MWh,DK2,DK_2,day_ahead_price,value,2026-07-25T10:50:28Z
2026-07-25T10:47:05Z,2026-07-25T12:47:05+0200,8f98f9ca-4a78-47a6-8878-9b0cbde920eb,2026-07-23T22:15:00Z,2026-07-24T00:15:00+0200,163.65,EUR/MWh,DK2,DK_2,day_ahead_price,value,2026-07-25T10:50:28Z
2026-07-25T10:47:05Z,2026-07-25T12:47:05+0200,8f98f9ca-4a78-47a6-8878-9b0cbde920eb,2026-07-23T22:30:00Z,2026-07-24T00:30:00+0200,160.59,EUR/MWh,DK2,DK_2,day_ahead_price,value,2026-07-25T10:50:28Z
2026-07-25T10:47:05Z,2026-07-25T12:47:05+0200,8f98f9ca-4a78-47a6-8878-9b0cbde920eb,2026-07-23T22:45:00Z,2026-07-24T00:45:00+0200,151.56,EUR/MWh,DK2,DK_2,day_ahead_price,value,2026-07-25T10:50:28Z
2026-07-25T10:47:05Z,2026-07-25T12:47:05+0200,8f98f9ca-4a78-47a6-8878-9b0cbde920eb,2026-07-23T23:00:00Z,2026-07-24T01:00:00+0200,162.68,EUR/MWh,DK2,DK_2,day_ahead_price,value,2026-07-25T10:50:28Z
2026-07-25T10:47:05Z,2026-07-25T12:47:05+0200,8f98f9ca-4a78-47a6-8878-9b0cbde920eb,2026-07-23T23:15:00Z,2026-07-24T01:15:00+0200,158.02,EUR/MWh,DK2,DK_2,day_ahead_price,value,2026-07-25T10:50:28Z
2026-07-25T10:47:05Z,2026-07-25T12:47:05+0200,8f98f9ca-4a78-47a6-8878-9b0cbde920eb,2026-07-23T23:30:00Z,2026-07-24T01:30:00+0200,155.9,EUR/MWh,DK2,DK_2,day_ahead_price,value,2026-07-25T10:50:28Z
2026-07-25T10:47:05Z,2026-07-25T12:47:05+0200,8f98f9ca-4a78-47a6-8878-9b0cbde920eb,2026-07-23T23:45:00Z,2026-07-24T01:45:00+0200,151.95,EUR/MWh,DK2,DK_2,day_ahead_price,value,2026-07-25T10:50:28Z
2026-07-25T10:47:05Z,2026-07-25T12:47:05+0200,8f98f9ca-4a78-47a6-8878-9b0cbde920eb,2026-07-24T00:00:00Z,2026-07-24T02:00:00+0200,155.27,EUR/MWh,DK2,DK_2,day_ahead_price,value,2026-07-25T10:50:28Z
2026-07-25T10:47:05Z,2026-07-25T12:47:05+0200,8f98f9ca-4a78-47a6-8878-9b0cbde920eb,2026-07-24T00:15:00Z,2026-07-24T02:15:00+0200,151.7,EUR/MWh,DK2,DK_2,day_ahead_price,value,2026-07-25T10:50:28Z
2026-07-25T10:47:05Z,2026-07-25T12:47:05+0200,8f98f9ca-4a78-47a6-8878-9b0cbde920eb,2026-07-24T00:30:00Z,2026-07-24T02:30:00+0200,150.4,EUR/MWh,DK2,DK_2,day_ahead_price,value,2026-07-25T10:50:28Z
2026-07-25T10:47:05Z,2026-07-25T12:47:05+0200,8f98f9ca-4a78-47a6-8878-9b0cbde920eb,2026-07-24T00:45:00Z,2026-07-24T02:45:00+0200,149.16,EUR/MWh,DK2,DK_2,day_ahead_price,value,2026-07-25T10:50:28Z
2026-07-25T10:47:05Z,2026-07-25T12:47:05+0200,8f98f9ca-4a78-47a6-8878-9b0cbde920eb,2026-07-24T01:00:00Z,2026-07-24T03:00:00+0200,153.55,EUR/MWh,DK2,DK_2,day_ahead_price,value,2026-07-25T10:50:28Z
2026-07-25T10:47:05Z,2026-07-25T12:47:05+0200,8f98f9ca-4a78-47a6-8878-9b0cbde920eb,2026-07-24T01:15:00Z,2026-07-24T03:15:00+0200,144.67,EUR/MWh,DK2,DK_2,day_ahead_price,value,2026-07-25T10:50:28Z
2026-07-25T10:47:05Z,2026-07-25T12:47:05+0200,8f98f9ca-4a78-47a6-8878-9b0cbde920eb,2026-07-24T01:30:00Z,2026-07-24T03:30:00+0200,143.96,EUR/MWh,DK2,DK_2,day_ahead_price,value,2026-07-25T10:50:28Z
2026-07-25T10:47:05Z,2026-07-25T12:47:05+0200,8f98f9ca-4a78-47a6-8878-9b0cbde920eb,2026-07-24T01:45:00Z,2026-07-24T03:45:00+0200,143.61,EUR/MWh,DK2,DK_2,day_ahead_price,value,2026-07-25T10:50:28Z
2026-07-25T10:47:05Z,2026-07-25T12:47:05+0200,8f98f9ca-4a78-47a6-8878-9b0cbde920eb,2026-07-24T02:00:00Z,2026-07-24T04:00:00+0200,144.68,EUR/MWh,DK2,DK_2,day_ahead_price,value,2026-07-25T10:50:28Z
2026-07-25T10:47:05Z,2026-07-25T12:47:05+0200,8f98f9ca-4a78-47a6-8878-9b0cbde920eb,2026-07-24T02:15:00Z,2026-07-24T04:15:00+0200,144.29,EUR/MWh,DK2,DK_2,day_ahead_price,value,2026-07-25T10:50:28Z
2026-07-25T10:47:05Z,2026-07-25T12:47:05+0200,8f98f9ca-4a78-47a6-8878-9b0cbde920eb,2026-07-24T02:30:00Z,2026-07-24T04:30:00+0200,144.82,EUR/MWh,DK2,DK_2,day_ahead_price,value,2026-07-25T10:50:28Z
2026-07-25T10:47:05Z,2026-07-25T12:47:05+0200,8f98f9ca-4a78-47a6-8878-9b0cbde920eb,2026-07-24T02:45:00Z,2026-07-24T04:45:00+0200,153.62,EUR/MWh,DK2,DK_2,day_ahead_price,value,2026-07-25T10:50:28Z
2026-07-25T10:47:05Z,2026-07-25T12:47:05+0200,8f98f9ca-4a78-47a6-8878-9b0cbde920eb,2026-07-24T03:00:00Z,2026-07-24T05:00:00+0200,152.42,EUR/MWh,DK2,DK_2,day_ahead_price,value,2026-07-25T10:50:28Z
2026-07-25T10:47:05Z,2026-07-25T12:47:05+0200,8f98f9ca-4a78-47a6-8878-9b0cbde920eb,2026-07-24T03:15:00Z,2026-07-24T05:15:00+0200,157.92,EUR/MWh,DK2,DK_2,day_ahead_price,value,2026-07-25T10:50:28Z
2026-07-25T10:47:05Z,2026-07-25T12:47:05+0200,8f98f9ca-4a78-47a6-8878-9b0cbde920eb,2026-07-24T03:30:00Z,2026-07-24T05:30:00+0200,150.92,EUR/MWh,DK2,DK_2,day_ahead_price,value,2026-07-25T10:50:28Z
2026-07-25T10:47:05Z,2026-07-25T12:47:05+0200,8f98f9ca-4a78-47a6-8878-9b0cbde920eb,2026-07-24T03:45:00Z,2026-07-24T05:45:00+0200,152.69,EUR/MWh,DK2,DK_2,day_ahead_price,value,2026-07-25T10:50:28Z
2026-07-25T10:47:05Z,2026-07-25T12:47:05+0200,8f98f9ca-4a78-47a6-8878-9b0cbde920eb,2026-07-24T04:00:00Z,2026-07-24T06:00:00+0200,160.21,EUR/MWh,DK2,DK_2,day_ahead_price,value,2026-07-25T10:50:28Z
2026-07-25T10:47:05Z,2026-07-25T12:47:05+0200,8f98f9ca-4a78-47a6-8878-9b0cbde920eb,2026-07-24T04:15:00Z,2026-07-24T06:15:00+0200,159.35,EUR/MWh,DK2,DK_2,day_ahead_price,value,2026-07-25T10:50:28Z
2026-07-25T10:47:05Z,2026-07-25T12:47:05+0200,8f98f9ca-4a78-47a6-8878-9b0cbde920eb,2026-07-24T04:30:00Z,2026-07-24T06:30:00+0200,168.11,EUR/MWh,DK2,DK_2,day_ahead_price,value,2026-07-25T10:50:28Z
2026-07-25T10:47:05Z,2026-07-25T12:47:05+0200,8f98f9ca-4a78-47a6-8878-9b0cbde920eb,2026-07-24T04:45:00Z,2026-07-24T06:45:00+0200,162.58,EUR/MWh,DK2,DK_2,day_ahead_price,value,2026-07-25T10:50:28Z
2026-07-25T10:47:05Z,2026-07-25T12:47:05+0200,8f98f9ca-4a78-47a6-8878-9b0cbde920eb,2026-07-24T05:00:00Z,2026-07-24T07:00:00+0200,175.56,EUR/MWh,DK2,DK_2,day_ahead_price,value,2026-07-25T10:50:28Z
2026-07-25T10:47:05Z,2026-07-25T12:47:05+0200,8f98f9ca-4a78-47a6-8878-9b0cbde920eb,2026-07-24T05:15:00Z,2026-07-24T07:15:00+0200,170.3,EUR/MWh,DK2,DK_2,day_ahead_price,value,2026-07-25T10:50:28Z
2026-07-25T10:47:05Z,2026-07-25T12:47:05+0200,8f98f9ca-4a78-47a6-8878-9b0cbde920eb,2026-07-24T05:30:00Z,2026-07-24T07:30:00+0200,163.06,EUR/MWh,DK2,DK_2,day_ahead_price,value,2026-07-25T10:50:28Z
2026-07-25T10:47:05Z,2026-07-25T12:47:05+0200,8f98f9ca-4a78-47a6-8878-9b0cbde920eb,2026-07-24T05:45:00Z,2026-07-24T07:45:00+0200,152.0,EUR/MWh,DK2,DK_2,day_ahead_price,value,2026-07-25T10:50:28Z
2026-07-25T10:47:05Z,2026-07-25T12:47:05+0200,8f98f9ca-4a78-47a6-8878-9b0cbde920eb,2026-07-24T06:00:00Z,2026-07-24T08:00:00+0200,174.02,EUR/MWh,DK2,DK_2,day_ahead_price,value,2026-07-25T10:50:28Z
2026-07-25T10:47:05Z,2026-07-25T12:47:05+0200,8f98f9ca-4a78-47a6-8878-9b0cbde920eb,2026-07-24T06:15:00Z,2026-07-24T08:15:00+0200,166.77,EUR/MWh,DK2,DK_2,day_ahead_price,value,2026-07-25T10:50:28Z
2026-07-25T10:47:05Z,2026-07-25T12:47:05+0200,8f98f9ca-4a78-47a6-8878-9b0cbde920eb,2026-07-24T06:30:00Z,2026-07-24T08:30:00+0200,159.5,EUR/MWh,DK2,DK_2,day_ahead_price,value,2026-07-25T10:50:28Z
2026-07-25T10:47:05Z,2026-07-25T12:47:05+0200,8f98f9ca-4a78-47a6-8878-9b0cbde920eb,2026-07-24T06:45:00Z,2026-07-24T08:45:00+0200,139.93,EUR/MWh,DK2,DK_2,day_ahead_price,value,2026-07-25T10:50:28Z
2026-07-25T10:47:05Z,2026-07-25T12:47:05+0200,8f98f9ca-4a78-47a6-8878-9b0cbde920eb,2026-07-24T07:00:00Z,2026-07-24T09:00:00+0200,168.81,EUR/MWh,DK2,DK_2,day_ahead_price,value,2026-07-25T10:50:28Z
2026-07-25T10:47:05Z,2026-07-25T12:47:05+0200,8f98f9ca-4a78-47a6-8878-9b0cbde920eb,2026-07-24T07:15:00Z,2026-07-24T09:15:00+0200,130.47,EUR/MWh,DK2,DK_2,day_ahead_price,value,2026-07-25T10:50:28Z
2026-07-25T10:47:05Z,2026-07-25T12:47:05+0200,8f98f9ca-4a78-47a6-8878-9b0cbde920eb,2026-07-24T07:30:00Z,2026-07-24T09:30:00+0200,117.42,EUR/MWh,DK2,DK_2,day_ahead_price,value,2026-07-25T10:50:28Z
2026-07-25T10:47:05Z,2026-07-25T12:47:05+0200,8f98f9ca-4a78-47a6-8878-9b0cbde920eb,2026-07-24T07:45:00Z,2026-07-24T09:45:00+0200,111.23,EUR/MWh,DK2,DK_2,day_ahead_price,value,2026-07-25T10:50:28Z
2026-07-25T10:47:05Z,2026-07-25T12:47:05+0200,8f98f9ca-4a78-47a6-8878-9b0cbde920eb,2026-07-24T08:00:00Z,2026-07-24T10:00:00+0200,117.35,EUR/MWh,DK2,DK_2,day_ahead_price,value,2026-07-25T10:50:28Z
2026-07-25T10:47:05Z,2026-07-25T12:47:05+0200,8f98f9ca-4a78-47a6-8878-9b0cbde920eb,2026-07-24T08:15:00Z,2026-07-24T10:15:00+0200,107.14,EUR/MWh,DK2,DK_2,day_ahead_price,value,2026-07-25T10:50:28Z
2026-07-25T10:47:05Z,2026-07-25T12:47:05+0200,8f98f9ca-4a78-47a6-8878-9b0cbde920eb,2026-07-24T08:30:00Z,2026-07-24T10:30:00+0200,99.57,EUR/MWh,DK2,DK_2,day_ahead_price,value,2026-07-25T10:50:28Z
2026-07-25T10:47:05Z,2026-07-25T12:47:05+0200,8f98f9ca-4a78-47a6-8878-9b0cbde920eb,2026-07-24T08:45:00Z,2026-07-24T10:45:00+0200,90.27,EUR/MWh,DK2,DK_2,day_ahead_price,value,2026-07-25T10:50:28Z
2026-07-25T10:47:05Z,2026-07-25T12:47:05+0200,8f98f9ca-4a78-47a6-8878-9b0cbde920eb,2026-07-24T09:00:00Z,2026-07-24T11:00:00+0200,88.84,EUR/MWh,DK2,DK_2,day_ahead_price,value,2026-07-25T10:50:28Z
2026-07-25T10:47:05Z,2026-07-25T12:47:05+0200,8f98f9ca-4a78-47a6-8878-9b0cbde920eb,2026-07-24T09:15:00Z,2026-07-24T11:15:00+0200,80.14,EUR/MWh,DK2,DK_2,day_ahead_price,value,2026-07-25T10:50:28Z
2026-07-25T10:47:05Z,2026-07-25T12:47:05+0200,8f98f9ca-4a78-47a6-8878-9b0cbde920eb,2026-07-24T09:30:00Z,2026-07-24T11:30:00+0200,75.71,EUR/MWh,DK2,DK_2,day_ahead_price,value,2026-07-25T10:50:28Z
2026-07-25T10:47:05Z,2026-07-25T12:47:05+0200,8f98f9ca-4a78-47a6-8878-9b0cbde920eb,2026-07-24T09:45:00Z,2026-07-24T11:45:00+0200,64.76,EUR/MWh,DK2,DK_2,day_ahead_price,value,2026-07-25T10:50:28Z
2026-07-25T10:47:05Z,2026-07-25T12:47:05+0200,8f98f9ca-4a78-47a6-8878-9b0cbde920eb,2026-07-24T10:00:00Z,2026-07-24T12:00:00+0200,66.02,EUR/MWh,DK2,DK_2,day_ahead_price,value,2026-07-25T10:50:28Z
2026-07-25T10:47:05Z,2026-07-25T12:47:05+0200,8f98f9ca-4a78-47a6-8878-9b0cbde920eb,2026-07-24T10:15:00Z,2026-07-24T12:15:00+0200,54.41,EUR/MWh,DK2,DK_2,day_ahead_price,value,2026-07-25T10:50:28Z
2026-07-25T10:47:05Z,2026-07-25T12:47:05+0200,8f98f9ca-4a78-47a6-8878-9b0cbde920eb,2026-07-24T10:30:00Z,2026-07-24T12:30:00+0200,40.35,EUR/MWh,DK2,DK_2,day_ahead_price,value,2026-07-25T10:50:28Z
2026-07-25T10:47:05Z,2026-07-25T12:47:05+0200,8f98f9ca-4a78-47a6-8878-9b0cbde920eb,2026-07-24T10:45:00Z,2026-07-24T12:45:00+0200,26.72,EUR/MWh,DK2,DK_2,day_ahead_price,value,2026-07-25T10:50:28Z
2026-07-25T10:47:05Z,2026-07-25T12:47:05+0200,8f98f9ca-4a78-47a6-8878-9b0cbde920eb,2026-07-24T11:00:00Z,2026-07-24T13:00:00+0200,38.82,EUR/MWh,DK2,DK_2,day_ahead_price,value,2026-07-25T10:50:28Z
2026-07-25T10:47:05Z,2026-07-25T12:47:05+0200,8f98f9ca-4a78-47a6-8878-9b0cbde920eb,2026-07-24T11:15:00Z,2026-07-24T13:15:00+0200,24.63,EUR/MWh,DK2,DK_2,day_ahead_price,value,2026-07-25T10:50:28Z
2026-07-25T10:47:05Z,2026-07-25T12:47:05+0200,8f98f9ca-4a78-47a6-8878-9b0cbde920eb,2026-07-24T11:30:00Z,2026-07-24T13:30:00+0200,18.91,EUR/MWh,DK2,DK_2,day_ahead_price,value,2026-07-25T10:50:28Z
2026-07-25T10:47:05Z,2026-07-25T12:47:05+0200,8f98f9ca-4a78-47a6-8878-9b0cbde920eb,2026-07-24T11:45:00Z,2026-07-24T13:45:00+0200,9.29,EUR/MWh,DK2,DK_2,day_ahead_price,value,2026-07-25T10:50:28Z
2026-07-25T10:47:05Z,2026-07-25T12:47:05+0200,8f98f9ca-4a78-47a6-8878-9b0cbde920eb,2026-07-24T12:00:00Z,2026-07-24T14:00:00+0200,6.79,EUR/MWh,DK2,DK_2,day_ahead_price,value,2026-07-25T10:50:28Z
2026-07-25T10:47:05Z,2026-07-25T12:47:05+0200,8f98f9ca-4a78-47a6-8878-9b0cbde920eb,2026-07-24T12:15:00Z,2026-07-24T14:15:00+0200,6.62,EUR/MWh,DK2,DK_2,day_ahead_price,value,2026-07-25T10:50:28Z
2026-07-25T10:47:05Z,2026-07-25T12:47:05+0200,8f98f9ca-4a78-47a6-8878-9b0cbde920eb,2026-07-24T12:30:00Z,2026-07-24T14:30:00+0200,7.4,EUR/MWh,DK2,DK_2,day_ahead_price,value,2026-07-25T10:50:28Z
2026-07-25T10:47:05Z,2026-07-25T12:47:05+0200,8f98f9ca-4a78-47a6-8878-9b0cbde920eb,2026-07-24T12:45:00Z,2026-07-24T14:45:00+0200,10.65,EUR/MWh,DK2,DK_2,day_ahead_price,value,2026-07-25T10:50:28Z
2026-07-25T10:47:05Z,2026-07-25T12:47:05+0200,8f98f9ca-4a78-47a6-8878-9b0cbde920eb,2026-07-24T13:00:00Z,2026-07-24T15:00:00+0200,5.55,EUR/MWh,DK2,DK_2,day_ahead_price,value,2026-07-25T10:50:28Z
2026-07-25T10:47:05Z,2026-07-25T12:47:05+0200,8f98f9ca-4a78-47a6-8878-9b0cbde920eb,2026-07-24T13:15:00Z,2026-07-24T15:15:00+0200,7.35,EUR/MWh,DK2,DK_2,day_ahead_price,value,2026-07-25T10:50:28Z
2026-07-25T10:47:05Z,2026-07-25T12:47:05+0200,8f98f9ca-4a78-47a6-8878-9b0cbde920eb,2026-07-24T13:30:00Z,2026-07-24T15:30:00+0200,20.89,EUR/MWh,DK2,DK_2,day_ahead_price,value,2026-07-25T10:50:28Z
2026-07-25T10:47:05Z,2026-07-25T12:47:05+0200,8f98f9ca-4a78-47a6-8878-9b0cbde920eb,2026-07-24T13:45:00Z,2026-07-24T15:45:00+0200,37.8,EUR/MWh,DK2,DK_2,day_ahead_price,value,2026-07-25T10:50:28Z
2026-07-25T10:47:05Z,2026-07-25T12:47:05+0200,8f98f9ca-4a78-47a6-8878-9b0cbde920eb,2026-07-24T14:00:00Z,2026-07-24T16:00:00+0200,33.33,EUR/MWh,DK2,DK_2,day_ahead_price,value,2026-07-25T10:50:28Z
2026-07-25T10:47:05Z,2026-07-25T12:47:05+0200,8f98f9ca-4a78-47a6-8878-9b0cbde920eb,2026-07-24T14:15:00Z,2026-07-24T16:15:00+0200,61.39,EUR/MWh,DK2,DK_2,day_ahead_price,value,2026-07-25T10:50:28Z
2026-07-25T10:47:05Z,2026-07-25T12:47:05+0200,8f98f9ca-4a78-47a6-8878-9b0cbde920eb,2026-07-24T14:30:00Z,2026-07-24T16:30:00+0200,81.9,EUR/MWh,DK2,DK_2,day_ahead_price,value,2026-07-25T10:50:28Z
2026-07-25T10:47:05Z,2026-07-25T12:47:05+0200,8f98f9ca-4a78-47a6-8878-9b0cbde920eb,2026-07-24T14:45:00Z,2026-07-24T16:45:00+0200,102.13,EUR/MWh,DK2,DK_2,day_ahead_price,value,2026-07-25T10:50:28Z
2026-07-25T10:47:05Z,2026-07-25T12:47:05+0200,8f98f9ca-4a78-47a6-8878-9b0cbde920eb,2026-07-24T15:00:00Z,2026-07-24T17:00:00+0200,76.7,EUR/MWh,DK2,DK_2,day_ahead_price,value,2026-07-25T10:50:28Z
2026-07-25T10:47:05Z,2026-07-25T12:47:05+0200,8f98f9ca-4a78-47a6-8878-9b0cbde920eb,2026-07-24T15:15:00Z,2026-07-24T17:15:00+0200,111.49,EUR/MWh,DK2,DK_2,day_ahead_price,value,2026-07-25T10:50:28Z
2026-07-25T10:47:05Z,2026-07-25T12:47:05+0200,8f98f9ca-4a78-47a6-8878-9b0cbde920eb,2026-07-24T15:30:00Z,2026-07-24T17:30:00+0200,126.22,EUR/MWh,DK2,DK_2,day_ahead_price,value,2026-07-25T10:50:28Z
2026-07-25T10:47:05Z,2026-07-25T12:47:05+0200,8f98f9ca-4a78-47a6-8878-9b0cbde920eb,2026-07-24T15:45:00Z,2026-07-24T17:45:00+0200,140.15,EUR/MWh,DK2,DK_2,day_ahead_price,value,2026-07-25T10:50:28Z
2026-07-25T10:47:05Z,2026-07-25T12:47:05+0200,8f98f9ca-4a78-47a6-8878-9b0cbde920eb,2026-07-24T16:00:00Z,2026-07-24T18:00:00+0200,127.04,EUR/MWh,DK2,DK_2,day_ahead_price,value,2026-07-25T10:50:28Z
2026-07-25T10:47:05Z,2026-07-25T12:47:05+0200,8f98f9ca-4a78-47a6-8878-9b0cbde920eb,2026-07-24T16:15:00Z,2026-07-24T18:15:00+0200,147.38,EUR/MWh,DK2,DK_2,day_ahead_price,value,2026-07-25T10:50:28Z
2026-07-25T10:47:05Z,2026-07-25T12:47:05+0200,8f98f9ca-4a78-47a6-8878-9b0cbde920eb,2026-07-24T16:30:00Z,2026-07-24T18:30:00+0200,161.05,EUR/MWh,DK2,DK_2,day_ahead_price,value,2026-07-25T10:50:28Z
2026-07-25T10:47:05Z,2026-07-25T12:47:05+0200,8f98f9ca-4a78-47a6-8878-9b0cbde920eb,2026-07-24T16:45:00Z,2026-07-24T18:45:00+0200,174.15,EUR/MWh,DK2,DK_2,day_ahead_price,value,2026-07-25T10:50:28Z
2026-07-25T10:47:05Z,2026-07-25T12:47:05+0200,8f98f9ca-4a78-47a6-8878-9b0cbde920eb,2026-07-24T17:00:00Z,2026-07-24T19:00:00+0200,148.77,EUR/MWh,DK2,DK_2,day_ahead_price,value,2026-07-25T10:50:28Z
2026-07-25T10:47:05Z,2026-07-25T12:47:05+0200,8f98f9ca-4a78-47a6-8878-9b0cbde920eb,2026-07-24T17:15:00Z,2026-07-24T19:15:00+0200,175.92,EUR/MWh,DK2,DK_2,day_ahead_price,value,2026-07-25T10:50:28Z
2026-07-25T10:47:05Z,2026-07-25T12:47:05+0200,8f98f9ca-4a78-47a6-8878-9b0cbde920eb,2026-07-24T17:30:00Z,2026-07-24T19:30:00+0200,190.23,EUR/MWh,DK2,DK_2,day_ahead_price,value,2026-07-25T10:50:28Z
2026-07-25T10:47:05Z,2026-07-25T12:47:05+0200,8f98f9ca-4a78-47a6-8878-9b0cbde920eb,2026-07-24T17:45:00Z,2026-07-24T19:45:00+0200,204.95,EUR/MWh,DK2,DK_2,day_ahead_price,value,2026-07-25T10:50:28Z
2026-07-25T10:47:05Z,2026-07-25T12:47:05+0200,8f98f9ca-4a78-47a6-8878-9b0cbde920eb,2026-07-24T18:00:00Z,2026-07-24T20:00:00+0200,188.45,EUR/MWh,DK2,DK_2,day_ahead_price,value,2026-07-25T10:50:28Z
2026-07-25T10:47:05Z,2026-07-25T12:47:05+0200,8f98f9ca-4a78-47a6-8878-9b0cbde920eb,2026-07-24T18:15:00Z,2026-07-24T20:15:00+0200,194.44,EUR/MWh,DK2,DK_2,day_ahead_price,value,2026-07-25T10:50:28Z
2026-07-25T10:47:05Z,2026-07-25T12:47:05+0200,8f98f9ca-4a78-47a6-8878-9b0cbde920eb,2026-07-24T18:30:00Z,2026-07-24T20:30:00+0200,206.82,EUR/MWh,DK2,DK_2,day_ahead_price,value,2026-07-25T10:50:28Z
2026-07-25T10:47:05Z,2026-07-25T12:47:05+0200,8f98f9ca-4a78-47a6-8878-9b0cbde920eb,2026-07-24T18:45:00Z,2026-07-24T20:45:00+0200,212.96,EUR/MWh,DK2,DK_2,day_ahead_price,value,2026-07-25T10:50:28Z
2026-07-25T10:47:05Z,2026-07-25T12:47:05+0200,8f98f9ca-4a78-47a6-8878-9b0cbde920eb,2026-07-24T19:00:00Z,2026-07-24T21:00:00+0200,210.14,EUR/MWh,DK2,DK_2,day_ahead_price,value,2026-07-25T10:50:28Z
2026-07-25T10:47:05Z,2026-07-25T12:47:05+0200,8f98f9ca-4a78-47a6-8878-9b0cbde920eb,2026-07-24T19:15:00Z,2026-07-24T21:15:00+0200,207.5,EUR/MWh,DK2,DK_2,day_ahead_price,value,2026-07-25T10:50:28Z
2026-07-25T10:47:05Z,2026-07-25T12:47:05+0200,8f98f9ca-4a78-47a6-8878-9b0cbde920eb,2026-07-24T19:30:00Z,2026-07-24T21:30:00+0200,201.68,EUR/MWh,DK2,DK_2,day_ahead_price,value,2026-07-25T10:50:28Z
2026-07-25T10:47:05Z,2026-07-25T12:47:05+0200,8f98f9ca-4a78-47a6-8878-9b0cbde920eb,2026-07-24T19:45:00Z,2026-07-24T21:45:00+0200,195.6,EUR/MWh,DK2,DK_2,day_ahead_price,value,2026-07-25T10:50:28Z
2026-07-25T10:47:05Z,2026-07-25T12:47:05+0200,8f98f9ca-4a78-47a6-8878-9b0cbde920eb,2026-07-24T20:00:00Z,2026-07-24T22:00:00+0200,208.01,EUR/MWh,DK2,DK_2,day_ahead_price,value,2026-07-25T10:50:28Z
2026-07-25T10:47:05Z,2026-07-25T12:47:05+0200,8f98f9ca-4a78-47a6-8878-9b0cbde920eb,2026-07-24T20:15:00Z,2026-07-24T22:15:00+0200,197.78,EUR/MWh,DK2,DK_2,day_ahead_price,value,2026-07-25T10:50:28Z
2026-07-25T10:47:05Z,2026-07-25T12:47:05+0200,8f98f9ca-4a78-47a6-8878-9b0cbde920eb,2026-07-24T20:30:00Z,2026-07-24T22:30:00+0200,188.64,EUR/MWh,DK2,DK_2,day_ahead_price,value,2026-07-25T10:50:28Z
2026-07-25T10:47:05Z,2026-07-25T12:47:05+0200,8f98f9ca-4a78-47a6-8878-9b0cbde920eb,2026-07-24T20:45:00Z,2026-07-24T22:45:00+0200,184.5,EUR/MWh,DK2,DK_2,day_ahead_price,value,2026-07-25T10:50:28Z
2026-07-25T10:47:05Z,2026-07-25T12:47:05+0200,8f98f9ca-4a78-47a6-8878-9b0cbde920eb,2026-07-24T21:00:00Z,2026-07-24T23:00:00+0200,185.48,EUR/MWh,DK2,DK_2,day_ahead_price,value,2026-07-25T10:50:28Z
2026-07-25T10:47:05Z,2026-07-25T12:47:05+0200,8f98f9ca-4a78-47a6-8878-9b0cbde920eb,2026-07-24T21:15:00Z,2026-07-24T23:15:00+0200,183.0,EUR/MWh,DK2,DK_2,day_ahead_price,value,2026-07-25T10:50:28Z
2026-07-25T10:47:05Z,2026-07-25T12:47:05+0200,8f98f9ca-4a78-47a6-8878-9b0cbde920eb,2026-07-24T21:30:00Z,2026-07-24T23:30:00+0200,181.31,EUR/MWh,DK2,DK_2,day_ahead_price,value,2026-07-25T10:50:28Z
2026-07-25T10:47:05Z,2026-07-25T12:47:05+0200,8f98f9ca-4a78-47a6-8878-9b0cbde920eb,2026-07-24T21:45:00Z,2026-07-24T23:45:00+0200,170.67,EUR/MWh,DK2,DK_2,day_ahead_price,value,2026-07-25T10:50:28Z
2026-07-25T10:47:05Z,2026-07-25T12:47:05+0200,8f98f9ca-4a78-47a6-8878-9b0cbde920eb,2026-07-24T22:00:00Z,2026-07-25T00:00:00+0200,175.92,EUR/MWh,DK2,DK_2,day_ahead_price,value,2026-07-25T10:50:28Z
2026-07-25T10:47:05Z,2026-07-25T12:47:05+0200,8f98f9ca-4a78-47a6-8878-9b0cbde920eb,2026-07-24T22:15:00Z,2026-07-25T00:15:00+0200,168.630005,EUR/MWh,DK2,DK_2,day_ahead_price,value,2026-07-25T10:50:28Z
2026-07-25T10:47:05Z,2026-07-25T12:47:05+0200,8f98f9ca-4a78-47a6-8878-9b0cbde920eb,2026-07-24T22:30:00Z,2026-07-25T00:30:00+0200,165.8,EUR/MWh,DK2,DK_2,day_ahead_price,value,2026-07-25T10:50:28Z
2026-07-25T10:47:05Z,2026-07-25T12:47:05+0200,8f98f9ca-4a78-47a6-8878-9b0cbde920eb,2026-07-24T22:45:00Z,2026-07-25T00:45:00+0200,157.49,EUR/MWh,DK2,DK_2,day_ahead_price,value,2026-07-25T10:50:28Z
2026-07-25T10:47:05Z,2026-07-25T12:47:05+0200,8f98f9ca-4a78-47a6-8878-9b0cbde920eb,2026-07-24T23:00:00Z,2026-07-25T01:00:00+0200,170.01,EUR/MWh,DK2,DK_2,day_ahead_price,value,2026-07-25T10:50:28Z
2026-07-25T10:47:05Z,2026-07-25T12:47:05+0200,8f98f9ca-4a78-47a6-8878-9b0cbde920eb,2026-07-24T23:15:00Z,2026-07-25T01:15:00+0200,156.58,EUR/MWh,DK2,DK_2,day_ahead_price,value,2026-07-25T10:50:28Z
2026-07-25T10:47:05Z,2026-07-25T12:47:05+0200,8f98f9ca-4a78-47a6-8878-9b0cbde920eb,2026-07-24T23:30:00Z,2026-07-25T01:30:00+0200,160.37,EUR/MWh,DK2,DK_2,day_ahead_price,value,2026-07-25T10:50:28Z
2026-07-25T10:47:05Z,2026-07-25T12:47:05+0200,8f98f9ca-4a78-47a6-8878-9b0cbde920eb,2026-07-24T23:45:00Z,2026-07-25T01:45:00+0200,156.98,EUR/MWh,DK2,DK_2,day_ahead_price,value,2026-07-25T10:50:28Z
2026-07-25T10:47:05Z,2026-07-25T12:47:05+0200,8f98f9ca-4a78-47a6-8878-9b0cbde920eb,2026-07-25T00:00:00Z,2026-07-25T02:00:00+0200,162.0,EUR/MWh,DK2,DK_2,day_ahead_price,value,2026-07-25T10:50:28Z
2026-07-25T10:47:05Z,2026-07-25T12:47:05+0200,8f98f9ca-4a78-47a6-8878-9b0cbde920eb,2026-07-25T00:15:00Z,2026-07-25T02:15:00+0200,158.62,EUR/MWh,DK2,DK_2,day_ahead_price,value,2026-07-25T10:50:28Z
2026-07-25T10:47:05Z,2026-07-25T12:47:05+0200,8f98f9ca-4a78-47a6-8878-9b0cbde920eb,2026-07-25T00:30:00Z,2026-07-25T02:30:00+0200,161.89,EUR/MWh,DK2,DK_2,day_ahead_price,value,2026-07-25T10:50:28Z
2026-07-25T10:47:05Z,2026-07-25T12:47:05+0200,8f98f9ca-4a78-47a6-8878-9b0cbde920eb,2026-07-25T00:45:00Z,2026-07-25T02:45:00+0200,158.259995,EUR/MWh,DK2,DK_2,day_ahead_price,value,2026-07-25T10:50:28Z
2026-07-25T10:47:05Z,2026-07-25T12:47:05+0200,8f98f9ca-4a78-47a6-8878-9b0cbde920eb,2026-07-25T01:00:00Z,2026-07-25T03:00:00+0200,161.37,EUR/MWh,DK2,DK_2,day_ahead_price,value,2026-07-25T10:50:28Z
2026-07-25T10:47:05Z,2026-07-25T12:47:05+0200,8f98f9ca-4a78-47a6-8878-9b0cbde920eb,2026-07-25T01:15:00Z,2026-07-25T03:15:00+0200,160.11,EUR/MWh,DK2,DK_2,day_ahead_price,value,2026-07-25T10:50:28Z
2026-07-25T10:47:05Z,2026-07-25T12:47:05+0200,8f98f9ca-4a78-47a6-8878-9b0cbde920eb,2026-07-25T01:30:00Z,2026-07-25T03:30:00+0200,159.570007,EUR/MWh,DK2,DK_2,day_ahead_price,value,2026-07-25T10:50:28Z
2026-07-25T10:47:05Z,2026-07-25T12:47:05+0200,8f98f9ca-4a78-47a6-8878-9b0cbde920eb,2026-07-25T01:45:00Z,2026-07-25T03:45:00+0200,153.570007,EUR/MWh,DK2,DK_2,day_ahead_price,value,2026-07-25T10:50:28Z
2026-07-25T10:47:05Z,2026-07-25T12:47:05+0200,8f98f9ca-4a78-47a6-8878-9b0cbde920eb,2026-07-25T02:00:00Z,2026-07-25T04:00:00+0200,154.880005,EUR/MWh,DK2,DK_2,day_ahead_price,value,2026-07-25T10:50:28Z
2026-07-25T10:47:05Z,2026-07-25T12:47:05+0200,8f98f9ca-4a78-47a6-8878-9b0cbde920eb,2026-07-25T02:15:00Z,2026-07-25T04:15:00+0200,148.84,EUR/MWh,DK2,DK_2,day_ahead_price,value,2026-07-25T10:50:28Z
2026-07-25T10:47:05Z,2026-07-25T12:47:05+0200,8f98f9ca-4a78-47a6-8878-9b0cbde920eb,2026-07-25T02:30:00Z,2026-07-25T04:30:00+0200,141.93,EUR/MWh,DK2,DK_2,day_ahead_price,value,2026-07-25T10:50:28Z
2026-07-25T10:47:05Z,2026-07-25T12:47:05+0200,8f98f9ca-4a78-47a6-8878-9b0cbde920eb,2026-07-25T02:45:00Z,2026-07-25T04:45:00+0200,132.63,EUR/MWh,DK2,DK_2,day_ahead_price,value,2026-07-25T10:50:28Z
2026-07-25T10:47:05Z,2026-07-25T12:47:05+0200,8f98f9ca-4a78-47a6-8878-9b0cbde920eb,2026-07-25T03:00:00Z,2026-07-25T05:00:00+0200,132.59,EUR/MWh,DK2,DK_2,day_ahead_price,value,2026-07-25T10:50:28Z
2026-07-25T10:47:05Z,2026-07-25T12:47:05+0200,8f98f9ca-4a78-47a6-8878-9b0cbde920eb,2026-07-25T03:15:00Z,2026-07-25T05:15:00+0200,131.960007,EUR/MWh,DK2,DK_2,day_ahead_price,value,2026-07-25T10:50:28Z
2026-07-25T10:47:05Z,2026-07-25T12:47:05+0200,8f98f9ca-4a78-47a6-8878-9b0cbde920eb,2026-07-25T03:30:00Z,2026-07-25T05:30:00+0200,131.350006,EUR/MWh,DK2,DK_2,day_ahead_price,value,2026-07-25T10:50:28Z
2026-07-25T10:47:05Z,2026-07-25T12:47:05+0200,8f98f9ca-4a78-47a6-8878-9b0cbde920eb,2026-07-25T03:45:00Z,2026-07-25T05:45:00+0200,130.49,EUR/MWh,DK2,DK_2,day_ahead_price,value,2026-07-25T10:50:28Z
2026-07-25T10:47:05Z,2026-07-25T12:47:05+0200,8f98f9ca-4a78-47a6-8878-9b0cbde920eb,2026-07-25T04:00:00Z,2026-07-25T06:00:00+0200,130.44,EUR/MWh,DK2,DK_2,day_ahead_price,value,2026-07-25T10:50:28Z
2026-07-25T10:47:05Z,2026-07-25T12:47:05+0200,8f98f9ca-4a78-47a6-8878-9b0cbde920eb,2026-07-25T04:15:00Z,2026-07-25T06:15:00+0200,130.429993,EUR/MWh,DK2,DK_2,day_ahead_price,value,2026-07-25T10:50:28Z
2026-07-25T10:47:05Z,2026-07-25T12:47:05+0200,8f98f9ca-4a78-47a6-8878-9b0cbde920eb,2026-07-25T04:30:00Z,2026-07-25T06:30:00+0200,129.929993,EUR/MWh,DK2,DK_2,day_ahead_price,value,2026-07-25T10:50:28Z
2026-07-25T10:47:05Z,2026-07-25T12:47:05+0200,8f98f9ca-4a78-47a6-8878-9b0cbde920eb,2026-07-25T04:45:00Z,2026-07-25T06:45:00+0200,117.67,EUR/MWh,DK2,DK_2,day_ahead_price,value,2026-07-25T10:50:28Z
2026-07-25T10:47:05Z,2026-07-25T12:47:05+0200,8f98f9ca-4a78-47a6-8878-9b0cbde920eb,2026-07-25T05:00:00Z,2026-07-25T07:00:00+0200,133.429993,EUR/MWh,DK2,DK_2,day_ahead_price,value,2026-07-25T10:50:28Z
2026-07-25T10:47:05Z,2026-07-25T12:47:05+0200,8f98f9ca-4a78-47a6-8878-9b0cbde920eb,2026-07-25T05:15:00Z,2026-07-25T07:15:00+0200,119.98,EUR/MWh,DK2,DK_2,day_ahead_price,value,2026-07-25T10:50:28Z
2026-07-25T10:47:05Z,2026-07-25T12:47:05+0200,8f98f9ca-4a78-47a6-8878-9b0cbde920eb,2026-07-25T05:30:00Z,2026-07-25T07:30:00+0200,107.52,EUR/MWh,DK2,DK_2,day_ahead_price,value,2026-07-25T10:50:28Z
2026-07-25T10:47:05Z,2026-07-25T12:47:05+0200,8f98f9ca-4a78-47a6-8878-9b0cbde920eb,2026-07-25T05:45:00Z,2026-07-25T07:45:00+0200,97.33,EUR/MWh,DK2,DK_2,day_ahead_price,value,2026-07-25T10:50:28Z
2026-07-25T10:47:05Z,2026-07-25T12:47:05+0200,8f98f9ca-4a78-47a6-8878-9b0cbde920eb,2026-07-25T06:00:00Z,2026-07-25T08:00:00+0200,121.790001,EUR/MWh,DK2,DK_2,day_ahead_price,value,2026-07-25T10:50:28Z
2026-07-25T10:47:05Z,2026-07-25T12:47:05+0200,8f98f9ca-4a78-47a6-8878-9b0cbde920eb,2026-07-25T06:15:00Z,2026-07-25T08:15:00+0200,102.09,EUR/MWh,DK2,DK_2,day_ahead_price,value,2026-07-25T10:50:28Z
2026-07-25T10:47:05Z,2026-07-25T12:47:05+0200,8f98f9ca-4a78-47a6-8878-9b0cbde920eb,2026-07-25T06:30:00Z,2026-07-25T08:30:00+0200,79.440002,EUR/MWh,DK2,DK_2,day_ahead_price,value,2026-07-25T10:50:28Z
2026-07-25T10:47:05Z,2026-07-25T12:47:05+0200,8f98f9ca-4a78-47a6-8878-9b0cbde920eb,2026-07-25T06:45:00Z,2026-07-25T08:45:00+0200,28.290001,EUR/MWh,DK2,DK_2,day_ahead_price,value,2026-07-25T10:50:28Z
2026-07-25T10:47:05Z,2026-07-25T12:47:05+0200,8f98f9ca-4a78-47a6-8878-9b0cbde920eb,2026-07-25T07:00:00Z,2026-07-25T09:00:00+0200,36.150002,EUR/MWh,DK2,DK_2,day_ahead_price,value,2026-07-25T10:50:28Z
2026-07-25T10:47:05Z,2026-07-25T12:47:05+0200,8f98f9ca-4a78-47a6-8878-9b0cbde920eb,2026-07-25T07:15:00Z,2026-07-25T09:15:00+0200,5.01,EUR/MWh,DK2,DK_2,day_ahead_price,value,2026-07-25T10:50:28Z
2026-07-25T10:47:05Z,2026-07-25T12:47:05+0200,8f98f9ca-4a78-47a6-8878-9b0cbde920eb,2026-07-25T07:30:00Z,2026-07-25T09:30:00+0200,3.94,EUR/MWh,DK2,DK_2,day_ahead_price,value,2026-07-25T10:50:28Z
2026-07-25T10:47:05Z,2026-07-25T12:47:05+0200,8f98f9ca-4a78-47a6-8878-9b0cbde920eb,2026-07-25T07:45:00Z,2026-07-25T09:45:00+0200,2.05,EUR/MWh,DK2,DK_2,day_ahead_price,value,2026-07-25T10:50:28Z
2026-07-25T10:47:05Z,2026-07-25T12:47:05+0200,8f98f9ca-4a78-47a6-8878-9b0cbde920eb,2026-07-25T08:00:00Z,2026-07-25T10:00:00+0200,1.98,EUR/MWh,DK2,DK_2,day_ahead_price,value,2026-07-25T10:50:28Z
2026-07-25T10:47:05Z,2026-07-25T12:47:05+0200,8f98f9ca-4a78-47a6-8878-9b0cbde920eb,2026-07-25T08:15:00Z,2026-07-25T10:15:00+0200,1.97,EUR/MWh,DK2,DK_2,day_ahead_price,value,2026-07-25T10:50:28Z
2026-07-25T10:47:05Z,2026-07-25T12:47:05+0200,8f98f9ca-4a78-47a6-8878-9b0cbde920eb,2026-07-25T08:30:00Z,2026-07-25T10:30:00+0200,2.03,EUR/MWh,DK2,DK_2,day_ahead_price,value,2026-07-25T10:50:28Z
2026-07-25T10:47:05Z,2026-07-25T12:47:05+0200,8f98f9ca-4a78-47a6-8878-9b0cbde920eb,2026-07-25T08:45:00Z,2026-07-25T10:45:00+0200,1.8,EUR/MWh,DK2,DK_2,day_ahead_price,value,2026-07-25T10:50:28Z
2026-07-25T10:47:05Z,2026-07-25T12:47:05+0200,8f98f9ca-4a78-47a6-8878-9b0cbde920eb,2026-07-25T09:00:00Z,2026-07-25T11:00:00+0200,1.53,EUR/MWh,DK2,DK_2,day_ahead_price,value,2026-07-25T10:50:28Z
2026-07-25T10:47:05Z,2026-07-25T12:47:05+0200,8f98f9ca-4a78-47a6-8878-9b0cbde920eb,2026-07-25T09:15:00Z,2026-07-25T11:15:00+0200,1.05,EUR/MWh,DK2,DK_2,day_ahead_price,value,2026-07-25T10:50:28Z
2026-07-25T10:47:05Z,2026-07-25T12:47:05+0200,8f98f9ca-4a78-47a6-8878-9b0cbde920eb,2026-07-25T09:30:00Z,2026-07-25T11:30:00+0200,-0.04,EUR/MWh,DK2,DK_2,day_ahead_price,value,2026-07-25T10:50:28Z
2026-07-25T10:47:05Z,2026-07-25T12:47:05+0200,8f98f9ca-4a78-47a6-8878-9b0cbde920eb,2026-07-25T09:45:00Z,2026-07-25T11:45:00+0200,-0.86,EUR/MWh,DK2,DK_2,day_ahead_price,value,2026-07-25T10:50:28Z
2026-07-25T10:47:05Z,2026-07-25T12:47:05+0200,8f98f9ca-4a78-47a6-8878-9b0cbde920eb,2026-07-25T10:00:00Z,2026-07-25T12:00:00+0200,-0.26,EUR/MWh,DK2,DK_2,day_ahead_price,value,2026-07-25T10:50:28Z
2026-07-25T10:47:05Z,2026-07-25T12:47:05+0200,8f98f9ca-4a78-47a6-8878-9b0cbde920eb,2026-07-25T10:15:00Z,2026-07-25T12:15:00+0200,-0.53,EUR/MWh,DK2,DK_2,day_ahead_price,value,2026-07-25T10:50:28Z
2026-07-25T10:47:05Z,2026-07-25T12:47:05+0200,8f98f9ca-4a78-47a6-8878-9b0cbde920eb,2026-07-25T10:30:00Z,2026-07-25T12:30:00+0200,-0.89,EUR/MWh,DK2,DK_2,day_ahead_price,value,2026-07-25T10:50:28Z
2026-07-25T10:47:05Z,2026-07-25T12:47:05+0200,8f98f9ca-4a78-47a6-8878-9b0cbde920eb,2026-07-25T10:45:00Z,2026-07-25T12:45:00+0200,-2.35,EUR/MWh,DK2,DK_2,day_ahead_price,value,2026-07-25T10:50:28Z
2026-07-25T10:47:05Z,2026-07-25T12:47:05+0200,8f98f9ca-4a78-47a6-8878-9b0cbde920eb,2026-07-25T11:00:00Z,2026-07-25T13:00:00+0200,-2.8,EUR/MWh,DK2,DK_2,day_ahead_price,value,2026-07-25T10:50:28Z
