collection_time_utc,collection_time_local,run_id,timestamp_utc,timestamp_local,value,unit,country,entsoe_area,variable,source,updated_at_utc
2026-07-30T23:20:14Z,2026-07-31T01:20:14+0200,3d9904ea-ea5b-47d7-bdee-8f06b37d7caf,2026-06-30T00:00:00Z,2026-06-30T02:00:00+0200,12088.813,MW,NL,NL,actual_load,Actual Load,2026-07-30T23:22:13Z
2026-07-30T23:20:14Z,2026-07-31T01:20:14+0200,3d9904ea-ea5b-47d7-bdee-8f06b37d7caf,2026-06-30T00:15:00Z,2026-06-30T02:15:00+0200,12082.095,MW,NL,NL,actual_load,Actual Load,2026-07-30T23:22:13Z
2026-07-30T23:20:14Z,2026-07-31T01:20:14+0200,3d9904ea-ea5b-47d7-bdee-8f06b37d7caf,2026-06-30T00:30:00Z,2026-06-30T02:30:00+0200,11957.179,MW,NL,NL,actual_load,Actual Load,2026-07-30T23:22:13Z
2026-07-30T23:20:14Z,2026-07-31T01:20:14+0200,3d9904ea-ea5b-47d7-bdee-8f06b37d7caf,2026-06-30T00:45:00Z,2026-06-30T02:45:00+0200,12006.098,MW,NL,NL,actual_load,Actual Load,2026-07-30T23:22:13Z
2026-07-30T23:20:14Z,2026-07-31T01:20:14+0200,3d9904ea-ea5b-47d7-bdee-8f06b37d7caf,2026-06-30T01:00:00Z,2026-06-30T03:00:00+0200,11986.692,MW,NL,NL,actual_load,Actual Load,2026-07-30T23:22:13Z
2026-07-30T23:20:14Z,2026-07-31T01:20:14+0200,3d9904ea-ea5b-47d7-bdee-8f06b37d7caf,2026-06-30T01:15:00Z,2026-06-30T03:15:00+0200,11922.375,MW,NL,NL,actual_load,Actual Load,2026-07-30T23:22:13Z
2026-07-30T23:20:14Z,2026-07-31T01:20:14+0200,3d9904ea-ea5b-47d7-bdee-8f06b37d7caf,2026-06-30T01:30:00Z,2026-06-30T03:30:00+0200,11915.788,MW,NL,NL,actual_load,Actual Load,2026-07-30T23:22:13Z
2026-07-30T23:20:14Z,2026-07-31T01:20:14+0200,3d9904ea-ea5b-47d7-bdee-8f06b37d7caf,2026-06-30T01:45:00Z,2026-06-30T03:45:00+0200,11905.283,MW,NL,NL,actual_load,Actual Load,2026-07-30T23:22:13Z
2026-07-30T23:20:14Z,2026-07-31T01:20:14+0200,3d9904ea-ea5b-47d7-bdee-8f06b37d7caf,2026-06-30T02:00:00Z,2026-06-30T04:00:00+0200,11966.328,MW,NL,NL,actual_load,Actual Load,2026-07-30T23:22:13Z
2026-07-30T23:20:14Z,2026-07-31T01:20:14+0200,3d9904ea-ea5b-47d7-bdee-8f06b37d7caf,2026-06-30T02:15:00Z,2026-06-30T04:15:00+0200,11869.401,MW,NL,NL,actual_load,Actual Load,2026-07-30T23:22:13Z
2026-07-30T23:20:14Z,2026-07-31T01:20:14+0200,3d9904ea-ea5b-47d7-bdee-8f06b37d7caf,2026-06-30T02:30:00Z,2026-06-30T04:30:00+0200,11872.227,MW,NL,NL,actual_load,Actual Load,2026-07-30T23:22:13Z
2026-07-30T23:20:14Z,2026-07-31T01:20:14+0200,3d9904ea-ea5b-47d7-bdee-8f06b37d7caf,2026-06-30T02:45:00Z,2026-06-30T04:45:00+0200,11771.623,MW,NL,NL,actual_load,Actual Load,2026-07-30T23:22:13Z
2026-07-30T23:20:14Z,2026-07-31T01:20:14+0200,3d9904ea-ea5b-47d7-bdee-8f06b37d7caf,2026-06-30T03:00:00Z,2026-06-30T05:00:00+0200,11741.471,MW,NL,NL,actual_load,Actual Load,2026-07-30T23:22:13Z
2026-07-30T23:20:14Z,2026-07-31T01:20:14+0200,3d9904ea-ea5b-47d7-bdee-8f06b37d7caf,2026-06-30T03:15:00Z,2026-06-30T05:15:00+0200,11730.847,MW,NL,NL,actual_load,Actual Load,2026-07-30T23:22:13Z
2026-07-30T23:20:14Z,2026-07-31T01:20:14+0200,3d9904ea-ea5b-47d7-bdee-8f06b37d7caf,2026-06-30T03:30:00Z,2026-06-30T05:30:00+0200,11745.51,MW,NL,NL,actual_load,Actual Load,2026-07-30T23:22:13Z
2026-07-30T23:20:14Z,2026-07-31T01:20:14+0200,3d9904ea-ea5b-47d7-bdee-8f06b37d7caf,2026-06-30T03:45:00Z,2026-06-30T05:45:00+0200,11714.887,MW,NL,NL,actual_load,Actual Load,2026-07-30T23:22:13Z
2026-07-30T23:20:14Z,2026-07-31T01:20:14+0200,3d9904ea-ea5b-47d7-bdee-8f06b37d7caf,2026-06-30T04:00:00Z,2026-06-30T06:00:00+0200,11860.778,MW,NL,NL,actual_load,Actual Load,2026-07-30T23:22:13Z
2026-07-30T23:20:14Z,2026-07-31T01:20:14+0200,3d9904ea-ea5b-47d7-bdee-8f06b37d7caf,2026-06-30T04:15:00Z,2026-06-30T06:15:00+0200,11952.666,MW,NL,NL,actual_load,Actual Load,2026-07-30T23:22:13Z
2026-07-30T23:20:14Z,2026-07-31T01:20:14+0200,3d9904ea-ea5b-47d7-bdee-8f06b37d7caf,2026-06-30T04:30:00Z,2026-06-30T06:30:00+0200,12121.032,MW,NL,NL,actual_load,Actual Load,2026-07-30T23:22:13Z
2026-07-30T23:20:14Z,2026-07-31T01:20:14+0200,3d9904ea-ea5b-47d7-bdee-8f06b37d7caf,2026-06-30T04:45:00Z,2026-06-30T06:45:00+0200,12382.959,MW,NL,NL,actual_load,Actual Load,2026-07-30T23:22:13Z
2026-07-30T23:20:14Z,2026-07-31T01:20:14+0200,3d9904ea-ea5b-47d7-bdee-8f06b37d7caf,2026-06-30T05:00:00Z,2026-06-30T07:00:00+0200,12650.702,MW,NL,NL,actual_load,Actual Load,2026-07-30T23:22:13Z
2026-07-30T23:20:14Z,2026-07-31T01:20:14+0200,3d9904ea-ea5b-47d7-bdee-8f06b37d7caf,2026-06-30T05:15:00Z,2026-06-30T07:15:00+0200,12750.133,MW,NL,NL,actual_load,Actual Load,2026-07-30T23:22:13Z
2026-07-30T23:20:14Z,2026-07-31T01:20:14+0200,3d9904ea-ea5b-47d7-bdee-8f06b37d7caf,2026-06-30T05:30:00Z,2026-06-30T07:30:00+0200,12931.741,MW,NL,NL,actual_load,Actual Load,2026-07-30T23:22:13Z
2026-07-30T23:20:14Z,2026-07-31T01:20:14+0200,3d9904ea-ea5b-47d7-bdee-8f06b37d7caf,2026-06-30T05:45:00Z,2026-06-30T07:45:00+0200,13254.698,MW,NL,NL,actual_load,Actual Load,2026-07-30T23:22:13Z
2026-07-30T23:20:14Z,2026-07-31T01:20:14+0200,3d9904ea-ea5b-47d7-bdee-8f06b37d7caf,2026-06-30T06:00:00Z,2026-06-30T08:00:00+0200,13429.734,MW,NL,NL,actual_load,Actual Load,2026-07-30T23:22:13Z
2026-07-30T23:20:14Z,2026-07-31T01:20:14+0200,3d9904ea-ea5b-47d7-bdee-8f06b37d7caf,2026-06-30T06:15:00Z,2026-06-30T08:15:00+0200,13577.522,MW,NL,NL,actual_load,Actual Load,2026-07-30T23:22:13Z
2026-07-30T23:20:14Z,2026-07-31T01:20:14+0200,3d9904ea-ea5b-47d7-bdee-8f06b37d7caf,2026-06-30T06:30:00Z,2026-06-30T08:30:00+0200,13726.569,MW,NL,NL,actual_load,Actual Load,2026-07-30T23:22:13Z
2026-07-30T23:20:14Z,2026-07-31T01:20:14+0200,3d9904ea-ea5b-47d7-bdee-8f06b37d7caf,2026-06-30T06:45:00Z,2026-06-30T08:45:00+0200,13982.946,MW,NL,NL,actual_load,Actual Load,2026-07-30T23:22:13Z
2026-07-30T23:20:14Z,2026-07-31T01:20:14+0200,3d9904ea-ea5b-47d7-bdee-8f06b37d7caf,2026-06-30T07:00:00Z,2026-06-30T09:00:00+0200,14111.367,MW,NL,NL,actual_load,Actual Load,2026-07-30T23:22:13Z
2026-07-30T23:20:14Z,2026-07-31T01:20:14+0200,3d9904ea-ea5b-47d7-bdee-8f06b37d7caf,2026-06-30T07:15:00Z,2026-06-30T09:15:00+0200,14155.976,MW,NL,NL,actual_load,Actual Load,2026-07-30T23:22:13Z
2026-07-30T23:20:14Z,2026-07-31T01:20:14+0200,3d9904ea-ea5b-47d7-bdee-8f06b37d7caf,2026-06-30T07:30:00Z,2026-06-30T09:30:00+0200,14069.492,MW,NL,NL,actual_load,Actual Load,2026-07-30T23:22:13Z
2026-07-30T23:20:14Z,2026-07-31T01:20:14+0200,3d9904ea-ea5b-47d7-bdee-8f06b37d7caf,2026-06-30T07:45:00Z,2026-06-30T09:45:00+0200,14106.156,MW,NL,NL,actual_load,Actual Load,2026-07-30T23:22:13Z
2026-07-30T23:20:14Z,2026-07-31T01:20:14+0200,3d9904ea-ea5b-47d7-bdee-8f06b37d7caf,2026-06-30T08:00:00Z,2026-06-30T10:00:00+0200,14099.738,MW,NL,NL,actual_load,Actual Load,2026-07-30T23:22:13Z
2026-07-30T23:20:14Z,2026-07-31T01:20:14+0200,3d9904ea-ea5b-47d7-bdee-8f06b37d7caf,2026-06-30T08:15:00Z,2026-06-30T10:15:00+0200,14280.804,MW,NL,NL,actual_load,Actual Load,2026-07-30T23:22:13Z
2026-07-30T23:20:14Z,2026-07-31T01:20:14+0200,3d9904ea-ea5b-47d7-bdee-8f06b37d7caf,2026-06-30T08:30:00Z,2026-06-30T10:30:00+0200,14406.72,MW,NL,NL,actual_load,Actual Load,2026-07-30T23:22:13Z
2026-07-30T23:20:14Z,2026-07-31T01:20:14+0200,3d9904ea-ea5b-47d7-bdee-8f06b37d7caf,2026-06-30T08:45:00Z,2026-06-30T10:45:00+0200,14411.761,MW,NL,NL,actual_load,Actual Load,2026-07-30T23:22:13Z
2026-07-30T23:20:14Z,2026-07-31T01:20:14+0200,3d9904ea-ea5b-47d7-bdee-8f06b37d7caf,2026-06-30T09:00:00Z,2026-06-30T11:00:00+0200,14292.332,MW,NL,NL,actual_load,Actual Load,2026-07-30T23:22:13Z
2026-07-30T23:20:14Z,2026-07-31T01:20:14+0200,3d9904ea-ea5b-47d7-bdee-8f06b37d7caf,2026-06-30T09:15:00Z,2026-06-30T11:15:00+0200,14613.728,MW,NL,NL,actual_load,Actual Load,2026-07-30T23:22:13Z
2026-07-30T23:20:14Z,2026-07-31T01:20:14+0200,3d9904ea-ea5b-47d7-bdee-8f06b37d7caf,2026-06-30T09:30:00Z,2026-06-30T11:30:00+0200,14629.878,MW,NL,NL,actual_load,Actual Load,2026-07-30T23:22:13Z
2026-07-30T23:20:14Z,2026-07-31T01:20:14+0200,3d9904ea-ea5b-47d7-bdee-8f06b37d7caf,2026-06-30T09:45:00Z,2026-06-30T11:45:00+0200,14563.871,MW,NL,NL,actual_load,Actual Load,2026-07-30T23:22:13Z
2026-07-30T23:20:14Z,2026-07-31T01:20:14+0200,3d9904ea-ea5b-47d7-bdee-8f06b37d7caf,2026-06-30T10:00:00Z,2026-06-30T12:00:00+0200,14630.564,MW,NL,NL,actual_load,Actual Load,2026-07-30T23:22:13Z
2026-07-30T23:20:14Z,2026-07-31T01:20:14+0200,3d9904ea-ea5b-47d7-bdee-8f06b37d7caf,2026-06-30T10:15:00Z,2026-06-30T12:15:00+0200,14548.909,MW,NL,NL,actual_load,Actual Load,2026-07-30T23:22:13Z
2026-07-30T23:20:14Z,2026-07-31T01:20:14+0200,3d9904ea-ea5b-47d7-bdee-8f06b37d7caf,2026-06-30T10:30:00Z,2026-06-30T12:30:00+0200,14444.564,MW,NL,NL,actual_load,Actual Load,2026-07-30T23:22:13Z
2026-07-30T23:20:14Z,2026-07-31T01:20:14+0200,3d9904ea-ea5b-47d7-bdee-8f06b37d7caf,2026-06-30T10:45:00Z,2026-06-30T12:45:00+0200,14432.501,MW,NL,NL,actual_load,Actual Load,2026-07-30T23:22:13Z
2026-07-30T23:20:14Z,2026-07-31T01:20:14+0200,3d9904ea-ea5b-47d7-bdee-8f06b37d7caf,2026-06-30T11:00:00Z,2026-06-30T13:00:00+0200,14498.524,MW,NL,NL,actual_load,Actual Load,2026-07-30T23:22:13Z
2026-07-30T23:20:14Z,2026-07-31T01:20:14+0200,3d9904ea-ea5b-47d7-bdee-8f06b37d7caf,2026-06-30T11:15:00Z,2026-06-30T13:15:00+0200,14520.431,MW,NL,NL,actual_load,Actual Load,2026-07-30T23:22:13Z
2026-07-30T23:20:14Z,2026-07-31T01:20:14+0200,3d9904ea-ea5b-47d7-bdee-8f06b37d7caf,2026-06-30T11:30:00Z,2026-06-30T13:30:00+0200,14463.911,MW,NL,NL,actual_load,Actual Load,2026-07-30T23:22:13Z
2026-07-30T23:20:14Z,2026-07-31T01:20:14+0200,3d9904ea-ea5b-47d7-bdee-8f06b37d7caf,2026-06-30T11:45:00Z,2026-06-30T13:45:00+0200,14523.923,MW,NL,NL,actual_load,Actual Load,2026-07-30T23:22:13Z
2026-07-30T23:20:14Z,2026-07-31T01:20:14+0200,3d9904ea-ea5b-47d7-bdee-8f06b37d7caf,2026-06-30T12:00:00Z,2026-06-30T14:00:00+0200,14781.877,MW,NL,NL,actual_load,Actual Load,2026-07-30T23:22:13Z
2026-07-30T23:20:14Z,2026-07-31T01:20:14+0200,3d9904ea-ea5b-47d7-bdee-8f06b37d7caf,2026-06-30T12:15:00Z,2026-06-30T14:15:00+0200,14774.604,MW,NL,NL,actual_load,Actual Load,2026-07-30T23:22:13Z
2026-07-30T23:20:14Z,2026-07-31T01:20:14+0200,3d9904ea-ea5b-47d7-bdee-8f06b37d7caf,2026-06-30T12:30:00Z,2026-06-30T14:30:00+0200,14745.283,MW,NL,NL,actual_load,Actual Load,2026-07-30T23:22:13Z
2026-07-30T23:20:14Z,2026-07-31T01:20:14+0200,3d9904ea-ea5b-47d7-bdee-8f06b37d7caf,2026-06-30T12:45:00Z,2026-06-30T14:45:00+0200,14709.998,MW,NL,NL,actual_load,Actual Load,2026-07-30T23:22:13Z
2026-07-30T23:20:14Z,2026-07-31T01:20:14+0200,3d9904ea-ea5b-47d7-bdee-8f06b37d7caf,2026-06-30T13:00:00Z,2026-06-30T15:00:00+0200,14888.512,MW,NL,NL,actual_load,Actual Load,2026-07-30T23:22:13Z
2026-07-30T23:20:14Z,2026-07-31T01:20:14+0200,3d9904ea-ea5b-47d7-bdee-8f06b37d7caf,2026-06-30T13:15:00Z,2026-06-30T15:15:00+0200,14812.779,MW,NL,NL,actual_load,Actual Load,2026-07-30T23:22:13Z
2026-07-30T23:20:14Z,2026-07-31T01:20:14+0200,3d9904ea-ea5b-47d7-bdee-8f06b37d7caf,2026-06-30T13:30:00Z,2026-06-30T15:30:00+0200,14796.56,MW,NL,NL,actual_load,Actual Load,2026-07-30T23:22:13Z
2026-07-30T23:20:14Z,2026-07-31T01:20:14+0200,3d9904ea-ea5b-47d7-bdee-8f06b37d7caf,2026-06-30T13:45:00Z,2026-06-30T15:45:00+0200,14846.761,MW,NL,NL,actual_load,Actual Load,2026-07-30T23:22:13Z
2026-07-30T23:20:14Z,2026-07-31T01:20:14+0200,3d9904ea-ea5b-47d7-bdee-8f06b37d7caf,2026-06-30T14:00:00Z,2026-06-30T16:00:00+0200,14706.843,MW,NL,NL,actual_load,Actual Load,2026-07-30T23:22:13Z
2026-07-30T23:20:14Z,2026-07-31T01:20:14+0200,3d9904ea-ea5b-47d7-bdee-8f06b37d7caf,2026-06-30T14:15:00Z,2026-06-30T16:15:00+0200,14619.764,MW,NL,NL,actual_load,Actual Load,2026-07-30T23:22:13Z
2026-07-30T23:20:14Z,2026-07-31T01:20:14+0200,3d9904ea-ea5b-47d7-bdee-8f06b37d7caf,2026-06-30T14:30:00Z,2026-06-30T16:30:00+0200,14542.411,MW,NL,NL,actual_load,Actual Load,2026-07-30T23:22:13Z
2026-07-30T23:20:14Z,2026-07-31T01:20:14+0200,3d9904ea-ea5b-47d7-bdee-8f06b37d7caf,2026-06-30T14:45:00Z,2026-06-30T16:45:00+0200,14599.948,MW,NL,NL,actual_load,Actual Load,2026-07-30T23:22:13Z
2026-07-30T23:20:14Z,2026-07-31T01:20:14+0200,3d9904ea-ea5b-47d7-bdee-8f06b37d7caf,2026-06-30T15:00:00Z,2026-06-30T17:00:00+0200,14672.531,MW,NL,NL,actual_load,Actual Load,2026-07-30T23:22:13Z
2026-07-30T23:20:14Z,2026-07-31T01:20:14+0200,3d9904ea-ea5b-47d7-bdee-8f06b37d7caf,2026-06-30T15:15:00Z,2026-06-30T17:15:00+0200,14724.978,MW,NL,NL,actual_load,Actual Load,2026-07-30T23:22:13Z
2026-07-30T23:20:14Z,2026-07-31T01:20:14+0200,3d9904ea-ea5b-47d7-bdee-8f06b37d7caf,2026-06-30T15:30:00Z,2026-06-30T17:30:00+0200,14641.07,MW,NL,NL,actual_load,Actual Load,2026-07-30T23:22:13Z
2026-07-30T23:20:14Z,2026-07-31T01:20:14+0200,3d9904ea-ea5b-47d7-bdee-8f06b37d7caf,2026-06-30T15:45:00Z,2026-06-30T17:45:00+0200,14691.591,MW,NL,NL,actual_load,Actual Load,2026-07-30T23:22:13Z
2026-07-30T23:20:14Z,2026-07-31T01:20:14+0200,3d9904ea-ea5b-47d7-bdee-8f06b37d7caf,2026-06-30T16:00:00Z,2026-06-30T18:00:00+0200,14426.641,MW,NL,NL,actual_load,Actual Load,2026-07-30T23:22:13Z
2026-07-30T23:20:14Z,2026-07-31T01:20:14+0200,3d9904ea-ea5b-47d7-bdee-8f06b37d7caf,2026-06-30T16:15:00Z,2026-06-30T18:15:00+0200,14201.518,MW,NL,NL,actual_load,Actual Load,2026-07-30T23:22:13Z
2026-07-30T23:20:14Z,2026-07-31T01:20:14+0200,3d9904ea-ea5b-47d7-bdee-8f06b37d7caf,2026-06-30T16:30:00Z,2026-06-30T18:30:00+0200,14110.737,MW,NL,NL,actual_load,Actual Load,2026-07-30T23:22:13Z
2026-07-30T23:20:14Z,2026-07-31T01:20:14+0200,3d9904ea-ea5b-47d7-bdee-8f06b37d7caf,2026-06-30T16:45:00Z,2026-06-30T18:45:00+0200,14127.263,MW,NL,NL,actual_load,Actual Load,2026-07-30T23:22:13Z
2026-07-30T23:20:14Z,2026-07-31T01:20:14+0200,3d9904ea-ea5b-47d7-bdee-8f06b37d7caf,2026-06-30T17:00:00Z,2026-06-30T19:00:00+0200,14131.961,MW,NL,NL,actual_load,Actual Load,2026-07-30T23:22:13Z
2026-07-30T23:20:14Z,2026-07-31T01:20:14+0200,3d9904ea-ea5b-47d7-bdee-8f06b37d7caf,2026-06-30T17:15:00Z,2026-06-30T19:15:00+0200,14117.612,MW,NL,NL,actual_load,Actual Load,2026-07-30T23:22:13Z
2026-07-30T23:20:14Z,2026-07-31T01:20:14+0200,3d9904ea-ea5b-47d7-bdee-8f06b37d7caf,2026-06-30T17:30:00Z,2026-06-30T19:30:00+0200,13982.005,MW,NL,NL,actual_load,Actual Load,2026-07-30T23:22:13Z
2026-07-30T23:20:14Z,2026-07-31T01:20:14+0200,3d9904ea-ea5b-47d7-bdee-8f06b37d7caf,2026-06-30T17:45:00Z,2026-06-30T19:45:00+0200,14012.983,MW,NL,NL,actual_load,Actual Load,2026-07-30T23:22:13Z
2026-07-30T23:20:14Z,2026-07-31T01:20:14+0200,3d9904ea-ea5b-47d7-bdee-8f06b37d7caf,2026-06-30T18:00:00Z,2026-06-30T20:00:00+0200,14023.232,MW,NL,NL,actual_load,Actual Load,2026-07-30T23:22:13Z
2026-07-30T23:20:14Z,2026-07-31T01:20:14+0200,3d9904ea-ea5b-47d7-bdee-8f06b37d7caf,2026-06-30T18:15:00Z,2026-06-30T20:15:00+0200,14047.764,MW,NL,NL,actual_load,Actual Load,2026-07-30T23:22:13Z
2026-07-30T23:20:14Z,2026-07-31T01:20:14+0200,3d9904ea-ea5b-47d7-bdee-8f06b37d7caf,2026-06-30T18:30:00Z,2026-06-30T20:30:00+0200,14090.053,MW,NL,NL,actual_load,Actual Load,2026-07-30T23:22:13Z
2026-07-30T23:20:14Z,2026-07-31T01:20:14+0200,3d9904ea-ea5b-47d7-bdee-8f06b37d7caf,2026-06-30T18:45:00Z,2026-06-30T20:45:00+0200,14141.08,MW,NL,NL,actual_load,Actual Load,2026-07-30T23:22:13Z
2026-07-30T23:20:14Z,2026-07-31T01:20:14+0200,3d9904ea-ea5b-47d7-bdee-8f06b37d7caf,2026-06-30T19:00:00Z,2026-06-30T21:00:00+0200,14154.017,MW,NL,NL,actual_load,Actual Load,2026-07-30T23:22:13Z
2026-07-30T23:20:14Z,2026-07-31T01:20:14+0200,3d9904ea-ea5b-47d7-bdee-8f06b37d7caf,2026-06-30T19:15:00Z,2026-06-30T21:15:00+0200,14129.824,MW,NL,NL,actual_load,Actual Load,2026-07-30T23:22:13Z
2026-07-30T23:20:14Z,2026-07-31T01:20:14+0200,3d9904ea-ea5b-47d7-bdee-8f06b37d7caf,2026-06-30T19:30:00Z,2026-06-30T21:30:00+0200,14103.234,MW,NL,NL,actual_load,Actual Load,2026-07-30T23:22:13Z
2026-07-30T23:20:14Z,2026-07-31T01:20:14+0200,3d9904ea-ea5b-47d7-bdee-8f06b37d7caf,2026-06-30T19:45:00Z,2026-06-30T21:45:00+0200,14072.565,MW,NL,NL,actual_load,Actual Load,2026-07-30T23:22:13Z
2026-07-30T23:20:14Z,2026-07-31T01:20:14+0200,3d9904ea-ea5b-47d7-bdee-8f06b37d7caf,2026-06-30T20:00:00Z,2026-06-30T22:00:00+0200,14074.815,MW,NL,NL,actual_load,Actual Load,2026-07-30T23:22:13Z
2026-07-30T23:20:14Z,2026-07-31T01:20:14+0200,3d9904ea-ea5b-47d7-bdee-8f06b37d7caf,2026-06-30T20:15:00Z,2026-06-30T22:15:00+0200,14025.882,MW,NL,NL,actual_load,Actual Load,2026-07-30T23:22:13Z
2026-07-30T23:20:14Z,2026-07-31T01:20:14+0200,3d9904ea-ea5b-47d7-bdee-8f06b37d7caf,2026-06-30T20:30:00Z,2026-06-30T22:30:00+0200,13876.54,MW,NL,NL,actual_load,Actual Load,2026-07-30T23:22:13Z
2026-07-30T23:20:14Z,2026-07-31T01:20:14+0200,3d9904ea-ea5b-47d7-bdee-8f06b37d7caf,2026-06-30T20:45:00Z,2026-06-30T22:45:00+0200,13700.837,MW,NL,NL,actual_load,Actual Load,2026-07-30T23:22:13Z
2026-07-30T23:20:14Z,2026-07-31T01:20:14+0200,3d9904ea-ea5b-47d7-bdee-8f06b37d7caf,2026-06-30T21:00:00Z,2026-06-30T23:00:00+0200,13593.027,MW,NL,NL,actual_load,Actual Load,2026-07-30T23:22:13Z
2026-07-30T23:20:14Z,2026-07-31T01:20:14+0200,3d9904ea-ea5b-47d7-bdee-8f06b37d7caf,2026-06-30T21:15:00Z,2026-06-30T23:15:00+0200,13410.463,MW,NL,NL,actual_load,Actual Load,2026-07-30T23:22:13Z
2026-07-30T23:20:14Z,2026-07-31T01:20:14+0200,3d9904ea-ea5b-47d7-bdee-8f06b37d7caf,2026-06-30T21:30:00Z,2026-06-30T23:30:00+0200,13195.693,MW,NL,NL,actual_load,Actual Load,2026-07-30T23:22:13Z
2026-07-30T23:20:14Z,2026-07-31T01:20:14+0200,3d9904ea-ea5b-47d7-bdee-8f06b37d7caf,2026-06-30T21:45:00Z,2026-06-30T23:45:00+0200,13152.24,MW,NL,NL,actual_load,Actual Load,2026-07-30T23:22:13Z
2026-07-30T23:20:14Z,2026-07-31T01:20:14+0200,3d9904ea-ea5b-47d7-bdee-8f06b37d7caf,2026-06-30T22:00:00Z,2026-07-01T00:00:00+0200,12873.735,MW,NL,NL,actual_load,Actual Load,2026-07-30T23:22:13Z
2026-07-30T23:20:14Z,2026-07-31T01:20:14+0200,3d9904ea-ea5b-47d7-bdee-8f06b37d7caf,2026-06-30T22:15:00Z,2026-07-01T00:15:00+0200,12640.307,MW,NL,NL,actual_load,Actual Load,2026-07-30T23:22:13Z
2026-07-30T23:20:14Z,2026-07-31T01:20:14+0200,3d9904ea-ea5b-47d7-bdee-8f06b37d7caf,2026-06-30T22:30:00Z,2026-07-01T00:30:00+0200,12465.005,MW,NL,NL,actual_load,Actual Load,2026-07-30T23:22:13Z
2026-07-30T23:20:14Z,2026-07-31T01:20:14+0200,3d9904ea-ea5b-47d7-bdee-8f06b37d7caf,2026-06-30T22:45:00Z,2026-07-01T00:45:00+0200,12535.36,MW,NL,NL,actual_load,Actual Load,2026-07-30T23:22:13Z
2026-07-30T23:20:14Z,2026-07-31T01:20:14+0200,3d9904ea-ea5b-47d7-bdee-8f06b37d7caf,2026-06-30T23:00:00Z,2026-07-01T01:00:00+0200,12284.817,MW,NL,NL,actual_load,Actual Load,2026-07-30T23:22:13Z
2026-07-30T23:20:14Z,2026-07-31T01:20:14+0200,3d9904ea-ea5b-47d7-bdee-8f06b37d7caf,2026-06-30T23:15:00Z,2026-07-01T01:15:00+0200,12044.295,MW,NL,NL,actual_load,Actual Load,2026-07-30T23:22:13Z
2026-07-30T23:20:14Z,2026-07-31T01:20:14+0200,3d9904ea-ea5b-47d7-bdee-8f06b37d7caf,2026-06-30T23:30:00Z,2026-07-01T01:30:00+0200,11926.129,MW,NL,NL,actual_load,Actual Load,2026-07-30T23:22:13Z
2026-07-30T23:20:14Z,2026-07-31T01:20:14+0200,3d9904ea-ea5b-47d7-bdee-8f06b37d7caf,2026-06-30T23:45:00Z,2026-07-01T01:45:00+0200,11953.977,MW,NL,NL,actual_load,Actual Load,2026-07-30T23:22:13Z
2026-07-30T23:20:14Z,2026-07-31T01:20:14+0200,3d9904ea-ea5b-47d7-bdee-8f06b37d7caf,2026-07-01T00:00:00Z,2026-07-01T02:00:00+0200,11835.267,MW,NL,NL,actual_load,Actual Load,2026-07-30T23:22:13Z
2026-07-30T23:20:14Z,2026-07-31T01:20:14+0200,3d9904ea-ea5b-47d7-bdee-8f06b37d7caf,2026-07-01T00:15:00Z,2026-07-01T02:15:00+0200,11743.802,MW,NL,NL,actual_load,Actual Load,2026-07-30T23:22:13Z
2026-07-30T23:20:14Z,2026-07-31T01:20:14+0200,3d9904ea-ea5b-47d7-bdee-8f06b37d7caf,2026-07-01T00:30:00Z,2026-07-01T02:30:00+0200,11649.563,MW,NL,NL,actual_load,Actual Load,2026-07-30T23:22:13Z
2026-07-30T23:20:14Z,2026-07-31T01:20:14+0200,3d9904ea-ea5b-47d7-bdee-8f06b37d7caf,2026-07-01T00:45:00Z,2026-07-01T02:45:00+0200,11626.023,MW,NL,NL,actual_load,Actual Load,2026-07-30T23:22:13Z
2026-07-30T23:20:14Z,2026-07-31T01:20:14+0200,3d9904ea-ea5b-47d7-bdee-8f06b37d7caf,2026-07-01T01:00:00Z,2026-07-01T03:00:00+0200,11551.039,MW,NL,NL,actual_load,Actual Load,2026-07-30T23:22:13Z
2026-07-30T23:20:14Z,2026-07-31T01:20:14+0200,3d9904ea-ea5b-47d7-bdee-8f06b37d7caf,2026-07-01T01:15:00Z,2026-07-01T03:15:00+0200,11553.416,MW,NL,NL,actual_load,Actual Load,2026-07-30T23:22:13Z
2026-07-30T23:20:14Z,2026-07-31T01:20:14+0200,3d9904ea-ea5b-47d7-bdee-8f06b37d7caf,2026-07-01T01:30:00Z,2026-07-01T03:30:00+0200,11537.634,MW,NL,NL,actual_load,Actual Load,2026-07-30T23:22:13Z
2026-07-30T23:20:14Z,2026-07-31T01:20:14+0200,3d9904ea-ea5b-47d7-bdee-8f06b37d7caf,2026-07-01T01:45:00Z,2026-07-01T03:45:00+0200,11532.946,MW,NL,NL,actual_load,Actual Load,2026-07-30T23:22:13Z
2026-07-30T23:20:14Z,2026-07-31T01:20:14+0200,3d9904ea-ea5b-47d7-bdee-8f06b37d7caf,2026-07-01T02:00:00Z,2026-07-01T04:00:00+0200,11432.334,MW,NL,NL,actual_load,Actual Load,2026-07-30T23:22:13Z
2026-07-30T23:20:14Z,2026-07-31T01:20:14+0200,3d9904ea-ea5b-47d7-bdee-8f06b37d7caf,2026-07-01T02:15:00Z,2026-07-01T04:15:00+0200,11364.274,MW,NL,NL,actual_load,Actual Load,2026-07-30T23:22:13Z
2026-07-30T23:20:14Z,2026-07-31T01:20:14+0200,3d9904ea-ea5b-47d7-bdee-8f06b37d7caf,2026-07-01T02:30:00Z,2026-07-01T04:30:00+0200,11376.045,MW,NL,NL,actual_load,Actual Load,2026-07-30T23:22:13Z
2026-07-30T23:20:14Z,2026-07-31T01:20:14+0200,3d9904ea-ea5b-47d7-bdee-8f06b37d7caf,2026-07-01T02:45:00Z,2026-07-01T04:45:00+0200,11379.214,MW,NL,NL,actual_load,Actual Load,2026-07-30T23:22:13Z
2026-07-30T23:20:14Z,2026-07-31T01:20:14+0200,3d9904ea-ea5b-47d7-bdee-8f06b37d7caf,2026-07-01T03:00:00Z,2026-07-01T05:00:00+0200,11369.094,MW,NL,NL,actual_load,Actual Load,2026-07-30T23:22:13Z
2026-07-30T23:20:14Z,2026-07-31T01:20:14+0200,3d9904ea-ea5b-47d7-bdee-8f06b37d7caf,2026-07-01T03:15:00Z,2026-07-01T05:15:00+0200,11376.507,MW,NL,NL,actual_load,Actual Load,2026-07-30T23:22:13Z
2026-07-30T23:20:14Z,2026-07-31T01:20:14+0200,3d9904ea-ea5b-47d7-bdee-8f06b37d7caf,2026-07-01T03:30:00Z,2026-07-01T05:30:00+0200,11451.778,MW,NL,NL,actual_load,Actual Load,2026-07-30T23:22:13Z
2026-07-30T23:20:14Z,2026-07-31T01:20:14+0200,3d9904ea-ea5b-47d7-bdee-8f06b37d7caf,2026-07-01T03:45:00Z,2026-07-01T05:45:00+0200,11438.007,MW,NL,NL,actual_load,Actual Load,2026-07-30T23:22:13Z
2026-07-30T23:20:14Z,2026-07-31T01:20:14+0200,3d9904ea-ea5b-47d7-bdee-8f06b37d7caf,2026-07-01T04:00:00Z,2026-07-01T06:00:00+0200,11623.274,MW,NL,NL,actual_load,Actual Load,2026-07-30T23:22:13Z
2026-07-30T23:20:14Z,2026-07-31T01:20:14+0200,3d9904ea-ea5b-47d7-bdee-8f06b37d7caf,2026-07-01T04:15:00Z,2026-07-01T06:15:00+0200,11705.407,MW,NL,NL,actual_load,Actual Load,2026-07-30T23:22:13Z
2026-07-30T23:20:14Z,2026-07-31T01:20:14+0200,3d9904ea-ea5b-47d7-bdee-8f06b37d7caf,2026-07-01T04:30:00Z,2026-07-01T06:30:00+0200,11799.203,MW,NL,NL,actual_load,Actual Load,2026-07-30T23:22:13Z
2026-07-30T23:20:14Z,2026-07-31T01:20:14+0200,3d9904ea-ea5b-47d7-bdee-8f06b37d7caf,2026-07-01T04:45:00Z,2026-07-01T06:45:00+0200,11935.882,MW,NL,NL,actual_load,Actual Load,2026-07-30T23:22:13Z
2026-07-30T23:20:14Z,2026-07-31T01:20:14+0200,3d9904ea-ea5b-47d7-bdee-8f06b37d7caf,2026-07-01T05:00:00Z,2026-07-01T07:00:00+0200,12449.368,MW,NL,NL,actual_load,Actual Load,2026-07-30T23:22:13Z
2026-07-30T23:20:14Z,2026-07-31T01:20:14+0200,3d9904ea-ea5b-47d7-bdee-8f06b37d7caf,2026-07-01T05:15:00Z,2026-07-01T07:15:00+0200,12621.931,MW,NL,NL,actual_load,Actual Load,2026-07-30T23:22:13Z
2026-07-30T23:20:14Z,2026-07-31T01:20:14+0200,3d9904ea-ea5b-47d7-bdee-8f06b37d7caf,2026-07-01T05:30:00Z,2026-07-01T07:30:00+0200,12864.074,MW,NL,NL,actual_load,Actual Load,2026-07-30T23:22:13Z
2026-07-30T23:20:14Z,2026-07-31T01:20:14+0200,3d9904ea-ea5b-47d7-bdee-8f06b37d7caf,2026-07-01T05:45:00Z,2026-07-01T07:45:00+0200,12969.511,MW,NL,NL,actual_load,Actual Load,2026-07-30T23:22:13Z
2026-07-30T23:20:14Z,2026-07-31T01:20:14+0200,3d9904ea-ea5b-47d7-bdee-8f06b37d7caf,2026-07-01T06:00:00Z,2026-07-01T08:00:00+0200,13107.39,MW,NL,NL,actual_load,Actual Load,2026-07-30T23:22:13Z
2026-07-30T23:20:14Z,2026-07-31T01:20:14+0200,3d9904ea-ea5b-47d7-bdee-8f06b37d7caf,2026-07-01T06:15:00Z,2026-07-01T08:15:00+0200,13215.979,MW,NL,NL,actual_load,Actual Load,2026-07-30T23:22:13Z
2026-07-30T23:20:14Z,2026-07-31T01:20:14+0200,3d9904ea-ea5b-47d7-bdee-8f06b37d7caf,2026-07-01T06:30:00Z,2026-07-01T08:30:00+0200,13373.956,MW,NL,NL,actual_load,Actual Load,2026-07-30T23:22:13Z
2026-07-30T23:20:14Z,2026-07-31T01:20:14+0200,3d9904ea-ea5b-47d7-bdee-8f06b37d7caf,2026-07-01T06:45:00Z,2026-07-01T08:45:00+0200,13591.234,MW,NL,NL,actual_load,Actual Load,2026-07-30T23:22:13Z
2026-07-30T23:20:14Z,2026-07-31T01:20:14+0200,3d9904ea-ea5b-47d7-bdee-8f06b37d7caf,2026-07-01T07:00:00Z,2026-07-01T09:00:00+0200,13562.435,MW,NL,NL,actual_load,Actual Load,2026-07-30T23:22:13Z
2026-07-30T23:20:14Z,2026-07-31T01:20:14+0200,3d9904ea-ea5b-47d7-bdee-8f06b37d7caf,2026-07-01T07:15:00Z,2026-07-01T09:15:00+0200,13583.179,MW,NL,NL,actual_load,Actual Load,2026-07-30T23:22:13Z
2026-07-30T23:20:14Z,2026-07-31T01:20:14+0200,3d9904ea-ea5b-47d7-bdee-8f06b37d7caf,2026-07-01T07:30:00Z,2026-07-01T09:30:00+0200,13582.67,MW,NL,NL,actual_load,Actual Load,2026-07-30T23:22:13Z
2026-07-30T23:20:14Z,2026-07-31T01:20:14+0200,3d9904ea-ea5b-47d7-bdee-8f06b37d7caf,2026-07-01T07:45:00Z,2026-07-01T09:45:00+0200,13695.751,MW,NL,NL,actual_load,Actual Load,2026-07-30T23:22:13Z
2026-07-30T23:20:14Z,2026-07-31T01:20:14+0200,3d9904ea-ea5b-47d7-bdee-8f06b37d7caf,2026-07-01T08:00:00Z,2026-07-01T10:00:00+0200,13679.433,MW,NL,NL,actual_load,Actual Load,2026-07-30T23:22:13Z
2026-07-30T23:20:14Z,2026-07-31T01:20:14+0200,3d9904ea-ea5b-47d7-bdee-8f06b37d7caf,2026-07-01T08:15:00Z,2026-07-01T10:15:00+0200,13647.705,MW,NL,NL,actual_load,Actual Load,2026-07-30T23:22:13Z
2026-07-30T23:20:14Z,2026-07-31T01:20:14+0200,3d9904ea-ea5b-47d7-bdee-8f06b37d7caf,2026-07-01T08:30:00Z,2026-07-01T10:30:00+0200,13697.085,MW,NL,NL,actual_load,Actual Load,2026-07-30T23:22:13Z
2026-07-30T23:20:14Z,2026-07-31T01:20:14+0200,3d9904ea-ea5b-47d7-bdee-8f06b37d7caf,2026-07-01T08:45:00Z,2026-07-01T10:45:00+0200,13734.922,MW,NL,NL,actual_load,Actual Load,2026-07-30T23:22:13Z
2026-07-30T23:20:14Z,2026-07-31T01:20:14+0200,3d9904ea-ea5b-47d7-bdee-8f06b37d7caf,2026-07-01T09:00:00Z,2026-07-01T11:00:00+0200,13737.514,MW,NL,NL,actual_load,Actual Load,2026-07-30T23:22:13Z
2026-07-30T23:20:14Z,2026-07-31T01:20:14+0200,3d9904ea-ea5b-47d7-bdee-8f06b37d7caf,2026-07-01T09:15:00Z,2026-07-01T11:15:00+0200,13756.133,MW,NL,NL,actual_load,Actual Load,2026-07-30T23:22:13Z
2026-07-30T23:20:14Z,2026-07-31T01:20:14+0200,3d9904ea-ea5b-47d7-bdee-8f06b37d7caf,2026-07-01T09:30:00Z,2026-07-01T11:30:00+0200,13805.623,MW,NL,NL,actual_load,Actual Load,2026-07-30T23:22:13Z
2026-07-30T23:20:14Z,2026-07-31T01:20:14+0200,3d9904ea-ea5b-47d7-bdee-8f06b37d7caf,2026-07-01T09:45:00Z,2026-07-01T11:45:00+0200,13787.805,MW,NL,NL,actual_load,Actual Load,2026-07-30T23:22:13Z
2026-07-30T23:20:14Z,2026-07-31T01:20:14+0200,3d9904ea-ea5b-47d7-bdee-8f06b37d7caf,2026-07-01T10:00:00Z,2026-07-01T12:00:00+0200,13754.746,MW,NL,NL,actual_load,Actual Load,2026-07-30T23:22:13Z
2026-07-30T23:20:14Z,2026-07-31T01:20:14+0200,3d9904ea-ea5b-47d7-bdee-8f06b37d7caf,2026-07-01T10:15:00Z,2026-07-01T12:15:00+0200,13828.335,MW,NL,NL,actual_load,Actual Load,2026-07-30T23:22:13Z
2026-07-30T23:20:14Z,2026-07-31T01:20:14+0200,3d9904ea-ea5b-47d7-bdee-8f06b37d7caf,2026-07-01T10:30:00Z,2026-07-01T12:30:00+0200,13780.965,MW,NL,NL,actual_load,Actual Load,2026-07-30T23:22:13Z
2026-07-30T23:20:14Z,2026-07-31T01:20:14+0200,3d9904ea-ea5b-47d7-bdee-8f06b37d7caf,2026-07-01T10:45:00Z,2026-07-01T12:45:00+0200,13885.511,MW,NL,NL,actual_load,Actual Load,2026-07-30T23:22:13Z
2026-07-30T23:20:14Z,2026-07-31T01:20:14+0200,3d9904ea-ea5b-47d7-bdee-8f06b37d7caf,2026-07-01T11:00:00Z,2026-07-01T13:00:00+0200,14157.53,MW,NL,NL,actual_load,Actual Load,2026-07-30T23:22:13Z
2026-07-30T23:20:14Z,2026-07-31T01:20:14+0200,3d9904ea-ea5b-47d7-bdee-8f06b37d7caf,2026-07-01T11:15:00Z,2026-07-01T13:15:00+0200,14085.935,MW,NL,NL,actual_load,Actual Load,2026-07-30T23:22:13Z
2026-07-30T23:20:14Z,2026-07-31T01:20:14+0200,3d9904ea-ea5b-47d7-bdee-8f06b37d7caf,2026-07-01T11:30:00Z,2026-07-01T13:30:00+0200,14066.797,MW,NL,NL,actual_load,Actual Load,2026-07-30T23:22:13Z
2026-07-30T23:20:14Z,2026-07-31T01:20:14+0200,3d9904ea-ea5b-47d7-bdee-8f06b37d7caf,2026-07-01T11:45:00Z,2026-07-01T13:45:00+0200,14100.557,MW,NL,NL,actual_load,Actual Load,2026-07-30T23:22:13Z
2026-07-30T23:20:14Z,2026-07-31T01:20:14+0200,3d9904ea-ea5b-47d7-bdee-8f06b37d7caf,2026-07-01T12:00:00Z,2026-07-01T14:00:00+0200,14113.261,MW,NL,NL,actual_load,Actual Load,2026-07-30T23:22:13Z
2026-07-30T23:20:14Z,2026-07-31T01:20:14+0200,3d9904ea-ea5b-47d7-bdee-8f06b37d7caf,2026-07-01T12:15:00Z,2026-07-01T14:15:00+0200,14154.317,MW,NL,NL,actual_load,Actual Load,2026-07-30T23:22:13Z
2026-07-30T23:20:14Z,2026-07-31T01:20:14+0200,3d9904ea-ea5b-47d7-bdee-8f06b37d7caf,2026-07-01T12:30:00Z,2026-07-01T14:30:00+0200,14118.137,MW,NL,NL,actual_load,Actual Load,2026-07-30T23:22:13Z
2026-07-30T23:20:14Z,2026-07-31T01:20:14+0200,3d9904ea-ea5b-47d7-bdee-8f06b37d7caf,2026-07-01T12:45:00Z,2026-07-01T14:45:00+0200,14160.688,MW,NL,NL,actual_load,Actual Load,2026-07-30T23:22:13Z
2026-07-30T23:20:14Z,2026-07-31T01:20:14+0200,3d9904ea-ea5b-47d7-bdee-8f06b37d7caf,2026-07-01T13:00:00Z,2026-07-01T15:00:00+0200,14358.135,MW,NL,NL,actual_load,Actual Load,2026-07-30T23:22:13Z
2026-07-30T23:20:14Z,2026-07-31T01:20:14+0200,3d9904ea-ea5b-47d7-bdee-8f06b37d7caf,2026-07-01T13:15:00Z,2026-07-01T15:15:00+0200,14394.062,MW,NL,NL,actual_load,Actual Load,2026-07-30T23:22:13Z
2026-07-30T23:20:14Z,2026-07-31T01:20:14+0200,3d9904ea-ea5b-47d7-bdee-8f06b37d7caf,2026-07-01T13:30:00Z,2026-07-01T15:30:00+0200,14410.843,MW,NL,NL,actual_load,Actual Load,2026-07-30T23:22:13Z
2026-07-30T23:20:14Z,2026-07-31T01:20:14+0200,3d9904ea-ea5b-47d7-bdee-8f06b37d7caf,2026-07-01T13:45:00Z,2026-07-01T15:45:00+0200,14306.937,MW,NL,NL,actual_load,Actual Load,2026-07-30T23:22:13Z
2026-07-30T23:20:14Z,2026-07-31T01:20:14+0200,3d9904ea-ea5b-47d7-bdee-8f06b37d7caf,2026-07-01T14:00:00Z,2026-07-01T16:00:00+0200,14179.15,MW,NL,NL,actual_load,Actual Load,2026-07-30T23:22:13Z
2026-07-30T23:20:14Z,2026-07-31T01:20:14+0200,3d9904ea-ea5b-47d7-bdee-8f06b37d7caf,2026-07-01T14:15:00Z,2026-07-01T16:15:00+0200,14022.471,MW,NL,NL,actual_load,Actual Load,2026-07-30T23:22:13Z
2026-07-30T23:20:14Z,2026-07-31T01:20:14+0200,3d9904ea-ea5b-47d7-bdee-8f06b37d7caf,2026-07-01T14:30:00Z,2026-07-01T16:30:00+0200,14044.422,MW,NL,NL,actual_load,Actual Load,2026-07-30T23:22:13Z
2026-07-30T23:20:14Z,2026-07-31T01:20:14+0200,3d9904ea-ea5b-47d7-bdee-8f06b37d7caf,2026-07-01T14:45:00Z,2026-07-01T16:45:00+0200,14176.508,MW,NL,NL,actual_load,Actual Load,2026-07-30T23:22:13Z
2026-07-30T23:20:14Z,2026-07-31T01:20:14+0200,3d9904ea-ea5b-47d7-bdee-8f06b37d7caf,2026-07-01T15:00:00Z,2026-07-01T17:00:00+0200,14312.909,MW,NL,NL,actual_load,Actual Load,2026-07-30T23:22:13Z
2026-07-30T23:20:14Z,2026-07-31T01:20:14+0200,3d9904ea-ea5b-47d7-bdee-8f06b37d7caf,2026-07-01T15:15:00Z,2026-07-01T17:15:00+0200,14174.858,MW,NL,NL,actual_load,Actual Load,2026-07-30T23:22:13Z
2026-07-30T23:20:14Z,2026-07-31T01:20:14+0200,3d9904ea-ea5b-47d7-bdee-8f06b37d7caf,2026-07-01T15:30:00Z,2026-07-01T17:30:00+0200,14266.63,MW,NL,NL,actual_load,Actual Load,2026-07-30T23:22:13Z
2026-07-30T23:20:14Z,2026-07-31T01:20:14+0200,3d9904ea-ea5b-47d7-bdee-8f06b37d7caf,2026-07-01T15:45:00Z,2026-07-01T17:45:00+0200,14247.329,MW,NL,NL,actual_load,Actual Load,2026-07-30T23:22:13Z
2026-07-30T23:20:14Z,2026-07-31T01:20:14+0200,3d9904ea-ea5b-47d7-bdee-8f06b37d7caf,2026-07-01T16:00:00Z,2026-07-01T18:00:00+0200,14141.018,MW,NL,NL,actual_load,Actual Load,2026-07-30T23:22:13Z
2026-07-30T23:20:14Z,2026-07-31T01:20:14+0200,3d9904ea-ea5b-47d7-bdee-8f06b37d7caf,2026-07-01T16:15:00Z,2026-07-01T18:15:00+0200,14107.081,MW,NL,NL,actual_load,Actual Load,2026-07-30T23:22:13Z
2026-07-30T23:20:14Z,2026-07-31T01:20:14+0200,3d9904ea-ea5b-47d7-bdee-8f06b37d7caf,2026-07-01T16:30:00Z,2026-07-01T18:30:00+0200,14082.425,MW,NL,NL,actual_load,Actual Load,2026-07-30T23:22:13Z
2026-07-30T23:20:14Z,2026-07-31T01:20:14+0200,3d9904ea-ea5b-47d7-bdee-8f06b37d7caf,2026-07-01T16:45:00Z,2026-07-01T18:45:00+0200,14007.366,MW,NL,NL,actual_load,Actual Load,2026-07-30T23:22:13Z
2026-07-30T23:20:14Z,2026-07-31T01:20:14+0200,3d9904ea-ea5b-47d7-bdee-8f06b37d7caf,2026-07-01T17:00:00Z,2026-07-01T19:00:00+0200,14014.396,MW,NL,NL,actual_load,Actual Load,2026-07-30T23:22:13Z
2026-07-30T23:20:14Z,2026-07-31T01:20:14+0200,3d9904ea-ea5b-47d7-bdee-8f06b37d7caf,2026-07-01T17:15:00Z,2026-07-01T19:15:00+0200,13988.024,MW,NL,NL,actual_load,Actual Load,2026-07-30T23:22:13Z
2026-07-30T23:20:14Z,2026-07-31T01:20:14+0200,3d9904ea-ea5b-47d7-bdee-8f06b37d7caf,2026-07-01T17:30:00Z,2026-07-01T19:30:00+0200,14059.578,MW,NL,NL,actual_load,Actual Load,2026-07-30T23:22:13Z
2026-07-30T23:20:14Z,2026-07-31T01:20:14+0200,3d9904ea-ea5b-47d7-bdee-8f06b37d7caf,2026-07-01T17:45:00Z,2026-07-01T19:45:00+0200,14111.358,MW,NL,NL,actual_load,Actual Load,2026-07-30T23:22:13Z
2026-07-30T23:20:14Z,2026-07-31T01:20:14+0200,3d9904ea-ea5b-47d7-bdee-8f06b37d7caf,2026-07-01T18:00:00Z,2026-07-01T20:00:00+0200,14206.079,MW,NL,NL,actual_load,Actual Load,2026-07-30T23:22:13Z
2026-07-30T23:20:14Z,2026-07-31T01:20:14+0200,3d9904ea-ea5b-47d7-bdee-8f06b37d7caf,2026-07-01T18:15:00Z,2026-07-01T20:15:00+0200,14244.0,MW,NL,NL,actual_load,Actual Load,2026-07-30T23:22:13Z
2026-07-30T23:20:14Z,2026-07-31T01:20:14+0200,3d9904ea-ea5b-47d7-bdee-8f06b37d7caf,2026-07-01T18:30:00Z,2026-07-01T20:30:00+0200,14287.749,MW,NL,NL,actual_load,Actual Load,2026-07-30T23:22:13Z
2026-07-30T23:20:14Z,2026-07-31T01:20:14+0200,3d9904ea-ea5b-47d7-bdee-8f06b37d7caf,2026-07-01T18:45:00Z,2026-07-01T20:45:00+0200,14349.425,MW,NL,NL,actual_load,Actual Load,2026-07-30T23:22:13Z
2026-07-30T23:20:14Z,2026-07-31T01:20:14+0200,3d9904ea-ea5b-47d7-bdee-8f06b37d7caf,2026-07-01T19:00:00Z,2026-07-01T21:00:00+0200,14390.935,MW,NL,NL,actual_load,Actual Load,2026-07-30T23:22:13Z
2026-07-30T23:20:14Z,2026-07-31T01:20:14+0200,3d9904ea-ea5b-47d7-bdee-8f06b37d7caf,2026-07-01T19:15:00Z,2026-07-01T21:15:00+0200,14467.117,MW,NL,NL,actual_load,Actual Load,2026-07-30T23:22:13Z
2026-07-30T23:20:14Z,2026-07-31T01:20:14+0200,3d9904ea-ea5b-47d7-bdee-8f06b37d7caf,2026-07-01T19:30:00Z,2026-07-01T21:30:00+0200,14531.575,MW,NL,NL,actual_load,Actual Load,2026-07-30T23:22:13Z
2026-07-30T23:20:14Z,2026-07-31T01:20:14+0200,3d9904ea-ea5b-47d7-bdee-8f06b37d7caf,2026-07-01T19:45:00Z,2026-07-01T21:45:00+0200,14493.716,MW,NL,NL,actual_load,Actual Load,2026-07-30T23:22:13Z
2026-07-30T23:20:14Z,2026-07-31T01:20:14+0200,3d9904ea-ea5b-47d7-bdee-8f06b37d7caf,2026-07-01T20:00:00Z,2026-07-01T22:00:00+0200,14421.446,MW,NL,NL,actual_load,Actual Load,2026-07-30T23:22:13Z
2026-07-30T23:20:14Z,2026-07-31T01:20:14+0200,3d9904ea-ea5b-47d7-bdee-8f06b37d7caf,2026-07-01T20:15:00Z,2026-07-01T22:15:00+0200,14402.048,MW,NL,NL,actual_load,Actual Load,2026-07-30T23:22:13Z
2026-07-30T23:20:14Z,2026-07-31T01:20:14+0200,3d9904ea-ea5b-47d7-bdee-8f06b37d7caf,2026-07-01T20:30:00Z,2026-07-01T22:30:00+0200,14314.365,MW,NL,NL,actual_load,Actual Load,2026-07-30T23:22:13Z
2026-07-30T23:20:14Z,2026-07-31T01:20:14+0200,3d9904ea-ea5b-47d7-bdee-8f06b37d7caf,2026-07-01T20:45:00Z,2026-07-01T22:45:00+0200,14133.786,MW,NL,NL,actual_load,Actual Load,2026-07-30T23:22:13Z
2026-07-30T23:20:14Z,2026-07-31T01:20:14+0200,3d9904ea-ea5b-47d7-bdee-8f06b37d7caf,2026-07-01T21:00:00Z,2026-07-01T23:00:00+0200,13992.069,MW,NL,NL,actual_load,Actual Load,2026-07-30T23:22:13Z
2026-07-30T23:20:14Z,2026-07-31T01:20:14+0200,3d9904ea-ea5b-47d7-bdee-8f06b37d7caf,2026-07-01T21:15:00Z,2026-07-01T23:15:00+0200,13797.858,MW,NL,NL,actual_load,Actual Load,2026-07-30T23:22:13Z
2026-07-30T23:20:14Z,2026-07-31T01:20:14+0200,3d9904ea-ea5b-47d7-bdee-8f06b37d7caf,2026-07-01T21:30:00Z,2026-07-01T23:30:00+0200,13581.199,MW,NL,NL,actual_load,Actual Load,2026-07-30T23:22:13Z
2026-07-30T23:20:14Z,2026-07-31T01:20:14+0200,3d9904ea-ea5b-47d7-bdee-8f06b37d7caf,2026-07-01T21:45:00Z,2026-07-01T23:45:00+0200,13377.031,MW,NL,NL,actual_load,Actual Load,2026-07-30T23:22:13Z
2026-07-30T23:20:14Z,2026-07-31T01:20:14+0200,3d9904ea-ea5b-47d7-bdee-8f06b37d7caf,2026-07-01T22:00:00Z,2026-07-02T00:00:00+0200,13123.464,MW,NL,NL,actual_load,Actual Load,2026-07-30T23:22:13Z
2026-07-30T23:20:14Z,2026-07-31T01:20:14+0200,3d9904ea-ea5b-47d7-bdee-8f06b37d7caf,2026-07-01T22:15:00Z,2026-07-02T00:15:00+0200,12913.788,MW,NL,NL,actual_load,Actual Load,2026-07-30T23:22:13Z
2026-07-30T23:20:14Z,2026-07-31T01:20:14+0200,3d9904ea-ea5b-47d7-bdee-8f06b37d7caf,2026-07-01T22:30:00Z,2026-07-02T00:30:00+0200,12762.261,MW,NL,NL,actual_load,Actual Load,2026-07-30T23:22:13Z
2026-07-30T23:20:14Z,2026-07-31T01:20:14+0200,3d9904ea-ea5b-47d7-bdee-8f06b37d7caf,2026-07-01T22:45:00Z,2026-07-02T00:45:00+0200,12579.778,MW,NL,NL,actual_load,Actual Load,2026-07-30T23:22:13Z
2026-07-30T23:20:14Z,2026-07-31T01:20:14+0200,3d9904ea-ea5b-47d7-bdee-8f06b37d7caf,2026-07-01T23:00:00Z,2026-07-02T01:00:00+0200,12441.917,MW,NL,NL,actual_load,Actual Load,2026-07-30T23:22:13Z
2026-07-30T23:20:14Z,2026-07-31T01:20:14+0200,3d9904ea-ea5b-47d7-bdee-8f06b37d7caf,2026-07-01T23:15:00Z,2026-07-02T01:15:00+0200,12318.332,MW,NL,NL,actual_load,Actual Load,2026-07-30T23:22:13Z
2026-07-30T23:20:14Z,2026-07-31T01:20:14+0200,3d9904ea-ea5b-47d7-bdee-8f06b37d7caf,2026-07-01T23:30:00Z,2026-07-02T01:30:00+0200,12164.331,MW,NL,NL,actual_load,Actual Load,2026-07-30T23:22:13Z
2026-07-30T23:20:14Z,2026-07-31T01:20:14+0200,3d9904ea-ea5b-47d7-bdee-8f06b37d7caf,2026-07-01T23:45:00Z,2026-07-02T01:45:00+0200,12079.956,MW,NL,NL,actual_load,Actual Load,2026-07-30T23:22:13Z
2026-07-30T23:20:14Z,2026-07-31T01:20:14+0200,3d9904ea-ea5b-47d7-bdee-8f06b37d7caf,2026-07-02T00:00:00Z,2026-07-02T02:00:00+0200,12022.577,MW,NL,NL,actual_load,Actual Load,2026-07-30T23:22:13Z
2026-07-30T23:20:14Z,2026-07-31T01:20:14+0200,3d9904ea-ea5b-47d7-bdee-8f06b37d7caf,2026-07-02T00:15:00Z,2026-07-02T02:15:00+0200,12002.271,MW,NL,NL,actual_load,Actual Load,2026-07-30T23:22:13Z
2026-07-30T23:20:14Z,2026-07-31T01:20:14+0200,3d9904ea-ea5b-47d7-bdee-8f06b37d7caf,2026-07-02T00:30:00Z,2026-07-02T02:30:00+0200,11903.506,MW,NL,NL,actual_load,Actual Load,2026-07-30T23:22:13Z
2026-07-30T23:20:14Z,2026-07-31T01:20:14+0200,3d9904ea-ea5b-47d7-bdee-8f06b37d7caf,2026-07-02T00:45:00Z,2026-07-02T02:45:00+0200,11818.965,MW,NL,NL,actual_load,Actual Load,2026-07-30T23:22:13Z
2026-07-30T23:20:14Z,2026-07-31T01:20:14+0200,3d9904ea-ea5b-47d7-bdee-8f06b37d7caf,2026-07-02T01:00:00Z,2026-07-02T03:00:00+0200,11795.035,MW,NL,NL,actual_load,Actual Load,2026-07-30T23:22:13Z
2026-07-30T23:20:14Z,2026-07-31T01:20:14+0200,3d9904ea-ea5b-47d7-bdee-8f06b37d7caf,2026-07-02T01:15:00Z,2026-07-02T03:15:00+0200,11725.498,MW,NL,NL,actual_load,Actual Load,2026-07-30T23:22:13Z
2026-07-30T23:20:14Z,2026-07-31T01:20:14+0200,3d9904ea-ea5b-47d7-bdee-8f06b37d7caf,2026-07-02T01:30:00Z,2026-07-02T03:30:00+0200,11740.18,MW,NL,NL,actual_load,Actual Load,2026-07-30T23:22:13Z
2026-07-30T23:20:14Z,2026-07-31T01:20:14+0200,3d9904ea-ea5b-47d7-bdee-8f06b37d7caf,2026-07-02T01:45:00Z,2026-07-02T03:45:00+0200,11736.219,MW,NL,NL,actual_load,Actual Load,2026-07-30T23:22:13Z
2026-07-30T23:20:14Z,2026-07-31T01:20:14+0200,3d9904ea-ea5b-47d7-bdee-8f06b37d7caf,2026-07-02T02:00:00Z,2026-07-02T04:00:00+0200,11778.339,MW,NL,NL,actual_load,Actual Load,2026-07-30T23:22:13Z
2026-07-30T23:20:14Z,2026-07-31T01:20:14+0200,3d9904ea-ea5b-47d7-bdee-8f06b37d7caf,2026-07-02T02:15:00Z,2026-07-02T04:15:00+0200,11799.919,MW,NL,NL,actual_load,Actual Load,2026-07-30T23:22:13Z
2026-07-30T23:20:14Z,2026-07-31T01:20:14+0200,3d9904ea-ea5b-47d7-bdee-8f06b37d7caf,2026-07-02T02:30:00Z,2026-07-02T04:30:00+0200,11827.935,MW,NL,NL,actual_load,Actual Load,2026-07-30T23:22:13Z
2026-07-30T23:20:14Z,2026-07-31T01:20:14+0200,3d9904ea-ea5b-47d7-bdee-8f06b37d7caf,2026-07-02T02:45:00Z,2026-07-02T04:45:00+0200,11849.698,MW,NL,NL,actual_load,Actual Load,2026-07-30T23:22:13Z
2026-07-30T23:20:14Z,2026-07-31T01:20:14+0200,3d9904ea-ea5b-47d7-bdee-8f06b37d7caf,2026-07-02T03:00:00Z,2026-07-02T05:00:00+0200,11961.5,MW,NL,NL,actual_load,Actual Load,2026-07-30T23:22:13Z
2026-07-30T23:20:14Z,2026-07-31T01:20:14+0200,3d9904ea-ea5b-47d7-bdee-8f06b37d7caf,2026-07-02T03:15:00Z,2026-07-02T05:15:00+0200,12088.438,MW,NL,NL,actual_load,Actual Load,2026-07-30T23:22:13Z
2026-07-30T23:20:14Z,2026-07-31T01:20:14+0200,3d9904ea-ea5b-47d7-bdee-8f06b37d7caf,2026-07-02T03:30:00Z,2026-07-02T05:30:00+0200,11992.462,MW,NL,NL,actual_load,Actual Load,2026-07-30T23:22:13Z
2026-07-30T23:20:14Z,2026-07-31T01:20:14+0200,3d9904ea-ea5b-47d7-bdee-8f06b37d7caf,2026-07-02T03:45:00Z,2026-07-02T05:45:00+0200,12051.963,MW,NL,NL,actual_load,Actual Load,2026-07-30T23:22:13Z
2026-07-30T23:20:14Z,2026-07-31T01:20:14+0200,3d9904ea-ea5b-47d7-bdee-8f06b37d7caf,2026-07-02T04:00:00Z,2026-07-02T06:00:00+0200,12223.711,MW,NL,NL,actual_load,Actual Load,2026-07-30T23:22:13Z
2026-07-30T23:20:14Z,2026-07-31T01:20:14+0200,3d9904ea-ea5b-47d7-bdee-8f06b37d7caf,2026-07-02T04:15:00Z,2026-07-02T06:15:00+0200,12321.3,MW,NL,NL,actual_load,Actual Load,2026-07-30T23:22:13Z
2026-07-30T23:20:14Z,2026-07-31T01:20:14+0200,3d9904ea-ea5b-47d7-bdee-8f06b37d7caf,2026-07-02T04:30:00Z,2026-07-02T06:30:00+0200,12422.229,MW,NL,NL,actual_load,Actual Load,2026-07-30T23:22:13Z
2026-07-30T23:20:14Z,2026-07-31T01:20:14+0200,3d9904ea-ea5b-47d7-bdee-8f06b37d7caf,2026-07-02T04:45:00Z,2026-07-02T06:45:00+0200,12640.799,MW,NL,NL,actual_load,Actual Load,2026-07-30T23:22:13Z
2026-07-30T23:20:14Z,2026-07-31T01:20:14+0200,3d9904ea-ea5b-47d7-bdee-8f06b37d7caf,2026-07-02T05:00:00Z,2026-07-02T07:00:00+0200,12892.95,MW,NL,NL,actual_load,Actual Load,2026-07-30T23:22:13Z
2026-07-30T23:20:14Z,2026-07-31T01:20:14+0200,3d9904ea-ea5b-47d7-bdee-8f06b37d7caf,2026-07-02T05:15:00Z,2026-07-02T07:15:00+0200,13112.801,MW,NL,NL,actual_load,Actual Load,2026-07-30T23:22:13Z
2026-07-30T23:20:14Z,2026-07-31T01:20:14+0200,3d9904ea-ea5b-47d7-bdee-8f06b37d7caf,2026-07-02T05:30:00Z,2026-07-02T07:30:00+0200,13291.087,MW,NL,NL,actual_load,Actual Load,2026-07-30T23:22:13Z
2026-07-30T23:20:14Z,2026-07-31T01:20:14+0200,3d9904ea-ea5b-47d7-bdee-8f06b37d7caf,2026-07-02T05:45:00Z,2026-07-02T07:45:00+0200,13506.88,MW,NL,NL,actual_load,Actual Load,2026-07-30T23:22:13Z
2026-07-30T23:20:14Z,2026-07-31T01:20:14+0200,3d9904ea-ea5b-47d7-bdee-8f06b37d7caf,2026-07-02T06:00:00Z,2026-07-02T08:00:00+0200,13807.774,MW,NL,NL,actual_load,Actual Load,2026-07-30T23:22:13Z
2026-07-30T23:20:14Z,2026-07-31T01:20:14+0200,3d9904ea-ea5b-47d7-bdee-8f06b37d7caf,2026-07-02T06:15:00Z,2026-07-02T08:15:00+0200,14072.797,MW,NL,NL,actual_load,Actual Load,2026-07-30T23:22:13Z
2026-07-30T23:20:14Z,2026-07-31T01:20:14+0200,3d9904ea-ea5b-47d7-bdee-8f06b37d7caf,2026-07-02T06:30:00Z,2026-07-02T08:30:00+0200,14325.168,MW,NL,NL,actual_load,Actual Load,2026-07-30T23:22:13Z
2026-07-30T23:20:14Z,2026-07-31T01:20:14+0200,3d9904ea-ea5b-47d7-bdee-8f06b37d7caf,2026-07-02T06:45:00Z,2026-07-02T08:45:00+0200,14587.904,MW,NL,NL,actual_load,Actual Load,2026-07-30T23:22:13Z
2026-07-30T23:20:14Z,2026-07-31T01:20:14+0200,3d9904ea-ea5b-47d7-bdee-8f06b37d7caf,2026-07-02T07:00:00Z,2026-07-02T09:00:00+0200,14872.97,MW,NL,NL,actual_load,Actual Load,2026-07-30T23:22:13Z
2026-07-30T23:20:14Z,2026-07-31T01:20:14+0200,3d9904ea-ea5b-47d7-bdee-8f06b37d7caf,2026-07-02T07:15:00Z,2026-07-02T09:15:00+0200,14910.17,MW,NL,NL,actual_load,Actual Load,2026-07-30T23:22:13Z
2026-07-30T23:20:14Z,2026-07-31T01:20:14+0200,3d9904ea-ea5b-47d7-bdee-8f06b37d7caf,2026-07-02T07:30:00Z,2026-07-02T09:30:00+0200,15116.804,MW,NL,NL,actual_load,Actual Load,2026-07-30T23:22:13Z
2026-07-30T23:20:14Z,2026-07-31T01:20:14+0200,3d9904ea-ea5b-47d7-bdee-8f06b37d7caf,2026-07-02T07:45:00Z,2026-07-02T09:45:00+0200,15167.678,MW,NL,NL,actual_load,Actual Load,2026-07-30T23:22:13Z
2026-07-30T23:20:14Z,2026-07-31T01:20:14+0200,3d9904ea-ea5b-47d7-bdee-8f06b37d7caf,2026-07-02T08:00:00Z,2026-07-02T10:00:00+0200,15371.516,MW,NL,NL,actual_load,Actual Load,2026-07-30T23:22:13Z
2026-07-30T23:20:14Z,2026-07-31T01:20:14+0200,3d9904ea-ea5b-47d7-bdee-8f06b37d7caf,2026-07-02T08:15:00Z,2026-07-02T10:15:00+0200,15456.587,MW,NL,NL,actual_load,Actual Load,2026-07-30T23:22:13Z
2026-07-30T23:20:14Z,2026-07-31T01:20:14+0200,3d9904ea-ea5b-47d7-bdee-8f06b37d7caf,2026-07-02T08:30:00Z,2026-07-02T10:30:00+0200,15542.797,MW,NL,NL,actual_load,Actual Load,2026-07-30T23:22:13Z
2026-07-30T23:20:14Z,2026-07-31T01:20:14+0200,3d9904ea-ea5b-47d7-bdee-8f06b37d7caf,2026-07-02T08:45:00Z,2026-07-02T10:45:00+0200,15625.849,MW,NL,NL,actual_load,Actual Load,2026-07-30T23:22:13Z
2026-07-30T23:20:14Z,2026-07-31T01:20:14+0200,3d9904ea-ea5b-47d7-bdee-8f06b37d7caf,2026-07-02T09:00:00Z,2026-07-02T11:00:00+0200,15903.65,MW,NL,NL,actual_load,Actual Load,2026-07-30T23:22:13Z
2026-07-30T23:20:14Z,2026-07-31T01:20:14+0200,3d9904ea-ea5b-47d7-bdee-8f06b37d7caf,2026-07-02T09:15:00Z,2026-07-02T11:15:00+0200,15727.555,MW,NL,NL,actual_load,Actual Load,2026-07-30T23:22:13Z
2026-07-30T23:20:14Z,2026-07-31T01:20:14+0200,3d9904ea-ea5b-47d7-bdee-8f06b37d7caf,2026-07-02T09:30:00Z,2026-07-02T11:30:00+0200,15728.708,MW,NL,NL,actual_load,Actual Load,2026-07-30T23:22:13Z
2026-07-30T23:20:14Z,2026-07-31T01:20:14+0200,3d9904ea-ea5b-47d7-bdee-8f06b37d7caf,2026-07-02T09:45:00Z,2026-07-02T11:45:00+0200,15749.817,MW,NL,NL,actual_load,Actual Load,2026-07-30T23:22:13Z
2026-07-30T23:20:14Z,2026-07-31T01:20:14+0200,3d9904ea-ea5b-47d7-bdee-8f06b37d7caf,2026-07-02T10:00:00Z,2026-07-02T12:00:00+0200,15811.315,MW,NL,NL,actual_load,Actual Load,2026-07-30T23:22:13Z
2026-07-30T23:20:14Z,2026-07-31T01:20:14+0200,3d9904ea-ea5b-47d7-bdee-8f06b37d7caf,2026-07-02T10:15:00Z,2026-07-02T12:15:00+0200,15694.098,MW,NL,NL,actual_load,Actual Load,2026-07-30T23:22:13Z
2026-07-30T23:20:14Z,2026-07-31T01:20:14+0200,3d9904ea-ea5b-47d7-bdee-8f06b37d7caf,2026-07-02T10:30:00Z,2026-07-02T12:30:00+0200,15511.703,MW,NL,NL,actual_load,Actual Load,2026-07-30T23:22:13Z
2026-07-30T23:20:14Z,2026-07-31T01:20:14+0200,3d9904ea-ea5b-47d7-bdee-8f06b37d7caf,2026-07-02T10:45:00Z,2026-07-02T12:45:00+0200,15365.014,MW,NL,NL,actual_load,Actual Load,2026-07-30T23:22:13Z
2026-07-30T23:20:14Z,2026-07-31T01:20:14+0200,3d9904ea-ea5b-47d7-bdee-8f06b37d7caf,2026-07-02T11:00:00Z,2026-07-02T13:00:00+0200,15341.858,MW,NL,NL,actual_load,Actual Load,2026-07-30T23:22:13Z
2026-07-30T23:20:14Z,2026-07-31T01:20:14+0200,3d9904ea-ea5b-47d7-bdee-8f06b37d7caf,2026-07-02T11:15:00Z,2026-07-02T13:15:00+0200,15153.346,MW,NL,NL,actual_load,Actual Load,2026-07-30T23:22:13Z
2026-07-30T23:20:14Z,2026-07-31T01:20:14+0200,3d9904ea-ea5b-47d7-bdee-8f06b37d7caf,2026-07-02T11:30:00Z,2026-07-02T13:30:00+0200,15175.74,MW,NL,NL,actual_load,Actual Load,2026-07-30T23:22:13Z
2026-07-30T23:20:14Z,2026-07-31T01:20:14+0200,3d9904ea-ea5b-47d7-bdee-8f06b37d7caf,2026-07-02T11:45:00Z,2026-07-02T13:45:00+0200,15036.245,MW,NL,NL,actual_load,Actual Load,2026-07-30T23:22:13Z
2026-07-30T23:20:14Z,2026-07-31T01:20:14+0200,3d9904ea-ea5b-47d7-bdee-8f06b37d7caf,2026-07-02T12:00:00Z,2026-07-02T14:00:00+0200,15013.967,MW,NL,NL,actual_load,Actual Load,2026-07-30T23:22:13Z
2026-07-30T23:20:14Z,2026-07-31T01:20:14+0200,3d9904ea-ea5b-47d7-bdee-8f06b37d7caf,2026-07-02T12:15:00Z,2026-07-02T14:15:00+0200,14971.823,MW,NL,NL,actual_load,Actual Load,2026-07-30T23:22:13Z
2026-07-30T23:20:14Z,2026-07-31T01:20:14+0200,3d9904ea-ea5b-47d7-bdee-8f06b37d7caf,2026-07-02T12:30:00Z,2026-07-02T14:30:00+0200,14827.692,MW,NL,NL,actual_load,Actual Load,2026-07-30T23:22:13Z
2026-07-30T23:20:14Z,2026-07-31T01:20:14+0200,3d9904ea-ea5b-47d7-bdee-8f06b37d7caf,2026-07-02T12:45:00Z,2026-07-02T14:45:00+0200,14679.314,MW,NL,NL,actual_load,Actual Load,2026-07-30T23:22:13Z
2026-07-30T23:20:14Z,2026-07-31T01:20:14+0200,3d9904ea-ea5b-47d7-bdee-8f06b37d7caf,2026-07-02T13:00:00Z,2026-07-02T15:00:00+0200,14674.378,MW,NL,NL,actual_load,Actual Load,2026-07-30T23:22:13Z
2026-07-30T23:20:14Z,2026-07-31T01:20:14+0200,3d9904ea-ea5b-47d7-bdee-8f06b37d7caf,2026-07-02T13:15:00Z,2026-07-02T15:15:00+0200,14726.433,MW,NL,NL,actual_load,Actual Load,2026-07-30T23:22:13Z
2026-07-30T23:20:14Z,2026-07-31T01:20:14+0200,3d9904ea-ea5b-47d7-bdee-8f06b37d7caf,2026-07-02T13:30:00Z,2026-07-02T15:30:00+0200,14607.506,MW,NL,NL,actual_load,Actual Load,2026-07-30T23:22:13Z
2026-07-30T23:20:14Z,2026-07-31T01:20:14+0200,3d9904ea-ea5b-47d7-bdee-8f06b37d7caf,2026-07-02T13:45:00Z,2026-07-02T15:45:00+0200,14443.408,MW,NL,NL,actual_load,Actual Load,2026-07-30T23:22:13Z
2026-07-30T23:20:14Z,2026-07-31T01:20:14+0200,3d9904ea-ea5b-47d7-bdee-8f06b37d7caf,2026-07-02T14:00:00Z,2026-07-02T16:00:00+0200,14230.11,MW,NL,NL,actual_load,Actual Load,2026-07-30T23:22:13Z
2026-07-30T23:20:14Z,2026-07-31T01:20:14+0200,3d9904ea-ea5b-47d7-bdee-8f06b37d7caf,2026-07-02T14:15:00Z,2026-07-02T16:15:00+0200,14220.356,MW,NL,NL,actual_load,Actual Load,2026-07-30T23:22:13Z
2026-07-30T23:20:14Z,2026-07-31T01:20:14+0200,3d9904ea-ea5b-47d7-bdee-8f06b37d7caf,2026-07-02T14:30:00Z,2026-07-02T16:30:00+0200,14126.905,MW,NL,NL,actual_load,Actual Load,2026-07-30T23:22:13Z
2026-07-30T23:20:14Z,2026-07-31T01:20:14+0200,3d9904ea-ea5b-47d7-bdee-8f06b37d7caf,2026-07-02T14:45:00Z,2026-07-02T16:45:00+0200,14216.899,MW,NL,NL,actual_load,Actual Load,2026-07-30T23:22:13Z
2026-07-30T23:20:14Z,2026-07-31T01:20:14+0200,3d9904ea-ea5b-47d7-bdee-8f06b37d7caf,2026-07-02T15:00:00Z,2026-07-02T17:00:00+0200,14362.026,MW,NL,NL,actual_load,Actual Load,2026-07-30T23:22:13Z
2026-07-30T23:20:14Z,2026-07-31T01:20:14+0200,3d9904ea-ea5b-47d7-bdee-8f06b37d7caf,2026-07-02T15:15:00Z,2026-07-02T17:15:00+0200,14363.505,MW,NL,NL,actual_load,Actual Load,2026-07-30T23:22:13Z
2026-07-30T23:20:14Z,2026-07-31T01:20:14+0200,3d9904ea-ea5b-47d7-bdee-8f06b37d7caf,2026-07-02T15:30:00Z,2026-07-02T17:30:00+0200,14290.169,MW,NL,NL,actual_load,Actual Load,2026-07-30T23:22:13Z
2026-07-30T23:20:14Z,2026-07-31T01:20:14+0200,3d9904ea-ea5b-47d7-bdee-8f06b37d7caf,2026-07-02T15:45:00Z,2026-07-02T17:45:00+0200,14351.495,MW,NL,NL,actual_load,Actual Load,2026-07-30T23:22:13Z
2026-07-30T23:20:14Z,2026-07-31T01:20:14+0200,3d9904ea-ea5b-47d7-bdee-8f06b37d7caf,2026-07-02T16:00:00Z,2026-07-02T18:00:00+0200,14223.932,MW,NL,NL,actual_load,Actual Load,2026-07-30T23:22:13Z
2026-07-30T23:20:14Z,2026-07-31T01:20:14+0200,3d9904ea-ea5b-47d7-bdee-8f06b37d7caf,2026-07-02T16:15:00Z,2026-07-02T18:15:00+0200,14048.999,MW,NL,NL,actual_load,Actual Load,2026-07-30T23:22:13Z
2026-07-30T23:20:14Z,2026-07-31T01:20:14+0200,3d9904ea-ea5b-47d7-bdee-8f06b37d7caf,2026-07-02T16:30:00Z,2026-07-02T18:30:00+0200,14088.786,MW,NL,NL,actual_load,Actual Load,2026-07-30T23:22:13Z
2026-07-30T23:20:14Z,2026-07-31T01:20:14+0200,3d9904ea-ea5b-47d7-bdee-8f06b37d7caf,2026-07-02T16:45:00Z,2026-07-02T18:45:00+0200,13942.534,MW,NL,NL,actual_load,Actual Load,2026-07-30T23:22:13Z
2026-07-30T23:20:14Z,2026-07-31T01:20:14+0200,3d9904ea-ea5b-47d7-bdee-8f06b37d7caf,2026-07-02T17:00:00Z,2026-07-02T19:00:00+0200,13960.531,MW,NL,NL,actual_load,Actual Load,2026-07-30T23:22:13Z
2026-07-30T23:20:14Z,2026-07-31T01:20:14+0200,3d9904ea-ea5b-47d7-bdee-8f06b37d7caf,2026-07-02T17:15:00Z,2026-07-02T19:15:00+0200,13855.59,MW,NL,NL,actual_load,Actual Load,2026-07-30T23:22:13Z
2026-07-30T23:20:14Z,2026-07-31T01:20:14+0200,3d9904ea-ea5b-47d7-bdee-8f06b37d7caf,2026-07-02T17:30:00Z,2026-07-02T19:30:00+0200,13818.784,MW,NL,NL,actual_load,Actual Load,2026-07-30T23:22:13Z
2026-07-30T23:20:14Z,2026-07-31T01:20:14+0200,3d9904ea-ea5b-47d7-bdee-8f06b37d7caf,2026-07-02T17:45:00Z,2026-07-02T19:45:00+0200,13834.708,MW,NL,NL,actual_load,Actual Load,2026-07-30T23:22:13Z
2026-07-30T23:20:14Z,2026-07-31T01:20:14+0200,3d9904ea-ea5b-47d7-bdee-8f06b37d7caf,2026-07-02T18:00:00Z,2026-07-02T20:00:00+0200,13868.349,MW,NL,NL,actual_load,Actual Load,2026-07-30T23:22:13Z
2026-07-30T23:20:14Z,2026-07-31T01:20:14+0200,3d9904ea-ea5b-47d7-bdee-8f06b37d7caf,2026-07-02T18:15:00Z,2026-07-02T20:15:00+0200,13845.471,MW,NL,NL,actual_load,Actual Load,2026-07-30T23:22:13Z
2026-07-30T23:20:14Z,2026-07-31T01:20:14+0200,3d9904ea-ea5b-47d7-bdee-8f06b37d7caf,2026-07-02T18:30:00Z,2026-07-02T20:30:00+0200,13900.092,MW,NL,NL,actual_load,Actual Load,2026-07-30T23:22:13Z
2026-07-30T23:20:14Z,2026-07-31T01:20:14+0200,3d9904ea-ea5b-47d7-bdee-8f06b37d7caf,2026-07-02T18:45:00Z,2026-07-02T20:45:00+0200,13969.579,MW,NL,NL,actual_load,Actual Load,2026-07-30T23:22:13Z
2026-07-30T23:20:14Z,2026-07-31T01:20:14+0200,3d9904ea-ea5b-47d7-bdee-8f06b37d7caf,2026-07-02T19:00:00Z,2026-07-02T21:00:00+0200,14005.636,MW,NL,NL,actual_load,Actual Load,2026-07-30T23:22:13Z
2026-07-30T23:20:14Z,2026-07-31T01:20:14+0200,3d9904ea-ea5b-47d7-bdee-8f06b37d7caf,2026-07-02T19:15:00Z,2026-07-02T21:15:00+0200,14010.23,MW,NL,NL,actual_load,Actual Load,2026-07-30T23:22:13Z
2026-07-30T23:20:14Z,2026-07-31T01:20:14+0200,3d9904ea-ea5b-47d7-bdee-8f06b37d7caf,2026-07-02T19:30:00Z,2026-07-02T21:30:00+0200,14083.032,MW,NL,NL,actual_load,Actual Load,2026-07-30T23:22:13Z
2026-07-30T23:20:14Z,2026-07-31T01:20:14+0200,3d9904ea-ea5b-47d7-bdee-8f06b37d7caf,2026-07-02T19:45:00Z,2026-07-02T21:45:00+0200,14101.771,MW,NL,NL,actual_load,Actual Load,2026-07-30T23:22:13Z
2026-07-30T23:20:14Z,2026-07-31T01:20:14+0200,3d9904ea-ea5b-47d7-bdee-8f06b37d7caf,2026-07-02T20:00:00Z,2026-07-02T22:00:00+0200,14000.287,MW,NL,NL,actual_load,Actual Load,2026-07-30T23:22:13Z
2026-07-30T23:20:14Z,2026-07-31T01:20:14+0200,3d9904ea-ea5b-47d7-bdee-8f06b37d7caf,2026-07-02T20:15:00Z,2026-07-02T22:15:00+0200,13951.04,MW,NL,NL,actual_load,Actual Load,2026-07-30T23:22:13Z
2026-07-30T23:20:14Z,2026-07-31T01:20:14+0200,3d9904ea-ea5b-47d7-bdee-8f06b37d7caf,2026-07-02T20:30:00Z,2026-07-02T22:30:00+0200,13877.775,MW,NL,NL,actual_load,Actual Load,2026-07-30T23:22:13Z
2026-07-30T23:20:14Z,2026-07-31T01:20:14+0200,3d9904ea-ea5b-47d7-bdee-8f06b37d7caf,2026-07-02T20:45:00Z,2026-07-02T22:45:00+0200,13750.526,MW,NL,NL,actual_load,Actual Load,2026-07-30T23:22:13Z
2026-07-30T23:20:14Z,2026-07-31T01:20:14+0200,3d9904ea-ea5b-47d7-bdee-8f06b37d7caf,2026-07-02T21:00:00Z,2026-07-02T23:00:00+0200,13647.666,MW,NL,NL,actual_load,Actual Load,2026-07-30T23:22:13Z
2026-07-30T23:20:14Z,2026-07-31T01:20:14+0200,3d9904ea-ea5b-47d7-bdee-8f06b37d7caf,2026-07-02T21:15:00Z,2026-07-02T23:15:00+0200,13522.736,MW,NL,NL,actual_load,Actual Load,2026-07-30T23:22:13Z
2026-07-30T23:20:14Z,2026-07-31T01:20:14+0200,3d9904ea-ea5b-47d7-bdee-8f06b37d7caf,2026-07-02T21:30:00Z,2026-07-02T23:30:00+0200,13375.202,MW,NL,NL,actual_load,Actual Load,2026-07-30T23:22:13Z
2026-07-30T23:20:14Z,2026-07-31T01:20:14+0200,3d9904ea-ea5b-47d7-bdee-8f06b37d7caf,2026-07-02T21:45:00Z,2026-07-02T23:45:00+0200,13220.313,MW,NL,NL,actual_load,Actual Load,2026-07-30T23:22:13Z
2026-07-30T23:20:14Z,2026-07-31T01:20:14+0200,3d9904ea-ea5b-47d7-bdee-8f06b37d7caf,2026-07-02T22:00:00Z,2026-07-03T00:00:00+0200,12863.821,MW,NL,NL,actual_load,Actual Load,2026-07-30T23:22:13Z
2026-07-30T23:20:14Z,2026-07-31T01:20:14+0200,3d9904ea-ea5b-47d7-bdee-8f06b37d7caf,2026-07-02T22:15:00Z,2026-07-03T00:15:00+0200,12659.315,MW,NL,NL,actual_load,Actual Load,2026-07-30T23:22:13Z
2026-07-30T23:20:14Z,2026-07-31T01:20:14+0200,3d9904ea-ea5b-47d7-bdee-8f06b37d7caf,2026-07-02T22:30:00Z,2026-07-03T00:30:00+0200,12498.697,MW,NL,NL,actual_load,Actual Load,2026-07-30T23:22:13Z
2026-07-30T23:20:14Z,2026-07-31T01:20:14+0200,3d9904ea-ea5b-47d7-bdee-8f06b37d7caf,2026-07-02T22:45:00Z,2026-07-03T00:45:00+0200,10772.696,MW,NL,NL,actual_load,Actual Load,2026-07-30T23:22:13Z
2026-07-30T23:20:14Z,2026-07-31T01:20:14+0200,3d9904ea-ea5b-47d7-bdee-8f06b37d7caf,2026-07-02T23:00:00Z,2026-07-03T01:00:00+0200,10838.006,MW,NL,NL,actual_load,Actual Load,2026-07-30T23:22:13Z
2026-07-30T23:20:14Z,2026-07-31T01:20:14+0200,3d9904ea-ea5b-47d7-bdee-8f06b37d7caf,2026-07-02T23:15:00Z,2026-07-03T01:15:00+0200,10731.136,MW,NL,NL,actual_load,Actual Load,2026-07-30T23:22:13Z
2026-07-30T23:20:14Z,2026-07-31T01:20:14+0200,3d9904ea-ea5b-47d7-bdee-8f06b37d7caf,2026-07-02T23:30:00Z,2026-07-03T01:30:00+0200,10593.356,MW,NL,NL,actual_load,Actual Load,2026-07-30T23:22:13Z
2026-07-30T23:20:14Z,2026-07-31T01:20:14+0200,3d9904ea-ea5b-47d7-bdee-8f06b37d7caf,2026-07-02T23:45:00Z,2026-07-03T01:45:00+0200,10498.426,MW,NL,NL,actual_load,Actual Load,2026-07-30T23:22:13Z
2026-07-30T23:20:14Z,2026-07-31T01:20:14+0200,3d9904ea-ea5b-47d7-bdee-8f06b37d7caf,2026-07-03T00:00:00Z,2026-07-03T02:00:00+0200,10489.416,MW,NL,NL,actual_load,Actual Load,2026-07-30T23:22:13Z
2026-07-30T23:20:14Z,2026-07-31T01:20:14+0200,3d9904ea-ea5b-47d7-bdee-8f06b37d7caf,2026-07-03T00:15:00Z,2026-07-03T02:15:00+0200,10573.676,MW,NL,NL,actual_load,Actual Load,2026-07-30T23:22:13Z
2026-07-30T23:20:14Z,2026-07-31T01:20:14+0200,3d9904ea-ea5b-47d7-bdee-8f06b37d7caf,2026-07-03T00:30:00Z,2026-07-03T02:30:00+0200,10410.396,MW,NL,NL,actual_load,Actual Load,2026-07-30T23:22:13Z
2026-07-30T23:20:14Z,2026-07-31T01:20:14+0200,3d9904ea-ea5b-47d7-bdee-8f06b37d7caf,2026-07-03T00:45:00Z,2026-07-03T02:45:00+0200,10194.236,MW,NL,NL,actual_load,Actual Load,2026-07-30T23:22:13Z
2026-07-30T23:20:14Z,2026-07-31T01:20:14+0200,3d9904ea-ea5b-47d7-bdee-8f06b37d7caf,2026-07-03T01:00:00Z,2026-07-03T03:00:00+0200,10294.896,MW,NL,NL,actual_load,Actual Load,2026-07-30T23:22:13Z
2026-07-30T23:20:14Z,2026-07-31T01:20:14+0200,3d9904ea-ea5b-47d7-bdee-8f06b37d7caf,2026-07-03T01:15:00Z,2026-07-03T03:15:00+0200,10273.536,MW,NL,NL,actual_load,Actual Load,2026-07-30T23:22:13Z
2026-07-30T23:20:14Z,2026-07-31T01:20:14+0200,3d9904ea-ea5b-47d7-bdee-8f06b37d7caf,2026-07-03T01:30:00Z,2026-07-03T03:30:00+0200,10306.256,MW,NL,NL,actual_load,Actual Load,2026-07-30T23:22:13Z
2026-07-30T23:20:14Z,2026-07-31T01:20:14+0200,3d9904ea-ea5b-47d7-bdee-8f06b37d7caf,2026-07-03T01:45:00Z,2026-07-03T03:45:00+0200,10339.956,MW,NL,NL,actual_load,Actual Load,2026-07-30T23:22:13Z
2026-07-30T23:20:14Z,2026-07-31T01:20:14+0200,3d9904ea-ea5b-47d7-bdee-8f06b37d7caf,2026-07-03T02:00:00Z,2026-07-03T04:00:00+0200,10460.056,MW,NL,NL,actual_load,Actual Load,2026-07-30T23:22:13Z
2026-07-30T23:20:14Z,2026-07-31T01:20:14+0200,3d9904ea-ea5b-47d7-bdee-8f06b37d7caf,2026-07-03T02:15:00Z,2026-07-03T04:15:00+0200,10050.946,MW,NL,NL,actual_load,Actual Load,2026-07-30T23:22:13Z
2026-07-30T23:20:14Z,2026-07-31T01:20:14+0200,3d9904ea-ea5b-47d7-bdee-8f06b37d7caf,2026-07-03T02:30:00Z,2026-07-03T04:30:00+0200,9998.586,MW,NL,NL,actual_load,Actual Load,2026-07-30T23:22:13Z
2026-07-30T23:20:14Z,2026-07-31T01:20:14+0200,3d9904ea-ea5b-47d7-bdee-8f06b37d7caf,2026-07-03T02:45:00Z,2026-07-03T04:45:00+0200,9904.556,MW,NL,NL,actual_load,Actual Load,2026-07-30T23:22:13Z
2026-07-30T23:20:14Z,2026-07-31T01:20:14+0200,3d9904ea-ea5b-47d7-bdee-8f06b37d7caf,2026-07-03T03:00:00Z,2026-07-03T05:00:00+0200,9787.746,MW,NL,NL,actual_load,Actual Load,2026-07-30T23:22:13Z
2026-07-30T23:20:14Z,2026-07-31T01:20:14+0200,3d9904ea-ea5b-47d7-bdee-8f06b37d7caf,2026-07-03T03:15:00Z,2026-07-03T05:15:00+0200,10014.636,MW,NL,NL,actual_load,Actual Load,2026-07-30T23:22:13Z
2026-07-30T23:20:14Z,2026-07-31T01:20:14+0200,3d9904ea-ea5b-47d7-bdee-8f06b37d7caf,2026-07-03T03:30:00Z,2026-07-03T05:30:00+0200,10052.606,MW,NL,NL,actual_load,Actual Load,2026-07-30T23:22:13Z
2026-07-30T23:20:14Z,2026-07-31T01:20:14+0200,3d9904ea-ea5b-47d7-bdee-8f06b37d7caf,2026-07-03T03:45:00Z,2026-07-03T05:45:00+0200,10002.676,MW,NL,NL,actual_load,Actual Load,2026-07-30T23:22:13Z
2026-07-30T23:20:14Z,2026-07-31T01:20:14+0200,3d9904ea-ea5b-47d7-bdee-8f06b37d7caf,2026-07-03T04:00:00Z,2026-07-03T06:00:00+0200,9720.036,MW,NL,NL,actual_load,Actual Load,2026-07-30T23:22:13Z
2026-07-30T23:20:14Z,2026-07-31T01:20:14+0200,3d9904ea-ea5b-47d7-bdee-8f06b37d7caf,2026-07-03T04:15:00Z,2026-07-03T06:15:00+0200,9626.786,MW,NL,NL,actual_load,Actual Load,2026-07-30T23:22:13Z
2026-07-30T23:20:14Z,2026-07-31T01:20:14+0200,3d9904ea-ea5b-47d7-bdee-8f06b37d7caf,2026-07-03T04:30:00Z,2026-07-03T06:30:00+0200,9543.756,MW,NL,NL,actual_load,Actual Load,2026-07-30T23:22:13Z
2026-07-30T23:20:14Z,2026-07-31T01:20:14+0200,3d9904ea-ea5b-47d7-bdee-8f06b37d7caf,2026-07-03T04:45:00Z,2026-07-03T06:45:00+0200,9407.546,MW,NL,NL,actual_load,Actual Load,2026-07-30T23:22:13Z
2026-07-30T23:20:14Z,2026-07-31T01:20:14+0200,3d9904ea-ea5b-47d7-bdee-8f06b37d7caf,2026-07-03T05:00:00Z,2026-07-03T07:00:00+0200,9259.676,MW,NL,NL,actual_load,Actual Load,2026-07-30T23:22:13Z
2026-07-30T23:20:14Z,2026-07-31T01:20:14+0200,3d9904ea-ea5b-47d7-bdee-8f06b37d7caf,2026-07-03T05:15:00Z,2026-07-03T07:15:00+0200,8985.166,MW,NL,NL,actual_load,Actual Load,2026-07-30T23:22:13Z
2026-07-30T23:20:14Z,2026-07-31T01:20:14+0200,3d9904ea-ea5b-47d7-bdee-8f06b37d7caf,2026-07-03T05:30:00Z,2026-07-03T07:30:00+0200,8678.416,MW,NL,NL,actual_load,Actual Load,2026-07-30T23:22:13Z
2026-07-30T23:20:14Z,2026-07-31T01:20:14+0200,3d9904ea-ea5b-47d7-bdee-8f06b37d7caf,2026-07-03T05:45:00Z,2026-07-03T07:45:00+0200,8522.066,MW,NL,NL,actual_load,Actual Load,2026-07-30T23:22:13Z
2026-07-30T23:20:14Z,2026-07-31T01:20:14+0200,3d9904ea-ea5b-47d7-bdee-8f06b37d7caf,2026-07-03T06:00:00Z,2026-07-03T08:00:00+0200,8500.056,MW,NL,NL,actual_load,Actual Load,2026-07-30T23:22:13Z
2026-07-30T23:20:14Z,2026-07-31T01:20:14+0200,3d9904ea-ea5b-47d7-bdee-8f06b37d7caf,2026-07-03T06:15:00Z,2026-07-03T08:15:00+0200,7728.266,MW,NL,NL,actual_load,Actual Load,2026-07-30T23:22:13Z
2026-07-30T23:20:14Z,2026-07-31T01:20:14+0200,3d9904ea-ea5b-47d7-bdee-8f06b37d7caf,2026-07-03T06:30:00Z,2026-07-03T08:30:00+0200,7530.766,MW,NL,NL,actual_load,Actual Load,2026-07-30T23:22:13Z
2026-07-30T23:20:14Z,2026-07-31T01:20:14+0200,3d9904ea-ea5b-47d7-bdee-8f06b37d7caf,2026-07-03T06:45:00Z,2026-07-03T08:45:00+0200,7276.266,MW,NL,NL,actual_load,Actual Load,2026-07-30T23:22:13Z
2026-07-30T23:20:14Z,2026-07-31T01:20:14+0200,3d9904ea-ea5b-47d7-bdee-8f06b37d7caf,2026-07-03T07:00:00Z,2026-07-03T09:00:00+0200,6922.246,MW,NL,NL,actual_load,Actual Load,2026-07-30T23:22:13Z
2026-07-30T23:20:14Z,2026-07-31T01:20:14+0200,3d9904ea-ea5b-47d7-bdee-8f06b37d7caf,2026-07-03T07:15:00Z,2026-07-03T09:15:00+0200,6607.356,MW,NL,NL,actual_load,Actual Load,2026-07-30T23:22:13Z
2026-07-30T23:20:14Z,2026-07-31T01:20:14+0200,3d9904ea-ea5b-47d7-bdee-8f06b37d7caf,2026-07-03T07:30:00Z,2026-07-03T09:30:00+0200,6267.536,MW,NL,NL,actual_load,Actual Load,2026-07-30T23:22:13Z
2026-07-30T23:20:14Z,2026-07-31T01:20:14+0200,3d9904ea-ea5b-47d7-bdee-8f06b37d7caf,2026-07-03T07:45:00Z,2026-07-03T09:45:00+0200,6024.716,MW,NL,NL,actual_load,Actual Load,2026-07-30T23:22:13Z
2026-07-30T23:20:14Z,2026-07-31T01:20:14+0200,3d9904ea-ea5b-47d7-bdee-8f06b37d7caf,2026-07-03T08:00:00Z,2026-07-03T10:00:00+0200,5814.746,MW,NL,NL,actual_load,Actual Load,2026-07-30T23:22:13Z
2026-07-30T23:20:14Z,2026-07-31T01:20:14+0200,3d9904ea-ea5b-47d7-bdee-8f06b37d7caf,2026-07-03T08:15:00Z,2026-07-03T10:15:00+0200,5329.136,MW,NL,NL,actual_load,Actual Load,2026-07-30T23:22:13Z
2026-07-30T23:20:14Z,2026-07-31T01:20:14+0200,3d9904ea-ea5b-47d7-bdee-8f06b37d7caf,2026-07-03T08:30:00Z,2026-07-03T10:30:00+0200,4808.566,MW,NL,NL,actual_load,Actual Load,2026-07-30T23:22:13Z
2026-07-30T23:20:14Z,2026-07-31T01:20:14+0200,3d9904ea-ea5b-47d7-bdee-8f06b37d7caf,2026-07-03T08:45:00Z,2026-07-03T10:45:00+0200,4668.726,MW,NL,NL,actual_load,Actual Load,2026-07-30T23:22:13Z
2026-07-30T23:20:14Z,2026-07-31T01:20:14+0200,3d9904ea-ea5b-47d7-bdee-8f06b37d7caf,2026-07-03T09:00:00Z,2026-07-03T11:00:00+0200,4543.28,MW,NL,NL,actual_load,Actual Load,2026-07-30T23:22:13Z
2026-07-30T23:20:14Z,2026-07-31T01:20:14+0200,3d9904ea-ea5b-47d7-bdee-8f06b37d7caf,2026-07-03T09:15:00Z,2026-07-03T11:15:00+0200,4900.946,MW,NL,NL,actual_load,Actual Load,2026-07-30T23:22:13Z
2026-07-30T23:20:14Z,2026-07-31T01:20:14+0200,3d9904ea-ea5b-47d7-bdee-8f06b37d7caf,2026-07-03T09:30:00Z,2026-07-03T11:30:00+0200,4775.736,MW,NL,NL,actual_load,Actual Load,2026-07-30T23:22:13Z
2026-07-30T23:20:14Z,2026-07-31T01:20:14+0200,3d9904ea-ea5b-47d7-bdee-8f06b37d7caf,2026-07-03T09:45:00Z,2026-07-03T11:45:00+0200,4403.099,MW,NL,NL,actual_load,Actual Load,2026-07-30T23:22:13Z
2026-07-30T23:20:14Z,2026-07-31T01:20:14+0200,3d9904ea-ea5b-47d7-bdee-8f06b37d7caf,2026-07-03T10:00:00Z,2026-07-03T12:00:00+0200,4334.149,MW,NL,NL,actual_load,Actual Load,2026-07-30T23:22:13Z
2026-07-30T23:20:14Z,2026-07-31T01:20:14+0200,3d9904ea-ea5b-47d7-bdee-8f06b37d7caf,2026-07-03T10:15:00Z,2026-07-03T12:15:00+0200,4132.21,MW,NL,NL,actual_load,Actual Load,2026-07-30T23:22:13Z
2026-07-30T23:20:14Z,2026-07-31T01:20:14+0200,3d9904ea-ea5b-47d7-bdee-8f06b37d7caf,2026-07-03T10:30:00Z,2026-07-03T12:30:00+0200,4108.229,MW,NL,NL,actual_load,Actual Load,2026-07-30T23:22:13Z
2026-07-30T23:20:14Z,2026-07-31T01:20:14+0200,3d9904ea-ea5b-47d7-bdee-8f06b37d7caf,2026-07-03T10:45:00Z,2026-07-03T12:45:00+0200,3948.892,MW,NL,NL,actual_load,Actual Load,2026-07-30T23:22:13Z
2026-07-30T23:20:14Z,2026-07-31T01:20:14+0200,3d9904ea-ea5b-47d7-bdee-8f06b37d7caf,2026-07-03T11:00:00Z,2026-07-03T13:00:00+0200,3792.563,MW,NL,NL,actual_load,Actual Load,2026-07-30T23:22:13Z
2026-07-30T23:20:14Z,2026-07-31T01:20:14+0200,3d9904ea-ea5b-47d7-bdee-8f06b37d7caf,2026-07-03T11:15:00Z,2026-07-03T13:15:00+0200,3713.996,MW,NL,NL,actual_load,Actual Load,2026-07-30T23:22:13Z
2026-07-30T23:20:14Z,2026-07-31T01:20:14+0200,3d9904ea-ea5b-47d7-bdee-8f06b37d7caf,2026-07-03T11:30:00Z,2026-07-03T13:30:00+0200,3606.533,MW,NL,NL,actual_load,Actual Load,2026-07-30T23:22:13Z
2026-07-30T23:20:14Z,2026-07-31T01:20:14+0200,3d9904ea-ea5b-47d7-bdee-8f06b37d7caf,2026-07-03T11:45:00Z,2026-07-03T13:45:00+0200,3441.304,MW,NL,NL,actual_load,Actual Load,2026-07-30T23:22:13Z
2026-07-30T23:20:14Z,2026-07-31T01:20:14+0200,3d9904ea-ea5b-47d7-bdee-8f06b37d7caf,2026-07-03T12:00:00Z,2026-07-03T14:00:00+0200,3460.38,MW,NL,NL,actual_load,Actual Load,2026-07-30T23:22:13Z
2026-07-30T23:20:14Z,2026-07-31T01:20:14+0200,3d9904ea-ea5b-47d7-bdee-8f06b37d7caf,2026-07-03T12:15:00Z,2026-07-03T14:15:00+0200,3272.115,MW,NL,NL,actual_load,Actual Load,2026-07-30T23:22:13Z
2026-07-30T23:20:14Z,2026-07-31T01:20:14+0200,3d9904ea-ea5b-47d7-bdee-8f06b37d7caf,2026-07-03T12:30:00Z,2026-07-03T14:30:00+0200,3036.501,MW,NL,NL,actual_load,Actual Load,2026-07-30T23:22:13Z
2026-07-30T23:20:14Z,2026-07-31T01:20:14+0200,3d9904ea-ea5b-47d7-bdee-8f06b37d7caf,2026-07-03T12:45:00Z,2026-07-03T14:45:00+0200,3025.352,MW,NL,NL,actual_load,Actual Load,2026-07-30T23:22:13Z
2026-07-30T23:20:14Z,2026-07-31T01:20:14+0200,3d9904ea-ea5b-47d7-bdee-8f06b37d7caf,2026-07-03T13:00:00Z,2026-07-03T15:00:00+0200,3047.54,MW,NL,NL,actual_load,Actual Load,2026-07-30T23:22:13Z
2026-07-30T23:20:14Z,2026-07-31T01:20:14+0200,3d9904ea-ea5b-47d7-bdee-8f06b37d7caf,2026-07-03T13:15:00Z,2026-07-03T15:15:00+0200,2903.504,MW,NL,NL,actual_load,Actual Load,2026-07-30T23:22:13Z
2026-07-30T23:20:14Z,2026-07-31T01:20:14+0200,3d9904ea-ea5b-47d7-bdee-8f06b37d7caf,2026-07-03T13:30:00Z,2026-07-03T15:30:00+0200,2910.246,MW,NL,NL,actual_load,Actual Load,2026-07-30T23:22:13Z
2026-07-30T23:20:14Z,2026-07-31T01:20:14+0200,3d9904ea-ea5b-47d7-bdee-8f06b37d7caf,2026-07-03T13:45:00Z,2026-07-03T15:45:00+0200,2730.179,MW,NL,NL,actual_load,Actual Load,2026-07-30T23:22:13Z
2026-07-30T23:20:14Z,2026-07-31T01:20:14+0200,3d9904ea-ea5b-47d7-bdee-8f06b37d7caf,2026-07-03T14:00:00Z,2026-07-03T16:00:00+0200,2910.139,MW,NL,NL,actual_load,Actual Load,2026-07-30T23:22:13Z
2026-07-30T23:20:14Z,2026-07-31T01:20:14+0200,3d9904ea-ea5b-47d7-bdee-8f06b37d7caf,2026-07-03T14:15:00Z,2026-07-03T16:15:00+0200,2889.706,MW,NL,NL,actual_load,Actual Load,2026-07-30T23:22:13Z
2026-07-30T23:20:14Z,2026-07-31T01:20:14+0200,3d9904ea-ea5b-47d7-bdee-8f06b37d7caf,2026-07-03T14:30:00Z,2026-07-03T16:30:00+0200,3070.577,MW,NL,NL,actual_load,Actual Load,2026-07-30T23:22:13Z
2026-07-30T23:20:14Z,2026-07-31T01:20:14+0200,3d9904ea-ea5b-47d7-bdee-8f06b37d7caf,2026-07-03T14:45:00Z,2026-07-03T16:45:00+0200,3348.327,MW,NL,NL,actual_load,Actual Load,2026-07-30T23:22:13Z
2026-07-30T23:20:14Z,2026-07-31T01:20:14+0200,3d9904ea-ea5b-47d7-bdee-8f06b37d7caf,2026-07-03T15:00:00Z,2026-07-03T17:00:00+0200,3701.036,MW,NL,NL,actual_load,Actual Load,2026-07-30T23:22:13Z
2026-07-30T23:20:14Z,2026-07-31T01:20:14+0200,3d9904ea-ea5b-47d7-bdee-8f06b37d7caf,2026-07-03T15:15:00Z,2026-07-03T17:15:00+0200,4014.261,MW,NL,NL,actual_load,Actual Load,2026-07-30T23:22:13Z
2026-07-30T23:20:14Z,2026-07-31T01:20:14+0200,3d9904ea-ea5b-47d7-bdee-8f06b37d7caf,2026-07-03T15:30:00Z,2026-07-03T17:30:00+0200,4577.415,MW,NL,NL,actual_load,Actual Load,2026-07-30T23:22:13Z
2026-07-30T23:20:14Z,2026-07-31T01:20:14+0200,3d9904ea-ea5b-47d7-bdee-8f06b37d7caf,2026-07-03T15:45:00Z,2026-07-03T17:45:00+0200,5111.106,MW,NL,NL,actual_load,Actual Load,2026-07-30T23:22:13Z
2026-07-30T23:20:14Z,2026-07-31T01:20:14+0200,3d9904ea-ea5b-47d7-bdee-8f06b37d7caf,2026-07-03T16:00:00Z,2026-07-03T18:00:00+0200,5598.026,MW,NL,NL,actual_load,Actual Load,2026-07-30T23:22:13Z
2026-07-30T23:20:14Z,2026-07-31T01:20:14+0200,3d9904ea-ea5b-47d7-bdee-8f06b37d7caf,2026-07-03T16:15:00Z,2026-07-03T18:15:00+0200,6382.316,MW,NL,NL,actual_load,Actual Load,2026-07-30T23:22:13Z
2026-07-30T23:20:14Z,2026-07-31T01:20:14+0200,3d9904ea-ea5b-47d7-bdee-8f06b37d7caf,2026-07-03T16:30:00Z,2026-07-03T18:30:00+0200,6774.296,MW,NL,NL,actual_load,Actual Load,2026-07-30T23:22:13Z
2026-07-30T23:20:14Z,2026-07-31T01:20:14+0200,3d9904ea-ea5b-47d7-bdee-8f06b37d7caf,2026-07-03T16:45:00Z,2026-07-03T18:45:00+0200,7350.896,MW,NL,NL,actual_load,Actual Load,2026-07-30T23:22:13Z
2026-07-30T23:20:14Z,2026-07-31T01:20:14+0200,3d9904ea-ea5b-47d7-bdee-8f06b37d7caf,2026-07-03T17:00:00Z,2026-07-03T19:00:00+0200,7863.826,MW,NL,NL,actual_load,Actual Load,2026-07-30T23:22:13Z
2026-07-30T23:20:14Z,2026-07-31T01:20:14+0200,3d9904ea-ea5b-47d7-bdee-8f06b37d7caf,2026-07-03T17:15:00Z,2026-07-03T19:15:00+0200,8365.916,MW,NL,NL,actual_load,Actual Load,2026-07-30T23:22:13Z
2026-07-30T23:20:14Z,2026-07-31T01:20:14+0200,3d9904ea-ea5b-47d7-bdee-8f06b37d7caf,2026-07-03T17:30:00Z,2026-07-03T19:30:00+0200,8726.526,MW,NL,NL,actual_load,Actual Load,2026-07-30T23:22:13Z
2026-07-30T23:20:14Z,2026-07-31T01:20:14+0200,3d9904ea-ea5b-47d7-bdee-8f06b37d7caf,2026-07-03T17:45:00Z,2026-07-03T19:45:00+0200,9100.546,MW,NL,NL,actual_load,Actual Load,2026-07-30T23:22:13Z
2026-07-30T23:20:14Z,2026-07-31T01:20:14+0200,3d9904ea-ea5b-47d7-bdee-8f06b37d7caf,2026-07-03T18:00:00Z,2026-07-03T20:00:00+0200,9333.796,MW,NL,NL,actual_load,Actual Load,2026-07-30T23:22:13Z
2026-07-30T23:20:14Z,2026-07-31T01:20:14+0200,3d9904ea-ea5b-47d7-bdee-8f06b37d7caf,2026-07-03T18:15:00Z,2026-07-03T20:15:00+0200,9700.166,MW,NL,NL,actual_load,Actual Load,2026-07-30T23:22:13Z
2026-07-30T23:20:14Z,2026-07-31T01:20:14+0200,3d9904ea-ea5b-47d7-bdee-8f06b37d7caf,2026-07-03T18:30:00Z,2026-07-03T20:30:00+0200,9831.516,MW,NL,NL,actual_load,Actual Load,2026-07-30T23:22:13Z
2026-07-30T23:20:14Z,2026-07-31T01:20:14+0200,3d9904ea-ea5b-47d7-bdee-8f06b37d7caf,2026-07-03T18:45:00Z,2026-07-03T20:45:00+0200,10071.866,MW,NL,NL,actual_load,Actual Load,2026-07-30T23:22:13Z
2026-07-30T23:20:14Z,2026-07-31T01:20:14+0200,3d9904ea-ea5b-47d7-bdee-8f06b37d7caf,2026-07-03T19:00:00Z,2026-07-03T21:00:00+0200,10170.936,MW,NL,NL,actual_load,Actual Load,2026-07-30T23:22:13Z
2026-07-30T23:20:14Z,2026-07-31T01:20:14+0200,3d9904ea-ea5b-47d7-bdee-8f06b37d7caf,2026-07-03T19:15:00Z,2026-07-03T21:15:00+0200,10487.536,MW,NL,NL,actual_load,Actual Load,2026-07-30T23:22:13Z
2026-07-30T23:20:14Z,2026-07-31T01:20:14+0200,3d9904ea-ea5b-47d7-bdee-8f06b37d7caf,2026-07-03T19:30:00Z,2026-07-03T21:30:00+0200,10784.416,MW,NL,NL,actual_load,Actual Load,2026-07-30T23:22:13Z
2026-07-30T23:20:14Z,2026-07-31T01:20:14+0200,3d9904ea-ea5b-47d7-bdee-8f06b37d7caf,2026-07-03T19:45:00Z,2026-07-03T21:45:00+0200,10971.666,MW,NL,NL,actual_load,Actual Load,2026-07-30T23:22:13Z
2026-07-30T23:20:14Z,2026-07-31T01:20:14+0200,3d9904ea-ea5b-47d7-bdee-8f06b37d7caf,2026-07-03T20:00:00Z,2026-07-03T22:00:00+0200,11052.216,MW,NL,NL,actual_load,Actual Load,2026-07-30T23:22:13Z
2026-07-30T23:20:14Z,2026-07-31T01:20:14+0200,3d9904ea-ea5b-47d7-bdee-8f06b37d7caf,2026-07-03T20:15:00Z,2026-07-03T22:15:00+0200,11040.326,MW,NL,NL,actual_load,Actual Load,2026-07-30T23:22:13Z
2026-07-30T23:20:14Z,2026-07-31T01:20:14+0200,3d9904ea-ea5b-47d7-bdee-8f06b37d7caf,2026-07-03T20:30:00Z,2026-07-03T22:30:00+0200,11159.936,MW,NL,NL,actual_load,Actual Load,2026-07-30T23:22:13Z
2026-07-30T23:20:14Z,2026-07-31T01:20:14+0200,3d9904ea-ea5b-47d7-bdee-8f06b37d7caf,2026-07-03T20:45:00Z,2026-07-03T22:45:00+0200,11209.916,MW,NL,NL,actual_load,Actual Load,2026-07-30T23:22:13Z
2026-07-30T23:20:14Z,2026-07-31T01:20:14+0200,3d9904ea-ea5b-47d7-bdee-8f06b37d7caf,2026-07-03T21:00:00Z,2026-07-03T23:00:00+0200,11176.526,MW,NL,NL,actual_load,Actual Load,2026-07-30T23:22:13Z
2026-07-30T23:20:14Z,2026-07-31T01:20:14+0200,3d9904ea-ea5b-47d7-bdee-8f06b37d7caf,2026-07-03T21:15:00Z,2026-07-03T23:15:00+0200,10911.416,MW,NL,NL,actual_load,Actual Load,2026-07-30T23:22:13Z
2026-07-30T23:20:14Z,2026-07-31T01:20:14+0200,3d9904ea-ea5b-47d7-bdee-8f06b37d7caf,2026-07-03T21:30:00Z,2026-07-03T23:30:00+0200,10909.726,MW,NL,NL,actual_load,Actual Load,2026-07-30T23:22:13Z
2026-07-30T23:20:14Z,2026-07-31T01:20:14+0200,3d9904ea-ea5b-47d7-bdee-8f06b37d7caf,2026-07-03T21:45:00Z,2026-07-03T23:45:00+0200,10735.206,MW,NL,NL,actual_load,Actual Load,2026-07-30T23:22:13Z
2026-07-30T23:20:14Z,2026-07-31T01:20:14+0200,3d9904ea-ea5b-47d7-bdee-8f06b37d7caf,2026-07-03T22:00:00Z,2026-07-04T00:00:00+0200,10671.916,MW,NL,NL,actual_load,Actual Load,2026-07-30T23:22:13Z
2026-07-30T23:20:14Z,2026-07-31T01:20:14+0200,3d9904ea-ea5b-47d7-bdee-8f06b37d7caf,2026-07-03T22:15:00Z,2026-07-04T00:15:00+0200,10624.826,MW,NL,NL,actual_load,Actual Load,2026-07-30T23:22:13Z
2026-07-30T23:20:14Z,2026-07-31T01:20:14+0200,3d9904ea-ea5b-47d7-bdee-8f06b37d7caf,2026-07-03T22:30:00Z,2026-07-04T00:30:00+0200,10507.696,MW,NL,NL,actual_load,Actual Load,2026-07-30T23:22:13Z
2026-07-30T23:20:14Z,2026-07-31T01:20:14+0200,3d9904ea-ea5b-47d7-bdee-8f06b37d7caf,2026-07-03T22:45:00Z,2026-07-04T00:45:00+0200,10317.116,MW,NL,NL,actual_load,Actual Load,2026-07-30T23:22:13Z
2026-07-30T23:20:14Z,2026-07-31T01:20:14+0200,3d9904ea-ea5b-47d7-bdee-8f06b37d7caf,2026-07-03T23:00:00Z,2026-07-04T01:00:00+0200,10269.726,MW,NL,NL,actual_load,Actual Load,2026-07-30T23:22:13Z
2026-07-30T23:20:14Z,2026-07-31T01:20:14+0200,3d9904ea-ea5b-47d7-bdee-8f06b37d7caf,2026-07-03T23:15:00Z,2026-07-04T01:15:00+0200,10279.166,MW,NL,NL,actual_load,Actual Load,2026-07-30T23:22:13Z
2026-07-30T23:20:14Z,2026-07-31T01:20:14+0200,3d9904ea-ea5b-47d7-bdee-8f06b37d7caf,2026-07-03T23:30:00Z,2026-07-04T01:30:00+0200,10227.666,MW,NL,NL,actual_load,Actual Load,2026-07-30T23:22:13Z
2026-07-30T23:20:14Z,2026-07-31T01:20:14+0200,3d9904ea-ea5b-47d7-bdee-8f06b37d7caf,2026-07-03T23:45:00Z,2026-07-04T01:45:00+0200,10198.736,MW,NL,NL,actual_load,Actual Load,2026-07-30T23:22:13Z
2026-07-30T23:20:14Z,2026-07-31T01:20:14+0200,3d9904ea-ea5b-47d7-bdee-8f06b37d7caf,2026-07-04T00:00:00Z,2026-07-04T02:00:00+0200,10147.746,MW,NL,NL,actual_load,Actual Load,2026-07-30T23:22:13Z
2026-07-30T23:20:14Z,2026-07-31T01:20:14+0200,3d9904ea-ea5b-47d7-bdee-8f06b37d7caf,2026-07-04T00:15:00Z,2026-07-04T02:15:00+0200,10087.656,MW,NL,NL,actual_load,Actual Load,2026-07-30T23:22:13Z
2026-07-30T23:20:14Z,2026-07-31T01:20:14+0200,3d9904ea-ea5b-47d7-bdee-8f06b37d7caf,2026-07-04T00:30:00Z,2026-07-04T02:30:00+0200,9892.876,MW,NL,NL,actual_load,Actual Load,2026-07-30T23:22:13Z
2026-07-30T23:20:14Z,2026-07-31T01:20:14+0200,3d9904ea-ea5b-47d7-bdee-8f06b37d7caf,2026-07-04T00:45:00Z,2026-07-04T02:45:00+0200,9731.356,MW,NL,NL,actual_load,Actual Load,2026-07-30T23:22:13Z
2026-07-30T23:20:14Z,2026-07-31T01:20:14+0200,3d9904ea-ea5b-47d7-bdee-8f06b37d7caf,2026-07-04T01:00:00Z,2026-07-04T03:00:00+0200,9807.716,MW,NL,NL,actual_load,Actual Load,2026-07-30T23:22:13Z
2026-07-30T23:20:14Z,2026-07-31T01:20:14+0200,3d9904ea-ea5b-47d7-bdee-8f06b37d7caf,2026-07-04T01:15:00Z,2026-07-04T03:15:00+0200,9739.266,MW,NL,NL,actual_load,Actual Load,2026-07-30T23:22:13Z
2026-07-30T23:20:14Z,2026-07-31T01:20:14+0200,3d9904ea-ea5b-47d7-bdee-8f06b37d7caf,2026-07-04T01:30:00Z,2026-07-04T03:30:00+0200,9743.416,MW,NL,NL,actual_load,Actual Load,2026-07-30T23:22:13Z
2026-07-30T23:20:14Z,2026-07-31T01:20:14+0200,3d9904ea-ea5b-47d7-bdee-8f06b37d7caf,2026-07-04T01:45:00Z,2026-07-04T03:45:00+0200,9709.656,MW,NL,NL,actual_load,Actual Load,2026-07-30T23:22:13Z
2026-07-30T23:20:14Z,2026-07-31T01:20:14+0200,3d9904ea-ea5b-47d7-bdee-8f06b37d7caf,2026-07-04T02:00:00Z,2026-07-04T04:00:00+0200,9678.336,MW,NL,NL,actual_load,Actual Load,2026-07-30T23:22:13Z
2026-07-30T23:20:14Z,2026-07-31T01:20:14+0200,3d9904ea-ea5b-47d7-bdee-8f06b37d7caf,2026-07-04T02:15:00Z,2026-07-04T04:15:00+0200,9692.976,MW,NL,NL,actual_load,Actual Load,2026-07-30T23:22:13Z
2026-07-30T23:20:14Z,2026-07-31T01:20:14+0200,3d9904ea-ea5b-47d7-bdee-8f06b37d7caf,2026-07-04T02:30:00Z,2026-07-04T04:30:00+0200,9630.476,MW,NL,NL,actual_load,Actual Load,2026-07-30T23:22:13Z
2026-07-30T23:20:14Z,2026-07-31T01:20:14+0200,3d9904ea-ea5b-47d7-bdee-8f06b37d7caf,2026-07-04T02:45:00Z,2026-07-04T04:45:00+0200,9585.566,MW,NL,NL,actual_load,Actual Load,2026-07-30T23:22:13Z
2026-07-30T23:20:14Z,2026-07-31T01:20:14+0200,3d9904ea-ea5b-47d7-bdee-8f06b37d7caf,2026-07-04T03:00:00Z,2026-07-04T05:00:00+0200,9522.696,MW,NL,NL,actual_load,Actual Load,2026-07-30T23:22:13Z
2026-07-30T23:20:14Z,2026-07-31T01:20:14+0200,3d9904ea-ea5b-47d7-bdee-8f06b37d7caf,2026-07-04T03:15:00Z,2026-07-04T05:15:00+0200,9611.186,MW,NL,NL,actual_load,Actual Load,2026-07-30T23:22:13Z
2026-07-30T23:20:14Z,2026-07-31T01:20:14+0200,3d9904ea-ea5b-47d7-bdee-8f06b37d7caf,2026-07-04T03:30:00Z,2026-07-04T05:30:00+0200,9481.096,MW,NL,NL,actual_load,Actual Load,2026-07-30T23:22:13Z
2026-07-30T23:20:14Z,2026-07-31T01:20:14+0200,3d9904ea-ea5b-47d7-bdee-8f06b37d7caf,2026-07-04T03:45:00Z,2026-07-04T05:45:00+0200,9418.916,MW,NL,NL,actual_load,Actual Load,2026-07-30T23:22:13Z
2026-07-30T23:20:14Z,2026-07-31T01:20:14+0200,3d9904ea-ea5b-47d7-bdee-8f06b37d7caf,2026-07-04T04:00:00Z,2026-07-04T06:00:00+0200,9282.796,MW,NL,NL,actual_load,Actual Load,2026-07-30T23:22:13Z
2026-07-30T23:20:14Z,2026-07-31T01:20:14+0200,3d9904ea-ea5b-47d7-bdee-8f06b37d7caf,2026-07-04T04:15:00Z,2026-07-04T06:15:00+0200,9029.796,MW,NL,NL,actual_load,Actual Load,2026-07-30T23:22:13Z
2026-07-30T23:20:14Z,2026-07-31T01:20:14+0200,3d9904ea-ea5b-47d7-bdee-8f06b37d7caf,2026-07-04T04:30:00Z,2026-07-04T06:30:00+0200,8895.046,MW,NL,NL,actual_load,Actual Load,2026-07-30T23:22:13Z
2026-07-30T23:20:14Z,2026-07-31T01:20:14+0200,3d9904ea-ea5b-47d7-bdee-8f06b37d7caf,2026-07-04T04:45:00Z,2026-07-04T06:45:00+0200,8653.986,MW,NL,NL,actual_load,Actual Load,2026-07-30T23:22:13Z
2026-07-30T23:20:14Z,2026-07-31T01:20:14+0200,3d9904ea-ea5b-47d7-bdee-8f06b37d7caf,2026-07-04T05:00:00Z,2026-07-04T07:00:00+0200,8627.356,MW,NL,NL,actual_load,Actual Load,2026-07-30T23:22:13Z
2026-07-30T23:20:14Z,2026-07-31T01:20:14+0200,3d9904ea-ea5b-47d7-bdee-8f06b37d7caf,2026-07-04T05:15:00Z,2026-07-04T07:15:00+0200,8251.586,MW,NL,NL,actual_load,Actual Load,2026-07-30T23:22:13Z
2026-07-30T23:20:14Z,2026-07-31T01:20:14+0200,3d9904ea-ea5b-47d7-bdee-8f06b37d7caf,2026-07-04T05:30:00Z,2026-07-04T07:30:00+0200,7938.176,MW,NL,NL,actual_load,Actual Load,2026-07-30T23:22:13Z
2026-07-30T23:20:14Z,2026-07-31T01:20:14+0200,3d9904ea-ea5b-47d7-bdee-8f06b37d7caf,2026-07-04T05:45:00Z,2026-07-04T07:45:00+0200,7631.156,MW,NL,NL,actual_load,Actual Load,2026-07-30T23:22:13Z
2026-07-30T23:20:14Z,2026-07-31T01:20:14+0200,3d9904ea-ea5b-47d7-bdee-8f06b37d7caf,2026-07-04T06:00:00Z,2026-07-04T08:00:00+0200,7545.356,MW,NL,NL,actual_load,Actual Load,2026-07-30T23:22:13Z
2026-07-30T23:20:14Z,2026-07-31T01:20:14+0200,3d9904ea-ea5b-47d7-bdee-8f06b37d7caf,2026-07-04T06:15:00Z,2026-07-04T08:15:00+0200,6992.236,MW,NL,NL,actual_load,Actual Load,2026-07-30T23:22:13Z
2026-07-30T23:20:14Z,2026-07-31T01:20:14+0200,3d9904ea-ea5b-47d7-bdee-8f06b37d7caf,2026-07-04T06:30:00Z,2026-07-04T08:30:00+0200,6756.566,MW,NL,NL,actual_load,Actual Load,2026-07-30T23:22:13Z
2026-07-30T23:20:14Z,2026-07-31T01:20:14+0200,3d9904ea-ea5b-47d7-bdee-8f06b37d7caf,2026-07-04T06:45:00Z,2026-07-04T08:45:00+0200,5992.546,MW,NL,NL,actual_load,Actual Load,2026-07-30T23:22:13Z
2026-07-30T23:20:14Z,2026-07-31T01:20:14+0200,3d9904ea-ea5b-47d7-bdee-8f06b37d7caf,2026-07-04T07:00:00Z,2026-07-04T09:00:00+0200,5600.266,MW,NL,NL,actual_load,Actual Load,2026-07-30T23:22:13Z
2026-07-30T23:20:14Z,2026-07-31T01:20:14+0200,3d9904ea-ea5b-47d7-bdee-8f06b37d7caf,2026-07-04T07:15:00Z,2026-07-04T09:15:00+0200,5285.466,MW,NL,NL,actual_load,Actual Load,2026-07-30T23:22:13Z
2026-07-30T23:20:14Z,2026-07-31T01:20:14+0200,3d9904ea-ea5b-47d7-bdee-8f06b37d7caf,2026-07-04T07:30:00Z,2026-07-04T09:30:00+0200,4831.696,MW,NL,NL,actual_load,Actual Load,2026-07-30T23:22:13Z
2026-07-30T23:20:14Z,2026-07-31T01:20:14+0200,3d9904ea-ea5b-47d7-bdee-8f06b37d7caf,2026-07-04T07:45:00Z,2026-07-04T09:45:00+0200,4486.855,MW,NL,NL,actual_load,Actual Load,2026-07-30T23:22:13Z
2026-07-30T23:20:14Z,2026-07-31T01:20:14+0200,3d9904ea-ea5b-47d7-bdee-8f06b37d7caf,2026-07-04T08:00:00Z,2026-07-04T10:00:00+0200,3994.936,MW,NL,NL,actual_load,Actual Load,2026-07-30T23:22:13Z
2026-07-30T23:20:14Z,2026-07-31T01:20:14+0200,3d9904ea-ea5b-47d7-bdee-8f06b37d7caf,2026-07-04T08:15:00Z,2026-07-04T10:15:00+0200,3622.691,MW,NL,NL,actual_load,Actual Load,2026-07-30T23:22:13Z
2026-07-30T23:20:14Z,2026-07-31T01:20:14+0200,3d9904ea-ea5b-47d7-bdee-8f06b37d7caf,2026-07-04T08:30:00Z,2026-07-04T10:30:00+0200,3521.475,MW,NL,NL,actual_load,Actual Load,2026-07-30T23:22:13Z
2026-07-30T23:20:14Z,2026-07-31T01:20:14+0200,3d9904ea-ea5b-47d7-bdee-8f06b37d7caf,2026-07-04T08:45:00Z,2026-07-04T10:45:00+0200,3627.128,MW,NL,NL,actual_load,Actual Load,2026-07-30T23:22:13Z
2026-07-30T23:20:14Z,2026-07-31T01:20:14+0200,3d9904ea-ea5b-47d7-bdee-8f06b37d7caf,2026-07-04T09:00:00Z,2026-07-04T11:00:00+0200,3829.944,MW,NL,NL,actual_load,Actual Load,2026-07-30T23:22:13Z
2026-07-30T23:20:14Z,2026-07-31T01:20:14+0200,3d9904ea-ea5b-47d7-bdee-8f06b37d7caf,2026-07-04T09:15:00Z,2026-07-04T11:15:00+0200,3953.136,MW,NL,NL,actual_load,Actual Load,2026-07-30T23:22:13Z
2026-07-30T23:20:14Z,2026-07-31T01:20:14+0200,3d9904ea-ea5b-47d7-bdee-8f06b37d7caf,2026-07-04T09:30:00Z,2026-07-04T11:30:00+0200,3650.601,MW,NL,NL,actual_load,Actual Load,2026-07-30T23:22:13Z
2026-07-30T23:20:14Z,2026-07-31T01:20:14+0200,3d9904ea-ea5b-47d7-bdee-8f06b37d7caf,2026-07-04T09:45:00Z,2026-07-04T11:45:00+0200,3841.313,MW,NL,NL,actual_load,Actual Load,2026-07-30T23:22:13Z
2026-07-30T23:20:14Z,2026-07-31T01:20:14+0200,3d9904ea-ea5b-47d7-bdee-8f06b37d7caf,2026-07-04T10:00:00Z,2026-07-04T12:00:00+0200,3876.63,MW,NL,NL,actual_load,Actual Load,2026-07-30T23:22:13Z
2026-07-30T23:20:14Z,2026-07-31T01:20:14+0200,3d9904ea-ea5b-47d7-bdee-8f06b37d7caf,2026-07-04T10:15:00Z,2026-07-04T12:15:00+0200,3954.189,MW,NL,NL,actual_load,Actual Load,2026-07-30T23:22:13Z
2026-07-30T23:20:14Z,2026-07-31T01:20:14+0200,3d9904ea-ea5b-47d7-bdee-8f06b37d7caf,2026-07-04T10:30:00Z,2026-07-04T12:30:00+0200,4267.682,MW,NL,NL,actual_load,Actual Load,2026-07-30T23:22:13Z
2026-07-30T23:20:14Z,2026-07-31T01:20:14+0200,3d9904ea-ea5b-47d7-bdee-8f06b37d7caf,2026-07-04T10:45:00Z,2026-07-04T12:45:00+0200,4525.302,MW,NL,NL,actual_load,Actual Load,2026-07-30T23:22:13Z
2026-07-30T23:20:14Z,2026-07-31T01:20:14+0200,3d9904ea-ea5b-47d7-bdee-8f06b37d7caf,2026-07-04T11:00:00Z,2026-07-04T13:00:00+0200,4396.558,MW,NL,NL,actual_load,Actual Load,2026-07-30T23:22:13Z
2026-07-30T23:20:14Z,2026-07-31T01:20:14+0200,3d9904ea-ea5b-47d7-bdee-8f06b37d7caf,2026-07-04T11:15:00Z,2026-07-04T13:15:00+0200,4503.11,MW,NL,NL,actual_load,Actual Load,2026-07-30T23:22:13Z
2026-07-30T23:20:14Z,2026-07-31T01:20:14+0200,3d9904ea-ea5b-47d7-bdee-8f06b37d7caf,2026-07-04T11:30:00Z,2026-07-04T13:30:00+0200,4550.246,MW,NL,NL,actual_load,Actual Load,2026-07-30T23:22:13Z
2026-07-30T23:20:14Z,2026-07-31T01:20:14+0200,3d9904ea-ea5b-47d7-bdee-8f06b37d7caf,2026-07-04T11:45:00Z,2026-07-04T13:45:00+0200,4810.066,MW,NL,NL,actual_load,Actual Load,2026-07-30T23:22:13Z
2026-07-30T23:20:14Z,2026-07-31T01:20:14+0200,3d9904ea-ea5b-47d7-bdee-8f06b37d7caf,2026-07-04T12:00:00Z,2026-07-04T14:00:00+0200,5047.556,MW,NL,NL,actual_load,Actual Load,2026-07-30T23:22:13Z
2026-07-30T23:20:14Z,2026-07-31T01:20:14+0200,3d9904ea-ea5b-47d7-bdee-8f06b37d7caf,2026-07-04T12:15:00Z,2026-07-04T14:15:00+0200,5215.586,MW,NL,NL,actual_load,Actual Load,2026-07-30T23:22:13Z
2026-07-30T23:20:14Z,2026-07-31T01:20:14+0200,3d9904ea-ea5b-47d7-bdee-8f06b37d7caf,2026-07-04T12:30:00Z,2026-07-04T14:30:00+0200,5264.196,MW,NL,NL,actual_load,Actual Load,2026-07-30T23:22:13Z
2026-07-30T23:20:14Z,2026-07-31T01:20:14+0200,3d9904ea-ea5b-47d7-bdee-8f06b37d7caf,2026-07-04T12:45:00Z,2026-07-04T14:45:00+0200,5353.996,MW,NL,NL,actual_load,Actual Load,2026-07-30T23:22:13Z
2026-07-30T23:20:14Z,2026-07-31T01:20:14+0200,3d9904ea-ea5b-47d7-bdee-8f06b37d7caf,2026-07-04T13:00:00Z,2026-07-04T15:00:00+0200,5298.806,MW,NL,NL,actual_load,Actual Load,2026-07-30T23:22:13Z
2026-07-30T23:20:14Z,2026-07-31T01:20:14+0200,3d9904ea-ea5b-47d7-bdee-8f06b37d7caf,2026-07-04T13:15:00Z,2026-07-04T15:15:00+0200,4923.606,MW,NL,NL,actual_load,Actual Load,2026-07-30T23:22:13Z
2026-07-30T23:20:14Z,2026-07-31T01:20:14+0200,3d9904ea-ea5b-47d7-bdee-8f06b37d7caf,2026-07-04T13:30:00Z,2026-07-04T15:30:00+0200,4982.856,MW,NL,NL,actual_load,Actual Load,2026-07-30T23:22:13Z
2026-07-30T23:20:14Z,2026-07-31T01:20:14+0200,3d9904ea-ea5b-47d7-bdee-8f06b37d7caf,2026-07-04T13:45:00Z,2026-07-04T15:45:00+0200,5291.566,MW,NL,NL,actual_load,Actual Load,2026-07-30T23:22:13Z
2026-07-30T23:20:14Z,2026-07-31T01:20:14+0200,3d9904ea-ea5b-47d7-bdee-8f06b37d7caf,2026-07-04T14:00:00Z,2026-07-04T16:00:00+0200,5436.736,MW,NL,NL,actual_load,Actual Load,2026-07-30T23:22:13Z
2026-07-30T23:20:14Z,2026-07-31T01:20:14+0200,3d9904ea-ea5b-47d7-bdee-8f06b37d7caf,2026-07-04T14:15:00Z,2026-07-04T16:15:00+0200,6128.916,MW,NL,NL,actual_load,Actual Load,2026-07-30T23:22:13Z
2026-07-30T23:20:14Z,2026-07-31T01:20:14+0200,3d9904ea-ea5b-47d7-bdee-8f06b37d7caf,2026-07-04T14:30:00Z,2026-07-04T16:30:00+0200,6603.896,MW,NL,NL,actual_load,Actual Load,2026-07-30T23:22:13Z
2026-07-30T23:20:14Z,2026-07-31T01:20:14+0200,3d9904ea-ea5b-47d7-bdee-8f06b37d7caf,2026-07-04T14:45:00Z,2026-07-04T16:45:00+0200,6566.286,MW,NL,NL,actual_load,Actual Load,2026-07-30T23:22:13Z
2026-07-30T23:20:14Z,2026-07-31T01:20:14+0200,3d9904ea-ea5b-47d7-bdee-8f06b37d7caf,2026-07-04T15:00:00Z,2026-07-04T17:00:00+0200,7082.316,MW,NL,NL,actual_load,Actual Load,2026-07-30T23:22:13Z
2026-07-30T23:20:14Z,2026-07-31T01:20:14+0200,3d9904ea-ea5b-47d7-bdee-8f06b37d7caf,2026-07-04T15:15:00Z,2026-07-04T17:15:00+0200,7162.546,MW,NL,NL,actual_load,Actual Load,2026-07-30T23:22:13Z
2026-07-30T23:20:14Z,2026-07-31T01:20:14+0200,3d9904ea-ea5b-47d7-bdee-8f06b37d7caf,2026-07-04T15:30:00Z,2026-07-04T17:30:00+0200,7670.216,MW,NL,NL,actual_load,Actual Load,2026-07-30T23:22:13Z
2026-07-30T23:20:14Z,2026-07-31T01:20:14+0200,3d9904ea-ea5b-47d7-bdee-8f06b37d7caf,2026-07-04T15:45:00Z,2026-07-04T17:45:00+0200,7834.586,MW,NL,NL,actual_load,Actual Load,2026-07-30T23:22:13Z
2026-07-30T23:20:14Z,2026-07-31T01:20:14+0200,3d9904ea-ea5b-47d7-bdee-8f06b37d7caf,2026-07-04T16:00:00Z,2026-07-04T18:00:00+0200,8270.976,MW,NL,NL,actual_load,Actual Load,2026-07-30T23:22:13Z
2026-07-30T23:20:14Z,2026-07-31T01:20:14+0200,3d9904ea-ea5b-47d7-bdee-8f06b37d7caf,2026-07-04T16:15:00Z,2026-07-04T18:15:00+0200,8314.766,MW,NL,NL,actual_load,Actual Load,2026-07-30T23:22:13Z
2026-07-30T23:20:14Z,2026-07-31T01:20:14+0200,3d9904ea-ea5b-47d7-bdee-8f06b37d7caf,2026-07-04T16:30:00Z,2026-07-04T18:30:00+0200,8332.746,MW,NL,NL,actual_load,Actual Load,2026-07-30T23:22:13Z
2026-07-30T23:20:14Z,2026-07-31T01:20:14+0200,3d9904ea-ea5b-47d7-bdee-8f06b37d7caf,2026-07-04T16:45:00Z,2026-07-04T18:45:00+0200,8415.506,MW,NL,NL,actual_load,Actual Load,2026-07-30T23:22:13Z
2026-07-30T23:20:14Z,2026-07-31T01:20:14+0200,3d9904ea-ea5b-47d7-bdee-8f06b37d7caf,2026-07-04T17:00:00Z,2026-07-04T19:00:00+0200,8592.366,MW,NL,NL,actual_load,Actual Load,2026-07-30T23:22:13Z
2026-07-30T23:20:14Z,2026-07-31T01:20:14+0200,3d9904ea-ea5b-47d7-bdee-8f06b37d7caf,2026-07-04T17:15:00Z,2026-07-04T19:15:00+0200,8556.336,MW,NL,NL,actual_load,Actual Load,2026-07-30T23:22:13Z
2026-07-30T23:20:14Z,2026-07-31T01:20:14+0200,3d9904ea-ea5b-47d7-bdee-8f06b37d7caf,2026-07-04T17:30:00Z,2026-07-04T19:30:00+0200,8736.036,MW,NL,NL,actual_load,Actual Load,2026-07-30T23:22:13Z
2026-07-30T23:20:14Z,2026-07-31T01:20:14+0200,3d9904ea-ea5b-47d7-bdee-8f06b37d7caf,2026-07-04T17:45:00Z,2026-07-04T19:45:00+0200,8857.296,MW,NL,NL,actual_load,Actual Load,2026-07-30T23:22:13Z
2026-07-30T23:20:14Z,2026-07-31T01:20:14+0200,3d9904ea-ea5b-47d7-bdee-8f06b37d7caf,2026-07-04T18:00:00Z,2026-07-04T20:00:00+0200,9105.126,MW,NL,NL,actual_load,Actual Load,2026-07-30T23:22:13Z
2026-07-30T23:20:14Z,2026-07-31T01:20:14+0200,3d9904ea-ea5b-47d7-bdee-8f06b37d7caf,2026-07-04T18:15:00Z,2026-07-04T20:15:00+0200,9195.766,MW,NL,NL,actual_load,Actual Load,2026-07-30T23:22:13Z
2026-07-30T23:20:14Z,2026-07-31T01:20:14+0200,3d9904ea-ea5b-47d7-bdee-8f06b37d7caf,2026-07-04T18:30:00Z,2026-07-04T20:30:00+0200,9545.856,MW,NL,NL,actual_load,Actual Load,2026-07-30T23:22:13Z
2026-07-30T23:20:14Z,2026-07-31T01:20:14+0200,3d9904ea-ea5b-47d7-bdee-8f06b37d7caf,2026-07-04T18:45:00Z,2026-07-04T20:45:00+0200,9772.616,MW,NL,NL,actual_load,Actual Load,2026-07-30T23:22:13Z
2026-07-30T23:20:14Z,2026-07-31T01:20:14+0200,3d9904ea-ea5b-47d7-bdee-8f06b37d7caf,2026-07-04T19:00:00Z,2026-07-04T21:00:00+0200,9737.096,MW,NL,NL,actual_load,Actual Load,2026-07-30T23:22:13Z
2026-07-30T23:20:14Z,2026-07-31T01:20:14+0200,3d9904ea-ea5b-47d7-bdee-8f06b37d7caf,2026-07-04T19:15:00Z,2026-07-04T21:15:00+0200,9755.466,MW,NL,NL,actual_load,Actual Load,2026-07-30T23:22:13Z
2026-07-30T23:20:14Z,2026-07-31T01:20:14+0200,3d9904ea-ea5b-47d7-bdee-8f06b37d7caf,2026-07-04T19:30:00Z,2026-07-04T21:30:00+0200,9793.186,MW,NL,NL,actual_load,Actual Load,2026-07-30T23:22:13Z
2026-07-30T23:20:14Z,2026-07-31T01:20:14+0200,3d9904ea-ea5b-47d7-bdee-8f06b37d7caf,2026-07-04T19:45:00Z,2026-07-04T21:45:00+0200,9810.726,MW,NL,NL,actual_load,Actual Load,2026-07-30T23:22:13Z
2026-07-30T23:20:14Z,2026-07-31T01:20:14+0200,3d9904ea-ea5b-47d7-bdee-8f06b37d7caf,2026-07-04T20:00:00Z,2026-07-04T22:00:00+0200,9969.596,MW,NL,NL,actual_load,Actual Load,2026-07-30T23:22:13Z
2026-07-30T23:20:14Z,2026-07-31T01:20:14+0200,3d9904ea-ea5b-47d7-bdee-8f06b37d7caf,2026-07-04T20:15:00Z,2026-07-04T22:15:00+0200,10148.466,MW,NL,NL,actual_load,Actual Load,2026-07-30T23:22:13Z
2026-07-30T23:20:14Z,2026-07-31T01:20:14+0200,3d9904ea-ea5b-47d7-bdee-8f06b37d7caf,2026-07-04T20:30:00Z,2026-07-04T22:30:00+0200,10285.206,MW,NL,NL,actual_load,Actual Load,2026-07-30T23:22:13Z
2026-07-30T23:20:14Z,2026-07-31T01:20:14+0200,3d9904ea-ea5b-47d7-bdee-8f06b37d7caf,2026-07-04T20:45:00Z,2026-07-04T22:45:00+0200,10261.616,MW,NL,NL,actual_load,Actual Load,2026-07-30T23:22:13Z
2026-07-30T23:20:14Z,2026-07-31T01:20:14+0200,3d9904ea-ea5b-47d7-bdee-8f06b37d7caf,2026-07-04T21:00:00Z,2026-07-04T23:00:00+0200,10230.096,MW,NL,NL,actual_load,Actual Load,2026-07-30T23:22:13Z
2026-07-30T23:20:14Z,2026-07-31T01:20:14+0200,3d9904ea-ea5b-47d7-bdee-8f06b37d7caf,2026-07-04T21:15:00Z,2026-07-04T23:15:00+0200,10129.196,MW,NL,NL,actual_load,Actual Load,2026-07-30T23:22:13Z
2026-07-30T23:20:14Z,2026-07-31T01:20:14+0200,3d9904ea-ea5b-47d7-bdee-8f06b37d7caf,2026-07-04T21:30:00Z,2026-07-04T23:30:00+0200,10090.956,MW,NL,NL,actual_load,Actual Load,2026-07-30T23:22:13Z
2026-07-30T23:20:14Z,2026-07-31T01:20:14+0200,3d9904ea-ea5b-47d7-bdee-8f06b37d7caf,2026-07-04T21:45:00Z,2026-07-04T23:45:00+0200,9920.566,MW,NL,NL,actual_load,Actual Load,2026-07-30T23:22:13Z
2026-07-30T23:20:14Z,2026-07-31T01:20:14+0200,3d9904ea-ea5b-47d7-bdee-8f06b37d7caf,2026-07-04T22:00:00Z,2026-07-05T00:00:00+0200,9865.216,MW,NL,NL,actual_load,Actual Load,2026-07-30T23:22:13Z
2026-07-30T23:20:14Z,2026-07-31T01:20:14+0200,3d9904ea-ea5b-47d7-bdee-8f06b37d7caf,2026-07-04T22:15:00Z,2026-07-05T00:15:00+0200,10054.316,MW,NL,NL,actual_load,Actual Load,2026-07-30T23:22:13Z
2026-07-30T23:20:14Z,2026-07-31T01:20:14+0200,3d9904ea-ea5b-47d7-bdee-8f06b37d7caf,2026-07-04T22:30:00Z,2026-07-05T00:30:00+0200,10085.316,MW,NL,NL,actual_load,Actual Load,2026-07-30T23:22:13Z
2026-07-30T23:20:14Z,2026-07-31T01:20:14+0200,3d9904ea-ea5b-47d7-bdee-8f06b37d7caf,2026-07-04T22:45:00Z,2026-07-05T00:45:00+0200,10144.036,MW,NL,NL,actual_load,Actual Load,2026-07-30T23:22:13Z
2026-07-30T23:20:14Z,2026-07-31T01:20:14+0200,3d9904ea-ea5b-47d7-bdee-8f06b37d7caf,2026-07-04T23:00:00Z,2026-07-05T01:00:00+0200,10017.496,MW,NL,NL,actual_load,Actual Load,2026-07-30T23:22:13Z
2026-07-30T23:20:14Z,2026-07-31T01:20:14+0200,3d9904ea-ea5b-47d7-bdee-8f06b37d7caf,2026-07-04T23:15:00Z,2026-07-05T01:15:00+0200,9825.986,MW,NL,NL,actual_load,Actual Load,2026-07-30T23:22:13Z
2026-07-30T23:20:14Z,2026-07-31T01:20:14+0200,3d9904ea-ea5b-47d7-bdee-8f06b37d7caf,2026-07-04T23:30:00Z,2026-07-05T01:30:00+0200,9810.126,MW,NL,NL,actual_load,Actual Load,2026-07-30T23:22:13Z
2026-07-30T23:20:14Z,2026-07-31T01:20:14+0200,3d9904ea-ea5b-47d7-bdee-8f06b37d7caf,2026-07-04T23:45:00Z,2026-07-05T01:45:00+0200,9739.296,MW,NL,NL,actual_load,Actual Load,2026-07-30T23:22:13Z
2026-07-30T23:20:14Z,2026-07-31T01:20:14+0200,3d9904ea-ea5b-47d7-bdee-8f06b37d7caf,2026-07-05T00:00:00Z,2026-07-05T02:00:00+0200,9697.466,MW,NL,NL,actual_load,Actual Load,2026-07-30T23:22:13Z
2026-07-30T23:20:14Z,2026-07-31T01:20:14+0200,3d9904ea-ea5b-47d7-bdee-8f06b37d7caf,2026-07-05T00:15:00Z,2026-07-05T02:15:00+0200,9703.346,MW,NL,NL,actual_load,Actual Load,2026-07-30T23:22:13Z
2026-07-30T23:20:14Z,2026-07-31T01:20:14+0200,3d9904ea-ea5b-47d7-bdee-8f06b37d7caf,2026-07-05T00:30:00Z,2026-07-05T02:30:00+0200,9731.426,MW,NL,NL,actual_load,Actual Load,2026-07-30T23:22:13Z
2026-07-30T23:20:14Z,2026-07-31T01:20:14+0200,3d9904ea-ea5b-47d7-bdee-8f06b37d7caf,2026-07-05T00:45:00Z,2026-07-05T02:45:00+0200,9584.816,MW,NL,NL,actual_load,Actual Load,2026-07-30T23:22:13Z
2026-07-30T23:20:14Z,2026-07-31T01:20:14+0200,3d9904ea-ea5b-47d7-bdee-8f06b37d7caf,2026-07-05T01:00:00Z,2026-07-05T03:00:00+0200,9591.416,MW,NL,NL,actual_load,Actual Load,2026-07-30T23:22:13Z
2026-07-30T23:20:14Z,2026-07-31T01:20:14+0200,3d9904ea-ea5b-47d7-bdee-8f06b37d7caf,2026-07-05T01:15:00Z,2026-07-05T03:15:00+0200,9646.216,MW,NL,NL,actual_load,Actual Load,2026-07-30T23:22:13Z
2026-07-30T23:20:14Z,2026-07-31T01:20:14+0200,3d9904ea-ea5b-47d7-bdee-8f06b37d7caf,2026-07-05T01:30:00Z,2026-07-05T03:30:00+0200,9660.166,MW,NL,NL,actual_load,Actual Load,2026-07-30T23:22:13Z
2026-07-30T23:20:14Z,2026-07-31T01:20:14+0200,3d9904ea-ea5b-47d7-bdee-8f06b37d7caf,2026-07-05T01:45:00Z,2026-07-05T03:45:00+0200,9583.136,MW,NL,NL,actual_load,Actual Load,2026-07-30T23:22:13Z
2026-07-30T23:20:14Z,2026-07-31T01:20:14+0200,3d9904ea-ea5b-47d7-bdee-8f06b37d7caf,2026-07-05T02:00:00Z,2026-07-05T04:00:00+0200,9501.126,MW,NL,NL,actual_load,Actual Load,2026-07-30T23:22:13Z
2026-07-30T23:20:14Z,2026-07-31T01:20:14+0200,3d9904ea-ea5b-47d7-bdee-8f06b37d7caf,2026-07-05T02:15:00Z,2026-07-05T04:15:00+0200,9563.526,MW,NL,NL,actual_load,Actual Load,2026-07-30T23:22:13Z
2026-07-30T23:20:14Z,2026-07-31T01:20:14+0200,3d9904ea-ea5b-47d7-bdee-8f06b37d7caf,2026-07-05T02:30:00Z,2026-07-05T04:30:00+0200,9685.996,MW,NL,NL,actual_load,Actual Load,2026-07-30T23:22:13Z
2026-07-30T23:20:14Z,2026-07-31T01:20:14+0200,3d9904ea-ea5b-47d7-bdee-8f06b37d7caf,2026-07-05T02:45:00Z,2026-07-05T04:45:00+0200,9779.676,MW,NL,NL,actual_load,Actual Load,2026-07-30T23:22:13Z
2026-07-30T23:20:14Z,2026-07-31T01:20:14+0200,3d9904ea-ea5b-47d7-bdee-8f06b37d7caf,2026-07-05T03:00:00Z,2026-07-05T05:00:00+0200,9732.346,MW,NL,NL,actual_load,Actual Load,2026-07-30T23:22:13Z
2026-07-30T23:20:14Z,2026-07-31T01:20:14+0200,3d9904ea-ea5b-47d7-bdee-8f06b37d7caf,2026-07-05T03:15:00Z,2026-07-05T05:15:00+0200,9534.616,MW,NL,NL,actual_load,Actual Load,2026-07-30T23:22:13Z
2026-07-30T23:20:14Z,2026-07-31T01:20:14+0200,3d9904ea-ea5b-47d7-bdee-8f06b37d7caf,2026-07-05T03:30:00Z,2026-07-05T05:30:00+0200,9644.566,MW,NL,NL,actual_load,Actual Load,2026-07-30T23:22:13Z
2026-07-30T23:20:14Z,2026-07-31T01:20:14+0200,3d9904ea-ea5b-47d7-bdee-8f06b37d7caf,2026-07-05T03:45:00Z,2026-07-05T05:45:00+0200,9655.526,MW,NL,NL,actual_load,Actual Load,2026-07-30T23:22:13Z
2026-07-30T23:20:14Z,2026-07-31T01:20:14+0200,3d9904ea-ea5b-47d7-bdee-8f06b37d7caf,2026-07-05T04:00:00Z,2026-07-05T06:00:00+0200,9574.176,MW,NL,NL,actual_load,Actual Load,2026-07-30T23:22:13Z
2026-07-30T23:20:14Z,2026-07-31T01:20:14+0200,3d9904ea-ea5b-47d7-bdee-8f06b37d7caf,2026-07-05T04:15:00Z,2026-07-05T06:15:00+0200,9336.466,MW,NL,NL,actual_load,Actual Load,2026-07-30T23:22:13Z
2026-07-30T23:20:14Z,2026-07-31T01:20:14+0200,3d9904ea-ea5b-47d7-bdee-8f06b37d7caf,2026-07-05T04:30:00Z,2026-07-05T06:30:00+0200,9241.396,MW,NL,NL,actual_load,Actual Load,2026-07-30T23:22:13Z
2026-07-30T23:20:14Z,2026-07-31T01:20:14+0200,3d9904ea-ea5b-47d7-bdee-8f06b37d7caf,2026-07-05T04:45:00Z,2026-07-05T06:45:00+0200,9103.636,MW,NL,NL,actual_load,Actual Load,2026-07-30T23:22:13Z
2026-07-30T23:20:14Z,2026-07-31T01:20:14+0200,3d9904ea-ea5b-47d7-bdee-8f06b37d7caf,2026-07-05T05:00:00Z,2026-07-05T07:00:00+0200,8933.766,MW,NL,NL,actual_load,Actual Load,2026-07-30T23:22:13Z
2026-07-30T23:20:14Z,2026-07-31T01:20:14+0200,3d9904ea-ea5b-47d7-bdee-8f06b37d7caf,2026-07-05T05:15:00Z,2026-07-05T07:15:00+0200,8476.386,MW,NL,NL,actual_load,Actual Load,2026-07-30T23:22:13Z
2026-07-30T23:20:14Z,2026-07-31T01:20:14+0200,3d9904ea-ea5b-47d7-bdee-8f06b37d7caf,2026-07-05T05:30:00Z,2026-07-05T07:30:00+0200,8194.576,MW,NL,NL,actual_load,Actual Load,2026-07-30T23:22:13Z
2026-07-30T23:20:14Z,2026-07-31T01:20:14+0200,3d9904ea-ea5b-47d7-bdee-8f06b37d7caf,2026-07-05T05:45:00Z,2026-07-05T07:45:00+0200,7872.206,MW,NL,NL,actual_load,Actual Load,2026-07-30T23:22:13Z
2026-07-30T23:20:14Z,2026-07-31T01:20:14+0200,3d9904ea-ea5b-47d7-bdee-8f06b37d7caf,2026-07-05T06:00:00Z,2026-07-05T08:00:00+0200,7688.726,MW,NL,NL,actual_load,Actual Load,2026-07-30T23:22:13Z
2026-07-30T23:20:14Z,2026-07-31T01:20:14+0200,3d9904ea-ea5b-47d7-bdee-8f06b37d7caf,2026-07-05T06:15:00Z,2026-07-05T08:15:00+0200,7352.626,MW,NL,NL,actual_load,Actual Load,2026-07-30T23:22:13Z
2026-07-30T23:20:14Z,2026-07-31T01:20:14+0200,3d9904ea-ea5b-47d7-bdee-8f06b37d7caf,2026-07-05T06:30:00Z,2026-07-05T08:30:00+0200,7396.556,MW,NL,NL,actual_load,Actual Load,2026-07-30T23:22:13Z
2026-07-30T23:20:14Z,2026-07-31T01:20:14+0200,3d9904ea-ea5b-47d7-bdee-8f06b37d7caf,2026-07-05T06:45:00Z,2026-07-05T08:45:00+0200,7449.096,MW,NL,NL,actual_load,Actual Load,2026-07-30T23:22:13Z
2026-07-30T23:20:14Z,2026-07-31T01:20:14+0200,3d9904ea-ea5b-47d7-bdee-8f06b37d7caf,2026-07-05T07:00:00Z,2026-07-05T09:00:00+0200,7559.796,MW,NL,NL,actual_load,Actual Load,2026-07-30T23:22:13Z
2026-07-30T23:20:14Z,2026-07-31T01:20:14+0200,3d9904ea-ea5b-47d7-bdee-8f06b37d7caf,2026-07-05T07:15:00Z,2026-07-05T09:15:00+0200,7325.726,MW,NL,NL,actual_load,Actual Load,2026-07-30T23:22:13Z
2026-07-30T23:20:14Z,2026-07-31T01:20:14+0200,3d9904ea-ea5b-47d7-bdee-8f06b37d7caf,2026-07-05T07:30:00Z,2026-07-05T09:30:00+0200,7227.896,MW,NL,NL,actual_load,Actual Load,2026-07-30T23:22:13Z
2026-07-30T23:20:14Z,2026-07-31T01:20:14+0200,3d9904ea-ea5b-47d7-bdee-8f06b37d7caf,2026-07-05T07:45:00Z,2026-07-05T09:45:00+0200,7301.996,MW,NL,NL,actual_load,Actual Load,2026-07-30T23:22:13Z
2026-07-30T23:20:14Z,2026-07-31T01:20:14+0200,3d9904ea-ea5b-47d7-bdee-8f06b37d7caf,2026-07-05T08:00:00Z,2026-07-05T10:00:00+0200,7318.756,MW,NL,NL,actual_load,Actual Load,2026-07-30T23:22:13Z
2026-07-30T23:20:14Z,2026-07-31T01:20:14+0200,3d9904ea-ea5b-47d7-bdee-8f06b37d7caf,2026-07-05T08:15:00Z,2026-07-05T10:15:00+0200,7389.846,MW,NL,NL,actual_load,Actual Load,2026-07-30T23:22:13Z
2026-07-30T23:20:14Z,2026-07-31T01:20:14+0200,3d9904ea-ea5b-47d7-bdee-8f06b37d7caf,2026-07-05T08:30:00Z,2026-07-05T10:30:00+0200,7113.486,MW,NL,NL,actual_load,Actual Load,2026-07-30T23:22:13Z
2026-07-30T23:20:14Z,2026-07-31T01:20:14+0200,3d9904ea-ea5b-47d7-bdee-8f06b37d7caf,2026-07-05T08:45:00Z,2026-07-05T10:45:00+0200,6785.326,MW,NL,NL,actual_load,Actual Load,2026-07-30T23:22:13Z
2026-07-30T23:20:14Z,2026-07-31T01:20:14+0200,3d9904ea-ea5b-47d7-bdee-8f06b37d7caf,2026-07-05T09:00:00Z,2026-07-05T11:00:00+0200,6630.706,MW,NL,NL,actual_load,Actual Load,2026-07-30T23:22:13Z
2026-07-30T23:20:14Z,2026-07-31T01:20:14+0200,3d9904ea-ea5b-47d7-bdee-8f06b37d7caf,2026-07-05T09:15:00Z,2026-07-05T11:15:00+0200,6515.736,MW,NL,NL,actual_load,Actual Load,2026-07-30T23:22:13Z
2026-07-30T23:20:14Z,2026-07-31T01:20:14+0200,3d9904ea-ea5b-47d7-bdee-8f06b37d7caf,2026-07-05T09:30:00Z,2026-07-05T11:30:00+0200,6537.456,MW,NL,NL,actual_load,Actual Load,2026-07-30T23:22:13Z
2026-07-30T23:20:14Z,2026-07-31T01:20:14+0200,3d9904ea-ea5b-47d7-bdee-8f06b37d7caf,2026-07-05T09:45:00Z,2026-07-05T11:45:00+0200,6287.606,MW,NL,NL,actual_load,Actual Load,2026-07-30T23:22:13Z
2026-07-30T23:20:14Z,2026-07-31T01:20:14+0200,3d9904ea-ea5b-47d7-bdee-8f06b37d7caf,2026-07-05T10:00:00Z,2026-07-05T12:00:00+0200,6305.276,MW,NL,NL,actual_load,Actual Load,2026-07-30T23:22:13Z
2026-07-30T23:20:14Z,2026-07-31T01:20:14+0200,3d9904ea-ea5b-47d7-bdee-8f06b37d7caf,2026-07-05T10:15:00Z,2026-07-05T12:15:00+0200,6505.356,MW,NL,NL,actual_load,Actual Load,2026-07-30T23:22:13Z
2026-07-30T23:20:14Z,2026-07-31T01:20:14+0200,3d9904ea-ea5b-47d7-bdee-8f06b37d7caf,2026-07-05T10:30:00Z,2026-07-05T12:30:00+0200,6486.256,MW,NL,NL,actual_load,Actual Load,2026-07-30T23:22:13Z
2026-07-30T23:20:14Z,2026-07-31T01:20:14+0200,3d9904ea-ea5b-47d7-bdee-8f06b37d7caf,2026-07-05T10:45:00Z,2026-07-05T12:45:00+0200,6498.986,MW,NL,NL,actual_load,Actual Load,2026-07-30T23:22:13Z
2026-07-30T23:20:14Z,2026-07-31T01:20:14+0200,3d9904ea-ea5b-47d7-bdee-8f06b37d7caf,2026-07-05T11:00:00Z,2026-07-05T13:00:00+0200,6582.886,MW,NL,NL,actual_load,Actual Load,2026-07-30T23:22:13Z
2026-07-30T23:20:14Z,2026-07-31T01:20:14+0200,3d9904ea-ea5b-47d7-bdee-8f06b37d7caf,2026-07-05T11:15:00Z,2026-07-05T13:15:00+0200,6136.826,MW,NL,NL,actual_load,Actual Load,2026-07-30T23:22:13Z
2026-07-30T23:20:14Z,2026-07-31T01:20:14+0200,3d9904ea-ea5b-47d7-bdee-8f06b37d7caf,2026-07-05T11:30:00Z,2026-07-05T13:30:00+0200,6275.116,MW,NL,NL,actual_load,Actual Load,2026-07-30T23:22:13Z
2026-07-30T23:20:14Z,2026-07-31T01:20:14+0200,3d9904ea-ea5b-47d7-bdee-8f06b37d7caf,2026-07-05T11:45:00Z,2026-07-05T13:45:00+0200,6031.526,MW,NL,NL,actual_load,Actual Load,2026-07-30T23:22:13Z
2026-07-30T23:20:14Z,2026-07-31T01:20:14+0200,3d9904ea-ea5b-47d7-bdee-8f06b37d7caf,2026-07-05T12:00:00Z,2026-07-05T14:00:00+0200,5732.206,MW,NL,NL,actual_load,Actual Load,2026-07-30T23:22:13Z
2026-07-30T23:20:14Z,2026-07-31T01:20:14+0200,3d9904ea-ea5b-47d7-bdee-8f06b37d7caf,2026-07-05T12:15:00Z,2026-07-05T14:15:00+0200,5440.136,MW,NL,NL,actual_load,Actual Load,2026-07-30T23:22:13Z
2026-07-30T23:20:14Z,2026-07-31T01:20:14+0200,3d9904ea-ea5b-47d7-bdee-8f06b37d7caf,2026-07-05T12:30:00Z,2026-07-05T14:30:00+0200,5216.596,MW,NL,NL,actual_load,Actual Load,2026-07-30T23:22:13Z
2026-07-30T23:20:14Z,2026-07-31T01:20:14+0200,3d9904ea-ea5b-47d7-bdee-8f06b37d7caf,2026-07-05T12:45:00Z,2026-07-05T14:45:00+0200,5318.706,MW,NL,NL,actual_load,Actual Load,2026-07-30T23:22:13Z
2026-07-30T23:20:14Z,2026-07-31T01:20:14+0200,3d9904ea-ea5b-47d7-bdee-8f06b37d7caf,2026-07-05T13:00:00Z,2026-07-05T15:00:00+0200,5240.796,MW,NL,NL,actual_load,Actual Load,2026-07-30T23:22:13Z
2026-07-30T23:20:14Z,2026-07-31T01:20:14+0200,3d9904ea-ea5b-47d7-bdee-8f06b37d7caf,2026-07-05T13:15:00Z,2026-07-05T15:15:00+0200,5219.436,MW,NL,NL,actual_load,Actual Load,2026-07-30T23:22:13Z
2026-07-30T23:20:14Z,2026-07-31T01:20:14+0200,3d9904ea-ea5b-47d7-bdee-8f06b37d7caf,2026-07-05T13:30:00Z,2026-07-05T15:30:00+0200,4982.806,MW,NL,NL,actual_load,Actual Load,2026-07-30T23:22:13Z
2026-07-30T23:20:14Z,2026-07-31T01:20:14+0200,3d9904ea-ea5b-47d7-bdee-8f06b37d7caf,2026-07-05T13:45:00Z,2026-07-05T15:45:00+0200,5210.516,MW,NL,NL,actual_load,Actual Load,2026-07-30T23:22:13Z
2026-07-30T23:20:14Z,2026-07-31T01:20:14+0200,3d9904ea-ea5b-47d7-bdee-8f06b37d7caf,2026-07-05T14:00:00Z,2026-07-05T16:00:00+0200,5718.786,MW,NL,NL,actual_load,Actual Load,2026-07-30T23:22:13Z
2026-07-30T23:20:14Z,2026-07-31T01:20:14+0200,3d9904ea-ea5b-47d7-bdee-8f06b37d7caf,2026-07-05T14:15:00Z,2026-07-05T16:15:00+0200,5909.966,MW,NL,NL,actual_load,Actual Load,2026-07-30T23:22:13Z
2026-07-30T23:20:14Z,2026-07-31T01:20:14+0200,3d9904ea-ea5b-47d7-bdee-8f06b37d7caf,2026-07-05T14:30:00Z,2026-07-05T16:30:00+0200,5950.156,MW,NL,NL,actual_load,Actual Load,2026-07-30T23:22:13Z
2026-07-30T23:20:14Z,2026-07-31T01:20:14+0200,3d9904ea-ea5b-47d7-bdee-8f06b37d7caf,2026-07-05T14:45:00Z,2026-07-05T16:45:00+0200,6232.656,MW,NL,NL,actual_load,Actual Load,2026-07-30T23:22:13Z
2026-07-30T23:20:14Z,2026-07-31T01:20:14+0200,3d9904ea-ea5b-47d7-bdee-8f06b37d7caf,2026-07-05T15:00:00Z,2026-07-05T17:00:00+0200,6109.816,MW,NL,NL,actual_load,Actual Load,2026-07-30T23:22:13Z
2026-07-30T23:20:14Z,2026-07-31T01:20:14+0200,3d9904ea-ea5b-47d7-bdee-8f06b37d7caf,2026-07-05T15:15:00Z,2026-07-05T17:15:00+0200,6347.076,MW,NL,NL,actual_load,Actual Load,2026-07-30T23:22:13Z
2026-07-30T23:20:14Z,2026-07-31T01:20:14+0200,3d9904ea-ea5b-47d7-bdee-8f06b37d7caf,2026-07-05T15:30:00Z,2026-07-05T17:30:00+0200,6580.706,MW,NL,NL,actual_load,Actual Load,2026-07-30T23:22:13Z
2026-07-30T23:20:14Z,2026-07-31T01:20:14+0200,3d9904ea-ea5b-47d7-bdee-8f06b37d7caf,2026-07-05T15:45:00Z,2026-07-05T17:45:00+0200,6857.286,MW,NL,NL,actual_load,Actual Load,2026-07-30T23:22:13Z
2026-07-30T23:20:14Z,2026-07-31T01:20:14+0200,3d9904ea-ea5b-47d7-bdee-8f06b37d7caf,2026-07-05T16:00:00Z,2026-07-05T18:00:00+0200,7039.856,MW,NL,NL,actual_load,Actual Load,2026-07-30T23:22:13Z
2026-07-30T23:20:14Z,2026-07-31T01:20:14+0200,3d9904ea-ea5b-47d7-bdee-8f06b37d7caf,2026-07-05T16:15:00Z,2026-07-05T18:15:00+0200,6943.316,MW,NL,NL,actual_load,Actual Load,2026-07-30T23:22:13Z
2026-07-30T23:20:14Z,2026-07-31T01:20:14+0200,3d9904ea-ea5b-47d7-bdee-8f06b37d7caf,2026-07-05T16:30:00Z,2026-07-05T18:30:00+0200,7146.176,MW,NL,NL,actual_load,Actual Load,2026-07-30T23:22:13Z
2026-07-30T23:20:14Z,2026-07-31T01:20:14+0200,3d9904ea-ea5b-47d7-bdee-8f06b37d7caf,2026-07-05T16:45:00Z,2026-07-05T18:45:00+0200,7429.136,MW,NL,NL,actual_load,Actual Load,2026-07-30T23:22:13Z
2026-07-30T23:20:14Z,2026-07-31T01:20:14+0200,3d9904ea-ea5b-47d7-bdee-8f06b37d7caf,2026-07-05T17:00:00Z,2026-07-05T19:00:00+0200,7572.916,MW,NL,NL,actual_load,Actual Load,2026-07-30T23:22:13Z
2026-07-30T23:20:14Z,2026-07-31T01:20:14+0200,3d9904ea-ea5b-47d7-bdee-8f06b37d7caf,2026-07-05T17:15:00Z,2026-07-05T19:15:00+0200,7897.406,MW,NL,NL,actual_load,Actual Load,2026-07-30T23:22:13Z
2026-07-30T23:20:14Z,2026-07-31T01:20:14+0200,3d9904ea-ea5b-47d7-bdee-8f06b37d7caf,2026-07-05T17:30:00Z,2026-07-05T19:30:00+0200,8067.416,MW,NL,NL,actual_load,Actual Load,2026-07-30T23:22:13Z
2026-07-30T23:20:14Z,2026-07-31T01:20:14+0200,3d9904ea-ea5b-47d7-bdee-8f06b37d7caf,2026-07-05T17:45:00Z,2026-07-05T19:45:00+0200,8375.016,MW,NL,NL,actual_load,Actual Load,2026-07-30T23:22:13Z
2026-07-30T23:20:14Z,2026-07-31T01:20:14+0200,3d9904ea-ea5b-47d7-bdee-8f06b37d7caf,2026-07-05T18:00:00Z,2026-07-05T20:00:00+0200,8807.536,MW,NL,NL,actual_load,Actual Load,2026-07-30T23:22:13Z
2026-07-30T23:20:14Z,2026-07-31T01:20:14+0200,3d9904ea-ea5b-47d7-bdee-8f06b37d7caf,2026-07-05T18:15:00Z,2026-07-05T20:15:00+0200,9245.096,MW,NL,NL,actual_load,Actual Load,2026-07-30T23:22:13Z
2026-07-30T23:20:14Z,2026-07-31T01:20:14+0200,3d9904ea-ea5b-47d7-bdee-8f06b37d7caf,2026-07-05T18:30:00Z,2026-07-05T20:30:00+0200,9365.366,MW,NL,NL,actual_load,Actual Load,2026-07-30T23:22:13Z
2026-07-30T23:20:14Z,2026-07-31T01:20:14+0200,3d9904ea-ea5b-47d7-bdee-8f06b37d7caf,2026-07-05T18:45:00Z,2026-07-05T20:45:00+0200,9374.696,MW,NL,NL,actual_load,Actual Load,2026-07-30T23:22:13Z
2026-07-30T23:20:14Z,2026-07-31T01:20:14+0200,3d9904ea-ea5b-47d7-bdee-8f06b37d7caf,2026-07-05T19:00:00Z,2026-07-05T21:00:00+0200,9403.046,MW,NL,NL,actual_load,Actual Load,2026-07-30T23:22:13Z
2026-07-30T23:20:14Z,2026-07-31T01:20:14+0200,3d9904ea-ea5b-47d7-bdee-8f06b37d7caf,2026-07-05T19:15:00Z,2026-07-05T21:15:00+0200,10018.816,MW,NL,NL,actual_load,Actual Load,2026-07-30T23:22:13Z
2026-07-30T23:20:14Z,2026-07-31T01:20:14+0200,3d9904ea-ea5b-47d7-bdee-8f06b37d7caf,2026-07-05T19:30:00Z,2026-07-05T21:30:00+0200,10141.796,MW,NL,NL,actual_load,Actual Load,2026-07-30T23:22:13Z
2026-07-30T23:20:14Z,2026-07-31T01:20:14+0200,3d9904ea-ea5b-47d7-bdee-8f06b37d7caf,2026-07-05T19:45:00Z,2026-07-05T21:45:00+0200,10205.956,MW,NL,NL,actual_load,Actual Load,2026-07-30T23:22:13Z
2026-07-30T23:20:14Z,2026-07-31T01:20:14+0200,3d9904ea-ea5b-47d7-bdee-8f06b37d7caf,2026-07-05T20:00:00Z,2026-07-05T22:00:00+0200,10335.376,MW,NL,NL,actual_load,Actual Load,2026-07-30T23:22:13Z
2026-07-30T23:20:14Z,2026-07-31T01:20:14+0200,3d9904ea-ea5b-47d7-bdee-8f06b37d7caf,2026-07-05T20:15:00Z,2026-07-05T22:15:00+0200,10335.226,MW,NL,NL,actual_load,Actual Load,2026-07-30T23:22:13Z
2026-07-30T23:20:14Z,2026-07-31T01:20:14+0200,3d9904ea-ea5b-47d7-bdee-8f06b37d7caf,2026-07-05T20:30:00Z,2026-07-05T22:30:00+0200,10504.816,MW,NL,NL,actual_load,Actual Load,2026-07-30T23:22:13Z
2026-07-30T23:20:14Z,2026-07-31T01:20:14+0200,3d9904ea-ea5b-47d7-bdee-8f06b37d7caf,2026-07-05T20:45:00Z,2026-07-05T22:45:00+0200,10756.786,MW,NL,NL,actual_load,Actual Load,2026-07-30T23:22:13Z
2026-07-30T23:20:14Z,2026-07-31T01:20:14+0200,3d9904ea-ea5b-47d7-bdee-8f06b37d7caf,2026-07-05T21:00:00Z,2026-07-05T23:00:00+0200,10688.356,MW,NL,NL,actual_load,Actual Load,2026-07-30T23:22:13Z
2026-07-30T23:20:14Z,2026-07-31T01:20:14+0200,3d9904ea-ea5b-47d7-bdee-8f06b37d7caf,2026-07-05T21:15:00Z,2026-07-05T23:15:00+0200,10768.686,MW,NL,NL,actual_load,Actual Load,2026-07-30T23:22:13Z
2026-07-30T23:20:14Z,2026-07-31T01:20:14+0200,3d9904ea-ea5b-47d7-bdee-8f06b37d7caf,2026-07-05T21:30:00Z,2026-07-05T23:30:00+0200,10775.286,MW,NL,NL,actual_load,Actual Load,2026-07-30T23:22:13Z
2026-07-30T23:20:14Z,2026-07-31T01:20:14+0200,3d9904ea-ea5b-47d7-bdee-8f06b37d7caf,2026-07-05T21:45:00Z,2026-07-05T23:45:00+0200,10620.106,MW,NL,NL,actual_load,Actual Load,2026-07-30T23:22:13Z
2026-07-30T23:20:14Z,2026-07-31T01:20:14+0200,3d9904ea-ea5b-47d7-bdee-8f06b37d7caf,2026-07-05T22:00:00Z,2026-07-06T00:00:00+0200,10514.676,MW,NL,NL,actual_load,Actual Load,2026-07-30T23:22:13Z
2026-07-30T23:20:14Z,2026-07-31T01:20:14+0200,3d9904ea-ea5b-47d7-bdee-8f06b37d7caf,2026-07-05T22:15:00Z,2026-07-06T00:15:00+0200,10621.826,MW,NL,NL,actual_load,Actual Load,2026-07-30T23:22:13Z
2026-07-30T23:20:14Z,2026-07-31T01:20:14+0200,3d9904ea-ea5b-47d7-bdee-8f06b37d7caf,2026-07-05T22:30:00Z,2026-07-06T00:30:00+0200,10693.326,MW,NL,NL,actual_load,Actual Load,2026-07-30T23:22:13Z
2026-07-30T23:20:14Z,2026-07-31T01:20:14+0200,3d9904ea-ea5b-47d7-bdee-8f06b37d7caf,2026-07-05T22:45:00Z,2026-07-06T00:45:00+0200,10680.466,MW,NL,NL,actual_load,Actual Load,2026-07-30T23:22:13Z
2026-07-30T23:20:14Z,2026-07-31T01:20:14+0200,3d9904ea-ea5b-47d7-bdee-8f06b37d7caf,2026-07-05T23:00:00Z,2026-07-06T01:00:00+0200,10626.506,MW,NL,NL,actual_load,Actual Load,2026-07-30T23:22:13Z
2026-07-30T23:20:14Z,2026-07-31T01:20:14+0200,3d9904ea-ea5b-47d7-bdee-8f06b37d7caf,2026-07-05T23:15:00Z,2026-07-06T01:15:00+0200,10594.156,MW,NL,NL,actual_load,Actual Load,2026-07-30T23:22:13Z
2026-07-30T23:20:14Z,2026-07-31T01:20:14+0200,3d9904ea-ea5b-47d7-bdee-8f06b37d7caf,2026-07-05T23:30:00Z,2026-07-06T01:30:00+0200,10537.206,MW,NL,NL,actual_load,Actual Load,2026-07-30T23:22:13Z
2026-07-30T23:20:14Z,2026-07-31T01:20:14+0200,3d9904ea-ea5b-47d7-bdee-8f06b37d7caf,2026-07-05T23:45:00Z,2026-07-06T01:45:00+0200,10514.836,MW,NL,NL,actual_load,Actual Load,2026-07-30T23:22:13Z
2026-07-30T23:20:14Z,2026-07-31T01:20:14+0200,3d9904ea-ea5b-47d7-bdee-8f06b37d7caf,2026-07-06T00:00:00Z,2026-07-06T02:00:00+0200,10433.206,MW,NL,NL,actual_load,Actual Load,2026-07-30T23:22:13Z
2026-07-30T23:20:14Z,2026-07-31T01:20:14+0200,3d9904ea-ea5b-47d7-bdee-8f06b37d7caf,2026-07-06T00:15:00Z,2026-07-06T02:15:00+0200,10384.216,MW,NL,NL,actual_load,Actual Load,2026-07-30T23:22:13Z
2026-07-30T23:20:14Z,2026-07-31T01:20:14+0200,3d9904ea-ea5b-47d7-bdee-8f06b37d7caf,2026-07-06T00:30:00Z,2026-07-06T02:30:00+0200,10255.226,MW,NL,NL,actual_load,Actual Load,2026-07-30T23:22:13Z
2026-07-30T23:20:14Z,2026-07-31T01:20:14+0200,3d9904ea-ea5b-47d7-bdee-8f06b37d7caf,2026-07-06T00:45:00Z,2026-07-06T02:45:00+0200,10227.316,MW,NL,NL,actual_load,Actual Load,2026-07-30T23:22:13Z
2026-07-30T23:20:14Z,2026-07-31T01:20:14+0200,3d9904ea-ea5b-47d7-bdee-8f06b37d7caf,2026-07-06T01:00:00Z,2026-07-06T03:00:00+0200,9976.396,MW,NL,NL,actual_load,Actual Load,2026-07-30T23:22:13Z
2026-07-30T23:20:14Z,2026-07-31T01:20:14+0200,3d9904ea-ea5b-47d7-bdee-8f06b37d7caf,2026-07-06T01:15:00Z,2026-07-06T03:15:00+0200,9955.876,MW,NL,NL,actual_load,Actual Load,2026-07-30T23:22:13Z
2026-07-30T23:20:14Z,2026-07-31T01:20:14+0200,3d9904ea-ea5b-47d7-bdee-8f06b37d7caf,2026-07-06T01:30:00Z,2026-07-06T03:30:00+0200,9919.946,MW,NL,NL,actual_load,Actual Load,2026-07-30T23:22:13Z
2026-07-30T23:20:14Z,2026-07-31T01:20:14+0200,3d9904ea-ea5b-47d7-bdee-8f06b37d7caf,2026-07-06T01:45:00Z,2026-07-06T03:45:00+0200,9940.586,MW,NL,NL,actual_load,Actual Load,2026-07-30T23:22:13Z
2026-07-30T23:20:14Z,2026-07-31T01:20:14+0200,3d9904ea-ea5b-47d7-bdee-8f06b37d7caf,2026-07-06T02:00:00Z,2026-07-06T04:00:00+0200,9951.356,MW,NL,NL,actual_load,Actual Load,2026-07-30T23:22:13Z
2026-07-30T23:20:14Z,2026-07-31T01:20:14+0200,3d9904ea-ea5b-47d7-bdee-8f06b37d7caf,2026-07-06T02:15:00Z,2026-07-06T04:15:00+0200,9940.376,MW,NL,NL,actual_load,Actual Load,2026-07-30T23:22:13Z
2026-07-30T23:20:14Z,2026-07-31T01:20:14+0200,3d9904ea-ea5b-47d7-bdee-8f06b37d7caf,2026-07-06T02:30:00Z,2026-07-06T04:30:00+0200,9862.296,MW,NL,NL,actual_load,Actual Load,2026-07-30T23:22:13Z
2026-07-30T23:20:14Z,2026-07-31T01:20:14+0200,3d9904ea-ea5b-47d7-bdee-8f06b37d7caf,2026-07-06T02:45:00Z,2026-07-06T04:45:00+0200,9808.836,MW,NL,NL,actual_load,Actual Load,2026-07-30T23:22:13Z
2026-07-30T23:20:14Z,2026-07-31T01:20:14+0200,3d9904ea-ea5b-47d7-bdee-8f06b37d7caf,2026-07-06T03:00:00Z,2026-07-06T05:00:00+0200,9801.856,MW,NL,NL,actual_load,Actual Load,2026-07-30T23:22:13Z
2026-07-30T23:20:14Z,2026-07-31T01:20:14+0200,3d9904ea-ea5b-47d7-bdee-8f06b37d7caf,2026-07-06T03:15:00Z,2026-07-06T05:15:00+0200,9867.706,MW,NL,NL,actual_load,Actual Load,2026-07-30T23:22:13Z
2026-07-30T23:20:14Z,2026-07-31T01:20:14+0200,3d9904ea-ea5b-47d7-bdee-8f06b37d7caf,2026-07-06T03:30:00Z,2026-07-06T05:30:00+0200,9914.816,MW,NL,NL,actual_load,Actual Load,2026-07-30T23:22:13Z
2026-07-30T23:20:14Z,2026-07-31T01:20:14+0200,3d9904ea-ea5b-47d7-bdee-8f06b37d7caf,2026-07-06T03:45:00Z,2026-07-06T05:45:00+0200,9966.446,MW,NL,NL,actual_load,Actual Load,2026-07-30T23:22:13Z
2026-07-30T23:20:14Z,2026-07-31T01:20:14+0200,3d9904ea-ea5b-47d7-bdee-8f06b37d7caf,2026-07-06T04:00:00Z,2026-07-06T06:00:00+0200,9819.976,MW,NL,NL,actual_load,Actual Load,2026-07-30T23:22:13Z
2026-07-30T23:20:14Z,2026-07-31T01:20:14+0200,3d9904ea-ea5b-47d7-bdee-8f06b37d7caf,2026-07-06T04:15:00Z,2026-07-06T06:15:00+0200,9592.226,MW,NL,NL,actual_load,Actual Load,2026-07-30T23:22:13Z
2026-07-30T23:20:14Z,2026-07-31T01:20:14+0200,3d9904ea-ea5b-47d7-bdee-8f06b37d7caf,2026-07-06T04:30:00Z,2026-07-06T06:30:00+0200,9483.816,MW,NL,NL,actual_load,Actual Load,2026-07-30T23:22:13Z
2026-07-30T23:20:14Z,2026-07-31T01:20:14+0200,3d9904ea-ea5b-47d7-bdee-8f06b37d7caf,2026-07-06T04:45:00Z,2026-07-06T06:45:00+0200,9654.646,MW,NL,NL,actual_load,Actual Load,2026-07-30T23:22:13Z
2026-07-30T23:20:14Z,2026-07-31T01:20:14+0200,3d9904ea-ea5b-47d7-bdee-8f06b37d7caf,2026-07-06T05:00:00Z,2026-07-06T07:00:00+0200,9778.786,MW,NL,NL,actual_load,Actual Load,2026-07-30T23:22:13Z
2026-07-30T23:20:14Z,2026-07-31T01:20:14+0200,3d9904ea-ea5b-47d7-bdee-8f06b37d7caf,2026-07-06T05:15:00Z,2026-07-06T07:15:00+0200,9693.076,MW,NL,NL,actual_load,Actual Load,2026-07-30T23:22:13Z
2026-07-30T23:20:14Z,2026-07-31T01:20:14+0200,3d9904ea-ea5b-47d7-bdee-8f06b37d7caf,2026-07-06T05:30:00Z,2026-07-06T07:30:00+0200,9896.516,MW,NL,NL,actual_load,Actual Load,2026-07-30T23:22:13Z
2026-07-30T23:20:14Z,2026-07-31T01:20:14+0200,3d9904ea-ea5b-47d7-bdee-8f06b37d7caf,2026-07-06T05:45:00Z,2026-07-06T07:45:00+0200,10062.006,MW,NL,NL,actual_load,Actual Load,2026-07-30T23:22:13Z
2026-07-30T23:20:14Z,2026-07-31T01:20:14+0200,3d9904ea-ea5b-47d7-bdee-8f06b37d7caf,2026-07-06T06:00:00Z,2026-07-06T08:00:00+0200,9834.946,MW,NL,NL,actual_load,Actual Load,2026-07-30T23:22:13Z
2026-07-30T23:20:14Z,2026-07-31T01:20:14+0200,3d9904ea-ea5b-47d7-bdee-8f06b37d7caf,2026-07-06T06:15:00Z,2026-07-06T08:15:00+0200,9500.086,MW,NL,NL,actual_load,Actual Load,2026-07-30T23:22:13Z
2026-07-30T23:20:14Z,2026-07-31T01:20:14+0200,3d9904ea-ea5b-47d7-bdee-8f06b37d7caf,2026-07-06T06:30:00Z,2026-07-06T08:30:00+0200,9384.366,MW,NL,NL,actual_load,Actual Load,2026-07-30T23:22:13Z
2026-07-30T23:20:14Z,2026-07-31T01:20:14+0200,3d9904ea-ea5b-47d7-bdee-8f06b37d7caf,2026-07-06T06:45:00Z,2026-07-06T08:45:00+0200,9346.586,MW,NL,NL,actual_load,Actual Load,2026-07-30T23:22:13Z
2026-07-30T23:20:14Z,2026-07-31T01:20:14+0200,3d9904ea-ea5b-47d7-bdee-8f06b37d7caf,2026-07-06T07:00:00Z,2026-07-06T09:00:00+0200,9368.506,MW,NL,NL,actual_load,Actual Load,2026-07-30T23:22:13Z
2026-07-30T23:20:14Z,2026-07-31T01:20:14+0200,3d9904ea-ea5b-47d7-bdee-8f06b37d7caf,2026-07-06T07:15:00Z,2026-07-06T09:15:00+0200,9188.276,MW,NL,NL,actual_load,Actual Load,2026-07-30T23:22:13Z
2026-07-30T23:20:14Z,2026-07-31T01:20:14+0200,3d9904ea-ea5b-47d7-bdee-8f06b37d7caf,2026-07-06T07:30:00Z,2026-07-06T09:30:00+0200,9027.096,MW,NL,NL,actual_load,Actual Load,2026-07-30T23:22:13Z
2026-07-30T23:20:14Z,2026-07-31T01:20:14+0200,3d9904ea-ea5b-47d7-bdee-8f06b37d7caf,2026-07-06T07:45:00Z,2026-07-06T09:45:00+0200,8659.026,MW,NL,NL,actual_load,Actual Load,2026-07-30T23:22:13Z
2026-07-30T23:20:14Z,2026-07-31T01:20:14+0200,3d9904ea-ea5b-47d7-bdee-8f06b37d7caf,2026-07-06T08:00:00Z,2026-07-06T10:00:00+0200,8232.116,MW,NL,NL,actual_load,Actual Load,2026-07-30T23:22:13Z
2026-07-30T23:20:14Z,2026-07-31T01:20:14+0200,3d9904ea-ea5b-47d7-bdee-8f06b37d7caf,2026-07-06T08:15:00Z,2026-07-06T10:15:00+0200,7615.576,MW,NL,NL,actual_load,Actual Load,2026-07-30T23:22:13Z
2026-07-30T23:20:14Z,2026-07-31T01:20:14+0200,3d9904ea-ea5b-47d7-bdee-8f06b37d7caf,2026-07-06T08:30:00Z,2026-07-06T10:30:00+0200,7080.496,MW,NL,NL,actual_load,Actual Load,2026-07-30T23:22:13Z
2026-07-30T23:20:14Z,2026-07-31T01:20:14+0200,3d9904ea-ea5b-47d7-bdee-8f06b37d7caf,2026-07-06T08:45:00Z,2026-07-06T10:45:00+0200,6601.596,MW,NL,NL,actual_load,Actual Load,2026-07-30T23:22:13Z
2026-07-30T23:20:14Z,2026-07-31T01:20:14+0200,3d9904ea-ea5b-47d7-bdee-8f06b37d7caf,2026-07-06T09:00:00Z,2026-07-06T11:00:00+0200,6246.176,MW,NL,NL,actual_load,Actual Load,2026-07-30T23:22:13Z
2026-07-30T23:20:14Z,2026-07-31T01:20:14+0200,3d9904ea-ea5b-47d7-bdee-8f06b37d7caf,2026-07-06T09:15:00Z,2026-07-06T11:15:00+0200,5463.406,MW,NL,NL,actual_load,Actual Load,2026-07-30T23:22:13Z
2026-07-30T23:20:14Z,2026-07-31T01:20:14+0200,3d9904ea-ea5b-47d7-bdee-8f06b37d7caf,2026-07-06T09:30:00Z,2026-07-06T11:30:00+0200,5138.086,MW,NL,NL,actual_load,Actual Load,2026-07-30T23:22:13Z
2026-07-30T23:20:14Z,2026-07-31T01:20:14+0200,3d9904ea-ea5b-47d7-bdee-8f06b37d7caf,2026-07-06T09:45:00Z,2026-07-06T11:45:00+0200,4653.246,MW,NL,NL,actual_load,Actual Load,2026-07-30T23:22:13Z
2026-07-30T23:20:14Z,2026-07-31T01:20:14+0200,3d9904ea-ea5b-47d7-bdee-8f06b37d7caf,2026-07-06T10:00:00Z,2026-07-06T12:00:00+0200,4163.285,MW,NL,NL,actual_load,Actual Load,2026-07-30T23:22:13Z
2026-07-30T23:20:14Z,2026-07-31T01:20:14+0200,3d9904ea-ea5b-47d7-bdee-8f06b37d7caf,2026-07-06T10:15:00Z,2026-07-06T12:15:00+0200,3497.95,MW,NL,NL,actual_load,Actual Load,2026-07-30T23:22:13Z
2026-07-30T23:20:14Z,2026-07-31T01:20:14+0200,3d9904ea-ea5b-47d7-bdee-8f06b37d7caf,2026-07-06T10:30:00Z,2026-07-06T12:30:00+0200,3217.284,MW,NL,NL,actual_load,Actual Load,2026-07-30T23:22:13Z
2026-07-30T23:20:14Z,2026-07-31T01:20:14+0200,3d9904ea-ea5b-47d7-bdee-8f06b37d7caf,2026-07-06T10:45:00Z,2026-07-06T12:45:00+0200,2823.51,MW,NL,NL,actual_load,Actual Load,2026-07-30T23:22:13Z
2026-07-30T23:20:14Z,2026-07-31T01:20:14+0200,3d9904ea-ea5b-47d7-bdee-8f06b37d7caf,2026-07-06T11:00:00Z,2026-07-06T13:00:00+0200,3114.428,MW,NL,NL,actual_load,Actual Load,2026-07-30T23:22:13Z
2026-07-30T23:20:14Z,2026-07-31T01:20:14+0200,3d9904ea-ea5b-47d7-bdee-8f06b37d7caf,2026-07-06T11:15:00Z,2026-07-06T13:15:00+0200,3112.259,MW,NL,NL,actual_load,Actual Load,2026-07-30T23:22:13Z
2026-07-30T23:20:14Z,2026-07-31T01:20:14+0200,3d9904ea-ea5b-47d7-bdee-8f06b37d7caf,2026-07-06T11:30:00Z,2026-07-06T13:30:00+0200,3423.103,MW,NL,NL,actual_load,Actual Load,2026-07-30T23:22:13Z
2026-07-30T23:20:14Z,2026-07-31T01:20:14+0200,3d9904ea-ea5b-47d7-bdee-8f06b37d7caf,2026-07-06T11:45:00Z,2026-07-06T13:45:00+0200,3360.515,MW,NL,NL,actual_load,Actual Load,2026-07-30T23:22:13Z
2026-07-30T23:20:14Z,2026-07-31T01:20:14+0200,3d9904ea-ea5b-47d7-bdee-8f06b37d7caf,2026-07-06T12:00:00Z,2026-07-06T14:00:00+0200,3589.481,MW,NL,NL,actual_load,Actual Load,2026-07-30T23:22:13Z
2026-07-30T23:20:14Z,2026-07-31T01:20:14+0200,3d9904ea-ea5b-47d7-bdee-8f06b37d7caf,2026-07-06T12:15:00Z,2026-07-06T14:15:00+0200,3339.6,MW,NL,NL,actual_load,Actual Load,2026-07-30T23:22:13Z
2026-07-30T23:20:14Z,2026-07-31T01:20:14+0200,3d9904ea-ea5b-47d7-bdee-8f06b37d7caf,2026-07-06T12:30:00Z,2026-07-06T14:30:00+0200,3078.766,MW,NL,NL,actual_load,Actual Load,2026-07-30T23:22:13Z
2026-07-30T23:20:14Z,2026-07-31T01:20:14+0200,3d9904ea-ea5b-47d7-bdee-8f06b37d7caf,2026-07-06T12:45:00Z,2026-07-06T14:45:00+0200,2676.803,MW,NL,NL,actual_load,Actual Load,2026-07-30T23:22:13Z
2026-07-30T23:20:14Z,2026-07-31T01:20:14+0200,3d9904ea-ea5b-47d7-bdee-8f06b37d7caf,2026-07-06T13:00:00Z,2026-07-06T15:00:00+0200,2913.321,MW,NL,NL,actual_load,Actual Load,2026-07-30T23:22:13Z
2026-07-30T23:20:14Z,2026-07-31T01:20:14+0200,3d9904ea-ea5b-47d7-bdee-8f06b37d7caf,2026-07-06T13:15:00Z,2026-07-06T15:15:00+0200,3342.073,MW,NL,NL,actual_load,Actual Load,2026-07-30T23:22:13Z
2026-07-30T23:20:14Z,2026-07-31T01:20:14+0200,3d9904ea-ea5b-47d7-bdee-8f06b37d7caf,2026-07-06T13:30:00Z,2026-07-06T15:30:00+0200,3337.928,MW,NL,NL,actual_load,Actual Load,2026-07-30T23:22:13Z
2026-07-30T23:20:14Z,2026-07-31T01:20:14+0200,3d9904ea-ea5b-47d7-bdee-8f06b37d7caf,2026-07-06T13:45:00Z,2026-07-06T15:45:00+0200,3434.083,MW,NL,NL,actual_load,Actual Load,2026-07-30T23:22:13Z
2026-07-30T23:20:14Z,2026-07-31T01:20:14+0200,3d9904ea-ea5b-47d7-bdee-8f06b37d7caf,2026-07-06T14:00:00Z,2026-07-06T16:00:00+0200,3543.647,MW,NL,NL,actual_load,Actual Load,2026-07-30T23:22:13Z
2026-07-30T23:20:14Z,2026-07-31T01:20:14+0200,3d9904ea-ea5b-47d7-bdee-8f06b37d7caf,2026-07-06T14:15:00Z,2026-07-06T16:15:00+0200,3548.876,MW,NL,NL,actual_load,Actual Load,2026-07-30T23:22:13Z
2026-07-30T23:20:14Z,2026-07-31T01:20:14+0200,3d9904ea-ea5b-47d7-bdee-8f06b37d7caf,2026-07-06T14:30:00Z,2026-07-06T16:30:00+0200,3668.423,MW,NL,NL,actual_load,Actual Load,2026-07-30T23:22:13Z
2026-07-30T23:20:14Z,2026-07-31T01:20:14+0200,3d9904ea-ea5b-47d7-bdee-8f06b37d7caf,2026-07-06T14:45:00Z,2026-07-06T16:45:00+0200,3769.123,MW,NL,NL,actual_load,Actual Load,2026-07-30T23:22:13Z
2026-07-30T23:20:14Z,2026-07-31T01:20:14+0200,3d9904ea-ea5b-47d7-bdee-8f06b37d7caf,2026-07-06T15:00:00Z,2026-07-06T17:00:00+0200,3730.566,MW,NL,NL,actual_load,Actual Load,2026-07-30T23:22:13Z
2026-07-30T23:20:14Z,2026-07-31T01:20:14+0200,3d9904ea-ea5b-47d7-bdee-8f06b37d7caf,2026-07-06T15:15:00Z,2026-07-06T17:15:00+0200,4084.538,MW,NL,NL,actual_load,Actual Load,2026-07-30T23:22:13Z
2026-07-30T23:20:14Z,2026-07-31T01:20:14+0200,3d9904ea-ea5b-47d7-bdee-8f06b37d7caf,2026-07-06T15:30:00Z,2026-07-06T17:30:00+0200,4660.136,MW,NL,NL,actual_load,Actual Load,2026-07-30T23:22:13Z
2026-07-30T23:20:14Z,2026-07-31T01:20:14+0200,3d9904ea-ea5b-47d7-bdee-8f06b37d7caf,2026-07-06T15:45:00Z,2026-07-06T17:45:00+0200,5617.166,MW,NL,NL,actual_load,Actual Load,2026-07-30T23:22:13Z
2026-07-30T23:20:14Z,2026-07-31T01:20:14+0200,3d9904ea-ea5b-47d7-bdee-8f06b37d7caf,2026-07-06T16:00:00Z,2026-07-06T18:00:00+0200,5861.796,MW,NL,NL,actual_load,Actual Load,2026-07-30T23:22:13Z
2026-07-30T23:20:14Z,2026-07-31T01:20:14+0200,3d9904ea-ea5b-47d7-bdee-8f06b37d7caf,2026-07-06T16:15:00Z,2026-07-06T18:15:00+0200,6119.466,MW,NL,NL,actual_load,Actual Load,2026-07-30T23:22:13Z
2026-07-30T23:20:14Z,2026-07-31T01:20:14+0200,3d9904ea-ea5b-47d7-bdee-8f06b37d7caf,2026-07-06T16:30:00Z,2026-07-06T18:30:00+0200,6523.716,MW,NL,NL,actual_load,Actual Load,2026-07-30T23:22:13Z
2026-07-30T23:20:14Z,2026-07-31T01:20:14+0200,3d9904ea-ea5b-47d7-bdee-8f06b37d7caf,2026-07-06T16:45:00Z,2026-07-06T18:45:00+0200,7101.396,MW,NL,NL,actual_load,Actual Load,2026-07-30T23:22:13Z
2026-07-30T23:20:14Z,2026-07-31T01:20:14+0200,3d9904ea-ea5b-47d7-bdee-8f06b37d7caf,2026-07-06T17:00:00Z,2026-07-06T19:00:00+0200,7575.556,MW,NL,NL,actual_load,Actual Load,2026-07-30T23:22:13Z
2026-07-30T23:20:14Z,2026-07-31T01:20:14+0200,3d9904ea-ea5b-47d7-bdee-8f06b37d7caf,2026-07-06T17:15:00Z,2026-07-06T19:15:00+0200,8140.706,MW,NL,NL,actual_load,Actual Load,2026-07-30T23:22:13Z
2026-07-30T23:20:14Z,2026-07-31T01:20:14+0200,3d9904ea-ea5b-47d7-bdee-8f06b37d7caf,2026-07-06T17:30:00Z,2026-07-06T19:30:00+0200,8777.446,MW,NL,NL,actual_load,Actual Load,2026-07-30T23:22:13Z
2026-07-30T23:20:14Z,2026-07-31T01:20:14+0200,3d9904ea-ea5b-47d7-bdee-8f06b37d7caf,2026-07-06T17:45:00Z,2026-07-06T19:45:00+0200,9287.756,MW,NL,NL,actual_load,Actual Load,2026-07-30T23:22:13Z
2026-07-30T23:20:14Z,2026-07-31T01:20:14+0200,3d9904ea-ea5b-47d7-bdee-8f06b37d7caf,2026-07-06T18:00:00Z,2026-07-06T20:00:00+0200,9917.346,MW,NL,NL,actual_load,Actual Load,2026-07-30T23:22:13Z
2026-07-30T23:20:14Z,2026-07-31T01:20:14+0200,3d9904ea-ea5b-47d7-bdee-8f06b37d7caf,2026-07-06T18:15:00Z,2026-07-06T20:15:00+0200,10497.346,MW,NL,NL,actual_load,Actual Load,2026-07-30T23:22:13Z
2026-07-30T23:20:14Z,2026-07-31T01:20:14+0200,3d9904ea-ea5b-47d7-bdee-8f06b37d7caf,2026-07-06T18:30:00Z,2026-07-06T20:30:00+0200,10908.716,MW,NL,NL,actual_load,Actual Load,2026-07-30T23:22:13Z
2026-07-30T23:20:14Z,2026-07-31T01:20:14+0200,3d9904ea-ea5b-47d7-bdee-8f06b37d7caf,2026-07-06T18:45:00Z,2026-07-06T20:45:00+0200,11254.136,MW,NL,NL,actual_load,Actual Load,2026-07-30T23:22:13Z
2026-07-30T23:20:14Z,2026-07-31T01:20:14+0200,3d9904ea-ea5b-47d7-bdee-8f06b37d7caf,2026-07-06T19:00:00Z,2026-07-06T21:00:00+0200,11411.376,MW,NL,NL,actual_load,Actual Load,2026-07-30T23:22:13Z
2026-07-30T23:20:14Z,2026-07-31T01:20:14+0200,3d9904ea-ea5b-47d7-bdee-8f06b37d7caf,2026-07-06T19:15:00Z,2026-07-06T21:15:00+0200,11617.956,MW,NL,NL,actual_load,Actual Load,2026-07-30T23:22:13Z
2026-07-30T23:20:14Z,2026-07-31T01:20:14+0200,3d9904ea-ea5b-47d7-bdee-8f06b37d7caf,2026-07-06T19:30:00Z,2026-07-06T21:30:00+0200,11768.086,MW,NL,NL,actual_load,Actual Load,2026-07-30T23:22:13Z
2026-07-30T23:20:14Z,2026-07-31T01:20:14+0200,3d9904ea-ea5b-47d7-bdee-8f06b37d7caf,2026-07-06T19:45:00Z,2026-07-06T21:45:00+0200,11765.606,MW,NL,NL,actual_load,Actual Load,2026-07-30T23:22:13Z
2026-07-30T23:20:14Z,2026-07-31T01:20:14+0200,3d9904ea-ea5b-47d7-bdee-8f06b37d7caf,2026-07-06T20:00:00Z,2026-07-06T22:00:00+0200,11818.376,MW,NL,NL,actual_load,Actual Load,2026-07-30T23:22:13Z
2026-07-30T23:20:14Z,2026-07-31T01:20:14+0200,3d9904ea-ea5b-47d7-bdee-8f06b37d7caf,2026-07-06T20:15:00Z,2026-07-06T22:15:00+0200,11803.146,MW,NL,NL,actual_load,Actual Load,2026-07-30T23:22:13Z
2026-07-30T23:20:14Z,2026-07-31T01:20:14+0200,3d9904ea-ea5b-47d7-bdee-8f06b37d7caf,2026-07-06T20:30:00Z,2026-07-06T22:30:00+0200,11863.246,MW,NL,NL,actual_load,Actual Load,2026-07-30T23:22:13Z
2026-07-30T23:20:14Z,2026-07-31T01:20:14+0200,3d9904ea-ea5b-47d7-bdee-8f06b37d7caf,2026-07-06T20:45:00Z,2026-07-06T22:45:00+0200,11799.956,MW,NL,NL,actual_load,Actual Load,2026-07-30T23:22:13Z
2026-07-30T23:20:14Z,2026-07-31T01:20:14+0200,3d9904ea-ea5b-47d7-bdee-8f06b37d7caf,2026-07-06T21:00:00Z,2026-07-06T23:00:00+0200,11736.356,MW,NL,NL,actual_load,Actual Load,2026-07-30T23:22:13Z
2026-07-30T23:20:14Z,2026-07-31T01:20:14+0200,3d9904ea-ea5b-47d7-bdee-8f06b37d7caf,2026-07-06T21:15:00Z,2026-07-06T23:15:00+0200,11577.076,MW,NL,NL,actual_load,Actual Load,2026-07-30T23:22:13Z
2026-07-30T23:20:14Z,2026-07-31T01:20:14+0200,3d9904ea-ea5b-47d7-bdee-8f06b37d7caf,2026-07-06T21:30:00Z,2026-07-06T23:30:00+0200,11562.286,MW,NL,NL,actual_load,Actual Load,2026-07-30T23:22:13Z
2026-07-30T23:20:14Z,2026-07-31T01:20:14+0200,3d9904ea-ea5b-47d7-bdee-8f06b37d7caf,2026-07-06T21:45:00Z,2026-07-06T23:45:00+0200,11421.716,MW,NL,NL,actual_load,Actual Load,2026-07-30T23:22:13Z
2026-07-30T23:20:14Z,2026-07-31T01:20:14+0200,3d9904ea-ea5b-47d7-bdee-8f06b37d7caf,2026-07-06T22:00:00Z,2026-07-07T00:00:00+0200,11126.146,MW,NL,NL,actual_load,Actual Load,2026-07-30T23:22:13Z
2026-07-30T23:20:14Z,2026-07-31T01:20:14+0200,3d9904ea-ea5b-47d7-bdee-8f06b37d7caf,2026-07-06T22:15:00Z,2026-07-07T00:15:00+0200,11261.676,MW,NL,NL,actual_load,Actual Load,2026-07-30T23:22:13Z
2026-07-30T23:20:14Z,2026-07-31T01:20:14+0200,3d9904ea-ea5b-47d7-bdee-8f06b37d7caf,2026-07-06T22:30:00Z,2026-07-07T00:30:00+0200,10940.626,MW,NL,NL,actual_load,Actual Load,2026-07-30T23:22:13Z
2026-07-30T23:20:14Z,2026-07-31T01:20:14+0200,3d9904ea-ea5b-47d7-bdee-8f06b37d7caf,2026-07-06T22:45:00Z,2026-07-07T00:45:00+0200,10815.466,MW,NL,NL,actual_load,Actual Load,2026-07-30T23:22:13Z
2026-07-30T23:20:14Z,2026-07-31T01:20:14+0200,3d9904ea-ea5b-47d7-bdee-8f06b37d7caf,2026-07-06T23:00:00Z,2026-07-07T01:00:00+0200,10746.436,MW,NL,NL,actual_load,Actual Load,2026-07-30T23:22:13Z
2026-07-30T23:20:14Z,2026-07-31T01:20:14+0200,3d9904ea-ea5b-47d7-bdee-8f06b37d7caf,2026-07-06T23:15:00Z,2026-07-07T01:15:00+0200,10692.246,MW,NL,NL,actual_load,Actual Load,2026-07-30T23:22:13Z
2026-07-30T23:20:14Z,2026-07-31T01:20:14+0200,3d9904ea-ea5b-47d7-bdee-8f06b37d7caf,2026-07-06T23:30:00Z,2026-07-07T01:30:00+0200,10430.516,MW,NL,NL,actual_load,Actual Load,2026-07-30T23:22:13Z
2026-07-30T23:20:14Z,2026-07-31T01:20:14+0200,3d9904ea-ea5b-47d7-bdee-8f06b37d7caf,2026-07-06T23:45:00Z,2026-07-07T01:45:00+0200,10364.706,MW,NL,NL,actual_load,Actual Load,2026-07-30T23:22:13Z
2026-07-30T23:20:14Z,2026-07-31T01:20:14+0200,3d9904ea-ea5b-47d7-bdee-8f06b37d7caf,2026-07-07T00:00:00Z,2026-07-07T02:00:00+0200,10457.596,MW,NL,NL,actual_load,Actual Load,2026-07-30T23:22:13Z
2026-07-30T23:20:14Z,2026-07-31T01:20:14+0200,3d9904ea-ea5b-47d7-bdee-8f06b37d7caf,2026-07-07T00:15:00Z,2026-07-07T02:15:00+0200,10723.576,MW,NL,NL,actual_load,Actual Load,2026-07-30T23:22:13Z
2026-07-30T23:20:14Z,2026-07-31T01:20:14+0200,3d9904ea-ea5b-47d7-bdee-8f06b37d7caf,2026-07-07T00:30:00Z,2026-07-07T02:30:00+0200,10805.786,MW,NL,NL,actual_load,Actual Load,2026-07-30T23:22:13Z
2026-07-30T23:20:14Z,2026-07-31T01:20:14+0200,3d9904ea-ea5b-47d7-bdee-8f06b37d7caf,2026-07-07T00:45:00Z,2026-07-07T02:45:00+0200,10696.206,MW,NL,NL,actual_load,Actual Load,2026-07-30T23:22:13Z
2026-07-30T23:20:14Z,2026-07-31T01:20:14+0200,3d9904ea-ea5b-47d7-bdee-8f06b37d7caf,2026-07-07T01:00:00Z,2026-07-07T03:00:00+0200,10765.556,MW,NL,NL,actual_load,Actual Load,2026-07-30T23:22:13Z
2026-07-30T23:20:14Z,2026-07-31T01:20:14+0200,3d9904ea-ea5b-47d7-bdee-8f06b37d7caf,2026-07-07T01:15:00Z,2026-07-07T03:15:00+0200,10800.946,MW,NL,NL,actual_load,Actual Load,2026-07-30T23:22:13Z
2026-07-30T23:20:14Z,2026-07-31T01:20:14+0200,3d9904ea-ea5b-47d7-bdee-8f06b37d7caf,2026-07-07T01:30:00Z,2026-07-07T03:30:00+0200,10757.986,MW,NL,NL,actual_load,Actual Load,2026-07-30T23:22:13Z
2026-07-30T23:20:14Z,2026-07-31T01:20:14+0200,3d9904ea-ea5b-47d7-bdee-8f06b37d7caf,2026-07-07T01:45:00Z,2026-07-07T03:45:00+0200,10638.416,MW,NL,NL,actual_load,Actual Load,2026-07-30T23:22:13Z
2026-07-30T23:20:14Z,2026-07-31T01:20:14+0200,3d9904ea-ea5b-47d7-bdee-8f06b37d7caf,2026-07-07T02:00:00Z,2026-07-07T04:00:00+0200,10550.976,MW,NL,NL,actual_load,Actual Load,2026-07-30T23:22:13Z
2026-07-30T23:20:14Z,2026-07-31T01:20:14+0200,3d9904ea-ea5b-47d7-bdee-8f06b37d7caf,2026-07-07T02:15:00Z,2026-07-07T04:15:00+0200,10584.546,MW,NL,NL,actual_load,Actual Load,2026-07-30T23:22:13Z
2026-07-30T23:20:14Z,2026-07-31T01:20:14+0200,3d9904ea-ea5b-47d7-bdee-8f06b37d7caf,2026-07-07T02:30:00Z,2026-07-07T04:30:00+0200,10723.296,MW,NL,NL,actual_load,Actual Load,2026-07-30T23:22:13Z
2026-07-30T23:20:14Z,2026-07-31T01:20:14+0200,3d9904ea-ea5b-47d7-bdee-8f06b37d7caf,2026-07-07T02:45:00Z,2026-07-07T04:45:00+0200,10722.176,MW,NL,NL,actual_load,Actual Load,2026-07-30T23:22:13Z
2026-07-30T23:20:14Z,2026-07-31T01:20:14+0200,3d9904ea-ea5b-47d7-bdee-8f06b37d7caf,2026-07-07T03:00:00Z,2026-07-07T05:00:00+0200,10702.106,MW,NL,NL,actual_load,Actual Load,2026-07-30T23:22:13Z
2026-07-30T23:20:14Z,2026-07-31T01:20:14+0200,3d9904ea-ea5b-47d7-bdee-8f06b37d7caf,2026-07-07T03:15:00Z,2026-07-07T05:15:00+0200,10569.036,MW,NL,NL,actual_load,Actual Load,2026-07-30T23:22:13Z
2026-07-30T23:20:14Z,2026-07-31T01:20:14+0200,3d9904ea-ea5b-47d7-bdee-8f06b37d7caf,2026-07-07T03:30:00Z,2026-07-07T05:30:00+0200,10556.786,MW,NL,NL,actual_load,Actual Load,2026-07-30T23:22:13Z
2026-07-30T23:20:14Z,2026-07-31T01:20:14+0200,3d9904ea-ea5b-47d7-bdee-8f06b37d7caf,2026-07-07T03:45:00Z,2026-07-07T05:45:00+0200,10498.096,MW,NL,NL,actual_load,Actual Load,2026-07-30T23:22:13Z
2026-07-30T23:20:14Z,2026-07-31T01:20:14+0200,3d9904ea-ea5b-47d7-bdee-8f06b37d7caf,2026-07-07T04:00:00Z,2026-07-07T06:00:00+0200,10392.976,MW,NL,NL,actual_load,Actual Load,2026-07-30T23:22:13Z
2026-07-30T23:20:14Z,2026-07-31T01:20:14+0200,3d9904ea-ea5b-47d7-bdee-8f06b37d7caf,2026-07-07T04:15:00Z,2026-07-07T06:15:00+0200,10498.546,MW,NL,NL,actual_load,Actual Load,2026-07-30T23:22:13Z
2026-07-30T23:20:14Z,2026-07-31T01:20:14+0200,3d9904ea-ea5b-47d7-bdee-8f06b37d7caf,2026-07-07T04:30:00Z,2026-07-07T06:30:00+0200,10439.306,MW,NL,NL,actual_load,Actual Load,2026-07-30T23:22:13Z
2026-07-30T23:20:14Z,2026-07-31T01:20:14+0200,3d9904ea-ea5b-47d7-bdee-8f06b37d7caf,2026-07-07T04:45:00Z,2026-07-07T06:45:00+0200,10446.116,MW,NL,NL,actual_load,Actual Load,2026-07-30T23:22:13Z
2026-07-30T23:20:14Z,2026-07-31T01:20:14+0200,3d9904ea-ea5b-47d7-bdee-8f06b37d7caf,2026-07-07T05:00:00Z,2026-07-07T07:00:00+0200,10456.416,MW,NL,NL,actual_load,Actual Load,2026-07-30T23:22:13Z
2026-07-30T23:20:14Z,2026-07-31T01:20:14+0200,3d9904ea-ea5b-47d7-bdee-8f06b37d7caf,2026-07-07T05:15:00Z,2026-07-07T07:15:00+0200,10361.266,MW,NL,NL,actual_load,Actual Load,2026-07-30T23:22:13Z
2026-07-30T23:20:14Z,2026-07-31T01:20:14+0200,3d9904ea-ea5b-47d7-bdee-8f06b37d7caf,2026-07-07T05:30:00Z,2026-07-07T07:30:00+0200,10272.816,MW,NL,NL,actual_load,Actual Load,2026-07-30T23:22:13Z
2026-07-30T23:20:14Z,2026-07-31T01:20:14+0200,3d9904ea-ea5b-47d7-bdee-8f06b37d7caf,2026-07-07T05:45:00Z,2026-07-07T07:45:00+0200,10288.176,MW,NL,NL,actual_load,Actual Load,2026-07-30T23:22:13Z
2026-07-30T23:20:14Z,2026-07-31T01:20:14+0200,3d9904ea-ea5b-47d7-bdee-8f06b37d7caf,2026-07-07T06:00:00Z,2026-07-07T08:00:00+0200,10062.706,MW,NL,NL,actual_load,Actual Load,2026-07-30T23:22:13Z
2026-07-30T23:20:14Z,2026-07-31T01:20:14+0200,3d9904ea-ea5b-47d7-bdee-8f06b37d7caf,2026-07-07T06:15:00Z,2026-07-07T08:15:00+0200,9576.956,MW,NL,NL,actual_load,Actual Load,2026-07-30T23:22:13Z
2026-07-30T23:20:14Z,2026-07-31T01:20:14+0200,3d9904ea-ea5b-47d7-bdee-8f06b37d7caf,2026-07-07T06:30:00Z,2026-07-07T08:30:00+0200,9228.256,MW,NL,NL,actual_load,Actual Load,2026-07-30T23:22:13Z
2026-07-30T23:20:14Z,2026-07-31T01:20:14+0200,3d9904ea-ea5b-47d7-bdee-8f06b37d7caf,2026-07-07T06:45:00Z,2026-07-07T08:45:00+0200,8807.926,MW,NL,NL,actual_load,Actual Load,2026-07-30T23:22:13Z
2026-07-30T23:20:14Z,2026-07-31T01:20:14+0200,3d9904ea-ea5b-47d7-bdee-8f06b37d7caf,2026-07-07T07:00:00Z,2026-07-07T09:00:00+0200,8449.486,MW,NL,NL,actual_load,Actual Load,2026-07-30T23:22:13Z
2026-07-30T23:20:14Z,2026-07-31T01:20:14+0200,3d9904ea-ea5b-47d7-bdee-8f06b37d7caf,2026-07-07T07:15:00Z,2026-07-07T09:15:00+0200,8011.186,MW,NL,NL,actual_load,Actual Load,2026-07-30T23:22:13Z
2026-07-30T23:20:14Z,2026-07-31T01:20:14+0200,3d9904ea-ea5b-47d7-bdee-8f06b37d7caf,2026-07-07T07:30:00Z,2026-07-07T09:30:00+0200,7365.006,MW,NL,NL,actual_load,Actual Load,2026-07-30T23:22:13Z
2026-07-30T23:20:14Z,2026-07-31T01:20:14+0200,3d9904ea-ea5b-47d7-bdee-8f06b37d7caf,2026-07-07T07:45:00Z,2026-07-07T09:45:00+0200,6655.976,MW,NL,NL,actual_load,Actual Load,2026-07-30T23:22:13Z
2026-07-30T23:20:14Z,2026-07-31T01:20:14+0200,3d9904ea-ea5b-47d7-bdee-8f06b37d7caf,2026-07-07T08:00:00Z,2026-07-07T10:00:00+0200,6075.266,MW,NL,NL,actual_load,Actual Load,2026-07-30T23:22:13Z
2026-07-30T23:20:14Z,2026-07-31T01:20:14+0200,3d9904ea-ea5b-47d7-bdee-8f06b37d7caf,2026-07-07T08:15:00Z,2026-07-07T10:15:00+0200,5718.656,MW,NL,NL,actual_load,Actual Load,2026-07-30T23:22:13Z
2026-07-30T23:20:14Z,2026-07-31T01:20:14+0200,3d9904ea-ea5b-47d7-bdee-8f06b37d7caf,2026-07-07T08:30:00Z,2026-07-07T10:30:00+0200,5370.426,MW,NL,NL,actual_load,Actual Load,2026-07-30T23:22:13Z
2026-07-30T23:20:14Z,2026-07-31T01:20:14+0200,3d9904ea-ea5b-47d7-bdee-8f06b37d7caf,2026-07-07T08:45:00Z,2026-07-07T10:45:00+0200,4436.977,MW,NL,NL,actual_load,Actual Load,2026-07-30T23:22:13Z
2026-07-30T23:20:14Z,2026-07-31T01:20:14+0200,3d9904ea-ea5b-47d7-bdee-8f06b37d7caf,2026-07-07T09:00:00Z,2026-07-07T11:00:00+0200,4160.952,MW,NL,NL,actual_load,Actual Load,2026-07-30T23:22:13Z
2026-07-30T23:20:14Z,2026-07-31T01:20:14+0200,3d9904ea-ea5b-47d7-bdee-8f06b37d7caf,2026-07-07T09:15:00Z,2026-07-07T11:15:00+0200,4011.16,MW,NL,NL,actual_load,Actual Load,2026-07-30T23:22:13Z
2026-07-30T23:20:14Z,2026-07-31T01:20:14+0200,3d9904ea-ea5b-47d7-bdee-8f06b37d7caf,2026-07-07T09:30:00Z,2026-07-07T11:30:00+0200,3520.734,MW,NL,NL,actual_load,Actual Load,2026-07-30T23:22:13Z
2026-07-30T23:20:14Z,2026-07-31T01:20:14+0200,3d9904ea-ea5b-47d7-bdee-8f06b37d7caf,2026-07-07T09:45:00Z,2026-07-07T11:45:00+0200,3260.611,MW,NL,NL,actual_load,Actual Load,2026-07-30T23:22:13Z
2026-07-30T23:20:14Z,2026-07-31T01:20:14+0200,3d9904ea-ea5b-47d7-bdee-8f06b37d7caf,2026-07-07T10:00:00Z,2026-07-07T12:00:00+0200,2889.465,MW,NL,NL,actual_load,Actual Load,2026-07-30T23:22:13Z
2026-07-30T23:20:14Z,2026-07-31T01:20:14+0200,3d9904ea-ea5b-47d7-bdee-8f06b37d7caf,2026-07-07T10:15:00Z,2026-07-07T12:15:00+0200,2359.486,MW,NL,NL,actual_load,Actual Load,2026-07-30T23:22:13Z
2026-07-30T23:20:14Z,2026-07-31T01:20:14+0200,3d9904ea-ea5b-47d7-bdee-8f06b37d7caf,2026-07-07T10:30:00Z,2026-07-07T12:30:00+0200,2526.956,MW,NL,NL,actual_load,Actual Load,2026-07-30T23:22:13Z
2026-07-30T23:20:14Z,2026-07-31T01:20:14+0200,3d9904ea-ea5b-47d7-bdee-8f06b37d7caf,2026-07-07T10:45:00Z,2026-07-07T12:45:00+0200,1987.896,MW,NL,NL,actual_load,Actual Load,2026-07-30T23:22:13Z
2026-07-30T23:20:14Z,2026-07-31T01:20:14+0200,3d9904ea-ea5b-47d7-bdee-8f06b37d7caf,2026-07-07T11:00:00Z,2026-07-07T13:00:00+0200,2301.616,MW,NL,NL,actual_load,Actual Load,2026-07-30T23:22:13Z
2026-07-30T23:20:14Z,2026-07-31T01:20:14+0200,3d9904ea-ea5b-47d7-bdee-8f06b37d7caf,2026-07-07T11:15:00Z,2026-07-07T13:15:00+0200,2413.606,MW,NL,NL,actual_load,Actual Load,2026-07-30T23:22:13Z
2026-07-30T23:20:14Z,2026-07-31T01:20:14+0200,3d9904ea-ea5b-47d7-bdee-8f06b37d7caf,2026-07-07T11:30:00Z,2026-07-07T13:30:00+0200,2290.956,MW,NL,NL,actual_load,Actual Load,2026-07-30T23:22:13Z
2026-07-30T23:20:14Z,2026-07-31T01:20:14+0200,3d9904ea-ea5b-47d7-bdee-8f06b37d7caf,2026-07-07T11:45:00Z,2026-07-07T13:45:00+0200,2856.149,MW,NL,NL,actual_load,Actual Load,2026-07-30T23:22:13Z
2026-07-30T23:20:14Z,2026-07-31T01:20:14+0200,3d9904ea-ea5b-47d7-bdee-8f06b37d7caf,2026-07-07T12:00:00Z,2026-07-07T14:00:00+0200,2899.43,MW,NL,NL,actual_load,Actual Load,2026-07-30T23:22:13Z
2026-07-30T23:20:14Z,2026-07-31T01:20:14+0200,3d9904ea-ea5b-47d7-bdee-8f06b37d7caf,2026-07-07T12:15:00Z,2026-07-07T14:15:00+0200,3254.765,MW,NL,NL,actual_load,Actual Load,2026-07-30T23:22:13Z
2026-07-30T23:20:14Z,2026-07-31T01:20:14+0200,3d9904ea-ea5b-47d7-bdee-8f06b37d7caf,2026-07-07T12:30:00Z,2026-07-07T14:30:00+0200,3014.159,MW,NL,NL,actual_load,Actual Load,2026-07-30T23:22:13Z
2026-07-30T23:20:14Z,2026-07-31T01:20:14+0200,3d9904ea-ea5b-47d7-bdee-8f06b37d7caf,2026-07-07T12:45:00Z,2026-07-07T14:45:00+0200,3179.295,MW,NL,NL,actual_load,Actual Load,2026-07-30T23:22:13Z
2026-07-30T23:20:14Z,2026-07-31T01:20:14+0200,3d9904ea-ea5b-47d7-bdee-8f06b37d7caf,2026-07-07T13:00:00Z,2026-07-07T15:00:00+0200,3299.421,MW,NL,NL,actual_load,Actual Load,2026-07-30T23:22:13Z
2026-07-30T23:20:14Z,2026-07-31T01:20:14+0200,3d9904ea-ea5b-47d7-bdee-8f06b37d7caf,2026-07-07T13:15:00Z,2026-07-07T15:15:00+0200,3490.25,MW,NL,NL,actual_load,Actual Load,2026-07-30T23:22:13Z
2026-07-30T23:20:14Z,2026-07-31T01:20:14+0200,3d9904ea-ea5b-47d7-bdee-8f06b37d7caf,2026-07-07T13:30:00Z,2026-07-07T15:30:00+0200,3552.036,MW,NL,NL,actual_load,Actual Load,2026-07-30T23:22:13Z
2026-07-30T23:20:14Z,2026-07-31T01:20:14+0200,3d9904ea-ea5b-47d7-bdee-8f06b37d7caf,2026-07-07T13:45:00Z,2026-07-07T15:45:00+0200,3804.173,MW,NL,NL,actual_load,Actual Load,2026-07-30T23:22:13Z
2026-07-30T23:20:14Z,2026-07-31T01:20:14+0200,3d9904ea-ea5b-47d7-bdee-8f06b37d7caf,2026-07-07T14:00:00Z,2026-07-07T16:00:00+0200,3952.935,MW,NL,NL,actual_load,Actual Load,2026-07-30T23:22:13Z
2026-07-30T23:20:14Z,2026-07-31T01:20:14+0200,3d9904ea-ea5b-47d7-bdee-8f06b37d7caf,2026-07-07T14:15:00Z,2026-07-07T16:15:00+0200,4820.976,MW,NL,NL,actual_load,Actual Load,2026-07-30T23:22:13Z
2026-07-30T23:20:14Z,2026-07-31T01:20:14+0200,3d9904ea-ea5b-47d7-bdee-8f06b37d7caf,2026-07-07T14:30:00Z,2026-07-07T16:30:00+0200,5173.276,MW,NL,NL,actual_load,Actual Load,2026-07-30T23:22:13Z
2026-07-30T23:20:14Z,2026-07-31T01:20:14+0200,3d9904ea-ea5b-47d7-bdee-8f06b37d7caf,2026-07-07T14:45:00Z,2026-07-07T16:45:00+0200,5657.896,MW,NL,NL,actual_load,Actual Load,2026-07-30T23:22:13Z
2026-07-30T23:20:14Z,2026-07-31T01:20:14+0200,3d9904ea-ea5b-47d7-bdee-8f06b37d7caf,2026-07-07T15:00:00Z,2026-07-07T17:00:00+0200,5974.846,MW,NL,NL,actual_load,Actual Load,2026-07-30T23:22:13Z
2026-07-30T23:20:14Z,2026-07-31T01:20:14+0200,3d9904ea-ea5b-47d7-bdee-8f06b37d7caf,2026-07-07T15:15:00Z,2026-07-07T17:15:00+0200,6528.386,MW,NL,NL,actual_load,Actual Load,2026-07-30T23:22:13Z
2026-07-30T23:20:14Z,2026-07-31T01:20:14+0200,3d9904ea-ea5b-47d7-bdee-8f06b37d7caf,2026-07-07T15:30:00Z,2026-07-07T17:30:00+0200,7097.006,MW,NL,NL,actual_load,Actual Load,2026-07-30T23:22:13Z
2026-07-30T23:20:14Z,2026-07-31T01:20:14+0200,3d9904ea-ea5b-47d7-bdee-8f06b37d7caf,2026-07-07T15:45:00Z,2026-07-07T17:45:00+0200,7278.666,MW,NL,NL,actual_load,Actual Load,2026-07-30T23:22:13Z
2026-07-30T23:20:14Z,2026-07-31T01:20:14+0200,3d9904ea-ea5b-47d7-bdee-8f06b37d7caf,2026-07-07T16:00:00Z,2026-07-07T18:00:00+0200,7468.046,MW,NL,NL,actual_load,Actual Load,2026-07-30T23:22:13Z
2026-07-30T23:20:14Z,2026-07-31T01:20:14+0200,3d9904ea-ea5b-47d7-bdee-8f06b37d7caf,2026-07-07T16:15:00Z,2026-07-07T18:15:00+0200,8099.446,MW,NL,NL,actual_load,Actual Load,2026-07-30T23:22:13Z
2026-07-30T23:20:14Z,2026-07-31T01:20:14+0200,3d9904ea-ea5b-47d7-bdee-8f06b37d7caf,2026-07-07T16:30:00Z,2026-07-07T18:30:00+0200,8502.826,MW,NL,NL,actual_load,Actual Load,2026-07-30T23:22:13Z
2026-07-30T23:20:14Z,2026-07-31T01:20:14+0200,3d9904ea-ea5b-47d7-bdee-8f06b37d7caf,2026-07-07T16:45:00Z,2026-07-07T18:45:00+0200,8643.366,MW,NL,NL,actual_load,Actual Load,2026-07-30T23:22:13Z
2026-07-30T23:20:14Z,2026-07-31T01:20:14+0200,3d9904ea-ea5b-47d7-bdee-8f06b37d7caf,2026-07-07T17:00:00Z,2026-07-07T19:00:00+0200,8950.776,MW,NL,NL,actual_load,Actual Load,2026-07-30T23:22:13Z
2026-07-30T23:20:14Z,2026-07-31T01:20:14+0200,3d9904ea-ea5b-47d7-bdee-8f06b37d7caf,2026-07-07T17:15:00Z,2026-07-07T19:15:00+0200,9584.396,MW,NL,NL,actual_load,Actual Load,2026-07-30T23:22:13Z
2026-07-30T23:20:14Z,2026-07-31T01:20:14+0200,3d9904ea-ea5b-47d7-bdee-8f06b37d7caf,2026-07-07T17:30:00Z,2026-07-07T19:30:00+0200,9830.606,MW,NL,NL,actual_load,Actual Load,2026-07-30T23:22:13Z
2026-07-30T23:20:14Z,2026-07-31T01:20:14+0200,3d9904ea-ea5b-47d7-bdee-8f06b37d7caf,2026-07-07T17:45:00Z,2026-07-07T19:45:00+0200,10205.416,MW,NL,NL,actual_load,Actual Load,2026-07-30T23:22:13Z
2026-07-30T23:20:14Z,2026-07-31T01:20:14+0200,3d9904ea-ea5b-47d7-bdee-8f06b37d7caf,2026-07-07T18:00:00Z,2026-07-07T20:00:00+0200,10508.296,MW,NL,NL,actual_load,Actual Load,2026-07-30T23:22:13Z
2026-07-30T23:20:14Z,2026-07-31T01:20:14+0200,3d9904ea-ea5b-47d7-bdee-8f06b37d7caf,2026-07-07T18:15:00Z,2026-07-07T20:15:00+0200,10847.656,MW,NL,NL,actual_load,Actual Load,2026-07-30T23:22:13Z
2026-07-30T23:20:14Z,2026-07-31T01:20:14+0200,3d9904ea-ea5b-47d7-bdee-8f06b37d7caf,2026-07-07T18:30:00Z,2026-07-07T20:30:00+0200,11119.636,MW,NL,NL,actual_load,Actual Load,2026-07-30T23:22:13Z
2026-07-30T23:20:14Z,2026-07-31T01:20:14+0200,3d9904ea-ea5b-47d7-bdee-8f06b37d7caf,2026-07-07T18:45:00Z,2026-07-07T20:45:00+0200,11329.756,MW,NL,NL,actual_load,Actual Load,2026-07-30T23:22:13Z
2026-07-30T23:20:14Z,2026-07-31T01:20:14+0200,3d9904ea-ea5b-47d7-bdee-8f06b37d7caf,2026-07-07T19:00:00Z,2026-07-07T21:00:00+0200,11327.346,MW,NL,NL,actual_load,Actual Load,2026-07-30T23:22:13Z
2026-07-30T23:20:14Z,2026-07-31T01:20:14+0200,3d9904ea-ea5b-47d7-bdee-8f06b37d7caf,2026-07-07T19:15:00Z,2026-07-07T21:15:00+0200,11310.516,MW,NL,NL,actual_load,Actual Load,2026-07-30T23:22:13Z
2026-07-30T23:20:14Z,2026-07-31T01:20:14+0200,3d9904ea-ea5b-47d7-bdee-8f06b37d7caf,2026-07-07T19:30:00Z,2026-07-07T21:30:00+0200,11556.126,MW,NL,NL,actual_load,Actual Load,2026-07-30T23:22:13Z
2026-07-30T23:20:14Z,2026-07-31T01:20:14+0200,3d9904ea-ea5b-47d7-bdee-8f06b37d7caf,2026-07-07T19:45:00Z,2026-07-07T21:45:00+0200,11740.226,MW,NL,NL,actual_load,Actual Load,2026-07-30T23:22:13Z
2026-07-30T23:20:14Z,2026-07-31T01:20:14+0200,3d9904ea-ea5b-47d7-bdee-8f06b37d7caf,2026-07-07T20:00:00Z,2026-07-07T22:00:00+0200,11795.366,MW,NL,NL,actual_load,Actual Load,2026-07-30T23:22:13Z
2026-07-30T23:20:14Z,2026-07-31T01:20:14+0200,3d9904ea-ea5b-47d7-bdee-8f06b37d7caf,2026-07-07T20:15:00Z,2026-07-07T22:15:00+0200,11692.176,MW,NL,NL,actual_load,Actual Load,2026-07-30T23:22:13Z
2026-07-30T23:20:14Z,2026-07-31T01:20:14+0200,3d9904ea-ea5b-47d7-bdee-8f06b37d7caf,2026-07-07T20:30:00Z,2026-07-07T22:30:00+0200,11648.966,MW,NL,NL,actual_load,Actual Load,2026-07-30T23:22:13Z
2026-07-30T23:20:14Z,2026-07-31T01:20:14+0200,3d9904ea-ea5b-47d7-bdee-8f06b37d7caf,2026-07-07T20:45:00Z,2026-07-07T22:45:00+0200,11530.406,MW,NL,NL,actual_load,Actual Load,2026-07-30T23:22:13Z
2026-07-30T23:20:14Z,2026-07-31T01:20:14+0200,3d9904ea-ea5b-47d7-bdee-8f06b37d7caf,2026-07-07T21:00:00Z,2026-07-07T23:00:00+0200,11511.366,MW,NL,NL,actual_load,Actual Load,2026-07-30T23:22:13Z
2026-07-30T23:20:14Z,2026-07-31T01:20:14+0200,3d9904ea-ea5b-47d7-bdee-8f06b37d7caf,2026-07-07T21:15:00Z,2026-07-07T23:15:00+0200,11367.416,MW,NL,NL,actual_load,Actual Load,2026-07-30T23:22:13Z
2026-07-30T23:20:14Z,2026-07-31T01:20:14+0200,3d9904ea-ea5b-47d7-bdee-8f06b37d7caf,2026-07-07T21:30:00Z,2026-07-07T23:30:00+0200,11319.396,MW,NL,NL,actual_load,Actual Load,2026-07-30T23:22:13Z
2026-07-30T23:20:14Z,2026-07-31T01:20:14+0200,3d9904ea-ea5b-47d7-bdee-8f06b37d7caf,2026-07-07T21:45:00Z,2026-07-07T23:45:00+0200,11219.296,MW,NL,NL,actual_load,Actual Load,2026-07-30T23:22:13Z
2026-07-30T23:20:14Z,2026-07-31T01:20:14+0200,3d9904ea-ea5b-47d7-bdee-8f06b37d7caf,2026-07-07T22:00:00Z,2026-07-08T00:00:00+0200,11277.726,MW,NL,NL,actual_load,Actual Load,2026-07-30T23:22:13Z
2026-07-30T23:20:14Z,2026-07-31T01:20:14+0200,3d9904ea-ea5b-47d7-bdee-8f06b37d7caf,2026-07-07T22:15:00Z,2026-07-08T00:15:00+0200,11358.986,MW,NL,NL,actual_load,Actual Load,2026-07-30T23:22:13Z
2026-07-30T23:20:14Z,2026-07-31T01:20:14+0200,3d9904ea-ea5b-47d7-bdee-8f06b37d7caf,2026-07-07T22:30:00Z,2026-07-08T00:30:00+0200,11300.136,MW,NL,NL,actual_load,Actual Load,2026-07-30T23:22:13Z
2026-07-30T23:20:14Z,2026-07-31T01:20:14+0200,3d9904ea-ea5b-47d7-bdee-8f06b37d7caf,2026-07-07T22:45:00Z,2026-07-08T00:45:00+0200,11219.766,MW,NL,NL,actual_load,Actual Load,2026-07-30T23:22:13Z
2026-07-30T23:20:14Z,2026-07-31T01:20:14+0200,3d9904ea-ea5b-47d7-bdee-8f06b37d7caf,2026-07-07T23:00:00Z,2026-07-08T01:00:00+0200,11180.516,MW,NL,NL,actual_load,Actual Load,2026-07-30T23:22:13Z
2026-07-30T23:20:14Z,2026-07-31T01:20:14+0200,3d9904ea-ea5b-47d7-bdee-8f06b37d7caf,2026-07-07T23:15:00Z,2026-07-08T01:15:00+0200,11276.316,MW,NL,NL,actual_load,Actual Load,2026-07-30T23:22:13Z
2026-07-30T23:20:14Z,2026-07-31T01:20:14+0200,3d9904ea-ea5b-47d7-bdee-8f06b37d7caf,2026-07-07T23:30:00Z,2026-07-08T01:30:00+0200,11281.786,MW,NL,NL,actual_load,Actual Load,2026-07-30T23:22:13Z
2026-07-30T23:20:14Z,2026-07-31T01:20:14+0200,3d9904ea-ea5b-47d7-bdee-8f06b37d7caf,2026-07-07T23:45:00Z,2026-07-08T01:45:00+0200,11299.446,MW,NL,NL,actual_load,Actual Load,2026-07-30T23:22:13Z
2026-07-30T23:20:14Z,2026-07-31T01:20:14+0200,3d9904ea-ea5b-47d7-bdee-8f06b37d7caf,2026-07-08T00:00:00Z,2026-07-08T02:00:00+0200,11195.186,MW,NL,NL,actual_load,Actual Load,2026-07-30T23:22:13Z
2026-07-30T23:20:14Z,2026-07-31T01:20:14+0200,3d9904ea-ea5b-47d7-bdee-8f06b37d7caf,2026-07-08T00:15:00Z,2026-07-08T02:15:00+0200,11139.556,MW,NL,NL,actual_load,Actual Load,2026-07-30T23:22:13Z
2026-07-30T23:20:14Z,2026-07-31T01:20:14+0200,3d9904ea-ea5b-47d7-bdee-8f06b37d7caf,2026-07-08T00:30:00Z,2026-07-08T02:30:00+0200,11118.756,MW,NL,NL,actual_load,Actual Load,2026-07-30T23:22:13Z
2026-07-30T23:20:14Z,2026-07-31T01:20:14+0200,3d9904ea-ea5b-47d7-bdee-8f06b37d7caf,2026-07-08T00:45:00Z,2026-07-08T02:45:00+0200,11092.016,MW,NL,NL,actual_load,Actual Load,2026-07-30T23:22:13Z
2026-07-30T23:20:14Z,2026-07-31T01:20:14+0200,3d9904ea-ea5b-47d7-bdee-8f06b37d7caf,2026-07-08T01:00:00Z,2026-07-08T03:00:00+0200,11070.686,MW,NL,NL,actual_load,Actual Load,2026-07-30T23:22:13Z
2026-07-30T23:20:14Z,2026-07-31T01:20:14+0200,3d9904ea-ea5b-47d7-bdee-8f06b37d7caf,2026-07-08T01:15:00Z,2026-07-08T03:15:00+0200,11128.476,MW,NL,NL,actual_load,Actual Load,2026-07-30T23:22:13Z
2026-07-30T23:20:14Z,2026-07-31T01:20:14+0200,3d9904ea-ea5b-47d7-bdee-8f06b37d7caf,2026-07-08T01:30:00Z,2026-07-08T03:30:00+0200,11043.936,MW,NL,NL,actual_load,Actual Load,2026-07-30T23:22:13Z
2026-07-30T23:20:14Z,2026-07-31T01:20:14+0200,3d9904ea-ea5b-47d7-bdee-8f06b37d7caf,2026-07-08T01:45:00Z,2026-07-08T03:45:00+0200,10996.286,MW,NL,NL,actual_load,Actual Load,2026-07-30T23:22:13Z
2026-07-30T23:20:14Z,2026-07-31T01:20:14+0200,3d9904ea-ea5b-47d7-bdee-8f06b37d7caf,2026-07-08T02:00:00Z,2026-07-08T04:00:00+0200,10995.306,MW,NL,NL,actual_load,Actual Load,2026-07-30T23:22:13Z
2026-07-30T23:20:14Z,2026-07-31T01:20:14+0200,3d9904ea-ea5b-47d7-bdee-8f06b37d7caf,2026-07-08T02:15:00Z,2026-07-08T04:15:00+0200,10893.206,MW,NL,NL,actual_load,Actual Load,2026-07-30T23:22:13Z
2026-07-30T23:20:14Z,2026-07-31T01:20:14+0200,3d9904ea-ea5b-47d7-bdee-8f06b37d7caf,2026-07-08T02:30:00Z,2026-07-08T04:30:00+0200,10809.046,MW,NL,NL,actual_load,Actual Load,2026-07-30T23:22:13Z
2026-07-30T23:20:14Z,2026-07-31T01:20:14+0200,3d9904ea-ea5b-47d7-bdee-8f06b37d7caf,2026-07-08T02:45:00Z,2026-07-08T04:45:00+0200,10775.996,MW,NL,NL,actual_load,Actual Load,2026-07-30T23:22:13Z
2026-07-30T23:20:14Z,2026-07-31T01:20:14+0200,3d9904ea-ea5b-47d7-bdee-8f06b37d7caf,2026-07-08T03:00:00Z,2026-07-08T05:00:00+0200,10767.096,MW,NL,NL,actual_load,Actual Load,2026-07-30T23:22:13Z
2026-07-30T23:20:14Z,2026-07-31T01:20:14+0200,3d9904ea-ea5b-47d7-bdee-8f06b37d7caf,2026-07-08T03:15:00Z,2026-07-08T05:15:00+0200,10721.016,MW,NL,NL,actual_load,Actual Load,2026-07-30T23:22:13Z
2026-07-30T23:20:14Z,2026-07-31T01:20:14+0200,3d9904ea-ea5b-47d7-bdee-8f06b37d7caf,2026-07-08T03:30:00Z,2026-07-08T05:30:00+0200,10705.376,MW,NL,NL,actual_load,Actual Load,2026-07-30T23:22:13Z
2026-07-30T23:20:14Z,2026-07-31T01:20:14+0200,3d9904ea-ea5b-47d7-bdee-8f06b37d7caf,2026-07-08T03:45:00Z,2026-07-08T05:45:00+0200,10600.456,MW,NL,NL,actual_load,Actual Load,2026-07-30T23:22:13Z
2026-07-30T23:20:14Z,2026-07-31T01:20:14+0200,3d9904ea-ea5b-47d7-bdee-8f06b37d7caf,2026-07-08T04:00:00Z,2026-07-08T06:00:00+0200,10509.336,MW,NL,NL,actual_load,Actual Load,2026-07-30T23:22:13Z
2026-07-30T23:20:14Z,2026-07-31T01:20:14+0200,3d9904ea-ea5b-47d7-bdee-8f06b37d7caf,2026-07-08T04:15:00Z,2026-07-08T06:15:00+0200,10400.526,MW,NL,NL,actual_load,Actual Load,2026-07-30T23:22:13Z
2026-07-30T23:20:14Z,2026-07-31T01:20:14+0200,3d9904ea-ea5b-47d7-bdee-8f06b37d7caf,2026-07-08T04:30:00Z,2026-07-08T06:30:00+0200,10294.336,MW,NL,NL,actual_load,Actual Load,2026-07-30T23:22:13Z
2026-07-30T23:20:14Z,2026-07-31T01:20:14+0200,3d9904ea-ea5b-47d7-bdee-8f06b37d7caf,2026-07-08T04:45:00Z,2026-07-08T06:45:00+0200,10370.316,MW,NL,NL,actual_load,Actual Load,2026-07-30T23:22:13Z
2026-07-30T23:20:14Z,2026-07-31T01:20:14+0200,3d9904ea-ea5b-47d7-bdee-8f06b37d7caf,2026-07-08T05:00:00Z,2026-07-08T07:00:00+0200,10502.216,MW,NL,NL,actual_load,Actual Load,2026-07-30T23:22:13Z
2026-07-30T23:20:14Z,2026-07-31T01:20:14+0200,3d9904ea-ea5b-47d7-bdee-8f06b37d7caf,2026-07-08T05:15:00Z,2026-07-08T07:15:00+0200,10636.746,MW,NL,NL,actual_load,Actual Load,2026-07-30T23:22:13Z
2026-07-30T23:20:14Z,2026-07-31T01:20:14+0200,3d9904ea-ea5b-47d7-bdee-8f06b37d7caf,2026-07-08T05:30:00Z,2026-07-08T07:30:00+0200,10646.266,MW,NL,NL,actual_load,Actual Load,2026-07-30T23:22:13Z
2026-07-30T23:20:14Z,2026-07-31T01:20:14+0200,3d9904ea-ea5b-47d7-bdee-8f06b37d7caf,2026-07-08T05:45:00Z,2026-07-08T07:45:00+0200,10695.996,MW,NL,NL,actual_load,Actual Load,2026-07-30T23:22:13Z
2026-07-30T23:20:14Z,2026-07-31T01:20:14+0200,3d9904ea-ea5b-47d7-bdee-8f06b37d7caf,2026-07-08T06:00:00Z,2026-07-08T08:00:00+0200,10781.126,MW,NL,NL,actual_load,Actual Load,2026-07-30T23:22:13Z
2026-07-30T23:20:14Z,2026-07-31T01:20:14+0200,3d9904ea-ea5b-47d7-bdee-8f06b37d7caf,2026-07-08T06:15:00Z,2026-07-08T08:15:00+0200,10380.666,MW,NL,NL,actual_load,Actual Load,2026-07-30T23:22:13Z
2026-07-30T23:20:14Z,2026-07-31T01:20:14+0200,3d9904ea-ea5b-47d7-bdee-8f06b37d7caf,2026-07-08T06:30:00Z,2026-07-08T08:30:00+0200,10388.926,MW,NL,NL,actual_load,Actual Load,2026-07-30T23:22:13Z
2026-07-30T23:20:14Z,2026-07-31T01:20:14+0200,3d9904ea-ea5b-47d7-bdee-8f06b37d7caf,2026-07-08T06:45:00Z,2026-07-08T08:45:00+0200,10301.626,MW,NL,NL,actual_load,Actual Load,2026-07-30T23:22:13Z
2026-07-30T23:20:14Z,2026-07-31T01:20:14+0200,3d9904ea-ea5b-47d7-bdee-8f06b37d7caf,2026-07-08T07:00:00Z,2026-07-08T09:00:00+0200,10213.156,MW,NL,NL,actual_load,Actual Load,2026-07-30T23:22:13Z
2026-07-30T23:20:14Z,2026-07-31T01:20:14+0200,3d9904ea-ea5b-47d7-bdee-8f06b37d7caf,2026-07-08T07:15:00Z,2026-07-08T09:15:00+0200,10157.486,MW,NL,NL,actual_load,Actual Load,2026-07-30T23:22:13Z
2026-07-30T23:20:14Z,2026-07-31T01:20:14+0200,3d9904ea-ea5b-47d7-bdee-8f06b37d7caf,2026-07-08T07:30:00Z,2026-07-08T09:30:00+0200,10190.546,MW,NL,NL,actual_load,Actual Load,2026-07-30T23:22:13Z
2026-07-30T23:20:14Z,2026-07-31T01:20:14+0200,3d9904ea-ea5b-47d7-bdee-8f06b37d7caf,2026-07-08T07:45:00Z,2026-07-08T09:45:00+0200,10054.766,MW,NL,NL,actual_load,Actual Load,2026-07-30T23:22:13Z
2026-07-30T23:20:14Z,2026-07-31T01:20:14+0200,3d9904ea-ea5b-47d7-bdee-8f06b37d7caf,2026-07-08T08:00:00Z,2026-07-08T10:00:00+0200,10249.726,MW,NL,NL,actual_load,Actual Load,2026-07-30T23:22:13Z
2026-07-30T23:20:14Z,2026-07-31T01:20:14+0200,3d9904ea-ea5b-47d7-bdee-8f06b37d7caf,2026-07-08T08:15:00Z,2026-07-08T10:15:00+0200,9861.256,MW,NL,NL,actual_load,Actual Load,2026-07-30T23:22:13Z
2026-07-30T23:20:14Z,2026-07-31T01:20:14+0200,3d9904ea-ea5b-47d7-bdee-8f06b37d7caf,2026-07-08T08:30:00Z,2026-07-08T10:30:00+0200,9551.756,MW,NL,NL,actual_load,Actual Load,2026-07-30T23:22:13Z
2026-07-30T23:20:14Z,2026-07-31T01:20:14+0200,3d9904ea-ea5b-47d7-bdee-8f06b37d7caf,2026-07-08T08:45:00Z,2026-07-08T10:45:00+0200,9259.196,MW,NL,NL,actual_load,Actual Load,2026-07-30T23:22:13Z
2026-07-30T23:20:14Z,2026-07-31T01:20:14+0200,3d9904ea-ea5b-47d7-bdee-8f06b37d7caf,2026-07-08T09:00:00Z,2026-07-08T11:00:00+0200,9239.196,MW,NL,NL,actual_load,Actual Load,2026-07-30T23:22:13Z
2026-07-30T23:20:14Z,2026-07-31T01:20:14+0200,3d9904ea-ea5b-47d7-bdee-8f06b37d7caf,2026-07-08T09:15:00Z,2026-07-08T11:15:00+0200,9386.536,MW,NL,NL,actual_load,Actual Load,2026-07-30T23:22:13Z
2026-07-30T23:20:14Z,2026-07-31T01:20:14+0200,3d9904ea-ea5b-47d7-bdee-8f06b37d7caf,2026-07-08T09:30:00Z,2026-07-08T11:30:00+0200,9332.366,MW,NL,NL,actual_load,Actual Load,2026-07-30T23:22:13Z
2026-07-30T23:20:14Z,2026-07-31T01:20:14+0200,3d9904ea-ea5b-47d7-bdee-8f06b37d7caf,2026-07-08T09:45:00Z,2026-07-08T11:45:00+0200,9210.786,MW,NL,NL,actual_load,Actual Load,2026-07-30T23:22:13Z
2026-07-30T23:20:14Z,2026-07-31T01:20:14+0200,3d9904ea-ea5b-47d7-bdee-8f06b37d7caf,2026-07-08T10:00:00Z,2026-07-08T12:00:00+0200,9055.686,MW,NL,NL,actual_load,Actual Load,2026-07-30T23:22:13Z
2026-07-30T23:20:14Z,2026-07-31T01:20:14+0200,3d9904ea-ea5b-47d7-bdee-8f06b37d7caf,2026-07-08T10:15:00Z,2026-07-08T12:15:00+0200,8967.576,MW,NL,NL,actual_load,Actual Load,2026-07-30T23:22:13Z
2026-07-30T23:20:14Z,2026-07-31T01:20:14+0200,3d9904ea-ea5b-47d7-bdee-8f06b37d7caf,2026-07-08T10:30:00Z,2026-07-08T12:30:00+0200,8731.476,MW,NL,NL,actual_load,Actual Load,2026-07-30T23:22:13Z
2026-07-30T23:20:14Z,2026-07-31T01:20:14+0200,3d9904ea-ea5b-47d7-bdee-8f06b37d7caf,2026-07-08T10:45:00Z,2026-07-08T12:45:00+0200,8504.596,MW,NL,NL,actual_load,Actual Load,2026-07-30T23:22:13Z
2026-07-30T23:20:14Z,2026-07-31T01:20:14+0200,3d9904ea-ea5b-47d7-bdee-8f06b37d7caf,2026-07-08T11:00:00Z,2026-07-08T13:00:00+0200,8417.446,MW,NL,NL,actual_load,Actual Load,2026-07-30T23:22:13Z
2026-07-30T23:20:14Z,2026-07-31T01:20:14+0200,3d9904ea-ea5b-47d7-bdee-8f06b37d7caf,2026-07-08T11:15:00Z,2026-07-08T13:15:00+0200,8737.496,MW,NL,NL,actual_load,Actual Load,2026-07-30T23:22:13Z
2026-07-30T23:20:14Z,2026-07-31T01:20:14+0200,3d9904ea-ea5b-47d7-bdee-8f06b37d7caf,2026-07-08T11:30:00Z,2026-07-08T13:30:00+0200,8747.676,MW,NL,NL,actual_load,Actual Load,2026-07-30T23:22:13Z
2026-07-30T23:20:14Z,2026-07-31T01:20:14+0200,3d9904ea-ea5b-47d7-bdee-8f06b37d7caf,2026-07-08T11:45:00Z,2026-07-08T13:45:00+0200,8534.266,MW,NL,NL,actual_load,Actual Load,2026-07-30T23:22:13Z
2026-07-30T23:20:14Z,2026-07-31T01:20:14+0200,3d9904ea-ea5b-47d7-bdee-8f06b37d7caf,2026-07-08T12:00:00Z,2026-07-08T14:00:00+0200,8276.176,MW,NL,NL,actual_load,Actual Load,2026-07-30T23:22:13Z
2026-07-30T23:20:14Z,2026-07-31T01:20:14+0200,3d9904ea-ea5b-47d7-bdee-8f06b37d7caf,2026-07-08T12:15:00Z,2026-07-08T14:15:00+0200,8195.476,MW,NL,NL,actual_load,Actual Load,2026-07-30T23:22:13Z
2026-07-30T23:20:14Z,2026-07-31T01:20:14+0200,3d9904ea-ea5b-47d7-bdee-8f06b37d7caf,2026-07-08T12:30:00Z,2026-07-08T14:30:00+0200,7991.046,MW,NL,NL,actual_load,Actual Load,2026-07-30T23:22:13Z
2026-07-30T23:20:14Z,2026-07-31T01:20:14+0200,3d9904ea-ea5b-47d7-bdee-8f06b37d7caf,2026-07-08T12:45:00Z,2026-07-08T14:45:00+0200,8148.746,MW,NL,NL,actual_load,Actual Load,2026-07-30T23:22:13Z
2026-07-30T23:20:14Z,2026-07-31T01:20:14+0200,3d9904ea-ea5b-47d7-bdee-8f06b37d7caf,2026-07-08T13:00:00Z,2026-07-08T15:00:00+0200,8284.496,MW,NL,NL,actual_load,Actual Load,2026-07-30T23:22:13Z
2026-07-30T23:20:14Z,2026-07-31T01:20:14+0200,3d9904ea-ea5b-47d7-bdee-8f06b37d7caf,2026-07-08T13:15:00Z,2026-07-08T15:15:00+0200,8012.036,MW,NL,NL,actual_load,Actual Load,2026-07-30T23:22:13Z
2026-07-30T23:20:14Z,2026-07-31T01:20:14+0200,3d9904ea-ea5b-47d7-bdee-8f06b37d7caf,2026-07-08T13:30:00Z,2026-07-08T15:30:00+0200,7761.496,MW,NL,NL,actual_load,Actual Load,2026-07-30T23:22:13Z
2026-07-30T23:20:14Z,2026-07-31T01:20:14+0200,3d9904ea-ea5b-47d7-bdee-8f06b37d7caf,2026-07-08T13:45:00Z,2026-07-08T15:45:00+0200,7986.666,MW,NL,NL,actual_load,Actual Load,2026-07-30T23:22:13Z
2026-07-30T23:20:14Z,2026-07-31T01:20:14+0200,3d9904ea-ea5b-47d7-bdee-8f06b37d7caf,2026-07-08T14:00:00Z,2026-07-08T16:00:00+0200,8107.296,MW,NL,NL,actual_load,Actual Load,2026-07-30T23:22:13Z
2026-07-30T23:20:14Z,2026-07-31T01:20:14+0200,3d9904ea-ea5b-47d7-bdee-8f06b37d7caf,2026-07-08T14:15:00Z,2026-07-08T16:15:00+0200,8339.046,MW,NL,NL,actual_load,Actual Load,2026-07-30T23:22:13Z
2026-07-30T23:20:14Z,2026-07-31T01:20:14+0200,3d9904ea-ea5b-47d7-bdee-8f06b37d7caf,2026-07-08T14:30:00Z,2026-07-08T16:30:00+0200,8336.816,MW,NL,NL,actual_load,Actual Load,2026-07-30T23:22:13Z
2026-07-30T23:20:14Z,2026-07-31T01:20:14+0200,3d9904ea-ea5b-47d7-bdee-8f06b37d7caf,2026-07-08T14:45:00Z,2026-07-08T16:45:00+0200,8377.146,MW,NL,NL,actual_load,Actual Load,2026-07-30T23:22:13Z
2026-07-30T23:20:14Z,2026-07-31T01:20:14+0200,3d9904ea-ea5b-47d7-bdee-8f06b37d7caf,2026-07-08T15:00:00Z,2026-07-08T17:00:00+0200,8431.106,MW,NL,NL,actual_load,Actual Load,2026-07-30T23:22:13Z
2026-07-30T23:20:14Z,2026-07-31T01:20:14+0200,3d9904ea-ea5b-47d7-bdee-8f06b37d7caf,2026-07-08T15:15:00Z,2026-07-08T17:15:00+0200,8586.066,MW,NL,NL,actual_load,Actual Load,2026-07-30T23:22:13Z
2026-07-30T23:20:14Z,2026-07-31T01:20:14+0200,3d9904ea-ea5b-47d7-bdee-8f06b37d7caf,2026-07-08T15:30:00Z,2026-07-08T17:30:00+0200,8783.886,MW,NL,NL,actual_load,Actual Load,2026-07-30T23:22:13Z
2026-07-30T23:20:14Z,2026-07-31T01:20:14+0200,3d9904ea-ea5b-47d7-bdee-8f06b37d7caf,2026-07-08T15:45:00Z,2026-07-08T17:45:00+0200,8824.956,MW,NL,NL,actual_load,Actual Load,2026-07-30T23:22:13Z
2026-07-30T23:20:14Z,2026-07-31T01:20:14+0200,3d9904ea-ea5b-47d7-bdee-8f06b37d7caf,2026-07-08T16:00:00Z,2026-07-08T18:00:00+0200,8827.766,MW,NL,NL,actual_load,Actual Load,2026-07-30T23:22:13Z
2026-07-30T23:20:14Z,2026-07-31T01:20:14+0200,3d9904ea-ea5b-47d7-bdee-8f06b37d7caf,2026-07-08T16:15:00Z,2026-07-08T18:15:00+0200,8945.346,MW,NL,NL,actual_load,Actual Load,2026-07-30T23:22:13Z
2026-07-30T23:20:14Z,2026-07-31T01:20:14+0200,3d9904ea-ea5b-47d7-bdee-8f06b37d7caf,2026-07-08T16:30:00Z,2026-07-08T18:30:00+0200,9301.606,MW,NL,NL,actual_load,Actual Load,2026-07-30T23:22:13Z
2026-07-30T23:20:14Z,2026-07-31T01:20:14+0200,3d9904ea-ea5b-47d7-bdee-8f06b37d7caf,2026-07-08T16:45:00Z,2026-07-08T18:45:00+0200,9450.886,MW,NL,NL,actual_load,Actual Load,2026-07-30T23:22:13Z
2026-07-30T23:20:14Z,2026-07-31T01:20:14+0200,3d9904ea-ea5b-47d7-bdee-8f06b37d7caf,2026-07-08T17:00:00Z,2026-07-08T19:00:00+0200,9410.286,MW,NL,NL,actual_load,Actual Load,2026-07-30T23:22:13Z
2026-07-30T23:20:14Z,2026-07-31T01:20:14+0200,3d9904ea-ea5b-47d7-bdee-8f06b37d7caf,2026-07-08T17:15:00Z,2026-07-08T19:15:00+0200,9610.816,MW,NL,NL,actual_load,Actual Load,2026-07-30T23:22:13Z
2026-07-30T23:20:14Z,2026-07-31T01:20:14+0200,3d9904ea-ea5b-47d7-bdee-8f06b37d7caf,2026-07-08T17:30:00Z,2026-07-08T19:30:00+0200,9859.026,MW,NL,NL,actual_load,Actual Load,2026-07-30T23:22:13Z
2026-07-30T23:20:14Z,2026-07-31T01:20:14+0200,3d9904ea-ea5b-47d7-bdee-8f06b37d7caf,2026-07-08T17:45:00Z,2026-07-08T19:45:00+0200,10082.806,MW,NL,NL,actual_load,Actual Load,2026-07-30T23:22:13Z
2026-07-30T23:20:14Z,2026-07-31T01:20:14+0200,3d9904ea-ea5b-47d7-bdee-8f06b37d7caf,2026-07-08T18:00:00Z,2026-07-08T20:00:00+0200,10231.816,MW,NL,NL,actual_load,Actual Load,2026-07-30T23:22:13Z
2026-07-30T23:20:14Z,2026-07-31T01:20:14+0200,3d9904ea-ea5b-47d7-bdee-8f06b37d7caf,2026-07-08T18:15:00Z,2026-07-08T20:15:00+0200,10629.456,MW,NL,NL,actual_load,Actual Load,2026-07-30T23:22:13Z
2026-07-30T23:20:14Z,2026-07-31T01:20:14+0200,3d9904ea-ea5b-47d7-bdee-8f06b37d7caf,2026-07-08T18:30:00Z,2026-07-08T20:30:00+0200,10934.326,MW,NL,NL,actual_load,Actual Load,2026-07-30T23:22:13Z
2026-07-30T23:20:14Z,2026-07-31T01:20:14+0200,3d9904ea-ea5b-47d7-bdee-8f06b37d7caf,2026-07-08T18:45:00Z,2026-07-08T20:45:00+0200,11140.976,MW,NL,NL,actual_load,Actual Load,2026-07-30T23:22:13Z
2026-07-30T23:20:14Z,2026-07-31T01:20:14+0200,3d9904ea-ea5b-47d7-bdee-8f06b37d7caf,2026-07-08T19:00:00Z,2026-07-08T21:00:00+0200,11245.836,MW,NL,NL,actual_load,Actual Load,2026-07-30T23:22:13Z
2026-07-30T23:20:14Z,2026-07-31T01:20:14+0200,3d9904ea-ea5b-47d7-bdee-8f06b37d7caf,2026-07-08T19:15:00Z,2026-07-08T21:15:00+0200,11494.986,MW,NL,NL,actual_load,Actual Load,2026-07-30T23:22:13Z
2026-07-30T23:20:14Z,2026-07-31T01:20:14+0200,3d9904ea-ea5b-47d7-bdee-8f06b37d7caf,2026-07-08T19:30:00Z,2026-07-08T21:30:00+0200,11704.456,MW,NL,NL,actual_load,Actual Load,2026-07-30T23:22:13Z
2026-07-30T23:20:14Z,2026-07-31T01:20:14+0200,3d9904ea-ea5b-47d7-bdee-8f06b37d7caf,2026-07-08T19:45:00Z,2026-07-08T21:45:00+0200,11764.136,MW,NL,NL,actual_load,Actual Load,2026-07-30T23:22:13Z
2026-07-30T23:20:14Z,2026-07-31T01:20:14+0200,3d9904ea-ea5b-47d7-bdee-8f06b37d7caf,2026-07-08T20:00:00Z,2026-07-08T22:00:00+0200,11814.666,MW,NL,NL,actual_load,Actual Load,2026-07-30T23:22:13Z
2026-07-30T23:20:14Z,2026-07-31T01:20:14+0200,3d9904ea-ea5b-47d7-bdee-8f06b37d7caf,2026-07-08T20:15:00Z,2026-07-08T22:15:00+0200,11937.336,MW,NL,NL,actual_load,Actual Load,2026-07-30T23:22:13Z
2026-07-30T23:20:14Z,2026-07-31T01:20:14+0200,3d9904ea-ea5b-47d7-bdee-8f06b37d7caf,2026-07-08T20:30:00Z,2026-07-08T22:30:00+0200,11977.296,MW,NL,NL,actual_load,Actual Load,2026-07-30T23:22:13Z
2026-07-30T23:20:14Z,2026-07-31T01:20:14+0200,3d9904ea-ea5b-47d7-bdee-8f06b37d7caf,2026-07-08T20:45:00Z,2026-07-08T22:45:00+0200,12057.296,MW,NL,NL,actual_load,Actual Load,2026-07-30T23:22:13Z
2026-07-30T23:20:14Z,2026-07-31T01:20:14+0200,3d9904ea-ea5b-47d7-bdee-8f06b37d7caf,2026-07-08T21:00:00Z,2026-07-08T23:00:00+0200,11943.416,MW,NL,NL,actual_load,Actual Load,2026-07-30T23:22:13Z
2026-07-30T23:20:14Z,2026-07-31T01:20:14+0200,3d9904ea-ea5b-47d7-bdee-8f06b37d7caf,2026-07-08T21:15:00Z,2026-07-08T23:15:00+0200,11878.306,MW,NL,NL,actual_load,Actual Load,2026-07-30T23:22:13Z
2026-07-30T23:20:14Z,2026-07-31T01:20:14+0200,3d9904ea-ea5b-47d7-bdee-8f06b37d7caf,2026-07-08T21:30:00Z,2026-07-08T23:30:00+0200,11818.196,MW,NL,NL,actual_load,Actual Load,2026-07-30T23:22:13Z
2026-07-30T23:20:14Z,2026-07-31T01:20:14+0200,3d9904ea-ea5b-47d7-bdee-8f06b37d7caf,2026-07-08T21:45:00Z,2026-07-08T23:45:00+0200,11711.286,MW,NL,NL,actual_load,Actual Load,2026-07-30T23:22:13Z
2026-07-30T23:20:14Z,2026-07-31T01:20:14+0200,3d9904ea-ea5b-47d7-bdee-8f06b37d7caf,2026-07-08T22:00:00Z,2026-07-09T00:00:00+0200,11667.846,MW,NL,NL,actual_load,Actual Load,2026-07-30T23:22:13Z
2026-07-30T23:20:14Z,2026-07-31T01:20:14+0200,3d9904ea-ea5b-47d7-bdee-8f06b37d7caf,2026-07-08T22:15:00Z,2026-07-09T00:15:00+0200,11714.796,MW,NL,NL,actual_load,Actual Load,2026-07-30T23:22:13Z
2026-07-30T23:20:14Z,2026-07-31T01:20:14+0200,3d9904ea-ea5b-47d7-bdee-8f06b37d7caf,2026-07-08T22:30:00Z,2026-07-09T00:30:00+0200,11574.856,MW,NL,NL,actual_load,Actual Load,2026-07-30T23:22:13Z
2026-07-30T23:20:14Z,2026-07-31T01:20:14+0200,3d9904ea-ea5b-47d7-bdee-8f06b37d7caf,2026-07-08T22:45:00Z,2026-07-09T00:45:00+0200,11412.266,MW,NL,NL,actual_load,Actual Load,2026-07-30T23:22:13Z
2026-07-30T23:20:14Z,2026-07-31T01:20:14+0200,3d9904ea-ea5b-47d7-bdee-8f06b37d7caf,2026-07-08T23:00:00Z,2026-07-09T01:00:00+0200,11337.626,MW,NL,NL,actual_load,Actual Load,2026-07-30T23:22:13Z
2026-07-30T23:20:14Z,2026-07-31T01:20:14+0200,3d9904ea-ea5b-47d7-bdee-8f06b37d7caf,2026-07-08T23:15:00Z,2026-07-09T01:15:00+0200,11261.096,MW,NL,NL,actual_load,Actual Load,2026-07-30T23:22:13Z
2026-07-30T23:20:14Z,2026-07-31T01:20:14+0200,3d9904ea-ea5b-47d7-bdee-8f06b37d7caf,2026-07-08T23:30:00Z,2026-07-09T01:30:00+0200,11187.396,MW,NL,NL,actual_load,Actual Load,2026-07-30T23:22:13Z
2026-07-30T23:20:14Z,2026-07-31T01:20:14+0200,3d9904ea-ea5b-47d7-bdee-8f06b37d7caf,2026-07-08T23:45:00Z,2026-07-09T01:45:00+0200,11138.476,MW,NL,NL,actual_load,Actual Load,2026-07-30T23:22:13Z
2026-07-30T23:20:14Z,2026-07-31T01:20:14+0200,3d9904ea-ea5b-47d7-bdee-8f06b37d7caf,2026-07-09T00:00:00Z,2026-07-09T02:00:00+0200,11054.336,MW,NL,NL,actual_load,Actual Load,2026-07-30T23:22:13Z
2026-07-30T23:20:14Z,2026-07-31T01:20:14+0200,3d9904ea-ea5b-47d7-bdee-8f06b37d7caf,2026-07-09T00:15:00Z,2026-07-09T02:15:00+0200,11031.166,MW,NL,NL,actual_load,Actual Load,2026-07-30T23:22:13Z
2026-07-30T23:20:14Z,2026-07-31T01:20:14+0200,3d9904ea-ea5b-47d7-bdee-8f06b37d7caf,2026-07-09T00:30:00Z,2026-07-09T02:30:00+0200,10879.996,MW,NL,NL,actual_load,Actual Load,2026-07-30T23:22:13Z
2026-07-30T23:20:14Z,2026-07-31T01:20:14+0200,3d9904ea-ea5b-47d7-bdee-8f06b37d7caf,2026-07-09T00:45:00Z,2026-07-09T02:45:00+0200,10865.856,MW,NL,NL,actual_load,Actual Load,2026-07-30T23:22:13Z
2026-07-30T23:20:14Z,2026-07-31T01:20:14+0200,3d9904ea-ea5b-47d7-bdee-8f06b37d7caf,2026-07-09T01:00:00Z,2026-07-09T03:00:00+0200,10919.876,MW,NL,NL,actual_load,Actual Load,2026-07-30T23:22:13Z
2026-07-30T23:20:14Z,2026-07-31T01:20:14+0200,3d9904ea-ea5b-47d7-bdee-8f06b37d7caf,2026-07-09T01:15:00Z,2026-07-09T03:15:00+0200,10945.406,MW,NL,NL,actual_load,Actual Load,2026-07-30T23:22:13Z
2026-07-30T23:20:14Z,2026-07-31T01:20:14+0200,3d9904ea-ea5b-47d7-bdee-8f06b37d7caf,2026-07-09T01:30:00Z,2026-07-09T03:30:00+0200,10900.156,MW,NL,NL,actual_load,Actual Load,2026-07-30T23:22:13Z
2026-07-30T23:20:14Z,2026-07-31T01:20:14+0200,3d9904ea-ea5b-47d7-bdee-8f06b37d7caf,2026-07-09T01:45:00Z,2026-07-09T03:45:00+0200,10895.936,MW,NL,NL,actual_load,Actual Load,2026-07-30T23:22:13Z
2026-07-30T23:20:14Z,2026-07-31T01:20:14+0200,3d9904ea-ea5b-47d7-bdee-8f06b37d7caf,2026-07-09T02:00:00Z,2026-07-09T04:00:00+0200,10857.186,MW,NL,NL,actual_load,Actual Load,2026-07-30T23:22:13Z
2026-07-30T23:20:14Z,2026-07-31T01:20:14+0200,3d9904ea-ea5b-47d7-bdee-8f06b37d7caf,2026-07-09T02:15:00Z,2026-07-09T04:15:00+0200,10862.456,MW,NL,NL,actual_load,Actual Load,2026-07-30T23:22:13Z
2026-07-30T23:20:14Z,2026-07-31T01:20:14+0200,3d9904ea-ea5b-47d7-bdee-8f06b37d7caf,2026-07-09T02:30:00Z,2026-07-09T04:30:00+0200,10761.096,MW,NL,NL,actual_load,Actual Load,2026-07-30T23:22:13Z
2026-07-30T23:20:14Z,2026-07-31T01:20:14+0200,3d9904ea-ea5b-47d7-bdee-8f06b37d7caf,2026-07-09T02:45:00Z,2026-07-09T04:45:00+0200,10776.436,MW,NL,NL,actual_load,Actual Load,2026-07-30T23:22:13Z
2026-07-30T23:20:14Z,2026-07-31T01:20:14+0200,3d9904ea-ea5b-47d7-bdee-8f06b37d7caf,2026-07-09T03:00:00Z,2026-07-09T05:00:00+0200,10720.896,MW,NL,NL,actual_load,Actual Load,2026-07-30T23:22:13Z
2026-07-30T23:20:14Z,2026-07-31T01:20:14+0200,3d9904ea-ea5b-47d7-bdee-8f06b37d7caf,2026-07-09T03:15:00Z,2026-07-09T05:15:00+0200,10530.726,MW,NL,NL,actual_load,Actual Load,2026-07-30T23:22:13Z
2026-07-30T23:20:14Z,2026-07-31T01:20:14+0200,3d9904ea-ea5b-47d7-bdee-8f06b37d7caf,2026-07-09T03:30:00Z,2026-07-09T05:30:00+0200,10486.726,MW,NL,NL,actual_load,Actual Load,2026-07-30T23:22:13Z
2026-07-30T23:20:14Z,2026-07-31T01:20:14+0200,3d9904ea-ea5b-47d7-bdee-8f06b37d7caf,2026-07-09T03:45:00Z,2026-07-09T05:45:00+0200,10515.936,MW,NL,NL,actual_load,Actual Load,2026-07-30T23:22:13Z
2026-07-30T23:20:14Z,2026-07-31T01:20:14+0200,3d9904ea-ea5b-47d7-bdee-8f06b37d7caf,2026-07-09T04:00:00Z,2026-07-09T06:00:00+0200,10410.006,MW,NL,NL,actual_load,Actual Load,2026-07-30T23:22:13Z
2026-07-30T23:20:14Z,2026-07-31T01:20:14+0200,3d9904ea-ea5b-47d7-bdee-8f06b37d7caf,2026-07-09T04:15:00Z,2026-07-09T06:15:00+0200,10324.256,MW,NL,NL,actual_load,Actual Load,2026-07-30T23:22:13Z
2026-07-30T23:20:14Z,2026-07-31T01:20:14+0200,3d9904ea-ea5b-47d7-bdee-8f06b37d7caf,2026-07-09T04:30:00Z,2026-07-09T06:30:00+0200,10347.356,MW,NL,NL,actual_load,Actual Load,2026-07-30T23:22:13Z
2026-07-30T23:20:14Z,2026-07-31T01:20:14+0200,3d9904ea-ea5b-47d7-bdee-8f06b37d7caf,2026-07-09T04:45:00Z,2026-07-09T06:45:00+0200,10338.746,MW,NL,NL,actual_load,Actual Load,2026-07-30T23:22:13Z
2026-07-30T23:20:14Z,2026-07-31T01:20:14+0200,3d9904ea-ea5b-47d7-bdee-8f06b37d7caf,2026-07-09T05:00:00Z,2026-07-09T07:00:00+0200,10371.176,MW,NL,NL,actual_load,Actual Load,2026-07-30T23:22:13Z
2026-07-30T23:20:14Z,2026-07-31T01:20:14+0200,3d9904ea-ea5b-47d7-bdee-8f06b37d7caf,2026-07-09T05:15:00Z,2026-07-09T07:15:00+0200,10094.956,MW,NL,NL,actual_load,Actual Load,2026-07-30T23:22:13Z
2026-07-30T23:20:14Z,2026-07-31T01:20:14+0200,3d9904ea-ea5b-47d7-bdee-8f06b37d7caf,2026-07-09T05:30:00Z,2026-07-09T07:30:00+0200,10020.116,MW,NL,NL,actual_load,Actual Load,2026-07-30T23:22:13Z
2026-07-30T23:20:14Z,2026-07-31T01:20:14+0200,3d9904ea-ea5b-47d7-bdee-8f06b37d7caf,2026-07-09T05:45:00Z,2026-07-09T07:45:00+0200,10005.576,MW,NL,NL,actual_load,Actual Load,2026-07-30T23:22:13Z
2026-07-30T23:20:14Z,2026-07-31T01:20:14+0200,3d9904ea-ea5b-47d7-bdee-8f06b37d7caf,2026-07-09T06:00:00Z,2026-07-09T08:00:00+0200,9790.416,MW,NL,NL,actual_load,Actual Load,2026-07-30T23:22:13Z
2026-07-30T23:20:14Z,2026-07-31T01:20:14+0200,3d9904ea-ea5b-47d7-bdee-8f06b37d7caf,2026-07-09T06:15:00Z,2026-07-09T08:15:00+0200,9252.266,MW,NL,NL,actual_load,Actual Load,2026-07-30T23:22:13Z
2026-07-30T23:20:14Z,2026-07-31T01:20:14+0200,3d9904ea-ea5b-47d7-bdee-8f06b37d7caf,2026-07-09T06:30:00Z,2026-07-09T08:30:00+0200,9025.206,MW,NL,NL,actual_load,Actual Load,2026-07-30T23:22:13Z
2026-07-30T23:20:14Z,2026-07-31T01:20:14+0200,3d9904ea-ea5b-47d7-bdee-8f06b37d7caf,2026-07-09T06:45:00Z,2026-07-09T08:45:00+0200,8781.666,MW,NL,NL,actual_load,Actual Load,2026-07-30T23:22:13Z
2026-07-30T23:20:14Z,2026-07-31T01:20:14+0200,3d9904ea-ea5b-47d7-bdee-8f06b37d7caf,2026-07-09T07:00:00Z,2026-07-09T09:00:00+0200,8679.426,MW,NL,NL,actual_load,Actual Load,2026-07-30T23:22:13Z
2026-07-30T23:20:14Z,2026-07-31T01:20:14+0200,3d9904ea-ea5b-47d7-bdee-8f06b37d7caf,2026-07-09T07:15:00Z,2026-07-09T09:15:00+0200,8626.076,MW,NL,NL,actual_load,Actual Load,2026-07-30T23:22:13Z
2026-07-30T23:20:14Z,2026-07-31T01:20:14+0200,3d9904ea-ea5b-47d7-bdee-8f06b37d7caf,2026-07-09T07:30:00Z,2026-07-09T09:30:00+0200,8421.596,MW,NL,NL,actual_load,Actual Load,2026-07-30T23:22:13Z
2026-07-30T23:20:14Z,2026-07-31T01:20:14+0200,3d9904ea-ea5b-47d7-bdee-8f06b37d7caf,2026-07-09T07:45:00Z,2026-07-09T09:45:00+0200,8063.996,MW,NL,NL,actual_load,Actual Load,2026-07-30T23:22:13Z
2026-07-30T23:20:14Z,2026-07-31T01:20:14+0200,3d9904ea-ea5b-47d7-bdee-8f06b37d7caf,2026-07-09T08:00:00Z,2026-07-09T10:00:00+0200,8215.776,MW,NL,NL,actual_load,Actual Load,2026-07-30T23:22:13Z
2026-07-30T23:20:14Z,2026-07-31T01:20:14+0200,3d9904ea-ea5b-47d7-bdee-8f06b37d7caf,2026-07-09T08:15:00Z,2026-07-09T10:15:00+0200,7488.106,MW,NL,NL,actual_load,Actual Load,2026-07-30T23:22:13Z
2026-07-30T23:20:14Z,2026-07-31T01:20:14+0200,3d9904ea-ea5b-47d7-bdee-8f06b37d7caf,2026-07-09T08:30:00Z,2026-07-09T10:30:00+0200,6892.296,MW,NL,NL,actual_load,Actual Load,2026-07-30T23:22:13Z
2026-07-30T23:20:14Z,2026-07-31T01:20:14+0200,3d9904ea-ea5b-47d7-bdee-8f06b37d7caf,2026-07-09T08:45:00Z,2026-07-09T10:45:00+0200,6709.656,MW,NL,NL,actual_load,Actual Load,2026-07-30T23:22:13Z
2026-07-30T23:20:14Z,2026-07-31T01:20:14+0200,3d9904ea-ea5b-47d7-bdee-8f06b37d7caf,2026-07-09T09:00:00Z,2026-07-09T11:00:00+0200,6341.296,MW,NL,NL,actual_load,Actual Load,2026-07-30T23:22:13Z
2026-07-30T23:20:14Z,2026-07-31T01:20:14+0200,3d9904ea-ea5b-47d7-bdee-8f06b37d7caf,2026-07-09T09:15:00Z,2026-07-09T11:15:00+0200,6003.516,MW,NL,NL,actual_load,Actual Load,2026-07-30T23:22:13Z
2026-07-30T23:20:14Z,2026-07-31T01:20:14+0200,3d9904ea-ea5b-47d7-bdee-8f06b37d7caf,2026-07-09T09:30:00Z,2026-07-09T11:30:00+0200,5768.926,MW,NL,NL,actual_load,Actual Load,2026-07-30T23:22:13Z
2026-07-30T23:20:14Z,2026-07-31T01:20:14+0200,3d9904ea-ea5b-47d7-bdee-8f06b37d7caf,2026-07-09T09:45:00Z,2026-07-09T11:45:00+0200,5609.646,MW,NL,NL,actual_load,Actual Load,2026-07-30T23:22:13Z
2026-07-30T23:20:14Z,2026-07-31T01:20:14+0200,3d9904ea-ea5b-47d7-bdee-8f06b37d7caf,2026-07-09T10:00:00Z,2026-07-09T12:00:00+0200,5449.226,MW,NL,NL,actual_load,Actual Load,2026-07-30T23:22:13Z
2026-07-30T23:20:14Z,2026-07-31T01:20:14+0200,3d9904ea-ea5b-47d7-bdee-8f06b37d7caf,2026-07-09T10:15:00Z,2026-07-09T12:15:00+0200,5384.726,MW,NL,NL,actual_load,Actual Load,2026-07-30T23:22:13Z
2026-07-30T23:20:14Z,2026-07-31T01:20:14+0200,3d9904ea-ea5b-47d7-bdee-8f06b37d7caf,2026-07-09T10:30:00Z,2026-07-09T12:30:00+0200,5309.436,MW,NL,NL,actual_load,Actual Load,2026-07-30T23:22:13Z
2026-07-30T23:20:14Z,2026-07-31T01:20:14+0200,3d9904ea-ea5b-47d7-bdee-8f06b37d7caf,2026-07-09T10:45:00Z,2026-07-09T12:45:00+0200,5094.476,MW,NL,NL,actual_load,Actual Load,2026-07-30T23:22:13Z
2026-07-30T23:20:14Z,2026-07-31T01:20:14+0200,3d9904ea-ea5b-47d7-bdee-8f06b37d7caf,2026-07-09T11:00:00Z,2026-07-09T13:00:00+0200,4835.856,MW,NL,NL,actual_load,Actual Load,2026-07-30T23:22:13Z
2026-07-30T23:20:14Z,2026-07-31T01:20:14+0200,3d9904ea-ea5b-47d7-bdee-8f06b37d7caf,2026-07-09T11:15:00Z,2026-07-09T13:15:00+0200,4745.756,MW,NL,NL,actual_load,Actual Load,2026-07-30T23:22:13Z
2026-07-30T23:20:14Z,2026-07-31T01:20:14+0200,3d9904ea-ea5b-47d7-bdee-8f06b37d7caf,2026-07-09T11:30:00Z,2026-07-09T13:30:00+0200,4398.945,MW,NL,NL,actual_load,Actual Load,2026-07-30T23:22:13Z
2026-07-30T23:20:14Z,2026-07-31T01:20:14+0200,3d9904ea-ea5b-47d7-bdee-8f06b37d7caf,2026-07-09T11:45:00Z,2026-07-09T13:45:00+0200,4247.271,MW,NL,NL,actual_load,Actual Load,2026-07-30T23:22:13Z
2026-07-30T23:20:14Z,2026-07-31T01:20:14+0200,3d9904ea-ea5b-47d7-bdee-8f06b37d7caf,2026-07-09T12:00:00Z,2026-07-09T14:00:00+0200,4307.861,MW,NL,NL,actual_load,Actual Load,2026-07-30T23:22:13Z
2026-07-30T23:20:14Z,2026-07-31T01:20:14+0200,3d9904ea-ea5b-47d7-bdee-8f06b37d7caf,2026-07-09T12:15:00Z,2026-07-09T14:15:00+0200,4133.366,MW,NL,NL,actual_load,Actual Load,2026-07-30T23:22:13Z
2026-07-30T23:20:14Z,2026-07-31T01:20:14+0200,3d9904ea-ea5b-47d7-bdee-8f06b37d7caf,2026-07-09T12:30:00Z,2026-07-09T14:30:00+0200,3828.554,MW,NL,NL,actual_load,Actual Load,2026-07-30T23:22:13Z
2026-07-30T23:20:14Z,2026-07-31T01:20:14+0200,3d9904ea-ea5b-47d7-bdee-8f06b37d7caf,2026-07-09T12:45:00Z,2026-07-09T14:45:00+0200,3665.625,MW,NL,NL,actual_load,Actual Load,2026-07-30T23:22:13Z
2026-07-30T23:20:14Z,2026-07-31T01:20:14+0200,3d9904ea-ea5b-47d7-bdee-8f06b37d7caf,2026-07-09T13:00:00Z,2026-07-09T15:00:00+0200,3662.542,MW,NL,NL,actual_load,Actual Load,2026-07-30T23:22:13Z
2026-07-30T23:20:14Z,2026-07-31T01:20:14+0200,3d9904ea-ea5b-47d7-bdee-8f06b37d7caf,2026-07-09T13:15:00Z,2026-07-09T15:15:00+0200,3629.001,MW,NL,NL,actual_load,Actual Load,2026-07-30T23:22:13Z
2026-07-30T23:20:14Z,2026-07-31T01:20:14+0200,3d9904ea-ea5b-47d7-bdee-8f06b37d7caf,2026-07-09T13:30:00Z,2026-07-09T15:30:00+0200,3775.177,MW,NL,NL,actual_load,Actual Load,2026-07-30T23:22:13Z
2026-07-30T23:20:14Z,2026-07-31T01:20:14+0200,3d9904ea-ea5b-47d7-bdee-8f06b37d7caf,2026-07-09T13:45:00Z,2026-07-09T15:45:00+0200,3883.319,MW,NL,NL,actual_load,Actual Load,2026-07-30T23:22:13Z
2026-07-30T23:20:14Z,2026-07-31T01:20:14+0200,3d9904ea-ea5b-47d7-bdee-8f06b37d7caf,2026-07-09T14:00:00Z,2026-07-09T16:00:00+0200,3889.947,MW,NL,NL,actual_load,Actual Load,2026-07-30T23:22:13Z
2026-07-30T23:20:14Z,2026-07-31T01:20:14+0200,3d9904ea-ea5b-47d7-bdee-8f06b37d7caf,2026-07-09T14:15:00Z,2026-07-09T16:15:00+0200,4030.367,MW,NL,NL,actual_load,Actual Load,2026-07-30T23:22:13Z
2026-07-30T23:20:14Z,2026-07-31T01:20:14+0200,3d9904ea-ea5b-47d7-bdee-8f06b37d7caf,2026-07-09T14:30:00Z,2026-07-09T16:30:00+0200,4202.723,MW,NL,NL,actual_load,Actual Load,2026-07-30T23:22:13Z
2026-07-30T23:20:14Z,2026-07-31T01:20:14+0200,3d9904ea-ea5b-47d7-bdee-8f06b37d7caf,2026-07-09T14:45:00Z,2026-07-09T16:45:00+0200,4627.409,MW,NL,NL,actual_load,Actual Load,2026-07-30T23:22:13Z
2026-07-30T23:20:14Z,2026-07-31T01:20:14+0200,3d9904ea-ea5b-47d7-bdee-8f06b37d7caf,2026-07-09T15:00:00Z,2026-07-09T17:00:00+0200,4986.746,MW,NL,NL,actual_load,Actual Load,2026-07-30T23:22:13Z
2026-07-30T23:20:14Z,2026-07-31T01:20:14+0200,3d9904ea-ea5b-47d7-bdee-8f06b37d7caf,2026-07-09T15:15:00Z,2026-07-09T17:15:00+0200,5422.836,MW,NL,NL,actual_load,Actual Load,2026-07-30T23:22:13Z
2026-07-30T23:20:14Z,2026-07-31T01:20:14+0200,3d9904ea-ea5b-47d7-bdee-8f06b37d7caf,2026-07-09T15:30:00Z,2026-07-09T17:30:00+0200,5758.446,MW,NL,NL,actual_load,Actual Load,2026-07-30T23:22:13Z
2026-07-30T23:20:14Z,2026-07-31T01:20:14+0200,3d9904ea-ea5b-47d7-bdee-8f06b37d7caf,2026-07-09T15:45:00Z,2026-07-09T17:45:00+0200,6144.116,MW,NL,NL,actual_load,Actual Load,2026-07-30T23:22:13Z
2026-07-30T23:20:14Z,2026-07-31T01:20:14+0200,3d9904ea-ea5b-47d7-bdee-8f06b37d7caf,2026-07-09T16:00:00Z,2026-07-09T18:00:00+0200,6599.196,MW,NL,NL,actual_load,Actual Load,2026-07-30T23:22:13Z
2026-07-30T23:20:14Z,2026-07-31T01:20:14+0200,3d9904ea-ea5b-47d7-bdee-8f06b37d7caf,2026-07-09T16:15:00Z,2026-07-09T18:15:00+0200,7139.826,MW,NL,NL,actual_load,Actual Load,2026-07-30T23:22:13Z
2026-07-30T23:20:14Z,2026-07-31T01:20:14+0200,3d9904ea-ea5b-47d7-bdee-8f06b37d7caf,2026-07-09T16:30:00Z,2026-07-09T18:30:00+0200,7602.696,MW,NL,NL,actual_load,Actual Load,2026-07-30T23:22:13Z
2026-07-30T23:20:14Z,2026-07-31T01:20:14+0200,3d9904ea-ea5b-47d7-bdee-8f06b37d7caf,2026-07-09T16:45:00Z,2026-07-09T18:45:00+0200,8105.576,MW,NL,NL,actual_load,Actual Load,2026-07-30T23:22:13Z
2026-07-30T23:20:14Z,2026-07-31T01:20:14+0200,3d9904ea-ea5b-47d7-bdee-8f06b37d7caf,2026-07-09T17:00:00Z,2026-07-09T19:00:00+0200,8419.666,MW,NL,NL,actual_load,Actual Load,2026-07-30T23:22:13Z
2026-07-30T23:20:14Z,2026-07-31T01:20:14+0200,3d9904ea-ea5b-47d7-bdee-8f06b37d7caf,2026-07-09T17:15:00Z,2026-07-09T19:15:00+0200,8725.296,MW,NL,NL,actual_load,Actual Load,2026-07-30T23:22:13Z
2026-07-30T23:20:14Z,2026-07-31T01:20:14+0200,3d9904ea-ea5b-47d7-bdee-8f06b37d7caf,2026-07-09T17:30:00Z,2026-07-09T19:30:00+0200,9310.276,MW,NL,NL,actual_load,Actual Load,2026-07-30T23:22:13Z
2026-07-30T23:20:14Z,2026-07-31T01:20:14+0200,3d9904ea-ea5b-47d7-bdee-8f06b37d7caf,2026-07-09T17:45:00Z,2026-07-09T19:45:00+0200,9768.076,MW,NL,NL,actual_load,Actual Load,2026-07-30T23:22:13Z
2026-07-30T23:20:14Z,2026-07-31T01:20:14+0200,3d9904ea-ea5b-47d7-bdee-8f06b37d7caf,2026-07-09T18:00:00Z,2026-07-09T20:00:00+0200,10058.706,MW,NL,NL,actual_load,Actual Load,2026-07-30T23:22:13Z
2026-07-30T23:20:14Z,2026-07-31T01:20:14+0200,3d9904ea-ea5b-47d7-bdee-8f06b37d7caf,2026-07-09T18:15:00Z,2026-07-09T20:15:00+0200,10546.556,MW,NL,NL,actual_load,Actual Load,2026-07-30T23:22:13Z
2026-07-30T23:20:14Z,2026-07-31T01:20:14+0200,3d9904ea-ea5b-47d7-bdee-8f06b37d7caf,2026-07-09T18:30:00Z,2026-07-09T20:30:00+0200,10745.816,MW,NL,NL,actual_load,Actual Load,2026-07-30T23:22:13Z
2026-07-30T23:20:14Z,2026-07-31T01:20:14+0200,3d9904ea-ea5b-47d7-bdee-8f06b37d7caf,2026-07-09T18:45:00Z,2026-07-09T20:45:00+0200,10787.886,MW,NL,NL,actual_load,Actual Load,2026-07-30T23:22:13Z
2026-07-30T23:20:14Z,2026-07-31T01:20:14+0200,3d9904ea-ea5b-47d7-bdee-8f06b37d7caf,2026-07-09T19:00:00Z,2026-07-09T21:00:00+0200,11064.346,MW,NL,NL,actual_load,Actual Load,2026-07-30T23:22:13Z
2026-07-30T23:20:14Z,2026-07-31T01:20:14+0200,3d9904ea-ea5b-47d7-bdee-8f06b37d7caf,2026-07-09T19:15:00Z,2026-07-09T21:15:00+0200,11405.476,MW,NL,NL,actual_load,Actual Load,2026-07-30T23:22:13Z
2026-07-30T23:20:14Z,2026-07-31T01:20:14+0200,3d9904ea-ea5b-47d7-bdee-8f06b37d7caf,2026-07-09T19:30:00Z,2026-07-09T21:30:00+0200,11670.276,MW,NL,NL,actual_load,Actual Load,2026-07-30T23:22:13Z
2026-07-30T23:20:14Z,2026-07-31T01:20:14+0200,3d9904ea-ea5b-47d7-bdee-8f06b37d7caf,2026-07-09T19:45:00Z,2026-07-09T21:45:00+0200,11815.316,MW,NL,NL,actual_load,Actual Load,2026-07-30T23:22:13Z
2026-07-30T23:20:14Z,2026-07-31T01:20:14+0200,3d9904ea-ea5b-47d7-bdee-8f06b37d7caf,2026-07-09T20:00:00Z,2026-07-09T22:00:00+0200,11924.926,MW,NL,NL,actual_load,Actual Load,2026-07-30T23:22:13Z
2026-07-30T23:20:14Z,2026-07-31T01:20:14+0200,3d9904ea-ea5b-47d7-bdee-8f06b37d7caf,2026-07-09T20:15:00Z,2026-07-09T22:15:00+0200,11895.616,MW,NL,NL,actual_load,Actual Load,2026-07-30T23:22:13Z
2026-07-30T23:20:14Z,2026-07-31T01:20:14+0200,3d9904ea-ea5b-47d7-bdee-8f06b37d7caf,2026-07-09T20:30:00Z,2026-07-09T22:30:00+0200,11933.026,MW,NL,NL,actual_load,Actual Load,2026-07-30T23:22:13Z
2026-07-30T23:20:14Z,2026-07-31T01:20:14+0200,3d9904ea-ea5b-47d7-bdee-8f06b37d7caf,2026-07-09T20:45:00Z,2026-07-09T22:45:00+0200,11897.496,MW,NL,NL,actual_load,Actual Load,2026-07-30T23:22:13Z
2026-07-30T23:20:14Z,2026-07-31T01:20:14+0200,3d9904ea-ea5b-47d7-bdee-8f06b37d7caf,2026-07-09T21:00:00Z,2026-07-09T23:00:00+0200,11754.316,MW,NL,NL,actual_load,Actual Load,2026-07-30T23:22:13Z
2026-07-30T23:20:14Z,2026-07-31T01:20:14+0200,3d9904ea-ea5b-47d7-bdee-8f06b37d7caf,2026-07-09T21:15:00Z,2026-07-09T23:15:00+0200,11678.616,MW,NL,NL,actual_load,Actual Load,2026-07-30T23:22:13Z
2026-07-30T23:20:14Z,2026-07-31T01:20:14+0200,3d9904ea-ea5b-47d7-bdee-8f06b37d7caf,2026-07-09T21:30:00Z,2026-07-09T23:30:00+0200,11414.846,MW,NL,NL,actual_load,Actual Load,2026-07-30T23:22:13Z
2026-07-30T23:20:14Z,2026-07-31T01:20:14+0200,3d9904ea-ea5b-47d7-bdee-8f06b37d7caf,2026-07-09T21:45:00Z,2026-07-09T23:45:00+0200,11388.606,MW,NL,NL,actual_load,Actual Load,2026-07-30T23:22:13Z
2026-07-30T23:20:14Z,2026-07-31T01:20:14+0200,3d9904ea-ea5b-47d7-bdee-8f06b37d7caf,2026-07-09T22:00:00Z,2026-07-10T00:00:00+0200,11292.096,MW,NL,NL,actual_load,Actual Load,2026-07-30T23:22:13Z
2026-07-30T23:20:14Z,2026-07-31T01:20:14+0200,3d9904ea-ea5b-47d7-bdee-8f06b37d7caf,2026-07-09T22:15:00Z,2026-07-10T00:15:00+0200,11347.016,MW,NL,NL,actual_load,Actual Load,2026-07-30T23:22:13Z
2026-07-30T23:20:14Z,2026-07-31T01:20:14+0200,3d9904ea-ea5b-47d7-bdee-8f06b37d7caf,2026-07-09T22:30:00Z,2026-07-10T00:30:00+0200,11118.146,MW,NL,NL,actual_load,Actual Load,2026-07-30T23:22:13Z
2026-07-30T23:20:14Z,2026-07-31T01:20:14+0200,3d9904ea-ea5b-47d7-bdee-8f06b37d7caf,2026-07-09T22:45:00Z,2026-07-10T00:45:00+0200,10963.426,MW,NL,NL,actual_load,Actual Load,2026-07-30T23:22:13Z
2026-07-30T23:20:14Z,2026-07-31T01:20:14+0200,3d9904ea-ea5b-47d7-bdee-8f06b37d7caf,2026-07-09T23:00:00Z,2026-07-10T01:00:00+0200,10931.906,MW,NL,NL,actual_load,Actual Load,2026-07-30T23:22:13Z
2026-07-30T23:20:14Z,2026-07-31T01:20:14+0200,3d9904ea-ea5b-47d7-bdee-8f06b37d7caf,2026-07-09T23:15:00Z,2026-07-10T01:15:00+0200,10944.836,MW,NL,NL,actual_load,Actual Load,2026-07-30T23:22:13Z
2026-07-30T23:20:14Z,2026-07-31T01:20:14+0200,3d9904ea-ea5b-47d7-bdee-8f06b37d7caf,2026-07-09T23:30:00Z,2026-07-10T01:30:00+0200,10926.386,MW,NL,NL,actual_load,Actual Load,2026-07-30T23:22:13Z
2026-07-30T23:20:14Z,2026-07-31T01:20:14+0200,3d9904ea-ea5b-47d7-bdee-8f06b37d7caf,2026-07-09T23:45:00Z,2026-07-10T01:45:00+0200,10927.376,MW,NL,NL,actual_load,Actual Load,2026-07-30T23:22:13Z
2026-07-30T23:20:14Z,2026-07-31T01:20:14+0200,3d9904ea-ea5b-47d7-bdee-8f06b37d7caf,2026-07-10T00:00:00Z,2026-07-10T02:00:00+0200,10813.866,MW,NL,NL,actual_load,Actual Load,2026-07-30T23:22:13Z
2026-07-30T23:20:14Z,2026-07-31T01:20:14+0200,3d9904ea-ea5b-47d7-bdee-8f06b37d7caf,2026-07-10T00:15:00Z,2026-07-10T02:15:00+0200,10904.526,MW,NL,NL,actual_load,Actual Load,2026-07-30T23:22:13Z
2026-07-30T23:20:14Z,2026-07-31T01:20:14+0200,3d9904ea-ea5b-47d7-bdee-8f06b37d7caf,2026-07-10T00:30:00Z,2026-07-10T02:30:00+0200,10835.156,MW,NL,NL,actual_load,Actual Load,2026-07-30T23:22:13Z
2026-07-30T23:20:14Z,2026-07-31T01:20:14+0200,3d9904ea-ea5b-47d7-bdee-8f06b37d7caf,2026-07-10T00:45:00Z,2026-07-10T02:45:00+0200,10696.296,MW,NL,NL,actual_load,Actual Load,2026-07-30T23:22:13Z
2026-07-30T23:20:14Z,2026-07-31T01:20:14+0200,3d9904ea-ea5b-47d7-bdee-8f06b37d7caf,2026-07-10T01:00:00Z,2026-07-10T03:00:00+0200,10662.946,MW,NL,NL,actual_load,Actual Load,2026-07-30T23:22:13Z
2026-07-30T23:20:14Z,2026-07-31T01:20:14+0200,3d9904ea-ea5b-47d7-bdee-8f06b37d7caf,2026-07-10T01:15:00Z,2026-07-10T03:15:00+0200,10619.006,MW,NL,NL,actual_load,Actual Load,2026-07-30T23:22:13Z
2026-07-30T23:20:14Z,2026-07-31T01:20:14+0200,3d9904ea-ea5b-47d7-bdee-8f06b37d7caf,2026-07-10T01:30:00Z,2026-07-10T03:30:00+0200,10578.476,MW,NL,NL,actual_load,Actual Load,2026-07-30T23:22:13Z
2026-07-30T23:20:14Z,2026-07-31T01:20:14+0200,3d9904ea-ea5b-47d7-bdee-8f06b37d7caf,2026-07-10T01:45:00Z,2026-07-10T03:45:00+0200,10563.036,MW,NL,NL,actual_load,Actual Load,2026-07-30T23:22:13Z
2026-07-30T23:20:14Z,2026-07-31T01:20:14+0200,3d9904ea-ea5b-47d7-bdee-8f06b37d7caf,2026-07-10T02:00:00Z,2026-07-10T04:00:00+0200,10528.316,MW,NL,NL,actual_load,Actual Load,2026-07-30T23:22:13Z
2026-07-30T23:20:14Z,2026-07-31T01:20:14+0200,3d9904ea-ea5b-47d7-bdee-8f06b37d7caf,2026-07-10T02:15:00Z,2026-07-10T04:15:00+0200,10528.536,MW,NL,NL,actual_load,Actual Load,2026-07-30T23:22:13Z
2026-07-30T23:20:14Z,2026-07-31T01:20:14+0200,3d9904ea-ea5b-47d7-bdee-8f06b37d7caf,2026-07-10T02:30:00Z,2026-07-10T04:30:00+0200,10444.426,MW,NL,NL,actual_load,Actual Load,2026-07-30T23:22:13Z
2026-07-30T23:20:14Z,2026-07-31T01:20:14+0200,3d9904ea-ea5b-47d7-bdee-8f06b37d7caf,2026-07-10T02:45:00Z,2026-07-10T04:45:00+0200,10454.366,MW,NL,NL,actual_load,Actual Load,2026-07-30T23:22:13Z
2026-07-30T23:20:14Z,2026-07-31T01:20:14+0200,3d9904ea-ea5b-47d7-bdee-8f06b37d7caf,2026-07-10T03:00:00Z,2026-07-10T05:00:00+0200,10463.636,MW,NL,NL,actual_load,Actual Load,2026-07-30T23:22:13Z
2026-07-30T23:20:14Z,2026-07-31T01:20:14+0200,3d9904ea-ea5b-47d7-bdee-8f06b37d7caf,2026-07-10T03:15:00Z,2026-07-10T05:15:00+0200,10372.226,MW,NL,NL,actual_load,Actual Load,2026-07-30T23:22:13Z
2026-07-30T23:20:14Z,2026-07-31T01:20:14+0200,3d9904ea-ea5b-47d7-bdee-8f06b37d7caf,2026-07-10T03:30:00Z,2026-07-10T05:30:00+0200,10352.406,MW,NL,NL,actual_load,Actual Load,2026-07-30T23:22:13Z
2026-07-30T23:20:14Z,2026-07-31T01:20:14+0200,3d9904ea-ea5b-47d7-bdee-8f06b37d7caf,2026-07-10T03:45:00Z,2026-07-10T05:45:00+0200,10384.436,MW,NL,NL,actual_load,Actual Load,2026-07-30T23:22:13Z
2026-07-30T23:20:14Z,2026-07-31T01:20:14+0200,3d9904ea-ea5b-47d7-bdee-8f06b37d7caf,2026-07-10T04:00:00Z,2026-07-10T06:00:00+0200,10301.786,MW,NL,NL,actual_load,Actual Load,2026-07-30T23:22:13Z
2026-07-30T23:20:14Z,2026-07-31T01:20:14+0200,3d9904ea-ea5b-47d7-bdee-8f06b37d7caf,2026-07-10T04:15:00Z,2026-07-10T06:15:00+0200,10188.356,MW,NL,NL,actual_load,Actual Load,2026-07-30T23:22:13Z
2026-07-30T23:20:14Z,2026-07-31T01:20:14+0200,3d9904ea-ea5b-47d7-bdee-8f06b37d7caf,2026-07-10T04:30:00Z,2026-07-10T06:30:00+0200,10035.826,MW,NL,NL,actual_load,Actual Load,2026-07-30T23:22:13Z
2026-07-30T23:20:14Z,2026-07-31T01:20:14+0200,3d9904ea-ea5b-47d7-bdee-8f06b37d7caf,2026-07-10T04:45:00Z,2026-07-10T06:45:00+0200,10031.566,MW,NL,NL,actual_load,Actual Load,2026-07-30T23:22:13Z
2026-07-30T23:20:14Z,2026-07-31T01:20:14+0200,3d9904ea-ea5b-47d7-bdee-8f06b37d7caf,2026-07-10T05:00:00Z,2026-07-10T07:00:00+0200,9751.456,MW,NL,NL,actual_load,Actual Load,2026-07-30T23:22:13Z
2026-07-30T23:20:14Z,2026-07-31T01:20:14+0200,3d9904ea-ea5b-47d7-bdee-8f06b37d7caf,2026-07-10T05:15:00Z,2026-07-10T07:15:00+0200,9478.516,MW,NL,NL,actual_load,Actual Load,2026-07-30T23:22:13Z
2026-07-30T23:20:14Z,2026-07-31T01:20:14+0200,3d9904ea-ea5b-47d7-bdee-8f06b37d7caf,2026-07-10T05:30:00Z,2026-07-10T07:30:00+0200,9384.066,MW,NL,NL,actual_load,Actual Load,2026-07-30T23:22:13Z
2026-07-30T23:20:14Z,2026-07-31T01:20:14+0200,3d9904ea-ea5b-47d7-bdee-8f06b37d7caf,2026-07-10T05:45:00Z,2026-07-10T07:45:00+0200,9389.776,MW,NL,NL,actual_load,Actual Load,2026-07-30T23:22:13Z
2026-07-30T23:20:14Z,2026-07-31T01:20:14+0200,3d9904ea-ea5b-47d7-bdee-8f06b37d7caf,2026-07-10T06:00:00Z,2026-07-10T08:00:00+0200,9309.636,MW,NL,NL,actual_load,Actual Load,2026-07-30T23:22:13Z
2026-07-30T23:20:14Z,2026-07-31T01:20:14+0200,3d9904ea-ea5b-47d7-bdee-8f06b37d7caf,2026-07-10T06:15:00Z,2026-07-10T08:15:00+0200,8959.466,MW,NL,NL,actual_load,Actual Load,2026-07-30T23:22:13Z
2026-07-30T23:20:14Z,2026-07-31T01:20:14+0200,3d9904ea-ea5b-47d7-bdee-8f06b37d7caf,2026-07-10T06:30:00Z,2026-07-10T08:30:00+0200,8623.186,MW,NL,NL,actual_load,Actual Load,2026-07-30T23:22:13Z
2026-07-30T23:20:14Z,2026-07-31T01:20:14+0200,3d9904ea-ea5b-47d7-bdee-8f06b37d7caf,2026-07-10T06:45:00Z,2026-07-10T08:45:00+0200,8397.896,MW,NL,NL,actual_load,Actual Load,2026-07-30T23:22:13Z
2026-07-30T23:20:14Z,2026-07-31T01:20:14+0200,3d9904ea-ea5b-47d7-bdee-8f06b37d7caf,2026-07-10T07:00:00Z,2026-07-10T09:00:00+0200,8147.536,MW,NL,NL,actual_load,Actual Load,2026-07-30T23:22:13Z
2026-07-30T23:20:14Z,2026-07-31T01:20:14+0200,3d9904ea-ea5b-47d7-bdee-8f06b37d7caf,2026-07-10T07:15:00Z,2026-07-10T09:15:00+0200,7893.396,MW,NL,NL,actual_load,Actual Load,2026-07-30T23:22:13Z
2026-07-30T23:20:14Z,2026-07-31T01:20:14+0200,3d9904ea-ea5b-47d7-bdee-8f06b37d7caf,2026-07-10T07:30:00Z,2026-07-10T09:30:00+0200,7336.226,MW,NL,NL,actual_load,Actual Load,2026-07-30T23:22:13Z
2026-07-30T23:20:14Z,2026-07-31T01:20:14+0200,3d9904ea-ea5b-47d7-bdee-8f06b37d7caf,2026-07-10T07:45:00Z,2026-07-10T09:45:00+0200,6562.576,MW,NL,NL,actual_load,Actual Load,2026-07-30T23:22:13Z
2026-07-30T23:20:14Z,2026-07-31T01:20:14+0200,3d9904ea-ea5b-47d7-bdee-8f06b37d7caf,2026-07-10T08:00:00Z,2026-07-10T10:00:00+0200,5830.956,MW,NL,NL,actual_load,Actual Load,2026-07-30T23:22:13Z
2026-07-30T23:20:14Z,2026-07-31T01:20:14+0200,3d9904ea-ea5b-47d7-bdee-8f06b37d7caf,2026-07-10T08:15:00Z,2026-07-10T10:15:00+0200,5177.806,MW,NL,NL,actual_load,Actual Load,2026-07-30T23:22:13Z
2026-07-30T23:20:14Z,2026-07-31T01:20:14+0200,3d9904ea-ea5b-47d7-bdee-8f06b37d7caf,2026-07-10T08:30:00Z,2026-07-10T10:30:00+0200,4560.263,MW,NL,NL,actual_load,Actual Load,2026-07-30T23:22:13Z
2026-07-30T23:20:14Z,2026-07-31T01:20:14+0200,3d9904ea-ea5b-47d7-bdee-8f06b37d7caf,2026-07-10T08:45:00Z,2026-07-10T10:45:00+0200,3918.633,MW,NL,NL,actual_load,Actual Load,2026-07-30T23:22:13Z
2026-07-30T23:20:14Z,2026-07-31T01:20:14+0200,3d9904ea-ea5b-47d7-bdee-8f06b37d7caf,2026-07-10T09:00:00Z,2026-07-10T11:00:00+0200,3368.287,MW,NL,NL,actual_load,Actual Load,2026-07-30T23:22:13Z
2026-07-30T23:20:14Z,2026-07-31T01:20:14+0200,3d9904ea-ea5b-47d7-bdee-8f06b37d7caf,2026-07-10T09:15:00Z,2026-07-10T11:15:00+0200,3072.747,MW,NL,NL,actual_load,Actual Load,2026-07-30T23:22:13Z
2026-07-30T23:20:14Z,2026-07-31T01:20:14+0200,3d9904ea-ea5b-47d7-bdee-8f06b37d7caf,2026-07-10T09:30:00Z,2026-07-10T11:30:00+0200,2786.544,MW,NL,NL,actual_load,Actual Load,2026-07-30T23:22:13Z
2026-07-30T23:20:14Z,2026-07-31T01:20:14+0200,3d9904ea-ea5b-47d7-bdee-8f06b37d7caf,2026-07-10T09:45:00Z,2026-07-10T11:45:00+0200,2407.726,MW,NL,NL,actual_load,Actual Load,2026-07-30T23:22:13Z
2026-07-30T23:20:14Z,2026-07-31T01:20:14+0200,3d9904ea-ea5b-47d7-bdee-8f06b37d7caf,2026-07-10T10:00:00Z,2026-07-10T12:00:00+0200,2039.766,MW,NL,NL,actual_load,Actual Load,2026-07-30T23:22:13Z
2026-07-30T23:20:14Z,2026-07-31T01:20:14+0200,3d9904ea-ea5b-47d7-bdee-8f06b37d7caf,2026-07-10T10:15:00Z,2026-07-10T12:15:00+0200,1821.706,MW,NL,NL,actual_load,Actual Load,2026-07-30T23:22:13Z
2026-07-30T23:20:14Z,2026-07-31T01:20:14+0200,3d9904ea-ea5b-47d7-bdee-8f06b37d7caf,2026-07-10T10:30:00Z,2026-07-10T12:30:00+0200,1655.416,MW,NL,NL,actual_load,Actual Load,2026-07-30T23:22:13Z
2026-07-30T23:20:14Z,2026-07-31T01:20:14+0200,3d9904ea-ea5b-47d7-bdee-8f06b37d7caf,2026-07-10T10:45:00Z,2026-07-10T12:45:00+0200,1451.376,MW,NL,NL,actual_load,Actual Load,2026-07-30T23:22:13Z
2026-07-30T23:20:14Z,2026-07-31T01:20:14+0200,3d9904ea-ea5b-47d7-bdee-8f06b37d7caf,2026-07-10T11:00:00Z,2026-07-10T13:00:00+0200,1314.586,MW,NL,NL,actual_load,Actual Load,2026-07-30T23:22:13Z
2026-07-30T23:20:14Z,2026-07-31T01:20:14+0200,3d9904ea-ea5b-47d7-bdee-8f06b37d7caf,2026-07-10T11:15:00Z,2026-07-10T13:15:00+0200,1423.186,MW,NL,NL,actual_load,Actual Load,2026-07-30T23:22:13Z
2026-07-30T23:20:14Z,2026-07-31T01:20:14+0200,3d9904ea-ea5b-47d7-bdee-8f06b37d7caf,2026-07-10T11:30:00Z,2026-07-10T13:30:00+0200,1590.996,MW,NL,NL,actual_load,Actual Load,2026-07-30T23:22:13Z
2026-07-30T23:20:14Z,2026-07-31T01:20:14+0200,3d9904ea-ea5b-47d7-bdee-8f06b37d7caf,2026-07-10T11:45:00Z,2026-07-10T13:45:00+0200,1527.856,MW,NL,NL,actual_load,Actual Load,2026-07-30T23:22:13Z
2026-07-30T23:20:14Z,2026-07-31T01:20:14+0200,3d9904ea-ea5b-47d7-bdee-8f06b37d7caf,2026-07-10T12:00:00Z,2026-07-10T14:00:00+0200,1616.206,MW,NL,NL,actual_load,Actual Load,2026-07-30T23:22:13Z
2026-07-30T23:20:14Z,2026-07-31T01:20:14+0200,3d9904ea-ea5b-47d7-bdee-8f06b37d7caf,2026-07-10T12:15:00Z,2026-07-10T14:15:00+0200,1702.476,MW,NL,NL,actual_load,Actual Load,2026-07-30T23:22:13Z
2026-07-30T23:20:14Z,2026-07-31T01:20:14+0200,3d9904ea-ea5b-47d7-bdee-8f06b37d7caf,2026-07-10T12:30:00Z,2026-07-10T14:30:00+0200,1794.716,MW,NL,NL,actual_load,Actual Load,2026-07-30T23:22:13Z
2026-07-30T23:20:14Z,2026-07-31T01:20:14+0200,3d9904ea-ea5b-47d7-bdee-8f06b37d7caf,2026-07-10T12:45:00Z,2026-07-10T14:45:00+0200,1900.426,MW,NL,NL,actual_load,Actual Load,2026-07-30T23:22:13Z
2026-07-30T23:20:14Z,2026-07-31T01:20:14+0200,3d9904ea-ea5b-47d7-bdee-8f06b37d7caf,2026-07-10T13:00:00Z,2026-07-10T15:00:00+0200,1890.326,MW,NL,NL,actual_load,Actual Load,2026-07-30T23:22:13Z
2026-07-30T23:20:14Z,2026-07-31T01:20:14+0200,3d9904ea-ea5b-47d7-bdee-8f06b37d7caf,2026-07-10T13:15:00Z,2026-07-10T15:15:00+0200,1833.646,MW,NL,NL,actual_load,Actual Load,2026-07-30T23:22:13Z
2026-07-30T23:20:14Z,2026-07-31T01:20:14+0200,3d9904ea-ea5b-47d7-bdee-8f06b37d7caf,2026-07-10T13:30:00Z,2026-07-10T15:30:00+0200,2017.356,MW,NL,NL,actual_load,Actual Load,2026-07-30T23:22:13Z
2026-07-30T23:20:14Z,2026-07-31T01:20:14+0200,3d9904ea-ea5b-47d7-bdee-8f06b37d7caf,2026-07-10T13:45:00Z,2026-07-10T15:45:00+0200,2254.226,MW,NL,NL,actual_load,Actual Load,2026-07-30T23:22:13Z
2026-07-30T23:20:14Z,2026-07-31T01:20:14+0200,3d9904ea-ea5b-47d7-bdee-8f06b37d7caf,2026-07-10T14:00:00Z,2026-07-10T16:00:00+0200,2435.966,MW,NL,NL,actual_load,Actual Load,2026-07-30T23:22:13Z
2026-07-30T23:20:14Z,2026-07-31T01:20:14+0200,3d9904ea-ea5b-47d7-bdee-8f06b37d7caf,2026-07-10T14:15:00Z,2026-07-10T16:15:00+0200,2764.877,MW,NL,NL,actual_load,Actual Load,2026-07-30T23:22:13Z
2026-07-30T23:20:14Z,2026-07-31T01:20:14+0200,3d9904ea-ea5b-47d7-bdee-8f06b37d7caf,2026-07-10T14:30:00Z,2026-07-10T16:30:00+0200,2935.024,MW,NL,NL,actual_load,Actual Load,2026-07-30T23:22:13Z
2026-07-30T23:20:14Z,2026-07-31T01:20:14+0200,3d9904ea-ea5b-47d7-bdee-8f06b37d7caf,2026-07-10T14:45:00Z,2026-07-10T16:45:00+0200,3168.21,MW,NL,NL,actual_load,Actual Load,2026-07-30T23:22:13Z
2026-07-30T23:20:14Z,2026-07-31T01:20:14+0200,3d9904ea-ea5b-47d7-bdee-8f06b37d7caf,2026-07-10T15:00:00Z,2026-07-10T17:00:00+0200,3482.523,MW,NL,NL,actual_load,Actual Load,2026-07-30T23:22:13Z
2026-07-30T23:20:14Z,2026-07-31T01:20:14+0200,3d9904ea-ea5b-47d7-bdee-8f06b37d7caf,2026-07-10T15:15:00Z,2026-07-10T17:15:00+0200,3897.463,MW,NL,NL,actual_load,Actual Load,2026-07-30T23:22:13Z
2026-07-30T23:20:14Z,2026-07-31T01:20:14+0200,3d9904ea-ea5b-47d7-bdee-8f06b37d7caf,2026-07-10T15:30:00Z,2026-07-10T17:30:00+0200,4434.408,MW,NL,NL,actual_load,Actual Load,2026-07-30T23:22:13Z
2026-07-30T23:20:14Z,2026-07-31T01:20:14+0200,3d9904ea-ea5b-47d7-bdee-8f06b37d7caf,2026-07-10T15:45:00Z,2026-07-10T17:45:00+0200,4887.596,MW,NL,NL,actual_load,Actual Load,2026-07-30T23:22:13Z
2026-07-30T23:20:14Z,2026-07-31T01:20:14+0200,3d9904ea-ea5b-47d7-bdee-8f06b37d7caf,2026-07-10T16:00:00Z,2026-07-10T18:00:00+0200,5328.566,MW,NL,NL,actual_load,Actual Load,2026-07-30T23:22:13Z
2026-07-30T23:20:14Z,2026-07-31T01:20:14+0200,3d9904ea-ea5b-47d7-bdee-8f06b37d7caf,2026-07-10T16:15:00Z,2026-07-10T18:15:00+0200,6003.396,MW,NL,NL,actual_load,Actual Load,2026-07-30T23:22:13Z
2026-07-30T23:20:14Z,2026-07-31T01:20:14+0200,3d9904ea-ea5b-47d7-bdee-8f06b37d7caf,2026-07-10T16:30:00Z,2026-07-10T18:30:00+0200,6564.746,MW,NL,NL,actual_load,Actual Load,2026-07-30T23:22:13Z
2026-07-30T23:20:14Z,2026-07-31T01:20:14+0200,3d9904ea-ea5b-47d7-bdee-8f06b37d7caf,2026-07-10T16:45:00Z,2026-07-10T18:45:00+0200,6694.326,MW,NL,NL,actual_load,Actual Load,2026-07-30T23:22:13Z
2026-07-30T23:20:14Z,2026-07-31T01:20:14+0200,3d9904ea-ea5b-47d7-bdee-8f06b37d7caf,2026-07-10T17:00:00Z,2026-07-10T19:00:00+0200,7079.546,MW,NL,NL,actual_load,Actual Load,2026-07-30T23:22:13Z
2026-07-30T23:20:14Z,2026-07-31T01:20:14+0200,3d9904ea-ea5b-47d7-bdee-8f06b37d7caf,2026-07-10T17:15:00Z,2026-07-10T19:15:00+0200,7862.036,MW,NL,NL,actual_load,Actual Load,2026-07-30T23:22:13Z
2026-07-30T23:20:14Z,2026-07-31T01:20:14+0200,3d9904ea-ea5b-47d7-bdee-8f06b37d7caf,2026-07-10T17:30:00Z,2026-07-10T19:30:00+0200,8400.436,MW,NL,NL,actual_load,Actual Load,2026-07-30T23:22:13Z
2026-07-30T23:20:14Z,2026-07-31T01:20:14+0200,3d9904ea-ea5b-47d7-bdee-8f06b37d7caf,2026-07-10T17:45:00Z,2026-07-10T19:45:00+0200,8865.096,MW,NL,NL,actual_load,Actual Load,2026-07-30T23:22:13Z
2026-07-30T23:20:14Z,2026-07-31T01:20:14+0200,3d9904ea-ea5b-47d7-bdee-8f06b37d7caf,2026-07-10T18:00:00Z,2026-07-10T20:00:00+0200,9346.286,MW,NL,NL,actual_load,Actual Load,2026-07-30T23:22:13Z
2026-07-30T23:20:14Z,2026-07-31T01:20:14+0200,3d9904ea-ea5b-47d7-bdee-8f06b37d7caf,2026-07-10T18:15:00Z,2026-07-10T20:15:00+0200,10012.186,MW,NL,NL,actual_load,Actual Load,2026-07-30T23:22:13Z
2026-07-30T23:20:14Z,2026-07-31T01:20:14+0200,3d9904ea-ea5b-47d7-bdee-8f06b37d7caf,2026-07-10T18:30:00Z,2026-07-10T20:30:00+0200,10170.836,MW,NL,NL,actual_load,Actual Load,2026-07-30T23:22:13Z
2026-07-30T23:20:14Z,2026-07-31T01:20:14+0200,3d9904ea-ea5b-47d7-bdee-8f06b37d7caf,2026-07-10T18:45:00Z,2026-07-10T20:45:00+0200,10536.276,MW,NL,NL,actual_load,Actual Load,2026-07-30T23:22:13Z
2026-07-30T23:20:14Z,2026-07-31T01:20:14+0200,3d9904ea-ea5b-47d7-bdee-8f06b37d7caf,2026-07-10T19:00:00Z,2026-07-10T21:00:00+0200,10845.146,MW,NL,NL,actual_load,Actual Load,2026-07-30T23:22:13Z
2026-07-30T23:20:14Z,2026-07-31T01:20:14+0200,3d9904ea-ea5b-47d7-bdee-8f06b37d7caf,2026-07-10T19:15:00Z,2026-07-10T21:15:00+0200,11189.576,MW,NL,NL,actual_load,Actual Load,2026-07-30T23:22:13Z
2026-07-30T23:20:14Z,2026-07-31T01:20:14+0200,3d9904ea-ea5b-47d7-bdee-8f06b37d7caf,2026-07-10T19:30:00Z,2026-07-10T21:30:00+0200,11364.056,MW,NL,NL,actual_load,Actual Load,2026-07-30T23:22:13Z
2026-07-30T23:20:14Z,2026-07-31T01:20:14+0200,3d9904ea-ea5b-47d7-bdee-8f06b37d7caf,2026-07-10T19:45:00Z,2026-07-10T21:45:00+0200,11444.956,MW,NL,NL,actual_load,Actual Load,2026-07-30T23:22:13Z
2026-07-30T23:20:14Z,2026-07-31T01:20:14+0200,3d9904ea-ea5b-47d7-bdee-8f06b37d7caf,2026-07-10T20:00:00Z,2026-07-10T22:00:00+0200,11396.526,MW,NL,NL,actual_load,Actual Load,2026-07-30T23:22:13Z
2026-07-30T23:20:14Z,2026-07-31T01:20:14+0200,3d9904ea-ea5b-47d7-bdee-8f06b37d7caf,2026-07-10T20:15:00Z,2026-07-10T22:15:00+0200,11094.286,MW,NL,NL,actual_load,Actual Load,2026-07-30T23:22:13Z
2026-07-30T23:20:14Z,2026-07-31T01:20:14+0200,3d9904ea-ea5b-47d7-bdee-8f06b37d7caf,2026-07-10T20:30:00Z,2026-07-10T22:30:00+0200,11186.026,MW,NL,NL,actual_load,Actual Load,2026-07-30T23:22:13Z
2026-07-30T23:20:14Z,2026-07-31T01:20:14+0200,3d9904ea-ea5b-47d7-bdee-8f06b37d7caf,2026-07-10T20:45:00Z,2026-07-10T22:45:00+0200,11264.346,MW,NL,NL,actual_load,Actual Load,2026-07-30T23:22:13Z
2026-07-30T23:20:14Z,2026-07-31T01:20:14+0200,3d9904ea-ea5b-47d7-bdee-8f06b37d7caf,2026-07-10T21:00:00Z,2026-07-10T23:00:00+0200,11180.966,MW,NL,NL,actual_load,Actual Load,2026-07-30T23:22:13Z
2026-07-30T23:20:14Z,2026-07-31T01:20:14+0200,3d9904ea-ea5b-47d7-bdee-8f06b37d7caf,2026-07-10T21:15:00Z,2026-07-10T23:15:00+0200,11243.146,MW,NL,NL,actual_load,Actual Load,2026-07-30T23:22:13Z
2026-07-30T23:20:14Z,2026-07-31T01:20:14+0200,3d9904ea-ea5b-47d7-bdee-8f06b37d7caf,2026-07-10T21:30:00Z,2026-07-10T23:30:00+0200,11207.556,MW,NL,NL,actual_load,Actual Load,2026-07-30T23:22:13Z
2026-07-30T23:20:14Z,2026-07-31T01:20:14+0200,3d9904ea-ea5b-47d7-bdee-8f06b37d7caf,2026-07-10T21:45:00Z,2026-07-10T23:45:00+0200,11118.116,MW,NL,NL,actual_load,Actual Load,2026-07-30T23:22:13Z
2026-07-30T23:20:14Z,2026-07-31T01:20:14+0200,3d9904ea-ea5b-47d7-bdee-8f06b37d7caf,2026-07-10T22:00:00Z,2026-07-11T00:00:00+0200,10851.106,MW,NL,NL,actual_load,Actual Load,2026-07-30T23:22:13Z
2026-07-30T23:20:14Z,2026-07-31T01:20:14+0200,3d9904ea-ea5b-47d7-bdee-8f06b37d7caf,2026-07-10T22:15:00Z,2026-07-11T00:15:00+0200,10633.856,MW,NL,NL,actual_load,Actual Load,2026-07-30T23:22:13Z
2026-07-30T23:20:14Z,2026-07-31T01:20:14+0200,3d9904ea-ea5b-47d7-bdee-8f06b37d7caf,2026-07-10T22:30:00Z,2026-07-11T00:30:00+0200,10719.676,MW,NL,NL,actual_load,Actual Load,2026-07-30T23:22:13Z
2026-07-30T23:20:14Z,2026-07-31T01:20:14+0200,3d9904ea-ea5b-47d7-bdee-8f06b37d7caf,2026-07-10T22:45:00Z,2026-07-11T00:45:00+0200,10715.156,MW,NL,NL,actual_load,Actual Load,2026-07-30T23:22:13Z
2026-07-30T23:20:14Z,2026-07-31T01:20:14+0200,3d9904ea-ea5b-47d7-bdee-8f06b37d7caf,2026-07-10T23:00:00Z,2026-07-11T01:00:00+0200,10675.966,MW,NL,NL,actual_load,Actual Load,2026-07-30T23:22:13Z
2026-07-30T23:20:14Z,2026-07-31T01:20:14+0200,3d9904ea-ea5b-47d7-bdee-8f06b37d7caf,2026-07-10T23:15:00Z,2026-07-11T01:15:00+0200,10640.646,MW,NL,NL,actual_load,Actual Load,2026-07-30T23:22:13Z
2026-07-30T23:20:14Z,2026-07-31T01:20:14+0200,3d9904ea-ea5b-47d7-bdee-8f06b37d7caf,2026-07-10T23:30:00Z,2026-07-11T01:30:00+0200,10530.876,MW,NL,NL,actual_load,Actual Load,2026-07-30T23:22:13Z
2026-07-30T23:20:14Z,2026-07-31T01:20:14+0200,3d9904ea-ea5b-47d7-bdee-8f06b37d7caf,2026-07-10T23:45:00Z,2026-07-11T01:45:00+0200,10510.286,MW,NL,NL,actual_load,Actual Load,2026-07-30T23:22:13Z
2026-07-30T23:20:14Z,2026-07-31T01:20:14+0200,3d9904ea-ea5b-47d7-bdee-8f06b37d7caf,2026-07-11T00:00:00Z,2026-07-11T02:00:00+0200,10375.706,MW,NL,NL,actual_load,Actual Load,2026-07-30T23:22:13Z
2026-07-30T23:20:14Z,2026-07-31T01:20:14+0200,3d9904ea-ea5b-47d7-bdee-8f06b37d7caf,2026-07-11T00:15:00Z,2026-07-11T02:15:00+0200,10320.756,MW,NL,NL,actual_load,Actual Load,2026-07-30T23:22:13Z
2026-07-30T23:20:14Z,2026-07-31T01:20:14+0200,3d9904ea-ea5b-47d7-bdee-8f06b37d7caf,2026-07-11T00:30:00Z,2026-07-11T02:30:00+0200,10062.836,MW,NL,NL,actual_load,Actual Load,2026-07-30T23:22:13Z
2026-07-30T23:20:14Z,2026-07-31T01:20:14+0200,3d9904ea-ea5b-47d7-bdee-8f06b37d7caf,2026-07-11T00:45:00Z,2026-07-11T02:45:00+0200,9956.146,MW,NL,NL,actual_load,Actual Load,2026-07-30T23:22:13Z
2026-07-30T23:20:14Z,2026-07-31T01:20:14+0200,3d9904ea-ea5b-47d7-bdee-8f06b37d7caf,2026-07-11T01:00:00Z,2026-07-11T03:00:00+0200,9846.546,MW,NL,NL,actual_load,Actual Load,2026-07-30T23:22:13Z
2026-07-30T23:20:14Z,2026-07-31T01:20:14+0200,3d9904ea-ea5b-47d7-bdee-8f06b37d7caf,2026-07-11T01:15:00Z,2026-07-11T03:15:00+0200,9877.036,MW,NL,NL,actual_load,Actual Load,2026-07-30T23:22:13Z
2026-07-30T23:20:14Z,2026-07-31T01:20:14+0200,3d9904ea-ea5b-47d7-bdee-8f06b37d7caf,2026-07-11T01:30:00Z,2026-07-11T03:30:00+0200,9924.996,MW,NL,NL,actual_load,Actual Load,2026-07-30T23:22:13Z
2026-07-30T23:20:14Z,2026-07-31T01:20:14+0200,3d9904ea-ea5b-47d7-bdee-8f06b37d7caf,2026-07-11T01:45:00Z,2026-07-11T03:45:00+0200,9947.326,MW,NL,NL,actual_load,Actual Load,2026-07-30T23:22:13Z
2026-07-30T23:20:14Z,2026-07-31T01:20:14+0200,3d9904ea-ea5b-47d7-bdee-8f06b37d7caf,2026-07-11T02:00:00Z,2026-07-11T04:00:00+0200,9920.786,MW,NL,NL,actual_load,Actual Load,2026-07-30T23:22:13Z
2026-07-30T23:20:14Z,2026-07-31T01:20:14+0200,3d9904ea-ea5b-47d7-bdee-8f06b37d7caf,2026-07-11T02:15:00Z,2026-07-11T04:15:00+0200,10053.466,MW,NL,NL,actual_load,Actual Load,2026-07-30T23:22:13Z
2026-07-30T23:20:14Z,2026-07-31T01:20:14+0200,3d9904ea-ea5b-47d7-bdee-8f06b37d7caf,2026-07-11T02:30:00Z,2026-07-11T04:30:00+0200,9913.926,MW,NL,NL,actual_load,Actual Load,2026-07-30T23:22:13Z
2026-07-30T23:20:14Z,2026-07-31T01:20:14+0200,3d9904ea-ea5b-47d7-bdee-8f06b37d7caf,2026-07-11T02:45:00Z,2026-07-11T04:45:00+0200,9907.886,MW,NL,NL,actual_load,Actual Load,2026-07-30T23:22:13Z
2026-07-30T23:20:14Z,2026-07-31T01:20:14+0200,3d9904ea-ea5b-47d7-bdee-8f06b37d7caf,2026-07-11T03:00:00Z,2026-07-11T05:00:00+0200,9957.156,MW,NL,NL,actual_load,Actual Load,2026-07-30T23:22:13Z
2026-07-30T23:20:14Z,2026-07-31T01:20:14+0200,3d9904ea-ea5b-47d7-bdee-8f06b37d7caf,2026-07-11T03:15:00Z,2026-07-11T05:15:00+0200,9953.036,MW,NL,NL,actual_load,Actual Load,2026-07-30T23:22:13Z
2026-07-30T23:20:14Z,2026-07-31T01:20:14+0200,3d9904ea-ea5b-47d7-bdee-8f06b37d7caf,2026-07-11T03:30:00Z,2026-07-11T05:30:00+0200,9930.126,MW,NL,NL,actual_load,Actual Load,2026-07-30T23:22:13Z
2026-07-30T23:20:14Z,2026-07-31T01:20:14+0200,3d9904ea-ea5b-47d7-bdee-8f06b37d7caf,2026-07-11T03:45:00Z,2026-07-11T05:45:00+0200,9956.676,MW,NL,NL,actual_load,Actual Load,2026-07-30T23:22:13Z
2026-07-30T23:20:14Z,2026-07-31T01:20:14+0200,3d9904ea-ea5b-47d7-bdee-8f06b37d7caf,2026-07-11T04:00:00Z,2026-07-11T06:00:00+0200,9794.426,MW,NL,NL,actual_load,Actual Load,2026-07-30T23:22:13Z
2026-07-30T23:20:14Z,2026-07-31T01:20:14+0200,3d9904ea-ea5b-47d7-bdee-8f06b37d7caf,2026-07-11T04:15:00Z,2026-07-11T06:15:00+0200,9548.466,MW,NL,NL,actual_load,Actual Load,2026-07-30T23:22:13Z
2026-07-30T23:20:14Z,2026-07-31T01:20:14+0200,3d9904ea-ea5b-47d7-bdee-8f06b37d7caf,2026-07-11T04:30:00Z,2026-07-11T06:30:00+0200,9308.666,MW,NL,NL,actual_load,Actual Load,2026-07-30T23:22:13Z
2026-07-30T23:20:14Z,2026-07-31T01:20:14+0200,3d9904ea-ea5b-47d7-bdee-8f06b37d7caf,2026-07-11T04:45:00Z,2026-07-11T06:45:00+0200,9279.946,MW,NL,NL,actual_load,Actual Load,2026-07-30T23:22:13Z
2026-07-30T23:20:14Z,2026-07-31T01:20:14+0200,3d9904ea-ea5b-47d7-bdee-8f06b37d7caf,2026-07-11T05:00:00Z,2026-07-11T07:00:00+0200,9221.636,MW,NL,NL,actual_load,Actual Load,2026-07-30T23:22:13Z
2026-07-30T23:20:14Z,2026-07-31T01:20:14+0200,3d9904ea-ea5b-47d7-bdee-8f06b37d7caf,2026-07-11T05:15:00Z,2026-07-11T07:15:00+0200,8987.836,MW,NL,NL,actual_load,Actual Load,2026-07-30T23:22:13Z
2026-07-30T23:20:14Z,2026-07-31T01:20:14+0200,3d9904ea-ea5b-47d7-bdee-8f06b37d7caf,2026-07-11T05:30:00Z,2026-07-11T07:30:00+0200,8881.816,MW,NL,NL,actual_load,Actual Load,2026-07-30T23:22:13Z
2026-07-30T23:20:14Z,2026-07-31T01:20:14+0200,3d9904ea-ea5b-47d7-bdee-8f06b37d7caf,2026-07-11T05:45:00Z,2026-07-11T07:45:00+0200,8831.616,MW,NL,NL,actual_load,Actual Load,2026-07-30T23:22:13Z
2026-07-30T23:20:14Z,2026-07-31T01:20:14+0200,3d9904ea-ea5b-47d7-bdee-8f06b37d7caf,2026-07-11T06:00:00Z,2026-07-11T08:00:00+0200,8759.686,MW,NL,NL,actual_load,Actual Load,2026-07-30T23:22:13Z
2026-07-30T23:20:14Z,2026-07-31T01:20:14+0200,3d9904ea-ea5b-47d7-bdee-8f06b37d7caf,2026-07-11T06:15:00Z,2026-07-11T08:15:00+0200,8556.556,MW,NL,NL,actual_load,Actual Load,2026-07-30T23:22:13Z
2026-07-30T23:20:14Z,2026-07-31T01:20:14+0200,3d9904ea-ea5b-47d7-bdee-8f06b37d7caf,2026-07-11T06:30:00Z,2026-07-11T08:30:00+0200,8272.336,MW,NL,NL,actual_load,Actual Load,2026-07-30T23:22:13Z
2026-07-30T23:20:14Z,2026-07-31T01:20:14+0200,3d9904ea-ea5b-47d7-bdee-8f06b37d7caf,2026-07-11T06:45:00Z,2026-07-11T08:45:00+0200,8209.546,MW,NL,NL,actual_load,Actual Load,2026-07-30T23:22:13Z
2026-07-30T23:20:14Z,2026-07-31T01:20:14+0200,3d9904ea-ea5b-47d7-bdee-8f06b37d7caf,2026-07-11T07:00:00Z,2026-07-11T09:00:00+0200,7855.716,MW,NL,NL,actual_load,Actual Load,2026-07-30T23:22:13Z
2026-07-30T23:20:14Z,2026-07-31T01:20:14+0200,3d9904ea-ea5b-47d7-bdee-8f06b37d7caf,2026-07-11T07:15:00Z,2026-07-11T09:15:00+0200,7404.996,MW,NL,NL,actual_load,Actual Load,2026-07-30T23:22:13Z
2026-07-30T23:20:14Z,2026-07-31T01:20:14+0200,3d9904ea-ea5b-47d7-bdee-8f06b37d7caf,2026-07-11T07:30:00Z,2026-07-11T09:30:00+0200,6939.086,MW,NL,NL,actual_load,Actual Load,2026-07-30T23:22:13Z
2026-07-30T23:20:14Z,2026-07-31T01:20:14+0200,3d9904ea-ea5b-47d7-bdee-8f06b37d7caf,2026-07-11T07:45:00Z,2026-07-11T09:45:00+0200,6542.666,MW,NL,NL,actual_load,Actual Load,2026-07-30T23:22:13Z
2026-07-30T23:20:14Z,2026-07-31T01:20:14+0200,3d9904ea-ea5b-47d7-bdee-8f06b37d7caf,2026-07-11T08:00:00Z,2026-07-11T10:00:00+0200,6071.916,MW,NL,NL,actual_load,Actual Load,2026-07-30T23:22:13Z
2026-07-30T23:20:14Z,2026-07-31T01:20:14+0200,3d9904ea-ea5b-47d7-bdee-8f06b37d7caf,2026-07-11T08:15:00Z,2026-07-11T10:15:00+0200,5692.046,MW,NL,NL,actual_load,Actual Load,2026-07-30T23:22:13Z
2026-07-30T23:20:14Z,2026-07-31T01:20:14+0200,3d9904ea-ea5b-47d7-bdee-8f06b37d7caf,2026-07-11T08:30:00Z,2026-07-11T10:30:00+0200,5324.636,MW,NL,NL,actual_load,Actual Load,2026-07-30T23:22:13Z
2026-07-30T23:20:14Z,2026-07-31T01:20:14+0200,3d9904ea-ea5b-47d7-bdee-8f06b37d7caf,2026-07-11T08:45:00Z,2026-07-11T10:45:00+0200,5016.566,MW,NL,NL,actual_load,Actual Load,2026-07-30T23:22:13Z
2026-07-30T23:20:14Z,2026-07-31T01:20:14+0200,3d9904ea-ea5b-47d7-bdee-8f06b37d7caf,2026-07-11T09:00:00Z,2026-07-11T11:00:00+0200,4622.545,MW,NL,NL,actual_load,Actual Load,2026-07-30T23:22:13Z
2026-07-30T23:20:14Z,2026-07-31T01:20:14+0200,3d9904ea-ea5b-47d7-bdee-8f06b37d7caf,2026-07-11T09:15:00Z,2026-07-11T11:15:00+0200,4110.206,MW,NL,NL,actual_load,Actual Load,2026-07-30T23:22:13Z
2026-07-30T23:20:14Z,2026-07-31T01:20:14+0200,3d9904ea-ea5b-47d7-bdee-8f06b37d7caf,2026-07-11T09:30:00Z,2026-07-11T11:30:00+0200,3637.192,MW,NL,NL,actual_load,Actual Load,2026-07-30T23:22:13Z
2026-07-30T23:20:14Z,2026-07-31T01:20:14+0200,3d9904ea-ea5b-47d7-bdee-8f06b37d7caf,2026-07-11T09:45:00Z,2026-07-11T11:45:00+0200,3043.601,MW,NL,NL,actual_load,Actual Load,2026-07-30T23:22:13Z
2026-07-30T23:20:14Z,2026-07-31T01:20:14+0200,3d9904ea-ea5b-47d7-bdee-8f06b37d7caf,2026-07-11T10:00:00Z,2026-07-11T12:00:00+0200,2600.566,MW,NL,NL,actual_load,Actual Load,2026-07-30T23:22:13Z
2026-07-30T23:20:14Z,2026-07-31T01:20:14+0200,3d9904ea-ea5b-47d7-bdee-8f06b37d7caf,2026-07-11T10:15:00Z,2026-07-11T12:15:00+0200,2238.146,MW,NL,NL,actual_load,Actual Load,2026-07-30T23:22:13Z
2026-07-30T23:20:14Z,2026-07-31T01:20:14+0200,3d9904ea-ea5b-47d7-bdee-8f06b37d7caf,2026-07-11T10:30:00Z,2026-07-11T12:30:00+0200,1813.276,MW,NL,NL,actual_load,Actual Load,2026-07-30T23:22:13Z
2026-07-30T23:20:14Z,2026-07-31T01:20:14+0200,3d9904ea-ea5b-47d7-bdee-8f06b37d7caf,2026-07-11T10:45:00Z,2026-07-11T12:45:00+0200,1564.766,MW,NL,NL,actual_load,Actual Load,2026-07-30T23:22:13Z
2026-07-30T23:20:14Z,2026-07-31T01:20:14+0200,3d9904ea-ea5b-47d7-bdee-8f06b37d7caf,2026-07-11T11:00:00Z,2026-07-11T13:00:00+0200,1425.466,MW,NL,NL,actual_load,Actual Load,2026-07-30T23:22:13Z
2026-07-30T23:20:14Z,2026-07-31T01:20:14+0200,3d9904ea-ea5b-47d7-bdee-8f06b37d7caf,2026-07-11T11:15:00Z,2026-07-11T13:15:00+0200,1031.696,MW,NL,NL,actual_load,Actual Load,2026-07-30T23:22:13Z
2026-07-30T23:20:14Z,2026-07-31T01:20:14+0200,3d9904ea-ea5b-47d7-bdee-8f06b37d7caf,2026-07-11T11:30:00Z,2026-07-11T13:30:00+0200,1018.086,MW,NL,NL,actual_load,Actual Load,2026-07-30T23:22:13Z
2026-07-30T23:20:14Z,2026-07-31T01:20:14+0200,3d9904ea-ea5b-47d7-bdee-8f06b37d7caf,2026-07-11T11:45:00Z,2026-07-11T13:45:00+0200,705.776,MW,NL,NL,actual_load,Actual Load,2026-07-30T23:22:13Z
2026-07-30T23:20:14Z,2026-07-31T01:20:14+0200,3d9904ea-ea5b-47d7-bdee-8f06b37d7caf,2026-07-11T12:00:00Z,2026-07-11T14:00:00+0200,589.606,MW,NL,NL,actual_load,Actual Load,2026-07-30T23:22:13Z
2026-07-30T23:20:14Z,2026-07-31T01:20:14+0200,3d9904ea-ea5b-47d7-bdee-8f06b37d7caf,2026-07-11T12:15:00Z,2026-07-11T14:15:00+0200,464.126,MW,NL,NL,actual_load,Actual Load,2026-07-30T23:22:13Z
2026-07-30T23:20:14Z,2026-07-31T01:20:14+0200,3d9904ea-ea5b-47d7-bdee-8f06b37d7caf,2026-07-11T12:30:00Z,2026-07-11T14:30:00+0200,327.086,MW,NL,NL,actual_load,Actual Load,2026-07-30T23:22:13Z
2026-07-30T23:20:14Z,2026-07-31T01:20:14+0200,3d9904ea-ea5b-47d7-bdee-8f06b37d7caf,2026-07-11T12:45:00Z,2026-07-11T14:45:00+0200,422.836,MW,NL,NL,actual_load,Actual Load,2026-07-30T23:22:13Z
2026-07-30T23:20:14Z,2026-07-31T01:20:14+0200,3d9904ea-ea5b-47d7-bdee-8f06b37d7caf,2026-07-11T13:00:00Z,2026-07-11T15:00:00+0200,438.036,MW,NL,NL,actual_load,Actual Load,2026-07-30T23:22:13Z
2026-07-30T23:20:14Z,2026-07-31T01:20:14+0200,3d9904ea-ea5b-47d7-bdee-8f06b37d7caf,2026-07-11T13:15:00Z,2026-07-11T15:15:00+0200,715.186,MW,NL,NL,actual_load,Actual Load,2026-07-30T23:22:13Z
2026-07-30T23:20:14Z,2026-07-31T01:20:14+0200,3d9904ea-ea5b-47d7-bdee-8f06b37d7caf,2026-07-11T13:30:00Z,2026-07-11T15:30:00+0200,581.766,MW,NL,NL,actual_load,Actual Load,2026-07-30T23:22:13Z
2026-07-30T23:20:14Z,2026-07-31T01:20:14+0200,3d9904ea-ea5b-47d7-bdee-8f06b37d7caf,2026-07-11T13:45:00Z,2026-07-11T15:45:00+0200,935.036,MW,NL,NL,actual_load,Actual Load,2026-07-30T23:22:13Z
2026-07-30T23:20:14Z,2026-07-31T01:20:14+0200,3d9904ea-ea5b-47d7-bdee-8f06b37d7caf,2026-07-11T14:00:00Z,2026-07-11T16:00:00+0200,1004.116,MW,NL,NL,actual_load,Actual Load,2026-07-30T23:22:13Z
2026-07-30T23:20:14Z,2026-07-31T01:20:14+0200,3d9904ea-ea5b-47d7-bdee-8f06b37d7caf,2026-07-11T14:15:00Z,2026-07-11T16:15:00+0200,1551.226,MW,NL,NL,actual_load,Actual Load,2026-07-30T23:22:13Z
2026-07-30T23:20:14Z,2026-07-31T01:20:14+0200,3d9904ea-ea5b-47d7-bdee-8f06b37d7caf,2026-07-11T14:30:00Z,2026-07-11T16:30:00+0200,1632.906,MW,NL,NL,actual_load,Actual Load,2026-07-30T23:22:13Z
2026-07-30T23:20:14Z,2026-07-31T01:20:14+0200,3d9904ea-ea5b-47d7-bdee-8f06b37d7caf,2026-07-11T14:45:00Z,2026-07-11T16:45:00+0200,1853.616,MW,NL,NL,actual_load,Actual Load,2026-07-30T23:22:13Z
2026-07-30T23:20:14Z,2026-07-31T01:20:14+0200,3d9904ea-ea5b-47d7-bdee-8f06b37d7caf,2026-07-11T15:00:00Z,2026-07-11T17:00:00+0200,2281.076,MW,NL,NL,actual_load,Actual Load,2026-07-30T23:22:13Z
2026-07-30T23:20:14Z,2026-07-31T01:20:14+0200,3d9904ea-ea5b-47d7-bdee-8f06b37d7caf,2026-07-11T15:15:00Z,2026-07-11T17:15:00+0200,2769.158,MW,NL,NL,actual_load,Actual Load,2026-07-30T23:22:13Z
2026-07-30T23:20:14Z,2026-07-31T01:20:14+0200,3d9904ea-ea5b-47d7-bdee-8f06b37d7caf,2026-07-11T15:30:00Z,2026-07-11T17:30:00+0200,3267.906,MW,NL,NL,actual_load,Actual Load,2026-07-30T23:22:13Z
2026-07-30T23:20:14Z,2026-07-31T01:20:14+0200,3d9904ea-ea5b-47d7-bdee-8f06b37d7caf,2026-07-11T15:45:00Z,2026-07-11T17:45:00+0200,3571.284,MW,NL,NL,actual_load,Actual Load,2026-07-30T23:22:13Z
2026-07-30T23:20:14Z,2026-07-31T01:20:14+0200,3d9904ea-ea5b-47d7-bdee-8f06b37d7caf,2026-07-11T16:00:00Z,2026-07-11T18:00:00+0200,4097.866,MW,NL,NL,actual_load,Actual Load,2026-07-30T23:22:13Z
2026-07-30T23:20:14Z,2026-07-31T01:20:14+0200,3d9904ea-ea5b-47d7-bdee-8f06b37d7caf,2026-07-11T16:15:00Z,2026-07-11T18:15:00+0200,4843.596,MW,NL,NL,actual_load,Actual Load,2026-07-30T23:22:13Z
2026-07-30T23:20:14Z,2026-07-31T01:20:14+0200,3d9904ea-ea5b-47d7-bdee-8f06b37d7caf,2026-07-11T16:30:00Z,2026-07-11T18:30:00+0200,5531.426,MW,NL,NL,actual_load,Actual Load,2026-07-30T23:22:13Z
2026-07-30T23:20:14Z,2026-07-31T01:20:14+0200,3d9904ea-ea5b-47d7-bdee-8f06b37d7caf,2026-07-11T16:45:00Z,2026-07-11T18:45:00+0200,6208.546,MW,NL,NL,actual_load,Actual Load,2026-07-30T23:22:13Z
2026-07-30T23:20:14Z,2026-07-31T01:20:14+0200,3d9904ea-ea5b-47d7-bdee-8f06b37d7caf,2026-07-11T17:00:00Z,2026-07-11T19:00:00+0200,6803.476,MW,NL,NL,actual_load,Actual Load,2026-07-30T23:22:13Z
2026-07-30T23:20:14Z,2026-07-31T01:20:14+0200,3d9904ea-ea5b-47d7-bdee-8f06b37d7caf,2026-07-11T17:15:00Z,2026-07-11T19:15:00+0200,7580.856,MW,NL,NL,actual_load,Actual Load,2026-07-30T23:22:13Z
2026-07-30T23:20:14Z,2026-07-31T01:20:14+0200,3d9904ea-ea5b-47d7-bdee-8f06b37d7caf,2026-07-11T17:30:00Z,2026-07-11T19:30:00+0200,8155.776,MW,NL,NL,actual_load,Actual Load,2026-07-30T23:22:13Z
2026-07-30T23:20:14Z,2026-07-31T01:20:14+0200,3d9904ea-ea5b-47d7-bdee-8f06b37d7caf,2026-07-11T17:45:00Z,2026-07-11T19:45:00+0200,8717.906,MW,NL,NL,actual_load,Actual Load,2026-07-30T23:22:13Z
2026-07-30T23:20:14Z,2026-07-31T01:20:14+0200,3d9904ea-ea5b-47d7-bdee-8f06b37d7caf,2026-07-11T18:00:00Z,2026-07-11T20:00:00+0200,9004.606,MW,NL,NL,actual_load,Actual Load,2026-07-30T23:22:13Z
2026-07-30T23:20:14Z,2026-07-31T01:20:14+0200,3d9904ea-ea5b-47d7-bdee-8f06b37d7caf,2026-07-11T18:15:00Z,2026-07-11T20:15:00+0200,9287.606,MW,NL,NL,actual_load,Actual Load,2026-07-30T23:22:13Z
2026-07-30T23:20:14Z,2026-07-31T01:20:14+0200,3d9904ea-ea5b-47d7-bdee-8f06b37d7caf,2026-07-11T18:30:00Z,2026-07-11T20:30:00+0200,9597.726,MW,NL,NL,actual_load,Actual Load,2026-07-30T23:22:13Z
2026-07-30T23:20:14Z,2026-07-31T01:20:14+0200,3d9904ea-ea5b-47d7-bdee-8f06b37d7caf,2026-07-11T18:45:00Z,2026-07-11T20:45:00+0200,9876.396,MW,NL,NL,actual_load,Actual Load,2026-07-30T23:22:13Z
2026-07-30T23:20:14Z,2026-07-31T01:20:14+0200,3d9904ea-ea5b-47d7-bdee-8f06b37d7caf,2026-07-11T19:00:00Z,2026-07-11T21:00:00+0200,10018.226,MW,NL,NL,actual_load,Actual Load,2026-07-30T23:22:13Z
2026-07-30T23:20:14Z,2026-07-31T01:20:14+0200,3d9904ea-ea5b-47d7-bdee-8f06b37d7caf,2026-07-11T19:15:00Z,2026-07-11T21:15:00+0200,10112.556,MW,NL,NL,actual_load,Actual Load,2026-07-30T23:22:13Z
2026-07-30T23:20:14Z,2026-07-31T01:20:14+0200,3d9904ea-ea5b-47d7-bdee-8f06b37d7caf,2026-07-11T19:30:00Z,2026-07-11T21:30:00+0200,10381.696,MW,NL,NL,actual_load,Actual Load,2026-07-30T23:22:13Z
2026-07-30T23:20:14Z,2026-07-31T01:20:14+0200,3d9904ea-ea5b-47d7-bdee-8f06b37d7caf,2026-07-11T19:45:00Z,2026-07-11T21:45:00+0200,10444.256,MW,NL,NL,actual_load,Actual Load,2026-07-30T23:22:13Z
2026-07-30T23:20:14Z,2026-07-31T01:20:14+0200,3d9904ea-ea5b-47d7-bdee-8f06b37d7caf,2026-07-11T20:00:00Z,2026-07-11T22:00:00+0200,10461.596,MW,NL,NL,actual_load,Actual Load,2026-07-30T23:22:13Z
2026-07-30T23:20:14Z,2026-07-31T01:20:14+0200,3d9904ea-ea5b-47d7-bdee-8f06b37d7caf,2026-07-11T20:15:00Z,2026-07-11T22:15:00+0200,10527.086,MW,NL,NL,actual_load,Actual Load,2026-07-30T23:22:13Z
2026-07-30T23:20:14Z,2026-07-31T01:20:14+0200,3d9904ea-ea5b-47d7-bdee-8f06b37d7caf,2026-07-11T20:30:00Z,2026-07-11T22:30:00+0200,10678.826,MW,NL,NL,actual_load,Actual Load,2026-07-30T23:22:13Z
2026-07-30T23:20:14Z,2026-07-31T01:20:14+0200,3d9904ea-ea5b-47d7-bdee-8f06b37d7caf,2026-07-11T20:45:00Z,2026-07-11T22:45:00+0200,10667.046,MW,NL,NL,actual_load,Actual Load,2026-07-30T23:22:13Z
2026-07-30T23:20:14Z,2026-07-31T01:20:14+0200,3d9904ea-ea5b-47d7-bdee-8f06b37d7caf,2026-07-11T21:00:00Z,2026-07-11T23:00:00+0200,10766.336,MW,NL,NL,actual_load,Actual Load,2026-07-30T23:22:13Z
2026-07-30T23:20:14Z,2026-07-31T01:20:14+0200,3d9904ea-ea5b-47d7-bdee-8f06b37d7caf,2026-07-11T21:15:00Z,2026-07-11T23:15:00+0200,10670.706,MW,NL,NL,actual_load,Actual Load,2026-07-30T23:22:13Z
2026-07-30T23:20:14Z,2026-07-31T01:20:14+0200,3d9904ea-ea5b-47d7-bdee-8f06b37d7caf,2026-07-11T21:30:00Z,2026-07-11T23:30:00+0200,10716.996,MW,NL,NL,actual_load,Actual Load,2026-07-30T23:22:13Z
2026-07-30T23:20:14Z,2026-07-31T01:20:14+0200,3d9904ea-ea5b-47d7-bdee-8f06b37d7caf,2026-07-11T21:45:00Z,2026-07-11T23:45:00+0200,10728.546,MW,NL,NL,actual_load,Actual Load,2026-07-30T23:22:13Z
2026-07-30T23:20:14Z,2026-07-31T01:20:14+0200,3d9904ea-ea5b-47d7-bdee-8f06b37d7caf,2026-07-11T22:00:00Z,2026-07-12T00:00:00+0200,10580.826,MW,NL,NL,actual_load,Actual Load,2026-07-30T23:22:13Z
2026-07-30T23:20:14Z,2026-07-31T01:20:14+0200,3d9904ea-ea5b-47d7-bdee-8f06b37d7caf,2026-07-11T22:15:00Z,2026-07-12T00:15:00+0200,10570.016,MW,NL,NL,actual_load,Actual Load,2026-07-30T23:22:13Z
2026-07-30T23:20:14Z,2026-07-31T01:20:14+0200,3d9904ea-ea5b-47d7-bdee-8f06b37d7caf,2026-07-11T22:30:00Z,2026-07-12T00:30:00+0200,10636.536,MW,NL,NL,actual_load,Actual Load,2026-07-30T23:22:13Z
2026-07-30T23:20:14Z,2026-07-31T01:20:14+0200,3d9904ea-ea5b-47d7-bdee-8f06b37d7caf,2026-07-11T22:45:00Z,2026-07-12T00:45:00+0200,10679.116,MW,NL,NL,actual_load,Actual Load,2026-07-30T23:22:13Z
2026-07-30T23:20:14Z,2026-07-31T01:20:14+0200,3d9904ea-ea5b-47d7-bdee-8f06b37d7caf,2026-07-11T23:00:00Z,2026-07-12T01:00:00+0200,10758.756,MW,NL,NL,actual_load,Actual Load,2026-07-30T23:22:13Z
2026-07-30T23:20:14Z,2026-07-31T01:20:14+0200,3d9904ea-ea5b-47d7-bdee-8f06b37d7caf,2026-07-11T23:15:00Z,2026-07-12T01:15:00+0200,10831.686,MW,NL,NL,actual_load,Actual Load,2026-07-30T23:22:13Z
2026-07-30T23:20:14Z,2026-07-31T01:20:14+0200,3d9904ea-ea5b-47d7-bdee-8f06b37d7caf,2026-07-11T23:30:00Z,2026-07-12T01:30:00+0200,10724.796,MW,NL,NL,actual_load,Actual Load,2026-07-30T23:22:13Z
2026-07-30T23:20:14Z,2026-07-31T01:20:14+0200,3d9904ea-ea5b-47d7-bdee-8f06b37d7caf,2026-07-11T23:45:00Z,2026-07-12T01:45:00+0200,10536.256,MW,NL,NL,actual_load,Actual Load,2026-07-30T23:22:13Z
2026-07-30T23:20:14Z,2026-07-31T01:20:14+0200,3d9904ea-ea5b-47d7-bdee-8f06b37d7caf,2026-07-12T00:00:00Z,2026-07-12T02:00:00+0200,10377.866,MW,NL,NL,actual_load,Actual Load,2026-07-30T23:22:13Z
2026-07-30T23:20:14Z,2026-07-31T01:20:14+0200,3d9904ea-ea5b-47d7-bdee-8f06b37d7caf,2026-07-12T00:15:00Z,2026-07-12T02:15:00+0200,10339.696,MW,NL,NL,actual_load,Actual Load,2026-07-30T23:22:13Z
2026-07-30T23:20:14Z,2026-07-31T01:20:14+0200,3d9904ea-ea5b-47d7-bdee-8f06b37d7caf,2026-07-12T00:30:00Z,2026-07-12T02:30:00+0200,10211.006,MW,NL,NL,actual_load,Actual Load,2026-07-30T23:22:13Z
2026-07-30T23:20:14Z,2026-07-31T01:20:14+0200,3d9904ea-ea5b-47d7-bdee-8f06b37d7caf,2026-07-12T00:45:00Z,2026-07-12T02:45:00+0200,10151.786,MW,NL,NL,actual_load,Actual Load,2026-07-30T23:22:13Z
2026-07-30T23:20:14Z,2026-07-31T01:20:14+0200,3d9904ea-ea5b-47d7-bdee-8f06b37d7caf,2026-07-12T01:00:00Z,2026-07-12T03:00:00+0200,10092.396,MW,NL,NL,actual_load,Actual Load,2026-07-30T23:22:13Z
2026-07-30T23:20:14Z,2026-07-31T01:20:14+0200,3d9904ea-ea5b-47d7-bdee-8f06b37d7caf,2026-07-12T01:15:00Z,2026-07-12T03:15:00+0200,9949.436,MW,NL,NL,actual_load,Actual Load,2026-07-30T23:22:13Z
2026-07-30T23:20:14Z,2026-07-31T01:20:14+0200,3d9904ea-ea5b-47d7-bdee-8f06b37d7caf,2026-07-12T01:30:00Z,2026-07-12T03:30:00+0200,9874.796,MW,NL,NL,actual_load,Actual Load,2026-07-30T23:22:13Z
2026-07-30T23:20:14Z,2026-07-31T01:20:14+0200,3d9904ea-ea5b-47d7-bdee-8f06b37d7caf,2026-07-12T01:45:00Z,2026-07-12T03:45:00+0200,9824.266,MW,NL,NL,actual_load,Actual Load,2026-07-30T23:22:13Z
2026-07-30T23:20:14Z,2026-07-31T01:20:14+0200,3d9904ea-ea5b-47d7-bdee-8f06b37d7caf,2026-07-12T02:00:00Z,2026-07-12T04:00:00+0200,9808.476,MW,NL,NL,actual_load,Actual Load,2026-07-30T23:22:13Z
2026-07-30T23:20:14Z,2026-07-31T01:20:14+0200,3d9904ea-ea5b-47d7-bdee-8f06b37d7caf,2026-07-12T02:15:00Z,2026-07-12T04:15:00+0200,9799.746,MW,NL,NL,actual_load,Actual Load,2026-07-30T23:22:13Z
2026-07-30T23:20:14Z,2026-07-31T01:20:14+0200,3d9904ea-ea5b-47d7-bdee-8f06b37d7caf,2026-07-12T02:30:00Z,2026-07-12T04:30:00+0200,9788.506,MW,NL,NL,actual_load,Actual Load,2026-07-30T23:22:13Z
2026-07-30T23:20:14Z,2026-07-31T01:20:14+0200,3d9904ea-ea5b-47d7-bdee-8f06b37d7caf,2026-07-12T02:45:00Z,2026-07-12T04:45:00+0200,9801.576,MW,NL,NL,actual_load,Actual Load,2026-07-30T23:22:13Z
2026-07-30T23:20:14Z,2026-07-31T01:20:14+0200,3d9904ea-ea5b-47d7-bdee-8f06b37d7caf,2026-07-12T03:00:00Z,2026-07-12T05:00:00+0200,9837.476,MW,NL,NL,actual_load,Actual Load,2026-07-30T23:22:13Z
2026-07-30T23:20:14Z,2026-07-31T01:20:14+0200,3d9904ea-ea5b-47d7-bdee-8f06b37d7caf,2026-07-12T03:15:00Z,2026-07-12T05:15:00+0200,9822.626,MW,NL,NL,actual_load,Actual Load,2026-07-30T23:22:13Z
2026-07-30T23:20:14Z,2026-07-31T01:20:14+0200,3d9904ea-ea5b-47d7-bdee-8f06b37d7caf,2026-07-12T03:30:00Z,2026-07-12T05:30:00+0200,9878.436,MW,NL,NL,actual_load,Actual Load,2026-07-30T23:22:13Z
2026-07-30T23:20:14Z,2026-07-31T01:20:14+0200,3d9904ea-ea5b-47d7-bdee-8f06b37d7caf,2026-07-12T03:45:00Z,2026-07-12T05:45:00+0200,9888.296,MW,NL,NL,actual_load,Actual Load,2026-07-30T23:22:13Z
2026-07-30T23:20:14Z,2026-07-31T01:20:14+0200,3d9904ea-ea5b-47d7-bdee-8f06b37d7caf,2026-07-12T04:00:00Z,2026-07-12T06:00:00+0200,9811.456,MW,NL,NL,actual_load,Actual Load,2026-07-30T23:22:13Z
2026-07-30T23:20:14Z,2026-07-31T01:20:14+0200,3d9904ea-ea5b-47d7-bdee-8f06b37d7caf,2026-07-12T04:15:00Z,2026-07-12T06:15:00+0200,9551.526,MW,NL,NL,actual_load,Actual Load,2026-07-30T23:22:13Z
2026-07-30T23:20:14Z,2026-07-31T01:20:14+0200,3d9904ea-ea5b-47d7-bdee-8f06b37d7caf,2026-07-12T04:30:00Z,2026-07-12T06:30:00+0200,9362.886,MW,NL,NL,actual_load,Actual Load,2026-07-30T23:22:13Z
2026-07-30T23:20:14Z,2026-07-31T01:20:14+0200,3d9904ea-ea5b-47d7-bdee-8f06b37d7caf,2026-07-12T04:45:00Z,2026-07-12T06:45:00+0200,9063.506,MW,NL,NL,actual_load,Actual Load,2026-07-30T23:22:13Z
2026-07-30T23:20:14Z,2026-07-31T01:20:14+0200,3d9904ea-ea5b-47d7-bdee-8f06b37d7caf,2026-07-12T05:00:00Z,2026-07-12T07:00:00+0200,8712.556,MW,NL,NL,actual_load,Actual Load,2026-07-30T23:22:13Z
2026-07-30T23:20:14Z,2026-07-31T01:20:14+0200,3d9904ea-ea5b-47d7-bdee-8f06b37d7caf,2026-07-12T05:15:00Z,2026-07-12T07:15:00+0200,8296.386,MW,NL,NL,actual_load,Actual Load,2026-07-30T23:22:13Z
2026-07-30T23:20:14Z,2026-07-31T01:20:14+0200,3d9904ea-ea5b-47d7-bdee-8f06b37d7caf,2026-07-12T05:30:00Z,2026-07-12T07:30:00+0200,7845.766,MW,NL,NL,actual_load,Actual Load,2026-07-30T23:22:13Z
2026-07-30T23:20:14Z,2026-07-31T01:20:14+0200,3d9904ea-ea5b-47d7-bdee-8f06b37d7caf,2026-07-12T05:45:00Z,2026-07-12T07:45:00+0200,7470.616,MW,NL,NL,actual_load,Actual Load,2026-07-30T23:22:13Z
2026-07-30T23:20:14Z,2026-07-31T01:20:14+0200,3d9904ea-ea5b-47d7-bdee-8f06b37d7caf,2026-07-12T06:00:00Z,2026-07-12T08:00:00+0200,7179.106,MW,NL,NL,actual_load,Actual Load,2026-07-30T23:22:13Z
2026-07-30T23:20:14Z,2026-07-31T01:20:14+0200,3d9904ea-ea5b-47d7-bdee-8f06b37d7caf,2026-07-12T06:15:00Z,2026-07-12T08:15:00+0200,6751.276,MW,NL,NL,actual_load,Actual Load,2026-07-30T23:22:13Z
2026-07-30T23:20:14Z,2026-07-31T01:20:14+0200,3d9904ea-ea5b-47d7-bdee-8f06b37d7caf,2026-07-12T06:30:00Z,2026-07-12T08:30:00+0200,6418.416,MW,NL,NL,actual_load,Actual Load,2026-07-30T23:22:13Z
2026-07-30T23:20:14Z,2026-07-31T01:20:14+0200,3d9904ea-ea5b-47d7-bdee-8f06b37d7caf,2026-07-12T06:45:00Z,2026-07-12T08:45:00+0200,6080.176,MW,NL,NL,actual_load,Actual Load,2026-07-30T23:22:13Z
2026-07-30T23:20:14Z,2026-07-31T01:20:14+0200,3d9904ea-ea5b-47d7-bdee-8f06b37d7caf,2026-07-12T07:00:00Z,2026-07-12T09:00:00+0200,5675.516,MW,NL,NL,actual_load,Actual Load,2026-07-30T23:22:13Z
2026-07-30T23:20:14Z,2026-07-31T01:20:14+0200,3d9904ea-ea5b-47d7-bdee-8f06b37d7caf,2026-07-12T07:15:00Z,2026-07-12T09:15:00+0200,5154.696,MW,NL,NL,actual_load,Actual Load,2026-07-30T23:22:13Z
2026-07-30T23:20:14Z,2026-07-31T01:20:14+0200,3d9904ea-ea5b-47d7-bdee-8f06b37d7caf,2026-07-12T07:30:00Z,2026-07-12T09:30:00+0200,4471.961,MW,NL,NL,actual_load,Actual Load,2026-07-30T23:22:13Z
2026-07-30T23:20:14Z,2026-07-31T01:20:14+0200,3d9904ea-ea5b-47d7-bdee-8f06b37d7caf,2026-07-12T07:45:00Z,2026-07-12T09:45:00+0200,4176.09,MW,NL,NL,actual_load,Actual Load,2026-07-30T23:22:13Z
2026-07-30T23:20:14Z,2026-07-31T01:20:14+0200,3d9904ea-ea5b-47d7-bdee-8f06b37d7caf,2026-07-12T08:00:00Z,2026-07-12T10:00:00+0200,3704.383,MW,NL,NL,actual_load,Actual Load,2026-07-30T23:22:13Z
2026-07-30T23:20:14Z,2026-07-31T01:20:14+0200,3d9904ea-ea5b-47d7-bdee-8f06b37d7caf,2026-07-12T08:15:00Z,2026-07-12T10:15:00+0200,4012.981,MW,NL,NL,actual_load,Actual Load,2026-07-30T23:22:13Z
2026-07-30T23:20:14Z,2026-07-31T01:20:14+0200,3d9904ea-ea5b-47d7-bdee-8f06b37d7caf,2026-07-12T08:30:00Z,2026-07-12T10:30:00+0200,3687.926,MW,NL,NL,actual_load,Actual Load,2026-07-30T23:22:13Z
2026-07-30T23:20:14Z,2026-07-31T01:20:14+0200,3d9904ea-ea5b-47d7-bdee-8f06b37d7caf,2026-07-12T08:45:00Z,2026-07-12T10:45:00+0200,3271.346,MW,NL,NL,actual_load,Actual Load,2026-07-30T23:22:13Z
2026-07-30T23:20:14Z,2026-07-31T01:20:14+0200,3d9904ea-ea5b-47d7-bdee-8f06b37d7caf,2026-07-12T09:00:00Z,2026-07-12T11:00:00+0200,3109.389,MW,NL,NL,actual_load,Actual Load,2026-07-30T23:22:13Z
2026-07-30T23:20:14Z,2026-07-31T01:20:14+0200,3d9904ea-ea5b-47d7-bdee-8f06b37d7caf,2026-07-12T09:15:00Z,2026-07-12T11:15:00+0200,2654.083,MW,NL,NL,actual_load,Actual Load,2026-07-30T23:22:13Z
2026-07-30T23:20:14Z,2026-07-31T01:20:14+0200,3d9904ea-ea5b-47d7-bdee-8f06b37d7caf,2026-07-12T09:30:00Z,2026-07-12T11:30:00+0200,2338.906,MW,NL,NL,actual_load,Actual Load,2026-07-30T23:22:13Z
2026-07-30T23:20:14Z,2026-07-31T01:20:14+0200,3d9904ea-ea5b-47d7-bdee-8f06b37d7caf,2026-07-12T09:45:00Z,2026-07-12T11:45:00+0200,2451.346,MW,NL,NL,actual_load,Actual Load,2026-07-30T23:22:13Z
2026-07-30T23:20:14Z,2026-07-31T01:20:14+0200,3d9904ea-ea5b-47d7-bdee-8f06b37d7caf,2026-07-12T10:00:00Z,2026-07-12T12:00:00+0200,2286.986,MW,NL,NL,actual_load,Actual Load,2026-07-30T23:22:13Z
2026-07-30T23:20:14Z,2026-07-31T01:20:14+0200,3d9904ea-ea5b-47d7-bdee-8f06b37d7caf,2026-07-12T10:15:00Z,2026-07-12T12:15:00+0200,2307.476,MW,NL,NL,actual_load,Actual Load,2026-07-30T23:22:13Z
2026-07-30T23:20:14Z,2026-07-31T01:20:14+0200,3d9904ea-ea5b-47d7-bdee-8f06b37d7caf,2026-07-12T10:30:00Z,2026-07-12T12:30:00+0200,2206.696,MW,NL,NL,actual_load,Actual Load,2026-07-30T23:22:13Z
2026-07-30T23:20:14Z,2026-07-31T01:20:14+0200,3d9904ea-ea5b-47d7-bdee-8f06b37d7caf,2026-07-12T10:45:00Z,2026-07-12T12:45:00+0200,2416.086,MW,NL,NL,actual_load,Actual Load,2026-07-30T23:22:13Z
2026-07-30T23:20:14Z,2026-07-31T01:20:14+0200,3d9904ea-ea5b-47d7-bdee-8f06b37d7caf,2026-07-12T11:00:00Z,2026-07-12T13:00:00+0200,2385.476,MW,NL,NL,actual_load,Actual Load,2026-07-30T23:22:13Z
2026-07-30T23:20:14Z,2026-07-31T01:20:14+0200,3d9904ea-ea5b-47d7-bdee-8f06b37d7caf,2026-07-12T11:15:00Z,2026-07-12T13:15:00+0200,2514.816,MW,NL,NL,actual_load,Actual Load,2026-07-30T23:22:13Z
2026-07-30T23:20:14Z,2026-07-31T01:20:14+0200,3d9904ea-ea5b-47d7-bdee-8f06b37d7caf,2026-07-12T11:30:00Z,2026-07-12T13:30:00+0200,2724.413,MW,NL,NL,actual_load,Actual Load,2026-07-30T23:22:13Z
2026-07-30T23:20:14Z,2026-07-31T01:20:14+0200,3d9904ea-ea5b-47d7-bdee-8f06b37d7caf,2026-07-12T11:45:00Z,2026-07-12T13:45:00+0200,2650.678,MW,NL,NL,actual_load,Actual Load,2026-07-30T23:22:13Z
2026-07-30T23:20:14Z,2026-07-31T01:20:14+0200,3d9904ea-ea5b-47d7-bdee-8f06b37d7caf,2026-07-12T12:00:00Z,2026-07-12T14:00:00+0200,2743.561,MW,NL,NL,actual_load,Actual Load,2026-07-30T23:22:13Z
2026-07-30T23:20:14Z,2026-07-31T01:20:14+0200,3d9904ea-ea5b-47d7-bdee-8f06b37d7caf,2026-07-12T12:15:00Z,2026-07-12T14:15:00+0200,2756.383,MW,NL,NL,actual_load,Actual Load,2026-07-30T23:22:13Z
2026-07-30T23:20:14Z,2026-07-31T01:20:14+0200,3d9904ea-ea5b-47d7-bdee-8f06b37d7caf,2026-07-12T12:30:00Z,2026-07-12T14:30:00+0200,2858.143,MW,NL,NL,actual_load,Actual Load,2026-07-30T23:22:13Z
2026-07-30T23:20:14Z,2026-07-31T01:20:14+0200,3d9904ea-ea5b-47d7-bdee-8f06b37d7caf,2026-07-12T12:45:00Z,2026-07-12T14:45:00+0200,2825.492,MW,NL,NL,actual_load,Actual Load,2026-07-30T23:22:13Z
2026-07-30T23:20:14Z,2026-07-31T01:20:14+0200,3d9904ea-ea5b-47d7-bdee-8f06b37d7caf,2026-07-12T13:00:00Z,2026-07-12T15:00:00+0200,2889.23,MW,NL,NL,actual_load,Actual Load,2026-07-30T23:22:13Z
2026-07-30T23:20:14Z,2026-07-31T01:20:14+0200,3d9904ea-ea5b-47d7-bdee-8f06b37d7caf,2026-07-12T13:15:00Z,2026-07-12T15:15:00+0200,2986.728,MW,NL,NL,actual_load,Actual Load,2026-07-30T23:22:13Z
2026-07-30T23:20:14Z,2026-07-31T01:20:14+0200,3d9904ea-ea5b-47d7-bdee-8f06b37d7caf,2026-07-12T13:30:00Z,2026-07-12T15:30:00+0200,2942.703,MW,NL,NL,actual_load,Actual Load,2026-07-30T23:22:13Z
2026-07-30T23:20:14Z,2026-07-31T01:20:14+0200,3d9904ea-ea5b-47d7-bdee-8f06b37d7caf,2026-07-12T13:45:00Z,2026-07-12T15:45:00+0200,2684.616,MW,NL,NL,actual_load,Actual Load,2026-07-30T23:22:13Z
2026-07-30T23:20:14Z,2026-07-31T01:20:14+0200,3d9904ea-ea5b-47d7-bdee-8f06b37d7caf,2026-07-12T14:00:00Z,2026-07-12T16:00:00+0200,2477.716,MW,NL,NL,actual_load,Actual Load,2026-07-30T23:22:13Z
2026-07-30T23:20:14Z,2026-07-31T01:20:14+0200,3d9904ea-ea5b-47d7-bdee-8f06b37d7caf,2026-07-12T14:15:00Z,2026-07-12T16:15:00+0200,2697.56,MW,NL,NL,actual_load,Actual Load,2026-07-30T23:22:13Z
2026-07-30T23:20:14Z,2026-07-31T01:20:14+0200,3d9904ea-ea5b-47d7-bdee-8f06b37d7caf,2026-07-12T14:30:00Z,2026-07-12T16:30:00+0200,2856.195,MW,NL,NL,actual_load,Actual Load,2026-07-30T23:22:13Z
2026-07-30T23:20:14Z,2026-07-31T01:20:14+0200,3d9904ea-ea5b-47d7-bdee-8f06b37d7caf,2026-07-12T14:45:00Z,2026-07-12T16:45:00+0200,3150.555,MW,NL,NL,actual_load,Actual Load,2026-07-30T23:22:13Z
2026-07-30T23:20:14Z,2026-07-31T01:20:14+0200,3d9904ea-ea5b-47d7-bdee-8f06b37d7caf,2026-07-12T15:00:00Z,2026-07-12T17:00:00+0200,3312.097,MW,NL,NL,actual_load,Actual Load,2026-07-30T23:22:13Z
2026-07-30T23:20:14Z,2026-07-31T01:20:14+0200,3d9904ea-ea5b-47d7-bdee-8f06b37d7caf,2026-07-12T15:15:00Z,2026-07-12T17:15:00+0200,4051.376,MW,NL,NL,actual_load,Actual Load,2026-07-30T23:22:13Z
2026-07-30T23:20:14Z,2026-07-31T01:20:14+0200,3d9904ea-ea5b-47d7-bdee-8f06b37d7caf,2026-07-12T15:30:00Z,2026-07-12T17:30:00+0200,4884.956,MW,NL,NL,actual_load,Actual Load,2026-07-30T23:22:13Z
2026-07-30T23:20:14Z,2026-07-31T01:20:14+0200,3d9904ea-ea5b-47d7-bdee-8f06b37d7caf,2026-07-12T15:45:00Z,2026-07-12T17:45:00+0200,4388.871,MW,NL,NL,actual_load,Actual Load,2026-07-30T23:22:13Z
2026-07-30T23:20:14Z,2026-07-31T01:20:14+0200,3d9904ea-ea5b-47d7-bdee-8f06b37d7caf,2026-07-12T16:00:00Z,2026-07-12T18:00:00+0200,4596.097,MW,NL,NL,actual_load,Actual Load,2026-07-30T23:22:13Z
2026-07-30T23:20:14Z,2026-07-31T01:20:14+0200,3d9904ea-ea5b-47d7-bdee-8f06b37d7caf,2026-07-12T16:15:00Z,2026-07-12T18:15:00+0200,5132.536,MW,NL,NL,actual_load,Actual Load,2026-07-30T23:22:13Z
2026-07-30T23:20:14Z,2026-07-31T01:20:14+0200,3d9904ea-ea5b-47d7-bdee-8f06b37d7caf,2026-07-12T16:30:00Z,2026-07-12T18:30:00+0200,5640.736,MW,NL,NL,actual_load,Actual Load,2026-07-30T23:22:13Z
2026-07-30T23:20:14Z,2026-07-31T01:20:14+0200,3d9904ea-ea5b-47d7-bdee-8f06b37d7caf,2026-07-12T16:45:00Z,2026-07-12T18:45:00+0200,5910.756,MW,NL,NL,actual_load,Actual Load,2026-07-30T23:22:13Z
2026-07-30T23:20:14Z,2026-07-31T01:20:14+0200,3d9904ea-ea5b-47d7-bdee-8f06b37d7caf,2026-07-12T17:00:00Z,2026-07-12T19:00:00+0200,6300.766,MW,NL,NL,actual_load,Actual Load,2026-07-30T23:22:13Z
2026-07-30T23:20:14Z,2026-07-31T01:20:14+0200,3d9904ea-ea5b-47d7-bdee-8f06b37d7caf,2026-07-12T17:15:00Z,2026-07-12T19:15:00+0200,6784.326,MW,NL,NL,actual_load,Actual Load,2026-07-30T23:22:13Z
2026-07-30T23:20:14Z,2026-07-31T01:20:14+0200,3d9904ea-ea5b-47d7-bdee-8f06b37d7caf,2026-07-12T17:30:00Z,2026-07-12T19:30:00+0200,7231.096,MW,NL,NL,actual_load,Actual Load,2026-07-30T23:22:13Z
2026-07-30T23:20:14Z,2026-07-31T01:20:14+0200,3d9904ea-ea5b-47d7-bdee-8f06b37d7caf,2026-07-12T17:45:00Z,2026-07-12T19:45:00+0200,7616.166,MW,NL,NL,actual_load,Actual Load,2026-07-30T23:22:13Z
2026-07-30T23:20:14Z,2026-07-31T01:20:14+0200,3d9904ea-ea5b-47d7-bdee-8f06b37d7caf,2026-07-12T18:00:00Z,2026-07-12T20:00:00+0200,7623.126,MW,NL,NL,actual_load,Actual Load,2026-07-30T23:22:13Z
2026-07-30T23:20:14Z,2026-07-31T01:20:14+0200,3d9904ea-ea5b-47d7-bdee-8f06b37d7caf,2026-07-12T18:15:00Z,2026-07-12T20:15:00+0200,8061.626,MW,NL,NL,actual_load,Actual Load,2026-07-30T23:22:13Z
2026-07-30T23:20:14Z,2026-07-31T01:20:14+0200,3d9904ea-ea5b-47d7-bdee-8f06b37d7caf,2026-07-12T18:30:00Z,2026-07-12T20:30:00+0200,8428.066,MW,NL,NL,actual_load,Actual Load,2026-07-30T23:22:13Z
2026-07-30T23:20:14Z,2026-07-31T01:20:14+0200,3d9904ea-ea5b-47d7-bdee-8f06b37d7caf,2026-07-12T18:45:00Z,2026-07-12T20:45:00+0200,8749.936,MW,NL,NL,actual_load,Actual Load,2026-07-30T23:22:13Z
2026-07-30T23:20:14Z,2026-07-31T01:20:14+0200,3d9904ea-ea5b-47d7-bdee-8f06b37d7caf,2026-07-12T19:00:00Z,2026-07-12T21:00:00+0200,9369.376,MW,NL,NL,actual_load,Actual Load,2026-07-30T23:22:13Z
2026-07-30T23:20:14Z,2026-07-31T01:20:14+0200,3d9904ea-ea5b-47d7-bdee-8f06b37d7caf,2026-07-12T19:15:00Z,2026-07-12T21:15:00+0200,9897.836,MW,NL,NL,actual_load,Actual Load,2026-07-30T23:22:13Z
2026-07-30T23:20:14Z,2026-07-31T01:20:14+0200,3d9904ea-ea5b-47d7-bdee-8f06b37d7caf,2026-07-12T19:30:00Z,2026-07-12T21:30:00+0200,10195.126,MW,NL,NL,actual_load,Actual Load,2026-07-30T23:22:13Z
2026-07-30T23:20:14Z,2026-07-31T01:20:14+0200,3d9904ea-ea5b-47d7-bdee-8f06b37d7caf,2026-07-12T19:45:00Z,2026-07-12T21:45:00+0200,10409.336,MW,NL,NL,actual_load,Actual Load,2026-07-30T23:22:13Z
2026-07-30T23:20:14Z,2026-07-31T01:20:14+0200,3d9904ea-ea5b-47d7-bdee-8f06b37d7caf,2026-07-12T20:00:00Z,2026-07-12T22:00:00+0200,10521.166,MW,NL,NL,actual_load,Actual Load,2026-07-30T23:22:13Z
2026-07-30T23:20:14Z,2026-07-31T01:20:14+0200,3d9904ea-ea5b-47d7-bdee-8f06b37d7caf,2026-07-12T20:15:00Z,2026-07-12T22:15:00+0200,10627.896,MW,NL,NL,actual_load,Actual Load,2026-07-30T23:22:13Z
2026-07-30T23:20:14Z,2026-07-31T01:20:14+0200,3d9904ea-ea5b-47d7-bdee-8f06b37d7caf,2026-07-12T20:30:00Z,2026-07-12T22:30:00+0200,10732.326,MW,NL,NL,actual_load,Actual Load,2026-07-30T23:22:13Z
2026-07-30T23:20:14Z,2026-07-31T01:20:14+0200,3d9904ea-ea5b-47d7-bdee-8f06b37d7caf,2026-07-12T20:45:00Z,2026-07-12T22:45:00+0200,10618.216,MW,NL,NL,actual_load,Actual Load,2026-07-30T23:22:13Z
2026-07-30T23:20:14Z,2026-07-31T01:20:14+0200,3d9904ea-ea5b-47d7-bdee-8f06b37d7caf,2026-07-12T21:00:00Z,2026-07-12T23:00:00+0200,10508.406,MW,NL,NL,actual_load,Actual Load,2026-07-30T23:22:13Z
2026-07-30T23:20:14Z,2026-07-31T01:20:14+0200,3d9904ea-ea5b-47d7-bdee-8f06b37d7caf,2026-07-12T21:15:00Z,2026-07-12T23:15:00+0200,10388.266,MW,NL,NL,actual_load,Actual Load,2026-07-30T23:22:13Z
2026-07-30T23:20:14Z,2026-07-31T01:20:14+0200,3d9904ea-ea5b-47d7-bdee-8f06b37d7caf,2026-07-12T21:30:00Z,2026-07-12T23:30:00+0200,10256.576,MW,NL,NL,actual_load,Actual Load,2026-07-30T23:22:13Z
2026-07-30T23:20:14Z,2026-07-31T01:20:14+0200,3d9904ea-ea5b-47d7-bdee-8f06b37d7caf,2026-07-12T21:45:00Z,2026-07-12T23:45:00+0200,10287.986,MW,NL,NL,actual_load,Actual Load,2026-07-30T23:22:13Z
2026-07-30T23:20:14Z,2026-07-31T01:20:14+0200,3d9904ea-ea5b-47d7-bdee-8f06b37d7caf,2026-07-12T22:00:00Z,2026-07-13T00:00:00+0200,10283.496,MW,NL,NL,actual_load,Actual Load,2026-07-30T23:22:13Z
2026-07-30T23:20:14Z,2026-07-31T01:20:14+0200,3d9904ea-ea5b-47d7-bdee-8f06b37d7caf,2026-07-12T22:15:00Z,2026-07-13T00:15:00+0200,10311.546,MW,NL,NL,actual_load,Actual Load,2026-07-30T23:22:13Z
2026-07-30T23:20:14Z,2026-07-31T01:20:14+0200,3d9904ea-ea5b-47d7-bdee-8f06b37d7caf,2026-07-12T22:30:00Z,2026-07-13T00:30:00+0200,10342.796,MW,NL,NL,actual_load,Actual Load,2026-07-30T23:22:13Z
2026-07-30T23:20:14Z,2026-07-31T01:20:14+0200,3d9904ea-ea5b-47d7-bdee-8f06b37d7caf,2026-07-12T22:45:00Z,2026-07-13T00:45:00+0200,10258.166,MW,NL,NL,actual_load,Actual Load,2026-07-30T23:22:13Z
2026-07-30T23:20:14Z,2026-07-31T01:20:14+0200,3d9904ea-ea5b-47d7-bdee-8f06b37d7caf,2026-07-12T23:00:00Z,2026-07-13T01:00:00+0200,10100.226,MW,NL,NL,actual_load,Actual Load,2026-07-30T23:22:13Z
2026-07-30T23:20:14Z,2026-07-31T01:20:14+0200,3d9904ea-ea5b-47d7-bdee-8f06b37d7caf,2026-07-12T23:15:00Z,2026-07-13T01:15:00+0200,10198.816,MW,NL,NL,actual_load,Actual Load,2026-07-30T23:22:13Z
2026-07-30T23:20:14Z,2026-07-31T01:20:14+0200,3d9904ea-ea5b-47d7-bdee-8f06b37d7caf,2026-07-12T23:30:00Z,2026-07-13T01:30:00+0200,10131.566,MW,NL,NL,actual_load,Actual Load,2026-07-30T23:22:13Z
2026-07-30T23:20:14Z,2026-07-31T01:20:14+0200,3d9904ea-ea5b-47d7-bdee-8f06b37d7caf,2026-07-12T23:45:00Z,2026-07-13T01:45:00+0200,10082.626,MW,NL,NL,actual_load,Actual Load,2026-07-30T23:22:13Z
2026-07-30T23:20:14Z,2026-07-31T01:20:14+0200,3d9904ea-ea5b-47d7-bdee-8f06b37d7caf,2026-07-13T00:00:00Z,2026-07-13T02:00:00+0200,10047.586,MW,NL,NL,actual_load,Actual Load,2026-07-30T23:22:13Z
2026-07-30T23:20:14Z,2026-07-31T01:20:14+0200,3d9904ea-ea5b-47d7-bdee-8f06b37d7caf,2026-07-13T00:15:00Z,2026-07-13T02:15:00+0200,10106.676,MW,NL,NL,actual_load,Actual Load,2026-07-30T23:22:13Z
2026-07-30T23:20:14Z,2026-07-31T01:20:14+0200,3d9904ea-ea5b-47d7-bdee-8f06b37d7caf,2026-07-13T00:30:00Z,2026-07-13T02:30:00+0200,10176.796,MW,NL,NL,actual_load,Actual Load,2026-07-30T23:22:13Z
2026-07-30T23:20:14Z,2026-07-31T01:20:14+0200,3d9904ea-ea5b-47d7-bdee-8f06b37d7caf,2026-07-13T00:45:00Z,2026-07-13T02:45:00+0200,10147.486,MW,NL,NL,actual_load,Actual Load,2026-07-30T23:22:13Z
2026-07-30T23:20:14Z,2026-07-31T01:20:14+0200,3d9904ea-ea5b-47d7-bdee-8f06b37d7caf,2026-07-13T01:00:00Z,2026-07-13T03:00:00+0200,10016.446,MW,NL,NL,actual_load,Actual Load,2026-07-30T23:22:13Z
2026-07-30T23:20:14Z,2026-07-31T01:20:14+0200,3d9904ea-ea5b-47d7-bdee-8f06b37d7caf,2026-07-13T01:15:00Z,2026-07-13T03:15:00+0200,10002.856,MW,NL,NL,actual_load,Actual Load,2026-07-30T23:22:13Z
2026-07-30T23:20:14Z,2026-07-31T01:20:14+0200,3d9904ea-ea5b-47d7-bdee-8f06b37d7caf,2026-07-13T01:30:00Z,2026-07-13T03:30:00+0200,10018.336,MW,NL,NL,actual_load,Actual Load,2026-07-30T23:22:13Z
2026-07-30T23:20:14Z,2026-07-31T01:20:14+0200,3d9904ea-ea5b-47d7-bdee-8f06b37d7caf,2026-07-13T01:45:00Z,2026-07-13T03:45:00+0200,10009.656,MW,NL,NL,actual_load,Actual Load,2026-07-30T23:22:13Z
2026-07-30T23:20:14Z,2026-07-31T01:20:14+0200,3d9904ea-ea5b-47d7-bdee-8f06b37d7caf,2026-07-13T02:00:00Z,2026-07-13T04:00:00+0200,9960.626,MW,NL,NL,actual_load,Actual Load,2026-07-30T23:22:13Z
2026-07-30T23:20:14Z,2026-07-31T01:20:14+0200,3d9904ea-ea5b-47d7-bdee-8f06b37d7caf,2026-07-13T02:15:00Z,2026-07-13T04:15:00+0200,9929.276,MW,NL,NL,actual_load,Actual Load,2026-07-30T23:22:13Z
2026-07-30T23:20:14Z,2026-07-31T01:20:14+0200,3d9904ea-ea5b-47d7-bdee-8f06b37d7caf,2026-07-13T02:30:00Z,2026-07-13T04:30:00+0200,9997.416,MW,NL,NL,actual_load,Actual Load,2026-07-30T23:22:13Z
2026-07-30T23:20:14Z,2026-07-31T01:20:14+0200,3d9904ea-ea5b-47d7-bdee-8f06b37d7caf,2026-07-13T02:45:00Z,2026-07-13T04:45:00+0200,9997.926,MW,NL,NL,actual_load,Actual Load,2026-07-30T23:22:13Z
2026-07-30T23:20:14Z,2026-07-31T01:20:14+0200,3d9904ea-ea5b-47d7-bdee-8f06b37d7caf,2026-07-13T03:00:00Z,2026-07-13T05:00:00+0200,9998.156,MW,NL,NL,actual_load,Actual Load,2026-07-30T23:22:13Z
2026-07-30T23:20:14Z,2026-07-31T01:20:14+0200,3d9904ea-ea5b-47d7-bdee-8f06b37d7caf,2026-07-13T03:15:00Z,2026-07-13T05:15:00+0200,9966.366,MW,NL,NL,actual_load,Actual Load,2026-07-30T23:22:13Z
2026-07-30T23:20:14Z,2026-07-31T01:20:14+0200,3d9904ea-ea5b-47d7-bdee-8f06b37d7caf,2026-07-13T03:30:00Z,2026-07-13T05:30:00+0200,9782.516,MW,NL,NL,actual_load,Actual Load,2026-07-30T23:22:13Z
2026-07-30T23:20:14Z,2026-07-31T01:20:14+0200,3d9904ea-ea5b-47d7-bdee-8f06b37d7caf,2026-07-13T03:45:00Z,2026-07-13T05:45:00+0200,9827.206,MW,NL,NL,actual_load,Actual Load,2026-07-30T23:22:13Z
2026-07-30T23:20:14Z,2026-07-31T01:20:14+0200,3d9904ea-ea5b-47d7-bdee-8f06b37d7caf,2026-07-13T04:00:00Z,2026-07-13T06:00:00+0200,9839.886,MW,NL,NL,actual_load,Actual Load,2026-07-30T23:22:13Z
2026-07-30T23:20:14Z,2026-07-31T01:20:14+0200,3d9904ea-ea5b-47d7-bdee-8f06b37d7caf,2026-07-13T04:15:00Z,2026-07-13T06:15:00+0200,9960.976,MW,NL,NL,actual_load,Actual Load,2026-07-30T23:22:13Z
2026-07-30T23:20:14Z,2026-07-31T01:20:14+0200,3d9904ea-ea5b-47d7-bdee-8f06b37d7caf,2026-07-13T04:30:00Z,2026-07-13T06:30:00+0200,9794.006,MW,NL,NL,actual_load,Actual Load,2026-07-30T23:22:13Z
2026-07-30T23:20:14Z,2026-07-31T01:20:14+0200,3d9904ea-ea5b-47d7-bdee-8f06b37d7caf,2026-07-13T04:45:00Z,2026-07-13T06:45:00+0200,9820.186,MW,NL,NL,actual_load,Actual Load,2026-07-30T23:22:13Z
2026-07-30T23:20:14Z,2026-07-31T01:20:14+0200,3d9904ea-ea5b-47d7-bdee-8f06b37d7caf,2026-07-13T05:00:00Z,2026-07-13T07:00:00+0200,9604.336,MW,NL,NL,actual_load,Actual Load,2026-07-30T23:22:13Z
2026-07-30T23:20:14Z,2026-07-31T01:20:14+0200,3d9904ea-ea5b-47d7-bdee-8f06b37d7caf,2026-07-13T05:15:00Z,2026-07-13T07:15:00+0200,9419.916,MW,NL,NL,actual_load,Actual Load,2026-07-30T23:22:13Z
2026-07-30T23:20:14Z,2026-07-31T01:20:14+0200,3d9904ea-ea5b-47d7-bdee-8f06b37d7caf,2026-07-13T05:30:00Z,2026-07-13T07:30:00+0200,9448.966,MW,NL,NL,actual_load,Actual Load,2026-07-30T23:22:13Z
2026-07-30T23:20:14Z,2026-07-31T01:20:14+0200,3d9904ea-ea5b-47d7-bdee-8f06b37d7caf,2026-07-13T05:45:00Z,2026-07-13T07:45:00+0200,9266.796,MW,NL,NL,actual_load,Actual Load,2026-07-30T23:22:13Z
2026-07-30T23:20:14Z,2026-07-31T01:20:14+0200,3d9904ea-ea5b-47d7-bdee-8f06b37d7caf,2026-07-13T06:00:00Z,2026-07-13T08:00:00+0200,8880.766,MW,NL,NL,actual_load,Actual Load,2026-07-30T23:22:13Z
2026-07-30T23:20:14Z,2026-07-31T01:20:14+0200,3d9904ea-ea5b-47d7-bdee-8f06b37d7caf,2026-07-13T06:15:00Z,2026-07-13T08:15:00+0200,8443.606,MW,NL,NL,actual_load,Actual Load,2026-07-30T23:22:13Z
2026-07-30T23:20:14Z,2026-07-31T01:20:14+0200,3d9904ea-ea5b-47d7-bdee-8f06b37d7caf,2026-07-13T06:30:00Z,2026-07-13T08:30:00+0200,8135.826,MW,NL,NL,actual_load,Actual Load,2026-07-30T23:22:13Z
2026-07-30T23:20:14Z,2026-07-31T01:20:14+0200,3d9904ea-ea5b-47d7-bdee-8f06b37d7caf,2026-07-13T06:45:00Z,2026-07-13T08:45:00+0200,7737.916,MW,NL,NL,actual_load,Actual Load,2026-07-30T23:22:13Z
2026-07-30T23:20:14Z,2026-07-31T01:20:14+0200,3d9904ea-ea5b-47d7-bdee-8f06b37d7caf,2026-07-13T07:00:00Z,2026-07-13T09:00:00+0200,7389.506,MW,NL,NL,actual_load,Actual Load,2026-07-30T23:22:13Z
2026-07-30T23:20:14Z,2026-07-31T01:20:14+0200,3d9904ea-ea5b-47d7-bdee-8f06b37d7caf,2026-07-13T07:15:00Z,2026-07-13T09:15:00+0200,6944.036,MW,NL,NL,actual_load,Actual Load,2026-07-30T23:22:13Z
2026-07-30T23:20:14Z,2026-07-31T01:20:14+0200,3d9904ea-ea5b-47d7-bdee-8f06b37d7caf,2026-07-13T07:30:00Z,2026-07-13T09:30:00+0200,6472.276,MW,NL,NL,actual_load,Actual Load,2026-07-30T23:22:13Z
2026-07-30T23:20:14Z,2026-07-31T01:20:14+0200,3d9904ea-ea5b-47d7-bdee-8f06b37d7caf,2026-07-13T07:45:00Z,2026-07-13T09:45:00+0200,6103.036,MW,NL,NL,actual_load,Actual Load,2026-07-30T23:22:13Z
2026-07-30T23:20:14Z,2026-07-31T01:20:14+0200,3d9904ea-ea5b-47d7-bdee-8f06b37d7caf,2026-07-13T08:00:00Z,2026-07-13T10:00:00+0200,5626.336,MW,NL,NL,actual_load,Actual Load,2026-07-30T23:22:13Z
2026-07-30T23:20:14Z,2026-07-31T01:20:14+0200,3d9904ea-ea5b-47d7-bdee-8f06b37d7caf,2026-07-13T08:15:00Z,2026-07-13T10:15:00+0200,5157.776,MW,NL,NL,actual_load,Actual Load,2026-07-30T23:22:13Z
2026-07-30T23:20:14Z,2026-07-31T01:20:14+0200,3d9904ea-ea5b-47d7-bdee-8f06b37d7caf,2026-07-13T08:30:00Z,2026-07-13T10:30:00+0200,4572.787,MW,NL,NL,actual_load,Actual Load,2026-07-30T23:22:13Z
2026-07-30T23:20:14Z,2026-07-31T01:20:14+0200,3d9904ea-ea5b-47d7-bdee-8f06b37d7caf,2026-07-13T08:45:00Z,2026-07-13T10:45:00+0200,3961.718,MW,NL,NL,actual_load,Actual Load,2026-07-30T23:22:13Z
2026-07-30T23:20:14Z,2026-07-31T01:20:14+0200,3d9904ea-ea5b-47d7-bdee-8f06b37d7caf,2026-07-13T09:00:00Z,2026-07-13T11:00:00+0200,3413.166,MW,NL,NL,actual_load,Actual Load,2026-07-30T23:22:13Z
2026-07-30T23:20:14Z,2026-07-31T01:20:14+0200,3d9904ea-ea5b-47d7-bdee-8f06b37d7caf,2026-07-13T09:15:00Z,2026-07-13T11:15:00+0200,2987.25,MW,NL,NL,actual_load,Actual Load,2026-07-30T23:22:13Z
2026-07-30T23:20:14Z,2026-07-31T01:20:14+0200,3d9904ea-ea5b-47d7-bdee-8f06b37d7caf,2026-07-13T09:30:00Z,2026-07-13T11:30:00+0200,2438.216,MW,NL,NL,actual_load,Actual Load,2026-07-30T23:22:13Z
2026-07-30T23:20:14Z,2026-07-31T01:20:14+0200,3d9904ea-ea5b-47d7-bdee-8f06b37d7caf,2026-07-13T09:45:00Z,2026-07-13T11:45:00+0200,2246.876,MW,NL,NL,actual_load,Actual Load,2026-07-30T23:22:13Z
2026-07-30T23:20:14Z,2026-07-31T01:20:14+0200,3d9904ea-ea5b-47d7-bdee-8f06b37d7caf,2026-07-13T10:00:00Z,2026-07-13T12:00:00+0200,1941.686,MW,NL,NL,actual_load,Actual Load,2026-07-30T23:22:13Z
2026-07-30T23:20:14Z,2026-07-31T01:20:14+0200,3d9904ea-ea5b-47d7-bdee-8f06b37d7caf,2026-07-13T10:15:00Z,2026-07-13T12:15:00+0200,1964.326,MW,NL,NL,actual_load,Actual Load,2026-07-30T23:22:13Z
2026-07-30T23:20:14Z,2026-07-31T01:20:14+0200,3d9904ea-ea5b-47d7-bdee-8f06b37d7caf,2026-07-13T10:30:00Z,2026-07-13T12:30:00+0200,1723.686,MW,NL,NL,actual_load,Actual Load,2026-07-30T23:22:13Z
2026-07-30T23:20:14Z,2026-07-31T01:20:14+0200,3d9904ea-ea5b-47d7-bdee-8f06b37d7caf,2026-07-13T10:45:00Z,2026-07-13T12:45:00+0200,1467.366,MW,NL,NL,actual_load,Actual Load,2026-07-30T23:22:13Z
2026-07-30T23:20:14Z,2026-07-31T01:20:14+0200,3d9904ea-ea5b-47d7-bdee-8f06b37d7caf,2026-07-13T11:00:00Z,2026-07-13T13:00:00+0200,1389.556,MW,NL,NL,actual_load,Actual Load,2026-07-30T23:22:13Z
2026-07-30T23:20:14Z,2026-07-31T01:20:14+0200,3d9904ea-ea5b-47d7-bdee-8f06b37d7caf,2026-07-13T11:15:00Z,2026-07-13T13:15:00+0200,1353.716,MW,NL,NL,actual_load,Actual Load,2026-07-30T23:22:13Z
2026-07-30T23:20:14Z,2026-07-31T01:20:14+0200,3d9904ea-ea5b-47d7-bdee-8f06b37d7caf,2026-07-13T11:30:00Z,2026-07-13T13:30:00+0200,1367.766,MW,NL,NL,actual_load,Actual Load,2026-07-30T23:22:13Z
2026-07-30T23:20:14Z,2026-07-31T01:20:14+0200,3d9904ea-ea5b-47d7-bdee-8f06b37d7caf,2026-07-13T11:45:00Z,2026-07-13T13:45:00+0200,1290.946,MW,NL,NL,actual_load,Actual Load,2026-07-30T23:22:13Z
2026-07-30T23:20:14Z,2026-07-31T01:20:14+0200,3d9904ea-ea5b-47d7-bdee-8f06b37d7caf,2026-07-13T12:00:00Z,2026-07-13T14:00:00+0200,1515.816,MW,NL,NL,actual_load,Actual Load,2026-07-30T23:22:13Z
2026-07-30T23:20:14Z,2026-07-31T01:20:14+0200,3d9904ea-ea5b-47d7-bdee-8f06b37d7caf,2026-07-13T12:15:00Z,2026-07-13T14:15:00+0200,1534.246,MW,NL,NL,actual_load,Actual Load,2026-07-30T23:22:13Z
2026-07-30T23:20:14Z,2026-07-31T01:20:14+0200,3d9904ea-ea5b-47d7-bdee-8f06b37d7caf,2026-07-13T12:30:00Z,2026-07-13T14:30:00+0200,1456.326,MW,NL,NL,actual_load,Actual Load,2026-07-30T23:22:13Z
2026-07-30T23:20:14Z,2026-07-31T01:20:14+0200,3d9904ea-ea5b-47d7-bdee-8f06b37d7caf,2026-07-13T12:45:00Z,2026-07-13T14:45:00+0200,1480.636,MW,NL,NL,actual_load,Actual Load,2026-07-30T23:22:13Z
2026-07-30T23:20:14Z,2026-07-31T01:20:14+0200,3d9904ea-ea5b-47d7-bdee-8f06b37d7caf,2026-07-13T13:00:00Z,2026-07-13T15:00:00+0200,1636.976,MW,NL,NL,actual_load,Actual Load,2026-07-30T23:22:13Z
2026-07-30T23:20:14Z,2026-07-31T01:20:14+0200,3d9904ea-ea5b-47d7-bdee-8f06b37d7caf,2026-07-13T13:15:00Z,2026-07-13T15:15:00+0200,1625.316,MW,NL,NL,actual_load,Actual Load,2026-07-30T23:22:13Z
2026-07-30T23:20:14Z,2026-07-31T01:20:14+0200,3d9904ea-ea5b-47d7-bdee-8f06b37d7caf,2026-07-13T13:30:00Z,2026-07-13T15:30:00+0200,1892.866,MW,NL,NL,actual_load,Actual Load,2026-07-30T23:22:13Z
2026-07-30T23:20:14Z,2026-07-31T01:20:14+0200,3d9904ea-ea5b-47d7-bdee-8f06b37d7caf,2026-07-13T13:45:00Z,2026-07-13T15:45:00+0200,2146.786,MW,NL,NL,actual_load,Actual Load,2026-07-30T23:22:13Z
2026-07-30T23:20:14Z,2026-07-31T01:20:14+0200,3d9904ea-ea5b-47d7-bdee-8f06b37d7caf,2026-07-13T14:00:00Z,2026-07-13T16:00:00+0200,2436.986,MW,NL,NL,actual_load,Actual Load,2026-07-30T23:22:13Z
2026-07-30T23:20:14Z,2026-07-31T01:20:14+0200,3d9904ea-ea5b-47d7-bdee-8f06b37d7caf,2026-07-13T14:15:00Z,2026-07-13T16:15:00+0200,2661.337,MW,NL,NL,actual_load,Actual Load,2026-07-30T23:22:13Z
2026-07-30T23:20:14Z,2026-07-31T01:20:14+0200,3d9904ea-ea5b-47d7-bdee-8f06b37d7caf,2026-07-13T14:30:00Z,2026-07-13T16:30:00+0200,2982.662,MW,NL,NL,actual_load,Actual Load,2026-07-30T23:22:13Z
2026-07-30T23:20:14Z,2026-07-31T01:20:14+0200,3d9904ea-ea5b-47d7-bdee-8f06b37d7caf,2026-07-13T14:45:00Z,2026-07-13T16:45:00+0200,3512.829,MW,NL,NL,actual_load,Actual Load,2026-07-30T23:22:13Z
2026-07-30T23:20:14Z,2026-07-31T01:20:14+0200,3d9904ea-ea5b-47d7-bdee-8f06b37d7caf,2026-07-13T15:00:00Z,2026-07-13T17:00:00+0200,3973.981,MW,NL,NL,actual_load,Actual Load,2026-07-30T23:22:13Z
2026-07-30T23:20:14Z,2026-07-31T01:20:14+0200,3d9904ea-ea5b-47d7-bdee-8f06b37d7caf,2026-07-13T15:15:00Z,2026-07-13T17:15:00+0200,4407.37,MW,NL,NL,actual_load,Actual Load,2026-07-30T23:22:13Z
2026-07-30T23:20:14Z,2026-07-31T01:20:14+0200,3d9904ea-ea5b-47d7-bdee-8f06b37d7caf,2026-07-13T15:30:00Z,2026-07-13T17:30:00+0200,4815.576,MW,NL,NL,actual_load,Actual Load,2026-07-30T23:22:13Z
2026-07-30T23:20:14Z,2026-07-31T01:20:14+0200,3d9904ea-ea5b-47d7-bdee-8f06b37d7caf,2026-07-13T15:45:00Z,2026-07-13T17:45:00+0200,5346.516,MW,NL,NL,actual_load,Actual Load,2026-07-30T23:22:13Z
2026-07-30T23:20:14Z,2026-07-31T01:20:14+0200,3d9904ea-ea5b-47d7-bdee-8f06b37d7caf,2026-07-13T16:00:00Z,2026-07-13T18:00:00+0200,5606.606,MW,NL,NL,actual_load,Actual Load,2026-07-30T23:22:13Z
2026-07-30T23:20:14Z,2026-07-31T01:20:14+0200,3d9904ea-ea5b-47d7-bdee-8f06b37d7caf,2026-07-13T16:15:00Z,2026-07-13T18:15:00+0200,6360.386,MW,NL,NL,actual_load,Actual Load,2026-07-30T23:22:13Z
2026-07-30T23:20:14Z,2026-07-31T01:20:14+0200,3d9904ea-ea5b-47d7-bdee-8f06b37d7caf,2026-07-13T16:30:00Z,2026-07-13T18:30:00+0200,6871.646,MW,NL,NL,actual_load,Actual Load,2026-07-30T23:22:13Z
2026-07-30T23:20:14Z,2026-07-31T01:20:14+0200,3d9904ea-ea5b-47d7-bdee-8f06b37d7caf,2026-07-13T16:45:00Z,2026-07-13T18:45:00+0200,7266.386,MW,NL,NL,actual_load,Actual Load,2026-07-30T23:22:13Z
2026-07-30T23:20:14Z,2026-07-31T01:20:14+0200,3d9904ea-ea5b-47d7-bdee-8f06b37d7caf,2026-07-13T17:00:00Z,2026-07-13T19:00:00+0200,7497.926,MW,NL,NL,actual_load,Actual Load,2026-07-30T23:22:13Z
2026-07-30T23:20:14Z,2026-07-31T01:20:14+0200,3d9904ea-ea5b-47d7-bdee-8f06b37d7caf,2026-07-13T17:15:00Z,2026-07-13T19:15:00+0200,8185.606,MW,NL,NL,actual_load,Actual Load,2026-07-30T23:22:13Z
2026-07-30T23:20:14Z,2026-07-31T01:20:14+0200,3d9904ea-ea5b-47d7-bdee-8f06b37d7caf,2026-07-13T17:30:00Z,2026-07-13T19:30:00+0200,8542.976,MW,NL,NL,actual_load,Actual Load,2026-07-30T23:22:13Z
2026-07-30T23:20:14Z,2026-07-31T01:20:14+0200,3d9904ea-ea5b-47d7-bdee-8f06b37d7caf,2026-07-13T17:45:00Z,2026-07-13T19:45:00+0200,9013.486,MW,NL,NL,actual_load,Actual Load,2026-07-30T23:22:13Z
2026-07-30T23:20:14Z,2026-07-31T01:20:14+0200,3d9904ea-ea5b-47d7-bdee-8f06b37d7caf,2026-07-13T18:00:00Z,2026-07-13T20:00:00+0200,9373.746,MW,NL,NL,actual_load,Actual Load,2026-07-30T23:22:13Z
2026-07-30T23:20:14Z,2026-07-31T01:20:14+0200,3d9904ea-ea5b-47d7-bdee-8f06b37d7caf,2026-07-13T18:15:00Z,2026-07-13T20:15:00+0200,9896.846,MW,NL,NL,actual_load,Actual Load,2026-07-30T23:22:13Z
2026-07-30T23:20:14Z,2026-07-31T01:20:14+0200,3d9904ea-ea5b-47d7-bdee-8f06b37d7caf,2026-07-13T18:30:00Z,2026-07-13T20:30:00+0200,10294.066,MW,NL,NL,actual_load,Actual Load,2026-07-30T23:22:13Z
2026-07-30T23:20:14Z,2026-07-31T01:20:14+0200,3d9904ea-ea5b-47d7-bdee-8f06b37d7caf,2026-07-13T18:45:00Z,2026-07-13T20:45:00+0200,10493.166,MW,NL,NL,actual_load,Actual Load,2026-07-30T23:22:13Z
2026-07-30T23:20:14Z,2026-07-31T01:20:14+0200,3d9904ea-ea5b-47d7-bdee-8f06b37d7caf,2026-07-13T19:00:00Z,2026-07-13T21:00:00+0200,10756.536,MW,NL,NL,actual_load,Actual Load,2026-07-30T23:22:13Z
2026-07-30T23:20:14Z,2026-07-31T01:20:14+0200,3d9904ea-ea5b-47d7-bdee-8f06b37d7caf,2026-07-13T19:15:00Z,2026-07-13T21:15:00+0200,11014.786,MW,NL,NL,actual_load,Actual Load,2026-07-30T23:22:13Z
2026-07-30T23:20:14Z,2026-07-31T01:20:14+0200,3d9904ea-ea5b-47d7-bdee-8f06b37d7caf,2026-07-13T19:30:00Z,2026-07-13T21:30:00+0200,11288.466,MW,NL,NL,actual_load,Actual Load,2026-07-30T23:22:13Z
2026-07-30T23:20:14Z,2026-07-31T01:20:14+0200,3d9904ea-ea5b-47d7-bdee-8f06b37d7caf,2026-07-13T19:45:00Z,2026-07-13T21:45:00+0200,11289.156,MW,NL,NL,actual_load,Actual Load,2026-07-30T23:22:13Z
2026-07-30T23:20:14Z,2026-07-31T01:20:14+0200,3d9904ea-ea5b-47d7-bdee-8f06b37d7caf,2026-07-13T20:00:00Z,2026-07-13T22:00:00+0200,11290.056,MW,NL,NL,actual_load,Actual Load,2026-07-30T23:22:13Z
2026-07-30T23:20:14Z,2026-07-31T01:20:14+0200,3d9904ea-ea5b-47d7-bdee-8f06b37d7caf,2026-07-13T20:15:00Z,2026-07-13T22:15:00+0200,11287.966,MW,NL,NL,actual_load,Actual Load,2026-07-30T23:22:13Z
2026-07-30T23:20:14Z,2026-07-31T01:20:14+0200,3d9904ea-ea5b-47d7-bdee-8f06b37d7caf,2026-07-13T20:30:00Z,2026-07-13T22:30:00+0200,11445.316,MW,NL,NL,actual_load,Actual Load,2026-07-30T23:22:13Z
2026-07-30T23:20:14Z,2026-07-31T01:20:14+0200,3d9904ea-ea5b-47d7-bdee-8f06b37d7caf,2026-07-13T20:45:00Z,2026-07-13T22:45:00+0200,11426.036,MW,NL,NL,actual_load,Actual Load,2026-07-30T23:22:13Z
2026-07-30T23:20:14Z,2026-07-31T01:20:14+0200,3d9904ea-ea5b-47d7-bdee-8f06b37d7caf,2026-07-13T21:00:00Z,2026-07-13T23:00:00+0200,11132.546,MW,NL,NL,actual_load,Actual Load,2026-07-30T23:22:13Z
2026-07-30T23:20:14Z,2026-07-31T01:20:14+0200,3d9904ea-ea5b-47d7-bdee-8f06b37d7caf,2026-07-13T21:15:00Z,2026-07-13T23:15:00+0200,10906.706,MW,NL,NL,actual_load,Actual Load,2026-07-30T23:22:13Z
2026-07-30T23:20:14Z,2026-07-31T01:20:14+0200,3d9904ea-ea5b-47d7-bdee-8f06b37d7caf,2026-07-13T21:30:00Z,2026-07-13T23:30:00+0200,10943.946,MW,NL,NL,actual_load,Actual Load,2026-07-30T23:22:13Z
2026-07-30T23:20:14Z,2026-07-31T01:20:14+0200,3d9904ea-ea5b-47d7-bdee-8f06b37d7caf,2026-07-13T21:45:00Z,2026-07-13T23:45:00+0200,10855.316,MW,NL,NL,actual_load,Actual Load,2026-07-30T23:22:13Z
2026-07-30T23:20:14Z,2026-07-31T01:20:14+0200,3d9904ea-ea5b-47d7-bdee-8f06b37d7caf,2026-07-13T22:00:00Z,2026-07-14T00:00:00+0200,10682.046,MW,NL,NL,actual_load,Actual Load,2026-07-30T23:22:13Z
2026-07-30T23:20:14Z,2026-07-31T01:20:14+0200,3d9904ea-ea5b-47d7-bdee-8f06b37d7caf,2026-07-13T22:15:00Z,2026-07-14T00:15:00+0200,10641.196,MW,NL,NL,actual_load,Actual Load,2026-07-30T23:22:13Z
2026-07-30T23:20:14Z,2026-07-31T01:20:14+0200,3d9904ea-ea5b-47d7-bdee-8f06b37d7caf,2026-07-13T22:30:00Z,2026-07-14T00:30:00+0200,10422.446,MW,NL,NL,actual_load,Actual Load,2026-07-30T23:22:13Z
2026-07-30T23:20:14Z,2026-07-31T01:20:14+0200,3d9904ea-ea5b-47d7-bdee-8f06b37d7caf,2026-07-13T22:45:00Z,2026-07-14T00:45:00+0200,10319.976,MW,NL,NL,actual_load,Actual Load,2026-07-30T23:22:13Z
2026-07-30T23:20:14Z,2026-07-31T01:20:14+0200,3d9904ea-ea5b-47d7-bdee-8f06b37d7caf,2026-07-13T23:00:00Z,2026-07-14T01:00:00+0200,10466.306,MW,NL,NL,actual_load,Actual Load,2026-07-30T23:22:13Z
2026-07-30T23:20:14Z,2026-07-31T01:20:14+0200,3d9904ea-ea5b-47d7-bdee-8f06b37d7caf,2026-07-13T23:15:00Z,2026-07-14T01:15:00+0200,10382.556,MW,NL,NL,actual_load,Actual Load,2026-07-30T23:22:13Z
2026-07-30T23:20:14Z,2026-07-31T01:20:14+0200,3d9904ea-ea5b-47d7-bdee-8f06b37d7caf,2026-07-13T23:30:00Z,2026-07-14T01:30:00+0200,10310.006,MW,NL,NL,actual_load,Actual Load,2026-07-30T23:22:13Z
2026-07-30T23:20:14Z,2026-07-31T01:20:14+0200,3d9904ea-ea5b-47d7-bdee-8f06b37d7caf,2026-07-13T23:45:00Z,2026-07-14T01:45:00+0200,10325.156,MW,NL,NL,actual_load,Actual Load,2026-07-30T23:22:13Z
2026-07-30T23:20:14Z,2026-07-31T01:20:14+0200,3d9904ea-ea5b-47d7-bdee-8f06b37d7caf,2026-07-14T00:00:00Z,2026-07-14T02:00:00+0200,10479.536,MW,NL,NL,actual_load,Actual Load,2026-07-30T23:22:13Z
2026-07-30T23:20:14Z,2026-07-31T01:20:14+0200,3d9904ea-ea5b-47d7-bdee-8f06b37d7caf,2026-07-14T00:15:00Z,2026-07-14T02:15:00+0200,10549.796,MW,NL,NL,actual_load,Actual Load,2026-07-30T23:22:13Z
2026-07-30T23:20:14Z,2026-07-31T01:20:14+0200,3d9904ea-ea5b-47d7-bdee-8f06b37d7caf,2026-07-14T00:30:00Z,2026-07-14T02:30:00+0200,10553.806,MW,NL,NL,actual_load,Actual Load,2026-07-30T23:22:13Z
2026-07-30T23:20:14Z,2026-07-31T01:20:14+0200,3d9904ea-ea5b-47d7-bdee-8f06b37d7caf,2026-07-14T00:45:00Z,2026-07-14T02:45:00+0200,10585.156,MW,NL,NL,actual_load,Actual Load,2026-07-30T23:22:13Z
2026-07-30T23:20:14Z,2026-07-31T01:20:14+0200,3d9904ea-ea5b-47d7-bdee-8f06b37d7caf,2026-07-14T01:00:00Z,2026-07-14T03:00:00+0200,10552.466,MW,NL,NL,actual_load,Actual Load,2026-07-30T23:22:13Z
2026-07-30T23:20:14Z,2026-07-31T01:20:14+0200,3d9904ea-ea5b-47d7-bdee-8f06b37d7caf,2026-07-14T01:15:00Z,2026-07-14T03:15:00+0200,10499.186,MW,NL,NL,actual_load,Actual Load,2026-07-30T23:22:13Z
2026-07-30T23:20:14Z,2026-07-31T01:20:14+0200,3d9904ea-ea5b-47d7-bdee-8f06b37d7caf,2026-07-14T01:30:00Z,2026-07-14T03:30:00+0200,10435.976,MW,NL,NL,actual_load,Actual Load,2026-07-30T23:22:13Z
2026-07-30T23:20:14Z,2026-07-31T01:20:14+0200,3d9904ea-ea5b-47d7-bdee-8f06b37d7caf,2026-07-14T01:45:00Z,2026-07-14T03:45:00+0200,10387.816,MW,NL,NL,actual_load,Actual Load,2026-07-30T23:22:13Z
2026-07-30T23:20:14Z,2026-07-31T01:20:14+0200,3d9904ea-ea5b-47d7-bdee-8f06b37d7caf,2026-07-14T02:00:00Z,2026-07-14T04:00:00+0200,10343.776,MW,NL,NL,actual_load,Actual Load,2026-07-30T23:22:13Z
2026-07-30T23:20:14Z,2026-07-31T01:20:14+0200,3d9904ea-ea5b-47d7-bdee-8f06b37d7caf,2026-07-14T02:15:00Z,2026-07-14T04:15:00+0200,10171.296,MW,NL,NL,actual_load,Actual Load,2026-07-30T23:22:13Z
2026-07-30T23:20:14Z,2026-07-31T01:20:14+0200,3d9904ea-ea5b-47d7-bdee-8f06b37d7caf,2026-07-14T02:30:00Z,2026-07-14T04:30:00+0200,10165.026,MW,NL,NL,actual_load,Actual Load,2026-07-30T23:22:13Z
2026-07-30T23:20:14Z,2026-07-31T01:20:14+0200,3d9904ea-ea5b-47d7-bdee-8f06b37d7caf,2026-07-14T02:45:00Z,2026-07-14T04:45:00+0200,10231.926,MW,NL,NL,actual_load,Actual Load,2026-07-30T23:22:13Z
2026-07-30T23:20:14Z,2026-07-31T01:20:14+0200,3d9904ea-ea5b-47d7-bdee-8f06b37d7caf,2026-07-14T03:00:00Z,2026-07-14T05:00:00+0200,10116.666,MW,NL,NL,actual_load,Actual Load,2026-07-30T23:22:13Z
2026-07-30T23:20:14Z,2026-07-31T01:20:14+0200,3d9904ea-ea5b-47d7-bdee-8f06b37d7caf,2026-07-14T03:15:00Z,2026-07-14T05:15:00+0200,9990.356,MW,NL,NL,actual_load,Actual Load,2026-07-30T23:22:13Z
2026-07-30T23:20:14Z,2026-07-31T01:20:14+0200,3d9904ea-ea5b-47d7-bdee-8f06b37d7caf,2026-07-14T03:30:00Z,2026-07-14T05:30:00+0200,9869.606,MW,NL,NL,actual_load,Actual Load,2026-07-30T23:22:13Z
2026-07-30T23:20:14Z,2026-07-31T01:20:14+0200,3d9904ea-ea5b-47d7-bdee-8f06b37d7caf,2026-07-14T03:45:00Z,2026-07-14T05:45:00+0200,9922.786,MW,NL,NL,actual_load,Actual Load,2026-07-30T23:22:13Z
2026-07-30T23:20:14Z,2026-07-31T01:20:14+0200,3d9904ea-ea5b-47d7-bdee-8f06b37d7caf,2026-07-14T04:00:00Z,2026-07-14T06:00:00+0200,9931.206,MW,NL,NL,actual_load,Actual Load,2026-07-30T23:22:13Z
2026-07-30T23:20:14Z,2026-07-31T01:20:14+0200,3d9904ea-ea5b-47d7-bdee-8f06b37d7caf,2026-07-14T04:15:00Z,2026-07-14T06:15:00+0200,9950.476,MW,NL,NL,actual_load,Actual Load,2026-07-30T23:22:13Z
2026-07-30T23:20:14Z,2026-07-31T01:20:14+0200,3d9904ea-ea5b-47d7-bdee-8f06b37d7caf,2026-07-14T04:30:00Z,2026-07-14T06:30:00+0200,9779.036,MW,NL,NL,actual_load,Actual Load,2026-07-30T23:22:13Z
2026-07-30T23:20:14Z,2026-07-31T01:20:14+0200,3d9904ea-ea5b-47d7-bdee-8f06b37d7caf,2026-07-14T04:45:00Z,2026-07-14T06:45:00+0200,9696.556,MW,NL,NL,actual_load,Actual Load,2026-07-30T23:22:13Z
2026-07-30T23:20:14Z,2026-07-31T01:20:14+0200,3d9904ea-ea5b-47d7-bdee-8f06b37d7caf,2026-07-14T05:00:00Z,2026-07-14T07:00:00+0200,9536.106,MW,NL,NL,actual_load,Actual Load,2026-07-30T23:22:13Z
2026-07-30T23:20:14Z,2026-07-31T01:20:14+0200,3d9904ea-ea5b-47d7-bdee-8f06b37d7caf,2026-07-14T05:15:00Z,2026-07-14T07:15:00+0200,9358.996,MW,NL,NL,actual_load,Actual Load,2026-07-30T23:22:13Z
2026-07-30T23:20:14Z,2026-07-31T01:20:14+0200,3d9904ea-ea5b-47d7-bdee-8f06b37d7caf,2026-07-14T05:30:00Z,2026-07-14T07:30:00+0200,9185.056,MW,NL,NL,actual_load,Actual Load,2026-07-30T23:22:13Z
2026-07-30T23:20:14Z,2026-07-31T01:20:14+0200,3d9904ea-ea5b-47d7-bdee-8f06b37d7caf,2026-07-14T05:45:00Z,2026-07-14T07:45:00+0200,8982.156,MW,NL,NL,actual_load,Actual Load,2026-07-30T23:22:13Z
2026-07-30T23:20:14Z,2026-07-31T01:20:14+0200,3d9904ea-ea5b-47d7-bdee-8f06b37d7caf,2026-07-14T06:00:00Z,2026-07-14T08:00:00+0200,8697.726,MW,NL,NL,actual_load,Actual Load,2026-07-30T23:22:13Z
2026-07-30T23:20:14Z,2026-07-31T01:20:14+0200,3d9904ea-ea5b-47d7-bdee-8f06b37d7caf,2026-07-14T06:15:00Z,2026-07-14T08:15:00+0200,8197.006,MW,NL,NL,actual_load,Actual Load,2026-07-30T23:22:13Z
2026-07-30T23:20:14Z,2026-07-31T01:20:14+0200,3d9904ea-ea5b-47d7-bdee-8f06b37d7caf,2026-07-14T06:30:00Z,2026-07-14T08:30:00+0200,7776.106,MW,NL,NL,actual_load,Actual Load,2026-07-30T23:22:13Z
2026-07-30T23:20:14Z,2026-07-31T01:20:14+0200,3d9904ea-ea5b-47d7-bdee-8f06b37d7caf,2026-07-14T06:45:00Z,2026-07-14T08:45:00+0200,7244.376,MW,NL,NL,actual_load,Actual Load,2026-07-30T23:22:13Z
2026-07-30T23:20:14Z,2026-07-31T01:20:14+0200,3d9904ea-ea5b-47d7-bdee-8f06b37d7caf,2026-07-14T07:00:00Z,2026-07-14T09:00:00+0200,6943.026,MW,NL,NL,actual_load,Actual Load,2026-07-30T23:22:13Z
2026-07-30T23:20:14Z,2026-07-31T01:20:14+0200,3d9904ea-ea5b-47d7-bdee-8f06b37d7caf,2026-07-14T07:15:00Z,2026-07-14T09:15:00+0200,6528.256,MW,NL,NL,actual_load,Actual Load,2026-07-30T23:22:13Z
2026-07-30T23:20:14Z,2026-07-31T01:20:14+0200,3d9904ea-ea5b-47d7-bdee-8f06b37d7caf,2026-07-14T07:30:00Z,2026-07-14T09:30:00+0200,6215.466,MW,NL,NL,actual_load,Actual Load,2026-07-30T23:22:13Z
2026-07-30T23:20:14Z,2026-07-31T01:20:14+0200,3d9904ea-ea5b-47d7-bdee-8f06b37d7caf,2026-07-14T07:45:00Z,2026-07-14T09:45:00+0200,5706.536,MW,NL,NL,actual_load,Actual Load,2026-07-30T23:22:13Z
2026-07-30T23:20:14Z,2026-07-31T01:20:14+0200,3d9904ea-ea5b-47d7-bdee-8f06b37d7caf,2026-07-14T08:00:00Z,2026-07-14T10:00:00+0200,5095.646,MW,NL,NL,actual_load,Actual Load,2026-07-30T23:22:13Z
2026-07-30T23:20:14Z,2026-07-31T01:20:14+0200,3d9904ea-ea5b-47d7-bdee-8f06b37d7caf,2026-07-14T08:15:00Z,2026-07-14T10:15:00+0200,4662.486,MW,NL,NL,actual_load,Actual Load,2026-07-30T23:22:13Z
2026-07-30T23:20:14Z,2026-07-31T01:20:14+0200,3d9904ea-ea5b-47d7-bdee-8f06b37d7caf,2026-07-14T08:30:00Z,2026-07-14T10:30:00+0200,4288.069,MW,NL,NL,actual_load,Actual Load,2026-07-30T23:22:13Z
2026-07-30T23:20:14Z,2026-07-31T01:20:14+0200,3d9904ea-ea5b-47d7-bdee-8f06b37d7caf,2026-07-14T08:45:00Z,2026-07-14T10:45:00+0200,3816.527,MW,NL,NL,actual_load,Actual Load,2026-07-30T23:22:13Z
2026-07-30T23:20:14Z,2026-07-31T01:20:14+0200,3d9904ea-ea5b-47d7-bdee-8f06b37d7caf,2026-07-14T09:00:00Z,2026-07-14T11:00:00+0200,3264.655,MW,NL,NL,actual_load,Actual Load,2026-07-30T23:22:13Z
2026-07-30T23:20:14Z,2026-07-31T01:20:14+0200,3d9904ea-ea5b-47d7-bdee-8f06b37d7caf,2026-07-14T09:15:00Z,2026-07-14T11:15:00+0200,2824.764,MW,NL,NL,actual_load,Actual Load,2026-07-30T23:22:13Z
2026-07-30T23:20:14Z,2026-07-31T01:20:14+0200,3d9904ea-ea5b-47d7-bdee-8f06b37d7caf,2026-07-14T09:30:00Z,2026-07-14T11:30:00+0200,2533.996,MW,NL,NL,actual_load,Actual Load,2026-07-30T23:22:13Z
2026-07-30T23:20:14Z,2026-07-31T01:20:14+0200,3d9904ea-ea5b-47d7-bdee-8f06b37d7caf,2026-07-14T09:45:00Z,2026-07-14T11:45:00+0200,2456.576,MW,NL,NL,actual_load,Actual Load,2026-07-30T23:22:13Z
2026-07-30T23:20:14Z,2026-07-31T01:20:14+0200,3d9904ea-ea5b-47d7-bdee-8f06b37d7caf,2026-07-14T10:00:00Z,2026-07-14T12:00:00+0200,2242.136,MW,NL,NL,actual_load,Actual Load,2026-07-30T23:22:13Z
2026-07-30T23:20:14Z,2026-07-31T01:20:14+0200,3d9904ea-ea5b-47d7-bdee-8f06b37d7caf,2026-07-14T10:15:00Z,2026-07-14T12:15:00+0200,1703.106,MW,NL,NL,actual_load,Actual Load,2026-07-30T23:22:13Z
2026-07-30T23:20:14Z,2026-07-31T01:20:14+0200,3d9904ea-ea5b-47d7-bdee-8f06b37d7caf,2026-07-14T10:30:00Z,2026-07-14T12:30:00+0200,1635.556,MW,NL,NL,actual_load,Actual Load,2026-07-30T23:22:13Z
2026-07-30T23:20:14Z,2026-07-31T01:20:14+0200,3d9904ea-ea5b-47d7-bdee-8f06b37d7caf,2026-07-14T10:45:00Z,2026-07-14T12:45:00+0200,1560.346,MW,NL,NL,actual_load,Actual Load,2026-07-30T23:22:13Z
2026-07-30T23:20:14Z,2026-07-31T01:20:14+0200,3d9904ea-ea5b-47d7-bdee-8f06b37d7caf,2026-07-14T11:00:00Z,2026-07-14T13:00:00+0200,1552.996,MW,NL,NL,actual_load,Actual Load,2026-07-30T23:22:13Z
2026-07-30T23:20:14Z,2026-07-31T01:20:14+0200,3d9904ea-ea5b-47d7-bdee-8f06b37d7caf,2026-07-14T11:15:00Z,2026-07-14T13:15:00+0200,1800.826,MW,NL,NL,actual_load,Actual Load,2026-07-30T23:22:13Z
2026-07-30T23:20:14Z,2026-07-31T01:20:14+0200,3d9904ea-ea5b-47d7-bdee-8f06b37d7caf,2026-07-14T11:30:00Z,2026-07-14T13:30:00+0200,1940.476,MW,NL,NL,actual_load,Actual Load,2026-07-30T23:22:13Z
2026-07-30T23:20:14Z,2026-07-31T01:20:14+0200,3d9904ea-ea5b-47d7-bdee-8f06b37d7caf,2026-07-14T11:45:00Z,2026-07-14T13:45:00+0200,1902.546,MW,NL,NL,actual_load,Actual Load,2026-07-30T23:22:13Z
2026-07-30T23:20:14Z,2026-07-31T01:20:14+0200,3d9904ea-ea5b-47d7-bdee-8f06b37d7caf,2026-07-14T12:00:00Z,2026-07-14T14:00:00+0200,1849.506,MW,NL,NL,actual_load,Actual Load,2026-07-30T23:22:13Z
2026-07-30T23:20:14Z,2026-07-31T01:20:14+0200,3d9904ea-ea5b-47d7-bdee-8f06b37d7caf,2026-07-14T12:15:00Z,2026-07-14T14:15:00+0200,1663.166,MW,NL,NL,actual_load,Actual Load,2026-07-30T23:22:13Z
2026-07-30T23:20:14Z,2026-07-31T01:20:14+0200,3d9904ea-ea5b-47d7-bdee-8f06b37d7caf,2026-07-14T12:30:00Z,2026-07-14T14:30:00+0200,1715.596,MW,NL,NL,actual_load,Actual Load,2026-07-30T23:22:13Z
2026-07-30T23:20:14Z,2026-07-31T01:20:14+0200,3d9904ea-ea5b-47d7-bdee-8f06b37d7caf,2026-07-14T12:45:00Z,2026-07-14T14:45:00+0200,2000.016,MW,NL,NL,actual_load,Actual Load,2026-07-30T23:22:13Z
2026-07-30T23:20:14Z,2026-07-31T01:20:14+0200,3d9904ea-ea5b-47d7-bdee-8f06b37d7caf,2026-07-14T13:00:00Z,2026-07-14T15:00:00+0200,2091.186,MW,NL,NL,actual_load,Actual Load,2026-07-30T23:22:13Z
2026-07-30T23:20:14Z,2026-07-31T01:20:14+0200,3d9904ea-ea5b-47d7-bdee-8f06b37d7caf,2026-07-14T13:15:00Z,2026-07-14T15:15:00+0200,2075.246,MW,NL,NL,actual_load,Actual Load,2026-07-30T23:22:13Z
2026-07-30T23:20:14Z,2026-07-31T01:20:14+0200,3d9904ea-ea5b-47d7-bdee-8f06b37d7caf,2026-07-14T13:30:00Z,2026-07-14T15:30:00+0200,2247.346,MW,NL,NL,actual_load,Actual Load,2026-07-30T23:22:13Z
2026-07-30T23:20:14Z,2026-07-31T01:20:14+0200,3d9904ea-ea5b-47d7-bdee-8f06b37d7caf,2026-07-14T13:45:00Z,2026-07-14T15:45:00+0200,2503.286,MW,NL,NL,actual_load,Actual Load,2026-07-30T23:22:13Z
2026-07-30T23:20:14Z,2026-07-31T01:20:14+0200,3d9904ea-ea5b-47d7-bdee-8f06b37d7caf,2026-07-14T14:00:00Z,2026-07-14T16:00:00+0200,2702.332,MW,NL,NL,actual_load,Actual Load,2026-07-30T23:22:13Z
2026-07-30T23:20:14Z,2026-07-31T01:20:14+0200,3d9904ea-ea5b-47d7-bdee-8f06b37d7caf,2026-07-14T14:15:00Z,2026-07-14T16:15:00+0200,3051.159,MW,NL,NL,actual_load,Actual Load,2026-07-30T23:22:13Z
2026-07-30T23:20:14Z,2026-07-31T01:20:14+0200,3d9904ea-ea5b-47d7-bdee-8f06b37d7caf,2026-07-14T14:30:00Z,2026-07-14T16:30:00+0200,3330.269,MW,NL,NL,actual_load,Actual Load,2026-07-30T23:22:13Z
2026-07-30T23:20:14Z,2026-07-31T01:20:14+0200,3d9904ea-ea5b-47d7-bdee-8f06b37d7caf,2026-07-14T14:45:00Z,2026-07-14T16:45:00+0200,3572.266,MW,NL,NL,actual_load,Actual Load,2026-07-30T23:22:13Z
2026-07-30T23:20:14Z,2026-07-31T01:20:14+0200,3d9904ea-ea5b-47d7-bdee-8f06b37d7caf,2026-07-14T15:00:00Z,2026-07-14T17:00:00+0200,3899.233,MW,NL,NL,actual_load,Actual Load,2026-07-30T23:22:13Z
2026-07-30T23:20:14Z,2026-07-31T01:20:14+0200,3d9904ea-ea5b-47d7-bdee-8f06b37d7caf,2026-07-14T15:15:00Z,2026-07-14T17:15:00+0200,4315.72,MW,NL,NL,actual_load,Actual Load,2026-07-30T23:22:13Z
2026-07-30T23:20:14Z,2026-07-31T01:20:14+0200,3d9904ea-ea5b-47d7-bdee-8f06b37d7caf,2026-07-14T15:30:00Z,2026-07-14T17:30:00+0200,4836.676,MW,NL,NL,actual_load,Actual Load,2026-07-30T23:22:13Z
2026-07-30T23:20:14Z,2026-07-31T01:20:14+0200,3d9904ea-ea5b-47d7-bdee-8f06b37d7caf,2026-07-14T15:45:00Z,2026-07-14T17:45:00+0200,5299.596,MW,NL,NL,actual_load,Actual Load,2026-07-30T23:22:13Z
2026-07-30T23:20:14Z,2026-07-31T01:20:14+0200,3d9904ea-ea5b-47d7-bdee-8f06b37d7caf,2026-07-14T16:00:00Z,2026-07-14T18:00:00+0200,5537.676,MW,NL,NL,actual_load,Actual Load,2026-07-30T23:22:13Z
2026-07-30T23:20:14Z,2026-07-31T01:20:14+0200,3d9904ea-ea5b-47d7-bdee-8f06b37d7caf,2026-07-14T16:15:00Z,2026-07-14T18:15:00+0200,6159.176,MW,NL,NL,actual_load,Actual Load,2026-07-30T23:22:13Z
2026-07-30T23:20:14Z,2026-07-31T01:20:14+0200,3d9904ea-ea5b-47d7-bdee-8f06b37d7caf,2026-07-14T16:30:00Z,2026-07-14T18:30:00+0200,6499.536,MW,NL,NL,actual_load,Actual Load,2026-07-30T23:22:13Z
2026-07-30T23:20:14Z,2026-07-31T01:20:14+0200,3d9904ea-ea5b-47d7-bdee-8f06b37d7caf,2026-07-14T16:45:00Z,2026-07-14T18:45:00+0200,7151.606,MW,NL,NL,actual_load,Actual Load,2026-07-30T23:22:13Z
2026-07-30T23:20:14Z,2026-07-31T01:20:14+0200,3d9904ea-ea5b-47d7-bdee-8f06b37d7caf,2026-07-14T17:00:00Z,2026-07-14T19:00:00+0200,7841.586,MW,NL,NL,actual_load,Actual Load,2026-07-30T23:22:13Z
2026-07-30T23:20:14Z,2026-07-31T01:20:14+0200,3d9904ea-ea5b-47d7-bdee-8f06b37d7caf,2026-07-14T17:15:00Z,2026-07-14T19:15:00+0200,8170.666,MW,NL,NL,actual_load,Actual Load,2026-07-30T23:22:13Z
2026-07-30T23:20:14Z,2026-07-31T01:20:14+0200,3d9904ea-ea5b-47d7-bdee-8f06b37d7caf,2026-07-14T17:30:00Z,2026-07-14T19:30:00+0200,8542.776,MW,NL,NL,actual_load,Actual Load,2026-07-30T23:22:13Z
2026-07-30T23:20:14Z,2026-07-31T01:20:14+0200,3d9904ea-ea5b-47d7-bdee-8f06b37d7caf,2026-07-14T17:45:00Z,2026-07-14T19:45:00+0200,8976.046,MW,NL,NL,actual_load,Actual Load,2026-07-30T23:22:13Z
2026-07-30T23:20:14Z,2026-07-31T01:20:14+0200,3d9904ea-ea5b-47d7-bdee-8f06b37d7caf,2026-07-14T18:00:00Z,2026-07-14T20:00:00+0200,9365.906,MW,NL,NL,actual_load,Actual Load,2026-07-30T23:22:13Z
2026-07-30T23:20:14Z,2026-07-31T01:20:14+0200,3d9904ea-ea5b-47d7-bdee-8f06b37d7caf,2026-07-14T18:15:00Z,2026-07-14T20:15:00+0200,9586.426,MW,NL,NL,actual_load,Actual Load,2026-07-30T23:22:13Z
2026-07-30T23:20:14Z,2026-07-31T01:20:14+0200,3d9904ea-ea5b-47d7-bdee-8f06b37d7caf,2026-07-14T18:30:00Z,2026-07-14T20:30:00+0200,9715.856,MW,NL,NL,actual_load,Actual Load,2026-07-30T23:22:13Z
2026-07-30T23:20:14Z,2026-07-31T01:20:14+0200,3d9904ea-ea5b-47d7-bdee-8f06b37d7caf,2026-07-14T18:45:00Z,2026-07-14T20:45:00+0200,9910.506,MW,NL,NL,actual_load,Actual Load,2026-07-30T23:22:13Z
2026-07-30T23:20:14Z,2026-07-31T01:20:14+0200,3d9904ea-ea5b-47d7-bdee-8f06b37d7caf,2026-07-14T19:00:00Z,2026-07-14T21:00:00+0200,10186.716,MW,NL,NL,actual_load,Actual Load,2026-07-30T23:22:13Z
2026-07-30T23:20:14Z,2026-07-31T01:20:14+0200,3d9904ea-ea5b-47d7-bdee-8f06b37d7caf,2026-07-14T19:15:00Z,2026-07-14T21:15:00+0200,10214.516,MW,NL,NL,actual_load,Actual Load,2026-07-30T23:22:13Z
2026-07-30T23:20:14Z,2026-07-31T01:20:14+0200,3d9904ea-ea5b-47d7-bdee-8f06b37d7caf,2026-07-14T19:30:00Z,2026-07-14T21:30:00+0200,10387.226,MW,NL,NL,actual_load,Actual Load,2026-07-30T23:22:13Z
2026-07-30T23:20:14Z,2026-07-31T01:20:14+0200,3d9904ea-ea5b-47d7-bdee-8f06b37d7caf,2026-07-14T19:45:00Z,2026-07-14T21:45:00+0200,10570.476,MW,NL,NL,actual_load,Actual Load,2026-07-30T23:22:13Z
2026-07-30T23:20:14Z,2026-07-31T01:20:14+0200,3d9904ea-ea5b-47d7-bdee-8f06b37d7caf,2026-07-14T20:00:00Z,2026-07-14T22:00:00+0200,10532.496,MW,NL,NL,actual_load,Actual Load,2026-07-30T23:22:13Z
2026-07-30T23:20:14Z,2026-07-31T01:20:14+0200,3d9904ea-ea5b-47d7-bdee-8f06b37d7caf,2026-07-14T20:15:00Z,2026-07-14T22:15:00+0200,10478.106,MW,NL,NL,actual_load,Actual Load,2026-07-30T23:22:13Z
2026-07-30T23:20:14Z,2026-07-31T01:20:14+0200,3d9904ea-ea5b-47d7-bdee-8f06b37d7caf,2026-07-14T20:30:00Z,2026-07-14T22:30:00+0200,10713.356,MW,NL,NL,actual_load,Actual Load,2026-07-30T23:22:13Z
2026-07-30T23:20:14Z,2026-07-31T01:20:14+0200,3d9904ea-ea5b-47d7-bdee-8f06b37d7caf,2026-07-14T20:45:00Z,2026-07-14T22:45:00+0200,10810.686,MW,NL,NL,actual_load,Actual Load,2026-07-30T23:22:13Z
2026-07-30T23:20:14Z,2026-07-31T01:20:14+0200,3d9904ea-ea5b-47d7-bdee-8f06b37d7caf,2026-07-14T21:00:00Z,2026-07-14T23:00:00+0200,10839.196,MW,NL,NL,actual_load,Actual Load,2026-07-30T23:22:13Z
2026-07-30T23:20:14Z,2026-07-31T01:20:14+0200,3d9904ea-ea5b-47d7-bdee-8f06b37d7caf,2026-07-14T21:15:00Z,2026-07-14T23:15:00+0200,10872.426,MW,NL,NL,actual_load,Actual Load,2026-07-30T23:22:13Z
2026-07-30T23:20:14Z,2026-07-31T01:20:14+0200,3d9904ea-ea5b-47d7-bdee-8f06b37d7caf,2026-07-14T21:30:00Z,2026-07-14T23:30:00+0200,10777.026,MW,NL,NL,actual_load,Actual Load,2026-07-30T23:22:13Z
2026-07-30T23:20:14Z,2026-07-31T01:20:14+0200,3d9904ea-ea5b-47d7-bdee-8f06b37d7caf,2026-07-14T21:45:00Z,2026-07-14T23:45:00+0200,10668.326,MW,NL,NL,actual_load,Actual Load,2026-07-30T23:22:13Z
2026-07-30T23:20:14Z,2026-07-31T01:20:14+0200,3d9904ea-ea5b-47d7-bdee-8f06b37d7caf,2026-07-14T22:00:00Z,2026-07-15T00:00:00+0200,10539.626,MW,NL,NL,actual_load,Actual Load,2026-07-30T23:22:13Z
2026-07-30T23:20:14Z,2026-07-31T01:20:14+0200,3d9904ea-ea5b-47d7-bdee-8f06b37d7caf,2026-07-14T22:15:00Z,2026-07-15T00:15:00+0200,10537.236,MW,NL,NL,actual_load,Actual Load,2026-07-30T23:22:13Z
2026-07-30T23:20:14Z,2026-07-31T01:20:14+0200,3d9904ea-ea5b-47d7-bdee-8f06b37d7caf,2026-07-14T22:30:00Z,2026-07-15T00:30:00+0200,10425.276,MW,NL,NL,actual_load,Actual Load,2026-07-30T23:22:13Z
2026-07-30T23:20:14Z,2026-07-31T01:20:14+0200,3d9904ea-ea5b-47d7-bdee-8f06b37d7caf,2026-07-14T22:45:00Z,2026-07-15T00:45:00+0200,10291.026,MW,NL,NL,actual_load,Actual Load,2026-07-30T23:22:13Z
2026-07-30T23:20:14Z,2026-07-31T01:20:14+0200,3d9904ea-ea5b-47d7-bdee-8f06b37d7caf,2026-07-14T23:00:00Z,2026-07-15T01:00:00+0200,10198.106,MW,NL,NL,actual_load,Actual Load,2026-07-30T23:22:13Z
2026-07-30T23:20:14Z,2026-07-31T01:20:14+0200,3d9904ea-ea5b-47d7-bdee-8f06b37d7caf,2026-07-14T23:15:00Z,2026-07-15T01:15:00+0200,10054.656,MW,NL,NL,actual_load,Actual Load,2026-07-30T23:22:13Z
2026-07-30T23:20:14Z,2026-07-31T01:20:14+0200,3d9904ea-ea5b-47d7-bdee-8f06b37d7caf,2026-07-14T23:30:00Z,2026-07-15T01:30:00+0200,10165.606,MW,NL,NL,actual_load,Actual Load,2026-07-30T23:22:13Z
2026-07-30T23:20:14Z,2026-07-31T01:20:14+0200,3d9904ea-ea5b-47d7-bdee-8f06b37d7caf,2026-07-14T23:45:00Z,2026-07-15T01:45:00+0200,10123.196,MW,NL,NL,actual_load,Actual Load,2026-07-30T23:22:13Z
2026-07-30T23:20:14Z,2026-07-31T01:20:14+0200,3d9904ea-ea5b-47d7-bdee-8f06b37d7caf,2026-07-15T00:00:00Z,2026-07-15T02:00:00+0200,10061.086,MW,NL,NL,actual_load,Actual Load,2026-07-30T23:22:13Z
2026-07-30T23:20:14Z,2026-07-31T01:20:14+0200,3d9904ea-ea5b-47d7-bdee-8f06b37d7caf,2026-07-15T00:15:00Z,2026-07-15T02:15:00+0200,10055.716,MW,NL,NL,actual_load,Actual Load,2026-07-30T23:22:13Z
2026-07-30T23:20:14Z,2026-07-31T01:20:14+0200,3d9904ea-ea5b-47d7-bdee-8f06b37d7caf,2026-07-15T00:30:00Z,2026-07-15T02:30:00+0200,9988.926,MW,NL,NL,actual_load,Actual Load,2026-07-30T23:22:13Z
2026-07-30T23:20:14Z,2026-07-31T01:20:14+0200,3d9904ea-ea5b-47d7-bdee-8f06b37d7caf,2026-07-15T00:45:00Z,2026-07-15T02:45:00+0200,9904.236,MW,NL,NL,actual_load,Actual Load,2026-07-30T23:22:13Z
2026-07-30T23:20:14Z,2026-07-31T01:20:14+0200,3d9904ea-ea5b-47d7-bdee-8f06b37d7caf,2026-07-15T01:00:00Z,2026-07-15T03:00:00+0200,9890.756,MW,NL,NL,actual_load,Actual Load,2026-07-30T23:22:13Z
2026-07-30T23:20:14Z,2026-07-31T01:20:14+0200,3d9904ea-ea5b-47d7-bdee-8f06b37d7caf,2026-07-15T01:15:00Z,2026-07-15T03:15:00+0200,10035.486,MW,NL,NL,actual_load,Actual Load,2026-07-30T23:22:13Z
2026-07-30T23:20:14Z,2026-07-31T01:20:14+0200,3d9904ea-ea5b-47d7-bdee-8f06b37d7caf,2026-07-15T01:30:00Z,2026-07-15T03:30:00+0200,10133.476,MW,NL,NL,actual_load,Actual Load,2026-07-30T23:22:13Z
2026-07-30T23:20:14Z,2026-07-31T01:20:14+0200,3d9904ea-ea5b-47d7-bdee-8f06b37d7caf,2026-07-15T01:45:00Z,2026-07-15T03:45:00+0200,10125.256,MW,NL,NL,actual_load,Actual Load,2026-07-30T23:22:13Z
2026-07-30T23:20:14Z,2026-07-31T01:20:14+0200,3d9904ea-ea5b-47d7-bdee-8f06b37d7caf,2026-07-15T02:00:00Z,2026-07-15T04:00:00+0200,10133.446,MW,NL,NL,actual_load,Actual Load,2026-07-30T23:22:13Z
2026-07-30T23:20:14Z,2026-07-31T01:20:14+0200,3d9904ea-ea5b-47d7-bdee-8f06b37d7caf,2026-07-15T02:15:00Z,2026-07-15T04:15:00+0200,10130.156,MW,NL,NL,actual_load,Actual Load,2026-07-30T23:22:13Z
2026-07-30T23:20:14Z,2026-07-31T01:20:14+0200,3d9904ea-ea5b-47d7-bdee-8f06b37d7caf,2026-07-15T02:30:00Z,2026-07-15T04:30:00+0200,10097.536,MW,NL,NL,actual_load,Actual Load,2026-07-30T23:22:13Z
2026-07-30T23:20:14Z,2026-07-31T01:20:14+0200,3d9904ea-ea5b-47d7-bdee-8f06b37d7caf,2026-07-15T02:45:00Z,2026-07-15T04:45:00+0200,10105.326,MW,NL,NL,actual_load,Actual Load,2026-07-30T23:22:13Z
2026-07-30T23:20:14Z,2026-07-31T01:20:14+0200,3d9904ea-ea5b-47d7-bdee-8f06b37d7caf,2026-07-15T03:00:00Z,2026-07-15T05:00:00+0200,10109.146,MW,NL,NL,actual_load,Actual Load,2026-07-30T23:22:13Z
2026-07-30T23:20:14Z,2026-07-31T01:20:14+0200,3d9904ea-ea5b-47d7-bdee-8f06b37d7caf,2026-07-15T03:15:00Z,2026-07-15T05:15:00+0200,10094.986,MW,NL,NL,actual_load,Actual Load,2026-07-30T23:22:13Z
2026-07-30T23:20:14Z,2026-07-31T01:20:14+0200,3d9904ea-ea5b-47d7-bdee-8f06b37d7caf,2026-07-15T03:30:00Z,2026-07-15T05:30:00+0200,10063.776,MW,NL,NL,actual_load,Actual Load,2026-07-30T23:22:13Z
2026-07-30T23:20:14Z,2026-07-31T01:20:14+0200,3d9904ea-ea5b-47d7-bdee-8f06b37d7caf,2026-07-15T03:45:00Z,2026-07-15T05:45:00+0200,10093.156,MW,NL,NL,actual_load,Actual Load,2026-07-30T23:22:13Z
2026-07-30T23:20:14Z,2026-07-31T01:20:14+0200,3d9904ea-ea5b-47d7-bdee-8f06b37d7caf,2026-07-15T04:00:00Z,2026-07-15T06:00:00+0200,9986.396,MW,NL,NL,actual_load,Actual Load,2026-07-30T23:22:13Z
2026-07-30T23:20:14Z,2026-07-31T01:20:14+0200,3d9904ea-ea5b-47d7-bdee-8f06b37d7caf,2026-07-15T04:15:00Z,2026-07-15T06:15:00+0200,9862.036,MW,NL,NL,actual_load,Actual Load,2026-07-30T23:22:13Z
2026-07-30T23:20:14Z,2026-07-31T01:20:14+0200,3d9904ea-ea5b-47d7-bdee-8f06b37d7caf,2026-07-15T04:30:00Z,2026-07-15T06:30:00+0200,9599.656,MW,NL,NL,actual_load,Actual Load,2026-07-30T23:22:13Z
2026-07-30T23:20:14Z,2026-07-31T01:20:14+0200,3d9904ea-ea5b-47d7-bdee-8f06b37d7caf,2026-07-15T04:45:00Z,2026-07-15T06:45:00+0200,9675.316,MW,NL,NL,actual_load,Actual Load,2026-07-30T23:22:13Z
2026-07-30T23:20:14Z,2026-07-31T01:20:14+0200,3d9904ea-ea5b-47d7-bdee-8f06b37d7caf,2026-07-15T05:00:00Z,2026-07-15T07:00:00+0200,9567.286,MW,NL,NL,actual_load,Actual Load,2026-07-30T23:22:13Z
2026-07-30T23:20:14Z,2026-07-31T01:20:14+0200,3d9904ea-ea5b-47d7-bdee-8f06b37d7caf,2026-07-15T05:15:00Z,2026-07-15T07:15:00+0200,9406.886,MW,NL,NL,actual_load,Actual Load,2026-07-30T23:22:13Z
2026-07-30T23:20:14Z,2026-07-31T01:20:14+0200,3d9904ea-ea5b-47d7-bdee-8f06b37d7caf,2026-07-15T05:30:00Z,2026-07-15T07:30:00+0200,9217.186,MW,NL,NL,actual_load,Actual Load,2026-07-30T23:22:13Z
2026-07-30T23:20:14Z,2026-07-31T01:20:14+0200,3d9904ea-ea5b-47d7-bdee-8f06b37d7caf,2026-07-15T05:45:00Z,2026-07-15T07:45:00+0200,8865.296,MW,NL,NL,actual_load,Actual Load,2026-07-30T23:22:13Z
2026-07-30T23:20:14Z,2026-07-31T01:20:14+0200,3d9904ea-ea5b-47d7-bdee-8f06b37d7caf,2026-07-15T06:00:00Z,2026-07-15T08:00:00+0200,8708.556,MW,NL,NL,actual_load,Actual Load,2026-07-30T23:22:13Z
2026-07-30T23:20:14Z,2026-07-31T01:20:14+0200,3d9904ea-ea5b-47d7-bdee-8f06b37d7caf,2026-07-15T06:15:00Z,2026-07-15T08:15:00+0200,8090.576,MW,NL,NL,actual_load,Actual Load,2026-07-30T23:22:13Z
2026-07-30T23:20:14Z,2026-07-31T01:20:14+0200,3d9904ea-ea5b-47d7-bdee-8f06b37d7caf,2026-07-15T06:30:00Z,2026-07-15T08:30:00+0200,7626.576,MW,NL,NL,actual_load,Actual Load,2026-07-30T23:22:13Z
2026-07-30T23:20:14Z,2026-07-31T01:20:14+0200,3d9904ea-ea5b-47d7-bdee-8f06b37d7caf,2026-07-15T06:45:00Z,2026-07-15T08:45:00+0200,7388.506,MW,NL,NL,actual_load,Actual Load,2026-07-30T23:22:13Z
2026-07-30T23:20:14Z,2026-07-31T01:20:14+0200,3d9904ea-ea5b-47d7-bdee-8f06b37d7caf,2026-07-15T07:00:00Z,2026-07-15T09:00:00+0200,7060.276,MW,NL,NL,actual_load,Actual Load,2026-07-30T23:22:13Z
2026-07-30T23:20:14Z,2026-07-31T01:20:14+0200,3d9904ea-ea5b-47d7-bdee-8f06b37d7caf,2026-07-15T07:15:00Z,2026-07-15T09:15:00+0200,6803.276,MW,NL,NL,actual_load,Actual Load,2026-07-30T23:22:13Z
2026-07-30T23:20:14Z,2026-07-31T01:20:14+0200,3d9904ea-ea5b-47d7-bdee-8f06b37d7caf,2026-07-15T07:30:00Z,2026-07-15T09:30:00+0200,6501.876,MW,NL,NL,actual_load,Actual Load,2026-07-30T23:22:13Z
2026-07-30T23:20:14Z,2026-07-31T01:20:14+0200,3d9904ea-ea5b-47d7-bdee-8f06b37d7caf,2026-07-15T07:45:00Z,2026-07-15T09:45:00+0200,6217.296,MW,NL,NL,actual_load,Actual Load,2026-07-30T23:22:13Z
2026-07-30T23:20:14Z,2026-07-31T01:20:14+0200,3d9904ea-ea5b-47d7-bdee-8f06b37d7caf,2026-07-15T08:00:00Z,2026-07-15T10:00:00+0200,5855.086,MW,NL,NL,actual_load,Actual Load,2026-07-30T23:22:13Z
2026-07-30T23:20:14Z,2026-07-31T01:20:14+0200,3d9904ea-ea5b-47d7-bdee-8f06b37d7caf,2026-07-15T08:15:00Z,2026-07-15T10:15:00+0200,5329.646,MW,NL,NL,actual_load,Actual Load,2026-07-30T23:22:13Z
2026-07-30T23:20:14Z,2026-07-31T01:20:14+0200,3d9904ea-ea5b-47d7-bdee-8f06b37d7caf,2026-07-15T08:30:00Z,2026-07-15T10:30:00+0200,4603.574,MW,NL,NL,actual_load,Actual Load,2026-07-30T23:22:13Z
2026-07-30T23:20:14Z,2026-07-31T01:20:14+0200,3d9904ea-ea5b-47d7-bdee-8f06b37d7caf,2026-07-15T08:45:00Z,2026-07-15T10:45:00+0200,3990.908,MW,NL,NL,actual_load,Actual Load,2026-07-30T23:22:13Z
2026-07-30T23:20:14Z,2026-07-31T01:20:14+0200,3d9904ea-ea5b-47d7-bdee-8f06b37d7caf,2026-07-15T09:00:00Z,2026-07-15T11:00:00+0200,3388.095,MW,NL,NL,actual_load,Actual Load,2026-07-30T23:22:13Z
2026-07-30T23:20:14Z,2026-07-31T01:20:14+0200,3d9904ea-ea5b-47d7-bdee-8f06b37d7caf,2026-07-15T09:15:00Z,2026-07-15T11:15:00+0200,2910.72,MW,NL,NL,actual_load,Actual Load,2026-07-30T23:22:13Z
2026-07-30T23:20:14Z,2026-07-31T01:20:14+0200,3d9904ea-ea5b-47d7-bdee-8f06b37d7caf,2026-07-15T09:30:00Z,2026-07-15T11:30:00+0200,2528.966,MW,NL,NL,actual_load,Actual Load,2026-07-30T23:22:13Z
2026-07-30T23:20:14Z,2026-07-31T01:20:14+0200,3d9904ea-ea5b-47d7-bdee-8f06b37d7caf,2026-07-15T09:45:00Z,2026-07-15T11:45:00+0200,2105.136,MW,NL,NL,actual_load,Actual Load,2026-07-30T23:22:13Z
2026-07-30T23:20:14Z,2026-07-31T01:20:14+0200,3d9904ea-ea5b-47d7-bdee-8f06b37d7caf,2026-07-15T10:00:00Z,2026-07-15T12:00:00+0200,1966.606,MW,NL,NL,actual_load,Actual Load,2026-07-30T23:22:13Z
2026-07-30T23:20:14Z,2026-07-31T01:20:14+0200,3d9904ea-ea5b-47d7-bdee-8f06b37d7caf,2026-07-15T10:15:00Z,2026-07-15T12:15:00+0200,1720.206,MW,NL,NL,actual_load,Actual Load,2026-07-30T23:22:13Z
2026-07-30T23:20:14Z,2026-07-31T01:20:14+0200,3d9904ea-ea5b-47d7-bdee-8f06b37d7caf,2026-07-15T10:30:00Z,2026-07-15T12:30:00+0200,1540.716,MW,NL,NL,actual_load,Actual Load,2026-07-30T23:22:13Z
2026-07-30T23:20:14Z,2026-07-31T01:20:14+0200,3d9904ea-ea5b-47d7-bdee-8f06b37d7caf,2026-07-15T10:45:00Z,2026-07-15T12:45:00+0200,1434.316,MW,NL,NL,actual_load,Actual Load,2026-07-30T23:22:13Z
2026-07-30T23:20:14Z,2026-07-31T01:20:14+0200,3d9904ea-ea5b-47d7-bdee-8f06b37d7caf,2026-07-15T11:00:00Z,2026-07-15T13:00:00+0200,1476.736,MW,NL,NL,actual_load,Actual Load,2026-07-30T23:22:13Z
2026-07-30T23:20:14Z,2026-07-31T01:20:14+0200,3d9904ea-ea5b-47d7-bdee-8f06b37d7caf,2026-07-15T11:15:00Z,2026-07-15T13:15:00+0200,1710.906,MW,NL,NL,actual_load,Actual Load,2026-07-30T23:22:13Z
2026-07-30T23:20:14Z,2026-07-31T01:20:14+0200,3d9904ea-ea5b-47d7-bdee-8f06b37d7caf,2026-07-15T11:30:00Z,2026-07-15T13:30:00+0200,1525.876,MW,NL,NL,actual_load,Actual Load,2026-07-30T23:22:13Z
2026-07-30T23:20:14Z,2026-07-31T01:20:14+0200,3d9904ea-ea5b-47d7-bdee-8f06b37d7caf,2026-07-15T11:45:00Z,2026-07-15T13:45:00+0200,1533.616,MW,NL,NL,actual_load,Actual Load,2026-07-30T23:22:13Z
2026-07-30T23:20:14Z,2026-07-31T01:20:14+0200,3d9904ea-ea5b-47d7-bdee-8f06b37d7caf,2026-07-15T12:00:00Z,2026-07-15T14:00:00+0200,1729.046,MW,NL,NL,actual_load,Actual Load,2026-07-30T23:22:13Z
2026-07-30T23:20:14Z,2026-07-31T01:20:14+0200,3d9904ea-ea5b-47d7-bdee-8f06b37d7caf,2026-07-15T12:15:00Z,2026-07-15T14:15:00+0200,2007.326,MW,NL,NL,actual_load,Actual Load,2026-07-30T23:22:13Z
2026-07-30T23:20:14Z,2026-07-31T01:20:14+0200,3d9904ea-ea5b-47d7-bdee-8f06b37d7caf,2026-07-15T12:30:00Z,2026-07-15T14:30:00+0200,1721.076,MW,NL,NL,actual_load,Actual Load,2026-07-30T23:22:13Z
2026-07-30T23:20:14Z,2026-07-31T01:20:14+0200,3d9904ea-ea5b-47d7-bdee-8f06b37d7caf,2026-07-15T12:45:00Z,2026-07-15T14:45:00+0200,1477.586,MW,NL,NL,actual_load,Actual Load,2026-07-30T23:22:13Z
2026-07-30T23:20:14Z,2026-07-31T01:20:14+0200,3d9904ea-ea5b-47d7-bdee-8f06b37d7caf,2026-07-15T13:00:00Z,2026-07-15T15:00:00+0200,1711.846,MW,NL,NL,actual_load,Actual Load,2026-07-30T23:22:13Z
2026-07-30T23:20:14Z,2026-07-31T01:20:14+0200,3d9904ea-ea5b-47d7-bdee-8f06b37d7caf,2026-07-15T13:15:00Z,2026-07-15T15:15:00+0200,1532.016,MW,NL,NL,actual_load,Actual Load,2026-07-30T23:22:13Z
2026-07-30T23:20:14Z,2026-07-31T01:20:14+0200,3d9904ea-ea5b-47d7-bdee-8f06b37d7caf,2026-07-15T13:30:00Z,2026-07-15T15:30:00+0200,1773.726,MW,NL,NL,actual_load,Actual Load,2026-07-30T23:22:13Z
2026-07-30T23:20:14Z,2026-07-31T01:20:14+0200,3d9904ea-ea5b-47d7-bdee-8f06b37d7caf,2026-07-15T13:45:00Z,2026-07-15T15:45:00+0200,1712.366,MW,NL,NL,actual_load,Actual Load,2026-07-30T23:22:13Z
2026-07-30T23:20:14Z,2026-07-31T01:20:14+0200,3d9904ea-ea5b-47d7-bdee-8f06b37d7caf,2026-07-15T14:00:00Z,2026-07-15T16:00:00+0200,1989.116,MW,NL,NL,actual_load,Actual Load,2026-07-30T23:22:13Z
2026-07-30T23:20:14Z,2026-07-31T01:20:14+0200,3d9904ea-ea5b-47d7-bdee-8f06b37d7caf,2026-07-15T14:15:00Z,2026-07-15T16:15:00+0200,2319.926,MW,NL,NL,actual_load,Actual Load,2026-07-30T23:22:13Z
2026-07-30T23:20:14Z,2026-07-31T01:20:14+0200,3d9904ea-ea5b-47d7-bdee-8f06b37d7caf,2026-07-15T14:30:00Z,2026-07-15T16:30:00+0200,2607.786,MW,NL,NL,actual_load,Actual Load,2026-07-30T23:22:13Z
2026-07-30T23:20:14Z,2026-07-31T01:20:14+0200,3d9904ea-ea5b-47d7-bdee-8f06b37d7caf,2026-07-15T14:45:00Z,2026-07-15T16:45:00+0200,3054.755,MW,NL,NL,actual_load,Actual Load,2026-07-30T23:22:13Z
2026-07-30T23:20:14Z,2026-07-31T01:20:14+0200,3d9904ea-ea5b-47d7-bdee-8f06b37d7caf,2026-07-15T15:00:00Z,2026-07-15T17:00:00+0200,3752.295,MW,NL,NL,actual_load,Actual Load,2026-07-30T23:22:13Z
2026-07-30T23:20:14Z,2026-07-31T01:20:14+0200,3d9904ea-ea5b-47d7-bdee-8f06b37d7caf,2026-07-15T15:15:00Z,2026-07-15T17:15:00+0200,4414.614,MW,NL,NL,actual_load,Actual Load,2026-07-30T23:22:13Z
2026-07-30T23:20:14Z,2026-07-31T01:20:14+0200,3d9904ea-ea5b-47d7-bdee-8f06b37d7caf,2026-07-15T15:30:00Z,2026-07-15T17:30:00+0200,4986.886,MW,NL,NL,actual_load,Actual Load,2026-07-30T23:22:13Z
2026-07-30T23:20:14Z,2026-07-31T01:20:14+0200,3d9904ea-ea5b-47d7-bdee-8f06b37d7caf,2026-07-15T15:45:00Z,2026-07-15T17:45:00+0200,5562.036,MW,NL,NL,actual_load,Actual Load,2026-07-30T23:22:13Z
2026-07-30T23:20:14Z,2026-07-31T01:20:14+0200,3d9904ea-ea5b-47d7-bdee-8f06b37d7caf,2026-07-15T16:00:00Z,2026-07-15T18:00:00+0200,6077.356,MW,NL,NL,actual_load,Actual Load,2026-07-30T23:22:13Z
2026-07-30T23:20:14Z,2026-07-31T01:20:14+0200,3d9904ea-ea5b-47d7-bdee-8f06b37d7caf,2026-07-15T16:15:00Z,2026-07-15T18:15:00+0200,6770.426,MW,NL,NL,actual_load,Actual Load,2026-07-30T23:22:13Z
2026-07-30T23:20:14Z,2026-07-31T01:20:14+0200,3d9904ea-ea5b-47d7-bdee-8f06b37d7caf,2026-07-15T16:30:00Z,2026-07-15T18:30:00+0200,7194.536,MW,NL,NL,actual_load,Actual Load,2026-07-30T23:22:13Z
2026-07-30T23:20:14Z,2026-07-31T01:20:14+0200,3d9904ea-ea5b-47d7-bdee-8f06b37d7caf,2026-07-15T16:45:00Z,2026-07-15T18:45:00+0200,7538.176,MW,NL,NL,actual_load,Actual Load,2026-07-30T23:22:13Z
2026-07-30T23:20:14Z,2026-07-31T01:20:14+0200,3d9904ea-ea5b-47d7-bdee-8f06b37d7caf,2026-07-15T17:00:00Z,2026-07-15T19:00:00+0200,7898.316,MW,NL,NL,actual_load,Actual Load,2026-07-30T23:22:13Z
2026-07-30T23:20:14Z,2026-07-31T01:20:14+0200,3d9904ea-ea5b-47d7-bdee-8f06b37d7caf,2026-07-15T17:15:00Z,2026-07-15T19:15:00+0200,8340.496,MW,NL,NL,actual_load,Actual Load,2026-07-30T23:22:13Z
2026-07-30T23:20:14Z,2026-07-31T01:20:14+0200,3d9904ea-ea5b-47d7-bdee-8f06b37d7caf,2026-07-15T17:30:00Z,2026-07-15T19:30:00+0200,8739.726,MW,NL,NL,actual_load,Actual Load,2026-07-30T23:22:13Z
2026-07-30T23:20:14Z,2026-07-31T01:20:14+0200,3d9904ea-ea5b-47d7-bdee-8f06b37d7caf,2026-07-15T17:45:00Z,2026-07-15T19:45:00+0200,9243.116,MW,NL,NL,actual_load,Actual Load,2026-07-30T23:22:13Z
2026-07-30T23:20:14Z,2026-07-31T01:20:14+0200,3d9904ea-ea5b-47d7-bdee-8f06b37d7caf,2026-07-15T18:00:00Z,2026-07-15T20:00:00+0200,9581.186,MW,NL,NL,actual_load,Actual Load,2026-07-30T23:22:13Z
2026-07-30T23:20:14Z,2026-07-31T01:20:14+0200,3d9904ea-ea5b-47d7-bdee-8f06b37d7caf,2026-07-15T18:15:00Z,2026-07-15T20:15:00+0200,10172.136,MW,NL,NL,actual_load,Actual Load,2026-07-30T23:22:13Z
2026-07-30T23:20:14Z,2026-07-31T01:20:14+0200,3d9904ea-ea5b-47d7-bdee-8f06b37d7caf,2026-07-15T18:30:00Z,2026-07-15T20:30:00+0200,10524.456,MW,NL,NL,actual_load,Actual Load,2026-07-30T23:22:13Z
2026-07-30T23:20:14Z,2026-07-31T01:20:14+0200,3d9904ea-ea5b-47d7-bdee-8f06b37d7caf,2026-07-15T18:45:00Z,2026-07-15T20:45:00+0200,10850.986,MW,NL,NL,actual_load,Actual Load,2026-07-30T23:22:13Z
2026-07-30T23:20:14Z,2026-07-31T01:20:14+0200,3d9904ea-ea5b-47d7-bdee-8f06b37d7caf,2026-07-15T19:00:00Z,2026-07-15T21:00:00+0200,11036.806,MW,NL,NL,actual_load,Actual Load,2026-07-30T23:22:13Z
2026-07-30T23:20:14Z,2026-07-31T01:20:14+0200,3d9904ea-ea5b-47d7-bdee-8f06b37d7caf,2026-07-15T19:15:00Z,2026-07-15T21:15:00+0200,11370.606,MW,NL,NL,actual_load,Actual Load,2026-07-30T23:22:13Z
2026-07-30T23:20:14Z,2026-07-31T01:20:14+0200,3d9904ea-ea5b-47d7-bdee-8f06b37d7caf,2026-07-15T19:30:00Z,2026-07-15T21:30:00+0200,11219.376,MW,NL,NL,actual_load,Actual Load,2026-07-30T23:22:13Z
2026-07-30T23:20:14Z,2026-07-31T01:20:14+0200,3d9904ea-ea5b-47d7-bdee-8f06b37d7caf,2026-07-15T19:45:00Z,2026-07-15T21:45:00+0200,11224.186,MW,NL,NL,actual_load,Actual Load,2026-07-30T23:22:13Z
2026-07-30T23:20:14Z,2026-07-31T01:20:14+0200,3d9904ea-ea5b-47d7-bdee-8f06b37d7caf,2026-07-15T20:00:00Z,2026-07-15T22:00:00+0200,11149.006,MW,NL,NL,actual_load,Actual Load,2026-07-30T23:22:13Z
2026-07-30T23:20:14Z,2026-07-31T01:20:14+0200,3d9904ea-ea5b-47d7-bdee-8f06b37d7caf,2026-07-15T20:15:00Z,2026-07-15T22:15:00+0200,11074.446,MW,NL,NL,actual_load,Actual Load,2026-07-30T23:22:13Z
2026-07-30T23:20:14Z,2026-07-31T01:20:14+0200,3d9904ea-ea5b-47d7-bdee-8f06b37d7caf,2026-07-15T20:30:00Z,2026-07-15T22:30:00+0200,11260.186,MW,NL,NL,actual_load,Actual Load,2026-07-30T23:22:13Z
2026-07-30T23:20:14Z,2026-07-31T01:20:14+0200,3d9904ea-ea5b-47d7-bdee-8f06b37d7caf,2026-07-15T20:45:00Z,2026-07-15T22:45:00+0200,11341.946,MW,NL,NL,actual_load,Actual Load,2026-07-30T23:22:13Z
2026-07-30T23:20:14Z,2026-07-31T01:20:14+0200,3d9904ea-ea5b-47d7-bdee-8f06b37d7caf,2026-07-15T21:00:00Z,2026-07-15T23:00:00+0200,11266.316,MW,NL,NL,actual_load,Actual Load,2026-07-30T23:22:13Z
2026-07-30T23:20:14Z,2026-07-31T01:20:14+0200,3d9904ea-ea5b-47d7-bdee-8f06b37d7caf,2026-07-15T21:15:00Z,2026-07-15T23:15:00+0200,11089.796,MW,NL,NL,actual_load,Actual Load,2026-07-30T23:22:13Z
2026-07-30T23:20:14Z,2026-07-31T01:20:14+0200,3d9904ea-ea5b-47d7-bdee-8f06b37d7caf,2026-07-15T21:30:00Z,2026-07-15T23:30:00+0200,10882.286,MW,NL,NL,actual_load,Actual Load,2026-07-30T23:22:13Z
2026-07-30T23:20:14Z,2026-07-31T01:20:14+0200,3d9904ea-ea5b-47d7-bdee-8f06b37d7caf,2026-07-15T21:45:00Z,2026-07-15T23:45:00+0200,10930.096,MW,NL,NL,actual_load,Actual Load,2026-07-30T23:22:13Z
2026-07-30T23:20:14Z,2026-07-31T01:20:14+0200,3d9904ea-ea5b-47d7-bdee-8f06b37d7caf,2026-07-15T22:00:00Z,2026-07-16T00:00:00+0200,10947.856,MW,NL,NL,actual_load,Actual Load,2026-07-30T23:22:13Z
2026-07-30T23:20:14Z,2026-07-31T01:20:14+0200,3d9904ea-ea5b-47d7-bdee-8f06b37d7caf,2026-07-15T22:15:00Z,2026-07-16T00:15:00+0200,10877.686,MW,NL,NL,actual_load,Actual Load,2026-07-30T23:22:13Z
2026-07-30T23:20:14Z,2026-07-31T01:20:14+0200,3d9904ea-ea5b-47d7-bdee-8f06b37d7caf,2026-07-15T22:30:00Z,2026-07-16T00:30:00+0200,10791.646,MW,NL,NL,actual_load,Actual Load,2026-07-30T23:22:13Z
2026-07-30T23:20:14Z,2026-07-31T01:20:14+0200,3d9904ea-ea5b-47d7-bdee-8f06b37d7caf,2026-07-15T22:45:00Z,2026-07-16T00:45:00+0200,10744.706,MW,NL,NL,actual_load,Actual Load,2026-07-30T23:22:13Z
2026-07-30T23:20:14Z,2026-07-31T01:20:14+0200,3d9904ea-ea5b-47d7-bdee-8f06b37d7caf,2026-07-15T23:00:00Z,2026-07-16T01:00:00+0200,10687.826,MW,NL,NL,actual_load,Actual Load,2026-07-30T23:22:13Z
2026-07-30T23:20:14Z,2026-07-31T01:20:14+0200,3d9904ea-ea5b-47d7-bdee-8f06b37d7caf,2026-07-15T23:15:00Z,2026-07-16T01:15:00+0200,10595.246,MW,NL,NL,actual_load,Actual Load,2026-07-30T23:22:13Z
2026-07-30T23:20:14Z,2026-07-31T01:20:14+0200,3d9904ea-ea5b-47d7-bdee-8f06b37d7caf,2026-07-15T23:30:00Z,2026-07-16T01:30:00+0200,10479.076,MW,NL,NL,actual_load,Actual Load,2026-07-30T23:22:13Z
2026-07-30T23:20:14Z,2026-07-31T01:20:14+0200,3d9904ea-ea5b-47d7-bdee-8f06b37d7caf,2026-07-15T23:45:00Z,2026-07-16T01:45:00+0200,10412.986,MW,NL,NL,actual_load,Actual Load,2026-07-30T23:22:13Z
2026-07-30T23:20:14Z,2026-07-31T01:20:14+0200,3d9904ea-ea5b-47d7-bdee-8f06b37d7caf,2026-07-16T00:00:00Z,2026-07-16T02:00:00+0200,10263.746,MW,NL,NL,actual_load,Actual Load,2026-07-30T23:22:13Z
2026-07-30T23:20:14Z,2026-07-31T01:20:14+0200,3d9904ea-ea5b-47d7-bdee-8f06b37d7caf,2026-07-16T00:15:00Z,2026-07-16T02:15:00+0200,10231.956,MW,NL,NL,actual_load,Actual Load,2026-07-30T23:22:13Z
2026-07-30T23:20:14Z,2026-07-31T01:20:14+0200,3d9904ea-ea5b-47d7-bdee-8f06b37d7caf,2026-07-16T00:30:00Z,2026-07-16T02:30:00+0200,10170.886,MW,NL,NL,actual_load,Actual Load,2026-07-30T23:22:13Z
2026-07-30T23:20:14Z,2026-07-31T01:20:14+0200,3d9904ea-ea5b-47d7-bdee-8f06b37d7caf,2026-07-16T00:45:00Z,2026-07-16T02:45:00+0200,10232.146,MW,NL,NL,actual_load,Actual Load,2026-07-30T23:22:13Z
2026-07-30T23:20:14Z,2026-07-31T01:20:14+0200,3d9904ea-ea5b-47d7-bdee-8f06b37d7caf,2026-07-16T01:00:00Z,2026-07-16T03:00:00+0200,10218.946,MW,NL,NL,actual_load,Actual Load,2026-07-30T23:22:13Z
2026-07-30T23:20:14Z,2026-07-31T01:20:14+0200,3d9904ea-ea5b-47d7-bdee-8f06b37d7caf,2026-07-16T01:15:00Z,2026-07-16T03:15:00+0200,10136.386,MW,NL,NL,actual_load,Actual Load,2026-07-30T23:22:13Z
2026-07-30T23:20:14Z,2026-07-31T01:20:14+0200,3d9904ea-ea5b-47d7-bdee-8f06b37d7caf,2026-07-16T01:30:00Z,2026-07-16T03:30:00+0200,10115.646,MW,NL,NL,actual_load,Actual Load,2026-07-30T23:22:13Z
2026-07-30T23:20:14Z,2026-07-31T01:20:14+0200,3d9904ea-ea5b-47d7-bdee-8f06b37d7caf,2026-07-16T01:45:00Z,2026-07-16T03:45:00+0200,10017.306,MW,NL,NL,actual_load,Actual Load,2026-07-30T23:22:13Z
2026-07-30T23:20:14Z,2026-07-31T01:20:14+0200,3d9904ea-ea5b-47d7-bdee-8f06b37d7caf,2026-07-16T02:00:00Z,2026-07-16T04:00:00+0200,9981.976,MW,NL,NL,actual_load,Actual Load,2026-07-30T23:22:13Z
2026-07-30T23:20:14Z,2026-07-31T01:20:14+0200,3d9904ea-ea5b-47d7-bdee-8f06b37d7caf,2026-07-16T02:15:00Z,2026-07-16T04:15:00+0200,10089.006,MW,NL,NL,actual_load,Actual Load,2026-07-30T23:22:13Z
2026-07-30T23:20:14Z,2026-07-31T01:20:14+0200,3d9904ea-ea5b-47d7-bdee-8f06b37d7caf,2026-07-16T02:30:00Z,2026-07-16T04:30:00+0200,10141.806,MW,NL,NL,actual_load,Actual Load,2026-07-30T23:22:13Z
2026-07-30T23:20:14Z,2026-07-31T01:20:14+0200,3d9904ea-ea5b-47d7-bdee-8f06b37d7caf,2026-07-16T02:45:00Z,2026-07-16T04:45:00+0200,10170.996,MW,NL,NL,actual_load,Actual Load,2026-07-30T23:22:13Z
2026-07-30T23:20:14Z,2026-07-31T01:20:14+0200,3d9904ea-ea5b-47d7-bdee-8f06b37d7caf,2026-07-16T03:00:00Z,2026-07-16T05:00:00+0200,10192.286,MW,NL,NL,actual_load,Actual Load,2026-07-30T23:22:13Z
2026-07-30T23:20:14Z,2026-07-31T01:20:14+0200,3d9904ea-ea5b-47d7-bdee-8f06b37d7caf,2026-07-16T03:15:00Z,2026-07-16T05:15:00+0200,10349.886,MW,NL,NL,actual_load,Actual Load,2026-07-30T23:22:13Z
2026-07-30T23:20:14Z,2026-07-31T01:20:14+0200,3d9904ea-ea5b-47d7-bdee-8f06b37d7caf,2026-07-16T03:30:00Z,2026-07-16T05:30:00+0200,10307.006,MW,NL,NL,actual_load,Actual Load,2026-07-30T23:22:13Z
2026-07-30T23:20:14Z,2026-07-31T01:20:14+0200,3d9904ea-ea5b-47d7-bdee-8f06b37d7caf,2026-07-16T03:45:00Z,2026-07-16T05:45:00+0200,10260.556,MW,NL,NL,actual_load,Actual Load,2026-07-30T23:22:13Z
2026-07-30T23:20:14Z,2026-07-31T01:20:14+0200,3d9904ea-ea5b-47d7-bdee-8f06b37d7caf,2026-07-16T04:00:00Z,2026-07-16T06:00:00+0200,10143.136,MW,NL,NL,actual_load,Actual Load,2026-07-30T23:22:13Z
2026-07-30T23:20:14Z,2026-07-31T01:20:14+0200,3d9904ea-ea5b-47d7-bdee-8f06b37d7caf,2026-07-16T04:15:00Z,2026-07-16T06:15:00+0200,10102.076,MW,NL,NL,actual_load,Actual Load,2026-07-30T23:22:13Z
2026-07-30T23:20:14Z,2026-07-31T01:20:14+0200,3d9904ea-ea5b-47d7-bdee-8f06b37d7caf,2026-07-16T04:30:00Z,2026-07-16T06:30:00+0200,9994.756,MW,NL,NL,actual_load,Actual Load,2026-07-30T23:22:13Z
2026-07-30T23:20:14Z,2026-07-31T01:20:14+0200,3d9904ea-ea5b-47d7-bdee-8f06b37d7caf,2026-07-16T04:45:00Z,2026-07-16T06:45:00+0200,9983.976,MW,NL,NL,actual_load,Actual Load,2026-07-30T23:22:13Z
2026-07-30T23:20:14Z,2026-07-31T01:20:14+0200,3d9904ea-ea5b-47d7-bdee-8f06b37d7caf,2026-07-16T05:00:00Z,2026-07-16T07:00:00+0200,9925.906,MW,NL,NL,actual_load,Actual Load,2026-07-30T23:22:13Z
2026-07-30T23:20:14Z,2026-07-31T01:20:14+0200,3d9904ea-ea5b-47d7-bdee-8f06b37d7caf,2026-07-16T05:15:00Z,2026-07-16T07:15:00+0200,9882.536,MW,NL,NL,actual_load,Actual Load,2026-07-30T23:22:13Z
2026-07-30T23:20:14Z,2026-07-31T01:20:14+0200,3d9904ea-ea5b-47d7-bdee-8f06b37d7caf,2026-07-16T05:30:00Z,2026-07-16T07:30:00+0200,9731.116,MW,NL,NL,actual_load,Actual Load,2026-07-30T23:22:13Z
2026-07-30T23:20:14Z,2026-07-31T01:20:14+0200,3d9904ea-ea5b-47d7-bdee-8f06b37d7caf,2026-07-16T05:45:00Z,2026-07-16T07:45:00+0200,9705.216,MW,NL,NL,actual_load,Actual Load,2026-07-30T23:22:13Z
2026-07-30T23:20:14Z,2026-07-31T01:20:14+0200,3d9904ea-ea5b-47d7-bdee-8f06b37d7caf,2026-07-16T06:00:00Z,2026-07-16T08:00:00+0200,9651.906,MW,NL,NL,actual_load,Actual Load,2026-07-30T23:22:13Z
2026-07-30T23:20:14Z,2026-07-31T01:20:14+0200,3d9904ea-ea5b-47d7-bdee-8f06b37d7caf,2026-07-16T06:15:00Z,2026-07-16T08:15:00+0200,9175.436,MW,NL,NL,actual_load,Actual Load,2026-07-30T23:22:13Z
2026-07-30T23:20:14Z,2026-07-31T01:20:14+0200,3d9904ea-ea5b-47d7-bdee-8f06b37d7caf,2026-07-16T06:30:00Z,2026-07-16T08:30:00+0200,8985.596,MW,NL,NL,actual_load,Actual Load,2026-07-30T23:22:13Z
2026-07-30T23:20:14Z,2026-07-31T01:20:14+0200,3d9904ea-ea5b-47d7-bdee-8f06b37d7caf,2026-07-16T06:45:00Z,2026-07-16T08:45:00+0200,8694.706,MW,NL,NL,actual_load,Actual Load,2026-07-30T23:22:13Z
2026-07-30T23:20:14Z,2026-07-31T01:20:14+0200,3d9904ea-ea5b-47d7-bdee-8f06b37d7caf,2026-07-16T07:00:00Z,2026-07-16T09:00:00+0200,8711.286,MW,NL,NL,actual_load,Actual Load,2026-07-30T23:22:13Z
2026-07-30T23:20:14Z,2026-07-31T01:20:14+0200,3d9904ea-ea5b-47d7-bdee-8f06b37d7caf,2026-07-16T07:15:00Z,2026-07-16T09:15:00+0200,8888.666,MW,NL,NL,actual_load,Actual Load,2026-07-30T23:22:13Z
2026-07-30T23:20:14Z,2026-07-31T01:20:14+0200,3d9904ea-ea5b-47d7-bdee-8f06b37d7caf,2026-07-16T07:30:00Z,2026-07-16T09:30:00+0200,9040.456,MW,NL,NL,actual_load,Actual Load,2026-07-30T23:22:13Z
2026-07-30T23:20:14Z,2026-07-31T01:20:14+0200,3d9904ea-ea5b-47d7-bdee-8f06b37d7caf,2026-07-16T07:45:00Z,2026-07-16T09:45:00+0200,8960.046,MW,NL,NL,actual_load,Actual Load,2026-07-30T23:22:13Z
2026-07-30T23:20:14Z,2026-07-31T01:20:14+0200,3d9904ea-ea5b-47d7-bdee-8f06b37d7caf,2026-07-16T08:00:00Z,2026-07-16T10:00:00+0200,8759.456,MW,NL,NL,actual_load,Actual Load,2026-07-30T23:22:13Z
2026-07-30T23:20:14Z,2026-07-31T01:20:14+0200,3d9904ea-ea5b-47d7-bdee-8f06b37d7caf,2026-07-16T08:15:00Z,2026-07-16T10:15:00+0200,8729.356,MW,NL,NL,actual_load,Actual Load,2026-07-30T23:22:13Z
2026-07-30T23:20:14Z,2026-07-31T01:20:14+0200,3d9904ea-ea5b-47d7-bdee-8f06b37d7caf,2026-07-16T08:30:00Z,2026-07-16T10:30:00+0200,8217.316,MW,NL,NL,actual_load,Actual Load,2026-07-30T23:22:13Z
2026-07-30T23:20:14Z,2026-07-31T01:20:14+0200,3d9904ea-ea5b-47d7-bdee-8f06b37d7caf,2026-07-16T08:45:00Z,2026-07-16T10:45:00+0200,7888.706,MW,NL,NL,actual_load,Actual Load,2026-07-30T23:22:13Z
2026-07-30T23:20:14Z,2026-07-31T01:20:14+0200,3d9904ea-ea5b-47d7-bdee-8f06b37d7caf,2026-07-16T09:00:00Z,2026-07-16T11:00:00+0200,7591.556,MW,NL,NL,actual_load,Actual Load,2026-07-30T23:22:13Z
2026-07-30T23:20:14Z,2026-07-31T01:20:14+0200,3d9904ea-ea5b-47d7-bdee-8f06b37d7caf,2026-07-16T09:15:00Z,2026-07-16T11:15:00+0200,7281.846,MW,NL,NL,actual_load,Actual Load,2026-07-30T23:22:13Z
2026-07-30T23:20:14Z,2026-07-31T01:20:14+0200,3d9904ea-ea5b-47d7-bdee-8f06b37d7caf,2026-07-16T09:30:00Z,2026-07-16T11:30:00+0200,6998.506,MW,NL,NL,actual_load,Actual Load,2026-07-30T23:22:13Z
2026-07-30T23:20:14Z,2026-07-31T01:20:14+0200,3d9904ea-ea5b-47d7-bdee-8f06b37d7caf,2026-07-16T09:45:00Z,2026-07-16T11:45:00+0200,6697.196,MW,NL,NL,actual_load,Actual Load,2026-07-30T23:22:13Z
2026-07-30T23:20:14Z,2026-07-31T01:20:14+0200,3d9904ea-ea5b-47d7-bdee-8f06b37d7caf,2026-07-16T10:00:00Z,2026-07-16T12:00:00+0200,6537.066,MW,NL,NL,actual_load,Actual Load,2026-07-30T23:22:13Z
2026-07-30T23:20:14Z,2026-07-31T01:20:14+0200,3d9904ea-ea5b-47d7-bdee-8f06b37d7caf,2026-07-16T10:15:00Z,2026-07-16T12:15:00+0200,6291.666,MW,NL,NL,actual_load,Actual Load,2026-07-30T23:22:13Z
2026-07-30T23:20:14Z,2026-07-31T01:20:14+0200,3d9904ea-ea5b-47d7-bdee-8f06b37d7caf,2026-07-16T10:30:00Z,2026-07-16T12:30:00+0200,6067.886,MW,NL,NL,actual_load,Actual Load,2026-07-30T23:22:13Z
2026-07-30T23:20:14Z,2026-07-31T01:20:14+0200,3d9904ea-ea5b-47d7-bdee-8f06b37d7caf,2026-07-16T10:45:00Z,2026-07-16T12:45:00+0200,5998.266,MW,NL,NL,actual_load,Actual Load,2026-07-30T23:22:13Z
2026-07-30T23:20:14Z,2026-07-31T01:20:14+0200,3d9904ea-ea5b-47d7-bdee-8f06b37d7caf,2026-07-16T11:00:00Z,2026-07-16T13:00:00+0200,5900.256,MW,NL,NL,actual_load,Actual Load,2026-07-30T23:22:13Z
2026-07-30T23:20:14Z,2026-07-31T01:20:14+0200,3d9904ea-ea5b-47d7-bdee-8f06b37d7caf,2026-07-16T11:15:00Z,2026-07-16T13:15:00+0200,5790.046,MW,NL,NL,actual_load,Actual Load,2026-07-30T23:22:13Z
2026-07-30T23:20:14Z,2026-07-31T01:20:14+0200,3d9904ea-ea5b-47d7-bdee-8f06b37d7caf,2026-07-16T11:30:00Z,2026-07-16T13:30:00+0200,5834.956,MW,NL,NL,actual_load,Actual Load,2026-07-30T23:22:13Z
2026-07-30T23:20:14Z,2026-07-31T01:20:14+0200,3d9904ea-ea5b-47d7-bdee-8f06b37d7caf,2026-07-16T11:45:00Z,2026-07-16T13:45:00+0200,5742.756,MW,NL,NL,actual_load,Actual Load,2026-07-30T23:22:13Z
2026-07-30T23:20:14Z,2026-07-31T01:20:14+0200,3d9904ea-ea5b-47d7-bdee-8f06b37d7caf,2026-07-16T12:00:00Z,2026-07-16T14:00:00+0200,5832.756,MW,NL,NL,actual_load,Actual Load,2026-07-30T23:22:13Z
2026-07-30T23:20:14Z,2026-07-31T01:20:14+0200,3d9904ea-ea5b-47d7-bdee-8f06b37d7caf,2026-07-16T12:15:00Z,2026-07-16T14:15:00+0200,5856.786,MW,NL,NL,actual_load,Actual Load,2026-07-30T23:22:13Z
2026-07-30T23:20:14Z,2026-07-31T01:20:14+0200,3d9904ea-ea5b-47d7-bdee-8f06b37d7caf,2026-07-16T12:30:00Z,2026-07-16T14:30:00+0200,5783.366,MW,NL,NL,actual_load,Actual Load,2026-07-30T23:22:13Z
2026-07-30T23:20:14Z,2026-07-31T01:20:14+0200,3d9904ea-ea5b-47d7-bdee-8f06b37d7caf,2026-07-16T12:45:00Z,2026-07-16T14:45:00+0200,5412.686,MW,NL,NL,actual_load,Actual Load,2026-07-30T23:22:13Z
2026-07-30T23:20:14Z,2026-07-31T01:20:14+0200,3d9904ea-ea5b-47d7-bdee-8f06b37d7caf,2026-07-16T13:00:00Z,2026-07-16T15:00:00+0200,5480.546,MW,NL,NL,actual_load,Actual Load,2026-07-30T23:22:13Z
2026-07-30T23:20:14Z,2026-07-31T01:20:14+0200,3d9904ea-ea5b-47d7-bdee-8f06b37d7caf,2026-07-16T13:15:00Z,2026-07-16T15:15:00+0200,5447.396,MW,NL,NL,actual_load,Actual Load,2026-07-30T23:22:13Z
2026-07-30T23:20:14Z,2026-07-31T01:20:14+0200,3d9904ea-ea5b-47d7-bdee-8f06b37d7caf,2026-07-16T13:30:00Z,2026-07-16T15:30:00+0200,5727.396,MW,NL,NL,actual_load,Actual Load,2026-07-30T23:22:13Z
2026-07-30T23:20:14Z,2026-07-31T01:20:14+0200,3d9904ea-ea5b-47d7-bdee-8f06b37d7caf,2026-07-16T13:45:00Z,2026-07-16T15:45:00+0200,5923.246,MW,NL,NL,actual_load,Actual Load,2026-07-30T23:22:13Z
2026-07-30T23:20:14Z,2026-07-31T01:20:14+0200,3d9904ea-ea5b-47d7-bdee-8f06b37d7caf,2026-07-16T14:00:00Z,2026-07-16T16:00:00+0200,6116.906,MW,NL,NL,actual_load,Actual Load,2026-07-30T23:22:13Z
2026-07-30T23:20:14Z,2026-07-31T01:20:14+0200,3d9904ea-ea5b-47d7-bdee-8f06b37d7caf,2026-07-16T14:15:00Z,2026-07-16T16:15:00+0200,6255.666,MW,NL,NL,actual_load,Actual Load,2026-07-30T23:22:13Z
2026-07-30T23:20:14Z,2026-07-31T01:20:14+0200,3d9904ea-ea5b-47d7-bdee-8f06b37d7caf,2026-07-16T14:30:00Z,2026-07-16T16:30:00+0200,6874.166,MW,NL,NL,actual_load,Actual Load,2026-07-30T23:22:13Z
2026-07-30T23:20:14Z,2026-07-31T01:20:14+0200,3d9904ea-ea5b-47d7-bdee-8f06b37d7caf,2026-07-16T14:45:00Z,2026-07-16T16:45:00+0200,7314.056,MW,NL,NL,actual_load,Actual Load,2026-07-30T23:22:13Z
2026-07-30T23:20:14Z,2026-07-31T01:20:14+0200,3d9904ea-ea5b-47d7-bdee-8f06b37d7caf,2026-07-16T15:00:00Z,2026-07-16T17:00:00+0200,7761.026,MW,NL,NL,actual_load,Actual Load,2026-07-30T23:22:13Z
2026-07-30T23:20:14Z,2026-07-31T01:20:14+0200,3d9904ea-ea5b-47d7-bdee-8f06b37d7caf,2026-07-16T15:15:00Z,2026-07-16T17:15:00+0200,7897.476,MW,NL,NL,actual_load,Actual Load,2026-07-30T23:22:13Z
2026-07-30T23:20:14Z,2026-07-31T01:20:14+0200,3d9904ea-ea5b-47d7-bdee-8f06b37d7caf,2026-07-16T15:30:00Z,2026-07-16T17:30:00+0200,7965.056,MW,NL,NL,actual_load,Actual Load,2026-07-30T23:22:13Z
2026-07-30T23:20:14Z,2026-07-31T01:20:14+0200,3d9904ea-ea5b-47d7-bdee-8f06b37d7caf,2026-07-16T15:45:00Z,2026-07-16T17:45:00+0200,8117.456,MW,NL,NL,actual_load,Actual Load,2026-07-30T23:22:13Z
2026-07-30T23:20:14Z,2026-07-31T01:20:14+0200,3d9904ea-ea5b-47d7-bdee-8f06b37d7caf,2026-07-16T16:00:00Z,2026-07-16T18:00:00+0200,8155.806,MW,NL,NL,actual_load,Actual Load,2026-07-30T23:22:13Z
2026-07-30T23:20:14Z,2026-07-31T01:20:14+0200,3d9904ea-ea5b-47d7-bdee-8f06b37d7caf,2026-07-16T16:15:00Z,2026-07-16T18:15:00+0200,8397.626,MW,NL,NL,actual_load,Actual Load,2026-07-30T23:22:13Z
2026-07-30T23:20:14Z,2026-07-31T01:20:14+0200,3d9904ea-ea5b-47d7-bdee-8f06b37d7caf,2026-07-16T16:30:00Z,2026-07-16T18:30:00+0200,8736.096,MW,NL,NL,actual_load,Actual Load,2026-07-30T23:22:13Z
2026-07-30T23:20:14Z,2026-07-31T01:20:14+0200,3d9904ea-ea5b-47d7-bdee-8f06b37d7caf,2026-07-16T16:45:00Z,2026-07-16T18:45:00+0200,8801.626,MW,NL,NL,actual_load,Actual Load,2026-07-30T23:22:13Z
2026-07-30T23:20:14Z,2026-07-31T01:20:14+0200,3d9904ea-ea5b-47d7-bdee-8f06b37d7caf,2026-07-16T17:00:00Z,2026-07-16T19:00:00+0200,8668.916,MW,NL,NL,actual_load,Actual Load,2026-07-30T23:22:13Z
2026-07-30T23:20:14Z,2026-07-31T01:20:14+0200,3d9904ea-ea5b-47d7-bdee-8f06b37d7caf,2026-07-16T17:15:00Z,2026-07-16T19:15:00+0200,8935.796,MW,NL,NL,actual_load,Actual Load,2026-07-30T23:22:13Z
2026-07-30T23:20:14Z,2026-07-31T01:20:14+0200,3d9904ea-ea5b-47d7-bdee-8f06b37d7caf,2026-07-16T17:30:00Z,2026-07-16T19:30:00+0200,9255.766,MW,NL,NL,actual_load,Actual Load,2026-07-30T23:22:13Z
2026-07-30T23:20:14Z,2026-07-31T01:20:14+0200,3d9904ea-ea5b-47d7-bdee-8f06b37d7caf,2026-07-16T17:45:00Z,2026-07-16T19:45:00+0200,9553.666,MW,NL,NL,actual_load,Actual Load,2026-07-30T23:22:13Z
2026-07-30T23:20:14Z,2026-07-31T01:20:14+0200,3d9904ea-ea5b-47d7-bdee-8f06b37d7caf,2026-07-16T18:00:00Z,2026-07-16T20:00:00+0200,9958.316,MW,NL,NL,actual_load,Actual Load,2026-07-30T23:22:13Z
2026-07-30T23:20:14Z,2026-07-31T01:20:14+0200,3d9904ea-ea5b-47d7-bdee-8f06b37d7caf,2026-07-16T18:15:00Z,2026-07-16T20:15:00+0200,10361.656,MW,NL,NL,actual_load,Actual Load,2026-07-30T23:22:13Z
2026-07-30T23:20:14Z,2026-07-31T01:20:14+0200,3d9904ea-ea5b-47d7-bdee-8f06b37d7caf,2026-07-16T18:30:00Z,2026-07-16T20:30:00+0200,10836.586,MW,NL,NL,actual_load,Actual Load,2026-07-30T23:22:13Z
2026-07-30T23:20:14Z,2026-07-31T01:20:14+0200,3d9904ea-ea5b-47d7-bdee-8f06b37d7caf,2026-07-16T18:45:00Z,2026-07-16T20:45:00+0200,10983.876,MW,NL,NL,actual_load,Actual Load,2026-07-30T23:22:13Z
2026-07-30T23:20:14Z,2026-07-31T01:20:14+0200,3d9904ea-ea5b-47d7-bdee-8f06b37d7caf,2026-07-16T19:00:00Z,2026-07-16T21:00:00+0200,11309.776,MW,NL,NL,actual_load,Actual Load,2026-07-30T23:22:13Z
2026-07-30T23:20:14Z,2026-07-31T01:20:14+0200,3d9904ea-ea5b-47d7-bdee-8f06b37d7caf,2026-07-16T19:15:00Z,2026-07-16T21:15:00+0200,11494.776,MW,NL,NL,actual_load,Actual Load,2026-07-30T23:22:13Z
2026-07-30T23:20:14Z,2026-07-31T01:20:14+0200,3d9904ea-ea5b-47d7-bdee-8f06b37d7caf,2026-07-16T19:30:00Z,2026-07-16T21:30:00+0200,11622.656,MW,NL,NL,actual_load,Actual Load,2026-07-30T23:22:13Z
2026-07-30T23:20:14Z,2026-07-31T01:20:14+0200,3d9904ea-ea5b-47d7-bdee-8f06b37d7caf,2026-07-16T19:45:00Z,2026-07-16T21:45:00+0200,11790.696,MW,NL,NL,actual_load,Actual Load,2026-07-30T23:22:13Z
2026-07-30T23:20:14Z,2026-07-31T01:20:14+0200,3d9904ea-ea5b-47d7-bdee-8f06b37d7caf,2026-07-16T20:00:00Z,2026-07-16T22:00:00+0200,11826.746,MW,NL,NL,actual_load,Actual Load,2026-07-30T23:22:13Z
2026-07-30T23:20:14Z,2026-07-31T01:20:14+0200,3d9904ea-ea5b-47d7-bdee-8f06b37d7caf,2026-07-16T20:15:00Z,2026-07-16T22:15:00+0200,11741.826,MW,NL,NL,actual_load,Actual Load,2026-07-30T23:22:13Z
2026-07-30T23:20:14Z,2026-07-31T01:20:14+0200,3d9904ea-ea5b-47d7-bdee-8f06b37d7caf,2026-07-16T20:30:00Z,2026-07-16T22:30:00+0200,11793.186,MW,NL,NL,actual_load,Actual Load,2026-07-30T23:22:13Z
2026-07-30T23:20:14Z,2026-07-31T01:20:14+0200,3d9904ea-ea5b-47d7-bdee-8f06b37d7caf,2026-07-16T20:45:00Z,2026-07-16T22:45:00+0200,11777.326,MW,NL,NL,actual_load,Actual Load,2026-07-30T23:22:13Z
2026-07-30T23:20:14Z,2026-07-31T01:20:14+0200,3d9904ea-ea5b-47d7-bdee-8f06b37d7caf,2026-07-16T21:00:00Z,2026-07-16T23:00:00+0200,11498.216,MW,NL,NL,actual_load,Actual Load,2026-07-30T23:22:13Z
2026-07-30T23:20:14Z,2026-07-31T01:20:14+0200,3d9904ea-ea5b-47d7-bdee-8f06b37d7caf,2026-07-16T21:15:00Z,2026-07-16T23:15:00+0200,11303.876,MW,NL,NL,actual_load,Actual Load,2026-07-30T23:22:13Z
2026-07-30T23:20:14Z,2026-07-31T01:20:14+0200,3d9904ea-ea5b-47d7-bdee-8f06b37d7caf,2026-07-16T21:30:00Z,2026-07-16T23:30:00+0200,11175.796,MW,NL,NL,actual_load,Actual Load,2026-07-30T23:22:13Z
2026-07-30T23:20:14Z,2026-07-31T01:20:14+0200,3d9904ea-ea5b-47d7-bdee-8f06b37d7caf,2026-07-16T21:45:00Z,2026-07-16T23:45:00+0200,11307.596,MW,NL,NL,actual_load,Actual Load,2026-07-30T23:22:13Z
2026-07-30T23:20:14Z,2026-07-31T01:20:14+0200,3d9904ea-ea5b-47d7-bdee-8f06b37d7caf,2026-07-16T22:00:00Z,2026-07-17T00:00:00+0200,11259.206,MW,NL,NL,actual_load,Actual Load,2026-07-30T23:22:13Z
2026-07-30T23:20:14Z,2026-07-31T01:20:14+0200,3d9904ea-ea5b-47d7-bdee-8f06b37d7caf,2026-07-16T22:15:00Z,2026-07-17T00:15:00+0200,11262.146,MW,NL,NL,actual_load,Actual Load,2026-07-30T23:22:13Z
2026-07-30T23:20:14Z,2026-07-31T01:20:14+0200,3d9904ea-ea5b-47d7-bdee-8f06b37d7caf,2026-07-16T22:30:00Z,2026-07-17T00:30:00+0200,11067.826,MW,NL,NL,actual_load,Actual Load,2026-07-30T23:22:13Z
2026-07-30T23:20:14Z,2026-07-31T01:20:14+0200,3d9904ea-ea5b-47d7-bdee-8f06b37d7caf,2026-07-16T22:45:00Z,2026-07-17T00:45:00+0200,10963.246,MW,NL,NL,actual_load,Actual Load,2026-07-30T23:22:13Z
2026-07-30T23:20:14Z,2026-07-31T01:20:14+0200,3d9904ea-ea5b-47d7-bdee-8f06b37d7caf,2026-07-16T23:00:00Z,2026-07-17T01:00:00+0200,10976.336,MW,NL,NL,actual_load,Actual Load,2026-07-30T23:22:13Z
2026-07-30T23:20:14Z,2026-07-31T01:20:14+0200,3d9904ea-ea5b-47d7-bdee-8f06b37d7caf,2026-07-16T23:15:00Z,2026-07-17T01:15:00+0200,10940.046,MW,NL,NL,actual_load,Actual Load,2026-07-30T23:22:13Z
2026-07-30T23:20:14Z,2026-07-31T01:20:14+0200,3d9904ea-ea5b-47d7-bdee-8f06b37d7caf,2026-07-16T23:30:00Z,2026-07-17T01:30:00+0200,10916.546,MW,NL,NL,actual_load,Actual Load,2026-07-30T23:22:13Z
2026-07-30T23:20:14Z,2026-07-31T01:20:14+0200,3d9904ea-ea5b-47d7-bdee-8f06b37d7caf,2026-07-16T23:45:00Z,2026-07-17T01:45:00+0200,10841.796,MW,NL,NL,actual_load,Actual Load,2026-07-30T23:22:13Z
2026-07-30T23:20:14Z,2026-07-31T01:20:14+0200,3d9904ea-ea5b-47d7-bdee-8f06b37d7caf,2026-07-17T00:00:00Z,2026-07-17T02:00:00+0200,10889.196,MW,NL,NL,actual_load,Actual Load,2026-07-30T23:22:13Z
2026-07-30T23:20:14Z,2026-07-31T01:20:14+0200,3d9904ea-ea5b-47d7-bdee-8f06b37d7caf,2026-07-17T00:15:00Z,2026-07-17T02:15:00+0200,10927.526,MW,NL,NL,actual_load,Actual Load,2026-07-30T23:22:13Z
2026-07-30T23:20:14Z,2026-07-31T01:20:14+0200,3d9904ea-ea5b-47d7-bdee-8f06b37d7caf,2026-07-17T00:30:00Z,2026-07-17T02:30:00+0200,10787.246,MW,NL,NL,actual_load,Actual Load,2026-07-30T23:22:13Z
2026-07-30T23:20:14Z,2026-07-31T01:20:14+0200,3d9904ea-ea5b-47d7-bdee-8f06b37d7caf,2026-07-17T00:45:00Z,2026-07-17T02:45:00+0200,10656.056,MW,NL,NL,actual_load,Actual Load,2026-07-30T23:22:13Z
2026-07-30T23:20:14Z,2026-07-31T01:20:14+0200,3d9904ea-ea5b-47d7-bdee-8f06b37d7caf,2026-07-17T01:00:00Z,2026-07-17T03:00:00+0200,10655.256,MW,NL,NL,actual_load,Actual Load,2026-07-30T23:22:13Z
2026-07-30T23:20:14Z,2026-07-31T01:20:14+0200,3d9904ea-ea5b-47d7-bdee-8f06b37d7caf,2026-07-17T01:15:00Z,2026-07-17T03:15:00+0200,10643.276,MW,NL,NL,actual_load,Actual Load,2026-07-30T23:22:13Z
2026-07-30T23:20:14Z,2026-07-31T01:20:14+0200,3d9904ea-ea5b-47d7-bdee-8f06b37d7caf,2026-07-17T01:30:00Z,2026-07-17T03:30:00+0200,10663.736,MW,NL,NL,actual_load,Actual Load,2026-07-30T23:22:13Z
2026-07-30T23:20:14Z,2026-07-31T01:20:14+0200,3d9904ea-ea5b-47d7-bdee-8f06b37d7caf,2026-07-17T01:45:00Z,2026-07-17T03:45:00+0200,10612.506,MW,NL,NL,actual_load,Actual Load,2026-07-30T23:22:13Z
2026-07-30T23:20:14Z,2026-07-31T01:20:14+0200,3d9904ea-ea5b-47d7-bdee-8f06b37d7caf,2026-07-17T02:00:00Z,2026-07-17T04:00:00+0200,10626.836,MW,NL,NL,actual_load,Actual Load,2026-07-30T23:22:13Z
2026-07-30T23:20:14Z,2026-07-31T01:20:14+0200,3d9904ea-ea5b-47d7-bdee-8f06b37d7caf,2026-07-17T02:15:00Z,2026-07-17T04:15:00+0200,10686.036,MW,NL,NL,actual_load,Actual Load,2026-07-30T23:22:13Z
2026-07-30T23:20:14Z,2026-07-31T01:20:14+0200,3d9904ea-ea5b-47d7-bdee-8f06b37d7caf,2026-07-17T02:30:00Z,2026-07-17T04:30:00+0200,10706.936,MW,NL,NL,actual_load,Actual Load,2026-07-30T23:22:13Z
2026-07-30T23:20:14Z,2026-07-31T01:20:14+0200,3d9904ea-ea5b-47d7-bdee-8f06b37d7caf,2026-07-17T02:45:00Z,2026-07-17T04:45:00+0200,10654.836,MW,NL,NL,actual_load,Actual Load,2026-07-30T23:22:13Z
2026-07-30T23:20:14Z,2026-07-31T01:20:14+0200,3d9904ea-ea5b-47d7-bdee-8f06b37d7caf,2026-07-17T03:00:00Z,2026-07-17T05:00:00+0200,10575.636,MW,NL,NL,actual_load,Actual Load,2026-07-30T23:22:13Z
2026-07-30T23:20:14Z,2026-07-31T01:20:14+0200,3d9904ea-ea5b-47d7-bdee-8f06b37d7caf,2026-07-17T03:15:00Z,2026-07-17T05:15:00+0200,10626.376,MW,NL,NL,actual_load,Actual Load,2026-07-30T23:22:13Z
2026-07-30T23:20:14Z,2026-07-31T01:20:14+0200,3d9904ea-ea5b-47d7-bdee-8f06b37d7caf,2026-07-17T03:30:00Z,2026-07-17T05:30:00+0200,10644.236,MW,NL,NL,actual_load,Actual Load,2026-07-30T23:22:13Z
2026-07-30T23:20:14Z,2026-07-31T01:20:14+0200,3d9904ea-ea5b-47d7-bdee-8f06b37d7caf,2026-07-17T03:45:00Z,2026-07-17T05:45:00+0200,10673.676,MW,NL,NL,actual_load,Actual Load,2026-07-30T23:22:13Z
2026-07-30T23:20:14Z,2026-07-31T01:20:14+0200,3d9904ea-ea5b-47d7-bdee-8f06b37d7caf,2026-07-17T04:00:00Z,2026-07-17T06:00:00+0200,10610.516,MW,NL,NL,actual_load,Actual Load,2026-07-30T23:22:13Z
2026-07-30T23:20:14Z,2026-07-31T01:20:14+0200,3d9904ea-ea5b-47d7-bdee-8f06b37d7caf,2026-07-17T04:15:00Z,2026-07-17T06:15:00+0200,10596.996,MW,NL,NL,actual_load,Actual Load,2026-07-30T23:22:13Z
2026-07-30T23:20:14Z,2026-07-31T01:20:14+0200,3d9904ea-ea5b-47d7-bdee-8f06b37d7caf,2026-07-17T04:30:00Z,2026-07-17T06:30:00+0200,10461.536,MW,NL,NL,actual_load,Actual Load,2026-07-30T23:22:13Z
2026-07-30T23:20:14Z,2026-07-31T01:20:14+0200,3d9904ea-ea5b-47d7-bdee-8f06b37d7caf,2026-07-17T04:45:00Z,2026-07-17T06:45:00+0200,10352.306,MW,NL,NL,actual_load,Actual Load,2026-07-30T23:22:13Z
2026-07-30T23:20:14Z,2026-07-31T01:20:14+0200,3d9904ea-ea5b-47d7-bdee-8f06b37d7caf,2026-07-17T05:00:00Z,2026-07-17T07:00:00+0200,10223.846,MW,NL,NL,actual_load,Actual Load,2026-07-30T23:22:13Z
2026-07-30T23:20:14Z,2026-07-31T01:20:14+0200,3d9904ea-ea5b-47d7-bdee-8f06b37d7caf,2026-07-17T05:15:00Z,2026-07-17T07:15:00+0200,9946.256,MW,NL,NL,actual_load,Actual Load,2026-07-30T23:22:13Z
2026-07-30T23:20:14Z,2026-07-31T01:20:14+0200,3d9904ea-ea5b-47d7-bdee-8f06b37d7caf,2026-07-17T05:30:00Z,2026-07-17T07:30:00+0200,9756.196,MW,NL,NL,actual_load,Actual Load,2026-07-30T23:22:13Z
2026-07-30T23:20:14Z,2026-07-31T01:20:14+0200,3d9904ea-ea5b-47d7-bdee-8f06b37d7caf,2026-07-17T05:45:00Z,2026-07-17T07:45:00+0200,9582.186,MW,NL,NL,actual_load,Actual Load,2026-07-30T23:22:13Z
2026-07-30T23:20:14Z,2026-07-31T01:20:14+0200,3d9904ea-ea5b-47d7-bdee-8f06b37d7caf,2026-07-17T06:00:00Z,2026-07-17T08:00:00+0200,9479.756,MW,NL,NL,actual_load,Actual Load,2026-07-30T23:22:13Z
2026-07-30T23:20:14Z,2026-07-31T01:20:14+0200,3d9904ea-ea5b-47d7-bdee-8f06b37d7caf,2026-07-17T06:15:00Z,2026-07-17T08:15:00+0200,8738.596,MW,NL,NL,actual_load,Actual Load,2026-07-30T23:22:13Z
2026-07-30T23:20:14Z,2026-07-31T01:20:14+0200,3d9904ea-ea5b-47d7-bdee-8f06b37d7caf,2026-07-17T06:30:00Z,2026-07-17T08:30:00+0200,8392.026,MW,NL,NL,actual_load,Actual Load,2026-07-30T23:22:13Z
2026-07-30T23:20:14Z,2026-07-31T01:20:14+0200,3d9904ea-ea5b-47d7-bdee-8f06b37d7caf,2026-07-17T06:45:00Z,2026-07-17T08:45:00+0200,8212.726,MW,NL,NL,actual_load,Actual Load,2026-07-30T23:22:13Z
2026-07-30T23:20:14Z,2026-07-31T01:20:14+0200,3d9904ea-ea5b-47d7-bdee-8f06b37d7caf,2026-07-17T07:00:00Z,2026-07-17T09:00:00+0200,8208.486,MW,NL,NL,actual_load,Actual Load,2026-07-30T23:22:13Z
2026-07-30T23:20:14Z,2026-07-31T01:20:14+0200,3d9904ea-ea5b-47d7-bdee-8f06b37d7caf,2026-07-17T07:15:00Z,2026-07-17T09:15:00+0200,8201.766,MW,NL,NL,actual_load,Actual Load,2026-07-30T23:22:13Z
2026-07-30T23:20:14Z,2026-07-31T01:20:14+0200,3d9904ea-ea5b-47d7-bdee-8f06b37d7caf,2026-07-17T07:30:00Z,2026-07-17T09:30:00+0200,7878.006,MW,NL,NL,actual_load,Actual Load,2026-07-30T23:22:13Z
2026-07-30T23:20:14Z,2026-07-31T01:20:14+0200,3d9904ea-ea5b-47d7-bdee-8f06b37d7caf,2026-07-17T07:45:00Z,2026-07-17T09:45:00+0200,7465.496,MW,NL,NL,actual_load,Actual Load,2026-07-30T23:22:13Z
2026-07-30T23:20:14Z,2026-07-31T01:20:14+0200,3d9904ea-ea5b-47d7-bdee-8f06b37d7caf,2026-07-17T08:00:00Z,2026-07-17T10:00:00+0200,7039.926,MW,NL,NL,actual_load,Actual Load,2026-07-30T23:22:13Z
2026-07-30T23:20:14Z,2026-07-31T01:20:14+0200,3d9904ea-ea5b-47d7-bdee-8f06b37d7caf,2026-07-17T08:15:00Z,2026-07-17T10:15:00+0200,6737.576,MW,NL,NL,actual_load,Actual Load,2026-07-30T23:22:13Z
2026-07-30T23:20:14Z,2026-07-31T01:20:14+0200,3d9904ea-ea5b-47d7-bdee-8f06b37d7caf,2026-07-17T08:30:00Z,2026-07-17T10:30:00+0200,6178.236,MW,NL,NL,actual_load,Actual Load,2026-07-30T23:22:13Z
2026-07-30T23:20:14Z,2026-07-31T01:20:14+0200,3d9904ea-ea5b-47d7-bdee-8f06b37d7caf,2026-07-17T08:45:00Z,2026-07-17T10:45:00+0200,5623.286,MW,NL,NL,actual_load,Actual Load,2026-07-30T23:22:13Z
2026-07-30T23:20:14Z,2026-07-31T01:20:14+0200,3d9904ea-ea5b-47d7-bdee-8f06b37d7caf,2026-07-17T09:00:00Z,2026-07-17T11:00:00+0200,5254.656,MW,NL,NL,actual_load,Actual Load,2026-07-30T23:22:13Z
2026-07-30T23:20:14Z,2026-07-31T01:20:14+0200,3d9904ea-ea5b-47d7-bdee-8f06b37d7caf,2026-07-17T09:15:00Z,2026-07-17T11:15:00+0200,5148.086,MW,NL,NL,actual_load,Actual Load,2026-07-30T23:22:13Z
2026-07-30T23:20:14Z,2026-07-31T01:20:14+0200,3d9904ea-ea5b-47d7-bdee-8f06b37d7caf,2026-07-17T09:30:00Z,2026-07-17T11:30:00+0200,4734.676,MW,NL,NL,actual_load,Actual Load,2026-07-30T23:22:13Z
2026-07-30T23:20:14Z,2026-07-31T01:20:14+0200,3d9904ea-ea5b-47d7-bdee-8f06b37d7caf,2026-07-17T09:45:00Z,2026-07-17T11:45:00+0200,4879.816,MW,NL,NL,actual_load,Actual Load,2026-07-30T23:22:13Z
2026-07-30T23:20:14Z,2026-07-31T01:20:14+0200,3d9904ea-ea5b-47d7-bdee-8f06b37d7caf,2026-07-17T10:00:00Z,2026-07-17T12:00:00+0200,4724.226,MW,NL,NL,actual_load,Actual Load,2026-07-30T23:22:13Z
2026-07-30T23:20:14Z,2026-07-31T01:20:14+0200,3d9904ea-ea5b-47d7-bdee-8f06b37d7caf,2026-07-17T10:15:00Z,2026-07-17T12:15:00+0200,4570.508,MW,NL,NL,actual_load,Actual Load,2026-07-30T23:22:13Z
2026-07-30T23:20:14Z,2026-07-31T01:20:14+0200,3d9904ea-ea5b-47d7-bdee-8f06b37d7caf,2026-07-17T10:30:00Z,2026-07-17T12:30:00+0200,4457.065,MW,NL,NL,actual_load,Actual Load,2026-07-30T23:22:13Z
2026-07-30T23:20:14Z,2026-07-31T01:20:14+0200,3d9904ea-ea5b-47d7-bdee-8f06b37d7caf,2026-07-17T10:45:00Z,2026-07-17T12:45:00+0200,4243.268,MW,NL,NL,actual_load,Actual Load,2026-07-30T23:22:13Z
2026-07-30T23:20:14Z,2026-07-31T01:20:14+0200,3d9904ea-ea5b-47d7-bdee-8f06b37d7caf,2026-07-17T11:00:00Z,2026-07-17T13:00:00+0200,4203.558,MW,NL,NL,actual_load,Actual Load,2026-07-30T23:22:13Z
2026-07-30T23:20:14Z,2026-07-31T01:20:14+0200,3d9904ea-ea5b-47d7-bdee-8f06b37d7caf,2026-07-17T11:15:00Z,2026-07-17T13:15:00+0200,4265.969,MW,NL,NL,actual_load,Actual Load,2026-07-30T23:22:13Z
2026-07-30T23:20:14Z,2026-07-31T01:20:14+0200,3d9904ea-ea5b-47d7-bdee-8f06b37d7caf,2026-07-17T11:30:00Z,2026-07-17T13:30:00+0200,4276.267,MW,NL,NL,actual_load,Actual Load,2026-07-30T23:22:13Z
2026-07-30T23:20:14Z,2026-07-31T01:20:14+0200,3d9904ea-ea5b-47d7-bdee-8f06b37d7caf,2026-07-17T11:45:00Z,2026-07-17T13:45:00+0200,4129.523,MW,NL,NL,actual_load,Actual Load,2026-07-30T23:22:13Z
2026-07-30T23:20:14Z,2026-07-31T01:20:14+0200,3d9904ea-ea5b-47d7-bdee-8f06b37d7caf,2026-07-17T12:00:00Z,2026-07-17T14:00:00+0200,4124.917,MW,NL,NL,actual_load,Actual Load,2026-07-30T23:22:13Z
2026-07-30T23:20:14Z,2026-07-31T01:20:14+0200,3d9904ea-ea5b-47d7-bdee-8f06b37d7caf,2026-07-17T12:15:00Z,2026-07-17T14:15:00+0200,3995.285,MW,NL,NL,actual_load,Actual Load,2026-07-30T23:22:13Z
2026-07-30T23:20:14Z,2026-07-31T01:20:14+0200,3d9904ea-ea5b-47d7-bdee-8f06b37d7caf,2026-07-17T12:30:00Z,2026-07-17T14:30:00+0200,3669.842,MW,NL,NL,actual_load,Actual Load,2026-07-30T23:22:13Z
2026-07-30T23:20:14Z,2026-07-31T01:20:14+0200,3d9904ea-ea5b-47d7-bdee-8f06b37d7caf,2026-07-17T12:45:00Z,2026-07-17T14:45:00+0200,3719.284,MW,NL,NL,actual_load,Actual Load,2026-07-30T23:22:13Z
2026-07-30T23:20:14Z,2026-07-31T01:20:14+0200,3d9904ea-ea5b-47d7-bdee-8f06b37d7caf,2026-07-17T13:00:00Z,2026-07-17T15:00:00+0200,3619.111,MW,NL,NL,actual_load,Actual Load,2026-07-30T23:22:13Z
2026-07-30T23:20:14Z,2026-07-31T01:20:14+0200,3d9904ea-ea5b-47d7-bdee-8f06b37d7caf,2026-07-17T13:15:00Z,2026-07-17T15:15:00+0200,3515.118,MW,NL,NL,actual_load,Actual Load,2026-07-30T23:22:13Z
2026-07-30T23:20:14Z,2026-07-31T01:20:14+0200,3d9904ea-ea5b-47d7-bdee-8f06b37d7caf,2026-07-17T13:30:00Z,2026-07-17T15:30:00+0200,3772.262,MW,NL,NL,actual_load,Actual Load,2026-07-30T23:22:13Z
2026-07-30T23:20:14Z,2026-07-31T01:20:14+0200,3d9904ea-ea5b-47d7-bdee-8f06b37d7caf,2026-07-17T13:45:00Z,2026-07-17T15:45:00+0200,3911.893,MW,NL,NL,actual_load,Actual Load,2026-07-30T23:22:13Z
2026-07-30T23:20:14Z,2026-07-31T01:20:14+0200,3d9904ea-ea5b-47d7-bdee-8f06b37d7caf,2026-07-17T14:00:00Z,2026-07-17T16:00:00+0200,3957.337,MW,NL,NL,actual_load,Actual Load,2026-07-30T23:22:13Z
2026-07-30T23:20:14Z,2026-07-31T01:20:14+0200,3d9904ea-ea5b-47d7-bdee-8f06b37d7caf,2026-07-17T14:15:00Z,2026-07-17T16:15:00+0200,4029.698,MW,NL,NL,actual_load,Actual Load,2026-07-30T23:22:13Z
2026-07-30T23:20:14Z,2026-07-31T01:20:14+0200,3d9904ea-ea5b-47d7-bdee-8f06b37d7caf,2026-07-17T14:30:00Z,2026-07-17T16:30:00+0200,4387.416,MW,NL,NL,actual_load,Actual Load,2026-07-30T23:22:13Z
2026-07-30T23:20:14Z,2026-07-31T01:20:14+0200,3d9904ea-ea5b-47d7-bdee-8f06b37d7caf,2026-07-17T14:45:00Z,2026-07-17T16:45:00+0200,4303.172,MW,NL,NL,actual_load,Actual Load,2026-07-30T23:22:13Z
2026-07-30T23:20:14Z,2026-07-31T01:20:14+0200,3d9904ea-ea5b-47d7-bdee-8f06b37d7caf,2026-07-17T15:00:00Z,2026-07-17T17:00:00+0200,4434.466,MW,NL,NL,actual_load,Actual Load,2026-07-30T23:22:13Z
2026-07-30T23:20:14Z,2026-07-31T01:20:14+0200,3d9904ea-ea5b-47d7-bdee-8f06b37d7caf,2026-07-17T15:15:00Z,2026-07-17T17:15:00+0200,4981.546,MW,NL,NL,actual_load,Actual Load,2026-07-30T23:22:13Z
2026-07-30T23:20:14Z,2026-07-31T01:20:14+0200,3d9904ea-ea5b-47d7-bdee-8f06b37d7caf,2026-07-17T15:30:00Z,2026-07-17T17:30:00+0200,5405.786,MW,NL,NL,actual_load,Actual Load,2026-07-30T23:22:13Z
2026-07-30T23:20:14Z,2026-07-31T01:20:14+0200,3d9904ea-ea5b-47d7-bdee-8f06b37d7caf,2026-07-17T15:45:00Z,2026-07-17T17:45:00+0200,5752.456,MW,NL,NL,actual_load,Actual Load,2026-07-30T23:22:13Z
2026-07-30T23:20:14Z,2026-07-31T01:20:14+0200,3d9904ea-ea5b-47d7-bdee-8f06b37d7caf,2026-07-17T16:00:00Z,2026-07-17T18:00:00+0200,5988.896,MW,NL,NL,actual_load,Actual Load,2026-07-30T23:22:13Z
2026-07-30T23:20:14Z,2026-07-31T01:20:14+0200,3d9904ea-ea5b-47d7-bdee-8f06b37d7caf,2026-07-17T16:15:00Z,2026-07-17T18:15:00+0200,6541.946,MW,NL,NL,actual_load,Actual Load,2026-07-30T23:22:13Z
2026-07-30T23:20:14Z,2026-07-31T01:20:14+0200,3d9904ea-ea5b-47d7-bdee-8f06b37d7caf,2026-07-17T16:30:00Z,2026-07-17T18:30:00+0200,7070.736,MW,NL,NL,actual_load,Actual Load,2026-07-30T23:22:13Z
2026-07-30T23:20:14Z,2026-07-31T01:20:14+0200,3d9904ea-ea5b-47d7-bdee-8f06b37d7caf,2026-07-17T16:45:00Z,2026-07-17T18:45:00+0200,7455.876,MW,NL,NL,actual_load,Actual Load,2026-07-30T23:22:13Z
2026-07-30T23:20:14Z,2026-07-31T01:20:14+0200,3d9904ea-ea5b-47d7-bdee-8f06b37d7caf,2026-07-17T17:00:00Z,2026-07-17T19:00:00+0200,7537.296,MW,NL,NL,actual_load,Actual Load,2026-07-30T23:22:13Z
2026-07-30T23:20:14Z,2026-07-31T01:20:14+0200,3d9904ea-ea5b-47d7-bdee-8f06b37d7caf,2026-07-17T17:15:00Z,2026-07-17T19:15:00+0200,8100.056,MW,NL,NL,actual_load,Actual Load,2026-07-30T23:22:13Z
2026-07-30T23:20:14Z,2026-07-31T01:20:14+0200,3d9904ea-ea5b-47d7-bdee-8f06b37d7caf,2026-07-17T17:30:00Z,2026-07-17T19:30:00+0200,8595.706,MW,NL,NL,actual_load,Actual Load,2026-07-30T23:22:13Z
2026-07-30T23:20:14Z,2026-07-31T01:20:14+0200,3d9904ea-ea5b-47d7-bdee-8f06b37d7caf,2026-07-17T17:45:00Z,2026-07-17T19:45:00+0200,9012.666,MW,NL,NL,actual_load,Actual Load,2026-07-30T23:22:13Z
2026-07-30T23:20:14Z,2026-07-31T01:20:14+0200,3d9904ea-ea5b-47d7-bdee-8f06b37d7caf,2026-07-17T18:00:00Z,2026-07-17T20:00:00+0200,9335.506,MW,NL,NL,actual_load,Actual Load,2026-07-30T23:22:13Z
2026-07-30T23:20:14Z,2026-07-31T01:20:14+0200,3d9904ea-ea5b-47d7-bdee-8f06b37d7caf,2026-07-17T18:15:00Z,2026-07-17T20:15:00+0200,9923.656,MW,NL,NL,actual_load,Actual Load,2026-07-30T23:22:13Z
2026-07-30T23:20:14Z,2026-07-31T01:20:14+0200,3d9904ea-ea5b-47d7-bdee-8f06b37d7caf,2026-07-17T18:30:00Z,2026-07-17T20:30:00+0200,10201.386,MW,NL,NL,actual_load,Actual Load,2026-07-30T23:22:13Z
2026-07-30T23:20:14Z,2026-07-31T01:20:14+0200,3d9904ea-ea5b-47d7-bdee-8f06b37d7caf,2026-07-17T18:45:00Z,2026-07-17T20:45:00+0200,10302.286,MW,NL,NL,actual_load,Actual Load,2026-07-30T23:22:13Z
2026-07-30T23:20:14Z,2026-07-31T01:20:14+0200,3d9904ea-ea5b-47d7-bdee-8f06b37d7caf,2026-07-17T19:00:00Z,2026-07-17T21:00:00+0200,10672.276,MW,NL,NL,actual_load,Actual Load,2026-07-30T23:22:13Z
2026-07-30T23:20:14Z,2026-07-31T01:20:14+0200,3d9904ea-ea5b-47d7-bdee-8f06b37d7caf,2026-07-17T19:15:00Z,2026-07-17T21:15:00+0200,10885.426,MW,NL,NL,actual_load,Actual Load,2026-07-30T23:22:13Z
2026-07-30T23:20:14Z,2026-07-31T01:20:14+0200,3d9904ea-ea5b-47d7-bdee-8f06b37d7caf,2026-07-17T19:30:00Z,2026-07-17T21:30:00+0200,10764.236,MW,NL,NL,actual_load,Actual Load,2026-07-30T23:22:13Z
2026-07-30T23:20:14Z,2026-07-31T01:20:14+0200,3d9904ea-ea5b-47d7-bdee-8f06b37d7caf,2026-07-17T19:45:00Z,2026-07-17T21:45:00+0200,10731.136,MW,NL,NL,actual_load,Actual Load,2026-07-30T23:22:13Z
2026-07-30T23:20:14Z,2026-07-31T01:20:14+0200,3d9904ea-ea5b-47d7-bdee-8f06b37d7caf,2026-07-17T20:00:00Z,2026-07-17T22:00:00+0200,10816.436,MW,NL,NL,actual_load,Actual Load,2026-07-30T23:22:13Z
2026-07-30T23:20:14Z,2026-07-31T01:20:14+0200,3d9904ea-ea5b-47d7-bdee-8f06b37d7caf,2026-07-17T20:15:00Z,2026-07-17T22:15:00+0200,10786.166,MW,NL,NL,actual_load,Actual Load,2026-07-30T23:22:13Z
2026-07-30T23:20:14Z,2026-07-31T01:20:14+0200,3d9904ea-ea5b-47d7-bdee-8f06b37d7caf,2026-07-17T20:30:00Z,2026-07-17T22:30:00+0200,10916.376,MW,NL,NL,actual_load,Actual Load,2026-07-30T23:22:13Z
2026-07-30T23:20:14Z,2026-07-31T01:20:14+0200,3d9904ea-ea5b-47d7-bdee-8f06b37d7caf,2026-07-17T20:45:00Z,2026-07-17T22:45:00+0200,10989.416,MW,NL,NL,actual_load,Actual Load,2026-07-30T23:22:13Z
2026-07-30T23:20:14Z,2026-07-31T01:20:14+0200,3d9904ea-ea5b-47d7-bdee-8f06b37d7caf,2026-07-17T21:00:00Z,2026-07-17T23:00:00+0200,11040.116,MW,NL,NL,actual_load,Actual Load,2026-07-30T23:22:13Z
2026-07-30T23:20:14Z,2026-07-31T01:20:14+0200,3d9904ea-ea5b-47d7-bdee-8f06b37d7caf,2026-07-17T21:15:00Z,2026-07-17T23:15:00+0200,11118.466,MW,NL,NL,actual_load,Actual Load,2026-07-30T23:22:13Z
2026-07-30T23:20:14Z,2026-07-31T01:20:14+0200,3d9904ea-ea5b-47d7-bdee-8f06b37d7caf,2026-07-17T21:30:00Z,2026-07-17T23:30:00+0200,11025.936,MW,NL,NL,actual_load,Actual Load,2026-07-30T23:22:13Z
2026-07-30T23:20:14Z,2026-07-31T01:20:14+0200,3d9904ea-ea5b-47d7-bdee-8f06b37d7caf,2026-07-17T21:45:00Z,2026-07-17T23:45:00+0200,10908.676,MW,NL,NL,actual_load,Actual Load,2026-07-30T23:22:13Z
2026-07-30T23:20:14Z,2026-07-31T01:20:14+0200,3d9904ea-ea5b-47d7-bdee-8f06b37d7caf,2026-07-17T22:00:00Z,2026-07-18T00:00:00+0200,10763.296,MW,NL,NL,actual_load,Actual Load,2026-07-30T23:22:13Z
2026-07-30T23:20:14Z,2026-07-31T01:20:14+0200,3d9904ea-ea5b-47d7-bdee-8f06b37d7caf,2026-07-17T22:15:00Z,2026-07-18T00:15:00+0200,10744.446,MW,NL,NL,actual_load,Actual Load,2026-07-30T23:22:13Z
2026-07-30T23:20:14Z,2026-07-31T01:20:14+0200,3d9904ea-ea5b-47d7-bdee-8f06b37d7caf,2026-07-17T22:30:00Z,2026-07-18T00:30:00+0200,10642.956,MW,NL,NL,actual_load,Actual Load,2026-07-30T23:22:13Z
2026-07-30T23:20:14Z,2026-07-31T01:20:14+0200,3d9904ea-ea5b-47d7-bdee-8f06b37d7caf,2026-07-17T22:45:00Z,2026-07-18T00:45:00+0200,10604.496,MW,NL,NL,actual_load,Actual Load,2026-07-30T23:22:13Z
2026-07-30T23:20:14Z,2026-07-31T01:20:14+0200,3d9904ea-ea5b-47d7-bdee-8f06b37d7caf,2026-07-17T23:00:00Z,2026-07-18T01:00:00+0200,10531.666,MW,NL,NL,actual_load,Actual Load,2026-07-30T23:22:13Z
2026-07-30T23:20:14Z,2026-07-31T01:20:14+0200,3d9904ea-ea5b-47d7-bdee-8f06b37d7caf,2026-07-17T23:15:00Z,2026-07-18T01:15:00+0200,10378.756,MW,NL,NL,actual_load,Actual Load,2026-07-30T23:22:13Z
2026-07-30T23:20:14Z,2026-07-31T01:20:14+0200,3d9904ea-ea5b-47d7-bdee-8f06b37d7caf,2026-07-17T23:30:00Z,2026-07-18T01:30:00+0200,10379.406,MW,NL,NL,actual_load,Actual Load,2026-07-30T23:22:13Z
2026-07-30T23:20:14Z,2026-07-31T01:20:14+0200,3d9904ea-ea5b-47d7-bdee-8f06b37d7caf,2026-07-17T23:45:00Z,2026-07-18T01:45:00+0200,10302.616,MW,NL,NL,actual_load,Actual Load,2026-07-30T23:22:13Z
2026-07-30T23:20:14Z,2026-07-31T01:20:14+0200,3d9904ea-ea5b-47d7-bdee-8f06b37d7caf,2026-07-18T00:00:00Z,2026-07-18T02:00:00+0200,10233.186,MW,NL,NL,actual_load,Actual Load,2026-07-30T23:22:13Z
2026-07-30T23:20:14Z,2026-07-31T01:20:14+0200,3d9904ea-ea5b-47d7-bdee-8f06b37d7caf,2026-07-18T00:15:00Z,2026-07-18T02:15:00+0200,10162.886,MW,NL,NL,actual_load,Actual Load,2026-07-30T23:22:13Z
2026-07-30T23:20:14Z,2026-07-31T01:20:14+0200,3d9904ea-ea5b-47d7-bdee-8f06b37d7caf,2026-07-18T00:30:00Z,2026-07-18T02:30:00+0200,10085.126,MW,NL,NL,actual_load,Actual Load,2026-07-30T23:22:13Z
2026-07-30T23:20:14Z,2026-07-31T01:20:14+0200,3d9904ea-ea5b-47d7-bdee-8f06b37d7caf,2026-07-18T00:45:00Z,2026-07-18T02:45:00+0200,10026.546,MW,NL,NL,actual_load,Actual Load,2026-07-30T23:22:13Z
2026-07-30T23:20:14Z,2026-07-31T01:20:14+0200,3d9904ea-ea5b-47d7-bdee-8f06b37d7caf,2026-07-18T01:00:00Z,2026-07-18T03:00:00+0200,10017.466,MW,NL,NL,actual_load,Actual Load,2026-07-30T23:22:13Z
2026-07-30T23:20:14Z,2026-07-31T01:20:14+0200,3d9904ea-ea5b-47d7-bdee-8f06b37d7caf,2026-07-18T01:15:00Z,2026-07-18T03:15:00+0200,9984.616,MW,NL,NL,actual_load,Actual Load,2026-07-30T23:22:13Z
2026-07-30T23:20:14Z,2026-07-31T01:20:14+0200,3d9904ea-ea5b-47d7-bdee-8f06b37d7caf,2026-07-18T01:30:00Z,2026-07-18T03:30:00+0200,9961.826,MW,NL,NL,actual_load,Actual Load,2026-07-30T23:22:13Z
2026-07-30T23:20:14Z,2026-07-31T01:20:14+0200,3d9904ea-ea5b-47d7-bdee-8f06b37d7caf,2026-07-18T01:45:00Z,2026-07-18T03:45:00+0200,9976.106,MW,NL,NL,actual_load,Actual Load,2026-07-30T23:22:13Z
2026-07-30T23:20:14Z,2026-07-31T01:20:14+0200,3d9904ea-ea5b-47d7-bdee-8f06b37d7caf,2026-07-18T02:00:00Z,2026-07-18T04:00:00+0200,9971.346,MW,NL,NL,actual_load,Actual Load,2026-07-30T23:22:13Z
2026-07-30T23:20:14Z,2026-07-31T01:20:14+0200,3d9904ea-ea5b-47d7-bdee-8f06b37d7caf,2026-07-18T02:15:00Z,2026-07-18T04:15:00+0200,9998.126,MW,NL,NL,actual_load,Actual Load,2026-07-30T23:22:13Z
2026-07-30T23:20:14Z,2026-07-31T01:20:14+0200,3d9904ea-ea5b-47d7-bdee-8f06b37d7caf,2026-07-18T02:30:00Z,2026-07-18T04:30:00+0200,9953.516,MW,NL,NL,actual_load,Actual Load,2026-07-30T23:22:13Z
2026-07-30T23:20:14Z,2026-07-31T01:20:14+0200,3d9904ea-ea5b-47d7-bdee-8f06b37d7caf,2026-07-18T02:45:00Z,2026-07-18T04:45:00+0200,10025.366,MW,NL,NL,actual_load,Actual Load,2026-07-30T23:22:13Z
2026-07-30T23:20:14Z,2026-07-31T01:20:14+0200,3d9904ea-ea5b-47d7-bdee-8f06b37d7caf,2026-07-18T03:00:00Z,2026-07-18T05:00:00+0200,10172.056,MW,NL,NL,actual_load,Actual Load,2026-07-30T23:22:13Z
2026-07-30T23:20:14Z,2026-07-31T01:20:14+0200,3d9904ea-ea5b-47d7-bdee-8f06b37d7caf,2026-07-18T03:15:00Z,2026-07-18T05:15:00+0200,10187.926,MW,NL,NL,actual_load,Actual Load,2026-07-30T23:22:13Z
2026-07-30T23:20:14Z,2026-07-31T01:20:14+0200,3d9904ea-ea5b-47d7-bdee-8f06b37d7caf,2026-07-18T03:30:00Z,2026-07-18T05:30:00+0200,10280.056,MW,NL,NL,actual_load,Actual Load,2026-07-30T23:22:13Z
2026-07-30T23:20:14Z,2026-07-31T01:20:14+0200,3d9904ea-ea5b-47d7-bdee-8f06b37d7caf,2026-07-18T03:45:00Z,2026-07-18T05:45:00+0200,10497.016,MW,NL,NL,actual_load,Actual Load,2026-07-30T23:22:13Z
2026-07-30T23:20:14Z,2026-07-31T01:20:14+0200,3d9904ea-ea5b-47d7-bdee-8f06b37d7caf,2026-07-18T04:00:00Z,2026-07-18T06:00:00+0200,10541.336,MW,NL,NL,actual_load,Actual Load,2026-07-30T23:22:13Z
2026-07-30T23:20:14Z,2026-07-31T01:20:14+0200,3d9904ea-ea5b-47d7-bdee-8f06b37d7caf,2026-07-18T04:15:00Z,2026-07-18T06:15:00+0200,10453.476,MW,NL,NL,actual_load,Actual Load,2026-07-30T23:22:13Z
2026-07-30T23:20:14Z,2026-07-31T01:20:14+0200,3d9904ea-ea5b-47d7-bdee-8f06b37d7caf,2026-07-18T04:30:00Z,2026-07-18T06:30:00+0200,10373.426,MW,NL,NL,actual_load,Actual Load,2026-07-30T23:22:13Z
2026-07-30T23:20:14Z,2026-07-31T01:20:14+0200,3d9904ea-ea5b-47d7-bdee-8f06b37d7caf,2026-07-18T04:45:00Z,2026-07-18T06:45:00+0200,10291.216,MW,NL,NL,actual_load,Actual Load,2026-07-30T23:22:13Z
2026-07-30T23:20:14Z,2026-07-31T01:20:14+0200,3d9904ea-ea5b-47d7-bdee-8f06b37d7caf,2026-07-18T05:00:00Z,2026-07-18T07:00:00+0200,10245.906,MW,NL,NL,actual_load,Actual Load,2026-07-30T23:22:13Z
2026-07-30T23:20:14Z,2026-07-31T01:20:14+0200,3d9904ea-ea5b-47d7-bdee-8f06b37d7caf,2026-07-18T05:15:00Z,2026-07-18T07:15:00+0200,9949.396,MW,NL,NL,actual_load,Actual Load,2026-07-30T23:22:13Z
2026-07-30T23:20:14Z,2026-07-31T01:20:14+0200,3d9904ea-ea5b-47d7-bdee-8f06b37d7caf,2026-07-18T05:30:00Z,2026-07-18T07:30:00+0200,9889.786,MW,NL,NL,actual_load,Actual Load,2026-07-30T23:22:13Z
2026-07-30T23:20:14Z,2026-07-31T01:20:14+0200,3d9904ea-ea5b-47d7-bdee-8f06b37d7caf,2026-07-18T05:45:00Z,2026-07-18T07:45:00+0200,9714.946,MW,NL,NL,actual_load,Actual Load,2026-07-30T23:22:13Z
2026-07-30T23:20:14Z,2026-07-31T01:20:14+0200,3d9904ea-ea5b-47d7-bdee-8f06b37d7caf,2026-07-18T06:00:00Z,2026-07-18T08:00:00+0200,9627.656,MW,NL,NL,actual_load,Actual Load,2026-07-30T23:22:13Z
2026-07-30T23:20:14Z,2026-07-31T01:20:14+0200,3d9904ea-ea5b-47d7-bdee-8f06b37d7caf,2026-07-18T06:15:00Z,2026-07-18T08:15:00+0200,9243.586,MW,NL,NL,actual_load,Actual Load,2026-07-30T23:22:13Z
2026-07-30T23:20:14Z,2026-07-31T01:20:14+0200,3d9904ea-ea5b-47d7-bdee-8f06b37d7caf,2026-07-18T06:30:00Z,2026-07-18T08:30:00+0200,9085.386,MW,NL,NL,actual_load,Actual Load,2026-07-30T23:22:13Z
2026-07-30T23:20:14Z,2026-07-31T01:20:14+0200,3d9904ea-ea5b-47d7-bdee-8f06b37d7caf,2026-07-18T06:45:00Z,2026-07-18T08:45:00+0200,9117.296,MW,NL,NL,actual_load,Actual Load,2026-07-30T23:22:13Z
2026-07-30T23:20:14Z,2026-07-31T01:20:14+0200,3d9904ea-ea5b-47d7-bdee-8f06b37d7caf,2026-07-18T07:00:00Z,2026-07-18T09:00:00+0200,9100.096,MW,NL,NL,actual_load,Actual Load,2026-07-30T23:22:13Z
2026-07-30T23:20:14Z,2026-07-31T01:20:14+0200,3d9904ea-ea5b-47d7-bdee-8f06b37d7caf,2026-07-18T07:15:00Z,2026-07-18T09:15:00+0200,8908.826,MW,NL,NL,actual_load,Actual Load,2026-07-30T23:22:13Z
2026-07-30T23:20:14Z,2026-07-31T01:20:14+0200,3d9904ea-ea5b-47d7-bdee-8f06b37d7caf,2026-07-18T07:30:00Z,2026-07-18T09:30:00+0200,8946.136,MW,NL,NL,actual_load,Actual Load,2026-07-30T23:22:13Z
2026-07-30T23:20:14Z,2026-07-31T01:20:14+0200,3d9904ea-ea5b-47d7-bdee-8f06b37d7caf,2026-07-18T07:45:00Z,2026-07-18T09:45:00+0200,8976.336,MW,NL,NL,actual_load,Actual Load,2026-07-30T23:22:13Z
2026-07-30T23:20:14Z,2026-07-31T01:20:14+0200,3d9904ea-ea5b-47d7-bdee-8f06b37d7caf,2026-07-18T08:00:00Z,2026-07-18T10:00:00+0200,8983.936,MW,NL,NL,actual_load,Actual Load,2026-07-30T23:22:13Z
2026-07-30T23:20:14Z,2026-07-31T01:20:14+0200,3d9904ea-ea5b-47d7-bdee-8f06b37d7caf,2026-07-18T08:15:00Z,2026-07-18T10:15:00+0200,8566.516,MW,NL,NL,actual_load,Actual Load,2026-07-30T23:22:13Z
2026-07-30T23:20:14Z,2026-07-31T01:20:14+0200,3d9904ea-ea5b-47d7-bdee-8f06b37d7caf,2026-07-18T08:30:00Z,2026-07-18T10:30:00+0200,8492.186,MW,NL,NL,actual_load,Actual Load,2026-07-30T23:22:13Z
2026-07-30T23:20:14Z,2026-07-31T01:20:14+0200,3d9904ea-ea5b-47d7-bdee-8f06b37d7caf,2026-07-18T08:45:00Z,2026-07-18T10:45:00+0200,8484.936,MW,NL,NL,actual_load,Actual Load,2026-07-30T23:22:13Z
2026-07-30T23:20:14Z,2026-07-31T01:20:14+0200,3d9904ea-ea5b-47d7-bdee-8f06b37d7caf,2026-07-18T09:00:00Z,2026-07-18T11:00:00+0200,8381.336,MW,NL,NL,actual_load,Actual Load,2026-07-30T23:22:13Z
2026-07-30T23:20:14Z,2026-07-31T01:20:14+0200,3d9904ea-ea5b-47d7-bdee-8f06b37d7caf,2026-07-18T09:15:00Z,2026-07-18T11:15:00+0200,8204.026,MW,NL,NL,actual_load,Actual Load,2026-07-30T23:22:13Z
2026-07-30T23:20:14Z,2026-07-31T01:20:14+0200,3d9904ea-ea5b-47d7-bdee-8f06b37d7caf,2026-07-18T09:30:00Z,2026-07-18T11:30:00+0200,8013.246,MW,NL,NL,actual_load,Actual Load,2026-07-30T23:22:13Z
2026-07-30T23:20:14Z,2026-07-31T01:20:14+0200,3d9904ea-ea5b-47d7-bdee-8f06b37d7caf,2026-07-18T09:45:00Z,2026-07-18T11:45:00+0200,7727.176,MW,NL,NL,actual_load,Actual Load,2026-07-30T23:22:13Z
2026-07-30T23:20:14Z,2026-07-31T01:20:14+0200,3d9904ea-ea5b-47d7-bdee-8f06b37d7caf,2026-07-18T10:00:00Z,2026-07-18T12:00:00+0200,7562.026,MW,NL,NL,actual_load,Actual Load,2026-07-30T23:22:13Z
2026-07-30T23:20:14Z,2026-07-31T01:20:14+0200,3d9904ea-ea5b-47d7-bdee-8f06b37d7caf,2026-07-18T10:15:00Z,2026-07-18T12:15:00+0200,7582.396,MW,NL,NL,actual_load,Actual Load,2026-07-30T23:22:13Z
2026-07-30T23:20:14Z,2026-07-31T01:20:14+0200,3d9904ea-ea5b-47d7-bdee-8f06b37d7caf,2026-07-18T10:30:00Z,2026-07-18T12:30:00+0200,7334.236,MW,NL,NL,actual_load,Actual Load,2026-07-30T23:22:13Z
2026-07-30T23:20:14Z,2026-07-31T01:20:14+0200,3d9904ea-ea5b-47d7-bdee-8f06b37d7caf,2026-07-18T10:45:00Z,2026-07-18T12:45:00+0200,7025.446,MW,NL,NL,actual_load,Actual Load,2026-07-30T23:22:13Z
2026-07-30T23:20:14Z,2026-07-31T01:20:14+0200,3d9904ea-ea5b-47d7-bdee-8f06b37d7caf,2026-07-18T11:00:00Z,2026-07-18T13:00:00+0200,6850.266,MW,NL,NL,actual_load,Actual Load,2026-07-30T23:22:13Z
2026-07-30T23:20:14Z,2026-07-31T01:20:14+0200,3d9904ea-ea5b-47d7-bdee-8f06b37d7caf,2026-07-18T11:15:00Z,2026-07-18T13:15:00+0200,6654.256,MW,NL,NL,actual_load,Actual Load,2026-07-30T23:22:13Z
2026-07-30T23:20:14Z,2026-07-31T01:20:14+0200,3d9904ea-ea5b-47d7-bdee-8f06b37d7caf,2026-07-18T11:30:00Z,2026-07-18T13:30:00+0200,6276.706,MW,NL,NL,actual_load,Actual Load,2026-07-30T23:22:13Z
2026-07-30T23:20:14Z,2026-07-31T01:20:14+0200,3d9904ea-ea5b-47d7-bdee-8f06b37d7caf,2026-07-18T11:45:00Z,2026-07-18T13:45:00+0200,6134.266,MW,NL,NL,actual_load,Actual Load,2026-07-30T23:22:13Z
2026-07-30T23:20:14Z,2026-07-31T01:20:14+0200,3d9904ea-ea5b-47d7-bdee-8f06b37d7caf,2026-07-18T12:00:00Z,2026-07-18T14:00:00+0200,5890.046,MW,NL,NL,actual_load,Actual Load,2026-07-30T23:22:13Z
2026-07-30T23:20:14Z,2026-07-31T01:20:14+0200,3d9904ea-ea5b-47d7-bdee-8f06b37d7caf,2026-07-18T12:15:00Z,2026-07-18T14:15:00+0200,5414.036,MW,NL,NL,actual_load,Actual Load,2026-07-30T23:22:13Z
2026-07-30T23:20:14Z,2026-07-31T01:20:14+0200,3d9904ea-ea5b-47d7-bdee-8f06b37d7caf,2026-07-18T12:30:00Z,2026-07-18T14:30:00+0200,5335.406,MW,NL,NL,actual_load,Actual Load,2026-07-30T23:22:13Z
2026-07-30T23:20:14Z,2026-07-31T01:20:14+0200,3d9904ea-ea5b-47d7-bdee-8f06b37d7caf,2026-07-18T12:45:00Z,2026-07-18T14:45:00+0200,5184.196,MW,NL,NL,actual_load,Actual Load,2026-07-30T23:22:13Z
2026-07-30T23:20:14Z,2026-07-31T01:20:14+0200,3d9904ea-ea5b-47d7-bdee-8f06b37d7caf,2026-07-18T13:00:00Z,2026-07-18T15:00:00+0200,5118.616,MW,NL,NL,actual_load,Actual Load,2026-07-30T23:22:13Z
2026-07-30T23:20:14Z,2026-07-31T01:20:14+0200,3d9904ea-ea5b-47d7-bdee-8f06b37d7caf,2026-07-18T13:15:00Z,2026-07-18T15:15:00+0200,5343.526,MW,NL,NL,actual_load,Actual Load,2026-07-30T23:22:13Z
2026-07-30T23:20:14Z,2026-07-31T01:20:14+0200,3d9904ea-ea5b-47d7-bdee-8f06b37d7caf,2026-07-18T13:30:00Z,2026-07-18T15:30:00+0200,5287.236,MW,NL,NL,actual_load,Actual Load,2026-07-30T23:22:13Z
2026-07-30T23:20:14Z,2026-07-31T01:20:14+0200,3d9904ea-ea5b-47d7-bdee-8f06b37d7caf,2026-07-18T13:45:00Z,2026-07-18T15:45:00+0200,5441.796,MW,NL,NL,actual_load,Actual Load,2026-07-30T23:22:13Z
2026-07-30T23:20:14Z,2026-07-31T01:20:14+0200,3d9904ea-ea5b-47d7-bdee-8f06b37d7caf,2026-07-18T14:00:00Z,2026-07-18T16:00:00+0200,5669.446,MW,NL,NL,actual_load,Actual Load,2026-07-30T23:22:13Z
2026-07-30T23:20:14Z,2026-07-31T01:20:14+0200,3d9904ea-ea5b-47d7-bdee-8f06b37d7caf,2026-07-18T14:15:00Z,2026-07-18T16:15:00+0200,5930.616,MW,NL,NL,actual_load,Actual Load,2026-07-30T23:22:13Z
2026-07-30T23:20:14Z,2026-07-31T01:20:14+0200,3d9904ea-ea5b-47d7-bdee-8f06b37d7caf,2026-07-18T14:30:00Z,2026-07-18T16:30:00+0200,6198.396,MW,NL,NL,actual_load,Actual Load,2026-07-30T23:22:13Z
2026-07-30T23:20:14Z,2026-07-31T01:20:14+0200,3d9904ea-ea5b-47d7-bdee-8f06b37d7caf,2026-07-18T14:45:00Z,2026-07-18T16:45:00+0200,6477.016,MW,NL,NL,actual_load,Actual Load,2026-07-30T23:22:13Z
2026-07-30T23:20:14Z,2026-07-31T01:20:14+0200,3d9904ea-ea5b-47d7-bdee-8f06b37d7caf,2026-07-18T15:00:00Z,2026-07-18T17:00:00+0200,6870.986,MW,NL,NL,actual_load,Actual Load,2026-07-30T23:22:13Z
2026-07-30T23:20:14Z,2026-07-31T01:20:14+0200,3d9904ea-ea5b-47d7-bdee-8f06b37d7caf,2026-07-18T15:15:00Z,2026-07-18T17:15:00+0200,7491.816,MW,NL,NL,actual_load,Actual Load,2026-07-30T23:22:13Z
2026-07-30T23:20:14Z,2026-07-31T01:20:14+0200,3d9904ea-ea5b-47d7-bdee-8f06b37d7caf,2026-07-18T15:30:00Z,2026-07-18T17:30:00+0200,7863.656,MW,NL,NL,actual_load,Actual Load,2026-07-30T23:22:13Z
2026-07-30T23:20:14Z,2026-07-31T01:20:14+0200,3d9904ea-ea5b-47d7-bdee-8f06b37d7caf,2026-07-18T15:45:00Z,2026-07-18T17:45:00+0200,8042.186,MW,NL,NL,actual_load,Actual Load,2026-07-30T23:22:13Z
2026-07-30T23:20:14Z,2026-07-31T01:20:14+0200,3d9904ea-ea5b-47d7-bdee-8f06b37d7caf,2026-07-18T16:00:00Z,2026-07-18T18:00:00+0200,8066.116,MW,NL,NL,actual_load,Actual Load,2026-07-30T23:22:13Z
2026-07-30T23:20:14Z,2026-07-31T01:20:14+0200,3d9904ea-ea5b-47d7-bdee-8f06b37d7caf,2026-07-18T16:15:00Z,2026-07-18T18:15:00+0200,8344.376,MW,NL,NL,actual_load,Actual Load,2026-07-30T23:22:13Z
2026-07-30T23:20:14Z,2026-07-31T01:20:14+0200,3d9904ea-ea5b-47d7-bdee-8f06b37d7caf,2026-07-18T16:30:00Z,2026-07-18T18:30:00+0200,8527.416,MW,NL,NL,actual_load,Actual Load,2026-07-30T23:22:13Z
2026-07-30T23:20:14Z,2026-07-31T01:20:14+0200,3d9904ea-ea5b-47d7-bdee-8f06b37d7caf,2026-07-18T16:45:00Z,2026-07-18T18:45:00+0200,8861.816,MW,NL,NL,actual_load,Actual Load,2026-07-30T23:22:13Z
2026-07-30T23:20:14Z,2026-07-31T01:20:14+0200,3d9904ea-ea5b-47d7-bdee-8f06b37d7caf,2026-07-18T17:00:00Z,2026-07-18T19:00:00+0200,8919.616,MW,NL,NL,actual_load,Actual Load,2026-07-30T23:22:13Z
2026-07-30T23:20:14Z,2026-07-31T01:20:14+0200,3d9904ea-ea5b-47d7-bdee-8f06b37d7caf,2026-07-18T17:15:00Z,2026-07-18T19:15:00+0200,8945.196,MW,NL,NL,actual_load,Actual Load,2026-07-30T23:22:13Z
2026-07-30T23:20:14Z,2026-07-31T01:20:14+0200,3d9904ea-ea5b-47d7-bdee-8f06b37d7caf,2026-07-18T17:30:00Z,2026-07-18T19:30:00+0200,8938.106,MW,NL,NL,actual_load,Actual Load,2026-07-30T23:22:13Z
2026-07-30T23:20:14Z,2026-07-31T01:20:14+0200,3d9904ea-ea5b-47d7-bdee-8f06b37d7caf,2026-07-18T17:45:00Z,2026-07-18T19:45:00+0200,8838.296,MW,NL,NL,actual_load,Actual Load,2026-07-30T23:22:13Z
2026-07-30T23:20:14Z,2026-07-31T01:20:14+0200,3d9904ea-ea5b-47d7-bdee-8f06b37d7caf,2026-07-18T18:00:00Z,2026-07-18T20:00:00+0200,8850.356,MW,NL,NL,actual_load,Actual Load,2026-07-30T23:22:13Z
2026-07-30T23:20:14Z,2026-07-31T01:20:14+0200,3d9904ea-ea5b-47d7-bdee-8f06b37d7caf,2026-07-18T18:15:00Z,2026-07-18T20:15:00+0200,9086.736,MW,NL,NL,actual_load,Actual Load,2026-07-30T23:22:13Z
2026-07-30T23:20:14Z,2026-07-31T01:20:14+0200,3d9904ea-ea5b-47d7-bdee-8f06b37d7caf,2026-07-18T18:30:00Z,2026-07-18T20:30:00+0200,9269.766,MW,NL,NL,actual_load,Actual Load,2026-07-30T23:22:13Z
2026-07-30T23:20:14Z,2026-07-31T01:20:14+0200,3d9904ea-ea5b-47d7-bdee-8f06b37d7caf,2026-07-18T18:45:00Z,2026-07-18T20:45:00+0200,9489.956,MW,NL,NL,actual_load,Actual Load,2026-07-30T23:22:13Z
2026-07-30T23:20:14Z,2026-07-31T01:20:14+0200,3d9904ea-ea5b-47d7-bdee-8f06b37d7caf,2026-07-18T19:00:00Z,2026-07-18T21:00:00+0200,9777.636,MW,NL,NL,actual_load,Actual Load,2026-07-30T23:22:13Z
2026-07-30T23:20:14Z,2026-07-31T01:20:14+0200,3d9904ea-ea5b-47d7-bdee-8f06b37d7caf,2026-07-18T19:15:00Z,2026-07-18T21:15:00+0200,10062.686,MW,NL,NL,actual_load,Actual Load,2026-07-30T23:22:13Z
2026-07-30T23:20:14Z,2026-07-31T01:20:14+0200,3d9904ea-ea5b-47d7-bdee-8f06b37d7caf,2026-07-18T19:30:00Z,2026-07-18T21:30:00+0200,10124.906,MW,NL,NL,actual_load,Actual Load,2026-07-30T23:22:13Z
2026-07-30T23:20:14Z,2026-07-31T01:20:14+0200,3d9904ea-ea5b-47d7-bdee-8f06b37d7caf,2026-07-18T19:45:00Z,2026-07-18T21:45:00+0200,10121.066,MW,NL,NL,actual_load,Actual Load,2026-07-30T23:22:13Z
2026-07-30T23:20:14Z,2026-07-31T01:20:14+0200,3d9904ea-ea5b-47d7-bdee-8f06b37d7caf,2026-07-18T20:00:00Z,2026-07-18T22:00:00+0200,10121.796,MW,NL,NL,actual_load,Actual Load,2026-07-30T23:22:13Z
2026-07-30T23:20:14Z,2026-07-31T01:20:14+0200,3d9904ea-ea5b-47d7-bdee-8f06b37d7caf,2026-07-18T20:15:00Z,2026-07-18T22:15:00+0200,9699.606,MW,NL,NL,actual_load,Actual Load,2026-07-30T23:22:13Z
2026-07-30T23:20:14Z,2026-07-31T01:20:14+0200,3d9904ea-ea5b-47d7-bdee-8f06b37d7caf,2026-07-18T20:30:00Z,2026-07-18T22:30:00+0200,9592.696,MW,NL,NL,actual_load,Actual Load,2026-07-30T23:22:13Z
2026-07-30T23:20:14Z,2026-07-31T01:20:14+0200,3d9904ea-ea5b-47d7-bdee-8f06b37d7caf,2026-07-18T20:45:00Z,2026-07-18T22:45:00+0200,9565.346,MW,NL,NL,actual_load,Actual Load,2026-07-30T23:22:13Z
2026-07-30T23:20:14Z,2026-07-31T01:20:14+0200,3d9904ea-ea5b-47d7-bdee-8f06b37d7caf,2026-07-18T21:00:00Z,2026-07-18T23:00:00+0200,9639.206,MW,NL,NL,actual_load,Actual Load,2026-07-30T23:22:13Z
2026-07-30T23:20:14Z,2026-07-31T01:20:14+0200,3d9904ea-ea5b-47d7-bdee-8f06b37d7caf,2026-07-18T21:15:00Z,2026-07-18T23:15:00+0200,9704.226,MW,NL,NL,actual_load,Actual Load,2026-07-30T23:22:13Z
2026-07-30T23:20:14Z,2026-07-31T01:20:14+0200,3d9904ea-ea5b-47d7-bdee-8f06b37d7caf,2026-07-18T21:30:00Z,2026-07-18T23:30:00+0200,9843.646,MW,NL,NL,actual_load,Actual Load,2026-07-30T23:22:13Z
2026-07-30T23:20:14Z,2026-07-31T01:20:14+0200,3d9904ea-ea5b-47d7-bdee-8f06b37d7caf,2026-07-18T21:45:00Z,2026-07-18T23:45:00+0200,9697.886,MW,NL,NL,actual_load,Actual Load,2026-07-30T23:22:13Z
2026-07-30T23:20:14Z,2026-07-31T01:20:14+0200,3d9904ea-ea5b-47d7-bdee-8f06b37d7caf,2026-07-18T22:00:00Z,2026-07-19T00:00:00+0200,9928.866,MW,NL,NL,actual_load,Actual Load,2026-07-30T23:22:13Z
2026-07-30T23:20:14Z,2026-07-31T01:20:14+0200,3d9904ea-ea5b-47d7-bdee-8f06b37d7caf,2026-07-18T22:15:00Z,2026-07-19T00:15:00+0200,9773.426,MW,NL,NL,actual_load,Actual Load,2026-07-30T23:22:13Z
2026-07-30T23:20:14Z,2026-07-31T01:20:14+0200,3d9904ea-ea5b-47d7-bdee-8f06b37d7caf,2026-07-18T22:30:00Z,2026-07-19T00:30:00+0200,9874.526,MW,NL,NL,actual_load,Actual Load,2026-07-30T23:22:13Z
2026-07-30T23:20:14Z,2026-07-31T01:20:14+0200,3d9904ea-ea5b-47d7-bdee-8f06b37d7caf,2026-07-18T22:45:00Z,2026-07-19T00:45:00+0200,9950.706,MW,NL,NL,actual_load,Actual Load,2026-07-30T23:22:13Z
2026-07-30T23:20:14Z,2026-07-31T01:20:14+0200,3d9904ea-ea5b-47d7-bdee-8f06b37d7caf,2026-07-18T23:00:00Z,2026-07-19T01:00:00+0200,9759.056,MW,NL,NL,actual_load,Actual Load,2026-07-30T23:22:13Z
2026-07-30T23:20:14Z,2026-07-31T01:20:14+0200,3d9904ea-ea5b-47d7-bdee-8f06b37d7caf,2026-07-18T23:15:00Z,2026-07-19T01:15:00+0200,9605.656,MW,NL,NL,actual_load,Actual Load,2026-07-30T23:22:13Z
2026-07-30T23:20:14Z,2026-07-31T01:20:14+0200,3d9904ea-ea5b-47d7-bdee-8f06b37d7caf,2026-07-18T23:30:00Z,2026-07-19T01:30:00+0200,9372.386,MW,NL,NL,actual_load,Actual Load,2026-07-30T23:22:13Z
2026-07-30T23:20:14Z,2026-07-31T01:20:14+0200,3d9904ea-ea5b-47d7-bdee-8f06b37d7caf,2026-07-18T23:45:00Z,2026-07-19T01:45:00+0200,9205.306,MW,NL,NL,actual_load,Actual Load,2026-07-30T23:22:13Z
2026-07-30T23:20:14Z,2026-07-31T01:20:14+0200,3d9904ea-ea5b-47d7-bdee-8f06b37d7caf,2026-07-19T00:00:00Z,2026-07-19T02:00:00+0200,9126.316,MW,NL,NL,actual_load,Actual Load,2026-07-30T23:22:13Z
2026-07-30T23:20:14Z,2026-07-31T01:20:14+0200,3d9904ea-ea5b-47d7-bdee-8f06b37d7caf,2026-07-19T00:15:00Z,2026-07-19T02:15:00+0200,9144.056,MW,NL,NL,actual_load,Actual Load,2026-07-30T23:22:13Z
2026-07-30T23:20:14Z,2026-07-31T01:20:14+0200,3d9904ea-ea5b-47d7-bdee-8f06b37d7caf,2026-07-19T00:30:00Z,2026-07-19T02:30:00+0200,9043.366,MW,NL,NL,actual_load,Actual Load,2026-07-30T23:22:13Z
2026-07-30T23:20:14Z,2026-07-31T01:20:14+0200,3d9904ea-ea5b-47d7-bdee-8f06b37d7caf,2026-07-19T00:45:00Z,2026-07-19T02:45:00+0200,9056.556,MW,NL,NL,actual_load,Actual Load,2026-07-30T23:22:13Z
2026-07-30T23:20:14Z,2026-07-31T01:20:14+0200,3d9904ea-ea5b-47d7-bdee-8f06b37d7caf,2026-07-19T01:00:00Z,2026-07-19T03:00:00+0200,9240.906,MW,NL,NL,actual_load,Actual Load,2026-07-30T23:22:13Z
2026-07-30T23:20:14Z,2026-07-31T01:20:14+0200,3d9904ea-ea5b-47d7-bdee-8f06b37d7caf,2026-07-19T01:15:00Z,2026-07-19T03:15:00+0200,9276.556,MW,NL,NL,actual_load,Actual Load,2026-07-30T23:22:13Z
2026-07-30T23:20:14Z,2026-07-31T01:20:14+0200,3d9904ea-ea5b-47d7-bdee-8f06b37d7caf,2026-07-19T01:30:00Z,2026-07-19T03:30:00+0200,9247.066,MW,NL,NL,actual_load,Actual Load,2026-07-30T23:22:13Z
2026-07-30T23:20:14Z,2026-07-31T01:20:14+0200,3d9904ea-ea5b-47d7-bdee-8f06b37d7caf,2026-07-19T01:45:00Z,2026-07-19T03:45:00+0200,9354.356,MW,NL,NL,actual_load,Actual Load,2026-07-30T23:22:13Z
2026-07-30T23:20:14Z,2026-07-31T01:20:14+0200,3d9904ea-ea5b-47d7-bdee-8f06b37d7caf,2026-07-19T02:00:00Z,2026-07-19T04:00:00+0200,9274.496,MW,NL,NL,actual_load,Actual Load,2026-07-30T23:22:13Z
2026-07-30T23:20:14Z,2026-07-31T01:20:14+0200,3d9904ea-ea5b-47d7-bdee-8f06b37d7caf,2026-07-19T02:15:00Z,2026-07-19T04:15:00+0200,9416.336,MW,NL,NL,actual_load,Actual Load,2026-07-30T23:22:13Z
2026-07-30T23:20:14Z,2026-07-31T01:20:14+0200,3d9904ea-ea5b-47d7-bdee-8f06b37d7caf,2026-07-19T02:30:00Z,2026-07-19T04:30:00+0200,9347.966,MW,NL,NL,actual_load,Actual Load,2026-07-30T23:22:13Z
2026-07-30T23:20:14Z,2026-07-31T01:20:14+0200,3d9904ea-ea5b-47d7-bdee-8f06b37d7caf,2026-07-19T02:45:00Z,2026-07-19T04:45:00+0200,9373.806,MW,NL,NL,actual_load,Actual Load,2026-07-30T23:22:13Z
2026-07-30T23:20:14Z,2026-07-31T01:20:14+0200,3d9904ea-ea5b-47d7-bdee-8f06b37d7caf,2026-07-19T03:00:00Z,2026-07-19T05:00:00+0200,9367.806,MW,NL,NL,actual_load,Actual Load,2026-07-30T23:22:13Z
2026-07-30T23:20:14Z,2026-07-31T01:20:14+0200,3d9904ea-ea5b-47d7-bdee-8f06b37d7caf,2026-07-19T03:15:00Z,2026-07-19T05:15:00+0200,9414.696,MW,NL,NL,actual_load,Actual Load,2026-07-30T23:22:13Z
2026-07-30T23:20:14Z,2026-07-31T01:20:14+0200,3d9904ea-ea5b-47d7-bdee-8f06b37d7caf,2026-07-19T03:30:00Z,2026-07-19T05:30:00+0200,9436.026,MW,NL,NL,actual_load,Actual Load,2026-07-30T23:22:13Z
2026-07-30T23:20:14Z,2026-07-31T01:20:14+0200,3d9904ea-ea5b-47d7-bdee-8f06b37d7caf,2026-07-19T03:45:00Z,2026-07-19T05:45:00+0200,9439.816,MW,NL,NL,actual_load,Actual Load,2026-07-30T23:22:13Z
2026-07-30T23:20:14Z,2026-07-31T01:20:14+0200,3d9904ea-ea5b-47d7-bdee-8f06b37d7caf,2026-07-19T04:00:00Z,2026-07-19T06:00:00+0200,9342.136,MW,NL,NL,actual_load,Actual Load,2026-07-30T23:22:13Z
2026-07-30T23:20:14Z,2026-07-31T01:20:14+0200,3d9904ea-ea5b-47d7-bdee-8f06b37d7caf,2026-07-19T04:15:00Z,2026-07-19T06:15:00+0200,9069.316,MW,NL,NL,actual_load,Actual Load,2026-07-30T23:22:13Z
2026-07-30T23:20:14Z,2026-07-31T01:20:14+0200,3d9904ea-ea5b-47d7-bdee-8f06b37d7caf,2026-07-19T04:30:00Z,2026-07-19T06:30:00+0200,8911.346,MW,NL,NL,actual_load,Actual Load,2026-07-30T23:22:13Z
2026-07-30T23:20:14Z,2026-07-31T01:20:14+0200,3d9904ea-ea5b-47d7-bdee-8f06b37d7caf,2026-07-19T04:45:00Z,2026-07-19T06:45:00+0200,8689.296,MW,NL,NL,actual_load,Actual Load,2026-07-30T23:22:13Z
2026-07-30T23:20:14Z,2026-07-31T01:20:14+0200,3d9904ea-ea5b-47d7-bdee-8f06b37d7caf,2026-07-19T05:00:00Z,2026-07-19T07:00:00+0200,8556.266,MW,NL,NL,actual_load,Actual Load,2026-07-30T23:22:13Z
2026-07-30T23:20:14Z,2026-07-31T01:20:14+0200,3d9904ea-ea5b-47d7-bdee-8f06b37d7caf,2026-07-19T05:15:00Z,2026-07-19T07:15:00+0200,8061.766,MW,NL,NL,actual_load,Actual Load,2026-07-30T23:22:13Z
2026-07-30T23:20:14Z,2026-07-31T01:20:14+0200,3d9904ea-ea5b-47d7-bdee-8f06b37d7caf,2026-07-19T05:30:00Z,2026-07-19T07:30:00+0200,7701.296,MW,NL,NL,actual_load,Actual Load,2026-07-30T23:22:13Z
2026-07-30T23:20:14Z,2026-07-31T01:20:14+0200,3d9904ea-ea5b-47d7-bdee-8f06b37d7caf,2026-07-19T05:45:00Z,2026-07-19T07:45:00+0200,7487.576,MW,NL,NL,actual_load,Actual Load,2026-07-30T23:22:13Z
2026-07-30T23:20:14Z,2026-07-31T01:20:14+0200,3d9904ea-ea5b-47d7-bdee-8f06b37d7caf,2026-07-19T06:00:00Z,2026-07-19T08:00:00+0200,7679.366,MW,NL,NL,actual_load,Actual Load,2026-07-30T23:22:13Z
2026-07-30T23:20:14Z,2026-07-31T01:20:14+0200,3d9904ea-ea5b-47d7-bdee-8f06b37d7caf,2026-07-19T06:15:00Z,2026-07-19T08:15:00+0200,7248.666,MW,NL,NL,actual_load,Actual Load,2026-07-30T23:22:13Z
2026-07-30T23:20:14Z,2026-07-31T01:20:14+0200,3d9904ea-ea5b-47d7-bdee-8f06b37d7caf,2026-07-19T06:30:00Z,2026-07-19T08:30:00+0200,6776.276,MW,NL,NL,actual_load,Actual Load,2026-07-30T23:22:13Z
2026-07-30T23:20:14Z,2026-07-31T01:20:14+0200,3d9904ea-ea5b-47d7-bdee-8f06b37d7caf,2026-07-19T06:45:00Z,2026-07-19T08:45:00+0200,6264.426,MW,NL,NL,actual_load,Actual Load,2026-07-30T23:22:13Z
2026-07-30T23:20:14Z,2026-07-31T01:20:14+0200,3d9904ea-ea5b-47d7-bdee-8f06b37d7caf,2026-07-19T07:00:00Z,2026-07-19T09:00:00+0200,6058.376,MW,NL,NL,actual_load,Actual Load,2026-07-30T23:22:13Z
2026-07-30T23:20:14Z,2026-07-31T01:20:14+0200,3d9904ea-ea5b-47d7-bdee-8f06b37d7caf,2026-07-19T07:15:00Z,2026-07-19T09:15:00+0200,5200.676,MW,NL,NL,actual_load,Actual Load,2026-07-30T23:22:13Z
2026-07-30T23:20:14Z,2026-07-31T01:20:14+0200,3d9904ea-ea5b-47d7-bdee-8f06b37d7caf,2026-07-19T07:30:00Z,2026-07-19T09:30:00+0200,4686.396,MW,NL,NL,actual_load,Actual Load,2026-07-30T23:22:13Z
2026-07-30T23:20:14Z,2026-07-31T01:20:14+0200,3d9904ea-ea5b-47d7-bdee-8f06b37d7caf,2026-07-19T07:45:00Z,2026-07-19T09:45:00+0200,4251.736,MW,NL,NL,actual_load,Actual Load,2026-07-30T23:22:13Z
2026-07-30T23:20:14Z,2026-07-31T01:20:14+0200,3d9904ea-ea5b-47d7-bdee-8f06b37d7caf,2026-07-19T08:00:00Z,2026-07-19T10:00:00+0200,3957.98,MW,NL,NL,actual_load,Actual Load,2026-07-30T23:22:13Z
2026-07-30T23:20:14Z,2026-07-31T01:20:14+0200,3d9904ea-ea5b-47d7-bdee-8f06b37d7caf,2026-07-19T08:15:00Z,2026-07-19T10:15:00+0200,3843.368,MW,NL,NL,actual_load,Actual Load,2026-07-30T23:22:13Z
2026-07-30T23:20:14Z,2026-07-31T01:20:14+0200,3d9904ea-ea5b-47d7-bdee-8f06b37d7caf,2026-07-19T08:30:00Z,2026-07-19T10:30:00+0200,3344.69,MW,NL,NL,actual_load,Actual Load,2026-07-30T23:22:13Z
2026-07-30T23:20:14Z,2026-07-31T01:20:14+0200,3d9904ea-ea5b-47d7-bdee-8f06b37d7caf,2026-07-19T08:45:00Z,2026-07-19T10:45:00+0200,3034.696,MW,NL,NL,actual_load,Actual Load,2026-07-30T23:22:13Z
2026-07-30T23:20:14Z,2026-07-31T01:20:14+0200,3d9904ea-ea5b-47d7-bdee-8f06b37d7caf,2026-07-19T09:00:00Z,2026-07-19T11:00:00+0200,2863.417,MW,NL,NL,actual_load,Actual Load,2026-07-30T23:22:13Z
2026-07-30T23:20:14Z,2026-07-31T01:20:14+0200,3d9904ea-ea5b-47d7-bdee-8f06b37d7caf,2026-07-19T09:15:00Z,2026-07-19T11:15:00+0200,2852.931,MW,NL,NL,actual_load,Actual Load,2026-07-30T23:22:13Z
2026-07-30T23:20:14Z,2026-07-31T01:20:14+0200,3d9904ea-ea5b-47d7-bdee-8f06b37d7caf,2026-07-19T09:30:00Z,2026-07-19T11:30:00+0200,2803.472,MW,NL,NL,actual_load,Actual Load,2026-07-30T23:22:13Z
2026-07-30T23:20:14Z,2026-07-31T01:20:14+0200,3d9904ea-ea5b-47d7-bdee-8f06b37d7caf,2026-07-19T09:45:00Z,2026-07-19T11:45:00+0200,2383.896,MW,NL,NL,actual_load,Actual Load,2026-07-30T23:22:13Z
2026-07-30T23:20:14Z,2026-07-31T01:20:14+0200,3d9904ea-ea5b-47d7-bdee-8f06b37d7caf,2026-07-19T10:00:00Z,2026-07-19T12:00:00+0200,2199.256,MW,NL,NL,actual_load,Actual Load,2026-07-30T23:22:13Z
2026-07-30T23:20:14Z,2026-07-31T01:20:14+0200,3d9904ea-ea5b-47d7-bdee-8f06b37d7caf,2026-07-19T10:15:00Z,2026-07-19T12:15:00+0200,2319.206,MW,NL,NL,actual_load,Actual Load,2026-07-30T23:22:13Z
2026-07-30T23:20:14Z,2026-07-31T01:20:14+0200,3d9904ea-ea5b-47d7-bdee-8f06b37d7caf,2026-07-19T10:30:00Z,2026-07-19T12:30:00+0200,2123.696,MW,NL,NL,actual_load,Actual Load,2026-07-30T23:22:13Z
2026-07-30T23:20:14Z,2026-07-31T01:20:14+0200,3d9904ea-ea5b-47d7-bdee-8f06b37d7caf,2026-07-19T10:45:00Z,2026-07-19T12:45:00+0200,2380.666,MW,NL,NL,actual_load,Actual Load,2026-07-30T23:22:13Z
2026-07-30T23:20:14Z,2026-07-31T01:20:14+0200,3d9904ea-ea5b-47d7-bdee-8f06b37d7caf,2026-07-19T11:00:00Z,2026-07-19T13:00:00+0200,2363.516,MW,NL,NL,actual_load,Actual Load,2026-07-30T23:22:13Z
2026-07-30T23:20:14Z,2026-07-31T01:20:14+0200,3d9904ea-ea5b-47d7-bdee-8f06b37d7caf,2026-07-19T11:15:00Z,2026-07-19T13:15:00+0200,2403.886,MW,NL,NL,actual_load,Actual Load,2026-07-30T23:22:13Z
2026-07-30T23:20:14Z,2026-07-31T01:20:14+0200,3d9904ea-ea5b-47d7-bdee-8f06b37d7caf,2026-07-19T11:30:00Z,2026-07-19T13:30:00+0200,2090.836,MW,NL,NL,actual_load,Actual Load,2026-07-30T23:22:13Z
2026-07-30T23:20:14Z,2026-07-31T01:20:14+0200,3d9904ea-ea5b-47d7-bdee-8f06b37d7caf,2026-07-19T11:45:00Z,2026-07-19T13:45:00+0200,2233.086,MW,NL,NL,actual_load,Actual Load,2026-07-30T23:22:13Z
2026-07-30T23:20:14Z,2026-07-31T01:20:14+0200,3d9904ea-ea5b-47d7-bdee-8f06b37d7caf,2026-07-19T12:00:00Z,2026-07-19T14:00:00+0200,2487.906,MW,NL,NL,actual_load,Actual Load,2026-07-30T23:22:13Z
2026-07-30T23:20:14Z,2026-07-31T01:20:14+0200,3d9904ea-ea5b-47d7-bdee-8f06b37d7caf,2026-07-19T12:15:00Z,2026-07-19T14:15:00+0200,2519.946,MW,NL,NL,actual_load,Actual Load,2026-07-30T23:22:13Z
2026-07-30T23:20:14Z,2026-07-31T01:20:14+0200,3d9904ea-ea5b-47d7-bdee-8f06b37d7caf,2026-07-19T12:30:00Z,2026-07-19T14:30:00+0200,2569.416,MW,NL,NL,actual_load,Actual Load,2026-07-30T23:22:13Z
2026-07-30T23:20:14Z,2026-07-31T01:20:14+0200,3d9904ea-ea5b-47d7-bdee-8f06b37d7caf,2026-07-19T12:45:00Z,2026-07-19T14:45:00+0200,2647.235,MW,NL,NL,actual_load,Actual Load,2026-07-30T23:22:13Z
2026-07-30T23:20:14Z,2026-07-31T01:20:14+0200,3d9904ea-ea5b-47d7-bdee-8f06b37d7caf,2026-07-19T13:00:00Z,2026-07-19T15:00:00+0200,2936.668,MW,NL,NL,actual_load,Actual Load,2026-07-30T23:22:13Z
2026-07-30T23:20:14Z,2026-07-31T01:20:14+0200,3d9904ea-ea5b-47d7-bdee-8f06b37d7caf,2026-07-19T13:15:00Z,2026-07-19T15:15:00+0200,2917.389,MW,NL,NL,actual_load,Actual Load,2026-07-30T23:22:13Z
2026-07-30T23:20:14Z,2026-07-31T01:20:14+0200,3d9904ea-ea5b-47d7-bdee-8f06b37d7caf,2026-07-19T13:30:00Z,2026-07-19T15:30:00+0200,3053.023,MW,NL,NL,actual_load,Actual Load,2026-07-30T23:22:13Z
2026-07-30T23:20:14Z,2026-07-31T01:20:14+0200,3d9904ea-ea5b-47d7-bdee-8f06b37d7caf,2026-07-19T13:45:00Z,2026-07-19T15:45:00+0200,3490.312,MW,NL,NL,actual_load,Actual Load,2026-07-30T23:22:13Z
2026-07-30T23:20:14Z,2026-07-31T01:20:14+0200,3d9904ea-ea5b-47d7-bdee-8f06b37d7caf,2026-07-19T14:00:00Z,2026-07-19T16:00:00+0200,3260.702,MW,NL,NL,actual_load,Actual Load,2026-07-30T23:22:13Z
2026-07-30T23:20:14Z,2026-07-31T01:20:14+0200,3d9904ea-ea5b-47d7-bdee-8f06b37d7caf,2026-07-19T14:15:00Z,2026-07-19T16:15:00+0200,3167.689,MW,NL,NL,actual_load,Actual Load,2026-07-30T23:22:13Z
2026-07-30T23:20:14Z,2026-07-31T01:20:14+0200,3d9904ea-ea5b-47d7-bdee-8f06b37d7caf,2026-07-19T14:30:00Z,2026-07-19T16:30:00+0200,3770.545,MW,NL,NL,actual_load,Actual Load,2026-07-30T23:22:13Z
2026-07-30T23:20:14Z,2026-07-31T01:20:14+0200,3d9904ea-ea5b-47d7-bdee-8f06b37d7caf,2026-07-19T14:45:00Z,2026-07-19T16:45:00+0200,3988.795,MW,NL,NL,actual_load,Actual Load,2026-07-30T23:22:13Z
2026-07-30T23:20:14Z,2026-07-31T01:20:14+0200,3d9904ea-ea5b-47d7-bdee-8f06b37d7caf,2026-07-19T15:00:00Z,2026-07-19T17:00:00+0200,4036.222,MW,NL,NL,actual_load,Actual Load,2026-07-30T23:22:13Z
2026-07-30T23:20:14Z,2026-07-31T01:20:14+0200,3d9904ea-ea5b-47d7-bdee-8f06b37d7caf,2026-07-19T15:15:00Z,2026-07-19T17:15:00+0200,4810.416,MW,NL,NL,actual_load,Actual Load,2026-07-30T23:22:13Z
2026-07-30T23:20:14Z,2026-07-31T01:20:14+0200,3d9904ea-ea5b-47d7-bdee-8f06b37d7caf,2026-07-19T15:30:00Z,2026-07-19T17:30:00+0200,4850.956,MW,NL,NL,actual_load,Actual Load,2026-07-30T23:22:13Z
2026-07-30T23:20:14Z,2026-07-31T01:20:14+0200,3d9904ea-ea5b-47d7-bdee-8f06b37d7caf,2026-07-19T15:45:00Z,2026-07-19T17:45:00+0200,4924.796,MW,NL,NL,actual_load,Actual Load,2026-07-30T23:22:13Z
2026-07-30T23:20:14Z,2026-07-31T01:20:14+0200,3d9904ea-ea5b-47d7-bdee-8f06b37d7caf,2026-07-19T16:00:00Z,2026-07-19T18:00:00+0200,5260.316,MW,NL,NL,actual_load,Actual Load,2026-07-30T23:22:13Z
2026-07-30T23:20:14Z,2026-07-31T01:20:14+0200,3d9904ea-ea5b-47d7-bdee-8f06b37d7caf,2026-07-19T16:15:00Z,2026-07-19T18:15:00+0200,5828.526,MW,NL,NL,actual_load,Actual Load,2026-07-30T23:22:13Z
2026-07-30T23:20:14Z,2026-07-31T01:20:14+0200,3d9904ea-ea5b-47d7-bdee-8f06b37d7caf,2026-07-19T16:30:00Z,2026-07-19T18:30:00+0200,6274.756,MW,NL,NL,actual_load,Actual Load,2026-07-30T23:22:13Z
2026-07-30T23:20:14Z,2026-07-31T01:20:14+0200,3d9904ea-ea5b-47d7-bdee-8f06b37d7caf,2026-07-19T16:45:00Z,2026-07-19T18:45:00+0200,6732.366,MW,NL,NL,actual_load,Actual Load,2026-07-30T23:22:13Z
2026-07-30T23:20:14Z,2026-07-31T01:20:14+0200,3d9904ea-ea5b-47d7-bdee-8f06b37d7caf,2026-07-19T17:00:00Z,2026-07-19T19:00:00+0200,7073.586,MW,NL,NL,actual_load,Actual Load,2026-07-30T23:22:13Z
2026-07-30T23:20:14Z,2026-07-31T01:20:14+0200,3d9904ea-ea5b-47d7-bdee-8f06b37d7caf,2026-07-19T17:15:00Z,2026-07-19T19:15:00+0200,7175.886,MW,NL,NL,actual_load,Actual Load,2026-07-30T23:22:13Z
2026-07-30T23:20:14Z,2026-07-31T01:20:14+0200,3d9904ea-ea5b-47d7-bdee-8f06b37d7caf,2026-07-19T17:30:00Z,2026-07-19T19:30:00+0200,7507.906,MW,NL,NL,actual_load,Actual Load,2026-07-30T23:22:13Z
2026-07-30T23:20:14Z,2026-07-31T01:20:14+0200,3d9904ea-ea5b-47d7-bdee-8f06b37d7caf,2026-07-19T17:45:00Z,2026-07-19T19:45:00+0200,7963.626,MW,NL,NL,actual_load,Actual Load,2026-07-30T23:22:13Z
2026-07-30T23:20:14Z,2026-07-31T01:20:14+0200,3d9904ea-ea5b-47d7-bdee-8f06b37d7caf,2026-07-19T18:00:00Z,2026-07-19T20:00:00+0200,8327.336,MW,NL,NL,actual_load,Actual Load,2026-07-30T23:22:13Z
2026-07-30T23:20:14Z,2026-07-31T01:20:14+0200,3d9904ea-ea5b-47d7-bdee-8f06b37d7caf,2026-07-19T18:15:00Z,2026-07-19T20:15:00+0200,8542.646,MW,NL,NL,actual_load,Actual Load,2026-07-30T23:22:13Z
2026-07-30T23:20:14Z,2026-07-31T01:20:14+0200,3d9904ea-ea5b-47d7-bdee-8f06b37d7caf,2026-07-19T18:30:00Z,2026-07-19T20:30:00+0200,8746.986,MW,NL,NL,actual_load,Actual Load,2026-07-30T23:22:13Z
2026-07-30T23:20:14Z,2026-07-31T01:20:14+0200,3d9904ea-ea5b-47d7-bdee-8f06b37d7caf,2026-07-19T18:45:00Z,2026-07-19T20:45:00+0200,8978.746,MW,NL,NL,actual_load,Actual Load,2026-07-30T23:22:13Z
2026-07-30T23:20:14Z,2026-07-31T01:20:14+0200,3d9904ea-ea5b-47d7-bdee-8f06b37d7caf,2026-07-19T19:00:00Z,2026-07-19T21:00:00+0200,9048.256,MW,NL,NL,actual_load,Actual Load,2026-07-30T23:22:13Z
2026-07-30T23:20:14Z,2026-07-31T01:20:14+0200,3d9904ea-ea5b-47d7-bdee-8f06b37d7caf,2026-07-19T19:15:00Z,2026-07-19T21:15:00+0200,9205.016,MW,NL,NL,actual_load,Actual Load,2026-07-30T23:22:13Z
2026-07-30T23:20:14Z,2026-07-31T01:20:14+0200,3d9904ea-ea5b-47d7-bdee-8f06b37d7caf,2026-07-19T19:30:00Z,2026-07-19T21:30:00+0200,9309.326,MW,NL,NL,actual_load,Actual Load,2026-07-30T23:22:13Z
2026-07-30T23:20:14Z,2026-07-31T01:20:14+0200,3d9904ea-ea5b-47d7-bdee-8f06b37d7caf,2026-07-19T19:45:00Z,2026-07-19T21:45:00+0200,9311.446,MW,NL,NL,actual_load,Actual Load,2026-07-30T23:22:13Z
2026-07-30T23:20:14Z,2026-07-31T01:20:14+0200,3d9904ea-ea5b-47d7-bdee-8f06b37d7caf,2026-07-19T20:00:00Z,2026-07-19T22:00:00+0200,9551.196,MW,NL,NL,actual_load,Actual Load,2026-07-30T23:22:13Z
2026-07-30T23:20:14Z,2026-07-31T01:20:14+0200,3d9904ea-ea5b-47d7-bdee-8f06b37d7caf,2026-07-19T20:15:00Z,2026-07-19T22:15:00+0200,9706.376,MW,NL,NL,actual_load,Actual Load,2026-07-30T23:22:13Z
2026-07-30T23:20:14Z,2026-07-31T01:20:14+0200,3d9904ea-ea5b-47d7-bdee-8f06b37d7caf,2026-07-19T20:30:00Z,2026-07-19T22:30:00+0200,9848.156,MW,NL,NL,actual_load,Actual Load,2026-07-30T23:22:13Z
2026-07-30T23:20:14Z,2026-07-31T01:20:14+0200,3d9904ea-ea5b-47d7-bdee-8f06b37d7caf,2026-07-19T20:45:00Z,2026-07-19T22:45:00+0200,9812.876,MW,NL,NL,actual_load,Actual Load,2026-07-30T23:22:13Z
2026-07-30T23:20:14Z,2026-07-31T01:20:14+0200,3d9904ea-ea5b-47d7-bdee-8f06b37d7caf,2026-07-19T21:00:00Z,2026-07-19T23:00:00+0200,9849.316,MW,NL,NL,actual_load,Actual Load,2026-07-30T23:22:13Z
2026-07-30T23:20:14Z,2026-07-31T01:20:14+0200,3d9904ea-ea5b-47d7-bdee-8f06b37d7caf,2026-07-19T21:15:00Z,2026-07-19T23:15:00+0200,9930.726,MW,NL,NL,actual_load,Actual Load,2026-07-30T23:22:13Z
2026-07-30T23:20:14Z,2026-07-31T01:20:14+0200,3d9904ea-ea5b-47d7-bdee-8f06b37d7caf,2026-07-19T21:30:00Z,2026-07-19T23:30:00+0200,10054.546,MW,NL,NL,actual_load,Actual Load,2026-07-30T23:22:13Z
2026-07-30T23:20:14Z,2026-07-31T01:20:14+0200,3d9904ea-ea5b-47d7-bdee-8f06b37d7caf,2026-07-19T21:45:00Z,2026-07-19T23:45:00+0200,9979.146,MW,NL,NL,actual_load,Actual Load,2026-07-30T23:22:13Z
2026-07-30T23:20:14Z,2026-07-31T01:20:14+0200,3d9904ea-ea5b-47d7-bdee-8f06b37d7caf,2026-07-19T22:00:00Z,2026-07-20T00:00:00+0200,10051.926,MW,NL,NL,actual_load,Actual Load,2026-07-30T23:22:13Z
2026-07-30T23:20:14Z,2026-07-31T01:20:14+0200,3d9904ea-ea5b-47d7-bdee-8f06b37d7caf,2026-07-19T22:15:00Z,2026-07-20T00:15:00+0200,10067.986,MW,NL,NL,actual_load,Actual Load,2026-07-30T23:22:13Z
2026-07-30T23:20:14Z,2026-07-31T01:20:14+0200,3d9904ea-ea5b-47d7-bdee-8f06b37d7caf,2026-07-19T22:30:00Z,2026-07-20T00:30:00+0200,10057.426,MW,NL,NL,actual_load,Actual Load,2026-07-30T23:22:13Z
2026-07-30T23:20:14Z,2026-07-31T01:20:14+0200,3d9904ea-ea5b-47d7-bdee-8f06b37d7caf,2026-07-19T22:45:00Z,2026-07-20T00:45:00+0200,9978.256,MW,NL,NL,actual_load,Actual Load,2026-07-30T23:22:13Z
2026-07-30T23:20:14Z,2026-07-31T01:20:14+0200,3d9904ea-ea5b-47d7-bdee-8f06b37d7caf,2026-07-19T23:00:00Z,2026-07-20T01:00:00+0200,10137.506,MW,NL,NL,actual_load,Actual Load,2026-07-30T23:22:13Z
2026-07-30T23:20:14Z,2026-07-31T01:20:14+0200,3d9904ea-ea5b-47d7-bdee-8f06b37d7caf,2026-07-19T23:15:00Z,2026-07-20T01:15:00+0200,10201.966,MW,NL,NL,actual_load,Actual Load,2026-07-30T23:22:13Z
2026-07-30T23:20:14Z,2026-07-31T01:20:14+0200,3d9904ea-ea5b-47d7-bdee-8f06b37d7caf,2026-07-19T23:30:00Z,2026-07-20T01:30:00+0200,10173.656,MW,NL,NL,actual_load,Actual Load,2026-07-30T23:22:13Z
2026-07-30T23:20:14Z,2026-07-31T01:20:14+0200,3d9904ea-ea5b-47d7-bdee-8f06b37d7caf,2026-07-19T23:45:00Z,2026-07-20T01:45:00+0200,10160.526,MW,NL,NL,actual_load,Actual Load,2026-07-30T23:22:13Z
2026-07-30T23:20:14Z,2026-07-31T01:20:14+0200,3d9904ea-ea5b-47d7-bdee-8f06b37d7caf,2026-07-20T00:00:00Z,2026-07-20T02:00:00+0200,10032.106,MW,NL,NL,actual_load,Actual Load,2026-07-30T23:22:13Z
2026-07-30T23:20:14Z,2026-07-31T01:20:14+0200,3d9904ea-ea5b-47d7-bdee-8f06b37d7caf,2026-07-20T00:15:00Z,2026-07-20T02:15:00+0200,10019.906,MW,NL,NL,actual_load,Actual Load,2026-07-30T23:22:13Z
2026-07-30T23:20:14Z,2026-07-31T01:20:14+0200,3d9904ea-ea5b-47d7-bdee-8f06b37d7caf,2026-07-20T00:30:00Z,2026-07-20T02:30:00+0200,10055.416,MW,NL,NL,actual_load,Actual Load,2026-07-30T23:22:13Z
2026-07-30T23:20:14Z,2026-07-31T01:20:14+0200,3d9904ea-ea5b-47d7-bdee-8f06b37d7caf,2026-07-20T00:45:00Z,2026-07-20T02:45:00+0200,9968.636,MW,NL,NL,actual_load,Actual Load,2026-07-30T23:22:13Z
2026-07-30T23:20:14Z,2026-07-31T01:20:14+0200,3d9904ea-ea5b-47d7-bdee-8f06b37d7caf,2026-07-20T01:00:00Z,2026-07-20T03:00:00+0200,9896.226,MW,NL,NL,actual_load,Actual Load,2026-07-30T23:22:13Z
2026-07-30T23:20:14Z,2026-07-31T01:20:14+0200,3d9904ea-ea5b-47d7-bdee-8f06b37d7caf,2026-07-20T01:15:00Z,2026-07-20T03:15:00+0200,9950.736,MW,NL,NL,actual_load,Actual Load,2026-07-30T23:22:13Z
2026-07-30T23:20:14Z,2026-07-31T01:20:14+0200,3d9904ea-ea5b-47d7-bdee-8f06b37d7caf,2026-07-20T01:30:00Z,2026-07-20T03:30:00+0200,10010.086,MW,NL,NL,actual_load,Actual Load,2026-07-30T23:22:13Z
2026-07-30T23:20:14Z,2026-07-31T01:20:14+0200,3d9904ea-ea5b-47d7-bdee-8f06b37d7caf,2026-07-20T01:45:00Z,2026-07-20T03:45:00+0200,9976.906,MW,NL,NL,actual_load,Actual Load,2026-07-30T23:22:13Z
2026-07-30T23:20:14Z,2026-07-31T01:20:14+0200,3d9904ea-ea5b-47d7-bdee-8f06b37d7caf,2026-07-20T02:00:00Z,2026-07-20T04:00:00+0200,9995.926,MW,NL,NL,actual_load,Actual Load,2026-07-30T23:22:13Z
2026-07-30T23:20:14Z,2026-07-31T01:20:14+0200,3d9904ea-ea5b-47d7-bdee-8f06b37d7caf,2026-07-20T02:15:00Z,2026-07-20T04:15:00+0200,10332.486,MW,NL,NL,actual_load,Actual Load,2026-07-30T23:22:13Z
2026-07-30T23:20:14Z,2026-07-31T01:20:14+0200,3d9904ea-ea5b-47d7-bdee-8f06b37d7caf,2026-07-20T02:30:00Z,2026-07-20T04:30:00+0200,10242.476,MW,NL,NL,actual_load,Actual Load,2026-07-30T23:22:13Z
2026-07-30T23:20:14Z,2026-07-31T01:20:14+0200,3d9904ea-ea5b-47d7-bdee-8f06b37d7caf,2026-07-20T02:45:00Z,2026-07-20T04:45:00+0200,10153.736,MW,NL,NL,actual_load,Actual Load,2026-07-30T23:22:13Z
2026-07-30T23:20:14Z,2026-07-31T01:20:14+0200,3d9904ea-ea5b-47d7-bdee-8f06b37d7caf,2026-07-20T03:00:00Z,2026-07-20T05:00:00+0200,10108.456,MW,NL,NL,actual_load,Actual Load,2026-07-30T23:22:13Z
2026-07-30T23:20:14Z,2026-07-31T01:20:14+0200,3d9904ea-ea5b-47d7-bdee-8f06b37d7caf,2026-07-20T03:15:00Z,2026-07-20T05:15:00+0200,10160.836,MW,NL,NL,actual_load,Actual Load,2026-07-30T23:22:13Z
2026-07-30T23:20:14Z,2026-07-31T01:20:14+0200,3d9904ea-ea5b-47d7-bdee-8f06b37d7caf,2026-07-20T03:30:00Z,2026-07-20T05:30:00+0200,10206.656,MW,NL,NL,actual_load,Actual Load,2026-07-30T23:22:13Z
2026-07-30T23:20:14Z,2026-07-31T01:20:14+0200,3d9904ea-ea5b-47d7-bdee-8f06b37d7caf,2026-07-20T03:45:00Z,2026-07-20T05:45:00+0200,10364.646,MW,NL,NL,actual_load,Actual Load,2026-07-30T23:22:13Z
2026-07-30T23:20:14Z,2026-07-31T01:20:14+0200,3d9904ea-ea5b-47d7-bdee-8f06b37d7caf,2026-07-20T04:00:00Z,2026-07-20T06:00:00+0200,10307.016,MW,NL,NL,actual_load,Actual Load,2026-07-30T23:22:13Z
2026-07-30T23:20:14Z,2026-07-31T01:20:14+0200,3d9904ea-ea5b-47d7-bdee-8f06b37d7caf,2026-07-20T04:15:00Z,2026-07-20T06:15:00+0200,10060.256,MW,NL,NL,actual_load,Actual Load,2026-07-30T23:22:13Z
2026-07-30T23:20:14Z,2026-07-31T01:20:14+0200,3d9904ea-ea5b-47d7-bdee-8f06b37d7caf,2026-07-20T04:30:00Z,2026-07-20T06:30:00+0200,9995.326,MW,NL,NL,actual_load,Actual Load,2026-07-30T23:22:13Z
2026-07-30T23:20:14Z,2026-07-31T01:20:14+0200,3d9904ea-ea5b-47d7-bdee-8f06b37d7caf,2026-07-20T04:45:00Z,2026-07-20T06:45:00+0200,9931.236,MW,NL,NL,actual_load,Actual Load,2026-07-30T23:22:13Z
2026-07-30T23:20:14Z,2026-07-31T01:20:14+0200,3d9904ea-ea5b-47d7-bdee-8f06b37d7caf,2026-07-20T05:00:00Z,2026-07-20T07:00:00+0200,9734.956,MW,NL,NL,actual_load,Actual Load,2026-07-30T23:22:13Z
2026-07-30T23:20:14Z,2026-07-31T01:20:14+0200,3d9904ea-ea5b-47d7-bdee-8f06b37d7caf,2026-07-20T05:15:00Z,2026-07-20T07:15:00+0200,9609.296,MW,NL,NL,actual_load,Actual Load,2026-07-30T23:22:13Z
2026-07-30T23:20:14Z,2026-07-31T01:20:14+0200,3d9904ea-ea5b-47d7-bdee-8f06b37d7caf,2026-07-20T05:30:00Z,2026-07-20T07:30:00+0200,9577.726,MW,NL,NL,actual_load,Actual Load,2026-07-30T23:22:13Z
2026-07-30T23:20:14Z,2026-07-31T01:20:14+0200,3d9904ea-ea5b-47d7-bdee-8f06b37d7caf,2026-07-20T05:45:00Z,2026-07-20T07:45:00+0200,9456.726,MW,NL,NL,actual_load,Actual Load,2026-07-30T23:22:13Z
2026-07-30T23:20:14Z,2026-07-31T01:20:14+0200,3d9904ea-ea5b-47d7-bdee-8f06b37d7caf,2026-07-20T06:00:00Z,2026-07-20T08:00:00+0200,9182.486,MW,NL,NL,actual_load,Actual Load,2026-07-30T23:22:13Z
2026-07-30T23:20:14Z,2026-07-31T01:20:14+0200,3d9904ea-ea5b-47d7-bdee-8f06b37d7caf,2026-07-20T06:15:00Z,2026-07-20T08:15:00+0200,8965.926,MW,NL,NL,actual_load,Actual Load,2026-07-30T23:22:13Z
2026-07-30T23:20:14Z,2026-07-31T01:20:14+0200,3d9904ea-ea5b-47d7-bdee-8f06b37d7caf,2026-07-20T06:30:00Z,2026-07-20T08:30:00+0200,8777.106,MW,NL,NL,actual_load,Actual Load,2026-07-30T23:22:13Z
2026-07-30T23:20:14Z,2026-07-31T01:20:14+0200,3d9904ea-ea5b-47d7-bdee-8f06b37d7caf,2026-07-20T06:45:00Z,2026-07-20T08:45:00+0200,8435.436,MW,NL,NL,actual_load,Actual Load,2026-07-30T23:22:13Z
2026-07-30T23:20:14Z,2026-07-31T01:20:14+0200,3d9904ea-ea5b-47d7-bdee-8f06b37d7caf,2026-07-20T07:00:00Z,2026-07-20T09:00:00+0200,8295.716,MW,NL,NL,actual_load,Actual Load,2026-07-30T23:22:13Z
2026-07-30T23:20:14Z,2026-07-31T01:20:14+0200,3d9904ea-ea5b-47d7-bdee-8f06b37d7caf,2026-07-20T07:15:00Z,2026-07-20T09:15:00+0200,7843.996,MW,NL,NL,actual_load,Actual Load,2026-07-30T23:22:13Z
2026-07-30T23:20:14Z,2026-07-31T01:20:14+0200,3d9904ea-ea5b-47d7-bdee-8f06b37d7caf,2026-07-20T07:30:00Z,2026-07-20T09:30:00+0200,7407.516,MW,NL,NL,actual_load,Actual Load,2026-07-30T23:22:13Z
2026-07-30T23:20:14Z,2026-07-31T01:20:14+0200,3d9904ea-ea5b-47d7-bdee-8f06b37d7caf,2026-07-20T07:45:00Z,2026-07-20T09:45:00+0200,7118.136,MW,NL,NL,actual_load,Actual Load,2026-07-30T23:22:13Z
2026-07-30T23:20:14Z,2026-07-31T01:20:14+0200,3d9904ea-ea5b-47d7-bdee-8f06b37d7caf,2026-07-20T08:00:00Z,2026-07-20T10:00:00+0200,6984.136,MW,NL,NL,actual_load,Actual Load,2026-07-30T23:22:13Z
2026-07-30T23:20:14Z,2026-07-31T01:20:14+0200,3d9904ea-ea5b-47d7-bdee-8f06b37d7caf,2026-07-20T08:15:00Z,2026-07-20T10:15:00+0200,6601.636,MW,NL,NL,actual_load,Actual Load,2026-07-30T23:22:13Z
2026-07-30T23:20:14Z,2026-07-31T01:20:14+0200,3d9904ea-ea5b-47d7-bdee-8f06b37d7caf,2026-07-20T08:30:00Z,2026-07-20T10:30:00+0200,6247.286,MW,NL,NL,actual_load,Actual Load,2026-07-30T23:22:13Z
2026-07-30T23:20:14Z,2026-07-31T01:20:14+0200,3d9904ea-ea5b-47d7-bdee-8f06b37d7caf,2026-07-20T08:45:00Z,2026-07-20T10:45:00+0200,6049.836,MW,NL,NL,actual_load,Actual Load,2026-07-30T23:22:13Z
2026-07-30T23:20:14Z,2026-07-31T01:20:14+0200,3d9904ea-ea5b-47d7-bdee-8f06b37d7caf,2026-07-20T09:00:00Z,2026-07-20T11:00:00+0200,5880.906,MW,NL,NL,actual_load,Actual Load,2026-07-30T23:22:13Z
2026-07-30T23:20:14Z,2026-07-31T01:20:14+0200,3d9904ea-ea5b-47d7-bdee-8f06b37d7caf,2026-07-20T09:15:00Z,2026-07-20T11:15:00+0200,5557.676,MW,NL,NL,actual_load,Actual Load,2026-07-30T23:22:13Z
2026-07-30T23:20:14Z,2026-07-31T01:20:14+0200,3d9904ea-ea5b-47d7-bdee-8f06b37d7caf,2026-07-20T09:30:00Z,2026-07-20T11:30:00+0200,5262.266,MW,NL,NL,actual_load,Actual Load,2026-07-30T23:22:13Z
2026-07-30T23:20:14Z,2026-07-31T01:20:14+0200,3d9904ea-ea5b-47d7-bdee-8f06b37d7caf,2026-07-20T09:45:00Z,2026-07-20T11:45:00+0200,5232.856,MW,NL,NL,actual_load,Actual Load,2026-07-30T23:22:13Z
2026-07-30T23:20:14Z,2026-07-31T01:20:14+0200,3d9904ea-ea5b-47d7-bdee-8f06b37d7caf,2026-07-20T10:00:00Z,2026-07-20T12:00:00+0200,4994.956,MW,NL,NL,actual_load,Actual Load,2026-07-30T23:22:13Z
2026-07-30T23:20:14Z,2026-07-31T01:20:14+0200,3d9904ea-ea5b-47d7-bdee-8f06b37d7caf,2026-07-20T10:15:00Z,2026-07-20T12:15:00+0200,4800.646,MW,NL,NL,actual_load,Actual Load,2026-07-30T23:22:13Z
2026-07-30T23:20:14Z,2026-07-31T01:20:14+0200,3d9904ea-ea5b-47d7-bdee-8f06b37d7caf,2026-07-20T10:30:00Z,2026-07-20T12:30:00+0200,4600.355,MW,NL,NL,actual_load,Actual Load,2026-07-30T23:22:13Z
2026-07-30T23:20:14Z,2026-07-31T01:20:14+0200,3d9904ea-ea5b-47d7-bdee-8f06b37d7caf,2026-07-20T10:45:00Z,2026-07-20T12:45:00+0200,4431.073,MW,NL,NL,actual_load,Actual Load,2026-07-30T23:22:13Z
2026-07-30T23:20:14Z,2026-07-31T01:20:14+0200,3d9904ea-ea5b-47d7-bdee-8f06b37d7caf,2026-07-20T11:00:00Z,2026-07-20T13:00:00+0200,4454.795,MW,NL,NL,actual_load,Actual Load,2026-07-30T23:22:13Z
2026-07-30T23:20:14Z,2026-07-31T01:20:14+0200,3d9904ea-ea5b-47d7-bdee-8f06b37d7caf,2026-07-20T11:15:00Z,2026-07-20T13:15:00+0200,4568.593,MW,NL,NL,actual_load,Actual Load,2026-07-30T23:22:13Z
2026-07-30T23:20:14Z,2026-07-31T01:20:14+0200,3d9904ea-ea5b-47d7-bdee-8f06b37d7caf,2026-07-20T11:30:00Z,2026-07-20T13:30:00+0200,4107.992,MW,NL,NL,actual_load,Actual Load,2026-07-30T23:22:13Z
2026-07-30T23:20:14Z,2026-07-31T01:20:14+0200,3d9904ea-ea5b-47d7-bdee-8f06b37d7caf,2026-07-20T11:45:00Z,2026-07-20T13:45:00+0200,4136.279,MW,NL,NL,actual_load,Actual Load,2026-07-30T23:22:13Z
2026-07-30T23:20:14Z,2026-07-31T01:20:14+0200,3d9904ea-ea5b-47d7-bdee-8f06b37d7caf,2026-07-20T12:00:00Z,2026-07-20T14:00:00+0200,3864.892,MW,NL,NL,actual_load,Actual Load,2026-07-30T23:22:13Z
2026-07-30T23:20:14Z,2026-07-31T01:20:14+0200,3d9904ea-ea5b-47d7-bdee-8f06b37d7caf,2026-07-20T12:15:00Z,2026-07-20T14:15:00+0200,4061.374,MW,NL,NL,actual_load,Actual Load,2026-07-30T23:22:13Z
2026-07-30T23:20:14Z,2026-07-31T01:20:14+0200,3d9904ea-ea5b-47d7-bdee-8f06b37d7caf,2026-07-20T12:30:00Z,2026-07-20T14:30:00+0200,3817.757,MW,NL,NL,actual_load,Actual Load,2026-07-30T23:22:13Z
2026-07-30T23:20:14Z,2026-07-31T01:20:14+0200,3d9904ea-ea5b-47d7-bdee-8f06b37d7caf,2026-07-20T12:45:00Z,2026-07-20T14:45:00+0200,3527.473,MW,NL,NL,actual_load,Actual Load,2026-07-30T23:22:13Z
2026-07-30T23:20:14Z,2026-07-31T01:20:14+0200,3d9904ea-ea5b-47d7-bdee-8f06b37d7caf,2026-07-20T13:00:00Z,2026-07-20T15:00:00+0200,3554.006,MW,NL,NL,actual_load,Actual Load,2026-07-30T23:22:13Z
2026-07-30T23:20:14Z,2026-07-31T01:20:14+0200,3d9904ea-ea5b-47d7-bdee-8f06b37d7caf,2026-07-20T13:15:00Z,2026-07-20T15:15:00+0200,3962.812,MW,NL,NL,actual_load,Actual Load,2026-07-30T23:22:13Z
2026-07-30T23:20:14Z,2026-07-31T01:20:14+0200,3d9904ea-ea5b-47d7-bdee-8f06b37d7caf,2026-07-20T13:30:00Z,2026-07-20T15:30:00+0200,3939.99,MW,NL,NL,actual_load,Actual Load,2026-07-30T23:22:13Z
2026-07-30T23:20:14Z,2026-07-31T01:20:14+0200,3d9904ea-ea5b-47d7-bdee-8f06b37d7caf,2026-07-20T13:45:00Z,2026-07-20T15:45:00+0200,3516.628,MW,NL,NL,actual_load,Actual Load,2026-07-30T23:22:13Z
2026-07-30T23:20:14Z,2026-07-31T01:20:14+0200,3d9904ea-ea5b-47d7-bdee-8f06b37d7caf,2026-07-20T14:00:00Z,2026-07-20T16:00:00+0200,3783.211,MW,NL,NL,actual_load,Actual Load,2026-07-30T23:22:13Z
2026-07-30T23:20:14Z,2026-07-31T01:20:14+0200,3d9904ea-ea5b-47d7-bdee-8f06b37d7caf,2026-07-20T14:15:00Z,2026-07-20T16:15:00+0200,3551.951,MW,NL,NL,actual_load,Actual Load,2026-07-30T23:22:13Z
2026-07-30T23:20:14Z,2026-07-31T01:20:14+0200,3d9904ea-ea5b-47d7-bdee-8f06b37d7caf,2026-07-20T14:30:00Z,2026-07-20T16:30:00+0200,3438.898,MW,NL,NL,actual_load,Actual Load,2026-07-30T23:22:13Z
2026-07-30T23:20:14Z,2026-07-31T01:20:14+0200,3d9904ea-ea5b-47d7-bdee-8f06b37d7caf,2026-07-20T14:45:00Z,2026-07-20T16:45:00+0200,4189.618,MW,NL,NL,actual_load,Actual Load,2026-07-30T23:22:13Z
2026-07-30T23:20:14Z,2026-07-31T01:20:14+0200,3d9904ea-ea5b-47d7-bdee-8f06b37d7caf,2026-07-20T15:00:00Z,2026-07-20T17:00:00+0200,4619.143,MW,NL,NL,actual_load,Actual Load,2026-07-30T23:22:13Z
2026-07-30T23:20:14Z,2026-07-31T01:20:14+0200,3d9904ea-ea5b-47d7-bdee-8f06b37d7caf,2026-07-20T15:15:00Z,2026-07-20T17:15:00+0200,4980.036,MW,NL,NL,actual_load,Actual Load,2026-07-30T23:22:13Z
2026-07-30T23:20:14Z,2026-07-31T01:20:14+0200,3d9904ea-ea5b-47d7-bdee-8f06b37d7caf,2026-07-20T15:30:00Z,2026-07-20T17:30:00+0200,5182.646,MW,NL,NL,actual_load,Actual Load,2026-07-30T23:22:13Z
2026-07-30T23:20:14Z,2026-07-31T01:20:14+0200,3d9904ea-ea5b-47d7-bdee-8f06b37d7caf,2026-07-20T15:45:00Z,2026-07-20T17:45:00+0200,5429.246,MW,NL,NL,actual_load,Actual Load,2026-07-30T23:22:13Z
2026-07-30T23:20:14Z,2026-07-31T01:20:14+0200,3d9904ea-ea5b-47d7-bdee-8f06b37d7caf,2026-07-20T16:00:00Z,2026-07-20T18:00:00+0200,5765.036,MW,NL,NL,actual_load,Actual Load,2026-07-30T23:22:13Z
2026-07-30T23:20:14Z,2026-07-31T01:20:14+0200,3d9904ea-ea5b-47d7-bdee-8f06b37d7caf,2026-07-20T16:15:00Z,2026-07-20T18:15:00+0200,6047.606,MW,NL,NL,actual_load,Actual Load,2026-07-30T23:22:13Z
2026-07-30T23:20:14Z,2026-07-31T01:20:14+0200,3d9904ea-ea5b-47d7-bdee-8f06b37d7caf,2026-07-20T16:30:00Z,2026-07-20T18:30:00+0200,6438.786,MW,NL,NL,actual_load,Actual Load,2026-07-30T23:22:13Z
2026-07-30T23:20:14Z,2026-07-31T01:20:14+0200,3d9904ea-ea5b-47d7-bdee-8f06b37d7caf,2026-07-20T16:45:00Z,2026-07-20T18:45:00+0200,6644.126,MW,NL,NL,actual_load,Actual Load,2026-07-30T23:22:13Z
2026-07-30T23:20:14Z,2026-07-31T01:20:14+0200,3d9904ea-ea5b-47d7-bdee-8f06b37d7caf,2026-07-20T17:00:00Z,2026-07-20T19:00:00+0200,6681.806,MW,NL,NL,actual_load,Actual Load,2026-07-30T23:22:13Z
2026-07-30T23:20:14Z,2026-07-31T01:20:14+0200,3d9904ea-ea5b-47d7-bdee-8f06b37d7caf,2026-07-20T17:15:00Z,2026-07-20T19:15:00+0200,6995.166,MW,NL,NL,actual_load,Actual Load,2026-07-30T23:22:13Z
2026-07-30T23:20:14Z,2026-07-31T01:20:14+0200,3d9904ea-ea5b-47d7-bdee-8f06b37d7caf,2026-07-20T17:30:00Z,2026-07-20T19:30:00+0200,7431.136,MW,NL,NL,actual_load,Actual Load,2026-07-30T23:22:13Z
2026-07-30T23:20:14Z,2026-07-31T01:20:14+0200,3d9904ea-ea5b-47d7-bdee-8f06b37d7caf,2026-07-20T17:45:00Z,2026-07-20T19:45:00+0200,7874.906,MW,NL,NL,actual_load,Actual Load,2026-07-30T23:22:13Z
2026-07-30T23:20:14Z,2026-07-31T01:20:14+0200,3d9904ea-ea5b-47d7-bdee-8f06b37d7caf,2026-07-20T18:00:00Z,2026-07-20T20:00:00+0200,8265.176,MW,NL,NL,actual_load,Actual Load,2026-07-30T23:22:13Z
2026-07-30T23:20:14Z,2026-07-31T01:20:14+0200,3d9904ea-ea5b-47d7-bdee-8f06b37d7caf,2026-07-20T18:15:00Z,2026-07-20T20:15:00+0200,8621.696,MW,NL,NL,actual_load,Actual Load,2026-07-30T23:22:13Z
2026-07-30T23:20:14Z,2026-07-31T01:20:14+0200,3d9904ea-ea5b-47d7-bdee-8f06b37d7caf,2026-07-20T18:30:00Z,2026-07-20T20:30:00+0200,8706.116,MW,NL,NL,actual_load,Actual Load,2026-07-30T23:22:13Z
2026-07-30T23:20:14Z,2026-07-31T01:20:14+0200,3d9904ea-ea5b-47d7-bdee-8f06b37d7caf,2026-07-20T18:45:00Z,2026-07-20T20:45:00+0200,8925.376,MW,NL,NL,actual_load,Actual Load,2026-07-30T23:22:13Z
2026-07-30T23:20:14Z,2026-07-31T01:20:14+0200,3d9904ea-ea5b-47d7-bdee-8f06b37d7caf,2026-07-20T19:00:00Z,2026-07-20T21:00:00+0200,9078.446,MW,NL,NL,actual_load,Actual Load,2026-07-30T23:22:13Z
2026-07-30T23:20:14Z,2026-07-31T01:20:14+0200,3d9904ea-ea5b-47d7-bdee-8f06b37d7caf,2026-07-20T19:15:00Z,2026-07-20T21:15:00+0200,9433.806,MW,NL,NL,actual_load,Actual Load,2026-07-30T23:22:13Z
2026-07-30T23:20:14Z,2026-07-31T01:20:14+0200,3d9904ea-ea5b-47d7-bdee-8f06b37d7caf,2026-07-20T19:30:00Z,2026-07-20T21:30:00+0200,9876.506,MW,NL,NL,actual_load,Actual Load,2026-07-30T23:22:13Z
2026-07-30T23:20:14Z,2026-07-31T01:20:14+0200,3d9904ea-ea5b-47d7-bdee-8f06b37d7caf,2026-07-20T19:45:00Z,2026-07-20T21:45:00+0200,9851.216,MW,NL,NL,actual_load,Actual Load,2026-07-30T23:22:13Z
2026-07-30T23:20:14Z,2026-07-31T01:20:14+0200,3d9904ea-ea5b-47d7-bdee-8f06b37d7caf,2026-07-20T20:00:00Z,2026-07-20T22:00:00+0200,9861.916,MW,NL,NL,actual_load,Actual Load,2026-07-30T23:22:13Z
2026-07-30T23:20:14Z,2026-07-31T01:20:14+0200,3d9904ea-ea5b-47d7-bdee-8f06b37d7caf,2026-07-20T20:15:00Z,2026-07-20T22:15:00+0200,10049.026,MW,NL,NL,actual_load,Actual Load,2026-07-30T23:22:13Z
2026-07-30T23:20:14Z,2026-07-31T01:20:14+0200,3d9904ea-ea5b-47d7-bdee-8f06b37d7caf,2026-07-20T20:30:00Z,2026-07-20T22:30:00+0200,10248.386,MW,NL,NL,actual_load,Actual Load,2026-07-30T23:22:13Z
2026-07-30T23:20:14Z,2026-07-31T01:20:14+0200,3d9904ea-ea5b-47d7-bdee-8f06b37d7caf,2026-07-20T20:45:00Z,2026-07-20T22:45:00+0200,10225.066,MW,NL,NL,actual_load,Actual Load,2026-07-30T23:22:13Z
2026-07-30T23:20:14Z,2026-07-31T01:20:14+0200,3d9904ea-ea5b-47d7-bdee-8f06b37d7caf,2026-07-20T21:00:00Z,2026-07-20T23:00:00+0200,10233.286,MW,NL,NL,actual_load,Actual Load,2026-07-30T23:22:13Z
2026-07-30T23:20:14Z,2026-07-31T01:20:14+0200,3d9904ea-ea5b-47d7-bdee-8f06b37d7caf,2026-07-20T21:15:00Z,2026-07-20T23:15:00+0200,10288.116,MW,NL,NL,actual_load,Actual Load,2026-07-30T23:22:13Z
2026-07-30T23:20:14Z,2026-07-31T01:20:14+0200,3d9904ea-ea5b-47d7-bdee-8f06b37d7caf,2026-07-20T21:30:00Z,2026-07-20T23:30:00+0200,10190.956,MW,NL,NL,actual_load,Actual Load,2026-07-30T23:22:13Z
2026-07-30T23:20:14Z,2026-07-31T01:20:14+0200,3d9904ea-ea5b-47d7-bdee-8f06b37d7caf,2026-07-20T21:45:00Z,2026-07-20T23:45:00+0200,10065.406,MW,NL,NL,actual_load,Actual Load,2026-07-30T23:22:13Z
2026-07-30T23:20:14Z,2026-07-31T01:20:14+0200,3d9904ea-ea5b-47d7-bdee-8f06b37d7caf,2026-07-20T22:00:00Z,2026-07-21T00:00:00+0200,10033.596,MW,NL,NL,actual_load,Actual Load,2026-07-30T23:22:13Z
2026-07-30T23:20:14Z,2026-07-31T01:20:14+0200,3d9904ea-ea5b-47d7-bdee-8f06b37d7caf,2026-07-20T22:15:00Z,2026-07-21T00:15:00+0200,10109.656,MW,NL,NL,actual_load,Actual Load,2026-07-30T23:22:13Z
2026-07-30T23:20:14Z,2026-07-31T01:20:14+0200,3d9904ea-ea5b-47d7-bdee-8f06b37d7caf,2026-07-20T22:30:00Z,2026-07-21T00:30:00+0200,10011.646,MW,NL,NL,actual_load,Actual Load,2026-07-30T23:22:13Z
2026-07-30T23:20:14Z,2026-07-31T01:20:14+0200,3d9904ea-ea5b-47d7-bdee-8f06b37d7caf,2026-07-20T22:45:00Z,2026-07-21T00:45:00+0200,9959.316,MW,NL,NL,actual_load,Actual Load,2026-07-30T23:22:13Z
2026-07-30T23:20:14Z,2026-07-31T01:20:14+0200,3d9904ea-ea5b-47d7-bdee-8f06b37d7caf,2026-07-20T23:00:00Z,2026-07-21T01:00:00+0200,10050.576,MW,NL,NL,actual_load,Actual Load,2026-07-30T23:22:13Z
2026-07-30T23:20:14Z,2026-07-31T01:20:14+0200,3d9904ea-ea5b-47d7-bdee-8f06b37d7caf,2026-07-20T23:15:00Z,2026-07-21T01:15:00+0200,10008.226,MW,NL,NL,actual_load,Actual Load,2026-07-30T23:22:13Z
2026-07-30T23:20:14Z,2026-07-31T01:20:14+0200,3d9904ea-ea5b-47d7-bdee-8f06b37d7caf,2026-07-20T23:30:00Z,2026-07-21T01:30:00+0200,9841.996,MW,NL,NL,actual_load,Actual Load,2026-07-30T23:22:13Z
2026-07-30T23:20:14Z,2026-07-31T01:20:14+0200,3d9904ea-ea5b-47d7-bdee-8f06b37d7caf,2026-07-20T23:45:00Z,2026-07-21T01:45:00+0200,9771.556,MW,NL,NL,actual_load,Actual Load,2026-07-30T23:22:13Z
2026-07-30T23:20:14Z,2026-07-31T01:20:14+0200,3d9904ea-ea5b-47d7-bdee-8f06b37d7caf,2026-07-21T00:00:00Z,2026-07-21T02:00:00+0200,9761.056,MW,NL,NL,actual_load,Actual Load,2026-07-30T23:22:13Z
2026-07-30T23:20:14Z,2026-07-31T01:20:14+0200,3d9904ea-ea5b-47d7-bdee-8f06b37d7caf,2026-07-21T00:15:00Z,2026-07-21T02:15:00+0200,9831.496,MW,NL,NL,actual_load,Actual Load,2026-07-30T23:22:13Z
2026-07-30T23:20:14Z,2026-07-31T01:20:14+0200,3d9904ea-ea5b-47d7-bdee-8f06b37d7caf,2026-07-21T00:30:00Z,2026-07-21T02:30:00+0200,9771.716,MW,NL,NL,actual_load,Actual Load,2026-07-30T23:22:13Z
2026-07-30T23:20:14Z,2026-07-31T01:20:14+0200,3d9904ea-ea5b-47d7-bdee-8f06b37d7caf,2026-07-21T00:45:00Z,2026-07-21T02:45:00+0200,9862.196,MW,NL,NL,actual_load,Actual Load,2026-07-30T23:22:13Z
2026-07-30T23:20:14Z,2026-07-31T01:20:14+0200,3d9904ea-ea5b-47d7-bdee-8f06b37d7caf,2026-07-21T01:00:00Z,2026-07-21T03:00:00+0200,9825.576,MW,NL,NL,actual_load,Actual Load,2026-07-30T23:22:13Z
2026-07-30T23:20:14Z,2026-07-31T01:20:14+0200,3d9904ea-ea5b-47d7-bdee-8f06b37d7caf,2026-07-21T01:15:00Z,2026-07-21T03:15:00+0200,9860.836,MW,NL,NL,actual_load,Actual Load,2026-07-30T23:22:13Z
2026-07-30T23:20:14Z,2026-07-31T01:20:14+0200,3d9904ea-ea5b-47d7-bdee-8f06b37d7caf,2026-07-21T01:30:00Z,2026-07-21T03:30:00+0200,9779.896,MW,NL,NL,actual_load,Actual Load,2026-07-30T23:22:13Z
2026-07-30T23:20:14Z,2026-07-31T01:20:14+0200,3d9904ea-ea5b-47d7-bdee-8f06b37d7caf,2026-07-21T01:45:00Z,2026-07-21T03:45:00+0200,9793.696,MW,NL,NL,actual_load,Actual Load,2026-07-30T23:22:13Z
2026-07-30T23:20:14Z,2026-07-31T01:20:14+0200,3d9904ea-ea5b-47d7-bdee-8f06b37d7caf,2026-07-21T02:00:00Z,2026-07-21T04:00:00+0200,9768.626,MW,NL,NL,actual_load,Actual Load,2026-07-30T23:22:13Z
2026-07-30T23:20:14Z,2026-07-31T01:20:14+0200,3d9904ea-ea5b-47d7-bdee-8f06b37d7caf,2026-07-21T02:15:00Z,2026-07-21T04:15:00+0200,9798.706,MW,NL,NL,actual_load,Actual Load,2026-07-30T23:22:13Z
2026-07-30T23:20:14Z,2026-07-31T01:20:14+0200,3d9904ea-ea5b-47d7-bdee-8f06b37d7caf,2026-07-21T02:30:00Z,2026-07-21T04:30:00+0200,9803.136,MW,NL,NL,actual_load,Actual Load,2026-07-30T23:22:13Z
2026-07-30T23:20:14Z,2026-07-31T01:20:14+0200,3d9904ea-ea5b-47d7-bdee-8f06b37d7caf,2026-07-21T02:45:00Z,2026-07-21T04:45:00+0200,9713.866,MW,NL,NL,actual_load,Actual Load,2026-07-30T23:22:13Z
2026-07-30T23:20:14Z,2026-07-31T01:20:14+0200,3d9904ea-ea5b-47d7-bdee-8f06b37d7caf,2026-07-21T03:00:00Z,2026-07-21T05:00:00+0200,9693.246,MW,NL,NL,actual_load,Actual Load,2026-07-30T23:22:13Z
2026-07-30T23:20:14Z,2026-07-31T01:20:14+0200,3d9904ea-ea5b-47d7-bdee-8f06b37d7caf,2026-07-21T03:15:00Z,2026-07-21T05:15:00+0200,9776.066,MW,NL,NL,actual_load,Actual Load,2026-07-30T23:22:13Z
2026-07-30T23:20:14Z,2026-07-31T01:20:14+0200,3d9904ea-ea5b-47d7-bdee-8f06b37d7caf,2026-07-21T03:30:00Z,2026-07-21T05:30:00+0200,9761.366,MW,NL,NL,actual_load,Actual Load,2026-07-30T23:22:13Z
2026-07-30T23:20:14Z,2026-07-31T01:20:14+0200,3d9904ea-ea5b-47d7-bdee-8f06b37d7caf,2026-07-21T03:45:00Z,2026-07-21T05:45:00+0200,9807.396,MW,NL,NL,actual_load,Actual Load,2026-07-30T23:22:13Z
2026-07-30T23:20:14Z,2026-07-31T01:20:14+0200,3d9904ea-ea5b-47d7-bdee-8f06b37d7caf,2026-07-21T04:00:00Z,2026-07-21T06:00:00+0200,9692.156,MW,NL,NL,actual_load,Actual Load,2026-07-30T23:22:13Z
2026-07-30T23:20:14Z,2026-07-31T01:20:14+0200,3d9904ea-ea5b-47d7-bdee-8f06b37d7caf,2026-07-21T04:15:00Z,2026-07-21T06:15:00+0200,9558.536,MW,NL,NL,actual_load,Actual Load,2026-07-30T23:22:13Z
2026-07-30T23:20:14Z,2026-07-31T01:20:14+0200,3d9904ea-ea5b-47d7-bdee-8f06b37d7caf,2026-07-21T04:30:00Z,2026-07-21T06:30:00+0200,9338.196,MW,NL,NL,actual_load,Actual Load,2026-07-30T23:22:13Z
2026-07-30T23:20:14Z,2026-07-31T01:20:14+0200,3d9904ea-ea5b-47d7-bdee-8f06b37d7caf,2026-07-21T04:45:00Z,2026-07-21T06:45:00+0200,9287.316,MW,NL,NL,actual_load,Actual Load,2026-07-30T23:22:13Z
2026-07-30T23:20:14Z,2026-07-31T01:20:14+0200,3d9904ea-ea5b-47d7-bdee-8f06b37d7caf,2026-07-21T05:00:00Z,2026-07-21T07:00:00+0200,9210.016,MW,NL,NL,actual_load,Actual Load,2026-07-30T23:22:13Z
2026-07-30T23:20:14Z,2026-07-31T01:20:14+0200,3d9904ea-ea5b-47d7-bdee-8f06b37d7caf,2026-07-21T05:15:00Z,2026-07-21T07:15:00+0200,8893.266,MW,NL,NL,actual_load,Actual Load,2026-07-30T23:22:13Z
2026-07-30T23:20:14Z,2026-07-31T01:20:14+0200,3d9904ea-ea5b-47d7-bdee-8f06b37d7caf,2026-07-21T05:30:00Z,2026-07-21T07:30:00+0200,8766.176,MW,NL,NL,actual_load,Actual Load,2026-07-30T23:22:13Z
2026-07-30T23:20:14Z,2026-07-31T01:20:14+0200,3d9904ea-ea5b-47d7-bdee-8f06b37d7caf,2026-07-21T05:45:00Z,2026-07-21T07:45:00+0200,8590.796,MW,NL,NL,actual_load,Actual Load,2026-07-30T23:22:13Z
2026-07-30T23:20:14Z,2026-07-31T01:20:14+0200,3d9904ea-ea5b-47d7-bdee-8f06b37d7caf,2026-07-21T06:00:00Z,2026-07-21T08:00:00+0200,8423.236,MW,NL,NL,actual_load,Actual Load,2026-07-30T23:22:13Z
2026-07-30T23:20:14Z,2026-07-31T01:20:14+0200,3d9904ea-ea5b-47d7-bdee-8f06b37d7caf,2026-07-21T06:15:00Z,2026-07-21T08:15:00+0200,8224.926,MW,NL,NL,actual_load,Actual Load,2026-07-30T23:22:13Z
2026-07-30T23:20:14Z,2026-07-31T01:20:14+0200,3d9904ea-ea5b-47d7-bdee-8f06b37d7caf,2026-07-21T06:30:00Z,2026-07-21T08:30:00+0200,7988.926,MW,NL,NL,actual_load,Actual Load,2026-07-30T23:22:13Z
2026-07-30T23:20:14Z,2026-07-31T01:20:14+0200,3d9904ea-ea5b-47d7-bdee-8f06b37d7caf,2026-07-21T06:45:00Z,2026-07-21T08:45:00+0200,7690.816,MW,NL,NL,actual_load,Actual Load,2026-07-30T23:22:13Z
2026-07-30T23:20:14Z,2026-07-31T01:20:14+0200,3d9904ea-ea5b-47d7-bdee-8f06b37d7caf,2026-07-21T07:00:00Z,2026-07-21T09:00:00+0200,7540.926,MW,NL,NL,actual_load,Actual Load,2026-07-30T23:22:13Z
2026-07-30T23:20:14Z,2026-07-31T01:20:14+0200,3d9904ea-ea5b-47d7-bdee-8f06b37d7caf,2026-07-21T07:15:00Z,2026-07-21T09:15:00+0200,7470.056,MW,NL,NL,actual_load,Actual Load,2026-07-30T23:22:13Z
2026-07-30T23:20:14Z,2026-07-31T01:20:14+0200,3d9904ea-ea5b-47d7-bdee-8f06b37d7caf,2026-07-21T07:30:00Z,2026-07-21T09:30:00+0200,7209.676,MW,NL,NL,actual_load,Actual Load,2026-07-30T23:22:13Z
2026-07-30T23:20:14Z,2026-07-31T01:20:14+0200,3d9904ea-ea5b-47d7-bdee-8f06b37d7caf,2026-07-21T07:45:00Z,2026-07-21T09:45:00+0200,6833.046,MW,NL,NL,actual_load,Actual Load,2026-07-30T23:22:13Z
2026-07-30T23:20:14Z,2026-07-31T01:20:14+0200,3d9904ea-ea5b-47d7-bdee-8f06b37d7caf,2026-07-21T08:00:00Z,2026-07-21T10:00:00+0200,6625.326,MW,NL,NL,actual_load,Actual Load,2026-07-30T23:22:13Z
2026-07-30T23:20:14Z,2026-07-31T01:20:14+0200,3d9904ea-ea5b-47d7-bdee-8f06b37d7caf,2026-07-21T08:15:00Z,2026-07-21T10:15:00+0200,6197.056,MW,NL,NL,actual_load,Actual Load,2026-07-30T23:22:13Z
2026-07-30T23:20:14Z,2026-07-31T01:20:14+0200,3d9904ea-ea5b-47d7-bdee-8f06b37d7caf,2026-07-21T08:30:00Z,2026-07-21T10:30:00+0200,5879.216,MW,NL,NL,actual_load,Actual Load,2026-07-30T23:22:13Z
2026-07-30T23:20:14Z,2026-07-31T01:20:14+0200,3d9904ea-ea5b-47d7-bdee-8f06b37d7caf,2026-07-21T08:45:00Z,2026-07-21T10:45:00+0200,5551.506,MW,NL,NL,actual_load,Actual Load,2026-07-30T23:22:13Z
2026-07-30T23:20:14Z,2026-07-31T01:20:14+0200,3d9904ea-ea5b-47d7-bdee-8f06b37d7caf,2026-07-21T09:00:00Z,2026-07-21T11:00:00+0200,5320.656,MW,NL,NL,actual_load,Actual Load,2026-07-30T23:22:13Z
2026-07-30T23:20:14Z,2026-07-31T01:20:14+0200,3d9904ea-ea5b-47d7-bdee-8f06b37d7caf,2026-07-21T09:15:00Z,2026-07-21T11:15:00+0200,4914.406,MW,NL,NL,actual_load,Actual Load,2026-07-30T23:22:13Z
2026-07-30T23:20:14Z,2026-07-31T01:20:14+0200,3d9904ea-ea5b-47d7-bdee-8f06b37d7caf,2026-07-21T09:30:00Z,2026-07-21T11:30:00+0200,4587.679,MW,NL,NL,actual_load,Actual Load,2026-07-30T23:22:13Z
2026-07-30T23:20:14Z,2026-07-31T01:20:14+0200,3d9904ea-ea5b-47d7-bdee-8f06b37d7caf,2026-07-21T09:45:00Z,2026-07-21T11:45:00+0200,4187.509,MW,NL,NL,actual_load,Actual Load,2026-07-30T23:22:13Z
2026-07-30T23:20:14Z,2026-07-31T01:20:14+0200,3d9904ea-ea5b-47d7-bdee-8f06b37d7caf,2026-07-21T10:00:00Z,2026-07-21T12:00:00+0200,3915.319,MW,NL,NL,actual_load,Actual Load,2026-07-30T23:22:13Z
2026-07-30T23:20:14Z,2026-07-31T01:20:14+0200,3d9904ea-ea5b-47d7-bdee-8f06b37d7caf,2026-07-21T10:15:00Z,2026-07-21T12:15:00+0200,3522.068,MW,NL,NL,actual_load,Actual Load,2026-07-30T23:22:13Z
2026-07-30T23:20:14Z,2026-07-31T01:20:14+0200,3d9904ea-ea5b-47d7-bdee-8f06b37d7caf,2026-07-21T10:30:00Z,2026-07-21T12:30:00+0200,3112.866,MW,NL,NL,actual_load,Actual Load,2026-07-30T23:22:13Z
2026-07-30T23:20:14Z,2026-07-31T01:20:14+0200,3d9904ea-ea5b-47d7-bdee-8f06b37d7caf,2026-07-21T10:45:00Z,2026-07-21T12:45:00+0200,2923.605,MW,NL,NL,actual_load,Actual Load,2026-07-30T23:22:13Z
2026-07-30T23:20:14Z,2026-07-31T01:20:14+0200,3d9904ea-ea5b-47d7-bdee-8f06b37d7caf,2026-07-21T11:00:00Z,2026-07-21T13:00:00+0200,2667.492,MW,NL,NL,actual_load,Actual Load,2026-07-30T23:22:13Z
2026-07-30T23:20:14Z,2026-07-31T01:20:14+0200,3d9904ea-ea5b-47d7-bdee-8f06b37d7caf,2026-07-21T11:15:00Z,2026-07-21T13:15:00+0200,2546.476,MW,NL,NL,actual_load,Actual Load,2026-07-30T23:22:13Z
2026-07-30T23:20:14Z,2026-07-31T01:20:14+0200,3d9904ea-ea5b-47d7-bdee-8f06b37d7caf,2026-07-21T11:30:00Z,2026-07-21T13:30:00+0200,2372.156,MW,NL,NL,actual_load,Actual Load,2026-07-30T23:22:13Z
2026-07-30T23:20:14Z,2026-07-31T01:20:14+0200,3d9904ea-ea5b-47d7-bdee-8f06b37d7caf,2026-07-21T11:45:00Z,2026-07-21T13:45:00+0200,2410.866,MW,NL,NL,actual_load,Actual Load,2026-07-30T23:22:13Z
2026-07-30T23:20:14Z,2026-07-31T01:20:14+0200,3d9904ea-ea5b-47d7-bdee-8f06b37d7caf,2026-07-21T12:00:00Z,2026-07-21T14:00:00+0200,2120.826,MW,NL,NL,actual_load,Actual Load,2026-07-30T23:22:13Z
2026-07-30T23:20:14Z,2026-07-31T01:20:14+0200,3d9904ea-ea5b-47d7-bdee-8f06b37d7caf,2026-07-21T12:15:00Z,2026-07-21T14:15:00+0200,1874.096,MW,NL,NL,actual_load,Actual Load,2026-07-30T23:22:13Z
2026-07-30T23:20:14Z,2026-07-31T01:20:14+0200,3d9904ea-ea5b-47d7-bdee-8f06b37d7caf,2026-07-21T12:30:00Z,2026-07-21T14:30:00+0200,1770.596,MW,NL,NL,actual_load,Actual Load,2026-07-30T23:22:13Z
2026-07-30T23:20:14Z,2026-07-31T01:20:14+0200,3d9904ea-ea5b-47d7-bdee-8f06b37d7caf,2026-07-21T12:45:00Z,2026-07-21T14:45:00+0200,1906.896,MW,NL,NL,actual_load,Actual Load,2026-07-30T23:22:13Z
2026-07-30T23:20:14Z,2026-07-31T01:20:14+0200,3d9904ea-ea5b-47d7-bdee-8f06b37d7caf,2026-07-21T13:00:00Z,2026-07-21T15:00:00+0200,1964.716,MW,NL,NL,actual_load,Actual Load,2026-07-30T23:22:13Z
2026-07-30T23:20:14Z,2026-07-31T01:20:14+0200,3d9904ea-ea5b-47d7-bdee-8f06b37d7caf,2026-07-21T13:15:00Z,2026-07-21T15:15:00+0200,1985.846,MW,NL,NL,actual_load,Actual Load,2026-07-30T23:22:13Z
2026-07-30T23:20:14Z,2026-07-31T01:20:14+0200,3d9904ea-ea5b-47d7-bdee-8f06b37d7caf,2026-07-21T13:30:00Z,2026-07-21T15:30:00+0200,2365.296,MW,NL,NL,actual_load,Actual Load,2026-07-30T23:22:13Z
2026-07-30T23:20:14Z,2026-07-31T01:20:14+0200,3d9904ea-ea5b-47d7-bdee-8f06b37d7caf,2026-07-21T13:45:00Z,2026-07-21T15:45:00+0200,2655.931,MW,NL,NL,actual_load,Actual Load,2026-07-30T23:22:13Z
2026-07-30T23:20:14Z,2026-07-31T01:20:14+0200,3d9904ea-ea5b-47d7-bdee-8f06b37d7caf,2026-07-21T14:00:00Z,2026-07-21T16:00:00+0200,2889.773,MW,NL,NL,actual_load,Actual Load,2026-07-30T23:22:13Z
2026-07-30T23:20:14Z,2026-07-31T01:20:14+0200,3d9904ea-ea5b-47d7-bdee-8f06b37d7caf,2026-07-21T14:15:00Z,2026-07-21T16:15:00+0200,3235.227,MW,NL,NL,actual_load,Actual Load,2026-07-30T23:22:13Z
2026-07-30T23:20:14Z,2026-07-31T01:20:14+0200,3d9904ea-ea5b-47d7-bdee-8f06b37d7caf,2026-07-21T14:30:00Z,2026-07-21T16:30:00+0200,3328.256,MW,NL,NL,actual_load,Actual Load,2026-07-30T23:22:13Z
2026-07-30T23:20:14Z,2026-07-31T01:20:14+0200,3d9904ea-ea5b-47d7-bdee-8f06b37d7caf,2026-07-21T14:45:00Z,2026-07-21T16:45:00+0200,3825.899,MW,NL,NL,actual_load,Actual Load,2026-07-30T23:22:13Z
2026-07-30T23:20:14Z,2026-07-31T01:20:14+0200,3d9904ea-ea5b-47d7-bdee-8f06b37d7caf,2026-07-21T15:00:00Z,2026-07-21T17:00:00+0200,4301.863,MW,NL,NL,actual_load,Actual Load,2026-07-30T23:22:13Z
2026-07-30T23:20:14Z,2026-07-31T01:20:14+0200,3d9904ea-ea5b-47d7-bdee-8f06b37d7caf,2026-07-21T15:15:00Z,2026-07-21T17:15:00+0200,4907.906,MW,NL,NL,actual_load,Actual Load,2026-07-30T23:22:13Z
2026-07-30T23:20:14Z,2026-07-31T01:20:14+0200,3d9904ea-ea5b-47d7-bdee-8f06b37d7caf,2026-07-21T15:30:00Z,2026-07-21T17:30:00+0200,5925.336,MW,NL,NL,actual_load,Actual Load,2026-07-30T23:22:13Z
2026-07-30T23:20:14Z,2026-07-31T01:20:14+0200,3d9904ea-ea5b-47d7-bdee-8f06b37d7caf,2026-07-21T15:45:00Z,2026-07-21T17:45:00+0200,6434.786,MW,NL,NL,actual_load,Actual Load,2026-07-30T23:22:13Z
2026-07-30T23:20:14Z,2026-07-31T01:20:14+0200,3d9904ea-ea5b-47d7-bdee-8f06b37d7caf,2026-07-21T16:00:00Z,2026-07-21T18:00:00+0200,6791.816,MW,NL,NL,actual_load,Actual Load,2026-07-30T23:22:13Z
2026-07-30T23:20:14Z,2026-07-31T01:20:14+0200,3d9904ea-ea5b-47d7-bdee-8f06b37d7caf,2026-07-21T16:15:00Z,2026-07-21T18:15:00+0200,7100.536,MW,NL,NL,actual_load,Actual Load,2026-07-30T23:22:13Z
2026-07-30T23:20:14Z,2026-07-31T01:20:14+0200,3d9904ea-ea5b-47d7-bdee-8f06b37d7caf,2026-07-21T16:30:00Z,2026-07-21T18:30:00+0200,7290.386,MW,NL,NL,actual_load,Actual Load,2026-07-30T23:22:13Z
2026-07-30T23:20:14Z,2026-07-31T01:20:14+0200,3d9904ea-ea5b-47d7-bdee-8f06b37d7caf,2026-07-21T16:45:00Z,2026-07-21T18:45:00+0200,7457.526,MW,NL,NL,actual_load,Actual Load,2026-07-30T23:22:13Z
2026-07-30T23:20:14Z,2026-07-31T01:20:14+0200,3d9904ea-ea5b-47d7-bdee-8f06b37d7caf,2026-07-21T17:00:00Z,2026-07-21T19:00:00+0200,7797.226,MW,NL,NL,actual_load,Actual Load,2026-07-30T23:22:13Z
2026-07-30T23:20:14Z,2026-07-31T01:20:14+0200,3d9904ea-ea5b-47d7-bdee-8f06b37d7caf,2026-07-21T17:15:00Z,2026-07-21T19:15:00+0200,8394.666,MW,NL,NL,actual_load,Actual Load,2026-07-30T23:22:13Z
2026-07-30T23:20:14Z,2026-07-31T01:20:14+0200,3d9904ea-ea5b-47d7-bdee-8f06b37d7caf,2026-07-21T17:30:00Z,2026-07-21T19:30:00+0200,8523.946,MW,NL,NL,actual_load,Actual Load,2026-07-30T23:22:13Z
2026-07-30T23:20:14Z,2026-07-31T01:20:14+0200,3d9904ea-ea5b-47d7-bdee-8f06b37d7caf,2026-07-21T17:45:00Z,2026-07-21T19:45:00+0200,8677.956,MW,NL,NL,actual_load,Actual Load,2026-07-30T23:22:13Z
2026-07-30T23:20:14Z,2026-07-31T01:20:14+0200,3d9904ea-ea5b-47d7-bdee-8f06b37d7caf,2026-07-21T18:00:00Z,2026-07-21T20:00:00+0200,8857.486,MW,NL,NL,actual_load,Actual Load,2026-07-30T23:22:13Z
2026-07-30T23:20:14Z,2026-07-31T01:20:14+0200,3d9904ea-ea5b-47d7-bdee-8f06b37d7caf,2026-07-21T18:15:00Z,2026-07-21T20:15:00+0200,9099.806,MW,NL,NL,actual_load,Actual Load,2026-07-30T23:22:13Z
2026-07-30T23:20:14Z,2026-07-31T01:20:14+0200,3d9904ea-ea5b-47d7-bdee-8f06b37d7caf,2026-07-21T18:30:00Z,2026-07-21T20:30:00+0200,9405.996,MW,NL,NL,actual_load,Actual Load,2026-07-30T23:22:13Z
2026-07-30T23:20:14Z,2026-07-31T01:20:14+0200,3d9904ea-ea5b-47d7-bdee-8f06b37d7caf,2026-07-21T18:45:00Z,2026-07-21T20:45:00+0200,9558.976,MW,NL,NL,actual_load,Actual Load,2026-07-30T23:22:13Z
2026-07-30T23:20:14Z,2026-07-31T01:20:14+0200,3d9904ea-ea5b-47d7-bdee-8f06b37d7caf,2026-07-21T19:00:00Z,2026-07-21T21:00:00+0200,9683.876,MW,NL,NL,actual_load,Actual Load,2026-07-30T23:22:13Z
2026-07-30T23:20:14Z,2026-07-31T01:20:14+0200,3d9904ea-ea5b-47d7-bdee-8f06b37d7caf,2026-07-21T19:15:00Z,2026-07-21T21:15:00+0200,10295.106,MW,NL,NL,actual_load,Actual Load,2026-07-30T23:22:13Z
2026-07-30T23:20:14Z,2026-07-31T01:20:14+0200,3d9904ea-ea5b-47d7-bdee-8f06b37d7caf,2026-07-21T19:30:00Z,2026-07-21T21:30:00+0200,10335.426,MW,NL,NL,actual_load,Actual Load,2026-07-30T23:22:13Z
2026-07-30T23:20:14Z,2026-07-31T01:20:14+0200,3d9904ea-ea5b-47d7-bdee-8f06b37d7caf,2026-07-21T19:45:00Z,2026-07-21T21:45:00+0200,10221.966,MW,NL,NL,actual_load,Actual Load,2026-07-30T23:22:13Z
2026-07-30T23:20:14Z,2026-07-31T01:20:14+0200,3d9904ea-ea5b-47d7-bdee-8f06b37d7caf,2026-07-21T20:00:00Z,2026-07-21T22:00:00+0200,10233.356,MW,NL,NL,actual_load,Actual Load,2026-07-30T23:22:13Z
2026-07-30T23:20:14Z,2026-07-31T01:20:14+0200,3d9904ea-ea5b-47d7-bdee-8f06b37d7caf,2026-07-21T20:15:00Z,2026-07-21T22:15:00+0200,10418.406,MW,NL,NL,actual_load,Actual Load,2026-07-30T23:22:13Z
2026-07-30T23:20:14Z,2026-07-31T01:20:14+0200,3d9904ea-ea5b-47d7-bdee-8f06b37d7caf,2026-07-21T20:30:00Z,2026-07-21T22:30:00+0200,10647.456,MW,NL,NL,actual_load,Actual Load,2026-07-30T23:22:13Z
2026-07-30T23:20:14Z,2026-07-31T01:20:14+0200,3d9904ea-ea5b-47d7-bdee-8f06b37d7caf,2026-07-21T20:45:00Z,2026-07-21T22:45:00+0200,10720.726,MW,NL,NL,actual_load,Actual Load,2026-07-30T23:22:13Z
2026-07-30T23:20:14Z,2026-07-31T01:20:14+0200,3d9904ea-ea5b-47d7-bdee-8f06b37d7caf,2026-07-21T21:00:00Z,2026-07-21T23:00:00+0200,10680.966,MW,NL,NL,actual_load,Actual Load,2026-07-30T23:22:13Z
2026-07-30T23:20:14Z,2026-07-31T01:20:14+0200,3d9904ea-ea5b-47d7-bdee-8f06b37d7caf,2026-07-21T21:15:00Z,2026-07-21T23:15:00+0200,10490.326,MW,NL,NL,actual_load,Actual Load,2026-07-30T23:22:13Z
2026-07-30T23:20:14Z,2026-07-31T01:20:14+0200,3d9904ea-ea5b-47d7-bdee-8f06b37d7caf,2026-07-21T21:30:00Z,2026-07-21T23:30:00+0200,10562.246,MW,NL,NL,actual_load,Actual Load,2026-07-30T23:22:13Z
2026-07-30T23:20:14Z,2026-07-31T01:20:14+0200,3d9904ea-ea5b-47d7-bdee-8f06b37d7caf,2026-07-21T21:45:00Z,2026-07-21T23:45:00+0200,10462.186,MW,NL,NL,actual_load,Actual Load,2026-07-30T23:22:13Z
2026-07-30T23:20:14Z,2026-07-31T01:20:14+0200,3d9904ea-ea5b-47d7-bdee-8f06b37d7caf,2026-07-21T22:00:00Z,2026-07-22T00:00:00+0200,10407.166,MW,NL,NL,actual_load,Actual Load,2026-07-30T23:22:13Z
2026-07-30T23:20:14Z,2026-07-31T01:20:14+0200,3d9904ea-ea5b-47d7-bdee-8f06b37d7caf,2026-07-21T22:15:00Z,2026-07-22T00:15:00+0200,10545.656,MW,NL,NL,actual_load,Actual Load,2026-07-30T23:22:13Z
2026-07-30T23:20:14Z,2026-07-31T01:20:14+0200,3d9904ea-ea5b-47d7-bdee-8f06b37d7caf,2026-07-21T22:30:00Z,2026-07-22T00:30:00+0200,10584.726,MW,NL,NL,actual_load,Actual Load,2026-07-30T23:22:13Z
2026-07-30T23:20:14Z,2026-07-31T01:20:14+0200,3d9904ea-ea5b-47d7-bdee-8f06b37d7caf,2026-07-21T22:45:00Z,2026-07-22T00:45:00+0200,10517.106,MW,NL,NL,actual_load,Actual Load,2026-07-30T23:22:13Z
2026-07-30T23:20:14Z,2026-07-31T01:20:14+0200,3d9904ea-ea5b-47d7-bdee-8f06b37d7caf,2026-07-21T23:00:00Z,2026-07-22T01:00:00+0200,10509.546,MW,NL,NL,actual_load,Actual Load,2026-07-30T23:22:13Z
2026-07-30T23:20:14Z,2026-07-31T01:20:14+0200,3d9904ea-ea5b-47d7-bdee-8f06b37d7caf,2026-07-21T23:15:00Z,2026-07-22T01:15:00+0200,10342.916,MW,NL,NL,actual_load,Actual Load,2026-07-30T23:22:13Z
2026-07-30T23:20:14Z,2026-07-31T01:20:14+0200,3d9904ea-ea5b-47d7-bdee-8f06b37d7caf,2026-07-21T23:30:00Z,2026-07-22T01:30:00+0200,10305.856,MW,NL,NL,actual_load,Actual Load,2026-07-30T23:22:13Z
2026-07-30T23:20:14Z,2026-07-31T01:20:14+0200,3d9904ea-ea5b-47d7-bdee-8f06b37d7caf,2026-07-21T23:45:00Z,2026-07-22T01:45:00+0200,10278.776,MW,NL,NL,actual_load,Actual Load,2026-07-30T23:22:13Z
2026-07-30T23:20:14Z,2026-07-31T01:20:14+0200,3d9904ea-ea5b-47d7-bdee-8f06b37d7caf,2026-07-22T00:00:00Z,2026-07-22T02:00:00+0200,10178.936,MW,NL,NL,actual_load,Actual Load,2026-07-30T23:22:13Z
2026-07-30T23:20:14Z,2026-07-31T01:20:14+0200,3d9904ea-ea5b-47d7-bdee-8f06b37d7caf,2026-07-22T00:15:00Z,2026-07-22T02:15:00+0200,10220.106,MW,NL,NL,actual_load,Actual Load,2026-07-30T23:22:13Z
2026-07-30T23:20:14Z,2026-07-31T01:20:14+0200,3d9904ea-ea5b-47d7-bdee-8f06b37d7caf,2026-07-22T00:30:00Z,2026-07-22T02:30:00+0200,10243.086,MW,NL,NL,actual_load,Actual Load,2026-07-30T23:22:13Z
2026-07-30T23:20:14Z,2026-07-31T01:20:14+0200,3d9904ea-ea5b-47d7-bdee-8f06b37d7caf,2026-07-22T00:45:00Z,2026-07-22T02:45:00+0200,10236.546,MW,NL,NL,actual_load,Actual Load,2026-07-30T23:22:13Z
2026-07-30T23:20:14Z,2026-07-31T01:20:14+0200,3d9904ea-ea5b-47d7-bdee-8f06b37d7caf,2026-07-22T01:00:00Z,2026-07-22T03:00:00+0200,10162.856,MW,NL,NL,actual_load,Actual Load,2026-07-30T23:22:13Z
2026-07-30T23:20:14Z,2026-07-31T01:20:14+0200,3d9904ea-ea5b-47d7-bdee-8f06b37d7caf,2026-07-22T01:15:00Z,2026-07-22T03:15:00+0200,10082.026,MW,NL,NL,actual_load,Actual Load,2026-07-30T23:22:13Z
2026-07-30T23:20:14Z,2026-07-31T01:20:14+0200,3d9904ea-ea5b-47d7-bdee-8f06b37d7caf,2026-07-22T01:30:00Z,2026-07-22T03:30:00+0200,9956.366,MW,NL,NL,actual_load,Actual Load,2026-07-30T23:22:13Z
2026-07-30T23:20:14Z,2026-07-31T01:20:14+0200,3d9904ea-ea5b-47d7-bdee-8f06b37d7caf,2026-07-22T01:45:00Z,2026-07-22T03:45:00+0200,10018.756,MW,NL,NL,actual_load,Actual Load,2026-07-30T23:22:13Z
2026-07-30T23:20:14Z,2026-07-31T01:20:14+0200,3d9904ea-ea5b-47d7-bdee-8f06b37d7caf,2026-07-22T02:00:00Z,2026-07-22T04:00:00+0200,10018.196,MW,NL,NL,actual_load,Actual Load,2026-07-30T23:22:13Z
2026-07-30T23:20:14Z,2026-07-31T01:20:14+0200,3d9904ea-ea5b-47d7-bdee-8f06b37d7caf,2026-07-22T02:15:00Z,2026-07-22T04:15:00+0200,9875.976,MW,NL,NL,actual_load,Actual Load,2026-07-30T23:22:13Z
2026-07-30T23:20:14Z,2026-07-31T01:20:14+0200,3d9904ea-ea5b-47d7-bdee-8f06b37d7caf,2026-07-22T02:30:00Z,2026-07-22T04:30:00+0200,9810.876,MW,NL,NL,actual_load,Actual Load,2026-07-30T23:22:13Z
2026-07-30T23:20:14Z,2026-07-31T01:20:14+0200,3d9904ea-ea5b-47d7-bdee-8f06b37d7caf,2026-07-22T02:45:00Z,2026-07-22T04:45:00+0200,9960.976,MW,NL,NL,actual_load,Actual Load,2026-07-30T23:22:13Z
2026-07-30T23:20:14Z,2026-07-31T01:20:14+0200,3d9904ea-ea5b-47d7-bdee-8f06b37d7caf,2026-07-22T03:00:00Z,2026-07-22T05:00:00+0200,9983.636,MW,NL,NL,actual_load,Actual Load,2026-07-30T23:22:13Z
2026-07-30T23:20:14Z,2026-07-31T01:20:14+0200,3d9904ea-ea5b-47d7-bdee-8f06b37d7caf,2026-07-22T03:15:00Z,2026-07-22T05:15:00+0200,9962.486,MW,NL,NL,actual_load,Actual Load,2026-07-30T23:22:13Z
2026-07-30T23:20:14Z,2026-07-31T01:20:14+0200,3d9904ea-ea5b-47d7-bdee-8f06b37d7caf,2026-07-22T03:30:00Z,2026-07-22T05:30:00+0200,9896.436,MW,NL,NL,actual_load,Actual Load,2026-07-30T23:22:13Z
2026-07-30T23:20:14Z,2026-07-31T01:20:14+0200,3d9904ea-ea5b-47d7-bdee-8f06b37d7caf,2026-07-22T03:45:00Z,2026-07-22T05:45:00+0200,10043.126,MW,NL,NL,actual_load,Actual Load,2026-07-30T23:22:13Z
2026-07-30T23:20:14Z,2026-07-31T01:20:14+0200,3d9904ea-ea5b-47d7-bdee-8f06b37d7caf,2026-07-22T04:00:00Z,2026-07-22T06:00:00+0200,10134.666,MW,NL,NL,actual_load,Actual Load,2026-07-30T23:22:13Z
2026-07-30T23:20:14Z,2026-07-31T01:20:14+0200,3d9904ea-ea5b-47d7-bdee-8f06b37d7caf,2026-07-22T04:15:00Z,2026-07-22T06:15:00+0200,10064.616,MW,NL,NL,actual_load,Actual Load,2026-07-30T23:22:13Z
2026-07-30T23:20:14Z,2026-07-31T01:20:14+0200,3d9904ea-ea5b-47d7-bdee-8f06b37d7caf,2026-07-22T04:30:00Z,2026-07-22T06:30:00+0200,9905.496,MW,NL,NL,actual_load,Actual Load,2026-07-30T23:22:13Z
2026-07-30T23:20:14Z,2026-07-31T01:20:14+0200,3d9904ea-ea5b-47d7-bdee-8f06b37d7caf,2026-07-22T04:45:00Z,2026-07-22T06:45:00+0200,9848.566,MW,NL,NL,actual_load,Actual Load,2026-07-30T23:22:13Z
2026-07-30T23:20:14Z,2026-07-31T01:20:14+0200,3d9904ea-ea5b-47d7-bdee-8f06b37d7caf,2026-07-22T05:00:00Z,2026-07-22T07:00:00+0200,9812.716,MW,NL,NL,actual_load,Actual Load,2026-07-30T23:22:13Z
2026-07-30T23:20:14Z,2026-07-31T01:20:14+0200,3d9904ea-ea5b-47d7-bdee-8f06b37d7caf,2026-07-22T05:15:00Z,2026-07-22T07:15:00+0200,9792.616,MW,NL,NL,actual_load,Actual Load,2026-07-30T23:22:13Z
2026-07-30T23:20:14Z,2026-07-31T01:20:14+0200,3d9904ea-ea5b-47d7-bdee-8f06b37d7caf,2026-07-22T05:30:00Z,2026-07-22T07:30:00+0200,9859.076,MW,NL,NL,actual_load,Actual Load,2026-07-30T23:22:13Z
2026-07-30T23:20:14Z,2026-07-31T01:20:14+0200,3d9904ea-ea5b-47d7-bdee-8f06b37d7caf,2026-07-22T05:45:00Z,2026-07-22T07:45:00+0200,10089.746,MW,NL,NL,actual_load,Actual Load,2026-07-30T23:22:13Z
2026-07-30T23:20:14Z,2026-07-31T01:20:14+0200,3d9904ea-ea5b-47d7-bdee-8f06b37d7caf,2026-07-22T06:00:00Z,2026-07-22T08:00:00+0200,10431.106,MW,NL,NL,actual_load,Actual Load,2026-07-30T23:22:13Z
2026-07-30T23:20:14Z,2026-07-31T01:20:14+0200,3d9904ea-ea5b-47d7-bdee-8f06b37d7caf,2026-07-22T06:15:00Z,2026-07-22T08:15:00+0200,10197.896,MW,NL,NL,actual_load,Actual Load,2026-07-30T23:22:13Z
2026-07-30T23:20:14Z,2026-07-31T01:20:14+0200,3d9904ea-ea5b-47d7-bdee-8f06b37d7caf,2026-07-22T06:30:00Z,2026-07-22T08:30:00+0200,10430.966,MW,NL,NL,actual_load,Actual Load,2026-07-30T23:22:13Z
2026-07-30T23:20:14Z,2026-07-31T01:20:14+0200,3d9904ea-ea5b-47d7-bdee-8f06b37d7caf,2026-07-22T06:45:00Z,2026-07-22T08:45:00+0200,10235.716,MW,NL,NL,actual_load,Actual Load,2026-07-30T23:22:13Z
2026-07-30T23:20:14Z,2026-07-31T01:20:14+0200,3d9904ea-ea5b-47d7-bdee-8f06b37d7caf,2026-07-22T07:00:00Z,2026-07-22T09:00:00+0200,9983.286,MW,NL,NL,actual_load,Actual Load,2026-07-30T23:22:13Z
2026-07-30T23:20:14Z,2026-07-31T01:20:14+0200,3d9904ea-ea5b-47d7-bdee-8f06b37d7caf,2026-07-22T07:15:00Z,2026-07-22T09:15:00+0200,9811.936,MW,NL,NL,actual_load,Actual Load,2026-07-30T23:22:13Z
2026-07-30T23:20:14Z,2026-07-31T01:20:14+0200,3d9904ea-ea5b-47d7-bdee-8f06b37d7caf,2026-07-22T07:30:00Z,2026-07-22T09:30:00+0200,9549.506,MW,NL,NL,actual_load,Actual Load,2026-07-30T23:22:13Z
2026-07-30T23:20:14Z,2026-07-31T01:20:14+0200,3d9904ea-ea5b-47d7-bdee-8f06b37d7caf,2026-07-22T07:45:00Z,2026-07-22T09:45:00+0200,9393.206,MW,NL,NL,actual_load,Actual Load,2026-07-30T23:22:13Z
2026-07-30T23:20:14Z,2026-07-31T01:20:14+0200,3d9904ea-ea5b-47d7-bdee-8f06b37d7caf,2026-07-22T08:00:00Z,2026-07-22T10:00:00+0200,9534.606,MW,NL,NL,actual_load,Actual Load,2026-07-30T23:22:13Z
2026-07-30T23:20:14Z,2026-07-31T01:20:14+0200,3d9904ea-ea5b-47d7-bdee-8f06b37d7caf,2026-07-22T08:15:00Z,2026-07-22T10:15:00+0200,8884.956,MW,NL,NL,actual_load,Actual Load,2026-07-30T23:22:13Z
2026-07-30T23:20:14Z,2026-07-31T01:20:14+0200,3d9904ea-ea5b-47d7-bdee-8f06b37d7caf,2026-07-22T08:30:00Z,2026-07-22T10:30:00+0200,8191.646,MW,NL,NL,actual_load,Actual Load,2026-07-30T23:22:13Z
2026-07-30T23:20:14Z,2026-07-31T01:20:14+0200,3d9904ea-ea5b-47d7-bdee-8f06b37d7caf,2026-07-22T08:45:00Z,2026-07-22T10:45:00+0200,8004.536,MW,NL,NL,actual_load,Actual Load,2026-07-30T23:22:13Z
2026-07-30T23:20:14Z,2026-07-31T01:20:14+0200,3d9904ea-ea5b-47d7-bdee-8f06b37d7caf,2026-07-22T09:00:00Z,2026-07-22T11:00:00+0200,7680.736,MW,NL,NL,actual_load,Actual Load,2026-07-30T23:22:13Z
2026-07-30T23:20:14Z,2026-07-31T01:20:14+0200,3d9904ea-ea5b-47d7-bdee-8f06b37d7caf,2026-07-22T09:15:00Z,2026-07-22T11:15:00+0200,7755.456,MW,NL,NL,actual_load,Actual Load,2026-07-30T23:22:13Z
2026-07-30T23:20:14Z,2026-07-31T01:20:14+0200,3d9904ea-ea5b-47d7-bdee-8f06b37d7caf,2026-07-22T09:30:00Z,2026-07-22T11:30:00+0200,7487.286,MW,NL,NL,actual_load,Actual Load,2026-07-30T23:22:13Z
2026-07-30T23:20:14Z,2026-07-31T01:20:14+0200,3d9904ea-ea5b-47d7-bdee-8f06b37d7caf,2026-07-22T09:45:00Z,2026-07-22T11:45:00+0200,7044.206,MW,NL,NL,actual_load,Actual Load,2026-07-30T23:22:13Z
2026-07-30T23:20:14Z,2026-07-31T01:20:14+0200,3d9904ea-ea5b-47d7-bdee-8f06b37d7caf,2026-07-22T10:00:00Z,2026-07-22T12:00:00+0200,6915.306,MW,NL,NL,actual_load,Actual Load,2026-07-30T23:22:13Z
2026-07-30T23:20:14Z,2026-07-31T01:20:14+0200,3d9904ea-ea5b-47d7-bdee-8f06b37d7caf,2026-07-22T10:15:00Z,2026-07-22T12:15:00+0200,6775.426,MW,NL,NL,actual_load,Actual Load,2026-07-30T23:22:13Z
2026-07-30T23:20:14Z,2026-07-31T01:20:14+0200,3d9904ea-ea5b-47d7-bdee-8f06b37d7caf,2026-07-22T10:30:00Z,2026-07-22T12:30:00+0200,6833.746,MW,NL,NL,actual_load,Actual Load,2026-07-30T23:22:13Z
2026-07-30T23:20:14Z,2026-07-31T01:20:14+0200,3d9904ea-ea5b-47d7-bdee-8f06b37d7caf,2026-07-22T10:45:00Z,2026-07-22T12:45:00+0200,6269.616,MW,NL,NL,actual_load,Actual Load,2026-07-30T23:22:13Z
2026-07-30T23:20:14Z,2026-07-31T01:20:14+0200,3d9904ea-ea5b-47d7-bdee-8f06b37d7caf,2026-07-22T11:00:00Z,2026-07-22T13:00:00+0200,5983.306,MW,NL,NL,actual_load,Actual Load,2026-07-30T23:22:13Z
2026-07-30T23:20:14Z,2026-07-31T01:20:14+0200,3d9904ea-ea5b-47d7-bdee-8f06b37d7caf,2026-07-22T11:15:00Z,2026-07-22T13:15:00+0200,6117.776,MW,NL,NL,actual_load,Actual Load,2026-07-30T23:22:13Z
2026-07-30T23:20:14Z,2026-07-31T01:20:14+0200,3d9904ea-ea5b-47d7-bdee-8f06b37d7caf,2026-07-22T11:30:00Z,2026-07-22T13:30:00+0200,5896.966,MW,NL,NL,actual_load,Actual Load,2026-07-30T23:22:13Z
2026-07-30T23:20:14Z,2026-07-31T01:20:14+0200,3d9904ea-ea5b-47d7-bdee-8f06b37d7caf,2026-07-22T11:45:00Z,2026-07-22T13:45:00+0200,5960.076,MW,NL,NL,actual_load,Actual Load,2026-07-30T23:22:13Z
2026-07-30T23:20:14Z,2026-07-31T01:20:14+0200,3d9904ea-ea5b-47d7-bdee-8f06b37d7caf,2026-07-22T12:00:00Z,2026-07-22T14:00:00+0200,5774.386,MW,NL,NL,actual_load,Actual Load,2026-07-30T23:22:13Z
2026-07-30T23:20:14Z,2026-07-31T01:20:14+0200,3d9904ea-ea5b-47d7-bdee-8f06b37d7caf,2026-07-22T12:15:00Z,2026-07-22T14:15:00+0200,5217.476,MW,NL,NL,actual_load,Actual Load,2026-07-30T23:22:13Z
2026-07-30T23:20:14Z,2026-07-31T01:20:14+0200,3d9904ea-ea5b-47d7-bdee-8f06b37d7caf,2026-07-22T12:30:00Z,2026-07-22T14:30:00+0200,5351.576,MW,NL,NL,actual_load,Actual Load,2026-07-30T23:22:13Z
2026-07-30T23:20:14Z,2026-07-31T01:20:14+0200,3d9904ea-ea5b-47d7-bdee-8f06b37d7caf,2026-07-22T12:45:00Z,2026-07-22T14:45:00+0200,5457.676,MW,NL,NL,actual_load,Actual Load,2026-07-30T23:22:13Z
2026-07-30T23:20:14Z,2026-07-31T01:20:14+0200,3d9904ea-ea5b-47d7-bdee-8f06b37d7caf,2026-07-22T13:00:00Z,2026-07-22T15:00:00+0200,5848.916,MW,NL,NL,actual_load,Actual Load,2026-07-30T23:22:13Z
2026-07-30T23:20:14Z,2026-07-31T01:20:14+0200,3d9904ea-ea5b-47d7-bdee-8f06b37d7caf,2026-07-22T13:15:00Z,2026-07-22T15:15:00+0200,6118.876,MW,NL,NL,actual_load,Actual Load,2026-07-30T23:22:13Z
2026-07-30T23:20:14Z,2026-07-31T01:20:14+0200,3d9904ea-ea5b-47d7-bdee-8f06b37d7caf,2026-07-22T13:30:00Z,2026-07-22T15:30:00+0200,6023.106,MW,NL,NL,actual_load,Actual Load,2026-07-30T23:22:13Z
2026-07-30T23:20:14Z,2026-07-31T01:20:14+0200,3d9904ea-ea5b-47d7-bdee-8f06b37d7caf,2026-07-22T13:45:00Z,2026-07-22T15:45:00+0200,6120.066,MW,NL,NL,actual_load,Actual Load,2026-07-30T23:22:13Z
2026-07-30T23:20:14Z,2026-07-31T01:20:14+0200,3d9904ea-ea5b-47d7-bdee-8f06b37d7caf,2026-07-22T14:00:00Z,2026-07-22T16:00:00+0200,6201.526,MW,NL,NL,actual_load,Actual Load,2026-07-30T23:22:13Z
2026-07-30T23:20:14Z,2026-07-31T01:20:14+0200,3d9904ea-ea5b-47d7-bdee-8f06b37d7caf,2026-07-22T14:15:00Z,2026-07-22T16:15:00+0200,5869.516,MW,NL,NL,actual_load,Actual Load,2026-07-30T23:22:13Z
2026-07-30T23:20:14Z,2026-07-31T01:20:14+0200,3d9904ea-ea5b-47d7-bdee-8f06b37d7caf,2026-07-22T14:30:00Z,2026-07-22T16:30:00+0200,6516.666,MW,NL,NL,actual_load,Actual Load,2026-07-30T23:22:13Z
2026-07-30T23:20:14Z,2026-07-31T01:20:14+0200,3d9904ea-ea5b-47d7-bdee-8f06b37d7caf,2026-07-22T14:45:00Z,2026-07-22T16:45:00+0200,6880.386,MW,NL,NL,actual_load,Actual Load,2026-07-30T23:22:13Z
2026-07-30T23:20:14Z,2026-07-31T01:20:14+0200,3d9904ea-ea5b-47d7-bdee-8f06b37d7caf,2026-07-22T15:00:00Z,2026-07-22T17:00:00+0200,7048.026,MW,NL,NL,actual_load,Actual Load,2026-07-30T23:22:13Z
2026-07-30T23:20:14Z,2026-07-31T01:20:14+0200,3d9904ea-ea5b-47d7-bdee-8f06b37d7caf,2026-07-22T15:15:00Z,2026-07-22T17:15:00+0200,7309.226,MW,NL,NL,actual_load,Actual Load,2026-07-30T23:22:13Z
2026-07-30T23:20:14Z,2026-07-31T01:20:14+0200,3d9904ea-ea5b-47d7-bdee-8f06b37d7caf,2026-07-22T15:30:00Z,2026-07-22T17:30:00+0200,7638.726,MW,NL,NL,actual_load,Actual Load,2026-07-30T23:22:13Z
2026-07-30T23:20:14Z,2026-07-31T01:20:14+0200,3d9904ea-ea5b-47d7-bdee-8f06b37d7caf,2026-07-22T15:45:00Z,2026-07-22T17:45:00+0200,7894.436,MW,NL,NL,actual_load,Actual Load,2026-07-30T23:22:13Z
2026-07-30T23:20:14Z,2026-07-31T01:20:14+0200,3d9904ea-ea5b-47d7-bdee-8f06b37d7caf,2026-07-22T16:00:00Z,2026-07-22T18:00:00+0200,8270.736,MW,NL,NL,actual_load,Actual Load,2026-07-30T23:22:13Z
2026-07-30T23:20:14Z,2026-07-31T01:20:14+0200,3d9904ea-ea5b-47d7-bdee-8f06b37d7caf,2026-07-22T16:15:00Z,2026-07-22T18:15:00+0200,8528.006,MW,NL,NL,actual_load,Actual Load,2026-07-30T23:22:13Z
2026-07-30T23:20:14Z,2026-07-31T01:20:14+0200,3d9904ea-ea5b-47d7-bdee-8f06b37d7caf,2026-07-22T16:30:00Z,2026-07-22T18:30:00+0200,8869.866,MW,NL,NL,actual_load,Actual Load,2026-07-30T23:22:13Z
2026-07-30T23:20:14Z,2026-07-31T01:20:14+0200,3d9904ea-ea5b-47d7-bdee-8f06b37d7caf,2026-07-22T16:45:00Z,2026-07-22T18:45:00+0200,9038.846,MW,NL,NL,actual_load,Actual Load,2026-07-30T23:22:13Z
2026-07-30T23:20:14Z,2026-07-31T01:20:14+0200,3d9904ea-ea5b-47d7-bdee-8f06b37d7caf,2026-07-22T17:00:00Z,2026-07-22T19:00:00+0200,9304.466,MW,NL,NL,actual_load,Actual Load,2026-07-30T23:22:13Z
2026-07-30T23:20:14Z,2026-07-31T01:20:14+0200,3d9904ea-ea5b-47d7-bdee-8f06b37d7caf,2026-07-22T17:15:00Z,2026-07-22T19:15:00+0200,9425.576,MW,NL,NL,actual_load,Actual Load,2026-07-30T23:22:13Z
2026-07-30T23:20:14Z,2026-07-31T01:20:14+0200,3d9904ea-ea5b-47d7-bdee-8f06b37d7caf,2026-07-22T17:30:00Z,2026-07-22T19:30:00+0200,9452.706,MW,NL,NL,actual_load,Actual Load,2026-07-30T23:22:13Z
2026-07-30T23:20:14Z,2026-07-31T01:20:14+0200,3d9904ea-ea5b-47d7-bdee-8f06b37d7caf,2026-07-22T17:45:00Z,2026-07-22T19:45:00+0200,9585.886,MW,NL,NL,actual_load,Actual Load,2026-07-30T23:22:13Z
2026-07-30T23:20:14Z,2026-07-31T01:20:14+0200,3d9904ea-ea5b-47d7-bdee-8f06b37d7caf,2026-07-22T18:00:00Z,2026-07-22T20:00:00+0200,9810.176,MW,NL,NL,actual_load,Actual Load,2026-07-30T23:22:13Z
2026-07-30T23:20:14Z,2026-07-31T01:20:14+0200,3d9904ea-ea5b-47d7-bdee-8f06b37d7caf,2026-07-22T18:15:00Z,2026-07-22T20:15:00+0200,9954.736,MW,NL,NL,actual_load,Actual Load,2026-07-30T23:22:13Z
2026-07-30T23:20:14Z,2026-07-31T01:20:14+0200,3d9904ea-ea5b-47d7-bdee-8f06b37d7caf,2026-07-22T18:30:00Z,2026-07-22T20:30:00+0200,10177.026,MW,NL,NL,actual_load,Actual Load,2026-07-30T23:22:13Z
2026-07-30T23:20:14Z,2026-07-31T01:20:14+0200,3d9904ea-ea5b-47d7-bdee-8f06b37d7caf,2026-07-22T18:45:00Z,2026-07-22T20:45:00+0200,10207.296,MW,NL,NL,actual_load,Actual Load,2026-07-30T23:22:13Z
2026-07-30T23:20:14Z,2026-07-31T01:20:14+0200,3d9904ea-ea5b-47d7-bdee-8f06b37d7caf,2026-07-22T19:00:00Z,2026-07-22T21:00:00+0200,10291.666,MW,NL,NL,actual_load,Actual Load,2026-07-30T23:22:13Z
2026-07-30T23:20:14Z,2026-07-31T01:20:14+0200,3d9904ea-ea5b-47d7-bdee-8f06b37d7caf,2026-07-22T19:15:00Z,2026-07-22T21:15:00+0200,10262.236,MW,NL,NL,actual_load,Actual Load,2026-07-30T23:22:13Z
2026-07-30T23:20:14Z,2026-07-31T01:20:14+0200,3d9904ea-ea5b-47d7-bdee-8f06b37d7caf,2026-07-22T19:30:00Z,2026-07-22T21:30:00+0200,10345.826,MW,NL,NL,actual_load,Actual Load,2026-07-30T23:22:13Z
2026-07-30T23:20:14Z,2026-07-31T01:20:14+0200,3d9904ea-ea5b-47d7-bdee-8f06b37d7caf,2026-07-22T19:45:00Z,2026-07-22T21:45:00+0200,10353.896,MW,NL,NL,actual_load,Actual Load,2026-07-30T23:22:13Z
2026-07-30T23:20:14Z,2026-07-31T01:20:14+0200,3d9904ea-ea5b-47d7-bdee-8f06b37d7caf,2026-07-22T20:00:00Z,2026-07-22T22:00:00+0200,10518.006,MW,NL,NL,actual_load,Actual Load,2026-07-30T23:22:13Z
2026-07-30T23:20:14Z,2026-07-31T01:20:14+0200,3d9904ea-ea5b-47d7-bdee-8f06b37d7caf,2026-07-22T20:15:00Z,2026-07-22T22:15:00+0200,10428.016,MW,NL,NL,actual_load,Actual Load,2026-07-30T23:22:13Z
2026-07-30T23:20:14Z,2026-07-31T01:20:14+0200,3d9904ea-ea5b-47d7-bdee-8f06b37d7caf,2026-07-22T20:30:00Z,2026-07-22T22:30:00+0200,10527.236,MW,NL,NL,actual_load,Actual Load,2026-07-30T23:22:13Z
2026-07-30T23:20:14Z,2026-07-31T01:20:14+0200,3d9904ea-ea5b-47d7-bdee-8f06b37d7caf,2026-07-22T20:45:00Z,2026-07-22T22:45:00+0200,10466.626,MW,NL,NL,actual_load,Actual Load,2026-07-30T23:22:13Z
2026-07-30T23:20:14Z,2026-07-31T01:20:14+0200,3d9904ea-ea5b-47d7-bdee-8f06b37d7caf,2026-07-22T21:00:00Z,2026-07-22T23:00:00+0200,10492.666,MW,NL,NL,actual_load,Actual Load,2026-07-30T23:22:13Z
2026-07-30T23:20:14Z,2026-07-31T01:20:14+0200,3d9904ea-ea5b-47d7-bdee-8f06b37d7caf,2026-07-22T21:15:00Z,2026-07-22T23:15:00+0200,10533.066,MW,NL,NL,actual_load,Actual Load,2026-07-30T23:22:13Z
2026-07-30T23:20:14Z,2026-07-31T01:20:14+0200,3d9904ea-ea5b-47d7-bdee-8f06b37d7caf,2026-07-22T21:30:00Z,2026-07-22T23:30:00+0200,10583.246,MW,NL,NL,actual_load,Actual Load,2026-07-30T23:22:13Z
2026-07-30T23:20:14Z,2026-07-31T01:20:14+0200,3d9904ea-ea5b-47d7-bdee-8f06b37d7caf,2026-07-22T21:45:00Z,2026-07-22T23:45:00+0200,10498.956,MW,NL,NL,actual_load,Actual Load,2026-07-30T23:22:13Z
2026-07-30T23:20:14Z,2026-07-31T01:20:14+0200,3d9904ea-ea5b-47d7-bdee-8f06b37d7caf,2026-07-22T22:00:00Z,2026-07-23T00:00:00+0200,10472.876,MW,NL,NL,actual_load,Actual Load,2026-07-30T23:22:13Z
2026-07-30T23:20:14Z,2026-07-31T01:20:14+0200,3d9904ea-ea5b-47d7-bdee-8f06b37d7caf,2026-07-22T22:15:00Z,2026-07-23T00:15:00+0200,10354.926,MW,NL,NL,actual_load,Actual Load,2026-07-30T23:22:13Z
2026-07-30T23:20:14Z,2026-07-31T01:20:14+0200,3d9904ea-ea5b-47d7-bdee-8f06b37d7caf,2026-07-22T22:30:00Z,2026-07-23T00:30:00+0200,10373.046,MW,NL,NL,actual_load,Actual Load,2026-07-30T23:22:13Z
2026-07-30T23:20:14Z,2026-07-31T01:20:14+0200,3d9904ea-ea5b-47d7-bdee-8f06b37d7caf,2026-07-22T22:45:00Z,2026-07-23T00:45:00+0200,10417.646,MW,NL,NL,actual_load,Actual Load,2026-07-30T23:22:13Z
2026-07-30T23:20:14Z,2026-07-31T01:20:14+0200,3d9904ea-ea5b-47d7-bdee-8f06b37d7caf,2026-07-22T23:00:00Z,2026-07-23T01:00:00+0200,10444.436,MW,NL,NL,actual_load,Actual Load,2026-07-30T23:22:13Z
2026-07-30T23:20:14Z,2026-07-31T01:20:14+0200,3d9904ea-ea5b-47d7-bdee-8f06b37d7caf,2026-07-22T23:15:00Z,2026-07-23T01:15:00+0200,10381.136,MW,NL,NL,actual_load,Actual Load,2026-07-30T23:22:13Z
2026-07-30T23:20:14Z,2026-07-31T01:20:14+0200,3d9904ea-ea5b-47d7-bdee-8f06b37d7caf,2026-07-22T23:30:00Z,2026-07-23T01:30:00+0200,10342.306,MW,NL,NL,actual_load,Actual Load,2026-07-30T23:22:13Z
2026-07-30T23:20:14Z,2026-07-31T01:20:14+0200,3d9904ea-ea5b-47d7-bdee-8f06b37d7caf,2026-07-22T23:45:00Z,2026-07-23T01:45:00+0200,10268.906,MW,NL,NL,actual_load,Actual Load,2026-07-30T23:22:13Z
2026-07-30T23:20:14Z,2026-07-31T01:20:14+0200,3d9904ea-ea5b-47d7-bdee-8f06b37d7caf,2026-07-23T00:00:00Z,2026-07-23T02:00:00+0200,10105.046,MW,NL,NL,actual_load,Actual Load,2026-07-30T23:22:13Z
2026-07-30T23:20:14Z,2026-07-31T01:20:14+0200,3d9904ea-ea5b-47d7-bdee-8f06b37d7caf,2026-07-23T00:15:00Z,2026-07-23T02:15:00+0200,9881.096,MW,NL,NL,actual_load,Actual Load,2026-07-30T23:22:13Z
2026-07-30T23:20:14Z,2026-07-31T01:20:14+0200,3d9904ea-ea5b-47d7-bdee-8f06b37d7caf,2026-07-23T00:30:00Z,2026-07-23T02:30:00+0200,9961.716,MW,NL,NL,actual_load,Actual Load,2026-07-30T23:22:13Z
2026-07-30T23:20:14Z,2026-07-31T01:20:14+0200,3d9904ea-ea5b-47d7-bdee-8f06b37d7caf,2026-07-23T00:45:00Z,2026-07-23T02:45:00+0200,10158.026,MW,NL,NL,actual_load,Actual Load,2026-07-30T23:22:13Z
2026-07-30T23:20:14Z,2026-07-31T01:20:14+0200,3d9904ea-ea5b-47d7-bdee-8f06b37d7caf,2026-07-23T01:00:00Z,2026-07-23T03:00:00+0200,10148.666,MW,NL,NL,actual_load,Actual Load,2026-07-30T23:22:13Z
2026-07-30T23:20:14Z,2026-07-31T01:20:14+0200,3d9904ea-ea5b-47d7-bdee-8f06b37d7caf,2026-07-23T01:15:00Z,2026-07-23T03:15:00+0200,10107.276,MW,NL,NL,actual_load,Actual Load,2026-07-30T23:22:13Z
2026-07-30T23:20:14Z,2026-07-31T01:20:14+0200,3d9904ea-ea5b-47d7-bdee-8f06b37d7caf,2026-07-23T01:30:00Z,2026-07-23T03:30:00+0200,10008.426,MW,NL,NL,actual_load,Actual Load,2026-07-30T23:22:13Z
2026-07-30T23:20:14Z,2026-07-31T01:20:14+0200,3d9904ea-ea5b-47d7-bdee-8f06b37d7caf,2026-07-23T01:45:00Z,2026-07-23T03:45:00+0200,9926.336,MW,NL,NL,actual_load,Actual Load,2026-07-30T23:22:13Z
2026-07-30T23:20:14Z,2026-07-31T01:20:14+0200,3d9904ea-ea5b-47d7-bdee-8f06b37d7caf,2026-07-23T02:00:00Z,2026-07-23T04:00:00+0200,10017.736,MW,NL,NL,actual_load,Actual Load,2026-07-30T23:22:13Z
2026-07-30T23:20:14Z,2026-07-31T01:20:14+0200,3d9904ea-ea5b-47d7-bdee-8f06b37d7caf,2026-07-23T02:15:00Z,2026-07-23T04:15:00+0200,9983.556,MW,NL,NL,actual_load,Actual Load,2026-07-30T23:22:13Z
2026-07-30T23:20:14Z,2026-07-31T01:20:14+0200,3d9904ea-ea5b-47d7-bdee-8f06b37d7caf,2026-07-23T02:30:00Z,2026-07-23T04:30:00+0200,9768.526,MW,NL,NL,actual_load,Actual Load,2026-07-30T23:22:13Z
2026-07-30T23:20:14Z,2026-07-31T01:20:14+0200,3d9904ea-ea5b-47d7-bdee-8f06b37d7caf,2026-07-23T02:45:00Z,2026-07-23T04:45:00+0200,9614.616,MW,NL,NL,actual_load,Actual Load,2026-07-30T23:22:13Z
2026-07-30T23:20:14Z,2026-07-31T01:20:14+0200,3d9904ea-ea5b-47d7-bdee-8f06b37d7caf,2026-07-23T03:00:00Z,2026-07-23T05:00:00+0200,9591.186,MW,NL,NL,actual_load,Actual Load,2026-07-30T23:22:13Z
2026-07-30T23:20:14Z,2026-07-31T01:20:14+0200,3d9904ea-ea5b-47d7-bdee-8f06b37d7caf,2026-07-23T03:15:00Z,2026-07-23T05:15:00+0200,9871.436,MW,NL,NL,actual_load,Actual Load,2026-07-30T23:22:13Z
2026-07-30T23:20:14Z,2026-07-31T01:20:14+0200,3d9904ea-ea5b-47d7-bdee-8f06b37d7caf,2026-07-23T03:30:00Z,2026-07-23T05:30:00+0200,9847.636,MW,NL,NL,actual_load,Actual Load,2026-07-30T23:22:13Z
2026-07-30T23:20:14Z,2026-07-31T01:20:14+0200,3d9904ea-ea5b-47d7-bdee-8f06b37d7caf,2026-07-23T03:45:00Z,2026-07-23T05:45:00+0200,9893.406,MW,NL,NL,actual_load,Actual Load,2026-07-30T23:22:13Z
2026-07-30T23:20:14Z,2026-07-31T01:20:14+0200,3d9904ea-ea5b-47d7-bdee-8f06b37d7caf,2026-07-23T04:00:00Z,2026-07-23T06:00:00+0200,9796.936,MW,NL,NL,actual_load,Actual Load,2026-07-30T23:22:13Z
2026-07-30T23:20:14Z,2026-07-31T01:20:14+0200,3d9904ea-ea5b-47d7-bdee-8f06b37d7caf,2026-07-23T04:15:00Z,2026-07-23T06:15:00+0200,9792.386,MW,NL,NL,actual_load,Actual Load,2026-07-30T23:22:13Z
2026-07-30T23:20:14Z,2026-07-31T01:20:14+0200,3d9904ea-ea5b-47d7-bdee-8f06b37d7caf,2026-07-23T04:30:00Z,2026-07-23T06:30:00+0200,9743.216,MW,NL,NL,actual_load,Actual Load,2026-07-30T23:22:13Z
2026-07-30T23:20:14Z,2026-07-31T01:20:14+0200,3d9904ea-ea5b-47d7-bdee-8f06b37d7caf,2026-07-23T04:45:00Z,2026-07-23T06:45:00+0200,9954.956,MW,NL,NL,actual_load,Actual Load,2026-07-30T23:22:13Z
2026-07-30T23:20:14Z,2026-07-31T01:20:14+0200,3d9904ea-ea5b-47d7-bdee-8f06b37d7caf,2026-07-23T05:00:00Z,2026-07-23T07:00:00+0200,10068.756,MW,NL,NL,actual_load,Actual Load,2026-07-30T23:22:13Z
2026-07-30T23:20:14Z,2026-07-31T01:20:14+0200,3d9904ea-ea5b-47d7-bdee-8f06b37d7caf,2026-07-23T05:15:00Z,2026-07-23T07:15:00+0200,9925.176,MW,NL,NL,actual_load,Actual Load,2026-07-30T23:22:13Z
2026-07-30T23:20:14Z,2026-07-31T01:20:14+0200,3d9904ea-ea5b-47d7-bdee-8f06b37d7caf,2026-07-23T05:30:00Z,2026-07-23T07:30:00+0200,9776.816,MW,NL,NL,actual_load,Actual Load,2026-07-30T23:22:13Z
2026-07-30T23:20:14Z,2026-07-31T01:20:14+0200,3d9904ea-ea5b-47d7-bdee-8f06b37d7caf,2026-07-23T05:45:00Z,2026-07-23T07:45:00+0200,9807.516,MW,NL,NL,actual_load,Actual Load,2026-07-30T23:22:13Z
2026-07-30T23:20:14Z,2026-07-31T01:20:14+0200,3d9904ea-ea5b-47d7-bdee-8f06b37d7caf,2026-07-23T06:00:00Z,2026-07-23T08:00:00+0200,9756.906,MW,NL,NL,actual_load,Actual Load,2026-07-30T23:22:13Z
2026-07-30T23:20:14Z,2026-07-31T01:20:14+0200,3d9904ea-ea5b-47d7-bdee-8f06b37d7caf,2026-07-23T06:15:00Z,2026-07-23T08:15:00+0200,9527.316,MW,NL,NL,actual_load,Actual Load,2026-07-30T23:22:13Z
2026-07-30T23:20:14Z,2026-07-31T01:20:14+0200,3d9904ea-ea5b-47d7-bdee-8f06b37d7caf,2026-07-23T06:30:00Z,2026-07-23T08:30:00+0200,9284.936,MW,NL,NL,actual_load,Actual Load,2026-07-30T23:22:13Z
2026-07-30T23:20:14Z,2026-07-31T01:20:14+0200,3d9904ea-ea5b-47d7-bdee-8f06b37d7caf,2026-07-23T06:45:00Z,2026-07-23T08:45:00+0200,9080.166,MW,NL,NL,actual_load,Actual Load,2026-07-30T23:22:13Z
2026-07-30T23:20:14Z,2026-07-31T01:20:14+0200,3d9904ea-ea5b-47d7-bdee-8f06b37d7caf,2026-07-23T07:00:00Z,2026-07-23T09:00:00+0200,8913.726,MW,NL,NL,actual_load,Actual Load,2026-07-30T23:22:13Z
2026-07-30T23:20:14Z,2026-07-31T01:20:14+0200,3d9904ea-ea5b-47d7-bdee-8f06b37d7caf,2026-07-23T07:15:00Z,2026-07-23T09:15:00+0200,8490.086,MW,NL,NL,actual_load,Actual Load,2026-07-30T23:22:13Z
2026-07-30T23:20:14Z,2026-07-31T01:20:14+0200,3d9904ea-ea5b-47d7-bdee-8f06b37d7caf,2026-07-23T07:30:00Z,2026-07-23T09:30:00+0200,8409.746,MW,NL,NL,actual_load,Actual Load,2026-07-30T23:22:13Z
2026-07-30T23:20:14Z,2026-07-31T01:20:14+0200,3d9904ea-ea5b-47d7-bdee-8f06b37d7caf,2026-07-23T07:45:00Z,2026-07-23T09:45:00+0200,8267.796,MW,NL,NL,actual_load,Actual Load,2026-07-30T23:22:13Z
2026-07-30T23:20:14Z,2026-07-31T01:20:14+0200,3d9904ea-ea5b-47d7-bdee-8f06b37d7caf,2026-07-23T08:00:00Z,2026-07-23T10:00:00+0200,8004.136,MW,NL,NL,actual_load,Actual Load,2026-07-30T23:22:13Z
2026-07-30T23:20:14Z,2026-07-31T01:20:14+0200,3d9904ea-ea5b-47d7-bdee-8f06b37d7caf,2026-07-23T08:15:00Z,2026-07-23T10:15:00+0200,7655.816,MW,NL,NL,actual_load,Actual Load,2026-07-30T23:22:13Z
2026-07-30T23:20:14Z,2026-07-31T01:20:14+0200,3d9904ea-ea5b-47d7-bdee-8f06b37d7caf,2026-07-23T08:30:00Z,2026-07-23T10:30:00+0200,7491.496,MW,NL,NL,actual_load,Actual Load,2026-07-30T23:22:13Z
2026-07-30T23:20:14Z,2026-07-31T01:20:14+0200,3d9904ea-ea5b-47d7-bdee-8f06b37d7caf,2026-07-23T08:45:00Z,2026-07-23T10:45:00+0200,7559.346,MW,NL,NL,actual_load,Actual Load,2026-07-30T23:22:13Z
2026-07-30T23:20:14Z,2026-07-31T01:20:14+0200,3d9904ea-ea5b-47d7-bdee-8f06b37d7caf,2026-07-23T09:00:00Z,2026-07-23T11:00:00+0200,7351.586,MW,NL,NL,actual_load,Actual Load,2026-07-30T23:22:13Z
2026-07-30T23:20:14Z,2026-07-31T01:20:14+0200,3d9904ea-ea5b-47d7-bdee-8f06b37d7caf,2026-07-23T09:15:00Z,2026-07-23T11:15:00+0200,6815.406,MW,NL,NL,actual_load,Actual Load,2026-07-30T23:22:13Z
2026-07-30T23:20:14Z,2026-07-31T01:20:14+0200,3d9904ea-ea5b-47d7-bdee-8f06b37d7caf,2026-07-23T09:30:00Z,2026-07-23T11:30:00+0200,6511.056,MW,NL,NL,actual_load,Actual Load,2026-07-30T23:22:13Z
2026-07-30T23:20:14Z,2026-07-31T01:20:14+0200,3d9904ea-ea5b-47d7-bdee-8f06b37d7caf,2026-07-23T09:45:00Z,2026-07-23T11:45:00+0200,6112.446,MW,NL,NL,actual_load,Actual Load,2026-07-30T23:22:13Z
2026-07-30T23:20:14Z,2026-07-31T01:20:14+0200,3d9904ea-ea5b-47d7-bdee-8f06b37d7caf,2026-07-23T10:00:00Z,2026-07-23T12:00:00+0200,5760.756,MW,NL,NL,actual_load,Actual Load,2026-07-30T23:22:13Z
2026-07-30T23:20:14Z,2026-07-31T01:20:14+0200,3d9904ea-ea5b-47d7-bdee-8f06b37d7caf,2026-07-23T10:15:00Z,2026-07-23T12:15:00+0200,5537.766,MW,NL,NL,actual_load,Actual Load,2026-07-30T23:22:13Z
2026-07-30T23:20:14Z,2026-07-31T01:20:14+0200,3d9904ea-ea5b-47d7-bdee-8f06b37d7caf,2026-07-23T10:30:00Z,2026-07-23T12:30:00+0200,5465.876,MW,NL,NL,actual_load,Actual Load,2026-07-30T23:22:13Z
2026-07-30T23:20:14Z,2026-07-31T01:20:14+0200,3d9904ea-ea5b-47d7-bdee-8f06b37d7caf,2026-07-23T10:45:00Z,2026-07-23T12:45:00+0200,5261.116,MW,NL,NL,actual_load,Actual Load,2026-07-30T23:22:13Z
2026-07-30T23:20:14Z,2026-07-31T01:20:14+0200,3d9904ea-ea5b-47d7-bdee-8f06b37d7caf,2026-07-23T11:00:00Z,2026-07-23T13:00:00+0200,4990.986,MW,NL,NL,actual_load,Actual Load,2026-07-30T23:22:13Z
2026-07-30T23:20:14Z,2026-07-31T01:20:14+0200,3d9904ea-ea5b-47d7-bdee-8f06b37d7caf,2026-07-23T11:15:00Z,2026-07-23T13:15:00+0200,4995.456,MW,NL,NL,actual_load,Actual Load,2026-07-30T23:22:13Z
2026-07-30T23:20:14Z,2026-07-31T01:20:14+0200,3d9904ea-ea5b-47d7-bdee-8f06b37d7caf,2026-07-23T11:30:00Z,2026-07-23T13:30:00+0200,5050.326,MW,NL,NL,actual_load,Actual Load,2026-07-30T23:22:13Z
2026-07-30T23:20:14Z,2026-07-31T01:20:14+0200,3d9904ea-ea5b-47d7-bdee-8f06b37d7caf,2026-07-23T11:45:00Z,2026-07-23T13:45:00+0200,4872.726,MW,NL,NL,actual_load,Actual Load,2026-07-30T23:22:13Z
2026-07-30T23:20:14Z,2026-07-31T01:20:14+0200,3d9904ea-ea5b-47d7-bdee-8f06b37d7caf,2026-07-23T12:00:00Z,2026-07-23T14:00:00+0200,4880.126,MW,NL,NL,actual_load,Actual Load,2026-07-30T23:22:13Z
2026-07-30T23:20:14Z,2026-07-31T01:20:14+0200,3d9904ea-ea5b-47d7-bdee-8f06b37d7caf,2026-07-23T12:15:00Z,2026-07-23T14:15:00+0200,4947.226,MW,NL,NL,actual_load,Actual Load,2026-07-30T23:22:13Z
2026-07-30T23:20:14Z,2026-07-31T01:20:14+0200,3d9904ea-ea5b-47d7-bdee-8f06b37d7caf,2026-07-23T12:30:00Z,2026-07-23T14:30:00+0200,4755.656,MW,NL,NL,actual_load,Actual Load,2026-07-30T23:22:13Z
2026-07-30T23:20:14Z,2026-07-31T01:20:14+0200,3d9904ea-ea5b-47d7-bdee-8f06b37d7caf,2026-07-23T12:45:00Z,2026-07-23T14:45:00+0200,4498.833,MW,NL,NL,actual_load,Actual Load,2026-07-30T23:22:13Z
2026-07-30T23:20:14Z,2026-07-31T01:20:14+0200,3d9904ea-ea5b-47d7-bdee-8f06b37d7caf,2026-07-23T13:00:00Z,2026-07-23T15:00:00+0200,4599.339,MW,NL,NL,actual_load,Actual Load,2026-07-30T23:22:13Z
2026-07-30T23:20:14Z,2026-07-31T01:20:14+0200,3d9904ea-ea5b-47d7-bdee-8f06b37d7caf,2026-07-23T13:15:00Z,2026-07-23T15:15:00+0200,4634.48,MW,NL,NL,actual_load,Actual Load,2026-07-30T23:22:13Z
2026-07-30T23:20:14Z,2026-07-31T01:20:14+0200,3d9904ea-ea5b-47d7-bdee-8f06b37d7caf,2026-07-23T13:30:00Z,2026-07-23T15:30:00+0200,4946.756,MW,NL,NL,actual_load,Actual Load,2026-07-30T23:22:13Z
2026-07-30T23:20:14Z,2026-07-31T01:20:14+0200,3d9904ea-ea5b-47d7-bdee-8f06b37d7caf,2026-07-23T13:45:00Z,2026-07-23T15:45:00+0200,5157.406,MW,NL,NL,actual_load,Actual Load,2026-07-30T23:22:13Z
2026-07-30T23:20:14Z,2026-07-31T01:20:14+0200,3d9904ea-ea5b-47d7-bdee-8f06b37d7caf,2026-07-23T14:00:00Z,2026-07-23T16:00:00+0200,5066.316,MW,NL,NL,actual_load,Actual Load,2026-07-30T23:22:13Z
2026-07-30T23:20:14Z,2026-07-31T01:20:14+0200,3d9904ea-ea5b-47d7-bdee-8f06b37d7caf,2026-07-23T14:15:00Z,2026-07-23T16:15:00+0200,5026.306,MW,NL,NL,actual_load,Actual Load,2026-07-30T23:22:13Z
2026-07-30T23:20:14Z,2026-07-31T01:20:14+0200,3d9904ea-ea5b-47d7-bdee-8f06b37d7caf,2026-07-23T14:30:00Z,2026-07-23T16:30:00+0200,5222.236,MW,NL,NL,actual_load,Actual Load,2026-07-30T23:22:13Z
2026-07-30T23:20:14Z,2026-07-31T01:20:14+0200,3d9904ea-ea5b-47d7-bdee-8f06b37d7caf,2026-07-23T14:45:00Z,2026-07-23T16:45:00+0200,5451.286,MW,NL,NL,actual_load,Actual Load,2026-07-30T23:22:13Z
2026-07-30T23:20:14Z,2026-07-31T01:20:14+0200,3d9904ea-ea5b-47d7-bdee-8f06b37d7caf,2026-07-23T15:00:00Z,2026-07-23T17:00:00+0200,5708.506,MW,NL,NL,actual_load,Actual Load,2026-07-30T23:22:13Z
2026-07-30T23:20:14Z,2026-07-31T01:20:14+0200,3d9904ea-ea5b-47d7-bdee-8f06b37d7caf,2026-07-23T15:15:00Z,2026-07-23T17:15:00+0200,6167.626,MW,NL,NL,actual_load,Actual Load,2026-07-30T23:22:13Z
2026-07-30T23:20:14Z,2026-07-31T01:20:14+0200,3d9904ea-ea5b-47d7-bdee-8f06b37d7caf,2026-07-23T15:30:00Z,2026-07-23T17:30:00+0200,6655.876,MW,NL,NL,actual_load,Actual Load,2026-07-30T23:22:13Z
2026-07-30T23:20:14Z,2026-07-31T01:20:14+0200,3d9904ea-ea5b-47d7-bdee-8f06b37d7caf,2026-07-23T15:45:00Z,2026-07-23T17:45:00+0200,7103.626,MW,NL,NL,actual_load,Actual Load,2026-07-30T23:22:13Z
2026-07-30T23:20:14Z,2026-07-31T01:20:14+0200,3d9904ea-ea5b-47d7-bdee-8f06b37d7caf,2026-07-23T16:00:00Z,2026-07-23T18:00:00+0200,7316.256,MW,NL,NL,actual_load,Actual Load,2026-07-30T23:22:13Z
2026-07-30T23:20:14Z,2026-07-31T01:20:14+0200,3d9904ea-ea5b-47d7-bdee-8f06b37d7caf,2026-07-23T16:15:00Z,2026-07-23T18:15:00+0200,7613.676,MW,NL,NL,actual_load,Actual Load,2026-07-30T23:22:13Z
2026-07-30T23:20:14Z,2026-07-31T01:20:14+0200,3d9904ea-ea5b-47d7-bdee-8f06b37d7caf,2026-07-23T16:30:00Z,2026-07-23T18:30:00+0200,8051.186,MW,NL,NL,actual_load,Actual Load,2026-07-30T23:22:13Z
2026-07-30T23:20:14Z,2026-07-31T01:20:14+0200,3d9904ea-ea5b-47d7-bdee-8f06b37d7caf,2026-07-23T16:45:00Z,2026-07-23T18:45:00+0200,8342.636,MW,NL,NL,actual_load,Actual Load,2026-07-30T23:22:13Z
2026-07-30T23:20:14Z,2026-07-31T01:20:14+0200,3d9904ea-ea5b-47d7-bdee-8f06b37d7caf,2026-07-23T17:00:00Z,2026-07-23T19:00:00+0200,8507.516,MW,NL,NL,actual_load,Actual Load,2026-07-30T23:22:13Z
2026-07-30T23:20:14Z,2026-07-31T01:20:14+0200,3d9904ea-ea5b-47d7-bdee-8f06b37d7caf,2026-07-23T17:15:00Z,2026-07-23T19:15:00+0200,8601.696,MW,NL,NL,actual_load,Actual Load,2026-07-30T23:22:13Z
2026-07-30T23:20:14Z,2026-07-31T01:20:14+0200,3d9904ea-ea5b-47d7-bdee-8f06b37d7caf,2026-07-23T17:30:00Z,2026-07-23T19:30:00+0200,8669.026,MW,NL,NL,actual_load,Actual Load,2026-07-30T23:22:13Z
2026-07-30T23:20:14Z,2026-07-31T01:20:14+0200,3d9904ea-ea5b-47d7-bdee-8f06b37d7caf,2026-07-23T17:45:00Z,2026-07-23T19:45:00+0200,8956.696,MW,NL,NL,actual_load,Actual Load,2026-07-30T23:22:13Z
2026-07-30T23:20:14Z,2026-07-31T01:20:14+0200,3d9904ea-ea5b-47d7-bdee-8f06b37d7caf,2026-07-23T18:00:00Z,2026-07-23T20:00:00+0200,9122.746,MW,NL,NL,actual_load,Actual Load,2026-07-30T23:22:13Z
2026-07-30T23:20:14Z,2026-07-31T01:20:14+0200,3d9904ea-ea5b-47d7-bdee-8f06b37d7caf,2026-07-23T18:15:00Z,2026-07-23T20:15:00+0200,9379.116,MW,NL,NL,actual_load,Actual Load,2026-07-30T23:22:13Z
2026-07-30T23:20:14Z,2026-07-31T01:20:14+0200,3d9904ea-ea5b-47d7-bdee-8f06b37d7caf,2026-07-23T18:30:00Z,2026-07-23T20:30:00+0200,9733.646,MW,NL,NL,actual_load,Actual Load,2026-07-30T23:22:13Z
2026-07-30T23:20:14Z,2026-07-31T01:20:14+0200,3d9904ea-ea5b-47d7-bdee-8f06b37d7caf,2026-07-23T18:45:00Z,2026-07-23T20:45:00+0200,10133.236,MW,NL,NL,actual_load,Actual Load,2026-07-30T23:22:13Z
2026-07-30T23:20:14Z,2026-07-31T01:20:14+0200,3d9904ea-ea5b-47d7-bdee-8f06b37d7caf,2026-07-23T19:00:00Z,2026-07-23T21:00:00+0200,10450.136,MW,NL,NL,actual_load,Actual Load,2026-07-30T23:22:13Z
2026-07-30T23:20:14Z,2026-07-31T01:20:14+0200,3d9904ea-ea5b-47d7-bdee-8f06b37d7caf,2026-07-23T19:15:00Z,2026-07-23T21:15:00+0200,10707.066,MW,NL,NL,actual_load,Actual Load,2026-07-30T23:22:13Z
2026-07-30T23:20:14Z,2026-07-31T01:20:14+0200,3d9904ea-ea5b-47d7-bdee-8f06b37d7caf,2026-07-23T19:30:00Z,2026-07-23T21:30:00+0200,10899.966,MW,NL,NL,actual_load,Actual Load,2026-07-30T23:22:13Z
2026-07-30T23:20:14Z,2026-07-31T01:20:14+0200,3d9904ea-ea5b-47d7-bdee-8f06b37d7caf,2026-07-23T19:45:00Z,2026-07-23T21:45:00+0200,10788.366,MW,NL,NL,actual_load,Actual Load,2026-07-30T23:22:13Z
2026-07-30T23:20:14Z,2026-07-31T01:20:14+0200,3d9904ea-ea5b-47d7-bdee-8f06b37d7caf,2026-07-23T20:00:00Z,2026-07-23T22:00:00+0200,10987.126,MW,NL,NL,actual_load,Actual Load,2026-07-30T23:22:13Z
2026-07-30T23:20:14Z,2026-07-31T01:20:14+0200,3d9904ea-ea5b-47d7-bdee-8f06b37d7caf,2026-07-23T20:15:00Z,2026-07-23T22:15:00+0200,11101.246,MW,NL,NL,actual_load,Actual Load,2026-07-30T23:22:13Z
2026-07-30T23:20:14Z,2026-07-31T01:20:14+0200,3d9904ea-ea5b-47d7-bdee-8f06b37d7caf,2026-07-23T20:30:00Z,2026-07-23T22:30:00+0200,10973.506,MW,NL,NL,actual_load,Actual Load,2026-07-30T23:22:13Z
2026-07-30T23:20:14Z,2026-07-31T01:20:14+0200,3d9904ea-ea5b-47d7-bdee-8f06b37d7caf,2026-07-23T20:45:00Z,2026-07-23T22:45:00+0200,10909.726,MW,NL,NL,actual_load,Actual Load,2026-07-30T23:22:13Z
2026-07-30T23:20:14Z,2026-07-31T01:20:14+0200,3d9904ea-ea5b-47d7-bdee-8f06b37d7caf,2026-07-23T21:00:00Z,2026-07-23T23:00:00+0200,10966.186,MW,NL,NL,actual_load,Actual Load,2026-07-30T23:22:13Z
2026-07-30T23:20:14Z,2026-07-31T01:20:14+0200,3d9904ea-ea5b-47d7-bdee-8f06b37d7caf,2026-07-23T21:15:00Z,2026-07-23T23:15:00+0200,11027.146,MW,NL,NL,actual_load,Actual Load,2026-07-30T23:22:13Z
2026-07-30T23:20:14Z,2026-07-31T01:20:14+0200,3d9904ea-ea5b-47d7-bdee-8f06b37d7caf,2026-07-23T21:30:00Z,2026-07-23T23:30:00+0200,11058.116,MW,NL,NL,actual_load,Actual Load,2026-07-30T23:22:13Z
2026-07-30T23:20:14Z,2026-07-31T01:20:14+0200,3d9904ea-ea5b-47d7-bdee-8f06b37d7caf,2026-07-23T21:45:00Z,2026-07-23T23:45:00+0200,10981.626,MW,NL,NL,actual_load,Actual Load,2026-07-30T23:22:13Z
2026-07-30T23:20:14Z,2026-07-31T01:20:14+0200,3d9904ea-ea5b-47d7-bdee-8f06b37d7caf,2026-07-23T22:00:00Z,2026-07-24T00:00:00+0200,10828.766,MW,NL,NL,actual_load,Actual Load,2026-07-30T23:22:13Z
2026-07-30T23:20:14Z,2026-07-31T01:20:14+0200,3d9904ea-ea5b-47d7-bdee-8f06b37d7caf,2026-07-23T22:15:00Z,2026-07-24T00:15:00+0200,10940.936,MW,NL,NL,actual_load,Actual Load,2026-07-30T23:22:13Z
2026-07-30T23:20:14Z,2026-07-31T01:20:14+0200,3d9904ea-ea5b-47d7-bdee-8f06b37d7caf,2026-07-23T22:30:00Z,2026-07-24T00:30:00+0200,10966.996,MW,NL,NL,actual_load,Actual Load,2026-07-30T23:22:13Z
2026-07-30T23:20:14Z,2026-07-31T01:20:14+0200,3d9904ea-ea5b-47d7-bdee-8f06b37d7caf,2026-07-23T22:45:00Z,2026-07-24T00:45:00+0200,10776.666,MW,NL,NL,actual_load,Actual Load,2026-07-30T23:22:13Z
2026-07-30T23:20:14Z,2026-07-31T01:20:14+0200,3d9904ea-ea5b-47d7-bdee-8f06b37d7caf,2026-07-23T23:00:00Z,2026-07-24T01:00:00+0200,10835.576,MW,NL,NL,actual_load,Actual Load,2026-07-30T23:22:13Z
2026-07-30T23:20:14Z,2026-07-31T01:20:14+0200,3d9904ea-ea5b-47d7-bdee-8f06b37d7caf,2026-07-23T23:15:00Z,2026-07-24T01:15:00+0200,10776.736,MW,NL,NL,actual_load,Actual Load,2026-07-30T23:22:13Z
2026-07-30T23:20:14Z,2026-07-31T01:20:14+0200,3d9904ea-ea5b-47d7-bdee-8f06b37d7caf,2026-07-23T23:30:00Z,2026-07-24T01:30:00+0200,10706.516,MW,NL,NL,actual_load,Actual Load,2026-07-30T23:22:13Z
2026-07-30T23:20:14Z,2026-07-31T01:20:14+0200,3d9904ea-ea5b-47d7-bdee-8f06b37d7caf,2026-07-23T23:45:00Z,2026-07-24T01:45:00+0200,10688.856,MW,NL,NL,actual_load,Actual Load,2026-07-30T23:22:13Z
2026-07-30T23:20:14Z,2026-07-31T01:20:14+0200,3d9904ea-ea5b-47d7-bdee-8f06b37d7caf,2026-07-24T00:00:00Z,2026-07-24T02:00:00+0200,10707.216,MW,NL,NL,actual_load,Actual Load,2026-07-30T23:22:13Z
2026-07-30T23:20:14Z,2026-07-31T01:20:14+0200,3d9904ea-ea5b-47d7-bdee-8f06b37d7caf,2026-07-24T00:15:00Z,2026-07-24T02:15:00+0200,10693.416,MW,NL,NL,actual_load,Actual Load,2026-07-30T23:22:13Z
2026-07-30T23:20:14Z,2026-07-31T01:20:14+0200,3d9904ea-ea5b-47d7-bdee-8f06b37d7caf,2026-07-24T00:30:00Z,2026-07-24T02:30:00+0200,10621.416,MW,NL,NL,actual_load,Actual Load,2026-07-30T23:22:13Z
2026-07-30T23:20:14Z,2026-07-31T01:20:14+0200,3d9904ea-ea5b-47d7-bdee-8f06b37d7caf,2026-07-24T00:45:00Z,2026-07-24T02:45:00+0200,10590.926,MW,NL,NL,actual_load,Actual Load,2026-07-30T23:22:13Z
2026-07-30T23:20:14Z,2026-07-31T01:20:14+0200,3d9904ea-ea5b-47d7-bdee-8f06b37d7caf,2026-07-24T01:00:00Z,2026-07-24T03:00:00+0200,10691.696,MW,NL,NL,actual_load,Actual Load,2026-07-30T23:22:13Z
2026-07-30T23:20:14Z,2026-07-31T01:20:14+0200,3d9904ea-ea5b-47d7-bdee-8f06b37d7caf,2026-07-24T01:15:00Z,2026-07-24T03:15:00+0200,10641.326,MW,NL,NL,actual_load,Actual Load,2026-07-30T23:22:13Z
2026-07-30T23:20:14Z,2026-07-31T01:20:14+0200,3d9904ea-ea5b-47d7-bdee-8f06b37d7caf,2026-07-24T01:30:00Z,2026-07-24T03:30:00+0200,10503.596,MW,NL,NL,actual_load,Actual Load,2026-07-30T23:22:13Z
2026-07-30T23:20:14Z,2026-07-31T01:20:14+0200,3d9904ea-ea5b-47d7-bdee-8f06b37d7caf,2026-07-24T01:45:00Z,2026-07-24T03:45:00+0200,10537.946,MW,NL,NL,actual_load,Actual Load,2026-07-30T23:22:13Z
2026-07-30T23:20:14Z,2026-07-31T01:20:14+0200,3d9904ea-ea5b-47d7-bdee-8f06b37d7caf,2026-07-24T02:00:00Z,2026-07-24T04:00:00+0200,10529.456,MW,NL,NL,actual_load,Actual Load,2026-07-30T23:22:13Z
2026-07-30T23:20:14Z,2026-07-31T01:20:14+0200,3d9904ea-ea5b-47d7-bdee-8f06b37d7caf,2026-07-24T02:15:00Z,2026-07-24T04:15:00+0200,10461.696,MW,NL,NL,actual_load,Actual Load,2026-07-30T23:22:13Z
2026-07-30T23:20:14Z,2026-07-31T01:20:14+0200,3d9904ea-ea5b-47d7-bdee-8f06b37d7caf,2026-07-24T02:30:00Z,2026-07-24T04:30:00+0200,10431.416,MW,NL,NL,actual_load,Actual Load,2026-07-30T23:22:13Z
2026-07-30T23:20:14Z,2026-07-31T01:20:14+0200,3d9904ea-ea5b-47d7-bdee-8f06b37d7caf,2026-07-24T02:45:00Z,2026-07-24T04:45:00+0200,10322.486,MW,NL,NL,actual_load,Actual Load,2026-07-30T23:22:13Z
2026-07-30T23:20:14Z,2026-07-31T01:20:14+0200,3d9904ea-ea5b-47d7-bdee-8f06b37d7caf,2026-07-24T03:00:00Z,2026-07-24T05:00:00+0200,10267.366,MW,NL,NL,actual_load,Actual Load,2026-07-30T23:22:13Z
2026-07-30T23:20:14Z,2026-07-31T01:20:14+0200,3d9904ea-ea5b-47d7-bdee-8f06b37d7caf,2026-07-24T03:15:00Z,2026-07-24T05:15:00+0200,10138.116,MW,NL,NL,actual_load,Actual Load,2026-07-30T23:22:13Z
2026-07-30T23:20:14Z,2026-07-31T01:20:14+0200,3d9904ea-ea5b-47d7-bdee-8f06b37d7caf,2026-07-24T03:30:00Z,2026-07-24T05:30:00+0200,10026.206,MW,NL,NL,actual_load,Actual Load,2026-07-30T23:22:13Z
2026-07-30T23:20:14Z,2026-07-31T01:20:14+0200,3d9904ea-ea5b-47d7-bdee-8f06b37d7caf,2026-07-24T03:45:00Z,2026-07-24T05:45:00+0200,10188.646,MW,NL,NL,actual_load,Actual Load,2026-07-30T23:22:13Z
2026-07-30T23:20:14Z,2026-07-31T01:20:14+0200,3d9904ea-ea5b-47d7-bdee-8f06b37d7caf,2026-07-24T04:00:00Z,2026-07-24T06:00:00+0200,10294.456,MW,NL,NL,actual_load,Actual Load,2026-07-30T23:22:13Z
2026-07-30T23:20:14Z,2026-07-31T01:20:14+0200,3d9904ea-ea5b-47d7-bdee-8f06b37d7caf,2026-07-24T04:15:00Z,2026-07-24T06:15:00+0200,10290.566,MW,NL,NL,actual_load,Actual Load,2026-07-30T23:22:13Z
2026-07-30T23:20:14Z,2026-07-31T01:20:14+0200,3d9904ea-ea5b-47d7-bdee-8f06b37d7caf,2026-07-24T04:30:00Z,2026-07-24T06:30:00+0200,10206.886,MW,NL,NL,actual_load,Actual Load,2026-07-30T23:22:13Z
2026-07-30T23:20:14Z,2026-07-31T01:20:14+0200,3d9904ea-ea5b-47d7-bdee-8f06b37d7caf,2026-07-24T04:45:00Z,2026-07-24T06:45:00+0200,10222.266,MW,NL,NL,actual_load,Actual Load,2026-07-30T23:22:13Z
2026-07-30T23:20:14Z,2026-07-31T01:20:14+0200,3d9904ea-ea5b-47d7-bdee-8f06b37d7caf,2026-07-24T05:00:00Z,2026-07-24T07:00:00+0200,10090.116,MW,NL,NL,actual_load,Actual Load,2026-07-30T23:22:13Z
2026-07-30T23:20:14Z,2026-07-31T01:20:14+0200,3d9904ea-ea5b-47d7-bdee-8f06b37d7caf,2026-07-24T05:15:00Z,2026-07-24T07:15:00+0200,9750.626,MW,NL,NL,actual_load,Actual Load,2026-07-30T23:22:13Z
2026-07-30T23:20:14Z,2026-07-31T01:20:14+0200,3d9904ea-ea5b-47d7-bdee-8f06b37d7caf,2026-07-24T05:30:00Z,2026-07-24T07:30:00+0200,9979.716,MW,NL,NL,actual_load,Actual Load,2026-07-30T23:22:13Z
2026-07-30T23:20:14Z,2026-07-31T01:20:14+0200,3d9904ea-ea5b-47d7-bdee-8f06b37d7caf,2026-07-24T05:45:00Z,2026-07-24T07:45:00+0200,10015.406,MW,NL,NL,actual_load,Actual Load,2026-07-30T23:22:13Z
2026-07-30T23:20:14Z,2026-07-31T01:20:14+0200,3d9904ea-ea5b-47d7-bdee-8f06b37d7caf,2026-07-24T06:00:00Z,2026-07-24T08:00:00+0200,9982.566,MW,NL,NL,actual_load,Actual Load,2026-07-30T23:22:13Z
2026-07-30T23:20:14Z,2026-07-31T01:20:14+0200,3d9904ea-ea5b-47d7-bdee-8f06b37d7caf,2026-07-24T06:15:00Z,2026-07-24T08:15:00+0200,9762.586,MW,NL,NL,actual_load,Actual Load,2026-07-30T23:22:13Z
2026-07-30T23:20:14Z,2026-07-31T01:20:14+0200,3d9904ea-ea5b-47d7-bdee-8f06b37d7caf,2026-07-24T06:30:00Z,2026-07-24T08:30:00+0200,9592.136,MW,NL,NL,actual_load,Actual Load,2026-07-30T23:22:13Z
2026-07-30T23:20:14Z,2026-07-31T01:20:14+0200,3d9904ea-ea5b-47d7-bdee-8f06b37d7caf,2026-07-24T06:45:00Z,2026-07-24T08:45:00+0200,9573.116,MW,NL,NL,actual_load,Actual Load,2026-07-30T23:22:13Z
2026-07-30T23:20:14Z,2026-07-31T01:20:14+0200,3d9904ea-ea5b-47d7-bdee-8f06b37d7caf,2026-07-24T07:00:00Z,2026-07-24T09:00:00+0200,9470.496,MW,NL,NL,actual_load,Actual Load,2026-07-30T23:22:13Z
2026-07-30T23:20:14Z,2026-07-31T01:20:14+0200,3d9904ea-ea5b-47d7-bdee-8f06b37d7caf,2026-07-24T07:15:00Z,2026-07-24T09:15:00+0200,9337.226,MW,NL,NL,actual_load,Actual Load,2026-07-30T23:22:13Z
2026-07-30T23:20:14Z,2026-07-31T01:20:14+0200,3d9904ea-ea5b-47d7-bdee-8f06b37d7caf,2026-07-24T07:30:00Z,2026-07-24T09:30:00+0200,9213.626,MW,NL,NL,actual_load,Actual Load,2026-07-30T23:22:13Z
2026-07-30T23:20:14Z,2026-07-31T01:20:14+0200,3d9904ea-ea5b-47d7-bdee-8f06b37d7caf,2026-07-24T07:45:00Z,2026-07-24T09:45:00+0200,8947.616,MW,NL,NL,actual_load,Actual Load,2026-07-30T23:22:13Z
2026-07-30T23:20:14Z,2026-07-31T01:20:14+0200,3d9904ea-ea5b-47d7-bdee-8f06b37d7caf,2026-07-24T08:00:00Z,2026-07-24T10:00:00+0200,8819.456,MW,NL,NL,actual_load,Actual Load,2026-07-30T23:22:13Z
2026-07-30T23:20:14Z,2026-07-31T01:20:14+0200,3d9904ea-ea5b-47d7-bdee-8f06b37d7caf,2026-07-24T08:15:00Z,2026-07-24T10:15:00+0200,8336.256,MW,NL,NL,actual_load,Actual Load,2026-07-30T23:22:13Z
2026-07-30T23:20:14Z,2026-07-31T01:20:14+0200,3d9904ea-ea5b-47d7-bdee-8f06b37d7caf,2026-07-24T08:30:00Z,2026-07-24T10:30:00+0200,8067.866,MW,NL,NL,actual_load,Actual Load,2026-07-30T23:22:13Z
2026-07-30T23:20:14Z,2026-07-31T01:20:14+0200,3d9904ea-ea5b-47d7-bdee-8f06b37d7caf,2026-07-24T08:45:00Z,2026-07-24T10:45:00+0200,8009.726,MW,NL,NL,actual_load,Actual Load,2026-07-30T23:22:13Z
2026-07-30T23:20:14Z,2026-07-31T01:20:14+0200,3d9904ea-ea5b-47d7-bdee-8f06b37d7caf,2026-07-24T09:00:00Z,2026-07-24T11:00:00+0200,7778.486,MW,NL,NL,actual_load,Actual Load,2026-07-30T23:22:13Z
2026-07-30T23:20:14Z,2026-07-31T01:20:14+0200,3d9904ea-ea5b-47d7-bdee-8f06b37d7caf,2026-07-24T09:15:00Z,2026-07-24T11:15:00+0200,7558.936,MW,NL,NL,actual_load,Actual Load,2026-07-30T23:22:13Z
2026-07-30T23:20:14Z,2026-07-31T01:20:14+0200,3d9904ea-ea5b-47d7-bdee-8f06b37d7caf,2026-07-24T09:30:00Z,2026-07-24T11:30:00+0200,7435.846,MW,NL,NL,actual_load,Actual Load,2026-07-30T23:22:13Z
2026-07-30T23:20:14Z,2026-07-31T01:20:14+0200,3d9904ea-ea5b-47d7-bdee-8f06b37d7caf,2026-07-24T09:45:00Z,2026-07-24T11:45:00+0200,7223.776,MW,NL,NL,actual_load,Actual Load,2026-07-30T23:22:13Z
2026-07-30T23:20:14Z,2026-07-31T01:20:14+0200,3d9904ea-ea5b-47d7-bdee-8f06b37d7caf,2026-07-24T10:00:00Z,2026-07-24T12:00:00+0200,7126.506,MW,NL,NL,actual_load,Actual Load,2026-07-30T23:22:13Z
2026-07-30T23:20:14Z,2026-07-31T01:20:14+0200,3d9904ea-ea5b-47d7-bdee-8f06b37d7caf,2026-07-24T10:15:00Z,2026-07-24T12:15:00+0200,6725.586,MW,NL,NL,actual_load,Actual Load,2026-07-30T23:22:13Z
2026-07-30T23:20:14Z,2026-07-31T01:20:14+0200,3d9904ea-ea5b-47d7-bdee-8f06b37d7caf,2026-07-24T10:30:00Z,2026-07-24T12:30:00+0200,6403.636,MW,NL,NL,actual_load,Actual Load,2026-07-30T23:22:13Z
2026-07-30T23:20:14Z,2026-07-31T01:20:14+0200,3d9904ea-ea5b-47d7-bdee-8f06b37d7caf,2026-07-24T10:45:00Z,2026-07-24T12:45:00+0200,6184.796,MW,NL,NL,actual_load,Actual Load,2026-07-30T23:22:13Z
2026-07-30T23:20:14Z,2026-07-31T01:20:14+0200,3d9904ea-ea5b-47d7-bdee-8f06b37d7caf,2026-07-24T11:00:00Z,2026-07-24T13:00:00+0200,6097.776,MW,NL,NL,actual_load,Actual Load,2026-07-30T23:22:13Z
2026-07-30T23:20:14Z,2026-07-31T01:20:14+0200,3d9904ea-ea5b-47d7-bdee-8f06b37d7caf,2026-07-24T11:15:00Z,2026-07-24T13:15:00+0200,6021.016,MW,NL,NL,actual_load,Actual Load,2026-07-30T23:22:13Z
2026-07-30T23:20:14Z,2026-07-31T01:20:14+0200,3d9904ea-ea5b-47d7-bdee-8f06b37d7caf,2026-07-24T11:30:00Z,2026-07-24T13:30:00+0200,6000.056,MW,NL,NL,actual_load,Actual Load,2026-07-30T23:22:13Z
2026-07-30T23:20:14Z,2026-07-31T01:20:14+0200,3d9904ea-ea5b-47d7-bdee-8f06b37d7caf,2026-07-24T11:45:00Z,2026-07-24T13:45:00+0200,5866.856,MW,NL,NL,actual_load,Actual Load,2026-07-30T23:22:13Z
2026-07-30T23:20:14Z,2026-07-31T01:20:14+0200,3d9904ea-ea5b-47d7-bdee-8f06b37d7caf,2026-07-24T12:00:00Z,2026-07-24T14:00:00+0200,5546.126,MW,NL,NL,actual_load,Actual Load,2026-07-30T23:22:13Z
2026-07-30T23:20:14Z,2026-07-31T01:20:14+0200,3d9904ea-ea5b-47d7-bdee-8f06b37d7caf,2026-07-24T12:15:00Z,2026-07-24T14:15:00+0200,5158.916,MW,NL,NL,actual_load,Actual Load,2026-07-30T23:22:13Z
2026-07-30T23:20:14Z,2026-07-31T01:20:14+0200,3d9904ea-ea5b-47d7-bdee-8f06b37d7caf,2026-07-24T12:30:00Z,2026-07-24T14:30:00+0200,5022.466,MW,NL,NL,actual_load,Actual Load,2026-07-30T23:22:13Z
2026-07-30T23:20:14Z,2026-07-31T01:20:14+0200,3d9904ea-ea5b-47d7-bdee-8f06b37d7caf,2026-07-24T12:45:00Z,2026-07-24T14:45:00+0200,4885.276,MW,NL,NL,actual_load,Actual Load,2026-07-30T23:22:13Z
2026-07-30T23:20:14Z,2026-07-31T01:20:14+0200,3d9904ea-ea5b-47d7-bdee-8f06b37d7caf,2026-07-24T13:00:00Z,2026-07-24T15:00:00+0200,4774.406,MW,NL,NL,actual_load,Actual Load,2026-07-30T23:22:13Z
2026-07-30T23:20:14Z,2026-07-31T01:20:14+0200,3d9904ea-ea5b-47d7-bdee-8f06b37d7caf,2026-07-24T13:15:00Z,2026-07-24T15:15:00+0200,4709.856,MW,NL,NL,actual_load,Actual Load,2026-07-30T23:22:13Z
2026-07-30T23:20:14Z,2026-07-31T01:20:14+0200,3d9904ea-ea5b-47d7-bdee-8f06b37d7caf,2026-07-24T13:30:00Z,2026-07-24T15:30:00+0200,4632.783,MW,NL,NL,actual_load,Actual Load,2026-07-30T23:22:13Z
2026-07-30T23:20:14Z,2026-07-31T01:20:14+0200,3d9904ea-ea5b-47d7-bdee-8f06b37d7caf,2026-07-24T13:45:00Z,2026-07-24T15:45:00+0200,4636.542,MW,NL,NL,actual_load,Actual Load,2026-07-30T23:22:13Z
2026-07-30T23:20:14Z,2026-07-31T01:20:14+0200,3d9904ea-ea5b-47d7-bdee-8f06b37d7caf,2026-07-24T14:00:00Z,2026-07-24T16:00:00+0200,4519.822,MW,NL,NL,actual_load,Actual Load,2026-07-30T23:22:13Z
2026-07-30T23:20:14Z,2026-07-31T01:20:14+0200,3d9904ea-ea5b-47d7-bdee-8f06b37d7caf,2026-07-24T14:15:00Z,2026-07-24T16:15:00+0200,4643.016,MW,NL,NL,actual_load,Actual Load,2026-07-30T23:22:13Z
2026-07-30T23:20:14Z,2026-07-31T01:20:14+0200,3d9904ea-ea5b-47d7-bdee-8f06b37d7caf,2026-07-24T14:30:00Z,2026-07-24T16:30:00+0200,4634.799,MW,NL,NL,actual_load,Actual Load,2026-07-30T23:22:13Z
2026-07-30T23:20:14Z,2026-07-31T01:20:14+0200,3d9904ea-ea5b-47d7-bdee-8f06b37d7caf,2026-07-24T14:45:00Z,2026-07-24T16:45:00+0200,4704.876,MW,NL,NL,actual_load,Actual Load,2026-07-30T23:22:13Z
2026-07-30T23:20:14Z,2026-07-31T01:20:14+0200,3d9904ea-ea5b-47d7-bdee-8f06b37d7caf,2026-07-24T15:00:00Z,2026-07-24T17:00:00+0200,4891.466,MW,NL,NL,actual_load,Actual Load,2026-07-30T23:22:13Z
2026-07-30T23:20:14Z,2026-07-31T01:20:14+0200,3d9904ea-ea5b-47d7-bdee-8f06b37d7caf,2026-07-24T15:15:00Z,2026-07-24T17:15:00+0200,5253.176,MW,NL,NL,actual_load,Actual Load,2026-07-30T23:22:13Z
2026-07-30T23:20:14Z,2026-07-31T01:20:14+0200,3d9904ea-ea5b-47d7-bdee-8f06b37d7caf,2026-07-24T15:30:00Z,2026-07-24T17:30:00+0200,5644.706,MW,NL,NL,actual_load,Actual Load,2026-07-30T23:22:13Z
2026-07-30T23:20:14Z,2026-07-31T01:20:14+0200,3d9904ea-ea5b-47d7-bdee-8f06b37d7caf,2026-07-24T15:45:00Z,2026-07-24T17:45:00+0200,6089.016,MW,NL,NL,actual_load,Actual Load,2026-07-30T23:22:13Z
2026-07-30T23:20:14Z,2026-07-31T01:20:14+0200,3d9904ea-ea5b-47d7-bdee-8f06b37d7caf,2026-07-24T16:00:00Z,2026-07-24T18:00:00+0200,6321.576,MW,NL,NL,actual_load,Actual Load,2026-07-30T23:22:13Z
2026-07-30T23:20:14Z,2026-07-31T01:20:14+0200,3d9904ea-ea5b-47d7-bdee-8f06b37d7caf,2026-07-24T16:15:00Z,2026-07-24T18:15:00+0200,6885.046,MW,NL,NL,actual_load,Actual Load,2026-07-30T23:22:13Z
2026-07-30T23:20:14Z,2026-07-31T01:20:14+0200,3d9904ea-ea5b-47d7-bdee-8f06b37d7caf,2026-07-24T16:30:00Z,2026-07-24T18:30:00+0200,7310.526,MW,NL,NL,actual_load,Actual Load,2026-07-30T23:22:13Z
2026-07-30T23:20:14Z,2026-07-31T01:20:14+0200,3d9904ea-ea5b-47d7-bdee-8f06b37d7caf,2026-07-24T16:45:00Z,2026-07-24T18:45:00+0200,7571.306,MW,NL,NL,actual_load,Actual Load,2026-07-30T23:22:13Z
2026-07-30T23:20:14Z,2026-07-31T01:20:14+0200,3d9904ea-ea5b-47d7-bdee-8f06b37d7caf,2026-07-24T17:00:00Z,2026-07-24T19:00:00+0200,7880.326,MW,NL,NL,actual_load,Actual Load,2026-07-30T23:22:13Z
2026-07-30T23:20:14Z,2026-07-31T01:20:14+0200,3d9904ea-ea5b-47d7-bdee-8f06b37d7caf,2026-07-24T17:15:00Z,2026-07-24T19:15:00+0200,8385.716,MW,NL,NL,actual_load,Actual Load,2026-07-30T23:22:13Z
2026-07-30T23:20:14Z,2026-07-31T01:20:14+0200,3d9904ea-ea5b-47d7-bdee-8f06b37d7caf,2026-07-24T17:30:00Z,2026-07-24T19:30:00+0200,8748.486,MW,NL,NL,actual_load,Actual Load,2026-07-30T23:22:13Z
2026-07-30T23:20:14Z,2026-07-31T01:20:14+0200,3d9904ea-ea5b-47d7-bdee-8f06b37d7caf,2026-07-24T17:45:00Z,2026-07-24T19:45:00+0200,9044.716,MW,NL,NL,actual_load,Actual Load,2026-07-30T23:22:13Z
2026-07-30T23:20:14Z,2026-07-31T01:20:14+0200,3d9904ea-ea5b-47d7-bdee-8f06b37d7caf,2026-07-24T18:00:00Z,2026-07-24T20:00:00+0200,9129.266,MW,NL,NL,actual_load,Actual Load,2026-07-30T23:22:13Z
2026-07-30T23:20:14Z,2026-07-31T01:20:14+0200,3d9904ea-ea5b-47d7-bdee-8f06b37d7caf,2026-07-24T18:15:00Z,2026-07-24T20:15:00+0200,9633.746,MW,NL,NL,actual_load,Actual Load,2026-07-30T23:22:13Z
2026-07-30T23:20:14Z,2026-07-31T01:20:14+0200,3d9904ea-ea5b-47d7-bdee-8f06b37d7caf,2026-07-24T18:30:00Z,2026-07-24T20:30:00+0200,9991.976,MW,NL,NL,actual_load,Actual Load,2026-07-30T23:22:13Z
2026-07-30T23:20:14Z,2026-07-31T01:20:14+0200,3d9904ea-ea5b-47d7-bdee-8f06b37d7caf,2026-07-24T18:45:00Z,2026-07-24T20:45:00+0200,10172.466,MW,NL,NL,actual_load,Actual Load,2026-07-30T23:22:13Z
2026-07-30T23:20:14Z,2026-07-31T01:20:14+0200,3d9904ea-ea5b-47d7-bdee-8f06b37d7caf,2026-07-24T19:00:00Z,2026-07-24T21:00:00+0200,10419.876,MW,NL,NL,actual_load,Actual Load,2026-07-30T23:22:13Z
2026-07-30T23:20:14Z,2026-07-31T01:20:14+0200,3d9904ea-ea5b-47d7-bdee-8f06b37d7caf,2026-07-24T19:15:00Z,2026-07-24T21:15:00+0200,10773.936,MW,NL,NL,actual_load,Actual Load,2026-07-30T23:22:13Z
2026-07-30T23:20:14Z,2026-07-31T01:20:14+0200,3d9904ea-ea5b-47d7-bdee-8f06b37d7caf,2026-07-24T19:30:00Z,2026-07-24T21:30:00+0200,10894.616,MW,NL,NL,actual_load,Actual Load,2026-07-30T23:22:13Z
2026-07-30T23:20:14Z,2026-07-31T01:20:14+0200,3d9904ea-ea5b-47d7-bdee-8f06b37d7caf,2026-07-24T19:45:00Z,2026-07-24T21:45:00+0200,11076.076,MW,NL,NL,actual_load,Actual Load,2026-07-30T23:22:13Z
2026-07-30T23:20:14Z,2026-07-31T01:20:14+0200,3d9904ea-ea5b-47d7-bdee-8f06b37d7caf,2026-07-24T20:00:00Z,2026-07-24T22:00:00+0200,11162.416,MW,NL,NL,actual_load,Actual Load,2026-07-30T23:22:13Z
2026-07-30T23:20:14Z,2026-07-31T01:20:14+0200,3d9904ea-ea5b-47d7-bdee-8f06b37d7caf,2026-07-24T20:15:00Z,2026-07-24T22:15:00+0200,10820.246,MW,NL,NL,actual_load,Actual Load,2026-07-30T23:22:13Z
2026-07-30T23:20:14Z,2026-07-31T01:20:14+0200,3d9904ea-ea5b-47d7-bdee-8f06b37d7caf,2026-07-24T20:30:00Z,2026-07-24T22:30:00+0200,10844.416,MW,NL,NL,actual_load,Actual Load,2026-07-30T23:22:13Z
2026-07-30T23:20:14Z,2026-07-31T01:20:14+0200,3d9904ea-ea5b-47d7-bdee-8f06b37d7caf,2026-07-24T20:45:00Z,2026-07-24T22:45:00+0200,10888.456,MW,NL,NL,actual_load,Actual Load,2026-07-30T23:22:13Z
2026-07-30T23:20:14Z,2026-07-31T01:20:14+0200,3d9904ea-ea5b-47d7-bdee-8f06b37d7caf,2026-07-24T21:00:00Z,2026-07-24T23:00:00+0200,10726.686,MW,NL,NL,actual_load,Actual Load,2026-07-30T23:22:13Z
2026-07-30T23:20:14Z,2026-07-31T01:20:14+0200,3d9904ea-ea5b-47d7-bdee-8f06b37d7caf,2026-07-24T21:15:00Z,2026-07-24T23:15:00+0200,10818.346,MW,NL,NL,actual_load,Actual Load,2026-07-30T23:22:13Z
2026-07-30T23:20:14Z,2026-07-31T01:20:14+0200,3d9904ea-ea5b-47d7-bdee-8f06b37d7caf,2026-07-24T21:30:00Z,2026-07-24T23:30:00+0200,10851.186,MW,NL,NL,actual_load,Actual Load,2026-07-30T23:22:13Z
2026-07-30T23:20:14Z,2026-07-31T01:20:14+0200,3d9904ea-ea5b-47d7-bdee-8f06b37d7caf,2026-07-24T21:45:00Z,2026-07-24T23:45:00+0200,10676.796,MW,NL,NL,actual_load,Actual Load,2026-07-30T23:22:13Z
2026-07-30T23:20:14Z,2026-07-31T01:20:14+0200,3d9904ea-ea5b-47d7-bdee-8f06b37d7caf,2026-07-24T22:00:00Z,2026-07-25T00:00:00+0200,10634.046,MW,NL,NL,actual_load,Actual Load,2026-07-30T23:22:13Z
2026-07-30T23:20:14Z,2026-07-31T01:20:14+0200,3d9904ea-ea5b-47d7-bdee-8f06b37d7caf,2026-07-24T22:15:00Z,2026-07-25T00:15:00+0200,10688.596,MW,NL,NL,actual_load,Actual Load,2026-07-30T23:22:13Z
2026-07-30T23:20:14Z,2026-07-31T01:20:14+0200,3d9904ea-ea5b-47d7-bdee-8f06b37d7caf,2026-07-24T22:30:00Z,2026-07-25T00:30:00+0200,10566.786,MW,NL,NL,actual_load,Actual Load,2026-07-30T23:22:13Z
2026-07-30T23:20:14Z,2026-07-31T01:20:14+0200,3d9904ea-ea5b-47d7-bdee-8f06b37d7caf,2026-07-24T22:45:00Z,2026-07-25T00:45:00+0200,10479.626,MW,NL,NL,actual_load,Actual Load,2026-07-30T23:22:13Z
2026-07-30T23:20:14Z,2026-07-31T01:20:14+0200,3d9904ea-ea5b-47d7-bdee-8f06b37d7caf,2026-07-24T23:00:00Z,2026-07-25T01:00:00+0200,10504.736,MW,NL,NL,actual_load,Actual Load,2026-07-30T23:22:13Z
2026-07-30T23:20:14Z,2026-07-31T01:20:14+0200,3d9904ea-ea5b-47d7-bdee-8f06b37d7caf,2026-07-24T23:15:00Z,2026-07-25T01:15:00+0200,10268.036,MW,NL,NL,actual_load,Actual Load,2026-07-30T23:22:13Z
2026-07-30T23:20:14Z,2026-07-31T01:20:14+0200,3d9904ea-ea5b-47d7-bdee-8f06b37d7caf,2026-07-24T23:30:00Z,2026-07-25T01:30:00+0200,10283.846,MW,NL,NL,actual_load,Actual Load,2026-07-30T23:22:13Z
2026-07-30T23:20:14Z,2026-07-31T01:20:14+0200,3d9904ea-ea5b-47d7-bdee-8f06b37d7caf,2026-07-24T23:45:00Z,2026-07-25T01:45:00+0200,10107.266,MW,NL,NL,actual_load,Actual Load,2026-07-30T23:22:13Z
2026-07-30T23:20:14Z,2026-07-31T01:20:14+0200,3d9904ea-ea5b-47d7-bdee-8f06b37d7caf,2026-07-25T00:00:00Z,2026-07-25T02:00:00+0200,10168.716,MW,NL,NL,actual_load,Actual Load,2026-07-30T23:22:13Z
2026-07-30T23:20:14Z,2026-07-31T01:20:14+0200,3d9904ea-ea5b-47d7-bdee-8f06b37d7caf,2026-07-25T00:15:00Z,2026-07-25T02:15:00+0200,10282.606,MW,NL,NL,actual_load,Actual Load,2026-07-30T23:22:13Z
2026-07-30T23:20:14Z,2026-07-31T01:20:14+0200,3d9904ea-ea5b-47d7-bdee-8f06b37d7caf,2026-07-25T00:30:00Z,2026-07-25T02:30:00+0200,10284.536,MW,NL,NL,actual_load,Actual Load,2026-07-30T23:22:13Z
2026-07-30T23:20:14Z,2026-07-31T01:20:14+0200,3d9904ea-ea5b-47d7-bdee-8f06b37d7caf,2026-07-25T00:45:00Z,2026-07-25T02:45:00+0200,10174.916,MW,NL,NL,actual_load,Actual Load,2026-07-30T23:22:13Z
2026-07-30T23:20:14Z,2026-07-31T01:20:14+0200,3d9904ea-ea5b-47d7-bdee-8f06b37d7caf,2026-07-25T01:00:00Z,2026-07-25T03:00:00+0200,10128.686,MW,NL,NL,actual_load,Actual Load,2026-07-30T23:22:13Z
2026-07-30T23:20:14Z,2026-07-31T01:20:14+0200,3d9904ea-ea5b-47d7-bdee-8f06b37d7caf,2026-07-25T01:15:00Z,2026-07-25T03:15:00+0200,10096.376,MW,NL,NL,actual_load,Actual Load,2026-07-30T23:22:13Z
2026-07-30T23:20:14Z,2026-07-31T01:20:14+0200,3d9904ea-ea5b-47d7-bdee-8f06b37d7caf,2026-07-25T01:30:00Z,2026-07-25T03:30:00+0200,10057.116,MW,NL,NL,actual_load,Actual Load,2026-07-30T23:22:13Z
2026-07-30T23:20:14Z,2026-07-31T01:20:14+0200,3d9904ea-ea5b-47d7-bdee-8f06b37d7caf,2026-07-25T01:45:00Z,2026-07-25T03:45:00+0200,10016.676,MW,NL,NL,actual_load,Actual Load,2026-07-30T23:22:13Z
2026-07-30T23:20:14Z,2026-07-31T01:20:14+0200,3d9904ea-ea5b-47d7-bdee-8f06b37d7caf,2026-07-25T02:00:00Z,2026-07-25T04:00:00+0200,9980.996,MW,NL,NL,actual_load,Actual Load,2026-07-30T23:22:13Z
2026-07-30T23:20:14Z,2026-07-31T01:20:14+0200,3d9904ea-ea5b-47d7-bdee-8f06b37d7caf,2026-07-25T02:15:00Z,2026-07-25T04:15:00+0200,10029.576,MW,NL,NL,actual_load,Actual Load,2026-07-30T23:22:13Z
2026-07-30T23:20:14Z,2026-07-31T01:20:14+0200,3d9904ea-ea5b-47d7-bdee-8f06b37d7caf,2026-07-25T02:30:00Z,2026-07-25T04:30:00+0200,10055.856,MW,NL,NL,actual_load,Actual Load,2026-07-30T23:22:13Z
2026-07-30T23:20:14Z,2026-07-31T01:20:14+0200,3d9904ea-ea5b-47d7-bdee-8f06b37d7caf,2026-07-25T02:45:00Z,2026-07-25T04:45:00+0200,10078.916,MW,NL,NL,actual_load,Actual Load,2026-07-30T23:22:13Z
2026-07-30T23:20:14Z,2026-07-31T01:20:14+0200,3d9904ea-ea5b-47d7-bdee-8f06b37d7caf,2026-07-25T03:00:00Z,2026-07-25T05:00:00+0200,10138.046,MW,NL,NL,actual_load,Actual Load,2026-07-30T23:22:13Z
2026-07-30T23:20:14Z,2026-07-31T01:20:14+0200,3d9904ea-ea5b-47d7-bdee-8f06b37d7caf,2026-07-25T03:15:00Z,2026-07-25T05:15:00+0200,10221.586,MW,NL,NL,actual_load,Actual Load,2026-07-30T23:22:13Z
2026-07-30T23:20:14Z,2026-07-31T01:20:14+0200,3d9904ea-ea5b-47d7-bdee-8f06b37d7caf,2026-07-25T03:30:00Z,2026-07-25T05:30:00+0200,10175.726,MW,NL,NL,actual_load,Actual Load,2026-07-30T23:22:13Z
2026-07-30T23:20:14Z,2026-07-31T01:20:14+0200,3d9904ea-ea5b-47d7-bdee-8f06b37d7caf,2026-07-25T03:45:00Z,2026-07-25T05:45:00+0200,10230.606,MW,NL,NL,actual_load,Actual Load,2026-07-30T23:22:13Z
2026-07-30T23:20:14Z,2026-07-31T01:20:14+0200,3d9904ea-ea5b-47d7-bdee-8f06b37d7caf,2026-07-25T04:00:00Z,2026-07-25T06:00:00+0200,10126.046,MW,NL,NL,actual_load,Actual Load,2026-07-30T23:22:13Z
2026-07-30T23:20:14Z,2026-07-31T01:20:14+0200,3d9904ea-ea5b-47d7-bdee-8f06b37d7caf,2026-07-25T04:15:00Z,2026-07-25T06:15:00+0200,9821.726,MW,NL,NL,actual_load,Actual Load,2026-07-30T23:22:13Z
2026-07-30T23:20:14Z,2026-07-31T01:20:14+0200,3d9904ea-ea5b-47d7-bdee-8f06b37d7caf,2026-07-25T04:30:00Z,2026-07-25T06:30:00+0200,9646.726,MW,NL,NL,actual_load,Actual Load,2026-07-30T23:22:13Z
2026-07-30T23:20:14Z,2026-07-31T01:20:14+0200,3d9904ea-ea5b-47d7-bdee-8f06b37d7caf,2026-07-25T04:45:00Z,2026-07-25T06:45:00+0200,9559.466,MW,NL,NL,actual_load,Actual Load,2026-07-30T23:22:13Z
2026-07-30T23:20:14Z,2026-07-31T01:20:14+0200,3d9904ea-ea5b-47d7-bdee-8f06b37d7caf,2026-07-25T05:00:00Z,2026-07-25T07:00:00+0200,9288.346,MW,NL,NL,actual_load,Actual Load,2026-07-30T23:22:13Z
2026-07-30T23:20:14Z,2026-07-31T01:20:14+0200,3d9904ea-ea5b-47d7-bdee-8f06b37d7caf,2026-07-25T05:15:00Z,2026-07-25T07:15:00+0200,8801.986,MW,NL,NL,actual_load,Actual Load,2026-07-30T23:22:13Z
2026-07-30T23:20:14Z,2026-07-31T01:20:14+0200,3d9904ea-ea5b-47d7-bdee-8f06b37d7caf,2026-07-25T05:30:00Z,2026-07-25T07:30:00+0200,8475.176,MW,NL,NL,actual_load,Actual Load,2026-07-30T23:22:13Z
2026-07-30T23:20:14Z,2026-07-31T01:20:14+0200,3d9904ea-ea5b-47d7-bdee-8f06b37d7caf,2026-07-25T05:45:00Z,2026-07-25T07:45:00+0200,8114.656,MW,NL,NL,actual_load,Actual Load,2026-07-30T23:22:13Z
2026-07-30T23:20:14Z,2026-07-31T01:20:14+0200,3d9904ea-ea5b-47d7-bdee-8f06b37d7caf,2026-07-25T06:00:00Z,2026-07-25T08:00:00+0200,7692.006,MW,NL,NL,actual_load,Actual Load,2026-07-30T23:22:13Z
2026-07-30T23:20:14Z,2026-07-31T01:20:14+0200,3d9904ea-ea5b-47d7-bdee-8f06b37d7caf,2026-07-25T06:15:00Z,2026-07-25T08:15:00+0200,7156.906,MW,NL,NL,actual_load,Actual Load,2026-07-30T23:22:13Z
2026-07-30T23:20:14Z,2026-07-31T01:20:14+0200,3d9904ea-ea5b-47d7-bdee-8f06b37d7caf,2026-07-25T06:30:00Z,2026-07-25T08:30:00+0200,6902.416,MW,NL,NL,actual_load,Actual Load,2026-07-30T23:22:13Z
2026-07-30T23:20:14Z,2026-07-31T01:20:14+0200,3d9904ea-ea5b-47d7-bdee-8f06b37d7caf,2026-07-25T06:45:00Z,2026-07-25T08:45:00+0200,6452.346,MW,NL,NL,actual_load,Actual Load,2026-07-30T23:22:13Z
2026-07-30T23:20:14Z,2026-07-31T01:20:14+0200,3d9904ea-ea5b-47d7-bdee-8f06b37d7caf,2026-07-25T07:00:00Z,2026-07-25T09:00:00+0200,5999.006,MW,NL,NL,actual_load,Actual Load,2026-07-30T23:22:13Z
2026-07-30T23:20:14Z,2026-07-31T01:20:14+0200,3d9904ea-ea5b-47d7-bdee-8f06b37d7caf,2026-07-25T07:15:00Z,2026-07-25T09:15:00+0200,5527.896,MW,NL,NL,actual_load,Actual Load,2026-07-30T23:22:13Z
2026-07-30T23:20:14Z,2026-07-31T01:20:14+0200,3d9904ea-ea5b-47d7-bdee-8f06b37d7caf,2026-07-25T07:30:00Z,2026-07-25T09:30:00+0200,5277.136,MW,NL,NL,actual_load,Actual Load,2026-07-30T23:22:13Z
2026-07-30T23:20:14Z,2026-07-31T01:20:14+0200,3d9904ea-ea5b-47d7-bdee-8f06b37d7caf,2026-07-25T07:45:00Z,2026-07-25T09:45:00+0200,4822.456,MW,NL,NL,actual_load,Actual Load,2026-07-30T23:22:13Z
2026-07-30T23:20:14Z,2026-07-31T01:20:14+0200,3d9904ea-ea5b-47d7-bdee-8f06b37d7caf,2026-07-25T08:00:00Z,2026-07-25T10:00:00+0200,4337.576,MW,NL,NL,actual_load,Actual Load,2026-07-30T23:22:13Z
2026-07-30T23:20:14Z,2026-07-31T01:20:14+0200,3d9904ea-ea5b-47d7-bdee-8f06b37d7caf,2026-07-25T08:15:00Z,2026-07-25T10:15:00+0200,3927.832,MW,NL,NL,actual_load,Actual Load,2026-07-30T23:22:13Z
2026-07-30T23:20:14Z,2026-07-31T01:20:14+0200,3d9904ea-ea5b-47d7-bdee-8f06b37d7caf,2026-07-25T08:30:00Z,2026-07-25T10:30:00+0200,4259.675,MW,NL,NL,actual_load,Actual Load,2026-07-30T23:22:13Z
2026-07-30T23:20:14Z,2026-07-31T01:20:14+0200,3d9904ea-ea5b-47d7-bdee-8f06b37d7caf,2026-07-25T08:45:00Z,2026-07-25T10:45:00+0200,3914.239,MW,NL,NL,actual_load,Actual Load,2026-07-30T23:22:13Z
2026-07-30T23:20:14Z,2026-07-31T01:20:14+0200,3d9904ea-ea5b-47d7-bdee-8f06b37d7caf,2026-07-25T09:00:00Z,2026-07-25T11:00:00+0200,3649.563,MW,NL,NL,actual_load,Actual Load,2026-07-30T23:22:13Z
2026-07-30T23:20:14Z,2026-07-31T01:20:14+0200,3d9904ea-ea5b-47d7-bdee-8f06b37d7caf,2026-07-25T09:15:00Z,2026-07-25T11:15:00+0200,3326.237,MW,NL,NL,actual_load,Actual Load,2026-07-30T23:22:13Z
2026-07-30T23:20:14Z,2026-07-31T01:20:14+0200,3d9904ea-ea5b-47d7-bdee-8f06b37d7caf,2026-07-25T09:30:00Z,2026-07-25T11:30:00+0200,2999.333,MW,NL,NL,actual_load,Actual Load,2026-07-30T23:22:13Z
2026-07-30T23:20:14Z,2026-07-31T01:20:14+0200,3d9904ea-ea5b-47d7-bdee-8f06b37d7caf,2026-07-25T09:45:00Z,2026-07-25T11:45:00+0200,2875.843,MW,NL,NL,actual_load,Actual Load,2026-07-30T23:22:13Z
2026-07-30T23:20:14Z,2026-07-31T01:20:14+0200,3d9904ea-ea5b-47d7-bdee-8f06b37d7caf,2026-07-25T10:00:00Z,2026-07-25T12:00:00+0200,2786.147,MW,NL,NL,actual_load,Actual Load,2026-07-30T23:22:13Z
2026-07-30T23:20:14Z,2026-07-31T01:20:14+0200,3d9904ea-ea5b-47d7-bdee-8f06b37d7caf,2026-07-25T10:15:00Z,2026-07-25T12:15:00+0200,2702.016,MW,NL,NL,actual_load,Actual Load,2026-07-30T23:22:13Z
2026-07-30T23:20:14Z,2026-07-31T01:20:14+0200,3d9904ea-ea5b-47d7-bdee-8f06b37d7caf,2026-07-25T10:30:00Z,2026-07-25T12:30:00+0200,2428.186,MW,NL,NL,actual_load,Actual Load,2026-07-30T23:22:13Z
2026-07-30T23:20:14Z,2026-07-31T01:20:14+0200,3d9904ea-ea5b-47d7-bdee-8f06b37d7caf,2026-07-25T10:45:00Z,2026-07-25T12:45:00+0200,2408.066,MW,NL,NL,actual_load,Actual Load,2026-07-30T23:22:13Z
2026-07-30T23:20:14Z,2026-07-31T01:20:14+0200,3d9904ea-ea5b-47d7-bdee-8f06b37d7caf,2026-07-25T11:00:00Z,2026-07-25T13:00:00+0200,2379.956,MW,NL,NL,actual_load,Actual Load,2026-07-30T23:22:13Z
2026-07-30T23:20:14Z,2026-07-31T01:20:14+0200,3d9904ea-ea5b-47d7-bdee-8f06b37d7caf,2026-07-25T11:15:00Z,2026-07-25T13:15:00+0200,2834.674,MW,NL,NL,actual_load,Actual Load,2026-07-30T23:22:13Z
2026-07-30T23:20:14Z,2026-07-31T01:20:14+0200,3d9904ea-ea5b-47d7-bdee-8f06b37d7caf,2026-07-25T11:30:00Z,2026-07-25T13:30:00+0200,3014.551,MW,NL,NL,actual_load,Actual Load,2026-07-30T23:22:13Z
2026-07-30T23:20:14Z,2026-07-31T01:20:14+0200,3d9904ea-ea5b-47d7-bdee-8f06b37d7caf,2026-07-25T11:45:00Z,2026-07-25T13:45:00+0200,3317.898,MW,NL,NL,actual_load,Actual Load,2026-07-30T23:22:13Z
2026-07-30T23:20:14Z,2026-07-31T01:20:14+0200,3d9904ea-ea5b-47d7-bdee-8f06b37d7caf,2026-07-25T12:00:00Z,2026-07-25T14:00:00+0200,3292.326,MW,NL,NL,actual_load,Actual Load,2026-07-30T23:22:13Z
2026-07-30T23:20:14Z,2026-07-31T01:20:14+0200,3d9904ea-ea5b-47d7-bdee-8f06b37d7caf,2026-07-25T12:15:00Z,2026-07-25T14:15:00+0200,3009.324,MW,NL,NL,actual_load,Actual Load,2026-07-30T23:22:13Z
2026-07-30T23:20:14Z,2026-07-31T01:20:14+0200,3d9904ea-ea5b-47d7-bdee-8f06b37d7caf,2026-07-25T12:30:00Z,2026-07-25T14:30:00+0200,3025.739,MW,NL,NL,actual_load,Actual Load,2026-07-30T23:22:13Z
2026-07-30T23:20:14Z,2026-07-31T01:20:14+0200,3d9904ea-ea5b-47d7-bdee-8f06b37d7caf,2026-07-25T12:45:00Z,2026-07-25T14:45:00+0200,2766.857,MW,NL,NL,actual_load,Actual Load,2026-07-30T23:22:13Z
2026-07-30T23:20:14Z,2026-07-31T01:20:14+0200,3d9904ea-ea5b-47d7-bdee-8f06b37d7caf,2026-07-25T13:00:00Z,2026-07-25T15:00:00+0200,2585.016,MW,NL,NL,actual_load,Actual Load,2026-07-30T23:22:13Z
2026-07-30T23:20:14Z,2026-07-31T01:20:14+0200,3d9904ea-ea5b-47d7-bdee-8f06b37d7caf,2026-07-25T13:15:00Z,2026-07-25T15:15:00+0200,2941.267,MW,NL,NL,actual_load,Actual Load,2026-07-30T23:22:13Z
2026-07-30T23:20:14Z,2026-07-31T01:20:14+0200,3d9904ea-ea5b-47d7-bdee-8f06b37d7caf,2026-07-25T13:30:00Z,2026-07-25T15:30:00+0200,2879.859,MW,NL,NL,actual_load,Actual Load,2026-07-30T23:22:13Z
2026-07-30T23:20:14Z,2026-07-31T01:20:14+0200,3d9904ea-ea5b-47d7-bdee-8f06b37d7caf,2026-07-25T13:45:00Z,2026-07-25T15:45:00+0200,2970.117,MW,NL,NL,actual_load,Actual Load,2026-07-30T23:22:13Z
2026-07-30T23:20:14Z,2026-07-31T01:20:14+0200,3d9904ea-ea5b-47d7-bdee-8f06b37d7caf,2026-07-25T14:00:00Z,2026-07-25T16:00:00+0200,2999.928,MW,NL,NL,actual_load,Actual Load,2026-07-30T23:22:13Z
2026-07-30T23:20:14Z,2026-07-31T01:20:14+0200,3d9904ea-ea5b-47d7-bdee-8f06b37d7caf,2026-07-25T14:15:00Z,2026-07-25T16:15:00+0200,3047.026,MW,NL,NL,actual_load,Actual Load,2026-07-30T23:22:13Z
2026-07-30T23:20:14Z,2026-07-31T01:20:14+0200,3d9904ea-ea5b-47d7-bdee-8f06b37d7caf,2026-07-25T14:30:00Z,2026-07-25T16:30:00+0200,3154.301,MW,NL,NL,actual_load,Actual Load,2026-07-30T23:22:13Z
2026-07-30T23:20:14Z,2026-07-31T01:20:14+0200,3d9904ea-ea5b-47d7-bdee-8f06b37d7caf,2026-07-25T14:45:00Z,2026-07-25T16:45:00+0200,3394.673,MW,NL,NL,actual_load,Actual Load,2026-07-30T23:22:13Z
2026-07-30T23:20:14Z,2026-07-31T01:20:14+0200,3d9904ea-ea5b-47d7-bdee-8f06b37d7caf,2026-07-25T15:00:00Z,2026-07-25T17:00:00+0200,3721.992,MW,NL,NL,actual_load,Actual Load,2026-07-30T23:22:13Z
2026-07-30T23:20:14Z,2026-07-31T01:20:14+0200,3d9904ea-ea5b-47d7-bdee-8f06b37d7caf,2026-07-25T15:15:00Z,2026-07-25T17:15:00+0200,4633.607,MW,NL,NL,actual_load,Actual Load,2026-07-30T23:22:13Z
2026-07-30T23:20:14Z,2026-07-31T01:20:14+0200,3d9904ea-ea5b-47d7-bdee-8f06b37d7caf,2026-07-25T15:30:00Z,2026-07-25T17:30:00+0200,4956.996,MW,NL,NL,actual_load,Actual Load,2026-07-30T23:22:13Z
2026-07-30T23:20:14Z,2026-07-31T01:20:14+0200,3d9904ea-ea5b-47d7-bdee-8f06b37d7caf,2026-07-25T15:45:00Z,2026-07-25T17:45:00+0200,5519.096,MW,NL,NL,actual_load,Actual Load,2026-07-30T23:22:13Z
2026-07-30T23:20:14Z,2026-07-31T01:20:14+0200,3d9904ea-ea5b-47d7-bdee-8f06b37d7caf,2026-07-25T16:00:00Z,2026-07-25T18:00:00+0200,6086.176,MW,NL,NL,actual_load,Actual Load,2026-07-30T23:22:13Z
2026-07-30T23:20:14Z,2026-07-31T01:20:14+0200,3d9904ea-ea5b-47d7-bdee-8f06b37d7caf,2026-07-25T16:15:00Z,2026-07-25T18:15:00+0200,6371.706,MW,NL,NL,actual_load,Actual Load,2026-07-30T23:22:13Z
2026-07-30T23:20:14Z,2026-07-31T01:20:14+0200,3d9904ea-ea5b-47d7-bdee-8f06b37d7caf,2026-07-25T16:30:00Z,2026-07-25T18:30:00+0200,6495.106,MW,NL,NL,actual_load,Actual Load,2026-07-30T23:22:13Z
2026-07-30T23:20:14Z,2026-07-31T01:20:14+0200,3d9904ea-ea5b-47d7-bdee-8f06b37d7caf,2026-07-25T16:45:00Z,2026-07-25T18:45:00+0200,6642.116,MW,NL,NL,actual_load,Actual Load,2026-07-30T23:22:13Z
2026-07-30T23:20:14Z,2026-07-31T01:20:14+0200,3d9904ea-ea5b-47d7-bdee-8f06b37d7caf,2026-07-25T17:00:00Z,2026-07-25T19:00:00+0200,7055.366,MW,NL,NL,actual_load,Actual Load,2026-07-30T23:22:13Z
2026-07-30T23:20:14Z,2026-07-31T01:20:14+0200,3d9904ea-ea5b-47d7-bdee-8f06b37d7caf,2026-07-25T17:15:00Z,2026-07-25T19:15:00+0200,7447.096,MW,NL,NL,actual_load,Actual Load,2026-07-30T23:22:13Z
2026-07-30T23:20:14Z,2026-07-31T01:20:14+0200,3d9904ea-ea5b-47d7-bdee-8f06b37d7caf,2026-07-25T17:30:00Z,2026-07-25T19:30:00+0200,7905.186,MW,NL,NL,actual_load,Actual Load,2026-07-30T23:22:13Z
2026-07-30T23:20:14Z,2026-07-31T01:20:14+0200,3d9904ea-ea5b-47d7-bdee-8f06b37d7caf,2026-07-25T17:45:00Z,2026-07-25T19:45:00+0200,8381.076,MW,NL,NL,actual_load,Actual Load,2026-07-30T23:22:13Z
2026-07-30T23:20:14Z,2026-07-31T01:20:14+0200,3d9904ea-ea5b-47d7-bdee-8f06b37d7caf,2026-07-25T18:00:00Z,2026-07-25T20:00:00+0200,8902.206,MW,NL,NL,actual_load,Actual Load,2026-07-30T23:22:13Z
2026-07-30T23:20:14Z,2026-07-31T01:20:14+0200,3d9904ea-ea5b-47d7-bdee-8f06b37d7caf,2026-07-25T18:15:00Z,2026-07-25T20:15:00+0200,9324.686,MW,NL,NL,actual_load,Actual Load,2026-07-30T23:22:13Z
2026-07-30T23:20:14Z,2026-07-31T01:20:14+0200,3d9904ea-ea5b-47d7-bdee-8f06b37d7caf,2026-07-25T18:30:00Z,2026-07-25T20:30:00+0200,9816.586,MW,NL,NL,actual_load,Actual Load,2026-07-30T23:22:13Z
2026-07-30T23:20:14Z,2026-07-31T01:20:14+0200,3d9904ea-ea5b-47d7-bdee-8f06b37d7caf,2026-07-25T18:45:00Z,2026-07-25T20:45:00+0200,10130.996,MW,NL,NL,actual_load,Actual Load,2026-07-30T23:22:13Z
2026-07-30T23:20:14Z,2026-07-31T01:20:14+0200,3d9904ea-ea5b-47d7-bdee-8f06b37d7caf,2026-07-25T19:00:00Z,2026-07-25T21:00:00+0200,10615.586,MW,NL,NL,actual_load,Actual Load,2026-07-30T23:22:13Z
2026-07-30T23:20:14Z,2026-07-31T01:20:14+0200,3d9904ea-ea5b-47d7-bdee-8f06b37d7caf,2026-07-25T19:15:00Z,2026-07-25T21:15:00+0200,10874.686,MW,NL,NL,actual_load,Actual Load,2026-07-30T23:22:13Z
2026-07-30T23:20:14Z,2026-07-31T01:20:14+0200,3d9904ea-ea5b-47d7-bdee-8f06b37d7caf,2026-07-25T19:30:00Z,2026-07-25T21:30:00+0200,11020.926,MW,NL,NL,actual_load,Actual Load,2026-07-30T23:22:13Z
2026-07-30T23:20:14Z,2026-07-31T01:20:14+0200,3d9904ea-ea5b-47d7-bdee-8f06b37d7caf,2026-07-25T19:45:00Z,2026-07-25T21:45:00+0200,11139.606,MW,NL,NL,actual_load,Actual Load,2026-07-30T23:22:13Z
2026-07-30T23:20:14Z,2026-07-31T01:20:14+0200,3d9904ea-ea5b-47d7-bdee-8f06b37d7caf,2026-07-25T20:00:00Z,2026-07-25T22:00:00+0200,11189.416,MW,NL,NL,actual_load,Actual Load,2026-07-30T23:22:13Z
2026-07-30T23:20:14Z,2026-07-31T01:20:14+0200,3d9904ea-ea5b-47d7-bdee-8f06b37d7caf,2026-07-25T20:15:00Z,2026-07-25T22:15:00+0200,10969.726,MW,NL,NL,actual_load,Actual Load,2026-07-30T23:22:13Z
2026-07-30T23:20:14Z,2026-07-31T01:20:14+0200,3d9904ea-ea5b-47d7-bdee-8f06b37d7caf,2026-07-25T20:30:00Z,2026-07-25T22:30:00+0200,10946.946,MW,NL,NL,actual_load,Actual Load,2026-07-30T23:22:13Z
2026-07-30T23:20:14Z,2026-07-31T01:20:14+0200,3d9904ea-ea5b-47d7-bdee-8f06b37d7caf,2026-07-25T20:45:00Z,2026-07-25T22:45:00+0200,10894.936,MW,NL,NL,actual_load,Actual Load,2026-07-30T23:22:13Z
2026-07-30T23:20:14Z,2026-07-31T01:20:14+0200,3d9904ea-ea5b-47d7-bdee-8f06b37d7caf,2026-07-25T21:00:00Z,2026-07-25T23:00:00+0200,10772.946,MW,NL,NL,actual_load,Actual Load,2026-07-30T23:22:13Z
2026-07-30T23:20:14Z,2026-07-31T01:20:14+0200,3d9904ea-ea5b-47d7-bdee-8f06b37d7caf,2026-07-25T21:15:00Z,2026-07-25T23:15:00+0200,10755.386,MW,NL,NL,actual_load,Actual Load,2026-07-30T23:22:13Z
2026-07-30T23:20:14Z,2026-07-31T01:20:14+0200,3d9904ea-ea5b-47d7-bdee-8f06b37d7caf,2026-07-25T21:30:00Z,2026-07-25T23:30:00+0200,10658.006,MW,NL,NL,actual_load,Actual Load,2026-07-30T23:22:13Z
2026-07-30T23:20:14Z,2026-07-31T01:20:14+0200,3d9904ea-ea5b-47d7-bdee-8f06b37d7caf,2026-07-25T21:45:00Z,2026-07-25T23:45:00+0200,10622.656,MW,NL,NL,actual_load,Actual Load,2026-07-30T23:22:13Z
2026-07-30T23:20:14Z,2026-07-31T01:20:14+0200,3d9904ea-ea5b-47d7-bdee-8f06b37d7caf,2026-07-25T22:00:00Z,2026-07-26T00:00:00+0200,10509.666,MW,NL,NL,actual_load,Actual Load,2026-07-30T23:22:13Z
2026-07-30T23:20:14Z,2026-07-31T01:20:14+0200,3d9904ea-ea5b-47d7-bdee-8f06b37d7caf,2026-07-25T22:15:00Z,2026-07-26T00:15:00+0200,10571.976,MW,NL,NL,actual_load,Actual Load,2026-07-30T23:22:13Z
2026-07-30T23:20:14Z,2026-07-31T01:20:14+0200,3d9904ea-ea5b-47d7-bdee-8f06b37d7caf,2026-07-25T22:30:00Z,2026-07-26T00:30:00+0200,10596.746,MW,NL,NL,actual_load,Actual Load,2026-07-30T23:22:13Z
2026-07-30T23:20:14Z,2026-07-31T01:20:14+0200,3d9904ea-ea5b-47d7-bdee-8f06b37d7caf,2026-07-25T22:45:00Z,2026-07-26T00:45:00+0200,10673.706,MW,NL,NL,actual_load,Actual Load,2026-07-30T23:22:13Z
2026-07-30T23:20:14Z,2026-07-31T01:20:14+0200,3d9904ea-ea5b-47d7-bdee-8f06b37d7caf,2026-07-25T23:00:00Z,2026-07-26T01:00:00+0200,10549.956,MW,NL,NL,actual_load,Actual Load,2026-07-30T23:22:13Z
2026-07-30T23:20:14Z,2026-07-31T01:20:14+0200,3d9904ea-ea5b-47d7-bdee-8f06b37d7caf,2026-07-25T23:15:00Z,2026-07-26T01:15:00+0200,10425.886,MW,NL,NL,actual_load,Actual Load,2026-07-30T23:22:13Z
2026-07-30T23:20:14Z,2026-07-31T01:20:14+0200,3d9904ea-ea5b-47d7-bdee-8f06b37d7caf,2026-07-25T23:30:00Z,2026-07-26T01:30:00+0200,10326.376,MW,NL,NL,actual_load,Actual Load,2026-07-30T23:22:13Z
2026-07-30T23:20:14Z,2026-07-31T01:20:14+0200,3d9904ea-ea5b-47d7-bdee-8f06b37d7caf,2026-07-25T23:45:00Z,2026-07-26T01:45:00+0200,10230.216,MW,NL,NL,actual_load,Actual Load,2026-07-30T23:22:13Z
2026-07-30T23:20:14Z,2026-07-31T01:20:14+0200,3d9904ea-ea5b-47d7-bdee-8f06b37d7caf,2026-07-26T00:00:00Z,2026-07-26T02:00:00+0200,10188.036,MW,NL,NL,actual_load,Actual Load,2026-07-30T23:22:13Z
2026-07-30T23:20:14Z,2026-07-31T01:20:14+0200,3d9904ea-ea5b-47d7-bdee-8f06b37d7caf,2026-07-26T00:15:00Z,2026-07-26T02:15:00+0200,10113.596,MW,NL,NL,actual_load,Actual Load,2026-07-30T23:22:13Z
2026-07-30T23:20:14Z,2026-07-31T01:20:14+0200,3d9904ea-ea5b-47d7-bdee-8f06b37d7caf,2026-07-26T00:30:00Z,2026-07-26T02:30:00+0200,10016.976,MW,NL,NL,actual_load,Actual Load,2026-07-30T23:22:13Z
2026-07-30T23:20:14Z,2026-07-31T01:20:14+0200,3d9904ea-ea5b-47d7-bdee-8f06b37d7caf,2026-07-26T00:45:00Z,2026-07-26T02:45:00+0200,9835.006,MW,NL,NL,actual_load,Actual Load,2026-07-30T23:22:13Z
2026-07-30T23:20:14Z,2026-07-31T01:20:14+0200,3d9904ea-ea5b-47d7-bdee-8f06b37d7caf,2026-07-26T01:00:00Z,2026-07-26T03:00:00+0200,9994.566,MW,NL,NL,actual_load,Actual Load,2026-07-30T23:22:13Z
2026-07-30T23:20:14Z,2026-07-31T01:20:14+0200,3d9904ea-ea5b-47d7-bdee-8f06b37d7caf,2026-07-26T01:15:00Z,2026-07-26T03:15:00+0200,10138.906,MW,NL,NL,actual_load,Actual Load,2026-07-30T23:22:13Z
2026-07-30T23:20:14Z,2026-07-31T01:20:14+0200,3d9904ea-ea5b-47d7-bdee-8f06b37d7caf,2026-07-26T01:30:00Z,2026-07-26T03:30:00+0200,10008.756,MW,NL,NL,actual_load,Actual Load,2026-07-30T23:22:13Z
2026-07-30T23:20:14Z,2026-07-31T01:20:14+0200,3d9904ea-ea5b-47d7-bdee-8f06b37d7caf,2026-07-26T01:45:00Z,2026-07-26T03:45:00+0200,10142.046,MW,NL,NL,actual_load,Actual Load,2026-07-30T23:22:13Z
2026-07-30T23:20:14Z,2026-07-31T01:20:14+0200,3d9904ea-ea5b-47d7-bdee-8f06b37d7caf,2026-07-26T02:00:00Z,2026-07-26T04:00:00+0200,10046.486,MW,NL,NL,actual_load,Actual Load,2026-07-30T23:22:13Z
2026-07-30T23:20:14Z,2026-07-31T01:20:14+0200,3d9904ea-ea5b-47d7-bdee-8f06b37d7caf,2026-07-26T02:15:00Z,2026-07-26T04:15:00+0200,10069.776,MW,NL,NL,actual_load,Actual Load,2026-07-30T23:22:13Z
2026-07-30T23:20:14Z,2026-07-31T01:20:14+0200,3d9904ea-ea5b-47d7-bdee-8f06b37d7caf,2026-07-26T02:30:00Z,2026-07-26T04:30:00+0200,10175.696,MW,NL,NL,actual_load,Actual Load,2026-07-30T23:22:13Z
2026-07-30T23:20:14Z,2026-07-31T01:20:14+0200,3d9904ea-ea5b-47d7-bdee-8f06b37d7caf,2026-07-26T02:45:00Z,2026-07-26T04:45:00+0200,10153.276,MW,NL,NL,actual_load,Actual Load,2026-07-30T23:22:13Z
2026-07-30T23:20:14Z,2026-07-31T01:20:14+0200,3d9904ea-ea5b-47d7-bdee-8f06b37d7caf,2026-07-26T03:00:00Z,2026-07-26T05:00:00+0200,10178.166,MW,NL,NL,actual_load,Actual Load,2026-07-30T23:22:13Z
2026-07-30T23:20:14Z,2026-07-31T01:20:14+0200,3d9904ea-ea5b-47d7-bdee-8f06b37d7caf,2026-07-26T03:15:00Z,2026-07-26T05:15:00+0200,10219.156,MW,NL,NL,actual_load,Actual Load,2026-07-30T23:22:13Z
2026-07-30T23:20:14Z,2026-07-31T01:20:14+0200,3d9904ea-ea5b-47d7-bdee-8f06b37d7caf,2026-07-26T03:30:00Z,2026-07-26T05:30:00+0200,10281.816,MW,NL,NL,actual_load,Actual Load,2026-07-30T23:22:13Z
2026-07-30T23:20:14Z,2026-07-31T01:20:14+0200,3d9904ea-ea5b-47d7-bdee-8f06b37d7caf,2026-07-26T03:45:00Z,2026-07-26T05:45:00+0200,10281.196,MW,NL,NL,actual_load,Actual Load,2026-07-30T23:22:13Z
2026-07-30T23:20:14Z,2026-07-31T01:20:14+0200,3d9904ea-ea5b-47d7-bdee-8f06b37d7caf,2026-07-26T04:00:00Z,2026-07-26T06:00:00+0200,10278.186,MW,NL,NL,actual_load,Actual Load,2026-07-30T23:22:13Z
2026-07-30T23:20:14Z,2026-07-31T01:20:14+0200,3d9904ea-ea5b-47d7-bdee-8f06b37d7caf,2026-07-26T04:15:00Z,2026-07-26T06:15:00+0200,10081.106,MW,NL,NL,actual_load,Actual Load,2026-07-30T23:22:13Z
2026-07-30T23:20:14Z,2026-07-31T01:20:14+0200,3d9904ea-ea5b-47d7-bdee-8f06b37d7caf,2026-07-26T04:30:00Z,2026-07-26T06:30:00+0200,9918.206,MW,NL,NL,actual_load,Actual Load,2026-07-30T23:22:13Z
2026-07-30T23:20:14Z,2026-07-31T01:20:14+0200,3d9904ea-ea5b-47d7-bdee-8f06b37d7caf,2026-07-26T04:45:00Z,2026-07-26T06:45:00+0200,9872.606,MW,NL,NL,actual_load,Actual Load,2026-07-30T23:22:13Z
2026-07-30T23:20:14Z,2026-07-31T01:20:14+0200,3d9904ea-ea5b-47d7-bdee-8f06b37d7caf,2026-07-26T05:00:00Z,2026-07-26T07:00:00+0200,9649.706,MW,NL,NL,actual_load,Actual Load,2026-07-30T23:22:13Z
2026-07-30T23:20:14Z,2026-07-31T01:20:14+0200,3d9904ea-ea5b-47d7-bdee-8f06b37d7caf,2026-07-26T05:15:00Z,2026-07-26T07:15:00+0200,9459.566,MW,NL,NL,actual_load,Actual Load,2026-07-30T23:22:13Z
2026-07-30T23:20:14Z,2026-07-31T01:20:14+0200,3d9904ea-ea5b-47d7-bdee-8f06b37d7caf,2026-07-26T05:30:00Z,2026-07-26T07:30:00+0200,9349.216,MW,NL,NL,actual_load,Actual Load,2026-07-30T23:22:13Z
2026-07-30T23:20:14Z,2026-07-31T01:20:14+0200,3d9904ea-ea5b-47d7-bdee-8f06b37d7caf,2026-07-26T05:45:00Z,2026-07-26T07:45:00+0200,9089.236,MW,NL,NL,actual_load,Actual Load,2026-07-30T23:22:13Z
2026-07-30T23:20:14Z,2026-07-31T01:20:14+0200,3d9904ea-ea5b-47d7-bdee-8f06b37d7caf,2026-07-26T06:00:00Z,2026-07-26T08:00:00+0200,9011.096,MW,NL,NL,actual_load,Actual Load,2026-07-30T23:22:13Z
2026-07-30T23:20:14Z,2026-07-31T01:20:14+0200,3d9904ea-ea5b-47d7-bdee-8f06b37d7caf,2026-07-26T06:15:00Z,2026-07-26T08:15:00+0200,9008.976,MW,NL,NL,actual_load,Actual Load,2026-07-30T23:22:13Z
2026-07-30T23:20:14Z,2026-07-31T01:20:14+0200,3d9904ea-ea5b-47d7-bdee-8f06b37d7caf,2026-07-26T06:30:00Z,2026-07-26T08:30:00+0200,8772.856,MW,NL,NL,actual_load,Actual Load,2026-07-30T23:22:13Z
2026-07-30T23:20:14Z,2026-07-31T01:20:14+0200,3d9904ea-ea5b-47d7-bdee-8f06b37d7caf,2026-07-26T06:45:00Z,2026-07-26T08:45:00+0200,8843.136,MW,NL,NL,actual_load,Actual Load,2026-07-30T23:22:13Z
2026-07-30T23:20:14Z,2026-07-31T01:20:14+0200,3d9904ea-ea5b-47d7-bdee-8f06b37d7caf,2026-07-26T07:00:00Z,2026-07-26T09:00:00+0200,8520.616,MW,NL,NL,actual_load,Actual Load,2026-07-30T23:22:13Z
2026-07-30T23:20:14Z,2026-07-31T01:20:14+0200,3d9904ea-ea5b-47d7-bdee-8f06b37d7caf,2026-07-26T07:15:00Z,2026-07-26T09:15:00+0200,8268.206,MW,NL,NL,actual_load,Actual Load,2026-07-30T23:22:13Z
2026-07-30T23:20:14Z,2026-07-31T01:20:14+0200,3d9904ea-ea5b-47d7-bdee-8f06b37d7caf,2026-07-26T07:30:00Z,2026-07-26T09:30:00+0200,8019.626,MW,NL,NL,actual_load,Actual Load,2026-07-30T23:22:13Z
2026-07-30T23:20:14Z,2026-07-31T01:20:14+0200,3d9904ea-ea5b-47d7-bdee-8f06b37d7caf,2026-07-26T07:45:00Z,2026-07-26T09:45:00+0200,8079.036,MW,NL,NL,actual_load,Actual Load,2026-07-30T23:22:13Z
2026-07-30T23:20:14Z,2026-07-31T01:20:14+0200,3d9904ea-ea5b-47d7-bdee-8f06b37d7caf,2026-07-26T08:00:00Z,2026-07-26T10:00:00+0200,8532.096,MW,NL,NL,actual_load,Actual Load,2026-07-30T23:22:13Z
2026-07-30T23:20:14Z,2026-07-31T01:20:14+0200,3d9904ea-ea5b-47d7-bdee-8f06b37d7caf,2026-07-26T08:15:00Z,2026-07-26T10:15:00+0200,7681.936,MW,NL,NL,actual_load,Actual Load,2026-07-30T23:22:13Z
2026-07-30T23:20:14Z,2026-07-31T01:20:14+0200,3d9904ea-ea5b-47d7-bdee-8f06b37d7caf,2026-07-26T08:30:00Z,2026-07-26T10:30:00+0200,7652.526,MW,NL,NL,actual_load,Actual Load,2026-07-30T23:22:13Z
2026-07-30T23:20:14Z,2026-07-31T01:20:14+0200,3d9904ea-ea5b-47d7-bdee-8f06b37d7caf,2026-07-26T08:45:00Z,2026-07-26T10:45:00+0200,7623.436,MW,NL,NL,actual_load,Actual Load,2026-07-30T23:22:13Z
2026-07-30T23:20:14Z,2026-07-31T01:20:14+0200,3d9904ea-ea5b-47d7-bdee-8f06b37d7caf,2026-07-26T09:00:00Z,2026-07-26T11:00:00+0200,7575.006,MW,NL,NL,actual_load,Actual Load,2026-07-30T23:22:13Z
2026-07-30T23:20:14Z,2026-07-31T01:20:14+0200,3d9904ea-ea5b-47d7-bdee-8f06b37d7caf,2026-07-26T09:15:00Z,2026-07-26T11:15:00+0200,7544.106,MW,NL,NL,actual_load,Actual Load,2026-07-30T23:22:13Z
2026-07-30T23:20:14Z,2026-07-31T01:20:14+0200,3d9904ea-ea5b-47d7-bdee-8f06b37d7caf,2026-07-26T09:30:00Z,2026-07-26T11:30:00+0200,7790.056,MW,NL,NL,actual_load,Actual Load,2026-07-30T23:22:13Z
2026-07-30T23:20:14Z,2026-07-31T01:20:14+0200,3d9904ea-ea5b-47d7-bdee-8f06b37d7caf,2026-07-26T09:45:00Z,2026-07-26T11:45:00+0200,7633.216,MW,NL,NL,actual_load,Actual Load,2026-07-30T23:22:13Z
2026-07-30T23:20:14Z,2026-07-31T01:20:14+0200,3d9904ea-ea5b-47d7-bdee-8f06b37d7caf,2026-07-26T10:00:00Z,2026-07-26T12:00:00+0200,7608.626,MW,NL,NL,actual_load,Actual Load,2026-07-30T23:22:13Z
2026-07-30T23:20:14Z,2026-07-31T01:20:14+0200,3d9904ea-ea5b-47d7-bdee-8f06b37d7caf,2026-07-26T10:15:00Z,2026-07-26T12:15:00+0200,8014.976,MW,NL,NL,actual_load,Actual Load,2026-07-30T23:22:13Z
2026-07-30T23:20:14Z,2026-07-31T01:20:14+0200,3d9904ea-ea5b-47d7-bdee-8f06b37d7caf,2026-07-26T10:30:00Z,2026-07-26T12:30:00+0200,8114.116,MW,NL,NL,actual_load,Actual Load,2026-07-30T23:22:13Z
2026-07-30T23:20:14Z,2026-07-31T01:20:14+0200,3d9904ea-ea5b-47d7-bdee-8f06b37d7caf,2026-07-26T10:45:00Z,2026-07-26T12:45:00+0200,8260.636,MW,NL,NL,actual_load,Actual Load,2026-07-30T23:22:13Z
2026-07-30T23:20:14Z,2026-07-31T01:20:14+0200,3d9904ea-ea5b-47d7-bdee-8f06b37d7caf,2026-07-26T11:00:00Z,2026-07-26T13:00:00+0200,8380.446,MW,NL,NL,actual_load,Actual Load,2026-07-30T23:22:13Z
2026-07-30T23:20:14Z,2026-07-31T01:20:14+0200,3d9904ea-ea5b-47d7-bdee-8f06b37d7caf,2026-07-26T11:15:00Z,2026-07-26T13:15:00+0200,7859.066,MW,NL,NL,actual_load,Actual Load,2026-07-30T23:22:13Z
2026-07-30T23:20:14Z,2026-07-31T01:20:14+0200,3d9904ea-ea5b-47d7-bdee-8f06b37d7caf,2026-07-26T11:30:00Z,2026-07-26T13:30:00+0200,7768.566,MW,NL,NL,actual_load,Actual Load,2026-07-30T23:22:13Z
2026-07-30T23:20:14Z,2026-07-31T01:20:14+0200,3d9904ea-ea5b-47d7-bdee-8f06b37d7caf,2026-07-26T11:45:00Z,2026-07-26T13:45:00+0200,7911.416,MW,NL,NL,actual_load,Actual Load,2026-07-30T23:22:13Z
2026-07-30T23:20:14Z,2026-07-31T01:20:14+0200,3d9904ea-ea5b-47d7-bdee-8f06b37d7caf,2026-07-26T12:00:00Z,2026-07-26T14:00:00+0200,7967.446,MW,NL,NL,actual_load,Actual Load,2026-07-30T23:22:13Z
2026-07-30T23:20:14Z,2026-07-31T01:20:14+0200,3d9904ea-ea5b-47d7-bdee-8f06b37d7caf,2026-07-26T12:15:00Z,2026-07-26T14:15:00+0200,7757.836,MW,NL,NL,actual_load,Actual Load,2026-07-30T23:22:13Z
2026-07-30T23:20:14Z,2026-07-31T01:20:14+0200,3d9904ea-ea5b-47d7-bdee-8f06b37d7caf,2026-07-26T12:30:00Z,2026-07-26T14:30:00+0200,7330.976,MW,NL,NL,actual_load,Actual Load,2026-07-30T23:22:13Z
2026-07-30T23:20:14Z,2026-07-31T01:20:14+0200,3d9904ea-ea5b-47d7-bdee-8f06b37d7caf,2026-07-26T12:45:00Z,2026-07-26T14:45:00+0200,6988.666,MW,NL,NL,actual_load,Actual Load,2026-07-30T23:22:13Z
2026-07-30T23:20:14Z,2026-07-31T01:20:14+0200,3d9904ea-ea5b-47d7-bdee-8f06b37d7caf,2026-07-26T13:00:00Z,2026-07-26T15:00:00+0200,6941.206,MW,NL,NL,actual_load,Actual Load,2026-07-30T23:22:13Z
2026-07-30T23:20:14Z,2026-07-31T01:20:14+0200,3d9904ea-ea5b-47d7-bdee-8f06b37d7caf,2026-07-26T13:15:00Z,2026-07-26T15:15:00+0200,6643.446,MW,NL,NL,actual_load,Actual Load,2026-07-30T23:22:13Z
2026-07-30T23:20:14Z,2026-07-31T01:20:14+0200,3d9904ea-ea5b-47d7-bdee-8f06b37d7caf,2026-07-26T13:30:00Z,2026-07-26T15:30:00+0200,6758.286,MW,NL,NL,actual_load,Actual Load,2026-07-30T23:22:13Z
2026-07-30T23:20:14Z,2026-07-31T01:20:14+0200,3d9904ea-ea5b-47d7-bdee-8f06b37d7caf,2026-07-26T13:45:00Z,2026-07-26T15:45:00+0200,6685.096,MW,NL,NL,actual_load,Actual Load,2026-07-30T23:22:13Z
2026-07-30T23:20:14Z,2026-07-31T01:20:14+0200,3d9904ea-ea5b-47d7-bdee-8f06b37d7caf,2026-07-26T14:00:00Z,2026-07-26T16:00:00+0200,6734.316,MW,NL,NL,actual_load,Actual Load,2026-07-30T23:22:13Z
2026-07-30T23:20:14Z,2026-07-31T01:20:14+0200,3d9904ea-ea5b-47d7-bdee-8f06b37d7caf,2026-07-26T14:15:00Z,2026-07-26T16:15:00+0200,6447.276,MW,NL,NL,actual_load,Actual Load,2026-07-30T23:22:13Z
2026-07-30T23:20:14Z,2026-07-31T01:20:14+0200,3d9904ea-ea5b-47d7-bdee-8f06b37d7caf,2026-07-26T14:30:00Z,2026-07-26T16:30:00+0200,6179.656,MW,NL,NL,actual_load,Actual Load,2026-07-30T23:22:13Z
2026-07-30T23:20:14Z,2026-07-31T01:20:14+0200,3d9904ea-ea5b-47d7-bdee-8f06b37d7caf,2026-07-26T14:45:00Z,2026-07-26T16:45:00+0200,5820.966,MW,NL,NL,actual_load,Actual Load,2026-07-30T23:22:13Z
2026-07-30T23:20:14Z,2026-07-31T01:20:14+0200,3d9904ea-ea5b-47d7-bdee-8f06b37d7caf,2026-07-26T15:00:00Z,2026-07-26T17:00:00+0200,6178.756,MW,NL,NL,actual_load,Actual Load,2026-07-30T23:22:13Z
2026-07-30T23:20:14Z,2026-07-31T01:20:14+0200,3d9904ea-ea5b-47d7-bdee-8f06b37d7caf,2026-07-26T15:15:00Z,2026-07-26T17:15:00+0200,6092.006,MW,NL,NL,actual_load,Actual Load,2026-07-30T23:22:13Z
2026-07-30T23:20:14Z,2026-07-31T01:20:14+0200,3d9904ea-ea5b-47d7-bdee-8f06b37d7caf,2026-07-26T15:30:00Z,2026-07-26T17:30:00+0200,6322.806,MW,NL,NL,actual_load,Actual Load,2026-07-30T23:22:13Z
2026-07-30T23:20:14Z,2026-07-31T01:20:14+0200,3d9904ea-ea5b-47d7-bdee-8f06b37d7caf,2026-07-26T15:45:00Z,2026-07-26T17:45:00+0200,6732.266,MW,NL,NL,actual_load,Actual Load,2026-07-30T23:22:13Z
2026-07-30T23:20:14Z,2026-07-31T01:20:14+0200,3d9904ea-ea5b-47d7-bdee-8f06b37d7caf,2026-07-26T16:00:00Z,2026-07-26T18:00:00+0200,6985.986,MW,NL,NL,actual_load,Actual Load,2026-07-30T23:22:13Z
2026-07-30T23:20:14Z,2026-07-31T01:20:14+0200,3d9904ea-ea5b-47d7-bdee-8f06b37d7caf,2026-07-26T16:15:00Z,2026-07-26T18:15:00+0200,6691.176,MW,NL,NL,actual_load,Actual Load,2026-07-30T23:22:13Z
2026-07-30T23:20:14Z,2026-07-31T01:20:14+0200,3d9904ea-ea5b-47d7-bdee-8f06b37d7caf,2026-07-26T16:30:00Z,2026-07-26T18:30:00+0200,6914.316,MW,NL,NL,actual_load,Actual Load,2026-07-30T23:22:13Z
2026-07-30T23:20:14Z,2026-07-31T01:20:14+0200,3d9904ea-ea5b-47d7-bdee-8f06b37d7caf,2026-07-26T16:45:00Z,2026-07-26T18:45:00+0200,7061.506,MW,NL,NL,actual_load,Actual Load,2026-07-30T23:22:13Z
2026-07-30T23:20:14Z,2026-07-31T01:20:14+0200,3d9904ea-ea5b-47d7-bdee-8f06b37d7caf,2026-07-26T17:00:00Z,2026-07-26T19:00:00+0200,7302.246,MW,NL,NL,actual_load,Actual Load,2026-07-30T23:22:13Z
2026-07-30T23:20:14Z,2026-07-31T01:20:14+0200,3d9904ea-ea5b-47d7-bdee-8f06b37d7caf,2026-07-26T17:15:00Z,2026-07-26T19:15:00+0200,7657.336,MW,NL,NL,actual_load,Actual Load,2026-07-30T23:22:13Z
2026-07-30T23:20:14Z,2026-07-31T01:20:14+0200,3d9904ea-ea5b-47d7-bdee-8f06b37d7caf,2026-07-26T17:30:00Z,2026-07-26T19:30:00+0200,8170.736,MW,NL,NL,actual_load,Actual Load,2026-07-30T23:22:13Z
2026-07-30T23:20:14Z,2026-07-31T01:20:14+0200,3d9904ea-ea5b-47d7-bdee-8f06b37d7caf,2026-07-26T17:45:00Z,2026-07-26T19:45:00+0200,8519.336,MW,NL,NL,actual_load,Actual Load,2026-07-30T23:22:13Z
2026-07-30T23:20:14Z,2026-07-31T01:20:14+0200,3d9904ea-ea5b-47d7-bdee-8f06b37d7caf,2026-07-26T18:00:00Z,2026-07-26T20:00:00+0200,8662.756,MW,NL,NL,actual_load,Actual Load,2026-07-30T23:22:13Z
2026-07-30T23:20:14Z,2026-07-31T01:20:14+0200,3d9904ea-ea5b-47d7-bdee-8f06b37d7caf,2026-07-26T18:15:00Z,2026-07-26T20:15:00+0200,8577.056,MW,NL,NL,actual_load,Actual Load,2026-07-30T23:22:13Z
2026-07-30T23:20:14Z,2026-07-31T01:20:14+0200,3d9904ea-ea5b-47d7-bdee-8f06b37d7caf,2026-07-26T18:30:00Z,2026-07-26T20:30:00+0200,8821.416,MW,NL,NL,actual_load,Actual Load,2026-07-30T23:22:13Z
2026-07-30T23:20:14Z,2026-07-31T01:20:14+0200,3d9904ea-ea5b-47d7-bdee-8f06b37d7caf,2026-07-26T18:45:00Z,2026-07-26T20:45:00+0200,9226.326,MW,NL,NL,actual_load,Actual Load,2026-07-30T23:22:13Z
2026-07-30T23:20:14Z,2026-07-31T01:20:14+0200,3d9904ea-ea5b-47d7-bdee-8f06b37d7caf,2026-07-26T19:00:00Z,2026-07-26T21:00:00+0200,9599.626,MW,NL,NL,actual_load,Actual Load,2026-07-30T23:22:13Z
2026-07-30T23:20:14Z,2026-07-31T01:20:14+0200,3d9904ea-ea5b-47d7-bdee-8f06b37d7caf,2026-07-26T19:15:00Z,2026-07-26T21:15:00+0200,10004.126,MW,NL,NL,actual_load,Actual Load,2026-07-30T23:22:13Z
2026-07-30T23:20:14Z,2026-07-31T01:20:14+0200,3d9904ea-ea5b-47d7-bdee-8f06b37d7caf,2026-07-26T19:30:00Z,2026-07-26T21:30:00+0200,10096.256,MW,NL,NL,actual_load,Actual Load,2026-07-30T23:22:13Z
2026-07-30T23:20:14Z,2026-07-31T01:20:14+0200,3d9904ea-ea5b-47d7-bdee-8f06b37d7caf,2026-07-26T19:45:00Z,2026-07-26T21:45:00+0200,10334.846,MW,NL,NL,actual_load,Actual Load,2026-07-30T23:22:13Z
2026-07-30T23:20:14Z,2026-07-31T01:20:14+0200,3d9904ea-ea5b-47d7-bdee-8f06b37d7caf,2026-07-26T20:00:00Z,2026-07-26T22:00:00+0200,10622.536,MW,NL,NL,actual_load,Actual Load,2026-07-30T23:22:13Z
2026-07-30T23:20:14Z,2026-07-31T01:20:14+0200,3d9904ea-ea5b-47d7-bdee-8f06b37d7caf,2026-07-26T20:15:00Z,2026-07-26T22:15:00+0200,10677.996,MW,NL,NL,actual_load,Actual Load,2026-07-30T23:22:13Z
2026-07-30T23:20:14Z,2026-07-31T01:20:14+0200,3d9904ea-ea5b-47d7-bdee-8f06b37d7caf,2026-07-26T20:30:00Z,2026-07-26T22:30:00+0200,10609.396,MW,NL,NL,actual_load,Actual Load,2026-07-30T23:22:13Z
2026-07-30T23:20:14Z,2026-07-31T01:20:14+0200,3d9904ea-ea5b-47d7-bdee-8f06b37d7caf,2026-07-26T20:45:00Z,2026-07-26T22:45:00+0200,10504.186,MW,NL,NL,actual_load,Actual Load,2026-07-30T23:22:13Z
2026-07-30T23:20:14Z,2026-07-31T01:20:14+0200,3d9904ea-ea5b-47d7-bdee-8f06b37d7caf,2026-07-26T21:00:00Z,2026-07-26T23:00:00+0200,10473.966,MW,NL,NL,actual_load,Actual Load,2026-07-30T23:22:13Z
2026-07-30T23:20:14Z,2026-07-31T01:20:14+0200,3d9904ea-ea5b-47d7-bdee-8f06b37d7caf,2026-07-26T21:15:00Z,2026-07-26T23:15:00+0200,10295.606,MW,NL,NL,actual_load,Actual Load,2026-07-30T23:22:13Z
2026-07-30T23:20:14Z,2026-07-31T01:20:14+0200,3d9904ea-ea5b-47d7-bdee-8f06b37d7caf,2026-07-26T21:30:00Z,2026-07-26T23:30:00+0200,10335.576,MW,NL,NL,actual_load,Actual Load,2026-07-30T23:22:13Z
2026-07-30T23:20:14Z,2026-07-31T01:20:14+0200,3d9904ea-ea5b-47d7-bdee-8f06b37d7caf,2026-07-26T21:45:00Z,2026-07-26T23:45:00+0200,10249.996,MW,NL,NL,actual_load,Actual Load,2026-07-30T23:22:13Z
2026-07-30T23:20:14Z,2026-07-31T01:20:14+0200,3d9904ea-ea5b-47d7-bdee-8f06b37d7caf,2026-07-26T22:00:00Z,2026-07-27T00:00:00+0200,10383.236,MW,NL,NL,actual_load,Actual Load,2026-07-30T23:22:13Z
2026-07-30T23:20:14Z,2026-07-31T01:20:14+0200,3d9904ea-ea5b-47d7-bdee-8f06b37d7caf,2026-07-26T22:15:00Z,2026-07-27T00:15:00+0200,10735.716,MW,NL,NL,actual_load,Actual Load,2026-07-30T23:22:13Z
2026-07-30T23:20:14Z,2026-07-31T01:20:14+0200,3d9904ea-ea5b-47d7-bdee-8f06b37d7caf,2026-07-26T22:30:00Z,2026-07-27T00:30:00+0200,10811.996,MW,NL,NL,actual_load,Actual Load,2026-07-30T23:22:13Z
2026-07-30T23:20:14Z,2026-07-31T01:20:14+0200,3d9904ea-ea5b-47d7-bdee-8f06b37d7caf,2026-07-26T22:45:00Z,2026-07-27T00:45:00+0200,10692.816,MW,NL,NL,actual_load,Actual Load,2026-07-30T23:22:13Z
2026-07-30T23:20:14Z,2026-07-31T01:20:14+0200,3d9904ea-ea5b-47d7-bdee-8f06b37d7caf,2026-07-26T23:00:00Z,2026-07-27T01:00:00+0200,10458.626,MW,NL,NL,actual_load,Actual Load,2026-07-30T23:22:13Z
2026-07-30T23:20:14Z,2026-07-31T01:20:14+0200,3d9904ea-ea5b-47d7-bdee-8f06b37d7caf,2026-07-26T23:15:00Z,2026-07-27T01:15:00+0200,10357.546,MW,NL,NL,actual_load,Actual Load,2026-07-30T23:22:13Z
2026-07-30T23:20:14Z,2026-07-31T01:20:14+0200,3d9904ea-ea5b-47d7-bdee-8f06b37d7caf,2026-07-26T23:30:00Z,2026-07-27T01:30:00+0200,10237.356,MW,NL,NL,actual_load,Actual Load,2026-07-30T23:22:13Z
2026-07-30T23:20:14Z,2026-07-31T01:20:14+0200,3d9904ea-ea5b-47d7-bdee-8f06b37d7caf,2026-07-26T23:45:00Z,2026-07-27T01:45:00+0200,10103.326,MW,NL,NL,actual_load,Actual Load,2026-07-30T23:22:13Z
2026-07-30T23:20:14Z,2026-07-31T01:20:14+0200,3d9904ea-ea5b-47d7-bdee-8f06b37d7caf,2026-07-27T00:00:00Z,2026-07-27T02:00:00+0200,10014.086,MW,NL,NL,actual_load,Actual Load,2026-07-30T23:22:13Z
2026-07-30T23:20:14Z,2026-07-31T01:20:14+0200,3d9904ea-ea5b-47d7-bdee-8f06b37d7caf,2026-07-27T00:15:00Z,2026-07-27T02:15:00+0200,9895.506,MW,NL,NL,actual_load,Actual Load,2026-07-30T23:22:13Z
2026-07-30T23:20:14Z,2026-07-31T01:20:14+0200,3d9904ea-ea5b-47d7-bdee-8f06b37d7caf,2026-07-27T00:30:00Z,2026-07-27T02:30:00+0200,9805.006,MW,NL,NL,actual_load,Actual Load,2026-07-30T23:22:13Z
2026-07-30T23:20:14Z,2026-07-31T01:20:14+0200,3d9904ea-ea5b-47d7-bdee-8f06b37d7caf,2026-07-27T00:45:00Z,2026-07-27T02:45:00+0200,9770.486,MW,NL,NL,actual_load,Actual Load,2026-07-30T23:22:13Z
2026-07-30T23:20:14Z,2026-07-31T01:20:14+0200,3d9904ea-ea5b-47d7-bdee-8f06b37d7caf,2026-07-27T01:00:00Z,2026-07-27T03:00:00+0200,9741.906,MW,NL,NL,actual_load,Actual Load,2026-07-30T23:22:13Z
2026-07-30T23:20:14Z,2026-07-31T01:20:14+0200,3d9904ea-ea5b-47d7-bdee-8f06b37d7caf,2026-07-27T01:15:00Z,2026-07-27T03:15:00+0200,9753.876,MW,NL,NL,actual_load,Actual Load,2026-07-30T23:22:13Z
2026-07-30T23:20:14Z,2026-07-31T01:20:14+0200,3d9904ea-ea5b-47d7-bdee-8f06b37d7caf,2026-07-27T01:30:00Z,2026-07-27T03:30:00+0200,9790.876,MW,NL,NL,actual_load,Actual Load,2026-07-30T23:22:13Z
2026-07-30T23:20:14Z,2026-07-31T01:20:14+0200,3d9904ea-ea5b-47d7-bdee-8f06b37d7caf,2026-07-27T01:45:00Z,2026-07-27T03:45:00+0200,9889.886,MW,NL,NL,actual_load,Actual Load,2026-07-30T23:22:13Z
2026-07-30T23:20:14Z,2026-07-31T01:20:14+0200,3d9904ea-ea5b-47d7-bdee-8f06b37d7caf,2026-07-27T02:00:00Z,2026-07-27T04:00:00+0200,9865.636,MW,NL,NL,actual_load,Actual Load,2026-07-30T23:22:13Z
2026-07-30T23:20:14Z,2026-07-31T01:20:14+0200,3d9904ea-ea5b-47d7-bdee-8f06b37d7caf,2026-07-27T02:15:00Z,2026-07-27T04:15:00+0200,9874.206,MW,NL,NL,actual_load,Actual Load,2026-07-30T23:22:13Z
2026-07-30T23:20:14Z,2026-07-31T01:20:14+0200,3d9904ea-ea5b-47d7-bdee-8f06b37d7caf,2026-07-27T02:30:00Z,2026-07-27T04:30:00+0200,9829.786,MW,NL,NL,actual_load,Actual Load,2026-07-30T23:22:13Z
2026-07-30T23:20:14Z,2026-07-31T01:20:14+0200,3d9904ea-ea5b-47d7-bdee-8f06b37d7caf,2026-07-27T02:45:00Z,2026-07-27T04:45:00+0200,9826.026,MW,NL,NL,actual_load,Actual Load,2026-07-30T23:22:13Z
2026-07-30T23:20:14Z,2026-07-31T01:20:14+0200,3d9904ea-ea5b-47d7-bdee-8f06b37d7caf,2026-07-27T03:00:00Z,2026-07-27T05:00:00+0200,9685.796,MW,NL,NL,actual_load,Actual Load,2026-07-30T23:22:13Z
2026-07-30T23:20:14Z,2026-07-31T01:20:14+0200,3d9904ea-ea5b-47d7-bdee-8f06b37d7caf,2026-07-27T03:15:00Z,2026-07-27T05:15:00+0200,9922.126,MW,NL,NL,actual_load,Actual Load,2026-07-30T23:22:13Z
2026-07-30T23:20:14Z,2026-07-31T01:20:14+0200,3d9904ea-ea5b-47d7-bdee-8f06b37d7caf,2026-07-27T03:30:00Z,2026-07-27T05:30:00+0200,10084.286,MW,NL,NL,actual_load,Actual Load,2026-07-30T23:22:13Z
2026-07-30T23:20:14Z,2026-07-31T01:20:14+0200,3d9904ea-ea5b-47d7-bdee-8f06b37d7caf,2026-07-27T03:45:00Z,2026-07-27T05:45:00+0200,10176.866,MW,NL,NL,actual_load,Actual Load,2026-07-30T23:22:13Z
2026-07-30T23:20:14Z,2026-07-31T01:20:14+0200,3d9904ea-ea5b-47d7-bdee-8f06b37d7caf,2026-07-27T04:00:00Z,2026-07-27T06:00:00+0200,10336.206,MW,NL,NL,actual_load,Actual Load,2026-07-30T23:22:13Z
2026-07-30T23:20:14Z,2026-07-31T01:20:14+0200,3d9904ea-ea5b-47d7-bdee-8f06b37d7caf,2026-07-27T04:15:00Z,2026-07-27T06:15:00+0200,10479.886,MW,NL,NL,actual_load,Actual Load,2026-07-30T23:22:13Z
2026-07-30T23:20:14Z,2026-07-31T01:20:14+0200,3d9904ea-ea5b-47d7-bdee-8f06b37d7caf,2026-07-27T04:30:00Z,2026-07-27T06:30:00+0200,10564.086,MW,NL,NL,actual_load,Actual Load,2026-07-30T23:22:13Z
2026-07-30T23:20:14Z,2026-07-31T01:20:14+0200,3d9904ea-ea5b-47d7-bdee-8f06b37d7caf,2026-07-27T04:45:00Z,2026-07-27T06:45:00+0200,10672.896,MW,NL,NL,actual_load,Actual Load,2026-07-30T23:22:13Z
2026-07-30T23:20:14Z,2026-07-31T01:20:14+0200,3d9904ea-ea5b-47d7-bdee-8f06b37d7caf,2026-07-27T05:00:00Z,2026-07-27T07:00:00+0200,10437.526,MW,NL,NL,actual_load,Actual Load,2026-07-30T23:22:13Z
2026-07-30T23:20:14Z,2026-07-31T01:20:14+0200,3d9904ea-ea5b-47d7-bdee-8f06b37d7caf,2026-07-27T05:15:00Z,2026-07-27T07:15:00+0200,10049.566,MW,NL,NL,actual_load,Actual Load,2026-07-30T23:22:13Z
2026-07-30T23:20:14Z,2026-07-31T01:20:14+0200,3d9904ea-ea5b-47d7-bdee-8f06b37d7caf,2026-07-27T05:30:00Z,2026-07-27T07:30:00+0200,9828.936,MW,NL,NL,actual_load,Actual Load,2026-07-30T23:22:13Z
2026-07-30T23:20:14Z,2026-07-31T01:20:14+0200,3d9904ea-ea5b-47d7-bdee-8f06b37d7caf,2026-07-27T05:45:00Z,2026-07-27T07:45:00+0200,9848.746,MW,NL,NL,actual_load,Actual Load,2026-07-30T23:22:13Z
2026-07-30T23:20:14Z,2026-07-31T01:20:14+0200,3d9904ea-ea5b-47d7-bdee-8f06b37d7caf,2026-07-27T06:00:00Z,2026-07-27T08:00:00+0200,9680.576,MW,NL,NL,actual_load,Actual Load,2026-07-30T23:22:13Z
2026-07-30T23:20:14Z,2026-07-31T01:20:14+0200,3d9904ea-ea5b-47d7-bdee-8f06b37d7caf,2026-07-27T06:15:00Z,2026-07-27T08:15:00+0200,9024.406,MW,NL,NL,actual_load,Actual Load,2026-07-30T23:22:13Z
2026-07-30T23:20:14Z,2026-07-31T01:20:14+0200,3d9904ea-ea5b-47d7-bdee-8f06b37d7caf,2026-07-27T06:30:00Z,2026-07-27T08:30:00+0200,8599.646,MW,NL,NL,actual_load,Actual Load,2026-07-30T23:22:13Z
2026-07-30T23:20:14Z,2026-07-31T01:20:14+0200,3d9904ea-ea5b-47d7-bdee-8f06b37d7caf,2026-07-27T06:45:00Z,2026-07-27T08:45:00+0200,8298.606,MW,NL,NL,actual_load,Actual Load,2026-07-30T23:22:13Z
2026-07-30T23:20:14Z,2026-07-31T01:20:14+0200,3d9904ea-ea5b-47d7-bdee-8f06b37d7caf,2026-07-27T07:00:00Z,2026-07-27T09:00:00+0200,8091.466,MW,NL,NL,actual_load,Actual Load,2026-07-30T23:22:13Z
2026-07-30T23:20:14Z,2026-07-31T01:20:14+0200,3d9904ea-ea5b-47d7-bdee-8f06b37d7caf,2026-07-27T07:15:00Z,2026-07-27T09:15:00+0200,7944.826,MW,NL,NL,actual_load,Actual Load,2026-07-30T23:22:13Z
2026-07-30T23:20:14Z,2026-07-31T01:20:14+0200,3d9904ea-ea5b-47d7-bdee-8f06b37d7caf,2026-07-27T07:30:00Z,2026-07-27T09:30:00+0200,7922.206,MW,NL,NL,actual_load,Actual Load,2026-07-30T23:22:13Z
2026-07-30T23:20:14Z,2026-07-31T01:20:14+0200,3d9904ea-ea5b-47d7-bdee-8f06b37d7caf,2026-07-27T07:45:00Z,2026-07-27T09:45:00+0200,7637.746,MW,NL,NL,actual_load,Actual Load,2026-07-30T23:22:13Z
2026-07-30T23:20:14Z,2026-07-31T01:20:14+0200,3d9904ea-ea5b-47d7-bdee-8f06b37d7caf,2026-07-27T08:00:00Z,2026-07-27T10:00:00+0200,7462.056,MW,NL,NL,actual_load,Actual Load,2026-07-30T23:22:13Z
2026-07-30T23:20:14Z,2026-07-31T01:20:14+0200,3d9904ea-ea5b-47d7-bdee-8f06b37d7caf,2026-07-27T08:15:00Z,2026-07-27T10:15:00+0200,7626.346,MW,NL,NL,actual_load,Actual Load,2026-07-30T23:22:13Z
2026-07-30T23:20:14Z,2026-07-31T01:20:14+0200,3d9904ea-ea5b-47d7-bdee-8f06b37d7caf,2026-07-27T08:30:00Z,2026-07-27T10:30:00+0200,7467.106,MW,NL,NL,actual_load,Actual Load,2026-07-30T23:22:13Z
2026-07-30T23:20:14Z,2026-07-31T01:20:14+0200,3d9904ea-ea5b-47d7-bdee-8f06b37d7caf,2026-07-27T08:45:00Z,2026-07-27T10:45:00+0200,7364.486,MW,NL,NL,actual_load,Actual Load,2026-07-30T23:22:13Z
2026-07-30T23:20:14Z,2026-07-31T01:20:14+0200,3d9904ea-ea5b-47d7-bdee-8f06b37d7caf,2026-07-27T09:00:00Z,2026-07-27T11:00:00+0200,6967.506,MW,NL,NL,actual_load,Actual Load,2026-07-30T23:22:13Z
2026-07-30T23:20:14Z,2026-07-31T01:20:14+0200,3d9904ea-ea5b-47d7-bdee-8f06b37d7caf,2026-07-27T09:15:00Z,2026-07-27T11:15:00+0200,6609.966,MW,NL,NL,actual_load,Actual Load,2026-07-30T23:22:13Z
2026-07-30T23:20:14Z,2026-07-31T01:20:14+0200,3d9904ea-ea5b-47d7-bdee-8f06b37d7caf,2026-07-27T09:30:00Z,2026-07-27T11:30:00+0200,6331.446,MW,NL,NL,actual_load,Actual Load,2026-07-30T23:22:13Z
2026-07-30T23:20:14Z,2026-07-31T01:20:14+0200,3d9904ea-ea5b-47d7-bdee-8f06b37d7caf,2026-07-27T09:45:00Z,2026-07-27T11:45:00+0200,5889.546,MW,NL,NL,actual_load,Actual Load,2026-07-30T23:22:13Z
2026-07-30T23:20:14Z,2026-07-31T01:20:14+0200,3d9904ea-ea5b-47d7-bdee-8f06b37d7caf,2026-07-27T10:00:00Z,2026-07-27T12:00:00+0200,5641.016,MW,NL,NL,actual_load,Actual Load,2026-07-30T23:22:13Z
2026-07-30T23:20:14Z,2026-07-31T01:20:14+0200,3d9904ea-ea5b-47d7-bdee-8f06b37d7caf,2026-07-27T10:15:00Z,2026-07-27T12:15:00+0200,5590.196,MW,NL,NL,actual_load,Actual Load,2026-07-30T23:22:13Z
2026-07-30T23:20:14Z,2026-07-31T01:20:14+0200,3d9904ea-ea5b-47d7-bdee-8f06b37d7caf,2026-07-27T10:30:00Z,2026-07-27T12:30:00+0200,5848.736,MW,NL,NL,actual_load,Actual Load,2026-07-30T23:22:13Z
2026-07-30T23:20:14Z,2026-07-31T01:20:14+0200,3d9904ea-ea5b-47d7-bdee-8f06b37d7caf,2026-07-27T10:45:00Z,2026-07-27T12:45:00+0200,5664.756,MW,NL,NL,actual_load,Actual Load,2026-07-30T23:22:13Z
2026-07-30T23:20:14Z,2026-07-31T01:20:14+0200,3d9904ea-ea5b-47d7-bdee-8f06b37d7caf,2026-07-27T11:00:00Z,2026-07-27T13:00:00+0200,5715.206,MW,NL,NL,actual_load,Actual Load,2026-07-30T23:22:13Z
2026-07-30T23:20:14Z,2026-07-31T01:20:14+0200,3d9904ea-ea5b-47d7-bdee-8f06b37d7caf,2026-07-27T11:15:00Z,2026-07-27T13:15:00+0200,5448.006,MW,NL,NL,actual_load,Actual Load,2026-07-30T23:22:13Z
2026-07-30T23:20:14Z,2026-07-31T01:20:14+0200,3d9904ea-ea5b-47d7-bdee-8f06b37d7caf,2026-07-27T11:30:00Z,2026-07-27T13:30:00+0200,5148.636,MW,NL,NL,actual_load,Actual Load,2026-07-30T23:22:13Z
2026-07-30T23:20:14Z,2026-07-31T01:20:14+0200,3d9904ea-ea5b-47d7-bdee-8f06b37d7caf,2026-07-27T11:45:00Z,2026-07-27T13:45:00+0200,5456.056,MW,NL,NL,actual_load,Actual Load,2026-07-30T23:22:13Z
2026-07-30T23:20:14Z,2026-07-31T01:20:14+0200,3d9904ea-ea5b-47d7-bdee-8f06b37d7caf,2026-07-27T12:00:00Z,2026-07-27T14:00:00+0200,5299.506,MW,NL,NL,actual_load,Actual Load,2026-07-30T23:22:13Z
2026-07-30T23:20:14Z,2026-07-31T01:20:14+0200,3d9904ea-ea5b-47d7-bdee-8f06b37d7caf,2026-07-27T12:15:00Z,2026-07-27T14:15:00+0200,5383.646,MW,NL,NL,actual_load,Actual Load,2026-07-30T23:22:13Z
2026-07-30T23:20:14Z,2026-07-31T01:20:14+0200,3d9904ea-ea5b-47d7-bdee-8f06b37d7caf,2026-07-27T12:30:00Z,2026-07-27T14:30:00+0200,5163.566,MW,NL,NL,actual_load,Actual Load,2026-07-30T23:22:13Z
2026-07-30T23:20:14Z,2026-07-31T01:20:14+0200,3d9904ea-ea5b-47d7-bdee-8f06b37d7caf,2026-07-27T12:45:00Z,2026-07-27T14:45:00+0200,5337.376,MW,NL,NL,actual_load,Actual Load,2026-07-30T23:22:13Z
2026-07-30T23:20:14Z,2026-07-31T01:20:14+0200,3d9904ea-ea5b-47d7-bdee-8f06b37d7caf,2026-07-27T13:00:00Z,2026-07-27T15:00:00+0200,5061.586,MW,NL,NL,actual_load,Actual Load,2026-07-30T23:22:13Z
2026-07-30T23:20:14Z,2026-07-31T01:20:14+0200,3d9904ea-ea5b-47d7-bdee-8f06b37d7caf,2026-07-27T13:15:00Z,2026-07-27T15:15:00+0200,4597.334,MW,NL,NL,actual_load,Actual Load,2026-07-30T23:22:13Z
2026-07-30T23:20:14Z,2026-07-31T01:20:14+0200,3d9904ea-ea5b-47d7-bdee-8f06b37d7caf,2026-07-27T13:30:00Z,2026-07-27T15:30:00+0200,4207.229,MW,NL,NL,actual_load,Actual Load,2026-07-30T23:22:13Z
2026-07-30T23:20:14Z,2026-07-31T01:20:14+0200,3d9904ea-ea5b-47d7-bdee-8f06b37d7caf,2026-07-27T13:45:00Z,2026-07-27T15:45:00+0200,4613.274,MW,NL,NL,actual_load,Actual Load,2026-07-30T23:22:13Z
2026-07-30T23:20:14Z,2026-07-31T01:20:14+0200,3d9904ea-ea5b-47d7-bdee-8f06b37d7caf,2026-07-27T14:00:00Z,2026-07-27T16:00:00+0200,4716.916,MW,NL,NL,actual_load,Actual Load,2026-07-30T23:22:13Z
2026-07-30T23:20:14Z,2026-07-31T01:20:14+0200,3d9904ea-ea5b-47d7-bdee-8f06b37d7caf,2026-07-27T14:15:00Z,2026-07-27T16:15:00+0200,4934.956,MW,NL,NL,actual_load,Actual Load,2026-07-30T23:22:13Z
2026-07-30T23:20:14Z,2026-07-31T01:20:14+0200,3d9904ea-ea5b-47d7-bdee-8f06b37d7caf,2026-07-27T14:30:00Z,2026-07-27T16:30:00+0200,5313.206,MW,NL,NL,actual_load,Actual Load,2026-07-30T23:22:13Z
2026-07-30T23:20:14Z,2026-07-31T01:20:14+0200,3d9904ea-ea5b-47d7-bdee-8f06b37d7caf,2026-07-27T14:45:00Z,2026-07-27T16:45:00+0200,5471.576,MW,NL,NL,actual_load,Actual Load,2026-07-30T23:22:13Z
2026-07-30T23:20:14Z,2026-07-31T01:20:14+0200,3d9904ea-ea5b-47d7-bdee-8f06b37d7caf,2026-07-27T15:00:00Z,2026-07-27T17:00:00+0200,5568.796,MW,NL,NL,actual_load,Actual Load,2026-07-30T23:22:13Z
2026-07-30T23:20:14Z,2026-07-31T01:20:14+0200,3d9904ea-ea5b-47d7-bdee-8f06b37d7caf,2026-07-27T15:15:00Z,2026-07-27T17:15:00+0200,5690.916,MW,NL,NL,actual_load,Actual Load,2026-07-30T23:22:13Z
2026-07-30T23:20:14Z,2026-07-31T01:20:14+0200,3d9904ea-ea5b-47d7-bdee-8f06b37d7caf,2026-07-27T15:30:00Z,2026-07-27T17:30:00+0200,6007.166,MW,NL,NL,actual_load,Actual Load,2026-07-30T23:22:13Z
2026-07-30T23:20:14Z,2026-07-31T01:20:14+0200,3d9904ea-ea5b-47d7-bdee-8f06b37d7caf,2026-07-27T15:45:00Z,2026-07-27T17:45:00+0200,6254.066,MW,NL,NL,actual_load,Actual Load,2026-07-30T23:22:13Z
2026-07-30T23:20:14Z,2026-07-31T01:20:14+0200,3d9904ea-ea5b-47d7-bdee-8f06b37d7caf,2026-07-27T16:00:00Z,2026-07-27T18:00:00+0200,6446.146,MW,NL,NL,actual_load,Actual Load,2026-07-30T23:22:13Z
2026-07-30T23:20:14Z,2026-07-31T01:20:14+0200,3d9904ea-ea5b-47d7-bdee-8f06b37d7caf,2026-07-27T16:15:00Z,2026-07-27T18:15:00+0200,6685.326,MW,NL,NL,actual_load,Actual Load,2026-07-30T23:22:13Z
2026-07-30T23:20:14Z,2026-07-31T01:20:14+0200,3d9904ea-ea5b-47d7-bdee-8f06b37d7caf,2026-07-27T16:30:00Z,2026-07-27T18:30:00+0200,7098.646,MW,NL,NL,actual_load,Actual Load,2026-07-30T23:22:13Z
2026-07-30T23:20:14Z,2026-07-31T01:20:14+0200,3d9904ea-ea5b-47d7-bdee-8f06b37d7caf,2026-07-27T16:45:00Z,2026-07-27T18:45:00+0200,7357.766,MW,NL,NL,actual_load,Actual Load,2026-07-30T23:22:13Z
2026-07-30T23:20:14Z,2026-07-31T01:20:14+0200,3d9904ea-ea5b-47d7-bdee-8f06b37d7caf,2026-07-27T17:00:00Z,2026-07-27T19:00:00+0200,7555.856,MW,NL,NL,actual_load,Actual Load,2026-07-30T23:22:13Z
2026-07-30T23:20:14Z,2026-07-31T01:20:14+0200,3d9904ea-ea5b-47d7-bdee-8f06b37d7caf,2026-07-27T17:15:00Z,2026-07-27T19:15:00+0200,7514.666,MW,NL,NL,actual_load,Actual Load,2026-07-30T23:22:13Z
2026-07-30T23:20:14Z,2026-07-31T01:20:14+0200,3d9904ea-ea5b-47d7-bdee-8f06b37d7caf,2026-07-27T17:30:00Z,2026-07-27T19:30:00+0200,7699.856,MW,NL,NL,actual_load,Actual Load,2026-07-30T23:22:13Z
2026-07-30T23:20:14Z,2026-07-31T01:20:14+0200,3d9904ea-ea5b-47d7-bdee-8f06b37d7caf,2026-07-27T17:45:00Z,2026-07-27T19:45:00+0200,8087.316,MW,NL,NL,actual_load,Actual Load,2026-07-30T23:22:13Z
2026-07-30T23:20:14Z,2026-07-31T01:20:14+0200,3d9904ea-ea5b-47d7-bdee-8f06b37d7caf,2026-07-27T18:00:00Z,2026-07-27T20:00:00+0200,8718.586,MW,NL,NL,actual_load,Actual Load,2026-07-30T23:22:13Z
2026-07-30T23:20:14Z,2026-07-31T01:20:14+0200,3d9904ea-ea5b-47d7-bdee-8f06b37d7caf,2026-07-27T18:15:00Z,2026-07-27T20:15:00+0200,9259.286,MW,NL,NL,actual_load,Actual Load,2026-07-30T23:22:13Z
2026-07-30T23:20:14Z,2026-07-31T01:20:14+0200,3d9904ea-ea5b-47d7-bdee-8f06b37d7caf,2026-07-27T18:30:00Z,2026-07-27T20:30:00+0200,9505.156,MW,NL,NL,actual_load,Actual Load,2026-07-30T23:22:13Z
2026-07-30T23:20:14Z,2026-07-31T01:20:14+0200,3d9904ea-ea5b-47d7-bdee-8f06b37d7caf,2026-07-27T18:45:00Z,2026-07-27T20:45:00+0200,9430.646,MW,NL,NL,actual_load,Actual Load,2026-07-30T23:22:13Z
2026-07-30T23:20:14Z,2026-07-31T01:20:14+0200,3d9904ea-ea5b-47d7-bdee-8f06b37d7caf,2026-07-27T19:00:00Z,2026-07-27T21:00:00+0200,9702.176,MW,NL,NL,actual_load,Actual Load,2026-07-30T23:22:13Z
2026-07-30T23:20:14Z,2026-07-31T01:20:14+0200,3d9904ea-ea5b-47d7-bdee-8f06b37d7caf,2026-07-27T19:15:00Z,2026-07-27T21:15:00+0200,10054.076,MW,NL,NL,actual_load,Actual Load,2026-07-30T23:22:13Z
2026-07-30T23:20:14Z,2026-07-31T01:20:14+0200,3d9904ea-ea5b-47d7-bdee-8f06b37d7caf,2026-07-27T19:30:00Z,2026-07-27T21:30:00+0200,10143.566,MW,NL,NL,actual_load,Actual Load,2026-07-30T23:22:13Z
2026-07-30T23:20:14Z,2026-07-31T01:20:14+0200,3d9904ea-ea5b-47d7-bdee-8f06b37d7caf,2026-07-27T19:45:00Z,2026-07-27T21:45:00+0200,10436.296,MW,NL,NL,actual_load,Actual Load,2026-07-30T23:22:13Z
2026-07-30T23:20:14Z,2026-07-31T01:20:14+0200,3d9904ea-ea5b-47d7-bdee-8f06b37d7caf,2026-07-27T20:00:00Z,2026-07-27T22:00:00+0200,10708.806,MW,NL,NL,actual_load,Actual Load,2026-07-30T23:22:13Z
2026-07-30T23:20:14Z,2026-07-31T01:20:14+0200,3d9904ea-ea5b-47d7-bdee-8f06b37d7caf,2026-07-27T20:15:00Z,2026-07-27T22:15:00+0200,10637.076,MW,NL,NL,actual_load,Actual Load,2026-07-30T23:22:13Z
2026-07-30T23:20:14Z,2026-07-31T01:20:14+0200,3d9904ea-ea5b-47d7-bdee-8f06b37d7caf,2026-07-27T20:30:00Z,2026-07-27T22:30:00+0200,10678.296,MW,NL,NL,actual_load,Actual Load,2026-07-30T23:22:13Z
2026-07-30T23:20:14Z,2026-07-31T01:20:14+0200,3d9904ea-ea5b-47d7-bdee-8f06b37d7caf,2026-07-27T20:45:00Z,2026-07-27T22:45:00+0200,10679.286,MW,NL,NL,actual_load,Actual Load,2026-07-30T23:22:13Z
2026-07-30T23:20:14Z,2026-07-31T01:20:14+0200,3d9904ea-ea5b-47d7-bdee-8f06b37d7caf,2026-07-27T21:00:00Z,2026-07-27T23:00:00+0200,10630.056,MW,NL,NL,actual_load,Actual Load,2026-07-30T23:22:13Z
2026-07-30T23:20:14Z,2026-07-31T01:20:14+0200,3d9904ea-ea5b-47d7-bdee-8f06b37d7caf,2026-07-27T21:15:00Z,2026-07-27T23:15:00+0200,10499.106,MW,NL,NL,actual_load,Actual Load,2026-07-30T23:22:13Z
2026-07-30T23:20:14Z,2026-07-31T01:20:14+0200,3d9904ea-ea5b-47d7-bdee-8f06b37d7caf,2026-07-27T21:30:00Z,2026-07-27T23:30:00+0200,10509.496,MW,NL,NL,actual_load,Actual Load,2026-07-30T23:22:13Z
2026-07-30T23:20:14Z,2026-07-31T01:20:14+0200,3d9904ea-ea5b-47d7-bdee-8f06b37d7caf,2026-07-27T21:45:00Z,2026-07-27T23:45:00+0200,10472.466,MW,NL,NL,actual_load,Actual Load,2026-07-30T23:22:13Z
2026-07-30T23:20:14Z,2026-07-31T01:20:14+0200,3d9904ea-ea5b-47d7-bdee-8f06b37d7caf,2026-07-27T22:00:00Z,2026-07-28T00:00:00+0200,10336.246,MW,NL,NL,actual_load,Actual Load,2026-07-30T23:22:13Z
2026-07-30T23:20:14Z,2026-07-31T01:20:14+0200,3d9904ea-ea5b-47d7-bdee-8f06b37d7caf,2026-07-27T22:15:00Z,2026-07-28T00:15:00+0200,10287.236,MW,NL,NL,actual_load,Actual Load,2026-07-30T23:22:13Z
2026-07-30T23:20:14Z,2026-07-31T01:20:14+0200,3d9904ea-ea5b-47d7-bdee-8f06b37d7caf,2026-07-27T22:30:00Z,2026-07-28T00:30:00+0200,10124.306,MW,NL,NL,actual_load,Actual Load,2026-07-30T23:22:13Z
2026-07-30T23:20:14Z,2026-07-31T01:20:14+0200,3d9904ea-ea5b-47d7-bdee-8f06b37d7caf,2026-07-27T22:45:00Z,2026-07-28T00:45:00+0200,9992.856,MW,NL,NL,actual_load,Actual Load,2026-07-30T23:22:13Z
2026-07-30T23:20:14Z,2026-07-31T01:20:14+0200,3d9904ea-ea5b-47d7-bdee-8f06b37d7caf,2026-07-27T23:00:00Z,2026-07-28T01:00:00+0200,10099.156,MW,NL,NL,actual_load,Actual Load,2026-07-30T23:22:13Z
2026-07-30T23:20:14Z,2026-07-31T01:20:14+0200,3d9904ea-ea5b-47d7-bdee-8f06b37d7caf,2026-07-27T23:15:00Z,2026-07-28T01:15:00+0200,10309.016,MW,NL,NL,actual_load,Actual Load,2026-07-30T23:22:13Z
2026-07-30T23:20:14Z,2026-07-31T01:20:14+0200,3d9904ea-ea5b-47d7-bdee-8f06b37d7caf,2026-07-27T23:30:00Z,2026-07-28T01:30:00+0200,10386.926,MW,NL,NL,actual_load,Actual Load,2026-07-30T23:22:13Z
2026-07-30T23:20:14Z,2026-07-31T01:20:14+0200,3d9904ea-ea5b-47d7-bdee-8f06b37d7caf,2026-07-27T23:45:00Z,2026-07-28T01:45:00+0200,10459.576,MW,NL,NL,actual_load,Actual Load,2026-07-30T23:22:13Z
2026-07-30T23:20:14Z,2026-07-31T01:20:14+0200,3d9904ea-ea5b-47d7-bdee-8f06b37d7caf,2026-07-28T00:00:00Z,2026-07-28T02:00:00+0200,10461.016,MW,NL,NL,actual_load,Actual Load,2026-07-30T23:22:13Z
2026-07-30T23:20:14Z,2026-07-31T01:20:14+0200,3d9904ea-ea5b-47d7-bdee-8f06b37d7caf,2026-07-28T00:15:00Z,2026-07-28T02:15:00+0200,10495.756,MW,NL,NL,actual_load,Actual Load,2026-07-30T23:22:13Z
2026-07-30T23:20:14Z,2026-07-31T01:20:14+0200,3d9904ea-ea5b-47d7-bdee-8f06b37d7caf,2026-07-28T00:30:00Z,2026-07-28T02:30:00+0200,10455.476,MW,NL,NL,actual_load,Actual Load,2026-07-30T23:22:13Z
2026-07-30T23:20:14Z,2026-07-31T01:20:14+0200,3d9904ea-ea5b-47d7-bdee-8f06b37d7caf,2026-07-28T00:45:00Z,2026-07-28T02:45:00+0200,10437.496,MW,NL,NL,actual_load,Actual Load,2026-07-30T23:22:13Z
2026-07-30T23:20:14Z,2026-07-31T01:20:14+0200,3d9904ea-ea5b-47d7-bdee-8f06b37d7caf,2026-07-28T01:00:00Z,2026-07-28T03:00:00+0200,10396.756,MW,NL,NL,actual_load,Actual Load,2026-07-30T23:22:13Z
2026-07-30T23:20:14Z,2026-07-31T01:20:14+0200,3d9904ea-ea5b-47d7-bdee-8f06b37d7caf,2026-07-28T01:15:00Z,2026-07-28T03:15:00+0200,10401.066,MW,NL,NL,actual_load,Actual Load,2026-07-30T23:22:13Z
2026-07-30T23:20:14Z,2026-07-31T01:20:14+0200,3d9904ea-ea5b-47d7-bdee-8f06b37d7caf,2026-07-28T01:30:00Z,2026-07-28T03:30:00+0200,10360.096,MW,NL,NL,actual_load,Actual Load,2026-07-30T23:22:13Z
2026-07-30T23:20:14Z,2026-07-31T01:20:14+0200,3d9904ea-ea5b-47d7-bdee-8f06b37d7caf,2026-07-28T01:45:00Z,2026-07-28T03:45:00+0200,10336.196,MW,NL,NL,actual_load,Actual Load,2026-07-30T23:22:13Z
2026-07-30T23:20:14Z,2026-07-31T01:20:14+0200,3d9904ea-ea5b-47d7-bdee-8f06b37d7caf,2026-07-28T02:00:00Z,2026-07-28T04:00:00+0200,10325.136,MW,NL,NL,actual_load,Actual Load,2026-07-30T23:22:13Z
2026-07-30T23:20:14Z,2026-07-31T01:20:14+0200,3d9904ea-ea5b-47d7-bdee-8f06b37d7caf,2026-07-28T02:15:00Z,2026-07-28T04:15:00+0200,10394.376,MW,NL,NL,actual_load,Actual Load,2026-07-30T23:22:13Z
2026-07-30T23:20:14Z,2026-07-31T01:20:14+0200,3d9904ea-ea5b-47d7-bdee-8f06b37d7caf,2026-07-28T02:30:00Z,2026-07-28T04:30:00+0200,10256.586,MW,NL,NL,actual_load,Actual Load,2026-07-30T23:22:13Z
2026-07-30T23:20:14Z,2026-07-31T01:20:14+0200,3d9904ea-ea5b-47d7-bdee-8f06b37d7caf,2026-07-28T02:45:00Z,2026-07-28T04:45:00+0200,10167.906,MW,NL,NL,actual_load,Actual Load,2026-07-30T23:22:13Z
2026-07-30T23:20:14Z,2026-07-31T01:20:14+0200,3d9904ea-ea5b-47d7-bdee-8f06b37d7caf,2026-07-28T03:00:00Z,2026-07-28T05:00:00+0200,10045.396,MW,NL,NL,actual_load,Actual Load,2026-07-30T23:22:13Z
2026-07-30T23:20:14Z,2026-07-31T01:20:14+0200,3d9904ea-ea5b-47d7-bdee-8f06b37d7caf,2026-07-28T03:15:00Z,2026-07-28T05:15:00+0200,10080.846,MW,NL,NL,actual_load,Actual Load,2026-07-30T23:22:13Z
2026-07-30T23:20:14Z,2026-07-31T01:20:14+0200,3d9904ea-ea5b-47d7-bdee-8f06b37d7caf,2026-07-28T03:30:00Z,2026-07-28T05:30:00+0200,10079.506,MW,NL,NL,actual_load,Actual Load,2026-07-30T23:22:13Z
2026-07-30T23:20:14Z,2026-07-31T01:20:14+0200,3d9904ea-ea5b-47d7-bdee-8f06b37d7caf,2026-07-28T03:45:00Z,2026-07-28T05:45:00+0200,10012.966,MW,NL,NL,actual_load,Actual Load,2026-07-30T23:22:13Z
2026-07-30T23:20:14Z,2026-07-31T01:20:14+0200,3d9904ea-ea5b-47d7-bdee-8f06b37d7caf,2026-07-28T04:00:00Z,2026-07-28T06:00:00+0200,9867.086,MW,NL,NL,actual_load,Actual Load,2026-07-30T23:22:13Z
2026-07-30T23:20:14Z,2026-07-31T01:20:14+0200,3d9904ea-ea5b-47d7-bdee-8f06b37d7caf,2026-07-28T04:15:00Z,2026-07-28T06:15:00+0200,9745.186,MW,NL,NL,actual_load,Actual Load,2026-07-30T23:22:13Z
2026-07-30T23:20:14Z,2026-07-31T01:20:14+0200,3d9904ea-ea5b-47d7-bdee-8f06b37d7caf,2026-07-28T04:30:00Z,2026-07-28T06:30:00+0200,9715.956,MW,NL,NL,actual_load,Actual Load,2026-07-30T23:22:13Z
2026-07-30T23:20:14Z,2026-07-31T01:20:14+0200,3d9904ea-ea5b-47d7-bdee-8f06b37d7caf,2026-07-28T04:45:00Z,2026-07-28T06:45:00+0200,9641.456,MW,NL,NL,actual_load,Actual Load,2026-07-30T23:22:13Z
2026-07-30T23:20:14Z,2026-07-31T01:20:14+0200,3d9904ea-ea5b-47d7-bdee-8f06b37d7caf,2026-07-28T05:00:00Z,2026-07-28T07:00:00+0200,9460.946,MW,NL,NL,actual_load,Actual Load,2026-07-30T23:22:13Z
2026-07-30T23:20:14Z,2026-07-31T01:20:14+0200,3d9904ea-ea5b-47d7-bdee-8f06b37d7caf,2026-07-28T05:15:00Z,2026-07-28T07:15:00+0200,9170.016,MW,NL,NL,actual_load,Actual Load,2026-07-30T23:22:13Z
2026-07-30T23:20:14Z,2026-07-31T01:20:14+0200,3d9904ea-ea5b-47d7-bdee-8f06b37d7caf,2026-07-28T05:30:00Z,2026-07-28T07:30:00+0200,8962.476,MW,NL,NL,actual_load,Actual Load,2026-07-30T23:22:13Z
2026-07-30T23:20:14Z,2026-07-31T01:20:14+0200,3d9904ea-ea5b-47d7-bdee-8f06b37d7caf,2026-07-28T05:45:00Z,2026-07-28T07:45:00+0200,8856.586,MW,NL,NL,actual_load,Actual Load,2026-07-30T23:22:13Z
2026-07-30T23:20:14Z,2026-07-31T01:20:14+0200,3d9904ea-ea5b-47d7-bdee-8f06b37d7caf,2026-07-28T06:00:00Z,2026-07-28T08:00:00+0200,8635.166,MW,NL,NL,actual_load,Actual Load,2026-07-30T23:22:13Z
2026-07-30T23:20:14Z,2026-07-31T01:20:14+0200,3d9904ea-ea5b-47d7-bdee-8f06b37d7caf,2026-07-28T06:15:00Z,2026-07-28T08:15:00+0200,8091.796,MW,NL,NL,actual_load,Actual Load,2026-07-30T23:22:13Z
2026-07-30T23:20:14Z,2026-07-31T01:20:14+0200,3d9904ea-ea5b-47d7-bdee-8f06b37d7caf,2026-07-28T06:30:00Z,2026-07-28T08:30:00+0200,7854.256,MW,NL,NL,actual_load,Actual Load,2026-07-30T23:22:13Z
2026-07-30T23:20:14Z,2026-07-31T01:20:14+0200,3d9904ea-ea5b-47d7-bdee-8f06b37d7caf,2026-07-28T06:45:00Z,2026-07-28T08:45:00+0200,7692.676,MW,NL,NL,actual_load,Actual Load,2026-07-30T23:22:13Z
2026-07-30T23:20:14Z,2026-07-31T01:20:14+0200,3d9904ea-ea5b-47d7-bdee-8f06b37d7caf,2026-07-28T07:00:00Z,2026-07-28T09:00:00+0200,7259.676,MW,NL,NL,actual_load,Actual Load,2026-07-30T23:22:13Z
2026-07-30T23:20:14Z,2026-07-31T01:20:14+0200,3d9904ea-ea5b-47d7-bdee-8f06b37d7caf,2026-07-28T07:15:00Z,2026-07-28T09:15:00+0200,6562.506,MW,NL,NL,actual_load,Actual Load,2026-07-30T23:22:13Z
2026-07-30T23:20:14Z,2026-07-31T01:20:14+0200,3d9904ea-ea5b-47d7-bdee-8f06b37d7caf,2026-07-28T07:30:00Z,2026-07-28T09:30:00+0200,6194.806,MW,NL,NL,actual_load,Actual Load,2026-07-30T23:22:13Z
2026-07-30T23:20:14Z,2026-07-31T01:20:14+0200,3d9904ea-ea5b-47d7-bdee-8f06b37d7caf,2026-07-28T07:45:00Z,2026-07-28T09:45:00+0200,5656.936,MW,NL,NL,actual_load,Actual Load,2026-07-30T23:22:13Z
2026-07-30T23:20:14Z,2026-07-31T01:20:14+0200,3d9904ea-ea5b-47d7-bdee-8f06b37d7caf,2026-07-28T08:00:00Z,2026-07-28T10:00:00+0200,5177.516,MW,NL,NL,actual_load,Actual Load,2026-07-30T23:22:13Z
2026-07-30T23:20:14Z,2026-07-31T01:20:14+0200,3d9904ea-ea5b-47d7-bdee-8f06b37d7caf,2026-07-28T08:15:00Z,2026-07-28T10:15:00+0200,4467.901,MW,NL,NL,actual_load,Actual Load,2026-07-30T23:22:13Z
2026-07-30T23:20:14Z,2026-07-31T01:20:14+0200,3d9904ea-ea5b-47d7-bdee-8f06b37d7caf,2026-07-28T08:30:00Z,2026-07-28T10:30:00+0200,4331.764,MW,NL,NL,actual_load,Actual Load,2026-07-30T23:22:13Z
2026-07-30T23:20:14Z,2026-07-31T01:20:14+0200,3d9904ea-ea5b-47d7-bdee-8f06b37d7caf,2026-07-28T08:45:00Z,2026-07-28T10:45:00+0200,3602.268,MW,NL,NL,actual_load,Actual Load,2026-07-30T23:22:13Z
2026-07-30T23:20:14Z,2026-07-31T01:20:14+0200,3d9904ea-ea5b-47d7-bdee-8f06b37d7caf,2026-07-28T09:00:00Z,2026-07-28T11:00:00+0200,3037.948,MW,NL,NL,actual_load,Actual Load,2026-07-30T23:22:13Z
2026-07-30T23:20:14Z,2026-07-31T01:20:14+0200,3d9904ea-ea5b-47d7-bdee-8f06b37d7caf,2026-07-28T09:15:00Z,2026-07-28T11:15:00+0200,2757.878,MW,NL,NL,actual_load,Actual Load,2026-07-30T23:22:13Z
2026-07-30T23:20:14Z,2026-07-31T01:20:14+0200,3d9904ea-ea5b-47d7-bdee-8f06b37d7caf,2026-07-28T09:30:00Z,2026-07-28T11:30:00+0200,2428.836,MW,NL,NL,actual_load,Actual Load,2026-07-30T23:22:13Z
2026-07-30T23:20:14Z,2026-07-31T01:20:14+0200,3d9904ea-ea5b-47d7-bdee-8f06b37d7caf,2026-07-28T09:45:00Z,2026-07-28T11:45:00+0200,2480.366,MW,NL,NL,actual_load,Actual Load,2026-07-30T23:22:13Z
2026-07-30T23:20:14Z,2026-07-31T01:20:14+0200,3d9904ea-ea5b-47d7-bdee-8f06b37d7caf,2026-07-28T10:00:00Z,2026-07-28T12:00:00+0200,2320.426,MW,NL,NL,actual_load,Actual Load,2026-07-30T23:22:13Z
2026-07-30T23:20:14Z,2026-07-31T01:20:14+0200,3d9904ea-ea5b-47d7-bdee-8f06b37d7caf,2026-07-28T10:15:00Z,2026-07-28T12:15:00+0200,2296.466,MW,NL,NL,actual_load,Actual Load,2026-07-30T23:22:13Z
2026-07-30T23:20:14Z,2026-07-31T01:20:14+0200,3d9904ea-ea5b-47d7-bdee-8f06b37d7caf,2026-07-28T10:30:00Z,2026-07-28T12:30:00+0200,1849.816,MW,NL,NL,actual_load,Actual Load,2026-07-30T23:22:13Z
2026-07-30T23:20:14Z,2026-07-31T01:20:14+0200,3d9904ea-ea5b-47d7-bdee-8f06b37d7caf,2026-07-28T10:45:00Z,2026-07-28T12:45:00+0200,1730.776,MW,NL,NL,actual_load,Actual Load,2026-07-30T23:22:13Z
2026-07-30T23:20:14Z,2026-07-31T01:20:14+0200,3d9904ea-ea5b-47d7-bdee-8f06b37d7caf,2026-07-28T11:00:00Z,2026-07-28T13:00:00+0200,1189.176,MW,NL,NL,actual_load,Actual Load,2026-07-30T23:22:13Z
2026-07-30T23:20:14Z,2026-07-31T01:20:14+0200,3d9904ea-ea5b-47d7-bdee-8f06b37d7caf,2026-07-28T11:15:00Z,2026-07-28T13:15:00+0200,1268.416,MW,NL,NL,actual_load,Actual Load,2026-07-30T23:22:13Z
2026-07-30T23:20:14Z,2026-07-31T01:20:14+0200,3d9904ea-ea5b-47d7-bdee-8f06b37d7caf,2026-07-28T11:30:00Z,2026-07-28T13:30:00+0200,1271.216,MW,NL,NL,actual_load,Actual Load,2026-07-30T23:22:13Z
2026-07-30T23:20:14Z,2026-07-31T01:20:14+0200,3d9904ea-ea5b-47d7-bdee-8f06b37d7caf,2026-07-28T11:45:00Z,2026-07-28T13:45:00+0200,1360.616,MW,NL,NL,actual_load,Actual Load,2026-07-30T23:22:13Z
2026-07-30T23:20:14Z,2026-07-31T01:20:14+0200,3d9904ea-ea5b-47d7-bdee-8f06b37d7caf,2026-07-28T12:00:00Z,2026-07-28T14:00:00+0200,1461.686,MW,NL,NL,actual_load,Actual Load,2026-07-30T23:22:13Z
2026-07-30T23:20:14Z,2026-07-31T01:20:14+0200,3d9904ea-ea5b-47d7-bdee-8f06b37d7caf,2026-07-28T12:15:00Z,2026-07-28T14:15:00+0200,1796.096,MW,NL,NL,actual_load,Actual Load,2026-07-30T23:22:13Z
2026-07-30T23:20:14Z,2026-07-31T01:20:14+0200,3d9904ea-ea5b-47d7-bdee-8f06b37d7caf,2026-07-28T12:30:00Z,2026-07-28T14:30:00+0200,2119.796,MW,NL,NL,actual_load,Actual Load,2026-07-30T23:22:13Z
2026-07-30T23:20:14Z,2026-07-31T01:20:14+0200,3d9904ea-ea5b-47d7-bdee-8f06b37d7caf,2026-07-28T12:45:00Z,2026-07-28T14:45:00+0200,2336.456,MW,NL,NL,actual_load,Actual Load,2026-07-30T23:22:13Z
2026-07-30T23:20:14Z,2026-07-31T01:20:14+0200,3d9904ea-ea5b-47d7-bdee-8f06b37d7caf,2026-07-28T13:00:00Z,2026-07-28T15:00:00+0200,2464.686,MW,NL,NL,actual_load,Actual Load,2026-07-30T23:22:13Z
2026-07-30T23:20:14Z,2026-07-31T01:20:14+0200,3d9904ea-ea5b-47d7-bdee-8f06b37d7caf,2026-07-28T13:15:00Z,2026-07-28T15:15:00+0200,3250.301,MW,NL,NL,actual_load,Actual Load,2026-07-30T23:22:13Z
2026-07-30T23:20:14Z,2026-07-31T01:20:14+0200,3d9904ea-ea5b-47d7-bdee-8f06b37d7caf,2026-07-28T13:30:00Z,2026-07-28T15:30:00+0200,3024.225,MW,NL,NL,actual_load,Actual Load,2026-07-30T23:22:13Z
2026-07-30T23:20:14Z,2026-07-31T01:20:14+0200,3d9904ea-ea5b-47d7-bdee-8f06b37d7caf,2026-07-28T13:45:00Z,2026-07-28T15:45:00+0200,3131.48,MW,NL,NL,actual_load,Actual Load,2026-07-30T23:22:13Z
2026-07-30T23:20:14Z,2026-07-31T01:20:14+0200,3d9904ea-ea5b-47d7-bdee-8f06b37d7caf,2026-07-28T14:00:00Z,2026-07-28T16:00:00+0200,3330.141,MW,NL,NL,actual_load,Actual Load,2026-07-30T23:22:13Z
2026-07-30T23:20:14Z,2026-07-31T01:20:14+0200,3d9904ea-ea5b-47d7-bdee-8f06b37d7caf,2026-07-28T14:15:00Z,2026-07-28T16:15:00+0200,3938.381,MW,NL,NL,actual_load,Actual Load,2026-07-30T23:22:13Z
2026-07-30T23:20:14Z,2026-07-31T01:20:14+0200,3d9904ea-ea5b-47d7-bdee-8f06b37d7caf,2026-07-28T14:30:00Z,2026-07-28T16:30:00+0200,4412.32,MW,NL,NL,actual_load,Actual Load,2026-07-30T23:22:13Z
2026-07-30T23:20:14Z,2026-07-31T01:20:14+0200,3d9904ea-ea5b-47d7-bdee-8f06b37d7caf,2026-07-28T14:45:00Z,2026-07-28T16:45:00+0200,4716.426,MW,NL,NL,actual_load,Actual Load,2026-07-30T23:22:13Z
2026-07-30T23:20:14Z,2026-07-31T01:20:14+0200,3d9904ea-ea5b-47d7-bdee-8f06b37d7caf,2026-07-28T15:00:00Z,2026-07-28T17:00:00+0200,5472.906,MW,NL,NL,actual_load,Actual Load,2026-07-30T23:22:13Z
2026-07-30T23:20:14Z,2026-07-31T01:20:14+0200,3d9904ea-ea5b-47d7-bdee-8f06b37d7caf,2026-07-28T15:15:00Z,2026-07-28T17:15:00+0200,5844.016,MW,NL,NL,actual_load,Actual Load,2026-07-30T23:22:13Z
2026-07-30T23:20:14Z,2026-07-31T01:20:14+0200,3d9904ea-ea5b-47d7-bdee-8f06b37d7caf,2026-07-28T15:30:00Z,2026-07-28T17:30:00+0200,6427.136,MW,NL,NL,actual_load,Actual Load,2026-07-30T23:22:13Z
2026-07-30T23:20:14Z,2026-07-31T01:20:14+0200,3d9904ea-ea5b-47d7-bdee-8f06b37d7caf,2026-07-28T15:45:00Z,2026-07-28T17:45:00+0200,6896.776,MW,NL,NL,actual_load,Actual Load,2026-07-30T23:22:13Z
2026-07-30T23:20:14Z,2026-07-31T01:20:14+0200,3d9904ea-ea5b-47d7-bdee-8f06b37d7caf,2026-07-28T16:00:00Z,2026-07-28T18:00:00+0200,7161.056,MW,NL,NL,actual_load,Actual Load,2026-07-30T23:22:13Z
2026-07-30T23:20:14Z,2026-07-31T01:20:14+0200,3d9904ea-ea5b-47d7-bdee-8f06b37d7caf,2026-07-28T16:15:00Z,2026-07-28T18:15:00+0200,7894.806,MW,NL,NL,actual_load,Actual Load,2026-07-30T23:22:13Z
2026-07-30T23:20:14Z,2026-07-31T01:20:14+0200,3d9904ea-ea5b-47d7-bdee-8f06b37d7caf,2026-07-28T16:30:00Z,2026-07-28T18:30:00+0200,8331.286,MW,NL,NL,actual_load,Actual Load,2026-07-30T23:22:13Z
2026-07-30T23:20:14Z,2026-07-31T01:20:14+0200,3d9904ea-ea5b-47d7-bdee-8f06b37d7caf,2026-07-28T16:45:00Z,2026-07-28T18:45:00+0200,8773.096,MW,NL,NL,actual_load,Actual Load,2026-07-30T23:22:13Z
2026-07-30T23:20:14Z,2026-07-31T01:20:14+0200,3d9904ea-ea5b-47d7-bdee-8f06b37d7caf,2026-07-28T17:00:00Z,2026-07-28T19:00:00+0200,9021.666,MW,NL,NL,actual_load,Actual Load,2026-07-30T23:22:13Z
2026-07-30T23:20:14Z,2026-07-31T01:20:14+0200,3d9904ea-ea5b-47d7-bdee-8f06b37d7caf,2026-07-28T17:15:00Z,2026-07-28T19:15:00+0200,9100.876,MW,NL,NL,actual_load,Actual Load,2026-07-30T23:22:13Z
2026-07-30T23:20:14Z,2026-07-31T01:20:14+0200,3d9904ea-ea5b-47d7-bdee-8f06b37d7caf,2026-07-28T17:30:00Z,2026-07-28T19:30:00+0200,9528.046,MW,NL,NL,actual_load,Actual Load,2026-07-30T23:22:13Z
2026-07-30T23:20:14Z,2026-07-31T01:20:14+0200,3d9904ea-ea5b-47d7-bdee-8f06b37d7caf,2026-07-28T17:45:00Z,2026-07-28T19:45:00+0200,9945.886,MW,NL,NL,actual_load,Actual Load,2026-07-30T23:22:13Z
2026-07-30T23:20:14Z,2026-07-31T01:20:14+0200,3d9904ea-ea5b-47d7-bdee-8f06b37d7caf,2026-07-28T18:00:00Z,2026-07-28T20:00:00+0200,10102.846,MW,NL,NL,actual_load,Actual Load,2026-07-30T23:22:13Z
2026-07-30T23:20:14Z,2026-07-31T01:20:14+0200,3d9904ea-ea5b-47d7-bdee-8f06b37d7caf,2026-07-28T18:15:00Z,2026-07-28T20:15:00+0200,10584.946,MW,NL,NL,actual_load,Actual Load,2026-07-30T23:22:13Z
2026-07-30T23:20:14Z,2026-07-31T01:20:14+0200,3d9904ea-ea5b-47d7-bdee-8f06b37d7caf,2026-07-28T18:30:00Z,2026-07-28T20:30:00+0200,10890.096,MW,NL,NL,actual_load,Actual Load,2026-07-30T23:22:13Z
2026-07-30T23:20:14Z,2026-07-31T01:20:14+0200,3d9904ea-ea5b-47d7-bdee-8f06b37d7caf,2026-07-28T18:45:00Z,2026-07-28T20:45:00+0200,10816.756,MW,NL,NL,actual_load,Actual Load,2026-07-30T23:22:13Z
2026-07-30T23:20:14Z,2026-07-31T01:20:14+0200,3d9904ea-ea5b-47d7-bdee-8f06b37d7caf,2026-07-28T19:00:00Z,2026-07-28T21:00:00+0200,10855.306,MW,NL,NL,actual_load,Actual Load,2026-07-30T23:22:13Z
2026-07-30T23:20:14Z,2026-07-31T01:20:14+0200,3d9904ea-ea5b-47d7-bdee-8f06b37d7caf,2026-07-28T19:15:00Z,2026-07-28T21:15:00+0200,10975.836,MW,NL,NL,actual_load,Actual Load,2026-07-30T23:22:13Z
2026-07-30T23:20:14Z,2026-07-31T01:20:14+0200,3d9904ea-ea5b-47d7-bdee-8f06b37d7caf,2026-07-28T19:30:00Z,2026-07-28T21:30:00+0200,11030.426,MW,NL,NL,actual_load,Actual Load,2026-07-30T23:22:13Z
2026-07-30T23:20:14Z,2026-07-31T01:20:14+0200,3d9904ea-ea5b-47d7-bdee-8f06b37d7caf,2026-07-28T19:45:00Z,2026-07-28T21:45:00+0200,11240.476,MW,NL,NL,actual_load,Actual Load,2026-07-30T23:22:13Z
2026-07-30T23:20:14Z,2026-07-31T01:20:14+0200,3d9904ea-ea5b-47d7-bdee-8f06b37d7caf,2026-07-28T20:00:00Z,2026-07-28T22:00:00+0200,11433.576,MW,NL,NL,actual_load,Actual Load,2026-07-30T23:22:13Z
2026-07-30T23:20:14Z,2026-07-31T01:20:14+0200,3d9904ea-ea5b-47d7-bdee-8f06b37d7caf,2026-07-28T20:15:00Z,2026-07-28T22:15:00+0200,11207.526,MW,NL,NL,actual_load,Actual Load,2026-07-30T23:22:13Z
2026-07-30T23:20:14Z,2026-07-31T01:20:14+0200,3d9904ea-ea5b-47d7-bdee-8f06b37d7caf,2026-07-28T20:30:00Z,2026-07-28T22:30:00+0200,11278.856,MW,NL,NL,actual_load,Actual Load,2026-07-30T23:22:13Z
2026-07-30T23:20:14Z,2026-07-31T01:20:14+0200,3d9904ea-ea5b-47d7-bdee-8f06b37d7caf,2026-07-28T20:45:00Z,2026-07-28T22:45:00+0200,11248.666,MW,NL,NL,actual_load,Actual Load,2026-07-30T23:22:13Z
2026-07-30T23:20:14Z,2026-07-31T01:20:14+0200,3d9904ea-ea5b-47d7-bdee-8f06b37d7caf,2026-07-28T21:00:00Z,2026-07-28T23:00:00+0200,11225.466,MW,NL,NL,actual_load,Actual Load,2026-07-30T23:22:13Z
2026-07-30T23:20:14Z,2026-07-31T01:20:14+0200,3d9904ea-ea5b-47d7-bdee-8f06b37d7caf,2026-07-28T21:15:00Z,2026-07-28T23:15:00+0200,11246.936,MW,NL,NL,actual_load,Actual Load,2026-07-30T23:22:13Z
2026-07-30T23:20:14Z,2026-07-31T01:20:14+0200,3d9904ea-ea5b-47d7-bdee-8f06b37d7caf,2026-07-28T21:30:00Z,2026-07-28T23:30:00+0200,11138.976,MW,NL,NL,actual_load,Actual Load,2026-07-30T23:22:13Z
2026-07-30T23:20:14Z,2026-07-31T01:20:14+0200,3d9904ea-ea5b-47d7-bdee-8f06b37d7caf,2026-07-28T21:45:00Z,2026-07-28T23:45:00+0200,11045.406,MW,NL,NL,actual_load,Actual Load,2026-07-30T23:22:13Z
2026-07-30T23:20:14Z,2026-07-31T01:20:14+0200,3d9904ea-ea5b-47d7-bdee-8f06b37d7caf,2026-07-28T22:00:00Z,2026-07-29T00:00:00+0200,11033.716,MW,NL,NL,actual_load,Actual Load,2026-07-30T23:22:13Z
2026-07-30T23:20:14Z,2026-07-31T01:20:14+0200,3d9904ea-ea5b-47d7-bdee-8f06b37d7caf,2026-07-28T22:15:00Z,2026-07-29T00:15:00+0200,11314.856,MW,NL,NL,actual_load,Actual Load,2026-07-30T23:22:13Z
2026-07-30T23:20:14Z,2026-07-31T01:20:14+0200,3d9904ea-ea5b-47d7-bdee-8f06b37d7caf,2026-07-28T22:30:00Z,2026-07-29T00:30:00+0200,11272.786,MW,NL,NL,actual_load,Actual Load,2026-07-30T23:22:13Z
2026-07-30T23:20:14Z,2026-07-31T01:20:14+0200,3d9904ea-ea5b-47d7-bdee-8f06b37d7caf,2026-07-28T22:45:00Z,2026-07-29T00:45:00+0200,11180.116,MW,NL,NL,actual_load,Actual Load,2026-07-30T23:22:13Z
2026-07-30T23:20:14Z,2026-07-31T01:20:14+0200,3d9904ea-ea5b-47d7-bdee-8f06b37d7caf,2026-07-28T23:00:00Z,2026-07-29T01:00:00+0200,11070.986,MW,NL,NL,actual_load,Actual Load,2026-07-30T23:22:13Z
2026-07-30T23:20:14Z,2026-07-31T01:20:14+0200,3d9904ea-ea5b-47d7-bdee-8f06b37d7caf,2026-07-28T23:15:00Z,2026-07-29T01:15:00+0200,11008.586,MW,NL,NL,actual_load,Actual Load,2026-07-30T23:22:13Z
2026-07-30T23:20:14Z,2026-07-31T01:20:14+0200,3d9904ea-ea5b-47d7-bdee-8f06b37d7caf,2026-07-28T23:30:00Z,2026-07-29T01:30:00+0200,10960.216,MW,NL,NL,actual_load,Actual Load,2026-07-30T23:22:13Z
2026-07-30T23:20:14Z,2026-07-31T01:20:14+0200,3d9904ea-ea5b-47d7-bdee-8f06b37d7caf,2026-07-28T23:45:00Z,2026-07-29T01:45:00+0200,10942.646,MW,NL,NL,actual_load,Actual Load,2026-07-30T23:22:13Z
2026-07-30T23:20:14Z,2026-07-31T01:20:14+0200,3d9904ea-ea5b-47d7-bdee-8f06b37d7caf,2026-07-29T00:00:00Z,2026-07-29T02:00:00+0200,10866.096,MW,NL,NL,actual_load,Actual Load,2026-07-30T23:22:13Z
2026-07-30T23:20:14Z,2026-07-31T01:20:14+0200,3d9904ea-ea5b-47d7-bdee-8f06b37d7caf,2026-07-29T00:15:00Z,2026-07-29T02:15:00+0200,10795.126,MW,NL,NL,actual_load,Actual Load,2026-07-30T23:22:13Z
2026-07-30T23:20:14Z,2026-07-31T01:20:14+0200,3d9904ea-ea5b-47d7-bdee-8f06b37d7caf,2026-07-29T00:30:00Z,2026-07-29T02:30:00+0200,10813.836,MW,NL,NL,actual_load,Actual Load,2026-07-30T23:22:13Z
2026-07-30T23:20:14Z,2026-07-31T01:20:14+0200,3d9904ea-ea5b-47d7-bdee-8f06b37d7caf,2026-07-29T00:45:00Z,2026-07-29T02:45:00+0200,10864.676,MW,NL,NL,actual_load,Actual Load,2026-07-30T23:22:13Z
2026-07-30T23:20:14Z,2026-07-31T01:20:14+0200,3d9904ea-ea5b-47d7-bdee-8f06b37d7caf,2026-07-29T01:00:00Z,2026-07-29T03:00:00+0200,10742.676,MW,NL,NL,actual_load,Actual Load,2026-07-30T23:22:13Z
2026-07-30T23:20:14Z,2026-07-31T01:20:14+0200,3d9904ea-ea5b-47d7-bdee-8f06b37d7caf,2026-07-29T01:15:00Z,2026-07-29T03:15:00+0200,10729.876,MW,NL,NL,actual_load,Actual Load,2026-07-30T23:22:13Z
2026-07-30T23:20:14Z,2026-07-31T01:20:14+0200,3d9904ea-ea5b-47d7-bdee-8f06b37d7caf,2026-07-29T01:30:00Z,2026-07-29T03:30:00+0200,10668.726,MW,NL,NL,actual_load,Actual Load,2026-07-30T23:22:13Z
2026-07-30T23:20:14Z,2026-07-31T01:20:14+0200,3d9904ea-ea5b-47d7-bdee-8f06b37d7caf,2026-07-29T01:45:00Z,2026-07-29T03:45:00+0200,10584.176,MW,NL,NL,actual_load,Actual Load,2026-07-30T23:22:13Z
2026-07-30T23:20:14Z,2026-07-31T01:20:14+0200,3d9904ea-ea5b-47d7-bdee-8f06b37d7caf,2026-07-29T02:00:00Z,2026-07-29T04:00:00+0200,10579.476,MW,NL,NL,actual_load,Actual Load,2026-07-30T23:22:13Z
2026-07-30T23:20:14Z,2026-07-31T01:20:14+0200,3d9904ea-ea5b-47d7-bdee-8f06b37d7caf,2026-07-29T02:15:00Z,2026-07-29T04:15:00+0200,10602.086,MW,NL,NL,actual_load,Actual Load,2026-07-30T23:22:13Z
2026-07-30T23:20:14Z,2026-07-31T01:20:14+0200,3d9904ea-ea5b-47d7-bdee-8f06b37d7caf,2026-07-29T02:30:00Z,2026-07-29T04:30:00+0200,10510.356,MW,NL,NL,actual_load,Actual Load,2026-07-30T23:22:13Z
2026-07-30T23:20:14Z,2026-07-31T01:20:14+0200,3d9904ea-ea5b-47d7-bdee-8f06b37d7caf,2026-07-29T02:45:00Z,2026-07-29T04:45:00+0200,10380.196,MW,NL,NL,actual_load,Actual Load,2026-07-30T23:22:13Z
2026-07-30T23:20:14Z,2026-07-31T01:20:14+0200,3d9904ea-ea5b-47d7-bdee-8f06b37d7caf,2026-07-29T03:00:00Z,2026-07-29T05:00:00+0200,10273.586,MW,NL,NL,actual_load,Actual Load,2026-07-30T23:22:13Z
2026-07-30T23:20:14Z,2026-07-31T01:20:14+0200,3d9904ea-ea5b-47d7-bdee-8f06b37d7caf,2026-07-29T03:15:00Z,2026-07-29T05:15:00+0200,10383.816,MW,NL,NL,actual_load,Actual Load,2026-07-30T23:22:13Z
2026-07-30T23:20:14Z,2026-07-31T01:20:14+0200,3d9904ea-ea5b-47d7-bdee-8f06b37d7caf,2026-07-29T03:30:00Z,2026-07-29T05:30:00+0200,10435.256,MW,NL,NL,actual_load,Actual Load,2026-07-30T23:22:13Z
2026-07-30T23:20:14Z,2026-07-31T01:20:14+0200,3d9904ea-ea5b-47d7-bdee-8f06b37d7caf,2026-07-29T03:45:00Z,2026-07-29T05:45:00+0200,10391.106,MW,NL,NL,actual_load,Actual Load,2026-07-30T23:22:13Z
2026-07-30T23:20:14Z,2026-07-31T01:20:14+0200,3d9904ea-ea5b-47d7-bdee-8f06b37d7caf,2026-07-29T04:00:00Z,2026-07-29T06:00:00+0200,10240.376,MW,NL,NL,actual_load,Actual Load,2026-07-30T23:22:13Z
2026-07-30T23:20:14Z,2026-07-31T01:20:14+0200,3d9904ea-ea5b-47d7-bdee-8f06b37d7caf,2026-07-29T04:15:00Z,2026-07-29T06:15:00+0200,10081.536,MW,NL,NL,actual_load,Actual Load,2026-07-30T23:22:13Z
2026-07-30T23:20:14Z,2026-07-31T01:20:14+0200,3d9904ea-ea5b-47d7-bdee-8f06b37d7caf,2026-07-29T04:30:00Z,2026-07-29T06:30:00+0200,9885.556,MW,NL,NL,actual_load,Actual Load,2026-07-30T23:22:13Z
2026-07-30T23:20:14Z,2026-07-31T01:20:14+0200,3d9904ea-ea5b-47d7-bdee-8f06b37d7caf,2026-07-29T04:45:00Z,2026-07-29T06:45:00+0200,9720.436,MW,NL,NL,actual_load,Actual Load,2026-07-30T23:22:13Z
2026-07-30T23:20:14Z,2026-07-31T01:20:14+0200,3d9904ea-ea5b-47d7-bdee-8f06b37d7caf,2026-07-29T05:00:00Z,2026-07-29T07:00:00+0200,9691.576,MW,NL,NL,actual_load,Actual Load,2026-07-30T23:22:13Z
2026-07-30T23:20:14Z,2026-07-31T01:20:14+0200,3d9904ea-ea5b-47d7-bdee-8f06b37d7caf,2026-07-29T05:15:00Z,2026-07-29T07:15:00+0200,9480.596,MW,NL,NL,actual_load,Actual Load,2026-07-30T23:22:13Z
2026-07-30T23:20:14Z,2026-07-31T01:20:14+0200,3d9904ea-ea5b-47d7-bdee-8f06b37d7caf,2026-07-29T05:30:00Z,2026-07-29T07:30:00+0200,9267.626,MW,NL,NL,actual_load,Actual Load,2026-07-30T23:22:13Z
2026-07-30T23:20:14Z,2026-07-31T01:20:14+0200,3d9904ea-ea5b-47d7-bdee-8f06b37d7caf,2026-07-29T05:45:00Z,2026-07-29T07:45:00+0200,9121.666,MW,NL,NL,actual_load,Actual Load,2026-07-30T23:22:13Z
2026-07-30T23:20:14Z,2026-07-31T01:20:14+0200,3d9904ea-ea5b-47d7-bdee-8f06b37d7caf,2026-07-29T06:00:00Z,2026-07-29T08:00:00+0200,8936.776,MW,NL,NL,actual_load,Actual Load,2026-07-30T23:22:13Z
2026-07-30T23:20:14Z,2026-07-31T01:20:14+0200,3d9904ea-ea5b-47d7-bdee-8f06b37d7caf,2026-07-29T06:15:00Z,2026-07-29T08:15:00+0200,8334.376,MW,NL,NL,actual_load,Actual Load,2026-07-30T23:22:13Z
2026-07-30T23:20:14Z,2026-07-31T01:20:14+0200,3d9904ea-ea5b-47d7-bdee-8f06b37d7caf,2026-07-29T06:30:00Z,2026-07-29T08:30:00+0200,8186.476,MW,NL,NL,actual_load,Actual Load,2026-07-30T23:22:13Z
2026-07-30T23:20:14Z,2026-07-31T01:20:14+0200,3d9904ea-ea5b-47d7-bdee-8f06b37d7caf,2026-07-29T06:45:00Z,2026-07-29T08:45:00+0200,7970.346,MW,NL,NL,actual_load,Actual Load,2026-07-30T23:22:13Z
2026-07-30T23:20:14Z,2026-07-31T01:20:14+0200,3d9904ea-ea5b-47d7-bdee-8f06b37d7caf,2026-07-29T07:00:00Z,2026-07-29T09:00:00+0200,7699.876,MW,NL,NL,actual_load,Actual Load,2026-07-30T23:22:13Z
2026-07-30T23:20:14Z,2026-07-31T01:20:14+0200,3d9904ea-ea5b-47d7-bdee-8f06b37d7caf,2026-07-29T07:15:00Z,2026-07-29T09:15:00+0200,7288.996,MW,NL,NL,actual_load,Actual Load,2026-07-30T23:22:13Z
2026-07-30T23:20:14Z,2026-07-31T01:20:14+0200,3d9904ea-ea5b-47d7-bdee-8f06b37d7caf,2026-07-29T07:30:00Z,2026-07-29T09:30:00+0200,6667.676,MW,NL,NL,actual_load,Actual Load,2026-07-30T23:22:13Z
2026-07-30T23:20:14Z,2026-07-31T01:20:14+0200,3d9904ea-ea5b-47d7-bdee-8f06b37d7caf,2026-07-29T07:45:00Z,2026-07-29T09:45:00+0200,6092.096,MW,NL,NL,actual_load,Actual Load,2026-07-30T23:22:13Z
2026-07-30T23:20:14Z,2026-07-31T01:20:14+0200,3d9904ea-ea5b-47d7-bdee-8f06b37d7caf,2026-07-29T08:00:00Z,2026-07-29T10:00:00+0200,5472.516,MW,NL,NL,actual_load,Actual Load,2026-07-30T23:22:13Z
2026-07-30T23:20:14Z,2026-07-31T01:20:14+0200,3d9904ea-ea5b-47d7-bdee-8f06b37d7caf,2026-07-29T08:15:00Z,2026-07-29T10:15:00+0200,4891.656,MW,NL,NL,actual_load,Actual Load,2026-07-30T23:22:13Z
2026-07-30T23:20:14Z,2026-07-31T01:20:14+0200,3d9904ea-ea5b-47d7-bdee-8f06b37d7caf,2026-07-29T08:30:00Z,2026-07-29T10:30:00+0200,4267.513,MW,NL,NL,actual_load,Actual Load,2026-07-30T23:22:13Z
2026-07-30T23:20:14Z,2026-07-31T01:20:14+0200,3d9904ea-ea5b-47d7-bdee-8f06b37d7caf,2026-07-29T08:45:00Z,2026-07-29T10:45:00+0200,4094.991,MW,NL,NL,actual_load,Actual Load,2026-07-30T23:22:13Z
2026-07-30T23:20:14Z,2026-07-31T01:20:14+0200,3d9904ea-ea5b-47d7-bdee-8f06b37d7caf,2026-07-29T09:00:00Z,2026-07-29T11:00:00+0200,3746.199,MW,NL,NL,actual_load,Actual Load,2026-07-30T23:22:13Z
2026-07-30T23:20:14Z,2026-07-31T01:20:14+0200,3d9904ea-ea5b-47d7-bdee-8f06b37d7caf,2026-07-29T09:15:00Z,2026-07-29T11:15:00+0200,3447.07,MW,NL,NL,actual_load,Actual Load,2026-07-30T23:22:13Z
2026-07-30T23:20:14Z,2026-07-31T01:20:14+0200,3d9904ea-ea5b-47d7-bdee-8f06b37d7caf,2026-07-29T09:30:00Z,2026-07-29T11:30:00+0200,3139.004,MW,NL,NL,actual_load,Actual Load,2026-07-30T23:22:13Z
2026-07-30T23:20:14Z,2026-07-31T01:20:14+0200,3d9904ea-ea5b-47d7-bdee-8f06b37d7caf,2026-07-29T09:45:00Z,2026-07-29T11:45:00+0200,2893.86,MW,NL,NL,actual_load,Actual Load,2026-07-30T23:22:13Z
2026-07-30T23:20:14Z,2026-07-31T01:20:14+0200,3d9904ea-ea5b-47d7-bdee-8f06b37d7caf,2026-07-29T10:00:00Z,2026-07-29T12:00:00+0200,2805.483,MW,NL,NL,actual_load,Actual Load,2026-07-30T23:22:13Z
2026-07-30T23:20:14Z,2026-07-31T01:20:14+0200,3d9904ea-ea5b-47d7-bdee-8f06b37d7caf,2026-07-29T10:15:00Z,2026-07-29T12:15:00+0200,2416.076,MW,NL,NL,actual_load,Actual Load,2026-07-30T23:22:13Z
2026-07-30T23:20:14Z,2026-07-31T01:20:14+0200,3d9904ea-ea5b-47d7-bdee-8f06b37d7caf,2026-07-29T10:30:00Z,2026-07-29T12:30:00+0200,2248.806,MW,NL,NL,actual_load,Actual Load,2026-07-30T23:22:13Z
2026-07-30T23:20:14Z,2026-07-31T01:20:14+0200,3d9904ea-ea5b-47d7-bdee-8f06b37d7caf,2026-07-29T10:45:00Z,2026-07-29T12:45:00+0200,1940.066,MW,NL,NL,actual_load,Actual Load,2026-07-30T23:22:13Z
2026-07-30T23:20:14Z,2026-07-31T01:20:14+0200,3d9904ea-ea5b-47d7-bdee-8f06b37d7caf,2026-07-29T11:00:00Z,2026-07-29T13:00:00+0200,1982.816,MW,NL,NL,actual_load,Actual Load,2026-07-30T23:22:13Z
2026-07-30T23:20:14Z,2026-07-31T01:20:14+0200,3d9904ea-ea5b-47d7-bdee-8f06b37d7caf,2026-07-29T11:15:00Z,2026-07-29T13:15:00+0200,1792.576,MW,NL,NL,actual_load,Actual Load,2026-07-30T23:22:13Z
2026-07-30T23:20:14Z,2026-07-31T01:20:14+0200,3d9904ea-ea5b-47d7-bdee-8f06b37d7caf,2026-07-29T11:30:00Z,2026-07-29T13:30:00+0200,1794.366,MW,NL,NL,actual_load,Actual Load,2026-07-30T23:22:13Z
2026-07-30T23:20:14Z,2026-07-31T01:20:14+0200,3d9904ea-ea5b-47d7-bdee-8f06b37d7caf,2026-07-29T11:45:00Z,2026-07-29T13:45:00+0200,1716.346,MW,NL,NL,actual_load,Actual Load,2026-07-30T23:22:13Z
2026-07-30T23:20:14Z,2026-07-31T01:20:14+0200,3d9904ea-ea5b-47d7-bdee-8f06b37d7caf,2026-07-29T12:00:00Z,2026-07-29T14:00:00+0200,1838.586,MW,NL,NL,actual_load,Actual Load,2026-07-30T23:22:13Z
2026-07-30T23:20:14Z,2026-07-31T01:20:14+0200,3d9904ea-ea5b-47d7-bdee-8f06b37d7caf,2026-07-29T12:15:00Z,2026-07-29T14:15:00+0200,1858.626,MW,NL,NL,actual_load,Actual Load,2026-07-30T23:22:13Z
2026-07-30T23:20:14Z,2026-07-31T01:20:14+0200,3d9904ea-ea5b-47d7-bdee-8f06b37d7caf,2026-07-29T12:30:00Z,2026-07-29T14:30:00+0200,1915.546,MW,NL,NL,actual_load,Actual Load,2026-07-30T23:22:13Z
2026-07-30T23:20:14Z,2026-07-31T01:20:14+0200,3d9904ea-ea5b-47d7-bdee-8f06b37d7caf,2026-07-29T12:45:00Z,2026-07-29T14:45:00+0200,1903.406,MW,NL,NL,actual_load,Actual Load,2026-07-30T23:22:13Z
2026-07-30T23:20:14Z,2026-07-31T01:20:14+0200,3d9904ea-ea5b-47d7-bdee-8f06b37d7caf,2026-07-29T13:00:00Z,2026-07-29T15:00:00+0200,2048.186,MW,NL,NL,actual_load,Actual Load,2026-07-30T23:22:13Z
2026-07-30T23:20:14Z,2026-07-31T01:20:14+0200,3d9904ea-ea5b-47d7-bdee-8f06b37d7caf,2026-07-29T13:15:00Z,2026-07-29T15:15:00+0200,2520.356,MW,NL,NL,actual_load,Actual Load,2026-07-30T23:22:13Z
2026-07-30T23:20:14Z,2026-07-31T01:20:14+0200,3d9904ea-ea5b-47d7-bdee-8f06b37d7caf,2026-07-29T13:30:00Z,2026-07-29T15:30:00+0200,2519.696,MW,NL,NL,actual_load,Actual Load,2026-07-30T23:22:13Z
2026-07-30T23:20:14Z,2026-07-31T01:20:14+0200,3d9904ea-ea5b-47d7-bdee-8f06b37d7caf,2026-07-29T13:45:00Z,2026-07-29T15:45:00+0200,2691.313,MW,NL,NL,actual_load,Actual Load,2026-07-30T23:22:13Z
2026-07-30T23:20:14Z,2026-07-31T01:20:14+0200,3d9904ea-ea5b-47d7-bdee-8f06b37d7caf,2026-07-29T14:00:00Z,2026-07-29T16:00:00+0200,2895.182,MW,NL,NL,actual_load,Actual Load,2026-07-30T23:22:13Z
2026-07-30T23:20:14Z,2026-07-31T01:20:14+0200,3d9904ea-ea5b-47d7-bdee-8f06b37d7caf,2026-07-29T14:15:00Z,2026-07-29T16:15:00+0200,3135.954,MW,NL,NL,actual_load,Actual Load,2026-07-30T23:22:13Z
2026-07-30T23:20:14Z,2026-07-31T01:20:14+0200,3d9904ea-ea5b-47d7-bdee-8f06b37d7caf,2026-07-29T14:30:00Z,2026-07-29T16:30:00+0200,3503.478,MW,NL,NL,actual_load,Actual Load,2026-07-30T23:22:13Z
2026-07-30T23:20:14Z,2026-07-31T01:20:14+0200,3d9904ea-ea5b-47d7-bdee-8f06b37d7caf,2026-07-29T14:45:00Z,2026-07-29T16:45:00+0200,3980.464,MW,NL,NL,actual_load,Actual Load,2026-07-30T23:22:13Z
2026-07-30T23:20:14Z,2026-07-31T01:20:14+0200,3d9904ea-ea5b-47d7-bdee-8f06b37d7caf,2026-07-29T15:00:00Z,2026-07-29T17:00:00+0200,4546.055,MW,NL,NL,actual_load,Actual Load,2026-07-30T23:22:13Z
2026-07-30T23:20:14Z,2026-07-31T01:20:14+0200,3d9904ea-ea5b-47d7-bdee-8f06b37d7caf,2026-07-29T15:15:00Z,2026-07-29T17:15:00+0200,5112.946,MW,NL,NL,actual_load,Actual Load,2026-07-30T23:22:13Z
2026-07-30T23:20:14Z,2026-07-31T01:20:14+0200,3d9904ea-ea5b-47d7-bdee-8f06b37d7caf,2026-07-29T15:30:00Z,2026-07-29T17:30:00+0200,5791.086,MW,NL,NL,actual_load,Actual Load,2026-07-30T23:22:13Z
2026-07-30T23:20:14Z,2026-07-31T01:20:14+0200,3d9904ea-ea5b-47d7-bdee-8f06b37d7caf,2026-07-29T15:45:00Z,2026-07-29T17:45:00+0200,6357.056,MW,NL,NL,actual_load,Actual Load,2026-07-30T23:22:13Z
2026-07-30T23:20:14Z,2026-07-31T01:20:14+0200,3d9904ea-ea5b-47d7-bdee-8f06b37d7caf,2026-07-29T16:00:00Z,2026-07-29T18:00:00+0200,6779.756,MW,NL,NL,actual_load,Actual Load,2026-07-30T23:22:13Z
2026-07-30T23:20:14Z,2026-07-31T01:20:14+0200,3d9904ea-ea5b-47d7-bdee-8f06b37d7caf,2026-07-29T16:15:00Z,2026-07-29T18:15:00+0200,7533.516,MW,NL,NL,actual_load,Actual Load,2026-07-30T23:22:13Z
2026-07-30T23:20:14Z,2026-07-31T01:20:14+0200,3d9904ea-ea5b-47d7-bdee-8f06b37d7caf,2026-07-29T16:30:00Z,2026-07-29T18:30:00+0200,7976.536,MW,NL,NL,actual_load,Actual Load,2026-07-30T23:22:13Z
2026-07-30T23:20:14Z,2026-07-31T01:20:14+0200,3d9904ea-ea5b-47d7-bdee-8f06b37d7caf,2026-07-29T16:45:00Z,2026-07-29T18:45:00+0200,8377.016,MW,NL,NL,actual_load,Actual Load,2026-07-30T23:22:13Z
2026-07-30T23:20:14Z,2026-07-31T01:20:14+0200,3d9904ea-ea5b-47d7-bdee-8f06b37d7caf,2026-07-29T17:00:00Z,2026-07-29T19:00:00+0200,8691.856,MW,NL,NL,actual_load,Actual Load,2026-07-30T23:22:13Z
2026-07-30T23:20:14Z,2026-07-31T01:20:14+0200,3d9904ea-ea5b-47d7-bdee-8f06b37d7caf,2026-07-29T17:15:00Z,2026-07-29T19:15:00+0200,9057.556,MW,NL,NL,actual_load,Actual Load,2026-07-30T23:22:13Z
2026-07-30T23:20:14Z,2026-07-31T01:20:14+0200,3d9904ea-ea5b-47d7-bdee-8f06b37d7caf,2026-07-29T17:30:00Z,2026-07-29T19:30:00+0200,9558.946,MW,NL,NL,actual_load,Actual Load,2026-07-30T23:22:13Z
2026-07-30T23:20:14Z,2026-07-31T01:20:14+0200,3d9904ea-ea5b-47d7-bdee-8f06b37d7caf,2026-07-29T17:45:00Z,2026-07-29T19:45:00+0200,9766.136,MW,NL,NL,actual_load,Actual Load,2026-07-30T23:22:13Z
2026-07-30T23:20:14Z,2026-07-31T01:20:14+0200,3d9904ea-ea5b-47d7-bdee-8f06b37d7caf,2026-07-29T18:00:00Z,2026-07-29T20:00:00+0200,9851.856,MW,NL,NL,actual_load,Actual Load,2026-07-30T23:22:13Z
2026-07-30T23:20:14Z,2026-07-31T01:20:14+0200,3d9904ea-ea5b-47d7-bdee-8f06b37d7caf,2026-07-29T18:15:00Z,2026-07-29T20:15:00+0200,10257.946,MW,NL,NL,actual_load,Actual Load,2026-07-30T23:22:13Z
2026-07-30T23:20:14Z,2026-07-31T01:20:14+0200,3d9904ea-ea5b-47d7-bdee-8f06b37d7caf,2026-07-29T18:30:00Z,2026-07-29T20:30:00+0200,10570.576,MW,NL,NL,actual_load,Actual Load,2026-07-30T23:22:13Z
2026-07-30T23:20:14Z,2026-07-31T01:20:14+0200,3d9904ea-ea5b-47d7-bdee-8f06b37d7caf,2026-07-29T18:45:00Z,2026-07-29T20:45:00+0200,10773.066,MW,NL,NL,actual_load,Actual Load,2026-07-30T23:22:13Z
2026-07-30T23:20:14Z,2026-07-31T01:20:14+0200,3d9904ea-ea5b-47d7-bdee-8f06b37d7caf,2026-07-29T19:00:00Z,2026-07-29T21:00:00+0200,11023.386,MW,NL,NL,actual_load,Actual Load,2026-07-30T23:22:13Z
2026-07-30T23:20:14Z,2026-07-31T01:20:14+0200,3d9904ea-ea5b-47d7-bdee-8f06b37d7caf,2026-07-29T19:15:00Z,2026-07-29T21:15:00+0200,11547.946,MW,NL,NL,actual_load,Actual Load,2026-07-30T23:22:13Z
2026-07-30T23:20:14Z,2026-07-31T01:20:14+0200,3d9904ea-ea5b-47d7-bdee-8f06b37d7caf,2026-07-29T19:30:00Z,2026-07-29T21:30:00+0200,11618.256,MW,NL,NL,actual_load,Actual Load,2026-07-30T23:22:13Z
2026-07-30T23:20:14Z,2026-07-31T01:20:14+0200,3d9904ea-ea5b-47d7-bdee-8f06b37d7caf,2026-07-29T19:45:00Z,2026-07-29T21:45:00+0200,11674.526,MW,NL,NL,actual_load,Actual Load,2026-07-30T23:22:13Z
2026-07-30T23:20:14Z,2026-07-31T01:20:14+0200,3d9904ea-ea5b-47d7-bdee-8f06b37d7caf,2026-07-29T20:00:00Z,2026-07-29T22:00:00+0200,11829.506,MW,NL,NL,actual_load,Actual Load,2026-07-30T23:22:13Z
2026-07-30T23:20:14Z,2026-07-31T01:20:14+0200,3d9904ea-ea5b-47d7-bdee-8f06b37d7caf,2026-07-29T20:15:00Z,2026-07-29T22:15:00+0200,11793.306,MW,NL,NL,actual_load,Actual Load,2026-07-30T23:22:13Z
2026-07-30T23:20:14Z,2026-07-31T01:20:14+0200,3d9904ea-ea5b-47d7-bdee-8f06b37d7caf,2026-07-29T20:30:00Z,2026-07-29T22:30:00+0200,11907.306,MW,NL,NL,actual_load,Actual Load,2026-07-30T23:22:13Z
2026-07-30T23:20:14Z,2026-07-31T01:20:14+0200,3d9904ea-ea5b-47d7-bdee-8f06b37d7caf,2026-07-29T20:45:00Z,2026-07-29T22:45:00+0200,11945.476,MW,NL,NL,actual_load,Actual Load,2026-07-30T23:22:13Z
2026-07-30T23:20:14Z,2026-07-31T01:20:14+0200,3d9904ea-ea5b-47d7-bdee-8f06b37d7caf,2026-07-29T21:00:00Z,2026-07-29T23:00:00+0200,11870.416,MW,NL,NL,actual_load,Actual Load,2026-07-30T23:22:13Z
2026-07-30T23:20:14Z,2026-07-31T01:20:14+0200,3d9904ea-ea5b-47d7-bdee-8f06b37d7caf,2026-07-29T21:15:00Z,2026-07-29T23:15:00+0200,11762.036,MW,NL,NL,actual_load,Actual Load,2026-07-30T23:22:13Z
2026-07-30T23:20:14Z,2026-07-31T01:20:14+0200,3d9904ea-ea5b-47d7-bdee-8f06b37d7caf,2026-07-29T21:30:00Z,2026-07-29T23:30:00+0200,11700.406,MW,NL,NL,actual_load,Actual Load,2026-07-30T23:22:13Z
2026-07-30T23:20:14Z,2026-07-31T01:20:14+0200,3d9904ea-ea5b-47d7-bdee-8f06b37d7caf,2026-07-29T21:45:00Z,2026-07-29T23:45:00+0200,11540.186,MW,NL,NL,actual_load,Actual Load,2026-07-30T23:22:13Z
2026-07-30T23:20:14Z,2026-07-31T01:20:14+0200,3d9904ea-ea5b-47d7-bdee-8f06b37d7caf,2026-07-29T22:00:00Z,2026-07-30T00:00:00+0200,11439.846,MW,NL,NL,actual_load,Actual Load,2026-07-30T23:22:13Z
2026-07-30T23:20:14Z,2026-07-31T01:20:14+0200,3d9904ea-ea5b-47d7-bdee-8f06b37d7caf,2026-07-29T22:15:00Z,2026-07-30T00:15:00+0200,11435.756,MW,NL,NL,actual_load,Actual Load,2026-07-30T23:22:13Z
2026-07-30T23:20:14Z,2026-07-31T01:20:14+0200,3d9904ea-ea5b-47d7-bdee-8f06b37d7caf,2026-07-29T22:30:00Z,2026-07-30T00:30:00+0200,11254.216,MW,NL,NL,actual_load,Actual Load,2026-07-30T23:22:13Z
2026-07-30T23:20:14Z,2026-07-31T01:20:14+0200,3d9904ea-ea5b-47d7-bdee-8f06b37d7caf,2026-07-29T22:45:00Z,2026-07-30T00:45:00+0200,11092.126,MW,NL,NL,actual_load,Actual Load,2026-07-30T23:22:13Z
2026-07-30T23:20:14Z,2026-07-31T01:20:14+0200,3d9904ea-ea5b-47d7-bdee-8f06b37d7caf,2026-07-29T23:00:00Z,2026-07-30T01:00:00+0200,10872.926,MW,NL,NL,actual_load,Actual Load,2026-07-30T23:22:13Z
2026-07-30T23:20:14Z,2026-07-31T01:20:14+0200,3d9904ea-ea5b-47d7-bdee-8f06b37d7caf,2026-07-29T23:15:00Z,2026-07-30T01:15:00+0200,10673.516,MW,NL,NL,actual_load,Actual Load,2026-07-30T23:22:13Z
2026-07-30T23:20:14Z,2026-07-31T01:20:14+0200,3d9904ea-ea5b-47d7-bdee-8f06b37d7caf,2026-07-29T23:30:00Z,2026-07-30T01:30:00+0200,10630.166,MW,NL,NL,actual_load,Actual Load,2026-07-30T23:22:13Z
2026-07-30T23:20:14Z,2026-07-31T01:20:14+0200,3d9904ea-ea5b-47d7-bdee-8f06b37d7caf,2026-07-29T23:45:00Z,2026-07-30T01:45:00+0200,10547.376,MW,NL,NL,actual_load,Actual Load,2026-07-30T23:22:13Z
2026-07-30T23:20:14Z,2026-07-31T01:20:14+0200,3d9904ea-ea5b-47d7-bdee-8f06b37d7caf,2026-07-30T00:00:00Z,2026-07-30T02:00:00+0200,10657.286,MW,NL,NL,actual_load,Actual Load,2026-07-30T23:22:13Z
2026-07-30T23:20:14Z,2026-07-31T01:20:14+0200,3d9904ea-ea5b-47d7-bdee-8f06b37d7caf,2026-07-30T00:15:00Z,2026-07-30T02:15:00+0200,10651.466,MW,NL,NL,actual_load,Actual Load,2026-07-30T23:22:13Z
2026-07-30T23:20:14Z,2026-07-31T01:20:14+0200,3d9904ea-ea5b-47d7-bdee-8f06b37d7caf,2026-07-30T00:30:00Z,2026-07-30T02:30:00+0200,10530.356,MW,NL,NL,actual_load,Actual Load,2026-07-30T23:22:13Z
2026-07-30T23:20:14Z,2026-07-31T01:20:14+0200,3d9904ea-ea5b-47d7-bdee-8f06b37d7caf,2026-07-30T00:45:00Z,2026-07-30T02:45:00+0200,10417.916,MW,NL,NL,actual_load,Actual Load,2026-07-30T23:22:13Z
2026-07-30T23:20:14Z,2026-07-31T01:20:14+0200,3d9904ea-ea5b-47d7-bdee-8f06b37d7caf,2026-07-30T01:00:00Z,2026-07-30T03:00:00+0200,10341.296,MW,NL,NL,actual_load,Actual Load,2026-07-30T23:22:13Z
2026-07-30T23:20:14Z,2026-07-31T01:20:14+0200,3d9904ea-ea5b-47d7-bdee-8f06b37d7caf,2026-07-30T01:15:00Z,2026-07-30T03:15:00+0200,10169.966,MW,NL,NL,actual_load,Actual Load,2026-07-30T23:22:13Z
2026-07-30T23:20:14Z,2026-07-31T01:20:14+0200,3d9904ea-ea5b-47d7-bdee-8f06b37d7caf,2026-07-30T01:30:00Z,2026-07-30T03:30:00+0200,10077.856,MW,NL,NL,actual_load,Actual Load,2026-07-30T23:22:13Z
2026-07-30T23:20:14Z,2026-07-31T01:20:14+0200,3d9904ea-ea5b-47d7-bdee-8f06b37d7caf,2026-07-30T01:45:00Z,2026-07-30T03:45:00+0200,10043.516,MW,NL,NL,actual_load,Actual Load,2026-07-30T23:22:13Z
2026-07-30T23:20:14Z,2026-07-31T01:20:14+0200,3d9904ea-ea5b-47d7-bdee-8f06b37d7caf,2026-07-30T02:00:00Z,2026-07-30T04:00:00+0200,10074.606,MW,NL,NL,actual_load,Actual Load,2026-07-30T23:22:13Z
2026-07-30T23:20:14Z,2026-07-31T01:20:14+0200,3d9904ea-ea5b-47d7-bdee-8f06b37d7caf,2026-07-30T02:15:00Z,2026-07-30T04:15:00+0200,10032.686,MW,NL,NL,actual_load,Actual Load,2026-07-30T23:22:13Z
2026-07-30T23:20:14Z,2026-07-31T01:20:14+0200,3d9904ea-ea5b-47d7-bdee-8f06b37d7caf,2026-07-30T02:30:00Z,2026-07-30T04:30:00+0200,10053.566,MW,NL,NL,actual_load,Actual Load,2026-07-30T23:22:13Z
2026-07-30T23:20:14Z,2026-07-31T01:20:14+0200,3d9904ea-ea5b-47d7-bdee-8f06b37d7caf,2026-07-30T02:45:00Z,2026-07-30T04:45:00+0200,10037.036,MW,NL,NL,actual_load,Actual Load,2026-07-30T23:22:13Z
2026-07-30T23:20:14Z,2026-07-31T01:20:14+0200,3d9904ea-ea5b-47d7-bdee-8f06b37d7caf,2026-07-30T03:00:00Z,2026-07-30T05:00:00+0200,10006.726,MW,NL,NL,actual_load,Actual Load,2026-07-30T23:22:13Z
2026-07-30T23:20:14Z,2026-07-31T01:20:14+0200,3d9904ea-ea5b-47d7-bdee-8f06b37d7caf,2026-07-30T03:15:00Z,2026-07-30T05:15:00+0200,10131.956,MW,NL,NL,actual_load,Actual Load,2026-07-30T23:22:13Z
2026-07-30T23:20:14Z,2026-07-31T01:20:14+0200,3d9904ea-ea5b-47d7-bdee-8f06b37d7caf,2026-07-30T03:30:00Z,2026-07-30T05:30:00+0200,10079.476,MW,NL,NL,actual_load,Actual Load,2026-07-30T23:22:13Z
2026-07-30T23:20:14Z,2026-07-31T01:20:14+0200,3d9904ea-ea5b-47d7-bdee-8f06b37d7caf,2026-07-30T03:45:00Z,2026-07-30T05:45:00+0200,10133.786,MW,NL,NL,actual_load,Actual Load,2026-07-30T23:22:13Z
2026-07-30T23:20:14Z,2026-07-31T01:20:14+0200,3d9904ea-ea5b-47d7-bdee-8f06b37d7caf,2026-07-30T04:00:00Z,2026-07-30T06:00:00+0200,10111.856,MW,NL,NL,actual_load,Actual Load,2026-07-30T23:22:13Z
2026-07-30T23:20:14Z,2026-07-31T01:20:14+0200,3d9904ea-ea5b-47d7-bdee-8f06b37d7caf,2026-07-30T04:15:00Z,2026-07-30T06:15:00+0200,10147.646,MW,NL,NL,actual_load,Actual Load,2026-07-30T23:22:13Z
2026-07-30T23:20:14Z,2026-07-31T01:20:14+0200,3d9904ea-ea5b-47d7-bdee-8f06b37d7caf,2026-07-30T04:30:00Z,2026-07-30T06:30:00+0200,10123.886,MW,NL,NL,actual_load,Actual Load,2026-07-30T23:22:13Z
2026-07-30T23:20:14Z,2026-07-31T01:20:14+0200,3d9904ea-ea5b-47d7-bdee-8f06b37d7caf,2026-07-30T04:45:00Z,2026-07-30T06:45:00+0200,9901.286,MW,NL,NL,actual_load,Actual Load,2026-07-30T23:22:13Z
2026-07-30T23:20:14Z,2026-07-31T01:20:14+0200,3d9904ea-ea5b-47d7-bdee-8f06b37d7caf,2026-07-30T05:00:00Z,2026-07-30T07:00:00+0200,9836.006,MW,NL,NL,actual_load,Actual Load,2026-07-30T23:22:13Z
2026-07-30T23:20:14Z,2026-07-31T01:20:14+0200,3d9904ea-ea5b-47d7-bdee-8f06b37d7caf,2026-07-30T05:15:00Z,2026-07-30T07:15:00+0200,9343.696,MW,NL,NL,actual_load,Actual Load,2026-07-30T23:22:13Z
2026-07-30T23:20:14Z,2026-07-31T01:20:14+0200,3d9904ea-ea5b-47d7-bdee-8f06b37d7caf,2026-07-30T05:30:00Z,2026-07-30T07:30:00+0200,9182.316,MW,NL,NL,actual_load,Actual Load,2026-07-30T23:22:13Z
2026-07-30T23:20:14Z,2026-07-31T01:20:14+0200,3d9904ea-ea5b-47d7-bdee-8f06b37d7caf,2026-07-30T05:45:00Z,2026-07-30T07:45:00+0200,9079.416,MW,NL,NL,actual_load,Actual Load,2026-07-30T23:22:13Z
2026-07-30T23:20:14Z,2026-07-31T01:20:14+0200,3d9904ea-ea5b-47d7-bdee-8f06b37d7caf,2026-07-30T06:00:00Z,2026-07-30T08:00:00+0200,9286.186,MW,NL,NL,actual_load,Actual Load,2026-07-30T23:22:13Z
2026-07-30T23:20:14Z,2026-07-31T01:20:14+0200,3d9904ea-ea5b-47d7-bdee-8f06b37d7caf,2026-07-30T06:15:00Z,2026-07-30T08:15:00+0200,9055.346,MW,NL,NL,actual_load,Actual Load,2026-07-30T23:22:13Z
2026-07-30T23:20:14Z,2026-07-31T01:20:14+0200,3d9904ea-ea5b-47d7-bdee-8f06b37d7caf,2026-07-30T06:30:00Z,2026-07-30T08:30:00+0200,8985.096,MW,NL,NL,actual_load,Actual Load,2026-07-30T23:22:13Z
2026-07-30T23:20:14Z,2026-07-31T01:20:14+0200,3d9904ea-ea5b-47d7-bdee-8f06b37d7caf,2026-07-30T06:45:00Z,2026-07-30T08:45:00+0200,8830.436,MW,NL,NL,actual_load,Actual Load,2026-07-30T23:22:13Z
2026-07-30T23:20:14Z,2026-07-31T01:20:14+0200,3d9904ea-ea5b-47d7-bdee-8f06b37d7caf,2026-07-30T07:00:00Z,2026-07-30T09:00:00+0200,8460.216,MW,NL,NL,actual_load,Actual Load,2026-07-30T23:22:13Z
2026-07-30T23:20:14Z,2026-07-31T01:20:14+0200,3d9904ea-ea5b-47d7-bdee-8f06b37d7caf,2026-07-30T07:15:00Z,2026-07-30T09:15:00+0200,8003.406,MW,NL,NL,actual_load,Actual Load,2026-07-30T23:22:13Z
2026-07-30T23:20:14Z,2026-07-31T01:20:14+0200,3d9904ea-ea5b-47d7-bdee-8f06b37d7caf,2026-07-30T07:30:00Z,2026-07-30T09:30:00+0200,7578.536,MW,NL,NL,actual_load,Actual Load,2026-07-30T23:22:13Z
2026-07-30T23:20:14Z,2026-07-31T01:20:14+0200,3d9904ea-ea5b-47d7-bdee-8f06b37d7caf,2026-07-30T07:45:00Z,2026-07-30T09:45:00+0200,7032.156,MW,NL,NL,actual_load,Actual Load,2026-07-30T23:22:13Z
2026-07-30T23:20:14Z,2026-07-31T01:20:14+0200,3d9904ea-ea5b-47d7-bdee-8f06b37d7caf,2026-07-30T08:00:00Z,2026-07-30T10:00:00+0200,6396.946,MW,NL,NL,actual_load,Actual Load,2026-07-30T23:22:13Z
2026-07-30T23:20:14Z,2026-07-31T01:20:14+0200,3d9904ea-ea5b-47d7-bdee-8f06b37d7caf,2026-07-30T08:15:00Z,2026-07-30T10:15:00+0200,5960.786,MW,NL,NL,actual_load,Actual Load,2026-07-30T23:22:13Z
2026-07-30T23:20:14Z,2026-07-31T01:20:14+0200,3d9904ea-ea5b-47d7-bdee-8f06b37d7caf,2026-07-30T08:30:00Z,2026-07-30T10:30:00+0200,5606.036,MW,NL,NL,actual_load,Actual Load,2026-07-30T23:22:13Z
2026-07-30T23:20:14Z,2026-07-31T01:20:14+0200,3d9904ea-ea5b-47d7-bdee-8f06b37d7caf,2026-07-30T08:45:00Z,2026-07-30T10:45:00+0200,5150.476,MW,NL,NL,actual_load,Actual Load,2026-07-30T23:22:13Z
2026-07-30T23:20:14Z,2026-07-31T01:20:14+0200,3d9904ea-ea5b-47d7-bdee-8f06b37d7caf,2026-07-30T09:00:00Z,2026-07-30T11:00:00+0200,4816.426,MW,NL,NL,actual_load,Actual Load,2026-07-30T23:22:13Z
2026-07-30T23:20:14Z,2026-07-31T01:20:14+0200,3d9904ea-ea5b-47d7-bdee-8f06b37d7caf,2026-07-30T09:15:00Z,2026-07-30T11:15:00+0200,4670.346,MW,NL,NL,actual_load,Actual Load,2026-07-30T23:22:13Z
2026-07-30T23:20:14Z,2026-07-31T01:20:14+0200,3d9904ea-ea5b-47d7-bdee-8f06b37d7caf,2026-07-30T09:30:00Z,2026-07-30T11:30:00+0200,4352.522,MW,NL,NL,actual_load,Actual Load,2026-07-30T23:22:13Z
2026-07-30T23:20:14Z,2026-07-31T01:20:14+0200,3d9904ea-ea5b-47d7-bdee-8f06b37d7caf,2026-07-30T09:45:00Z,2026-07-30T11:45:00+0200,4219.181,MW,NL,NL,actual_load,Actual Load,2026-07-30T23:22:13Z
2026-07-30T23:20:14Z,2026-07-31T01:20:14+0200,3d9904ea-ea5b-47d7-bdee-8f06b37d7caf,2026-07-30T10:00:00Z,2026-07-30T12:00:00+0200,4269.399,MW,NL,NL,actual_load,Actual Load,2026-07-30T23:22:13Z
2026-07-30T23:20:14Z,2026-07-31T01:20:14+0200,3d9904ea-ea5b-47d7-bdee-8f06b37d7caf,2026-07-30T10:15:00Z,2026-07-30T12:15:00+0200,4471.217,MW,NL,NL,actual_load,Actual Load,2026-07-30T23:22:13Z
2026-07-30T23:20:14Z,2026-07-31T01:20:14+0200,3d9904ea-ea5b-47d7-bdee-8f06b37d7caf,2026-07-30T10:30:00Z,2026-07-30T12:30:00+0200,4504.398,MW,NL,NL,actual_load,Actual Load,2026-07-30T23:22:13Z
2026-07-30T23:20:14Z,2026-07-31T01:20:14+0200,3d9904ea-ea5b-47d7-bdee-8f06b37d7caf,2026-07-30T10:45:00Z,2026-07-30T12:45:00+0200,4670.276,MW,NL,NL,actual_load,Actual Load,2026-07-30T23:22:13Z
2026-07-30T23:20:14Z,2026-07-31T01:20:14+0200,3d9904ea-ea5b-47d7-bdee-8f06b37d7caf,2026-07-30T11:00:00Z,2026-07-30T13:00:00+0200,4800.226,MW,NL,NL,actual_load,Actual Load,2026-07-30T23:22:13Z
2026-07-30T23:20:14Z,2026-07-31T01:20:14+0200,3d9904ea-ea5b-47d7-bdee-8f06b37d7caf,2026-07-30T11:15:00Z,2026-07-30T13:15:00+0200,5439.286,MW,NL,NL,actual_load,Actual Load,2026-07-30T23:22:13Z
2026-07-30T23:20:14Z,2026-07-31T01:20:14+0200,3d9904ea-ea5b-47d7-bdee-8f06b37d7caf,2026-07-30T11:30:00Z,2026-07-30T13:30:00+0200,5722.606,MW,NL,NL,actual_load,Actual Load,2026-07-30T23:22:13Z
2026-07-30T23:20:14Z,2026-07-31T01:20:14+0200,3d9904ea-ea5b-47d7-bdee-8f06b37d7caf,2026-07-30T11:45:00Z,2026-07-30T13:45:00+0200,6117.406,MW,NL,NL,actual_load,Actual Load,2026-07-30T23:22:13Z
2026-07-30T23:20:14Z,2026-07-31T01:20:14+0200,3d9904ea-ea5b-47d7-bdee-8f06b37d7caf,2026-07-30T12:00:00Z,2026-07-30T14:00:00+0200,6486.306,MW,NL,NL,actual_load,Actual Load,2026-07-30T23:22:13Z
2026-07-30T23:20:14Z,2026-07-31T01:20:14+0200,3d9904ea-ea5b-47d7-bdee-8f06b37d7caf,2026-07-30T12:15:00Z,2026-07-30T14:15:00+0200,7147.646,MW,NL,NL,actual_load,Actual Load,2026-07-30T23:22:13Z
2026-07-30T23:20:14Z,2026-07-31T01:20:14+0200,3d9904ea-ea5b-47d7-bdee-8f06b37d7caf,2026-07-30T12:30:00Z,2026-07-30T14:30:00+0200,7479.546,MW,NL,NL,actual_load,Actual Load,2026-07-30T23:22:13Z
2026-07-30T23:20:14Z,2026-07-31T01:20:14+0200,3d9904ea-ea5b-47d7-bdee-8f06b37d7caf,2026-07-30T12:45:00Z,2026-07-30T14:45:00+0200,7767.266,MW,NL,NL,actual_load,Actual Load,2026-07-30T23:22:13Z
2026-07-30T23:20:14Z,2026-07-31T01:20:14+0200,3d9904ea-ea5b-47d7-bdee-8f06b37d7caf,2026-07-30T13:00:00Z,2026-07-30T15:00:00+0200,8036.136,MW,NL,NL,actual_load,Actual Load,2026-07-30T23:22:13Z
2026-07-30T23:20:14Z,2026-07-31T01:20:14+0200,3d9904ea-ea5b-47d7-bdee-8f06b37d7caf,2026-07-30T13:15:00Z,2026-07-30T15:15:00+0200,8809.666,MW,NL,NL,actual_load,Actual Load,2026-07-30T23:22:13Z
2026-07-30T23:20:14Z,2026-07-31T01:20:14+0200,3d9904ea-ea5b-47d7-bdee-8f06b37d7caf,2026-07-30T13:30:00Z,2026-07-30T15:30:00+0200,9207.806,MW,NL,NL,actual_load,Actual Load,2026-07-30T23:22:13Z
2026-07-30T23:20:14Z,2026-07-31T01:20:14+0200,3d9904ea-ea5b-47d7-bdee-8f06b37d7caf,2026-07-30T13:45:00Z,2026-07-30T15:45:00+0200,9375.066,MW,NL,NL,actual_load,Actual Load,2026-07-30T23:22:13Z
2026-07-30T23:20:14Z,2026-07-31T01:20:14+0200,3d9904ea-ea5b-47d7-bdee-8f06b37d7caf,2026-07-30T14:00:00Z,2026-07-30T16:00:00+0200,9771.436,MW,NL,NL,actual_load,Actual Load,2026-07-30T23:22:13Z
2026-07-30T23:20:14Z,2026-07-31T01:20:14+0200,3d9904ea-ea5b-47d7-bdee-8f06b37d7caf,2026-07-30T14:15:00Z,2026-07-30T16:15:00+0200,10234.606,MW,NL,NL,actual_load,Actual Load,2026-07-30T23:22:13Z
2026-07-30T23:20:14Z,2026-07-31T01:20:14+0200,3d9904ea-ea5b-47d7-bdee-8f06b37d7caf,2026-07-30T14:30:00Z,2026-07-30T16:30:00+0200,10502.556,MW,NL,NL,actual_load,Actual Load,2026-07-30T23:22:13Z
2026-07-30T23:20:14Z,2026-07-31T01:20:14+0200,3d9904ea-ea5b-47d7-bdee-8f06b37d7caf,2026-07-30T14:45:00Z,2026-07-30T16:45:00+0200,10832.766,MW,NL,NL,actual_load,Actual Load,2026-07-30T23:22:13Z
2026-07-30T23:20:14Z,2026-07-31T01:20:14+0200,3d9904ea-ea5b-47d7-bdee-8f06b37d7caf,2026-07-30T15:00:00Z,2026-07-30T17:00:00+0200,11081.476,MW,NL,NL,actual_load,Actual Load,2026-07-30T23:22:13Z
2026-07-30T23:20:14Z,2026-07-31T01:20:14+0200,3d9904ea-ea5b-47d7-bdee-8f06b37d7caf,2026-07-30T15:15:00Z,2026-07-30T17:15:00+0200,11713.556,MW,NL,NL,actual_load,Actual Load,2026-07-30T23:22:13Z
2026-07-30T23:20:14Z,2026-07-31T01:20:14+0200,3d9904ea-ea5b-47d7-bdee-8f06b37d7caf,2026-07-30T15:30:00Z,2026-07-30T17:30:00+0200,11419.996,MW,NL,NL,actual_load,Actual Load,2026-07-30T23:22:13Z
2026-07-30T23:20:14Z,2026-07-31T01:20:14+0200,3d9904ea-ea5b-47d7-bdee-8f06b37d7caf,2026-07-30T15:45:00Z,2026-07-30T17:45:00+0200,11396.846,MW,NL,NL,actual_load,Actual Load,2026-07-30T23:22:13Z
2026-07-30T23:20:14Z,2026-07-31T01:20:14+0200,3d9904ea-ea5b-47d7-bdee-8f06b37d7caf,2026-07-30T16:00:00Z,2026-07-30T18:00:00+0200,11243.946,MW,NL,NL,actual_load,Actual Load,2026-07-30T23:22:13Z
2026-07-30T23:20:14Z,2026-07-31T01:20:14+0200,3d9904ea-ea5b-47d7-bdee-8f06b37d7caf,2026-07-30T16:15:00Z,2026-07-30T18:15:00+0200,10863.326,MW,NL,NL,actual_load,Actual Load,2026-07-30T23:22:13Z
2026-07-30T23:20:14Z,2026-07-31T01:20:14+0200,3d9904ea-ea5b-47d7-bdee-8f06b37d7caf,2026-07-30T16:30:00Z,2026-07-30T18:30:00+0200,10403.786,MW,NL,NL,actual_load,Actual Load,2026-07-30T23:22:13Z
2026-07-30T23:20:14Z,2026-07-31T01:20:14+0200,3d9904ea-ea5b-47d7-bdee-8f06b37d7caf,2026-07-30T16:45:00Z,2026-07-30T18:45:00+0200,10041.416,MW,NL,NL,actual_load,Actual Load,2026-07-30T23:22:13Z
2026-07-30T23:20:14Z,2026-07-31T01:20:14+0200,3d9904ea-ea5b-47d7-bdee-8f06b37d7caf,2026-07-30T17:00:00Z,2026-07-30T19:00:00+0200,9931.466,MW,NL,NL,actual_load,Actual Load,2026-07-30T23:22:13Z
2026-07-30T23:20:14Z,2026-07-31T01:20:14+0200,3d9904ea-ea5b-47d7-bdee-8f06b37d7caf,2026-07-30T17:15:00Z,2026-07-30T19:15:00+0200,10085.566,MW,NL,NL,actual_load,Actual Load,2026-07-30T23:22:13Z
2026-07-30T23:20:14Z,2026-07-31T01:20:14+0200,3d9904ea-ea5b-47d7-bdee-8f06b37d7caf,2026-07-30T17:30:00Z,2026-07-30T19:30:00+0200,10394.576,MW,NL,NL,actual_load,Actual Load,2026-07-30T23:22:13Z
2026-07-30T23:20:14Z,2026-07-31T01:20:14+0200,3d9904ea-ea5b-47d7-bdee-8f06b37d7caf,2026-07-30T17:45:00Z,2026-07-30T19:45:00+0200,10295.096,MW,NL,NL,actual_load,Actual Load,2026-07-30T23:22:13Z
2026-07-30T23:20:14Z,2026-07-31T01:20:14+0200,3d9904ea-ea5b-47d7-bdee-8f06b37d7caf,2026-07-30T18:00:00Z,2026-07-30T20:00:00+0200,10322.846,MW,NL,NL,actual_load,Actual Load,2026-07-30T23:22:13Z
2026-07-30T23:20:14Z,2026-07-31T01:20:14+0200,3d9904ea-ea5b-47d7-bdee-8f06b37d7caf,2026-07-30T18:15:00Z,2026-07-30T20:15:00+0200,10621.356,MW,NL,NL,actual_load,Actual Load,2026-07-30T23:22:13Z
2026-07-30T23:20:14Z,2026-07-31T01:20:14+0200,3d9904ea-ea5b-47d7-bdee-8f06b37d7caf,2026-07-30T18:30:00Z,2026-07-30T20:30:00+0200,11165.906,MW,NL,NL,actual_load,Actual Load,2026-07-30T23:22:13Z
2026-07-30T23:20:14Z,2026-07-31T01:20:14+0200,3d9904ea-ea5b-47d7-bdee-8f06b37d7caf,2026-07-30T18:45:00Z,2026-07-30T20:45:00+0200,11505.976,MW,NL,NL,actual_load,Actual Load,2026-07-30T23:22:13Z
2026-07-30T23:20:14Z,2026-07-31T01:20:14+0200,3d9904ea-ea5b-47d7-bdee-8f06b37d7caf,2026-07-30T19:00:00Z,2026-07-30T21:00:00+0200,11582.396,MW,NL,NL,actual_load,Actual Load,2026-07-30T23:22:13Z
2026-07-30T23:20:14Z,2026-07-31T01:20:14+0200,3d9904ea-ea5b-47d7-bdee-8f06b37d7caf,2026-07-30T19:15:00Z,2026-07-30T21:15:00+0200,11601.496,MW,NL,NL,actual_load,Actual Load,2026-07-30T23:22:13Z
2026-07-30T23:20:14Z,2026-07-31T01:20:14+0200,3d9904ea-ea5b-47d7-bdee-8f06b37d7caf,2026-07-30T19:30:00Z,2026-07-30T21:30:00+0200,11746.226,MW,NL,NL,actual_load,Actual Load,2026-07-30T23:22:13Z
2026-07-30T23:20:14Z,2026-07-31T01:20:14+0200,3d9904ea-ea5b-47d7-bdee-8f06b37d7caf,2026-07-30T19:45:00Z,2026-07-30T21:45:00+0200,11888.526,MW,NL,NL,actual_load,Actual Load,2026-07-30T23:22:13Z
2026-07-30T23:20:14Z,2026-07-31T01:20:14+0200,3d9904ea-ea5b-47d7-bdee-8f06b37d7caf,2026-07-30T20:00:00Z,2026-07-30T22:00:00+0200,12004.246,MW,NL,NL,actual_load,Actual Load,2026-07-30T23:22:13Z
2026-07-30T23:20:14Z,2026-07-31T01:20:14+0200,3d9904ea-ea5b-47d7-bdee-8f06b37d7caf,2026-07-30T20:15:00Z,2026-07-30T22:15:00+0200,11884.596,MW,NL,NL,actual_load,Actual Load,2026-07-30T23:22:13Z
2026-07-30T23:20:14Z,2026-07-31T01:20:14+0200,3d9904ea-ea5b-47d7-bdee-8f06b37d7caf,2026-07-30T20:30:00Z,2026-07-30T22:30:00+0200,11897.246,MW,NL,NL,actual_load,Actual Load,2026-07-30T23:22:13Z
2026-07-30T23:20:14Z,2026-07-31T01:20:14+0200,3d9904ea-ea5b-47d7-bdee-8f06b37d7caf,2026-07-30T20:45:00Z,2026-07-30T22:45:00+0200,11797.446,MW,NL,NL,actual_load,Actual Load,2026-07-30T23:22:13Z
2026-07-30T23:20:14Z,2026-07-31T01:20:14+0200,3d9904ea-ea5b-47d7-bdee-8f06b37d7caf,2026-07-30T21:00:00Z,2026-07-30T23:00:00+0200,11628.036,MW,NL,NL,actual_load,Actual Load,2026-07-30T23:22:13Z
2026-07-30T23:20:14Z,2026-07-31T01:20:14+0200,3d9904ea-ea5b-47d7-bdee-8f06b37d7caf,2026-07-30T21:15:00Z,2026-07-30T23:15:00+0200,11422.546,MW,NL,NL,actual_load,Actual Load,2026-07-30T23:22:13Z
2026-07-30T23:20:14Z,2026-07-31T01:20:14+0200,3d9904ea-ea5b-47d7-bdee-8f06b37d7caf,2026-07-30T21:30:00Z,2026-07-30T23:30:00+0200,11372.996,MW,NL,NL,actual_load,Actual Load,2026-07-30T23:22:13Z
2026-07-30T23:20:14Z,2026-07-31T01:20:14+0200,3d9904ea-ea5b-47d7-bdee-8f06b37d7caf,2026-07-30T21:45:00Z,2026-07-30T23:45:00+0200,11225.246,MW,NL,NL,actual_load,Actual Load,2026-07-30T23:22:13Z
2026-07-30T23:20:14Z,2026-07-31T01:20:14+0200,3d9904ea-ea5b-47d7-bdee-8f06b37d7caf,2026-07-30T22:00:00Z,2026-07-31T00:00:00+0200,11132.626,MW,NL,NL,actual_load,Actual Load,2026-07-30T23:22:13Z
2026-07-30T23:20:14Z,2026-07-31T01:20:14+0200,3d9904ea-ea5b-47d7-bdee-8f06b37d7caf,2026-07-30T22:15:00Z,2026-07-31T00:15:00+0200,11293.616,MW,NL,NL,actual_load,Actual Load,2026-07-30T23:22:13Z
2026-07-30T23:20:14Z,2026-07-31T01:20:14+0200,3d9904ea-ea5b-47d7-bdee-8f06b37d7caf,2026-07-30T22:30:00Z,2026-07-31T00:30:00+0200,11223.876,MW,NL,NL,actual_load,Actual Load,2026-07-30T23:22:13Z
