collection_time_utc,collection_time_local,run_id,timestamp_utc,timestamp_local,value,unit,country,entsoe_area,variable,source,updated_at_utc
2026-08-06T05:35:55Z,2026-08-06T07:35:55+0200,c3feb7e2-8675-4f7f-be40-2d97c558df74,2026-07-06T06:00:00Z,2026-07-06T08:00:00+0200,67.27,EUR/MWh,NL,NL,imbalance_price,Long,2026-08-06T05:38:50Z
2026-08-06T05:35:55Z,2026-08-06T07:35:55+0200,c3feb7e2-8675-4f7f-be40-2d97c558df74,2026-07-06T06:00:00Z,2026-07-06T08:00:00+0200,141.0,EUR/MWh,NL,NL,imbalance_price,Short,2026-08-06T05:38:50Z
2026-08-06T05:35:55Z,2026-08-06T07:35:55+0200,c3feb7e2-8675-4f7f-be40-2d97c558df74,2026-07-06T06:15:00Z,2026-07-06T08:15:00+0200,59.3,EUR/MWh,NL,NL,imbalance_price,Long,2026-08-06T05:38:50Z
2026-08-06T05:35:55Z,2026-08-06T07:35:55+0200,c3feb7e2-8675-4f7f-be40-2d97c558df74,2026-07-06T06:15:00Z,2026-07-06T08:15:00+0200,107.0,EUR/MWh,NL,NL,imbalance_price,Short,2026-08-06T05:38:50Z
2026-08-06T05:35:55Z,2026-08-06T07:35:55+0200,c3feb7e2-8675-4f7f-be40-2d97c558df74,2026-07-06T06:30:00Z,2026-07-06T08:30:00+0200,59.3,EUR/MWh,NL,NL,imbalance_price,Long,2026-08-06T05:38:50Z
2026-08-06T05:35:55Z,2026-08-06T07:35:55+0200,c3feb7e2-8675-4f7f-be40-2d97c558df74,2026-07-06T06:30:00Z,2026-07-06T08:30:00+0200,59.3,EUR/MWh,NL,NL,imbalance_price,Short,2026-08-06T05:38:50Z
2026-08-06T05:35:55Z,2026-08-06T07:35:55+0200,c3feb7e2-8675-4f7f-be40-2d97c558df74,2026-07-06T06:45:00Z,2026-07-06T08:45:00+0200,77.6,EUR/MWh,NL,NL,imbalance_price,Long,2026-08-06T05:38:50Z
2026-08-06T05:35:55Z,2026-08-06T07:35:55+0200,c3feb7e2-8675-4f7f-be40-2d97c558df74,2026-07-06T06:45:00Z,2026-07-06T08:45:00+0200,110.0,EUR/MWh,NL,NL,imbalance_price,Short,2026-08-06T05:38:50Z
2026-08-06T05:35:55Z,2026-08-06T07:35:55+0200,c3feb7e2-8675-4f7f-be40-2d97c558df74,2026-07-06T07:00:00Z,2026-07-06T09:00:00+0200,38.2,EUR/MWh,NL,NL,imbalance_price,Long,2026-08-06T05:38:50Z
2026-08-06T05:35:55Z,2026-08-06T07:35:55+0200,c3feb7e2-8675-4f7f-be40-2d97c558df74,2026-07-06T07:00:00Z,2026-07-06T09:00:00+0200,92.15,EUR/MWh,NL,NL,imbalance_price,Short,2026-08-06T05:38:50Z
2026-08-06T05:35:55Z,2026-08-06T07:35:55+0200,c3feb7e2-8675-4f7f-be40-2d97c558df74,2026-07-06T07:15:00Z,2026-07-06T09:15:00+0200,38.2,EUR/MWh,NL,NL,imbalance_price,Long,2026-08-06T05:38:50Z
2026-08-06T05:35:55Z,2026-08-06T07:35:55+0200,c3feb7e2-8675-4f7f-be40-2d97c558df74,2026-07-06T07:15:00Z,2026-07-06T09:15:00+0200,38.2,EUR/MWh,NL,NL,imbalance_price,Short,2026-08-06T05:38:50Z
2026-08-06T05:35:55Z,2026-08-06T07:35:55+0200,c3feb7e2-8675-4f7f-be40-2d97c558df74,2026-07-06T07:30:00Z,2026-07-06T09:30:00+0200,38.2,EUR/MWh,NL,NL,imbalance_price,Long,2026-08-06T05:38:50Z
2026-08-06T05:35:55Z,2026-08-06T07:35:55+0200,c3feb7e2-8675-4f7f-be40-2d97c558df74,2026-07-06T07:30:00Z,2026-07-06T09:30:00+0200,69.81,EUR/MWh,NL,NL,imbalance_price,Short,2026-08-06T05:38:50Z
2026-08-06T05:35:55Z,2026-08-06T07:35:55+0200,c3feb7e2-8675-4f7f-be40-2d97c558df74,2026-07-06T07:45:00Z,2026-07-06T09:45:00+0200,38.2,EUR/MWh,NL,NL,imbalance_price,Long,2026-08-06T05:38:50Z
2026-08-06T05:35:55Z,2026-08-06T07:35:55+0200,c3feb7e2-8675-4f7f-be40-2d97c558df74,2026-07-06T07:45:00Z,2026-07-06T09:45:00+0200,121.47,EUR/MWh,NL,NL,imbalance_price,Short,2026-08-06T05:38:50Z
2026-08-06T05:35:55Z,2026-08-06T07:35:55+0200,c3feb7e2-8675-4f7f-be40-2d97c558df74,2026-07-06T08:00:00Z,2026-07-06T10:00:00+0200,121.47,EUR/MWh,NL,NL,imbalance_price,Long,2026-08-06T05:38:50Z
2026-08-06T05:35:55Z,2026-08-06T07:35:55+0200,c3feb7e2-8675-4f7f-be40-2d97c558df74,2026-07-06T08:00:00Z,2026-07-06T10:00:00+0200,121.47,EUR/MWh,NL,NL,imbalance_price,Short,2026-08-06T05:38:50Z
2026-08-06T05:35:55Z,2026-08-06T07:35:55+0200,c3feb7e2-8675-4f7f-be40-2d97c558df74,2026-07-06T08:15:00Z,2026-07-06T10:15:00+0200,23.5,EUR/MWh,NL,NL,imbalance_price,Long,2026-08-06T05:38:50Z
2026-08-06T05:35:55Z,2026-08-06T07:35:55+0200,c3feb7e2-8675-4f7f-be40-2d97c558df74,2026-07-06T08:15:00Z,2026-07-06T10:15:00+0200,150.0,EUR/MWh,NL,NL,imbalance_price,Short,2026-08-06T05:38:50Z
2026-08-06T05:35:55Z,2026-08-06T07:35:55+0200,c3feb7e2-8675-4f7f-be40-2d97c558df74,2026-07-06T08:30:00Z,2026-07-06T10:30:00+0200,6.0,EUR/MWh,NL,NL,imbalance_price,Long,2026-08-06T05:38:50Z
2026-08-06T05:35:55Z,2026-08-06T07:35:55+0200,c3feb7e2-8675-4f7f-be40-2d97c558df74,2026-07-06T08:30:00Z,2026-07-06T10:30:00+0200,6.0,EUR/MWh,NL,NL,imbalance_price,Short,2026-08-06T05:38:50Z
2026-08-06T05:35:55Z,2026-08-06T07:35:55+0200,c3feb7e2-8675-4f7f-be40-2d97c558df74,2026-07-06T08:45:00Z,2026-07-06T10:45:00+0200,-4.04,EUR/MWh,NL,NL,imbalance_price,Long,2026-08-06T05:38:50Z
2026-08-06T05:35:55Z,2026-08-06T07:35:55+0200,c3feb7e2-8675-4f7f-be40-2d97c558df74,2026-07-06T08:45:00Z,2026-07-06T10:45:00+0200,-4.04,EUR/MWh,NL,NL,imbalance_price,Short,2026-08-06T05:38:50Z
2026-08-06T05:35:55Z,2026-08-06T07:35:55+0200,c3feb7e2-8675-4f7f-be40-2d97c558df74,2026-07-06T09:00:00Z,2026-07-06T11:00:00+0200,0.2,EUR/MWh,NL,NL,imbalance_price,Long,2026-08-06T05:38:50Z
2026-08-06T05:35:55Z,2026-08-06T07:35:55+0200,c3feb7e2-8675-4f7f-be40-2d97c558df74,2026-07-06T09:00:00Z,2026-07-06T11:00:00+0200,0.2,EUR/MWh,NL,NL,imbalance_price,Short,2026-08-06T05:38:50Z
2026-08-06T05:35:55Z,2026-08-06T07:35:55+0200,c3feb7e2-8675-4f7f-be40-2d97c558df74,2026-07-06T09:15:00Z,2026-07-06T11:15:00+0200,-1.5,EUR/MWh,NL,NL,imbalance_price,Long,2026-08-06T05:38:50Z
2026-08-06T05:35:55Z,2026-08-06T07:35:55+0200,c3feb7e2-8675-4f7f-be40-2d97c558df74,2026-07-06T09:15:00Z,2026-07-06T11:15:00+0200,-1.5,EUR/MWh,NL,NL,imbalance_price,Short,2026-08-06T05:38:50Z
2026-08-06T05:35:55Z,2026-08-06T07:35:55+0200,c3feb7e2-8675-4f7f-be40-2d97c558df74,2026-07-06T09:30:00Z,2026-07-06T11:30:00+0200,-1.5,EUR/MWh,NL,NL,imbalance_price,Long,2026-08-06T05:38:50Z
2026-08-06T05:35:55Z,2026-08-06T07:35:55+0200,c3feb7e2-8675-4f7f-be40-2d97c558df74,2026-07-06T09:30:00Z,2026-07-06T11:30:00+0200,-1.5,EUR/MWh,NL,NL,imbalance_price,Short,2026-08-06T05:38:50Z
2026-08-06T05:35:55Z,2026-08-06T07:35:55+0200,c3feb7e2-8675-4f7f-be40-2d97c558df74,2026-07-06T09:45:00Z,2026-07-06T11:45:00+0200,-7.29,EUR/MWh,NL,NL,imbalance_price,Long,2026-08-06T05:38:50Z
2026-08-06T05:35:55Z,2026-08-06T07:35:55+0200,c3feb7e2-8675-4f7f-be40-2d97c558df74,2026-07-06T09:45:00Z,2026-07-06T11:45:00+0200,-7.29,EUR/MWh,NL,NL,imbalance_price,Short,2026-08-06T05:38:50Z
2026-08-06T05:35:55Z,2026-08-06T07:35:55+0200,c3feb7e2-8675-4f7f-be40-2d97c558df74,2026-07-06T10:00:00Z,2026-07-06T12:00:00+0200,-30.0,EUR/MWh,NL,NL,imbalance_price,Long,2026-08-06T05:38:50Z
2026-08-06T05:35:55Z,2026-08-06T07:35:55+0200,c3feb7e2-8675-4f7f-be40-2d97c558df74,2026-07-06T10:00:00Z,2026-07-06T12:00:00+0200,31.75,EUR/MWh,NL,NL,imbalance_price,Short,2026-08-06T05:38:50Z
2026-08-06T05:35:55Z,2026-08-06T07:35:55+0200,c3feb7e2-8675-4f7f-be40-2d97c558df74,2026-07-06T10:15:00Z,2026-07-06T12:15:00+0200,-29.9,EUR/MWh,NL,NL,imbalance_price,Long,2026-08-06T05:38:50Z
2026-08-06T05:35:55Z,2026-08-06T07:35:55+0200,c3feb7e2-8675-4f7f-be40-2d97c558df74,2026-07-06T10:15:00Z,2026-07-06T12:15:00+0200,59.0,EUR/MWh,NL,NL,imbalance_price,Short,2026-08-06T05:38:50Z
2026-08-06T05:35:55Z,2026-08-06T07:35:55+0200,c3feb7e2-8675-4f7f-be40-2d97c558df74,2026-07-06T10:30:00Z,2026-07-06T12:30:00+0200,-29.9,EUR/MWh,NL,NL,imbalance_price,Long,2026-08-06T05:38:50Z
2026-08-06T05:35:55Z,2026-08-06T07:35:55+0200,c3feb7e2-8675-4f7f-be40-2d97c558df74,2026-07-06T10:30:00Z,2026-07-06T12:30:00+0200,36.51,EUR/MWh,NL,NL,imbalance_price,Short,2026-08-06T05:38:50Z
2026-08-06T05:35:55Z,2026-08-06T07:35:55+0200,c3feb7e2-8675-4f7f-be40-2d97c558df74,2026-07-06T10:45:00Z,2026-07-06T12:45:00+0200,-30.0,EUR/MWh,NL,NL,imbalance_price,Long,2026-08-06T05:38:50Z
2026-08-06T05:35:55Z,2026-08-06T07:35:55+0200,c3feb7e2-8675-4f7f-be40-2d97c558df74,2026-07-06T10:45:00Z,2026-07-06T12:45:00+0200,-30.0,EUR/MWh,NL,NL,imbalance_price,Short,2026-08-06T05:38:50Z
2026-08-06T05:35:55Z,2026-08-06T07:35:55+0200,c3feb7e2-8675-4f7f-be40-2d97c558df74,2026-07-06T11:00:00Z,2026-07-06T13:00:00+0200,-7.29,EUR/MWh,NL,NL,imbalance_price,Long,2026-08-06T05:38:50Z
2026-08-06T05:35:55Z,2026-08-06T07:35:55+0200,c3feb7e2-8675-4f7f-be40-2d97c558df74,2026-07-06T11:00:00Z,2026-07-06T13:00:00+0200,-7.29,EUR/MWh,NL,NL,imbalance_price,Short,2026-08-06T05:38:50Z
2026-08-06T05:35:55Z,2026-08-06T07:35:55+0200,c3feb7e2-8675-4f7f-be40-2d97c558df74,2026-07-06T11:15:00Z,2026-07-06T13:15:00+0200,-16.27,EUR/MWh,NL,NL,imbalance_price,Long,2026-08-06T05:38:50Z
2026-08-06T05:35:55Z,2026-08-06T07:35:55+0200,c3feb7e2-8675-4f7f-be40-2d97c558df74,2026-07-06T11:15:00Z,2026-07-06T13:15:00+0200,-16.27,EUR/MWh,NL,NL,imbalance_price,Short,2026-08-06T05:38:50Z
2026-08-06T05:35:55Z,2026-08-06T07:35:55+0200,c3feb7e2-8675-4f7f-be40-2d97c558df74,2026-07-06T11:30:00Z,2026-07-06T13:30:00+0200,-25.0,EUR/MWh,NL,NL,imbalance_price,Long,2026-08-06T05:38:50Z
2026-08-06T05:35:55Z,2026-08-06T07:35:55+0200,c3feb7e2-8675-4f7f-be40-2d97c558df74,2026-07-06T11:30:00Z,2026-07-06T13:30:00+0200,-25.0,EUR/MWh,NL,NL,imbalance_price,Short,2026-08-06T05:38:50Z
2026-08-06T05:35:55Z,2026-08-06T07:35:55+0200,c3feb7e2-8675-4f7f-be40-2d97c558df74,2026-07-06T11:45:00Z,2026-07-06T13:45:00+0200,-13.52,EUR/MWh,NL,NL,imbalance_price,Long,2026-08-06T05:38:50Z
2026-08-06T05:35:55Z,2026-08-06T07:35:55+0200,c3feb7e2-8675-4f7f-be40-2d97c558df74,2026-07-06T11:45:00Z,2026-07-06T13:45:00+0200,79.66,EUR/MWh,NL,NL,imbalance_price,Short,2026-08-06T05:38:50Z
2026-08-06T05:35:55Z,2026-08-06T07:35:55+0200,c3feb7e2-8675-4f7f-be40-2d97c558df74,2026-07-06T12:00:00Z,2026-07-06T14:00:00+0200,-30.0,EUR/MWh,NL,NL,imbalance_price,Long,2026-08-06T05:38:50Z
2026-08-06T05:35:55Z,2026-08-06T07:35:55+0200,c3feb7e2-8675-4f7f-be40-2d97c558df74,2026-07-06T12:00:00Z,2026-07-06T14:00:00+0200,80.0,EUR/MWh,NL,NL,imbalance_price,Short,2026-08-06T05:38:50Z
2026-08-06T05:35:55Z,2026-08-06T07:35:55+0200,c3feb7e2-8675-4f7f-be40-2d97c558df74,2026-07-06T12:15:00Z,2026-07-06T14:15:00+0200,-11.94,EUR/MWh,NL,NL,imbalance_price,Long,2026-08-06T05:38:50Z
2026-08-06T05:35:55Z,2026-08-06T07:35:55+0200,c3feb7e2-8675-4f7f-be40-2d97c558df74,2026-07-06T12:15:00Z,2026-07-06T14:15:00+0200,-11.94,EUR/MWh,NL,NL,imbalance_price,Short,2026-08-06T05:38:50Z
2026-08-06T05:35:55Z,2026-08-06T07:35:55+0200,c3feb7e2-8675-4f7f-be40-2d97c558df74,2026-07-06T12:30:00Z,2026-07-06T14:30:00+0200,-5.02,EUR/MWh,NL,NL,imbalance_price,Long,2026-08-06T05:38:50Z
2026-08-06T05:35:55Z,2026-08-06T07:35:55+0200,c3feb7e2-8675-4f7f-be40-2d97c558df74,2026-07-06T12:30:00Z,2026-07-06T14:30:00+0200,-5.02,EUR/MWh,NL,NL,imbalance_price,Short,2026-08-06T05:38:50Z
2026-08-06T05:35:55Z,2026-08-06T07:35:55+0200,c3feb7e2-8675-4f7f-be40-2d97c558df74,2026-07-06T12:45:00Z,2026-07-06T14:45:00+0200,-6.52,EUR/MWh,NL,NL,imbalance_price,Long,2026-08-06T05:38:50Z
2026-08-06T05:35:55Z,2026-08-06T07:35:55+0200,c3feb7e2-8675-4f7f-be40-2d97c558df74,2026-07-06T12:45:00Z,2026-07-06T14:45:00+0200,-6.52,EUR/MWh,NL,NL,imbalance_price,Short,2026-08-06T05:38:50Z
2026-08-06T05:35:55Z,2026-08-06T07:35:55+0200,c3feb7e2-8675-4f7f-be40-2d97c558df74,2026-07-06T13:00:00Z,2026-07-06T15:00:00+0200,-35.4,EUR/MWh,NL,NL,imbalance_price,Long,2026-08-06T05:38:50Z
2026-08-06T05:35:55Z,2026-08-06T07:35:55+0200,c3feb7e2-8675-4f7f-be40-2d97c558df74,2026-07-06T13:00:00Z,2026-07-06T15:00:00+0200,-35.4,EUR/MWh,NL,NL,imbalance_price,Short,2026-08-06T05:38:50Z
2026-08-06T05:35:55Z,2026-08-06T07:35:55+0200,c3feb7e2-8675-4f7f-be40-2d97c558df74,2026-07-06T13:15:00Z,2026-07-06T15:15:00+0200,-30.0,EUR/MWh,NL,NL,imbalance_price,Long,2026-08-06T05:38:50Z
2026-08-06T05:35:55Z,2026-08-06T07:35:55+0200,c3feb7e2-8675-4f7f-be40-2d97c558df74,2026-07-06T13:15:00Z,2026-07-06T15:15:00+0200,-30.0,EUR/MWh,NL,NL,imbalance_price,Short,2026-08-06T05:38:50Z
2026-08-06T05:35:55Z,2026-08-06T07:35:55+0200,c3feb7e2-8675-4f7f-be40-2d97c558df74,2026-07-06T13:30:00Z,2026-07-06T15:30:00+0200,-40.81,EUR/MWh,NL,NL,imbalance_price,Long,2026-08-06T05:38:50Z
2026-08-06T05:35:55Z,2026-08-06T07:35:55+0200,c3feb7e2-8675-4f7f-be40-2d97c558df74,2026-07-06T13:30:00Z,2026-07-06T15:30:00+0200,-40.81,EUR/MWh,NL,NL,imbalance_price,Short,2026-08-06T05:38:50Z
2026-08-06T05:35:55Z,2026-08-06T07:35:55+0200,c3feb7e2-8675-4f7f-be40-2d97c558df74,2026-07-06T13:45:00Z,2026-07-06T15:45:00+0200,-61.52,EUR/MWh,NL,NL,imbalance_price,Long,2026-08-06T05:38:50Z
2026-08-06T05:35:55Z,2026-08-06T07:35:55+0200,c3feb7e2-8675-4f7f-be40-2d97c558df74,2026-07-06T13:45:00Z,2026-07-06T15:45:00+0200,-61.52,EUR/MWh,NL,NL,imbalance_price,Short,2026-08-06T05:38:50Z
2026-08-06T05:35:55Z,2026-08-06T07:35:55+0200,c3feb7e2-8675-4f7f-be40-2d97c558df74,2026-07-06T14:00:00Z,2026-07-06T16:00:00+0200,-69.2,EUR/MWh,NL,NL,imbalance_price,Long,2026-08-06T05:38:50Z
2026-08-06T05:35:55Z,2026-08-06T07:35:55+0200,c3feb7e2-8675-4f7f-be40-2d97c558df74,2026-07-06T14:00:00Z,2026-07-06T16:00:00+0200,-69.2,EUR/MWh,NL,NL,imbalance_price,Short,2026-08-06T05:38:50Z
2026-08-06T05:35:55Z,2026-08-06T07:35:55+0200,c3feb7e2-8675-4f7f-be40-2d97c558df74,2026-07-06T14:15:00Z,2026-07-06T16:15:00+0200,-55.1,EUR/MWh,NL,NL,imbalance_price,Long,2026-08-06T05:38:50Z
2026-08-06T05:35:55Z,2026-08-06T07:35:55+0200,c3feb7e2-8675-4f7f-be40-2d97c558df74,2026-07-06T14:15:00Z,2026-07-06T16:15:00+0200,-55.1,EUR/MWh,NL,NL,imbalance_price,Short,2026-08-06T05:38:50Z
2026-08-06T05:35:55Z,2026-08-06T07:35:55+0200,c3feb7e2-8675-4f7f-be40-2d97c558df74,2026-07-06T14:30:00Z,2026-07-06T16:30:00+0200,-49.9,EUR/MWh,NL,NL,imbalance_price,Long,2026-08-06T05:38:50Z
2026-08-06T05:35:55Z,2026-08-06T07:35:55+0200,c3feb7e2-8675-4f7f-be40-2d97c558df74,2026-07-06T14:30:00Z,2026-07-06T16:30:00+0200,-49.9,EUR/MWh,NL,NL,imbalance_price,Short,2026-08-06T05:38:50Z
2026-08-06T05:35:55Z,2026-08-06T07:35:55+0200,c3feb7e2-8675-4f7f-be40-2d97c558df74,2026-07-06T14:45:00Z,2026-07-06T16:45:00+0200,-1.5,EUR/MWh,NL,NL,imbalance_price,Long,2026-08-06T05:38:50Z
2026-08-06T05:35:55Z,2026-08-06T07:35:55+0200,c3feb7e2-8675-4f7f-be40-2d97c558df74,2026-07-06T14:45:00Z,2026-07-06T16:45:00+0200,-1.5,EUR/MWh,NL,NL,imbalance_price,Short,2026-08-06T05:38:50Z
2026-08-06T05:35:55Z,2026-08-06T07:35:55+0200,c3feb7e2-8675-4f7f-be40-2d97c558df74,2026-07-06T15:00:00Z,2026-07-06T17:00:00+0200,-30.0,EUR/MWh,NL,NL,imbalance_price,Long,2026-08-06T05:38:50Z
2026-08-06T05:35:55Z,2026-08-06T07:35:55+0200,c3feb7e2-8675-4f7f-be40-2d97c558df74,2026-07-06T15:00:00Z,2026-07-06T17:00:00+0200,-30.0,EUR/MWh,NL,NL,imbalance_price,Short,2026-08-06T05:38:50Z
2026-08-06T05:35:55Z,2026-08-06T07:35:55+0200,c3feb7e2-8675-4f7f-be40-2d97c558df74,2026-07-06T15:15:00Z,2026-07-06T17:15:00+0200,-30.0,EUR/MWh,NL,NL,imbalance_price,Long,2026-08-06T05:38:50Z
2026-08-06T05:35:55Z,2026-08-06T07:35:55+0200,c3feb7e2-8675-4f7f-be40-2d97c558df74,2026-07-06T15:15:00Z,2026-07-06T17:15:00+0200,-30.0,EUR/MWh,NL,NL,imbalance_price,Short,2026-08-06T05:38:50Z
2026-08-06T05:35:55Z,2026-08-06T07:35:55+0200,c3feb7e2-8675-4f7f-be40-2d97c558df74,2026-07-06T15:30:00Z,2026-07-06T17:30:00+0200,-525.84,EUR/MWh,NL,NL,imbalance_price,Long,2026-08-06T05:38:50Z
2026-08-06T05:35:55Z,2026-08-06T07:35:55+0200,c3feb7e2-8675-4f7f-be40-2d97c558df74,2026-07-06T15:30:00Z,2026-07-06T17:30:00+0200,138.97,EUR/MWh,NL,NL,imbalance_price,Short,2026-08-06T05:38:50Z
2026-08-06T05:35:55Z,2026-08-06T07:35:55+0200,c3feb7e2-8675-4f7f-be40-2d97c558df74,2026-07-06T15:45:00Z,2026-07-06T17:45:00+0200,-500.4,EUR/MWh,NL,NL,imbalance_price,Long,2026-08-06T05:38:50Z
2026-08-06T05:35:55Z,2026-08-06T07:35:55+0200,c3feb7e2-8675-4f7f-be40-2d97c558df74,2026-07-06T15:45:00Z,2026-07-06T17:45:00+0200,114.8,EUR/MWh,NL,NL,imbalance_price,Short,2026-08-06T05:38:50Z
2026-08-06T05:35:55Z,2026-08-06T07:35:55+0200,c3feb7e2-8675-4f7f-be40-2d97c558df74,2026-07-06T16:00:00Z,2026-07-06T18:00:00+0200,-15.0,EUR/MWh,NL,NL,imbalance_price,Long,2026-08-06T05:38:50Z
2026-08-06T05:35:55Z,2026-08-06T07:35:55+0200,c3feb7e2-8675-4f7f-be40-2d97c558df74,2026-07-06T16:00:00Z,2026-07-06T18:00:00+0200,-15.0,EUR/MWh,NL,NL,imbalance_price,Short,2026-08-06T05:38:50Z
2026-08-06T05:35:55Z,2026-08-06T07:35:55+0200,c3feb7e2-8675-4f7f-be40-2d97c558df74,2026-07-06T16:15:00Z,2026-07-06T18:15:00+0200,0.0,EUR/MWh,NL,NL,imbalance_price,Long,2026-08-06T05:38:50Z
2026-08-06T05:35:55Z,2026-08-06T07:35:55+0200,c3feb7e2-8675-4f7f-be40-2d97c558df74,2026-07-06T16:15:00Z,2026-07-06T18:15:00+0200,0.0,EUR/MWh,NL,NL,imbalance_price,Short,2026-08-06T05:38:50Z
2026-08-06T05:35:55Z,2026-08-06T07:35:55+0200,c3feb7e2-8675-4f7f-be40-2d97c558df74,2026-07-06T16:30:00Z,2026-07-06T18:30:00+0200,-7.0,EUR/MWh,NL,NL,imbalance_price,Long,2026-08-06T05:38:50Z
2026-08-06T05:35:55Z,2026-08-06T07:35:55+0200,c3feb7e2-8675-4f7f-be40-2d97c558df74,2026-07-06T16:30:00Z,2026-07-06T18:30:00+0200,111.0,EUR/MWh,NL,NL,imbalance_price,Short,2026-08-06T05:38:50Z
2026-08-06T05:35:55Z,2026-08-06T07:35:55+0200,c3feb7e2-8675-4f7f-be40-2d97c558df74,2026-07-06T16:45:00Z,2026-07-06T18:45:00+0200,-10.0,EUR/MWh,NL,NL,imbalance_price,Long,2026-08-06T05:38:50Z
2026-08-06T05:35:55Z,2026-08-06T07:35:55+0200,c3feb7e2-8675-4f7f-be40-2d97c558df74,2026-07-06T16:45:00Z,2026-07-06T18:45:00+0200,104.7,EUR/MWh,NL,NL,imbalance_price,Short,2026-08-06T05:38:50Z
2026-08-06T05:35:55Z,2026-08-06T07:35:55+0200,c3feb7e2-8675-4f7f-be40-2d97c558df74,2026-07-06T17:00:00Z,2026-07-06T19:00:00+0200,-7.0,EUR/MWh,NL,NL,imbalance_price,Long,2026-08-06T05:38:50Z
2026-08-06T05:35:55Z,2026-08-06T07:35:55+0200,c3feb7e2-8675-4f7f-be40-2d97c558df74,2026-07-06T17:00:00Z,2026-07-06T19:00:00+0200,96.5,EUR/MWh,NL,NL,imbalance_price,Short,2026-08-06T05:38:50Z
2026-08-06T05:35:55Z,2026-08-06T07:35:55+0200,c3feb7e2-8675-4f7f-be40-2d97c558df74,2026-07-06T17:15:00Z,2026-07-06T19:15:00+0200,73.44,EUR/MWh,NL,NL,imbalance_price,Long,2026-08-06T05:38:50Z
2026-08-06T05:35:55Z,2026-08-06T07:35:55+0200,c3feb7e2-8675-4f7f-be40-2d97c558df74,2026-07-06T17:15:00Z,2026-07-06T19:15:00+0200,121.47,EUR/MWh,NL,NL,imbalance_price,Short,2026-08-06T05:38:50Z
2026-08-06T05:35:55Z,2026-08-06T07:35:55+0200,c3feb7e2-8675-4f7f-be40-2d97c558df74,2026-07-06T17:30:00Z,2026-07-06T19:30:00+0200,150.0,EUR/MWh,NL,NL,imbalance_price,Long,2026-08-06T05:38:50Z
2026-08-06T05:35:55Z,2026-08-06T07:35:55+0200,c3feb7e2-8675-4f7f-be40-2d97c558df74,2026-07-06T17:30:00Z,2026-07-06T19:30:00+0200,150.0,EUR/MWh,NL,NL,imbalance_price,Short,2026-08-06T05:38:50Z
2026-08-06T05:35:55Z,2026-08-06T07:35:55+0200,c3feb7e2-8675-4f7f-be40-2d97c558df74,2026-07-06T17:45:00Z,2026-07-06T19:45:00+0200,120.0,EUR/MWh,NL,NL,imbalance_price,Long,2026-08-06T05:38:50Z
2026-08-06T05:35:55Z,2026-08-06T07:35:55+0200,c3feb7e2-8675-4f7f-be40-2d97c558df74,2026-07-06T17:45:00Z,2026-07-06T19:45:00+0200,120.0,EUR/MWh,NL,NL,imbalance_price,Short,2026-08-06T05:38:50Z
2026-08-06T05:35:55Z,2026-08-06T07:35:55+0200,c3feb7e2-8675-4f7f-be40-2d97c558df74,2026-07-06T18:00:00Z,2026-07-06T20:00:00+0200,55.5,EUR/MWh,NL,NL,imbalance_price,Long,2026-08-06T05:38:50Z
2026-08-06T05:35:55Z,2026-08-06T07:35:55+0200,c3feb7e2-8675-4f7f-be40-2d97c558df74,2026-07-06T18:00:00Z,2026-07-06T20:00:00+0200,106.36,EUR/MWh,NL,NL,imbalance_price,Short,2026-08-06T05:38:50Z
2026-08-06T05:35:55Z,2026-08-06T07:35:55+0200,c3feb7e2-8675-4f7f-be40-2d97c558df74,2026-07-06T18:15:00Z,2026-07-06T20:15:00+0200,94.39,EUR/MWh,NL,NL,imbalance_price,Long,2026-08-06T05:38:50Z
2026-08-06T05:35:55Z,2026-08-06T07:35:55+0200,c3feb7e2-8675-4f7f-be40-2d97c558df74,2026-07-06T18:15:00Z,2026-07-06T20:15:00+0200,115.0,EUR/MWh,NL,NL,imbalance_price,Short,2026-08-06T05:38:50Z
2026-08-06T05:35:55Z,2026-08-06T07:35:55+0200,c3feb7e2-8675-4f7f-be40-2d97c558df74,2026-07-06T18:30:00Z,2026-07-06T20:30:00+0200,99.0,EUR/MWh,NL,NL,imbalance_price,Long,2026-08-06T05:38:50Z
2026-08-06T05:35:55Z,2026-08-06T07:35:55+0200,c3feb7e2-8675-4f7f-be40-2d97c558df74,2026-07-06T18:30:00Z,2026-07-06T20:30:00+0200,112.0,EUR/MWh,NL,NL,imbalance_price,Short,2026-08-06T05:38:50Z
2026-08-06T05:35:55Z,2026-08-06T07:35:55+0200,c3feb7e2-8675-4f7f-be40-2d97c558df74,2026-07-06T18:45:00Z,2026-07-06T20:45:00+0200,73.23,EUR/MWh,NL,NL,imbalance_price,Long,2026-08-06T05:38:50Z
2026-08-06T05:35:55Z,2026-08-06T07:35:55+0200,c3feb7e2-8675-4f7f-be40-2d97c558df74,2026-07-06T18:45:00Z,2026-07-06T20:45:00+0200,111.0,EUR/MWh,NL,NL,imbalance_price,Short,2026-08-06T05:38:50Z
2026-08-06T05:35:55Z,2026-08-06T07:35:55+0200,c3feb7e2-8675-4f7f-be40-2d97c558df74,2026-07-06T19:00:00Z,2026-07-06T21:00:00+0200,67.4,EUR/MWh,NL,NL,imbalance_price,Long,2026-08-06T05:38:50Z
2026-08-06T05:35:55Z,2026-08-06T07:35:55+0200,c3feb7e2-8675-4f7f-be40-2d97c558df74,2026-07-06T19:00:00Z,2026-07-06T21:00:00+0200,67.4,EUR/MWh,NL,NL,imbalance_price,Short,2026-08-06T05:38:50Z
2026-08-06T05:35:55Z,2026-08-06T07:35:55+0200,c3feb7e2-8675-4f7f-be40-2d97c558df74,2026-07-06T19:15:00Z,2026-07-06T21:15:00+0200,73.23,EUR/MWh,NL,NL,imbalance_price,Long,2026-08-06T05:38:50Z
2026-08-06T05:35:55Z,2026-08-06T07:35:55+0200,c3feb7e2-8675-4f7f-be40-2d97c558df74,2026-07-06T19:15:00Z,2026-07-06T21:15:00+0200,73.23,EUR/MWh,NL,NL,imbalance_price,Short,2026-08-06T05:38:50Z
2026-08-06T05:35:55Z,2026-08-06T07:35:55+0200,c3feb7e2-8675-4f7f-be40-2d97c558df74,2026-07-06T19:30:00Z,2026-07-06T21:30:00+0200,73.23,EUR/MWh,NL,NL,imbalance_price,Long,2026-08-06T05:38:50Z
2026-08-06T05:35:55Z,2026-08-06T07:35:55+0200,c3feb7e2-8675-4f7f-be40-2d97c558df74,2026-07-06T19:30:00Z,2026-07-06T21:30:00+0200,73.23,EUR/MWh,NL,NL,imbalance_price,Short,2026-08-06T05:38:50Z
2026-08-06T05:35:55Z,2026-08-06T07:35:55+0200,c3feb7e2-8675-4f7f-be40-2d97c558df74,2026-07-06T19:45:00Z,2026-07-06T21:45:00+0200,84.9,EUR/MWh,NL,NL,imbalance_price,Long,2026-08-06T05:38:50Z
2026-08-06T05:35:55Z,2026-08-06T07:35:55+0200,c3feb7e2-8675-4f7f-be40-2d97c558df74,2026-07-06T19:45:00Z,2026-07-06T21:45:00+0200,84.9,EUR/MWh,NL,NL,imbalance_price,Short,2026-08-06T05:38:50Z
2026-08-06T05:35:55Z,2026-08-06T07:35:55+0200,c3feb7e2-8675-4f7f-be40-2d97c558df74,2026-07-06T20:00:00Z,2026-07-06T22:00:00+0200,98.8,EUR/MWh,NL,NL,imbalance_price,Long,2026-08-06T05:38:50Z
2026-08-06T05:35:55Z,2026-08-06T07:35:55+0200,c3feb7e2-8675-4f7f-be40-2d97c558df74,2026-07-06T20:00:00Z,2026-07-06T22:00:00+0200,98.8,EUR/MWh,NL,NL,imbalance_price,Short,2026-08-06T05:38:50Z
2026-08-06T05:35:55Z,2026-08-06T07:35:55+0200,c3feb7e2-8675-4f7f-be40-2d97c558df74,2026-07-06T20:15:00Z,2026-07-06T22:15:00+0200,76.34,EUR/MWh,NL,NL,imbalance_price,Long,2026-08-06T05:38:50Z
2026-08-06T05:35:55Z,2026-08-06T07:35:55+0200,c3feb7e2-8675-4f7f-be40-2d97c558df74,2026-07-06T20:15:00Z,2026-07-06T22:15:00+0200,76.34,EUR/MWh,NL,NL,imbalance_price,Short,2026-08-06T05:38:50Z
2026-08-06T05:35:55Z,2026-08-06T07:35:55+0200,c3feb7e2-8675-4f7f-be40-2d97c558df74,2026-07-06T20:30:00Z,2026-07-06T22:30:00+0200,66.44,EUR/MWh,NL,NL,imbalance_price,Long,2026-08-06T05:38:50Z
2026-08-06T05:35:55Z,2026-08-06T07:35:55+0200,c3feb7e2-8675-4f7f-be40-2d97c558df74,2026-07-06T20:30:00Z,2026-07-06T22:30:00+0200,66.44,EUR/MWh,NL,NL,imbalance_price,Short,2026-08-06T05:38:50Z
2026-08-06T05:35:55Z,2026-08-06T07:35:55+0200,c3feb7e2-8675-4f7f-be40-2d97c558df74,2026-07-06T20:45:00Z,2026-07-06T22:45:00+0200,60.0,EUR/MWh,NL,NL,imbalance_price,Long,2026-08-06T05:38:50Z
2026-08-06T05:35:55Z,2026-08-06T07:35:55+0200,c3feb7e2-8675-4f7f-be40-2d97c558df74,2026-07-06T20:45:00Z,2026-07-06T22:45:00+0200,60.0,EUR/MWh,NL,NL,imbalance_price,Short,2026-08-06T05:38:50Z
2026-08-06T05:35:55Z,2026-08-06T07:35:55+0200,c3feb7e2-8675-4f7f-be40-2d97c558df74,2026-07-06T21:00:00Z,2026-07-06T23:00:00+0200,73.23,EUR/MWh,NL,NL,imbalance_price,Long,2026-08-06T05:38:50Z
2026-08-06T05:35:55Z,2026-08-06T07:35:55+0200,c3feb7e2-8675-4f7f-be40-2d97c558df74,2026-07-06T21:00:00Z,2026-07-06T23:00:00+0200,89.8,EUR/MWh,NL,NL,imbalance_price,Short,2026-08-06T05:38:50Z
2026-08-06T05:35:55Z,2026-08-06T07:35:55+0200,c3feb7e2-8675-4f7f-be40-2d97c558df74,2026-07-06T21:15:00Z,2026-07-06T23:15:00+0200,64.74,EUR/MWh,NL,NL,imbalance_price,Long,2026-08-06T05:38:50Z
2026-08-06T05:35:55Z,2026-08-06T07:35:55+0200,c3feb7e2-8675-4f7f-be40-2d97c558df74,2026-07-06T21:15:00Z,2026-07-06T23:15:00+0200,64.74,EUR/MWh,NL,NL,imbalance_price,Short,2026-08-06T05:38:50Z
2026-08-06T05:35:55Z,2026-08-06T07:35:55+0200,c3feb7e2-8675-4f7f-be40-2d97c558df74,2026-07-06T21:30:00Z,2026-07-06T23:30:00+0200,66.34,EUR/MWh,NL,NL,imbalance_price,Long,2026-08-06T05:38:50Z
2026-08-06T05:35:55Z,2026-08-06T07:35:55+0200,c3feb7e2-8675-4f7f-be40-2d97c558df74,2026-07-06T21:30:00Z,2026-07-06T23:30:00+0200,66.34,EUR/MWh,NL,NL,imbalance_price,Short,2026-08-06T05:38:50Z
2026-08-06T05:35:55Z,2026-08-06T07:35:55+0200,c3feb7e2-8675-4f7f-be40-2d97c558df74,2026-07-06T21:45:00Z,2026-07-06T23:45:00+0200,70.0,EUR/MWh,NL,NL,imbalance_price,Long,2026-08-06T05:38:50Z
2026-08-06T05:35:55Z,2026-08-06T07:35:55+0200,c3feb7e2-8675-4f7f-be40-2d97c558df74,2026-07-06T21:45:00Z,2026-07-06T23:45:00+0200,70.0,EUR/MWh,NL,NL,imbalance_price,Short,2026-08-06T05:38:50Z
2026-08-06T05:35:55Z,2026-08-06T07:35:55+0200,c3feb7e2-8675-4f7f-be40-2d97c558df74,2026-07-06T22:00:00Z,2026-07-07T00:00:00+0200,10.0,EUR/MWh,NL,NL,imbalance_price,Long,2026-08-06T05:38:50Z
2026-08-06T05:35:55Z,2026-08-06T07:35:55+0200,c3feb7e2-8675-4f7f-be40-2d97c558df74,2026-07-06T22:00:00Z,2026-07-07T00:00:00+0200,10.0,EUR/MWh,NL,NL,imbalance_price,Short,2026-08-06T05:38:50Z
2026-08-06T05:35:55Z,2026-08-06T07:35:55+0200,c3feb7e2-8675-4f7f-be40-2d97c558df74,2026-07-06T22:15:00Z,2026-07-07T00:15:00+0200,45.92,EUR/MWh,NL,NL,imbalance_price,Long,2026-08-06T05:38:50Z
2026-08-06T05:35:55Z,2026-08-06T07:35:55+0200,c3feb7e2-8675-4f7f-be40-2d97c558df74,2026-07-06T22:15:00Z,2026-07-07T00:15:00+0200,114.0,EUR/MWh,NL,NL,imbalance_price,Short,2026-08-06T05:38:50Z
2026-08-06T05:35:55Z,2026-08-06T07:35:55+0200,c3feb7e2-8675-4f7f-be40-2d97c558df74,2026-07-06T22:30:00Z,2026-07-07T00:30:00+0200,87.55,EUR/MWh,NL,NL,imbalance_price,Long,2026-08-06T05:38:50Z
2026-08-06T05:35:55Z,2026-08-06T07:35:55+0200,c3feb7e2-8675-4f7f-be40-2d97c558df74,2026-07-06T22:30:00Z,2026-07-07T00:30:00+0200,87.55,EUR/MWh,NL,NL,imbalance_price,Short,2026-08-06T05:38:50Z
2026-08-06T05:35:55Z,2026-08-06T07:35:55+0200,c3feb7e2-8675-4f7f-be40-2d97c558df74,2026-07-06T22:45:00Z,2026-07-07T00:45:00+0200,86.23,EUR/MWh,NL,NL,imbalance_price,Long,2026-08-06T05:38:50Z
2026-08-06T05:35:55Z,2026-08-06T07:35:55+0200,c3feb7e2-8675-4f7f-be40-2d97c558df74,2026-07-06T22:45:00Z,2026-07-07T00:45:00+0200,86.23,EUR/MWh,NL,NL,imbalance_price,Short,2026-08-06T05:38:50Z
2026-08-06T05:35:55Z,2026-08-06T07:35:55+0200,c3feb7e2-8675-4f7f-be40-2d97c558df74,2026-07-06T23:00:00Z,2026-07-07T01:00:00+0200,86.23,EUR/MWh,NL,NL,imbalance_price,Long,2026-08-06T05:38:50Z
2026-08-06T05:35:55Z,2026-08-06T07:35:55+0200,c3feb7e2-8675-4f7f-be40-2d97c558df74,2026-07-06T23:00:00Z,2026-07-07T01:00:00+0200,111.0,EUR/MWh,NL,NL,imbalance_price,Short,2026-08-06T05:38:50Z
2026-08-06T05:35:55Z,2026-08-06T07:35:55+0200,c3feb7e2-8675-4f7f-be40-2d97c558df74,2026-07-06T23:15:00Z,2026-07-07T01:15:00+0200,108.0,EUR/MWh,NL,NL,imbalance_price,Long,2026-08-06T05:38:50Z
2026-08-06T05:35:55Z,2026-08-06T07:35:55+0200,c3feb7e2-8675-4f7f-be40-2d97c558df74,2026-07-06T23:15:00Z,2026-07-07T01:15:00+0200,115.0,EUR/MWh,NL,NL,imbalance_price,Short,2026-08-06T05:38:50Z
2026-08-06T05:35:55Z,2026-08-06T07:35:55+0200,c3feb7e2-8675-4f7f-be40-2d97c558df74,2026-07-06T23:30:00Z,2026-07-07T01:30:00+0200,79.23,EUR/MWh,NL,NL,imbalance_price,Long,2026-08-06T05:38:50Z
2026-08-06T05:35:55Z,2026-08-06T07:35:55+0200,c3feb7e2-8675-4f7f-be40-2d97c558df74,2026-07-06T23:30:00Z,2026-07-07T01:30:00+0200,153.0,EUR/MWh,NL,NL,imbalance_price,Short,2026-08-06T05:38:50Z
2026-08-06T05:35:55Z,2026-08-06T07:35:55+0200,c3feb7e2-8675-4f7f-be40-2d97c558df74,2026-07-06T23:45:00Z,2026-07-07T01:45:00+0200,71.69,EUR/MWh,NL,NL,imbalance_price,Long,2026-08-06T05:38:50Z
2026-08-06T05:35:55Z,2026-08-06T07:35:55+0200,c3feb7e2-8675-4f7f-be40-2d97c558df74,2026-07-06T23:45:00Z,2026-07-07T01:45:00+0200,114.0,EUR/MWh,NL,NL,imbalance_price,Short,2026-08-06T05:38:50Z
2026-08-06T05:35:55Z,2026-08-06T07:35:55+0200,c3feb7e2-8675-4f7f-be40-2d97c558df74,2026-07-07T00:00:00Z,2026-07-07T02:00:00+0200,71.69,EUR/MWh,NL,NL,imbalance_price,Long,2026-08-06T05:38:50Z
2026-08-06T05:35:55Z,2026-08-06T07:35:55+0200,c3feb7e2-8675-4f7f-be40-2d97c558df74,2026-07-07T00:00:00Z,2026-07-07T02:00:00+0200,111.0,EUR/MWh,NL,NL,imbalance_price,Short,2026-08-06T05:38:50Z
2026-08-06T05:35:55Z,2026-08-06T07:35:55+0200,c3feb7e2-8675-4f7f-be40-2d97c558df74,2026-07-07T00:15:00Z,2026-07-07T02:15:00+0200,92.52,EUR/MWh,NL,NL,imbalance_price,Long,2026-08-06T05:38:50Z
2026-08-06T05:35:55Z,2026-08-06T07:35:55+0200,c3feb7e2-8675-4f7f-be40-2d97c558df74,2026-07-07T00:15:00Z,2026-07-07T02:15:00+0200,109.5,EUR/MWh,NL,NL,imbalance_price,Short,2026-08-06T05:38:50Z
2026-08-06T05:35:55Z,2026-08-06T07:35:55+0200,c3feb7e2-8675-4f7f-be40-2d97c558df74,2026-07-07T00:30:00Z,2026-07-07T02:30:00+0200,84.35,EUR/MWh,NL,NL,imbalance_price,Long,2026-08-06T05:38:50Z
2026-08-06T05:35:55Z,2026-08-06T07:35:55+0200,c3feb7e2-8675-4f7f-be40-2d97c558df74,2026-07-07T00:30:00Z,2026-07-07T02:30:00+0200,113.0,EUR/MWh,NL,NL,imbalance_price,Short,2026-08-06T05:38:50Z
2026-08-06T05:35:55Z,2026-08-06T07:35:55+0200,c3feb7e2-8675-4f7f-be40-2d97c558df74,2026-07-07T00:45:00Z,2026-07-07T02:45:00+0200,86.23,EUR/MWh,NL,NL,imbalance_price,Long,2026-08-06T05:38:50Z
2026-08-06T05:35:55Z,2026-08-06T07:35:55+0200,c3feb7e2-8675-4f7f-be40-2d97c558df74,2026-07-07T00:45:00Z,2026-07-07T02:45:00+0200,86.23,EUR/MWh,NL,NL,imbalance_price,Short,2026-08-06T05:38:50Z
2026-08-06T05:35:55Z,2026-08-06T07:35:55+0200,c3feb7e2-8675-4f7f-be40-2d97c558df74,2026-07-07T01:00:00Z,2026-07-07T03:00:00+0200,79.23,EUR/MWh,NL,NL,imbalance_price,Long,2026-08-06T05:38:50Z
2026-08-06T05:35:55Z,2026-08-06T07:35:55+0200,c3feb7e2-8675-4f7f-be40-2d97c558df74,2026-07-07T01:00:00Z,2026-07-07T03:00:00+0200,79.23,EUR/MWh,NL,NL,imbalance_price,Short,2026-08-06T05:38:50Z
2026-08-06T05:35:55Z,2026-08-06T07:35:55+0200,c3feb7e2-8675-4f7f-be40-2d97c558df74,2026-07-07T01:15:00Z,2026-07-07T03:15:00+0200,86.23,EUR/MWh,NL,NL,imbalance_price,Long,2026-08-06T05:38:50Z
2026-08-06T05:35:55Z,2026-08-06T07:35:55+0200,c3feb7e2-8675-4f7f-be40-2d97c558df74,2026-07-07T01:15:00Z,2026-07-07T03:15:00+0200,86.23,EUR/MWh,NL,NL,imbalance_price,Short,2026-08-06T05:38:50Z
2026-08-06T05:35:55Z,2026-08-06T07:35:55+0200,c3feb7e2-8675-4f7f-be40-2d97c558df74,2026-07-07T01:30:00Z,2026-07-07T03:30:00+0200,85.74,EUR/MWh,NL,NL,imbalance_price,Long,2026-08-06T05:38:50Z
2026-08-06T05:35:55Z,2026-08-06T07:35:55+0200,c3feb7e2-8675-4f7f-be40-2d97c558df74,2026-07-07T01:30:00Z,2026-07-07T03:30:00+0200,85.74,EUR/MWh,NL,NL,imbalance_price,Short,2026-08-06T05:38:50Z
2026-08-06T05:35:55Z,2026-08-06T07:35:55+0200,c3feb7e2-8675-4f7f-be40-2d97c558df74,2026-07-07T01:45:00Z,2026-07-07T03:45:00+0200,98.62,EUR/MWh,NL,NL,imbalance_price,Long,2026-08-06T05:38:50Z
2026-08-06T05:35:55Z,2026-08-06T07:35:55+0200,c3feb7e2-8675-4f7f-be40-2d97c558df74,2026-07-07T01:45:00Z,2026-07-07T03:45:00+0200,105.0,EUR/MWh,NL,NL,imbalance_price,Short,2026-08-06T05:38:50Z
2026-08-06T05:35:55Z,2026-08-06T07:35:55+0200,c3feb7e2-8675-4f7f-be40-2d97c558df74,2026-07-07T02:00:00Z,2026-07-07T04:00:00+0200,79.23,EUR/MWh,NL,NL,imbalance_price,Long,2026-08-06T05:38:50Z
2026-08-06T05:35:55Z,2026-08-06T07:35:55+0200,c3feb7e2-8675-4f7f-be40-2d97c558df74,2026-07-07T02:00:00Z,2026-07-07T04:00:00+0200,79.23,EUR/MWh,NL,NL,imbalance_price,Short,2026-08-06T05:38:50Z
2026-08-06T05:35:55Z,2026-08-06T07:35:55+0200,c3feb7e2-8675-4f7f-be40-2d97c558df74,2026-07-07T02:15:00Z,2026-07-07T04:15:00+0200,70.0,EUR/MWh,NL,NL,imbalance_price,Long,2026-08-06T05:38:50Z
2026-08-06T05:35:55Z,2026-08-06T07:35:55+0200,c3feb7e2-8675-4f7f-be40-2d97c558df74,2026-07-07T02:15:00Z,2026-07-07T04:15:00+0200,70.0,EUR/MWh,NL,NL,imbalance_price,Short,2026-08-06T05:38:50Z
2026-08-06T05:35:55Z,2026-08-06T07:35:55+0200,c3feb7e2-8675-4f7f-be40-2d97c558df74,2026-07-07T02:30:00Z,2026-07-07T04:30:00+0200,73.44,EUR/MWh,NL,NL,imbalance_price,Long,2026-08-06T05:38:50Z
2026-08-06T05:35:55Z,2026-08-06T07:35:55+0200,c3feb7e2-8675-4f7f-be40-2d97c558df74,2026-07-07T02:30:00Z,2026-07-07T04:30:00+0200,73.44,EUR/MWh,NL,NL,imbalance_price,Short,2026-08-06T05:38:50Z
2026-08-06T05:35:55Z,2026-08-06T07:35:55+0200,c3feb7e2-8675-4f7f-be40-2d97c558df74,2026-07-07T02:45:00Z,2026-07-07T04:45:00+0200,74.71,EUR/MWh,NL,NL,imbalance_price,Long,2026-08-06T05:38:50Z
2026-08-06T05:35:55Z,2026-08-06T07:35:55+0200,c3feb7e2-8675-4f7f-be40-2d97c558df74,2026-07-07T02:45:00Z,2026-07-07T04:45:00+0200,103.0,EUR/MWh,NL,NL,imbalance_price,Short,2026-08-06T05:38:50Z
2026-08-06T05:35:55Z,2026-08-06T07:35:55+0200,c3feb7e2-8675-4f7f-be40-2d97c558df74,2026-07-07T03:00:00Z,2026-07-07T05:00:00+0200,108.0,EUR/MWh,NL,NL,imbalance_price,Long,2026-08-06T05:38:50Z
2026-08-06T05:35:55Z,2026-08-06T07:35:55+0200,c3feb7e2-8675-4f7f-be40-2d97c558df74,2026-07-07T03:00:00Z,2026-07-07T05:00:00+0200,108.0,EUR/MWh,NL,NL,imbalance_price,Short,2026-08-06T05:38:50Z
2026-08-06T05:35:55Z,2026-08-06T07:35:55+0200,c3feb7e2-8675-4f7f-be40-2d97c558df74,2026-07-07T03:15:00Z,2026-07-07T05:15:00+0200,93.55,EUR/MWh,NL,NL,imbalance_price,Long,2026-08-06T05:38:50Z
2026-08-06T05:35:55Z,2026-08-06T07:35:55+0200,c3feb7e2-8675-4f7f-be40-2d97c558df74,2026-07-07T03:15:00Z,2026-07-07T05:15:00+0200,106.06,EUR/MWh,NL,NL,imbalance_price,Short,2026-08-06T05:38:50Z
2026-08-06T05:35:55Z,2026-08-06T07:35:55+0200,c3feb7e2-8675-4f7f-be40-2d97c558df74,2026-07-07T03:30:00Z,2026-07-07T05:30:00+0200,98.57,EUR/MWh,NL,NL,imbalance_price,Long,2026-08-06T05:38:50Z
2026-08-06T05:35:55Z,2026-08-06T07:35:55+0200,c3feb7e2-8675-4f7f-be40-2d97c558df74,2026-07-07T03:30:00Z,2026-07-07T05:30:00+0200,112.0,EUR/MWh,NL,NL,imbalance_price,Short,2026-08-06T05:38:50Z
2026-08-06T05:35:55Z,2026-08-06T07:35:55+0200,c3feb7e2-8675-4f7f-be40-2d97c558df74,2026-07-07T03:45:00Z,2026-07-07T05:45:00+0200,97.98,EUR/MWh,NL,NL,imbalance_price,Long,2026-08-06T05:38:50Z
2026-08-06T05:35:55Z,2026-08-06T07:35:55+0200,c3feb7e2-8675-4f7f-be40-2d97c558df74,2026-07-07T03:45:00Z,2026-07-07T05:45:00+0200,113.0,EUR/MWh,NL,NL,imbalance_price,Short,2026-08-06T05:38:50Z
2026-08-06T05:35:55Z,2026-08-06T07:35:55+0200,c3feb7e2-8675-4f7f-be40-2d97c558df74,2026-07-07T04:00:00Z,2026-07-07T06:00:00+0200,39.5,EUR/MWh,NL,NL,imbalance_price,Long,2026-08-06T05:38:50Z
2026-08-06T05:35:55Z,2026-08-06T07:35:55+0200,c3feb7e2-8675-4f7f-be40-2d97c558df74,2026-07-07T04:00:00Z,2026-07-07T06:00:00+0200,93.0,EUR/MWh,NL,NL,imbalance_price,Short,2026-08-06T05:38:50Z
2026-08-06T05:35:55Z,2026-08-06T07:35:55+0200,c3feb7e2-8675-4f7f-be40-2d97c558df74,2026-07-07T04:15:00Z,2026-07-07T06:15:00+0200,93.07,EUR/MWh,NL,NL,imbalance_price,Long,2026-08-06T05:38:50Z
2026-08-06T05:35:55Z,2026-08-06T07:35:55+0200,c3feb7e2-8675-4f7f-be40-2d97c558df74,2026-07-07T04:15:00Z,2026-07-07T06:15:00+0200,111.0,EUR/MWh,NL,NL,imbalance_price,Short,2026-08-06T05:38:50Z
2026-08-06T05:35:55Z,2026-08-06T07:35:55+0200,c3feb7e2-8675-4f7f-be40-2d97c558df74,2026-07-07T04:30:00Z,2026-07-07T06:30:00+0200,91.06,EUR/MWh,NL,NL,imbalance_price,Long,2026-08-06T05:38:50Z
2026-08-06T05:35:55Z,2026-08-06T07:35:55+0200,c3feb7e2-8675-4f7f-be40-2d97c558df74,2026-07-07T04:30:00Z,2026-07-07T06:30:00+0200,91.06,EUR/MWh,NL,NL,imbalance_price,Short,2026-08-06T05:38:50Z
2026-08-06T05:35:55Z,2026-08-06T07:35:55+0200,c3feb7e2-8675-4f7f-be40-2d97c558df74,2026-07-07T04:45:00Z,2026-07-07T06:45:00+0200,77.55,EUR/MWh,NL,NL,imbalance_price,Long,2026-08-06T05:38:50Z
2026-08-06T05:35:55Z,2026-08-06T07:35:55+0200,c3feb7e2-8675-4f7f-be40-2d97c558df74,2026-07-07T04:45:00Z,2026-07-07T06:45:00+0200,77.55,EUR/MWh,NL,NL,imbalance_price,Short,2026-08-06T05:38:50Z
2026-08-06T05:35:55Z,2026-08-06T07:35:55+0200,c3feb7e2-8675-4f7f-be40-2d97c558df74,2026-07-07T05:00:00Z,2026-07-07T07:00:00+0200,73.89,EUR/MWh,NL,NL,imbalance_price,Long,2026-08-06T05:38:50Z
2026-08-06T05:35:55Z,2026-08-06T07:35:55+0200,c3feb7e2-8675-4f7f-be40-2d97c558df74,2026-07-07T05:00:00Z,2026-07-07T07:00:00+0200,73.89,EUR/MWh,NL,NL,imbalance_price,Short,2026-08-06T05:38:50Z
2026-08-06T05:35:55Z,2026-08-06T07:35:55+0200,c3feb7e2-8675-4f7f-be40-2d97c558df74,2026-07-07T05:15:00Z,2026-07-07T07:15:00+0200,79.89,EUR/MWh,NL,NL,imbalance_price,Long,2026-08-06T05:38:50Z
2026-08-06T05:35:55Z,2026-08-06T07:35:55+0200,c3feb7e2-8675-4f7f-be40-2d97c558df74,2026-07-07T05:15:00Z,2026-07-07T07:15:00+0200,79.89,EUR/MWh,NL,NL,imbalance_price,Short,2026-08-06T05:38:50Z
2026-08-06T05:35:55Z,2026-08-06T07:35:55+0200,c3feb7e2-8675-4f7f-be40-2d97c558df74,2026-07-07T05:30:00Z,2026-07-07T07:30:00+0200,72.77,EUR/MWh,NL,NL,imbalance_price,Long,2026-08-06T05:38:50Z
2026-08-06T05:35:55Z,2026-08-06T07:35:55+0200,c3feb7e2-8675-4f7f-be40-2d97c558df74,2026-07-07T05:30:00Z,2026-07-07T07:30:00+0200,72.77,EUR/MWh,NL,NL,imbalance_price,Short,2026-08-06T05:38:50Z
2026-08-06T05:35:55Z,2026-08-06T07:35:55+0200,c3feb7e2-8675-4f7f-be40-2d97c558df74,2026-07-07T05:45:00Z,2026-07-07T07:45:00+0200,87.55,EUR/MWh,NL,NL,imbalance_price,Long,2026-08-06T05:38:50Z
2026-08-06T05:35:55Z,2026-08-06T07:35:55+0200,c3feb7e2-8675-4f7f-be40-2d97c558df74,2026-07-07T05:45:00Z,2026-07-07T07:45:00+0200,87.55,EUR/MWh,NL,NL,imbalance_price,Short,2026-08-06T05:38:50Z
2026-08-06T05:35:55Z,2026-08-06T07:35:55+0200,c3feb7e2-8675-4f7f-be40-2d97c558df74,2026-07-07T06:00:00Z,2026-07-07T08:00:00+0200,76.02,EUR/MWh,NL,NL,imbalance_price,Long,2026-08-06T05:38:50Z
2026-08-06T05:35:55Z,2026-08-06T07:35:55+0200,c3feb7e2-8675-4f7f-be40-2d97c558df74,2026-07-07T06:00:00Z,2026-07-07T08:00:00+0200,95.0,EUR/MWh,NL,NL,imbalance_price,Short,2026-08-06T05:38:50Z
2026-08-06T05:35:55Z,2026-08-06T07:35:55+0200,c3feb7e2-8675-4f7f-be40-2d97c558df74,2026-07-07T06:15:00Z,2026-07-07T08:15:00+0200,92.77,EUR/MWh,NL,NL,imbalance_price,Long,2026-08-06T05:38:50Z
2026-08-06T05:35:55Z,2026-08-06T07:35:55+0200,c3feb7e2-8675-4f7f-be40-2d97c558df74,2026-07-07T06:15:00Z,2026-07-07T08:15:00+0200,114.0,EUR/MWh,NL,NL,imbalance_price,Short,2026-08-06T05:38:50Z
2026-08-06T05:35:55Z,2026-08-06T07:35:55+0200,c3feb7e2-8675-4f7f-be40-2d97c558df74,2026-07-07T06:30:00Z,2026-07-07T08:30:00+0200,96.5,EUR/MWh,NL,NL,imbalance_price,Long,2026-08-06T05:38:50Z
2026-08-06T05:35:55Z,2026-08-06T07:35:55+0200,c3feb7e2-8675-4f7f-be40-2d97c558df74,2026-07-07T06:30:00Z,2026-07-07T08:30:00+0200,110.0,EUR/MWh,NL,NL,imbalance_price,Short,2026-08-06T05:38:50Z
2026-08-06T05:35:55Z,2026-08-06T07:35:55+0200,c3feb7e2-8675-4f7f-be40-2d97c558df74,2026-07-07T06:45:00Z,2026-07-07T08:45:00+0200,93.0,EUR/MWh,NL,NL,imbalance_price,Long,2026-08-06T05:38:50Z
2026-08-06T05:35:55Z,2026-08-06T07:35:55+0200,c3feb7e2-8675-4f7f-be40-2d97c558df74,2026-07-07T06:45:00Z,2026-07-07T08:45:00+0200,114.0,EUR/MWh,NL,NL,imbalance_price,Short,2026-08-06T05:38:50Z
2026-08-06T05:35:55Z,2026-08-06T07:35:55+0200,c3feb7e2-8675-4f7f-be40-2d97c558df74,2026-07-07T07:00:00Z,2026-07-07T09:00:00+0200,90.0,EUR/MWh,NL,NL,imbalance_price,Long,2026-08-06T05:38:50Z
2026-08-06T05:35:55Z,2026-08-06T07:35:55+0200,c3feb7e2-8675-4f7f-be40-2d97c558df74,2026-07-07T07:00:00Z,2026-07-07T09:00:00+0200,134.0,EUR/MWh,NL,NL,imbalance_price,Short,2026-08-06T05:38:50Z
2026-08-06T05:35:55Z,2026-08-06T07:35:55+0200,c3feb7e2-8675-4f7f-be40-2d97c558df74,2026-07-07T07:15:00Z,2026-07-07T09:15:00+0200,23.3,EUR/MWh,NL,NL,imbalance_price,Long,2026-08-06T05:38:50Z
2026-08-06T05:35:55Z,2026-08-06T07:35:55+0200,c3feb7e2-8675-4f7f-be40-2d97c558df74,2026-07-07T07:15:00Z,2026-07-07T09:15:00+0200,23.3,EUR/MWh,NL,NL,imbalance_price,Short,2026-08-06T05:38:50Z
2026-08-06T05:35:55Z,2026-08-06T07:35:55+0200,c3feb7e2-8675-4f7f-be40-2d97c558df74,2026-07-07T07:30:00Z,2026-07-07T09:30:00+0200,23.3,EUR/MWh,NL,NL,imbalance_price,Long,2026-08-06T05:38:50Z
2026-08-06T05:35:55Z,2026-08-06T07:35:55+0200,c3feb7e2-8675-4f7f-be40-2d97c558df74,2026-07-07T07:30:00Z,2026-07-07T09:30:00+0200,131.47,EUR/MWh,NL,NL,imbalance_price,Short,2026-08-06T05:38:50Z
2026-08-06T05:35:55Z,2026-08-06T07:35:55+0200,c3feb7e2-8675-4f7f-be40-2d97c558df74,2026-07-07T07:45:00Z,2026-07-07T09:45:00+0200,-5.0,EUR/MWh,NL,NL,imbalance_price,Long,2026-08-06T05:38:50Z
2026-08-06T05:35:55Z,2026-08-06T07:35:55+0200,c3feb7e2-8675-4f7f-be40-2d97c558df74,2026-07-07T07:45:00Z,2026-07-07T09:45:00+0200,103.0,EUR/MWh,NL,NL,imbalance_price,Short,2026-08-06T05:38:50Z
2026-08-06T05:35:55Z,2026-08-06T07:35:55+0200,c3feb7e2-8675-4f7f-be40-2d97c558df74,2026-07-07T08:00:00Z,2026-07-07T10:00:00+0200,-23.7,EUR/MWh,NL,NL,imbalance_price,Long,2026-08-06T05:38:50Z
2026-08-06T05:35:55Z,2026-08-06T07:35:55+0200,c3feb7e2-8675-4f7f-be40-2d97c558df74,2026-07-07T08:00:00Z,2026-07-07T10:00:00+0200,-23.7,EUR/MWh,NL,NL,imbalance_price,Short,2026-08-06T05:38:50Z
2026-08-06T05:35:55Z,2026-08-06T07:35:55+0200,c3feb7e2-8675-4f7f-be40-2d97c558df74,2026-07-07T08:15:00Z,2026-07-07T10:15:00+0200,-23.7,EUR/MWh,NL,NL,imbalance_price,Long,2026-08-06T05:38:50Z
2026-08-06T05:35:55Z,2026-08-06T07:35:55+0200,c3feb7e2-8675-4f7f-be40-2d97c558df74,2026-07-07T08:15:00Z,2026-07-07T10:15:00+0200,-23.7,EUR/MWh,NL,NL,imbalance_price,Short,2026-08-06T05:38:50Z
2026-08-06T05:35:55Z,2026-08-06T07:35:55+0200,c3feb7e2-8675-4f7f-be40-2d97c558df74,2026-07-07T08:30:00Z,2026-07-07T10:30:00+0200,-23.85,EUR/MWh,NL,NL,imbalance_price,Long,2026-08-06T05:38:50Z
2026-08-06T05:35:55Z,2026-08-06T07:35:55+0200,c3feb7e2-8675-4f7f-be40-2d97c558df74,2026-07-07T08:30:00Z,2026-07-07T10:30:00+0200,-23.85,EUR/MWh,NL,NL,imbalance_price,Short,2026-08-06T05:38:50Z
2026-08-06T05:35:55Z,2026-08-06T07:35:55+0200,c3feb7e2-8675-4f7f-be40-2d97c558df74,2026-07-07T08:45:00Z,2026-07-07T10:45:00+0200,-26.98,EUR/MWh,NL,NL,imbalance_price,Long,2026-08-06T05:38:50Z
2026-08-06T05:35:55Z,2026-08-06T07:35:55+0200,c3feb7e2-8675-4f7f-be40-2d97c558df74,2026-07-07T08:45:00Z,2026-07-07T10:45:00+0200,-26.98,EUR/MWh,NL,NL,imbalance_price,Short,2026-08-06T05:38:50Z
2026-08-06T05:35:55Z,2026-08-06T07:35:55+0200,c3feb7e2-8675-4f7f-be40-2d97c558df74,2026-07-07T09:00:00Z,2026-07-07T11:00:00+0200,-69.8,EUR/MWh,NL,NL,imbalance_price,Long,2026-08-06T05:38:50Z
2026-08-06T05:35:55Z,2026-08-06T07:35:55+0200,c3feb7e2-8675-4f7f-be40-2d97c558df74,2026-07-07T09:00:00Z,2026-07-07T11:00:00+0200,-69.8,EUR/MWh,NL,NL,imbalance_price,Short,2026-08-06T05:38:50Z
2026-08-06T05:35:55Z,2026-08-06T07:35:55+0200,c3feb7e2-8675-4f7f-be40-2d97c558df74,2026-07-07T09:15:00Z,2026-07-07T11:15:00+0200,-69.3,EUR/MWh,NL,NL,imbalance_price,Long,2026-08-06T05:38:50Z
2026-08-06T05:35:55Z,2026-08-06T07:35:55+0200,c3feb7e2-8675-4f7f-be40-2d97c558df74,2026-07-07T09:15:00Z,2026-07-07T11:15:00+0200,-69.3,EUR/MWh,NL,NL,imbalance_price,Short,2026-08-06T05:38:50Z
2026-08-06T05:35:55Z,2026-08-06T07:35:55+0200,c3feb7e2-8675-4f7f-be40-2d97c558df74,2026-07-07T09:30:00Z,2026-07-07T11:30:00+0200,-71.6,EUR/MWh,NL,NL,imbalance_price,Long,2026-08-06T05:38:50Z
2026-08-06T05:35:55Z,2026-08-06T07:35:55+0200,c3feb7e2-8675-4f7f-be40-2d97c558df74,2026-07-07T09:30:00Z,2026-07-07T11:30:00+0200,49.5,EUR/MWh,NL,NL,imbalance_price,Short,2026-08-06T05:38:50Z
2026-08-06T05:35:55Z,2026-08-06T07:35:55+0200,c3feb7e2-8675-4f7f-be40-2d97c558df74,2026-07-07T09:45:00Z,2026-07-07T11:45:00+0200,-71.3,EUR/MWh,NL,NL,imbalance_price,Long,2026-08-06T05:38:50Z
2026-08-06T05:35:55Z,2026-08-06T07:35:55+0200,c3feb7e2-8675-4f7f-be40-2d97c558df74,2026-07-07T09:45:00Z,2026-07-07T11:45:00+0200,-71.3,EUR/MWh,NL,NL,imbalance_price,Short,2026-08-06T05:38:50Z
2026-08-06T05:35:55Z,2026-08-06T07:35:55+0200,c3feb7e2-8675-4f7f-be40-2d97c558df74,2026-07-07T10:00:00Z,2026-07-07T12:00:00+0200,-78.5,EUR/MWh,NL,NL,imbalance_price,Long,2026-08-06T05:38:50Z
2026-08-06T05:35:55Z,2026-08-06T07:35:55+0200,c3feb7e2-8675-4f7f-be40-2d97c558df74,2026-07-07T10:00:00Z,2026-07-07T12:00:00+0200,59.5,EUR/MWh,NL,NL,imbalance_price,Short,2026-08-06T05:38:50Z
2026-08-06T05:35:55Z,2026-08-06T07:35:55+0200,c3feb7e2-8675-4f7f-be40-2d97c558df74,2026-07-07T10:15:00Z,2026-07-07T12:15:00+0200,-78.5,EUR/MWh,NL,NL,imbalance_price,Long,2026-08-06T05:38:50Z
2026-08-06T05:35:55Z,2026-08-06T07:35:55+0200,c3feb7e2-8675-4f7f-be40-2d97c558df74,2026-07-07T10:15:00Z,2026-07-07T12:15:00+0200,71.5,EUR/MWh,NL,NL,imbalance_price,Short,2026-08-06T05:38:50Z
2026-08-06T05:35:55Z,2026-08-06T07:35:55+0200,c3feb7e2-8675-4f7f-be40-2d97c558df74,2026-07-07T10:30:00Z,2026-07-07T12:30:00+0200,-15.2,EUR/MWh,NL,NL,imbalance_price,Long,2026-08-06T05:38:50Z
2026-08-06T05:35:55Z,2026-08-06T07:35:55+0200,c3feb7e2-8675-4f7f-be40-2d97c558df74,2026-07-07T10:30:00Z,2026-07-07T12:30:00+0200,-15.2,EUR/MWh,NL,NL,imbalance_price,Short,2026-08-06T05:38:50Z
2026-08-06T05:35:55Z,2026-08-06T07:35:55+0200,c3feb7e2-8675-4f7f-be40-2d97c558df74,2026-07-07T10:45:00Z,2026-07-07T12:45:00+0200,-30.0,EUR/MWh,NL,NL,imbalance_price,Long,2026-08-06T05:38:50Z
2026-08-06T05:35:55Z,2026-08-06T07:35:55+0200,c3feb7e2-8675-4f7f-be40-2d97c558df74,2026-07-07T10:45:00Z,2026-07-07T12:45:00+0200,-30.0,EUR/MWh,NL,NL,imbalance_price,Short,2026-08-06T05:38:50Z
2026-08-06T05:35:55Z,2026-08-06T07:35:55+0200,c3feb7e2-8675-4f7f-be40-2d97c558df74,2026-07-07T11:00:00Z,2026-07-07T13:00:00+0200,-30.0,EUR/MWh,NL,NL,imbalance_price,Long,2026-08-06T05:38:50Z
2026-08-06T05:35:55Z,2026-08-06T07:35:55+0200,c3feb7e2-8675-4f7f-be40-2d97c558df74,2026-07-07T11:00:00Z,2026-07-07T13:00:00+0200,68.97,EUR/MWh,NL,NL,imbalance_price,Short,2026-08-06T05:38:50Z
2026-08-06T05:35:55Z,2026-08-06T07:35:55+0200,c3feb7e2-8675-4f7f-be40-2d97c558df74,2026-07-07T11:15:00Z,2026-07-07T13:15:00+0200,-32.2,EUR/MWh,NL,NL,imbalance_price,Long,2026-08-06T05:38:50Z
2026-08-06T05:35:55Z,2026-08-06T07:35:55+0200,c3feb7e2-8675-4f7f-be40-2d97c558df74,2026-07-07T11:15:00Z,2026-07-07T13:15:00+0200,77.5,EUR/MWh,NL,NL,imbalance_price,Short,2026-08-06T05:38:50Z
2026-08-06T05:35:55Z,2026-08-06T07:35:55+0200,c3feb7e2-8675-4f7f-be40-2d97c558df74,2026-07-07T11:30:00Z,2026-07-07T13:30:00+0200,-64.28,EUR/MWh,NL,NL,imbalance_price,Long,2026-08-06T05:38:50Z
2026-08-06T05:35:55Z,2026-08-06T07:35:55+0200,c3feb7e2-8675-4f7f-be40-2d97c558df74,2026-07-07T11:30:00Z,2026-07-07T13:30:00+0200,77.5,EUR/MWh,NL,NL,imbalance_price,Short,2026-08-06T05:38:50Z
2026-08-06T05:35:55Z,2026-08-06T07:35:55+0200,c3feb7e2-8675-4f7f-be40-2d97c558df74,2026-07-07T11:45:00Z,2026-07-07T13:45:00+0200,-15.0,EUR/MWh,NL,NL,imbalance_price,Long,2026-08-06T05:38:50Z
2026-08-06T05:35:55Z,2026-08-06T07:35:55+0200,c3feb7e2-8675-4f7f-be40-2d97c558df74,2026-07-07T11:45:00Z,2026-07-07T13:45:00+0200,-15.0,EUR/MWh,NL,NL,imbalance_price,Short,2026-08-06T05:38:50Z
2026-08-06T05:35:55Z,2026-08-06T07:35:55+0200,c3feb7e2-8675-4f7f-be40-2d97c558df74,2026-07-07T12:00:00Z,2026-07-07T14:00:00+0200,-15.0,EUR/MWh,NL,NL,imbalance_price,Long,2026-08-06T05:38:50Z
2026-08-06T05:35:55Z,2026-08-06T07:35:55+0200,c3feb7e2-8675-4f7f-be40-2d97c558df74,2026-07-07T12:00:00Z,2026-07-07T14:00:00+0200,84.75,EUR/MWh,NL,NL,imbalance_price,Short,2026-08-06T05:38:50Z
2026-08-06T05:35:55Z,2026-08-06T07:35:55+0200,c3feb7e2-8675-4f7f-be40-2d97c558df74,2026-07-07T12:15:00Z,2026-07-07T14:15:00+0200,-32.2,EUR/MWh,NL,NL,imbalance_price,Long,2026-08-06T05:38:50Z
2026-08-06T05:35:55Z,2026-08-06T07:35:55+0200,c3feb7e2-8675-4f7f-be40-2d97c558df74,2026-07-07T12:15:00Z,2026-07-07T14:15:00+0200,77.5,EUR/MWh,NL,NL,imbalance_price,Short,2026-08-06T05:38:50Z
2026-08-06T05:35:55Z,2026-08-06T07:35:55+0200,c3feb7e2-8675-4f7f-be40-2d97c558df74,2026-07-07T12:30:00Z,2026-07-07T14:30:00+0200,-65.0,EUR/MWh,NL,NL,imbalance_price,Long,2026-08-06T05:38:50Z
2026-08-06T05:35:55Z,2026-08-06T07:35:55+0200,c3feb7e2-8675-4f7f-be40-2d97c558df74,2026-07-07T12:30:00Z,2026-07-07T14:30:00+0200,89.7,EUR/MWh,NL,NL,imbalance_price,Short,2026-08-06T05:38:50Z
2026-08-06T05:35:55Z,2026-08-06T07:35:55+0200,c3feb7e2-8675-4f7f-be40-2d97c558df74,2026-07-07T12:45:00Z,2026-07-07T14:45:00+0200,10.0,EUR/MWh,NL,NL,imbalance_price,Long,2026-08-06T05:38:50Z
2026-08-06T05:35:55Z,2026-08-06T07:35:55+0200,c3feb7e2-8675-4f7f-be40-2d97c558df74,2026-07-07T12:45:00Z,2026-07-07T14:45:00+0200,84.75,EUR/MWh,NL,NL,imbalance_price,Short,2026-08-06T05:38:50Z
2026-08-06T05:35:55Z,2026-08-06T07:35:55+0200,c3feb7e2-8675-4f7f-be40-2d97c558df74,2026-07-07T13:00:00Z,2026-07-07T15:00:00+0200,-34.26,EUR/MWh,NL,NL,imbalance_price,Long,2026-08-06T05:38:50Z
2026-08-06T05:35:55Z,2026-08-06T07:35:55+0200,c3feb7e2-8675-4f7f-be40-2d97c558df74,2026-07-07T13:00:00Z,2026-07-07T15:00:00+0200,71.5,EUR/MWh,NL,NL,imbalance_price,Short,2026-08-06T05:38:50Z
2026-08-06T05:35:55Z,2026-08-06T07:35:55+0200,c3feb7e2-8675-4f7f-be40-2d97c558df74,2026-07-07T13:15:00Z,2026-07-07T15:15:00+0200,-22.54,EUR/MWh,NL,NL,imbalance_price,Long,2026-08-06T05:38:50Z
2026-08-06T05:35:55Z,2026-08-06T07:35:55+0200,c3feb7e2-8675-4f7f-be40-2d97c558df74,2026-07-07T13:15:00Z,2026-07-07T15:15:00+0200,-22.54,EUR/MWh,NL,NL,imbalance_price,Short,2026-08-06T05:38:50Z
2026-08-06T05:35:55Z,2026-08-06T07:35:55+0200,c3feb7e2-8675-4f7f-be40-2d97c558df74,2026-07-07T13:30:00Z,2026-07-07T15:30:00+0200,-15.0,EUR/MWh,NL,NL,imbalance_price,Long,2026-08-06T05:38:50Z
2026-08-06T05:35:55Z,2026-08-06T07:35:55+0200,c3feb7e2-8675-4f7f-be40-2d97c558df74,2026-07-07T13:30:00Z,2026-07-07T15:30:00+0200,79.5,EUR/MWh,NL,NL,imbalance_price,Short,2026-08-06T05:38:50Z
2026-08-06T05:35:55Z,2026-08-06T07:35:55+0200,c3feb7e2-8675-4f7f-be40-2d97c558df74,2026-07-07T13:45:00Z,2026-07-07T15:45:00+0200,-5.54,EUR/MWh,NL,NL,imbalance_price,Long,2026-08-06T05:38:50Z
2026-08-06T05:35:55Z,2026-08-06T07:35:55+0200,c3feb7e2-8675-4f7f-be40-2d97c558df74,2026-07-07T13:45:00Z,2026-07-07T15:45:00+0200,77.5,EUR/MWh,NL,NL,imbalance_price,Short,2026-08-06T05:38:50Z
2026-08-06T05:35:55Z,2026-08-06T07:35:55+0200,c3feb7e2-8675-4f7f-be40-2d97c558df74,2026-07-07T14:00:00Z,2026-07-07T16:00:00+0200,-57.58,EUR/MWh,NL,NL,imbalance_price,Long,2026-08-06T05:38:50Z
2026-08-06T05:35:55Z,2026-08-06T07:35:55+0200,c3feb7e2-8675-4f7f-be40-2d97c558df74,2026-07-07T14:00:00Z,2026-07-07T16:00:00+0200,84.75,EUR/MWh,NL,NL,imbalance_price,Short,2026-08-06T05:38:50Z
2026-08-06T05:35:55Z,2026-08-06T07:35:55+0200,c3feb7e2-8675-4f7f-be40-2d97c558df74,2026-07-07T14:15:00Z,2026-07-07T16:15:00+0200,-13.52,EUR/MWh,NL,NL,imbalance_price,Long,2026-08-06T05:38:50Z
2026-08-06T05:35:55Z,2026-08-06T07:35:55+0200,c3feb7e2-8675-4f7f-be40-2d97c558df74,2026-07-07T14:15:00Z,2026-07-07T16:15:00+0200,-13.52,EUR/MWh,NL,NL,imbalance_price,Short,2026-08-06T05:38:50Z
2026-08-06T05:35:55Z,2026-08-06T07:35:55+0200,c3feb7e2-8675-4f7f-be40-2d97c558df74,2026-07-07T14:30:00Z,2026-07-07T16:30:00+0200,-26.98,EUR/MWh,NL,NL,imbalance_price,Long,2026-08-06T05:38:50Z
2026-08-06T05:35:55Z,2026-08-06T07:35:55+0200,c3feb7e2-8675-4f7f-be40-2d97c558df74,2026-07-07T14:30:00Z,2026-07-07T16:30:00+0200,44.32,EUR/MWh,NL,NL,imbalance_price,Short,2026-08-06T05:38:50Z
2026-08-06T05:35:55Z,2026-08-06T07:35:55+0200,c3feb7e2-8675-4f7f-be40-2d97c558df74,2026-07-07T14:45:00Z,2026-07-07T16:45:00+0200,67.15,EUR/MWh,NL,NL,imbalance_price,Long,2026-08-06T05:38:50Z
2026-08-06T05:35:55Z,2026-08-06T07:35:55+0200,c3feb7e2-8675-4f7f-be40-2d97c558df74,2026-07-07T14:45:00Z,2026-07-07T16:45:00+0200,88.48,EUR/MWh,NL,NL,imbalance_price,Short,2026-08-06T05:38:50Z
2026-08-06T05:35:55Z,2026-08-06T07:35:55+0200,c3feb7e2-8675-4f7f-be40-2d97c558df74,2026-07-07T15:00:00Z,2026-07-07T17:00:00+0200,115.0,EUR/MWh,NL,NL,imbalance_price,Long,2026-08-06T05:38:50Z
2026-08-06T05:35:55Z,2026-08-06T07:35:55+0200,c3feb7e2-8675-4f7f-be40-2d97c558df74,2026-07-07T15:00:00Z,2026-07-07T17:00:00+0200,115.0,EUR/MWh,NL,NL,imbalance_price,Short,2026-08-06T05:38:50Z
2026-08-06T05:35:55Z,2026-08-06T07:35:55+0200,c3feb7e2-8675-4f7f-be40-2d97c558df74,2026-07-07T15:15:00Z,2026-07-07T17:15:00+0200,90.1,EUR/MWh,NL,NL,imbalance_price,Long,2026-08-06T05:38:50Z
2026-08-06T05:35:55Z,2026-08-06T07:35:55+0200,c3feb7e2-8675-4f7f-be40-2d97c558df74,2026-07-07T15:15:00Z,2026-07-07T17:15:00+0200,125.0,EUR/MWh,NL,NL,imbalance_price,Short,2026-08-06T05:38:50Z
2026-08-06T05:35:55Z,2026-08-06T07:35:55+0200,c3feb7e2-8675-4f7f-be40-2d97c558df74,2026-07-07T15:30:00Z,2026-07-07T17:30:00+0200,99.5,EUR/MWh,NL,NL,imbalance_price,Long,2026-08-06T05:38:50Z
2026-08-06T05:35:55Z,2026-08-06T07:35:55+0200,c3feb7e2-8675-4f7f-be40-2d97c558df74,2026-07-07T15:30:00Z,2026-07-07T17:30:00+0200,163.39,EUR/MWh,NL,NL,imbalance_price,Short,2026-08-06T05:38:50Z
2026-08-06T05:35:55Z,2026-08-06T07:35:55+0200,c3feb7e2-8675-4f7f-be40-2d97c558df74,2026-07-07T15:45:00Z,2026-07-07T17:45:00+0200,93.0,EUR/MWh,NL,NL,imbalance_price,Long,2026-08-06T05:38:50Z
2026-08-06T05:35:55Z,2026-08-06T07:35:55+0200,c3feb7e2-8675-4f7f-be40-2d97c558df74,2026-07-07T15:45:00Z,2026-07-07T17:45:00+0200,168.22,EUR/MWh,NL,NL,imbalance_price,Short,2026-08-06T05:38:50Z
2026-08-06T05:35:55Z,2026-08-06T07:35:55+0200,c3feb7e2-8675-4f7f-be40-2d97c558df74,2026-07-07T16:00:00Z,2026-07-07T18:00:00+0200,101.0,EUR/MWh,NL,NL,imbalance_price,Long,2026-08-06T05:38:50Z
2026-08-06T05:35:55Z,2026-08-06T07:35:55+0200,c3feb7e2-8675-4f7f-be40-2d97c558df74,2026-07-07T16:00:00Z,2026-07-07T18:00:00+0200,156.0,EUR/MWh,NL,NL,imbalance_price,Short,2026-08-06T05:38:50Z
2026-08-06T05:35:55Z,2026-08-06T07:35:55+0200,c3feb7e2-8675-4f7f-be40-2d97c558df74,2026-07-07T16:15:00Z,2026-07-07T18:15:00+0200,96.5,EUR/MWh,NL,NL,imbalance_price,Long,2026-08-06T05:38:50Z
2026-08-06T05:35:55Z,2026-08-06T07:35:55+0200,c3feb7e2-8675-4f7f-be40-2d97c558df74,2026-07-07T16:15:00Z,2026-07-07T18:15:00+0200,175.0,EUR/MWh,NL,NL,imbalance_price,Short,2026-08-06T05:38:50Z
2026-08-06T05:35:55Z,2026-08-06T07:35:55+0200,c3feb7e2-8675-4f7f-be40-2d97c558df74,2026-07-07T16:30:00Z,2026-07-07T18:30:00+0200,174.5,EUR/MWh,NL,NL,imbalance_price,Long,2026-08-06T05:38:50Z
2026-08-06T05:35:55Z,2026-08-06T07:35:55+0200,c3feb7e2-8675-4f7f-be40-2d97c558df74,2026-07-07T16:30:00Z,2026-07-07T18:30:00+0200,174.5,EUR/MWh,NL,NL,imbalance_price,Short,2026-08-06T05:38:50Z
2026-08-06T05:35:55Z,2026-08-06T07:35:55+0200,c3feb7e2-8675-4f7f-be40-2d97c558df74,2026-07-07T16:45:00Z,2026-07-07T18:45:00+0200,145.0,EUR/MWh,NL,NL,imbalance_price,Long,2026-08-06T05:38:50Z
2026-08-06T05:35:55Z,2026-08-06T07:35:55+0200,c3feb7e2-8675-4f7f-be40-2d97c558df74,2026-07-07T16:45:00Z,2026-07-07T18:45:00+0200,145.0,EUR/MWh,NL,NL,imbalance_price,Short,2026-08-06T05:38:50Z
2026-08-06T05:35:55Z,2026-08-06T07:35:55+0200,c3feb7e2-8675-4f7f-be40-2d97c558df74,2026-07-07T17:00:00Z,2026-07-07T19:00:00+0200,101.0,EUR/MWh,NL,NL,imbalance_price,Long,2026-08-06T05:38:50Z
2026-08-06T05:35:55Z,2026-08-06T07:35:55+0200,c3feb7e2-8675-4f7f-be40-2d97c558df74,2026-07-07T17:00:00Z,2026-07-07T19:00:00+0200,115.0,EUR/MWh,NL,NL,imbalance_price,Short,2026-08-06T05:38:50Z
2026-08-06T05:35:55Z,2026-08-06T07:35:55+0200,c3feb7e2-8675-4f7f-be40-2d97c558df74,2026-07-07T17:15:00Z,2026-07-07T19:15:00+0200,101.0,EUR/MWh,NL,NL,imbalance_price,Long,2026-08-06T05:38:50Z
2026-08-06T05:35:55Z,2026-08-06T07:35:55+0200,c3feb7e2-8675-4f7f-be40-2d97c558df74,2026-07-07T17:15:00Z,2026-07-07T19:15:00+0200,105.8,EUR/MWh,NL,NL,imbalance_price,Short,2026-08-06T05:38:50Z
2026-08-06T05:35:55Z,2026-08-06T07:35:55+0200,c3feb7e2-8675-4f7f-be40-2d97c558df74,2026-07-07T17:30:00Z,2026-07-07T19:30:00+0200,101.27,EUR/MWh,NL,NL,imbalance_price,Long,2026-08-06T05:38:50Z
2026-08-06T05:35:55Z,2026-08-06T07:35:55+0200,c3feb7e2-8675-4f7f-be40-2d97c558df74,2026-07-07T17:30:00Z,2026-07-07T19:30:00+0200,103.0,EUR/MWh,NL,NL,imbalance_price,Short,2026-08-06T05:38:50Z
2026-08-06T05:35:55Z,2026-08-06T07:35:55+0200,c3feb7e2-8675-4f7f-be40-2d97c558df74,2026-07-07T17:45:00Z,2026-07-07T19:45:00+0200,98.0,EUR/MWh,NL,NL,imbalance_price,Long,2026-08-06T05:38:50Z
2026-08-06T05:35:55Z,2026-08-06T07:35:55+0200,c3feb7e2-8675-4f7f-be40-2d97c558df74,2026-07-07T17:45:00Z,2026-07-07T19:45:00+0200,114.0,EUR/MWh,NL,NL,imbalance_price,Short,2026-08-06T05:38:50Z
2026-08-06T05:35:55Z,2026-08-06T07:35:55+0200,c3feb7e2-8675-4f7f-be40-2d97c558df74,2026-07-07T18:00:00Z,2026-07-07T20:00:00+0200,100.9,EUR/MWh,NL,NL,imbalance_price,Long,2026-08-06T05:38:50Z
2026-08-06T05:35:55Z,2026-08-06T07:35:55+0200,c3feb7e2-8675-4f7f-be40-2d97c558df74,2026-07-07T18:00:00Z,2026-07-07T20:00:00+0200,100.9,EUR/MWh,NL,NL,imbalance_price,Short,2026-08-06T05:38:50Z
2026-08-06T05:35:55Z,2026-08-06T07:35:55+0200,c3feb7e2-8675-4f7f-be40-2d97c558df74,2026-07-07T18:15:00Z,2026-07-07T20:15:00+0200,101.92,EUR/MWh,NL,NL,imbalance_price,Long,2026-08-06T05:38:50Z
2026-08-06T05:35:55Z,2026-08-06T07:35:55+0200,c3feb7e2-8675-4f7f-be40-2d97c558df74,2026-07-07T18:15:00Z,2026-07-07T20:15:00+0200,103.0,EUR/MWh,NL,NL,imbalance_price,Short,2026-08-06T05:38:50Z
2026-08-06T05:35:55Z,2026-08-06T07:35:55+0200,c3feb7e2-8675-4f7f-be40-2d97c558df74,2026-07-07T18:30:00Z,2026-07-07T20:30:00+0200,93.0,EUR/MWh,NL,NL,imbalance_price,Long,2026-08-06T05:38:50Z
2026-08-06T05:35:55Z,2026-08-06T07:35:55+0200,c3feb7e2-8675-4f7f-be40-2d97c558df74,2026-07-07T18:30:00Z,2026-07-07T20:30:00+0200,134.0,EUR/MWh,NL,NL,imbalance_price,Short,2026-08-06T05:38:50Z
2026-08-06T05:35:55Z,2026-08-06T07:35:55+0200,c3feb7e2-8675-4f7f-be40-2d97c558df74,2026-07-07T18:45:00Z,2026-07-07T20:45:00+0200,142.65,EUR/MWh,NL,NL,imbalance_price,Long,2026-08-06T05:38:50Z
2026-08-06T05:35:55Z,2026-08-06T07:35:55+0200,c3feb7e2-8675-4f7f-be40-2d97c558df74,2026-07-07T18:45:00Z,2026-07-07T20:45:00+0200,142.65,EUR/MWh,NL,NL,imbalance_price,Short,2026-08-06T05:38:50Z
2026-08-06T05:35:55Z,2026-08-06T07:35:55+0200,c3feb7e2-8675-4f7f-be40-2d97c558df74,2026-07-07T19:00:00Z,2026-07-07T21:00:00+0200,177.4,EUR/MWh,NL,NL,imbalance_price,Long,2026-08-06T05:38:50Z
2026-08-06T05:35:55Z,2026-08-06T07:35:55+0200,c3feb7e2-8675-4f7f-be40-2d97c558df74,2026-07-07T19:00:00Z,2026-07-07T21:00:00+0200,177.4,EUR/MWh,NL,NL,imbalance_price,Short,2026-08-06T05:38:50Z
2026-08-06T05:35:55Z,2026-08-06T07:35:55+0200,c3feb7e2-8675-4f7f-be40-2d97c558df74,2026-07-07T19:15:00Z,2026-07-07T21:15:00+0200,93.0,EUR/MWh,NL,NL,imbalance_price,Long,2026-08-06T05:38:50Z
2026-08-06T05:35:55Z,2026-08-06T07:35:55+0200,c3feb7e2-8675-4f7f-be40-2d97c558df74,2026-07-07T19:15:00Z,2026-07-07T21:15:00+0200,150.0,EUR/MWh,NL,NL,imbalance_price,Short,2026-08-06T05:38:50Z
2026-08-06T05:35:55Z,2026-08-06T07:35:55+0200,c3feb7e2-8675-4f7f-be40-2d97c558df74,2026-07-07T19:30:00Z,2026-07-07T21:30:00+0200,126.47,EUR/MWh,NL,NL,imbalance_price,Long,2026-08-06T05:38:50Z
2026-08-06T05:35:55Z,2026-08-06T07:35:55+0200,c3feb7e2-8675-4f7f-be40-2d97c558df74,2026-07-07T19:30:00Z,2026-07-07T21:30:00+0200,126.47,EUR/MWh,NL,NL,imbalance_price,Short,2026-08-06T05:38:50Z
2026-08-06T05:35:55Z,2026-08-06T07:35:55+0200,c3feb7e2-8675-4f7f-be40-2d97c558df74,2026-07-07T19:45:00Z,2026-07-07T21:45:00+0200,99.9,EUR/MWh,NL,NL,imbalance_price,Long,2026-08-06T05:38:50Z
2026-08-06T05:35:55Z,2026-08-06T07:35:55+0200,c3feb7e2-8675-4f7f-be40-2d97c558df74,2026-07-07T19:45:00Z,2026-07-07T21:45:00+0200,106.47,EUR/MWh,NL,NL,imbalance_price,Short,2026-08-06T05:38:50Z
2026-08-06T05:35:55Z,2026-08-06T07:35:55+0200,c3feb7e2-8675-4f7f-be40-2d97c558df74,2026-07-07T20:00:00Z,2026-07-07T22:00:00+0200,98.61,EUR/MWh,NL,NL,imbalance_price,Long,2026-08-06T05:38:50Z
2026-08-06T05:35:55Z,2026-08-06T07:35:55+0200,c3feb7e2-8675-4f7f-be40-2d97c558df74,2026-07-07T20:00:00Z,2026-07-07T22:00:00+0200,169.2,EUR/MWh,NL,NL,imbalance_price,Short,2026-08-06T05:38:50Z
2026-08-06T05:35:55Z,2026-08-06T07:35:55+0200,c3feb7e2-8675-4f7f-be40-2d97c558df74,2026-07-07T20:15:00Z,2026-07-07T22:15:00+0200,180.0,EUR/MWh,NL,NL,imbalance_price,Long,2026-08-06T05:38:50Z
2026-08-06T05:35:55Z,2026-08-06T07:35:55+0200,c3feb7e2-8675-4f7f-be40-2d97c558df74,2026-07-07T20:15:00Z,2026-07-07T22:15:00+0200,180.0,EUR/MWh,NL,NL,imbalance_price,Short,2026-08-06T05:38:50Z
2026-08-06T05:35:55Z,2026-08-06T07:35:55+0200,c3feb7e2-8675-4f7f-be40-2d97c558df74,2026-07-07T20:30:00Z,2026-07-07T22:30:00+0200,150.0,EUR/MWh,NL,NL,imbalance_price,Long,2026-08-06T05:38:50Z
2026-08-06T05:35:55Z,2026-08-06T07:35:55+0200,c3feb7e2-8675-4f7f-be40-2d97c558df74,2026-07-07T20:30:00Z,2026-07-07T22:30:00+0200,150.0,EUR/MWh,NL,NL,imbalance_price,Short,2026-08-06T05:38:50Z
2026-08-06T05:35:55Z,2026-08-06T07:35:55+0200,c3feb7e2-8675-4f7f-be40-2d97c558df74,2026-07-07T20:45:00Z,2026-07-07T22:45:00+0200,101.0,EUR/MWh,NL,NL,imbalance_price,Long,2026-08-06T05:38:50Z
2026-08-06T05:35:55Z,2026-08-06T07:35:55+0200,c3feb7e2-8675-4f7f-be40-2d97c558df74,2026-07-07T20:45:00Z,2026-07-07T22:45:00+0200,180.0,EUR/MWh,NL,NL,imbalance_price,Short,2026-08-06T05:38:50Z
2026-08-06T05:35:55Z,2026-08-06T07:35:55+0200,c3feb7e2-8675-4f7f-be40-2d97c558df74,2026-07-07T21:00:00Z,2026-07-07T23:00:00+0200,200.0,EUR/MWh,NL,NL,imbalance_price,Long,2026-08-06T05:38:50Z
2026-08-06T05:35:55Z,2026-08-06T07:35:55+0200,c3feb7e2-8675-4f7f-be40-2d97c558df74,2026-07-07T21:00:00Z,2026-07-07T23:00:00+0200,200.0,EUR/MWh,NL,NL,imbalance_price,Short,2026-08-06T05:38:50Z
2026-08-06T05:35:55Z,2026-08-06T07:35:55+0200,c3feb7e2-8675-4f7f-be40-2d97c558df74,2026-07-07T21:15:00Z,2026-07-07T23:15:00+0200,181.0,EUR/MWh,NL,NL,imbalance_price,Long,2026-08-06T05:38:50Z
2026-08-06T05:35:55Z,2026-08-06T07:35:55+0200,c3feb7e2-8675-4f7f-be40-2d97c558df74,2026-07-07T21:15:00Z,2026-07-07T23:15:00+0200,181.0,EUR/MWh,NL,NL,imbalance_price,Short,2026-08-06T05:38:50Z
2026-08-06T05:35:55Z,2026-08-06T07:35:55+0200,c3feb7e2-8675-4f7f-be40-2d97c558df74,2026-07-07T21:30:00Z,2026-07-07T23:30:00+0200,200.0,EUR/MWh,NL,NL,imbalance_price,Long,2026-08-06T05:38:50Z
2026-08-06T05:35:55Z,2026-08-06T07:35:55+0200,c3feb7e2-8675-4f7f-be40-2d97c558df74,2026-07-07T21:30:00Z,2026-07-07T23:30:00+0200,200.0,EUR/MWh,NL,NL,imbalance_price,Short,2026-08-06T05:38:50Z
2026-08-06T05:35:55Z,2026-08-06T07:35:55+0200,c3feb7e2-8675-4f7f-be40-2d97c558df74,2026-07-07T21:45:00Z,2026-07-07T23:45:00+0200,151.0,EUR/MWh,NL,NL,imbalance_price,Long,2026-08-06T05:38:50Z
2026-08-06T05:35:55Z,2026-08-06T07:35:55+0200,c3feb7e2-8675-4f7f-be40-2d97c558df74,2026-07-07T21:45:00Z,2026-07-07T23:45:00+0200,151.0,EUR/MWh,NL,NL,imbalance_price,Short,2026-08-06T05:38:50Z
2026-08-06T05:35:55Z,2026-08-06T07:35:55+0200,c3feb7e2-8675-4f7f-be40-2d97c558df74,2026-07-07T22:00:00Z,2026-07-08T00:00:00+0200,174.36,EUR/MWh,NL,NL,imbalance_price,Long,2026-08-06T05:38:50Z
2026-08-06T05:35:55Z,2026-08-06T07:35:55+0200,c3feb7e2-8675-4f7f-be40-2d97c558df74,2026-07-07T22:00:00Z,2026-07-08T00:00:00+0200,174.36,EUR/MWh,NL,NL,imbalance_price,Short,2026-08-06T05:38:50Z
2026-08-06T05:35:55Z,2026-08-06T07:35:55+0200,c3feb7e2-8675-4f7f-be40-2d97c558df74,2026-07-07T22:15:00Z,2026-07-08T00:15:00+0200,170.78,EUR/MWh,NL,NL,imbalance_price,Long,2026-08-06T05:38:50Z
2026-08-06T05:35:55Z,2026-08-06T07:35:55+0200,c3feb7e2-8675-4f7f-be40-2d97c558df74,2026-07-07T22:15:00Z,2026-07-08T00:15:00+0200,170.78,EUR/MWh,NL,NL,imbalance_price,Short,2026-08-06T05:38:50Z
2026-08-06T05:35:55Z,2026-08-06T07:35:55+0200,c3feb7e2-8675-4f7f-be40-2d97c558df74,2026-07-07T22:30:00Z,2026-07-08T00:30:00+0200,166.0,EUR/MWh,NL,NL,imbalance_price,Long,2026-08-06T05:38:50Z
2026-08-06T05:35:55Z,2026-08-06T07:35:55+0200,c3feb7e2-8675-4f7f-be40-2d97c558df74,2026-07-07T22:30:00Z,2026-07-08T00:30:00+0200,166.0,EUR/MWh,NL,NL,imbalance_price,Short,2026-08-06T05:38:50Z
2026-08-06T05:35:55Z,2026-08-06T07:35:55+0200,c3feb7e2-8675-4f7f-be40-2d97c558df74,2026-07-07T22:45:00Z,2026-07-08T00:45:00+0200,110.5,EUR/MWh,NL,NL,imbalance_price,Long,2026-08-06T05:38:50Z
2026-08-06T05:35:55Z,2026-08-06T07:35:55+0200,c3feb7e2-8675-4f7f-be40-2d97c558df74,2026-07-07T22:45:00Z,2026-07-08T00:45:00+0200,131.0,EUR/MWh,NL,NL,imbalance_price,Short,2026-08-06T05:38:50Z
2026-08-06T05:35:55Z,2026-08-06T07:35:55+0200,c3feb7e2-8675-4f7f-be40-2d97c558df74,2026-07-07T23:00:00Z,2026-07-08T01:00:00+0200,98.53,EUR/MWh,NL,NL,imbalance_price,Long,2026-08-06T05:38:50Z
2026-08-06T05:35:55Z,2026-08-06T07:35:55+0200,c3feb7e2-8675-4f7f-be40-2d97c558df74,2026-07-07T23:00:00Z,2026-07-08T01:00:00+0200,98.53,EUR/MWh,NL,NL,imbalance_price,Short,2026-08-06T05:38:50Z
2026-08-06T05:35:55Z,2026-08-06T07:35:55+0200,c3feb7e2-8675-4f7f-be40-2d97c558df74,2026-07-07T23:15:00Z,2026-07-08T01:15:00+0200,100.06,EUR/MWh,NL,NL,imbalance_price,Long,2026-08-06T05:38:50Z
2026-08-06T05:35:55Z,2026-08-06T07:35:55+0200,c3feb7e2-8675-4f7f-be40-2d97c558df74,2026-07-07T23:15:00Z,2026-07-08T01:15:00+0200,131.0,EUR/MWh,NL,NL,imbalance_price,Short,2026-08-06T05:38:50Z
2026-08-06T05:35:55Z,2026-08-06T07:35:55+0200,c3feb7e2-8675-4f7f-be40-2d97c558df74,2026-07-07T23:30:00Z,2026-07-08T01:30:00+0200,100.16,EUR/MWh,NL,NL,imbalance_price,Long,2026-08-06T05:38:50Z
2026-08-06T05:35:55Z,2026-08-06T07:35:55+0200,c3feb7e2-8675-4f7f-be40-2d97c558df74,2026-07-07T23:30:00Z,2026-07-08T01:30:00+0200,100.16,EUR/MWh,NL,NL,imbalance_price,Short,2026-08-06T05:38:50Z
2026-08-06T05:35:55Z,2026-08-06T07:35:55+0200,c3feb7e2-8675-4f7f-be40-2d97c558df74,2026-07-07T23:45:00Z,2026-07-08T01:45:00+0200,101.73,EUR/MWh,NL,NL,imbalance_price,Long,2026-08-06T05:38:50Z
2026-08-06T05:35:55Z,2026-08-06T07:35:55+0200,c3feb7e2-8675-4f7f-be40-2d97c558df74,2026-07-07T23:45:00Z,2026-07-08T01:45:00+0200,109.0,EUR/MWh,NL,NL,imbalance_price,Short,2026-08-06T05:38:50Z
2026-08-06T05:35:55Z,2026-08-06T07:35:55+0200,c3feb7e2-8675-4f7f-be40-2d97c558df74,2026-07-08T00:00:00Z,2026-07-08T02:00:00+0200,110.5,EUR/MWh,NL,NL,imbalance_price,Long,2026-08-06T05:38:50Z
2026-08-06T05:35:55Z,2026-08-06T07:35:55+0200,c3feb7e2-8675-4f7f-be40-2d97c558df74,2026-07-08T00:00:00Z,2026-07-08T02:00:00+0200,110.5,EUR/MWh,NL,NL,imbalance_price,Short,2026-08-06T05:38:50Z
2026-08-06T05:35:55Z,2026-08-06T07:35:55+0200,c3feb7e2-8675-4f7f-be40-2d97c558df74,2026-07-08T00:15:00Z,2026-07-08T02:15:00+0200,110.5,EUR/MWh,NL,NL,imbalance_price,Long,2026-08-06T05:38:50Z
2026-08-06T05:35:55Z,2026-08-06T07:35:55+0200,c3feb7e2-8675-4f7f-be40-2d97c558df74,2026-07-08T00:15:00Z,2026-07-08T02:15:00+0200,144.91,EUR/MWh,NL,NL,imbalance_price,Short,2026-08-06T05:38:50Z
2026-08-06T05:35:55Z,2026-08-06T07:35:55+0200,c3feb7e2-8675-4f7f-be40-2d97c558df74,2026-07-08T00:30:00Z,2026-07-08T02:30:00+0200,131.0,EUR/MWh,NL,NL,imbalance_price,Long,2026-08-06T05:38:50Z
2026-08-06T05:35:55Z,2026-08-06T07:35:55+0200,c3feb7e2-8675-4f7f-be40-2d97c558df74,2026-07-08T00:30:00Z,2026-07-08T02:30:00+0200,131.0,EUR/MWh,NL,NL,imbalance_price,Short,2026-08-06T05:38:50Z
2026-08-06T05:35:55Z,2026-08-06T07:35:55+0200,c3feb7e2-8675-4f7f-be40-2d97c558df74,2026-07-08T00:45:00Z,2026-07-08T02:45:00+0200,131.0,EUR/MWh,NL,NL,imbalance_price,Long,2026-08-06T05:38:50Z
2026-08-06T05:35:55Z,2026-08-06T07:35:55+0200,c3feb7e2-8675-4f7f-be40-2d97c558df74,2026-07-08T00:45:00Z,2026-07-08T02:45:00+0200,131.0,EUR/MWh,NL,NL,imbalance_price,Short,2026-08-06T05:38:50Z
2026-08-06T05:35:55Z,2026-08-06T07:35:55+0200,c3feb7e2-8675-4f7f-be40-2d97c558df74,2026-07-08T01:00:00Z,2026-07-08T03:00:00+0200,96.29,EUR/MWh,NL,NL,imbalance_price,Long,2026-08-06T05:38:50Z
2026-08-06T05:35:55Z,2026-08-06T07:35:55+0200,c3feb7e2-8675-4f7f-be40-2d97c558df74,2026-07-08T01:00:00Z,2026-07-08T03:00:00+0200,131.0,EUR/MWh,NL,NL,imbalance_price,Short,2026-08-06T05:38:50Z
2026-08-06T05:35:55Z,2026-08-06T07:35:55+0200,c3feb7e2-8675-4f7f-be40-2d97c558df74,2026-07-08T01:15:00Z,2026-07-08T03:15:00+0200,151.74,EUR/MWh,NL,NL,imbalance_price,Long,2026-08-06T05:38:50Z
2026-08-06T05:35:55Z,2026-08-06T07:35:55+0200,c3feb7e2-8675-4f7f-be40-2d97c558df74,2026-07-08T01:15:00Z,2026-07-08T03:15:00+0200,151.74,EUR/MWh,NL,NL,imbalance_price,Short,2026-08-06T05:38:50Z
2026-08-06T05:35:55Z,2026-08-06T07:35:55+0200,c3feb7e2-8675-4f7f-be40-2d97c558df74,2026-07-08T01:30:00Z,2026-07-08T03:30:00+0200,98.14,EUR/MWh,NL,NL,imbalance_price,Long,2026-08-06T05:38:50Z
2026-08-06T05:35:55Z,2026-08-06T07:35:55+0200,c3feb7e2-8675-4f7f-be40-2d97c558df74,2026-07-08T01:30:00Z,2026-07-08T03:30:00+0200,106.47,EUR/MWh,NL,NL,imbalance_price,Short,2026-08-06T05:38:50Z
2026-08-06T05:35:55Z,2026-08-06T07:35:55+0200,c3feb7e2-8675-4f7f-be40-2d97c558df74,2026-07-08T01:45:00Z,2026-07-08T03:45:00+0200,101.83,EUR/MWh,NL,NL,imbalance_price,Long,2026-08-06T05:38:50Z
2026-08-06T05:35:55Z,2026-08-06T07:35:55+0200,c3feb7e2-8675-4f7f-be40-2d97c558df74,2026-07-08T01:45:00Z,2026-07-08T03:45:00+0200,101.83,EUR/MWh,NL,NL,imbalance_price,Short,2026-08-06T05:38:50Z
2026-08-06T05:35:55Z,2026-08-06T07:35:55+0200,c3feb7e2-8675-4f7f-be40-2d97c558df74,2026-07-08T02:00:00Z,2026-07-08T04:00:00+0200,99.28,EUR/MWh,NL,NL,imbalance_price,Long,2026-08-06T05:38:50Z
2026-08-06T05:35:55Z,2026-08-06T07:35:55+0200,c3feb7e2-8675-4f7f-be40-2d97c558df74,2026-07-08T02:00:00Z,2026-07-08T04:00:00+0200,125.0,EUR/MWh,NL,NL,imbalance_price,Short,2026-08-06T05:38:50Z
2026-08-06T05:35:55Z,2026-08-06T07:35:55+0200,c3feb7e2-8675-4f7f-be40-2d97c558df74,2026-07-08T02:15:00Z,2026-07-08T04:15:00+0200,106.0,EUR/MWh,NL,NL,imbalance_price,Long,2026-08-06T05:38:50Z
2026-08-06T05:35:55Z,2026-08-06T07:35:55+0200,c3feb7e2-8675-4f7f-be40-2d97c558df74,2026-07-08T02:15:00Z,2026-07-08T04:15:00+0200,144.52,EUR/MWh,NL,NL,imbalance_price,Short,2026-08-06T05:38:50Z
2026-08-06T05:35:55Z,2026-08-06T07:35:55+0200,c3feb7e2-8675-4f7f-be40-2d97c558df74,2026-07-08T02:30:00Z,2026-07-08T04:30:00+0200,89.62,EUR/MWh,NL,NL,imbalance_price,Long,2026-08-06T05:38:50Z
2026-08-06T05:35:55Z,2026-08-06T07:35:55+0200,c3feb7e2-8675-4f7f-be40-2d97c558df74,2026-07-08T02:30:00Z,2026-07-08T04:30:00+0200,100.0,EUR/MWh,NL,NL,imbalance_price,Short,2026-08-06T05:38:50Z
2026-08-06T05:35:55Z,2026-08-06T07:35:55+0200,c3feb7e2-8675-4f7f-be40-2d97c558df74,2026-07-08T02:45:00Z,2026-07-08T04:45:00+0200,89.86,EUR/MWh,NL,NL,imbalance_price,Long,2026-08-06T05:38:50Z
2026-08-06T05:35:55Z,2026-08-06T07:35:55+0200,c3feb7e2-8675-4f7f-be40-2d97c558df74,2026-07-08T02:45:00Z,2026-07-08T04:45:00+0200,108.0,EUR/MWh,NL,NL,imbalance_price,Short,2026-08-06T05:38:50Z
2026-08-06T05:35:55Z,2026-08-06T07:35:55+0200,c3feb7e2-8675-4f7f-be40-2d97c558df74,2026-07-08T03:00:00Z,2026-07-08T05:00:00+0200,102.5,EUR/MWh,NL,NL,imbalance_price,Long,2026-08-06T05:38:50Z
2026-08-06T05:35:55Z,2026-08-06T07:35:55+0200,c3feb7e2-8675-4f7f-be40-2d97c558df74,2026-07-08T03:00:00Z,2026-07-08T05:00:00+0200,112.5,EUR/MWh,NL,NL,imbalance_price,Short,2026-08-06T05:38:50Z
2026-08-06T05:35:55Z,2026-08-06T07:35:55+0200,c3feb7e2-8675-4f7f-be40-2d97c558df74,2026-07-08T03:15:00Z,2026-07-08T05:15:00+0200,92.5,EUR/MWh,NL,NL,imbalance_price,Long,2026-08-06T05:38:50Z
2026-08-06T05:35:55Z,2026-08-06T07:35:55+0200,c3feb7e2-8675-4f7f-be40-2d97c558df74,2026-07-08T03:15:00Z,2026-07-08T05:15:00+0200,184.0,EUR/MWh,NL,NL,imbalance_price,Short,2026-08-06T05:38:50Z
2026-08-06T05:35:55Z,2026-08-06T07:35:55+0200,c3feb7e2-8675-4f7f-be40-2d97c558df74,2026-07-08T03:30:00Z,2026-07-08T05:30:00+0200,104.5,EUR/MWh,NL,NL,imbalance_price,Long,2026-08-06T05:38:50Z
2026-08-06T05:35:55Z,2026-08-06T07:35:55+0200,c3feb7e2-8675-4f7f-be40-2d97c558df74,2026-07-08T03:30:00Z,2026-07-08T05:30:00+0200,184.0,EUR/MWh,NL,NL,imbalance_price,Short,2026-08-06T05:38:50Z
2026-08-06T05:35:55Z,2026-08-06T07:35:55+0200,c3feb7e2-8675-4f7f-be40-2d97c558df74,2026-07-08T03:45:00Z,2026-07-08T05:45:00+0200,142.15,EUR/MWh,NL,NL,imbalance_price,Long,2026-08-06T05:38:50Z
2026-08-06T05:35:55Z,2026-08-06T07:35:55+0200,c3feb7e2-8675-4f7f-be40-2d97c558df74,2026-07-08T03:45:00Z,2026-07-08T05:45:00+0200,142.15,EUR/MWh,NL,NL,imbalance_price,Short,2026-08-06T05:38:50Z
2026-08-06T05:35:55Z,2026-08-06T07:35:55+0200,c3feb7e2-8675-4f7f-be40-2d97c558df74,2026-07-08T04:00:00Z,2026-07-08T06:00:00+0200,184.0,EUR/MWh,NL,NL,imbalance_price,Long,2026-08-06T05:38:50Z
2026-08-06T05:35:55Z,2026-08-06T07:35:55+0200,c3feb7e2-8675-4f7f-be40-2d97c558df74,2026-07-08T04:00:00Z,2026-07-08T06:00:00+0200,184.0,EUR/MWh,NL,NL,imbalance_price,Short,2026-08-06T05:38:50Z
2026-08-06T05:35:55Z,2026-08-06T07:35:55+0200,c3feb7e2-8675-4f7f-be40-2d97c558df74,2026-07-08T04:15:00Z,2026-07-08T06:15:00+0200,184.0,EUR/MWh,NL,NL,imbalance_price,Long,2026-08-06T05:38:50Z
2026-08-06T05:35:55Z,2026-08-06T07:35:55+0200,c3feb7e2-8675-4f7f-be40-2d97c558df74,2026-07-08T04:15:00Z,2026-07-08T06:15:00+0200,184.0,EUR/MWh,NL,NL,imbalance_price,Short,2026-08-06T05:38:50Z
2026-08-06T05:35:55Z,2026-08-06T07:35:55+0200,c3feb7e2-8675-4f7f-be40-2d97c558df74,2026-07-08T04:30:00Z,2026-07-08T06:30:00+0200,112.5,EUR/MWh,NL,NL,imbalance_price,Long,2026-08-06T05:38:50Z
2026-08-06T05:35:55Z,2026-08-06T07:35:55+0200,c3feb7e2-8675-4f7f-be40-2d97c558df74,2026-07-08T04:30:00Z,2026-07-08T06:30:00+0200,184.0,EUR/MWh,NL,NL,imbalance_price,Short,2026-08-06T05:38:50Z
2026-08-06T05:35:55Z,2026-08-06T07:35:55+0200,c3feb7e2-8675-4f7f-be40-2d97c558df74,2026-07-08T04:45:00Z,2026-07-08T06:45:00+0200,112.5,EUR/MWh,NL,NL,imbalance_price,Long,2026-08-06T05:38:50Z
2026-08-06T05:35:55Z,2026-08-06T07:35:55+0200,c3feb7e2-8675-4f7f-be40-2d97c558df74,2026-07-08T04:45:00Z,2026-07-08T06:45:00+0200,131.0,EUR/MWh,NL,NL,imbalance_price,Short,2026-08-06T05:38:50Z
2026-08-06T05:35:55Z,2026-08-06T07:35:55+0200,c3feb7e2-8675-4f7f-be40-2d97c558df74,2026-07-08T05:00:00Z,2026-07-08T07:00:00+0200,108.0,EUR/MWh,NL,NL,imbalance_price,Long,2026-08-06T05:38:50Z
2026-08-06T05:35:55Z,2026-08-06T07:35:55+0200,c3feb7e2-8675-4f7f-be40-2d97c558df74,2026-07-08T05:00:00Z,2026-07-08T07:00:00+0200,157.86,EUR/MWh,NL,NL,imbalance_price,Short,2026-08-06T05:38:50Z
2026-08-06T05:35:55Z,2026-08-06T07:35:55+0200,c3feb7e2-8675-4f7f-be40-2d97c558df74,2026-07-08T05:15:00Z,2026-07-08T07:15:00+0200,176.39,EUR/MWh,NL,NL,imbalance_price,Long,2026-08-06T05:38:50Z
2026-08-06T05:35:55Z,2026-08-06T07:35:55+0200,c3feb7e2-8675-4f7f-be40-2d97c558df74,2026-07-08T05:15:00Z,2026-07-08T07:15:00+0200,176.39,EUR/MWh,NL,NL,imbalance_price,Short,2026-08-06T05:38:50Z
2026-08-06T05:35:55Z,2026-08-06T07:35:55+0200,c3feb7e2-8675-4f7f-be40-2d97c558df74,2026-07-08T05:30:00Z,2026-07-08T07:30:00+0200,186.0,EUR/MWh,NL,NL,imbalance_price,Long,2026-08-06T05:38:50Z
2026-08-06T05:35:55Z,2026-08-06T07:35:55+0200,c3feb7e2-8675-4f7f-be40-2d97c558df74,2026-07-08T05:30:00Z,2026-07-08T07:30:00+0200,186.0,EUR/MWh,NL,NL,imbalance_price,Short,2026-08-06T05:38:50Z
2026-08-06T05:35:55Z,2026-08-06T07:35:55+0200,c3feb7e2-8675-4f7f-be40-2d97c558df74,2026-07-08T05:45:00Z,2026-07-08T07:45:00+0200,109.0,EUR/MWh,NL,NL,imbalance_price,Long,2026-08-06T05:38:50Z
2026-08-06T05:35:55Z,2026-08-06T07:35:55+0200,c3feb7e2-8675-4f7f-be40-2d97c558df74,2026-07-08T05:45:00Z,2026-07-08T07:45:00+0200,150.53,EUR/MWh,NL,NL,imbalance_price,Short,2026-08-06T05:38:50Z
2026-08-06T05:35:55Z,2026-08-06T07:35:55+0200,c3feb7e2-8675-4f7f-be40-2d97c558df74,2026-07-08T06:00:00Z,2026-07-08T08:00:00+0200,104.5,EUR/MWh,NL,NL,imbalance_price,Long,2026-08-06T05:38:50Z
2026-08-06T05:35:55Z,2026-08-06T07:35:55+0200,c3feb7e2-8675-4f7f-be40-2d97c558df74,2026-07-08T06:00:00Z,2026-07-08T08:00:00+0200,279.52,EUR/MWh,NL,NL,imbalance_price,Short,2026-08-06T05:38:50Z
2026-08-06T05:35:55Z,2026-08-06T07:35:55+0200,c3feb7e2-8675-4f7f-be40-2d97c558df74,2026-07-08T06:15:00Z,2026-07-08T08:15:00+0200,104.5,EUR/MWh,NL,NL,imbalance_price,Long,2026-08-06T05:38:50Z
2026-08-06T05:35:55Z,2026-08-06T07:35:55+0200,c3feb7e2-8675-4f7f-be40-2d97c558df74,2026-07-08T06:15:00Z,2026-07-08T08:15:00+0200,142.0,EUR/MWh,NL,NL,imbalance_price,Short,2026-08-06T05:38:50Z
2026-08-06T05:35:55Z,2026-08-06T07:35:55+0200,c3feb7e2-8675-4f7f-be40-2d97c558df74,2026-07-08T06:30:00Z,2026-07-08T08:30:00+0200,95.59,EUR/MWh,NL,NL,imbalance_price,Long,2026-08-06T05:38:50Z
2026-08-06T05:35:55Z,2026-08-06T07:35:55+0200,c3feb7e2-8675-4f7f-be40-2d97c558df74,2026-07-08T06:30:00Z,2026-07-08T08:30:00+0200,167.01,EUR/MWh,NL,NL,imbalance_price,Short,2026-08-06T05:38:50Z
2026-08-06T05:35:55Z,2026-08-06T07:35:55+0200,c3feb7e2-8675-4f7f-be40-2d97c558df74,2026-07-08T06:45:00Z,2026-07-08T08:45:00+0200,87.7,EUR/MWh,NL,NL,imbalance_price,Long,2026-08-06T05:38:50Z
2026-08-06T05:35:55Z,2026-08-06T07:35:55+0200,c3feb7e2-8675-4f7f-be40-2d97c558df74,2026-07-08T06:45:00Z,2026-07-08T08:45:00+0200,150.0,EUR/MWh,NL,NL,imbalance_price,Short,2026-08-06T05:38:50Z
2026-08-06T05:35:55Z,2026-08-06T07:35:55+0200,c3feb7e2-8675-4f7f-be40-2d97c558df74,2026-07-08T07:00:00Z,2026-07-08T09:00:00+0200,80.6,EUR/MWh,NL,NL,imbalance_price,Long,2026-08-06T05:38:50Z
2026-08-06T05:35:55Z,2026-08-06T07:35:55+0200,c3feb7e2-8675-4f7f-be40-2d97c558df74,2026-07-08T07:00:00Z,2026-07-08T09:00:00+0200,153.0,EUR/MWh,NL,NL,imbalance_price,Short,2026-08-06T05:38:50Z
2026-08-06T05:35:55Z,2026-08-06T07:35:55+0200,c3feb7e2-8675-4f7f-be40-2d97c558df74,2026-07-08T07:15:00Z,2026-07-08T09:15:00+0200,150.1,EUR/MWh,NL,NL,imbalance_price,Long,2026-08-06T05:38:50Z
2026-08-06T05:35:55Z,2026-08-06T07:35:55+0200,c3feb7e2-8675-4f7f-be40-2d97c558df74,2026-07-08T07:15:00Z,2026-07-08T09:15:00+0200,150.1,EUR/MWh,NL,NL,imbalance_price,Short,2026-08-06T05:38:50Z
2026-08-06T05:35:55Z,2026-08-06T07:35:55+0200,c3feb7e2-8675-4f7f-be40-2d97c558df74,2026-07-08T07:30:00Z,2026-07-08T09:30:00+0200,79.51,EUR/MWh,NL,NL,imbalance_price,Long,2026-08-06T05:38:50Z
2026-08-06T05:35:55Z,2026-08-06T07:35:55+0200,c3feb7e2-8675-4f7f-be40-2d97c558df74,2026-07-08T07:30:00Z,2026-07-08T09:30:00+0200,157.0,EUR/MWh,NL,NL,imbalance_price,Short,2026-08-06T05:38:50Z
2026-08-06T05:35:55Z,2026-08-06T07:35:55+0200,c3feb7e2-8675-4f7f-be40-2d97c558df74,2026-07-08T07:45:00Z,2026-07-08T09:45:00+0200,80.16,EUR/MWh,NL,NL,imbalance_price,Long,2026-08-06T05:38:50Z
2026-08-06T05:35:55Z,2026-08-06T07:35:55+0200,c3feb7e2-8675-4f7f-be40-2d97c558df74,2026-07-08T07:45:00Z,2026-07-08T09:45:00+0200,500.0,EUR/MWh,NL,NL,imbalance_price,Short,2026-08-06T05:38:50Z
2026-08-06T05:35:55Z,2026-08-06T07:35:55+0200,c3feb7e2-8675-4f7f-be40-2d97c558df74,2026-07-08T08:00:00Z,2026-07-08T10:00:00+0200,1500.0,EUR/MWh,NL,NL,imbalance_price,Long,2026-08-06T05:38:50Z
2026-08-06T05:35:55Z,2026-08-06T07:35:55+0200,c3feb7e2-8675-4f7f-be40-2d97c558df74,2026-07-08T08:00:00Z,2026-07-08T10:00:00+0200,1500.0,EUR/MWh,NL,NL,imbalance_price,Short,2026-08-06T05:38:50Z
2026-08-06T05:35:55Z,2026-08-06T07:35:55+0200,c3feb7e2-8675-4f7f-be40-2d97c558df74,2026-07-08T08:15:00Z,2026-07-08T10:15:00+0200,400.0,EUR/MWh,NL,NL,imbalance_price,Long,2026-08-06T05:38:50Z
2026-08-06T05:35:55Z,2026-08-06T07:35:55+0200,c3feb7e2-8675-4f7f-be40-2d97c558df74,2026-07-08T08:15:00Z,2026-07-08T10:15:00+0200,400.0,EUR/MWh,NL,NL,imbalance_price,Short,2026-08-06T05:38:50Z
2026-08-06T05:35:55Z,2026-08-06T07:35:55+0200,c3feb7e2-8675-4f7f-be40-2d97c558df74,2026-07-08T08:30:00Z,2026-07-08T10:30:00+0200,160.0,EUR/MWh,NL,NL,imbalance_price,Long,2026-08-06T05:38:50Z
2026-08-06T05:35:55Z,2026-08-06T07:35:55+0200,c3feb7e2-8675-4f7f-be40-2d97c558df74,2026-07-08T08:30:00Z,2026-07-08T10:30:00+0200,160.0,EUR/MWh,NL,NL,imbalance_price,Short,2026-08-06T05:38:50Z
2026-08-06T05:35:55Z,2026-08-06T07:35:55+0200,c3feb7e2-8675-4f7f-be40-2d97c558df74,2026-07-08T08:45:00Z,2026-07-08T10:45:00+0200,159.0,EUR/MWh,NL,NL,imbalance_price,Long,2026-08-06T05:38:50Z
2026-08-06T05:35:55Z,2026-08-06T07:35:55+0200,c3feb7e2-8675-4f7f-be40-2d97c558df74,2026-07-08T08:45:00Z,2026-07-08T10:45:00+0200,159.0,EUR/MWh,NL,NL,imbalance_price,Short,2026-08-06T05:38:50Z
2026-08-06T05:35:55Z,2026-08-06T07:35:55+0200,c3feb7e2-8675-4f7f-be40-2d97c558df74,2026-07-08T09:00:00Z,2026-07-08T11:00:00+0200,150.0,EUR/MWh,NL,NL,imbalance_price,Long,2026-08-06T05:38:50Z
2026-08-06T05:35:55Z,2026-08-06T07:35:55+0200,c3feb7e2-8675-4f7f-be40-2d97c558df74,2026-07-08T09:00:00Z,2026-07-08T11:00:00+0200,150.0,EUR/MWh,NL,NL,imbalance_price,Short,2026-08-06T05:38:50Z
2026-08-06T05:35:55Z,2026-08-06T07:35:55+0200,c3feb7e2-8675-4f7f-be40-2d97c558df74,2026-07-08T09:15:00Z,2026-07-08T11:15:00+0200,156.0,EUR/MWh,NL,NL,imbalance_price,Long,2026-08-06T05:38:50Z
2026-08-06T05:35:55Z,2026-08-06T07:35:55+0200,c3feb7e2-8675-4f7f-be40-2d97c558df74,2026-07-08T09:15:00Z,2026-07-08T11:15:00+0200,156.0,EUR/MWh,NL,NL,imbalance_price,Short,2026-08-06T05:38:50Z
2026-08-06T05:35:55Z,2026-08-06T07:35:55+0200,c3feb7e2-8675-4f7f-be40-2d97c558df74,2026-07-08T09:30:00Z,2026-07-08T11:30:00+0200,156.0,EUR/MWh,NL,NL,imbalance_price,Long,2026-08-06T05:38:50Z
2026-08-06T05:35:55Z,2026-08-06T07:35:55+0200,c3feb7e2-8675-4f7f-be40-2d97c558df74,2026-07-08T09:30:00Z,2026-07-08T11:30:00+0200,156.0,EUR/MWh,NL,NL,imbalance_price,Short,2026-08-06T05:38:50Z
2026-08-06T05:35:55Z,2026-08-06T07:35:55+0200,c3feb7e2-8675-4f7f-be40-2d97c558df74,2026-07-08T09:45:00Z,2026-07-08T11:45:00+0200,200.0,EUR/MWh,NL,NL,imbalance_price,Long,2026-08-06T05:38:50Z
2026-08-06T05:35:55Z,2026-08-06T07:35:55+0200,c3feb7e2-8675-4f7f-be40-2d97c558df74,2026-07-08T09:45:00Z,2026-07-08T11:45:00+0200,200.0,EUR/MWh,NL,NL,imbalance_price,Short,2026-08-06T05:38:50Z
2026-08-06T05:35:55Z,2026-08-06T07:35:55+0200,c3feb7e2-8675-4f7f-be40-2d97c558df74,2026-07-08T10:00:00Z,2026-07-08T12:00:00+0200,162.0,EUR/MWh,NL,NL,imbalance_price,Long,2026-08-06T05:38:50Z
2026-08-06T05:35:55Z,2026-08-06T07:35:55+0200,c3feb7e2-8675-4f7f-be40-2d97c558df74,2026-07-08T10:00:00Z,2026-07-08T12:00:00+0200,162.0,EUR/MWh,NL,NL,imbalance_price,Short,2026-08-06T05:38:50Z
2026-08-06T05:35:55Z,2026-08-06T07:35:55+0200,c3feb7e2-8675-4f7f-be40-2d97c558df74,2026-07-08T10:15:00Z,2026-07-08T12:15:00+0200,203.0,EUR/MWh,NL,NL,imbalance_price,Long,2026-08-06T05:38:50Z
2026-08-06T05:35:55Z,2026-08-06T07:35:55+0200,c3feb7e2-8675-4f7f-be40-2d97c558df74,2026-07-08T10:15:00Z,2026-07-08T12:15:00+0200,203.0,EUR/MWh,NL,NL,imbalance_price,Short,2026-08-06T05:38:50Z
2026-08-06T05:35:55Z,2026-08-06T07:35:55+0200,c3feb7e2-8675-4f7f-be40-2d97c558df74,2026-07-08T10:30:00Z,2026-07-08T12:30:00+0200,200.0,EUR/MWh,NL,NL,imbalance_price,Long,2026-08-06T05:38:50Z
2026-08-06T05:35:55Z,2026-08-06T07:35:55+0200,c3feb7e2-8675-4f7f-be40-2d97c558df74,2026-07-08T10:30:00Z,2026-07-08T12:30:00+0200,200.0,EUR/MWh,NL,NL,imbalance_price,Short,2026-08-06T05:38:50Z
2026-08-06T05:35:55Z,2026-08-06T07:35:55+0200,c3feb7e2-8675-4f7f-be40-2d97c558df74,2026-07-08T10:45:00Z,2026-07-08T12:45:00+0200,10.0,EUR/MWh,NL,NL,imbalance_price,Long,2026-08-06T05:38:50Z
2026-08-06T05:35:55Z,2026-08-06T07:35:55+0200,c3feb7e2-8675-4f7f-be40-2d97c558df74,2026-07-08T10:45:00Z,2026-07-08T12:45:00+0200,400.0,EUR/MWh,NL,NL,imbalance_price,Short,2026-08-06T05:38:50Z
2026-08-06T05:35:55Z,2026-08-06T07:35:55+0200,c3feb7e2-8675-4f7f-be40-2d97c558df74,2026-07-08T11:00:00Z,2026-07-08T13:00:00+0200,41.87,EUR/MWh,NL,NL,imbalance_price,Long,2026-08-06T05:38:50Z
2026-08-06T05:35:55Z,2026-08-06T07:35:55+0200,c3feb7e2-8675-4f7f-be40-2d97c558df74,2026-07-08T11:00:00Z,2026-07-08T13:00:00+0200,128.44,EUR/MWh,NL,NL,imbalance_price,Short,2026-08-06T05:38:50Z
2026-08-06T05:35:55Z,2026-08-06T07:35:55+0200,c3feb7e2-8675-4f7f-be40-2d97c558df74,2026-07-08T11:15:00Z,2026-07-08T13:15:00+0200,398.79,EUR/MWh,NL,NL,imbalance_price,Long,2026-08-06T05:38:50Z
2026-08-06T05:35:55Z,2026-08-06T07:35:55+0200,c3feb7e2-8675-4f7f-be40-2d97c558df74,2026-07-08T11:15:00Z,2026-07-08T13:15:00+0200,398.79,EUR/MWh,NL,NL,imbalance_price,Short,2026-08-06T05:38:50Z
2026-08-06T05:35:55Z,2026-08-06T07:35:55+0200,c3feb7e2-8675-4f7f-be40-2d97c558df74,2026-07-08T11:30:00Z,2026-07-08T13:30:00+0200,400.0,EUR/MWh,NL,NL,imbalance_price,Long,2026-08-06T05:38:50Z
2026-08-06T05:35:55Z,2026-08-06T07:35:55+0200,c3feb7e2-8675-4f7f-be40-2d97c558df74,2026-07-08T11:30:00Z,2026-07-08T13:30:00+0200,400.0,EUR/MWh,NL,NL,imbalance_price,Short,2026-08-06T05:38:50Z
2026-08-06T05:35:55Z,2026-08-06T07:35:55+0200,c3feb7e2-8675-4f7f-be40-2d97c558df74,2026-07-08T11:45:00Z,2026-07-08T13:45:00+0200,400.0,EUR/MWh,NL,NL,imbalance_price,Long,2026-08-06T05:38:50Z
2026-08-06T05:35:55Z,2026-08-06T07:35:55+0200,c3feb7e2-8675-4f7f-be40-2d97c558df74,2026-07-08T11:45:00Z,2026-07-08T13:45:00+0200,400.0,EUR/MWh,NL,NL,imbalance_price,Short,2026-08-06T05:38:50Z
2026-08-06T05:35:55Z,2026-08-06T07:35:55+0200,c3feb7e2-8675-4f7f-be40-2d97c558df74,2026-07-08T12:00:00Z,2026-07-08T14:00:00+0200,159.0,EUR/MWh,NL,NL,imbalance_price,Long,2026-08-06T05:38:50Z
2026-08-06T05:35:55Z,2026-08-06T07:35:55+0200,c3feb7e2-8675-4f7f-be40-2d97c558df74,2026-07-08T12:00:00Z,2026-07-08T14:00:00+0200,159.0,EUR/MWh,NL,NL,imbalance_price,Short,2026-08-06T05:38:50Z
2026-08-06T05:35:55Z,2026-08-06T07:35:55+0200,c3feb7e2-8675-4f7f-be40-2d97c558df74,2026-07-08T12:15:00Z,2026-07-08T14:15:00+0200,90.0,EUR/MWh,NL,NL,imbalance_price,Long,2026-08-06T05:38:50Z
2026-08-06T05:35:55Z,2026-08-06T07:35:55+0200,c3feb7e2-8675-4f7f-be40-2d97c558df74,2026-07-08T12:15:00Z,2026-07-08T14:15:00+0200,159.0,EUR/MWh,NL,NL,imbalance_price,Short,2026-08-06T05:38:50Z
2026-08-06T05:35:55Z,2026-08-06T07:35:55+0200,c3feb7e2-8675-4f7f-be40-2d97c558df74,2026-07-08T12:30:00Z,2026-07-08T14:30:00+0200,73.81,EUR/MWh,NL,NL,imbalance_price,Long,2026-08-06T05:38:50Z
2026-08-06T05:35:55Z,2026-08-06T07:35:55+0200,c3feb7e2-8675-4f7f-be40-2d97c558df74,2026-07-08T12:30:00Z,2026-07-08T14:30:00+0200,150.0,EUR/MWh,NL,NL,imbalance_price,Short,2026-08-06T05:38:50Z
2026-08-06T05:35:55Z,2026-08-06T07:35:55+0200,c3feb7e2-8675-4f7f-be40-2d97c558df74,2026-07-08T12:45:00Z,2026-07-08T14:45:00+0200,73.71,EUR/MWh,NL,NL,imbalance_price,Long,2026-08-06T05:38:50Z
2026-08-06T05:35:55Z,2026-08-06T07:35:55+0200,c3feb7e2-8675-4f7f-be40-2d97c558df74,2026-07-08T12:45:00Z,2026-07-08T14:45:00+0200,131.0,EUR/MWh,NL,NL,imbalance_price,Short,2026-08-06T05:38:50Z
2026-08-06T05:35:55Z,2026-08-06T07:35:55+0200,c3feb7e2-8675-4f7f-be40-2d97c558df74,2026-07-08T13:00:00Z,2026-07-08T15:00:00+0200,500.0,EUR/MWh,NL,NL,imbalance_price,Long,2026-08-06T05:38:50Z
2026-08-06T05:35:55Z,2026-08-06T07:35:55+0200,c3feb7e2-8675-4f7f-be40-2d97c558df74,2026-07-08T13:00:00Z,2026-07-08T15:00:00+0200,500.0,EUR/MWh,NL,NL,imbalance_price,Short,2026-08-06T05:38:50Z
2026-08-06T05:35:55Z,2026-08-06T07:35:55+0200,c3feb7e2-8675-4f7f-be40-2d97c558df74,2026-07-08T13:15:00Z,2026-07-08T15:15:00+0200,398.9,EUR/MWh,NL,NL,imbalance_price,Long,2026-08-06T05:38:50Z
2026-08-06T05:35:55Z,2026-08-06T07:35:55+0200,c3feb7e2-8675-4f7f-be40-2d97c558df74,2026-07-08T13:15:00Z,2026-07-08T15:15:00+0200,398.9,EUR/MWh,NL,NL,imbalance_price,Short,2026-08-06T05:38:50Z
2026-08-06T05:35:55Z,2026-08-06T07:35:55+0200,c3feb7e2-8675-4f7f-be40-2d97c558df74,2026-07-08T13:30:00Z,2026-07-08T15:30:00+0200,131.0,EUR/MWh,NL,NL,imbalance_price,Long,2026-08-06T05:38:50Z
2026-08-06T05:35:55Z,2026-08-06T07:35:55+0200,c3feb7e2-8675-4f7f-be40-2d97c558df74,2026-07-08T13:30:00Z,2026-07-08T15:30:00+0200,131.0,EUR/MWh,NL,NL,imbalance_price,Short,2026-08-06T05:38:50Z
2026-08-06T05:35:55Z,2026-08-06T07:35:55+0200,c3feb7e2-8675-4f7f-be40-2d97c558df74,2026-07-08T13:45:00Z,2026-07-08T15:45:00+0200,90.0,EUR/MWh,NL,NL,imbalance_price,Long,2026-08-06T05:38:50Z
2026-08-06T05:35:55Z,2026-08-06T07:35:55+0200,c3feb7e2-8675-4f7f-be40-2d97c558df74,2026-07-08T13:45:00Z,2026-07-08T15:45:00+0200,121.47,EUR/MWh,NL,NL,imbalance_price,Short,2026-08-06T05:38:50Z
2026-08-06T05:35:55Z,2026-08-06T07:35:55+0200,c3feb7e2-8675-4f7f-be40-2d97c558df74,2026-07-08T14:00:00Z,2026-07-08T16:00:00+0200,100.0,EUR/MWh,NL,NL,imbalance_price,Long,2026-08-06T05:38:50Z
2026-08-06T05:35:55Z,2026-08-06T07:35:55+0200,c3feb7e2-8675-4f7f-be40-2d97c558df74,2026-07-08T14:00:00Z,2026-07-08T16:00:00+0200,162.0,EUR/MWh,NL,NL,imbalance_price,Short,2026-08-06T05:38:50Z
2026-08-06T05:35:55Z,2026-08-06T07:35:55+0200,c3feb7e2-8675-4f7f-be40-2d97c558df74,2026-07-08T14:15:00Z,2026-07-08T16:15:00+0200,170.0,EUR/MWh,NL,NL,imbalance_price,Long,2026-08-06T05:38:50Z
2026-08-06T05:35:55Z,2026-08-06T07:35:55+0200,c3feb7e2-8675-4f7f-be40-2d97c558df74,2026-07-08T14:15:00Z,2026-07-08T16:15:00+0200,170.0,EUR/MWh,NL,NL,imbalance_price,Short,2026-08-06T05:38:50Z
2026-08-06T05:35:55Z,2026-08-06T07:35:55+0200,c3feb7e2-8675-4f7f-be40-2d97c558df74,2026-07-08T14:30:00Z,2026-07-08T16:30:00+0200,159.0,EUR/MWh,NL,NL,imbalance_price,Long,2026-08-06T05:38:50Z
2026-08-06T05:35:55Z,2026-08-06T07:35:55+0200,c3feb7e2-8675-4f7f-be40-2d97c558df74,2026-07-08T14:30:00Z,2026-07-08T16:30:00+0200,159.0,EUR/MWh,NL,NL,imbalance_price,Short,2026-08-06T05:38:50Z
2026-08-06T05:35:55Z,2026-08-06T07:35:55+0200,c3feb7e2-8675-4f7f-be40-2d97c558df74,2026-07-08T14:45:00Z,2026-07-08T16:45:00+0200,156.0,EUR/MWh,NL,NL,imbalance_price,Long,2026-08-06T05:38:50Z
2026-08-06T05:35:55Z,2026-08-06T07:35:55+0200,c3feb7e2-8675-4f7f-be40-2d97c558df74,2026-07-08T14:45:00Z,2026-07-08T16:45:00+0200,156.0,EUR/MWh,NL,NL,imbalance_price,Short,2026-08-06T05:38:50Z
2026-08-06T05:35:55Z,2026-08-06T07:35:55+0200,c3feb7e2-8675-4f7f-be40-2d97c558df74,2026-07-08T15:00:00Z,2026-07-08T17:00:00+0200,225.0,EUR/MWh,NL,NL,imbalance_price,Long,2026-08-06T05:38:50Z
2026-08-06T05:35:55Z,2026-08-06T07:35:55+0200,c3feb7e2-8675-4f7f-be40-2d97c558df74,2026-07-08T15:00:00Z,2026-07-08T17:00:00+0200,225.0,EUR/MWh,NL,NL,imbalance_price,Short,2026-08-06T05:38:50Z
2026-08-06T05:35:55Z,2026-08-06T07:35:55+0200,c3feb7e2-8675-4f7f-be40-2d97c558df74,2026-07-08T15:15:00Z,2026-07-08T17:15:00+0200,165.0,EUR/MWh,NL,NL,imbalance_price,Long,2026-08-06T05:38:50Z
2026-08-06T05:35:55Z,2026-08-06T07:35:55+0200,c3feb7e2-8675-4f7f-be40-2d97c558df74,2026-07-08T15:15:00Z,2026-07-08T17:15:00+0200,165.0,EUR/MWh,NL,NL,imbalance_price,Short,2026-08-06T05:38:50Z
2026-08-06T05:35:55Z,2026-08-06T07:35:55+0200,c3feb7e2-8675-4f7f-be40-2d97c558df74,2026-07-08T15:30:00Z,2026-07-08T17:30:00+0200,166.0,EUR/MWh,NL,NL,imbalance_price,Long,2026-08-06T05:38:50Z
2026-08-06T05:35:55Z,2026-08-06T07:35:55+0200,c3feb7e2-8675-4f7f-be40-2d97c558df74,2026-07-08T15:30:00Z,2026-07-08T17:30:00+0200,166.0,EUR/MWh,NL,NL,imbalance_price,Short,2026-08-06T05:38:50Z
2026-08-06T05:35:55Z,2026-08-06T07:35:55+0200,c3feb7e2-8675-4f7f-be40-2d97c558df74,2026-07-08T15:45:00Z,2026-07-08T17:45:00+0200,165.0,EUR/MWh,NL,NL,imbalance_price,Long,2026-08-06T05:38:50Z
2026-08-06T05:35:55Z,2026-08-06T07:35:55+0200,c3feb7e2-8675-4f7f-be40-2d97c558df74,2026-07-08T15:45:00Z,2026-07-08T17:45:00+0200,165.0,EUR/MWh,NL,NL,imbalance_price,Short,2026-08-06T05:38:50Z
2026-08-06T05:35:55Z,2026-08-06T07:35:55+0200,c3feb7e2-8675-4f7f-be40-2d97c558df74,2026-07-08T16:00:00Z,2026-07-08T18:00:00+0200,109.28,EUR/MWh,NL,NL,imbalance_price,Long,2026-08-06T05:38:50Z
2026-08-06T05:35:55Z,2026-08-06T07:35:55+0200,c3feb7e2-8675-4f7f-be40-2d97c558df74,2026-07-08T16:00:00Z,2026-07-08T18:00:00+0200,150.0,EUR/MWh,NL,NL,imbalance_price,Short,2026-08-06T05:38:50Z
2026-08-06T05:35:55Z,2026-08-06T07:35:55+0200,c3feb7e2-8675-4f7f-be40-2d97c558df74,2026-07-08T16:15:00Z,2026-07-08T18:15:00+0200,153.0,EUR/MWh,NL,NL,imbalance_price,Long,2026-08-06T05:38:50Z
2026-08-06T05:35:55Z,2026-08-06T07:35:55+0200,c3feb7e2-8675-4f7f-be40-2d97c558df74,2026-07-08T16:15:00Z,2026-07-08T18:15:00+0200,153.0,EUR/MWh,NL,NL,imbalance_price,Short,2026-08-06T05:38:50Z
2026-08-06T05:35:55Z,2026-08-06T07:35:55+0200,c3feb7e2-8675-4f7f-be40-2d97c558df74,2026-07-08T16:30:00Z,2026-07-08T18:30:00+0200,150.0,EUR/MWh,NL,NL,imbalance_price,Long,2026-08-06T05:38:50Z
2026-08-06T05:35:55Z,2026-08-06T07:35:55+0200,c3feb7e2-8675-4f7f-be40-2d97c558df74,2026-07-08T16:30:00Z,2026-07-08T18:30:00+0200,150.0,EUR/MWh,NL,NL,imbalance_price,Short,2026-08-06T05:38:50Z
2026-08-06T05:35:55Z,2026-08-06T07:35:55+0200,c3feb7e2-8675-4f7f-be40-2d97c558df74,2026-07-08T16:45:00Z,2026-07-08T18:45:00+0200,153.0,EUR/MWh,NL,NL,imbalance_price,Long,2026-08-06T05:38:50Z
2026-08-06T05:35:55Z,2026-08-06T07:35:55+0200,c3feb7e2-8675-4f7f-be40-2d97c558df74,2026-07-08T16:45:00Z,2026-07-08T18:45:00+0200,153.0,EUR/MWh,NL,NL,imbalance_price,Short,2026-08-06T05:38:50Z
2026-08-06T05:35:55Z,2026-08-06T07:35:55+0200,c3feb7e2-8675-4f7f-be40-2d97c558df74,2026-07-08T17:00:00Z,2026-07-08T19:00:00+0200,91.96,EUR/MWh,NL,NL,imbalance_price,Long,2026-08-06T05:38:50Z
2026-08-06T05:35:55Z,2026-08-06T07:35:55+0200,c3feb7e2-8675-4f7f-be40-2d97c558df74,2026-07-08T17:00:00Z,2026-07-08T19:00:00+0200,131.0,EUR/MWh,NL,NL,imbalance_price,Short,2026-08-06T05:38:50Z
2026-08-06T05:35:55Z,2026-08-06T07:35:55+0200,c3feb7e2-8675-4f7f-be40-2d97c558df74,2026-07-08T17:15:00Z,2026-07-08T19:15:00+0200,120.36,EUR/MWh,NL,NL,imbalance_price,Long,2026-08-06T05:38:50Z
2026-08-06T05:35:55Z,2026-08-06T07:35:55+0200,c3feb7e2-8675-4f7f-be40-2d97c558df74,2026-07-08T17:15:00Z,2026-07-08T19:15:00+0200,120.36,EUR/MWh,NL,NL,imbalance_price,Short,2026-08-06T05:38:50Z
2026-08-06T05:35:55Z,2026-08-06T07:35:55+0200,c3feb7e2-8675-4f7f-be40-2d97c558df74,2026-07-08T17:30:00Z,2026-07-08T19:30:00+0200,100.0,EUR/MWh,NL,NL,imbalance_price,Long,2026-08-06T05:38:50Z
2026-08-06T05:35:55Z,2026-08-06T07:35:55+0200,c3feb7e2-8675-4f7f-be40-2d97c558df74,2026-07-08T17:30:00Z,2026-07-08T19:30:00+0200,131.0,EUR/MWh,NL,NL,imbalance_price,Short,2026-08-06T05:38:50Z
2026-08-06T05:35:55Z,2026-08-06T07:35:55+0200,c3feb7e2-8675-4f7f-be40-2d97c558df74,2026-07-08T17:45:00Z,2026-07-08T19:45:00+0200,131.0,EUR/MWh,NL,NL,imbalance_price,Long,2026-08-06T05:38:50Z
2026-08-06T05:35:55Z,2026-08-06T07:35:55+0200,c3feb7e2-8675-4f7f-be40-2d97c558df74,2026-07-08T17:45:00Z,2026-07-08T19:45:00+0200,131.0,EUR/MWh,NL,NL,imbalance_price,Short,2026-08-06T05:38:50Z
2026-08-06T05:35:55Z,2026-08-06T07:35:55+0200,c3feb7e2-8675-4f7f-be40-2d97c558df74,2026-07-08T18:00:00Z,2026-07-08T20:00:00+0200,96.0,EUR/MWh,NL,NL,imbalance_price,Long,2026-08-06T05:38:50Z
2026-08-06T05:35:55Z,2026-08-06T07:35:55+0200,c3feb7e2-8675-4f7f-be40-2d97c558df74,2026-07-08T18:00:00Z,2026-07-08T20:00:00+0200,118.68,EUR/MWh,NL,NL,imbalance_price,Short,2026-08-06T05:38:50Z
2026-08-06T05:35:55Z,2026-08-06T07:35:55+0200,c3feb7e2-8675-4f7f-be40-2d97c558df74,2026-07-08T18:15:00Z,2026-07-08T20:15:00+0200,100.0,EUR/MWh,NL,NL,imbalance_price,Long,2026-08-06T05:38:50Z
2026-08-06T05:35:55Z,2026-08-06T07:35:55+0200,c3feb7e2-8675-4f7f-be40-2d97c558df74,2026-07-08T18:15:00Z,2026-07-08T20:15:00+0200,100.0,EUR/MWh,NL,NL,imbalance_price,Short,2026-08-06T05:38:50Z
2026-08-06T05:35:55Z,2026-08-06T07:35:55+0200,c3feb7e2-8675-4f7f-be40-2d97c558df74,2026-07-08T18:30:00Z,2026-07-08T20:30:00+0200,113.68,EUR/MWh,NL,NL,imbalance_price,Long,2026-08-06T05:38:50Z
2026-08-06T05:35:55Z,2026-08-06T07:35:55+0200,c3feb7e2-8675-4f7f-be40-2d97c558df74,2026-07-08T18:30:00Z,2026-07-08T20:30:00+0200,118.77,EUR/MWh,NL,NL,imbalance_price,Short,2026-08-06T05:38:50Z
2026-08-06T05:35:55Z,2026-08-06T07:35:55+0200,c3feb7e2-8675-4f7f-be40-2d97c558df74,2026-07-08T18:45:00Z,2026-07-08T20:45:00+0200,117.46,EUR/MWh,NL,NL,imbalance_price,Long,2026-08-06T05:38:50Z
2026-08-06T05:35:55Z,2026-08-06T07:35:55+0200,c3feb7e2-8675-4f7f-be40-2d97c558df74,2026-07-08T18:45:00Z,2026-07-08T20:45:00+0200,150.0,EUR/MWh,NL,NL,imbalance_price,Short,2026-08-06T05:38:50Z
2026-08-06T05:35:55Z,2026-08-06T07:35:55+0200,c3feb7e2-8675-4f7f-be40-2d97c558df74,2026-07-08T19:00:00Z,2026-07-08T21:00:00+0200,102.66,EUR/MWh,NL,NL,imbalance_price,Long,2026-08-06T05:38:50Z
2026-08-06T05:35:55Z,2026-08-06T07:35:55+0200,c3feb7e2-8675-4f7f-be40-2d97c558df74,2026-07-08T19:00:00Z,2026-07-08T21:00:00+0200,115.64,EUR/MWh,NL,NL,imbalance_price,Short,2026-08-06T05:38:50Z
2026-08-06T05:35:55Z,2026-08-06T07:35:55+0200,c3feb7e2-8675-4f7f-be40-2d97c558df74,2026-07-08T19:15:00Z,2026-07-08T21:15:00+0200,111.66,EUR/MWh,NL,NL,imbalance_price,Long,2026-08-06T05:38:50Z
2026-08-06T05:35:55Z,2026-08-06T07:35:55+0200,c3feb7e2-8675-4f7f-be40-2d97c558df74,2026-07-08T19:15:00Z,2026-07-08T21:15:00+0200,111.66,EUR/MWh,NL,NL,imbalance_price,Short,2026-08-06T05:38:50Z
2026-08-06T05:35:55Z,2026-08-06T07:35:55+0200,c3feb7e2-8675-4f7f-be40-2d97c558df74,2026-07-08T19:30:00Z,2026-07-08T21:30:00+0200,110.82,EUR/MWh,NL,NL,imbalance_price,Long,2026-08-06T05:38:50Z
2026-08-06T05:35:55Z,2026-08-06T07:35:55+0200,c3feb7e2-8675-4f7f-be40-2d97c558df74,2026-07-08T19:30:00Z,2026-07-08T21:30:00+0200,110.82,EUR/MWh,NL,NL,imbalance_price,Short,2026-08-06T05:38:50Z
2026-08-06T05:35:55Z,2026-08-06T07:35:55+0200,c3feb7e2-8675-4f7f-be40-2d97c558df74,2026-07-08T19:45:00Z,2026-07-08T21:45:00+0200,106.0,EUR/MWh,NL,NL,imbalance_price,Long,2026-08-06T05:38:50Z
2026-08-06T05:35:55Z,2026-08-06T07:35:55+0200,c3feb7e2-8675-4f7f-be40-2d97c558df74,2026-07-08T19:45:00Z,2026-07-08T21:45:00+0200,153.0,EUR/MWh,NL,NL,imbalance_price,Short,2026-08-06T05:38:50Z
2026-08-06T05:35:55Z,2026-08-06T07:35:55+0200,c3feb7e2-8675-4f7f-be40-2d97c558df74,2026-07-08T20:00:00Z,2026-07-08T22:00:00+0200,104.81,EUR/MWh,NL,NL,imbalance_price,Long,2026-08-06T05:38:50Z
2026-08-06T05:35:55Z,2026-08-06T07:35:55+0200,c3feb7e2-8675-4f7f-be40-2d97c558df74,2026-07-08T20:00:00Z,2026-07-08T22:00:00+0200,107.5,EUR/MWh,NL,NL,imbalance_price,Short,2026-08-06T05:38:50Z
2026-08-06T05:35:55Z,2026-08-06T07:35:55+0200,c3feb7e2-8675-4f7f-be40-2d97c558df74,2026-07-08T20:15:00Z,2026-07-08T22:15:00+0200,96.06,EUR/MWh,NL,NL,imbalance_price,Long,2026-08-06T05:38:50Z
2026-08-06T05:35:55Z,2026-08-06T07:35:55+0200,c3feb7e2-8675-4f7f-be40-2d97c558df74,2026-07-08T20:15:00Z,2026-07-08T22:15:00+0200,96.06,EUR/MWh,NL,NL,imbalance_price,Short,2026-08-06T05:38:50Z
2026-08-06T05:35:55Z,2026-08-06T07:35:55+0200,c3feb7e2-8675-4f7f-be40-2d97c558df74,2026-07-08T20:30:00Z,2026-07-08T22:30:00+0200,94.77,EUR/MWh,NL,NL,imbalance_price,Long,2026-08-06T05:38:50Z
2026-08-06T05:35:55Z,2026-08-06T07:35:55+0200,c3feb7e2-8675-4f7f-be40-2d97c558df74,2026-07-08T20:30:00Z,2026-07-08T22:30:00+0200,94.77,EUR/MWh,NL,NL,imbalance_price,Short,2026-08-06T05:38:50Z
2026-08-06T05:35:55Z,2026-08-06T07:35:55+0200,c3feb7e2-8675-4f7f-be40-2d97c558df74,2026-07-08T20:45:00Z,2026-07-08T22:45:00+0200,100.0,EUR/MWh,NL,NL,imbalance_price,Long,2026-08-06T05:38:50Z
2026-08-06T05:35:55Z,2026-08-06T07:35:55+0200,c3feb7e2-8675-4f7f-be40-2d97c558df74,2026-07-08T20:45:00Z,2026-07-08T22:45:00+0200,100.0,EUR/MWh,NL,NL,imbalance_price,Short,2026-08-06T05:38:50Z
2026-08-06T05:35:55Z,2026-08-06T07:35:55+0200,c3feb7e2-8675-4f7f-be40-2d97c558df74,2026-07-08T21:00:00Z,2026-07-08T23:00:00+0200,98.25,EUR/MWh,NL,NL,imbalance_price,Long,2026-08-06T05:38:50Z
2026-08-06T05:35:55Z,2026-08-06T07:35:55+0200,c3feb7e2-8675-4f7f-be40-2d97c558df74,2026-07-08T21:00:00Z,2026-07-08T23:00:00+0200,98.25,EUR/MWh,NL,NL,imbalance_price,Short,2026-08-06T05:38:50Z
2026-08-06T05:35:55Z,2026-08-06T07:35:55+0200,c3feb7e2-8675-4f7f-be40-2d97c558df74,2026-07-08T21:15:00Z,2026-07-08T23:15:00+0200,100.0,EUR/MWh,NL,NL,imbalance_price,Long,2026-08-06T05:38:50Z
2026-08-06T05:35:55Z,2026-08-06T07:35:55+0200,c3feb7e2-8675-4f7f-be40-2d97c558df74,2026-07-08T21:15:00Z,2026-07-08T23:15:00+0200,110.5,EUR/MWh,NL,NL,imbalance_price,Short,2026-08-06T05:38:50Z
2026-08-06T05:35:55Z,2026-08-06T07:35:55+0200,c3feb7e2-8675-4f7f-be40-2d97c558df74,2026-07-08T21:30:00Z,2026-07-08T23:30:00+0200,105.99,EUR/MWh,NL,NL,imbalance_price,Long,2026-08-06T05:38:50Z
2026-08-06T05:35:55Z,2026-08-06T07:35:55+0200,c3feb7e2-8675-4f7f-be40-2d97c558df74,2026-07-08T21:30:00Z,2026-07-08T23:30:00+0200,105.99,EUR/MWh,NL,NL,imbalance_price,Short,2026-08-06T05:38:50Z
2026-08-06T05:35:55Z,2026-08-06T07:35:55+0200,c3feb7e2-8675-4f7f-be40-2d97c558df74,2026-07-08T21:45:00Z,2026-07-08T23:45:00+0200,90.44,EUR/MWh,NL,NL,imbalance_price,Long,2026-08-06T05:38:50Z
2026-08-06T05:35:55Z,2026-08-06T07:35:55+0200,c3feb7e2-8675-4f7f-be40-2d97c558df74,2026-07-08T21:45:00Z,2026-07-08T23:45:00+0200,90.44,EUR/MWh,NL,NL,imbalance_price,Short,2026-08-06T05:38:50Z
2026-08-06T05:35:55Z,2026-08-06T07:35:55+0200,c3feb7e2-8675-4f7f-be40-2d97c558df74,2026-07-08T22:00:00Z,2026-07-09T00:00:00+0200,92.04,EUR/MWh,NL,NL,imbalance_price,Long,2026-08-06T05:38:50Z
2026-08-06T05:35:55Z,2026-08-06T07:35:55+0200,c3feb7e2-8675-4f7f-be40-2d97c558df74,2026-07-08T22:00:00Z,2026-07-09T00:00:00+0200,92.04,EUR/MWh,NL,NL,imbalance_price,Short,2026-08-06T05:38:50Z
2026-08-06T05:35:55Z,2026-08-06T07:35:55+0200,c3feb7e2-8675-4f7f-be40-2d97c558df74,2026-07-08T22:15:00Z,2026-07-09T00:15:00+0200,98.82,EUR/MWh,NL,NL,imbalance_price,Long,2026-08-06T05:38:50Z
2026-08-06T05:35:55Z,2026-08-06T07:35:55+0200,c3feb7e2-8675-4f7f-be40-2d97c558df74,2026-07-08T22:15:00Z,2026-07-09T00:15:00+0200,114.0,EUR/MWh,NL,NL,imbalance_price,Short,2026-08-06T05:38:50Z
2026-08-06T05:35:55Z,2026-08-06T07:35:55+0200,c3feb7e2-8675-4f7f-be40-2d97c558df74,2026-07-08T22:30:00Z,2026-07-09T00:30:00+0200,100.0,EUR/MWh,NL,NL,imbalance_price,Long,2026-08-06T05:38:50Z
2026-08-06T05:35:55Z,2026-08-06T07:35:55+0200,c3feb7e2-8675-4f7f-be40-2d97c558df74,2026-07-08T22:30:00Z,2026-07-09T00:30:00+0200,115.32,EUR/MWh,NL,NL,imbalance_price,Short,2026-08-06T05:38:50Z
2026-08-06T05:35:55Z,2026-08-06T07:35:55+0200,c3feb7e2-8675-4f7f-be40-2d97c558df74,2026-07-08T22:45:00Z,2026-07-09T00:45:00+0200,104.7,EUR/MWh,NL,NL,imbalance_price,Long,2026-08-06T05:38:50Z
2026-08-06T05:35:55Z,2026-08-06T07:35:55+0200,c3feb7e2-8675-4f7f-be40-2d97c558df74,2026-07-08T22:45:00Z,2026-07-09T00:45:00+0200,104.7,EUR/MWh,NL,NL,imbalance_price,Short,2026-08-06T05:38:50Z
2026-08-06T05:35:55Z,2026-08-06T07:35:55+0200,c3feb7e2-8675-4f7f-be40-2d97c558df74,2026-07-08T23:00:00Z,2026-07-09T01:00:00+0200,112.0,EUR/MWh,NL,NL,imbalance_price,Long,2026-08-06T05:38:50Z
2026-08-06T05:35:55Z,2026-08-06T07:35:55+0200,c3feb7e2-8675-4f7f-be40-2d97c558df74,2026-07-08T23:00:00Z,2026-07-09T01:00:00+0200,138.0,EUR/MWh,NL,NL,imbalance_price,Short,2026-08-06T05:38:50Z
2026-08-06T05:35:55Z,2026-08-06T07:35:55+0200,c3feb7e2-8675-4f7f-be40-2d97c558df74,2026-07-08T23:15:00Z,2026-07-09T01:15:00+0200,122.76,EUR/MWh,NL,NL,imbalance_price,Long,2026-08-06T05:38:50Z
2026-08-06T05:35:55Z,2026-08-06T07:35:55+0200,c3feb7e2-8675-4f7f-be40-2d97c558df74,2026-07-08T23:15:00Z,2026-07-09T01:15:00+0200,122.76,EUR/MWh,NL,NL,imbalance_price,Short,2026-08-06T05:38:50Z
2026-08-06T05:35:55Z,2026-08-06T07:35:55+0200,c3feb7e2-8675-4f7f-be40-2d97c558df74,2026-07-08T23:30:00Z,2026-07-09T01:30:00+0200,106.71,EUR/MWh,NL,NL,imbalance_price,Long,2026-08-06T05:38:50Z
2026-08-06T05:35:55Z,2026-08-06T07:35:55+0200,c3feb7e2-8675-4f7f-be40-2d97c558df74,2026-07-08T23:30:00Z,2026-07-09T01:30:00+0200,106.71,EUR/MWh,NL,NL,imbalance_price,Short,2026-08-06T05:38:50Z
2026-08-06T05:35:55Z,2026-08-06T07:35:55+0200,c3feb7e2-8675-4f7f-be40-2d97c558df74,2026-07-08T23:45:00Z,2026-07-09T01:45:00+0200,101.13,EUR/MWh,NL,NL,imbalance_price,Long,2026-08-06T05:38:50Z
2026-08-06T05:35:55Z,2026-08-06T07:35:55+0200,c3feb7e2-8675-4f7f-be40-2d97c558df74,2026-07-08T23:45:00Z,2026-07-09T01:45:00+0200,101.13,EUR/MWh,NL,NL,imbalance_price,Short,2026-08-06T05:38:50Z
2026-08-06T05:35:55Z,2026-08-06T07:35:55+0200,c3feb7e2-8675-4f7f-be40-2d97c558df74,2026-07-09T00:00:00Z,2026-07-09T02:00:00+0200,100.0,EUR/MWh,NL,NL,imbalance_price,Long,2026-08-06T05:38:50Z
2026-08-06T05:35:55Z,2026-08-06T07:35:55+0200,c3feb7e2-8675-4f7f-be40-2d97c558df74,2026-07-09T00:00:00Z,2026-07-09T02:00:00+0200,115.32,EUR/MWh,NL,NL,imbalance_price,Short,2026-08-06T05:38:50Z
2026-08-06T05:35:55Z,2026-08-06T07:35:55+0200,c3feb7e2-8675-4f7f-be40-2d97c558df74,2026-07-09T00:15:00Z,2026-07-09T02:15:00+0200,138.0,EUR/MWh,NL,NL,imbalance_price,Long,2026-08-06T05:38:50Z
2026-08-06T05:35:55Z,2026-08-06T07:35:55+0200,c3feb7e2-8675-4f7f-be40-2d97c558df74,2026-07-09T00:15:00Z,2026-07-09T02:15:00+0200,138.0,EUR/MWh,NL,NL,imbalance_price,Short,2026-08-06T05:38:50Z
2026-08-06T05:35:55Z,2026-08-06T07:35:55+0200,c3feb7e2-8675-4f7f-be40-2d97c558df74,2026-07-09T00:30:00Z,2026-07-09T02:30:00+0200,112.0,EUR/MWh,NL,NL,imbalance_price,Long,2026-08-06T05:38:50Z
2026-08-06T05:35:55Z,2026-08-06T07:35:55+0200,c3feb7e2-8675-4f7f-be40-2d97c558df74,2026-07-09T00:30:00Z,2026-07-09T02:30:00+0200,138.0,EUR/MWh,NL,NL,imbalance_price,Short,2026-08-06T05:38:50Z
2026-08-06T05:35:55Z,2026-08-06T07:35:55+0200,c3feb7e2-8675-4f7f-be40-2d97c558df74,2026-07-09T00:45:00Z,2026-07-09T02:45:00+0200,101.5,EUR/MWh,NL,NL,imbalance_price,Long,2026-08-06T05:38:50Z
2026-08-06T05:35:55Z,2026-08-06T07:35:55+0200,c3feb7e2-8675-4f7f-be40-2d97c558df74,2026-07-09T00:45:00Z,2026-07-09T02:45:00+0200,101.5,EUR/MWh,NL,NL,imbalance_price,Short,2026-08-06T05:38:50Z
2026-08-06T05:35:55Z,2026-08-06T07:35:55+0200,c3feb7e2-8675-4f7f-be40-2d97c558df74,2026-07-09T01:00:00Z,2026-07-09T03:00:00+0200,101.14,EUR/MWh,NL,NL,imbalance_price,Long,2026-08-06T05:38:50Z
2026-08-06T05:35:55Z,2026-08-06T07:35:55+0200,c3feb7e2-8675-4f7f-be40-2d97c558df74,2026-07-09T01:00:00Z,2026-07-09T03:00:00+0200,101.14,EUR/MWh,NL,NL,imbalance_price,Short,2026-08-06T05:38:50Z
2026-08-06T05:35:55Z,2026-08-06T07:35:55+0200,c3feb7e2-8675-4f7f-be40-2d97c558df74,2026-07-09T01:15:00Z,2026-07-09T03:15:00+0200,102.3,EUR/MWh,NL,NL,imbalance_price,Long,2026-08-06T05:38:50Z
2026-08-06T05:35:55Z,2026-08-06T07:35:55+0200,c3feb7e2-8675-4f7f-be40-2d97c558df74,2026-07-09T01:15:00Z,2026-07-09T03:15:00+0200,102.3,EUR/MWh,NL,NL,imbalance_price,Short,2026-08-06T05:38:50Z
2026-08-06T05:35:55Z,2026-08-06T07:35:55+0200,c3feb7e2-8675-4f7f-be40-2d97c558df74,2026-07-09T01:30:00Z,2026-07-09T03:30:00+0200,100.13,EUR/MWh,NL,NL,imbalance_price,Long,2026-08-06T05:38:50Z
2026-08-06T05:35:55Z,2026-08-06T07:35:55+0200,c3feb7e2-8675-4f7f-be40-2d97c558df74,2026-07-09T01:30:00Z,2026-07-09T03:30:00+0200,100.13,EUR/MWh,NL,NL,imbalance_price,Short,2026-08-06T05:38:50Z
2026-08-06T05:35:55Z,2026-08-06T07:35:55+0200,c3feb7e2-8675-4f7f-be40-2d97c558df74,2026-07-09T01:45:00Z,2026-07-09T03:45:00+0200,100.22,EUR/MWh,NL,NL,imbalance_price,Long,2026-08-06T05:38:50Z
2026-08-06T05:35:55Z,2026-08-06T07:35:55+0200,c3feb7e2-8675-4f7f-be40-2d97c558df74,2026-07-09T01:45:00Z,2026-07-09T03:45:00+0200,100.22,EUR/MWh,NL,NL,imbalance_price,Short,2026-08-06T05:38:50Z
2026-08-06T05:35:55Z,2026-08-06T07:35:55+0200,c3feb7e2-8675-4f7f-be40-2d97c558df74,2026-07-09T02:00:00Z,2026-07-09T04:00:00+0200,107.5,EUR/MWh,NL,NL,imbalance_price,Long,2026-08-06T05:38:50Z
2026-08-06T05:35:55Z,2026-08-06T07:35:55+0200,c3feb7e2-8675-4f7f-be40-2d97c558df74,2026-07-09T02:00:00Z,2026-07-09T04:00:00+0200,110.32,EUR/MWh,NL,NL,imbalance_price,Short,2026-08-06T05:38:50Z
2026-08-06T05:35:55Z,2026-08-06T07:35:55+0200,c3feb7e2-8675-4f7f-be40-2d97c558df74,2026-07-09T02:15:00Z,2026-07-09T04:15:00+0200,104.0,EUR/MWh,NL,NL,imbalance_price,Long,2026-08-06T05:38:50Z
2026-08-06T05:35:55Z,2026-08-06T07:35:55+0200,c3feb7e2-8675-4f7f-be40-2d97c558df74,2026-07-09T02:15:00Z,2026-07-09T04:15:00+0200,115.0,EUR/MWh,NL,NL,imbalance_price,Short,2026-08-06T05:38:50Z
2026-08-06T05:35:55Z,2026-08-06T07:35:55+0200,c3feb7e2-8675-4f7f-be40-2d97c558df74,2026-07-09T02:30:00Z,2026-07-09T04:30:00+0200,102.4,EUR/MWh,NL,NL,imbalance_price,Long,2026-08-06T05:38:50Z
2026-08-06T05:35:55Z,2026-08-06T07:35:55+0200,c3feb7e2-8675-4f7f-be40-2d97c558df74,2026-07-09T02:30:00Z,2026-07-09T04:30:00+0200,102.4,EUR/MWh,NL,NL,imbalance_price,Short,2026-08-06T05:38:50Z
2026-08-06T05:35:55Z,2026-08-06T07:35:55+0200,c3feb7e2-8675-4f7f-be40-2d97c558df74,2026-07-09T02:45:00Z,2026-07-09T04:45:00+0200,106.0,EUR/MWh,NL,NL,imbalance_price,Long,2026-08-06T05:38:50Z
2026-08-06T05:35:55Z,2026-08-06T07:35:55+0200,c3feb7e2-8675-4f7f-be40-2d97c558df74,2026-07-09T02:45:00Z,2026-07-09T04:45:00+0200,115.32,EUR/MWh,NL,NL,imbalance_price,Short,2026-08-06T05:38:50Z
2026-08-06T05:35:55Z,2026-08-06T07:35:55+0200,c3feb7e2-8675-4f7f-be40-2d97c558df74,2026-07-09T03:00:00Z,2026-07-09T05:00:00+0200,155.13,EUR/MWh,NL,NL,imbalance_price,Long,2026-08-06T05:38:50Z
2026-08-06T05:35:55Z,2026-08-06T07:35:55+0200,c3feb7e2-8675-4f7f-be40-2d97c558df74,2026-07-09T03:00:00Z,2026-07-09T05:00:00+0200,155.13,EUR/MWh,NL,NL,imbalance_price,Short,2026-08-06T05:38:50Z
2026-08-06T05:35:55Z,2026-08-06T07:35:55+0200,c3feb7e2-8675-4f7f-be40-2d97c558df74,2026-07-09T03:15:00Z,2026-07-09T05:15:00+0200,148.5,EUR/MWh,NL,NL,imbalance_price,Long,2026-08-06T05:38:50Z
2026-08-06T05:35:55Z,2026-08-06T07:35:55+0200,c3feb7e2-8675-4f7f-be40-2d97c558df74,2026-07-09T03:15:00Z,2026-07-09T05:15:00+0200,148.5,EUR/MWh,NL,NL,imbalance_price,Short,2026-08-06T05:38:50Z
2026-08-06T05:35:55Z,2026-08-06T07:35:55+0200,c3feb7e2-8675-4f7f-be40-2d97c558df74,2026-07-09T03:30:00Z,2026-07-09T05:30:00+0200,114.0,EUR/MWh,NL,NL,imbalance_price,Long,2026-08-06T05:38:50Z
2026-08-06T05:35:55Z,2026-08-06T07:35:55+0200,c3feb7e2-8675-4f7f-be40-2d97c558df74,2026-07-09T03:30:00Z,2026-07-09T05:30:00+0200,115.32,EUR/MWh,NL,NL,imbalance_price,Short,2026-08-06T05:38:50Z
2026-08-06T05:35:55Z,2026-08-06T07:35:55+0200,c3feb7e2-8675-4f7f-be40-2d97c558df74,2026-07-09T03:45:00Z,2026-07-09T05:45:00+0200,153.78,EUR/MWh,NL,NL,imbalance_price,Long,2026-08-06T05:38:50Z
2026-08-06T05:35:55Z,2026-08-06T07:35:55+0200,c3feb7e2-8675-4f7f-be40-2d97c558df74,2026-07-09T03:45:00Z,2026-07-09T05:45:00+0200,153.78,EUR/MWh,NL,NL,imbalance_price,Short,2026-08-06T05:38:50Z
2026-08-06T05:35:55Z,2026-08-06T07:35:55+0200,c3feb7e2-8675-4f7f-be40-2d97c558df74,2026-07-09T04:00:00Z,2026-07-09T06:00:00+0200,116.78,EUR/MWh,NL,NL,imbalance_price,Long,2026-08-06T05:38:50Z
2026-08-06T05:35:55Z,2026-08-06T07:35:55+0200,c3feb7e2-8675-4f7f-be40-2d97c558df74,2026-07-09T04:00:00Z,2026-07-09T06:00:00+0200,166.0,EUR/MWh,NL,NL,imbalance_price,Short,2026-08-06T05:38:50Z
2026-08-06T05:35:55Z,2026-08-06T07:35:55+0200,c3feb7e2-8675-4f7f-be40-2d97c558df74,2026-07-09T04:15:00Z,2026-07-09T06:15:00+0200,109.89,EUR/MWh,NL,NL,imbalance_price,Long,2026-08-06T05:38:50Z
2026-08-06T05:35:55Z,2026-08-06T07:35:55+0200,c3feb7e2-8675-4f7f-be40-2d97c558df74,2026-07-09T04:15:00Z,2026-07-09T06:15:00+0200,159.0,EUR/MWh,NL,NL,imbalance_price,Short,2026-08-06T05:38:50Z
2026-08-06T05:35:55Z,2026-08-06T07:35:55+0200,c3feb7e2-8675-4f7f-be40-2d97c558df74,2026-07-09T04:30:00Z,2026-07-09T06:30:00+0200,106.71,EUR/MWh,NL,NL,imbalance_price,Long,2026-08-06T05:38:50Z
2026-08-06T05:35:55Z,2026-08-06T07:35:55+0200,c3feb7e2-8675-4f7f-be40-2d97c558df74,2026-07-09T04:30:00Z,2026-07-09T06:30:00+0200,114.63,EUR/MWh,NL,NL,imbalance_price,Short,2026-08-06T05:38:50Z
2026-08-06T05:35:55Z,2026-08-06T07:35:55+0200,c3feb7e2-8675-4f7f-be40-2d97c558df74,2026-07-09T04:45:00Z,2026-07-09T06:45:00+0200,101.25,EUR/MWh,NL,NL,imbalance_price,Long,2026-08-06T05:38:50Z
2026-08-06T05:35:55Z,2026-08-06T07:35:55+0200,c3feb7e2-8675-4f7f-be40-2d97c558df74,2026-07-09T04:45:00Z,2026-07-09T06:45:00+0200,101.25,EUR/MWh,NL,NL,imbalance_price,Short,2026-08-06T05:38:50Z
2026-08-06T05:35:55Z,2026-08-06T07:35:55+0200,c3feb7e2-8675-4f7f-be40-2d97c558df74,2026-07-09T05:00:00Z,2026-07-09T07:00:00+0200,110.5,EUR/MWh,NL,NL,imbalance_price,Long,2026-08-06T05:38:50Z
2026-08-06T05:35:55Z,2026-08-06T07:35:55+0200,c3feb7e2-8675-4f7f-be40-2d97c558df74,2026-07-09T05:00:00Z,2026-07-09T07:00:00+0200,140.0,EUR/MWh,NL,NL,imbalance_price,Short,2026-08-06T05:38:50Z
2026-08-06T05:35:55Z,2026-08-06T07:35:55+0200,c3feb7e2-8675-4f7f-be40-2d97c558df74,2026-07-09T05:15:00Z,2026-07-09T07:15:00+0200,106.41,EUR/MWh,NL,NL,imbalance_price,Long,2026-08-06T05:38:50Z
2026-08-06T05:35:55Z,2026-08-06T07:35:55+0200,c3feb7e2-8675-4f7f-be40-2d97c558df74,2026-07-09T05:15:00Z,2026-07-09T07:15:00+0200,138.0,EUR/MWh,NL,NL,imbalance_price,Short,2026-08-06T05:38:50Z
2026-08-06T05:35:55Z,2026-08-06T07:35:55+0200,c3feb7e2-8675-4f7f-be40-2d97c558df74,2026-07-09T05:30:00Z,2026-07-09T07:30:00+0200,103.31,EUR/MWh,NL,NL,imbalance_price,Long,2026-08-06T05:38:50Z
2026-08-06T05:35:55Z,2026-08-06T07:35:55+0200,c3feb7e2-8675-4f7f-be40-2d97c558df74,2026-07-09T05:30:00Z,2026-07-09T07:30:00+0200,138.0,EUR/MWh,NL,NL,imbalance_price,Short,2026-08-06T05:38:50Z
2026-08-06T05:35:55Z,2026-08-06T07:35:55+0200,c3feb7e2-8675-4f7f-be40-2d97c558df74,2026-07-09T05:45:00Z,2026-07-09T07:45:00+0200,106.71,EUR/MWh,NL,NL,imbalance_price,Long,2026-08-06T05:38:50Z
2026-08-06T05:35:55Z,2026-08-06T07:35:55+0200,c3feb7e2-8675-4f7f-be40-2d97c558df74,2026-07-09T05:45:00Z,2026-07-09T07:45:00+0200,140.0,EUR/MWh,NL,NL,imbalance_price,Short,2026-08-06T05:38:50Z
2026-08-06T05:35:55Z,2026-08-06T07:35:55+0200,c3feb7e2-8675-4f7f-be40-2d97c558df74,2026-07-09T06:00:00Z,2026-07-09T08:00:00+0200,105.5,EUR/MWh,NL,NL,imbalance_price,Long,2026-08-06T05:38:50Z
2026-08-06T05:35:55Z,2026-08-06T07:35:55+0200,c3feb7e2-8675-4f7f-be40-2d97c558df74,2026-07-09T06:00:00Z,2026-07-09T08:00:00+0200,156.0,EUR/MWh,NL,NL,imbalance_price,Short,2026-08-06T05:38:50Z
2026-08-06T05:35:55Z,2026-08-06T07:35:55+0200,c3feb7e2-8675-4f7f-be40-2d97c558df74,2026-07-09T06:15:00Z,2026-07-09T08:15:00+0200,98.0,EUR/MWh,NL,NL,imbalance_price,Long,2026-08-06T05:38:50Z
2026-08-06T05:35:55Z,2026-08-06T07:35:55+0200,c3feb7e2-8675-4f7f-be40-2d97c558df74,2026-07-09T06:15:00Z,2026-07-09T08:15:00+0200,150.0,EUR/MWh,NL,NL,imbalance_price,Short,2026-08-06T05:38:50Z
2026-08-06T05:35:55Z,2026-08-06T07:35:55+0200,c3feb7e2-8675-4f7f-be40-2d97c558df74,2026-07-09T06:30:00Z,2026-07-09T08:30:00+0200,109.0,EUR/MWh,NL,NL,imbalance_price,Long,2026-08-06T05:38:50Z
2026-08-06T05:35:55Z,2026-08-06T07:35:55+0200,c3feb7e2-8675-4f7f-be40-2d97c558df74,2026-07-09T06:30:00Z,2026-07-09T08:30:00+0200,151.46,EUR/MWh,NL,NL,imbalance_price,Short,2026-08-06T05:38:50Z
2026-08-06T05:35:55Z,2026-08-06T07:35:55+0200,c3feb7e2-8675-4f7f-be40-2d97c558df74,2026-07-09T06:45:00Z,2026-07-09T08:45:00+0200,81.25,EUR/MWh,NL,NL,imbalance_price,Long,2026-08-06T05:38:50Z
2026-08-06T05:35:55Z,2026-08-06T07:35:55+0200,c3feb7e2-8675-4f7f-be40-2d97c558df74,2026-07-09T06:45:00Z,2026-07-09T08:45:00+0200,140.0,EUR/MWh,NL,NL,imbalance_price,Short,2026-08-06T05:38:50Z
2026-08-06T05:35:55Z,2026-08-06T07:35:55+0200,c3feb7e2-8675-4f7f-be40-2d97c558df74,2026-07-09T07:00:00Z,2026-07-09T09:00:00+0200,101.4,EUR/MWh,NL,NL,imbalance_price,Long,2026-08-06T05:38:50Z
2026-08-06T05:35:55Z,2026-08-06T07:35:55+0200,c3feb7e2-8675-4f7f-be40-2d97c558df74,2026-07-09T07:00:00Z,2026-07-09T09:00:00+0200,157.0,EUR/MWh,NL,NL,imbalance_price,Short,2026-08-06T05:38:50Z
2026-08-06T05:35:55Z,2026-08-06T07:35:55+0200,c3feb7e2-8675-4f7f-be40-2d97c558df74,2026-07-09T07:15:00Z,2026-07-09T09:15:00+0200,156.0,EUR/MWh,NL,NL,imbalance_price,Long,2026-08-06T05:38:50Z
2026-08-06T05:35:55Z,2026-08-06T07:35:55+0200,c3feb7e2-8675-4f7f-be40-2d97c558df74,2026-07-09T07:15:00Z,2026-07-09T09:15:00+0200,156.0,EUR/MWh,NL,NL,imbalance_price,Short,2026-08-06T05:38:50Z
2026-08-06T05:35:55Z,2026-08-06T07:35:55+0200,c3feb7e2-8675-4f7f-be40-2d97c558df74,2026-07-09T07:30:00Z,2026-07-09T09:30:00+0200,-20.0,EUR/MWh,NL,NL,imbalance_price,Long,2026-08-06T05:38:50Z
2026-08-06T05:35:55Z,2026-08-06T07:35:55+0200,c3feb7e2-8675-4f7f-be40-2d97c558df74,2026-07-09T07:30:00Z,2026-07-09T09:30:00+0200,138.0,EUR/MWh,NL,NL,imbalance_price,Short,2026-08-06T05:38:50Z
2026-08-06T05:35:55Z,2026-08-06T07:35:55+0200,c3feb7e2-8675-4f7f-be40-2d97c558df74,2026-07-09T07:45:00Z,2026-07-09T09:45:00+0200,-105.0,EUR/MWh,NL,NL,imbalance_price,Long,2026-08-06T05:38:50Z
2026-08-06T05:35:55Z,2026-08-06T07:35:55+0200,c3feb7e2-8675-4f7f-be40-2d97c558df74,2026-07-09T07:45:00Z,2026-07-09T09:45:00+0200,180.0,EUR/MWh,NL,NL,imbalance_price,Short,2026-08-06T05:38:50Z
2026-08-06T05:35:55Z,2026-08-06T07:35:55+0200,c3feb7e2-8675-4f7f-be40-2d97c558df74,2026-07-09T08:00:00Z,2026-07-09T10:00:00+0200,101.4,EUR/MWh,NL,NL,imbalance_price,Long,2026-08-06T05:38:50Z
2026-08-06T05:35:55Z,2026-08-06T07:35:55+0200,c3feb7e2-8675-4f7f-be40-2d97c558df74,2026-07-09T08:00:00Z,2026-07-09T10:00:00+0200,110.32,EUR/MWh,NL,NL,imbalance_price,Short,2026-08-06T05:38:50Z
2026-08-06T05:35:55Z,2026-08-06T07:35:55+0200,c3feb7e2-8675-4f7f-be40-2d97c558df74,2026-07-09T08:15:00Z,2026-07-09T10:15:00+0200,98.53,EUR/MWh,NL,NL,imbalance_price,Long,2026-08-06T05:38:50Z
2026-08-06T05:35:55Z,2026-08-06T07:35:55+0200,c3feb7e2-8675-4f7f-be40-2d97c558df74,2026-07-09T08:15:00Z,2026-07-09T10:15:00+0200,181.0,EUR/MWh,NL,NL,imbalance_price,Short,2026-08-06T05:38:50Z
2026-08-06T05:35:55Z,2026-08-06T07:35:55+0200,c3feb7e2-8675-4f7f-be40-2d97c558df74,2026-07-09T08:30:00Z,2026-07-09T10:30:00+0200,109.0,EUR/MWh,NL,NL,imbalance_price,Long,2026-08-06T05:38:50Z
2026-08-06T05:35:55Z,2026-08-06T07:35:55+0200,c3feb7e2-8675-4f7f-be40-2d97c558df74,2026-07-09T08:30:00Z,2026-07-09T10:30:00+0200,122.89,EUR/MWh,NL,NL,imbalance_price,Short,2026-08-06T05:38:50Z
2026-08-06T05:35:55Z,2026-08-06T07:35:55+0200,c3feb7e2-8675-4f7f-be40-2d97c558df74,2026-07-09T08:45:00Z,2026-07-09T10:45:00+0200,94.0,EUR/MWh,NL,NL,imbalance_price,Long,2026-08-06T05:38:50Z
2026-08-06T05:35:55Z,2026-08-06T07:35:55+0200,c3feb7e2-8675-4f7f-be40-2d97c558df74,2026-07-09T08:45:00Z,2026-07-09T10:45:00+0200,150.0,EUR/MWh,NL,NL,imbalance_price,Short,2026-08-06T05:38:50Z
2026-08-06T05:35:55Z,2026-08-06T07:35:55+0200,c3feb7e2-8675-4f7f-be40-2d97c558df74,2026-07-09T09:00:00Z,2026-07-09T11:00:00+0200,106.0,EUR/MWh,NL,NL,imbalance_price,Long,2026-08-06T05:38:50Z
2026-08-06T05:35:55Z,2026-08-06T07:35:55+0200,c3feb7e2-8675-4f7f-be40-2d97c558df74,2026-07-09T09:00:00Z,2026-07-09T11:00:00+0200,110.32,EUR/MWh,NL,NL,imbalance_price,Short,2026-08-06T05:38:50Z
2026-08-06T05:35:55Z,2026-08-06T07:35:55+0200,c3feb7e2-8675-4f7f-be40-2d97c558df74,2026-07-09T09:15:00Z,2026-07-09T11:15:00+0200,156.0,EUR/MWh,NL,NL,imbalance_price,Long,2026-08-06T05:38:50Z
2026-08-06T05:35:55Z,2026-08-06T07:35:55+0200,c3feb7e2-8675-4f7f-be40-2d97c558df74,2026-07-09T09:15:00Z,2026-07-09T11:15:00+0200,156.0,EUR/MWh,NL,NL,imbalance_price,Short,2026-08-06T05:38:50Z
2026-08-06T05:35:55Z,2026-08-06T07:35:55+0200,c3feb7e2-8675-4f7f-be40-2d97c558df74,2026-07-09T09:30:00Z,2026-07-09T11:30:00+0200,156.0,EUR/MWh,NL,NL,imbalance_price,Long,2026-08-06T05:38:50Z
2026-08-06T05:35:55Z,2026-08-06T07:35:55+0200,c3feb7e2-8675-4f7f-be40-2d97c558df74,2026-07-09T09:30:00Z,2026-07-09T11:30:00+0200,156.0,EUR/MWh,NL,NL,imbalance_price,Short,2026-08-06T05:38:50Z
2026-08-06T05:35:55Z,2026-08-06T07:35:55+0200,c3feb7e2-8675-4f7f-be40-2d97c558df74,2026-07-09T09:45:00Z,2026-07-09T11:45:00+0200,159.0,EUR/MWh,NL,NL,imbalance_price,Long,2026-08-06T05:38:50Z
2026-08-06T05:35:55Z,2026-08-06T07:35:55+0200,c3feb7e2-8675-4f7f-be40-2d97c558df74,2026-07-09T09:45:00Z,2026-07-09T11:45:00+0200,159.0,EUR/MWh,NL,NL,imbalance_price,Short,2026-08-06T05:38:50Z
2026-08-06T05:35:55Z,2026-08-06T07:35:55+0200,c3feb7e2-8675-4f7f-be40-2d97c558df74,2026-07-09T10:00:00Z,2026-07-09T12:00:00+0200,90.0,EUR/MWh,NL,NL,imbalance_price,Long,2026-08-06T05:38:50Z
2026-08-06T05:35:55Z,2026-08-06T07:35:55+0200,c3feb7e2-8675-4f7f-be40-2d97c558df74,2026-07-09T10:00:00Z,2026-07-09T12:00:00+0200,159.0,EUR/MWh,NL,NL,imbalance_price,Short,2026-08-06T05:38:50Z
2026-08-06T05:35:55Z,2026-08-06T07:35:55+0200,c3feb7e2-8675-4f7f-be40-2d97c558df74,2026-07-09T10:15:00Z,2026-07-09T12:15:00+0200,76.16,EUR/MWh,NL,NL,imbalance_price,Long,2026-08-06T05:38:50Z
2026-08-06T05:35:55Z,2026-08-06T07:35:55+0200,c3feb7e2-8675-4f7f-be40-2d97c558df74,2026-07-09T10:15:00Z,2026-07-09T12:15:00+0200,104.06,EUR/MWh,NL,NL,imbalance_price,Short,2026-08-06T05:38:50Z
2026-08-06T05:35:55Z,2026-08-06T07:35:55+0200,c3feb7e2-8675-4f7f-be40-2d97c558df74,2026-07-09T10:30:00Z,2026-07-09T12:30:00+0200,-1.5,EUR/MWh,NL,NL,imbalance_price,Long,2026-08-06T05:38:50Z
2026-08-06T05:35:55Z,2026-08-06T07:35:55+0200,c3feb7e2-8675-4f7f-be40-2d97c558df74,2026-07-09T10:30:00Z,2026-07-09T12:30:00+0200,-1.5,EUR/MWh,NL,NL,imbalance_price,Short,2026-08-06T05:38:50Z
2026-08-06T05:35:55Z,2026-08-06T07:35:55+0200,c3feb7e2-8675-4f7f-be40-2d97c558df74,2026-07-09T10:45:00Z,2026-07-09T12:45:00+0200,76.16,EUR/MWh,NL,NL,imbalance_price,Long,2026-08-06T05:38:50Z
2026-08-06T05:35:55Z,2026-08-06T07:35:55+0200,c3feb7e2-8675-4f7f-be40-2d97c558df74,2026-07-09T10:45:00Z,2026-07-09T12:45:00+0200,99.56,EUR/MWh,NL,NL,imbalance_price,Short,2026-08-06T05:38:50Z
2026-08-06T05:35:55Z,2026-08-06T07:35:55+0200,c3feb7e2-8675-4f7f-be40-2d97c558df74,2026-07-09T11:00:00Z,2026-07-09T13:00:00+0200,76.36,EUR/MWh,NL,NL,imbalance_price,Long,2026-08-06T05:38:50Z
2026-08-06T05:35:55Z,2026-08-06T07:35:55+0200,c3feb7e2-8675-4f7f-be40-2d97c558df74,2026-07-09T11:00:00Z,2026-07-09T13:00:00+0200,76.36,EUR/MWh,NL,NL,imbalance_price,Short,2026-08-06T05:38:50Z
2026-08-06T05:35:55Z,2026-08-06T07:35:55+0200,c3feb7e2-8675-4f7f-be40-2d97c558df74,2026-07-09T11:15:00Z,2026-07-09T13:15:00+0200,74.97,EUR/MWh,NL,NL,imbalance_price,Long,2026-08-06T05:38:50Z
2026-08-06T05:35:55Z,2026-08-06T07:35:55+0200,c3feb7e2-8675-4f7f-be40-2d97c558df74,2026-07-09T11:15:00Z,2026-07-09T13:15:00+0200,74.97,EUR/MWh,NL,NL,imbalance_price,Short,2026-08-06T05:38:50Z
2026-08-06T05:35:55Z,2026-08-06T07:35:55+0200,c3feb7e2-8675-4f7f-be40-2d97c558df74,2026-07-09T11:30:00Z,2026-07-09T13:30:00+0200,-1.5,EUR/MWh,NL,NL,imbalance_price,Long,2026-08-06T05:38:50Z
2026-08-06T05:35:55Z,2026-08-06T07:35:55+0200,c3feb7e2-8675-4f7f-be40-2d97c558df74,2026-07-09T11:30:00Z,2026-07-09T13:30:00+0200,-1.5,EUR/MWh,NL,NL,imbalance_price,Short,2026-08-06T05:38:50Z
2026-08-06T05:35:55Z,2026-08-06T07:35:55+0200,c3feb7e2-8675-4f7f-be40-2d97c558df74,2026-07-09T11:45:00Z,2026-07-09T13:45:00+0200,-20.0,EUR/MWh,NL,NL,imbalance_price,Long,2026-08-06T05:38:50Z
2026-08-06T05:35:55Z,2026-08-06T07:35:55+0200,c3feb7e2-8675-4f7f-be40-2d97c558df74,2026-07-09T11:45:00Z,2026-07-09T13:45:00+0200,-20.0,EUR/MWh,NL,NL,imbalance_price,Short,2026-08-06T05:38:50Z
2026-08-06T05:35:55Z,2026-08-06T07:35:55+0200,c3feb7e2-8675-4f7f-be40-2d97c558df74,2026-07-09T12:00:00Z,2026-07-09T14:00:00+0200,-4.0,EUR/MWh,NL,NL,imbalance_price,Long,2026-08-06T05:38:50Z
2026-08-06T05:35:55Z,2026-08-06T07:35:55+0200,c3feb7e2-8675-4f7f-be40-2d97c558df74,2026-07-09T12:00:00Z,2026-07-09T14:00:00+0200,77.89,EUR/MWh,NL,NL,imbalance_price,Short,2026-08-06T05:38:50Z
2026-08-06T05:35:55Z,2026-08-06T07:35:55+0200,c3feb7e2-8675-4f7f-be40-2d97c558df74,2026-07-09T12:15:00Z,2026-07-09T14:15:00+0200,10.0,EUR/MWh,NL,NL,imbalance_price,Long,2026-08-06T05:38:50Z
2026-08-06T05:35:55Z,2026-08-06T07:35:55+0200,c3feb7e2-8675-4f7f-be40-2d97c558df74,2026-07-09T12:15:00Z,2026-07-09T14:15:00+0200,10.0,EUR/MWh,NL,NL,imbalance_price,Short,2026-08-06T05:38:50Z
2026-08-06T05:35:55Z,2026-08-06T07:35:55+0200,c3feb7e2-8675-4f7f-be40-2d97c558df74,2026-07-09T12:30:00Z,2026-07-09T14:30:00+0200,-1.5,EUR/MWh,NL,NL,imbalance_price,Long,2026-08-06T05:38:50Z
2026-08-06T05:35:55Z,2026-08-06T07:35:55+0200,c3feb7e2-8675-4f7f-be40-2d97c558df74,2026-07-09T12:30:00Z,2026-07-09T14:30:00+0200,-1.5,EUR/MWh,NL,NL,imbalance_price,Short,2026-08-06T05:38:50Z
2026-08-06T05:35:55Z,2026-08-06T07:35:55+0200,c3feb7e2-8675-4f7f-be40-2d97c558df74,2026-07-09T12:45:00Z,2026-07-09T14:45:00+0200,-1.5,EUR/MWh,NL,NL,imbalance_price,Long,2026-08-06T05:38:50Z
2026-08-06T05:35:55Z,2026-08-06T07:35:55+0200,c3feb7e2-8675-4f7f-be40-2d97c558df74,2026-07-09T12:45:00Z,2026-07-09T14:45:00+0200,-1.5,EUR/MWh,NL,NL,imbalance_price,Short,2026-08-06T05:38:50Z
2026-08-06T05:35:55Z,2026-08-06T07:35:55+0200,c3feb7e2-8675-4f7f-be40-2d97c558df74,2026-07-09T13:00:00Z,2026-07-09T15:00:00+0200,10.0,EUR/MWh,NL,NL,imbalance_price,Long,2026-08-06T05:38:50Z
2026-08-06T05:35:55Z,2026-08-06T07:35:55+0200,c3feb7e2-8675-4f7f-be40-2d97c558df74,2026-07-09T13:00:00Z,2026-07-09T15:00:00+0200,83.85,EUR/MWh,NL,NL,imbalance_price,Short,2026-08-06T05:38:50Z
2026-08-06T05:35:55Z,2026-08-06T07:35:55+0200,c3feb7e2-8675-4f7f-be40-2d97c558df74,2026-07-09T13:15:00Z,2026-07-09T15:15:00+0200,10.0,EUR/MWh,NL,NL,imbalance_price,Long,2026-08-06T05:38:50Z
2026-08-06T05:35:55Z,2026-08-06T07:35:55+0200,c3feb7e2-8675-4f7f-be40-2d97c558df74,2026-07-09T13:15:00Z,2026-07-09T15:15:00+0200,10.0,EUR/MWh,NL,NL,imbalance_price,Short,2026-08-06T05:38:50Z
2026-08-06T05:35:55Z,2026-08-06T07:35:55+0200,c3feb7e2-8675-4f7f-be40-2d97c558df74,2026-07-09T13:30:00Z,2026-07-09T15:30:00+0200,-1.5,EUR/MWh,NL,NL,imbalance_price,Long,2026-08-06T05:38:50Z
2026-08-06T05:35:55Z,2026-08-06T07:35:55+0200,c3feb7e2-8675-4f7f-be40-2d97c558df74,2026-07-09T13:30:00Z,2026-07-09T15:30:00+0200,-1.5,EUR/MWh,NL,NL,imbalance_price,Short,2026-08-06T05:38:50Z
2026-08-06T05:35:55Z,2026-08-06T07:35:55+0200,c3feb7e2-8675-4f7f-be40-2d97c558df74,2026-07-09T13:45:00Z,2026-07-09T15:45:00+0200,-1.5,EUR/MWh,NL,NL,imbalance_price,Long,2026-08-06T05:38:50Z
2026-08-06T05:35:55Z,2026-08-06T07:35:55+0200,c3feb7e2-8675-4f7f-be40-2d97c558df74,2026-07-09T13:45:00Z,2026-07-09T15:45:00+0200,-1.5,EUR/MWh,NL,NL,imbalance_price,Short,2026-08-06T05:38:50Z
2026-08-06T05:35:55Z,2026-08-06T07:35:55+0200,c3feb7e2-8675-4f7f-be40-2d97c558df74,2026-07-09T14:00:00Z,2026-07-09T16:00:00+0200,10.0,EUR/MWh,NL,NL,imbalance_price,Long,2026-08-06T05:38:50Z
2026-08-06T05:35:55Z,2026-08-06T07:35:55+0200,c3feb7e2-8675-4f7f-be40-2d97c558df74,2026-07-09T14:00:00Z,2026-07-09T16:00:00+0200,10.0,EUR/MWh,NL,NL,imbalance_price,Short,2026-08-06T05:38:50Z
2026-08-06T05:35:55Z,2026-08-06T07:35:55+0200,c3feb7e2-8675-4f7f-be40-2d97c558df74,2026-07-09T14:15:00Z,2026-07-09T16:15:00+0200,82.42,EUR/MWh,NL,NL,imbalance_price,Long,2026-08-06T05:38:50Z
2026-08-06T05:35:55Z,2026-08-06T07:35:55+0200,c3feb7e2-8675-4f7f-be40-2d97c558df74,2026-07-09T14:15:00Z,2026-07-09T16:15:00+0200,82.42,EUR/MWh,NL,NL,imbalance_price,Short,2026-08-06T05:38:50Z
2026-08-06T05:35:55Z,2026-08-06T07:35:55+0200,c3feb7e2-8675-4f7f-be40-2d97c558df74,2026-07-09T14:30:00Z,2026-07-09T16:30:00+0200,86.0,EUR/MWh,NL,NL,imbalance_price,Long,2026-08-06T05:38:50Z
2026-08-06T05:35:55Z,2026-08-06T07:35:55+0200,c3feb7e2-8675-4f7f-be40-2d97c558df74,2026-07-09T14:30:00Z,2026-07-09T16:30:00+0200,113.0,EUR/MWh,NL,NL,imbalance_price,Short,2026-08-06T05:38:50Z
2026-08-06T05:35:55Z,2026-08-06T07:35:55+0200,c3feb7e2-8675-4f7f-be40-2d97c558df74,2026-07-09T14:45:00Z,2026-07-09T16:45:00+0200,156.0,EUR/MWh,NL,NL,imbalance_price,Long,2026-08-06T05:38:50Z
2026-08-06T05:35:55Z,2026-08-06T07:35:55+0200,c3feb7e2-8675-4f7f-be40-2d97c558df74,2026-07-09T14:45:00Z,2026-07-09T16:45:00+0200,156.0,EUR/MWh,NL,NL,imbalance_price,Short,2026-08-06T05:38:50Z
2026-08-06T05:35:55Z,2026-08-06T07:35:55+0200,c3feb7e2-8675-4f7f-be40-2d97c558df74,2026-07-09T15:00:00Z,2026-07-09T17:00:00+0200,175.0,EUR/MWh,NL,NL,imbalance_price,Long,2026-08-06T05:38:50Z
2026-08-06T05:35:55Z,2026-08-06T07:35:55+0200,c3feb7e2-8675-4f7f-be40-2d97c558df74,2026-07-09T15:00:00Z,2026-07-09T17:00:00+0200,175.0,EUR/MWh,NL,NL,imbalance_price,Short,2026-08-06T05:38:50Z
2026-08-06T05:35:55Z,2026-08-06T07:35:55+0200,c3feb7e2-8675-4f7f-be40-2d97c558df74,2026-07-09T15:15:00Z,2026-07-09T17:15:00+0200,175.0,EUR/MWh,NL,NL,imbalance_price,Long,2026-08-06T05:38:50Z
2026-08-06T05:35:55Z,2026-08-06T07:35:55+0200,c3feb7e2-8675-4f7f-be40-2d97c558df74,2026-07-09T15:15:00Z,2026-07-09T17:15:00+0200,175.0,EUR/MWh,NL,NL,imbalance_price,Short,2026-08-06T05:38:50Z
2026-08-06T05:35:55Z,2026-08-06T07:35:55+0200,c3feb7e2-8675-4f7f-be40-2d97c558df74,2026-07-09T15:30:00Z,2026-07-09T17:30:00+0200,190.0,EUR/MWh,NL,NL,imbalance_price,Long,2026-08-06T05:38:50Z
2026-08-06T05:35:55Z,2026-08-06T07:35:55+0200,c3feb7e2-8675-4f7f-be40-2d97c558df74,2026-07-09T15:30:00Z,2026-07-09T17:30:00+0200,190.0,EUR/MWh,NL,NL,imbalance_price,Short,2026-08-06T05:38:50Z
2026-08-06T05:35:55Z,2026-08-06T07:35:55+0200,c3feb7e2-8675-4f7f-be40-2d97c558df74,2026-07-09T15:45:00Z,2026-07-09T17:45:00+0200,153.0,EUR/MWh,NL,NL,imbalance_price,Long,2026-08-06T05:38:50Z
2026-08-06T05:35:55Z,2026-08-06T07:35:55+0200,c3feb7e2-8675-4f7f-be40-2d97c558df74,2026-07-09T15:45:00Z,2026-07-09T17:45:00+0200,153.0,EUR/MWh,NL,NL,imbalance_price,Short,2026-08-06T05:38:50Z
2026-08-06T05:35:55Z,2026-08-06T07:35:55+0200,c3feb7e2-8675-4f7f-be40-2d97c558df74,2026-07-09T16:00:00Z,2026-07-09T18:00:00+0200,12.0,EUR/MWh,NL,NL,imbalance_price,Long,2026-08-06T05:38:50Z
2026-08-06T05:35:55Z,2026-08-06T07:35:55+0200,c3feb7e2-8675-4f7f-be40-2d97c558df74,2026-07-09T16:00:00Z,2026-07-09T18:00:00+0200,150.0,EUR/MWh,NL,NL,imbalance_price,Short,2026-08-06T05:38:50Z
2026-08-06T05:35:55Z,2026-08-06T07:35:55+0200,c3feb7e2-8675-4f7f-be40-2d97c558df74,2026-07-09T16:15:00Z,2026-07-09T18:15:00+0200,82.52,EUR/MWh,NL,NL,imbalance_price,Long,2026-08-06T05:38:50Z
2026-08-06T05:35:55Z,2026-08-06T07:35:55+0200,c3feb7e2-8675-4f7f-be40-2d97c558df74,2026-07-09T16:15:00Z,2026-07-09T18:15:00+0200,153.0,EUR/MWh,NL,NL,imbalance_price,Short,2026-08-06T05:38:50Z
2026-08-06T05:35:55Z,2026-08-06T07:35:55+0200,c3feb7e2-8675-4f7f-be40-2d97c558df74,2026-07-09T16:30:00Z,2026-07-09T18:30:00+0200,94.0,EUR/MWh,NL,NL,imbalance_price,Long,2026-08-06T05:38:50Z
2026-08-06T05:35:55Z,2026-08-06T07:35:55+0200,c3feb7e2-8675-4f7f-be40-2d97c558df74,2026-07-09T16:30:00Z,2026-07-09T18:30:00+0200,153.0,EUR/MWh,NL,NL,imbalance_price,Short,2026-08-06T05:38:50Z
2026-08-06T05:35:55Z,2026-08-06T07:35:55+0200,c3feb7e2-8675-4f7f-be40-2d97c558df74,2026-07-09T16:45:00Z,2026-07-09T18:45:00+0200,106.0,EUR/MWh,NL,NL,imbalance_price,Long,2026-08-06T05:38:50Z
2026-08-06T05:35:55Z,2026-08-06T07:35:55+0200,c3feb7e2-8675-4f7f-be40-2d97c558df74,2026-07-09T16:45:00Z,2026-07-09T18:45:00+0200,153.0,EUR/MWh,NL,NL,imbalance_price,Short,2026-08-06T05:38:50Z
2026-08-06T05:35:55Z,2026-08-06T07:35:55+0200,c3feb7e2-8675-4f7f-be40-2d97c558df74,2026-07-09T17:00:00Z,2026-07-09T19:00:00+0200,102.08,EUR/MWh,NL,NL,imbalance_price,Long,2026-08-06T05:38:50Z
2026-08-06T05:35:55Z,2026-08-06T07:35:55+0200,c3feb7e2-8675-4f7f-be40-2d97c558df74,2026-07-09T17:00:00Z,2026-07-09T19:00:00+0200,155.28,EUR/MWh,NL,NL,imbalance_price,Short,2026-08-06T05:38:50Z
2026-08-06T05:35:55Z,2026-08-06T07:35:55+0200,c3feb7e2-8675-4f7f-be40-2d97c558df74,2026-07-09T17:15:00Z,2026-07-09T19:15:00+0200,81.77,EUR/MWh,NL,NL,imbalance_price,Long,2026-08-06T05:38:50Z
2026-08-06T05:35:55Z,2026-08-06T07:35:55+0200,c3feb7e2-8675-4f7f-be40-2d97c558df74,2026-07-09T17:15:00Z,2026-07-09T19:15:00+0200,162.0,EUR/MWh,NL,NL,imbalance_price,Short,2026-08-06T05:38:50Z
2026-08-06T05:35:55Z,2026-08-06T07:35:55+0200,c3feb7e2-8675-4f7f-be40-2d97c558df74,2026-07-09T17:30:00Z,2026-07-09T19:30:00+0200,103.6,EUR/MWh,NL,NL,imbalance_price,Long,2026-08-06T05:38:50Z
2026-08-06T05:35:55Z,2026-08-06T07:35:55+0200,c3feb7e2-8675-4f7f-be40-2d97c558df74,2026-07-09T17:30:00Z,2026-07-09T19:30:00+0200,162.0,EUR/MWh,NL,NL,imbalance_price,Short,2026-08-06T05:38:50Z
2026-08-06T05:35:55Z,2026-08-06T07:35:55+0200,c3feb7e2-8675-4f7f-be40-2d97c558df74,2026-07-09T17:45:00Z,2026-07-09T19:45:00+0200,159.0,EUR/MWh,NL,NL,imbalance_price,Long,2026-08-06T05:38:50Z
2026-08-06T05:35:55Z,2026-08-06T07:35:55+0200,c3feb7e2-8675-4f7f-be40-2d97c558df74,2026-07-09T17:45:00Z,2026-07-09T19:45:00+0200,159.0,EUR/MWh,NL,NL,imbalance_price,Short,2026-08-06T05:38:50Z
2026-08-06T05:35:55Z,2026-08-06T07:35:55+0200,c3feb7e2-8675-4f7f-be40-2d97c558df74,2026-07-09T18:00:00Z,2026-07-09T20:00:00+0200,101.4,EUR/MWh,NL,NL,imbalance_price,Long,2026-08-06T05:38:50Z
2026-08-06T05:35:55Z,2026-08-06T07:35:55+0200,c3feb7e2-8675-4f7f-be40-2d97c558df74,2026-07-09T18:00:00Z,2026-07-09T20:00:00+0200,140.0,EUR/MWh,NL,NL,imbalance_price,Short,2026-08-06T05:38:50Z
2026-08-06T05:35:55Z,2026-08-06T07:35:55+0200,c3feb7e2-8675-4f7f-be40-2d97c558df74,2026-07-09T18:15:00Z,2026-07-09T20:15:00+0200,130.32,EUR/MWh,NL,NL,imbalance_price,Long,2026-08-06T05:38:50Z
2026-08-06T05:35:55Z,2026-08-06T07:35:55+0200,c3feb7e2-8675-4f7f-be40-2d97c558df74,2026-07-09T18:15:00Z,2026-07-09T20:15:00+0200,162.0,EUR/MWh,NL,NL,imbalance_price,Short,2026-08-06T05:38:50Z
2026-08-06T05:35:55Z,2026-08-06T07:35:55+0200,c3feb7e2-8675-4f7f-be40-2d97c558df74,2026-07-09T18:30:00Z,2026-07-09T20:30:00+0200,185.0,EUR/MWh,NL,NL,imbalance_price,Long,2026-08-06T05:38:50Z
2026-08-06T05:35:55Z,2026-08-06T07:35:55+0200,c3feb7e2-8675-4f7f-be40-2d97c558df74,2026-07-09T18:30:00Z,2026-07-09T20:30:00+0200,185.0,EUR/MWh,NL,NL,imbalance_price,Short,2026-08-06T05:38:50Z
2026-08-06T05:35:55Z,2026-08-06T07:35:55+0200,c3feb7e2-8675-4f7f-be40-2d97c558df74,2026-07-09T18:45:00Z,2026-07-09T20:45:00+0200,150.0,EUR/MWh,NL,NL,imbalance_price,Long,2026-08-06T05:38:50Z
2026-08-06T05:35:55Z,2026-08-06T07:35:55+0200,c3feb7e2-8675-4f7f-be40-2d97c558df74,2026-07-09T18:45:00Z,2026-07-09T20:45:00+0200,150.0,EUR/MWh,NL,NL,imbalance_price,Short,2026-08-06T05:38:50Z
2026-08-06T05:35:55Z,2026-08-06T07:35:55+0200,c3feb7e2-8675-4f7f-be40-2d97c558df74,2026-07-09T19:00:00Z,2026-07-09T21:00:00+0200,122.47,EUR/MWh,NL,NL,imbalance_price,Long,2026-08-06T05:38:50Z
2026-08-06T05:35:55Z,2026-08-06T07:35:55+0200,c3feb7e2-8675-4f7f-be40-2d97c558df74,2026-07-09T19:00:00Z,2026-07-09T21:00:00+0200,122.47,EUR/MWh,NL,NL,imbalance_price,Short,2026-08-06T05:38:50Z
2026-08-06T05:35:55Z,2026-08-06T07:35:55+0200,c3feb7e2-8675-4f7f-be40-2d97c558df74,2026-07-09T19:15:00Z,2026-07-09T21:15:00+0200,108.78,EUR/MWh,NL,NL,imbalance_price,Long,2026-08-06T05:38:50Z
2026-08-06T05:35:55Z,2026-08-06T07:35:55+0200,c3feb7e2-8675-4f7f-be40-2d97c558df74,2026-07-09T19:15:00Z,2026-07-09T21:15:00+0200,108.78,EUR/MWh,NL,NL,imbalance_price,Short,2026-08-06T05:38:50Z
2026-08-06T05:35:55Z,2026-08-06T07:35:55+0200,c3feb7e2-8675-4f7f-be40-2d97c558df74,2026-07-09T19:30:00Z,2026-07-09T21:30:00+0200,110.88,EUR/MWh,NL,NL,imbalance_price,Long,2026-08-06T05:38:50Z
2026-08-06T05:35:55Z,2026-08-06T07:35:55+0200,c3feb7e2-8675-4f7f-be40-2d97c558df74,2026-07-09T19:30:00Z,2026-07-09T21:30:00+0200,110.88,EUR/MWh,NL,NL,imbalance_price,Short,2026-08-06T05:38:50Z
2026-08-06T05:35:55Z,2026-08-06T07:35:55+0200,c3feb7e2-8675-4f7f-be40-2d97c558df74,2026-07-09T19:45:00Z,2026-07-09T21:45:00+0200,115.5,EUR/MWh,NL,NL,imbalance_price,Long,2026-08-06T05:38:50Z
2026-08-06T05:35:55Z,2026-08-06T07:35:55+0200,c3feb7e2-8675-4f7f-be40-2d97c558df74,2026-07-09T19:45:00Z,2026-07-09T21:45:00+0200,158.57,EUR/MWh,NL,NL,imbalance_price,Short,2026-08-06T05:38:50Z
2026-08-06T05:35:55Z,2026-08-06T07:35:55+0200,c3feb7e2-8675-4f7f-be40-2d97c558df74,2026-07-09T20:00:00Z,2026-07-09T22:00:00+0200,114.0,EUR/MWh,NL,NL,imbalance_price,Long,2026-08-06T05:38:50Z
2026-08-06T05:35:55Z,2026-08-06T07:35:55+0200,c3feb7e2-8675-4f7f-be40-2d97c558df74,2026-07-09T20:00:00Z,2026-07-09T22:00:00+0200,138.0,EUR/MWh,NL,NL,imbalance_price,Short,2026-08-06T05:38:50Z
2026-08-06T05:35:55Z,2026-08-06T07:35:55+0200,c3feb7e2-8675-4f7f-be40-2d97c558df74,2026-07-09T20:15:00Z,2026-07-09T22:15:00+0200,115.0,EUR/MWh,NL,NL,imbalance_price,Long,2026-08-06T05:38:50Z
2026-08-06T05:35:55Z,2026-08-06T07:35:55+0200,c3feb7e2-8675-4f7f-be40-2d97c558df74,2026-07-09T20:15:00Z,2026-07-09T22:15:00+0200,115.32,EUR/MWh,NL,NL,imbalance_price,Short,2026-08-06T05:38:50Z
2026-08-06T05:35:55Z,2026-08-06T07:35:55+0200,c3feb7e2-8675-4f7f-be40-2d97c558df74,2026-07-09T20:30:00Z,2026-07-09T22:30:00+0200,111.19,EUR/MWh,NL,NL,imbalance_price,Long,2026-08-06T05:38:50Z
2026-08-06T05:35:55Z,2026-08-06T07:35:55+0200,c3feb7e2-8675-4f7f-be40-2d97c558df74,2026-07-09T20:30:00Z,2026-07-09T22:30:00+0200,111.19,EUR/MWh,NL,NL,imbalance_price,Short,2026-08-06T05:38:50Z
2026-08-06T05:35:55Z,2026-08-06T07:35:55+0200,c3feb7e2-8675-4f7f-be40-2d97c558df74,2026-07-09T20:45:00Z,2026-07-09T22:45:00+0200,115.5,EUR/MWh,NL,NL,imbalance_price,Long,2026-08-06T05:38:50Z
2026-08-06T05:35:55Z,2026-08-06T07:35:55+0200,c3feb7e2-8675-4f7f-be40-2d97c558df74,2026-07-09T20:45:00Z,2026-07-09T22:45:00+0200,150.0,EUR/MWh,NL,NL,imbalance_price,Short,2026-08-06T05:38:50Z
2026-08-06T05:35:55Z,2026-08-06T07:35:55+0200,c3feb7e2-8675-4f7f-be40-2d97c558df74,2026-07-09T21:00:00Z,2026-07-09T23:00:00+0200,103.5,EUR/MWh,NL,NL,imbalance_price,Long,2026-08-06T05:38:50Z
2026-08-06T05:35:55Z,2026-08-06T07:35:55+0200,c3feb7e2-8675-4f7f-be40-2d97c558df74,2026-07-09T21:00:00Z,2026-07-09T23:00:00+0200,159.46,EUR/MWh,NL,NL,imbalance_price,Short,2026-08-06T05:38:50Z
2026-08-06T05:35:55Z,2026-08-06T07:35:55+0200,c3feb7e2-8675-4f7f-be40-2d97c558df74,2026-07-09T21:15:00Z,2026-07-09T23:15:00+0200,165.0,EUR/MWh,NL,NL,imbalance_price,Long,2026-08-06T05:38:50Z
2026-08-06T05:35:55Z,2026-08-06T07:35:55+0200,c3feb7e2-8675-4f7f-be40-2d97c558df74,2026-07-09T21:15:00Z,2026-07-09T23:15:00+0200,165.0,EUR/MWh,NL,NL,imbalance_price,Short,2026-08-06T05:38:50Z
2026-08-06T05:35:55Z,2026-08-06T07:35:55+0200,c3feb7e2-8675-4f7f-be40-2d97c558df74,2026-07-09T21:30:00Z,2026-07-09T23:30:00+0200,101.16,EUR/MWh,NL,NL,imbalance_price,Long,2026-08-06T05:38:50Z
2026-08-06T05:35:55Z,2026-08-06T07:35:55+0200,c3feb7e2-8675-4f7f-be40-2d97c558df74,2026-07-09T21:30:00Z,2026-07-09T23:30:00+0200,150.0,EUR/MWh,NL,NL,imbalance_price,Short,2026-08-06T05:38:50Z
2026-08-06T05:35:55Z,2026-08-06T07:35:55+0200,c3feb7e2-8675-4f7f-be40-2d97c558df74,2026-07-09T21:45:00Z,2026-07-09T23:45:00+0200,104.0,EUR/MWh,NL,NL,imbalance_price,Long,2026-08-06T05:38:50Z
2026-08-06T05:35:55Z,2026-08-06T07:35:55+0200,c3feb7e2-8675-4f7f-be40-2d97c558df74,2026-07-09T21:45:00Z,2026-07-09T23:45:00+0200,156.0,EUR/MWh,NL,NL,imbalance_price,Short,2026-08-06T05:38:50Z
2026-08-06T05:35:55Z,2026-08-06T07:35:55+0200,c3feb7e2-8675-4f7f-be40-2d97c558df74,2026-07-09T22:00:00Z,2026-07-10T00:00:00+0200,105.0,EUR/MWh,NL,NL,imbalance_price,Long,2026-08-06T05:38:50Z
2026-08-06T05:35:55Z,2026-08-06T07:35:55+0200,c3feb7e2-8675-4f7f-be40-2d97c558df74,2026-07-09T22:00:00Z,2026-07-10T00:00:00+0200,150.0,EUR/MWh,NL,NL,imbalance_price,Short,2026-08-06T05:38:50Z
2026-08-06T05:35:55Z,2026-08-06T07:35:55+0200,c3feb7e2-8675-4f7f-be40-2d97c558df74,2026-07-09T22:15:00Z,2026-07-10T00:15:00+0200,163.63,EUR/MWh,NL,NL,imbalance_price,Long,2026-08-06T05:38:50Z
2026-08-06T05:35:55Z,2026-08-06T07:35:55+0200,c3feb7e2-8675-4f7f-be40-2d97c558df74,2026-07-09T22:15:00Z,2026-07-10T00:15:00+0200,163.63,EUR/MWh,NL,NL,imbalance_price,Short,2026-08-06T05:38:50Z
2026-08-06T05:35:55Z,2026-08-06T07:35:55+0200,c3feb7e2-8675-4f7f-be40-2d97c558df74,2026-07-09T22:30:00Z,2026-07-10T00:30:00+0200,153.0,EUR/MWh,NL,NL,imbalance_price,Long,2026-08-06T05:38:50Z
2026-08-06T05:35:55Z,2026-08-06T07:35:55+0200,c3feb7e2-8675-4f7f-be40-2d97c558df74,2026-07-09T22:30:00Z,2026-07-10T00:30:00+0200,153.0,EUR/MWh,NL,NL,imbalance_price,Short,2026-08-06T05:38:50Z
2026-08-06T05:35:55Z,2026-08-06T07:35:55+0200,c3feb7e2-8675-4f7f-be40-2d97c558df74,2026-07-09T22:45:00Z,2026-07-10T00:45:00+0200,150.0,EUR/MWh,NL,NL,imbalance_price,Long,2026-08-06T05:38:50Z
2026-08-06T05:35:55Z,2026-08-06T07:35:55+0200,c3feb7e2-8675-4f7f-be40-2d97c558df74,2026-07-09T22:45:00Z,2026-07-10T00:45:00+0200,150.0,EUR/MWh,NL,NL,imbalance_price,Short,2026-08-06T05:38:50Z
2026-08-06T05:35:55Z,2026-08-06T07:35:55+0200,c3feb7e2-8675-4f7f-be40-2d97c558df74,2026-07-09T23:00:00Z,2026-07-10T01:00:00+0200,109.5,EUR/MWh,NL,NL,imbalance_price,Long,2026-08-06T05:38:50Z
2026-08-06T05:35:55Z,2026-08-06T07:35:55+0200,c3feb7e2-8675-4f7f-be40-2d97c558df74,2026-07-09T23:00:00Z,2026-07-10T01:00:00+0200,150.0,EUR/MWh,NL,NL,imbalance_price,Short,2026-08-06T05:38:50Z
2026-08-06T05:35:55Z,2026-08-06T07:35:55+0200,c3feb7e2-8675-4f7f-be40-2d97c558df74,2026-07-09T23:15:00Z,2026-07-10T01:15:00+0200,107.28,EUR/MWh,NL,NL,imbalance_price,Long,2026-08-06T05:38:50Z
2026-08-06T05:35:55Z,2026-08-06T07:35:55+0200,c3feb7e2-8675-4f7f-be40-2d97c558df74,2026-07-09T23:15:00Z,2026-07-10T01:15:00+0200,107.28,EUR/MWh,NL,NL,imbalance_price,Short,2026-08-06T05:38:50Z
2026-08-06T05:35:55Z,2026-08-06T07:35:55+0200,c3feb7e2-8675-4f7f-be40-2d97c558df74,2026-07-09T23:30:00Z,2026-07-10T01:30:00+0200,107.38,EUR/MWh,NL,NL,imbalance_price,Long,2026-08-06T05:38:50Z
2026-08-06T05:35:55Z,2026-08-06T07:35:55+0200,c3feb7e2-8675-4f7f-be40-2d97c558df74,2026-07-09T23:30:00Z,2026-07-10T01:30:00+0200,107.38,EUR/MWh,NL,NL,imbalance_price,Short,2026-08-06T05:38:50Z
2026-08-06T05:35:55Z,2026-08-06T07:35:55+0200,c3feb7e2-8675-4f7f-be40-2d97c558df74,2026-07-09T23:45:00Z,2026-07-10T01:45:00+0200,107.28,EUR/MWh,NL,NL,imbalance_price,Long,2026-08-06T05:38:50Z
2026-08-06T05:35:55Z,2026-08-06T07:35:55+0200,c3feb7e2-8675-4f7f-be40-2d97c558df74,2026-07-09T23:45:00Z,2026-07-10T01:45:00+0200,107.28,EUR/MWh,NL,NL,imbalance_price,Short,2026-08-06T05:38:50Z
2026-08-06T05:35:55Z,2026-08-06T07:35:55+0200,c3feb7e2-8675-4f7f-be40-2d97c558df74,2026-07-10T00:00:00Z,2026-07-10T02:00:00+0200,107.38,EUR/MWh,NL,NL,imbalance_price,Long,2026-08-06T05:38:50Z
2026-08-06T05:35:55Z,2026-08-06T07:35:55+0200,c3feb7e2-8675-4f7f-be40-2d97c558df74,2026-07-10T00:00:00Z,2026-07-10T02:00:00+0200,107.38,EUR/MWh,NL,NL,imbalance_price,Short,2026-08-06T05:38:50Z
2026-08-06T05:35:55Z,2026-08-06T07:35:55+0200,c3feb7e2-8675-4f7f-be40-2d97c558df74,2026-07-10T00:15:00Z,2026-07-10T02:15:00+0200,110.63,EUR/MWh,NL,NL,imbalance_price,Long,2026-08-06T05:38:50Z
2026-08-06T05:35:55Z,2026-08-06T07:35:55+0200,c3feb7e2-8675-4f7f-be40-2d97c558df74,2026-07-10T00:15:00Z,2026-07-10T02:15:00+0200,110.63,EUR/MWh,NL,NL,imbalance_price,Short,2026-08-06T05:38:50Z
2026-08-06T05:35:55Z,2026-08-06T07:35:55+0200,c3feb7e2-8675-4f7f-be40-2d97c558df74,2026-07-10T00:30:00Z,2026-07-10T02:30:00+0200,115.5,EUR/MWh,NL,NL,imbalance_price,Long,2026-08-06T05:38:50Z
2026-08-06T05:35:55Z,2026-08-06T07:35:55+0200,c3feb7e2-8675-4f7f-be40-2d97c558df74,2026-07-10T00:30:00Z,2026-07-10T02:30:00+0200,150.0,EUR/MWh,NL,NL,imbalance_price,Short,2026-08-06T05:38:50Z
2026-08-06T05:35:55Z,2026-08-06T07:35:55+0200,c3feb7e2-8675-4f7f-be40-2d97c558df74,2026-07-10T00:45:00Z,2026-07-10T02:45:00+0200,113.5,EUR/MWh,NL,NL,imbalance_price,Long,2026-08-06T05:38:50Z
2026-08-06T05:35:55Z,2026-08-06T07:35:55+0200,c3feb7e2-8675-4f7f-be40-2d97c558df74,2026-07-10T00:45:00Z,2026-07-10T02:45:00+0200,150.0,EUR/MWh,NL,NL,imbalance_price,Short,2026-08-06T05:38:50Z
2026-08-06T05:35:55Z,2026-08-06T07:35:55+0200,c3feb7e2-8675-4f7f-be40-2d97c558df74,2026-07-10T01:00:00Z,2026-07-10T03:00:00+0200,129.03,EUR/MWh,NL,NL,imbalance_price,Long,2026-08-06T05:38:50Z
2026-08-06T05:35:55Z,2026-08-06T07:35:55+0200,c3feb7e2-8675-4f7f-be40-2d97c558df74,2026-07-10T01:00:00Z,2026-07-10T03:00:00+0200,129.03,EUR/MWh,NL,NL,imbalance_price,Short,2026-08-06T05:38:50Z
2026-08-06T05:35:55Z,2026-08-06T07:35:55+0200,c3feb7e2-8675-4f7f-be40-2d97c558df74,2026-07-10T01:15:00Z,2026-07-10T03:15:00+0200,110.5,EUR/MWh,NL,NL,imbalance_price,Long,2026-08-06T05:38:50Z
2026-08-06T05:35:55Z,2026-08-06T07:35:55+0200,c3feb7e2-8675-4f7f-be40-2d97c558df74,2026-07-10T01:15:00Z,2026-07-10T03:15:00+0200,110.5,EUR/MWh,NL,NL,imbalance_price,Short,2026-08-06T05:38:50Z
2026-08-06T05:35:55Z,2026-08-06T07:35:55+0200,c3feb7e2-8675-4f7f-be40-2d97c558df74,2026-07-10T01:30:00Z,2026-07-10T03:30:00+0200,113.5,EUR/MWh,NL,NL,imbalance_price,Long,2026-08-06T05:38:50Z
2026-08-06T05:35:55Z,2026-08-06T07:35:55+0200,c3feb7e2-8675-4f7f-be40-2d97c558df74,2026-07-10T01:30:00Z,2026-07-10T03:30:00+0200,113.5,EUR/MWh,NL,NL,imbalance_price,Short,2026-08-06T05:38:50Z
2026-08-06T05:35:55Z,2026-08-06T07:35:55+0200,c3feb7e2-8675-4f7f-be40-2d97c558df74,2026-07-10T01:45:00Z,2026-07-10T03:45:00+0200,109.0,EUR/MWh,NL,NL,imbalance_price,Long,2026-08-06T05:38:50Z
2026-08-06T05:35:55Z,2026-08-06T07:35:55+0200,c3feb7e2-8675-4f7f-be40-2d97c558df74,2026-07-10T01:45:00Z,2026-07-10T03:45:00+0200,110.32,EUR/MWh,NL,NL,imbalance_price,Short,2026-08-06T05:38:50Z
2026-08-06T05:35:55Z,2026-08-06T07:35:55+0200,c3feb7e2-8675-4f7f-be40-2d97c558df74,2026-07-10T02:00:00Z,2026-07-10T04:00:00+0200,115.5,EUR/MWh,NL,NL,imbalance_price,Long,2026-08-06T05:38:50Z
2026-08-06T05:35:55Z,2026-08-06T07:35:55+0200,c3feb7e2-8675-4f7f-be40-2d97c558df74,2026-07-10T02:00:00Z,2026-07-10T04:00:00+0200,150.0,EUR/MWh,NL,NL,imbalance_price,Short,2026-08-06T05:38:50Z
2026-08-06T05:35:55Z,2026-08-06T07:35:55+0200,c3feb7e2-8675-4f7f-be40-2d97c558df74,2026-07-10T02:15:00Z,2026-07-10T04:15:00+0200,107.5,EUR/MWh,NL,NL,imbalance_price,Long,2026-08-06T05:38:50Z
2026-08-06T05:35:55Z,2026-08-06T07:35:55+0200,c3feb7e2-8675-4f7f-be40-2d97c558df74,2026-07-10T02:15:00Z,2026-07-10T04:15:00+0200,145.0,EUR/MWh,NL,NL,imbalance_price,Short,2026-08-06T05:38:50Z
2026-08-06T05:35:55Z,2026-08-06T07:35:55+0200,c3feb7e2-8675-4f7f-be40-2d97c558df74,2026-07-10T02:30:00Z,2026-07-10T04:30:00+0200,107.5,EUR/MWh,NL,NL,imbalance_price,Long,2026-08-06T05:38:50Z
2026-08-06T05:35:55Z,2026-08-06T07:35:55+0200,c3feb7e2-8675-4f7f-be40-2d97c558df74,2026-07-10T02:30:00Z,2026-07-10T04:30:00+0200,110.32,EUR/MWh,NL,NL,imbalance_price,Short,2026-08-06T05:38:50Z
2026-08-06T05:35:55Z,2026-08-06T07:35:55+0200,c3feb7e2-8675-4f7f-be40-2d97c558df74,2026-07-10T02:45:00Z,2026-07-10T04:45:00+0200,119.25,EUR/MWh,NL,NL,imbalance_price,Long,2026-08-06T05:38:50Z
2026-08-06T05:35:55Z,2026-08-06T07:35:55+0200,c3feb7e2-8675-4f7f-be40-2d97c558df74,2026-07-10T02:45:00Z,2026-07-10T04:45:00+0200,119.25,EUR/MWh,NL,NL,imbalance_price,Short,2026-08-06T05:38:50Z
2026-08-06T05:35:55Z,2026-08-06T07:35:55+0200,c3feb7e2-8675-4f7f-be40-2d97c558df74,2026-07-10T03:00:00Z,2026-07-10T05:00:00+0200,115.5,EUR/MWh,NL,NL,imbalance_price,Long,2026-08-06T05:38:50Z
2026-08-06T05:35:55Z,2026-08-06T07:35:55+0200,c3feb7e2-8675-4f7f-be40-2d97c558df74,2026-07-10T03:00:00Z,2026-07-10T05:00:00+0200,150.0,EUR/MWh,NL,NL,imbalance_price,Short,2026-08-06T05:38:50Z
2026-08-06T05:35:55Z,2026-08-06T07:35:55+0200,c3feb7e2-8675-4f7f-be40-2d97c558df74,2026-07-10T03:15:00Z,2026-07-10T05:15:00+0200,112.0,EUR/MWh,NL,NL,imbalance_price,Long,2026-08-06T05:38:50Z
2026-08-06T05:35:55Z,2026-08-06T07:35:55+0200,c3feb7e2-8675-4f7f-be40-2d97c558df74,2026-07-10T03:15:00Z,2026-07-10T05:15:00+0200,145.0,EUR/MWh,NL,NL,imbalance_price,Short,2026-08-06T05:38:50Z
2026-08-06T05:35:55Z,2026-08-06T07:35:55+0200,c3feb7e2-8675-4f7f-be40-2d97c558df74,2026-07-10T03:30:00Z,2026-07-10T05:30:00+0200,107.5,EUR/MWh,NL,NL,imbalance_price,Long,2026-08-06T05:38:50Z
2026-08-06T05:35:55Z,2026-08-06T07:35:55+0200,c3feb7e2-8675-4f7f-be40-2d97c558df74,2026-07-10T03:30:00Z,2026-07-10T05:30:00+0200,156.0,EUR/MWh,NL,NL,imbalance_price,Short,2026-08-06T05:38:50Z
2026-08-06T05:35:55Z,2026-08-06T07:35:55+0200,c3feb7e2-8675-4f7f-be40-2d97c558df74,2026-07-10T03:45:00Z,2026-07-10T05:45:00+0200,105.5,EUR/MWh,NL,NL,imbalance_price,Long,2026-08-06T05:38:50Z
2026-08-06T05:35:55Z,2026-08-06T07:35:55+0200,c3feb7e2-8675-4f7f-be40-2d97c558df74,2026-07-10T03:45:00Z,2026-07-10T05:45:00+0200,123.63,EUR/MWh,NL,NL,imbalance_price,Short,2026-08-06T05:38:50Z
2026-08-06T05:35:55Z,2026-08-06T07:35:55+0200,c3feb7e2-8675-4f7f-be40-2d97c558df74,2026-07-10T04:00:00Z,2026-07-10T06:00:00+0200,99.98,EUR/MWh,NL,NL,imbalance_price,Long,2026-08-06T05:38:50Z
2026-08-06T05:35:55Z,2026-08-06T07:35:55+0200,c3feb7e2-8675-4f7f-be40-2d97c558df74,2026-07-10T04:00:00Z,2026-07-10T06:00:00+0200,175.0,EUR/MWh,NL,NL,imbalance_price,Short,2026-08-06T05:38:50Z
2026-08-06T05:35:55Z,2026-08-06T07:35:55+0200,c3feb7e2-8675-4f7f-be40-2d97c558df74,2026-07-10T04:15:00Z,2026-07-10T06:15:00+0200,99.32,EUR/MWh,NL,NL,imbalance_price,Long,2026-08-06T05:38:50Z
2026-08-06T05:35:55Z,2026-08-06T07:35:55+0200,c3feb7e2-8675-4f7f-be40-2d97c558df74,2026-07-10T04:15:00Z,2026-07-10T06:15:00+0200,165.0,EUR/MWh,NL,NL,imbalance_price,Short,2026-08-06T05:38:50Z
2026-08-06T05:35:55Z,2026-08-06T07:35:55+0200,c3feb7e2-8675-4f7f-be40-2d97c558df74,2026-07-10T04:30:00Z,2026-07-10T06:30:00+0200,150.0,EUR/MWh,NL,NL,imbalance_price,Long,2026-08-06T05:38:50Z
2026-08-06T05:35:55Z,2026-08-06T07:35:55+0200,c3feb7e2-8675-4f7f-be40-2d97c558df74,2026-07-10T04:30:00Z,2026-07-10T06:30:00+0200,150.0,EUR/MWh,NL,NL,imbalance_price,Short,2026-08-06T05:38:50Z
2026-08-06T05:35:55Z,2026-08-06T07:35:55+0200,c3feb7e2-8675-4f7f-be40-2d97c558df74,2026-07-10T04:45:00Z,2026-07-10T06:45:00+0200,155.91,EUR/MWh,NL,NL,imbalance_price,Long,2026-08-06T05:38:50Z
2026-08-06T05:35:55Z,2026-08-06T07:35:55+0200,c3feb7e2-8675-4f7f-be40-2d97c558df74,2026-07-10T04:45:00Z,2026-07-10T06:45:00+0200,155.91,EUR/MWh,NL,NL,imbalance_price,Short,2026-08-06T05:38:50Z
2026-08-06T05:35:55Z,2026-08-06T07:35:55+0200,c3feb7e2-8675-4f7f-be40-2d97c558df74,2026-07-10T05:00:00Z,2026-07-10T07:00:00+0200,165.0,EUR/MWh,NL,NL,imbalance_price,Long,2026-08-06T05:38:50Z
2026-08-06T05:35:55Z,2026-08-06T07:35:55+0200,c3feb7e2-8675-4f7f-be40-2d97c558df74,2026-07-10T05:00:00Z,2026-07-10T07:00:00+0200,165.0,EUR/MWh,NL,NL,imbalance_price,Short,2026-08-06T05:38:50Z
2026-08-06T05:35:55Z,2026-08-06T07:35:55+0200,c3feb7e2-8675-4f7f-be40-2d97c558df74,2026-07-10T05:15:00Z,2026-07-10T07:15:00+0200,115.5,EUR/MWh,NL,NL,imbalance_price,Long,2026-08-06T05:38:50Z
2026-08-06T05:35:55Z,2026-08-06T07:35:55+0200,c3feb7e2-8675-4f7f-be40-2d97c558df74,2026-07-10T05:15:00Z,2026-07-10T07:15:00+0200,165.0,EUR/MWh,NL,NL,imbalance_price,Short,2026-08-06T05:38:50Z
2026-08-06T05:35:55Z,2026-08-06T07:35:55+0200,c3feb7e2-8675-4f7f-be40-2d97c558df74,2026-07-10T05:30:00Z,2026-07-10T07:30:00+0200,107.5,EUR/MWh,NL,NL,imbalance_price,Long,2026-08-06T05:38:50Z
2026-08-06T05:35:55Z,2026-08-06T07:35:55+0200,c3feb7e2-8675-4f7f-be40-2d97c558df74,2026-07-10T05:30:00Z,2026-07-10T07:30:00+0200,165.0,EUR/MWh,NL,NL,imbalance_price,Short,2026-08-06T05:38:50Z
2026-08-06T05:35:55Z,2026-08-06T07:35:55+0200,c3feb7e2-8675-4f7f-be40-2d97c558df74,2026-07-10T05:45:00Z,2026-07-10T07:45:00+0200,119.25,EUR/MWh,NL,NL,imbalance_price,Long,2026-08-06T05:38:50Z
2026-08-06T05:35:55Z,2026-08-06T07:35:55+0200,c3feb7e2-8675-4f7f-be40-2d97c558df74,2026-07-10T05:45:00Z,2026-07-10T07:45:00+0200,119.25,EUR/MWh,NL,NL,imbalance_price,Short,2026-08-06T05:38:50Z
2026-08-06T05:35:55Z,2026-08-06T07:35:55+0200,c3feb7e2-8675-4f7f-be40-2d97c558df74,2026-07-10T06:00:00Z,2026-07-10T08:00:00+0200,153.63,EUR/MWh,NL,NL,imbalance_price,Long,2026-08-06T05:38:50Z
2026-08-06T05:35:55Z,2026-08-06T07:35:55+0200,c3feb7e2-8675-4f7f-be40-2d97c558df74,2026-07-10T06:00:00Z,2026-07-10T08:00:00+0200,153.63,EUR/MWh,NL,NL,imbalance_price,Short,2026-08-06T05:38:50Z
2026-08-06T05:35:55Z,2026-08-06T07:35:55+0200,c3feb7e2-8675-4f7f-be40-2d97c558df74,2026-07-10T06:15:00Z,2026-07-10T08:15:00+0200,162.0,EUR/MWh,NL,NL,imbalance_price,Long,2026-08-06T05:38:50Z
2026-08-06T05:35:55Z,2026-08-06T07:35:55+0200,c3feb7e2-8675-4f7f-be40-2d97c558df74,2026-07-10T06:15:00Z,2026-07-10T08:15:00+0200,162.0,EUR/MWh,NL,NL,imbalance_price,Short,2026-08-06T05:38:50Z
2026-08-06T05:35:55Z,2026-08-06T07:35:55+0200,c3feb7e2-8675-4f7f-be40-2d97c558df74,2026-07-10T06:30:00Z,2026-07-10T08:30:00+0200,103.0,EUR/MWh,NL,NL,imbalance_price,Long,2026-08-06T05:38:50Z
2026-08-06T05:35:55Z,2026-08-06T07:35:55+0200,c3feb7e2-8675-4f7f-be40-2d97c558df74,2026-07-10T06:30:00Z,2026-07-10T08:30:00+0200,162.0,EUR/MWh,NL,NL,imbalance_price,Short,2026-08-06T05:38:50Z
2026-08-06T05:35:55Z,2026-08-06T07:35:55+0200,c3feb7e2-8675-4f7f-be40-2d97c558df74,2026-07-10T06:45:00Z,2026-07-10T08:45:00+0200,99.5,EUR/MWh,NL,NL,imbalance_price,Long,2026-08-06T05:38:50Z
2026-08-06T05:35:55Z,2026-08-06T07:35:55+0200,c3feb7e2-8675-4f7f-be40-2d97c558df74,2026-07-10T06:45:00Z,2026-07-10T08:45:00+0200,162.0,EUR/MWh,NL,NL,imbalance_price,Short,2026-08-06T05:38:50Z
2026-08-06T05:35:55Z,2026-08-06T07:35:55+0200,c3feb7e2-8675-4f7f-be40-2d97c558df74,2026-07-10T07:00:00Z,2026-07-10T09:00:00+0200,99.5,EUR/MWh,NL,NL,imbalance_price,Long,2026-08-06T05:38:50Z
2026-08-06T05:35:55Z,2026-08-06T07:35:55+0200,c3feb7e2-8675-4f7f-be40-2d97c558df74,2026-07-10T07:00:00Z,2026-07-10T09:00:00+0200,162.0,EUR/MWh,NL,NL,imbalance_price,Short,2026-08-06T05:38:50Z
2026-08-06T05:35:55Z,2026-08-06T07:35:55+0200,c3feb7e2-8675-4f7f-be40-2d97c558df74,2026-07-10T07:15:00Z,2026-07-10T09:15:00+0200,75.87,EUR/MWh,NL,NL,imbalance_price,Long,2026-08-06T05:38:50Z
2026-08-06T05:35:55Z,2026-08-06T07:35:55+0200,c3feb7e2-8675-4f7f-be40-2d97c558df74,2026-07-10T07:15:00Z,2026-07-10T09:15:00+0200,120.32,EUR/MWh,NL,NL,imbalance_price,Short,2026-08-06T05:38:50Z
2026-08-06T05:35:55Z,2026-08-06T07:35:55+0200,c3feb7e2-8675-4f7f-be40-2d97c558df74,2026-07-10T07:30:00Z,2026-07-10T09:30:00+0200,94.0,EUR/MWh,NL,NL,imbalance_price,Long,2026-08-06T05:38:50Z
2026-08-06T05:35:55Z,2026-08-06T07:35:55+0200,c3feb7e2-8675-4f7f-be40-2d97c558df74,2026-07-10T07:30:00Z,2026-07-10T09:30:00+0200,150.0,EUR/MWh,NL,NL,imbalance_price,Short,2026-08-06T05:38:50Z
2026-08-06T05:35:55Z,2026-08-06T07:35:55+0200,c3feb7e2-8675-4f7f-be40-2d97c558df74,2026-07-10T07:45:00Z,2026-07-10T09:45:00+0200,75.27,EUR/MWh,NL,NL,imbalance_price,Long,2026-08-06T05:38:50Z
2026-08-06T05:35:55Z,2026-08-06T07:35:55+0200,c3feb7e2-8675-4f7f-be40-2d97c558df74,2026-07-10T07:45:00Z,2026-07-10T09:45:00+0200,110.32,EUR/MWh,NL,NL,imbalance_price,Short,2026-08-06T05:38:50Z
2026-08-06T05:35:55Z,2026-08-06T07:35:55+0200,c3feb7e2-8675-4f7f-be40-2d97c558df74,2026-07-10T08:00:00Z,2026-07-10T10:00:00+0200,11.13,EUR/MWh,NL,NL,imbalance_price,Long,2026-08-06T05:38:50Z
2026-08-06T05:35:55Z,2026-08-06T07:35:55+0200,c3feb7e2-8675-4f7f-be40-2d97c558df74,2026-07-10T08:00:00Z,2026-07-10T10:00:00+0200,11.13,EUR/MWh,NL,NL,imbalance_price,Short,2026-08-06T05:38:50Z
2026-08-06T05:35:55Z,2026-08-06T07:35:55+0200,c3feb7e2-8675-4f7f-be40-2d97c558df74,2026-07-10T08:15:00Z,2026-07-10T10:15:00+0200,-18.0,EUR/MWh,NL,NL,imbalance_price,Long,2026-08-06T05:38:50Z
2026-08-06T05:35:55Z,2026-08-06T07:35:55+0200,c3feb7e2-8675-4f7f-be40-2d97c558df74,2026-07-10T08:15:00Z,2026-07-10T10:15:00+0200,159.0,EUR/MWh,NL,NL,imbalance_price,Short,2026-08-06T05:38:50Z
2026-08-06T05:35:55Z,2026-08-06T07:35:55+0200,c3feb7e2-8675-4f7f-be40-2d97c558df74,2026-07-10T08:30:00Z,2026-07-10T10:30:00+0200,11.23,EUR/MWh,NL,NL,imbalance_price,Long,2026-08-06T05:38:50Z
2026-08-06T05:35:55Z,2026-08-06T07:35:55+0200,c3feb7e2-8675-4f7f-be40-2d97c558df74,2026-07-10T08:30:00Z,2026-07-10T10:30:00+0200,116.28,EUR/MWh,NL,NL,imbalance_price,Short,2026-08-06T05:38:50Z
2026-08-06T05:35:55Z,2026-08-06T07:35:55+0200,c3feb7e2-8675-4f7f-be40-2d97c558df74,2026-07-10T08:45:00Z,2026-07-10T10:45:00+0200,56.99,EUR/MWh,NL,NL,imbalance_price,Long,2026-08-06T05:38:50Z
2026-08-06T05:35:55Z,2026-08-06T07:35:55+0200,c3feb7e2-8675-4f7f-be40-2d97c558df74,2026-07-10T08:45:00Z,2026-07-10T10:45:00+0200,103.71,EUR/MWh,NL,NL,imbalance_price,Short,2026-08-06T05:38:50Z
2026-08-06T05:35:55Z,2026-08-06T07:35:55+0200,c3feb7e2-8675-4f7f-be40-2d97c558df74,2026-07-10T09:00:00Z,2026-07-10T11:00:00+0200,11.13,EUR/MWh,NL,NL,imbalance_price,Long,2026-08-06T05:38:50Z
2026-08-06T05:35:55Z,2026-08-06T07:35:55+0200,c3feb7e2-8675-4f7f-be40-2d97c558df74,2026-07-10T09:00:00Z,2026-07-10T11:00:00+0200,11.13,EUR/MWh,NL,NL,imbalance_price,Short,2026-08-06T05:38:50Z
2026-08-06T05:35:55Z,2026-08-06T07:35:55+0200,c3feb7e2-8675-4f7f-be40-2d97c558df74,2026-07-10T09:15:00Z,2026-07-10T11:15:00+0200,10.0,EUR/MWh,NL,NL,imbalance_price,Long,2026-08-06T05:38:50Z
2026-08-06T05:35:55Z,2026-08-06T07:35:55+0200,c3feb7e2-8675-4f7f-be40-2d97c558df74,2026-07-10T09:15:00Z,2026-07-10T11:15:00+0200,10.0,EUR/MWh,NL,NL,imbalance_price,Short,2026-08-06T05:38:50Z
2026-08-06T05:35:55Z,2026-08-06T07:35:55+0200,c3feb7e2-8675-4f7f-be40-2d97c558df74,2026-07-10T09:30:00Z,2026-07-10T11:30:00+0200,11.13,EUR/MWh,NL,NL,imbalance_price,Long,2026-08-06T05:38:50Z
2026-08-06T05:35:55Z,2026-08-06T07:35:55+0200,c3feb7e2-8675-4f7f-be40-2d97c558df74,2026-07-10T09:30:00Z,2026-07-10T11:30:00+0200,103.88,EUR/MWh,NL,NL,imbalance_price,Short,2026-08-06T05:38:50Z
2026-08-06T05:35:55Z,2026-08-06T07:35:55+0200,c3feb7e2-8675-4f7f-be40-2d97c558df74,2026-07-10T09:45:00Z,2026-07-10T11:45:00+0200,87.75,EUR/MWh,NL,NL,imbalance_price,Long,2026-08-06T05:38:50Z
2026-08-06T05:35:55Z,2026-08-06T07:35:55+0200,c3feb7e2-8675-4f7f-be40-2d97c558df74,2026-07-10T09:45:00Z,2026-07-10T11:45:00+0200,103.31,EUR/MWh,NL,NL,imbalance_price,Short,2026-08-06T05:38:50Z
2026-08-06T05:35:55Z,2026-08-06T07:35:55+0200,c3feb7e2-8675-4f7f-be40-2d97c558df74,2026-07-10T10:00:00Z,2026-07-10T12:00:00+0200,114.0,EUR/MWh,NL,NL,imbalance_price,Long,2026-08-06T05:38:50Z
2026-08-06T05:35:55Z,2026-08-06T07:35:55+0200,c3feb7e2-8675-4f7f-be40-2d97c558df74,2026-07-10T10:00:00Z,2026-07-10T12:00:00+0200,114.0,EUR/MWh,NL,NL,imbalance_price,Short,2026-08-06T05:38:50Z
2026-08-06T05:35:55Z,2026-08-06T07:35:55+0200,c3feb7e2-8675-4f7f-be40-2d97c558df74,2026-07-10T10:15:00Z,2026-07-10T12:15:00+0200,11.13,EUR/MWh,NL,NL,imbalance_price,Long,2026-08-06T05:38:50Z
2026-08-06T05:35:55Z,2026-08-06T07:35:55+0200,c3feb7e2-8675-4f7f-be40-2d97c558df74,2026-07-10T10:15:00Z,2026-07-10T12:15:00+0200,102.5,EUR/MWh,NL,NL,imbalance_price,Short,2026-08-06T05:38:50Z
2026-08-06T05:35:55Z,2026-08-06T07:35:55+0200,c3feb7e2-8675-4f7f-be40-2d97c558df74,2026-07-10T10:30:00Z,2026-07-10T12:30:00+0200,11.13,EUR/MWh,NL,NL,imbalance_price,Long,2026-08-06T05:38:50Z
2026-08-06T05:35:55Z,2026-08-06T07:35:55+0200,c3feb7e2-8675-4f7f-be40-2d97c558df74,2026-07-10T10:30:00Z,2026-07-10T12:30:00+0200,11.13,EUR/MWh,NL,NL,imbalance_price,Short,2026-08-06T05:38:50Z
2026-08-06T05:35:55Z,2026-08-06T07:35:55+0200,c3feb7e2-8675-4f7f-be40-2d97c558df74,2026-07-10T10:45:00Z,2026-07-10T12:45:00+0200,10.0,EUR/MWh,NL,NL,imbalance_price,Long,2026-08-06T05:38:50Z
2026-08-06T05:35:55Z,2026-08-06T07:35:55+0200,c3feb7e2-8675-4f7f-be40-2d97c558df74,2026-07-10T10:45:00Z,2026-07-10T12:45:00+0200,96.78,EUR/MWh,NL,NL,imbalance_price,Short,2026-08-06T05:38:50Z
2026-08-06T05:35:55Z,2026-08-06T07:35:55+0200,c3feb7e2-8675-4f7f-be40-2d97c558df74,2026-07-10T11:00:00Z,2026-07-10T13:00:00+0200,11.13,EUR/MWh,NL,NL,imbalance_price,Long,2026-08-06T05:38:50Z
2026-08-06T05:35:55Z,2026-08-06T07:35:55+0200,c3feb7e2-8675-4f7f-be40-2d97c558df74,2026-07-10T11:00:00Z,2026-07-10T13:00:00+0200,11.13,EUR/MWh,NL,NL,imbalance_price,Short,2026-08-06T05:38:50Z
2026-08-06T05:35:55Z,2026-08-06T07:35:55+0200,c3feb7e2-8675-4f7f-be40-2d97c558df74,2026-07-10T11:15:00Z,2026-07-10T13:15:00+0200,-4.0,EUR/MWh,NL,NL,imbalance_price,Long,2026-08-06T05:38:50Z
2026-08-06T05:35:55Z,2026-08-06T07:35:55+0200,c3feb7e2-8675-4f7f-be40-2d97c558df74,2026-07-10T11:15:00Z,2026-07-10T13:15:00+0200,-4.0,EUR/MWh,NL,NL,imbalance_price,Short,2026-08-06T05:38:50Z
2026-08-06T05:35:55Z,2026-08-06T07:35:55+0200,c3feb7e2-8675-4f7f-be40-2d97c558df74,2026-07-10T11:30:00Z,2026-07-10T13:30:00+0200,11.13,EUR/MWh,NL,NL,imbalance_price,Long,2026-08-06T05:38:50Z
2026-08-06T05:35:55Z,2026-08-06T07:35:55+0200,c3feb7e2-8675-4f7f-be40-2d97c558df74,2026-07-10T11:30:00Z,2026-07-10T13:30:00+0200,11.13,EUR/MWh,NL,NL,imbalance_price,Short,2026-08-06T05:38:50Z
2026-08-06T05:35:55Z,2026-08-06T07:35:55+0200,c3feb7e2-8675-4f7f-be40-2d97c558df74,2026-07-10T11:45:00Z,2026-07-10T13:45:00+0200,-4.0,EUR/MWh,NL,NL,imbalance_price,Long,2026-08-06T05:38:50Z
2026-08-06T05:35:55Z,2026-08-06T07:35:55+0200,c3feb7e2-8675-4f7f-be40-2d97c558df74,2026-07-10T11:45:00Z,2026-07-10T13:45:00+0200,-4.0,EUR/MWh,NL,NL,imbalance_price,Short,2026-08-06T05:38:50Z
2026-08-06T05:35:55Z,2026-08-06T07:35:55+0200,c3feb7e2-8675-4f7f-be40-2d97c558df74,2026-07-10T12:00:00Z,2026-07-10T14:00:00+0200,-1.5,EUR/MWh,NL,NL,imbalance_price,Long,2026-08-06T05:38:50Z
2026-08-06T05:35:55Z,2026-08-06T07:35:55+0200,c3feb7e2-8675-4f7f-be40-2d97c558df74,2026-07-10T12:00:00Z,2026-07-10T14:00:00+0200,-1.5,EUR/MWh,NL,NL,imbalance_price,Short,2026-08-06T05:38:50Z
2026-08-06T05:35:55Z,2026-08-06T07:35:55+0200,c3feb7e2-8675-4f7f-be40-2d97c558df74,2026-07-10T12:15:00Z,2026-07-10T14:15:00+0200,-1.5,EUR/MWh,NL,NL,imbalance_price,Long,2026-08-06T05:38:50Z
2026-08-06T05:35:55Z,2026-08-06T07:35:55+0200,c3feb7e2-8675-4f7f-be40-2d97c558df74,2026-07-10T12:15:00Z,2026-07-10T14:15:00+0200,-1.5,EUR/MWh,NL,NL,imbalance_price,Short,2026-08-06T05:38:50Z
2026-08-06T05:35:55Z,2026-08-06T07:35:55+0200,c3feb7e2-8675-4f7f-be40-2d97c558df74,2026-07-10T12:30:00Z,2026-07-10T14:30:00+0200,-1.5,EUR/MWh,NL,NL,imbalance_price,Long,2026-08-06T05:38:50Z
2026-08-06T05:35:55Z,2026-08-06T07:35:55+0200,c3feb7e2-8675-4f7f-be40-2d97c558df74,2026-07-10T12:30:00Z,2026-07-10T14:30:00+0200,-1.5,EUR/MWh,NL,NL,imbalance_price,Short,2026-08-06T05:38:50Z
2026-08-06T05:35:55Z,2026-08-06T07:35:55+0200,c3feb7e2-8675-4f7f-be40-2d97c558df74,2026-07-10T12:45:00Z,2026-07-10T14:45:00+0200,97.5,EUR/MWh,NL,NL,imbalance_price,Long,2026-08-06T05:38:50Z
2026-08-06T05:35:55Z,2026-08-06T07:35:55+0200,c3feb7e2-8675-4f7f-be40-2d97c558df74,2026-07-10T12:45:00Z,2026-07-10T14:45:00+0200,97.5,EUR/MWh,NL,NL,imbalance_price,Short,2026-08-06T05:38:50Z
2026-08-06T05:35:55Z,2026-08-06T07:35:55+0200,c3feb7e2-8675-4f7f-be40-2d97c558df74,2026-07-10T13:00:00Z,2026-07-10T15:00:00+0200,67.36,EUR/MWh,NL,NL,imbalance_price,Long,2026-08-06T05:38:50Z
2026-08-06T05:35:55Z,2026-08-06T07:35:55+0200,c3feb7e2-8675-4f7f-be40-2d97c558df74,2026-07-10T13:00:00Z,2026-07-10T15:00:00+0200,67.36,EUR/MWh,NL,NL,imbalance_price,Short,2026-08-06T05:38:50Z
2026-08-06T05:35:55Z,2026-08-06T07:35:55+0200,c3feb7e2-8675-4f7f-be40-2d97c558df74,2026-07-10T13:15:00Z,2026-07-10T15:15:00+0200,58.83,EUR/MWh,NL,NL,imbalance_price,Long,2026-08-06T05:38:50Z
2026-08-06T05:35:55Z,2026-08-06T07:35:55+0200,c3feb7e2-8675-4f7f-be40-2d97c558df74,2026-07-10T13:15:00Z,2026-07-10T15:15:00+0200,90.16,EUR/MWh,NL,NL,imbalance_price,Short,2026-08-06T05:38:50Z
2026-08-06T05:35:55Z,2026-08-06T07:35:55+0200,c3feb7e2-8675-4f7f-be40-2d97c558df74,2026-07-10T13:30:00Z,2026-07-10T15:30:00+0200,87.75,EUR/MWh,NL,NL,imbalance_price,Long,2026-08-06T05:38:50Z
2026-08-06T05:35:55Z,2026-08-06T07:35:55+0200,c3feb7e2-8675-4f7f-be40-2d97c558df74,2026-07-10T13:30:00Z,2026-07-10T15:30:00+0200,114.67,EUR/MWh,NL,NL,imbalance_price,Short,2026-08-06T05:38:50Z
2026-08-06T05:35:55Z,2026-08-06T07:35:55+0200,c3feb7e2-8675-4f7f-be40-2d97c558df74,2026-07-10T13:45:00Z,2026-07-10T15:45:00+0200,114.67,EUR/MWh,NL,NL,imbalance_price,Long,2026-08-06T05:38:50Z
2026-08-06T05:35:55Z,2026-08-06T07:35:55+0200,c3feb7e2-8675-4f7f-be40-2d97c558df74,2026-07-10T13:45:00Z,2026-07-10T15:45:00+0200,114.67,EUR/MWh,NL,NL,imbalance_price,Short,2026-08-06T05:38:50Z
2026-08-06T05:35:55Z,2026-08-06T07:35:55+0200,c3feb7e2-8675-4f7f-be40-2d97c558df74,2026-07-10T14:00:00Z,2026-07-10T16:00:00+0200,93.56,EUR/MWh,NL,NL,imbalance_price,Long,2026-08-06T05:38:50Z
2026-08-06T05:35:55Z,2026-08-06T07:35:55+0200,c3feb7e2-8675-4f7f-be40-2d97c558df74,2026-07-10T14:00:00Z,2026-07-10T16:00:00+0200,110.32,EUR/MWh,NL,NL,imbalance_price,Short,2026-08-06T05:38:50Z
2026-08-06T05:35:55Z,2026-08-06T07:35:55+0200,c3feb7e2-8675-4f7f-be40-2d97c558df74,2026-07-10T14:15:00Z,2026-07-10T16:15:00+0200,146.0,EUR/MWh,NL,NL,imbalance_price,Long,2026-08-06T05:38:50Z
2026-08-06T05:35:55Z,2026-08-06T07:35:55+0200,c3feb7e2-8675-4f7f-be40-2d97c558df74,2026-07-10T14:15:00Z,2026-07-10T16:15:00+0200,146.0,EUR/MWh,NL,NL,imbalance_price,Short,2026-08-06T05:38:50Z
2026-08-06T05:35:55Z,2026-08-06T07:35:55+0200,c3feb7e2-8675-4f7f-be40-2d97c558df74,2026-07-10T14:30:00Z,2026-07-10T16:30:00+0200,159.0,EUR/MWh,NL,NL,imbalance_price,Long,2026-08-06T05:38:50Z
2026-08-06T05:35:55Z,2026-08-06T07:35:55+0200,c3feb7e2-8675-4f7f-be40-2d97c558df74,2026-07-10T14:30:00Z,2026-07-10T16:30:00+0200,159.0,EUR/MWh,NL,NL,imbalance_price,Short,2026-08-06T05:38:50Z
2026-08-06T05:35:55Z,2026-08-06T07:35:55+0200,c3feb7e2-8675-4f7f-be40-2d97c558df74,2026-07-10T14:45:00Z,2026-07-10T16:45:00+0200,141.98,EUR/MWh,NL,NL,imbalance_price,Long,2026-08-06T05:38:50Z
2026-08-06T05:35:55Z,2026-08-06T07:35:55+0200,c3feb7e2-8675-4f7f-be40-2d97c558df74,2026-07-10T14:45:00Z,2026-07-10T16:45:00+0200,141.98,EUR/MWh,NL,NL,imbalance_price,Short,2026-08-06T05:38:50Z
2026-08-06T05:35:55Z,2026-08-06T07:35:55+0200,c3feb7e2-8675-4f7f-be40-2d97c558df74,2026-07-10T15:00:00Z,2026-07-10T17:00:00+0200,105.12,EUR/MWh,NL,NL,imbalance_price,Long,2026-08-06T05:38:50Z
2026-08-06T05:35:55Z,2026-08-06T07:35:55+0200,c3feb7e2-8675-4f7f-be40-2d97c558df74,2026-07-10T15:00:00Z,2026-07-10T17:00:00+0200,114.0,EUR/MWh,NL,NL,imbalance_price,Short,2026-08-06T05:38:50Z
2026-08-06T05:35:55Z,2026-08-06T07:35:55+0200,c3feb7e2-8675-4f7f-be40-2d97c558df74,2026-07-10T15:15:00Z,2026-07-10T17:15:00+0200,159.0,EUR/MWh,NL,NL,imbalance_price,Long,2026-08-06T05:38:50Z
2026-08-06T05:35:55Z,2026-08-06T07:35:55+0200,c3feb7e2-8675-4f7f-be40-2d97c558df74,2026-07-10T15:15:00Z,2026-07-10T17:15:00+0200,159.0,EUR/MWh,NL,NL,imbalance_price,Short,2026-08-06T05:38:50Z
2026-08-06T05:35:55Z,2026-08-06T07:35:55+0200,c3feb7e2-8675-4f7f-be40-2d97c558df74,2026-07-10T15:30:00Z,2026-07-10T17:30:00+0200,200.0,EUR/MWh,NL,NL,imbalance_price,Long,2026-08-06T05:38:50Z
2026-08-06T05:35:55Z,2026-08-06T07:35:55+0200,c3feb7e2-8675-4f7f-be40-2d97c558df74,2026-07-10T15:30:00Z,2026-07-10T17:30:00+0200,200.0,EUR/MWh,NL,NL,imbalance_price,Short,2026-08-06T05:38:50Z
2026-08-06T05:35:55Z,2026-08-06T07:35:55+0200,c3feb7e2-8675-4f7f-be40-2d97c558df74,2026-07-10T15:45:00Z,2026-07-10T17:45:00+0200,197.73,EUR/MWh,NL,NL,imbalance_price,Long,2026-08-06T05:38:50Z
2026-08-06T05:35:55Z,2026-08-06T07:35:55+0200,c3feb7e2-8675-4f7f-be40-2d97c558df74,2026-07-10T15:45:00Z,2026-07-10T17:45:00+0200,197.73,EUR/MWh,NL,NL,imbalance_price,Short,2026-08-06T05:38:50Z
2026-08-06T05:35:55Z,2026-08-06T07:35:55+0200,c3feb7e2-8675-4f7f-be40-2d97c558df74,2026-07-10T16:00:00Z,2026-07-10T18:00:00+0200,84.78,EUR/MWh,NL,NL,imbalance_price,Long,2026-08-06T05:38:50Z
2026-08-06T05:35:55Z,2026-08-06T07:35:55+0200,c3feb7e2-8675-4f7f-be40-2d97c558df74,2026-07-10T16:00:00Z,2026-07-10T18:00:00+0200,145.0,EUR/MWh,NL,NL,imbalance_price,Short,2026-08-06T05:38:50Z
2026-08-06T05:35:55Z,2026-08-06T07:35:55+0200,c3feb7e2-8675-4f7f-be40-2d97c558df74,2026-07-10T16:15:00Z,2026-07-10T18:15:00+0200,45.3,EUR/MWh,NL,NL,imbalance_price,Long,2026-08-06T05:38:50Z
2026-08-06T05:35:55Z,2026-08-06T07:35:55+0200,c3feb7e2-8675-4f7f-be40-2d97c558df74,2026-07-10T16:15:00Z,2026-07-10T18:15:00+0200,148.0,EUR/MWh,NL,NL,imbalance_price,Short,2026-08-06T05:38:50Z
2026-08-06T05:35:55Z,2026-08-06T07:35:55+0200,c3feb7e2-8675-4f7f-be40-2d97c558df74,2026-07-10T16:30:00Z,2026-07-10T18:30:00+0200,169.06,EUR/MWh,NL,NL,imbalance_price,Long,2026-08-06T05:38:50Z
2026-08-06T05:35:55Z,2026-08-06T07:35:55+0200,c3feb7e2-8675-4f7f-be40-2d97c558df74,2026-07-10T16:30:00Z,2026-07-10T18:30:00+0200,169.06,EUR/MWh,NL,NL,imbalance_price,Short,2026-08-06T05:38:50Z
2026-08-06T05:35:55Z,2026-08-06T07:35:55+0200,c3feb7e2-8675-4f7f-be40-2d97c558df74,2026-07-10T16:45:00Z,2026-07-10T18:45:00+0200,105.44,EUR/MWh,NL,NL,imbalance_price,Long,2026-08-06T05:38:50Z
2026-08-06T05:35:55Z,2026-08-06T07:35:55+0200,c3feb7e2-8675-4f7f-be40-2d97c558df74,2026-07-10T16:45:00Z,2026-07-10T18:45:00+0200,166.0,EUR/MWh,NL,NL,imbalance_price,Short,2026-08-06T05:38:50Z
2026-08-06T05:35:55Z,2026-08-06T07:35:55+0200,c3feb7e2-8675-4f7f-be40-2d97c558df74,2026-07-10T17:00:00Z,2026-07-10T19:00:00+0200,70.02,EUR/MWh,NL,NL,imbalance_price,Long,2026-08-06T05:38:50Z
2026-08-06T05:35:55Z,2026-08-06T07:35:55+0200,c3feb7e2-8675-4f7f-be40-2d97c558df74,2026-07-10T17:00:00Z,2026-07-10T19:00:00+0200,126.75,EUR/MWh,NL,NL,imbalance_price,Short,2026-08-06T05:38:50Z
2026-08-06T05:35:55Z,2026-08-06T07:35:55+0200,c3feb7e2-8675-4f7f-be40-2d97c558df74,2026-07-10T17:15:00Z,2026-07-10T19:15:00+0200,105.45,EUR/MWh,NL,NL,imbalance_price,Long,2026-08-06T05:38:50Z
2026-08-06T05:35:55Z,2026-08-06T07:35:55+0200,c3feb7e2-8675-4f7f-be40-2d97c558df74,2026-07-10T17:15:00Z,2026-07-10T19:15:00+0200,127.42,EUR/MWh,NL,NL,imbalance_price,Short,2026-08-06T05:38:50Z
2026-08-06T05:35:55Z,2026-08-06T07:35:55+0200,c3feb7e2-8675-4f7f-be40-2d97c558df74,2026-07-10T17:30:00Z,2026-07-10T19:30:00+0200,127.46,EUR/MWh,NL,NL,imbalance_price,Long,2026-08-06T05:38:50Z
2026-08-06T05:35:55Z,2026-08-06T07:35:55+0200,c3feb7e2-8675-4f7f-be40-2d97c558df74,2026-07-10T17:30:00Z,2026-07-10T19:30:00+0200,127.46,EUR/MWh,NL,NL,imbalance_price,Short,2026-08-06T05:38:50Z
2026-08-06T05:35:55Z,2026-08-06T07:35:55+0200,c3feb7e2-8675-4f7f-be40-2d97c558df74,2026-07-10T17:45:00Z,2026-07-10T19:45:00+0200,95.0,EUR/MWh,NL,NL,imbalance_price,Long,2026-08-06T05:38:50Z
2026-08-06T05:35:55Z,2026-08-06T07:35:55+0200,c3feb7e2-8675-4f7f-be40-2d97c558df74,2026-07-10T17:45:00Z,2026-07-10T19:45:00+0200,126.46,EUR/MWh,NL,NL,imbalance_price,Short,2026-08-06T05:38:50Z
2026-08-06T05:35:55Z,2026-08-06T07:35:55+0200,c3feb7e2-8675-4f7f-be40-2d97c558df74,2026-07-10T18:00:00Z,2026-07-10T20:00:00+0200,101.53,EUR/MWh,NL,NL,imbalance_price,Long,2026-08-06T05:38:50Z
2026-08-06T05:35:55Z,2026-08-06T07:35:55+0200,c3feb7e2-8675-4f7f-be40-2d97c558df74,2026-07-10T18:00:00Z,2026-07-10T20:00:00+0200,152.0,EUR/MWh,NL,NL,imbalance_price,Short,2026-08-06T05:38:50Z
2026-08-06T05:35:55Z,2026-08-06T07:35:55+0200,c3feb7e2-8675-4f7f-be40-2d97c558df74,2026-07-10T18:15:00Z,2026-07-10T20:15:00+0200,137.17,EUR/MWh,NL,NL,imbalance_price,Long,2026-08-06T05:38:50Z
2026-08-06T05:35:55Z,2026-08-06T07:35:55+0200,c3feb7e2-8675-4f7f-be40-2d97c558df74,2026-07-10T18:15:00Z,2026-07-10T20:15:00+0200,165.0,EUR/MWh,NL,NL,imbalance_price,Short,2026-08-06T05:38:50Z
2026-08-06T05:35:55Z,2026-08-06T07:35:55+0200,c3feb7e2-8675-4f7f-be40-2d97c558df74,2026-07-10T18:30:00Z,2026-07-10T20:30:00+0200,136.38,EUR/MWh,NL,NL,imbalance_price,Long,2026-08-06T05:38:50Z
2026-08-06T05:35:55Z,2026-08-06T07:35:55+0200,c3feb7e2-8675-4f7f-be40-2d97c558df74,2026-07-10T18:30:00Z,2026-07-10T20:30:00+0200,145.0,EUR/MWh,NL,NL,imbalance_price,Short,2026-08-06T05:38:50Z
2026-08-06T05:35:55Z,2026-08-06T07:35:55+0200,c3feb7e2-8675-4f7f-be40-2d97c558df74,2026-07-10T18:45:00Z,2026-07-10T20:45:00+0200,159.0,EUR/MWh,NL,NL,imbalance_price,Long,2026-08-06T05:38:50Z
2026-08-06T05:35:55Z,2026-08-06T07:35:55+0200,c3feb7e2-8675-4f7f-be40-2d97c558df74,2026-07-10T18:45:00Z,2026-07-10T20:45:00+0200,159.0,EUR/MWh,NL,NL,imbalance_price,Short,2026-08-06T05:38:50Z
2026-08-06T05:35:55Z,2026-08-06T07:35:55+0200,c3feb7e2-8675-4f7f-be40-2d97c558df74,2026-07-10T19:00:00Z,2026-07-10T21:00:00+0200,133.62,EUR/MWh,NL,NL,imbalance_price,Long,2026-08-06T05:38:50Z
2026-08-06T05:35:55Z,2026-08-06T07:35:55+0200,c3feb7e2-8675-4f7f-be40-2d97c558df74,2026-07-10T19:00:00Z,2026-07-10T21:00:00+0200,152.0,EUR/MWh,NL,NL,imbalance_price,Short,2026-08-06T05:38:50Z
2026-08-06T05:35:55Z,2026-08-06T07:35:55+0200,c3feb7e2-8675-4f7f-be40-2d97c558df74,2026-07-10T19:15:00Z,2026-07-10T21:15:00+0200,132.38,EUR/MWh,NL,NL,imbalance_price,Long,2026-08-06T05:38:50Z
2026-08-06T05:35:55Z,2026-08-06T07:35:55+0200,c3feb7e2-8675-4f7f-be40-2d97c558df74,2026-07-10T19:15:00Z,2026-07-10T21:15:00+0200,145.0,EUR/MWh,NL,NL,imbalance_price,Short,2026-08-06T05:38:50Z
2026-08-06T05:35:55Z,2026-08-06T07:35:55+0200,c3feb7e2-8675-4f7f-be40-2d97c558df74,2026-07-10T19:30:00Z,2026-07-10T21:30:00+0200,112.53,EUR/MWh,NL,NL,imbalance_price,Long,2026-08-06T05:38:50Z
2026-08-06T05:35:55Z,2026-08-06T07:35:55+0200,c3feb7e2-8675-4f7f-be40-2d97c558df74,2026-07-10T19:30:00Z,2026-07-10T21:30:00+0200,131.38,EUR/MWh,NL,NL,imbalance_price,Short,2026-08-06T05:38:50Z
2026-08-06T05:35:55Z,2026-08-06T07:35:55+0200,c3feb7e2-8675-4f7f-be40-2d97c558df74,2026-07-10T19:45:00Z,2026-07-10T21:45:00+0200,130.6,EUR/MWh,NL,NL,imbalance_price,Long,2026-08-06T05:38:50Z
2026-08-06T05:35:55Z,2026-08-06T07:35:55+0200,c3feb7e2-8675-4f7f-be40-2d97c558df74,2026-07-10T19:45:00Z,2026-07-10T21:45:00+0200,152.0,EUR/MWh,NL,NL,imbalance_price,Short,2026-08-06T05:38:50Z
2026-08-06T05:35:55Z,2026-08-06T07:35:55+0200,c3feb7e2-8675-4f7f-be40-2d97c558df74,2026-07-10T20:00:00Z,2026-07-10T22:00:00+0200,165.0,EUR/MWh,NL,NL,imbalance_price,Long,2026-08-06T05:38:50Z
2026-08-06T05:35:55Z,2026-08-06T07:35:55+0200,c3feb7e2-8675-4f7f-be40-2d97c558df74,2026-07-10T20:00:00Z,2026-07-10T22:00:00+0200,165.0,EUR/MWh,NL,NL,imbalance_price,Short,2026-08-06T05:38:50Z
2026-08-06T05:35:55Z,2026-08-06T07:35:55+0200,c3feb7e2-8675-4f7f-be40-2d97c558df74,2026-07-10T20:15:00Z,2026-07-10T22:15:00+0200,128.77,EUR/MWh,NL,NL,imbalance_price,Long,2026-08-06T05:38:50Z
2026-08-06T05:35:55Z,2026-08-06T07:35:55+0200,c3feb7e2-8675-4f7f-be40-2d97c558df74,2026-07-10T20:15:00Z,2026-07-10T22:15:00+0200,152.0,EUR/MWh,NL,NL,imbalance_price,Short,2026-08-06T05:38:50Z
2026-08-06T05:35:55Z,2026-08-06T07:35:55+0200,c3feb7e2-8675-4f7f-be40-2d97c558df74,2026-07-10T20:30:00Z,2026-07-10T22:30:00+0200,122.11,EUR/MWh,NL,NL,imbalance_price,Long,2026-08-06T05:38:50Z
2026-08-06T05:35:55Z,2026-08-06T07:35:55+0200,c3feb7e2-8675-4f7f-be40-2d97c558df74,2026-07-10T20:30:00Z,2026-07-10T22:30:00+0200,152.0,EUR/MWh,NL,NL,imbalance_price,Short,2026-08-06T05:38:50Z
2026-08-06T05:35:55Z,2026-08-06T07:35:55+0200,c3feb7e2-8675-4f7f-be40-2d97c558df74,2026-07-10T20:45:00Z,2026-07-10T22:45:00+0200,125.31,EUR/MWh,NL,NL,imbalance_price,Long,2026-08-06T05:38:50Z
2026-08-06T05:35:55Z,2026-08-06T07:35:55+0200,c3feb7e2-8675-4f7f-be40-2d97c558df74,2026-07-10T20:45:00Z,2026-07-10T22:45:00+0200,155.0,EUR/MWh,NL,NL,imbalance_price,Short,2026-08-06T05:38:50Z
2026-08-06T05:35:55Z,2026-08-06T07:35:55+0200,c3feb7e2-8675-4f7f-be40-2d97c558df74,2026-07-10T21:00:00Z,2026-07-10T23:00:00+0200,126.23,EUR/MWh,NL,NL,imbalance_price,Long,2026-08-06T05:38:50Z
2026-08-06T05:35:55Z,2026-08-06T07:35:55+0200,c3feb7e2-8675-4f7f-be40-2d97c558df74,2026-07-10T21:00:00Z,2026-07-10T23:00:00+0200,155.0,EUR/MWh,NL,NL,imbalance_price,Short,2026-08-06T05:38:50Z
2026-08-06T05:35:55Z,2026-08-06T07:35:55+0200,c3feb7e2-8675-4f7f-be40-2d97c558df74,2026-07-10T21:15:00Z,2026-07-10T23:15:00+0200,113.63,EUR/MWh,NL,NL,imbalance_price,Long,2026-08-06T05:38:50Z
2026-08-06T05:35:55Z,2026-08-06T07:35:55+0200,c3feb7e2-8675-4f7f-be40-2d97c558df74,2026-07-10T21:15:00Z,2026-07-10T23:15:00+0200,156.0,EUR/MWh,NL,NL,imbalance_price,Short,2026-08-06T05:38:50Z
2026-08-06T05:35:55Z,2026-08-06T07:35:55+0200,c3feb7e2-8675-4f7f-be40-2d97c558df74,2026-07-10T21:30:00Z,2026-07-10T23:30:00+0200,124.99,EUR/MWh,NL,NL,imbalance_price,Long,2026-08-06T05:38:50Z
2026-08-06T05:35:55Z,2026-08-06T07:35:55+0200,c3feb7e2-8675-4f7f-be40-2d97c558df74,2026-07-10T21:30:00Z,2026-07-10T23:30:00+0200,156.0,EUR/MWh,NL,NL,imbalance_price,Short,2026-08-06T05:38:50Z
2026-08-06T05:35:55Z,2026-08-06T07:35:55+0200,c3feb7e2-8675-4f7f-be40-2d97c558df74,2026-07-10T21:45:00Z,2026-07-10T23:45:00+0200,124.51,EUR/MWh,NL,NL,imbalance_price,Long,2026-08-06T05:38:50Z
2026-08-06T05:35:55Z,2026-08-06T07:35:55+0200,c3feb7e2-8675-4f7f-be40-2d97c558df74,2026-07-10T21:45:00Z,2026-07-10T23:45:00+0200,166.0,EUR/MWh,NL,NL,imbalance_price,Short,2026-08-06T05:38:50Z
2026-08-06T05:35:55Z,2026-08-06T07:35:55+0200,c3feb7e2-8675-4f7f-be40-2d97c558df74,2026-07-10T22:00:00Z,2026-07-11T00:00:00+0200,125.28,EUR/MWh,NL,NL,imbalance_price,Long,2026-08-06T05:38:50Z
2026-08-06T05:35:55Z,2026-08-06T07:35:55+0200,c3feb7e2-8675-4f7f-be40-2d97c558df74,2026-07-10T22:00:00Z,2026-07-11T00:00:00+0200,156.0,EUR/MWh,NL,NL,imbalance_price,Short,2026-08-06T05:38:50Z
2026-08-06T05:35:55Z,2026-08-06T07:35:55+0200,c3feb7e2-8675-4f7f-be40-2d97c558df74,2026-07-10T22:15:00Z,2026-07-11T00:15:00+0200,121.13,EUR/MWh,NL,NL,imbalance_price,Long,2026-08-06T05:38:50Z
2026-08-06T05:35:55Z,2026-08-06T07:35:55+0200,c3feb7e2-8675-4f7f-be40-2d97c558df74,2026-07-10T22:15:00Z,2026-07-11T00:15:00+0200,150.0,EUR/MWh,NL,NL,imbalance_price,Short,2026-08-06T05:38:50Z
2026-08-06T05:35:55Z,2026-08-06T07:35:55+0200,c3feb7e2-8675-4f7f-be40-2d97c558df74,2026-07-10T22:30:00Z,2026-07-11T00:30:00+0200,113.3,EUR/MWh,NL,NL,imbalance_price,Long,2026-08-06T05:38:50Z
2026-08-06T05:35:55Z,2026-08-06T07:35:55+0200,c3feb7e2-8675-4f7f-be40-2d97c558df74,2026-07-10T22:30:00Z,2026-07-11T00:30:00+0200,113.3,EUR/MWh,NL,NL,imbalance_price,Short,2026-08-06T05:38:50Z
2026-08-06T05:35:55Z,2026-08-06T07:35:55+0200,c3feb7e2-8675-4f7f-be40-2d97c558df74,2026-07-10T22:45:00Z,2026-07-11T00:45:00+0200,106.0,EUR/MWh,NL,NL,imbalance_price,Long,2026-08-06T05:38:50Z
2026-08-06T05:35:55Z,2026-08-06T07:35:55+0200,c3feb7e2-8675-4f7f-be40-2d97c558df74,2026-07-10T22:45:00Z,2026-07-11T00:45:00+0200,106.0,EUR/MWh,NL,NL,imbalance_price,Short,2026-08-06T05:38:50Z
2026-08-06T05:35:55Z,2026-08-06T07:35:55+0200,c3feb7e2-8675-4f7f-be40-2d97c558df74,2026-07-10T23:00:00Z,2026-07-11T01:00:00+0200,108.5,EUR/MWh,NL,NL,imbalance_price,Long,2026-08-06T05:38:50Z
2026-08-06T05:35:55Z,2026-08-06T07:35:55+0200,c3feb7e2-8675-4f7f-be40-2d97c558df74,2026-07-10T23:00:00Z,2026-07-11T01:00:00+0200,150.0,EUR/MWh,NL,NL,imbalance_price,Short,2026-08-06T05:38:50Z
2026-08-06T05:35:55Z,2026-08-06T07:35:55+0200,c3feb7e2-8675-4f7f-be40-2d97c558df74,2026-07-10T23:15:00Z,2026-07-11T01:15:00+0200,97.45,EUR/MWh,NL,NL,imbalance_price,Long,2026-08-06T05:38:50Z
2026-08-06T05:35:55Z,2026-08-06T07:35:55+0200,c3feb7e2-8675-4f7f-be40-2d97c558df74,2026-07-10T23:15:00Z,2026-07-11T01:15:00+0200,123.55,EUR/MWh,NL,NL,imbalance_price,Short,2026-08-06T05:38:50Z
2026-08-06T05:35:55Z,2026-08-06T07:35:55+0200,c3feb7e2-8675-4f7f-be40-2d97c558df74,2026-07-10T23:30:00Z,2026-07-11T01:30:00+0200,97.65,EUR/MWh,NL,NL,imbalance_price,Long,2026-08-06T05:38:50Z
2026-08-06T05:35:55Z,2026-08-06T07:35:55+0200,c3feb7e2-8675-4f7f-be40-2d97c558df74,2026-07-10T23:30:00Z,2026-07-11T01:30:00+0200,97.65,EUR/MWh,NL,NL,imbalance_price,Short,2026-08-06T05:38:50Z
2026-08-06T05:35:55Z,2026-08-06T07:35:55+0200,c3feb7e2-8675-4f7f-be40-2d97c558df74,2026-07-10T23:45:00Z,2026-07-11T01:45:00+0200,113.92,EUR/MWh,NL,NL,imbalance_price,Long,2026-08-06T05:38:50Z
2026-08-06T05:35:55Z,2026-08-06T07:35:55+0200,c3feb7e2-8675-4f7f-be40-2d97c558df74,2026-07-10T23:45:00Z,2026-07-11T01:45:00+0200,113.92,EUR/MWh,NL,NL,imbalance_price,Short,2026-08-06T05:38:50Z
2026-08-06T05:35:55Z,2026-08-06T07:35:55+0200,c3feb7e2-8675-4f7f-be40-2d97c558df74,2026-07-11T00:00:00Z,2026-07-11T02:00:00+0200,122.81,EUR/MWh,NL,NL,imbalance_price,Long,2026-08-06T05:38:50Z
2026-08-06T05:35:55Z,2026-08-06T07:35:55+0200,c3feb7e2-8675-4f7f-be40-2d97c558df74,2026-07-11T00:00:00Z,2026-07-11T02:00:00+0200,160.0,EUR/MWh,NL,NL,imbalance_price,Short,2026-08-06T05:38:50Z
2026-08-06T05:35:55Z,2026-08-06T07:35:55+0200,c3feb7e2-8675-4f7f-be40-2d97c558df74,2026-07-11T00:15:00Z,2026-07-11T02:15:00+0200,165.0,EUR/MWh,NL,NL,imbalance_price,Long,2026-08-06T05:38:50Z
2026-08-06T05:35:55Z,2026-08-06T07:35:55+0200,c3feb7e2-8675-4f7f-be40-2d97c558df74,2026-07-11T00:15:00Z,2026-07-11T02:15:00+0200,165.0,EUR/MWh,NL,NL,imbalance_price,Short,2026-08-06T05:38:50Z
2026-08-06T05:35:55Z,2026-08-06T07:35:55+0200,c3feb7e2-8675-4f7f-be40-2d97c558df74,2026-07-11T00:30:00Z,2026-07-11T02:30:00+0200,165.0,EUR/MWh,NL,NL,imbalance_price,Long,2026-08-06T05:38:50Z
2026-08-06T05:35:55Z,2026-08-06T07:35:55+0200,c3feb7e2-8675-4f7f-be40-2d97c558df74,2026-07-11T00:30:00Z,2026-07-11T02:30:00+0200,165.0,EUR/MWh,NL,NL,imbalance_price,Short,2026-08-06T05:38:50Z
2026-08-06T05:35:55Z,2026-08-06T07:35:55+0200,c3feb7e2-8675-4f7f-be40-2d97c558df74,2026-07-11T00:45:00Z,2026-07-11T02:45:00+0200,165.0,EUR/MWh,NL,NL,imbalance_price,Long,2026-08-06T05:38:50Z
2026-08-06T05:35:55Z,2026-08-06T07:35:55+0200,c3feb7e2-8675-4f7f-be40-2d97c558df74,2026-07-11T00:45:00Z,2026-07-11T02:45:00+0200,165.0,EUR/MWh,NL,NL,imbalance_price,Short,2026-08-06T05:38:50Z
2026-08-06T05:35:55Z,2026-08-06T07:35:55+0200,c3feb7e2-8675-4f7f-be40-2d97c558df74,2026-07-11T01:00:00Z,2026-07-11T03:00:00+0200,175.4,EUR/MWh,NL,NL,imbalance_price,Long,2026-08-06T05:38:50Z
2026-08-06T05:35:55Z,2026-08-06T07:35:55+0200,c3feb7e2-8675-4f7f-be40-2d97c558df74,2026-07-11T01:00:00Z,2026-07-11T03:00:00+0200,175.4,EUR/MWh,NL,NL,imbalance_price,Short,2026-08-06T05:38:50Z
2026-08-06T05:35:55Z,2026-08-06T07:35:55+0200,c3feb7e2-8675-4f7f-be40-2d97c558df74,2026-07-11T01:15:00Z,2026-07-11T03:15:00+0200,165.0,EUR/MWh,NL,NL,imbalance_price,Long,2026-08-06T05:38:50Z
2026-08-06T05:35:55Z,2026-08-06T07:35:55+0200,c3feb7e2-8675-4f7f-be40-2d97c558df74,2026-07-11T01:15:00Z,2026-07-11T03:15:00+0200,165.0,EUR/MWh,NL,NL,imbalance_price,Short,2026-08-06T05:38:50Z
2026-08-06T05:35:55Z,2026-08-06T07:35:55+0200,c3feb7e2-8675-4f7f-be40-2d97c558df74,2026-07-11T01:30:00Z,2026-07-11T03:30:00+0200,165.0,EUR/MWh,NL,NL,imbalance_price,Long,2026-08-06T05:38:50Z
2026-08-06T05:35:55Z,2026-08-06T07:35:55+0200,c3feb7e2-8675-4f7f-be40-2d97c558df74,2026-07-11T01:30:00Z,2026-07-11T03:30:00+0200,165.0,EUR/MWh,NL,NL,imbalance_price,Short,2026-08-06T05:38:50Z
2026-08-06T05:35:55Z,2026-08-06T07:35:55+0200,c3feb7e2-8675-4f7f-be40-2d97c558df74,2026-07-11T01:45:00Z,2026-07-11T03:45:00+0200,118.02,EUR/MWh,NL,NL,imbalance_price,Long,2026-08-06T05:38:50Z
2026-08-06T05:35:55Z,2026-08-06T07:35:55+0200,c3feb7e2-8675-4f7f-be40-2d97c558df74,2026-07-11T01:45:00Z,2026-07-11T03:45:00+0200,165.0,EUR/MWh,NL,NL,imbalance_price,Short,2026-08-06T05:38:50Z
2026-08-06T05:35:55Z,2026-08-06T07:35:55+0200,c3feb7e2-8675-4f7f-be40-2d97c558df74,2026-07-11T02:00:00Z,2026-07-11T04:00:00+0200,150.0,EUR/MWh,NL,NL,imbalance_price,Long,2026-08-06T05:38:50Z
2026-08-06T05:35:55Z,2026-08-06T07:35:55+0200,c3feb7e2-8675-4f7f-be40-2d97c558df74,2026-07-11T02:00:00Z,2026-07-11T04:00:00+0200,150.0,EUR/MWh,NL,NL,imbalance_price,Short,2026-08-06T05:38:50Z
2026-08-06T05:35:55Z,2026-08-06T07:35:55+0200,c3feb7e2-8675-4f7f-be40-2d97c558df74,2026-07-11T02:15:00Z,2026-07-11T04:15:00+0200,165.0,EUR/MWh,NL,NL,imbalance_price,Long,2026-08-06T05:38:50Z
2026-08-06T05:35:55Z,2026-08-06T07:35:55+0200,c3feb7e2-8675-4f7f-be40-2d97c558df74,2026-07-11T02:15:00Z,2026-07-11T04:15:00+0200,165.0,EUR/MWh,NL,NL,imbalance_price,Short,2026-08-06T05:38:50Z
2026-08-06T05:35:55Z,2026-08-06T07:35:55+0200,c3feb7e2-8675-4f7f-be40-2d97c558df74,2026-07-11T02:30:00Z,2026-07-11T04:30:00+0200,165.0,EUR/MWh,NL,NL,imbalance_price,Long,2026-08-06T05:38:50Z
2026-08-06T05:35:55Z,2026-08-06T07:35:55+0200,c3feb7e2-8675-4f7f-be40-2d97c558df74,2026-07-11T02:30:00Z,2026-07-11T04:30:00+0200,165.0,EUR/MWh,NL,NL,imbalance_price,Short,2026-08-06T05:38:50Z
2026-08-06T05:35:55Z,2026-08-06T07:35:55+0200,c3feb7e2-8675-4f7f-be40-2d97c558df74,2026-07-11T02:45:00Z,2026-07-11T04:45:00+0200,150.0,EUR/MWh,NL,NL,imbalance_price,Long,2026-08-06T05:38:50Z
2026-08-06T05:35:55Z,2026-08-06T07:35:55+0200,c3feb7e2-8675-4f7f-be40-2d97c558df74,2026-07-11T02:45:00Z,2026-07-11T04:45:00+0200,150.0,EUR/MWh,NL,NL,imbalance_price,Short,2026-08-06T05:38:50Z
2026-08-06T05:35:55Z,2026-08-06T07:35:55+0200,c3feb7e2-8675-4f7f-be40-2d97c558df74,2026-07-11T03:00:00Z,2026-07-11T05:00:00+0200,150.0,EUR/MWh,NL,NL,imbalance_price,Long,2026-08-06T05:38:50Z
2026-08-06T05:35:55Z,2026-08-06T07:35:55+0200,c3feb7e2-8675-4f7f-be40-2d97c558df74,2026-07-11T03:00:00Z,2026-07-11T05:00:00+0200,150.0,EUR/MWh,NL,NL,imbalance_price,Short,2026-08-06T05:38:50Z
2026-08-06T05:35:55Z,2026-08-06T07:35:55+0200,c3feb7e2-8675-4f7f-be40-2d97c558df74,2026-07-11T03:15:00Z,2026-07-11T05:15:00+0200,118.65,EUR/MWh,NL,NL,imbalance_price,Long,2026-08-06T05:38:50Z
2026-08-06T05:35:55Z,2026-08-06T07:35:55+0200,c3feb7e2-8675-4f7f-be40-2d97c558df74,2026-07-11T03:15:00Z,2026-07-11T05:15:00+0200,165.0,EUR/MWh,NL,NL,imbalance_price,Short,2026-08-06T05:38:50Z
2026-08-06T05:35:55Z,2026-08-06T07:35:55+0200,c3feb7e2-8675-4f7f-be40-2d97c558df74,2026-07-11T03:30:00Z,2026-07-11T05:30:00+0200,117.33,EUR/MWh,NL,NL,imbalance_price,Long,2026-08-06T05:38:50Z
2026-08-06T05:35:55Z,2026-08-06T07:35:55+0200,c3feb7e2-8675-4f7f-be40-2d97c558df74,2026-07-11T03:30:00Z,2026-07-11T05:30:00+0200,159.0,EUR/MWh,NL,NL,imbalance_price,Short,2026-08-06T05:38:50Z
2026-08-06T05:35:55Z,2026-08-06T07:35:55+0200,c3feb7e2-8675-4f7f-be40-2d97c558df74,2026-07-11T03:45:00Z,2026-07-11T05:45:00+0200,162.0,EUR/MWh,NL,NL,imbalance_price,Long,2026-08-06T05:38:50Z
2026-08-06T05:35:55Z,2026-08-06T07:35:55+0200,c3feb7e2-8675-4f7f-be40-2d97c558df74,2026-07-11T03:45:00Z,2026-07-11T05:45:00+0200,162.0,EUR/MWh,NL,NL,imbalance_price,Short,2026-08-06T05:38:50Z
2026-08-06T05:35:55Z,2026-08-06T07:35:55+0200,c3feb7e2-8675-4f7f-be40-2d97c558df74,2026-07-11T04:00:00Z,2026-07-11T06:00:00+0200,166.0,EUR/MWh,NL,NL,imbalance_price,Long,2026-08-06T05:38:50Z
2026-08-06T05:35:55Z,2026-08-06T07:35:55+0200,c3feb7e2-8675-4f7f-be40-2d97c558df74,2026-07-11T04:00:00Z,2026-07-11T06:00:00+0200,166.0,EUR/MWh,NL,NL,imbalance_price,Short,2026-08-06T05:38:50Z
2026-08-06T05:35:55Z,2026-08-06T07:35:55+0200,c3feb7e2-8675-4f7f-be40-2d97c558df74,2026-07-11T04:15:00Z,2026-07-11T06:15:00+0200,166.0,EUR/MWh,NL,NL,imbalance_price,Long,2026-08-06T05:38:50Z
2026-08-06T05:35:55Z,2026-08-06T07:35:55+0200,c3feb7e2-8675-4f7f-be40-2d97c558df74,2026-07-11T04:15:00Z,2026-07-11T06:15:00+0200,166.0,EUR/MWh,NL,NL,imbalance_price,Short,2026-08-06T05:38:50Z
2026-08-06T05:35:55Z,2026-08-06T07:35:55+0200,c3feb7e2-8675-4f7f-be40-2d97c558df74,2026-07-11T04:30:00Z,2026-07-11T06:30:00+0200,114.5,EUR/MWh,NL,NL,imbalance_price,Long,2026-08-06T05:38:50Z
2026-08-06T05:35:55Z,2026-08-06T07:35:55+0200,c3feb7e2-8675-4f7f-be40-2d97c558df74,2026-07-11T04:30:00Z,2026-07-11T06:30:00+0200,156.0,EUR/MWh,NL,NL,imbalance_price,Short,2026-08-06T05:38:50Z
2026-08-06T05:35:55Z,2026-08-06T07:35:55+0200,c3feb7e2-8675-4f7f-be40-2d97c558df74,2026-07-11T04:45:00Z,2026-07-11T06:45:00+0200,105.53,EUR/MWh,NL,NL,imbalance_price,Long,2026-08-06T05:38:50Z
2026-08-06T05:35:55Z,2026-08-06T07:35:55+0200,c3feb7e2-8675-4f7f-be40-2d97c558df74,2026-07-11T04:45:00Z,2026-07-11T06:45:00+0200,148.0,EUR/MWh,NL,NL,imbalance_price,Short,2026-08-06T05:38:50Z
2026-08-06T05:35:55Z,2026-08-06T07:35:55+0200,c3feb7e2-8675-4f7f-be40-2d97c558df74,2026-07-11T05:00:00Z,2026-07-11T07:00:00+0200,111.5,EUR/MWh,NL,NL,imbalance_price,Long,2026-08-06T05:38:50Z
2026-08-06T05:35:55Z,2026-08-06T07:35:55+0200,c3feb7e2-8675-4f7f-be40-2d97c558df74,2026-07-11T05:00:00Z,2026-07-11T07:00:00+0200,148.0,EUR/MWh,NL,NL,imbalance_price,Short,2026-08-06T05:38:50Z
2026-08-06T05:35:55Z,2026-08-06T07:35:55+0200,c3feb7e2-8675-4f7f-be40-2d97c558df74,2026-07-11T05:15:00Z,2026-07-11T07:15:00+0200,94.0,EUR/MWh,NL,NL,imbalance_price,Long,2026-08-06T05:38:50Z
2026-08-06T05:35:55Z,2026-08-06T07:35:55+0200,c3feb7e2-8675-4f7f-be40-2d97c558df74,2026-07-11T05:15:00Z,2026-07-11T07:15:00+0200,116.5,EUR/MWh,NL,NL,imbalance_price,Short,2026-08-06T05:38:50Z
2026-08-06T05:35:55Z,2026-08-06T07:35:55+0200,c3feb7e2-8675-4f7f-be40-2d97c558df74,2026-07-11T05:30:00Z,2026-07-11T07:30:00+0200,97.0,EUR/MWh,NL,NL,imbalance_price,Long,2026-08-06T05:38:50Z
2026-08-06T05:35:55Z,2026-08-06T07:35:55+0200,c3feb7e2-8675-4f7f-be40-2d97c558df74,2026-07-11T05:30:00Z,2026-07-11T07:30:00+0200,97.0,EUR/MWh,NL,NL,imbalance_price,Short,2026-08-06T05:38:50Z
2026-08-06T05:35:55Z,2026-08-06T07:35:55+0200,c3feb7e2-8675-4f7f-be40-2d97c558df74,2026-07-11T05:45:00Z,2026-07-11T07:45:00+0200,89.99,EUR/MWh,NL,NL,imbalance_price,Long,2026-08-06T05:38:50Z
2026-08-06T05:35:55Z,2026-08-06T07:35:55+0200,c3feb7e2-8675-4f7f-be40-2d97c558df74,2026-07-11T05:45:00Z,2026-07-11T07:45:00+0200,89.99,EUR/MWh,NL,NL,imbalance_price,Short,2026-08-06T05:38:50Z
2026-08-06T05:35:55Z,2026-08-06T07:35:55+0200,c3feb7e2-8675-4f7f-be40-2d97c558df74,2026-07-11T06:00:00Z,2026-07-11T08:00:00+0200,104.25,EUR/MWh,NL,NL,imbalance_price,Long,2026-08-06T05:38:50Z
2026-08-06T05:35:55Z,2026-08-06T07:35:55+0200,c3feb7e2-8675-4f7f-be40-2d97c558df74,2026-07-11T06:00:00Z,2026-07-11T08:00:00+0200,110.0,EUR/MWh,NL,NL,imbalance_price,Short,2026-08-06T05:38:50Z
2026-08-06T05:35:55Z,2026-08-06T07:35:55+0200,c3feb7e2-8675-4f7f-be40-2d97c558df74,2026-07-11T06:15:00Z,2026-07-11T08:15:00+0200,97.0,EUR/MWh,NL,NL,imbalance_price,Long,2026-08-06T05:38:50Z
2026-08-06T05:35:55Z,2026-08-06T07:35:55+0200,c3feb7e2-8675-4f7f-be40-2d97c558df74,2026-07-11T06:15:00Z,2026-07-11T08:15:00+0200,121.59,EUR/MWh,NL,NL,imbalance_price,Short,2026-08-06T05:38:50Z
2026-08-06T05:35:55Z,2026-08-06T07:35:55+0200,c3feb7e2-8675-4f7f-be40-2d97c558df74,2026-07-11T06:30:00Z,2026-07-11T08:30:00+0200,85.67,EUR/MWh,NL,NL,imbalance_price,Long,2026-08-06T05:38:50Z
2026-08-06T05:35:55Z,2026-08-06T07:35:55+0200,c3feb7e2-8675-4f7f-be40-2d97c558df74,2026-07-11T06:30:00Z,2026-07-11T08:30:00+0200,114.5,EUR/MWh,NL,NL,imbalance_price,Short,2026-08-06T05:38:50Z
2026-08-06T05:35:55Z,2026-08-06T07:35:55+0200,c3feb7e2-8675-4f7f-be40-2d97c558df74,2026-07-11T06:45:00Z,2026-07-11T08:45:00+0200,91.22,EUR/MWh,NL,NL,imbalance_price,Long,2026-08-06T05:38:50Z
2026-08-06T05:35:55Z,2026-08-06T07:35:55+0200,c3feb7e2-8675-4f7f-be40-2d97c558df74,2026-07-11T06:45:00Z,2026-07-11T08:45:00+0200,162.0,EUR/MWh,NL,NL,imbalance_price,Short,2026-08-06T05:38:50Z
2026-08-06T05:35:55Z,2026-08-06T07:35:55+0200,c3feb7e2-8675-4f7f-be40-2d97c558df74,2026-07-11T07:00:00Z,2026-07-11T09:00:00+0200,1000.0,EUR/MWh,NL,NL,imbalance_price,Long,2026-08-06T05:38:50Z
2026-08-06T05:35:55Z,2026-08-06T07:35:55+0200,c3feb7e2-8675-4f7f-be40-2d97c558df74,2026-07-11T07:00:00Z,2026-07-11T09:00:00+0200,1000.0,EUR/MWh,NL,NL,imbalance_price,Short,2026-08-06T05:38:50Z
2026-08-06T05:35:55Z,2026-08-06T07:35:55+0200,c3feb7e2-8675-4f7f-be40-2d97c558df74,2026-07-11T07:15:00Z,2026-07-11T09:15:00+0200,500.0,EUR/MWh,NL,NL,imbalance_price,Long,2026-08-06T05:38:50Z
2026-08-06T05:35:55Z,2026-08-06T07:35:55+0200,c3feb7e2-8675-4f7f-be40-2d97c558df74,2026-07-11T07:15:00Z,2026-07-11T09:15:00+0200,500.0,EUR/MWh,NL,NL,imbalance_price,Short,2026-08-06T05:38:50Z
2026-08-06T05:35:55Z,2026-08-06T07:35:55+0200,c3feb7e2-8675-4f7f-be40-2d97c558df74,2026-07-11T07:30:00Z,2026-07-11T09:30:00+0200,10.0,EUR/MWh,NL,NL,imbalance_price,Long,2026-08-06T05:38:50Z
2026-08-06T05:35:55Z,2026-08-06T07:35:55+0200,c3feb7e2-8675-4f7f-be40-2d97c558df74,2026-07-11T07:30:00Z,2026-07-11T09:30:00+0200,150.0,EUR/MWh,NL,NL,imbalance_price,Short,2026-08-06T05:38:50Z
2026-08-06T05:35:55Z,2026-08-06T07:35:55+0200,c3feb7e2-8675-4f7f-be40-2d97c558df74,2026-07-11T07:45:00Z,2026-07-11T09:45:00+0200,90.0,EUR/MWh,NL,NL,imbalance_price,Long,2026-08-06T05:38:50Z
2026-08-06T05:35:55Z,2026-08-06T07:35:55+0200,c3feb7e2-8675-4f7f-be40-2d97c558df74,2026-07-11T07:45:00Z,2026-07-11T09:45:00+0200,156.0,EUR/MWh,NL,NL,imbalance_price,Short,2026-08-06T05:38:50Z
2026-08-06T05:35:55Z,2026-08-06T07:35:55+0200,c3feb7e2-8675-4f7f-be40-2d97c558df74,2026-07-11T08:00:00Z,2026-07-11T10:00:00+0200,156.0,EUR/MWh,NL,NL,imbalance_price,Long,2026-08-06T05:38:50Z
2026-08-06T05:35:55Z,2026-08-06T07:35:55+0200,c3feb7e2-8675-4f7f-be40-2d97c558df74,2026-07-11T08:00:00Z,2026-07-11T10:00:00+0200,156.0,EUR/MWh,NL,NL,imbalance_price,Short,2026-08-06T05:38:50Z
2026-08-06T05:35:55Z,2026-08-06T07:35:55+0200,c3feb7e2-8675-4f7f-be40-2d97c558df74,2026-07-11T08:15:00Z,2026-07-11T10:15:00+0200,12.0,EUR/MWh,NL,NL,imbalance_price,Long,2026-08-06T05:38:50Z
2026-08-06T05:35:55Z,2026-08-06T07:35:55+0200,c3feb7e2-8675-4f7f-be40-2d97c558df74,2026-07-11T08:15:00Z,2026-07-11T10:15:00+0200,148.0,EUR/MWh,NL,NL,imbalance_price,Short,2026-08-06T05:38:50Z
2026-08-06T05:35:55Z,2026-08-06T07:35:55+0200,c3feb7e2-8675-4f7f-be40-2d97c558df74,2026-07-11T08:30:00Z,2026-07-11T10:30:00+0200,-1.5,EUR/MWh,NL,NL,imbalance_price,Long,2026-08-06T05:38:50Z
2026-08-06T05:35:55Z,2026-08-06T07:35:55+0200,c3feb7e2-8675-4f7f-be40-2d97c558df74,2026-07-11T08:30:00Z,2026-07-11T10:30:00+0200,-1.5,EUR/MWh,NL,NL,imbalance_price,Short,2026-08-06T05:38:50Z
2026-08-06T05:35:55Z,2026-08-06T07:35:55+0200,c3feb7e2-8675-4f7f-be40-2d97c558df74,2026-07-11T08:45:00Z,2026-07-11T10:45:00+0200,12.0,EUR/MWh,NL,NL,imbalance_price,Long,2026-08-06T05:38:50Z
2026-08-06T05:35:55Z,2026-08-06T07:35:55+0200,c3feb7e2-8675-4f7f-be40-2d97c558df74,2026-07-11T08:45:00Z,2026-07-11T10:45:00+0200,12.0,EUR/MWh,NL,NL,imbalance_price,Short,2026-08-06T05:38:50Z
2026-08-06T05:35:55Z,2026-08-06T07:35:55+0200,c3feb7e2-8675-4f7f-be40-2d97c558df74,2026-07-11T09:00:00Z,2026-07-11T11:00:00+0200,-1.5,EUR/MWh,NL,NL,imbalance_price,Long,2026-08-06T05:38:50Z
2026-08-06T05:35:55Z,2026-08-06T07:35:55+0200,c3feb7e2-8675-4f7f-be40-2d97c558df74,2026-07-11T09:00:00Z,2026-07-11T11:00:00+0200,-1.5,EUR/MWh,NL,NL,imbalance_price,Short,2026-08-06T05:38:50Z
2026-08-06T05:35:55Z,2026-08-06T07:35:55+0200,c3feb7e2-8675-4f7f-be40-2d97c558df74,2026-07-11T09:15:00Z,2026-07-11T11:15:00+0200,-1.5,EUR/MWh,NL,NL,imbalance_price,Long,2026-08-06T05:38:50Z
2026-08-06T05:35:55Z,2026-08-06T07:35:55+0200,c3feb7e2-8675-4f7f-be40-2d97c558df74,2026-07-11T09:15:00Z,2026-07-11T11:15:00+0200,-1.5,EUR/MWh,NL,NL,imbalance_price,Short,2026-08-06T05:38:50Z
2026-08-06T05:35:55Z,2026-08-06T07:35:55+0200,c3feb7e2-8675-4f7f-be40-2d97c558df74,2026-07-11T09:30:00Z,2026-07-11T11:30:00+0200,-1.5,EUR/MWh,NL,NL,imbalance_price,Long,2026-08-06T05:38:50Z
2026-08-06T05:35:55Z,2026-08-06T07:35:55+0200,c3feb7e2-8675-4f7f-be40-2d97c558df74,2026-07-11T09:30:00Z,2026-07-11T11:30:00+0200,-1.5,EUR/MWh,NL,NL,imbalance_price,Short,2026-08-06T05:38:50Z
2026-08-06T05:35:55Z,2026-08-06T07:35:55+0200,c3feb7e2-8675-4f7f-be40-2d97c558df74,2026-07-11T09:45:00Z,2026-07-11T11:45:00+0200,10.0,EUR/MWh,NL,NL,imbalance_price,Long,2026-08-06T05:38:50Z
2026-08-06T05:35:55Z,2026-08-06T07:35:55+0200,c3feb7e2-8675-4f7f-be40-2d97c558df74,2026-07-11T09:45:00Z,2026-07-11T11:45:00+0200,10.0,EUR/MWh,NL,NL,imbalance_price,Short,2026-08-06T05:38:50Z
2026-08-06T05:35:55Z,2026-08-06T07:35:55+0200,c3feb7e2-8675-4f7f-be40-2d97c558df74,2026-07-11T10:00:00Z,2026-07-11T12:00:00+0200,10.0,EUR/MWh,NL,NL,imbalance_price,Long,2026-08-06T05:38:50Z
2026-08-06T05:35:55Z,2026-08-06T07:35:55+0200,c3feb7e2-8675-4f7f-be40-2d97c558df74,2026-07-11T10:00:00Z,2026-07-11T12:00:00+0200,10.0,EUR/MWh,NL,NL,imbalance_price,Short,2026-08-06T05:38:50Z
2026-08-06T05:35:55Z,2026-08-06T07:35:55+0200,c3feb7e2-8675-4f7f-be40-2d97c558df74,2026-07-11T10:15:00Z,2026-07-11T12:15:00+0200,3.56,EUR/MWh,NL,NL,imbalance_price,Long,2026-08-06T05:38:50Z
2026-08-06T05:35:55Z,2026-08-06T07:35:55+0200,c3feb7e2-8675-4f7f-be40-2d97c558df74,2026-07-11T10:15:00Z,2026-07-11T12:15:00+0200,3.56,EUR/MWh,NL,NL,imbalance_price,Short,2026-08-06T05:38:50Z
2026-08-06T05:35:55Z,2026-08-06T07:35:55+0200,c3feb7e2-8675-4f7f-be40-2d97c558df74,2026-07-11T10:30:00Z,2026-07-11T12:30:00+0200,10.0,EUR/MWh,NL,NL,imbalance_price,Long,2026-08-06T05:38:50Z
2026-08-06T05:35:55Z,2026-08-06T07:35:55+0200,c3feb7e2-8675-4f7f-be40-2d97c558df74,2026-07-11T10:30:00Z,2026-07-11T12:30:00+0200,38.07,EUR/MWh,NL,NL,imbalance_price,Short,2026-08-06T05:38:50Z
2026-08-06T05:35:55Z,2026-08-06T07:35:55+0200,c3feb7e2-8675-4f7f-be40-2d97c558df74,2026-07-11T10:45:00Z,2026-07-11T12:45:00+0200,10.0,EUR/MWh,NL,NL,imbalance_price,Long,2026-08-06T05:38:50Z
2026-08-06T05:35:55Z,2026-08-06T07:35:55+0200,c3feb7e2-8675-4f7f-be40-2d97c558df74,2026-07-11T10:45:00Z,2026-07-11T12:45:00+0200,76.75,EUR/MWh,NL,NL,imbalance_price,Short,2026-08-06T05:38:50Z
2026-08-06T05:35:55Z,2026-08-06T07:35:55+0200,c3feb7e2-8675-4f7f-be40-2d97c558df74,2026-07-11T11:00:00Z,2026-07-11T13:00:00+0200,-4.0,EUR/MWh,NL,NL,imbalance_price,Long,2026-08-06T05:38:50Z
2026-08-06T05:35:55Z,2026-08-06T07:35:55+0200,c3feb7e2-8675-4f7f-be40-2d97c558df74,2026-07-11T11:00:00Z,2026-07-11T13:00:00+0200,-4.0,EUR/MWh,NL,NL,imbalance_price,Short,2026-08-06T05:38:50Z
2026-08-06T05:35:55Z,2026-08-06T07:35:55+0200,c3feb7e2-8675-4f7f-be40-2d97c558df74,2026-07-11T11:15:00Z,2026-07-11T13:15:00+0200,-4.0,EUR/MWh,NL,NL,imbalance_price,Long,2026-08-06T05:38:50Z
2026-08-06T05:35:55Z,2026-08-06T07:35:55+0200,c3feb7e2-8675-4f7f-be40-2d97c558df74,2026-07-11T11:15:00Z,2026-07-11T13:15:00+0200,-4.0,EUR/MWh,NL,NL,imbalance_price,Short,2026-08-06T05:38:50Z
2026-08-06T05:35:55Z,2026-08-06T07:35:55+0200,c3feb7e2-8675-4f7f-be40-2d97c558df74,2026-07-11T11:30:00Z,2026-07-11T13:30:00+0200,-20.0,EUR/MWh,NL,NL,imbalance_price,Long,2026-08-06T05:38:50Z
2026-08-06T05:35:55Z,2026-08-06T07:35:55+0200,c3feb7e2-8675-4f7f-be40-2d97c558df74,2026-07-11T11:30:00Z,2026-07-11T13:30:00+0200,-20.0,EUR/MWh,NL,NL,imbalance_price,Short,2026-08-06T05:38:50Z
2026-08-06T05:35:55Z,2026-08-06T07:35:55+0200,c3feb7e2-8675-4f7f-be40-2d97c558df74,2026-07-11T11:45:00Z,2026-07-11T13:45:00+0200,-20.0,EUR/MWh,NL,NL,imbalance_price,Long,2026-08-06T05:38:50Z
2026-08-06T05:35:55Z,2026-08-06T07:35:55+0200,c3feb7e2-8675-4f7f-be40-2d97c558df74,2026-07-11T11:45:00Z,2026-07-11T13:45:00+0200,-20.0,EUR/MWh,NL,NL,imbalance_price,Short,2026-08-06T05:38:50Z
2026-08-06T05:35:55Z,2026-08-06T07:35:55+0200,c3feb7e2-8675-4f7f-be40-2d97c558df74,2026-07-11T12:00:00Z,2026-07-11T14:00:00+0200,-4.0,EUR/MWh,NL,NL,imbalance_price,Long,2026-08-06T05:38:50Z
2026-08-06T05:35:55Z,2026-08-06T07:35:55+0200,c3feb7e2-8675-4f7f-be40-2d97c558df74,2026-07-11T12:00:00Z,2026-07-11T14:00:00+0200,-4.0,EUR/MWh,NL,NL,imbalance_price,Short,2026-08-06T05:38:50Z
2026-08-06T05:35:55Z,2026-08-06T07:35:55+0200,c3feb7e2-8675-4f7f-be40-2d97c558df74,2026-07-11T12:15:00Z,2026-07-11T14:15:00+0200,-4.0,EUR/MWh,NL,NL,imbalance_price,Long,2026-08-06T05:38:50Z
2026-08-06T05:35:55Z,2026-08-06T07:35:55+0200,c3feb7e2-8675-4f7f-be40-2d97c558df74,2026-07-11T12:15:00Z,2026-07-11T14:15:00+0200,-4.0,EUR/MWh,NL,NL,imbalance_price,Short,2026-08-06T05:38:50Z
2026-08-06T05:35:55Z,2026-08-06T07:35:55+0200,c3feb7e2-8675-4f7f-be40-2d97c558df74,2026-07-11T12:30:00Z,2026-07-11T14:30:00+0200,-20.0,EUR/MWh,NL,NL,imbalance_price,Long,2026-08-06T05:38:50Z
2026-08-06T05:35:55Z,2026-08-06T07:35:55+0200,c3feb7e2-8675-4f7f-be40-2d97c558df74,2026-07-11T12:30:00Z,2026-07-11T14:30:00+0200,-20.0,EUR/MWh,NL,NL,imbalance_price,Short,2026-08-06T05:38:50Z
2026-08-06T05:35:55Z,2026-08-06T07:35:55+0200,c3feb7e2-8675-4f7f-be40-2d97c558df74,2026-07-11T12:45:00Z,2026-07-11T14:45:00+0200,-21.93,EUR/MWh,NL,NL,imbalance_price,Long,2026-08-06T05:38:50Z
2026-08-06T05:35:55Z,2026-08-06T07:35:55+0200,c3feb7e2-8675-4f7f-be40-2d97c558df74,2026-07-11T12:45:00Z,2026-07-11T14:45:00+0200,-21.93,EUR/MWh,NL,NL,imbalance_price,Short,2026-08-06T05:38:50Z
2026-08-06T05:35:55Z,2026-08-06T07:35:55+0200,c3feb7e2-8675-4f7f-be40-2d97c558df74,2026-07-11T13:00:00Z,2026-07-11T15:00:00+0200,-30.0,EUR/MWh,NL,NL,imbalance_price,Long,2026-08-06T05:38:50Z
2026-08-06T05:35:55Z,2026-08-06T07:35:55+0200,c3feb7e2-8675-4f7f-be40-2d97c558df74,2026-07-11T13:00:00Z,2026-07-11T15:00:00+0200,33.24,EUR/MWh,NL,NL,imbalance_price,Short,2026-08-06T05:38:50Z
2026-08-06T05:35:55Z,2026-08-06T07:35:55+0200,c3feb7e2-8675-4f7f-be40-2d97c558df74,2026-07-11T13:15:00Z,2026-07-11T15:15:00+0200,-20.0,EUR/MWh,NL,NL,imbalance_price,Long,2026-08-06T05:38:50Z
2026-08-06T05:35:55Z,2026-08-06T07:35:55+0200,c3feb7e2-8675-4f7f-be40-2d97c558df74,2026-07-11T13:15:00Z,2026-07-11T15:15:00+0200,-20.0,EUR/MWh,NL,NL,imbalance_price,Short,2026-08-06T05:38:50Z
2026-08-06T05:35:55Z,2026-08-06T07:35:55+0200,c3feb7e2-8675-4f7f-be40-2d97c558df74,2026-07-11T13:30:00Z,2026-07-11T15:30:00+0200,-4.0,EUR/MWh,NL,NL,imbalance_price,Long,2026-08-06T05:38:50Z
2026-08-06T05:35:55Z,2026-08-06T07:35:55+0200,c3feb7e2-8675-4f7f-be40-2d97c558df74,2026-07-11T13:30:00Z,2026-07-11T15:30:00+0200,36.85,EUR/MWh,NL,NL,imbalance_price,Short,2026-08-06T05:38:50Z
2026-08-06T05:35:55Z,2026-08-06T07:35:55+0200,c3feb7e2-8675-4f7f-be40-2d97c558df74,2026-07-11T13:45:00Z,2026-07-11T15:45:00+0200,-20.0,EUR/MWh,NL,NL,imbalance_price,Long,2026-08-06T05:38:50Z
2026-08-06T05:35:55Z,2026-08-06T07:35:55+0200,c3feb7e2-8675-4f7f-be40-2d97c558df74,2026-07-11T13:45:00Z,2026-07-11T15:45:00+0200,-20.0,EUR/MWh,NL,NL,imbalance_price,Short,2026-08-06T05:38:50Z
2026-08-06T05:35:55Z,2026-08-06T07:35:55+0200,c3feb7e2-8675-4f7f-be40-2d97c558df74,2026-07-11T14:00:00Z,2026-07-11T16:00:00+0200,-20.0,EUR/MWh,NL,NL,imbalance_price,Long,2026-08-06T05:38:50Z
2026-08-06T05:35:55Z,2026-08-06T07:35:55+0200,c3feb7e2-8675-4f7f-be40-2d97c558df74,2026-07-11T14:00:00Z,2026-07-11T16:00:00+0200,-20.0,EUR/MWh,NL,NL,imbalance_price,Short,2026-08-06T05:38:50Z
2026-08-06T05:35:55Z,2026-08-06T07:35:55+0200,c3feb7e2-8675-4f7f-be40-2d97c558df74,2026-07-11T14:15:00Z,2026-07-11T16:15:00+0200,-20.0,EUR/MWh,NL,NL,imbalance_price,Long,2026-08-06T05:38:50Z
2026-08-06T05:35:55Z,2026-08-06T07:35:55+0200,c3feb7e2-8675-4f7f-be40-2d97c558df74,2026-07-11T14:15:00Z,2026-07-11T16:15:00+0200,112.0,EUR/MWh,NL,NL,imbalance_price,Short,2026-08-06T05:38:50Z
2026-08-06T05:35:55Z,2026-08-06T07:35:55+0200,c3feb7e2-8675-4f7f-be40-2d97c558df74,2026-07-11T14:30:00Z,2026-07-11T16:30:00+0200,-10.0,EUR/MWh,NL,NL,imbalance_price,Long,2026-08-06T05:38:50Z
2026-08-06T05:35:55Z,2026-08-06T07:35:55+0200,c3feb7e2-8675-4f7f-be40-2d97c558df74,2026-07-11T14:30:00Z,2026-07-11T16:30:00+0200,112.0,EUR/MWh,NL,NL,imbalance_price,Short,2026-08-06T05:38:50Z
2026-08-06T05:35:55Z,2026-08-06T07:35:55+0200,c3feb7e2-8675-4f7f-be40-2d97c558df74,2026-07-11T14:45:00Z,2026-07-11T16:45:00+0200,-4.0,EUR/MWh,NL,NL,imbalance_price,Long,2026-08-06T05:38:50Z
2026-08-06T05:35:55Z,2026-08-06T07:35:55+0200,c3feb7e2-8675-4f7f-be40-2d97c558df74,2026-07-11T14:45:00Z,2026-07-11T16:45:00+0200,100.88,EUR/MWh,NL,NL,imbalance_price,Short,2026-08-06T05:38:50Z
2026-08-06T05:35:55Z,2026-08-06T07:35:55+0200,c3feb7e2-8675-4f7f-be40-2d97c558df74,2026-07-11T15:00:00Z,2026-07-11T17:00:00+0200,115.25,EUR/MWh,NL,NL,imbalance_price,Long,2026-08-06T05:38:50Z
2026-08-06T05:35:55Z,2026-08-06T07:35:55+0200,c3feb7e2-8675-4f7f-be40-2d97c558df74,2026-07-11T15:00:00Z,2026-07-11T17:00:00+0200,115.25,EUR/MWh,NL,NL,imbalance_price,Short,2026-08-06T05:38:50Z
2026-08-06T05:35:55Z,2026-08-06T07:35:55+0200,c3feb7e2-8675-4f7f-be40-2d97c558df74,2026-07-11T15:15:00Z,2026-07-11T17:15:00+0200,12.0,EUR/MWh,NL,NL,imbalance_price,Long,2026-08-06T05:38:50Z
2026-08-06T05:35:55Z,2026-08-06T07:35:55+0200,c3feb7e2-8675-4f7f-be40-2d97c558df74,2026-07-11T15:15:00Z,2026-07-11T17:15:00+0200,162.0,EUR/MWh,NL,NL,imbalance_price,Short,2026-08-06T05:38:50Z
2026-08-06T05:35:55Z,2026-08-06T07:35:55+0200,c3feb7e2-8675-4f7f-be40-2d97c558df74,2026-07-11T15:30:00Z,2026-07-11T17:30:00+0200,170.0,EUR/MWh,NL,NL,imbalance_price,Long,2026-08-06T05:38:50Z
2026-08-06T05:35:55Z,2026-08-06T07:35:55+0200,c3feb7e2-8675-4f7f-be40-2d97c558df74,2026-07-11T15:30:00Z,2026-07-11T17:30:00+0200,170.0,EUR/MWh,NL,NL,imbalance_price,Short,2026-08-06T05:38:50Z
2026-08-06T05:35:55Z,2026-08-06T07:35:55+0200,c3feb7e2-8675-4f7f-be40-2d97c558df74,2026-07-11T15:45:00Z,2026-07-11T17:45:00+0200,159.0,EUR/MWh,NL,NL,imbalance_price,Long,2026-08-06T05:38:50Z
2026-08-06T05:35:55Z,2026-08-06T07:35:55+0200,c3feb7e2-8675-4f7f-be40-2d97c558df74,2026-07-11T15:45:00Z,2026-07-11T17:45:00+0200,159.0,EUR/MWh,NL,NL,imbalance_price,Short,2026-08-06T05:38:50Z
2026-08-06T05:35:55Z,2026-08-06T07:35:55+0200,c3feb7e2-8675-4f7f-be40-2d97c558df74,2026-07-11T16:00:00Z,2026-07-11T18:00:00+0200,90.9,EUR/MWh,NL,NL,imbalance_price,Long,2026-08-06T05:38:50Z
2026-08-06T05:35:55Z,2026-08-06T07:35:55+0200,c3feb7e2-8675-4f7f-be40-2d97c558df74,2026-07-11T16:00:00Z,2026-07-11T18:00:00+0200,115.25,EUR/MWh,NL,NL,imbalance_price,Short,2026-08-06T05:38:50Z
2026-08-06T05:35:55Z,2026-08-06T07:35:55+0200,c3feb7e2-8675-4f7f-be40-2d97c558df74,2026-07-11T16:15:00Z,2026-07-11T18:15:00+0200,98.51,EUR/MWh,NL,NL,imbalance_price,Long,2026-08-06T05:38:50Z
2026-08-06T05:35:55Z,2026-08-06T07:35:55+0200,c3feb7e2-8675-4f7f-be40-2d97c558df74,2026-07-11T16:15:00Z,2026-07-11T18:15:00+0200,116.5,EUR/MWh,NL,NL,imbalance_price,Short,2026-08-06T05:38:50Z
2026-08-06T05:35:55Z,2026-08-06T07:35:55+0200,c3feb7e2-8675-4f7f-be40-2d97c558df74,2026-07-11T16:30:00Z,2026-07-11T18:30:00+0200,85.67,EUR/MWh,NL,NL,imbalance_price,Long,2026-08-06T05:38:50Z
2026-08-06T05:35:55Z,2026-08-06T07:35:55+0200,c3feb7e2-8675-4f7f-be40-2d97c558df74,2026-07-11T16:30:00Z,2026-07-11T18:30:00+0200,115.25,EUR/MWh,NL,NL,imbalance_price,Short,2026-08-06T05:38:50Z
2026-08-06T05:35:55Z,2026-08-06T07:35:55+0200,c3feb7e2-8675-4f7f-be40-2d97c558df74,2026-07-11T16:45:00Z,2026-07-11T18:45:00+0200,85.08,EUR/MWh,NL,NL,imbalance_price,Long,2026-08-06T05:38:50Z
2026-08-06T05:35:55Z,2026-08-06T07:35:55+0200,c3feb7e2-8675-4f7f-be40-2d97c558df74,2026-07-11T16:45:00Z,2026-07-11T18:45:00+0200,148.0,EUR/MWh,NL,NL,imbalance_price,Short,2026-08-06T05:38:50Z
2026-08-06T05:35:55Z,2026-08-06T07:35:55+0200,c3feb7e2-8675-4f7f-be40-2d97c558df74,2026-07-11T17:00:00Z,2026-07-11T19:00:00+0200,56.2,EUR/MWh,NL,NL,imbalance_price,Long,2026-08-06T05:38:50Z
2026-08-06T05:35:55Z,2026-08-06T07:35:55+0200,c3feb7e2-8675-4f7f-be40-2d97c558df74,2026-07-11T17:00:00Z,2026-07-11T19:00:00+0200,56.2,EUR/MWh,NL,NL,imbalance_price,Short,2026-08-06T05:38:50Z
2026-08-06T05:35:55Z,2026-08-06T07:35:55+0200,c3feb7e2-8675-4f7f-be40-2d97c558df74,2026-07-11T17:15:00Z,2026-07-11T19:15:00+0200,70.91,EUR/MWh,NL,NL,imbalance_price,Long,2026-08-06T05:38:50Z
2026-08-06T05:35:55Z,2026-08-06T07:35:55+0200,c3feb7e2-8675-4f7f-be40-2d97c558df74,2026-07-11T17:15:00Z,2026-07-11T19:15:00+0200,70.91,EUR/MWh,NL,NL,imbalance_price,Short,2026-08-06T05:38:50Z
2026-08-06T05:35:55Z,2026-08-06T07:35:55+0200,c3feb7e2-8675-4f7f-be40-2d97c558df74,2026-07-11T17:30:00Z,2026-07-11T19:30:00+0200,68.58,EUR/MWh,NL,NL,imbalance_price,Long,2026-08-06T05:38:50Z
2026-08-06T05:35:55Z,2026-08-06T07:35:55+0200,c3feb7e2-8675-4f7f-be40-2d97c558df74,2026-07-11T17:30:00Z,2026-07-11T19:30:00+0200,115.25,EUR/MWh,NL,NL,imbalance_price,Short,2026-08-06T05:38:50Z
2026-08-06T05:35:55Z,2026-08-06T07:35:55+0200,c3feb7e2-8675-4f7f-be40-2d97c558df74,2026-07-11T17:45:00Z,2026-07-11T19:45:00+0200,115.25,EUR/MWh,NL,NL,imbalance_price,Long,2026-08-06T05:38:50Z
2026-08-06T05:35:55Z,2026-08-06T07:35:55+0200,c3feb7e2-8675-4f7f-be40-2d97c558df74,2026-07-11T17:45:00Z,2026-07-11T19:45:00+0200,115.25,EUR/MWh,NL,NL,imbalance_price,Short,2026-08-06T05:38:50Z
2026-08-06T05:35:55Z,2026-08-06T07:35:55+0200,c3feb7e2-8675-4f7f-be40-2d97c558df74,2026-07-11T18:00:00Z,2026-07-11T20:00:00+0200,153.0,EUR/MWh,NL,NL,imbalance_price,Long,2026-08-06T05:38:50Z
2026-08-06T05:35:55Z,2026-08-06T07:35:55+0200,c3feb7e2-8675-4f7f-be40-2d97c558df74,2026-07-11T18:00:00Z,2026-07-11T20:00:00+0200,153.0,EUR/MWh,NL,NL,imbalance_price,Short,2026-08-06T05:38:50Z
2026-08-06T05:35:55Z,2026-08-06T07:35:55+0200,c3feb7e2-8675-4f7f-be40-2d97c558df74,2026-07-11T18:15:00Z,2026-07-11T20:15:00+0200,148.0,EUR/MWh,NL,NL,imbalance_price,Long,2026-08-06T05:38:50Z
2026-08-06T05:35:55Z,2026-08-06T07:35:55+0200,c3feb7e2-8675-4f7f-be40-2d97c558df74,2026-07-11T18:15:00Z,2026-07-11T20:15:00+0200,148.0,EUR/MWh,NL,NL,imbalance_price,Short,2026-08-06T05:38:50Z
2026-08-06T05:35:55Z,2026-08-06T07:35:55+0200,c3feb7e2-8675-4f7f-be40-2d97c558df74,2026-07-11T18:30:00Z,2026-07-11T20:30:00+0200,159.0,EUR/MWh,NL,NL,imbalance_price,Long,2026-08-06T05:38:50Z
2026-08-06T05:35:55Z,2026-08-06T07:35:55+0200,c3feb7e2-8675-4f7f-be40-2d97c558df74,2026-07-11T18:30:00Z,2026-07-11T20:30:00+0200,159.0,EUR/MWh,NL,NL,imbalance_price,Short,2026-08-06T05:38:50Z
2026-08-06T05:35:55Z,2026-08-06T07:35:55+0200,c3feb7e2-8675-4f7f-be40-2d97c558df74,2026-07-11T18:45:00Z,2026-07-11T20:45:00+0200,156.0,EUR/MWh,NL,NL,imbalance_price,Long,2026-08-06T05:38:50Z
2026-08-06T05:35:55Z,2026-08-06T07:35:55+0200,c3feb7e2-8675-4f7f-be40-2d97c558df74,2026-07-11T18:45:00Z,2026-07-11T20:45:00+0200,156.0,EUR/MWh,NL,NL,imbalance_price,Short,2026-08-06T05:38:50Z
2026-08-06T05:35:55Z,2026-08-06T07:35:55+0200,c3feb7e2-8675-4f7f-be40-2d97c558df74,2026-07-11T19:00:00Z,2026-07-11T21:00:00+0200,162.0,EUR/MWh,NL,NL,imbalance_price,Long,2026-08-06T05:38:50Z
2026-08-06T05:35:55Z,2026-08-06T07:35:55+0200,c3feb7e2-8675-4f7f-be40-2d97c558df74,2026-07-11T19:00:00Z,2026-07-11T21:00:00+0200,162.0,EUR/MWh,NL,NL,imbalance_price,Short,2026-08-06T05:38:50Z
2026-08-06T05:35:55Z,2026-08-06T07:35:55+0200,c3feb7e2-8675-4f7f-be40-2d97c558df74,2026-07-11T19:15:00Z,2026-07-11T21:15:00+0200,159.0,EUR/MWh,NL,NL,imbalance_price,Long,2026-08-06T05:38:50Z
2026-08-06T05:35:55Z,2026-08-06T07:35:55+0200,c3feb7e2-8675-4f7f-be40-2d97c558df74,2026-07-11T19:15:00Z,2026-07-11T21:15:00+0200,159.0,EUR/MWh,NL,NL,imbalance_price,Short,2026-08-06T05:38:50Z
2026-08-06T05:35:55Z,2026-08-06T07:35:55+0200,c3feb7e2-8675-4f7f-be40-2d97c558df74,2026-07-11T19:30:00Z,2026-07-11T21:30:00+0200,166.0,EUR/MWh,NL,NL,imbalance_price,Long,2026-08-06T05:38:50Z
2026-08-06T05:35:55Z,2026-08-06T07:35:55+0200,c3feb7e2-8675-4f7f-be40-2d97c558df74,2026-07-11T19:30:00Z,2026-07-11T21:30:00+0200,166.0,EUR/MWh,NL,NL,imbalance_price,Short,2026-08-06T05:38:50Z
2026-08-06T05:35:55Z,2026-08-06T07:35:55+0200,c3feb7e2-8675-4f7f-be40-2d97c558df74,2026-07-11T19:45:00Z,2026-07-11T21:45:00+0200,162.0,EUR/MWh,NL,NL,imbalance_price,Long,2026-08-06T05:38:50Z
2026-08-06T05:35:55Z,2026-08-06T07:35:55+0200,c3feb7e2-8675-4f7f-be40-2d97c558df74,2026-07-11T19:45:00Z,2026-07-11T21:45:00+0200,162.0,EUR/MWh,NL,NL,imbalance_price,Short,2026-08-06T05:38:50Z
2026-08-06T05:35:55Z,2026-08-06T07:35:55+0200,c3feb7e2-8675-4f7f-be40-2d97c558df74,2026-07-11T20:00:00Z,2026-07-11T22:00:00+0200,173.5,EUR/MWh,NL,NL,imbalance_price,Long,2026-08-06T05:38:50Z
2026-08-06T05:35:55Z,2026-08-06T07:35:55+0200,c3feb7e2-8675-4f7f-be40-2d97c558df74,2026-07-11T20:00:00Z,2026-07-11T22:00:00+0200,173.5,EUR/MWh,NL,NL,imbalance_price,Short,2026-08-06T05:38:50Z
2026-08-06T05:35:55Z,2026-08-06T07:35:55+0200,c3feb7e2-8675-4f7f-be40-2d97c558df74,2026-07-11T20:15:00Z,2026-07-11T22:15:00+0200,159.0,EUR/MWh,NL,NL,imbalance_price,Long,2026-08-06T05:38:50Z
2026-08-06T05:35:55Z,2026-08-06T07:35:55+0200,c3feb7e2-8675-4f7f-be40-2d97c558df74,2026-07-11T20:15:00Z,2026-07-11T22:15:00+0200,159.0,EUR/MWh,NL,NL,imbalance_price,Short,2026-08-06T05:38:50Z
2026-08-06T05:35:55Z,2026-08-06T07:35:55+0200,c3feb7e2-8675-4f7f-be40-2d97c558df74,2026-07-11T20:30:00Z,2026-07-11T22:30:00+0200,148.0,EUR/MWh,NL,NL,imbalance_price,Long,2026-08-06T05:38:50Z
2026-08-06T05:35:55Z,2026-08-06T07:35:55+0200,c3feb7e2-8675-4f7f-be40-2d97c558df74,2026-07-11T20:30:00Z,2026-07-11T22:30:00+0200,148.0,EUR/MWh,NL,NL,imbalance_price,Short,2026-08-06T05:38:50Z
2026-08-06T05:35:55Z,2026-08-06T07:35:55+0200,c3feb7e2-8675-4f7f-be40-2d97c558df74,2026-07-11T20:45:00Z,2026-07-11T22:45:00+0200,110.0,EUR/MWh,NL,NL,imbalance_price,Long,2026-08-06T05:38:50Z
2026-08-06T05:35:55Z,2026-08-06T07:35:55+0200,c3feb7e2-8675-4f7f-be40-2d97c558df74,2026-07-11T20:45:00Z,2026-07-11T22:45:00+0200,148.0,EUR/MWh,NL,NL,imbalance_price,Short,2026-08-06T05:38:50Z
2026-08-06T05:35:55Z,2026-08-06T07:35:55+0200,c3feb7e2-8675-4f7f-be40-2d97c558df74,2026-07-11T21:00:00Z,2026-07-11T23:00:00+0200,159.0,EUR/MWh,NL,NL,imbalance_price,Long,2026-08-06T05:38:50Z
2026-08-06T05:35:55Z,2026-08-06T07:35:55+0200,c3feb7e2-8675-4f7f-be40-2d97c558df74,2026-07-11T21:00:00Z,2026-07-11T23:00:00+0200,159.0,EUR/MWh,NL,NL,imbalance_price,Short,2026-08-06T05:38:50Z
2026-08-06T05:35:55Z,2026-08-06T07:35:55+0200,c3feb7e2-8675-4f7f-be40-2d97c558df74,2026-07-11T21:15:00Z,2026-07-11T23:15:00+0200,103.03,EUR/MWh,NL,NL,imbalance_price,Long,2026-08-06T05:38:50Z
2026-08-06T05:35:55Z,2026-08-06T07:35:55+0200,c3feb7e2-8675-4f7f-be40-2d97c558df74,2026-07-11T21:15:00Z,2026-07-11T23:15:00+0200,150.0,EUR/MWh,NL,NL,imbalance_price,Short,2026-08-06T05:38:50Z
2026-08-06T05:35:55Z,2026-08-06T07:35:55+0200,c3feb7e2-8675-4f7f-be40-2d97c558df74,2026-07-11T21:30:00Z,2026-07-11T23:30:00+0200,108.5,EUR/MWh,NL,NL,imbalance_price,Long,2026-08-06T05:38:50Z
2026-08-06T05:35:55Z,2026-08-06T07:35:55+0200,c3feb7e2-8675-4f7f-be40-2d97c558df74,2026-07-11T21:30:00Z,2026-07-11T23:30:00+0200,150.0,EUR/MWh,NL,NL,imbalance_price,Short,2026-08-06T05:38:50Z
2026-08-06T05:35:55Z,2026-08-06T07:35:55+0200,c3feb7e2-8675-4f7f-be40-2d97c558df74,2026-07-11T21:45:00Z,2026-07-11T23:45:00+0200,200.0,EUR/MWh,NL,NL,imbalance_price,Long,2026-08-06T05:38:50Z
2026-08-06T05:35:55Z,2026-08-06T07:35:55+0200,c3feb7e2-8675-4f7f-be40-2d97c558df74,2026-07-11T21:45:00Z,2026-07-11T23:45:00+0200,200.0,EUR/MWh,NL,NL,imbalance_price,Short,2026-08-06T05:38:50Z
2026-08-06T05:35:55Z,2026-08-06T07:35:55+0200,c3feb7e2-8675-4f7f-be40-2d97c558df74,2026-07-11T22:00:00Z,2026-07-12T00:00:00+0200,165.0,EUR/MWh,NL,NL,imbalance_price,Long,2026-08-06T05:38:50Z
2026-08-06T05:35:55Z,2026-08-06T07:35:55+0200,c3feb7e2-8675-4f7f-be40-2d97c558df74,2026-07-11T22:00:00Z,2026-07-12T00:00:00+0200,165.0,EUR/MWh,NL,NL,imbalance_price,Short,2026-08-06T05:38:50Z
2026-08-06T05:35:55Z,2026-08-06T07:35:55+0200,c3feb7e2-8675-4f7f-be40-2d97c558df74,2026-07-11T22:15:00Z,2026-07-12T00:15:00+0200,150.0,EUR/MWh,NL,NL,imbalance_price,Long,2026-08-06T05:38:50Z
2026-08-06T05:35:55Z,2026-08-06T07:35:55+0200,c3feb7e2-8675-4f7f-be40-2d97c558df74,2026-07-11T22:15:00Z,2026-07-12T00:15:00+0200,150.0,EUR/MWh,NL,NL,imbalance_price,Short,2026-08-06T05:38:50Z
2026-08-06T05:35:55Z,2026-08-06T07:35:55+0200,c3feb7e2-8675-4f7f-be40-2d97c558df74,2026-07-11T22:30:00Z,2026-07-12T00:30:00+0200,190.05,EUR/MWh,NL,NL,imbalance_price,Long,2026-08-06T05:38:50Z
2026-08-06T05:35:55Z,2026-08-06T07:35:55+0200,c3feb7e2-8675-4f7f-be40-2d97c558df74,2026-07-11T22:30:00Z,2026-07-12T00:30:00+0200,190.05,EUR/MWh,NL,NL,imbalance_price,Short,2026-08-06T05:38:50Z
2026-08-06T05:35:55Z,2026-08-06T07:35:55+0200,c3feb7e2-8675-4f7f-be40-2d97c558df74,2026-07-11T22:45:00Z,2026-07-12T00:45:00+0200,105.5,EUR/MWh,NL,NL,imbalance_price,Long,2026-08-06T05:38:50Z
2026-08-06T05:35:55Z,2026-08-06T07:35:55+0200,c3feb7e2-8675-4f7f-be40-2d97c558df74,2026-07-11T22:45:00Z,2026-07-12T00:45:00+0200,115.28,EUR/MWh,NL,NL,imbalance_price,Short,2026-08-06T05:38:50Z
2026-08-06T05:35:55Z,2026-08-06T07:35:55+0200,c3feb7e2-8675-4f7f-be40-2d97c558df74,2026-07-11T23:00:00Z,2026-07-12T01:00:00+0200,115.5,EUR/MWh,NL,NL,imbalance_price,Long,2026-08-06T05:38:50Z
2026-08-06T05:35:55Z,2026-08-06T07:35:55+0200,c3feb7e2-8675-4f7f-be40-2d97c558df74,2026-07-11T23:00:00Z,2026-07-12T01:00:00+0200,115.5,EUR/MWh,NL,NL,imbalance_price,Short,2026-08-06T05:38:50Z
2026-08-06T05:35:55Z,2026-08-06T07:35:55+0200,c3feb7e2-8675-4f7f-be40-2d97c558df74,2026-07-11T23:15:00Z,2026-07-12T01:15:00+0200,105.5,EUR/MWh,NL,NL,imbalance_price,Long,2026-08-06T05:38:50Z
2026-08-06T05:35:55Z,2026-08-06T07:35:55+0200,c3feb7e2-8675-4f7f-be40-2d97c558df74,2026-07-11T23:15:00Z,2026-07-12T01:15:00+0200,121.7,EUR/MWh,NL,NL,imbalance_price,Short,2026-08-06T05:38:50Z
2026-08-06T05:35:55Z,2026-08-06T07:35:55+0200,c3feb7e2-8675-4f7f-be40-2d97c558df74,2026-07-11T23:30:00Z,2026-07-12T01:30:00+0200,150.0,EUR/MWh,NL,NL,imbalance_price,Long,2026-08-06T05:38:50Z
2026-08-06T05:35:55Z,2026-08-06T07:35:55+0200,c3feb7e2-8675-4f7f-be40-2d97c558df74,2026-07-11T23:30:00Z,2026-07-12T01:30:00+0200,150.0,EUR/MWh,NL,NL,imbalance_price,Short,2026-08-06T05:38:50Z
2026-08-06T05:35:55Z,2026-08-06T07:35:55+0200,c3feb7e2-8675-4f7f-be40-2d97c558df74,2026-07-11T23:45:00Z,2026-07-12T01:45:00+0200,100.78,EUR/MWh,NL,NL,imbalance_price,Long,2026-08-06T05:38:50Z
2026-08-06T05:35:55Z,2026-08-06T07:35:55+0200,c3feb7e2-8675-4f7f-be40-2d97c558df74,2026-07-11T23:45:00Z,2026-07-12T01:45:00+0200,115.5,EUR/MWh,NL,NL,imbalance_price,Short,2026-08-06T05:38:50Z
2026-08-06T05:35:55Z,2026-08-06T07:35:55+0200,c3feb7e2-8675-4f7f-be40-2d97c558df74,2026-07-12T00:00:00Z,2026-07-12T02:00:00+0200,103.22,EUR/MWh,NL,NL,imbalance_price,Long,2026-08-06T05:38:50Z
2026-08-06T05:35:55Z,2026-08-06T07:35:55+0200,c3feb7e2-8675-4f7f-be40-2d97c558df74,2026-07-12T00:00:00Z,2026-07-12T02:00:00+0200,103.22,EUR/MWh,NL,NL,imbalance_price,Short,2026-08-06T05:38:50Z
2026-08-06T05:35:55Z,2026-08-06T07:35:55+0200,c3feb7e2-8675-4f7f-be40-2d97c558df74,2026-07-12T00:15:00Z,2026-07-12T02:15:00+0200,106.44,EUR/MWh,NL,NL,imbalance_price,Long,2026-08-06T05:38:50Z
2026-08-06T05:35:55Z,2026-08-06T07:35:55+0200,c3feb7e2-8675-4f7f-be40-2d97c558df74,2026-07-12T00:15:00Z,2026-07-12T02:15:00+0200,106.44,EUR/MWh,NL,NL,imbalance_price,Short,2026-08-06T05:38:50Z
2026-08-06T05:35:55Z,2026-08-06T07:35:55+0200,c3feb7e2-8675-4f7f-be40-2d97c558df74,2026-07-12T00:30:00Z,2026-07-12T02:30:00+0200,106.44,EUR/MWh,NL,NL,imbalance_price,Long,2026-08-06T05:38:50Z
2026-08-06T05:35:55Z,2026-08-06T07:35:55+0200,c3feb7e2-8675-4f7f-be40-2d97c558df74,2026-07-12T00:30:00Z,2026-07-12T02:30:00+0200,106.44,EUR/MWh,NL,NL,imbalance_price,Short,2026-08-06T05:38:50Z
2026-08-06T05:35:55Z,2026-08-06T07:35:55+0200,c3feb7e2-8675-4f7f-be40-2d97c558df74,2026-07-12T00:45:00Z,2026-07-12T02:45:00+0200,106.44,EUR/MWh,NL,NL,imbalance_price,Long,2026-08-06T05:38:50Z
2026-08-06T05:35:55Z,2026-08-06T07:35:55+0200,c3feb7e2-8675-4f7f-be40-2d97c558df74,2026-07-12T00:45:00Z,2026-07-12T02:45:00+0200,121.61,EUR/MWh,NL,NL,imbalance_price,Short,2026-08-06T05:38:50Z
2026-08-06T05:35:55Z,2026-08-06T07:35:55+0200,c3feb7e2-8675-4f7f-be40-2d97c558df74,2026-07-12T01:00:00Z,2026-07-12T03:00:00+0200,109.0,EUR/MWh,NL,NL,imbalance_price,Long,2026-08-06T05:38:50Z
2026-08-06T05:35:55Z,2026-08-06T07:35:55+0200,c3feb7e2-8675-4f7f-be40-2d97c558df74,2026-07-12T01:00:00Z,2026-07-12T03:00:00+0200,144.0,EUR/MWh,NL,NL,imbalance_price,Short,2026-08-06T05:38:50Z
2026-08-06T05:35:55Z,2026-08-06T07:35:55+0200,c3feb7e2-8675-4f7f-be40-2d97c558df74,2026-07-12T01:15:00Z,2026-07-12T03:15:00+0200,110.44,EUR/MWh,NL,NL,imbalance_price,Long,2026-08-06T05:38:50Z
2026-08-06T05:35:55Z,2026-08-06T07:35:55+0200,c3feb7e2-8675-4f7f-be40-2d97c558df74,2026-07-12T01:15:00Z,2026-07-12T03:15:00+0200,144.0,EUR/MWh,NL,NL,imbalance_price,Short,2026-08-06T05:38:50Z
2026-08-06T05:35:55Z,2026-08-06T07:35:55+0200,c3feb7e2-8675-4f7f-be40-2d97c558df74,2026-07-12T01:30:00Z,2026-07-12T03:30:00+0200,134.9,EUR/MWh,NL,NL,imbalance_price,Long,2026-08-06T05:38:50Z
2026-08-06T05:35:55Z,2026-08-06T07:35:55+0200,c3feb7e2-8675-4f7f-be40-2d97c558df74,2026-07-12T01:30:00Z,2026-07-12T03:30:00+0200,134.9,EUR/MWh,NL,NL,imbalance_price,Short,2026-08-06T05:38:50Z
2026-08-06T05:35:55Z,2026-08-06T07:35:55+0200,c3feb7e2-8675-4f7f-be40-2d97c558df74,2026-07-12T01:45:00Z,2026-07-12T03:45:00+0200,108.95,EUR/MWh,NL,NL,imbalance_price,Long,2026-08-06T05:38:50Z
2026-08-06T05:35:55Z,2026-08-06T07:35:55+0200,c3feb7e2-8675-4f7f-be40-2d97c558df74,2026-07-12T01:45:00Z,2026-07-12T03:45:00+0200,121.61,EUR/MWh,NL,NL,imbalance_price,Short,2026-08-06T05:38:50Z
2026-08-06T05:35:55Z,2026-08-06T07:35:55+0200,c3feb7e2-8675-4f7f-be40-2d97c558df74,2026-07-12T02:00:00Z,2026-07-12T04:00:00+0200,109.87,EUR/MWh,NL,NL,imbalance_price,Long,2026-08-06T05:38:50Z
2026-08-06T05:35:55Z,2026-08-06T07:35:55+0200,c3feb7e2-8675-4f7f-be40-2d97c558df74,2026-07-12T02:00:00Z,2026-07-12T04:00:00+0200,121.61,EUR/MWh,NL,NL,imbalance_price,Short,2026-08-06T05:38:50Z
2026-08-06T05:35:55Z,2026-08-06T07:35:55+0200,c3feb7e2-8675-4f7f-be40-2d97c558df74,2026-07-12T02:15:00Z,2026-07-12T04:15:00+0200,98.74,EUR/MWh,NL,NL,imbalance_price,Long,2026-08-06T05:38:50Z
2026-08-06T05:35:55Z,2026-08-06T07:35:55+0200,c3feb7e2-8675-4f7f-be40-2d97c558df74,2026-07-12T02:15:00Z,2026-07-12T04:15:00+0200,98.74,EUR/MWh,NL,NL,imbalance_price,Short,2026-08-06T05:38:50Z
2026-08-06T05:35:55Z,2026-08-06T07:35:55+0200,c3feb7e2-8675-4f7f-be40-2d97c558df74,2026-07-12T02:30:00Z,2026-07-12T04:30:00+0200,108.11,EUR/MWh,NL,NL,imbalance_price,Long,2026-08-06T05:38:50Z
2026-08-06T05:35:55Z,2026-08-06T07:35:55+0200,c3feb7e2-8675-4f7f-be40-2d97c558df74,2026-07-12T02:30:00Z,2026-07-12T04:30:00+0200,108.11,EUR/MWh,NL,NL,imbalance_price,Short,2026-08-06T05:38:50Z
2026-08-06T05:35:55Z,2026-08-06T07:35:55+0200,c3feb7e2-8675-4f7f-be40-2d97c558df74,2026-07-12T02:45:00Z,2026-07-12T04:45:00+0200,102.91,EUR/MWh,NL,NL,imbalance_price,Long,2026-08-06T05:38:50Z
2026-08-06T05:35:55Z,2026-08-06T07:35:55+0200,c3feb7e2-8675-4f7f-be40-2d97c558df74,2026-07-12T02:45:00Z,2026-07-12T04:45:00+0200,121.61,EUR/MWh,NL,NL,imbalance_price,Short,2026-08-06T05:38:50Z
2026-08-06T05:35:55Z,2026-08-06T07:35:55+0200,c3feb7e2-8675-4f7f-be40-2d97c558df74,2026-07-12T03:00:00Z,2026-07-12T05:00:00+0200,113.5,EUR/MWh,NL,NL,imbalance_price,Long,2026-08-06T05:38:50Z
2026-08-06T05:35:55Z,2026-08-06T07:35:55+0200,c3feb7e2-8675-4f7f-be40-2d97c558df74,2026-07-12T03:00:00Z,2026-07-12T05:00:00+0200,121.61,EUR/MWh,NL,NL,imbalance_price,Short,2026-08-06T05:38:50Z
2026-08-06T05:35:55Z,2026-08-06T07:35:55+0200,c3feb7e2-8675-4f7f-be40-2d97c558df74,2026-07-12T03:15:00Z,2026-07-12T05:15:00+0200,107.5,EUR/MWh,NL,NL,imbalance_price,Long,2026-08-06T05:38:50Z
2026-08-06T05:35:55Z,2026-08-06T07:35:55+0200,c3feb7e2-8675-4f7f-be40-2d97c558df74,2026-07-12T03:15:00Z,2026-07-12T05:15:00+0200,107.5,EUR/MWh,NL,NL,imbalance_price,Short,2026-08-06T05:38:50Z
2026-08-06T05:35:55Z,2026-08-06T07:35:55+0200,c3feb7e2-8675-4f7f-be40-2d97c558df74,2026-07-12T03:30:00Z,2026-07-12T05:30:00+0200,113.5,EUR/MWh,NL,NL,imbalance_price,Long,2026-08-06T05:38:50Z
2026-08-06T05:35:55Z,2026-08-06T07:35:55+0200,c3feb7e2-8675-4f7f-be40-2d97c558df74,2026-07-12T03:30:00Z,2026-07-12T05:30:00+0200,121.61,EUR/MWh,NL,NL,imbalance_price,Short,2026-08-06T05:38:50Z
2026-08-06T05:35:55Z,2026-08-06T07:35:55+0200,c3feb7e2-8675-4f7f-be40-2d97c558df74,2026-07-12T03:45:00Z,2026-07-12T05:45:00+0200,121.61,EUR/MWh,NL,NL,imbalance_price,Long,2026-08-06T05:38:50Z
2026-08-06T05:35:55Z,2026-08-06T07:35:55+0200,c3feb7e2-8675-4f7f-be40-2d97c558df74,2026-07-12T03:45:00Z,2026-07-12T05:45:00+0200,121.61,EUR/MWh,NL,NL,imbalance_price,Short,2026-08-06T05:38:50Z
2026-08-06T05:35:55Z,2026-08-06T07:35:55+0200,c3feb7e2-8675-4f7f-be40-2d97c558df74,2026-07-12T04:00:00Z,2026-07-12T06:00:00+0200,109.0,EUR/MWh,NL,NL,imbalance_price,Long,2026-08-06T05:38:50Z
2026-08-06T05:35:55Z,2026-08-06T07:35:55+0200,c3feb7e2-8675-4f7f-be40-2d97c558df74,2026-07-12T04:00:00Z,2026-07-12T06:00:00+0200,114.5,EUR/MWh,NL,NL,imbalance_price,Short,2026-08-06T05:38:50Z
2026-08-06T05:35:55Z,2026-08-06T07:35:55+0200,c3feb7e2-8675-4f7f-be40-2d97c558df74,2026-07-12T04:15:00Z,2026-07-12T06:15:00+0200,99.32,EUR/MWh,NL,NL,imbalance_price,Long,2026-08-06T05:38:50Z
2026-08-06T05:35:55Z,2026-08-06T07:35:55+0200,c3feb7e2-8675-4f7f-be40-2d97c558df74,2026-07-12T04:15:00Z,2026-07-12T06:15:00+0200,105.5,EUR/MWh,NL,NL,imbalance_price,Short,2026-08-06T05:38:50Z
2026-08-06T05:35:55Z,2026-08-06T07:35:55+0200,c3feb7e2-8675-4f7f-be40-2d97c558df74,2026-07-12T04:30:00Z,2026-07-12T06:30:00+0200,99.36,EUR/MWh,NL,NL,imbalance_price,Long,2026-08-06T05:38:50Z
2026-08-06T05:35:55Z,2026-08-06T07:35:55+0200,c3feb7e2-8675-4f7f-be40-2d97c558df74,2026-07-12T04:30:00Z,2026-07-12T06:30:00+0200,113.5,EUR/MWh,NL,NL,imbalance_price,Short,2026-08-06T05:38:50Z
2026-08-06T05:35:55Z,2026-08-06T07:35:55+0200,c3feb7e2-8675-4f7f-be40-2d97c558df74,2026-07-12T04:45:00Z,2026-07-12T06:45:00+0200,98.18,EUR/MWh,NL,NL,imbalance_price,Long,2026-08-06T05:38:50Z
2026-08-06T05:35:55Z,2026-08-06T07:35:55+0200,c3feb7e2-8675-4f7f-be40-2d97c558df74,2026-07-12T04:45:00Z,2026-07-12T06:45:00+0200,98.18,EUR/MWh,NL,NL,imbalance_price,Short,2026-08-06T05:38:50Z
2026-08-06T05:35:55Z,2026-08-06T07:35:55+0200,c3feb7e2-8675-4f7f-be40-2d97c558df74,2026-07-12T05:00:00Z,2026-07-12T07:00:00+0200,107.5,EUR/MWh,NL,NL,imbalance_price,Long,2026-08-06T05:38:50Z
2026-08-06T05:35:55Z,2026-08-06T07:35:55+0200,c3feb7e2-8675-4f7f-be40-2d97c558df74,2026-07-12T05:00:00Z,2026-07-12T07:00:00+0200,121.7,EUR/MWh,NL,NL,imbalance_price,Short,2026-08-06T05:38:50Z
2026-08-06T05:35:55Z,2026-08-06T07:35:55+0200,c3feb7e2-8675-4f7f-be40-2d97c558df74,2026-07-12T05:15:00Z,2026-07-12T07:15:00+0200,144.0,EUR/MWh,NL,NL,imbalance_price,Long,2026-08-06T05:38:50Z
2026-08-06T05:35:55Z,2026-08-06T07:35:55+0200,c3feb7e2-8675-4f7f-be40-2d97c558df74,2026-07-12T05:15:00Z,2026-07-12T07:15:00+0200,144.0,EUR/MWh,NL,NL,imbalance_price,Short,2026-08-06T05:38:50Z
2026-08-06T05:35:55Z,2026-08-06T07:35:55+0200,c3feb7e2-8675-4f7f-be40-2d97c558df74,2026-07-12T05:30:00Z,2026-07-12T07:30:00+0200,104.8,EUR/MWh,NL,NL,imbalance_price,Long,2026-08-06T05:38:50Z
2026-08-06T05:35:55Z,2026-08-06T07:35:55+0200,c3feb7e2-8675-4f7f-be40-2d97c558df74,2026-07-12T05:30:00Z,2026-07-12T07:30:00+0200,150.0,EUR/MWh,NL,NL,imbalance_price,Short,2026-08-06T05:38:50Z
2026-08-06T05:35:55Z,2026-08-06T07:35:55+0200,c3feb7e2-8675-4f7f-be40-2d97c558df74,2026-07-12T05:45:00Z,2026-07-12T07:45:00+0200,17.2,EUR/MWh,NL,NL,imbalance_price,Long,2026-08-06T05:38:50Z
2026-08-06T05:35:55Z,2026-08-06T07:35:55+0200,c3feb7e2-8675-4f7f-be40-2d97c558df74,2026-07-12T05:45:00Z,2026-07-12T07:45:00+0200,17.2,EUR/MWh,NL,NL,imbalance_price,Short,2026-08-06T05:38:50Z
2026-08-06T05:35:55Z,2026-08-06T07:35:55+0200,c3feb7e2-8675-4f7f-be40-2d97c558df74,2026-07-12T06:00:00Z,2026-07-12T08:00:00+0200,10.0,EUR/MWh,NL,NL,imbalance_price,Long,2026-08-06T05:38:50Z
2026-08-06T05:35:55Z,2026-08-06T07:35:55+0200,c3feb7e2-8675-4f7f-be40-2d97c558df74,2026-07-12T06:00:00Z,2026-07-12T08:00:00+0200,10.0,EUR/MWh,NL,NL,imbalance_price,Short,2026-08-06T05:38:50Z
2026-08-06T05:35:55Z,2026-08-06T07:35:55+0200,c3feb7e2-8675-4f7f-be40-2d97c558df74,2026-07-12T06:15:00Z,2026-07-12T08:15:00+0200,-10.0,EUR/MWh,NL,NL,imbalance_price,Long,2026-08-06T05:38:50Z
2026-08-06T05:35:55Z,2026-08-06T07:35:55+0200,c3feb7e2-8675-4f7f-be40-2d97c558df74,2026-07-12T06:15:00Z,2026-07-12T08:15:00+0200,-10.0,EUR/MWh,NL,NL,imbalance_price,Short,2026-08-06T05:38:50Z
2026-08-06T05:35:55Z,2026-08-06T07:35:55+0200,c3feb7e2-8675-4f7f-be40-2d97c558df74,2026-07-12T06:30:00Z,2026-07-12T08:30:00+0200,-19.5,EUR/MWh,NL,NL,imbalance_price,Long,2026-08-06T05:38:50Z
2026-08-06T05:35:55Z,2026-08-06T07:35:55+0200,c3feb7e2-8675-4f7f-be40-2d97c558df74,2026-07-12T06:30:00Z,2026-07-12T08:30:00+0200,-19.5,EUR/MWh,NL,NL,imbalance_price,Short,2026-08-06T05:38:50Z
2026-08-06T05:35:55Z,2026-08-06T07:35:55+0200,c3feb7e2-8675-4f7f-be40-2d97c558df74,2026-07-12T06:45:00Z,2026-07-12T08:45:00+0200,-35.0,EUR/MWh,NL,NL,imbalance_price,Long,2026-08-06T05:38:50Z
2026-08-06T05:35:55Z,2026-08-06T07:35:55+0200,c3feb7e2-8675-4f7f-be40-2d97c558df74,2026-07-12T06:45:00Z,2026-07-12T08:45:00+0200,-35.0,EUR/MWh,NL,NL,imbalance_price,Short,2026-08-06T05:38:50Z
2026-08-06T05:35:55Z,2026-08-06T07:35:55+0200,c3feb7e2-8675-4f7f-be40-2d97c558df74,2026-07-12T07:00:00Z,2026-07-12T09:00:00+0200,-36.96,EUR/MWh,NL,NL,imbalance_price,Long,2026-08-06T05:38:50Z
2026-08-06T05:35:55Z,2026-08-06T07:35:55+0200,c3feb7e2-8675-4f7f-be40-2d97c558df74,2026-07-12T07:00:00Z,2026-07-12T09:00:00+0200,-36.96,EUR/MWh,NL,NL,imbalance_price,Short,2026-08-06T05:38:50Z
2026-08-06T05:35:55Z,2026-08-06T07:35:55+0200,c3feb7e2-8675-4f7f-be40-2d97c558df74,2026-07-12T07:15:00Z,2026-07-12T09:15:00+0200,-36.46,EUR/MWh,NL,NL,imbalance_price,Long,2026-08-06T05:38:50Z
2026-08-06T05:35:55Z,2026-08-06T07:35:55+0200,c3feb7e2-8675-4f7f-be40-2d97c558df74,2026-07-12T07:15:00Z,2026-07-12T09:15:00+0200,-36.46,EUR/MWh,NL,NL,imbalance_price,Short,2026-08-06T05:38:50Z
2026-08-06T05:35:55Z,2026-08-06T07:35:55+0200,c3feb7e2-8675-4f7f-be40-2d97c558df74,2026-07-12T07:30:00Z,2026-07-12T09:30:00+0200,-35.0,EUR/MWh,NL,NL,imbalance_price,Long,2026-08-06T05:38:50Z
2026-08-06T05:35:55Z,2026-08-06T07:35:55+0200,c3feb7e2-8675-4f7f-be40-2d97c558df74,2026-07-12T07:30:00Z,2026-07-12T09:30:00+0200,-35.0,EUR/MWh,NL,NL,imbalance_price,Short,2026-08-06T05:38:50Z
2026-08-06T05:35:55Z,2026-08-06T07:35:55+0200,c3feb7e2-8675-4f7f-be40-2d97c558df74,2026-07-12T07:45:00Z,2026-07-12T09:45:00+0200,-45.4,EUR/MWh,NL,NL,imbalance_price,Long,2026-08-06T05:38:50Z
2026-08-06T05:35:55Z,2026-08-06T07:35:55+0200,c3feb7e2-8675-4f7f-be40-2d97c558df74,2026-07-12T07:45:00Z,2026-07-12T09:45:00+0200,-45.4,EUR/MWh,NL,NL,imbalance_price,Short,2026-08-06T05:38:50Z
2026-08-06T05:35:55Z,2026-08-06T07:35:55+0200,c3feb7e2-8675-4f7f-be40-2d97c558df74,2026-07-12T08:00:00Z,2026-07-12T10:00:00+0200,-64.7,EUR/MWh,NL,NL,imbalance_price,Long,2026-08-06T05:38:50Z
2026-08-06T05:35:55Z,2026-08-06T07:35:55+0200,c3feb7e2-8675-4f7f-be40-2d97c558df74,2026-07-12T08:00:00Z,2026-07-12T10:00:00+0200,-64.7,EUR/MWh,NL,NL,imbalance_price,Short,2026-08-06T05:38:50Z
2026-08-06T05:35:55Z,2026-08-06T07:35:55+0200,c3feb7e2-8675-4f7f-be40-2d97c558df74,2026-07-12T08:15:00Z,2026-07-12T10:15:00+0200,-22.0,EUR/MWh,NL,NL,imbalance_price,Long,2026-08-06T05:38:50Z
2026-08-06T05:35:55Z,2026-08-06T07:35:55+0200,c3feb7e2-8675-4f7f-be40-2d97c558df74,2026-07-12T08:15:00Z,2026-07-12T10:15:00+0200,-22.0,EUR/MWh,NL,NL,imbalance_price,Short,2026-08-06T05:38:50Z
2026-08-06T05:35:55Z,2026-08-06T07:35:55+0200,c3feb7e2-8675-4f7f-be40-2d97c558df74,2026-07-12T08:30:00Z,2026-07-12T10:30:00+0200,-25.0,EUR/MWh,NL,NL,imbalance_price,Long,2026-08-06T05:38:50Z
2026-08-06T05:35:55Z,2026-08-06T07:35:55+0200,c3feb7e2-8675-4f7f-be40-2d97c558df74,2026-07-12T08:30:00Z,2026-07-12T10:30:00+0200,-25.0,EUR/MWh,NL,NL,imbalance_price,Short,2026-08-06T05:38:50Z
2026-08-06T05:35:55Z,2026-08-06T07:35:55+0200,c3feb7e2-8675-4f7f-be40-2d97c558df74,2026-07-12T08:45:00Z,2026-07-12T10:45:00+0200,-19.8,EUR/MWh,NL,NL,imbalance_price,Long,2026-08-06T05:38:50Z
2026-08-06T05:35:55Z,2026-08-06T07:35:55+0200,c3feb7e2-8675-4f7f-be40-2d97c558df74,2026-07-12T08:45:00Z,2026-07-12T10:45:00+0200,-19.8,EUR/MWh,NL,NL,imbalance_price,Short,2026-08-06T05:38:50Z
2026-08-06T05:35:55Z,2026-08-06T07:35:55+0200,c3feb7e2-8675-4f7f-be40-2d97c558df74,2026-07-12T09:00:00Z,2026-07-12T11:00:00+0200,-5.5,EUR/MWh,NL,NL,imbalance_price,Long,2026-08-06T05:38:50Z
2026-08-06T05:35:55Z,2026-08-06T07:35:55+0200,c3feb7e2-8675-4f7f-be40-2d97c558df74,2026-07-12T09:00:00Z,2026-07-12T11:00:00+0200,70.47,EUR/MWh,NL,NL,imbalance_price,Short,2026-08-06T05:38:50Z
2026-08-06T05:35:55Z,2026-08-06T07:35:55+0200,c3feb7e2-8675-4f7f-be40-2d97c558df74,2026-07-12T09:15:00Z,2026-07-12T11:15:00+0200,-5.5,EUR/MWh,NL,NL,imbalance_price,Long,2026-08-06T05:38:50Z
2026-08-06T05:35:55Z,2026-08-06T07:35:55+0200,c3feb7e2-8675-4f7f-be40-2d97c558df74,2026-07-12T09:15:00Z,2026-07-12T11:15:00+0200,70.47,EUR/MWh,NL,NL,imbalance_price,Short,2026-08-06T05:38:50Z
2026-08-06T05:35:55Z,2026-08-06T07:35:55+0200,c3feb7e2-8675-4f7f-be40-2d97c558df74,2026-07-12T09:30:00Z,2026-07-12T11:30:00+0200,-5.0,EUR/MWh,NL,NL,imbalance_price,Long,2026-08-06T05:38:50Z
2026-08-06T05:35:55Z,2026-08-06T07:35:55+0200,c3feb7e2-8675-4f7f-be40-2d97c558df74,2026-07-12T09:30:00Z,2026-07-12T11:30:00+0200,-5.0,EUR/MWh,NL,NL,imbalance_price,Short,2026-08-06T05:38:50Z
2026-08-06T05:35:55Z,2026-08-06T07:35:55+0200,c3feb7e2-8675-4f7f-be40-2d97c558df74,2026-07-12T09:45:00Z,2026-07-12T11:45:00+0200,-5.0,EUR/MWh,NL,NL,imbalance_price,Long,2026-08-06T05:38:50Z
2026-08-06T05:35:55Z,2026-08-06T07:35:55+0200,c3feb7e2-8675-4f7f-be40-2d97c558df74,2026-07-12T09:45:00Z,2026-07-12T11:45:00+0200,-5.0,EUR/MWh,NL,NL,imbalance_price,Short,2026-08-06T05:38:50Z
2026-08-06T05:35:55Z,2026-08-06T07:35:55+0200,c3feb7e2-8675-4f7f-be40-2d97c558df74,2026-07-12T10:00:00Z,2026-07-12T12:00:00+0200,-5.32,EUR/MWh,NL,NL,imbalance_price,Long,2026-08-06T05:38:50Z
2026-08-06T05:35:55Z,2026-08-06T07:35:55+0200,c3feb7e2-8675-4f7f-be40-2d97c558df74,2026-07-12T10:00:00Z,2026-07-12T12:00:00+0200,-5.32,EUR/MWh,NL,NL,imbalance_price,Short,2026-08-06T05:38:50Z
2026-08-06T05:35:55Z,2026-08-06T07:35:55+0200,c3feb7e2-8675-4f7f-be40-2d97c558df74,2026-07-12T10:15:00Z,2026-07-12T12:15:00+0200,-4.18,EUR/MWh,NL,NL,imbalance_price,Long,2026-08-06T05:38:50Z
2026-08-06T05:35:55Z,2026-08-06T07:35:55+0200,c3feb7e2-8675-4f7f-be40-2d97c558df74,2026-07-12T10:15:00Z,2026-07-12T12:15:00+0200,-4.18,EUR/MWh,NL,NL,imbalance_price,Short,2026-08-06T05:38:50Z
2026-08-06T05:35:55Z,2026-08-06T07:35:55+0200,c3feb7e2-8675-4f7f-be40-2d97c558df74,2026-07-12T10:30:00Z,2026-07-12T12:30:00+0200,-3.75,EUR/MWh,NL,NL,imbalance_price,Long,2026-08-06T05:38:50Z
2026-08-06T05:35:55Z,2026-08-06T07:35:55+0200,c3feb7e2-8675-4f7f-be40-2d97c558df74,2026-07-12T10:30:00Z,2026-07-12T12:30:00+0200,-3.75,EUR/MWh,NL,NL,imbalance_price,Short,2026-08-06T05:38:50Z
2026-08-06T05:35:55Z,2026-08-06T07:35:55+0200,c3feb7e2-8675-4f7f-be40-2d97c558df74,2026-07-12T10:45:00Z,2026-07-12T12:45:00+0200,-4.0,EUR/MWh,NL,NL,imbalance_price,Long,2026-08-06T05:38:50Z
2026-08-06T05:35:55Z,2026-08-06T07:35:55+0200,c3feb7e2-8675-4f7f-be40-2d97c558df74,2026-07-12T10:45:00Z,2026-07-12T12:45:00+0200,-4.0,EUR/MWh,NL,NL,imbalance_price,Short,2026-08-06T05:38:50Z
2026-08-06T05:35:55Z,2026-08-06T07:35:55+0200,c3feb7e2-8675-4f7f-be40-2d97c558df74,2026-07-12T11:00:00Z,2026-07-12T13:00:00+0200,-4.0,EUR/MWh,NL,NL,imbalance_price,Long,2026-08-06T05:38:50Z
2026-08-06T05:35:55Z,2026-08-06T07:35:55+0200,c3feb7e2-8675-4f7f-be40-2d97c558df74,2026-07-12T11:00:00Z,2026-07-12T13:00:00+0200,-4.0,EUR/MWh,NL,NL,imbalance_price,Short,2026-08-06T05:38:50Z
2026-08-06T05:35:55Z,2026-08-06T07:35:55+0200,c3feb7e2-8675-4f7f-be40-2d97c558df74,2026-07-12T11:15:00Z,2026-07-12T13:15:00+0200,-4.0,EUR/MWh,NL,NL,imbalance_price,Long,2026-08-06T05:38:50Z
2026-08-06T05:35:55Z,2026-08-06T07:35:55+0200,c3feb7e2-8675-4f7f-be40-2d97c558df74,2026-07-12T11:15:00Z,2026-07-12T13:15:00+0200,-4.0,EUR/MWh,NL,NL,imbalance_price,Short,2026-08-06T05:38:50Z
2026-08-06T05:35:55Z,2026-08-06T07:35:55+0200,c3feb7e2-8675-4f7f-be40-2d97c558df74,2026-07-12T11:30:00Z,2026-07-12T13:30:00+0200,-4.0,EUR/MWh,NL,NL,imbalance_price,Long,2026-08-06T05:38:50Z
2026-08-06T05:35:55Z,2026-08-06T07:35:55+0200,c3feb7e2-8675-4f7f-be40-2d97c558df74,2026-07-12T11:30:00Z,2026-07-12T13:30:00+0200,-4.0,EUR/MWh,NL,NL,imbalance_price,Short,2026-08-06T05:38:50Z
2026-08-06T05:35:55Z,2026-08-06T07:35:55+0200,c3feb7e2-8675-4f7f-be40-2d97c558df74,2026-07-12T11:45:00Z,2026-07-12T13:45:00+0200,-4.0,EUR/MWh,NL,NL,imbalance_price,Long,2026-08-06T05:38:50Z
2026-08-06T05:35:55Z,2026-08-06T07:35:55+0200,c3feb7e2-8675-4f7f-be40-2d97c558df74,2026-07-12T11:45:00Z,2026-07-12T13:45:00+0200,-4.0,EUR/MWh,NL,NL,imbalance_price,Short,2026-08-06T05:38:50Z
2026-08-06T05:35:55Z,2026-08-06T07:35:55+0200,c3feb7e2-8675-4f7f-be40-2d97c558df74,2026-07-12T12:00:00Z,2026-07-12T14:00:00+0200,-30.0,EUR/MWh,NL,NL,imbalance_price,Long,2026-08-06T05:38:50Z
2026-08-06T05:35:55Z,2026-08-06T07:35:55+0200,c3feb7e2-8675-4f7f-be40-2d97c558df74,2026-07-12T12:00:00Z,2026-07-12T14:00:00+0200,-30.0,EUR/MWh,NL,NL,imbalance_price,Short,2026-08-06T05:38:50Z
2026-08-06T05:35:55Z,2026-08-06T07:35:55+0200,c3feb7e2-8675-4f7f-be40-2d97c558df74,2026-07-12T12:15:00Z,2026-07-12T14:15:00+0200,-4.0,EUR/MWh,NL,NL,imbalance_price,Long,2026-08-06T05:38:50Z
2026-08-06T05:35:55Z,2026-08-06T07:35:55+0200,c3feb7e2-8675-4f7f-be40-2d97c558df74,2026-07-12T12:15:00Z,2026-07-12T14:15:00+0200,27.5,EUR/MWh,NL,NL,imbalance_price,Short,2026-08-06T05:38:50Z
2026-08-06T05:35:55Z,2026-08-06T07:35:55+0200,c3feb7e2-8675-4f7f-be40-2d97c558df74,2026-07-12T12:30:00Z,2026-07-12T14:30:00+0200,-4.0,EUR/MWh,NL,NL,imbalance_price,Long,2026-08-06T05:38:50Z
2026-08-06T05:35:55Z,2026-08-06T07:35:55+0200,c3feb7e2-8675-4f7f-be40-2d97c558df74,2026-07-12T12:30:00Z,2026-07-12T14:30:00+0200,-4.0,EUR/MWh,NL,NL,imbalance_price,Short,2026-08-06T05:38:50Z
2026-08-06T05:35:55Z,2026-08-06T07:35:55+0200,c3feb7e2-8675-4f7f-be40-2d97c558df74,2026-07-12T12:45:00Z,2026-07-12T14:45:00+0200,-19.5,EUR/MWh,NL,NL,imbalance_price,Long,2026-08-06T05:38:50Z
2026-08-06T05:35:55Z,2026-08-06T07:35:55+0200,c3feb7e2-8675-4f7f-be40-2d97c558df74,2026-07-12T12:45:00Z,2026-07-12T14:45:00+0200,-19.5,EUR/MWh,NL,NL,imbalance_price,Short,2026-08-06T05:38:50Z
2026-08-06T05:35:55Z,2026-08-06T07:35:55+0200,c3feb7e2-8675-4f7f-be40-2d97c558df74,2026-07-12T13:00:00Z,2026-07-12T15:00:00+0200,-30.0,EUR/MWh,NL,NL,imbalance_price,Long,2026-08-06T05:38:50Z
2026-08-06T05:35:55Z,2026-08-06T07:35:55+0200,c3feb7e2-8675-4f7f-be40-2d97c558df74,2026-07-12T13:00:00Z,2026-07-12T15:00:00+0200,-30.0,EUR/MWh,NL,NL,imbalance_price,Short,2026-08-06T05:38:50Z
2026-08-06T05:35:55Z,2026-08-06T07:35:55+0200,c3feb7e2-8675-4f7f-be40-2d97c558df74,2026-07-12T13:15:00Z,2026-07-12T15:15:00+0200,-11.94,EUR/MWh,NL,NL,imbalance_price,Long,2026-08-06T05:38:50Z
2026-08-06T05:35:55Z,2026-08-06T07:35:55+0200,c3feb7e2-8675-4f7f-be40-2d97c558df74,2026-07-12T13:15:00Z,2026-07-12T15:15:00+0200,-11.94,EUR/MWh,NL,NL,imbalance_price,Short,2026-08-06T05:38:50Z
2026-08-06T05:35:55Z,2026-08-06T07:35:55+0200,c3feb7e2-8675-4f7f-be40-2d97c558df74,2026-07-12T13:30:00Z,2026-07-12T15:30:00+0200,-18.48,EUR/MWh,NL,NL,imbalance_price,Long,2026-08-06T05:38:50Z
2026-08-06T05:35:55Z,2026-08-06T07:35:55+0200,c3feb7e2-8675-4f7f-be40-2d97c558df74,2026-07-12T13:30:00Z,2026-07-12T15:30:00+0200,48.12,EUR/MWh,NL,NL,imbalance_price,Short,2026-08-06T05:38:50Z
2026-08-06T05:35:55Z,2026-08-06T07:35:55+0200,c3feb7e2-8675-4f7f-be40-2d97c558df74,2026-07-12T13:45:00Z,2026-07-12T15:45:00+0200,-0.71,EUR/MWh,NL,NL,imbalance_price,Long,2026-08-06T05:38:50Z
2026-08-06T05:35:55Z,2026-08-06T07:35:55+0200,c3feb7e2-8675-4f7f-be40-2d97c558df74,2026-07-12T13:45:00Z,2026-07-12T15:45:00+0200,-0.71,EUR/MWh,NL,NL,imbalance_price,Short,2026-08-06T05:38:50Z
2026-08-06T05:35:55Z,2026-08-06T07:35:55+0200,c3feb7e2-8675-4f7f-be40-2d97c558df74,2026-07-12T14:00:00Z,2026-07-12T16:00:00+0200,-10.0,EUR/MWh,NL,NL,imbalance_price,Long,2026-08-06T05:38:50Z
2026-08-06T05:35:55Z,2026-08-06T07:35:55+0200,c3feb7e2-8675-4f7f-be40-2d97c558df74,2026-07-12T14:00:00Z,2026-07-12T16:00:00+0200,-10.0,EUR/MWh,NL,NL,imbalance_price,Short,2026-08-06T05:38:50Z
2026-08-06T05:35:55Z,2026-08-06T07:35:55+0200,c3feb7e2-8675-4f7f-be40-2d97c558df74,2026-07-12T14:15:00Z,2026-07-12T16:15:00+0200,-3.05,EUR/MWh,NL,NL,imbalance_price,Long,2026-08-06T05:38:50Z
2026-08-06T05:35:55Z,2026-08-06T07:35:55+0200,c3feb7e2-8675-4f7f-be40-2d97c558df74,2026-07-12T14:15:00Z,2026-07-12T16:15:00+0200,-3.05,EUR/MWh,NL,NL,imbalance_price,Short,2026-08-06T05:38:50Z
2026-08-06T05:35:55Z,2026-08-06T07:35:55+0200,c3feb7e2-8675-4f7f-be40-2d97c558df74,2026-07-12T14:30:00Z,2026-07-12T16:30:00+0200,-29.9,EUR/MWh,NL,NL,imbalance_price,Long,2026-08-06T05:38:50Z
2026-08-06T05:35:55Z,2026-08-06T07:35:55+0200,c3feb7e2-8675-4f7f-be40-2d97c558df74,2026-07-12T14:30:00Z,2026-07-12T16:30:00+0200,48.12,EUR/MWh,NL,NL,imbalance_price,Short,2026-08-06T05:38:50Z
2026-08-06T05:35:55Z,2026-08-06T07:35:55+0200,c3feb7e2-8675-4f7f-be40-2d97c558df74,2026-07-12T14:45:00Z,2026-07-12T16:45:00+0200,-5.05,EUR/MWh,NL,NL,imbalance_price,Long,2026-08-06T05:38:50Z
2026-08-06T05:35:55Z,2026-08-06T07:35:55+0200,c3feb7e2-8675-4f7f-be40-2d97c558df74,2026-07-12T14:45:00Z,2026-07-12T16:45:00+0200,70.47,EUR/MWh,NL,NL,imbalance_price,Short,2026-08-06T05:38:50Z
2026-08-06T05:35:55Z,2026-08-06T07:35:55+0200,c3feb7e2-8675-4f7f-be40-2d97c558df74,2026-07-12T15:00:00Z,2026-07-12T17:00:00+0200,-30.0,EUR/MWh,NL,NL,imbalance_price,Long,2026-08-06T05:38:50Z
2026-08-06T05:35:55Z,2026-08-06T07:35:55+0200,c3feb7e2-8675-4f7f-be40-2d97c558df74,2026-07-12T15:00:00Z,2026-07-12T17:00:00+0200,70.47,EUR/MWh,NL,NL,imbalance_price,Short,2026-08-06T05:38:50Z
2026-08-06T05:35:55Z,2026-08-06T07:35:55+0200,c3feb7e2-8675-4f7f-be40-2d97c558df74,2026-07-12T15:15:00Z,2026-07-12T17:15:00+0200,-72.59,EUR/MWh,NL,NL,imbalance_price,Long,2026-08-06T05:38:50Z
2026-08-06T05:35:55Z,2026-08-06T07:35:55+0200,c3feb7e2-8675-4f7f-be40-2d97c558df74,2026-07-12T15:15:00Z,2026-07-12T17:15:00+0200,130.29,EUR/MWh,NL,NL,imbalance_price,Short,2026-08-06T05:38:50Z
2026-08-06T05:35:55Z,2026-08-06T07:35:55+0200,c3feb7e2-8675-4f7f-be40-2d97c558df74,2026-07-12T15:30:00Z,2026-07-12T17:30:00+0200,-72.59,EUR/MWh,NL,NL,imbalance_price,Long,2026-08-06T05:38:50Z
2026-08-06T05:35:55Z,2026-08-06T07:35:55+0200,c3feb7e2-8675-4f7f-be40-2d97c558df74,2026-07-12T15:30:00Z,2026-07-12T17:30:00+0200,121.61,EUR/MWh,NL,NL,imbalance_price,Short,2026-08-06T05:38:50Z
2026-08-06T05:35:55Z,2026-08-06T07:35:55+0200,c3feb7e2-8675-4f7f-be40-2d97c558df74,2026-07-12T15:45:00Z,2026-07-12T17:45:00+0200,-72.59,EUR/MWh,NL,NL,imbalance_price,Long,2026-08-06T05:38:50Z
2026-08-06T05:35:55Z,2026-08-06T07:35:55+0200,c3feb7e2-8675-4f7f-be40-2d97c558df74,2026-07-12T15:45:00Z,2026-07-12T17:45:00+0200,121.61,EUR/MWh,NL,NL,imbalance_price,Short,2026-08-06T05:38:50Z
2026-08-06T05:35:55Z,2026-08-06T07:35:55+0200,c3feb7e2-8675-4f7f-be40-2d97c558df74,2026-07-12T16:00:00Z,2026-07-12T18:00:00+0200,-35.0,EUR/MWh,NL,NL,imbalance_price,Long,2026-08-06T05:38:50Z
2026-08-06T05:35:55Z,2026-08-06T07:35:55+0200,c3feb7e2-8675-4f7f-be40-2d97c558df74,2026-07-12T16:00:00Z,2026-07-12T18:00:00+0200,-35.0,EUR/MWh,NL,NL,imbalance_price,Short,2026-08-06T05:38:50Z
2026-08-06T05:35:55Z,2026-08-06T07:35:55+0200,c3feb7e2-8675-4f7f-be40-2d97c558df74,2026-07-12T16:15:00Z,2026-07-12T18:15:00+0200,-25.0,EUR/MWh,NL,NL,imbalance_price,Long,2026-08-06T05:38:50Z
2026-08-06T05:35:55Z,2026-08-06T07:35:55+0200,c3feb7e2-8675-4f7f-be40-2d97c558df74,2026-07-12T16:15:00Z,2026-07-12T18:15:00+0200,94.65,EUR/MWh,NL,NL,imbalance_price,Short,2026-08-06T05:38:50Z
2026-08-06T05:35:55Z,2026-08-06T07:35:55+0200,c3feb7e2-8675-4f7f-be40-2d97c558df74,2026-07-12T16:30:00Z,2026-07-12T18:30:00+0200,-10.0,EUR/MWh,NL,NL,imbalance_price,Long,2026-08-06T05:38:50Z
2026-08-06T05:35:55Z,2026-08-06T07:35:55+0200,c3feb7e2-8675-4f7f-be40-2d97c558df74,2026-07-12T16:30:00Z,2026-07-12T18:30:00+0200,111.65,EUR/MWh,NL,NL,imbalance_price,Short,2026-08-06T05:38:50Z
2026-08-06T05:35:55Z,2026-08-06T07:35:55+0200,c3feb7e2-8675-4f7f-be40-2d97c558df74,2026-07-12T16:45:00Z,2026-07-12T18:45:00+0200,8.8,EUR/MWh,NL,NL,imbalance_price,Long,2026-08-06T05:38:50Z
2026-08-06T05:35:55Z,2026-08-06T07:35:55+0200,c3feb7e2-8675-4f7f-be40-2d97c558df74,2026-07-12T16:45:00Z,2026-07-12T18:45:00+0200,133.0,EUR/MWh,NL,NL,imbalance_price,Short,2026-08-06T05:38:50Z
2026-08-06T05:35:55Z,2026-08-06T07:35:55+0200,c3feb7e2-8675-4f7f-be40-2d97c558df74,2026-07-12T17:00:00Z,2026-07-12T19:00:00+0200,48.1,EUR/MWh,NL,NL,imbalance_price,Long,2026-08-06T05:38:50Z
2026-08-06T05:35:55Z,2026-08-06T07:35:55+0200,c3feb7e2-8675-4f7f-be40-2d97c558df74,2026-07-12T17:00:00Z,2026-07-12T19:00:00+0200,121.61,EUR/MWh,NL,NL,imbalance_price,Short,2026-08-06T05:38:50Z
2026-08-06T05:35:55Z,2026-08-06T07:35:55+0200,c3feb7e2-8675-4f7f-be40-2d97c558df74,2026-07-12T17:15:00Z,2026-07-12T19:15:00+0200,135.0,EUR/MWh,NL,NL,imbalance_price,Long,2026-08-06T05:38:50Z
2026-08-06T05:35:55Z,2026-08-06T07:35:55+0200,c3feb7e2-8675-4f7f-be40-2d97c558df74,2026-07-12T17:15:00Z,2026-07-12T19:15:00+0200,135.0,EUR/MWh,NL,NL,imbalance_price,Short,2026-08-06T05:38:50Z
2026-08-06T05:35:55Z,2026-08-06T07:35:55+0200,c3feb7e2-8675-4f7f-be40-2d97c558df74,2026-07-12T17:30:00Z,2026-07-12T19:30:00+0200,500.0,EUR/MWh,NL,NL,imbalance_price,Long,2026-08-06T05:38:50Z
2026-08-06T05:35:55Z,2026-08-06T07:35:55+0200,c3feb7e2-8675-4f7f-be40-2d97c558df74,2026-07-12T17:30:00Z,2026-07-12T19:30:00+0200,500.0,EUR/MWh,NL,NL,imbalance_price,Short,2026-08-06T05:38:50Z
2026-08-06T05:35:55Z,2026-08-06T07:35:55+0200,c3feb7e2-8675-4f7f-be40-2d97c558df74,2026-07-12T17:45:00Z,2026-07-12T19:45:00+0200,175.0,EUR/MWh,NL,NL,imbalance_price,Long,2026-08-06T05:38:50Z
2026-08-06T05:35:55Z,2026-08-06T07:35:55+0200,c3feb7e2-8675-4f7f-be40-2d97c558df74,2026-07-12T17:45:00Z,2026-07-12T19:45:00+0200,175.0,EUR/MWh,NL,NL,imbalance_price,Short,2026-08-06T05:38:50Z
2026-08-06T05:35:55Z,2026-08-06T07:35:55+0200,c3feb7e2-8675-4f7f-be40-2d97c558df74,2026-07-12T18:00:00Z,2026-07-12T20:00:00+0200,144.0,EUR/MWh,NL,NL,imbalance_price,Long,2026-08-06T05:38:50Z
2026-08-06T05:35:55Z,2026-08-06T07:35:55+0200,c3feb7e2-8675-4f7f-be40-2d97c558df74,2026-07-12T18:00:00Z,2026-07-12T20:00:00+0200,144.0,EUR/MWh,NL,NL,imbalance_price,Short,2026-08-06T05:38:50Z
2026-08-06T05:35:55Z,2026-08-06T07:35:55+0200,c3feb7e2-8675-4f7f-be40-2d97c558df74,2026-07-12T18:15:00Z,2026-07-12T20:15:00+0200,170.96,EUR/MWh,NL,NL,imbalance_price,Long,2026-08-06T05:38:50Z
2026-08-06T05:35:55Z,2026-08-06T07:35:55+0200,c3feb7e2-8675-4f7f-be40-2d97c558df74,2026-07-12T18:15:00Z,2026-07-12T20:15:00+0200,170.96,EUR/MWh,NL,NL,imbalance_price,Short,2026-08-06T05:38:50Z
2026-08-06T05:35:55Z,2026-08-06T07:35:55+0200,c3feb7e2-8675-4f7f-be40-2d97c558df74,2026-07-12T18:30:00Z,2026-07-12T20:30:00+0200,175.0,EUR/MWh,NL,NL,imbalance_price,Long,2026-08-06T05:38:50Z
2026-08-06T05:35:55Z,2026-08-06T07:35:55+0200,c3feb7e2-8675-4f7f-be40-2d97c558df74,2026-07-12T18:30:00Z,2026-07-12T20:30:00+0200,175.0,EUR/MWh,NL,NL,imbalance_price,Short,2026-08-06T05:38:50Z
2026-08-06T05:35:55Z,2026-08-06T07:35:55+0200,c3feb7e2-8675-4f7f-be40-2d97c558df74,2026-07-12T18:45:00Z,2026-07-12T20:45:00+0200,171.09,EUR/MWh,NL,NL,imbalance_price,Long,2026-08-06T05:38:50Z
2026-08-06T05:35:55Z,2026-08-06T07:35:55+0200,c3feb7e2-8675-4f7f-be40-2d97c558df74,2026-07-12T18:45:00Z,2026-07-12T20:45:00+0200,171.09,EUR/MWh,NL,NL,imbalance_price,Short,2026-08-06T05:38:50Z
2026-08-06T05:35:55Z,2026-08-06T07:35:55+0200,c3feb7e2-8675-4f7f-be40-2d97c558df74,2026-07-12T19:00:00Z,2026-07-12T21:00:00+0200,144.0,EUR/MWh,NL,NL,imbalance_price,Long,2026-08-06T05:38:50Z
2026-08-06T05:35:55Z,2026-08-06T07:35:55+0200,c3feb7e2-8675-4f7f-be40-2d97c558df74,2026-07-12T19:00:00Z,2026-07-12T21:00:00+0200,144.0,EUR/MWh,NL,NL,imbalance_price,Short,2026-08-06T05:38:50Z
2026-08-06T05:35:55Z,2026-08-06T07:35:55+0200,c3feb7e2-8675-4f7f-be40-2d97c558df74,2026-07-12T19:15:00Z,2026-07-12T21:15:00+0200,108.11,EUR/MWh,NL,NL,imbalance_price,Long,2026-08-06T05:38:50Z
2026-08-06T05:35:55Z,2026-08-06T07:35:55+0200,c3feb7e2-8675-4f7f-be40-2d97c558df74,2026-07-12T19:15:00Z,2026-07-12T21:15:00+0200,108.11,EUR/MWh,NL,NL,imbalance_price,Short,2026-08-06T05:38:50Z
2026-08-06T05:35:55Z,2026-08-06T07:35:55+0200,c3feb7e2-8675-4f7f-be40-2d97c558df74,2026-07-12T19:30:00Z,2026-07-12T21:30:00+0200,104.14,EUR/MWh,NL,NL,imbalance_price,Long,2026-08-06T05:38:50Z
2026-08-06T05:35:55Z,2026-08-06T07:35:55+0200,c3feb7e2-8675-4f7f-be40-2d97c558df74,2026-07-12T19:30:00Z,2026-07-12T21:30:00+0200,104.14,EUR/MWh,NL,NL,imbalance_price,Short,2026-08-06T05:38:50Z
2026-08-06T05:35:55Z,2026-08-06T07:35:55+0200,c3feb7e2-8675-4f7f-be40-2d97c558df74,2026-07-12T19:45:00Z,2026-07-12T21:45:00+0200,112.11,EUR/MWh,NL,NL,imbalance_price,Long,2026-08-06T05:38:50Z
2026-08-06T05:35:55Z,2026-08-06T07:35:55+0200,c3feb7e2-8675-4f7f-be40-2d97c558df74,2026-07-12T19:45:00Z,2026-07-12T21:45:00+0200,121.61,EUR/MWh,NL,NL,imbalance_price,Short,2026-08-06T05:38:50Z
2026-08-06T05:35:55Z,2026-08-06T07:35:55+0200,c3feb7e2-8675-4f7f-be40-2d97c558df74,2026-07-12T20:00:00Z,2026-07-12T22:00:00+0200,125.58,EUR/MWh,NL,NL,imbalance_price,Long,2026-08-06T05:38:50Z
2026-08-06T05:35:55Z,2026-08-06T07:35:55+0200,c3feb7e2-8675-4f7f-be40-2d97c558df74,2026-07-12T20:00:00Z,2026-07-12T22:00:00+0200,125.58,EUR/MWh,NL,NL,imbalance_price,Short,2026-08-06T05:38:50Z
2026-08-06T05:35:55Z,2026-08-06T07:35:55+0200,c3feb7e2-8675-4f7f-be40-2d97c558df74,2026-07-12T20:15:00Z,2026-07-12T22:15:00+0200,104.17,EUR/MWh,NL,NL,imbalance_price,Long,2026-08-06T05:38:50Z
2026-08-06T05:35:55Z,2026-08-06T07:35:55+0200,c3feb7e2-8675-4f7f-be40-2d97c558df74,2026-07-12T20:15:00Z,2026-07-12T22:15:00+0200,109.7,EUR/MWh,NL,NL,imbalance_price,Short,2026-08-06T05:38:50Z
2026-08-06T05:35:55Z,2026-08-06T07:35:55+0200,c3feb7e2-8675-4f7f-be40-2d97c558df74,2026-07-12T20:30:00Z,2026-07-12T22:30:00+0200,103.52,EUR/MWh,NL,NL,imbalance_price,Long,2026-08-06T05:38:50Z
2026-08-06T05:35:55Z,2026-08-06T07:35:55+0200,c3feb7e2-8675-4f7f-be40-2d97c558df74,2026-07-12T20:30:00Z,2026-07-12T22:30:00+0200,133.0,EUR/MWh,NL,NL,imbalance_price,Short,2026-08-06T05:38:50Z
2026-08-06T05:35:55Z,2026-08-06T07:35:55+0200,c3feb7e2-8675-4f7f-be40-2d97c558df74,2026-07-12T20:45:00Z,2026-07-12T22:45:00+0200,103.84,EUR/MWh,NL,NL,imbalance_price,Long,2026-08-06T05:38:50Z
2026-08-06T05:35:55Z,2026-08-06T07:35:55+0200,c3feb7e2-8675-4f7f-be40-2d97c558df74,2026-07-12T20:45:00Z,2026-07-12T22:45:00+0200,133.0,EUR/MWh,NL,NL,imbalance_price,Short,2026-08-06T05:38:50Z
2026-08-06T05:35:55Z,2026-08-06T07:35:55+0200,c3feb7e2-8675-4f7f-be40-2d97c558df74,2026-07-12T21:00:00Z,2026-07-12T23:00:00+0200,104.27,EUR/MWh,NL,NL,imbalance_price,Long,2026-08-06T05:38:50Z
2026-08-06T05:35:55Z,2026-08-06T07:35:55+0200,c3feb7e2-8675-4f7f-be40-2d97c558df74,2026-07-12T21:00:00Z,2026-07-12T23:00:00+0200,135.0,EUR/MWh,NL,NL,imbalance_price,Short,2026-08-06T05:38:50Z
2026-08-06T05:35:55Z,2026-08-06T07:35:55+0200,c3feb7e2-8675-4f7f-be40-2d97c558df74,2026-07-12T21:15:00Z,2026-07-12T23:15:00+0200,144.0,EUR/MWh,NL,NL,imbalance_price,Long,2026-08-06T05:38:50Z
2026-08-06T05:35:55Z,2026-08-06T07:35:55+0200,c3feb7e2-8675-4f7f-be40-2d97c558df74,2026-07-12T21:15:00Z,2026-07-12T23:15:00+0200,144.0,EUR/MWh,NL,NL,imbalance_price,Short,2026-08-06T05:38:50Z
2026-08-06T05:35:55Z,2026-08-06T07:35:55+0200,c3feb7e2-8675-4f7f-be40-2d97c558df74,2026-07-12T21:30:00Z,2026-07-12T23:30:00+0200,97.59,EUR/MWh,NL,NL,imbalance_price,Long,2026-08-06T05:38:50Z
2026-08-06T05:35:55Z,2026-08-06T07:35:55+0200,c3feb7e2-8675-4f7f-be40-2d97c558df74,2026-07-12T21:30:00Z,2026-07-12T23:30:00+0200,105.76,EUR/MWh,NL,NL,imbalance_price,Short,2026-08-06T05:38:50Z
2026-08-06T05:35:55Z,2026-08-06T07:35:55+0200,c3feb7e2-8675-4f7f-be40-2d97c558df74,2026-07-12T21:45:00Z,2026-07-12T23:45:00+0200,96.21,EUR/MWh,NL,NL,imbalance_price,Long,2026-08-06T05:38:50Z
2026-08-06T05:35:55Z,2026-08-06T07:35:55+0200,c3feb7e2-8675-4f7f-be40-2d97c558df74,2026-07-12T21:45:00Z,2026-07-12T23:45:00+0200,96.21,EUR/MWh,NL,NL,imbalance_price,Short,2026-08-06T05:38:50Z
2026-08-06T05:35:55Z,2026-08-06T07:35:55+0200,c3feb7e2-8675-4f7f-be40-2d97c558df74,2026-07-12T22:00:00Z,2026-07-13T00:00:00+0200,92.17,EUR/MWh,NL,NL,imbalance_price,Long,2026-08-06T05:38:50Z
2026-08-06T05:35:55Z,2026-08-06T07:35:55+0200,c3feb7e2-8675-4f7f-be40-2d97c558df74,2026-07-12T22:00:00Z,2026-07-13T00:00:00+0200,104.78,EUR/MWh,NL,NL,imbalance_price,Short,2026-08-06T05:38:50Z
2026-08-06T05:35:55Z,2026-08-06T07:35:55+0200,c3feb7e2-8675-4f7f-be40-2d97c558df74,2026-07-12T22:15:00Z,2026-07-13T00:15:00+0200,104.15,EUR/MWh,NL,NL,imbalance_price,Long,2026-08-06T05:38:50Z
2026-08-06T05:35:55Z,2026-08-06T07:35:55+0200,c3feb7e2-8675-4f7f-be40-2d97c558df74,2026-07-12T22:15:00Z,2026-07-13T00:15:00+0200,104.15,EUR/MWh,NL,NL,imbalance_price,Short,2026-08-06T05:38:50Z
2026-08-06T05:35:55Z,2026-08-06T07:35:55+0200,c3feb7e2-8675-4f7f-be40-2d97c558df74,2026-07-12T22:30:00Z,2026-07-13T00:30:00+0200,103.81,EUR/MWh,NL,NL,imbalance_price,Long,2026-08-06T05:38:50Z
2026-08-06T05:35:55Z,2026-08-06T07:35:55+0200,c3feb7e2-8675-4f7f-be40-2d97c558df74,2026-07-12T22:30:00Z,2026-07-13T00:30:00+0200,135.0,EUR/MWh,NL,NL,imbalance_price,Short,2026-08-06T05:38:50Z
2026-08-06T05:35:55Z,2026-08-06T07:35:55+0200,c3feb7e2-8675-4f7f-be40-2d97c558df74,2026-07-12T22:45:00Z,2026-07-13T00:45:00+0200,100.75,EUR/MWh,NL,NL,imbalance_price,Long,2026-08-06T05:38:50Z
2026-08-06T05:35:55Z,2026-08-06T07:35:55+0200,c3feb7e2-8675-4f7f-be40-2d97c558df74,2026-07-12T22:45:00Z,2026-07-13T00:45:00+0200,137.31,EUR/MWh,NL,NL,imbalance_price,Short,2026-08-06T05:38:50Z
2026-08-06T05:35:55Z,2026-08-06T07:35:55+0200,c3feb7e2-8675-4f7f-be40-2d97c558df74,2026-07-12T23:00:00Z,2026-07-13T01:00:00+0200,103.92,EUR/MWh,NL,NL,imbalance_price,Long,2026-08-06T05:38:50Z
2026-08-06T05:35:55Z,2026-08-06T07:35:55+0200,c3feb7e2-8675-4f7f-be40-2d97c558df74,2026-07-12T23:00:00Z,2026-07-13T01:00:00+0200,103.92,EUR/MWh,NL,NL,imbalance_price,Short,2026-08-06T05:38:50Z
2026-08-06T05:35:55Z,2026-08-06T07:35:55+0200,c3feb7e2-8675-4f7f-be40-2d97c558df74,2026-07-12T23:15:00Z,2026-07-13T01:15:00+0200,93.45,EUR/MWh,NL,NL,imbalance_price,Long,2026-08-06T05:38:50Z
2026-08-06T05:35:55Z,2026-08-06T07:35:55+0200,c3feb7e2-8675-4f7f-be40-2d97c558df74,2026-07-12T23:15:00Z,2026-07-13T01:15:00+0200,105.0,EUR/MWh,NL,NL,imbalance_price,Short,2026-08-06T05:38:50Z
2026-08-06T05:35:55Z,2026-08-06T07:35:55+0200,c3feb7e2-8675-4f7f-be40-2d97c558df74,2026-07-12T23:30:00Z,2026-07-13T01:30:00+0200,115.0,EUR/MWh,NL,NL,imbalance_price,Long,2026-08-06T05:38:50Z
2026-08-06T05:35:55Z,2026-08-06T07:35:55+0200,c3feb7e2-8675-4f7f-be40-2d97c558df74,2026-07-12T23:30:00Z,2026-07-13T01:30:00+0200,115.0,EUR/MWh,NL,NL,imbalance_price,Short,2026-08-06T05:38:50Z
2026-08-06T05:35:55Z,2026-08-06T07:35:55+0200,c3feb7e2-8675-4f7f-be40-2d97c558df74,2026-07-12T23:45:00Z,2026-07-13T01:45:00+0200,93.45,EUR/MWh,NL,NL,imbalance_price,Long,2026-08-06T05:38:50Z
2026-08-06T05:35:55Z,2026-08-06T07:35:55+0200,c3feb7e2-8675-4f7f-be40-2d97c558df74,2026-07-12T23:45:00Z,2026-07-13T01:45:00+0200,93.45,EUR/MWh,NL,NL,imbalance_price,Short,2026-08-06T05:38:50Z
2026-08-06T05:35:55Z,2026-08-06T07:35:55+0200,c3feb7e2-8675-4f7f-be40-2d97c558df74,2026-07-13T00:00:00Z,2026-07-13T02:00:00+0200,92.24,EUR/MWh,NL,NL,imbalance_price,Long,2026-08-06T05:38:50Z
2026-08-06T05:35:55Z,2026-08-06T07:35:55+0200,c3feb7e2-8675-4f7f-be40-2d97c558df74,2026-07-13T00:00:00Z,2026-07-13T02:00:00+0200,92.24,EUR/MWh,NL,NL,imbalance_price,Short,2026-08-06T05:38:50Z
2026-08-06T05:35:55Z,2026-08-06T07:35:55+0200,c3feb7e2-8675-4f7f-be40-2d97c558df74,2026-07-13T00:15:00Z,2026-07-13T02:15:00+0200,85.27,EUR/MWh,NL,NL,imbalance_price,Long,2026-08-06T05:38:50Z
2026-08-06T05:35:55Z,2026-08-06T07:35:55+0200,c3feb7e2-8675-4f7f-be40-2d97c558df74,2026-07-13T00:15:00Z,2026-07-13T02:15:00+0200,85.27,EUR/MWh,NL,NL,imbalance_price,Short,2026-08-06T05:38:50Z
2026-08-06T05:35:55Z,2026-08-06T07:35:55+0200,c3feb7e2-8675-4f7f-be40-2d97c558df74,2026-07-13T00:30:00Z,2026-07-13T02:30:00+0200,80.39,EUR/MWh,NL,NL,imbalance_price,Long,2026-08-06T05:38:50Z
2026-08-06T05:35:55Z,2026-08-06T07:35:55+0200,c3feb7e2-8675-4f7f-be40-2d97c558df74,2026-07-13T00:30:00Z,2026-07-13T02:30:00+0200,80.39,EUR/MWh,NL,NL,imbalance_price,Short,2026-08-06T05:38:50Z
2026-08-06T05:35:55Z,2026-08-06T07:35:55+0200,c3feb7e2-8675-4f7f-be40-2d97c558df74,2026-07-13T00:45:00Z,2026-07-13T02:45:00+0200,95.0,EUR/MWh,NL,NL,imbalance_price,Long,2026-08-06T05:38:50Z
2026-08-06T05:35:55Z,2026-08-06T07:35:55+0200,c3feb7e2-8675-4f7f-be40-2d97c558df74,2026-07-13T00:45:00Z,2026-07-13T02:45:00+0200,95.0,EUR/MWh,NL,NL,imbalance_price,Short,2026-08-06T05:38:50Z
2026-08-06T05:35:55Z,2026-08-06T07:35:55+0200,c3feb7e2-8675-4f7f-be40-2d97c558df74,2026-07-13T01:00:00Z,2026-07-13T03:00:00+0200,104.25,EUR/MWh,NL,NL,imbalance_price,Long,2026-08-06T05:38:50Z
2026-08-06T05:35:55Z,2026-08-06T07:35:55+0200,c3feb7e2-8675-4f7f-be40-2d97c558df74,2026-07-13T01:00:00Z,2026-07-13T03:00:00+0200,133.39,EUR/MWh,NL,NL,imbalance_price,Short,2026-08-06T05:38:50Z
2026-08-06T05:35:55Z,2026-08-06T07:35:55+0200,c3feb7e2-8675-4f7f-be40-2d97c558df74,2026-07-13T01:15:00Z,2026-07-13T03:15:00+0200,115.0,EUR/MWh,NL,NL,imbalance_price,Long,2026-08-06T05:38:50Z
2026-08-06T05:35:55Z,2026-08-06T07:35:55+0200,c3feb7e2-8675-4f7f-be40-2d97c558df74,2026-07-13T01:15:00Z,2026-07-13T03:15:00+0200,115.0,EUR/MWh,NL,NL,imbalance_price,Short,2026-08-06T05:38:50Z
2026-08-06T05:35:55Z,2026-08-06T07:35:55+0200,c3feb7e2-8675-4f7f-be40-2d97c558df74,2026-07-13T01:30:00Z,2026-07-13T03:30:00+0200,93.45,EUR/MWh,NL,NL,imbalance_price,Long,2026-08-06T05:38:50Z
2026-08-06T05:35:55Z,2026-08-06T07:35:55+0200,c3feb7e2-8675-4f7f-be40-2d97c558df74,2026-07-13T01:30:00Z,2026-07-13T03:30:00+0200,93.45,EUR/MWh,NL,NL,imbalance_price,Short,2026-08-06T05:38:50Z
2026-08-06T05:35:55Z,2026-08-06T07:35:55+0200,c3feb7e2-8675-4f7f-be40-2d97c558df74,2026-07-13T01:45:00Z,2026-07-13T03:45:00+0200,93.45,EUR/MWh,NL,NL,imbalance_price,Long,2026-08-06T05:38:50Z
2026-08-06T05:35:55Z,2026-08-06T07:35:55+0200,c3feb7e2-8675-4f7f-be40-2d97c558df74,2026-07-13T01:45:00Z,2026-07-13T03:45:00+0200,115.0,EUR/MWh,NL,NL,imbalance_price,Short,2026-08-06T05:38:50Z
2026-08-06T05:35:55Z,2026-08-06T07:35:55+0200,c3feb7e2-8675-4f7f-be40-2d97c558df74,2026-07-13T02:00:00Z,2026-07-13T04:00:00+0200,135.0,EUR/MWh,NL,NL,imbalance_price,Long,2026-08-06T05:38:50Z
2026-08-06T05:35:55Z,2026-08-06T07:35:55+0200,c3feb7e2-8675-4f7f-be40-2d97c558df74,2026-07-13T02:00:00Z,2026-07-13T04:00:00+0200,135.0,EUR/MWh,NL,NL,imbalance_price,Short,2026-08-06T05:38:50Z
2026-08-06T05:35:55Z,2026-08-06T07:35:55+0200,c3feb7e2-8675-4f7f-be40-2d97c558df74,2026-07-13T02:15:00Z,2026-07-13T04:15:00+0200,94.0,EUR/MWh,NL,NL,imbalance_price,Long,2026-08-06T05:38:50Z
2026-08-06T05:35:55Z,2026-08-06T07:35:55+0200,c3feb7e2-8675-4f7f-be40-2d97c558df74,2026-07-13T02:15:00Z,2026-07-13T04:15:00+0200,115.0,EUR/MWh,NL,NL,imbalance_price,Short,2026-08-06T05:38:50Z
2026-08-06T05:35:55Z,2026-08-06T07:35:55+0200,c3feb7e2-8675-4f7f-be40-2d97c558df74,2026-07-13T02:30:00Z,2026-07-13T04:30:00+0200,103.87,EUR/MWh,NL,NL,imbalance_price,Long,2026-08-06T05:38:50Z
2026-08-06T05:35:55Z,2026-08-06T07:35:55+0200,c3feb7e2-8675-4f7f-be40-2d97c558df74,2026-07-13T02:30:00Z,2026-07-13T04:30:00+0200,104.25,EUR/MWh,NL,NL,imbalance_price,Short,2026-08-06T05:38:50Z
2026-08-06T05:35:55Z,2026-08-06T07:35:55+0200,c3feb7e2-8675-4f7f-be40-2d97c558df74,2026-07-13T02:45:00Z,2026-07-13T04:45:00+0200,104.17,EUR/MWh,NL,NL,imbalance_price,Long,2026-08-06T05:38:50Z
2026-08-06T05:35:55Z,2026-08-06T07:35:55+0200,c3feb7e2-8675-4f7f-be40-2d97c558df74,2026-07-13T02:45:00Z,2026-07-13T04:45:00+0200,104.17,EUR/MWh,NL,NL,imbalance_price,Short,2026-08-06T05:38:50Z
2026-08-06T05:35:55Z,2026-08-06T07:35:55+0200,c3feb7e2-8675-4f7f-be40-2d97c558df74,2026-07-13T03:00:00Z,2026-07-13T05:00:00+0200,93.45,EUR/MWh,NL,NL,imbalance_price,Long,2026-08-06T05:38:50Z
2026-08-06T05:35:55Z,2026-08-06T07:35:55+0200,c3feb7e2-8675-4f7f-be40-2d97c558df74,2026-07-13T03:00:00Z,2026-07-13T05:00:00+0200,175.0,EUR/MWh,NL,NL,imbalance_price,Short,2026-08-06T05:38:50Z
2026-08-06T05:35:55Z,2026-08-06T07:35:55+0200,c3feb7e2-8675-4f7f-be40-2d97c558df74,2026-07-13T03:15:00Z,2026-07-13T05:15:00+0200,152.95,EUR/MWh,NL,NL,imbalance_price,Long,2026-08-06T05:38:50Z
2026-08-06T05:35:55Z,2026-08-06T07:35:55+0200,c3feb7e2-8675-4f7f-be40-2d97c558df74,2026-07-13T03:15:00Z,2026-07-13T05:15:00+0200,152.95,EUR/MWh,NL,NL,imbalance_price,Short,2026-08-06T05:38:50Z
2026-08-06T05:35:55Z,2026-08-06T07:35:55+0200,c3feb7e2-8675-4f7f-be40-2d97c558df74,2026-07-13T03:30:00Z,2026-07-13T05:30:00+0200,175.0,EUR/MWh,NL,NL,imbalance_price,Long,2026-08-06T05:38:50Z
2026-08-06T05:35:55Z,2026-08-06T07:35:55+0200,c3feb7e2-8675-4f7f-be40-2d97c558df74,2026-07-13T03:30:00Z,2026-07-13T05:30:00+0200,175.0,EUR/MWh,NL,NL,imbalance_price,Short,2026-08-06T05:38:50Z
2026-08-06T05:35:55Z,2026-08-06T07:35:55+0200,c3feb7e2-8675-4f7f-be40-2d97c558df74,2026-07-13T03:45:00Z,2026-07-13T05:45:00+0200,104.25,EUR/MWh,NL,NL,imbalance_price,Long,2026-08-06T05:38:50Z
2026-08-06T05:35:55Z,2026-08-06T07:35:55+0200,c3feb7e2-8675-4f7f-be40-2d97c558df74,2026-07-13T03:45:00Z,2026-07-13T05:45:00+0200,136.26,EUR/MWh,NL,NL,imbalance_price,Short,2026-08-06T05:38:50Z
2026-08-06T05:35:55Z,2026-08-06T07:35:55+0200,c3feb7e2-8675-4f7f-be40-2d97c558df74,2026-07-13T04:00:00Z,2026-07-13T06:00:00+0200,103.84,EUR/MWh,NL,NL,imbalance_price,Long,2026-08-06T05:38:50Z
2026-08-06T05:35:55Z,2026-08-06T07:35:55+0200,c3feb7e2-8675-4f7f-be40-2d97c558df74,2026-07-13T04:00:00Z,2026-07-13T06:00:00+0200,143.0,EUR/MWh,NL,NL,imbalance_price,Short,2026-08-06T05:38:50Z
2026-08-06T05:35:55Z,2026-08-06T07:35:55+0200,c3feb7e2-8675-4f7f-be40-2d97c558df74,2026-07-13T04:15:00Z,2026-07-13T06:15:00+0200,112.0,EUR/MWh,NL,NL,imbalance_price,Long,2026-08-06T05:38:50Z
2026-08-06T05:35:55Z,2026-08-06T07:35:55+0200,c3feb7e2-8675-4f7f-be40-2d97c558df74,2026-07-13T04:15:00Z,2026-07-13T06:15:00+0200,135.0,EUR/MWh,NL,NL,imbalance_price,Short,2026-08-06T05:38:50Z
2026-08-06T05:35:55Z,2026-08-06T07:35:55+0200,c3feb7e2-8675-4f7f-be40-2d97c558df74,2026-07-13T04:30:00Z,2026-07-13T06:30:00+0200,109.0,EUR/MWh,NL,NL,imbalance_price,Long,2026-08-06T05:38:50Z
2026-08-06T05:35:55Z,2026-08-06T07:35:55+0200,c3feb7e2-8675-4f7f-be40-2d97c558df74,2026-07-13T04:30:00Z,2026-07-13T06:30:00+0200,109.0,EUR/MWh,NL,NL,imbalance_price,Short,2026-08-06T05:38:50Z
2026-08-06T05:35:55Z,2026-08-06T07:35:55+0200,c3feb7e2-8675-4f7f-be40-2d97c558df74,2026-07-13T04:45:00Z,2026-07-13T06:45:00+0200,135.0,EUR/MWh,NL,NL,imbalance_price,Long,2026-08-06T05:38:50Z
2026-08-06T05:35:55Z,2026-08-06T07:35:55+0200,c3feb7e2-8675-4f7f-be40-2d97c558df74,2026-07-13T04:45:00Z,2026-07-13T06:45:00+0200,135.0,EUR/MWh,NL,NL,imbalance_price,Short,2026-08-06T05:38:50Z
2026-08-06T05:35:55Z,2026-08-06T07:35:55+0200,c3feb7e2-8675-4f7f-be40-2d97c558df74,2026-07-13T05:00:00Z,2026-07-13T07:00:00+0200,103.97,EUR/MWh,NL,NL,imbalance_price,Long,2026-08-06T05:38:50Z
2026-08-06T05:35:55Z,2026-08-06T07:35:55+0200,c3feb7e2-8675-4f7f-be40-2d97c558df74,2026-07-13T05:00:00Z,2026-07-13T07:00:00+0200,135.0,EUR/MWh,NL,NL,imbalance_price,Short,2026-08-06T05:38:50Z
2026-08-06T05:35:55Z,2026-08-06T07:35:55+0200,c3feb7e2-8675-4f7f-be40-2d97c558df74,2026-07-13T05:15:00Z,2026-07-13T07:15:00+0200,94.0,EUR/MWh,NL,NL,imbalance_price,Long,2026-08-06T05:38:50Z
2026-08-06T05:35:55Z,2026-08-06T07:35:55+0200,c3feb7e2-8675-4f7f-be40-2d97c558df74,2026-07-13T05:15:00Z,2026-07-13T07:15:00+0200,94.0,EUR/MWh,NL,NL,imbalance_price,Short,2026-08-06T05:38:50Z
2026-08-06T05:35:55Z,2026-08-06T07:35:55+0200,c3feb7e2-8675-4f7f-be40-2d97c558df74,2026-07-13T05:30:00Z,2026-07-13T07:30:00+0200,100.88,EUR/MWh,NL,NL,imbalance_price,Long,2026-08-06T05:38:50Z
2026-08-06T05:35:55Z,2026-08-06T07:35:55+0200,c3feb7e2-8675-4f7f-be40-2d97c558df74,2026-07-13T05:30:00Z,2026-07-13T07:30:00+0200,143.0,EUR/MWh,NL,NL,imbalance_price,Short,2026-08-06T05:38:50Z
2026-08-06T05:35:55Z,2026-08-06T07:35:55+0200,c3feb7e2-8675-4f7f-be40-2d97c558df74,2026-07-13T05:45:00Z,2026-07-13T07:45:00+0200,110.5,EUR/MWh,NL,NL,imbalance_price,Long,2026-08-06T05:38:50Z
2026-08-06T05:35:55Z,2026-08-06T07:35:55+0200,c3feb7e2-8675-4f7f-be40-2d97c558df74,2026-07-13T05:45:00Z,2026-07-13T07:45:00+0200,150.1,EUR/MWh,NL,NL,imbalance_price,Short,2026-08-06T05:38:50Z
2026-08-06T05:35:55Z,2026-08-06T07:35:55+0200,c3feb7e2-8675-4f7f-be40-2d97c558df74,2026-07-13T06:00:00Z,2026-07-13T08:00:00+0200,131.8,EUR/MWh,NL,NL,imbalance_price,Long,2026-08-06T05:38:50Z
2026-08-06T05:35:55Z,2026-08-06T07:35:55+0200,c3feb7e2-8675-4f7f-be40-2d97c558df74,2026-07-13T06:00:00Z,2026-07-13T08:00:00+0200,131.8,EUR/MWh,NL,NL,imbalance_price,Short,2026-08-06T05:38:50Z
2026-08-06T05:35:55Z,2026-08-06T07:35:55+0200,c3feb7e2-8675-4f7f-be40-2d97c558df74,2026-07-13T06:15:00Z,2026-07-13T08:15:00+0200,100.23,EUR/MWh,NL,NL,imbalance_price,Long,2026-08-06T05:38:50Z
2026-08-06T05:35:55Z,2026-08-06T07:35:55+0200,c3feb7e2-8675-4f7f-be40-2d97c558df74,2026-07-13T06:15:00Z,2026-07-13T08:15:00+0200,143.0,EUR/MWh,NL,NL,imbalance_price,Short,2026-08-06T05:38:50Z
2026-08-06T05:35:55Z,2026-08-06T07:35:55+0200,c3feb7e2-8675-4f7f-be40-2d97c558df74,2026-07-13T06:30:00Z,2026-07-13T08:30:00+0200,150.0,EUR/MWh,NL,NL,imbalance_price,Long,2026-08-06T05:38:50Z
2026-08-06T05:35:55Z,2026-08-06T07:35:55+0200,c3feb7e2-8675-4f7f-be40-2d97c558df74,2026-07-13T06:30:00Z,2026-07-13T08:30:00+0200,150.0,EUR/MWh,NL,NL,imbalance_price,Short,2026-08-06T05:38:50Z
2026-08-06T05:35:55Z,2026-08-06T07:35:55+0200,c3feb7e2-8675-4f7f-be40-2d97c558df74,2026-07-13T06:45:00Z,2026-07-13T08:45:00+0200,87.86,EUR/MWh,NL,NL,imbalance_price,Long,2026-08-06T05:38:50Z
2026-08-06T05:35:55Z,2026-08-06T07:35:55+0200,c3feb7e2-8675-4f7f-be40-2d97c558df74,2026-07-13T06:45:00Z,2026-07-13T08:45:00+0200,106.0,EUR/MWh,NL,NL,imbalance_price,Short,2026-08-06T05:38:50Z
2026-08-06T05:35:55Z,2026-08-06T07:35:55+0200,c3feb7e2-8675-4f7f-be40-2d97c558df74,2026-07-13T07:00:00Z,2026-07-13T09:00:00+0200,84.99,EUR/MWh,NL,NL,imbalance_price,Long,2026-08-06T05:38:50Z
2026-08-06T05:35:55Z,2026-08-06T07:35:55+0200,c3feb7e2-8675-4f7f-be40-2d97c558df74,2026-07-13T07:00:00Z,2026-07-13T09:00:00+0200,143.0,EUR/MWh,NL,NL,imbalance_price,Short,2026-08-06T05:38:50Z
2026-08-06T05:35:55Z,2026-08-06T07:35:55+0200,c3feb7e2-8675-4f7f-be40-2d97c558df74,2026-07-13T07:15:00Z,2026-07-13T09:15:00+0200,150.0,EUR/MWh,NL,NL,imbalance_price,Long,2026-08-06T05:38:50Z
2026-08-06T05:35:55Z,2026-08-06T07:35:55+0200,c3feb7e2-8675-4f7f-be40-2d97c558df74,2026-07-13T07:15:00Z,2026-07-13T09:15:00+0200,150.0,EUR/MWh,NL,NL,imbalance_price,Short,2026-08-06T05:38:50Z
2026-08-06T05:35:55Z,2026-08-06T07:35:55+0200,c3feb7e2-8675-4f7f-be40-2d97c558df74,2026-07-13T07:30:00Z,2026-07-13T09:30:00+0200,106.1,EUR/MWh,NL,NL,imbalance_price,Long,2026-08-06T05:38:50Z
2026-08-06T05:35:55Z,2026-08-06T07:35:55+0200,c3feb7e2-8675-4f7f-be40-2d97c558df74,2026-07-13T07:30:00Z,2026-07-13T09:30:00+0200,106.1,EUR/MWh,NL,NL,imbalance_price,Short,2026-08-06T05:38:50Z
2026-08-06T05:35:55Z,2026-08-06T07:35:55+0200,c3feb7e2-8675-4f7f-be40-2d97c558df74,2026-07-13T07:45:00Z,2026-07-13T09:45:00+0200,38.7,EUR/MWh,NL,NL,imbalance_price,Long,2026-08-06T05:38:50Z
2026-08-06T05:35:55Z,2026-08-06T07:35:55+0200,c3feb7e2-8675-4f7f-be40-2d97c558df74,2026-07-13T07:45:00Z,2026-07-13T09:45:00+0200,106.0,EUR/MWh,NL,NL,imbalance_price,Short,2026-08-06T05:38:50Z
2026-08-06T05:35:55Z,2026-08-06T07:35:55+0200,c3feb7e2-8675-4f7f-be40-2d97c558df74,2026-07-13T08:00:00Z,2026-07-13T10:00:00+0200,16.39,EUR/MWh,NL,NL,imbalance_price,Long,2026-08-06T05:38:50Z
2026-08-06T05:35:55Z,2026-08-06T07:35:55+0200,c3feb7e2-8675-4f7f-be40-2d97c558df74,2026-07-13T08:00:00Z,2026-07-13T10:00:00+0200,16.39,EUR/MWh,NL,NL,imbalance_price,Short,2026-08-06T05:38:50Z
2026-08-06T05:35:55Z,2026-08-06T07:35:55+0200,c3feb7e2-8675-4f7f-be40-2d97c558df74,2026-07-13T08:15:00Z,2026-07-13T10:15:00+0200,16.39,EUR/MWh,NL,NL,imbalance_price,Long,2026-08-06T05:38:50Z
2026-08-06T05:35:55Z,2026-08-06T07:35:55+0200,c3feb7e2-8675-4f7f-be40-2d97c558df74,2026-07-13T08:15:00Z,2026-07-13T10:15:00+0200,16.39,EUR/MWh,NL,NL,imbalance_price,Short,2026-08-06T05:38:50Z
2026-08-06T05:35:55Z,2026-08-06T07:35:55+0200,c3feb7e2-8675-4f7f-be40-2d97c558df74,2026-07-13T08:30:00Z,2026-07-13T10:30:00+0200,16.39,EUR/MWh,NL,NL,imbalance_price,Long,2026-08-06T05:38:50Z
2026-08-06T05:35:55Z,2026-08-06T07:35:55+0200,c3feb7e2-8675-4f7f-be40-2d97c558df74,2026-07-13T08:30:00Z,2026-07-13T10:30:00+0200,79.75,EUR/MWh,NL,NL,imbalance_price,Short,2026-08-06T05:38:50Z
2026-08-06T05:35:55Z,2026-08-06T07:35:55+0200,c3feb7e2-8675-4f7f-be40-2d97c558df74,2026-07-13T08:45:00Z,2026-07-13T10:45:00+0200,54.14,EUR/MWh,NL,NL,imbalance_price,Long,2026-08-06T05:38:50Z
2026-08-06T05:35:55Z,2026-08-06T07:35:55+0200,c3feb7e2-8675-4f7f-be40-2d97c558df74,2026-07-13T08:45:00Z,2026-07-13T10:45:00+0200,54.14,EUR/MWh,NL,NL,imbalance_price,Short,2026-08-06T05:38:50Z
2026-08-06T05:35:55Z,2026-08-06T07:35:55+0200,c3feb7e2-8675-4f7f-be40-2d97c558df74,2026-07-13T09:00:00Z,2026-07-13T11:00:00+0200,12.0,EUR/MWh,NL,NL,imbalance_price,Long,2026-08-06T05:38:50Z
2026-08-06T05:35:55Z,2026-08-06T07:35:55+0200,c3feb7e2-8675-4f7f-be40-2d97c558df74,2026-07-13T09:00:00Z,2026-07-13T11:00:00+0200,12.0,EUR/MWh,NL,NL,imbalance_price,Short,2026-08-06T05:38:50Z
2026-08-06T05:35:55Z,2026-08-06T07:35:55+0200,c3feb7e2-8675-4f7f-be40-2d97c558df74,2026-07-13T09:15:00Z,2026-07-13T11:15:00+0200,-10.0,EUR/MWh,NL,NL,imbalance_price,Long,2026-08-06T05:38:50Z
2026-08-06T05:35:55Z,2026-08-06T07:35:55+0200,c3feb7e2-8675-4f7f-be40-2d97c558df74,2026-07-13T09:15:00Z,2026-07-13T11:15:00+0200,-10.0,EUR/MWh,NL,NL,imbalance_price,Short,2026-08-06T05:38:50Z
2026-08-06T05:35:55Z,2026-08-06T07:35:55+0200,c3feb7e2-8675-4f7f-be40-2d97c558df74,2026-07-13T09:30:00Z,2026-07-13T11:30:00+0200,-10.0,EUR/MWh,NL,NL,imbalance_price,Long,2026-08-06T05:38:50Z
2026-08-06T05:35:55Z,2026-08-06T07:35:55+0200,c3feb7e2-8675-4f7f-be40-2d97c558df74,2026-07-13T09:30:00Z,2026-07-13T11:30:00+0200,-10.0,EUR/MWh,NL,NL,imbalance_price,Short,2026-08-06T05:38:50Z
2026-08-06T05:35:55Z,2026-08-06T07:35:55+0200,c3feb7e2-8675-4f7f-be40-2d97c558df74,2026-07-13T09:45:00Z,2026-07-13T11:45:00+0200,-8.69,EUR/MWh,NL,NL,imbalance_price,Long,2026-08-06T05:38:50Z
2026-08-06T05:35:55Z,2026-08-06T07:35:55+0200,c3feb7e2-8675-4f7f-be40-2d97c558df74,2026-07-13T09:45:00Z,2026-07-13T11:45:00+0200,-8.69,EUR/MWh,NL,NL,imbalance_price,Short,2026-08-06T05:38:50Z
2026-08-06T05:35:55Z,2026-08-06T07:35:55+0200,c3feb7e2-8675-4f7f-be40-2d97c558df74,2026-07-13T10:00:00Z,2026-07-13T12:00:00+0200,-18.0,EUR/MWh,NL,NL,imbalance_price,Long,2026-08-06T05:38:50Z
2026-08-06T05:35:55Z,2026-08-06T07:35:55+0200,c3feb7e2-8675-4f7f-be40-2d97c558df74,2026-07-13T10:00:00Z,2026-07-13T12:00:00+0200,-18.0,EUR/MWh,NL,NL,imbalance_price,Short,2026-08-06T05:38:50Z
2026-08-06T05:35:55Z,2026-08-06T07:35:55+0200,c3feb7e2-8675-4f7f-be40-2d97c558df74,2026-07-13T10:15:00Z,2026-07-13T12:15:00+0200,-20.0,EUR/MWh,NL,NL,imbalance_price,Long,2026-08-06T05:38:50Z
2026-08-06T05:35:55Z,2026-08-06T07:35:55+0200,c3feb7e2-8675-4f7f-be40-2d97c558df74,2026-07-13T10:15:00Z,2026-07-13T12:15:00+0200,-20.0,EUR/MWh,NL,NL,imbalance_price,Short,2026-08-06T05:38:50Z
2026-08-06T05:35:55Z,2026-08-06T07:35:55+0200,c3feb7e2-8675-4f7f-be40-2d97c558df74,2026-07-13T10:30:00Z,2026-07-13T12:30:00+0200,-18.0,EUR/MWh,NL,NL,imbalance_price,Long,2026-08-06T05:38:50Z
2026-08-06T05:35:55Z,2026-08-06T07:35:55+0200,c3feb7e2-8675-4f7f-be40-2d97c558df74,2026-07-13T10:30:00Z,2026-07-13T12:30:00+0200,-18.0,EUR/MWh,NL,NL,imbalance_price,Short,2026-08-06T05:38:50Z
2026-08-06T05:35:55Z,2026-08-06T07:35:55+0200,c3feb7e2-8675-4f7f-be40-2d97c558df74,2026-07-13T10:45:00Z,2026-07-13T12:45:00+0200,-18.0,EUR/MWh,NL,NL,imbalance_price,Long,2026-08-06T05:38:50Z
2026-08-06T05:35:55Z,2026-08-06T07:35:55+0200,c3feb7e2-8675-4f7f-be40-2d97c558df74,2026-07-13T10:45:00Z,2026-07-13T12:45:00+0200,-18.0,EUR/MWh,NL,NL,imbalance_price,Short,2026-08-06T05:38:50Z
2026-08-06T05:35:55Z,2026-08-06T07:35:55+0200,c3feb7e2-8675-4f7f-be40-2d97c558df74,2026-07-13T11:00:00Z,2026-07-13T13:00:00+0200,-22.27,EUR/MWh,NL,NL,imbalance_price,Long,2026-08-06T05:38:50Z
2026-08-06T05:35:55Z,2026-08-06T07:35:55+0200,c3feb7e2-8675-4f7f-be40-2d97c558df74,2026-07-13T11:00:00Z,2026-07-13T13:00:00+0200,-22.27,EUR/MWh,NL,NL,imbalance_price,Short,2026-08-06T05:38:50Z
2026-08-06T05:35:55Z,2026-08-06T07:35:55+0200,c3feb7e2-8675-4f7f-be40-2d97c558df74,2026-07-13T11:15:00Z,2026-07-13T13:15:00+0200,-18.0,EUR/MWh,NL,NL,imbalance_price,Long,2026-08-06T05:38:50Z
2026-08-06T05:35:55Z,2026-08-06T07:35:55+0200,c3feb7e2-8675-4f7f-be40-2d97c558df74,2026-07-13T11:15:00Z,2026-07-13T13:15:00+0200,-18.0,EUR/MWh,NL,NL,imbalance_price,Short,2026-08-06T05:38:50Z
2026-08-06T05:35:55Z,2026-08-06T07:35:55+0200,c3feb7e2-8675-4f7f-be40-2d97c558df74,2026-07-13T11:30:00Z,2026-07-13T13:30:00+0200,-22.27,EUR/MWh,NL,NL,imbalance_price,Long,2026-08-06T05:38:50Z
2026-08-06T05:35:55Z,2026-08-06T07:35:55+0200,c3feb7e2-8675-4f7f-be40-2d97c558df74,2026-07-13T11:30:00Z,2026-07-13T13:30:00+0200,-22.27,EUR/MWh,NL,NL,imbalance_price,Short,2026-08-06T05:38:50Z
2026-08-06T05:35:55Z,2026-08-06T07:35:55+0200,c3feb7e2-8675-4f7f-be40-2d97c558df74,2026-07-13T11:45:00Z,2026-07-13T13:45:00+0200,-30.0,EUR/MWh,NL,NL,imbalance_price,Long,2026-08-06T05:38:50Z
2026-08-06T05:35:55Z,2026-08-06T07:35:55+0200,c3feb7e2-8675-4f7f-be40-2d97c558df74,2026-07-13T11:45:00Z,2026-07-13T13:45:00+0200,-30.0,EUR/MWh,NL,NL,imbalance_price,Short,2026-08-06T05:38:50Z
2026-08-06T05:35:55Z,2026-08-06T07:35:55+0200,c3feb7e2-8675-4f7f-be40-2d97c558df74,2026-07-13T12:00:00Z,2026-07-13T14:00:00+0200,-25.0,EUR/MWh,NL,NL,imbalance_price,Long,2026-08-06T05:38:50Z
2026-08-06T05:35:55Z,2026-08-06T07:35:55+0200,c3feb7e2-8675-4f7f-be40-2d97c558df74,2026-07-13T12:00:00Z,2026-07-13T14:00:00+0200,-25.0,EUR/MWh,NL,NL,imbalance_price,Short,2026-08-06T05:38:50Z
2026-08-06T05:35:55Z,2026-08-06T07:35:55+0200,c3feb7e2-8675-4f7f-be40-2d97c558df74,2026-07-13T12:15:00Z,2026-07-13T14:15:00+0200,-10.0,EUR/MWh,NL,NL,imbalance_price,Long,2026-08-06T05:38:50Z
2026-08-06T05:35:55Z,2026-08-06T07:35:55+0200,c3feb7e2-8675-4f7f-be40-2d97c558df74,2026-07-13T12:15:00Z,2026-07-13T14:15:00+0200,-10.0,EUR/MWh,NL,NL,imbalance_price,Short,2026-08-06T05:38:50Z
2026-08-06T05:35:55Z,2026-08-06T07:35:55+0200,c3feb7e2-8675-4f7f-be40-2d97c558df74,2026-07-13T12:30:00Z,2026-07-13T14:30:00+0200,-20.0,EUR/MWh,NL,NL,imbalance_price,Long,2026-08-06T05:38:50Z
2026-08-06T05:35:55Z,2026-08-06T07:35:55+0200,c3feb7e2-8675-4f7f-be40-2d97c558df74,2026-07-13T12:30:00Z,2026-07-13T14:30:00+0200,-20.0,EUR/MWh,NL,NL,imbalance_price,Short,2026-08-06T05:38:50Z
2026-08-06T05:35:55Z,2026-08-06T07:35:55+0200,c3feb7e2-8675-4f7f-be40-2d97c558df74,2026-07-13T12:45:00Z,2026-07-13T14:45:00+0200,-35.0,EUR/MWh,NL,NL,imbalance_price,Long,2026-08-06T05:38:50Z
2026-08-06T05:35:55Z,2026-08-06T07:35:55+0200,c3feb7e2-8675-4f7f-be40-2d97c558df74,2026-07-13T12:45:00Z,2026-07-13T14:45:00+0200,-35.0,EUR/MWh,NL,NL,imbalance_price,Short,2026-08-06T05:38:50Z
2026-08-06T05:35:55Z,2026-08-06T07:35:55+0200,c3feb7e2-8675-4f7f-be40-2d97c558df74,2026-07-13T13:00:00Z,2026-07-13T15:00:00+0200,-10.0,EUR/MWh,NL,NL,imbalance_price,Long,2026-08-06T05:38:50Z
2026-08-06T05:35:55Z,2026-08-06T07:35:55+0200,c3feb7e2-8675-4f7f-be40-2d97c558df74,2026-07-13T13:00:00Z,2026-07-13T15:00:00+0200,-10.0,EUR/MWh,NL,NL,imbalance_price,Short,2026-08-06T05:38:50Z
2026-08-06T05:35:55Z,2026-08-06T07:35:55+0200,c3feb7e2-8675-4f7f-be40-2d97c558df74,2026-07-13T13:15:00Z,2026-07-13T15:15:00+0200,-18.0,EUR/MWh,NL,NL,imbalance_price,Long,2026-08-06T05:38:50Z
2026-08-06T05:35:55Z,2026-08-06T07:35:55+0200,c3feb7e2-8675-4f7f-be40-2d97c558df74,2026-07-13T13:15:00Z,2026-07-13T15:15:00+0200,105.0,EUR/MWh,NL,NL,imbalance_price,Short,2026-08-06T05:38:50Z
2026-08-06T05:35:55Z,2026-08-06T07:35:55+0200,c3feb7e2-8675-4f7f-be40-2d97c558df74,2026-07-13T13:30:00Z,2026-07-13T15:30:00+0200,-20.0,EUR/MWh,NL,NL,imbalance_price,Long,2026-08-06T05:38:50Z
2026-08-06T05:35:55Z,2026-08-06T07:35:55+0200,c3feb7e2-8675-4f7f-be40-2d97c558df74,2026-07-13T13:30:00Z,2026-07-13T15:30:00+0200,94.44,EUR/MWh,NL,NL,imbalance_price,Short,2026-08-06T05:38:50Z
2026-08-06T05:35:55Z,2026-08-06T07:35:55+0200,c3feb7e2-8675-4f7f-be40-2d97c558df74,2026-07-13T13:45:00Z,2026-07-13T15:45:00+0200,-29.9,EUR/MWh,NL,NL,imbalance_price,Long,2026-08-06T05:38:50Z
2026-08-06T05:35:55Z,2026-08-06T07:35:55+0200,c3feb7e2-8675-4f7f-be40-2d97c558df74,2026-07-13T13:45:00Z,2026-07-13T15:45:00+0200,105.0,EUR/MWh,NL,NL,imbalance_price,Short,2026-08-06T05:38:50Z
2026-08-06T05:35:55Z,2026-08-06T07:35:55+0200,c3feb7e2-8675-4f7f-be40-2d97c558df74,2026-07-13T14:00:00Z,2026-07-13T16:00:00+0200,-4.0,EUR/MWh,NL,NL,imbalance_price,Long,2026-08-06T05:38:50Z
2026-08-06T05:35:55Z,2026-08-06T07:35:55+0200,c3feb7e2-8675-4f7f-be40-2d97c558df74,2026-07-13T14:00:00Z,2026-07-13T16:00:00+0200,67.27,EUR/MWh,NL,NL,imbalance_price,Short,2026-08-06T05:38:50Z
2026-08-06T05:35:55Z,2026-08-06T07:35:55+0200,c3feb7e2-8675-4f7f-be40-2d97c558df74,2026-07-13T14:15:00Z,2026-07-13T16:15:00+0200,1.9,EUR/MWh,NL,NL,imbalance_price,Long,2026-08-06T05:38:50Z
2026-08-06T05:35:55Z,2026-08-06T07:35:55+0200,c3feb7e2-8675-4f7f-be40-2d97c558df74,2026-07-13T14:15:00Z,2026-07-13T16:15:00+0200,93.45,EUR/MWh,NL,NL,imbalance_price,Short,2026-08-06T05:38:50Z
2026-08-06T05:35:55Z,2026-08-06T07:35:55+0200,c3feb7e2-8675-4f7f-be40-2d97c558df74,2026-07-13T14:30:00Z,2026-07-13T16:30:00+0200,1.9,EUR/MWh,NL,NL,imbalance_price,Long,2026-08-06T05:38:50Z
2026-08-06T05:35:55Z,2026-08-06T07:35:55+0200,c3feb7e2-8675-4f7f-be40-2d97c558df74,2026-07-13T14:30:00Z,2026-07-13T16:30:00+0200,113.49,EUR/MWh,NL,NL,imbalance_price,Short,2026-08-06T05:38:50Z
2026-08-06T05:35:55Z,2026-08-06T07:35:55+0200,c3feb7e2-8675-4f7f-be40-2d97c558df74,2026-07-13T14:45:00Z,2026-07-13T16:45:00+0200,12.0,EUR/MWh,NL,NL,imbalance_price,Long,2026-08-06T05:38:50Z
2026-08-06T05:35:55Z,2026-08-06T07:35:55+0200,c3feb7e2-8675-4f7f-be40-2d97c558df74,2026-07-13T14:45:00Z,2026-07-13T16:45:00+0200,162.0,EUR/MWh,NL,NL,imbalance_price,Short,2026-08-06T05:38:50Z
2026-08-06T05:35:55Z,2026-08-06T07:35:55+0200,c3feb7e2-8675-4f7f-be40-2d97c558df74,2026-07-13T15:00:00Z,2026-07-13T17:00:00+0200,136.55,EUR/MWh,NL,NL,imbalance_price,Long,2026-08-06T05:38:50Z
2026-08-06T05:35:55Z,2026-08-06T07:35:55+0200,c3feb7e2-8675-4f7f-be40-2d97c558df74,2026-07-13T15:00:00Z,2026-07-13T17:00:00+0200,136.55,EUR/MWh,NL,NL,imbalance_price,Short,2026-08-06T05:38:50Z
2026-08-06T05:35:55Z,2026-08-06T07:35:55+0200,c3feb7e2-8675-4f7f-be40-2d97c558df74,2026-07-13T15:15:00Z,2026-07-13T17:15:00+0200,200.0,EUR/MWh,NL,NL,imbalance_price,Long,2026-08-06T05:38:50Z
2026-08-06T05:35:55Z,2026-08-06T07:35:55+0200,c3feb7e2-8675-4f7f-be40-2d97c558df74,2026-07-13T15:15:00Z,2026-07-13T17:15:00+0200,200.0,EUR/MWh,NL,NL,imbalance_price,Short,2026-08-06T05:38:50Z
2026-08-06T05:35:55Z,2026-08-06T07:35:55+0200,c3feb7e2-8675-4f7f-be40-2d97c558df74,2026-07-13T15:30:00Z,2026-07-13T17:30:00+0200,158.38,EUR/MWh,NL,NL,imbalance_price,Long,2026-08-06T05:38:50Z
2026-08-06T05:35:55Z,2026-08-06T07:35:55+0200,c3feb7e2-8675-4f7f-be40-2d97c558df74,2026-07-13T15:30:00Z,2026-07-13T17:30:00+0200,158.38,EUR/MWh,NL,NL,imbalance_price,Short,2026-08-06T05:38:50Z
2026-08-06T05:35:55Z,2026-08-06T07:35:55+0200,c3feb7e2-8675-4f7f-be40-2d97c558df74,2026-07-13T15:45:00Z,2026-07-13T17:45:00+0200,200.0,EUR/MWh,NL,NL,imbalance_price,Long,2026-08-06T05:38:50Z
2026-08-06T05:35:55Z,2026-08-06T07:35:55+0200,c3feb7e2-8675-4f7f-be40-2d97c558df74,2026-07-13T15:45:00Z,2026-07-13T17:45:00+0200,200.0,EUR/MWh,NL,NL,imbalance_price,Short,2026-08-06T05:38:50Z
2026-08-06T05:35:55Z,2026-08-06T07:35:55+0200,c3feb7e2-8675-4f7f-be40-2d97c558df74,2026-07-13T16:00:00Z,2026-07-13T18:00:00+0200,107.81,EUR/MWh,NL,NL,imbalance_price,Long,2026-08-06T05:38:50Z
2026-08-06T05:35:55Z,2026-08-06T07:35:55+0200,c3feb7e2-8675-4f7f-be40-2d97c558df74,2026-07-13T16:00:00Z,2026-07-13T18:00:00+0200,150.0,EUR/MWh,NL,NL,imbalance_price,Short,2026-08-06T05:38:50Z
2026-08-06T05:35:55Z,2026-08-06T07:35:55+0200,c3feb7e2-8675-4f7f-be40-2d97c558df74,2026-07-13T16:15:00Z,2026-07-13T18:15:00+0200,102.68,EUR/MWh,NL,NL,imbalance_price,Long,2026-08-06T05:38:50Z
2026-08-06T05:35:55Z,2026-08-06T07:35:55+0200,c3feb7e2-8675-4f7f-be40-2d97c558df74,2026-07-13T16:15:00Z,2026-07-13T18:15:00+0200,150.1,EUR/MWh,NL,NL,imbalance_price,Short,2026-08-06T05:38:50Z
2026-08-06T05:35:55Z,2026-08-06T07:35:55+0200,c3feb7e2-8675-4f7f-be40-2d97c558df74,2026-07-13T16:30:00Z,2026-07-13T18:30:00+0200,88.0,EUR/MWh,NL,NL,imbalance_price,Long,2026-08-06T05:38:50Z
2026-08-06T05:35:55Z,2026-08-06T07:35:55+0200,c3feb7e2-8675-4f7f-be40-2d97c558df74,2026-07-13T16:30:00Z,2026-07-13T18:30:00+0200,165.0,EUR/MWh,NL,NL,imbalance_price,Short,2026-08-06T05:38:50Z
2026-08-06T05:35:55Z,2026-08-06T07:35:55+0200,c3feb7e2-8675-4f7f-be40-2d97c558df74,2026-07-13T16:45:00Z,2026-07-13T18:45:00+0200,165.0,EUR/MWh,NL,NL,imbalance_price,Long,2026-08-06T05:38:50Z
2026-08-06T05:35:55Z,2026-08-06T07:35:55+0200,c3feb7e2-8675-4f7f-be40-2d97c558df74,2026-07-13T16:45:00Z,2026-07-13T18:45:00+0200,165.0,EUR/MWh,NL,NL,imbalance_price,Short,2026-08-06T05:38:50Z
2026-08-06T05:35:55Z,2026-08-06T07:35:55+0200,c3feb7e2-8675-4f7f-be40-2d97c558df74,2026-07-13T17:00:00Z,2026-07-13T19:00:00+0200,75.24,EUR/MWh,NL,NL,imbalance_price,Long,2026-08-06T05:38:50Z
2026-08-06T05:35:55Z,2026-08-06T07:35:55+0200,c3feb7e2-8675-4f7f-be40-2d97c558df74,2026-07-13T17:00:00Z,2026-07-13T19:00:00+0200,143.0,EUR/MWh,NL,NL,imbalance_price,Short,2026-08-06T05:38:50Z
2026-08-06T05:35:55Z,2026-08-06T07:35:55+0200,c3feb7e2-8675-4f7f-be40-2d97c558df74,2026-07-13T17:15:00Z,2026-07-13T19:15:00+0200,108.01,EUR/MWh,NL,NL,imbalance_price,Long,2026-08-06T05:38:50Z
2026-08-06T05:35:55Z,2026-08-06T07:35:55+0200,c3feb7e2-8675-4f7f-be40-2d97c558df74,2026-07-13T17:15:00Z,2026-07-13T19:15:00+0200,143.0,EUR/MWh,NL,NL,imbalance_price,Short,2026-08-06T05:38:50Z
2026-08-06T05:35:55Z,2026-08-06T07:35:55+0200,c3feb7e2-8675-4f7f-be40-2d97c558df74,2026-07-13T17:30:00Z,2026-07-13T19:30:00+0200,110.5,EUR/MWh,NL,NL,imbalance_price,Long,2026-08-06T05:38:50Z
2026-08-06T05:35:55Z,2026-08-06T07:35:55+0200,c3feb7e2-8675-4f7f-be40-2d97c558df74,2026-07-13T17:30:00Z,2026-07-13T19:30:00+0200,165.0,EUR/MWh,NL,NL,imbalance_price,Short,2026-08-06T05:38:50Z
2026-08-06T05:35:55Z,2026-08-06T07:35:55+0200,c3feb7e2-8675-4f7f-be40-2d97c558df74,2026-07-13T17:45:00Z,2026-07-13T19:45:00+0200,107.5,EUR/MWh,NL,NL,imbalance_price,Long,2026-08-06T05:38:50Z
2026-08-06T05:35:55Z,2026-08-06T07:35:55+0200,c3feb7e2-8675-4f7f-be40-2d97c558df74,2026-07-13T17:45:00Z,2026-07-13T19:45:00+0200,165.0,EUR/MWh,NL,NL,imbalance_price,Short,2026-08-06T05:38:50Z
2026-08-06T05:35:55Z,2026-08-06T07:35:55+0200,c3feb7e2-8675-4f7f-be40-2d97c558df74,2026-07-13T18:00:00Z,2026-07-13T20:00:00+0200,107.5,EUR/MWh,NL,NL,imbalance_price,Long,2026-08-06T05:38:50Z
2026-08-06T05:35:55Z,2026-08-06T07:35:55+0200,c3feb7e2-8675-4f7f-be40-2d97c558df74,2026-07-13T18:00:00Z,2026-07-13T20:00:00+0200,152.36,EUR/MWh,NL,NL,imbalance_price,Short,2026-08-06T05:38:50Z
2026-08-06T05:35:55Z,2026-08-06T07:35:55+0200,c3feb7e2-8675-4f7f-be40-2d97c558df74,2026-07-13T18:15:00Z,2026-07-13T20:15:00+0200,110.5,EUR/MWh,NL,NL,imbalance_price,Long,2026-08-06T05:38:50Z
2026-08-06T05:35:55Z,2026-08-06T07:35:55+0200,c3feb7e2-8675-4f7f-be40-2d97c558df74,2026-07-13T18:15:00Z,2026-07-13T20:15:00+0200,150.0,EUR/MWh,NL,NL,imbalance_price,Short,2026-08-06T05:38:50Z
2026-08-06T05:35:55Z,2026-08-06T07:35:55+0200,c3feb7e2-8675-4f7f-be40-2d97c558df74,2026-07-13T18:30:00Z,2026-07-13T20:30:00+0200,159.74,EUR/MWh,NL,NL,imbalance_price,Long,2026-08-06T05:38:50Z
2026-08-06T05:35:55Z,2026-08-06T07:35:55+0200,c3feb7e2-8675-4f7f-be40-2d97c558df74,2026-07-13T18:30:00Z,2026-07-13T20:30:00+0200,159.74,EUR/MWh,NL,NL,imbalance_price,Short,2026-08-06T05:38:50Z
2026-08-06T05:35:55Z,2026-08-06T07:35:55+0200,c3feb7e2-8675-4f7f-be40-2d97c558df74,2026-07-13T18:45:00Z,2026-07-13T20:45:00+0200,150.0,EUR/MWh,NL,NL,imbalance_price,Long,2026-08-06T05:38:50Z
2026-08-06T05:35:55Z,2026-08-06T07:35:55+0200,c3feb7e2-8675-4f7f-be40-2d97c558df74,2026-07-13T18:45:00Z,2026-07-13T20:45:00+0200,150.0,EUR/MWh,NL,NL,imbalance_price,Short,2026-08-06T05:38:50Z
2026-08-06T05:35:55Z,2026-08-06T07:35:55+0200,c3feb7e2-8675-4f7f-be40-2d97c558df74,2026-07-13T19:00:00Z,2026-07-13T21:00:00+0200,109.0,EUR/MWh,NL,NL,imbalance_price,Long,2026-08-06T05:38:50Z
2026-08-06T05:35:55Z,2026-08-06T07:35:55+0200,c3feb7e2-8675-4f7f-be40-2d97c558df74,2026-07-13T19:00:00Z,2026-07-13T21:00:00+0200,153.0,EUR/MWh,NL,NL,imbalance_price,Short,2026-08-06T05:38:50Z
2026-08-06T05:35:55Z,2026-08-06T07:35:55+0200,c3feb7e2-8675-4f7f-be40-2d97c558df74,2026-07-13T19:15:00Z,2026-07-13T21:15:00+0200,108.5,EUR/MWh,NL,NL,imbalance_price,Long,2026-08-06T05:38:50Z
2026-08-06T05:35:55Z,2026-08-06T07:35:55+0200,c3feb7e2-8675-4f7f-be40-2d97c558df74,2026-07-13T19:15:00Z,2026-07-13T21:15:00+0200,165.0,EUR/MWh,NL,NL,imbalance_price,Short,2026-08-06T05:38:50Z
2026-08-06T05:35:55Z,2026-08-06T07:35:55+0200,c3feb7e2-8675-4f7f-be40-2d97c558df74,2026-07-13T19:30:00Z,2026-07-13T21:30:00+0200,110.5,EUR/MWh,NL,NL,imbalance_price,Long,2026-08-06T05:38:50Z
2026-08-06T05:35:55Z,2026-08-06T07:35:55+0200,c3feb7e2-8675-4f7f-be40-2d97c558df74,2026-07-13T19:30:00Z,2026-07-13T21:30:00+0200,165.0,EUR/MWh,NL,NL,imbalance_price,Short,2026-08-06T05:38:50Z
2026-08-06T05:35:55Z,2026-08-06T07:35:55+0200,c3feb7e2-8675-4f7f-be40-2d97c558df74,2026-07-13T19:45:00Z,2026-07-13T21:45:00+0200,109.0,EUR/MWh,NL,NL,imbalance_price,Long,2026-08-06T05:38:50Z
2026-08-06T05:35:55Z,2026-08-06T07:35:55+0200,c3feb7e2-8675-4f7f-be40-2d97c558df74,2026-07-13T19:45:00Z,2026-07-13T21:45:00+0200,153.0,EUR/MWh,NL,NL,imbalance_price,Short,2026-08-06T05:38:50Z
2026-08-06T05:35:55Z,2026-08-06T07:35:55+0200,c3feb7e2-8675-4f7f-be40-2d97c558df74,2026-07-13T20:00:00Z,2026-07-13T22:00:00+0200,104.25,EUR/MWh,NL,NL,imbalance_price,Long,2026-08-06T05:38:50Z
2026-08-06T05:35:55Z,2026-08-06T07:35:55+0200,c3feb7e2-8675-4f7f-be40-2d97c558df74,2026-07-13T20:00:00Z,2026-07-13T22:00:00+0200,156.0,EUR/MWh,NL,NL,imbalance_price,Short,2026-08-06T05:38:50Z
2026-08-06T05:35:55Z,2026-08-06T07:35:55+0200,c3feb7e2-8675-4f7f-be40-2d97c558df74,2026-07-13T20:15:00Z,2026-07-13T22:15:00+0200,104.25,EUR/MWh,NL,NL,imbalance_price,Long,2026-08-06T05:38:50Z
2026-08-06T05:35:55Z,2026-08-06T07:35:55+0200,c3feb7e2-8675-4f7f-be40-2d97c558df74,2026-07-13T20:15:00Z,2026-07-13T22:15:00+0200,156.0,EUR/MWh,NL,NL,imbalance_price,Short,2026-08-06T05:38:50Z
2026-08-06T05:35:55Z,2026-08-06T07:35:55+0200,c3feb7e2-8675-4f7f-be40-2d97c558df74,2026-07-13T20:30:00Z,2026-07-13T22:30:00+0200,110.9,EUR/MWh,NL,NL,imbalance_price,Long,2026-08-06T05:38:50Z
2026-08-06T05:35:55Z,2026-08-06T07:35:55+0200,c3feb7e2-8675-4f7f-be40-2d97c558df74,2026-07-13T20:30:00Z,2026-07-13T22:30:00+0200,112.79,EUR/MWh,NL,NL,imbalance_price,Short,2026-08-06T05:38:50Z
2026-08-06T05:35:55Z,2026-08-06T07:35:55+0200,c3feb7e2-8675-4f7f-be40-2d97c558df74,2026-07-13T20:45:00Z,2026-07-13T22:45:00+0200,112.49,EUR/MWh,NL,NL,imbalance_price,Long,2026-08-06T05:38:50Z
2026-08-06T05:35:55Z,2026-08-06T07:35:55+0200,c3feb7e2-8675-4f7f-be40-2d97c558df74,2026-07-13T20:45:00Z,2026-07-13T22:45:00+0200,156.0,EUR/MWh,NL,NL,imbalance_price,Short,2026-08-06T05:38:50Z
2026-08-06T05:35:55Z,2026-08-06T07:35:55+0200,c3feb7e2-8675-4f7f-be40-2d97c558df74,2026-07-13T21:00:00Z,2026-07-13T23:00:00+0200,107.32,EUR/MWh,NL,NL,imbalance_price,Long,2026-08-06T05:38:50Z
2026-08-06T05:35:55Z,2026-08-06T07:35:55+0200,c3feb7e2-8675-4f7f-be40-2d97c558df74,2026-07-13T21:00:00Z,2026-07-13T23:00:00+0200,172.78,EUR/MWh,NL,NL,imbalance_price,Short,2026-08-06T05:38:50Z
2026-08-06T05:35:55Z,2026-08-06T07:35:55+0200,c3feb7e2-8675-4f7f-be40-2d97c558df74,2026-07-13T21:15:00Z,2026-07-13T23:15:00+0200,110.41,EUR/MWh,NL,NL,imbalance_price,Long,2026-08-06T05:38:50Z
2026-08-06T05:35:55Z,2026-08-06T07:35:55+0200,c3feb7e2-8675-4f7f-be40-2d97c558df74,2026-07-13T21:15:00Z,2026-07-13T23:15:00+0200,156.0,EUR/MWh,NL,NL,imbalance_price,Short,2026-08-06T05:38:50Z
2026-08-06T05:35:55Z,2026-08-06T07:35:55+0200,c3feb7e2-8675-4f7f-be40-2d97c558df74,2026-07-13T21:30:00Z,2026-07-13T23:30:00+0200,150.0,EUR/MWh,NL,NL,imbalance_price,Long,2026-08-06T05:38:50Z
2026-08-06T05:35:55Z,2026-08-06T07:35:55+0200,c3feb7e2-8675-4f7f-be40-2d97c558df74,2026-07-13T21:30:00Z,2026-07-13T23:30:00+0200,150.0,EUR/MWh,NL,NL,imbalance_price,Short,2026-08-06T05:38:50Z
2026-08-06T05:35:55Z,2026-08-06T07:35:55+0200,c3feb7e2-8675-4f7f-be40-2d97c558df74,2026-07-13T21:45:00Z,2026-07-13T23:45:00+0200,159.0,EUR/MWh,NL,NL,imbalance_price,Long,2026-08-06T05:38:50Z
2026-08-06T05:35:55Z,2026-08-06T07:35:55+0200,c3feb7e2-8675-4f7f-be40-2d97c558df74,2026-07-13T21:45:00Z,2026-07-13T23:45:00+0200,159.0,EUR/MWh,NL,NL,imbalance_price,Short,2026-08-06T05:38:50Z
2026-08-06T05:35:55Z,2026-08-06T07:35:55+0200,c3feb7e2-8675-4f7f-be40-2d97c558df74,2026-07-13T22:00:00Z,2026-07-14T00:00:00+0200,160.4,EUR/MWh,NL,NL,imbalance_price,Long,2026-08-06T05:38:50Z
2026-08-06T05:35:55Z,2026-08-06T07:35:55+0200,c3feb7e2-8675-4f7f-be40-2d97c558df74,2026-07-13T22:00:00Z,2026-07-14T00:00:00+0200,160.4,EUR/MWh,NL,NL,imbalance_price,Short,2026-08-06T05:38:50Z
2026-08-06T05:35:55Z,2026-08-06T07:35:55+0200,c3feb7e2-8675-4f7f-be40-2d97c558df74,2026-07-13T22:15:00Z,2026-07-14T00:15:00+0200,191.16,EUR/MWh,NL,NL,imbalance_price,Long,2026-08-06T05:38:50Z
2026-08-06T05:35:55Z,2026-08-06T07:35:55+0200,c3feb7e2-8675-4f7f-be40-2d97c558df74,2026-07-13T22:15:00Z,2026-07-14T00:15:00+0200,191.16,EUR/MWh,NL,NL,imbalance_price,Short,2026-08-06T05:38:50Z
2026-08-06T05:35:55Z,2026-08-06T07:35:55+0200,c3feb7e2-8675-4f7f-be40-2d97c558df74,2026-07-13T22:30:00Z,2026-07-14T00:30:00+0200,182.41,EUR/MWh,NL,NL,imbalance_price,Long,2026-08-06T05:38:50Z
2026-08-06T05:35:55Z,2026-08-06T07:35:55+0200,c3feb7e2-8675-4f7f-be40-2d97c558df74,2026-07-13T22:30:00Z,2026-07-14T00:30:00+0200,182.41,EUR/MWh,NL,NL,imbalance_price,Short,2026-08-06T05:38:50Z
2026-08-06T05:35:55Z,2026-08-06T07:35:55+0200,c3feb7e2-8675-4f7f-be40-2d97c558df74,2026-07-13T22:45:00Z,2026-07-14T00:45:00+0200,110.5,EUR/MWh,NL,NL,imbalance_price,Long,2026-08-06T05:38:50Z
2026-08-06T05:35:55Z,2026-08-06T07:35:55+0200,c3feb7e2-8675-4f7f-be40-2d97c558df74,2026-07-13T22:45:00Z,2026-07-14T00:45:00+0200,113.49,EUR/MWh,NL,NL,imbalance_price,Short,2026-08-06T05:38:50Z
2026-08-06T05:35:55Z,2026-08-06T07:35:55+0200,c3feb7e2-8675-4f7f-be40-2d97c558df74,2026-07-13T23:00:00Z,2026-07-14T01:00:00+0200,171.7,EUR/MWh,NL,NL,imbalance_price,Long,2026-08-06T05:38:50Z
2026-08-06T05:35:55Z,2026-08-06T07:35:55+0200,c3feb7e2-8675-4f7f-be40-2d97c558df74,2026-07-13T23:00:00Z,2026-07-14T01:00:00+0200,171.7,EUR/MWh,NL,NL,imbalance_price,Short,2026-08-06T05:38:50Z
2026-08-06T05:35:55Z,2026-08-06T07:35:55+0200,c3feb7e2-8675-4f7f-be40-2d97c558df74,2026-07-13T23:15:00Z,2026-07-14T01:15:00+0200,156.0,EUR/MWh,NL,NL,imbalance_price,Long,2026-08-06T05:38:50Z
2026-08-06T05:35:55Z,2026-08-06T07:35:55+0200,c3feb7e2-8675-4f7f-be40-2d97c558df74,2026-07-13T23:15:00Z,2026-07-14T01:15:00+0200,156.0,EUR/MWh,NL,NL,imbalance_price,Short,2026-08-06T05:38:50Z
2026-08-06T05:35:55Z,2026-08-06T07:35:55+0200,c3feb7e2-8675-4f7f-be40-2d97c558df74,2026-07-13T23:30:00Z,2026-07-14T01:30:00+0200,110.5,EUR/MWh,NL,NL,imbalance_price,Long,2026-08-06T05:38:50Z
2026-08-06T05:35:55Z,2026-08-06T07:35:55+0200,c3feb7e2-8675-4f7f-be40-2d97c558df74,2026-07-13T23:30:00Z,2026-07-14T01:30:00+0200,156.0,EUR/MWh,NL,NL,imbalance_price,Short,2026-08-06T05:38:50Z
2026-08-06T05:35:55Z,2026-08-06T07:35:55+0200,c3feb7e2-8675-4f7f-be40-2d97c558df74,2026-07-13T23:45:00Z,2026-07-14T01:45:00+0200,121.89,EUR/MWh,NL,NL,imbalance_price,Long,2026-08-06T05:38:50Z
2026-08-06T05:35:55Z,2026-08-06T07:35:55+0200,c3feb7e2-8675-4f7f-be40-2d97c558df74,2026-07-13T23:45:00Z,2026-07-14T01:45:00+0200,121.89,EUR/MWh,NL,NL,imbalance_price,Short,2026-08-06T05:38:50Z
2026-08-06T05:35:55Z,2026-08-06T07:35:55+0200,c3feb7e2-8675-4f7f-be40-2d97c558df74,2026-07-14T00:00:00Z,2026-07-14T02:00:00+0200,108.11,EUR/MWh,NL,NL,imbalance_price,Long,2026-08-06T05:38:50Z
2026-08-06T05:35:55Z,2026-08-06T07:35:55+0200,c3feb7e2-8675-4f7f-be40-2d97c558df74,2026-07-14T00:00:00Z,2026-07-14T02:00:00+0200,150.0,EUR/MWh,NL,NL,imbalance_price,Short,2026-08-06T05:38:50Z
2026-08-06T05:35:55Z,2026-08-06T07:35:55+0200,c3feb7e2-8675-4f7f-be40-2d97c558df74,2026-07-14T00:15:00Z,2026-07-14T02:15:00+0200,105.3,EUR/MWh,NL,NL,imbalance_price,Long,2026-08-06T05:38:50Z
2026-08-06T05:35:55Z,2026-08-06T07:35:55+0200,c3feb7e2-8675-4f7f-be40-2d97c558df74,2026-07-14T00:15:00Z,2026-07-14T02:15:00+0200,108.52,EUR/MWh,NL,NL,imbalance_price,Short,2026-08-06T05:38:50Z
2026-08-06T05:35:55Z,2026-08-06T07:35:55+0200,c3feb7e2-8675-4f7f-be40-2d97c558df74,2026-07-14T00:30:00Z,2026-07-14T02:30:00+0200,105.3,EUR/MWh,NL,NL,imbalance_price,Long,2026-08-06T05:38:50Z
2026-08-06T05:35:55Z,2026-08-06T07:35:55+0200,c3feb7e2-8675-4f7f-be40-2d97c558df74,2026-07-14T00:30:00Z,2026-07-14T02:30:00+0200,105.3,EUR/MWh,NL,NL,imbalance_price,Short,2026-08-06T05:38:50Z
2026-08-06T05:35:55Z,2026-08-06T07:35:55+0200,c3feb7e2-8675-4f7f-be40-2d97c558df74,2026-07-14T00:45:00Z,2026-07-14T02:45:00+0200,101.64,EUR/MWh,NL,NL,imbalance_price,Long,2026-08-06T05:38:50Z
2026-08-06T05:35:55Z,2026-08-06T07:35:55+0200,c3feb7e2-8675-4f7f-be40-2d97c558df74,2026-07-14T00:45:00Z,2026-07-14T02:45:00+0200,118.49,EUR/MWh,NL,NL,imbalance_price,Short,2026-08-06T05:38:50Z
2026-08-06T05:35:55Z,2026-08-06T07:35:55+0200,c3feb7e2-8675-4f7f-be40-2d97c558df74,2026-07-14T01:00:00Z,2026-07-14T03:00:00+0200,109.43,EUR/MWh,NL,NL,imbalance_price,Long,2026-08-06T05:38:50Z
2026-08-06T05:35:55Z,2026-08-06T07:35:55+0200,c3feb7e2-8675-4f7f-be40-2d97c558df74,2026-07-14T01:00:00Z,2026-07-14T03:00:00+0200,109.43,EUR/MWh,NL,NL,imbalance_price,Short,2026-08-06T05:38:50Z
2026-08-06T05:35:55Z,2026-08-06T07:35:55+0200,c3feb7e2-8675-4f7f-be40-2d97c558df74,2026-07-14T01:15:00Z,2026-07-14T03:15:00+0200,104.25,EUR/MWh,NL,NL,imbalance_price,Long,2026-08-06T05:38:50Z
2026-08-06T05:35:55Z,2026-08-06T07:35:55+0200,c3feb7e2-8675-4f7f-be40-2d97c558df74,2026-07-14T01:15:00Z,2026-07-14T03:15:00+0200,118.49,EUR/MWh,NL,NL,imbalance_price,Short,2026-08-06T05:38:50Z
2026-08-06T05:35:55Z,2026-08-06T07:35:55+0200,c3feb7e2-8675-4f7f-be40-2d97c558df74,2026-07-14T01:30:00Z,2026-07-14T03:30:00+0200,104.25,EUR/MWh,NL,NL,imbalance_price,Long,2026-08-06T05:38:50Z
2026-08-06T05:35:55Z,2026-08-06T07:35:55+0200,c3feb7e2-8675-4f7f-be40-2d97c558df74,2026-07-14T01:30:00Z,2026-07-14T03:30:00+0200,118.49,EUR/MWh,NL,NL,imbalance_price,Short,2026-08-06T05:38:50Z
2026-08-06T05:35:55Z,2026-08-06T07:35:55+0200,c3feb7e2-8675-4f7f-be40-2d97c558df74,2026-07-14T01:45:00Z,2026-07-14T03:45:00+0200,144.0,EUR/MWh,NL,NL,imbalance_price,Long,2026-08-06T05:38:50Z
2026-08-06T05:35:55Z,2026-08-06T07:35:55+0200,c3feb7e2-8675-4f7f-be40-2d97c558df74,2026-07-14T01:45:00Z,2026-07-14T03:45:00+0200,144.0,EUR/MWh,NL,NL,imbalance_price,Short,2026-08-06T05:38:50Z
2026-08-06T05:35:55Z,2026-08-06T07:35:55+0200,c3feb7e2-8675-4f7f-be40-2d97c558df74,2026-07-14T02:00:00Z,2026-07-14T04:00:00+0200,162.62,EUR/MWh,NL,NL,imbalance_price,Long,2026-08-06T05:38:50Z
2026-08-06T05:35:55Z,2026-08-06T07:35:55+0200,c3feb7e2-8675-4f7f-be40-2d97c558df74,2026-07-14T02:00:00Z,2026-07-14T04:00:00+0200,162.62,EUR/MWh,NL,NL,imbalance_price,Short,2026-08-06T05:38:50Z
2026-08-06T05:35:55Z,2026-08-06T07:35:55+0200,c3feb7e2-8675-4f7f-be40-2d97c558df74,2026-07-14T02:15:00Z,2026-07-14T04:15:00+0200,156.0,EUR/MWh,NL,NL,imbalance_price,Long,2026-08-06T05:38:50Z
2026-08-06T05:35:55Z,2026-08-06T07:35:55+0200,c3feb7e2-8675-4f7f-be40-2d97c558df74,2026-07-14T02:15:00Z,2026-07-14T04:15:00+0200,156.0,EUR/MWh,NL,NL,imbalance_price,Short,2026-08-06T05:38:50Z
2026-08-06T05:35:55Z,2026-08-06T07:35:55+0200,c3feb7e2-8675-4f7f-be40-2d97c558df74,2026-07-14T02:30:00Z,2026-07-14T04:30:00+0200,96.75,EUR/MWh,NL,NL,imbalance_price,Long,2026-08-06T05:38:50Z
2026-08-06T05:35:55Z,2026-08-06T07:35:55+0200,c3feb7e2-8675-4f7f-be40-2d97c558df74,2026-07-14T02:30:00Z,2026-07-14T04:30:00+0200,121.9,EUR/MWh,NL,NL,imbalance_price,Short,2026-08-06T05:38:50Z
2026-08-06T05:35:55Z,2026-08-06T07:35:55+0200,c3feb7e2-8675-4f7f-be40-2d97c558df74,2026-07-14T02:45:00Z,2026-07-14T04:45:00+0200,106.36,EUR/MWh,NL,NL,imbalance_price,Long,2026-08-06T05:38:50Z
2026-08-06T05:35:55Z,2026-08-06T07:35:55+0200,c3feb7e2-8675-4f7f-be40-2d97c558df74,2026-07-14T02:45:00Z,2026-07-14T04:45:00+0200,150.0,EUR/MWh,NL,NL,imbalance_price,Short,2026-08-06T05:38:50Z
2026-08-06T05:35:55Z,2026-08-06T07:35:55+0200,c3feb7e2-8675-4f7f-be40-2d97c558df74,2026-07-14T03:00:00Z,2026-07-14T05:00:00+0200,159.0,EUR/MWh,NL,NL,imbalance_price,Long,2026-08-06T05:38:50Z
2026-08-06T05:35:55Z,2026-08-06T07:35:55+0200,c3feb7e2-8675-4f7f-be40-2d97c558df74,2026-07-14T03:00:00Z,2026-07-14T05:00:00+0200,159.0,EUR/MWh,NL,NL,imbalance_price,Short,2026-08-06T05:38:50Z
2026-08-06T05:35:55Z,2026-08-06T07:35:55+0200,c3feb7e2-8675-4f7f-be40-2d97c558df74,2026-07-14T03:15:00Z,2026-07-14T05:15:00+0200,107.64,EUR/MWh,NL,NL,imbalance_price,Long,2026-08-06T05:38:50Z
2026-08-06T05:35:55Z,2026-08-06T07:35:55+0200,c3feb7e2-8675-4f7f-be40-2d97c558df74,2026-07-14T03:15:00Z,2026-07-14T05:15:00+0200,159.0,EUR/MWh,NL,NL,imbalance_price,Short,2026-08-06T05:38:50Z
2026-08-06T05:35:55Z,2026-08-06T07:35:55+0200,c3feb7e2-8675-4f7f-be40-2d97c558df74,2026-07-14T03:30:00Z,2026-07-14T05:30:00+0200,114.65,EUR/MWh,NL,NL,imbalance_price,Long,2026-08-06T05:38:50Z
2026-08-06T05:35:55Z,2026-08-06T07:35:55+0200,c3feb7e2-8675-4f7f-be40-2d97c558df74,2026-07-14T03:30:00Z,2026-07-14T05:30:00+0200,114.65,EUR/MWh,NL,NL,imbalance_price,Short,2026-08-06T05:38:50Z
2026-08-06T05:35:55Z,2026-08-06T07:35:55+0200,c3feb7e2-8675-4f7f-be40-2d97c558df74,2026-07-14T03:45:00Z,2026-07-14T05:45:00+0200,106.23,EUR/MWh,NL,NL,imbalance_price,Long,2026-08-06T05:38:50Z
2026-08-06T05:35:55Z,2026-08-06T07:35:55+0200,c3feb7e2-8675-4f7f-be40-2d97c558df74,2026-07-14T03:45:00Z,2026-07-14T05:45:00+0200,106.23,EUR/MWh,NL,NL,imbalance_price,Short,2026-08-06T05:38:50Z
2026-08-06T05:35:55Z,2026-08-06T07:35:55+0200,c3feb7e2-8675-4f7f-be40-2d97c558df74,2026-07-14T04:00:00Z,2026-07-14T06:00:00+0200,106.03,EUR/MWh,NL,NL,imbalance_price,Long,2026-08-06T05:38:50Z
2026-08-06T05:35:55Z,2026-08-06T07:35:55+0200,c3feb7e2-8675-4f7f-be40-2d97c558df74,2026-07-14T04:00:00Z,2026-07-14T06:00:00+0200,170.0,EUR/MWh,NL,NL,imbalance_price,Short,2026-08-06T05:38:50Z
2026-08-06T05:35:55Z,2026-08-06T07:35:55+0200,c3feb7e2-8675-4f7f-be40-2d97c558df74,2026-07-14T04:15:00Z,2026-07-14T06:15:00+0200,168.2,EUR/MWh,NL,NL,imbalance_price,Long,2026-08-06T05:38:50Z
2026-08-06T05:35:55Z,2026-08-06T07:35:55+0200,c3feb7e2-8675-4f7f-be40-2d97c558df74,2026-07-14T04:15:00Z,2026-07-14T06:15:00+0200,168.2,EUR/MWh,NL,NL,imbalance_price,Short,2026-08-06T05:38:50Z
2026-08-06T05:35:55Z,2026-08-06T07:35:55+0200,c3feb7e2-8675-4f7f-be40-2d97c558df74,2026-07-14T04:30:00Z,2026-07-14T06:30:00+0200,150.0,EUR/MWh,NL,NL,imbalance_price,Long,2026-08-06T05:38:50Z
2026-08-06T05:35:55Z,2026-08-06T07:35:55+0200,c3feb7e2-8675-4f7f-be40-2d97c558df74,2026-07-14T04:30:00Z,2026-07-14T06:30:00+0200,150.0,EUR/MWh,NL,NL,imbalance_price,Short,2026-08-06T05:38:50Z
2026-08-06T05:35:55Z,2026-08-06T07:35:55+0200,c3feb7e2-8675-4f7f-be40-2d97c558df74,2026-07-14T04:45:00Z,2026-07-14T06:45:00+0200,150.0,EUR/MWh,NL,NL,imbalance_price,Long,2026-08-06T05:38:50Z
2026-08-06T05:35:55Z,2026-08-06T07:35:55+0200,c3feb7e2-8675-4f7f-be40-2d97c558df74,2026-07-14T04:45:00Z,2026-07-14T06:45:00+0200,150.0,EUR/MWh,NL,NL,imbalance_price,Short,2026-08-06T05:38:50Z
2026-08-06T05:35:55Z,2026-08-06T07:35:55+0200,c3feb7e2-8675-4f7f-be40-2d97c558df74,2026-07-14T05:00:00Z,2026-07-14T07:00:00+0200,162.0,EUR/MWh,NL,NL,imbalance_price,Long,2026-08-06T05:38:50Z
2026-08-06T05:35:55Z,2026-08-06T07:35:55+0200,c3feb7e2-8675-4f7f-be40-2d97c558df74,2026-07-14T05:00:00Z,2026-07-14T07:00:00+0200,162.0,EUR/MWh,NL,NL,imbalance_price,Short,2026-08-06T05:38:50Z
2026-08-06T05:35:55Z,2026-08-06T07:35:55+0200,c3feb7e2-8675-4f7f-be40-2d97c558df74,2026-07-14T05:15:00Z,2026-07-14T07:15:00+0200,162.0,EUR/MWh,NL,NL,imbalance_price,Long,2026-08-06T05:38:50Z
2026-08-06T05:35:55Z,2026-08-06T07:35:55+0200,c3feb7e2-8675-4f7f-be40-2d97c558df74,2026-07-14T05:15:00Z,2026-07-14T07:15:00+0200,162.0,EUR/MWh,NL,NL,imbalance_price,Short,2026-08-06T05:38:50Z
2026-08-06T05:35:55Z,2026-08-06T07:35:55+0200,c3feb7e2-8675-4f7f-be40-2d97c558df74,2026-07-14T05:30:00Z,2026-07-14T07:30:00+0200,103.77,EUR/MWh,NL,NL,imbalance_price,Long,2026-08-06T05:38:50Z
2026-08-06T05:35:55Z,2026-08-06T07:35:55+0200,c3feb7e2-8675-4f7f-be40-2d97c558df74,2026-07-14T05:30:00Z,2026-07-14T07:30:00+0200,150.0,EUR/MWh,NL,NL,imbalance_price,Short,2026-08-06T05:38:50Z
2026-08-06T05:35:55Z,2026-08-06T07:35:55+0200,c3feb7e2-8675-4f7f-be40-2d97c558df74,2026-07-14T05:45:00Z,2026-07-14T07:45:00+0200,108.45,EUR/MWh,NL,NL,imbalance_price,Long,2026-08-06T05:38:50Z
2026-08-06T05:35:55Z,2026-08-06T07:35:55+0200,c3feb7e2-8675-4f7f-be40-2d97c558df74,2026-07-14T05:45:00Z,2026-07-14T07:45:00+0200,154.1,EUR/MWh,NL,NL,imbalance_price,Short,2026-08-06T05:38:50Z
2026-08-06T05:35:55Z,2026-08-06T07:35:55+0200,c3feb7e2-8675-4f7f-be40-2d97c558df74,2026-07-14T06:00:00Z,2026-07-14T08:00:00+0200,107.93,EUR/MWh,NL,NL,imbalance_price,Long,2026-08-06T05:38:50Z
2026-08-06T05:35:55Z,2026-08-06T07:35:55+0200,c3feb7e2-8675-4f7f-be40-2d97c558df74,2026-07-14T06:00:00Z,2026-07-14T08:00:00+0200,137.59,EUR/MWh,NL,NL,imbalance_price,Short,2026-08-06T05:38:50Z
2026-08-06T05:35:55Z,2026-08-06T07:35:55+0200,c3feb7e2-8675-4f7f-be40-2d97c558df74,2026-07-14T06:15:00Z,2026-07-14T08:15:00+0200,107.93,EUR/MWh,NL,NL,imbalance_price,Long,2026-08-06T05:38:50Z
2026-08-06T05:35:55Z,2026-08-06T07:35:55+0200,c3feb7e2-8675-4f7f-be40-2d97c558df74,2026-07-14T06:15:00Z,2026-07-14T08:15:00+0200,150.0,EUR/MWh,NL,NL,imbalance_price,Short,2026-08-06T05:38:50Z
2026-08-06T05:35:55Z,2026-08-06T07:35:55+0200,c3feb7e2-8675-4f7f-be40-2d97c558df74,2026-07-14T06:30:00Z,2026-07-14T08:30:00+0200,108.3,EUR/MWh,NL,NL,imbalance_price,Long,2026-08-06T05:38:50Z
2026-08-06T05:35:55Z,2026-08-06T07:35:55+0200,c3feb7e2-8675-4f7f-be40-2d97c558df74,2026-07-14T06:30:00Z,2026-07-14T08:30:00+0200,178.75,EUR/MWh,NL,NL,imbalance_price,Short,2026-08-06T05:38:50Z
2026-08-06T05:35:55Z,2026-08-06T07:35:55+0200,c3feb7e2-8675-4f7f-be40-2d97c558df74,2026-07-14T06:45:00Z,2026-07-14T08:45:00+0200,105.2,EUR/MWh,NL,NL,imbalance_price,Long,2026-08-06T05:38:50Z
2026-08-06T05:35:55Z,2026-08-06T07:35:55+0200,c3feb7e2-8675-4f7f-be40-2d97c558df74,2026-07-14T06:45:00Z,2026-07-14T08:45:00+0200,144.0,EUR/MWh,NL,NL,imbalance_price,Short,2026-08-06T05:38:50Z
2026-08-06T05:35:55Z,2026-08-06T07:35:55+0200,c3feb7e2-8675-4f7f-be40-2d97c558df74,2026-07-14T07:00:00Z,2026-07-14T09:00:00+0200,93.45,EUR/MWh,NL,NL,imbalance_price,Long,2026-08-06T05:38:50Z
2026-08-06T05:35:55Z,2026-08-06T07:35:55+0200,c3feb7e2-8675-4f7f-be40-2d97c558df74,2026-07-14T07:00:00Z,2026-07-14T09:00:00+0200,93.45,EUR/MWh,NL,NL,imbalance_price,Short,2026-08-06T05:38:50Z
2026-08-06T05:35:55Z,2026-08-06T07:35:55+0200,c3feb7e2-8675-4f7f-be40-2d97c558df74,2026-07-14T07:15:00Z,2026-07-14T09:15:00+0200,93.45,EUR/MWh,NL,NL,imbalance_price,Long,2026-08-06T05:38:50Z
2026-08-06T05:35:55Z,2026-08-06T07:35:55+0200,c3feb7e2-8675-4f7f-be40-2d97c558df74,2026-07-14T07:15:00Z,2026-07-14T09:15:00+0200,133.0,EUR/MWh,NL,NL,imbalance_price,Short,2026-08-06T05:38:50Z
2026-08-06T05:35:55Z,2026-08-06T07:35:55+0200,c3feb7e2-8675-4f7f-be40-2d97c558df74,2026-07-14T07:30:00Z,2026-07-14T09:30:00+0200,104.25,EUR/MWh,NL,NL,imbalance_price,Long,2026-08-06T05:38:50Z
2026-08-06T05:35:55Z,2026-08-06T07:35:55+0200,c3feb7e2-8675-4f7f-be40-2d97c558df74,2026-07-14T07:30:00Z,2026-07-14T09:30:00+0200,200.0,EUR/MWh,NL,NL,imbalance_price,Short,2026-08-06T05:38:50Z
2026-08-06T05:35:55Z,2026-08-06T07:35:55+0200,c3feb7e2-8675-4f7f-be40-2d97c558df74,2026-07-14T07:45:00Z,2026-07-14T09:45:00+0200,162.0,EUR/MWh,NL,NL,imbalance_price,Long,2026-08-06T05:38:50Z
2026-08-06T05:35:55Z,2026-08-06T07:35:55+0200,c3feb7e2-8675-4f7f-be40-2d97c558df74,2026-07-14T07:45:00Z,2026-07-14T09:45:00+0200,162.0,EUR/MWh,NL,NL,imbalance_price,Short,2026-08-06T05:38:50Z
2026-08-06T05:35:55Z,2026-08-06T07:35:55+0200,c3feb7e2-8675-4f7f-be40-2d97c558df74,2026-07-14T08:00:00Z,2026-07-14T10:00:00+0200,152.0,EUR/MWh,NL,NL,imbalance_price,Long,2026-08-06T05:38:50Z
2026-08-06T05:35:55Z,2026-08-06T07:35:55+0200,c3feb7e2-8675-4f7f-be40-2d97c558df74,2026-07-14T08:00:00Z,2026-07-14T10:00:00+0200,152.0,EUR/MWh,NL,NL,imbalance_price,Short,2026-08-06T05:38:50Z
2026-08-06T05:35:55Z,2026-08-06T07:35:55+0200,c3feb7e2-8675-4f7f-be40-2d97c558df74,2026-07-14T08:15:00Z,2026-07-14T10:15:00+0200,20.5,EUR/MWh,NL,NL,imbalance_price,Long,2026-08-06T05:38:50Z
2026-08-06T05:35:55Z,2026-08-06T07:35:55+0200,c3feb7e2-8675-4f7f-be40-2d97c558df74,2026-07-14T08:15:00Z,2026-07-14T10:15:00+0200,115.9,EUR/MWh,NL,NL,imbalance_price,Short,2026-08-06T05:38:50Z
2026-08-06T05:35:55Z,2026-08-06T07:35:55+0200,c3feb7e2-8675-4f7f-be40-2d97c558df74,2026-07-14T08:30:00Z,2026-07-14T10:30:00+0200,84.37,EUR/MWh,NL,NL,imbalance_price,Long,2026-08-06T05:38:50Z
2026-08-06T05:35:55Z,2026-08-06T07:35:55+0200,c3feb7e2-8675-4f7f-be40-2d97c558df74,2026-07-14T08:30:00Z,2026-07-14T10:30:00+0200,115.5,EUR/MWh,NL,NL,imbalance_price,Short,2026-08-06T05:38:50Z
2026-08-06T05:35:55Z,2026-08-06T07:35:55+0200,c3feb7e2-8675-4f7f-be40-2d97c558df74,2026-07-14T08:45:00Z,2026-07-14T10:45:00+0200,20.5,EUR/MWh,NL,NL,imbalance_price,Long,2026-08-06T05:38:50Z
2026-08-06T05:35:55Z,2026-08-06T07:35:55+0200,c3feb7e2-8675-4f7f-be40-2d97c558df74,2026-07-14T08:45:00Z,2026-07-14T10:45:00+0200,113.59,EUR/MWh,NL,NL,imbalance_price,Short,2026-08-06T05:38:50Z
2026-08-06T05:35:55Z,2026-08-06T07:35:55+0200,c3feb7e2-8675-4f7f-be40-2d97c558df74,2026-07-14T09:00:00Z,2026-07-14T11:00:00+0200,6.0,EUR/MWh,NL,NL,imbalance_price,Long,2026-08-06T05:38:50Z
2026-08-06T05:35:55Z,2026-08-06T07:35:55+0200,c3feb7e2-8675-4f7f-be40-2d97c558df74,2026-07-14T09:00:00Z,2026-07-14T11:00:00+0200,111.98,EUR/MWh,NL,NL,imbalance_price,Short,2026-08-06T05:38:50Z
2026-08-06T05:35:55Z,2026-08-06T07:35:55+0200,c3feb7e2-8675-4f7f-be40-2d97c558df74,2026-07-14T09:15:00Z,2026-07-14T11:15:00+0200,-4.0,EUR/MWh,NL,NL,imbalance_price,Long,2026-08-06T05:38:50Z
2026-08-06T05:35:55Z,2026-08-06T07:35:55+0200,c3feb7e2-8675-4f7f-be40-2d97c558df74,2026-07-14T09:15:00Z,2026-07-14T11:15:00+0200,109.0,EUR/MWh,NL,NL,imbalance_price,Short,2026-08-06T05:38:50Z
2026-08-06T05:35:55Z,2026-08-06T07:35:55+0200,c3feb7e2-8675-4f7f-be40-2d97c558df74,2026-07-14T09:30:00Z,2026-07-14T11:30:00+0200,-10.0,EUR/MWh,NL,NL,imbalance_price,Long,2026-08-06T05:38:50Z
2026-08-06T05:35:55Z,2026-08-06T07:35:55+0200,c3feb7e2-8675-4f7f-be40-2d97c558df74,2026-07-14T09:30:00Z,2026-07-14T11:30:00+0200,107.48,EUR/MWh,NL,NL,imbalance_price,Short,2026-08-06T05:38:50Z
2026-08-06T05:35:55Z,2026-08-06T07:35:55+0200,c3feb7e2-8675-4f7f-be40-2d97c558df74,2026-07-14T09:45:00Z,2026-07-14T11:45:00+0200,-15.0,EUR/MWh,NL,NL,imbalance_price,Long,2026-08-06T05:38:50Z
2026-08-06T05:35:55Z,2026-08-06T07:35:55+0200,c3feb7e2-8675-4f7f-be40-2d97c558df74,2026-07-14T09:45:00Z,2026-07-14T11:45:00+0200,111.7,EUR/MWh,NL,NL,imbalance_price,Short,2026-08-06T05:38:50Z
2026-08-06T05:35:55Z,2026-08-06T07:35:55+0200,c3feb7e2-8675-4f7f-be40-2d97c558df74,2026-07-14T10:00:00Z,2026-07-14T12:00:00+0200,-4.0,EUR/MWh,NL,NL,imbalance_price,Long,2026-08-06T05:38:50Z
2026-08-06T05:35:55Z,2026-08-06T07:35:55+0200,c3feb7e2-8675-4f7f-be40-2d97c558df74,2026-07-14T10:00:00Z,2026-07-14T12:00:00+0200,103.0,EUR/MWh,NL,NL,imbalance_price,Short,2026-08-06T05:38:50Z
2026-08-06T05:35:55Z,2026-08-06T07:35:55+0200,c3feb7e2-8675-4f7f-be40-2d97c558df74,2026-07-14T10:15:00Z,2026-07-14T12:15:00+0200,-5.0,EUR/MWh,NL,NL,imbalance_price,Long,2026-08-06T05:38:50Z
2026-08-06T05:35:55Z,2026-08-06T07:35:55+0200,c3feb7e2-8675-4f7f-be40-2d97c558df74,2026-07-14T10:15:00Z,2026-07-14T12:15:00+0200,-5.0,EUR/MWh,NL,NL,imbalance_price,Short,2026-08-06T05:38:50Z
2026-08-06T05:35:55Z,2026-08-06T07:35:55+0200,c3feb7e2-8675-4f7f-be40-2d97c558df74,2026-07-14T10:30:00Z,2026-07-14T12:30:00+0200,-10.0,EUR/MWh,NL,NL,imbalance_price,Long,2026-08-06T05:38:50Z
2026-08-06T05:35:55Z,2026-08-06T07:35:55+0200,c3feb7e2-8675-4f7f-be40-2d97c558df74,2026-07-14T10:30:00Z,2026-07-14T12:30:00+0200,-10.0,EUR/MWh,NL,NL,imbalance_price,Short,2026-08-06T05:38:50Z
2026-08-06T05:35:55Z,2026-08-06T07:35:55+0200,c3feb7e2-8675-4f7f-be40-2d97c558df74,2026-07-14T10:45:00Z,2026-07-14T12:45:00+0200,-17.2,EUR/MWh,NL,NL,imbalance_price,Long,2026-08-06T05:38:50Z
2026-08-06T05:35:55Z,2026-08-06T07:35:55+0200,c3feb7e2-8675-4f7f-be40-2d97c558df74,2026-07-14T10:45:00Z,2026-07-14T12:45:00+0200,41.39,EUR/MWh,NL,NL,imbalance_price,Short,2026-08-06T05:38:50Z
2026-08-06T05:35:55Z,2026-08-06T07:35:55+0200,c3feb7e2-8675-4f7f-be40-2d97c558df74,2026-07-14T11:00:00Z,2026-07-14T13:00:00+0200,-15.0,EUR/MWh,NL,NL,imbalance_price,Long,2026-08-06T05:38:50Z
2026-08-06T05:35:55Z,2026-08-06T07:35:55+0200,c3feb7e2-8675-4f7f-be40-2d97c558df74,2026-07-14T11:00:00Z,2026-07-14T13:00:00+0200,-15.0,EUR/MWh,NL,NL,imbalance_price,Short,2026-08-06T05:38:50Z
2026-08-06T05:35:55Z,2026-08-06T07:35:55+0200,c3feb7e2-8675-4f7f-be40-2d97c558df74,2026-07-14T11:15:00Z,2026-07-14T13:15:00+0200,-20.0,EUR/MWh,NL,NL,imbalance_price,Long,2026-08-06T05:38:50Z
2026-08-06T05:35:55Z,2026-08-06T07:35:55+0200,c3feb7e2-8675-4f7f-be40-2d97c558df74,2026-07-14T11:15:00Z,2026-07-14T13:15:00+0200,-20.0,EUR/MWh,NL,NL,imbalance_price,Short,2026-08-06T05:38:50Z
2026-08-06T05:35:55Z,2026-08-06T07:35:55+0200,c3feb7e2-8675-4f7f-be40-2d97c558df74,2026-07-14T11:30:00Z,2026-07-14T13:30:00+0200,-15.0,EUR/MWh,NL,NL,imbalance_price,Long,2026-08-06T05:38:50Z
2026-08-06T05:35:55Z,2026-08-06T07:35:55+0200,c3feb7e2-8675-4f7f-be40-2d97c558df74,2026-07-14T11:30:00Z,2026-07-14T13:30:00+0200,-15.0,EUR/MWh,NL,NL,imbalance_price,Short,2026-08-06T05:38:50Z
2026-08-06T05:35:55Z,2026-08-06T07:35:55+0200,c3feb7e2-8675-4f7f-be40-2d97c558df74,2026-07-14T11:45:00Z,2026-07-14T13:45:00+0200,-16.0,EUR/MWh,NL,NL,imbalance_price,Long,2026-08-06T05:38:50Z
2026-08-06T05:35:55Z,2026-08-06T07:35:55+0200,c3feb7e2-8675-4f7f-be40-2d97c558df74,2026-07-14T11:45:00Z,2026-07-14T13:45:00+0200,-16.0,EUR/MWh,NL,NL,imbalance_price,Short,2026-08-06T05:38:50Z
2026-08-06T05:35:55Z,2026-08-06T07:35:55+0200,c3feb7e2-8675-4f7f-be40-2d97c558df74,2026-07-14T12:00:00Z,2026-07-14T14:00:00+0200,-18.0,EUR/MWh,NL,NL,imbalance_price,Long,2026-08-06T05:38:50Z
2026-08-06T05:35:55Z,2026-08-06T07:35:55+0200,c3feb7e2-8675-4f7f-be40-2d97c558df74,2026-07-14T12:00:00Z,2026-07-14T14:00:00+0200,41.39,EUR/MWh,NL,NL,imbalance_price,Short,2026-08-06T05:38:50Z
2026-08-06T05:35:55Z,2026-08-06T07:35:55+0200,c3feb7e2-8675-4f7f-be40-2d97c558df74,2026-07-14T12:15:00Z,2026-07-14T14:15:00+0200,-18.0,EUR/MWh,NL,NL,imbalance_price,Long,2026-08-06T05:38:50Z
2026-08-06T05:35:55Z,2026-08-06T07:35:55+0200,c3feb7e2-8675-4f7f-be40-2d97c558df74,2026-07-14T12:15:00Z,2026-07-14T14:15:00+0200,-18.0,EUR/MWh,NL,NL,imbalance_price,Short,2026-08-06T05:38:50Z
2026-08-06T05:35:55Z,2026-08-06T07:35:55+0200,c3feb7e2-8675-4f7f-be40-2d97c558df74,2026-07-14T12:30:00Z,2026-07-14T14:30:00+0200,-24.9,EUR/MWh,NL,NL,imbalance_price,Long,2026-08-06T05:38:50Z
2026-08-06T05:35:55Z,2026-08-06T07:35:55+0200,c3feb7e2-8675-4f7f-be40-2d97c558df74,2026-07-14T12:30:00Z,2026-07-14T14:30:00+0200,-24.9,EUR/MWh,NL,NL,imbalance_price,Short,2026-08-06T05:38:50Z
2026-08-06T05:35:55Z,2026-08-06T07:35:55+0200,c3feb7e2-8675-4f7f-be40-2d97c558df74,2026-07-14T12:45:00Z,2026-07-14T14:45:00+0200,-22.27,EUR/MWh,NL,NL,imbalance_price,Long,2026-08-06T05:38:50Z
2026-08-06T05:35:55Z,2026-08-06T07:35:55+0200,c3feb7e2-8675-4f7f-be40-2d97c558df74,2026-07-14T12:45:00Z,2026-07-14T14:45:00+0200,-22.27,EUR/MWh,NL,NL,imbalance_price,Short,2026-08-06T05:38:50Z
2026-08-06T05:35:55Z,2026-08-06T07:35:55+0200,c3feb7e2-8675-4f7f-be40-2d97c558df74,2026-07-14T13:00:00Z,2026-07-14T15:00:00+0200,-15.0,EUR/MWh,NL,NL,imbalance_price,Long,2026-08-06T05:38:50Z
2026-08-06T05:35:55Z,2026-08-06T07:35:55+0200,c3feb7e2-8675-4f7f-be40-2d97c558df74,2026-07-14T13:00:00Z,2026-07-14T15:00:00+0200,-15.0,EUR/MWh,NL,NL,imbalance_price,Short,2026-08-06T05:38:50Z
2026-08-06T05:35:55Z,2026-08-06T07:35:55+0200,c3feb7e2-8675-4f7f-be40-2d97c558df74,2026-07-14T13:15:00Z,2026-07-14T15:15:00+0200,-41.63,EUR/MWh,NL,NL,imbalance_price,Long,2026-08-06T05:38:50Z
2026-08-06T05:35:55Z,2026-08-06T07:35:55+0200,c3feb7e2-8675-4f7f-be40-2d97c558df74,2026-07-14T13:15:00Z,2026-07-14T15:15:00+0200,111.0,EUR/MWh,NL,NL,imbalance_price,Short,2026-08-06T05:38:50Z
2026-08-06T05:35:55Z,2026-08-06T07:35:55+0200,c3feb7e2-8675-4f7f-be40-2d97c558df74,2026-07-14T13:30:00Z,2026-07-14T15:30:00+0200,-30.0,EUR/MWh,NL,NL,imbalance_price,Long,2026-08-06T05:38:50Z
2026-08-06T05:35:55Z,2026-08-06T07:35:55+0200,c3feb7e2-8675-4f7f-be40-2d97c558df74,2026-07-14T13:30:00Z,2026-07-14T15:30:00+0200,-30.0,EUR/MWh,NL,NL,imbalance_price,Short,2026-08-06T05:38:50Z
2026-08-06T05:35:55Z,2026-08-06T07:35:55+0200,c3feb7e2-8675-4f7f-be40-2d97c558df74,2026-07-14T13:45:00Z,2026-07-14T15:45:00+0200,-30.0,EUR/MWh,NL,NL,imbalance_price,Long,2026-08-06T05:38:50Z
2026-08-06T05:35:55Z,2026-08-06T07:35:55+0200,c3feb7e2-8675-4f7f-be40-2d97c558df74,2026-07-14T13:45:00Z,2026-07-14T15:45:00+0200,-30.0,EUR/MWh,NL,NL,imbalance_price,Short,2026-08-06T05:38:50Z
2026-08-06T05:35:55Z,2026-08-06T07:35:55+0200,c3feb7e2-8675-4f7f-be40-2d97c558df74,2026-07-14T14:00:00Z,2026-07-14T16:00:00+0200,-10.5,EUR/MWh,NL,NL,imbalance_price,Long,2026-08-06T05:38:50Z
2026-08-06T05:35:55Z,2026-08-06T07:35:55+0200,c3feb7e2-8675-4f7f-be40-2d97c558df74,2026-07-14T14:00:00Z,2026-07-14T16:00:00+0200,-10.5,EUR/MWh,NL,NL,imbalance_price,Short,2026-08-06T05:38:50Z
2026-08-06T05:35:55Z,2026-08-06T07:35:55+0200,c3feb7e2-8675-4f7f-be40-2d97c558df74,2026-07-14T14:15:00Z,2026-07-14T16:15:00+0200,-10.5,EUR/MWh,NL,NL,imbalance_price,Long,2026-08-06T05:38:50Z
2026-08-06T05:35:55Z,2026-08-06T07:35:55+0200,c3feb7e2-8675-4f7f-be40-2d97c558df74,2026-07-14T14:15:00Z,2026-07-14T16:15:00+0200,-10.5,EUR/MWh,NL,NL,imbalance_price,Short,2026-08-06T05:38:50Z
2026-08-06T05:35:55Z,2026-08-06T07:35:55+0200,c3feb7e2-8675-4f7f-be40-2d97c558df74,2026-07-14T14:30:00Z,2026-07-14T16:30:00+0200,-1.5,EUR/MWh,NL,NL,imbalance_price,Long,2026-08-06T05:38:50Z
2026-08-06T05:35:55Z,2026-08-06T07:35:55+0200,c3feb7e2-8675-4f7f-be40-2d97c558df74,2026-07-14T14:30:00Z,2026-07-14T16:30:00+0200,135.0,EUR/MWh,NL,NL,imbalance_price,Short,2026-08-06T05:38:50Z
2026-08-06T05:35:55Z,2026-08-06T07:35:55+0200,c3feb7e2-8675-4f7f-be40-2d97c558df74,2026-07-14T14:45:00Z,2026-07-14T16:45:00+0200,200.0,EUR/MWh,NL,NL,imbalance_price,Long,2026-08-06T05:38:50Z
2026-08-06T05:35:55Z,2026-08-06T07:35:55+0200,c3feb7e2-8675-4f7f-be40-2d97c558df74,2026-07-14T14:45:00Z,2026-07-14T16:45:00+0200,200.0,EUR/MWh,NL,NL,imbalance_price,Short,2026-08-06T05:38:50Z
2026-08-06T05:35:55Z,2026-08-06T07:35:55+0200,c3feb7e2-8675-4f7f-be40-2d97c558df74,2026-07-14T15:00:00Z,2026-07-14T17:00:00+0200,89.8,EUR/MWh,NL,NL,imbalance_price,Long,2026-08-06T05:38:50Z
2026-08-06T05:35:55Z,2026-08-06T07:35:55+0200,c3feb7e2-8675-4f7f-be40-2d97c558df74,2026-07-14T15:00:00Z,2026-07-14T17:00:00+0200,157.98,EUR/MWh,NL,NL,imbalance_price,Short,2026-08-06T05:38:50Z
2026-08-06T05:35:55Z,2026-08-06T07:35:55+0200,c3feb7e2-8675-4f7f-be40-2d97c558df74,2026-07-14T15:15:00Z,2026-07-14T17:15:00+0200,157.95,EUR/MWh,NL,NL,imbalance_price,Long,2026-08-06T05:38:50Z
2026-08-06T05:35:55Z,2026-08-06T07:35:55+0200,c3feb7e2-8675-4f7f-be40-2d97c558df74,2026-07-14T15:15:00Z,2026-07-14T17:15:00+0200,157.95,EUR/MWh,NL,NL,imbalance_price,Short,2026-08-06T05:38:50Z
2026-08-06T05:35:55Z,2026-08-06T07:35:55+0200,c3feb7e2-8675-4f7f-be40-2d97c558df74,2026-07-14T15:30:00Z,2026-07-14T17:30:00+0200,17.1,EUR/MWh,NL,NL,imbalance_price,Long,2026-08-06T05:38:50Z
2026-08-06T05:35:55Z,2026-08-06T07:35:55+0200,c3feb7e2-8675-4f7f-be40-2d97c558df74,2026-07-14T15:30:00Z,2026-07-14T17:30:00+0200,176.8,EUR/MWh,NL,NL,imbalance_price,Short,2026-08-06T05:38:50Z
2026-08-06T05:35:55Z,2026-08-06T07:35:55+0200,c3feb7e2-8675-4f7f-be40-2d97c558df74,2026-07-14T15:45:00Z,2026-07-14T17:45:00+0200,180.1,EUR/MWh,NL,NL,imbalance_price,Long,2026-08-06T05:38:50Z
2026-08-06T05:35:55Z,2026-08-06T07:35:55+0200,c3feb7e2-8675-4f7f-be40-2d97c558df74,2026-07-14T15:45:00Z,2026-07-14T17:45:00+0200,180.1,EUR/MWh,NL,NL,imbalance_price,Short,2026-08-06T05:38:50Z
2026-08-06T05:35:55Z,2026-08-06T07:35:55+0200,c3feb7e2-8675-4f7f-be40-2d97c558df74,2026-07-14T16:00:00Z,2026-07-14T18:00:00+0200,79.01,EUR/MWh,NL,NL,imbalance_price,Long,2026-08-06T05:38:50Z
2026-08-06T05:35:55Z,2026-08-06T07:35:55+0200,c3feb7e2-8675-4f7f-be40-2d97c558df74,2026-07-14T16:00:00Z,2026-07-14T18:00:00+0200,156.0,EUR/MWh,NL,NL,imbalance_price,Short,2026-08-06T05:38:50Z
2026-08-06T05:35:55Z,2026-08-06T07:35:55+0200,c3feb7e2-8675-4f7f-be40-2d97c558df74,2026-07-14T16:15:00Z,2026-07-14T18:15:00+0200,95.3,EUR/MWh,NL,NL,imbalance_price,Long,2026-08-06T05:38:50Z
2026-08-06T05:35:55Z,2026-08-06T07:35:55+0200,c3feb7e2-8675-4f7f-be40-2d97c558df74,2026-07-14T16:15:00Z,2026-07-14T18:15:00+0200,119.6,EUR/MWh,NL,NL,imbalance_price,Short,2026-08-06T05:38:50Z
2026-08-06T05:35:55Z,2026-08-06T07:35:55+0200,c3feb7e2-8675-4f7f-be40-2d97c558df74,2026-07-14T16:30:00Z,2026-07-14T18:30:00+0200,27.8,EUR/MWh,NL,NL,imbalance_price,Long,2026-08-06T05:38:50Z
2026-08-06T05:35:55Z,2026-08-06T07:35:55+0200,c3feb7e2-8675-4f7f-be40-2d97c558df74,2026-07-14T16:30:00Z,2026-07-14T18:30:00+0200,121.65,EUR/MWh,NL,NL,imbalance_price,Short,2026-08-06T05:38:50Z
2026-08-06T05:35:55Z,2026-08-06T07:35:55+0200,c3feb7e2-8675-4f7f-be40-2d97c558df74,2026-07-14T16:45:00Z,2026-07-14T18:45:00+0200,77.1,EUR/MWh,NL,NL,imbalance_price,Long,2026-08-06T05:38:50Z
2026-08-06T05:35:55Z,2026-08-06T07:35:55+0200,c3feb7e2-8675-4f7f-be40-2d97c558df74,2026-07-14T16:45:00Z,2026-07-14T18:45:00+0200,123.06,EUR/MWh,NL,NL,imbalance_price,Short,2026-08-06T05:38:50Z
2026-08-06T05:35:55Z,2026-08-06T07:35:55+0200,c3feb7e2-8675-4f7f-be40-2d97c558df74,2026-07-14T17:00:00Z,2026-07-14T19:00:00+0200,57.4,EUR/MWh,NL,NL,imbalance_price,Long,2026-08-06T05:38:50Z
2026-08-06T05:35:55Z,2026-08-06T07:35:55+0200,c3feb7e2-8675-4f7f-be40-2d97c558df74,2026-07-14T17:00:00Z,2026-07-14T19:00:00+0200,124.08,EUR/MWh,NL,NL,imbalance_price,Short,2026-08-06T05:38:50Z
2026-08-06T05:35:55Z,2026-08-06T07:35:55+0200,c3feb7e2-8675-4f7f-be40-2d97c558df74,2026-07-14T17:15:00Z,2026-07-14T19:15:00+0200,113.24,EUR/MWh,NL,NL,imbalance_price,Long,2026-08-06T05:38:50Z
2026-08-06T05:35:55Z,2026-08-06T07:35:55+0200,c3feb7e2-8675-4f7f-be40-2d97c558df74,2026-07-14T17:15:00Z,2026-07-14T19:15:00+0200,156.0,EUR/MWh,NL,NL,imbalance_price,Short,2026-08-06T05:38:50Z
2026-08-06T05:35:55Z,2026-08-06T07:35:55+0200,c3feb7e2-8675-4f7f-be40-2d97c558df74,2026-07-14T17:30:00Z,2026-07-14T19:30:00+0200,113.24,EUR/MWh,NL,NL,imbalance_price,Long,2026-08-06T05:38:50Z
2026-08-06T05:35:55Z,2026-08-06T07:35:55+0200,c3feb7e2-8675-4f7f-be40-2d97c558df74,2026-07-14T17:30:00Z,2026-07-14T19:30:00+0200,159.0,EUR/MWh,NL,NL,imbalance_price,Short,2026-08-06T05:38:50Z
2026-08-06T05:35:55Z,2026-08-06T07:35:55+0200,c3feb7e2-8675-4f7f-be40-2d97c558df74,2026-07-14T17:45:00Z,2026-07-14T19:45:00+0200,110.5,EUR/MWh,NL,NL,imbalance_price,Long,2026-08-06T05:38:50Z
2026-08-06T05:35:55Z,2026-08-06T07:35:55+0200,c3feb7e2-8675-4f7f-be40-2d97c558df74,2026-07-14T17:45:00Z,2026-07-14T19:45:00+0200,159.0,EUR/MWh,NL,NL,imbalance_price,Short,2026-08-06T05:38:50Z
2026-08-06T05:35:55Z,2026-08-06T07:35:55+0200,c3feb7e2-8675-4f7f-be40-2d97c558df74,2026-07-14T18:00:00Z,2026-07-14T20:00:00+0200,175.0,EUR/MWh,NL,NL,imbalance_price,Long,2026-08-06T05:38:50Z
2026-08-06T05:35:55Z,2026-08-06T07:35:55+0200,c3feb7e2-8675-4f7f-be40-2d97c558df74,2026-07-14T18:00:00Z,2026-07-14T20:00:00+0200,175.0,EUR/MWh,NL,NL,imbalance_price,Short,2026-08-06T05:38:50Z
2026-08-06T05:35:55Z,2026-08-06T07:35:55+0200,c3feb7e2-8675-4f7f-be40-2d97c558df74,2026-07-14T18:15:00Z,2026-07-14T20:15:00+0200,175.0,EUR/MWh,NL,NL,imbalance_price,Long,2026-08-06T05:38:50Z
2026-08-06T05:35:55Z,2026-08-06T07:35:55+0200,c3feb7e2-8675-4f7f-be40-2d97c558df74,2026-07-14T18:15:00Z,2026-07-14T20:15:00+0200,175.0,EUR/MWh,NL,NL,imbalance_price,Short,2026-08-06T05:38:50Z
2026-08-06T05:35:55Z,2026-08-06T07:35:55+0200,c3feb7e2-8675-4f7f-be40-2d97c558df74,2026-07-14T18:30:00Z,2026-07-14T20:30:00+0200,200.0,EUR/MWh,NL,NL,imbalance_price,Long,2026-08-06T05:38:50Z
2026-08-06T05:35:55Z,2026-08-06T07:35:55+0200,c3feb7e2-8675-4f7f-be40-2d97c558df74,2026-07-14T18:30:00Z,2026-07-14T20:30:00+0200,200.0,EUR/MWh,NL,NL,imbalance_price,Short,2026-08-06T05:38:50Z
2026-08-06T05:35:55Z,2026-08-06T07:35:55+0200,c3feb7e2-8675-4f7f-be40-2d97c558df74,2026-07-14T18:45:00Z,2026-07-14T20:45:00+0200,185.0,EUR/MWh,NL,NL,imbalance_price,Long,2026-08-06T05:38:50Z
2026-08-06T05:35:55Z,2026-08-06T07:35:55+0200,c3feb7e2-8675-4f7f-be40-2d97c558df74,2026-07-14T18:45:00Z,2026-07-14T20:45:00+0200,185.0,EUR/MWh,NL,NL,imbalance_price,Short,2026-08-06T05:38:50Z
2026-08-06T05:35:55Z,2026-08-06T07:35:55+0200,c3feb7e2-8675-4f7f-be40-2d97c558df74,2026-07-14T19:00:00Z,2026-07-14T21:00:00+0200,204.9,EUR/MWh,NL,NL,imbalance_price,Long,2026-08-06T05:38:50Z
2026-08-06T05:35:55Z,2026-08-06T07:35:55+0200,c3feb7e2-8675-4f7f-be40-2d97c558df74,2026-07-14T19:00:00Z,2026-07-14T21:00:00+0200,204.9,EUR/MWh,NL,NL,imbalance_price,Short,2026-08-06T05:38:50Z
2026-08-06T05:35:55Z,2026-08-06T07:35:55+0200,c3feb7e2-8675-4f7f-be40-2d97c558df74,2026-07-14T19:15:00Z,2026-07-14T21:15:00+0200,175.0,EUR/MWh,NL,NL,imbalance_price,Long,2026-08-06T05:38:50Z
2026-08-06T05:35:55Z,2026-08-06T07:35:55+0200,c3feb7e2-8675-4f7f-be40-2d97c558df74,2026-07-14T19:15:00Z,2026-07-14T21:15:00+0200,175.0,EUR/MWh,NL,NL,imbalance_price,Short,2026-08-06T05:38:50Z
2026-08-06T05:35:55Z,2026-08-06T07:35:55+0200,c3feb7e2-8675-4f7f-be40-2d97c558df74,2026-07-14T19:30:00Z,2026-07-14T21:30:00+0200,175.0,EUR/MWh,NL,NL,imbalance_price,Long,2026-08-06T05:38:50Z
2026-08-06T05:35:55Z,2026-08-06T07:35:55+0200,c3feb7e2-8675-4f7f-be40-2d97c558df74,2026-07-14T19:30:00Z,2026-07-14T21:30:00+0200,175.0,EUR/MWh,NL,NL,imbalance_price,Short,2026-08-06T05:38:50Z
2026-08-06T05:35:55Z,2026-08-06T07:35:55+0200,c3feb7e2-8675-4f7f-be40-2d97c558df74,2026-07-14T19:45:00Z,2026-07-14T21:45:00+0200,225.69,EUR/MWh,NL,NL,imbalance_price,Long,2026-08-06T05:38:50Z
2026-08-06T05:35:55Z,2026-08-06T07:35:55+0200,c3feb7e2-8675-4f7f-be40-2d97c558df74,2026-07-14T19:45:00Z,2026-07-14T21:45:00+0200,225.69,EUR/MWh,NL,NL,imbalance_price,Short,2026-08-06T05:38:50Z
2026-08-06T05:35:55Z,2026-08-06T07:35:55+0200,c3feb7e2-8675-4f7f-be40-2d97c558df74,2026-07-14T20:00:00Z,2026-07-14T22:00:00+0200,211.95,EUR/MWh,NL,NL,imbalance_price,Long,2026-08-06T05:38:50Z
2026-08-06T05:35:55Z,2026-08-06T07:35:55+0200,c3feb7e2-8675-4f7f-be40-2d97c558df74,2026-07-14T20:00:00Z,2026-07-14T22:00:00+0200,211.95,EUR/MWh,NL,NL,imbalance_price,Short,2026-08-06T05:38:50Z
2026-08-06T05:35:55Z,2026-08-06T07:35:55+0200,c3feb7e2-8675-4f7f-be40-2d97c558df74,2026-07-14T20:15:00Z,2026-07-14T22:15:00+0200,155.0,EUR/MWh,NL,NL,imbalance_price,Long,2026-08-06T05:38:50Z
2026-08-06T05:35:55Z,2026-08-06T07:35:55+0200,c3feb7e2-8675-4f7f-be40-2d97c558df74,2026-07-14T20:15:00Z,2026-07-14T22:15:00+0200,155.0,EUR/MWh,NL,NL,imbalance_price,Short,2026-08-06T05:38:50Z
2026-08-06T05:35:55Z,2026-08-06T07:35:55+0200,c3feb7e2-8675-4f7f-be40-2d97c558df74,2026-07-14T20:30:00Z,2026-07-14T22:30:00+0200,111.63,EUR/MWh,NL,NL,imbalance_price,Long,2026-08-06T05:38:50Z
2026-08-06T05:35:55Z,2026-08-06T07:35:55+0200,c3feb7e2-8675-4f7f-be40-2d97c558df74,2026-07-14T20:30:00Z,2026-07-14T22:30:00+0200,111.63,EUR/MWh,NL,NL,imbalance_price,Short,2026-08-06T05:38:50Z
2026-08-06T05:35:55Z,2026-08-06T07:35:55+0200,c3feb7e2-8675-4f7f-be40-2d97c558df74,2026-07-14T20:45:00Z,2026-07-14T22:45:00+0200,105.3,EUR/MWh,NL,NL,imbalance_price,Long,2026-08-06T05:38:50Z
2026-08-06T05:35:55Z,2026-08-06T07:35:55+0200,c3feb7e2-8675-4f7f-be40-2d97c558df74,2026-07-14T20:45:00Z,2026-07-14T22:45:00+0200,105.3,EUR/MWh,NL,NL,imbalance_price,Short,2026-08-06T05:38:50Z
2026-08-06T05:35:55Z,2026-08-06T07:35:55+0200,c3feb7e2-8675-4f7f-be40-2d97c558df74,2026-07-14T21:00:00Z,2026-07-14T23:00:00+0200,102.56,EUR/MWh,NL,NL,imbalance_price,Long,2026-08-06T05:38:50Z
2026-08-06T05:35:55Z,2026-08-06T07:35:55+0200,c3feb7e2-8675-4f7f-be40-2d97c558df74,2026-07-14T21:00:00Z,2026-07-14T23:00:00+0200,102.56,EUR/MWh,NL,NL,imbalance_price,Short,2026-08-06T05:38:50Z
2026-08-06T05:35:55Z,2026-08-06T07:35:55+0200,c3feb7e2-8675-4f7f-be40-2d97c558df74,2026-07-14T21:15:00Z,2026-07-14T23:15:00+0200,116.0,EUR/MWh,NL,NL,imbalance_price,Long,2026-08-06T05:38:50Z
2026-08-06T05:35:55Z,2026-08-06T07:35:55+0200,c3feb7e2-8675-4f7f-be40-2d97c558df74,2026-07-14T21:15:00Z,2026-07-14T23:15:00+0200,153.0,EUR/MWh,NL,NL,imbalance_price,Short,2026-08-06T05:38:50Z
2026-08-06T05:35:55Z,2026-08-06T07:35:55+0200,c3feb7e2-8675-4f7f-be40-2d97c558df74,2026-07-14T21:30:00Z,2026-07-14T23:30:00+0200,114.55,EUR/MWh,NL,NL,imbalance_price,Long,2026-08-06T05:38:50Z
2026-08-06T05:35:55Z,2026-08-06T07:35:55+0200,c3feb7e2-8675-4f7f-be40-2d97c558df74,2026-07-14T21:30:00Z,2026-07-14T23:30:00+0200,122.0,EUR/MWh,NL,NL,imbalance_price,Short,2026-08-06T05:38:50Z
2026-08-06T05:35:55Z,2026-08-06T07:35:55+0200,c3feb7e2-8675-4f7f-be40-2d97c558df74,2026-07-14T21:45:00Z,2026-07-14T23:45:00+0200,113.44,EUR/MWh,NL,NL,imbalance_price,Long,2026-08-06T05:38:50Z
2026-08-06T05:35:55Z,2026-08-06T07:35:55+0200,c3feb7e2-8675-4f7f-be40-2d97c558df74,2026-07-14T21:45:00Z,2026-07-14T23:45:00+0200,115.13,EUR/MWh,NL,NL,imbalance_price,Short,2026-08-06T05:38:50Z
2026-08-06T05:35:55Z,2026-08-06T07:35:55+0200,c3feb7e2-8675-4f7f-be40-2d97c558df74,2026-07-14T22:00:00Z,2026-07-15T00:00:00+0200,115.9,EUR/MWh,NL,NL,imbalance_price,Long,2026-08-06T05:38:50Z
2026-08-06T05:35:55Z,2026-08-06T07:35:55+0200,c3feb7e2-8675-4f7f-be40-2d97c558df74,2026-07-14T22:00:00Z,2026-07-15T00:00:00+0200,116.04,EUR/MWh,NL,NL,imbalance_price,Short,2026-08-06T05:38:50Z
2026-08-06T05:35:55Z,2026-08-06T07:35:55+0200,c3feb7e2-8675-4f7f-be40-2d97c558df74,2026-07-14T22:15:00Z,2026-07-15T00:15:00+0200,115.26,EUR/MWh,NL,NL,imbalance_price,Long,2026-08-06T05:38:50Z
2026-08-06T05:35:55Z,2026-08-06T07:35:55+0200,c3feb7e2-8675-4f7f-be40-2d97c558df74,2026-07-14T22:15:00Z,2026-07-15T00:15:00+0200,115.26,EUR/MWh,NL,NL,imbalance_price,Short,2026-08-06T05:38:50Z
2026-08-06T05:35:55Z,2026-08-06T07:35:55+0200,c3feb7e2-8675-4f7f-be40-2d97c558df74,2026-07-14T22:30:00Z,2026-07-15T00:30:00+0200,106.9,EUR/MWh,NL,NL,imbalance_price,Long,2026-08-06T05:38:50Z
2026-08-06T05:35:55Z,2026-08-06T07:35:55+0200,c3feb7e2-8675-4f7f-be40-2d97c558df74,2026-07-14T22:30:00Z,2026-07-15T00:30:00+0200,114.44,EUR/MWh,NL,NL,imbalance_price,Short,2026-08-06T05:38:50Z
2026-08-06T05:35:55Z,2026-08-06T07:35:55+0200,c3feb7e2-8675-4f7f-be40-2d97c558df74,2026-07-14T22:45:00Z,2026-07-15T00:45:00+0200,109.44,EUR/MWh,NL,NL,imbalance_price,Long,2026-08-06T05:38:50Z
2026-08-06T05:35:55Z,2026-08-06T07:35:55+0200,c3feb7e2-8675-4f7f-be40-2d97c558df74,2026-07-14T22:45:00Z,2026-07-15T00:45:00+0200,122.0,EUR/MWh,NL,NL,imbalance_price,Short,2026-08-06T05:38:50Z
2026-08-06T05:35:55Z,2026-08-06T07:35:55+0200,c3feb7e2-8675-4f7f-be40-2d97c558df74,2026-07-14T23:00:00Z,2026-07-15T01:00:00+0200,154.0,EUR/MWh,NL,NL,imbalance_price,Long,2026-08-06T05:38:50Z
2026-08-06T05:35:55Z,2026-08-06T07:35:55+0200,c3feb7e2-8675-4f7f-be40-2d97c558df74,2026-07-14T23:00:00Z,2026-07-15T01:00:00+0200,154.0,EUR/MWh,NL,NL,imbalance_price,Short,2026-08-06T05:38:50Z
2026-08-06T05:35:55Z,2026-08-06T07:35:55+0200,c3feb7e2-8675-4f7f-be40-2d97c558df74,2026-07-14T23:15:00Z,2026-07-15T01:15:00+0200,112.95,EUR/MWh,NL,NL,imbalance_price,Long,2026-08-06T05:38:50Z
2026-08-06T05:35:55Z,2026-08-06T07:35:55+0200,c3feb7e2-8675-4f7f-be40-2d97c558df74,2026-07-14T23:15:00Z,2026-07-15T01:15:00+0200,112.95,EUR/MWh,NL,NL,imbalance_price,Short,2026-08-06T05:38:50Z
2026-08-06T05:35:55Z,2026-08-06T07:35:55+0200,c3feb7e2-8675-4f7f-be40-2d97c558df74,2026-07-14T23:30:00Z,2026-07-15T01:30:00+0200,112.94,EUR/MWh,NL,NL,imbalance_price,Long,2026-08-06T05:38:50Z
2026-08-06T05:35:55Z,2026-08-06T07:35:55+0200,c3feb7e2-8675-4f7f-be40-2d97c558df74,2026-07-14T23:30:00Z,2026-07-15T01:30:00+0200,112.94,EUR/MWh,NL,NL,imbalance_price,Short,2026-08-06T05:38:50Z
2026-08-06T05:35:55Z,2026-08-06T07:35:55+0200,c3feb7e2-8675-4f7f-be40-2d97c558df74,2026-07-14T23:45:00Z,2026-07-15T01:45:00+0200,113.04,EUR/MWh,NL,NL,imbalance_price,Long,2026-08-06T05:38:50Z
2026-08-06T05:35:55Z,2026-08-06T07:35:55+0200,c3feb7e2-8675-4f7f-be40-2d97c558df74,2026-07-14T23:45:00Z,2026-07-15T01:45:00+0200,113.04,EUR/MWh,NL,NL,imbalance_price,Short,2026-08-06T05:38:50Z
2026-08-06T05:35:55Z,2026-08-06T07:35:55+0200,c3feb7e2-8675-4f7f-be40-2d97c558df74,2026-07-15T00:00:00Z,2026-07-15T02:00:00+0200,111.14,EUR/MWh,NL,NL,imbalance_price,Long,2026-08-06T05:38:50Z
2026-08-06T05:35:55Z,2026-08-06T07:35:55+0200,c3feb7e2-8675-4f7f-be40-2d97c558df74,2026-07-15T00:00:00Z,2026-07-15T02:00:00+0200,111.14,EUR/MWh,NL,NL,imbalance_price,Short,2026-08-06T05:38:50Z
2026-08-06T05:35:55Z,2026-08-06T07:35:55+0200,c3feb7e2-8675-4f7f-be40-2d97c558df74,2026-07-15T00:15:00Z,2026-07-15T02:15:00+0200,99.0,EUR/MWh,NL,NL,imbalance_price,Long,2026-08-06T05:38:50Z
2026-08-06T05:35:55Z,2026-08-06T07:35:55+0200,c3feb7e2-8675-4f7f-be40-2d97c558df74,2026-07-15T00:15:00Z,2026-07-15T02:15:00+0200,111.0,EUR/MWh,NL,NL,imbalance_price,Short,2026-08-06T05:38:50Z
2026-08-06T05:35:55Z,2026-08-06T07:35:55+0200,c3feb7e2-8675-4f7f-be40-2d97c558df74,2026-07-15T00:30:00Z,2026-07-15T02:30:00+0200,154.0,EUR/MWh,NL,NL,imbalance_price,Long,2026-08-06T05:38:50Z
2026-08-06T05:35:55Z,2026-08-06T07:35:55+0200,c3feb7e2-8675-4f7f-be40-2d97c558df74,2026-07-15T00:30:00Z,2026-07-15T02:30:00+0200,154.0,EUR/MWh,NL,NL,imbalance_price,Short,2026-08-06T05:38:50Z
2026-08-06T05:35:55Z,2026-08-06T07:35:55+0200,c3feb7e2-8675-4f7f-be40-2d97c558df74,2026-07-15T00:45:00Z,2026-07-15T02:45:00+0200,139.94,EUR/MWh,NL,NL,imbalance_price,Long,2026-08-06T05:38:50Z
2026-08-06T05:35:55Z,2026-08-06T07:35:55+0200,c3feb7e2-8675-4f7f-be40-2d97c558df74,2026-07-15T00:45:00Z,2026-07-15T02:45:00+0200,139.94,EUR/MWh,NL,NL,imbalance_price,Short,2026-08-06T05:38:50Z
2026-08-06T05:35:55Z,2026-08-06T07:35:55+0200,c3feb7e2-8675-4f7f-be40-2d97c558df74,2026-07-15T01:00:00Z,2026-07-15T03:00:00+0200,106.75,EUR/MWh,NL,NL,imbalance_price,Long,2026-08-06T05:38:50Z
2026-08-06T05:35:55Z,2026-08-06T07:35:55+0200,c3feb7e2-8675-4f7f-be40-2d97c558df74,2026-07-15T01:00:00Z,2026-07-15T03:00:00+0200,113.49,EUR/MWh,NL,NL,imbalance_price,Short,2026-08-06T05:38:50Z
2026-08-06T05:35:55Z,2026-08-06T07:35:55+0200,c3feb7e2-8675-4f7f-be40-2d97c558df74,2026-07-15T01:15:00Z,2026-07-15T03:15:00+0200,113.24,EUR/MWh,NL,NL,imbalance_price,Long,2026-08-06T05:38:50Z
2026-08-06T05:35:55Z,2026-08-06T07:35:55+0200,c3feb7e2-8675-4f7f-be40-2d97c558df74,2026-07-15T01:15:00Z,2026-07-15T03:15:00+0200,116.04,EUR/MWh,NL,NL,imbalance_price,Short,2026-08-06T05:38:50Z
2026-08-06T05:35:55Z,2026-08-06T07:35:55+0200,c3feb7e2-8675-4f7f-be40-2d97c558df74,2026-07-15T01:30:00Z,2026-07-15T03:30:00+0200,112.94,EUR/MWh,NL,NL,imbalance_price,Long,2026-08-06T05:38:50Z
2026-08-06T05:35:55Z,2026-08-06T07:35:55+0200,c3feb7e2-8675-4f7f-be40-2d97c558df74,2026-07-15T01:30:00Z,2026-07-15T03:30:00+0200,117.59,EUR/MWh,NL,NL,imbalance_price,Short,2026-08-06T05:38:50Z
2026-08-06T05:35:55Z,2026-08-06T07:35:55+0200,c3feb7e2-8675-4f7f-be40-2d97c558df74,2026-07-15T01:45:00Z,2026-07-15T03:45:00+0200,111.34,EUR/MWh,NL,NL,imbalance_price,Long,2026-08-06T05:38:50Z
2026-08-06T05:35:55Z,2026-08-06T07:35:55+0200,c3feb7e2-8675-4f7f-be40-2d97c558df74,2026-07-15T01:45:00Z,2026-07-15T03:45:00+0200,118.5,EUR/MWh,NL,NL,imbalance_price,Short,2026-08-06T05:38:50Z
2026-08-06T05:35:55Z,2026-08-06T07:35:55+0200,c3feb7e2-8675-4f7f-be40-2d97c558df74,2026-07-15T02:00:00Z,2026-07-15T04:00:00+0200,110.68,EUR/MWh,NL,NL,imbalance_price,Long,2026-08-06T05:38:50Z
2026-08-06T05:35:55Z,2026-08-06T07:35:55+0200,c3feb7e2-8675-4f7f-be40-2d97c558df74,2026-07-15T02:00:00Z,2026-07-15T04:00:00+0200,119.26,EUR/MWh,NL,NL,imbalance_price,Short,2026-08-06T05:38:50Z
2026-08-06T05:35:55Z,2026-08-06T07:35:55+0200,c3feb7e2-8675-4f7f-be40-2d97c558df74,2026-07-15T02:15:00Z,2026-07-15T04:15:00+0200,113.54,EUR/MWh,NL,NL,imbalance_price,Long,2026-08-06T05:38:50Z
2026-08-06T05:35:55Z,2026-08-06T07:35:55+0200,c3feb7e2-8675-4f7f-be40-2d97c558df74,2026-07-15T02:15:00Z,2026-07-15T04:15:00+0200,120.03,EUR/MWh,NL,NL,imbalance_price,Short,2026-08-06T05:38:50Z
2026-08-06T05:35:55Z,2026-08-06T07:35:55+0200,c3feb7e2-8675-4f7f-be40-2d97c558df74,2026-07-15T02:30:00Z,2026-07-15T04:30:00+0200,113.94,EUR/MWh,NL,NL,imbalance_price,Long,2026-08-06T05:38:50Z
2026-08-06T05:35:55Z,2026-08-06T07:35:55+0200,c3feb7e2-8675-4f7f-be40-2d97c558df74,2026-07-15T02:30:00Z,2026-07-15T04:30:00+0200,113.94,EUR/MWh,NL,NL,imbalance_price,Short,2026-08-06T05:38:50Z
2026-08-06T05:35:55Z,2026-08-06T07:35:55+0200,c3feb7e2-8675-4f7f-be40-2d97c558df74,2026-07-15T02:45:00Z,2026-07-15T04:45:00+0200,99.0,EUR/MWh,NL,NL,imbalance_price,Long,2026-08-06T05:38:50Z
2026-08-06T05:35:55Z,2026-08-06T07:35:55+0200,c3feb7e2-8675-4f7f-be40-2d97c558df74,2026-07-15T02:45:00Z,2026-07-15T04:45:00+0200,99.0,EUR/MWh,NL,NL,imbalance_price,Short,2026-08-06T05:38:50Z
2026-08-06T05:35:55Z,2026-08-06T07:35:55+0200,c3feb7e2-8675-4f7f-be40-2d97c558df74,2026-07-15T03:00:00Z,2026-07-15T05:00:00+0200,95.95,EUR/MWh,NL,NL,imbalance_price,Long,2026-08-06T05:38:50Z
2026-08-06T05:35:55Z,2026-08-06T07:35:55+0200,c3feb7e2-8675-4f7f-be40-2d97c558df74,2026-07-15T03:00:00Z,2026-07-15T05:00:00+0200,135.0,EUR/MWh,NL,NL,imbalance_price,Short,2026-08-06T05:38:50Z
2026-08-06T05:35:55Z,2026-08-06T07:35:55+0200,c3feb7e2-8675-4f7f-be40-2d97c558df74,2026-07-15T03:15:00Z,2026-07-15T05:15:00+0200,99.0,EUR/MWh,NL,NL,imbalance_price,Long,2026-08-06T05:38:50Z
2026-08-06T05:35:55Z,2026-08-06T07:35:55+0200,c3feb7e2-8675-4f7f-be40-2d97c558df74,2026-07-15T03:15:00Z,2026-07-15T05:15:00+0200,135.0,EUR/MWh,NL,NL,imbalance_price,Short,2026-08-06T05:38:50Z
2026-08-06T05:35:55Z,2026-08-06T07:35:55+0200,c3feb7e2-8675-4f7f-be40-2d97c558df74,2026-07-15T03:30:00Z,2026-07-15T05:30:00+0200,107.8,EUR/MWh,NL,NL,imbalance_price,Long,2026-08-06T05:38:50Z
2026-08-06T05:35:55Z,2026-08-06T07:35:55+0200,c3feb7e2-8675-4f7f-be40-2d97c558df74,2026-07-15T03:30:00Z,2026-07-15T05:30:00+0200,107.8,EUR/MWh,NL,NL,imbalance_price,Short,2026-08-06T05:38:50Z
2026-08-06T05:35:55Z,2026-08-06T07:35:55+0200,c3feb7e2-8675-4f7f-be40-2d97c558df74,2026-07-15T03:45:00Z,2026-07-15T05:45:00+0200,128.0,EUR/MWh,NL,NL,imbalance_price,Long,2026-08-06T05:38:50Z
2026-08-06T05:35:55Z,2026-08-06T07:35:55+0200,c3feb7e2-8675-4f7f-be40-2d97c558df74,2026-07-15T03:45:00Z,2026-07-15T05:45:00+0200,128.0,EUR/MWh,NL,NL,imbalance_price,Short,2026-08-06T05:38:50Z
2026-08-06T05:35:55Z,2026-08-06T07:35:55+0200,c3feb7e2-8675-4f7f-be40-2d97c558df74,2026-07-15T04:00:00Z,2026-07-15T06:00:00+0200,106.75,EUR/MWh,NL,NL,imbalance_price,Long,2026-08-06T05:38:50Z
2026-08-06T05:35:55Z,2026-08-06T07:35:55+0200,c3feb7e2-8675-4f7f-be40-2d97c558df74,2026-07-15T04:00:00Z,2026-07-15T06:00:00+0200,175.0,EUR/MWh,NL,NL,imbalance_price,Short,2026-08-06T05:38:50Z
2026-08-06T05:35:55Z,2026-08-06T07:35:55+0200,c3feb7e2-8675-4f7f-be40-2d97c558df74,2026-07-15T04:15:00Z,2026-07-15T06:15:00+0200,175.0,EUR/MWh,NL,NL,imbalance_price,Long,2026-08-06T05:38:50Z
2026-08-06T05:35:55Z,2026-08-06T07:35:55+0200,c3feb7e2-8675-4f7f-be40-2d97c558df74,2026-07-15T04:15:00Z,2026-07-15T06:15:00+0200,175.0,EUR/MWh,NL,NL,imbalance_price,Short,2026-08-06T05:38:50Z
2026-08-06T05:35:55Z,2026-08-06T07:35:55+0200,c3feb7e2-8675-4f7f-be40-2d97c558df74,2026-07-15T04:30:00Z,2026-07-15T06:30:00+0200,106.75,EUR/MWh,NL,NL,imbalance_price,Long,2026-08-06T05:38:50Z
2026-08-06T05:35:55Z,2026-08-06T07:35:55+0200,c3feb7e2-8675-4f7f-be40-2d97c558df74,2026-07-15T04:30:00Z,2026-07-15T06:30:00+0200,125.28,EUR/MWh,NL,NL,imbalance_price,Short,2026-08-06T05:38:50Z
2026-08-06T05:35:55Z,2026-08-06T07:35:55+0200,c3feb7e2-8675-4f7f-be40-2d97c558df74,2026-07-15T04:45:00Z,2026-07-15T06:45:00+0200,99.0,EUR/MWh,NL,NL,imbalance_price,Long,2026-08-06T05:38:50Z
2026-08-06T05:35:55Z,2026-08-06T07:35:55+0200,c3feb7e2-8675-4f7f-be40-2d97c558df74,2026-07-15T04:45:00Z,2026-07-15T06:45:00+0200,99.0,EUR/MWh,NL,NL,imbalance_price,Short,2026-08-06T05:38:50Z
2026-08-06T05:35:55Z,2026-08-06T07:35:55+0200,c3feb7e2-8675-4f7f-be40-2d97c558df74,2026-07-15T05:00:00Z,2026-07-15T07:00:00+0200,93.82,EUR/MWh,NL,NL,imbalance_price,Long,2026-08-06T05:38:50Z
2026-08-06T05:35:55Z,2026-08-06T07:35:55+0200,c3feb7e2-8675-4f7f-be40-2d97c558df74,2026-07-15T05:00:00Z,2026-07-15T07:00:00+0200,113.49,EUR/MWh,NL,NL,imbalance_price,Short,2026-08-06T05:38:50Z
2026-08-06T05:35:55Z,2026-08-06T07:35:55+0200,c3feb7e2-8675-4f7f-be40-2d97c558df74,2026-07-15T05:15:00Z,2026-07-15T07:15:00+0200,123.62,EUR/MWh,NL,NL,imbalance_price,Long,2026-08-06T05:38:50Z
2026-08-06T05:35:55Z,2026-08-06T07:35:55+0200,c3feb7e2-8675-4f7f-be40-2d97c558df74,2026-07-15T05:15:00Z,2026-07-15T07:15:00+0200,123.62,EUR/MWh,NL,NL,imbalance_price,Short,2026-08-06T05:38:50Z
2026-08-06T05:35:55Z,2026-08-06T07:35:55+0200,c3feb7e2-8675-4f7f-be40-2d97c558df74,2026-07-15T05:30:00Z,2026-07-15T07:30:00+0200,99.0,EUR/MWh,NL,NL,imbalance_price,Long,2026-08-06T05:38:50Z
2026-08-06T05:35:55Z,2026-08-06T07:35:55+0200,c3feb7e2-8675-4f7f-be40-2d97c558df74,2026-07-15T05:30:00Z,2026-07-15T07:30:00+0200,154.0,EUR/MWh,NL,NL,imbalance_price,Short,2026-08-06T05:38:50Z
2026-08-06T05:35:55Z,2026-08-06T07:35:55+0200,c3feb7e2-8675-4f7f-be40-2d97c558df74,2026-07-15T05:45:00Z,2026-07-15T07:45:00+0200,99.0,EUR/MWh,NL,NL,imbalance_price,Long,2026-08-06T05:38:50Z
2026-08-06T05:35:55Z,2026-08-06T07:35:55+0200,c3feb7e2-8675-4f7f-be40-2d97c558df74,2026-07-15T05:45:00Z,2026-07-15T07:45:00+0200,154.0,EUR/MWh,NL,NL,imbalance_price,Short,2026-08-06T05:38:50Z
2026-08-06T05:35:55Z,2026-08-06T07:35:55+0200,c3feb7e2-8675-4f7f-be40-2d97c558df74,2026-07-15T06:00:00Z,2026-07-15T08:00:00+0200,175.0,EUR/MWh,NL,NL,imbalance_price,Long,2026-08-06T05:38:50Z
2026-08-06T05:35:55Z,2026-08-06T07:35:55+0200,c3feb7e2-8675-4f7f-be40-2d97c558df74,2026-07-15T06:00:00Z,2026-07-15T08:00:00+0200,175.0,EUR/MWh,NL,NL,imbalance_price,Short,2026-08-06T05:38:50Z
2026-08-06T05:35:55Z,2026-08-06T07:35:55+0200,c3feb7e2-8675-4f7f-be40-2d97c558df74,2026-07-15T06:15:00Z,2026-07-15T08:15:00+0200,200.0,EUR/MWh,NL,NL,imbalance_price,Long,2026-08-06T05:38:50Z
2026-08-06T05:35:55Z,2026-08-06T07:35:55+0200,c3feb7e2-8675-4f7f-be40-2d97c558df74,2026-07-15T06:15:00Z,2026-07-15T08:15:00+0200,200.0,EUR/MWh,NL,NL,imbalance_price,Short,2026-08-06T05:38:50Z
2026-08-06T05:35:55Z,2026-08-06T07:35:55+0200,c3feb7e2-8675-4f7f-be40-2d97c558df74,2026-07-15T06:30:00Z,2026-07-15T08:30:00+0200,175.0,EUR/MWh,NL,NL,imbalance_price,Long,2026-08-06T05:38:50Z
2026-08-06T05:35:55Z,2026-08-06T07:35:55+0200,c3feb7e2-8675-4f7f-be40-2d97c558df74,2026-07-15T06:30:00Z,2026-07-15T08:30:00+0200,175.0,EUR/MWh,NL,NL,imbalance_price,Short,2026-08-06T05:38:50Z
2026-08-06T05:35:55Z,2026-08-06T07:35:55+0200,c3feb7e2-8675-4f7f-be40-2d97c558df74,2026-07-15T06:45:00Z,2026-07-15T08:45:00+0200,105.41,EUR/MWh,NL,NL,imbalance_price,Long,2026-08-06T05:38:50Z
2026-08-06T05:35:55Z,2026-08-06T07:35:55+0200,c3feb7e2-8675-4f7f-be40-2d97c558df74,2026-07-15T06:45:00Z,2026-07-15T08:45:00+0200,150.0,EUR/MWh,NL,NL,imbalance_price,Short,2026-08-06T05:38:50Z
2026-08-06T05:35:55Z,2026-08-06T07:35:55+0200,c3feb7e2-8675-4f7f-be40-2d97c558df74,2026-07-15T07:00:00Z,2026-07-15T09:00:00+0200,87.06,EUR/MWh,NL,NL,imbalance_price,Long,2026-08-06T05:38:50Z
2026-08-06T05:35:55Z,2026-08-06T07:35:55+0200,c3feb7e2-8675-4f7f-be40-2d97c558df74,2026-07-15T07:00:00Z,2026-07-15T09:00:00+0200,113.49,EUR/MWh,NL,NL,imbalance_price,Short,2026-08-06T05:38:50Z
2026-08-06T05:35:55Z,2026-08-06T07:35:55+0200,c3feb7e2-8675-4f7f-be40-2d97c558df74,2026-07-15T07:15:00Z,2026-07-15T09:15:00+0200,75.68,EUR/MWh,NL,NL,imbalance_price,Long,2026-08-06T05:38:50Z
2026-08-06T05:35:55Z,2026-08-06T07:35:55+0200,c3feb7e2-8675-4f7f-be40-2d97c558df74,2026-07-15T07:15:00Z,2026-07-15T09:15:00+0200,150.0,EUR/MWh,NL,NL,imbalance_price,Short,2026-08-06T05:38:50Z
2026-08-06T05:35:55Z,2026-08-06T07:35:55+0200,c3feb7e2-8675-4f7f-be40-2d97c558df74,2026-07-15T07:30:00Z,2026-07-15T09:30:00+0200,75.84,EUR/MWh,NL,NL,imbalance_price,Long,2026-08-06T05:38:50Z
2026-08-06T05:35:55Z,2026-08-06T07:35:55+0200,c3feb7e2-8675-4f7f-be40-2d97c558df74,2026-07-15T07:30:00Z,2026-07-15T09:30:00+0200,75.84,EUR/MWh,NL,NL,imbalance_price,Short,2026-08-06T05:38:50Z
2026-08-06T05:35:55Z,2026-08-06T07:35:55+0200,c3feb7e2-8675-4f7f-be40-2d97c558df74,2026-07-15T07:45:00Z,2026-07-15T09:45:00+0200,42.25,EUR/MWh,NL,NL,imbalance_price,Long,2026-08-06T05:38:50Z
2026-08-06T05:35:55Z,2026-08-06T07:35:55+0200,c3feb7e2-8675-4f7f-be40-2d97c558df74,2026-07-15T07:45:00Z,2026-07-15T09:45:00+0200,42.25,EUR/MWh,NL,NL,imbalance_price,Short,2026-08-06T05:38:50Z
2026-08-06T05:35:55Z,2026-08-06T07:35:55+0200,c3feb7e2-8675-4f7f-be40-2d97c558df74,2026-07-15T08:00:00Z,2026-07-15T10:00:00+0200,23.3,EUR/MWh,NL,NL,imbalance_price,Long,2026-08-06T05:38:50Z
2026-08-06T05:35:55Z,2026-08-06T07:35:55+0200,c3feb7e2-8675-4f7f-be40-2d97c558df74,2026-07-15T08:00:00Z,2026-07-15T10:00:00+0200,113.49,EUR/MWh,NL,NL,imbalance_price,Short,2026-08-06T05:38:50Z
2026-08-06T05:35:55Z,2026-08-06T07:35:55+0200,c3feb7e2-8675-4f7f-be40-2d97c558df74,2026-07-15T08:15:00Z,2026-07-15T10:15:00+0200,47.0,EUR/MWh,NL,NL,imbalance_price,Long,2026-08-06T05:38:50Z
2026-08-06T05:35:55Z,2026-08-06T07:35:55+0200,c3feb7e2-8675-4f7f-be40-2d97c558df74,2026-07-15T08:15:00Z,2026-07-15T10:15:00+0200,115.9,EUR/MWh,NL,NL,imbalance_price,Short,2026-08-06T05:38:50Z
2026-08-06T05:35:55Z,2026-08-06T07:35:55+0200,c3feb7e2-8675-4f7f-be40-2d97c558df74,2026-07-15T08:30:00Z,2026-07-15T10:30:00+0200,47.0,EUR/MWh,NL,NL,imbalance_price,Long,2026-08-06T05:38:50Z
2026-08-06T05:35:55Z,2026-08-06T07:35:55+0200,c3feb7e2-8675-4f7f-be40-2d97c558df74,2026-07-15T08:30:00Z,2026-07-15T10:30:00+0200,113.49,EUR/MWh,NL,NL,imbalance_price,Short,2026-08-06T05:38:50Z
2026-08-06T05:35:55Z,2026-08-06T07:35:55+0200,c3feb7e2-8675-4f7f-be40-2d97c558df74,2026-07-15T08:45:00Z,2026-07-15T10:45:00+0200,57.55,EUR/MWh,NL,NL,imbalance_price,Long,2026-08-06T05:38:50Z
2026-08-06T05:35:55Z,2026-08-06T07:35:55+0200,c3feb7e2-8675-4f7f-be40-2d97c558df74,2026-07-15T08:45:00Z,2026-07-15T10:45:00+0200,119.83,EUR/MWh,NL,NL,imbalance_price,Short,2026-08-06T05:38:50Z
2026-08-06T05:35:55Z,2026-08-06T07:35:55+0200,c3feb7e2-8675-4f7f-be40-2d97c558df74,2026-07-15T09:00:00Z,2026-07-15T11:00:00+0200,87.06,EUR/MWh,NL,NL,imbalance_price,Long,2026-08-06T05:38:50Z
2026-08-06T05:35:55Z,2026-08-06T07:35:55+0200,c3feb7e2-8675-4f7f-be40-2d97c558df74,2026-07-15T09:00:00Z,2026-07-15T11:00:00+0200,116.36,EUR/MWh,NL,NL,imbalance_price,Short,2026-08-06T05:38:50Z
2026-08-06T05:35:55Z,2026-08-06T07:35:55+0200,c3feb7e2-8675-4f7f-be40-2d97c558df74,2026-07-15T09:15:00Z,2026-07-15T11:15:00+0200,47.0,EUR/MWh,NL,NL,imbalance_price,Long,2026-08-06T05:38:50Z
2026-08-06T05:35:55Z,2026-08-06T07:35:55+0200,c3feb7e2-8675-4f7f-be40-2d97c558df74,2026-07-15T09:15:00Z,2026-07-15T11:15:00+0200,113.49,EUR/MWh,NL,NL,imbalance_price,Short,2026-08-06T05:38:50Z
2026-08-06T05:35:55Z,2026-08-06T07:35:55+0200,c3feb7e2-8675-4f7f-be40-2d97c558df74,2026-07-15T09:30:00Z,2026-07-15T11:30:00+0200,75.84,EUR/MWh,NL,NL,imbalance_price,Long,2026-08-06T05:38:50Z
2026-08-06T05:35:55Z,2026-08-06T07:35:55+0200,c3feb7e2-8675-4f7f-be40-2d97c558df74,2026-07-15T09:30:00Z,2026-07-15T11:30:00+0200,98.6,EUR/MWh,NL,NL,imbalance_price,Short,2026-08-06T05:38:50Z
2026-08-06T05:35:55Z,2026-08-06T07:35:55+0200,c3feb7e2-8675-4f7f-be40-2d97c558df74,2026-07-15T09:45:00Z,2026-07-15T11:45:00+0200,10.0,EUR/MWh,NL,NL,imbalance_price,Long,2026-08-06T05:38:50Z
2026-08-06T05:35:55Z,2026-08-06T07:35:55+0200,c3feb7e2-8675-4f7f-be40-2d97c558df74,2026-07-15T09:45:00Z,2026-07-15T11:45:00+0200,110.0,EUR/MWh,NL,NL,imbalance_price,Short,2026-08-06T05:38:50Z
2026-08-06T05:35:55Z,2026-08-06T07:35:55+0200,c3feb7e2-8675-4f7f-be40-2d97c558df74,2026-07-15T10:00:00Z,2026-07-15T12:00:00+0200,12.5,EUR/MWh,NL,NL,imbalance_price,Long,2026-08-06T05:38:50Z
2026-08-06T05:35:55Z,2026-08-06T07:35:55+0200,c3feb7e2-8675-4f7f-be40-2d97c558df74,2026-07-15T10:00:00Z,2026-07-15T12:00:00+0200,156.0,EUR/MWh,NL,NL,imbalance_price,Short,2026-08-06T05:38:50Z
2026-08-06T05:35:55Z,2026-08-06T07:35:55+0200,c3feb7e2-8675-4f7f-be40-2d97c558df74,2026-07-15T10:15:00Z,2026-07-15T12:15:00+0200,22.0,EUR/MWh,NL,NL,imbalance_price,Long,2026-08-06T05:38:50Z
2026-08-06T05:35:55Z,2026-08-06T07:35:55+0200,c3feb7e2-8675-4f7f-be40-2d97c558df74,2026-07-15T10:15:00Z,2026-07-15T12:15:00+0200,110.0,EUR/MWh,NL,NL,imbalance_price,Short,2026-08-06T05:38:50Z
2026-08-06T05:35:55Z,2026-08-06T07:35:55+0200,c3feb7e2-8675-4f7f-be40-2d97c558df74,2026-07-15T10:30:00Z,2026-07-15T12:30:00+0200,12.5,EUR/MWh,NL,NL,imbalance_price,Long,2026-08-06T05:38:50Z
2026-08-06T05:35:55Z,2026-08-06T07:35:55+0200,c3feb7e2-8675-4f7f-be40-2d97c558df74,2026-07-15T10:30:00Z,2026-07-15T12:30:00+0200,98.6,EUR/MWh,NL,NL,imbalance_price,Short,2026-08-06T05:38:50Z
2026-08-06T05:35:55Z,2026-08-06T07:35:55+0200,c3feb7e2-8675-4f7f-be40-2d97c558df74,2026-07-15T10:45:00Z,2026-07-15T12:45:00+0200,12.5,EUR/MWh,NL,NL,imbalance_price,Long,2026-08-06T05:38:50Z
2026-08-06T05:35:55Z,2026-08-06T07:35:55+0200,c3feb7e2-8675-4f7f-be40-2d97c558df74,2026-07-15T10:45:00Z,2026-07-15T12:45:00+0200,12.5,EUR/MWh,NL,NL,imbalance_price,Short,2026-08-06T05:38:50Z
2026-08-06T05:35:55Z,2026-08-06T07:35:55+0200,c3feb7e2-8675-4f7f-be40-2d97c558df74,2026-07-15T11:00:00Z,2026-07-15T13:00:00+0200,-13.0,EUR/MWh,NL,NL,imbalance_price,Long,2026-08-06T05:38:50Z
2026-08-06T05:35:55Z,2026-08-06T07:35:55+0200,c3feb7e2-8675-4f7f-be40-2d97c558df74,2026-07-15T11:00:00Z,2026-07-15T13:00:00+0200,-13.0,EUR/MWh,NL,NL,imbalance_price,Short,2026-08-06T05:38:50Z
2026-08-06T05:35:55Z,2026-08-06T07:35:55+0200,c3feb7e2-8675-4f7f-be40-2d97c558df74,2026-07-15T11:15:00Z,2026-07-15T13:15:00+0200,6.0,EUR/MWh,NL,NL,imbalance_price,Long,2026-08-06T05:38:50Z
2026-08-06T05:35:55Z,2026-08-06T07:35:55+0200,c3feb7e2-8675-4f7f-be40-2d97c558df74,2026-07-15T11:15:00Z,2026-07-15T13:15:00+0200,6.0,EUR/MWh,NL,NL,imbalance_price,Short,2026-08-06T05:38:50Z
2026-08-06T05:35:55Z,2026-08-06T07:35:55+0200,c3feb7e2-8675-4f7f-be40-2d97c558df74,2026-07-15T11:30:00Z,2026-07-15T13:30:00+0200,0.0,EUR/MWh,NL,NL,imbalance_price,Long,2026-08-06T05:38:50Z
2026-08-06T05:35:55Z,2026-08-06T07:35:55+0200,c3feb7e2-8675-4f7f-be40-2d97c558df74,2026-07-15T11:30:00Z,2026-07-15T13:30:00+0200,0.0,EUR/MWh,NL,NL,imbalance_price,Short,2026-08-06T05:38:50Z
2026-08-06T05:35:55Z,2026-08-06T07:35:55+0200,c3feb7e2-8675-4f7f-be40-2d97c558df74,2026-07-15T11:45:00Z,2026-07-15T13:45:00+0200,-29.9,EUR/MWh,NL,NL,imbalance_price,Long,2026-08-06T05:38:50Z
2026-08-06T05:35:55Z,2026-08-06T07:35:55+0200,c3feb7e2-8675-4f7f-be40-2d97c558df74,2026-07-15T11:45:00Z,2026-07-15T13:45:00+0200,-29.9,EUR/MWh,NL,NL,imbalance_price,Short,2026-08-06T05:38:50Z
2026-08-06T05:35:55Z,2026-08-06T07:35:55+0200,c3feb7e2-8675-4f7f-be40-2d97c558df74,2026-07-15T12:00:00Z,2026-07-15T14:00:00+0200,-54.9,EUR/MWh,NL,NL,imbalance_price,Long,2026-08-06T05:38:50Z
2026-08-06T05:35:55Z,2026-08-06T07:35:55+0200,c3feb7e2-8675-4f7f-be40-2d97c558df74,2026-07-15T12:00:00Z,2026-07-15T14:00:00+0200,64.09,EUR/MWh,NL,NL,imbalance_price,Short,2026-08-06T05:38:50Z
2026-08-06T05:35:55Z,2026-08-06T07:35:55+0200,c3feb7e2-8675-4f7f-be40-2d97c558df74,2026-07-15T12:15:00Z,2026-07-15T14:15:00+0200,-13.0,EUR/MWh,NL,NL,imbalance_price,Long,2026-08-06T05:38:50Z
2026-08-06T05:35:55Z,2026-08-06T07:35:55+0200,c3feb7e2-8675-4f7f-be40-2d97c558df74,2026-07-15T12:15:00Z,2026-07-15T14:15:00+0200,98.51,EUR/MWh,NL,NL,imbalance_price,Short,2026-08-06T05:38:50Z
2026-08-06T05:35:55Z,2026-08-06T07:35:55+0200,c3feb7e2-8675-4f7f-be40-2d97c558df74,2026-07-15T12:30:00Z,2026-07-15T14:30:00+0200,-7.0,EUR/MWh,NL,NL,imbalance_price,Long,2026-08-06T05:38:50Z
2026-08-06T05:35:55Z,2026-08-06T07:35:55+0200,c3feb7e2-8675-4f7f-be40-2d97c558df74,2026-07-15T12:30:00Z,2026-07-15T14:30:00+0200,114.0,EUR/MWh,NL,NL,imbalance_price,Short,2026-08-06T05:38:50Z
2026-08-06T05:35:55Z,2026-08-06T07:35:55+0200,c3feb7e2-8675-4f7f-be40-2d97c558df74,2026-07-15T12:45:00Z,2026-07-15T14:45:00+0200,-25.0,EUR/MWh,NL,NL,imbalance_price,Long,2026-08-06T05:38:50Z
2026-08-06T05:35:55Z,2026-08-06T07:35:55+0200,c3feb7e2-8675-4f7f-be40-2d97c558df74,2026-07-15T12:45:00Z,2026-07-15T14:45:00+0200,113.0,EUR/MWh,NL,NL,imbalance_price,Short,2026-08-06T05:38:50Z
2026-08-06T05:35:55Z,2026-08-06T07:35:55+0200,c3feb7e2-8675-4f7f-be40-2d97c558df74,2026-07-15T13:00:00Z,2026-07-15T15:00:00+0200,111.0,EUR/MWh,NL,NL,imbalance_price,Long,2026-08-06T05:38:50Z
2026-08-06T05:35:55Z,2026-08-06T07:35:55+0200,c3feb7e2-8675-4f7f-be40-2d97c558df74,2026-07-15T13:00:00Z,2026-07-15T15:00:00+0200,111.0,EUR/MWh,NL,NL,imbalance_price,Short,2026-08-06T05:38:50Z
2026-08-06T05:35:55Z,2026-08-06T07:35:55+0200,c3feb7e2-8675-4f7f-be40-2d97c558df74,2026-07-15T13:15:00Z,2026-07-15T15:15:00+0200,145.1,EUR/MWh,NL,NL,imbalance_price,Long,2026-08-06T05:38:50Z
2026-08-06T05:35:55Z,2026-08-06T07:35:55+0200,c3feb7e2-8675-4f7f-be40-2d97c558df74,2026-07-15T13:15:00Z,2026-07-15T15:15:00+0200,145.1,EUR/MWh,NL,NL,imbalance_price,Short,2026-08-06T05:38:50Z
2026-08-06T05:35:55Z,2026-08-06T07:35:55+0200,c3feb7e2-8675-4f7f-be40-2d97c558df74,2026-07-15T13:30:00Z,2026-07-15T15:30:00+0200,150.1,EUR/MWh,NL,NL,imbalance_price,Long,2026-08-06T05:38:50Z
2026-08-06T05:35:55Z,2026-08-06T07:35:55+0200,c3feb7e2-8675-4f7f-be40-2d97c558df74,2026-07-15T13:30:00Z,2026-07-15T15:30:00+0200,150.1,EUR/MWh,NL,NL,imbalance_price,Short,2026-08-06T05:38:50Z
2026-08-06T05:35:55Z,2026-08-06T07:35:55+0200,c3feb7e2-8675-4f7f-be40-2d97c558df74,2026-07-15T13:45:00Z,2026-07-15T15:45:00+0200,115.9,EUR/MWh,NL,NL,imbalance_price,Long,2026-08-06T05:38:50Z
2026-08-06T05:35:55Z,2026-08-06T07:35:55+0200,c3feb7e2-8675-4f7f-be40-2d97c558df74,2026-07-15T13:45:00Z,2026-07-15T15:45:00+0200,115.9,EUR/MWh,NL,NL,imbalance_price,Short,2026-08-06T05:38:50Z
2026-08-06T05:35:55Z,2026-08-06T07:35:55+0200,c3feb7e2-8675-4f7f-be40-2d97c558df74,2026-07-15T14:00:00Z,2026-07-15T16:00:00+0200,105.04,EUR/MWh,NL,NL,imbalance_price,Long,2026-08-06T05:38:50Z
2026-08-06T05:35:55Z,2026-08-06T07:35:55+0200,c3feb7e2-8675-4f7f-be40-2d97c558df74,2026-07-15T14:00:00Z,2026-07-15T16:00:00+0200,114.0,EUR/MWh,NL,NL,imbalance_price,Short,2026-08-06T05:38:50Z
2026-08-06T05:35:55Z,2026-08-06T07:35:55+0200,c3feb7e2-8675-4f7f-be40-2d97c558df74,2026-07-15T14:15:00Z,2026-07-15T16:15:00+0200,107.98,EUR/MWh,NL,NL,imbalance_price,Long,2026-08-06T05:38:50Z
2026-08-06T05:35:55Z,2026-08-06T07:35:55+0200,c3feb7e2-8675-4f7f-be40-2d97c558df74,2026-07-15T14:15:00Z,2026-07-15T16:15:00+0200,156.0,EUR/MWh,NL,NL,imbalance_price,Short,2026-08-06T05:38:50Z
2026-08-06T05:35:55Z,2026-08-06T07:35:55+0200,c3feb7e2-8675-4f7f-be40-2d97c558df74,2026-07-15T14:30:00Z,2026-07-15T16:30:00+0200,153.24,EUR/MWh,NL,NL,imbalance_price,Long,2026-08-06T05:38:50Z
2026-08-06T05:35:55Z,2026-08-06T07:35:55+0200,c3feb7e2-8675-4f7f-be40-2d97c558df74,2026-07-15T14:30:00Z,2026-07-15T16:30:00+0200,153.24,EUR/MWh,NL,NL,imbalance_price,Short,2026-08-06T05:38:50Z
2026-08-06T05:35:55Z,2026-08-06T07:35:55+0200,c3feb7e2-8675-4f7f-be40-2d97c558df74,2026-07-15T14:45:00Z,2026-07-15T16:45:00+0200,75.84,EUR/MWh,NL,NL,imbalance_price,Long,2026-08-06T05:38:50Z
2026-08-06T05:35:55Z,2026-08-06T07:35:55+0200,c3feb7e2-8675-4f7f-be40-2d97c558df74,2026-07-15T14:45:00Z,2026-07-15T16:45:00+0200,114.04,EUR/MWh,NL,NL,imbalance_price,Short,2026-08-06T05:38:50Z
2026-08-06T05:35:55Z,2026-08-06T07:35:55+0200,c3feb7e2-8675-4f7f-be40-2d97c558df74,2026-07-15T15:00:00Z,2026-07-15T17:00:00+0200,27.0,EUR/MWh,NL,NL,imbalance_price,Long,2026-08-06T05:38:50Z
2026-08-06T05:35:55Z,2026-08-06T07:35:55+0200,c3feb7e2-8675-4f7f-be40-2d97c558df74,2026-07-15T15:00:00Z,2026-07-15T17:00:00+0200,117.0,EUR/MWh,NL,NL,imbalance_price,Short,2026-08-06T05:38:50Z
2026-08-06T05:35:55Z,2026-08-06T07:35:55+0200,c3feb7e2-8675-4f7f-be40-2d97c558df74,2026-07-15T15:15:00Z,2026-07-15T17:15:00+0200,27.0,EUR/MWh,NL,NL,imbalance_price,Long,2026-08-06T05:38:50Z
2026-08-06T05:35:55Z,2026-08-06T07:35:55+0200,c3feb7e2-8675-4f7f-be40-2d97c558df74,2026-07-15T15:15:00Z,2026-07-15T17:15:00+0200,156.0,EUR/MWh,NL,NL,imbalance_price,Short,2026-08-06T05:38:50Z
2026-08-06T05:35:55Z,2026-08-06T07:35:55+0200,c3feb7e2-8675-4f7f-be40-2d97c558df74,2026-07-15T15:30:00Z,2026-07-15T17:30:00+0200,27.0,EUR/MWh,NL,NL,imbalance_price,Long,2026-08-06T05:38:50Z
2026-08-06T05:35:55Z,2026-08-06T07:35:55+0200,c3feb7e2-8675-4f7f-be40-2d97c558df74,2026-07-15T15:30:00Z,2026-07-15T17:30:00+0200,191.8,EUR/MWh,NL,NL,imbalance_price,Short,2026-08-06T05:38:50Z
2026-08-06T05:35:55Z,2026-08-06T07:35:55+0200,c3feb7e2-8675-4f7f-be40-2d97c558df74,2026-07-15T15:45:00Z,2026-07-15T17:45:00+0200,115.9,EUR/MWh,NL,NL,imbalance_price,Long,2026-08-06T05:38:50Z
2026-08-06T05:35:55Z,2026-08-06T07:35:55+0200,c3feb7e2-8675-4f7f-be40-2d97c558df74,2026-07-15T15:45:00Z,2026-07-15T17:45:00+0200,186.43,EUR/MWh,NL,NL,imbalance_price,Short,2026-08-06T05:38:50Z
2026-08-06T05:35:55Z,2026-08-06T07:35:55+0200,c3feb7e2-8675-4f7f-be40-2d97c558df74,2026-07-15T16:00:00Z,2026-07-15T18:00:00+0200,112.89,EUR/MWh,NL,NL,imbalance_price,Long,2026-08-06T05:38:50Z
2026-08-06T05:35:55Z,2026-08-06T07:35:55+0200,c3feb7e2-8675-4f7f-be40-2d97c558df74,2026-07-15T16:00:00Z,2026-07-15T18:00:00+0200,156.0,EUR/MWh,NL,NL,imbalance_price,Short,2026-08-06T05:38:50Z
2026-08-06T05:35:55Z,2026-08-06T07:35:55+0200,c3feb7e2-8675-4f7f-be40-2d97c558df74,2026-07-15T16:15:00Z,2026-07-15T18:15:00+0200,108.94,EUR/MWh,NL,NL,imbalance_price,Long,2026-08-06T05:38:50Z
2026-08-06T05:35:55Z,2026-08-06T07:35:55+0200,c3feb7e2-8675-4f7f-be40-2d97c558df74,2026-07-15T16:15:00Z,2026-07-15T18:15:00+0200,165.3,EUR/MWh,NL,NL,imbalance_price,Short,2026-08-06T05:38:50Z
2026-08-06T05:35:55Z,2026-08-06T07:35:55+0200,c3feb7e2-8675-4f7f-be40-2d97c558df74,2026-07-15T16:30:00Z,2026-07-15T18:30:00+0200,115.08,EUR/MWh,NL,NL,imbalance_price,Long,2026-08-06T05:38:50Z
2026-08-06T05:35:55Z,2026-08-06T07:35:55+0200,c3feb7e2-8675-4f7f-be40-2d97c558df74,2026-07-15T16:30:00Z,2026-07-15T18:30:00+0200,207.86,EUR/MWh,NL,NL,imbalance_price,Short,2026-08-06T05:38:50Z
2026-08-06T05:35:55Z,2026-08-06T07:35:55+0200,c3feb7e2-8675-4f7f-be40-2d97c558df74,2026-07-15T16:45:00Z,2026-07-15T18:45:00+0200,111.08,EUR/MWh,NL,NL,imbalance_price,Long,2026-08-06T05:38:50Z
2026-08-06T05:35:55Z,2026-08-06T07:35:55+0200,c3feb7e2-8675-4f7f-be40-2d97c558df74,2026-07-15T16:45:00Z,2026-07-15T18:45:00+0200,200.0,EUR/MWh,NL,NL,imbalance_price,Short,2026-08-06T05:38:50Z
2026-08-06T05:35:55Z,2026-08-06T07:35:55+0200,c3feb7e2-8675-4f7f-be40-2d97c558df74,2026-07-15T17:00:00Z,2026-07-15T19:00:00+0200,191.47,EUR/MWh,NL,NL,imbalance_price,Long,2026-08-06T05:38:50Z
2026-08-06T05:35:55Z,2026-08-06T07:35:55+0200,c3feb7e2-8675-4f7f-be40-2d97c558df74,2026-07-15T17:00:00Z,2026-07-15T19:00:00+0200,191.47,EUR/MWh,NL,NL,imbalance_price,Short,2026-08-06T05:38:50Z
2026-08-06T05:35:55Z,2026-08-06T07:35:55+0200,c3feb7e2-8675-4f7f-be40-2d97c558df74,2026-07-15T17:15:00Z,2026-07-15T19:15:00+0200,115.08,EUR/MWh,NL,NL,imbalance_price,Long,2026-08-06T05:38:50Z
2026-08-06T05:35:55Z,2026-08-06T07:35:55+0200,c3feb7e2-8675-4f7f-be40-2d97c558df74,2026-07-15T17:15:00Z,2026-07-15T19:15:00+0200,209.98,EUR/MWh,NL,NL,imbalance_price,Short,2026-08-06T05:38:50Z
2026-08-06T05:35:55Z,2026-08-06T07:35:55+0200,c3feb7e2-8675-4f7f-be40-2d97c558df74,2026-07-15T17:30:00Z,2026-07-15T19:30:00+0200,114.99,EUR/MWh,NL,NL,imbalance_price,Long,2026-08-06T05:38:50Z
2026-08-06T05:35:55Z,2026-08-06T07:35:55+0200,c3feb7e2-8675-4f7f-be40-2d97c558df74,2026-07-15T17:30:00Z,2026-07-15T19:30:00+0200,167.0,EUR/MWh,NL,NL,imbalance_price,Short,2026-08-06T05:38:50Z
2026-08-06T05:35:55Z,2026-08-06T07:35:55+0200,c3feb7e2-8675-4f7f-be40-2d97c558df74,2026-07-15T17:45:00Z,2026-07-15T19:45:00+0200,121.73,EUR/MWh,NL,NL,imbalance_price,Long,2026-08-06T05:38:50Z
2026-08-06T05:35:55Z,2026-08-06T07:35:55+0200,c3feb7e2-8675-4f7f-be40-2d97c558df74,2026-07-15T17:45:00Z,2026-07-15T19:45:00+0200,159.0,EUR/MWh,NL,NL,imbalance_price,Short,2026-08-06T05:38:50Z
2026-08-06T05:35:55Z,2026-08-06T07:35:55+0200,c3feb7e2-8675-4f7f-be40-2d97c558df74,2026-07-15T18:00:00Z,2026-07-15T20:00:00+0200,115.28,EUR/MWh,NL,NL,imbalance_price,Long,2026-08-06T05:38:50Z
2026-08-06T05:35:55Z,2026-08-06T07:35:55+0200,c3feb7e2-8675-4f7f-be40-2d97c558df74,2026-07-15T18:00:00Z,2026-07-15T20:00:00+0200,149.02,EUR/MWh,NL,NL,imbalance_price,Short,2026-08-06T05:38:50Z
2026-08-06T05:35:55Z,2026-08-06T07:35:55+0200,c3feb7e2-8675-4f7f-be40-2d97c558df74,2026-07-15T18:15:00Z,2026-07-15T20:15:00+0200,156.0,EUR/MWh,NL,NL,imbalance_price,Long,2026-08-06T05:38:50Z
2026-08-06T05:35:55Z,2026-08-06T07:35:55+0200,c3feb7e2-8675-4f7f-be40-2d97c558df74,2026-07-15T18:15:00Z,2026-07-15T20:15:00+0200,156.0,EUR/MWh,NL,NL,imbalance_price,Short,2026-08-06T05:38:50Z
2026-08-06T05:35:55Z,2026-08-06T07:35:55+0200,c3feb7e2-8675-4f7f-be40-2d97c558df74,2026-07-15T18:30:00Z,2026-07-15T20:30:00+0200,156.0,EUR/MWh,NL,NL,imbalance_price,Long,2026-08-06T05:38:50Z
2026-08-06T05:35:55Z,2026-08-06T07:35:55+0200,c3feb7e2-8675-4f7f-be40-2d97c558df74,2026-07-15T18:30:00Z,2026-07-15T20:30:00+0200,156.0,EUR/MWh,NL,NL,imbalance_price,Short,2026-08-06T05:38:50Z
2026-08-06T05:35:55Z,2026-08-06T07:35:55+0200,c3feb7e2-8675-4f7f-be40-2d97c558df74,2026-07-15T18:45:00Z,2026-07-15T20:45:00+0200,113.91,EUR/MWh,NL,NL,imbalance_price,Long,2026-08-06T05:38:50Z
2026-08-06T05:35:55Z,2026-08-06T07:35:55+0200,c3feb7e2-8675-4f7f-be40-2d97c558df74,2026-07-15T18:45:00Z,2026-07-15T20:45:00+0200,185.0,EUR/MWh,NL,NL,imbalance_price,Short,2026-08-06T05:38:50Z
2026-08-06T05:35:55Z,2026-08-06T07:35:55+0200,c3feb7e2-8675-4f7f-be40-2d97c558df74,2026-07-15T19:00:00Z,2026-07-15T21:00:00+0200,112.56,EUR/MWh,NL,NL,imbalance_price,Long,2026-08-06T05:38:50Z
2026-08-06T05:35:55Z,2026-08-06T07:35:55+0200,c3feb7e2-8675-4f7f-be40-2d97c558df74,2026-07-15T19:00:00Z,2026-07-15T21:00:00+0200,216.0,EUR/MWh,NL,NL,imbalance_price,Short,2026-08-06T05:38:50Z
2026-08-06T05:35:55Z,2026-08-06T07:35:55+0200,c3feb7e2-8675-4f7f-be40-2d97c558df74,2026-07-15T19:15:00Z,2026-07-15T21:15:00+0200,198.29,EUR/MWh,NL,NL,imbalance_price,Long,2026-08-06T05:38:50Z
2026-08-06T05:35:55Z,2026-08-06T07:35:55+0200,c3feb7e2-8675-4f7f-be40-2d97c558df74,2026-07-15T19:15:00Z,2026-07-15T21:15:00+0200,198.29,EUR/MWh,NL,NL,imbalance_price,Short,2026-08-06T05:38:50Z
2026-08-06T05:35:55Z,2026-08-06T07:35:55+0200,c3feb7e2-8675-4f7f-be40-2d97c558df74,2026-07-15T19:30:00Z,2026-07-15T21:30:00+0200,185.0,EUR/MWh,NL,NL,imbalance_price,Long,2026-08-06T05:38:50Z
2026-08-06T05:35:55Z,2026-08-06T07:35:55+0200,c3feb7e2-8675-4f7f-be40-2d97c558df74,2026-07-15T19:30:00Z,2026-07-15T21:30:00+0200,185.0,EUR/MWh,NL,NL,imbalance_price,Short,2026-08-06T05:38:50Z
2026-08-06T05:35:55Z,2026-08-06T07:35:55+0200,c3feb7e2-8675-4f7f-be40-2d97c558df74,2026-07-15T19:45:00Z,2026-07-15T21:45:00+0200,185.0,EUR/MWh,NL,NL,imbalance_price,Long,2026-08-06T05:38:50Z
2026-08-06T05:35:55Z,2026-08-06T07:35:55+0200,c3feb7e2-8675-4f7f-be40-2d97c558df74,2026-07-15T19:45:00Z,2026-07-15T21:45:00+0200,185.0,EUR/MWh,NL,NL,imbalance_price,Short,2026-08-06T05:38:50Z
2026-08-06T05:35:55Z,2026-08-06T07:35:55+0200,c3feb7e2-8675-4f7f-be40-2d97c558df74,2026-07-15T20:00:00Z,2026-07-15T22:00:00+0200,185.0,EUR/MWh,NL,NL,imbalance_price,Long,2026-08-06T05:38:50Z
2026-08-06T05:35:55Z,2026-08-06T07:35:55+0200,c3feb7e2-8675-4f7f-be40-2d97c558df74,2026-07-15T20:00:00Z,2026-07-15T22:00:00+0200,185.0,EUR/MWh,NL,NL,imbalance_price,Short,2026-08-06T05:38:50Z
2026-08-06T05:35:55Z,2026-08-06T07:35:55+0200,c3feb7e2-8675-4f7f-be40-2d97c558df74,2026-07-15T20:15:00Z,2026-07-15T22:15:00+0200,115.58,EUR/MWh,NL,NL,imbalance_price,Long,2026-08-06T05:38:50Z
2026-08-06T05:35:55Z,2026-08-06T07:35:55+0200,c3feb7e2-8675-4f7f-be40-2d97c558df74,2026-07-15T20:15:00Z,2026-07-15T22:15:00+0200,156.0,EUR/MWh,NL,NL,imbalance_price,Short,2026-08-06T05:38:50Z
2026-08-06T05:35:55Z,2026-08-06T07:35:55+0200,c3feb7e2-8675-4f7f-be40-2d97c558df74,2026-07-15T20:30:00Z,2026-07-15T22:30:00+0200,115.08,EUR/MWh,NL,NL,imbalance_price,Long,2026-08-06T05:38:50Z
2026-08-06T05:35:55Z,2026-08-06T07:35:55+0200,c3feb7e2-8675-4f7f-be40-2d97c558df74,2026-07-15T20:30:00Z,2026-07-15T22:30:00+0200,135.44,EUR/MWh,NL,NL,imbalance_price,Short,2026-08-06T05:38:50Z
2026-08-06T05:35:55Z,2026-08-06T07:35:55+0200,c3feb7e2-8675-4f7f-be40-2d97c558df74,2026-07-15T20:45:00Z,2026-07-15T22:45:00+0200,115.18,EUR/MWh,NL,NL,imbalance_price,Long,2026-08-06T05:38:50Z
2026-08-06T05:35:55Z,2026-08-06T07:35:55+0200,c3feb7e2-8675-4f7f-be40-2d97c558df74,2026-07-15T20:45:00Z,2026-07-15T22:45:00+0200,134.26,EUR/MWh,NL,NL,imbalance_price,Short,2026-08-06T05:38:50Z
2026-08-06T05:35:55Z,2026-08-06T07:35:55+0200,c3feb7e2-8675-4f7f-be40-2d97c558df74,2026-07-15T21:00:00Z,2026-07-15T23:00:00+0200,118.2,EUR/MWh,NL,NL,imbalance_price,Long,2026-08-06T05:38:50Z
2026-08-06T05:35:55Z,2026-08-06T07:35:55+0200,c3feb7e2-8675-4f7f-be40-2d97c558df74,2026-07-15T21:00:00Z,2026-07-15T23:00:00+0200,156.0,EUR/MWh,NL,NL,imbalance_price,Short,2026-08-06T05:38:50Z
2026-08-06T05:35:55Z,2026-08-06T07:35:55+0200,c3feb7e2-8675-4f7f-be40-2d97c558df74,2026-07-15T21:15:00Z,2026-07-15T23:15:00+0200,121.89,EUR/MWh,NL,NL,imbalance_price,Long,2026-08-06T05:38:50Z
2026-08-06T05:35:55Z,2026-08-06T07:35:55+0200,c3feb7e2-8675-4f7f-be40-2d97c558df74,2026-07-15T21:15:00Z,2026-07-15T23:15:00+0200,200.0,EUR/MWh,NL,NL,imbalance_price,Short,2026-08-06T05:38:50Z
2026-08-06T05:35:55Z,2026-08-06T07:35:55+0200,c3feb7e2-8675-4f7f-be40-2d97c558df74,2026-07-15T21:30:00Z,2026-07-15T23:30:00+0200,110.84,EUR/MWh,NL,NL,imbalance_price,Long,2026-08-06T05:38:50Z
2026-08-06T05:35:55Z,2026-08-06T07:35:55+0200,c3feb7e2-8675-4f7f-be40-2d97c558df74,2026-07-15T21:30:00Z,2026-07-15T23:30:00+0200,128.44,EUR/MWh,NL,NL,imbalance_price,Short,2026-08-06T05:38:50Z
2026-08-06T05:35:55Z,2026-08-06T07:35:55+0200,c3feb7e2-8675-4f7f-be40-2d97c558df74,2026-07-15T21:45:00Z,2026-07-15T23:45:00+0200,115.38,EUR/MWh,NL,NL,imbalance_price,Long,2026-08-06T05:38:50Z
2026-08-06T05:35:55Z,2026-08-06T07:35:55+0200,c3feb7e2-8675-4f7f-be40-2d97c558df74,2026-07-15T21:45:00Z,2026-07-15T23:45:00+0200,115.38,EUR/MWh,NL,NL,imbalance_price,Short,2026-08-06T05:38:50Z
2026-08-06T05:35:55Z,2026-08-06T07:35:55+0200,c3feb7e2-8675-4f7f-be40-2d97c558df74,2026-07-15T22:00:00Z,2026-07-16T00:00:00+0200,106.87,EUR/MWh,NL,NL,imbalance_price,Long,2026-08-06T05:38:50Z
2026-08-06T05:35:55Z,2026-08-06T07:35:55+0200,c3feb7e2-8675-4f7f-be40-2d97c558df74,2026-07-15T22:00:00Z,2026-07-16T00:00:00+0200,155.0,EUR/MWh,NL,NL,imbalance_price,Short,2026-08-06T05:38:50Z
2026-08-06T05:35:55Z,2026-08-06T07:35:55+0200,c3feb7e2-8675-4f7f-be40-2d97c558df74,2026-07-15T22:15:00Z,2026-07-16T00:15:00+0200,127.64,EUR/MWh,NL,NL,imbalance_price,Long,2026-08-06T05:38:50Z
2026-08-06T05:35:55Z,2026-08-06T07:35:55+0200,c3feb7e2-8675-4f7f-be40-2d97c558df74,2026-07-15T22:15:00Z,2026-07-16T00:15:00+0200,150.0,EUR/MWh,NL,NL,imbalance_price,Short,2026-08-06T05:38:50Z
2026-08-06T05:35:55Z,2026-08-06T07:35:55+0200,c3feb7e2-8675-4f7f-be40-2d97c558df74,2026-07-15T22:30:00Z,2026-07-16T00:30:00+0200,116.46,EUR/MWh,NL,NL,imbalance_price,Long,2026-08-06T05:38:50Z
2026-08-06T05:35:55Z,2026-08-06T07:35:55+0200,c3feb7e2-8675-4f7f-be40-2d97c558df74,2026-07-15T22:30:00Z,2026-07-16T00:30:00+0200,125.34,EUR/MWh,NL,NL,imbalance_price,Short,2026-08-06T05:38:50Z
2026-08-06T05:35:55Z,2026-08-06T07:35:55+0200,c3feb7e2-8675-4f7f-be40-2d97c558df74,2026-07-15T22:45:00Z,2026-07-16T00:45:00+0200,119.0,EUR/MWh,NL,NL,imbalance_price,Long,2026-08-06T05:38:50Z
2026-08-06T05:35:55Z,2026-08-06T07:35:55+0200,c3feb7e2-8675-4f7f-be40-2d97c558df74,2026-07-15T22:45:00Z,2026-07-16T00:45:00+0200,124.73,EUR/MWh,NL,NL,imbalance_price,Short,2026-08-06T05:38:50Z
2026-08-06T05:35:55Z,2026-08-06T07:35:55+0200,c3feb7e2-8675-4f7f-be40-2d97c558df74,2026-07-15T23:00:00Z,2026-07-16T01:00:00+0200,145.0,EUR/MWh,NL,NL,imbalance_price,Long,2026-08-06T05:38:50Z
2026-08-06T05:35:55Z,2026-08-06T07:35:55+0200,c3feb7e2-8675-4f7f-be40-2d97c558df74,2026-07-15T23:00:00Z,2026-07-16T01:00:00+0200,145.0,EUR/MWh,NL,NL,imbalance_price,Short,2026-08-06T05:38:50Z
2026-08-06T05:35:55Z,2026-08-06T07:35:55+0200,c3feb7e2-8675-4f7f-be40-2d97c558df74,2026-07-15T23:15:00Z,2026-07-16T01:15:00+0200,155.0,EUR/MWh,NL,NL,imbalance_price,Long,2026-08-06T05:38:50Z
2026-08-06T05:35:55Z,2026-08-06T07:35:55+0200,c3feb7e2-8675-4f7f-be40-2d97c558df74,2026-07-15T23:15:00Z,2026-07-16T01:15:00+0200,155.0,EUR/MWh,NL,NL,imbalance_price,Short,2026-08-06T05:38:50Z
2026-08-06T05:35:55Z,2026-08-06T07:35:55+0200,c3feb7e2-8675-4f7f-be40-2d97c558df74,2026-07-15T23:30:00Z,2026-07-16T01:30:00+0200,150.0,EUR/MWh,NL,NL,imbalance_price,Long,2026-08-06T05:38:50Z
2026-08-06T05:35:55Z,2026-08-06T07:35:55+0200,c3feb7e2-8675-4f7f-be40-2d97c558df74,2026-07-15T23:30:00Z,2026-07-16T01:30:00+0200,150.0,EUR/MWh,NL,NL,imbalance_price,Short,2026-08-06T05:38:50Z
2026-08-06T05:35:55Z,2026-08-06T07:35:55+0200,c3feb7e2-8675-4f7f-be40-2d97c558df74,2026-07-15T23:45:00Z,2026-07-16T01:45:00+0200,157.87,EUR/MWh,NL,NL,imbalance_price,Long,2026-08-06T05:38:50Z
2026-08-06T05:35:55Z,2026-08-06T07:35:55+0200,c3feb7e2-8675-4f7f-be40-2d97c558df74,2026-07-15T23:45:00Z,2026-07-16T01:45:00+0200,157.87,EUR/MWh,NL,NL,imbalance_price,Short,2026-08-06T05:38:50Z
2026-08-06T05:35:55Z,2026-08-06T07:35:55+0200,c3feb7e2-8675-4f7f-be40-2d97c558df74,2026-07-16T00:00:00Z,2026-07-16T02:00:00+0200,159.0,EUR/MWh,NL,NL,imbalance_price,Long,2026-08-06T05:38:50Z
2026-08-06T05:35:55Z,2026-08-06T07:35:55+0200,c3feb7e2-8675-4f7f-be40-2d97c558df74,2026-07-16T00:00:00Z,2026-07-16T02:00:00+0200,159.0,EUR/MWh,NL,NL,imbalance_price,Short,2026-08-06T05:38:50Z
2026-08-06T05:35:55Z,2026-08-06T07:35:55+0200,c3feb7e2-8675-4f7f-be40-2d97c558df74,2026-07-16T00:15:00Z,2026-07-16T02:15:00+0200,159.0,EUR/MWh,NL,NL,imbalance_price,Long,2026-08-06T05:38:50Z
2026-08-06T05:35:55Z,2026-08-06T07:35:55+0200,c3feb7e2-8675-4f7f-be40-2d97c558df74,2026-07-16T00:15:00Z,2026-07-16T02:15:00+0200,159.0,EUR/MWh,NL,NL,imbalance_price,Short,2026-08-06T05:38:50Z
2026-08-06T05:35:55Z,2026-08-06T07:35:55+0200,c3feb7e2-8675-4f7f-be40-2d97c558df74,2026-07-16T00:30:00Z,2026-07-16T02:30:00+0200,150.0,EUR/MWh,NL,NL,imbalance_price,Long,2026-08-06T05:38:50Z
2026-08-06T05:35:55Z,2026-08-06T07:35:55+0200,c3feb7e2-8675-4f7f-be40-2d97c558df74,2026-07-16T00:30:00Z,2026-07-16T02:30:00+0200,150.0,EUR/MWh,NL,NL,imbalance_price,Short,2026-08-06T05:38:50Z
2026-08-06T05:35:55Z,2026-08-06T07:35:55+0200,c3feb7e2-8675-4f7f-be40-2d97c558df74,2026-07-16T00:45:00Z,2026-07-16T02:45:00+0200,150.0,EUR/MWh,NL,NL,imbalance_price,Long,2026-08-06T05:38:50Z
2026-08-06T05:35:55Z,2026-08-06T07:35:55+0200,c3feb7e2-8675-4f7f-be40-2d97c558df74,2026-07-16T00:45:00Z,2026-07-16T02:45:00+0200,150.0,EUR/MWh,NL,NL,imbalance_price,Short,2026-08-06T05:38:50Z
2026-08-06T05:35:55Z,2026-08-06T07:35:55+0200,c3feb7e2-8675-4f7f-be40-2d97c558df74,2026-07-16T01:00:00Z,2026-07-16T03:00:00+0200,155.0,EUR/MWh,NL,NL,imbalance_price,Long,2026-08-06T05:38:50Z
2026-08-06T05:35:55Z,2026-08-06T07:35:55+0200,c3feb7e2-8675-4f7f-be40-2d97c558df74,2026-07-16T01:00:00Z,2026-07-16T03:00:00+0200,155.0,EUR/MWh,NL,NL,imbalance_price,Short,2026-08-06T05:38:50Z
2026-08-06T05:35:55Z,2026-08-06T07:35:55+0200,c3feb7e2-8675-4f7f-be40-2d97c558df74,2026-07-16T01:15:00Z,2026-07-16T03:15:00+0200,150.0,EUR/MWh,NL,NL,imbalance_price,Long,2026-08-06T05:38:50Z
2026-08-06T05:35:55Z,2026-08-06T07:35:55+0200,c3feb7e2-8675-4f7f-be40-2d97c558df74,2026-07-16T01:15:00Z,2026-07-16T03:15:00+0200,150.0,EUR/MWh,NL,NL,imbalance_price,Short,2026-08-06T05:38:50Z
2026-08-06T05:35:55Z,2026-08-06T07:35:55+0200,c3feb7e2-8675-4f7f-be40-2d97c558df74,2026-07-16T01:30:00Z,2026-07-16T03:30:00+0200,160.0,EUR/MWh,NL,NL,imbalance_price,Long,2026-08-06T05:38:50Z
2026-08-06T05:35:55Z,2026-08-06T07:35:55+0200,c3feb7e2-8675-4f7f-be40-2d97c558df74,2026-07-16T01:30:00Z,2026-07-16T03:30:00+0200,160.0,EUR/MWh,NL,NL,imbalance_price,Short,2026-08-06T05:38:50Z
2026-08-06T05:35:55Z,2026-08-06T07:35:55+0200,c3feb7e2-8675-4f7f-be40-2d97c558df74,2026-07-16T01:45:00Z,2026-07-16T03:45:00+0200,162.11,EUR/MWh,NL,NL,imbalance_price,Long,2026-08-06T05:38:50Z
2026-08-06T05:35:55Z,2026-08-06T07:35:55+0200,c3feb7e2-8675-4f7f-be40-2d97c558df74,2026-07-16T01:45:00Z,2026-07-16T03:45:00+0200,162.11,EUR/MWh,NL,NL,imbalance_price,Short,2026-08-06T05:38:50Z
2026-08-06T05:35:55Z,2026-08-06T07:35:55+0200,c3feb7e2-8675-4f7f-be40-2d97c558df74,2026-07-16T02:00:00Z,2026-07-16T04:00:00+0200,155.0,EUR/MWh,NL,NL,imbalance_price,Long,2026-08-06T05:38:50Z
2026-08-06T05:35:55Z,2026-08-06T07:35:55+0200,c3feb7e2-8675-4f7f-be40-2d97c558df74,2026-07-16T02:00:00Z,2026-07-16T04:00:00+0200,155.0,EUR/MWh,NL,NL,imbalance_price,Short,2026-08-06T05:38:50Z
2026-08-06T05:35:55Z,2026-08-06T07:35:55+0200,c3feb7e2-8675-4f7f-be40-2d97c558df74,2026-07-16T02:15:00Z,2026-07-16T04:15:00+0200,124.92,EUR/MWh,NL,NL,imbalance_price,Long,2026-08-06T05:38:50Z
2026-08-06T05:35:55Z,2026-08-06T07:35:55+0200,c3feb7e2-8675-4f7f-be40-2d97c558df74,2026-07-16T02:15:00Z,2026-07-16T04:15:00+0200,161.38,EUR/MWh,NL,NL,imbalance_price,Short,2026-08-06T05:38:50Z
2026-08-06T05:35:55Z,2026-08-06T07:35:55+0200,c3feb7e2-8675-4f7f-be40-2d97c558df74,2026-07-16T02:30:00Z,2026-07-16T04:30:00+0200,150.0,EUR/MWh,NL,NL,imbalance_price,Long,2026-08-06T05:38:50Z
2026-08-06T05:35:55Z,2026-08-06T07:35:55+0200,c3feb7e2-8675-4f7f-be40-2d97c558df74,2026-07-16T02:30:00Z,2026-07-16T04:30:00+0200,150.0,EUR/MWh,NL,NL,imbalance_price,Short,2026-08-06T05:38:50Z
2026-08-06T05:35:55Z,2026-08-06T07:35:55+0200,c3feb7e2-8675-4f7f-be40-2d97c558df74,2026-07-16T02:45:00Z,2026-07-16T04:45:00+0200,155.0,EUR/MWh,NL,NL,imbalance_price,Long,2026-08-06T05:38:50Z
2026-08-06T05:35:55Z,2026-08-06T07:35:55+0200,c3feb7e2-8675-4f7f-be40-2d97c558df74,2026-07-16T02:45:00Z,2026-07-16T04:45:00+0200,155.0,EUR/MWh,NL,NL,imbalance_price,Short,2026-08-06T05:38:50Z
2026-08-06T05:35:55Z,2026-08-06T07:35:55+0200,c3feb7e2-8675-4f7f-be40-2d97c558df74,2026-07-16T03:00:00Z,2026-07-16T05:00:00+0200,125.67,EUR/MWh,NL,NL,imbalance_price,Long,2026-08-06T05:38:50Z
2026-08-06T05:35:55Z,2026-08-06T07:35:55+0200,c3feb7e2-8675-4f7f-be40-2d97c558df74,2026-07-16T03:00:00Z,2026-07-16T05:00:00+0200,133.0,EUR/MWh,NL,NL,imbalance_price,Short,2026-08-06T05:38:50Z
2026-08-06T05:35:55Z,2026-08-06T07:35:55+0200,c3feb7e2-8675-4f7f-be40-2d97c558df74,2026-07-16T03:15:00Z,2026-07-16T05:15:00+0200,112.97,EUR/MWh,NL,NL,imbalance_price,Long,2026-08-06T05:38:50Z
2026-08-06T05:35:55Z,2026-08-06T07:35:55+0200,c3feb7e2-8675-4f7f-be40-2d97c558df74,2026-07-16T03:15:00Z,2026-07-16T05:15:00+0200,126.55,EUR/MWh,NL,NL,imbalance_price,Short,2026-08-06T05:38:50Z
2026-08-06T05:35:55Z,2026-08-06T07:35:55+0200,c3feb7e2-8675-4f7f-be40-2d97c558df74,2026-07-16T03:30:00Z,2026-07-16T05:30:00+0200,126.25,EUR/MWh,NL,NL,imbalance_price,Long,2026-08-06T05:38:50Z
2026-08-06T05:35:55Z,2026-08-06T07:35:55+0200,c3feb7e2-8675-4f7f-be40-2d97c558df74,2026-07-16T03:30:00Z,2026-07-16T05:30:00+0200,150.0,EUR/MWh,NL,NL,imbalance_price,Short,2026-08-06T05:38:50Z
2026-08-06T05:35:55Z,2026-08-06T07:35:55+0200,c3feb7e2-8675-4f7f-be40-2d97c558df74,2026-07-16T03:45:00Z,2026-07-16T05:45:00+0200,135.0,EUR/MWh,NL,NL,imbalance_price,Long,2026-08-06T05:38:50Z
2026-08-06T05:35:55Z,2026-08-06T07:35:55+0200,c3feb7e2-8675-4f7f-be40-2d97c558df74,2026-07-16T03:45:00Z,2026-07-16T05:45:00+0200,135.0,EUR/MWh,NL,NL,imbalance_price,Short,2026-08-06T05:38:50Z
2026-08-06T05:35:55Z,2026-08-06T07:35:55+0200,c3feb7e2-8675-4f7f-be40-2d97c558df74,2026-07-16T04:00:00Z,2026-07-16T06:00:00+0200,123.11,EUR/MWh,NL,NL,imbalance_price,Long,2026-08-06T05:38:50Z
2026-08-06T05:35:55Z,2026-08-06T07:35:55+0200,c3feb7e2-8675-4f7f-be40-2d97c558df74,2026-07-16T04:00:00Z,2026-07-16T06:00:00+0200,155.06,EUR/MWh,NL,NL,imbalance_price,Short,2026-08-06T05:38:50Z
2026-08-06T05:35:55Z,2026-08-06T07:35:55+0200,c3feb7e2-8675-4f7f-be40-2d97c558df74,2026-07-16T04:15:00Z,2026-07-16T06:15:00+0200,122.39,EUR/MWh,NL,NL,imbalance_price,Long,2026-08-06T05:38:50Z
2026-08-06T05:35:55Z,2026-08-06T07:35:55+0200,c3feb7e2-8675-4f7f-be40-2d97c558df74,2026-07-16T04:15:00Z,2026-07-16T06:15:00+0200,150.24,EUR/MWh,NL,NL,imbalance_price,Short,2026-08-06T05:38:50Z
2026-08-06T05:35:55Z,2026-08-06T07:35:55+0200,c3feb7e2-8675-4f7f-be40-2d97c558df74,2026-07-16T04:30:00Z,2026-07-16T06:30:00+0200,111.76,EUR/MWh,NL,NL,imbalance_price,Long,2026-08-06T05:38:50Z
2026-08-06T05:35:55Z,2026-08-06T07:35:55+0200,c3feb7e2-8675-4f7f-be40-2d97c558df74,2026-07-16T04:30:00Z,2026-07-16T06:30:00+0200,152.72,EUR/MWh,NL,NL,imbalance_price,Short,2026-08-06T05:38:50Z
2026-08-06T05:35:55Z,2026-08-06T07:35:55+0200,c3feb7e2-8675-4f7f-be40-2d97c558df74,2026-07-16T04:45:00Z,2026-07-16T06:45:00+0200,109.2,EUR/MWh,NL,NL,imbalance_price,Long,2026-08-06T05:38:50Z
2026-08-06T05:35:55Z,2026-08-06T07:35:55+0200,c3feb7e2-8675-4f7f-be40-2d97c558df74,2026-07-16T04:45:00Z,2026-07-16T06:45:00+0200,133.0,EUR/MWh,NL,NL,imbalance_price,Short,2026-08-06T05:38:50Z
2026-08-06T05:35:55Z,2026-08-06T07:35:55+0200,c3feb7e2-8675-4f7f-be40-2d97c558df74,2026-07-16T05:00:00Z,2026-07-16T07:00:00+0200,111.76,EUR/MWh,NL,NL,imbalance_price,Long,2026-08-06T05:38:50Z
2026-08-06T05:35:55Z,2026-08-06T07:35:55+0200,c3feb7e2-8675-4f7f-be40-2d97c558df74,2026-07-16T05:00:00Z,2026-07-16T07:00:00+0200,123.52,EUR/MWh,NL,NL,imbalance_price,Short,2026-08-06T05:38:50Z
2026-08-06T05:35:55Z,2026-08-06T07:35:55+0200,c3feb7e2-8675-4f7f-be40-2d97c558df74,2026-07-16T05:15:00Z,2026-07-16T07:15:00+0200,111.76,EUR/MWh,NL,NL,imbalance_price,Long,2026-08-06T05:38:50Z
2026-08-06T05:35:55Z,2026-08-06T07:35:55+0200,c3feb7e2-8675-4f7f-be40-2d97c558df74,2026-07-16T05:15:00Z,2026-07-16T07:15:00+0200,139.24,EUR/MWh,NL,NL,imbalance_price,Short,2026-08-06T05:38:50Z
2026-08-06T05:35:55Z,2026-08-06T07:35:55+0200,c3feb7e2-8675-4f7f-be40-2d97c558df74,2026-07-16T05:30:00Z,2026-07-16T07:30:00+0200,115.09,EUR/MWh,NL,NL,imbalance_price,Long,2026-08-06T05:38:50Z
2026-08-06T05:35:55Z,2026-08-06T07:35:55+0200,c3feb7e2-8675-4f7f-be40-2d97c558df74,2026-07-16T05:30:00Z,2026-07-16T07:30:00+0200,115.09,EUR/MWh,NL,NL,imbalance_price,Short,2026-08-06T05:38:50Z
2026-08-06T05:35:55Z,2026-08-06T07:35:55+0200,c3feb7e2-8675-4f7f-be40-2d97c558df74,2026-07-16T05:45:00Z,2026-07-16T07:45:00+0200,113.0,EUR/MWh,NL,NL,imbalance_price,Long,2026-08-06T05:38:50Z
2026-08-06T05:35:55Z,2026-08-06T07:35:55+0200,c3feb7e2-8675-4f7f-be40-2d97c558df74,2026-07-16T05:45:00Z,2026-07-16T07:45:00+0200,151.31,EUR/MWh,NL,NL,imbalance_price,Short,2026-08-06T05:38:50Z
2026-08-06T05:35:55Z,2026-08-06T07:35:55+0200,c3feb7e2-8675-4f7f-be40-2d97c558df74,2026-07-16T06:00:00Z,2026-07-16T08:00:00+0200,166.0,EUR/MWh,NL,NL,imbalance_price,Long,2026-08-06T05:38:50Z
2026-08-06T05:35:55Z,2026-08-06T07:35:55+0200,c3feb7e2-8675-4f7f-be40-2d97c558df74,2026-07-16T06:00:00Z,2026-07-16T08:00:00+0200,166.0,EUR/MWh,NL,NL,imbalance_price,Short,2026-08-06T05:38:50Z
2026-08-06T05:35:55Z,2026-08-06T07:35:55+0200,c3feb7e2-8675-4f7f-be40-2d97c558df74,2026-07-16T06:15:00Z,2026-07-16T08:15:00+0200,162.1,EUR/MWh,NL,NL,imbalance_price,Long,2026-08-06T05:38:50Z
2026-08-06T05:35:55Z,2026-08-06T07:35:55+0200,c3feb7e2-8675-4f7f-be40-2d97c558df74,2026-07-16T06:15:00Z,2026-07-16T08:15:00+0200,162.1,EUR/MWh,NL,NL,imbalance_price,Short,2026-08-06T05:38:50Z
2026-08-06T05:35:55Z,2026-08-06T07:35:55+0200,c3feb7e2-8675-4f7f-be40-2d97c558df74,2026-07-16T06:30:00Z,2026-07-16T08:30:00+0200,200.0,EUR/MWh,NL,NL,imbalance_price,Long,2026-08-06T05:38:50Z
2026-08-06T05:35:55Z,2026-08-06T07:35:55+0200,c3feb7e2-8675-4f7f-be40-2d97c558df74,2026-07-16T06:30:00Z,2026-07-16T08:30:00+0200,200.0,EUR/MWh,NL,NL,imbalance_price,Short,2026-08-06T05:38:50Z
2026-08-06T05:35:55Z,2026-08-06T07:35:55+0200,c3feb7e2-8675-4f7f-be40-2d97c558df74,2026-07-16T06:45:00Z,2026-07-16T08:45:00+0200,96.5,EUR/MWh,NL,NL,imbalance_price,Long,2026-08-06T05:38:50Z
2026-08-06T05:35:55Z,2026-08-06T07:35:55+0200,c3feb7e2-8675-4f7f-be40-2d97c558df74,2026-07-16T06:45:00Z,2026-07-16T08:45:00+0200,160.4,EUR/MWh,NL,NL,imbalance_price,Short,2026-08-06T05:38:50Z
2026-08-06T05:35:55Z,2026-08-06T07:35:55+0200,c3feb7e2-8675-4f7f-be40-2d97c558df74,2026-07-16T07:00:00Z,2026-07-16T09:00:00+0200,98.08,EUR/MWh,NL,NL,imbalance_price,Long,2026-08-06T05:38:50Z
2026-08-06T05:35:55Z,2026-08-06T07:35:55+0200,c3feb7e2-8675-4f7f-be40-2d97c558df74,2026-07-16T07:00:00Z,2026-07-16T09:00:00+0200,103.0,EUR/MWh,NL,NL,imbalance_price,Short,2026-08-06T05:38:50Z
2026-08-06T05:35:55Z,2026-08-06T07:35:55+0200,c3feb7e2-8675-4f7f-be40-2d97c558df74,2026-07-16T07:15:00Z,2026-07-16T09:15:00+0200,85.0,EUR/MWh,NL,NL,imbalance_price,Long,2026-08-06T05:38:50Z
2026-08-06T05:35:55Z,2026-08-06T07:35:55+0200,c3feb7e2-8675-4f7f-be40-2d97c558df74,2026-07-16T07:15:00Z,2026-07-16T09:15:00+0200,101.0,EUR/MWh,NL,NL,imbalance_price,Short,2026-08-06T05:38:50Z
2026-08-06T05:35:55Z,2026-08-06T07:35:55+0200,c3feb7e2-8675-4f7f-be40-2d97c558df74,2026-07-16T07:30:00Z,2026-07-16T09:30:00+0200,88.0,EUR/MWh,NL,NL,imbalance_price,Long,2026-08-06T05:38:50Z
2026-08-06T05:35:55Z,2026-08-06T07:35:55+0200,c3feb7e2-8675-4f7f-be40-2d97c558df74,2026-07-16T07:30:00Z,2026-07-16T09:30:00+0200,88.0,EUR/MWh,NL,NL,imbalance_price,Short,2026-08-06T05:38:50Z
2026-08-06T05:35:55Z,2026-08-06T07:35:55+0200,c3feb7e2-8675-4f7f-be40-2d97c558df74,2026-07-16T07:45:00Z,2026-07-16T09:45:00+0200,85.0,EUR/MWh,NL,NL,imbalance_price,Long,2026-08-06T05:38:50Z
2026-08-06T05:35:55Z,2026-08-06T07:35:55+0200,c3feb7e2-8675-4f7f-be40-2d97c558df74,2026-07-16T07:45:00Z,2026-07-16T09:45:00+0200,85.0,EUR/MWh,NL,NL,imbalance_price,Short,2026-08-06T05:38:50Z
2026-08-06T05:35:55Z,2026-08-06T07:35:55+0200,c3feb7e2-8675-4f7f-be40-2d97c558df74,2026-07-16T08:00:00Z,2026-07-16T10:00:00+0200,69.1,EUR/MWh,NL,NL,imbalance_price,Long,2026-08-06T05:38:50Z
2026-08-06T05:35:55Z,2026-08-06T07:35:55+0200,c3feb7e2-8675-4f7f-be40-2d97c558df74,2026-07-16T08:00:00Z,2026-07-16T10:00:00+0200,69.1,EUR/MWh,NL,NL,imbalance_price,Short,2026-08-06T05:38:50Z
2026-08-06T05:35:55Z,2026-08-06T07:35:55+0200,c3feb7e2-8675-4f7f-be40-2d97c558df74,2026-07-16T08:15:00Z,2026-07-16T10:15:00+0200,83.01,EUR/MWh,NL,NL,imbalance_price,Long,2026-08-06T05:38:50Z
2026-08-06T05:35:55Z,2026-08-06T07:35:55+0200,c3feb7e2-8675-4f7f-be40-2d97c558df74,2026-07-16T08:15:00Z,2026-07-16T10:15:00+0200,140.0,EUR/MWh,NL,NL,imbalance_price,Short,2026-08-06T05:38:50Z
2026-08-06T05:35:55Z,2026-08-06T07:35:55+0200,c3feb7e2-8675-4f7f-be40-2d97c558df74,2026-07-16T08:30:00Z,2026-07-16T10:30:00+0200,85.0,EUR/MWh,NL,NL,imbalance_price,Long,2026-08-06T05:38:50Z
2026-08-06T05:35:55Z,2026-08-06T07:35:55+0200,c3feb7e2-8675-4f7f-be40-2d97c558df74,2026-07-16T08:30:00Z,2026-07-16T10:30:00+0200,101.0,EUR/MWh,NL,NL,imbalance_price,Short,2026-08-06T05:38:50Z
2026-08-06T05:35:55Z,2026-08-06T07:35:55+0200,c3feb7e2-8675-4f7f-be40-2d97c558df74,2026-07-16T08:45:00Z,2026-07-16T10:45:00+0200,89.59,EUR/MWh,NL,NL,imbalance_price,Long,2026-08-06T05:38:50Z
2026-08-06T05:35:55Z,2026-08-06T07:35:55+0200,c3feb7e2-8675-4f7f-be40-2d97c558df74,2026-07-16T08:45:00Z,2026-07-16T10:45:00+0200,89.59,EUR/MWh,NL,NL,imbalance_price,Short,2026-08-06T05:38:50Z
2026-08-06T05:35:55Z,2026-08-06T07:35:55+0200,c3feb7e2-8675-4f7f-be40-2d97c558df74,2026-07-16T09:00:00Z,2026-07-16T11:00:00+0200,98.11,EUR/MWh,NL,NL,imbalance_price,Long,2026-08-06T05:38:50Z
2026-08-06T05:35:55Z,2026-08-06T07:35:55+0200,c3feb7e2-8675-4f7f-be40-2d97c558df74,2026-07-16T09:00:00Z,2026-07-16T11:00:00+0200,98.11,EUR/MWh,NL,NL,imbalance_price,Short,2026-08-06T05:38:50Z
2026-08-06T05:35:55Z,2026-08-06T07:35:55+0200,c3feb7e2-8675-4f7f-be40-2d97c558df74,2026-07-16T09:15:00Z,2026-07-16T11:15:00+0200,70.0,EUR/MWh,NL,NL,imbalance_price,Long,2026-08-06T05:38:50Z
2026-08-06T05:35:55Z,2026-08-06T07:35:55+0200,c3feb7e2-8675-4f7f-be40-2d97c558df74,2026-07-16T09:15:00Z,2026-07-16T11:15:00+0200,70.0,EUR/MWh,NL,NL,imbalance_price,Short,2026-08-06T05:38:50Z
2026-08-06T05:35:55Z,2026-08-06T07:35:55+0200,c3feb7e2-8675-4f7f-be40-2d97c558df74,2026-07-16T09:30:00Z,2026-07-16T11:30:00+0200,155.0,EUR/MWh,NL,NL,imbalance_price,Long,2026-08-06T05:38:50Z
2026-08-06T05:35:55Z,2026-08-06T07:35:55+0200,c3feb7e2-8675-4f7f-be40-2d97c558df74,2026-07-16T09:30:00Z,2026-07-16T11:30:00+0200,155.0,EUR/MWh,NL,NL,imbalance_price,Short,2026-08-06T05:38:50Z
2026-08-06T05:35:55Z,2026-08-06T07:35:55+0200,c3feb7e2-8675-4f7f-be40-2d97c558df74,2026-07-16T09:45:00Z,2026-07-16T11:45:00+0200,139.22,EUR/MWh,NL,NL,imbalance_price,Long,2026-08-06T05:38:50Z
2026-08-06T05:35:55Z,2026-08-06T07:35:55+0200,c3feb7e2-8675-4f7f-be40-2d97c558df74,2026-07-16T09:45:00Z,2026-07-16T11:45:00+0200,139.22,EUR/MWh,NL,NL,imbalance_price,Short,2026-08-06T05:38:50Z
2026-08-06T05:35:55Z,2026-08-06T07:35:55+0200,c3feb7e2-8675-4f7f-be40-2d97c558df74,2026-07-16T10:00:00Z,2026-07-16T12:00:00+0200,153.0,EUR/MWh,NL,NL,imbalance_price,Long,2026-08-06T05:38:50Z
2026-08-06T05:35:55Z,2026-08-06T07:35:55+0200,c3feb7e2-8675-4f7f-be40-2d97c558df74,2026-07-16T10:00:00Z,2026-07-16T12:00:00+0200,153.0,EUR/MWh,NL,NL,imbalance_price,Short,2026-08-06T05:38:50Z
2026-08-06T05:35:55Z,2026-08-06T07:35:55+0200,c3feb7e2-8675-4f7f-be40-2d97c558df74,2026-07-16T10:15:00Z,2026-07-16T12:15:00+0200,159.12,EUR/MWh,NL,NL,imbalance_price,Long,2026-08-06T05:38:50Z
2026-08-06T05:35:55Z,2026-08-06T07:35:55+0200,c3feb7e2-8675-4f7f-be40-2d97c558df74,2026-07-16T10:15:00Z,2026-07-16T12:15:00+0200,159.12,EUR/MWh,NL,NL,imbalance_price,Short,2026-08-06T05:38:50Z
2026-08-06T05:35:55Z,2026-08-06T07:35:55+0200,c3feb7e2-8675-4f7f-be40-2d97c558df74,2026-07-16T10:30:00Z,2026-07-16T12:30:00+0200,156.0,EUR/MWh,NL,NL,imbalance_price,Long,2026-08-06T05:38:50Z
2026-08-06T05:35:55Z,2026-08-06T07:35:55+0200,c3feb7e2-8675-4f7f-be40-2d97c558df74,2026-07-16T10:30:00Z,2026-07-16T12:30:00+0200,156.0,EUR/MWh,NL,NL,imbalance_price,Short,2026-08-06T05:38:50Z
2026-08-06T05:35:55Z,2026-08-06T07:35:55+0200,c3feb7e2-8675-4f7f-be40-2d97c558df74,2026-07-16T10:45:00Z,2026-07-16T12:45:00+0200,90.0,EUR/MWh,NL,NL,imbalance_price,Long,2026-08-06T05:38:50Z
2026-08-06T05:35:55Z,2026-08-06T07:35:55+0200,c3feb7e2-8675-4f7f-be40-2d97c558df74,2026-07-16T10:45:00Z,2026-07-16T12:45:00+0200,138.2,EUR/MWh,NL,NL,imbalance_price,Short,2026-08-06T05:38:50Z
2026-08-06T05:35:55Z,2026-08-06T07:35:55+0200,c3feb7e2-8675-4f7f-be40-2d97c558df74,2026-07-16T11:00:00Z,2026-07-16T13:00:00+0200,90.0,EUR/MWh,NL,NL,imbalance_price,Long,2026-08-06T05:38:50Z
2026-08-06T05:35:55Z,2026-08-06T07:35:55+0200,c3feb7e2-8675-4f7f-be40-2d97c558df74,2026-07-16T11:00:00Z,2026-07-16T13:00:00+0200,140.0,EUR/MWh,NL,NL,imbalance_price,Short,2026-08-06T05:38:50Z
2026-08-06T05:35:55Z,2026-08-06T07:35:55+0200,c3feb7e2-8675-4f7f-be40-2d97c558df74,2026-07-16T11:15:00Z,2026-07-16T13:15:00+0200,97.0,EUR/MWh,NL,NL,imbalance_price,Long,2026-08-06T05:38:50Z
2026-08-06T05:35:55Z,2026-08-06T07:35:55+0200,c3feb7e2-8675-4f7f-be40-2d97c558df74,2026-07-16T11:15:00Z,2026-07-16T13:15:00+0200,120.15,EUR/MWh,NL,NL,imbalance_price,Short,2026-08-06T05:38:50Z
2026-08-06T05:35:55Z,2026-08-06T07:35:55+0200,c3feb7e2-8675-4f7f-be40-2d97c558df74,2026-07-16T11:30:00Z,2026-07-16T13:30:00+0200,90.0,EUR/MWh,NL,NL,imbalance_price,Long,2026-08-06T05:38:50Z
2026-08-06T05:35:55Z,2026-08-06T07:35:55+0200,c3feb7e2-8675-4f7f-be40-2d97c558df74,2026-07-16T11:30:00Z,2026-07-16T13:30:00+0200,122.5,EUR/MWh,NL,NL,imbalance_price,Short,2026-08-06T05:38:50Z
2026-08-06T05:35:55Z,2026-08-06T07:35:55+0200,c3feb7e2-8675-4f7f-be40-2d97c558df74,2026-07-16T11:45:00Z,2026-07-16T13:45:00+0200,70.0,EUR/MWh,NL,NL,imbalance_price,Long,2026-08-06T05:38:50Z
2026-08-06T05:35:55Z,2026-08-06T07:35:55+0200,c3feb7e2-8675-4f7f-be40-2d97c558df74,2026-07-16T11:45:00Z,2026-07-16T13:45:00+0200,70.0,EUR/MWh,NL,NL,imbalance_price,Short,2026-08-06T05:38:50Z
2026-08-06T05:35:55Z,2026-08-06T07:35:55+0200,c3feb7e2-8675-4f7f-be40-2d97c558df74,2026-07-16T12:00:00Z,2026-07-16T14:00:00+0200,88.0,EUR/MWh,NL,NL,imbalance_price,Long,2026-08-06T05:38:50Z
2026-08-06T05:35:55Z,2026-08-06T07:35:55+0200,c3feb7e2-8675-4f7f-be40-2d97c558df74,2026-07-16T12:00:00Z,2026-07-16T14:00:00+0200,101.7,EUR/MWh,NL,NL,imbalance_price,Short,2026-08-06T05:38:50Z
2026-08-06T05:35:55Z,2026-08-06T07:35:55+0200,c3feb7e2-8675-4f7f-be40-2d97c558df74,2026-07-16T12:15:00Z,2026-07-16T14:15:00+0200,102.0,EUR/MWh,NL,NL,imbalance_price,Long,2026-08-06T05:38:50Z
2026-08-06T05:35:55Z,2026-08-06T07:35:55+0200,c3feb7e2-8675-4f7f-be40-2d97c558df74,2026-07-16T12:15:00Z,2026-07-16T14:15:00+0200,153.0,EUR/MWh,NL,NL,imbalance_price,Short,2026-08-06T05:38:50Z
2026-08-06T05:35:55Z,2026-08-06T07:35:55+0200,c3feb7e2-8675-4f7f-be40-2d97c558df74,2026-07-16T12:30:00Z,2026-07-16T14:30:00+0200,166.3,EUR/MWh,NL,NL,imbalance_price,Long,2026-08-06T05:38:50Z
2026-08-06T05:35:55Z,2026-08-06T07:35:55+0200,c3feb7e2-8675-4f7f-be40-2d97c558df74,2026-07-16T12:30:00Z,2026-07-16T14:30:00+0200,166.3,EUR/MWh,NL,NL,imbalance_price,Short,2026-08-06T05:38:50Z
2026-08-06T05:35:55Z,2026-08-06T07:35:55+0200,c3feb7e2-8675-4f7f-be40-2d97c558df74,2026-07-16T12:45:00Z,2026-07-16T14:45:00+0200,155.0,EUR/MWh,NL,NL,imbalance_price,Long,2026-08-06T05:38:50Z
2026-08-06T05:35:55Z,2026-08-06T07:35:55+0200,c3feb7e2-8675-4f7f-be40-2d97c558df74,2026-07-16T12:45:00Z,2026-07-16T14:45:00+0200,155.0,EUR/MWh,NL,NL,imbalance_price,Short,2026-08-06T05:38:50Z
2026-08-06T05:35:55Z,2026-08-06T07:35:55+0200,c3feb7e2-8675-4f7f-be40-2d97c558df74,2026-07-16T13:00:00Z,2026-07-16T15:00:00+0200,156.0,EUR/MWh,NL,NL,imbalance_price,Long,2026-08-06T05:38:50Z
2026-08-06T05:35:55Z,2026-08-06T07:35:55+0200,c3feb7e2-8675-4f7f-be40-2d97c558df74,2026-07-16T13:00:00Z,2026-07-16T15:00:00+0200,156.0,EUR/MWh,NL,NL,imbalance_price,Short,2026-08-06T05:38:50Z
2026-08-06T05:35:55Z,2026-08-06T07:35:55+0200,c3feb7e2-8675-4f7f-be40-2d97c558df74,2026-07-16T13:15:00Z,2026-07-16T15:15:00+0200,155.0,EUR/MWh,NL,NL,imbalance_price,Long,2026-08-06T05:38:50Z
2026-08-06T05:35:55Z,2026-08-06T07:35:55+0200,c3feb7e2-8675-4f7f-be40-2d97c558df74,2026-07-16T13:15:00Z,2026-07-16T15:15:00+0200,155.0,EUR/MWh,NL,NL,imbalance_price,Short,2026-08-06T05:38:50Z
2026-08-06T05:35:55Z,2026-08-06T07:35:55+0200,c3feb7e2-8675-4f7f-be40-2d97c558df74,2026-07-16T13:30:00Z,2026-07-16T15:30:00+0200,133.52,EUR/MWh,NL,NL,imbalance_price,Long,2026-08-06T05:38:50Z
2026-08-06T05:35:55Z,2026-08-06T07:35:55+0200,c3feb7e2-8675-4f7f-be40-2d97c558df74,2026-07-16T13:30:00Z,2026-07-16T15:30:00+0200,133.52,EUR/MWh,NL,NL,imbalance_price,Short,2026-08-06T05:38:50Z
2026-08-06T05:35:55Z,2026-08-06T07:35:55+0200,c3feb7e2-8675-4f7f-be40-2d97c558df74,2026-07-16T13:45:00Z,2026-07-16T15:45:00+0200,155.0,EUR/MWh,NL,NL,imbalance_price,Long,2026-08-06T05:38:50Z
2026-08-06T05:35:55Z,2026-08-06T07:35:55+0200,c3feb7e2-8675-4f7f-be40-2d97c558df74,2026-07-16T13:45:00Z,2026-07-16T15:45:00+0200,155.0,EUR/MWh,NL,NL,imbalance_price,Short,2026-08-06T05:38:50Z
2026-08-06T05:35:55Z,2026-08-06T07:35:55+0200,c3feb7e2-8675-4f7f-be40-2d97c558df74,2026-07-16T14:00:00Z,2026-07-16T16:00:00+0200,155.0,EUR/MWh,NL,NL,imbalance_price,Long,2026-08-06T05:38:50Z
2026-08-06T05:35:55Z,2026-08-06T07:35:55+0200,c3feb7e2-8675-4f7f-be40-2d97c558df74,2026-07-16T14:00:00Z,2026-07-16T16:00:00+0200,155.0,EUR/MWh,NL,NL,imbalance_price,Short,2026-08-06T05:38:50Z
2026-08-06T05:35:55Z,2026-08-06T07:35:55+0200,c3feb7e2-8675-4f7f-be40-2d97c558df74,2026-07-16T14:15:00Z,2026-07-16T16:15:00+0200,114.29,EUR/MWh,NL,NL,imbalance_price,Long,2026-08-06T05:38:50Z
2026-08-06T05:35:55Z,2026-08-06T07:35:55+0200,c3feb7e2-8675-4f7f-be40-2d97c558df74,2026-07-16T14:15:00Z,2026-07-16T16:15:00+0200,153.0,EUR/MWh,NL,NL,imbalance_price,Short,2026-08-06T05:38:50Z
2026-08-06T05:35:55Z,2026-08-06T07:35:55+0200,c3feb7e2-8675-4f7f-be40-2d97c558df74,2026-07-16T14:30:00Z,2026-07-16T16:30:00+0200,110.48,EUR/MWh,NL,NL,imbalance_price,Long,2026-08-06T05:38:50Z
2026-08-06T05:35:55Z,2026-08-06T07:35:55+0200,c3feb7e2-8675-4f7f-be40-2d97c558df74,2026-07-16T14:30:00Z,2026-07-16T16:30:00+0200,155.0,EUR/MWh,NL,NL,imbalance_price,Short,2026-08-06T05:38:50Z
2026-08-06T05:35:55Z,2026-08-06T07:35:55+0200,c3feb7e2-8675-4f7f-be40-2d97c558df74,2026-07-16T14:45:00Z,2026-07-16T16:45:00+0200,120.63,EUR/MWh,NL,NL,imbalance_price,Long,2026-08-06T05:38:50Z
2026-08-06T05:35:55Z,2026-08-06T07:35:55+0200,c3feb7e2-8675-4f7f-be40-2d97c558df74,2026-07-16T14:45:00Z,2026-07-16T16:45:00+0200,201.0,EUR/MWh,NL,NL,imbalance_price,Short,2026-08-06T05:38:50Z
2026-08-06T05:35:55Z,2026-08-06T07:35:55+0200,c3feb7e2-8675-4f7f-be40-2d97c558df74,2026-07-16T15:00:00Z,2026-07-16T17:00:00+0200,300.1,EUR/MWh,NL,NL,imbalance_price,Long,2026-08-06T05:38:50Z
2026-08-06T05:35:55Z,2026-08-06T07:35:55+0200,c3feb7e2-8675-4f7f-be40-2d97c558df74,2026-07-16T15:00:00Z,2026-07-16T17:00:00+0200,300.1,EUR/MWh,NL,NL,imbalance_price,Short,2026-08-06T05:38:50Z
2026-08-06T05:35:55Z,2026-08-06T07:35:55+0200,c3feb7e2-8675-4f7f-be40-2d97c558df74,2026-07-16T15:15:00Z,2026-07-16T17:15:00+0200,256.4,EUR/MWh,NL,NL,imbalance_price,Long,2026-08-06T05:38:50Z
2026-08-06T05:35:55Z,2026-08-06T07:35:55+0200,c3feb7e2-8675-4f7f-be40-2d97c558df74,2026-07-16T15:15:00Z,2026-07-16T17:15:00+0200,256.4,EUR/MWh,NL,NL,imbalance_price,Short,2026-08-06T05:38:50Z
2026-08-06T05:35:55Z,2026-08-06T07:35:55+0200,c3feb7e2-8675-4f7f-be40-2d97c558df74,2026-07-16T15:30:00Z,2026-07-16T17:30:00+0200,205.0,EUR/MWh,NL,NL,imbalance_price,Long,2026-08-06T05:38:50Z
2026-08-06T05:35:55Z,2026-08-06T07:35:55+0200,c3feb7e2-8675-4f7f-be40-2d97c558df74,2026-07-16T15:30:00Z,2026-07-16T17:30:00+0200,205.0,EUR/MWh,NL,NL,imbalance_price,Short,2026-08-06T05:38:50Z
2026-08-06T05:35:55Z,2026-08-06T07:35:55+0200,c3feb7e2-8675-4f7f-be40-2d97c558df74,2026-07-16T15:45:00Z,2026-07-16T17:45:00+0200,205.0,EUR/MWh,NL,NL,imbalance_price,Long,2026-08-06T05:38:50Z
2026-08-06T05:35:55Z,2026-08-06T07:35:55+0200,c3feb7e2-8675-4f7f-be40-2d97c558df74,2026-07-16T15:45:00Z,2026-07-16T17:45:00+0200,205.0,EUR/MWh,NL,NL,imbalance_price,Short,2026-08-06T05:38:50Z
2026-08-06T05:35:55Z,2026-08-06T07:35:55+0200,c3feb7e2-8675-4f7f-be40-2d97c558df74,2026-07-16T16:00:00Z,2026-07-16T18:00:00+0200,200.0,EUR/MWh,NL,NL,imbalance_price,Long,2026-08-06T05:38:50Z
2026-08-06T05:35:55Z,2026-08-06T07:35:55+0200,c3feb7e2-8675-4f7f-be40-2d97c558df74,2026-07-16T16:00:00Z,2026-07-16T18:00:00+0200,200.0,EUR/MWh,NL,NL,imbalance_price,Short,2026-08-06T05:38:50Z
2026-08-06T05:35:55Z,2026-08-06T07:35:55+0200,c3feb7e2-8675-4f7f-be40-2d97c558df74,2026-07-16T16:15:00Z,2026-07-16T18:15:00+0200,225.67,EUR/MWh,NL,NL,imbalance_price,Long,2026-08-06T05:38:50Z
2026-08-06T05:35:55Z,2026-08-06T07:35:55+0200,c3feb7e2-8675-4f7f-be40-2d97c558df74,2026-07-16T16:15:00Z,2026-07-16T18:15:00+0200,225.67,EUR/MWh,NL,NL,imbalance_price,Short,2026-08-06T05:38:50Z
2026-08-06T05:35:55Z,2026-08-06T07:35:55+0200,c3feb7e2-8675-4f7f-be40-2d97c558df74,2026-07-16T16:30:00Z,2026-07-16T18:30:00+0200,260.0,EUR/MWh,NL,NL,imbalance_price,Long,2026-08-06T05:38:50Z
2026-08-06T05:35:55Z,2026-08-06T07:35:55+0200,c3feb7e2-8675-4f7f-be40-2d97c558df74,2026-07-16T16:30:00Z,2026-07-16T18:30:00+0200,260.0,EUR/MWh,NL,NL,imbalance_price,Short,2026-08-06T05:38:50Z
2026-08-06T05:35:55Z,2026-08-06T07:35:55+0200,c3feb7e2-8675-4f7f-be40-2d97c558df74,2026-07-16T16:45:00Z,2026-07-16T18:45:00+0200,225.17,EUR/MWh,NL,NL,imbalance_price,Long,2026-08-06T05:38:50Z
2026-08-06T05:35:55Z,2026-08-06T07:35:55+0200,c3feb7e2-8675-4f7f-be40-2d97c558df74,2026-07-16T16:45:00Z,2026-07-16T18:45:00+0200,225.17,EUR/MWh,NL,NL,imbalance_price,Short,2026-08-06T05:38:50Z
2026-08-06T05:35:55Z,2026-08-06T07:35:55+0200,c3feb7e2-8675-4f7f-be40-2d97c558df74,2026-07-16T17:00:00Z,2026-07-16T19:00:00+0200,116.29,EUR/MWh,NL,NL,imbalance_price,Long,2026-08-06T05:38:50Z
2026-08-06T05:35:55Z,2026-08-06T07:35:55+0200,c3feb7e2-8675-4f7f-be40-2d97c558df74,2026-07-16T17:00:00Z,2026-07-16T19:00:00+0200,235.02,EUR/MWh,NL,NL,imbalance_price,Short,2026-08-06T05:38:50Z
2026-08-06T05:35:55Z,2026-08-06T07:35:55+0200,c3feb7e2-8675-4f7f-be40-2d97c558df74,2026-07-16T17:15:00Z,2026-07-16T19:15:00+0200,144.52,EUR/MWh,NL,NL,imbalance_price,Long,2026-08-06T05:38:50Z
2026-08-06T05:35:55Z,2026-08-06T07:35:55+0200,c3feb7e2-8675-4f7f-be40-2d97c558df74,2026-07-16T17:15:00Z,2026-07-16T19:15:00+0200,155.0,EUR/MWh,NL,NL,imbalance_price,Short,2026-08-06T05:38:50Z
2026-08-06T05:35:55Z,2026-08-06T07:35:55+0200,c3feb7e2-8675-4f7f-be40-2d97c558df74,2026-07-16T17:30:00Z,2026-07-16T19:30:00+0200,116.1,EUR/MWh,NL,NL,imbalance_price,Long,2026-08-06T05:38:50Z
2026-08-06T05:35:55Z,2026-08-06T07:35:55+0200,c3feb7e2-8675-4f7f-be40-2d97c558df74,2026-07-16T17:30:00Z,2026-07-16T19:30:00+0200,150.0,EUR/MWh,NL,NL,imbalance_price,Short,2026-08-06T05:38:50Z
2026-08-06T05:35:55Z,2026-08-06T07:35:55+0200,c3feb7e2-8675-4f7f-be40-2d97c558df74,2026-07-16T17:45:00Z,2026-07-16T19:45:00+0200,265.0,EUR/MWh,NL,NL,imbalance_price,Long,2026-08-06T05:38:50Z
2026-08-06T05:35:55Z,2026-08-06T07:35:55+0200,c3feb7e2-8675-4f7f-be40-2d97c558df74,2026-07-16T17:45:00Z,2026-07-16T19:45:00+0200,265.0,EUR/MWh,NL,NL,imbalance_price,Short,2026-08-06T05:38:50Z
2026-08-06T05:35:55Z,2026-08-06T07:35:55+0200,c3feb7e2-8675-4f7f-be40-2d97c558df74,2026-07-16T18:00:00Z,2026-07-16T20:00:00+0200,130.23,EUR/MWh,NL,NL,imbalance_price,Long,2026-08-06T05:38:50Z
2026-08-06T05:35:55Z,2026-08-06T07:35:55+0200,c3feb7e2-8675-4f7f-be40-2d97c558df74,2026-07-16T18:00:00Z,2026-07-16T20:00:00+0200,155.0,EUR/MWh,NL,NL,imbalance_price,Short,2026-08-06T05:38:50Z
2026-08-06T05:35:55Z,2026-08-06T07:35:55+0200,c3feb7e2-8675-4f7f-be40-2d97c558df74,2026-07-16T18:15:00Z,2026-07-16T20:15:00+0200,132.9,EUR/MWh,NL,NL,imbalance_price,Long,2026-08-06T05:38:50Z
2026-08-06T05:35:55Z,2026-08-06T07:35:55+0200,c3feb7e2-8675-4f7f-be40-2d97c558df74,2026-07-16T18:15:00Z,2026-07-16T20:15:00+0200,132.9,EUR/MWh,NL,NL,imbalance_price,Short,2026-08-06T05:38:50Z
2026-08-06T05:35:55Z,2026-08-06T07:35:55+0200,c3feb7e2-8675-4f7f-be40-2d97c558df74,2026-07-16T18:30:00Z,2026-07-16T20:30:00+0200,162.0,EUR/MWh,NL,NL,imbalance_price,Long,2026-08-06T05:38:50Z
2026-08-06T05:35:55Z,2026-08-06T07:35:55+0200,c3feb7e2-8675-4f7f-be40-2d97c558df74,2026-07-16T18:30:00Z,2026-07-16T20:30:00+0200,162.0,EUR/MWh,NL,NL,imbalance_price,Short,2026-08-06T05:38:50Z
2026-08-06T05:35:55Z,2026-08-06T07:35:55+0200,c3feb7e2-8675-4f7f-be40-2d97c558df74,2026-07-16T18:45:00Z,2026-07-16T20:45:00+0200,134.87,EUR/MWh,NL,NL,imbalance_price,Long,2026-08-06T05:38:50Z
2026-08-06T05:35:55Z,2026-08-06T07:35:55+0200,c3feb7e2-8675-4f7f-be40-2d97c558df74,2026-07-16T18:45:00Z,2026-07-16T20:45:00+0200,134.87,EUR/MWh,NL,NL,imbalance_price,Short,2026-08-06T05:38:50Z
2026-08-06T05:35:55Z,2026-08-06T07:35:55+0200,c3feb7e2-8675-4f7f-be40-2d97c558df74,2026-07-16T19:00:00Z,2026-07-16T21:00:00+0200,130.01,EUR/MWh,NL,NL,imbalance_price,Long,2026-08-06T05:38:50Z
2026-08-06T05:35:55Z,2026-08-06T07:35:55+0200,c3feb7e2-8675-4f7f-be40-2d97c558df74,2026-07-16T19:00:00Z,2026-07-16T21:00:00+0200,150.0,EUR/MWh,NL,NL,imbalance_price,Short,2026-08-06T05:38:50Z
2026-08-06T05:35:55Z,2026-08-06T07:35:55+0200,c3feb7e2-8675-4f7f-be40-2d97c558df74,2026-07-16T19:15:00Z,2026-07-16T21:15:00+0200,126.26,EUR/MWh,NL,NL,imbalance_price,Long,2026-08-06T05:38:50Z
2026-08-06T05:35:55Z,2026-08-06T07:35:55+0200,c3feb7e2-8675-4f7f-be40-2d97c558df74,2026-07-16T19:15:00Z,2026-07-16T21:15:00+0200,196.07,EUR/MWh,NL,NL,imbalance_price,Short,2026-08-06T05:38:50Z
2026-08-06T05:35:55Z,2026-08-06T07:35:55+0200,c3feb7e2-8675-4f7f-be40-2d97c558df74,2026-07-16T19:30:00Z,2026-07-16T21:30:00+0200,123.67,EUR/MWh,NL,NL,imbalance_price,Long,2026-08-06T05:38:50Z
2026-08-06T05:35:55Z,2026-08-06T07:35:55+0200,c3feb7e2-8675-4f7f-be40-2d97c558df74,2026-07-16T19:30:00Z,2026-07-16T21:30:00+0200,123.67,EUR/MWh,NL,NL,imbalance_price,Short,2026-08-06T05:38:50Z
2026-08-06T05:35:55Z,2026-08-06T07:35:55+0200,c3feb7e2-8675-4f7f-be40-2d97c558df74,2026-07-16T19:45:00Z,2026-07-16T21:45:00+0200,150.0,EUR/MWh,NL,NL,imbalance_price,Long,2026-08-06T05:38:50Z
2026-08-06T05:35:55Z,2026-08-06T07:35:55+0200,c3feb7e2-8675-4f7f-be40-2d97c558df74,2026-07-16T19:45:00Z,2026-07-16T21:45:00+0200,150.0,EUR/MWh,NL,NL,imbalance_price,Short,2026-08-06T05:38:50Z
2026-08-06T05:35:55Z,2026-08-06T07:35:55+0200,c3feb7e2-8675-4f7f-be40-2d97c558df74,2026-07-16T20:00:00Z,2026-07-16T22:00:00+0200,165.0,EUR/MWh,NL,NL,imbalance_price,Long,2026-08-06T05:38:50Z
2026-08-06T05:35:55Z,2026-08-06T07:35:55+0200,c3feb7e2-8675-4f7f-be40-2d97c558df74,2026-07-16T20:00:00Z,2026-07-16T22:00:00+0200,165.0,EUR/MWh,NL,NL,imbalance_price,Short,2026-08-06T05:38:50Z
2026-08-06T05:35:55Z,2026-08-06T07:35:55+0200,c3feb7e2-8675-4f7f-be40-2d97c558df74,2026-07-16T20:15:00Z,2026-07-16T22:15:00+0200,117.83,EUR/MWh,NL,NL,imbalance_price,Long,2026-08-06T05:38:50Z
2026-08-06T05:35:55Z,2026-08-06T07:35:55+0200,c3feb7e2-8675-4f7f-be40-2d97c558df74,2026-07-16T20:15:00Z,2026-07-16T22:15:00+0200,165.0,EUR/MWh,NL,NL,imbalance_price,Short,2026-08-06T05:38:50Z
2026-08-06T05:35:55Z,2026-08-06T07:35:55+0200,c3feb7e2-8675-4f7f-be40-2d97c558df74,2026-07-16T20:30:00Z,2026-07-16T22:30:00+0200,116.25,EUR/MWh,NL,NL,imbalance_price,Long,2026-08-06T05:38:50Z
2026-08-06T05:35:55Z,2026-08-06T07:35:55+0200,c3feb7e2-8675-4f7f-be40-2d97c558df74,2026-07-16T20:30:00Z,2026-07-16T22:30:00+0200,155.0,EUR/MWh,NL,NL,imbalance_price,Short,2026-08-06T05:38:50Z
2026-08-06T05:35:55Z,2026-08-06T07:35:55+0200,c3feb7e2-8675-4f7f-be40-2d97c558df74,2026-07-16T20:45:00Z,2026-07-16T22:45:00+0200,114.59,EUR/MWh,NL,NL,imbalance_price,Long,2026-08-06T05:38:50Z
2026-08-06T05:35:55Z,2026-08-06T07:35:55+0200,c3feb7e2-8675-4f7f-be40-2d97c558df74,2026-07-16T20:45:00Z,2026-07-16T22:45:00+0200,170.0,EUR/MWh,NL,NL,imbalance_price,Short,2026-08-06T05:38:50Z
2026-08-06T05:35:55Z,2026-08-06T07:35:55+0200,c3feb7e2-8675-4f7f-be40-2d97c558df74,2026-07-16T21:00:00Z,2026-07-16T23:00:00+0200,165.0,EUR/MWh,NL,NL,imbalance_price,Long,2026-08-06T05:38:50Z
2026-08-06T05:35:55Z,2026-08-06T07:35:55+0200,c3feb7e2-8675-4f7f-be40-2d97c558df74,2026-07-16T21:00:00Z,2026-07-16T23:00:00+0200,165.0,EUR/MWh,NL,NL,imbalance_price,Short,2026-08-06T05:38:50Z
2026-08-06T05:35:55Z,2026-08-06T07:35:55+0200,c3feb7e2-8675-4f7f-be40-2d97c558df74,2026-07-16T21:15:00Z,2026-07-16T23:15:00+0200,111.58,EUR/MWh,NL,NL,imbalance_price,Long,2026-08-06T05:38:50Z
2026-08-06T05:35:55Z,2026-08-06T07:35:55+0200,c3feb7e2-8675-4f7f-be40-2d97c558df74,2026-07-16T21:15:00Z,2026-07-16T23:15:00+0200,197.0,EUR/MWh,NL,NL,imbalance_price,Short,2026-08-06T05:38:50Z
2026-08-06T05:35:55Z,2026-08-06T07:35:55+0200,c3feb7e2-8675-4f7f-be40-2d97c558df74,2026-07-16T21:30:00Z,2026-07-16T23:30:00+0200,98.0,EUR/MWh,NL,NL,imbalance_price,Long,2026-08-06T05:38:50Z
2026-08-06T05:35:55Z,2026-08-06T07:35:55+0200,c3feb7e2-8675-4f7f-be40-2d97c558df74,2026-07-16T21:30:00Z,2026-07-16T23:30:00+0200,150.0,EUR/MWh,NL,NL,imbalance_price,Short,2026-08-06T05:38:50Z
2026-08-06T05:35:55Z,2026-08-06T07:35:55+0200,c3feb7e2-8675-4f7f-be40-2d97c558df74,2026-07-16T21:45:00Z,2026-07-16T23:45:00+0200,95.0,EUR/MWh,NL,NL,imbalance_price,Long,2026-08-06T05:38:50Z
2026-08-06T05:35:55Z,2026-08-06T07:35:55+0200,c3feb7e2-8675-4f7f-be40-2d97c558df74,2026-07-16T21:45:00Z,2026-07-16T23:45:00+0200,95.0,EUR/MWh,NL,NL,imbalance_price,Short,2026-08-06T05:38:50Z
2026-08-06T05:35:55Z,2026-08-06T07:35:55+0200,c3feb7e2-8675-4f7f-be40-2d97c558df74,2026-07-16T22:00:00Z,2026-07-17T00:00:00+0200,112.76,EUR/MWh,NL,NL,imbalance_price,Long,2026-08-06T05:38:50Z
2026-08-06T05:35:55Z,2026-08-06T07:35:55+0200,c3feb7e2-8675-4f7f-be40-2d97c558df74,2026-07-16T22:00:00Z,2026-07-17T00:00:00+0200,200.0,EUR/MWh,NL,NL,imbalance_price,Short,2026-08-06T05:38:50Z
2026-08-06T05:35:55Z,2026-08-06T07:35:55+0200,c3feb7e2-8675-4f7f-be40-2d97c558df74,2026-07-16T22:15:00Z,2026-07-17T00:15:00+0200,156.0,EUR/MWh,NL,NL,imbalance_price,Long,2026-08-06T05:38:50Z
2026-08-06T05:35:55Z,2026-08-06T07:35:55+0200,c3feb7e2-8675-4f7f-be40-2d97c558df74,2026-07-16T22:15:00Z,2026-07-17T00:15:00+0200,156.0,EUR/MWh,NL,NL,imbalance_price,Short,2026-08-06T05:38:50Z
2026-08-06T05:35:55Z,2026-08-06T07:35:55+0200,c3feb7e2-8675-4f7f-be40-2d97c558df74,2026-07-16T22:30:00Z,2026-07-17T00:30:00+0200,114.0,EUR/MWh,NL,NL,imbalance_price,Long,2026-08-06T05:38:50Z
2026-08-06T05:35:55Z,2026-08-06T07:35:55+0200,c3feb7e2-8675-4f7f-be40-2d97c558df74,2026-07-16T22:30:00Z,2026-07-17T00:30:00+0200,203.74,EUR/MWh,NL,NL,imbalance_price,Short,2026-08-06T05:38:50Z
2026-08-06T05:35:55Z,2026-08-06T07:35:55+0200,c3feb7e2-8675-4f7f-be40-2d97c558df74,2026-07-16T22:45:00Z,2026-07-17T00:45:00+0200,156.0,EUR/MWh,NL,NL,imbalance_price,Long,2026-08-06T05:38:50Z
2026-08-06T05:35:55Z,2026-08-06T07:35:55+0200,c3feb7e2-8675-4f7f-be40-2d97c558df74,2026-07-16T22:45:00Z,2026-07-17T00:45:00+0200,156.0,EUR/MWh,NL,NL,imbalance_price,Short,2026-08-06T05:38:50Z
2026-08-06T05:35:55Z,2026-08-06T07:35:55+0200,c3feb7e2-8675-4f7f-be40-2d97c558df74,2026-07-16T23:00:00Z,2026-07-17T01:00:00+0200,121.83,EUR/MWh,NL,NL,imbalance_price,Long,2026-08-06T05:38:50Z
2026-08-06T05:35:55Z,2026-08-06T07:35:55+0200,c3feb7e2-8675-4f7f-be40-2d97c558df74,2026-07-16T23:00:00Z,2026-07-17T01:00:00+0200,135.0,EUR/MWh,NL,NL,imbalance_price,Short,2026-08-06T05:38:50Z
2026-08-06T05:35:55Z,2026-08-06T07:35:55+0200,c3feb7e2-8675-4f7f-be40-2d97c558df74,2026-07-16T23:15:00Z,2026-07-17T01:15:00+0200,138.52,EUR/MWh,NL,NL,imbalance_price,Long,2026-08-06T05:38:50Z
2026-08-06T05:35:55Z,2026-08-06T07:35:55+0200,c3feb7e2-8675-4f7f-be40-2d97c558df74,2026-07-16T23:15:00Z,2026-07-17T01:15:00+0200,138.52,EUR/MWh,NL,NL,imbalance_price,Short,2026-08-06T05:38:50Z
2026-08-06T05:35:55Z,2026-08-06T07:35:55+0200,c3feb7e2-8675-4f7f-be40-2d97c558df74,2026-07-16T23:30:00Z,2026-07-17T01:30:00+0200,120.67,EUR/MWh,NL,NL,imbalance_price,Long,2026-08-06T05:38:50Z
2026-08-06T05:35:55Z,2026-08-06T07:35:55+0200,c3feb7e2-8675-4f7f-be40-2d97c558df74,2026-07-16T23:30:00Z,2026-07-17T01:30:00+0200,135.0,EUR/MWh,NL,NL,imbalance_price,Short,2026-08-06T05:38:50Z
2026-08-06T05:35:55Z,2026-08-06T07:35:55+0200,c3feb7e2-8675-4f7f-be40-2d97c558df74,2026-07-16T23:45:00Z,2026-07-17T01:45:00+0200,138.52,EUR/MWh,NL,NL,imbalance_price,Long,2026-08-06T05:38:50Z
2026-08-06T05:35:55Z,2026-08-06T07:35:55+0200,c3feb7e2-8675-4f7f-be40-2d97c558df74,2026-07-16T23:45:00Z,2026-07-17T01:45:00+0200,138.52,EUR/MWh,NL,NL,imbalance_price,Short,2026-08-06T05:38:50Z
2026-08-06T05:35:55Z,2026-08-06T07:35:55+0200,c3feb7e2-8675-4f7f-be40-2d97c558df74,2026-07-17T00:00:00Z,2026-07-17T02:00:00+0200,136.88,EUR/MWh,NL,NL,imbalance_price,Long,2026-08-06T05:38:50Z
2026-08-06T05:35:55Z,2026-08-06T07:35:55+0200,c3feb7e2-8675-4f7f-be40-2d97c558df74,2026-07-17T00:00:00Z,2026-07-17T02:00:00+0200,136.88,EUR/MWh,NL,NL,imbalance_price,Short,2026-08-06T05:38:50Z
2026-08-06T05:35:55Z,2026-08-06T07:35:55+0200,c3feb7e2-8675-4f7f-be40-2d97c558df74,2026-07-17T00:15:00Z,2026-07-17T02:15:00+0200,119.61,EUR/MWh,NL,NL,imbalance_price,Long,2026-08-06T05:38:50Z
2026-08-06T05:35:55Z,2026-08-06T07:35:55+0200,c3feb7e2-8675-4f7f-be40-2d97c558df74,2026-07-17T00:15:00Z,2026-07-17T02:15:00+0200,180.4,EUR/MWh,NL,NL,imbalance_price,Short,2026-08-06T05:38:50Z
2026-08-06T05:35:55Z,2026-08-06T07:35:55+0200,c3feb7e2-8675-4f7f-be40-2d97c558df74,2026-07-17T00:30:00Z,2026-07-17T02:30:00+0200,180.0,EUR/MWh,NL,NL,imbalance_price,Long,2026-08-06T05:38:50Z
2026-08-06T05:35:55Z,2026-08-06T07:35:55+0200,c3feb7e2-8675-4f7f-be40-2d97c558df74,2026-07-17T00:30:00Z,2026-07-17T02:30:00+0200,180.0,EUR/MWh,NL,NL,imbalance_price,Short,2026-08-06T05:38:50Z
2026-08-06T05:35:55Z,2026-08-06T07:35:55+0200,c3feb7e2-8675-4f7f-be40-2d97c558df74,2026-07-17T00:45:00Z,2026-07-17T02:45:00+0200,159.0,EUR/MWh,NL,NL,imbalance_price,Long,2026-08-06T05:38:50Z
2026-08-06T05:35:55Z,2026-08-06T07:35:55+0200,c3feb7e2-8675-4f7f-be40-2d97c558df74,2026-07-17T00:45:00Z,2026-07-17T02:45:00+0200,159.0,EUR/MWh,NL,NL,imbalance_price,Short,2026-08-06T05:38:50Z
2026-08-06T05:35:55Z,2026-08-06T07:35:55+0200,c3feb7e2-8675-4f7f-be40-2d97c558df74,2026-07-17T01:00:00Z,2026-07-17T03:00:00+0200,159.0,EUR/MWh,NL,NL,imbalance_price,Long,2026-08-06T05:38:50Z
2026-08-06T05:35:55Z,2026-08-06T07:35:55+0200,c3feb7e2-8675-4f7f-be40-2d97c558df74,2026-07-17T01:00:00Z,2026-07-17T03:00:00+0200,159.0,EUR/MWh,NL,NL,imbalance_price,Short,2026-08-06T05:38:50Z
2026-08-06T05:35:55Z,2026-08-06T07:35:55+0200,c3feb7e2-8675-4f7f-be40-2d97c558df74,2026-07-17T01:15:00Z,2026-07-17T03:15:00+0200,120.13,EUR/MWh,NL,NL,imbalance_price,Long,2026-08-06T05:38:50Z
2026-08-06T05:35:55Z,2026-08-06T07:35:55+0200,c3feb7e2-8675-4f7f-be40-2d97c558df74,2026-07-17T01:15:00Z,2026-07-17T03:15:00+0200,159.0,EUR/MWh,NL,NL,imbalance_price,Short,2026-08-06T05:38:50Z
2026-08-06T05:35:55Z,2026-08-06T07:35:55+0200,c3feb7e2-8675-4f7f-be40-2d97c558df74,2026-07-17T01:30:00Z,2026-07-17T03:30:00+0200,159.0,EUR/MWh,NL,NL,imbalance_price,Long,2026-08-06T05:38:50Z
2026-08-06T05:35:55Z,2026-08-06T07:35:55+0200,c3feb7e2-8675-4f7f-be40-2d97c558df74,2026-07-17T01:30:00Z,2026-07-17T03:30:00+0200,159.0,EUR/MWh,NL,NL,imbalance_price,Short,2026-08-06T05:38:50Z
2026-08-06T05:35:55Z,2026-08-06T07:35:55+0200,c3feb7e2-8675-4f7f-be40-2d97c558df74,2026-07-17T01:45:00Z,2026-07-17T03:45:00+0200,126.05,EUR/MWh,NL,NL,imbalance_price,Long,2026-08-06T05:38:50Z
2026-08-06T05:35:55Z,2026-08-06T07:35:55+0200,c3feb7e2-8675-4f7f-be40-2d97c558df74,2026-07-17T01:45:00Z,2026-07-17T03:45:00+0200,126.05,EUR/MWh,NL,NL,imbalance_price,Short,2026-08-06T05:38:50Z
2026-08-06T05:35:55Z,2026-08-06T07:35:55+0200,c3feb7e2-8675-4f7f-be40-2d97c558df74,2026-07-17T02:00:00Z,2026-07-17T04:00:00+0200,136.88,EUR/MWh,NL,NL,imbalance_price,Long,2026-08-06T05:38:50Z
2026-08-06T05:35:55Z,2026-08-06T07:35:55+0200,c3feb7e2-8675-4f7f-be40-2d97c558df74,2026-07-17T02:00:00Z,2026-07-17T04:00:00+0200,136.88,EUR/MWh,NL,NL,imbalance_price,Short,2026-08-06T05:38:50Z
2026-08-06T05:35:55Z,2026-08-06T07:35:55+0200,c3feb7e2-8675-4f7f-be40-2d97c558df74,2026-07-17T02:15:00Z,2026-07-17T04:15:00+0200,144.6,EUR/MWh,NL,NL,imbalance_price,Long,2026-08-06T05:38:50Z
2026-08-06T05:35:55Z,2026-08-06T07:35:55+0200,c3feb7e2-8675-4f7f-be40-2d97c558df74,2026-07-17T02:15:00Z,2026-07-17T04:15:00+0200,144.6,EUR/MWh,NL,NL,imbalance_price,Short,2026-08-06T05:38:50Z
2026-08-06T05:35:55Z,2026-08-06T07:35:55+0200,c3feb7e2-8675-4f7f-be40-2d97c558df74,2026-07-17T02:30:00Z,2026-07-17T04:30:00+0200,125.5,EUR/MWh,NL,NL,imbalance_price,Long,2026-08-06T05:38:50Z
2026-08-06T05:35:55Z,2026-08-06T07:35:55+0200,c3feb7e2-8675-4f7f-be40-2d97c558df74,2026-07-17T02:30:00Z,2026-07-17T04:30:00+0200,150.0,EUR/MWh,NL,NL,imbalance_price,Short,2026-08-06T05:38:50Z
2026-08-06T05:35:55Z,2026-08-06T07:35:55+0200,c3feb7e2-8675-4f7f-be40-2d97c558df74,2026-07-17T02:45:00Z,2026-07-17T04:45:00+0200,124.71,EUR/MWh,NL,NL,imbalance_price,Long,2026-08-06T05:38:50Z
2026-08-06T05:35:55Z,2026-08-06T07:35:55+0200,c3feb7e2-8675-4f7f-be40-2d97c558df74,2026-07-17T02:45:00Z,2026-07-17T04:45:00+0200,150.0,EUR/MWh,NL,NL,imbalance_price,Short,2026-08-06T05:38:50Z
2026-08-06T05:35:55Z,2026-08-06T07:35:55+0200,c3feb7e2-8675-4f7f-be40-2d97c558df74,2026-07-17T03:00:00Z,2026-07-17T05:00:00+0200,116.17,EUR/MWh,NL,NL,imbalance_price,Long,2026-08-06T05:38:50Z
2026-08-06T05:35:55Z,2026-08-06T07:35:55+0200,c3feb7e2-8675-4f7f-be40-2d97c558df74,2026-07-17T03:00:00Z,2026-07-17T05:00:00+0200,116.17,EUR/MWh,NL,NL,imbalance_price,Short,2026-08-06T05:38:50Z
2026-08-06T05:35:55Z,2026-08-06T07:35:55+0200,c3feb7e2-8675-4f7f-be40-2d97c558df74,2026-07-17T03:15:00Z,2026-07-17T05:15:00+0200,109.9,EUR/MWh,NL,NL,imbalance_price,Long,2026-08-06T05:38:50Z
2026-08-06T05:35:55Z,2026-08-06T07:35:55+0200,c3feb7e2-8675-4f7f-be40-2d97c558df74,2026-07-17T03:15:00Z,2026-07-17T05:15:00+0200,109.9,EUR/MWh,NL,NL,imbalance_price,Short,2026-08-06T05:38:50Z
2026-08-06T05:35:55Z,2026-08-06T07:35:55+0200,c3feb7e2-8675-4f7f-be40-2d97c558df74,2026-07-17T03:30:00Z,2026-07-17T05:30:00+0200,115.77,EUR/MWh,NL,NL,imbalance_price,Long,2026-08-06T05:38:50Z
2026-08-06T05:35:55Z,2026-08-06T07:35:55+0200,c3feb7e2-8675-4f7f-be40-2d97c558df74,2026-07-17T03:30:00Z,2026-07-17T05:30:00+0200,115.77,EUR/MWh,NL,NL,imbalance_price,Short,2026-08-06T05:38:50Z
2026-08-06T05:35:55Z,2026-08-06T07:35:55+0200,c3feb7e2-8675-4f7f-be40-2d97c558df74,2026-07-17T03:45:00Z,2026-07-17T05:45:00+0200,116.08,EUR/MWh,NL,NL,imbalance_price,Long,2026-08-06T05:38:50Z
2026-08-06T05:35:55Z,2026-08-06T07:35:55+0200,c3feb7e2-8675-4f7f-be40-2d97c558df74,2026-07-17T03:45:00Z,2026-07-17T05:45:00+0200,116.08,EUR/MWh,NL,NL,imbalance_price,Short,2026-08-06T05:38:50Z
2026-08-06T05:35:55Z,2026-08-06T07:35:55+0200,c3feb7e2-8675-4f7f-be40-2d97c558df74,2026-07-17T04:00:00Z,2026-07-17T06:00:00+0200,102.1,EUR/MWh,NL,NL,imbalance_price,Long,2026-08-06T05:38:50Z
2026-08-06T05:35:55Z,2026-08-06T07:35:55+0200,c3feb7e2-8675-4f7f-be40-2d97c558df74,2026-07-17T04:00:00Z,2026-07-17T06:00:00+0200,102.1,EUR/MWh,NL,NL,imbalance_price,Short,2026-08-06T05:38:50Z
2026-08-06T05:35:55Z,2026-08-06T07:35:55+0200,c3feb7e2-8675-4f7f-be40-2d97c558df74,2026-07-17T04:15:00Z,2026-07-17T06:15:00+0200,116.29,EUR/MWh,NL,NL,imbalance_price,Long,2026-08-06T05:38:50Z
2026-08-06T05:35:55Z,2026-08-06T07:35:55+0200,c3feb7e2-8675-4f7f-be40-2d97c558df74,2026-07-17T04:15:00Z,2026-07-17T06:15:00+0200,116.29,EUR/MWh,NL,NL,imbalance_price,Short,2026-08-06T05:38:50Z
2026-08-06T05:35:55Z,2026-08-06T07:35:55+0200,c3feb7e2-8675-4f7f-be40-2d97c558df74,2026-07-17T04:30:00Z,2026-07-17T06:30:00+0200,115.89,EUR/MWh,NL,NL,imbalance_price,Long,2026-08-06T05:38:50Z
2026-08-06T05:35:55Z,2026-08-06T07:35:55+0200,c3feb7e2-8675-4f7f-be40-2d97c558df74,2026-07-17T04:30:00Z,2026-07-17T06:30:00+0200,115.89,EUR/MWh,NL,NL,imbalance_price,Short,2026-08-06T05:38:50Z
2026-08-06T05:35:55Z,2026-08-06T07:35:55+0200,c3feb7e2-8675-4f7f-be40-2d97c558df74,2026-07-17T04:45:00Z,2026-07-17T06:45:00+0200,116.27,EUR/MWh,NL,NL,imbalance_price,Long,2026-08-06T05:38:50Z
2026-08-06T05:35:55Z,2026-08-06T07:35:55+0200,c3feb7e2-8675-4f7f-be40-2d97c558df74,2026-07-17T04:45:00Z,2026-07-17T06:45:00+0200,116.27,EUR/MWh,NL,NL,imbalance_price,Short,2026-08-06T05:38:50Z
2026-08-06T05:35:55Z,2026-08-06T07:35:55+0200,c3feb7e2-8675-4f7f-be40-2d97c558df74,2026-07-17T05:00:00Z,2026-07-17T07:00:00+0200,119.0,EUR/MWh,NL,NL,imbalance_price,Long,2026-08-06T05:38:50Z
2026-08-06T05:35:55Z,2026-08-06T07:35:55+0200,c3feb7e2-8675-4f7f-be40-2d97c558df74,2026-07-17T05:00:00Z,2026-07-17T07:00:00+0200,159.0,EUR/MWh,NL,NL,imbalance_price,Short,2026-08-06T05:38:50Z
2026-08-06T05:35:55Z,2026-08-06T07:35:55+0200,c3feb7e2-8675-4f7f-be40-2d97c558df74,2026-07-17T05:15:00Z,2026-07-17T07:15:00+0200,116.0,EUR/MWh,NL,NL,imbalance_price,Long,2026-08-06T05:38:50Z
2026-08-06T05:35:55Z,2026-08-06T07:35:55+0200,c3feb7e2-8675-4f7f-be40-2d97c558df74,2026-07-17T05:15:00Z,2026-07-17T07:15:00+0200,145.0,EUR/MWh,NL,NL,imbalance_price,Short,2026-08-06T05:38:50Z
2026-08-06T05:35:55Z,2026-08-06T07:35:55+0200,c3feb7e2-8675-4f7f-be40-2d97c558df74,2026-07-17T05:30:00Z,2026-07-17T07:30:00+0200,116.47,EUR/MWh,NL,NL,imbalance_price,Long,2026-08-06T05:38:50Z
2026-08-06T05:35:55Z,2026-08-06T07:35:55+0200,c3feb7e2-8675-4f7f-be40-2d97c558df74,2026-07-17T05:30:00Z,2026-07-17T07:30:00+0200,159.0,EUR/MWh,NL,NL,imbalance_price,Short,2026-08-06T05:38:50Z
2026-08-06T05:35:55Z,2026-08-06T07:35:55+0200,c3feb7e2-8675-4f7f-be40-2d97c558df74,2026-07-17T05:45:00Z,2026-07-17T07:45:00+0200,115.5,EUR/MWh,NL,NL,imbalance_price,Long,2026-08-06T05:38:50Z
2026-08-06T05:35:55Z,2026-08-06T07:35:55+0200,c3feb7e2-8675-4f7f-be40-2d97c558df74,2026-07-17T05:45:00Z,2026-07-17T07:45:00+0200,200.0,EUR/MWh,NL,NL,imbalance_price,Short,2026-08-06T05:38:50Z
2026-08-06T05:35:55Z,2026-08-06T07:35:55+0200,c3feb7e2-8675-4f7f-be40-2d97c558df74,2026-07-17T06:00:00Z,2026-07-17T08:00:00+0200,799.0,EUR/MWh,NL,NL,imbalance_price,Long,2026-08-06T05:38:50Z
2026-08-06T05:35:55Z,2026-08-06T07:35:55+0200,c3feb7e2-8675-4f7f-be40-2d97c558df74,2026-07-17T06:00:00Z,2026-07-17T08:00:00+0200,799.0,EUR/MWh,NL,NL,imbalance_price,Short,2026-08-06T05:38:50Z
2026-08-06T05:35:55Z,2026-08-06T07:35:55+0200,c3feb7e2-8675-4f7f-be40-2d97c558df74,2026-07-17T06:15:00Z,2026-07-17T08:15:00+0200,200.0,EUR/MWh,NL,NL,imbalance_price,Long,2026-08-06T05:38:50Z
2026-08-06T05:35:55Z,2026-08-06T07:35:55+0200,c3feb7e2-8675-4f7f-be40-2d97c558df74,2026-07-17T06:15:00Z,2026-07-17T08:15:00+0200,200.0,EUR/MWh,NL,NL,imbalance_price,Short,2026-08-06T05:38:50Z
2026-08-06T05:35:55Z,2026-08-06T07:35:55+0200,c3feb7e2-8675-4f7f-be40-2d97c558df74,2026-07-17T06:30:00Z,2026-07-17T08:30:00+0200,399.5,EUR/MWh,NL,NL,imbalance_price,Long,2026-08-06T05:38:50Z
2026-08-06T05:35:55Z,2026-08-06T07:35:55+0200,c3feb7e2-8675-4f7f-be40-2d97c558df74,2026-07-17T06:30:00Z,2026-07-17T08:30:00+0200,399.5,EUR/MWh,NL,NL,imbalance_price,Short,2026-08-06T05:38:50Z
2026-08-06T05:35:55Z,2026-08-06T07:35:55+0200,c3feb7e2-8675-4f7f-be40-2d97c558df74,2026-07-17T06:45:00Z,2026-07-17T08:45:00+0200,113.58,EUR/MWh,NL,NL,imbalance_price,Long,2026-08-06T05:38:50Z
2026-08-06T05:35:55Z,2026-08-06T07:35:55+0200,c3feb7e2-8675-4f7f-be40-2d97c558df74,2026-07-17T06:45:00Z,2026-07-17T08:45:00+0200,123.52,EUR/MWh,NL,NL,imbalance_price,Short,2026-08-06T05:38:50Z
2026-08-06T05:35:55Z,2026-08-06T07:35:55+0200,c3feb7e2-8675-4f7f-be40-2d97c558df74,2026-07-17T07:00:00Z,2026-07-17T09:00:00+0200,124.8,EUR/MWh,NL,NL,imbalance_price,Long,2026-08-06T05:38:50Z
2026-08-06T05:35:55Z,2026-08-06T07:35:55+0200,c3feb7e2-8675-4f7f-be40-2d97c558df74,2026-07-17T07:00:00Z,2026-07-17T09:00:00+0200,150.0,EUR/MWh,NL,NL,imbalance_price,Short,2026-08-06T05:38:50Z
2026-08-06T05:35:55Z,2026-08-06T07:35:55+0200,c3feb7e2-8675-4f7f-be40-2d97c558df74,2026-07-17T07:15:00Z,2026-07-17T09:15:00+0200,132.17,EUR/MWh,NL,NL,imbalance_price,Long,2026-08-06T05:38:50Z
2026-08-06T05:35:55Z,2026-08-06T07:35:55+0200,c3feb7e2-8675-4f7f-be40-2d97c558df74,2026-07-17T07:15:00Z,2026-07-17T09:15:00+0200,162.0,EUR/MWh,NL,NL,imbalance_price,Short,2026-08-06T05:38:50Z
2026-08-06T05:35:55Z,2026-08-06T07:35:55+0200,c3feb7e2-8675-4f7f-be40-2d97c558df74,2026-07-17T07:30:00Z,2026-07-17T09:30:00+0200,116.29,EUR/MWh,NL,NL,imbalance_price,Long,2026-08-06T05:38:50Z
2026-08-06T05:35:55Z,2026-08-06T07:35:55+0200,c3feb7e2-8675-4f7f-be40-2d97c558df74,2026-07-17T07:30:00Z,2026-07-17T09:30:00+0200,116.29,EUR/MWh,NL,NL,imbalance_price,Short,2026-08-06T05:38:50Z
2026-08-06T05:35:55Z,2026-08-06T07:35:55+0200,c3feb7e2-8675-4f7f-be40-2d97c558df74,2026-07-17T07:45:00Z,2026-07-17T09:45:00+0200,90.96,EUR/MWh,NL,NL,imbalance_price,Long,2026-08-06T05:38:50Z
2026-08-06T05:35:55Z,2026-08-06T07:35:55+0200,c3feb7e2-8675-4f7f-be40-2d97c558df74,2026-07-17T07:45:00Z,2026-07-17T09:45:00+0200,90.96,EUR/MWh,NL,NL,imbalance_price,Short,2026-08-06T05:38:50Z
2026-08-06T05:35:55Z,2026-08-06T07:35:55+0200,c3feb7e2-8675-4f7f-be40-2d97c558df74,2026-07-17T08:00:00Z,2026-07-17T10:00:00+0200,80.0,EUR/MWh,NL,NL,imbalance_price,Long,2026-08-06T05:38:50Z
2026-08-06T05:35:55Z,2026-08-06T07:35:55+0200,c3feb7e2-8675-4f7f-be40-2d97c558df74,2026-07-17T08:00:00Z,2026-07-17T10:00:00+0200,80.0,EUR/MWh,NL,NL,imbalance_price,Short,2026-08-06T05:38:50Z
2026-08-06T05:35:55Z,2026-08-06T07:35:55+0200,c3feb7e2-8675-4f7f-be40-2d97c558df74,2026-07-17T08:15:00Z,2026-07-17T10:15:00+0200,102.0,EUR/MWh,NL,NL,imbalance_price,Long,2026-08-06T05:38:50Z
2026-08-06T05:35:55Z,2026-08-06T07:35:55+0200,c3feb7e2-8675-4f7f-be40-2d97c558df74,2026-07-17T08:15:00Z,2026-07-17T10:15:00+0200,102.0,EUR/MWh,NL,NL,imbalance_price,Short,2026-08-06T05:38:50Z
2026-08-06T05:35:55Z,2026-08-06T07:35:55+0200,c3feb7e2-8675-4f7f-be40-2d97c558df74,2026-07-17T08:30:00Z,2026-07-17T10:30:00+0200,94.0,EUR/MWh,NL,NL,imbalance_price,Long,2026-08-06T05:38:50Z
2026-08-06T05:35:55Z,2026-08-06T07:35:55+0200,c3feb7e2-8675-4f7f-be40-2d97c558df74,2026-07-17T08:30:00Z,2026-07-17T10:30:00+0200,150.0,EUR/MWh,NL,NL,imbalance_price,Short,2026-08-06T05:38:50Z
2026-08-06T05:35:55Z,2026-08-06T07:35:55+0200,c3feb7e2-8675-4f7f-be40-2d97c558df74,2026-07-17T08:45:00Z,2026-07-17T10:45:00+0200,102.0,EUR/MWh,NL,NL,imbalance_price,Long,2026-08-06T05:38:50Z
2026-08-06T05:35:55Z,2026-08-06T07:35:55+0200,c3feb7e2-8675-4f7f-be40-2d97c558df74,2026-07-17T08:45:00Z,2026-07-17T10:45:00+0200,102.0,EUR/MWh,NL,NL,imbalance_price,Short,2026-08-06T05:38:50Z
2026-08-06T05:35:55Z,2026-08-06T07:35:55+0200,c3feb7e2-8675-4f7f-be40-2d97c558df74,2026-07-17T09:00:00Z,2026-07-17T11:00:00+0200,102.0,EUR/MWh,NL,NL,imbalance_price,Long,2026-08-06T05:38:50Z
2026-08-06T05:35:55Z,2026-08-06T07:35:55+0200,c3feb7e2-8675-4f7f-be40-2d97c558df74,2026-07-17T09:00:00Z,2026-07-17T11:00:00+0200,115.0,EUR/MWh,NL,NL,imbalance_price,Short,2026-08-06T05:38:50Z
2026-08-06T05:35:55Z,2026-08-06T07:35:55+0200,c3feb7e2-8675-4f7f-be40-2d97c558df74,2026-07-17T09:15:00Z,2026-07-17T11:15:00+0200,94.0,EUR/MWh,NL,NL,imbalance_price,Long,2026-08-06T05:38:50Z
2026-08-06T05:35:55Z,2026-08-06T07:35:55+0200,c3feb7e2-8675-4f7f-be40-2d97c558df74,2026-07-17T09:15:00Z,2026-07-17T11:15:00+0200,276.0,EUR/MWh,NL,NL,imbalance_price,Short,2026-08-06T05:38:50Z
2026-08-06T05:35:55Z,2026-08-06T07:35:55+0200,c3feb7e2-8675-4f7f-be40-2d97c558df74,2026-07-17T09:30:00Z,2026-07-17T11:30:00+0200,102.0,EUR/MWh,NL,NL,imbalance_price,Long,2026-08-06T05:38:50Z
2026-08-06T05:35:55Z,2026-08-06T07:35:55+0200,c3feb7e2-8675-4f7f-be40-2d97c558df74,2026-07-17T09:30:00Z,2026-07-17T11:30:00+0200,135.0,EUR/MWh,NL,NL,imbalance_price,Short,2026-08-06T05:38:50Z
2026-08-06T05:35:55Z,2026-08-06T07:35:55+0200,c3feb7e2-8675-4f7f-be40-2d97c558df74,2026-07-17T09:45:00Z,2026-07-17T11:45:00+0200,138.52,EUR/MWh,NL,NL,imbalance_price,Long,2026-08-06T05:38:50Z
2026-08-06T05:35:55Z,2026-08-06T07:35:55+0200,c3feb7e2-8675-4f7f-be40-2d97c558df74,2026-07-17T09:45:00Z,2026-07-17T11:45:00+0200,138.52,EUR/MWh,NL,NL,imbalance_price,Short,2026-08-06T05:38:50Z
2026-08-06T05:35:55Z,2026-08-06T07:35:55+0200,c3feb7e2-8675-4f7f-be40-2d97c558df74,2026-07-17T10:00:00Z,2026-07-17T12:00:00+0200,96.76,EUR/MWh,NL,NL,imbalance_price,Long,2026-08-06T05:38:50Z
2026-08-06T05:35:55Z,2026-08-06T07:35:55+0200,c3feb7e2-8675-4f7f-be40-2d97c558df74,2026-07-17T10:00:00Z,2026-07-17T12:00:00+0200,159.0,EUR/MWh,NL,NL,imbalance_price,Short,2026-08-06T05:38:50Z
2026-08-06T05:35:55Z,2026-08-06T07:35:55+0200,c3feb7e2-8675-4f7f-be40-2d97c558df74,2026-07-17T10:15:00Z,2026-07-17T12:15:00+0200,162.0,EUR/MWh,NL,NL,imbalance_price,Long,2026-08-06T05:38:50Z
2026-08-06T05:35:55Z,2026-08-06T07:35:55+0200,c3feb7e2-8675-4f7f-be40-2d97c558df74,2026-07-17T10:15:00Z,2026-07-17T12:15:00+0200,162.0,EUR/MWh,NL,NL,imbalance_price,Short,2026-08-06T05:38:50Z
2026-08-06T05:35:55Z,2026-08-06T07:35:55+0200,c3feb7e2-8675-4f7f-be40-2d97c558df74,2026-07-17T10:30:00Z,2026-07-17T12:30:00+0200,162.0,EUR/MWh,NL,NL,imbalance_price,Long,2026-08-06T05:38:50Z
2026-08-06T05:35:55Z,2026-08-06T07:35:55+0200,c3feb7e2-8675-4f7f-be40-2d97c558df74,2026-07-17T10:30:00Z,2026-07-17T12:30:00+0200,162.0,EUR/MWh,NL,NL,imbalance_price,Short,2026-08-06T05:38:50Z
2026-08-06T05:35:55Z,2026-08-06T07:35:55+0200,c3feb7e2-8675-4f7f-be40-2d97c558df74,2026-07-17T10:45:00Z,2026-07-17T12:45:00+0200,96.76,EUR/MWh,NL,NL,imbalance_price,Long,2026-08-06T05:38:50Z
2026-08-06T05:35:55Z,2026-08-06T07:35:55+0200,c3feb7e2-8675-4f7f-be40-2d97c558df74,2026-07-17T10:45:00Z,2026-07-17T12:45:00+0200,158.89,EUR/MWh,NL,NL,imbalance_price,Short,2026-08-06T05:38:50Z
2026-08-06T05:35:55Z,2026-08-06T07:35:55+0200,c3feb7e2-8675-4f7f-be40-2d97c558df74,2026-07-17T11:00:00Z,2026-07-17T13:00:00+0200,96.76,EUR/MWh,NL,NL,imbalance_price,Long,2026-08-06T05:38:50Z
2026-08-06T05:35:55Z,2026-08-06T07:35:55+0200,c3feb7e2-8675-4f7f-be40-2d97c558df74,2026-07-17T11:00:00Z,2026-07-17T13:00:00+0200,96.76,EUR/MWh,NL,NL,imbalance_price,Short,2026-08-06T05:38:50Z
2026-08-06T05:35:55Z,2026-08-06T07:35:55+0200,c3feb7e2-8675-4f7f-be40-2d97c558df74,2026-07-17T11:15:00Z,2026-07-17T13:15:00+0200,90.96,EUR/MWh,NL,NL,imbalance_price,Long,2026-08-06T05:38:50Z
2026-08-06T05:35:55Z,2026-08-06T07:35:55+0200,c3feb7e2-8675-4f7f-be40-2d97c558df74,2026-07-17T11:15:00Z,2026-07-17T13:15:00+0200,122.5,EUR/MWh,NL,NL,imbalance_price,Short,2026-08-06T05:38:50Z
2026-08-06T05:35:55Z,2026-08-06T07:35:55+0200,c3feb7e2-8675-4f7f-be40-2d97c558df74,2026-07-17T11:30:00Z,2026-07-17T13:30:00+0200,8.63,EUR/MWh,NL,NL,imbalance_price,Long,2026-08-06T05:38:50Z
2026-08-06T05:35:55Z,2026-08-06T07:35:55+0200,c3feb7e2-8675-4f7f-be40-2d97c558df74,2026-07-17T11:30:00Z,2026-07-17T13:30:00+0200,8.63,EUR/MWh,NL,NL,imbalance_price,Short,2026-08-06T05:38:50Z
2026-08-06T05:35:55Z,2026-08-06T07:35:55+0200,c3feb7e2-8675-4f7f-be40-2d97c558df74,2026-07-17T11:45:00Z,2026-07-17T13:45:00+0200,90.96,EUR/MWh,NL,NL,imbalance_price,Long,2026-08-06T05:38:50Z
2026-08-06T05:35:55Z,2026-08-06T07:35:55+0200,c3feb7e2-8675-4f7f-be40-2d97c558df74,2026-07-17T11:45:00Z,2026-07-17T13:45:00+0200,90.96,EUR/MWh,NL,NL,imbalance_price,Short,2026-08-06T05:38:50Z
2026-08-06T05:35:55Z,2026-08-06T07:35:55+0200,c3feb7e2-8675-4f7f-be40-2d97c558df74,2026-07-17T12:00:00Z,2026-07-17T14:00:00+0200,102.0,EUR/MWh,NL,NL,imbalance_price,Long,2026-08-06T05:38:50Z
2026-08-06T05:35:55Z,2026-08-06T07:35:55+0200,c3feb7e2-8675-4f7f-be40-2d97c558df74,2026-07-17T12:00:00Z,2026-07-17T14:00:00+0200,102.0,EUR/MWh,NL,NL,imbalance_price,Short,2026-08-06T05:38:50Z
2026-08-06T05:35:55Z,2026-08-06T07:35:55+0200,c3feb7e2-8675-4f7f-be40-2d97c558df74,2026-07-17T12:15:00Z,2026-07-17T14:15:00+0200,117.5,EUR/MWh,NL,NL,imbalance_price,Long,2026-08-06T05:38:50Z
2026-08-06T05:35:55Z,2026-08-06T07:35:55+0200,c3feb7e2-8675-4f7f-be40-2d97c558df74,2026-07-17T12:15:00Z,2026-07-17T14:15:00+0200,117.5,EUR/MWh,NL,NL,imbalance_price,Short,2026-08-06T05:38:50Z
2026-08-06T05:35:55Z,2026-08-06T07:35:55+0200,c3feb7e2-8675-4f7f-be40-2d97c558df74,2026-07-17T12:30:00Z,2026-07-17T14:30:00+0200,90.96,EUR/MWh,NL,NL,imbalance_price,Long,2026-08-06T05:38:50Z
2026-08-06T05:35:55Z,2026-08-06T07:35:55+0200,c3feb7e2-8675-4f7f-be40-2d97c558df74,2026-07-17T12:30:00Z,2026-07-17T14:30:00+0200,90.96,EUR/MWh,NL,NL,imbalance_price,Short,2026-08-06T05:38:50Z
2026-08-06T05:35:55Z,2026-08-06T07:35:55+0200,c3feb7e2-8675-4f7f-be40-2d97c558df74,2026-07-17T12:45:00Z,2026-07-17T14:45:00+0200,96.76,EUR/MWh,NL,NL,imbalance_price,Long,2026-08-06T05:38:50Z
2026-08-06T05:35:55Z,2026-08-06T07:35:55+0200,c3feb7e2-8675-4f7f-be40-2d97c558df74,2026-07-17T12:45:00Z,2026-07-17T14:45:00+0200,118.58,EUR/MWh,NL,NL,imbalance_price,Short,2026-08-06T05:38:50Z
2026-08-06T05:35:55Z,2026-08-06T07:35:55+0200,c3feb7e2-8675-4f7f-be40-2d97c558df74,2026-07-17T13:00:00Z,2026-07-17T15:00:00+0200,102.0,EUR/MWh,NL,NL,imbalance_price,Long,2026-08-06T05:38:50Z
2026-08-06T05:35:55Z,2026-08-06T07:35:55+0200,c3feb7e2-8675-4f7f-be40-2d97c558df74,2026-07-17T13:00:00Z,2026-07-17T15:00:00+0200,112.5,EUR/MWh,NL,NL,imbalance_price,Short,2026-08-06T05:38:50Z
2026-08-06T05:35:55Z,2026-08-06T07:35:55+0200,c3feb7e2-8675-4f7f-be40-2d97c558df74,2026-07-17T13:15:00Z,2026-07-17T15:15:00+0200,55.74,EUR/MWh,NL,NL,imbalance_price,Long,2026-08-06T05:38:50Z
2026-08-06T05:35:55Z,2026-08-06T07:35:55+0200,c3feb7e2-8675-4f7f-be40-2d97c558df74,2026-07-17T13:15:00Z,2026-07-17T15:15:00+0200,55.74,EUR/MWh,NL,NL,imbalance_price,Short,2026-08-06T05:38:50Z
2026-08-06T05:35:55Z,2026-08-06T07:35:55+0200,c3feb7e2-8675-4f7f-be40-2d97c558df74,2026-07-17T13:30:00Z,2026-07-17T15:30:00+0200,80.6,EUR/MWh,NL,NL,imbalance_price,Long,2026-08-06T05:38:50Z
2026-08-06T05:35:55Z,2026-08-06T07:35:55+0200,c3feb7e2-8675-4f7f-be40-2d97c558df74,2026-07-17T13:30:00Z,2026-07-17T15:30:00+0200,102.5,EUR/MWh,NL,NL,imbalance_price,Short,2026-08-06T05:38:50Z
2026-08-06T05:35:55Z,2026-08-06T07:35:55+0200,c3feb7e2-8675-4f7f-be40-2d97c558df74,2026-07-17T13:45:00Z,2026-07-17T15:45:00+0200,158.4,EUR/MWh,NL,NL,imbalance_price,Long,2026-08-06T05:38:50Z
2026-08-06T05:35:55Z,2026-08-06T07:35:55+0200,c3feb7e2-8675-4f7f-be40-2d97c558df74,2026-07-17T13:45:00Z,2026-07-17T15:45:00+0200,158.4,EUR/MWh,NL,NL,imbalance_price,Short,2026-08-06T05:38:50Z
2026-08-06T05:35:55Z,2026-08-06T07:35:55+0200,c3feb7e2-8675-4f7f-be40-2d97c558df74,2026-07-17T14:00:00Z,2026-07-17T16:00:00+0200,150.0,EUR/MWh,NL,NL,imbalance_price,Long,2026-08-06T05:38:50Z
2026-08-06T05:35:55Z,2026-08-06T07:35:55+0200,c3feb7e2-8675-4f7f-be40-2d97c558df74,2026-07-17T14:00:00Z,2026-07-17T16:00:00+0200,150.0,EUR/MWh,NL,NL,imbalance_price,Short,2026-08-06T05:38:50Z
2026-08-06T05:35:55Z,2026-08-06T07:35:55+0200,c3feb7e2-8675-4f7f-be40-2d97c558df74,2026-07-17T14:15:00Z,2026-07-17T16:15:00+0200,137.3,EUR/MWh,NL,NL,imbalance_price,Long,2026-08-06T05:38:50Z
2026-08-06T05:35:55Z,2026-08-06T07:35:55+0200,c3feb7e2-8675-4f7f-be40-2d97c558df74,2026-07-17T14:15:00Z,2026-07-17T16:15:00+0200,137.3,EUR/MWh,NL,NL,imbalance_price,Short,2026-08-06T05:38:50Z
2026-08-06T05:35:55Z,2026-08-06T07:35:55+0200,c3feb7e2-8675-4f7f-be40-2d97c558df74,2026-07-17T14:30:00Z,2026-07-17T16:30:00+0200,156.0,EUR/MWh,NL,NL,imbalance_price,Long,2026-08-06T05:38:50Z
2026-08-06T05:35:55Z,2026-08-06T07:35:55+0200,c3feb7e2-8675-4f7f-be40-2d97c558df74,2026-07-17T14:30:00Z,2026-07-17T16:30:00+0200,156.0,EUR/MWh,NL,NL,imbalance_price,Short,2026-08-06T05:38:50Z
2026-08-06T05:35:55Z,2026-08-06T07:35:55+0200,c3feb7e2-8675-4f7f-be40-2d97c558df74,2026-07-17T14:45:00Z,2026-07-17T16:45:00+0200,153.0,EUR/MWh,NL,NL,imbalance_price,Long,2026-08-06T05:38:50Z
2026-08-06T05:35:55Z,2026-08-06T07:35:55+0200,c3feb7e2-8675-4f7f-be40-2d97c558df74,2026-07-17T14:45:00Z,2026-07-17T16:45:00+0200,153.0,EUR/MWh,NL,NL,imbalance_price,Short,2026-08-06T05:38:50Z
2026-08-06T05:35:55Z,2026-08-06T07:35:55+0200,c3feb7e2-8675-4f7f-be40-2d97c558df74,2026-07-17T15:00:00Z,2026-07-17T17:00:00+0200,105.3,EUR/MWh,NL,NL,imbalance_price,Long,2026-08-06T05:38:50Z
2026-08-06T05:35:55Z,2026-08-06T07:35:55+0200,c3feb7e2-8675-4f7f-be40-2d97c558df74,2026-07-17T15:00:00Z,2026-07-17T17:00:00+0200,135.0,EUR/MWh,NL,NL,imbalance_price,Short,2026-08-06T05:38:50Z
2026-08-06T05:35:55Z,2026-08-06T07:35:55+0200,c3feb7e2-8675-4f7f-be40-2d97c558df74,2026-07-17T15:15:00Z,2026-07-17T17:15:00+0200,121.14,EUR/MWh,NL,NL,imbalance_price,Long,2026-08-06T05:38:50Z
2026-08-06T05:35:55Z,2026-08-06T07:35:55+0200,c3feb7e2-8675-4f7f-be40-2d97c558df74,2026-07-17T15:15:00Z,2026-07-17T17:15:00+0200,159.0,EUR/MWh,NL,NL,imbalance_price,Short,2026-08-06T05:38:50Z
2026-08-06T05:35:55Z,2026-08-06T07:35:55+0200,c3feb7e2-8675-4f7f-be40-2d97c558df74,2026-07-17T15:30:00Z,2026-07-17T17:30:00+0200,195.0,EUR/MWh,NL,NL,imbalance_price,Long,2026-08-06T05:38:50Z
2026-08-06T05:35:55Z,2026-08-06T07:35:55+0200,c3feb7e2-8675-4f7f-be40-2d97c558df74,2026-07-17T15:30:00Z,2026-07-17T17:30:00+0200,195.0,EUR/MWh,NL,NL,imbalance_price,Short,2026-08-06T05:38:50Z
2026-08-06T05:35:55Z,2026-08-06T07:35:55+0200,c3feb7e2-8675-4f7f-be40-2d97c558df74,2026-07-17T15:45:00Z,2026-07-17T17:45:00+0200,170.0,EUR/MWh,NL,NL,imbalance_price,Long,2026-08-06T05:38:50Z
2026-08-06T05:35:55Z,2026-08-06T07:35:55+0200,c3feb7e2-8675-4f7f-be40-2d97c558df74,2026-07-17T15:45:00Z,2026-07-17T17:45:00+0200,170.0,EUR/MWh,NL,NL,imbalance_price,Short,2026-08-06T05:38:50Z
2026-08-06T05:35:55Z,2026-08-06T07:35:55+0200,c3feb7e2-8675-4f7f-be40-2d97c558df74,2026-07-17T16:00:00Z,2026-07-17T18:00:00+0200,105.4,EUR/MWh,NL,NL,imbalance_price,Long,2026-08-06T05:38:50Z
2026-08-06T05:35:55Z,2026-08-06T07:35:55+0200,c3feb7e2-8675-4f7f-be40-2d97c558df74,2026-07-17T16:00:00Z,2026-07-17T18:00:00+0200,153.9,EUR/MWh,NL,NL,imbalance_price,Short,2026-08-06T05:38:50Z
2026-08-06T05:35:55Z,2026-08-06T07:35:55+0200,c3feb7e2-8675-4f7f-be40-2d97c558df74,2026-07-17T16:15:00Z,2026-07-17T18:15:00+0200,145.0,EUR/MWh,NL,NL,imbalance_price,Long,2026-08-06T05:38:50Z
2026-08-06T05:35:55Z,2026-08-06T07:35:55+0200,c3feb7e2-8675-4f7f-be40-2d97c558df74,2026-07-17T16:15:00Z,2026-07-17T18:15:00+0200,145.0,EUR/MWh,NL,NL,imbalance_price,Short,2026-08-06T05:38:50Z
2026-08-06T05:35:55Z,2026-08-06T07:35:55+0200,c3feb7e2-8675-4f7f-be40-2d97c558df74,2026-07-17T16:30:00Z,2026-07-17T18:30:00+0200,159.0,EUR/MWh,NL,NL,imbalance_price,Long,2026-08-06T05:38:50Z
2026-08-06T05:35:55Z,2026-08-06T07:35:55+0200,c3feb7e2-8675-4f7f-be40-2d97c558df74,2026-07-17T16:30:00Z,2026-07-17T18:30:00+0200,159.0,EUR/MWh,NL,NL,imbalance_price,Short,2026-08-06T05:38:50Z
2026-08-06T05:35:55Z,2026-08-06T07:35:55+0200,c3feb7e2-8675-4f7f-be40-2d97c558df74,2026-07-17T16:45:00Z,2026-07-17T18:45:00+0200,162.0,EUR/MWh,NL,NL,imbalance_price,Long,2026-08-06T05:38:50Z
2026-08-06T05:35:55Z,2026-08-06T07:35:55+0200,c3feb7e2-8675-4f7f-be40-2d97c558df74,2026-07-17T16:45:00Z,2026-07-17T18:45:00+0200,162.0,EUR/MWh,NL,NL,imbalance_price,Short,2026-08-06T05:38:50Z
2026-08-06T05:35:55Z,2026-08-06T07:35:55+0200,c3feb7e2-8675-4f7f-be40-2d97c558df74,2026-07-17T17:00:00Z,2026-07-17T19:00:00+0200,119.82,EUR/MWh,NL,NL,imbalance_price,Long,2026-08-06T05:38:50Z
2026-08-06T05:35:55Z,2026-08-06T07:35:55+0200,c3feb7e2-8675-4f7f-be40-2d97c558df74,2026-07-17T17:00:00Z,2026-07-17T19:00:00+0200,200.0,EUR/MWh,NL,NL,imbalance_price,Short,2026-08-06T05:38:50Z
2026-08-06T05:35:55Z,2026-08-06T07:35:55+0200,c3feb7e2-8675-4f7f-be40-2d97c558df74,2026-07-17T17:15:00Z,2026-07-17T19:15:00+0200,119.4,EUR/MWh,NL,NL,imbalance_price,Long,2026-08-06T05:38:50Z
2026-08-06T05:35:55Z,2026-08-06T07:35:55+0200,c3feb7e2-8675-4f7f-be40-2d97c558df74,2026-07-17T17:15:00Z,2026-07-17T19:15:00+0200,156.0,EUR/MWh,NL,NL,imbalance_price,Short,2026-08-06T05:38:50Z
2026-08-06T05:35:55Z,2026-08-06T07:35:55+0200,c3feb7e2-8675-4f7f-be40-2d97c558df74,2026-07-17T17:30:00Z,2026-07-17T19:30:00+0200,128.19,EUR/MWh,NL,NL,imbalance_price,Long,2026-08-06T05:38:50Z
2026-08-06T05:35:55Z,2026-08-06T07:35:55+0200,c3feb7e2-8675-4f7f-be40-2d97c558df74,2026-07-17T17:30:00Z,2026-07-17T19:30:00+0200,162.0,EUR/MWh,NL,NL,imbalance_price,Short,2026-08-06T05:38:50Z
2026-08-06T05:35:55Z,2026-08-06T07:35:55+0200,c3feb7e2-8675-4f7f-be40-2d97c558df74,2026-07-17T17:45:00Z,2026-07-17T19:45:00+0200,159.0,EUR/MWh,NL,NL,imbalance_price,Long,2026-08-06T05:38:50Z
2026-08-06T05:35:55Z,2026-08-06T07:35:55+0200,c3feb7e2-8675-4f7f-be40-2d97c558df74,2026-07-17T17:45:00Z,2026-07-17T19:45:00+0200,159.0,EUR/MWh,NL,NL,imbalance_price,Short,2026-08-06T05:38:50Z
2026-08-06T05:35:55Z,2026-08-06T07:35:55+0200,c3feb7e2-8675-4f7f-be40-2d97c558df74,2026-07-17T18:00:00Z,2026-07-17T20:00:00+0200,127.56,EUR/MWh,NL,NL,imbalance_price,Long,2026-08-06T05:38:50Z
2026-08-06T05:35:55Z,2026-08-06T07:35:55+0200,c3feb7e2-8675-4f7f-be40-2d97c558df74,2026-07-17T18:00:00Z,2026-07-17T20:00:00+0200,159.0,EUR/MWh,NL,NL,imbalance_price,Short,2026-08-06T05:38:50Z
2026-08-06T05:35:55Z,2026-08-06T07:35:55+0200,c3feb7e2-8675-4f7f-be40-2d97c558df74,2026-07-17T18:15:00Z,2026-07-17T20:15:00+0200,166.0,EUR/MWh,NL,NL,imbalance_price,Long,2026-08-06T05:38:50Z
2026-08-06T05:35:55Z,2026-08-06T07:35:55+0200,c3feb7e2-8675-4f7f-be40-2d97c558df74,2026-07-17T18:15:00Z,2026-07-17T20:15:00+0200,166.0,EUR/MWh,NL,NL,imbalance_price,Short,2026-08-06T05:38:50Z
2026-08-06T05:35:55Z,2026-08-06T07:35:55+0200,c3feb7e2-8675-4f7f-be40-2d97c558df74,2026-07-17T18:30:00Z,2026-07-17T20:30:00+0200,170.0,EUR/MWh,NL,NL,imbalance_price,Long,2026-08-06T05:38:50Z
2026-08-06T05:35:55Z,2026-08-06T07:35:55+0200,c3feb7e2-8675-4f7f-be40-2d97c558df74,2026-07-17T18:30:00Z,2026-07-17T20:30:00+0200,170.0,EUR/MWh,NL,NL,imbalance_price,Short,2026-08-06T05:38:50Z
2026-08-06T05:35:55Z,2026-08-06T07:35:55+0200,c3feb7e2-8675-4f7f-be40-2d97c558df74,2026-07-17T18:45:00Z,2026-07-17T20:45:00+0200,117.95,EUR/MWh,NL,NL,imbalance_price,Long,2026-08-06T05:38:50Z
2026-08-06T05:35:55Z,2026-08-06T07:35:55+0200,c3feb7e2-8675-4f7f-be40-2d97c558df74,2026-07-17T18:45:00Z,2026-07-17T20:45:00+0200,127.79,EUR/MWh,NL,NL,imbalance_price,Short,2026-08-06T05:38:50Z
2026-08-06T05:35:55Z,2026-08-06T07:35:55+0200,c3feb7e2-8675-4f7f-be40-2d97c558df74,2026-07-17T19:00:00Z,2026-07-17T21:00:00+0200,127.02,EUR/MWh,NL,NL,imbalance_price,Long,2026-08-06T05:38:50Z
2026-08-06T05:35:55Z,2026-08-06T07:35:55+0200,c3feb7e2-8675-4f7f-be40-2d97c558df74,2026-07-17T19:00:00Z,2026-07-17T21:00:00+0200,150.0,EUR/MWh,NL,NL,imbalance_price,Short,2026-08-06T05:38:50Z
2026-08-06T05:35:55Z,2026-08-06T07:35:55+0200,c3feb7e2-8675-4f7f-be40-2d97c558df74,2026-07-17T19:15:00Z,2026-07-17T21:15:00+0200,159.0,EUR/MWh,NL,NL,imbalance_price,Long,2026-08-06T05:38:50Z
2026-08-06T05:35:55Z,2026-08-06T07:35:55+0200,c3feb7e2-8675-4f7f-be40-2d97c558df74,2026-07-17T19:15:00Z,2026-07-17T21:15:00+0200,159.0,EUR/MWh,NL,NL,imbalance_price,Short,2026-08-06T05:38:50Z
2026-08-06T05:35:55Z,2026-08-06T07:35:55+0200,c3feb7e2-8675-4f7f-be40-2d97c558df74,2026-07-17T19:30:00Z,2026-07-17T21:30:00+0200,197.0,EUR/MWh,NL,NL,imbalance_price,Long,2026-08-06T05:38:50Z
2026-08-06T05:35:55Z,2026-08-06T07:35:55+0200,c3feb7e2-8675-4f7f-be40-2d97c558df74,2026-07-17T19:30:00Z,2026-07-17T21:30:00+0200,197.0,EUR/MWh,NL,NL,imbalance_price,Short,2026-08-06T05:38:50Z
2026-08-06T05:35:55Z,2026-08-06T07:35:55+0200,c3feb7e2-8675-4f7f-be40-2d97c558df74,2026-07-17T19:45:00Z,2026-07-17T21:45:00+0200,197.0,EUR/MWh,NL,NL,imbalance_price,Long,2026-08-06T05:38:50Z
2026-08-06T05:35:55Z,2026-08-06T07:35:55+0200,c3feb7e2-8675-4f7f-be40-2d97c558df74,2026-07-17T19:45:00Z,2026-07-17T21:45:00+0200,197.0,EUR/MWh,NL,NL,imbalance_price,Short,2026-08-06T05:38:50Z
2026-08-06T05:35:55Z,2026-08-06T07:35:55+0200,c3feb7e2-8675-4f7f-be40-2d97c558df74,2026-07-17T20:00:00Z,2026-07-17T22:00:00+0200,200.0,EUR/MWh,NL,NL,imbalance_price,Long,2026-08-06T05:38:50Z
2026-08-06T05:35:55Z,2026-08-06T07:35:55+0200,c3feb7e2-8675-4f7f-be40-2d97c558df74,2026-07-17T20:00:00Z,2026-07-17T22:00:00+0200,200.0,EUR/MWh,NL,NL,imbalance_price,Short,2026-08-06T05:38:50Z
2026-08-06T05:35:55Z,2026-08-06T07:35:55+0200,c3feb7e2-8675-4f7f-be40-2d97c558df74,2026-07-17T20:15:00Z,2026-07-17T22:15:00+0200,188.6,EUR/MWh,NL,NL,imbalance_price,Long,2026-08-06T05:38:50Z
2026-08-06T05:35:55Z,2026-08-06T07:35:55+0200,c3feb7e2-8675-4f7f-be40-2d97c558df74,2026-07-17T20:15:00Z,2026-07-17T22:15:00+0200,188.6,EUR/MWh,NL,NL,imbalance_price,Short,2026-08-06T05:38:50Z
2026-08-06T05:35:55Z,2026-08-06T07:35:55+0200,c3feb7e2-8675-4f7f-be40-2d97c558df74,2026-07-17T20:30:00Z,2026-07-17T22:30:00+0200,124.8,EUR/MWh,NL,NL,imbalance_price,Long,2026-08-06T05:38:50Z
2026-08-06T05:35:55Z,2026-08-06T07:35:55+0200,c3feb7e2-8675-4f7f-be40-2d97c558df74,2026-07-17T20:30:00Z,2026-07-17T22:30:00+0200,162.0,EUR/MWh,NL,NL,imbalance_price,Short,2026-08-06T05:38:50Z
2026-08-06T05:35:55Z,2026-08-06T07:35:55+0200,c3feb7e2-8675-4f7f-be40-2d97c558df74,2026-07-17T20:45:00Z,2026-07-17T22:45:00+0200,119.69,EUR/MWh,NL,NL,imbalance_price,Long,2026-08-06T05:38:50Z
2026-08-06T05:35:55Z,2026-08-06T07:35:55+0200,c3feb7e2-8675-4f7f-be40-2d97c558df74,2026-07-17T20:45:00Z,2026-07-17T22:45:00+0200,159.0,EUR/MWh,NL,NL,imbalance_price,Short,2026-08-06T05:38:50Z
2026-08-06T05:35:55Z,2026-08-06T07:35:55+0200,c3feb7e2-8675-4f7f-be40-2d97c558df74,2026-07-17T21:00:00Z,2026-07-17T23:00:00+0200,119.72,EUR/MWh,NL,NL,imbalance_price,Long,2026-08-06T05:38:50Z
2026-08-06T05:35:55Z,2026-08-06T07:35:55+0200,c3feb7e2-8675-4f7f-be40-2d97c558df74,2026-07-17T21:00:00Z,2026-07-17T23:00:00+0200,150.0,EUR/MWh,NL,NL,imbalance_price,Short,2026-08-06T05:38:50Z
2026-08-06T05:35:55Z,2026-08-06T07:35:55+0200,c3feb7e2-8675-4f7f-be40-2d97c558df74,2026-07-17T21:15:00Z,2026-07-17T23:15:00+0200,119.92,EUR/MWh,NL,NL,imbalance_price,Long,2026-08-06T05:38:50Z
2026-08-06T05:35:55Z,2026-08-06T07:35:55+0200,c3feb7e2-8675-4f7f-be40-2d97c558df74,2026-07-17T21:15:00Z,2026-07-17T23:15:00+0200,185.3,EUR/MWh,NL,NL,imbalance_price,Short,2026-08-06T05:38:50Z
2026-08-06T05:35:55Z,2026-08-06T07:35:55+0200,c3feb7e2-8675-4f7f-be40-2d97c558df74,2026-07-17T21:30:00Z,2026-07-17T23:30:00+0200,132.15,EUR/MWh,NL,NL,imbalance_price,Long,2026-08-06T05:38:50Z
2026-08-06T05:35:55Z,2026-08-06T07:35:55+0200,c3feb7e2-8675-4f7f-be40-2d97c558df74,2026-07-17T21:30:00Z,2026-07-17T23:30:00+0200,162.0,EUR/MWh,NL,NL,imbalance_price,Short,2026-08-06T05:38:50Z
2026-08-06T05:35:55Z,2026-08-06T07:35:55+0200,c3feb7e2-8675-4f7f-be40-2d97c558df74,2026-07-17T21:45:00Z,2026-07-17T23:45:00+0200,138.52,EUR/MWh,NL,NL,imbalance_price,Long,2026-08-06T05:38:50Z
2026-08-06T05:35:55Z,2026-08-06T07:35:55+0200,c3feb7e2-8675-4f7f-be40-2d97c558df74,2026-07-17T21:45:00Z,2026-07-17T23:45:00+0200,159.0,EUR/MWh,NL,NL,imbalance_price,Short,2026-08-06T05:38:50Z
2026-08-06T05:35:55Z,2026-08-06T07:35:55+0200,c3feb7e2-8675-4f7f-be40-2d97c558df74,2026-07-17T22:00:00Z,2026-07-18T00:00:00+0200,118.5,EUR/MWh,NL,NL,imbalance_price,Long,2026-08-06T05:38:50Z
2026-08-06T05:35:55Z,2026-08-06T07:35:55+0200,c3feb7e2-8675-4f7f-be40-2d97c558df74,2026-07-17T22:00:00Z,2026-07-18T00:00:00+0200,118.5,EUR/MWh,NL,NL,imbalance_price,Short,2026-08-06T05:38:50Z
2026-08-06T05:35:55Z,2026-08-06T07:35:55+0200,c3feb7e2-8675-4f7f-be40-2d97c558df74,2026-07-17T22:15:00Z,2026-07-18T00:15:00+0200,116.33,EUR/MWh,NL,NL,imbalance_price,Long,2026-08-06T05:38:50Z
2026-08-06T05:35:55Z,2026-08-06T07:35:55+0200,c3feb7e2-8675-4f7f-be40-2d97c558df74,2026-07-17T22:15:00Z,2026-07-18T00:15:00+0200,154.45,EUR/MWh,NL,NL,imbalance_price,Short,2026-08-06T05:38:50Z
2026-08-06T05:35:55Z,2026-08-06T07:35:55+0200,c3feb7e2-8675-4f7f-be40-2d97c558df74,2026-07-17T22:30:00Z,2026-07-18T00:30:00+0200,113.93,EUR/MWh,NL,NL,imbalance_price,Long,2026-08-06T05:38:50Z
2026-08-06T05:35:55Z,2026-08-06T07:35:55+0200,c3feb7e2-8675-4f7f-be40-2d97c558df74,2026-07-17T22:30:00Z,2026-07-18T00:30:00+0200,148.11,EUR/MWh,NL,NL,imbalance_price,Short,2026-08-06T05:38:50Z
2026-08-06T05:35:55Z,2026-08-06T07:35:55+0200,c3feb7e2-8675-4f7f-be40-2d97c558df74,2026-07-17T22:45:00Z,2026-07-18T00:45:00+0200,116.0,EUR/MWh,NL,NL,imbalance_price,Long,2026-08-06T05:38:50Z
2026-08-06T05:35:55Z,2026-08-06T07:35:55+0200,c3feb7e2-8675-4f7f-be40-2d97c558df74,2026-07-17T22:45:00Z,2026-07-18T00:45:00+0200,140.69,EUR/MWh,NL,NL,imbalance_price,Short,2026-08-06T05:38:50Z
2026-08-06T05:35:55Z,2026-08-06T07:35:55+0200,c3feb7e2-8675-4f7f-be40-2d97c558df74,2026-07-17T23:00:00Z,2026-07-18T01:00:00+0200,128.62,EUR/MWh,NL,NL,imbalance_price,Long,2026-08-06T05:38:50Z
2026-08-06T05:35:55Z,2026-08-06T07:35:55+0200,c3feb7e2-8675-4f7f-be40-2d97c558df74,2026-07-17T23:00:00Z,2026-07-18T01:00:00+0200,136.46,EUR/MWh,NL,NL,imbalance_price,Short,2026-08-06T05:38:50Z
2026-08-06T05:35:55Z,2026-08-06T07:35:55+0200,c3feb7e2-8675-4f7f-be40-2d97c558df74,2026-07-17T23:15:00Z,2026-07-18T01:15:00+0200,113.59,EUR/MWh,NL,NL,imbalance_price,Long,2026-08-06T05:38:50Z
2026-08-06T05:35:55Z,2026-08-06T07:35:55+0200,c3feb7e2-8675-4f7f-be40-2d97c558df74,2026-07-17T23:15:00Z,2026-07-18T01:15:00+0200,113.59,EUR/MWh,NL,NL,imbalance_price,Short,2026-08-06T05:38:50Z
2026-08-06T05:35:55Z,2026-08-06T07:35:55+0200,c3feb7e2-8675-4f7f-be40-2d97c558df74,2026-07-17T23:30:00Z,2026-07-18T01:30:00+0200,116.26,EUR/MWh,NL,NL,imbalance_price,Long,2026-08-06T05:38:50Z
2026-08-06T05:35:55Z,2026-08-06T07:35:55+0200,c3feb7e2-8675-4f7f-be40-2d97c558df74,2026-07-17T23:30:00Z,2026-07-18T01:30:00+0200,116.26,EUR/MWh,NL,NL,imbalance_price,Short,2026-08-06T05:38:50Z
2026-08-06T05:35:55Z,2026-08-06T07:35:55+0200,c3feb7e2-8675-4f7f-be40-2d97c558df74,2026-07-17T23:45:00Z,2026-07-18T01:45:00+0200,118.94,EUR/MWh,NL,NL,imbalance_price,Long,2026-08-06T05:38:50Z
2026-08-06T05:35:55Z,2026-08-06T07:35:55+0200,c3feb7e2-8675-4f7f-be40-2d97c558df74,2026-07-17T23:45:00Z,2026-07-18T01:45:00+0200,118.94,EUR/MWh,NL,NL,imbalance_price,Short,2026-08-06T05:38:50Z
2026-08-06T05:35:55Z,2026-08-06T07:35:55+0200,c3feb7e2-8675-4f7f-be40-2d97c558df74,2026-07-18T00:00:00Z,2026-07-18T02:00:00+0200,113.67,EUR/MWh,NL,NL,imbalance_price,Long,2026-08-06T05:38:50Z
2026-08-06T05:35:55Z,2026-08-06T07:35:55+0200,c3feb7e2-8675-4f7f-be40-2d97c558df74,2026-07-18T00:00:00Z,2026-07-18T02:00:00+0200,113.67,EUR/MWh,NL,NL,imbalance_price,Short,2026-08-06T05:38:50Z
2026-08-06T05:35:55Z,2026-08-06T07:35:55+0200,c3feb7e2-8675-4f7f-be40-2d97c558df74,2026-07-18T00:15:00Z,2026-07-18T02:15:00+0200,119.52,EUR/MWh,NL,NL,imbalance_price,Long,2026-08-06T05:38:50Z
2026-08-06T05:35:55Z,2026-08-06T07:35:55+0200,c3feb7e2-8675-4f7f-be40-2d97c558df74,2026-07-18T00:15:00Z,2026-07-18T02:15:00+0200,119.52,EUR/MWh,NL,NL,imbalance_price,Short,2026-08-06T05:38:50Z
2026-08-06T05:35:55Z,2026-08-06T07:35:55+0200,c3feb7e2-8675-4f7f-be40-2d97c558df74,2026-07-18T00:30:00Z,2026-07-18T02:30:00+0200,119.74,EUR/MWh,NL,NL,imbalance_price,Long,2026-08-06T05:38:50Z
2026-08-06T05:35:55Z,2026-08-06T07:35:55+0200,c3feb7e2-8675-4f7f-be40-2d97c558df74,2026-07-18T00:30:00Z,2026-07-18T02:30:00+0200,119.74,EUR/MWh,NL,NL,imbalance_price,Short,2026-08-06T05:38:50Z
2026-08-06T05:35:55Z,2026-08-06T07:35:55+0200,c3feb7e2-8675-4f7f-be40-2d97c558df74,2026-07-18T00:45:00Z,2026-07-18T02:45:00+0200,119.17,EUR/MWh,NL,NL,imbalance_price,Long,2026-08-06T05:38:50Z
2026-08-06T05:35:55Z,2026-08-06T07:35:55+0200,c3feb7e2-8675-4f7f-be40-2d97c558df74,2026-07-18T00:45:00Z,2026-07-18T02:45:00+0200,119.17,EUR/MWh,NL,NL,imbalance_price,Short,2026-08-06T05:38:50Z
2026-08-06T05:35:55Z,2026-08-06T07:35:55+0200,c3feb7e2-8675-4f7f-be40-2d97c558df74,2026-07-18T01:00:00Z,2026-07-18T03:00:00+0200,117.5,EUR/MWh,NL,NL,imbalance_price,Long,2026-08-06T05:38:50Z
2026-08-06T05:35:55Z,2026-08-06T07:35:55+0200,c3feb7e2-8675-4f7f-be40-2d97c558df74,2026-07-18T01:00:00Z,2026-07-18T03:00:00+0200,160.0,EUR/MWh,NL,NL,imbalance_price,Short,2026-08-06T05:38:50Z
2026-08-06T05:35:55Z,2026-08-06T07:35:55+0200,c3feb7e2-8675-4f7f-be40-2d97c558df74,2026-07-18T01:15:00Z,2026-07-18T03:15:00+0200,150.0,EUR/MWh,NL,NL,imbalance_price,Long,2026-08-06T05:38:50Z
2026-08-06T05:35:55Z,2026-08-06T07:35:55+0200,c3feb7e2-8675-4f7f-be40-2d97c558df74,2026-07-18T01:15:00Z,2026-07-18T03:15:00+0200,150.0,EUR/MWh,NL,NL,imbalance_price,Short,2026-08-06T05:38:50Z
2026-08-06T05:35:55Z,2026-08-06T07:35:55+0200,c3feb7e2-8675-4f7f-be40-2d97c558df74,2026-07-18T01:30:00Z,2026-07-18T03:30:00+0200,115.5,EUR/MWh,NL,NL,imbalance_price,Long,2026-08-06T05:38:50Z
2026-08-06T05:35:55Z,2026-08-06T07:35:55+0200,c3feb7e2-8675-4f7f-be40-2d97c558df74,2026-07-18T01:30:00Z,2026-07-18T03:30:00+0200,137.99,EUR/MWh,NL,NL,imbalance_price,Short,2026-08-06T05:38:50Z
2026-08-06T05:35:55Z,2026-08-06T07:35:55+0200,c3feb7e2-8675-4f7f-be40-2d97c558df74,2026-07-18T01:45:00Z,2026-07-18T03:45:00+0200,116.0,EUR/MWh,NL,NL,imbalance_price,Long,2026-08-06T05:38:50Z
2026-08-06T05:35:55Z,2026-08-06T07:35:55+0200,c3feb7e2-8675-4f7f-be40-2d97c558df74,2026-07-18T01:45:00Z,2026-07-18T03:45:00+0200,135.0,EUR/MWh,NL,NL,imbalance_price,Short,2026-08-06T05:38:50Z
2026-08-06T05:35:55Z,2026-08-06T07:35:55+0200,c3feb7e2-8675-4f7f-be40-2d97c558df74,2026-07-18T02:00:00Z,2026-07-18T04:00:00+0200,115.5,EUR/MWh,NL,NL,imbalance_price,Long,2026-08-06T05:38:50Z
2026-08-06T05:35:55Z,2026-08-06T07:35:55+0200,c3feb7e2-8675-4f7f-be40-2d97c558df74,2026-07-18T02:00:00Z,2026-07-18T04:00:00+0200,160.0,EUR/MWh,NL,NL,imbalance_price,Short,2026-08-06T05:38:50Z
2026-08-06T05:35:55Z,2026-08-06T07:35:55+0200,c3feb7e2-8675-4f7f-be40-2d97c558df74,2026-07-18T02:15:00Z,2026-07-18T04:15:00+0200,115.5,EUR/MWh,NL,NL,imbalance_price,Long,2026-08-06T05:38:50Z
2026-08-06T05:35:55Z,2026-08-06T07:35:55+0200,c3feb7e2-8675-4f7f-be40-2d97c558df74,2026-07-18T02:15:00Z,2026-07-18T04:15:00+0200,150.0,EUR/MWh,NL,NL,imbalance_price,Short,2026-08-06T05:38:50Z
2026-08-06T05:35:55Z,2026-08-06T07:35:55+0200,c3feb7e2-8675-4f7f-be40-2d97c558df74,2026-07-18T02:30:00Z,2026-07-18T04:30:00+0200,117.5,EUR/MWh,NL,NL,imbalance_price,Long,2026-08-06T05:38:50Z
2026-08-06T05:35:55Z,2026-08-06T07:35:55+0200,c3feb7e2-8675-4f7f-be40-2d97c558df74,2026-07-18T02:30:00Z,2026-07-18T04:30:00+0200,135.0,EUR/MWh,NL,NL,imbalance_price,Short,2026-08-06T05:38:50Z
2026-08-06T05:35:55Z,2026-08-06T07:35:55+0200,c3feb7e2-8675-4f7f-be40-2d97c558df74,2026-07-18T02:45:00Z,2026-07-18T04:45:00+0200,115.5,EUR/MWh,NL,NL,imbalance_price,Long,2026-08-06T05:38:50Z
2026-08-06T05:35:55Z,2026-08-06T07:35:55+0200,c3feb7e2-8675-4f7f-be40-2d97c558df74,2026-07-18T02:45:00Z,2026-07-18T04:45:00+0200,137.99,EUR/MWh,NL,NL,imbalance_price,Short,2026-08-06T05:38:50Z
2026-08-06T05:35:55Z,2026-08-06T07:35:55+0200,c3feb7e2-8675-4f7f-be40-2d97c558df74,2026-07-18T03:00:00Z,2026-07-18T05:00:00+0200,117.5,EUR/MWh,NL,NL,imbalance_price,Long,2026-08-06T05:38:50Z
2026-08-06T05:35:55Z,2026-08-06T07:35:55+0200,c3feb7e2-8675-4f7f-be40-2d97c558df74,2026-07-18T03:00:00Z,2026-07-18T05:00:00+0200,128.09,EUR/MWh,NL,NL,imbalance_price,Short,2026-08-06T05:38:50Z
2026-08-06T05:35:55Z,2026-08-06T07:35:55+0200,c3feb7e2-8675-4f7f-be40-2d97c558df74,2026-07-18T03:15:00Z,2026-07-18T05:15:00+0200,90.89,EUR/MWh,NL,NL,imbalance_price,Long,2026-08-06T05:38:50Z
2026-08-06T05:35:55Z,2026-08-06T07:35:55+0200,c3feb7e2-8675-4f7f-be40-2d97c558df74,2026-07-18T03:15:00Z,2026-07-18T05:15:00+0200,90.89,EUR/MWh,NL,NL,imbalance_price,Short,2026-08-06T05:38:50Z
2026-08-06T05:35:55Z,2026-08-06T07:35:55+0200,c3feb7e2-8675-4f7f-be40-2d97c558df74,2026-07-18T03:30:00Z,2026-07-18T05:30:00+0200,53.22,EUR/MWh,NL,NL,imbalance_price,Long,2026-08-06T05:38:50Z
2026-08-06T05:35:55Z,2026-08-06T07:35:55+0200,c3feb7e2-8675-4f7f-be40-2d97c558df74,2026-07-18T03:30:00Z,2026-07-18T05:30:00+0200,53.22,EUR/MWh,NL,NL,imbalance_price,Short,2026-08-06T05:38:50Z
2026-08-06T05:35:55Z,2026-08-06T07:35:55+0200,c3feb7e2-8675-4f7f-be40-2d97c558df74,2026-07-18T03:45:00Z,2026-07-18T05:45:00+0200,66.74,EUR/MWh,NL,NL,imbalance_price,Long,2026-08-06T05:38:50Z
2026-08-06T05:35:55Z,2026-08-06T07:35:55+0200,c3feb7e2-8675-4f7f-be40-2d97c558df74,2026-07-18T03:45:00Z,2026-07-18T05:45:00+0200,66.74,EUR/MWh,NL,NL,imbalance_price,Short,2026-08-06T05:38:50Z
2026-08-06T05:35:55Z,2026-08-06T07:35:55+0200,c3feb7e2-8675-4f7f-be40-2d97c558df74,2026-07-18T04:00:00Z,2026-07-18T06:00:00+0200,102.0,EUR/MWh,NL,NL,imbalance_price,Long,2026-08-06T05:38:50Z
2026-08-06T05:35:55Z,2026-08-06T07:35:55+0200,c3feb7e2-8675-4f7f-be40-2d97c558df74,2026-07-18T04:00:00Z,2026-07-18T06:00:00+0200,124.68,EUR/MWh,NL,NL,imbalance_price,Short,2026-08-06T05:38:50Z
2026-08-06T05:35:55Z,2026-08-06T07:35:55+0200,c3feb7e2-8675-4f7f-be40-2d97c558df74,2026-07-18T04:15:00Z,2026-07-18T06:15:00+0200,90.89,EUR/MWh,NL,NL,imbalance_price,Long,2026-08-06T05:38:50Z
2026-08-06T05:35:55Z,2026-08-06T07:35:55+0200,c3feb7e2-8675-4f7f-be40-2d97c558df74,2026-07-18T04:15:00Z,2026-07-18T06:15:00+0200,90.89,EUR/MWh,NL,NL,imbalance_price,Short,2026-08-06T05:38:50Z
2026-08-06T05:35:55Z,2026-08-06T07:35:55+0200,c3feb7e2-8675-4f7f-be40-2d97c558df74,2026-07-18T04:30:00Z,2026-07-18T06:30:00+0200,102.0,EUR/MWh,NL,NL,imbalance_price,Long,2026-08-06T05:38:50Z
2026-08-06T05:35:55Z,2026-08-06T07:35:55+0200,c3feb7e2-8675-4f7f-be40-2d97c558df74,2026-07-18T04:30:00Z,2026-07-18T06:30:00+0200,102.0,EUR/MWh,NL,NL,imbalance_price,Short,2026-08-06T05:38:50Z
2026-08-06T05:35:55Z,2026-08-06T07:35:55+0200,c3feb7e2-8675-4f7f-be40-2d97c558df74,2026-07-18T04:45:00Z,2026-07-18T06:45:00+0200,90.99,EUR/MWh,NL,NL,imbalance_price,Long,2026-08-06T05:38:50Z
2026-08-06T05:35:55Z,2026-08-06T07:35:55+0200,c3feb7e2-8675-4f7f-be40-2d97c558df74,2026-07-18T04:45:00Z,2026-07-18T06:45:00+0200,90.99,EUR/MWh,NL,NL,imbalance_price,Short,2026-08-06T05:38:50Z
2026-08-06T05:35:55Z,2026-08-06T07:35:55+0200,c3feb7e2-8675-4f7f-be40-2d97c558df74,2026-07-18T05:00:00Z,2026-07-18T07:00:00+0200,97.55,EUR/MWh,NL,NL,imbalance_price,Long,2026-08-06T05:38:50Z
2026-08-06T05:35:55Z,2026-08-06T07:35:55+0200,c3feb7e2-8675-4f7f-be40-2d97c558df74,2026-07-18T05:00:00Z,2026-07-18T07:00:00+0200,106.52,EUR/MWh,NL,NL,imbalance_price,Short,2026-08-06T05:38:50Z
2026-08-06T05:35:55Z,2026-08-06T07:35:55+0200,c3feb7e2-8675-4f7f-be40-2d97c558df74,2026-07-18T05:15:00Z,2026-07-18T07:15:00+0200,90.89,EUR/MWh,NL,NL,imbalance_price,Long,2026-08-06T05:38:50Z
2026-08-06T05:35:55Z,2026-08-06T07:35:55+0200,c3feb7e2-8675-4f7f-be40-2d97c558df74,2026-07-18T05:15:00Z,2026-07-18T07:15:00+0200,127.99,EUR/MWh,NL,NL,imbalance_price,Short,2026-08-06T05:38:50Z
2026-08-06T05:35:55Z,2026-08-06T07:35:55+0200,c3feb7e2-8675-4f7f-be40-2d97c558df74,2026-07-18T05:30:00Z,2026-07-18T07:30:00+0200,132.5,EUR/MWh,NL,NL,imbalance_price,Long,2026-08-06T05:38:50Z
2026-08-06T05:35:55Z,2026-08-06T07:35:55+0200,c3feb7e2-8675-4f7f-be40-2d97c558df74,2026-07-18T05:30:00Z,2026-07-18T07:30:00+0200,132.5,EUR/MWh,NL,NL,imbalance_price,Short,2026-08-06T05:38:50Z
2026-08-06T05:35:55Z,2026-08-06T07:35:55+0200,c3feb7e2-8675-4f7f-be40-2d97c558df74,2026-07-18T05:45:00Z,2026-07-18T07:45:00+0200,126.62,EUR/MWh,NL,NL,imbalance_price,Long,2026-08-06T05:38:50Z
2026-08-06T05:35:55Z,2026-08-06T07:35:55+0200,c3feb7e2-8675-4f7f-be40-2d97c558df74,2026-07-18T05:45:00Z,2026-07-18T07:45:00+0200,126.62,EUR/MWh,NL,NL,imbalance_price,Short,2026-08-06T05:38:50Z
2026-08-06T05:35:55Z,2026-08-06T07:35:55+0200,c3feb7e2-8675-4f7f-be40-2d97c558df74,2026-07-18T06:00:00Z,2026-07-18T08:00:00+0200,16.0,EUR/MWh,NL,NL,imbalance_price,Long,2026-08-06T05:38:50Z
2026-08-06T05:35:55Z,2026-08-06T07:35:55+0200,c3feb7e2-8675-4f7f-be40-2d97c558df74,2026-07-18T06:00:00Z,2026-07-18T08:00:00+0200,133.7,EUR/MWh,NL,NL,imbalance_price,Short,2026-08-06T05:38:50Z
2026-08-06T05:35:55Z,2026-08-06T07:35:55+0200,c3feb7e2-8675-4f7f-be40-2d97c558df74,2026-07-18T06:15:00Z,2026-07-18T08:15:00+0200,110.99,EUR/MWh,NL,NL,imbalance_price,Long,2026-08-06T05:38:50Z
2026-08-06T05:35:55Z,2026-08-06T07:35:55+0200,c3feb7e2-8675-4f7f-be40-2d97c558df74,2026-07-18T06:15:00Z,2026-07-18T08:15:00+0200,156.0,EUR/MWh,NL,NL,imbalance_price,Short,2026-08-06T05:38:50Z
2026-08-06T05:35:55Z,2026-08-06T07:35:55+0200,c3feb7e2-8675-4f7f-be40-2d97c558df74,2026-07-18T06:30:00Z,2026-07-18T08:30:00+0200,16.0,EUR/MWh,NL,NL,imbalance_price,Long,2026-08-06T05:38:50Z
2026-08-06T05:35:55Z,2026-08-06T07:35:55+0200,c3feb7e2-8675-4f7f-be40-2d97c558df74,2026-07-18T06:30:00Z,2026-07-18T08:30:00+0200,16.0,EUR/MWh,NL,NL,imbalance_price,Short,2026-08-06T05:38:50Z
2026-08-06T05:35:55Z,2026-08-06T07:35:55+0200,c3feb7e2-8675-4f7f-be40-2d97c558df74,2026-07-18T06:45:00Z,2026-07-18T08:45:00+0200,22.2,EUR/MWh,NL,NL,imbalance_price,Long,2026-08-06T05:38:50Z
2026-08-06T05:35:55Z,2026-08-06T07:35:55+0200,c3feb7e2-8675-4f7f-be40-2d97c558df74,2026-07-18T06:45:00Z,2026-07-18T08:45:00+0200,120.0,EUR/MWh,NL,NL,imbalance_price,Short,2026-08-06T05:38:50Z
2026-08-06T05:35:55Z,2026-08-06T07:35:55+0200,c3feb7e2-8675-4f7f-be40-2d97c558df74,2026-07-18T07:00:00Z,2026-07-18T09:00:00+0200,111.78,EUR/MWh,NL,NL,imbalance_price,Long,2026-08-06T05:38:50Z
2026-08-06T05:35:55Z,2026-08-06T07:35:55+0200,c3feb7e2-8675-4f7f-be40-2d97c558df74,2026-07-18T07:00:00Z,2026-07-18T09:00:00+0200,150.0,EUR/MWh,NL,NL,imbalance_price,Short,2026-08-06T05:38:50Z
2026-08-06T05:35:55Z,2026-08-06T07:35:55+0200,c3feb7e2-8675-4f7f-be40-2d97c558df74,2026-07-18T07:15:00Z,2026-07-18T09:15:00+0200,90.0,EUR/MWh,NL,NL,imbalance_price,Long,2026-08-06T05:38:50Z
2026-08-06T05:35:55Z,2026-08-06T07:35:55+0200,c3feb7e2-8675-4f7f-be40-2d97c558df74,2026-07-18T07:15:00Z,2026-07-18T09:15:00+0200,144.0,EUR/MWh,NL,NL,imbalance_price,Short,2026-08-06T05:38:50Z
2026-08-06T05:35:55Z,2026-08-06T07:35:55+0200,c3feb7e2-8675-4f7f-be40-2d97c558df74,2026-07-18T07:30:00Z,2026-07-18T09:30:00+0200,90.0,EUR/MWh,NL,NL,imbalance_price,Long,2026-08-06T05:38:50Z
2026-08-06T05:35:55Z,2026-08-06T07:35:55+0200,c3feb7e2-8675-4f7f-be40-2d97c558df74,2026-07-18T07:30:00Z,2026-07-18T09:30:00+0200,120.0,EUR/MWh,NL,NL,imbalance_price,Short,2026-08-06T05:38:50Z
2026-08-06T05:35:55Z,2026-08-06T07:35:55+0200,c3feb7e2-8675-4f7f-be40-2d97c558df74,2026-07-18T07:45:00Z,2026-07-18T09:45:00+0200,90.76,EUR/MWh,NL,NL,imbalance_price,Long,2026-08-06T05:38:50Z
2026-08-06T05:35:55Z,2026-08-06T07:35:55+0200,c3feb7e2-8675-4f7f-be40-2d97c558df74,2026-07-18T07:45:00Z,2026-07-18T09:45:00+0200,127.99,EUR/MWh,NL,NL,imbalance_price,Short,2026-08-06T05:38:50Z
2026-08-06T05:35:55Z,2026-08-06T07:35:55+0200,c3feb7e2-8675-4f7f-be40-2d97c558df74,2026-07-18T08:00:00Z,2026-07-18T10:00:00+0200,160.0,EUR/MWh,NL,NL,imbalance_price,Long,2026-08-06T05:38:50Z
2026-08-06T05:35:55Z,2026-08-06T07:35:55+0200,c3feb7e2-8675-4f7f-be40-2d97c558df74,2026-07-18T08:00:00Z,2026-07-18T10:00:00+0200,160.0,EUR/MWh,NL,NL,imbalance_price,Short,2026-08-06T05:38:50Z
2026-08-06T05:35:55Z,2026-08-06T07:35:55+0200,c3feb7e2-8675-4f7f-be40-2d97c558df74,2026-07-18T08:15:00Z,2026-07-18T10:15:00+0200,200.0,EUR/MWh,NL,NL,imbalance_price,Long,2026-08-06T05:38:50Z
2026-08-06T05:35:55Z,2026-08-06T07:35:55+0200,c3feb7e2-8675-4f7f-be40-2d97c558df74,2026-07-18T08:15:00Z,2026-07-18T10:15:00+0200,200.0,EUR/MWh,NL,NL,imbalance_price,Short,2026-08-06T05:38:50Z
2026-08-06T05:35:55Z,2026-08-06T07:35:55+0200,c3feb7e2-8675-4f7f-be40-2d97c558df74,2026-07-18T08:30:00Z,2026-07-18T10:30:00+0200,166.0,EUR/MWh,NL,NL,imbalance_price,Long,2026-08-06T05:38:50Z
2026-08-06T05:35:55Z,2026-08-06T07:35:55+0200,c3feb7e2-8675-4f7f-be40-2d97c558df74,2026-07-18T08:30:00Z,2026-07-18T10:30:00+0200,166.0,EUR/MWh,NL,NL,imbalance_price,Short,2026-08-06T05:38:50Z
2026-08-06T05:35:55Z,2026-08-06T07:35:55+0200,c3feb7e2-8675-4f7f-be40-2d97c558df74,2026-07-18T08:45:00Z,2026-07-18T10:45:00+0200,126.4,EUR/MWh,NL,NL,imbalance_price,Long,2026-08-06T05:38:50Z
2026-08-06T05:35:55Z,2026-08-06T07:35:55+0200,c3feb7e2-8675-4f7f-be40-2d97c558df74,2026-07-18T08:45:00Z,2026-07-18T10:45:00+0200,126.4,EUR/MWh,NL,NL,imbalance_price,Short,2026-08-06T05:38:50Z
2026-08-06T05:35:55Z,2026-08-06T07:35:55+0200,c3feb7e2-8675-4f7f-be40-2d97c558df74,2026-07-18T09:00:00Z,2026-07-18T11:00:00+0200,127.99,EUR/MWh,NL,NL,imbalance_price,Long,2026-08-06T05:38:50Z
2026-08-06T05:35:55Z,2026-08-06T07:35:55+0200,c3feb7e2-8675-4f7f-be40-2d97c558df74,2026-07-18T09:00:00Z,2026-07-18T11:00:00+0200,127.99,EUR/MWh,NL,NL,imbalance_price,Short,2026-08-06T05:38:50Z
2026-08-06T05:35:55Z,2026-08-06T07:35:55+0200,c3feb7e2-8675-4f7f-be40-2d97c558df74,2026-07-18T09:15:00Z,2026-07-18T11:15:00+0200,127.99,EUR/MWh,NL,NL,imbalance_price,Long,2026-08-06T05:38:50Z
2026-08-06T05:35:55Z,2026-08-06T07:35:55+0200,c3feb7e2-8675-4f7f-be40-2d97c558df74,2026-07-18T09:15:00Z,2026-07-18T11:15:00+0200,127.99,EUR/MWh,NL,NL,imbalance_price,Short,2026-08-06T05:38:50Z
2026-08-06T05:35:55Z,2026-08-06T07:35:55+0200,c3feb7e2-8675-4f7f-be40-2d97c558df74,2026-07-18T09:30:00Z,2026-07-18T11:30:00+0200,75.5,EUR/MWh,NL,NL,imbalance_price,Long,2026-08-06T05:38:50Z
2026-08-06T05:35:55Z,2026-08-06T07:35:55+0200,c3feb7e2-8675-4f7f-be40-2d97c558df74,2026-07-18T09:30:00Z,2026-07-18T11:30:00+0200,141.4,EUR/MWh,NL,NL,imbalance_price,Short,2026-08-06T05:38:50Z
2026-08-06T05:35:55Z,2026-08-06T07:35:55+0200,c3feb7e2-8675-4f7f-be40-2d97c558df74,2026-07-18T09:45:00Z,2026-07-18T11:45:00+0200,-4.0,EUR/MWh,NL,NL,imbalance_price,Long,2026-08-06T05:38:50Z
2026-08-06T05:35:55Z,2026-08-06T07:35:55+0200,c3feb7e2-8675-4f7f-be40-2d97c558df74,2026-07-18T09:45:00Z,2026-07-18T11:45:00+0200,75.5,EUR/MWh,NL,NL,imbalance_price,Short,2026-08-06T05:38:50Z
2026-08-06T05:35:55Z,2026-08-06T07:35:55+0200,c3feb7e2-8675-4f7f-be40-2d97c558df74,2026-07-18T10:00:00Z,2026-07-18T12:00:00+0200,5.0,EUR/MWh,NL,NL,imbalance_price,Long,2026-08-06T05:38:50Z
2026-08-06T05:35:55Z,2026-08-06T07:35:55+0200,c3feb7e2-8675-4f7f-be40-2d97c558df74,2026-07-18T10:00:00Z,2026-07-18T12:00:00+0200,75.5,EUR/MWh,NL,NL,imbalance_price,Short,2026-08-06T05:38:50Z
2026-08-06T05:35:55Z,2026-08-06T07:35:55+0200,c3feb7e2-8675-4f7f-be40-2d97c558df74,2026-07-18T10:15:00Z,2026-07-18T12:15:00+0200,5.0,EUR/MWh,NL,NL,imbalance_price,Long,2026-08-06T05:38:50Z
2026-08-06T05:35:55Z,2026-08-06T07:35:55+0200,c3feb7e2-8675-4f7f-be40-2d97c558df74,2026-07-18T10:15:00Z,2026-07-18T12:15:00+0200,75.5,EUR/MWh,NL,NL,imbalance_price,Short,2026-08-06T05:38:50Z
2026-08-06T05:35:55Z,2026-08-06T07:35:55+0200,c3feb7e2-8675-4f7f-be40-2d97c558df74,2026-07-18T10:30:00Z,2026-07-18T12:30:00+0200,10.0,EUR/MWh,NL,NL,imbalance_price,Long,2026-08-06T05:38:50Z
2026-08-06T05:35:55Z,2026-08-06T07:35:55+0200,c3feb7e2-8675-4f7f-be40-2d97c558df74,2026-07-18T10:30:00Z,2026-07-18T12:30:00+0200,10.0,EUR/MWh,NL,NL,imbalance_price,Short,2026-08-06T05:38:50Z
2026-08-06T05:35:55Z,2026-08-06T07:35:55+0200,c3feb7e2-8675-4f7f-be40-2d97c558df74,2026-07-18T10:45:00Z,2026-07-18T12:45:00+0200,-5.0,EUR/MWh,NL,NL,imbalance_price,Long,2026-08-06T05:38:50Z
2026-08-06T05:35:55Z,2026-08-06T07:35:55+0200,c3feb7e2-8675-4f7f-be40-2d97c558df74,2026-07-18T10:45:00Z,2026-07-18T12:45:00+0200,-5.0,EUR/MWh,NL,NL,imbalance_price,Short,2026-08-06T05:38:50Z
2026-08-06T05:35:55Z,2026-08-06T07:35:55+0200,c3feb7e2-8675-4f7f-be40-2d97c558df74,2026-07-18T11:00:00Z,2026-07-18T13:00:00+0200,-4.0,EUR/MWh,NL,NL,imbalance_price,Long,2026-08-06T05:38:50Z
2026-08-06T05:35:55Z,2026-08-06T07:35:55+0200,c3feb7e2-8675-4f7f-be40-2d97c558df74,2026-07-18T11:00:00Z,2026-07-18T13:00:00+0200,-4.0,EUR/MWh,NL,NL,imbalance_price,Short,2026-08-06T05:38:50Z
2026-08-06T05:35:55Z,2026-08-06T07:35:55+0200,c3feb7e2-8675-4f7f-be40-2d97c558df74,2026-07-18T11:15:00Z,2026-07-18T13:15:00+0200,-4.0,EUR/MWh,NL,NL,imbalance_price,Long,2026-08-06T05:38:50Z
2026-08-06T05:35:55Z,2026-08-06T07:35:55+0200,c3feb7e2-8675-4f7f-be40-2d97c558df74,2026-07-18T11:15:00Z,2026-07-18T13:15:00+0200,-4.0,EUR/MWh,NL,NL,imbalance_price,Short,2026-08-06T05:38:50Z
2026-08-06T05:35:55Z,2026-08-06T07:35:55+0200,c3feb7e2-8675-4f7f-be40-2d97c558df74,2026-07-18T11:30:00Z,2026-07-18T13:30:00+0200,-25.0,EUR/MWh,NL,NL,imbalance_price,Long,2026-08-06T05:38:50Z
2026-08-06T05:35:55Z,2026-08-06T07:35:55+0200,c3feb7e2-8675-4f7f-be40-2d97c558df74,2026-07-18T11:30:00Z,2026-07-18T13:30:00+0200,-25.0,EUR/MWh,NL,NL,imbalance_price,Short,2026-08-06T05:38:50Z
2026-08-06T05:35:55Z,2026-08-06T07:35:55+0200,c3feb7e2-8675-4f7f-be40-2d97c558df74,2026-07-18T11:45:00Z,2026-07-18T13:45:00+0200,-0.01,EUR/MWh,NL,NL,imbalance_price,Long,2026-08-06T05:38:50Z
2026-08-06T05:35:55Z,2026-08-06T07:35:55+0200,c3feb7e2-8675-4f7f-be40-2d97c558df74,2026-07-18T11:45:00Z,2026-07-18T13:45:00+0200,-0.01,EUR/MWh,NL,NL,imbalance_price,Short,2026-08-06T05:38:50Z
2026-08-06T05:35:55Z,2026-08-06T07:35:55+0200,c3feb7e2-8675-4f7f-be40-2d97c558df74,2026-07-18T12:00:00Z,2026-07-18T14:00:00+0200,-5.0,EUR/MWh,NL,NL,imbalance_price,Long,2026-08-06T05:38:50Z
2026-08-06T05:35:55Z,2026-08-06T07:35:55+0200,c3feb7e2-8675-4f7f-be40-2d97c558df74,2026-07-18T12:00:00Z,2026-07-18T14:00:00+0200,75.5,EUR/MWh,NL,NL,imbalance_price,Short,2026-08-06T05:38:50Z
2026-08-06T05:35:55Z,2026-08-06T07:35:55+0200,c3feb7e2-8675-4f7f-be40-2d97c558df74,2026-07-18T12:15:00Z,2026-07-18T14:15:00+0200,10.0,EUR/MWh,NL,NL,imbalance_price,Long,2026-08-06T05:38:50Z
2026-08-06T05:35:55Z,2026-08-06T07:35:55+0200,c3feb7e2-8675-4f7f-be40-2d97c558df74,2026-07-18T12:15:00Z,2026-07-18T14:15:00+0200,75.5,EUR/MWh,NL,NL,imbalance_price,Short,2026-08-06T05:38:50Z
2026-08-06T05:35:55Z,2026-08-06T07:35:55+0200,c3feb7e2-8675-4f7f-be40-2d97c558df74,2026-07-18T12:30:00Z,2026-07-18T14:30:00+0200,-4.0,EUR/MWh,NL,NL,imbalance_price,Long,2026-08-06T05:38:50Z
2026-08-06T05:35:55Z,2026-08-06T07:35:55+0200,c3feb7e2-8675-4f7f-be40-2d97c558df74,2026-07-18T12:30:00Z,2026-07-18T14:30:00+0200,75.5,EUR/MWh,NL,NL,imbalance_price,Short,2026-08-06T05:38:50Z
2026-08-06T05:35:55Z,2026-08-06T07:35:55+0200,c3feb7e2-8675-4f7f-be40-2d97c558df74,2026-07-18T12:45:00Z,2026-07-18T14:45:00+0200,-54.17,EUR/MWh,NL,NL,imbalance_price,Long,2026-08-06T05:38:50Z
2026-08-06T05:35:55Z,2026-08-06T07:35:55+0200,c3feb7e2-8675-4f7f-be40-2d97c558df74,2026-07-18T12:45:00Z,2026-07-18T14:45:00+0200,86.89,EUR/MWh,NL,NL,imbalance_price,Short,2026-08-06T05:38:50Z
2026-08-06T05:35:55Z,2026-08-06T07:35:55+0200,c3feb7e2-8675-4f7f-be40-2d97c558df74,2026-07-18T13:00:00Z,2026-07-18T15:00:00+0200,10.0,EUR/MWh,NL,NL,imbalance_price,Long,2026-08-06T05:38:50Z
2026-08-06T05:35:55Z,2026-08-06T07:35:55+0200,c3feb7e2-8675-4f7f-be40-2d97c558df74,2026-07-18T13:00:00Z,2026-07-18T15:00:00+0200,75.5,EUR/MWh,NL,NL,imbalance_price,Short,2026-08-06T05:38:50Z
2026-08-06T05:35:55Z,2026-08-06T07:35:55+0200,c3feb7e2-8675-4f7f-be40-2d97c558df74,2026-07-18T13:15:00Z,2026-07-18T15:15:00+0200,-4.0,EUR/MWh,NL,NL,imbalance_price,Long,2026-08-06T05:38:50Z
2026-08-06T05:35:55Z,2026-08-06T07:35:55+0200,c3feb7e2-8675-4f7f-be40-2d97c558df74,2026-07-18T13:15:00Z,2026-07-18T15:15:00+0200,75.5,EUR/MWh,NL,NL,imbalance_price,Short,2026-08-06T05:38:50Z
2026-08-06T05:35:55Z,2026-08-06T07:35:55+0200,c3feb7e2-8675-4f7f-be40-2d97c558df74,2026-07-18T13:30:00Z,2026-07-18T15:30:00+0200,10.0,EUR/MWh,NL,NL,imbalance_price,Long,2026-08-06T05:38:50Z
2026-08-06T05:35:55Z,2026-08-06T07:35:55+0200,c3feb7e2-8675-4f7f-be40-2d97c558df74,2026-07-18T13:30:00Z,2026-07-18T15:30:00+0200,10.0,EUR/MWh,NL,NL,imbalance_price,Short,2026-08-06T05:38:50Z
2026-08-06T05:35:55Z,2026-08-06T07:35:55+0200,c3feb7e2-8675-4f7f-be40-2d97c558df74,2026-07-18T13:45:00Z,2026-07-18T15:45:00+0200,-11.14,EUR/MWh,NL,NL,imbalance_price,Long,2026-08-06T05:38:50Z
2026-08-06T05:35:55Z,2026-08-06T07:35:55+0200,c3feb7e2-8675-4f7f-be40-2d97c558df74,2026-07-18T13:45:00Z,2026-07-18T15:45:00+0200,78.25,EUR/MWh,NL,NL,imbalance_price,Short,2026-08-06T05:38:50Z
2026-08-06T05:35:55Z,2026-08-06T07:35:55+0200,c3feb7e2-8675-4f7f-be40-2d97c558df74,2026-07-18T14:00:00Z,2026-07-18T16:00:00+0200,10.0,EUR/MWh,NL,NL,imbalance_price,Long,2026-08-06T05:38:50Z
2026-08-06T05:35:55Z,2026-08-06T07:35:55+0200,c3feb7e2-8675-4f7f-be40-2d97c558df74,2026-07-18T14:00:00Z,2026-07-18T16:00:00+0200,10.0,EUR/MWh,NL,NL,imbalance_price,Short,2026-08-06T05:38:50Z
2026-08-06T05:35:55Z,2026-08-06T07:35:55+0200,c3feb7e2-8675-4f7f-be40-2d97c558df74,2026-07-18T14:15:00Z,2026-07-18T16:15:00+0200,1.99,EUR/MWh,NL,NL,imbalance_price,Long,2026-08-06T05:38:50Z
2026-08-06T05:35:55Z,2026-08-06T07:35:55+0200,c3feb7e2-8675-4f7f-be40-2d97c558df74,2026-07-18T14:15:00Z,2026-07-18T16:15:00+0200,1.99,EUR/MWh,NL,NL,imbalance_price,Short,2026-08-06T05:38:50Z
2026-08-06T05:35:55Z,2026-08-06T07:35:55+0200,c3feb7e2-8675-4f7f-be40-2d97c558df74,2026-07-18T14:30:00Z,2026-07-18T16:30:00+0200,4.02,EUR/MWh,NL,NL,imbalance_price,Long,2026-08-06T05:38:50Z
2026-08-06T05:35:55Z,2026-08-06T07:35:55+0200,c3feb7e2-8675-4f7f-be40-2d97c558df74,2026-07-18T14:30:00Z,2026-07-18T16:30:00+0200,4.02,EUR/MWh,NL,NL,imbalance_price,Short,2026-08-06T05:38:50Z
2026-08-06T05:35:55Z,2026-08-06T07:35:55+0200,c3feb7e2-8675-4f7f-be40-2d97c558df74,2026-07-18T14:45:00Z,2026-07-18T16:45:00+0200,12.0,EUR/MWh,NL,NL,imbalance_price,Long,2026-08-06T05:38:50Z
2026-08-06T05:35:55Z,2026-08-06T07:35:55+0200,c3feb7e2-8675-4f7f-be40-2d97c558df74,2026-07-18T14:45:00Z,2026-07-18T16:45:00+0200,75.5,EUR/MWh,NL,NL,imbalance_price,Short,2026-08-06T05:38:50Z
2026-08-06T05:35:55Z,2026-08-06T07:35:55+0200,c3feb7e2-8675-4f7f-be40-2d97c558df74,2026-07-18T15:00:00Z,2026-07-18T17:00:00+0200,12.0,EUR/MWh,NL,NL,imbalance_price,Long,2026-08-06T05:38:50Z
2026-08-06T05:35:55Z,2026-08-06T07:35:55+0200,c3feb7e2-8675-4f7f-be40-2d97c558df74,2026-07-18T15:00:00Z,2026-07-18T17:00:00+0200,92.6,EUR/MWh,NL,NL,imbalance_price,Short,2026-08-06T05:38:50Z
2026-08-06T05:35:55Z,2026-08-06T07:35:55+0200,c3feb7e2-8675-4f7f-be40-2d97c558df74,2026-07-18T15:15:00Z,2026-07-18T17:15:00+0200,160.0,EUR/MWh,NL,NL,imbalance_price,Long,2026-08-06T05:38:50Z
2026-08-06T05:35:55Z,2026-08-06T07:35:55+0200,c3feb7e2-8675-4f7f-be40-2d97c558df74,2026-07-18T15:15:00Z,2026-07-18T17:15:00+0200,160.0,EUR/MWh,NL,NL,imbalance_price,Short,2026-08-06T05:38:50Z
2026-08-06T05:35:55Z,2026-08-06T07:35:55+0200,c3feb7e2-8675-4f7f-be40-2d97c558df74,2026-07-18T15:30:00Z,2026-07-18T17:30:00+0200,153.1,EUR/MWh,NL,NL,imbalance_price,Long,2026-08-06T05:38:50Z
2026-08-06T05:35:55Z,2026-08-06T07:35:55+0200,c3feb7e2-8675-4f7f-be40-2d97c558df74,2026-07-18T15:30:00Z,2026-07-18T17:30:00+0200,153.1,EUR/MWh,NL,NL,imbalance_price,Short,2026-08-06T05:38:50Z
2026-08-06T05:35:55Z,2026-08-06T07:35:55+0200,c3feb7e2-8675-4f7f-be40-2d97c558df74,2026-07-18T15:45:00Z,2026-07-18T17:45:00+0200,160.0,EUR/MWh,NL,NL,imbalance_price,Long,2026-08-06T05:38:50Z
2026-08-06T05:35:55Z,2026-08-06T07:35:55+0200,c3feb7e2-8675-4f7f-be40-2d97c558df74,2026-07-18T15:45:00Z,2026-07-18T17:45:00+0200,160.0,EUR/MWh,NL,NL,imbalance_price,Short,2026-08-06T05:38:50Z
2026-08-06T05:35:55Z,2026-08-06T07:35:55+0200,c3feb7e2-8675-4f7f-be40-2d97c558df74,2026-07-18T16:00:00Z,2026-07-18T18:00:00+0200,138.74,EUR/MWh,NL,NL,imbalance_price,Long,2026-08-06T05:38:50Z
2026-08-06T05:35:55Z,2026-08-06T07:35:55+0200,c3feb7e2-8675-4f7f-be40-2d97c558df74,2026-07-18T16:00:00Z,2026-07-18T18:00:00+0200,138.74,EUR/MWh,NL,NL,imbalance_price,Short,2026-08-06T05:38:50Z
2026-08-06T05:35:55Z,2026-08-06T07:35:55+0200,c3feb7e2-8675-4f7f-be40-2d97c558df74,2026-07-18T16:15:00Z,2026-07-18T18:15:00+0200,12.0,EUR/MWh,NL,NL,imbalance_price,Long,2026-08-06T05:38:50Z
2026-08-06T05:35:55Z,2026-08-06T07:35:55+0200,c3feb7e2-8675-4f7f-be40-2d97c558df74,2026-07-18T16:15:00Z,2026-07-18T18:15:00+0200,120.0,EUR/MWh,NL,NL,imbalance_price,Short,2026-08-06T05:38:50Z
2026-08-06T05:35:55Z,2026-08-06T07:35:55+0200,c3feb7e2-8675-4f7f-be40-2d97c558df74,2026-07-18T16:30:00Z,2026-07-18T18:30:00+0200,-10.0,EUR/MWh,NL,NL,imbalance_price,Long,2026-08-06T05:38:50Z
2026-08-06T05:35:55Z,2026-08-06T07:35:55+0200,c3feb7e2-8675-4f7f-be40-2d97c558df74,2026-07-18T16:30:00Z,2026-07-18T18:30:00+0200,130.53,EUR/MWh,NL,NL,imbalance_price,Short,2026-08-06T05:38:50Z
2026-08-06T05:35:55Z,2026-08-06T07:35:55+0200,c3feb7e2-8675-4f7f-be40-2d97c558df74,2026-07-18T16:45:00Z,2026-07-18T18:45:00+0200,140.0,EUR/MWh,NL,NL,imbalance_price,Long,2026-08-06T05:38:50Z
2026-08-06T05:35:55Z,2026-08-06T07:35:55+0200,c3feb7e2-8675-4f7f-be40-2d97c558df74,2026-07-18T16:45:00Z,2026-07-18T18:45:00+0200,140.0,EUR/MWh,NL,NL,imbalance_price,Short,2026-08-06T05:38:50Z
2026-08-06T05:35:55Z,2026-08-06T07:35:55+0200,c3feb7e2-8675-4f7f-be40-2d97c558df74,2026-07-18T17:00:00Z,2026-07-18T19:00:00+0200,150.0,EUR/MWh,NL,NL,imbalance_price,Long,2026-08-06T05:38:50Z
2026-08-06T05:35:55Z,2026-08-06T07:35:55+0200,c3feb7e2-8675-4f7f-be40-2d97c558df74,2026-07-18T17:00:00Z,2026-07-18T19:00:00+0200,150.0,EUR/MWh,NL,NL,imbalance_price,Short,2026-08-06T05:38:50Z
2026-08-06T05:35:55Z,2026-08-06T07:35:55+0200,c3feb7e2-8675-4f7f-be40-2d97c558df74,2026-07-18T17:15:00Z,2026-07-18T19:15:00+0200,143.26,EUR/MWh,NL,NL,imbalance_price,Long,2026-08-06T05:38:50Z
2026-08-06T05:35:55Z,2026-08-06T07:35:55+0200,c3feb7e2-8675-4f7f-be40-2d97c558df74,2026-07-18T17:15:00Z,2026-07-18T19:15:00+0200,143.26,EUR/MWh,NL,NL,imbalance_price,Short,2026-08-06T05:38:50Z
2026-08-06T05:35:55Z,2026-08-06T07:35:55+0200,c3feb7e2-8675-4f7f-be40-2d97c558df74,2026-07-18T17:30:00Z,2026-07-18T19:30:00+0200,138.64,EUR/MWh,NL,NL,imbalance_price,Long,2026-08-06T05:38:50Z
2026-08-06T05:35:55Z,2026-08-06T07:35:55+0200,c3feb7e2-8675-4f7f-be40-2d97c558df74,2026-07-18T17:30:00Z,2026-07-18T19:30:00+0200,138.64,EUR/MWh,NL,NL,imbalance_price,Short,2026-08-06T05:38:50Z
2026-08-06T05:35:55Z,2026-08-06T07:35:55+0200,c3feb7e2-8675-4f7f-be40-2d97c558df74,2026-07-18T17:45:00Z,2026-07-18T19:45:00+0200,133.7,EUR/MWh,NL,NL,imbalance_price,Long,2026-08-06T05:38:50Z
2026-08-06T05:35:55Z,2026-08-06T07:35:55+0200,c3feb7e2-8675-4f7f-be40-2d97c558df74,2026-07-18T17:45:00Z,2026-07-18T19:45:00+0200,133.7,EUR/MWh,NL,NL,imbalance_price,Short,2026-08-06T05:38:50Z
2026-08-06T05:35:55Z,2026-08-06T07:35:55+0200,c3feb7e2-8675-4f7f-be40-2d97c558df74,2026-07-18T18:00:00Z,2026-07-18T20:00:00+0200,127.99,EUR/MWh,NL,NL,imbalance_price,Long,2026-08-06T05:38:50Z
2026-08-06T05:35:55Z,2026-08-06T07:35:55+0200,c3feb7e2-8675-4f7f-be40-2d97c558df74,2026-07-18T18:00:00Z,2026-07-18T20:00:00+0200,127.99,EUR/MWh,NL,NL,imbalance_price,Short,2026-08-06T05:38:50Z
2026-08-06T05:35:55Z,2026-08-06T07:35:55+0200,c3feb7e2-8675-4f7f-be40-2d97c558df74,2026-07-18T18:15:00Z,2026-07-18T20:15:00+0200,126.4,EUR/MWh,NL,NL,imbalance_price,Long,2026-08-06T05:38:50Z
2026-08-06T05:35:55Z,2026-08-06T07:35:55+0200,c3feb7e2-8675-4f7f-be40-2d97c558df74,2026-07-18T18:15:00Z,2026-07-18T20:15:00+0200,134.9,EUR/MWh,NL,NL,imbalance_price,Short,2026-08-06T05:38:50Z
2026-08-06T05:35:55Z,2026-08-06T07:35:55+0200,c3feb7e2-8675-4f7f-be40-2d97c558df74,2026-07-18T18:30:00Z,2026-07-18T20:30:00+0200,90.0,EUR/MWh,NL,NL,imbalance_price,Long,2026-08-06T05:38:50Z
2026-08-06T05:35:55Z,2026-08-06T07:35:55+0200,c3feb7e2-8675-4f7f-be40-2d97c558df74,2026-07-18T18:30:00Z,2026-07-18T20:30:00+0200,90.0,EUR/MWh,NL,NL,imbalance_price,Short,2026-08-06T05:38:50Z
2026-08-06T05:35:55Z,2026-08-06T07:35:55+0200,c3feb7e2-8675-4f7f-be40-2d97c558df74,2026-07-18T18:45:00Z,2026-07-18T20:45:00+0200,70.0,EUR/MWh,NL,NL,imbalance_price,Long,2026-08-06T05:38:50Z
2026-08-06T05:35:55Z,2026-08-06T07:35:55+0200,c3feb7e2-8675-4f7f-be40-2d97c558df74,2026-07-18T18:45:00Z,2026-07-18T20:45:00+0200,70.0,EUR/MWh,NL,NL,imbalance_price,Short,2026-08-06T05:38:50Z
2026-08-06T05:35:55Z,2026-08-06T07:35:55+0200,c3feb7e2-8675-4f7f-be40-2d97c558df74,2026-07-18T19:00:00Z,2026-07-18T21:00:00+0200,61.7,EUR/MWh,NL,NL,imbalance_price,Long,2026-08-06T05:38:50Z
2026-08-06T05:35:55Z,2026-08-06T07:35:55+0200,c3feb7e2-8675-4f7f-be40-2d97c558df74,2026-07-18T19:00:00Z,2026-07-18T21:00:00+0200,61.7,EUR/MWh,NL,NL,imbalance_price,Short,2026-08-06T05:38:50Z
2026-08-06T05:35:55Z,2026-08-06T07:35:55+0200,c3feb7e2-8675-4f7f-be40-2d97c558df74,2026-07-18T19:15:00Z,2026-07-18T21:15:00+0200,70.0,EUR/MWh,NL,NL,imbalance_price,Long,2026-08-06T05:38:50Z
2026-08-06T05:35:55Z,2026-08-06T07:35:55+0200,c3feb7e2-8675-4f7f-be40-2d97c558df74,2026-07-18T19:15:00Z,2026-07-18T21:15:00+0200,70.0,EUR/MWh,NL,NL,imbalance_price,Short,2026-08-06T05:38:50Z
2026-08-06T05:35:55Z,2026-08-06T07:35:55+0200,c3feb7e2-8675-4f7f-be40-2d97c558df74,2026-07-18T19:30:00Z,2026-07-18T21:30:00+0200,101.55,EUR/MWh,NL,NL,imbalance_price,Long,2026-08-06T05:38:50Z
2026-08-06T05:35:55Z,2026-08-06T07:35:55+0200,c3feb7e2-8675-4f7f-be40-2d97c558df74,2026-07-18T19:30:00Z,2026-07-18T21:30:00+0200,125.43,EUR/MWh,NL,NL,imbalance_price,Short,2026-08-06T05:38:50Z
2026-08-06T05:35:55Z,2026-08-06T07:35:55+0200,c3feb7e2-8675-4f7f-be40-2d97c558df74,2026-07-18T19:45:00Z,2026-07-18T21:45:00+0200,122.97,EUR/MWh,NL,NL,imbalance_price,Long,2026-08-06T05:38:50Z
2026-08-06T05:35:55Z,2026-08-06T07:35:55+0200,c3feb7e2-8675-4f7f-be40-2d97c558df74,2026-07-18T19:45:00Z,2026-07-18T21:45:00+0200,140.0,EUR/MWh,NL,NL,imbalance_price,Short,2026-08-06T05:38:50Z
2026-08-06T05:35:55Z,2026-08-06T07:35:55+0200,c3feb7e2-8675-4f7f-be40-2d97c558df74,2026-07-18T20:00:00Z,2026-07-18T22:00:00+0200,160.0,EUR/MWh,NL,NL,imbalance_price,Long,2026-08-06T05:38:50Z
2026-08-06T05:35:55Z,2026-08-06T07:35:55+0200,c3feb7e2-8675-4f7f-be40-2d97c558df74,2026-07-18T20:00:00Z,2026-07-18T22:00:00+0200,160.0,EUR/MWh,NL,NL,imbalance_price,Short,2026-08-06T05:38:50Z
2026-08-06T05:35:55Z,2026-08-06T07:35:55+0200,c3feb7e2-8675-4f7f-be40-2d97c558df74,2026-07-18T20:15:00Z,2026-07-18T22:15:00+0200,151.85,EUR/MWh,NL,NL,imbalance_price,Long,2026-08-06T05:38:50Z
2026-08-06T05:35:55Z,2026-08-06T07:35:55+0200,c3feb7e2-8675-4f7f-be40-2d97c558df74,2026-07-18T20:15:00Z,2026-07-18T22:15:00+0200,151.85,EUR/MWh,NL,NL,imbalance_price,Short,2026-08-06T05:38:50Z
2026-08-06T05:35:55Z,2026-08-06T07:35:55+0200,c3feb7e2-8675-4f7f-be40-2d97c558df74,2026-07-18T20:30:00Z,2026-07-18T22:30:00+0200,150.0,EUR/MWh,NL,NL,imbalance_price,Long,2026-08-06T05:38:50Z
2026-08-06T05:35:55Z,2026-08-06T07:35:55+0200,c3feb7e2-8675-4f7f-be40-2d97c558df74,2026-07-18T20:30:00Z,2026-07-18T22:30:00+0200,150.0,EUR/MWh,NL,NL,imbalance_price,Short,2026-08-06T05:38:50Z
2026-08-06T05:35:55Z,2026-08-06T07:35:55+0200,c3feb7e2-8675-4f7f-be40-2d97c558df74,2026-07-18T20:45:00Z,2026-07-18T22:45:00+0200,116.02,EUR/MWh,NL,NL,imbalance_price,Long,2026-08-06T05:38:50Z
2026-08-06T05:35:55Z,2026-08-06T07:35:55+0200,c3feb7e2-8675-4f7f-be40-2d97c558df74,2026-07-18T20:45:00Z,2026-07-18T22:45:00+0200,150.22,EUR/MWh,NL,NL,imbalance_price,Short,2026-08-06T05:38:50Z
2026-08-06T05:35:55Z,2026-08-06T07:35:55+0200,c3feb7e2-8675-4f7f-be40-2d97c558df74,2026-07-18T21:00:00Z,2026-07-18T23:00:00+0200,115.5,EUR/MWh,NL,NL,imbalance_price,Long,2026-08-06T05:38:50Z
2026-08-06T05:35:55Z,2026-08-06T07:35:55+0200,c3feb7e2-8675-4f7f-be40-2d97c558df74,2026-07-18T21:00:00Z,2026-07-18T23:00:00+0200,138.64,EUR/MWh,NL,NL,imbalance_price,Short,2026-08-06T05:38:50Z
2026-08-06T05:35:55Z,2026-08-06T07:35:55+0200,c3feb7e2-8675-4f7f-be40-2d97c558df74,2026-07-18T21:15:00Z,2026-07-18T23:15:00+0200,106.0,EUR/MWh,NL,NL,imbalance_price,Long,2026-08-06T05:38:50Z
2026-08-06T05:35:55Z,2026-08-06T07:35:55+0200,c3feb7e2-8675-4f7f-be40-2d97c558df74,2026-07-18T21:15:00Z,2026-07-18T23:15:00+0200,106.0,EUR/MWh,NL,NL,imbalance_price,Short,2026-08-06T05:38:50Z
2026-08-06T05:35:55Z,2026-08-06T07:35:55+0200,c3feb7e2-8675-4f7f-be40-2d97c558df74,2026-07-18T21:30:00Z,2026-07-18T23:30:00+0200,88.0,EUR/MWh,NL,NL,imbalance_price,Long,2026-08-06T05:38:50Z
2026-08-06T05:35:55Z,2026-08-06T07:35:55+0200,c3feb7e2-8675-4f7f-be40-2d97c558df74,2026-07-18T21:30:00Z,2026-07-18T23:30:00+0200,88.0,EUR/MWh,NL,NL,imbalance_price,Short,2026-08-06T05:38:50Z
2026-08-06T05:35:55Z,2026-08-06T07:35:55+0200,c3feb7e2-8675-4f7f-be40-2d97c558df74,2026-07-18T21:45:00Z,2026-07-18T23:45:00+0200,60.7,EUR/MWh,NL,NL,imbalance_price,Long,2026-08-06T05:38:50Z
2026-08-06T05:35:55Z,2026-08-06T07:35:55+0200,c3feb7e2-8675-4f7f-be40-2d97c558df74,2026-07-18T21:45:00Z,2026-07-18T23:45:00+0200,60.7,EUR/MWh,NL,NL,imbalance_price,Short,2026-08-06T05:38:50Z
2026-08-06T05:35:55Z,2026-08-06T07:35:55+0200,c3feb7e2-8675-4f7f-be40-2d97c558df74,2026-07-18T22:00:00Z,2026-07-19T00:00:00+0200,54.3,EUR/MWh,NL,NL,imbalance_price,Long,2026-08-06T05:38:50Z
2026-08-06T05:35:55Z,2026-08-06T07:35:55+0200,c3feb7e2-8675-4f7f-be40-2d97c558df74,2026-07-18T22:00:00Z,2026-07-19T00:00:00+0200,54.3,EUR/MWh,NL,NL,imbalance_price,Short,2026-08-06T05:38:50Z
2026-08-06T05:35:55Z,2026-08-06T07:35:55+0200,c3feb7e2-8675-4f7f-be40-2d97c558df74,2026-07-18T22:15:00Z,2026-07-19T00:15:00+0200,-12.36,EUR/MWh,NL,NL,imbalance_price,Long,2026-08-06T05:38:50Z
2026-08-06T05:35:55Z,2026-08-06T07:35:55+0200,c3feb7e2-8675-4f7f-be40-2d97c558df74,2026-07-18T22:15:00Z,2026-07-19T00:15:00+0200,-12.36,EUR/MWh,NL,NL,imbalance_price,Short,2026-08-06T05:38:50Z
2026-08-06T05:35:55Z,2026-08-06T07:35:55+0200,c3feb7e2-8675-4f7f-be40-2d97c558df74,2026-07-18T22:30:00Z,2026-07-19T00:30:00+0200,-11.19,EUR/MWh,NL,NL,imbalance_price,Long,2026-08-06T05:38:50Z
2026-08-06T05:35:55Z,2026-08-06T07:35:55+0200,c3feb7e2-8675-4f7f-be40-2d97c558df74,2026-07-18T22:30:00Z,2026-07-19T00:30:00+0200,-11.19,EUR/MWh,NL,NL,imbalance_price,Short,2026-08-06T05:38:50Z
2026-08-06T05:35:55Z,2026-08-06T07:35:55+0200,c3feb7e2-8675-4f7f-be40-2d97c558df74,2026-07-18T22:45:00Z,2026-07-19T00:45:00+0200,70.0,EUR/MWh,NL,NL,imbalance_price,Long,2026-08-06T05:38:50Z
2026-08-06T05:35:55Z,2026-08-06T07:35:55+0200,c3feb7e2-8675-4f7f-be40-2d97c558df74,2026-07-18T22:45:00Z,2026-07-19T00:45:00+0200,70.0,EUR/MWh,NL,NL,imbalance_price,Short,2026-08-06T05:38:50Z
2026-08-06T05:35:55Z,2026-08-06T07:35:55+0200,c3feb7e2-8675-4f7f-be40-2d97c558df74,2026-07-18T23:00:00Z,2026-07-19T01:00:00+0200,47.3,EUR/MWh,NL,NL,imbalance_price,Long,2026-08-06T05:38:50Z
2026-08-06T05:35:55Z,2026-08-06T07:35:55+0200,c3feb7e2-8675-4f7f-be40-2d97c558df74,2026-07-18T23:00:00Z,2026-07-19T01:00:00+0200,47.3,EUR/MWh,NL,NL,imbalance_price,Short,2026-08-06T05:38:50Z
2026-08-06T05:35:55Z,2026-08-06T07:35:55+0200,c3feb7e2-8675-4f7f-be40-2d97c558df74,2026-07-18T23:15:00Z,2026-07-19T01:15:00+0200,66.0,EUR/MWh,NL,NL,imbalance_price,Long,2026-08-06T05:38:50Z
2026-08-06T05:35:55Z,2026-08-06T07:35:55+0200,c3feb7e2-8675-4f7f-be40-2d97c558df74,2026-07-18T23:15:00Z,2026-07-19T01:15:00+0200,66.0,EUR/MWh,NL,NL,imbalance_price,Short,2026-08-06T05:38:50Z
2026-08-06T05:35:55Z,2026-08-06T07:35:55+0200,c3feb7e2-8675-4f7f-be40-2d97c558df74,2026-07-18T23:30:00Z,2026-07-19T01:30:00+0200,47.3,EUR/MWh,NL,NL,imbalance_price,Long,2026-08-06T05:38:50Z
2026-08-06T05:35:55Z,2026-08-06T07:35:55+0200,c3feb7e2-8675-4f7f-be40-2d97c558df74,2026-07-18T23:30:00Z,2026-07-19T01:30:00+0200,47.3,EUR/MWh,NL,NL,imbalance_price,Short,2026-08-06T05:38:50Z
2026-08-06T05:35:55Z,2026-08-06T07:35:55+0200,c3feb7e2-8675-4f7f-be40-2d97c558df74,2026-07-18T23:45:00Z,2026-07-19T01:45:00+0200,66.08,EUR/MWh,NL,NL,imbalance_price,Long,2026-08-06T05:38:50Z
2026-08-06T05:35:55Z,2026-08-06T07:35:55+0200,c3feb7e2-8675-4f7f-be40-2d97c558df74,2026-07-18T23:45:00Z,2026-07-19T01:45:00+0200,66.08,EUR/MWh,NL,NL,imbalance_price,Short,2026-08-06T05:38:50Z
2026-08-06T05:35:55Z,2026-08-06T07:35:55+0200,c3feb7e2-8675-4f7f-be40-2d97c558df74,2026-07-19T00:00:00Z,2026-07-19T02:00:00+0200,38.7,EUR/MWh,NL,NL,imbalance_price,Long,2026-08-06T05:38:50Z
2026-08-06T05:35:55Z,2026-08-06T07:35:55+0200,c3feb7e2-8675-4f7f-be40-2d97c558df74,2026-07-19T00:00:00Z,2026-07-19T02:00:00+0200,38.7,EUR/MWh,NL,NL,imbalance_price,Short,2026-08-06T05:38:50Z
2026-08-06T05:35:55Z,2026-08-06T07:35:55+0200,c3feb7e2-8675-4f7f-be40-2d97c558df74,2026-07-19T00:15:00Z,2026-07-19T02:15:00+0200,43.38,EUR/MWh,NL,NL,imbalance_price,Long,2026-08-06T05:38:50Z
2026-08-06T05:35:55Z,2026-08-06T07:35:55+0200,c3feb7e2-8675-4f7f-be40-2d97c558df74,2026-07-19T00:15:00Z,2026-07-19T02:15:00+0200,43.38,EUR/MWh,NL,NL,imbalance_price,Short,2026-08-06T05:38:50Z
2026-08-06T05:35:55Z,2026-08-06T07:35:55+0200,c3feb7e2-8675-4f7f-be40-2d97c558df74,2026-07-19T00:30:00Z,2026-07-19T02:30:00+0200,38.7,EUR/MWh,NL,NL,imbalance_price,Long,2026-08-06T05:38:50Z
2026-08-06T05:35:55Z,2026-08-06T07:35:55+0200,c3feb7e2-8675-4f7f-be40-2d97c558df74,2026-07-19T00:30:00Z,2026-07-19T02:30:00+0200,38.7,EUR/MWh,NL,NL,imbalance_price,Short,2026-08-06T05:38:50Z
2026-08-06T05:35:55Z,2026-08-06T07:35:55+0200,c3feb7e2-8675-4f7f-be40-2d97c558df74,2026-07-19T00:45:00Z,2026-07-19T02:45:00+0200,38.7,EUR/MWh,NL,NL,imbalance_price,Long,2026-08-06T05:38:50Z
2026-08-06T05:35:55Z,2026-08-06T07:35:55+0200,c3feb7e2-8675-4f7f-be40-2d97c558df74,2026-07-19T00:45:00Z,2026-07-19T02:45:00+0200,38.7,EUR/MWh,NL,NL,imbalance_price,Short,2026-08-06T05:38:50Z
2026-08-06T05:35:55Z,2026-08-06T07:35:55+0200,c3feb7e2-8675-4f7f-be40-2d97c558df74,2026-07-19T01:00:00Z,2026-07-19T03:00:00+0200,35.6,EUR/MWh,NL,NL,imbalance_price,Long,2026-08-06T05:38:50Z
2026-08-06T05:35:55Z,2026-08-06T07:35:55+0200,c3feb7e2-8675-4f7f-be40-2d97c558df74,2026-07-19T01:00:00Z,2026-07-19T03:00:00+0200,35.6,EUR/MWh,NL,NL,imbalance_price,Short,2026-08-06T05:38:50Z
2026-08-06T05:35:55Z,2026-08-06T07:35:55+0200,c3feb7e2-8675-4f7f-be40-2d97c558df74,2026-07-19T01:15:00Z,2026-07-19T03:15:00+0200,50.0,EUR/MWh,NL,NL,imbalance_price,Long,2026-08-06T05:38:50Z
2026-08-06T05:35:55Z,2026-08-06T07:35:55+0200,c3feb7e2-8675-4f7f-be40-2d97c558df74,2026-07-19T01:15:00Z,2026-07-19T03:15:00+0200,112.88,EUR/MWh,NL,NL,imbalance_price,Short,2026-08-06T05:38:50Z
2026-08-06T05:35:55Z,2026-08-06T07:35:55+0200,c3feb7e2-8675-4f7f-be40-2d97c558df74,2026-07-19T01:30:00Z,2026-07-19T03:30:00+0200,35.6,EUR/MWh,NL,NL,imbalance_price,Long,2026-08-06T05:38:50Z
2026-08-06T05:35:55Z,2026-08-06T07:35:55+0200,c3feb7e2-8675-4f7f-be40-2d97c558df74,2026-07-19T01:30:00Z,2026-07-19T03:30:00+0200,35.6,EUR/MWh,NL,NL,imbalance_price,Short,2026-08-06T05:38:50Z
2026-08-06T05:35:55Z,2026-08-06T07:35:55+0200,c3feb7e2-8675-4f7f-be40-2d97c558df74,2026-07-19T01:45:00Z,2026-07-19T03:45:00+0200,35.6,EUR/MWh,NL,NL,imbalance_price,Long,2026-08-06T05:38:50Z
2026-08-06T05:35:55Z,2026-08-06T07:35:55+0200,c3feb7e2-8675-4f7f-be40-2d97c558df74,2026-07-19T01:45:00Z,2026-07-19T03:45:00+0200,35.6,EUR/MWh,NL,NL,imbalance_price,Short,2026-08-06T05:38:50Z
2026-08-06T05:35:55Z,2026-08-06T07:35:55+0200,c3feb7e2-8675-4f7f-be40-2d97c558df74,2026-07-19T02:00:00Z,2026-07-19T04:00:00+0200,30.3,EUR/MWh,NL,NL,imbalance_price,Long,2026-08-06T05:38:50Z
2026-08-06T05:35:55Z,2026-08-06T07:35:55+0200,c3feb7e2-8675-4f7f-be40-2d97c558df74,2026-07-19T02:00:00Z,2026-07-19T04:00:00+0200,30.3,EUR/MWh,NL,NL,imbalance_price,Short,2026-08-06T05:38:50Z
2026-08-06T05:35:55Z,2026-08-06T07:35:55+0200,c3feb7e2-8675-4f7f-be40-2d97c558df74,2026-07-19T02:15:00Z,2026-07-19T04:15:00+0200,30.3,EUR/MWh,NL,NL,imbalance_price,Long,2026-08-06T05:38:50Z
2026-08-06T05:35:55Z,2026-08-06T07:35:55+0200,c3feb7e2-8675-4f7f-be40-2d97c558df74,2026-07-19T02:15:00Z,2026-07-19T04:15:00+0200,30.3,EUR/MWh,NL,NL,imbalance_price,Short,2026-08-06T05:38:50Z
2026-08-06T05:35:55Z,2026-08-06T07:35:55+0200,c3feb7e2-8675-4f7f-be40-2d97c558df74,2026-07-19T02:30:00Z,2026-07-19T04:30:00+0200,30.3,EUR/MWh,NL,NL,imbalance_price,Long,2026-08-06T05:38:50Z
2026-08-06T05:35:55Z,2026-08-06T07:35:55+0200,c3feb7e2-8675-4f7f-be40-2d97c558df74,2026-07-19T02:30:00Z,2026-07-19T04:30:00+0200,30.3,EUR/MWh,NL,NL,imbalance_price,Short,2026-08-06T05:38:50Z
2026-08-06T05:35:55Z,2026-08-06T07:35:55+0200,c3feb7e2-8675-4f7f-be40-2d97c558df74,2026-07-19T02:45:00Z,2026-07-19T04:45:00+0200,30.3,EUR/MWh,NL,NL,imbalance_price,Long,2026-08-06T05:38:50Z
2026-08-06T05:35:55Z,2026-08-06T07:35:55+0200,c3feb7e2-8675-4f7f-be40-2d97c558df74,2026-07-19T02:45:00Z,2026-07-19T04:45:00+0200,30.3,EUR/MWh,NL,NL,imbalance_price,Short,2026-08-06T05:38:50Z
2026-08-06T05:35:55Z,2026-08-06T07:35:55+0200,c3feb7e2-8675-4f7f-be40-2d97c558df74,2026-07-19T03:00:00Z,2026-07-19T05:00:00+0200,23.4,EUR/MWh,NL,NL,imbalance_price,Long,2026-08-06T05:38:50Z
2026-08-06T05:35:55Z,2026-08-06T07:35:55+0200,c3feb7e2-8675-4f7f-be40-2d97c558df74,2026-07-19T03:00:00Z,2026-07-19T05:00:00+0200,23.4,EUR/MWh,NL,NL,imbalance_price,Short,2026-08-06T05:38:50Z
2026-08-06T05:35:55Z,2026-08-06T07:35:55+0200,c3feb7e2-8675-4f7f-be40-2d97c558df74,2026-07-19T03:15:00Z,2026-07-19T05:15:00+0200,12.0,EUR/MWh,NL,NL,imbalance_price,Long,2026-08-06T05:38:50Z
2026-08-06T05:35:55Z,2026-08-06T07:35:55+0200,c3feb7e2-8675-4f7f-be40-2d97c558df74,2026-07-19T03:15:00Z,2026-07-19T05:15:00+0200,12.0,EUR/MWh,NL,NL,imbalance_price,Short,2026-08-06T05:38:50Z
2026-08-06T05:35:55Z,2026-08-06T07:35:55+0200,c3feb7e2-8675-4f7f-be40-2d97c558df74,2026-07-19T03:30:00Z,2026-07-19T05:30:00+0200,7.0,EUR/MWh,NL,NL,imbalance_price,Long,2026-08-06T05:38:50Z
2026-08-06T05:35:55Z,2026-08-06T07:35:55+0200,c3feb7e2-8675-4f7f-be40-2d97c558df74,2026-07-19T03:30:00Z,2026-07-19T05:30:00+0200,7.0,EUR/MWh,NL,NL,imbalance_price,Short,2026-08-06T05:38:50Z
2026-08-06T05:35:55Z,2026-08-06T07:35:55+0200,c3feb7e2-8675-4f7f-be40-2d97c558df74,2026-07-19T03:45:00Z,2026-07-19T05:45:00+0200,10.0,EUR/MWh,NL,NL,imbalance_price,Long,2026-08-06T05:38:50Z
2026-08-06T05:35:55Z,2026-08-06T07:35:55+0200,c3feb7e2-8675-4f7f-be40-2d97c558df74,2026-07-19T03:45:00Z,2026-07-19T05:45:00+0200,10.0,EUR/MWh,NL,NL,imbalance_price,Short,2026-08-06T05:38:50Z
2026-08-06T05:35:55Z,2026-08-06T07:35:55+0200,c3feb7e2-8675-4f7f-be40-2d97c558df74,2026-07-19T04:00:00Z,2026-07-19T06:00:00+0200,12.2,EUR/MWh,NL,NL,imbalance_price,Long,2026-08-06T05:38:50Z
2026-08-06T05:35:55Z,2026-08-06T07:35:55+0200,c3feb7e2-8675-4f7f-be40-2d97c558df74,2026-07-19T04:00:00Z,2026-07-19T06:00:00+0200,12.2,EUR/MWh,NL,NL,imbalance_price,Short,2026-08-06T05:38:50Z
2026-08-06T05:35:55Z,2026-08-06T07:35:55+0200,c3feb7e2-8675-4f7f-be40-2d97c558df74,2026-07-19T04:15:00Z,2026-07-19T06:15:00+0200,42.0,EUR/MWh,NL,NL,imbalance_price,Long,2026-08-06T05:38:50Z
2026-08-06T05:35:55Z,2026-08-06T07:35:55+0200,c3feb7e2-8675-4f7f-be40-2d97c558df74,2026-07-19T04:15:00Z,2026-07-19T06:15:00+0200,42.0,EUR/MWh,NL,NL,imbalance_price,Short,2026-08-06T05:38:50Z
2026-08-06T05:35:55Z,2026-08-06T07:35:55+0200,c3feb7e2-8675-4f7f-be40-2d97c558df74,2026-07-19T04:30:00Z,2026-07-19T06:30:00+0200,12.2,EUR/MWh,NL,NL,imbalance_price,Long,2026-08-06T05:38:50Z
2026-08-06T05:35:55Z,2026-08-06T07:35:55+0200,c3feb7e2-8675-4f7f-be40-2d97c558df74,2026-07-19T04:30:00Z,2026-07-19T06:30:00+0200,12.2,EUR/MWh,NL,NL,imbalance_price,Short,2026-08-06T05:38:50Z
2026-08-06T05:35:55Z,2026-08-06T07:35:55+0200,c3feb7e2-8675-4f7f-be40-2d97c558df74,2026-07-19T04:45:00Z,2026-07-19T06:45:00+0200,12.2,EUR/MWh,NL,NL,imbalance_price,Long,2026-08-06T05:38:50Z
2026-08-06T05:35:55Z,2026-08-06T07:35:55+0200,c3feb7e2-8675-4f7f-be40-2d97c558df74,2026-07-19T04:45:00Z,2026-07-19T06:45:00+0200,12.2,EUR/MWh,NL,NL,imbalance_price,Short,2026-08-06T05:38:50Z
2026-08-06T05:35:55Z,2026-08-06T07:35:55+0200,c3feb7e2-8675-4f7f-be40-2d97c558df74,2026-07-19T05:00:00Z,2026-07-19T07:00:00+0200,-4.4,EUR/MWh,NL,NL,imbalance_price,Long,2026-08-06T05:38:50Z
2026-08-06T05:35:55Z,2026-08-06T07:35:55+0200,c3feb7e2-8675-4f7f-be40-2d97c558df74,2026-07-19T05:00:00Z,2026-07-19T07:00:00+0200,106.9,EUR/MWh,NL,NL,imbalance_price,Short,2026-08-06T05:38:50Z
2026-08-06T05:35:55Z,2026-08-06T07:35:55+0200,c3feb7e2-8675-4f7f-be40-2d97c558df74,2026-07-19T05:15:00Z,2026-07-19T07:15:00+0200,80.62,EUR/MWh,NL,NL,imbalance_price,Long,2026-08-06T05:38:50Z
2026-08-06T05:35:55Z,2026-08-06T07:35:55+0200,c3feb7e2-8675-4f7f-be40-2d97c558df74,2026-07-19T05:15:00Z,2026-07-19T07:15:00+0200,106.9,EUR/MWh,NL,NL,imbalance_price,Short,2026-08-06T05:38:50Z
2026-08-06T05:35:55Z,2026-08-06T07:35:55+0200,c3feb7e2-8675-4f7f-be40-2d97c558df74,2026-07-19T05:30:00Z,2026-07-19T07:30:00+0200,-4.4,EUR/MWh,NL,NL,imbalance_price,Long,2026-08-06T05:38:50Z
2026-08-06T05:35:55Z,2026-08-06T07:35:55+0200,c3feb7e2-8675-4f7f-be40-2d97c558df74,2026-07-19T05:30:00Z,2026-07-19T07:30:00+0200,-4.4,EUR/MWh,NL,NL,imbalance_price,Short,2026-08-06T05:38:50Z
2026-08-06T05:35:55Z,2026-08-06T07:35:55+0200,c3feb7e2-8675-4f7f-be40-2d97c558df74,2026-07-19T05:45:00Z,2026-07-19T07:45:00+0200,-17.03,EUR/MWh,NL,NL,imbalance_price,Long,2026-08-06T05:38:50Z
2026-08-06T05:35:55Z,2026-08-06T07:35:55+0200,c3feb7e2-8675-4f7f-be40-2d97c558df74,2026-07-19T05:45:00Z,2026-07-19T07:45:00+0200,-17.03,EUR/MWh,NL,NL,imbalance_price,Short,2026-08-06T05:38:50Z
2026-08-06T05:35:55Z,2026-08-06T07:35:55+0200,c3feb7e2-8675-4f7f-be40-2d97c558df74,2026-07-19T06:00:00Z,2026-07-19T08:00:00+0200,-24.3,EUR/MWh,NL,NL,imbalance_price,Long,2026-08-06T05:38:50Z
2026-08-06T05:35:55Z,2026-08-06T07:35:55+0200,c3feb7e2-8675-4f7f-be40-2d97c558df74,2026-07-19T06:00:00Z,2026-07-19T08:00:00+0200,-24.3,EUR/MWh,NL,NL,imbalance_price,Short,2026-08-06T05:38:50Z
2026-08-06T05:35:55Z,2026-08-06T07:35:55+0200,c3feb7e2-8675-4f7f-be40-2d97c558df74,2026-07-19T06:15:00Z,2026-07-19T08:15:00+0200,12.0,EUR/MWh,NL,NL,imbalance_price,Long,2026-08-06T05:38:50Z
2026-08-06T05:35:55Z,2026-08-06T07:35:55+0200,c3feb7e2-8675-4f7f-be40-2d97c558df74,2026-07-19T06:15:00Z,2026-07-19T08:15:00+0200,86.17,EUR/MWh,NL,NL,imbalance_price,Short,2026-08-06T05:38:50Z
2026-08-06T05:35:55Z,2026-08-06T07:35:55+0200,c3feb7e2-8675-4f7f-be40-2d97c558df74,2026-07-19T06:30:00Z,2026-07-19T08:30:00+0200,-18.0,EUR/MWh,NL,NL,imbalance_price,Long,2026-08-06T05:38:50Z
2026-08-06T05:35:55Z,2026-08-06T07:35:55+0200,c3feb7e2-8675-4f7f-be40-2d97c558df74,2026-07-19T06:30:00Z,2026-07-19T08:30:00+0200,-18.0,EUR/MWh,NL,NL,imbalance_price,Short,2026-08-06T05:38:50Z
2026-08-06T05:35:55Z,2026-08-06T07:35:55+0200,c3feb7e2-8675-4f7f-be40-2d97c558df74,2026-07-19T06:45:00Z,2026-07-19T08:45:00+0200,-13.28,EUR/MWh,NL,NL,imbalance_price,Long,2026-08-06T05:38:50Z
2026-08-06T05:35:55Z,2026-08-06T07:35:55+0200,c3feb7e2-8675-4f7f-be40-2d97c558df74,2026-07-19T06:45:00Z,2026-07-19T08:45:00+0200,-13.28,EUR/MWh,NL,NL,imbalance_price,Short,2026-08-06T05:38:50Z
2026-08-06T05:35:55Z,2026-08-06T07:35:55+0200,c3feb7e2-8675-4f7f-be40-2d97c558df74,2026-07-19T07:00:00Z,2026-07-19T09:00:00+0200,-14.67,EUR/MWh,NL,NL,imbalance_price,Long,2026-08-06T05:38:50Z
2026-08-06T05:35:55Z,2026-08-06T07:35:55+0200,c3feb7e2-8675-4f7f-be40-2d97c558df74,2026-07-19T07:00:00Z,2026-07-19T09:00:00+0200,80.24,EUR/MWh,NL,NL,imbalance_price,Short,2026-08-06T05:38:50Z
2026-08-06T05:35:55Z,2026-08-06T07:35:55+0200,c3feb7e2-8675-4f7f-be40-2d97c558df74,2026-07-19T07:15:00Z,2026-07-19T09:15:00+0200,-15.26,EUR/MWh,NL,NL,imbalance_price,Long,2026-08-06T05:38:50Z
2026-08-06T05:35:55Z,2026-08-06T07:35:55+0200,c3feb7e2-8675-4f7f-be40-2d97c558df74,2026-07-19T07:15:00Z,2026-07-19T09:15:00+0200,-15.26,EUR/MWh,NL,NL,imbalance_price,Short,2026-08-06T05:38:50Z
2026-08-06T05:35:55Z,2026-08-06T07:35:55+0200,c3feb7e2-8675-4f7f-be40-2d97c558df74,2026-07-19T07:30:00Z,2026-07-19T09:30:00+0200,6.55,EUR/MWh,NL,NL,imbalance_price,Long,2026-08-06T05:38:50Z
2026-08-06T05:35:55Z,2026-08-06T07:35:55+0200,c3feb7e2-8675-4f7f-be40-2d97c558df74,2026-07-19T07:30:00Z,2026-07-19T09:30:00+0200,6.55,EUR/MWh,NL,NL,imbalance_price,Short,2026-08-06T05:38:50Z
2026-08-06T05:35:55Z,2026-08-06T07:35:55+0200,c3feb7e2-8675-4f7f-be40-2d97c558df74,2026-07-19T07:45:00Z,2026-07-19T09:45:00+0200,-25.0,EUR/MWh,NL,NL,imbalance_price,Long,2026-08-06T05:38:50Z
2026-08-06T05:35:55Z,2026-08-06T07:35:55+0200,c3feb7e2-8675-4f7f-be40-2d97c558df74,2026-07-19T07:45:00Z,2026-07-19T09:45:00+0200,-25.0,EUR/MWh,NL,NL,imbalance_price,Short,2026-08-06T05:38:50Z
2026-08-06T05:35:55Z,2026-08-06T07:35:55+0200,c3feb7e2-8675-4f7f-be40-2d97c558df74,2026-07-19T08:00:00Z,2026-07-19T10:00:00+0200,-9.49,EUR/MWh,NL,NL,imbalance_price,Long,2026-08-06T05:38:50Z
2026-08-06T05:35:55Z,2026-08-06T07:35:55+0200,c3feb7e2-8675-4f7f-be40-2d97c558df74,2026-07-19T08:00:00Z,2026-07-19T10:00:00+0200,-9.49,EUR/MWh,NL,NL,imbalance_price,Short,2026-08-06T05:38:50Z
2026-08-06T05:35:55Z,2026-08-06T07:35:55+0200,c3feb7e2-8675-4f7f-be40-2d97c558df74,2026-07-19T08:15:00Z,2026-07-19T10:15:00+0200,-18.71,EUR/MWh,NL,NL,imbalance_price,Long,2026-08-06T05:38:50Z
2026-08-06T05:35:55Z,2026-08-06T07:35:55+0200,c3feb7e2-8675-4f7f-be40-2d97c558df74,2026-07-19T08:15:00Z,2026-07-19T10:15:00+0200,80.72,EUR/MWh,NL,NL,imbalance_price,Short,2026-08-06T05:38:50Z
2026-08-06T05:35:55Z,2026-08-06T07:35:55+0200,c3feb7e2-8675-4f7f-be40-2d97c558df74,2026-07-19T08:30:00Z,2026-07-19T10:30:00+0200,-4.0,EUR/MWh,NL,NL,imbalance_price,Long,2026-08-06T05:38:50Z
2026-08-06T05:35:55Z,2026-08-06T07:35:55+0200,c3feb7e2-8675-4f7f-be40-2d97c558df74,2026-07-19T08:30:00Z,2026-07-19T10:30:00+0200,-4.0,EUR/MWh,NL,NL,imbalance_price,Short,2026-08-06T05:38:50Z
2026-08-06T05:35:55Z,2026-08-06T07:35:55+0200,c3feb7e2-8675-4f7f-be40-2d97c558df74,2026-07-19T08:45:00Z,2026-07-19T10:45:00+0200,-5.0,EUR/MWh,NL,NL,imbalance_price,Long,2026-08-06T05:38:50Z
2026-08-06T05:35:55Z,2026-08-06T07:35:55+0200,c3feb7e2-8675-4f7f-be40-2d97c558df74,2026-07-19T08:45:00Z,2026-07-19T10:45:00+0200,-5.0,EUR/MWh,NL,NL,imbalance_price,Short,2026-08-06T05:38:50Z
2026-08-06T05:35:55Z,2026-08-06T07:35:55+0200,c3feb7e2-8675-4f7f-be40-2d97c558df74,2026-07-19T09:00:00Z,2026-07-19T11:00:00+0200,-15.0,EUR/MWh,NL,NL,imbalance_price,Long,2026-08-06T05:38:50Z
2026-08-06T05:35:55Z,2026-08-06T07:35:55+0200,c3feb7e2-8675-4f7f-be40-2d97c558df74,2026-07-19T09:00:00Z,2026-07-19T11:00:00+0200,80.26,EUR/MWh,NL,NL,imbalance_price,Short,2026-08-06T05:38:50Z
2026-08-06T05:35:55Z,2026-08-06T07:35:55+0200,c3feb7e2-8675-4f7f-be40-2d97c558df74,2026-07-19T09:15:00Z,2026-07-19T11:15:00+0200,12.0,EUR/MWh,NL,NL,imbalance_price,Long,2026-08-06T05:38:50Z
2026-08-06T05:35:55Z,2026-08-06T07:35:55+0200,c3feb7e2-8675-4f7f-be40-2d97c558df74,2026-07-19T09:15:00Z,2026-07-19T11:15:00+0200,80.09,EUR/MWh,NL,NL,imbalance_price,Short,2026-08-06T05:38:50Z
2026-08-06T05:35:55Z,2026-08-06T07:35:55+0200,c3feb7e2-8675-4f7f-be40-2d97c558df74,2026-07-19T09:30:00Z,2026-07-19T11:30:00+0200,0.0,EUR/MWh,NL,NL,imbalance_price,Long,2026-08-06T05:38:50Z
2026-08-06T05:35:55Z,2026-08-06T07:35:55+0200,c3feb7e2-8675-4f7f-be40-2d97c558df74,2026-07-19T09:30:00Z,2026-07-19T11:30:00+0200,80.52,EUR/MWh,NL,NL,imbalance_price,Short,2026-08-06T05:38:50Z
2026-08-06T05:35:55Z,2026-08-06T07:35:55+0200,c3feb7e2-8675-4f7f-be40-2d97c558df74,2026-07-19T09:45:00Z,2026-07-19T11:45:00+0200,-0.5,EUR/MWh,NL,NL,imbalance_price,Long,2026-08-06T05:38:50Z
2026-08-06T05:35:55Z,2026-08-06T07:35:55+0200,c3feb7e2-8675-4f7f-be40-2d97c558df74,2026-07-19T09:45:00Z,2026-07-19T11:45:00+0200,78.39,EUR/MWh,NL,NL,imbalance_price,Short,2026-08-06T05:38:50Z
2026-08-06T05:35:55Z,2026-08-06T07:35:55+0200,c3feb7e2-8675-4f7f-be40-2d97c558df74,2026-07-19T10:00:00Z,2026-07-19T12:00:00+0200,-20.0,EUR/MWh,NL,NL,imbalance_price,Long,2026-08-06T05:38:50Z
2026-08-06T05:35:55Z,2026-08-06T07:35:55+0200,c3feb7e2-8675-4f7f-be40-2d97c558df74,2026-07-19T10:00:00Z,2026-07-19T12:00:00+0200,42.42,EUR/MWh,NL,NL,imbalance_price,Short,2026-08-06T05:38:50Z
2026-08-06T05:35:55Z,2026-08-06T07:35:55+0200,c3feb7e2-8675-4f7f-be40-2d97c558df74,2026-07-19T10:15:00Z,2026-07-19T12:15:00+0200,-5.5,EUR/MWh,NL,NL,imbalance_price,Long,2026-08-06T05:38:50Z
2026-08-06T05:35:55Z,2026-08-06T07:35:55+0200,c3feb7e2-8675-4f7f-be40-2d97c558df74,2026-07-19T10:15:00Z,2026-07-19T12:15:00+0200,42.42,EUR/MWh,NL,NL,imbalance_price,Short,2026-08-06T05:38:50Z
2026-08-06T05:35:55Z,2026-08-06T07:35:55+0200,c3feb7e2-8675-4f7f-be40-2d97c558df74,2026-07-19T10:30:00Z,2026-07-19T12:30:00+0200,-20.0,EUR/MWh,NL,NL,imbalance_price,Long,2026-08-06T05:38:50Z
2026-08-06T05:35:55Z,2026-08-06T07:35:55+0200,c3feb7e2-8675-4f7f-be40-2d97c558df74,2026-07-19T10:30:00Z,2026-07-19T12:30:00+0200,42.42,EUR/MWh,NL,NL,imbalance_price,Short,2026-08-06T05:38:50Z
2026-08-06T05:35:55Z,2026-08-06T07:35:55+0200,c3feb7e2-8675-4f7f-be40-2d97c558df74,2026-07-19T10:45:00Z,2026-07-19T12:45:00+0200,-20.0,EUR/MWh,NL,NL,imbalance_price,Long,2026-08-06T05:38:50Z
2026-08-06T05:35:55Z,2026-08-06T07:35:55+0200,c3feb7e2-8675-4f7f-be40-2d97c558df74,2026-07-19T10:45:00Z,2026-07-19T12:45:00+0200,42.42,EUR/MWh,NL,NL,imbalance_price,Short,2026-08-06T05:38:50Z
2026-08-06T05:35:55Z,2026-08-06T07:35:55+0200,c3feb7e2-8675-4f7f-be40-2d97c558df74,2026-07-19T11:00:00Z,2026-07-19T13:00:00+0200,-5.0,EUR/MWh,NL,NL,imbalance_price,Long,2026-08-06T05:38:50Z
2026-08-06T05:35:55Z,2026-08-06T07:35:55+0200,c3feb7e2-8675-4f7f-be40-2d97c558df74,2026-07-19T11:00:00Z,2026-07-19T13:00:00+0200,-5.0,EUR/MWh,NL,NL,imbalance_price,Short,2026-08-06T05:38:50Z
2026-08-06T05:35:55Z,2026-08-06T07:35:55+0200,c3feb7e2-8675-4f7f-be40-2d97c558df74,2026-07-19T11:15:00Z,2026-07-19T13:15:00+0200,-4.0,EUR/MWh,NL,NL,imbalance_price,Long,2026-08-06T05:38:50Z
2026-08-06T05:35:55Z,2026-08-06T07:35:55+0200,c3feb7e2-8675-4f7f-be40-2d97c558df74,2026-07-19T11:15:00Z,2026-07-19T13:15:00+0200,39.67,EUR/MWh,NL,NL,imbalance_price,Short,2026-08-06T05:38:50Z
2026-08-06T05:35:55Z,2026-08-06T07:35:55+0200,c3feb7e2-8675-4f7f-be40-2d97c558df74,2026-07-19T11:30:00Z,2026-07-19T13:30:00+0200,-5.94,EUR/MWh,NL,NL,imbalance_price,Long,2026-08-06T05:38:50Z
2026-08-06T05:35:55Z,2026-08-06T07:35:55+0200,c3feb7e2-8675-4f7f-be40-2d97c558df74,2026-07-19T11:30:00Z,2026-07-19T13:30:00+0200,-5.94,EUR/MWh,NL,NL,imbalance_price,Short,2026-08-06T05:38:50Z
2026-08-06T05:35:55Z,2026-08-06T07:35:55+0200,c3feb7e2-8675-4f7f-be40-2d97c558df74,2026-07-19T11:45:00Z,2026-07-19T13:45:00+0200,-20.0,EUR/MWh,NL,NL,imbalance_price,Long,2026-08-06T05:38:50Z
2026-08-06T05:35:55Z,2026-08-06T07:35:55+0200,c3feb7e2-8675-4f7f-be40-2d97c558df74,2026-07-19T11:45:00Z,2026-07-19T13:45:00+0200,-20.0,EUR/MWh,NL,NL,imbalance_price,Short,2026-08-06T05:38:50Z
2026-08-06T05:35:55Z,2026-08-06T07:35:55+0200,c3feb7e2-8675-4f7f-be40-2d97c558df74,2026-07-19T12:00:00Z,2026-07-19T14:00:00+0200,-20.0,EUR/MWh,NL,NL,imbalance_price,Long,2026-08-06T05:38:50Z
2026-08-06T05:35:55Z,2026-08-06T07:35:55+0200,c3feb7e2-8675-4f7f-be40-2d97c558df74,2026-07-19T12:00:00Z,2026-07-19T14:00:00+0200,-20.0,EUR/MWh,NL,NL,imbalance_price,Short,2026-08-06T05:38:50Z
2026-08-06T05:35:55Z,2026-08-06T07:35:55+0200,c3feb7e2-8675-4f7f-be40-2d97c558df74,2026-07-19T12:15:00Z,2026-07-19T14:15:00+0200,-20.0,EUR/MWh,NL,NL,imbalance_price,Long,2026-08-06T05:38:50Z
2026-08-06T05:35:55Z,2026-08-06T07:35:55+0200,c3feb7e2-8675-4f7f-be40-2d97c558df74,2026-07-19T12:15:00Z,2026-07-19T14:15:00+0200,-20.0,EUR/MWh,NL,NL,imbalance_price,Short,2026-08-06T05:38:50Z
2026-08-06T05:35:55Z,2026-08-06T07:35:55+0200,c3feb7e2-8675-4f7f-be40-2d97c558df74,2026-07-19T12:30:00Z,2026-07-19T14:30:00+0200,-30.0,EUR/MWh,NL,NL,imbalance_price,Long,2026-08-06T05:38:50Z
2026-08-06T05:35:55Z,2026-08-06T07:35:55+0200,c3feb7e2-8675-4f7f-be40-2d97c558df74,2026-07-19T12:30:00Z,2026-07-19T14:30:00+0200,-30.0,EUR/MWh,NL,NL,imbalance_price,Short,2026-08-06T05:38:50Z
2026-08-06T05:35:55Z,2026-08-06T07:35:55+0200,c3feb7e2-8675-4f7f-be40-2d97c558df74,2026-07-19T12:45:00Z,2026-07-19T14:45:00+0200,-50.11,EUR/MWh,NL,NL,imbalance_price,Long,2026-08-06T05:38:50Z
2026-08-06T05:35:55Z,2026-08-06T07:35:55+0200,c3feb7e2-8675-4f7f-be40-2d97c558df74,2026-07-19T12:45:00Z,2026-07-19T14:45:00+0200,-50.11,EUR/MWh,NL,NL,imbalance_price,Short,2026-08-06T05:38:50Z
2026-08-06T05:35:55Z,2026-08-06T07:35:55+0200,c3feb7e2-8675-4f7f-be40-2d97c558df74,2026-07-19T13:00:00Z,2026-07-19T15:00:00+0200,-8.94,EUR/MWh,NL,NL,imbalance_price,Long,2026-08-06T05:38:50Z
2026-08-06T05:35:55Z,2026-08-06T07:35:55+0200,c3feb7e2-8675-4f7f-be40-2d97c558df74,2026-07-19T13:00:00Z,2026-07-19T15:00:00+0200,-8.94,EUR/MWh,NL,NL,imbalance_price,Short,2026-08-06T05:38:50Z
2026-08-06T05:35:55Z,2026-08-06T07:35:55+0200,c3feb7e2-8675-4f7f-be40-2d97c558df74,2026-07-19T13:15:00Z,2026-07-19T15:15:00+0200,-60.21,EUR/MWh,NL,NL,imbalance_price,Long,2026-08-06T05:38:50Z
2026-08-06T05:35:55Z,2026-08-06T07:35:55+0200,c3feb7e2-8675-4f7f-be40-2d97c558df74,2026-07-19T13:15:00Z,2026-07-19T15:15:00+0200,-60.21,EUR/MWh,NL,NL,imbalance_price,Short,2026-08-06T05:38:50Z
2026-08-06T05:35:55Z,2026-08-06T07:35:55+0200,c3feb7e2-8675-4f7f-be40-2d97c558df74,2026-07-19T13:30:00Z,2026-07-19T15:30:00+0200,-30.0,EUR/MWh,NL,NL,imbalance_price,Long,2026-08-06T05:38:50Z
2026-08-06T05:35:55Z,2026-08-06T07:35:55+0200,c3feb7e2-8675-4f7f-be40-2d97c558df74,2026-07-19T13:30:00Z,2026-07-19T15:30:00+0200,-30.0,EUR/MWh,NL,NL,imbalance_price,Short,2026-08-06T05:38:50Z
2026-08-06T05:35:55Z,2026-08-06T07:35:55+0200,c3feb7e2-8675-4f7f-be40-2d97c558df74,2026-07-19T13:45:00Z,2026-07-19T15:45:00+0200,-4.0,EUR/MWh,NL,NL,imbalance_price,Long,2026-08-06T05:38:50Z
2026-08-06T05:35:55Z,2026-08-06T07:35:55+0200,c3feb7e2-8675-4f7f-be40-2d97c558df74,2026-07-19T13:45:00Z,2026-07-19T15:45:00+0200,39.67,EUR/MWh,NL,NL,imbalance_price,Short,2026-08-06T05:38:50Z
2026-08-06T05:35:55Z,2026-08-06T07:35:55+0200,c3feb7e2-8675-4f7f-be40-2d97c558df74,2026-07-19T14:00:00Z,2026-07-19T16:00:00+0200,-65.09,EUR/MWh,NL,NL,imbalance_price,Long,2026-08-06T05:38:50Z
2026-08-06T05:35:55Z,2026-08-06T07:35:55+0200,c3feb7e2-8675-4f7f-be40-2d97c558df74,2026-07-19T14:00:00Z,2026-07-19T16:00:00+0200,39.67,EUR/MWh,NL,NL,imbalance_price,Short,2026-08-06T05:38:50Z
2026-08-06T05:35:55Z,2026-08-06T07:35:55+0200,c3feb7e2-8675-4f7f-be40-2d97c558df74,2026-07-19T14:15:00Z,2026-07-19T16:15:00+0200,-44.42,EUR/MWh,NL,NL,imbalance_price,Long,2026-08-06T05:38:50Z
2026-08-06T05:35:55Z,2026-08-06T07:35:55+0200,c3feb7e2-8675-4f7f-be40-2d97c558df74,2026-07-19T14:15:00Z,2026-07-19T16:15:00+0200,-44.42,EUR/MWh,NL,NL,imbalance_price,Short,2026-08-06T05:38:50Z
2026-08-06T05:35:55Z,2026-08-06T07:35:55+0200,c3feb7e2-8675-4f7f-be40-2d97c558df74,2026-07-19T14:30:00Z,2026-07-19T16:30:00+0200,-29.63,EUR/MWh,NL,NL,imbalance_price,Long,2026-08-06T05:38:50Z
2026-08-06T05:35:55Z,2026-08-06T07:35:55+0200,c3feb7e2-8675-4f7f-be40-2d97c558df74,2026-07-19T14:30:00Z,2026-07-19T16:30:00+0200,39.67,EUR/MWh,NL,NL,imbalance_price,Short,2026-08-06T05:38:50Z
2026-08-06T05:35:55Z,2026-08-06T07:35:55+0200,c3feb7e2-8675-4f7f-be40-2d97c558df74,2026-07-19T14:45:00Z,2026-07-19T16:45:00+0200,-8.14,EUR/MWh,NL,NL,imbalance_price,Long,2026-08-06T05:38:50Z
2026-08-06T05:35:55Z,2026-08-06T07:35:55+0200,c3feb7e2-8675-4f7f-be40-2d97c558df74,2026-07-19T14:45:00Z,2026-07-19T16:45:00+0200,39.67,EUR/MWh,NL,NL,imbalance_price,Short,2026-08-06T05:38:50Z
2026-08-06T05:35:55Z,2026-08-06T07:35:55+0200,c3feb7e2-8675-4f7f-be40-2d97c558df74,2026-07-19T15:00:00Z,2026-07-19T17:00:00+0200,-517.4,EUR/MWh,NL,NL,imbalance_price,Long,2026-08-06T05:38:50Z
2026-08-06T05:35:55Z,2026-08-06T07:35:55+0200,c3feb7e2-8675-4f7f-be40-2d97c558df74,2026-07-19T15:00:00Z,2026-07-19T17:00:00+0200,39.67,EUR/MWh,NL,NL,imbalance_price,Short,2026-08-06T05:38:50Z
2026-08-06T05:35:55Z,2026-08-06T07:35:55+0200,c3feb7e2-8675-4f7f-be40-2d97c558df74,2026-07-19T15:15:00Z,2026-07-19T17:15:00+0200,-30.0,EUR/MWh,NL,NL,imbalance_price,Long,2026-08-06T05:38:50Z
2026-08-06T05:35:55Z,2026-08-06T07:35:55+0200,c3feb7e2-8675-4f7f-be40-2d97c558df74,2026-07-19T15:15:00Z,2026-07-19T17:15:00+0200,65.0,EUR/MWh,NL,NL,imbalance_price,Short,2026-08-06T05:38:50Z
2026-08-06T05:35:55Z,2026-08-06T07:35:55+0200,c3feb7e2-8675-4f7f-be40-2d97c558df74,2026-07-19T15:30:00Z,2026-07-19T17:30:00+0200,-64.7,EUR/MWh,NL,NL,imbalance_price,Long,2026-08-06T05:38:50Z
2026-08-06T05:35:55Z,2026-08-06T07:35:55+0200,c3feb7e2-8675-4f7f-be40-2d97c558df74,2026-07-19T15:30:00Z,2026-07-19T17:30:00+0200,39.67,EUR/MWh,NL,NL,imbalance_price,Short,2026-08-06T05:38:50Z
2026-08-06T05:35:55Z,2026-08-06T07:35:55+0200,c3feb7e2-8675-4f7f-be40-2d97c558df74,2026-07-19T15:45:00Z,2026-07-19T17:45:00+0200,-5.0,EUR/MWh,NL,NL,imbalance_price,Long,2026-08-06T05:38:50Z
2026-08-06T05:35:55Z,2026-08-06T07:35:55+0200,c3feb7e2-8675-4f7f-be40-2d97c558df74,2026-07-19T15:45:00Z,2026-07-19T17:45:00+0200,39.67,EUR/MWh,NL,NL,imbalance_price,Short,2026-08-06T05:38:50Z
2026-08-06T05:35:55Z,2026-08-06T07:35:55+0200,c3feb7e2-8675-4f7f-be40-2d97c558df74,2026-07-19T16:00:00Z,2026-07-19T18:00:00+0200,-35.0,EUR/MWh,NL,NL,imbalance_price,Long,2026-08-06T05:38:50Z
2026-08-06T05:35:55Z,2026-08-06T07:35:55+0200,c3feb7e2-8675-4f7f-be40-2d97c558df74,2026-07-19T16:00:00Z,2026-07-19T18:00:00+0200,39.67,EUR/MWh,NL,NL,imbalance_price,Short,2026-08-06T05:38:50Z
2026-08-06T05:35:55Z,2026-08-06T07:35:55+0200,c3feb7e2-8675-4f7f-be40-2d97c558df74,2026-07-19T16:15:00Z,2026-07-19T18:15:00+0200,-37.0,EUR/MWh,NL,NL,imbalance_price,Long,2026-08-06T05:38:50Z
2026-08-06T05:35:55Z,2026-08-06T07:35:55+0200,c3feb7e2-8675-4f7f-be40-2d97c558df74,2026-07-19T16:15:00Z,2026-07-19T18:15:00+0200,-37.0,EUR/MWh,NL,NL,imbalance_price,Short,2026-08-06T05:38:50Z
2026-08-06T05:35:55Z,2026-08-06T07:35:55+0200,c3feb7e2-8675-4f7f-be40-2d97c558df74,2026-07-19T16:30:00Z,2026-07-19T18:30:00+0200,-37.0,EUR/MWh,NL,NL,imbalance_price,Long,2026-08-06T05:38:50Z
2026-08-06T05:35:55Z,2026-08-06T07:35:55+0200,c3feb7e2-8675-4f7f-be40-2d97c558df74,2026-07-19T16:30:00Z,2026-07-19T18:30:00+0200,108.76,EUR/MWh,NL,NL,imbalance_price,Short,2026-08-06T05:38:50Z
2026-08-06T05:35:55Z,2026-08-06T07:35:55+0200,c3feb7e2-8675-4f7f-be40-2d97c558df74,2026-07-19T16:45:00Z,2026-07-19T18:45:00+0200,-5.0,EUR/MWh,NL,NL,imbalance_price,Long,2026-08-06T05:38:50Z
2026-08-06T05:35:55Z,2026-08-06T07:35:55+0200,c3feb7e2-8675-4f7f-be40-2d97c558df74,2026-07-19T16:45:00Z,2026-07-19T18:45:00+0200,106.9,EUR/MWh,NL,NL,imbalance_price,Short,2026-08-06T05:38:50Z
2026-08-06T05:35:55Z,2026-08-06T07:35:55+0200,c3feb7e2-8675-4f7f-be40-2d97c558df74,2026-07-19T17:00:00Z,2026-07-19T19:00:00+0200,101.0,EUR/MWh,NL,NL,imbalance_price,Long,2026-08-06T05:38:50Z
2026-08-06T05:35:55Z,2026-08-06T07:35:55+0200,c3feb7e2-8675-4f7f-be40-2d97c558df74,2026-07-19T17:00:00Z,2026-07-19T19:00:00+0200,114.0,EUR/MWh,NL,NL,imbalance_price,Short,2026-08-06T05:38:50Z
2026-08-06T05:35:55Z,2026-08-06T07:35:55+0200,c3feb7e2-8675-4f7f-be40-2d97c558df74,2026-07-19T17:15:00Z,2026-07-19T19:15:00+0200,32.2,EUR/MWh,NL,NL,imbalance_price,Long,2026-08-06T05:38:50Z
2026-08-06T05:35:55Z,2026-08-06T07:35:55+0200,c3feb7e2-8675-4f7f-be40-2d97c558df74,2026-07-19T17:15:00Z,2026-07-19T19:15:00+0200,114.0,EUR/MWh,NL,NL,imbalance_price,Short,2026-08-06T05:38:50Z
2026-08-06T05:35:55Z,2026-08-06T07:35:55+0200,c3feb7e2-8675-4f7f-be40-2d97c558df74,2026-07-19T17:30:00Z,2026-07-19T19:30:00+0200,32.2,EUR/MWh,NL,NL,imbalance_price,Long,2026-08-06T05:38:50Z
2026-08-06T05:35:55Z,2026-08-06T07:35:55+0200,c3feb7e2-8675-4f7f-be40-2d97c558df74,2026-07-19T17:30:00Z,2026-07-19T19:30:00+0200,106.9,EUR/MWh,NL,NL,imbalance_price,Short,2026-08-06T05:38:50Z
2026-08-06T05:35:55Z,2026-08-06T07:35:55+0200,c3feb7e2-8675-4f7f-be40-2d97c558df74,2026-07-19T17:45:00Z,2026-07-19T19:45:00+0200,32.2,EUR/MWh,NL,NL,imbalance_price,Long,2026-08-06T05:38:50Z
2026-08-06T05:35:55Z,2026-08-06T07:35:55+0200,c3feb7e2-8675-4f7f-be40-2d97c558df74,2026-07-19T17:45:00Z,2026-07-19T19:45:00+0200,161.04,EUR/MWh,NL,NL,imbalance_price,Short,2026-08-06T05:38:50Z
2026-08-06T05:35:55Z,2026-08-06T07:35:55+0200,c3feb7e2-8675-4f7f-be40-2d97c558df74,2026-07-19T18:00:00Z,2026-07-19T20:00:00+0200,59.8,EUR/MWh,NL,NL,imbalance_price,Long,2026-08-06T05:38:50Z
2026-08-06T05:35:55Z,2026-08-06T07:35:55+0200,c3feb7e2-8675-4f7f-be40-2d97c558df74,2026-07-19T18:00:00Z,2026-07-19T20:00:00+0200,149.48,EUR/MWh,NL,NL,imbalance_price,Short,2026-08-06T05:38:50Z
2026-08-06T05:35:55Z,2026-08-06T07:35:55+0200,c3feb7e2-8675-4f7f-be40-2d97c558df74,2026-07-19T18:15:00Z,2026-07-19T20:15:00+0200,116.5,EUR/MWh,NL,NL,imbalance_price,Long,2026-08-06T05:38:50Z
2026-08-06T05:35:55Z,2026-08-06T07:35:55+0200,c3feb7e2-8675-4f7f-be40-2d97c558df74,2026-07-19T18:15:00Z,2026-07-19T20:15:00+0200,166.0,EUR/MWh,NL,NL,imbalance_price,Short,2026-08-06T05:38:50Z
2026-08-06T05:35:55Z,2026-08-06T07:35:55+0200,c3feb7e2-8675-4f7f-be40-2d97c558df74,2026-07-19T18:30:00Z,2026-07-19T20:30:00+0200,114.05,EUR/MWh,NL,NL,imbalance_price,Long,2026-08-06T05:38:50Z
2026-08-06T05:35:55Z,2026-08-06T07:35:55+0200,c3feb7e2-8675-4f7f-be40-2d97c558df74,2026-07-19T18:30:00Z,2026-07-19T20:30:00+0200,155.38,EUR/MWh,NL,NL,imbalance_price,Short,2026-08-06T05:38:50Z
2026-08-06T05:35:55Z,2026-08-06T07:35:55+0200,c3feb7e2-8675-4f7f-be40-2d97c558df74,2026-07-19T18:45:00Z,2026-07-19T20:45:00+0200,141.14,EUR/MWh,NL,NL,imbalance_price,Long,2026-08-06T05:38:50Z
2026-08-06T05:35:55Z,2026-08-06T07:35:55+0200,c3feb7e2-8675-4f7f-be40-2d97c558df74,2026-07-19T18:45:00Z,2026-07-19T20:45:00+0200,141.14,EUR/MWh,NL,NL,imbalance_price,Short,2026-08-06T05:38:50Z
2026-08-06T05:35:55Z,2026-08-06T07:35:55+0200,c3feb7e2-8675-4f7f-be40-2d97c558df74,2026-07-19T19:00:00Z,2026-07-19T21:00:00+0200,145.0,EUR/MWh,NL,NL,imbalance_price,Long,2026-08-06T05:38:50Z
2026-08-06T05:35:55Z,2026-08-06T07:35:55+0200,c3feb7e2-8675-4f7f-be40-2d97c558df74,2026-07-19T19:00:00Z,2026-07-19T21:00:00+0200,145.0,EUR/MWh,NL,NL,imbalance_price,Short,2026-08-06T05:38:50Z
2026-08-06T05:35:55Z,2026-08-06T07:35:55+0200,c3feb7e2-8675-4f7f-be40-2d97c558df74,2026-07-19T19:15:00Z,2026-07-19T21:15:00+0200,167.0,EUR/MWh,NL,NL,imbalance_price,Long,2026-08-06T05:38:50Z
2026-08-06T05:35:55Z,2026-08-06T07:35:55+0200,c3feb7e2-8675-4f7f-be40-2d97c558df74,2026-07-19T19:15:00Z,2026-07-19T21:15:00+0200,167.0,EUR/MWh,NL,NL,imbalance_price,Short,2026-08-06T05:38:50Z
2026-08-06T05:35:55Z,2026-08-06T07:35:55+0200,c3feb7e2-8675-4f7f-be40-2d97c558df74,2026-07-19T19:30:00Z,2026-07-19T21:30:00+0200,167.0,EUR/MWh,NL,NL,imbalance_price,Long,2026-08-06T05:38:50Z
2026-08-06T05:35:55Z,2026-08-06T07:35:55+0200,c3feb7e2-8675-4f7f-be40-2d97c558df74,2026-07-19T19:30:00Z,2026-07-19T21:30:00+0200,167.0,EUR/MWh,NL,NL,imbalance_price,Short,2026-08-06T05:38:50Z
2026-08-06T05:35:55Z,2026-08-06T07:35:55+0200,c3feb7e2-8675-4f7f-be40-2d97c558df74,2026-07-19T19:45:00Z,2026-07-19T21:45:00+0200,120.01,EUR/MWh,NL,NL,imbalance_price,Long,2026-08-06T05:38:50Z
2026-08-06T05:35:55Z,2026-08-06T07:35:55+0200,c3feb7e2-8675-4f7f-be40-2d97c558df74,2026-07-19T19:45:00Z,2026-07-19T21:45:00+0200,142.27,EUR/MWh,NL,NL,imbalance_price,Short,2026-08-06T05:38:50Z
2026-08-06T05:35:55Z,2026-08-06T07:35:55+0200,c3feb7e2-8675-4f7f-be40-2d97c558df74,2026-07-19T20:00:00Z,2026-07-19T22:00:00+0200,113.75,EUR/MWh,NL,NL,imbalance_price,Long,2026-08-06T05:38:50Z
2026-08-06T05:35:55Z,2026-08-06T07:35:55+0200,c3feb7e2-8675-4f7f-be40-2d97c558df74,2026-07-19T20:00:00Z,2026-07-19T22:00:00+0200,140.37,EUR/MWh,NL,NL,imbalance_price,Short,2026-08-06T05:38:50Z
2026-08-06T05:35:55Z,2026-08-06T07:35:55+0200,c3feb7e2-8675-4f7f-be40-2d97c558df74,2026-07-19T20:15:00Z,2026-07-19T22:15:00+0200,122.86,EUR/MWh,NL,NL,imbalance_price,Long,2026-08-06T05:38:50Z
2026-08-06T05:35:55Z,2026-08-06T07:35:55+0200,c3feb7e2-8675-4f7f-be40-2d97c558df74,2026-07-19T20:15:00Z,2026-07-19T22:15:00+0200,122.86,EUR/MWh,NL,NL,imbalance_price,Short,2026-08-06T05:38:50Z
2026-08-06T05:35:55Z,2026-08-06T07:35:55+0200,c3feb7e2-8675-4f7f-be40-2d97c558df74,2026-07-19T20:30:00Z,2026-07-19T22:30:00+0200,119.0,EUR/MWh,NL,NL,imbalance_price,Long,2026-08-06T05:38:50Z
2026-08-06T05:35:55Z,2026-08-06T07:35:55+0200,c3feb7e2-8675-4f7f-be40-2d97c558df74,2026-07-19T20:30:00Z,2026-07-19T22:30:00+0200,119.0,EUR/MWh,NL,NL,imbalance_price,Short,2026-08-06T05:38:50Z
2026-08-06T05:35:55Z,2026-08-06T07:35:55+0200,c3feb7e2-8675-4f7f-be40-2d97c558df74,2026-07-19T20:45:00Z,2026-07-19T22:45:00+0200,113.75,EUR/MWh,NL,NL,imbalance_price,Long,2026-08-06T05:38:50Z
2026-08-06T05:35:55Z,2026-08-06T07:35:55+0200,c3feb7e2-8675-4f7f-be40-2d97c558df74,2026-07-19T20:45:00Z,2026-07-19T22:45:00+0200,113.75,EUR/MWh,NL,NL,imbalance_price,Short,2026-08-06T05:38:50Z
2026-08-06T05:35:55Z,2026-08-06T07:35:55+0200,c3feb7e2-8675-4f7f-be40-2d97c558df74,2026-07-19T21:00:00Z,2026-07-19T23:00:00+0200,54.1,EUR/MWh,NL,NL,imbalance_price,Long,2026-08-06T05:38:50Z
2026-08-06T05:35:55Z,2026-08-06T07:35:55+0200,c3feb7e2-8675-4f7f-be40-2d97c558df74,2026-07-19T21:00:00Z,2026-07-19T23:00:00+0200,54.1,EUR/MWh,NL,NL,imbalance_price,Short,2026-08-06T05:38:50Z
2026-08-06T05:35:55Z,2026-08-06T07:35:55+0200,c3feb7e2-8675-4f7f-be40-2d97c558df74,2026-07-19T21:15:00Z,2026-07-19T23:15:00+0200,54.1,EUR/MWh,NL,NL,imbalance_price,Long,2026-08-06T05:38:50Z
2026-08-06T05:35:55Z,2026-08-06T07:35:55+0200,c3feb7e2-8675-4f7f-be40-2d97c558df74,2026-07-19T21:15:00Z,2026-07-19T23:15:00+0200,150.0,EUR/MWh,NL,NL,imbalance_price,Short,2026-08-06T05:38:50Z
2026-08-06T05:35:55Z,2026-08-06T07:35:55+0200,c3feb7e2-8675-4f7f-be40-2d97c558df74,2026-07-19T21:30:00Z,2026-07-19T23:30:00+0200,100.05,EUR/MWh,NL,NL,imbalance_price,Long,2026-08-06T05:38:50Z
2026-08-06T05:35:55Z,2026-08-06T07:35:55+0200,c3feb7e2-8675-4f7f-be40-2d97c558df74,2026-07-19T21:30:00Z,2026-07-19T23:30:00+0200,111.0,EUR/MWh,NL,NL,imbalance_price,Short,2026-08-06T05:38:50Z
2026-08-06T05:35:55Z,2026-08-06T07:35:55+0200,c3feb7e2-8675-4f7f-be40-2d97c558df74,2026-07-19T21:45:00Z,2026-07-19T23:45:00+0200,97.1,EUR/MWh,NL,NL,imbalance_price,Long,2026-08-06T05:38:50Z
2026-08-06T05:35:55Z,2026-08-06T07:35:55+0200,c3feb7e2-8675-4f7f-be40-2d97c558df74,2026-07-19T21:45:00Z,2026-07-19T23:45:00+0200,97.1,EUR/MWh,NL,NL,imbalance_price,Short,2026-08-06T05:38:50Z
2026-08-06T05:35:55Z,2026-08-06T07:35:55+0200,c3feb7e2-8675-4f7f-be40-2d97c558df74,2026-07-19T22:00:00Z,2026-07-20T00:00:00+0200,98.0,EUR/MWh,NL,NL,imbalance_price,Long,2026-08-06T05:38:50Z
2026-08-06T05:35:55Z,2026-08-06T07:35:55+0200,c3feb7e2-8675-4f7f-be40-2d97c558df74,2026-07-19T22:00:00Z,2026-07-20T00:00:00+0200,120.05,EUR/MWh,NL,NL,imbalance_price,Short,2026-08-06T05:38:50Z
2026-08-06T05:35:55Z,2026-08-06T07:35:55+0200,c3feb7e2-8675-4f7f-be40-2d97c558df74,2026-07-19T22:15:00Z,2026-07-20T00:15:00+0200,117.63,EUR/MWh,NL,NL,imbalance_price,Long,2026-08-06T05:38:50Z
2026-08-06T05:35:55Z,2026-08-06T07:35:55+0200,c3feb7e2-8675-4f7f-be40-2d97c558df74,2026-07-19T22:15:00Z,2026-07-20T00:15:00+0200,150.0,EUR/MWh,NL,NL,imbalance_price,Short,2026-08-06T05:38:50Z
2026-08-06T05:35:55Z,2026-08-06T07:35:55+0200,c3feb7e2-8675-4f7f-be40-2d97c558df74,2026-07-19T22:30:00Z,2026-07-20T00:30:00+0200,113.6,EUR/MWh,NL,NL,imbalance_price,Long,2026-08-06T05:38:50Z
2026-08-06T05:35:55Z,2026-08-06T07:35:55+0200,c3feb7e2-8675-4f7f-be40-2d97c558df74,2026-07-19T22:30:00Z,2026-07-20T00:30:00+0200,150.0,EUR/MWh,NL,NL,imbalance_price,Short,2026-08-06T05:38:50Z
2026-08-06T05:35:55Z,2026-08-06T07:35:55+0200,c3feb7e2-8675-4f7f-be40-2d97c558df74,2026-07-19T22:45:00Z,2026-07-20T00:45:00+0200,88.0,EUR/MWh,NL,NL,imbalance_price,Long,2026-08-06T05:38:50Z
2026-08-06T05:35:55Z,2026-08-06T07:35:55+0200,c3feb7e2-8675-4f7f-be40-2d97c558df74,2026-07-19T22:45:00Z,2026-07-20T00:45:00+0200,88.0,EUR/MWh,NL,NL,imbalance_price,Short,2026-08-06T05:38:50Z
2026-08-06T05:35:55Z,2026-08-06T07:35:55+0200,c3feb7e2-8675-4f7f-be40-2d97c558df74,2026-07-19T23:00:00Z,2026-07-20T01:00:00+0200,89.9,EUR/MWh,NL,NL,imbalance_price,Long,2026-08-06T05:38:50Z
2026-08-06T05:35:55Z,2026-08-06T07:35:55+0200,c3feb7e2-8675-4f7f-be40-2d97c558df74,2026-07-19T23:00:00Z,2026-07-20T01:00:00+0200,89.9,EUR/MWh,NL,NL,imbalance_price,Short,2026-08-06T05:38:50Z
2026-08-06T05:35:55Z,2026-08-06T07:35:55+0200,c3feb7e2-8675-4f7f-be40-2d97c558df74,2026-07-19T23:15:00Z,2026-07-20T01:15:00+0200,93.6,EUR/MWh,NL,NL,imbalance_price,Long,2026-08-06T05:38:50Z
2026-08-06T05:35:55Z,2026-08-06T07:35:55+0200,c3feb7e2-8675-4f7f-be40-2d97c558df74,2026-07-19T23:15:00Z,2026-07-20T01:15:00+0200,93.6,EUR/MWh,NL,NL,imbalance_price,Short,2026-08-06T05:38:50Z
2026-08-06T05:35:55Z,2026-08-06T07:35:55+0200,c3feb7e2-8675-4f7f-be40-2d97c558df74,2026-07-19T23:30:00Z,2026-07-20T01:30:00+0200,111.5,EUR/MWh,NL,NL,imbalance_price,Long,2026-08-06T05:38:50Z
2026-08-06T05:35:55Z,2026-08-06T07:35:55+0200,c3feb7e2-8675-4f7f-be40-2d97c558df74,2026-07-19T23:30:00Z,2026-07-20T01:30:00+0200,111.5,EUR/MWh,NL,NL,imbalance_price,Short,2026-08-06T05:38:50Z
2026-08-06T05:35:55Z,2026-08-06T07:35:55+0200,c3feb7e2-8675-4f7f-be40-2d97c558df74,2026-07-19T23:45:00Z,2026-07-20T01:45:00+0200,120.05,EUR/MWh,NL,NL,imbalance_price,Long,2026-08-06T05:38:50Z
2026-08-06T05:35:55Z,2026-08-06T07:35:55+0200,c3feb7e2-8675-4f7f-be40-2d97c558df74,2026-07-19T23:45:00Z,2026-07-20T01:45:00+0200,120.05,EUR/MWh,NL,NL,imbalance_price,Short,2026-08-06T05:38:50Z
2026-08-06T05:35:55Z,2026-08-06T07:35:55+0200,c3feb7e2-8675-4f7f-be40-2d97c558df74,2026-07-20T00:00:00Z,2026-07-20T02:00:00+0200,121.0,EUR/MWh,NL,NL,imbalance_price,Long,2026-08-06T05:38:50Z
2026-08-06T05:35:55Z,2026-08-06T07:35:55+0200,c3feb7e2-8675-4f7f-be40-2d97c558df74,2026-07-20T00:00:00Z,2026-07-20T02:00:00+0200,139.97,EUR/MWh,NL,NL,imbalance_price,Short,2026-08-06T05:38:50Z
2026-08-06T05:35:55Z,2026-08-06T07:35:55+0200,c3feb7e2-8675-4f7f-be40-2d97c558df74,2026-07-20T00:15:00Z,2026-07-20T02:15:00+0200,116.0,EUR/MWh,NL,NL,imbalance_price,Long,2026-08-06T05:38:50Z
2026-08-06T05:35:55Z,2026-08-06T07:35:55+0200,c3feb7e2-8675-4f7f-be40-2d97c558df74,2026-07-20T00:15:00Z,2026-07-20T02:15:00+0200,116.0,EUR/MWh,NL,NL,imbalance_price,Short,2026-08-06T05:38:50Z
2026-08-06T05:35:55Z,2026-08-06T07:35:55+0200,c3feb7e2-8675-4f7f-be40-2d97c558df74,2026-07-20T00:30:00Z,2026-07-20T02:30:00+0200,112.57,EUR/MWh,NL,NL,imbalance_price,Long,2026-08-06T05:38:50Z
2026-08-06T05:35:55Z,2026-08-06T07:35:55+0200,c3feb7e2-8675-4f7f-be40-2d97c558df74,2026-07-20T00:30:00Z,2026-07-20T02:30:00+0200,120.05,EUR/MWh,NL,NL,imbalance_price,Short,2026-08-06T05:38:50Z
2026-08-06T05:35:55Z,2026-08-06T07:35:55+0200,c3feb7e2-8675-4f7f-be40-2d97c558df74,2026-07-20T00:45:00Z,2026-07-20T02:45:00+0200,113.32,EUR/MWh,NL,NL,imbalance_price,Long,2026-08-06T05:38:50Z
2026-08-06T05:35:55Z,2026-08-06T07:35:55+0200,c3feb7e2-8675-4f7f-be40-2d97c558df74,2026-07-20T00:45:00Z,2026-07-20T02:45:00+0200,135.0,EUR/MWh,NL,NL,imbalance_price,Short,2026-08-06T05:38:50Z
2026-08-06T05:35:55Z,2026-08-06T07:35:55+0200,c3feb7e2-8675-4f7f-be40-2d97c558df74,2026-07-20T01:00:00Z,2026-07-20T03:00:00+0200,130.8,EUR/MWh,NL,NL,imbalance_price,Long,2026-08-06T05:38:50Z
2026-08-06T05:35:55Z,2026-08-06T07:35:55+0200,c3feb7e2-8675-4f7f-be40-2d97c558df74,2026-07-20T01:00:00Z,2026-07-20T03:00:00+0200,130.8,EUR/MWh,NL,NL,imbalance_price,Short,2026-08-06T05:38:50Z
2026-08-06T05:35:55Z,2026-08-06T07:35:55+0200,c3feb7e2-8675-4f7f-be40-2d97c558df74,2026-07-20T01:15:00Z,2026-07-20T03:15:00+0200,111.5,EUR/MWh,NL,NL,imbalance_price,Long,2026-08-06T05:38:50Z
2026-08-06T05:35:55Z,2026-08-06T07:35:55+0200,c3feb7e2-8675-4f7f-be40-2d97c558df74,2026-07-20T01:15:00Z,2026-07-20T03:15:00+0200,111.5,EUR/MWh,NL,NL,imbalance_price,Short,2026-08-06T05:38:50Z
2026-08-06T05:35:55Z,2026-08-06T07:35:55+0200,c3feb7e2-8675-4f7f-be40-2d97c558df74,2026-07-20T01:30:00Z,2026-07-20T03:30:00+0200,118.47,EUR/MWh,NL,NL,imbalance_price,Long,2026-08-06T05:38:50Z
2026-08-06T05:35:55Z,2026-08-06T07:35:55+0200,c3feb7e2-8675-4f7f-be40-2d97c558df74,2026-07-20T01:30:00Z,2026-07-20T03:30:00+0200,118.47,EUR/MWh,NL,NL,imbalance_price,Short,2026-08-06T05:38:50Z
2026-08-06T05:35:55Z,2026-08-06T07:35:55+0200,c3feb7e2-8675-4f7f-be40-2d97c558df74,2026-07-20T01:45:00Z,2026-07-20T03:45:00+0200,66.0,EUR/MWh,NL,NL,imbalance_price,Long,2026-08-06T05:38:50Z
2026-08-06T05:35:55Z,2026-08-06T07:35:55+0200,c3feb7e2-8675-4f7f-be40-2d97c558df74,2026-07-20T01:45:00Z,2026-07-20T03:45:00+0200,119.03,EUR/MWh,NL,NL,imbalance_price,Short,2026-08-06T05:38:50Z
2026-08-06T05:35:55Z,2026-08-06T07:35:55+0200,c3feb7e2-8675-4f7f-be40-2d97c558df74,2026-07-20T02:00:00Z,2026-07-20T04:00:00+0200,46.51,EUR/MWh,NL,NL,imbalance_price,Long,2026-08-06T05:38:50Z
2026-08-06T05:35:55Z,2026-08-06T07:35:55+0200,c3feb7e2-8675-4f7f-be40-2d97c558df74,2026-07-20T02:00:00Z,2026-07-20T04:00:00+0200,46.51,EUR/MWh,NL,NL,imbalance_price,Short,2026-08-06T05:38:50Z
2026-08-06T05:35:55Z,2026-08-06T07:35:55+0200,c3feb7e2-8675-4f7f-be40-2d97c558df74,2026-07-20T02:15:00Z,2026-07-20T04:15:00+0200,99.7,EUR/MWh,NL,NL,imbalance_price,Long,2026-08-06T05:38:50Z
2026-08-06T05:35:55Z,2026-08-06T07:35:55+0200,c3feb7e2-8675-4f7f-be40-2d97c558df74,2026-07-20T02:15:00Z,2026-07-20T04:15:00+0200,107.51,EUR/MWh,NL,NL,imbalance_price,Short,2026-08-06T05:38:50Z
2026-08-06T05:35:55Z,2026-08-06T07:35:55+0200,c3feb7e2-8675-4f7f-be40-2d97c558df74,2026-07-20T02:30:00Z,2026-07-20T04:30:00+0200,107.51,EUR/MWh,NL,NL,imbalance_price,Long,2026-08-06T05:38:50Z
2026-08-06T05:35:55Z,2026-08-06T07:35:55+0200,c3feb7e2-8675-4f7f-be40-2d97c558df74,2026-07-20T02:30:00Z,2026-07-20T04:30:00+0200,134.09,EUR/MWh,NL,NL,imbalance_price,Short,2026-08-06T05:38:50Z
2026-08-06T05:35:55Z,2026-08-06T07:35:55+0200,c3feb7e2-8675-4f7f-be40-2d97c558df74,2026-07-20T02:45:00Z,2026-07-20T04:45:00+0200,97.1,EUR/MWh,NL,NL,imbalance_price,Long,2026-08-06T05:38:50Z
2026-08-06T05:35:55Z,2026-08-06T07:35:55+0200,c3feb7e2-8675-4f7f-be40-2d97c558df74,2026-07-20T02:45:00Z,2026-07-20T04:45:00+0200,120.05,EUR/MWh,NL,NL,imbalance_price,Short,2026-08-06T05:38:50Z
2026-08-06T05:35:55Z,2026-08-06T07:35:55+0200,c3feb7e2-8675-4f7f-be40-2d97c558df74,2026-07-20T03:00:00Z,2026-07-20T05:00:00+0200,92.1,EUR/MWh,NL,NL,imbalance_price,Long,2026-08-06T05:38:50Z
2026-08-06T05:35:55Z,2026-08-06T07:35:55+0200,c3feb7e2-8675-4f7f-be40-2d97c558df74,2026-07-20T03:00:00Z,2026-07-20T05:00:00+0200,119.0,EUR/MWh,NL,NL,imbalance_price,Short,2026-08-06T05:38:50Z
2026-08-06T05:35:55Z,2026-08-06T07:35:55+0200,c3feb7e2-8675-4f7f-be40-2d97c558df74,2026-07-20T03:15:00Z,2026-07-20T05:15:00+0200,90.0,EUR/MWh,NL,NL,imbalance_price,Long,2026-08-06T05:38:50Z
2026-08-06T05:35:55Z,2026-08-06T07:35:55+0200,c3feb7e2-8675-4f7f-be40-2d97c558df74,2026-07-20T03:15:00Z,2026-07-20T05:15:00+0200,90.0,EUR/MWh,NL,NL,imbalance_price,Short,2026-08-06T05:38:50Z
2026-08-06T05:35:55Z,2026-08-06T07:35:55+0200,c3feb7e2-8675-4f7f-be40-2d97c558df74,2026-07-20T03:30:00Z,2026-07-20T05:30:00+0200,66.0,EUR/MWh,NL,NL,imbalance_price,Long,2026-08-06T05:38:50Z
2026-08-06T05:35:55Z,2026-08-06T07:35:55+0200,c3feb7e2-8675-4f7f-be40-2d97c558df74,2026-07-20T03:30:00Z,2026-07-20T05:30:00+0200,66.0,EUR/MWh,NL,NL,imbalance_price,Short,2026-08-06T05:38:50Z
2026-08-06T05:35:55Z,2026-08-06T07:35:55+0200,c3feb7e2-8675-4f7f-be40-2d97c558df74,2026-07-20T03:45:00Z,2026-07-20T05:45:00+0200,56.0,EUR/MWh,NL,NL,imbalance_price,Long,2026-08-06T05:38:50Z
2026-08-06T05:35:55Z,2026-08-06T07:35:55+0200,c3feb7e2-8675-4f7f-be40-2d97c558df74,2026-07-20T03:45:00Z,2026-07-20T05:45:00+0200,56.0,EUR/MWh,NL,NL,imbalance_price,Short,2026-08-06T05:38:50Z
2026-08-06T05:35:55Z,2026-08-06T07:35:55+0200,c3feb7e2-8675-4f7f-be40-2d97c558df74,2026-07-20T04:00:00Z,2026-07-20T06:00:00+0200,86.4,EUR/MWh,NL,NL,imbalance_price,Long,2026-08-06T05:38:50Z
2026-08-06T05:35:55Z,2026-08-06T07:35:55+0200,c3feb7e2-8675-4f7f-be40-2d97c558df74,2026-07-20T04:00:00Z,2026-07-20T06:00:00+0200,117.5,EUR/MWh,NL,NL,imbalance_price,Short,2026-08-06T05:38:50Z
2026-08-06T05:35:55Z,2026-08-06T07:35:55+0200,c3feb7e2-8675-4f7f-be40-2d97c558df74,2026-07-20T04:15:00Z,2026-07-20T06:15:00+0200,120.05,EUR/MWh,NL,NL,imbalance_price,Long,2026-08-06T05:38:50Z
2026-08-06T05:35:55Z,2026-08-06T07:35:55+0200,c3feb7e2-8675-4f7f-be40-2d97c558df74,2026-07-20T04:15:00Z,2026-07-20T06:15:00+0200,120.05,EUR/MWh,NL,NL,imbalance_price,Short,2026-08-06T05:38:50Z
2026-08-06T05:35:55Z,2026-08-06T07:35:55+0200,c3feb7e2-8675-4f7f-be40-2d97c558df74,2026-07-20T04:30:00Z,2026-07-20T06:30:00+0200,89.3,EUR/MWh,NL,NL,imbalance_price,Long,2026-08-06T05:38:50Z
2026-08-06T05:35:55Z,2026-08-06T07:35:55+0200,c3feb7e2-8675-4f7f-be40-2d97c558df74,2026-07-20T04:30:00Z,2026-07-20T06:30:00+0200,89.3,EUR/MWh,NL,NL,imbalance_price,Short,2026-08-06T05:38:50Z
2026-08-06T05:35:55Z,2026-08-06T07:35:55+0200,c3feb7e2-8675-4f7f-be40-2d97c558df74,2026-07-20T04:45:00Z,2026-07-20T06:45:00+0200,119.91,EUR/MWh,NL,NL,imbalance_price,Long,2026-08-06T05:38:50Z
2026-08-06T05:35:55Z,2026-08-06T07:35:55+0200,c3feb7e2-8675-4f7f-be40-2d97c558df74,2026-07-20T04:45:00Z,2026-07-20T06:45:00+0200,130.8,EUR/MWh,NL,NL,imbalance_price,Short,2026-08-06T05:38:50Z
2026-08-06T05:35:55Z,2026-08-06T07:35:55+0200,c3feb7e2-8675-4f7f-be40-2d97c558df74,2026-07-20T05:00:00Z,2026-07-20T07:00:00+0200,64.2,EUR/MWh,NL,NL,imbalance_price,Long,2026-08-06T05:38:50Z
2026-08-06T05:35:55Z,2026-08-06T07:35:55+0200,c3feb7e2-8675-4f7f-be40-2d97c558df74,2026-07-20T05:00:00Z,2026-07-20T07:00:00+0200,130.8,EUR/MWh,NL,NL,imbalance_price,Short,2026-08-06T05:38:50Z
2026-08-06T05:35:55Z,2026-08-06T07:35:55+0200,c3feb7e2-8675-4f7f-be40-2d97c558df74,2026-07-20T05:15:00Z,2026-07-20T07:15:00+0200,64.09,EUR/MWh,NL,NL,imbalance_price,Long,2026-08-06T05:38:50Z
2026-08-06T05:35:55Z,2026-08-06T07:35:55+0200,c3feb7e2-8675-4f7f-be40-2d97c558df74,2026-07-20T05:15:00Z,2026-07-20T07:15:00+0200,107.51,EUR/MWh,NL,NL,imbalance_price,Short,2026-08-06T05:38:50Z
2026-08-06T05:35:55Z,2026-08-06T07:35:55+0200,c3feb7e2-8675-4f7f-be40-2d97c558df74,2026-07-20T05:30:00Z,2026-07-20T07:30:00+0200,64.09,EUR/MWh,NL,NL,imbalance_price,Long,2026-08-06T05:38:50Z
2026-08-06T05:35:55Z,2026-08-06T07:35:55+0200,c3feb7e2-8675-4f7f-be40-2d97c558df74,2026-07-20T05:30:00Z,2026-07-20T07:30:00+0200,107.51,EUR/MWh,NL,NL,imbalance_price,Short,2026-08-06T05:38:50Z
2026-08-06T05:35:55Z,2026-08-06T07:35:55+0200,c3feb7e2-8675-4f7f-be40-2d97c558df74,2026-07-20T05:45:00Z,2026-07-20T07:45:00+0200,88.0,EUR/MWh,NL,NL,imbalance_price,Long,2026-08-06T05:38:50Z
2026-08-06T05:35:55Z,2026-08-06T07:35:55+0200,c3feb7e2-8675-4f7f-be40-2d97c558df74,2026-07-20T05:45:00Z,2026-07-20T07:45:00+0200,135.0,EUR/MWh,NL,NL,imbalance_price,Short,2026-08-06T05:38:50Z
2026-08-06T05:35:55Z,2026-08-06T07:35:55+0200,c3feb7e2-8675-4f7f-be40-2d97c558df74,2026-07-20T06:00:00Z,2026-07-20T08:00:00+0200,47.6,EUR/MWh,NL,NL,imbalance_price,Long,2026-08-06T05:38:50Z
2026-08-06T05:35:55Z,2026-08-06T07:35:55+0200,c3feb7e2-8675-4f7f-be40-2d97c558df74,2026-07-20T06:00:00Z,2026-07-20T08:00:00+0200,47.6,EUR/MWh,NL,NL,imbalance_price,Short,2026-08-06T05:38:50Z
2026-08-06T05:35:55Z,2026-08-06T07:35:55+0200,c3feb7e2-8675-4f7f-be40-2d97c558df74,2026-07-20T06:15:00Z,2026-07-20T08:15:00+0200,10.0,EUR/MWh,NL,NL,imbalance_price,Long,2026-08-06T05:38:50Z
2026-08-06T05:35:55Z,2026-08-06T07:35:55+0200,c3feb7e2-8675-4f7f-be40-2d97c558df74,2026-07-20T06:15:00Z,2026-07-20T08:15:00+0200,134.09,EUR/MWh,NL,NL,imbalance_price,Short,2026-08-06T05:38:50Z
2026-08-06T05:35:55Z,2026-08-06T07:35:55+0200,c3feb7e2-8675-4f7f-be40-2d97c558df74,2026-07-20T06:30:00Z,2026-07-20T08:30:00+0200,12.0,EUR/MWh,NL,NL,imbalance_price,Long,2026-08-06T05:38:50Z
2026-08-06T05:35:55Z,2026-08-06T07:35:55+0200,c3feb7e2-8675-4f7f-be40-2d97c558df74,2026-07-20T06:30:00Z,2026-07-20T08:30:00+0200,111.0,EUR/MWh,NL,NL,imbalance_price,Short,2026-08-06T05:38:50Z
2026-08-06T05:35:55Z,2026-08-06T07:35:55+0200,c3feb7e2-8675-4f7f-be40-2d97c558df74,2026-07-20T06:45:00Z,2026-07-20T08:45:00+0200,12.0,EUR/MWh,NL,NL,imbalance_price,Long,2026-08-06T05:38:50Z
2026-08-06T05:35:55Z,2026-08-06T07:35:55+0200,c3feb7e2-8675-4f7f-be40-2d97c558df74,2026-07-20T06:45:00Z,2026-07-20T08:45:00+0200,12.0,EUR/MWh,NL,NL,imbalance_price,Short,2026-08-06T05:38:50Z
2026-08-06T05:35:55Z,2026-08-06T07:35:55+0200,c3feb7e2-8675-4f7f-be40-2d97c558df74,2026-07-20T07:00:00Z,2026-07-20T09:00:00+0200,10.4,EUR/MWh,NL,NL,imbalance_price,Long,2026-08-06T05:38:50Z
2026-08-06T05:35:55Z,2026-08-06T07:35:55+0200,c3feb7e2-8675-4f7f-be40-2d97c558df74,2026-07-20T07:00:00Z,2026-07-20T09:00:00+0200,134.09,EUR/MWh,NL,NL,imbalance_price,Short,2026-08-06T05:38:50Z
2026-08-06T05:35:55Z,2026-08-06T07:35:55+0200,c3feb7e2-8675-4f7f-be40-2d97c558df74,2026-07-20T07:15:00Z,2026-07-20T09:15:00+0200,8.0,EUR/MWh,NL,NL,imbalance_price,Long,2026-08-06T05:38:50Z
2026-08-06T05:35:55Z,2026-08-06T07:35:55+0200,c3feb7e2-8675-4f7f-be40-2d97c558df74,2026-07-20T07:15:00Z,2026-07-20T09:15:00+0200,8.0,EUR/MWh,NL,NL,imbalance_price,Short,2026-08-06T05:38:50Z
2026-08-06T05:35:55Z,2026-08-06T07:35:55+0200,c3feb7e2-8675-4f7f-be40-2d97c558df74,2026-07-20T07:30:00Z,2026-07-20T09:30:00+0200,4.7,EUR/MWh,NL,NL,imbalance_price,Long,2026-08-06T05:38:50Z
2026-08-06T05:35:55Z,2026-08-06T07:35:55+0200,c3feb7e2-8675-4f7f-be40-2d97c558df74,2026-07-20T07:30:00Z,2026-07-20T09:30:00+0200,4.7,EUR/MWh,NL,NL,imbalance_price,Short,2026-08-06T05:38:50Z
2026-08-06T05:35:55Z,2026-08-06T07:35:55+0200,c3feb7e2-8675-4f7f-be40-2d97c558df74,2026-07-20T07:45:00Z,2026-07-20T09:45:00+0200,-5.0,EUR/MWh,NL,NL,imbalance_price,Long,2026-08-06T05:38:50Z
2026-08-06T05:35:55Z,2026-08-06T07:35:55+0200,c3feb7e2-8675-4f7f-be40-2d97c558df74,2026-07-20T07:45:00Z,2026-07-20T09:45:00+0200,-5.0,EUR/MWh,NL,NL,imbalance_price,Short,2026-08-06T05:38:50Z
2026-08-06T05:35:55Z,2026-08-06T07:35:55+0200,c3feb7e2-8675-4f7f-be40-2d97c558df74,2026-07-20T08:00:00Z,2026-07-20T10:00:00+0200,-10.0,EUR/MWh,NL,NL,imbalance_price,Long,2026-08-06T05:38:50Z
2026-08-06T05:35:55Z,2026-08-06T07:35:55+0200,c3feb7e2-8675-4f7f-be40-2d97c558df74,2026-07-20T08:00:00Z,2026-07-20T10:00:00+0200,-10.0,EUR/MWh,NL,NL,imbalance_price,Short,2026-08-06T05:38:50Z
2026-08-06T05:35:55Z,2026-08-06T07:35:55+0200,c3feb7e2-8675-4f7f-be40-2d97c558df74,2026-07-20T08:15:00Z,2026-07-20T10:15:00+0200,-10.0,EUR/MWh,NL,NL,imbalance_price,Long,2026-08-06T05:38:50Z
2026-08-06T05:35:55Z,2026-08-06T07:35:55+0200,c3feb7e2-8675-4f7f-be40-2d97c558df74,2026-07-20T08:15:00Z,2026-07-20T10:15:00+0200,-10.0,EUR/MWh,NL,NL,imbalance_price,Short,2026-08-06T05:38:50Z
2026-08-06T05:35:55Z,2026-08-06T07:35:55+0200,c3feb7e2-8675-4f7f-be40-2d97c558df74,2026-07-20T08:30:00Z,2026-07-20T10:30:00+0200,-8.23,EUR/MWh,NL,NL,imbalance_price,Long,2026-08-06T05:38:50Z
2026-08-06T05:35:55Z,2026-08-06T07:35:55+0200,c3feb7e2-8675-4f7f-be40-2d97c558df74,2026-07-20T08:30:00Z,2026-07-20T10:30:00+0200,-8.23,EUR/MWh,NL,NL,imbalance_price,Short,2026-08-06T05:38:50Z
2026-08-06T05:35:55Z,2026-08-06T07:35:55+0200,c3feb7e2-8675-4f7f-be40-2d97c558df74,2026-07-20T08:45:00Z,2026-07-20T10:45:00+0200,-18.1,EUR/MWh,NL,NL,imbalance_price,Long,2026-08-06T05:38:50Z
2026-08-06T05:35:55Z,2026-08-06T07:35:55+0200,c3feb7e2-8675-4f7f-be40-2d97c558df74,2026-07-20T08:45:00Z,2026-07-20T10:45:00+0200,-18.1,EUR/MWh,NL,NL,imbalance_price,Short,2026-08-06T05:38:50Z
2026-08-06T05:35:55Z,2026-08-06T07:35:55+0200,c3feb7e2-8675-4f7f-be40-2d97c558df74,2026-07-20T09:00:00Z,2026-07-20T11:00:00+0200,-18.0,EUR/MWh,NL,NL,imbalance_price,Long,2026-08-06T05:38:50Z
2026-08-06T05:35:55Z,2026-08-06T07:35:55+0200,c3feb7e2-8675-4f7f-be40-2d97c558df74,2026-07-20T09:00:00Z,2026-07-20T11:00:00+0200,-18.0,EUR/MWh,NL,NL,imbalance_price,Short,2026-08-06T05:38:50Z
2026-08-06T05:35:55Z,2026-08-06T07:35:55+0200,c3feb7e2-8675-4f7f-be40-2d97c558df74,2026-07-20T09:15:00Z,2026-07-20T11:15:00+0200,-10.84,EUR/MWh,NL,NL,imbalance_price,Long,2026-08-06T05:38:50Z
2026-08-06T05:35:55Z,2026-08-06T07:35:55+0200,c3feb7e2-8675-4f7f-be40-2d97c558df74,2026-07-20T09:15:00Z,2026-07-20T11:15:00+0200,-10.84,EUR/MWh,NL,NL,imbalance_price,Short,2026-08-06T05:38:50Z
2026-08-06T05:35:55Z,2026-08-06T07:35:55+0200,c3feb7e2-8675-4f7f-be40-2d97c558df74,2026-07-20T09:30:00Z,2026-07-20T11:30:00+0200,-4.0,EUR/MWh,NL,NL,imbalance_price,Long,2026-08-06T05:38:50Z
2026-08-06T05:35:55Z,2026-08-06T07:35:55+0200,c3feb7e2-8675-4f7f-be40-2d97c558df74,2026-07-20T09:30:00Z,2026-07-20T11:30:00+0200,-4.0,EUR/MWh,NL,NL,imbalance_price,Short,2026-08-06T05:38:50Z
2026-08-06T05:35:55Z,2026-08-06T07:35:55+0200,c3feb7e2-8675-4f7f-be40-2d97c558df74,2026-07-20T09:45:00Z,2026-07-20T11:45:00+0200,-8.14,EUR/MWh,NL,NL,imbalance_price,Long,2026-08-06T05:38:50Z
2026-08-06T05:35:55Z,2026-08-06T07:35:55+0200,c3feb7e2-8675-4f7f-be40-2d97c558df74,2026-07-20T09:45:00Z,2026-07-20T11:45:00+0200,42.36,EUR/MWh,NL,NL,imbalance_price,Short,2026-08-06T05:38:50Z
2026-08-06T05:35:55Z,2026-08-06T07:35:55+0200,c3feb7e2-8675-4f7f-be40-2d97c558df74,2026-07-20T10:00:00Z,2026-07-20T12:00:00+0200,-8.14,EUR/MWh,NL,NL,imbalance_price,Long,2026-08-06T05:38:50Z
2026-08-06T05:35:55Z,2026-08-06T07:35:55+0200,c3feb7e2-8675-4f7f-be40-2d97c558df74,2026-07-20T10:00:00Z,2026-07-20T12:00:00+0200,41.39,EUR/MWh,NL,NL,imbalance_price,Short,2026-08-06T05:38:50Z
2026-08-06T05:35:55Z,2026-08-06T07:35:55+0200,c3feb7e2-8675-4f7f-be40-2d97c558df74,2026-07-20T10:15:00Z,2026-07-20T12:15:00+0200,-10.0,EUR/MWh,NL,NL,imbalance_price,Long,2026-08-06T05:38:50Z
2026-08-06T05:35:55Z,2026-08-06T07:35:55+0200,c3feb7e2-8675-4f7f-be40-2d97c558df74,2026-07-20T10:15:00Z,2026-07-20T12:15:00+0200,-10.0,EUR/MWh,NL,NL,imbalance_price,Short,2026-08-06T05:38:50Z
2026-08-06T05:35:55Z,2026-08-06T07:35:55+0200,c3feb7e2-8675-4f7f-be40-2d97c558df74,2026-07-20T10:30:00Z,2026-07-20T12:30:00+0200,-18.0,EUR/MWh,NL,NL,imbalance_price,Long,2026-08-06T05:38:50Z
2026-08-06T05:35:55Z,2026-08-06T07:35:55+0200,c3feb7e2-8675-4f7f-be40-2d97c558df74,2026-07-20T10:30:00Z,2026-07-20T12:30:00+0200,-18.0,EUR/MWh,NL,NL,imbalance_price,Short,2026-08-06T05:38:50Z
2026-08-06T05:35:55Z,2026-08-06T07:35:55+0200,c3feb7e2-8675-4f7f-be40-2d97c558df74,2026-07-20T10:45:00Z,2026-07-20T12:45:00+0200,-60.1,EUR/MWh,NL,NL,imbalance_price,Long,2026-08-06T05:38:50Z
2026-08-06T05:35:55Z,2026-08-06T07:35:55+0200,c3feb7e2-8675-4f7f-be40-2d97c558df74,2026-07-20T10:45:00Z,2026-07-20T12:45:00+0200,-60.1,EUR/MWh,NL,NL,imbalance_price,Short,2026-08-06T05:38:50Z
2026-08-06T05:35:55Z,2026-08-06T07:35:55+0200,c3feb7e2-8675-4f7f-be40-2d97c558df74,2026-07-20T11:00:00Z,2026-07-20T13:00:00+0200,-55.0,EUR/MWh,NL,NL,imbalance_price,Long,2026-08-06T05:38:50Z
2026-08-06T05:35:55Z,2026-08-06T07:35:55+0200,c3feb7e2-8675-4f7f-be40-2d97c558df74,2026-07-20T11:00:00Z,2026-07-20T13:00:00+0200,-55.0,EUR/MWh,NL,NL,imbalance_price,Short,2026-08-06T05:38:50Z
2026-08-06T05:35:55Z,2026-08-06T07:35:55+0200,c3feb7e2-8675-4f7f-be40-2d97c558df74,2026-07-20T11:15:00Z,2026-07-20T13:15:00+0200,-18.0,EUR/MWh,NL,NL,imbalance_price,Long,2026-08-06T05:38:50Z
2026-08-06T05:35:55Z,2026-08-06T07:35:55+0200,c3feb7e2-8675-4f7f-be40-2d97c558df74,2026-07-20T11:15:00Z,2026-07-20T13:15:00+0200,-18.0,EUR/MWh,NL,NL,imbalance_price,Short,2026-08-06T05:38:50Z
2026-08-06T05:35:55Z,2026-08-06T07:35:55+0200,c3feb7e2-8675-4f7f-be40-2d97c558df74,2026-07-20T11:30:00Z,2026-07-20T13:30:00+0200,-30.0,EUR/MWh,NL,NL,imbalance_price,Long,2026-08-06T05:38:50Z
2026-08-06T05:35:55Z,2026-08-06T07:35:55+0200,c3feb7e2-8675-4f7f-be40-2d97c558df74,2026-07-20T11:30:00Z,2026-07-20T13:30:00+0200,-30.0,EUR/MWh,NL,NL,imbalance_price,Short,2026-08-06T05:38:50Z
2026-08-06T05:35:55Z,2026-08-06T07:35:55+0200,c3feb7e2-8675-4f7f-be40-2d97c558df74,2026-07-20T11:45:00Z,2026-07-20T13:45:00+0200,-23.0,EUR/MWh,NL,NL,imbalance_price,Long,2026-08-06T05:38:50Z
2026-08-06T05:35:55Z,2026-08-06T07:35:55+0200,c3feb7e2-8675-4f7f-be40-2d97c558df74,2026-07-20T11:45:00Z,2026-07-20T13:45:00+0200,-23.0,EUR/MWh,NL,NL,imbalance_price,Short,2026-08-06T05:38:50Z
2026-08-06T05:35:55Z,2026-08-06T07:35:55+0200,c3feb7e2-8675-4f7f-be40-2d97c558df74,2026-07-20T12:00:00Z,2026-07-20T14:00:00+0200,-71.0,EUR/MWh,NL,NL,imbalance_price,Long,2026-08-06T05:38:50Z
2026-08-06T05:35:55Z,2026-08-06T07:35:55+0200,c3feb7e2-8675-4f7f-be40-2d97c558df74,2026-07-20T12:00:00Z,2026-07-20T14:00:00+0200,68.83,EUR/MWh,NL,NL,imbalance_price,Short,2026-08-06T05:38:50Z
2026-08-06T05:35:55Z,2026-08-06T07:35:55+0200,c3feb7e2-8675-4f7f-be40-2d97c558df74,2026-07-20T12:15:00Z,2026-07-20T14:15:00+0200,-71.0,EUR/MWh,NL,NL,imbalance_price,Long,2026-08-06T05:38:50Z
2026-08-06T05:35:55Z,2026-08-06T07:35:55+0200,c3feb7e2-8675-4f7f-be40-2d97c558df74,2026-07-20T12:15:00Z,2026-07-20T14:15:00+0200,65.0,EUR/MWh,NL,NL,imbalance_price,Short,2026-08-06T05:38:50Z
2026-08-06T05:35:55Z,2026-08-06T07:35:55+0200,c3feb7e2-8675-4f7f-be40-2d97c558df74,2026-07-20T12:30:00Z,2026-07-20T14:30:00+0200,-22.27,EUR/MWh,NL,NL,imbalance_price,Long,2026-08-06T05:38:50Z
2026-08-06T05:35:55Z,2026-08-06T07:35:55+0200,c3feb7e2-8675-4f7f-be40-2d97c558df74,2026-07-20T12:30:00Z,2026-07-20T14:30:00+0200,-22.27,EUR/MWh,NL,NL,imbalance_price,Short,2026-08-06T05:38:50Z
2026-08-06T05:35:55Z,2026-08-06T07:35:55+0200,c3feb7e2-8675-4f7f-be40-2d97c558df74,2026-07-20T12:45:00Z,2026-07-20T14:45:00+0200,-71.0,EUR/MWh,NL,NL,imbalance_price,Long,2026-08-06T05:38:50Z
2026-08-06T05:35:55Z,2026-08-06T07:35:55+0200,c3feb7e2-8675-4f7f-be40-2d97c558df74,2026-07-20T12:45:00Z,2026-07-20T14:45:00+0200,66.89,EUR/MWh,NL,NL,imbalance_price,Short,2026-08-06T05:38:50Z
2026-08-06T05:35:55Z,2026-08-06T07:35:55+0200,c3feb7e2-8675-4f7f-be40-2d97c558df74,2026-07-20T13:00:00Z,2026-07-20T15:00:00+0200,-85.45,EUR/MWh,NL,NL,imbalance_price,Long,2026-08-06T05:38:50Z
2026-08-06T05:35:55Z,2026-08-06T07:35:55+0200,c3feb7e2-8675-4f7f-be40-2d97c558df74,2026-07-20T13:00:00Z,2026-07-20T15:00:00+0200,-85.45,EUR/MWh,NL,NL,imbalance_price,Short,2026-08-06T05:38:50Z
2026-08-06T05:35:55Z,2026-08-06T07:35:55+0200,c3feb7e2-8675-4f7f-be40-2d97c558df74,2026-07-20T13:15:00Z,2026-07-20T15:15:00+0200,-69.0,EUR/MWh,NL,NL,imbalance_price,Long,2026-08-06T05:38:50Z
2026-08-06T05:35:55Z,2026-08-06T07:35:55+0200,c3feb7e2-8675-4f7f-be40-2d97c558df74,2026-07-20T13:15:00Z,2026-07-20T15:15:00+0200,109.02,EUR/MWh,NL,NL,imbalance_price,Short,2026-08-06T05:38:50Z
2026-08-06T05:35:55Z,2026-08-06T07:35:55+0200,c3feb7e2-8675-4f7f-be40-2d97c558df74,2026-07-20T13:30:00Z,2026-07-20T15:30:00+0200,-70.0,EUR/MWh,NL,NL,imbalance_price,Long,2026-08-06T05:38:50Z
2026-08-06T05:35:55Z,2026-08-06T07:35:55+0200,c3feb7e2-8675-4f7f-be40-2d97c558df74,2026-07-20T13:30:00Z,2026-07-20T15:30:00+0200,103.55,EUR/MWh,NL,NL,imbalance_price,Short,2026-08-06T05:38:50Z
2026-08-06T05:35:55Z,2026-08-06T07:35:55+0200,c3feb7e2-8675-4f7f-be40-2d97c558df74,2026-07-20T13:45:00Z,2026-07-20T15:45:00+0200,-71.0,EUR/MWh,NL,NL,imbalance_price,Long,2026-08-06T05:38:50Z
2026-08-06T05:35:55Z,2026-08-06T07:35:55+0200,c3feb7e2-8675-4f7f-be40-2d97c558df74,2026-07-20T13:45:00Z,2026-07-20T15:45:00+0200,63.9,EUR/MWh,NL,NL,imbalance_price,Short,2026-08-06T05:38:50Z
2026-08-06T05:35:55Z,2026-08-06T07:35:55+0200,c3feb7e2-8675-4f7f-be40-2d97c558df74,2026-07-20T14:00:00Z,2026-07-20T16:00:00+0200,-4.94,EUR/MWh,NL,NL,imbalance_price,Long,2026-08-06T05:38:50Z
2026-08-06T05:35:55Z,2026-08-06T07:35:55+0200,c3feb7e2-8675-4f7f-be40-2d97c558df74,2026-07-20T14:00:00Z,2026-07-20T16:00:00+0200,-4.94,EUR/MWh,NL,NL,imbalance_price,Short,2026-08-06T05:38:50Z
2026-08-06T05:35:55Z,2026-08-06T07:35:55+0200,c3feb7e2-8675-4f7f-be40-2d97c558df74,2026-07-20T14:15:00Z,2026-07-20T16:15:00+0200,-3.94,EUR/MWh,NL,NL,imbalance_price,Long,2026-08-06T05:38:50Z
2026-08-06T05:35:55Z,2026-08-06T07:35:55+0200,c3feb7e2-8675-4f7f-be40-2d97c558df74,2026-07-20T14:15:00Z,2026-07-20T16:15:00+0200,-3.94,EUR/MWh,NL,NL,imbalance_price,Short,2026-08-06T05:38:50Z
2026-08-06T05:35:55Z,2026-08-06T07:35:55+0200,c3feb7e2-8675-4f7f-be40-2d97c558df74,2026-07-20T14:30:00Z,2026-07-20T16:30:00+0200,-70.0,EUR/MWh,NL,NL,imbalance_price,Long,2026-08-06T05:38:50Z
2026-08-06T05:35:55Z,2026-08-06T07:35:55+0200,c3feb7e2-8675-4f7f-be40-2d97c558df74,2026-07-20T14:30:00Z,2026-07-20T16:30:00+0200,65.15,EUR/MWh,NL,NL,imbalance_price,Short,2026-08-06T05:38:50Z
2026-08-06T05:35:55Z,2026-08-06T07:35:55+0200,c3feb7e2-8675-4f7f-be40-2d97c558df74,2026-07-20T14:45:00Z,2026-07-20T16:45:00+0200,-282.9,EUR/MWh,NL,NL,imbalance_price,Long,2026-08-06T05:38:50Z
2026-08-06T05:35:55Z,2026-08-06T07:35:55+0200,c3feb7e2-8675-4f7f-be40-2d97c558df74,2026-07-20T14:45:00Z,2026-07-20T16:45:00+0200,109.02,EUR/MWh,NL,NL,imbalance_price,Short,2026-08-06T05:38:50Z
2026-08-06T05:35:55Z,2026-08-06T07:35:55+0200,c3feb7e2-8675-4f7f-be40-2d97c558df74,2026-07-20T15:00:00Z,2026-07-20T17:00:00+0200,-110.91,EUR/MWh,NL,NL,imbalance_price,Long,2026-08-06T05:38:50Z
2026-08-06T05:35:55Z,2026-08-06T07:35:55+0200,c3feb7e2-8675-4f7f-be40-2d97c558df74,2026-07-20T15:00:00Z,2026-07-20T17:00:00+0200,93.4,EUR/MWh,NL,NL,imbalance_price,Short,2026-08-06T05:38:50Z
2026-08-06T05:35:55Z,2026-08-06T07:35:55+0200,c3feb7e2-8675-4f7f-be40-2d97c558df74,2026-07-20T15:15:00Z,2026-07-20T17:15:00+0200,-35.0,EUR/MWh,NL,NL,imbalance_price,Long,2026-08-06T05:38:50Z
2026-08-06T05:35:55Z,2026-08-06T07:35:55+0200,c3feb7e2-8675-4f7f-be40-2d97c558df74,2026-07-20T15:15:00Z,2026-07-20T17:15:00+0200,89.48,EUR/MWh,NL,NL,imbalance_price,Short,2026-08-06T05:38:50Z
2026-08-06T05:35:55Z,2026-08-06T07:35:55+0200,c3feb7e2-8675-4f7f-be40-2d97c558df74,2026-07-20T15:30:00Z,2026-07-20T17:30:00+0200,10.0,EUR/MWh,NL,NL,imbalance_price,Long,2026-08-06T05:38:50Z
2026-08-06T05:35:55Z,2026-08-06T07:35:55+0200,c3feb7e2-8675-4f7f-be40-2d97c558df74,2026-07-20T15:30:00Z,2026-07-20T17:30:00+0200,89.48,EUR/MWh,NL,NL,imbalance_price,Short,2026-08-06T05:38:50Z
2026-08-06T05:35:55Z,2026-08-06T07:35:55+0200,c3feb7e2-8675-4f7f-be40-2d97c558df74,2026-07-20T15:45:00Z,2026-07-20T17:45:00+0200,86.5,EUR/MWh,NL,NL,imbalance_price,Long,2026-08-06T05:38:50Z
2026-08-06T05:35:55Z,2026-08-06T07:35:55+0200,c3feb7e2-8675-4f7f-be40-2d97c558df74,2026-07-20T15:45:00Z,2026-07-20T17:45:00+0200,111.5,EUR/MWh,NL,NL,imbalance_price,Short,2026-08-06T05:38:50Z
2026-08-06T05:35:55Z,2026-08-06T07:35:55+0200,c3feb7e2-8675-4f7f-be40-2d97c558df74,2026-07-20T16:00:00Z,2026-07-20T18:00:00+0200,-6.7,EUR/MWh,NL,NL,imbalance_price,Long,2026-08-06T05:38:50Z
2026-08-06T05:35:55Z,2026-08-06T07:35:55+0200,c3feb7e2-8675-4f7f-be40-2d97c558df74,2026-07-20T16:00:00Z,2026-07-20T18:00:00+0200,115.5,EUR/MWh,NL,NL,imbalance_price,Short,2026-08-06T05:38:50Z
2026-08-06T05:35:55Z,2026-08-06T07:35:55+0200,c3feb7e2-8675-4f7f-be40-2d97c558df74,2026-07-20T16:15:00Z,2026-07-20T18:15:00+0200,39.79,EUR/MWh,NL,NL,imbalance_price,Long,2026-08-06T05:38:50Z
2026-08-06T05:35:55Z,2026-08-06T07:35:55+0200,c3feb7e2-8675-4f7f-be40-2d97c558df74,2026-07-20T16:15:00Z,2026-07-20T18:15:00+0200,146.5,EUR/MWh,NL,NL,imbalance_price,Short,2026-08-06T05:38:50Z
2026-08-06T05:35:55Z,2026-08-06T07:35:55+0200,c3feb7e2-8675-4f7f-be40-2d97c558df74,2026-07-20T16:30:00Z,2026-07-20T18:30:00+0200,166.0,EUR/MWh,NL,NL,imbalance_price,Long,2026-08-06T05:38:50Z
2026-08-06T05:35:55Z,2026-08-06T07:35:55+0200,c3feb7e2-8675-4f7f-be40-2d97c558df74,2026-07-20T16:30:00Z,2026-07-20T18:30:00+0200,166.0,EUR/MWh,NL,NL,imbalance_price,Short,2026-08-06T05:38:50Z
2026-08-06T05:35:55Z,2026-08-06T07:35:55+0200,c3feb7e2-8675-4f7f-be40-2d97c558df74,2026-07-20T16:45:00Z,2026-07-20T18:45:00+0200,166.0,EUR/MWh,NL,NL,imbalance_price,Long,2026-08-06T05:38:50Z
2026-08-06T05:35:55Z,2026-08-06T07:35:55+0200,c3feb7e2-8675-4f7f-be40-2d97c558df74,2026-07-20T16:45:00Z,2026-07-20T18:45:00+0200,166.0,EUR/MWh,NL,NL,imbalance_price,Short,2026-08-06T05:38:50Z
2026-08-06T05:35:55Z,2026-08-06T07:35:55+0200,c3feb7e2-8675-4f7f-be40-2d97c558df74,2026-07-20T17:00:00Z,2026-07-20T19:00:00+0200,70.4,EUR/MWh,NL,NL,imbalance_price,Long,2026-08-06T05:38:50Z
2026-08-06T05:35:55Z,2026-08-06T07:35:55+0200,c3feb7e2-8675-4f7f-be40-2d97c558df74,2026-07-20T17:00:00Z,2026-07-20T19:00:00+0200,156.0,EUR/MWh,NL,NL,imbalance_price,Short,2026-08-06T05:38:50Z
2026-08-06T05:35:55Z,2026-08-06T07:35:55+0200,c3feb7e2-8675-4f7f-be40-2d97c558df74,2026-07-20T17:15:00Z,2026-07-20T19:15:00+0200,70.4,EUR/MWh,NL,NL,imbalance_price,Long,2026-08-06T05:38:50Z
2026-08-06T05:35:55Z,2026-08-06T07:35:55+0200,c3feb7e2-8675-4f7f-be40-2d97c558df74,2026-07-20T17:15:00Z,2026-07-20T19:15:00+0200,166.0,EUR/MWh,NL,NL,imbalance_price,Short,2026-08-06T05:38:50Z
2026-08-06T05:35:55Z,2026-08-06T07:35:55+0200,c3feb7e2-8675-4f7f-be40-2d97c558df74,2026-07-20T17:30:00Z,2026-07-20T19:30:00+0200,70.4,EUR/MWh,NL,NL,imbalance_price,Long,2026-08-06T05:38:50Z
2026-08-06T05:35:55Z,2026-08-06T07:35:55+0200,c3feb7e2-8675-4f7f-be40-2d97c558df74,2026-07-20T17:30:00Z,2026-07-20T19:30:00+0200,166.0,EUR/MWh,NL,NL,imbalance_price,Short,2026-08-06T05:38:50Z
2026-08-06T05:35:55Z,2026-08-06T07:35:55+0200,c3feb7e2-8675-4f7f-be40-2d97c558df74,2026-07-20T17:45:00Z,2026-07-20T19:45:00+0200,122.03,EUR/MWh,NL,NL,imbalance_price,Long,2026-08-06T05:38:50Z
2026-08-06T05:35:55Z,2026-08-06T07:35:55+0200,c3feb7e2-8675-4f7f-be40-2d97c558df74,2026-07-20T17:45:00Z,2026-07-20T19:45:00+0200,166.0,EUR/MWh,NL,NL,imbalance_price,Short,2026-08-06T05:38:50Z
2026-08-06T05:35:55Z,2026-08-06T07:35:55+0200,c3feb7e2-8675-4f7f-be40-2d97c558df74,2026-07-20T18:00:00Z,2026-07-20T20:00:00+0200,136.67,EUR/MWh,NL,NL,imbalance_price,Long,2026-08-06T05:38:50Z
2026-08-06T05:35:55Z,2026-08-06T07:35:55+0200,c3feb7e2-8675-4f7f-be40-2d97c558df74,2026-07-20T18:00:00Z,2026-07-20T20:00:00+0200,156.0,EUR/MWh,NL,NL,imbalance_price,Short,2026-08-06T05:38:50Z
2026-08-06T05:35:55Z,2026-08-06T07:35:55+0200,c3feb7e2-8675-4f7f-be40-2d97c558df74,2026-07-20T18:15:00Z,2026-07-20T20:15:00+0200,172.26,EUR/MWh,NL,NL,imbalance_price,Long,2026-08-06T05:38:50Z
2026-08-06T05:35:55Z,2026-08-06T07:35:55+0200,c3feb7e2-8675-4f7f-be40-2d97c558df74,2026-07-20T18:15:00Z,2026-07-20T20:15:00+0200,172.26,EUR/MWh,NL,NL,imbalance_price,Short,2026-08-06T05:38:50Z
2026-08-06T05:35:55Z,2026-08-06T07:35:55+0200,c3feb7e2-8675-4f7f-be40-2d97c558df74,2026-07-20T18:30:00Z,2026-07-20T20:30:00+0200,200.0,EUR/MWh,NL,NL,imbalance_price,Long,2026-08-06T05:38:50Z
2026-08-06T05:35:55Z,2026-08-06T07:35:55+0200,c3feb7e2-8675-4f7f-be40-2d97c558df74,2026-07-20T18:30:00Z,2026-07-20T20:30:00+0200,200.0,EUR/MWh,NL,NL,imbalance_price,Short,2026-08-06T05:38:50Z
2026-08-06T05:35:55Z,2026-08-06T07:35:55+0200,c3feb7e2-8675-4f7f-be40-2d97c558df74,2026-07-20T18:45:00Z,2026-07-20T20:45:00+0200,195.69,EUR/MWh,NL,NL,imbalance_price,Long,2026-08-06T05:38:50Z
2026-08-06T05:35:55Z,2026-08-06T07:35:55+0200,c3feb7e2-8675-4f7f-be40-2d97c558df74,2026-07-20T18:45:00Z,2026-07-20T20:45:00+0200,195.69,EUR/MWh,NL,NL,imbalance_price,Short,2026-08-06T05:38:50Z
2026-08-06T05:35:55Z,2026-08-06T07:35:55+0200,c3feb7e2-8675-4f7f-be40-2d97c558df74,2026-07-20T19:00:00Z,2026-07-20T21:00:00+0200,132.49,EUR/MWh,NL,NL,imbalance_price,Long,2026-08-06T05:38:50Z
2026-08-06T05:35:55Z,2026-08-06T07:35:55+0200,c3feb7e2-8675-4f7f-be40-2d97c558df74,2026-07-20T19:00:00Z,2026-07-20T21:00:00+0200,195.33,EUR/MWh,NL,NL,imbalance_price,Short,2026-08-06T05:38:50Z
2026-08-06T05:35:55Z,2026-08-06T07:35:55+0200,c3feb7e2-8675-4f7f-be40-2d97c558df74,2026-07-20T19:15:00Z,2026-07-20T21:15:00+0200,131.62,EUR/MWh,NL,NL,imbalance_price,Long,2026-08-06T05:38:50Z
2026-08-06T05:35:55Z,2026-08-06T07:35:55+0200,c3feb7e2-8675-4f7f-be40-2d97c558df74,2026-07-20T19:15:00Z,2026-07-20T21:15:00+0200,131.62,EUR/MWh,NL,NL,imbalance_price,Short,2026-08-06T05:38:50Z
2026-08-06T05:35:55Z,2026-08-06T07:35:55+0200,c3feb7e2-8675-4f7f-be40-2d97c558df74,2026-07-20T19:30:00Z,2026-07-20T21:30:00+0200,130.7,EUR/MWh,NL,NL,imbalance_price,Long,2026-08-06T05:38:50Z
2026-08-06T05:35:55Z,2026-08-06T07:35:55+0200,c3feb7e2-8675-4f7f-be40-2d97c558df74,2026-07-20T19:30:00Z,2026-07-20T21:30:00+0200,193.7,EUR/MWh,NL,NL,imbalance_price,Short,2026-08-06T05:38:50Z
2026-08-06T05:35:55Z,2026-08-06T07:35:55+0200,c3feb7e2-8675-4f7f-be40-2d97c558df74,2026-07-20T19:45:00Z,2026-07-20T21:45:00+0200,129.76,EUR/MWh,NL,NL,imbalance_price,Long,2026-08-06T05:38:50Z
2026-08-06T05:35:55Z,2026-08-06T07:35:55+0200,c3feb7e2-8675-4f7f-be40-2d97c558df74,2026-07-20T19:45:00Z,2026-07-20T21:45:00+0200,180.0,EUR/MWh,NL,NL,imbalance_price,Short,2026-08-06T05:38:50Z
2026-08-06T05:35:55Z,2026-08-06T07:35:55+0200,c3feb7e2-8675-4f7f-be40-2d97c558df74,2026-07-20T20:00:00Z,2026-07-20T22:00:00+0200,128.54,EUR/MWh,NL,NL,imbalance_price,Long,2026-08-06T05:38:50Z
2026-08-06T05:35:55Z,2026-08-06T07:35:55+0200,c3feb7e2-8675-4f7f-be40-2d97c558df74,2026-07-20T20:00:00Z,2026-07-20T22:00:00+0200,150.0,EUR/MWh,NL,NL,imbalance_price,Short,2026-08-06T05:38:50Z
2026-08-06T05:35:55Z,2026-08-06T07:35:55+0200,c3feb7e2-8675-4f7f-be40-2d97c558df74,2026-07-20T20:15:00Z,2026-07-20T22:15:00+0200,127.32,EUR/MWh,NL,NL,imbalance_price,Long,2026-08-06T05:38:50Z
2026-08-06T05:35:55Z,2026-08-06T07:35:55+0200,c3feb7e2-8675-4f7f-be40-2d97c558df74,2026-07-20T20:15:00Z,2026-07-20T22:15:00+0200,150.0,EUR/MWh,NL,NL,imbalance_price,Short,2026-08-06T05:38:50Z
2026-08-06T05:35:55Z,2026-08-06T07:35:55+0200,c3feb7e2-8675-4f7f-be40-2d97c558df74,2026-07-20T20:30:00Z,2026-07-20T22:30:00+0200,126.11,EUR/MWh,NL,NL,imbalance_price,Long,2026-08-06T05:38:50Z
2026-08-06T05:35:55Z,2026-08-06T07:35:55+0200,c3feb7e2-8675-4f7f-be40-2d97c558df74,2026-07-20T20:30:00Z,2026-07-20T22:30:00+0200,162.0,EUR/MWh,NL,NL,imbalance_price,Short,2026-08-06T05:38:50Z
2026-08-06T05:35:55Z,2026-08-06T07:35:55+0200,c3feb7e2-8675-4f7f-be40-2d97c558df74,2026-07-20T20:45:00Z,2026-07-20T22:45:00+0200,112.61,EUR/MWh,NL,NL,imbalance_price,Long,2026-08-06T05:38:50Z
2026-08-06T05:35:55Z,2026-08-06T07:35:55+0200,c3feb7e2-8675-4f7f-be40-2d97c558df74,2026-07-20T20:45:00Z,2026-07-20T22:45:00+0200,150.0,EUR/MWh,NL,NL,imbalance_price,Short,2026-08-06T05:38:50Z
2026-08-06T05:35:55Z,2026-08-06T07:35:55+0200,c3feb7e2-8675-4f7f-be40-2d97c558df74,2026-07-20T21:00:00Z,2026-07-20T23:00:00+0200,113.27,EUR/MWh,NL,NL,imbalance_price,Long,2026-08-06T05:38:50Z
2026-08-06T05:35:55Z,2026-08-06T07:35:55+0200,c3feb7e2-8675-4f7f-be40-2d97c558df74,2026-07-20T21:00:00Z,2026-07-20T23:00:00+0200,124.46,EUR/MWh,NL,NL,imbalance_price,Short,2026-08-06T05:38:50Z
2026-08-06T05:35:55Z,2026-08-06T07:35:55+0200,c3feb7e2-8675-4f7f-be40-2d97c558df74,2026-07-20T21:15:00Z,2026-07-20T23:15:00+0200,111.16,EUR/MWh,NL,NL,imbalance_price,Long,2026-08-06T05:38:50Z
2026-08-06T05:35:55Z,2026-08-06T07:35:55+0200,c3feb7e2-8675-4f7f-be40-2d97c558df74,2026-07-20T21:15:00Z,2026-07-20T23:15:00+0200,133.79,EUR/MWh,NL,NL,imbalance_price,Short,2026-08-06T05:38:50Z
2026-08-06T05:35:55Z,2026-08-06T07:35:55+0200,c3feb7e2-8675-4f7f-be40-2d97c558df74,2026-07-20T21:30:00Z,2026-07-20T23:30:00+0200,116.61,EUR/MWh,NL,NL,imbalance_price,Long,2026-08-06T05:38:50Z
2026-08-06T05:35:55Z,2026-08-06T07:35:55+0200,c3feb7e2-8675-4f7f-be40-2d97c558df74,2026-07-20T21:30:00Z,2026-07-20T23:30:00+0200,134.09,EUR/MWh,NL,NL,imbalance_price,Short,2026-08-06T05:38:50Z
2026-08-06T05:35:55Z,2026-08-06T07:35:55+0200,c3feb7e2-8675-4f7f-be40-2d97c558df74,2026-07-20T21:45:00Z,2026-07-20T23:45:00+0200,121.16,EUR/MWh,NL,NL,imbalance_price,Long,2026-08-06T05:38:50Z
2026-08-06T05:35:55Z,2026-08-06T07:35:55+0200,c3feb7e2-8675-4f7f-be40-2d97c558df74,2026-07-20T21:45:00Z,2026-07-20T23:45:00+0200,121.16,EUR/MWh,NL,NL,imbalance_price,Short,2026-08-06T05:38:50Z
2026-08-06T05:35:55Z,2026-08-06T07:35:55+0200,c3feb7e2-8675-4f7f-be40-2d97c558df74,2026-07-20T22:00:00Z,2026-07-21T00:00:00+0200,121.6,EUR/MWh,NL,NL,imbalance_price,Long,2026-08-06T05:38:50Z
2026-08-06T05:35:55Z,2026-08-06T07:35:55+0200,c3feb7e2-8675-4f7f-be40-2d97c558df74,2026-07-20T22:00:00Z,2026-07-21T00:00:00+0200,192.35,EUR/MWh,NL,NL,imbalance_price,Short,2026-08-06T05:38:50Z
2026-08-06T05:35:55Z,2026-08-06T07:35:55+0200,c3feb7e2-8675-4f7f-be40-2d97c558df74,2026-07-20T22:15:00Z,2026-07-21T00:15:00+0200,172.18,EUR/MWh,NL,NL,imbalance_price,Long,2026-08-06T05:38:50Z
2026-08-06T05:35:55Z,2026-08-06T07:35:55+0200,c3feb7e2-8675-4f7f-be40-2d97c558df74,2026-07-20T22:15:00Z,2026-07-21T00:15:00+0200,172.18,EUR/MWh,NL,NL,imbalance_price,Short,2026-08-06T05:38:50Z
2026-08-06T05:35:55Z,2026-08-06T07:35:55+0200,c3feb7e2-8675-4f7f-be40-2d97c558df74,2026-07-20T22:30:00Z,2026-07-21T00:30:00+0200,120.18,EUR/MWh,NL,NL,imbalance_price,Long,2026-08-06T05:38:50Z
2026-08-06T05:35:55Z,2026-08-06T07:35:55+0200,c3feb7e2-8675-4f7f-be40-2d97c558df74,2026-07-20T22:30:00Z,2026-07-21T00:30:00+0200,168.0,EUR/MWh,NL,NL,imbalance_price,Short,2026-08-06T05:38:50Z
2026-08-06T05:35:55Z,2026-08-06T07:35:55+0200,c3feb7e2-8675-4f7f-be40-2d97c558df74,2026-07-20T22:45:00Z,2026-07-21T00:45:00+0200,121.88,EUR/MWh,NL,NL,imbalance_price,Long,2026-08-06T05:38:50Z
2026-08-06T05:35:55Z,2026-08-06T07:35:55+0200,c3feb7e2-8675-4f7f-be40-2d97c558df74,2026-07-20T22:45:00Z,2026-07-21T00:45:00+0200,150.0,EUR/MWh,NL,NL,imbalance_price,Short,2026-08-06T05:38:50Z
2026-08-06T05:35:55Z,2026-08-06T07:35:55+0200,c3feb7e2-8675-4f7f-be40-2d97c558df74,2026-07-20T23:00:00Z,2026-07-21T01:00:00+0200,127.83,EUR/MWh,NL,NL,imbalance_price,Long,2026-08-06T05:38:50Z
2026-08-06T05:35:55Z,2026-08-06T07:35:55+0200,c3feb7e2-8675-4f7f-be40-2d97c558df74,2026-07-20T23:00:00Z,2026-07-21T01:00:00+0200,156.0,EUR/MWh,NL,NL,imbalance_price,Short,2026-08-06T05:38:50Z
2026-08-06T05:35:55Z,2026-08-06T07:35:55+0200,c3feb7e2-8675-4f7f-be40-2d97c558df74,2026-07-20T23:15:00Z,2026-07-21T01:15:00+0200,168.0,EUR/MWh,NL,NL,imbalance_price,Long,2026-08-06T05:38:50Z
2026-08-06T05:35:55Z,2026-08-06T07:35:55+0200,c3feb7e2-8675-4f7f-be40-2d97c558df74,2026-07-20T23:15:00Z,2026-07-21T01:15:00+0200,168.0,EUR/MWh,NL,NL,imbalance_price,Short,2026-08-06T05:38:50Z
2026-08-06T05:35:55Z,2026-08-06T07:35:55+0200,c3feb7e2-8675-4f7f-be40-2d97c558df74,2026-07-20T23:30:00Z,2026-07-21T01:30:00+0200,168.0,EUR/MWh,NL,NL,imbalance_price,Long,2026-08-06T05:38:50Z
2026-08-06T05:35:55Z,2026-08-06T07:35:55+0200,c3feb7e2-8675-4f7f-be40-2d97c558df74,2026-07-20T23:30:00Z,2026-07-21T01:30:00+0200,168.0,EUR/MWh,NL,NL,imbalance_price,Short,2026-08-06T05:38:50Z
2026-08-06T05:35:55Z,2026-08-06T07:35:55+0200,c3feb7e2-8675-4f7f-be40-2d97c558df74,2026-07-20T23:45:00Z,2026-07-21T01:45:00+0200,168.0,EUR/MWh,NL,NL,imbalance_price,Long,2026-08-06T05:38:50Z
2026-08-06T05:35:55Z,2026-08-06T07:35:55+0200,c3feb7e2-8675-4f7f-be40-2d97c558df74,2026-07-20T23:45:00Z,2026-07-21T01:45:00+0200,168.0,EUR/MWh,NL,NL,imbalance_price,Short,2026-08-06T05:38:50Z
2026-08-06T05:35:55Z,2026-08-06T07:35:55+0200,c3feb7e2-8675-4f7f-be40-2d97c558df74,2026-07-21T00:00:00Z,2026-07-21T02:00:00+0200,168.0,EUR/MWh,NL,NL,imbalance_price,Long,2026-08-06T05:38:50Z
2026-08-06T05:35:55Z,2026-08-06T07:35:55+0200,c3feb7e2-8675-4f7f-be40-2d97c558df74,2026-07-21T00:00:00Z,2026-07-21T02:00:00+0200,168.0,EUR/MWh,NL,NL,imbalance_price,Short,2026-08-06T05:38:50Z
2026-08-06T05:35:55Z,2026-08-06T07:35:55+0200,c3feb7e2-8675-4f7f-be40-2d97c558df74,2026-07-21T00:15:00Z,2026-07-21T02:15:00+0200,168.0,EUR/MWh,NL,NL,imbalance_price,Long,2026-08-06T05:38:50Z
2026-08-06T05:35:55Z,2026-08-06T07:35:55+0200,c3feb7e2-8675-4f7f-be40-2d97c558df74,2026-07-21T00:15:00Z,2026-07-21T02:15:00+0200,168.0,EUR/MWh,NL,NL,imbalance_price,Short,2026-08-06T05:38:50Z
2026-08-06T05:35:55Z,2026-08-06T07:35:55+0200,c3feb7e2-8675-4f7f-be40-2d97c558df74,2026-07-21T00:30:00Z,2026-07-21T02:30:00+0200,131.35,EUR/MWh,NL,NL,imbalance_price,Long,2026-08-06T05:38:50Z
2026-08-06T05:35:55Z,2026-08-06T07:35:55+0200,c3feb7e2-8675-4f7f-be40-2d97c558df74,2026-07-21T00:30:00Z,2026-07-21T02:30:00+0200,150.0,EUR/MWh,NL,NL,imbalance_price,Short,2026-08-06T05:38:50Z
2026-08-06T05:35:55Z,2026-08-06T07:35:55+0200,c3feb7e2-8675-4f7f-be40-2d97c558df74,2026-07-21T00:45:00Z,2026-07-21T02:45:00+0200,131.86,EUR/MWh,NL,NL,imbalance_price,Long,2026-08-06T05:38:50Z
2026-08-06T05:35:55Z,2026-08-06T07:35:55+0200,c3feb7e2-8675-4f7f-be40-2d97c558df74,2026-07-21T00:45:00Z,2026-07-21T02:45:00+0200,162.0,EUR/MWh,NL,NL,imbalance_price,Short,2026-08-06T05:38:50Z
2026-08-06T05:35:55Z,2026-08-06T07:35:55+0200,c3feb7e2-8675-4f7f-be40-2d97c558df74,2026-07-21T01:00:00Z,2026-07-21T03:00:00+0200,132.36,EUR/MWh,NL,NL,imbalance_price,Long,2026-08-06T05:38:50Z
2026-08-06T05:35:55Z,2026-08-06T07:35:55+0200,c3feb7e2-8675-4f7f-be40-2d97c558df74,2026-07-21T01:00:00Z,2026-07-21T03:00:00+0200,150.0,EUR/MWh,NL,NL,imbalance_price,Short,2026-08-06T05:38:50Z
2026-08-06T05:35:55Z,2026-08-06T07:35:55+0200,c3feb7e2-8675-4f7f-be40-2d97c558df74,2026-07-21T01:15:00Z,2026-07-21T03:15:00+0200,153.0,EUR/MWh,NL,NL,imbalance_price,Long,2026-08-06T05:38:50Z
2026-08-06T05:35:55Z,2026-08-06T07:35:55+0200,c3feb7e2-8675-4f7f-be40-2d97c558df74,2026-07-21T01:15:00Z,2026-07-21T03:15:00+0200,153.0,EUR/MWh,NL,NL,imbalance_price,Short,2026-08-06T05:38:50Z
2026-08-06T05:35:55Z,2026-08-06T07:35:55+0200,c3feb7e2-8675-4f7f-be40-2d97c558df74,2026-07-21T01:30:00Z,2026-07-21T03:30:00+0200,132.03,EUR/MWh,NL,NL,imbalance_price,Long,2026-08-06T05:38:50Z
2026-08-06T05:35:55Z,2026-08-06T07:35:55+0200,c3feb7e2-8675-4f7f-be40-2d97c558df74,2026-07-21T01:30:00Z,2026-07-21T03:30:00+0200,153.0,EUR/MWh,NL,NL,imbalance_price,Short,2026-08-06T05:38:50Z
2026-08-06T05:35:55Z,2026-08-06T07:35:55+0200,c3feb7e2-8675-4f7f-be40-2d97c558df74,2026-07-21T01:45:00Z,2026-07-21T03:45:00+0200,134.09,EUR/MWh,NL,NL,imbalance_price,Long,2026-08-06T05:38:50Z
2026-08-06T05:35:55Z,2026-08-06T07:35:55+0200,c3feb7e2-8675-4f7f-be40-2d97c558df74,2026-07-21T01:45:00Z,2026-07-21T03:45:00+0200,134.09,EUR/MWh,NL,NL,imbalance_price,Short,2026-08-06T05:38:50Z
2026-08-06T05:35:55Z,2026-08-06T07:35:55+0200,c3feb7e2-8675-4f7f-be40-2d97c558df74,2026-07-21T02:00:00Z,2026-07-21T04:00:00+0200,132.45,EUR/MWh,NL,NL,imbalance_price,Long,2026-08-06T05:38:50Z
2026-08-06T05:35:55Z,2026-08-06T07:35:55+0200,c3feb7e2-8675-4f7f-be40-2d97c558df74,2026-07-21T02:00:00Z,2026-07-21T04:00:00+0200,150.0,EUR/MWh,NL,NL,imbalance_price,Short,2026-08-06T05:38:50Z
2026-08-06T05:35:55Z,2026-08-06T07:35:55+0200,c3feb7e2-8675-4f7f-be40-2d97c558df74,2026-07-21T02:15:00Z,2026-07-21T04:15:00+0200,122.13,EUR/MWh,NL,NL,imbalance_price,Long,2026-08-06T05:38:50Z
2026-08-06T05:35:55Z,2026-08-06T07:35:55+0200,c3feb7e2-8675-4f7f-be40-2d97c558df74,2026-07-21T02:15:00Z,2026-07-21T04:15:00+0200,122.13,EUR/MWh,NL,NL,imbalance_price,Short,2026-08-06T05:38:50Z
2026-08-06T05:35:55Z,2026-08-06T07:35:55+0200,c3feb7e2-8675-4f7f-be40-2d97c558df74,2026-07-21T02:30:00Z,2026-07-21T04:30:00+0200,133.74,EUR/MWh,NL,NL,imbalance_price,Long,2026-08-06T05:38:50Z
2026-08-06T05:35:55Z,2026-08-06T07:35:55+0200,c3feb7e2-8675-4f7f-be40-2d97c558df74,2026-07-21T02:30:00Z,2026-07-21T04:30:00+0200,133.74,EUR/MWh,NL,NL,imbalance_price,Short,2026-08-06T05:38:50Z
2026-08-06T05:35:55Z,2026-08-06T07:35:55+0200,c3feb7e2-8675-4f7f-be40-2d97c558df74,2026-07-21T02:45:00Z,2026-07-21T04:45:00+0200,124.3,EUR/MWh,NL,NL,imbalance_price,Long,2026-08-06T05:38:50Z
2026-08-06T05:35:55Z,2026-08-06T07:35:55+0200,c3feb7e2-8675-4f7f-be40-2d97c558df74,2026-07-21T02:45:00Z,2026-07-21T04:45:00+0200,150.0,EUR/MWh,NL,NL,imbalance_price,Short,2026-08-06T05:38:50Z
2026-08-06T05:35:55Z,2026-08-06T07:35:55+0200,c3feb7e2-8675-4f7f-be40-2d97c558df74,2026-07-21T03:00:00Z,2026-07-21T05:00:00+0200,131.64,EUR/MWh,NL,NL,imbalance_price,Long,2026-08-06T05:38:50Z
2026-08-06T05:35:55Z,2026-08-06T07:35:55+0200,c3feb7e2-8675-4f7f-be40-2d97c558df74,2026-07-21T03:00:00Z,2026-07-21T05:00:00+0200,131.64,EUR/MWh,NL,NL,imbalance_price,Short,2026-08-06T05:38:50Z
2026-08-06T05:35:55Z,2026-08-06T07:35:55+0200,c3feb7e2-8675-4f7f-be40-2d97c558df74,2026-07-21T03:15:00Z,2026-07-21T05:15:00+0200,122.13,EUR/MWh,NL,NL,imbalance_price,Long,2026-08-06T05:38:50Z
2026-08-06T05:35:55Z,2026-08-06T07:35:55+0200,c3feb7e2-8675-4f7f-be40-2d97c558df74,2026-07-21T03:15:00Z,2026-07-21T05:15:00+0200,122.13,EUR/MWh,NL,NL,imbalance_price,Short,2026-08-06T05:38:50Z
2026-08-06T05:35:55Z,2026-08-06T07:35:55+0200,c3feb7e2-8675-4f7f-be40-2d97c558df74,2026-07-21T03:30:00Z,2026-07-21T05:30:00+0200,121.82,EUR/MWh,NL,NL,imbalance_price,Long,2026-08-06T05:38:50Z
2026-08-06T05:35:55Z,2026-08-06T07:35:55+0200,c3feb7e2-8675-4f7f-be40-2d97c558df74,2026-07-21T03:30:00Z,2026-07-21T05:30:00+0200,121.82,EUR/MWh,NL,NL,imbalance_price,Short,2026-08-06T05:38:50Z
2026-08-06T05:35:55Z,2026-08-06T07:35:55+0200,c3feb7e2-8675-4f7f-be40-2d97c558df74,2026-07-21T03:45:00Z,2026-07-21T05:45:00+0200,139.02,EUR/MWh,NL,NL,imbalance_price,Long,2026-08-06T05:38:50Z
2026-08-06T05:35:55Z,2026-08-06T07:35:55+0200,c3feb7e2-8675-4f7f-be40-2d97c558df74,2026-07-21T03:45:00Z,2026-07-21T05:45:00+0200,139.02,EUR/MWh,NL,NL,imbalance_price,Short,2026-08-06T05:38:50Z
2026-08-06T05:35:55Z,2026-08-06T07:35:55+0200,c3feb7e2-8675-4f7f-be40-2d97c558df74,2026-07-21T04:00:00Z,2026-07-21T06:00:00+0200,117.99,EUR/MWh,NL,NL,imbalance_price,Long,2026-08-06T05:38:50Z
2026-08-06T05:35:55Z,2026-08-06T07:35:55+0200,c3feb7e2-8675-4f7f-be40-2d97c558df74,2026-07-21T04:00:00Z,2026-07-21T06:00:00+0200,186.6,EUR/MWh,NL,NL,imbalance_price,Short,2026-08-06T05:38:50Z
2026-08-06T05:35:55Z,2026-08-06T07:35:55+0200,c3feb7e2-8675-4f7f-be40-2d97c558df74,2026-07-21T04:15:00Z,2026-07-21T06:15:00+0200,181.3,EUR/MWh,NL,NL,imbalance_price,Long,2026-08-06T05:38:50Z
2026-08-06T05:35:55Z,2026-08-06T07:35:55+0200,c3feb7e2-8675-4f7f-be40-2d97c558df74,2026-07-21T04:15:00Z,2026-07-21T06:15:00+0200,181.3,EUR/MWh,NL,NL,imbalance_price,Short,2026-08-06T05:38:50Z
2026-08-06T05:35:55Z,2026-08-06T07:35:55+0200,c3feb7e2-8675-4f7f-be40-2d97c558df74,2026-07-21T04:30:00Z,2026-07-21T06:30:00+0200,120.05,EUR/MWh,NL,NL,imbalance_price,Long,2026-08-06T05:38:50Z
2026-08-06T05:35:55Z,2026-08-06T07:35:55+0200,c3feb7e2-8675-4f7f-be40-2d97c558df74,2026-07-21T04:30:00Z,2026-07-21T06:30:00+0200,168.0,EUR/MWh,NL,NL,imbalance_price,Short,2026-08-06T05:38:50Z
2026-08-06T05:35:55Z,2026-08-06T07:35:55+0200,c3feb7e2-8675-4f7f-be40-2d97c558df74,2026-07-21T04:45:00Z,2026-07-21T06:45:00+0200,181.47,EUR/MWh,NL,NL,imbalance_price,Long,2026-08-06T05:38:50Z
2026-08-06T05:35:55Z,2026-08-06T07:35:55+0200,c3feb7e2-8675-4f7f-be40-2d97c558df74,2026-07-21T04:45:00Z,2026-07-21T06:45:00+0200,181.47,EUR/MWh,NL,NL,imbalance_price,Short,2026-08-06T05:38:50Z
2026-08-06T05:35:55Z,2026-08-06T07:35:55+0200,c3feb7e2-8675-4f7f-be40-2d97c558df74,2026-07-21T05:00:00Z,2026-07-21T07:00:00+0200,176.01,EUR/MWh,NL,NL,imbalance_price,Long,2026-08-06T05:38:50Z
2026-08-06T05:35:55Z,2026-08-06T07:35:55+0200,c3feb7e2-8675-4f7f-be40-2d97c558df74,2026-07-21T05:00:00Z,2026-07-21T07:00:00+0200,176.01,EUR/MWh,NL,NL,imbalance_price,Short,2026-08-06T05:38:50Z
2026-08-06T05:35:55Z,2026-08-06T07:35:55+0200,c3feb7e2-8675-4f7f-be40-2d97c558df74,2026-07-21T05:15:00Z,2026-07-21T07:15:00+0200,176.48,EUR/MWh,NL,NL,imbalance_price,Long,2026-08-06T05:38:50Z
2026-08-06T05:35:55Z,2026-08-06T07:35:55+0200,c3feb7e2-8675-4f7f-be40-2d97c558df74,2026-07-21T05:15:00Z,2026-07-21T07:15:00+0200,176.48,EUR/MWh,NL,NL,imbalance_price,Short,2026-08-06T05:38:50Z
2026-08-06T05:35:55Z,2026-08-06T07:35:55+0200,c3feb7e2-8675-4f7f-be40-2d97c558df74,2026-07-21T05:30:00Z,2026-07-21T07:30:00+0200,168.0,EUR/MWh,NL,NL,imbalance_price,Long,2026-08-06T05:38:50Z
2026-08-06T05:35:55Z,2026-08-06T07:35:55+0200,c3feb7e2-8675-4f7f-be40-2d97c558df74,2026-07-21T05:30:00Z,2026-07-21T07:30:00+0200,168.0,EUR/MWh,NL,NL,imbalance_price,Short,2026-08-06T05:38:50Z
2026-08-06T05:35:55Z,2026-08-06T07:35:55+0200,c3feb7e2-8675-4f7f-be40-2d97c558df74,2026-07-21T05:45:00Z,2026-07-21T07:45:00+0200,168.0,EUR/MWh,NL,NL,imbalance_price,Long,2026-08-06T05:38:50Z
2026-08-06T05:35:55Z,2026-08-06T07:35:55+0200,c3feb7e2-8675-4f7f-be40-2d97c558df74,2026-07-21T05:45:00Z,2026-07-21T07:45:00+0200,168.0,EUR/MWh,NL,NL,imbalance_price,Short,2026-08-06T05:38:50Z
2026-08-06T05:35:55Z,2026-08-06T07:35:55+0200,c3feb7e2-8675-4f7f-be40-2d97c558df74,2026-07-21T06:00:00Z,2026-07-21T08:00:00+0200,97.1,EUR/MWh,NL,NL,imbalance_price,Long,2026-08-06T05:38:50Z
2026-08-06T05:35:55Z,2026-08-06T07:35:55+0200,c3feb7e2-8675-4f7f-be40-2d97c558df74,2026-07-21T06:00:00Z,2026-07-21T08:00:00+0200,127.6,EUR/MWh,NL,NL,imbalance_price,Short,2026-08-06T05:38:50Z
2026-08-06T05:35:55Z,2026-08-06T07:35:55+0200,c3feb7e2-8675-4f7f-be40-2d97c558df74,2026-07-21T06:15:00Z,2026-07-21T08:15:00+0200,100.8,EUR/MWh,NL,NL,imbalance_price,Long,2026-08-06T05:38:50Z
2026-08-06T05:35:55Z,2026-08-06T07:35:55+0200,c3feb7e2-8675-4f7f-be40-2d97c558df74,2026-07-21T06:15:00Z,2026-07-21T08:15:00+0200,162.0,EUR/MWh,NL,NL,imbalance_price,Short,2026-08-06T05:38:50Z
2026-08-06T05:35:55Z,2026-08-06T07:35:55+0200,c3feb7e2-8675-4f7f-be40-2d97c558df74,2026-07-21T06:30:00Z,2026-07-21T08:30:00+0200,70.0,EUR/MWh,NL,NL,imbalance_price,Long,2026-08-06T05:38:50Z
2026-08-06T05:35:55Z,2026-08-06T07:35:55+0200,c3feb7e2-8675-4f7f-be40-2d97c558df74,2026-07-21T06:30:00Z,2026-07-21T08:30:00+0200,150.0,EUR/MWh,NL,NL,imbalance_price,Short,2026-08-06T05:38:50Z
2026-08-06T05:35:55Z,2026-08-06T07:35:55+0200,c3feb7e2-8675-4f7f-be40-2d97c558df74,2026-07-21T06:45:00Z,2026-07-21T08:45:00+0200,59.6,EUR/MWh,NL,NL,imbalance_price,Long,2026-08-06T05:38:50Z
2026-08-06T05:35:55Z,2026-08-06T07:35:55+0200,c3feb7e2-8675-4f7f-be40-2d97c558df74,2026-07-21T06:45:00Z,2026-07-21T08:45:00+0200,59.6,EUR/MWh,NL,NL,imbalance_price,Short,2026-08-06T05:38:50Z
2026-08-06T05:35:55Z,2026-08-06T07:35:55+0200,c3feb7e2-8675-4f7f-be40-2d97c558df74,2026-07-21T07:00:00Z,2026-07-21T09:00:00+0200,-10.0,EUR/MWh,NL,NL,imbalance_price,Long,2026-08-06T05:38:50Z
2026-08-06T05:35:55Z,2026-08-06T07:35:55+0200,c3feb7e2-8675-4f7f-be40-2d97c558df74,2026-07-21T07:00:00Z,2026-07-21T09:00:00+0200,166.0,EUR/MWh,NL,NL,imbalance_price,Short,2026-08-06T05:38:50Z
2026-08-06T05:35:55Z,2026-08-06T07:35:55+0200,c3feb7e2-8675-4f7f-be40-2d97c558df74,2026-07-21T07:15:00Z,2026-07-21T09:15:00+0200,90.0,EUR/MWh,NL,NL,imbalance_price,Long,2026-08-06T05:38:50Z
2026-08-06T05:35:55Z,2026-08-06T07:35:55+0200,c3feb7e2-8675-4f7f-be40-2d97c558df74,2026-07-21T07:15:00Z,2026-07-21T09:15:00+0200,168.0,EUR/MWh,NL,NL,imbalance_price,Short,2026-08-06T05:38:50Z
2026-08-06T05:35:55Z,2026-08-06T07:35:55+0200,c3feb7e2-8675-4f7f-be40-2d97c558df74,2026-07-21T07:30:00Z,2026-07-21T09:30:00+0200,200.0,EUR/MWh,NL,NL,imbalance_price,Long,2026-08-06T05:38:50Z
2026-08-06T05:35:55Z,2026-08-06T07:35:55+0200,c3feb7e2-8675-4f7f-be40-2d97c558df74,2026-07-21T07:30:00Z,2026-07-21T09:30:00+0200,200.0,EUR/MWh,NL,NL,imbalance_price,Short,2026-08-06T05:38:50Z
2026-08-06T05:35:55Z,2026-08-06T07:35:55+0200,c3feb7e2-8675-4f7f-be40-2d97c558df74,2026-07-21T07:45:00Z,2026-07-21T09:45:00+0200,50.0,EUR/MWh,NL,NL,imbalance_price,Long,2026-08-06T05:38:50Z
2026-08-06T05:35:55Z,2026-08-06T07:35:55+0200,c3feb7e2-8675-4f7f-be40-2d97c558df74,2026-07-21T07:45:00Z,2026-07-21T09:45:00+0200,134.09,EUR/MWh,NL,NL,imbalance_price,Short,2026-08-06T05:38:50Z
2026-08-06T05:35:55Z,2026-08-06T07:35:55+0200,c3feb7e2-8675-4f7f-be40-2d97c558df74,2026-07-21T08:00:00Z,2026-07-21T10:00:00+0200,25.28,EUR/MWh,NL,NL,imbalance_price,Long,2026-08-06T05:38:50Z
2026-08-06T05:35:55Z,2026-08-06T07:35:55+0200,c3feb7e2-8675-4f7f-be40-2d97c558df74,2026-07-21T08:00:00Z,2026-07-21T10:00:00+0200,159.0,EUR/MWh,NL,NL,imbalance_price,Short,2026-08-06T05:38:50Z
2026-08-06T05:35:55Z,2026-08-06T07:35:55+0200,c3feb7e2-8675-4f7f-be40-2d97c558df74,2026-07-21T08:15:00Z,2026-07-21T10:15:00+0200,52.91,EUR/MWh,NL,NL,imbalance_price,Long,2026-08-06T05:38:50Z
2026-08-06T05:35:55Z,2026-08-06T07:35:55+0200,c3feb7e2-8675-4f7f-be40-2d97c558df74,2026-07-21T08:15:00Z,2026-07-21T10:15:00+0200,83.34,EUR/MWh,NL,NL,imbalance_price,Short,2026-08-06T05:38:50Z
2026-08-06T05:35:55Z,2026-08-06T07:35:55+0200,c3feb7e2-8675-4f7f-be40-2d97c558df74,2026-07-21T08:30:00Z,2026-07-21T10:30:00+0200,11.13,EUR/MWh,NL,NL,imbalance_price,Long,2026-08-06T05:38:50Z
2026-08-06T05:35:55Z,2026-08-06T07:35:55+0200,c3feb7e2-8675-4f7f-be40-2d97c558df74,2026-07-21T08:30:00Z,2026-07-21T10:30:00+0200,126.83,EUR/MWh,NL,NL,imbalance_price,Short,2026-08-06T05:38:50Z
2026-08-06T05:35:55Z,2026-08-06T07:35:55+0200,c3feb7e2-8675-4f7f-be40-2d97c558df74,2026-07-21T08:45:00Z,2026-07-21T10:45:00+0200,11.32,EUR/MWh,NL,NL,imbalance_price,Long,2026-08-06T05:38:50Z
2026-08-06T05:35:55Z,2026-08-06T07:35:55+0200,c3feb7e2-8675-4f7f-be40-2d97c558df74,2026-07-21T08:45:00Z,2026-07-21T10:45:00+0200,11.32,EUR/MWh,NL,NL,imbalance_price,Short,2026-08-06T05:38:50Z
2026-08-06T05:35:55Z,2026-08-06T07:35:55+0200,c3feb7e2-8675-4f7f-be40-2d97c558df74,2026-07-21T09:00:00Z,2026-07-21T11:00:00+0200,75.0,EUR/MWh,NL,NL,imbalance_price,Long,2026-08-06T05:38:50Z
2026-08-06T05:35:55Z,2026-08-06T07:35:55+0200,c3feb7e2-8675-4f7f-be40-2d97c558df74,2026-07-21T09:00:00Z,2026-07-21T11:00:00+0200,75.0,EUR/MWh,NL,NL,imbalance_price,Short,2026-08-06T05:38:50Z
2026-08-06T05:35:55Z,2026-08-06T07:35:55+0200,c3feb7e2-8675-4f7f-be40-2d97c558df74,2026-07-21T09:15:00Z,2026-07-21T11:15:00+0200,11.13,EUR/MWh,NL,NL,imbalance_price,Long,2026-08-06T05:38:50Z
2026-08-06T05:35:55Z,2026-08-06T07:35:55+0200,c3feb7e2-8675-4f7f-be40-2d97c558df74,2026-07-21T09:15:00Z,2026-07-21T11:15:00+0200,11.13,EUR/MWh,NL,NL,imbalance_price,Short,2026-08-06T05:38:50Z
2026-08-06T05:35:55Z,2026-08-06T07:35:55+0200,c3feb7e2-8675-4f7f-be40-2d97c558df74,2026-07-21T09:30:00Z,2026-07-21T11:30:00+0200,-1.5,EUR/MWh,NL,NL,imbalance_price,Long,2026-08-06T05:38:50Z
2026-08-06T05:35:55Z,2026-08-06T07:35:55+0200,c3feb7e2-8675-4f7f-be40-2d97c558df74,2026-07-21T09:30:00Z,2026-07-21T11:30:00+0200,-1.5,EUR/MWh,NL,NL,imbalance_price,Short,2026-08-06T05:38:50Z
2026-08-06T05:35:55Z,2026-08-06T07:35:55+0200,c3feb7e2-8675-4f7f-be40-2d97c558df74,2026-07-21T09:45:00Z,2026-07-21T11:45:00+0200,-10.0,EUR/MWh,NL,NL,imbalance_price,Long,2026-08-06T05:38:50Z
2026-08-06T05:35:55Z,2026-08-06T07:35:55+0200,c3feb7e2-8675-4f7f-be40-2d97c558df74,2026-07-21T09:45:00Z,2026-07-21T11:45:00+0200,-10.0,EUR/MWh,NL,NL,imbalance_price,Short,2026-08-06T05:38:50Z
2026-08-06T05:35:55Z,2026-08-06T07:35:55+0200,c3feb7e2-8675-4f7f-be40-2d97c558df74,2026-07-21T10:00:00Z,2026-07-21T12:00:00+0200,-1.5,EUR/MWh,NL,NL,imbalance_price,Long,2026-08-06T05:38:50Z
2026-08-06T05:35:55Z,2026-08-06T07:35:55+0200,c3feb7e2-8675-4f7f-be40-2d97c558df74,2026-07-21T10:00:00Z,2026-07-21T12:00:00+0200,-1.5,EUR/MWh,NL,NL,imbalance_price,Short,2026-08-06T05:38:50Z
2026-08-06T05:35:55Z,2026-08-06T07:35:55+0200,c3feb7e2-8675-4f7f-be40-2d97c558df74,2026-07-21T10:15:00Z,2026-07-21T12:15:00+0200,-2.56,EUR/MWh,NL,NL,imbalance_price,Long,2026-08-06T05:38:50Z
2026-08-06T05:35:55Z,2026-08-06T07:35:55+0200,c3feb7e2-8675-4f7f-be40-2d97c558df74,2026-07-21T10:15:00Z,2026-07-21T12:15:00+0200,-2.56,EUR/MWh,NL,NL,imbalance_price,Short,2026-08-06T05:38:50Z
2026-08-06T05:35:55Z,2026-08-06T07:35:55+0200,c3feb7e2-8675-4f7f-be40-2d97c558df74,2026-07-21T10:30:00Z,2026-07-21T12:30:00+0200,-13.0,EUR/MWh,NL,NL,imbalance_price,Long,2026-08-06T05:38:50Z
2026-08-06T05:35:55Z,2026-08-06T07:35:55+0200,c3feb7e2-8675-4f7f-be40-2d97c558df74,2026-07-21T10:30:00Z,2026-07-21T12:30:00+0200,-13.0,EUR/MWh,NL,NL,imbalance_price,Short,2026-08-06T05:38:50Z
2026-08-06T05:35:55Z,2026-08-06T07:35:55+0200,c3feb7e2-8675-4f7f-be40-2d97c558df74,2026-07-21T10:45:00Z,2026-07-21T12:45:00+0200,-13.0,EUR/MWh,NL,NL,imbalance_price,Long,2026-08-06T05:38:50Z
2026-08-06T05:35:55Z,2026-08-06T07:35:55+0200,c3feb7e2-8675-4f7f-be40-2d97c558df74,2026-07-21T10:45:00Z,2026-07-21T12:45:00+0200,-13.0,EUR/MWh,NL,NL,imbalance_price,Short,2026-08-06T05:38:50Z
2026-08-06T05:35:55Z,2026-08-06T07:35:55+0200,c3feb7e2-8675-4f7f-be40-2d97c558df74,2026-07-21T11:00:00Z,2026-07-21T13:00:00+0200,-13.0,EUR/MWh,NL,NL,imbalance_price,Long,2026-08-06T05:38:50Z
2026-08-06T05:35:55Z,2026-08-06T07:35:55+0200,c3feb7e2-8675-4f7f-be40-2d97c558df74,2026-07-21T11:00:00Z,2026-07-21T13:00:00+0200,-13.0,EUR/MWh,NL,NL,imbalance_price,Short,2026-08-06T05:38:50Z
2026-08-06T05:35:55Z,2026-08-06T07:35:55+0200,c3feb7e2-8675-4f7f-be40-2d97c558df74,2026-07-21T11:15:00Z,2026-07-21T13:15:00+0200,-13.0,EUR/MWh,NL,NL,imbalance_price,Long,2026-08-06T05:38:50Z
2026-08-06T05:35:55Z,2026-08-06T07:35:55+0200,c3feb7e2-8675-4f7f-be40-2d97c558df74,2026-07-21T11:15:00Z,2026-07-21T13:15:00+0200,-13.0,EUR/MWh,NL,NL,imbalance_price,Short,2026-08-06T05:38:50Z
2026-08-06T05:35:55Z,2026-08-06T07:35:55+0200,c3feb7e2-8675-4f7f-be40-2d97c558df74,2026-07-21T11:30:00Z,2026-07-21T13:30:00+0200,-22.27,EUR/MWh,NL,NL,imbalance_price,Long,2026-08-06T05:38:50Z
2026-08-06T05:35:55Z,2026-08-06T07:35:55+0200,c3feb7e2-8675-4f7f-be40-2d97c558df74,2026-07-21T11:30:00Z,2026-07-21T13:30:00+0200,-22.27,EUR/MWh,NL,NL,imbalance_price,Short,2026-08-06T05:38:50Z
2026-08-06T05:35:55Z,2026-08-06T07:35:55+0200,c3feb7e2-8675-4f7f-be40-2d97c558df74,2026-07-21T11:45:00Z,2026-07-21T13:45:00+0200,-1.13,EUR/MWh,NL,NL,imbalance_price,Long,2026-08-06T05:38:50Z
2026-08-06T05:35:55Z,2026-08-06T07:35:55+0200,c3feb7e2-8675-4f7f-be40-2d97c558df74,2026-07-21T11:45:00Z,2026-07-21T13:45:00+0200,-1.13,EUR/MWh,NL,NL,imbalance_price,Short,2026-08-06T05:38:50Z
2026-08-06T05:35:55Z,2026-08-06T07:35:55+0200,c3feb7e2-8675-4f7f-be40-2d97c558df74,2026-07-21T12:00:00Z,2026-07-21T14:00:00+0200,47.96,EUR/MWh,NL,NL,imbalance_price,Long,2026-08-06T05:38:50Z
2026-08-06T05:35:55Z,2026-08-06T07:35:55+0200,c3feb7e2-8675-4f7f-be40-2d97c558df74,2026-07-21T12:00:00Z,2026-07-21T14:00:00+0200,47.96,EUR/MWh,NL,NL,imbalance_price,Short,2026-08-06T05:38:50Z
2026-08-06T05:35:55Z,2026-08-06T07:35:55+0200,c3feb7e2-8675-4f7f-be40-2d97c558df74,2026-07-21T12:15:00Z,2026-07-21T14:15:00+0200,5.61,EUR/MWh,NL,NL,imbalance_price,Long,2026-08-06T05:38:50Z
2026-08-06T05:35:55Z,2026-08-06T07:35:55+0200,c3feb7e2-8675-4f7f-be40-2d97c558df74,2026-07-21T12:15:00Z,2026-07-21T14:15:00+0200,5.61,EUR/MWh,NL,NL,imbalance_price,Short,2026-08-06T05:38:50Z
2026-08-06T05:35:55Z,2026-08-06T07:35:55+0200,c3feb7e2-8675-4f7f-be40-2d97c558df74,2026-07-21T12:30:00Z,2026-07-21T14:30:00+0200,74.74,EUR/MWh,NL,NL,imbalance_price,Long,2026-08-06T05:38:50Z
2026-08-06T05:35:55Z,2026-08-06T07:35:55+0200,c3feb7e2-8675-4f7f-be40-2d97c558df74,2026-07-21T12:30:00Z,2026-07-21T14:30:00+0200,74.74,EUR/MWh,NL,NL,imbalance_price,Short,2026-08-06T05:38:50Z
2026-08-06T05:35:55Z,2026-08-06T07:35:55+0200,c3feb7e2-8675-4f7f-be40-2d97c558df74,2026-07-21T12:45:00Z,2026-07-21T14:45:00+0200,67.82,EUR/MWh,NL,NL,imbalance_price,Long,2026-08-06T05:38:50Z
2026-08-06T05:35:55Z,2026-08-06T07:35:55+0200,c3feb7e2-8675-4f7f-be40-2d97c558df74,2026-07-21T12:45:00Z,2026-07-21T14:45:00+0200,67.82,EUR/MWh,NL,NL,imbalance_price,Short,2026-08-06T05:38:50Z
2026-08-06T05:35:55Z,2026-08-06T07:35:55+0200,c3feb7e2-8675-4f7f-be40-2d97c558df74,2026-07-21T13:00:00Z,2026-07-21T15:00:00+0200,47.96,EUR/MWh,NL,NL,imbalance_price,Long,2026-08-06T05:38:50Z
2026-08-06T05:35:55Z,2026-08-06T07:35:55+0200,c3feb7e2-8675-4f7f-be40-2d97c558df74,2026-07-21T13:00:00Z,2026-07-21T15:00:00+0200,47.96,EUR/MWh,NL,NL,imbalance_price,Short,2026-08-06T05:38:50Z
2026-08-06T05:35:55Z,2026-08-06T07:35:55+0200,c3feb7e2-8675-4f7f-be40-2d97c558df74,2026-07-21T13:15:00Z,2026-07-21T15:15:00+0200,74.7,EUR/MWh,NL,NL,imbalance_price,Long,2026-08-06T05:38:50Z
2026-08-06T05:35:55Z,2026-08-06T07:35:55+0200,c3feb7e2-8675-4f7f-be40-2d97c558df74,2026-07-21T13:15:00Z,2026-07-21T15:15:00+0200,74.7,EUR/MWh,NL,NL,imbalance_price,Short,2026-08-06T05:38:50Z
2026-08-06T05:35:55Z,2026-08-06T07:35:55+0200,c3feb7e2-8675-4f7f-be40-2d97c558df74,2026-07-21T13:30:00Z,2026-07-21T15:30:00+0200,91.06,EUR/MWh,NL,NL,imbalance_price,Long,2026-08-06T05:38:50Z
2026-08-06T05:35:55Z,2026-08-06T07:35:55+0200,c3feb7e2-8675-4f7f-be40-2d97c558df74,2026-07-21T13:30:00Z,2026-07-21T15:30:00+0200,91.06,EUR/MWh,NL,NL,imbalance_price,Short,2026-08-06T05:38:50Z
2026-08-06T05:35:55Z,2026-08-06T07:35:55+0200,c3feb7e2-8675-4f7f-be40-2d97c558df74,2026-07-21T13:45:00Z,2026-07-21T15:45:00+0200,80.15,EUR/MWh,NL,NL,imbalance_price,Long,2026-08-06T05:38:50Z
2026-08-06T05:35:55Z,2026-08-06T07:35:55+0200,c3feb7e2-8675-4f7f-be40-2d97c558df74,2026-07-21T13:45:00Z,2026-07-21T15:45:00+0200,80.15,EUR/MWh,NL,NL,imbalance_price,Short,2026-08-06T05:38:50Z
2026-08-06T05:35:55Z,2026-08-06T07:35:55+0200,c3feb7e2-8675-4f7f-be40-2d97c558df74,2026-07-21T14:00:00Z,2026-07-21T16:00:00+0200,-50.1,EUR/MWh,NL,NL,imbalance_price,Long,2026-08-06T05:38:50Z
2026-08-06T05:35:55Z,2026-08-06T07:35:55+0200,c3feb7e2-8675-4f7f-be40-2d97c558df74,2026-07-21T14:00:00Z,2026-07-21T16:00:00+0200,90.62,EUR/MWh,NL,NL,imbalance_price,Short,2026-08-06T05:38:50Z
2026-08-06T05:35:55Z,2026-08-06T07:35:55+0200,c3feb7e2-8675-4f7f-be40-2d97c558df74,2026-07-21T14:15:00Z,2026-07-21T16:15:00+0200,-1.5,EUR/MWh,NL,NL,imbalance_price,Long,2026-08-06T05:38:50Z
2026-08-06T05:35:55Z,2026-08-06T07:35:55+0200,c3feb7e2-8675-4f7f-be40-2d97c558df74,2026-07-21T14:15:00Z,2026-07-21T16:15:00+0200,-1.5,EUR/MWh,NL,NL,imbalance_price,Short,2026-08-06T05:38:50Z
2026-08-06T05:35:55Z,2026-08-06T07:35:55+0200,c3feb7e2-8675-4f7f-be40-2d97c558df74,2026-07-21T14:30:00Z,2026-07-21T16:30:00+0200,-22.27,EUR/MWh,NL,NL,imbalance_price,Long,2026-08-06T05:38:50Z
2026-08-06T05:35:55Z,2026-08-06T07:35:55+0200,c3feb7e2-8675-4f7f-be40-2d97c558df74,2026-07-21T14:30:00Z,2026-07-21T16:30:00+0200,-22.27,EUR/MWh,NL,NL,imbalance_price,Short,2026-08-06T05:38:50Z
2026-08-06T05:35:55Z,2026-08-06T07:35:55+0200,c3feb7e2-8675-4f7f-be40-2d97c558df74,2026-07-21T14:45:00Z,2026-07-21T16:45:00+0200,-13.0,EUR/MWh,NL,NL,imbalance_price,Long,2026-08-06T05:38:50Z
2026-08-06T05:35:55Z,2026-08-06T07:35:55+0200,c3feb7e2-8675-4f7f-be40-2d97c558df74,2026-07-21T14:45:00Z,2026-07-21T16:45:00+0200,76.66,EUR/MWh,NL,NL,imbalance_price,Short,2026-08-06T05:38:50Z
2026-08-06T05:35:55Z,2026-08-06T07:35:55+0200,c3feb7e2-8675-4f7f-be40-2d97c558df74,2026-07-21T15:00:00Z,2026-07-21T17:00:00+0200,-1.5,EUR/MWh,NL,NL,imbalance_price,Long,2026-08-06T05:38:50Z
2026-08-06T05:35:55Z,2026-08-06T07:35:55+0200,c3feb7e2-8675-4f7f-be40-2d97c558df74,2026-07-21T15:00:00Z,2026-07-21T17:00:00+0200,98.53,EUR/MWh,NL,NL,imbalance_price,Short,2026-08-06T05:38:50Z
2026-08-06T05:35:55Z,2026-08-06T07:35:55+0200,c3feb7e2-8675-4f7f-be40-2d97c558df74,2026-07-21T15:15:00Z,2026-07-21T17:15:00+0200,-49.9,EUR/MWh,NL,NL,imbalance_price,Long,2026-08-06T05:38:50Z
2026-08-06T05:35:55Z,2026-08-06T07:35:55+0200,c3feb7e2-8675-4f7f-be40-2d97c558df74,2026-07-21T15:15:00Z,2026-07-21T17:15:00+0200,152.2,EUR/MWh,NL,NL,imbalance_price,Short,2026-08-06T05:38:50Z
2026-08-06T05:35:55Z,2026-08-06T07:35:55+0200,c3feb7e2-8675-4f7f-be40-2d97c558df74,2026-07-21T15:30:00Z,2026-07-21T17:30:00+0200,-438.38,EUR/MWh,NL,NL,imbalance_price,Long,2026-08-06T05:38:50Z
2026-08-06T05:35:55Z,2026-08-06T07:35:55+0200,c3feb7e2-8675-4f7f-be40-2d97c558df74,2026-07-21T15:30:00Z,2026-07-21T17:30:00+0200,150.0,EUR/MWh,NL,NL,imbalance_price,Short,2026-08-06T05:38:50Z
2026-08-06T05:35:55Z,2026-08-06T07:35:55+0200,c3feb7e2-8675-4f7f-be40-2d97c558df74,2026-07-21T15:45:00Z,2026-07-21T17:45:00+0200,140.0,EUR/MWh,NL,NL,imbalance_price,Long,2026-08-06T05:38:50Z
2026-08-06T05:35:55Z,2026-08-06T07:35:55+0200,c3feb7e2-8675-4f7f-be40-2d97c558df74,2026-07-21T15:45:00Z,2026-07-21T17:45:00+0200,140.0,EUR/MWh,NL,NL,imbalance_price,Short,2026-08-06T05:38:50Z
2026-08-06T05:35:55Z,2026-08-06T07:35:55+0200,c3feb7e2-8675-4f7f-be40-2d97c558df74,2026-07-21T16:00:00Z,2026-07-21T18:00:00+0200,134.88,EUR/MWh,NL,NL,imbalance_price,Long,2026-08-06T05:38:50Z
2026-08-06T05:35:55Z,2026-08-06T07:35:55+0200,c3feb7e2-8675-4f7f-be40-2d97c558df74,2026-07-21T16:00:00Z,2026-07-21T18:00:00+0200,134.88,EUR/MWh,NL,NL,imbalance_price,Short,2026-08-06T05:38:50Z
2026-08-06T05:35:55Z,2026-08-06T07:35:55+0200,c3feb7e2-8675-4f7f-be40-2d97c558df74,2026-07-21T16:15:00Z,2026-07-21T18:15:00+0200,168.0,EUR/MWh,NL,NL,imbalance_price,Long,2026-08-06T05:38:50Z
2026-08-06T05:35:55Z,2026-08-06T07:35:55+0200,c3feb7e2-8675-4f7f-be40-2d97c558df74,2026-07-21T16:15:00Z,2026-07-21T18:15:00+0200,168.0,EUR/MWh,NL,NL,imbalance_price,Short,2026-08-06T05:38:50Z
2026-08-06T05:35:55Z,2026-08-06T07:35:55+0200,c3feb7e2-8675-4f7f-be40-2d97c558df74,2026-07-21T16:30:00Z,2026-07-21T18:30:00+0200,175.55,EUR/MWh,NL,NL,imbalance_price,Long,2026-08-06T05:38:50Z
2026-08-06T05:35:55Z,2026-08-06T07:35:55+0200,c3feb7e2-8675-4f7f-be40-2d97c558df74,2026-07-21T16:30:00Z,2026-07-21T18:30:00+0200,175.55,EUR/MWh,NL,NL,imbalance_price,Short,2026-08-06T05:38:50Z
2026-08-06T05:35:55Z,2026-08-06T07:35:55+0200,c3feb7e2-8675-4f7f-be40-2d97c558df74,2026-07-21T16:45:00Z,2026-07-21T18:45:00+0200,170.0,EUR/MWh,NL,NL,imbalance_price,Long,2026-08-06T05:38:50Z
2026-08-06T05:35:55Z,2026-08-06T07:35:55+0200,c3feb7e2-8675-4f7f-be40-2d97c558df74,2026-07-21T16:45:00Z,2026-07-21T18:45:00+0200,170.0,EUR/MWh,NL,NL,imbalance_price,Short,2026-08-06T05:38:50Z
2026-08-06T05:35:55Z,2026-08-06T07:35:55+0200,c3feb7e2-8675-4f7f-be40-2d97c558df74,2026-07-21T17:00:00Z,2026-07-21T19:00:00+0200,156.0,EUR/MWh,NL,NL,imbalance_price,Long,2026-08-06T05:38:50Z
2026-08-06T05:35:55Z,2026-08-06T07:35:55+0200,c3feb7e2-8675-4f7f-be40-2d97c558df74,2026-07-21T17:00:00Z,2026-07-21T19:00:00+0200,156.0,EUR/MWh,NL,NL,imbalance_price,Short,2026-08-06T05:38:50Z
2026-08-06T05:35:55Z,2026-08-06T07:35:55+0200,c3feb7e2-8675-4f7f-be40-2d97c558df74,2026-07-21T17:15:00Z,2026-07-21T19:15:00+0200,180.0,EUR/MWh,NL,NL,imbalance_price,Long,2026-08-06T05:38:50Z
2026-08-06T05:35:55Z,2026-08-06T07:35:55+0200,c3feb7e2-8675-4f7f-be40-2d97c558df74,2026-07-21T17:15:00Z,2026-07-21T19:15:00+0200,180.0,EUR/MWh,NL,NL,imbalance_price,Short,2026-08-06T05:38:50Z
2026-08-06T05:35:55Z,2026-08-06T07:35:55+0200,c3feb7e2-8675-4f7f-be40-2d97c558df74,2026-07-21T17:30:00Z,2026-07-21T19:30:00+0200,212.4,EUR/MWh,NL,NL,imbalance_price,Long,2026-08-06T05:38:50Z
2026-08-06T05:35:55Z,2026-08-06T07:35:55+0200,c3feb7e2-8675-4f7f-be40-2d97c558df74,2026-07-21T17:30:00Z,2026-07-21T19:30:00+0200,212.4,EUR/MWh,NL,NL,imbalance_price,Short,2026-08-06T05:38:50Z
2026-08-06T05:35:55Z,2026-08-06T07:35:55+0200,c3feb7e2-8675-4f7f-be40-2d97c558df74,2026-07-21T17:45:00Z,2026-07-21T19:45:00+0200,168.0,EUR/MWh,NL,NL,imbalance_price,Long,2026-08-06T05:38:50Z
2026-08-06T05:35:55Z,2026-08-06T07:35:55+0200,c3feb7e2-8675-4f7f-be40-2d97c558df74,2026-07-21T17:45:00Z,2026-07-21T19:45:00+0200,168.0,EUR/MWh,NL,NL,imbalance_price,Short,2026-08-06T05:38:50Z
2026-08-06T05:35:55Z,2026-08-06T07:35:55+0200,c3feb7e2-8675-4f7f-be40-2d97c558df74,2026-07-21T18:00:00Z,2026-07-21T20:00:00+0200,200.0,EUR/MWh,NL,NL,imbalance_price,Long,2026-08-06T05:38:50Z
2026-08-06T05:35:55Z,2026-08-06T07:35:55+0200,c3feb7e2-8675-4f7f-be40-2d97c558df74,2026-07-21T18:00:00Z,2026-07-21T20:00:00+0200,200.0,EUR/MWh,NL,NL,imbalance_price,Short,2026-08-06T05:38:50Z
2026-08-06T05:35:55Z,2026-08-06T07:35:55+0200,c3feb7e2-8675-4f7f-be40-2d97c558df74,2026-07-21T18:15:00Z,2026-07-21T20:15:00+0200,185.0,EUR/MWh,NL,NL,imbalance_price,Long,2026-08-06T05:38:50Z
2026-08-06T05:35:55Z,2026-08-06T07:35:55+0200,c3feb7e2-8675-4f7f-be40-2d97c558df74,2026-07-21T18:15:00Z,2026-07-21T20:15:00+0200,185.0,EUR/MWh,NL,NL,imbalance_price,Short,2026-08-06T05:38:50Z
2026-08-06T05:35:55Z,2026-08-06T07:35:55+0200,c3feb7e2-8675-4f7f-be40-2d97c558df74,2026-07-21T18:30:00Z,2026-07-21T20:30:00+0200,1578.0,EUR/MWh,NL,NL,imbalance_price,Long,2026-08-06T05:38:50Z
2026-08-06T05:35:55Z,2026-08-06T07:35:55+0200,c3feb7e2-8675-4f7f-be40-2d97c558df74,2026-07-21T18:30:00Z,2026-07-21T20:30:00+0200,1578.0,EUR/MWh,NL,NL,imbalance_price,Short,2026-08-06T05:38:50Z
2026-08-06T05:35:55Z,2026-08-06T07:35:55+0200,c3feb7e2-8675-4f7f-be40-2d97c558df74,2026-07-21T18:45:00Z,2026-07-21T20:45:00+0200,800.0,EUR/MWh,NL,NL,imbalance_price,Long,2026-08-06T05:38:50Z
2026-08-06T05:35:55Z,2026-08-06T07:35:55+0200,c3feb7e2-8675-4f7f-be40-2d97c558df74,2026-07-21T18:45:00Z,2026-07-21T20:45:00+0200,800.0,EUR/MWh,NL,NL,imbalance_price,Short,2026-08-06T05:38:50Z
2026-08-06T05:35:55Z,2026-08-06T07:35:55+0200,c3feb7e2-8675-4f7f-be40-2d97c558df74,2026-07-21T19:00:00Z,2026-07-21T21:00:00+0200,153.0,EUR/MWh,NL,NL,imbalance_price,Long,2026-08-06T05:38:50Z
2026-08-06T05:35:55Z,2026-08-06T07:35:55+0200,c3feb7e2-8675-4f7f-be40-2d97c558df74,2026-07-21T19:00:00Z,2026-07-21T21:00:00+0200,153.0,EUR/MWh,NL,NL,imbalance_price,Short,2026-08-06T05:38:50Z
2026-08-06T05:35:55Z,2026-08-06T07:35:55+0200,c3feb7e2-8675-4f7f-be40-2d97c558df74,2026-07-21T19:15:00Z,2026-07-21T21:15:00+0200,168.0,EUR/MWh,NL,NL,imbalance_price,Long,2026-08-06T05:38:50Z
2026-08-06T05:35:55Z,2026-08-06T07:35:55+0200,c3feb7e2-8675-4f7f-be40-2d97c558df74,2026-07-21T19:15:00Z,2026-07-21T21:15:00+0200,168.0,EUR/MWh,NL,NL,imbalance_price,Short,2026-08-06T05:38:50Z
2026-08-06T05:35:55Z,2026-08-06T07:35:55+0200,c3feb7e2-8675-4f7f-be40-2d97c558df74,2026-07-21T19:30:00Z,2026-07-21T21:30:00+0200,185.0,EUR/MWh,NL,NL,imbalance_price,Long,2026-08-06T05:38:50Z
2026-08-06T05:35:55Z,2026-08-06T07:35:55+0200,c3feb7e2-8675-4f7f-be40-2d97c558df74,2026-07-21T19:30:00Z,2026-07-21T21:30:00+0200,185.0,EUR/MWh,NL,NL,imbalance_price,Short,2026-08-06T05:38:50Z
2026-08-06T05:35:55Z,2026-08-06T07:35:55+0200,c3feb7e2-8675-4f7f-be40-2d97c558df74,2026-07-21T19:45:00Z,2026-07-21T21:45:00+0200,131.27,EUR/MWh,NL,NL,imbalance_price,Long,2026-08-06T05:38:50Z
2026-08-06T05:35:55Z,2026-08-06T07:35:55+0200,c3feb7e2-8675-4f7f-be40-2d97c558df74,2026-07-21T19:45:00Z,2026-07-21T21:45:00+0200,205.01,EUR/MWh,NL,NL,imbalance_price,Short,2026-08-06T05:38:50Z
2026-08-06T05:35:55Z,2026-08-06T07:35:55+0200,c3feb7e2-8675-4f7f-be40-2d97c558df74,2026-07-21T20:00:00Z,2026-07-21T22:00:00+0200,119.6,EUR/MWh,NL,NL,imbalance_price,Long,2026-08-06T05:38:50Z
2026-08-06T05:35:55Z,2026-08-06T07:35:55+0200,c3feb7e2-8675-4f7f-be40-2d97c558df74,2026-07-21T20:00:00Z,2026-07-21T22:00:00+0200,119.6,EUR/MWh,NL,NL,imbalance_price,Short,2026-08-06T05:38:50Z
2026-08-06T05:35:55Z,2026-08-06T07:35:55+0200,c3feb7e2-8675-4f7f-be40-2d97c558df74,2026-07-21T20:15:00Z,2026-07-21T22:15:00+0200,93.74,EUR/MWh,NL,NL,imbalance_price,Long,2026-08-06T05:38:50Z
2026-08-06T05:35:55Z,2026-08-06T07:35:55+0200,c3feb7e2-8675-4f7f-be40-2d97c558df74,2026-07-21T20:15:00Z,2026-07-21T22:15:00+0200,93.74,EUR/MWh,NL,NL,imbalance_price,Short,2026-08-06T05:38:50Z
2026-08-06T05:35:55Z,2026-08-06T07:35:55+0200,c3feb7e2-8675-4f7f-be40-2d97c558df74,2026-07-21T20:30:00Z,2026-07-21T22:30:00+0200,113.19,EUR/MWh,NL,NL,imbalance_price,Long,2026-08-06T05:38:50Z
2026-08-06T05:35:55Z,2026-08-06T07:35:55+0200,c3feb7e2-8675-4f7f-be40-2d97c558df74,2026-07-21T20:30:00Z,2026-07-21T22:30:00+0200,136.56,EUR/MWh,NL,NL,imbalance_price,Short,2026-08-06T05:38:50Z
2026-08-06T05:35:55Z,2026-08-06T07:35:55+0200,c3feb7e2-8675-4f7f-be40-2d97c558df74,2026-07-21T20:45:00Z,2026-07-21T22:45:00+0200,119.14,EUR/MWh,NL,NL,imbalance_price,Long,2026-08-06T05:38:50Z
2026-08-06T05:35:55Z,2026-08-06T07:35:55+0200,c3feb7e2-8675-4f7f-be40-2d97c558df74,2026-07-21T20:45:00Z,2026-07-21T22:45:00+0200,119.14,EUR/MWh,NL,NL,imbalance_price,Short,2026-08-06T05:38:50Z
2026-08-06T05:35:55Z,2026-08-06T07:35:55+0200,c3feb7e2-8675-4f7f-be40-2d97c558df74,2026-07-21T21:00:00Z,2026-07-21T23:00:00+0200,125.36,EUR/MWh,NL,NL,imbalance_price,Long,2026-08-06T05:38:50Z
2026-08-06T05:35:55Z,2026-08-06T07:35:55+0200,c3feb7e2-8675-4f7f-be40-2d97c558df74,2026-07-21T21:00:00Z,2026-07-21T23:00:00+0200,165.0,EUR/MWh,NL,NL,imbalance_price,Short,2026-08-06T05:38:50Z
2026-08-06T05:35:55Z,2026-08-06T07:35:55+0200,c3feb7e2-8675-4f7f-be40-2d97c558df74,2026-07-21T21:15:00Z,2026-07-21T23:15:00+0200,118.76,EUR/MWh,NL,NL,imbalance_price,Long,2026-08-06T05:38:50Z
2026-08-06T05:35:55Z,2026-08-06T07:35:55+0200,c3feb7e2-8675-4f7f-be40-2d97c558df74,2026-07-21T21:15:00Z,2026-07-21T23:15:00+0200,118.76,EUR/MWh,NL,NL,imbalance_price,Short,2026-08-06T05:38:50Z
2026-08-06T05:35:55Z,2026-08-06T07:35:55+0200,c3feb7e2-8675-4f7f-be40-2d97c558df74,2026-07-21T21:30:00Z,2026-07-21T23:30:00+0200,112.11,EUR/MWh,NL,NL,imbalance_price,Long,2026-08-06T05:38:50Z
2026-08-06T05:35:55Z,2026-08-06T07:35:55+0200,c3feb7e2-8675-4f7f-be40-2d97c558df74,2026-07-21T21:30:00Z,2026-07-21T23:30:00+0200,112.11,EUR/MWh,NL,NL,imbalance_price,Short,2026-08-06T05:38:50Z
2026-08-06T05:35:55Z,2026-08-06T07:35:55+0200,c3feb7e2-8675-4f7f-be40-2d97c558df74,2026-07-21T21:45:00Z,2026-07-21T23:45:00+0200,104.2,EUR/MWh,NL,NL,imbalance_price,Long,2026-08-06T05:38:50Z
2026-08-06T05:35:55Z,2026-08-06T07:35:55+0200,c3feb7e2-8675-4f7f-be40-2d97c558df74,2026-07-21T21:45:00Z,2026-07-21T23:45:00+0200,104.2,EUR/MWh,NL,NL,imbalance_price,Short,2026-08-06T05:38:50Z
2026-08-06T05:35:55Z,2026-08-06T07:35:55+0200,c3feb7e2-8675-4f7f-be40-2d97c558df74,2026-07-21T22:00:00Z,2026-07-22T00:00:00+0200,110.23,EUR/MWh,NL,NL,imbalance_price,Long,2026-08-06T05:38:50Z
2026-08-06T05:35:55Z,2026-08-06T07:35:55+0200,c3feb7e2-8675-4f7f-be40-2d97c558df74,2026-07-21T22:00:00Z,2026-07-22T00:00:00+0200,110.23,EUR/MWh,NL,NL,imbalance_price,Short,2026-08-06T05:38:50Z
2026-08-06T05:35:55Z,2026-08-06T07:35:55+0200,c3feb7e2-8675-4f7f-be40-2d97c558df74,2026-07-21T22:15:00Z,2026-07-22T00:15:00+0200,117.8,EUR/MWh,NL,NL,imbalance_price,Long,2026-08-06T05:38:50Z
2026-08-06T05:35:55Z,2026-08-06T07:35:55+0200,c3feb7e2-8675-4f7f-be40-2d97c558df74,2026-07-21T22:15:00Z,2026-07-22T00:15:00+0200,122.16,EUR/MWh,NL,NL,imbalance_price,Short,2026-08-06T05:38:50Z
2026-08-06T05:35:55Z,2026-08-06T07:35:55+0200,c3feb7e2-8675-4f7f-be40-2d97c558df74,2026-07-21T22:30:00Z,2026-07-22T00:30:00+0200,116.23,EUR/MWh,NL,NL,imbalance_price,Long,2026-08-06T05:38:50Z
2026-08-06T05:35:55Z,2026-08-06T07:35:55+0200,c3feb7e2-8675-4f7f-be40-2d97c558df74,2026-07-21T22:30:00Z,2026-07-22T00:30:00+0200,116.23,EUR/MWh,NL,NL,imbalance_price,Short,2026-08-06T05:38:50Z
2026-08-06T05:35:55Z,2026-08-06T07:35:55+0200,c3feb7e2-8675-4f7f-be40-2d97c558df74,2026-07-21T22:45:00Z,2026-07-22T00:45:00+0200,109.0,EUR/MWh,NL,NL,imbalance_price,Long,2026-08-06T05:38:50Z
2026-08-06T05:35:55Z,2026-08-06T07:35:55+0200,c3feb7e2-8675-4f7f-be40-2d97c558df74,2026-07-21T22:45:00Z,2026-07-22T00:45:00+0200,109.0,EUR/MWh,NL,NL,imbalance_price,Short,2026-08-06T05:38:50Z
2026-08-06T05:35:55Z,2026-08-06T07:35:55+0200,c3feb7e2-8675-4f7f-be40-2d97c558df74,2026-07-21T23:00:00Z,2026-07-22T01:00:00+0200,109.4,EUR/MWh,NL,NL,imbalance_price,Long,2026-08-06T05:38:50Z
2026-08-06T05:35:55Z,2026-08-06T07:35:55+0200,c3feb7e2-8675-4f7f-be40-2d97c558df74,2026-07-21T23:00:00Z,2026-07-22T01:00:00+0200,130.0,EUR/MWh,NL,NL,imbalance_price,Short,2026-08-06T05:38:50Z
2026-08-06T05:35:55Z,2026-08-06T07:35:55+0200,c3feb7e2-8675-4f7f-be40-2d97c558df74,2026-07-21T23:15:00Z,2026-07-22T01:15:00+0200,109.95,EUR/MWh,NL,NL,imbalance_price,Long,2026-08-06T05:38:50Z
2026-08-06T05:35:55Z,2026-08-06T07:35:55+0200,c3feb7e2-8675-4f7f-be40-2d97c558df74,2026-07-21T23:15:00Z,2026-07-22T01:15:00+0200,140.0,EUR/MWh,NL,NL,imbalance_price,Short,2026-08-06T05:38:50Z
2026-08-06T05:35:55Z,2026-08-06T07:35:55+0200,c3feb7e2-8675-4f7f-be40-2d97c558df74,2026-07-21T23:30:00Z,2026-07-22T01:30:00+0200,109.95,EUR/MWh,NL,NL,imbalance_price,Long,2026-08-06T05:38:50Z
2026-08-06T05:35:55Z,2026-08-06T07:35:55+0200,c3feb7e2-8675-4f7f-be40-2d97c558df74,2026-07-21T23:30:00Z,2026-07-22T01:30:00+0200,150.0,EUR/MWh,NL,NL,imbalance_price,Short,2026-08-06T05:38:50Z
2026-08-06T05:35:55Z,2026-08-06T07:35:55+0200,c3feb7e2-8675-4f7f-be40-2d97c558df74,2026-07-21T23:45:00Z,2026-07-22T01:45:00+0200,109.4,EUR/MWh,NL,NL,imbalance_price,Long,2026-08-06T05:38:50Z
2026-08-06T05:35:55Z,2026-08-06T07:35:55+0200,c3feb7e2-8675-4f7f-be40-2d97c558df74,2026-07-21T23:45:00Z,2026-07-22T01:45:00+0200,135.0,EUR/MWh,NL,NL,imbalance_price,Short,2026-08-06T05:38:50Z
2026-08-06T05:35:55Z,2026-08-06T07:35:55+0200,c3feb7e2-8675-4f7f-be40-2d97c558df74,2026-07-22T00:00:00Z,2026-07-22T02:00:00+0200,109.4,EUR/MWh,NL,NL,imbalance_price,Long,2026-08-06T05:38:50Z
2026-08-06T05:35:55Z,2026-08-06T07:35:55+0200,c3feb7e2-8675-4f7f-be40-2d97c558df74,2026-07-22T00:00:00Z,2026-07-22T02:00:00+0200,150.0,EUR/MWh,NL,NL,imbalance_price,Short,2026-08-06T05:38:50Z
2026-08-06T05:35:55Z,2026-08-06T07:35:55+0200,c3feb7e2-8675-4f7f-be40-2d97c558df74,2026-07-22T00:15:00Z,2026-07-22T02:15:00+0200,119.2,EUR/MWh,NL,NL,imbalance_price,Long,2026-08-06T05:38:50Z
2026-08-06T05:35:55Z,2026-08-06T07:35:55+0200,c3feb7e2-8675-4f7f-be40-2d97c558df74,2026-07-22T00:15:00Z,2026-07-22T02:15:00+0200,125.46,EUR/MWh,NL,NL,imbalance_price,Short,2026-08-06T05:38:50Z
2026-08-06T05:35:55Z,2026-08-06T07:35:55+0200,c3feb7e2-8675-4f7f-be40-2d97c558df74,2026-07-22T00:30:00Z,2026-07-22T02:30:00+0200,125.12,EUR/MWh,NL,NL,imbalance_price,Long,2026-08-06T05:38:50Z
2026-08-06T05:35:55Z,2026-08-06T07:35:55+0200,c3feb7e2-8675-4f7f-be40-2d97c558df74,2026-07-22T00:30:00Z,2026-07-22T02:30:00+0200,125.12,EUR/MWh,NL,NL,imbalance_price,Short,2026-08-06T05:38:50Z
2026-08-06T05:35:55Z,2026-08-06T07:35:55+0200,c3feb7e2-8675-4f7f-be40-2d97c558df74,2026-07-22T00:45:00Z,2026-07-22T02:45:00+0200,125.22,EUR/MWh,NL,NL,imbalance_price,Long,2026-08-06T05:38:50Z
2026-08-06T05:35:55Z,2026-08-06T07:35:55+0200,c3feb7e2-8675-4f7f-be40-2d97c558df74,2026-07-22T00:45:00Z,2026-07-22T02:45:00+0200,125.22,EUR/MWh,NL,NL,imbalance_price,Short,2026-08-06T05:38:50Z
2026-08-06T05:35:55Z,2026-08-06T07:35:55+0200,c3feb7e2-8675-4f7f-be40-2d97c558df74,2026-07-22T01:00:00Z,2026-07-22T03:00:00+0200,120.89,EUR/MWh,NL,NL,imbalance_price,Long,2026-08-06T05:38:50Z
2026-08-06T05:35:55Z,2026-08-06T07:35:55+0200,c3feb7e2-8675-4f7f-be40-2d97c558df74,2026-07-22T01:00:00Z,2026-07-22T03:00:00+0200,174.0,EUR/MWh,NL,NL,imbalance_price,Short,2026-08-06T05:38:50Z
2026-08-06T05:35:55Z,2026-08-06T07:35:55+0200,c3feb7e2-8675-4f7f-be40-2d97c558df74,2026-07-22T01:15:00Z,2026-07-22T03:15:00+0200,150.0,EUR/MWh,NL,NL,imbalance_price,Long,2026-08-06T05:38:50Z
2026-08-06T05:35:55Z,2026-08-06T07:35:55+0200,c3feb7e2-8675-4f7f-be40-2d97c558df74,2026-07-22T01:15:00Z,2026-07-22T03:15:00+0200,150.0,EUR/MWh,NL,NL,imbalance_price,Short,2026-08-06T05:38:50Z
2026-08-06T05:35:55Z,2026-08-06T07:35:55+0200,c3feb7e2-8675-4f7f-be40-2d97c558df74,2026-07-22T01:30:00Z,2026-07-22T03:30:00+0200,139.78,EUR/MWh,NL,NL,imbalance_price,Long,2026-08-06T05:38:50Z
2026-08-06T05:35:55Z,2026-08-06T07:35:55+0200,c3feb7e2-8675-4f7f-be40-2d97c558df74,2026-07-22T01:30:00Z,2026-07-22T03:30:00+0200,139.78,EUR/MWh,NL,NL,imbalance_price,Short,2026-08-06T05:38:50Z
2026-08-06T05:35:55Z,2026-08-06T07:35:55+0200,c3feb7e2-8675-4f7f-be40-2d97c558df74,2026-07-22T01:45:00Z,2026-07-22T03:45:00+0200,150.0,EUR/MWh,NL,NL,imbalance_price,Long,2026-08-06T05:38:50Z
2026-08-06T05:35:55Z,2026-08-06T07:35:55+0200,c3feb7e2-8675-4f7f-be40-2d97c558df74,2026-07-22T01:45:00Z,2026-07-22T03:45:00+0200,150.0,EUR/MWh,NL,NL,imbalance_price,Short,2026-08-06T05:38:50Z
2026-08-06T05:35:55Z,2026-08-06T07:35:55+0200,c3feb7e2-8675-4f7f-be40-2d97c558df74,2026-07-22T02:00:00Z,2026-07-22T04:00:00+0200,174.0,EUR/MWh,NL,NL,imbalance_price,Long,2026-08-06T05:38:50Z
2026-08-06T05:35:55Z,2026-08-06T07:35:55+0200,c3feb7e2-8675-4f7f-be40-2d97c558df74,2026-07-22T02:00:00Z,2026-07-22T04:00:00+0200,174.0,EUR/MWh,NL,NL,imbalance_price,Short,2026-08-06T05:38:50Z
2026-08-06T05:35:55Z,2026-08-06T07:35:55+0200,c3feb7e2-8675-4f7f-be40-2d97c558df74,2026-07-22T02:15:00Z,2026-07-22T04:15:00+0200,167.78,EUR/MWh,NL,NL,imbalance_price,Long,2026-08-06T05:38:50Z
2026-08-06T05:35:55Z,2026-08-06T07:35:55+0200,c3feb7e2-8675-4f7f-be40-2d97c558df74,2026-07-22T02:15:00Z,2026-07-22T04:15:00+0200,167.78,EUR/MWh,NL,NL,imbalance_price,Short,2026-08-06T05:38:50Z
2026-08-06T05:35:55Z,2026-08-06T07:35:55+0200,c3feb7e2-8675-4f7f-be40-2d97c558df74,2026-07-22T02:30:00Z,2026-07-22T04:30:00+0200,123.37,EUR/MWh,NL,NL,imbalance_price,Long,2026-08-06T05:38:50Z
2026-08-06T05:35:55Z,2026-08-06T07:35:55+0200,c3feb7e2-8675-4f7f-be40-2d97c558df74,2026-07-22T02:30:00Z,2026-07-22T04:30:00+0200,130.0,EUR/MWh,NL,NL,imbalance_price,Short,2026-08-06T05:38:50Z
2026-08-06T05:35:55Z,2026-08-06T07:35:55+0200,c3feb7e2-8675-4f7f-be40-2d97c558df74,2026-07-22T02:45:00Z,2026-07-22T04:45:00+0200,150.0,EUR/MWh,NL,NL,imbalance_price,Long,2026-08-06T05:38:50Z
2026-08-06T05:35:55Z,2026-08-06T07:35:55+0200,c3feb7e2-8675-4f7f-be40-2d97c558df74,2026-07-22T02:45:00Z,2026-07-22T04:45:00+0200,150.0,EUR/MWh,NL,NL,imbalance_price,Short,2026-08-06T05:38:50Z
2026-08-06T05:35:55Z,2026-08-06T07:35:55+0200,c3feb7e2-8675-4f7f-be40-2d97c558df74,2026-07-22T03:00:00Z,2026-07-22T05:00:00+0200,174.0,EUR/MWh,NL,NL,imbalance_price,Long,2026-08-06T05:38:50Z
2026-08-06T05:35:55Z,2026-08-06T07:35:55+0200,c3feb7e2-8675-4f7f-be40-2d97c558df74,2026-07-22T03:00:00Z,2026-07-22T05:00:00+0200,174.0,EUR/MWh,NL,NL,imbalance_price,Short,2026-08-06T05:38:50Z
2026-08-06T05:35:55Z,2026-08-06T07:35:55+0200,c3feb7e2-8675-4f7f-be40-2d97c558df74,2026-07-22T03:15:00Z,2026-07-22T05:15:00+0200,147.78,EUR/MWh,NL,NL,imbalance_price,Long,2026-08-06T05:38:50Z
2026-08-06T05:35:55Z,2026-08-06T07:35:55+0200,c3feb7e2-8675-4f7f-be40-2d97c558df74,2026-07-22T03:15:00Z,2026-07-22T05:15:00+0200,147.78,EUR/MWh,NL,NL,imbalance_price,Short,2026-08-06T05:38:50Z
2026-08-06T05:35:55Z,2026-08-06T07:35:55+0200,c3feb7e2-8675-4f7f-be40-2d97c558df74,2026-07-22T03:30:00Z,2026-07-22T05:30:00+0200,108.55,EUR/MWh,NL,NL,imbalance_price,Long,2026-08-06T05:38:50Z
2026-08-06T05:35:55Z,2026-08-06T07:35:55+0200,c3feb7e2-8675-4f7f-be40-2d97c558df74,2026-07-22T03:30:00Z,2026-07-22T05:30:00+0200,108.55,EUR/MWh,NL,NL,imbalance_price,Short,2026-08-06T05:38:50Z
2026-08-06T05:35:55Z,2026-08-06T07:35:55+0200,c3feb7e2-8675-4f7f-be40-2d97c558df74,2026-07-22T03:45:00Z,2026-07-22T05:45:00+0200,101.95,EUR/MWh,NL,NL,imbalance_price,Long,2026-08-06T05:38:50Z
2026-08-06T05:35:55Z,2026-08-06T07:35:55+0200,c3feb7e2-8675-4f7f-be40-2d97c558df74,2026-07-22T03:45:00Z,2026-07-22T05:45:00+0200,101.95,EUR/MWh,NL,NL,imbalance_price,Short,2026-08-06T05:38:50Z
2026-08-06T05:35:55Z,2026-08-06T07:35:55+0200,c3feb7e2-8675-4f7f-be40-2d97c558df74,2026-07-22T04:00:00Z,2026-07-22T06:00:00+0200,107.51,EUR/MWh,NL,NL,imbalance_price,Long,2026-08-06T05:38:50Z
2026-08-06T05:35:55Z,2026-08-06T07:35:55+0200,c3feb7e2-8675-4f7f-be40-2d97c558df74,2026-07-22T04:00:00Z,2026-07-22T06:00:00+0200,150.0,EUR/MWh,NL,NL,imbalance_price,Short,2026-08-06T05:38:50Z
2026-08-06T05:35:55Z,2026-08-06T07:35:55+0200,c3feb7e2-8675-4f7f-be40-2d97c558df74,2026-07-22T04:15:00Z,2026-07-22T06:15:00+0200,145.0,EUR/MWh,NL,NL,imbalance_price,Long,2026-08-06T05:38:50Z
2026-08-06T05:35:55Z,2026-08-06T07:35:55+0200,c3feb7e2-8675-4f7f-be40-2d97c558df74,2026-07-22T04:15:00Z,2026-07-22T06:15:00+0200,145.0,EUR/MWh,NL,NL,imbalance_price,Short,2026-08-06T05:38:50Z
2026-08-06T05:35:55Z,2026-08-06T07:35:55+0200,c3feb7e2-8675-4f7f-be40-2d97c558df74,2026-07-22T04:30:00Z,2026-07-22T06:30:00+0200,170.3,EUR/MWh,NL,NL,imbalance_price,Long,2026-08-06T05:38:50Z
2026-08-06T05:35:55Z,2026-08-06T07:35:55+0200,c3feb7e2-8675-4f7f-be40-2d97c558df74,2026-07-22T04:30:00Z,2026-07-22T06:30:00+0200,170.3,EUR/MWh,NL,NL,imbalance_price,Short,2026-08-06T05:38:50Z
2026-08-06T05:35:55Z,2026-08-06T07:35:55+0200,c3feb7e2-8675-4f7f-be40-2d97c558df74,2026-07-22T04:45:00Z,2026-07-22T06:45:00+0200,200.0,EUR/MWh,NL,NL,imbalance_price,Long,2026-08-06T05:38:50Z
2026-08-06T05:35:55Z,2026-08-06T07:35:55+0200,c3feb7e2-8675-4f7f-be40-2d97c558df74,2026-07-22T04:45:00Z,2026-07-22T06:45:00+0200,200.0,EUR/MWh,NL,NL,imbalance_price,Short,2026-08-06T05:38:50Z
2026-08-06T05:35:55Z,2026-08-06T07:35:55+0200,c3feb7e2-8675-4f7f-be40-2d97c558df74,2026-07-22T05:00:00Z,2026-07-22T07:00:00+0200,174.0,EUR/MWh,NL,NL,imbalance_price,Long,2026-08-06T05:38:50Z
2026-08-06T05:35:55Z,2026-08-06T07:35:55+0200,c3feb7e2-8675-4f7f-be40-2d97c558df74,2026-07-22T05:00:00Z,2026-07-22T07:00:00+0200,174.0,EUR/MWh,NL,NL,imbalance_price,Short,2026-08-06T05:38:50Z
2026-08-06T05:35:55Z,2026-08-06T07:35:55+0200,c3feb7e2-8675-4f7f-be40-2d97c558df74,2026-07-22T05:15:00Z,2026-07-22T07:15:00+0200,173.9,EUR/MWh,NL,NL,imbalance_price,Long,2026-08-06T05:38:50Z
2026-08-06T05:35:55Z,2026-08-06T07:35:55+0200,c3feb7e2-8675-4f7f-be40-2d97c558df74,2026-07-22T05:15:00Z,2026-07-22T07:15:00+0200,173.9,EUR/MWh,NL,NL,imbalance_price,Short,2026-08-06T05:38:50Z
2026-08-06T05:35:55Z,2026-08-06T07:35:55+0200,c3feb7e2-8675-4f7f-be40-2d97c558df74,2026-07-22T05:30:00Z,2026-07-22T07:30:00+0200,62.5,EUR/MWh,NL,NL,imbalance_price,Long,2026-08-06T05:38:50Z
2026-08-06T05:35:55Z,2026-08-06T07:35:55+0200,c3feb7e2-8675-4f7f-be40-2d97c558df74,2026-07-22T05:30:00Z,2026-07-22T07:30:00+0200,109.4,EUR/MWh,NL,NL,imbalance_price,Short,2026-08-06T05:38:50Z
2026-08-06T05:35:55Z,2026-08-06T07:35:55+0200,c3feb7e2-8675-4f7f-be40-2d97c558df74,2026-07-22T05:45:00Z,2026-07-22T07:45:00+0200,62.5,EUR/MWh,NL,NL,imbalance_price,Long,2026-08-06T05:38:50Z
2026-08-06T05:35:55Z,2026-08-06T07:35:55+0200,c3feb7e2-8675-4f7f-be40-2d97c558df74,2026-07-22T05:45:00Z,2026-07-22T07:45:00+0200,62.5,EUR/MWh,NL,NL,imbalance_price,Short,2026-08-06T05:38:50Z
2026-08-06T05:35:55Z,2026-08-06T07:35:55+0200,c3feb7e2-8675-4f7f-be40-2d97c558df74,2026-07-22T06:00:00Z,2026-07-22T08:00:00+0200,51.0,EUR/MWh,NL,NL,imbalance_price,Long,2026-08-06T05:38:50Z
2026-08-06T05:35:55Z,2026-08-06T07:35:55+0200,c3feb7e2-8675-4f7f-be40-2d97c558df74,2026-07-22T06:00:00Z,2026-07-22T08:00:00+0200,51.0,EUR/MWh,NL,NL,imbalance_price,Short,2026-08-06T05:38:50Z
2026-08-06T05:35:55Z,2026-08-06T07:35:55+0200,c3feb7e2-8675-4f7f-be40-2d97c558df74,2026-07-22T06:15:00Z,2026-07-22T08:15:00+0200,51.0,EUR/MWh,NL,NL,imbalance_price,Long,2026-08-06T05:38:50Z
2026-08-06T05:35:55Z,2026-08-06T07:35:55+0200,c3feb7e2-8675-4f7f-be40-2d97c558df74,2026-07-22T06:15:00Z,2026-07-22T08:15:00+0200,51.0,EUR/MWh,NL,NL,imbalance_price,Short,2026-08-06T05:38:50Z
2026-08-06T05:35:55Z,2026-08-06T07:35:55+0200,c3feb7e2-8675-4f7f-be40-2d97c558df74,2026-07-22T06:30:00Z,2026-07-22T08:30:00+0200,51.0,EUR/MWh,NL,NL,imbalance_price,Long,2026-08-06T05:38:50Z
2026-08-06T05:35:55Z,2026-08-06T07:35:55+0200,c3feb7e2-8675-4f7f-be40-2d97c558df74,2026-07-22T06:30:00Z,2026-07-22T08:30:00+0200,136.41,EUR/MWh,NL,NL,imbalance_price,Short,2026-08-06T05:38:50Z
2026-08-06T05:35:55Z,2026-08-06T07:35:55+0200,c3feb7e2-8675-4f7f-be40-2d97c558df74,2026-07-22T06:45:00Z,2026-07-22T08:45:00+0200,51.0,EUR/MWh,NL,NL,imbalance_price,Long,2026-08-06T05:38:50Z
2026-08-06T05:35:55Z,2026-08-06T07:35:55+0200,c3feb7e2-8675-4f7f-be40-2d97c558df74,2026-07-22T06:45:00Z,2026-07-22T08:45:00+0200,140.0,EUR/MWh,NL,NL,imbalance_price,Short,2026-08-06T05:38:50Z
2026-08-06T05:35:55Z,2026-08-06T07:35:55+0200,c3feb7e2-8675-4f7f-be40-2d97c558df74,2026-07-22T07:00:00Z,2026-07-22T09:00:00+0200,18.3,EUR/MWh,NL,NL,imbalance_price,Long,2026-08-06T05:38:50Z
2026-08-06T05:35:55Z,2026-08-06T07:35:55+0200,c3feb7e2-8675-4f7f-be40-2d97c558df74,2026-07-22T07:00:00Z,2026-07-22T09:00:00+0200,135.0,EUR/MWh,NL,NL,imbalance_price,Short,2026-08-06T05:38:50Z
2026-08-06T05:35:55Z,2026-08-06T07:35:55+0200,c3feb7e2-8675-4f7f-be40-2d97c558df74,2026-07-22T07:15:00Z,2026-07-22T09:15:00+0200,18.3,EUR/MWh,NL,NL,imbalance_price,Long,2026-08-06T05:38:50Z
2026-08-06T05:35:55Z,2026-08-06T07:35:55+0200,c3feb7e2-8675-4f7f-be40-2d97c558df74,2026-07-22T07:15:00Z,2026-07-22T09:15:00+0200,18.3,EUR/MWh,NL,NL,imbalance_price,Short,2026-08-06T05:38:50Z
2026-08-06T05:35:55Z,2026-08-06T07:35:55+0200,c3feb7e2-8675-4f7f-be40-2d97c558df74,2026-07-22T07:30:00Z,2026-07-22T09:30:00+0200,-13.0,EUR/MWh,NL,NL,imbalance_price,Long,2026-08-06T05:38:50Z
2026-08-06T05:35:55Z,2026-08-06T07:35:55+0200,c3feb7e2-8675-4f7f-be40-2d97c558df74,2026-07-22T07:30:00Z,2026-07-22T09:30:00+0200,-13.0,EUR/MWh,NL,NL,imbalance_price,Short,2026-08-06T05:38:50Z
2026-08-06T05:35:55Z,2026-08-06T07:35:55+0200,c3feb7e2-8675-4f7f-be40-2d97c558df74,2026-07-22T07:45:00Z,2026-07-22T09:45:00+0200,-150.0,EUR/MWh,NL,NL,imbalance_price,Long,2026-08-06T05:38:50Z
2026-08-06T05:35:55Z,2026-08-06T07:35:55+0200,c3feb7e2-8675-4f7f-be40-2d97c558df74,2026-07-22T07:45:00Z,2026-07-22T09:45:00+0200,-150.0,EUR/MWh,NL,NL,imbalance_price,Short,2026-08-06T05:38:50Z
2026-08-06T05:35:55Z,2026-08-06T07:35:55+0200,c3feb7e2-8675-4f7f-be40-2d97c558df74,2026-07-22T08:00:00Z,2026-07-22T10:00:00+0200,-6.2,EUR/MWh,NL,NL,imbalance_price,Long,2026-08-06T05:38:50Z
2026-08-06T05:35:55Z,2026-08-06T07:35:55+0200,c3feb7e2-8675-4f7f-be40-2d97c558df74,2026-07-22T08:00:00Z,2026-07-22T10:00:00+0200,-6.2,EUR/MWh,NL,NL,imbalance_price,Short,2026-08-06T05:38:50Z
2026-08-06T05:35:55Z,2026-08-06T07:35:55+0200,c3feb7e2-8675-4f7f-be40-2d97c558df74,2026-07-22T08:15:00Z,2026-07-22T10:15:00+0200,11.72,EUR/MWh,NL,NL,imbalance_price,Long,2026-08-06T05:38:50Z
2026-08-06T05:35:55Z,2026-08-06T07:35:55+0200,c3feb7e2-8675-4f7f-be40-2d97c558df74,2026-07-22T08:15:00Z,2026-07-22T10:15:00+0200,139.8,EUR/MWh,NL,NL,imbalance_price,Short,2026-08-06T05:38:50Z
2026-08-06T05:35:55Z,2026-08-06T07:35:55+0200,c3feb7e2-8675-4f7f-be40-2d97c558df74,2026-07-22T08:30:00Z,2026-07-22T10:30:00+0200,-10.0,EUR/MWh,NL,NL,imbalance_price,Long,2026-08-06T05:38:50Z
2026-08-06T05:35:55Z,2026-08-06T07:35:55+0200,c3feb7e2-8675-4f7f-be40-2d97c558df74,2026-07-22T08:30:00Z,2026-07-22T10:30:00+0200,-10.0,EUR/MWh,NL,NL,imbalance_price,Short,2026-08-06T05:38:50Z
2026-08-06T05:35:55Z,2026-08-06T07:35:55+0200,c3feb7e2-8675-4f7f-be40-2d97c558df74,2026-07-22T08:45:00Z,2026-07-22T10:45:00+0200,-35.0,EUR/MWh,NL,NL,imbalance_price,Long,2026-08-06T05:38:50Z
2026-08-06T05:35:55Z,2026-08-06T07:35:55+0200,c3feb7e2-8675-4f7f-be40-2d97c558df74,2026-07-22T08:45:00Z,2026-07-22T10:45:00+0200,-35.0,EUR/MWh,NL,NL,imbalance_price,Short,2026-08-06T05:38:50Z
2026-08-06T05:35:55Z,2026-08-06T07:35:55+0200,c3feb7e2-8675-4f7f-be40-2d97c558df74,2026-07-22T09:00:00Z,2026-07-22T11:00:00+0200,-200.1,EUR/MWh,NL,NL,imbalance_price,Long,2026-08-06T05:38:50Z
2026-08-06T05:35:55Z,2026-08-06T07:35:55+0200,c3feb7e2-8675-4f7f-be40-2d97c558df74,2026-07-22T09:00:00Z,2026-07-22T11:00:00+0200,91.31,EUR/MWh,NL,NL,imbalance_price,Short,2026-08-06T05:38:50Z
2026-08-06T05:35:55Z,2026-08-06T07:35:55+0200,c3feb7e2-8675-4f7f-be40-2d97c558df74,2026-07-22T09:15:00Z,2026-07-22T11:15:00+0200,-70.0,EUR/MWh,NL,NL,imbalance_price,Long,2026-08-06T05:38:50Z
2026-08-06T05:35:55Z,2026-08-06T07:35:55+0200,c3feb7e2-8675-4f7f-be40-2d97c558df74,2026-07-22T09:15:00Z,2026-07-22T11:15:00+0200,79.95,EUR/MWh,NL,NL,imbalance_price,Short,2026-08-06T05:38:50Z
2026-08-06T05:35:55Z,2026-08-06T07:35:55+0200,c3feb7e2-8675-4f7f-be40-2d97c558df74,2026-07-22T09:30:00Z,2026-07-22T11:30:00+0200,-132.07,EUR/MWh,NL,NL,imbalance_price,Long,2026-08-06T05:38:50Z
2026-08-06T05:35:55Z,2026-08-06T07:35:55+0200,c3feb7e2-8675-4f7f-be40-2d97c558df74,2026-07-22T09:30:00Z,2026-07-22T11:30:00+0200,72.42,EUR/MWh,NL,NL,imbalance_price,Short,2026-08-06T05:38:50Z
2026-08-06T05:35:55Z,2026-08-06T07:35:55+0200,c3feb7e2-8675-4f7f-be40-2d97c558df74,2026-07-22T09:45:00Z,2026-07-22T11:45:00+0200,8.2,EUR/MWh,NL,NL,imbalance_price,Long,2026-08-06T05:38:50Z
2026-08-06T05:35:55Z,2026-08-06T07:35:55+0200,c3feb7e2-8675-4f7f-be40-2d97c558df74,2026-07-22T09:45:00Z,2026-07-22T11:45:00+0200,64.6,EUR/MWh,NL,NL,imbalance_price,Short,2026-08-06T05:38:50Z
2026-08-06T05:35:55Z,2026-08-06T07:35:55+0200,c3feb7e2-8675-4f7f-be40-2d97c558df74,2026-07-22T10:00:00Z,2026-07-22T12:00:00+0200,-43.52,EUR/MWh,NL,NL,imbalance_price,Long,2026-08-06T05:38:50Z
2026-08-06T05:35:55Z,2026-08-06T07:35:55+0200,c3feb7e2-8675-4f7f-be40-2d97c558df74,2026-07-22T10:00:00Z,2026-07-22T12:00:00+0200,65.73,EUR/MWh,NL,NL,imbalance_price,Short,2026-08-06T05:38:50Z
2026-08-06T05:35:55Z,2026-08-06T07:35:55+0200,c3feb7e2-8675-4f7f-be40-2d97c558df74,2026-07-22T10:15:00Z,2026-07-22T12:15:00+0200,-50.0,EUR/MWh,NL,NL,imbalance_price,Long,2026-08-06T05:38:50Z
2026-08-06T05:35:55Z,2026-08-06T07:35:55+0200,c3feb7e2-8675-4f7f-be40-2d97c558df74,2026-07-22T10:15:00Z,2026-07-22T12:15:00+0200,90.0,EUR/MWh,NL,NL,imbalance_price,Short,2026-08-06T05:38:50Z
2026-08-06T05:35:55Z,2026-08-06T07:35:55+0200,c3feb7e2-8675-4f7f-be40-2d97c558df74,2026-07-22T10:30:00Z,2026-07-22T12:30:00+0200,-20.7,EUR/MWh,NL,NL,imbalance_price,Long,2026-08-06T05:38:50Z
2026-08-06T05:35:55Z,2026-08-06T07:35:55+0200,c3feb7e2-8675-4f7f-be40-2d97c558df74,2026-07-22T10:30:00Z,2026-07-22T12:30:00+0200,77.65,EUR/MWh,NL,NL,imbalance_price,Short,2026-08-06T05:38:50Z
2026-08-06T05:35:55Z,2026-08-06T07:35:55+0200,c3feb7e2-8675-4f7f-be40-2d97c558df74,2026-07-22T10:45:00Z,2026-07-22T12:45:00+0200,-50.0,EUR/MWh,NL,NL,imbalance_price,Long,2026-08-06T05:38:50Z
2026-08-06T05:35:55Z,2026-08-06T07:35:55+0200,c3feb7e2-8675-4f7f-be40-2d97c558df74,2026-07-22T10:45:00Z,2026-07-22T12:45:00+0200,76.47,EUR/MWh,NL,NL,imbalance_price,Short,2026-08-06T05:38:50Z
2026-08-06T05:35:55Z,2026-08-06T07:35:55+0200,c3feb7e2-8675-4f7f-be40-2d97c558df74,2026-07-22T11:00:00Z,2026-07-22T13:00:00+0200,-30.0,EUR/MWh,NL,NL,imbalance_price,Long,2026-08-06T05:38:50Z
2026-08-06T05:35:55Z,2026-08-06T07:35:55+0200,c3feb7e2-8675-4f7f-be40-2d97c558df74,2026-07-22T11:00:00Z,2026-07-22T13:00:00+0200,-30.0,EUR/MWh,NL,NL,imbalance_price,Short,2026-08-06T05:38:50Z
2026-08-06T05:35:55Z,2026-08-06T07:35:55+0200,c3feb7e2-8675-4f7f-be40-2d97c558df74,2026-07-22T11:15:00Z,2026-07-22T13:15:00+0200,-36.51,EUR/MWh,NL,NL,imbalance_price,Long,2026-08-06T05:38:50Z
2026-08-06T05:35:55Z,2026-08-06T07:35:55+0200,c3feb7e2-8675-4f7f-be40-2d97c558df74,2026-07-22T11:15:00Z,2026-07-22T13:15:00+0200,-36.51,EUR/MWh,NL,NL,imbalance_price,Short,2026-08-06T05:38:50Z
2026-08-06T05:35:55Z,2026-08-06T07:35:55+0200,c3feb7e2-8675-4f7f-be40-2d97c558df74,2026-07-22T11:30:00Z,2026-07-22T13:30:00+0200,-31.51,EUR/MWh,NL,NL,imbalance_price,Long,2026-08-06T05:38:50Z
2026-08-06T05:35:55Z,2026-08-06T07:35:55+0200,c3feb7e2-8675-4f7f-be40-2d97c558df74,2026-07-22T11:30:00Z,2026-07-22T13:30:00+0200,-31.51,EUR/MWh,NL,NL,imbalance_price,Short,2026-08-06T05:38:50Z
2026-08-06T05:35:55Z,2026-08-06T07:35:55+0200,c3feb7e2-8675-4f7f-be40-2d97c558df74,2026-07-22T11:45:00Z,2026-07-22T13:45:00+0200,-30.0,EUR/MWh,NL,NL,imbalance_price,Long,2026-08-06T05:38:50Z
2026-08-06T05:35:55Z,2026-08-06T07:35:55+0200,c3feb7e2-8675-4f7f-be40-2d97c558df74,2026-07-22T11:45:00Z,2026-07-22T13:45:00+0200,83.17,EUR/MWh,NL,NL,imbalance_price,Short,2026-08-06T05:38:50Z
2026-08-06T05:35:55Z,2026-08-06T07:35:55+0200,c3feb7e2-8675-4f7f-be40-2d97c558df74,2026-07-22T12:00:00Z,2026-07-22T14:00:00+0200,-13.0,EUR/MWh,NL,NL,imbalance_price,Long,2026-08-06T05:38:50Z
2026-08-06T05:35:55Z,2026-08-06T07:35:55+0200,c3feb7e2-8675-4f7f-be40-2d97c558df74,2026-07-22T12:00:00Z,2026-07-22T14:00:00+0200,79.67,EUR/MWh,NL,NL,imbalance_price,Short,2026-08-06T05:38:50Z
2026-08-06T05:35:55Z,2026-08-06T07:35:55+0200,c3feb7e2-8675-4f7f-be40-2d97c558df74,2026-07-22T12:15:00Z,2026-07-22T14:15:00+0200,-21.43,EUR/MWh,NL,NL,imbalance_price,Long,2026-08-06T05:38:50Z
2026-08-06T05:35:55Z,2026-08-06T07:35:55+0200,c3feb7e2-8675-4f7f-be40-2d97c558df74,2026-07-22T12:15:00Z,2026-07-22T14:15:00+0200,-21.43,EUR/MWh,NL,NL,imbalance_price,Short,2026-08-06T05:38:50Z
2026-08-06T05:35:55Z,2026-08-06T07:35:55+0200,c3feb7e2-8675-4f7f-be40-2d97c558df74,2026-07-22T12:30:00Z,2026-07-22T14:30:00+0200,-8.24,EUR/MWh,NL,NL,imbalance_price,Long,2026-08-06T05:38:50Z
2026-08-06T05:35:55Z,2026-08-06T07:35:55+0200,c3feb7e2-8675-4f7f-be40-2d97c558df74,2026-07-22T12:30:00Z,2026-07-22T14:30:00+0200,-8.24,EUR/MWh,NL,NL,imbalance_price,Short,2026-08-06T05:38:50Z
2026-08-06T05:35:55Z,2026-08-06T07:35:55+0200,c3feb7e2-8675-4f7f-be40-2d97c558df74,2026-07-22T12:45:00Z,2026-07-22T14:45:00+0200,-36.1,EUR/MWh,NL,NL,imbalance_price,Long,2026-08-06T05:38:50Z
2026-08-06T05:35:55Z,2026-08-06T07:35:55+0200,c3feb7e2-8675-4f7f-be40-2d97c558df74,2026-07-22T12:45:00Z,2026-07-22T14:45:00+0200,-36.1,EUR/MWh,NL,NL,imbalance_price,Short,2026-08-06T05:38:50Z
2026-08-06T05:35:55Z,2026-08-06T07:35:55+0200,c3feb7e2-8675-4f7f-be40-2d97c558df74,2026-07-22T13:00:00Z,2026-07-22T15:00:00+0200,-30.0,EUR/MWh,NL,NL,imbalance_price,Long,2026-08-06T05:38:50Z
2026-08-06T05:35:55Z,2026-08-06T07:35:55+0200,c3feb7e2-8675-4f7f-be40-2d97c558df74,2026-07-22T13:00:00Z,2026-07-22T15:00:00+0200,-30.0,EUR/MWh,NL,NL,imbalance_price,Short,2026-08-06T05:38:50Z
2026-08-06T05:35:55Z,2026-08-06T07:35:55+0200,c3feb7e2-8675-4f7f-be40-2d97c558df74,2026-07-22T13:15:00Z,2026-07-22T15:15:00+0200,-30.0,EUR/MWh,NL,NL,imbalance_price,Long,2026-08-06T05:38:50Z
2026-08-06T05:35:55Z,2026-08-06T07:35:55+0200,c3feb7e2-8675-4f7f-be40-2d97c558df74,2026-07-22T13:15:00Z,2026-07-22T15:15:00+0200,-30.0,EUR/MWh,NL,NL,imbalance_price,Short,2026-08-06T05:38:50Z
2026-08-06T05:35:55Z,2026-08-06T07:35:55+0200,c3feb7e2-8675-4f7f-be40-2d97c558df74,2026-07-22T13:30:00Z,2026-07-22T15:30:00+0200,-75.4,EUR/MWh,NL,NL,imbalance_price,Long,2026-08-06T05:38:50Z
2026-08-06T05:35:55Z,2026-08-06T07:35:55+0200,c3feb7e2-8675-4f7f-be40-2d97c558df74,2026-07-22T13:30:00Z,2026-07-22T15:30:00+0200,66.95,EUR/MWh,NL,NL,imbalance_price,Short,2026-08-06T05:38:50Z
2026-08-06T05:35:55Z,2026-08-06T07:35:55+0200,c3feb7e2-8675-4f7f-be40-2d97c558df74,2026-07-22T13:45:00Z,2026-07-22T15:45:00+0200,-75.4,EUR/MWh,NL,NL,imbalance_price,Long,2026-08-06T05:38:50Z
2026-08-06T05:35:55Z,2026-08-06T07:35:55+0200,c3feb7e2-8675-4f7f-be40-2d97c558df74,2026-07-22T13:45:00Z,2026-07-22T15:45:00+0200,94.37,EUR/MWh,NL,NL,imbalance_price,Short,2026-08-06T05:38:50Z
2026-08-06T05:35:55Z,2026-08-06T07:35:55+0200,c3feb7e2-8675-4f7f-be40-2d97c558df74,2026-07-22T14:00:00Z,2026-07-22T16:00:00+0200,-32.68,EUR/MWh,NL,NL,imbalance_price,Long,2026-08-06T05:38:50Z
2026-08-06T05:35:55Z,2026-08-06T07:35:55+0200,c3feb7e2-8675-4f7f-be40-2d97c558df74,2026-07-22T14:00:00Z,2026-07-22T16:00:00+0200,114.0,EUR/MWh,NL,NL,imbalance_price,Short,2026-08-06T05:38:50Z
2026-08-06T05:35:55Z,2026-08-06T07:35:55+0200,c3feb7e2-8675-4f7f-be40-2d97c558df74,2026-07-22T14:15:00Z,2026-07-22T16:15:00+0200,-62.6,EUR/MWh,NL,NL,imbalance_price,Long,2026-08-06T05:38:50Z
2026-08-06T05:35:55Z,2026-08-06T07:35:55+0200,c3feb7e2-8675-4f7f-be40-2d97c558df74,2026-07-22T14:15:00Z,2026-07-22T16:15:00+0200,-62.6,EUR/MWh,NL,NL,imbalance_price,Short,2026-08-06T05:38:50Z
2026-08-06T05:35:55Z,2026-08-06T07:35:55+0200,c3feb7e2-8675-4f7f-be40-2d97c558df74,2026-07-22T14:30:00Z,2026-07-22T16:30:00+0200,-62.6,EUR/MWh,NL,NL,imbalance_price,Long,2026-08-06T05:38:50Z
2026-08-06T05:35:55Z,2026-08-06T07:35:55+0200,c3feb7e2-8675-4f7f-be40-2d97c558df74,2026-07-22T14:30:00Z,2026-07-22T16:30:00+0200,87.2,EUR/MWh,NL,NL,imbalance_price,Short,2026-08-06T05:38:50Z
2026-08-06T05:35:55Z,2026-08-06T07:35:55+0200,c3feb7e2-8675-4f7f-be40-2d97c558df74,2026-07-22T14:45:00Z,2026-07-22T16:45:00+0200,-15.0,EUR/MWh,NL,NL,imbalance_price,Long,2026-08-06T05:38:50Z
2026-08-06T05:35:55Z,2026-08-06T07:35:55+0200,c3feb7e2-8675-4f7f-be40-2d97c558df74,2026-07-22T14:45:00Z,2026-07-22T16:45:00+0200,-15.0,EUR/MWh,NL,NL,imbalance_price,Short,2026-08-06T05:38:50Z
2026-08-06T05:35:55Z,2026-08-06T07:35:55+0200,c3feb7e2-8675-4f7f-be40-2d97c558df74,2026-07-22T15:00:00Z,2026-07-22T17:00:00+0200,-6.39,EUR/MWh,NL,NL,imbalance_price,Long,2026-08-06T05:38:50Z
2026-08-06T05:35:55Z,2026-08-06T07:35:55+0200,c3feb7e2-8675-4f7f-be40-2d97c558df74,2026-07-22T15:00:00Z,2026-07-22T17:00:00+0200,90.29,EUR/MWh,NL,NL,imbalance_price,Short,2026-08-06T05:38:50Z
2026-08-06T05:35:55Z,2026-08-06T07:35:55+0200,c3feb7e2-8675-4f7f-be40-2d97c558df74,2026-07-22T15:15:00Z,2026-07-22T17:15:00+0200,-13.0,EUR/MWh,NL,NL,imbalance_price,Long,2026-08-06T05:38:50Z
2026-08-06T05:35:55Z,2026-08-06T07:35:55+0200,c3feb7e2-8675-4f7f-be40-2d97c558df74,2026-07-22T15:15:00Z,2026-07-22T17:15:00+0200,151.0,EUR/MWh,NL,NL,imbalance_price,Short,2026-08-06T05:38:50Z
2026-08-06T05:35:55Z,2026-08-06T07:35:55+0200,c3feb7e2-8675-4f7f-be40-2d97c558df74,2026-07-22T15:30:00Z,2026-07-22T17:30:00+0200,-11.66,EUR/MWh,NL,NL,imbalance_price,Long,2026-08-06T05:38:50Z
2026-08-06T05:35:55Z,2026-08-06T07:35:55+0200,c3feb7e2-8675-4f7f-be40-2d97c558df74,2026-07-22T15:30:00Z,2026-07-22T17:30:00+0200,135.0,EUR/MWh,NL,NL,imbalance_price,Short,2026-08-06T05:38:50Z
2026-08-06T05:35:55Z,2026-08-06T07:35:55+0200,c3feb7e2-8675-4f7f-be40-2d97c558df74,2026-07-22T15:45:00Z,2026-07-22T17:45:00+0200,-8.01,EUR/MWh,NL,NL,imbalance_price,Long,2026-08-06T05:38:50Z
2026-08-06T05:35:55Z,2026-08-06T07:35:55+0200,c3feb7e2-8675-4f7f-be40-2d97c558df74,2026-07-22T15:45:00Z,2026-07-22T17:45:00+0200,130.0,EUR/MWh,NL,NL,imbalance_price,Short,2026-08-06T05:38:50Z
2026-08-06T05:35:55Z,2026-08-06T07:35:55+0200,c3feb7e2-8675-4f7f-be40-2d97c558df74,2026-07-22T16:00:00Z,2026-07-22T18:00:00+0200,11.72,EUR/MWh,NL,NL,imbalance_price,Long,2026-08-06T05:38:50Z
2026-08-06T05:35:55Z,2026-08-06T07:35:55+0200,c3feb7e2-8675-4f7f-be40-2d97c558df74,2026-07-22T16:00:00Z,2026-07-22T18:00:00+0200,135.0,EUR/MWh,NL,NL,imbalance_price,Short,2026-08-06T05:38:50Z
2026-08-06T05:35:55Z,2026-08-06T07:35:55+0200,c3feb7e2-8675-4f7f-be40-2d97c558df74,2026-07-22T16:15:00Z,2026-07-22T18:15:00+0200,27.4,EUR/MWh,NL,NL,imbalance_price,Long,2026-08-06T05:38:50Z
2026-08-06T05:35:55Z,2026-08-06T07:35:55+0200,c3feb7e2-8675-4f7f-be40-2d97c558df74,2026-07-22T16:15:00Z,2026-07-22T18:15:00+0200,134.99,EUR/MWh,NL,NL,imbalance_price,Short,2026-08-06T05:38:50Z
2026-08-06T05:35:55Z,2026-08-06T07:35:55+0200,c3feb7e2-8675-4f7f-be40-2d97c558df74,2026-07-22T16:30:00Z,2026-07-22T18:30:00+0200,111.63,EUR/MWh,NL,NL,imbalance_price,Long,2026-08-06T05:38:50Z
2026-08-06T05:35:55Z,2026-08-06T07:35:55+0200,c3feb7e2-8675-4f7f-be40-2d97c558df74,2026-07-22T16:30:00Z,2026-07-22T18:30:00+0200,111.63,EUR/MWh,NL,NL,imbalance_price,Short,2026-08-06T05:38:50Z
2026-08-06T05:35:55Z,2026-08-06T07:35:55+0200,c3feb7e2-8675-4f7f-be40-2d97c558df74,2026-07-22T16:45:00Z,2026-07-22T18:45:00+0200,33.86,EUR/MWh,NL,NL,imbalance_price,Long,2026-08-06T05:38:50Z
2026-08-06T05:35:55Z,2026-08-06T07:35:55+0200,c3feb7e2-8675-4f7f-be40-2d97c558df74,2026-07-22T16:45:00Z,2026-07-22T18:45:00+0200,33.86,EUR/MWh,NL,NL,imbalance_price,Short,2026-08-06T05:38:50Z
2026-08-06T05:35:55Z,2026-08-06T07:35:55+0200,c3feb7e2-8675-4f7f-be40-2d97c558df74,2026-07-22T17:00:00Z,2026-07-22T19:00:00+0200,145.0,EUR/MWh,NL,NL,imbalance_price,Long,2026-08-06T05:38:50Z
2026-08-06T05:35:55Z,2026-08-06T07:35:55+0200,c3feb7e2-8675-4f7f-be40-2d97c558df74,2026-07-22T17:00:00Z,2026-07-22T19:00:00+0200,145.0,EUR/MWh,NL,NL,imbalance_price,Short,2026-08-06T05:38:50Z
2026-08-06T05:35:55Z,2026-08-06T07:35:55+0200,c3feb7e2-8675-4f7f-be40-2d97c558df74,2026-07-22T17:15:00Z,2026-07-22T19:15:00+0200,155.04,EUR/MWh,NL,NL,imbalance_price,Long,2026-08-06T05:38:50Z
2026-08-06T05:35:55Z,2026-08-06T07:35:55+0200,c3feb7e2-8675-4f7f-be40-2d97c558df74,2026-07-22T17:15:00Z,2026-07-22T19:15:00+0200,155.04,EUR/MWh,NL,NL,imbalance_price,Short,2026-08-06T05:38:50Z
2026-08-06T05:35:55Z,2026-08-06T07:35:55+0200,c3feb7e2-8675-4f7f-be40-2d97c558df74,2026-07-22T17:30:00Z,2026-07-22T19:30:00+0200,122.67,EUR/MWh,NL,NL,imbalance_price,Long,2026-08-06T05:38:50Z
2026-08-06T05:35:55Z,2026-08-06T07:35:55+0200,c3feb7e2-8675-4f7f-be40-2d97c558df74,2026-07-22T17:30:00Z,2026-07-22T19:30:00+0200,152.76,EUR/MWh,NL,NL,imbalance_price,Short,2026-08-06T05:38:50Z
2026-08-06T05:35:55Z,2026-08-06T07:35:55+0200,c3feb7e2-8675-4f7f-be40-2d97c558df74,2026-07-22T17:45:00Z,2026-07-22T19:45:00+0200,55.6,EUR/MWh,NL,NL,imbalance_price,Long,2026-08-06T05:38:50Z
2026-08-06T05:35:55Z,2026-08-06T07:35:55+0200,c3feb7e2-8675-4f7f-be40-2d97c558df74,2026-07-22T17:45:00Z,2026-07-22T19:45:00+0200,122.67,EUR/MWh,NL,NL,imbalance_price,Short,2026-08-06T05:38:50Z
2026-08-06T05:35:55Z,2026-08-06T07:35:55+0200,c3feb7e2-8675-4f7f-be40-2d97c558df74,2026-07-22T18:00:00Z,2026-07-22T20:00:00+0200,72.5,EUR/MWh,NL,NL,imbalance_price,Long,2026-08-06T05:38:50Z
2026-08-06T05:35:55Z,2026-08-06T07:35:55+0200,c3feb7e2-8675-4f7f-be40-2d97c558df74,2026-07-22T18:00:00Z,2026-07-22T20:00:00+0200,120.0,EUR/MWh,NL,NL,imbalance_price,Short,2026-08-06T05:38:50Z
2026-08-06T05:35:55Z,2026-08-06T07:35:55+0200,c3feb7e2-8675-4f7f-be40-2d97c558df74,2026-07-22T18:15:00Z,2026-07-22T20:15:00+0200,72.5,EUR/MWh,NL,NL,imbalance_price,Long,2026-08-06T05:38:50Z
2026-08-06T05:35:55Z,2026-08-06T07:35:55+0200,c3feb7e2-8675-4f7f-be40-2d97c558df74,2026-07-22T18:15:00Z,2026-07-22T20:15:00+0200,140.0,EUR/MWh,NL,NL,imbalance_price,Short,2026-08-06T05:38:50Z
2026-08-06T05:35:55Z,2026-08-06T07:35:55+0200,c3feb7e2-8675-4f7f-be40-2d97c558df74,2026-07-22T18:30:00Z,2026-07-22T20:30:00+0200,72.5,EUR/MWh,NL,NL,imbalance_price,Long,2026-08-06T05:38:50Z
2026-08-06T05:35:55Z,2026-08-06T07:35:55+0200,c3feb7e2-8675-4f7f-be40-2d97c558df74,2026-07-22T18:30:00Z,2026-07-22T20:30:00+0200,111.0,EUR/MWh,NL,NL,imbalance_price,Short,2026-08-06T05:38:50Z
2026-08-06T05:35:55Z,2026-08-06T07:35:55+0200,c3feb7e2-8675-4f7f-be40-2d97c558df74,2026-07-22T18:45:00Z,2026-07-22T20:45:00+0200,72.5,EUR/MWh,NL,NL,imbalance_price,Long,2026-08-06T05:38:50Z
2026-08-06T05:35:55Z,2026-08-06T07:35:55+0200,c3feb7e2-8675-4f7f-be40-2d97c558df74,2026-07-22T18:45:00Z,2026-07-22T20:45:00+0200,72.5,EUR/MWh,NL,NL,imbalance_price,Short,2026-08-06T05:38:50Z
2026-08-06T05:35:55Z,2026-08-06T07:35:55+0200,c3feb7e2-8675-4f7f-be40-2d97c558df74,2026-07-22T19:00:00Z,2026-07-22T21:00:00+0200,109.95,EUR/MWh,NL,NL,imbalance_price,Long,2026-08-06T05:38:50Z
2026-08-06T05:35:55Z,2026-08-06T07:35:55+0200,c3feb7e2-8675-4f7f-be40-2d97c558df74,2026-07-22T19:00:00Z,2026-07-22T21:00:00+0200,130.0,EUR/MWh,NL,NL,imbalance_price,Short,2026-08-06T05:38:50Z
2026-08-06T05:35:55Z,2026-08-06T07:35:55+0200,c3feb7e2-8675-4f7f-be40-2d97c558df74,2026-07-22T19:15:00Z,2026-07-22T21:15:00+0200,109.95,EUR/MWh,NL,NL,imbalance_price,Long,2026-08-06T05:38:50Z
2026-08-06T05:35:55Z,2026-08-06T07:35:55+0200,c3feb7e2-8675-4f7f-be40-2d97c558df74,2026-07-22T19:15:00Z,2026-07-22T21:15:00+0200,109.95,EUR/MWh,NL,NL,imbalance_price,Short,2026-08-06T05:38:50Z
2026-08-06T05:35:55Z,2026-08-06T07:35:55+0200,c3feb7e2-8675-4f7f-be40-2d97c558df74,2026-07-22T19:30:00Z,2026-07-22T21:30:00+0200,109.95,EUR/MWh,NL,NL,imbalance_price,Long,2026-08-06T05:38:50Z
2026-08-06T05:35:55Z,2026-08-06T07:35:55+0200,c3feb7e2-8675-4f7f-be40-2d97c558df74,2026-07-22T19:30:00Z,2026-07-22T21:30:00+0200,145.0,EUR/MWh,NL,NL,imbalance_price,Short,2026-08-06T05:38:50Z
2026-08-06T05:35:55Z,2026-08-06T07:35:55+0200,c3feb7e2-8675-4f7f-be40-2d97c558df74,2026-07-22T19:45:00Z,2026-07-22T21:45:00+0200,109.4,EUR/MWh,NL,NL,imbalance_price,Long,2026-08-06T05:38:50Z
2026-08-06T05:35:55Z,2026-08-06T07:35:55+0200,c3feb7e2-8675-4f7f-be40-2d97c558df74,2026-07-22T19:45:00Z,2026-07-22T21:45:00+0200,114.0,EUR/MWh,NL,NL,imbalance_price,Short,2026-08-06T05:38:50Z
2026-08-06T05:35:55Z,2026-08-06T07:35:55+0200,c3feb7e2-8675-4f7f-be40-2d97c558df74,2026-07-22T20:00:00Z,2026-07-22T22:00:00+0200,109.95,EUR/MWh,NL,NL,imbalance_price,Long,2026-08-06T05:38:50Z
2026-08-06T05:35:55Z,2026-08-06T07:35:55+0200,c3feb7e2-8675-4f7f-be40-2d97c558df74,2026-07-22T20:00:00Z,2026-07-22T22:00:00+0200,114.0,EUR/MWh,NL,NL,imbalance_price,Short,2026-08-06T05:38:50Z
2026-08-06T05:35:55Z,2026-08-06T07:35:55+0200,c3feb7e2-8675-4f7f-be40-2d97c558df74,2026-07-22T20:15:00Z,2026-07-22T22:15:00+0200,109.0,EUR/MWh,NL,NL,imbalance_price,Long,2026-08-06T05:38:50Z
2026-08-06T05:35:55Z,2026-08-06T07:35:55+0200,c3feb7e2-8675-4f7f-be40-2d97c558df74,2026-07-22T20:15:00Z,2026-07-22T22:15:00+0200,109.0,EUR/MWh,NL,NL,imbalance_price,Short,2026-08-06T05:38:50Z
2026-08-06T05:35:55Z,2026-08-06T07:35:55+0200,c3feb7e2-8675-4f7f-be40-2d97c558df74,2026-07-22T20:30:00Z,2026-07-22T22:30:00+0200,98.25,EUR/MWh,NL,NL,imbalance_price,Long,2026-08-06T05:38:50Z
2026-08-06T05:35:55Z,2026-08-06T07:35:55+0200,c3feb7e2-8675-4f7f-be40-2d97c558df74,2026-07-22T20:30:00Z,2026-07-22T22:30:00+0200,122.67,EUR/MWh,NL,NL,imbalance_price,Short,2026-08-06T05:38:50Z
2026-08-06T05:35:55Z,2026-08-06T07:35:55+0200,c3feb7e2-8675-4f7f-be40-2d97c558df74,2026-07-22T20:45:00Z,2026-07-22T22:45:00+0200,98.25,EUR/MWh,NL,NL,imbalance_price,Long,2026-08-06T05:38:50Z
2026-08-06T05:35:55Z,2026-08-06T07:35:55+0200,c3feb7e2-8675-4f7f-be40-2d97c558df74,2026-07-22T20:45:00Z,2026-07-22T22:45:00+0200,98.25,EUR/MWh,NL,NL,imbalance_price,Short,2026-08-06T05:38:50Z
2026-08-06T05:35:55Z,2026-08-06T07:35:55+0200,c3feb7e2-8675-4f7f-be40-2d97c558df74,2026-07-22T21:00:00Z,2026-07-22T23:00:00+0200,95.95,EUR/MWh,NL,NL,imbalance_price,Long,2026-08-06T05:38:50Z
2026-08-06T05:35:55Z,2026-08-06T07:35:55+0200,c3feb7e2-8675-4f7f-be40-2d97c558df74,2026-07-22T21:00:00Z,2026-07-22T23:00:00+0200,95.95,EUR/MWh,NL,NL,imbalance_price,Short,2026-08-06T05:38:50Z
2026-08-06T05:35:55Z,2026-08-06T07:35:55+0200,c3feb7e2-8675-4f7f-be40-2d97c558df74,2026-07-22T21:15:00Z,2026-07-22T23:15:00+0200,104.35,EUR/MWh,NL,NL,imbalance_price,Long,2026-08-06T05:38:50Z
2026-08-06T05:35:55Z,2026-08-06T07:35:55+0200,c3feb7e2-8675-4f7f-be40-2d97c558df74,2026-07-22T21:15:00Z,2026-07-22T23:15:00+0200,104.35,EUR/MWh,NL,NL,imbalance_price,Short,2026-08-06T05:38:50Z
2026-08-06T05:35:55Z,2026-08-06T07:35:55+0200,c3feb7e2-8675-4f7f-be40-2d97c558df74,2026-07-22T21:30:00Z,2026-07-22T23:30:00+0200,98.25,EUR/MWh,NL,NL,imbalance_price,Long,2026-08-06T05:38:50Z
2026-08-06T05:35:55Z,2026-08-06T07:35:55+0200,c3feb7e2-8675-4f7f-be40-2d97c558df74,2026-07-22T21:30:00Z,2026-07-22T23:30:00+0200,122.67,EUR/MWh,NL,NL,imbalance_price,Short,2026-08-06T05:38:50Z
2026-08-06T05:35:55Z,2026-08-06T07:35:55+0200,c3feb7e2-8675-4f7f-be40-2d97c558df74,2026-07-22T21:45:00Z,2026-07-22T23:45:00+0200,98.25,EUR/MWh,NL,NL,imbalance_price,Long,2026-08-06T05:38:50Z
2026-08-06T05:35:55Z,2026-08-06T07:35:55+0200,c3feb7e2-8675-4f7f-be40-2d97c558df74,2026-07-22T21:45:00Z,2026-07-22T23:45:00+0200,98.25,EUR/MWh,NL,NL,imbalance_price,Short,2026-08-06T05:38:50Z
2026-08-06T05:35:55Z,2026-08-06T07:35:55+0200,c3feb7e2-8675-4f7f-be40-2d97c558df74,2026-07-22T22:00:00Z,2026-07-23T00:00:00+0200,94.0,EUR/MWh,NL,NL,imbalance_price,Long,2026-08-06T05:38:50Z
2026-08-06T05:35:55Z,2026-08-06T07:35:55+0200,c3feb7e2-8675-4f7f-be40-2d97c558df74,2026-07-22T22:00:00Z,2026-07-23T00:00:00+0200,94.0,EUR/MWh,NL,NL,imbalance_price,Short,2026-08-06T05:38:50Z
2026-08-06T05:35:55Z,2026-08-06T07:35:55+0200,c3feb7e2-8675-4f7f-be40-2d97c558df74,2026-07-22T22:15:00Z,2026-07-23T00:15:00+0200,89.04,EUR/MWh,NL,NL,imbalance_price,Long,2026-08-06T05:38:50Z
2026-08-06T05:35:55Z,2026-08-06T07:35:55+0200,c3feb7e2-8675-4f7f-be40-2d97c558df74,2026-07-22T22:15:00Z,2026-07-23T00:15:00+0200,89.04,EUR/MWh,NL,NL,imbalance_price,Short,2026-08-06T05:38:50Z
2026-08-06T05:35:55Z,2026-08-06T07:35:55+0200,c3feb7e2-8675-4f7f-be40-2d97c558df74,2026-07-22T22:30:00Z,2026-07-23T00:30:00+0200,88.0,EUR/MWh,NL,NL,imbalance_price,Long,2026-08-06T05:38:50Z
2026-08-06T05:35:55Z,2026-08-06T07:35:55+0200,c3feb7e2-8675-4f7f-be40-2d97c558df74,2026-07-22T22:30:00Z,2026-07-23T00:30:00+0200,108.75,EUR/MWh,NL,NL,imbalance_price,Short,2026-08-06T05:38:50Z
2026-08-06T05:35:55Z,2026-08-06T07:35:55+0200,c3feb7e2-8675-4f7f-be40-2d97c558df74,2026-07-22T22:45:00Z,2026-07-23T00:45:00+0200,100.71,EUR/MWh,NL,NL,imbalance_price,Long,2026-08-06T05:38:50Z
2026-08-06T05:35:55Z,2026-08-06T07:35:55+0200,c3feb7e2-8675-4f7f-be40-2d97c558df74,2026-07-22T22:45:00Z,2026-07-23T00:45:00+0200,100.71,EUR/MWh,NL,NL,imbalance_price,Short,2026-08-06T05:38:50Z
2026-08-06T05:35:55Z,2026-08-06T07:35:55+0200,c3feb7e2-8675-4f7f-be40-2d97c558df74,2026-07-22T23:00:00Z,2026-07-23T01:00:00+0200,104.88,EUR/MWh,NL,NL,imbalance_price,Long,2026-08-06T05:38:50Z
2026-08-06T05:35:55Z,2026-08-06T07:35:55+0200,c3feb7e2-8675-4f7f-be40-2d97c558df74,2026-07-22T23:00:00Z,2026-07-23T01:00:00+0200,104.88,EUR/MWh,NL,NL,imbalance_price,Short,2026-08-06T05:38:50Z
2026-08-06T05:35:55Z,2026-08-06T07:35:55+0200,c3feb7e2-8675-4f7f-be40-2d97c558df74,2026-07-22T23:15:00Z,2026-07-23T01:15:00+0200,101.18,EUR/MWh,NL,NL,imbalance_price,Long,2026-08-06T05:38:50Z
2026-08-06T05:35:55Z,2026-08-06T07:35:55+0200,c3feb7e2-8675-4f7f-be40-2d97c558df74,2026-07-22T23:15:00Z,2026-07-23T01:15:00+0200,101.18,EUR/MWh,NL,NL,imbalance_price,Short,2026-08-06T05:38:50Z
2026-08-06T05:35:55Z,2026-08-06T07:35:55+0200,c3feb7e2-8675-4f7f-be40-2d97c558df74,2026-07-22T23:30:00Z,2026-07-23T01:30:00+0200,119.3,EUR/MWh,NL,NL,imbalance_price,Long,2026-08-06T05:38:50Z
2026-08-06T05:35:55Z,2026-08-06T07:35:55+0200,c3feb7e2-8675-4f7f-be40-2d97c558df74,2026-07-22T23:30:00Z,2026-07-23T01:30:00+0200,119.3,EUR/MWh,NL,NL,imbalance_price,Short,2026-08-06T05:38:50Z
2026-08-06T05:35:55Z,2026-08-06T07:35:55+0200,c3feb7e2-8675-4f7f-be40-2d97c558df74,2026-07-22T23:45:00Z,2026-07-23T01:45:00+0200,135.0,EUR/MWh,NL,NL,imbalance_price,Long,2026-08-06T05:38:50Z
2026-08-06T05:35:55Z,2026-08-06T07:35:55+0200,c3feb7e2-8675-4f7f-be40-2d97c558df74,2026-07-22T23:45:00Z,2026-07-23T01:45:00+0200,135.0,EUR/MWh,NL,NL,imbalance_price,Short,2026-08-06T05:38:50Z
2026-08-06T05:35:55Z,2026-08-06T07:35:55+0200,c3feb7e2-8675-4f7f-be40-2d97c558df74,2026-07-23T00:00:00Z,2026-07-23T02:00:00+0200,150.0,EUR/MWh,NL,NL,imbalance_price,Long,2026-08-06T05:38:50Z
2026-08-06T05:35:55Z,2026-08-06T07:35:55+0200,c3feb7e2-8675-4f7f-be40-2d97c558df74,2026-07-23T00:00:00Z,2026-07-23T02:00:00+0200,150.0,EUR/MWh,NL,NL,imbalance_price,Short,2026-08-06T05:38:50Z
2026-08-06T05:35:55Z,2026-08-06T07:35:55+0200,c3feb7e2-8675-4f7f-be40-2d97c558df74,2026-07-23T00:15:00Z,2026-07-23T02:15:00+0200,150.0,EUR/MWh,NL,NL,imbalance_price,Long,2026-08-06T05:38:50Z
2026-08-06T05:35:55Z,2026-08-06T07:35:55+0200,c3feb7e2-8675-4f7f-be40-2d97c558df74,2026-07-23T00:15:00Z,2026-07-23T02:15:00+0200,150.0,EUR/MWh,NL,NL,imbalance_price,Short,2026-08-06T05:38:50Z
2026-08-06T05:35:55Z,2026-08-06T07:35:55+0200,c3feb7e2-8675-4f7f-be40-2d97c558df74,2026-07-23T00:30:00Z,2026-07-23T02:30:00+0200,124.71,EUR/MWh,NL,NL,imbalance_price,Long,2026-08-06T05:38:50Z
2026-08-06T05:35:55Z,2026-08-06T07:35:55+0200,c3feb7e2-8675-4f7f-be40-2d97c558df74,2026-07-23T00:30:00Z,2026-07-23T02:30:00+0200,124.71,EUR/MWh,NL,NL,imbalance_price,Short,2026-08-06T05:38:50Z
2026-08-06T05:35:55Z,2026-08-06T07:35:55+0200,c3feb7e2-8675-4f7f-be40-2d97c558df74,2026-07-23T00:45:00Z,2026-07-23T02:45:00+0200,121.8,EUR/MWh,NL,NL,imbalance_price,Long,2026-08-06T05:38:50Z
2026-08-06T05:35:55Z,2026-08-06T07:35:55+0200,c3feb7e2-8675-4f7f-be40-2d97c558df74,2026-07-23T00:45:00Z,2026-07-23T02:45:00+0200,125.0,EUR/MWh,NL,NL,imbalance_price,Short,2026-08-06T05:38:50Z
2026-08-06T05:35:55Z,2026-08-06T07:35:55+0200,c3feb7e2-8675-4f7f-be40-2d97c558df74,2026-07-23T01:00:00Z,2026-07-23T03:00:00+0200,126.8,EUR/MWh,NL,NL,imbalance_price,Long,2026-08-06T05:38:50Z
2026-08-06T05:35:55Z,2026-08-06T07:35:55+0200,c3feb7e2-8675-4f7f-be40-2d97c558df74,2026-07-23T01:00:00Z,2026-07-23T03:00:00+0200,126.8,EUR/MWh,NL,NL,imbalance_price,Short,2026-08-06T05:38:50Z
2026-08-06T05:35:55Z,2026-08-06T07:35:55+0200,c3feb7e2-8675-4f7f-be40-2d97c558df74,2026-07-23T01:15:00Z,2026-07-23T03:15:00+0200,150.0,EUR/MWh,NL,NL,imbalance_price,Long,2026-08-06T05:38:50Z
2026-08-06T05:35:55Z,2026-08-06T07:35:55+0200,c3feb7e2-8675-4f7f-be40-2d97c558df74,2026-07-23T01:15:00Z,2026-07-23T03:15:00+0200,150.0,EUR/MWh,NL,NL,imbalance_price,Short,2026-08-06T05:38:50Z
2026-08-06T05:35:55Z,2026-08-06T07:35:55+0200,c3feb7e2-8675-4f7f-be40-2d97c558df74,2026-07-23T01:30:00Z,2026-07-23T03:30:00+0200,164.68,EUR/MWh,NL,NL,imbalance_price,Long,2026-08-06T05:38:50Z
2026-08-06T05:35:55Z,2026-08-06T07:35:55+0200,c3feb7e2-8675-4f7f-be40-2d97c558df74,2026-07-23T01:30:00Z,2026-07-23T03:30:00+0200,164.68,EUR/MWh,NL,NL,imbalance_price,Short,2026-08-06T05:38:50Z
2026-08-06T05:35:55Z,2026-08-06T07:35:55+0200,c3feb7e2-8675-4f7f-be40-2d97c558df74,2026-07-23T01:45:00Z,2026-07-23T03:45:00+0200,124.71,EUR/MWh,NL,NL,imbalance_price,Long,2026-08-06T05:38:50Z
2026-08-06T05:35:55Z,2026-08-06T07:35:55+0200,c3feb7e2-8675-4f7f-be40-2d97c558df74,2026-07-23T01:45:00Z,2026-07-23T03:45:00+0200,144.33,EUR/MWh,NL,NL,imbalance_price,Short,2026-08-06T05:38:50Z
2026-08-06T05:35:55Z,2026-08-06T07:35:55+0200,c3feb7e2-8675-4f7f-be40-2d97c558df74,2026-07-23T02:00:00Z,2026-07-23T04:00:00+0200,165.33,EUR/MWh,NL,NL,imbalance_price,Long,2026-08-06T05:38:50Z
2026-08-06T05:35:55Z,2026-08-06T07:35:55+0200,c3feb7e2-8675-4f7f-be40-2d97c558df74,2026-07-23T02:00:00Z,2026-07-23T04:00:00+0200,165.33,EUR/MWh,NL,NL,imbalance_price,Short,2026-08-06T05:38:50Z
2026-08-06T05:35:55Z,2026-08-06T07:35:55+0200,c3feb7e2-8675-4f7f-be40-2d97c558df74,2026-07-23T02:15:00Z,2026-07-23T04:15:00+0200,182.87,EUR/MWh,NL,NL,imbalance_price,Long,2026-08-06T05:38:50Z
2026-08-06T05:35:55Z,2026-08-06T07:35:55+0200,c3feb7e2-8675-4f7f-be40-2d97c558df74,2026-07-23T02:15:00Z,2026-07-23T04:15:00+0200,182.87,EUR/MWh,NL,NL,imbalance_price,Short,2026-08-06T05:38:50Z
2026-08-06T05:35:55Z,2026-08-06T07:35:55+0200,c3feb7e2-8675-4f7f-be40-2d97c558df74,2026-07-23T02:30:00Z,2026-07-23T04:30:00+0200,174.0,EUR/MWh,NL,NL,imbalance_price,Long,2026-08-06T05:38:50Z
2026-08-06T05:35:55Z,2026-08-06T07:35:55+0200,c3feb7e2-8675-4f7f-be40-2d97c558df74,2026-07-23T02:30:00Z,2026-07-23T04:30:00+0200,174.0,EUR/MWh,NL,NL,imbalance_price,Short,2026-08-06T05:38:50Z
2026-08-06T05:35:55Z,2026-08-06T07:35:55+0200,c3feb7e2-8675-4f7f-be40-2d97c558df74,2026-07-23T02:45:00Z,2026-07-23T04:45:00+0200,171.73,EUR/MWh,NL,NL,imbalance_price,Long,2026-08-06T05:38:50Z
2026-08-06T05:35:55Z,2026-08-06T07:35:55+0200,c3feb7e2-8675-4f7f-be40-2d97c558df74,2026-07-23T02:45:00Z,2026-07-23T04:45:00+0200,171.73,EUR/MWh,NL,NL,imbalance_price,Short,2026-08-06T05:38:50Z
2026-08-06T05:35:55Z,2026-08-06T07:35:55+0200,c3feb7e2-8675-4f7f-be40-2d97c558df74,2026-07-23T03:00:00Z,2026-07-23T05:00:00+0200,150.0,EUR/MWh,NL,NL,imbalance_price,Long,2026-08-06T05:38:50Z
2026-08-06T05:35:55Z,2026-08-06T07:35:55+0200,c3feb7e2-8675-4f7f-be40-2d97c558df74,2026-07-23T03:00:00Z,2026-07-23T05:00:00+0200,150.0,EUR/MWh,NL,NL,imbalance_price,Short,2026-08-06T05:38:50Z
2026-08-06T05:35:55Z,2026-08-06T07:35:55+0200,c3feb7e2-8675-4f7f-be40-2d97c558df74,2026-07-23T03:15:00Z,2026-07-23T05:15:00+0200,145.0,EUR/MWh,NL,NL,imbalance_price,Long,2026-08-06T05:38:50Z
2026-08-06T05:35:55Z,2026-08-06T07:35:55+0200,c3feb7e2-8675-4f7f-be40-2d97c558df74,2026-07-23T03:15:00Z,2026-07-23T05:15:00+0200,145.0,EUR/MWh,NL,NL,imbalance_price,Short,2026-08-06T05:38:50Z
2026-08-06T05:35:55Z,2026-08-06T07:35:55+0200,c3feb7e2-8675-4f7f-be40-2d97c558df74,2026-07-23T03:30:00Z,2026-07-23T05:30:00+0200,174.0,EUR/MWh,NL,NL,imbalance_price,Long,2026-08-06T05:38:50Z
2026-08-06T05:35:55Z,2026-08-06T07:35:55+0200,c3feb7e2-8675-4f7f-be40-2d97c558df74,2026-07-23T03:30:00Z,2026-07-23T05:30:00+0200,174.0,EUR/MWh,NL,NL,imbalance_price,Short,2026-08-06T05:38:50Z
2026-08-06T05:35:55Z,2026-08-06T07:35:55+0200,c3feb7e2-8675-4f7f-be40-2d97c558df74,2026-07-23T03:45:00Z,2026-07-23T05:45:00+0200,131.89,EUR/MWh,NL,NL,imbalance_price,Long,2026-08-06T05:38:50Z
2026-08-06T05:35:55Z,2026-08-06T07:35:55+0200,c3feb7e2-8675-4f7f-be40-2d97c558df74,2026-07-23T03:45:00Z,2026-07-23T05:45:00+0200,167.03,EUR/MWh,NL,NL,imbalance_price,Short,2026-08-06T05:38:50Z
2026-08-06T05:35:55Z,2026-08-06T07:35:55+0200,c3feb7e2-8675-4f7f-be40-2d97c558df74,2026-07-23T04:00:00Z,2026-07-23T06:00:00+0200,119.04,EUR/MWh,NL,NL,imbalance_price,Long,2026-08-06T05:38:50Z
2026-08-06T05:35:55Z,2026-08-06T07:35:55+0200,c3feb7e2-8675-4f7f-be40-2d97c558df74,2026-07-23T04:00:00Z,2026-07-23T06:00:00+0200,170.42,EUR/MWh,NL,NL,imbalance_price,Short,2026-08-06T05:38:50Z
2026-08-06T05:35:55Z,2026-08-06T07:35:55+0200,c3feb7e2-8675-4f7f-be40-2d97c558df74,2026-07-23T04:15:00Z,2026-07-23T06:15:00+0200,129.45,EUR/MWh,NL,NL,imbalance_price,Long,2026-08-06T05:38:50Z
2026-08-06T05:35:55Z,2026-08-06T07:35:55+0200,c3feb7e2-8675-4f7f-be40-2d97c558df74,2026-07-23T04:15:00Z,2026-07-23T06:15:00+0200,150.0,EUR/MWh,NL,NL,imbalance_price,Short,2026-08-06T05:38:50Z
2026-08-06T05:35:55Z,2026-08-06T07:35:55+0200,c3feb7e2-8675-4f7f-be40-2d97c558df74,2026-07-23T04:30:00Z,2026-07-23T06:30:00+0200,97.0,EUR/MWh,NL,NL,imbalance_price,Long,2026-08-06T05:38:50Z
2026-08-06T05:35:55Z,2026-08-06T07:35:55+0200,c3feb7e2-8675-4f7f-be40-2d97c558df74,2026-07-23T04:30:00Z,2026-07-23T06:30:00+0200,97.0,EUR/MWh,NL,NL,imbalance_price,Short,2026-08-06T05:38:50Z
2026-08-06T05:35:55Z,2026-08-06T07:35:55+0200,c3feb7e2-8675-4f7f-be40-2d97c558df74,2026-07-23T04:45:00Z,2026-07-23T06:45:00+0200,88.0,EUR/MWh,NL,NL,imbalance_price,Long,2026-08-06T05:38:50Z
2026-08-06T05:35:55Z,2026-08-06T07:35:55+0200,c3feb7e2-8675-4f7f-be40-2d97c558df74,2026-07-23T04:45:00Z,2026-07-23T06:45:00+0200,88.0,EUR/MWh,NL,NL,imbalance_price,Short,2026-08-06T05:38:50Z
2026-08-06T05:35:55Z,2026-08-06T07:35:55+0200,c3feb7e2-8675-4f7f-be40-2d97c558df74,2026-07-23T05:00:00Z,2026-07-23T07:00:00+0200,107.14,EUR/MWh,NL,NL,imbalance_price,Long,2026-08-06T05:38:50Z
2026-08-06T05:35:55Z,2026-08-06T07:35:55+0200,c3feb7e2-8675-4f7f-be40-2d97c558df74,2026-07-23T05:00:00Z,2026-07-23T07:00:00+0200,123.28,EUR/MWh,NL,NL,imbalance_price,Short,2026-08-06T05:38:50Z
2026-08-06T05:35:55Z,2026-08-06T07:35:55+0200,c3feb7e2-8675-4f7f-be40-2d97c558df74,2026-07-23T05:15:00Z,2026-07-23T07:15:00+0200,119.93,EUR/MWh,NL,NL,imbalance_price,Long,2026-08-06T05:38:50Z
2026-08-06T05:35:55Z,2026-08-06T07:35:55+0200,c3feb7e2-8675-4f7f-be40-2d97c558df74,2026-07-23T05:15:00Z,2026-07-23T07:15:00+0200,119.93,EUR/MWh,NL,NL,imbalance_price,Short,2026-08-06T05:38:50Z
2026-08-06T05:35:55Z,2026-08-06T07:35:55+0200,c3feb7e2-8675-4f7f-be40-2d97c558df74,2026-07-23T05:30:00Z,2026-07-23T07:30:00+0200,116.67,EUR/MWh,NL,NL,imbalance_price,Long,2026-08-06T05:38:50Z
2026-08-06T05:35:55Z,2026-08-06T07:35:55+0200,c3feb7e2-8675-4f7f-be40-2d97c558df74,2026-07-23T05:30:00Z,2026-07-23T07:30:00+0200,116.67,EUR/MWh,NL,NL,imbalance_price,Short,2026-08-06T05:38:50Z
2026-08-06T05:35:55Z,2026-08-06T07:35:55+0200,c3feb7e2-8675-4f7f-be40-2d97c558df74,2026-07-23T05:45:00Z,2026-07-23T07:45:00+0200,113.85,EUR/MWh,NL,NL,imbalance_price,Long,2026-08-06T05:38:50Z
2026-08-06T05:35:55Z,2026-08-06T07:35:55+0200,c3feb7e2-8675-4f7f-be40-2d97c558df74,2026-07-23T05:45:00Z,2026-07-23T07:45:00+0200,113.85,EUR/MWh,NL,NL,imbalance_price,Short,2026-08-06T05:38:50Z
2026-08-06T05:35:55Z,2026-08-06T07:35:55+0200,c3feb7e2-8675-4f7f-be40-2d97c558df74,2026-07-23T06:00:00Z,2026-07-23T08:00:00+0200,150.0,EUR/MWh,NL,NL,imbalance_price,Long,2026-08-06T05:38:50Z
2026-08-06T05:35:55Z,2026-08-06T07:35:55+0200,c3feb7e2-8675-4f7f-be40-2d97c558df74,2026-07-23T06:00:00Z,2026-07-23T08:00:00+0200,150.0,EUR/MWh,NL,NL,imbalance_price,Short,2026-08-06T05:38:50Z
2026-08-06T05:35:55Z,2026-08-06T07:35:55+0200,c3feb7e2-8675-4f7f-be40-2d97c558df74,2026-07-23T06:15:00Z,2026-07-23T08:15:00+0200,157.9,EUR/MWh,NL,NL,imbalance_price,Long,2026-08-06T05:38:50Z
2026-08-06T05:35:55Z,2026-08-06T07:35:55+0200,c3feb7e2-8675-4f7f-be40-2d97c558df74,2026-07-23T06:15:00Z,2026-07-23T08:15:00+0200,157.9,EUR/MWh,NL,NL,imbalance_price,Short,2026-08-06T05:38:50Z
2026-08-06T05:35:55Z,2026-08-06T07:35:55+0200,c3feb7e2-8675-4f7f-be40-2d97c558df74,2026-07-23T06:30:00Z,2026-07-23T08:30:00+0200,174.0,EUR/MWh,NL,NL,imbalance_price,Long,2026-08-06T05:38:50Z
2026-08-06T05:35:55Z,2026-08-06T07:35:55+0200,c3feb7e2-8675-4f7f-be40-2d97c558df74,2026-07-23T06:30:00Z,2026-07-23T08:30:00+0200,174.0,EUR/MWh,NL,NL,imbalance_price,Short,2026-08-06T05:38:50Z
2026-08-06T05:35:55Z,2026-08-06T07:35:55+0200,c3feb7e2-8675-4f7f-be40-2d97c558df74,2026-07-23T06:45:00Z,2026-07-23T08:45:00+0200,142.69,EUR/MWh,NL,NL,imbalance_price,Long,2026-08-06T05:38:50Z
2026-08-06T05:35:55Z,2026-08-06T07:35:55+0200,c3feb7e2-8675-4f7f-be40-2d97c558df74,2026-07-23T06:45:00Z,2026-07-23T08:45:00+0200,142.69,EUR/MWh,NL,NL,imbalance_price,Short,2026-08-06T05:38:50Z
2026-08-06T05:35:55Z,2026-08-06T07:35:55+0200,c3feb7e2-8675-4f7f-be40-2d97c558df74,2026-07-23T07:00:00Z,2026-07-23T09:00:00+0200,150.0,EUR/MWh,NL,NL,imbalance_price,Long,2026-08-06T05:38:50Z
2026-08-06T05:35:55Z,2026-08-06T07:35:55+0200,c3feb7e2-8675-4f7f-be40-2d97c558df74,2026-07-23T07:00:00Z,2026-07-23T09:00:00+0200,150.0,EUR/MWh,NL,NL,imbalance_price,Short,2026-08-06T05:38:50Z
2026-08-06T05:35:55Z,2026-08-06T07:35:55+0200,c3feb7e2-8675-4f7f-be40-2d97c558df74,2026-07-23T07:15:00Z,2026-07-23T09:15:00+0200,239.7,EUR/MWh,NL,NL,imbalance_price,Long,2026-08-06T05:38:50Z
2026-08-06T05:35:55Z,2026-08-06T07:35:55+0200,c3feb7e2-8675-4f7f-be40-2d97c558df74,2026-07-23T07:15:00Z,2026-07-23T09:15:00+0200,239.7,EUR/MWh,NL,NL,imbalance_price,Short,2026-08-06T05:38:50Z
2026-08-06T05:35:55Z,2026-08-06T07:35:55+0200,c3feb7e2-8675-4f7f-be40-2d97c558df74,2026-07-23T07:30:00Z,2026-07-23T09:30:00+0200,174.0,EUR/MWh,NL,NL,imbalance_price,Long,2026-08-06T05:38:50Z
2026-08-06T05:35:55Z,2026-08-06T07:35:55+0200,c3feb7e2-8675-4f7f-be40-2d97c558df74,2026-07-23T07:30:00Z,2026-07-23T09:30:00+0200,174.0,EUR/MWh,NL,NL,imbalance_price,Short,2026-08-06T05:38:50Z
2026-08-06T05:35:55Z,2026-08-06T07:35:55+0200,c3feb7e2-8675-4f7f-be40-2d97c558df74,2026-07-23T07:45:00Z,2026-07-23T09:45:00+0200,169.68,EUR/MWh,NL,NL,imbalance_price,Long,2026-08-06T05:38:50Z
2026-08-06T05:35:55Z,2026-08-06T07:35:55+0200,c3feb7e2-8675-4f7f-be40-2d97c558df74,2026-07-23T07:45:00Z,2026-07-23T09:45:00+0200,169.68,EUR/MWh,NL,NL,imbalance_price,Short,2026-08-06T05:38:50Z
2026-08-06T05:35:55Z,2026-08-06T07:35:55+0200,c3feb7e2-8675-4f7f-be40-2d97c558df74,2026-07-23T08:00:00Z,2026-07-23T10:00:00+0200,174.0,EUR/MWh,NL,NL,imbalance_price,Long,2026-08-06T05:38:50Z
2026-08-06T05:35:55Z,2026-08-06T07:35:55+0200,c3feb7e2-8675-4f7f-be40-2d97c558df74,2026-07-23T08:00:00Z,2026-07-23T10:00:00+0200,174.0,EUR/MWh,NL,NL,imbalance_price,Short,2026-08-06T05:38:50Z
2026-08-06T05:35:55Z,2026-08-06T07:35:55+0200,c3feb7e2-8675-4f7f-be40-2d97c558df74,2026-07-23T08:15:00Z,2026-07-23T10:15:00+0200,24.7,EUR/MWh,NL,NL,imbalance_price,Long,2026-08-06T05:38:50Z
2026-08-06T05:35:55Z,2026-08-06T07:35:55+0200,c3feb7e2-8675-4f7f-be40-2d97c558df74,2026-07-23T08:15:00Z,2026-07-23T10:15:00+0200,150.0,EUR/MWh,NL,NL,imbalance_price,Short,2026-08-06T05:38:50Z
2026-08-06T05:35:55Z,2026-08-06T07:35:55+0200,c3feb7e2-8675-4f7f-be40-2d97c558df74,2026-07-23T08:30:00Z,2026-07-23T10:30:00+0200,88.0,EUR/MWh,NL,NL,imbalance_price,Long,2026-08-06T05:38:50Z
2026-08-06T05:35:55Z,2026-08-06T07:35:55+0200,c3feb7e2-8675-4f7f-be40-2d97c558df74,2026-07-23T08:30:00Z,2026-07-23T10:30:00+0200,117.26,EUR/MWh,NL,NL,imbalance_price,Short,2026-08-06T05:38:50Z
2026-08-06T05:35:55Z,2026-08-06T07:35:55+0200,c3feb7e2-8675-4f7f-be40-2d97c558df74,2026-07-23T08:45:00Z,2026-07-23T10:45:00+0200,24.7,EUR/MWh,NL,NL,imbalance_price,Long,2026-08-06T05:38:50Z
2026-08-06T05:35:55Z,2026-08-06T07:35:55+0200,c3feb7e2-8675-4f7f-be40-2d97c558df74,2026-07-23T08:45:00Z,2026-07-23T10:45:00+0200,24.7,EUR/MWh,NL,NL,imbalance_price,Short,2026-08-06T05:38:50Z
2026-08-06T05:35:55Z,2026-08-06T07:35:55+0200,c3feb7e2-8675-4f7f-be40-2d97c558df74,2026-07-23T09:00:00Z,2026-07-23T11:00:00+0200,90.84,EUR/MWh,NL,NL,imbalance_price,Long,2026-08-06T05:38:50Z
2026-08-06T05:35:55Z,2026-08-06T07:35:55+0200,c3feb7e2-8675-4f7f-be40-2d97c558df74,2026-07-23T09:00:00Z,2026-07-23T11:00:00+0200,140.0,EUR/MWh,NL,NL,imbalance_price,Short,2026-08-06T05:38:50Z
2026-08-06T05:35:55Z,2026-08-06T07:35:55+0200,c3feb7e2-8675-4f7f-be40-2d97c558df74,2026-07-23T09:15:00Z,2026-07-23T11:15:00+0200,6.6,EUR/MWh,NL,NL,imbalance_price,Long,2026-08-06T05:38:50Z
2026-08-06T05:35:55Z,2026-08-06T07:35:55+0200,c3feb7e2-8675-4f7f-be40-2d97c558df74,2026-07-23T09:15:00Z,2026-07-23T11:15:00+0200,6.6,EUR/MWh,NL,NL,imbalance_price,Short,2026-08-06T05:38:50Z
2026-08-06T05:35:55Z,2026-08-06T07:35:55+0200,c3feb7e2-8675-4f7f-be40-2d97c558df74,2026-07-23T09:30:00Z,2026-07-23T11:30:00+0200,52.21,EUR/MWh,NL,NL,imbalance_price,Long,2026-08-06T05:38:50Z
2026-08-06T05:35:55Z,2026-08-06T07:35:55+0200,c3feb7e2-8675-4f7f-be40-2d97c558df74,2026-07-23T09:30:00Z,2026-07-23T11:30:00+0200,90.74,EUR/MWh,NL,NL,imbalance_price,Short,2026-08-06T05:38:50Z
2026-08-06T05:35:55Z,2026-08-06T07:35:55+0200,c3feb7e2-8675-4f7f-be40-2d97c558df74,2026-07-23T09:45:00Z,2026-07-23T11:45:00+0200,88.0,EUR/MWh,NL,NL,imbalance_price,Long,2026-08-06T05:38:50Z
2026-08-06T05:35:55Z,2026-08-06T07:35:55+0200,c3feb7e2-8675-4f7f-be40-2d97c558df74,2026-07-23T09:45:00Z,2026-07-23T11:45:00+0200,88.0,EUR/MWh,NL,NL,imbalance_price,Short,2026-08-06T05:38:50Z
2026-08-06T05:35:55Z,2026-08-06T07:35:55+0200,c3feb7e2-8675-4f7f-be40-2d97c558df74,2026-07-23T10:00:00Z,2026-07-23T12:00:00+0200,31.0,EUR/MWh,NL,NL,imbalance_price,Long,2026-08-06T05:38:50Z
2026-08-06T05:35:55Z,2026-08-06T07:35:55+0200,c3feb7e2-8675-4f7f-be40-2d97c558df74,2026-07-23T10:00:00Z,2026-07-23T12:00:00+0200,31.0,EUR/MWh,NL,NL,imbalance_price,Short,2026-08-06T05:38:50Z
2026-08-06T05:35:55Z,2026-08-06T07:35:55+0200,c3feb7e2-8675-4f7f-be40-2d97c558df74,2026-07-23T10:15:00Z,2026-07-23T12:15:00+0200,33.39,EUR/MWh,NL,NL,imbalance_price,Long,2026-08-06T05:38:50Z
2026-08-06T05:35:55Z,2026-08-06T07:35:55+0200,c3feb7e2-8675-4f7f-be40-2d97c558df74,2026-07-23T10:15:00Z,2026-07-23T12:15:00+0200,33.39,EUR/MWh,NL,NL,imbalance_price,Short,2026-08-06T05:38:50Z
2026-08-06T05:35:55Z,2026-08-06T07:35:55+0200,c3feb7e2-8675-4f7f-be40-2d97c558df74,2026-07-23T10:30:00Z,2026-07-23T12:30:00+0200,27.88,EUR/MWh,NL,NL,imbalance_price,Long,2026-08-06T05:38:50Z
2026-08-06T05:35:55Z,2026-08-06T07:35:55+0200,c3feb7e2-8675-4f7f-be40-2d97c558df74,2026-07-23T10:30:00Z,2026-07-23T12:30:00+0200,27.88,EUR/MWh,NL,NL,imbalance_price,Short,2026-08-06T05:38:50Z
2026-08-06T05:35:55Z,2026-08-06T07:35:55+0200,c3feb7e2-8675-4f7f-be40-2d97c558df74,2026-07-23T10:45:00Z,2026-07-23T12:45:00+0200,-1.5,EUR/MWh,NL,NL,imbalance_price,Long,2026-08-06T05:38:50Z
2026-08-06T05:35:55Z,2026-08-06T07:35:55+0200,c3feb7e2-8675-4f7f-be40-2d97c558df74,2026-07-23T10:45:00Z,2026-07-23T12:45:00+0200,-1.5,EUR/MWh,NL,NL,imbalance_price,Short,2026-08-06T05:38:50Z
2026-08-06T05:35:55Z,2026-08-06T07:35:55+0200,c3feb7e2-8675-4f7f-be40-2d97c558df74,2026-07-23T11:00:00Z,2026-07-23T13:00:00+0200,-13.0,EUR/MWh,NL,NL,imbalance_price,Long,2026-08-06T05:38:50Z
2026-08-06T05:35:55Z,2026-08-06T07:35:55+0200,c3feb7e2-8675-4f7f-be40-2d97c558df74,2026-07-23T11:00:00Z,2026-07-23T13:00:00+0200,-13.0,EUR/MWh,NL,NL,imbalance_price,Short,2026-08-06T05:38:50Z
2026-08-06T05:35:55Z,2026-08-06T07:35:55+0200,c3feb7e2-8675-4f7f-be40-2d97c558df74,2026-07-23T11:15:00Z,2026-07-23T13:15:00+0200,-13.0,EUR/MWh,NL,NL,imbalance_price,Long,2026-08-06T05:38:50Z
2026-08-06T05:35:55Z,2026-08-06T07:35:55+0200,c3feb7e2-8675-4f7f-be40-2d97c558df74,2026-07-23T11:15:00Z,2026-07-23T13:15:00+0200,-13.0,EUR/MWh,NL,NL,imbalance_price,Short,2026-08-06T05:38:50Z
2026-08-06T05:35:55Z,2026-08-06T07:35:55+0200,c3feb7e2-8675-4f7f-be40-2d97c558df74,2026-07-23T11:30:00Z,2026-07-23T13:30:00+0200,-3.0,EUR/MWh,NL,NL,imbalance_price,Long,2026-08-06T05:38:50Z
2026-08-06T05:35:55Z,2026-08-06T07:35:55+0200,c3feb7e2-8675-4f7f-be40-2d97c558df74,2026-07-23T11:30:00Z,2026-07-23T13:30:00+0200,-3.0,EUR/MWh,NL,NL,imbalance_price,Short,2026-08-06T05:38:50Z
2026-08-06T05:35:55Z,2026-08-06T07:35:55+0200,c3feb7e2-8675-4f7f-be40-2d97c558df74,2026-07-23T11:45:00Z,2026-07-23T13:45:00+0200,-4.0,EUR/MWh,NL,NL,imbalance_price,Long,2026-08-06T05:38:50Z
2026-08-06T05:35:55Z,2026-08-06T07:35:55+0200,c3feb7e2-8675-4f7f-be40-2d97c558df74,2026-07-23T11:45:00Z,2026-07-23T13:45:00+0200,-4.0,EUR/MWh,NL,NL,imbalance_price,Short,2026-08-06T05:38:50Z
2026-08-06T05:35:55Z,2026-08-06T07:35:55+0200,c3feb7e2-8675-4f7f-be40-2d97c558df74,2026-07-23T12:00:00Z,2026-07-23T14:00:00+0200,-3.0,EUR/MWh,NL,NL,imbalance_price,Long,2026-08-06T05:38:50Z
2026-08-06T05:35:55Z,2026-08-06T07:35:55+0200,c3feb7e2-8675-4f7f-be40-2d97c558df74,2026-07-23T12:00:00Z,2026-07-23T14:00:00+0200,-3.0,EUR/MWh,NL,NL,imbalance_price,Short,2026-08-06T05:38:50Z
2026-08-06T05:35:55Z,2026-08-06T07:35:55+0200,c3feb7e2-8675-4f7f-be40-2d97c558df74,2026-07-23T12:15:00Z,2026-07-23T14:15:00+0200,-3.0,EUR/MWh,NL,NL,imbalance_price,Long,2026-08-06T05:38:50Z
2026-08-06T05:35:55Z,2026-08-06T07:35:55+0200,c3feb7e2-8675-4f7f-be40-2d97c558df74,2026-07-23T12:15:00Z,2026-07-23T14:15:00+0200,-3.0,EUR/MWh,NL,NL,imbalance_price,Short,2026-08-06T05:38:50Z
2026-08-06T05:35:55Z,2026-08-06T07:35:55+0200,c3feb7e2-8675-4f7f-be40-2d97c558df74,2026-07-23T12:30:00Z,2026-07-23T14:30:00+0200,-3.0,EUR/MWh,NL,NL,imbalance_price,Long,2026-08-06T05:38:50Z
2026-08-06T05:35:55Z,2026-08-06T07:35:55+0200,c3feb7e2-8675-4f7f-be40-2d97c558df74,2026-07-23T12:30:00Z,2026-07-23T14:30:00+0200,-3.0,EUR/MWh,NL,NL,imbalance_price,Short,2026-08-06T05:38:50Z
2026-08-06T05:35:55Z,2026-08-06T07:35:55+0200,c3feb7e2-8675-4f7f-be40-2d97c558df74,2026-07-23T12:45:00Z,2026-07-23T14:45:00+0200,-13.0,EUR/MWh,NL,NL,imbalance_price,Long,2026-08-06T05:38:50Z
2026-08-06T05:35:55Z,2026-08-06T07:35:55+0200,c3feb7e2-8675-4f7f-be40-2d97c558df74,2026-07-23T12:45:00Z,2026-07-23T14:45:00+0200,-13.0,EUR/MWh,NL,NL,imbalance_price,Short,2026-08-06T05:38:50Z
2026-08-06T05:35:55Z,2026-08-06T07:35:55+0200,c3feb7e2-8675-4f7f-be40-2d97c558df74,2026-07-23T13:00:00Z,2026-07-23T15:00:00+0200,-13.0,EUR/MWh,NL,NL,imbalance_price,Long,2026-08-06T05:38:50Z
2026-08-06T05:35:55Z,2026-08-06T07:35:55+0200,c3feb7e2-8675-4f7f-be40-2d97c558df74,2026-07-23T13:00:00Z,2026-07-23T15:00:00+0200,-13.0,EUR/MWh,NL,NL,imbalance_price,Short,2026-08-06T05:38:50Z
2026-08-06T05:35:55Z,2026-08-06T07:35:55+0200,c3feb7e2-8675-4f7f-be40-2d97c558df74,2026-07-23T13:15:00Z,2026-07-23T15:15:00+0200,-25.0,EUR/MWh,NL,NL,imbalance_price,Long,2026-08-06T05:38:50Z
2026-08-06T05:35:55Z,2026-08-06T07:35:55+0200,c3feb7e2-8675-4f7f-be40-2d97c558df74,2026-07-23T13:15:00Z,2026-07-23T15:15:00+0200,-25.0,EUR/MWh,NL,NL,imbalance_price,Short,2026-08-06T05:38:50Z
2026-08-06T05:35:55Z,2026-08-06T07:35:55+0200,c3feb7e2-8675-4f7f-be40-2d97c558df74,2026-07-23T13:30:00Z,2026-07-23T15:30:00+0200,-35.0,EUR/MWh,NL,NL,imbalance_price,Long,2026-08-06T05:38:50Z
2026-08-06T05:35:55Z,2026-08-06T07:35:55+0200,c3feb7e2-8675-4f7f-be40-2d97c558df74,2026-07-23T13:30:00Z,2026-07-23T15:30:00+0200,-35.0,EUR/MWh,NL,NL,imbalance_price,Short,2026-08-06T05:38:50Z
2026-08-06T05:35:55Z,2026-08-06T07:35:55+0200,c3feb7e2-8675-4f7f-be40-2d97c558df74,2026-07-23T13:45:00Z,2026-07-23T15:45:00+0200,-3.0,EUR/MWh,NL,NL,imbalance_price,Long,2026-08-06T05:38:50Z
2026-08-06T05:35:55Z,2026-08-06T07:35:55+0200,c3feb7e2-8675-4f7f-be40-2d97c558df74,2026-07-23T13:45:00Z,2026-07-23T15:45:00+0200,-3.0,EUR/MWh,NL,NL,imbalance_price,Short,2026-08-06T05:38:50Z
2026-08-06T05:35:55Z,2026-08-06T07:35:55+0200,c3feb7e2-8675-4f7f-be40-2d97c558df74,2026-07-23T14:00:00Z,2026-07-23T16:00:00+0200,-1.5,EUR/MWh,NL,NL,imbalance_price,Long,2026-08-06T05:38:50Z
2026-08-06T05:35:55Z,2026-08-06T07:35:55+0200,c3feb7e2-8675-4f7f-be40-2d97c558df74,2026-07-23T14:00:00Z,2026-07-23T16:00:00+0200,-1.5,EUR/MWh,NL,NL,imbalance_price,Short,2026-08-06T05:38:50Z
2026-08-06T05:35:55Z,2026-08-06T07:35:55+0200,c3feb7e2-8675-4f7f-be40-2d97c558df74,2026-07-23T14:15:00Z,2026-07-23T16:15:00+0200,-10.0,EUR/MWh,NL,NL,imbalance_price,Long,2026-08-06T05:38:50Z
2026-08-06T05:35:55Z,2026-08-06T07:35:55+0200,c3feb7e2-8675-4f7f-be40-2d97c558df74,2026-07-23T14:15:00Z,2026-07-23T16:15:00+0200,-10.0,EUR/MWh,NL,NL,imbalance_price,Short,2026-08-06T05:38:50Z
2026-08-06T05:35:55Z,2026-08-06T07:35:55+0200,c3feb7e2-8675-4f7f-be40-2d97c558df74,2026-07-23T14:30:00Z,2026-07-23T16:30:00+0200,-15.0,EUR/MWh,NL,NL,imbalance_price,Long,2026-08-06T05:38:50Z
2026-08-06T05:35:55Z,2026-08-06T07:35:55+0200,c3feb7e2-8675-4f7f-be40-2d97c558df74,2026-07-23T14:30:00Z,2026-07-23T16:30:00+0200,-15.0,EUR/MWh,NL,NL,imbalance_price,Short,2026-08-06T05:38:50Z
2026-08-06T05:35:55Z,2026-08-06T07:35:55+0200,c3feb7e2-8675-4f7f-be40-2d97c558df74,2026-07-23T14:45:00Z,2026-07-23T16:45:00+0200,10.0,EUR/MWh,NL,NL,imbalance_price,Long,2026-08-06T05:38:50Z
2026-08-06T05:35:55Z,2026-08-06T07:35:55+0200,c3feb7e2-8675-4f7f-be40-2d97c558df74,2026-07-23T14:45:00Z,2026-07-23T16:45:00+0200,10.0,EUR/MWh,NL,NL,imbalance_price,Short,2026-08-06T05:38:50Z
2026-08-06T05:35:55Z,2026-08-06T07:35:55+0200,c3feb7e2-8675-4f7f-be40-2d97c558df74,2026-07-23T15:00:00Z,2026-07-23T17:00:00+0200,-10.0,EUR/MWh,NL,NL,imbalance_price,Long,2026-08-06T05:38:50Z
2026-08-06T05:35:55Z,2026-08-06T07:35:55+0200,c3feb7e2-8675-4f7f-be40-2d97c558df74,2026-07-23T15:00:00Z,2026-07-23T17:00:00+0200,-10.0,EUR/MWh,NL,NL,imbalance_price,Short,2026-08-06T05:38:50Z
2026-08-06T05:35:55Z,2026-08-06T07:35:55+0200,c3feb7e2-8675-4f7f-be40-2d97c558df74,2026-07-23T15:15:00Z,2026-07-23T17:15:00+0200,-4.0,EUR/MWh,NL,NL,imbalance_price,Long,2026-08-06T05:38:50Z
2026-08-06T05:35:55Z,2026-08-06T07:35:55+0200,c3feb7e2-8675-4f7f-be40-2d97c558df74,2026-07-23T15:15:00Z,2026-07-23T17:15:00+0200,-4.0,EUR/MWh,NL,NL,imbalance_price,Short,2026-08-06T05:38:50Z
2026-08-06T05:35:55Z,2026-08-06T07:35:55+0200,c3feb7e2-8675-4f7f-be40-2d97c558df74,2026-07-23T15:30:00Z,2026-07-23T17:30:00+0200,86.6,EUR/MWh,NL,NL,imbalance_price,Long,2026-08-06T05:38:50Z
2026-08-06T05:35:55Z,2026-08-06T07:35:55+0200,c3feb7e2-8675-4f7f-be40-2d97c558df74,2026-07-23T15:30:00Z,2026-07-23T17:30:00+0200,140.0,EUR/MWh,NL,NL,imbalance_price,Short,2026-08-06T05:38:50Z
2026-08-06T05:35:55Z,2026-08-06T07:35:55+0200,c3feb7e2-8675-4f7f-be40-2d97c558df74,2026-07-23T15:45:00Z,2026-07-23T17:45:00+0200,124.79,EUR/MWh,NL,NL,imbalance_price,Long,2026-08-06T05:38:50Z
2026-08-06T05:35:55Z,2026-08-06T07:35:55+0200,c3feb7e2-8675-4f7f-be40-2d97c558df74,2026-07-23T15:45:00Z,2026-07-23T17:45:00+0200,124.79,EUR/MWh,NL,NL,imbalance_price,Short,2026-08-06T05:38:50Z
2026-08-06T05:35:55Z,2026-08-06T07:35:55+0200,c3feb7e2-8675-4f7f-be40-2d97c558df74,2026-07-23T16:00:00Z,2026-07-23T18:00:00+0200,95.0,EUR/MWh,NL,NL,imbalance_price,Long,2026-08-06T05:38:50Z
2026-08-06T05:35:55Z,2026-08-06T07:35:55+0200,c3feb7e2-8675-4f7f-be40-2d97c558df74,2026-07-23T16:00:00Z,2026-07-23T18:00:00+0200,95.0,EUR/MWh,NL,NL,imbalance_price,Short,2026-08-06T05:38:50Z
2026-08-06T05:35:55Z,2026-08-06T07:35:55+0200,c3feb7e2-8675-4f7f-be40-2d97c558df74,2026-07-23T16:15:00Z,2026-07-23T18:15:00+0200,10.0,EUR/MWh,NL,NL,imbalance_price,Long,2026-08-06T05:38:50Z
2026-08-06T05:35:55Z,2026-08-06T07:35:55+0200,c3feb7e2-8675-4f7f-be40-2d97c558df74,2026-07-23T16:15:00Z,2026-07-23T18:15:00+0200,121.0,EUR/MWh,NL,NL,imbalance_price,Short,2026-08-06T05:38:50Z
2026-08-06T05:35:55Z,2026-08-06T07:35:55+0200,c3feb7e2-8675-4f7f-be40-2d97c558df74,2026-07-23T16:30:00Z,2026-07-23T18:30:00+0200,-25.0,EUR/MWh,NL,NL,imbalance_price,Long,2026-08-06T05:38:50Z
2026-08-06T05:35:55Z,2026-08-06T07:35:55+0200,c3feb7e2-8675-4f7f-be40-2d97c558df74,2026-07-23T16:30:00Z,2026-07-23T18:30:00+0200,145.0,EUR/MWh,NL,NL,imbalance_price,Short,2026-08-06T05:38:50Z
2026-08-06T05:35:55Z,2026-08-06T07:35:55+0200,c3feb7e2-8675-4f7f-be40-2d97c558df74,2026-07-23T16:45:00Z,2026-07-23T18:45:00+0200,57.1,EUR/MWh,NL,NL,imbalance_price,Long,2026-08-06T05:38:50Z
2026-08-06T05:35:55Z,2026-08-06T07:35:55+0200,c3feb7e2-8675-4f7f-be40-2d97c558df74,2026-07-23T16:45:00Z,2026-07-23T18:45:00+0200,130.9,EUR/MWh,NL,NL,imbalance_price,Short,2026-08-06T05:38:50Z
2026-08-06T05:35:55Z,2026-08-06T07:35:55+0200,c3feb7e2-8675-4f7f-be40-2d97c558df74,2026-07-23T17:00:00Z,2026-07-23T19:00:00+0200,117.85,EUR/MWh,NL,NL,imbalance_price,Long,2026-08-06T05:38:50Z
2026-08-06T05:35:55Z,2026-08-06T07:35:55+0200,c3feb7e2-8675-4f7f-be40-2d97c558df74,2026-07-23T17:00:00Z,2026-07-23T19:00:00+0200,117.85,EUR/MWh,NL,NL,imbalance_price,Short,2026-08-06T05:38:50Z
2026-08-06T05:35:55Z,2026-08-06T07:35:55+0200,c3feb7e2-8675-4f7f-be40-2d97c558df74,2026-07-23T17:15:00Z,2026-07-23T19:15:00+0200,93.12,EUR/MWh,NL,NL,imbalance_price,Long,2026-08-06T05:38:50Z
2026-08-06T05:35:55Z,2026-08-06T07:35:55+0200,c3feb7e2-8675-4f7f-be40-2d97c558df74,2026-07-23T17:15:00Z,2026-07-23T19:15:00+0200,150.0,EUR/MWh,NL,NL,imbalance_price,Short,2026-08-06T05:38:50Z
2026-08-06T05:35:55Z,2026-08-06T07:35:55+0200,c3feb7e2-8675-4f7f-be40-2d97c558df74,2026-07-23T17:30:00Z,2026-07-23T19:30:00+0200,166.82,EUR/MWh,NL,NL,imbalance_price,Long,2026-08-06T05:38:50Z
2026-08-06T05:35:55Z,2026-08-06T07:35:55+0200,c3feb7e2-8675-4f7f-be40-2d97c558df74,2026-07-23T17:30:00Z,2026-07-23T19:30:00+0200,166.82,EUR/MWh,NL,NL,imbalance_price,Short,2026-08-06T05:38:50Z
2026-08-06T05:35:55Z,2026-08-06T07:35:55+0200,c3feb7e2-8675-4f7f-be40-2d97c558df74,2026-07-23T17:45:00Z,2026-07-23T19:45:00+0200,174.0,EUR/MWh,NL,NL,imbalance_price,Long,2026-08-06T05:38:50Z
2026-08-06T05:35:55Z,2026-08-06T07:35:55+0200,c3feb7e2-8675-4f7f-be40-2d97c558df74,2026-07-23T17:45:00Z,2026-07-23T19:45:00+0200,174.0,EUR/MWh,NL,NL,imbalance_price,Short,2026-08-06T05:38:50Z
2026-08-06T05:35:55Z,2026-08-06T07:35:55+0200,c3feb7e2-8675-4f7f-be40-2d97c558df74,2026-07-23T18:00:00Z,2026-07-23T20:00:00+0200,200.0,EUR/MWh,NL,NL,imbalance_price,Long,2026-08-06T05:38:50Z
2026-08-06T05:35:55Z,2026-08-06T07:35:55+0200,c3feb7e2-8675-4f7f-be40-2d97c558df74,2026-07-23T18:00:00Z,2026-07-23T20:00:00+0200,200.0,EUR/MWh,NL,NL,imbalance_price,Short,2026-08-06T05:38:50Z
2026-08-06T05:35:55Z,2026-08-06T07:35:55+0200,c3feb7e2-8675-4f7f-be40-2d97c558df74,2026-07-23T18:15:00Z,2026-07-23T20:15:00+0200,169.53,EUR/MWh,NL,NL,imbalance_price,Long,2026-08-06T05:38:50Z
2026-08-06T05:35:55Z,2026-08-06T07:35:55+0200,c3feb7e2-8675-4f7f-be40-2d97c558df74,2026-07-23T18:15:00Z,2026-07-23T20:15:00+0200,169.53,EUR/MWh,NL,NL,imbalance_price,Short,2026-08-06T05:38:50Z
2026-08-06T05:35:55Z,2026-08-06T07:35:55+0200,c3feb7e2-8675-4f7f-be40-2d97c558df74,2026-07-23T18:30:00Z,2026-07-23T20:30:00+0200,149.0,EUR/MWh,NL,NL,imbalance_price,Long,2026-08-06T05:38:50Z
2026-08-06T05:35:55Z,2026-08-06T07:35:55+0200,c3feb7e2-8675-4f7f-be40-2d97c558df74,2026-07-23T18:30:00Z,2026-07-23T20:30:00+0200,149.0,EUR/MWh,NL,NL,imbalance_price,Short,2026-08-06T05:38:50Z
2026-08-06T05:35:55Z,2026-08-06T07:35:55+0200,c3feb7e2-8675-4f7f-be40-2d97c558df74,2026-07-23T18:45:00Z,2026-07-23T20:45:00+0200,137.0,EUR/MWh,NL,NL,imbalance_price,Long,2026-08-06T05:38:50Z
2026-08-06T05:35:55Z,2026-08-06T07:35:55+0200,c3feb7e2-8675-4f7f-be40-2d97c558df74,2026-07-23T18:45:00Z,2026-07-23T20:45:00+0200,137.0,EUR/MWh,NL,NL,imbalance_price,Short,2026-08-06T05:38:50Z
2026-08-06T05:35:55Z,2026-08-06T07:35:55+0200,c3feb7e2-8675-4f7f-be40-2d97c558df74,2026-07-23T19:00:00Z,2026-07-23T21:00:00+0200,148.1,EUR/MWh,NL,NL,imbalance_price,Long,2026-08-06T05:38:50Z
2026-08-06T05:35:55Z,2026-08-06T07:35:55+0200,c3feb7e2-8675-4f7f-be40-2d97c558df74,2026-07-23T19:00:00Z,2026-07-23T21:00:00+0200,148.1,EUR/MWh,NL,NL,imbalance_price,Short,2026-08-06T05:38:50Z
2026-08-06T05:35:55Z,2026-08-06T07:35:55+0200,c3feb7e2-8675-4f7f-be40-2d97c558df74,2026-07-23T19:15:00Z,2026-07-23T21:15:00+0200,150.0,EUR/MWh,NL,NL,imbalance_price,Long,2026-08-06T05:38:50Z
2026-08-06T05:35:55Z,2026-08-06T07:35:55+0200,c3feb7e2-8675-4f7f-be40-2d97c558df74,2026-07-23T19:15:00Z,2026-07-23T21:15:00+0200,150.0,EUR/MWh,NL,NL,imbalance_price,Short,2026-08-06T05:38:50Z
2026-08-06T05:35:55Z,2026-08-06T07:35:55+0200,c3feb7e2-8675-4f7f-be40-2d97c558df74,2026-07-23T19:30:00Z,2026-07-23T21:30:00+0200,174.0,EUR/MWh,NL,NL,imbalance_price,Long,2026-08-06T05:38:50Z
2026-08-06T05:35:55Z,2026-08-06T07:35:55+0200,c3feb7e2-8675-4f7f-be40-2d97c558df74,2026-07-23T19:30:00Z,2026-07-23T21:30:00+0200,174.0,EUR/MWh,NL,NL,imbalance_price,Short,2026-08-06T05:38:50Z
2026-08-06T05:35:55Z,2026-08-06T07:35:55+0200,c3feb7e2-8675-4f7f-be40-2d97c558df74,2026-07-23T19:45:00Z,2026-07-23T21:45:00+0200,125.84,EUR/MWh,NL,NL,imbalance_price,Long,2026-08-06T05:38:50Z
2026-08-06T05:35:55Z,2026-08-06T07:35:55+0200,c3feb7e2-8675-4f7f-be40-2d97c558df74,2026-07-23T19:45:00Z,2026-07-23T21:45:00+0200,160.0,EUR/MWh,NL,NL,imbalance_price,Short,2026-08-06T05:38:50Z
2026-08-06T05:35:55Z,2026-08-06T07:35:55+0200,c3feb7e2-8675-4f7f-be40-2d97c558df74,2026-07-23T20:00:00Z,2026-07-23T22:00:00+0200,127.23,EUR/MWh,NL,NL,imbalance_price,Long,2026-08-06T05:38:50Z
2026-08-06T05:35:55Z,2026-08-06T07:35:55+0200,c3feb7e2-8675-4f7f-be40-2d97c558df74,2026-07-23T20:00:00Z,2026-07-23T22:00:00+0200,127.23,EUR/MWh,NL,NL,imbalance_price,Short,2026-08-06T05:38:50Z
2026-08-06T05:35:55Z,2026-08-06T07:35:55+0200,c3feb7e2-8675-4f7f-be40-2d97c558df74,2026-07-23T20:15:00Z,2026-07-23T22:15:00+0200,133.01,EUR/MWh,NL,NL,imbalance_price,Long,2026-08-06T05:38:50Z
2026-08-06T05:35:55Z,2026-08-06T07:35:55+0200,c3feb7e2-8675-4f7f-be40-2d97c558df74,2026-07-23T20:15:00Z,2026-07-23T22:15:00+0200,164.0,EUR/MWh,NL,NL,imbalance_price,Short,2026-08-06T05:38:50Z
2026-08-06T05:35:55Z,2026-08-06T07:35:55+0200,c3feb7e2-8675-4f7f-be40-2d97c558df74,2026-07-23T20:30:00Z,2026-07-23T22:30:00+0200,166.44,EUR/MWh,NL,NL,imbalance_price,Long,2026-08-06T05:38:50Z
2026-08-06T05:35:55Z,2026-08-06T07:35:55+0200,c3feb7e2-8675-4f7f-be40-2d97c558df74,2026-07-23T20:30:00Z,2026-07-23T22:30:00+0200,166.44,EUR/MWh,NL,NL,imbalance_price,Short,2026-08-06T05:38:50Z
2026-08-06T05:35:55Z,2026-08-06T07:35:55+0200,c3feb7e2-8675-4f7f-be40-2d97c558df74,2026-07-23T20:45:00Z,2026-07-23T22:45:00+0200,108.0,EUR/MWh,NL,NL,imbalance_price,Long,2026-08-06T05:38:50Z
2026-08-06T05:35:55Z,2026-08-06T07:35:55+0200,c3feb7e2-8675-4f7f-be40-2d97c558df74,2026-07-23T20:45:00Z,2026-07-23T22:45:00+0200,108.0,EUR/MWh,NL,NL,imbalance_price,Short,2026-08-06T05:38:50Z
2026-08-06T05:35:55Z,2026-08-06T07:35:55+0200,c3feb7e2-8675-4f7f-be40-2d97c558df74,2026-07-23T21:00:00Z,2026-07-23T23:00:00+0200,123.19,EUR/MWh,NL,NL,imbalance_price,Long,2026-08-06T05:38:50Z
2026-08-06T05:35:55Z,2026-08-06T07:35:55+0200,c3feb7e2-8675-4f7f-be40-2d97c558df74,2026-07-23T21:00:00Z,2026-07-23T23:00:00+0200,150.0,EUR/MWh,NL,NL,imbalance_price,Short,2026-08-06T05:38:50Z
2026-08-06T05:35:55Z,2026-08-06T07:35:55+0200,c3feb7e2-8675-4f7f-be40-2d97c558df74,2026-07-23T21:15:00Z,2026-07-23T23:15:00+0200,114.51,EUR/MWh,NL,NL,imbalance_price,Long,2026-08-06T05:38:50Z
2026-08-06T05:35:55Z,2026-08-06T07:35:55+0200,c3feb7e2-8675-4f7f-be40-2d97c558df74,2026-07-23T21:15:00Z,2026-07-23T23:15:00+0200,114.51,EUR/MWh,NL,NL,imbalance_price,Short,2026-08-06T05:38:50Z
2026-08-06T05:35:55Z,2026-08-06T07:35:55+0200,c3feb7e2-8675-4f7f-be40-2d97c558df74,2026-07-23T21:30:00Z,2026-07-23T23:30:00+0200,119.0,EUR/MWh,NL,NL,imbalance_price,Long,2026-08-06T05:38:50Z
2026-08-06T05:35:55Z,2026-08-06T07:35:55+0200,c3feb7e2-8675-4f7f-be40-2d97c558df74,2026-07-23T21:30:00Z,2026-07-23T23:30:00+0200,119.0,EUR/MWh,NL,NL,imbalance_price,Short,2026-08-06T05:38:50Z
2026-08-06T05:35:55Z,2026-08-06T07:35:55+0200,c3feb7e2-8675-4f7f-be40-2d97c558df74,2026-07-23T21:45:00Z,2026-07-23T23:45:00+0200,125.73,EUR/MWh,NL,NL,imbalance_price,Long,2026-08-06T05:38:50Z
2026-08-06T05:35:55Z,2026-08-06T07:35:55+0200,c3feb7e2-8675-4f7f-be40-2d97c558df74,2026-07-23T21:45:00Z,2026-07-23T23:45:00+0200,127.55,EUR/MWh,NL,NL,imbalance_price,Short,2026-08-06T05:38:50Z
2026-08-06T05:35:55Z,2026-08-06T07:35:55+0200,c3feb7e2-8675-4f7f-be40-2d97c558df74,2026-07-23T22:00:00Z,2026-07-24T00:00:00+0200,130.0,EUR/MWh,NL,NL,imbalance_price,Long,2026-08-06T05:38:50Z
2026-08-06T05:35:55Z,2026-08-06T07:35:55+0200,c3feb7e2-8675-4f7f-be40-2d97c558df74,2026-07-23T22:00:00Z,2026-07-24T00:00:00+0200,130.0,EUR/MWh,NL,NL,imbalance_price,Short,2026-08-06T05:38:50Z
2026-08-06T05:35:55Z,2026-08-06T07:35:55+0200,c3feb7e2-8675-4f7f-be40-2d97c558df74,2026-07-23T22:15:00Z,2026-07-24T00:15:00+0200,148.21,EUR/MWh,NL,NL,imbalance_price,Long,2026-08-06T05:38:50Z
2026-08-06T05:35:55Z,2026-08-06T07:35:55+0200,c3feb7e2-8675-4f7f-be40-2d97c558df74,2026-07-23T22:15:00Z,2026-07-24T00:15:00+0200,148.21,EUR/MWh,NL,NL,imbalance_price,Short,2026-08-06T05:38:50Z
2026-08-06T05:35:55Z,2026-08-06T07:35:55+0200,c3feb7e2-8675-4f7f-be40-2d97c558df74,2026-07-23T22:30:00Z,2026-07-24T00:30:00+0200,109.11,EUR/MWh,NL,NL,imbalance_price,Long,2026-08-06T05:38:50Z
2026-08-06T05:35:55Z,2026-08-06T07:35:55+0200,c3feb7e2-8675-4f7f-be40-2d97c558df74,2026-07-23T22:30:00Z,2026-07-24T00:30:00+0200,176.02,EUR/MWh,NL,NL,imbalance_price,Short,2026-08-06T05:38:50Z
2026-08-06T05:35:55Z,2026-08-06T07:35:55+0200,c3feb7e2-8675-4f7f-be40-2d97c558df74,2026-07-23T22:45:00Z,2026-07-24T00:45:00+0200,114.41,EUR/MWh,NL,NL,imbalance_price,Long,2026-08-06T05:38:50Z
2026-08-06T05:35:55Z,2026-08-06T07:35:55+0200,c3feb7e2-8675-4f7f-be40-2d97c558df74,2026-07-23T22:45:00Z,2026-07-24T00:45:00+0200,114.41,EUR/MWh,NL,NL,imbalance_price,Short,2026-08-06T05:38:50Z
2026-08-06T05:35:55Z,2026-08-06T07:35:55+0200,c3feb7e2-8675-4f7f-be40-2d97c558df74,2026-07-23T23:00:00Z,2026-07-24T01:00:00+0200,113.54,EUR/MWh,NL,NL,imbalance_price,Long,2026-08-06T05:38:50Z
2026-08-06T05:35:55Z,2026-08-06T07:35:55+0200,c3feb7e2-8675-4f7f-be40-2d97c558df74,2026-07-23T23:00:00Z,2026-07-24T01:00:00+0200,167.78,EUR/MWh,NL,NL,imbalance_price,Short,2026-08-06T05:38:50Z
2026-08-06T05:35:55Z,2026-08-06T07:35:55+0200,c3feb7e2-8675-4f7f-be40-2d97c558df74,2026-07-23T23:15:00Z,2026-07-24T01:15:00+0200,114.47,EUR/MWh,NL,NL,imbalance_price,Long,2026-08-06T05:38:50Z
2026-08-06T05:35:55Z,2026-08-06T07:35:55+0200,c3feb7e2-8675-4f7f-be40-2d97c558df74,2026-07-23T23:15:00Z,2026-07-24T01:15:00+0200,143.9,EUR/MWh,NL,NL,imbalance_price,Short,2026-08-06T05:38:50Z
2026-08-06T05:35:55Z,2026-08-06T07:35:55+0200,c3feb7e2-8675-4f7f-be40-2d97c558df74,2026-07-23T23:30:00Z,2026-07-24T01:30:00+0200,115.3,EUR/MWh,NL,NL,imbalance_price,Long,2026-08-06T05:38:50Z
2026-08-06T05:35:55Z,2026-08-06T07:35:55+0200,c3feb7e2-8675-4f7f-be40-2d97c558df74,2026-07-23T23:30:00Z,2026-07-24T01:30:00+0200,115.3,EUR/MWh,NL,NL,imbalance_price,Short,2026-08-06T05:38:50Z
2026-08-06T05:35:55Z,2026-08-06T07:35:55+0200,c3feb7e2-8675-4f7f-be40-2d97c558df74,2026-07-23T23:45:00Z,2026-07-24T01:45:00+0200,109.59,EUR/MWh,NL,NL,imbalance_price,Long,2026-08-06T05:38:50Z
2026-08-06T05:35:55Z,2026-08-06T07:35:55+0200,c3feb7e2-8675-4f7f-be40-2d97c558df74,2026-07-23T23:45:00Z,2026-07-24T01:45:00+0200,109.59,EUR/MWh,NL,NL,imbalance_price,Short,2026-08-06T05:38:50Z
2026-08-06T05:35:55Z,2026-08-06T07:35:55+0200,c3feb7e2-8675-4f7f-be40-2d97c558df74,2026-07-24T00:00:00Z,2026-07-24T02:00:00+0200,118.34,EUR/MWh,NL,NL,imbalance_price,Long,2026-08-06T05:38:50Z
2026-08-06T05:35:55Z,2026-08-06T07:35:55+0200,c3feb7e2-8675-4f7f-be40-2d97c558df74,2026-07-24T00:00:00Z,2026-07-24T02:00:00+0200,181.0,EUR/MWh,NL,NL,imbalance_price,Short,2026-08-06T05:38:50Z
2026-08-06T05:35:55Z,2026-08-06T07:35:55+0200,c3feb7e2-8675-4f7f-be40-2d97c558df74,2026-07-24T00:15:00Z,2026-07-24T02:15:00+0200,128.09,EUR/MWh,NL,NL,imbalance_price,Long,2026-08-06T05:38:50Z
2026-08-06T05:35:55Z,2026-08-06T07:35:55+0200,c3feb7e2-8675-4f7f-be40-2d97c558df74,2026-07-24T00:15:00Z,2026-07-24T02:15:00+0200,149.18,EUR/MWh,NL,NL,imbalance_price,Short,2026-08-06T05:38:50Z
2026-08-06T05:35:55Z,2026-08-06T07:35:55+0200,c3feb7e2-8675-4f7f-be40-2d97c558df74,2026-07-24T00:30:00Z,2026-07-24T02:30:00+0200,128.9,EUR/MWh,NL,NL,imbalance_price,Long,2026-08-06T05:38:50Z
2026-08-06T05:35:55Z,2026-08-06T07:35:55+0200,c3feb7e2-8675-4f7f-be40-2d97c558df74,2026-07-24T00:30:00Z,2026-07-24T02:30:00+0200,150.0,EUR/MWh,NL,NL,imbalance_price,Short,2026-08-06T05:38:50Z
2026-08-06T05:35:55Z,2026-08-06T07:35:55+0200,c3feb7e2-8675-4f7f-be40-2d97c558df74,2026-07-24T00:45:00Z,2026-07-24T02:45:00+0200,83.0,EUR/MWh,NL,NL,imbalance_price,Long,2026-08-06T05:38:50Z
2026-08-06T05:35:55Z,2026-08-06T07:35:55+0200,c3feb7e2-8675-4f7f-be40-2d97c558df74,2026-07-24T00:45:00Z,2026-07-24T02:45:00+0200,83.0,EUR/MWh,NL,NL,imbalance_price,Short,2026-08-06T05:38:50Z
2026-08-06T05:35:55Z,2026-08-06T07:35:55+0200,c3feb7e2-8675-4f7f-be40-2d97c558df74,2026-07-24T01:00:00Z,2026-07-24T03:00:00+0200,130.21,EUR/MWh,NL,NL,imbalance_price,Long,2026-08-06T05:38:50Z
2026-08-06T05:35:55Z,2026-08-06T07:35:55+0200,c3feb7e2-8675-4f7f-be40-2d97c558df74,2026-07-24T01:00:00Z,2026-07-24T03:00:00+0200,176.46,EUR/MWh,NL,NL,imbalance_price,Short,2026-08-06T05:38:50Z
2026-08-06T05:35:55Z,2026-08-06T07:35:55+0200,c3feb7e2-8675-4f7f-be40-2d97c558df74,2026-07-24T01:15:00Z,2026-07-24T03:15:00+0200,128.34,EUR/MWh,NL,NL,imbalance_price,Long,2026-08-06T05:38:50Z
2026-08-06T05:35:55Z,2026-08-06T07:35:55+0200,c3feb7e2-8675-4f7f-be40-2d97c558df74,2026-07-24T01:15:00Z,2026-07-24T03:15:00+0200,164.17,EUR/MWh,NL,NL,imbalance_price,Short,2026-08-06T05:38:50Z
2026-08-06T05:35:55Z,2026-08-06T07:35:55+0200,c3feb7e2-8675-4f7f-be40-2d97c558df74,2026-07-24T01:30:00Z,2026-07-24T03:30:00+0200,100.14,EUR/MWh,NL,NL,imbalance_price,Long,2026-08-06T05:38:50Z
2026-08-06T05:35:55Z,2026-08-06T07:35:55+0200,c3feb7e2-8675-4f7f-be40-2d97c558df74,2026-07-24T01:30:00Z,2026-07-24T03:30:00+0200,100.14,EUR/MWh,NL,NL,imbalance_price,Short,2026-08-06T05:38:50Z
2026-08-06T05:35:55Z,2026-08-06T07:35:55+0200,c3feb7e2-8675-4f7f-be40-2d97c558df74,2026-07-24T01:45:00Z,2026-07-24T03:45:00+0200,120.26,EUR/MWh,NL,NL,imbalance_price,Long,2026-08-06T05:38:50Z
2026-08-06T05:35:55Z,2026-08-06T07:35:55+0200,c3feb7e2-8675-4f7f-be40-2d97c558df74,2026-07-24T01:45:00Z,2026-07-24T03:45:00+0200,120.26,EUR/MWh,NL,NL,imbalance_price,Short,2026-08-06T05:38:50Z
2026-08-06T05:35:55Z,2026-08-06T07:35:55+0200,c3feb7e2-8675-4f7f-be40-2d97c558df74,2026-07-24T02:00:00Z,2026-07-24T04:00:00+0200,114.31,EUR/MWh,NL,NL,imbalance_price,Long,2026-08-06T05:38:50Z
2026-08-06T05:35:55Z,2026-08-06T07:35:55+0200,c3feb7e2-8675-4f7f-be40-2d97c558df74,2026-07-24T02:00:00Z,2026-07-24T04:00:00+0200,150.0,EUR/MWh,NL,NL,imbalance_price,Short,2026-08-06T05:38:50Z
2026-08-06T05:35:55Z,2026-08-06T07:35:55+0200,c3feb7e2-8675-4f7f-be40-2d97c558df74,2026-07-24T02:15:00Z,2026-07-24T04:15:00+0200,114.5,EUR/MWh,NL,NL,imbalance_price,Long,2026-08-06T05:38:50Z
2026-08-06T05:35:55Z,2026-08-06T07:35:55+0200,c3feb7e2-8675-4f7f-be40-2d97c558df74,2026-07-24T02:15:00Z,2026-07-24T04:15:00+0200,165.33,EUR/MWh,NL,NL,imbalance_price,Short,2026-08-06T05:38:50Z
2026-08-06T05:35:55Z,2026-08-06T07:35:55+0200,c3feb7e2-8675-4f7f-be40-2d97c558df74,2026-07-24T02:30:00Z,2026-07-24T04:30:00+0200,172.98,EUR/MWh,NL,NL,imbalance_price,Long,2026-08-06T05:38:50Z
2026-08-06T05:35:55Z,2026-08-06T07:35:55+0200,c3feb7e2-8675-4f7f-be40-2d97c558df74,2026-07-24T02:30:00Z,2026-07-24T04:30:00+0200,172.98,EUR/MWh,NL,NL,imbalance_price,Short,2026-08-06T05:38:50Z
2026-08-06T05:35:55Z,2026-08-06T07:35:55+0200,c3feb7e2-8675-4f7f-be40-2d97c558df74,2026-07-24T02:45:00Z,2026-07-24T04:45:00+0200,164.66,EUR/MWh,NL,NL,imbalance_price,Long,2026-08-06T05:38:50Z
2026-08-06T05:35:55Z,2026-08-06T07:35:55+0200,c3feb7e2-8675-4f7f-be40-2d97c558df74,2026-07-24T02:45:00Z,2026-07-24T04:45:00+0200,164.66,EUR/MWh,NL,NL,imbalance_price,Short,2026-08-06T05:38:50Z
2026-08-06T05:35:55Z,2026-08-06T07:35:55+0200,c3feb7e2-8675-4f7f-be40-2d97c558df74,2026-07-24T03:00:00Z,2026-07-24T05:00:00+0200,186.0,EUR/MWh,NL,NL,imbalance_price,Long,2026-08-06T05:38:50Z
2026-08-06T05:35:55Z,2026-08-06T07:35:55+0200,c3feb7e2-8675-4f7f-be40-2d97c558df74,2026-07-24T03:00:00Z,2026-07-24T05:00:00+0200,186.0,EUR/MWh,NL,NL,imbalance_price,Short,2026-08-06T05:38:50Z
2026-08-06T05:35:55Z,2026-08-06T07:35:55+0200,c3feb7e2-8675-4f7f-be40-2d97c558df74,2026-07-24T03:15:00Z,2026-07-24T05:15:00+0200,200.0,EUR/MWh,NL,NL,imbalance_price,Long,2026-08-06T05:38:50Z
2026-08-06T05:35:55Z,2026-08-06T07:35:55+0200,c3feb7e2-8675-4f7f-be40-2d97c558df74,2026-07-24T03:15:00Z,2026-07-24T05:15:00+0200,200.0,EUR/MWh,NL,NL,imbalance_price,Short,2026-08-06T05:38:50Z
2026-08-06T05:35:55Z,2026-08-06T07:35:55+0200,c3feb7e2-8675-4f7f-be40-2d97c558df74,2026-07-24T03:30:00Z,2026-07-24T05:30:00+0200,115.54,EUR/MWh,NL,NL,imbalance_price,Long,2026-08-06T05:38:50Z
2026-08-06T05:35:55Z,2026-08-06T07:35:55+0200,c3feb7e2-8675-4f7f-be40-2d97c558df74,2026-07-24T03:30:00Z,2026-07-24T05:30:00+0200,150.85,EUR/MWh,NL,NL,imbalance_price,Short,2026-08-06T05:38:50Z
2026-08-06T05:35:55Z,2026-08-06T07:35:55+0200,c3feb7e2-8675-4f7f-be40-2d97c558df74,2026-07-24T03:45:00Z,2026-07-24T05:45:00+0200,119.02,EUR/MWh,NL,NL,imbalance_price,Long,2026-08-06T05:38:50Z
2026-08-06T05:35:55Z,2026-08-06T07:35:55+0200,c3feb7e2-8675-4f7f-be40-2d97c558df74,2026-07-24T03:45:00Z,2026-07-24T05:45:00+0200,119.02,EUR/MWh,NL,NL,imbalance_price,Short,2026-08-06T05:38:50Z
2026-08-06T05:35:55Z,2026-08-06T07:35:55+0200,c3feb7e2-8675-4f7f-be40-2d97c558df74,2026-07-24T04:00:00Z,2026-07-24T06:00:00+0200,118.59,EUR/MWh,NL,NL,imbalance_price,Long,2026-08-06T05:38:50Z
2026-08-06T05:35:55Z,2026-08-06T07:35:55+0200,c3feb7e2-8675-4f7f-be40-2d97c558df74,2026-07-24T04:00:00Z,2026-07-24T06:00:00+0200,150.0,EUR/MWh,NL,NL,imbalance_price,Short,2026-08-06T05:38:50Z
2026-08-06T05:35:55Z,2026-08-06T07:35:55+0200,c3feb7e2-8675-4f7f-be40-2d97c558df74,2026-07-24T04:15:00Z,2026-07-24T06:15:00+0200,129.27,EUR/MWh,NL,NL,imbalance_price,Long,2026-08-06T05:38:50Z
2026-08-06T05:35:55Z,2026-08-06T07:35:55+0200,c3feb7e2-8675-4f7f-be40-2d97c558df74,2026-07-24T04:15:00Z,2026-07-24T06:15:00+0200,150.0,EUR/MWh,NL,NL,imbalance_price,Short,2026-08-06T05:38:50Z
2026-08-06T05:35:55Z,2026-08-06T07:35:55+0200,c3feb7e2-8675-4f7f-be40-2d97c558df74,2026-07-24T04:30:00Z,2026-07-24T06:30:00+0200,126.86,EUR/MWh,NL,NL,imbalance_price,Long,2026-08-06T05:38:50Z
2026-08-06T05:35:55Z,2026-08-06T07:35:55+0200,c3feb7e2-8675-4f7f-be40-2d97c558df74,2026-07-24T04:30:00Z,2026-07-24T06:30:00+0200,126.86,EUR/MWh,NL,NL,imbalance_price,Short,2026-08-06T05:38:50Z
2026-08-06T05:35:55Z,2026-08-06T07:35:55+0200,c3feb7e2-8675-4f7f-be40-2d97c558df74,2026-07-24T04:45:00Z,2026-07-24T06:45:00+0200,155.85,EUR/MWh,NL,NL,imbalance_price,Long,2026-08-06T05:38:50Z
2026-08-06T05:35:55Z,2026-08-06T07:35:55+0200,c3feb7e2-8675-4f7f-be40-2d97c558df74,2026-07-24T04:45:00Z,2026-07-24T06:45:00+0200,155.85,EUR/MWh,NL,NL,imbalance_price,Short,2026-08-06T05:38:50Z
2026-08-06T05:35:55Z,2026-08-06T07:35:55+0200,c3feb7e2-8675-4f7f-be40-2d97c558df74,2026-07-24T05:00:00Z,2026-07-24T07:00:00+0200,179.3,EUR/MWh,NL,NL,imbalance_price,Long,2026-08-06T05:38:50Z
2026-08-06T05:35:55Z,2026-08-06T07:35:55+0200,c3feb7e2-8675-4f7f-be40-2d97c558df74,2026-07-24T05:00:00Z,2026-07-24T07:00:00+0200,179.3,EUR/MWh,NL,NL,imbalance_price,Short,2026-08-06T05:38:50Z
2026-08-06T05:35:55Z,2026-08-06T07:35:55+0200,c3feb7e2-8675-4f7f-be40-2d97c558df74,2026-07-24T05:15:00Z,2026-07-24T07:15:00+0200,120.29,EUR/MWh,NL,NL,imbalance_price,Long,2026-08-06T05:38:50Z
2026-08-06T05:35:55Z,2026-08-06T07:35:55+0200,c3feb7e2-8675-4f7f-be40-2d97c558df74,2026-07-24T05:15:00Z,2026-07-24T07:15:00+0200,125.0,EUR/MWh,NL,NL,imbalance_price,Short,2026-08-06T05:38:50Z
2026-08-06T05:35:55Z,2026-08-06T07:35:55+0200,c3feb7e2-8675-4f7f-be40-2d97c558df74,2026-07-24T05:30:00Z,2026-07-24T07:30:00+0200,118.12,EUR/MWh,NL,NL,imbalance_price,Long,2026-08-06T05:38:50Z
2026-08-06T05:35:55Z,2026-08-06T07:35:55+0200,c3feb7e2-8675-4f7f-be40-2d97c558df74,2026-07-24T05:30:00Z,2026-07-24T07:30:00+0200,118.12,EUR/MWh,NL,NL,imbalance_price,Short,2026-08-06T05:38:50Z
2026-08-06T05:35:55Z,2026-08-06T07:35:55+0200,c3feb7e2-8675-4f7f-be40-2d97c558df74,2026-07-24T05:45:00Z,2026-07-24T07:45:00+0200,121.4,EUR/MWh,NL,NL,imbalance_price,Long,2026-08-06T05:38:50Z
2026-08-06T05:35:55Z,2026-08-06T07:35:55+0200,c3feb7e2-8675-4f7f-be40-2d97c558df74,2026-07-24T05:45:00Z,2026-07-24T07:45:00+0200,121.4,EUR/MWh,NL,NL,imbalance_price,Short,2026-08-06T05:38:50Z
2026-08-06T05:35:55Z,2026-08-06T07:35:55+0200,c3feb7e2-8675-4f7f-be40-2d97c558df74,2026-07-24T06:00:00Z,2026-07-24T08:00:00+0200,150.0,EUR/MWh,NL,NL,imbalance_price,Long,2026-08-06T05:38:50Z
2026-08-06T05:35:55Z,2026-08-06T07:35:55+0200,c3feb7e2-8675-4f7f-be40-2d97c558df74,2026-07-24T06:00:00Z,2026-07-24T08:00:00+0200,150.0,EUR/MWh,NL,NL,imbalance_price,Short,2026-08-06T05:38:50Z
2026-08-06T05:35:55Z,2026-08-06T07:35:55+0200,c3feb7e2-8675-4f7f-be40-2d97c558df74,2026-07-24T06:15:00Z,2026-07-24T08:15:00+0200,112.86,EUR/MWh,NL,NL,imbalance_price,Long,2026-08-06T05:38:50Z
2026-08-06T05:35:55Z,2026-08-06T07:35:55+0200,c3feb7e2-8675-4f7f-be40-2d97c558df74,2026-07-24T06:15:00Z,2026-07-24T08:15:00+0200,165.32,EUR/MWh,NL,NL,imbalance_price,Short,2026-08-06T05:38:50Z
2026-08-06T05:35:55Z,2026-08-06T07:35:55+0200,c3feb7e2-8675-4f7f-be40-2d97c558df74,2026-07-24T06:30:00Z,2026-07-24T08:30:00+0200,108.34,EUR/MWh,NL,NL,imbalance_price,Long,2026-08-06T05:38:50Z
2026-08-06T05:35:55Z,2026-08-06T07:35:55+0200,c3feb7e2-8675-4f7f-be40-2d97c558df74,2026-07-24T06:30:00Z,2026-07-24T08:30:00+0200,108.34,EUR/MWh,NL,NL,imbalance_price,Short,2026-08-06T05:38:50Z
2026-08-06T05:35:55Z,2026-08-06T07:35:55+0200,c3feb7e2-8675-4f7f-be40-2d97c558df74,2026-07-24T06:45:00Z,2026-07-24T08:45:00+0200,106.58,EUR/MWh,NL,NL,imbalance_price,Long,2026-08-06T05:38:50Z
2026-08-06T05:35:55Z,2026-08-06T07:35:55+0200,c3feb7e2-8675-4f7f-be40-2d97c558df74,2026-07-24T06:45:00Z,2026-07-24T08:45:00+0200,106.58,EUR/MWh,NL,NL,imbalance_price,Short,2026-08-06T05:38:50Z
2026-08-06T05:35:55Z,2026-08-06T07:35:55+0200,c3feb7e2-8675-4f7f-be40-2d97c558df74,2026-07-24T07:00:00Z,2026-07-24T09:00:00+0200,150.54,EUR/MWh,NL,NL,imbalance_price,Long,2026-08-06T05:38:50Z
2026-08-06T05:35:55Z,2026-08-06T07:35:55+0200,c3feb7e2-8675-4f7f-be40-2d97c558df74,2026-07-24T07:00:00Z,2026-07-24T09:00:00+0200,150.54,EUR/MWh,NL,NL,imbalance_price,Short,2026-08-06T05:38:50Z
2026-08-06T05:35:55Z,2026-08-06T07:35:55+0200,c3feb7e2-8675-4f7f-be40-2d97c558df74,2026-07-24T07:15:00Z,2026-07-24T09:15:00+0200,150.0,EUR/MWh,NL,NL,imbalance_price,Long,2026-08-06T05:38:50Z
2026-08-06T05:35:55Z,2026-08-06T07:35:55+0200,c3feb7e2-8675-4f7f-be40-2d97c558df74,2026-07-24T07:15:00Z,2026-07-24T09:15:00+0200,150.0,EUR/MWh,NL,NL,imbalance_price,Short,2026-08-06T05:38:50Z
2026-08-06T05:35:55Z,2026-08-06T07:35:55+0200,c3feb7e2-8675-4f7f-be40-2d97c558df74,2026-07-24T07:30:00Z,2026-07-24T09:30:00+0200,58.55,EUR/MWh,NL,NL,imbalance_price,Long,2026-08-06T05:38:50Z
2026-08-06T05:35:55Z,2026-08-06T07:35:55+0200,c3feb7e2-8675-4f7f-be40-2d97c558df74,2026-07-24T07:30:00Z,2026-07-24T09:30:00+0200,140.0,EUR/MWh,NL,NL,imbalance_price,Short,2026-08-06T05:38:50Z
2026-08-06T05:35:55Z,2026-08-06T07:35:55+0200,c3feb7e2-8675-4f7f-be40-2d97c558df74,2026-07-24T07:45:00Z,2026-07-24T09:45:00+0200,86.8,EUR/MWh,NL,NL,imbalance_price,Long,2026-08-06T05:38:50Z
2026-08-06T05:35:55Z,2026-08-06T07:35:55+0200,c3feb7e2-8675-4f7f-be40-2d97c558df74,2026-07-24T07:45:00Z,2026-07-24T09:45:00+0200,150.0,EUR/MWh,NL,NL,imbalance_price,Short,2026-08-06T05:38:50Z
2026-08-06T05:35:55Z,2026-08-06T07:35:55+0200,c3feb7e2-8675-4f7f-be40-2d97c558df74,2026-07-24T08:00:00Z,2026-07-24T10:00:00+0200,212.0,EUR/MWh,NL,NL,imbalance_price,Long,2026-08-06T05:38:50Z
2026-08-06T05:35:55Z,2026-08-06T07:35:55+0200,c3feb7e2-8675-4f7f-be40-2d97c558df74,2026-07-24T08:00:00Z,2026-07-24T10:00:00+0200,212.0,EUR/MWh,NL,NL,imbalance_price,Short,2026-08-06T05:38:50Z
2026-08-06T05:35:55Z,2026-08-06T07:35:55+0200,c3feb7e2-8675-4f7f-be40-2d97c558df74,2026-07-24T08:15:00Z,2026-07-24T10:15:00+0200,111.38,EUR/MWh,NL,NL,imbalance_price,Long,2026-08-06T05:38:50Z
2026-08-06T05:35:55Z,2026-08-06T07:35:55+0200,c3feb7e2-8675-4f7f-be40-2d97c558df74,2026-07-24T08:15:00Z,2026-07-24T10:15:00+0200,200.0,EUR/MWh,NL,NL,imbalance_price,Short,2026-08-06T05:38:50Z
2026-08-06T05:35:55Z,2026-08-06T07:35:55+0200,c3feb7e2-8675-4f7f-be40-2d97c558df74,2026-07-24T08:30:00Z,2026-07-24T10:30:00+0200,89.0,EUR/MWh,NL,NL,imbalance_price,Long,2026-08-06T05:38:50Z
2026-08-06T05:35:55Z,2026-08-06T07:35:55+0200,c3feb7e2-8675-4f7f-be40-2d97c558df74,2026-07-24T08:30:00Z,2026-07-24T10:30:00+0200,125.0,EUR/MWh,NL,NL,imbalance_price,Short,2026-08-06T05:38:50Z
2026-08-06T05:35:55Z,2026-08-06T07:35:55+0200,c3feb7e2-8675-4f7f-be40-2d97c558df74,2026-07-24T08:45:00Z,2026-07-24T10:45:00+0200,95.0,EUR/MWh,NL,NL,imbalance_price,Long,2026-08-06T05:38:50Z
2026-08-06T05:35:55Z,2026-08-06T07:35:55+0200,c3feb7e2-8675-4f7f-be40-2d97c558df74,2026-07-24T08:45:00Z,2026-07-24T10:45:00+0200,125.0,EUR/MWh,NL,NL,imbalance_price,Short,2026-08-06T05:38:50Z
2026-08-06T05:35:55Z,2026-08-06T07:35:55+0200,c3feb7e2-8675-4f7f-be40-2d97c558df74,2026-07-24T09:00:00Z,2026-07-24T11:00:00+0200,95.66,EUR/MWh,NL,NL,imbalance_price,Long,2026-08-06T05:38:50Z
2026-08-06T05:35:55Z,2026-08-06T07:35:55+0200,c3feb7e2-8675-4f7f-be40-2d97c558df74,2026-07-24T09:00:00Z,2026-07-24T11:00:00+0200,131.72,EUR/MWh,NL,NL,imbalance_price,Short,2026-08-06T05:38:50Z
2026-08-06T05:35:55Z,2026-08-06T07:35:55+0200,c3feb7e2-8675-4f7f-be40-2d97c558df74,2026-07-24T09:15:00Z,2026-07-24T11:15:00+0200,120.0,EUR/MWh,NL,NL,imbalance_price,Long,2026-08-06T05:38:50Z
2026-08-06T05:35:55Z,2026-08-06T07:35:55+0200,c3feb7e2-8675-4f7f-be40-2d97c558df74,2026-07-24T09:15:00Z,2026-07-24T11:15:00+0200,120.0,EUR/MWh,NL,NL,imbalance_price,Short,2026-08-06T05:38:50Z
2026-08-06T05:35:55Z,2026-08-06T07:35:55+0200,c3feb7e2-8675-4f7f-be40-2d97c558df74,2026-07-24T09:30:00Z,2026-07-24T11:30:00+0200,75.05,EUR/MWh,NL,NL,imbalance_price,Long,2026-08-06T05:38:50Z
2026-08-06T05:35:55Z,2026-08-06T07:35:55+0200,c3feb7e2-8675-4f7f-be40-2d97c558df74,2026-07-24T09:30:00Z,2026-07-24T11:30:00+0200,125.0,EUR/MWh,NL,NL,imbalance_price,Short,2026-08-06T05:38:50Z
2026-08-06T05:35:55Z,2026-08-06T07:35:55+0200,c3feb7e2-8675-4f7f-be40-2d97c558df74,2026-07-24T09:45:00Z,2026-07-24T11:45:00+0200,58.66,EUR/MWh,NL,NL,imbalance_price,Long,2026-08-06T05:38:50Z
2026-08-06T05:35:55Z,2026-08-06T07:35:55+0200,c3feb7e2-8675-4f7f-be40-2d97c558df74,2026-07-24T09:45:00Z,2026-07-24T11:45:00+0200,120.0,EUR/MWh,NL,NL,imbalance_price,Short,2026-08-06T05:38:50Z
2026-08-06T05:35:55Z,2026-08-06T07:35:55+0200,c3feb7e2-8675-4f7f-be40-2d97c558df74,2026-07-24T10:00:00Z,2026-07-24T12:00:00+0200,72.21,EUR/MWh,NL,NL,imbalance_price,Long,2026-08-06T05:38:50Z
2026-08-06T05:35:55Z,2026-08-06T07:35:55+0200,c3feb7e2-8675-4f7f-be40-2d97c558df74,2026-07-24T10:00:00Z,2026-07-24T12:00:00+0200,140.0,EUR/MWh,NL,NL,imbalance_price,Short,2026-08-06T05:38:50Z
2026-08-06T05:35:55Z,2026-08-06T07:35:55+0200,c3feb7e2-8675-4f7f-be40-2d97c558df74,2026-07-24T10:15:00Z,2026-07-24T12:15:00+0200,-4.0,EUR/MWh,NL,NL,imbalance_price,Long,2026-08-06T05:38:50Z
2026-08-06T05:35:55Z,2026-08-06T07:35:55+0200,c3feb7e2-8675-4f7f-be40-2d97c558df74,2026-07-24T10:15:00Z,2026-07-24T12:15:00+0200,126.44,EUR/MWh,NL,NL,imbalance_price,Short,2026-08-06T05:38:50Z
2026-08-06T05:35:55Z,2026-08-06T07:35:55+0200,c3feb7e2-8675-4f7f-be40-2d97c558df74,2026-07-24T10:30:00Z,2026-07-24T12:30:00+0200,-4.0,EUR/MWh,NL,NL,imbalance_price,Long,2026-08-06T05:38:50Z
2026-08-06T05:35:55Z,2026-08-06T07:35:55+0200,c3feb7e2-8675-4f7f-be40-2d97c558df74,2026-07-24T10:30:00Z,2026-07-24T12:30:00+0200,-4.0,EUR/MWh,NL,NL,imbalance_price,Short,2026-08-06T05:38:50Z
2026-08-06T05:35:55Z,2026-08-06T07:35:55+0200,c3feb7e2-8675-4f7f-be40-2d97c558df74,2026-07-24T10:45:00Z,2026-07-24T12:45:00+0200,-4.0,EUR/MWh,NL,NL,imbalance_price,Long,2026-08-06T05:38:50Z
2026-08-06T05:35:55Z,2026-08-06T07:35:55+0200,c3feb7e2-8675-4f7f-be40-2d97c558df74,2026-07-24T10:45:00Z,2026-07-24T12:45:00+0200,-4.0,EUR/MWh,NL,NL,imbalance_price,Short,2026-08-06T05:38:50Z
2026-08-06T05:35:55Z,2026-08-06T07:35:55+0200,c3feb7e2-8675-4f7f-be40-2d97c558df74,2026-07-24T11:00:00Z,2026-07-24T13:00:00+0200,-3.13,EUR/MWh,NL,NL,imbalance_price,Long,2026-08-06T05:38:50Z
2026-08-06T05:35:55Z,2026-08-06T07:35:55+0200,c3feb7e2-8675-4f7f-be40-2d97c558df74,2026-07-24T11:00:00Z,2026-07-24T13:00:00+0200,-3.13,EUR/MWh,NL,NL,imbalance_price,Short,2026-08-06T05:38:50Z
2026-08-06T05:35:55Z,2026-08-06T07:35:55+0200,c3feb7e2-8675-4f7f-be40-2d97c558df74,2026-07-24T11:15:00Z,2026-07-24T13:15:00+0200,-22.27,EUR/MWh,NL,NL,imbalance_price,Long,2026-08-06T05:38:50Z
2026-08-06T05:35:55Z,2026-08-06T07:35:55+0200,c3feb7e2-8675-4f7f-be40-2d97c558df74,2026-07-24T11:15:00Z,2026-07-24T13:15:00+0200,-22.27,EUR/MWh,NL,NL,imbalance_price,Short,2026-08-06T05:38:50Z
2026-08-06T05:35:55Z,2026-08-06T07:35:55+0200,c3feb7e2-8675-4f7f-be40-2d97c558df74,2026-07-24T11:30:00Z,2026-07-24T13:30:00+0200,-4.0,EUR/MWh,NL,NL,imbalance_price,Long,2026-08-06T05:38:50Z
2026-08-06T05:35:55Z,2026-08-06T07:35:55+0200,c3feb7e2-8675-4f7f-be40-2d97c558df74,2026-07-24T11:30:00Z,2026-07-24T13:30:00+0200,-4.0,EUR/MWh,NL,NL,imbalance_price,Short,2026-08-06T05:38:50Z
2026-08-06T05:35:55Z,2026-08-06T07:35:55+0200,c3feb7e2-8675-4f7f-be40-2d97c558df74,2026-07-24T11:45:00Z,2026-07-24T13:45:00+0200,-15.0,EUR/MWh,NL,NL,imbalance_price,Long,2026-08-06T05:38:50Z
2026-08-06T05:35:55Z,2026-08-06T07:35:55+0200,c3feb7e2-8675-4f7f-be40-2d97c558df74,2026-07-24T11:45:00Z,2026-07-24T13:45:00+0200,-15.0,EUR/MWh,NL,NL,imbalance_price,Short,2026-08-06T05:38:50Z
2026-08-06T05:35:55Z,2026-08-06T07:35:55+0200,c3feb7e2-8675-4f7f-be40-2d97c558df74,2026-07-24T12:00:00Z,2026-07-24T14:00:00+0200,-13.0,EUR/MWh,NL,NL,imbalance_price,Long,2026-08-06T05:38:50Z
2026-08-06T05:35:55Z,2026-08-06T07:35:55+0200,c3feb7e2-8675-4f7f-be40-2d97c558df74,2026-07-24T12:00:00Z,2026-07-24T14:00:00+0200,119.73,EUR/MWh,NL,NL,imbalance_price,Short,2026-08-06T05:38:50Z
2026-08-06T05:35:55Z,2026-08-06T07:35:55+0200,c3feb7e2-8675-4f7f-be40-2d97c558df74,2026-07-24T12:15:00Z,2026-07-24T14:15:00+0200,-13.0,EUR/MWh,NL,NL,imbalance_price,Long,2026-08-06T05:38:50Z
2026-08-06T05:35:55Z,2026-08-06T07:35:55+0200,c3feb7e2-8675-4f7f-be40-2d97c558df74,2026-07-24T12:15:00Z,2026-07-24T14:15:00+0200,-13.0,EUR/MWh,NL,NL,imbalance_price,Short,2026-08-06T05:38:50Z
2026-08-06T05:35:55Z,2026-08-06T07:35:55+0200,c3feb7e2-8675-4f7f-be40-2d97c558df74,2026-07-24T12:30:00Z,2026-07-24T14:30:00+0200,-13.0,EUR/MWh,NL,NL,imbalance_price,Long,2026-08-06T05:38:50Z
2026-08-06T05:35:55Z,2026-08-06T07:35:55+0200,c3feb7e2-8675-4f7f-be40-2d97c558df74,2026-07-24T12:30:00Z,2026-07-24T14:30:00+0200,-13.0,EUR/MWh,NL,NL,imbalance_price,Short,2026-08-06T05:38:50Z
2026-08-06T05:35:55Z,2026-08-06T07:35:55+0200,c3feb7e2-8675-4f7f-be40-2d97c558df74,2026-07-24T12:45:00Z,2026-07-24T14:45:00+0200,-4.0,EUR/MWh,NL,NL,imbalance_price,Long,2026-08-06T05:38:50Z
2026-08-06T05:35:55Z,2026-08-06T07:35:55+0200,c3feb7e2-8675-4f7f-be40-2d97c558df74,2026-07-24T12:45:00Z,2026-07-24T14:45:00+0200,-4.0,EUR/MWh,NL,NL,imbalance_price,Short,2026-08-06T05:38:50Z
2026-08-06T05:35:55Z,2026-08-06T07:35:55+0200,c3feb7e2-8675-4f7f-be40-2d97c558df74,2026-07-24T13:00:00Z,2026-07-24T15:00:00+0200,-1.5,EUR/MWh,NL,NL,imbalance_price,Long,2026-08-06T05:38:50Z
2026-08-06T05:35:55Z,2026-08-06T07:35:55+0200,c3feb7e2-8675-4f7f-be40-2d97c558df74,2026-07-24T13:00:00Z,2026-07-24T15:00:00+0200,-1.5,EUR/MWh,NL,NL,imbalance_price,Short,2026-08-06T05:38:50Z
2026-08-06T05:35:55Z,2026-08-06T07:35:55+0200,c3feb7e2-8675-4f7f-be40-2d97c558df74,2026-07-24T13:15:00Z,2026-07-24T15:15:00+0200,-4.0,EUR/MWh,NL,NL,imbalance_price,Long,2026-08-06T05:38:50Z
2026-08-06T05:35:55Z,2026-08-06T07:35:55+0200,c3feb7e2-8675-4f7f-be40-2d97c558df74,2026-07-24T13:15:00Z,2026-07-24T15:15:00+0200,-4.0,EUR/MWh,NL,NL,imbalance_price,Short,2026-08-06T05:38:50Z
2026-08-06T05:35:55Z,2026-08-06T07:35:55+0200,c3feb7e2-8675-4f7f-be40-2d97c558df74,2026-07-24T13:30:00Z,2026-07-24T15:30:00+0200,-13.0,EUR/MWh,NL,NL,imbalance_price,Long,2026-08-06T05:38:50Z
2026-08-06T05:35:55Z,2026-08-06T07:35:55+0200,c3feb7e2-8675-4f7f-be40-2d97c558df74,2026-07-24T13:30:00Z,2026-07-24T15:30:00+0200,-13.0,EUR/MWh,NL,NL,imbalance_price,Short,2026-08-06T05:38:50Z
2026-08-06T05:35:55Z,2026-08-06T07:35:55+0200,c3feb7e2-8675-4f7f-be40-2d97c558df74,2026-07-24T13:45:00Z,2026-07-24T15:45:00+0200,-13.0,EUR/MWh,NL,NL,imbalance_price,Long,2026-08-06T05:38:50Z
2026-08-06T05:35:55Z,2026-08-06T07:35:55+0200,c3feb7e2-8675-4f7f-be40-2d97c558df74,2026-07-24T13:45:00Z,2026-07-24T15:45:00+0200,-13.0,EUR/MWh,NL,NL,imbalance_price,Short,2026-08-06T05:38:50Z
2026-08-06T05:35:55Z,2026-08-06T07:35:55+0200,c3feb7e2-8675-4f7f-be40-2d97c558df74,2026-07-24T14:00:00Z,2026-07-24T16:00:00+0200,-4.0,EUR/MWh,NL,NL,imbalance_price,Long,2026-08-06T05:38:50Z
2026-08-06T05:35:55Z,2026-08-06T07:35:55+0200,c3feb7e2-8675-4f7f-be40-2d97c558df74,2026-07-24T14:00:00Z,2026-07-24T16:00:00+0200,-4.0,EUR/MWh,NL,NL,imbalance_price,Short,2026-08-06T05:38:50Z
2026-08-06T05:35:55Z,2026-08-06T07:35:55+0200,c3feb7e2-8675-4f7f-be40-2d97c558df74,2026-07-24T14:15:00Z,2026-07-24T16:15:00+0200,13.0,EUR/MWh,NL,NL,imbalance_price,Long,2026-08-06T05:38:50Z
2026-08-06T05:35:55Z,2026-08-06T07:35:55+0200,c3feb7e2-8675-4f7f-be40-2d97c558df74,2026-07-24T14:15:00Z,2026-07-24T16:15:00+0200,83.0,EUR/MWh,NL,NL,imbalance_price,Short,2026-08-06T05:38:50Z
2026-08-06T05:35:55Z,2026-08-06T07:35:55+0200,c3feb7e2-8675-4f7f-be40-2d97c558df74,2026-07-24T14:30:00Z,2026-07-24T16:30:00+0200,69.29,EUR/MWh,NL,NL,imbalance_price,Long,2026-08-06T05:38:50Z
2026-08-06T05:35:55Z,2026-08-06T07:35:55+0200,c3feb7e2-8675-4f7f-be40-2d97c558df74,2026-07-24T14:30:00Z,2026-07-24T16:30:00+0200,69.29,EUR/MWh,NL,NL,imbalance_price,Short,2026-08-06T05:38:50Z
2026-08-06T05:35:55Z,2026-08-06T07:35:55+0200,c3feb7e2-8675-4f7f-be40-2d97c558df74,2026-07-24T14:45:00Z,2026-07-24T16:45:00+0200,32.83,EUR/MWh,NL,NL,imbalance_price,Long,2026-08-06T05:38:50Z
2026-08-06T05:35:55Z,2026-08-06T07:35:55+0200,c3feb7e2-8675-4f7f-be40-2d97c558df74,2026-07-24T14:45:00Z,2026-07-24T16:45:00+0200,115.0,EUR/MWh,NL,NL,imbalance_price,Short,2026-08-06T05:38:50Z
2026-08-06T05:35:55Z,2026-08-06T07:35:55+0200,c3feb7e2-8675-4f7f-be40-2d97c558df74,2026-07-24T15:00:00Z,2026-07-24T17:00:00+0200,13.0,EUR/MWh,NL,NL,imbalance_price,Long,2026-08-06T05:38:50Z
2026-08-06T05:35:55Z,2026-08-06T07:35:55+0200,c3feb7e2-8675-4f7f-be40-2d97c558df74,2026-07-24T15:00:00Z,2026-07-24T17:00:00+0200,103.8,EUR/MWh,NL,NL,imbalance_price,Short,2026-08-06T05:38:50Z
2026-08-06T05:35:55Z,2026-08-06T07:35:55+0200,c3feb7e2-8675-4f7f-be40-2d97c558df74,2026-07-24T15:15:00Z,2026-07-24T17:15:00+0200,113.0,EUR/MWh,NL,NL,imbalance_price,Long,2026-08-06T05:38:50Z
2026-08-06T05:35:55Z,2026-08-06T07:35:55+0200,c3feb7e2-8675-4f7f-be40-2d97c558df74,2026-07-24T15:15:00Z,2026-07-24T17:15:00+0200,113.0,EUR/MWh,NL,NL,imbalance_price,Short,2026-08-06T05:38:50Z
2026-08-06T05:35:55Z,2026-08-06T07:35:55+0200,c3feb7e2-8675-4f7f-be40-2d97c558df74,2026-07-24T15:30:00Z,2026-07-24T17:30:00+0200,150.0,EUR/MWh,NL,NL,imbalance_price,Long,2026-08-06T05:38:50Z
2026-08-06T05:35:55Z,2026-08-06T07:35:55+0200,c3feb7e2-8675-4f7f-be40-2d97c558df74,2026-07-24T15:30:00Z,2026-07-24T17:30:00+0200,150.0,EUR/MWh,NL,NL,imbalance_price,Short,2026-08-06T05:38:50Z
2026-08-06T05:35:55Z,2026-08-06T07:35:55+0200,c3feb7e2-8675-4f7f-be40-2d97c558df74,2026-07-24T15:45:00Z,2026-07-24T17:45:00+0200,151.44,EUR/MWh,NL,NL,imbalance_price,Long,2026-08-06T05:38:50Z
2026-08-06T05:35:55Z,2026-08-06T07:35:55+0200,c3feb7e2-8675-4f7f-be40-2d97c558df74,2026-07-24T15:45:00Z,2026-07-24T17:45:00+0200,151.44,EUR/MWh,NL,NL,imbalance_price,Short,2026-08-06T05:38:50Z
2026-08-06T05:35:55Z,2026-08-06T07:35:55+0200,c3feb7e2-8675-4f7f-be40-2d97c558df74,2026-07-24T16:00:00Z,2026-07-24T18:00:00+0200,90.8,EUR/MWh,NL,NL,imbalance_price,Long,2026-08-06T05:38:50Z
2026-08-06T05:35:55Z,2026-08-06T07:35:55+0200,c3feb7e2-8675-4f7f-be40-2d97c558df74,2026-07-24T16:00:00Z,2026-07-24T18:00:00+0200,101.5,EUR/MWh,NL,NL,imbalance_price,Short,2026-08-06T05:38:50Z
2026-08-06T05:35:55Z,2026-08-06T07:35:55+0200,c3feb7e2-8675-4f7f-be40-2d97c558df74,2026-07-24T16:15:00Z,2026-07-24T18:15:00+0200,92.4,EUR/MWh,NL,NL,imbalance_price,Long,2026-08-06T05:38:50Z
2026-08-06T05:35:55Z,2026-08-06T07:35:55+0200,c3feb7e2-8675-4f7f-be40-2d97c558df74,2026-07-24T16:15:00Z,2026-07-24T18:15:00+0200,150.0,EUR/MWh,NL,NL,imbalance_price,Short,2026-08-06T05:38:50Z
2026-08-06T05:35:55Z,2026-08-06T07:35:55+0200,c3feb7e2-8675-4f7f-be40-2d97c558df74,2026-07-24T16:30:00Z,2026-07-24T18:30:00+0200,182.85,EUR/MWh,NL,NL,imbalance_price,Long,2026-08-06T05:38:50Z
2026-08-06T05:35:55Z,2026-08-06T07:35:55+0200,c3feb7e2-8675-4f7f-be40-2d97c558df74,2026-07-24T16:30:00Z,2026-07-24T18:30:00+0200,182.85,EUR/MWh,NL,NL,imbalance_price,Short,2026-08-06T05:38:50Z
2026-08-06T05:35:55Z,2026-08-06T07:35:55+0200,c3feb7e2-8675-4f7f-be40-2d97c558df74,2026-07-24T16:45:00Z,2026-07-24T18:45:00+0200,200.0,EUR/MWh,NL,NL,imbalance_price,Long,2026-08-06T05:38:50Z
2026-08-06T05:35:55Z,2026-08-06T07:35:55+0200,c3feb7e2-8675-4f7f-be40-2d97c558df74,2026-07-24T16:45:00Z,2026-07-24T18:45:00+0200,200.0,EUR/MWh,NL,NL,imbalance_price,Short,2026-08-06T05:38:50Z
2026-08-06T05:35:55Z,2026-08-06T07:35:55+0200,c3feb7e2-8675-4f7f-be40-2d97c558df74,2026-07-24T17:00:00Z,2026-07-24T19:00:00+0200,123.0,EUR/MWh,NL,NL,imbalance_price,Long,2026-08-06T05:38:50Z
2026-08-06T05:35:55Z,2026-08-06T07:35:55+0200,c3feb7e2-8675-4f7f-be40-2d97c558df74,2026-07-24T17:00:00Z,2026-07-24T19:00:00+0200,147.53,EUR/MWh,NL,NL,imbalance_price,Short,2026-08-06T05:38:50Z
2026-08-06T05:35:55Z,2026-08-06T07:35:55+0200,c3feb7e2-8675-4f7f-be40-2d97c558df74,2026-07-24T17:15:00Z,2026-07-24T19:15:00+0200,112.48,EUR/MWh,NL,NL,imbalance_price,Long,2026-08-06T05:38:50Z
2026-08-06T05:35:55Z,2026-08-06T07:35:55+0200,c3feb7e2-8675-4f7f-be40-2d97c558df74,2026-07-24T17:15:00Z,2026-07-24T19:15:00+0200,189.41,EUR/MWh,NL,NL,imbalance_price,Short,2026-08-06T05:38:50Z
2026-08-06T05:35:55Z,2026-08-06T07:35:55+0200,c3feb7e2-8675-4f7f-be40-2d97c558df74,2026-07-24T17:30:00Z,2026-07-24T19:30:00+0200,171.75,EUR/MWh,NL,NL,imbalance_price,Long,2026-08-06T05:38:50Z
2026-08-06T05:35:55Z,2026-08-06T07:35:55+0200,c3feb7e2-8675-4f7f-be40-2d97c558df74,2026-07-24T17:30:00Z,2026-07-24T19:30:00+0200,171.75,EUR/MWh,NL,NL,imbalance_price,Short,2026-08-06T05:38:50Z
2026-08-06T05:35:55Z,2026-08-06T07:35:55+0200,c3feb7e2-8675-4f7f-be40-2d97c558df74,2026-07-24T17:45:00Z,2026-07-24T19:45:00+0200,181.0,EUR/MWh,NL,NL,imbalance_price,Long,2026-08-06T05:38:50Z
2026-08-06T05:35:55Z,2026-08-06T07:35:55+0200,c3feb7e2-8675-4f7f-be40-2d97c558df74,2026-07-24T17:45:00Z,2026-07-24T19:45:00+0200,181.0,EUR/MWh,NL,NL,imbalance_price,Short,2026-08-06T05:38:50Z
2026-08-06T05:35:55Z,2026-08-06T07:35:55+0200,c3feb7e2-8675-4f7f-be40-2d97c558df74,2026-07-24T18:00:00Z,2026-07-24T20:00:00+0200,123.0,EUR/MWh,NL,NL,imbalance_price,Long,2026-08-06T05:38:50Z
2026-08-06T05:35:55Z,2026-08-06T07:35:55+0200,c3feb7e2-8675-4f7f-be40-2d97c558df74,2026-07-24T18:00:00Z,2026-07-24T20:00:00+0200,147.52,EUR/MWh,NL,NL,imbalance_price,Short,2026-08-06T05:38:50Z
2026-08-06T05:35:55Z,2026-08-06T07:35:55+0200,c3feb7e2-8675-4f7f-be40-2d97c558df74,2026-07-24T18:15:00Z,2026-07-24T20:15:00+0200,138.45,EUR/MWh,NL,NL,imbalance_price,Long,2026-08-06T05:38:50Z
2026-08-06T05:35:55Z,2026-08-06T07:35:55+0200,c3feb7e2-8675-4f7f-be40-2d97c558df74,2026-07-24T18:15:00Z,2026-07-24T20:15:00+0200,147.13,EUR/MWh,NL,NL,imbalance_price,Short,2026-08-06T05:38:50Z
2026-08-06T05:35:55Z,2026-08-06T07:35:55+0200,c3feb7e2-8675-4f7f-be40-2d97c558df74,2026-07-24T18:30:00Z,2026-07-24T20:30:00+0200,128.48,EUR/MWh,NL,NL,imbalance_price,Long,2026-08-06T05:38:50Z
2026-08-06T05:35:55Z,2026-08-06T07:35:55+0200,c3feb7e2-8675-4f7f-be40-2d97c558df74,2026-07-24T18:30:00Z,2026-07-24T20:30:00+0200,134.28,EUR/MWh,NL,NL,imbalance_price,Short,2026-08-06T05:38:50Z
2026-08-06T05:35:55Z,2026-08-06T07:35:55+0200,c3feb7e2-8675-4f7f-be40-2d97c558df74,2026-07-24T18:45:00Z,2026-07-24T20:45:00+0200,111.09,EUR/MWh,NL,NL,imbalance_price,Long,2026-08-06T05:38:50Z
2026-08-06T05:35:55Z,2026-08-06T07:35:55+0200,c3feb7e2-8675-4f7f-be40-2d97c558df74,2026-07-24T18:45:00Z,2026-07-24T20:45:00+0200,111.09,EUR/MWh,NL,NL,imbalance_price,Short,2026-08-06T05:38:50Z
2026-08-06T05:35:55Z,2026-08-06T07:35:55+0200,c3feb7e2-8675-4f7f-be40-2d97c558df74,2026-07-24T19:00:00Z,2026-07-24T21:00:00+0200,125.38,EUR/MWh,NL,NL,imbalance_price,Long,2026-08-06T05:38:50Z
2026-08-06T05:35:55Z,2026-08-06T07:35:55+0200,c3feb7e2-8675-4f7f-be40-2d97c558df74,2026-07-24T19:00:00Z,2026-07-24T21:00:00+0200,125.38,EUR/MWh,NL,NL,imbalance_price,Short,2026-08-06T05:38:50Z
2026-08-06T05:35:55Z,2026-08-06T07:35:55+0200,c3feb7e2-8675-4f7f-be40-2d97c558df74,2026-07-24T19:15:00Z,2026-07-24T21:15:00+0200,135.11,EUR/MWh,NL,NL,imbalance_price,Long,2026-08-06T05:38:50Z
2026-08-06T05:35:55Z,2026-08-06T07:35:55+0200,c3feb7e2-8675-4f7f-be40-2d97c558df74,2026-07-24T19:15:00Z,2026-07-24T21:15:00+0200,135.11,EUR/MWh,NL,NL,imbalance_price,Short,2026-08-06T05:38:50Z
2026-08-06T05:35:55Z,2026-08-06T07:35:55+0200,c3feb7e2-8675-4f7f-be40-2d97c558df74,2026-07-24T19:30:00Z,2026-07-24T21:30:00+0200,127.95,EUR/MWh,NL,NL,imbalance_price,Long,2026-08-06T05:38:50Z
2026-08-06T05:35:55Z,2026-08-06T07:35:55+0200,c3feb7e2-8675-4f7f-be40-2d97c558df74,2026-07-24T19:30:00Z,2026-07-24T21:30:00+0200,127.95,EUR/MWh,NL,NL,imbalance_price,Short,2026-08-06T05:38:50Z
2026-08-06T05:35:55Z,2026-08-06T07:35:55+0200,c3feb7e2-8675-4f7f-be40-2d97c558df74,2026-07-24T19:45:00Z,2026-07-24T21:45:00+0200,125.38,EUR/MWh,NL,NL,imbalance_price,Long,2026-08-06T05:38:50Z
2026-08-06T05:35:55Z,2026-08-06T07:35:55+0200,c3feb7e2-8675-4f7f-be40-2d97c558df74,2026-07-24T19:45:00Z,2026-07-24T21:45:00+0200,125.38,EUR/MWh,NL,NL,imbalance_price,Short,2026-08-06T05:38:50Z
2026-08-06T05:35:55Z,2026-08-06T07:35:55+0200,c3feb7e2-8675-4f7f-be40-2d97c558df74,2026-07-24T20:00:00Z,2026-07-24T22:00:00+0200,87.83,EUR/MWh,NL,NL,imbalance_price,Long,2026-08-06T05:38:50Z
2026-08-06T05:35:55Z,2026-08-06T07:35:55+0200,c3feb7e2-8675-4f7f-be40-2d97c558df74,2026-07-24T20:00:00Z,2026-07-24T22:00:00+0200,245.53,EUR/MWh,NL,NL,imbalance_price,Short,2026-08-06T05:38:50Z
2026-08-06T05:35:55Z,2026-08-06T07:35:55+0200,c3feb7e2-8675-4f7f-be40-2d97c558df74,2026-07-24T20:15:00Z,2026-07-24T22:15:00+0200,87.14,EUR/MWh,NL,NL,imbalance_price,Long,2026-08-06T05:38:50Z
2026-08-06T05:35:55Z,2026-08-06T07:35:55+0200,c3feb7e2-8675-4f7f-be40-2d97c558df74,2026-07-24T20:15:00Z,2026-07-24T22:15:00+0200,150.0,EUR/MWh,NL,NL,imbalance_price,Short,2026-08-06T05:38:50Z
2026-08-06T05:35:55Z,2026-08-06T07:35:55+0200,c3feb7e2-8675-4f7f-be40-2d97c558df74,2026-07-24T20:30:00Z,2026-07-24T22:30:00+0200,86.6,EUR/MWh,NL,NL,imbalance_price,Long,2026-08-06T05:38:50Z
2026-08-06T05:35:55Z,2026-08-06T07:35:55+0200,c3feb7e2-8675-4f7f-be40-2d97c558df74,2026-07-24T20:30:00Z,2026-07-24T22:30:00+0200,86.6,EUR/MWh,NL,NL,imbalance_price,Short,2026-08-06T05:38:50Z
2026-08-06T05:35:55Z,2026-08-06T07:35:55+0200,c3feb7e2-8675-4f7f-be40-2d97c558df74,2026-07-24T20:45:00Z,2026-07-24T22:45:00+0200,116.5,EUR/MWh,NL,NL,imbalance_price,Long,2026-08-06T05:38:50Z
2026-08-06T05:35:55Z,2026-08-06T07:35:55+0200,c3feb7e2-8675-4f7f-be40-2d97c558df74,2026-07-24T20:45:00Z,2026-07-24T22:45:00+0200,165.0,EUR/MWh,NL,NL,imbalance_price,Short,2026-08-06T05:38:50Z
2026-08-06T05:35:55Z,2026-08-06T07:35:55+0200,c3feb7e2-8675-4f7f-be40-2d97c558df74,2026-07-24T21:00:00Z,2026-07-24T23:00:00+0200,116.5,EUR/MWh,NL,NL,imbalance_price,Long,2026-08-06T05:38:50Z
2026-08-06T05:35:55Z,2026-08-06T07:35:55+0200,c3feb7e2-8675-4f7f-be40-2d97c558df74,2026-07-24T21:00:00Z,2026-07-24T23:00:00+0200,150.0,EUR/MWh,NL,NL,imbalance_price,Short,2026-08-06T05:38:50Z
2026-08-06T05:35:55Z,2026-08-06T07:35:55+0200,c3feb7e2-8675-4f7f-be40-2d97c558df74,2026-07-24T21:15:00Z,2026-07-24T23:15:00+0200,135.52,EUR/MWh,NL,NL,imbalance_price,Long,2026-08-06T05:38:50Z
2026-08-06T05:35:55Z,2026-08-06T07:35:55+0200,c3feb7e2-8675-4f7f-be40-2d97c558df74,2026-07-24T21:15:00Z,2026-07-24T23:15:00+0200,135.52,EUR/MWh,NL,NL,imbalance_price,Short,2026-08-06T05:38:50Z
2026-08-06T05:35:55Z,2026-08-06T07:35:55+0200,c3feb7e2-8675-4f7f-be40-2d97c558df74,2026-07-24T21:30:00Z,2026-07-24T23:30:00+0200,116.5,EUR/MWh,NL,NL,imbalance_price,Long,2026-08-06T05:38:50Z
2026-08-06T05:35:55Z,2026-08-06T07:35:55+0200,c3feb7e2-8675-4f7f-be40-2d97c558df74,2026-07-24T21:30:00Z,2026-07-24T23:30:00+0200,181.0,EUR/MWh,NL,NL,imbalance_price,Short,2026-08-06T05:38:50Z
2026-08-06T05:35:55Z,2026-08-06T07:35:55+0200,c3feb7e2-8675-4f7f-be40-2d97c558df74,2026-07-24T21:45:00Z,2026-07-24T23:45:00+0200,126.84,EUR/MWh,NL,NL,imbalance_price,Long,2026-08-06T05:38:50Z
2026-08-06T05:35:55Z,2026-08-06T07:35:55+0200,c3feb7e2-8675-4f7f-be40-2d97c558df74,2026-07-24T21:45:00Z,2026-07-24T23:45:00+0200,150.0,EUR/MWh,NL,NL,imbalance_price,Short,2026-08-06T05:38:50Z
2026-08-06T05:35:55Z,2026-08-06T07:35:55+0200,c3feb7e2-8675-4f7f-be40-2d97c558df74,2026-07-24T22:00:00Z,2026-07-25T00:00:00+0200,130.85,EUR/MWh,NL,NL,imbalance_price,Long,2026-08-06T05:38:50Z
2026-08-06T05:35:55Z,2026-08-06T07:35:55+0200,c3feb7e2-8675-4f7f-be40-2d97c558df74,2026-07-24T22:00:00Z,2026-07-25T00:00:00+0200,131.26,EUR/MWh,NL,NL,imbalance_price,Short,2026-08-06T05:38:50Z
2026-08-06T05:35:55Z,2026-08-06T07:35:55+0200,c3feb7e2-8675-4f7f-be40-2d97c558df74,2026-07-24T22:15:00Z,2026-07-25T00:15:00+0200,130.74,EUR/MWh,NL,NL,imbalance_price,Long,2026-08-06T05:38:50Z
2026-08-06T05:35:55Z,2026-08-06T07:35:55+0200,c3feb7e2-8675-4f7f-be40-2d97c558df74,2026-07-24T22:15:00Z,2026-07-25T00:15:00+0200,150.0,EUR/MWh,NL,NL,imbalance_price,Short,2026-08-06T05:38:50Z
2026-08-06T05:35:55Z,2026-08-06T07:35:55+0200,c3feb7e2-8675-4f7f-be40-2d97c558df74,2026-07-24T22:30:00Z,2026-07-25T00:30:00+0200,125.85,EUR/MWh,NL,NL,imbalance_price,Long,2026-08-06T05:38:50Z
2026-08-06T05:35:55Z,2026-08-06T07:35:55+0200,c3feb7e2-8675-4f7f-be40-2d97c558df74,2026-07-24T22:30:00Z,2026-07-25T00:30:00+0200,165.0,EUR/MWh,NL,NL,imbalance_price,Short,2026-08-06T05:38:50Z
2026-08-06T05:35:55Z,2026-08-06T07:35:55+0200,c3feb7e2-8675-4f7f-be40-2d97c558df74,2026-07-24T22:45:00Z,2026-07-25T00:45:00+0200,128.01,EUR/MWh,NL,NL,imbalance_price,Long,2026-08-06T05:38:50Z
2026-08-06T05:35:55Z,2026-08-06T07:35:55+0200,c3feb7e2-8675-4f7f-be40-2d97c558df74,2026-07-24T22:45:00Z,2026-07-25T00:45:00+0200,145.23,EUR/MWh,NL,NL,imbalance_price,Short,2026-08-06T05:38:50Z
2026-08-06T05:35:55Z,2026-08-06T07:35:55+0200,c3feb7e2-8675-4f7f-be40-2d97c558df74,2026-07-24T23:00:00Z,2026-07-25T01:00:00+0200,165.0,EUR/MWh,NL,NL,imbalance_price,Long,2026-08-06T05:38:50Z
2026-08-06T05:35:55Z,2026-08-06T07:35:55+0200,c3feb7e2-8675-4f7f-be40-2d97c558df74,2026-07-24T23:00:00Z,2026-07-25T01:00:00+0200,165.0,EUR/MWh,NL,NL,imbalance_price,Short,2026-08-06T05:38:50Z
2026-08-06T05:35:55Z,2026-08-06T07:35:55+0200,c3feb7e2-8675-4f7f-be40-2d97c558df74,2026-07-24T23:15:00Z,2026-07-25T01:15:00+0200,106.31,EUR/MWh,NL,NL,imbalance_price,Long,2026-08-06T05:38:50Z
2026-08-06T05:35:55Z,2026-08-06T07:35:55+0200,c3feb7e2-8675-4f7f-be40-2d97c558df74,2026-07-24T23:15:00Z,2026-07-25T01:15:00+0200,106.31,EUR/MWh,NL,NL,imbalance_price,Short,2026-08-06T05:38:50Z
2026-08-06T05:35:55Z,2026-08-06T07:35:55+0200,c3feb7e2-8675-4f7f-be40-2d97c558df74,2026-07-24T23:30:00Z,2026-07-25T01:30:00+0200,157.63,EUR/MWh,NL,NL,imbalance_price,Long,2026-08-06T05:38:50Z
2026-08-06T05:35:55Z,2026-08-06T07:35:55+0200,c3feb7e2-8675-4f7f-be40-2d97c558df74,2026-07-24T23:30:00Z,2026-07-25T01:30:00+0200,157.63,EUR/MWh,NL,NL,imbalance_price,Short,2026-08-06T05:38:50Z
2026-08-06T05:35:55Z,2026-08-06T07:35:55+0200,c3feb7e2-8675-4f7f-be40-2d97c558df74,2026-07-24T23:45:00Z,2026-07-25T01:45:00+0200,127.8,EUR/MWh,NL,NL,imbalance_price,Long,2026-08-06T05:38:50Z
2026-08-06T05:35:55Z,2026-08-06T07:35:55+0200,c3feb7e2-8675-4f7f-be40-2d97c558df74,2026-07-24T23:45:00Z,2026-07-25T01:45:00+0200,152.4,EUR/MWh,NL,NL,imbalance_price,Short,2026-08-06T05:38:50Z
2026-08-06T05:35:55Z,2026-08-06T07:35:55+0200,c3feb7e2-8675-4f7f-be40-2d97c558df74,2026-07-25T00:00:00Z,2026-07-25T02:00:00+0200,152.93,EUR/MWh,NL,NL,imbalance_price,Long,2026-08-06T05:38:50Z
2026-08-06T05:35:55Z,2026-08-06T07:35:55+0200,c3feb7e2-8675-4f7f-be40-2d97c558df74,2026-07-25T00:00:00Z,2026-07-25T02:00:00+0200,152.93,EUR/MWh,NL,NL,imbalance_price,Short,2026-08-06T05:38:50Z
2026-08-06T05:35:55Z,2026-08-06T07:35:55+0200,c3feb7e2-8675-4f7f-be40-2d97c558df74,2026-07-25T00:15:00Z,2026-07-25T02:15:00+0200,126.05,EUR/MWh,NL,NL,imbalance_price,Long,2026-08-06T05:38:50Z
2026-08-06T05:35:55Z,2026-08-06T07:35:55+0200,c3feb7e2-8675-4f7f-be40-2d97c558df74,2026-07-25T00:15:00Z,2026-07-25T02:15:00+0200,155.28,EUR/MWh,NL,NL,imbalance_price,Short,2026-08-06T05:38:50Z
2026-08-06T05:35:55Z,2026-08-06T07:35:55+0200,c3feb7e2-8675-4f7f-be40-2d97c558df74,2026-07-25T00:30:00Z,2026-07-25T02:30:00+0200,165.0,EUR/MWh,NL,NL,imbalance_price,Long,2026-08-06T05:38:50Z
2026-08-06T05:35:55Z,2026-08-06T07:35:55+0200,c3feb7e2-8675-4f7f-be40-2d97c558df74,2026-07-25T00:30:00Z,2026-07-25T02:30:00+0200,165.0,EUR/MWh,NL,NL,imbalance_price,Short,2026-08-06T05:38:50Z
2026-08-06T05:35:55Z,2026-08-06T07:35:55+0200,c3feb7e2-8675-4f7f-be40-2d97c558df74,2026-07-25T00:45:00Z,2026-07-25T02:45:00+0200,122.3,EUR/MWh,NL,NL,imbalance_price,Long,2026-08-06T05:38:50Z
2026-08-06T05:35:55Z,2026-08-06T07:35:55+0200,c3feb7e2-8675-4f7f-be40-2d97c558df74,2026-07-25T00:45:00Z,2026-07-25T02:45:00+0200,122.3,EUR/MWh,NL,NL,imbalance_price,Short,2026-08-06T05:38:50Z
2026-08-06T05:35:55Z,2026-08-06T07:35:55+0200,c3feb7e2-8675-4f7f-be40-2d97c558df74,2026-07-25T01:00:00Z,2026-07-25T03:00:00+0200,123.27,EUR/MWh,NL,NL,imbalance_price,Long,2026-08-06T05:38:50Z
2026-08-06T05:35:55Z,2026-08-06T07:35:55+0200,c3feb7e2-8675-4f7f-be40-2d97c558df74,2026-07-25T01:00:00Z,2026-07-25T03:00:00+0200,131.56,EUR/MWh,NL,NL,imbalance_price,Short,2026-08-06T05:38:50Z
2026-08-06T05:35:55Z,2026-08-06T07:35:55+0200,c3feb7e2-8675-4f7f-be40-2d97c558df74,2026-07-25T01:15:00Z,2026-07-25T03:15:00+0200,121.18,EUR/MWh,NL,NL,imbalance_price,Long,2026-08-06T05:38:50Z
2026-08-06T05:35:55Z,2026-08-06T07:35:55+0200,c3feb7e2-8675-4f7f-be40-2d97c558df74,2026-07-25T01:15:00Z,2026-07-25T03:15:00+0200,121.18,EUR/MWh,NL,NL,imbalance_price,Short,2026-08-06T05:38:50Z
2026-08-06T05:35:55Z,2026-08-06T07:35:55+0200,c3feb7e2-8675-4f7f-be40-2d97c558df74,2026-07-25T01:30:00Z,2026-07-25T03:30:00+0200,122.0,EUR/MWh,NL,NL,imbalance_price,Long,2026-08-06T05:38:50Z
2026-08-06T05:35:55Z,2026-08-06T07:35:55+0200,c3feb7e2-8675-4f7f-be40-2d97c558df74,2026-07-25T01:30:00Z,2026-07-25T03:30:00+0200,122.0,EUR/MWh,NL,NL,imbalance_price,Short,2026-08-06T05:38:50Z
2026-08-06T05:35:55Z,2026-08-06T07:35:55+0200,c3feb7e2-8675-4f7f-be40-2d97c558df74,2026-07-25T01:45:00Z,2026-07-25T03:45:00+0200,108.92,EUR/MWh,NL,NL,imbalance_price,Long,2026-08-06T05:38:50Z
2026-08-06T05:35:55Z,2026-08-06T07:35:55+0200,c3feb7e2-8675-4f7f-be40-2d97c558df74,2026-07-25T01:45:00Z,2026-07-25T03:45:00+0200,108.92,EUR/MWh,NL,NL,imbalance_price,Short,2026-08-06T05:38:50Z
2026-08-06T05:35:55Z,2026-08-06T07:35:55+0200,c3feb7e2-8675-4f7f-be40-2d97c558df74,2026-07-25T02:00:00Z,2026-07-25T04:00:00+0200,95.0,EUR/MWh,NL,NL,imbalance_price,Long,2026-08-06T05:38:50Z
2026-08-06T05:35:55Z,2026-08-06T07:35:55+0200,c3feb7e2-8675-4f7f-be40-2d97c558df74,2026-07-25T02:00:00Z,2026-07-25T04:00:00+0200,95.0,EUR/MWh,NL,NL,imbalance_price,Short,2026-08-06T05:38:50Z
2026-08-06T05:35:55Z,2026-08-06T07:35:55+0200,c3feb7e2-8675-4f7f-be40-2d97c558df74,2026-07-25T02:15:00Z,2026-07-25T04:15:00+0200,106.31,EUR/MWh,NL,NL,imbalance_price,Long,2026-08-06T05:38:50Z
2026-08-06T05:35:55Z,2026-08-06T07:35:55+0200,c3feb7e2-8675-4f7f-be40-2d97c558df74,2026-07-25T02:15:00Z,2026-07-25T04:15:00+0200,106.31,EUR/MWh,NL,NL,imbalance_price,Short,2026-08-06T05:38:50Z
2026-08-06T05:35:55Z,2026-08-06T07:35:55+0200,c3feb7e2-8675-4f7f-be40-2d97c558df74,2026-07-25T02:30:00Z,2026-07-25T04:30:00+0200,97.3,EUR/MWh,NL,NL,imbalance_price,Long,2026-08-06T05:38:50Z
2026-08-06T05:35:55Z,2026-08-06T07:35:55+0200,c3feb7e2-8675-4f7f-be40-2d97c558df74,2026-07-25T02:30:00Z,2026-07-25T04:30:00+0200,147.7,EUR/MWh,NL,NL,imbalance_price,Short,2026-08-06T05:38:50Z
2026-08-06T05:35:55Z,2026-08-06T07:35:55+0200,c3feb7e2-8675-4f7f-be40-2d97c558df74,2026-07-25T02:45:00Z,2026-07-25T04:45:00+0200,128.06,EUR/MWh,NL,NL,imbalance_price,Long,2026-08-06T05:38:50Z
2026-08-06T05:35:55Z,2026-08-06T07:35:55+0200,c3feb7e2-8675-4f7f-be40-2d97c558df74,2026-07-25T02:45:00Z,2026-07-25T04:45:00+0200,128.06,EUR/MWh,NL,NL,imbalance_price,Short,2026-08-06T05:38:50Z
2026-08-06T05:35:55Z,2026-08-06T07:35:55+0200,c3feb7e2-8675-4f7f-be40-2d97c558df74,2026-07-25T03:00:00Z,2026-07-25T05:00:00+0200,96.22,EUR/MWh,NL,NL,imbalance_price,Long,2026-08-06T05:38:50Z
2026-08-06T05:35:55Z,2026-08-06T07:35:55+0200,c3feb7e2-8675-4f7f-be40-2d97c558df74,2026-07-25T03:00:00Z,2026-07-25T05:00:00+0200,149.9,EUR/MWh,NL,NL,imbalance_price,Short,2026-08-06T05:38:50Z
2026-08-06T05:35:55Z,2026-08-06T07:35:55+0200,c3feb7e2-8675-4f7f-be40-2d97c558df74,2026-07-25T03:15:00Z,2026-07-25T05:15:00+0200,149.0,EUR/MWh,NL,NL,imbalance_price,Long,2026-08-06T05:38:50Z
2026-08-06T05:35:55Z,2026-08-06T07:35:55+0200,c3feb7e2-8675-4f7f-be40-2d97c558df74,2026-07-25T03:15:00Z,2026-07-25T05:15:00+0200,149.0,EUR/MWh,NL,NL,imbalance_price,Short,2026-08-06T05:38:50Z
2026-08-06T05:35:55Z,2026-08-06T07:35:55+0200,c3feb7e2-8675-4f7f-be40-2d97c558df74,2026-07-25T03:30:00Z,2026-07-25T05:30:00+0200,84.89,EUR/MWh,NL,NL,imbalance_price,Long,2026-08-06T05:38:50Z
2026-08-06T05:35:55Z,2026-08-06T07:35:55+0200,c3feb7e2-8675-4f7f-be40-2d97c558df74,2026-07-25T03:30:00Z,2026-07-25T05:30:00+0200,106.31,EUR/MWh,NL,NL,imbalance_price,Short,2026-08-06T05:38:50Z
2026-08-06T05:35:55Z,2026-08-06T07:35:55+0200,c3feb7e2-8675-4f7f-be40-2d97c558df74,2026-07-25T03:45:00Z,2026-07-25T05:45:00+0200,94.0,EUR/MWh,NL,NL,imbalance_price,Long,2026-08-06T05:38:50Z
2026-08-06T05:35:55Z,2026-08-06T07:35:55+0200,c3feb7e2-8675-4f7f-be40-2d97c558df74,2026-07-25T03:45:00Z,2026-07-25T05:45:00+0200,94.0,EUR/MWh,NL,NL,imbalance_price,Short,2026-08-06T05:38:50Z
2026-08-06T05:35:55Z,2026-08-06T07:35:55+0200,c3feb7e2-8675-4f7f-be40-2d97c558df74,2026-07-25T04:00:00Z,2026-07-25T06:00:00+0200,105.43,EUR/MWh,NL,NL,imbalance_price,Long,2026-08-06T05:38:50Z
2026-08-06T05:35:55Z,2026-08-06T07:35:55+0200,c3feb7e2-8675-4f7f-be40-2d97c558df74,2026-07-25T04:00:00Z,2026-07-25T06:00:00+0200,150.0,EUR/MWh,NL,NL,imbalance_price,Short,2026-08-06T05:38:50Z
2026-08-06T05:35:55Z,2026-08-06T07:35:55+0200,c3feb7e2-8675-4f7f-be40-2d97c558df74,2026-07-25T04:15:00Z,2026-07-25T06:15:00+0200,93.66,EUR/MWh,NL,NL,imbalance_price,Long,2026-08-06T05:38:50Z
2026-08-06T05:35:55Z,2026-08-06T07:35:55+0200,c3feb7e2-8675-4f7f-be40-2d97c558df74,2026-07-25T04:15:00Z,2026-07-25T06:15:00+0200,150.0,EUR/MWh,NL,NL,imbalance_price,Short,2026-08-06T05:38:50Z
2026-08-06T05:35:55Z,2026-08-06T07:35:55+0200,c3feb7e2-8675-4f7f-be40-2d97c558df74,2026-07-25T04:30:00Z,2026-07-25T06:30:00+0200,102.41,EUR/MWh,NL,NL,imbalance_price,Long,2026-08-06T05:38:50Z
2026-08-06T05:35:55Z,2026-08-06T07:35:55+0200,c3feb7e2-8675-4f7f-be40-2d97c558df74,2026-07-25T04:30:00Z,2026-07-25T06:30:00+0200,114.57,EUR/MWh,NL,NL,imbalance_price,Short,2026-08-06T05:38:50Z
2026-08-06T05:35:55Z,2026-08-06T07:35:55+0200,c3feb7e2-8675-4f7f-be40-2d97c558df74,2026-07-25T04:45:00Z,2026-07-25T06:45:00+0200,103.16,EUR/MWh,NL,NL,imbalance_price,Long,2026-08-06T05:38:50Z
2026-08-06T05:35:55Z,2026-08-06T07:35:55+0200,c3feb7e2-8675-4f7f-be40-2d97c558df74,2026-07-25T04:45:00Z,2026-07-25T06:45:00+0200,140.0,EUR/MWh,NL,NL,imbalance_price,Short,2026-08-06T05:38:50Z
2026-08-06T05:35:55Z,2026-08-06T07:35:55+0200,c3feb7e2-8675-4f7f-be40-2d97c558df74,2026-07-25T05:00:00Z,2026-07-25T07:00:00+0200,135.2,EUR/MWh,NL,NL,imbalance_price,Long,2026-08-06T05:38:50Z
2026-08-06T05:35:55Z,2026-08-06T07:35:55+0200,c3feb7e2-8675-4f7f-be40-2d97c558df74,2026-07-25T05:00:00Z,2026-07-25T07:00:00+0200,135.2,EUR/MWh,NL,NL,imbalance_price,Short,2026-08-06T05:38:50Z
2026-08-06T05:35:55Z,2026-08-06T07:35:55+0200,c3feb7e2-8675-4f7f-be40-2d97c558df74,2026-07-25T05:15:00Z,2026-07-25T07:15:00+0200,32.1,EUR/MWh,NL,NL,imbalance_price,Long,2026-08-06T05:38:50Z
2026-08-06T05:35:55Z,2026-08-06T07:35:55+0200,c3feb7e2-8675-4f7f-be40-2d97c558df74,2026-07-25T05:15:00Z,2026-07-25T07:15:00+0200,132.38,EUR/MWh,NL,NL,imbalance_price,Short,2026-08-06T05:38:50Z
2026-08-06T05:35:55Z,2026-08-06T07:35:55+0200,c3feb7e2-8675-4f7f-be40-2d97c558df74,2026-07-25T05:30:00Z,2026-07-25T07:30:00+0200,96.91,EUR/MWh,NL,NL,imbalance_price,Long,2026-08-06T05:38:50Z
2026-08-06T05:35:55Z,2026-08-06T07:35:55+0200,c3feb7e2-8675-4f7f-be40-2d97c558df74,2026-07-25T05:30:00Z,2026-07-25T07:30:00+0200,96.91,EUR/MWh,NL,NL,imbalance_price,Short,2026-08-06T05:38:50Z
2026-08-06T05:35:55Z,2026-08-06T07:35:55+0200,c3feb7e2-8675-4f7f-be40-2d97c558df74,2026-07-25T05:45:00Z,2026-07-25T07:45:00+0200,93.8,EUR/MWh,NL,NL,imbalance_price,Long,2026-08-06T05:38:50Z
2026-08-06T05:35:55Z,2026-08-06T07:35:55+0200,c3feb7e2-8675-4f7f-be40-2d97c558df74,2026-07-25T05:45:00Z,2026-07-25T07:45:00+0200,115.4,EUR/MWh,NL,NL,imbalance_price,Short,2026-08-06T05:38:50Z
2026-08-06T05:35:55Z,2026-08-06T07:35:55+0200,c3feb7e2-8675-4f7f-be40-2d97c558df74,2026-07-25T06:00:00Z,2026-07-25T08:00:00+0200,79.75,EUR/MWh,NL,NL,imbalance_price,Long,2026-08-06T05:38:50Z
2026-08-06T05:35:55Z,2026-08-06T07:35:55+0200,c3feb7e2-8675-4f7f-be40-2d97c558df74,2026-07-25T06:00:00Z,2026-07-25T08:00:00+0200,79.75,EUR/MWh,NL,NL,imbalance_price,Short,2026-08-06T05:38:50Z
2026-08-06T05:35:55Z,2026-08-06T07:35:55+0200,c3feb7e2-8675-4f7f-be40-2d97c558df74,2026-07-25T06:15:00Z,2026-07-25T08:15:00+0200,10.0,EUR/MWh,NL,NL,imbalance_price,Long,2026-08-06T05:38:50Z
2026-08-06T05:35:55Z,2026-08-06T07:35:55+0200,c3feb7e2-8675-4f7f-be40-2d97c558df74,2026-07-25T06:15:00Z,2026-07-25T08:15:00+0200,10.0,EUR/MWh,NL,NL,imbalance_price,Short,2026-08-06T05:38:50Z
2026-08-06T05:35:55Z,2026-08-06T07:35:55+0200,c3feb7e2-8675-4f7f-be40-2d97c558df74,2026-07-25T06:30:00Z,2026-07-25T08:30:00+0200,30.0,EUR/MWh,NL,NL,imbalance_price,Long,2026-08-06T05:38:50Z
2026-08-06T05:35:55Z,2026-08-06T07:35:55+0200,c3feb7e2-8675-4f7f-be40-2d97c558df74,2026-07-25T06:30:00Z,2026-07-25T08:30:00+0200,82.15,EUR/MWh,NL,NL,imbalance_price,Short,2026-08-06T05:38:50Z
2026-08-06T05:35:55Z,2026-08-06T07:35:55+0200,c3feb7e2-8675-4f7f-be40-2d97c558df74,2026-07-25T06:45:00Z,2026-07-25T08:45:00+0200,10.0,EUR/MWh,NL,NL,imbalance_price,Long,2026-08-06T05:38:50Z
2026-08-06T05:35:55Z,2026-08-06T07:35:55+0200,c3feb7e2-8675-4f7f-be40-2d97c558df74,2026-07-25T06:45:00Z,2026-07-25T08:45:00+0200,10.0,EUR/MWh,NL,NL,imbalance_price,Short,2026-08-06T05:38:50Z
2026-08-06T05:35:55Z,2026-08-06T07:35:55+0200,c3feb7e2-8675-4f7f-be40-2d97c558df74,2026-07-25T07:00:00Z,2026-07-25T09:00:00+0200,-10.0,EUR/MWh,NL,NL,imbalance_price,Long,2026-08-06T05:38:50Z
2026-08-06T05:35:55Z,2026-08-06T07:35:55+0200,c3feb7e2-8675-4f7f-be40-2d97c558df74,2026-07-25T07:00:00Z,2026-07-25T09:00:00+0200,-10.0,EUR/MWh,NL,NL,imbalance_price,Short,2026-08-06T05:38:50Z
2026-08-06T05:35:55Z,2026-08-06T07:35:55+0200,c3feb7e2-8675-4f7f-be40-2d97c558df74,2026-07-25T07:15:00Z,2026-07-25T09:15:00+0200,-18.0,EUR/MWh,NL,NL,imbalance_price,Long,2026-08-06T05:38:50Z
2026-08-06T05:35:55Z,2026-08-06T07:35:55+0200,c3feb7e2-8675-4f7f-be40-2d97c558df74,2026-07-25T07:15:00Z,2026-07-25T09:15:00+0200,-18.0,EUR/MWh,NL,NL,imbalance_price,Short,2026-08-06T05:38:50Z
2026-08-06T05:35:55Z,2026-08-06T07:35:55+0200,c3feb7e2-8675-4f7f-be40-2d97c558df74,2026-07-25T07:30:00Z,2026-07-25T09:30:00+0200,-18.0,EUR/MWh,NL,NL,imbalance_price,Long,2026-08-06T05:38:50Z
2026-08-06T05:35:55Z,2026-08-06T07:35:55+0200,c3feb7e2-8675-4f7f-be40-2d97c558df74,2026-07-25T07:30:00Z,2026-07-25T09:30:00+0200,-18.0,EUR/MWh,NL,NL,imbalance_price,Short,2026-08-06T05:38:50Z
2026-08-06T05:35:55Z,2026-08-06T07:35:55+0200,c3feb7e2-8675-4f7f-be40-2d97c558df74,2026-07-25T07:45:00Z,2026-07-25T09:45:00+0200,-30.1,EUR/MWh,NL,NL,imbalance_price,Long,2026-08-06T05:38:50Z
2026-08-06T05:35:55Z,2026-08-06T07:35:55+0200,c3feb7e2-8675-4f7f-be40-2d97c558df74,2026-07-25T07:45:00Z,2026-07-25T09:45:00+0200,-30.1,EUR/MWh,NL,NL,imbalance_price,Short,2026-08-06T05:38:50Z
2026-08-06T05:35:55Z,2026-08-06T07:35:55+0200,c3feb7e2-8675-4f7f-be40-2d97c558df74,2026-07-25T08:00:00Z,2026-07-25T10:00:00+0200,-30.0,EUR/MWh,NL,NL,imbalance_price,Long,2026-08-06T05:38:50Z
2026-08-06T05:35:55Z,2026-08-06T07:35:55+0200,c3feb7e2-8675-4f7f-be40-2d97c558df74,2026-07-25T08:00:00Z,2026-07-25T10:00:00+0200,-30.0,EUR/MWh,NL,NL,imbalance_price,Short,2026-08-06T05:38:50Z
2026-08-06T05:35:55Z,2026-08-06T07:35:55+0200,c3feb7e2-8675-4f7f-be40-2d97c558df74,2026-07-25T08:15:00Z,2026-07-25T10:15:00+0200,-13.0,EUR/MWh,NL,NL,imbalance_price,Long,2026-08-06T05:38:50Z
2026-08-06T05:35:55Z,2026-08-06T07:35:55+0200,c3feb7e2-8675-4f7f-be40-2d97c558df74,2026-07-25T08:15:00Z,2026-07-25T10:15:00+0200,-13.0,EUR/MWh,NL,NL,imbalance_price,Short,2026-08-06T05:38:50Z
2026-08-06T05:35:55Z,2026-08-06T07:35:55+0200,c3feb7e2-8675-4f7f-be40-2d97c558df74,2026-07-25T08:30:00Z,2026-07-25T10:30:00+0200,-15.0,EUR/MWh,NL,NL,imbalance_price,Long,2026-08-06T05:38:50Z
2026-08-06T05:35:55Z,2026-08-06T07:35:55+0200,c3feb7e2-8675-4f7f-be40-2d97c558df74,2026-07-25T08:30:00Z,2026-07-25T10:30:00+0200,62.16,EUR/MWh,NL,NL,imbalance_price,Short,2026-08-06T05:38:50Z
2026-08-06T05:35:55Z,2026-08-06T07:35:55+0200,c3feb7e2-8675-4f7f-be40-2d97c558df74,2026-07-25T08:45:00Z,2026-07-25T10:45:00+0200,-13.0,EUR/MWh,NL,NL,imbalance_price,Long,2026-08-06T05:38:50Z
2026-08-06T05:35:55Z,2026-08-06T07:35:55+0200,c3feb7e2-8675-4f7f-be40-2d97c558df74,2026-07-25T08:45:00Z,2026-07-25T10:45:00+0200,-13.0,EUR/MWh,NL,NL,imbalance_price,Short,2026-08-06T05:38:50Z
2026-08-06T05:35:55Z,2026-08-06T07:35:55+0200,c3feb7e2-8675-4f7f-be40-2d97c558df74,2026-07-25T09:00:00Z,2026-07-25T11:00:00+0200,-60.0,EUR/MWh,NL,NL,imbalance_price,Long,2026-08-06T05:38:50Z
2026-08-06T05:35:55Z,2026-08-06T07:35:55+0200,c3feb7e2-8675-4f7f-be40-2d97c558df74,2026-07-25T09:00:00Z,2026-07-25T11:00:00+0200,-60.0,EUR/MWh,NL,NL,imbalance_price,Short,2026-08-06T05:38:50Z
2026-08-06T05:35:55Z,2026-08-06T07:35:55+0200,c3feb7e2-8675-4f7f-be40-2d97c558df74,2026-07-25T09:15:00Z,2026-07-25T11:15:00+0200,-13.0,EUR/MWh,NL,NL,imbalance_price,Long,2026-08-06T05:38:50Z
2026-08-06T05:35:55Z,2026-08-06T07:35:55+0200,c3feb7e2-8675-4f7f-be40-2d97c558df74,2026-07-25T09:15:00Z,2026-07-25T11:15:00+0200,-13.0,EUR/MWh,NL,NL,imbalance_price,Short,2026-08-06T05:38:50Z
2026-08-06T05:35:55Z,2026-08-06T07:35:55+0200,c3feb7e2-8675-4f7f-be40-2d97c558df74,2026-07-25T09:30:00Z,2026-07-25T11:30:00+0200,-13.0,EUR/MWh,NL,NL,imbalance_price,Long,2026-08-06T05:38:50Z
2026-08-06T05:35:55Z,2026-08-06T07:35:55+0200,c3feb7e2-8675-4f7f-be40-2d97c558df74,2026-07-25T09:30:00Z,2026-07-25T11:30:00+0200,-13.0,EUR/MWh,NL,NL,imbalance_price,Short,2026-08-06T05:38:50Z
2026-08-06T05:35:55Z,2026-08-06T07:35:55+0200,c3feb7e2-8675-4f7f-be40-2d97c558df74,2026-07-25T09:45:00Z,2026-07-25T11:45:00+0200,-13.0,EUR/MWh,NL,NL,imbalance_price,Long,2026-08-06T05:38:50Z
2026-08-06T05:35:55Z,2026-08-06T07:35:55+0200,c3feb7e2-8675-4f7f-be40-2d97c558df74,2026-07-25T09:45:00Z,2026-07-25T11:45:00+0200,60.66,EUR/MWh,NL,NL,imbalance_price,Short,2026-08-06T05:38:50Z
2026-08-06T05:35:55Z,2026-08-06T07:35:55+0200,c3feb7e2-8675-4f7f-be40-2d97c558df74,2026-07-25T10:00:00Z,2026-07-25T12:00:00+0200,-4.0,EUR/MWh,NL,NL,imbalance_price,Long,2026-08-06T05:38:50Z
2026-08-06T05:35:55Z,2026-08-06T07:35:55+0200,c3feb7e2-8675-4f7f-be40-2d97c558df74,2026-07-25T10:00:00Z,2026-07-25T12:00:00+0200,-4.0,EUR/MWh,NL,NL,imbalance_price,Short,2026-08-06T05:38:50Z
2026-08-06T05:35:55Z,2026-08-06T07:35:55+0200,c3feb7e2-8675-4f7f-be40-2d97c558df74,2026-07-25T10:15:00Z,2026-07-25T12:15:00+0200,-13.0,EUR/MWh,NL,NL,imbalance_price,Long,2026-08-06T05:38:50Z
2026-08-06T05:35:55Z,2026-08-06T07:35:55+0200,c3feb7e2-8675-4f7f-be40-2d97c558df74,2026-07-25T10:15:00Z,2026-07-25T12:15:00+0200,60.62,EUR/MWh,NL,NL,imbalance_price,Short,2026-08-06T05:38:50Z
2026-08-06T05:35:55Z,2026-08-06T07:35:55+0200,c3feb7e2-8675-4f7f-be40-2d97c558df74,2026-07-25T10:30:00Z,2026-07-25T12:30:00+0200,-5.5,EUR/MWh,NL,NL,imbalance_price,Long,2026-08-06T05:38:50Z
2026-08-06T05:35:55Z,2026-08-06T07:35:55+0200,c3feb7e2-8675-4f7f-be40-2d97c558df74,2026-07-25T10:30:00Z,2026-07-25T12:30:00+0200,-5.5,EUR/MWh,NL,NL,imbalance_price,Short,2026-08-06T05:38:50Z
2026-08-06T05:35:55Z,2026-08-06T07:35:55+0200,c3feb7e2-8675-4f7f-be40-2d97c558df74,2026-07-25T10:45:00Z,2026-07-25T12:45:00+0200,-4.0,EUR/MWh,NL,NL,imbalance_price,Long,2026-08-06T05:38:50Z
2026-08-06T05:35:55Z,2026-08-06T07:35:55+0200,c3feb7e2-8675-4f7f-be40-2d97c558df74,2026-07-25T10:45:00Z,2026-07-25T12:45:00+0200,59.66,EUR/MWh,NL,NL,imbalance_price,Short,2026-08-06T05:38:50Z
2026-08-06T05:35:55Z,2026-08-06T07:35:55+0200,c3feb7e2-8675-4f7f-be40-2d97c558df74,2026-07-25T11:00:00Z,2026-07-25T13:00:00+0200,-3.0,EUR/MWh,NL,NL,imbalance_price,Long,2026-08-06T05:38:50Z
2026-08-06T05:35:55Z,2026-08-06T07:35:55+0200,c3feb7e2-8675-4f7f-be40-2d97c558df74,2026-07-25T11:00:00Z,2026-07-25T13:00:00+0200,-3.0,EUR/MWh,NL,NL,imbalance_price,Short,2026-08-06T05:38:50Z
2026-08-06T05:35:55Z,2026-08-06T07:35:55+0200,c3feb7e2-8675-4f7f-be40-2d97c558df74,2026-07-25T11:15:00Z,2026-07-25T13:15:00+0200,-13.0,EUR/MWh,NL,NL,imbalance_price,Long,2026-08-06T05:38:50Z
2026-08-06T05:35:55Z,2026-08-06T07:35:55+0200,c3feb7e2-8675-4f7f-be40-2d97c558df74,2026-07-25T11:15:00Z,2026-07-25T13:15:00+0200,60.48,EUR/MWh,NL,NL,imbalance_price,Short,2026-08-06T05:38:50Z
2026-08-06T05:35:55Z,2026-08-06T07:35:55+0200,c3feb7e2-8675-4f7f-be40-2d97c558df74,2026-07-25T11:30:00Z,2026-07-25T13:30:00+0200,-3.0,EUR/MWh,NL,NL,imbalance_price,Long,2026-08-06T05:38:50Z
2026-08-06T05:35:55Z,2026-08-06T07:35:55+0200,c3feb7e2-8675-4f7f-be40-2d97c558df74,2026-07-25T11:30:00Z,2026-07-25T13:30:00+0200,-3.0,EUR/MWh,NL,NL,imbalance_price,Short,2026-08-06T05:38:50Z
2026-08-06T05:35:55Z,2026-08-06T07:35:55+0200,c3feb7e2-8675-4f7f-be40-2d97c558df74,2026-07-25T11:45:00Z,2026-07-25T13:45:00+0200,-4.0,EUR/MWh,NL,NL,imbalance_price,Long,2026-08-06T05:38:50Z
2026-08-06T05:35:55Z,2026-08-06T07:35:55+0200,c3feb7e2-8675-4f7f-be40-2d97c558df74,2026-07-25T11:45:00Z,2026-07-25T13:45:00+0200,59.66,EUR/MWh,NL,NL,imbalance_price,Short,2026-08-06T05:38:50Z
2026-08-06T05:35:55Z,2026-08-06T07:35:55+0200,c3feb7e2-8675-4f7f-be40-2d97c558df74,2026-07-25T12:00:00Z,2026-07-25T14:00:00+0200,-2.81,EUR/MWh,NL,NL,imbalance_price,Long,2026-08-06T05:38:50Z
2026-08-06T05:35:55Z,2026-08-06T07:35:55+0200,c3feb7e2-8675-4f7f-be40-2d97c558df74,2026-07-25T12:00:00Z,2026-07-25T14:00:00+0200,59.66,EUR/MWh,NL,NL,imbalance_price,Short,2026-08-06T05:38:50Z
2026-08-06T05:35:55Z,2026-08-06T07:35:55+0200,c3feb7e2-8675-4f7f-be40-2d97c558df74,2026-07-25T12:15:00Z,2026-07-25T14:15:00+0200,-13.0,EUR/MWh,NL,NL,imbalance_price,Long,2026-08-06T05:38:50Z
2026-08-06T05:35:55Z,2026-08-06T07:35:55+0200,c3feb7e2-8675-4f7f-be40-2d97c558df74,2026-07-25T12:15:00Z,2026-07-25T14:15:00+0200,59.66,EUR/MWh,NL,NL,imbalance_price,Short,2026-08-06T05:38:50Z
2026-08-06T05:35:55Z,2026-08-06T07:35:55+0200,c3feb7e2-8675-4f7f-be40-2d97c558df74,2026-07-25T12:30:00Z,2026-07-25T14:30:00+0200,-13.0,EUR/MWh,NL,NL,imbalance_price,Long,2026-08-06T05:38:50Z
2026-08-06T05:35:55Z,2026-08-06T07:35:55+0200,c3feb7e2-8675-4f7f-be40-2d97c558df74,2026-07-25T12:30:00Z,2026-07-25T14:30:00+0200,59.66,EUR/MWh,NL,NL,imbalance_price,Short,2026-08-06T05:38:50Z
2026-08-06T05:35:55Z,2026-08-06T07:35:55+0200,c3feb7e2-8675-4f7f-be40-2d97c558df74,2026-07-25T12:45:00Z,2026-07-25T14:45:00+0200,-30.0,EUR/MWh,NL,NL,imbalance_price,Long,2026-08-06T05:38:50Z
2026-08-06T05:35:55Z,2026-08-06T07:35:55+0200,c3feb7e2-8675-4f7f-be40-2d97c558df74,2026-07-25T12:45:00Z,2026-07-25T14:45:00+0200,59.66,EUR/MWh,NL,NL,imbalance_price,Short,2026-08-06T05:38:50Z
2026-08-06T05:35:55Z,2026-08-06T07:35:55+0200,c3feb7e2-8675-4f7f-be40-2d97c558df74,2026-07-25T13:00:00Z,2026-07-25T15:00:00+0200,-30.9,EUR/MWh,NL,NL,imbalance_price,Long,2026-08-06T05:38:50Z
2026-08-06T05:35:55Z,2026-08-06T07:35:55+0200,c3feb7e2-8675-4f7f-be40-2d97c558df74,2026-07-25T13:00:00Z,2026-07-25T15:00:00+0200,-30.9,EUR/MWh,NL,NL,imbalance_price,Short,2026-08-06T05:38:50Z
2026-08-06T05:35:55Z,2026-08-06T07:35:55+0200,c3feb7e2-8675-4f7f-be40-2d97c558df74,2026-07-25T13:15:00Z,2026-07-25T15:15:00+0200,-4.0,EUR/MWh,NL,NL,imbalance_price,Long,2026-08-06T05:38:50Z
2026-08-06T05:35:55Z,2026-08-06T07:35:55+0200,c3feb7e2-8675-4f7f-be40-2d97c558df74,2026-07-25T13:15:00Z,2026-07-25T15:15:00+0200,59.66,EUR/MWh,NL,NL,imbalance_price,Short,2026-08-06T05:38:50Z
2026-08-06T05:35:55Z,2026-08-06T07:35:55+0200,c3feb7e2-8675-4f7f-be40-2d97c558df74,2026-07-25T13:30:00Z,2026-07-25T15:30:00+0200,-4.0,EUR/MWh,NL,NL,imbalance_price,Long,2026-08-06T05:38:50Z
2026-08-06T05:35:55Z,2026-08-06T07:35:55+0200,c3feb7e2-8675-4f7f-be40-2d97c558df74,2026-07-25T13:30:00Z,2026-07-25T15:30:00+0200,59.66,EUR/MWh,NL,NL,imbalance_price,Short,2026-08-06T05:38:50Z
2026-08-06T05:35:55Z,2026-08-06T07:35:55+0200,c3feb7e2-8675-4f7f-be40-2d97c558df74,2026-07-25T13:45:00Z,2026-07-25T15:45:00+0200,-4.0,EUR/MWh,NL,NL,imbalance_price,Long,2026-08-06T05:38:50Z
2026-08-06T05:35:55Z,2026-08-06T07:35:55+0200,c3feb7e2-8675-4f7f-be40-2d97c558df74,2026-07-25T13:45:00Z,2026-07-25T15:45:00+0200,59.66,EUR/MWh,NL,NL,imbalance_price,Short,2026-08-06T05:38:50Z
2026-08-06T05:35:55Z,2026-08-06T07:35:55+0200,c3feb7e2-8675-4f7f-be40-2d97c558df74,2026-07-25T14:00:00Z,2026-07-25T16:00:00+0200,-3.0,EUR/MWh,NL,NL,imbalance_price,Long,2026-08-06T05:38:50Z
2026-08-06T05:35:55Z,2026-08-06T07:35:55+0200,c3feb7e2-8675-4f7f-be40-2d97c558df74,2026-07-25T14:00:00Z,2026-07-25T16:00:00+0200,-3.0,EUR/MWh,NL,NL,imbalance_price,Short,2026-08-06T05:38:50Z
2026-08-06T05:35:55Z,2026-08-06T07:35:55+0200,c3feb7e2-8675-4f7f-be40-2d97c558df74,2026-07-25T14:15:00Z,2026-07-25T16:15:00+0200,0.0,EUR/MWh,NL,NL,imbalance_price,Long,2026-08-06T05:38:50Z
2026-08-06T05:35:55Z,2026-08-06T07:35:55+0200,c3feb7e2-8675-4f7f-be40-2d97c558df74,2026-07-25T14:15:00Z,2026-07-25T16:15:00+0200,0.0,EUR/MWh,NL,NL,imbalance_price,Short,2026-08-06T05:38:50Z
2026-08-06T05:35:55Z,2026-08-06T07:35:55+0200,c3feb7e2-8675-4f7f-be40-2d97c558df74,2026-07-25T14:30:00Z,2026-07-25T16:30:00+0200,-3.0,EUR/MWh,NL,NL,imbalance_price,Long,2026-08-06T05:38:50Z
2026-08-06T05:35:55Z,2026-08-06T07:35:55+0200,c3feb7e2-8675-4f7f-be40-2d97c558df74,2026-07-25T14:30:00Z,2026-07-25T16:30:00+0200,59.66,EUR/MWh,NL,NL,imbalance_price,Short,2026-08-06T05:38:50Z
2026-08-06T05:35:55Z,2026-08-06T07:35:55+0200,c3feb7e2-8675-4f7f-be40-2d97c558df74,2026-07-25T14:45:00Z,2026-07-25T16:45:00+0200,10.0,EUR/MWh,NL,NL,imbalance_price,Long,2026-08-06T05:38:50Z
2026-08-06T05:35:55Z,2026-08-06T07:35:55+0200,c3feb7e2-8675-4f7f-be40-2d97c558df74,2026-07-25T14:45:00Z,2026-07-25T16:45:00+0200,59.66,EUR/MWh,NL,NL,imbalance_price,Short,2026-08-06T05:38:50Z
2026-08-06T05:35:55Z,2026-08-06T07:35:55+0200,c3feb7e2-8675-4f7f-be40-2d97c558df74,2026-07-25T15:00:00Z,2026-07-25T17:00:00+0200,-69.29,EUR/MWh,NL,NL,imbalance_price,Long,2026-08-06T05:38:50Z
2026-08-06T05:35:55Z,2026-08-06T07:35:55+0200,c3feb7e2-8675-4f7f-be40-2d97c558df74,2026-07-25T15:00:00Z,2026-07-25T17:00:00+0200,59.66,EUR/MWh,NL,NL,imbalance_price,Short,2026-08-06T05:38:50Z
2026-08-06T05:35:55Z,2026-08-06T07:35:55+0200,c3feb7e2-8675-4f7f-be40-2d97c558df74,2026-07-25T15:15:00Z,2026-07-25T17:15:00+0200,-22.33,EUR/MWh,NL,NL,imbalance_price,Long,2026-08-06T05:38:50Z
2026-08-06T05:35:55Z,2026-08-06T07:35:55+0200,c3feb7e2-8675-4f7f-be40-2d97c558df74,2026-07-25T15:15:00Z,2026-07-25T17:15:00+0200,59.66,EUR/MWh,NL,NL,imbalance_price,Short,2026-08-06T05:38:50Z
2026-08-06T05:35:55Z,2026-08-06T07:35:55+0200,c3feb7e2-8675-4f7f-be40-2d97c558df74,2026-07-25T15:30:00Z,2026-07-25T17:30:00+0200,10.0,EUR/MWh,NL,NL,imbalance_price,Long,2026-08-06T05:38:50Z
2026-08-06T05:35:55Z,2026-08-06T07:35:55+0200,c3feb7e2-8675-4f7f-be40-2d97c558df74,2026-07-25T15:30:00Z,2026-07-25T17:30:00+0200,10.0,EUR/MWh,NL,NL,imbalance_price,Short,2026-08-06T05:38:50Z
2026-08-06T05:35:55Z,2026-08-06T07:35:55+0200,c3feb7e2-8675-4f7f-be40-2d97c558df74,2026-07-25T15:45:00Z,2026-07-25T17:45:00+0200,21.18,EUR/MWh,NL,NL,imbalance_price,Long,2026-08-06T05:38:50Z
2026-08-06T05:35:55Z,2026-08-06T07:35:55+0200,c3feb7e2-8675-4f7f-be40-2d97c558df74,2026-07-25T15:45:00Z,2026-07-25T17:45:00+0200,102.2,EUR/MWh,NL,NL,imbalance_price,Short,2026-08-06T05:38:50Z
2026-08-06T05:35:55Z,2026-08-06T07:35:55+0200,c3feb7e2-8675-4f7f-be40-2d97c558df74,2026-07-25T16:00:00Z,2026-07-25T18:00:00+0200,125.0,EUR/MWh,NL,NL,imbalance_price,Long,2026-08-06T05:38:50Z
2026-08-06T05:35:55Z,2026-08-06T07:35:55+0200,c3feb7e2-8675-4f7f-be40-2d97c558df74,2026-07-25T16:00:00Z,2026-07-25T18:00:00+0200,125.0,EUR/MWh,NL,NL,imbalance_price,Short,2026-08-06T05:38:50Z
2026-08-06T05:35:55Z,2026-08-06T07:35:55+0200,c3feb7e2-8675-4f7f-be40-2d97c558df74,2026-07-25T16:15:00Z,2026-07-25T18:15:00+0200,195.32,EUR/MWh,NL,NL,imbalance_price,Long,2026-08-06T05:38:50Z
2026-08-06T05:35:55Z,2026-08-06T07:35:55+0200,c3feb7e2-8675-4f7f-be40-2d97c558df74,2026-07-25T16:15:00Z,2026-07-25T18:15:00+0200,195.32,EUR/MWh,NL,NL,imbalance_price,Short,2026-08-06T05:38:50Z
2026-08-06T05:35:55Z,2026-08-06T07:35:55+0200,c3feb7e2-8675-4f7f-be40-2d97c558df74,2026-07-25T16:30:00Z,2026-07-25T18:30:00+0200,400.0,EUR/MWh,NL,NL,imbalance_price,Long,2026-08-06T05:38:50Z
2026-08-06T05:35:55Z,2026-08-06T07:35:55+0200,c3feb7e2-8675-4f7f-be40-2d97c558df74,2026-07-25T16:30:00Z,2026-07-25T18:30:00+0200,400.0,EUR/MWh,NL,NL,imbalance_price,Short,2026-08-06T05:38:50Z
2026-08-06T05:35:55Z,2026-08-06T07:35:55+0200,c3feb7e2-8675-4f7f-be40-2d97c558df74,2026-07-25T16:45:00Z,2026-07-25T18:45:00+0200,194.6,EUR/MWh,NL,NL,imbalance_price,Long,2026-08-06T05:38:50Z
2026-08-06T05:35:55Z,2026-08-06T07:35:55+0200,c3feb7e2-8675-4f7f-be40-2d97c558df74,2026-07-25T16:45:00Z,2026-07-25T18:45:00+0200,194.6,EUR/MWh,NL,NL,imbalance_price,Short,2026-08-06T05:38:50Z
2026-08-06T05:35:55Z,2026-08-06T07:35:55+0200,c3feb7e2-8675-4f7f-be40-2d97c558df74,2026-07-25T17:00:00Z,2026-07-25T19:00:00+0200,192.29,EUR/MWh,NL,NL,imbalance_price,Long,2026-08-06T05:38:50Z
2026-08-06T05:35:55Z,2026-08-06T07:35:55+0200,c3feb7e2-8675-4f7f-be40-2d97c558df74,2026-07-25T17:00:00Z,2026-07-25T19:00:00+0200,192.29,EUR/MWh,NL,NL,imbalance_price,Short,2026-08-06T05:38:50Z
2026-08-06T05:35:55Z,2026-08-06T07:35:55+0200,c3feb7e2-8675-4f7f-be40-2d97c558df74,2026-07-25T17:15:00Z,2026-07-25T19:15:00+0200,165.0,EUR/MWh,NL,NL,imbalance_price,Long,2026-08-06T05:38:50Z
2026-08-06T05:35:55Z,2026-08-06T07:35:55+0200,c3feb7e2-8675-4f7f-be40-2d97c558df74,2026-07-25T17:15:00Z,2026-07-25T19:15:00+0200,165.0,EUR/MWh,NL,NL,imbalance_price,Short,2026-08-06T05:38:50Z
2026-08-06T05:35:55Z,2026-08-06T07:35:55+0200,c3feb7e2-8675-4f7f-be40-2d97c558df74,2026-07-25T17:30:00Z,2026-07-25T19:30:00+0200,69.0,EUR/MWh,NL,NL,imbalance_price,Long,2026-08-06T05:38:50Z
2026-08-06T05:35:55Z,2026-08-06T07:35:55+0200,c3feb7e2-8675-4f7f-be40-2d97c558df74,2026-07-25T17:30:00Z,2026-07-25T19:30:00+0200,148.0,EUR/MWh,NL,NL,imbalance_price,Short,2026-08-06T05:38:50Z
2026-08-06T05:35:55Z,2026-08-06T07:35:55+0200,c3feb7e2-8675-4f7f-be40-2d97c558df74,2026-07-25T17:45:00Z,2026-07-25T19:45:00+0200,115.3,EUR/MWh,NL,NL,imbalance_price,Long,2026-08-06T05:38:50Z
2026-08-06T05:35:55Z,2026-08-06T07:35:55+0200,c3feb7e2-8675-4f7f-be40-2d97c558df74,2026-07-25T17:45:00Z,2026-07-25T19:45:00+0200,136.16,EUR/MWh,NL,NL,imbalance_price,Short,2026-08-06T05:38:50Z
2026-08-06T05:35:55Z,2026-08-06T07:35:55+0200,c3feb7e2-8675-4f7f-be40-2d97c558df74,2026-07-25T18:00:00Z,2026-07-25T20:00:00+0200,135.0,EUR/MWh,NL,NL,imbalance_price,Long,2026-08-06T05:38:50Z
2026-08-06T05:35:55Z,2026-08-06T07:35:55+0200,c3feb7e2-8675-4f7f-be40-2d97c558df74,2026-07-25T18:00:00Z,2026-07-25T20:00:00+0200,135.0,EUR/MWh,NL,NL,imbalance_price,Short,2026-08-06T05:38:50Z
2026-08-06T05:35:55Z,2026-08-06T07:35:55+0200,c3feb7e2-8675-4f7f-be40-2d97c558df74,2026-07-25T18:15:00Z,2026-07-25T20:15:00+0200,88.0,EUR/MWh,NL,NL,imbalance_price,Long,2026-08-06T05:38:50Z
2026-08-06T05:35:55Z,2026-08-06T07:35:55+0200,c3feb7e2-8675-4f7f-be40-2d97c558df74,2026-07-25T18:15:00Z,2026-07-25T20:15:00+0200,135.46,EUR/MWh,NL,NL,imbalance_price,Short,2026-08-06T05:38:50Z
2026-08-06T05:35:55Z,2026-08-06T07:35:55+0200,c3feb7e2-8675-4f7f-be40-2d97c558df74,2026-07-25T18:30:00Z,2026-07-25T20:30:00+0200,122.0,EUR/MWh,NL,NL,imbalance_price,Long,2026-08-06T05:38:50Z
2026-08-06T05:35:55Z,2026-08-06T07:35:55+0200,c3feb7e2-8675-4f7f-be40-2d97c558df74,2026-07-25T18:30:00Z,2026-07-25T20:30:00+0200,140.0,EUR/MWh,NL,NL,imbalance_price,Short,2026-08-06T05:38:50Z
2026-08-06T05:35:55Z,2026-08-06T07:35:55+0200,c3feb7e2-8675-4f7f-be40-2d97c558df74,2026-07-25T18:45:00Z,2026-07-25T20:45:00+0200,118.96,EUR/MWh,NL,NL,imbalance_price,Long,2026-08-06T05:38:50Z
2026-08-06T05:35:55Z,2026-08-06T07:35:55+0200,c3feb7e2-8675-4f7f-be40-2d97c558df74,2026-07-25T18:45:00Z,2026-07-25T20:45:00+0200,133.68,EUR/MWh,NL,NL,imbalance_price,Short,2026-08-06T05:38:50Z
2026-08-06T05:35:55Z,2026-08-06T07:35:55+0200,c3feb7e2-8675-4f7f-be40-2d97c558df74,2026-07-25T19:00:00Z,2026-07-25T21:00:00+0200,122.0,EUR/MWh,NL,NL,imbalance_price,Long,2026-08-06T05:38:50Z
2026-08-06T05:35:55Z,2026-08-06T07:35:55+0200,c3feb7e2-8675-4f7f-be40-2d97c558df74,2026-07-25T19:00:00Z,2026-07-25T21:00:00+0200,122.0,EUR/MWh,NL,NL,imbalance_price,Short,2026-08-06T05:38:50Z
2026-08-06T05:35:55Z,2026-08-06T07:35:55+0200,c3feb7e2-8675-4f7f-be40-2d97c558df74,2026-07-25T19:15:00Z,2026-07-25T21:15:00+0200,122.0,EUR/MWh,NL,NL,imbalance_price,Long,2026-08-06T05:38:50Z
2026-08-06T05:35:55Z,2026-08-06T07:35:55+0200,c3feb7e2-8675-4f7f-be40-2d97c558df74,2026-07-25T19:15:00Z,2026-07-25T21:15:00+0200,122.0,EUR/MWh,NL,NL,imbalance_price,Short,2026-08-06T05:38:50Z
2026-08-06T05:35:55Z,2026-08-06T07:35:55+0200,c3feb7e2-8675-4f7f-be40-2d97c558df74,2026-07-25T19:30:00Z,2026-07-25T21:30:00+0200,126.31,EUR/MWh,NL,NL,imbalance_price,Long,2026-08-06T05:38:50Z
2026-08-06T05:35:55Z,2026-08-06T07:35:55+0200,c3feb7e2-8675-4f7f-be40-2d97c558df74,2026-07-25T19:30:00Z,2026-07-25T21:30:00+0200,131.93,EUR/MWh,NL,NL,imbalance_price,Short,2026-08-06T05:38:50Z
2026-08-06T05:35:55Z,2026-08-06T07:35:55+0200,c3feb7e2-8675-4f7f-be40-2d97c558df74,2026-07-25T19:45:00Z,2026-07-25T21:45:00+0200,131.14,EUR/MWh,NL,NL,imbalance_price,Long,2026-08-06T05:38:50Z
2026-08-06T05:35:55Z,2026-08-06T07:35:55+0200,c3feb7e2-8675-4f7f-be40-2d97c558df74,2026-07-25T19:45:00Z,2026-07-25T21:45:00+0200,131.26,EUR/MWh,NL,NL,imbalance_price,Short,2026-08-06T05:38:50Z
2026-08-06T05:35:55Z,2026-08-06T07:35:55+0200,c3feb7e2-8675-4f7f-be40-2d97c558df74,2026-07-25T20:00:00Z,2026-07-25T22:00:00+0200,122.0,EUR/MWh,NL,NL,imbalance_price,Long,2026-08-06T05:38:50Z
2026-08-06T05:35:55Z,2026-08-06T07:35:55+0200,c3feb7e2-8675-4f7f-be40-2d97c558df74,2026-07-25T20:00:00Z,2026-07-25T22:00:00+0200,180.0,EUR/MWh,NL,NL,imbalance_price,Short,2026-08-06T05:38:50Z
2026-08-06T05:35:55Z,2026-08-06T07:35:55+0200,c3feb7e2-8675-4f7f-be40-2d97c558df74,2026-07-25T20:15:00Z,2026-07-25T22:15:00+0200,129.62,EUR/MWh,NL,NL,imbalance_price,Long,2026-08-06T05:38:50Z
2026-08-06T05:35:55Z,2026-08-06T07:35:55+0200,c3feb7e2-8675-4f7f-be40-2d97c558df74,2026-07-25T20:15:00Z,2026-07-25T22:15:00+0200,150.0,EUR/MWh,NL,NL,imbalance_price,Short,2026-08-06T05:38:50Z
2026-08-06T05:35:55Z,2026-08-06T07:35:55+0200,c3feb7e2-8675-4f7f-be40-2d97c558df74,2026-07-25T20:30:00Z,2026-07-25T22:30:00+0200,107.93,EUR/MWh,NL,NL,imbalance_price,Long,2026-08-06T05:38:50Z
2026-08-06T05:35:55Z,2026-08-06T07:35:55+0200,c3feb7e2-8675-4f7f-be40-2d97c558df74,2026-07-25T20:30:00Z,2026-07-25T22:30:00+0200,129.01,EUR/MWh,NL,NL,imbalance_price,Short,2026-08-06T05:38:50Z
2026-08-06T05:35:55Z,2026-08-06T07:35:55+0200,c3feb7e2-8675-4f7f-be40-2d97c558df74,2026-07-25T20:45:00Z,2026-07-25T22:45:00+0200,114.7,EUR/MWh,NL,NL,imbalance_price,Long,2026-08-06T05:38:50Z
2026-08-06T05:35:55Z,2026-08-06T07:35:55+0200,c3feb7e2-8675-4f7f-be40-2d97c558df74,2026-07-25T20:45:00Z,2026-07-25T22:45:00+0200,150.0,EUR/MWh,NL,NL,imbalance_price,Short,2026-08-06T05:38:50Z
2026-08-06T05:35:55Z,2026-08-06T07:35:55+0200,c3feb7e2-8675-4f7f-be40-2d97c558df74,2026-07-25T21:00:00Z,2026-07-25T23:00:00+0200,120.21,EUR/MWh,NL,NL,imbalance_price,Long,2026-08-06T05:38:50Z
2026-08-06T05:35:55Z,2026-08-06T07:35:55+0200,c3feb7e2-8675-4f7f-be40-2d97c558df74,2026-07-25T21:00:00Z,2026-07-25T23:00:00+0200,128.18,EUR/MWh,NL,NL,imbalance_price,Short,2026-08-06T05:38:50Z
2026-08-06T05:35:55Z,2026-08-06T07:35:55+0200,c3feb7e2-8675-4f7f-be40-2d97c558df74,2026-07-25T21:15:00Z,2026-07-25T23:15:00+0200,100.1,EUR/MWh,NL,NL,imbalance_price,Long,2026-08-06T05:38:50Z
2026-08-06T05:35:55Z,2026-08-06T07:35:55+0200,c3feb7e2-8675-4f7f-be40-2d97c558df74,2026-07-25T21:15:00Z,2026-07-25T23:15:00+0200,150.0,EUR/MWh,NL,NL,imbalance_price,Short,2026-08-06T05:38:50Z
2026-08-06T05:35:55Z,2026-08-06T07:35:55+0200,c3feb7e2-8675-4f7f-be40-2d97c558df74,2026-07-25T21:30:00Z,2026-07-25T23:30:00+0200,95.0,EUR/MWh,NL,NL,imbalance_price,Long,2026-08-06T05:38:50Z
2026-08-06T05:35:55Z,2026-08-06T07:35:55+0200,c3feb7e2-8675-4f7f-be40-2d97c558df74,2026-07-25T21:30:00Z,2026-07-25T23:30:00+0200,95.0,EUR/MWh,NL,NL,imbalance_price,Short,2026-08-06T05:38:50Z
2026-08-06T05:35:55Z,2026-08-06T07:35:55+0200,c3feb7e2-8675-4f7f-be40-2d97c558df74,2026-07-25T21:45:00Z,2026-07-25T23:45:00+0200,101.93,EUR/MWh,NL,NL,imbalance_price,Long,2026-08-06T05:38:50Z
2026-08-06T05:35:55Z,2026-08-06T07:35:55+0200,c3feb7e2-8675-4f7f-be40-2d97c558df74,2026-07-25T21:45:00Z,2026-07-25T23:45:00+0200,126.59,EUR/MWh,NL,NL,imbalance_price,Short,2026-08-06T05:38:50Z
2026-08-06T05:35:55Z,2026-08-06T07:35:55+0200,c3feb7e2-8675-4f7f-be40-2d97c558df74,2026-07-25T22:00:00Z,2026-07-26T00:00:00+0200,99.88,EUR/MWh,NL,NL,imbalance_price,Long,2026-08-06T05:38:50Z
2026-08-06T05:35:55Z,2026-08-06T07:35:55+0200,c3feb7e2-8675-4f7f-be40-2d97c558df74,2026-07-25T22:00:00Z,2026-07-26T00:00:00+0200,126.75,EUR/MWh,NL,NL,imbalance_price,Short,2026-08-06T05:38:50Z
2026-08-06T05:35:55Z,2026-08-06T07:35:55+0200,c3feb7e2-8675-4f7f-be40-2d97c558df74,2026-07-25T22:15:00Z,2026-07-26T00:15:00+0200,93.8,EUR/MWh,NL,NL,imbalance_price,Long,2026-08-06T05:38:50Z
2026-08-06T05:35:55Z,2026-08-06T07:35:55+0200,c3feb7e2-8675-4f7f-be40-2d97c558df74,2026-07-25T22:15:00Z,2026-07-26T00:15:00+0200,93.8,EUR/MWh,NL,NL,imbalance_price,Short,2026-08-06T05:38:50Z
2026-08-06T05:35:55Z,2026-08-06T07:35:55+0200,c3feb7e2-8675-4f7f-be40-2d97c558df74,2026-07-25T22:30:00Z,2026-07-26T00:30:00+0200,88.0,EUR/MWh,NL,NL,imbalance_price,Long,2026-08-06T05:38:50Z
2026-08-06T05:35:55Z,2026-08-06T07:35:55+0200,c3feb7e2-8675-4f7f-be40-2d97c558df74,2026-07-25T22:30:00Z,2026-07-26T00:30:00+0200,88.0,EUR/MWh,NL,NL,imbalance_price,Short,2026-08-06T05:38:50Z
2026-08-06T05:35:55Z,2026-08-06T07:35:55+0200,c3feb7e2-8675-4f7f-be40-2d97c558df74,2026-07-25T22:45:00Z,2026-07-26T00:45:00+0200,50.0,EUR/MWh,NL,NL,imbalance_price,Long,2026-08-06T05:38:50Z
2026-08-06T05:35:55Z,2026-08-06T07:35:55+0200,c3feb7e2-8675-4f7f-be40-2d97c558df74,2026-07-25T22:45:00Z,2026-07-26T00:45:00+0200,50.0,EUR/MWh,NL,NL,imbalance_price,Short,2026-08-06T05:38:50Z
2026-08-06T05:35:55Z,2026-08-06T07:35:55+0200,c3feb7e2-8675-4f7f-be40-2d97c558df74,2026-07-25T23:00:00Z,2026-07-26T01:00:00+0200,88.0,EUR/MWh,NL,NL,imbalance_price,Long,2026-08-06T05:38:50Z
2026-08-06T05:35:55Z,2026-08-06T07:35:55+0200,c3feb7e2-8675-4f7f-be40-2d97c558df74,2026-07-25T23:00:00Z,2026-07-26T01:00:00+0200,88.0,EUR/MWh,NL,NL,imbalance_price,Short,2026-08-06T05:38:50Z
2026-08-06T05:35:55Z,2026-08-06T07:35:55+0200,c3feb7e2-8675-4f7f-be40-2d97c558df74,2026-07-25T23:15:00Z,2026-07-26T01:15:00+0200,93.8,EUR/MWh,NL,NL,imbalance_price,Long,2026-08-06T05:38:50Z
2026-08-06T05:35:55Z,2026-08-06T07:35:55+0200,c3feb7e2-8675-4f7f-be40-2d97c558df74,2026-07-25T23:15:00Z,2026-07-26T01:15:00+0200,93.8,EUR/MWh,NL,NL,imbalance_price,Short,2026-08-06T05:38:50Z
2026-08-06T05:35:55Z,2026-08-06T07:35:55+0200,c3feb7e2-8675-4f7f-be40-2d97c558df74,2026-07-25T23:30:00Z,2026-07-26T01:30:00+0200,66.39,EUR/MWh,NL,NL,imbalance_price,Long,2026-08-06T05:38:50Z
2026-08-06T05:35:55Z,2026-08-06T07:35:55+0200,c3feb7e2-8675-4f7f-be40-2d97c558df74,2026-07-25T23:30:00Z,2026-07-26T01:30:00+0200,66.39,EUR/MWh,NL,NL,imbalance_price,Short,2026-08-06T05:38:50Z
2026-08-06T05:35:55Z,2026-08-06T07:35:55+0200,c3feb7e2-8675-4f7f-be40-2d97c558df74,2026-07-25T23:45:00Z,2026-07-26T01:45:00+0200,84.0,EUR/MWh,NL,NL,imbalance_price,Long,2026-08-06T05:38:50Z
2026-08-06T05:35:55Z,2026-08-06T07:35:55+0200,c3feb7e2-8675-4f7f-be40-2d97c558df74,2026-07-25T23:45:00Z,2026-07-26T01:45:00+0200,84.0,EUR/MWh,NL,NL,imbalance_price,Short,2026-08-06T05:38:50Z
2026-08-06T05:35:55Z,2026-08-06T07:35:55+0200,c3feb7e2-8675-4f7f-be40-2d97c558df74,2026-07-26T00:00:00Z,2026-07-26T02:00:00+0200,95.1,EUR/MWh,NL,NL,imbalance_price,Long,2026-08-06T05:38:50Z
2026-08-06T05:35:55Z,2026-08-06T07:35:55+0200,c3feb7e2-8675-4f7f-be40-2d97c558df74,2026-07-26T00:00:00Z,2026-07-26T02:00:00+0200,95.1,EUR/MWh,NL,NL,imbalance_price,Short,2026-08-06T05:38:50Z
2026-08-06T05:35:55Z,2026-08-06T07:35:55+0200,c3feb7e2-8675-4f7f-be40-2d97c558df74,2026-07-26T00:15:00Z,2026-07-26T02:15:00+0200,104.09,EUR/MWh,NL,NL,imbalance_price,Long,2026-08-06T05:38:50Z
2026-08-06T05:35:55Z,2026-08-06T07:35:55+0200,c3feb7e2-8675-4f7f-be40-2d97c558df74,2026-07-26T00:15:00Z,2026-07-26T02:15:00+0200,129.9,EUR/MWh,NL,NL,imbalance_price,Short,2026-08-06T05:38:50Z
2026-08-06T05:35:55Z,2026-08-06T07:35:55+0200,c3feb7e2-8675-4f7f-be40-2d97c558df74,2026-07-26T00:30:00Z,2026-07-26T02:30:00+0200,150.0,EUR/MWh,NL,NL,imbalance_price,Long,2026-08-06T05:38:50Z
2026-08-06T05:35:55Z,2026-08-06T07:35:55+0200,c3feb7e2-8675-4f7f-be40-2d97c558df74,2026-07-26T00:30:00Z,2026-07-26T02:30:00+0200,150.0,EUR/MWh,NL,NL,imbalance_price,Short,2026-08-06T05:38:50Z
2026-08-06T05:35:55Z,2026-08-06T07:35:55+0200,c3feb7e2-8675-4f7f-be40-2d97c558df74,2026-07-26T00:45:00Z,2026-07-26T02:45:00+0200,104.09,EUR/MWh,NL,NL,imbalance_price,Long,2026-08-06T05:38:50Z
2026-08-06T05:35:55Z,2026-08-06T07:35:55+0200,c3feb7e2-8675-4f7f-be40-2d97c558df74,2026-07-26T00:45:00Z,2026-07-26T02:45:00+0200,111.0,EUR/MWh,NL,NL,imbalance_price,Short,2026-08-06T05:38:50Z
2026-08-06T05:35:55Z,2026-08-06T07:35:55+0200,c3feb7e2-8675-4f7f-be40-2d97c558df74,2026-07-26T01:00:00Z,2026-07-26T03:00:00+0200,104.09,EUR/MWh,NL,NL,imbalance_price,Long,2026-08-06T05:38:50Z
2026-08-06T05:35:55Z,2026-08-06T07:35:55+0200,c3feb7e2-8675-4f7f-be40-2d97c558df74,2026-07-26T01:00:00Z,2026-07-26T03:00:00+0200,129.9,EUR/MWh,NL,NL,imbalance_price,Short,2026-08-06T05:38:50Z
2026-08-06T05:35:55Z,2026-08-06T07:35:55+0200,c3feb7e2-8675-4f7f-be40-2d97c558df74,2026-07-26T01:15:00Z,2026-07-26T03:15:00+0200,117.02,EUR/MWh,NL,NL,imbalance_price,Long,2026-08-06T05:38:50Z
2026-08-06T05:35:55Z,2026-08-06T07:35:55+0200,c3feb7e2-8675-4f7f-be40-2d97c558df74,2026-07-26T01:15:00Z,2026-07-26T03:15:00+0200,150.0,EUR/MWh,NL,NL,imbalance_price,Short,2026-08-06T05:38:50Z
2026-08-06T05:35:55Z,2026-08-06T07:35:55+0200,c3feb7e2-8675-4f7f-be40-2d97c558df74,2026-07-26T01:30:00Z,2026-07-26T03:30:00+0200,115.62,EUR/MWh,NL,NL,imbalance_price,Long,2026-08-06T05:38:50Z
2026-08-06T05:35:55Z,2026-08-06T07:35:55+0200,c3feb7e2-8675-4f7f-be40-2d97c558df74,2026-07-26T01:30:00Z,2026-07-26T03:30:00+0200,115.62,EUR/MWh,NL,NL,imbalance_price,Short,2026-08-06T05:38:50Z
2026-08-06T05:35:55Z,2026-08-06T07:35:55+0200,c3feb7e2-8675-4f7f-be40-2d97c558df74,2026-07-26T01:45:00Z,2026-07-26T03:45:00+0200,140.75,EUR/MWh,NL,NL,imbalance_price,Long,2026-08-06T05:38:50Z
2026-08-06T05:35:55Z,2026-08-06T07:35:55+0200,c3feb7e2-8675-4f7f-be40-2d97c558df74,2026-07-26T01:45:00Z,2026-07-26T03:45:00+0200,140.75,EUR/MWh,NL,NL,imbalance_price,Short,2026-08-06T05:38:50Z
2026-08-06T05:35:55Z,2026-08-06T07:35:55+0200,c3feb7e2-8675-4f7f-be40-2d97c558df74,2026-07-26T02:00:00Z,2026-07-26T04:00:00+0200,145.8,EUR/MWh,NL,NL,imbalance_price,Long,2026-08-06T05:38:50Z
2026-08-06T05:35:55Z,2026-08-06T07:35:55+0200,c3feb7e2-8675-4f7f-be40-2d97c558df74,2026-07-26T02:00:00Z,2026-07-26T04:00:00+0200,145.8,EUR/MWh,NL,NL,imbalance_price,Short,2026-08-06T05:38:50Z
2026-08-06T05:35:55Z,2026-08-06T07:35:55+0200,c3feb7e2-8675-4f7f-be40-2d97c558df74,2026-07-26T02:15:00Z,2026-07-26T04:15:00+0200,112.51,EUR/MWh,NL,NL,imbalance_price,Long,2026-08-06T05:38:50Z
2026-08-06T05:35:55Z,2026-08-06T07:35:55+0200,c3feb7e2-8675-4f7f-be40-2d97c558df74,2026-07-26T02:15:00Z,2026-07-26T04:15:00+0200,112.51,EUR/MWh,NL,NL,imbalance_price,Short,2026-08-06T05:38:50Z
2026-08-06T05:35:55Z,2026-08-06T07:35:55+0200,c3feb7e2-8675-4f7f-be40-2d97c558df74,2026-07-26T02:30:00Z,2026-07-26T04:30:00+0200,95.0,EUR/MWh,NL,NL,imbalance_price,Long,2026-08-06T05:38:50Z
2026-08-06T05:35:55Z,2026-08-06T07:35:55+0200,c3feb7e2-8675-4f7f-be40-2d97c558df74,2026-07-26T02:30:00Z,2026-07-26T04:30:00+0200,95.0,EUR/MWh,NL,NL,imbalance_price,Short,2026-08-06T05:38:50Z
2026-08-06T05:35:55Z,2026-08-06T07:35:55+0200,c3feb7e2-8675-4f7f-be40-2d97c558df74,2026-07-26T02:45:00Z,2026-07-26T04:45:00+0200,93.8,EUR/MWh,NL,NL,imbalance_price,Long,2026-08-06T05:38:50Z
2026-08-06T05:35:55Z,2026-08-06T07:35:55+0200,c3feb7e2-8675-4f7f-be40-2d97c558df74,2026-07-26T02:45:00Z,2026-07-26T04:45:00+0200,93.8,EUR/MWh,NL,NL,imbalance_price,Short,2026-08-06T05:38:50Z
2026-08-06T05:35:55Z,2026-08-06T07:35:55+0200,c3feb7e2-8675-4f7f-be40-2d97c558df74,2026-07-26T03:00:00Z,2026-07-26T05:00:00+0200,93.8,EUR/MWh,NL,NL,imbalance_price,Long,2026-08-06T05:38:50Z
2026-08-06T05:35:55Z,2026-08-06T07:35:55+0200,c3feb7e2-8675-4f7f-be40-2d97c558df74,2026-07-26T03:00:00Z,2026-07-26T05:00:00+0200,93.8,EUR/MWh,NL,NL,imbalance_price,Short,2026-08-06T05:38:50Z
2026-08-06T05:35:55Z,2026-08-06T07:35:55+0200,c3feb7e2-8675-4f7f-be40-2d97c558df74,2026-07-26T03:15:00Z,2026-07-26T05:15:00+0200,92.69,EUR/MWh,NL,NL,imbalance_price,Long,2026-08-06T05:38:50Z
2026-08-06T05:35:55Z,2026-08-06T07:35:55+0200,c3feb7e2-8675-4f7f-be40-2d97c558df74,2026-07-26T03:15:00Z,2026-07-26T05:15:00+0200,122.1,EUR/MWh,NL,NL,imbalance_price,Short,2026-08-06T05:38:50Z
2026-08-06T05:35:55Z,2026-08-06T07:35:55+0200,c3feb7e2-8675-4f7f-be40-2d97c558df74,2026-07-26T03:30:00Z,2026-07-26T05:30:00+0200,85.0,EUR/MWh,NL,NL,imbalance_price,Long,2026-08-06T05:38:50Z
2026-08-06T05:35:55Z,2026-08-06T07:35:55+0200,c3feb7e2-8675-4f7f-be40-2d97c558df74,2026-07-26T03:30:00Z,2026-07-26T05:30:00+0200,127.76,EUR/MWh,NL,NL,imbalance_price,Short,2026-08-06T05:38:50Z
2026-08-06T05:35:55Z,2026-08-06T07:35:55+0200,c3feb7e2-8675-4f7f-be40-2d97c558df74,2026-07-26T03:45:00Z,2026-07-26T05:45:00+0200,51.4,EUR/MWh,NL,NL,imbalance_price,Long,2026-08-06T05:38:50Z
2026-08-06T05:35:55Z,2026-08-06T07:35:55+0200,c3feb7e2-8675-4f7f-be40-2d97c558df74,2026-07-26T03:45:00Z,2026-07-26T05:45:00+0200,51.4,EUR/MWh,NL,NL,imbalance_price,Short,2026-08-06T05:38:50Z
2026-08-06T05:35:55Z,2026-08-06T07:35:55+0200,c3feb7e2-8675-4f7f-be40-2d97c558df74,2026-07-26T04:00:00Z,2026-07-26T06:00:00+0200,85.0,EUR/MWh,NL,NL,imbalance_price,Long,2026-08-06T05:38:50Z
2026-08-06T05:35:55Z,2026-08-06T07:35:55+0200,c3feb7e2-8675-4f7f-be40-2d97c558df74,2026-07-26T04:00:00Z,2026-07-26T06:00:00+0200,129.9,EUR/MWh,NL,NL,imbalance_price,Short,2026-08-06T05:38:50Z
2026-08-06T05:35:55Z,2026-08-06T07:35:55+0200,c3feb7e2-8675-4f7f-be40-2d97c558df74,2026-07-26T04:15:00Z,2026-07-26T06:15:00+0200,50.0,EUR/MWh,NL,NL,imbalance_price,Long,2026-08-06T05:38:50Z
2026-08-06T05:35:55Z,2026-08-06T07:35:55+0200,c3feb7e2-8675-4f7f-be40-2d97c558df74,2026-07-26T04:15:00Z,2026-07-26T06:15:00+0200,129.9,EUR/MWh,NL,NL,imbalance_price,Short,2026-08-06T05:38:50Z
2026-08-06T05:35:55Z,2026-08-06T07:35:55+0200,c3feb7e2-8675-4f7f-be40-2d97c558df74,2026-07-26T04:30:00Z,2026-07-26T06:30:00+0200,85.0,EUR/MWh,NL,NL,imbalance_price,Long,2026-08-06T05:38:50Z
2026-08-06T05:35:55Z,2026-08-06T07:35:55+0200,c3feb7e2-8675-4f7f-be40-2d97c558df74,2026-07-26T04:30:00Z,2026-07-26T06:30:00+0200,115.2,EUR/MWh,NL,NL,imbalance_price,Short,2026-08-06T05:38:50Z
2026-08-06T05:35:55Z,2026-08-06T07:35:55+0200,c3feb7e2-8675-4f7f-be40-2d97c558df74,2026-07-26T04:45:00Z,2026-07-26T06:45:00+0200,150.0,EUR/MWh,NL,NL,imbalance_price,Long,2026-08-06T05:38:50Z
2026-08-06T05:35:55Z,2026-08-06T07:35:55+0200,c3feb7e2-8675-4f7f-be40-2d97c558df74,2026-07-26T04:45:00Z,2026-07-26T06:45:00+0200,150.0,EUR/MWh,NL,NL,imbalance_price,Short,2026-08-06T05:38:50Z
2026-08-06T05:35:55Z,2026-08-06T07:35:55+0200,c3feb7e2-8675-4f7f-be40-2d97c558df74,2026-07-26T05:00:00Z,2026-07-26T07:00:00+0200,97.0,EUR/MWh,NL,NL,imbalance_price,Long,2026-08-06T05:38:50Z
2026-08-06T05:35:55Z,2026-08-06T07:35:55+0200,c3feb7e2-8675-4f7f-be40-2d97c558df74,2026-07-26T05:00:00Z,2026-07-26T07:00:00+0200,97.0,EUR/MWh,NL,NL,imbalance_price,Short,2026-08-06T05:38:50Z
2026-08-06T05:35:55Z,2026-08-06T07:35:55+0200,c3feb7e2-8675-4f7f-be40-2d97c558df74,2026-07-26T05:15:00Z,2026-07-26T07:15:00+0200,92.73,EUR/MWh,NL,NL,imbalance_price,Long,2026-08-06T05:38:50Z
2026-08-06T05:35:55Z,2026-08-06T07:35:55+0200,c3feb7e2-8675-4f7f-be40-2d97c558df74,2026-07-26T05:15:00Z,2026-07-26T07:15:00+0200,104.0,EUR/MWh,NL,NL,imbalance_price,Short,2026-08-06T05:38:50Z
2026-08-06T05:35:55Z,2026-08-06T07:35:55+0200,c3feb7e2-8675-4f7f-be40-2d97c558df74,2026-07-26T05:30:00Z,2026-07-26T07:30:00+0200,165.0,EUR/MWh,NL,NL,imbalance_price,Long,2026-08-06T05:38:50Z
2026-08-06T05:35:55Z,2026-08-06T07:35:55+0200,c3feb7e2-8675-4f7f-be40-2d97c558df74,2026-07-26T05:30:00Z,2026-07-26T07:30:00+0200,165.0,EUR/MWh,NL,NL,imbalance_price,Short,2026-08-06T05:38:50Z
2026-08-06T05:35:55Z,2026-08-06T07:35:55+0200,c3feb7e2-8675-4f7f-be40-2d97c558df74,2026-07-26T05:45:00Z,2026-07-26T07:45:00+0200,85.0,EUR/MWh,NL,NL,imbalance_price,Long,2026-08-06T05:38:50Z
2026-08-06T05:35:55Z,2026-08-06T07:35:55+0200,c3feb7e2-8675-4f7f-be40-2d97c558df74,2026-07-26T05:45:00Z,2026-07-26T07:45:00+0200,115.2,EUR/MWh,NL,NL,imbalance_price,Short,2026-08-06T05:38:50Z
2026-08-06T05:35:55Z,2026-08-06T07:35:55+0200,c3feb7e2-8675-4f7f-be40-2d97c558df74,2026-07-26T06:00:00Z,2026-07-26T08:00:00+0200,6.04,EUR/MWh,NL,NL,imbalance_price,Long,2026-08-06T05:38:50Z
2026-08-06T05:35:55Z,2026-08-06T07:35:55+0200,c3feb7e2-8675-4f7f-be40-2d97c558df74,2026-07-26T06:00:00Z,2026-07-26T08:00:00+0200,6.04,EUR/MWh,NL,NL,imbalance_price,Short,2026-08-06T05:38:50Z
2026-08-06T05:35:55Z,2026-08-06T07:35:55+0200,c3feb7e2-8675-4f7f-be40-2d97c558df74,2026-07-26T06:15:00Z,2026-07-26T08:15:00+0200,10.0,EUR/MWh,NL,NL,imbalance_price,Long,2026-08-06T05:38:50Z
2026-08-06T05:35:55Z,2026-08-06T07:35:55+0200,c3feb7e2-8675-4f7f-be40-2d97c558df74,2026-07-26T06:15:00Z,2026-07-26T08:15:00+0200,150.0,EUR/MWh,NL,NL,imbalance_price,Short,2026-08-06T05:38:50Z
2026-08-06T05:35:55Z,2026-08-06T07:35:55+0200,c3feb7e2-8675-4f7f-be40-2d97c558df74,2026-07-26T06:30:00Z,2026-07-26T08:30:00+0200,-30.0,EUR/MWh,NL,NL,imbalance_price,Long,2026-08-06T05:38:50Z
2026-08-06T05:35:55Z,2026-08-06T07:35:55+0200,c3feb7e2-8675-4f7f-be40-2d97c558df74,2026-07-26T06:30:00Z,2026-07-26T08:30:00+0200,-30.0,EUR/MWh,NL,NL,imbalance_price,Short,2026-08-06T05:38:50Z
2026-08-06T05:35:55Z,2026-08-06T07:35:55+0200,c3feb7e2-8675-4f7f-be40-2d97c558df74,2026-07-26T06:45:00Z,2026-07-26T08:45:00+0200,-4.0,EUR/MWh,NL,NL,imbalance_price,Long,2026-08-06T05:38:50Z
2026-08-06T05:35:55Z,2026-08-06T07:35:55+0200,c3feb7e2-8675-4f7f-be40-2d97c558df74,2026-07-26T06:45:00Z,2026-07-26T08:45:00+0200,-4.0,EUR/MWh,NL,NL,imbalance_price,Short,2026-08-06T05:38:50Z
2026-08-06T05:35:55Z,2026-08-06T07:35:55+0200,c3feb7e2-8675-4f7f-be40-2d97c558df74,2026-07-26T07:00:00Z,2026-07-26T09:00:00+0200,-10.07,EUR/MWh,NL,NL,imbalance_price,Long,2026-08-06T05:38:50Z
2026-08-06T05:35:55Z,2026-08-06T07:35:55+0200,c3feb7e2-8675-4f7f-be40-2d97c558df74,2026-07-26T07:00:00Z,2026-07-26T09:00:00+0200,-10.07,EUR/MWh,NL,NL,imbalance_price,Short,2026-08-06T05:38:50Z
2026-08-06T05:35:55Z,2026-08-06T07:35:55+0200,c3feb7e2-8675-4f7f-be40-2d97c558df74,2026-07-26T07:15:00Z,2026-07-26T09:15:00+0200,-8.14,EUR/MWh,NL,NL,imbalance_price,Long,2026-08-06T05:38:50Z
2026-08-06T05:35:55Z,2026-08-06T07:35:55+0200,c3feb7e2-8675-4f7f-be40-2d97c558df74,2026-07-26T07:15:00Z,2026-07-26T09:15:00+0200,-8.14,EUR/MWh,NL,NL,imbalance_price,Short,2026-08-06T05:38:50Z
2026-08-06T05:35:55Z,2026-08-06T07:35:55+0200,c3feb7e2-8675-4f7f-be40-2d97c558df74,2026-07-26T07:30:00Z,2026-07-26T09:30:00+0200,-20.7,EUR/MWh,NL,NL,imbalance_price,Long,2026-08-06T05:38:50Z
2026-08-06T05:35:55Z,2026-08-06T07:35:55+0200,c3feb7e2-8675-4f7f-be40-2d97c558df74,2026-07-26T07:30:00Z,2026-07-26T09:30:00+0200,64.29,EUR/MWh,NL,NL,imbalance_price,Short,2026-08-06T05:38:50Z
2026-08-06T05:35:55Z,2026-08-06T07:35:55+0200,c3feb7e2-8675-4f7f-be40-2d97c558df74,2026-07-26T07:45:00Z,2026-07-26T09:45:00+0200,-22.27,EUR/MWh,NL,NL,imbalance_price,Long,2026-08-06T05:38:50Z
2026-08-06T05:35:55Z,2026-08-06T07:35:55+0200,c3feb7e2-8675-4f7f-be40-2d97c558df74,2026-07-26T07:45:00Z,2026-07-26T09:45:00+0200,-22.27,EUR/MWh,NL,NL,imbalance_price,Short,2026-08-06T05:38:50Z
2026-08-06T05:35:55Z,2026-08-06T07:35:55+0200,c3feb7e2-8675-4f7f-be40-2d97c558df74,2026-07-26T08:00:00Z,2026-07-26T10:00:00+0200,-15.0,EUR/MWh,NL,NL,imbalance_price,Long,2026-08-06T05:38:50Z
2026-08-06T05:35:55Z,2026-08-06T07:35:55+0200,c3feb7e2-8675-4f7f-be40-2d97c558df74,2026-07-26T08:00:00Z,2026-07-26T10:00:00+0200,61.67,EUR/MWh,NL,NL,imbalance_price,Short,2026-08-06T05:38:50Z
2026-08-06T05:35:55Z,2026-08-06T07:35:55+0200,c3feb7e2-8675-4f7f-be40-2d97c558df74,2026-07-26T08:15:00Z,2026-07-26T10:15:00+0200,-15.0,EUR/MWh,NL,NL,imbalance_price,Long,2026-08-06T05:38:50Z
2026-08-06T05:35:55Z,2026-08-06T07:35:55+0200,c3feb7e2-8675-4f7f-be40-2d97c558df74,2026-07-26T08:15:00Z,2026-07-26T10:15:00+0200,60.59,EUR/MWh,NL,NL,imbalance_price,Short,2026-08-06T05:38:50Z
2026-08-06T05:35:55Z,2026-08-06T07:35:55+0200,c3feb7e2-8675-4f7f-be40-2d97c558df74,2026-07-26T08:30:00Z,2026-07-26T10:30:00+0200,-1.5,EUR/MWh,NL,NL,imbalance_price,Long,2026-08-06T05:38:50Z
2026-08-06T05:35:55Z,2026-08-06T07:35:55+0200,c3feb7e2-8675-4f7f-be40-2d97c558df74,2026-07-26T08:30:00Z,2026-07-26T10:30:00+0200,106.21,EUR/MWh,NL,NL,imbalance_price,Short,2026-08-06T05:38:50Z
2026-08-06T05:35:55Z,2026-08-06T07:35:55+0200,c3feb7e2-8675-4f7f-be40-2d97c558df74,2026-07-26T08:45:00Z,2026-07-26T10:45:00+0200,-15.0,EUR/MWh,NL,NL,imbalance_price,Long,2026-08-06T05:38:50Z
2026-08-06T05:35:55Z,2026-08-06T07:35:55+0200,c3feb7e2-8675-4f7f-be40-2d97c558df74,2026-07-26T08:45:00Z,2026-07-26T10:45:00+0200,-15.0,EUR/MWh,NL,NL,imbalance_price,Short,2026-08-06T05:38:50Z
2026-08-06T05:35:55Z,2026-08-06T07:35:55+0200,c3feb7e2-8675-4f7f-be40-2d97c558df74,2026-07-26T09:00:00Z,2026-07-26T11:00:00+0200,-19.97,EUR/MWh,NL,NL,imbalance_price,Long,2026-08-06T05:38:50Z
2026-08-06T05:35:55Z,2026-08-06T07:35:55+0200,c3feb7e2-8675-4f7f-be40-2d97c558df74,2026-07-26T09:00:00Z,2026-07-26T11:00:00+0200,-19.97,EUR/MWh,NL,NL,imbalance_price,Short,2026-08-06T05:38:50Z
2026-08-06T05:35:55Z,2026-08-06T07:35:55+0200,c3feb7e2-8675-4f7f-be40-2d97c558df74,2026-07-26T09:15:00Z,2026-07-26T11:15:00+0200,-25.0,EUR/MWh,NL,NL,imbalance_price,Long,2026-08-06T05:38:50Z
2026-08-06T05:35:55Z,2026-08-06T07:35:55+0200,c3feb7e2-8675-4f7f-be40-2d97c558df74,2026-07-26T09:15:00Z,2026-07-26T11:15:00+0200,56.26,EUR/MWh,NL,NL,imbalance_price,Short,2026-08-06T05:38:50Z
2026-08-06T05:35:55Z,2026-08-06T07:35:55+0200,c3feb7e2-8675-4f7f-be40-2d97c558df74,2026-07-26T09:30:00Z,2026-07-26T11:30:00+0200,-7.08,EUR/MWh,NL,NL,imbalance_price,Long,2026-08-06T05:38:50Z
2026-08-06T05:35:55Z,2026-08-06T07:35:55+0200,c3feb7e2-8675-4f7f-be40-2d97c558df74,2026-07-26T09:30:00Z,2026-07-26T11:30:00+0200,104.0,EUR/MWh,NL,NL,imbalance_price,Short,2026-08-06T05:38:50Z
2026-08-06T05:35:55Z,2026-08-06T07:35:55+0200,c3feb7e2-8675-4f7f-be40-2d97c558df74,2026-07-26T09:45:00Z,2026-07-26T11:45:00+0200,-4.0,EUR/MWh,NL,NL,imbalance_price,Long,2026-08-06T05:38:50Z
2026-08-06T05:35:55Z,2026-08-06T07:35:55+0200,c3feb7e2-8675-4f7f-be40-2d97c558df74,2026-07-26T09:45:00Z,2026-07-26T11:45:00+0200,56.26,EUR/MWh,NL,NL,imbalance_price,Short,2026-08-06T05:38:50Z
2026-08-06T05:35:55Z,2026-08-06T07:35:55+0200,c3feb7e2-8675-4f7f-be40-2d97c558df74,2026-07-26T10:00:00Z,2026-07-26T12:00:00+0200,-6.42,EUR/MWh,NL,NL,imbalance_price,Long,2026-08-06T05:38:50Z
2026-08-06T05:35:55Z,2026-08-06T07:35:55+0200,c3feb7e2-8675-4f7f-be40-2d97c558df74,2026-07-26T10:00:00Z,2026-07-26T12:00:00+0200,60.59,EUR/MWh,NL,NL,imbalance_price,Short,2026-08-06T05:38:50Z
2026-08-06T05:35:55Z,2026-08-06T07:35:55+0200,c3feb7e2-8675-4f7f-be40-2d97c558df74,2026-07-26T10:15:00Z,2026-07-26T12:15:00+0200,-4.0,EUR/MWh,NL,NL,imbalance_price,Long,2026-08-06T05:38:50Z
2026-08-06T05:35:55Z,2026-08-06T07:35:55+0200,c3feb7e2-8675-4f7f-be40-2d97c558df74,2026-07-26T10:15:00Z,2026-07-26T12:15:00+0200,150.0,EUR/MWh,NL,NL,imbalance_price,Short,2026-08-06T05:38:50Z
2026-08-06T05:35:55Z,2026-08-06T07:35:55+0200,c3feb7e2-8675-4f7f-be40-2d97c558df74,2026-07-26T10:30:00Z,2026-07-26T12:30:00+0200,-11.97,EUR/MWh,NL,NL,imbalance_price,Long,2026-08-06T05:38:50Z
2026-08-06T05:35:55Z,2026-08-06T07:35:55+0200,c3feb7e2-8675-4f7f-be40-2d97c558df74,2026-07-26T10:30:00Z,2026-07-26T12:30:00+0200,110.82,EUR/MWh,NL,NL,imbalance_price,Short,2026-08-06T05:38:50Z
2026-08-06T05:35:55Z,2026-08-06T07:35:55+0200,c3feb7e2-8675-4f7f-be40-2d97c558df74,2026-07-26T10:45:00Z,2026-07-26T12:45:00+0200,-2.55,EUR/MWh,NL,NL,imbalance_price,Long,2026-08-06T05:38:50Z
2026-08-06T05:35:55Z,2026-08-06T07:35:55+0200,c3feb7e2-8675-4f7f-be40-2d97c558df74,2026-07-26T10:45:00Z,2026-07-26T12:45:00+0200,60.59,EUR/MWh,NL,NL,imbalance_price,Short,2026-08-06T05:38:50Z
2026-08-06T05:35:55Z,2026-08-06T07:35:55+0200,c3feb7e2-8675-4f7f-be40-2d97c558df74,2026-07-26T11:00:00Z,2026-07-26T13:00:00+0200,60.59,EUR/MWh,NL,NL,imbalance_price,Long,2026-08-06T05:38:50Z
2026-08-06T05:35:55Z,2026-08-06T07:35:55+0200,c3feb7e2-8675-4f7f-be40-2d97c558df74,2026-07-26T11:00:00Z,2026-07-26T13:00:00+0200,60.59,EUR/MWh,NL,NL,imbalance_price,Short,2026-08-06T05:38:50Z
2026-08-06T05:35:55Z,2026-08-06T07:35:55+0200,c3feb7e2-8675-4f7f-be40-2d97c558df74,2026-07-26T11:15:00Z,2026-07-26T13:15:00+0200,100.38,EUR/MWh,NL,NL,imbalance_price,Long,2026-08-06T05:38:50Z
2026-08-06T05:35:55Z,2026-08-06T07:35:55+0200,c3feb7e2-8675-4f7f-be40-2d97c558df74,2026-07-26T11:15:00Z,2026-07-26T13:15:00+0200,100.38,EUR/MWh,NL,NL,imbalance_price,Short,2026-08-06T05:38:50Z
2026-08-06T05:35:55Z,2026-08-06T07:35:55+0200,c3feb7e2-8675-4f7f-be40-2d97c558df74,2026-07-26T11:30:00Z,2026-07-26T13:30:00+0200,10.0,EUR/MWh,NL,NL,imbalance_price,Long,2026-08-06T05:38:50Z
2026-08-06T05:35:55Z,2026-08-06T07:35:55+0200,c3feb7e2-8675-4f7f-be40-2d97c558df74,2026-07-26T11:30:00Z,2026-07-26T13:30:00+0200,60.59,EUR/MWh,NL,NL,imbalance_price,Short,2026-08-06T05:38:50Z
2026-08-06T05:35:55Z,2026-08-06T07:35:55+0200,c3feb7e2-8675-4f7f-be40-2d97c558df74,2026-07-26T11:45:00Z,2026-07-26T13:45:00+0200,12.0,EUR/MWh,NL,NL,imbalance_price,Long,2026-08-06T05:38:50Z
2026-08-06T05:35:55Z,2026-08-06T07:35:55+0200,c3feb7e2-8675-4f7f-be40-2d97c558df74,2026-07-26T11:45:00Z,2026-07-26T13:45:00+0200,61.07,EUR/MWh,NL,NL,imbalance_price,Short,2026-08-06T05:38:50Z
2026-08-06T05:35:55Z,2026-08-06T07:35:55+0200,c3feb7e2-8675-4f7f-be40-2d97c558df74,2026-07-26T12:00:00Z,2026-07-26T14:00:00+0200,10.0,EUR/MWh,NL,NL,imbalance_price,Long,2026-08-06T05:38:50Z
2026-08-06T05:35:55Z,2026-08-06T07:35:55+0200,c3feb7e2-8675-4f7f-be40-2d97c558df74,2026-07-26T12:00:00Z,2026-07-26T14:00:00+0200,60.59,EUR/MWh,NL,NL,imbalance_price,Short,2026-08-06T05:38:50Z
2026-08-06T05:35:55Z,2026-08-06T07:35:55+0200,c3feb7e2-8675-4f7f-be40-2d97c558df74,2026-07-26T12:15:00Z,2026-07-26T14:15:00+0200,70.0,EUR/MWh,NL,NL,imbalance_price,Long,2026-08-06T05:38:50Z
2026-08-06T05:35:55Z,2026-08-06T07:35:55+0200,c3feb7e2-8675-4f7f-be40-2d97c558df74,2026-07-26T12:15:00Z,2026-07-26T14:15:00+0200,70.0,EUR/MWh,NL,NL,imbalance_price,Short,2026-08-06T05:38:50Z
2026-08-06T05:35:55Z,2026-08-06T07:35:55+0200,c3feb7e2-8675-4f7f-be40-2d97c558df74,2026-07-26T12:30:00Z,2026-07-26T14:30:00+0200,12.9,EUR/MWh,NL,NL,imbalance_price,Long,2026-08-06T05:38:50Z
2026-08-06T05:35:55Z,2026-08-06T07:35:55+0200,c3feb7e2-8675-4f7f-be40-2d97c558df74,2026-07-26T12:30:00Z,2026-07-26T14:30:00+0200,12.9,EUR/MWh,NL,NL,imbalance_price,Short,2026-08-06T05:38:50Z
2026-08-06T05:35:55Z,2026-08-06T07:35:55+0200,c3feb7e2-8675-4f7f-be40-2d97c558df74,2026-07-26T12:45:00Z,2026-07-26T14:45:00+0200,6.5,EUR/MWh,NL,NL,imbalance_price,Long,2026-08-06T05:38:50Z
2026-08-06T05:35:55Z,2026-08-06T07:35:55+0200,c3feb7e2-8675-4f7f-be40-2d97c558df74,2026-07-26T12:45:00Z,2026-07-26T14:45:00+0200,6.5,EUR/MWh,NL,NL,imbalance_price,Short,2026-08-06T05:38:50Z
2026-08-06T05:35:55Z,2026-08-06T07:35:55+0200,c3feb7e2-8675-4f7f-be40-2d97c558df74,2026-07-26T13:00:00Z,2026-07-26T15:00:00+0200,0.0,EUR/MWh,NL,NL,imbalance_price,Long,2026-08-06T05:38:50Z
2026-08-06T05:35:55Z,2026-08-06T07:35:55+0200,c3feb7e2-8675-4f7f-be40-2d97c558df74,2026-07-26T13:00:00Z,2026-07-26T15:00:00+0200,60.59,EUR/MWh,NL,NL,imbalance_price,Short,2026-08-06T05:38:50Z
2026-08-06T05:35:55Z,2026-08-06T07:35:55+0200,c3feb7e2-8675-4f7f-be40-2d97c558df74,2026-07-26T13:15:00Z,2026-07-26T15:15:00+0200,-4.0,EUR/MWh,NL,NL,imbalance_price,Long,2026-08-06T05:38:50Z
2026-08-06T05:35:55Z,2026-08-06T07:35:55+0200,c3feb7e2-8675-4f7f-be40-2d97c558df74,2026-07-26T13:15:00Z,2026-07-26T15:15:00+0200,-4.0,EUR/MWh,NL,NL,imbalance_price,Short,2026-08-06T05:38:50Z
2026-08-06T05:35:55Z,2026-08-06T07:35:55+0200,c3feb7e2-8675-4f7f-be40-2d97c558df74,2026-07-26T13:30:00Z,2026-07-26T15:30:00+0200,0.0,EUR/MWh,NL,NL,imbalance_price,Long,2026-08-06T05:38:50Z
2026-08-06T05:35:55Z,2026-08-06T07:35:55+0200,c3feb7e2-8675-4f7f-be40-2d97c558df74,2026-07-26T13:30:00Z,2026-07-26T15:30:00+0200,0.0,EUR/MWh,NL,NL,imbalance_price,Short,2026-08-06T05:38:50Z
2026-08-06T05:35:55Z,2026-08-06T07:35:55+0200,c3feb7e2-8675-4f7f-be40-2d97c558df74,2026-07-26T13:45:00Z,2026-07-26T15:45:00+0200,-8.14,EUR/MWh,NL,NL,imbalance_price,Long,2026-08-06T05:38:50Z
2026-08-06T05:35:55Z,2026-08-06T07:35:55+0200,c3feb7e2-8675-4f7f-be40-2d97c558df74,2026-07-26T13:45:00Z,2026-07-26T15:45:00+0200,70.0,EUR/MWh,NL,NL,imbalance_price,Short,2026-08-06T05:38:50Z
2026-08-06T05:35:55Z,2026-08-06T07:35:55+0200,c3feb7e2-8675-4f7f-be40-2d97c558df74,2026-07-26T14:00:00Z,2026-07-26T16:00:00+0200,-8.28,EUR/MWh,NL,NL,imbalance_price,Long,2026-08-06T05:38:50Z
2026-08-06T05:35:55Z,2026-08-06T07:35:55+0200,c3feb7e2-8675-4f7f-be40-2d97c558df74,2026-07-26T14:00:00Z,2026-07-26T16:00:00+0200,70.0,EUR/MWh,NL,NL,imbalance_price,Short,2026-08-06T05:38:50Z
2026-08-06T05:35:55Z,2026-08-06T07:35:55+0200,c3feb7e2-8675-4f7f-be40-2d97c558df74,2026-07-26T14:15:00Z,2026-07-26T16:15:00+0200,-11.66,EUR/MWh,NL,NL,imbalance_price,Long,2026-08-06T05:38:50Z
2026-08-06T05:35:55Z,2026-08-06T07:35:55+0200,c3feb7e2-8675-4f7f-be40-2d97c558df74,2026-07-26T14:15:00Z,2026-07-26T16:15:00+0200,60.59,EUR/MWh,NL,NL,imbalance_price,Short,2026-08-06T05:38:50Z
2026-08-06T05:35:55Z,2026-08-06T07:35:55+0200,c3feb7e2-8675-4f7f-be40-2d97c558df74,2026-07-26T14:30:00Z,2026-07-26T16:30:00+0200,-36.26,EUR/MWh,NL,NL,imbalance_price,Long,2026-08-06T05:38:50Z
2026-08-06T05:35:55Z,2026-08-06T07:35:55+0200,c3feb7e2-8675-4f7f-be40-2d97c558df74,2026-07-26T14:30:00Z,2026-07-26T16:30:00+0200,60.59,EUR/MWh,NL,NL,imbalance_price,Short,2026-08-06T05:38:50Z
2026-08-06T05:35:55Z,2026-08-06T07:35:55+0200,c3feb7e2-8675-4f7f-be40-2d97c558df74,2026-07-26T14:45:00Z,2026-07-26T16:45:00+0200,-79.4,EUR/MWh,NL,NL,imbalance_price,Long,2026-08-06T05:38:50Z
2026-08-06T05:35:55Z,2026-08-06T07:35:55+0200,c3feb7e2-8675-4f7f-be40-2d97c558df74,2026-07-26T14:45:00Z,2026-07-26T16:45:00+0200,60.59,EUR/MWh,NL,NL,imbalance_price,Short,2026-08-06T05:38:50Z
2026-08-06T05:35:55Z,2026-08-06T07:35:55+0200,c3feb7e2-8675-4f7f-be40-2d97c558df74,2026-07-26T15:00:00Z,2026-07-26T17:00:00+0200,10.0,EUR/MWh,NL,NL,imbalance_price,Long,2026-08-06T05:38:50Z
2026-08-06T05:35:55Z,2026-08-06T07:35:55+0200,c3feb7e2-8675-4f7f-be40-2d97c558df74,2026-07-26T15:00:00Z,2026-07-26T17:00:00+0200,10.0,EUR/MWh,NL,NL,imbalance_price,Short,2026-08-06T05:38:50Z
2026-08-06T05:35:55Z,2026-08-06T07:35:55+0200,c3feb7e2-8675-4f7f-be40-2d97c558df74,2026-07-26T15:15:00Z,2026-07-26T17:15:00+0200,-11.66,EUR/MWh,NL,NL,imbalance_price,Long,2026-08-06T05:38:50Z
2026-08-06T05:35:55Z,2026-08-06T07:35:55+0200,c3feb7e2-8675-4f7f-be40-2d97c558df74,2026-07-26T15:15:00Z,2026-07-26T17:15:00+0200,-11.66,EUR/MWh,NL,NL,imbalance_price,Short,2026-08-06T05:38:50Z
2026-08-06T05:35:55Z,2026-08-06T07:35:55+0200,c3feb7e2-8675-4f7f-be40-2d97c558df74,2026-07-26T15:30:00Z,2026-07-26T17:30:00+0200,-30.0,EUR/MWh,NL,NL,imbalance_price,Long,2026-08-06T05:38:50Z
2026-08-06T05:35:55Z,2026-08-06T07:35:55+0200,c3feb7e2-8675-4f7f-be40-2d97c558df74,2026-07-26T15:30:00Z,2026-07-26T17:30:00+0200,-30.0,EUR/MWh,NL,NL,imbalance_price,Short,2026-08-06T05:38:50Z
2026-08-06T05:35:55Z,2026-08-06T07:35:55+0200,c3feb7e2-8675-4f7f-be40-2d97c558df74,2026-07-26T15:45:00Z,2026-07-26T17:45:00+0200,-34.9,EUR/MWh,NL,NL,imbalance_price,Long,2026-08-06T05:38:50Z
2026-08-06T05:35:55Z,2026-08-06T07:35:55+0200,c3feb7e2-8675-4f7f-be40-2d97c558df74,2026-07-26T15:45:00Z,2026-07-26T17:45:00+0200,85.46,EUR/MWh,NL,NL,imbalance_price,Short,2026-08-06T05:38:50Z
2026-08-06T05:35:55Z,2026-08-06T07:35:55+0200,c3feb7e2-8675-4f7f-be40-2d97c558df74,2026-07-26T16:00:00Z,2026-07-26T18:00:00+0200,-5.0,EUR/MWh,NL,NL,imbalance_price,Long,2026-08-06T05:38:50Z
2026-08-06T05:35:55Z,2026-08-06T07:35:55+0200,c3feb7e2-8675-4f7f-be40-2d97c558df74,2026-07-26T16:00:00Z,2026-07-26T18:00:00+0200,87.45,EUR/MWh,NL,NL,imbalance_price,Short,2026-08-06T05:38:50Z
2026-08-06T05:35:55Z,2026-08-06T07:35:55+0200,c3feb7e2-8675-4f7f-be40-2d97c558df74,2026-07-26T16:15:00Z,2026-07-26T18:15:00+0200,-32.74,EUR/MWh,NL,NL,imbalance_price,Long,2026-08-06T05:38:50Z
2026-08-06T05:35:55Z,2026-08-06T07:35:55+0200,c3feb7e2-8675-4f7f-be40-2d97c558df74,2026-07-26T16:15:00Z,2026-07-26T18:15:00+0200,-32.74,EUR/MWh,NL,NL,imbalance_price,Short,2026-08-06T05:38:50Z
2026-08-06T05:35:55Z,2026-08-06T07:35:55+0200,c3feb7e2-8675-4f7f-be40-2d97c558df74,2026-07-26T16:30:00Z,2026-07-26T18:30:00+0200,10.0,EUR/MWh,NL,NL,imbalance_price,Long,2026-08-06T05:38:50Z
2026-08-06T05:35:55Z,2026-08-06T07:35:55+0200,c3feb7e2-8675-4f7f-be40-2d97c558df74,2026-07-26T16:30:00Z,2026-07-26T18:30:00+0200,10.0,EUR/MWh,NL,NL,imbalance_price,Short,2026-08-06T05:38:50Z
2026-08-06T05:35:55Z,2026-08-06T07:35:55+0200,c3feb7e2-8675-4f7f-be40-2d97c558df74,2026-07-26T16:45:00Z,2026-07-26T18:45:00+0200,-11.66,EUR/MWh,NL,NL,imbalance_price,Long,2026-08-06T05:38:50Z
2026-08-06T05:35:55Z,2026-08-06T07:35:55+0200,c3feb7e2-8675-4f7f-be40-2d97c558df74,2026-07-26T16:45:00Z,2026-07-26T18:45:00+0200,-11.66,EUR/MWh,NL,NL,imbalance_price,Short,2026-08-06T05:38:50Z
2026-08-06T05:35:55Z,2026-08-06T07:35:55+0200,c3feb7e2-8675-4f7f-be40-2d97c558df74,2026-07-26T17:00:00Z,2026-07-26T19:00:00+0200,45.8,EUR/MWh,NL,NL,imbalance_price,Long,2026-08-06T05:38:50Z
2026-08-06T05:35:55Z,2026-08-06T07:35:55+0200,c3feb7e2-8675-4f7f-be40-2d97c558df74,2026-07-26T17:00:00Z,2026-07-26T19:00:00+0200,45.8,EUR/MWh,NL,NL,imbalance_price,Short,2026-08-06T05:38:50Z
2026-08-06T05:35:55Z,2026-08-06T07:35:55+0200,c3feb7e2-8675-4f7f-be40-2d97c558df74,2026-07-26T17:15:00Z,2026-07-26T19:15:00+0200,45.8,EUR/MWh,NL,NL,imbalance_price,Long,2026-08-06T05:38:50Z
2026-08-06T05:35:55Z,2026-08-06T07:35:55+0200,c3feb7e2-8675-4f7f-be40-2d97c558df74,2026-07-26T17:15:00Z,2026-07-26T19:15:00+0200,45.8,EUR/MWh,NL,NL,imbalance_price,Short,2026-08-06T05:38:50Z
2026-08-06T05:35:55Z,2026-08-06T07:35:55+0200,c3feb7e2-8675-4f7f-be40-2d97c558df74,2026-07-26T17:30:00Z,2026-07-26T19:30:00+0200,114.0,EUR/MWh,NL,NL,imbalance_price,Long,2026-08-06T05:38:50Z
2026-08-06T05:35:55Z,2026-08-06T07:35:55+0200,c3feb7e2-8675-4f7f-be40-2d97c558df74,2026-07-26T17:30:00Z,2026-07-26T19:30:00+0200,114.0,EUR/MWh,NL,NL,imbalance_price,Short,2026-08-06T05:38:50Z
2026-08-06T05:35:55Z,2026-08-06T07:35:55+0200,c3feb7e2-8675-4f7f-be40-2d97c558df74,2026-07-26T17:45:00Z,2026-07-26T19:45:00+0200,150.0,EUR/MWh,NL,NL,imbalance_price,Long,2026-08-06T05:38:50Z
2026-08-06T05:35:55Z,2026-08-06T07:35:55+0200,c3feb7e2-8675-4f7f-be40-2d97c558df74,2026-07-26T17:45:00Z,2026-07-26T19:45:00+0200,150.0,EUR/MWh,NL,NL,imbalance_price,Short,2026-08-06T05:38:50Z
2026-08-06T05:35:55Z,2026-08-06T07:35:55+0200,c3feb7e2-8675-4f7f-be40-2d97c558df74,2026-07-26T18:00:00Z,2026-07-26T20:00:00+0200,150.55,EUR/MWh,NL,NL,imbalance_price,Long,2026-08-06T05:38:50Z
2026-08-06T05:35:55Z,2026-08-06T07:35:55+0200,c3feb7e2-8675-4f7f-be40-2d97c558df74,2026-07-26T18:00:00Z,2026-07-26T20:00:00+0200,150.55,EUR/MWh,NL,NL,imbalance_price,Short,2026-08-06T05:38:50Z
2026-08-06T05:35:55Z,2026-08-06T07:35:55+0200,c3feb7e2-8675-4f7f-be40-2d97c558df74,2026-07-26T18:15:00Z,2026-07-26T20:15:00+0200,151.9,EUR/MWh,NL,NL,imbalance_price,Long,2026-08-06T05:38:50Z
2026-08-06T05:35:55Z,2026-08-06T07:35:55+0200,c3feb7e2-8675-4f7f-be40-2d97c558df74,2026-07-26T18:15:00Z,2026-07-26T20:15:00+0200,151.9,EUR/MWh,NL,NL,imbalance_price,Short,2026-08-06T05:38:50Z
2026-08-06T05:35:55Z,2026-08-06T07:35:55+0200,c3feb7e2-8675-4f7f-be40-2d97c558df74,2026-07-26T18:30:00Z,2026-07-26T20:30:00+0200,140.0,EUR/MWh,NL,NL,imbalance_price,Long,2026-08-06T05:38:50Z
2026-08-06T05:35:55Z,2026-08-06T07:35:55+0200,c3feb7e2-8675-4f7f-be40-2d97c558df74,2026-07-26T18:30:00Z,2026-07-26T20:30:00+0200,140.0,EUR/MWh,NL,NL,imbalance_price,Short,2026-08-06T05:38:50Z
2026-08-06T05:35:55Z,2026-08-06T07:35:55+0200,c3feb7e2-8675-4f7f-be40-2d97c558df74,2026-07-26T18:45:00Z,2026-07-26T20:45:00+0200,102.33,EUR/MWh,NL,NL,imbalance_price,Long,2026-08-06T05:38:50Z
2026-08-06T05:35:55Z,2026-08-06T07:35:55+0200,c3feb7e2-8675-4f7f-be40-2d97c558df74,2026-07-26T18:45:00Z,2026-07-26T20:45:00+0200,148.0,EUR/MWh,NL,NL,imbalance_price,Short,2026-08-06T05:38:50Z
2026-08-06T05:35:55Z,2026-08-06T07:35:55+0200,c3feb7e2-8675-4f7f-be40-2d97c558df74,2026-07-26T19:00:00Z,2026-07-26T21:00:00+0200,66.7,EUR/MWh,NL,NL,imbalance_price,Long,2026-08-06T05:38:50Z
2026-08-06T05:35:55Z,2026-08-06T07:35:55+0200,c3feb7e2-8675-4f7f-be40-2d97c558df74,2026-07-26T19:00:00Z,2026-07-26T21:00:00+0200,66.7,EUR/MWh,NL,NL,imbalance_price,Short,2026-08-06T05:38:50Z
2026-08-06T05:35:55Z,2026-08-06T07:35:55+0200,c3feb7e2-8675-4f7f-be40-2d97c558df74,2026-07-26T19:15:00Z,2026-07-26T21:15:00+0200,83.0,EUR/MWh,NL,NL,imbalance_price,Long,2026-08-06T05:38:50Z
2026-08-06T05:35:55Z,2026-08-06T07:35:55+0200,c3feb7e2-8675-4f7f-be40-2d97c558df74,2026-07-26T19:15:00Z,2026-07-26T21:15:00+0200,83.0,EUR/MWh,NL,NL,imbalance_price,Short,2026-08-06T05:38:50Z
2026-08-06T05:35:55Z,2026-08-06T07:35:55+0200,c3feb7e2-8675-4f7f-be40-2d97c558df74,2026-07-26T19:30:00Z,2026-07-26T21:30:00+0200,62.0,EUR/MWh,NL,NL,imbalance_price,Long,2026-08-06T05:38:50Z
2026-08-06T05:35:55Z,2026-08-06T07:35:55+0200,c3feb7e2-8675-4f7f-be40-2d97c558df74,2026-07-26T19:30:00Z,2026-07-26T21:30:00+0200,62.0,EUR/MWh,NL,NL,imbalance_price,Short,2026-08-06T05:38:50Z
2026-08-06T05:35:55Z,2026-08-06T07:35:55+0200,c3feb7e2-8675-4f7f-be40-2d97c558df74,2026-07-26T19:45:00Z,2026-07-26T21:45:00+0200,8.5,EUR/MWh,NL,NL,imbalance_price,Long,2026-08-06T05:38:50Z
2026-08-06T05:35:55Z,2026-08-06T07:35:55+0200,c3feb7e2-8675-4f7f-be40-2d97c558df74,2026-07-26T19:45:00Z,2026-07-26T21:45:00+0200,8.5,EUR/MWh,NL,NL,imbalance_price,Short,2026-08-06T05:38:50Z
2026-08-06T05:35:55Z,2026-08-06T07:35:55+0200,c3feb7e2-8675-4f7f-be40-2d97c558df74,2026-07-26T20:00:00Z,2026-07-26T22:00:00+0200,53.4,EUR/MWh,NL,NL,imbalance_price,Long,2026-08-06T05:38:50Z
2026-08-06T05:35:55Z,2026-08-06T07:35:55+0200,c3feb7e2-8675-4f7f-be40-2d97c558df74,2026-07-26T20:00:00Z,2026-07-26T22:00:00+0200,53.4,EUR/MWh,NL,NL,imbalance_price,Short,2026-08-06T05:38:50Z
2026-08-06T05:35:55Z,2026-08-06T07:35:55+0200,c3feb7e2-8675-4f7f-be40-2d97c558df74,2026-07-26T20:15:00Z,2026-07-26T22:15:00+0200,63.0,EUR/MWh,NL,NL,imbalance_price,Long,2026-08-06T05:38:50Z
2026-08-06T05:35:55Z,2026-08-06T07:35:55+0200,c3feb7e2-8675-4f7f-be40-2d97c558df74,2026-07-26T20:15:00Z,2026-07-26T22:15:00+0200,63.0,EUR/MWh,NL,NL,imbalance_price,Short,2026-08-06T05:38:50Z
2026-08-06T05:35:55Z,2026-08-06T07:35:55+0200,c3feb7e2-8675-4f7f-be40-2d97c558df74,2026-07-26T20:30:00Z,2026-07-26T22:30:00+0200,63.0,EUR/MWh,NL,NL,imbalance_price,Long,2026-08-06T05:38:50Z
2026-08-06T05:35:55Z,2026-08-06T07:35:55+0200,c3feb7e2-8675-4f7f-be40-2d97c558df74,2026-07-26T20:30:00Z,2026-07-26T22:30:00+0200,102.12,EUR/MWh,NL,NL,imbalance_price,Short,2026-08-06T05:38:50Z
2026-08-06T05:35:55Z,2026-08-06T07:35:55+0200,c3feb7e2-8675-4f7f-be40-2d97c558df74,2026-07-26T20:45:00Z,2026-07-26T22:45:00+0200,63.0,EUR/MWh,NL,NL,imbalance_price,Long,2026-08-06T05:38:50Z
2026-08-06T05:35:55Z,2026-08-06T07:35:55+0200,c3feb7e2-8675-4f7f-be40-2d97c558df74,2026-07-26T20:45:00Z,2026-07-26T22:45:00+0200,99.59,EUR/MWh,NL,NL,imbalance_price,Short,2026-08-06T05:38:50Z
2026-08-06T05:35:55Z,2026-08-06T07:35:55+0200,c3feb7e2-8675-4f7f-be40-2d97c558df74,2026-07-26T21:00:00Z,2026-07-26T23:00:00+0200,52.8,EUR/MWh,NL,NL,imbalance_price,Long,2026-08-06T05:38:50Z
2026-08-06T05:35:55Z,2026-08-06T07:35:55+0200,c3feb7e2-8675-4f7f-be40-2d97c558df74,2026-07-26T21:00:00Z,2026-07-26T23:00:00+0200,97.04,EUR/MWh,NL,NL,imbalance_price,Short,2026-08-06T05:38:50Z
2026-08-06T05:35:55Z,2026-08-06T07:35:55+0200,c3feb7e2-8675-4f7f-be40-2d97c558df74,2026-07-26T21:15:00Z,2026-07-26T23:15:00+0200,52.8,EUR/MWh,NL,NL,imbalance_price,Long,2026-08-06T05:38:50Z
2026-08-06T05:35:55Z,2026-08-06T07:35:55+0200,c3feb7e2-8675-4f7f-be40-2d97c558df74,2026-07-26T21:15:00Z,2026-07-26T23:15:00+0200,52.8,EUR/MWh,NL,NL,imbalance_price,Short,2026-08-06T05:38:50Z
2026-08-06T05:35:55Z,2026-08-06T07:35:55+0200,c3feb7e2-8675-4f7f-be40-2d97c558df74,2026-07-26T21:30:00Z,2026-07-26T23:30:00+0200,52.8,EUR/MWh,NL,NL,imbalance_price,Long,2026-08-06T05:38:50Z
2026-08-06T05:35:55Z,2026-08-06T07:35:55+0200,c3feb7e2-8675-4f7f-be40-2d97c558df74,2026-07-26T21:30:00Z,2026-07-26T23:30:00+0200,123.3,EUR/MWh,NL,NL,imbalance_price,Short,2026-08-06T05:38:50Z
2026-08-06T05:35:55Z,2026-08-06T07:35:55+0200,c3feb7e2-8675-4f7f-be40-2d97c558df74,2026-07-26T21:45:00Z,2026-07-26T23:45:00+0200,8.5,EUR/MWh,NL,NL,imbalance_price,Long,2026-08-06T05:38:50Z
2026-08-06T05:35:55Z,2026-08-06T07:35:55+0200,c3feb7e2-8675-4f7f-be40-2d97c558df74,2026-07-26T21:45:00Z,2026-07-26T23:45:00+0200,8.5,EUR/MWh,NL,NL,imbalance_price,Short,2026-08-06T05:38:50Z
2026-08-06T05:35:55Z,2026-08-06T07:35:55+0200,c3feb7e2-8675-4f7f-be40-2d97c558df74,2026-07-26T22:00:00Z,2026-07-27T00:00:00+0200,-5.94,EUR/MWh,NL,NL,imbalance_price,Long,2026-08-06T05:38:50Z
2026-08-06T05:35:55Z,2026-08-06T07:35:55+0200,c3feb7e2-8675-4f7f-be40-2d97c558df74,2026-07-26T22:00:00Z,2026-07-27T00:00:00+0200,-5.94,EUR/MWh,NL,NL,imbalance_price,Short,2026-08-06T05:38:50Z
2026-08-06T05:35:55Z,2026-08-06T07:35:55+0200,c3feb7e2-8675-4f7f-be40-2d97c558df74,2026-07-26T22:15:00Z,2026-07-27T00:15:00+0200,-5.94,EUR/MWh,NL,NL,imbalance_price,Long,2026-08-06T05:38:50Z
2026-08-06T05:35:55Z,2026-08-06T07:35:55+0200,c3feb7e2-8675-4f7f-be40-2d97c558df74,2026-07-26T22:15:00Z,2026-07-27T00:15:00+0200,-5.94,EUR/MWh,NL,NL,imbalance_price,Short,2026-08-06T05:38:50Z
2026-08-06T05:35:55Z,2026-08-06T07:35:55+0200,c3feb7e2-8675-4f7f-be40-2d97c558df74,2026-07-26T22:30:00Z,2026-07-27T00:30:00+0200,-5.94,EUR/MWh,NL,NL,imbalance_price,Long,2026-08-06T05:38:50Z
2026-08-06T05:35:55Z,2026-08-06T07:35:55+0200,c3feb7e2-8675-4f7f-be40-2d97c558df74,2026-07-26T22:30:00Z,2026-07-27T00:30:00+0200,-5.94,EUR/MWh,NL,NL,imbalance_price,Short,2026-08-06T05:38:50Z
2026-08-06T05:35:55Z,2026-08-06T07:35:55+0200,c3feb7e2-8675-4f7f-be40-2d97c558df74,2026-07-26T22:45:00Z,2026-07-27T00:45:00+0200,-5.09,EUR/MWh,NL,NL,imbalance_price,Long,2026-08-06T05:38:50Z
2026-08-06T05:35:55Z,2026-08-06T07:35:55+0200,c3feb7e2-8675-4f7f-be40-2d97c558df74,2026-07-26T22:45:00Z,2026-07-27T00:45:00+0200,-5.09,EUR/MWh,NL,NL,imbalance_price,Short,2026-08-06T05:38:50Z
2026-08-06T05:35:55Z,2026-08-06T07:35:55+0200,c3feb7e2-8675-4f7f-be40-2d97c558df74,2026-07-26T23:00:00Z,2026-07-27T01:00:00+0200,-15.0,EUR/MWh,NL,NL,imbalance_price,Long,2026-08-06T05:38:50Z
2026-08-06T05:35:55Z,2026-08-06T07:35:55+0200,c3feb7e2-8675-4f7f-be40-2d97c558df74,2026-07-26T23:00:00Z,2026-07-27T01:00:00+0200,-15.0,EUR/MWh,NL,NL,imbalance_price,Short,2026-08-06T05:38:50Z
2026-08-06T05:35:55Z,2026-08-06T07:35:55+0200,c3feb7e2-8675-4f7f-be40-2d97c558df74,2026-07-26T23:15:00Z,2026-07-27T01:15:00+0200,-13.9,EUR/MWh,NL,NL,imbalance_price,Long,2026-08-06T05:38:50Z
2026-08-06T05:35:55Z,2026-08-06T07:35:55+0200,c3feb7e2-8675-4f7f-be40-2d97c558df74,2026-07-26T23:15:00Z,2026-07-27T01:15:00+0200,-13.9,EUR/MWh,NL,NL,imbalance_price,Short,2026-08-06T05:38:50Z
2026-08-06T05:35:55Z,2026-08-06T07:35:55+0200,c3feb7e2-8675-4f7f-be40-2d97c558df74,2026-07-26T23:30:00Z,2026-07-27T01:30:00+0200,-8.14,EUR/MWh,NL,NL,imbalance_price,Long,2026-08-06T05:38:50Z
2026-08-06T05:35:55Z,2026-08-06T07:35:55+0200,c3feb7e2-8675-4f7f-be40-2d97c558df74,2026-07-26T23:30:00Z,2026-07-27T01:30:00+0200,-8.14,EUR/MWh,NL,NL,imbalance_price,Short,2026-08-06T05:38:50Z
2026-08-06T05:35:55Z,2026-08-06T07:35:55+0200,c3feb7e2-8675-4f7f-be40-2d97c558df74,2026-07-26T23:45:00Z,2026-07-27T01:45:00+0200,-2.94,EUR/MWh,NL,NL,imbalance_price,Long,2026-08-06T05:38:50Z
2026-08-06T05:35:55Z,2026-08-06T07:35:55+0200,c3feb7e2-8675-4f7f-be40-2d97c558df74,2026-07-26T23:45:00Z,2026-07-27T01:45:00+0200,-2.94,EUR/MWh,NL,NL,imbalance_price,Short,2026-08-06T05:38:50Z
2026-08-06T05:35:55Z,2026-08-06T07:35:55+0200,c3feb7e2-8675-4f7f-be40-2d97c558df74,2026-07-27T00:00:00Z,2026-07-27T02:00:00+0200,8.5,EUR/MWh,NL,NL,imbalance_price,Long,2026-08-06T05:38:50Z
2026-08-06T05:35:55Z,2026-08-06T07:35:55+0200,c3feb7e2-8675-4f7f-be40-2d97c558df74,2026-07-27T00:00:00Z,2026-07-27T02:00:00+0200,108.36,EUR/MWh,NL,NL,imbalance_price,Short,2026-08-06T05:38:50Z
2026-08-06T05:35:55Z,2026-08-06T07:35:55+0200,c3feb7e2-8675-4f7f-be40-2d97c558df74,2026-07-27T00:15:00Z,2026-07-27T02:15:00+0200,112.27,EUR/MWh,NL,NL,imbalance_price,Long,2026-08-06T05:38:50Z
2026-08-06T05:35:55Z,2026-08-06T07:35:55+0200,c3feb7e2-8675-4f7f-be40-2d97c558df74,2026-07-27T00:15:00Z,2026-07-27T02:15:00+0200,112.27,EUR/MWh,NL,NL,imbalance_price,Short,2026-08-06T05:38:50Z
2026-08-06T05:35:55Z,2026-08-06T07:35:55+0200,c3feb7e2-8675-4f7f-be40-2d97c558df74,2026-07-27T00:30:00Z,2026-07-27T02:30:00+0200,-3.94,EUR/MWh,NL,NL,imbalance_price,Long,2026-08-06T05:38:50Z
2026-08-06T05:35:55Z,2026-08-06T07:35:55+0200,c3feb7e2-8675-4f7f-be40-2d97c558df74,2026-07-27T00:30:00Z,2026-07-27T02:30:00+0200,86.64,EUR/MWh,NL,NL,imbalance_price,Short,2026-08-06T05:38:50Z
2026-08-06T05:35:55Z,2026-08-06T07:35:55+0200,c3feb7e2-8675-4f7f-be40-2d97c558df74,2026-07-27T00:45:00Z,2026-07-27T02:45:00+0200,-4.94,EUR/MWh,NL,NL,imbalance_price,Long,2026-08-06T05:38:50Z
2026-08-06T05:35:55Z,2026-08-06T07:35:55+0200,c3feb7e2-8675-4f7f-be40-2d97c558df74,2026-07-27T00:45:00Z,2026-07-27T02:45:00+0200,115.0,EUR/MWh,NL,NL,imbalance_price,Short,2026-08-06T05:38:50Z
2026-08-06T05:35:55Z,2026-08-06T07:35:55+0200,c3feb7e2-8675-4f7f-be40-2d97c558df74,2026-07-27T01:00:00Z,2026-07-27T03:00:00+0200,88.82,EUR/MWh,NL,NL,imbalance_price,Long,2026-08-06T05:38:50Z
2026-08-06T05:35:55Z,2026-08-06T07:35:55+0200,c3feb7e2-8675-4f7f-be40-2d97c558df74,2026-07-27T01:00:00Z,2026-07-27T03:00:00+0200,111.0,EUR/MWh,NL,NL,imbalance_price,Short,2026-08-06T05:38:50Z
2026-08-06T05:35:55Z,2026-08-06T07:35:55+0200,c3feb7e2-8675-4f7f-be40-2d97c558df74,2026-07-27T01:15:00Z,2026-07-27T03:15:00+0200,99.97,EUR/MWh,NL,NL,imbalance_price,Long,2026-08-06T05:38:50Z
2026-08-06T05:35:55Z,2026-08-06T07:35:55+0200,c3feb7e2-8675-4f7f-be40-2d97c558df74,2026-07-27T01:15:00Z,2026-07-27T03:15:00+0200,99.97,EUR/MWh,NL,NL,imbalance_price,Short,2026-08-06T05:38:50Z
2026-08-06T05:35:55Z,2026-08-06T07:35:55+0200,c3feb7e2-8675-4f7f-be40-2d97c558df74,2026-07-27T01:30:00Z,2026-07-27T03:30:00+0200,50.0,EUR/MWh,NL,NL,imbalance_price,Long,2026-08-06T05:38:50Z
2026-08-06T05:35:55Z,2026-08-06T07:35:55+0200,c3feb7e2-8675-4f7f-be40-2d97c558df74,2026-07-27T01:30:00Z,2026-07-27T03:30:00+0200,50.0,EUR/MWh,NL,NL,imbalance_price,Short,2026-08-06T05:38:50Z
2026-08-06T05:35:55Z,2026-08-06T07:35:55+0200,c3feb7e2-8675-4f7f-be40-2d97c558df74,2026-07-27T01:45:00Z,2026-07-27T03:45:00+0200,50.0,EUR/MWh,NL,NL,imbalance_price,Long,2026-08-06T05:38:50Z
2026-08-06T05:35:55Z,2026-08-06T07:35:55+0200,c3feb7e2-8675-4f7f-be40-2d97c558df74,2026-07-27T01:45:00Z,2026-07-27T03:45:00+0200,50.0,EUR/MWh,NL,NL,imbalance_price,Short,2026-08-06T05:38:50Z
2026-08-06T05:35:55Z,2026-08-06T07:35:55+0200,c3feb7e2-8675-4f7f-be40-2d97c558df74,2026-07-27T02:00:00Z,2026-07-27T04:00:00+0200,-6.94,EUR/MWh,NL,NL,imbalance_price,Long,2026-08-06T05:38:50Z
2026-08-06T05:35:55Z,2026-08-06T07:35:55+0200,c3feb7e2-8675-4f7f-be40-2d97c558df74,2026-07-27T02:00:00Z,2026-07-27T04:00:00+0200,114.0,EUR/MWh,NL,NL,imbalance_price,Short,2026-08-06T05:38:50Z
2026-08-06T05:35:55Z,2026-08-06T07:35:55+0200,c3feb7e2-8675-4f7f-be40-2d97c558df74,2026-07-27T02:15:00Z,2026-07-27T04:15:00+0200,8.5,EUR/MWh,NL,NL,imbalance_price,Long,2026-08-06T05:38:50Z
2026-08-06T05:35:55Z,2026-08-06T07:35:55+0200,c3feb7e2-8675-4f7f-be40-2d97c558df74,2026-07-27T02:15:00Z,2026-07-27T04:15:00+0200,108.36,EUR/MWh,NL,NL,imbalance_price,Short,2026-08-06T05:38:50Z
2026-08-06T05:35:55Z,2026-08-06T07:35:55+0200,c3feb7e2-8675-4f7f-be40-2d97c558df74,2026-07-27T02:30:00Z,2026-07-27T04:30:00+0200,118.3,EUR/MWh,NL,NL,imbalance_price,Long,2026-08-06T05:38:50Z
2026-08-06T05:35:55Z,2026-08-06T07:35:55+0200,c3feb7e2-8675-4f7f-be40-2d97c558df74,2026-07-27T02:30:00Z,2026-07-27T04:30:00+0200,118.3,EUR/MWh,NL,NL,imbalance_price,Short,2026-08-06T05:38:50Z
2026-08-06T05:35:55Z,2026-08-06T07:35:55+0200,c3feb7e2-8675-4f7f-be40-2d97c558df74,2026-07-27T02:45:00Z,2026-07-27T04:45:00+0200,133.0,EUR/MWh,NL,NL,imbalance_price,Long,2026-08-06T05:38:50Z
2026-08-06T05:35:55Z,2026-08-06T07:35:55+0200,c3feb7e2-8675-4f7f-be40-2d97c558df74,2026-07-27T02:45:00Z,2026-07-27T04:45:00+0200,133.0,EUR/MWh,NL,NL,imbalance_price,Short,2026-08-06T05:38:50Z
2026-08-06T05:35:55Z,2026-08-06T07:35:55+0200,c3feb7e2-8675-4f7f-be40-2d97c558df74,2026-07-27T03:00:00Z,2026-07-27T05:00:00+0200,123.68,EUR/MWh,NL,NL,imbalance_price,Long,2026-08-06T05:38:50Z
2026-08-06T05:35:55Z,2026-08-06T07:35:55+0200,c3feb7e2-8675-4f7f-be40-2d97c558df74,2026-07-27T03:00:00Z,2026-07-27T05:00:00+0200,123.68,EUR/MWh,NL,NL,imbalance_price,Short,2026-08-06T05:38:50Z
2026-08-06T05:35:55Z,2026-08-06T07:35:55+0200,c3feb7e2-8675-4f7f-be40-2d97c558df74,2026-07-27T03:15:00Z,2026-07-27T05:15:00+0200,93.95,EUR/MWh,NL,NL,imbalance_price,Long,2026-08-06T05:38:50Z
2026-08-06T05:35:55Z,2026-08-06T07:35:55+0200,c3feb7e2-8675-4f7f-be40-2d97c558df74,2026-07-27T03:15:00Z,2026-07-27T05:15:00+0200,118.36,EUR/MWh,NL,NL,imbalance_price,Short,2026-08-06T05:38:50Z
2026-08-06T05:35:55Z,2026-08-06T07:35:55+0200,c3feb7e2-8675-4f7f-be40-2d97c558df74,2026-07-27T03:30:00Z,2026-07-27T05:30:00+0200,118.3,EUR/MWh,NL,NL,imbalance_price,Long,2026-08-06T05:38:50Z
2026-08-06T05:35:55Z,2026-08-06T07:35:55+0200,c3feb7e2-8675-4f7f-be40-2d97c558df74,2026-07-27T03:30:00Z,2026-07-27T05:30:00+0200,118.3,EUR/MWh,NL,NL,imbalance_price,Short,2026-08-06T05:38:50Z
2026-08-06T05:35:55Z,2026-08-06T07:35:55+0200,c3feb7e2-8675-4f7f-be40-2d97c558df74,2026-07-27T03:45:00Z,2026-07-27T05:45:00+0200,-2.0,EUR/MWh,NL,NL,imbalance_price,Long,2026-08-06T05:38:50Z
2026-08-06T05:35:55Z,2026-08-06T07:35:55+0200,c3feb7e2-8675-4f7f-be40-2d97c558df74,2026-07-27T03:45:00Z,2026-07-27T05:45:00+0200,115.0,EUR/MWh,NL,NL,imbalance_price,Short,2026-08-06T05:38:50Z
2026-08-06T05:35:55Z,2026-08-06T07:35:55+0200,c3feb7e2-8675-4f7f-be40-2d97c558df74,2026-07-27T04:00:00Z,2026-07-27T06:00:00+0200,10.1,EUR/MWh,NL,NL,imbalance_price,Long,2026-08-06T05:38:50Z
2026-08-06T05:35:55Z,2026-08-06T07:35:55+0200,c3feb7e2-8675-4f7f-be40-2d97c558df74,2026-07-27T04:00:00Z,2026-07-27T06:00:00+0200,135.0,EUR/MWh,NL,NL,imbalance_price,Short,2026-08-06T05:38:50Z
2026-08-06T05:35:55Z,2026-08-06T07:35:55+0200,c3feb7e2-8675-4f7f-be40-2d97c558df74,2026-07-27T04:15:00Z,2026-07-27T06:15:00+0200,88.0,EUR/MWh,NL,NL,imbalance_price,Long,2026-08-06T05:38:50Z
2026-08-06T05:35:55Z,2026-08-06T07:35:55+0200,c3feb7e2-8675-4f7f-be40-2d97c558df74,2026-07-27T04:15:00Z,2026-07-27T06:15:00+0200,138.0,EUR/MWh,NL,NL,imbalance_price,Short,2026-08-06T05:38:50Z
2026-08-06T05:35:55Z,2026-08-06T07:35:55+0200,c3feb7e2-8675-4f7f-be40-2d97c558df74,2026-07-27T04:30:00Z,2026-07-27T06:30:00+0200,50.0,EUR/MWh,NL,NL,imbalance_price,Long,2026-08-06T05:38:50Z
2026-08-06T05:35:55Z,2026-08-06T07:35:55+0200,c3feb7e2-8675-4f7f-be40-2d97c558df74,2026-07-27T04:30:00Z,2026-07-27T06:30:00+0200,104.18,EUR/MWh,NL,NL,imbalance_price,Short,2026-08-06T05:38:50Z
2026-08-06T05:35:55Z,2026-08-06T07:35:55+0200,c3feb7e2-8675-4f7f-be40-2d97c558df74,2026-07-27T04:45:00Z,2026-07-27T06:45:00+0200,104.18,EUR/MWh,NL,NL,imbalance_price,Long,2026-08-06T05:38:50Z
2026-08-06T05:35:55Z,2026-08-06T07:35:55+0200,c3feb7e2-8675-4f7f-be40-2d97c558df74,2026-07-27T04:45:00Z,2026-07-27T06:45:00+0200,104.18,EUR/MWh,NL,NL,imbalance_price,Short,2026-08-06T05:38:50Z
2026-08-06T05:35:55Z,2026-08-06T07:35:55+0200,c3feb7e2-8675-4f7f-be40-2d97c558df74,2026-07-27T05:00:00Z,2026-07-27T07:00:00+0200,104.18,EUR/MWh,NL,NL,imbalance_price,Long,2026-08-06T05:38:50Z
2026-08-06T05:35:55Z,2026-08-06T07:35:55+0200,c3feb7e2-8675-4f7f-be40-2d97c558df74,2026-07-27T05:00:00Z,2026-07-27T07:00:00+0200,104.18,EUR/MWh,NL,NL,imbalance_price,Short,2026-08-06T05:38:50Z
2026-08-06T05:35:55Z,2026-08-06T07:35:55+0200,c3feb7e2-8675-4f7f-be40-2d97c558df74,2026-07-27T05:15:00Z,2026-07-27T07:15:00+0200,114.0,EUR/MWh,NL,NL,imbalance_price,Long,2026-08-06T05:38:50Z
2026-08-06T05:35:55Z,2026-08-06T07:35:55+0200,c3feb7e2-8675-4f7f-be40-2d97c558df74,2026-07-27T05:15:00Z,2026-07-27T07:15:00+0200,114.0,EUR/MWh,NL,NL,imbalance_price,Short,2026-08-06T05:38:50Z
2026-08-06T05:35:55Z,2026-08-06T07:35:55+0200,c3feb7e2-8675-4f7f-be40-2d97c558df74,2026-07-27T05:30:00Z,2026-07-27T07:30:00+0200,99.97,EUR/MWh,NL,NL,imbalance_price,Long,2026-08-06T05:38:50Z
2026-08-06T05:35:55Z,2026-08-06T07:35:55+0200,c3feb7e2-8675-4f7f-be40-2d97c558df74,2026-07-27T05:30:00Z,2026-07-27T07:30:00+0200,99.97,EUR/MWh,NL,NL,imbalance_price,Short,2026-08-06T05:38:50Z
2026-08-06T05:35:55Z,2026-08-06T07:35:55+0200,c3feb7e2-8675-4f7f-be40-2d97c558df74,2026-07-27T05:45:00Z,2026-07-27T07:45:00+0200,99.97,EUR/MWh,NL,NL,imbalance_price,Long,2026-08-06T05:38:50Z
2026-08-06T05:35:55Z,2026-08-06T07:35:55+0200,c3feb7e2-8675-4f7f-be40-2d97c558df74,2026-07-27T05:45:00Z,2026-07-27T07:45:00+0200,99.97,EUR/MWh,NL,NL,imbalance_price,Short,2026-08-06T05:38:50Z
2026-08-06T05:35:55Z,2026-08-06T07:35:55+0200,c3feb7e2-8675-4f7f-be40-2d97c558df74,2026-07-27T06:00:00Z,2026-07-27T08:00:00+0200,150.0,EUR/MWh,NL,NL,imbalance_price,Long,2026-08-06T05:38:50Z
2026-08-06T05:35:55Z,2026-08-06T07:35:55+0200,c3feb7e2-8675-4f7f-be40-2d97c558df74,2026-07-27T06:00:00Z,2026-07-27T08:00:00+0200,150.0,EUR/MWh,NL,NL,imbalance_price,Short,2026-08-06T05:38:50Z
2026-08-06T05:35:55Z,2026-08-06T07:35:55+0200,c3feb7e2-8675-4f7f-be40-2d97c558df74,2026-07-27T06:15:00Z,2026-07-27T08:15:00+0200,183.0,EUR/MWh,NL,NL,imbalance_price,Long,2026-08-06T05:38:50Z
2026-08-06T05:35:55Z,2026-08-06T07:35:55+0200,c3feb7e2-8675-4f7f-be40-2d97c558df74,2026-07-27T06:15:00Z,2026-07-27T08:15:00+0200,183.0,EUR/MWh,NL,NL,imbalance_price,Short,2026-08-06T05:38:50Z
2026-08-06T05:35:55Z,2026-08-06T07:35:55+0200,c3feb7e2-8675-4f7f-be40-2d97c558df74,2026-07-27T06:30:00Z,2026-07-27T08:30:00+0200,152.3,EUR/MWh,NL,NL,imbalance_price,Long,2026-08-06T05:38:50Z
2026-08-06T05:35:55Z,2026-08-06T07:35:55+0200,c3feb7e2-8675-4f7f-be40-2d97c558df74,2026-07-27T06:30:00Z,2026-07-27T08:30:00+0200,152.3,EUR/MWh,NL,NL,imbalance_price,Short,2026-08-06T05:38:50Z
2026-08-06T05:35:55Z,2026-08-06T07:35:55+0200,c3feb7e2-8675-4f7f-be40-2d97c558df74,2026-07-27T06:45:00Z,2026-07-27T08:45:00+0200,140.0,EUR/MWh,NL,NL,imbalance_price,Long,2026-08-06T05:38:50Z
2026-08-06T05:35:55Z,2026-08-06T07:35:55+0200,c3feb7e2-8675-4f7f-be40-2d97c558df74,2026-07-27T06:45:00Z,2026-07-27T08:45:00+0200,140.0,EUR/MWh,NL,NL,imbalance_price,Short,2026-08-06T05:38:50Z
2026-08-06T05:35:55Z,2026-08-06T07:35:55+0200,c3feb7e2-8675-4f7f-be40-2d97c558df74,2026-07-27T07:00:00Z,2026-07-27T09:00:00+0200,113.03,EUR/MWh,NL,NL,imbalance_price,Long,2026-08-06T05:38:50Z
2026-08-06T05:35:55Z,2026-08-06T07:35:55+0200,c3feb7e2-8675-4f7f-be40-2d97c558df74,2026-07-27T07:00:00Z,2026-07-27T09:00:00+0200,128.06,EUR/MWh,NL,NL,imbalance_price,Short,2026-08-06T05:38:50Z
2026-08-06T05:35:55Z,2026-08-06T07:35:55+0200,c3feb7e2-8675-4f7f-be40-2d97c558df74,2026-07-27T07:15:00Z,2026-07-27T09:15:00+0200,50.0,EUR/MWh,NL,NL,imbalance_price,Long,2026-08-06T05:38:50Z
2026-08-06T05:35:55Z,2026-08-06T07:35:55+0200,c3feb7e2-8675-4f7f-be40-2d97c558df74,2026-07-27T07:15:00Z,2026-07-27T09:15:00+0200,119.11,EUR/MWh,NL,NL,imbalance_price,Short,2026-08-06T05:38:50Z
2026-08-06T05:35:55Z,2026-08-06T07:35:55+0200,c3feb7e2-8675-4f7f-be40-2d97c558df74,2026-07-27T07:30:00Z,2026-07-27T09:30:00+0200,10.0,EUR/MWh,NL,NL,imbalance_price,Long,2026-08-06T05:38:50Z
2026-08-06T05:35:55Z,2026-08-06T07:35:55+0200,c3feb7e2-8675-4f7f-be40-2d97c558df74,2026-07-27T07:30:00Z,2026-07-27T09:30:00+0200,150.0,EUR/MWh,NL,NL,imbalance_price,Short,2026-08-06T05:38:50Z
2026-08-06T05:35:55Z,2026-08-06T07:35:55+0200,c3feb7e2-8675-4f7f-be40-2d97c558df74,2026-07-27T07:45:00Z,2026-07-27T09:45:00+0200,56.0,EUR/MWh,NL,NL,imbalance_price,Long,2026-08-06T05:38:50Z
2026-08-06T05:35:55Z,2026-08-06T07:35:55+0200,c3feb7e2-8675-4f7f-be40-2d97c558df74,2026-07-27T07:45:00Z,2026-07-27T09:45:00+0200,152.26,EUR/MWh,NL,NL,imbalance_price,Short,2026-08-06T05:38:50Z
2026-08-06T05:35:55Z,2026-08-06T07:35:55+0200,c3feb7e2-8675-4f7f-be40-2d97c558df74,2026-07-27T08:00:00Z,2026-07-27T10:00:00+0200,-18.0,EUR/MWh,NL,NL,imbalance_price,Long,2026-08-06T05:38:50Z
2026-08-06T05:35:55Z,2026-08-06T07:35:55+0200,c3feb7e2-8675-4f7f-be40-2d97c558df74,2026-07-27T08:00:00Z,2026-07-27T10:00:00+0200,-18.0,EUR/MWh,NL,NL,imbalance_price,Short,2026-08-06T05:38:50Z
2026-08-06T05:35:55Z,2026-08-06T07:35:55+0200,c3feb7e2-8675-4f7f-be40-2d97c558df74,2026-07-27T08:15:00Z,2026-07-27T10:15:00+0200,12.0,EUR/MWh,NL,NL,imbalance_price,Long,2026-08-06T05:38:50Z
2026-08-06T05:35:55Z,2026-08-06T07:35:55+0200,c3feb7e2-8675-4f7f-be40-2d97c558df74,2026-07-27T08:15:00Z,2026-07-27T10:15:00+0200,12.0,EUR/MWh,NL,NL,imbalance_price,Short,2026-08-06T05:38:50Z
2026-08-06T05:35:55Z,2026-08-06T07:35:55+0200,c3feb7e2-8675-4f7f-be40-2d97c558df74,2026-07-27T08:30:00Z,2026-07-27T10:30:00+0200,28.0,EUR/MWh,NL,NL,imbalance_price,Long,2026-08-06T05:38:50Z
2026-08-06T05:35:55Z,2026-08-06T07:35:55+0200,c3feb7e2-8675-4f7f-be40-2d97c558df74,2026-07-27T08:30:00Z,2026-07-27T10:30:00+0200,140.0,EUR/MWh,NL,NL,imbalance_price,Short,2026-08-06T05:38:50Z
2026-08-06T05:35:55Z,2026-08-06T07:35:55+0200,c3feb7e2-8675-4f7f-be40-2d97c558df74,2026-07-27T08:45:00Z,2026-07-27T10:45:00+0200,152.3,EUR/MWh,NL,NL,imbalance_price,Long,2026-08-06T05:38:50Z
2026-08-06T05:35:55Z,2026-08-06T07:35:55+0200,c3feb7e2-8675-4f7f-be40-2d97c558df74,2026-07-27T08:45:00Z,2026-07-27T10:45:00+0200,152.3,EUR/MWh,NL,NL,imbalance_price,Short,2026-08-06T05:38:50Z
2026-08-06T05:35:55Z,2026-08-06T07:35:55+0200,c3feb7e2-8675-4f7f-be40-2d97c558df74,2026-07-27T09:00:00Z,2026-07-27T11:00:00+0200,150.0,EUR/MWh,NL,NL,imbalance_price,Long,2026-08-06T05:38:50Z
2026-08-06T05:35:55Z,2026-08-06T07:35:55+0200,c3feb7e2-8675-4f7f-be40-2d97c558df74,2026-07-27T09:00:00Z,2026-07-27T11:00:00+0200,150.0,EUR/MWh,NL,NL,imbalance_price,Short,2026-08-06T05:38:50Z
2026-08-06T05:35:55Z,2026-08-06T07:35:55+0200,c3feb7e2-8675-4f7f-be40-2d97c558df74,2026-07-27T09:15:00Z,2026-07-27T11:15:00+0200,30.0,EUR/MWh,NL,NL,imbalance_price,Long,2026-08-06T05:38:50Z
2026-08-06T05:35:55Z,2026-08-06T07:35:55+0200,c3feb7e2-8675-4f7f-be40-2d97c558df74,2026-07-27T09:15:00Z,2026-07-27T11:15:00+0200,30.0,EUR/MWh,NL,NL,imbalance_price,Short,2026-08-06T05:38:50Z
2026-08-06T05:35:55Z,2026-08-06T07:35:55+0200,c3feb7e2-8675-4f7f-be40-2d97c558df74,2026-07-27T09:30:00Z,2026-07-27T11:30:00+0200,60.68,EUR/MWh,NL,NL,imbalance_price,Long,2026-08-06T05:38:50Z
2026-08-06T05:35:55Z,2026-08-06T07:35:55+0200,c3feb7e2-8675-4f7f-be40-2d97c558df74,2026-07-27T09:30:00Z,2026-07-27T11:30:00+0200,135.31,EUR/MWh,NL,NL,imbalance_price,Short,2026-08-06T05:38:50Z
2026-08-06T05:35:55Z,2026-08-06T07:35:55+0200,c3feb7e2-8675-4f7f-be40-2d97c558df74,2026-07-27T09:45:00Z,2026-07-27T11:45:00+0200,12.0,EUR/MWh,NL,NL,imbalance_price,Long,2026-08-06T05:38:50Z
2026-08-06T05:35:55Z,2026-08-06T07:35:55+0200,c3feb7e2-8675-4f7f-be40-2d97c558df74,2026-07-27T09:45:00Z,2026-07-27T11:45:00+0200,12.0,EUR/MWh,NL,NL,imbalance_price,Short,2026-08-06T05:38:50Z
2026-08-06T05:35:55Z,2026-08-06T07:35:55+0200,c3feb7e2-8675-4f7f-be40-2d97c558df74,2026-07-27T10:00:00Z,2026-07-27T12:00:00+0200,-4.0,EUR/MWh,NL,NL,imbalance_price,Long,2026-08-06T05:38:50Z
2026-08-06T05:35:55Z,2026-08-06T07:35:55+0200,c3feb7e2-8675-4f7f-be40-2d97c558df74,2026-07-27T10:00:00Z,2026-07-27T12:00:00+0200,-4.0,EUR/MWh,NL,NL,imbalance_price,Short,2026-08-06T05:38:50Z
2026-08-06T05:35:55Z,2026-08-06T07:35:55+0200,c3feb7e2-8675-4f7f-be40-2d97c558df74,2026-07-27T10:15:00Z,2026-07-27T12:15:00+0200,-34.21,EUR/MWh,NL,NL,imbalance_price,Long,2026-08-06T05:38:50Z
2026-08-06T05:35:55Z,2026-08-06T07:35:55+0200,c3feb7e2-8675-4f7f-be40-2d97c558df74,2026-07-27T10:15:00Z,2026-07-27T12:15:00+0200,-34.21,EUR/MWh,NL,NL,imbalance_price,Short,2026-08-06T05:38:50Z
2026-08-06T05:35:55Z,2026-08-06T07:35:55+0200,c3feb7e2-8675-4f7f-be40-2d97c558df74,2026-07-27T10:30:00Z,2026-07-27T12:30:00+0200,-8.14,EUR/MWh,NL,NL,imbalance_price,Long,2026-08-06T05:38:50Z
2026-08-06T05:35:55Z,2026-08-06T07:35:55+0200,c3feb7e2-8675-4f7f-be40-2d97c558df74,2026-07-27T10:30:00Z,2026-07-27T12:30:00+0200,-8.14,EUR/MWh,NL,NL,imbalance_price,Short,2026-08-06T05:38:50Z
2026-08-06T05:35:55Z,2026-08-06T07:35:55+0200,c3feb7e2-8675-4f7f-be40-2d97c558df74,2026-07-27T10:45:00Z,2026-07-27T12:45:00+0200,0.0,EUR/MWh,NL,NL,imbalance_price,Long,2026-08-06T05:38:50Z
2026-08-06T05:35:55Z,2026-08-06T07:35:55+0200,c3feb7e2-8675-4f7f-be40-2d97c558df74,2026-07-27T10:45:00Z,2026-07-27T12:45:00+0200,0.0,EUR/MWh,NL,NL,imbalance_price,Short,2026-08-06T05:38:50Z
2026-08-06T05:35:55Z,2026-08-06T07:35:55+0200,c3feb7e2-8675-4f7f-be40-2d97c558df74,2026-07-27T11:00:00Z,2026-07-27T13:00:00+0200,-4.0,EUR/MWh,NL,NL,imbalance_price,Long,2026-08-06T05:38:50Z
2026-08-06T05:35:55Z,2026-08-06T07:35:55+0200,c3feb7e2-8675-4f7f-be40-2d97c558df74,2026-07-27T11:00:00Z,2026-07-27T13:00:00+0200,86.43,EUR/MWh,NL,NL,imbalance_price,Short,2026-08-06T05:38:50Z
2026-08-06T05:35:55Z,2026-08-06T07:35:55+0200,c3feb7e2-8675-4f7f-be40-2d97c558df74,2026-07-27T11:15:00Z,2026-07-27T13:15:00+0200,-15.0,EUR/MWh,NL,NL,imbalance_price,Long,2026-08-06T05:38:50Z
2026-08-06T05:35:55Z,2026-08-06T07:35:55+0200,c3feb7e2-8675-4f7f-be40-2d97c558df74,2026-07-27T11:15:00Z,2026-07-27T13:15:00+0200,-15.0,EUR/MWh,NL,NL,imbalance_price,Short,2026-08-06T05:38:50Z
2026-08-06T05:35:55Z,2026-08-06T07:35:55+0200,c3feb7e2-8675-4f7f-be40-2d97c558df74,2026-07-27T11:30:00Z,2026-07-27T13:30:00+0200,-35.0,EUR/MWh,NL,NL,imbalance_price,Long,2026-08-06T05:38:50Z
2026-08-06T05:35:55Z,2026-08-06T07:35:55+0200,c3feb7e2-8675-4f7f-be40-2d97c558df74,2026-07-27T11:30:00Z,2026-07-27T13:30:00+0200,-35.0,EUR/MWh,NL,NL,imbalance_price,Short,2026-08-06T05:38:50Z
2026-08-06T05:35:55Z,2026-08-06T07:35:55+0200,c3feb7e2-8675-4f7f-be40-2d97c558df74,2026-07-27T11:45:00Z,2026-07-27T13:45:00+0200,-18.0,EUR/MWh,NL,NL,imbalance_price,Long,2026-08-06T05:38:50Z
2026-08-06T05:35:55Z,2026-08-06T07:35:55+0200,c3feb7e2-8675-4f7f-be40-2d97c558df74,2026-07-27T11:45:00Z,2026-07-27T13:45:00+0200,-18.0,EUR/MWh,NL,NL,imbalance_price,Short,2026-08-06T05:38:50Z
2026-08-06T05:35:55Z,2026-08-06T07:35:55+0200,c3feb7e2-8675-4f7f-be40-2d97c558df74,2026-07-27T12:00:00Z,2026-07-27T14:00:00+0200,-15.0,EUR/MWh,NL,NL,imbalance_price,Long,2026-08-06T05:38:50Z
2026-08-06T05:35:55Z,2026-08-06T07:35:55+0200,c3feb7e2-8675-4f7f-be40-2d97c558df74,2026-07-27T12:00:00Z,2026-07-27T14:00:00+0200,-15.0,EUR/MWh,NL,NL,imbalance_price,Short,2026-08-06T05:38:50Z
2026-08-06T05:35:55Z,2026-08-06T07:35:55+0200,c3feb7e2-8675-4f7f-be40-2d97c558df74,2026-07-27T12:15:00Z,2026-07-27T14:15:00+0200,-50.1,EUR/MWh,NL,NL,imbalance_price,Long,2026-08-06T05:38:50Z
2026-08-06T05:35:55Z,2026-08-06T07:35:55+0200,c3feb7e2-8675-4f7f-be40-2d97c558df74,2026-07-27T12:15:00Z,2026-07-27T14:15:00+0200,-50.1,EUR/MWh,NL,NL,imbalance_price,Short,2026-08-06T05:38:50Z
2026-08-06T05:35:55Z,2026-08-06T07:35:55+0200,c3feb7e2-8675-4f7f-be40-2d97c558df74,2026-07-27T12:30:00Z,2026-07-27T14:30:00+0200,-64.8,EUR/MWh,NL,NL,imbalance_price,Long,2026-08-06T05:38:50Z
2026-08-06T05:35:55Z,2026-08-06T07:35:55+0200,c3feb7e2-8675-4f7f-be40-2d97c558df74,2026-07-27T12:30:00Z,2026-07-27T14:30:00+0200,-64.8,EUR/MWh,NL,NL,imbalance_price,Short,2026-08-06T05:38:50Z
2026-08-06T05:35:55Z,2026-08-06T07:35:55+0200,c3feb7e2-8675-4f7f-be40-2d97c558df74,2026-07-27T12:45:00Z,2026-07-27T14:45:00+0200,-30.0,EUR/MWh,NL,NL,imbalance_price,Long,2026-08-06T05:38:50Z
2026-08-06T05:35:55Z,2026-08-06T07:35:55+0200,c3feb7e2-8675-4f7f-be40-2d97c558df74,2026-07-27T12:45:00Z,2026-07-27T14:45:00+0200,-30.0,EUR/MWh,NL,NL,imbalance_price,Short,2026-08-06T05:38:50Z
2026-08-06T05:35:55Z,2026-08-06T07:35:55+0200,c3feb7e2-8675-4f7f-be40-2d97c558df74,2026-07-27T13:00:00Z,2026-07-27T15:00:00+0200,-15.0,EUR/MWh,NL,NL,imbalance_price,Long,2026-08-06T05:38:50Z
2026-08-06T05:35:55Z,2026-08-06T07:35:55+0200,c3feb7e2-8675-4f7f-be40-2d97c558df74,2026-07-27T13:00:00Z,2026-07-27T15:00:00+0200,-15.0,EUR/MWh,NL,NL,imbalance_price,Short,2026-08-06T05:38:50Z
2026-08-06T05:35:55Z,2026-08-06T07:35:55+0200,c3feb7e2-8675-4f7f-be40-2d97c558df74,2026-07-27T13:15:00Z,2026-07-27T15:15:00+0200,10.0,EUR/MWh,NL,NL,imbalance_price,Long,2026-08-06T05:38:50Z
2026-08-06T05:35:55Z,2026-08-06T07:35:55+0200,c3feb7e2-8675-4f7f-be40-2d97c558df74,2026-07-27T13:15:00Z,2026-07-27T15:15:00+0200,10.0,EUR/MWh,NL,NL,imbalance_price,Short,2026-08-06T05:38:50Z
2026-08-06T05:35:55Z,2026-08-06T07:35:55+0200,c3feb7e2-8675-4f7f-be40-2d97c558df74,2026-07-27T13:30:00Z,2026-07-27T15:30:00+0200,-55.0,EUR/MWh,NL,NL,imbalance_price,Long,2026-08-06T05:38:50Z
2026-08-06T05:35:55Z,2026-08-06T07:35:55+0200,c3feb7e2-8675-4f7f-be40-2d97c558df74,2026-07-27T13:30:00Z,2026-07-27T15:30:00+0200,-55.0,EUR/MWh,NL,NL,imbalance_price,Short,2026-08-06T05:38:50Z
2026-08-06T05:35:55Z,2026-08-06T07:35:55+0200,c3feb7e2-8675-4f7f-be40-2d97c558df74,2026-07-27T13:45:00Z,2026-07-27T15:45:00+0200,-4.0,EUR/MWh,NL,NL,imbalance_price,Long,2026-08-06T05:38:50Z
2026-08-06T05:35:55Z,2026-08-06T07:35:55+0200,c3feb7e2-8675-4f7f-be40-2d97c558df74,2026-07-27T13:45:00Z,2026-07-27T15:45:00+0200,-4.0,EUR/MWh,NL,NL,imbalance_price,Short,2026-08-06T05:38:50Z
2026-08-06T05:35:55Z,2026-08-06T07:35:55+0200,c3feb7e2-8675-4f7f-be40-2d97c558df74,2026-07-27T14:00:00Z,2026-07-27T16:00:00+0200,-6.38,EUR/MWh,NL,NL,imbalance_price,Long,2026-08-06T05:38:50Z
2026-08-06T05:35:55Z,2026-08-06T07:35:55+0200,c3feb7e2-8675-4f7f-be40-2d97c558df74,2026-07-27T14:00:00Z,2026-07-27T16:00:00+0200,-6.38,EUR/MWh,NL,NL,imbalance_price,Short,2026-08-06T05:38:50Z
2026-08-06T05:35:55Z,2026-08-06T07:35:55+0200,c3feb7e2-8675-4f7f-be40-2d97c558df74,2026-07-27T14:15:00Z,2026-07-27T16:15:00+0200,12.0,EUR/MWh,NL,NL,imbalance_price,Long,2026-08-06T05:38:50Z
2026-08-06T05:35:55Z,2026-08-06T07:35:55+0200,c3feb7e2-8675-4f7f-be40-2d97c558df74,2026-07-27T14:15:00Z,2026-07-27T16:15:00+0200,12.0,EUR/MWh,NL,NL,imbalance_price,Short,2026-08-06T05:38:50Z
2026-08-06T05:35:55Z,2026-08-06T07:35:55+0200,c3feb7e2-8675-4f7f-be40-2d97c558df74,2026-07-27T14:30:00Z,2026-07-27T16:30:00+0200,-18.0,EUR/MWh,NL,NL,imbalance_price,Long,2026-08-06T05:38:50Z
2026-08-06T05:35:55Z,2026-08-06T07:35:55+0200,c3feb7e2-8675-4f7f-be40-2d97c558df74,2026-07-27T14:30:00Z,2026-07-27T16:30:00+0200,60.68,EUR/MWh,NL,NL,imbalance_price,Short,2026-08-06T05:38:50Z
2026-08-06T05:35:55Z,2026-08-06T07:35:55+0200,c3feb7e2-8675-4f7f-be40-2d97c558df74,2026-07-27T14:45:00Z,2026-07-27T16:45:00+0200,12.0,EUR/MWh,NL,NL,imbalance_price,Long,2026-08-06T05:38:50Z
2026-08-06T05:35:55Z,2026-08-06T07:35:55+0200,c3feb7e2-8675-4f7f-be40-2d97c558df74,2026-07-27T14:45:00Z,2026-07-27T16:45:00+0200,60.68,EUR/MWh,NL,NL,imbalance_price,Short,2026-08-06T05:38:50Z
2026-08-06T05:35:55Z,2026-08-06T07:35:55+0200,c3feb7e2-8675-4f7f-be40-2d97c558df74,2026-07-27T15:00:00Z,2026-07-27T17:00:00+0200,60.68,EUR/MWh,NL,NL,imbalance_price,Long,2026-08-06T05:38:50Z
2026-08-06T05:35:55Z,2026-08-06T07:35:55+0200,c3feb7e2-8675-4f7f-be40-2d97c558df74,2026-07-27T15:00:00Z,2026-07-27T17:00:00+0200,84.0,EUR/MWh,NL,NL,imbalance_price,Short,2026-08-06T05:38:50Z
2026-08-06T05:35:55Z,2026-08-06T07:35:55+0200,c3feb7e2-8675-4f7f-be40-2d97c558df74,2026-07-27T15:15:00Z,2026-07-27T17:15:00+0200,12.0,EUR/MWh,NL,NL,imbalance_price,Long,2026-08-06T05:38:50Z
2026-08-06T05:35:55Z,2026-08-06T07:35:55+0200,c3feb7e2-8675-4f7f-be40-2d97c558df74,2026-07-27T15:15:00Z,2026-07-27T17:15:00+0200,108.36,EUR/MWh,NL,NL,imbalance_price,Short,2026-08-06T05:38:50Z
2026-08-06T05:35:55Z,2026-08-06T07:35:55+0200,c3feb7e2-8675-4f7f-be40-2d97c558df74,2026-07-27T15:30:00Z,2026-07-27T17:30:00+0200,129.07,EUR/MWh,NL,NL,imbalance_price,Long,2026-08-06T05:38:50Z
2026-08-06T05:35:55Z,2026-08-06T07:35:55+0200,c3feb7e2-8675-4f7f-be40-2d97c558df74,2026-07-27T15:30:00Z,2026-07-27T17:30:00+0200,129.07,EUR/MWh,NL,NL,imbalance_price,Short,2026-08-06T05:38:50Z
2026-08-06T05:35:55Z,2026-08-06T07:35:55+0200,c3feb7e2-8675-4f7f-be40-2d97c558df74,2026-07-27T15:45:00Z,2026-07-27T17:45:00+0200,150.0,EUR/MWh,NL,NL,imbalance_price,Long,2026-08-06T05:38:50Z
2026-08-06T05:35:55Z,2026-08-06T07:35:55+0200,c3feb7e2-8675-4f7f-be40-2d97c558df74,2026-07-27T15:45:00Z,2026-07-27T17:45:00+0200,150.0,EUR/MWh,NL,NL,imbalance_price,Short,2026-08-06T05:38:50Z
2026-08-06T05:35:55Z,2026-08-06T07:35:55+0200,c3feb7e2-8675-4f7f-be40-2d97c558df74,2026-07-27T16:00:00Z,2026-07-27T18:00:00+0200,123.58,EUR/MWh,NL,NL,imbalance_price,Long,2026-08-06T05:38:50Z
2026-08-06T05:35:55Z,2026-08-06T07:35:55+0200,c3feb7e2-8675-4f7f-be40-2d97c558df74,2026-07-27T16:00:00Z,2026-07-27T18:00:00+0200,123.58,EUR/MWh,NL,NL,imbalance_price,Short,2026-08-06T05:38:50Z
2026-08-06T05:35:55Z,2026-08-06T07:35:55+0200,c3feb7e2-8675-4f7f-be40-2d97c558df74,2026-07-27T16:15:00Z,2026-07-27T18:15:00+0200,14.9,EUR/MWh,NL,NL,imbalance_price,Long,2026-08-06T05:38:50Z
2026-08-06T05:35:55Z,2026-08-06T07:35:55+0200,c3feb7e2-8675-4f7f-be40-2d97c558df74,2026-07-27T16:15:00Z,2026-07-27T18:15:00+0200,140.0,EUR/MWh,NL,NL,imbalance_price,Short,2026-08-06T05:38:50Z
2026-08-06T05:35:55Z,2026-08-06T07:35:55+0200,c3feb7e2-8675-4f7f-be40-2d97c558df74,2026-07-27T16:30:00Z,2026-07-27T18:30:00+0200,50.0,EUR/MWh,NL,NL,imbalance_price,Long,2026-08-06T05:38:50Z
2026-08-06T05:35:55Z,2026-08-06T07:35:55+0200,c3feb7e2-8675-4f7f-be40-2d97c558df74,2026-07-27T16:30:00Z,2026-07-27T18:30:00+0200,150.9,EUR/MWh,NL,NL,imbalance_price,Short,2026-08-06T05:38:50Z
2026-08-06T05:35:55Z,2026-08-06T07:35:55+0200,c3feb7e2-8675-4f7f-be40-2d97c558df74,2026-07-27T16:45:00Z,2026-07-27T18:45:00+0200,183.0,EUR/MWh,NL,NL,imbalance_price,Long,2026-08-06T05:38:50Z
2026-08-06T05:35:55Z,2026-08-06T07:35:55+0200,c3feb7e2-8675-4f7f-be40-2d97c558df74,2026-07-27T16:45:00Z,2026-07-27T18:45:00+0200,183.0,EUR/MWh,NL,NL,imbalance_price,Short,2026-08-06T05:38:50Z
2026-08-06T05:35:55Z,2026-08-06T07:35:55+0200,c3feb7e2-8675-4f7f-be40-2d97c558df74,2026-07-27T17:00:00Z,2026-07-27T19:00:00+0200,183.0,EUR/MWh,NL,NL,imbalance_price,Long,2026-08-06T05:38:50Z
2026-08-06T05:35:55Z,2026-08-06T07:35:55+0200,c3feb7e2-8675-4f7f-be40-2d97c558df74,2026-07-27T17:00:00Z,2026-07-27T19:00:00+0200,183.0,EUR/MWh,NL,NL,imbalance_price,Short,2026-08-06T05:38:50Z
2026-08-06T05:35:55Z,2026-08-06T07:35:55+0200,c3feb7e2-8675-4f7f-be40-2d97c558df74,2026-07-27T17:15:00Z,2026-07-27T19:15:00+0200,217.1,EUR/MWh,NL,NL,imbalance_price,Long,2026-08-06T05:38:50Z
2026-08-06T05:35:55Z,2026-08-06T07:35:55+0200,c3feb7e2-8675-4f7f-be40-2d97c558df74,2026-07-27T17:15:00Z,2026-07-27T19:15:00+0200,217.1,EUR/MWh,NL,NL,imbalance_price,Short,2026-08-06T05:38:50Z
2026-08-06T05:35:55Z,2026-08-06T07:35:55+0200,c3feb7e2-8675-4f7f-be40-2d97c558df74,2026-07-27T17:30:00Z,2026-07-27T19:30:00+0200,183.0,EUR/MWh,NL,NL,imbalance_price,Long,2026-08-06T05:38:50Z
2026-08-06T05:35:55Z,2026-08-06T07:35:55+0200,c3feb7e2-8675-4f7f-be40-2d97c558df74,2026-07-27T17:30:00Z,2026-07-27T19:30:00+0200,183.0,EUR/MWh,NL,NL,imbalance_price,Short,2026-08-06T05:38:50Z
2026-08-06T05:35:55Z,2026-08-06T07:35:55+0200,c3feb7e2-8675-4f7f-be40-2d97c558df74,2026-07-27T17:45:00Z,2026-07-27T19:45:00+0200,112.52,EUR/MWh,NL,NL,imbalance_price,Long,2026-08-06T05:38:50Z
2026-08-06T05:35:55Z,2026-08-06T07:35:55+0200,c3feb7e2-8675-4f7f-be40-2d97c558df74,2026-07-27T17:45:00Z,2026-07-27T19:45:00+0200,150.0,EUR/MWh,NL,NL,imbalance_price,Short,2026-08-06T05:38:50Z
2026-08-06T05:35:55Z,2026-08-06T07:35:55+0200,c3feb7e2-8675-4f7f-be40-2d97c558df74,2026-07-27T18:00:00Z,2026-07-27T20:00:00+0200,165.0,EUR/MWh,NL,NL,imbalance_price,Long,2026-08-06T05:38:50Z
2026-08-06T05:35:55Z,2026-08-06T07:35:55+0200,c3feb7e2-8675-4f7f-be40-2d97c558df74,2026-07-27T18:00:00Z,2026-07-27T20:00:00+0200,165.0,EUR/MWh,NL,NL,imbalance_price,Short,2026-08-06T05:38:50Z
2026-08-06T05:35:55Z,2026-08-06T07:35:55+0200,c3feb7e2-8675-4f7f-be40-2d97c558df74,2026-07-27T18:15:00Z,2026-07-27T20:15:00+0200,173.04,EUR/MWh,NL,NL,imbalance_price,Long,2026-08-06T05:38:50Z
2026-08-06T05:35:55Z,2026-08-06T07:35:55+0200,c3feb7e2-8675-4f7f-be40-2d97c558df74,2026-07-27T18:15:00Z,2026-07-27T20:15:00+0200,173.04,EUR/MWh,NL,NL,imbalance_price,Short,2026-08-06T05:38:50Z
2026-08-06T05:35:55Z,2026-08-06T07:35:55+0200,c3feb7e2-8675-4f7f-be40-2d97c558df74,2026-07-27T18:30:00Z,2026-07-27T20:30:00+0200,300.0,EUR/MWh,NL,NL,imbalance_price,Long,2026-08-06T05:38:50Z
2026-08-06T05:35:55Z,2026-08-06T07:35:55+0200,c3feb7e2-8675-4f7f-be40-2d97c558df74,2026-07-27T18:30:00Z,2026-07-27T20:30:00+0200,300.0,EUR/MWh,NL,NL,imbalance_price,Short,2026-08-06T05:38:50Z
2026-08-06T05:35:55Z,2026-08-06T07:35:55+0200,c3feb7e2-8675-4f7f-be40-2d97c558df74,2026-07-27T18:45:00Z,2026-07-27T20:45:00+0200,160.0,EUR/MWh,NL,NL,imbalance_price,Long,2026-08-06T05:38:50Z
2026-08-06T05:35:55Z,2026-08-06T07:35:55+0200,c3feb7e2-8675-4f7f-be40-2d97c558df74,2026-07-27T18:45:00Z,2026-07-27T20:45:00+0200,160.0,EUR/MWh,NL,NL,imbalance_price,Short,2026-08-06T05:38:50Z
2026-08-06T05:35:55Z,2026-08-06T07:35:55+0200,c3feb7e2-8675-4f7f-be40-2d97c558df74,2026-07-27T19:00:00Z,2026-07-27T21:00:00+0200,125.61,EUR/MWh,NL,NL,imbalance_price,Long,2026-08-06T05:38:50Z
2026-08-06T05:35:55Z,2026-08-06T07:35:55+0200,c3feb7e2-8675-4f7f-be40-2d97c558df74,2026-07-27T19:00:00Z,2026-07-27T21:00:00+0200,125.61,EUR/MWh,NL,NL,imbalance_price,Short,2026-08-06T05:38:50Z
2026-08-06T05:35:55Z,2026-08-06T07:35:55+0200,c3feb7e2-8675-4f7f-be40-2d97c558df74,2026-07-27T19:15:00Z,2026-07-27T21:15:00+0200,165.0,EUR/MWh,NL,NL,imbalance_price,Long,2026-08-06T05:38:50Z
2026-08-06T05:35:55Z,2026-08-06T07:35:55+0200,c3feb7e2-8675-4f7f-be40-2d97c558df74,2026-07-27T19:15:00Z,2026-07-27T21:15:00+0200,165.0,EUR/MWh,NL,NL,imbalance_price,Short,2026-08-06T05:38:50Z
2026-08-06T05:35:55Z,2026-08-06T07:35:55+0200,c3feb7e2-8675-4f7f-be40-2d97c558df74,2026-07-27T19:30:00Z,2026-07-27T21:30:00+0200,117.65,EUR/MWh,NL,NL,imbalance_price,Long,2026-08-06T05:38:50Z
2026-08-06T05:35:55Z,2026-08-06T07:35:55+0200,c3feb7e2-8675-4f7f-be40-2d97c558df74,2026-07-27T19:30:00Z,2026-07-27T21:30:00+0200,132.2,EUR/MWh,NL,NL,imbalance_price,Short,2026-08-06T05:38:50Z
2026-08-06T05:35:55Z,2026-08-06T07:35:55+0200,c3feb7e2-8675-4f7f-be40-2d97c558df74,2026-07-27T19:45:00Z,2026-07-27T21:45:00+0200,107.63,EUR/MWh,NL,NL,imbalance_price,Long,2026-08-06T05:38:50Z
2026-08-06T05:35:55Z,2026-08-06T07:35:55+0200,c3feb7e2-8675-4f7f-be40-2d97c558df74,2026-07-27T19:45:00Z,2026-07-27T21:45:00+0200,107.63,EUR/MWh,NL,NL,imbalance_price,Short,2026-08-06T05:38:50Z
2026-08-06T05:35:55Z,2026-08-06T07:35:55+0200,c3feb7e2-8675-4f7f-be40-2d97c558df74,2026-07-27T20:00:00Z,2026-07-27T22:00:00+0200,118.3,EUR/MWh,NL,NL,imbalance_price,Long,2026-08-06T05:38:50Z
2026-08-06T05:35:55Z,2026-08-06T07:35:55+0200,c3feb7e2-8675-4f7f-be40-2d97c558df74,2026-07-27T20:00:00Z,2026-07-27T22:00:00+0200,118.3,EUR/MWh,NL,NL,imbalance_price,Short,2026-08-06T05:38:50Z
2026-08-06T05:35:55Z,2026-08-06T07:35:55+0200,c3feb7e2-8675-4f7f-be40-2d97c558df74,2026-07-27T20:15:00Z,2026-07-27T22:15:00+0200,81.9,EUR/MWh,NL,NL,imbalance_price,Long,2026-08-06T05:38:50Z
2026-08-06T05:35:55Z,2026-08-06T07:35:55+0200,c3feb7e2-8675-4f7f-be40-2d97c558df74,2026-07-27T20:15:00Z,2026-07-27T22:15:00+0200,81.9,EUR/MWh,NL,NL,imbalance_price,Short,2026-08-06T05:38:50Z
2026-08-06T05:35:55Z,2026-08-06T07:35:55+0200,c3feb7e2-8675-4f7f-be40-2d97c558df74,2026-07-27T20:30:00Z,2026-07-27T22:30:00+0200,94.44,EUR/MWh,NL,NL,imbalance_price,Long,2026-08-06T05:38:50Z
2026-08-06T05:35:55Z,2026-08-06T07:35:55+0200,c3feb7e2-8675-4f7f-be40-2d97c558df74,2026-07-27T20:30:00Z,2026-07-27T22:30:00+0200,94.44,EUR/MWh,NL,NL,imbalance_price,Short,2026-08-06T05:38:50Z
2026-08-06T05:35:55Z,2026-08-06T07:35:55+0200,c3feb7e2-8675-4f7f-be40-2d97c558df74,2026-07-27T20:45:00Z,2026-07-27T22:45:00+0200,106.77,EUR/MWh,NL,NL,imbalance_price,Long,2026-08-06T05:38:50Z
2026-08-06T05:35:55Z,2026-08-06T07:35:55+0200,c3feb7e2-8675-4f7f-be40-2d97c558df74,2026-07-27T20:45:00Z,2026-07-27T22:45:00+0200,106.77,EUR/MWh,NL,NL,imbalance_price,Short,2026-08-06T05:38:50Z
2026-08-06T05:35:55Z,2026-08-06T07:35:55+0200,c3feb7e2-8675-4f7f-be40-2d97c558df74,2026-07-27T21:00:00Z,2026-07-27T23:00:00+0200,118.61,EUR/MWh,NL,NL,imbalance_price,Long,2026-08-06T05:38:50Z
2026-08-06T05:35:55Z,2026-08-06T07:35:55+0200,c3feb7e2-8675-4f7f-be40-2d97c558df74,2026-07-27T21:00:00Z,2026-07-27T23:00:00+0200,118.61,EUR/MWh,NL,NL,imbalance_price,Short,2026-08-06T05:38:50Z
2026-08-06T05:35:55Z,2026-08-06T07:35:55+0200,c3feb7e2-8675-4f7f-be40-2d97c558df74,2026-07-27T21:15:00Z,2026-07-27T23:15:00+0200,95.0,EUR/MWh,NL,NL,imbalance_price,Long,2026-08-06T05:38:50Z
2026-08-06T05:35:55Z,2026-08-06T07:35:55+0200,c3feb7e2-8675-4f7f-be40-2d97c558df74,2026-07-27T21:15:00Z,2026-07-27T23:15:00+0200,118.28,EUR/MWh,NL,NL,imbalance_price,Short,2026-08-06T05:38:50Z
2026-08-06T05:35:55Z,2026-08-06T07:35:55+0200,c3feb7e2-8675-4f7f-be40-2d97c558df74,2026-07-27T21:30:00Z,2026-07-27T23:30:00+0200,104.36,EUR/MWh,NL,NL,imbalance_price,Long,2026-08-06T05:38:50Z
2026-08-06T05:35:55Z,2026-08-06T07:35:55+0200,c3feb7e2-8675-4f7f-be40-2d97c558df74,2026-07-27T21:30:00Z,2026-07-27T23:30:00+0200,104.36,EUR/MWh,NL,NL,imbalance_price,Short,2026-08-06T05:38:50Z
2026-08-06T05:35:55Z,2026-08-06T07:35:55+0200,c3feb7e2-8675-4f7f-be40-2d97c558df74,2026-07-27T21:45:00Z,2026-07-27T23:45:00+0200,107.87,EUR/MWh,NL,NL,imbalance_price,Long,2026-08-06T05:38:50Z
2026-08-06T05:35:55Z,2026-08-06T07:35:55+0200,c3feb7e2-8675-4f7f-be40-2d97c558df74,2026-07-27T21:45:00Z,2026-07-27T23:45:00+0200,107.87,EUR/MWh,NL,NL,imbalance_price,Short,2026-08-06T05:38:50Z
2026-08-06T05:35:55Z,2026-08-06T07:35:55+0200,c3feb7e2-8675-4f7f-be40-2d97c558df74,2026-07-27T22:00:00Z,2026-07-28T00:00:00+0200,112.1,EUR/MWh,NL,NL,imbalance_price,Long,2026-08-06T05:38:50Z
2026-08-06T05:35:55Z,2026-08-06T07:35:55+0200,c3feb7e2-8675-4f7f-be40-2d97c558df74,2026-07-27T22:00:00Z,2026-07-28T00:00:00+0200,112.1,EUR/MWh,NL,NL,imbalance_price,Short,2026-08-06T05:38:50Z
2026-08-06T05:35:55Z,2026-08-06T07:35:55+0200,c3feb7e2-8675-4f7f-be40-2d97c558df74,2026-07-27T22:15:00Z,2026-07-28T00:15:00+0200,150.0,EUR/MWh,NL,NL,imbalance_price,Long,2026-08-06T05:38:50Z
2026-08-06T05:35:55Z,2026-08-06T07:35:55+0200,c3feb7e2-8675-4f7f-be40-2d97c558df74,2026-07-27T22:15:00Z,2026-07-28T00:15:00+0200,150.0,EUR/MWh,NL,NL,imbalance_price,Short,2026-08-06T05:38:50Z
2026-08-06T05:35:55Z,2026-08-06T07:35:55+0200,c3feb7e2-8675-4f7f-be40-2d97c558df74,2026-07-27T22:30:00Z,2026-07-28T00:30:00+0200,165.16,EUR/MWh,NL,NL,imbalance_price,Long,2026-08-06T05:38:50Z
2026-08-06T05:35:55Z,2026-08-06T07:35:55+0200,c3feb7e2-8675-4f7f-be40-2d97c558df74,2026-07-27T22:30:00Z,2026-07-28T00:30:00+0200,165.16,EUR/MWh,NL,NL,imbalance_price,Short,2026-08-06T05:38:50Z
2026-08-06T05:35:55Z,2026-08-06T07:35:55+0200,c3feb7e2-8675-4f7f-be40-2d97c558df74,2026-07-27T22:45:00Z,2026-07-28T00:45:00+0200,112.1,EUR/MWh,NL,NL,imbalance_price,Long,2026-08-06T05:38:50Z
2026-08-06T05:35:55Z,2026-08-06T07:35:55+0200,c3feb7e2-8675-4f7f-be40-2d97c558df74,2026-07-27T22:45:00Z,2026-07-28T00:45:00+0200,135.0,EUR/MWh,NL,NL,imbalance_price,Short,2026-08-06T05:38:50Z
2026-08-06T05:35:55Z,2026-08-06T07:35:55+0200,c3feb7e2-8675-4f7f-be40-2d97c558df74,2026-07-27T23:00:00Z,2026-07-28T01:00:00+0200,128.36,EUR/MWh,NL,NL,imbalance_price,Long,2026-08-06T05:38:50Z
2026-08-06T05:35:55Z,2026-08-06T07:35:55+0200,c3feb7e2-8675-4f7f-be40-2d97c558df74,2026-07-27T23:00:00Z,2026-07-28T01:00:00+0200,128.36,EUR/MWh,NL,NL,imbalance_price,Short,2026-08-06T05:38:50Z
2026-08-06T05:35:55Z,2026-08-06T07:35:55+0200,c3feb7e2-8675-4f7f-be40-2d97c558df74,2026-07-27T23:15:00Z,2026-07-28T01:15:00+0200,114.04,EUR/MWh,NL,NL,imbalance_price,Long,2026-08-06T05:38:50Z
2026-08-06T05:35:55Z,2026-08-06T07:35:55+0200,c3feb7e2-8675-4f7f-be40-2d97c558df74,2026-07-27T23:15:00Z,2026-07-28T01:15:00+0200,114.04,EUR/MWh,NL,NL,imbalance_price,Short,2026-08-06T05:38:50Z
2026-08-06T05:35:55Z,2026-08-06T07:35:55+0200,c3feb7e2-8675-4f7f-be40-2d97c558df74,2026-07-27T23:30:00Z,2026-07-28T01:30:00+0200,109.6,EUR/MWh,NL,NL,imbalance_price,Long,2026-08-06T05:38:50Z
2026-08-06T05:35:55Z,2026-08-06T07:35:55+0200,c3feb7e2-8675-4f7f-be40-2d97c558df74,2026-07-27T23:30:00Z,2026-07-28T01:30:00+0200,123.78,EUR/MWh,NL,NL,imbalance_price,Short,2026-08-06T05:38:50Z
2026-08-06T05:35:55Z,2026-08-06T07:35:55+0200,c3feb7e2-8675-4f7f-be40-2d97c558df74,2026-07-27T23:45:00Z,2026-07-28T01:45:00+0200,128.36,EUR/MWh,NL,NL,imbalance_price,Long,2026-08-06T05:38:50Z
2026-08-06T05:35:55Z,2026-08-06T07:35:55+0200,c3feb7e2-8675-4f7f-be40-2d97c558df74,2026-07-27T23:45:00Z,2026-07-28T01:45:00+0200,128.36,EUR/MWh,NL,NL,imbalance_price,Short,2026-08-06T05:38:50Z
2026-08-06T05:35:55Z,2026-08-06T07:35:55+0200,c3feb7e2-8675-4f7f-be40-2d97c558df74,2026-07-28T00:00:00Z,2026-07-28T02:00:00+0200,120.9,EUR/MWh,NL,NL,imbalance_price,Long,2026-08-06T05:38:50Z
2026-08-06T05:35:55Z,2026-08-06T07:35:55+0200,c3feb7e2-8675-4f7f-be40-2d97c558df74,2026-07-28T00:00:00Z,2026-07-28T02:00:00+0200,120.9,EUR/MWh,NL,NL,imbalance_price,Short,2026-08-06T05:38:50Z
2026-08-06T05:35:55Z,2026-08-06T07:35:55+0200,c3feb7e2-8675-4f7f-be40-2d97c558df74,2026-07-28T00:15:00Z,2026-07-28T02:15:00+0200,118.55,EUR/MWh,NL,NL,imbalance_price,Long,2026-08-06T05:38:50Z
2026-08-06T05:35:55Z,2026-08-06T07:35:55+0200,c3feb7e2-8675-4f7f-be40-2d97c558df74,2026-07-28T00:15:00Z,2026-07-28T02:15:00+0200,118.55,EUR/MWh,NL,NL,imbalance_price,Short,2026-08-06T05:38:50Z
2026-08-06T05:35:55Z,2026-08-06T07:35:55+0200,c3feb7e2-8675-4f7f-be40-2d97c558df74,2026-07-28T00:30:00Z,2026-07-28T02:30:00+0200,115.18,EUR/MWh,NL,NL,imbalance_price,Long,2026-08-06T05:38:50Z
2026-08-06T05:35:55Z,2026-08-06T07:35:55+0200,c3feb7e2-8675-4f7f-be40-2d97c558df74,2026-07-28T00:30:00Z,2026-07-28T02:30:00+0200,115.18,EUR/MWh,NL,NL,imbalance_price,Short,2026-08-06T05:38:50Z
2026-08-06T05:35:55Z,2026-08-06T07:35:55+0200,c3feb7e2-8675-4f7f-be40-2d97c558df74,2026-07-28T00:45:00Z,2026-07-28T02:45:00+0200,97.0,EUR/MWh,NL,NL,imbalance_price,Long,2026-08-06T05:38:50Z
2026-08-06T05:35:55Z,2026-08-06T07:35:55+0200,c3feb7e2-8675-4f7f-be40-2d97c558df74,2026-07-28T00:45:00Z,2026-07-28T02:45:00+0200,97.0,EUR/MWh,NL,NL,imbalance_price,Short,2026-08-06T05:38:50Z
2026-08-06T05:35:55Z,2026-08-06T07:35:55+0200,c3feb7e2-8675-4f7f-be40-2d97c558df74,2026-07-28T01:00:00Z,2026-07-28T03:00:00+0200,96.0,EUR/MWh,NL,NL,imbalance_price,Long,2026-08-06T05:38:50Z
2026-08-06T05:35:55Z,2026-08-06T07:35:55+0200,c3feb7e2-8675-4f7f-be40-2d97c558df74,2026-07-28T01:00:00Z,2026-07-28T03:00:00+0200,96.0,EUR/MWh,NL,NL,imbalance_price,Short,2026-08-06T05:38:50Z
2026-08-06T05:35:55Z,2026-08-06T07:35:55+0200,c3feb7e2-8675-4f7f-be40-2d97c558df74,2026-07-28T01:15:00Z,2026-07-28T03:15:00+0200,108.22,EUR/MWh,NL,NL,imbalance_price,Long,2026-08-06T05:38:50Z
2026-08-06T05:35:55Z,2026-08-06T07:35:55+0200,c3feb7e2-8675-4f7f-be40-2d97c558df74,2026-07-28T01:15:00Z,2026-07-28T03:15:00+0200,108.22,EUR/MWh,NL,NL,imbalance_price,Short,2026-08-06T05:38:50Z
2026-08-06T05:35:55Z,2026-08-06T07:35:55+0200,c3feb7e2-8675-4f7f-be40-2d97c558df74,2026-07-28T01:30:00Z,2026-07-28T03:30:00+0200,95.0,EUR/MWh,NL,NL,imbalance_price,Long,2026-08-06T05:38:50Z
2026-08-06T05:35:55Z,2026-08-06T07:35:55+0200,c3feb7e2-8675-4f7f-be40-2d97c558df74,2026-07-28T01:30:00Z,2026-07-28T03:30:00+0200,95.0,EUR/MWh,NL,NL,imbalance_price,Short,2026-08-06T05:38:50Z
2026-08-06T05:35:55Z,2026-08-06T07:35:55+0200,c3feb7e2-8675-4f7f-be40-2d97c558df74,2026-07-28T01:45:00Z,2026-07-28T03:45:00+0200,79.98,EUR/MWh,NL,NL,imbalance_price,Long,2026-08-06T05:38:50Z
2026-08-06T05:35:55Z,2026-08-06T07:35:55+0200,c3feb7e2-8675-4f7f-be40-2d97c558df74,2026-07-28T01:45:00Z,2026-07-28T03:45:00+0200,79.98,EUR/MWh,NL,NL,imbalance_price,Short,2026-08-06T05:38:50Z
2026-08-06T05:35:55Z,2026-08-06T07:35:55+0200,c3feb7e2-8675-4f7f-be40-2d97c558df74,2026-07-28T02:00:00Z,2026-07-28T04:00:00+0200,91.55,EUR/MWh,NL,NL,imbalance_price,Long,2026-08-06T05:38:50Z
2026-08-06T05:35:55Z,2026-08-06T07:35:55+0200,c3feb7e2-8675-4f7f-be40-2d97c558df74,2026-07-28T02:00:00Z,2026-07-28T04:00:00+0200,123.56,EUR/MWh,NL,NL,imbalance_price,Short,2026-08-06T05:38:50Z
2026-08-06T05:35:55Z,2026-08-06T07:35:55+0200,c3feb7e2-8675-4f7f-be40-2d97c558df74,2026-07-28T02:15:00Z,2026-07-28T04:15:00+0200,105.6,EUR/MWh,NL,NL,imbalance_price,Long,2026-08-06T05:38:50Z
2026-08-06T05:35:55Z,2026-08-06T07:35:55+0200,c3feb7e2-8675-4f7f-be40-2d97c558df74,2026-07-28T02:15:00Z,2026-07-28T04:15:00+0200,108.36,EUR/MWh,NL,NL,imbalance_price,Short,2026-08-06T05:38:50Z
2026-08-06T05:35:55Z,2026-08-06T07:35:55+0200,c3feb7e2-8675-4f7f-be40-2d97c558df74,2026-07-28T02:30:00Z,2026-07-28T04:30:00+0200,98.94,EUR/MWh,NL,NL,imbalance_price,Long,2026-08-06T05:38:50Z
2026-08-06T05:35:55Z,2026-08-06T07:35:55+0200,c3feb7e2-8675-4f7f-be40-2d97c558df74,2026-07-28T02:30:00Z,2026-07-28T04:30:00+0200,98.94,EUR/MWh,NL,NL,imbalance_price,Short,2026-08-06T05:38:50Z
2026-08-06T05:35:55Z,2026-08-06T07:35:55+0200,c3feb7e2-8675-4f7f-be40-2d97c558df74,2026-07-28T02:45:00Z,2026-07-28T04:45:00+0200,93.8,EUR/MWh,NL,NL,imbalance_price,Long,2026-08-06T05:38:50Z
2026-08-06T05:35:55Z,2026-08-06T07:35:55+0200,c3feb7e2-8675-4f7f-be40-2d97c558df74,2026-07-28T02:45:00Z,2026-07-28T04:45:00+0200,93.8,EUR/MWh,NL,NL,imbalance_price,Short,2026-08-06T05:38:50Z
2026-08-06T05:35:55Z,2026-08-06T07:35:55+0200,c3feb7e2-8675-4f7f-be40-2d97c558df74,2026-07-28T03:00:00Z,2026-07-28T05:00:00+0200,90.38,EUR/MWh,NL,NL,imbalance_price,Long,2026-08-06T05:38:50Z
2026-08-06T05:35:55Z,2026-08-06T07:35:55+0200,c3feb7e2-8675-4f7f-be40-2d97c558df74,2026-07-28T03:00:00Z,2026-07-28T05:00:00+0200,90.38,EUR/MWh,NL,NL,imbalance_price,Short,2026-08-06T05:38:50Z
2026-08-06T05:35:55Z,2026-08-06T07:35:55+0200,c3feb7e2-8675-4f7f-be40-2d97c558df74,2026-07-28T03:15:00Z,2026-07-28T05:15:00+0200,85.0,EUR/MWh,NL,NL,imbalance_price,Long,2026-08-06T05:38:50Z
2026-08-06T05:35:55Z,2026-08-06T07:35:55+0200,c3feb7e2-8675-4f7f-be40-2d97c558df74,2026-07-28T03:15:00Z,2026-07-28T05:15:00+0200,85.0,EUR/MWh,NL,NL,imbalance_price,Short,2026-08-06T05:38:50Z
2026-08-06T05:35:55Z,2026-08-06T07:35:55+0200,c3feb7e2-8675-4f7f-be40-2d97c558df74,2026-07-28T03:30:00Z,2026-07-28T05:30:00+0200,99.91,EUR/MWh,NL,NL,imbalance_price,Long,2026-08-06T05:38:50Z
2026-08-06T05:35:55Z,2026-08-06T07:35:55+0200,c3feb7e2-8675-4f7f-be40-2d97c558df74,2026-07-28T03:30:00Z,2026-07-28T05:30:00+0200,99.91,EUR/MWh,NL,NL,imbalance_price,Short,2026-08-06T05:38:50Z
2026-08-06T05:35:55Z,2026-08-06T07:35:55+0200,c3feb7e2-8675-4f7f-be40-2d97c558df74,2026-07-28T03:45:00Z,2026-07-28T05:45:00+0200,97.93,EUR/MWh,NL,NL,imbalance_price,Long,2026-08-06T05:38:50Z
2026-08-06T05:35:55Z,2026-08-06T07:35:55+0200,c3feb7e2-8675-4f7f-be40-2d97c558df74,2026-07-28T03:45:00Z,2026-07-28T05:45:00+0200,97.93,EUR/MWh,NL,NL,imbalance_price,Short,2026-08-06T05:38:50Z
2026-08-06T05:35:55Z,2026-08-06T07:35:55+0200,c3feb7e2-8675-4f7f-be40-2d97c558df74,2026-07-28T04:00:00Z,2026-07-28T06:00:00+0200,94.52,EUR/MWh,NL,NL,imbalance_price,Long,2026-08-06T05:38:50Z
2026-08-06T05:35:55Z,2026-08-06T07:35:55+0200,c3feb7e2-8675-4f7f-be40-2d97c558df74,2026-07-28T04:00:00Z,2026-07-28T06:00:00+0200,150.0,EUR/MWh,NL,NL,imbalance_price,Short,2026-08-06T05:38:50Z
2026-08-06T05:35:55Z,2026-08-06T07:35:55+0200,c3feb7e2-8675-4f7f-be40-2d97c558df74,2026-07-28T04:15:00Z,2026-07-28T06:15:00+0200,90.79,EUR/MWh,NL,NL,imbalance_price,Long,2026-08-06T05:38:50Z
2026-08-06T05:35:55Z,2026-08-06T07:35:55+0200,c3feb7e2-8675-4f7f-be40-2d97c558df74,2026-07-28T04:15:00Z,2026-07-28T06:15:00+0200,150.0,EUR/MWh,NL,NL,imbalance_price,Short,2026-08-06T05:38:50Z
2026-08-06T05:35:55Z,2026-08-06T07:35:55+0200,c3feb7e2-8675-4f7f-be40-2d97c558df74,2026-07-28T04:30:00Z,2026-07-28T06:30:00+0200,119.7,EUR/MWh,NL,NL,imbalance_price,Long,2026-08-06T05:38:50Z
2026-08-06T05:35:55Z,2026-08-06T07:35:55+0200,c3feb7e2-8675-4f7f-be40-2d97c558df74,2026-07-28T04:30:00Z,2026-07-28T06:30:00+0200,119.7,EUR/MWh,NL,NL,imbalance_price,Short,2026-08-06T05:38:50Z
2026-08-06T05:35:55Z,2026-08-06T07:35:55+0200,c3feb7e2-8675-4f7f-be40-2d97c558df74,2026-07-28T04:45:00Z,2026-07-28T06:45:00+0200,123.81,EUR/MWh,NL,NL,imbalance_price,Long,2026-08-06T05:38:50Z
2026-08-06T05:35:55Z,2026-08-06T07:35:55+0200,c3feb7e2-8675-4f7f-be40-2d97c558df74,2026-07-28T04:45:00Z,2026-07-28T06:45:00+0200,123.81,EUR/MWh,NL,NL,imbalance_price,Short,2026-08-06T05:38:50Z
2026-08-06T05:35:55Z,2026-08-06T07:35:55+0200,c3feb7e2-8675-4f7f-be40-2d97c558df74,2026-07-28T05:00:00Z,2026-07-28T07:00:00+0200,93.9,EUR/MWh,NL,NL,imbalance_price,Long,2026-08-06T05:38:50Z
2026-08-06T05:35:55Z,2026-08-06T07:35:55+0200,c3feb7e2-8675-4f7f-be40-2d97c558df74,2026-07-28T05:00:00Z,2026-07-28T07:00:00+0200,98.36,EUR/MWh,NL,NL,imbalance_price,Short,2026-08-06T05:38:50Z
2026-08-06T05:35:55Z,2026-08-06T07:35:55+0200,c3feb7e2-8675-4f7f-be40-2d97c558df74,2026-07-28T05:15:00Z,2026-07-28T07:15:00+0200,87.82,EUR/MWh,NL,NL,imbalance_price,Long,2026-08-06T05:38:50Z
2026-08-06T05:35:55Z,2026-08-06T07:35:55+0200,c3feb7e2-8675-4f7f-be40-2d97c558df74,2026-07-28T05:15:00Z,2026-07-28T07:15:00+0200,87.82,EUR/MWh,NL,NL,imbalance_price,Short,2026-08-06T05:38:50Z
2026-08-06T05:35:55Z,2026-08-06T07:35:55+0200,c3feb7e2-8675-4f7f-be40-2d97c558df74,2026-07-28T05:30:00Z,2026-07-28T07:30:00+0200,56.75,EUR/MWh,NL,NL,imbalance_price,Long,2026-08-06T05:38:50Z
2026-08-06T05:35:55Z,2026-08-06T07:35:55+0200,c3feb7e2-8675-4f7f-be40-2d97c558df74,2026-07-28T05:30:00Z,2026-07-28T07:30:00+0200,56.75,EUR/MWh,NL,NL,imbalance_price,Short,2026-08-06T05:38:50Z
2026-08-06T05:35:55Z,2026-08-06T07:35:55+0200,c3feb7e2-8675-4f7f-be40-2d97c558df74,2026-07-28T05:45:00Z,2026-07-28T07:45:00+0200,47.89,EUR/MWh,NL,NL,imbalance_price,Long,2026-08-06T05:38:50Z
2026-08-06T05:35:55Z,2026-08-06T07:35:55+0200,c3feb7e2-8675-4f7f-be40-2d97c558df74,2026-07-28T05:45:00Z,2026-07-28T07:45:00+0200,100.95,EUR/MWh,NL,NL,imbalance_price,Short,2026-08-06T05:38:50Z
2026-08-06T05:35:55Z,2026-08-06T07:35:55+0200,c3feb7e2-8675-4f7f-be40-2d97c558df74,2026-07-28T06:00:00Z,2026-07-28T08:00:00+0200,76.0,EUR/MWh,NL,NL,imbalance_price,Long,2026-08-06T05:38:50Z
2026-08-06T05:35:55Z,2026-08-06T07:35:55+0200,c3feb7e2-8675-4f7f-be40-2d97c558df74,2026-07-28T06:00:00Z,2026-07-28T08:00:00+0200,141.0,EUR/MWh,NL,NL,imbalance_price,Short,2026-08-06T05:38:50Z
2026-08-06T05:35:55Z,2026-08-06T07:35:55+0200,c3feb7e2-8675-4f7f-be40-2d97c558df74,2026-07-28T06:15:00Z,2026-07-28T08:15:00+0200,12.0,EUR/MWh,NL,NL,imbalance_price,Long,2026-08-06T05:38:50Z
2026-08-06T05:35:55Z,2026-08-06T07:35:55+0200,c3feb7e2-8675-4f7f-be40-2d97c558df74,2026-07-28T06:15:00Z,2026-07-28T08:15:00+0200,12.0,EUR/MWh,NL,NL,imbalance_price,Short,2026-08-06T05:38:50Z
2026-08-06T05:35:55Z,2026-08-06T07:35:55+0200,c3feb7e2-8675-4f7f-be40-2d97c558df74,2026-07-28T06:30:00Z,2026-07-28T08:30:00+0200,10.0,EUR/MWh,NL,NL,imbalance_price,Long,2026-08-06T05:38:50Z
2026-08-06T05:35:55Z,2026-08-06T07:35:55+0200,c3feb7e2-8675-4f7f-be40-2d97c558df74,2026-07-28T06:30:00Z,2026-07-28T08:30:00+0200,10.0,EUR/MWh,NL,NL,imbalance_price,Short,2026-08-06T05:38:50Z
2026-08-06T05:35:55Z,2026-08-06T07:35:55+0200,c3feb7e2-8675-4f7f-be40-2d97c558df74,2026-07-28T06:45:00Z,2026-07-28T08:45:00+0200,12.0,EUR/MWh,NL,NL,imbalance_price,Long,2026-08-06T05:38:50Z
2026-08-06T05:35:55Z,2026-08-06T07:35:55+0200,c3feb7e2-8675-4f7f-be40-2d97c558df74,2026-07-28T06:45:00Z,2026-07-28T08:45:00+0200,12.0,EUR/MWh,NL,NL,imbalance_price,Short,2026-08-06T05:38:50Z
2026-08-06T05:35:55Z,2026-08-06T07:35:55+0200,c3feb7e2-8675-4f7f-be40-2d97c558df74,2026-07-28T07:00:00Z,2026-07-28T09:00:00+0200,12.0,EUR/MWh,NL,NL,imbalance_price,Long,2026-08-06T05:38:50Z
2026-08-06T05:35:55Z,2026-08-06T07:35:55+0200,c3feb7e2-8675-4f7f-be40-2d97c558df74,2026-07-28T07:00:00Z,2026-07-28T09:00:00+0200,108.36,EUR/MWh,NL,NL,imbalance_price,Short,2026-08-06T05:38:50Z
2026-08-06T05:35:55Z,2026-08-06T07:35:55+0200,c3feb7e2-8675-4f7f-be40-2d97c558df74,2026-07-28T07:15:00Z,2026-07-28T09:15:00+0200,-30.1,EUR/MWh,NL,NL,imbalance_price,Long,2026-08-06T05:38:50Z
2026-08-06T05:35:55Z,2026-08-06T07:35:55+0200,c3feb7e2-8675-4f7f-be40-2d97c558df74,2026-07-28T07:15:00Z,2026-07-28T09:15:00+0200,-30.1,EUR/MWh,NL,NL,imbalance_price,Short,2026-08-06T05:38:50Z
2026-08-06T05:35:55Z,2026-08-06T07:35:55+0200,c3feb7e2-8675-4f7f-be40-2d97c558df74,2026-07-28T07:30:00Z,2026-07-28T09:30:00+0200,-30.0,EUR/MWh,NL,NL,imbalance_price,Long,2026-08-06T05:38:50Z
2026-08-06T05:35:55Z,2026-08-06T07:35:55+0200,c3feb7e2-8675-4f7f-be40-2d97c558df74,2026-07-28T07:30:00Z,2026-07-28T09:30:00+0200,108.36,EUR/MWh,NL,NL,imbalance_price,Short,2026-08-06T05:38:50Z
2026-08-06T05:35:55Z,2026-08-06T07:35:55+0200,c3feb7e2-8675-4f7f-be40-2d97c558df74,2026-07-28T07:45:00Z,2026-07-28T09:45:00+0200,-25.0,EUR/MWh,NL,NL,imbalance_price,Long,2026-08-06T05:38:50Z
2026-08-06T05:35:55Z,2026-08-06T07:35:55+0200,c3feb7e2-8675-4f7f-be40-2d97c558df74,2026-07-28T07:45:00Z,2026-07-28T09:45:00+0200,-25.0,EUR/MWh,NL,NL,imbalance_price,Short,2026-08-06T05:38:50Z
2026-08-06T05:35:55Z,2026-08-06T07:35:55+0200,c3feb7e2-8675-4f7f-be40-2d97c558df74,2026-07-28T08:00:00Z,2026-07-28T10:00:00+0200,-13.0,EUR/MWh,NL,NL,imbalance_price,Long,2026-08-06T05:38:50Z
2026-08-06T05:35:55Z,2026-08-06T07:35:55+0200,c3feb7e2-8675-4f7f-be40-2d97c558df74,2026-07-28T08:00:00Z,2026-07-28T10:00:00+0200,-13.0,EUR/MWh,NL,NL,imbalance_price,Short,2026-08-06T05:38:50Z
2026-08-06T05:35:55Z,2026-08-06T07:35:55+0200,c3feb7e2-8675-4f7f-be40-2d97c558df74,2026-07-28T08:15:00Z,2026-07-28T10:15:00+0200,-30.0,EUR/MWh,NL,NL,imbalance_price,Long,2026-08-06T05:38:50Z
2026-08-06T05:35:55Z,2026-08-06T07:35:55+0200,c3feb7e2-8675-4f7f-be40-2d97c558df74,2026-07-28T08:15:00Z,2026-07-28T10:15:00+0200,-30.0,EUR/MWh,NL,NL,imbalance_price,Short,2026-08-06T05:38:50Z
2026-08-06T05:35:55Z,2026-08-06T07:35:55+0200,c3feb7e2-8675-4f7f-be40-2d97c558df74,2026-07-28T08:30:00Z,2026-07-28T10:30:00+0200,-16.52,EUR/MWh,NL,NL,imbalance_price,Long,2026-08-06T05:38:50Z
2026-08-06T05:35:55Z,2026-08-06T07:35:55+0200,c3feb7e2-8675-4f7f-be40-2d97c558df74,2026-07-28T08:30:00Z,2026-07-28T10:30:00+0200,-16.52,EUR/MWh,NL,NL,imbalance_price,Short,2026-08-06T05:38:50Z
2026-08-06T05:35:55Z,2026-08-06T07:35:55+0200,c3feb7e2-8675-4f7f-be40-2d97c558df74,2026-07-28T08:45:00Z,2026-07-28T10:45:00+0200,-13.0,EUR/MWh,NL,NL,imbalance_price,Long,2026-08-06T05:38:50Z
2026-08-06T05:35:55Z,2026-08-06T07:35:55+0200,c3feb7e2-8675-4f7f-be40-2d97c558df74,2026-07-28T08:45:00Z,2026-07-28T10:45:00+0200,-13.0,EUR/MWh,NL,NL,imbalance_price,Short,2026-08-06T05:38:50Z
2026-08-06T05:35:55Z,2026-08-06T07:35:55+0200,c3feb7e2-8675-4f7f-be40-2d97c558df74,2026-07-28T09:00:00Z,2026-07-28T11:00:00+0200,-13.0,EUR/MWh,NL,NL,imbalance_price,Long,2026-08-06T05:38:50Z
2026-08-06T05:35:55Z,2026-08-06T07:35:55+0200,c3feb7e2-8675-4f7f-be40-2d97c558df74,2026-07-28T09:00:00Z,2026-07-28T11:00:00+0200,-13.0,EUR/MWh,NL,NL,imbalance_price,Short,2026-08-06T05:38:50Z
2026-08-06T05:35:55Z,2026-08-06T07:35:55+0200,c3feb7e2-8675-4f7f-be40-2d97c558df74,2026-07-28T09:15:00Z,2026-07-28T11:15:00+0200,-13.0,EUR/MWh,NL,NL,imbalance_price,Long,2026-08-06T05:38:50Z
2026-08-06T05:35:55Z,2026-08-06T07:35:55+0200,c3feb7e2-8675-4f7f-be40-2d97c558df74,2026-07-28T09:15:00Z,2026-07-28T11:15:00+0200,-13.0,EUR/MWh,NL,NL,imbalance_price,Short,2026-08-06T05:38:50Z
2026-08-06T05:35:55Z,2026-08-06T07:35:55+0200,c3feb7e2-8675-4f7f-be40-2d97c558df74,2026-07-28T09:30:00Z,2026-07-28T11:30:00+0200,-29.9,EUR/MWh,NL,NL,imbalance_price,Long,2026-08-06T05:38:50Z
2026-08-06T05:35:55Z,2026-08-06T07:35:55+0200,c3feb7e2-8675-4f7f-be40-2d97c558df74,2026-07-28T09:30:00Z,2026-07-28T11:30:00+0200,-29.9,EUR/MWh,NL,NL,imbalance_price,Short,2026-08-06T05:38:50Z
2026-08-06T05:35:55Z,2026-08-06T07:35:55+0200,c3feb7e2-8675-4f7f-be40-2d97c558df74,2026-07-28T09:45:00Z,2026-07-28T11:45:00+0200,-71.0,EUR/MWh,NL,NL,imbalance_price,Long,2026-08-06T05:38:50Z
2026-08-06T05:35:55Z,2026-08-06T07:35:55+0200,c3feb7e2-8675-4f7f-be40-2d97c558df74,2026-07-28T09:45:00Z,2026-07-28T11:45:00+0200,-71.0,EUR/MWh,NL,NL,imbalance_price,Short,2026-08-06T05:38:50Z
2026-08-06T05:35:55Z,2026-08-06T07:35:55+0200,c3feb7e2-8675-4f7f-be40-2d97c558df74,2026-07-28T10:00:00Z,2026-07-28T12:00:00+0200,-79.5,EUR/MWh,NL,NL,imbalance_price,Long,2026-08-06T05:38:50Z
2026-08-06T05:35:55Z,2026-08-06T07:35:55+0200,c3feb7e2-8675-4f7f-be40-2d97c558df74,2026-07-28T10:00:00Z,2026-07-28T12:00:00+0200,57.18,EUR/MWh,NL,NL,imbalance_price,Short,2026-08-06T05:38:50Z
2026-08-06T05:35:55Z,2026-08-06T07:35:55+0200,c3feb7e2-8675-4f7f-be40-2d97c558df74,2026-07-28T10:15:00Z,2026-07-28T12:15:00+0200,-25.0,EUR/MWh,NL,NL,imbalance_price,Long,2026-08-06T05:38:50Z
2026-08-06T05:35:55Z,2026-08-06T07:35:55+0200,c3feb7e2-8675-4f7f-be40-2d97c558df74,2026-07-28T10:15:00Z,2026-07-28T12:15:00+0200,57.3,EUR/MWh,NL,NL,imbalance_price,Short,2026-08-06T05:38:50Z
2026-08-06T05:35:55Z,2026-08-06T07:35:55+0200,c3feb7e2-8675-4f7f-be40-2d97c558df74,2026-07-28T10:30:00Z,2026-07-28T12:30:00+0200,-22.27,EUR/MWh,NL,NL,imbalance_price,Long,2026-08-06T05:38:50Z
2026-08-06T05:35:55Z,2026-08-06T07:35:55+0200,c3feb7e2-8675-4f7f-be40-2d97c558df74,2026-07-28T10:30:00Z,2026-07-28T12:30:00+0200,-22.27,EUR/MWh,NL,NL,imbalance_price,Short,2026-08-06T05:38:50Z
2026-08-06T05:35:55Z,2026-08-06T07:35:55+0200,c3feb7e2-8675-4f7f-be40-2d97c558df74,2026-07-28T10:45:00Z,2026-07-28T12:45:00+0200,-19.98,EUR/MWh,NL,NL,imbalance_price,Long,2026-08-06T05:38:50Z
2026-08-06T05:35:55Z,2026-08-06T07:35:55+0200,c3feb7e2-8675-4f7f-be40-2d97c558df74,2026-07-28T10:45:00Z,2026-07-28T12:45:00+0200,-19.98,EUR/MWh,NL,NL,imbalance_price,Short,2026-08-06T05:38:50Z
2026-08-06T05:35:55Z,2026-08-06T07:35:55+0200,c3feb7e2-8675-4f7f-be40-2d97c558df74,2026-07-28T11:00:00Z,2026-07-28T13:00:00+0200,-13.0,EUR/MWh,NL,NL,imbalance_price,Long,2026-08-06T05:38:50Z
2026-08-06T05:35:55Z,2026-08-06T07:35:55+0200,c3feb7e2-8675-4f7f-be40-2d97c558df74,2026-07-28T11:00:00Z,2026-07-28T13:00:00+0200,-13.0,EUR/MWh,NL,NL,imbalance_price,Short,2026-08-06T05:38:50Z
2026-08-06T05:35:55Z,2026-08-06T07:35:55+0200,c3feb7e2-8675-4f7f-be40-2d97c558df74,2026-07-28T11:15:00Z,2026-07-28T13:15:00+0200,-13.0,EUR/MWh,NL,NL,imbalance_price,Long,2026-08-06T05:38:50Z
2026-08-06T05:35:55Z,2026-08-06T07:35:55+0200,c3feb7e2-8675-4f7f-be40-2d97c558df74,2026-07-28T11:15:00Z,2026-07-28T13:15:00+0200,-13.0,EUR/MWh,NL,NL,imbalance_price,Short,2026-08-06T05:38:50Z
2026-08-06T05:35:55Z,2026-08-06T07:35:55+0200,c3feb7e2-8675-4f7f-be40-2d97c558df74,2026-07-28T11:30:00Z,2026-07-28T13:30:00+0200,-13.0,EUR/MWh,NL,NL,imbalance_price,Long,2026-08-06T05:38:50Z
2026-08-06T05:35:55Z,2026-08-06T07:35:55+0200,c3feb7e2-8675-4f7f-be40-2d97c558df74,2026-07-28T11:30:00Z,2026-07-28T13:30:00+0200,-13.0,EUR/MWh,NL,NL,imbalance_price,Short,2026-08-06T05:38:50Z
2026-08-06T05:35:55Z,2026-08-06T07:35:55+0200,c3feb7e2-8675-4f7f-be40-2d97c558df74,2026-07-28T11:45:00Z,2026-07-28T13:45:00+0200,-13.0,EUR/MWh,NL,NL,imbalance_price,Long,2026-08-06T05:38:50Z
2026-08-06T05:35:55Z,2026-08-06T07:35:55+0200,c3feb7e2-8675-4f7f-be40-2d97c558df74,2026-07-28T11:45:00Z,2026-07-28T13:45:00+0200,-13.0,EUR/MWh,NL,NL,imbalance_price,Short,2026-08-06T05:38:50Z
2026-08-06T05:35:55Z,2026-08-06T07:35:55+0200,c3feb7e2-8675-4f7f-be40-2d97c558df74,2026-07-28T12:00:00Z,2026-07-28T14:00:00+0200,-30.0,EUR/MWh,NL,NL,imbalance_price,Long,2026-08-06T05:38:50Z
2026-08-06T05:35:55Z,2026-08-06T07:35:55+0200,c3feb7e2-8675-4f7f-be40-2d97c558df74,2026-07-28T12:00:00Z,2026-07-28T14:00:00+0200,-30.0,EUR/MWh,NL,NL,imbalance_price,Short,2026-08-06T05:38:50Z
2026-08-06T05:35:55Z,2026-08-06T07:35:55+0200,c3feb7e2-8675-4f7f-be40-2d97c558df74,2026-07-28T12:15:00Z,2026-07-28T14:15:00+0200,-30.0,EUR/MWh,NL,NL,imbalance_price,Long,2026-08-06T05:38:50Z
2026-08-06T05:35:55Z,2026-08-06T07:35:55+0200,c3feb7e2-8675-4f7f-be40-2d97c558df74,2026-07-28T12:15:00Z,2026-07-28T14:15:00+0200,-30.0,EUR/MWh,NL,NL,imbalance_price,Short,2026-08-06T05:38:50Z
2026-08-06T05:35:55Z,2026-08-06T07:35:55+0200,c3feb7e2-8675-4f7f-be40-2d97c558df74,2026-07-28T12:30:00Z,2026-07-28T14:30:00+0200,-30.0,EUR/MWh,NL,NL,imbalance_price,Long,2026-08-06T05:38:50Z
2026-08-06T05:35:55Z,2026-08-06T07:35:55+0200,c3feb7e2-8675-4f7f-be40-2d97c558df74,2026-07-28T12:30:00Z,2026-07-28T14:30:00+0200,-30.0,EUR/MWh,NL,NL,imbalance_price,Short,2026-08-06T05:38:50Z
2026-08-06T05:35:55Z,2026-08-06T07:35:55+0200,c3feb7e2-8675-4f7f-be40-2d97c558df74,2026-07-28T12:45:00Z,2026-07-28T14:45:00+0200,-30.0,EUR/MWh,NL,NL,imbalance_price,Long,2026-08-06T05:38:50Z
2026-08-06T05:35:55Z,2026-08-06T07:35:55+0200,c3feb7e2-8675-4f7f-be40-2d97c558df74,2026-07-28T12:45:00Z,2026-07-28T14:45:00+0200,-30.0,EUR/MWh,NL,NL,imbalance_price,Short,2026-08-06T05:38:50Z
2026-08-06T05:35:55Z,2026-08-06T07:35:55+0200,c3feb7e2-8675-4f7f-be40-2d97c558df74,2026-07-28T13:00:00Z,2026-07-28T15:00:00+0200,-71.0,EUR/MWh,NL,NL,imbalance_price,Long,2026-08-06T05:38:50Z
2026-08-06T05:35:55Z,2026-08-06T07:35:55+0200,c3feb7e2-8675-4f7f-be40-2d97c558df74,2026-07-28T13:00:00Z,2026-07-28T15:00:00+0200,-71.0,EUR/MWh,NL,NL,imbalance_price,Short,2026-08-06T05:38:50Z
2026-08-06T05:35:55Z,2026-08-06T07:35:55+0200,c3feb7e2-8675-4f7f-be40-2d97c558df74,2026-07-28T13:15:00Z,2026-07-28T15:15:00+0200,-13.0,EUR/MWh,NL,NL,imbalance_price,Long,2026-08-06T05:38:50Z
2026-08-06T05:35:55Z,2026-08-06T07:35:55+0200,c3feb7e2-8675-4f7f-be40-2d97c558df74,2026-07-28T13:15:00Z,2026-07-28T15:15:00+0200,-13.0,EUR/MWh,NL,NL,imbalance_price,Short,2026-08-06T05:38:50Z
2026-08-06T05:35:55Z,2026-08-06T07:35:55+0200,c3feb7e2-8675-4f7f-be40-2d97c558df74,2026-07-28T13:30:00Z,2026-07-28T15:30:00+0200,-13.0,EUR/MWh,NL,NL,imbalance_price,Long,2026-08-06T05:38:50Z
2026-08-06T05:35:55Z,2026-08-06T07:35:55+0200,c3feb7e2-8675-4f7f-be40-2d97c558df74,2026-07-28T13:30:00Z,2026-07-28T15:30:00+0200,-13.0,EUR/MWh,NL,NL,imbalance_price,Short,2026-08-06T05:38:50Z
2026-08-06T05:35:55Z,2026-08-06T07:35:55+0200,c3feb7e2-8675-4f7f-be40-2d97c558df74,2026-07-28T13:45:00Z,2026-07-28T15:45:00+0200,-4.0,EUR/MWh,NL,NL,imbalance_price,Long,2026-08-06T05:38:50Z
2026-08-06T05:35:55Z,2026-08-06T07:35:55+0200,c3feb7e2-8675-4f7f-be40-2d97c558df74,2026-07-28T13:45:00Z,2026-07-28T15:45:00+0200,-4.0,EUR/MWh,NL,NL,imbalance_price,Short,2026-08-06T05:38:50Z
2026-08-06T05:35:55Z,2026-08-06T07:35:55+0200,c3feb7e2-8675-4f7f-be40-2d97c558df74,2026-07-28T14:00:00Z,2026-07-28T16:00:00+0200,-55.0,EUR/MWh,NL,NL,imbalance_price,Long,2026-08-06T05:38:50Z
2026-08-06T05:35:55Z,2026-08-06T07:35:55+0200,c3feb7e2-8675-4f7f-be40-2d97c558df74,2026-07-28T14:00:00Z,2026-07-28T16:00:00+0200,-55.0,EUR/MWh,NL,NL,imbalance_price,Short,2026-08-06T05:38:50Z
2026-08-06T05:35:55Z,2026-08-06T07:35:55+0200,c3feb7e2-8675-4f7f-be40-2d97c558df74,2026-07-28T14:15:00Z,2026-07-28T16:15:00+0200,-55.0,EUR/MWh,NL,NL,imbalance_price,Long,2026-08-06T05:38:50Z
2026-08-06T05:35:55Z,2026-08-06T07:35:55+0200,c3feb7e2-8675-4f7f-be40-2d97c558df74,2026-07-28T14:15:00Z,2026-07-28T16:15:00+0200,108.36,EUR/MWh,NL,NL,imbalance_price,Short,2026-08-06T05:38:50Z
2026-08-06T05:35:55Z,2026-08-06T07:35:55+0200,c3feb7e2-8675-4f7f-be40-2d97c558df74,2026-07-28T14:30:00Z,2026-07-28T16:30:00+0200,-4.0,EUR/MWh,NL,NL,imbalance_price,Long,2026-08-06T05:38:50Z
2026-08-06T05:35:55Z,2026-08-06T07:35:55+0200,c3feb7e2-8675-4f7f-be40-2d97c558df74,2026-07-28T14:30:00Z,2026-07-28T16:30:00+0200,76.19,EUR/MWh,NL,NL,imbalance_price,Short,2026-08-06T05:38:50Z
2026-08-06T05:35:55Z,2026-08-06T07:35:55+0200,c3feb7e2-8675-4f7f-be40-2d97c558df74,2026-07-28T14:45:00Z,2026-07-28T16:45:00+0200,-35.0,EUR/MWh,NL,NL,imbalance_price,Long,2026-08-06T05:38:50Z
2026-08-06T05:35:55Z,2026-08-06T07:35:55+0200,c3feb7e2-8675-4f7f-be40-2d97c558df74,2026-07-28T14:45:00Z,2026-07-28T16:45:00+0200,98.36,EUR/MWh,NL,NL,imbalance_price,Short,2026-08-06T05:38:50Z
2026-08-06T05:35:55Z,2026-08-06T07:35:55+0200,c3feb7e2-8675-4f7f-be40-2d97c558df74,2026-07-28T15:00:00Z,2026-07-28T17:00:00+0200,-13.0,EUR/MWh,NL,NL,imbalance_price,Long,2026-08-06T05:38:50Z
2026-08-06T05:35:55Z,2026-08-06T07:35:55+0200,c3feb7e2-8675-4f7f-be40-2d97c558df74,2026-07-28T15:00:00Z,2026-07-28T17:00:00+0200,84.47,EUR/MWh,NL,NL,imbalance_price,Short,2026-08-06T05:38:50Z
2026-08-06T05:35:55Z,2026-08-06T07:35:55+0200,c3feb7e2-8675-4f7f-be40-2d97c558df74,2026-07-28T15:15:00Z,2026-07-28T17:15:00+0200,115.0,EUR/MWh,NL,NL,imbalance_price,Long,2026-08-06T05:38:50Z
2026-08-06T05:35:55Z,2026-08-06T07:35:55+0200,c3feb7e2-8675-4f7f-be40-2d97c558df74,2026-07-28T15:15:00Z,2026-07-28T17:15:00+0200,115.0,EUR/MWh,NL,NL,imbalance_price,Short,2026-08-06T05:38:50Z
2026-08-06T05:35:55Z,2026-08-06T07:35:55+0200,c3feb7e2-8675-4f7f-be40-2d97c558df74,2026-07-28T15:30:00Z,2026-07-28T17:30:00+0200,150.0,EUR/MWh,NL,NL,imbalance_price,Long,2026-08-06T05:38:50Z
2026-08-06T05:35:55Z,2026-08-06T07:35:55+0200,c3feb7e2-8675-4f7f-be40-2d97c558df74,2026-07-28T15:30:00Z,2026-07-28T17:30:00+0200,150.0,EUR/MWh,NL,NL,imbalance_price,Short,2026-08-06T05:38:50Z
2026-08-06T05:35:55Z,2026-08-06T07:35:55+0200,c3feb7e2-8675-4f7f-be40-2d97c558df74,2026-07-28T15:45:00Z,2026-07-28T17:45:00+0200,12.0,EUR/MWh,NL,NL,imbalance_price,Long,2026-08-06T05:38:50Z
2026-08-06T05:35:55Z,2026-08-06T07:35:55+0200,c3feb7e2-8675-4f7f-be40-2d97c558df74,2026-07-28T15:45:00Z,2026-07-28T17:45:00+0200,175.0,EUR/MWh,NL,NL,imbalance_price,Short,2026-08-06T05:38:50Z
2026-08-06T05:35:55Z,2026-08-06T07:35:55+0200,c3feb7e2-8675-4f7f-be40-2d97c558df74,2026-07-28T16:00:00Z,2026-07-28T18:00:00+0200,-4.0,EUR/MWh,NL,NL,imbalance_price,Long,2026-08-06T05:38:50Z
2026-08-06T05:35:55Z,2026-08-06T07:35:55+0200,c3feb7e2-8675-4f7f-be40-2d97c558df74,2026-07-28T16:00:00Z,2026-07-28T18:00:00+0200,-4.0,EUR/MWh,NL,NL,imbalance_price,Short,2026-08-06T05:38:50Z
2026-08-06T05:35:55Z,2026-08-06T07:35:55+0200,c3feb7e2-8675-4f7f-be40-2d97c558df74,2026-07-28T16:15:00Z,2026-07-28T18:15:00+0200,94.6,EUR/MWh,NL,NL,imbalance_price,Long,2026-08-06T05:38:50Z
2026-08-06T05:35:55Z,2026-08-06T07:35:55+0200,c3feb7e2-8675-4f7f-be40-2d97c558df74,2026-07-28T16:15:00Z,2026-07-28T18:15:00+0200,157.15,EUR/MWh,NL,NL,imbalance_price,Short,2026-08-06T05:38:50Z
2026-08-06T05:35:55Z,2026-08-06T07:35:55+0200,c3feb7e2-8675-4f7f-be40-2d97c558df74,2026-07-28T16:30:00Z,2026-07-28T18:30:00+0200,90.6,EUR/MWh,NL,NL,imbalance_price,Long,2026-08-06T05:38:50Z
2026-08-06T05:35:55Z,2026-08-06T07:35:55+0200,c3feb7e2-8675-4f7f-be40-2d97c558df74,2026-07-28T16:30:00Z,2026-07-28T18:30:00+0200,185.0,EUR/MWh,NL,NL,imbalance_price,Short,2026-08-06T05:38:50Z
2026-08-06T05:35:55Z,2026-08-06T07:35:55+0200,c3feb7e2-8675-4f7f-be40-2d97c558df74,2026-07-28T16:45:00Z,2026-07-28T18:45:00+0200,200.0,EUR/MWh,NL,NL,imbalance_price,Long,2026-08-06T05:38:50Z
2026-08-06T05:35:55Z,2026-08-06T07:35:55+0200,c3feb7e2-8675-4f7f-be40-2d97c558df74,2026-07-28T16:45:00Z,2026-07-28T18:45:00+0200,200.0,EUR/MWh,NL,NL,imbalance_price,Short,2026-08-06T05:38:50Z
2026-08-06T05:35:55Z,2026-08-06T07:35:55+0200,c3feb7e2-8675-4f7f-be40-2d97c558df74,2026-07-28T17:00:00Z,2026-07-28T19:00:00+0200,185.0,EUR/MWh,NL,NL,imbalance_price,Long,2026-08-06T05:38:50Z
2026-08-06T05:35:55Z,2026-08-06T07:35:55+0200,c3feb7e2-8675-4f7f-be40-2d97c558df74,2026-07-28T17:00:00Z,2026-07-28T19:00:00+0200,185.0,EUR/MWh,NL,NL,imbalance_price,Short,2026-08-06T05:38:50Z
2026-08-06T05:35:55Z,2026-08-06T07:35:55+0200,c3feb7e2-8675-4f7f-be40-2d97c558df74,2026-07-28T17:15:00Z,2026-07-28T19:15:00+0200,100.55,EUR/MWh,NL,NL,imbalance_price,Long,2026-08-06T05:38:50Z
2026-08-06T05:35:55Z,2026-08-06T07:35:55+0200,c3feb7e2-8675-4f7f-be40-2d97c558df74,2026-07-28T17:15:00Z,2026-07-28T19:15:00+0200,188.35,EUR/MWh,NL,NL,imbalance_price,Short,2026-08-06T05:38:50Z
2026-08-06T05:35:55Z,2026-08-06T07:35:55+0200,c3feb7e2-8675-4f7f-be40-2d97c558df74,2026-07-28T17:30:00Z,2026-07-28T19:30:00+0200,120.99,EUR/MWh,NL,NL,imbalance_price,Long,2026-08-06T05:38:50Z
2026-08-06T05:35:55Z,2026-08-06T07:35:55+0200,c3feb7e2-8675-4f7f-be40-2d97c558df74,2026-07-28T17:30:00Z,2026-07-28T19:30:00+0200,185.0,EUR/MWh,NL,NL,imbalance_price,Short,2026-08-06T05:38:50Z
2026-08-06T05:35:55Z,2026-08-06T07:35:55+0200,c3feb7e2-8675-4f7f-be40-2d97c558df74,2026-07-28T17:45:00Z,2026-07-28T19:45:00+0200,177.0,EUR/MWh,NL,NL,imbalance_price,Long,2026-08-06T05:38:50Z
2026-08-06T05:35:55Z,2026-08-06T07:35:55+0200,c3feb7e2-8675-4f7f-be40-2d97c558df74,2026-07-28T17:45:00Z,2026-07-28T19:45:00+0200,177.0,EUR/MWh,NL,NL,imbalance_price,Short,2026-08-06T05:38:50Z
2026-08-06T05:35:55Z,2026-08-06T07:35:55+0200,c3feb7e2-8675-4f7f-be40-2d97c558df74,2026-07-28T18:00:00Z,2026-07-28T20:00:00+0200,177.0,EUR/MWh,NL,NL,imbalance_price,Long,2026-08-06T05:38:50Z
2026-08-06T05:35:55Z,2026-08-06T07:35:55+0200,c3feb7e2-8675-4f7f-be40-2d97c558df74,2026-07-28T18:00:00Z,2026-07-28T20:00:00+0200,177.0,EUR/MWh,NL,NL,imbalance_price,Short,2026-08-06T05:38:50Z
2026-08-06T05:35:55Z,2026-08-06T07:35:55+0200,c3feb7e2-8675-4f7f-be40-2d97c558df74,2026-07-28T18:15:00Z,2026-07-28T20:15:00+0200,185.0,EUR/MWh,NL,NL,imbalance_price,Long,2026-08-06T05:38:50Z
2026-08-06T05:35:55Z,2026-08-06T07:35:55+0200,c3feb7e2-8675-4f7f-be40-2d97c558df74,2026-07-28T18:15:00Z,2026-07-28T20:15:00+0200,185.0,EUR/MWh,NL,NL,imbalance_price,Short,2026-08-06T05:38:50Z
2026-08-06T05:35:55Z,2026-08-06T07:35:55+0200,c3feb7e2-8675-4f7f-be40-2d97c558df74,2026-07-28T18:30:00Z,2026-07-28T20:30:00+0200,200.0,EUR/MWh,NL,NL,imbalance_price,Long,2026-08-06T05:38:50Z
2026-08-06T05:35:55Z,2026-08-06T07:35:55+0200,c3feb7e2-8675-4f7f-be40-2d97c558df74,2026-07-28T18:30:00Z,2026-07-28T20:30:00+0200,200.0,EUR/MWh,NL,NL,imbalance_price,Short,2026-08-06T05:38:50Z
2026-08-06T05:35:55Z,2026-08-06T07:35:55+0200,c3feb7e2-8675-4f7f-be40-2d97c558df74,2026-07-28T18:45:00Z,2026-07-28T20:45:00+0200,168.77,EUR/MWh,NL,NL,imbalance_price,Long,2026-08-06T05:38:50Z
2026-08-06T05:35:55Z,2026-08-06T07:35:55+0200,c3feb7e2-8675-4f7f-be40-2d97c558df74,2026-07-28T18:45:00Z,2026-07-28T20:45:00+0200,168.77,EUR/MWh,NL,NL,imbalance_price,Short,2026-08-06T05:38:50Z
2026-08-06T05:35:55Z,2026-08-06T07:35:55+0200,c3feb7e2-8675-4f7f-be40-2d97c558df74,2026-07-28T19:00:00Z,2026-07-28T21:00:00+0200,185.0,EUR/MWh,NL,NL,imbalance_price,Long,2026-08-06T05:38:50Z
2026-08-06T05:35:55Z,2026-08-06T07:35:55+0200,c3feb7e2-8675-4f7f-be40-2d97c558df74,2026-07-28T19:00:00Z,2026-07-28T21:00:00+0200,185.0,EUR/MWh,NL,NL,imbalance_price,Short,2026-08-06T05:38:50Z
2026-08-06T05:35:55Z,2026-08-06T07:35:55+0200,c3feb7e2-8675-4f7f-be40-2d97c558df74,2026-07-28T19:15:00Z,2026-07-28T21:15:00+0200,200.0,EUR/MWh,NL,NL,imbalance_price,Long,2026-08-06T05:38:50Z
2026-08-06T05:35:55Z,2026-08-06T07:35:55+0200,c3feb7e2-8675-4f7f-be40-2d97c558df74,2026-07-28T19:15:00Z,2026-07-28T21:15:00+0200,200.0,EUR/MWh,NL,NL,imbalance_price,Short,2026-08-06T05:38:50Z
2026-08-06T05:35:55Z,2026-08-06T07:35:55+0200,c3feb7e2-8675-4f7f-be40-2d97c558df74,2026-07-28T19:30:00Z,2026-07-28T21:30:00+0200,185.0,EUR/MWh,NL,NL,imbalance_price,Long,2026-08-06T05:38:50Z
2026-08-06T05:35:55Z,2026-08-06T07:35:55+0200,c3feb7e2-8675-4f7f-be40-2d97c558df74,2026-07-28T19:30:00Z,2026-07-28T21:30:00+0200,185.0,EUR/MWh,NL,NL,imbalance_price,Short,2026-08-06T05:38:50Z
2026-08-06T05:35:55Z,2026-08-06T07:35:55+0200,c3feb7e2-8675-4f7f-be40-2d97c558df74,2026-07-28T19:45:00Z,2026-07-28T21:45:00+0200,150.0,EUR/MWh,NL,NL,imbalance_price,Long,2026-08-06T05:38:50Z
2026-08-06T05:35:55Z,2026-08-06T07:35:55+0200,c3feb7e2-8675-4f7f-be40-2d97c558df74,2026-07-28T19:45:00Z,2026-07-28T21:45:00+0200,150.0,EUR/MWh,NL,NL,imbalance_price,Short,2026-08-06T05:38:50Z
2026-08-06T05:35:55Z,2026-08-06T07:35:55+0200,c3feb7e2-8675-4f7f-be40-2d97c558df74,2026-07-28T20:00:00Z,2026-07-28T22:00:00+0200,185.0,EUR/MWh,NL,NL,imbalance_price,Long,2026-08-06T05:38:50Z
2026-08-06T05:35:55Z,2026-08-06T07:35:55+0200,c3feb7e2-8675-4f7f-be40-2d97c558df74,2026-07-28T20:00:00Z,2026-07-28T22:00:00+0200,185.0,EUR/MWh,NL,NL,imbalance_price,Short,2026-08-06T05:38:50Z
2026-08-06T05:35:55Z,2026-08-06T07:35:55+0200,c3feb7e2-8675-4f7f-be40-2d97c558df74,2026-07-28T20:15:00Z,2026-07-28T22:15:00+0200,119.37,EUR/MWh,NL,NL,imbalance_price,Long,2026-08-06T05:38:50Z
2026-08-06T05:35:55Z,2026-08-06T07:35:55+0200,c3feb7e2-8675-4f7f-be40-2d97c558df74,2026-07-28T20:15:00Z,2026-07-28T22:15:00+0200,165.0,EUR/MWh,NL,NL,imbalance_price,Short,2026-08-06T05:38:50Z
2026-08-06T05:35:55Z,2026-08-06T07:35:55+0200,c3feb7e2-8675-4f7f-be40-2d97c558df74,2026-07-28T20:30:00Z,2026-07-28T22:30:00+0200,125.0,EUR/MWh,NL,NL,imbalance_price,Long,2026-08-06T05:38:50Z
2026-08-06T05:35:55Z,2026-08-06T07:35:55+0200,c3feb7e2-8675-4f7f-be40-2d97c558df74,2026-07-28T20:30:00Z,2026-07-28T22:30:00+0200,165.0,EUR/MWh,NL,NL,imbalance_price,Short,2026-08-06T05:38:50Z
2026-08-06T05:35:55Z,2026-08-06T07:35:55+0200,c3feb7e2-8675-4f7f-be40-2d97c558df74,2026-07-28T20:45:00Z,2026-07-28T22:45:00+0200,109.6,EUR/MWh,NL,NL,imbalance_price,Long,2026-08-06T05:38:50Z
2026-08-06T05:35:55Z,2026-08-06T07:35:55+0200,c3feb7e2-8675-4f7f-be40-2d97c558df74,2026-07-28T20:45:00Z,2026-07-28T22:45:00+0200,138.78,EUR/MWh,NL,NL,imbalance_price,Short,2026-08-06T05:38:50Z
2026-08-06T05:35:55Z,2026-08-06T07:35:55+0200,c3feb7e2-8675-4f7f-be40-2d97c558df74,2026-07-28T21:00:00Z,2026-07-28T23:00:00+0200,114.69,EUR/MWh,NL,NL,imbalance_price,Long,2026-08-06T05:38:50Z
2026-08-06T05:35:55Z,2026-08-06T07:35:55+0200,c3feb7e2-8675-4f7f-be40-2d97c558df74,2026-07-28T21:00:00Z,2026-07-28T23:00:00+0200,178.4,EUR/MWh,NL,NL,imbalance_price,Short,2026-08-06T05:38:50Z
2026-08-06T05:35:55Z,2026-08-06T07:35:55+0200,c3feb7e2-8675-4f7f-be40-2d97c558df74,2026-07-28T21:15:00Z,2026-07-28T23:15:00+0200,109.6,EUR/MWh,NL,NL,imbalance_price,Long,2026-08-06T05:38:50Z
2026-08-06T05:35:55Z,2026-08-06T07:35:55+0200,c3feb7e2-8675-4f7f-be40-2d97c558df74,2026-07-28T21:15:00Z,2026-07-28T23:15:00+0200,165.0,EUR/MWh,NL,NL,imbalance_price,Short,2026-08-06T05:38:50Z
2026-08-06T05:35:55Z,2026-08-06T07:35:55+0200,c3feb7e2-8675-4f7f-be40-2d97c558df74,2026-07-28T21:30:00Z,2026-07-28T23:30:00+0200,111.44,EUR/MWh,NL,NL,imbalance_price,Long,2026-08-06T05:38:50Z
2026-08-06T05:35:55Z,2026-08-06T07:35:55+0200,c3feb7e2-8675-4f7f-be40-2d97c558df74,2026-07-28T21:30:00Z,2026-07-28T23:30:00+0200,145.0,EUR/MWh,NL,NL,imbalance_price,Short,2026-08-06T05:38:50Z
2026-08-06T05:35:55Z,2026-08-06T07:35:55+0200,c3feb7e2-8675-4f7f-be40-2d97c558df74,2026-07-28T21:45:00Z,2026-07-28T23:45:00+0200,96.28,EUR/MWh,NL,NL,imbalance_price,Long,2026-08-06T05:38:50Z
2026-08-06T05:35:55Z,2026-08-06T07:35:55+0200,c3feb7e2-8675-4f7f-be40-2d97c558df74,2026-07-28T21:45:00Z,2026-07-28T23:45:00+0200,96.28,EUR/MWh,NL,NL,imbalance_price,Short,2026-08-06T05:38:50Z
2026-08-06T05:35:55Z,2026-08-06T07:35:55+0200,c3feb7e2-8675-4f7f-be40-2d97c558df74,2026-07-28T22:00:00Z,2026-07-29T00:00:00+0200,104.51,EUR/MWh,NL,NL,imbalance_price,Long,2026-08-06T05:38:50Z
2026-08-06T05:35:55Z,2026-08-06T07:35:55+0200,c3feb7e2-8675-4f7f-be40-2d97c558df74,2026-07-28T22:00:00Z,2026-07-29T00:00:00+0200,104.51,EUR/MWh,NL,NL,imbalance_price,Short,2026-08-06T05:38:50Z
2026-08-06T05:35:55Z,2026-08-06T07:35:55+0200,c3feb7e2-8675-4f7f-be40-2d97c558df74,2026-07-28T22:15:00Z,2026-07-29T00:15:00+0200,85.19,EUR/MWh,NL,NL,imbalance_price,Long,2026-08-06T05:38:50Z
2026-08-06T05:35:55Z,2026-08-06T07:35:55+0200,c3feb7e2-8675-4f7f-be40-2d97c558df74,2026-07-28T22:15:00Z,2026-07-29T00:15:00+0200,145.0,EUR/MWh,NL,NL,imbalance_price,Short,2026-08-06T05:38:50Z
2026-08-06T05:35:55Z,2026-08-06T07:35:55+0200,c3feb7e2-8675-4f7f-be40-2d97c558df74,2026-07-28T22:30:00Z,2026-07-29T00:30:00+0200,111.7,EUR/MWh,NL,NL,imbalance_price,Long,2026-08-06T05:38:50Z
2026-08-06T05:35:55Z,2026-08-06T07:35:55+0200,c3feb7e2-8675-4f7f-be40-2d97c558df74,2026-07-28T22:30:00Z,2026-07-29T00:30:00+0200,111.7,EUR/MWh,NL,NL,imbalance_price,Short,2026-08-06T05:38:50Z
2026-08-06T05:35:55Z,2026-08-06T07:35:55+0200,c3feb7e2-8675-4f7f-be40-2d97c558df74,2026-07-28T22:45:00Z,2026-07-29T00:45:00+0200,112.97,EUR/MWh,NL,NL,imbalance_price,Long,2026-08-06T05:38:50Z
2026-08-06T05:35:55Z,2026-08-06T07:35:55+0200,c3feb7e2-8675-4f7f-be40-2d97c558df74,2026-07-28T22:45:00Z,2026-07-29T00:45:00+0200,112.97,EUR/MWh,NL,NL,imbalance_price,Short,2026-08-06T05:38:50Z
2026-08-06T05:35:55Z,2026-08-06T07:35:55+0200,c3feb7e2-8675-4f7f-be40-2d97c558df74,2026-07-28T23:00:00Z,2026-07-29T01:00:00+0200,76.8,EUR/MWh,NL,NL,imbalance_price,Long,2026-08-06T05:38:50Z
2026-08-06T05:35:55Z,2026-08-06T07:35:55+0200,c3feb7e2-8675-4f7f-be40-2d97c558df74,2026-07-28T23:00:00Z,2026-07-29T01:00:00+0200,135.0,EUR/MWh,NL,NL,imbalance_price,Short,2026-08-06T05:38:50Z
2026-08-06T05:35:55Z,2026-08-06T07:35:55+0200,c3feb7e2-8675-4f7f-be40-2d97c558df74,2026-07-28T23:15:00Z,2026-07-29T01:15:00+0200,112.94,EUR/MWh,NL,NL,imbalance_price,Long,2026-08-06T05:38:50Z
2026-08-06T05:35:55Z,2026-08-06T07:35:55+0200,c3feb7e2-8675-4f7f-be40-2d97c558df74,2026-07-28T23:15:00Z,2026-07-29T01:15:00+0200,112.94,EUR/MWh,NL,NL,imbalance_price,Short,2026-08-06T05:38:50Z
2026-08-06T05:35:55Z,2026-08-06T07:35:55+0200,c3feb7e2-8675-4f7f-be40-2d97c558df74,2026-07-28T23:30:00Z,2026-07-29T01:30:00+0200,114.11,EUR/MWh,NL,NL,imbalance_price,Long,2026-08-06T05:38:50Z
2026-08-06T05:35:55Z,2026-08-06T07:35:55+0200,c3feb7e2-8675-4f7f-be40-2d97c558df74,2026-07-28T23:30:00Z,2026-07-29T01:30:00+0200,114.11,EUR/MWh,NL,NL,imbalance_price,Short,2026-08-06T05:38:50Z
2026-08-06T05:35:55Z,2026-08-06T07:35:55+0200,c3feb7e2-8675-4f7f-be40-2d97c558df74,2026-07-28T23:45:00Z,2026-07-29T01:45:00+0200,121.28,EUR/MWh,NL,NL,imbalance_price,Long,2026-08-06T05:38:50Z
2026-08-06T05:35:55Z,2026-08-06T07:35:55+0200,c3feb7e2-8675-4f7f-be40-2d97c558df74,2026-07-28T23:45:00Z,2026-07-29T01:45:00+0200,121.28,EUR/MWh,NL,NL,imbalance_price,Short,2026-08-06T05:38:50Z
2026-08-06T05:35:55Z,2026-08-06T07:35:55+0200,c3feb7e2-8675-4f7f-be40-2d97c558df74,2026-07-29T00:00:00Z,2026-07-29T02:00:00+0200,69.7,EUR/MWh,NL,NL,imbalance_price,Long,2026-08-06T05:38:50Z
2026-08-06T05:35:55Z,2026-08-06T07:35:55+0200,c3feb7e2-8675-4f7f-be40-2d97c558df74,2026-07-29T00:00:00Z,2026-07-29T02:00:00+0200,150.0,EUR/MWh,NL,NL,imbalance_price,Short,2026-08-06T05:38:50Z
2026-08-06T05:35:55Z,2026-08-06T07:35:55+0200,c3feb7e2-8675-4f7f-be40-2d97c558df74,2026-07-29T00:15:00Z,2026-07-29T02:15:00+0200,105.14,EUR/MWh,NL,NL,imbalance_price,Long,2026-08-06T05:38:50Z
2026-08-06T05:35:55Z,2026-08-06T07:35:55+0200,c3feb7e2-8675-4f7f-be40-2d97c558df74,2026-07-29T00:15:00Z,2026-07-29T02:15:00+0200,105.14,EUR/MWh,NL,NL,imbalance_price,Short,2026-08-06T05:38:50Z
2026-08-06T05:35:55Z,2026-08-06T07:35:55+0200,c3feb7e2-8675-4f7f-be40-2d97c558df74,2026-07-29T00:30:00Z,2026-07-29T02:30:00+0200,96.84,EUR/MWh,NL,NL,imbalance_price,Long,2026-08-06T05:38:50Z
2026-08-06T05:35:55Z,2026-08-06T07:35:55+0200,c3feb7e2-8675-4f7f-be40-2d97c558df74,2026-07-29T00:30:00Z,2026-07-29T02:30:00+0200,96.84,EUR/MWh,NL,NL,imbalance_price,Short,2026-08-06T05:38:50Z
2026-08-06T05:35:55Z,2026-08-06T07:35:55+0200,c3feb7e2-8675-4f7f-be40-2d97c558df74,2026-07-29T00:45:00Z,2026-07-29T02:45:00+0200,114.23,EUR/MWh,NL,NL,imbalance_price,Long,2026-08-06T05:38:50Z
2026-08-06T05:35:55Z,2026-08-06T07:35:55+0200,c3feb7e2-8675-4f7f-be40-2d97c558df74,2026-07-29T00:45:00Z,2026-07-29T02:45:00+0200,114.23,EUR/MWh,NL,NL,imbalance_price,Short,2026-08-06T05:38:50Z
2026-08-06T05:35:55Z,2026-08-06T07:35:55+0200,c3feb7e2-8675-4f7f-be40-2d97c558df74,2026-07-29T01:00:00Z,2026-07-29T03:00:00+0200,69.7,EUR/MWh,NL,NL,imbalance_price,Long,2026-08-06T05:38:50Z
2026-08-06T05:35:55Z,2026-08-06T07:35:55+0200,c3feb7e2-8675-4f7f-be40-2d97c558df74,2026-07-29T01:00:00Z,2026-07-29T03:00:00+0200,135.0,EUR/MWh,NL,NL,imbalance_price,Short,2026-08-06T05:38:50Z
2026-08-06T05:35:55Z,2026-08-06T07:35:55+0200,c3feb7e2-8675-4f7f-be40-2d97c558df74,2026-07-29T01:15:00Z,2026-07-29T03:15:00+0200,117.8,EUR/MWh,NL,NL,imbalance_price,Long,2026-08-06T05:38:50Z
2026-08-06T05:35:55Z,2026-08-06T07:35:55+0200,c3feb7e2-8675-4f7f-be40-2d97c558df74,2026-07-29T01:15:00Z,2026-07-29T03:15:00+0200,117.8,EUR/MWh,NL,NL,imbalance_price,Short,2026-08-06T05:38:50Z
2026-08-06T05:35:55Z,2026-08-06T07:35:55+0200,c3feb7e2-8675-4f7f-be40-2d97c558df74,2026-07-29T01:30:00Z,2026-07-29T03:30:00+0200,116.92,EUR/MWh,NL,NL,imbalance_price,Long,2026-08-06T05:38:50Z
2026-08-06T05:35:55Z,2026-08-06T07:35:55+0200,c3feb7e2-8675-4f7f-be40-2d97c558df74,2026-07-29T01:30:00Z,2026-07-29T03:30:00+0200,116.92,EUR/MWh,NL,NL,imbalance_price,Short,2026-08-06T05:38:50Z
2026-08-06T05:35:55Z,2026-08-06T07:35:55+0200,c3feb7e2-8675-4f7f-be40-2d97c558df74,2026-07-29T01:45:00Z,2026-07-29T03:45:00+0200,118.5,EUR/MWh,NL,NL,imbalance_price,Long,2026-08-06T05:38:50Z
2026-08-06T05:35:55Z,2026-08-06T07:35:55+0200,c3feb7e2-8675-4f7f-be40-2d97c558df74,2026-07-29T01:45:00Z,2026-07-29T03:45:00+0200,118.5,EUR/MWh,NL,NL,imbalance_price,Short,2026-08-06T05:38:50Z
2026-08-06T05:35:55Z,2026-08-06T07:35:55+0200,c3feb7e2-8675-4f7f-be40-2d97c558df74,2026-07-29T02:00:00Z,2026-07-29T04:00:00+0200,69.7,EUR/MWh,NL,NL,imbalance_price,Long,2026-08-06T05:38:50Z
2026-08-06T05:35:55Z,2026-08-06T07:35:55+0200,c3feb7e2-8675-4f7f-be40-2d97c558df74,2026-07-29T02:00:00Z,2026-07-29T04:00:00+0200,127.54,EUR/MWh,NL,NL,imbalance_price,Short,2026-08-06T05:38:50Z
2026-08-06T05:35:55Z,2026-08-06T07:35:55+0200,c3feb7e2-8675-4f7f-be40-2d97c558df74,2026-07-29T02:15:00Z,2026-07-29T04:15:00+0200,108.08,EUR/MWh,NL,NL,imbalance_price,Long,2026-08-06T05:38:50Z
2026-08-06T05:35:55Z,2026-08-06T07:35:55+0200,c3feb7e2-8675-4f7f-be40-2d97c558df74,2026-07-29T02:15:00Z,2026-07-29T04:15:00+0200,108.08,EUR/MWh,NL,NL,imbalance_price,Short,2026-08-06T05:38:50Z
2026-08-06T05:35:55Z,2026-08-06T07:35:55+0200,c3feb7e2-8675-4f7f-be40-2d97c558df74,2026-07-29T02:30:00Z,2026-07-29T04:30:00+0200,69.7,EUR/MWh,NL,NL,imbalance_price,Long,2026-08-06T05:38:50Z
2026-08-06T05:35:55Z,2026-08-06T07:35:55+0200,c3feb7e2-8675-4f7f-be40-2d97c558df74,2026-07-29T02:30:00Z,2026-07-29T04:30:00+0200,162.0,EUR/MWh,NL,NL,imbalance_price,Short,2026-08-06T05:38:50Z
2026-08-06T05:35:55Z,2026-08-06T07:35:55+0200,c3feb7e2-8675-4f7f-be40-2d97c558df74,2026-07-29T02:45:00Z,2026-07-29T04:45:00+0200,166.0,EUR/MWh,NL,NL,imbalance_price,Long,2026-08-06T05:38:50Z
2026-08-06T05:35:55Z,2026-08-06T07:35:55+0200,c3feb7e2-8675-4f7f-be40-2d97c558df74,2026-07-29T02:45:00Z,2026-07-29T04:45:00+0200,166.0,EUR/MWh,NL,NL,imbalance_price,Short,2026-08-06T05:38:50Z
2026-08-06T05:35:55Z,2026-08-06T07:35:55+0200,c3feb7e2-8675-4f7f-be40-2d97c558df74,2026-07-29T03:00:00Z,2026-07-29T05:00:00+0200,127.53,EUR/MWh,NL,NL,imbalance_price,Long,2026-08-06T05:38:50Z
2026-08-06T05:35:55Z,2026-08-06T07:35:55+0200,c3feb7e2-8675-4f7f-be40-2d97c558df74,2026-07-29T03:00:00Z,2026-07-29T05:00:00+0200,127.53,EUR/MWh,NL,NL,imbalance_price,Short,2026-08-06T05:38:50Z
2026-08-06T05:35:55Z,2026-08-06T07:35:55+0200,c3feb7e2-8675-4f7f-be40-2d97c558df74,2026-07-29T03:15:00Z,2026-07-29T05:15:00+0200,79.79,EUR/MWh,NL,NL,imbalance_price,Long,2026-08-06T05:38:50Z
2026-08-06T05:35:55Z,2026-08-06T07:35:55+0200,c3feb7e2-8675-4f7f-be40-2d97c558df74,2026-07-29T03:15:00Z,2026-07-29T05:15:00+0200,108.08,EUR/MWh,NL,NL,imbalance_price,Short,2026-08-06T05:38:50Z
2026-08-06T05:35:55Z,2026-08-06T07:35:55+0200,c3feb7e2-8675-4f7f-be40-2d97c558df74,2026-07-29T03:30:00Z,2026-07-29T05:30:00+0200,114.69,EUR/MWh,NL,NL,imbalance_price,Long,2026-08-06T05:38:50Z
2026-08-06T05:35:55Z,2026-08-06T07:35:55+0200,c3feb7e2-8675-4f7f-be40-2d97c558df74,2026-07-29T03:30:00Z,2026-07-29T05:30:00+0200,114.69,EUR/MWh,NL,NL,imbalance_price,Short,2026-08-06T05:38:50Z
2026-08-06T05:35:55Z,2026-08-06T07:35:55+0200,c3feb7e2-8675-4f7f-be40-2d97c558df74,2026-07-29T03:45:00Z,2026-07-29T05:45:00+0200,91.37,EUR/MWh,NL,NL,imbalance_price,Long,2026-08-06T05:38:50Z
2026-08-06T05:35:55Z,2026-08-06T07:35:55+0200,c3feb7e2-8675-4f7f-be40-2d97c558df74,2026-07-29T03:45:00Z,2026-07-29T05:45:00+0200,91.37,EUR/MWh,NL,NL,imbalance_price,Short,2026-08-06T05:38:50Z
2026-08-06T05:35:55Z,2026-08-06T07:35:55+0200,c3feb7e2-8675-4f7f-be40-2d97c558df74,2026-07-29T04:00:00Z,2026-07-29T06:00:00+0200,76.8,EUR/MWh,NL,NL,imbalance_price,Long,2026-08-06T05:38:50Z
2026-08-06T05:35:55Z,2026-08-06T07:35:55+0200,c3feb7e2-8675-4f7f-be40-2d97c558df74,2026-07-29T04:00:00Z,2026-07-29T06:00:00+0200,174.3,EUR/MWh,NL,NL,imbalance_price,Short,2026-08-06T05:38:50Z
2026-08-06T05:35:55Z,2026-08-06T07:35:55+0200,c3feb7e2-8675-4f7f-be40-2d97c558df74,2026-07-29T04:15:00Z,2026-07-29T06:15:00+0200,166.0,EUR/MWh,NL,NL,imbalance_price,Long,2026-08-06T05:38:50Z
2026-08-06T05:35:55Z,2026-08-06T07:35:55+0200,c3feb7e2-8675-4f7f-be40-2d97c558df74,2026-07-29T04:15:00Z,2026-07-29T06:15:00+0200,166.0,EUR/MWh,NL,NL,imbalance_price,Short,2026-08-06T05:38:50Z
2026-08-06T05:35:55Z,2026-08-06T07:35:55+0200,c3feb7e2-8675-4f7f-be40-2d97c558df74,2026-07-29T04:30:00Z,2026-07-29T06:30:00+0200,76.8,EUR/MWh,NL,NL,imbalance_price,Long,2026-08-06T05:38:50Z
2026-08-06T05:35:55Z,2026-08-06T07:35:55+0200,c3feb7e2-8675-4f7f-be40-2d97c558df74,2026-07-29T04:30:00Z,2026-07-29T06:30:00+0200,170.0,EUR/MWh,NL,NL,imbalance_price,Short,2026-08-06T05:38:50Z
2026-08-06T05:35:55Z,2026-08-06T07:35:55+0200,c3feb7e2-8675-4f7f-be40-2d97c558df74,2026-07-29T04:45:00Z,2026-07-29T06:45:00+0200,111.7,EUR/MWh,NL,NL,imbalance_price,Long,2026-08-06T05:38:50Z
2026-08-06T05:35:55Z,2026-08-06T07:35:55+0200,c3feb7e2-8675-4f7f-be40-2d97c558df74,2026-07-29T04:45:00Z,2026-07-29T06:45:00+0200,111.7,EUR/MWh,NL,NL,imbalance_price,Short,2026-08-06T05:38:50Z
2026-08-06T05:35:55Z,2026-08-06T07:35:55+0200,c3feb7e2-8675-4f7f-be40-2d97c558df74,2026-07-29T05:00:00Z,2026-07-29T07:00:00+0200,111.7,EUR/MWh,NL,NL,imbalance_price,Long,2026-08-06T05:38:50Z
2026-08-06T05:35:55Z,2026-08-06T07:35:55+0200,c3feb7e2-8675-4f7f-be40-2d97c558df74,2026-07-29T05:00:00Z,2026-07-29T07:00:00+0200,111.7,EUR/MWh,NL,NL,imbalance_price,Short,2026-08-06T05:38:50Z
2026-08-06T05:35:55Z,2026-08-06T07:35:55+0200,c3feb7e2-8675-4f7f-be40-2d97c558df74,2026-07-29T05:15:00Z,2026-07-29T07:15:00+0200,110.3,EUR/MWh,NL,NL,imbalance_price,Long,2026-08-06T05:38:50Z
2026-08-06T05:35:55Z,2026-08-06T07:35:55+0200,c3feb7e2-8675-4f7f-be40-2d97c558df74,2026-07-29T05:15:00Z,2026-07-29T07:15:00+0200,110.3,EUR/MWh,NL,NL,imbalance_price,Short,2026-08-06T05:38:50Z
2026-08-06T05:35:55Z,2026-08-06T07:35:55+0200,c3feb7e2-8675-4f7f-be40-2d97c558df74,2026-07-29T05:30:00Z,2026-07-29T07:30:00+0200,110.3,EUR/MWh,NL,NL,imbalance_price,Long,2026-08-06T05:38:50Z
2026-08-06T05:35:55Z,2026-08-06T07:35:55+0200,c3feb7e2-8675-4f7f-be40-2d97c558df74,2026-07-29T05:30:00Z,2026-07-29T07:30:00+0200,110.3,EUR/MWh,NL,NL,imbalance_price,Short,2026-08-06T05:38:50Z
2026-08-06T05:35:55Z,2026-08-06T07:35:55+0200,c3feb7e2-8675-4f7f-be40-2d97c558df74,2026-07-29T05:45:00Z,2026-07-29T07:45:00+0200,109.14,EUR/MWh,NL,NL,imbalance_price,Long,2026-08-06T05:38:50Z
2026-08-06T05:35:55Z,2026-08-06T07:35:55+0200,c3feb7e2-8675-4f7f-be40-2d97c558df74,2026-07-29T05:45:00Z,2026-07-29T07:45:00+0200,109.14,EUR/MWh,NL,NL,imbalance_price,Short,2026-08-06T05:38:50Z
2026-08-06T05:35:55Z,2026-08-06T07:35:55+0200,c3feb7e2-8675-4f7f-be40-2d97c558df74,2026-07-29T06:00:00Z,2026-07-29T08:00:00+0200,90.0,EUR/MWh,NL,NL,imbalance_price,Long,2026-08-06T05:38:50Z
2026-08-06T05:35:55Z,2026-08-06T07:35:55+0200,c3feb7e2-8675-4f7f-be40-2d97c558df74,2026-07-29T06:00:00Z,2026-07-29T08:00:00+0200,110.3,EUR/MWh,NL,NL,imbalance_price,Short,2026-08-06T05:38:50Z
2026-08-06T05:35:55Z,2026-08-06T07:35:55+0200,c3feb7e2-8675-4f7f-be40-2d97c558df74,2026-07-29T06:15:00Z,2026-07-29T08:15:00+0200,85.71,EUR/MWh,NL,NL,imbalance_price,Long,2026-08-06T05:38:50Z
2026-08-06T05:35:55Z,2026-08-06T07:35:55+0200,c3feb7e2-8675-4f7f-be40-2d97c558df74,2026-07-29T06:15:00Z,2026-07-29T08:15:00+0200,85.71,EUR/MWh,NL,NL,imbalance_price,Short,2026-08-06T05:38:50Z
2026-08-06T05:35:55Z,2026-08-06T07:35:55+0200,c3feb7e2-8675-4f7f-be40-2d97c558df74,2026-07-29T06:30:00Z,2026-07-29T08:30:00+0200,92.29,EUR/MWh,NL,NL,imbalance_price,Long,2026-08-06T05:38:50Z
2026-08-06T05:35:55Z,2026-08-06T07:35:55+0200,c3feb7e2-8675-4f7f-be40-2d97c558df74,2026-07-29T06:30:00Z,2026-07-29T08:30:00+0200,140.0,EUR/MWh,NL,NL,imbalance_price,Short,2026-08-06T05:38:50Z
2026-08-06T05:35:55Z,2026-08-06T07:35:55+0200,c3feb7e2-8675-4f7f-be40-2d97c558df74,2026-07-29T06:45:00Z,2026-07-29T08:45:00+0200,82.29,EUR/MWh,NL,NL,imbalance_price,Long,2026-08-06T05:38:50Z
2026-08-06T05:35:55Z,2026-08-06T07:35:55+0200,c3feb7e2-8675-4f7f-be40-2d97c558df74,2026-07-29T06:45:00Z,2026-07-29T08:45:00+0200,82.29,EUR/MWh,NL,NL,imbalance_price,Short,2026-08-06T05:38:50Z
2026-08-06T05:35:55Z,2026-08-06T07:35:55+0200,c3feb7e2-8675-4f7f-be40-2d97c558df74,2026-07-29T07:00:00Z,2026-07-29T09:00:00+0200,-1.4,EUR/MWh,NL,NL,imbalance_price,Long,2026-08-06T05:38:50Z
2026-08-06T05:35:55Z,2026-08-06T07:35:55+0200,c3feb7e2-8675-4f7f-be40-2d97c558df74,2026-07-29T07:00:00Z,2026-07-29T09:00:00+0200,150.0,EUR/MWh,NL,NL,imbalance_price,Short,2026-08-06T05:38:50Z
2026-08-06T05:35:55Z,2026-08-06T07:35:55+0200,c3feb7e2-8675-4f7f-be40-2d97c558df74,2026-07-29T07:15:00Z,2026-07-29T09:15:00+0200,12.0,EUR/MWh,NL,NL,imbalance_price,Long,2026-08-06T05:38:50Z
2026-08-06T05:35:55Z,2026-08-06T07:35:55+0200,c3feb7e2-8675-4f7f-be40-2d97c558df74,2026-07-29T07:15:00Z,2026-07-29T09:15:00+0200,150.0,EUR/MWh,NL,NL,imbalance_price,Short,2026-08-06T05:38:50Z
2026-08-06T05:35:55Z,2026-08-06T07:35:55+0200,c3feb7e2-8675-4f7f-be40-2d97c558df74,2026-07-29T07:30:00Z,2026-07-29T09:30:00+0200,12.0,EUR/MWh,NL,NL,imbalance_price,Long,2026-08-06T05:38:50Z
2026-08-06T05:35:55Z,2026-08-06T07:35:55+0200,c3feb7e2-8675-4f7f-be40-2d97c558df74,2026-07-29T07:30:00Z,2026-07-29T09:30:00+0200,140.0,EUR/MWh,NL,NL,imbalance_price,Short,2026-08-06T05:38:50Z
2026-08-06T05:35:55Z,2026-08-06T07:35:55+0200,c3feb7e2-8675-4f7f-be40-2d97c558df74,2026-07-29T07:45:00Z,2026-07-29T09:45:00+0200,44.74,EUR/MWh,NL,NL,imbalance_price,Long,2026-08-06T05:38:50Z
2026-08-06T05:35:55Z,2026-08-06T07:35:55+0200,c3feb7e2-8675-4f7f-be40-2d97c558df74,2026-07-29T07:45:00Z,2026-07-29T09:45:00+0200,129.4,EUR/MWh,NL,NL,imbalance_price,Short,2026-08-06T05:38:50Z
2026-08-06T05:35:55Z,2026-08-06T07:35:55+0200,c3feb7e2-8675-4f7f-be40-2d97c558df74,2026-07-29T08:00:00Z,2026-07-29T10:00:00+0200,88.09,EUR/MWh,NL,NL,imbalance_price,Long,2026-08-06T05:38:50Z
2026-08-06T05:35:55Z,2026-08-06T07:35:55+0200,c3feb7e2-8675-4f7f-be40-2d97c558df74,2026-07-29T08:00:00Z,2026-07-29T10:00:00+0200,111.7,EUR/MWh,NL,NL,imbalance_price,Short,2026-08-06T05:38:50Z
2026-08-06T05:35:55Z,2026-08-06T07:35:55+0200,c3feb7e2-8675-4f7f-be40-2d97c558df74,2026-07-29T08:15:00Z,2026-07-29T10:15:00+0200,10.0,EUR/MWh,NL,NL,imbalance_price,Long,2026-08-06T05:38:50Z
2026-08-06T05:35:55Z,2026-08-06T07:35:55+0200,c3feb7e2-8675-4f7f-be40-2d97c558df74,2026-07-29T08:15:00Z,2026-07-29T10:15:00+0200,108.08,EUR/MWh,NL,NL,imbalance_price,Short,2026-08-06T05:38:50Z
2026-08-06T05:35:55Z,2026-08-06T07:35:55+0200,c3feb7e2-8675-4f7f-be40-2d97c558df74,2026-07-29T08:30:00Z,2026-07-29T10:30:00+0200,0.0,EUR/MWh,NL,NL,imbalance_price,Long,2026-08-06T05:38:50Z
2026-08-06T05:35:55Z,2026-08-06T07:35:55+0200,c3feb7e2-8675-4f7f-be40-2d97c558df74,2026-07-29T08:30:00Z,2026-07-29T10:30:00+0200,0.0,EUR/MWh,NL,NL,imbalance_price,Short,2026-08-06T05:38:50Z
2026-08-06T05:35:55Z,2026-08-06T07:35:55+0200,c3feb7e2-8675-4f7f-be40-2d97c558df74,2026-07-29T08:45:00Z,2026-07-29T10:45:00+0200,0.0,EUR/MWh,NL,NL,imbalance_price,Long,2026-08-06T05:38:50Z
2026-08-06T05:35:55Z,2026-08-06T07:35:55+0200,c3feb7e2-8675-4f7f-be40-2d97c558df74,2026-07-29T08:45:00Z,2026-07-29T10:45:00+0200,0.0,EUR/MWh,NL,NL,imbalance_price,Short,2026-08-06T05:38:50Z
2026-08-06T05:35:55Z,2026-08-06T07:35:55+0200,c3feb7e2-8675-4f7f-be40-2d97c558df74,2026-07-29T09:00:00Z,2026-07-29T11:00:00+0200,0.0,EUR/MWh,NL,NL,imbalance_price,Long,2026-08-06T05:38:50Z
2026-08-06T05:35:55Z,2026-08-06T07:35:55+0200,c3feb7e2-8675-4f7f-be40-2d97c558df74,2026-07-29T09:00:00Z,2026-07-29T11:00:00+0200,0.0,EUR/MWh,NL,NL,imbalance_price,Short,2026-08-06T05:38:50Z
2026-08-06T05:35:55Z,2026-08-06T07:35:55+0200,c3feb7e2-8675-4f7f-be40-2d97c558df74,2026-07-29T09:15:00Z,2026-07-29T11:15:00+0200,0.0,EUR/MWh,NL,NL,imbalance_price,Long,2026-08-06T05:38:50Z
2026-08-06T05:35:55Z,2026-08-06T07:35:55+0200,c3feb7e2-8675-4f7f-be40-2d97c558df74,2026-07-29T09:15:00Z,2026-07-29T11:15:00+0200,0.0,EUR/MWh,NL,NL,imbalance_price,Short,2026-08-06T05:38:50Z
2026-08-06T05:35:55Z,2026-08-06T07:35:55+0200,c3feb7e2-8675-4f7f-be40-2d97c558df74,2026-07-29T09:30:00Z,2026-07-29T11:30:00+0200,-22.27,EUR/MWh,NL,NL,imbalance_price,Long,2026-08-06T05:38:50Z
2026-08-06T05:35:55Z,2026-08-06T07:35:55+0200,c3feb7e2-8675-4f7f-be40-2d97c558df74,2026-07-29T09:30:00Z,2026-07-29T11:30:00+0200,67.83,EUR/MWh,NL,NL,imbalance_price,Short,2026-08-06T05:38:50Z
2026-08-06T05:35:55Z,2026-08-06T07:35:55+0200,c3feb7e2-8675-4f7f-be40-2d97c558df74,2026-07-29T09:45:00Z,2026-07-29T11:45:00+0200,-21.53,EUR/MWh,NL,NL,imbalance_price,Long,2026-08-06T05:38:50Z
2026-08-06T05:35:55Z,2026-08-06T07:35:55+0200,c3feb7e2-8675-4f7f-be40-2d97c558df74,2026-07-29T09:45:00Z,2026-07-29T11:45:00+0200,-21.53,EUR/MWh,NL,NL,imbalance_price,Short,2026-08-06T05:38:50Z
2026-08-06T05:35:55Z,2026-08-06T07:35:55+0200,c3feb7e2-8675-4f7f-be40-2d97c558df74,2026-07-29T10:00:00Z,2026-07-29T12:00:00+0200,-13.0,EUR/MWh,NL,NL,imbalance_price,Long,2026-08-06T05:38:50Z
2026-08-06T05:35:55Z,2026-08-06T07:35:55+0200,c3feb7e2-8675-4f7f-be40-2d97c558df74,2026-07-29T10:00:00Z,2026-07-29T12:00:00+0200,66.76,EUR/MWh,NL,NL,imbalance_price,Short,2026-08-06T05:38:50Z
2026-08-06T05:35:55Z,2026-08-06T07:35:55+0200,c3feb7e2-8675-4f7f-be40-2d97c558df74,2026-07-29T10:15:00Z,2026-07-29T12:15:00+0200,0.0,EUR/MWh,NL,NL,imbalance_price,Long,2026-08-06T05:38:50Z
2026-08-06T05:35:55Z,2026-08-06T07:35:55+0200,c3feb7e2-8675-4f7f-be40-2d97c558df74,2026-07-29T10:15:00Z,2026-07-29T12:15:00+0200,0.0,EUR/MWh,NL,NL,imbalance_price,Short,2026-08-06T05:38:50Z
2026-08-06T05:35:55Z,2026-08-06T07:35:55+0200,c3feb7e2-8675-4f7f-be40-2d97c558df74,2026-07-29T10:30:00Z,2026-07-29T12:30:00+0200,-1.5,EUR/MWh,NL,NL,imbalance_price,Long,2026-08-06T05:38:50Z
2026-08-06T05:35:55Z,2026-08-06T07:35:55+0200,c3feb7e2-8675-4f7f-be40-2d97c558df74,2026-07-29T10:30:00Z,2026-07-29T12:30:00+0200,-1.5,EUR/MWh,NL,NL,imbalance_price,Short,2026-08-06T05:38:50Z
2026-08-06T05:35:55Z,2026-08-06T07:35:55+0200,c3feb7e2-8675-4f7f-be40-2d97c558df74,2026-07-29T10:45:00Z,2026-07-29T12:45:00+0200,-13.0,EUR/MWh,NL,NL,imbalance_price,Long,2026-08-06T05:38:50Z
2026-08-06T05:35:55Z,2026-08-06T07:35:55+0200,c3feb7e2-8675-4f7f-be40-2d97c558df74,2026-07-29T10:45:00Z,2026-07-29T12:45:00+0200,-13.0,EUR/MWh,NL,NL,imbalance_price,Short,2026-08-06T05:38:50Z
2026-08-06T05:35:55Z,2026-08-06T07:35:55+0200,c3feb7e2-8675-4f7f-be40-2d97c558df74,2026-07-29T11:00:00Z,2026-07-29T13:00:00+0200,-2.85,EUR/MWh,NL,NL,imbalance_price,Long,2026-08-06T05:38:50Z
2026-08-06T05:35:55Z,2026-08-06T07:35:55+0200,c3feb7e2-8675-4f7f-be40-2d97c558df74,2026-07-29T11:00:00Z,2026-07-29T13:00:00+0200,-2.85,EUR/MWh,NL,NL,imbalance_price,Short,2026-08-06T05:38:50Z
2026-08-06T05:35:55Z,2026-08-06T07:35:55+0200,c3feb7e2-8675-4f7f-be40-2d97c558df74,2026-07-29T11:15:00Z,2026-07-29T13:15:00+0200,-4.0,EUR/MWh,NL,NL,imbalance_price,Long,2026-08-06T05:38:50Z
2026-08-06T05:35:55Z,2026-08-06T07:35:55+0200,c3feb7e2-8675-4f7f-be40-2d97c558df74,2026-07-29T11:15:00Z,2026-07-29T13:15:00+0200,-4.0,EUR/MWh,NL,NL,imbalance_price,Short,2026-08-06T05:38:50Z
2026-08-06T05:35:55Z,2026-08-06T07:35:55+0200,c3feb7e2-8675-4f7f-be40-2d97c558df74,2026-07-29T11:30:00Z,2026-07-29T13:30:00+0200,-13.0,EUR/MWh,NL,NL,imbalance_price,Long,2026-08-06T05:38:50Z
2026-08-06T05:35:55Z,2026-08-06T07:35:55+0200,c3feb7e2-8675-4f7f-be40-2d97c558df74,2026-07-29T11:30:00Z,2026-07-29T13:30:00+0200,-13.0,EUR/MWh,NL,NL,imbalance_price,Short,2026-08-06T05:38:50Z
2026-08-06T05:35:55Z,2026-08-06T07:35:55+0200,c3feb7e2-8675-4f7f-be40-2d97c558df74,2026-07-29T11:45:00Z,2026-07-29T13:45:00+0200,-13.0,EUR/MWh,NL,NL,imbalance_price,Long,2026-08-06T05:38:50Z
2026-08-06T05:35:55Z,2026-08-06T07:35:55+0200,c3feb7e2-8675-4f7f-be40-2d97c558df74,2026-07-29T11:45:00Z,2026-07-29T13:45:00+0200,-13.0,EUR/MWh,NL,NL,imbalance_price,Short,2026-08-06T05:38:50Z
2026-08-06T05:35:55Z,2026-08-06T07:35:55+0200,c3feb7e2-8675-4f7f-be40-2d97c558df74,2026-07-29T12:00:00Z,2026-07-29T14:00:00+0200,-13.0,EUR/MWh,NL,NL,imbalance_price,Long,2026-08-06T05:38:50Z
2026-08-06T05:35:55Z,2026-08-06T07:35:55+0200,c3feb7e2-8675-4f7f-be40-2d97c558df74,2026-07-29T12:00:00Z,2026-07-29T14:00:00+0200,-13.0,EUR/MWh,NL,NL,imbalance_price,Short,2026-08-06T05:38:50Z
2026-08-06T05:35:55Z,2026-08-06T07:35:55+0200,c3feb7e2-8675-4f7f-be40-2d97c558df74,2026-07-29T12:15:00Z,2026-07-29T14:15:00+0200,-13.0,EUR/MWh,NL,NL,imbalance_price,Long,2026-08-06T05:38:50Z
2026-08-06T05:35:55Z,2026-08-06T07:35:55+0200,c3feb7e2-8675-4f7f-be40-2d97c558df74,2026-07-29T12:15:00Z,2026-07-29T14:15:00+0200,-13.0,EUR/MWh,NL,NL,imbalance_price,Short,2026-08-06T05:38:50Z
2026-08-06T05:35:55Z,2026-08-06T07:35:55+0200,c3feb7e2-8675-4f7f-be40-2d97c558df74,2026-07-29T12:30:00Z,2026-07-29T14:30:00+0200,-13.0,EUR/MWh,NL,NL,imbalance_price,Long,2026-08-06T05:38:50Z
2026-08-06T05:35:55Z,2026-08-06T07:35:55+0200,c3feb7e2-8675-4f7f-be40-2d97c558df74,2026-07-29T12:30:00Z,2026-07-29T14:30:00+0200,-13.0,EUR/MWh,NL,NL,imbalance_price,Short,2026-08-06T05:38:50Z
2026-08-06T05:35:55Z,2026-08-06T07:35:55+0200,c3feb7e2-8675-4f7f-be40-2d97c558df74,2026-07-29T12:45:00Z,2026-07-29T14:45:00+0200,-13.0,EUR/MWh,NL,NL,imbalance_price,Long,2026-08-06T05:38:50Z
2026-08-06T05:35:55Z,2026-08-06T07:35:55+0200,c3feb7e2-8675-4f7f-be40-2d97c558df74,2026-07-29T12:45:00Z,2026-07-29T14:45:00+0200,64.04,EUR/MWh,NL,NL,imbalance_price,Short,2026-08-06T05:38:50Z
2026-08-06T05:35:55Z,2026-08-06T07:35:55+0200,c3feb7e2-8675-4f7f-be40-2d97c558df74,2026-07-29T13:00:00Z,2026-07-29T15:00:00+0200,-35.0,EUR/MWh,NL,NL,imbalance_price,Long,2026-08-06T05:38:50Z
2026-08-06T05:35:55Z,2026-08-06T07:35:55+0200,c3feb7e2-8675-4f7f-be40-2d97c558df74,2026-07-29T13:00:00Z,2026-07-29T15:00:00+0200,-35.0,EUR/MWh,NL,NL,imbalance_price,Short,2026-08-06T05:38:50Z
2026-08-06T05:35:55Z,2026-08-06T07:35:55+0200,c3feb7e2-8675-4f7f-be40-2d97c558df74,2026-07-29T13:15:00Z,2026-07-29T15:15:00+0200,-4.0,EUR/MWh,NL,NL,imbalance_price,Long,2026-08-06T05:38:50Z
2026-08-06T05:35:55Z,2026-08-06T07:35:55+0200,c3feb7e2-8675-4f7f-be40-2d97c558df74,2026-07-29T13:15:00Z,2026-07-29T15:15:00+0200,-4.0,EUR/MWh,NL,NL,imbalance_price,Short,2026-08-06T05:38:50Z
2026-08-06T05:35:55Z,2026-08-06T07:35:55+0200,c3feb7e2-8675-4f7f-be40-2d97c558df74,2026-07-29T13:30:00Z,2026-07-29T15:30:00+0200,-4.0,EUR/MWh,NL,NL,imbalance_price,Long,2026-08-06T05:38:50Z
2026-08-06T05:35:55Z,2026-08-06T07:35:55+0200,c3feb7e2-8675-4f7f-be40-2d97c558df74,2026-07-29T13:30:00Z,2026-07-29T15:30:00+0200,-4.0,EUR/MWh,NL,NL,imbalance_price,Short,2026-08-06T05:38:50Z
2026-08-06T05:35:55Z,2026-08-06T07:35:55+0200,c3feb7e2-8675-4f7f-be40-2d97c558df74,2026-07-29T13:45:00Z,2026-07-29T15:45:00+0200,10.0,EUR/MWh,NL,NL,imbalance_price,Long,2026-08-06T05:38:50Z
2026-08-06T05:35:55Z,2026-08-06T07:35:55+0200,c3feb7e2-8675-4f7f-be40-2d97c558df74,2026-07-29T13:45:00Z,2026-07-29T15:45:00+0200,10.0,EUR/MWh,NL,NL,imbalance_price,Short,2026-08-06T05:38:50Z
2026-08-06T05:35:55Z,2026-08-06T07:35:55+0200,c3feb7e2-8675-4f7f-be40-2d97c558df74,2026-07-29T14:00:00Z,2026-07-29T16:00:00+0200,12.0,EUR/MWh,NL,NL,imbalance_price,Long,2026-08-06T05:38:50Z
2026-08-06T05:35:55Z,2026-08-06T07:35:55+0200,c3feb7e2-8675-4f7f-be40-2d97c558df74,2026-07-29T14:00:00Z,2026-07-29T16:00:00+0200,12.0,EUR/MWh,NL,NL,imbalance_price,Short,2026-08-06T05:38:50Z
2026-08-06T05:35:55Z,2026-08-06T07:35:55+0200,c3feb7e2-8675-4f7f-be40-2d97c558df74,2026-07-29T14:15:00Z,2026-07-29T16:15:00+0200,10.0,EUR/MWh,NL,NL,imbalance_price,Long,2026-08-06T05:38:50Z
2026-08-06T05:35:55Z,2026-08-06T07:35:55+0200,c3feb7e2-8675-4f7f-be40-2d97c558df74,2026-07-29T14:15:00Z,2026-07-29T16:15:00+0200,10.0,EUR/MWh,NL,NL,imbalance_price,Short,2026-08-06T05:38:50Z
2026-08-06T05:35:55Z,2026-08-06T07:35:55+0200,c3feb7e2-8675-4f7f-be40-2d97c558df74,2026-07-29T14:30:00Z,2026-07-29T16:30:00+0200,77.17,EUR/MWh,NL,NL,imbalance_price,Long,2026-08-06T05:38:50Z
2026-08-06T05:35:55Z,2026-08-06T07:35:55+0200,c3feb7e2-8675-4f7f-be40-2d97c558df74,2026-07-29T14:30:00Z,2026-07-29T16:30:00+0200,77.17,EUR/MWh,NL,NL,imbalance_price,Short,2026-08-06T05:38:50Z
2026-08-06T05:35:55Z,2026-08-06T07:35:55+0200,c3feb7e2-8675-4f7f-be40-2d97c558df74,2026-07-29T14:45:00Z,2026-07-29T16:45:00+0200,110.0,EUR/MWh,NL,NL,imbalance_price,Long,2026-08-06T05:38:50Z
2026-08-06T05:35:55Z,2026-08-06T07:35:55+0200,c3feb7e2-8675-4f7f-be40-2d97c558df74,2026-07-29T14:45:00Z,2026-07-29T16:45:00+0200,110.0,EUR/MWh,NL,NL,imbalance_price,Short,2026-08-06T05:38:50Z
2026-08-06T05:35:55Z,2026-08-06T07:35:55+0200,c3feb7e2-8675-4f7f-be40-2d97c558df74,2026-07-29T15:00:00Z,2026-07-29T17:00:00+0200,83.0,EUR/MWh,NL,NL,imbalance_price,Long,2026-08-06T05:38:50Z
2026-08-06T05:35:55Z,2026-08-06T07:35:55+0200,c3feb7e2-8675-4f7f-be40-2d97c558df74,2026-07-29T15:00:00Z,2026-07-29T17:00:00+0200,108.0,EUR/MWh,NL,NL,imbalance_price,Short,2026-08-06T05:38:50Z
2026-08-06T05:35:55Z,2026-08-06T07:35:55+0200,c3feb7e2-8675-4f7f-be40-2d97c558df74,2026-07-29T15:15:00Z,2026-07-29T17:15:00+0200,108.0,EUR/MWh,NL,NL,imbalance_price,Long,2026-08-06T05:38:50Z
2026-08-06T05:35:55Z,2026-08-06T07:35:55+0200,c3feb7e2-8675-4f7f-be40-2d97c558df74,2026-07-29T15:15:00Z,2026-07-29T17:15:00+0200,200.0,EUR/MWh,NL,NL,imbalance_price,Short,2026-08-06T05:38:50Z
2026-08-06T05:35:55Z,2026-08-06T07:35:55+0200,c3feb7e2-8675-4f7f-be40-2d97c558df74,2026-07-29T15:30:00Z,2026-07-29T17:30:00+0200,165.0,EUR/MWh,NL,NL,imbalance_price,Long,2026-08-06T05:38:50Z
2026-08-06T05:35:55Z,2026-08-06T07:35:55+0200,c3feb7e2-8675-4f7f-be40-2d97c558df74,2026-07-29T15:30:00Z,2026-07-29T17:30:00+0200,165.0,EUR/MWh,NL,NL,imbalance_price,Short,2026-08-06T05:38:50Z
2026-08-06T05:35:55Z,2026-08-06T07:35:55+0200,c3feb7e2-8675-4f7f-be40-2d97c558df74,2026-07-29T15:45:00Z,2026-07-29T17:45:00+0200,170.0,EUR/MWh,NL,NL,imbalance_price,Long,2026-08-06T05:38:50Z
2026-08-06T05:35:55Z,2026-08-06T07:35:55+0200,c3feb7e2-8675-4f7f-be40-2d97c558df74,2026-07-29T15:45:00Z,2026-07-29T17:45:00+0200,170.0,EUR/MWh,NL,NL,imbalance_price,Short,2026-08-06T05:38:50Z
2026-08-06T05:35:55Z,2026-08-06T07:35:55+0200,c3feb7e2-8675-4f7f-be40-2d97c558df74,2026-07-29T16:00:00Z,2026-07-29T18:00:00+0200,104.5,EUR/MWh,NL,NL,imbalance_price,Long,2026-08-06T05:38:50Z
2026-08-06T05:35:55Z,2026-08-06T07:35:55+0200,c3feb7e2-8675-4f7f-be40-2d97c558df74,2026-07-29T16:00:00Z,2026-07-29T18:00:00+0200,138.61,EUR/MWh,NL,NL,imbalance_price,Short,2026-08-06T05:38:50Z
2026-08-06T05:35:55Z,2026-08-06T07:35:55+0200,c3feb7e2-8675-4f7f-be40-2d97c558df74,2026-07-29T16:15:00Z,2026-07-29T18:15:00+0200,105.69,EUR/MWh,NL,NL,imbalance_price,Long,2026-08-06T05:38:50Z
2026-08-06T05:35:55Z,2026-08-06T07:35:55+0200,c3feb7e2-8675-4f7f-be40-2d97c558df74,2026-07-29T16:15:00Z,2026-07-29T18:15:00+0200,156.0,EUR/MWh,NL,NL,imbalance_price,Short,2026-08-06T05:38:50Z
2026-08-06T05:35:55Z,2026-08-06T07:35:55+0200,c3feb7e2-8675-4f7f-be40-2d97c558df74,2026-07-29T16:30:00Z,2026-07-29T18:30:00+0200,90.0,EUR/MWh,NL,NL,imbalance_price,Long,2026-08-06T05:38:50Z
2026-08-06T05:35:55Z,2026-08-06T07:35:55+0200,c3feb7e2-8675-4f7f-be40-2d97c558df74,2026-07-29T16:30:00Z,2026-07-29T18:30:00+0200,213.91,EUR/MWh,NL,NL,imbalance_price,Short,2026-08-06T05:38:50Z
2026-08-06T05:35:55Z,2026-08-06T07:35:55+0200,c3feb7e2-8675-4f7f-be40-2d97c558df74,2026-07-29T16:45:00Z,2026-07-29T18:45:00+0200,200.0,EUR/MWh,NL,NL,imbalance_price,Long,2026-08-06T05:38:50Z
2026-08-06T05:35:55Z,2026-08-06T07:35:55+0200,c3feb7e2-8675-4f7f-be40-2d97c558df74,2026-07-29T16:45:00Z,2026-07-29T18:45:00+0200,200.0,EUR/MWh,NL,NL,imbalance_price,Short,2026-08-06T05:38:50Z
2026-08-06T05:35:55Z,2026-08-06T07:35:55+0200,c3feb7e2-8675-4f7f-be40-2d97c558df74,2026-07-29T17:00:00Z,2026-07-29T19:00:00+0200,78.0,EUR/MWh,NL,NL,imbalance_price,Long,2026-08-06T05:38:50Z
2026-08-06T05:35:55Z,2026-08-06T07:35:55+0200,c3feb7e2-8675-4f7f-be40-2d97c558df74,2026-07-29T17:00:00Z,2026-07-29T19:00:00+0200,225.0,EUR/MWh,NL,NL,imbalance_price,Short,2026-08-06T05:38:50Z
2026-08-06T05:35:55Z,2026-08-06T07:35:55+0200,c3feb7e2-8675-4f7f-be40-2d97c558df74,2026-07-29T17:15:00Z,2026-07-29T19:15:00+0200,176.0,EUR/MWh,NL,NL,imbalance_price,Long,2026-08-06T05:38:50Z
2026-08-06T05:35:55Z,2026-08-06T07:35:55+0200,c3feb7e2-8675-4f7f-be40-2d97c558df74,2026-07-29T17:15:00Z,2026-07-29T19:15:00+0200,176.0,EUR/MWh,NL,NL,imbalance_price,Short,2026-08-06T05:38:50Z
2026-08-06T05:35:55Z,2026-08-06T07:35:55+0200,c3feb7e2-8675-4f7f-be40-2d97c558df74,2026-07-29T17:30:00Z,2026-07-29T19:30:00+0200,260.9,EUR/MWh,NL,NL,imbalance_price,Long,2026-08-06T05:38:50Z
2026-08-06T05:35:55Z,2026-08-06T07:35:55+0200,c3feb7e2-8675-4f7f-be40-2d97c558df74,2026-07-29T17:30:00Z,2026-07-29T19:30:00+0200,260.9,EUR/MWh,NL,NL,imbalance_price,Short,2026-08-06T05:38:50Z
2026-08-06T05:35:55Z,2026-08-06T07:35:55+0200,c3feb7e2-8675-4f7f-be40-2d97c558df74,2026-07-29T17:45:00Z,2026-07-29T19:45:00+0200,274.21,EUR/MWh,NL,NL,imbalance_price,Long,2026-08-06T05:38:50Z
2026-08-06T05:35:55Z,2026-08-06T07:35:55+0200,c3feb7e2-8675-4f7f-be40-2d97c558df74,2026-07-29T17:45:00Z,2026-07-29T19:45:00+0200,274.21,EUR/MWh,NL,NL,imbalance_price,Short,2026-08-06T05:38:50Z
2026-08-06T05:35:55Z,2026-08-06T07:35:55+0200,c3feb7e2-8675-4f7f-be40-2d97c558df74,2026-07-29T18:00:00Z,2026-07-29T20:00:00+0200,282.16,EUR/MWh,NL,NL,imbalance_price,Long,2026-08-06T05:38:50Z
2026-08-06T05:35:55Z,2026-08-06T07:35:55+0200,c3feb7e2-8675-4f7f-be40-2d97c558df74,2026-07-29T18:00:00Z,2026-07-29T20:00:00+0200,282.16,EUR/MWh,NL,NL,imbalance_price,Short,2026-08-06T05:38:50Z
2026-08-06T05:35:55Z,2026-08-06T07:35:55+0200,c3feb7e2-8675-4f7f-be40-2d97c558df74,2026-07-29T18:15:00Z,2026-07-29T20:15:00+0200,278.75,EUR/MWh,NL,NL,imbalance_price,Long,2026-08-06T05:38:50Z
2026-08-06T05:35:55Z,2026-08-06T07:35:55+0200,c3feb7e2-8675-4f7f-be40-2d97c558df74,2026-07-29T18:15:00Z,2026-07-29T20:15:00+0200,278.75,EUR/MWh,NL,NL,imbalance_price,Short,2026-08-06T05:38:50Z
2026-08-06T05:35:55Z,2026-08-06T07:35:55+0200,c3feb7e2-8675-4f7f-be40-2d97c558df74,2026-07-29T18:30:00Z,2026-07-29T20:30:00+0200,350.1,EUR/MWh,NL,NL,imbalance_price,Long,2026-08-06T05:38:50Z
2026-08-06T05:35:55Z,2026-08-06T07:35:55+0200,c3feb7e2-8675-4f7f-be40-2d97c558df74,2026-07-29T18:30:00Z,2026-07-29T20:30:00+0200,350.1,EUR/MWh,NL,NL,imbalance_price,Short,2026-08-06T05:38:50Z
2026-08-06T05:35:55Z,2026-08-06T07:35:55+0200,c3feb7e2-8675-4f7f-be40-2d97c558df74,2026-07-29T18:45:00Z,2026-07-29T20:45:00+0200,300.3,EUR/MWh,NL,NL,imbalance_price,Long,2026-08-06T05:38:50Z
2026-08-06T05:35:55Z,2026-08-06T07:35:55+0200,c3feb7e2-8675-4f7f-be40-2d97c558df74,2026-07-29T18:45:00Z,2026-07-29T20:45:00+0200,300.3,EUR/MWh,NL,NL,imbalance_price,Short,2026-08-06T05:38:50Z
2026-08-06T05:35:55Z,2026-08-06T07:35:55+0200,c3feb7e2-8675-4f7f-be40-2d97c558df74,2026-07-29T19:00:00Z,2026-07-29T21:00:00+0200,126.07,EUR/MWh,NL,NL,imbalance_price,Long,2026-08-06T05:38:50Z
2026-08-06T05:35:55Z,2026-08-06T07:35:55+0200,c3feb7e2-8675-4f7f-be40-2d97c558df74,2026-07-29T19:00:00Z,2026-07-29T21:00:00+0200,200.17,EUR/MWh,NL,NL,imbalance_price,Short,2026-08-06T05:38:50Z
2026-08-06T05:35:55Z,2026-08-06T07:35:55+0200,c3feb7e2-8675-4f7f-be40-2d97c558df74,2026-07-29T19:15:00Z,2026-07-29T21:15:00+0200,224.9,EUR/MWh,NL,NL,imbalance_price,Long,2026-08-06T05:38:50Z
2026-08-06T05:35:55Z,2026-08-06T07:35:55+0200,c3feb7e2-8675-4f7f-be40-2d97c558df74,2026-07-29T19:15:00Z,2026-07-29T21:15:00+0200,224.9,EUR/MWh,NL,NL,imbalance_price,Short,2026-08-06T05:38:50Z
2026-08-06T05:35:55Z,2026-08-06T07:35:55+0200,c3feb7e2-8675-4f7f-be40-2d97c558df74,2026-07-29T19:30:00Z,2026-07-29T21:30:00+0200,196.0,EUR/MWh,NL,NL,imbalance_price,Long,2026-08-06T05:38:50Z
2026-08-06T05:35:55Z,2026-08-06T07:35:55+0200,c3feb7e2-8675-4f7f-be40-2d97c558df74,2026-07-29T19:30:00Z,2026-07-29T21:30:00+0200,196.0,EUR/MWh,NL,NL,imbalance_price,Short,2026-08-06T05:38:50Z
2026-08-06T05:35:55Z,2026-08-06T07:35:55+0200,c3feb7e2-8675-4f7f-be40-2d97c558df74,2026-07-29T19:45:00Z,2026-07-29T21:45:00+0200,156.0,EUR/MWh,NL,NL,imbalance_price,Long,2026-08-06T05:38:50Z
2026-08-06T05:35:55Z,2026-08-06T07:35:55+0200,c3feb7e2-8675-4f7f-be40-2d97c558df74,2026-07-29T19:45:00Z,2026-07-29T21:45:00+0200,203.6,EUR/MWh,NL,NL,imbalance_price,Short,2026-08-06T05:38:50Z
2026-08-06T05:35:55Z,2026-08-06T07:35:55+0200,c3feb7e2-8675-4f7f-be40-2d97c558df74,2026-07-29T20:00:00Z,2026-07-29T22:00:00+0200,129.4,EUR/MWh,NL,NL,imbalance_price,Long,2026-08-06T05:38:50Z
2026-08-06T05:35:55Z,2026-08-06T07:35:55+0200,c3feb7e2-8675-4f7f-be40-2d97c558df74,2026-07-29T20:00:00Z,2026-07-29T22:00:00+0200,190.01,EUR/MWh,NL,NL,imbalance_price,Short,2026-08-06T05:38:50Z
2026-08-06T05:35:55Z,2026-08-06T07:35:55+0200,c3feb7e2-8675-4f7f-be40-2d97c558df74,2026-07-29T20:15:00Z,2026-07-29T22:15:00+0200,118.69,EUR/MWh,NL,NL,imbalance_price,Long,2026-08-06T05:38:50Z
2026-08-06T05:35:55Z,2026-08-06T07:35:55+0200,c3feb7e2-8675-4f7f-be40-2d97c558df74,2026-07-29T20:15:00Z,2026-07-29T22:15:00+0200,118.69,EUR/MWh,NL,NL,imbalance_price,Short,2026-08-06T05:38:50Z
2026-08-06T05:35:55Z,2026-08-06T07:35:55+0200,c3feb7e2-8675-4f7f-be40-2d97c558df74,2026-07-29T20:30:00Z,2026-07-29T22:30:00+0200,124.42,EUR/MWh,NL,NL,imbalance_price,Long,2026-08-06T05:38:50Z
2026-08-06T05:35:55Z,2026-08-06T07:35:55+0200,c3feb7e2-8675-4f7f-be40-2d97c558df74,2026-07-29T20:30:00Z,2026-07-29T22:30:00+0200,124.42,EUR/MWh,NL,NL,imbalance_price,Short,2026-08-06T05:38:50Z
2026-08-06T05:35:55Z,2026-08-06T07:35:55+0200,c3feb7e2-8675-4f7f-be40-2d97c558df74,2026-07-29T20:45:00Z,2026-07-29T22:45:00+0200,116.53,EUR/MWh,NL,NL,imbalance_price,Long,2026-08-06T05:38:50Z
2026-08-06T05:35:55Z,2026-08-06T07:35:55+0200,c3feb7e2-8675-4f7f-be40-2d97c558df74,2026-07-29T20:45:00Z,2026-07-29T22:45:00+0200,116.53,EUR/MWh,NL,NL,imbalance_price,Short,2026-08-06T05:38:50Z
2026-08-06T05:35:55Z,2026-08-06T07:35:55+0200,c3feb7e2-8675-4f7f-be40-2d97c558df74,2026-07-29T21:00:00Z,2026-07-29T23:00:00+0200,127.56,EUR/MWh,NL,NL,imbalance_price,Long,2026-08-06T05:38:50Z
2026-08-06T05:35:55Z,2026-08-06T07:35:55+0200,c3feb7e2-8675-4f7f-be40-2d97c558df74,2026-07-29T21:00:00Z,2026-07-29T23:00:00+0200,170.0,EUR/MWh,NL,NL,imbalance_price,Short,2026-08-06T05:38:50Z
2026-08-06T05:35:55Z,2026-08-06T07:35:55+0200,c3feb7e2-8675-4f7f-be40-2d97c558df74,2026-07-29T21:15:00Z,2026-07-29T23:15:00+0200,97.0,EUR/MWh,NL,NL,imbalance_price,Long,2026-08-06T05:38:50Z
2026-08-06T05:35:55Z,2026-08-06T07:35:55+0200,c3feb7e2-8675-4f7f-be40-2d97c558df74,2026-07-29T21:15:00Z,2026-07-29T23:15:00+0200,97.0,EUR/MWh,NL,NL,imbalance_price,Short,2026-08-06T05:38:50Z
2026-08-06T05:35:55Z,2026-08-06T07:35:55+0200,c3feb7e2-8675-4f7f-be40-2d97c558df74,2026-07-29T21:30:00Z,2026-07-29T23:30:00+0200,90.0,EUR/MWh,NL,NL,imbalance_price,Long,2026-08-06T05:38:50Z
2026-08-06T05:35:55Z,2026-08-06T07:35:55+0200,c3feb7e2-8675-4f7f-be40-2d97c558df74,2026-07-29T21:30:00Z,2026-07-29T23:30:00+0200,90.0,EUR/MWh,NL,NL,imbalance_price,Short,2026-08-06T05:38:50Z
2026-08-06T05:35:55Z,2026-08-06T07:35:55+0200,c3feb7e2-8675-4f7f-be40-2d97c558df74,2026-07-29T21:45:00Z,2026-07-29T23:45:00+0200,105.86,EUR/MWh,NL,NL,imbalance_price,Long,2026-08-06T05:38:50Z
2026-08-06T05:35:55Z,2026-08-06T07:35:55+0200,c3feb7e2-8675-4f7f-be40-2d97c558df74,2026-07-29T21:45:00Z,2026-07-29T23:45:00+0200,105.86,EUR/MWh,NL,NL,imbalance_price,Short,2026-08-06T05:38:50Z
2026-08-06T05:35:55Z,2026-08-06T07:35:55+0200,c3feb7e2-8675-4f7f-be40-2d97c558df74,2026-07-29T22:00:00Z,2026-07-30T00:00:00+0200,91.96,EUR/MWh,NL,NL,imbalance_price,Long,2026-08-06T05:38:50Z
2026-08-06T05:35:55Z,2026-08-06T07:35:55+0200,c3feb7e2-8675-4f7f-be40-2d97c558df74,2026-07-29T22:00:00Z,2026-07-30T00:00:00+0200,127.5,EUR/MWh,NL,NL,imbalance_price,Short,2026-08-06T05:38:50Z
2026-08-06T05:35:55Z,2026-08-06T07:35:55+0200,c3feb7e2-8675-4f7f-be40-2d97c558df74,2026-07-29T22:15:00Z,2026-07-30T00:15:00+0200,159.0,EUR/MWh,NL,NL,imbalance_price,Long,2026-08-06T05:38:50Z
2026-08-06T05:35:55Z,2026-08-06T07:35:55+0200,c3feb7e2-8675-4f7f-be40-2d97c558df74,2026-07-29T22:15:00Z,2026-07-30T00:15:00+0200,159.0,EUR/MWh,NL,NL,imbalance_price,Short,2026-08-06T05:38:50Z
2026-08-06T05:35:55Z,2026-08-06T07:35:55+0200,c3feb7e2-8675-4f7f-be40-2d97c558df74,2026-07-29T22:30:00Z,2026-07-30T00:30:00+0200,156.0,EUR/MWh,NL,NL,imbalance_price,Long,2026-08-06T05:38:50Z
2026-08-06T05:35:55Z,2026-08-06T07:35:55+0200,c3feb7e2-8675-4f7f-be40-2d97c558df74,2026-07-29T22:30:00Z,2026-07-30T00:30:00+0200,156.0,EUR/MWh,NL,NL,imbalance_price,Short,2026-08-06T05:38:50Z
2026-08-06T05:35:55Z,2026-08-06T07:35:55+0200,c3feb7e2-8675-4f7f-be40-2d97c558df74,2026-07-29T22:45:00Z,2026-07-30T00:45:00+0200,200.0,EUR/MWh,NL,NL,imbalance_price,Long,2026-08-06T05:38:50Z
2026-08-06T05:35:55Z,2026-08-06T07:35:55+0200,c3feb7e2-8675-4f7f-be40-2d97c558df74,2026-07-29T22:45:00Z,2026-07-30T00:45:00+0200,200.0,EUR/MWh,NL,NL,imbalance_price,Short,2026-08-06T05:38:50Z
2026-08-06T05:35:55Z,2026-08-06T07:35:55+0200,c3feb7e2-8675-4f7f-be40-2d97c558df74,2026-07-29T23:00:00Z,2026-07-30T01:00:00+0200,86.38,EUR/MWh,NL,NL,imbalance_price,Long,2026-08-06T05:38:50Z
2026-08-06T05:35:55Z,2026-08-06T07:35:55+0200,c3feb7e2-8675-4f7f-be40-2d97c558df74,2026-07-29T23:00:00Z,2026-07-30T01:00:00+0200,140.44,EUR/MWh,NL,NL,imbalance_price,Short,2026-08-06T05:38:50Z
2026-08-06T05:35:55Z,2026-08-06T07:35:55+0200,c3feb7e2-8675-4f7f-be40-2d97c558df74,2026-07-29T23:15:00Z,2026-07-30T01:15:00+0200,77.0,EUR/MWh,NL,NL,imbalance_price,Long,2026-08-06T05:38:50Z
2026-08-06T05:35:55Z,2026-08-06T07:35:55+0200,c3feb7e2-8675-4f7f-be40-2d97c558df74,2026-07-29T23:15:00Z,2026-07-30T01:15:00+0200,77.0,EUR/MWh,NL,NL,imbalance_price,Short,2026-08-06T05:38:50Z
2026-08-06T05:35:55Z,2026-08-06T07:35:55+0200,c3feb7e2-8675-4f7f-be40-2d97c558df74,2026-07-29T23:30:00Z,2026-07-30T01:30:00+0200,123.94,EUR/MWh,NL,NL,imbalance_price,Long,2026-08-06T05:38:50Z
2026-08-06T05:35:55Z,2026-08-06T07:35:55+0200,c3feb7e2-8675-4f7f-be40-2d97c558df74,2026-07-29T23:30:00Z,2026-07-30T01:30:00+0200,123.94,EUR/MWh,NL,NL,imbalance_price,Short,2026-08-06T05:38:50Z
2026-08-06T05:35:55Z,2026-08-06T07:35:55+0200,c3feb7e2-8675-4f7f-be40-2d97c558df74,2026-07-29T23:45:00Z,2026-07-30T01:45:00+0200,100.61,EUR/MWh,NL,NL,imbalance_price,Long,2026-08-06T05:38:50Z
2026-08-06T05:35:55Z,2026-08-06T07:35:55+0200,c3feb7e2-8675-4f7f-be40-2d97c558df74,2026-07-29T23:45:00Z,2026-07-30T01:45:00+0200,100.61,EUR/MWh,NL,NL,imbalance_price,Short,2026-08-06T05:38:50Z
2026-08-06T05:35:55Z,2026-08-06T07:35:55+0200,c3feb7e2-8675-4f7f-be40-2d97c558df74,2026-07-30T00:00:00Z,2026-07-30T02:00:00+0200,106.91,EUR/MWh,NL,NL,imbalance_price,Long,2026-08-06T05:38:50Z
2026-08-06T05:35:55Z,2026-08-06T07:35:55+0200,c3feb7e2-8675-4f7f-be40-2d97c558df74,2026-07-30T00:00:00Z,2026-07-30T02:00:00+0200,106.91,EUR/MWh,NL,NL,imbalance_price,Short,2026-08-06T05:38:50Z
2026-08-06T05:35:55Z,2026-08-06T07:35:55+0200,c3feb7e2-8675-4f7f-be40-2d97c558df74,2026-07-30T00:15:00Z,2026-07-30T02:15:00+0200,136.43,EUR/MWh,NL,NL,imbalance_price,Long,2026-08-06T05:38:50Z
2026-08-06T05:35:55Z,2026-08-06T07:35:55+0200,c3feb7e2-8675-4f7f-be40-2d97c558df74,2026-07-30T00:15:00Z,2026-07-30T02:15:00+0200,136.43,EUR/MWh,NL,NL,imbalance_price,Short,2026-08-06T05:38:50Z
2026-08-06T05:35:55Z,2026-08-06T07:35:55+0200,c3feb7e2-8675-4f7f-be40-2d97c558df74,2026-07-30T00:30:00Z,2026-07-30T02:30:00+0200,152.71,EUR/MWh,NL,NL,imbalance_price,Long,2026-08-06T05:38:50Z
2026-08-06T05:35:55Z,2026-08-06T07:35:55+0200,c3feb7e2-8675-4f7f-be40-2d97c558df74,2026-07-30T00:30:00Z,2026-07-30T02:30:00+0200,152.71,EUR/MWh,NL,NL,imbalance_price,Short,2026-08-06T05:38:50Z
2026-08-06T05:35:55Z,2026-08-06T07:35:55+0200,c3feb7e2-8675-4f7f-be40-2d97c558df74,2026-07-30T00:45:00Z,2026-07-30T02:45:00+0200,118.05,EUR/MWh,NL,NL,imbalance_price,Long,2026-08-06T05:38:50Z
2026-08-06T05:35:55Z,2026-08-06T07:35:55+0200,c3feb7e2-8675-4f7f-be40-2d97c558df74,2026-07-30T00:45:00Z,2026-07-30T02:45:00+0200,118.05,EUR/MWh,NL,NL,imbalance_price,Short,2026-08-06T05:38:50Z
2026-08-06T05:35:55Z,2026-08-06T07:35:55+0200,c3feb7e2-8675-4f7f-be40-2d97c558df74,2026-07-30T01:00:00Z,2026-07-30T03:00:00+0200,122.77,EUR/MWh,NL,NL,imbalance_price,Long,2026-08-06T05:38:50Z
2026-08-06T05:35:55Z,2026-08-06T07:35:55+0200,c3feb7e2-8675-4f7f-be40-2d97c558df74,2026-07-30T01:00:00Z,2026-07-30T03:00:00+0200,122.77,EUR/MWh,NL,NL,imbalance_price,Short,2026-08-06T05:38:50Z
2026-08-06T05:35:55Z,2026-08-06T07:35:55+0200,c3feb7e2-8675-4f7f-be40-2d97c558df74,2026-07-30T01:15:00Z,2026-07-30T03:15:00+0200,126.22,EUR/MWh,NL,NL,imbalance_price,Long,2026-08-06T05:38:50Z
2026-08-06T05:35:55Z,2026-08-06T07:35:55+0200,c3feb7e2-8675-4f7f-be40-2d97c558df74,2026-07-30T01:15:00Z,2026-07-30T03:15:00+0200,126.22,EUR/MWh,NL,NL,imbalance_price,Short,2026-08-06T05:38:50Z
2026-08-06T05:35:55Z,2026-08-06T07:35:55+0200,c3feb7e2-8675-4f7f-be40-2d97c558df74,2026-07-30T01:30:00Z,2026-07-30T03:30:00+0200,85.73,EUR/MWh,NL,NL,imbalance_price,Long,2026-08-06T05:38:50Z
2026-08-06T05:35:55Z,2026-08-06T07:35:55+0200,c3feb7e2-8675-4f7f-be40-2d97c558df74,2026-07-30T01:30:00Z,2026-07-30T03:30:00+0200,85.73,EUR/MWh,NL,NL,imbalance_price,Short,2026-08-06T05:38:50Z
2026-08-06T05:35:55Z,2026-08-06T07:35:55+0200,c3feb7e2-8675-4f7f-be40-2d97c558df74,2026-07-30T01:45:00Z,2026-07-30T03:45:00+0200,127.5,EUR/MWh,NL,NL,imbalance_price,Long,2026-08-06T05:38:50Z
2026-08-06T05:35:55Z,2026-08-06T07:35:55+0200,c3feb7e2-8675-4f7f-be40-2d97c558df74,2026-07-30T01:45:00Z,2026-07-30T03:45:00+0200,127.5,EUR/MWh,NL,NL,imbalance_price,Short,2026-08-06T05:38:50Z
2026-08-06T05:35:55Z,2026-08-06T07:35:55+0200,c3feb7e2-8675-4f7f-be40-2d97c558df74,2026-07-30T02:00:00Z,2026-07-30T04:00:00+0200,138.25,EUR/MWh,NL,NL,imbalance_price,Long,2026-08-06T05:38:50Z
2026-08-06T05:35:55Z,2026-08-06T07:35:55+0200,c3feb7e2-8675-4f7f-be40-2d97c558df74,2026-07-30T02:00:00Z,2026-07-30T04:00:00+0200,138.25,EUR/MWh,NL,NL,imbalance_price,Short,2026-08-06T05:38:50Z
2026-08-06T05:35:55Z,2026-08-06T07:35:55+0200,c3feb7e2-8675-4f7f-be40-2d97c558df74,2026-07-30T02:15:00Z,2026-07-30T04:15:00+0200,116.64,EUR/MWh,NL,NL,imbalance_price,Long,2026-08-06T05:38:50Z
2026-08-06T05:35:55Z,2026-08-06T07:35:55+0200,c3feb7e2-8675-4f7f-be40-2d97c558df74,2026-07-30T02:15:00Z,2026-07-30T04:15:00+0200,116.64,EUR/MWh,NL,NL,imbalance_price,Short,2026-08-06T05:38:50Z
2026-08-06T05:35:55Z,2026-08-06T07:35:55+0200,c3feb7e2-8675-4f7f-be40-2d97c558df74,2026-07-30T02:30:00Z,2026-07-30T04:30:00+0200,116.77,EUR/MWh,NL,NL,imbalance_price,Long,2026-08-06T05:38:50Z
2026-08-06T05:35:55Z,2026-08-06T07:35:55+0200,c3feb7e2-8675-4f7f-be40-2d97c558df74,2026-07-30T02:30:00Z,2026-07-30T04:30:00+0200,116.77,EUR/MWh,NL,NL,imbalance_price,Short,2026-08-06T05:38:50Z
2026-08-06T05:35:55Z,2026-08-06T07:35:55+0200,c3feb7e2-8675-4f7f-be40-2d97c558df74,2026-07-30T02:45:00Z,2026-07-30T04:45:00+0200,87.41,EUR/MWh,NL,NL,imbalance_price,Long,2026-08-06T05:38:50Z
2026-08-06T05:35:55Z,2026-08-06T07:35:55+0200,c3feb7e2-8675-4f7f-be40-2d97c558df74,2026-07-30T02:45:00Z,2026-07-30T04:45:00+0200,87.41,EUR/MWh,NL,NL,imbalance_price,Short,2026-08-06T05:38:50Z
2026-08-06T05:35:55Z,2026-08-06T07:35:55+0200,c3feb7e2-8675-4f7f-be40-2d97c558df74,2026-07-30T03:00:00Z,2026-07-30T05:00:00+0200,77.0,EUR/MWh,NL,NL,imbalance_price,Long,2026-08-06T05:38:50Z
2026-08-06T05:35:55Z,2026-08-06T07:35:55+0200,c3feb7e2-8675-4f7f-be40-2d97c558df74,2026-07-30T03:00:00Z,2026-07-30T05:00:00+0200,77.0,EUR/MWh,NL,NL,imbalance_price,Short,2026-08-06T05:38:50Z
2026-08-06T05:35:55Z,2026-08-06T07:35:55+0200,c3feb7e2-8675-4f7f-be40-2d97c558df74,2026-07-30T03:15:00Z,2026-07-30T05:15:00+0200,87.06,EUR/MWh,NL,NL,imbalance_price,Long,2026-08-06T05:38:50Z
2026-08-06T05:35:55Z,2026-08-06T07:35:55+0200,c3feb7e2-8675-4f7f-be40-2d97c558df74,2026-07-30T03:15:00Z,2026-07-30T05:15:00+0200,87.06,EUR/MWh,NL,NL,imbalance_price,Short,2026-08-06T05:38:50Z
2026-08-06T05:35:55Z,2026-08-06T07:35:55+0200,c3feb7e2-8675-4f7f-be40-2d97c558df74,2026-07-30T03:30:00Z,2026-07-30T05:30:00+0200,123.88,EUR/MWh,NL,NL,imbalance_price,Long,2026-08-06T05:38:50Z
2026-08-06T05:35:55Z,2026-08-06T07:35:55+0200,c3feb7e2-8675-4f7f-be40-2d97c558df74,2026-07-30T03:30:00Z,2026-07-30T05:30:00+0200,123.88,EUR/MWh,NL,NL,imbalance_price,Short,2026-08-06T05:38:50Z
2026-08-06T05:35:55Z,2026-08-06T07:35:55+0200,c3feb7e2-8675-4f7f-be40-2d97c558df74,2026-07-30T03:45:00Z,2026-07-30T05:45:00+0200,123.94,EUR/MWh,NL,NL,imbalance_price,Long,2026-08-06T05:38:50Z
2026-08-06T05:35:55Z,2026-08-06T07:35:55+0200,c3feb7e2-8675-4f7f-be40-2d97c558df74,2026-07-30T03:45:00Z,2026-07-30T05:45:00+0200,123.94,EUR/MWh,NL,NL,imbalance_price,Short,2026-08-06T05:38:50Z
2026-08-06T05:35:55Z,2026-08-06T07:35:55+0200,c3feb7e2-8675-4f7f-be40-2d97c558df74,2026-07-30T04:00:00Z,2026-07-30T06:00:00+0200,84.6,EUR/MWh,NL,NL,imbalance_price,Long,2026-08-06T05:38:50Z
2026-08-06T05:35:55Z,2026-08-06T07:35:55+0200,c3feb7e2-8675-4f7f-be40-2d97c558df74,2026-07-30T04:00:00Z,2026-07-30T06:00:00+0200,84.6,EUR/MWh,NL,NL,imbalance_price,Short,2026-08-06T05:38:50Z
2026-08-06T05:35:55Z,2026-08-06T07:35:55+0200,c3feb7e2-8675-4f7f-be40-2d97c558df74,2026-07-30T04:15:00Z,2026-07-30T06:15:00+0200,71.35,EUR/MWh,NL,NL,imbalance_price,Long,2026-08-06T05:38:50Z
2026-08-06T05:35:55Z,2026-08-06T07:35:55+0200,c3feb7e2-8675-4f7f-be40-2d97c558df74,2026-07-30T04:15:00Z,2026-07-30T06:15:00+0200,114.0,EUR/MWh,NL,NL,imbalance_price,Short,2026-08-06T05:38:50Z
2026-08-06T05:35:55Z,2026-08-06T07:35:55+0200,c3feb7e2-8675-4f7f-be40-2d97c558df74,2026-07-30T04:30:00Z,2026-07-30T06:30:00+0200,70.64,EUR/MWh,NL,NL,imbalance_price,Long,2026-08-06T05:38:50Z
2026-08-06T05:35:55Z,2026-08-06T07:35:55+0200,c3feb7e2-8675-4f7f-be40-2d97c558df74,2026-07-30T04:30:00Z,2026-07-30T06:30:00+0200,127.5,EUR/MWh,NL,NL,imbalance_price,Short,2026-08-06T05:38:50Z
2026-08-06T05:35:55Z,2026-08-06T07:35:55+0200,c3feb7e2-8675-4f7f-be40-2d97c558df74,2026-07-30T04:45:00Z,2026-07-30T06:45:00+0200,70.64,EUR/MWh,NL,NL,imbalance_price,Long,2026-08-06T05:38:50Z
2026-08-06T05:35:55Z,2026-08-06T07:35:55+0200,c3feb7e2-8675-4f7f-be40-2d97c558df74,2026-07-30T04:45:00Z,2026-07-30T06:45:00+0200,173.88,EUR/MWh,NL,NL,imbalance_price,Short,2026-08-06T05:38:50Z
2026-08-06T05:35:55Z,2026-08-06T07:35:55+0200,c3feb7e2-8675-4f7f-be40-2d97c558df74,2026-07-30T05:00:00Z,2026-07-30T07:00:00+0200,168.36,EUR/MWh,NL,NL,imbalance_price,Long,2026-08-06T05:38:50Z
2026-08-06T05:35:55Z,2026-08-06T07:35:55+0200,c3feb7e2-8675-4f7f-be40-2d97c558df74,2026-07-30T05:00:00Z,2026-07-30T07:00:00+0200,168.36,EUR/MWh,NL,NL,imbalance_price,Short,2026-08-06T05:38:50Z
2026-08-06T05:35:55Z,2026-08-06T07:35:55+0200,c3feb7e2-8675-4f7f-be40-2d97c558df74,2026-07-30T05:15:00Z,2026-07-30T07:15:00+0200,123.9,EUR/MWh,NL,NL,imbalance_price,Long,2026-08-06T05:38:50Z
2026-08-06T05:35:55Z,2026-08-06T07:35:55+0200,c3feb7e2-8675-4f7f-be40-2d97c558df74,2026-07-30T05:15:00Z,2026-07-30T07:15:00+0200,162.92,EUR/MWh,NL,NL,imbalance_price,Short,2026-08-06T05:38:50Z
2026-08-06T05:35:55Z,2026-08-06T07:35:55+0200,c3feb7e2-8675-4f7f-be40-2d97c558df74,2026-07-30T05:30:00Z,2026-07-30T07:30:00+0200,121.16,EUR/MWh,NL,NL,imbalance_price,Long,2026-08-06T05:38:50Z
2026-08-06T05:35:55Z,2026-08-06T07:35:55+0200,c3feb7e2-8675-4f7f-be40-2d97c558df74,2026-07-30T05:30:00Z,2026-07-30T07:30:00+0200,150.0,EUR/MWh,NL,NL,imbalance_price,Short,2026-08-06T05:38:50Z
2026-08-06T05:35:55Z,2026-08-06T07:35:55+0200,c3feb7e2-8675-4f7f-be40-2d97c558df74,2026-07-30T05:45:00Z,2026-07-30T07:45:00+0200,100.69,EUR/MWh,NL,NL,imbalance_price,Long,2026-08-06T05:38:50Z
2026-08-06T05:35:55Z,2026-08-06T07:35:55+0200,c3feb7e2-8675-4f7f-be40-2d97c558df74,2026-07-30T05:45:00Z,2026-07-30T07:45:00+0200,100.69,EUR/MWh,NL,NL,imbalance_price,Short,2026-08-06T05:38:50Z
2026-08-06T05:35:55Z,2026-08-06T07:35:55+0200,c3feb7e2-8675-4f7f-be40-2d97c558df74,2026-07-30T06:00:00Z,2026-07-30T08:00:00+0200,135.71,EUR/MWh,NL,NL,imbalance_price,Long,2026-08-06T05:38:50Z
2026-08-06T05:35:55Z,2026-08-06T07:35:55+0200,c3feb7e2-8675-4f7f-be40-2d97c558df74,2026-07-30T06:00:00Z,2026-07-30T08:00:00+0200,135.71,EUR/MWh,NL,NL,imbalance_price,Short,2026-08-06T05:38:50Z
2026-08-06T05:35:55Z,2026-08-06T07:35:55+0200,c3feb7e2-8675-4f7f-be40-2d97c558df74,2026-07-30T06:15:00Z,2026-07-30T08:15:00+0200,140.0,EUR/MWh,NL,NL,imbalance_price,Long,2026-08-06T05:38:50Z
2026-08-06T05:35:55Z,2026-08-06T07:35:55+0200,c3feb7e2-8675-4f7f-be40-2d97c558df74,2026-07-30T06:15:00Z,2026-07-30T08:15:00+0200,140.0,EUR/MWh,NL,NL,imbalance_price,Short,2026-08-06T05:38:50Z
2026-08-06T05:35:55Z,2026-08-06T07:35:55+0200,c3feb7e2-8675-4f7f-be40-2d97c558df74,2026-07-30T06:30:00Z,2026-07-30T08:30:00+0200,140.0,EUR/MWh,NL,NL,imbalance_price,Long,2026-08-06T05:38:50Z
2026-08-06T05:35:55Z,2026-08-06T07:35:55+0200,c3feb7e2-8675-4f7f-be40-2d97c558df74,2026-07-30T06:30:00Z,2026-07-30T08:30:00+0200,140.0,EUR/MWh,NL,NL,imbalance_price,Short,2026-08-06T05:38:50Z
2026-08-06T05:35:55Z,2026-08-06T07:35:55+0200,c3feb7e2-8675-4f7f-be40-2d97c558df74,2026-07-30T06:45:00Z,2026-07-30T08:45:00+0200,169.0,EUR/MWh,NL,NL,imbalance_price,Long,2026-08-06T05:38:50Z
2026-08-06T05:35:55Z,2026-08-06T07:35:55+0200,c3feb7e2-8675-4f7f-be40-2d97c558df74,2026-07-30T06:45:00Z,2026-07-30T08:45:00+0200,169.0,EUR/MWh,NL,NL,imbalance_price,Short,2026-08-06T05:38:50Z
2026-08-06T05:35:55Z,2026-08-06T07:35:55+0200,c3feb7e2-8675-4f7f-be40-2d97c558df74,2026-07-30T07:00:00Z,2026-07-30T09:00:00+0200,150.0,EUR/MWh,NL,NL,imbalance_price,Long,2026-08-06T05:38:50Z
2026-08-06T05:35:55Z,2026-08-06T07:35:55+0200,c3feb7e2-8675-4f7f-be40-2d97c558df74,2026-07-30T07:00:00Z,2026-07-30T09:00:00+0200,150.0,EUR/MWh,NL,NL,imbalance_price,Short,2026-08-06T05:38:50Z
2026-08-06T05:35:55Z,2026-08-06T07:35:55+0200,c3feb7e2-8675-4f7f-be40-2d97c558df74,2026-07-30T07:15:00Z,2026-07-30T09:15:00+0200,169.0,EUR/MWh,NL,NL,imbalance_price,Long,2026-08-06T05:38:50Z
2026-08-06T05:35:55Z,2026-08-06T07:35:55+0200,c3feb7e2-8675-4f7f-be40-2d97c558df74,2026-07-30T07:15:00Z,2026-07-30T09:15:00+0200,169.0,EUR/MWh,NL,NL,imbalance_price,Short,2026-08-06T05:38:50Z
2026-08-06T05:35:55Z,2026-08-06T07:35:55+0200,c3feb7e2-8675-4f7f-be40-2d97c558df74,2026-07-30T07:30:00Z,2026-07-30T09:30:00+0200,169.0,EUR/MWh,NL,NL,imbalance_price,Long,2026-08-06T05:38:50Z
2026-08-06T05:35:55Z,2026-08-06T07:35:55+0200,c3feb7e2-8675-4f7f-be40-2d97c558df74,2026-07-30T07:30:00Z,2026-07-30T09:30:00+0200,169.0,EUR/MWh,NL,NL,imbalance_price,Short,2026-08-06T05:38:50Z
2026-08-06T05:35:55Z,2026-08-06T07:35:55+0200,c3feb7e2-8675-4f7f-be40-2d97c558df74,2026-07-30T07:45:00Z,2026-07-30T09:45:00+0200,169.0,EUR/MWh,NL,NL,imbalance_price,Long,2026-08-06T05:38:50Z
2026-08-06T05:35:55Z,2026-08-06T07:35:55+0200,c3feb7e2-8675-4f7f-be40-2d97c558df74,2026-07-30T07:45:00Z,2026-07-30T09:45:00+0200,169.0,EUR/MWh,NL,NL,imbalance_price,Short,2026-08-06T05:38:50Z
2026-08-06T05:35:55Z,2026-08-06T07:35:55+0200,c3feb7e2-8675-4f7f-be40-2d97c558df74,2026-07-30T08:00:00Z,2026-07-30T10:00:00+0200,0.0,EUR/MWh,NL,NL,imbalance_price,Long,2026-08-06T05:38:50Z
2026-08-06T05:35:55Z,2026-08-06T07:35:55+0200,c3feb7e2-8675-4f7f-be40-2d97c558df74,2026-07-30T08:00:00Z,2026-07-30T10:00:00+0200,106.4,EUR/MWh,NL,NL,imbalance_price,Short,2026-08-06T05:38:50Z
2026-08-06T05:35:55Z,2026-08-06T07:35:55+0200,c3feb7e2-8675-4f7f-be40-2d97c558df74,2026-07-30T08:15:00Z,2026-07-30T10:15:00+0200,10.0,EUR/MWh,NL,NL,imbalance_price,Long,2026-08-06T05:38:50Z
2026-08-06T05:35:55Z,2026-08-06T07:35:55+0200,c3feb7e2-8675-4f7f-be40-2d97c558df74,2026-07-30T08:15:00Z,2026-07-30T10:15:00+0200,10.0,EUR/MWh,NL,NL,imbalance_price,Short,2026-08-06T05:38:50Z
2026-08-06T05:35:55Z,2026-08-06T07:35:55+0200,c3feb7e2-8675-4f7f-be40-2d97c558df74,2026-07-30T08:30:00Z,2026-07-30T10:30:00+0200,8.5,EUR/MWh,NL,NL,imbalance_price,Long,2026-08-06T05:38:50Z
2026-08-06T05:35:55Z,2026-08-06T07:35:55+0200,c3feb7e2-8675-4f7f-be40-2d97c558df74,2026-07-30T08:30:00Z,2026-07-30T10:30:00+0200,8.5,EUR/MWh,NL,NL,imbalance_price,Short,2026-08-06T05:38:50Z
2026-08-06T05:35:55Z,2026-08-06T07:35:55+0200,c3feb7e2-8675-4f7f-be40-2d97c558df74,2026-07-30T08:45:00Z,2026-07-30T10:45:00+0200,-4.0,EUR/MWh,NL,NL,imbalance_price,Long,2026-08-06T05:38:50Z
2026-08-06T05:35:55Z,2026-08-06T07:35:55+0200,c3feb7e2-8675-4f7f-be40-2d97c558df74,2026-07-30T08:45:00Z,2026-07-30T10:45:00+0200,-4.0,EUR/MWh,NL,NL,imbalance_price,Short,2026-08-06T05:38:50Z
2026-08-06T05:35:55Z,2026-08-06T07:35:55+0200,c3feb7e2-8675-4f7f-be40-2d97c558df74,2026-07-30T09:00:00Z,2026-07-30T11:00:00+0200,-10.0,EUR/MWh,NL,NL,imbalance_price,Long,2026-08-06T05:38:50Z
2026-08-06T05:35:55Z,2026-08-06T07:35:55+0200,c3feb7e2-8675-4f7f-be40-2d97c558df74,2026-07-30T09:00:00Z,2026-07-30T11:00:00+0200,-10.0,EUR/MWh,NL,NL,imbalance_price,Short,2026-08-06T05:38:50Z
2026-08-06T05:35:55Z,2026-08-06T07:35:55+0200,c3feb7e2-8675-4f7f-be40-2d97c558df74,2026-07-30T09:15:00Z,2026-07-30T11:15:00+0200,8.5,EUR/MWh,NL,NL,imbalance_price,Long,2026-08-06T05:38:50Z
2026-08-06T05:35:55Z,2026-08-06T07:35:55+0200,c3feb7e2-8675-4f7f-be40-2d97c558df74,2026-07-30T09:15:00Z,2026-07-30T11:15:00+0200,8.5,EUR/MWh,NL,NL,imbalance_price,Short,2026-08-06T05:38:50Z
2026-08-06T05:35:55Z,2026-08-06T07:35:55+0200,c3feb7e2-8675-4f7f-be40-2d97c558df74,2026-07-30T09:30:00Z,2026-07-30T11:30:00+0200,0.0,EUR/MWh,NL,NL,imbalance_price,Long,2026-08-06T05:38:50Z
2026-08-06T05:35:55Z,2026-08-06T07:35:55+0200,c3feb7e2-8675-4f7f-be40-2d97c558df74,2026-07-30T09:30:00Z,2026-07-30T11:30:00+0200,0.0,EUR/MWh,NL,NL,imbalance_price,Short,2026-08-06T05:38:50Z
2026-08-06T05:35:55Z,2026-08-06T07:35:55+0200,c3feb7e2-8675-4f7f-be40-2d97c558df74,2026-07-30T09:45:00Z,2026-07-30T11:45:00+0200,0.0,EUR/MWh,NL,NL,imbalance_price,Long,2026-08-06T05:38:50Z
2026-08-06T05:35:55Z,2026-08-06T07:35:55+0200,c3feb7e2-8675-4f7f-be40-2d97c558df74,2026-07-30T09:45:00Z,2026-07-30T11:45:00+0200,0.0,EUR/MWh,NL,NL,imbalance_price,Short,2026-08-06T05:38:50Z
2026-08-06T05:35:55Z,2026-08-06T07:35:55+0200,c3feb7e2-8675-4f7f-be40-2d97c558df74,2026-07-30T10:00:00Z,2026-07-30T12:00:00+0200,10.0,EUR/MWh,NL,NL,imbalance_price,Long,2026-08-06T05:38:50Z
2026-08-06T05:35:55Z,2026-08-06T07:35:55+0200,c3feb7e2-8675-4f7f-be40-2d97c558df74,2026-07-30T10:00:00Z,2026-07-30T12:00:00+0200,10.0,EUR/MWh,NL,NL,imbalance_price,Short,2026-08-06T05:38:50Z
2026-08-06T05:35:55Z,2026-08-06T07:35:55+0200,c3feb7e2-8675-4f7f-be40-2d97c558df74,2026-07-30T10:15:00Z,2026-07-30T12:15:00+0200,8.5,EUR/MWh,NL,NL,imbalance_price,Long,2026-08-06T05:38:50Z
2026-08-06T05:35:55Z,2026-08-06T07:35:55+0200,c3feb7e2-8675-4f7f-be40-2d97c558df74,2026-07-30T10:15:00Z,2026-07-30T12:15:00+0200,8.5,EUR/MWh,NL,NL,imbalance_price,Short,2026-08-06T05:38:50Z
2026-08-06T05:35:55Z,2026-08-06T07:35:55+0200,c3feb7e2-8675-4f7f-be40-2d97c558df74,2026-07-30T10:30:00Z,2026-07-30T12:30:00+0200,66.49,EUR/MWh,NL,NL,imbalance_price,Long,2026-08-06T05:38:50Z
2026-08-06T05:35:55Z,2026-08-06T07:35:55+0200,c3feb7e2-8675-4f7f-be40-2d97c558df74,2026-07-30T10:30:00Z,2026-07-30T12:30:00+0200,69.62,EUR/MWh,NL,NL,imbalance_price,Short,2026-08-06T05:38:50Z
2026-08-06T05:35:55Z,2026-08-06T07:35:55+0200,c3feb7e2-8675-4f7f-be40-2d97c558df74,2026-07-30T10:45:00Z,2026-07-30T12:45:00+0200,8.5,EUR/MWh,NL,NL,imbalance_price,Long,2026-08-06T05:38:50Z
2026-08-06T05:35:55Z,2026-08-06T07:35:55+0200,c3feb7e2-8675-4f7f-be40-2d97c558df74,2026-07-30T10:45:00Z,2026-07-30T12:45:00+0200,109.9,EUR/MWh,NL,NL,imbalance_price,Short,2026-08-06T05:38:50Z
2026-08-06T05:35:55Z,2026-08-06T07:35:55+0200,c3feb7e2-8675-4f7f-be40-2d97c558df74,2026-07-30T11:00:00Z,2026-07-30T13:00:00+0200,-13.0,EUR/MWh,NL,NL,imbalance_price,Long,2026-08-06T05:38:50Z
2026-08-06T05:35:55Z,2026-08-06T07:35:55+0200,c3feb7e2-8675-4f7f-be40-2d97c558df74,2026-07-30T11:00:00Z,2026-07-30T13:00:00+0200,-13.0,EUR/MWh,NL,NL,imbalance_price,Short,2026-08-06T05:38:50Z
2026-08-06T05:35:55Z,2026-08-06T07:35:55+0200,c3feb7e2-8675-4f7f-be40-2d97c558df74,2026-07-30T11:15:00Z,2026-07-30T13:15:00+0200,-10.0,EUR/MWh,NL,NL,imbalance_price,Long,2026-08-06T05:38:50Z
2026-08-06T05:35:55Z,2026-08-06T07:35:55+0200,c3feb7e2-8675-4f7f-be40-2d97c558df74,2026-07-30T11:15:00Z,2026-07-30T13:15:00+0200,-10.0,EUR/MWh,NL,NL,imbalance_price,Short,2026-08-06T05:38:50Z
2026-08-06T05:35:55Z,2026-08-06T07:35:55+0200,c3feb7e2-8675-4f7f-be40-2d97c558df74,2026-07-30T11:30:00Z,2026-07-30T13:30:00+0200,-12.0,EUR/MWh,NL,NL,imbalance_price,Long,2026-08-06T05:38:50Z
2026-08-06T05:35:55Z,2026-08-06T07:35:55+0200,c3feb7e2-8675-4f7f-be40-2d97c558df74,2026-07-30T11:30:00Z,2026-07-30T13:30:00+0200,-12.0,EUR/MWh,NL,NL,imbalance_price,Short,2026-08-06T05:38:50Z
2026-08-06T05:35:55Z,2026-08-06T07:35:55+0200,c3feb7e2-8675-4f7f-be40-2d97c558df74,2026-07-30T11:45:00Z,2026-07-30T13:45:00+0200,0.0,EUR/MWh,NL,NL,imbalance_price,Long,2026-08-06T05:38:50Z
2026-08-06T05:35:55Z,2026-08-06T07:35:55+0200,c3feb7e2-8675-4f7f-be40-2d97c558df74,2026-07-30T11:45:00Z,2026-07-30T13:45:00+0200,0.0,EUR/MWh,NL,NL,imbalance_price,Short,2026-08-06T05:38:50Z
2026-08-06T05:35:55Z,2026-08-06T07:35:55+0200,c3feb7e2-8675-4f7f-be40-2d97c558df74,2026-07-30T12:00:00Z,2026-07-30T14:00:00+0200,8.5,EUR/MWh,NL,NL,imbalance_price,Long,2026-08-06T05:38:50Z
2026-08-06T05:35:55Z,2026-08-06T07:35:55+0200,c3feb7e2-8675-4f7f-be40-2d97c558df74,2026-07-30T12:00:00Z,2026-07-30T14:00:00+0200,114.0,EUR/MWh,NL,NL,imbalance_price,Short,2026-08-06T05:38:50Z
2026-08-06T05:35:55Z,2026-08-06T07:35:55+0200,c3feb7e2-8675-4f7f-be40-2d97c558df74,2026-07-30T12:15:00Z,2026-07-30T14:15:00+0200,200.0,EUR/MWh,NL,NL,imbalance_price,Long,2026-08-06T05:38:50Z
2026-08-06T05:35:55Z,2026-08-06T07:35:55+0200,c3feb7e2-8675-4f7f-be40-2d97c558df74,2026-07-30T12:15:00Z,2026-07-30T14:15:00+0200,200.0,EUR/MWh,NL,NL,imbalance_price,Short,2026-08-06T05:38:50Z
2026-08-06T05:35:55Z,2026-08-06T07:35:55+0200,c3feb7e2-8675-4f7f-be40-2d97c558df74,2026-07-30T12:30:00Z,2026-07-30T14:30:00+0200,500.0,EUR/MWh,NL,NL,imbalance_price,Long,2026-08-06T05:38:50Z
2026-08-06T05:35:55Z,2026-08-06T07:35:55+0200,c3feb7e2-8675-4f7f-be40-2d97c558df74,2026-07-30T12:30:00Z,2026-07-30T14:30:00+0200,500.0,EUR/MWh,NL,NL,imbalance_price,Short,2026-08-06T05:38:50Z
2026-08-06T05:35:55Z,2026-08-06T07:35:55+0200,c3feb7e2-8675-4f7f-be40-2d97c558df74,2026-07-30T12:45:00Z,2026-07-30T14:45:00+0200,400.0,EUR/MWh,NL,NL,imbalance_price,Long,2026-08-06T05:38:50Z
2026-08-06T05:35:55Z,2026-08-06T07:35:55+0200,c3feb7e2-8675-4f7f-be40-2d97c558df74,2026-07-30T12:45:00Z,2026-07-30T14:45:00+0200,400.0,EUR/MWh,NL,NL,imbalance_price,Short,2026-08-06T05:38:50Z
2026-08-06T05:35:55Z,2026-08-06T07:35:55+0200,c3feb7e2-8675-4f7f-be40-2d97c558df74,2026-07-30T13:00:00Z,2026-07-30T15:00:00+0200,169.0,EUR/MWh,NL,NL,imbalance_price,Long,2026-08-06T05:38:50Z
2026-08-06T05:35:55Z,2026-08-06T07:35:55+0200,c3feb7e2-8675-4f7f-be40-2d97c558df74,2026-07-30T13:00:00Z,2026-07-30T15:00:00+0200,169.0,EUR/MWh,NL,NL,imbalance_price,Short,2026-08-06T05:38:50Z
2026-08-06T05:35:55Z,2026-08-06T07:35:55+0200,c3feb7e2-8675-4f7f-be40-2d97c558df74,2026-07-30T13:15:00Z,2026-07-30T15:15:00+0200,500.0,EUR/MWh,NL,NL,imbalance_price,Long,2026-08-06T05:38:50Z
2026-08-06T05:35:55Z,2026-08-06T07:35:55+0200,c3feb7e2-8675-4f7f-be40-2d97c558df74,2026-07-30T13:15:00Z,2026-07-30T15:15:00+0200,500.0,EUR/MWh,NL,NL,imbalance_price,Short,2026-08-06T05:38:50Z
2026-08-06T05:35:55Z,2026-08-06T07:35:55+0200,c3feb7e2-8675-4f7f-be40-2d97c558df74,2026-07-30T13:30:00Z,2026-07-30T15:30:00+0200,850.0,EUR/MWh,NL,NL,imbalance_price,Long,2026-08-06T05:38:50Z
2026-08-06T05:35:55Z,2026-08-06T07:35:55+0200,c3feb7e2-8675-4f7f-be40-2d97c558df74,2026-07-30T13:30:00Z,2026-07-30T15:30:00+0200,850.0,EUR/MWh,NL,NL,imbalance_price,Short,2026-08-06T05:38:50Z
2026-08-06T05:35:55Z,2026-08-06T07:35:55+0200,c3feb7e2-8675-4f7f-be40-2d97c558df74,2026-07-30T13:45:00Z,2026-07-30T15:45:00+0200,208.0,EUR/MWh,NL,NL,imbalance_price,Long,2026-08-06T05:38:50Z
2026-08-06T05:35:55Z,2026-08-06T07:35:55+0200,c3feb7e2-8675-4f7f-be40-2d97c558df74,2026-07-30T13:45:00Z,2026-07-30T15:45:00+0200,208.0,EUR/MWh,NL,NL,imbalance_price,Short,2026-08-06T05:38:50Z
2026-08-06T05:35:55Z,2026-08-06T07:35:55+0200,c3feb7e2-8675-4f7f-be40-2d97c558df74,2026-07-30T14:00:00Z,2026-07-30T16:00:00+0200,500.0,EUR/MWh,NL,NL,imbalance_price,Long,2026-08-06T05:38:50Z
2026-08-06T05:35:55Z,2026-08-06T07:35:55+0200,c3feb7e2-8675-4f7f-be40-2d97c558df74,2026-07-30T14:00:00Z,2026-07-30T16:00:00+0200,500.0,EUR/MWh,NL,NL,imbalance_price,Short,2026-08-06T05:38:50Z
2026-08-06T05:35:55Z,2026-08-06T07:35:55+0200,c3feb7e2-8675-4f7f-be40-2d97c558df74,2026-07-30T14:15:00Z,2026-07-30T16:15:00+0200,256.0,EUR/MWh,NL,NL,imbalance_price,Long,2026-08-06T05:38:50Z
2026-08-06T05:35:55Z,2026-08-06T07:35:55+0200,c3feb7e2-8675-4f7f-be40-2d97c558df74,2026-07-30T14:15:00Z,2026-07-30T16:15:00+0200,256.0,EUR/MWh,NL,NL,imbalance_price,Short,2026-08-06T05:38:50Z
2026-08-06T05:35:55Z,2026-08-06T07:35:55+0200,c3feb7e2-8675-4f7f-be40-2d97c558df74,2026-07-30T14:30:00Z,2026-07-30T16:30:00+0200,254.61,EUR/MWh,NL,NL,imbalance_price,Long,2026-08-06T05:38:50Z
2026-08-06T05:35:55Z,2026-08-06T07:35:55+0200,c3feb7e2-8675-4f7f-be40-2d97c558df74,2026-07-30T14:30:00Z,2026-07-30T16:30:00+0200,254.61,EUR/MWh,NL,NL,imbalance_price,Short,2026-08-06T05:38:50Z
2026-08-06T05:35:55Z,2026-08-06T07:35:55+0200,c3feb7e2-8675-4f7f-be40-2d97c558df74,2026-07-30T14:45:00Z,2026-07-30T16:45:00+0200,145.58,EUR/MWh,NL,NL,imbalance_price,Long,2026-08-06T05:38:50Z
2026-08-06T05:35:55Z,2026-08-06T07:35:55+0200,c3feb7e2-8675-4f7f-be40-2d97c558df74,2026-07-30T14:45:00Z,2026-07-30T16:45:00+0200,294.46,EUR/MWh,NL,NL,imbalance_price,Short,2026-08-06T05:38:50Z
2026-08-06T05:35:55Z,2026-08-06T07:35:55+0200,c3feb7e2-8675-4f7f-be40-2d97c558df74,2026-07-30T15:00:00Z,2026-07-30T17:00:00+0200,76.0,EUR/MWh,NL,NL,imbalance_price,Long,2026-08-06T05:38:50Z
2026-08-06T05:35:55Z,2026-08-06T07:35:55+0200,c3feb7e2-8675-4f7f-be40-2d97c558df74,2026-07-30T15:00:00Z,2026-07-30T17:00:00+0200,169.0,EUR/MWh,NL,NL,imbalance_price,Short,2026-08-06T05:38:50Z
2026-08-06T05:35:55Z,2026-08-06T07:35:55+0200,c3feb7e2-8675-4f7f-be40-2d97c558df74,2026-07-30T15:15:00Z,2026-07-30T17:15:00+0200,294.06,EUR/MWh,NL,NL,imbalance_price,Long,2026-08-06T05:38:50Z
2026-08-06T05:35:55Z,2026-08-06T07:35:55+0200,c3feb7e2-8675-4f7f-be40-2d97c558df74,2026-07-30T15:15:00Z,2026-07-30T17:15:00+0200,294.06,EUR/MWh,NL,NL,imbalance_price,Short,2026-08-06T05:38:50Z
2026-08-06T05:35:55Z,2026-08-06T07:35:55+0200,c3feb7e2-8675-4f7f-be40-2d97c558df74,2026-07-30T15:30:00Z,2026-07-30T17:30:00+0200,141.03,EUR/MWh,NL,NL,imbalance_price,Long,2026-08-06T05:38:50Z
2026-08-06T05:35:55Z,2026-08-06T07:35:55+0200,c3feb7e2-8675-4f7f-be40-2d97c558df74,2026-07-30T15:30:00Z,2026-07-30T17:30:00+0200,169.0,EUR/MWh,NL,NL,imbalance_price,Short,2026-08-06T05:38:50Z
2026-08-06T05:35:55Z,2026-08-06T07:35:55+0200,c3feb7e2-8675-4f7f-be40-2d97c558df74,2026-07-30T15:45:00Z,2026-07-30T17:45:00+0200,101.08,EUR/MWh,NL,NL,imbalance_price,Long,2026-08-06T05:38:50Z
2026-08-06T05:35:55Z,2026-08-06T07:35:55+0200,c3feb7e2-8675-4f7f-be40-2d97c558df74,2026-07-30T15:45:00Z,2026-07-30T17:45:00+0200,155.29,EUR/MWh,NL,NL,imbalance_price,Short,2026-08-06T05:38:50Z
2026-08-06T05:35:55Z,2026-08-06T07:35:55+0200,c3feb7e2-8675-4f7f-be40-2d97c558df74,2026-07-30T16:00:00Z,2026-07-30T18:00:00+0200,124.92,EUR/MWh,NL,NL,imbalance_price,Long,2026-08-06T05:38:50Z
2026-08-06T05:35:55Z,2026-08-06T07:35:55+0200,c3feb7e2-8675-4f7f-be40-2d97c558df74,2026-07-30T16:00:00Z,2026-07-30T18:00:00+0200,156.5,EUR/MWh,NL,NL,imbalance_price,Short,2026-08-06T05:38:50Z
2026-08-06T05:35:55Z,2026-08-06T07:35:55+0200,c3feb7e2-8675-4f7f-be40-2d97c558df74,2026-07-30T16:15:00Z,2026-07-30T18:15:00+0200,120.68,EUR/MWh,NL,NL,imbalance_price,Long,2026-08-06T05:38:50Z
2026-08-06T05:35:55Z,2026-08-06T07:35:55+0200,c3feb7e2-8675-4f7f-be40-2d97c558df74,2026-07-30T16:15:00Z,2026-07-30T18:15:00+0200,173.39,EUR/MWh,NL,NL,imbalance_price,Short,2026-08-06T05:38:50Z
2026-08-06T05:35:55Z,2026-08-06T07:35:55+0200,c3feb7e2-8675-4f7f-be40-2d97c558df74,2026-07-30T16:30:00Z,2026-07-30T18:30:00+0200,200.0,EUR/MWh,NL,NL,imbalance_price,Long,2026-08-06T05:38:50Z
2026-08-06T05:35:55Z,2026-08-06T07:35:55+0200,c3feb7e2-8675-4f7f-be40-2d97c558df74,2026-07-30T16:30:00Z,2026-07-30T18:30:00+0200,200.0,EUR/MWh,NL,NL,imbalance_price,Short,2026-08-06T05:38:50Z
2026-08-06T05:35:55Z,2026-08-06T07:35:55+0200,c3feb7e2-8675-4f7f-be40-2d97c558df74,2026-07-30T16:45:00Z,2026-07-30T18:45:00+0200,102.62,EUR/MWh,NL,NL,imbalance_price,Long,2026-08-06T05:38:50Z
2026-08-06T05:35:55Z,2026-08-06T07:35:55+0200,c3feb7e2-8675-4f7f-be40-2d97c558df74,2026-07-30T16:45:00Z,2026-07-30T18:45:00+0200,200.0,EUR/MWh,NL,NL,imbalance_price,Short,2026-08-06T05:38:50Z
2026-08-06T05:35:55Z,2026-08-06T07:35:55+0200,c3feb7e2-8675-4f7f-be40-2d97c558df74,2026-07-30T17:00:00Z,2026-07-30T19:00:00+0200,41.12,EUR/MWh,NL,NL,imbalance_price,Long,2026-08-06T05:38:50Z
2026-08-06T05:35:55Z,2026-08-06T07:35:55+0200,c3feb7e2-8675-4f7f-be40-2d97c558df74,2026-07-30T17:00:00Z,2026-07-30T19:00:00+0200,41.12,EUR/MWh,NL,NL,imbalance_price,Short,2026-08-06T05:38:50Z
2026-08-06T05:35:55Z,2026-08-06T07:35:55+0200,c3feb7e2-8675-4f7f-be40-2d97c558df74,2026-07-30T17:15:00Z,2026-07-30T19:15:00+0200,51.88,EUR/MWh,NL,NL,imbalance_price,Long,2026-08-06T05:38:50Z
2026-08-06T05:35:55Z,2026-08-06T07:35:55+0200,c3feb7e2-8675-4f7f-be40-2d97c558df74,2026-07-30T17:15:00Z,2026-07-30T19:15:00+0200,172.89,EUR/MWh,NL,NL,imbalance_price,Short,2026-08-06T05:38:50Z
2026-08-06T05:35:55Z,2026-08-06T07:35:55+0200,c3feb7e2-8675-4f7f-be40-2d97c558df74,2026-07-30T17:30:00Z,2026-07-30T19:30:00+0200,199.98,EUR/MWh,NL,NL,imbalance_price,Long,2026-08-06T05:38:50Z
2026-08-06T05:35:55Z,2026-08-06T07:35:55+0200,c3feb7e2-8675-4f7f-be40-2d97c558df74,2026-07-30T17:30:00Z,2026-07-30T19:30:00+0200,199.98,EUR/MWh,NL,NL,imbalance_price,Short,2026-08-06T05:38:50Z
2026-08-06T05:35:55Z,2026-08-06T07:35:55+0200,c3feb7e2-8675-4f7f-be40-2d97c558df74,2026-07-30T17:45:00Z,2026-07-30T19:45:00+0200,197.05,EUR/MWh,NL,NL,imbalance_price,Long,2026-08-06T05:38:50Z
2026-08-06T05:35:55Z,2026-08-06T07:35:55+0200,c3feb7e2-8675-4f7f-be40-2d97c558df74,2026-07-30T17:45:00Z,2026-07-30T19:45:00+0200,197.05,EUR/MWh,NL,NL,imbalance_price,Short,2026-08-06T05:38:50Z
2026-08-06T05:35:55Z,2026-08-06T07:35:55+0200,c3feb7e2-8675-4f7f-be40-2d97c558df74,2026-07-30T18:00:00Z,2026-07-30T20:00:00+0200,120.0,EUR/MWh,NL,NL,imbalance_price,Long,2026-08-06T05:38:50Z
2026-08-06T05:35:55Z,2026-08-06T07:35:55+0200,c3feb7e2-8675-4f7f-be40-2d97c558df74,2026-07-30T18:00:00Z,2026-07-30T20:00:00+0200,170.24,EUR/MWh,NL,NL,imbalance_price,Short,2026-08-06T05:38:50Z
2026-08-06T05:35:55Z,2026-08-06T07:35:55+0200,c3feb7e2-8675-4f7f-be40-2d97c558df74,2026-07-30T18:15:00Z,2026-07-30T20:15:00+0200,96.55,EUR/MWh,NL,NL,imbalance_price,Long,2026-08-06T05:38:50Z
2026-08-06T05:35:55Z,2026-08-06T07:35:55+0200,c3feb7e2-8675-4f7f-be40-2d97c558df74,2026-07-30T18:15:00Z,2026-07-30T20:15:00+0200,96.55,EUR/MWh,NL,NL,imbalance_price,Short,2026-08-06T05:38:50Z
2026-08-06T05:35:55Z,2026-08-06T07:35:55+0200,c3feb7e2-8675-4f7f-be40-2d97c558df74,2026-07-30T18:30:00Z,2026-07-30T20:30:00+0200,114.8,EUR/MWh,NL,NL,imbalance_price,Long,2026-08-06T05:38:50Z
2026-08-06T05:35:55Z,2026-08-06T07:35:55+0200,c3feb7e2-8675-4f7f-be40-2d97c558df74,2026-07-30T18:30:00Z,2026-07-30T20:30:00+0200,114.8,EUR/MWh,NL,NL,imbalance_price,Short,2026-08-06T05:38:50Z
2026-08-06T05:35:55Z,2026-08-06T07:35:55+0200,c3feb7e2-8675-4f7f-be40-2d97c558df74,2026-07-30T18:45:00Z,2026-07-30T20:45:00+0200,150.0,EUR/MWh,NL,NL,imbalance_price,Long,2026-08-06T05:38:50Z
2026-08-06T05:35:55Z,2026-08-06T07:35:55+0200,c3feb7e2-8675-4f7f-be40-2d97c558df74,2026-07-30T18:45:00Z,2026-07-30T20:45:00+0200,150.0,EUR/MWh,NL,NL,imbalance_price,Short,2026-08-06T05:38:50Z
2026-08-06T05:35:55Z,2026-08-06T07:35:55+0200,c3feb7e2-8675-4f7f-be40-2d97c558df74,2026-07-30T19:00:00Z,2026-07-30T21:00:00+0200,108.46,EUR/MWh,NL,NL,imbalance_price,Long,2026-08-06T05:38:50Z
2026-08-06T05:35:55Z,2026-08-06T07:35:55+0200,c3feb7e2-8675-4f7f-be40-2d97c558df74,2026-07-30T19:00:00Z,2026-07-30T21:00:00+0200,150.0,EUR/MWh,NL,NL,imbalance_price,Short,2026-08-06T05:38:50Z
2026-08-06T05:35:55Z,2026-08-06T07:35:55+0200,c3feb7e2-8675-4f7f-be40-2d97c558df74,2026-07-30T19:15:00Z,2026-07-30T21:15:00+0200,106.26,EUR/MWh,NL,NL,imbalance_price,Long,2026-08-06T05:38:50Z
2026-08-06T05:35:55Z,2026-08-06T07:35:55+0200,c3feb7e2-8675-4f7f-be40-2d97c558df74,2026-07-30T19:15:00Z,2026-07-30T21:15:00+0200,106.26,EUR/MWh,NL,NL,imbalance_price,Short,2026-08-06T05:38:50Z
2026-08-06T05:35:55Z,2026-08-06T07:35:55+0200,c3feb7e2-8675-4f7f-be40-2d97c558df74,2026-07-30T19:30:00Z,2026-07-30T21:30:00+0200,107.01,EUR/MWh,NL,NL,imbalance_price,Long,2026-08-06T05:38:50Z
2026-08-06T05:35:55Z,2026-08-06T07:35:55+0200,c3feb7e2-8675-4f7f-be40-2d97c558df74,2026-07-30T19:30:00Z,2026-07-30T21:30:00+0200,107.01,EUR/MWh,NL,NL,imbalance_price,Short,2026-08-06T05:38:50Z
2026-08-06T05:35:55Z,2026-08-06T07:35:55+0200,c3feb7e2-8675-4f7f-be40-2d97c558df74,2026-07-30T19:45:00Z,2026-07-30T21:45:00+0200,104.34,EUR/MWh,NL,NL,imbalance_price,Long,2026-08-06T05:38:50Z
2026-08-06T05:35:55Z,2026-08-06T07:35:55+0200,c3feb7e2-8675-4f7f-be40-2d97c558df74,2026-07-30T19:45:00Z,2026-07-30T21:45:00+0200,104.34,EUR/MWh,NL,NL,imbalance_price,Short,2026-08-06T05:38:50Z
2026-08-06T05:35:55Z,2026-08-06T07:35:55+0200,c3feb7e2-8675-4f7f-be40-2d97c558df74,2026-07-30T20:00:00Z,2026-07-30T22:00:00+0200,117.01,EUR/MWh,NL,NL,imbalance_price,Long,2026-08-06T05:38:50Z
2026-08-06T05:35:55Z,2026-08-06T07:35:55+0200,c3feb7e2-8675-4f7f-be40-2d97c558df74,2026-07-30T20:00:00Z,2026-07-30T22:00:00+0200,142.39,EUR/MWh,NL,NL,imbalance_price,Short,2026-08-06T05:38:50Z
2026-08-06T05:35:55Z,2026-08-06T07:35:55+0200,c3feb7e2-8675-4f7f-be40-2d97c558df74,2026-07-30T20:15:00Z,2026-07-30T22:15:00+0200,150.0,EUR/MWh,NL,NL,imbalance_price,Long,2026-08-06T05:38:50Z
2026-08-06T05:35:55Z,2026-08-06T07:35:55+0200,c3feb7e2-8675-4f7f-be40-2d97c558df74,2026-07-30T20:15:00Z,2026-07-30T22:15:00+0200,150.0,EUR/MWh,NL,NL,imbalance_price,Short,2026-08-06T05:38:50Z
2026-08-06T05:35:55Z,2026-08-06T07:35:55+0200,c3feb7e2-8675-4f7f-be40-2d97c558df74,2026-07-30T20:30:00Z,2026-07-30T22:30:00+0200,169.0,EUR/MWh,NL,NL,imbalance_price,Long,2026-08-06T05:38:50Z
2026-08-06T05:35:55Z,2026-08-06T07:35:55+0200,c3feb7e2-8675-4f7f-be40-2d97c558df74,2026-07-30T20:30:00Z,2026-07-30T22:30:00+0200,169.0,EUR/MWh,NL,NL,imbalance_price,Short,2026-08-06T05:38:50Z
2026-08-06T05:35:55Z,2026-08-06T07:35:55+0200,c3feb7e2-8675-4f7f-be40-2d97c558df74,2026-07-30T20:45:00Z,2026-07-30T22:45:00+0200,175.0,EUR/MWh,NL,NL,imbalance_price,Long,2026-08-06T05:38:50Z
2026-08-06T05:35:55Z,2026-08-06T07:35:55+0200,c3feb7e2-8675-4f7f-be40-2d97c558df74,2026-07-30T20:45:00Z,2026-07-30T22:45:00+0200,175.0,EUR/MWh,NL,NL,imbalance_price,Short,2026-08-06T05:38:50Z
2026-08-06T05:35:55Z,2026-08-06T07:35:55+0200,c3feb7e2-8675-4f7f-be40-2d97c558df74,2026-07-30T21:00:00Z,2026-07-30T23:00:00+0200,175.0,EUR/MWh,NL,NL,imbalance_price,Long,2026-08-06T05:38:50Z
2026-08-06T05:35:55Z,2026-08-06T07:35:55+0200,c3feb7e2-8675-4f7f-be40-2d97c558df74,2026-07-30T21:00:00Z,2026-07-30T23:00:00+0200,175.0,EUR/MWh,NL,NL,imbalance_price,Short,2026-08-06T05:38:50Z
2026-08-06T05:35:55Z,2026-08-06T07:35:55+0200,c3feb7e2-8675-4f7f-be40-2d97c558df74,2026-07-30T21:15:00Z,2026-07-30T23:15:00+0200,175.0,EUR/MWh,NL,NL,imbalance_price,Long,2026-08-06T05:38:50Z
2026-08-06T05:35:55Z,2026-08-06T07:35:55+0200,c3feb7e2-8675-4f7f-be40-2d97c558df74,2026-07-30T21:15:00Z,2026-07-30T23:15:00+0200,175.0,EUR/MWh,NL,NL,imbalance_price,Short,2026-08-06T05:38:50Z
2026-08-06T05:35:55Z,2026-08-06T07:35:55+0200,c3feb7e2-8675-4f7f-be40-2d97c558df74,2026-07-30T21:30:00Z,2026-07-30T23:30:00+0200,175.27,EUR/MWh,NL,NL,imbalance_price,Long,2026-08-06T05:38:50Z
2026-08-06T05:35:55Z,2026-08-06T07:35:55+0200,c3feb7e2-8675-4f7f-be40-2d97c558df74,2026-07-30T21:30:00Z,2026-07-30T23:30:00+0200,175.27,EUR/MWh,NL,NL,imbalance_price,Short,2026-08-06T05:38:50Z
2026-08-06T05:35:55Z,2026-08-06T07:35:55+0200,c3feb7e2-8675-4f7f-be40-2d97c558df74,2026-07-30T21:45:00Z,2026-07-30T23:45:00+0200,175.0,EUR/MWh,NL,NL,imbalance_price,Long,2026-08-06T05:38:50Z
2026-08-06T05:35:55Z,2026-08-06T07:35:55+0200,c3feb7e2-8675-4f7f-be40-2d97c558df74,2026-07-30T21:45:00Z,2026-07-30T23:45:00+0200,175.0,EUR/MWh,NL,NL,imbalance_price,Short,2026-08-06T05:38:50Z
2026-08-06T05:35:55Z,2026-08-06T07:35:55+0200,c3feb7e2-8675-4f7f-be40-2d97c558df74,2026-07-30T22:00:00Z,2026-07-31T00:00:00+0200,160.0,EUR/MWh,NL,NL,imbalance_price,Long,2026-08-06T05:38:50Z
2026-08-06T05:35:55Z,2026-08-06T07:35:55+0200,c3feb7e2-8675-4f7f-be40-2d97c558df74,2026-07-30T22:00:00Z,2026-07-31T00:00:00+0200,160.0,EUR/MWh,NL,NL,imbalance_price,Short,2026-08-06T05:38:50Z
2026-08-06T05:35:55Z,2026-08-06T07:35:55+0200,c3feb7e2-8675-4f7f-be40-2d97c558df74,2026-07-30T22:15:00Z,2026-07-31T00:15:00+0200,176.0,EUR/MWh,NL,NL,imbalance_price,Long,2026-08-06T05:38:50Z
2026-08-06T05:35:55Z,2026-08-06T07:35:55+0200,c3feb7e2-8675-4f7f-be40-2d97c558df74,2026-07-30T22:15:00Z,2026-07-31T00:15:00+0200,176.0,EUR/MWh,NL,NL,imbalance_price,Short,2026-08-06T05:38:50Z
2026-08-06T05:35:55Z,2026-08-06T07:35:55+0200,c3feb7e2-8675-4f7f-be40-2d97c558df74,2026-07-30T22:30:00Z,2026-07-31T00:30:00+0200,176.0,EUR/MWh,NL,NL,imbalance_price,Long,2026-08-06T05:38:50Z
2026-08-06T05:35:55Z,2026-08-06T07:35:55+0200,c3feb7e2-8675-4f7f-be40-2d97c558df74,2026-07-30T22:30:00Z,2026-07-31T00:30:00+0200,176.0,EUR/MWh,NL,NL,imbalance_price,Short,2026-08-06T05:38:50Z
2026-08-06T05:35:55Z,2026-08-06T07:35:55+0200,c3feb7e2-8675-4f7f-be40-2d97c558df74,2026-07-30T22:45:00Z,2026-07-31T00:45:00+0200,189.52,EUR/MWh,NL,NL,imbalance_price,Long,2026-08-06T05:38:50Z
2026-08-06T05:35:55Z,2026-08-06T07:35:55+0200,c3feb7e2-8675-4f7f-be40-2d97c558df74,2026-07-30T22:45:00Z,2026-07-31T00:45:00+0200,189.52,EUR/MWh,NL,NL,imbalance_price,Short,2026-08-06T05:38:50Z
2026-08-06T05:35:55Z,2026-08-06T07:35:55+0200,c3feb7e2-8675-4f7f-be40-2d97c558df74,2026-07-30T23:00:00Z,2026-07-31T01:00:00+0200,176.0,EUR/MWh,NL,NL,imbalance_price,Long,2026-08-06T05:38:50Z
2026-08-06T05:35:55Z,2026-08-06T07:35:55+0200,c3feb7e2-8675-4f7f-be40-2d97c558df74,2026-07-30T23:00:00Z,2026-07-31T01:00:00+0200,176.0,EUR/MWh,NL,NL,imbalance_price,Short,2026-08-06T05:38:50Z
2026-08-06T05:35:55Z,2026-08-06T07:35:55+0200,c3feb7e2-8675-4f7f-be40-2d97c558df74,2026-07-30T23:15:00Z,2026-07-31T01:15:00+0200,176.0,EUR/MWh,NL,NL,imbalance_price,Long,2026-08-06T05:38:50Z
2026-08-06T05:35:55Z,2026-08-06T07:35:55+0200,c3feb7e2-8675-4f7f-be40-2d97c558df74,2026-07-30T23:15:00Z,2026-07-31T01:15:00+0200,176.0,EUR/MWh,NL,NL,imbalance_price,Short,2026-08-06T05:38:50Z
2026-08-06T05:35:55Z,2026-08-06T07:35:55+0200,c3feb7e2-8675-4f7f-be40-2d97c558df74,2026-07-30T23:30:00Z,2026-07-31T01:30:00+0200,176.0,EUR/MWh,NL,NL,imbalance_price,Long,2026-08-06T05:38:50Z
2026-08-06T05:35:55Z,2026-08-06T07:35:55+0200,c3feb7e2-8675-4f7f-be40-2d97c558df74,2026-07-30T23:30:00Z,2026-07-31T01:30:00+0200,176.0,EUR/MWh,NL,NL,imbalance_price,Short,2026-08-06T05:38:50Z
2026-08-06T05:35:55Z,2026-08-06T07:35:55+0200,c3feb7e2-8675-4f7f-be40-2d97c558df74,2026-07-30T23:45:00Z,2026-07-31T01:45:00+0200,98.83,EUR/MWh,NL,NL,imbalance_price,Long,2026-08-06T05:38:50Z
2026-08-06T05:35:55Z,2026-08-06T07:35:55+0200,c3feb7e2-8675-4f7f-be40-2d97c558df74,2026-07-30T23:45:00Z,2026-07-31T01:45:00+0200,135.0,EUR/MWh,NL,NL,imbalance_price,Short,2026-08-06T05:38:50Z
2026-08-06T05:35:55Z,2026-08-06T07:35:55+0200,c3feb7e2-8675-4f7f-be40-2d97c558df74,2026-07-31T00:00:00Z,2026-07-31T02:00:00+0200,160.0,EUR/MWh,NL,NL,imbalance_price,Long,2026-08-06T05:38:50Z
2026-08-06T05:35:55Z,2026-08-06T07:35:55+0200,c3feb7e2-8675-4f7f-be40-2d97c558df74,2026-07-31T00:00:00Z,2026-07-31T02:00:00+0200,160.0,EUR/MWh,NL,NL,imbalance_price,Short,2026-08-06T05:38:50Z
2026-08-06T05:35:55Z,2026-08-06T07:35:55+0200,c3feb7e2-8675-4f7f-be40-2d97c558df74,2026-07-31T00:15:00Z,2026-07-31T02:15:00+0200,124.03,EUR/MWh,NL,NL,imbalance_price,Long,2026-08-06T05:38:50Z
2026-08-06T05:35:55Z,2026-08-06T07:35:55+0200,c3feb7e2-8675-4f7f-be40-2d97c558df74,2026-07-31T00:15:00Z,2026-07-31T02:15:00+0200,124.03,EUR/MWh,NL,NL,imbalance_price,Short,2026-08-06T05:38:50Z
2026-08-06T05:35:55Z,2026-08-06T07:35:55+0200,c3feb7e2-8675-4f7f-be40-2d97c558df74,2026-07-31T00:30:00Z,2026-07-31T02:30:00+0200,100.43,EUR/MWh,NL,NL,imbalance_price,Long,2026-08-06T05:38:50Z
2026-08-06T05:35:55Z,2026-08-06T07:35:55+0200,c3feb7e2-8675-4f7f-be40-2d97c558df74,2026-07-31T00:30:00Z,2026-07-31T02:30:00+0200,135.0,EUR/MWh,NL,NL,imbalance_price,Short,2026-08-06T05:38:50Z
2026-08-06T05:35:55Z,2026-08-06T07:35:55+0200,c3feb7e2-8675-4f7f-be40-2d97c558df74,2026-07-31T00:45:00Z,2026-07-31T02:45:00+0200,160.0,EUR/MWh,NL,NL,imbalance_price,Long,2026-08-06T05:38:50Z
2026-08-06T05:35:55Z,2026-08-06T07:35:55+0200,c3feb7e2-8675-4f7f-be40-2d97c558df74,2026-07-31T00:45:00Z,2026-07-31T02:45:00+0200,160.0,EUR/MWh,NL,NL,imbalance_price,Short,2026-08-06T05:38:50Z
2026-08-06T05:35:55Z,2026-08-06T07:35:55+0200,c3feb7e2-8675-4f7f-be40-2d97c558df74,2026-07-31T01:00:00Z,2026-07-31T03:00:00+0200,160.0,EUR/MWh,NL,NL,imbalance_price,Long,2026-08-06T05:38:50Z
2026-08-06T05:35:55Z,2026-08-06T07:35:55+0200,c3feb7e2-8675-4f7f-be40-2d97c558df74,2026-07-31T01:00:00Z,2026-07-31T03:00:00+0200,160.0,EUR/MWh,NL,NL,imbalance_price,Short,2026-08-06T05:38:50Z
2026-08-06T05:35:55Z,2026-08-06T07:35:55+0200,c3feb7e2-8675-4f7f-be40-2d97c558df74,2026-07-31T01:15:00Z,2026-07-31T03:15:00+0200,150.0,EUR/MWh,NL,NL,imbalance_price,Long,2026-08-06T05:38:50Z
2026-08-06T05:35:55Z,2026-08-06T07:35:55+0200,c3feb7e2-8675-4f7f-be40-2d97c558df74,2026-07-31T01:15:00Z,2026-07-31T03:15:00+0200,150.0,EUR/MWh,NL,NL,imbalance_price,Short,2026-08-06T05:38:50Z
2026-08-06T05:35:55Z,2026-08-06T07:35:55+0200,c3feb7e2-8675-4f7f-be40-2d97c558df74,2026-07-31T01:30:00Z,2026-07-31T03:30:00+0200,135.0,EUR/MWh,NL,NL,imbalance_price,Long,2026-08-06T05:38:50Z
2026-08-06T05:35:55Z,2026-08-06T07:35:55+0200,c3feb7e2-8675-4f7f-be40-2d97c558df74,2026-07-31T01:30:00Z,2026-07-31T03:30:00+0200,135.0,EUR/MWh,NL,NL,imbalance_price,Short,2026-08-06T05:38:50Z
2026-08-06T05:35:55Z,2026-08-06T07:35:55+0200,c3feb7e2-8675-4f7f-be40-2d97c558df74,2026-07-31T01:45:00Z,2026-07-31T03:45:00+0200,104.2,EUR/MWh,NL,NL,imbalance_price,Long,2026-08-06T05:38:50Z
2026-08-06T05:35:55Z,2026-08-06T07:35:55+0200,c3feb7e2-8675-4f7f-be40-2d97c558df74,2026-07-31T01:45:00Z,2026-07-31T03:45:00+0200,150.0,EUR/MWh,NL,NL,imbalance_price,Short,2026-08-06T05:38:50Z
2026-08-06T05:35:55Z,2026-08-06T07:35:55+0200,c3feb7e2-8675-4f7f-be40-2d97c558df74,2026-07-31T02:00:00Z,2026-07-31T04:00:00+0200,150.0,EUR/MWh,NL,NL,imbalance_price,Long,2026-08-06T05:38:50Z
2026-08-06T05:35:55Z,2026-08-06T07:35:55+0200,c3feb7e2-8675-4f7f-be40-2d97c558df74,2026-07-31T02:00:00Z,2026-07-31T04:00:00+0200,150.0,EUR/MWh,NL,NL,imbalance_price,Short,2026-08-06T05:38:50Z
2026-08-06T05:35:55Z,2026-08-06T07:35:55+0200,c3feb7e2-8675-4f7f-be40-2d97c558df74,2026-07-31T02:15:00Z,2026-07-31T04:15:00+0200,160.0,EUR/MWh,NL,NL,imbalance_price,Long,2026-08-06T05:38:50Z
2026-08-06T05:35:55Z,2026-08-06T07:35:55+0200,c3feb7e2-8675-4f7f-be40-2d97c558df74,2026-07-31T02:15:00Z,2026-07-31T04:15:00+0200,160.0,EUR/MWh,NL,NL,imbalance_price,Short,2026-08-06T05:38:50Z
2026-08-06T05:35:55Z,2026-08-06T07:35:55+0200,c3feb7e2-8675-4f7f-be40-2d97c558df74,2026-07-31T02:30:00Z,2026-07-31T04:30:00+0200,150.0,EUR/MWh,NL,NL,imbalance_price,Long,2026-08-06T05:38:50Z
2026-08-06T05:35:55Z,2026-08-06T07:35:55+0200,c3feb7e2-8675-4f7f-be40-2d97c558df74,2026-07-31T02:30:00Z,2026-07-31T04:30:00+0200,150.0,EUR/MWh,NL,NL,imbalance_price,Short,2026-08-06T05:38:50Z
2026-08-06T05:35:55Z,2026-08-06T07:35:55+0200,c3feb7e2-8675-4f7f-be40-2d97c558df74,2026-07-31T02:45:00Z,2026-07-31T04:45:00+0200,176.0,EUR/MWh,NL,NL,imbalance_price,Long,2026-08-06T05:38:50Z
2026-08-06T05:35:55Z,2026-08-06T07:35:55+0200,c3feb7e2-8675-4f7f-be40-2d97c558df74,2026-07-31T02:45:00Z,2026-07-31T04:45:00+0200,176.0,EUR/MWh,NL,NL,imbalance_price,Short,2026-08-06T05:38:50Z
2026-08-06T05:35:55Z,2026-08-06T07:35:55+0200,c3feb7e2-8675-4f7f-be40-2d97c558df74,2026-07-31T03:00:00Z,2026-07-31T05:00:00+0200,160.0,EUR/MWh,NL,NL,imbalance_price,Long,2026-08-06T05:38:50Z
2026-08-06T05:35:55Z,2026-08-06T07:35:55+0200,c3feb7e2-8675-4f7f-be40-2d97c558df74,2026-07-31T03:00:00Z,2026-07-31T05:00:00+0200,160.0,EUR/MWh,NL,NL,imbalance_price,Short,2026-08-06T05:38:50Z
2026-08-06T05:35:55Z,2026-08-06T07:35:55+0200,c3feb7e2-8675-4f7f-be40-2d97c558df74,2026-07-31T03:15:00Z,2026-07-31T05:15:00+0200,176.0,EUR/MWh,NL,NL,imbalance_price,Long,2026-08-06T05:38:50Z
2026-08-06T05:35:55Z,2026-08-06T07:35:55+0200,c3feb7e2-8675-4f7f-be40-2d97c558df74,2026-07-31T03:15:00Z,2026-07-31T05:15:00+0200,176.0,EUR/MWh,NL,NL,imbalance_price,Short,2026-08-06T05:38:50Z
2026-08-06T05:35:55Z,2026-08-06T07:35:55+0200,c3feb7e2-8675-4f7f-be40-2d97c558df74,2026-07-31T03:30:00Z,2026-07-31T05:30:00+0200,163.62,EUR/MWh,NL,NL,imbalance_price,Long,2026-08-06T05:38:50Z
2026-08-06T05:35:55Z,2026-08-06T07:35:55+0200,c3feb7e2-8675-4f7f-be40-2d97c558df74,2026-07-31T03:30:00Z,2026-07-31T05:30:00+0200,163.62,EUR/MWh,NL,NL,imbalance_price,Short,2026-08-06T05:38:50Z
2026-08-06T05:35:55Z,2026-08-06T07:35:55+0200,c3feb7e2-8675-4f7f-be40-2d97c558df74,2026-07-31T03:45:00Z,2026-07-31T05:45:00+0200,138.63,EUR/MWh,NL,NL,imbalance_price,Long,2026-08-06T05:38:50Z
2026-08-06T05:35:55Z,2026-08-06T07:35:55+0200,c3feb7e2-8675-4f7f-be40-2d97c558df74,2026-07-31T03:45:00Z,2026-07-31T05:45:00+0200,160.0,EUR/MWh,NL,NL,imbalance_price,Short,2026-08-06T05:38:50Z
2026-08-06T05:35:55Z,2026-08-06T07:35:55+0200,c3feb7e2-8675-4f7f-be40-2d97c558df74,2026-07-31T04:00:00Z,2026-07-31T06:00:00+0200,120.5,EUR/MWh,NL,NL,imbalance_price,Long,2026-08-06T05:38:50Z
2026-08-06T05:35:55Z,2026-08-06T07:35:55+0200,c3feb7e2-8675-4f7f-be40-2d97c558df74,2026-07-31T04:00:00Z,2026-07-31T06:00:00+0200,176.0,EUR/MWh,NL,NL,imbalance_price,Short,2026-08-06T05:38:50Z
2026-08-06T05:35:55Z,2026-08-06T07:35:55+0200,c3feb7e2-8675-4f7f-be40-2d97c558df74,2026-07-31T04:15:00Z,2026-07-31T06:15:00+0200,121.21,EUR/MWh,NL,NL,imbalance_price,Long,2026-08-06T05:38:50Z
2026-08-06T05:35:55Z,2026-08-06T07:35:55+0200,c3feb7e2-8675-4f7f-be40-2d97c558df74,2026-07-31T04:15:00Z,2026-07-31T06:15:00+0200,160.0,EUR/MWh,NL,NL,imbalance_price,Short,2026-08-06T05:38:50Z
2026-08-06T05:35:55Z,2026-08-06T07:35:55+0200,c3feb7e2-8675-4f7f-be40-2d97c558df74,2026-07-31T04:30:00Z,2026-07-31T06:30:00+0200,112.3,EUR/MWh,NL,NL,imbalance_price,Long,2026-08-06T05:38:50Z
2026-08-06T05:35:55Z,2026-08-06T07:35:55+0200,c3feb7e2-8675-4f7f-be40-2d97c558df74,2026-07-31T04:30:00Z,2026-07-31T06:30:00+0200,112.3,EUR/MWh,NL,NL,imbalance_price,Short,2026-08-06T05:38:50Z
2026-08-06T05:35:55Z,2026-08-06T07:35:55+0200,c3feb7e2-8675-4f7f-be40-2d97c558df74,2026-07-31T04:45:00Z,2026-07-31T06:45:00+0200,112.3,EUR/MWh,NL,NL,imbalance_price,Long,2026-08-06T05:38:50Z
2026-08-06T05:35:55Z,2026-08-06T07:35:55+0200,c3feb7e2-8675-4f7f-be40-2d97c558df74,2026-07-31T04:45:00Z,2026-07-31T06:45:00+0200,112.3,EUR/MWh,NL,NL,imbalance_price,Short,2026-08-06T05:38:50Z
2026-08-06T05:35:55Z,2026-08-06T07:35:55+0200,c3feb7e2-8675-4f7f-be40-2d97c558df74,2026-07-31T05:00:00Z,2026-07-31T07:00:00+0200,121.41,EUR/MWh,NL,NL,imbalance_price,Long,2026-08-06T05:38:50Z
2026-08-06T05:35:55Z,2026-08-06T07:35:55+0200,c3feb7e2-8675-4f7f-be40-2d97c558df74,2026-07-31T05:00:00Z,2026-07-31T07:00:00+0200,127.84,EUR/MWh,NL,NL,imbalance_price,Short,2026-08-06T05:38:50Z
2026-08-06T05:35:55Z,2026-08-06T07:35:55+0200,c3feb7e2-8675-4f7f-be40-2d97c558df74,2026-07-31T05:15:00Z,2026-07-31T07:15:00+0200,124.03,EUR/MWh,NL,NL,imbalance_price,Long,2026-08-06T05:38:50Z
2026-08-06T05:35:55Z,2026-08-06T07:35:55+0200,c3feb7e2-8675-4f7f-be40-2d97c558df74,2026-07-31T05:15:00Z,2026-07-31T07:15:00+0200,124.35,EUR/MWh,NL,NL,imbalance_price,Short,2026-08-06T05:38:50Z
2026-08-06T05:35:55Z,2026-08-06T07:35:55+0200,c3feb7e2-8675-4f7f-be40-2d97c558df74,2026-07-31T05:30:00Z,2026-07-31T07:30:00+0200,120.97,EUR/MWh,NL,NL,imbalance_price,Long,2026-08-06T05:38:50Z
2026-08-06T05:35:55Z,2026-08-06T07:35:55+0200,c3feb7e2-8675-4f7f-be40-2d97c558df74,2026-07-31T05:30:00Z,2026-07-31T07:30:00+0200,120.97,EUR/MWh,NL,NL,imbalance_price,Short,2026-08-06T05:38:50Z
2026-08-06T05:35:55Z,2026-08-06T07:35:55+0200,c3feb7e2-8675-4f7f-be40-2d97c558df74,2026-07-31T05:45:00Z,2026-07-31T07:45:00+0200,118.85,EUR/MWh,NL,NL,imbalance_price,Long,2026-08-06T05:38:50Z
2026-08-06T05:35:55Z,2026-08-06T07:35:55+0200,c3feb7e2-8675-4f7f-be40-2d97c558df74,2026-07-31T05:45:00Z,2026-07-31T07:45:00+0200,118.85,EUR/MWh,NL,NL,imbalance_price,Short,2026-08-06T05:38:50Z
2026-08-06T05:35:55Z,2026-08-06T07:35:55+0200,c3feb7e2-8675-4f7f-be40-2d97c558df74,2026-07-31T06:00:00Z,2026-07-31T08:00:00+0200,117.15,EUR/MWh,NL,NL,imbalance_price,Long,2026-08-06T05:38:50Z
2026-08-06T05:35:55Z,2026-08-06T07:35:55+0200,c3feb7e2-8675-4f7f-be40-2d97c558df74,2026-07-31T06:00:00Z,2026-07-31T08:00:00+0200,153.84,EUR/MWh,NL,NL,imbalance_price,Short,2026-08-06T05:38:50Z
2026-08-06T05:35:55Z,2026-08-06T07:35:55+0200,c3feb7e2-8675-4f7f-be40-2d97c558df74,2026-07-31T06:15:00Z,2026-07-31T08:15:00+0200,113.96,EUR/MWh,NL,NL,imbalance_price,Long,2026-08-06T05:38:50Z
2026-08-06T05:35:55Z,2026-08-06T07:35:55+0200,c3feb7e2-8675-4f7f-be40-2d97c558df74,2026-07-31T06:15:00Z,2026-07-31T08:15:00+0200,160.0,EUR/MWh,NL,NL,imbalance_price,Short,2026-08-06T05:38:50Z
2026-08-06T05:35:55Z,2026-08-06T07:35:55+0200,c3feb7e2-8675-4f7f-be40-2d97c558df74,2026-07-31T06:30:00Z,2026-07-31T08:30:00+0200,111.33,EUR/MWh,NL,NL,imbalance_price,Long,2026-08-06T05:38:50Z
2026-08-06T05:35:55Z,2026-08-06T07:35:55+0200,c3feb7e2-8675-4f7f-be40-2d97c558df74,2026-07-31T06:30:00Z,2026-07-31T08:30:00+0200,150.0,EUR/MWh,NL,NL,imbalance_price,Short,2026-08-06T05:38:50Z
2026-08-06T05:35:55Z,2026-08-06T07:35:55+0200,c3feb7e2-8675-4f7f-be40-2d97c558df74,2026-07-31T06:45:00Z,2026-07-31T08:45:00+0200,109.68,EUR/MWh,NL,NL,imbalance_price,Long,2026-08-06T05:38:50Z
2026-08-06T05:35:55Z,2026-08-06T07:35:55+0200,c3feb7e2-8675-4f7f-be40-2d97c558df74,2026-07-31T06:45:00Z,2026-07-31T08:45:00+0200,140.0,EUR/MWh,NL,NL,imbalance_price,Short,2026-08-06T05:38:50Z
2026-08-06T05:35:55Z,2026-08-06T07:35:55+0200,c3feb7e2-8675-4f7f-be40-2d97c558df74,2026-07-31T07:00:00Z,2026-07-31T09:00:00+0200,109.72,EUR/MWh,NL,NL,imbalance_price,Long,2026-08-06T05:38:50Z
2026-08-06T05:35:55Z,2026-08-06T07:35:55+0200,c3feb7e2-8675-4f7f-be40-2d97c558df74,2026-07-31T07:00:00Z,2026-07-31T09:00:00+0200,140.0,EUR/MWh,NL,NL,imbalance_price,Short,2026-08-06T05:38:50Z
2026-08-06T05:35:55Z,2026-08-06T07:35:55+0200,c3feb7e2-8675-4f7f-be40-2d97c558df74,2026-07-31T07:15:00Z,2026-07-31T09:15:00+0200,124.54,EUR/MWh,NL,NL,imbalance_price,Long,2026-08-06T05:38:50Z
2026-08-06T05:35:55Z,2026-08-06T07:35:55+0200,c3feb7e2-8675-4f7f-be40-2d97c558df74,2026-07-31T07:15:00Z,2026-07-31T09:15:00+0200,124.54,EUR/MWh,NL,NL,imbalance_price,Short,2026-08-06T05:38:50Z
2026-08-06T05:35:55Z,2026-08-06T07:35:55+0200,c3feb7e2-8675-4f7f-be40-2d97c558df74,2026-07-31T07:30:00Z,2026-07-31T09:30:00+0200,162.0,EUR/MWh,NL,NL,imbalance_price,Long,2026-08-06T05:38:50Z
2026-08-06T05:35:55Z,2026-08-06T07:35:55+0200,c3feb7e2-8675-4f7f-be40-2d97c558df74,2026-07-31T07:30:00Z,2026-07-31T09:30:00+0200,162.0,EUR/MWh,NL,NL,imbalance_price,Short,2026-08-06T05:38:50Z
2026-08-06T05:35:55Z,2026-08-06T07:35:55+0200,c3feb7e2-8675-4f7f-be40-2d97c558df74,2026-07-31T07:45:00Z,2026-07-31T09:45:00+0200,176.0,EUR/MWh,NL,NL,imbalance_price,Long,2026-08-06T05:38:50Z
2026-08-06T05:35:55Z,2026-08-06T07:35:55+0200,c3feb7e2-8675-4f7f-be40-2d97c558df74,2026-07-31T07:45:00Z,2026-07-31T09:45:00+0200,176.0,EUR/MWh,NL,NL,imbalance_price,Short,2026-08-06T05:38:50Z
2026-08-06T05:35:55Z,2026-08-06T07:35:55+0200,c3feb7e2-8675-4f7f-be40-2d97c558df74,2026-07-31T08:00:00Z,2026-07-31T10:00:00+0200,50.0,EUR/MWh,NL,NL,imbalance_price,Long,2026-08-06T05:38:50Z
2026-08-06T05:35:55Z,2026-08-06T07:35:55+0200,c3feb7e2-8675-4f7f-be40-2d97c558df74,2026-07-31T08:00:00Z,2026-07-31T10:00:00+0200,176.0,EUR/MWh,NL,NL,imbalance_price,Short,2026-08-06T05:38:50Z
2026-08-06T05:35:55Z,2026-08-06T07:35:55+0200,c3feb7e2-8675-4f7f-be40-2d97c558df74,2026-07-31T08:15:00Z,2026-07-31T10:15:00+0200,90.0,EUR/MWh,NL,NL,imbalance_price,Long,2026-08-06T05:38:50Z
2026-08-06T05:35:55Z,2026-08-06T07:35:55+0200,c3feb7e2-8675-4f7f-be40-2d97c558df74,2026-07-31T08:15:00Z,2026-07-31T10:15:00+0200,134.5,EUR/MWh,NL,NL,imbalance_price,Short,2026-08-06T05:38:50Z
2026-08-06T05:35:55Z,2026-08-06T07:35:55+0200,c3feb7e2-8675-4f7f-be40-2d97c558df74,2026-07-31T08:30:00Z,2026-07-31T10:30:00+0200,95.0,EUR/MWh,NL,NL,imbalance_price,Long,2026-08-06T05:38:50Z
2026-08-06T05:35:55Z,2026-08-06T07:35:55+0200,c3feb7e2-8675-4f7f-be40-2d97c558df74,2026-07-31T08:30:00Z,2026-07-31T10:30:00+0200,164.34,EUR/MWh,NL,NL,imbalance_price,Short,2026-08-06T05:38:50Z
2026-08-06T05:35:55Z,2026-08-06T07:35:55+0200,c3feb7e2-8675-4f7f-be40-2d97c558df74,2026-07-31T08:45:00Z,2026-07-31T10:45:00+0200,90.0,EUR/MWh,NL,NL,imbalance_price,Long,2026-08-06T05:38:50Z
2026-08-06T05:35:55Z,2026-08-06T07:35:55+0200,c3feb7e2-8675-4f7f-be40-2d97c558df74,2026-07-31T08:45:00Z,2026-07-31T10:45:00+0200,159.0,EUR/MWh,NL,NL,imbalance_price,Short,2026-08-06T05:38:50Z
2026-08-06T05:35:55Z,2026-08-06T07:35:55+0200,c3feb7e2-8675-4f7f-be40-2d97c558df74,2026-07-31T09:00:00Z,2026-07-31T11:00:00+0200,94.0,EUR/MWh,NL,NL,imbalance_price,Long,2026-08-06T05:38:50Z
2026-08-06T05:35:55Z,2026-08-06T07:35:55+0200,c3feb7e2-8675-4f7f-be40-2d97c558df74,2026-07-31T09:00:00Z,2026-07-31T11:00:00+0200,130.37,EUR/MWh,NL,NL,imbalance_price,Short,2026-08-06T05:38:50Z
2026-08-06T05:35:55Z,2026-08-06T07:35:55+0200,c3feb7e2-8675-4f7f-be40-2d97c558df74,2026-07-31T09:15:00Z,2026-07-31T11:15:00+0200,39.63,EUR/MWh,NL,NL,imbalance_price,Long,2026-08-06T05:38:50Z
2026-08-06T05:35:55Z,2026-08-06T07:35:55+0200,c3feb7e2-8675-4f7f-be40-2d97c558df74,2026-07-31T09:15:00Z,2026-07-31T11:15:00+0200,121.38,EUR/MWh,NL,NL,imbalance_price,Short,2026-08-06T05:38:50Z
2026-08-06T05:35:55Z,2026-08-06T07:35:55+0200,c3feb7e2-8675-4f7f-be40-2d97c558df74,2026-07-31T09:30:00Z,2026-07-31T11:30:00+0200,50.0,EUR/MWh,NL,NL,imbalance_price,Long,2026-08-06T05:38:50Z
2026-08-06T05:35:55Z,2026-08-06T07:35:55+0200,c3feb7e2-8675-4f7f-be40-2d97c558df74,2026-07-31T09:30:00Z,2026-07-31T11:30:00+0200,50.0,EUR/MWh,NL,NL,imbalance_price,Short,2026-08-06T05:38:50Z
2026-08-06T05:35:55Z,2026-08-06T07:35:55+0200,c3feb7e2-8675-4f7f-be40-2d97c558df74,2026-07-31T09:45:00Z,2026-07-31T11:45:00+0200,21.6,EUR/MWh,NL,NL,imbalance_price,Long,2026-08-06T05:38:50Z
2026-08-06T05:35:55Z,2026-08-06T07:35:55+0200,c3feb7e2-8675-4f7f-be40-2d97c558df74,2026-07-31T09:45:00Z,2026-07-31T11:45:00+0200,116.91,EUR/MWh,NL,NL,imbalance_price,Short,2026-08-06T05:38:50Z
2026-08-06T05:35:55Z,2026-08-06T07:35:55+0200,c3feb7e2-8675-4f7f-be40-2d97c558df74,2026-07-31T10:00:00Z,2026-07-31T12:00:00+0200,101.21,EUR/MWh,NL,NL,imbalance_price,Long,2026-08-06T05:38:50Z
2026-08-06T05:35:55Z,2026-08-06T07:35:55+0200,c3feb7e2-8675-4f7f-be40-2d97c558df74,2026-07-31T10:00:00Z,2026-07-31T12:00:00+0200,122.48,EUR/MWh,NL,NL,imbalance_price,Short,2026-08-06T05:38:50Z
2026-08-06T05:35:55Z,2026-08-06T07:35:55+0200,c3feb7e2-8675-4f7f-be40-2d97c558df74,2026-07-31T10:15:00Z,2026-07-31T12:15:00+0200,122.1,EUR/MWh,NL,NL,imbalance_price,Long,2026-08-06T05:38:50Z
2026-08-06T05:35:55Z,2026-08-06T07:35:55+0200,c3feb7e2-8675-4f7f-be40-2d97c558df74,2026-07-31T10:15:00Z,2026-07-31T12:15:00+0200,122.1,EUR/MWh,NL,NL,imbalance_price,Short,2026-08-06T05:38:50Z
2026-08-06T05:35:55Z,2026-08-06T07:35:55+0200,c3feb7e2-8675-4f7f-be40-2d97c558df74,2026-07-31T10:30:00Z,2026-07-31T12:30:00+0200,12.0,EUR/MWh,NL,NL,imbalance_price,Long,2026-08-06T05:38:50Z
2026-08-06T05:35:55Z,2026-08-06T07:35:55+0200,c3feb7e2-8675-4f7f-be40-2d97c558df74,2026-07-31T10:30:00Z,2026-07-31T12:30:00+0200,106.88,EUR/MWh,NL,NL,imbalance_price,Short,2026-08-06T05:38:50Z
2026-08-06T05:35:55Z,2026-08-06T07:35:55+0200,c3feb7e2-8675-4f7f-be40-2d97c558df74,2026-07-31T10:45:00Z,2026-07-31T12:45:00+0200,9.0,EUR/MWh,NL,NL,imbalance_price,Long,2026-08-06T05:38:50Z
2026-08-06T05:35:55Z,2026-08-06T07:35:55+0200,c3feb7e2-8675-4f7f-be40-2d97c558df74,2026-07-31T10:45:00Z,2026-07-31T12:45:00+0200,9.0,EUR/MWh,NL,NL,imbalance_price,Short,2026-08-06T05:38:50Z
2026-08-06T05:35:55Z,2026-08-06T07:35:55+0200,c3feb7e2-8675-4f7f-be40-2d97c558df74,2026-07-31T11:00:00Z,2026-07-31T13:00:00+0200,12.0,EUR/MWh,NL,NL,imbalance_price,Long,2026-08-06T05:38:50Z
2026-08-06T05:35:55Z,2026-08-06T07:35:55+0200,c3feb7e2-8675-4f7f-be40-2d97c558df74,2026-07-31T11:00:00Z,2026-07-31T13:00:00+0200,12.0,EUR/MWh,NL,NL,imbalance_price,Short,2026-08-06T05:38:50Z
2026-08-06T05:35:55Z,2026-08-06T07:35:55+0200,c3feb7e2-8675-4f7f-be40-2d97c558df74,2026-07-31T11:15:00Z,2026-07-31T13:15:00+0200,77.86,EUR/MWh,NL,NL,imbalance_price,Long,2026-08-06T05:38:50Z
2026-08-06T05:35:55Z,2026-08-06T07:35:55+0200,c3feb7e2-8675-4f7f-be40-2d97c558df74,2026-07-31T11:15:00Z,2026-07-31T13:15:00+0200,77.86,EUR/MWh,NL,NL,imbalance_price,Short,2026-08-06T05:38:50Z
2026-08-06T05:35:55Z,2026-08-06T07:35:55+0200,c3feb7e2-8675-4f7f-be40-2d97c558df74,2026-07-31T11:30:00Z,2026-07-31T13:30:00+0200,84.93,EUR/MWh,NL,NL,imbalance_price,Long,2026-08-06T05:38:50Z
2026-08-06T05:35:55Z,2026-08-06T07:35:55+0200,c3feb7e2-8675-4f7f-be40-2d97c558df74,2026-07-31T11:30:00Z,2026-07-31T13:30:00+0200,84.93,EUR/MWh,NL,NL,imbalance_price,Short,2026-08-06T05:38:50Z
2026-08-06T05:35:55Z,2026-08-06T07:35:55+0200,c3feb7e2-8675-4f7f-be40-2d97c558df74,2026-07-31T11:45:00Z,2026-07-31T13:45:00+0200,1.2,EUR/MWh,NL,NL,imbalance_price,Long,2026-08-06T05:38:50Z
2026-08-06T05:35:55Z,2026-08-06T07:35:55+0200,c3feb7e2-8675-4f7f-be40-2d97c558df74,2026-07-31T11:45:00Z,2026-07-31T13:45:00+0200,1.2,EUR/MWh,NL,NL,imbalance_price,Short,2026-08-06T05:38:50Z
2026-08-06T05:35:55Z,2026-08-06T07:35:55+0200,c3feb7e2-8675-4f7f-be40-2d97c558df74,2026-07-31T12:00:00Z,2026-07-31T14:00:00+0200,10.0,EUR/MWh,NL,NL,imbalance_price,Long,2026-08-06T05:38:50Z
2026-08-06T05:35:55Z,2026-08-06T07:35:55+0200,c3feb7e2-8675-4f7f-be40-2d97c558df74,2026-07-31T12:00:00Z,2026-07-31T14:00:00+0200,10.0,EUR/MWh,NL,NL,imbalance_price,Short,2026-08-06T05:38:50Z
2026-08-06T05:35:55Z,2026-08-06T07:35:55+0200,c3feb7e2-8675-4f7f-be40-2d97c558df74,2026-07-31T12:15:00Z,2026-07-31T14:15:00+0200,4.09,EUR/MWh,NL,NL,imbalance_price,Long,2026-08-06T05:38:50Z
2026-08-06T05:35:55Z,2026-08-06T07:35:55+0200,c3feb7e2-8675-4f7f-be40-2d97c558df74,2026-07-31T12:15:00Z,2026-07-31T14:15:00+0200,4.09,EUR/MWh,NL,NL,imbalance_price,Short,2026-08-06T05:38:50Z
2026-08-06T05:35:55Z,2026-08-06T07:35:55+0200,c3feb7e2-8675-4f7f-be40-2d97c558df74,2026-07-31T12:30:00Z,2026-07-31T14:30:00+0200,4.09,EUR/MWh,NL,NL,imbalance_price,Long,2026-08-06T05:38:50Z
2026-08-06T05:35:55Z,2026-08-06T07:35:55+0200,c3feb7e2-8675-4f7f-be40-2d97c558df74,2026-07-31T12:30:00Z,2026-07-31T14:30:00+0200,4.09,EUR/MWh,NL,NL,imbalance_price,Short,2026-08-06T05:38:50Z
2026-08-06T05:35:55Z,2026-08-06T07:35:55+0200,c3feb7e2-8675-4f7f-be40-2d97c558df74,2026-07-31T12:45:00Z,2026-07-31T14:45:00+0200,88.0,EUR/MWh,NL,NL,imbalance_price,Long,2026-08-06T05:38:50Z
2026-08-06T05:35:55Z,2026-08-06T07:35:55+0200,c3feb7e2-8675-4f7f-be40-2d97c558df74,2026-07-31T12:45:00Z,2026-07-31T14:45:00+0200,88.0,EUR/MWh,NL,NL,imbalance_price,Short,2026-08-06T05:38:50Z
2026-08-06T05:35:55Z,2026-08-06T07:35:55+0200,c3feb7e2-8675-4f7f-be40-2d97c558df74,2026-07-31T13:00:00Z,2026-07-31T15:00:00+0200,114.18,EUR/MWh,NL,NL,imbalance_price,Long,2026-08-06T05:38:50Z
2026-08-06T05:35:55Z,2026-08-06T07:35:55+0200,c3feb7e2-8675-4f7f-be40-2d97c558df74,2026-07-31T13:00:00Z,2026-07-31T15:00:00+0200,150.0,EUR/MWh,NL,NL,imbalance_price,Short,2026-08-06T05:38:50Z
2026-08-06T05:35:55Z,2026-08-06T07:35:55+0200,c3feb7e2-8675-4f7f-be40-2d97c558df74,2026-07-31T13:15:00Z,2026-07-31T15:15:00+0200,167.8,EUR/MWh,NL,NL,imbalance_price,Long,2026-08-06T05:38:50Z
2026-08-06T05:35:55Z,2026-08-06T07:35:55+0200,c3feb7e2-8675-4f7f-be40-2d97c558df74,2026-07-31T13:15:00Z,2026-07-31T15:15:00+0200,167.8,EUR/MWh,NL,NL,imbalance_price,Short,2026-08-06T05:38:50Z
2026-08-06T05:35:55Z,2026-08-06T07:35:55+0200,c3feb7e2-8675-4f7f-be40-2d97c558df74,2026-07-31T13:30:00Z,2026-07-31T15:30:00+0200,176.0,EUR/MWh,NL,NL,imbalance_price,Long,2026-08-06T05:38:50Z
2026-08-06T05:35:55Z,2026-08-06T07:35:55+0200,c3feb7e2-8675-4f7f-be40-2d97c558df74,2026-07-31T13:30:00Z,2026-07-31T15:30:00+0200,176.0,EUR/MWh,NL,NL,imbalance_price,Short,2026-08-06T05:38:50Z
2026-08-06T05:35:55Z,2026-08-06T07:35:55+0200,c3feb7e2-8675-4f7f-be40-2d97c558df74,2026-07-31T13:45:00Z,2026-07-31T15:45:00+0200,176.0,EUR/MWh,NL,NL,imbalance_price,Long,2026-08-06T05:38:50Z
2026-08-06T05:35:55Z,2026-08-06T07:35:55+0200,c3feb7e2-8675-4f7f-be40-2d97c558df74,2026-07-31T13:45:00Z,2026-07-31T15:45:00+0200,176.0,EUR/MWh,NL,NL,imbalance_price,Short,2026-08-06T05:38:50Z
2026-08-06T05:35:55Z,2026-08-06T07:35:55+0200,c3feb7e2-8675-4f7f-be40-2d97c558df74,2026-07-31T14:00:00Z,2026-07-31T16:00:00+0200,150.71,EUR/MWh,NL,NL,imbalance_price,Long,2026-08-06T05:38:50Z
2026-08-06T05:35:55Z,2026-08-06T07:35:55+0200,c3feb7e2-8675-4f7f-be40-2d97c558df74,2026-07-31T14:00:00Z,2026-07-31T16:00:00+0200,150.71,EUR/MWh,NL,NL,imbalance_price,Short,2026-08-06T05:38:50Z
2026-08-06T05:35:55Z,2026-08-06T07:35:55+0200,c3feb7e2-8675-4f7f-be40-2d97c558df74,2026-07-31T14:15:00Z,2026-07-31T16:15:00+0200,173.0,EUR/MWh,NL,NL,imbalance_price,Long,2026-08-06T05:38:50Z
2026-08-06T05:35:55Z,2026-08-06T07:35:55+0200,c3feb7e2-8675-4f7f-be40-2d97c558df74,2026-07-31T14:15:00Z,2026-07-31T16:15:00+0200,173.0,EUR/MWh,NL,NL,imbalance_price,Short,2026-08-06T05:38:50Z
2026-08-06T05:35:55Z,2026-08-06T07:35:55+0200,c3feb7e2-8675-4f7f-be40-2d97c558df74,2026-07-31T14:30:00Z,2026-07-31T16:30:00+0200,198.0,EUR/MWh,NL,NL,imbalance_price,Long,2026-08-06T05:38:50Z
2026-08-06T05:35:55Z,2026-08-06T07:35:55+0200,c3feb7e2-8675-4f7f-be40-2d97c558df74,2026-07-31T14:30:00Z,2026-07-31T16:30:00+0200,198.0,EUR/MWh,NL,NL,imbalance_price,Short,2026-08-06T05:38:50Z
2026-08-06T05:35:55Z,2026-08-06T07:35:55+0200,c3feb7e2-8675-4f7f-be40-2d97c558df74,2026-07-31T14:45:00Z,2026-07-31T16:45:00+0200,185.4,EUR/MWh,NL,NL,imbalance_price,Long,2026-08-06T05:38:50Z
2026-08-06T05:35:55Z,2026-08-06T07:35:55+0200,c3feb7e2-8675-4f7f-be40-2d97c558df74,2026-07-31T14:45:00Z,2026-07-31T16:45:00+0200,185.4,EUR/MWh,NL,NL,imbalance_price,Short,2026-08-06T05:38:50Z
2026-08-06T05:35:55Z,2026-08-06T07:35:55+0200,c3feb7e2-8675-4f7f-be40-2d97c558df74,2026-07-31T15:00:00Z,2026-07-31T17:00:00+0200,150.0,EUR/MWh,NL,NL,imbalance_price,Long,2026-08-06T05:38:50Z
2026-08-06T05:35:55Z,2026-08-06T07:35:55+0200,c3feb7e2-8675-4f7f-be40-2d97c558df74,2026-07-31T15:00:00Z,2026-07-31T17:00:00+0200,150.0,EUR/MWh,NL,NL,imbalance_price,Short,2026-08-06T05:38:50Z
2026-08-06T05:35:55Z,2026-08-06T07:35:55+0200,c3feb7e2-8675-4f7f-be40-2d97c558df74,2026-07-31T15:15:00Z,2026-07-31T17:15:00+0200,124.03,EUR/MWh,NL,NL,imbalance_price,Long,2026-08-06T05:38:50Z
2026-08-06T05:35:55Z,2026-08-06T07:35:55+0200,c3feb7e2-8675-4f7f-be40-2d97c558df74,2026-07-31T15:15:00Z,2026-07-31T17:15:00+0200,170.75,EUR/MWh,NL,NL,imbalance_price,Short,2026-08-06T05:38:50Z
2026-08-06T05:35:55Z,2026-08-06T07:35:55+0200,c3feb7e2-8675-4f7f-be40-2d97c558df74,2026-07-31T15:30:00Z,2026-07-31T17:30:00+0200,199.7,EUR/MWh,NL,NL,imbalance_price,Long,2026-08-06T05:38:50Z
2026-08-06T05:35:55Z,2026-08-06T07:35:55+0200,c3feb7e2-8675-4f7f-be40-2d97c558df74,2026-07-31T15:30:00Z,2026-07-31T17:30:00+0200,199.7,EUR/MWh,NL,NL,imbalance_price,Short,2026-08-06T05:38:50Z
2026-08-06T05:35:55Z,2026-08-06T07:35:55+0200,c3feb7e2-8675-4f7f-be40-2d97c558df74,2026-07-31T15:45:00Z,2026-07-31T17:45:00+0200,178.57,EUR/MWh,NL,NL,imbalance_price,Long,2026-08-06T05:38:50Z
2026-08-06T05:35:55Z,2026-08-06T07:35:55+0200,c3feb7e2-8675-4f7f-be40-2d97c558df74,2026-07-31T15:45:00Z,2026-07-31T17:45:00+0200,178.57,EUR/MWh,NL,NL,imbalance_price,Short,2026-08-06T05:38:50Z
2026-08-06T05:35:55Z,2026-08-06T07:35:55+0200,c3feb7e2-8675-4f7f-be40-2d97c558df74,2026-07-31T16:00:00Z,2026-07-31T18:00:00+0200,130.5,EUR/MWh,NL,NL,imbalance_price,Long,2026-08-06T05:38:50Z
2026-08-06T05:35:55Z,2026-08-06T07:35:55+0200,c3feb7e2-8675-4f7f-be40-2d97c558df74,2026-07-31T16:00:00Z,2026-07-31T18:00:00+0200,176.0,EUR/MWh,NL,NL,imbalance_price,Short,2026-08-06T05:38:50Z
2026-08-06T05:35:55Z,2026-08-06T07:35:55+0200,c3feb7e2-8675-4f7f-be40-2d97c558df74,2026-07-31T16:15:00Z,2026-07-31T18:15:00+0200,97.0,EUR/MWh,NL,NL,imbalance_price,Long,2026-08-06T05:38:50Z
2026-08-06T05:35:55Z,2026-08-06T07:35:55+0200,c3feb7e2-8675-4f7f-be40-2d97c558df74,2026-07-31T16:15:00Z,2026-07-31T18:15:00+0200,185.0,EUR/MWh,NL,NL,imbalance_price,Short,2026-08-06T05:38:50Z
2026-08-06T05:35:55Z,2026-08-06T07:35:55+0200,c3feb7e2-8675-4f7f-be40-2d97c558df74,2026-07-31T16:30:00Z,2026-07-31T18:30:00+0200,93.0,EUR/MWh,NL,NL,imbalance_price,Long,2026-08-06T05:38:50Z
2026-08-06T05:35:55Z,2026-08-06T07:35:55+0200,c3feb7e2-8675-4f7f-be40-2d97c558df74,2026-07-31T16:30:00Z,2026-07-31T18:30:00+0200,178.54,EUR/MWh,NL,NL,imbalance_price,Short,2026-08-06T05:38:50Z
2026-08-06T05:35:55Z,2026-08-06T07:35:55+0200,c3feb7e2-8675-4f7f-be40-2d97c558df74,2026-07-31T16:45:00Z,2026-07-31T18:45:00+0200,88.0,EUR/MWh,NL,NL,imbalance_price,Long,2026-08-06T05:38:50Z
2026-08-06T05:35:55Z,2026-08-06T07:35:55+0200,c3feb7e2-8675-4f7f-be40-2d97c558df74,2026-07-31T16:45:00Z,2026-07-31T18:45:00+0200,176.36,EUR/MWh,NL,NL,imbalance_price,Short,2026-08-06T05:38:50Z
2026-08-06T05:35:55Z,2026-08-06T07:35:55+0200,c3feb7e2-8675-4f7f-be40-2d97c558df74,2026-07-31T17:00:00Z,2026-07-31T19:00:00+0200,93.0,EUR/MWh,NL,NL,imbalance_price,Long,2026-08-06T05:38:50Z
2026-08-06T05:35:55Z,2026-08-06T07:35:55+0200,c3feb7e2-8675-4f7f-be40-2d97c558df74,2026-07-31T17:00:00Z,2026-07-31T19:00:00+0200,93.0,EUR/MWh,NL,NL,imbalance_price,Short,2026-08-06T05:38:50Z
2026-08-06T05:35:55Z,2026-08-06T07:35:55+0200,c3feb7e2-8675-4f7f-be40-2d97c558df74,2026-07-31T17:15:00Z,2026-07-31T19:15:00+0200,80.0,EUR/MWh,NL,NL,imbalance_price,Long,2026-08-06T05:38:50Z
2026-08-06T05:35:55Z,2026-08-06T07:35:55+0200,c3feb7e2-8675-4f7f-be40-2d97c558df74,2026-07-31T17:15:00Z,2026-07-31T19:15:00+0200,80.0,EUR/MWh,NL,NL,imbalance_price,Short,2026-08-06T05:38:50Z
2026-08-06T05:35:55Z,2026-08-06T07:35:55+0200,c3feb7e2-8675-4f7f-be40-2d97c558df74,2026-07-31T17:30:00Z,2026-07-31T19:30:00+0200,94.0,EUR/MWh,NL,NL,imbalance_price,Long,2026-08-06T05:38:50Z
2026-08-06T05:35:55Z,2026-08-06T07:35:55+0200,c3feb7e2-8675-4f7f-be40-2d97c558df74,2026-07-31T17:30:00Z,2026-07-31T19:30:00+0200,161.39,EUR/MWh,NL,NL,imbalance_price,Short,2026-08-06T05:38:50Z
2026-08-06T05:35:55Z,2026-08-06T07:35:55+0200,c3feb7e2-8675-4f7f-be40-2d97c558df74,2026-07-31T17:45:00Z,2026-07-31T19:45:00+0200,88.0,EUR/MWh,NL,NL,imbalance_price,Long,2026-08-06T05:38:50Z
2026-08-06T05:35:55Z,2026-08-06T07:35:55+0200,c3feb7e2-8675-4f7f-be40-2d97c558df74,2026-07-31T17:45:00Z,2026-07-31T19:45:00+0200,154.84,EUR/MWh,NL,NL,imbalance_price,Short,2026-08-06T05:38:50Z
2026-08-06T05:35:55Z,2026-08-06T07:35:55+0200,c3feb7e2-8675-4f7f-be40-2d97c558df74,2026-07-31T18:00:00Z,2026-07-31T20:00:00+0200,120.0,EUR/MWh,NL,NL,imbalance_price,Long,2026-08-06T05:38:50Z
2026-08-06T05:35:55Z,2026-08-06T07:35:55+0200,c3feb7e2-8675-4f7f-be40-2d97c558df74,2026-07-31T18:00:00Z,2026-07-31T20:00:00+0200,120.0,EUR/MWh,NL,NL,imbalance_price,Short,2026-08-06T05:38:50Z
2026-08-06T05:35:55Z,2026-08-06T07:35:55+0200,c3feb7e2-8675-4f7f-be40-2d97c558df74,2026-07-31T18:15:00Z,2026-07-31T20:15:00+0200,114.1,EUR/MWh,NL,NL,imbalance_price,Long,2026-08-06T05:38:50Z
2026-08-06T05:35:55Z,2026-08-06T07:35:55+0200,c3feb7e2-8675-4f7f-be40-2d97c558df74,2026-07-31T18:15:00Z,2026-07-31T20:15:00+0200,149.01,EUR/MWh,NL,NL,imbalance_price,Short,2026-08-06T05:38:50Z
2026-08-06T05:35:55Z,2026-08-06T07:35:55+0200,c3feb7e2-8675-4f7f-be40-2d97c558df74,2026-07-31T18:30:00Z,2026-07-31T20:30:00+0200,114.1,EUR/MWh,NL,NL,imbalance_price,Long,2026-08-06T05:38:50Z
2026-08-06T05:35:55Z,2026-08-06T07:35:55+0200,c3feb7e2-8675-4f7f-be40-2d97c558df74,2026-07-31T18:30:00Z,2026-07-31T20:30:00+0200,150.0,EUR/MWh,NL,NL,imbalance_price,Short,2026-08-06T05:38:50Z
2026-08-06T05:35:55Z,2026-08-06T07:35:55+0200,c3feb7e2-8675-4f7f-be40-2d97c558df74,2026-07-31T18:45:00Z,2026-07-31T20:45:00+0200,124.03,EUR/MWh,NL,NL,imbalance_price,Long,2026-08-06T05:38:50Z
2026-08-06T05:35:55Z,2026-08-06T07:35:55+0200,c3feb7e2-8675-4f7f-be40-2d97c558df74,2026-07-31T18:45:00Z,2026-07-31T20:45:00+0200,168.85,EUR/MWh,NL,NL,imbalance_price,Short,2026-08-06T05:38:50Z
2026-08-06T05:35:55Z,2026-08-06T07:35:55+0200,c3feb7e2-8675-4f7f-be40-2d97c558df74,2026-07-31T19:00:00Z,2026-07-31T21:00:00+0200,138.64,EUR/MWh,NL,NL,imbalance_price,Long,2026-08-06T05:38:50Z
2026-08-06T05:35:55Z,2026-08-06T07:35:55+0200,c3feb7e2-8675-4f7f-be40-2d97c558df74,2026-07-31T19:00:00Z,2026-07-31T21:00:00+0200,176.0,EUR/MWh,NL,NL,imbalance_price,Short,2026-08-06T05:38:50Z
2026-08-06T05:35:55Z,2026-08-06T07:35:55+0200,c3feb7e2-8675-4f7f-be40-2d97c558df74,2026-07-31T19:15:00Z,2026-07-31T21:15:00+0200,176.0,EUR/MWh,NL,NL,imbalance_price,Long,2026-08-06T05:38:50Z
2026-08-06T05:35:55Z,2026-08-06T07:35:55+0200,c3feb7e2-8675-4f7f-be40-2d97c558df74,2026-07-31T19:15:00Z,2026-07-31T21:15:00+0200,176.0,EUR/MWh,NL,NL,imbalance_price,Short,2026-08-06T05:38:50Z
2026-08-06T05:35:55Z,2026-08-06T07:35:55+0200,c3feb7e2-8675-4f7f-be40-2d97c558df74,2026-07-31T19:30:00Z,2026-07-31T21:30:00+0200,176.0,EUR/MWh,NL,NL,imbalance_price,Long,2026-08-06T05:38:50Z
2026-08-06T05:35:55Z,2026-08-06T07:35:55+0200,c3feb7e2-8675-4f7f-be40-2d97c558df74,2026-07-31T19:30:00Z,2026-07-31T21:30:00+0200,176.0,EUR/MWh,NL,NL,imbalance_price,Short,2026-08-06T05:38:50Z
2026-08-06T05:35:55Z,2026-08-06T07:35:55+0200,c3feb7e2-8675-4f7f-be40-2d97c558df74,2026-07-31T19:45:00Z,2026-07-31T21:45:00+0200,200.0,EUR/MWh,NL,NL,imbalance_price,Long,2026-08-06T05:38:50Z
2026-08-06T05:35:55Z,2026-08-06T07:35:55+0200,c3feb7e2-8675-4f7f-be40-2d97c558df74,2026-07-31T19:45:00Z,2026-07-31T21:45:00+0200,200.0,EUR/MWh,NL,NL,imbalance_price,Short,2026-08-06T05:38:50Z
2026-08-06T05:35:55Z,2026-08-06T07:35:55+0200,c3feb7e2-8675-4f7f-be40-2d97c558df74,2026-07-31T20:00:00Z,2026-07-31T22:00:00+0200,186.42,EUR/MWh,NL,NL,imbalance_price,Long,2026-08-06T05:38:50Z
2026-08-06T05:35:55Z,2026-08-06T07:35:55+0200,c3feb7e2-8675-4f7f-be40-2d97c558df74,2026-07-31T20:00:00Z,2026-07-31T22:00:00+0200,186.42,EUR/MWh,NL,NL,imbalance_price,Short,2026-08-06T05:38:50Z
2026-08-06T05:35:55Z,2026-08-06T07:35:55+0200,c3feb7e2-8675-4f7f-be40-2d97c558df74,2026-07-31T20:15:00Z,2026-07-31T22:15:00+0200,201.4,EUR/MWh,NL,NL,imbalance_price,Long,2026-08-06T05:38:50Z
2026-08-06T05:35:55Z,2026-08-06T07:35:55+0200,c3feb7e2-8675-4f7f-be40-2d97c558df74,2026-07-31T20:15:00Z,2026-07-31T22:15:00+0200,201.4,EUR/MWh,NL,NL,imbalance_price,Short,2026-08-06T05:38:50Z
2026-08-06T05:35:55Z,2026-08-06T07:35:55+0200,c3feb7e2-8675-4f7f-be40-2d97c558df74,2026-07-31T20:30:00Z,2026-07-31T22:30:00+0200,135.83,EUR/MWh,NL,NL,imbalance_price,Long,2026-08-06T05:38:50Z
2026-08-06T05:35:55Z,2026-08-06T07:35:55+0200,c3feb7e2-8675-4f7f-be40-2d97c558df74,2026-07-31T20:30:00Z,2026-07-31T22:30:00+0200,201.2,EUR/MWh,NL,NL,imbalance_price,Short,2026-08-06T05:38:50Z
2026-08-06T05:35:55Z,2026-08-06T07:35:55+0200,c3feb7e2-8675-4f7f-be40-2d97c558df74,2026-07-31T20:45:00Z,2026-07-31T22:45:00+0200,150.0,EUR/MWh,NL,NL,imbalance_price,Long,2026-08-06T05:38:50Z
2026-08-06T05:35:55Z,2026-08-06T07:35:55+0200,c3feb7e2-8675-4f7f-be40-2d97c558df74,2026-07-31T20:45:00Z,2026-07-31T22:45:00+0200,150.0,EUR/MWh,NL,NL,imbalance_price,Short,2026-08-06T05:38:50Z
2026-08-06T05:35:55Z,2026-08-06T07:35:55+0200,c3feb7e2-8675-4f7f-be40-2d97c558df74,2026-07-31T21:00:00Z,2026-07-31T23:00:00+0200,176.0,EUR/MWh,NL,NL,imbalance_price,Long,2026-08-06T05:38:50Z
2026-08-06T05:35:55Z,2026-08-06T07:35:55+0200,c3feb7e2-8675-4f7f-be40-2d97c558df74,2026-07-31T21:00:00Z,2026-07-31T23:00:00+0200,176.0,EUR/MWh,NL,NL,imbalance_price,Short,2026-08-06T05:38:50Z
2026-08-06T05:35:55Z,2026-08-06T07:35:55+0200,c3feb7e2-8675-4f7f-be40-2d97c558df74,2026-07-31T21:15:00Z,2026-07-31T23:15:00+0200,176.0,EUR/MWh,NL,NL,imbalance_price,Long,2026-08-06T05:38:50Z
2026-08-06T05:35:55Z,2026-08-06T07:35:55+0200,c3feb7e2-8675-4f7f-be40-2d97c558df74,2026-07-31T21:15:00Z,2026-07-31T23:15:00+0200,176.0,EUR/MWh,NL,NL,imbalance_price,Short,2026-08-06T05:38:50Z
2026-08-06T05:35:55Z,2026-08-06T07:35:55+0200,c3feb7e2-8675-4f7f-be40-2d97c558df74,2026-07-31T21:30:00Z,2026-07-31T23:30:00+0200,142.86,EUR/MWh,NL,NL,imbalance_price,Long,2026-08-06T05:38:50Z
2026-08-06T05:35:55Z,2026-08-06T07:35:55+0200,c3feb7e2-8675-4f7f-be40-2d97c558df74,2026-07-31T21:30:00Z,2026-07-31T23:30:00+0200,227.72,EUR/MWh,NL,NL,imbalance_price,Short,2026-08-06T05:38:50Z
2026-08-06T05:35:55Z,2026-08-06T07:35:55+0200,c3feb7e2-8675-4f7f-be40-2d97c558df74,2026-07-31T21:45:00Z,2026-07-31T23:45:00+0200,150.0,EUR/MWh,NL,NL,imbalance_price,Long,2026-08-06T05:38:50Z
2026-08-06T05:35:55Z,2026-08-06T07:35:55+0200,c3feb7e2-8675-4f7f-be40-2d97c558df74,2026-07-31T21:45:00Z,2026-07-31T23:45:00+0200,150.0,EUR/MWh,NL,NL,imbalance_price,Short,2026-08-06T05:38:50Z
2026-08-06T05:35:55Z,2026-08-06T07:35:55+0200,c3feb7e2-8675-4f7f-be40-2d97c558df74,2026-07-31T22:00:00Z,2026-08-01T00:00:00+0200,170.0,EUR/MWh,NL,NL,imbalance_price,Long,2026-08-06T05:38:50Z
2026-08-06T05:35:55Z,2026-08-06T07:35:55+0200,c3feb7e2-8675-4f7f-be40-2d97c558df74,2026-07-31T22:00:00Z,2026-08-01T00:00:00+0200,170.0,EUR/MWh,NL,NL,imbalance_price,Short,2026-08-06T05:38:50Z
2026-08-06T05:35:55Z,2026-08-06T07:35:55+0200,c3feb7e2-8675-4f7f-be40-2d97c558df74,2026-07-31T22:15:00Z,2026-08-01T00:15:00+0200,174.0,EUR/MWh,NL,NL,imbalance_price,Long,2026-08-06T05:38:50Z
2026-08-06T05:35:55Z,2026-08-06T07:35:55+0200,c3feb7e2-8675-4f7f-be40-2d97c558df74,2026-07-31T22:15:00Z,2026-08-01T00:15:00+0200,174.0,EUR/MWh,NL,NL,imbalance_price,Short,2026-08-06T05:38:50Z
2026-08-06T05:35:55Z,2026-08-06T07:35:55+0200,c3feb7e2-8675-4f7f-be40-2d97c558df74,2026-07-31T22:30:00Z,2026-08-01T00:30:00+0200,205.0,EUR/MWh,NL,NL,imbalance_price,Long,2026-08-06T05:38:50Z
2026-08-06T05:35:55Z,2026-08-06T07:35:55+0200,c3feb7e2-8675-4f7f-be40-2d97c558df74,2026-07-31T22:30:00Z,2026-08-01T00:30:00+0200,205.0,EUR/MWh,NL,NL,imbalance_price,Short,2026-08-06T05:38:50Z
2026-08-06T05:35:55Z,2026-08-06T07:35:55+0200,c3feb7e2-8675-4f7f-be40-2d97c558df74,2026-07-31T22:45:00Z,2026-08-01T00:45:00+0200,159.0,EUR/MWh,NL,NL,imbalance_price,Long,2026-08-06T05:38:50Z
2026-08-06T05:35:55Z,2026-08-06T07:35:55+0200,c3feb7e2-8675-4f7f-be40-2d97c558df74,2026-07-31T22:45:00Z,2026-08-01T00:45:00+0200,159.0,EUR/MWh,NL,NL,imbalance_price,Short,2026-08-06T05:38:50Z
2026-08-06T05:35:55Z,2026-08-06T07:35:55+0200,c3feb7e2-8675-4f7f-be40-2d97c558df74,2026-07-31T23:00:00Z,2026-08-01T01:00:00+0200,200.0,EUR/MWh,NL,NL,imbalance_price,Long,2026-08-06T05:38:50Z
2026-08-06T05:35:55Z,2026-08-06T07:35:55+0200,c3feb7e2-8675-4f7f-be40-2d97c558df74,2026-07-31T23:00:00Z,2026-08-01T01:00:00+0200,200.0,EUR/MWh,NL,NL,imbalance_price,Short,2026-08-06T05:38:50Z
2026-08-06T05:35:55Z,2026-08-06T07:35:55+0200,c3feb7e2-8675-4f7f-be40-2d97c558df74,2026-07-31T23:15:00Z,2026-08-01T01:15:00+0200,128.07,EUR/MWh,NL,NL,imbalance_price,Long,2026-08-06T05:38:50Z
2026-08-06T05:35:55Z,2026-08-06T07:35:55+0200,c3feb7e2-8675-4f7f-be40-2d97c558df74,2026-07-31T23:15:00Z,2026-08-01T01:15:00+0200,170.0,EUR/MWh,NL,NL,imbalance_price,Short,2026-08-06T05:38:50Z
2026-08-06T05:35:55Z,2026-08-06T07:35:55+0200,c3feb7e2-8675-4f7f-be40-2d97c558df74,2026-07-31T23:30:00Z,2026-08-01T01:30:00+0200,127.79,EUR/MWh,NL,NL,imbalance_price,Long,2026-08-06T05:38:50Z
2026-08-06T05:35:55Z,2026-08-06T07:35:55+0200,c3feb7e2-8675-4f7f-be40-2d97c558df74,2026-07-31T23:30:00Z,2026-08-01T01:30:00+0200,127.79,EUR/MWh,NL,NL,imbalance_price,Short,2026-08-06T05:38:50Z
2026-08-06T05:35:55Z,2026-08-06T07:35:55+0200,c3feb7e2-8675-4f7f-be40-2d97c558df74,2026-07-31T23:45:00Z,2026-08-01T01:45:00+0200,127.7,EUR/MWh,NL,NL,imbalance_price,Long,2026-08-06T05:38:50Z
2026-08-06T05:35:55Z,2026-08-06T07:35:55+0200,c3feb7e2-8675-4f7f-be40-2d97c558df74,2026-07-31T23:45:00Z,2026-08-01T01:45:00+0200,127.7,EUR/MWh,NL,NL,imbalance_price,Short,2026-08-06T05:38:50Z
2026-08-06T05:35:55Z,2026-08-06T07:35:55+0200,c3feb7e2-8675-4f7f-be40-2d97c558df74,2026-08-01T00:00:00Z,2026-08-01T02:00:00+0200,127.43,EUR/MWh,NL,NL,imbalance_price,Long,2026-08-06T05:38:50Z
2026-08-06T05:35:55Z,2026-08-06T07:35:55+0200,c3feb7e2-8675-4f7f-be40-2d97c558df74,2026-08-01T00:00:00Z,2026-08-01T02:00:00+0200,159.0,EUR/MWh,NL,NL,imbalance_price,Short,2026-08-06T05:38:50Z
2026-08-06T05:35:55Z,2026-08-06T07:35:55+0200,c3feb7e2-8675-4f7f-be40-2d97c558df74,2026-08-01T00:15:00Z,2026-08-01T02:15:00+0200,126.38,EUR/MWh,NL,NL,imbalance_price,Long,2026-08-06T05:38:50Z
2026-08-06T05:35:55Z,2026-08-06T07:35:55+0200,c3feb7e2-8675-4f7f-be40-2d97c558df74,2026-08-01T00:15:00Z,2026-08-01T02:15:00+0200,162.0,EUR/MWh,NL,NL,imbalance_price,Short,2026-08-06T05:38:50Z
2026-08-06T05:35:55Z,2026-08-06T07:35:55+0200,c3feb7e2-8675-4f7f-be40-2d97c558df74,2026-08-01T00:30:00Z,2026-08-01T02:30:00+0200,126.13,EUR/MWh,NL,NL,imbalance_price,Long,2026-08-06T05:38:50Z
2026-08-06T05:35:55Z,2026-08-06T07:35:55+0200,c3feb7e2-8675-4f7f-be40-2d97c558df74,2026-08-01T00:30:00Z,2026-08-01T02:30:00+0200,150.0,EUR/MWh,NL,NL,imbalance_price,Short,2026-08-06T05:38:50Z
2026-08-06T05:35:55Z,2026-08-06T07:35:55+0200,c3feb7e2-8675-4f7f-be40-2d97c558df74,2026-08-01T00:45:00Z,2026-08-01T02:45:00+0200,162.0,EUR/MWh,NL,NL,imbalance_price,Long,2026-08-06T05:38:50Z
2026-08-06T05:35:55Z,2026-08-06T07:35:55+0200,c3feb7e2-8675-4f7f-be40-2d97c558df74,2026-08-01T00:45:00Z,2026-08-01T02:45:00+0200,162.0,EUR/MWh,NL,NL,imbalance_price,Short,2026-08-06T05:38:50Z
2026-08-06T05:35:55Z,2026-08-06T07:35:55+0200,c3feb7e2-8675-4f7f-be40-2d97c558df74,2026-08-01T01:00:00Z,2026-08-01T03:00:00+0200,200.0,EUR/MWh,NL,NL,imbalance_price,Long,2026-08-06T05:38:50Z
2026-08-06T05:35:55Z,2026-08-06T07:35:55+0200,c3feb7e2-8675-4f7f-be40-2d97c558df74,2026-08-01T01:00:00Z,2026-08-01T03:00:00+0200,200.0,EUR/MWh,NL,NL,imbalance_price,Short,2026-08-06T05:38:50Z
2026-08-06T05:35:55Z,2026-08-06T07:35:55+0200,c3feb7e2-8675-4f7f-be40-2d97c558df74,2026-08-01T01:15:00Z,2026-08-01T03:15:00+0200,170.0,EUR/MWh,NL,NL,imbalance_price,Long,2026-08-06T05:38:50Z
2026-08-06T05:35:55Z,2026-08-06T07:35:55+0200,c3feb7e2-8675-4f7f-be40-2d97c558df74,2026-08-01T01:15:00Z,2026-08-01T03:15:00+0200,170.0,EUR/MWh,NL,NL,imbalance_price,Short,2026-08-06T05:38:50Z
2026-08-06T05:35:55Z,2026-08-06T07:35:55+0200,c3feb7e2-8675-4f7f-be40-2d97c558df74,2026-08-01T01:30:00Z,2026-08-01T03:30:00+0200,170.0,EUR/MWh,NL,NL,imbalance_price,Long,2026-08-06T05:38:50Z
2026-08-06T05:35:55Z,2026-08-06T07:35:55+0200,c3feb7e2-8675-4f7f-be40-2d97c558df74,2026-08-01T01:30:00Z,2026-08-01T03:30:00+0200,170.0,EUR/MWh,NL,NL,imbalance_price,Short,2026-08-06T05:38:50Z
2026-08-06T05:35:55Z,2026-08-06T07:35:55+0200,c3feb7e2-8675-4f7f-be40-2d97c558df74,2026-08-01T01:45:00Z,2026-08-01T03:45:00+0200,126.7,EUR/MWh,NL,NL,imbalance_price,Long,2026-08-06T05:38:50Z
2026-08-06T05:35:55Z,2026-08-06T07:35:55+0200,c3feb7e2-8675-4f7f-be40-2d97c558df74,2026-08-01T01:45:00Z,2026-08-01T03:45:00+0200,159.0,EUR/MWh,NL,NL,imbalance_price,Short,2026-08-06T05:38:50Z
2026-08-06T05:35:55Z,2026-08-06T07:35:55+0200,c3feb7e2-8675-4f7f-be40-2d97c558df74,2026-08-01T02:00:00Z,2026-08-01T04:00:00+0200,126.4,EUR/MWh,NL,NL,imbalance_price,Long,2026-08-06T05:38:50Z
2026-08-06T05:35:55Z,2026-08-06T07:35:55+0200,c3feb7e2-8675-4f7f-be40-2d97c558df74,2026-08-01T02:00:00Z,2026-08-01T04:00:00+0200,156.0,EUR/MWh,NL,NL,imbalance_price,Short,2026-08-06T05:38:50Z
2026-08-06T05:35:55Z,2026-08-06T07:35:55+0200,c3feb7e2-8675-4f7f-be40-2d97c558df74,2026-08-01T02:15:00Z,2026-08-01T04:15:00+0200,126.68,EUR/MWh,NL,NL,imbalance_price,Long,2026-08-06T05:38:50Z
2026-08-06T05:35:55Z,2026-08-06T07:35:55+0200,c3feb7e2-8675-4f7f-be40-2d97c558df74,2026-08-01T02:15:00Z,2026-08-01T04:15:00+0200,170.0,EUR/MWh,NL,NL,imbalance_price,Short,2026-08-06T05:38:50Z
2026-08-06T05:35:55Z,2026-08-06T07:35:55+0200,c3feb7e2-8675-4f7f-be40-2d97c558df74,2026-08-01T02:30:00Z,2026-08-01T04:30:00+0200,170.0,EUR/MWh,NL,NL,imbalance_price,Long,2026-08-06T05:38:50Z
2026-08-06T05:35:55Z,2026-08-06T07:35:55+0200,c3feb7e2-8675-4f7f-be40-2d97c558df74,2026-08-01T02:30:00Z,2026-08-01T04:30:00+0200,170.0,EUR/MWh,NL,NL,imbalance_price,Short,2026-08-06T05:38:50Z
2026-08-06T05:35:55Z,2026-08-06T07:35:55+0200,c3feb7e2-8675-4f7f-be40-2d97c558df74,2026-08-01T02:45:00Z,2026-08-01T04:45:00+0200,170.0,EUR/MWh,NL,NL,imbalance_price,Long,2026-08-06T05:38:50Z
2026-08-06T05:35:55Z,2026-08-06T07:35:55+0200,c3feb7e2-8675-4f7f-be40-2d97c558df74,2026-08-01T02:45:00Z,2026-08-01T04:45:00+0200,170.0,EUR/MWh,NL,NL,imbalance_price,Short,2026-08-06T05:38:50Z
2026-08-06T05:35:55Z,2026-08-06T07:35:55+0200,c3feb7e2-8675-4f7f-be40-2d97c558df74,2026-08-01T03:00:00Z,2026-08-01T05:00:00+0200,170.0,EUR/MWh,NL,NL,imbalance_price,Long,2026-08-06T05:38:50Z
2026-08-06T05:35:55Z,2026-08-06T07:35:55+0200,c3feb7e2-8675-4f7f-be40-2d97c558df74,2026-08-01T03:00:00Z,2026-08-01T05:00:00+0200,170.0,EUR/MWh,NL,NL,imbalance_price,Short,2026-08-06T05:38:50Z
2026-08-06T05:35:55Z,2026-08-06T07:35:55+0200,c3feb7e2-8675-4f7f-be40-2d97c558df74,2026-08-01T03:15:00Z,2026-08-01T05:15:00+0200,124.48,EUR/MWh,NL,NL,imbalance_price,Long,2026-08-06T05:38:50Z
2026-08-06T05:35:55Z,2026-08-06T07:35:55+0200,c3feb7e2-8675-4f7f-be40-2d97c558df74,2026-08-01T03:15:00Z,2026-08-01T05:15:00+0200,162.0,EUR/MWh,NL,NL,imbalance_price,Short,2026-08-06T05:38:50Z
2026-08-06T05:35:55Z,2026-08-06T07:35:55+0200,c3feb7e2-8675-4f7f-be40-2d97c558df74,2026-08-01T03:30:00Z,2026-08-01T05:30:00+0200,123.44,EUR/MWh,NL,NL,imbalance_price,Long,2026-08-06T05:38:50Z
2026-08-06T05:35:55Z,2026-08-06T07:35:55+0200,c3feb7e2-8675-4f7f-be40-2d97c558df74,2026-08-01T03:30:00Z,2026-08-01T05:30:00+0200,162.0,EUR/MWh,NL,NL,imbalance_price,Short,2026-08-06T05:38:50Z
2026-08-06T05:35:55Z,2026-08-06T07:35:55+0200,c3feb7e2-8675-4f7f-be40-2d97c558df74,2026-08-01T03:45:00Z,2026-08-01T05:45:00+0200,122.16,EUR/MWh,NL,NL,imbalance_price,Long,2026-08-06T05:38:50Z
2026-08-06T05:35:55Z,2026-08-06T07:35:55+0200,c3feb7e2-8675-4f7f-be40-2d97c558df74,2026-08-01T03:45:00Z,2026-08-01T05:45:00+0200,150.0,EUR/MWh,NL,NL,imbalance_price,Short,2026-08-06T05:38:50Z
2026-08-06T05:35:55Z,2026-08-06T07:35:55+0200,c3feb7e2-8675-4f7f-be40-2d97c558df74,2026-08-01T04:00:00Z,2026-08-01T06:00:00+0200,172.35,EUR/MWh,NL,NL,imbalance_price,Long,2026-08-06T05:38:50Z
2026-08-06T05:35:55Z,2026-08-06T07:35:55+0200,c3feb7e2-8675-4f7f-be40-2d97c558df74,2026-08-01T04:00:00Z,2026-08-01T06:00:00+0200,172.35,EUR/MWh,NL,NL,imbalance_price,Short,2026-08-06T05:38:50Z
2026-08-06T05:35:55Z,2026-08-06T07:35:55+0200,c3feb7e2-8675-4f7f-be40-2d97c558df74,2026-08-01T04:15:00Z,2026-08-01T06:15:00+0200,170.0,EUR/MWh,NL,NL,imbalance_price,Long,2026-08-06T05:38:50Z
2026-08-06T05:35:55Z,2026-08-06T07:35:55+0200,c3feb7e2-8675-4f7f-be40-2d97c558df74,2026-08-01T04:15:00Z,2026-08-01T06:15:00+0200,170.0,EUR/MWh,NL,NL,imbalance_price,Short,2026-08-06T05:38:50Z
2026-08-06T05:35:55Z,2026-08-06T07:35:55+0200,c3feb7e2-8675-4f7f-be40-2d97c558df74,2026-08-01T04:30:00Z,2026-08-01T06:30:00+0200,170.0,EUR/MWh,NL,NL,imbalance_price,Long,2026-08-06T05:38:50Z
2026-08-06T05:35:55Z,2026-08-06T07:35:55+0200,c3feb7e2-8675-4f7f-be40-2d97c558df74,2026-08-01T04:30:00Z,2026-08-01T06:30:00+0200,170.0,EUR/MWh,NL,NL,imbalance_price,Short,2026-08-06T05:38:50Z
2026-08-06T05:35:55Z,2026-08-06T07:35:55+0200,c3feb7e2-8675-4f7f-be40-2d97c558df74,2026-08-01T04:45:00Z,2026-08-01T06:45:00+0200,150.0,EUR/MWh,NL,NL,imbalance_price,Long,2026-08-06T05:38:50Z
2026-08-06T05:35:55Z,2026-08-06T07:35:55+0200,c3feb7e2-8675-4f7f-be40-2d97c558df74,2026-08-01T04:45:00Z,2026-08-01T06:45:00+0200,150.0,EUR/MWh,NL,NL,imbalance_price,Short,2026-08-06T05:38:50Z
2026-08-06T05:35:55Z,2026-08-06T07:35:55+0200,c3feb7e2-8675-4f7f-be40-2d97c558df74,2026-08-01T05:00:00Z,2026-08-01T07:00:00+0200,170.0,EUR/MWh,NL,NL,imbalance_price,Long,2026-08-06T05:38:50Z
2026-08-06T05:35:55Z,2026-08-06T07:35:55+0200,c3feb7e2-8675-4f7f-be40-2d97c558df74,2026-08-01T05:00:00Z,2026-08-01T07:00:00+0200,170.0,EUR/MWh,NL,NL,imbalance_price,Short,2026-08-06T05:38:50Z
2026-08-06T05:35:55Z,2026-08-06T07:35:55+0200,c3feb7e2-8675-4f7f-be40-2d97c558df74,2026-08-01T05:15:00Z,2026-08-01T07:15:00+0200,190.91,EUR/MWh,NL,NL,imbalance_price,Long,2026-08-06T05:38:50Z
2026-08-06T05:35:55Z,2026-08-06T07:35:55+0200,c3feb7e2-8675-4f7f-be40-2d97c558df74,2026-08-01T05:15:00Z,2026-08-01T07:15:00+0200,190.91,EUR/MWh,NL,NL,imbalance_price,Short,2026-08-06T05:38:50Z
2026-08-06T05:35:55Z,2026-08-06T07:35:55+0200,c3feb7e2-8675-4f7f-be40-2d97c558df74,2026-08-01T05:30:00Z,2026-08-01T07:30:00+0200,166.0,EUR/MWh,NL,NL,imbalance_price,Long,2026-08-06T05:38:50Z
2026-08-06T05:35:55Z,2026-08-06T07:35:55+0200,c3feb7e2-8675-4f7f-be40-2d97c558df74,2026-08-01T05:30:00Z,2026-08-01T07:30:00+0200,166.0,EUR/MWh,NL,NL,imbalance_price,Short,2026-08-06T05:38:50Z
2026-08-06T05:35:55Z,2026-08-06T07:35:55+0200,c3feb7e2-8675-4f7f-be40-2d97c558df74,2026-08-01T05:45:00Z,2026-08-01T07:45:00+0200,180.0,EUR/MWh,NL,NL,imbalance_price,Long,2026-08-06T05:38:50Z
2026-08-06T05:35:55Z,2026-08-06T07:35:55+0200,c3feb7e2-8675-4f7f-be40-2d97c558df74,2026-08-01T05:45:00Z,2026-08-01T07:45:00+0200,180.0,EUR/MWh,NL,NL,imbalance_price,Short,2026-08-06T05:38:50Z
2026-08-06T05:35:55Z,2026-08-06T07:35:55+0200,c3feb7e2-8675-4f7f-be40-2d97c558df74,2026-08-01T06:00:00Z,2026-08-01T08:00:00+0200,170.0,EUR/MWh,NL,NL,imbalance_price,Long,2026-08-06T05:38:50Z
2026-08-06T05:35:55Z,2026-08-06T07:35:55+0200,c3feb7e2-8675-4f7f-be40-2d97c558df74,2026-08-01T06:00:00Z,2026-08-01T08:00:00+0200,170.0,EUR/MWh,NL,NL,imbalance_price,Short,2026-08-06T05:38:50Z
2026-08-06T05:35:55Z,2026-08-06T07:35:55+0200,c3feb7e2-8675-4f7f-be40-2d97c558df74,2026-08-01T06:15:00Z,2026-08-01T08:15:00+0200,170.0,EUR/MWh,NL,NL,imbalance_price,Long,2026-08-06T05:38:50Z
2026-08-06T05:35:55Z,2026-08-06T07:35:55+0200,c3feb7e2-8675-4f7f-be40-2d97c558df74,2026-08-01T06:15:00Z,2026-08-01T08:15:00+0200,170.0,EUR/MWh,NL,NL,imbalance_price,Short,2026-08-06T05:38:50Z
2026-08-06T05:35:55Z,2026-08-06T07:35:55+0200,c3feb7e2-8675-4f7f-be40-2d97c558df74,2026-08-01T06:30:00Z,2026-08-01T08:30:00+0200,153.0,EUR/MWh,NL,NL,imbalance_price,Long,2026-08-06T05:38:50Z
2026-08-06T05:35:55Z,2026-08-06T07:35:55+0200,c3feb7e2-8675-4f7f-be40-2d97c558df74,2026-08-01T06:30:00Z,2026-08-01T08:30:00+0200,153.0,EUR/MWh,NL,NL,imbalance_price,Short,2026-08-06T05:38:50Z
2026-08-06T05:35:55Z,2026-08-06T07:35:55+0200,c3feb7e2-8675-4f7f-be40-2d97c558df74,2026-08-01T06:45:00Z,2026-08-01T08:45:00+0200,119.5,EUR/MWh,NL,NL,imbalance_price,Long,2026-08-06T05:38:50Z
2026-08-06T05:35:55Z,2026-08-06T07:35:55+0200,c3feb7e2-8675-4f7f-be40-2d97c558df74,2026-08-01T06:45:00Z,2026-08-01T08:45:00+0200,153.0,EUR/MWh,NL,NL,imbalance_price,Short,2026-08-06T05:38:50Z
2026-08-06T05:35:55Z,2026-08-06T07:35:55+0200,c3feb7e2-8675-4f7f-be40-2d97c558df74,2026-08-01T07:00:00Z,2026-08-01T09:00:00+0200,119.27,EUR/MWh,NL,NL,imbalance_price,Long,2026-08-06T05:38:50Z
2026-08-06T05:35:55Z,2026-08-06T07:35:55+0200,c3feb7e2-8675-4f7f-be40-2d97c558df74,2026-08-01T07:00:00Z,2026-08-01T09:00:00+0200,148.08,EUR/MWh,NL,NL,imbalance_price,Short,2026-08-06T05:38:50Z
2026-08-06T05:35:55Z,2026-08-06T07:35:55+0200,c3feb7e2-8675-4f7f-be40-2d97c558df74,2026-08-01T07:15:00Z,2026-08-01T09:15:00+0200,50.0,EUR/MWh,NL,NL,imbalance_price,Long,2026-08-06T05:38:50Z
2026-08-06T05:35:55Z,2026-08-06T07:35:55+0200,c3feb7e2-8675-4f7f-be40-2d97c558df74,2026-08-01T07:15:00Z,2026-08-01T09:15:00+0200,150.0,EUR/MWh,NL,NL,imbalance_price,Short,2026-08-06T05:38:50Z
2026-08-06T05:35:55Z,2026-08-06T07:35:55+0200,c3feb7e2-8675-4f7f-be40-2d97c558df74,2026-08-01T07:30:00Z,2026-08-01T09:30:00+0200,87.74,EUR/MWh,NL,NL,imbalance_price,Long,2026-08-06T05:38:50Z
2026-08-06T05:35:55Z,2026-08-06T07:35:55+0200,c3feb7e2-8675-4f7f-be40-2d97c558df74,2026-08-01T07:30:00Z,2026-08-01T09:30:00+0200,87.74,EUR/MWh,NL,NL,imbalance_price,Short,2026-08-06T05:38:50Z
2026-08-06T05:35:55Z,2026-08-06T07:35:55+0200,c3feb7e2-8675-4f7f-be40-2d97c558df74,2026-08-01T07:45:00Z,2026-08-01T09:45:00+0200,98.0,EUR/MWh,NL,NL,imbalance_price,Long,2026-08-06T05:38:50Z
2026-08-06T05:35:55Z,2026-08-06T07:35:55+0200,c3feb7e2-8675-4f7f-be40-2d97c558df74,2026-08-01T07:45:00Z,2026-08-01T09:45:00+0200,98.0,EUR/MWh,NL,NL,imbalance_price,Short,2026-08-06T05:38:50Z
2026-08-06T05:35:55Z,2026-08-06T07:35:55+0200,c3feb7e2-8675-4f7f-be40-2d97c558df74,2026-08-01T08:00:00Z,2026-08-01T10:00:00+0200,90.59,EUR/MWh,NL,NL,imbalance_price,Long,2026-08-06T05:38:50Z
2026-08-06T05:35:55Z,2026-08-06T07:35:55+0200,c3feb7e2-8675-4f7f-be40-2d97c558df74,2026-08-01T08:00:00Z,2026-08-01T10:00:00+0200,150.0,EUR/MWh,NL,NL,imbalance_price,Short,2026-08-06T05:38:50Z
2026-08-06T05:35:55Z,2026-08-06T07:35:55+0200,c3feb7e2-8675-4f7f-be40-2d97c558df74,2026-08-01T08:15:00Z,2026-08-01T10:15:00+0200,88.79,EUR/MWh,NL,NL,imbalance_price,Long,2026-08-06T05:38:50Z
2026-08-06T05:35:55Z,2026-08-06T07:35:55+0200,c3feb7e2-8675-4f7f-be40-2d97c558df74,2026-08-01T08:15:00Z,2026-08-01T10:15:00+0200,151.33,EUR/MWh,NL,NL,imbalance_price,Short,2026-08-06T05:38:50Z
2026-08-06T05:35:55Z,2026-08-06T07:35:55+0200,c3feb7e2-8675-4f7f-be40-2d97c558df74,2026-08-01T08:30:00Z,2026-08-01T10:30:00+0200,83.05,EUR/MWh,NL,NL,imbalance_price,Long,2026-08-06T05:38:50Z
2026-08-06T05:35:55Z,2026-08-06T07:35:55+0200,c3feb7e2-8675-4f7f-be40-2d97c558df74,2026-08-01T08:30:00Z,2026-08-01T10:30:00+0200,100.81,EUR/MWh,NL,NL,imbalance_price,Short,2026-08-06T05:38:50Z
2026-08-06T05:35:55Z,2026-08-06T07:35:55+0200,c3feb7e2-8675-4f7f-be40-2d97c558df74,2026-08-01T08:45:00Z,2026-08-01T10:45:00+0200,50.0,EUR/MWh,NL,NL,imbalance_price,Long,2026-08-06T05:38:50Z
2026-08-06T05:35:55Z,2026-08-06T07:35:55+0200,c3feb7e2-8675-4f7f-be40-2d97c558df74,2026-08-01T08:45:00Z,2026-08-01T10:45:00+0200,90.81,EUR/MWh,NL,NL,imbalance_price,Short,2026-08-06T05:38:50Z
2026-08-06T05:35:55Z,2026-08-06T07:35:55+0200,c3feb7e2-8675-4f7f-be40-2d97c558df74,2026-08-01T09:00:00Z,2026-08-01T11:00:00+0200,90.0,EUR/MWh,NL,NL,imbalance_price,Long,2026-08-06T05:38:50Z
2026-08-06T05:35:55Z,2026-08-06T07:35:55+0200,c3feb7e2-8675-4f7f-be40-2d97c558df74,2026-08-01T09:00:00Z,2026-08-01T11:00:00+0200,100.26,EUR/MWh,NL,NL,imbalance_price,Short,2026-08-06T05:38:50Z
2026-08-06T05:35:55Z,2026-08-06T07:35:55+0200,c3feb7e2-8675-4f7f-be40-2d97c558df74,2026-08-01T09:15:00Z,2026-08-01T11:15:00+0200,-1.5,EUR/MWh,NL,NL,imbalance_price,Long,2026-08-06T05:38:50Z
2026-08-06T05:35:55Z,2026-08-06T07:35:55+0200,c3feb7e2-8675-4f7f-be40-2d97c558df74,2026-08-01T09:15:00Z,2026-08-01T11:15:00+0200,-1.5,EUR/MWh,NL,NL,imbalance_price,Short,2026-08-06T05:38:50Z
2026-08-06T05:35:55Z,2026-08-06T07:35:55+0200,c3feb7e2-8675-4f7f-be40-2d97c558df74,2026-08-01T09:30:00Z,2026-08-01T11:30:00+0200,12.0,EUR/MWh,NL,NL,imbalance_price,Long,2026-08-06T05:38:50Z
2026-08-06T05:35:55Z,2026-08-06T07:35:55+0200,c3feb7e2-8675-4f7f-be40-2d97c558df74,2026-08-01T09:30:00Z,2026-08-01T11:30:00+0200,12.0,EUR/MWh,NL,NL,imbalance_price,Short,2026-08-06T05:38:50Z
2026-08-06T05:35:55Z,2026-08-06T07:35:55+0200,c3feb7e2-8675-4f7f-be40-2d97c558df74,2026-08-01T09:45:00Z,2026-08-01T11:45:00+0200,10.0,EUR/MWh,NL,NL,imbalance_price,Long,2026-08-06T05:38:50Z
2026-08-06T05:35:55Z,2026-08-06T07:35:55+0200,c3feb7e2-8675-4f7f-be40-2d97c558df74,2026-08-01T09:45:00Z,2026-08-01T11:45:00+0200,10.0,EUR/MWh,NL,NL,imbalance_price,Short,2026-08-06T05:38:50Z
2026-08-06T05:35:55Z,2026-08-06T07:35:55+0200,c3feb7e2-8675-4f7f-be40-2d97c558df74,2026-08-01T10:00:00Z,2026-08-01T12:00:00+0200,18.72,EUR/MWh,NL,NL,imbalance_price,Long,2026-08-06T05:38:50Z
2026-08-06T05:35:55Z,2026-08-06T07:35:55+0200,c3feb7e2-8675-4f7f-be40-2d97c558df74,2026-08-01T10:00:00Z,2026-08-01T12:00:00+0200,18.72,EUR/MWh,NL,NL,imbalance_price,Short,2026-08-06T05:38:50Z
2026-08-06T05:35:55Z,2026-08-06T07:35:55+0200,c3feb7e2-8675-4f7f-be40-2d97c558df74,2026-08-01T10:15:00Z,2026-08-01T12:15:00+0200,12.0,EUR/MWh,NL,NL,imbalance_price,Long,2026-08-06T05:38:50Z
2026-08-06T05:35:55Z,2026-08-06T07:35:55+0200,c3feb7e2-8675-4f7f-be40-2d97c558df74,2026-08-01T10:15:00Z,2026-08-01T12:15:00+0200,12.0,EUR/MWh,NL,NL,imbalance_price,Short,2026-08-06T05:38:50Z
2026-08-06T05:35:55Z,2026-08-06T07:35:55+0200,c3feb7e2-8675-4f7f-be40-2d97c558df74,2026-08-01T10:30:00Z,2026-08-01T12:30:00+0200,-4.0,EUR/MWh,NL,NL,imbalance_price,Long,2026-08-06T05:38:50Z
2026-08-06T05:35:55Z,2026-08-06T07:35:55+0200,c3feb7e2-8675-4f7f-be40-2d97c558df74,2026-08-01T10:30:00Z,2026-08-01T12:30:00+0200,-4.0,EUR/MWh,NL,NL,imbalance_price,Short,2026-08-06T05:38:50Z
2026-08-06T05:35:55Z,2026-08-06T07:35:55+0200,c3feb7e2-8675-4f7f-be40-2d97c558df74,2026-08-01T10:45:00Z,2026-08-01T12:45:00+0200,-1.5,EUR/MWh,NL,NL,imbalance_price,Long,2026-08-06T05:38:50Z
2026-08-06T05:35:55Z,2026-08-06T07:35:55+0200,c3feb7e2-8675-4f7f-be40-2d97c558df74,2026-08-01T10:45:00Z,2026-08-01T12:45:00+0200,-1.5,EUR/MWh,NL,NL,imbalance_price,Short,2026-08-06T05:38:50Z
2026-08-06T05:35:55Z,2026-08-06T07:35:55+0200,c3feb7e2-8675-4f7f-be40-2d97c558df74,2026-08-01T11:00:00Z,2026-08-01T13:00:00+0200,77.5,EUR/MWh,NL,NL,imbalance_price,Long,2026-08-06T05:38:50Z
2026-08-06T05:35:55Z,2026-08-06T07:35:55+0200,c3feb7e2-8675-4f7f-be40-2d97c558df74,2026-08-01T11:00:00Z,2026-08-01T13:00:00+0200,77.5,EUR/MWh,NL,NL,imbalance_price,Short,2026-08-06T05:38:50Z
2026-08-06T05:35:55Z,2026-08-06T07:35:55+0200,c3feb7e2-8675-4f7f-be40-2d97c558df74,2026-08-01T11:15:00Z,2026-08-01T13:15:00+0200,-4.0,EUR/MWh,NL,NL,imbalance_price,Long,2026-08-06T05:38:50Z
2026-08-06T05:35:55Z,2026-08-06T07:35:55+0200,c3feb7e2-8675-4f7f-be40-2d97c558df74,2026-08-01T11:15:00Z,2026-08-01T13:15:00+0200,80.0,EUR/MWh,NL,NL,imbalance_price,Short,2026-08-06T05:38:50Z
2026-08-06T05:35:55Z,2026-08-06T07:35:55+0200,c3feb7e2-8675-4f7f-be40-2d97c558df74,2026-08-01T11:30:00Z,2026-08-01T13:30:00+0200,-1.5,EUR/MWh,NL,NL,imbalance_price,Long,2026-08-06T05:38:50Z
2026-08-06T05:35:55Z,2026-08-06T07:35:55+0200,c3feb7e2-8675-4f7f-be40-2d97c558df74,2026-08-01T11:30:00Z,2026-08-01T13:30:00+0200,-1.5,EUR/MWh,NL,NL,imbalance_price,Short,2026-08-06T05:38:50Z
2026-08-06T05:35:55Z,2026-08-06T07:35:55+0200,c3feb7e2-8675-4f7f-be40-2d97c558df74,2026-08-01T11:45:00Z,2026-08-01T13:45:00+0200,-13.0,EUR/MWh,NL,NL,imbalance_price,Long,2026-08-06T05:38:50Z
2026-08-06T05:35:55Z,2026-08-06T07:35:55+0200,c3feb7e2-8675-4f7f-be40-2d97c558df74,2026-08-01T11:45:00Z,2026-08-01T13:45:00+0200,-13.0,EUR/MWh,NL,NL,imbalance_price,Short,2026-08-06T05:38:50Z
2026-08-06T05:35:55Z,2026-08-06T07:35:55+0200,c3feb7e2-8675-4f7f-be40-2d97c558df74,2026-08-01T12:00:00Z,2026-08-01T14:00:00+0200,-10.0,EUR/MWh,NL,NL,imbalance_price,Long,2026-08-06T05:38:50Z
2026-08-06T05:35:55Z,2026-08-06T07:35:55+0200,c3feb7e2-8675-4f7f-be40-2d97c558df74,2026-08-01T12:00:00Z,2026-08-01T14:00:00+0200,-10.0,EUR/MWh,NL,NL,imbalance_price,Short,2026-08-06T05:38:50Z
2026-08-06T05:35:55Z,2026-08-06T07:35:55+0200,c3feb7e2-8675-4f7f-be40-2d97c558df74,2026-08-01T12:15:00Z,2026-08-01T14:15:00+0200,12.0,EUR/MWh,NL,NL,imbalance_price,Long,2026-08-06T05:38:50Z
2026-08-06T05:35:55Z,2026-08-06T07:35:55+0200,c3feb7e2-8675-4f7f-be40-2d97c558df74,2026-08-01T12:15:00Z,2026-08-01T14:15:00+0200,12.0,EUR/MWh,NL,NL,imbalance_price,Short,2026-08-06T05:38:50Z
2026-08-06T05:35:55Z,2026-08-06T07:35:55+0200,c3feb7e2-8675-4f7f-be40-2d97c558df74,2026-08-01T12:30:00Z,2026-08-01T14:30:00+0200,-4.0,EUR/MWh,NL,NL,imbalance_price,Long,2026-08-06T05:38:50Z
2026-08-06T05:35:55Z,2026-08-06T07:35:55+0200,c3feb7e2-8675-4f7f-be40-2d97c558df74,2026-08-01T12:30:00Z,2026-08-01T14:30:00+0200,-4.0,EUR/MWh,NL,NL,imbalance_price,Short,2026-08-06T05:38:50Z
2026-08-06T05:35:55Z,2026-08-06T07:35:55+0200,c3feb7e2-8675-4f7f-be40-2d97c558df74,2026-08-01T12:45:00Z,2026-08-01T14:45:00+0200,-10.0,EUR/MWh,NL,NL,imbalance_price,Long,2026-08-06T05:38:50Z
2026-08-06T05:35:55Z,2026-08-06T07:35:55+0200,c3feb7e2-8675-4f7f-be40-2d97c558df74,2026-08-01T12:45:00Z,2026-08-01T14:45:00+0200,-10.0,EUR/MWh,NL,NL,imbalance_price,Short,2026-08-06T05:38:50Z
2026-08-06T05:35:55Z,2026-08-06T07:35:55+0200,c3feb7e2-8675-4f7f-be40-2d97c558df74,2026-08-01T13:00:00Z,2026-08-01T15:00:00+0200,-10.0,EUR/MWh,NL,NL,imbalance_price,Long,2026-08-06T05:38:50Z
2026-08-06T05:35:55Z,2026-08-06T07:35:55+0200,c3feb7e2-8675-4f7f-be40-2d97c558df74,2026-08-01T13:00:00Z,2026-08-01T15:00:00+0200,70.86,EUR/MWh,NL,NL,imbalance_price,Short,2026-08-06T05:38:50Z
2026-08-06T05:35:55Z,2026-08-06T07:35:55+0200,c3feb7e2-8675-4f7f-be40-2d97c558df74,2026-08-01T13:15:00Z,2026-08-01T15:15:00+0200,72.5,EUR/MWh,NL,NL,imbalance_price,Long,2026-08-06T05:38:50Z
2026-08-06T05:35:55Z,2026-08-06T07:35:55+0200,c3feb7e2-8675-4f7f-be40-2d97c558df74,2026-08-01T13:15:00Z,2026-08-01T15:15:00+0200,72.5,EUR/MWh,NL,NL,imbalance_price,Short,2026-08-06T05:38:50Z
2026-08-06T05:35:55Z,2026-08-06T07:35:55+0200,c3feb7e2-8675-4f7f-be40-2d97c558df74,2026-08-01T13:30:00Z,2026-08-01T15:30:00+0200,138.29,EUR/MWh,NL,NL,imbalance_price,Long,2026-08-06T05:38:50Z
2026-08-06T05:35:55Z,2026-08-06T07:35:55+0200,c3feb7e2-8675-4f7f-be40-2d97c558df74,2026-08-01T13:30:00Z,2026-08-01T15:30:00+0200,138.29,EUR/MWh,NL,NL,imbalance_price,Short,2026-08-06T05:38:50Z
2026-08-06T05:35:55Z,2026-08-06T07:35:55+0200,c3feb7e2-8675-4f7f-be40-2d97c558df74,2026-08-01T13:45:00Z,2026-08-01T15:45:00+0200,12.0,EUR/MWh,NL,NL,imbalance_price,Long,2026-08-06T05:38:50Z
2026-08-06T05:35:55Z,2026-08-06T07:35:55+0200,c3feb7e2-8675-4f7f-be40-2d97c558df74,2026-08-01T13:45:00Z,2026-08-01T15:45:00+0200,130.99,EUR/MWh,NL,NL,imbalance_price,Short,2026-08-06T05:38:50Z
2026-08-06T05:35:55Z,2026-08-06T07:35:55+0200,c3feb7e2-8675-4f7f-be40-2d97c558df74,2026-08-01T14:00:00Z,2026-08-01T16:00:00+0200,74.36,EUR/MWh,NL,NL,imbalance_price,Long,2026-08-06T05:38:50Z
2026-08-06T05:35:55Z,2026-08-06T07:35:55+0200,c3feb7e2-8675-4f7f-be40-2d97c558df74,2026-08-01T14:00:00Z,2026-08-01T16:00:00+0200,116.25,EUR/MWh,NL,NL,imbalance_price,Short,2026-08-06T05:38:50Z
2026-08-06T05:35:55Z,2026-08-06T07:35:55+0200,c3feb7e2-8675-4f7f-be40-2d97c558df74,2026-08-01T14:15:00Z,2026-08-01T16:15:00+0200,50.0,EUR/MWh,NL,NL,imbalance_price,Long,2026-08-06T05:38:50Z
2026-08-06T05:35:55Z,2026-08-06T07:35:55+0200,c3feb7e2-8675-4f7f-be40-2d97c558df74,2026-08-01T14:15:00Z,2026-08-01T16:15:00+0200,116.0,EUR/MWh,NL,NL,imbalance_price,Short,2026-08-06T05:38:50Z
2026-08-06T05:35:55Z,2026-08-06T07:35:55+0200,c3feb7e2-8675-4f7f-be40-2d97c558df74,2026-08-01T14:30:00Z,2026-08-01T16:30:00+0200,150.0,EUR/MWh,NL,NL,imbalance_price,Long,2026-08-06T05:38:50Z
2026-08-06T05:35:55Z,2026-08-06T07:35:55+0200,c3feb7e2-8675-4f7f-be40-2d97c558df74,2026-08-01T14:30:00Z,2026-08-01T16:30:00+0200,150.0,EUR/MWh,NL,NL,imbalance_price,Short,2026-08-06T05:38:50Z
2026-08-06T05:35:55Z,2026-08-06T07:35:55+0200,c3feb7e2-8675-4f7f-be40-2d97c558df74,2026-08-01T14:45:00Z,2026-08-01T16:45:00+0200,150.0,EUR/MWh,NL,NL,imbalance_price,Long,2026-08-06T05:38:50Z
2026-08-06T05:35:55Z,2026-08-06T07:35:55+0200,c3feb7e2-8675-4f7f-be40-2d97c558df74,2026-08-01T14:45:00Z,2026-08-01T16:45:00+0200,150.0,EUR/MWh,NL,NL,imbalance_price,Short,2026-08-06T05:38:50Z
2026-08-06T05:35:55Z,2026-08-06T07:35:55+0200,c3feb7e2-8675-4f7f-be40-2d97c558df74,2026-08-01T15:00:00Z,2026-08-01T17:00:00+0200,50.0,EUR/MWh,NL,NL,imbalance_price,Long,2026-08-06T05:38:50Z
2026-08-06T05:35:55Z,2026-08-06T07:35:55+0200,c3feb7e2-8675-4f7f-be40-2d97c558df74,2026-08-01T15:00:00Z,2026-08-01T17:00:00+0200,121.76,EUR/MWh,NL,NL,imbalance_price,Short,2026-08-06T05:38:50Z
2026-08-06T05:35:55Z,2026-08-06T07:35:55+0200,c3feb7e2-8675-4f7f-be40-2d97c558df74,2026-08-01T15:15:00Z,2026-08-01T17:15:00+0200,50.0,EUR/MWh,NL,NL,imbalance_price,Long,2026-08-06T05:38:50Z
2026-08-06T05:35:55Z,2026-08-06T07:35:55+0200,c3feb7e2-8675-4f7f-be40-2d97c558df74,2026-08-01T15:15:00Z,2026-08-01T17:15:00+0200,139.83,EUR/MWh,NL,NL,imbalance_price,Short,2026-08-06T05:38:50Z
2026-08-06T05:35:55Z,2026-08-06T07:35:55+0200,c3feb7e2-8675-4f7f-be40-2d97c558df74,2026-08-01T15:30:00Z,2026-08-01T17:30:00+0200,50.0,EUR/MWh,NL,NL,imbalance_price,Long,2026-08-06T05:38:50Z
2026-08-06T05:35:55Z,2026-08-06T07:35:55+0200,c3feb7e2-8675-4f7f-be40-2d97c558df74,2026-08-01T15:30:00Z,2026-08-01T17:30:00+0200,150.0,EUR/MWh,NL,NL,imbalance_price,Short,2026-08-06T05:38:50Z
2026-08-06T05:35:55Z,2026-08-06T07:35:55+0200,c3feb7e2-8675-4f7f-be40-2d97c558df74,2026-08-01T15:45:00Z,2026-08-01T17:45:00+0200,50.0,EUR/MWh,NL,NL,imbalance_price,Long,2026-08-06T05:38:50Z
2026-08-06T05:35:55Z,2026-08-06T07:35:55+0200,c3feb7e2-8675-4f7f-be40-2d97c558df74,2026-08-01T15:45:00Z,2026-08-01T17:45:00+0200,140.0,EUR/MWh,NL,NL,imbalance_price,Short,2026-08-06T05:38:50Z
2026-08-06T05:35:55Z,2026-08-06T07:35:55+0200,c3feb7e2-8675-4f7f-be40-2d97c558df74,2026-08-01T16:00:00Z,2026-08-01T18:00:00+0200,111.0,EUR/MWh,NL,NL,imbalance_price,Long,2026-08-06T05:38:50Z
2026-08-06T05:35:55Z,2026-08-06T07:35:55+0200,c3feb7e2-8675-4f7f-be40-2d97c558df74,2026-08-01T16:00:00Z,2026-08-01T18:00:00+0200,133.66,EUR/MWh,NL,NL,imbalance_price,Short,2026-08-06T05:38:50Z
2026-08-06T05:35:55Z,2026-08-06T07:35:55+0200,c3feb7e2-8675-4f7f-be40-2d97c558df74,2026-08-01T16:15:00Z,2026-08-01T18:15:00+0200,111.0,EUR/MWh,NL,NL,imbalance_price,Long,2026-08-06T05:38:50Z
2026-08-06T05:35:55Z,2026-08-06T07:35:55+0200,c3feb7e2-8675-4f7f-be40-2d97c558df74,2026-08-01T16:15:00Z,2026-08-01T18:15:00+0200,166.0,EUR/MWh,NL,NL,imbalance_price,Short,2026-08-06T05:38:50Z
2026-08-06T05:35:55Z,2026-08-06T07:35:55+0200,c3feb7e2-8675-4f7f-be40-2d97c558df74,2026-08-01T16:30:00Z,2026-08-01T18:30:00+0200,170.0,EUR/MWh,NL,NL,imbalance_price,Long,2026-08-06T05:38:50Z
2026-08-06T05:35:55Z,2026-08-06T07:35:55+0200,c3feb7e2-8675-4f7f-be40-2d97c558df74,2026-08-01T16:30:00Z,2026-08-01T18:30:00+0200,170.0,EUR/MWh,NL,NL,imbalance_price,Short,2026-08-06T05:38:50Z
2026-08-06T05:35:55Z,2026-08-06T07:35:55+0200,c3feb7e2-8675-4f7f-be40-2d97c558df74,2026-08-01T16:45:00Z,2026-08-01T18:45:00+0200,183.55,EUR/MWh,NL,NL,imbalance_price,Long,2026-08-06T05:38:50Z
2026-08-06T05:35:55Z,2026-08-06T07:35:55+0200,c3feb7e2-8675-4f7f-be40-2d97c558df74,2026-08-01T16:45:00Z,2026-08-01T18:45:00+0200,183.55,EUR/MWh,NL,NL,imbalance_price,Short,2026-08-06T05:38:50Z
2026-08-06T05:35:55Z,2026-08-06T07:35:55+0200,c3feb7e2-8675-4f7f-be40-2d97c558df74,2026-08-01T17:00:00Z,2026-08-01T19:00:00+0200,218.0,EUR/MWh,NL,NL,imbalance_price,Long,2026-08-06T05:38:50Z
2026-08-06T05:35:55Z,2026-08-06T07:35:55+0200,c3feb7e2-8675-4f7f-be40-2d97c558df74,2026-08-01T17:00:00Z,2026-08-01T19:00:00+0200,218.0,EUR/MWh,NL,NL,imbalance_price,Short,2026-08-06T05:38:50Z
2026-08-06T05:35:55Z,2026-08-06T07:35:55+0200,c3feb7e2-8675-4f7f-be40-2d97c558df74,2026-08-01T17:15:00Z,2026-08-01T19:15:00+0200,207.49,EUR/MWh,NL,NL,imbalance_price,Long,2026-08-06T05:38:50Z
2026-08-06T05:35:55Z,2026-08-06T07:35:55+0200,c3feb7e2-8675-4f7f-be40-2d97c558df74,2026-08-01T17:15:00Z,2026-08-01T19:15:00+0200,207.49,EUR/MWh,NL,NL,imbalance_price,Short,2026-08-06T05:38:50Z
2026-08-06T05:35:55Z,2026-08-06T07:35:55+0200,c3feb7e2-8675-4f7f-be40-2d97c558df74,2026-08-01T17:30:00Z,2026-08-01T19:30:00+0200,244.43,EUR/MWh,NL,NL,imbalance_price,Long,2026-08-06T05:38:50Z
2026-08-06T05:35:55Z,2026-08-06T07:35:55+0200,c3feb7e2-8675-4f7f-be40-2d97c558df74,2026-08-01T17:30:00Z,2026-08-01T19:30:00+0200,244.43,EUR/MWh,NL,NL,imbalance_price,Short,2026-08-06T05:38:50Z
2026-08-06T05:35:55Z,2026-08-06T07:35:55+0200,c3feb7e2-8675-4f7f-be40-2d97c558df74,2026-08-01T17:45:00Z,2026-08-01T19:45:00+0200,170.0,EUR/MWh,NL,NL,imbalance_price,Long,2026-08-06T05:38:50Z
2026-08-06T05:35:55Z,2026-08-06T07:35:55+0200,c3feb7e2-8675-4f7f-be40-2d97c558df74,2026-08-01T17:45:00Z,2026-08-01T19:45:00+0200,170.0,EUR/MWh,NL,NL,imbalance_price,Short,2026-08-06T05:38:50Z
2026-08-06T05:35:55Z,2026-08-06T07:35:55+0200,c3feb7e2-8675-4f7f-be40-2d97c558df74,2026-08-01T18:00:00Z,2026-08-01T20:00:00+0200,170.0,EUR/MWh,NL,NL,imbalance_price,Long,2026-08-06T05:38:50Z
2026-08-06T05:35:55Z,2026-08-06T07:35:55+0200,c3feb7e2-8675-4f7f-be40-2d97c558df74,2026-08-01T18:00:00Z,2026-08-01T20:00:00+0200,170.0,EUR/MWh,NL,NL,imbalance_price,Short,2026-08-06T05:38:50Z
2026-08-06T05:35:55Z,2026-08-06T07:35:55+0200,c3feb7e2-8675-4f7f-be40-2d97c558df74,2026-08-01T18:15:00Z,2026-08-01T20:15:00+0200,190.0,EUR/MWh,NL,NL,imbalance_price,Long,2026-08-06T05:38:50Z
2026-08-06T05:35:55Z,2026-08-06T07:35:55+0200,c3feb7e2-8675-4f7f-be40-2d97c558df74,2026-08-01T18:15:00Z,2026-08-01T20:15:00+0200,190.0,EUR/MWh,NL,NL,imbalance_price,Short,2026-08-06T05:38:50Z
2026-08-06T05:35:55Z,2026-08-06T07:35:55+0200,c3feb7e2-8675-4f7f-be40-2d97c558df74,2026-08-01T18:30:00Z,2026-08-01T20:30:00+0200,195.0,EUR/MWh,NL,NL,imbalance_price,Long,2026-08-06T05:38:50Z
2026-08-06T05:35:55Z,2026-08-06T07:35:55+0200,c3feb7e2-8675-4f7f-be40-2d97c558df74,2026-08-01T18:30:00Z,2026-08-01T20:30:00+0200,195.0,EUR/MWh,NL,NL,imbalance_price,Short,2026-08-06T05:38:50Z
2026-08-06T05:35:55Z,2026-08-06T07:35:55+0200,c3feb7e2-8675-4f7f-be40-2d97c558df74,2026-08-01T18:45:00Z,2026-08-01T20:45:00+0200,222.36,EUR/MWh,NL,NL,imbalance_price,Long,2026-08-06T05:38:50Z
2026-08-06T05:35:55Z,2026-08-06T07:35:55+0200,c3feb7e2-8675-4f7f-be40-2d97c558df74,2026-08-01T18:45:00Z,2026-08-01T20:45:00+0200,222.36,EUR/MWh,NL,NL,imbalance_price,Short,2026-08-06T05:38:50Z
2026-08-06T05:35:55Z,2026-08-06T07:35:55+0200,c3feb7e2-8675-4f7f-be40-2d97c558df74,2026-08-01T19:00:00Z,2026-08-01T21:00:00+0200,255.0,EUR/MWh,NL,NL,imbalance_price,Long,2026-08-06T05:38:50Z
2026-08-06T05:35:55Z,2026-08-06T07:35:55+0200,c3feb7e2-8675-4f7f-be40-2d97c558df74,2026-08-01T19:00:00Z,2026-08-01T21:00:00+0200,255.0,EUR/MWh,NL,NL,imbalance_price,Short,2026-08-06T05:38:50Z
2026-08-06T05:35:55Z,2026-08-06T07:35:55+0200,c3feb7e2-8675-4f7f-be40-2d97c558df74,2026-08-01T19:15:00Z,2026-08-01T21:15:00+0200,200.0,EUR/MWh,NL,NL,imbalance_price,Long,2026-08-06T05:38:50Z
2026-08-06T05:35:55Z,2026-08-06T07:35:55+0200,c3feb7e2-8675-4f7f-be40-2d97c558df74,2026-08-01T19:15:00Z,2026-08-01T21:15:00+0200,200.0,EUR/MWh,NL,NL,imbalance_price,Short,2026-08-06T05:38:50Z
2026-08-06T05:35:55Z,2026-08-06T07:35:55+0200,c3feb7e2-8675-4f7f-be40-2d97c558df74,2026-08-01T19:30:00Z,2026-08-01T21:30:00+0200,170.0,EUR/MWh,NL,NL,imbalance_price,Long,2026-08-06T05:38:50Z
2026-08-06T05:35:55Z,2026-08-06T07:35:55+0200,c3feb7e2-8675-4f7f-be40-2d97c558df74,2026-08-01T19:30:00Z,2026-08-01T21:30:00+0200,170.0,EUR/MWh,NL,NL,imbalance_price,Short,2026-08-06T05:38:50Z
2026-08-06T05:35:55Z,2026-08-06T07:35:55+0200,c3feb7e2-8675-4f7f-be40-2d97c558df74,2026-08-01T19:45:00Z,2026-08-01T21:45:00+0200,200.0,EUR/MWh,NL,NL,imbalance_price,Long,2026-08-06T05:38:50Z
2026-08-06T05:35:55Z,2026-08-06T07:35:55+0200,c3feb7e2-8675-4f7f-be40-2d97c558df74,2026-08-01T19:45:00Z,2026-08-01T21:45:00+0200,200.0,EUR/MWh,NL,NL,imbalance_price,Short,2026-08-06T05:38:50Z
2026-08-06T05:35:55Z,2026-08-06T07:35:55+0200,c3feb7e2-8675-4f7f-be40-2d97c558df74,2026-08-01T20:00:00Z,2026-08-01T22:00:00+0200,134.93,EUR/MWh,NL,NL,imbalance_price,Long,2026-08-06T05:38:50Z
2026-08-06T05:35:55Z,2026-08-06T07:35:55+0200,c3feb7e2-8675-4f7f-be40-2d97c558df74,2026-08-01T20:00:00Z,2026-08-01T22:00:00+0200,170.0,EUR/MWh,NL,NL,imbalance_price,Short,2026-08-06T05:38:50Z
2026-08-06T05:35:55Z,2026-08-06T07:35:55+0200,c3feb7e2-8675-4f7f-be40-2d97c558df74,2026-08-01T20:15:00Z,2026-08-01T22:15:00+0200,162.0,EUR/MWh,NL,NL,imbalance_price,Long,2026-08-06T05:38:50Z
2026-08-06T05:35:55Z,2026-08-06T07:35:55+0200,c3feb7e2-8675-4f7f-be40-2d97c558df74,2026-08-01T20:15:00Z,2026-08-01T22:15:00+0200,162.0,EUR/MWh,NL,NL,imbalance_price,Short,2026-08-06T05:38:50Z
2026-08-06T05:35:55Z,2026-08-06T07:35:55+0200,c3feb7e2-8675-4f7f-be40-2d97c558df74,2026-08-01T20:30:00Z,2026-08-01T22:30:00+0200,128.72,EUR/MWh,NL,NL,imbalance_price,Long,2026-08-06T05:38:50Z
2026-08-06T05:35:55Z,2026-08-06T07:35:55+0200,c3feb7e2-8675-4f7f-be40-2d97c558df74,2026-08-01T20:30:00Z,2026-08-01T22:30:00+0200,150.0,EUR/MWh,NL,NL,imbalance_price,Short,2026-08-06T05:38:50Z
2026-08-06T05:35:55Z,2026-08-06T07:35:55+0200,c3feb7e2-8675-4f7f-be40-2d97c558df74,2026-08-01T20:45:00Z,2026-08-01T22:45:00+0200,128.72,EUR/MWh,NL,NL,imbalance_price,Long,2026-08-06T05:38:50Z
2026-08-06T05:35:55Z,2026-08-06T07:35:55+0200,c3feb7e2-8675-4f7f-be40-2d97c558df74,2026-08-01T20:45:00Z,2026-08-01T22:45:00+0200,150.0,EUR/MWh,NL,NL,imbalance_price,Short,2026-08-06T05:38:50Z
2026-08-06T05:35:55Z,2026-08-06T07:35:55+0200,c3feb7e2-8675-4f7f-be40-2d97c558df74,2026-08-01T21:00:00Z,2026-08-01T23:00:00+0200,150.0,EUR/MWh,NL,NL,imbalance_price,Long,2026-08-06T05:38:50Z
2026-08-06T05:35:55Z,2026-08-06T07:35:55+0200,c3feb7e2-8675-4f7f-be40-2d97c558df74,2026-08-01T21:00:00Z,2026-08-01T23:00:00+0200,150.0,EUR/MWh,NL,NL,imbalance_price,Short,2026-08-06T05:38:50Z
2026-08-06T05:35:55Z,2026-08-06T07:35:55+0200,c3feb7e2-8675-4f7f-be40-2d97c558df74,2026-08-01T21:15:00Z,2026-08-01T23:15:00+0200,162.0,EUR/MWh,NL,NL,imbalance_price,Long,2026-08-06T05:38:50Z
2026-08-06T05:35:55Z,2026-08-06T07:35:55+0200,c3feb7e2-8675-4f7f-be40-2d97c558df74,2026-08-01T21:15:00Z,2026-08-01T23:15:00+0200,162.0,EUR/MWh,NL,NL,imbalance_price,Short,2026-08-06T05:38:50Z
2026-08-06T05:35:55Z,2026-08-06T07:35:55+0200,c3feb7e2-8675-4f7f-be40-2d97c558df74,2026-08-01T21:30:00Z,2026-08-01T23:30:00+0200,130.77,EUR/MWh,NL,NL,imbalance_price,Long,2026-08-06T05:38:50Z
2026-08-06T05:35:55Z,2026-08-06T07:35:55+0200,c3feb7e2-8675-4f7f-be40-2d97c558df74,2026-08-01T21:30:00Z,2026-08-01T23:30:00+0200,153.0,EUR/MWh,NL,NL,imbalance_price,Short,2026-08-06T05:38:50Z
2026-08-06T05:35:55Z,2026-08-06T07:35:55+0200,c3feb7e2-8675-4f7f-be40-2d97c558df74,2026-08-01T21:45:00Z,2026-08-01T23:45:00+0200,117.0,EUR/MWh,NL,NL,imbalance_price,Long,2026-08-06T05:38:50Z
2026-08-06T05:35:55Z,2026-08-06T07:35:55+0200,c3feb7e2-8675-4f7f-be40-2d97c558df74,2026-08-01T21:45:00Z,2026-08-01T23:45:00+0200,138.5,EUR/MWh,NL,NL,imbalance_price,Short,2026-08-06T05:38:50Z
2026-08-06T05:35:55Z,2026-08-06T07:35:55+0200,c3feb7e2-8675-4f7f-be40-2d97c558df74,2026-08-01T22:00:00Z,2026-08-02T00:00:00+0200,125.23,EUR/MWh,NL,NL,imbalance_price,Long,2026-08-06T05:38:50Z
2026-08-06T05:35:55Z,2026-08-06T07:35:55+0200,c3feb7e2-8675-4f7f-be40-2d97c558df74,2026-08-01T22:00:00Z,2026-08-02T00:00:00+0200,125.23,EUR/MWh,NL,NL,imbalance_price,Short,2026-08-06T05:38:50Z
2026-08-06T05:35:55Z,2026-08-06T07:35:55+0200,c3feb7e2-8675-4f7f-be40-2d97c558df74,2026-08-01T22:15:00Z,2026-08-02T00:15:00+0200,128.13,EUR/MWh,NL,NL,imbalance_price,Long,2026-08-06T05:38:50Z
2026-08-06T05:35:55Z,2026-08-06T07:35:55+0200,c3feb7e2-8675-4f7f-be40-2d97c558df74,2026-08-01T22:15:00Z,2026-08-02T00:15:00+0200,171.0,EUR/MWh,NL,NL,imbalance_price,Short,2026-08-06T05:38:50Z
2026-08-06T05:35:55Z,2026-08-06T07:35:55+0200,c3feb7e2-8675-4f7f-be40-2d97c558df74,2026-08-01T22:30:00Z,2026-08-02T00:30:00+0200,127.45,EUR/MWh,NL,NL,imbalance_price,Long,2026-08-06T05:38:50Z
2026-08-06T05:35:55Z,2026-08-06T07:35:55+0200,c3feb7e2-8675-4f7f-be40-2d97c558df74,2026-08-01T22:30:00Z,2026-08-02T00:30:00+0200,171.0,EUR/MWh,NL,NL,imbalance_price,Short,2026-08-06T05:38:50Z
2026-08-06T05:35:55Z,2026-08-06T07:35:55+0200,c3feb7e2-8675-4f7f-be40-2d97c558df74,2026-08-01T22:45:00Z,2026-08-02T00:45:00+0200,127.05,EUR/MWh,NL,NL,imbalance_price,Long,2026-08-06T05:38:50Z
2026-08-06T05:35:55Z,2026-08-06T07:35:55+0200,c3feb7e2-8675-4f7f-be40-2d97c558df74,2026-08-01T22:45:00Z,2026-08-02T00:45:00+0200,171.0,EUR/MWh,NL,NL,imbalance_price,Short,2026-08-06T05:38:50Z
2026-08-06T05:35:55Z,2026-08-06T07:35:55+0200,c3feb7e2-8675-4f7f-be40-2d97c558df74,2026-08-01T23:00:00Z,2026-08-02T01:00:00+0200,189.38,EUR/MWh,NL,NL,imbalance_price,Long,2026-08-06T05:38:50Z
2026-08-06T05:35:55Z,2026-08-06T07:35:55+0200,c3feb7e2-8675-4f7f-be40-2d97c558df74,2026-08-01T23:00:00Z,2026-08-02T01:00:00+0200,189.38,EUR/MWh,NL,NL,imbalance_price,Short,2026-08-06T05:38:50Z
2026-08-06T05:35:55Z,2026-08-06T07:35:55+0200,c3feb7e2-8675-4f7f-be40-2d97c558df74,2026-08-01T23:15:00Z,2026-08-02T01:15:00+0200,128.63,EUR/MWh,NL,NL,imbalance_price,Long,2026-08-06T05:38:50Z
2026-08-06T05:35:55Z,2026-08-06T07:35:55+0200,c3feb7e2-8675-4f7f-be40-2d97c558df74,2026-08-01T23:15:00Z,2026-08-02T01:15:00+0200,171.0,EUR/MWh,NL,NL,imbalance_price,Short,2026-08-06T05:38:50Z
2026-08-06T05:35:55Z,2026-08-06T07:35:55+0200,c3feb7e2-8675-4f7f-be40-2d97c558df74,2026-08-01T23:30:00Z,2026-08-02T01:30:00+0200,129.04,EUR/MWh,NL,NL,imbalance_price,Long,2026-08-06T05:38:50Z
2026-08-06T05:35:55Z,2026-08-06T07:35:55+0200,c3feb7e2-8675-4f7f-be40-2d97c558df74,2026-08-01T23:30:00Z,2026-08-02T01:30:00+0200,171.0,EUR/MWh,NL,NL,imbalance_price,Short,2026-08-06T05:38:50Z
2026-08-06T05:35:55Z,2026-08-06T07:35:55+0200,c3feb7e2-8675-4f7f-be40-2d97c558df74,2026-08-01T23:45:00Z,2026-08-02T01:45:00+0200,200.0,EUR/MWh,NL,NL,imbalance_price,Long,2026-08-06T05:38:50Z
2026-08-06T05:35:55Z,2026-08-06T07:35:55+0200,c3feb7e2-8675-4f7f-be40-2d97c558df74,2026-08-01T23:45:00Z,2026-08-02T01:45:00+0200,200.0,EUR/MWh,NL,NL,imbalance_price,Short,2026-08-06T05:38:50Z
2026-08-06T05:35:55Z,2026-08-06T07:35:55+0200,c3feb7e2-8675-4f7f-be40-2d97c558df74,2026-08-02T00:00:00Z,2026-08-02T02:00:00+0200,257.0,EUR/MWh,NL,NL,imbalance_price,Long,2026-08-06T05:38:50Z
2026-08-06T05:35:55Z,2026-08-06T07:35:55+0200,c3feb7e2-8675-4f7f-be40-2d97c558df74,2026-08-02T00:00:00Z,2026-08-02T02:00:00+0200,257.0,EUR/MWh,NL,NL,imbalance_price,Short,2026-08-06T05:38:50Z
2026-08-06T05:35:55Z,2026-08-06T07:35:55+0200,c3feb7e2-8675-4f7f-be40-2d97c558df74,2026-08-02T00:15:00Z,2026-08-02T02:15:00+0200,200.0,EUR/MWh,NL,NL,imbalance_price,Long,2026-08-06T05:38:50Z
2026-08-06T05:35:55Z,2026-08-06T07:35:55+0200,c3feb7e2-8675-4f7f-be40-2d97c558df74,2026-08-02T00:15:00Z,2026-08-02T02:15:00+0200,200.0,EUR/MWh,NL,NL,imbalance_price,Short,2026-08-06T05:38:50Z
2026-08-06T05:35:55Z,2026-08-06T07:35:55+0200,c3feb7e2-8675-4f7f-be40-2d97c558df74,2026-08-02T00:30:00Z,2026-08-02T02:30:00+0200,400.0,EUR/MWh,NL,NL,imbalance_price,Long,2026-08-06T05:38:50Z
2026-08-06T05:35:55Z,2026-08-06T07:35:55+0200,c3feb7e2-8675-4f7f-be40-2d97c558df74,2026-08-02T00:30:00Z,2026-08-02T02:30:00+0200,400.0,EUR/MWh,NL,NL,imbalance_price,Short,2026-08-06T05:38:50Z
2026-08-06T05:35:55Z,2026-08-06T07:35:55+0200,c3feb7e2-8675-4f7f-be40-2d97c558df74,2026-08-02T00:45:00Z,2026-08-02T02:45:00+0200,207.0,EUR/MWh,NL,NL,imbalance_price,Long,2026-08-06T05:38:50Z
2026-08-06T05:35:55Z,2026-08-06T07:35:55+0200,c3feb7e2-8675-4f7f-be40-2d97c558df74,2026-08-02T00:45:00Z,2026-08-02T02:45:00+0200,207.0,EUR/MWh,NL,NL,imbalance_price,Short,2026-08-06T05:38:50Z
2026-08-06T05:35:55Z,2026-08-06T07:35:55+0200,c3feb7e2-8675-4f7f-be40-2d97c558df74,2026-08-02T01:00:00Z,2026-08-02T03:00:00+0200,263.0,EUR/MWh,NL,NL,imbalance_price,Long,2026-08-06T05:38:50Z
2026-08-06T05:35:55Z,2026-08-06T07:35:55+0200,c3feb7e2-8675-4f7f-be40-2d97c558df74,2026-08-02T01:00:00Z,2026-08-02T03:00:00+0200,263.0,EUR/MWh,NL,NL,imbalance_price,Short,2026-08-06T05:38:50Z
2026-08-06T05:35:55Z,2026-08-06T07:35:55+0200,c3feb7e2-8675-4f7f-be40-2d97c558df74,2026-08-02T01:15:00Z,2026-08-02T03:15:00+0200,208.31,EUR/MWh,NL,NL,imbalance_price,Long,2026-08-06T05:38:50Z
2026-08-06T05:35:55Z,2026-08-06T07:35:55+0200,c3feb7e2-8675-4f7f-be40-2d97c558df74,2026-08-02T01:15:00Z,2026-08-02T03:15:00+0200,208.31,EUR/MWh,NL,NL,imbalance_price,Short,2026-08-06T05:38:50Z
2026-08-06T05:35:55Z,2026-08-06T07:35:55+0200,c3feb7e2-8675-4f7f-be40-2d97c558df74,2026-08-02T01:30:00Z,2026-08-02T03:30:00+0200,249.73,EUR/MWh,NL,NL,imbalance_price,Long,2026-08-06T05:38:50Z
2026-08-06T05:35:55Z,2026-08-06T07:35:55+0200,c3feb7e2-8675-4f7f-be40-2d97c558df74,2026-08-02T01:30:00Z,2026-08-02T03:30:00+0200,249.73,EUR/MWh,NL,NL,imbalance_price,Short,2026-08-06T05:38:50Z
2026-08-06T05:35:55Z,2026-08-06T07:35:55+0200,c3feb7e2-8675-4f7f-be40-2d97c558df74,2026-08-02T01:45:00Z,2026-08-02T03:45:00+0200,200.0,EUR/MWh,NL,NL,imbalance_price,Long,2026-08-06T05:38:50Z
2026-08-06T05:35:55Z,2026-08-06T07:35:55+0200,c3feb7e2-8675-4f7f-be40-2d97c558df74,2026-08-02T01:45:00Z,2026-08-02T03:45:00+0200,200.0,EUR/MWh,NL,NL,imbalance_price,Short,2026-08-06T05:38:50Z
2026-08-06T05:35:55Z,2026-08-06T07:35:55+0200,c3feb7e2-8675-4f7f-be40-2d97c558df74,2026-08-02T02:00:00Z,2026-08-02T04:00:00+0200,205.71,EUR/MWh,NL,NL,imbalance_price,Long,2026-08-06T05:38:50Z
2026-08-06T05:35:55Z,2026-08-06T07:35:55+0200,c3feb7e2-8675-4f7f-be40-2d97c558df74,2026-08-02T02:00:00Z,2026-08-02T04:00:00+0200,205.71,EUR/MWh,NL,NL,imbalance_price,Short,2026-08-06T05:38:50Z
2026-08-06T05:35:55Z,2026-08-06T07:35:55+0200,c3feb7e2-8675-4f7f-be40-2d97c558df74,2026-08-02T02:15:00Z,2026-08-02T04:15:00+0200,171.0,EUR/MWh,NL,NL,imbalance_price,Long,2026-08-06T05:38:50Z
2026-08-06T05:35:55Z,2026-08-06T07:35:55+0200,c3feb7e2-8675-4f7f-be40-2d97c558df74,2026-08-02T02:15:00Z,2026-08-02T04:15:00+0200,171.0,EUR/MWh,NL,NL,imbalance_price,Short,2026-08-06T05:38:50Z
2026-08-06T05:35:55Z,2026-08-06T07:35:55+0200,c3feb7e2-8675-4f7f-be40-2d97c558df74,2026-08-02T02:30:00Z,2026-08-02T04:30:00+0200,171.0,EUR/MWh,NL,NL,imbalance_price,Long,2026-08-06T05:38:50Z
2026-08-06T05:35:55Z,2026-08-06T07:35:55+0200,c3feb7e2-8675-4f7f-be40-2d97c558df74,2026-08-02T02:30:00Z,2026-08-02T04:30:00+0200,171.0,EUR/MWh,NL,NL,imbalance_price,Short,2026-08-06T05:38:50Z
2026-08-06T05:35:55Z,2026-08-06T07:35:55+0200,c3feb7e2-8675-4f7f-be40-2d97c558df74,2026-08-02T02:45:00Z,2026-08-02T04:45:00+0200,202.0,EUR/MWh,NL,NL,imbalance_price,Long,2026-08-06T05:38:50Z
2026-08-06T05:35:55Z,2026-08-06T07:35:55+0200,c3feb7e2-8675-4f7f-be40-2d97c558df74,2026-08-02T02:45:00Z,2026-08-02T04:45:00+0200,202.0,EUR/MWh,NL,NL,imbalance_price,Short,2026-08-06T05:38:50Z
2026-08-06T05:35:55Z,2026-08-06T07:35:55+0200,c3feb7e2-8675-4f7f-be40-2d97c558df74,2026-08-02T03:00:00Z,2026-08-02T05:00:00+0200,200.0,EUR/MWh,NL,NL,imbalance_price,Long,2026-08-06T05:38:50Z
2026-08-06T05:35:55Z,2026-08-06T07:35:55+0200,c3feb7e2-8675-4f7f-be40-2d97c558df74,2026-08-02T03:00:00Z,2026-08-02T05:00:00+0200,200.0,EUR/MWh,NL,NL,imbalance_price,Short,2026-08-06T05:38:50Z
2026-08-06T05:35:55Z,2026-08-06T07:35:55+0200,c3feb7e2-8675-4f7f-be40-2d97c558df74,2026-08-02T03:15:00Z,2026-08-02T05:15:00+0200,150.0,EUR/MWh,NL,NL,imbalance_price,Long,2026-08-06T05:38:50Z
2026-08-06T05:35:55Z,2026-08-06T07:35:55+0200,c3feb7e2-8675-4f7f-be40-2d97c558df74,2026-08-02T03:15:00Z,2026-08-02T05:15:00+0200,150.0,EUR/MWh,NL,NL,imbalance_price,Short,2026-08-06T05:38:50Z
2026-08-06T05:35:55Z,2026-08-06T07:35:55+0200,c3feb7e2-8675-4f7f-be40-2d97c558df74,2026-08-02T03:30:00Z,2026-08-02T05:30:00+0200,171.0,EUR/MWh,NL,NL,imbalance_price,Long,2026-08-06T05:38:50Z
2026-08-06T05:35:55Z,2026-08-06T07:35:55+0200,c3feb7e2-8675-4f7f-be40-2d97c558df74,2026-08-02T03:30:00Z,2026-08-02T05:30:00+0200,171.0,EUR/MWh,NL,NL,imbalance_price,Short,2026-08-06T05:38:50Z
2026-08-06T05:35:55Z,2026-08-06T07:35:55+0200,c3feb7e2-8675-4f7f-be40-2d97c558df74,2026-08-02T03:45:00Z,2026-08-02T05:45:00+0200,119.22,EUR/MWh,NL,NL,imbalance_price,Long,2026-08-06T05:38:50Z
2026-08-06T05:35:55Z,2026-08-06T07:35:55+0200,c3feb7e2-8675-4f7f-be40-2d97c558df74,2026-08-02T03:45:00Z,2026-08-02T05:45:00+0200,200.0,EUR/MWh,NL,NL,imbalance_price,Short,2026-08-06T05:38:50Z
2026-08-06T05:35:55Z,2026-08-06T07:35:55+0200,c3feb7e2-8675-4f7f-be40-2d97c558df74,2026-08-02T04:00:00Z,2026-08-02T06:00:00+0200,145.36,EUR/MWh,NL,NL,imbalance_price,Long,2026-08-06T05:38:50Z
2026-08-06T05:35:55Z,2026-08-06T07:35:55+0200,c3feb7e2-8675-4f7f-be40-2d97c558df74,2026-08-02T04:00:00Z,2026-08-02T06:00:00+0200,145.36,EUR/MWh,NL,NL,imbalance_price,Short,2026-08-06T05:38:50Z
2026-08-06T05:35:55Z,2026-08-06T07:35:55+0200,c3feb7e2-8675-4f7f-be40-2d97c558df74,2026-08-02T04:15:00Z,2026-08-02T06:15:00+0200,109.91,EUR/MWh,NL,NL,imbalance_price,Long,2026-08-06T05:38:50Z
2026-08-06T05:35:55Z,2026-08-06T07:35:55+0200,c3feb7e2-8675-4f7f-be40-2d97c558df74,2026-08-02T04:15:00Z,2026-08-02T06:15:00+0200,109.91,EUR/MWh,NL,NL,imbalance_price,Short,2026-08-06T05:38:50Z
2026-08-06T05:35:55Z,2026-08-06T07:35:55+0200,c3feb7e2-8675-4f7f-be40-2d97c558df74,2026-08-02T04:30:00Z,2026-08-02T06:30:00+0200,84.97,EUR/MWh,NL,NL,imbalance_price,Long,2026-08-06T05:38:50Z
2026-08-06T05:35:55Z,2026-08-06T07:35:55+0200,c3feb7e2-8675-4f7f-be40-2d97c558df74,2026-08-02T04:30:00Z,2026-08-02T06:30:00+0200,153.0,EUR/MWh,NL,NL,imbalance_price,Short,2026-08-06T05:38:50Z
2026-08-06T05:35:55Z,2026-08-06T07:35:55+0200,c3feb7e2-8675-4f7f-be40-2d97c558df74,2026-08-02T04:45:00Z,2026-08-02T06:45:00+0200,84.55,EUR/MWh,NL,NL,imbalance_price,Long,2026-08-06T05:38:50Z
2026-08-06T05:35:55Z,2026-08-06T07:35:55+0200,c3feb7e2-8675-4f7f-be40-2d97c558df74,2026-08-02T04:45:00Z,2026-08-02T06:45:00+0200,108.0,EUR/MWh,NL,NL,imbalance_price,Short,2026-08-06T05:38:50Z
2026-08-06T05:35:55Z,2026-08-06T07:35:55+0200,c3feb7e2-8675-4f7f-be40-2d97c558df74,2026-08-02T05:00:00Z,2026-08-02T07:00:00+0200,150.0,EUR/MWh,NL,NL,imbalance_price,Long,2026-08-06T05:38:50Z
2026-08-06T05:35:55Z,2026-08-06T07:35:55+0200,c3feb7e2-8675-4f7f-be40-2d97c558df74,2026-08-02T05:00:00Z,2026-08-02T07:00:00+0200,150.0,EUR/MWh,NL,NL,imbalance_price,Short,2026-08-06T05:38:50Z
2026-08-06T05:35:55Z,2026-08-06T07:35:55+0200,c3feb7e2-8675-4f7f-be40-2d97c558df74,2026-08-02T05:15:00Z,2026-08-02T07:15:00+0200,83.04,EUR/MWh,NL,NL,imbalance_price,Long,2026-08-06T05:38:50Z
2026-08-06T05:35:55Z,2026-08-06T07:35:55+0200,c3feb7e2-8675-4f7f-be40-2d97c558df74,2026-08-02T05:15:00Z,2026-08-02T07:15:00+0200,90.69,EUR/MWh,NL,NL,imbalance_price,Short,2026-08-06T05:38:50Z
2026-08-06T05:35:55Z,2026-08-06T07:35:55+0200,c3feb7e2-8675-4f7f-be40-2d97c558df74,2026-08-02T05:30:00Z,2026-08-02T07:30:00+0200,87.74,EUR/MWh,NL,NL,imbalance_price,Long,2026-08-06T05:38:50Z
2026-08-06T05:35:55Z,2026-08-06T07:35:55+0200,c3feb7e2-8675-4f7f-be40-2d97c558df74,2026-08-02T05:30:00Z,2026-08-02T07:30:00+0200,87.74,EUR/MWh,NL,NL,imbalance_price,Short,2026-08-06T05:38:50Z
2026-08-06T05:35:55Z,2026-08-06T07:35:55+0200,c3feb7e2-8675-4f7f-be40-2d97c558df74,2026-08-02T05:45:00Z,2026-08-02T07:45:00+0200,50.0,EUR/MWh,NL,NL,imbalance_price,Long,2026-08-06T05:38:50Z
2026-08-06T05:35:55Z,2026-08-06T07:35:55+0200,c3feb7e2-8675-4f7f-be40-2d97c558df74,2026-08-02T05:45:00Z,2026-08-02T07:45:00+0200,50.0,EUR/MWh,NL,NL,imbalance_price,Short,2026-08-06T05:38:50Z
2026-08-06T05:35:55Z,2026-08-06T07:35:55+0200,c3feb7e2-8675-4f7f-be40-2d97c558df74,2026-08-02T06:00:00Z,2026-08-02T08:00:00+0200,-4.0,EUR/MWh,NL,NL,imbalance_price,Long,2026-08-06T05:38:50Z
2026-08-06T05:35:55Z,2026-08-06T07:35:55+0200,c3feb7e2-8675-4f7f-be40-2d97c558df74,2026-08-02T06:00:00Z,2026-08-02T08:00:00+0200,159.0,EUR/MWh,NL,NL,imbalance_price,Short,2026-08-06T05:38:50Z
2026-08-06T05:35:55Z,2026-08-06T07:35:55+0200,c3feb7e2-8675-4f7f-be40-2d97c558df74,2026-08-02T06:15:00Z,2026-08-02T08:15:00+0200,130.5,EUR/MWh,NL,NL,imbalance_price,Long,2026-08-06T05:38:50Z
2026-08-06T05:35:55Z,2026-08-06T07:35:55+0200,c3feb7e2-8675-4f7f-be40-2d97c558df74,2026-08-02T06:15:00Z,2026-08-02T08:15:00+0200,130.5,EUR/MWh,NL,NL,imbalance_price,Short,2026-08-06T05:38:50Z
2026-08-06T05:35:55Z,2026-08-06T07:35:55+0200,c3feb7e2-8675-4f7f-be40-2d97c558df74,2026-08-02T06:30:00Z,2026-08-02T08:30:00+0200,56.97,EUR/MWh,NL,NL,imbalance_price,Long,2026-08-06T05:38:50Z
2026-08-06T05:35:55Z,2026-08-06T07:35:55+0200,c3feb7e2-8675-4f7f-be40-2d97c558df74,2026-08-02T06:30:00Z,2026-08-02T08:30:00+0200,140.0,EUR/MWh,NL,NL,imbalance_price,Short,2026-08-06T05:38:50Z
2026-08-06T05:35:55Z,2026-08-06T07:35:55+0200,c3feb7e2-8675-4f7f-be40-2d97c558df74,2026-08-02T06:45:00Z,2026-08-02T08:45:00+0200,12.0,EUR/MWh,NL,NL,imbalance_price,Long,2026-08-06T05:38:50Z
2026-08-06T05:35:55Z,2026-08-06T07:35:55+0200,c3feb7e2-8675-4f7f-be40-2d97c558df74,2026-08-02T06:45:00Z,2026-08-02T08:45:00+0200,12.0,EUR/MWh,NL,NL,imbalance_price,Short,2026-08-06T05:38:50Z
2026-08-06T05:35:55Z,2026-08-06T07:35:55+0200,c3feb7e2-8675-4f7f-be40-2d97c558df74,2026-08-02T07:00:00Z,2026-08-02T09:00:00+0200,12.0,EUR/MWh,NL,NL,imbalance_price,Long,2026-08-06T05:38:50Z
2026-08-06T05:35:55Z,2026-08-06T07:35:55+0200,c3feb7e2-8675-4f7f-be40-2d97c558df74,2026-08-02T07:00:00Z,2026-08-02T09:00:00+0200,156.0,EUR/MWh,NL,NL,imbalance_price,Short,2026-08-06T05:38:50Z
2026-08-06T05:35:55Z,2026-08-06T07:35:55+0200,c3feb7e2-8675-4f7f-be40-2d97c558df74,2026-08-02T07:15:00Z,2026-08-02T09:15:00+0200,-15.0,EUR/MWh,NL,NL,imbalance_price,Long,2026-08-06T05:38:50Z
2026-08-06T05:35:55Z,2026-08-06T07:35:55+0200,c3feb7e2-8675-4f7f-be40-2d97c558df74,2026-08-02T07:15:00Z,2026-08-02T09:15:00+0200,-15.0,EUR/MWh,NL,NL,imbalance_price,Short,2026-08-06T05:38:50Z
2026-08-06T05:35:55Z,2026-08-06T07:35:55+0200,c3feb7e2-8675-4f7f-be40-2d97c558df74,2026-08-02T07:30:00Z,2026-08-02T09:30:00+0200,-15.0,EUR/MWh,NL,NL,imbalance_price,Long,2026-08-06T05:38:50Z
2026-08-06T05:35:55Z,2026-08-06T07:35:55+0200,c3feb7e2-8675-4f7f-be40-2d97c558df74,2026-08-02T07:30:00Z,2026-08-02T09:30:00+0200,-15.0,EUR/MWh,NL,NL,imbalance_price,Short,2026-08-06T05:38:50Z
2026-08-06T05:35:55Z,2026-08-06T07:35:55+0200,c3feb7e2-8675-4f7f-be40-2d97c558df74,2026-08-02T07:45:00Z,2026-08-02T09:45:00+0200,-28.02,EUR/MWh,NL,NL,imbalance_price,Long,2026-08-06T05:38:50Z
2026-08-06T05:35:55Z,2026-08-06T07:35:55+0200,c3feb7e2-8675-4f7f-be40-2d97c558df74,2026-08-02T07:45:00Z,2026-08-02T09:45:00+0200,-28.02,EUR/MWh,NL,NL,imbalance_price,Short,2026-08-06T05:38:50Z
2026-08-06T05:35:55Z,2026-08-06T07:35:55+0200,c3feb7e2-8675-4f7f-be40-2d97c558df74,2026-08-02T08:00:00Z,2026-08-02T10:00:00+0200,-15.0,EUR/MWh,NL,NL,imbalance_price,Long,2026-08-06T05:38:50Z
2026-08-06T05:35:55Z,2026-08-06T07:35:55+0200,c3feb7e2-8675-4f7f-be40-2d97c558df74,2026-08-02T08:00:00Z,2026-08-02T10:00:00+0200,-15.0,EUR/MWh,NL,NL,imbalance_price,Short,2026-08-06T05:38:50Z
2026-08-06T05:35:55Z,2026-08-06T07:35:55+0200,c3feb7e2-8675-4f7f-be40-2d97c558df74,2026-08-02T08:15:00Z,2026-08-02T10:15:00+0200,-27.88,EUR/MWh,NL,NL,imbalance_price,Long,2026-08-06T05:38:50Z
2026-08-06T05:35:55Z,2026-08-06T07:35:55+0200,c3feb7e2-8675-4f7f-be40-2d97c558df74,2026-08-02T08:15:00Z,2026-08-02T10:15:00+0200,-27.88,EUR/MWh,NL,NL,imbalance_price,Short,2026-08-06T05:38:50Z
2026-08-06T05:35:55Z,2026-08-06T07:35:55+0200,c3feb7e2-8675-4f7f-be40-2d97c558df74,2026-08-02T08:30:00Z,2026-08-02T10:30:00+0200,-29.99,EUR/MWh,NL,NL,imbalance_price,Long,2026-08-06T05:38:50Z
2026-08-06T05:35:55Z,2026-08-06T07:35:55+0200,c3feb7e2-8675-4f7f-be40-2d97c558df74,2026-08-02T08:30:00Z,2026-08-02T10:30:00+0200,-29.99,EUR/MWh,NL,NL,imbalance_price,Short,2026-08-06T05:38:50Z
2026-08-06T05:35:55Z,2026-08-06T07:35:55+0200,c3feb7e2-8675-4f7f-be40-2d97c558df74,2026-08-02T08:45:00Z,2026-08-02T10:45:00+0200,-22.27,EUR/MWh,NL,NL,imbalance_price,Long,2026-08-06T05:38:50Z
2026-08-06T05:35:55Z,2026-08-06T07:35:55+0200,c3feb7e2-8675-4f7f-be40-2d97c558df74,2026-08-02T08:45:00Z,2026-08-02T10:45:00+0200,-22.27,EUR/MWh,NL,NL,imbalance_price,Short,2026-08-06T05:38:50Z
2026-08-06T05:35:55Z,2026-08-06T07:35:55+0200,c3feb7e2-8675-4f7f-be40-2d97c558df74,2026-08-02T09:00:00Z,2026-08-02T11:00:00+0200,-35.0,EUR/MWh,NL,NL,imbalance_price,Long,2026-08-06T05:38:50Z
2026-08-06T05:35:55Z,2026-08-06T07:35:55+0200,c3feb7e2-8675-4f7f-be40-2d97c558df74,2026-08-02T09:00:00Z,2026-08-02T11:00:00+0200,-35.0,EUR/MWh,NL,NL,imbalance_price,Short,2026-08-06T05:38:50Z
2026-08-06T05:35:55Z,2026-08-06T07:35:55+0200,c3feb7e2-8675-4f7f-be40-2d97c558df74,2026-08-02T09:15:00Z,2026-08-02T11:15:00+0200,-16.67,EUR/MWh,NL,NL,imbalance_price,Long,2026-08-06T05:38:50Z
2026-08-06T05:35:55Z,2026-08-06T07:35:55+0200,c3feb7e2-8675-4f7f-be40-2d97c558df74,2026-08-02T09:15:00Z,2026-08-02T11:15:00+0200,-16.67,EUR/MWh,NL,NL,imbalance_price,Short,2026-08-06T05:38:50Z
2026-08-06T05:35:55Z,2026-08-06T07:35:55+0200,c3feb7e2-8675-4f7f-be40-2d97c558df74,2026-08-02T09:30:00Z,2026-08-02T11:30:00+0200,-30.0,EUR/MWh,NL,NL,imbalance_price,Long,2026-08-06T05:38:50Z
2026-08-06T05:35:55Z,2026-08-06T07:35:55+0200,c3feb7e2-8675-4f7f-be40-2d97c558df74,2026-08-02T09:30:00Z,2026-08-02T11:30:00+0200,-30.0,EUR/MWh,NL,NL,imbalance_price,Short,2026-08-06T05:38:50Z
2026-08-06T05:35:55Z,2026-08-06T07:35:55+0200,c3feb7e2-8675-4f7f-be40-2d97c558df74,2026-08-02T09:45:00Z,2026-08-02T11:45:00+0200,-29.99,EUR/MWh,NL,NL,imbalance_price,Long,2026-08-06T05:38:50Z
2026-08-06T05:35:55Z,2026-08-06T07:35:55+0200,c3feb7e2-8675-4f7f-be40-2d97c558df74,2026-08-02T09:45:00Z,2026-08-02T11:45:00+0200,-29.99,EUR/MWh,NL,NL,imbalance_price,Short,2026-08-06T05:38:50Z
2026-08-06T05:35:55Z,2026-08-06T07:35:55+0200,c3feb7e2-8675-4f7f-be40-2d97c558df74,2026-08-02T10:00:00Z,2026-08-02T12:00:00+0200,-22.38,EUR/MWh,NL,NL,imbalance_price,Long,2026-08-06T05:38:50Z
2026-08-06T05:35:55Z,2026-08-06T07:35:55+0200,c3feb7e2-8675-4f7f-be40-2d97c558df74,2026-08-02T10:00:00Z,2026-08-02T12:00:00+0200,-22.38,EUR/MWh,NL,NL,imbalance_price,Short,2026-08-06T05:38:50Z
2026-08-06T05:35:55Z,2026-08-06T07:35:55+0200,c3feb7e2-8675-4f7f-be40-2d97c558df74,2026-08-02T10:15:00Z,2026-08-02T12:15:00+0200,-5.55,EUR/MWh,NL,NL,imbalance_price,Long,2026-08-06T05:38:50Z
2026-08-06T05:35:55Z,2026-08-06T07:35:55+0200,c3feb7e2-8675-4f7f-be40-2d97c558df74,2026-08-02T10:15:00Z,2026-08-02T12:15:00+0200,-5.55,EUR/MWh,NL,NL,imbalance_price,Short,2026-08-06T05:38:50Z
2026-08-06T05:35:55Z,2026-08-06T07:35:55+0200,c3feb7e2-8675-4f7f-be40-2d97c558df74,2026-08-02T10:30:00Z,2026-08-02T12:30:00+0200,-9.32,EUR/MWh,NL,NL,imbalance_price,Long,2026-08-06T05:38:50Z
2026-08-06T05:35:55Z,2026-08-06T07:35:55+0200,c3feb7e2-8675-4f7f-be40-2d97c558df74,2026-08-02T10:30:00Z,2026-08-02T12:30:00+0200,-9.32,EUR/MWh,NL,NL,imbalance_price,Short,2026-08-06T05:38:50Z
2026-08-06T05:35:55Z,2026-08-06T07:35:55+0200,c3feb7e2-8675-4f7f-be40-2d97c558df74,2026-08-02T10:45:00Z,2026-08-02T12:45:00+0200,-13.0,EUR/MWh,NL,NL,imbalance_price,Long,2026-08-06T05:38:50Z
2026-08-06T05:35:55Z,2026-08-06T07:35:55+0200,c3feb7e2-8675-4f7f-be40-2d97c558df74,2026-08-02T10:45:00Z,2026-08-02T12:45:00+0200,-13.0,EUR/MWh,NL,NL,imbalance_price,Short,2026-08-06T05:38:50Z
2026-08-06T05:35:55Z,2026-08-06T07:35:55+0200,c3feb7e2-8675-4f7f-be40-2d97c558df74,2026-08-02T11:00:00Z,2026-08-02T13:00:00+0200,-15.0,EUR/MWh,NL,NL,imbalance_price,Long,2026-08-06T05:38:50Z
2026-08-06T05:35:55Z,2026-08-06T07:35:55+0200,c3feb7e2-8675-4f7f-be40-2d97c558df74,2026-08-02T11:00:00Z,2026-08-02T13:00:00+0200,-15.0,EUR/MWh,NL,NL,imbalance_price,Short,2026-08-06T05:38:50Z
2026-08-06T05:35:55Z,2026-08-06T07:35:55+0200,c3feb7e2-8675-4f7f-be40-2d97c558df74,2026-08-02T11:15:00Z,2026-08-02T13:15:00+0200,-35.0,EUR/MWh,NL,NL,imbalance_price,Long,2026-08-06T05:38:50Z
2026-08-06T05:35:55Z,2026-08-06T07:35:55+0200,c3feb7e2-8675-4f7f-be40-2d97c558df74,2026-08-02T11:15:00Z,2026-08-02T13:15:00+0200,-35.0,EUR/MWh,NL,NL,imbalance_price,Short,2026-08-06T05:38:50Z
2026-08-06T05:35:55Z,2026-08-06T07:35:55+0200,c3feb7e2-8675-4f7f-be40-2d97c558df74,2026-08-02T11:30:00Z,2026-08-02T13:30:00+0200,-35.0,EUR/MWh,NL,NL,imbalance_price,Long,2026-08-06T05:38:50Z
2026-08-06T05:35:55Z,2026-08-06T07:35:55+0200,c3feb7e2-8675-4f7f-be40-2d97c558df74,2026-08-02T11:30:00Z,2026-08-02T13:30:00+0200,-35.0,EUR/MWh,NL,NL,imbalance_price,Short,2026-08-06T05:38:50Z
2026-08-06T05:35:55Z,2026-08-06T07:35:55+0200,c3feb7e2-8675-4f7f-be40-2d97c558df74,2026-08-02T11:45:00Z,2026-08-02T13:45:00+0200,-15.0,EUR/MWh,NL,NL,imbalance_price,Long,2026-08-06T05:38:50Z
2026-08-06T05:35:55Z,2026-08-06T07:35:55+0200,c3feb7e2-8675-4f7f-be40-2d97c558df74,2026-08-02T11:45:00Z,2026-08-02T13:45:00+0200,-15.0,EUR/MWh,NL,NL,imbalance_price,Short,2026-08-06T05:38:50Z
2026-08-06T05:35:55Z,2026-08-06T07:35:55+0200,c3feb7e2-8675-4f7f-be40-2d97c558df74,2026-08-02T12:00:00Z,2026-08-02T14:00:00+0200,-35.0,EUR/MWh,NL,NL,imbalance_price,Long,2026-08-06T05:38:50Z
2026-08-06T05:35:55Z,2026-08-06T07:35:55+0200,c3feb7e2-8675-4f7f-be40-2d97c558df74,2026-08-02T12:00:00Z,2026-08-02T14:00:00+0200,-35.0,EUR/MWh,NL,NL,imbalance_price,Short,2026-08-06T05:38:50Z
2026-08-06T05:35:55Z,2026-08-06T07:35:55+0200,c3feb7e2-8675-4f7f-be40-2d97c558df74,2026-08-02T12:15:00Z,2026-08-02T14:15:00+0200,-30.0,EUR/MWh,NL,NL,imbalance_price,Long,2026-08-06T05:38:50Z
2026-08-06T05:35:55Z,2026-08-06T07:35:55+0200,c3feb7e2-8675-4f7f-be40-2d97c558df74,2026-08-02T12:15:00Z,2026-08-02T14:15:00+0200,-30.0,EUR/MWh,NL,NL,imbalance_price,Short,2026-08-06T05:38:50Z
2026-08-06T05:35:55Z,2026-08-06T07:35:55+0200,c3feb7e2-8675-4f7f-be40-2d97c558df74,2026-08-02T12:30:00Z,2026-08-02T14:30:00+0200,-18.0,EUR/MWh,NL,NL,imbalance_price,Long,2026-08-06T05:38:50Z
2026-08-06T05:35:55Z,2026-08-06T07:35:55+0200,c3feb7e2-8675-4f7f-be40-2d97c558df74,2026-08-02T12:30:00Z,2026-08-02T14:30:00+0200,-18.0,EUR/MWh,NL,NL,imbalance_price,Short,2026-08-06T05:38:50Z
2026-08-06T05:35:55Z,2026-08-06T07:35:55+0200,c3feb7e2-8675-4f7f-be40-2d97c558df74,2026-08-02T12:45:00Z,2026-08-02T14:45:00+0200,-22.27,EUR/MWh,NL,NL,imbalance_price,Long,2026-08-06T05:38:50Z
2026-08-06T05:35:55Z,2026-08-06T07:35:55+0200,c3feb7e2-8675-4f7f-be40-2d97c558df74,2026-08-02T12:45:00Z,2026-08-02T14:45:00+0200,-22.27,EUR/MWh,NL,NL,imbalance_price,Short,2026-08-06T05:38:50Z
2026-08-06T05:35:55Z,2026-08-06T07:35:55+0200,c3feb7e2-8675-4f7f-be40-2d97c558df74,2026-08-02T13:00:00Z,2026-08-02T15:00:00+0200,-35.0,EUR/MWh,NL,NL,imbalance_price,Long,2026-08-06T05:38:50Z
2026-08-06T05:35:55Z,2026-08-06T07:35:55+0200,c3feb7e2-8675-4f7f-be40-2d97c558df74,2026-08-02T13:00:00Z,2026-08-02T15:00:00+0200,-35.0,EUR/MWh,NL,NL,imbalance_price,Short,2026-08-06T05:38:50Z
2026-08-06T05:35:55Z,2026-08-06T07:35:55+0200,c3feb7e2-8675-4f7f-be40-2d97c558df74,2026-08-02T13:15:00Z,2026-08-02T15:15:00+0200,-35.0,EUR/MWh,NL,NL,imbalance_price,Long,2026-08-06T05:38:50Z
2026-08-06T05:35:55Z,2026-08-06T07:35:55+0200,c3feb7e2-8675-4f7f-be40-2d97c558df74,2026-08-02T13:15:00Z,2026-08-02T15:15:00+0200,-35.0,EUR/MWh,NL,NL,imbalance_price,Short,2026-08-06T05:38:50Z
2026-08-06T05:35:55Z,2026-08-06T07:35:55+0200,c3feb7e2-8675-4f7f-be40-2d97c558df74,2026-08-02T13:30:00Z,2026-08-02T15:30:00+0200,-60.0,EUR/MWh,NL,NL,imbalance_price,Long,2026-08-06T05:38:50Z
2026-08-06T05:35:55Z,2026-08-06T07:35:55+0200,c3feb7e2-8675-4f7f-be40-2d97c558df74,2026-08-02T13:30:00Z,2026-08-02T15:30:00+0200,-60.0,EUR/MWh,NL,NL,imbalance_price,Short,2026-08-06T05:38:50Z
2026-08-06T05:35:55Z,2026-08-06T07:35:55+0200,c3feb7e2-8675-4f7f-be40-2d97c558df74,2026-08-02T13:45:00Z,2026-08-02T15:45:00+0200,-60.0,EUR/MWh,NL,NL,imbalance_price,Long,2026-08-06T05:38:50Z
2026-08-06T05:35:55Z,2026-08-06T07:35:55+0200,c3feb7e2-8675-4f7f-be40-2d97c558df74,2026-08-02T13:45:00Z,2026-08-02T15:45:00+0200,-60.0,EUR/MWh,NL,NL,imbalance_price,Short,2026-08-06T05:38:50Z
2026-08-06T05:35:55Z,2026-08-06T07:35:55+0200,c3feb7e2-8675-4f7f-be40-2d97c558df74,2026-08-02T14:00:00Z,2026-08-02T16:00:00+0200,-105.0,EUR/MWh,NL,NL,imbalance_price,Long,2026-08-06T05:38:50Z
2026-08-06T05:35:55Z,2026-08-06T07:35:55+0200,c3feb7e2-8675-4f7f-be40-2d97c558df74,2026-08-02T14:00:00Z,2026-08-02T16:00:00+0200,-105.0,EUR/MWh,NL,NL,imbalance_price,Short,2026-08-06T05:38:50Z
2026-08-06T05:35:55Z,2026-08-06T07:35:55+0200,c3feb7e2-8675-4f7f-be40-2d97c558df74,2026-08-02T14:15:00Z,2026-08-02T16:15:00+0200,-35.0,EUR/MWh,NL,NL,imbalance_price,Long,2026-08-06T05:38:50Z
2026-08-06T05:35:55Z,2026-08-06T07:35:55+0200,c3feb7e2-8675-4f7f-be40-2d97c558df74,2026-08-02T14:15:00Z,2026-08-02T16:15:00+0200,49.9,EUR/MWh,NL,NL,imbalance_price,Short,2026-08-06T05:38:50Z
2026-08-06T05:35:55Z,2026-08-06T07:35:55+0200,c3feb7e2-8675-4f7f-be40-2d97c558df74,2026-08-02T14:30:00Z,2026-08-02T16:30:00+0200,-15.0,EUR/MWh,NL,NL,imbalance_price,Long,2026-08-06T05:38:50Z
2026-08-06T05:35:55Z,2026-08-06T07:35:55+0200,c3feb7e2-8675-4f7f-be40-2d97c558df74,2026-08-02T14:30:00Z,2026-08-02T16:30:00+0200,49.97,EUR/MWh,NL,NL,imbalance_price,Short,2026-08-06T05:38:50Z
2026-08-06T05:35:55Z,2026-08-06T07:35:55+0200,c3feb7e2-8675-4f7f-be40-2d97c558df74,2026-08-02T14:45:00Z,2026-08-02T16:45:00+0200,-35.0,EUR/MWh,NL,NL,imbalance_price,Long,2026-08-06T05:38:50Z
2026-08-06T05:35:55Z,2026-08-06T07:35:55+0200,c3feb7e2-8675-4f7f-be40-2d97c558df74,2026-08-02T14:45:00Z,2026-08-02T16:45:00+0200,-35.0,EUR/MWh,NL,NL,imbalance_price,Short,2026-08-06T05:38:50Z
2026-08-06T05:35:55Z,2026-08-06T07:35:55+0200,c3feb7e2-8675-4f7f-be40-2d97c558df74,2026-08-02T15:00:00Z,2026-08-02T17:00:00+0200,-35.0,EUR/MWh,NL,NL,imbalance_price,Long,2026-08-06T05:38:50Z
2026-08-06T05:35:55Z,2026-08-06T07:35:55+0200,c3feb7e2-8675-4f7f-be40-2d97c558df74,2026-08-02T15:00:00Z,2026-08-02T17:00:00+0200,58.46,EUR/MWh,NL,NL,imbalance_price,Short,2026-08-06T05:38:50Z
2026-08-06T05:35:55Z,2026-08-06T07:35:55+0200,c3feb7e2-8675-4f7f-be40-2d97c558df74,2026-08-02T15:15:00Z,2026-08-02T17:15:00+0200,-60.0,EUR/MWh,NL,NL,imbalance_price,Long,2026-08-06T05:38:50Z
2026-08-06T05:35:55Z,2026-08-06T07:35:55+0200,c3feb7e2-8675-4f7f-be40-2d97c558df74,2026-08-02T15:15:00Z,2026-08-02T17:15:00+0200,111.0,EUR/MWh,NL,NL,imbalance_price,Short,2026-08-06T05:38:50Z
2026-08-06T05:35:55Z,2026-08-06T07:35:55+0200,c3feb7e2-8675-4f7f-be40-2d97c558df74,2026-08-02T15:30:00Z,2026-08-02T17:30:00+0200,-60.0,EUR/MWh,NL,NL,imbalance_price,Long,2026-08-06T05:38:50Z
2026-08-06T05:35:55Z,2026-08-06T07:35:55+0200,c3feb7e2-8675-4f7f-be40-2d97c558df74,2026-08-02T15:30:00Z,2026-08-02T17:30:00+0200,115.0,EUR/MWh,NL,NL,imbalance_price,Short,2026-08-06T05:38:50Z
2026-08-06T05:35:55Z,2026-08-06T07:35:55+0200,c3feb7e2-8675-4f7f-be40-2d97c558df74,2026-08-02T15:45:00Z,2026-08-02T17:45:00+0200,149.0,EUR/MWh,NL,NL,imbalance_price,Long,2026-08-06T05:38:50Z
2026-08-06T05:35:55Z,2026-08-06T07:35:55+0200,c3feb7e2-8675-4f7f-be40-2d97c558df74,2026-08-02T15:45:00Z,2026-08-02T17:45:00+0200,149.0,EUR/MWh,NL,NL,imbalance_price,Short,2026-08-06T05:38:50Z
2026-08-06T05:35:55Z,2026-08-06T07:35:55+0200,c3feb7e2-8675-4f7f-be40-2d97c558df74,2026-08-02T16:00:00Z,2026-08-02T18:00:00+0200,150.0,EUR/MWh,NL,NL,imbalance_price,Long,2026-08-06T05:38:50Z
2026-08-06T05:35:55Z,2026-08-06T07:35:55+0200,c3feb7e2-8675-4f7f-be40-2d97c558df74,2026-08-02T16:00:00Z,2026-08-02T18:00:00+0200,150.0,EUR/MWh,NL,NL,imbalance_price,Short,2026-08-06T05:38:50Z
2026-08-06T05:35:55Z,2026-08-06T07:35:55+0200,c3feb7e2-8675-4f7f-be40-2d97c558df74,2026-08-02T16:15:00Z,2026-08-02T18:15:00+0200,170.0,EUR/MWh,NL,NL,imbalance_price,Long,2026-08-06T05:38:50Z
2026-08-06T05:35:55Z,2026-08-06T07:35:55+0200,c3feb7e2-8675-4f7f-be40-2d97c558df74,2026-08-02T16:15:00Z,2026-08-02T18:15:00+0200,170.0,EUR/MWh,NL,NL,imbalance_price,Short,2026-08-06T05:38:50Z
2026-08-06T05:35:55Z,2026-08-06T07:35:55+0200,c3feb7e2-8675-4f7f-be40-2d97c558df74,2026-08-02T16:30:00Z,2026-08-02T18:30:00+0200,173.0,EUR/MWh,NL,NL,imbalance_price,Long,2026-08-06T05:38:50Z
2026-08-06T05:35:55Z,2026-08-06T07:35:55+0200,c3feb7e2-8675-4f7f-be40-2d97c558df74,2026-08-02T16:30:00Z,2026-08-02T18:30:00+0200,173.0,EUR/MWh,NL,NL,imbalance_price,Short,2026-08-06T05:38:50Z
2026-08-06T05:35:55Z,2026-08-06T07:35:55+0200,c3feb7e2-8675-4f7f-be40-2d97c558df74,2026-08-02T16:45:00Z,2026-08-02T18:45:00+0200,94.3,EUR/MWh,NL,NL,imbalance_price,Long,2026-08-06T05:38:50Z
2026-08-06T05:35:55Z,2026-08-06T07:35:55+0200,c3feb7e2-8675-4f7f-be40-2d97c558df74,2026-08-02T16:45:00Z,2026-08-02T18:45:00+0200,171.0,EUR/MWh,NL,NL,imbalance_price,Short,2026-08-06T05:38:50Z
2026-08-06T05:35:55Z,2026-08-06T07:35:55+0200,c3feb7e2-8675-4f7f-be40-2d97c558df74,2026-08-02T17:00:00Z,2026-08-02T19:00:00+0200,94.49,EUR/MWh,NL,NL,imbalance_price,Long,2026-08-06T05:38:50Z
2026-08-06T05:35:55Z,2026-08-06T07:35:55+0200,c3feb7e2-8675-4f7f-be40-2d97c558df74,2026-08-02T17:00:00Z,2026-08-02T19:00:00+0200,100.69,EUR/MWh,NL,NL,imbalance_price,Short,2026-08-06T05:38:50Z
2026-08-06T05:35:55Z,2026-08-06T07:35:55+0200,c3feb7e2-8675-4f7f-be40-2d97c558df74,2026-08-02T17:15:00Z,2026-08-02T19:15:00+0200,84.0,EUR/MWh,NL,NL,imbalance_price,Long,2026-08-06T05:38:50Z
2026-08-06T05:35:55Z,2026-08-06T07:35:55+0200,c3feb7e2-8675-4f7f-be40-2d97c558df74,2026-08-02T17:15:00Z,2026-08-02T19:15:00+0200,140.0,EUR/MWh,NL,NL,imbalance_price,Short,2026-08-06T05:38:50Z
2026-08-06T05:35:55Z,2026-08-06T07:35:55+0200,c3feb7e2-8675-4f7f-be40-2d97c558df74,2026-08-02T17:30:00Z,2026-08-02T19:30:00+0200,104.77,EUR/MWh,NL,NL,imbalance_price,Long,2026-08-06T05:38:50Z
2026-08-06T05:35:55Z,2026-08-06T07:35:55+0200,c3feb7e2-8675-4f7f-be40-2d97c558df74,2026-08-02T17:30:00Z,2026-08-02T19:30:00+0200,170.0,EUR/MWh,NL,NL,imbalance_price,Short,2026-08-06T05:38:50Z
2026-08-06T05:35:55Z,2026-08-06T07:35:55+0200,c3feb7e2-8675-4f7f-be40-2d97c558df74,2026-08-02T17:45:00Z,2026-08-02T19:45:00+0200,171.0,EUR/MWh,NL,NL,imbalance_price,Long,2026-08-06T05:38:50Z
2026-08-06T05:35:55Z,2026-08-06T07:35:55+0200,c3feb7e2-8675-4f7f-be40-2d97c558df74,2026-08-02T17:45:00Z,2026-08-02T19:45:00+0200,171.0,EUR/MWh,NL,NL,imbalance_price,Short,2026-08-06T05:38:50Z
2026-08-06T05:35:55Z,2026-08-06T07:35:55+0200,c3feb7e2-8675-4f7f-be40-2d97c558df74,2026-08-02T18:00:00Z,2026-08-02T20:00:00+0200,200.0,EUR/MWh,NL,NL,imbalance_price,Long,2026-08-06T05:38:50Z
2026-08-06T05:35:55Z,2026-08-06T07:35:55+0200,c3feb7e2-8675-4f7f-be40-2d97c558df74,2026-08-02T18:00:00Z,2026-08-02T20:00:00+0200,200.0,EUR/MWh,NL,NL,imbalance_price,Short,2026-08-06T05:38:50Z
2026-08-06T05:35:55Z,2026-08-06T07:35:55+0200,c3feb7e2-8675-4f7f-be40-2d97c558df74,2026-08-02T18:15:00Z,2026-08-02T20:15:00+0200,200.0,EUR/MWh,NL,NL,imbalance_price,Long,2026-08-06T05:38:50Z
2026-08-06T05:35:55Z,2026-08-06T07:35:55+0200,c3feb7e2-8675-4f7f-be40-2d97c558df74,2026-08-02T18:15:00Z,2026-08-02T20:15:00+0200,200.0,EUR/MWh,NL,NL,imbalance_price,Short,2026-08-06T05:38:50Z
2026-08-06T05:35:55Z,2026-08-06T07:35:55+0200,c3feb7e2-8675-4f7f-be40-2d97c558df74,2026-08-02T18:30:00Z,2026-08-02T20:30:00+0200,190.0,EUR/MWh,NL,NL,imbalance_price,Long,2026-08-06T05:38:50Z
2026-08-06T05:35:55Z,2026-08-06T07:35:55+0200,c3feb7e2-8675-4f7f-be40-2d97c558df74,2026-08-02T18:30:00Z,2026-08-02T20:30:00+0200,190.0,EUR/MWh,NL,NL,imbalance_price,Short,2026-08-06T05:38:50Z
2026-08-06T05:35:55Z,2026-08-06T07:35:55+0200,c3feb7e2-8675-4f7f-be40-2d97c558df74,2026-08-02T18:45:00Z,2026-08-02T20:45:00+0200,131.14,EUR/MWh,NL,NL,imbalance_price,Long,2026-08-06T05:38:50Z
2026-08-06T05:35:55Z,2026-08-06T07:35:55+0200,c3feb7e2-8675-4f7f-be40-2d97c558df74,2026-08-02T18:45:00Z,2026-08-02T20:45:00+0200,171.0,EUR/MWh,NL,NL,imbalance_price,Short,2026-08-06T05:38:50Z
2026-08-06T05:35:55Z,2026-08-06T07:35:55+0200,c3feb7e2-8675-4f7f-be40-2d97c558df74,2026-08-02T19:00:00Z,2026-08-02T21:00:00+0200,130.16,EUR/MWh,NL,NL,imbalance_price,Long,2026-08-06T05:38:50Z
2026-08-06T05:35:55Z,2026-08-06T07:35:55+0200,c3feb7e2-8675-4f7f-be40-2d97c558df74,2026-08-02T19:00:00Z,2026-08-02T21:00:00+0200,130.16,EUR/MWh,NL,NL,imbalance_price,Short,2026-08-06T05:38:50Z
2026-08-06T05:35:55Z,2026-08-06T07:35:55+0200,c3feb7e2-8675-4f7f-be40-2d97c558df74,2026-08-02T19:15:00Z,2026-08-02T21:15:00+0200,130.44,EUR/MWh,NL,NL,imbalance_price,Long,2026-08-06T05:38:50Z
2026-08-06T05:35:55Z,2026-08-06T07:35:55+0200,c3feb7e2-8675-4f7f-be40-2d97c558df74,2026-08-02T19:15:00Z,2026-08-02T21:15:00+0200,130.44,EUR/MWh,NL,NL,imbalance_price,Short,2026-08-06T05:38:50Z
2026-08-06T05:35:55Z,2026-08-06T07:35:55+0200,c3feb7e2-8675-4f7f-be40-2d97c558df74,2026-08-02T19:30:00Z,2026-08-02T21:30:00+0200,128.99,EUR/MWh,NL,NL,imbalance_price,Long,2026-08-06T05:38:50Z
2026-08-06T05:35:55Z,2026-08-06T07:35:55+0200,c3feb7e2-8675-4f7f-be40-2d97c558df74,2026-08-02T19:30:00Z,2026-08-02T21:30:00+0200,128.99,EUR/MWh,NL,NL,imbalance_price,Short,2026-08-06T05:38:50Z
2026-08-06T05:35:55Z,2026-08-06T07:35:55+0200,c3feb7e2-8675-4f7f-be40-2d97c558df74,2026-08-02T19:45:00Z,2026-08-02T21:45:00+0200,127.79,EUR/MWh,NL,NL,imbalance_price,Long,2026-08-06T05:38:50Z
2026-08-06T05:35:55Z,2026-08-06T07:35:55+0200,c3feb7e2-8675-4f7f-be40-2d97c558df74,2026-08-02T19:45:00Z,2026-08-02T21:45:00+0200,140.0,EUR/MWh,NL,NL,imbalance_price,Short,2026-08-06T05:38:50Z
2026-08-06T05:35:55Z,2026-08-06T07:35:55+0200,c3feb7e2-8675-4f7f-be40-2d97c558df74,2026-08-02T20:00:00Z,2026-08-02T22:00:00+0200,126.8,EUR/MWh,NL,NL,imbalance_price,Long,2026-08-06T05:38:50Z
2026-08-06T05:35:55Z,2026-08-06T07:35:55+0200,c3feb7e2-8675-4f7f-be40-2d97c558df74,2026-08-02T20:00:00Z,2026-08-02T22:00:00+0200,150.0,EUR/MWh,NL,NL,imbalance_price,Short,2026-08-06T05:38:50Z
2026-08-06T05:35:55Z,2026-08-06T07:35:55+0200,c3feb7e2-8675-4f7f-be40-2d97c558df74,2026-08-02T20:15:00Z,2026-08-02T22:15:00+0200,120.69,EUR/MWh,NL,NL,imbalance_price,Long,2026-08-06T05:38:50Z
2026-08-06T05:35:55Z,2026-08-06T07:35:55+0200,c3feb7e2-8675-4f7f-be40-2d97c558df74,2026-08-02T20:15:00Z,2026-08-02T22:15:00+0200,171.0,EUR/MWh,NL,NL,imbalance_price,Short,2026-08-06T05:38:50Z
2026-08-06T05:35:55Z,2026-08-06T07:35:55+0200,c3feb7e2-8675-4f7f-be40-2d97c558df74,2026-08-02T20:30:00Z,2026-08-02T22:30:00+0200,118.0,EUR/MWh,NL,NL,imbalance_price,Long,2026-08-06T05:38:50Z
2026-08-06T05:35:55Z,2026-08-06T07:35:55+0200,c3feb7e2-8675-4f7f-be40-2d97c558df74,2026-08-02T20:30:00Z,2026-08-02T22:30:00+0200,123.96,EUR/MWh,NL,NL,imbalance_price,Short,2026-08-06T05:38:50Z
2026-08-06T05:35:55Z,2026-08-06T07:35:55+0200,c3feb7e2-8675-4f7f-be40-2d97c558df74,2026-08-02T20:45:00Z,2026-08-02T22:45:00+0200,110.69,EUR/MWh,NL,NL,imbalance_price,Long,2026-08-06T05:38:50Z
2026-08-06T05:35:55Z,2026-08-06T07:35:55+0200,c3feb7e2-8675-4f7f-be40-2d97c558df74,2026-08-02T20:45:00Z,2026-08-02T22:45:00+0200,122.95,EUR/MWh,NL,NL,imbalance_price,Short,2026-08-06T05:38:50Z
2026-08-06T05:35:55Z,2026-08-06T07:35:55+0200,c3feb7e2-8675-4f7f-be40-2d97c558df74,2026-08-02T21:00:00Z,2026-08-02T23:00:00+0200,110.69,EUR/MWh,NL,NL,imbalance_price,Long,2026-08-06T05:38:50Z
2026-08-06T05:35:55Z,2026-08-06T07:35:55+0200,c3feb7e2-8675-4f7f-be40-2d97c558df74,2026-08-02T21:00:00Z,2026-08-02T23:00:00+0200,122.11,EUR/MWh,NL,NL,imbalance_price,Short,2026-08-06T05:38:50Z
2026-08-06T05:35:55Z,2026-08-06T07:35:55+0200,c3feb7e2-8675-4f7f-be40-2d97c558df74,2026-08-02T21:15:00Z,2026-08-02T23:15:00+0200,112.75,EUR/MWh,NL,NL,imbalance_price,Long,2026-08-06T05:38:50Z
2026-08-06T05:35:55Z,2026-08-06T07:35:55+0200,c3feb7e2-8675-4f7f-be40-2d97c558df74,2026-08-02T21:15:00Z,2026-08-02T23:15:00+0200,120.68,EUR/MWh,NL,NL,imbalance_price,Short,2026-08-06T05:38:50Z
2026-08-06T05:35:55Z,2026-08-06T07:35:55+0200,c3feb7e2-8675-4f7f-be40-2d97c558df74,2026-08-02T21:30:00Z,2026-08-02T23:30:00+0200,106.2,EUR/MWh,NL,NL,imbalance_price,Long,2026-08-06T05:38:50Z
2026-08-06T05:35:55Z,2026-08-06T07:35:55+0200,c3feb7e2-8675-4f7f-be40-2d97c558df74,2026-08-02T21:30:00Z,2026-08-02T23:30:00+0200,121.5,EUR/MWh,NL,NL,imbalance_price,Short,2026-08-06T05:38:50Z
2026-08-06T05:35:55Z,2026-08-06T07:35:55+0200,c3feb7e2-8675-4f7f-be40-2d97c558df74,2026-08-02T21:45:00Z,2026-08-02T23:45:00+0200,110.69,EUR/MWh,NL,NL,imbalance_price,Long,2026-08-06T05:38:50Z
2026-08-06T05:35:55Z,2026-08-06T07:35:55+0200,c3feb7e2-8675-4f7f-be40-2d97c558df74,2026-08-02T21:45:00Z,2026-08-02T23:45:00+0200,120.76,EUR/MWh,NL,NL,imbalance_price,Short,2026-08-06T05:38:50Z
2026-08-06T05:35:55Z,2026-08-06T07:35:55+0200,c3feb7e2-8675-4f7f-be40-2d97c558df74,2026-08-02T22:00:00Z,2026-08-03T00:00:00+0200,105.09,EUR/MWh,NL,NL,imbalance_price,Long,2026-08-06T05:38:50Z
2026-08-06T05:35:55Z,2026-08-06T07:35:55+0200,c3feb7e2-8675-4f7f-be40-2d97c558df74,2026-08-02T22:00:00Z,2026-08-03T00:00:00+0200,135.0,EUR/MWh,NL,NL,imbalance_price,Short,2026-08-06T05:38:50Z
2026-08-06T05:35:55Z,2026-08-06T07:35:55+0200,c3feb7e2-8675-4f7f-be40-2d97c558df74,2026-08-02T22:15:00Z,2026-08-03T00:15:00+0200,119.82,EUR/MWh,NL,NL,imbalance_price,Long,2026-08-06T05:38:50Z
2026-08-06T05:35:55Z,2026-08-06T07:35:55+0200,c3feb7e2-8675-4f7f-be40-2d97c558df74,2026-08-02T22:15:00Z,2026-08-03T00:15:00+0200,119.82,EUR/MWh,NL,NL,imbalance_price,Short,2026-08-06T05:38:50Z
2026-08-06T05:35:55Z,2026-08-06T07:35:55+0200,c3feb7e2-8675-4f7f-be40-2d97c558df74,2026-08-02T22:30:00Z,2026-08-03T00:30:00+0200,115.0,EUR/MWh,NL,NL,imbalance_price,Long,2026-08-06T05:38:50Z
2026-08-06T05:35:55Z,2026-08-06T07:35:55+0200,c3feb7e2-8675-4f7f-be40-2d97c558df74,2026-08-02T22:30:00Z,2026-08-03T00:30:00+0200,115.0,EUR/MWh,NL,NL,imbalance_price,Short,2026-08-06T05:38:50Z
2026-08-06T05:35:55Z,2026-08-06T07:35:55+0200,c3feb7e2-8675-4f7f-be40-2d97c558df74,2026-08-02T22:45:00Z,2026-08-03T00:45:00+0200,149.37,EUR/MWh,NL,NL,imbalance_price,Long,2026-08-06T05:38:50Z
2026-08-06T05:35:55Z,2026-08-06T07:35:55+0200,c3feb7e2-8675-4f7f-be40-2d97c558df74,2026-08-02T22:45:00Z,2026-08-03T00:45:00+0200,149.37,EUR/MWh,NL,NL,imbalance_price,Short,2026-08-06T05:38:50Z
2026-08-06T05:35:55Z,2026-08-06T07:35:55+0200,c3feb7e2-8675-4f7f-be40-2d97c558df74,2026-08-02T23:00:00Z,2026-08-03T01:00:00+0200,135.0,EUR/MWh,NL,NL,imbalance_price,Long,2026-08-06T05:38:50Z
2026-08-06T05:35:55Z,2026-08-06T07:35:55+0200,c3feb7e2-8675-4f7f-be40-2d97c558df74,2026-08-02T23:00:00Z,2026-08-03T01:00:00+0200,135.0,EUR/MWh,NL,NL,imbalance_price,Short,2026-08-06T05:38:50Z
2026-08-06T05:35:55Z,2026-08-06T07:35:55+0200,c3feb7e2-8675-4f7f-be40-2d97c558df74,2026-08-02T23:15:00Z,2026-08-03T01:15:00+0200,98.26,EUR/MWh,NL,NL,imbalance_price,Long,2026-08-06T05:38:50Z
2026-08-06T05:35:55Z,2026-08-06T07:35:55+0200,c3feb7e2-8675-4f7f-be40-2d97c558df74,2026-08-02T23:15:00Z,2026-08-03T01:15:00+0200,124.29,EUR/MWh,NL,NL,imbalance_price,Short,2026-08-06T05:38:50Z
2026-08-06T05:35:55Z,2026-08-06T07:35:55+0200,c3feb7e2-8675-4f7f-be40-2d97c558df74,2026-08-02T23:30:00Z,2026-08-03T01:30:00+0200,101.81,EUR/MWh,NL,NL,imbalance_price,Long,2026-08-06T05:38:50Z
2026-08-06T05:35:55Z,2026-08-06T07:35:55+0200,c3feb7e2-8675-4f7f-be40-2d97c558df74,2026-08-02T23:30:00Z,2026-08-03T01:30:00+0200,123.61,EUR/MWh,NL,NL,imbalance_price,Short,2026-08-06T05:38:50Z
2026-08-06T05:35:55Z,2026-08-06T07:35:55+0200,c3feb7e2-8675-4f7f-be40-2d97c558df74,2026-08-02T23:45:00Z,2026-08-03T01:45:00+0200,103.2,EUR/MWh,NL,NL,imbalance_price,Long,2026-08-06T05:38:50Z
2026-08-06T05:35:55Z,2026-08-06T07:35:55+0200,c3feb7e2-8675-4f7f-be40-2d97c558df74,2026-08-02T23:45:00Z,2026-08-03T01:45:00+0200,103.2,EUR/MWh,NL,NL,imbalance_price,Short,2026-08-06T05:38:50Z
2026-08-06T05:35:55Z,2026-08-06T07:35:55+0200,c3feb7e2-8675-4f7f-be40-2d97c558df74,2026-08-03T00:00:00Z,2026-08-03T02:00:00+0200,123.7,EUR/MWh,NL,NL,imbalance_price,Long,2026-08-06T05:38:50Z
2026-08-06T05:35:55Z,2026-08-06T07:35:55+0200,c3feb7e2-8675-4f7f-be40-2d97c558df74,2026-08-03T00:00:00Z,2026-08-03T02:00:00+0200,123.7,EUR/MWh,NL,NL,imbalance_price,Short,2026-08-06T05:38:50Z
2026-08-06T05:35:55Z,2026-08-06T07:35:55+0200,c3feb7e2-8675-4f7f-be40-2d97c558df74,2026-08-03T00:15:00Z,2026-08-03T02:15:00+0200,107.9,EUR/MWh,NL,NL,imbalance_price,Long,2026-08-06T05:38:50Z
2026-08-06T05:35:55Z,2026-08-06T07:35:55+0200,c3feb7e2-8675-4f7f-be40-2d97c558df74,2026-08-03T00:15:00Z,2026-08-03T02:15:00+0200,107.9,EUR/MWh,NL,NL,imbalance_price,Short,2026-08-06T05:38:50Z
2026-08-06T05:35:55Z,2026-08-06T07:35:55+0200,c3feb7e2-8675-4f7f-be40-2d97c558df74,2026-08-03T00:30:00Z,2026-08-03T02:30:00+0200,97.1,EUR/MWh,NL,NL,imbalance_price,Long,2026-08-06T05:38:50Z
2026-08-06T05:35:55Z,2026-08-06T07:35:55+0200,c3feb7e2-8675-4f7f-be40-2d97c558df74,2026-08-03T00:30:00Z,2026-08-03T02:30:00+0200,97.1,EUR/MWh,NL,NL,imbalance_price,Short,2026-08-06T05:38:50Z
2026-08-06T05:35:55Z,2026-08-06T07:35:55+0200,c3feb7e2-8675-4f7f-be40-2d97c558df74,2026-08-03T00:45:00Z,2026-08-03T02:45:00+0200,95.61,EUR/MWh,NL,NL,imbalance_price,Long,2026-08-06T05:38:50Z
2026-08-06T05:35:55Z,2026-08-06T07:35:55+0200,c3feb7e2-8675-4f7f-be40-2d97c558df74,2026-08-03T00:45:00Z,2026-08-03T02:45:00+0200,95.61,EUR/MWh,NL,NL,imbalance_price,Short,2026-08-06T05:38:50Z
2026-08-06T05:35:55Z,2026-08-06T07:35:55+0200,c3feb7e2-8675-4f7f-be40-2d97c558df74,2026-08-03T01:00:00Z,2026-08-03T03:00:00+0200,97.1,EUR/MWh,NL,NL,imbalance_price,Long,2026-08-06T05:38:50Z
2026-08-06T05:35:55Z,2026-08-06T07:35:55+0200,c3feb7e2-8675-4f7f-be40-2d97c558df74,2026-08-03T01:00:00Z,2026-08-03T03:00:00+0200,97.1,EUR/MWh,NL,NL,imbalance_price,Short,2026-08-06T05:38:50Z
2026-08-06T05:35:55Z,2026-08-06T07:35:55+0200,c3feb7e2-8675-4f7f-be40-2d97c558df74,2026-08-03T01:15:00Z,2026-08-03T03:15:00+0200,120.68,EUR/MWh,NL,NL,imbalance_price,Long,2026-08-06T05:38:50Z
2026-08-06T05:35:55Z,2026-08-06T07:35:55+0200,c3feb7e2-8675-4f7f-be40-2d97c558df74,2026-08-03T01:15:00Z,2026-08-03T03:15:00+0200,120.68,EUR/MWh,NL,NL,imbalance_price,Short,2026-08-06T05:38:50Z
2026-08-06T05:35:55Z,2026-08-06T07:35:55+0200,c3feb7e2-8675-4f7f-be40-2d97c558df74,2026-08-03T01:30:00Z,2026-08-03T03:30:00+0200,120.68,EUR/MWh,NL,NL,imbalance_price,Long,2026-08-06T05:38:50Z
2026-08-06T05:35:55Z,2026-08-06T07:35:55+0200,c3feb7e2-8675-4f7f-be40-2d97c558df74,2026-08-03T01:30:00Z,2026-08-03T03:30:00+0200,120.68,EUR/MWh,NL,NL,imbalance_price,Short,2026-08-06T05:38:50Z
2026-08-06T05:35:55Z,2026-08-06T07:35:55+0200,c3feb7e2-8675-4f7f-be40-2d97c558df74,2026-08-03T01:45:00Z,2026-08-03T03:45:00+0200,101.76,EUR/MWh,NL,NL,imbalance_price,Long,2026-08-06T05:38:50Z
2026-08-06T05:35:55Z,2026-08-06T07:35:55+0200,c3feb7e2-8675-4f7f-be40-2d97c558df74,2026-08-03T01:45:00Z,2026-08-03T03:45:00+0200,101.76,EUR/MWh,NL,NL,imbalance_price,Short,2026-08-06T05:38:50Z
2026-08-06T05:35:55Z,2026-08-06T07:35:55+0200,c3feb7e2-8675-4f7f-be40-2d97c558df74,2026-08-03T02:00:00Z,2026-08-03T04:00:00+0200,97.2,EUR/MWh,NL,NL,imbalance_price,Long,2026-08-06T05:38:50Z
2026-08-06T05:35:55Z,2026-08-06T07:35:55+0200,c3feb7e2-8675-4f7f-be40-2d97c558df74,2026-08-03T02:00:00Z,2026-08-03T04:00:00+0200,125.67,EUR/MWh,NL,NL,imbalance_price,Short,2026-08-06T05:38:50Z
2026-08-06T05:35:55Z,2026-08-06T07:35:55+0200,c3feb7e2-8675-4f7f-be40-2d97c558df74,2026-08-03T02:15:00Z,2026-08-03T04:15:00+0200,107.38,EUR/MWh,NL,NL,imbalance_price,Long,2026-08-06T05:38:50Z
2026-08-06T05:35:55Z,2026-08-06T07:35:55+0200,c3feb7e2-8675-4f7f-be40-2d97c558df74,2026-08-03T02:15:00Z,2026-08-03T04:15:00+0200,114.0,EUR/MWh,NL,NL,imbalance_price,Short,2026-08-06T05:38:50Z
2026-08-06T05:35:55Z,2026-08-06T07:35:55+0200,c3feb7e2-8675-4f7f-be40-2d97c558df74,2026-08-03T02:30:00Z,2026-08-03T04:30:00+0200,103.41,EUR/MWh,NL,NL,imbalance_price,Long,2026-08-06T05:38:50Z
2026-08-06T05:35:55Z,2026-08-06T07:35:55+0200,c3feb7e2-8675-4f7f-be40-2d97c558df74,2026-08-03T02:30:00Z,2026-08-03T04:30:00+0200,135.0,EUR/MWh,NL,NL,imbalance_price,Short,2026-08-06T05:38:50Z
2026-08-06T05:35:55Z,2026-08-06T07:35:55+0200,c3feb7e2-8675-4f7f-be40-2d97c558df74,2026-08-03T02:45:00Z,2026-08-03T04:45:00+0200,104.65,EUR/MWh,NL,NL,imbalance_price,Long,2026-08-06T05:38:50Z
2026-08-06T05:35:55Z,2026-08-06T07:35:55+0200,c3feb7e2-8675-4f7f-be40-2d97c558df74,2026-08-03T02:45:00Z,2026-08-03T04:45:00+0200,114.0,EUR/MWh,NL,NL,imbalance_price,Short,2026-08-06T05:38:50Z
2026-08-06T05:35:55Z,2026-08-06T07:35:55+0200,c3feb7e2-8675-4f7f-be40-2d97c558df74,2026-08-03T03:00:00Z,2026-08-03T05:00:00+0200,115.96,EUR/MWh,NL,NL,imbalance_price,Long,2026-08-06T05:38:50Z
2026-08-06T05:35:55Z,2026-08-06T07:35:55+0200,c3feb7e2-8675-4f7f-be40-2d97c558df74,2026-08-03T03:00:00Z,2026-08-03T05:00:00+0200,115.96,EUR/MWh,NL,NL,imbalance_price,Short,2026-08-06T05:38:50Z
2026-08-06T05:35:55Z,2026-08-06T07:35:55+0200,c3feb7e2-8675-4f7f-be40-2d97c558df74,2026-08-03T03:15:00Z,2026-08-03T05:15:00+0200,166.0,EUR/MWh,NL,NL,imbalance_price,Long,2026-08-06T05:38:50Z
2026-08-06T05:35:55Z,2026-08-06T07:35:55+0200,c3feb7e2-8675-4f7f-be40-2d97c558df74,2026-08-03T03:15:00Z,2026-08-03T05:15:00+0200,166.0,EUR/MWh,NL,NL,imbalance_price,Short,2026-08-06T05:38:50Z
2026-08-06T05:35:55Z,2026-08-06T07:35:55+0200,c3feb7e2-8675-4f7f-be40-2d97c558df74,2026-08-03T03:30:00Z,2026-08-03T05:30:00+0200,123.7,EUR/MWh,NL,NL,imbalance_price,Long,2026-08-06T05:38:50Z
2026-08-06T05:35:55Z,2026-08-06T07:35:55+0200,c3feb7e2-8675-4f7f-be40-2d97c558df74,2026-08-03T03:30:00Z,2026-08-03T05:30:00+0200,123.7,EUR/MWh,NL,NL,imbalance_price,Short,2026-08-06T05:38:50Z
2026-08-06T05:35:55Z,2026-08-06T07:35:55+0200,c3feb7e2-8675-4f7f-be40-2d97c558df74,2026-08-03T03:45:00Z,2026-08-03T05:45:00+0200,107.9,EUR/MWh,NL,NL,imbalance_price,Long,2026-08-06T05:38:50Z
2026-08-06T05:35:55Z,2026-08-06T07:35:55+0200,c3feb7e2-8675-4f7f-be40-2d97c558df74,2026-08-03T03:45:00Z,2026-08-03T05:45:00+0200,107.9,EUR/MWh,NL,NL,imbalance_price,Short,2026-08-06T05:38:50Z
2026-08-06T05:35:55Z,2026-08-06T07:35:55+0200,c3feb7e2-8675-4f7f-be40-2d97c558df74,2026-08-03T04:00:00Z,2026-08-03T06:00:00+0200,76.59,EUR/MWh,NL,NL,imbalance_price,Long,2026-08-06T05:38:50Z
2026-08-06T05:35:55Z,2026-08-06T07:35:55+0200,c3feb7e2-8675-4f7f-be40-2d97c558df74,2026-08-03T04:00:00Z,2026-08-03T06:00:00+0200,76.59,EUR/MWh,NL,NL,imbalance_price,Short,2026-08-06T05:38:50Z
2026-08-06T05:35:55Z,2026-08-06T07:35:55+0200,c3feb7e2-8675-4f7f-be40-2d97c558df74,2026-08-03T04:15:00Z,2026-08-03T06:15:00+0200,109.04,EUR/MWh,NL,NL,imbalance_price,Long,2026-08-06T05:38:50Z
2026-08-06T05:35:55Z,2026-08-06T07:35:55+0200,c3feb7e2-8675-4f7f-be40-2d97c558df74,2026-08-03T04:15:00Z,2026-08-03T06:15:00+0200,109.04,EUR/MWh,NL,NL,imbalance_price,Short,2026-08-06T05:38:50Z
2026-08-06T05:35:55Z,2026-08-06T07:35:55+0200,c3feb7e2-8675-4f7f-be40-2d97c558df74,2026-08-03T04:30:00Z,2026-08-03T06:30:00+0200,104.99,EUR/MWh,NL,NL,imbalance_price,Long,2026-08-06T05:38:50Z
2026-08-06T05:35:55Z,2026-08-06T07:35:55+0200,c3feb7e2-8675-4f7f-be40-2d97c558df74,2026-08-03T04:30:00Z,2026-08-03T06:30:00+0200,104.99,EUR/MWh,NL,NL,imbalance_price,Short,2026-08-06T05:38:50Z
2026-08-06T05:35:55Z,2026-08-06T07:35:55+0200,c3feb7e2-8675-4f7f-be40-2d97c558df74,2026-08-03T04:45:00Z,2026-08-03T06:45:00+0200,95.29,EUR/MWh,NL,NL,imbalance_price,Long,2026-08-06T05:38:50Z
2026-08-06T05:35:55Z,2026-08-06T07:35:55+0200,c3feb7e2-8675-4f7f-be40-2d97c558df74,2026-08-03T04:45:00Z,2026-08-03T06:45:00+0200,100.68,EUR/MWh,NL,NL,imbalance_price,Short,2026-08-06T05:38:50Z
2026-08-06T05:35:55Z,2026-08-06T07:35:55+0200,c3feb7e2-8675-4f7f-be40-2d97c558df74,2026-08-03T05:00:00Z,2026-08-03T07:00:00+0200,135.0,EUR/MWh,NL,NL,imbalance_price,Long,2026-08-06T05:38:50Z
2026-08-06T05:35:55Z,2026-08-06T07:35:55+0200,c3feb7e2-8675-4f7f-be40-2d97c558df74,2026-08-03T05:00:00Z,2026-08-03T07:00:00+0200,135.0,EUR/MWh,NL,NL,imbalance_price,Short,2026-08-06T05:38:50Z
2026-08-06T05:35:55Z,2026-08-06T07:35:55+0200,c3feb7e2-8675-4f7f-be40-2d97c558df74,2026-08-03T05:15:00Z,2026-08-03T07:15:00+0200,114.43,EUR/MWh,NL,NL,imbalance_price,Long,2026-08-06T05:38:50Z
2026-08-06T05:35:55Z,2026-08-06T07:35:55+0200,c3feb7e2-8675-4f7f-be40-2d97c558df74,2026-08-03T05:15:00Z,2026-08-03T07:15:00+0200,114.43,EUR/MWh,NL,NL,imbalance_price,Short,2026-08-06T05:38:50Z
2026-08-06T05:35:55Z,2026-08-06T07:35:55+0200,c3feb7e2-8675-4f7f-be40-2d97c558df74,2026-08-03T05:30:00Z,2026-08-03T07:30:00+0200,74.3,EUR/MWh,NL,NL,imbalance_price,Long,2026-08-06T05:38:50Z
2026-08-06T05:35:55Z,2026-08-06T07:35:55+0200,c3feb7e2-8675-4f7f-be40-2d97c558df74,2026-08-03T05:30:00Z,2026-08-03T07:30:00+0200,74.3,EUR/MWh,NL,NL,imbalance_price,Short,2026-08-06T05:38:50Z
2026-08-06T05:35:55Z,2026-08-06T07:35:55+0200,c3feb7e2-8675-4f7f-be40-2d97c558df74,2026-08-03T05:45:00Z,2026-08-03T07:45:00+0200,107.87,EUR/MWh,NL,NL,imbalance_price,Long,2026-08-06T05:38:50Z
2026-08-06T05:35:55Z,2026-08-06T07:35:55+0200,c3feb7e2-8675-4f7f-be40-2d97c558df74,2026-08-03T05:45:00Z,2026-08-03T07:45:00+0200,114.0,EUR/MWh,NL,NL,imbalance_price,Short,2026-08-06T05:38:50Z
2026-08-06T05:35:55Z,2026-08-06T07:35:55+0200,c3feb7e2-8675-4f7f-be40-2d97c558df74,2026-08-03T06:00:00Z,2026-08-03T08:00:00+0200,108.0,EUR/MWh,NL,NL,imbalance_price,Long,2026-08-06T05:38:50Z
2026-08-06T05:35:55Z,2026-08-06T07:35:55+0200,c3feb7e2-8675-4f7f-be40-2d97c558df74,2026-08-03T06:00:00Z,2026-08-03T08:00:00+0200,173.0,EUR/MWh,NL,NL,imbalance_price,Short,2026-08-06T05:38:50Z
2026-08-06T05:35:55Z,2026-08-06T07:35:55+0200,c3feb7e2-8675-4f7f-be40-2d97c558df74,2026-08-03T06:15:00Z,2026-08-03T08:15:00+0200,185.0,EUR/MWh,NL,NL,imbalance_price,Long,2026-08-06T05:38:50Z
2026-08-06T05:35:55Z,2026-08-06T07:35:55+0200,c3feb7e2-8675-4f7f-be40-2d97c558df74,2026-08-03T06:15:00Z,2026-08-03T08:15:00+0200,185.0,EUR/MWh,NL,NL,imbalance_price,Short,2026-08-06T05:38:50Z
2026-08-06T05:35:55Z,2026-08-06T07:35:55+0200,c3feb7e2-8675-4f7f-be40-2d97c558df74,2026-08-03T06:30:00Z,2026-08-03T08:30:00+0200,108.99,EUR/MWh,NL,NL,imbalance_price,Long,2026-08-06T05:38:50Z
2026-08-06T05:35:55Z,2026-08-06T07:35:55+0200,c3feb7e2-8675-4f7f-be40-2d97c558df74,2026-08-03T06:30:00Z,2026-08-03T08:30:00+0200,173.0,EUR/MWh,NL,NL,imbalance_price,Short,2026-08-06T05:38:50Z
2026-08-06T05:35:55Z,2026-08-06T07:35:55+0200,c3feb7e2-8675-4f7f-be40-2d97c558df74,2026-08-03T06:45:00Z,2026-08-03T08:45:00+0200,116.12,EUR/MWh,NL,NL,imbalance_price,Long,2026-08-06T05:38:50Z
2026-08-06T05:35:55Z,2026-08-06T07:35:55+0200,c3feb7e2-8675-4f7f-be40-2d97c558df74,2026-08-03T06:45:00Z,2026-08-03T08:45:00+0200,159.0,EUR/MWh,NL,NL,imbalance_price,Short,2026-08-06T05:38:50Z
2026-08-06T05:35:55Z,2026-08-06T07:35:55+0200,c3feb7e2-8675-4f7f-be40-2d97c558df74,2026-08-03T07:00:00Z,2026-08-03T09:00:00+0200,93.0,EUR/MWh,NL,NL,imbalance_price,Long,2026-08-06T05:38:50Z
2026-08-06T05:35:55Z,2026-08-06T07:35:55+0200,c3feb7e2-8675-4f7f-be40-2d97c558df74,2026-08-03T07:00:00Z,2026-08-03T09:00:00+0200,173.0,EUR/MWh,NL,NL,imbalance_price,Short,2026-08-06T05:38:50Z
2026-08-06T05:35:55Z,2026-08-06T07:35:55+0200,c3feb7e2-8675-4f7f-be40-2d97c558df74,2026-08-03T07:15:00Z,2026-08-03T09:15:00+0200,95.61,EUR/MWh,NL,NL,imbalance_price,Long,2026-08-06T05:38:50Z
2026-08-06T05:35:55Z,2026-08-06T07:35:55+0200,c3feb7e2-8675-4f7f-be40-2d97c558df74,2026-08-03T07:15:00Z,2026-08-03T09:15:00+0200,153.0,EUR/MWh,NL,NL,imbalance_price,Short,2026-08-06T05:38:50Z
2026-08-06T05:35:55Z,2026-08-06T07:35:55+0200,c3feb7e2-8675-4f7f-be40-2d97c558df74,2026-08-03T07:30:00Z,2026-08-03T09:30:00+0200,50.0,EUR/MWh,NL,NL,imbalance_price,Long,2026-08-06T05:38:50Z
2026-08-06T05:35:55Z,2026-08-06T07:35:55+0200,c3feb7e2-8675-4f7f-be40-2d97c558df74,2026-08-03T07:30:00Z,2026-08-03T09:30:00+0200,173.0,EUR/MWh,NL,NL,imbalance_price,Short,2026-08-06T05:38:50Z
2026-08-06T05:35:55Z,2026-08-06T07:35:55+0200,c3feb7e2-8675-4f7f-be40-2d97c558df74,2026-08-03T07:45:00Z,2026-08-03T09:45:00+0200,94.0,EUR/MWh,NL,NL,imbalance_price,Long,2026-08-06T05:38:50Z
2026-08-06T05:35:55Z,2026-08-06T07:35:55+0200,c3feb7e2-8675-4f7f-be40-2d97c558df74,2026-08-03T07:45:00Z,2026-08-03T09:45:00+0200,94.0,EUR/MWh,NL,NL,imbalance_price,Short,2026-08-06T05:38:50Z
2026-08-06T05:35:55Z,2026-08-06T07:35:55+0200,c3feb7e2-8675-4f7f-be40-2d97c558df74,2026-08-03T08:00:00Z,2026-08-03T10:00:00+0200,1.0,EUR/MWh,NL,NL,imbalance_price,Long,2026-08-06T05:38:50Z
2026-08-06T05:35:55Z,2026-08-06T07:35:55+0200,c3feb7e2-8675-4f7f-be40-2d97c558df74,2026-08-03T08:00:00Z,2026-08-03T10:00:00+0200,90.68,EUR/MWh,NL,NL,imbalance_price,Short,2026-08-06T05:38:50Z
2026-08-06T05:35:55Z,2026-08-06T07:35:55+0200,c3feb7e2-8675-4f7f-be40-2d97c558df74,2026-08-03T08:15:00Z,2026-08-03T10:15:00+0200,-12.0,EUR/MWh,NL,NL,imbalance_price,Long,2026-08-06T05:38:50Z
2026-08-06T05:35:55Z,2026-08-06T07:35:55+0200,c3feb7e2-8675-4f7f-be40-2d97c558df74,2026-08-03T08:15:00Z,2026-08-03T10:15:00+0200,-12.0,EUR/MWh,NL,NL,imbalance_price,Short,2026-08-06T05:38:50Z
2026-08-06T05:35:55Z,2026-08-06T07:35:55+0200,c3feb7e2-8675-4f7f-be40-2d97c558df74,2026-08-03T08:30:00Z,2026-08-03T10:30:00+0200,-7.6,EUR/MWh,NL,NL,imbalance_price,Long,2026-08-06T05:38:50Z
2026-08-06T05:35:55Z,2026-08-06T07:35:55+0200,c3feb7e2-8675-4f7f-be40-2d97c558df74,2026-08-03T08:30:00Z,2026-08-03T10:30:00+0200,-7.6,EUR/MWh,NL,NL,imbalance_price,Short,2026-08-06T05:38:50Z
2026-08-06T05:35:55Z,2026-08-06T07:35:55+0200,c3feb7e2-8675-4f7f-be40-2d97c558df74,2026-08-03T08:45:00Z,2026-08-03T10:45:00+0200,50.0,EUR/MWh,NL,NL,imbalance_price,Long,2026-08-06T05:38:50Z
2026-08-06T05:35:55Z,2026-08-06T07:35:55+0200,c3feb7e2-8675-4f7f-be40-2d97c558df74,2026-08-03T08:45:00Z,2026-08-03T10:45:00+0200,68.49,EUR/MWh,NL,NL,imbalance_price,Short,2026-08-06T05:38:50Z
2026-08-06T05:35:55Z,2026-08-06T07:35:55+0200,c3feb7e2-8675-4f7f-be40-2d97c558df74,2026-08-03T09:00:00Z,2026-08-03T11:00:00+0200,10.0,EUR/MWh,NL,NL,imbalance_price,Long,2026-08-06T05:38:50Z
2026-08-06T05:35:55Z,2026-08-06T07:35:55+0200,c3feb7e2-8675-4f7f-be40-2d97c558df74,2026-08-03T09:00:00Z,2026-08-03T11:00:00+0200,173.0,EUR/MWh,NL,NL,imbalance_price,Short,2026-08-06T05:38:50Z
2026-08-06T05:35:55Z,2026-08-06T07:35:55+0200,c3feb7e2-8675-4f7f-be40-2d97c558df74,2026-08-03T09:15:00Z,2026-08-03T11:15:00+0200,10.0,EUR/MWh,NL,NL,imbalance_price,Long,2026-08-06T05:38:50Z
2026-08-06T05:35:55Z,2026-08-06T07:35:55+0200,c3feb7e2-8675-4f7f-be40-2d97c558df74,2026-08-03T09:15:00Z,2026-08-03T11:15:00+0200,130.96,EUR/MWh,NL,NL,imbalance_price,Short,2026-08-06T05:38:50Z
2026-08-06T05:35:55Z,2026-08-06T07:35:55+0200,c3feb7e2-8675-4f7f-be40-2d97c558df74,2026-08-03T09:30:00Z,2026-08-03T11:30:00+0200,-1.5,EUR/MWh,NL,NL,imbalance_price,Long,2026-08-06T05:38:50Z
2026-08-06T05:35:55Z,2026-08-06T07:35:55+0200,c3feb7e2-8675-4f7f-be40-2d97c558df74,2026-08-03T09:30:00Z,2026-08-03T11:30:00+0200,-1.5,EUR/MWh,NL,NL,imbalance_price,Short,2026-08-06T05:38:50Z
2026-08-06T05:35:55Z,2026-08-06T07:35:55+0200,c3feb7e2-8675-4f7f-be40-2d97c558df74,2026-08-03T09:45:00Z,2026-08-03T11:45:00+0200,-35.0,EUR/MWh,NL,NL,imbalance_price,Long,2026-08-06T05:38:50Z
2026-08-06T05:35:55Z,2026-08-06T07:35:55+0200,c3feb7e2-8675-4f7f-be40-2d97c558df74,2026-08-03T09:45:00Z,2026-08-03T11:45:00+0200,90.68,EUR/MWh,NL,NL,imbalance_price,Short,2026-08-06T05:38:50Z
2026-08-06T05:35:55Z,2026-08-06T07:35:55+0200,c3feb7e2-8675-4f7f-be40-2d97c558df74,2026-08-03T10:00:00Z,2026-08-03T12:00:00+0200,-35.0,EUR/MWh,NL,NL,imbalance_price,Long,2026-08-06T05:38:50Z
2026-08-06T05:35:55Z,2026-08-06T07:35:55+0200,c3feb7e2-8675-4f7f-be40-2d97c558df74,2026-08-03T10:00:00Z,2026-08-03T12:00:00+0200,100.68,EUR/MWh,NL,NL,imbalance_price,Short,2026-08-06T05:38:50Z
2026-08-06T05:35:55Z,2026-08-06T07:35:55+0200,c3feb7e2-8675-4f7f-be40-2d97c558df74,2026-08-03T10:15:00Z,2026-08-03T12:15:00+0200,-22.27,EUR/MWh,NL,NL,imbalance_price,Long,2026-08-06T05:38:50Z
2026-08-06T05:35:55Z,2026-08-06T07:35:55+0200,c3feb7e2-8675-4f7f-be40-2d97c558df74,2026-08-03T10:15:00Z,2026-08-03T12:15:00+0200,-22.27,EUR/MWh,NL,NL,imbalance_price,Short,2026-08-06T05:38:50Z
2026-08-06T05:35:55Z,2026-08-06T07:35:55+0200,c3feb7e2-8675-4f7f-be40-2d97c558df74,2026-08-03T10:30:00Z,2026-08-03T12:30:00+0200,-11.66,EUR/MWh,NL,NL,imbalance_price,Long,2026-08-06T05:38:50Z
2026-08-06T05:35:55Z,2026-08-06T07:35:55+0200,c3feb7e2-8675-4f7f-be40-2d97c558df74,2026-08-03T10:30:00Z,2026-08-03T12:30:00+0200,-11.66,EUR/MWh,NL,NL,imbalance_price,Short,2026-08-06T05:38:50Z
2026-08-06T05:35:55Z,2026-08-06T07:35:55+0200,c3feb7e2-8675-4f7f-be40-2d97c558df74,2026-08-03T10:45:00Z,2026-08-03T12:45:00+0200,-34.9,EUR/MWh,NL,NL,imbalance_price,Long,2026-08-06T05:38:50Z
2026-08-06T05:35:55Z,2026-08-06T07:35:55+0200,c3feb7e2-8675-4f7f-be40-2d97c558df74,2026-08-03T10:45:00Z,2026-08-03T12:45:00+0200,-34.9,EUR/MWh,NL,NL,imbalance_price,Short,2026-08-06T05:38:50Z
2026-08-06T05:35:55Z,2026-08-06T07:35:55+0200,c3feb7e2-8675-4f7f-be40-2d97c558df74,2026-08-03T11:00:00Z,2026-08-03T13:00:00+0200,-35.0,EUR/MWh,NL,NL,imbalance_price,Long,2026-08-06T05:38:50Z
2026-08-06T05:35:55Z,2026-08-06T07:35:55+0200,c3feb7e2-8675-4f7f-be40-2d97c558df74,2026-08-03T11:00:00Z,2026-08-03T13:00:00+0200,73.34,EUR/MWh,NL,NL,imbalance_price,Short,2026-08-06T05:38:50Z
2026-08-06T05:35:55Z,2026-08-06T07:35:55+0200,c3feb7e2-8675-4f7f-be40-2d97c558df74,2026-08-03T11:15:00Z,2026-08-03T13:15:00+0200,-60.0,EUR/MWh,NL,NL,imbalance_price,Long,2026-08-06T05:38:50Z
2026-08-06T05:35:55Z,2026-08-06T07:35:55+0200,c3feb7e2-8675-4f7f-be40-2d97c558df74,2026-08-03T11:15:00Z,2026-08-03T13:15:00+0200,84.0,EUR/MWh,NL,NL,imbalance_price,Short,2026-08-06T05:38:50Z
2026-08-06T05:35:55Z,2026-08-06T07:35:55+0200,c3feb7e2-8675-4f7f-be40-2d97c558df74,2026-08-03T11:30:00Z,2026-08-03T13:30:00+0200,-35.0,EUR/MWh,NL,NL,imbalance_price,Long,2026-08-06T05:38:50Z
2026-08-06T05:35:55Z,2026-08-06T07:35:55+0200,c3feb7e2-8675-4f7f-be40-2d97c558df74,2026-08-03T11:30:00Z,2026-08-03T13:30:00+0200,84.0,EUR/MWh,NL,NL,imbalance_price,Short,2026-08-06T05:38:50Z
2026-08-06T05:35:55Z,2026-08-06T07:35:55+0200,c3feb7e2-8675-4f7f-be40-2d97c558df74,2026-08-03T11:45:00Z,2026-08-03T13:45:00+0200,-22.27,EUR/MWh,NL,NL,imbalance_price,Long,2026-08-06T05:38:50Z
2026-08-06T05:35:55Z,2026-08-06T07:35:55+0200,c3feb7e2-8675-4f7f-be40-2d97c558df74,2026-08-03T11:45:00Z,2026-08-03T13:45:00+0200,84.0,EUR/MWh,NL,NL,imbalance_price,Short,2026-08-06T05:38:50Z
2026-08-06T05:35:55Z,2026-08-06T07:35:55+0200,c3feb7e2-8675-4f7f-be40-2d97c558df74,2026-08-03T12:00:00Z,2026-08-03T14:00:00+0200,-50.0,EUR/MWh,NL,NL,imbalance_price,Long,2026-08-06T05:38:50Z
2026-08-06T05:35:55Z,2026-08-06T07:35:55+0200,c3feb7e2-8675-4f7f-be40-2d97c558df74,2026-08-03T12:00:00Z,2026-08-03T14:00:00+0200,84.0,EUR/MWh,NL,NL,imbalance_price,Short,2026-08-06T05:38:50Z
2026-08-06T05:35:55Z,2026-08-06T07:35:55+0200,c3feb7e2-8675-4f7f-be40-2d97c558df74,2026-08-03T12:15:00Z,2026-08-03T14:15:00+0200,-13.0,EUR/MWh,NL,NL,imbalance_price,Long,2026-08-06T05:38:50Z
2026-08-06T05:35:55Z,2026-08-06T07:35:55+0200,c3feb7e2-8675-4f7f-be40-2d97c558df74,2026-08-03T12:15:00Z,2026-08-03T14:15:00+0200,81.5,EUR/MWh,NL,NL,imbalance_price,Short,2026-08-06T05:38:50Z
2026-08-06T05:35:55Z,2026-08-06T07:35:55+0200,c3feb7e2-8675-4f7f-be40-2d97c558df74,2026-08-03T12:30:00Z,2026-08-03T14:30:00+0200,-13.0,EUR/MWh,NL,NL,imbalance_price,Long,2026-08-06T05:38:50Z
2026-08-06T05:35:55Z,2026-08-06T07:35:55+0200,c3feb7e2-8675-4f7f-be40-2d97c558df74,2026-08-03T12:30:00Z,2026-08-03T14:30:00+0200,100.09,EUR/MWh,NL,NL,imbalance_price,Short,2026-08-06T05:38:50Z
2026-08-06T05:35:55Z,2026-08-06T07:35:55+0200,c3feb7e2-8675-4f7f-be40-2d97c558df74,2026-08-03T12:45:00Z,2026-08-03T14:45:00+0200,-25.0,EUR/MWh,NL,NL,imbalance_price,Long,2026-08-06T05:38:50Z
2026-08-06T05:35:55Z,2026-08-06T07:35:55+0200,c3feb7e2-8675-4f7f-be40-2d97c558df74,2026-08-03T12:45:00Z,2026-08-03T14:45:00+0200,101.0,EUR/MWh,NL,NL,imbalance_price,Short,2026-08-06T05:38:50Z
2026-08-06T05:35:55Z,2026-08-06T07:35:55+0200,c3feb7e2-8675-4f7f-be40-2d97c558df74,2026-08-03T13:00:00Z,2026-08-03T15:00:00+0200,-35.0,EUR/MWh,NL,NL,imbalance_price,Long,2026-08-06T05:38:50Z
2026-08-06T05:35:55Z,2026-08-06T07:35:55+0200,c3feb7e2-8675-4f7f-be40-2d97c558df74,2026-08-03T13:00:00Z,2026-08-03T15:00:00+0200,115.0,EUR/MWh,NL,NL,imbalance_price,Short,2026-08-06T05:38:50Z
2026-08-06T05:35:55Z,2026-08-06T07:35:55+0200,c3feb7e2-8675-4f7f-be40-2d97c558df74,2026-08-03T13:15:00Z,2026-08-03T15:15:00+0200,95.61,EUR/MWh,NL,NL,imbalance_price,Long,2026-08-06T05:38:50Z
2026-08-06T05:35:55Z,2026-08-06T07:35:55+0200,c3feb7e2-8675-4f7f-be40-2d97c558df74,2026-08-03T13:15:00Z,2026-08-03T15:15:00+0200,115.7,EUR/MWh,NL,NL,imbalance_price,Short,2026-08-06T05:38:50Z
2026-08-06T05:35:55Z,2026-08-06T07:35:55+0200,c3feb7e2-8675-4f7f-be40-2d97c558df74,2026-08-03T13:30:00Z,2026-08-03T15:30:00+0200,150.0,EUR/MWh,NL,NL,imbalance_price,Long,2026-08-06T05:38:50Z
2026-08-06T05:35:55Z,2026-08-06T07:35:55+0200,c3feb7e2-8675-4f7f-be40-2d97c558df74,2026-08-03T13:30:00Z,2026-08-03T15:30:00+0200,150.0,EUR/MWh,NL,NL,imbalance_price,Short,2026-08-06T05:38:50Z
2026-08-06T05:35:55Z,2026-08-06T07:35:55+0200,c3feb7e2-8675-4f7f-be40-2d97c558df74,2026-08-03T13:45:00Z,2026-08-03T15:45:00+0200,150.0,EUR/MWh,NL,NL,imbalance_price,Long,2026-08-06T05:38:50Z
2026-08-06T05:35:55Z,2026-08-06T07:35:55+0200,c3feb7e2-8675-4f7f-be40-2d97c558df74,2026-08-03T13:45:00Z,2026-08-03T15:45:00+0200,150.0,EUR/MWh,NL,NL,imbalance_price,Short,2026-08-06T05:38:50Z
2026-08-06T05:35:55Z,2026-08-06T07:35:55+0200,c3feb7e2-8675-4f7f-be40-2d97c558df74,2026-08-03T14:00:00Z,2026-08-03T16:00:00+0200,111.0,EUR/MWh,NL,NL,imbalance_price,Long,2026-08-06T05:38:50Z
2026-08-06T05:35:55Z,2026-08-06T07:35:55+0200,c3feb7e2-8675-4f7f-be40-2d97c558df74,2026-08-03T14:00:00Z,2026-08-03T16:00:00+0200,111.0,EUR/MWh,NL,NL,imbalance_price,Short,2026-08-06T05:38:50Z
2026-08-06T05:35:55Z,2026-08-06T07:35:55+0200,c3feb7e2-8675-4f7f-be40-2d97c558df74,2026-08-03T14:15:00Z,2026-08-03T16:15:00+0200,174.77,EUR/MWh,NL,NL,imbalance_price,Long,2026-08-06T05:38:50Z
2026-08-06T05:35:55Z,2026-08-06T07:35:55+0200,c3feb7e2-8675-4f7f-be40-2d97c558df74,2026-08-03T14:15:00Z,2026-08-03T16:15:00+0200,174.77,EUR/MWh,NL,NL,imbalance_price,Short,2026-08-06T05:38:50Z
2026-08-06T05:35:55Z,2026-08-06T07:35:55+0200,c3feb7e2-8675-4f7f-be40-2d97c558df74,2026-08-03T14:30:00Z,2026-08-03T16:30:00+0200,-25.45,EUR/MWh,NL,NL,imbalance_price,Long,2026-08-06T05:38:50Z
2026-08-06T05:35:55Z,2026-08-06T07:35:55+0200,c3feb7e2-8675-4f7f-be40-2d97c558df74,2026-08-03T14:30:00Z,2026-08-03T16:30:00+0200,192.15,EUR/MWh,NL,NL,imbalance_price,Short,2026-08-06T05:38:50Z
2026-08-06T05:35:55Z,2026-08-06T07:35:55+0200,c3feb7e2-8675-4f7f-be40-2d97c558df74,2026-08-03T14:45:00Z,2026-08-03T16:45:00+0200,-11.66,EUR/MWh,NL,NL,imbalance_price,Long,2026-08-06T05:38:50Z
2026-08-06T05:35:55Z,2026-08-06T07:35:55+0200,c3feb7e2-8675-4f7f-be40-2d97c558df74,2026-08-03T14:45:00Z,2026-08-03T16:45:00+0200,136.0,EUR/MWh,NL,NL,imbalance_price,Short,2026-08-06T05:38:50Z
2026-08-06T05:35:55Z,2026-08-06T07:35:55+0200,c3feb7e2-8675-4f7f-be40-2d97c558df74,2026-08-03T15:00:00Z,2026-08-03T17:00:00+0200,-13.0,EUR/MWh,NL,NL,imbalance_price,Long,2026-08-06T05:38:50Z
2026-08-06T05:35:55Z,2026-08-06T07:35:55+0200,c3feb7e2-8675-4f7f-be40-2d97c558df74,2026-08-03T15:00:00Z,2026-08-03T17:00:00+0200,-13.0,EUR/MWh,NL,NL,imbalance_price,Short,2026-08-06T05:38:50Z
2026-08-06T05:35:55Z,2026-08-06T07:35:55+0200,c3feb7e2-8675-4f7f-be40-2d97c558df74,2026-08-03T15:15:00Z,2026-08-03T17:15:00+0200,90.68,EUR/MWh,NL,NL,imbalance_price,Long,2026-08-06T05:38:50Z
2026-08-06T05:35:55Z,2026-08-06T07:35:55+0200,c3feb7e2-8675-4f7f-be40-2d97c558df74,2026-08-03T15:15:00Z,2026-08-03T17:15:00+0200,90.68,EUR/MWh,NL,NL,imbalance_price,Short,2026-08-06T05:38:50Z
2026-08-06T05:35:55Z,2026-08-06T07:35:55+0200,c3feb7e2-8675-4f7f-be40-2d97c558df74,2026-08-03T15:30:00Z,2026-08-03T17:30:00+0200,107.9,EUR/MWh,NL,NL,imbalance_price,Long,2026-08-06T05:38:50Z
2026-08-06T05:35:55Z,2026-08-06T07:35:55+0200,c3feb7e2-8675-4f7f-be40-2d97c558df74,2026-08-03T15:30:00Z,2026-08-03T17:30:00+0200,173.0,EUR/MWh,NL,NL,imbalance_price,Short,2026-08-06T05:38:50Z
2026-08-06T05:35:55Z,2026-08-06T07:35:55+0200,c3feb7e2-8675-4f7f-be40-2d97c558df74,2026-08-03T15:45:00Z,2026-08-03T17:45:00+0200,150.0,EUR/MWh,NL,NL,imbalance_price,Long,2026-08-06T05:38:50Z
2026-08-06T05:35:55Z,2026-08-06T07:35:55+0200,c3feb7e2-8675-4f7f-be40-2d97c558df74,2026-08-03T15:45:00Z,2026-08-03T17:45:00+0200,150.0,EUR/MWh,NL,NL,imbalance_price,Short,2026-08-06T05:38:50Z
2026-08-06T05:35:55Z,2026-08-06T07:35:55+0200,c3feb7e2-8675-4f7f-be40-2d97c558df74,2026-08-03T16:00:00Z,2026-08-03T18:00:00+0200,119.0,EUR/MWh,NL,NL,imbalance_price,Long,2026-08-06T05:38:50Z
2026-08-06T05:35:55Z,2026-08-06T07:35:55+0200,c3feb7e2-8675-4f7f-be40-2d97c558df74,2026-08-03T16:00:00Z,2026-08-03T18:00:00+0200,143.59,EUR/MWh,NL,NL,imbalance_price,Short,2026-08-06T05:38:50Z
2026-08-06T05:35:55Z,2026-08-06T07:35:55+0200,c3feb7e2-8675-4f7f-be40-2d97c558df74,2026-08-03T16:15:00Z,2026-08-03T18:15:00+0200,200.0,EUR/MWh,NL,NL,imbalance_price,Long,2026-08-06T05:38:50Z
2026-08-06T05:35:55Z,2026-08-06T07:35:55+0200,c3feb7e2-8675-4f7f-be40-2d97c558df74,2026-08-03T16:15:00Z,2026-08-03T18:15:00+0200,200.0,EUR/MWh,NL,NL,imbalance_price,Short,2026-08-06T05:38:50Z
2026-08-06T05:35:55Z,2026-08-06T07:35:55+0200,c3feb7e2-8675-4f7f-be40-2d97c558df74,2026-08-03T16:30:00Z,2026-08-03T18:30:00+0200,205.0,EUR/MWh,NL,NL,imbalance_price,Long,2026-08-06T05:38:50Z
2026-08-06T05:35:55Z,2026-08-06T07:35:55+0200,c3feb7e2-8675-4f7f-be40-2d97c558df74,2026-08-03T16:30:00Z,2026-08-03T18:30:00+0200,205.0,EUR/MWh,NL,NL,imbalance_price,Short,2026-08-06T05:38:50Z
2026-08-06T05:35:55Z,2026-08-06T07:35:55+0200,c3feb7e2-8675-4f7f-be40-2d97c558df74,2026-08-03T16:45:00Z,2026-08-03T18:45:00+0200,188.7,EUR/MWh,NL,NL,imbalance_price,Long,2026-08-06T05:38:50Z
2026-08-06T05:35:55Z,2026-08-06T07:35:55+0200,c3feb7e2-8675-4f7f-be40-2d97c558df74,2026-08-03T16:45:00Z,2026-08-03T18:45:00+0200,188.7,EUR/MWh,NL,NL,imbalance_price,Short,2026-08-06T05:38:50Z
2026-08-06T05:35:55Z,2026-08-06T07:35:55+0200,c3feb7e2-8675-4f7f-be40-2d97c558df74,2026-08-03T17:00:00Z,2026-08-03T19:00:00+0200,107.9,EUR/MWh,NL,NL,imbalance_price,Long,2026-08-06T05:38:50Z
2026-08-06T05:35:55Z,2026-08-06T07:35:55+0200,c3feb7e2-8675-4f7f-be40-2d97c558df74,2026-08-03T17:00:00Z,2026-08-03T19:00:00+0200,159.99,EUR/MWh,NL,NL,imbalance_price,Short,2026-08-06T05:38:50Z
2026-08-06T05:35:55Z,2026-08-06T07:35:55+0200,c3feb7e2-8675-4f7f-be40-2d97c558df74,2026-08-03T17:15:00Z,2026-08-03T19:15:00+0200,115.0,EUR/MWh,NL,NL,imbalance_price,Long,2026-08-06T05:38:50Z
2026-08-06T05:35:55Z,2026-08-06T07:35:55+0200,c3feb7e2-8675-4f7f-be40-2d97c558df74,2026-08-03T17:15:00Z,2026-08-03T19:15:00+0200,115.0,EUR/MWh,NL,NL,imbalance_price,Short,2026-08-06T05:38:50Z
2026-08-06T05:35:55Z,2026-08-06T07:35:55+0200,c3feb7e2-8675-4f7f-be40-2d97c558df74,2026-08-03T17:30:00Z,2026-08-03T19:30:00+0200,94.0,EUR/MWh,NL,NL,imbalance_price,Long,2026-08-06T05:38:50Z
2026-08-06T05:35:55Z,2026-08-06T07:35:55+0200,c3feb7e2-8675-4f7f-be40-2d97c558df74,2026-08-03T17:30:00Z,2026-08-03T19:30:00+0200,143.5,EUR/MWh,NL,NL,imbalance_price,Short,2026-08-06T05:38:50Z
2026-08-06T05:35:55Z,2026-08-06T07:35:55+0200,c3feb7e2-8675-4f7f-be40-2d97c558df74,2026-08-03T17:45:00Z,2026-08-03T19:45:00+0200,122.66,EUR/MWh,NL,NL,imbalance_price,Long,2026-08-06T05:38:50Z
2026-08-06T05:35:55Z,2026-08-06T07:35:55+0200,c3feb7e2-8675-4f7f-be40-2d97c558df74,2026-08-03T17:45:00Z,2026-08-03T19:45:00+0200,125.0,EUR/MWh,NL,NL,imbalance_price,Short,2026-08-06T05:38:50Z
2026-08-06T05:35:55Z,2026-08-06T07:35:55+0200,c3feb7e2-8675-4f7f-be40-2d97c558df74,2026-08-03T18:00:00Z,2026-08-03T20:00:00+0200,119.84,EUR/MWh,NL,NL,imbalance_price,Long,2026-08-06T05:38:50Z
2026-08-06T05:35:55Z,2026-08-06T07:35:55+0200,c3feb7e2-8675-4f7f-be40-2d97c558df74,2026-08-03T18:00:00Z,2026-08-03T20:00:00+0200,119.84,EUR/MWh,NL,NL,imbalance_price,Short,2026-08-06T05:38:50Z
2026-08-06T05:35:55Z,2026-08-06T07:35:55+0200,c3feb7e2-8675-4f7f-be40-2d97c558df74,2026-08-03T18:15:00Z,2026-08-03T20:15:00+0200,173.0,EUR/MWh,NL,NL,imbalance_price,Long,2026-08-06T05:38:50Z
2026-08-06T05:35:55Z,2026-08-06T07:35:55+0200,c3feb7e2-8675-4f7f-be40-2d97c558df74,2026-08-03T18:15:00Z,2026-08-03T20:15:00+0200,173.0,EUR/MWh,NL,NL,imbalance_price,Short,2026-08-06T05:38:50Z
2026-08-06T05:35:55Z,2026-08-06T07:35:55+0200,c3feb7e2-8675-4f7f-be40-2d97c558df74,2026-08-03T18:30:00Z,2026-08-03T20:30:00+0200,173.0,EUR/MWh,NL,NL,imbalance_price,Long,2026-08-06T05:38:50Z
2026-08-06T05:35:55Z,2026-08-06T07:35:55+0200,c3feb7e2-8675-4f7f-be40-2d97c558df74,2026-08-03T18:30:00Z,2026-08-03T20:30:00+0200,173.0,EUR/MWh,NL,NL,imbalance_price,Short,2026-08-06T05:38:50Z
2026-08-06T05:35:55Z,2026-08-06T07:35:55+0200,c3feb7e2-8675-4f7f-be40-2d97c558df74,2026-08-03T18:45:00Z,2026-08-03T20:45:00+0200,109.5,EUR/MWh,NL,NL,imbalance_price,Long,2026-08-06T05:38:50Z
2026-08-06T05:35:55Z,2026-08-06T07:35:55+0200,c3feb7e2-8675-4f7f-be40-2d97c558df74,2026-08-03T18:45:00Z,2026-08-03T20:45:00+0200,165.72,EUR/MWh,NL,NL,imbalance_price,Short,2026-08-06T05:38:50Z
2026-08-06T05:35:55Z,2026-08-06T07:35:55+0200,c3feb7e2-8675-4f7f-be40-2d97c558df74,2026-08-03T19:00:00Z,2026-08-03T21:00:00+0200,173.0,EUR/MWh,NL,NL,imbalance_price,Long,2026-08-06T05:38:50Z
2026-08-06T05:35:55Z,2026-08-06T07:35:55+0200,c3feb7e2-8675-4f7f-be40-2d97c558df74,2026-08-03T19:00:00Z,2026-08-03T21:00:00+0200,173.0,EUR/MWh,NL,NL,imbalance_price,Short,2026-08-06T05:38:50Z
2026-08-06T05:35:55Z,2026-08-06T07:35:55+0200,c3feb7e2-8675-4f7f-be40-2d97c558df74,2026-08-03T19:15:00Z,2026-08-03T21:15:00+0200,200.0,EUR/MWh,NL,NL,imbalance_price,Long,2026-08-06T05:38:50Z
2026-08-06T05:35:55Z,2026-08-06T07:35:55+0200,c3feb7e2-8675-4f7f-be40-2d97c558df74,2026-08-03T19:15:00Z,2026-08-03T21:15:00+0200,200.0,EUR/MWh,NL,NL,imbalance_price,Short,2026-08-06T05:38:50Z
2026-08-06T05:35:55Z,2026-08-06T07:35:55+0200,c3feb7e2-8675-4f7f-be40-2d97c558df74,2026-08-03T19:30:00Z,2026-08-03T21:30:00+0200,205.0,EUR/MWh,NL,NL,imbalance_price,Long,2026-08-06T05:38:50Z
2026-08-06T05:35:55Z,2026-08-06T07:35:55+0200,c3feb7e2-8675-4f7f-be40-2d97c558df74,2026-08-03T19:30:00Z,2026-08-03T21:30:00+0200,205.0,EUR/MWh,NL,NL,imbalance_price,Short,2026-08-06T05:38:50Z
2026-08-06T05:35:55Z,2026-08-06T07:35:55+0200,c3feb7e2-8675-4f7f-be40-2d97c558df74,2026-08-03T19:45:00Z,2026-08-03T21:45:00+0200,117.34,EUR/MWh,NL,NL,imbalance_price,Long,2026-08-06T05:38:50Z
2026-08-06T05:35:55Z,2026-08-06T07:35:55+0200,c3feb7e2-8675-4f7f-be40-2d97c558df74,2026-08-03T19:45:00Z,2026-08-03T21:45:00+0200,223.35,EUR/MWh,NL,NL,imbalance_price,Short,2026-08-06T05:38:50Z
2026-08-06T05:35:55Z,2026-08-06T07:35:55+0200,c3feb7e2-8675-4f7f-be40-2d97c558df74,2026-08-03T20:00:00Z,2026-08-03T22:00:00+0200,113.74,EUR/MWh,NL,NL,imbalance_price,Long,2026-08-06T05:38:50Z
2026-08-06T05:35:55Z,2026-08-06T07:35:55+0200,c3feb7e2-8675-4f7f-be40-2d97c558df74,2026-08-03T20:00:00Z,2026-08-03T22:00:00+0200,150.0,EUR/MWh,NL,NL,imbalance_price,Short,2026-08-06T05:38:50Z
2026-08-06T05:35:55Z,2026-08-06T07:35:55+0200,c3feb7e2-8675-4f7f-be40-2d97c558df74,2026-08-03T20:15:00Z,2026-08-03T22:15:00+0200,128.68,EUR/MWh,NL,NL,imbalance_price,Long,2026-08-06T05:38:50Z
2026-08-06T05:35:55Z,2026-08-06T07:35:55+0200,c3feb7e2-8675-4f7f-be40-2d97c558df74,2026-08-03T20:15:00Z,2026-08-03T22:15:00+0200,173.0,EUR/MWh,NL,NL,imbalance_price,Short,2026-08-06T05:38:50Z
2026-08-06T05:35:55Z,2026-08-06T07:35:55+0200,c3feb7e2-8675-4f7f-be40-2d97c558df74,2026-08-03T20:30:00Z,2026-08-03T22:30:00+0200,125.0,EUR/MWh,NL,NL,imbalance_price,Long,2026-08-06T05:38:50Z
2026-08-06T05:35:55Z,2026-08-06T07:35:55+0200,c3feb7e2-8675-4f7f-be40-2d97c558df74,2026-08-03T20:30:00Z,2026-08-03T22:30:00+0200,128.43,EUR/MWh,NL,NL,imbalance_price,Short,2026-08-06T05:38:50Z
2026-08-06T05:35:55Z,2026-08-06T07:35:55+0200,c3feb7e2-8675-4f7f-be40-2d97c558df74,2026-08-03T20:45:00Z,2026-08-03T22:45:00+0200,173.0,EUR/MWh,NL,NL,imbalance_price,Long,2026-08-06T05:38:50Z
2026-08-06T05:35:55Z,2026-08-06T07:35:55+0200,c3feb7e2-8675-4f7f-be40-2d97c558df74,2026-08-03T20:45:00Z,2026-08-03T22:45:00+0200,173.0,EUR/MWh,NL,NL,imbalance_price,Short,2026-08-06T05:38:50Z
2026-08-06T05:35:55Z,2026-08-06T07:35:55+0200,c3feb7e2-8675-4f7f-be40-2d97c558df74,2026-08-03T21:00:00Z,2026-08-03T23:00:00+0200,200.1,EUR/MWh,NL,NL,imbalance_price,Long,2026-08-06T05:38:50Z
2026-08-06T05:35:55Z,2026-08-06T07:35:55+0200,c3feb7e2-8675-4f7f-be40-2d97c558df74,2026-08-03T21:00:00Z,2026-08-03T23:00:00+0200,200.1,EUR/MWh,NL,NL,imbalance_price,Short,2026-08-06T05:38:50Z
2026-08-06T05:35:55Z,2026-08-06T07:35:55+0200,c3feb7e2-8675-4f7f-be40-2d97c558df74,2026-08-03T21:15:00Z,2026-08-03T23:15:00+0200,190.6,EUR/MWh,NL,NL,imbalance_price,Long,2026-08-06T05:38:50Z
2026-08-06T05:35:55Z,2026-08-06T07:35:55+0200,c3feb7e2-8675-4f7f-be40-2d97c558df74,2026-08-03T21:15:00Z,2026-08-03T23:15:00+0200,190.6,EUR/MWh,NL,NL,imbalance_price,Short,2026-08-06T05:38:50Z
2026-08-06T05:35:55Z,2026-08-06T07:35:55+0200,c3feb7e2-8675-4f7f-be40-2d97c558df74,2026-08-03T21:30:00Z,2026-08-03T23:30:00+0200,190.8,EUR/MWh,NL,NL,imbalance_price,Long,2026-08-06T05:38:50Z
2026-08-06T05:35:55Z,2026-08-06T07:35:55+0200,c3feb7e2-8675-4f7f-be40-2d97c558df74,2026-08-03T21:30:00Z,2026-08-03T23:30:00+0200,190.8,EUR/MWh,NL,NL,imbalance_price,Short,2026-08-06T05:38:50Z
2026-08-06T05:35:55Z,2026-08-06T07:35:55+0200,c3feb7e2-8675-4f7f-be40-2d97c558df74,2026-08-03T21:45:00Z,2026-08-03T23:45:00+0200,150.0,EUR/MWh,NL,NL,imbalance_price,Long,2026-08-06T05:38:50Z
2026-08-06T05:35:55Z,2026-08-06T07:35:55+0200,c3feb7e2-8675-4f7f-be40-2d97c558df74,2026-08-03T21:45:00Z,2026-08-03T23:45:00+0200,150.0,EUR/MWh,NL,NL,imbalance_price,Short,2026-08-06T05:38:50Z
2026-08-06T05:35:55Z,2026-08-06T07:35:55+0200,c3feb7e2-8675-4f7f-be40-2d97c558df74,2026-08-03T22:00:00Z,2026-08-04T00:00:00+0200,120.68,EUR/MWh,NL,NL,imbalance_price,Long,2026-08-06T05:38:50Z
2026-08-06T05:35:55Z,2026-08-06T07:35:55+0200,c3feb7e2-8675-4f7f-be40-2d97c558df74,2026-08-03T22:00:00Z,2026-08-04T00:00:00+0200,150.0,EUR/MWh,NL,NL,imbalance_price,Short,2026-08-06T05:38:50Z
2026-08-06T05:35:55Z,2026-08-06T07:35:55+0200,c3feb7e2-8675-4f7f-be40-2d97c558df74,2026-08-03T22:15:00Z,2026-08-04T00:15:00+0200,172.0,EUR/MWh,NL,NL,imbalance_price,Long,2026-08-06T05:38:50Z
2026-08-06T05:35:55Z,2026-08-06T07:35:55+0200,c3feb7e2-8675-4f7f-be40-2d97c558df74,2026-08-03T22:15:00Z,2026-08-04T00:15:00+0200,172.0,EUR/MWh,NL,NL,imbalance_price,Short,2026-08-06T05:38:50Z
2026-08-06T05:35:55Z,2026-08-06T07:35:55+0200,c3feb7e2-8675-4f7f-be40-2d97c558df74,2026-08-03T22:30:00Z,2026-08-04T00:30:00+0200,150.0,EUR/MWh,NL,NL,imbalance_price,Long,2026-08-06T05:38:50Z
2026-08-06T05:35:55Z,2026-08-06T07:35:55+0200,c3feb7e2-8675-4f7f-be40-2d97c558df74,2026-08-03T22:30:00Z,2026-08-04T00:30:00+0200,150.0,EUR/MWh,NL,NL,imbalance_price,Short,2026-08-06T05:38:50Z
2026-08-06T05:35:55Z,2026-08-06T07:35:55+0200,c3feb7e2-8675-4f7f-be40-2d97c558df74,2026-08-03T22:45:00Z,2026-08-04T00:45:00+0200,172.0,EUR/MWh,NL,NL,imbalance_price,Long,2026-08-06T05:38:50Z
2026-08-06T05:35:55Z,2026-08-06T07:35:55+0200,c3feb7e2-8675-4f7f-be40-2d97c558df74,2026-08-03T22:45:00Z,2026-08-04T00:45:00+0200,172.0,EUR/MWh,NL,NL,imbalance_price,Short,2026-08-06T05:38:50Z
2026-08-06T05:35:55Z,2026-08-06T07:35:55+0200,c3feb7e2-8675-4f7f-be40-2d97c558df74,2026-08-03T23:00:00Z,2026-08-04T01:00:00+0200,150.0,EUR/MWh,NL,NL,imbalance_price,Long,2026-08-06T05:38:50Z
2026-08-06T05:35:55Z,2026-08-06T07:35:55+0200,c3feb7e2-8675-4f7f-be40-2d97c558df74,2026-08-03T23:00:00Z,2026-08-04T01:00:00+0200,150.0,EUR/MWh,NL,NL,imbalance_price,Short,2026-08-06T05:38:50Z
2026-08-06T05:35:55Z,2026-08-06T07:35:55+0200,c3feb7e2-8675-4f7f-be40-2d97c558df74,2026-08-03T23:15:00Z,2026-08-04T01:15:00+0200,126.25,EUR/MWh,NL,NL,imbalance_price,Long,2026-08-06T05:38:50Z
2026-08-06T05:35:55Z,2026-08-06T07:35:55+0200,c3feb7e2-8675-4f7f-be40-2d97c558df74,2026-08-03T23:15:00Z,2026-08-04T01:15:00+0200,135.0,EUR/MWh,NL,NL,imbalance_price,Short,2026-08-06T05:38:50Z
2026-08-06T05:35:55Z,2026-08-06T07:35:55+0200,c3feb7e2-8675-4f7f-be40-2d97c558df74,2026-08-03T23:30:00Z,2026-08-04T01:30:00+0200,108.67,EUR/MWh,NL,NL,imbalance_price,Long,2026-08-06T05:38:50Z
2026-08-06T05:35:55Z,2026-08-06T07:35:55+0200,c3feb7e2-8675-4f7f-be40-2d97c558df74,2026-08-03T23:30:00Z,2026-08-04T01:30:00+0200,126.43,EUR/MWh,NL,NL,imbalance_price,Short,2026-08-06T05:38:50Z
2026-08-06T05:35:55Z,2026-08-06T07:35:55+0200,c3feb7e2-8675-4f7f-be40-2d97c558df74,2026-08-03T23:45:00Z,2026-08-04T01:45:00+0200,103.0,EUR/MWh,NL,NL,imbalance_price,Long,2026-08-06T05:38:50Z
2026-08-06T05:35:55Z,2026-08-06T07:35:55+0200,c3feb7e2-8675-4f7f-be40-2d97c558df74,2026-08-03T23:45:00Z,2026-08-04T01:45:00+0200,103.0,EUR/MWh,NL,NL,imbalance_price,Short,2026-08-06T05:38:50Z
2026-08-06T05:35:55Z,2026-08-06T07:35:55+0200,c3feb7e2-8675-4f7f-be40-2d97c558df74,2026-08-04T00:00:00Z,2026-08-04T02:00:00+0200,107.45,EUR/MWh,NL,NL,imbalance_price,Long,2026-08-06T05:38:50Z
2026-08-06T05:35:55Z,2026-08-06T07:35:55+0200,c3feb7e2-8675-4f7f-be40-2d97c558df74,2026-08-04T00:00:00Z,2026-08-04T02:00:00+0200,150.0,EUR/MWh,NL,NL,imbalance_price,Short,2026-08-06T05:38:50Z
2026-08-06T05:35:55Z,2026-08-06T07:35:55+0200,c3feb7e2-8675-4f7f-be40-2d97c558df74,2026-08-04T00:15:00Z,2026-08-04T02:15:00+0200,112.7,EUR/MWh,NL,NL,imbalance_price,Long,2026-08-06T05:38:50Z
2026-08-06T05:35:55Z,2026-08-06T07:35:55+0200,c3feb7e2-8675-4f7f-be40-2d97c558df74,2026-08-04T00:15:00Z,2026-08-04T02:15:00+0200,172.0,EUR/MWh,NL,NL,imbalance_price,Short,2026-08-06T05:38:50Z
2026-08-06T05:35:55Z,2026-08-06T07:35:55+0200,c3feb7e2-8675-4f7f-be40-2d97c558df74,2026-08-04T00:30:00Z,2026-08-04T02:30:00+0200,120.68,EUR/MWh,NL,NL,imbalance_price,Long,2026-08-06T05:38:50Z
2026-08-06T05:35:55Z,2026-08-06T07:35:55+0200,c3feb7e2-8675-4f7f-be40-2d97c558df74,2026-08-04T00:30:00Z,2026-08-04T02:30:00+0200,126.35,EUR/MWh,NL,NL,imbalance_price,Short,2026-08-06T05:38:50Z
2026-08-06T05:35:55Z,2026-08-06T07:35:55+0200,c3feb7e2-8675-4f7f-be40-2d97c558df74,2026-08-04T00:45:00Z,2026-08-04T02:45:00+0200,107.0,EUR/MWh,NL,NL,imbalance_price,Long,2026-08-06T05:38:50Z
2026-08-06T05:35:55Z,2026-08-06T07:35:55+0200,c3feb7e2-8675-4f7f-be40-2d97c558df74,2026-08-04T00:45:00Z,2026-08-04T02:45:00+0200,107.0,EUR/MWh,NL,NL,imbalance_price,Short,2026-08-06T05:38:50Z
2026-08-06T05:35:55Z,2026-08-06T07:35:55+0200,c3feb7e2-8675-4f7f-be40-2d97c558df74,2026-08-04T01:00:00Z,2026-08-04T03:00:00+0200,116.47,EUR/MWh,NL,NL,imbalance_price,Long,2026-08-06T05:38:50Z
2026-08-06T05:35:55Z,2026-08-06T07:35:55+0200,c3feb7e2-8675-4f7f-be40-2d97c558df74,2026-08-04T01:00:00Z,2026-08-04T03:00:00+0200,150.0,EUR/MWh,NL,NL,imbalance_price,Short,2026-08-06T05:38:50Z
2026-08-06T05:35:55Z,2026-08-06T07:35:55+0200,c3feb7e2-8675-4f7f-be40-2d97c558df74,2026-08-04T01:15:00Z,2026-08-04T03:15:00+0200,135.0,EUR/MWh,NL,NL,imbalance_price,Long,2026-08-06T05:38:50Z
2026-08-06T05:35:55Z,2026-08-06T07:35:55+0200,c3feb7e2-8675-4f7f-be40-2d97c558df74,2026-08-04T01:15:00Z,2026-08-04T03:15:00+0200,135.0,EUR/MWh,NL,NL,imbalance_price,Short,2026-08-06T05:38:50Z
2026-08-06T05:35:55Z,2026-08-06T07:35:55+0200,c3feb7e2-8675-4f7f-be40-2d97c558df74,2026-08-04T01:30:00Z,2026-08-04T03:30:00+0200,118.0,EUR/MWh,NL,NL,imbalance_price,Long,2026-08-06T05:38:50Z
2026-08-06T05:35:55Z,2026-08-06T07:35:55+0200,c3feb7e2-8675-4f7f-be40-2d97c558df74,2026-08-04T01:30:00Z,2026-08-04T03:30:00+0200,118.0,EUR/MWh,NL,NL,imbalance_price,Short,2026-08-06T05:38:50Z
2026-08-06T05:35:55Z,2026-08-06T07:35:55+0200,c3feb7e2-8675-4f7f-be40-2d97c558df74,2026-08-04T01:45:00Z,2026-08-04T03:45:00+0200,115.7,EUR/MWh,NL,NL,imbalance_price,Long,2026-08-06T05:38:50Z
2026-08-06T05:35:55Z,2026-08-06T07:35:55+0200,c3feb7e2-8675-4f7f-be40-2d97c558df74,2026-08-04T01:45:00Z,2026-08-04T03:45:00+0200,115.7,EUR/MWh,NL,NL,imbalance_price,Short,2026-08-06T05:38:50Z
2026-08-06T05:35:55Z,2026-08-06T07:35:55+0200,c3feb7e2-8675-4f7f-be40-2d97c558df74,2026-08-04T02:00:00Z,2026-08-04T04:00:00+0200,115.8,EUR/MWh,NL,NL,imbalance_price,Long,2026-08-06T05:38:50Z
2026-08-06T05:35:55Z,2026-08-06T07:35:55+0200,c3feb7e2-8675-4f7f-be40-2d97c558df74,2026-08-04T02:00:00Z,2026-08-04T04:00:00+0200,129.66,EUR/MWh,NL,NL,imbalance_price,Short,2026-08-06T05:38:50Z
2026-08-06T05:35:55Z,2026-08-06T07:35:55+0200,c3feb7e2-8675-4f7f-be40-2d97c558df74,2026-08-04T02:15:00Z,2026-08-04T04:15:00+0200,117.37,EUR/MWh,NL,NL,imbalance_price,Long,2026-08-06T05:38:50Z
2026-08-06T05:35:55Z,2026-08-06T07:35:55+0200,c3feb7e2-8675-4f7f-be40-2d97c558df74,2026-08-04T02:15:00Z,2026-08-04T04:15:00+0200,171.51,EUR/MWh,NL,NL,imbalance_price,Short,2026-08-06T05:38:50Z
2026-08-06T05:35:55Z,2026-08-06T07:35:55+0200,c3feb7e2-8675-4f7f-be40-2d97c558df74,2026-08-04T02:30:00Z,2026-08-04T04:30:00+0200,118.67,EUR/MWh,NL,NL,imbalance_price,Long,2026-08-06T05:38:50Z
2026-08-06T05:35:55Z,2026-08-06T07:35:55+0200,c3feb7e2-8675-4f7f-be40-2d97c558df74,2026-08-04T02:30:00Z,2026-08-04T04:30:00+0200,175.33,EUR/MWh,NL,NL,imbalance_price,Short,2026-08-06T05:38:50Z
2026-08-06T05:35:55Z,2026-08-06T07:35:55+0200,c3feb7e2-8675-4f7f-be40-2d97c558df74,2026-08-04T02:45:00Z,2026-08-04T04:45:00+0200,117.47,EUR/MWh,NL,NL,imbalance_price,Long,2026-08-06T05:38:50Z
2026-08-06T05:35:55Z,2026-08-06T07:35:55+0200,c3feb7e2-8675-4f7f-be40-2d97c558df74,2026-08-04T02:45:00Z,2026-08-04T04:45:00+0200,150.0,EUR/MWh,NL,NL,imbalance_price,Short,2026-08-06T05:38:50Z
2026-08-06T05:35:55Z,2026-08-06T07:35:55+0200,c3feb7e2-8675-4f7f-be40-2d97c558df74,2026-08-04T03:00:00Z,2026-08-04T05:00:00+0200,130.65,EUR/MWh,NL,NL,imbalance_price,Long,2026-08-06T05:38:50Z
2026-08-06T05:35:55Z,2026-08-06T07:35:55+0200,c3feb7e2-8675-4f7f-be40-2d97c558df74,2026-08-04T03:00:00Z,2026-08-04T05:00:00+0200,178.95,EUR/MWh,NL,NL,imbalance_price,Short,2026-08-06T05:38:50Z
2026-08-06T05:35:55Z,2026-08-06T07:35:55+0200,c3feb7e2-8675-4f7f-be40-2d97c558df74,2026-08-04T03:15:00Z,2026-08-04T05:15:00+0200,120.68,EUR/MWh,NL,NL,imbalance_price,Long,2026-08-06T05:38:50Z
2026-08-06T05:35:55Z,2026-08-06T07:35:55+0200,c3feb7e2-8675-4f7f-be40-2d97c558df74,2026-08-04T03:15:00Z,2026-08-04T05:15:00+0200,200.0,EUR/MWh,NL,NL,imbalance_price,Short,2026-08-06T05:38:50Z
2026-08-06T05:35:55Z,2026-08-06T07:35:55+0200,c3feb7e2-8675-4f7f-be40-2d97c558df74,2026-08-04T03:30:00Z,2026-08-04T05:30:00+0200,172.0,EUR/MWh,NL,NL,imbalance_price,Long,2026-08-06T05:38:50Z
2026-08-06T05:35:55Z,2026-08-06T07:35:55+0200,c3feb7e2-8675-4f7f-be40-2d97c558df74,2026-08-04T03:30:00Z,2026-08-04T05:30:00+0200,172.0,EUR/MWh,NL,NL,imbalance_price,Short,2026-08-06T05:38:50Z
2026-08-06T05:35:55Z,2026-08-06T07:35:55+0200,c3feb7e2-8675-4f7f-be40-2d97c558df74,2026-08-04T03:45:00Z,2026-08-04T05:45:00+0200,131.02,EUR/MWh,NL,NL,imbalance_price,Long,2026-08-06T05:38:50Z
2026-08-06T05:35:55Z,2026-08-06T07:35:55+0200,c3feb7e2-8675-4f7f-be40-2d97c558df74,2026-08-04T03:45:00Z,2026-08-04T05:45:00+0200,150.0,EUR/MWh,NL,NL,imbalance_price,Short,2026-08-06T05:38:50Z
2026-08-06T05:35:55Z,2026-08-06T07:35:55+0200,c3feb7e2-8675-4f7f-be40-2d97c558df74,2026-08-04T04:00:00Z,2026-08-04T06:00:00+0200,129.74,EUR/MWh,NL,NL,imbalance_price,Long,2026-08-06T05:38:50Z
2026-08-06T05:35:55Z,2026-08-06T07:35:55+0200,c3feb7e2-8675-4f7f-be40-2d97c558df74,2026-08-04T04:00:00Z,2026-08-04T06:00:00+0200,172.0,EUR/MWh,NL,NL,imbalance_price,Short,2026-08-06T05:38:50Z
2026-08-06T05:35:55Z,2026-08-06T07:35:55+0200,c3feb7e2-8675-4f7f-be40-2d97c558df74,2026-08-04T04:15:00Z,2026-08-04T06:15:00+0200,190.0,EUR/MWh,NL,NL,imbalance_price,Long,2026-08-06T05:38:50Z
2026-08-06T05:35:55Z,2026-08-06T07:35:55+0200,c3feb7e2-8675-4f7f-be40-2d97c558df74,2026-08-04T04:15:00Z,2026-08-04T06:15:00+0200,190.0,EUR/MWh,NL,NL,imbalance_price,Short,2026-08-06T05:38:50Z
2026-08-06T05:35:55Z,2026-08-06T07:35:55+0200,c3feb7e2-8675-4f7f-be40-2d97c558df74,2026-08-04T04:30:00Z,2026-08-04T06:30:00+0200,172.0,EUR/MWh,NL,NL,imbalance_price,Long,2026-08-06T05:38:50Z
2026-08-06T05:35:55Z,2026-08-06T07:35:55+0200,c3feb7e2-8675-4f7f-be40-2d97c558df74,2026-08-04T04:30:00Z,2026-08-04T06:30:00+0200,172.0,EUR/MWh,NL,NL,imbalance_price,Short,2026-08-06T05:38:50Z
2026-08-06T05:35:55Z,2026-08-06T07:35:55+0200,c3feb7e2-8675-4f7f-be40-2d97c558df74,2026-08-04T04:45:00Z,2026-08-04T06:45:00+0200,123.7,EUR/MWh,NL,NL,imbalance_price,Long,2026-08-06T05:38:50Z
2026-08-06T05:35:55Z,2026-08-06T07:35:55+0200,c3feb7e2-8675-4f7f-be40-2d97c558df74,2026-08-04T04:45:00Z,2026-08-04T06:45:00+0200,123.7,EUR/MWh,NL,NL,imbalance_price,Short,2026-08-06T05:38:50Z
2026-08-06T05:35:55Z,2026-08-06T07:35:55+0200,c3feb7e2-8675-4f7f-be40-2d97c558df74,2026-08-04T05:00:00Z,2026-08-04T07:00:00+0200,172.0,EUR/MWh,NL,NL,imbalance_price,Long,2026-08-06T05:38:50Z
2026-08-06T05:35:55Z,2026-08-06T07:35:55+0200,c3feb7e2-8675-4f7f-be40-2d97c558df74,2026-08-04T05:00:00Z,2026-08-04T07:00:00+0200,172.0,EUR/MWh,NL,NL,imbalance_price,Short,2026-08-06T05:38:50Z
2026-08-06T05:35:55Z,2026-08-06T07:35:55+0200,c3feb7e2-8675-4f7f-be40-2d97c558df74,2026-08-04T05:15:00Z,2026-08-04T07:15:00+0200,192.63,EUR/MWh,NL,NL,imbalance_price,Long,2026-08-06T05:38:50Z
2026-08-06T05:35:55Z,2026-08-06T07:35:55+0200,c3feb7e2-8675-4f7f-be40-2d97c558df74,2026-08-04T05:15:00Z,2026-08-04T07:15:00+0200,192.63,EUR/MWh,NL,NL,imbalance_price,Short,2026-08-06T05:38:50Z
2026-08-06T05:35:55Z,2026-08-06T07:35:55+0200,c3feb7e2-8675-4f7f-be40-2d97c558df74,2026-08-04T05:30:00Z,2026-08-04T07:30:00+0200,190.0,EUR/MWh,NL,NL,imbalance_price,Long,2026-08-06T05:38:50Z
2026-08-06T05:35:55Z,2026-08-06T07:35:55+0200,c3feb7e2-8675-4f7f-be40-2d97c558df74,2026-08-04T05:30:00Z,2026-08-04T07:30:00+0200,190.0,EUR/MWh,NL,NL,imbalance_price,Short,2026-08-06T05:38:50Z
2026-08-06T05:35:55Z,2026-08-06T07:35:55+0200,c3feb7e2-8675-4f7f-be40-2d97c558df74,2026-08-04T05:45:00Z,2026-08-04T07:45:00+0200,179.1,EUR/MWh,NL,NL,imbalance_price,Long,2026-08-06T05:38:50Z
2026-08-06T05:35:55Z,2026-08-06T07:35:55+0200,c3feb7e2-8675-4f7f-be40-2d97c558df74,2026-08-04T05:45:00Z,2026-08-04T07:45:00+0200,179.1,EUR/MWh,NL,NL,imbalance_price,Short,2026-08-06T05:38:50Z
2026-08-06T05:35:55Z,2026-08-06T07:35:55+0200,c3feb7e2-8675-4f7f-be40-2d97c558df74,2026-08-04T06:00:00Z,2026-08-04T08:00:00+0200,171.9,EUR/MWh,NL,NL,imbalance_price,Long,2026-08-06T05:38:50Z
2026-08-06T05:35:55Z,2026-08-06T07:35:55+0200,c3feb7e2-8675-4f7f-be40-2d97c558df74,2026-08-04T06:00:00Z,2026-08-04T08:00:00+0200,171.9,EUR/MWh,NL,NL,imbalance_price,Short,2026-08-06T05:38:50Z
2026-08-06T05:35:55Z,2026-08-06T07:35:55+0200,c3feb7e2-8675-4f7f-be40-2d97c558df74,2026-08-04T06:15:00Z,2026-08-04T08:15:00+0200,179.33,EUR/MWh,NL,NL,imbalance_price,Long,2026-08-06T05:38:50Z
2026-08-06T05:35:55Z,2026-08-06T07:35:55+0200,c3feb7e2-8675-4f7f-be40-2d97c558df74,2026-08-04T06:15:00Z,2026-08-04T08:15:00+0200,179.33,EUR/MWh,NL,NL,imbalance_price,Short,2026-08-06T05:38:50Z
2026-08-06T05:35:55Z,2026-08-06T07:35:55+0200,c3feb7e2-8675-4f7f-be40-2d97c558df74,2026-08-04T06:30:00Z,2026-08-04T08:30:00+0200,176.64,EUR/MWh,NL,NL,imbalance_price,Long,2026-08-06T05:38:50Z
2026-08-06T05:35:55Z,2026-08-06T07:35:55+0200,c3feb7e2-8675-4f7f-be40-2d97c558df74,2026-08-04T06:30:00Z,2026-08-04T08:30:00+0200,176.64,EUR/MWh,NL,NL,imbalance_price,Short,2026-08-06T05:38:50Z
2026-08-06T05:35:55Z,2026-08-06T07:35:55+0200,c3feb7e2-8675-4f7f-be40-2d97c558df74,2026-08-04T06:45:00Z,2026-08-04T08:45:00+0200,170.0,EUR/MWh,NL,NL,imbalance_price,Long,2026-08-06T05:38:50Z
2026-08-06T05:35:55Z,2026-08-06T07:35:55+0200,c3feb7e2-8675-4f7f-be40-2d97c558df74,2026-08-04T06:45:00Z,2026-08-04T08:45:00+0200,170.0,EUR/MWh,NL,NL,imbalance_price,Short,2026-08-06T05:38:50Z
2026-08-06T05:35:55Z,2026-08-06T07:35:55+0200,c3feb7e2-8675-4f7f-be40-2d97c558df74,2026-08-04T07:00:00Z,2026-08-04T09:00:00+0200,154.95,EUR/MWh,NL,NL,imbalance_price,Long,2026-08-06T05:38:50Z
2026-08-06T05:35:55Z,2026-08-06T07:35:55+0200,c3feb7e2-8675-4f7f-be40-2d97c558df74,2026-08-04T07:00:00Z,2026-08-04T09:00:00+0200,154.95,EUR/MWh,NL,NL,imbalance_price,Short,2026-08-06T05:38:50Z
2026-08-06T05:35:55Z,2026-08-06T07:35:55+0200,c3feb7e2-8675-4f7f-be40-2d97c558df74,2026-08-04T07:15:00Z,2026-08-04T09:15:00+0200,148.7,EUR/MWh,NL,NL,imbalance_price,Long,2026-08-06T05:38:50Z
2026-08-06T05:35:55Z,2026-08-06T07:35:55+0200,c3feb7e2-8675-4f7f-be40-2d97c558df74,2026-08-04T07:15:00Z,2026-08-04T09:15:00+0200,148.7,EUR/MWh,NL,NL,imbalance_price,Short,2026-08-06T05:38:50Z
2026-08-06T05:35:55Z,2026-08-06T07:35:55+0200,c3feb7e2-8675-4f7f-be40-2d97c558df74,2026-08-04T07:30:00Z,2026-08-04T09:30:00+0200,97.0,EUR/MWh,NL,NL,imbalance_price,Long,2026-08-06T05:38:50Z
2026-08-06T05:35:55Z,2026-08-06T07:35:55+0200,c3feb7e2-8675-4f7f-be40-2d97c558df74,2026-08-04T07:30:00Z,2026-08-04T09:30:00+0200,108.4,EUR/MWh,NL,NL,imbalance_price,Short,2026-08-06T05:38:50Z
2026-08-06T05:35:55Z,2026-08-06T07:35:55+0200,c3feb7e2-8675-4f7f-be40-2d97c558df74,2026-08-04T07:45:00Z,2026-08-04T09:45:00+0200,50.0,EUR/MWh,NL,NL,imbalance_price,Long,2026-08-06T05:38:50Z
2026-08-06T05:35:55Z,2026-08-06T07:35:55+0200,c3feb7e2-8675-4f7f-be40-2d97c558df74,2026-08-04T07:45:00Z,2026-08-04T09:45:00+0200,50.0,EUR/MWh,NL,NL,imbalance_price,Short,2026-08-06T05:38:50Z
2026-08-06T05:35:55Z,2026-08-06T07:35:55+0200,c3feb7e2-8675-4f7f-be40-2d97c558df74,2026-08-04T08:00:00Z,2026-08-04T10:00:00+0200,23.7,EUR/MWh,NL,NL,imbalance_price,Long,2026-08-06T05:38:50Z
2026-08-06T05:35:55Z,2026-08-06T07:35:55+0200,c3feb7e2-8675-4f7f-be40-2d97c558df74,2026-08-04T08:00:00Z,2026-08-04T10:00:00+0200,23.7,EUR/MWh,NL,NL,imbalance_price,Short,2026-08-06T05:38:50Z
2026-08-06T05:35:55Z,2026-08-06T07:35:55+0200,c3feb7e2-8675-4f7f-be40-2d97c558df74,2026-08-04T08:15:00Z,2026-08-04T10:15:00+0200,88.0,EUR/MWh,NL,NL,imbalance_price,Long,2026-08-06T05:38:50Z
2026-08-06T05:35:55Z,2026-08-06T07:35:55+0200,c3feb7e2-8675-4f7f-be40-2d97c558df74,2026-08-04T08:15:00Z,2026-08-04T10:15:00+0200,108.4,EUR/MWh,NL,NL,imbalance_price,Short,2026-08-06T05:38:50Z
2026-08-06T05:35:55Z,2026-08-06T07:35:55+0200,c3feb7e2-8675-4f7f-be40-2d97c558df74,2026-08-04T08:30:00Z,2026-08-04T10:30:00+0200,95.61,EUR/MWh,NL,NL,imbalance_price,Long,2026-08-06T05:38:50Z
2026-08-06T05:35:55Z,2026-08-06T07:35:55+0200,c3feb7e2-8675-4f7f-be40-2d97c558df74,2026-08-04T08:30:00Z,2026-08-04T10:30:00+0200,150.1,EUR/MWh,NL,NL,imbalance_price,Short,2026-08-06T05:38:50Z
2026-08-06T05:35:55Z,2026-08-06T07:35:55+0200,c3feb7e2-8675-4f7f-be40-2d97c558df74,2026-08-04T08:45:00Z,2026-08-04T10:45:00+0200,50.0,EUR/MWh,NL,NL,imbalance_price,Long,2026-08-06T05:38:50Z
2026-08-06T05:35:55Z,2026-08-06T07:35:55+0200,c3feb7e2-8675-4f7f-be40-2d97c558df74,2026-08-04T08:45:00Z,2026-08-04T10:45:00+0200,120.9,EUR/MWh,NL,NL,imbalance_price,Short,2026-08-06T05:38:50Z
2026-08-06T05:35:55Z,2026-08-06T07:35:55+0200,c3feb7e2-8675-4f7f-be40-2d97c558df74,2026-08-04T09:00:00Z,2026-08-04T11:00:00+0200,88.52,EUR/MWh,NL,NL,imbalance_price,Long,2026-08-06T05:38:50Z
2026-08-06T05:35:55Z,2026-08-06T07:35:55+0200,c3feb7e2-8675-4f7f-be40-2d97c558df74,2026-08-04T09:00:00Z,2026-08-04T11:00:00+0200,144.0,EUR/MWh,NL,NL,imbalance_price,Short,2026-08-06T05:38:50Z
2026-08-06T05:35:55Z,2026-08-06T07:35:55+0200,c3feb7e2-8675-4f7f-be40-2d97c558df74,2026-08-04T09:15:00Z,2026-08-04T11:15:00+0200,50.0,EUR/MWh,NL,NL,imbalance_price,Long,2026-08-06T05:38:50Z
2026-08-06T05:35:55Z,2026-08-06T07:35:55+0200,c3feb7e2-8675-4f7f-be40-2d97c558df74,2026-08-04T09:15:00Z,2026-08-04T11:15:00+0200,124.37,EUR/MWh,NL,NL,imbalance_price,Short,2026-08-06T05:38:50Z
2026-08-06T05:35:55Z,2026-08-06T07:35:55+0200,c3feb7e2-8675-4f7f-be40-2d97c558df74,2026-08-04T09:30:00Z,2026-08-04T11:30:00+0200,44.38,EUR/MWh,NL,NL,imbalance_price,Long,2026-08-06T05:38:50Z
2026-08-06T05:35:55Z,2026-08-06T07:35:55+0200,c3feb7e2-8675-4f7f-be40-2d97c558df74,2026-08-04T09:30:00Z,2026-08-04T11:30:00+0200,92.92,EUR/MWh,NL,NL,imbalance_price,Short,2026-08-06T05:38:50Z
2026-08-06T05:35:55Z,2026-08-06T07:35:55+0200,c3feb7e2-8675-4f7f-be40-2d97c558df74,2026-08-04T09:45:00Z,2026-08-04T11:45:00+0200,93.0,EUR/MWh,NL,NL,imbalance_price,Long,2026-08-06T05:38:50Z
2026-08-06T05:35:55Z,2026-08-06T07:35:55+0200,c3feb7e2-8675-4f7f-be40-2d97c558df74,2026-08-04T09:45:00Z,2026-08-04T11:45:00+0200,93.0,EUR/MWh,NL,NL,imbalance_price,Short,2026-08-06T05:38:50Z
2026-08-06T05:35:55Z,2026-08-06T07:35:55+0200,c3feb7e2-8675-4f7f-be40-2d97c558df74,2026-08-04T10:00:00Z,2026-08-04T12:00:00+0200,80.34,EUR/MWh,NL,NL,imbalance_price,Long,2026-08-06T05:38:50Z
2026-08-06T05:35:55Z,2026-08-06T07:35:55+0200,c3feb7e2-8675-4f7f-be40-2d97c558df74,2026-08-04T10:00:00Z,2026-08-04T12:00:00+0200,90.68,EUR/MWh,NL,NL,imbalance_price,Short,2026-08-06T05:38:50Z
2026-08-06T05:35:55Z,2026-08-06T07:35:55+0200,c3feb7e2-8675-4f7f-be40-2d97c558df74,2026-08-04T10:15:00Z,2026-08-04T12:15:00+0200,125.42,EUR/MWh,NL,NL,imbalance_price,Long,2026-08-06T05:38:50Z
2026-08-06T05:35:55Z,2026-08-06T07:35:55+0200,c3feb7e2-8675-4f7f-be40-2d97c558df74,2026-08-04T10:15:00Z,2026-08-04T12:15:00+0200,125.42,EUR/MWh,NL,NL,imbalance_price,Short,2026-08-06T05:38:50Z
2026-08-06T05:35:55Z,2026-08-06T07:35:55+0200,c3feb7e2-8675-4f7f-be40-2d97c558df74,2026-08-04T10:30:00Z,2026-08-04T12:30:00+0200,123.22,EUR/MWh,NL,NL,imbalance_price,Long,2026-08-06T05:38:50Z
2026-08-06T05:35:55Z,2026-08-06T07:35:55+0200,c3feb7e2-8675-4f7f-be40-2d97c558df74,2026-08-04T10:30:00Z,2026-08-04T12:30:00+0200,123.22,EUR/MWh,NL,NL,imbalance_price,Short,2026-08-06T05:38:50Z
2026-08-06T05:35:55Z,2026-08-06T07:35:55+0200,c3feb7e2-8675-4f7f-be40-2d97c558df74,2026-08-04T10:45:00Z,2026-08-04T12:45:00+0200,138.0,EUR/MWh,NL,NL,imbalance_price,Long,2026-08-06T05:38:50Z
2026-08-06T05:35:55Z,2026-08-06T07:35:55+0200,c3feb7e2-8675-4f7f-be40-2d97c558df74,2026-08-04T10:45:00Z,2026-08-04T12:45:00+0200,138.0,EUR/MWh,NL,NL,imbalance_price,Short,2026-08-06T05:38:50Z
2026-08-06T05:35:55Z,2026-08-06T07:35:55+0200,c3feb7e2-8675-4f7f-be40-2d97c558df74,2026-08-04T11:00:00Z,2026-08-04T13:00:00+0200,88.0,EUR/MWh,NL,NL,imbalance_price,Long,2026-08-06T05:38:50Z
2026-08-06T05:35:55Z,2026-08-06T07:35:55+0200,c3feb7e2-8675-4f7f-be40-2d97c558df74,2026-08-04T11:00:00Z,2026-08-04T13:00:00+0200,135.0,EUR/MWh,NL,NL,imbalance_price,Short,2026-08-06T05:38:50Z
2026-08-06T05:35:55Z,2026-08-06T07:35:55+0200,c3feb7e2-8675-4f7f-be40-2d97c558df74,2026-08-04T11:15:00Z,2026-08-04T13:15:00+0200,110.68,EUR/MWh,NL,NL,imbalance_price,Long,2026-08-06T05:38:50Z
2026-08-06T05:35:55Z,2026-08-06T07:35:55+0200,c3feb7e2-8675-4f7f-be40-2d97c558df74,2026-08-04T11:15:00Z,2026-08-04T13:15:00+0200,110.68,EUR/MWh,NL,NL,imbalance_price,Short,2026-08-06T05:38:50Z
2026-08-06T05:35:55Z,2026-08-06T07:35:55+0200,c3feb7e2-8675-4f7f-be40-2d97c558df74,2026-08-04T11:30:00Z,2026-08-04T13:30:00+0200,87.5,EUR/MWh,NL,NL,imbalance_price,Long,2026-08-06T05:38:50Z
2026-08-06T05:35:55Z,2026-08-06T07:35:55+0200,c3feb7e2-8675-4f7f-be40-2d97c558df74,2026-08-04T11:30:00Z,2026-08-04T13:30:00+0200,127.12,EUR/MWh,NL,NL,imbalance_price,Short,2026-08-06T05:38:50Z
2026-08-06T05:35:55Z,2026-08-06T07:35:55+0200,c3feb7e2-8675-4f7f-be40-2d97c558df74,2026-08-04T11:45:00Z,2026-08-04T13:45:00+0200,-5.4,EUR/MWh,NL,NL,imbalance_price,Long,2026-08-06T05:38:50Z
2026-08-06T05:35:55Z,2026-08-06T07:35:55+0200,c3feb7e2-8675-4f7f-be40-2d97c558df74,2026-08-04T11:45:00Z,2026-08-04T13:45:00+0200,130.1,EUR/MWh,NL,NL,imbalance_price,Short,2026-08-06T05:38:50Z
2026-08-06T05:35:55Z,2026-08-06T07:35:55+0200,c3feb7e2-8675-4f7f-be40-2d97c558df74,2026-08-04T12:00:00Z,2026-08-04T14:00:00+0200,-4.0,EUR/MWh,NL,NL,imbalance_price,Long,2026-08-06T05:38:50Z
2026-08-06T05:35:55Z,2026-08-06T07:35:55+0200,c3feb7e2-8675-4f7f-be40-2d97c558df74,2026-08-04T12:00:00Z,2026-08-04T14:00:00+0200,-4.0,EUR/MWh,NL,NL,imbalance_price,Short,2026-08-06T05:38:50Z
2026-08-06T05:35:55Z,2026-08-06T07:35:55+0200,c3feb7e2-8675-4f7f-be40-2d97c558df74,2026-08-04T12:15:00Z,2026-08-04T14:15:00+0200,12.0,EUR/MWh,NL,NL,imbalance_price,Long,2026-08-06T05:38:50Z
2026-08-06T05:35:55Z,2026-08-06T07:35:55+0200,c3feb7e2-8675-4f7f-be40-2d97c558df74,2026-08-04T12:15:00Z,2026-08-04T14:15:00+0200,12.0,EUR/MWh,NL,NL,imbalance_price,Short,2026-08-06T05:38:50Z
2026-08-06T05:35:55Z,2026-08-06T07:35:55+0200,c3feb7e2-8675-4f7f-be40-2d97c558df74,2026-08-04T12:30:00Z,2026-08-04T14:30:00+0200,20.0,EUR/MWh,NL,NL,imbalance_price,Long,2026-08-06T05:38:50Z
2026-08-06T05:35:55Z,2026-08-06T07:35:55+0200,c3feb7e2-8675-4f7f-be40-2d97c558df74,2026-08-04T12:30:00Z,2026-08-04T14:30:00+0200,20.0,EUR/MWh,NL,NL,imbalance_price,Short,2026-08-06T05:38:50Z
2026-08-06T05:35:55Z,2026-08-06T07:35:55+0200,c3feb7e2-8675-4f7f-be40-2d97c558df74,2026-08-04T12:45:00Z,2026-08-04T14:45:00+0200,2.0,EUR/MWh,NL,NL,imbalance_price,Long,2026-08-06T05:38:50Z
2026-08-06T05:35:55Z,2026-08-06T07:35:55+0200,c3feb7e2-8675-4f7f-be40-2d97c558df74,2026-08-04T12:45:00Z,2026-08-04T14:45:00+0200,125.0,EUR/MWh,NL,NL,imbalance_price,Short,2026-08-06T05:38:50Z
2026-08-06T05:35:55Z,2026-08-06T07:35:55+0200,c3feb7e2-8675-4f7f-be40-2d97c558df74,2026-08-04T13:00:00Z,2026-08-04T15:00:00+0200,88.0,EUR/MWh,NL,NL,imbalance_price,Long,2026-08-06T05:38:50Z
2026-08-06T05:35:55Z,2026-08-06T07:35:55+0200,c3feb7e2-8675-4f7f-be40-2d97c558df74,2026-08-04T13:00:00Z,2026-08-04T15:00:00+0200,122.5,EUR/MWh,NL,NL,imbalance_price,Short,2026-08-06T05:38:50Z
2026-08-06T05:35:55Z,2026-08-06T07:35:55+0200,c3feb7e2-8675-4f7f-be40-2d97c558df74,2026-08-04T13:15:00Z,2026-08-04T15:15:00+0200,12.0,EUR/MWh,NL,NL,imbalance_price,Long,2026-08-06T05:38:50Z
2026-08-06T05:35:55Z,2026-08-06T07:35:55+0200,c3feb7e2-8675-4f7f-be40-2d97c558df74,2026-08-04T13:15:00Z,2026-08-04T15:15:00+0200,12.0,EUR/MWh,NL,NL,imbalance_price,Short,2026-08-06T05:38:50Z
2026-08-06T05:35:55Z,2026-08-06T07:35:55+0200,c3feb7e2-8675-4f7f-be40-2d97c558df74,2026-08-04T13:30:00Z,2026-08-04T15:30:00+0200,22.9,EUR/MWh,NL,NL,imbalance_price,Long,2026-08-06T05:38:50Z
2026-08-06T05:35:55Z,2026-08-06T07:35:55+0200,c3feb7e2-8675-4f7f-be40-2d97c558df74,2026-08-04T13:30:00Z,2026-08-04T15:30:00+0200,22.9,EUR/MWh,NL,NL,imbalance_price,Short,2026-08-06T05:38:50Z
2026-08-06T05:35:55Z,2026-08-06T07:35:55+0200,c3feb7e2-8675-4f7f-be40-2d97c558df74,2026-08-04T13:45:00Z,2026-08-04T15:45:00+0200,22.9,EUR/MWh,NL,NL,imbalance_price,Long,2026-08-06T05:38:50Z
2026-08-06T05:35:55Z,2026-08-06T07:35:55+0200,c3feb7e2-8675-4f7f-be40-2d97c558df74,2026-08-04T13:45:00Z,2026-08-04T15:45:00+0200,100.68,EUR/MWh,NL,NL,imbalance_price,Short,2026-08-06T05:38:50Z
2026-08-06T05:35:55Z,2026-08-06T07:35:55+0200,c3feb7e2-8675-4f7f-be40-2d97c558df74,2026-08-04T14:00:00Z,2026-08-04T16:00:00+0200,98.81,EUR/MWh,NL,NL,imbalance_price,Long,2026-08-06T05:38:50Z
2026-08-06T05:35:55Z,2026-08-06T07:35:55+0200,c3feb7e2-8675-4f7f-be40-2d97c558df74,2026-08-04T14:00:00Z,2026-08-04T16:00:00+0200,119.0,EUR/MWh,NL,NL,imbalance_price,Short,2026-08-06T05:38:50Z
2026-08-06T05:35:55Z,2026-08-06T07:35:55+0200,c3feb7e2-8675-4f7f-be40-2d97c558df74,2026-08-04T14:15:00Z,2026-08-04T16:15:00+0200,100.0,EUR/MWh,NL,NL,imbalance_price,Long,2026-08-06T05:38:50Z
2026-08-06T05:35:55Z,2026-08-06T07:35:55+0200,c3feb7e2-8675-4f7f-be40-2d97c558df74,2026-08-04T14:15:00Z,2026-08-04T16:15:00+0200,172.0,EUR/MWh,NL,NL,imbalance_price,Short,2026-08-06T05:38:50Z
2026-08-06T05:35:55Z,2026-08-06T07:35:55+0200,c3feb7e2-8675-4f7f-be40-2d97c558df74,2026-08-04T14:30:00Z,2026-08-04T16:30:00+0200,98.81,EUR/MWh,NL,NL,imbalance_price,Long,2026-08-06T05:38:50Z
2026-08-06T05:35:55Z,2026-08-06T07:35:55+0200,c3feb7e2-8675-4f7f-be40-2d97c558df74,2026-08-04T14:30:00Z,2026-08-04T16:30:00+0200,172.0,EUR/MWh,NL,NL,imbalance_price,Short,2026-08-06T05:38:50Z
2026-08-06T05:35:55Z,2026-08-06T07:35:55+0200,c3feb7e2-8675-4f7f-be40-2d97c558df74,2026-08-04T14:45:00Z,2026-08-04T16:45:00+0200,37.4,EUR/MWh,NL,NL,imbalance_price,Long,2026-08-06T05:38:50Z
2026-08-06T05:35:55Z,2026-08-06T07:35:55+0200,c3feb7e2-8675-4f7f-be40-2d97c558df74,2026-08-04T14:45:00Z,2026-08-04T16:45:00+0200,172.0,EUR/MWh,NL,NL,imbalance_price,Short,2026-08-06T05:38:50Z
2026-08-06T05:35:55Z,2026-08-06T07:35:55+0200,c3feb7e2-8675-4f7f-be40-2d97c558df74,2026-08-04T15:00:00Z,2026-08-04T17:00:00+0200,499.8,EUR/MWh,NL,NL,imbalance_price,Long,2026-08-06T05:38:50Z
2026-08-06T05:35:55Z,2026-08-06T07:35:55+0200,c3feb7e2-8675-4f7f-be40-2d97c558df74,2026-08-04T15:00:00Z,2026-08-04T17:00:00+0200,499.8,EUR/MWh,NL,NL,imbalance_price,Short,2026-08-06T05:38:50Z
2026-08-06T05:35:55Z,2026-08-06T07:35:55+0200,c3feb7e2-8675-4f7f-be40-2d97c558df74,2026-08-04T15:15:00Z,2026-08-04T17:15:00+0200,400.0,EUR/MWh,NL,NL,imbalance_price,Long,2026-08-06T05:38:50Z
2026-08-06T05:35:55Z,2026-08-06T07:35:55+0200,c3feb7e2-8675-4f7f-be40-2d97c558df74,2026-08-04T15:15:00Z,2026-08-04T17:15:00+0200,400.0,EUR/MWh,NL,NL,imbalance_price,Short,2026-08-06T05:38:50Z
2026-08-06T05:35:55Z,2026-08-06T07:35:55+0200,c3feb7e2-8675-4f7f-be40-2d97c558df74,2026-08-04T15:30:00Z,2026-08-04T17:30:00+0200,97.0,EUR/MWh,NL,NL,imbalance_price,Long,2026-08-06T05:38:50Z
2026-08-06T05:35:55Z,2026-08-06T07:35:55+0200,c3feb7e2-8675-4f7f-be40-2d97c558df74,2026-08-04T15:30:00Z,2026-08-04T17:30:00+0200,188.4,EUR/MWh,NL,NL,imbalance_price,Short,2026-08-06T05:38:50Z
2026-08-06T05:35:55Z,2026-08-06T07:35:55+0200,c3feb7e2-8675-4f7f-be40-2d97c558df74,2026-08-04T15:45:00Z,2026-08-04T17:45:00+0200,2000.0,EUR/MWh,NL,NL,imbalance_price,Long,2026-08-06T05:38:50Z
2026-08-06T05:35:55Z,2026-08-06T07:35:55+0200,c3feb7e2-8675-4f7f-be40-2d97c558df74,2026-08-04T15:45:00Z,2026-08-04T17:45:00+0200,2000.0,EUR/MWh,NL,NL,imbalance_price,Short,2026-08-06T05:38:50Z
2026-08-06T05:35:55Z,2026-08-06T07:35:55+0200,c3feb7e2-8675-4f7f-be40-2d97c558df74,2026-08-04T16:00:00Z,2026-08-04T18:00:00+0200,2000.0,EUR/MWh,NL,NL,imbalance_price,Long,2026-08-06T05:38:50Z
2026-08-06T05:35:55Z,2026-08-06T07:35:55+0200,c3feb7e2-8675-4f7f-be40-2d97c558df74,2026-08-04T16:00:00Z,2026-08-04T18:00:00+0200,2000.0,EUR/MWh,NL,NL,imbalance_price,Short,2026-08-06T05:38:50Z
2026-08-06T05:35:55Z,2026-08-06T07:35:55+0200,c3feb7e2-8675-4f7f-be40-2d97c558df74,2026-08-04T16:15:00Z,2026-08-04T18:15:00+0200,245.0,EUR/MWh,NL,NL,imbalance_price,Long,2026-08-06T05:38:50Z
2026-08-06T05:35:55Z,2026-08-06T07:35:55+0200,c3feb7e2-8675-4f7f-be40-2d97c558df74,2026-08-04T16:15:00Z,2026-08-04T18:15:00+0200,245.0,EUR/MWh,NL,NL,imbalance_price,Short,2026-08-06T05:38:50Z
2026-08-06T05:35:55Z,2026-08-06T07:35:55+0200,c3feb7e2-8675-4f7f-be40-2d97c558df74,2026-08-04T16:30:00Z,2026-08-04T18:30:00+0200,121.13,EUR/MWh,NL,NL,imbalance_price,Long,2026-08-06T05:38:50Z
2026-08-06T05:35:55Z,2026-08-06T07:35:55+0200,c3feb7e2-8675-4f7f-be40-2d97c558df74,2026-08-04T16:30:00Z,2026-08-04T18:30:00+0200,231.33,EUR/MWh,NL,NL,imbalance_price,Short,2026-08-06T05:38:50Z
2026-08-06T05:35:55Z,2026-08-06T07:35:55+0200,c3feb7e2-8675-4f7f-be40-2d97c558df74,2026-08-04T16:45:00Z,2026-08-04T18:45:00+0200,253.08,EUR/MWh,NL,NL,imbalance_price,Long,2026-08-06T05:38:50Z
2026-08-06T05:35:55Z,2026-08-06T07:35:55+0200,c3feb7e2-8675-4f7f-be40-2d97c558df74,2026-08-04T16:45:00Z,2026-08-04T18:45:00+0200,253.08,EUR/MWh,NL,NL,imbalance_price,Short,2026-08-06T05:38:50Z
2026-08-06T05:35:55Z,2026-08-06T07:35:55+0200,c3feb7e2-8675-4f7f-be40-2d97c558df74,2026-08-04T17:00:00Z,2026-08-04T19:00:00+0200,225.0,EUR/MWh,NL,NL,imbalance_price,Long,2026-08-06T05:38:50Z
2026-08-06T05:35:55Z,2026-08-06T07:35:55+0200,c3feb7e2-8675-4f7f-be40-2d97c558df74,2026-08-04T17:00:00Z,2026-08-04T19:00:00+0200,225.0,EUR/MWh,NL,NL,imbalance_price,Short,2026-08-06T05:38:50Z
2026-08-06T05:35:55Z,2026-08-06T07:35:55+0200,c3feb7e2-8675-4f7f-be40-2d97c558df74,2026-08-04T17:15:00Z,2026-08-04T19:15:00+0200,240.6,EUR/MWh,NL,NL,imbalance_price,Long,2026-08-06T05:38:50Z
2026-08-06T05:35:55Z,2026-08-06T07:35:55+0200,c3feb7e2-8675-4f7f-be40-2d97c558df74,2026-08-04T17:15:00Z,2026-08-04T19:15:00+0200,240.6,EUR/MWh,NL,NL,imbalance_price,Short,2026-08-06T05:38:50Z
2026-08-06T05:35:55Z,2026-08-06T07:35:55+0200,c3feb7e2-8675-4f7f-be40-2d97c558df74,2026-08-04T17:30:00Z,2026-08-04T19:30:00+0200,500.0,EUR/MWh,NL,NL,imbalance_price,Long,2026-08-06T05:38:50Z
2026-08-06T05:35:55Z,2026-08-06T07:35:55+0200,c3feb7e2-8675-4f7f-be40-2d97c558df74,2026-08-04T17:30:00Z,2026-08-04T19:30:00+0200,500.0,EUR/MWh,NL,NL,imbalance_price,Short,2026-08-06T05:38:50Z
2026-08-06T05:35:55Z,2026-08-06T07:35:55+0200,c3feb7e2-8675-4f7f-be40-2d97c558df74,2026-08-04T17:45:00Z,2026-08-04T19:45:00+0200,500.0,EUR/MWh,NL,NL,imbalance_price,Long,2026-08-06T05:38:50Z
2026-08-06T05:35:55Z,2026-08-06T07:35:55+0200,c3feb7e2-8675-4f7f-be40-2d97c558df74,2026-08-04T17:45:00Z,2026-08-04T19:45:00+0200,500.0,EUR/MWh,NL,NL,imbalance_price,Short,2026-08-06T05:38:50Z
2026-08-06T05:35:55Z,2026-08-06T07:35:55+0200,c3feb7e2-8675-4f7f-be40-2d97c558df74,2026-08-04T18:00:00Z,2026-08-04T20:00:00+0200,293.0,EUR/MWh,NL,NL,imbalance_price,Long,2026-08-06T05:38:50Z
2026-08-06T05:35:55Z,2026-08-06T07:35:55+0200,c3feb7e2-8675-4f7f-be40-2d97c558df74,2026-08-04T18:00:00Z,2026-08-04T20:00:00+0200,293.0,EUR/MWh,NL,NL,imbalance_price,Short,2026-08-06T05:38:50Z
2026-08-06T05:35:55Z,2026-08-06T07:35:55+0200,c3feb7e2-8675-4f7f-be40-2d97c558df74,2026-08-04T18:15:00Z,2026-08-04T20:15:00+0200,264.5,EUR/MWh,NL,NL,imbalance_price,Long,2026-08-06T05:38:50Z
2026-08-06T05:35:55Z,2026-08-06T07:35:55+0200,c3feb7e2-8675-4f7f-be40-2d97c558df74,2026-08-04T18:15:00Z,2026-08-04T20:15:00+0200,264.5,EUR/MWh,NL,NL,imbalance_price,Short,2026-08-06T05:38:50Z
2026-08-06T05:35:55Z,2026-08-06T07:35:55+0200,c3feb7e2-8675-4f7f-be40-2d97c558df74,2026-08-04T18:30:00Z,2026-08-04T20:30:00+0200,222.3,EUR/MWh,NL,NL,imbalance_price,Long,2026-08-06T05:38:50Z
2026-08-06T05:35:55Z,2026-08-06T07:35:55+0200,c3feb7e2-8675-4f7f-be40-2d97c558df74,2026-08-04T18:30:00Z,2026-08-04T20:30:00+0200,222.3,EUR/MWh,NL,NL,imbalance_price,Short,2026-08-06T05:38:50Z
2026-08-06T05:35:55Z,2026-08-06T07:35:55+0200,c3feb7e2-8675-4f7f-be40-2d97c558df74,2026-08-04T18:45:00Z,2026-08-04T20:45:00+0200,188.4,EUR/MWh,NL,NL,imbalance_price,Long,2026-08-06T05:38:50Z
2026-08-06T05:35:55Z,2026-08-06T07:35:55+0200,c3feb7e2-8675-4f7f-be40-2d97c558df74,2026-08-04T18:45:00Z,2026-08-04T20:45:00+0200,188.4,EUR/MWh,NL,NL,imbalance_price,Short,2026-08-06T05:38:50Z
2026-08-06T05:35:55Z,2026-08-06T07:35:55+0200,c3feb7e2-8675-4f7f-be40-2d97c558df74,2026-08-04T19:00:00Z,2026-08-04T21:00:00+0200,365.0,EUR/MWh,NL,NL,imbalance_price,Long,2026-08-06T05:38:50Z
2026-08-06T05:35:55Z,2026-08-06T07:35:55+0200,c3feb7e2-8675-4f7f-be40-2d97c558df74,2026-08-04T19:00:00Z,2026-08-04T21:00:00+0200,365.0,EUR/MWh,NL,NL,imbalance_price,Short,2026-08-06T05:38:50Z
2026-08-06T05:35:55Z,2026-08-06T07:35:55+0200,c3feb7e2-8675-4f7f-be40-2d97c558df74,2026-08-04T19:15:00Z,2026-08-04T21:15:00+0200,237.46,EUR/MWh,NL,NL,imbalance_price,Long,2026-08-06T05:38:50Z
2026-08-06T05:35:55Z,2026-08-06T07:35:55+0200,c3feb7e2-8675-4f7f-be40-2d97c558df74,2026-08-04T19:15:00Z,2026-08-04T21:15:00+0200,237.46,EUR/MWh,NL,NL,imbalance_price,Short,2026-08-06T05:38:50Z
2026-08-06T05:35:55Z,2026-08-06T07:35:55+0200,c3feb7e2-8675-4f7f-be40-2d97c558df74,2026-08-04T19:30:00Z,2026-08-04T21:30:00+0200,366.0,EUR/MWh,NL,NL,imbalance_price,Long,2026-08-06T05:38:50Z
2026-08-06T05:35:55Z,2026-08-06T07:35:55+0200,c3feb7e2-8675-4f7f-be40-2d97c558df74,2026-08-04T19:30:00Z,2026-08-04T21:30:00+0200,366.0,EUR/MWh,NL,NL,imbalance_price,Short,2026-08-06T05:38:50Z
2026-08-06T05:35:55Z,2026-08-06T07:35:55+0200,c3feb7e2-8675-4f7f-be40-2d97c558df74,2026-08-04T19:45:00Z,2026-08-04T21:45:00+0200,367.0,EUR/MWh,NL,NL,imbalance_price,Long,2026-08-06T05:38:50Z
2026-08-06T05:35:55Z,2026-08-06T07:35:55+0200,c3feb7e2-8675-4f7f-be40-2d97c558df74,2026-08-04T19:45:00Z,2026-08-04T21:45:00+0200,367.0,EUR/MWh,NL,NL,imbalance_price,Short,2026-08-06T05:38:50Z
2026-08-06T05:35:55Z,2026-08-06T07:35:55+0200,c3feb7e2-8675-4f7f-be40-2d97c558df74,2026-08-04T20:00:00Z,2026-08-04T22:00:00+0200,366.8,EUR/MWh,NL,NL,imbalance_price,Long,2026-08-06T05:38:50Z
2026-08-06T05:35:55Z,2026-08-06T07:35:55+0200,c3feb7e2-8675-4f7f-be40-2d97c558df74,2026-08-04T20:00:00Z,2026-08-04T22:00:00+0200,366.8,EUR/MWh,NL,NL,imbalance_price,Short,2026-08-06T05:38:50Z
2026-08-06T05:35:55Z,2026-08-06T07:35:55+0200,c3feb7e2-8675-4f7f-be40-2d97c558df74,2026-08-04T20:15:00Z,2026-08-04T22:15:00+0200,557.86,EUR/MWh,NL,NL,imbalance_price,Long,2026-08-06T05:38:50Z
2026-08-06T05:35:55Z,2026-08-06T07:35:55+0200,c3feb7e2-8675-4f7f-be40-2d97c558df74,2026-08-04T20:15:00Z,2026-08-04T22:15:00+0200,557.86,EUR/MWh,NL,NL,imbalance_price,Short,2026-08-06T05:38:50Z
2026-08-06T05:35:55Z,2026-08-06T07:35:55+0200,c3feb7e2-8675-4f7f-be40-2d97c558df74,2026-08-04T20:30:00Z,2026-08-04T22:30:00+0200,163.0,EUR/MWh,NL,NL,imbalance_price,Long,2026-08-06T05:38:50Z
2026-08-06T05:35:55Z,2026-08-06T07:35:55+0200,c3feb7e2-8675-4f7f-be40-2d97c558df74,2026-08-04T20:30:00Z,2026-08-04T22:30:00+0200,250.0,EUR/MWh,NL,NL,imbalance_price,Short,2026-08-06T05:38:50Z
2026-08-06T05:35:55Z,2026-08-06T07:35:55+0200,c3feb7e2-8675-4f7f-be40-2d97c558df74,2026-08-04T20:45:00Z,2026-08-04T22:45:00+0200,109.3,EUR/MWh,NL,NL,imbalance_price,Long,2026-08-06T05:38:50Z
2026-08-06T05:35:55Z,2026-08-06T07:35:55+0200,c3feb7e2-8675-4f7f-be40-2d97c558df74,2026-08-04T20:45:00Z,2026-08-04T22:45:00+0200,141.58,EUR/MWh,NL,NL,imbalance_price,Short,2026-08-06T05:38:50Z
2026-08-06T05:35:55Z,2026-08-06T07:35:55+0200,c3feb7e2-8675-4f7f-be40-2d97c558df74,2026-08-04T21:00:00Z,2026-08-04T23:00:00+0200,107.13,EUR/MWh,NL,NL,imbalance_price,Long,2026-08-06T05:38:50Z
2026-08-06T05:35:55Z,2026-08-06T07:35:55+0200,c3feb7e2-8675-4f7f-be40-2d97c558df74,2026-08-04T21:00:00Z,2026-08-04T23:00:00+0200,107.13,EUR/MWh,NL,NL,imbalance_price,Short,2026-08-06T05:38:50Z
2026-08-06T05:35:55Z,2026-08-06T07:35:55+0200,c3feb7e2-8675-4f7f-be40-2d97c558df74,2026-08-04T21:15:00Z,2026-08-04T23:15:00+0200,138.59,EUR/MWh,NL,NL,imbalance_price,Long,2026-08-06T05:38:50Z
2026-08-06T05:35:55Z,2026-08-06T07:35:55+0200,c3feb7e2-8675-4f7f-be40-2d97c558df74,2026-08-04T21:15:00Z,2026-08-04T23:15:00+0200,150.0,EUR/MWh,NL,NL,imbalance_price,Short,2026-08-06T05:38:50Z
2026-08-06T05:35:55Z,2026-08-06T07:35:55+0200,c3feb7e2-8675-4f7f-be40-2d97c558df74,2026-08-04T21:30:00Z,2026-08-04T23:30:00+0200,135.82,EUR/MWh,NL,NL,imbalance_price,Long,2026-08-06T05:38:50Z
2026-08-06T05:35:55Z,2026-08-06T07:35:55+0200,c3feb7e2-8675-4f7f-be40-2d97c558df74,2026-08-04T21:30:00Z,2026-08-04T23:30:00+0200,213.0,EUR/MWh,NL,NL,imbalance_price,Short,2026-08-06T05:38:50Z
2026-08-06T05:35:55Z,2026-08-06T07:35:55+0200,c3feb7e2-8675-4f7f-be40-2d97c558df74,2026-08-04T21:45:00Z,2026-08-04T23:45:00+0200,120.68,EUR/MWh,NL,NL,imbalance_price,Long,2026-08-06T05:38:50Z
2026-08-06T05:35:55Z,2026-08-06T07:35:55+0200,c3feb7e2-8675-4f7f-be40-2d97c558df74,2026-08-04T21:45:00Z,2026-08-04T23:45:00+0200,150.0,EUR/MWh,NL,NL,imbalance_price,Short,2026-08-06T05:38:50Z
2026-08-06T05:35:55Z,2026-08-06T07:35:55+0200,c3feb7e2-8675-4f7f-be40-2d97c558df74,2026-08-04T22:00:00Z,2026-08-05T00:00:00+0200,90.48,EUR/MWh,NL,NL,imbalance_price,Long,2026-08-06T05:38:50Z
2026-08-06T05:35:55Z,2026-08-06T07:35:55+0200,c3feb7e2-8675-4f7f-be40-2d97c558df74,2026-08-04T22:00:00Z,2026-08-05T00:00:00+0200,90.68,EUR/MWh,NL,NL,imbalance_price,Short,2026-08-06T05:38:50Z
2026-08-06T05:35:55Z,2026-08-06T07:35:55+0200,c3feb7e2-8675-4f7f-be40-2d97c558df74,2026-08-04T22:15:00Z,2026-08-05T00:15:00+0200,89.75,EUR/MWh,NL,NL,imbalance_price,Long,2026-08-06T05:38:50Z
2026-08-06T05:35:55Z,2026-08-06T07:35:55+0200,c3feb7e2-8675-4f7f-be40-2d97c558df74,2026-08-04T22:15:00Z,2026-08-05T00:15:00+0200,150.0,EUR/MWh,NL,NL,imbalance_price,Short,2026-08-06T05:38:50Z
2026-08-06T05:35:55Z,2026-08-06T07:35:55+0200,c3feb7e2-8675-4f7f-be40-2d97c558df74,2026-08-04T22:30:00Z,2026-08-05T00:30:00+0200,111.9,EUR/MWh,NL,NL,imbalance_price,Long,2026-08-06T05:38:50Z
2026-08-06T05:35:55Z,2026-08-06T07:35:55+0200,c3feb7e2-8675-4f7f-be40-2d97c558df74,2026-08-04T22:30:00Z,2026-08-05T00:30:00+0200,111.9,EUR/MWh,NL,NL,imbalance_price,Short,2026-08-06T05:38:50Z
2026-08-06T05:35:55Z,2026-08-06T07:35:55+0200,c3feb7e2-8675-4f7f-be40-2d97c558df74,2026-08-04T22:45:00Z,2026-08-05T00:45:00+0200,106.0,EUR/MWh,NL,NL,imbalance_price,Long,2026-08-06T05:38:50Z
2026-08-06T05:35:55Z,2026-08-06T07:35:55+0200,c3feb7e2-8675-4f7f-be40-2d97c558df74,2026-08-04T22:45:00Z,2026-08-05T00:45:00+0200,106.0,EUR/MWh,NL,NL,imbalance_price,Short,2026-08-06T05:38:50Z
2026-08-06T05:35:55Z,2026-08-06T07:35:55+0200,c3feb7e2-8675-4f7f-be40-2d97c558df74,2026-08-04T23:00:00Z,2026-08-05T01:00:00+0200,84.99,EUR/MWh,NL,NL,imbalance_price,Long,2026-08-06T05:38:50Z
2026-08-06T05:35:55Z,2026-08-06T07:35:55+0200,c3feb7e2-8675-4f7f-be40-2d97c558df74,2026-08-04T23:00:00Z,2026-08-05T01:00:00+0200,200.0,EUR/MWh,NL,NL,imbalance_price,Short,2026-08-06T05:38:50Z
2026-08-06T05:35:55Z,2026-08-06T07:35:55+0200,c3feb7e2-8675-4f7f-be40-2d97c558df74,2026-08-04T23:15:00Z,2026-08-05T01:15:00+0200,84.83,EUR/MWh,NL,NL,imbalance_price,Long,2026-08-06T05:38:50Z
2026-08-06T05:35:55Z,2026-08-06T07:35:55+0200,c3feb7e2-8675-4f7f-be40-2d97c558df74,2026-08-04T23:15:00Z,2026-08-05T01:15:00+0200,168.0,EUR/MWh,NL,NL,imbalance_price,Short,2026-08-06T05:38:50Z
2026-08-06T05:35:55Z,2026-08-06T07:35:55+0200,c3feb7e2-8675-4f7f-be40-2d97c558df74,2026-08-04T23:30:00Z,2026-08-05T01:30:00+0200,91.93,EUR/MWh,NL,NL,imbalance_price,Long,2026-08-06T05:38:50Z
2026-08-06T05:35:55Z,2026-08-06T07:35:55+0200,c3feb7e2-8675-4f7f-be40-2d97c558df74,2026-08-04T23:30:00Z,2026-08-05T01:30:00+0200,91.93,EUR/MWh,NL,NL,imbalance_price,Short,2026-08-06T05:38:50Z
2026-08-06T05:35:55Z,2026-08-06T07:35:55+0200,c3feb7e2-8675-4f7f-be40-2d97c558df74,2026-08-04T23:45:00Z,2026-08-05T01:45:00+0200,94.73,EUR/MWh,NL,NL,imbalance_price,Long,2026-08-06T05:38:50Z
2026-08-06T05:35:55Z,2026-08-06T07:35:55+0200,c3feb7e2-8675-4f7f-be40-2d97c558df74,2026-08-04T23:45:00Z,2026-08-05T01:45:00+0200,94.73,EUR/MWh,NL,NL,imbalance_price,Short,2026-08-06T05:38:50Z
2026-08-06T05:35:55Z,2026-08-06T07:35:55+0200,c3feb7e2-8675-4f7f-be40-2d97c558df74,2026-08-05T00:00:00Z,2026-08-05T02:00:00+0200,86.47,EUR/MWh,NL,NL,imbalance_price,Long,2026-08-06T05:38:50Z
2026-08-06T05:35:55Z,2026-08-06T07:35:55+0200,c3feb7e2-8675-4f7f-be40-2d97c558df74,2026-08-05T00:00:00Z,2026-08-05T02:00:00+0200,174.4,EUR/MWh,NL,NL,imbalance_price,Short,2026-08-06T05:38:50Z
2026-08-06T05:35:55Z,2026-08-06T07:35:55+0200,c3feb7e2-8675-4f7f-be40-2d97c558df74,2026-08-05T00:15:00Z,2026-08-05T02:15:00+0200,133.62,EUR/MWh,NL,NL,imbalance_price,Long,2026-08-06T05:38:50Z
2026-08-06T05:35:55Z,2026-08-06T07:35:55+0200,c3feb7e2-8675-4f7f-be40-2d97c558df74,2026-08-05T00:15:00Z,2026-08-05T02:15:00+0200,133.62,EUR/MWh,NL,NL,imbalance_price,Short,2026-08-06T05:38:50Z
2026-08-06T05:35:55Z,2026-08-06T07:35:55+0200,c3feb7e2-8675-4f7f-be40-2d97c558df74,2026-08-05T00:30:00Z,2026-08-05T02:30:00+0200,97.5,EUR/MWh,NL,NL,imbalance_price,Long,2026-08-06T05:38:50Z
2026-08-06T05:35:55Z,2026-08-06T07:35:55+0200,c3feb7e2-8675-4f7f-be40-2d97c558df74,2026-08-05T00:30:00Z,2026-08-05T02:30:00+0200,100.68,EUR/MWh,NL,NL,imbalance_price,Short,2026-08-06T05:38:50Z
2026-08-06T05:35:55Z,2026-08-06T07:35:55+0200,c3feb7e2-8675-4f7f-be40-2d97c558df74,2026-08-05T00:45:00Z,2026-08-05T02:45:00+0200,153.25,EUR/MWh,NL,NL,imbalance_price,Long,2026-08-06T05:38:50Z
2026-08-06T05:35:55Z,2026-08-06T07:35:55+0200,c3feb7e2-8675-4f7f-be40-2d97c558df74,2026-08-05T00:45:00Z,2026-08-05T02:45:00+0200,153.25,EUR/MWh,NL,NL,imbalance_price,Short,2026-08-06T05:38:50Z
2026-08-06T05:35:55Z,2026-08-06T07:35:55+0200,c3feb7e2-8675-4f7f-be40-2d97c558df74,2026-08-05T01:00:00Z,2026-08-05T03:00:00+0200,87.22,EUR/MWh,NL,NL,imbalance_price,Long,2026-08-06T05:38:50Z
2026-08-06T05:35:55Z,2026-08-06T07:35:55+0200,c3feb7e2-8675-4f7f-be40-2d97c558df74,2026-08-05T01:00:00Z,2026-08-05T03:00:00+0200,200.0,EUR/MWh,NL,NL,imbalance_price,Short,2026-08-06T05:38:50Z
2026-08-06T05:35:55Z,2026-08-06T07:35:55+0200,c3feb7e2-8675-4f7f-be40-2d97c558df74,2026-08-05T01:15:00Z,2026-08-05T03:15:00+0200,87.76,EUR/MWh,NL,NL,imbalance_price,Long,2026-08-06T05:38:50Z
2026-08-06T05:35:55Z,2026-08-06T07:35:55+0200,c3feb7e2-8675-4f7f-be40-2d97c558df74,2026-08-05T01:15:00Z,2026-08-05T03:15:00+0200,179.9,EUR/MWh,NL,NL,imbalance_price,Short,2026-08-06T05:38:50Z
2026-08-06T05:35:55Z,2026-08-06T07:35:55+0200,c3feb7e2-8675-4f7f-be40-2d97c558df74,2026-08-05T01:30:00Z,2026-08-05T03:30:00+0200,88.37,EUR/MWh,NL,NL,imbalance_price,Long,2026-08-06T05:38:50Z
2026-08-06T05:35:55Z,2026-08-06T07:35:55+0200,c3feb7e2-8675-4f7f-be40-2d97c558df74,2026-08-05T01:30:00Z,2026-08-05T03:30:00+0200,150.0,EUR/MWh,NL,NL,imbalance_price,Short,2026-08-06T05:38:50Z
2026-08-06T05:35:55Z,2026-08-06T07:35:55+0200,c3feb7e2-8675-4f7f-be40-2d97c558df74,2026-08-05T01:45:00Z,2026-08-05T03:45:00+0200,89.2,EUR/MWh,NL,NL,imbalance_price,Long,2026-08-06T05:38:50Z
2026-08-06T05:35:55Z,2026-08-06T07:35:55+0200,c3feb7e2-8675-4f7f-be40-2d97c558df74,2026-08-05T01:45:00Z,2026-08-05T03:45:00+0200,89.2,EUR/MWh,NL,NL,imbalance_price,Short,2026-08-06T05:38:50Z
2026-08-06T05:35:55Z,2026-08-06T07:35:55+0200,c3feb7e2-8675-4f7f-be40-2d97c558df74,2026-08-05T02:00:00Z,2026-08-05T04:00:00+0200,200.0,EUR/MWh,NL,NL,imbalance_price,Long,2026-08-06T05:38:50Z
2026-08-06T05:35:55Z,2026-08-06T07:35:55+0200,c3feb7e2-8675-4f7f-be40-2d97c558df74,2026-08-05T02:00:00Z,2026-08-05T04:00:00+0200,200.0,EUR/MWh,NL,NL,imbalance_price,Short,2026-08-06T05:38:50Z
2026-08-06T05:35:55Z,2026-08-06T07:35:55+0200,c3feb7e2-8675-4f7f-be40-2d97c558df74,2026-08-05T02:15:00Z,2026-08-05T04:15:00+0200,250.0,EUR/MWh,NL,NL,imbalance_price,Long,2026-08-06T05:38:50Z
2026-08-06T05:35:55Z,2026-08-06T07:35:55+0200,c3feb7e2-8675-4f7f-be40-2d97c558df74,2026-08-05T02:15:00Z,2026-08-05T04:15:00+0200,250.0,EUR/MWh,NL,NL,imbalance_price,Short,2026-08-06T05:38:50Z
2026-08-06T05:35:55Z,2026-08-06T07:35:55+0200,c3feb7e2-8675-4f7f-be40-2d97c558df74,2026-08-05T02:30:00Z,2026-08-05T04:30:00+0200,199.9,EUR/MWh,NL,NL,imbalance_price,Long,2026-08-06T05:38:50Z
2026-08-06T05:35:55Z,2026-08-06T07:35:55+0200,c3feb7e2-8675-4f7f-be40-2d97c558df74,2026-08-05T02:30:00Z,2026-08-05T04:30:00+0200,199.9,EUR/MWh,NL,NL,imbalance_price,Short,2026-08-06T05:38:50Z
2026-08-06T05:35:55Z,2026-08-06T07:35:55+0200,c3feb7e2-8675-4f7f-be40-2d97c558df74,2026-08-05T02:45:00Z,2026-08-05T04:45:00+0200,183.05,EUR/MWh,NL,NL,imbalance_price,Long,2026-08-06T05:38:50Z
2026-08-06T05:35:55Z,2026-08-06T07:35:55+0200,c3feb7e2-8675-4f7f-be40-2d97c558df74,2026-08-05T02:45:00Z,2026-08-05T04:45:00+0200,183.05,EUR/MWh,NL,NL,imbalance_price,Short,2026-08-06T05:38:50Z
2026-08-06T05:35:55Z,2026-08-06T07:35:55+0200,c3feb7e2-8675-4f7f-be40-2d97c558df74,2026-08-05T03:00:00Z,2026-08-05T05:00:00+0200,94.53,EUR/MWh,NL,NL,imbalance_price,Long,2026-08-06T05:38:50Z
2026-08-06T05:35:55Z,2026-08-06T07:35:55+0200,c3feb7e2-8675-4f7f-be40-2d97c558df74,2026-08-05T03:00:00Z,2026-08-05T05:00:00+0200,180.1,EUR/MWh,NL,NL,imbalance_price,Short,2026-08-06T05:38:50Z
2026-08-06T05:35:55Z,2026-08-06T07:35:55+0200,c3feb7e2-8675-4f7f-be40-2d97c558df74,2026-08-05T03:15:00Z,2026-08-05T05:15:00+0200,105.76,EUR/MWh,NL,NL,imbalance_price,Long,2026-08-06T05:38:50Z
2026-08-06T05:35:55Z,2026-08-06T07:35:55+0200,c3feb7e2-8675-4f7f-be40-2d97c558df74,2026-08-05T03:15:00Z,2026-08-05T05:15:00+0200,180.1,EUR/MWh,NL,NL,imbalance_price,Short,2026-08-06T05:38:50Z
2026-08-06T05:35:55Z,2026-08-06T07:35:55+0200,c3feb7e2-8675-4f7f-be40-2d97c558df74,2026-08-05T03:30:00Z,2026-08-05T05:30:00+0200,200.0,EUR/MWh,NL,NL,imbalance_price,Long,2026-08-06T05:38:50Z
2026-08-06T05:35:55Z,2026-08-06T07:35:55+0200,c3feb7e2-8675-4f7f-be40-2d97c558df74,2026-08-05T03:30:00Z,2026-08-05T05:30:00+0200,200.0,EUR/MWh,NL,NL,imbalance_price,Short,2026-08-06T05:38:50Z
2026-08-06T05:35:55Z,2026-08-06T07:35:55+0200,c3feb7e2-8675-4f7f-be40-2d97c558df74,2026-08-05T03:45:00Z,2026-08-05T05:45:00+0200,183.9,EUR/MWh,NL,NL,imbalance_price,Long,2026-08-06T05:38:50Z
2026-08-06T05:35:55Z,2026-08-06T07:35:55+0200,c3feb7e2-8675-4f7f-be40-2d97c558df74,2026-08-05T03:45:00Z,2026-08-05T05:45:00+0200,183.9,EUR/MWh,NL,NL,imbalance_price,Short,2026-08-06T05:38:50Z
2026-08-06T05:35:55Z,2026-08-06T07:35:55+0200,c3feb7e2-8675-4f7f-be40-2d97c558df74,2026-08-05T04:00:00Z,2026-08-05T06:00:00+0200,194.9,EUR/MWh,NL,NL,imbalance_price,Long,2026-08-06T05:38:50Z
2026-08-06T05:35:55Z,2026-08-06T07:35:55+0200,c3feb7e2-8675-4f7f-be40-2d97c558df74,2026-08-05T04:00:00Z,2026-08-05T06:00:00+0200,194.9,EUR/MWh,NL,NL,imbalance_price,Short,2026-08-06T05:38:50Z
2026-08-06T05:35:55Z,2026-08-06T07:35:55+0200,c3feb7e2-8675-4f7f-be40-2d97c558df74,2026-08-05T04:15:00Z,2026-08-05T06:15:00+0200,96.4,EUR/MWh,NL,NL,imbalance_price,Long,2026-08-06T05:38:50Z
2026-08-06T05:35:55Z,2026-08-06T07:35:55+0200,c3feb7e2-8675-4f7f-be40-2d97c558df74,2026-08-05T04:15:00Z,2026-08-05T06:15:00+0200,168.0,EUR/MWh,NL,NL,imbalance_price,Short,2026-08-06T05:38:50Z
2026-08-06T05:35:55Z,2026-08-06T07:35:55+0200,c3feb7e2-8675-4f7f-be40-2d97c558df74,2026-08-05T04:30:00Z,2026-08-05T06:30:00+0200,168.0,EUR/MWh,NL,NL,imbalance_price,Long,2026-08-06T05:38:50Z
2026-08-06T05:35:55Z,2026-08-06T07:35:55+0200,c3feb7e2-8675-4f7f-be40-2d97c558df74,2026-08-05T04:30:00Z,2026-08-05T06:30:00+0200,168.0,EUR/MWh,NL,NL,imbalance_price,Short,2026-08-06T05:38:50Z
2026-08-06T05:35:55Z,2026-08-06T07:35:55+0200,c3feb7e2-8675-4f7f-be40-2d97c558df74,2026-08-05T04:45:00Z,2026-08-05T06:45:00+0200,168.0,EUR/MWh,NL,NL,imbalance_price,Long,2026-08-06T05:38:50Z
2026-08-06T05:35:55Z,2026-08-06T07:35:55+0200,c3feb7e2-8675-4f7f-be40-2d97c558df74,2026-08-05T04:45:00Z,2026-08-05T06:45:00+0200,168.0,EUR/MWh,NL,NL,imbalance_price,Short,2026-08-06T05:38:50Z
2026-08-06T05:35:55Z,2026-08-06T07:35:55+0200,c3feb7e2-8675-4f7f-be40-2d97c558df74,2026-08-05T05:00:00Z,2026-08-05T07:00:00+0200,190.1,EUR/MWh,NL,NL,imbalance_price,Long,2026-08-06T05:38:50Z
2026-08-06T05:35:55Z,2026-08-06T07:35:55+0200,c3feb7e2-8675-4f7f-be40-2d97c558df74,2026-08-05T05:00:00Z,2026-08-05T07:00:00+0200,190.1,EUR/MWh,NL,NL,imbalance_price,Short,2026-08-06T05:38:50Z
2026-08-06T05:35:55Z,2026-08-06T07:35:55+0200,c3feb7e2-8675-4f7f-be40-2d97c558df74,2026-08-05T05:15:00Z,2026-08-05T07:15:00+0200,200.0,EUR/MWh,NL,NL,imbalance_price,Long,2026-08-06T05:38:50Z
2026-08-06T05:35:55Z,2026-08-06T07:35:55+0200,c3feb7e2-8675-4f7f-be40-2d97c558df74,2026-08-05T05:15:00Z,2026-08-05T07:15:00+0200,200.0,EUR/MWh,NL,NL,imbalance_price,Short,2026-08-06T05:38:50Z
2026-08-06T05:35:55Z,2026-08-06T07:35:55+0200,c3feb7e2-8675-4f7f-be40-2d97c558df74,2026-08-05T05:30:00Z,2026-08-05T07:30:00+0200,76.83,EUR/MWh,NL,NL,imbalance_price,Long,2026-08-06T05:38:50Z
2026-08-06T05:35:55Z,2026-08-06T07:35:55+0200,c3feb7e2-8675-4f7f-be40-2d97c558df74,2026-08-05T05:30:00Z,2026-08-05T07:30:00+0200,200.0,EUR/MWh,NL,NL,imbalance_price,Short,2026-08-06T05:38:50Z
2026-08-06T05:35:55Z,2026-08-06T07:35:55+0200,c3feb7e2-8675-4f7f-be40-2d97c558df74,2026-08-05T05:45:00Z,2026-08-05T07:45:00+0200,92.9,EUR/MWh,NL,NL,imbalance_price,Long,2026-08-06T05:38:50Z
2026-08-06T05:35:55Z,2026-08-06T07:35:55+0200,c3feb7e2-8675-4f7f-be40-2d97c558df74,2026-08-05T05:45:00Z,2026-08-05T07:45:00+0200,92.9,EUR/MWh,NL,NL,imbalance_price,Short,2026-08-06T05:38:50Z
2026-08-06T05:35:55Z,2026-08-06T07:35:55+0200,c3feb7e2-8675-4f7f-be40-2d97c558df74,2026-08-05T06:00:00Z,2026-08-05T08:00:00+0200,88.0,EUR/MWh,NL,NL,imbalance_price,Long,2026-08-06T05:38:50Z
2026-08-06T05:35:55Z,2026-08-06T07:35:55+0200,c3feb7e2-8675-4f7f-be40-2d97c558df74,2026-08-05T06:00:00Z,2026-08-05T08:00:00+0200,88.0,EUR/MWh,NL,NL,imbalance_price,Short,2026-08-06T05:38:50Z
2026-08-06T05:35:55Z,2026-08-06T07:35:55+0200,c3feb7e2-8675-4f7f-be40-2d97c558df74,2026-08-05T06:15:00Z,2026-08-05T08:15:00+0200,55.3,EUR/MWh,NL,NL,imbalance_price,Long,2026-08-06T05:38:50Z
2026-08-06T05:35:55Z,2026-08-06T07:35:55+0200,c3feb7e2-8675-4f7f-be40-2d97c558df74,2026-08-05T06:15:00Z,2026-08-05T08:15:00+0200,90.68,EUR/MWh,NL,NL,imbalance_price,Short,2026-08-06T05:38:50Z
2026-08-06T05:35:55Z,2026-08-06T07:35:55+0200,c3feb7e2-8675-4f7f-be40-2d97c558df74,2026-08-05T06:30:00Z,2026-08-05T08:30:00+0200,55.3,EUR/MWh,NL,NL,imbalance_price,Long,2026-08-06T05:38:50Z
2026-08-06T05:35:55Z,2026-08-06T07:35:55+0200,c3feb7e2-8675-4f7f-be40-2d97c558df74,2026-08-05T06:30:00Z,2026-08-05T08:30:00+0200,55.3,EUR/MWh,NL,NL,imbalance_price,Short,2026-08-06T05:38:50Z
2026-08-06T05:35:55Z,2026-08-06T07:35:55+0200,c3feb7e2-8675-4f7f-be40-2d97c558df74,2026-08-05T06:45:00Z,2026-08-05T08:45:00+0200,50.0,EUR/MWh,NL,NL,imbalance_price,Long,2026-08-06T05:38:50Z
2026-08-06T05:35:55Z,2026-08-06T07:35:55+0200,c3feb7e2-8675-4f7f-be40-2d97c558df74,2026-08-05T06:45:00Z,2026-08-05T08:45:00+0200,50.0,EUR/MWh,NL,NL,imbalance_price,Short,2026-08-06T05:38:50Z
2026-08-06T05:35:55Z,2026-08-06T07:35:55+0200,c3feb7e2-8675-4f7f-be40-2d97c558df74,2026-08-05T07:00:00Z,2026-08-05T09:00:00+0200,29.1,EUR/MWh,NL,NL,imbalance_price,Long,2026-08-06T05:38:50Z
2026-08-06T05:35:55Z,2026-08-06T07:35:55+0200,c3feb7e2-8675-4f7f-be40-2d97c558df74,2026-08-05T07:00:00Z,2026-08-05T09:00:00+0200,100.58,EUR/MWh,NL,NL,imbalance_price,Short,2026-08-06T05:38:50Z
2026-08-06T05:35:55Z,2026-08-06T07:35:55+0200,c3feb7e2-8675-4f7f-be40-2d97c558df74,2026-08-05T07:15:00Z,2026-08-05T09:15:00+0200,29.1,EUR/MWh,NL,NL,imbalance_price,Long,2026-08-06T05:38:50Z
2026-08-06T05:35:55Z,2026-08-06T07:35:55+0200,c3feb7e2-8675-4f7f-be40-2d97c558df74,2026-08-05T07:15:00Z,2026-08-05T09:15:00+0200,29.1,EUR/MWh,NL,NL,imbalance_price,Short,2026-08-06T05:38:50Z
2026-08-06T05:35:55Z,2026-08-06T07:35:55+0200,c3feb7e2-8675-4f7f-be40-2d97c558df74,2026-08-05T07:30:00Z,2026-08-05T09:30:00+0200,29.1,EUR/MWh,NL,NL,imbalance_price,Long,2026-08-06T05:38:50Z
2026-08-06T05:35:55Z,2026-08-06T07:35:55+0200,c3feb7e2-8675-4f7f-be40-2d97c558df74,2026-08-05T07:30:00Z,2026-08-05T09:30:00+0200,29.1,EUR/MWh,NL,NL,imbalance_price,Short,2026-08-06T05:38:50Z
2026-08-06T05:35:55Z,2026-08-06T07:35:55+0200,c3feb7e2-8675-4f7f-be40-2d97c558df74,2026-08-05T07:45:00Z,2026-08-05T09:45:00+0200,84.3,EUR/MWh,NL,NL,imbalance_price,Long,2026-08-06T05:38:50Z
2026-08-06T05:35:55Z,2026-08-06T07:35:55+0200,c3feb7e2-8675-4f7f-be40-2d97c558df74,2026-08-05T07:45:00Z,2026-08-05T09:45:00+0200,84.3,EUR/MWh,NL,NL,imbalance_price,Short,2026-08-06T05:38:50Z
2026-08-06T05:35:55Z,2026-08-06T07:35:55+0200,c3feb7e2-8675-4f7f-be40-2d97c558df74,2026-08-05T08:00:00Z,2026-08-05T10:00:00+0200,83.19,EUR/MWh,NL,NL,imbalance_price,Long,2026-08-06T05:38:50Z
2026-08-06T05:35:55Z,2026-08-06T07:35:55+0200,c3feb7e2-8675-4f7f-be40-2d97c558df74,2026-08-05T08:00:00Z,2026-08-05T10:00:00+0200,153.0,EUR/MWh,NL,NL,imbalance_price,Short,2026-08-06T05:38:50Z
2026-08-06T05:35:55Z,2026-08-06T07:35:55+0200,c3feb7e2-8675-4f7f-be40-2d97c558df74,2026-08-05T08:15:00Z,2026-08-05T10:15:00+0200,-4.0,EUR/MWh,NL,NL,imbalance_price,Long,2026-08-06T05:38:50Z
2026-08-06T05:35:55Z,2026-08-06T07:35:55+0200,c3feb7e2-8675-4f7f-be40-2d97c558df74,2026-08-05T08:15:00Z,2026-08-05T10:15:00+0200,-4.0,EUR/MWh,NL,NL,imbalance_price,Short,2026-08-06T05:38:50Z
2026-08-06T05:35:55Z,2026-08-06T07:35:55+0200,c3feb7e2-8675-4f7f-be40-2d97c558df74,2026-08-05T08:30:00Z,2026-08-05T10:30:00+0200,-11.66,EUR/MWh,NL,NL,imbalance_price,Long,2026-08-06T05:38:50Z
2026-08-06T05:35:55Z,2026-08-06T07:35:55+0200,c3feb7e2-8675-4f7f-be40-2d97c558df74,2026-08-05T08:30:00Z,2026-08-05T10:30:00+0200,-11.66,EUR/MWh,NL,NL,imbalance_price,Short,2026-08-06T05:38:50Z
2026-08-06T05:35:55Z,2026-08-06T07:35:55+0200,c3feb7e2-8675-4f7f-be40-2d97c558df74,2026-08-05T08:45:00Z,2026-08-05T10:45:00+0200,-1.5,EUR/MWh,NL,NL,imbalance_price,Long,2026-08-06T05:38:50Z
2026-08-06T05:35:55Z,2026-08-06T07:35:55+0200,c3feb7e2-8675-4f7f-be40-2d97c558df74,2026-08-05T08:45:00Z,2026-08-05T10:45:00+0200,-1.5,EUR/MWh,NL,NL,imbalance_price,Short,2026-08-06T05:38:50Z
2026-08-06T05:35:55Z,2026-08-06T07:35:55+0200,c3feb7e2-8675-4f7f-be40-2d97c558df74,2026-08-05T09:00:00Z,2026-08-05T11:00:00+0200,-4.0,EUR/MWh,NL,NL,imbalance_price,Long,2026-08-06T05:38:50Z
2026-08-06T05:35:55Z,2026-08-06T07:35:55+0200,c3feb7e2-8675-4f7f-be40-2d97c558df74,2026-08-05T09:00:00Z,2026-08-05T11:00:00+0200,56.82,EUR/MWh,NL,NL,imbalance_price,Short,2026-08-06T05:38:50Z
2026-08-06T05:35:55Z,2026-08-06T07:35:55+0200,c3feb7e2-8675-4f7f-be40-2d97c558df74,2026-08-05T09:15:00Z,2026-08-05T11:15:00+0200,-33.13,EUR/MWh,NL,NL,imbalance_price,Long,2026-08-06T05:38:50Z
2026-08-06T05:35:55Z,2026-08-06T07:35:55+0200,c3feb7e2-8675-4f7f-be40-2d97c558df74,2026-08-05T09:15:00Z,2026-08-05T11:15:00+0200,122.08,EUR/MWh,NL,NL,imbalance_price,Short,2026-08-06T05:38:50Z
2026-08-06T05:35:55Z,2026-08-06T07:35:55+0200,c3feb7e2-8675-4f7f-be40-2d97c558df74,2026-08-05T09:30:00Z,2026-08-05T11:30:00+0200,-77.09,EUR/MWh,NL,NL,imbalance_price,Long,2026-08-06T05:38:50Z
2026-08-06T05:35:55Z,2026-08-06T07:35:55+0200,c3feb7e2-8675-4f7f-be40-2d97c558df74,2026-08-05T09:30:00Z,2026-08-05T11:30:00+0200,121.75,EUR/MWh,NL,NL,imbalance_price,Short,2026-08-06T05:38:50Z
2026-08-06T05:35:55Z,2026-08-06T07:35:55+0200,c3feb7e2-8675-4f7f-be40-2d97c558df74,2026-08-05T09:45:00Z,2026-08-05T11:45:00+0200,50.0,EUR/MWh,NL,NL,imbalance_price,Long,2026-08-06T05:38:50Z
2026-08-06T05:35:55Z,2026-08-06T07:35:55+0200,c3feb7e2-8675-4f7f-be40-2d97c558df74,2026-08-05T09:45:00Z,2026-08-05T11:45:00+0200,89.0,EUR/MWh,NL,NL,imbalance_price,Short,2026-08-06T05:38:50Z
2026-08-06T05:35:55Z,2026-08-06T07:35:55+0200,c3feb7e2-8675-4f7f-be40-2d97c558df74,2026-08-05T10:00:00Z,2026-08-05T12:00:00+0200,-12.7,EUR/MWh,NL,NL,imbalance_price,Long,2026-08-06T05:38:50Z
2026-08-06T05:35:55Z,2026-08-06T07:35:55+0200,c3feb7e2-8675-4f7f-be40-2d97c558df74,2026-08-05T10:00:00Z,2026-08-05T12:00:00+0200,113.0,EUR/MWh,NL,NL,imbalance_price,Short,2026-08-06T05:38:50Z
2026-08-06T05:35:55Z,2026-08-06T07:35:55+0200,c3feb7e2-8675-4f7f-be40-2d97c558df74,2026-08-05T10:15:00Z,2026-08-05T12:15:00+0200,-2.0,EUR/MWh,NL,NL,imbalance_price,Long,2026-08-06T05:38:50Z
2026-08-06T05:35:55Z,2026-08-06T07:35:55+0200,c3feb7e2-8675-4f7f-be40-2d97c558df74,2026-08-05T10:15:00Z,2026-08-05T12:15:00+0200,81.5,EUR/MWh,NL,NL,imbalance_price,Short,2026-08-06T05:38:50Z
2026-08-06T05:35:55Z,2026-08-06T07:35:55+0200,c3feb7e2-8675-4f7f-be40-2d97c558df74,2026-08-05T10:30:00Z,2026-08-05T12:30:00+0200,0.0,EUR/MWh,NL,NL,imbalance_price,Long,2026-08-06T05:38:50Z
2026-08-06T05:35:55Z,2026-08-06T07:35:55+0200,c3feb7e2-8675-4f7f-be40-2d97c558df74,2026-08-05T10:30:00Z,2026-08-05T12:30:00+0200,84.0,EUR/MWh,NL,NL,imbalance_price,Short,2026-08-06T05:38:50Z
2026-08-06T05:35:55Z,2026-08-06T07:35:55+0200,c3feb7e2-8675-4f7f-be40-2d97c558df74,2026-08-05T10:45:00Z,2026-08-05T12:45:00+0200,-13.0,EUR/MWh,NL,NL,imbalance_price,Long,2026-08-06T05:38:50Z
2026-08-06T05:35:55Z,2026-08-06T07:35:55+0200,c3feb7e2-8675-4f7f-be40-2d97c558df74,2026-08-05T10:45:00Z,2026-08-05T12:45:00+0200,54.0,EUR/MWh,NL,NL,imbalance_price,Short,2026-08-06T05:38:50Z
2026-08-06T05:35:55Z,2026-08-06T07:35:55+0200,c3feb7e2-8675-4f7f-be40-2d97c558df74,2026-08-05T11:00:00Z,2026-08-05T13:00:00+0200,-3.26,EUR/MWh,NL,NL,imbalance_price,Long,2026-08-06T05:38:50Z
2026-08-06T05:35:55Z,2026-08-06T07:35:55+0200,c3feb7e2-8675-4f7f-be40-2d97c558df74,2026-08-05T11:00:00Z,2026-08-05T13:00:00+0200,53.41,EUR/MWh,NL,NL,imbalance_price,Short,2026-08-06T05:38:50Z
2026-08-06T05:35:55Z,2026-08-06T07:35:55+0200,c3feb7e2-8675-4f7f-be40-2d97c558df74,2026-08-05T11:15:00Z,2026-08-05T13:15:00+0200,-3.41,EUR/MWh,NL,NL,imbalance_price,Long,2026-08-06T05:38:50Z
2026-08-06T05:35:55Z,2026-08-06T07:35:55+0200,c3feb7e2-8675-4f7f-be40-2d97c558df74,2026-08-05T11:15:00Z,2026-08-05T13:15:00+0200,84.0,EUR/MWh,NL,NL,imbalance_price,Short,2026-08-06T05:38:50Z
2026-08-06T05:35:55Z,2026-08-06T07:35:55+0200,c3feb7e2-8675-4f7f-be40-2d97c558df74,2026-08-05T11:30:00Z,2026-08-05T13:30:00+0200,-3.36,EUR/MWh,NL,NL,imbalance_price,Long,2026-08-06T05:38:50Z
2026-08-06T05:35:55Z,2026-08-06T07:35:55+0200,c3feb7e2-8675-4f7f-be40-2d97c558df74,2026-08-05T11:30:00Z,2026-08-05T13:30:00+0200,-3.36,EUR/MWh,NL,NL,imbalance_price,Short,2026-08-06T05:38:50Z
2026-08-06T05:35:55Z,2026-08-06T07:35:55+0200,c3feb7e2-8675-4f7f-be40-2d97c558df74,2026-08-05T11:45:00Z,2026-08-05T13:45:00+0200,-13.0,EUR/MWh,NL,NL,imbalance_price,Long,2026-08-06T05:38:50Z
2026-08-06T05:35:55Z,2026-08-06T07:35:55+0200,c3feb7e2-8675-4f7f-be40-2d97c558df74,2026-08-05T11:45:00Z,2026-08-05T13:45:00+0200,-13.0,EUR/MWh,NL,NL,imbalance_price,Short,2026-08-06T05:38:50Z
2026-08-06T05:35:55Z,2026-08-06T07:35:55+0200,c3feb7e2-8675-4f7f-be40-2d97c558df74,2026-08-05T12:00:00Z,2026-08-05T14:00:00+0200,-13.0,EUR/MWh,NL,NL,imbalance_price,Long,2026-08-06T05:38:50Z
2026-08-06T05:35:55Z,2026-08-06T07:35:55+0200,c3feb7e2-8675-4f7f-be40-2d97c558df74,2026-08-05T12:00:00Z,2026-08-05T14:00:00+0200,-13.0,EUR/MWh,NL,NL,imbalance_price,Short,2026-08-06T05:38:50Z
2026-08-06T05:35:55Z,2026-08-06T07:35:55+0200,c3feb7e2-8675-4f7f-be40-2d97c558df74,2026-08-05T12:15:00Z,2026-08-05T14:15:00+0200,-18.56,EUR/MWh,NL,NL,imbalance_price,Long,2026-08-06T05:38:50Z
2026-08-06T05:35:55Z,2026-08-06T07:35:55+0200,c3feb7e2-8675-4f7f-be40-2d97c558df74,2026-08-05T12:15:00Z,2026-08-05T14:15:00+0200,-18.56,EUR/MWh,NL,NL,imbalance_price,Short,2026-08-06T05:38:50Z
2026-08-06T05:35:55Z,2026-08-06T07:35:55+0200,c3feb7e2-8675-4f7f-be40-2d97c558df74,2026-08-05T12:30:00Z,2026-08-05T14:30:00+0200,-15.03,EUR/MWh,NL,NL,imbalance_price,Long,2026-08-06T05:38:50Z
2026-08-06T05:35:55Z,2026-08-06T07:35:55+0200,c3feb7e2-8675-4f7f-be40-2d97c558df74,2026-08-05T12:30:00Z,2026-08-05T14:30:00+0200,-15.03,EUR/MWh,NL,NL,imbalance_price,Short,2026-08-06T05:38:50Z
2026-08-06T05:35:55Z,2026-08-06T07:35:55+0200,c3feb7e2-8675-4f7f-be40-2d97c558df74,2026-08-05T12:45:00Z,2026-08-05T14:45:00+0200,-15.0,EUR/MWh,NL,NL,imbalance_price,Long,2026-08-06T05:38:50Z
2026-08-06T05:35:55Z,2026-08-06T07:35:55+0200,c3feb7e2-8675-4f7f-be40-2d97c558df74,2026-08-05T12:45:00Z,2026-08-05T14:45:00+0200,-15.0,EUR/MWh,NL,NL,imbalance_price,Short,2026-08-06T05:38:50Z
2026-08-06T05:35:55Z,2026-08-06T07:35:55+0200,c3feb7e2-8675-4f7f-be40-2d97c558df74,2026-08-05T13:00:00Z,2026-08-05T15:00:00+0200,-65.0,EUR/MWh,NL,NL,imbalance_price,Long,2026-08-06T05:38:50Z
2026-08-06T05:35:55Z,2026-08-06T07:35:55+0200,c3feb7e2-8675-4f7f-be40-2d97c558df74,2026-08-05T13:00:00Z,2026-08-05T15:00:00+0200,54.0,EUR/MWh,NL,NL,imbalance_price,Short,2026-08-06T05:38:50Z
2026-08-06T05:35:55Z,2026-08-06T07:35:55+0200,c3feb7e2-8675-4f7f-be40-2d97c558df74,2026-08-05T13:15:00Z,2026-08-05T15:15:00+0200,-15.0,EUR/MWh,NL,NL,imbalance_price,Long,2026-08-06T05:38:50Z
2026-08-06T05:35:55Z,2026-08-06T07:35:55+0200,c3feb7e2-8675-4f7f-be40-2d97c558df74,2026-08-05T13:15:00Z,2026-08-05T15:15:00+0200,79.0,EUR/MWh,NL,NL,imbalance_price,Short,2026-08-06T05:38:50Z
2026-08-06T05:35:55Z,2026-08-06T07:35:55+0200,c3feb7e2-8675-4f7f-be40-2d97c558df74,2026-08-05T13:30:00Z,2026-08-05T15:30:00+0200,-11.66,EUR/MWh,NL,NL,imbalance_price,Long,2026-08-06T05:38:50Z
2026-08-06T05:35:55Z,2026-08-06T07:35:55+0200,c3feb7e2-8675-4f7f-be40-2d97c558df74,2026-08-05T13:30:00Z,2026-08-05T15:30:00+0200,69.0,EUR/MWh,NL,NL,imbalance_price,Short,2026-08-06T05:38:50Z
2026-08-06T05:35:55Z,2026-08-06T07:35:55+0200,c3feb7e2-8675-4f7f-be40-2d97c558df74,2026-08-05T13:45:00Z,2026-08-05T15:45:00+0200,-13.0,EUR/MWh,NL,NL,imbalance_price,Long,2026-08-06T05:38:50Z
2026-08-06T05:35:55Z,2026-08-06T07:35:55+0200,c3feb7e2-8675-4f7f-be40-2d97c558df74,2026-08-05T13:45:00Z,2026-08-05T15:45:00+0200,53.41,EUR/MWh,NL,NL,imbalance_price,Short,2026-08-06T05:38:50Z
2026-08-06T05:35:55Z,2026-08-06T07:35:55+0200,c3feb7e2-8675-4f7f-be40-2d97c558df74,2026-08-05T14:00:00Z,2026-08-05T16:00:00+0200,-25.9,EUR/MWh,NL,NL,imbalance_price,Long,2026-08-06T05:38:50Z
2026-08-06T05:35:55Z,2026-08-06T07:35:55+0200,c3feb7e2-8675-4f7f-be40-2d97c558df74,2026-08-05T14:00:00Z,2026-08-05T16:00:00+0200,74.0,EUR/MWh,NL,NL,imbalance_price,Short,2026-08-06T05:38:50Z
2026-08-06T05:35:55Z,2026-08-06T07:35:55+0200,c3feb7e2-8675-4f7f-be40-2d97c558df74,2026-08-05T14:15:00Z,2026-08-05T16:15:00+0200,-30.9,EUR/MWh,NL,NL,imbalance_price,Long,2026-08-06T05:38:50Z
2026-08-06T05:35:55Z,2026-08-06T07:35:55+0200,c3feb7e2-8675-4f7f-be40-2d97c558df74,2026-08-05T14:15:00Z,2026-08-05T16:15:00+0200,90.68,EUR/MWh,NL,NL,imbalance_price,Short,2026-08-06T05:38:50Z
2026-08-06T05:35:55Z,2026-08-06T07:35:55+0200,c3feb7e2-8675-4f7f-be40-2d97c558df74,2026-08-05T14:30:00Z,2026-08-05T16:30:00+0200,-40.22,EUR/MWh,NL,NL,imbalance_price,Long,2026-08-06T05:38:50Z
2026-08-06T05:35:55Z,2026-08-06T07:35:55+0200,c3feb7e2-8675-4f7f-be40-2d97c558df74,2026-08-05T14:30:00Z,2026-08-05T16:30:00+0200,74.0,EUR/MWh,NL,NL,imbalance_price,Short,2026-08-06T05:38:50Z
2026-08-06T05:35:55Z,2026-08-06T07:35:55+0200,c3feb7e2-8675-4f7f-be40-2d97c558df74,2026-08-05T14:45:00Z,2026-08-05T16:45:00+0200,-78.8,EUR/MWh,NL,NL,imbalance_price,Long,2026-08-06T05:38:50Z
2026-08-06T05:35:55Z,2026-08-06T07:35:55+0200,c3feb7e2-8675-4f7f-be40-2d97c558df74,2026-08-05T14:45:00Z,2026-08-05T16:45:00+0200,-78.8,EUR/MWh,NL,NL,imbalance_price,Short,2026-08-06T05:38:50Z
2026-08-06T05:35:55Z,2026-08-06T07:35:55+0200,c3feb7e2-8675-4f7f-be40-2d97c558df74,2026-08-05T15:00:00Z,2026-08-05T17:00:00+0200,-31.0,EUR/MWh,NL,NL,imbalance_price,Long,2026-08-06T05:38:50Z
2026-08-06T05:35:55Z,2026-08-06T07:35:55+0200,c3feb7e2-8675-4f7f-be40-2d97c558df74,2026-08-05T15:00:00Z,2026-08-05T17:00:00+0200,-31.0,EUR/MWh,NL,NL,imbalance_price,Short,2026-08-06T05:38:50Z
2026-08-06T05:35:55Z,2026-08-06T07:35:55+0200,c3feb7e2-8675-4f7f-be40-2d97c558df74,2026-08-05T15:15:00Z,2026-08-05T17:15:00+0200,-13.0,EUR/MWh,NL,NL,imbalance_price,Long,2026-08-06T05:38:50Z
2026-08-06T05:35:55Z,2026-08-06T07:35:55+0200,c3feb7e2-8675-4f7f-be40-2d97c558df74,2026-08-05T15:15:00Z,2026-08-05T17:15:00+0200,-13.0,EUR/MWh,NL,NL,imbalance_price,Short,2026-08-06T05:38:50Z
2026-08-06T05:35:55Z,2026-08-06T07:35:55+0200,c3feb7e2-8675-4f7f-be40-2d97c558df74,2026-08-05T15:30:00Z,2026-08-05T17:30:00+0200,-18.66,EUR/MWh,NL,NL,imbalance_price,Long,2026-08-06T05:38:50Z
2026-08-06T05:35:55Z,2026-08-06T07:35:55+0200,c3feb7e2-8675-4f7f-be40-2d97c558df74,2026-08-05T15:30:00Z,2026-08-05T17:30:00+0200,153.0,EUR/MWh,NL,NL,imbalance_price,Short,2026-08-06T05:38:50Z
2026-08-06T05:35:55Z,2026-08-06T07:35:55+0200,c3feb7e2-8675-4f7f-be40-2d97c558df74,2026-08-05T15:45:00Z,2026-08-05T17:45:00+0200,-28.47,EUR/MWh,NL,NL,imbalance_price,Long,2026-08-06T05:38:50Z
2026-08-06T05:35:55Z,2026-08-06T07:35:55+0200,c3feb7e2-8675-4f7f-be40-2d97c558df74,2026-08-05T15:45:00Z,2026-08-05T17:45:00+0200,114.0,EUR/MWh,NL,NL,imbalance_price,Short,2026-08-06T05:38:50Z
2026-08-06T05:35:55Z,2026-08-06T07:35:55+0200,c3feb7e2-8675-4f7f-be40-2d97c558df74,2026-08-05T16:00:00Z,2026-08-05T18:00:00+0200,-15.0,EUR/MWh,NL,NL,imbalance_price,Long,2026-08-06T05:38:50Z
2026-08-06T05:35:55Z,2026-08-06T07:35:55+0200,c3feb7e2-8675-4f7f-be40-2d97c558df74,2026-08-05T16:00:00Z,2026-08-05T18:00:00+0200,-15.0,EUR/MWh,NL,NL,imbalance_price,Short,2026-08-06T05:38:50Z
2026-08-06T05:35:55Z,2026-08-06T07:35:55+0200,c3feb7e2-8675-4f7f-be40-2d97c558df74,2026-08-05T16:15:00Z,2026-08-05T18:15:00+0200,-15.0,EUR/MWh,NL,NL,imbalance_price,Long,2026-08-06T05:38:50Z
2026-08-06T05:35:55Z,2026-08-06T07:35:55+0200,c3feb7e2-8675-4f7f-be40-2d97c558df74,2026-08-05T16:15:00Z,2026-08-05T18:15:00+0200,119.7,EUR/MWh,NL,NL,imbalance_price,Short,2026-08-06T05:38:50Z
2026-08-06T05:35:55Z,2026-08-06T07:35:55+0200,c3feb7e2-8675-4f7f-be40-2d97c558df74,2026-08-05T16:30:00Z,2026-08-05T18:30:00+0200,31.0,EUR/MWh,NL,NL,imbalance_price,Long,2026-08-06T05:38:50Z
2026-08-06T05:35:55Z,2026-08-06T07:35:55+0200,c3feb7e2-8675-4f7f-be40-2d97c558df74,2026-08-05T16:30:00Z,2026-08-05T18:30:00+0200,114.0,EUR/MWh,NL,NL,imbalance_price,Short,2026-08-06T05:38:50Z
2026-08-06T05:35:55Z,2026-08-06T07:35:55+0200,c3feb7e2-8675-4f7f-be40-2d97c558df74,2026-08-05T16:45:00Z,2026-08-05T18:45:00+0200,-18.0,EUR/MWh,NL,NL,imbalance_price,Long,2026-08-06T05:38:50Z
2026-08-06T05:35:55Z,2026-08-06T07:35:55+0200,c3feb7e2-8675-4f7f-be40-2d97c558df74,2026-08-05T16:45:00Z,2026-08-05T18:45:00+0200,105.65,EUR/MWh,NL,NL,imbalance_price,Short,2026-08-06T05:38:50Z
2026-08-06T05:35:55Z,2026-08-06T07:35:55+0200,c3feb7e2-8675-4f7f-be40-2d97c558df74,2026-08-05T17:00:00Z,2026-08-05T19:00:00+0200,-9.7,EUR/MWh,NL,NL,imbalance_price,Long,2026-08-06T05:38:50Z
2026-08-06T05:35:55Z,2026-08-06T07:35:55+0200,c3feb7e2-8675-4f7f-be40-2d97c558df74,2026-08-05T17:00:00Z,2026-08-05T19:00:00+0200,108.0,EUR/MWh,NL,NL,imbalance_price,Short,2026-08-06T05:38:50Z
2026-08-06T05:35:55Z,2026-08-06T07:35:55+0200,c3feb7e2-8675-4f7f-be40-2d97c558df74,2026-08-05T17:15:00Z,2026-08-05T19:15:00+0200,-18.56,EUR/MWh,NL,NL,imbalance_price,Long,2026-08-06T05:38:50Z
2026-08-06T05:35:55Z,2026-08-06T07:35:55+0200,c3feb7e2-8675-4f7f-be40-2d97c558df74,2026-08-05T17:15:00Z,2026-08-05T19:15:00+0200,168.0,EUR/MWh,NL,NL,imbalance_price,Short,2026-08-06T05:38:50Z
2026-08-06T05:35:55Z,2026-08-06T07:35:55+0200,c3feb7e2-8675-4f7f-be40-2d97c558df74,2026-08-05T17:30:00Z,2026-08-05T19:30:00+0200,86.49,EUR/MWh,NL,NL,imbalance_price,Long,2026-08-06T05:38:50Z
2026-08-06T05:35:55Z,2026-08-06T07:35:55+0200,c3feb7e2-8675-4f7f-be40-2d97c558df74,2026-08-05T17:30:00Z,2026-08-05T19:30:00+0200,168.0,EUR/MWh,NL,NL,imbalance_price,Short,2026-08-06T05:38:50Z
2026-08-06T05:35:55Z,2026-08-06T07:35:55+0200,c3feb7e2-8675-4f7f-be40-2d97c558df74,2026-08-05T17:45:00Z,2026-08-05T19:45:00+0200,57.8,EUR/MWh,NL,NL,imbalance_price,Long,2026-08-06T05:38:50Z
2026-08-06T05:35:55Z,2026-08-06T07:35:55+0200,c3feb7e2-8675-4f7f-be40-2d97c558df74,2026-08-05T17:45:00Z,2026-08-05T19:45:00+0200,153.0,EUR/MWh,NL,NL,imbalance_price,Short,2026-08-06T05:38:50Z
2026-08-06T05:35:55Z,2026-08-06T07:35:55+0200,c3feb7e2-8675-4f7f-be40-2d97c558df74,2026-08-05T18:00:00Z,2026-08-05T20:00:00+0200,168.0,EUR/MWh,NL,NL,imbalance_price,Long,2026-08-06T05:38:50Z
2026-08-06T05:35:55Z,2026-08-06T07:35:55+0200,c3feb7e2-8675-4f7f-be40-2d97c558df74,2026-08-05T18:00:00Z,2026-08-05T20:00:00+0200,168.0,EUR/MWh,NL,NL,imbalance_price,Short,2026-08-06T05:38:50Z
2026-08-06T05:35:55Z,2026-08-06T07:35:55+0200,c3feb7e2-8675-4f7f-be40-2d97c558df74,2026-08-05T18:15:00Z,2026-08-05T20:15:00+0200,200.0,EUR/MWh,NL,NL,imbalance_price,Long,2026-08-06T05:38:50Z
2026-08-06T05:35:55Z,2026-08-06T07:35:55+0200,c3feb7e2-8675-4f7f-be40-2d97c558df74,2026-08-05T18:15:00Z,2026-08-05T20:15:00+0200,200.0,EUR/MWh,NL,NL,imbalance_price,Short,2026-08-06T05:38:50Z
2026-08-06T05:35:55Z,2026-08-06T07:35:55+0200,c3feb7e2-8675-4f7f-be40-2d97c558df74,2026-08-05T18:30:00Z,2026-08-05T20:30:00+0200,175.0,EUR/MWh,NL,NL,imbalance_price,Long,2026-08-06T05:38:50Z
2026-08-06T05:35:55Z,2026-08-06T07:35:55+0200,c3feb7e2-8675-4f7f-be40-2d97c558df74,2026-08-05T18:30:00Z,2026-08-05T20:30:00+0200,175.0,EUR/MWh,NL,NL,imbalance_price,Short,2026-08-06T05:38:50Z
2026-08-06T05:35:55Z,2026-08-06T07:35:55+0200,c3feb7e2-8675-4f7f-be40-2d97c558df74,2026-08-05T18:45:00Z,2026-08-05T20:45:00+0200,115.24,EUR/MWh,NL,NL,imbalance_price,Long,2026-08-06T05:38:50Z
2026-08-06T05:35:55Z,2026-08-06T07:35:55+0200,c3feb7e2-8675-4f7f-be40-2d97c558df74,2026-08-05T18:45:00Z,2026-08-05T20:45:00+0200,200.0,EUR/MWh,NL,NL,imbalance_price,Short,2026-08-06T05:38:50Z
2026-08-06T05:35:55Z,2026-08-06T07:35:55+0200,c3feb7e2-8675-4f7f-be40-2d97c558df74,2026-08-05T19:00:00Z,2026-08-05T21:00:00+0200,110.24,EUR/MWh,NL,NL,imbalance_price,Long,2026-08-06T05:38:50Z
2026-08-06T05:35:55Z,2026-08-06T07:35:55+0200,c3feb7e2-8675-4f7f-be40-2d97c558df74,2026-08-05T19:00:00Z,2026-08-05T21:00:00+0200,200.0,EUR/MWh,NL,NL,imbalance_price,Short,2026-08-06T05:38:50Z
2026-08-06T05:35:55Z,2026-08-06T07:35:55+0200,c3feb7e2-8675-4f7f-be40-2d97c558df74,2026-08-05T19:15:00Z,2026-08-05T21:15:00+0200,200.0,EUR/MWh,NL,NL,imbalance_price,Long,2026-08-06T05:38:50Z
2026-08-06T05:35:55Z,2026-08-06T07:35:55+0200,c3feb7e2-8675-4f7f-be40-2d97c558df74,2026-08-05T19:15:00Z,2026-08-05T21:15:00+0200,200.0,EUR/MWh,NL,NL,imbalance_price,Short,2026-08-06T05:38:50Z
2026-08-06T05:35:55Z,2026-08-06T07:35:55+0200,c3feb7e2-8675-4f7f-be40-2d97c558df74,2026-08-05T19:30:00Z,2026-08-05T21:30:00+0200,170.0,EUR/MWh,NL,NL,imbalance_price,Long,2026-08-06T05:38:50Z
2026-08-06T05:35:55Z,2026-08-06T07:35:55+0200,c3feb7e2-8675-4f7f-be40-2d97c558df74,2026-08-05T19:30:00Z,2026-08-05T21:30:00+0200,170.0,EUR/MWh,NL,NL,imbalance_price,Short,2026-08-06T05:38:50Z
2026-08-06T05:35:55Z,2026-08-06T07:35:55+0200,c3feb7e2-8675-4f7f-be40-2d97c558df74,2026-08-05T19:45:00Z,2026-08-05T21:45:00+0200,200.0,EUR/MWh,NL,NL,imbalance_price,Long,2026-08-06T05:38:50Z
2026-08-06T05:35:55Z,2026-08-06T07:35:55+0200,c3feb7e2-8675-4f7f-be40-2d97c558df74,2026-08-05T19:45:00Z,2026-08-05T21:45:00+0200,200.0,EUR/MWh,NL,NL,imbalance_price,Short,2026-08-06T05:38:50Z
2026-08-06T05:35:55Z,2026-08-06T07:35:55+0200,c3feb7e2-8675-4f7f-be40-2d97c558df74,2026-08-05T20:00:00Z,2026-08-05T22:00:00+0200,124.5,EUR/MWh,NL,NL,imbalance_price,Long,2026-08-06T05:38:50Z
2026-08-06T05:35:55Z,2026-08-06T07:35:55+0200,c3feb7e2-8675-4f7f-be40-2d97c558df74,2026-08-05T20:00:00Z,2026-08-05T22:00:00+0200,200.0,EUR/MWh,NL,NL,imbalance_price,Short,2026-08-06T05:38:50Z
2026-08-06T05:35:55Z,2026-08-06T07:35:55+0200,c3feb7e2-8675-4f7f-be40-2d97c558df74,2026-08-05T20:15:00Z,2026-08-05T22:15:00+0200,116.0,EUR/MWh,NL,NL,imbalance_price,Long,2026-08-06T05:38:50Z
2026-08-06T05:35:55Z,2026-08-06T07:35:55+0200,c3feb7e2-8675-4f7f-be40-2d97c558df74,2026-08-05T20:15:00Z,2026-08-05T22:15:00+0200,199.9,EUR/MWh,NL,NL,imbalance_price,Short,2026-08-06T05:38:50Z
2026-08-06T05:35:55Z,2026-08-06T07:35:55+0200,c3feb7e2-8675-4f7f-be40-2d97c558df74,2026-08-05T20:30:00Z,2026-08-05T22:30:00+0200,110.78,EUR/MWh,NL,NL,imbalance_price,Long,2026-08-06T05:38:50Z
2026-08-06T05:35:55Z,2026-08-06T07:35:55+0200,c3feb7e2-8675-4f7f-be40-2d97c558df74,2026-08-05T20:30:00Z,2026-08-05T22:30:00+0200,120.13,EUR/MWh,NL,NL,imbalance_price,Short,2026-08-06T05:38:50Z
2026-08-06T05:35:55Z,2026-08-06T07:35:55+0200,c3feb7e2-8675-4f7f-be40-2d97c558df74,2026-08-05T20:45:00Z,2026-08-05T22:45:00+0200,88.0,EUR/MWh,NL,NL,imbalance_price,Long,2026-08-06T05:38:50Z
2026-08-06T05:35:55Z,2026-08-06T07:35:55+0200,c3feb7e2-8675-4f7f-be40-2d97c558df74,2026-08-05T20:45:00Z,2026-08-05T22:45:00+0200,152.81,EUR/MWh,NL,NL,imbalance_price,Short,2026-08-06T05:38:50Z
2026-08-06T05:35:55Z,2026-08-06T07:35:55+0200,c3feb7e2-8675-4f7f-be40-2d97c558df74,2026-08-05T21:00:00Z,2026-08-05T23:00:00+0200,88.98,EUR/MWh,NL,NL,imbalance_price,Long,2026-08-06T05:38:50Z
2026-08-06T05:35:55Z,2026-08-06T07:35:55+0200,c3feb7e2-8675-4f7f-be40-2d97c558df74,2026-08-05T21:00:00Z,2026-08-05T23:00:00+0200,88.98,EUR/MWh,NL,NL,imbalance_price,Short,2026-08-06T05:38:50Z
2026-08-06T05:35:55Z,2026-08-06T07:35:55+0200,c3feb7e2-8675-4f7f-be40-2d97c558df74,2026-08-05T21:15:00Z,2026-08-05T23:15:00+0200,122.27,EUR/MWh,NL,NL,imbalance_price,Long,2026-08-06T05:38:50Z
2026-08-06T05:35:55Z,2026-08-06T07:35:55+0200,c3feb7e2-8675-4f7f-be40-2d97c558df74,2026-08-05T21:15:00Z,2026-08-05T23:15:00+0200,200.0,EUR/MWh,NL,NL,imbalance_price,Short,2026-08-06T05:38:50Z
2026-08-06T05:35:55Z,2026-08-06T07:35:55+0200,c3feb7e2-8675-4f7f-be40-2d97c558df74,2026-08-05T21:30:00Z,2026-08-05T23:30:00+0200,105.54,EUR/MWh,NL,NL,imbalance_price,Long,2026-08-06T05:38:50Z
2026-08-06T05:35:55Z,2026-08-06T07:35:55+0200,c3feb7e2-8675-4f7f-be40-2d97c558df74,2026-08-05T21:30:00Z,2026-08-05T23:30:00+0200,168.0,EUR/MWh,NL,NL,imbalance_price,Short,2026-08-06T05:38:50Z
2026-08-06T05:35:55Z,2026-08-06T07:35:55+0200,c3feb7e2-8675-4f7f-be40-2d97c558df74,2026-08-05T21:45:00Z,2026-08-05T23:45:00+0200,105.65,EUR/MWh,NL,NL,imbalance_price,Long,2026-08-06T05:38:50Z
2026-08-06T05:35:55Z,2026-08-06T07:35:55+0200,c3feb7e2-8675-4f7f-be40-2d97c558df74,2026-08-05T21:45:00Z,2026-08-05T23:45:00+0200,105.65,EUR/MWh,NL,NL,imbalance_price,Short,2026-08-06T05:38:50Z
