collection_time_utc,collection_time_local,run_id,timestamp_utc,timestamp_local,value,unit,country,entsoe_area,variable,source,updated_at_utc
2026-07-05T23:37:01Z,2026-07-06T01:37:01+0200,947116b8-3478-48df-97c2-9d19820fe5c0,2026-06-05T00:00:00Z,2026-06-05T02:00:00+0200,6113.64,MW,DE,DE_LU,forecast_offshore_wind_generation,Wind Offshore,2026-07-05T23:38:26Z
2026-07-05T23:37:01Z,2026-07-06T01:37:01+0200,947116b8-3478-48df-97c2-9d19820fe5c0,2026-06-05T00:15:00Z,2026-06-05T02:15:00+0200,6091.82,MW,DE,DE_LU,forecast_offshore_wind_generation,Wind Offshore,2026-07-05T23:38:26Z
2026-07-05T23:37:01Z,2026-07-06T01:37:01+0200,947116b8-3478-48df-97c2-9d19820fe5c0,2026-06-05T00:30:00Z,2026-06-05T02:30:00+0200,6061.44,MW,DE,DE_LU,forecast_offshore_wind_generation,Wind Offshore,2026-07-05T23:38:26Z
2026-07-05T23:37:01Z,2026-07-06T01:37:01+0200,947116b8-3478-48df-97c2-9d19820fe5c0,2026-06-05T00:45:00Z,2026-06-05T02:45:00+0200,6033.55,MW,DE,DE_LU,forecast_offshore_wind_generation,Wind Offshore,2026-07-05T23:38:26Z
2026-07-05T23:37:01Z,2026-07-06T01:37:01+0200,947116b8-3478-48df-97c2-9d19820fe5c0,2026-06-05T01:00:00Z,2026-06-05T03:00:00+0200,5994.95,MW,DE,DE_LU,forecast_offshore_wind_generation,Wind Offshore,2026-07-05T23:38:26Z
2026-07-05T23:37:01Z,2026-07-06T01:37:01+0200,947116b8-3478-48df-97c2-9d19820fe5c0,2026-06-05T01:15:00Z,2026-06-05T03:15:00+0200,5919.53,MW,DE,DE_LU,forecast_offshore_wind_generation,Wind Offshore,2026-07-05T23:38:26Z
2026-07-05T23:37:01Z,2026-07-06T01:37:01+0200,947116b8-3478-48df-97c2-9d19820fe5c0,2026-06-05T01:30:00Z,2026-06-05T03:30:00+0200,5841.2,MW,DE,DE_LU,forecast_offshore_wind_generation,Wind Offshore,2026-07-05T23:38:26Z
2026-07-05T23:37:01Z,2026-07-06T01:37:01+0200,947116b8-3478-48df-97c2-9d19820fe5c0,2026-06-05T01:45:00Z,2026-06-05T03:45:00+0200,5759.64,MW,DE,DE_LU,forecast_offshore_wind_generation,Wind Offshore,2026-07-05T23:38:26Z
2026-07-05T23:37:01Z,2026-07-06T01:37:01+0200,947116b8-3478-48df-97c2-9d19820fe5c0,2026-06-05T02:00:00Z,2026-06-05T04:00:00+0200,5676.15,MW,DE,DE_LU,forecast_offshore_wind_generation,Wind Offshore,2026-07-05T23:38:26Z
2026-07-05T23:37:01Z,2026-07-06T01:37:01+0200,947116b8-3478-48df-97c2-9d19820fe5c0,2026-06-05T02:15:00Z,2026-06-05T04:15:00+0200,5587.97,MW,DE,DE_LU,forecast_offshore_wind_generation,Wind Offshore,2026-07-05T23:38:26Z
2026-07-05T23:37:01Z,2026-07-06T01:37:01+0200,947116b8-3478-48df-97c2-9d19820fe5c0,2026-06-05T02:30:00Z,2026-06-05T04:30:00+0200,5501.05,MW,DE,DE_LU,forecast_offshore_wind_generation,Wind Offshore,2026-07-05T23:38:26Z
2026-07-05T23:37:01Z,2026-07-06T01:37:01+0200,947116b8-3478-48df-97c2-9d19820fe5c0,2026-06-05T02:45:00Z,2026-06-05T04:45:00+0200,5409.07,MW,DE,DE_LU,forecast_offshore_wind_generation,Wind Offshore,2026-07-05T23:38:26Z
2026-07-05T23:37:01Z,2026-07-06T01:37:01+0200,947116b8-3478-48df-97c2-9d19820fe5c0,2026-06-05T03:00:00Z,2026-06-05T05:00:00+0200,5320.35,MW,DE,DE_LU,forecast_offshore_wind_generation,Wind Offshore,2026-07-05T23:38:26Z
2026-07-05T23:37:01Z,2026-07-06T01:37:01+0200,947116b8-3478-48df-97c2-9d19820fe5c0,2026-06-05T03:15:00Z,2026-06-05T05:15:00+0200,5213.49,MW,DE,DE_LU,forecast_offshore_wind_generation,Wind Offshore,2026-07-05T23:38:26Z
2026-07-05T23:37:01Z,2026-07-06T01:37:01+0200,947116b8-3478-48df-97c2-9d19820fe5c0,2026-06-05T03:30:00Z,2026-06-05T05:30:00+0200,5106.73,MW,DE,DE_LU,forecast_offshore_wind_generation,Wind Offshore,2026-07-05T23:38:26Z
2026-07-05T23:37:01Z,2026-07-06T01:37:01+0200,947116b8-3478-48df-97c2-9d19820fe5c0,2026-06-05T03:45:00Z,2026-06-05T05:45:00+0200,4992.89,MW,DE,DE_LU,forecast_offshore_wind_generation,Wind Offshore,2026-07-05T23:38:26Z
2026-07-05T23:37:01Z,2026-07-06T01:37:01+0200,947116b8-3478-48df-97c2-9d19820fe5c0,2026-06-05T04:00:00Z,2026-06-05T06:00:00+0200,4873.87,MW,DE,DE_LU,forecast_offshore_wind_generation,Wind Offshore,2026-07-05T23:38:26Z
2026-07-05T23:37:01Z,2026-07-06T01:37:01+0200,947116b8-3478-48df-97c2-9d19820fe5c0,2026-06-05T04:15:00Z,2026-06-05T06:15:00+0200,4757.51,MW,DE,DE_LU,forecast_offshore_wind_generation,Wind Offshore,2026-07-05T23:38:26Z
2026-07-05T23:37:01Z,2026-07-06T01:37:01+0200,947116b8-3478-48df-97c2-9d19820fe5c0,2026-06-05T04:30:00Z,2026-06-05T06:30:00+0200,4645.08,MW,DE,DE_LU,forecast_offshore_wind_generation,Wind Offshore,2026-07-05T23:38:26Z
2026-07-05T23:37:01Z,2026-07-06T01:37:01+0200,947116b8-3478-48df-97c2-9d19820fe5c0,2026-06-05T04:45:00Z,2026-06-05T06:45:00+0200,4530.3,MW,DE,DE_LU,forecast_offshore_wind_generation,Wind Offshore,2026-07-05T23:38:26Z
2026-07-05T23:37:01Z,2026-07-06T01:37:01+0200,947116b8-3478-48df-97c2-9d19820fe5c0,2026-06-05T05:00:00Z,2026-06-05T07:00:00+0200,4409.14,MW,DE,DE_LU,forecast_offshore_wind_generation,Wind Offshore,2026-07-05T23:38:26Z
2026-07-05T23:37:01Z,2026-07-06T01:37:01+0200,947116b8-3478-48df-97c2-9d19820fe5c0,2026-06-05T05:15:00Z,2026-06-05T07:15:00+0200,4315.3,MW,DE,DE_LU,forecast_offshore_wind_generation,Wind Offshore,2026-07-05T23:38:26Z
2026-07-05T23:37:01Z,2026-07-06T01:37:01+0200,947116b8-3478-48df-97c2-9d19820fe5c0,2026-06-05T05:30:00Z,2026-06-05T07:30:00+0200,4224.5,MW,DE,DE_LU,forecast_offshore_wind_generation,Wind Offshore,2026-07-05T23:38:26Z
2026-07-05T23:37:01Z,2026-07-06T01:37:01+0200,947116b8-3478-48df-97c2-9d19820fe5c0,2026-06-05T05:45:00Z,2026-06-05T07:45:00+0200,4087.2,MW,DE,DE_LU,forecast_offshore_wind_generation,Wind Offshore,2026-07-05T23:38:26Z
2026-07-05T23:37:01Z,2026-07-06T01:37:01+0200,947116b8-3478-48df-97c2-9d19820fe5c0,2026-06-05T06:00:00Z,2026-06-05T08:00:00+0200,3984.7,MW,DE,DE_LU,forecast_offshore_wind_generation,Wind Offshore,2026-07-05T23:38:26Z
2026-07-05T23:37:01Z,2026-07-06T01:37:01+0200,947116b8-3478-48df-97c2-9d19820fe5c0,2026-06-05T06:15:00Z,2026-06-05T08:15:00+0200,3920.07,MW,DE,DE_LU,forecast_offshore_wind_generation,Wind Offshore,2026-07-05T23:38:26Z
2026-07-05T23:37:01Z,2026-07-06T01:37:01+0200,947116b8-3478-48df-97c2-9d19820fe5c0,2026-06-05T06:30:00Z,2026-06-05T08:30:00+0200,3846.66,MW,DE,DE_LU,forecast_offshore_wind_generation,Wind Offshore,2026-07-05T23:38:26Z
2026-07-05T23:37:01Z,2026-07-06T01:37:01+0200,947116b8-3478-48df-97c2-9d19820fe5c0,2026-06-05T06:45:00Z,2026-06-05T08:45:00+0200,3779.18,MW,DE,DE_LU,forecast_offshore_wind_generation,Wind Offshore,2026-07-05T23:38:26Z
2026-07-05T23:37:01Z,2026-07-06T01:37:01+0200,947116b8-3478-48df-97c2-9d19820fe5c0,2026-06-05T07:00:00Z,2026-06-05T09:00:00+0200,3713.92,MW,DE,DE_LU,forecast_offshore_wind_generation,Wind Offshore,2026-07-05T23:38:26Z
2026-07-05T23:37:01Z,2026-07-06T01:37:01+0200,947116b8-3478-48df-97c2-9d19820fe5c0,2026-06-05T07:15:00Z,2026-06-05T09:15:00+0200,3656.44,MW,DE,DE_LU,forecast_offshore_wind_generation,Wind Offshore,2026-07-05T23:38:26Z
2026-07-05T23:37:01Z,2026-07-06T01:37:01+0200,947116b8-3478-48df-97c2-9d19820fe5c0,2026-06-05T07:30:00Z,2026-06-05T09:30:00+0200,3620.29,MW,DE,DE_LU,forecast_offshore_wind_generation,Wind Offshore,2026-07-05T23:38:26Z
2026-07-05T23:37:01Z,2026-07-06T01:37:01+0200,947116b8-3478-48df-97c2-9d19820fe5c0,2026-06-05T07:45:00Z,2026-06-05T09:45:00+0200,3563.52,MW,DE,DE_LU,forecast_offshore_wind_generation,Wind Offshore,2026-07-05T23:38:26Z
2026-07-05T23:37:01Z,2026-07-06T01:37:01+0200,947116b8-3478-48df-97c2-9d19820fe5c0,2026-06-05T08:00:00Z,2026-06-05T10:00:00+0200,3507.47,MW,DE,DE_LU,forecast_offshore_wind_generation,Wind Offshore,2026-07-05T23:38:26Z
2026-07-05T23:37:01Z,2026-07-06T01:37:01+0200,947116b8-3478-48df-97c2-9d19820fe5c0,2026-06-05T08:15:00Z,2026-06-05T10:15:00+0200,3439.49,MW,DE,DE_LU,forecast_offshore_wind_generation,Wind Offshore,2026-07-05T23:38:26Z
2026-07-05T23:37:01Z,2026-07-06T01:37:01+0200,947116b8-3478-48df-97c2-9d19820fe5c0,2026-06-05T08:30:00Z,2026-06-05T10:30:00+0200,3368.96,MW,DE,DE_LU,forecast_offshore_wind_generation,Wind Offshore,2026-07-05T23:38:26Z
2026-07-05T23:37:01Z,2026-07-06T01:37:01+0200,947116b8-3478-48df-97c2-9d19820fe5c0,2026-06-05T08:45:00Z,2026-06-05T10:45:00+0200,3296.35,MW,DE,DE_LU,forecast_offshore_wind_generation,Wind Offshore,2026-07-05T23:38:26Z
2026-07-05T23:37:01Z,2026-07-06T01:37:01+0200,947116b8-3478-48df-97c2-9d19820fe5c0,2026-06-05T09:00:00Z,2026-06-05T11:00:00+0200,3189.52,MW,DE,DE_LU,forecast_offshore_wind_generation,Wind Offshore,2026-07-05T23:38:26Z
2026-07-05T23:37:01Z,2026-07-06T01:37:01+0200,947116b8-3478-48df-97c2-9d19820fe5c0,2026-06-05T09:15:00Z,2026-06-05T11:15:00+0200,3118.67,MW,DE,DE_LU,forecast_offshore_wind_generation,Wind Offshore,2026-07-05T23:38:26Z
2026-07-05T23:37:01Z,2026-07-06T01:37:01+0200,947116b8-3478-48df-97c2-9d19820fe5c0,2026-06-05T09:30:00Z,2026-06-05T11:30:00+0200,3036.53,MW,DE,DE_LU,forecast_offshore_wind_generation,Wind Offshore,2026-07-05T23:38:26Z
2026-07-05T23:37:01Z,2026-07-06T01:37:01+0200,947116b8-3478-48df-97c2-9d19820fe5c0,2026-06-05T09:45:00Z,2026-06-05T11:45:00+0200,2965.01,MW,DE,DE_LU,forecast_offshore_wind_generation,Wind Offshore,2026-07-05T23:38:26Z
2026-07-05T23:37:01Z,2026-07-06T01:37:01+0200,947116b8-3478-48df-97c2-9d19820fe5c0,2026-06-05T10:00:00Z,2026-06-05T12:00:00+0200,2833.07,MW,DE,DE_LU,forecast_offshore_wind_generation,Wind Offshore,2026-07-05T23:38:26Z
2026-07-05T23:37:01Z,2026-07-06T01:37:01+0200,947116b8-3478-48df-97c2-9d19820fe5c0,2026-06-05T10:15:00Z,2026-06-05T12:15:00+0200,2785.91,MW,DE,DE_LU,forecast_offshore_wind_generation,Wind Offshore,2026-07-05T23:38:26Z
2026-07-05T23:37:01Z,2026-07-06T01:37:01+0200,947116b8-3478-48df-97c2-9d19820fe5c0,2026-06-05T10:30:00Z,2026-06-05T12:30:00+0200,2736.8,MW,DE,DE_LU,forecast_offshore_wind_generation,Wind Offshore,2026-07-05T23:38:26Z
2026-07-05T23:37:01Z,2026-07-06T01:37:01+0200,947116b8-3478-48df-97c2-9d19820fe5c0,2026-06-05T10:45:00Z,2026-06-05T12:45:00+0200,2685.9,MW,DE,DE_LU,forecast_offshore_wind_generation,Wind Offshore,2026-07-05T23:38:26Z
2026-07-05T23:37:01Z,2026-07-06T01:37:01+0200,947116b8-3478-48df-97c2-9d19820fe5c0,2026-06-05T11:00:00Z,2026-06-05T13:00:00+0200,2639.89,MW,DE,DE_LU,forecast_offshore_wind_generation,Wind Offshore,2026-07-05T23:38:26Z
2026-07-05T23:37:01Z,2026-07-06T01:37:01+0200,947116b8-3478-48df-97c2-9d19820fe5c0,2026-06-05T11:15:00Z,2026-06-05T13:15:00+0200,2614.16,MW,DE,DE_LU,forecast_offshore_wind_generation,Wind Offshore,2026-07-05T23:38:26Z
2026-07-05T23:37:01Z,2026-07-06T01:37:01+0200,947116b8-3478-48df-97c2-9d19820fe5c0,2026-06-05T11:30:00Z,2026-06-05T13:30:00+0200,2577.33,MW,DE,DE_LU,forecast_offshore_wind_generation,Wind Offshore,2026-07-05T23:38:26Z
2026-07-05T23:37:01Z,2026-07-06T01:37:01+0200,947116b8-3478-48df-97c2-9d19820fe5c0,2026-06-05T11:45:00Z,2026-06-05T13:45:00+0200,2541.74,MW,DE,DE_LU,forecast_offshore_wind_generation,Wind Offshore,2026-07-05T23:38:26Z
2026-07-05T23:37:01Z,2026-07-06T01:37:01+0200,947116b8-3478-48df-97c2-9d19820fe5c0,2026-06-05T12:00:00Z,2026-06-05T14:00:00+0200,2508.22,MW,DE,DE_LU,forecast_offshore_wind_generation,Wind Offshore,2026-07-05T23:38:26Z
2026-07-05T23:37:01Z,2026-07-06T01:37:01+0200,947116b8-3478-48df-97c2-9d19820fe5c0,2026-06-05T12:15:00Z,2026-06-05T14:15:00+0200,2472.98,MW,DE,DE_LU,forecast_offshore_wind_generation,Wind Offshore,2026-07-05T23:38:26Z
2026-07-05T23:37:01Z,2026-07-06T01:37:01+0200,947116b8-3478-48df-97c2-9d19820fe5c0,2026-06-05T12:30:00Z,2026-06-05T14:30:00+0200,2440.8,MW,DE,DE_LU,forecast_offshore_wind_generation,Wind Offshore,2026-07-05T23:38:26Z
2026-07-05T23:37:01Z,2026-07-06T01:37:01+0200,947116b8-3478-48df-97c2-9d19820fe5c0,2026-06-05T12:45:00Z,2026-06-05T14:45:00+0200,2405.77,MW,DE,DE_LU,forecast_offshore_wind_generation,Wind Offshore,2026-07-05T23:38:26Z
2026-07-05T23:37:01Z,2026-07-06T01:37:01+0200,947116b8-3478-48df-97c2-9d19820fe5c0,2026-06-05T13:00:00Z,2026-06-05T15:00:00+0200,2372.62,MW,DE,DE_LU,forecast_offshore_wind_generation,Wind Offshore,2026-07-05T23:38:26Z
2026-07-05T23:37:01Z,2026-07-06T01:37:01+0200,947116b8-3478-48df-97c2-9d19820fe5c0,2026-06-05T13:15:00Z,2026-06-05T15:15:00+0200,2326.49,MW,DE,DE_LU,forecast_offshore_wind_generation,Wind Offshore,2026-07-05T23:38:26Z
2026-07-05T23:37:01Z,2026-07-06T01:37:01+0200,947116b8-3478-48df-97c2-9d19820fe5c0,2026-06-05T13:30:00Z,2026-06-05T15:30:00+0200,2284.44,MW,DE,DE_LU,forecast_offshore_wind_generation,Wind Offshore,2026-07-05T23:38:26Z
2026-07-05T23:37:01Z,2026-07-06T01:37:01+0200,947116b8-3478-48df-97c2-9d19820fe5c0,2026-06-05T13:45:00Z,2026-06-05T15:45:00+0200,2239.76,MW,DE,DE_LU,forecast_offshore_wind_generation,Wind Offshore,2026-07-05T23:38:26Z
2026-07-05T23:37:01Z,2026-07-06T01:37:01+0200,947116b8-3478-48df-97c2-9d19820fe5c0,2026-06-05T14:00:00Z,2026-06-05T16:00:00+0200,2181.45,MW,DE,DE_LU,forecast_offshore_wind_generation,Wind Offshore,2026-07-05T23:38:26Z
2026-07-05T23:37:01Z,2026-07-06T01:37:01+0200,947116b8-3478-48df-97c2-9d19820fe5c0,2026-06-05T14:15:00Z,2026-06-05T16:15:00+0200,2101.76,MW,DE,DE_LU,forecast_offshore_wind_generation,Wind Offshore,2026-07-05T23:38:26Z
2026-07-05T23:37:01Z,2026-07-06T01:37:01+0200,947116b8-3478-48df-97c2-9d19820fe5c0,2026-06-05T14:30:00Z,2026-06-05T16:30:00+0200,2028.12,MW,DE,DE_LU,forecast_offshore_wind_generation,Wind Offshore,2026-07-05T23:38:26Z
2026-07-05T23:37:01Z,2026-07-06T01:37:01+0200,947116b8-3478-48df-97c2-9d19820fe5c0,2026-06-05T14:45:00Z,2026-06-05T16:45:00+0200,1935.96,MW,DE,DE_LU,forecast_offshore_wind_generation,Wind Offshore,2026-07-05T23:38:26Z
2026-07-05T23:37:01Z,2026-07-06T01:37:01+0200,947116b8-3478-48df-97c2-9d19820fe5c0,2026-06-05T15:00:00Z,2026-06-05T17:00:00+0200,1852.75,MW,DE,DE_LU,forecast_offshore_wind_generation,Wind Offshore,2026-07-05T23:38:26Z
2026-07-05T23:37:01Z,2026-07-06T01:37:01+0200,947116b8-3478-48df-97c2-9d19820fe5c0,2026-06-05T15:15:00Z,2026-06-05T17:15:00+0200,1750.24,MW,DE,DE_LU,forecast_offshore_wind_generation,Wind Offshore,2026-07-05T23:38:26Z
2026-07-05T23:37:01Z,2026-07-06T01:37:01+0200,947116b8-3478-48df-97c2-9d19820fe5c0,2026-06-05T15:30:00Z,2026-06-05T17:30:00+0200,1643.29,MW,DE,DE_LU,forecast_offshore_wind_generation,Wind Offshore,2026-07-05T23:38:26Z
2026-07-05T23:37:01Z,2026-07-06T01:37:01+0200,947116b8-3478-48df-97c2-9d19820fe5c0,2026-06-05T15:45:00Z,2026-06-05T17:45:00+0200,1540.95,MW,DE,DE_LU,forecast_offshore_wind_generation,Wind Offshore,2026-07-05T23:38:26Z
2026-07-05T23:37:01Z,2026-07-06T01:37:01+0200,947116b8-3478-48df-97c2-9d19820fe5c0,2026-06-05T16:00:00Z,2026-06-05T18:00:00+0200,1426.83,MW,DE,DE_LU,forecast_offshore_wind_generation,Wind Offshore,2026-07-05T23:38:26Z
2026-07-05T23:37:01Z,2026-07-06T01:37:01+0200,947116b8-3478-48df-97c2-9d19820fe5c0,2026-06-05T16:15:00Z,2026-06-05T18:15:00+0200,1321.75,MW,DE,DE_LU,forecast_offshore_wind_generation,Wind Offshore,2026-07-05T23:38:26Z
2026-07-05T23:37:01Z,2026-07-06T01:37:01+0200,947116b8-3478-48df-97c2-9d19820fe5c0,2026-06-05T16:30:00Z,2026-06-05T18:30:00+0200,1214.8,MW,DE,DE_LU,forecast_offshore_wind_generation,Wind Offshore,2026-07-05T23:38:26Z
2026-07-05T23:37:01Z,2026-07-06T01:37:01+0200,947116b8-3478-48df-97c2-9d19820fe5c0,2026-06-05T16:45:00Z,2026-06-05T18:45:00+0200,1102.94,MW,DE,DE_LU,forecast_offshore_wind_generation,Wind Offshore,2026-07-05T23:38:26Z
2026-07-05T23:37:01Z,2026-07-06T01:37:01+0200,947116b8-3478-48df-97c2-9d19820fe5c0,2026-06-05T17:00:00Z,2026-06-05T19:00:00+0200,1000.38,MW,DE,DE_LU,forecast_offshore_wind_generation,Wind Offshore,2026-07-05T23:38:26Z
2026-07-05T23:37:01Z,2026-07-06T01:37:01+0200,947116b8-3478-48df-97c2-9d19820fe5c0,2026-06-05T17:15:00Z,2026-06-05T19:15:00+0200,909.96,MW,DE,DE_LU,forecast_offshore_wind_generation,Wind Offshore,2026-07-05T23:38:26Z
2026-07-05T23:37:01Z,2026-07-06T01:37:01+0200,947116b8-3478-48df-97c2-9d19820fe5c0,2026-06-05T17:30:00Z,2026-06-05T19:30:00+0200,822.5,MW,DE,DE_LU,forecast_offshore_wind_generation,Wind Offshore,2026-07-05T23:38:26Z
2026-07-05T23:37:01Z,2026-07-06T01:37:01+0200,947116b8-3478-48df-97c2-9d19820fe5c0,2026-06-05T17:45:00Z,2026-06-05T19:45:00+0200,743.1,MW,DE,DE_LU,forecast_offshore_wind_generation,Wind Offshore,2026-07-05T23:38:26Z
2026-07-05T23:37:01Z,2026-07-06T01:37:01+0200,947116b8-3478-48df-97c2-9d19820fe5c0,2026-06-05T18:00:00Z,2026-06-05T20:00:00+0200,670.18,MW,DE,DE_LU,forecast_offshore_wind_generation,Wind Offshore,2026-07-05T23:38:26Z
2026-07-05T23:37:01Z,2026-07-06T01:37:01+0200,947116b8-3478-48df-97c2-9d19820fe5c0,2026-06-05T18:15:00Z,2026-06-05T20:15:00+0200,625.13,MW,DE,DE_LU,forecast_offshore_wind_generation,Wind Offshore,2026-07-05T23:38:26Z
2026-07-05T23:37:01Z,2026-07-06T01:37:01+0200,947116b8-3478-48df-97c2-9d19820fe5c0,2026-06-05T18:30:00Z,2026-06-05T20:30:00+0200,583.33,MW,DE,DE_LU,forecast_offshore_wind_generation,Wind Offshore,2026-07-05T23:38:26Z
2026-07-05T23:37:01Z,2026-07-06T01:37:01+0200,947116b8-3478-48df-97c2-9d19820fe5c0,2026-06-05T18:45:00Z,2026-06-05T20:45:00+0200,537.82,MW,DE,DE_LU,forecast_offshore_wind_generation,Wind Offshore,2026-07-05T23:38:26Z
2026-07-05T23:37:01Z,2026-07-06T01:37:01+0200,947116b8-3478-48df-97c2-9d19820fe5c0,2026-06-05T19:00:00Z,2026-06-05T21:00:00+0200,504.46,MW,DE,DE_LU,forecast_offshore_wind_generation,Wind Offshore,2026-07-05T23:38:26Z
2026-07-05T23:37:01Z,2026-07-06T01:37:01+0200,947116b8-3478-48df-97c2-9d19820fe5c0,2026-06-05T19:15:00Z,2026-06-05T21:15:00+0200,496.05,MW,DE,DE_LU,forecast_offshore_wind_generation,Wind Offshore,2026-07-05T23:38:26Z
2026-07-05T23:37:01Z,2026-07-06T01:37:01+0200,947116b8-3478-48df-97c2-9d19820fe5c0,2026-06-05T19:30:00Z,2026-06-05T21:30:00+0200,489.37,MW,DE,DE_LU,forecast_offshore_wind_generation,Wind Offshore,2026-07-05T23:38:26Z
2026-07-05T23:37:01Z,2026-07-06T01:37:01+0200,947116b8-3478-48df-97c2-9d19820fe5c0,2026-06-05T19:45:00Z,2026-06-05T21:45:00+0200,480.32,MW,DE,DE_LU,forecast_offshore_wind_generation,Wind Offshore,2026-07-05T23:38:26Z
2026-07-05T23:37:01Z,2026-07-06T01:37:01+0200,947116b8-3478-48df-97c2-9d19820fe5c0,2026-06-05T20:00:00Z,2026-06-05T22:00:00+0200,482.4,MW,DE,DE_LU,forecast_offshore_wind_generation,Wind Offshore,2026-07-05T23:38:26Z
2026-07-05T23:37:01Z,2026-07-06T01:37:01+0200,947116b8-3478-48df-97c2-9d19820fe5c0,2026-06-05T20:15:00Z,2026-06-05T22:15:00+0200,489.21,MW,DE,DE_LU,forecast_offshore_wind_generation,Wind Offshore,2026-07-05T23:38:26Z
2026-07-05T23:37:01Z,2026-07-06T01:37:01+0200,947116b8-3478-48df-97c2-9d19820fe5c0,2026-06-05T20:30:00Z,2026-06-05T22:30:00+0200,493.11,MW,DE,DE_LU,forecast_offshore_wind_generation,Wind Offshore,2026-07-05T23:38:26Z
2026-07-05T23:37:01Z,2026-07-06T01:37:01+0200,947116b8-3478-48df-97c2-9d19820fe5c0,2026-06-05T20:45:00Z,2026-06-05T22:45:00+0200,499.53,MW,DE,DE_LU,forecast_offshore_wind_generation,Wind Offshore,2026-07-05T23:38:26Z
2026-07-05T23:37:01Z,2026-07-06T01:37:01+0200,947116b8-3478-48df-97c2-9d19820fe5c0,2026-06-05T21:00:00Z,2026-06-05T23:00:00+0200,508.57,MW,DE,DE_LU,forecast_offshore_wind_generation,Wind Offshore,2026-07-05T23:38:26Z
2026-07-05T23:37:01Z,2026-07-06T01:37:01+0200,947116b8-3478-48df-97c2-9d19820fe5c0,2026-06-05T21:15:00Z,2026-06-05T23:15:00+0200,507.69,MW,DE,DE_LU,forecast_offshore_wind_generation,Wind Offshore,2026-07-05T23:38:26Z
2026-07-05T23:37:01Z,2026-07-06T01:37:01+0200,947116b8-3478-48df-97c2-9d19820fe5c0,2026-06-05T21:30:00Z,2026-06-05T23:30:00+0200,511.81,MW,DE,DE_LU,forecast_offshore_wind_generation,Wind Offshore,2026-07-05T23:38:26Z
2026-07-05T23:37:01Z,2026-07-06T01:37:01+0200,947116b8-3478-48df-97c2-9d19820fe5c0,2026-06-05T21:45:00Z,2026-06-05T23:45:00+0200,509.6,MW,DE,DE_LU,forecast_offshore_wind_generation,Wind Offshore,2026-07-05T23:38:26Z
2026-07-05T23:37:01Z,2026-07-06T01:37:01+0200,947116b8-3478-48df-97c2-9d19820fe5c0,2026-06-05T22:00:00Z,2026-06-06T00:00:00+0200,401.78,MW,DE,DE_LU,forecast_offshore_wind_generation,Wind Offshore,2026-07-05T23:38:26Z
2026-07-05T23:37:01Z,2026-07-06T01:37:01+0200,947116b8-3478-48df-97c2-9d19820fe5c0,2026-06-05T22:15:00Z,2026-06-06T00:15:00+0200,397.62,MW,DE,DE_LU,forecast_offshore_wind_generation,Wind Offshore,2026-07-05T23:38:26Z
2026-07-05T23:37:01Z,2026-07-06T01:37:01+0200,947116b8-3478-48df-97c2-9d19820fe5c0,2026-06-05T22:30:00Z,2026-06-06T00:30:00+0200,392.51,MW,DE,DE_LU,forecast_offshore_wind_generation,Wind Offshore,2026-07-05T23:38:26Z
2026-07-05T23:37:01Z,2026-07-06T01:37:01+0200,947116b8-3478-48df-97c2-9d19820fe5c0,2026-06-05T22:45:00Z,2026-06-06T00:45:00+0200,386.31,MW,DE,DE_LU,forecast_offshore_wind_generation,Wind Offshore,2026-07-05T23:38:26Z
2026-07-05T23:37:01Z,2026-07-06T01:37:01+0200,947116b8-3478-48df-97c2-9d19820fe5c0,2026-06-05T23:00:00Z,2026-06-06T01:00:00+0200,381.01,MW,DE,DE_LU,forecast_offshore_wind_generation,Wind Offshore,2026-07-05T23:38:26Z
2026-07-05T23:37:01Z,2026-07-06T01:37:01+0200,947116b8-3478-48df-97c2-9d19820fe5c0,2026-06-05T23:15:00Z,2026-06-06T01:15:00+0200,375.67,MW,DE,DE_LU,forecast_offshore_wind_generation,Wind Offshore,2026-07-05T23:38:26Z
2026-07-05T23:37:01Z,2026-07-06T01:37:01+0200,947116b8-3478-48df-97c2-9d19820fe5c0,2026-06-05T23:30:00Z,2026-06-06T01:30:00+0200,373.34,MW,DE,DE_LU,forecast_offshore_wind_generation,Wind Offshore,2026-07-05T23:38:26Z
2026-07-05T23:37:01Z,2026-07-06T01:37:01+0200,947116b8-3478-48df-97c2-9d19820fe5c0,2026-06-05T23:45:00Z,2026-06-06T01:45:00+0200,370.11,MW,DE,DE_LU,forecast_offshore_wind_generation,Wind Offshore,2026-07-05T23:38:26Z
2026-07-05T23:37:01Z,2026-07-06T01:37:01+0200,947116b8-3478-48df-97c2-9d19820fe5c0,2026-06-06T00:00:00Z,2026-06-06T02:00:00+0200,366.84,MW,DE,DE_LU,forecast_offshore_wind_generation,Wind Offshore,2026-07-05T23:38:26Z
2026-07-05T23:37:01Z,2026-07-06T01:37:01+0200,947116b8-3478-48df-97c2-9d19820fe5c0,2026-06-06T00:15:00Z,2026-06-06T02:15:00+0200,366.79,MW,DE,DE_LU,forecast_offshore_wind_generation,Wind Offshore,2026-07-05T23:38:26Z
2026-07-05T23:37:01Z,2026-07-06T01:37:01+0200,947116b8-3478-48df-97c2-9d19820fe5c0,2026-06-06T00:30:00Z,2026-06-06T02:30:00+0200,369.85,MW,DE,DE_LU,forecast_offshore_wind_generation,Wind Offshore,2026-07-05T23:38:26Z
2026-07-05T23:37:01Z,2026-07-06T01:37:01+0200,947116b8-3478-48df-97c2-9d19820fe5c0,2026-06-06T00:45:00Z,2026-06-06T02:45:00+0200,370.23,MW,DE,DE_LU,forecast_offshore_wind_generation,Wind Offshore,2026-07-05T23:38:26Z
2026-07-05T23:37:01Z,2026-07-06T01:37:01+0200,947116b8-3478-48df-97c2-9d19820fe5c0,2026-06-06T01:00:00Z,2026-06-06T03:00:00+0200,368.95,MW,DE,DE_LU,forecast_offshore_wind_generation,Wind Offshore,2026-07-05T23:38:26Z
2026-07-05T23:37:01Z,2026-07-06T01:37:01+0200,947116b8-3478-48df-97c2-9d19820fe5c0,2026-06-06T01:15:00Z,2026-06-06T03:15:00+0200,382.86,MW,DE,DE_LU,forecast_offshore_wind_generation,Wind Offshore,2026-07-05T23:38:26Z
2026-07-05T23:37:01Z,2026-07-06T01:37:01+0200,947116b8-3478-48df-97c2-9d19820fe5c0,2026-06-06T01:30:00Z,2026-06-06T03:30:00+0200,389.93,MW,DE,DE_LU,forecast_offshore_wind_generation,Wind Offshore,2026-07-05T23:38:26Z
2026-07-05T23:37:01Z,2026-07-06T01:37:01+0200,947116b8-3478-48df-97c2-9d19820fe5c0,2026-06-06T01:45:00Z,2026-06-06T03:45:00+0200,405.05,MW,DE,DE_LU,forecast_offshore_wind_generation,Wind Offshore,2026-07-05T23:38:26Z
2026-07-05T23:37:01Z,2026-07-06T01:37:01+0200,947116b8-3478-48df-97c2-9d19820fe5c0,2026-06-06T02:00:00Z,2026-06-06T04:00:00+0200,418.31,MW,DE,DE_LU,forecast_offshore_wind_generation,Wind Offshore,2026-07-05T23:38:26Z
2026-07-05T23:37:01Z,2026-07-06T01:37:01+0200,947116b8-3478-48df-97c2-9d19820fe5c0,2026-06-06T02:15:00Z,2026-06-06T04:15:00+0200,441.76,MW,DE,DE_LU,forecast_offshore_wind_generation,Wind Offshore,2026-07-05T23:38:26Z
2026-07-05T23:37:01Z,2026-07-06T01:37:01+0200,947116b8-3478-48df-97c2-9d19820fe5c0,2026-06-06T02:30:00Z,2026-06-06T04:30:00+0200,462.38,MW,DE,DE_LU,forecast_offshore_wind_generation,Wind Offshore,2026-07-05T23:38:26Z
2026-07-05T23:37:01Z,2026-07-06T01:37:01+0200,947116b8-3478-48df-97c2-9d19820fe5c0,2026-06-06T02:45:00Z,2026-06-06T04:45:00+0200,479.73,MW,DE,DE_LU,forecast_offshore_wind_generation,Wind Offshore,2026-07-05T23:38:26Z
2026-07-05T23:37:01Z,2026-07-06T01:37:01+0200,947116b8-3478-48df-97c2-9d19820fe5c0,2026-06-06T03:00:00Z,2026-06-06T05:00:00+0200,505.45,MW,DE,DE_LU,forecast_offshore_wind_generation,Wind Offshore,2026-07-05T23:38:26Z
2026-07-05T23:37:01Z,2026-07-06T01:37:01+0200,947116b8-3478-48df-97c2-9d19820fe5c0,2026-06-06T03:15:00Z,2026-06-06T05:15:00+0200,542.47,MW,DE,DE_LU,forecast_offshore_wind_generation,Wind Offshore,2026-07-05T23:38:26Z
2026-07-05T23:37:01Z,2026-07-06T01:37:01+0200,947116b8-3478-48df-97c2-9d19820fe5c0,2026-06-06T03:30:00Z,2026-06-06T05:30:00+0200,574.58,MW,DE,DE_LU,forecast_offshore_wind_generation,Wind Offshore,2026-07-05T23:38:26Z
2026-07-05T23:37:01Z,2026-07-06T01:37:01+0200,947116b8-3478-48df-97c2-9d19820fe5c0,2026-06-06T03:45:00Z,2026-06-06T05:45:00+0200,607.79,MW,DE,DE_LU,forecast_offshore_wind_generation,Wind Offshore,2026-07-05T23:38:26Z
2026-07-05T23:37:01Z,2026-07-06T01:37:01+0200,947116b8-3478-48df-97c2-9d19820fe5c0,2026-06-06T04:00:00Z,2026-06-06T06:00:00+0200,640.83,MW,DE,DE_LU,forecast_offshore_wind_generation,Wind Offshore,2026-07-05T23:38:26Z
2026-07-05T23:37:01Z,2026-07-06T01:37:01+0200,947116b8-3478-48df-97c2-9d19820fe5c0,2026-06-06T04:15:00Z,2026-06-06T06:15:00+0200,674.72,MW,DE,DE_LU,forecast_offshore_wind_generation,Wind Offshore,2026-07-05T23:38:26Z
2026-07-05T23:37:01Z,2026-07-06T01:37:01+0200,947116b8-3478-48df-97c2-9d19820fe5c0,2026-06-06T04:30:00Z,2026-06-06T06:30:00+0200,712.84,MW,DE,DE_LU,forecast_offshore_wind_generation,Wind Offshore,2026-07-05T23:38:26Z
2026-07-05T23:37:01Z,2026-07-06T01:37:01+0200,947116b8-3478-48df-97c2-9d19820fe5c0,2026-06-06T04:45:00Z,2026-06-06T06:45:00+0200,745.13,MW,DE,DE_LU,forecast_offshore_wind_generation,Wind Offshore,2026-07-05T23:38:26Z
2026-07-05T23:37:01Z,2026-07-06T01:37:01+0200,947116b8-3478-48df-97c2-9d19820fe5c0,2026-06-06T05:00:00Z,2026-06-06T07:00:00+0200,780.65,MW,DE,DE_LU,forecast_offshore_wind_generation,Wind Offshore,2026-07-05T23:38:26Z
2026-07-05T23:37:01Z,2026-07-06T01:37:01+0200,947116b8-3478-48df-97c2-9d19820fe5c0,2026-06-06T05:15:00Z,2026-06-06T07:15:00+0200,791.28,MW,DE,DE_LU,forecast_offshore_wind_generation,Wind Offshore,2026-07-05T23:38:26Z
2026-07-05T23:37:01Z,2026-07-06T01:37:01+0200,947116b8-3478-48df-97c2-9d19820fe5c0,2026-06-06T05:30:00Z,2026-06-06T07:30:00+0200,798.93,MW,DE,DE_LU,forecast_offshore_wind_generation,Wind Offshore,2026-07-05T23:38:26Z
2026-07-05T23:37:01Z,2026-07-06T01:37:01+0200,947116b8-3478-48df-97c2-9d19820fe5c0,2026-06-06T05:45:00Z,2026-06-06T07:45:00+0200,814.58,MW,DE,DE_LU,forecast_offshore_wind_generation,Wind Offshore,2026-07-05T23:38:26Z
2026-07-05T23:37:01Z,2026-07-06T01:37:01+0200,947116b8-3478-48df-97c2-9d19820fe5c0,2026-06-06T06:00:00Z,2026-06-06T08:00:00+0200,814.6,MW,DE,DE_LU,forecast_offshore_wind_generation,Wind Offshore,2026-07-05T23:38:26Z
2026-07-05T23:37:01Z,2026-07-06T01:37:01+0200,947116b8-3478-48df-97c2-9d19820fe5c0,2026-06-06T06:15:00Z,2026-06-06T08:15:00+0200,806.71,MW,DE,DE_LU,forecast_offshore_wind_generation,Wind Offshore,2026-07-05T23:38:26Z
2026-07-05T23:37:01Z,2026-07-06T01:37:01+0200,947116b8-3478-48df-97c2-9d19820fe5c0,2026-06-06T06:30:00Z,2026-06-06T08:30:00+0200,762.0,MW,DE,DE_LU,forecast_offshore_wind_generation,Wind Offshore,2026-07-05T23:38:26Z
2026-07-05T23:37:01Z,2026-07-06T01:37:01+0200,947116b8-3478-48df-97c2-9d19820fe5c0,2026-06-06T06:45:00Z,2026-06-06T08:45:00+0200,755.49,MW,DE,DE_LU,forecast_offshore_wind_generation,Wind Offshore,2026-07-05T23:38:26Z
2026-07-05T23:37:01Z,2026-07-06T01:37:01+0200,947116b8-3478-48df-97c2-9d19820fe5c0,2026-06-06T07:00:00Z,2026-06-06T09:00:00+0200,742.43,MW,DE,DE_LU,forecast_offshore_wind_generation,Wind Offshore,2026-07-05T23:38:26Z
2026-07-05T23:37:01Z,2026-07-06T01:37:01+0200,947116b8-3478-48df-97c2-9d19820fe5c0,2026-06-06T07:15:00Z,2026-06-06T09:15:00+0200,739.64,MW,DE,DE_LU,forecast_offshore_wind_generation,Wind Offshore,2026-07-05T23:38:26Z
2026-07-05T23:37:01Z,2026-07-06T01:37:01+0200,947116b8-3478-48df-97c2-9d19820fe5c0,2026-06-06T07:30:00Z,2026-06-06T09:30:00+0200,730.76,MW,DE,DE_LU,forecast_offshore_wind_generation,Wind Offshore,2026-07-05T23:38:26Z
2026-07-05T23:37:01Z,2026-07-06T01:37:01+0200,947116b8-3478-48df-97c2-9d19820fe5c0,2026-06-06T07:45:00Z,2026-06-06T09:45:00+0200,727.76,MW,DE,DE_LU,forecast_offshore_wind_generation,Wind Offshore,2026-07-05T23:38:26Z
2026-07-05T23:37:01Z,2026-07-06T01:37:01+0200,947116b8-3478-48df-97c2-9d19820fe5c0,2026-06-06T08:00:00Z,2026-06-06T10:00:00+0200,724.09,MW,DE,DE_LU,forecast_offshore_wind_generation,Wind Offshore,2026-07-05T23:38:26Z
2026-07-05T23:37:01Z,2026-07-06T01:37:01+0200,947116b8-3478-48df-97c2-9d19820fe5c0,2026-06-06T08:15:00Z,2026-06-06T10:15:00+0200,728.7,MW,DE,DE_LU,forecast_offshore_wind_generation,Wind Offshore,2026-07-05T23:38:26Z
2026-07-05T23:37:01Z,2026-07-06T01:37:01+0200,947116b8-3478-48df-97c2-9d19820fe5c0,2026-06-06T08:30:00Z,2026-06-06T10:30:00+0200,737.32,MW,DE,DE_LU,forecast_offshore_wind_generation,Wind Offshore,2026-07-05T23:38:26Z
2026-07-05T23:37:01Z,2026-07-06T01:37:01+0200,947116b8-3478-48df-97c2-9d19820fe5c0,2026-06-06T08:45:00Z,2026-06-06T10:45:00+0200,740.92,MW,DE,DE_LU,forecast_offshore_wind_generation,Wind Offshore,2026-07-05T23:38:26Z
2026-07-05T23:37:01Z,2026-07-06T01:37:01+0200,947116b8-3478-48df-97c2-9d19820fe5c0,2026-06-06T09:00:00Z,2026-06-06T11:00:00+0200,751.49,MW,DE,DE_LU,forecast_offshore_wind_generation,Wind Offshore,2026-07-05T23:38:26Z
2026-07-05T23:37:01Z,2026-07-06T01:37:01+0200,947116b8-3478-48df-97c2-9d19820fe5c0,2026-06-06T09:15:00Z,2026-06-06T11:15:00+0200,756.86,MW,DE,DE_LU,forecast_offshore_wind_generation,Wind Offshore,2026-07-05T23:38:26Z
2026-07-05T23:37:01Z,2026-07-06T01:37:01+0200,947116b8-3478-48df-97c2-9d19820fe5c0,2026-06-06T09:30:00Z,2026-06-06T11:30:00+0200,766.27,MW,DE,DE_LU,forecast_offshore_wind_generation,Wind Offshore,2026-07-05T23:38:26Z
2026-07-05T23:37:01Z,2026-07-06T01:37:01+0200,947116b8-3478-48df-97c2-9d19820fe5c0,2026-06-06T09:45:00Z,2026-06-06T11:45:00+0200,777.66,MW,DE,DE_LU,forecast_offshore_wind_generation,Wind Offshore,2026-07-05T23:38:26Z
2026-07-05T23:37:01Z,2026-07-06T01:37:01+0200,947116b8-3478-48df-97c2-9d19820fe5c0,2026-06-06T10:00:00Z,2026-06-06T12:00:00+0200,784.04,MW,DE,DE_LU,forecast_offshore_wind_generation,Wind Offshore,2026-07-05T23:38:26Z
2026-07-05T23:37:01Z,2026-07-06T01:37:01+0200,947116b8-3478-48df-97c2-9d19820fe5c0,2026-06-06T10:15:00Z,2026-06-06T12:15:00+0200,794.27,MW,DE,DE_LU,forecast_offshore_wind_generation,Wind Offshore,2026-07-05T23:38:26Z
2026-07-05T23:37:01Z,2026-07-06T01:37:01+0200,947116b8-3478-48df-97c2-9d19820fe5c0,2026-06-06T10:30:00Z,2026-06-06T12:30:00+0200,805.72,MW,DE,DE_LU,forecast_offshore_wind_generation,Wind Offshore,2026-07-05T23:38:26Z
2026-07-05T23:37:01Z,2026-07-06T01:37:01+0200,947116b8-3478-48df-97c2-9d19820fe5c0,2026-06-06T10:45:00Z,2026-06-06T12:45:00+0200,814.26,MW,DE,DE_LU,forecast_offshore_wind_generation,Wind Offshore,2026-07-05T23:38:26Z
2026-07-05T23:37:01Z,2026-07-06T01:37:01+0200,947116b8-3478-48df-97c2-9d19820fe5c0,2026-06-06T11:00:00Z,2026-06-06T13:00:00+0200,823.99,MW,DE,DE_LU,forecast_offshore_wind_generation,Wind Offshore,2026-07-05T23:38:26Z
2026-07-05T23:37:01Z,2026-07-06T01:37:01+0200,947116b8-3478-48df-97c2-9d19820fe5c0,2026-06-06T11:15:00Z,2026-06-06T13:15:00+0200,820.94,MW,DE,DE_LU,forecast_offshore_wind_generation,Wind Offshore,2026-07-05T23:38:26Z
2026-07-05T23:37:01Z,2026-07-06T01:37:01+0200,947116b8-3478-48df-97c2-9d19820fe5c0,2026-06-06T11:30:00Z,2026-06-06T13:30:00+0200,817.93,MW,DE,DE_LU,forecast_offshore_wind_generation,Wind Offshore,2026-07-05T23:38:26Z
2026-07-05T23:37:01Z,2026-07-06T01:37:01+0200,947116b8-3478-48df-97c2-9d19820fe5c0,2026-06-06T11:45:00Z,2026-06-06T13:45:00+0200,816.96,MW,DE,DE_LU,forecast_offshore_wind_generation,Wind Offshore,2026-07-05T23:38:26Z
2026-07-05T23:37:01Z,2026-07-06T01:37:01+0200,947116b8-3478-48df-97c2-9d19820fe5c0,2026-06-06T12:00:00Z,2026-06-06T14:00:00+0200,813.96,MW,DE,DE_LU,forecast_offshore_wind_generation,Wind Offshore,2026-07-05T23:38:26Z
2026-07-05T23:37:01Z,2026-07-06T01:37:01+0200,947116b8-3478-48df-97c2-9d19820fe5c0,2026-06-06T12:15:00Z,2026-06-06T14:15:00+0200,806.96,MW,DE,DE_LU,forecast_offshore_wind_generation,Wind Offshore,2026-07-05T23:38:26Z
2026-07-05T23:37:01Z,2026-07-06T01:37:01+0200,947116b8-3478-48df-97c2-9d19820fe5c0,2026-06-06T12:30:00Z,2026-06-06T14:30:00+0200,790.97,MW,DE,DE_LU,forecast_offshore_wind_generation,Wind Offshore,2026-07-05T23:38:26Z
2026-07-05T23:37:01Z,2026-07-06T01:37:01+0200,947116b8-3478-48df-97c2-9d19820fe5c0,2026-06-06T12:45:00Z,2026-06-06T14:45:00+0200,784.97,MW,DE,DE_LU,forecast_offshore_wind_generation,Wind Offshore,2026-07-05T23:38:26Z
2026-07-05T23:37:01Z,2026-07-06T01:37:01+0200,947116b8-3478-48df-97c2-9d19820fe5c0,2026-06-06T13:00:00Z,2026-06-06T15:00:00+0200,778.08,MW,DE,DE_LU,forecast_offshore_wind_generation,Wind Offshore,2026-07-05T23:38:26Z
2026-07-05T23:37:01Z,2026-07-06T01:37:01+0200,947116b8-3478-48df-97c2-9d19820fe5c0,2026-06-06T13:15:00Z,2026-06-06T15:15:00+0200,773.52,MW,DE,DE_LU,forecast_offshore_wind_generation,Wind Offshore,2026-07-05T23:38:26Z
2026-07-05T23:37:01Z,2026-07-06T01:37:01+0200,947116b8-3478-48df-97c2-9d19820fe5c0,2026-06-06T13:30:00Z,2026-06-06T15:30:00+0200,770.98,MW,DE,DE_LU,forecast_offshore_wind_generation,Wind Offshore,2026-07-05T23:38:26Z
2026-07-05T23:37:01Z,2026-07-06T01:37:01+0200,947116b8-3478-48df-97c2-9d19820fe5c0,2026-06-06T13:45:00Z,2026-06-06T15:45:00+0200,771.49,MW,DE,DE_LU,forecast_offshore_wind_generation,Wind Offshore,2026-07-05T23:38:26Z
2026-07-05T23:37:01Z,2026-07-06T01:37:01+0200,947116b8-3478-48df-97c2-9d19820fe5c0,2026-06-06T14:00:00Z,2026-06-06T16:00:00+0200,768.17,MW,DE,DE_LU,forecast_offshore_wind_generation,Wind Offshore,2026-07-05T23:38:26Z
2026-07-05T23:37:01Z,2026-07-06T01:37:01+0200,947116b8-3478-48df-97c2-9d19820fe5c0,2026-06-06T14:15:00Z,2026-06-06T16:15:00+0200,777.96,MW,DE,DE_LU,forecast_offshore_wind_generation,Wind Offshore,2026-07-05T23:38:26Z
2026-07-05T23:37:01Z,2026-07-06T01:37:01+0200,947116b8-3478-48df-97c2-9d19820fe5c0,2026-06-06T14:30:00Z,2026-06-06T16:30:00+0200,777.76,MW,DE,DE_LU,forecast_offshore_wind_generation,Wind Offshore,2026-07-05T23:38:26Z
2026-07-05T23:37:01Z,2026-07-06T01:37:01+0200,947116b8-3478-48df-97c2-9d19820fe5c0,2026-06-06T14:45:00Z,2026-06-06T16:45:00+0200,780.62,MW,DE,DE_LU,forecast_offshore_wind_generation,Wind Offshore,2026-07-05T23:38:26Z
2026-07-05T23:37:01Z,2026-07-06T01:37:01+0200,947116b8-3478-48df-97c2-9d19820fe5c0,2026-06-06T15:00:00Z,2026-06-06T17:00:00+0200,778.84,MW,DE,DE_LU,forecast_offshore_wind_generation,Wind Offshore,2026-07-05T23:38:26Z
2026-07-05T23:37:01Z,2026-07-06T01:37:01+0200,947116b8-3478-48df-97c2-9d19820fe5c0,2026-06-06T15:15:00Z,2026-06-06T17:15:00+0200,786.22,MW,DE,DE_LU,forecast_offshore_wind_generation,Wind Offshore,2026-07-05T23:38:26Z
2026-07-05T23:37:01Z,2026-07-06T01:37:01+0200,947116b8-3478-48df-97c2-9d19820fe5c0,2026-06-06T15:30:00Z,2026-06-06T17:30:00+0200,798.01,MW,DE,DE_LU,forecast_offshore_wind_generation,Wind Offshore,2026-07-05T23:38:26Z
2026-07-05T23:37:01Z,2026-07-06T01:37:01+0200,947116b8-3478-48df-97c2-9d19820fe5c0,2026-06-06T15:45:00Z,2026-06-06T17:45:00+0200,800.03,MW,DE,DE_LU,forecast_offshore_wind_generation,Wind Offshore,2026-07-05T23:38:26Z
2026-07-05T23:37:01Z,2026-07-06T01:37:01+0200,947116b8-3478-48df-97c2-9d19820fe5c0,2026-06-06T16:00:00Z,2026-06-06T18:00:00+0200,808.58,MW,DE,DE_LU,forecast_offshore_wind_generation,Wind Offshore,2026-07-05T23:38:26Z
2026-07-05T23:37:01Z,2026-07-06T01:37:01+0200,947116b8-3478-48df-97c2-9d19820fe5c0,2026-06-06T16:15:00Z,2026-06-06T18:15:00+0200,853.95,MW,DE,DE_LU,forecast_offshore_wind_generation,Wind Offshore,2026-07-05T23:38:26Z
2026-07-05T23:37:01Z,2026-07-06T01:37:01+0200,947116b8-3478-48df-97c2-9d19820fe5c0,2026-06-06T16:30:00Z,2026-06-06T18:30:00+0200,891.34,MW,DE,DE_LU,forecast_offshore_wind_generation,Wind Offshore,2026-07-05T23:38:26Z
2026-07-05T23:37:01Z,2026-07-06T01:37:01+0200,947116b8-3478-48df-97c2-9d19820fe5c0,2026-06-06T16:45:00Z,2026-06-06T18:45:00+0200,931.26,MW,DE,DE_LU,forecast_offshore_wind_generation,Wind Offshore,2026-07-05T23:38:26Z
2026-07-05T23:37:01Z,2026-07-06T01:37:01+0200,947116b8-3478-48df-97c2-9d19820fe5c0,2026-06-06T17:00:00Z,2026-06-06T19:00:00+0200,984.8,MW,DE,DE_LU,forecast_offshore_wind_generation,Wind Offshore,2026-07-05T23:38:26Z
2026-07-05T23:37:01Z,2026-07-06T01:37:01+0200,947116b8-3478-48df-97c2-9d19820fe5c0,2026-06-06T17:15:00Z,2026-06-06T19:15:00+0200,1096.0,MW,DE,DE_LU,forecast_offshore_wind_generation,Wind Offshore,2026-07-05T23:38:26Z
2026-07-05T23:37:01Z,2026-07-06T01:37:01+0200,947116b8-3478-48df-97c2-9d19820fe5c0,2026-06-06T17:30:00Z,2026-06-06T19:30:00+0200,1202.25,MW,DE,DE_LU,forecast_offshore_wind_generation,Wind Offshore,2026-07-05T23:38:26Z
2026-07-05T23:37:01Z,2026-07-06T01:37:01+0200,947116b8-3478-48df-97c2-9d19820fe5c0,2026-06-06T17:45:00Z,2026-06-06T19:45:00+0200,1313.24,MW,DE,DE_LU,forecast_offshore_wind_generation,Wind Offshore,2026-07-05T23:38:26Z
2026-07-05T23:37:01Z,2026-07-06T01:37:01+0200,947116b8-3478-48df-97c2-9d19820fe5c0,2026-06-06T18:00:00Z,2026-06-06T20:00:00+0200,1427.63,MW,DE,DE_LU,forecast_offshore_wind_generation,Wind Offshore,2026-07-05T23:38:26Z
2026-07-05T23:37:01Z,2026-07-06T01:37:01+0200,947116b8-3478-48df-97c2-9d19820fe5c0,2026-06-06T18:15:00Z,2026-06-06T20:15:00+0200,1535.45,MW,DE,DE_LU,forecast_offshore_wind_generation,Wind Offshore,2026-07-05T23:38:26Z
2026-07-05T23:37:01Z,2026-07-06T01:37:01+0200,947116b8-3478-48df-97c2-9d19820fe5c0,2026-06-06T18:30:00Z,2026-06-06T20:30:00+0200,1641.01,MW,DE,DE_LU,forecast_offshore_wind_generation,Wind Offshore,2026-07-05T23:38:26Z
2026-07-05T23:37:01Z,2026-07-06T01:37:01+0200,947116b8-3478-48df-97c2-9d19820fe5c0,2026-06-06T18:45:00Z,2026-06-06T20:45:00+0200,1750.42,MW,DE,DE_LU,forecast_offshore_wind_generation,Wind Offshore,2026-07-05T23:38:26Z
2026-07-05T23:37:01Z,2026-07-06T01:37:01+0200,947116b8-3478-48df-97c2-9d19820fe5c0,2026-06-06T19:00:00Z,2026-06-06T21:00:00+0200,1851.55,MW,DE,DE_LU,forecast_offshore_wind_generation,Wind Offshore,2026-07-05T23:38:26Z
2026-07-05T23:37:01Z,2026-07-06T01:37:01+0200,947116b8-3478-48df-97c2-9d19820fe5c0,2026-06-06T19:15:00Z,2026-06-06T21:15:00+0200,1965.01,MW,DE,DE_LU,forecast_offshore_wind_generation,Wind Offshore,2026-07-05T23:38:26Z
2026-07-05T23:37:01Z,2026-07-06T01:37:01+0200,947116b8-3478-48df-97c2-9d19820fe5c0,2026-06-06T19:30:00Z,2026-06-06T21:30:00+0200,2072.1,MW,DE,DE_LU,forecast_offshore_wind_generation,Wind Offshore,2026-07-05T23:38:26Z
2026-07-05T23:37:01Z,2026-07-06T01:37:01+0200,947116b8-3478-48df-97c2-9d19820fe5c0,2026-06-06T19:45:00Z,2026-06-06T21:45:00+0200,2168.26,MW,DE,DE_LU,forecast_offshore_wind_generation,Wind Offshore,2026-07-05T23:38:26Z
2026-07-05T23:37:01Z,2026-07-06T01:37:01+0200,947116b8-3478-48df-97c2-9d19820fe5c0,2026-06-06T20:00:00Z,2026-06-06T22:00:00+0200,2259.91,MW,DE,DE_LU,forecast_offshore_wind_generation,Wind Offshore,2026-07-05T23:38:26Z
2026-07-05T23:37:01Z,2026-07-06T01:37:01+0200,947116b8-3478-48df-97c2-9d19820fe5c0,2026-06-06T20:15:00Z,2026-06-06T22:15:00+0200,2380.29,MW,DE,DE_LU,forecast_offshore_wind_generation,Wind Offshore,2026-07-05T23:38:26Z
2026-07-05T23:37:01Z,2026-07-06T01:37:01+0200,947116b8-3478-48df-97c2-9d19820fe5c0,2026-06-06T20:30:00Z,2026-06-06T22:30:00+0200,2501.63,MW,DE,DE_LU,forecast_offshore_wind_generation,Wind Offshore,2026-07-05T23:38:26Z
2026-07-05T23:37:01Z,2026-07-06T01:37:01+0200,947116b8-3478-48df-97c2-9d19820fe5c0,2026-06-06T20:45:00Z,2026-06-06T22:45:00+0200,2618.66,MW,DE,DE_LU,forecast_offshore_wind_generation,Wind Offshore,2026-07-05T23:38:26Z
2026-07-05T23:37:01Z,2026-07-06T01:37:01+0200,947116b8-3478-48df-97c2-9d19820fe5c0,2026-06-06T21:00:00Z,2026-06-06T23:00:00+0200,2725.4,MW,DE,DE_LU,forecast_offshore_wind_generation,Wind Offshore,2026-07-05T23:38:26Z
2026-07-05T23:37:01Z,2026-07-06T01:37:01+0200,947116b8-3478-48df-97c2-9d19820fe5c0,2026-06-06T21:15:00Z,2026-06-06T23:15:00+0200,2836.38,MW,DE,DE_LU,forecast_offshore_wind_generation,Wind Offshore,2026-07-05T23:38:26Z
2026-07-05T23:37:01Z,2026-07-06T01:37:01+0200,947116b8-3478-48df-97c2-9d19820fe5c0,2026-06-06T21:30:00Z,2026-06-06T23:30:00+0200,2939.18,MW,DE,DE_LU,forecast_offshore_wind_generation,Wind Offshore,2026-07-05T23:38:26Z
2026-07-05T23:37:01Z,2026-07-06T01:37:01+0200,947116b8-3478-48df-97c2-9d19820fe5c0,2026-06-06T21:45:00Z,2026-06-06T23:45:00+0200,3034.51,MW,DE,DE_LU,forecast_offshore_wind_generation,Wind Offshore,2026-07-05T23:38:26Z
2026-07-05T23:37:01Z,2026-07-06T01:37:01+0200,947116b8-3478-48df-97c2-9d19820fe5c0,2026-06-06T22:00:00Z,2026-06-07T00:00:00+0200,3557.5,MW,DE,DE_LU,forecast_offshore_wind_generation,Wind Offshore,2026-07-05T23:38:26Z
2026-07-05T23:37:01Z,2026-07-06T01:37:01+0200,947116b8-3478-48df-97c2-9d19820fe5c0,2026-06-06T22:15:00Z,2026-06-07T00:15:00+0200,3654.52,MW,DE,DE_LU,forecast_offshore_wind_generation,Wind Offshore,2026-07-05T23:38:26Z
2026-07-05T23:37:01Z,2026-07-06T01:37:01+0200,947116b8-3478-48df-97c2-9d19820fe5c0,2026-06-06T22:30:00Z,2026-06-07T00:30:00+0200,3763.97,MW,DE,DE_LU,forecast_offshore_wind_generation,Wind Offshore,2026-07-05T23:38:26Z
2026-07-05T23:37:01Z,2026-07-06T01:37:01+0200,947116b8-3478-48df-97c2-9d19820fe5c0,2026-06-06T22:45:00Z,2026-06-07T00:45:00+0200,3861.72,MW,DE,DE_LU,forecast_offshore_wind_generation,Wind Offshore,2026-07-05T23:38:26Z
2026-07-05T23:37:01Z,2026-07-06T01:37:01+0200,947116b8-3478-48df-97c2-9d19820fe5c0,2026-06-06T23:00:00Z,2026-06-07T01:00:00+0200,3954.44,MW,DE,DE_LU,forecast_offshore_wind_generation,Wind Offshore,2026-07-05T23:38:26Z
2026-07-05T23:37:01Z,2026-07-06T01:37:01+0200,947116b8-3478-48df-97c2-9d19820fe5c0,2026-06-06T23:15:00Z,2026-06-07T01:15:00+0200,4018.19,MW,DE,DE_LU,forecast_offshore_wind_generation,Wind Offshore,2026-07-05T23:38:26Z
2026-07-05T23:37:01Z,2026-07-06T01:37:01+0200,947116b8-3478-48df-97c2-9d19820fe5c0,2026-06-06T23:30:00Z,2026-06-07T01:30:00+0200,4082.94,MW,DE,DE_LU,forecast_offshore_wind_generation,Wind Offshore,2026-07-05T23:38:26Z
2026-07-05T23:37:01Z,2026-07-06T01:37:01+0200,947116b8-3478-48df-97c2-9d19820fe5c0,2026-06-06T23:45:00Z,2026-06-07T01:45:00+0200,4146.67,MW,DE,DE_LU,forecast_offshore_wind_generation,Wind Offshore,2026-07-05T23:38:26Z
2026-07-05T23:37:01Z,2026-07-06T01:37:01+0200,947116b8-3478-48df-97c2-9d19820fe5c0,2026-06-07T00:00:00Z,2026-06-07T02:00:00+0200,4218.25,MW,DE,DE_LU,forecast_offshore_wind_generation,Wind Offshore,2026-07-05T23:38:26Z
2026-07-05T23:37:01Z,2026-07-06T01:37:01+0200,947116b8-3478-48df-97c2-9d19820fe5c0,2026-06-07T00:15:00Z,2026-06-07T02:15:00+0200,4313.32,MW,DE,DE_LU,forecast_offshore_wind_generation,Wind Offshore,2026-07-05T23:38:26Z
2026-07-05T23:37:01Z,2026-07-06T01:37:01+0200,947116b8-3478-48df-97c2-9d19820fe5c0,2026-06-07T00:30:00Z,2026-06-07T02:30:00+0200,4402.55,MW,DE,DE_LU,forecast_offshore_wind_generation,Wind Offshore,2026-07-05T23:38:26Z
2026-07-05T23:37:01Z,2026-07-06T01:37:01+0200,947116b8-3478-48df-97c2-9d19820fe5c0,2026-06-07T00:45:00Z,2026-06-07T02:45:00+0200,4502.99,MW,DE,DE_LU,forecast_offshore_wind_generation,Wind Offshore,2026-07-05T23:38:26Z
2026-07-05T23:37:01Z,2026-07-06T01:37:01+0200,947116b8-3478-48df-97c2-9d19820fe5c0,2026-06-07T01:00:00Z,2026-06-07T03:00:00+0200,4596.89,MW,DE,DE_LU,forecast_offshore_wind_generation,Wind Offshore,2026-07-05T23:38:26Z
2026-07-05T23:37:01Z,2026-07-06T01:37:01+0200,947116b8-3478-48df-97c2-9d19820fe5c0,2026-06-07T01:15:00Z,2026-06-07T03:15:00+0200,4706.42,MW,DE,DE_LU,forecast_offshore_wind_generation,Wind Offshore,2026-07-05T23:38:26Z
2026-07-05T23:37:01Z,2026-07-06T01:37:01+0200,947116b8-3478-48df-97c2-9d19820fe5c0,2026-06-07T01:30:00Z,2026-06-07T03:30:00+0200,4812.79,MW,DE,DE_LU,forecast_offshore_wind_generation,Wind Offshore,2026-07-05T23:38:26Z
2026-07-05T23:37:01Z,2026-07-06T01:37:01+0200,947116b8-3478-48df-97c2-9d19820fe5c0,2026-06-07T01:45:00Z,2026-06-07T03:45:00+0200,4910.34,MW,DE,DE_LU,forecast_offshore_wind_generation,Wind Offshore,2026-07-05T23:38:26Z
2026-07-05T23:37:01Z,2026-07-06T01:37:01+0200,947116b8-3478-48df-97c2-9d19820fe5c0,2026-06-07T02:00:00Z,2026-06-07T04:00:00+0200,4990.53,MW,DE,DE_LU,forecast_offshore_wind_generation,Wind Offshore,2026-07-05T23:38:26Z
2026-07-05T23:37:01Z,2026-07-06T01:37:01+0200,947116b8-3478-48df-97c2-9d19820fe5c0,2026-06-07T02:15:00Z,2026-06-07T04:15:00+0200,5026.94,MW,DE,DE_LU,forecast_offshore_wind_generation,Wind Offshore,2026-07-05T23:38:26Z
2026-07-05T23:37:01Z,2026-07-06T01:37:01+0200,947116b8-3478-48df-97c2-9d19820fe5c0,2026-06-07T02:30:00Z,2026-06-07T04:30:00+0200,5064.19,MW,DE,DE_LU,forecast_offshore_wind_generation,Wind Offshore,2026-07-05T23:38:26Z
2026-07-05T23:37:01Z,2026-07-06T01:37:01+0200,947116b8-3478-48df-97c2-9d19820fe5c0,2026-06-07T02:45:00Z,2026-06-07T04:45:00+0200,5097.49,MW,DE,DE_LU,forecast_offshore_wind_generation,Wind Offshore,2026-07-05T23:38:26Z
2026-07-05T23:37:01Z,2026-07-06T01:37:01+0200,947116b8-3478-48df-97c2-9d19820fe5c0,2026-06-07T03:00:00Z,2026-06-07T05:00:00+0200,5101.32,MW,DE,DE_LU,forecast_offshore_wind_generation,Wind Offshore,2026-07-05T23:38:26Z
2026-07-05T23:37:01Z,2026-07-06T01:37:01+0200,947116b8-3478-48df-97c2-9d19820fe5c0,2026-06-07T03:15:00Z,2026-06-07T05:15:00+0200,5071.19,MW,DE,DE_LU,forecast_offshore_wind_generation,Wind Offshore,2026-07-05T23:38:26Z
2026-07-05T23:37:01Z,2026-07-06T01:37:01+0200,947116b8-3478-48df-97c2-9d19820fe5c0,2026-06-07T03:30:00Z,2026-06-07T05:30:00+0200,5040.78,MW,DE,DE_LU,forecast_offshore_wind_generation,Wind Offshore,2026-07-05T23:38:26Z
2026-07-05T23:37:01Z,2026-07-06T01:37:01+0200,947116b8-3478-48df-97c2-9d19820fe5c0,2026-06-07T03:45:00Z,2026-06-07T05:45:00+0200,5002.61,MW,DE,DE_LU,forecast_offshore_wind_generation,Wind Offshore,2026-07-05T23:38:26Z
2026-07-05T23:37:01Z,2026-07-06T01:37:01+0200,947116b8-3478-48df-97c2-9d19820fe5c0,2026-06-07T04:00:00Z,2026-06-07T06:00:00+0200,4948.6,MW,DE,DE_LU,forecast_offshore_wind_generation,Wind Offshore,2026-07-05T23:38:26Z
2026-07-05T23:37:01Z,2026-07-06T01:37:01+0200,947116b8-3478-48df-97c2-9d19820fe5c0,2026-06-07T04:15:00Z,2026-06-07T06:15:00+0200,4848.49,MW,DE,DE_LU,forecast_offshore_wind_generation,Wind Offshore,2026-07-05T23:38:26Z
2026-07-05T23:37:01Z,2026-07-06T01:37:01+0200,947116b8-3478-48df-97c2-9d19820fe5c0,2026-06-07T04:30:00Z,2026-06-07T06:30:00+0200,4740.52,MW,DE,DE_LU,forecast_offshore_wind_generation,Wind Offshore,2026-07-05T23:38:26Z
2026-07-05T23:37:01Z,2026-07-06T01:37:01+0200,947116b8-3478-48df-97c2-9d19820fe5c0,2026-06-07T04:45:00Z,2026-06-07T06:45:00+0200,4626.33,MW,DE,DE_LU,forecast_offshore_wind_generation,Wind Offshore,2026-07-05T23:38:26Z
2026-07-05T23:37:01Z,2026-07-06T01:37:01+0200,947116b8-3478-48df-97c2-9d19820fe5c0,2026-06-07T05:00:00Z,2026-06-07T07:00:00+0200,4358.41,MW,DE,DE_LU,forecast_offshore_wind_generation,Wind Offshore,2026-07-05T23:38:26Z
2026-07-05T23:37:01Z,2026-07-06T01:37:01+0200,947116b8-3478-48df-97c2-9d19820fe5c0,2026-06-07T05:15:00Z,2026-06-07T07:15:00+0200,4333.44,MW,DE,DE_LU,forecast_offshore_wind_generation,Wind Offshore,2026-07-05T23:38:26Z
2026-07-05T23:37:01Z,2026-07-06T01:37:01+0200,947116b8-3478-48df-97c2-9d19820fe5c0,2026-06-07T05:30:00Z,2026-06-07T07:30:00+0200,4303.05,MW,DE,DE_LU,forecast_offshore_wind_generation,Wind Offshore,2026-07-05T23:38:26Z
2026-07-05T23:37:01Z,2026-07-06T01:37:01+0200,947116b8-3478-48df-97c2-9d19820fe5c0,2026-06-07T05:45:00Z,2026-06-07T07:45:00+0200,4277.02,MW,DE,DE_LU,forecast_offshore_wind_generation,Wind Offshore,2026-07-05T23:38:26Z
2026-07-05T23:37:01Z,2026-07-06T01:37:01+0200,947116b8-3478-48df-97c2-9d19820fe5c0,2026-06-07T06:00:00Z,2026-06-07T08:00:00+0200,2091.61,MW,DE,DE_LU,forecast_offshore_wind_generation,Wind Offshore,2026-07-05T23:38:26Z
2026-07-05T23:37:01Z,2026-07-06T01:37:01+0200,947116b8-3478-48df-97c2-9d19820fe5c0,2026-06-07T06:15:00Z,2026-06-07T08:15:00+0200,2076.11,MW,DE,DE_LU,forecast_offshore_wind_generation,Wind Offshore,2026-07-05T23:38:26Z
2026-07-05T23:37:01Z,2026-07-06T01:37:01+0200,947116b8-3478-48df-97c2-9d19820fe5c0,2026-06-07T06:30:00Z,2026-06-07T08:30:00+0200,2078.86,MW,DE,DE_LU,forecast_offshore_wind_generation,Wind Offshore,2026-07-05T23:38:26Z
2026-07-05T23:37:01Z,2026-07-06T01:37:01+0200,947116b8-3478-48df-97c2-9d19820fe5c0,2026-06-07T06:45:00Z,2026-06-07T08:45:00+0200,2077.17,MW,DE,DE_LU,forecast_offshore_wind_generation,Wind Offshore,2026-07-05T23:38:26Z
2026-07-05T23:37:01Z,2026-07-06T01:37:01+0200,947116b8-3478-48df-97c2-9d19820fe5c0,2026-06-07T07:00:00Z,2026-06-07T09:00:00+0200,2073.37,MW,DE,DE_LU,forecast_offshore_wind_generation,Wind Offshore,2026-07-05T23:38:26Z
2026-07-05T23:37:01Z,2026-07-06T01:37:01+0200,947116b8-3478-48df-97c2-9d19820fe5c0,2026-06-07T07:15:00Z,2026-06-07T09:15:00+0200,2073.49,MW,DE,DE_LU,forecast_offshore_wind_generation,Wind Offshore,2026-07-05T23:38:26Z
2026-07-05T23:37:01Z,2026-07-06T01:37:01+0200,947116b8-3478-48df-97c2-9d19820fe5c0,2026-06-07T07:30:00Z,2026-06-07T09:30:00+0200,2072.75,MW,DE,DE_LU,forecast_offshore_wind_generation,Wind Offshore,2026-07-05T23:38:26Z
2026-07-05T23:37:01Z,2026-07-06T01:37:01+0200,947116b8-3478-48df-97c2-9d19820fe5c0,2026-06-07T07:45:00Z,2026-06-07T09:45:00+0200,2072.77,MW,DE,DE_LU,forecast_offshore_wind_generation,Wind Offshore,2026-07-05T23:38:26Z
2026-07-05T23:37:01Z,2026-07-06T01:37:01+0200,947116b8-3478-48df-97c2-9d19820fe5c0,2026-06-07T08:00:00Z,2026-06-07T10:00:00+0200,2080.7,MW,DE,DE_LU,forecast_offshore_wind_generation,Wind Offshore,2026-07-05T23:38:26Z
2026-07-05T23:37:01Z,2026-07-06T01:37:01+0200,947116b8-3478-48df-97c2-9d19820fe5c0,2026-06-07T08:15:00Z,2026-06-07T10:15:00+0200,2100.0,MW,DE,DE_LU,forecast_offshore_wind_generation,Wind Offshore,2026-07-05T23:38:26Z
2026-07-05T23:37:01Z,2026-07-06T01:37:01+0200,947116b8-3478-48df-97c2-9d19820fe5c0,2026-06-07T08:30:00Z,2026-06-07T10:30:00+0200,2119.06,MW,DE,DE_LU,forecast_offshore_wind_generation,Wind Offshore,2026-07-05T23:38:26Z
2026-07-05T23:37:01Z,2026-07-06T01:37:01+0200,947116b8-3478-48df-97c2-9d19820fe5c0,2026-06-07T08:45:00Z,2026-06-07T10:45:00+0200,2135.72,MW,DE,DE_LU,forecast_offshore_wind_generation,Wind Offshore,2026-07-05T23:38:26Z
2026-07-05T23:37:01Z,2026-07-06T01:37:01+0200,947116b8-3478-48df-97c2-9d19820fe5c0,2026-06-07T09:00:00Z,2026-06-07T11:00:00+0200,2152.29,MW,DE,DE_LU,forecast_offshore_wind_generation,Wind Offshore,2026-07-05T23:38:26Z
2026-07-05T23:37:01Z,2026-07-06T01:37:01+0200,947116b8-3478-48df-97c2-9d19820fe5c0,2026-06-07T09:15:00Z,2026-06-07T11:15:00+0200,2162.94,MW,DE,DE_LU,forecast_offshore_wind_generation,Wind Offshore,2026-07-05T23:38:26Z
2026-07-05T23:37:01Z,2026-07-06T01:37:01+0200,947116b8-3478-48df-97c2-9d19820fe5c0,2026-06-07T09:30:00Z,2026-06-07T11:30:00+0200,2145.08,MW,DE,DE_LU,forecast_offshore_wind_generation,Wind Offshore,2026-07-05T23:38:26Z
2026-07-05T23:37:01Z,2026-07-06T01:37:01+0200,947116b8-3478-48df-97c2-9d19820fe5c0,2026-06-07T09:45:00Z,2026-06-07T11:45:00+0200,2159.75,MW,DE,DE_LU,forecast_offshore_wind_generation,Wind Offshore,2026-07-05T23:38:26Z
2026-07-05T23:37:01Z,2026-07-06T01:37:01+0200,947116b8-3478-48df-97c2-9d19820fe5c0,2026-06-07T10:00:00Z,2026-06-07T12:00:00+0200,2172.75,MW,DE,DE_LU,forecast_offshore_wind_generation,Wind Offshore,2026-07-05T23:38:26Z
2026-07-05T23:37:01Z,2026-07-06T01:37:01+0200,947116b8-3478-48df-97c2-9d19820fe5c0,2026-06-07T10:15:00Z,2026-06-07T12:15:00+0200,2191.62,MW,DE,DE_LU,forecast_offshore_wind_generation,Wind Offshore,2026-07-05T23:38:26Z
2026-07-05T23:37:01Z,2026-07-06T01:37:01+0200,947116b8-3478-48df-97c2-9d19820fe5c0,2026-06-07T10:30:00Z,2026-06-07T12:30:00+0200,2209.83,MW,DE,DE_LU,forecast_offshore_wind_generation,Wind Offshore,2026-07-05T23:38:26Z
2026-07-05T23:37:01Z,2026-07-06T01:37:01+0200,947116b8-3478-48df-97c2-9d19820fe5c0,2026-06-07T10:45:00Z,2026-06-07T12:45:00+0200,2229.26,MW,DE,DE_LU,forecast_offshore_wind_generation,Wind Offshore,2026-07-05T23:38:26Z
2026-07-05T23:37:01Z,2026-07-06T01:37:01+0200,947116b8-3478-48df-97c2-9d19820fe5c0,2026-06-07T11:00:00Z,2026-06-07T13:00:00+0200,2249.77,MW,DE,DE_LU,forecast_offshore_wind_generation,Wind Offshore,2026-07-05T23:38:26Z
2026-07-05T23:37:01Z,2026-07-06T01:37:01+0200,947116b8-3478-48df-97c2-9d19820fe5c0,2026-06-07T11:15:00Z,2026-06-07T13:15:00+0200,2255.91,MW,DE,DE_LU,forecast_offshore_wind_generation,Wind Offshore,2026-07-05T23:38:26Z
2026-07-05T23:37:01Z,2026-07-06T01:37:01+0200,947116b8-3478-48df-97c2-9d19820fe5c0,2026-06-07T11:30:00Z,2026-06-07T13:30:00+0200,2265.85,MW,DE,DE_LU,forecast_offshore_wind_generation,Wind Offshore,2026-07-05T23:38:26Z
2026-07-05T23:37:01Z,2026-07-06T01:37:01+0200,947116b8-3478-48df-97c2-9d19820fe5c0,2026-06-07T11:45:00Z,2026-06-07T13:45:00+0200,2278.6,MW,DE,DE_LU,forecast_offshore_wind_generation,Wind Offshore,2026-07-05T23:38:26Z
2026-07-05T23:37:01Z,2026-07-06T01:37:01+0200,947116b8-3478-48df-97c2-9d19820fe5c0,2026-06-07T12:00:00Z,2026-06-07T14:00:00+0200,2290.89,MW,DE,DE_LU,forecast_offshore_wind_generation,Wind Offshore,2026-07-05T23:38:26Z
2026-07-05T23:37:01Z,2026-07-06T01:37:01+0200,947116b8-3478-48df-97c2-9d19820fe5c0,2026-06-07T12:15:00Z,2026-06-07T14:15:00+0200,2310.42,MW,DE,DE_LU,forecast_offshore_wind_generation,Wind Offshore,2026-07-05T23:38:26Z
2026-07-05T23:37:01Z,2026-07-06T01:37:01+0200,947116b8-3478-48df-97c2-9d19820fe5c0,2026-06-07T12:30:00Z,2026-06-07T14:30:00+0200,2329.88,MW,DE,DE_LU,forecast_offshore_wind_generation,Wind Offshore,2026-07-05T23:38:26Z
2026-07-05T23:37:01Z,2026-07-06T01:37:01+0200,947116b8-3478-48df-97c2-9d19820fe5c0,2026-06-07T12:45:00Z,2026-06-07T14:45:00+0200,2350.41,MW,DE,DE_LU,forecast_offshore_wind_generation,Wind Offshore,2026-07-05T23:38:26Z
2026-07-05T23:37:01Z,2026-07-06T01:37:01+0200,947116b8-3478-48df-97c2-9d19820fe5c0,2026-06-07T13:00:00Z,2026-06-07T15:00:00+0200,2368.09,MW,DE,DE_LU,forecast_offshore_wind_generation,Wind Offshore,2026-07-05T23:38:26Z
2026-07-05T23:37:01Z,2026-07-06T01:37:01+0200,947116b8-3478-48df-97c2-9d19820fe5c0,2026-06-07T13:15:00Z,2026-06-07T15:15:00+0200,2375.89,MW,DE,DE_LU,forecast_offshore_wind_generation,Wind Offshore,2026-07-05T23:38:26Z
2026-07-05T23:37:01Z,2026-07-06T01:37:01+0200,947116b8-3478-48df-97c2-9d19820fe5c0,2026-06-07T13:30:00Z,2026-06-07T15:30:00+0200,2364.17,MW,DE,DE_LU,forecast_offshore_wind_generation,Wind Offshore,2026-07-05T23:38:26Z
2026-07-05T23:37:01Z,2026-07-06T01:37:01+0200,947116b8-3478-48df-97c2-9d19820fe5c0,2026-06-07T13:45:00Z,2026-06-07T15:45:00+0200,2373.6,MW,DE,DE_LU,forecast_offshore_wind_generation,Wind Offshore,2026-07-05T23:38:26Z
2026-07-05T23:37:01Z,2026-07-06T01:37:01+0200,947116b8-3478-48df-97c2-9d19820fe5c0,2026-06-07T14:00:00Z,2026-06-07T16:00:00+0200,2361.89,MW,DE,DE_LU,forecast_offshore_wind_generation,Wind Offshore,2026-07-05T23:38:26Z
2026-07-05T23:37:01Z,2026-07-06T01:37:01+0200,947116b8-3478-48df-97c2-9d19820fe5c0,2026-06-07T14:15:00Z,2026-06-07T16:15:00+0200,2358.9,MW,DE,DE_LU,forecast_offshore_wind_generation,Wind Offshore,2026-07-05T23:38:26Z
2026-07-05T23:37:01Z,2026-07-06T01:37:01+0200,947116b8-3478-48df-97c2-9d19820fe5c0,2026-06-07T14:30:00Z,2026-06-07T16:30:00+0200,2327.08,MW,DE,DE_LU,forecast_offshore_wind_generation,Wind Offshore,2026-07-05T23:38:26Z
2026-07-05T23:37:01Z,2026-07-06T01:37:01+0200,947116b8-3478-48df-97c2-9d19820fe5c0,2026-06-07T14:45:00Z,2026-06-07T16:45:00+0200,2325.86,MW,DE,DE_LU,forecast_offshore_wind_generation,Wind Offshore,2026-07-05T23:38:26Z
2026-07-05T23:37:01Z,2026-07-06T01:37:01+0200,947116b8-3478-48df-97c2-9d19820fe5c0,2026-06-07T15:00:00Z,2026-06-07T17:00:00+0200,2325.26,MW,DE,DE_LU,forecast_offshore_wind_generation,Wind Offshore,2026-07-05T23:38:26Z
2026-07-05T23:37:01Z,2026-07-06T01:37:01+0200,947116b8-3478-48df-97c2-9d19820fe5c0,2026-06-07T15:15:00Z,2026-06-07T17:15:00+0200,2294.11,MW,DE,DE_LU,forecast_offshore_wind_generation,Wind Offshore,2026-07-05T23:38:26Z
2026-07-05T23:37:01Z,2026-07-06T01:37:01+0200,947116b8-3478-48df-97c2-9d19820fe5c0,2026-06-07T15:30:00Z,2026-06-07T17:30:00+0200,2255.92,MW,DE,DE_LU,forecast_offshore_wind_generation,Wind Offshore,2026-07-05T23:38:26Z
2026-07-05T23:37:01Z,2026-07-06T01:37:01+0200,947116b8-3478-48df-97c2-9d19820fe5c0,2026-06-07T15:45:00Z,2026-06-07T17:45:00+0200,2222.82,MW,DE,DE_LU,forecast_offshore_wind_generation,Wind Offshore,2026-07-05T23:38:26Z
2026-07-05T23:37:01Z,2026-07-06T01:37:01+0200,947116b8-3478-48df-97c2-9d19820fe5c0,2026-06-07T16:00:00Z,2026-06-07T18:00:00+0200,4188.14,MW,DE,DE_LU,forecast_offshore_wind_generation,Wind Offshore,2026-07-05T23:38:26Z
2026-07-05T23:37:01Z,2026-07-06T01:37:01+0200,947116b8-3478-48df-97c2-9d19820fe5c0,2026-06-07T16:15:00Z,2026-06-07T18:15:00+0200,4110.99,MW,DE,DE_LU,forecast_offshore_wind_generation,Wind Offshore,2026-07-05T23:38:26Z
2026-07-05T23:37:01Z,2026-07-06T01:37:01+0200,947116b8-3478-48df-97c2-9d19820fe5c0,2026-06-07T16:30:00Z,2026-06-07T18:30:00+0200,4035.03,MW,DE,DE_LU,forecast_offshore_wind_generation,Wind Offshore,2026-07-05T23:38:26Z
2026-07-05T23:37:01Z,2026-07-06T01:37:01+0200,947116b8-3478-48df-97c2-9d19820fe5c0,2026-06-07T16:45:00Z,2026-06-07T18:45:00+0200,3947.48,MW,DE,DE_LU,forecast_offshore_wind_generation,Wind Offshore,2026-07-05T23:38:26Z
2026-07-05T23:37:01Z,2026-07-06T01:37:01+0200,947116b8-3478-48df-97c2-9d19820fe5c0,2026-06-07T17:00:00Z,2026-06-07T19:00:00+0200,3870.97,MW,DE,DE_LU,forecast_offshore_wind_generation,Wind Offshore,2026-07-05T23:38:26Z
2026-07-05T23:37:01Z,2026-07-06T01:37:01+0200,947116b8-3478-48df-97c2-9d19820fe5c0,2026-06-07T17:15:00Z,2026-06-07T19:15:00+0200,3833.88,MW,DE,DE_LU,forecast_offshore_wind_generation,Wind Offshore,2026-07-05T23:38:26Z
2026-07-05T23:37:01Z,2026-07-06T01:37:01+0200,947116b8-3478-48df-97c2-9d19820fe5c0,2026-06-07T17:30:00Z,2026-06-07T19:30:00+0200,3795.36,MW,DE,DE_LU,forecast_offshore_wind_generation,Wind Offshore,2026-07-05T23:38:26Z
2026-07-05T23:37:01Z,2026-07-06T01:37:01+0200,947116b8-3478-48df-97c2-9d19820fe5c0,2026-06-07T17:45:00Z,2026-06-07T19:45:00+0200,3778.48,MW,DE,DE_LU,forecast_offshore_wind_generation,Wind Offshore,2026-07-05T23:38:26Z
2026-07-05T23:37:01Z,2026-07-06T01:37:01+0200,947116b8-3478-48df-97c2-9d19820fe5c0,2026-06-07T18:00:00Z,2026-06-07T20:00:00+0200,3742.27,MW,DE,DE_LU,forecast_offshore_wind_generation,Wind Offshore,2026-07-05T23:38:26Z
2026-07-05T23:37:01Z,2026-07-06T01:37:01+0200,947116b8-3478-48df-97c2-9d19820fe5c0,2026-06-07T18:15:00Z,2026-06-07T20:15:00+0200,3698.53,MW,DE,DE_LU,forecast_offshore_wind_generation,Wind Offshore,2026-07-05T23:38:26Z
2026-07-05T23:37:01Z,2026-07-06T01:37:01+0200,947116b8-3478-48df-97c2-9d19820fe5c0,2026-06-07T18:30:00Z,2026-06-07T20:30:00+0200,3660.63,MW,DE,DE_LU,forecast_offshore_wind_generation,Wind Offshore,2026-07-05T23:38:26Z
2026-07-05T23:37:01Z,2026-07-06T01:37:01+0200,947116b8-3478-48df-97c2-9d19820fe5c0,2026-06-07T18:45:00Z,2026-06-07T20:45:00+0200,3631.88,MW,DE,DE_LU,forecast_offshore_wind_generation,Wind Offshore,2026-07-05T23:38:26Z
2026-07-05T23:37:01Z,2026-07-06T01:37:01+0200,947116b8-3478-48df-97c2-9d19820fe5c0,2026-06-07T19:00:00Z,2026-06-07T21:00:00+0200,3580.93,MW,DE,DE_LU,forecast_offshore_wind_generation,Wind Offshore,2026-07-05T23:38:26Z
2026-07-05T23:37:01Z,2026-07-06T01:37:01+0200,947116b8-3478-48df-97c2-9d19820fe5c0,2026-06-07T19:15:00Z,2026-06-07T21:15:00+0200,3541.44,MW,DE,DE_LU,forecast_offshore_wind_generation,Wind Offshore,2026-07-05T23:38:26Z
2026-07-05T23:37:01Z,2026-07-06T01:37:01+0200,947116b8-3478-48df-97c2-9d19820fe5c0,2026-06-07T19:30:00Z,2026-06-07T21:30:00+0200,3507.66,MW,DE,DE_LU,forecast_offshore_wind_generation,Wind Offshore,2026-07-05T23:38:26Z
2026-07-05T23:37:01Z,2026-07-06T01:37:01+0200,947116b8-3478-48df-97c2-9d19820fe5c0,2026-06-07T19:45:00Z,2026-06-07T21:45:00+0200,3469.26,MW,DE,DE_LU,forecast_offshore_wind_generation,Wind Offshore,2026-07-05T23:38:26Z
2026-07-05T23:37:01Z,2026-07-06T01:37:01+0200,947116b8-3478-48df-97c2-9d19820fe5c0,2026-06-07T20:00:00Z,2026-06-07T22:00:00+0200,3444.39,MW,DE,DE_LU,forecast_offshore_wind_generation,Wind Offshore,2026-07-05T23:38:26Z
2026-07-05T23:37:01Z,2026-07-06T01:37:01+0200,947116b8-3478-48df-97c2-9d19820fe5c0,2026-06-07T20:15:00Z,2026-06-07T22:15:00+0200,3437.41,MW,DE,DE_LU,forecast_offshore_wind_generation,Wind Offshore,2026-07-05T23:38:26Z
2026-07-05T23:37:01Z,2026-07-06T01:37:01+0200,947116b8-3478-48df-97c2-9d19820fe5c0,2026-06-07T20:30:00Z,2026-06-07T22:30:00+0200,3430.59,MW,DE,DE_LU,forecast_offshore_wind_generation,Wind Offshore,2026-07-05T23:38:26Z
2026-07-05T23:37:01Z,2026-07-06T01:37:01+0200,947116b8-3478-48df-97c2-9d19820fe5c0,2026-06-07T20:45:00Z,2026-06-07T22:45:00+0200,3419.64,MW,DE,DE_LU,forecast_offshore_wind_generation,Wind Offshore,2026-07-05T23:38:26Z
2026-07-05T23:37:01Z,2026-07-06T01:37:01+0200,947116b8-3478-48df-97c2-9d19820fe5c0,2026-06-07T21:00:00Z,2026-06-07T23:00:00+0200,3416.29,MW,DE,DE_LU,forecast_offshore_wind_generation,Wind Offshore,2026-07-05T23:38:26Z
2026-07-05T23:37:01Z,2026-07-06T01:37:01+0200,947116b8-3478-48df-97c2-9d19820fe5c0,2026-06-07T21:15:00Z,2026-06-07T23:15:00+0200,3428.78,MW,DE,DE_LU,forecast_offshore_wind_generation,Wind Offshore,2026-07-05T23:38:26Z
2026-07-05T23:37:01Z,2026-07-06T01:37:01+0200,947116b8-3478-48df-97c2-9d19820fe5c0,2026-06-07T21:30:00Z,2026-06-07T23:30:00+0200,3432.67,MW,DE,DE_LU,forecast_offshore_wind_generation,Wind Offshore,2026-07-05T23:38:26Z
2026-07-05T23:37:01Z,2026-07-06T01:37:01+0200,947116b8-3478-48df-97c2-9d19820fe5c0,2026-06-07T21:45:00Z,2026-06-07T23:45:00+0200,3443.39,MW,DE,DE_LU,forecast_offshore_wind_generation,Wind Offshore,2026-07-05T23:38:26Z
2026-07-05T23:37:01Z,2026-07-06T01:37:01+0200,947116b8-3478-48df-97c2-9d19820fe5c0,2026-06-07T22:00:00Z,2026-06-08T00:00:00+0200,3023.17,MW,DE,DE_LU,forecast_offshore_wind_generation,Wind Offshore,2026-07-05T23:38:26Z
2026-07-05T23:37:01Z,2026-07-06T01:37:01+0200,947116b8-3478-48df-97c2-9d19820fe5c0,2026-06-07T22:15:00Z,2026-06-08T00:15:00+0200,3006.28,MW,DE,DE_LU,forecast_offshore_wind_generation,Wind Offshore,2026-07-05T23:38:26Z
2026-07-05T23:37:01Z,2026-07-06T01:37:01+0200,947116b8-3478-48df-97c2-9d19820fe5c0,2026-06-07T22:30:00Z,2026-06-08T00:30:00+0200,2978.35,MW,DE,DE_LU,forecast_offshore_wind_generation,Wind Offshore,2026-07-05T23:38:26Z
2026-07-05T23:37:01Z,2026-07-06T01:37:01+0200,947116b8-3478-48df-97c2-9d19820fe5c0,2026-06-07T22:45:00Z,2026-06-08T00:45:00+0200,2950.47,MW,DE,DE_LU,forecast_offshore_wind_generation,Wind Offshore,2026-07-05T23:38:26Z
2026-07-05T23:37:01Z,2026-07-06T01:37:01+0200,947116b8-3478-48df-97c2-9d19820fe5c0,2026-06-07T23:00:00Z,2026-06-08T01:00:00+0200,2922.57,MW,DE,DE_LU,forecast_offshore_wind_generation,Wind Offshore,2026-07-05T23:38:26Z
2026-07-05T23:37:01Z,2026-07-06T01:37:01+0200,947116b8-3478-48df-97c2-9d19820fe5c0,2026-06-07T23:15:00Z,2026-06-08T01:15:00+0200,2907.08,MW,DE,DE_LU,forecast_offshore_wind_generation,Wind Offshore,2026-07-05T23:38:26Z
2026-07-05T23:37:01Z,2026-07-06T01:37:01+0200,947116b8-3478-48df-97c2-9d19820fe5c0,2026-06-07T23:30:00Z,2026-06-08T01:30:00+0200,2889.64,MW,DE,DE_LU,forecast_offshore_wind_generation,Wind Offshore,2026-07-05T23:38:26Z
2026-07-05T23:37:01Z,2026-07-06T01:37:01+0200,947116b8-3478-48df-97c2-9d19820fe5c0,2026-06-07T23:45:00Z,2026-06-08T01:45:00+0200,2871.23,MW,DE,DE_LU,forecast_offshore_wind_generation,Wind Offshore,2026-07-05T23:38:26Z
2026-07-05T23:37:01Z,2026-07-06T01:37:01+0200,947116b8-3478-48df-97c2-9d19820fe5c0,2026-06-08T00:00:00Z,2026-06-08T02:00:00+0200,2860.25,MW,DE,DE_LU,forecast_offshore_wind_generation,Wind Offshore,2026-07-05T23:38:26Z
2026-07-05T23:37:01Z,2026-07-06T01:37:01+0200,947116b8-3478-48df-97c2-9d19820fe5c0,2026-06-08T00:15:00Z,2026-06-08T02:15:00+0200,2875.0,MW,DE,DE_LU,forecast_offshore_wind_generation,Wind Offshore,2026-07-05T23:38:26Z
2026-07-05T23:37:01Z,2026-07-06T01:37:01+0200,947116b8-3478-48df-97c2-9d19820fe5c0,2026-06-08T00:30:00Z,2026-06-08T02:30:00+0200,2890.9,MW,DE,DE_LU,forecast_offshore_wind_generation,Wind Offshore,2026-07-05T23:38:26Z
2026-07-05T23:37:01Z,2026-07-06T01:37:01+0200,947116b8-3478-48df-97c2-9d19820fe5c0,2026-06-08T00:45:00Z,2026-06-08T02:45:00+0200,2907.04,MW,DE,DE_LU,forecast_offshore_wind_generation,Wind Offshore,2026-07-05T23:38:26Z
2026-07-05T23:37:01Z,2026-07-06T01:37:01+0200,947116b8-3478-48df-97c2-9d19820fe5c0,2026-06-08T01:00:00Z,2026-06-08T03:00:00+0200,2925.73,MW,DE,DE_LU,forecast_offshore_wind_generation,Wind Offshore,2026-07-05T23:38:26Z
2026-07-05T23:37:01Z,2026-07-06T01:37:01+0200,947116b8-3478-48df-97c2-9d19820fe5c0,2026-06-08T01:15:00Z,2026-06-08T03:15:00+0200,2958.89,MW,DE,DE_LU,forecast_offshore_wind_generation,Wind Offshore,2026-07-05T23:38:26Z
2026-07-05T23:37:01Z,2026-07-06T01:37:01+0200,947116b8-3478-48df-97c2-9d19820fe5c0,2026-06-08T01:30:00Z,2026-06-08T03:30:00+0200,2990.03,MW,DE,DE_LU,forecast_offshore_wind_generation,Wind Offshore,2026-07-05T23:38:26Z
2026-07-05T23:37:01Z,2026-07-06T01:37:01+0200,947116b8-3478-48df-97c2-9d19820fe5c0,2026-06-08T01:45:00Z,2026-06-08T03:45:00+0200,3024.48,MW,DE,DE_LU,forecast_offshore_wind_generation,Wind Offshore,2026-07-05T23:38:26Z
2026-07-05T23:37:01Z,2026-07-06T01:37:01+0200,947116b8-3478-48df-97c2-9d19820fe5c0,2026-06-08T02:00:00Z,2026-06-08T04:00:00+0200,3052.88,MW,DE,DE_LU,forecast_offshore_wind_generation,Wind Offshore,2026-07-05T23:38:26Z
2026-07-05T23:37:01Z,2026-07-06T01:37:01+0200,947116b8-3478-48df-97c2-9d19820fe5c0,2026-06-08T02:15:00Z,2026-06-08T04:15:00+0200,3058.76,MW,DE,DE_LU,forecast_offshore_wind_generation,Wind Offshore,2026-07-05T23:38:26Z
2026-07-05T23:37:01Z,2026-07-06T01:37:01+0200,947116b8-3478-48df-97c2-9d19820fe5c0,2026-06-08T02:30:00Z,2026-06-08T04:30:00+0200,3068.7,MW,DE,DE_LU,forecast_offshore_wind_generation,Wind Offshore,2026-07-05T23:38:26Z
2026-07-05T23:37:01Z,2026-07-06T01:37:01+0200,947116b8-3478-48df-97c2-9d19820fe5c0,2026-06-08T02:45:00Z,2026-06-08T04:45:00+0200,3072.22,MW,DE,DE_LU,forecast_offshore_wind_generation,Wind Offshore,2026-07-05T23:38:26Z
2026-07-05T23:37:01Z,2026-07-06T01:37:01+0200,947116b8-3478-48df-97c2-9d19820fe5c0,2026-06-08T03:00:00Z,2026-06-08T05:00:00+0200,3079.04,MW,DE,DE_LU,forecast_offshore_wind_generation,Wind Offshore,2026-07-05T23:38:26Z
2026-07-05T23:37:01Z,2026-07-06T01:37:01+0200,947116b8-3478-48df-97c2-9d19820fe5c0,2026-06-08T03:15:00Z,2026-06-08T05:15:00+0200,3084.46,MW,DE,DE_LU,forecast_offshore_wind_generation,Wind Offshore,2026-07-05T23:38:26Z
2026-07-05T23:37:01Z,2026-07-06T01:37:01+0200,947116b8-3478-48df-97c2-9d19820fe5c0,2026-06-08T03:30:00Z,2026-06-08T05:30:00+0200,3092.5,MW,DE,DE_LU,forecast_offshore_wind_generation,Wind Offshore,2026-07-05T23:38:26Z
2026-07-05T23:37:01Z,2026-07-06T01:37:01+0200,947116b8-3478-48df-97c2-9d19820fe5c0,2026-06-08T03:45:00Z,2026-06-08T05:45:00+0200,3101.27,MW,DE,DE_LU,forecast_offshore_wind_generation,Wind Offshore,2026-07-05T23:38:26Z
2026-07-05T23:37:01Z,2026-07-06T01:37:01+0200,947116b8-3478-48df-97c2-9d19820fe5c0,2026-06-08T04:00:00Z,2026-06-08T06:00:00+0200,3099.07,MW,DE,DE_LU,forecast_offshore_wind_generation,Wind Offshore,2026-07-05T23:38:26Z
2026-07-05T23:37:01Z,2026-07-06T01:37:01+0200,947116b8-3478-48df-97c2-9d19820fe5c0,2026-06-08T04:15:00Z,2026-06-08T06:15:00+0200,3058.0,MW,DE,DE_LU,forecast_offshore_wind_generation,Wind Offshore,2026-07-05T23:38:26Z
2026-07-05T23:37:01Z,2026-07-06T01:37:01+0200,947116b8-3478-48df-97c2-9d19820fe5c0,2026-06-08T04:30:00Z,2026-06-08T06:30:00+0200,3019.88,MW,DE,DE_LU,forecast_offshore_wind_generation,Wind Offshore,2026-07-05T23:38:26Z
2026-07-05T23:37:01Z,2026-07-06T01:37:01+0200,947116b8-3478-48df-97c2-9d19820fe5c0,2026-06-08T04:45:00Z,2026-06-08T06:45:00+0200,2980.57,MW,DE,DE_LU,forecast_offshore_wind_generation,Wind Offshore,2026-07-05T23:38:26Z
2026-07-05T23:37:01Z,2026-07-06T01:37:01+0200,947116b8-3478-48df-97c2-9d19820fe5c0,2026-06-08T05:00:00Z,2026-06-08T07:00:00+0200,2937.05,MW,DE,DE_LU,forecast_offshore_wind_generation,Wind Offshore,2026-07-05T23:38:26Z
2026-07-05T23:37:01Z,2026-07-06T01:37:01+0200,947116b8-3478-48df-97c2-9d19820fe5c0,2026-06-08T05:15:00Z,2026-06-08T07:15:00+0200,2914.14,MW,DE,DE_LU,forecast_offshore_wind_generation,Wind Offshore,2026-07-05T23:38:26Z
2026-07-05T23:37:01Z,2026-07-06T01:37:01+0200,947116b8-3478-48df-97c2-9d19820fe5c0,2026-06-08T05:30:00Z,2026-06-08T07:30:00+0200,2870.42,MW,DE,DE_LU,forecast_offshore_wind_generation,Wind Offshore,2026-07-05T23:38:26Z
2026-07-05T23:37:01Z,2026-07-06T01:37:01+0200,947116b8-3478-48df-97c2-9d19820fe5c0,2026-06-08T05:45:00Z,2026-06-08T07:45:00+0200,2847.85,MW,DE,DE_LU,forecast_offshore_wind_generation,Wind Offshore,2026-07-05T23:38:26Z
2026-07-05T23:37:01Z,2026-07-06T01:37:01+0200,947116b8-3478-48df-97c2-9d19820fe5c0,2026-06-08T06:00:00Z,2026-06-08T08:00:00+0200,2812.9,MW,DE,DE_LU,forecast_offshore_wind_generation,Wind Offshore,2026-07-05T23:38:26Z
2026-07-05T23:37:01Z,2026-07-06T01:37:01+0200,947116b8-3478-48df-97c2-9d19820fe5c0,2026-06-08T06:15:00Z,2026-06-08T08:15:00+0200,2773.74,MW,DE,DE_LU,forecast_offshore_wind_generation,Wind Offshore,2026-07-05T23:38:26Z
2026-07-05T23:37:01Z,2026-07-06T01:37:01+0200,947116b8-3478-48df-97c2-9d19820fe5c0,2026-06-08T06:30:00Z,2026-06-08T08:30:00+0200,2739.11,MW,DE,DE_LU,forecast_offshore_wind_generation,Wind Offshore,2026-07-05T23:38:26Z
2026-07-05T23:37:01Z,2026-07-06T01:37:01+0200,947116b8-3478-48df-97c2-9d19820fe5c0,2026-06-08T06:45:00Z,2026-06-08T08:45:00+0200,2701.48,MW,DE,DE_LU,forecast_offshore_wind_generation,Wind Offshore,2026-07-05T23:38:26Z
2026-07-05T23:37:01Z,2026-07-06T01:37:01+0200,947116b8-3478-48df-97c2-9d19820fe5c0,2026-06-08T07:00:00Z,2026-06-08T09:00:00+0200,2656.84,MW,DE,DE_LU,forecast_offshore_wind_generation,Wind Offshore,2026-07-05T23:38:26Z
2026-07-05T23:37:01Z,2026-07-06T01:37:01+0200,947116b8-3478-48df-97c2-9d19820fe5c0,2026-06-08T07:15:00Z,2026-06-08T09:15:00+0200,2583.34,MW,DE,DE_LU,forecast_offshore_wind_generation,Wind Offshore,2026-07-05T23:38:26Z
2026-07-05T23:37:01Z,2026-07-06T01:37:01+0200,947116b8-3478-48df-97c2-9d19820fe5c0,2026-06-08T07:30:00Z,2026-06-08T09:30:00+0200,2445.1,MW,DE,DE_LU,forecast_offshore_wind_generation,Wind Offshore,2026-07-05T23:38:26Z
2026-07-05T23:37:01Z,2026-07-06T01:37:01+0200,947116b8-3478-48df-97c2-9d19820fe5c0,2026-06-08T07:45:00Z,2026-06-08T09:45:00+0200,2379.98,MW,DE,DE_LU,forecast_offshore_wind_generation,Wind Offshore,2026-07-05T23:38:26Z
2026-07-05T23:37:01Z,2026-07-06T01:37:01+0200,947116b8-3478-48df-97c2-9d19820fe5c0,2026-06-08T08:00:00Z,2026-06-08T10:00:00+0200,2313.83,MW,DE,DE_LU,forecast_offshore_wind_generation,Wind Offshore,2026-07-05T23:38:26Z
2026-07-05T23:37:01Z,2026-07-06T01:37:01+0200,947116b8-3478-48df-97c2-9d19820fe5c0,2026-06-08T08:15:00Z,2026-06-08T10:15:00+0200,2239.29,MW,DE,DE_LU,forecast_offshore_wind_generation,Wind Offshore,2026-07-05T23:38:26Z
2026-07-05T23:37:01Z,2026-07-06T01:37:01+0200,947116b8-3478-48df-97c2-9d19820fe5c0,2026-06-08T08:30:00Z,2026-06-08T10:30:00+0200,2157.92,MW,DE,DE_LU,forecast_offshore_wind_generation,Wind Offshore,2026-07-05T23:38:26Z
2026-07-05T23:37:01Z,2026-07-06T01:37:01+0200,947116b8-3478-48df-97c2-9d19820fe5c0,2026-06-08T08:45:00Z,2026-06-08T10:45:00+0200,2077.0,MW,DE,DE_LU,forecast_offshore_wind_generation,Wind Offshore,2026-07-05T23:38:26Z
2026-07-05T23:37:01Z,2026-07-06T01:37:01+0200,947116b8-3478-48df-97c2-9d19820fe5c0,2026-06-08T09:00:00Z,2026-06-08T11:00:00+0200,1994.68,MW,DE,DE_LU,forecast_offshore_wind_generation,Wind Offshore,2026-07-05T23:38:26Z
2026-07-05T23:37:01Z,2026-07-06T01:37:01+0200,947116b8-3478-48df-97c2-9d19820fe5c0,2026-06-08T09:15:00Z,2026-06-08T11:15:00+0200,1913.63,MW,DE,DE_LU,forecast_offshore_wind_generation,Wind Offshore,2026-07-05T23:38:26Z
2026-07-05T23:37:01Z,2026-07-06T01:37:01+0200,947116b8-3478-48df-97c2-9d19820fe5c0,2026-06-08T09:30:00Z,2026-06-08T11:30:00+0200,1756.91,MW,DE,DE_LU,forecast_offshore_wind_generation,Wind Offshore,2026-07-05T23:38:26Z
2026-07-05T23:37:01Z,2026-07-06T01:37:01+0200,947116b8-3478-48df-97c2-9d19820fe5c0,2026-06-08T09:45:00Z,2026-06-08T11:45:00+0200,1669.18,MW,DE,DE_LU,forecast_offshore_wind_generation,Wind Offshore,2026-07-05T23:38:26Z
2026-07-05T23:37:01Z,2026-07-06T01:37:01+0200,947116b8-3478-48df-97c2-9d19820fe5c0,2026-06-08T10:00:00Z,2026-06-08T12:00:00+0200,1605.51,MW,DE,DE_LU,forecast_offshore_wind_generation,Wind Offshore,2026-07-05T23:38:26Z
2026-07-05T23:37:01Z,2026-07-06T01:37:01+0200,947116b8-3478-48df-97c2-9d19820fe5c0,2026-06-08T10:15:00Z,2026-06-08T12:15:00+0200,1554.93,MW,DE,DE_LU,forecast_offshore_wind_generation,Wind Offshore,2026-07-05T23:38:26Z
2026-07-05T23:37:01Z,2026-07-06T01:37:01+0200,947116b8-3478-48df-97c2-9d19820fe5c0,2026-06-08T10:30:00Z,2026-06-08T12:30:00+0200,1505.99,MW,DE,DE_LU,forecast_offshore_wind_generation,Wind Offshore,2026-07-05T23:38:26Z
2026-07-05T23:37:01Z,2026-07-06T01:37:01+0200,947116b8-3478-48df-97c2-9d19820fe5c0,2026-06-08T10:45:00Z,2026-06-08T12:45:00+0200,1457.18,MW,DE,DE_LU,forecast_offshore_wind_generation,Wind Offshore,2026-07-05T23:38:26Z
2026-07-05T23:37:01Z,2026-07-06T01:37:01+0200,947116b8-3478-48df-97c2-9d19820fe5c0,2026-06-08T11:00:00Z,2026-06-08T13:00:00+0200,1413.47,MW,DE,DE_LU,forecast_offshore_wind_generation,Wind Offshore,2026-07-05T23:38:26Z
2026-07-05T23:37:01Z,2026-07-06T01:37:01+0200,947116b8-3478-48df-97c2-9d19820fe5c0,2026-06-08T11:15:00Z,2026-06-08T13:15:00+0200,1397.77,MW,DE,DE_LU,forecast_offshore_wind_generation,Wind Offshore,2026-07-05T23:38:26Z
2026-07-05T23:37:01Z,2026-07-06T01:37:01+0200,947116b8-3478-48df-97c2-9d19820fe5c0,2026-06-08T11:30:00Z,2026-06-08T13:30:00+0200,1376.03,MW,DE,DE_LU,forecast_offshore_wind_generation,Wind Offshore,2026-07-05T23:38:26Z
2026-07-05T23:37:01Z,2026-07-06T01:37:01+0200,947116b8-3478-48df-97c2-9d19820fe5c0,2026-06-08T11:45:00Z,2026-06-08T13:45:00+0200,1360.03,MW,DE,DE_LU,forecast_offshore_wind_generation,Wind Offshore,2026-07-05T23:38:26Z
2026-07-05T23:37:01Z,2026-07-06T01:37:01+0200,947116b8-3478-48df-97c2-9d19820fe5c0,2026-06-08T12:00:00Z,2026-06-08T14:00:00+0200,1342.27,MW,DE,DE_LU,forecast_offshore_wind_generation,Wind Offshore,2026-07-05T23:38:26Z
2026-07-05T23:37:01Z,2026-07-06T01:37:01+0200,947116b8-3478-48df-97c2-9d19820fe5c0,2026-06-08T12:15:00Z,2026-06-08T14:15:00+0200,1317.38,MW,DE,DE_LU,forecast_offshore_wind_generation,Wind Offshore,2026-07-05T23:38:26Z
2026-07-05T23:37:01Z,2026-07-06T01:37:01+0200,947116b8-3478-48df-97c2-9d19820fe5c0,2026-06-08T12:30:00Z,2026-06-08T14:30:00+0200,1291.28,MW,DE,DE_LU,forecast_offshore_wind_generation,Wind Offshore,2026-07-05T23:38:26Z
2026-07-05T23:37:01Z,2026-07-06T01:37:01+0200,947116b8-3478-48df-97c2-9d19820fe5c0,2026-06-08T12:45:00Z,2026-06-08T14:45:00+0200,1261.7,MW,DE,DE_LU,forecast_offshore_wind_generation,Wind Offshore,2026-07-05T23:38:26Z
2026-07-05T23:37:01Z,2026-07-06T01:37:01+0200,947116b8-3478-48df-97c2-9d19820fe5c0,2026-06-08T13:00:00Z,2026-06-08T15:00:00+0200,1241.1,MW,DE,DE_LU,forecast_offshore_wind_generation,Wind Offshore,2026-07-05T23:38:26Z
2026-07-05T23:37:01Z,2026-07-06T01:37:01+0200,947116b8-3478-48df-97c2-9d19820fe5c0,2026-06-08T13:15:00Z,2026-06-08T15:15:00+0200,1244.97,MW,DE,DE_LU,forecast_offshore_wind_generation,Wind Offshore,2026-07-05T23:38:26Z
2026-07-05T23:37:01Z,2026-07-06T01:37:01+0200,947116b8-3478-48df-97c2-9d19820fe5c0,2026-06-08T13:30:00Z,2026-06-08T15:30:00+0200,1243.02,MW,DE,DE_LU,forecast_offshore_wind_generation,Wind Offshore,2026-07-05T23:38:26Z
2026-07-05T23:37:01Z,2026-07-06T01:37:01+0200,947116b8-3478-48df-97c2-9d19820fe5c0,2026-06-08T13:45:00Z,2026-06-08T15:45:00+0200,1244.24,MW,DE,DE_LU,forecast_offshore_wind_generation,Wind Offshore,2026-07-05T23:38:26Z
2026-07-05T23:37:01Z,2026-07-06T01:37:01+0200,947116b8-3478-48df-97c2-9d19820fe5c0,2026-06-08T14:00:00Z,2026-06-08T16:00:00+0200,1263.88,MW,DE,DE_LU,forecast_offshore_wind_generation,Wind Offshore,2026-07-05T23:38:26Z
2026-07-05T23:37:01Z,2026-07-06T01:37:01+0200,947116b8-3478-48df-97c2-9d19820fe5c0,2026-06-08T14:15:00Z,2026-06-08T16:15:00+0200,1276.22,MW,DE,DE_LU,forecast_offshore_wind_generation,Wind Offshore,2026-07-05T23:38:26Z
2026-07-05T23:37:01Z,2026-07-06T01:37:01+0200,947116b8-3478-48df-97c2-9d19820fe5c0,2026-06-08T14:30:00Z,2026-06-08T16:30:00+0200,1293.58,MW,DE,DE_LU,forecast_offshore_wind_generation,Wind Offshore,2026-07-05T23:38:26Z
2026-07-05T23:37:01Z,2026-07-06T01:37:01+0200,947116b8-3478-48df-97c2-9d19820fe5c0,2026-06-08T14:45:00Z,2026-06-08T16:45:00+0200,1305.04,MW,DE,DE_LU,forecast_offshore_wind_generation,Wind Offshore,2026-07-05T23:38:26Z
2026-07-05T23:37:01Z,2026-07-06T01:37:01+0200,947116b8-3478-48df-97c2-9d19820fe5c0,2026-06-08T15:00:00Z,2026-06-08T17:00:00+0200,1326.03,MW,DE,DE_LU,forecast_offshore_wind_generation,Wind Offshore,2026-07-05T23:38:26Z
2026-07-05T23:37:01Z,2026-07-06T01:37:01+0200,947116b8-3478-48df-97c2-9d19820fe5c0,2026-06-08T15:15:00Z,2026-06-08T17:15:00+0200,1337.33,MW,DE,DE_LU,forecast_offshore_wind_generation,Wind Offshore,2026-07-05T23:38:26Z
2026-07-05T23:37:01Z,2026-07-06T01:37:01+0200,947116b8-3478-48df-97c2-9d19820fe5c0,2026-06-08T15:30:00Z,2026-06-08T17:30:00+0200,1346.75,MW,DE,DE_LU,forecast_offshore_wind_generation,Wind Offshore,2026-07-05T23:38:26Z
2026-07-05T23:37:01Z,2026-07-06T01:37:01+0200,947116b8-3478-48df-97c2-9d19820fe5c0,2026-06-08T15:45:00Z,2026-06-08T17:45:00+0200,1350.56,MW,DE,DE_LU,forecast_offshore_wind_generation,Wind Offshore,2026-07-05T23:38:26Z
2026-07-05T23:37:01Z,2026-07-06T01:37:01+0200,947116b8-3478-48df-97c2-9d19820fe5c0,2026-06-08T16:00:00Z,2026-06-08T18:00:00+0200,1361.87,MW,DE,DE_LU,forecast_offshore_wind_generation,Wind Offshore,2026-07-05T23:38:26Z
2026-07-05T23:37:01Z,2026-07-06T01:37:01+0200,947116b8-3478-48df-97c2-9d19820fe5c0,2026-06-08T16:15:00Z,2026-06-08T18:15:00+0200,1373.69,MW,DE,DE_LU,forecast_offshore_wind_generation,Wind Offshore,2026-07-05T23:38:26Z
2026-07-05T23:37:01Z,2026-07-06T01:37:01+0200,947116b8-3478-48df-97c2-9d19820fe5c0,2026-06-08T16:30:00Z,2026-06-08T18:30:00+0200,1384.84,MW,DE,DE_LU,forecast_offshore_wind_generation,Wind Offshore,2026-07-05T23:38:26Z
2026-07-05T23:37:01Z,2026-07-06T01:37:01+0200,947116b8-3478-48df-97c2-9d19820fe5c0,2026-06-08T16:45:00Z,2026-06-08T18:45:00+0200,1409.49,MW,DE,DE_LU,forecast_offshore_wind_generation,Wind Offshore,2026-07-05T23:38:26Z
2026-07-05T23:37:01Z,2026-07-06T01:37:01+0200,947116b8-3478-48df-97c2-9d19820fe5c0,2026-06-08T17:00:00Z,2026-06-08T19:00:00+0200,1416.0,MW,DE,DE_LU,forecast_offshore_wind_generation,Wind Offshore,2026-07-05T23:38:26Z
2026-07-05T23:37:01Z,2026-07-06T01:37:01+0200,947116b8-3478-48df-97c2-9d19820fe5c0,2026-06-08T17:15:00Z,2026-06-08T19:15:00+0200,1410.75,MW,DE,DE_LU,forecast_offshore_wind_generation,Wind Offshore,2026-07-05T23:38:26Z
2026-07-05T23:37:01Z,2026-07-06T01:37:01+0200,947116b8-3478-48df-97c2-9d19820fe5c0,2026-06-08T17:30:00Z,2026-06-08T19:30:00+0200,1401.54,MW,DE,DE_LU,forecast_offshore_wind_generation,Wind Offshore,2026-07-05T23:38:26Z
2026-07-05T23:37:01Z,2026-07-06T01:37:01+0200,947116b8-3478-48df-97c2-9d19820fe5c0,2026-06-08T17:45:00Z,2026-06-08T19:45:00+0200,1391.74,MW,DE,DE_LU,forecast_offshore_wind_generation,Wind Offshore,2026-07-05T23:38:26Z
2026-07-05T23:37:01Z,2026-07-06T01:37:01+0200,947116b8-3478-48df-97c2-9d19820fe5c0,2026-06-08T18:00:00Z,2026-06-08T20:00:00+0200,1376.12,MW,DE,DE_LU,forecast_offshore_wind_generation,Wind Offshore,2026-07-05T23:38:26Z
2026-07-05T23:37:01Z,2026-07-06T01:37:01+0200,947116b8-3478-48df-97c2-9d19820fe5c0,2026-06-08T18:15:00Z,2026-06-08T20:15:00+0200,1358.47,MW,DE,DE_LU,forecast_offshore_wind_generation,Wind Offshore,2026-07-05T23:38:26Z
2026-07-05T23:37:01Z,2026-07-06T01:37:01+0200,947116b8-3478-48df-97c2-9d19820fe5c0,2026-06-08T18:30:00Z,2026-06-08T20:30:00+0200,1344.1,MW,DE,DE_LU,forecast_offshore_wind_generation,Wind Offshore,2026-07-05T23:38:26Z
2026-07-05T23:37:01Z,2026-07-06T01:37:01+0200,947116b8-3478-48df-97c2-9d19820fe5c0,2026-06-08T18:45:00Z,2026-06-08T20:45:00+0200,1328.25,MW,DE,DE_LU,forecast_offshore_wind_generation,Wind Offshore,2026-07-05T23:38:26Z
2026-07-05T23:37:01Z,2026-07-06T01:37:01+0200,947116b8-3478-48df-97c2-9d19820fe5c0,2026-06-08T19:00:00Z,2026-06-08T21:00:00+0200,1316.41,MW,DE,DE_LU,forecast_offshore_wind_generation,Wind Offshore,2026-07-05T23:38:26Z
2026-07-05T23:37:01Z,2026-07-06T01:37:01+0200,947116b8-3478-48df-97c2-9d19820fe5c0,2026-06-08T19:15:00Z,2026-06-08T21:15:00+0200,1317.13,MW,DE,DE_LU,forecast_offshore_wind_generation,Wind Offshore,2026-07-05T23:38:26Z
2026-07-05T23:37:01Z,2026-07-06T01:37:01+0200,947116b8-3478-48df-97c2-9d19820fe5c0,2026-06-08T19:30:00Z,2026-06-08T21:30:00+0200,1310.63,MW,DE,DE_LU,forecast_offshore_wind_generation,Wind Offshore,2026-07-05T23:38:26Z
2026-07-05T23:37:01Z,2026-07-06T01:37:01+0200,947116b8-3478-48df-97c2-9d19820fe5c0,2026-06-08T19:45:00Z,2026-06-08T21:45:00+0200,1309.08,MW,DE,DE_LU,forecast_offshore_wind_generation,Wind Offshore,2026-07-05T23:38:26Z
2026-07-05T23:37:01Z,2026-07-06T01:37:01+0200,947116b8-3478-48df-97c2-9d19820fe5c0,2026-06-08T20:00:00Z,2026-06-08T22:00:00+0200,1321.12,MW,DE,DE_LU,forecast_offshore_wind_generation,Wind Offshore,2026-07-05T23:38:26Z
2026-07-05T23:37:01Z,2026-07-06T01:37:01+0200,947116b8-3478-48df-97c2-9d19820fe5c0,2026-06-08T20:15:00Z,2026-06-08T22:15:00+0200,1387.65,MW,DE,DE_LU,forecast_offshore_wind_generation,Wind Offshore,2026-07-05T23:38:26Z
2026-07-05T23:37:01Z,2026-07-06T01:37:01+0200,947116b8-3478-48df-97c2-9d19820fe5c0,2026-06-08T20:30:00Z,2026-06-08T22:30:00+0200,1461.05,MW,DE,DE_LU,forecast_offshore_wind_generation,Wind Offshore,2026-07-05T23:38:26Z
2026-07-05T23:37:01Z,2026-07-06T01:37:01+0200,947116b8-3478-48df-97c2-9d19820fe5c0,2026-06-08T20:45:00Z,2026-06-08T22:45:00+0200,1527.39,MW,DE,DE_LU,forecast_offshore_wind_generation,Wind Offshore,2026-07-05T23:38:26Z
2026-07-05T23:37:01Z,2026-07-06T01:37:01+0200,947116b8-3478-48df-97c2-9d19820fe5c0,2026-06-08T21:00:00Z,2026-06-08T23:00:00+0200,1608.72,MW,DE,DE_LU,forecast_offshore_wind_generation,Wind Offshore,2026-07-05T23:38:26Z
2026-07-05T23:37:01Z,2026-07-06T01:37:01+0200,947116b8-3478-48df-97c2-9d19820fe5c0,2026-06-08T21:15:00Z,2026-06-08T23:15:00+0200,1734.23,MW,DE,DE_LU,forecast_offshore_wind_generation,Wind Offshore,2026-07-05T23:38:26Z
2026-07-05T23:37:01Z,2026-07-06T01:37:01+0200,947116b8-3478-48df-97c2-9d19820fe5c0,2026-06-08T21:30:00Z,2026-06-08T23:30:00+0200,1855.05,MW,DE,DE_LU,forecast_offshore_wind_generation,Wind Offshore,2026-07-05T23:38:26Z
2026-07-05T23:37:01Z,2026-07-06T01:37:01+0200,947116b8-3478-48df-97c2-9d19820fe5c0,2026-06-08T21:45:00Z,2026-06-08T23:45:00+0200,1977.99,MW,DE,DE_LU,forecast_offshore_wind_generation,Wind Offshore,2026-07-05T23:38:26Z
2026-07-05T23:37:01Z,2026-07-06T01:37:01+0200,947116b8-3478-48df-97c2-9d19820fe5c0,2026-06-08T22:00:00Z,2026-06-09T00:00:00+0200,1968.88,MW,DE,DE_LU,forecast_offshore_wind_generation,Wind Offshore,2026-07-05T23:38:26Z
2026-07-05T23:37:01Z,2026-07-06T01:37:01+0200,947116b8-3478-48df-97c2-9d19820fe5c0,2026-06-08T22:15:00Z,2026-06-09T00:15:00+0200,2108.96,MW,DE,DE_LU,forecast_offshore_wind_generation,Wind Offshore,2026-07-05T23:38:26Z
2026-07-05T23:37:01Z,2026-07-06T01:37:01+0200,947116b8-3478-48df-97c2-9d19820fe5c0,2026-06-08T22:30:00Z,2026-06-09T00:30:00+0200,2241.84,MW,DE,DE_LU,forecast_offshore_wind_generation,Wind Offshore,2026-07-05T23:38:26Z
2026-07-05T23:37:01Z,2026-07-06T01:37:01+0200,947116b8-3478-48df-97c2-9d19820fe5c0,2026-06-08T22:45:00Z,2026-06-09T00:45:00+0200,2380.04,MW,DE,DE_LU,forecast_offshore_wind_generation,Wind Offshore,2026-07-05T23:38:26Z
2026-07-05T23:37:01Z,2026-07-06T01:37:01+0200,947116b8-3478-48df-97c2-9d19820fe5c0,2026-06-08T23:00:00Z,2026-06-09T01:00:00+0200,2519.72,MW,DE,DE_LU,forecast_offshore_wind_generation,Wind Offshore,2026-07-05T23:38:26Z
2026-07-05T23:37:01Z,2026-07-06T01:37:01+0200,947116b8-3478-48df-97c2-9d19820fe5c0,2026-06-08T23:15:00Z,2026-06-09T01:15:00+0200,2658.36,MW,DE,DE_LU,forecast_offshore_wind_generation,Wind Offshore,2026-07-05T23:38:26Z
2026-07-05T23:37:01Z,2026-07-06T01:37:01+0200,947116b8-3478-48df-97c2-9d19820fe5c0,2026-06-08T23:30:00Z,2026-06-09T01:30:00+0200,2791.81,MW,DE,DE_LU,forecast_offshore_wind_generation,Wind Offshore,2026-07-05T23:38:26Z
2026-07-05T23:37:01Z,2026-07-06T01:37:01+0200,947116b8-3478-48df-97c2-9d19820fe5c0,2026-06-08T23:45:00Z,2026-06-09T01:45:00+0200,2924.6,MW,DE,DE_LU,forecast_offshore_wind_generation,Wind Offshore,2026-07-05T23:38:26Z
2026-07-05T23:37:01Z,2026-07-06T01:37:01+0200,947116b8-3478-48df-97c2-9d19820fe5c0,2026-06-09T00:00:00Z,2026-06-09T02:00:00+0200,3053.45,MW,DE,DE_LU,forecast_offshore_wind_generation,Wind Offshore,2026-07-05T23:38:26Z
2026-07-05T23:37:01Z,2026-07-06T01:37:01+0200,947116b8-3478-48df-97c2-9d19820fe5c0,2026-06-09T00:15:00Z,2026-06-09T02:15:00+0200,3169.29,MW,DE,DE_LU,forecast_offshore_wind_generation,Wind Offshore,2026-07-05T23:38:26Z
2026-07-05T23:37:01Z,2026-07-06T01:37:01+0200,947116b8-3478-48df-97c2-9d19820fe5c0,2026-06-09T00:30:00Z,2026-06-09T02:30:00+0200,3278.99,MW,DE,DE_LU,forecast_offshore_wind_generation,Wind Offshore,2026-07-05T23:38:26Z
2026-07-05T23:37:01Z,2026-07-06T01:37:01+0200,947116b8-3478-48df-97c2-9d19820fe5c0,2026-06-09T00:45:00Z,2026-06-09T02:45:00+0200,3390.11,MW,DE,DE_LU,forecast_offshore_wind_generation,Wind Offshore,2026-07-05T23:38:26Z
2026-07-05T23:37:01Z,2026-07-06T01:37:01+0200,947116b8-3478-48df-97c2-9d19820fe5c0,2026-06-09T01:00:00Z,2026-06-09T03:00:00+0200,3501.17,MW,DE,DE_LU,forecast_offshore_wind_generation,Wind Offshore,2026-07-05T23:38:26Z
2026-07-05T23:37:01Z,2026-07-06T01:37:01+0200,947116b8-3478-48df-97c2-9d19820fe5c0,2026-06-09T01:15:00Z,2026-06-09T03:15:00+0200,3592.36,MW,DE,DE_LU,forecast_offshore_wind_generation,Wind Offshore,2026-07-05T23:38:26Z
2026-07-05T23:37:01Z,2026-07-06T01:37:01+0200,947116b8-3478-48df-97c2-9d19820fe5c0,2026-06-09T01:30:00Z,2026-06-09T03:30:00+0200,3683.54,MW,DE,DE_LU,forecast_offshore_wind_generation,Wind Offshore,2026-07-05T23:38:26Z
2026-07-05T23:37:01Z,2026-07-06T01:37:01+0200,947116b8-3478-48df-97c2-9d19820fe5c0,2026-06-09T01:45:00Z,2026-06-09T03:45:00+0200,3757.3,MW,DE,DE_LU,forecast_offshore_wind_generation,Wind Offshore,2026-07-05T23:38:26Z
2026-07-05T23:37:01Z,2026-07-06T01:37:01+0200,947116b8-3478-48df-97c2-9d19820fe5c0,2026-06-09T02:00:00Z,2026-06-09T04:00:00+0200,3826.77,MW,DE,DE_LU,forecast_offshore_wind_generation,Wind Offshore,2026-07-05T23:38:26Z
2026-07-05T23:37:01Z,2026-07-06T01:37:01+0200,947116b8-3478-48df-97c2-9d19820fe5c0,2026-06-09T02:15:00Z,2026-06-09T04:15:00+0200,3892.97,MW,DE,DE_LU,forecast_offshore_wind_generation,Wind Offshore,2026-07-05T23:38:26Z
2026-07-05T23:37:01Z,2026-07-06T01:37:01+0200,947116b8-3478-48df-97c2-9d19820fe5c0,2026-06-09T02:30:00Z,2026-06-09T04:30:00+0200,3955.25,MW,DE,DE_LU,forecast_offshore_wind_generation,Wind Offshore,2026-07-05T23:38:26Z
2026-07-05T23:37:01Z,2026-07-06T01:37:01+0200,947116b8-3478-48df-97c2-9d19820fe5c0,2026-06-09T02:45:00Z,2026-06-09T04:45:00+0200,4021.97,MW,DE,DE_LU,forecast_offshore_wind_generation,Wind Offshore,2026-07-05T23:38:26Z
2026-07-05T23:37:01Z,2026-07-06T01:37:01+0200,947116b8-3478-48df-97c2-9d19820fe5c0,2026-06-09T03:00:00Z,2026-06-09T05:00:00+0200,4065.34,MW,DE,DE_LU,forecast_offshore_wind_generation,Wind Offshore,2026-07-05T23:38:26Z
2026-07-05T23:37:01Z,2026-07-06T01:37:01+0200,947116b8-3478-48df-97c2-9d19820fe5c0,2026-06-09T03:15:00Z,2026-06-09T05:15:00+0200,4029.15,MW,DE,DE_LU,forecast_offshore_wind_generation,Wind Offshore,2026-07-05T23:38:26Z
2026-07-05T23:37:01Z,2026-07-06T01:37:01+0200,947116b8-3478-48df-97c2-9d19820fe5c0,2026-06-09T03:30:00Z,2026-06-09T05:30:00+0200,3993.18,MW,DE,DE_LU,forecast_offshore_wind_generation,Wind Offshore,2026-07-05T23:38:26Z
2026-07-05T23:37:01Z,2026-07-06T01:37:01+0200,947116b8-3478-48df-97c2-9d19820fe5c0,2026-06-09T03:45:00Z,2026-06-09T05:45:00+0200,3949.3,MW,DE,DE_LU,forecast_offshore_wind_generation,Wind Offshore,2026-07-05T23:38:26Z
2026-07-05T23:37:01Z,2026-07-06T01:37:01+0200,947116b8-3478-48df-97c2-9d19820fe5c0,2026-06-09T04:00:00Z,2026-06-09T06:00:00+0200,3895.83,MW,DE,DE_LU,forecast_offshore_wind_generation,Wind Offshore,2026-07-05T23:38:26Z
2026-07-05T23:37:01Z,2026-07-06T01:37:01+0200,947116b8-3478-48df-97c2-9d19820fe5c0,2026-06-09T04:15:00Z,2026-06-09T06:15:00+0200,3838.1,MW,DE,DE_LU,forecast_offshore_wind_generation,Wind Offshore,2026-07-05T23:38:26Z
2026-07-05T23:37:01Z,2026-07-06T01:37:01+0200,947116b8-3478-48df-97c2-9d19820fe5c0,2026-06-09T04:30:00Z,2026-06-09T06:30:00+0200,3770.65,MW,DE,DE_LU,forecast_offshore_wind_generation,Wind Offshore,2026-07-05T23:38:26Z
2026-07-05T23:37:01Z,2026-07-06T01:37:01+0200,947116b8-3478-48df-97c2-9d19820fe5c0,2026-06-09T04:45:00Z,2026-06-09T06:45:00+0200,3705.44,MW,DE,DE_LU,forecast_offshore_wind_generation,Wind Offshore,2026-07-05T23:38:26Z
2026-07-05T23:37:01Z,2026-07-06T01:37:01+0200,947116b8-3478-48df-97c2-9d19820fe5c0,2026-06-09T05:00:00Z,2026-06-09T07:00:00+0200,3635.5,MW,DE,DE_LU,forecast_offshore_wind_generation,Wind Offshore,2026-07-05T23:38:26Z
2026-07-05T23:37:01Z,2026-07-06T01:37:01+0200,947116b8-3478-48df-97c2-9d19820fe5c0,2026-06-09T05:15:00Z,2026-06-09T07:15:00+0200,3546.9,MW,DE,DE_LU,forecast_offshore_wind_generation,Wind Offshore,2026-07-05T23:38:26Z
2026-07-05T23:37:01Z,2026-07-06T01:37:01+0200,947116b8-3478-48df-97c2-9d19820fe5c0,2026-06-09T05:30:00Z,2026-06-09T07:30:00+0200,3416.94,MW,DE,DE_LU,forecast_offshore_wind_generation,Wind Offshore,2026-07-05T23:38:26Z
2026-07-05T23:37:01Z,2026-07-06T01:37:01+0200,947116b8-3478-48df-97c2-9d19820fe5c0,2026-06-09T05:45:00Z,2026-06-09T07:45:00+0200,3327.17,MW,DE,DE_LU,forecast_offshore_wind_generation,Wind Offshore,2026-07-05T23:38:26Z
2026-07-05T23:37:01Z,2026-07-06T01:37:01+0200,947116b8-3478-48df-97c2-9d19820fe5c0,2026-06-09T06:00:00Z,2026-06-09T08:00:00+0200,3158.08,MW,DE,DE_LU,forecast_offshore_wind_generation,Wind Offshore,2026-07-05T23:38:26Z
2026-07-05T23:37:01Z,2026-07-06T01:37:01+0200,947116b8-3478-48df-97c2-9d19820fe5c0,2026-06-09T06:15:00Z,2026-06-09T08:15:00+0200,3109.75,MW,DE,DE_LU,forecast_offshore_wind_generation,Wind Offshore,2026-07-05T23:38:26Z
2026-07-05T23:37:01Z,2026-07-06T01:37:01+0200,947116b8-3478-48df-97c2-9d19820fe5c0,2026-06-09T06:30:00Z,2026-06-09T08:30:00+0200,3062.17,MW,DE,DE_LU,forecast_offshore_wind_generation,Wind Offshore,2026-07-05T23:38:26Z
2026-07-05T23:37:01Z,2026-07-06T01:37:01+0200,947116b8-3478-48df-97c2-9d19820fe5c0,2026-06-09T06:45:00Z,2026-06-09T08:45:00+0200,3021.1,MW,DE,DE_LU,forecast_offshore_wind_generation,Wind Offshore,2026-07-05T23:38:26Z
2026-07-05T23:37:01Z,2026-07-06T01:37:01+0200,947116b8-3478-48df-97c2-9d19820fe5c0,2026-06-09T07:00:00Z,2026-06-09T09:00:00+0200,2969.56,MW,DE,DE_LU,forecast_offshore_wind_generation,Wind Offshore,2026-07-05T23:38:26Z
2026-07-05T23:37:01Z,2026-07-06T01:37:01+0200,947116b8-3478-48df-97c2-9d19820fe5c0,2026-06-09T07:15:00Z,2026-06-09T09:15:00+0200,2873.15,MW,DE,DE_LU,forecast_offshore_wind_generation,Wind Offshore,2026-07-05T23:38:26Z
2026-07-05T23:37:01Z,2026-07-06T01:37:01+0200,947116b8-3478-48df-97c2-9d19820fe5c0,2026-06-09T07:30:00Z,2026-06-09T09:30:00+0200,2837.44,MW,DE,DE_LU,forecast_offshore_wind_generation,Wind Offshore,2026-07-05T23:38:26Z
2026-07-05T23:37:01Z,2026-07-06T01:37:01+0200,947116b8-3478-48df-97c2-9d19820fe5c0,2026-06-09T07:45:00Z,2026-06-09T09:45:00+0200,2795.61,MW,DE,DE_LU,forecast_offshore_wind_generation,Wind Offshore,2026-07-05T23:38:26Z
2026-07-05T23:37:01Z,2026-07-06T01:37:01+0200,947116b8-3478-48df-97c2-9d19820fe5c0,2026-06-09T08:00:00Z,2026-06-09T10:00:00+0200,2774.17,MW,DE,DE_LU,forecast_offshore_wind_generation,Wind Offshore,2026-07-05T23:38:26Z
2026-07-05T23:37:01Z,2026-07-06T01:37:01+0200,947116b8-3478-48df-97c2-9d19820fe5c0,2026-06-09T08:15:00Z,2026-06-09T10:15:00+0200,2830.38,MW,DE,DE_LU,forecast_offshore_wind_generation,Wind Offshore,2026-07-05T23:38:26Z
2026-07-05T23:37:01Z,2026-07-06T01:37:01+0200,947116b8-3478-48df-97c2-9d19820fe5c0,2026-06-09T08:30:00Z,2026-06-09T10:30:00+0200,2861.84,MW,DE,DE_LU,forecast_offshore_wind_generation,Wind Offshore,2026-07-05T23:38:26Z
2026-07-05T23:37:01Z,2026-07-06T01:37:01+0200,947116b8-3478-48df-97c2-9d19820fe5c0,2026-06-09T08:45:00Z,2026-06-09T10:45:00+0200,2915.54,MW,DE,DE_LU,forecast_offshore_wind_generation,Wind Offshore,2026-07-05T23:38:26Z
2026-07-05T23:37:01Z,2026-07-06T01:37:01+0200,947116b8-3478-48df-97c2-9d19820fe5c0,2026-06-09T09:00:00Z,2026-06-09T11:00:00+0200,2978.7,MW,DE,DE_LU,forecast_offshore_wind_generation,Wind Offshore,2026-07-05T23:38:26Z
2026-07-05T23:37:01Z,2026-07-06T01:37:01+0200,947116b8-3478-48df-97c2-9d19820fe5c0,2026-06-09T09:15:00Z,2026-06-09T11:15:00+0200,3087.13,MW,DE,DE_LU,forecast_offshore_wind_generation,Wind Offshore,2026-07-05T23:38:26Z
2026-07-05T23:37:01Z,2026-07-06T01:37:01+0200,947116b8-3478-48df-97c2-9d19820fe5c0,2026-06-09T09:30:00Z,2026-06-09T11:30:00+0200,3183.5,MW,DE,DE_LU,forecast_offshore_wind_generation,Wind Offshore,2026-07-05T23:38:26Z
2026-07-05T23:37:01Z,2026-07-06T01:37:01+0200,947116b8-3478-48df-97c2-9d19820fe5c0,2026-06-09T09:45:00Z,2026-06-09T11:45:00+0200,3253.57,MW,DE,DE_LU,forecast_offshore_wind_generation,Wind Offshore,2026-07-05T23:38:26Z
2026-07-05T23:37:01Z,2026-07-06T01:37:01+0200,947116b8-3478-48df-97c2-9d19820fe5c0,2026-06-09T10:00:00Z,2026-06-09T12:00:00+0200,3329.93,MW,DE,DE_LU,forecast_offshore_wind_generation,Wind Offshore,2026-07-05T23:38:26Z
2026-07-05T23:37:01Z,2026-07-06T01:37:01+0200,947116b8-3478-48df-97c2-9d19820fe5c0,2026-06-09T10:15:00Z,2026-06-09T12:15:00+0200,3386.23,MW,DE,DE_LU,forecast_offshore_wind_generation,Wind Offshore,2026-07-05T23:38:26Z
2026-07-05T23:37:01Z,2026-07-06T01:37:01+0200,947116b8-3478-48df-97c2-9d19820fe5c0,2026-06-09T10:30:00Z,2026-06-09T12:30:00+0200,3446.29,MW,DE,DE_LU,forecast_offshore_wind_generation,Wind Offshore,2026-07-05T23:38:26Z
2026-07-05T23:37:01Z,2026-07-06T01:37:01+0200,947116b8-3478-48df-97c2-9d19820fe5c0,2026-06-09T10:45:00Z,2026-06-09T12:45:00+0200,3505.16,MW,DE,DE_LU,forecast_offshore_wind_generation,Wind Offshore,2026-07-05T23:38:26Z
2026-07-05T23:37:01Z,2026-07-06T01:37:01+0200,947116b8-3478-48df-97c2-9d19820fe5c0,2026-06-09T11:00:00Z,2026-06-09T13:00:00+0200,3549.26,MW,DE,DE_LU,forecast_offshore_wind_generation,Wind Offshore,2026-07-05T23:38:26Z
2026-07-05T23:37:01Z,2026-07-06T01:37:01+0200,947116b8-3478-48df-97c2-9d19820fe5c0,2026-06-09T11:15:00Z,2026-06-09T13:15:00+0200,3584.71,MW,DE,DE_LU,forecast_offshore_wind_generation,Wind Offshore,2026-07-05T23:38:26Z
2026-07-05T23:37:01Z,2026-07-06T01:37:01+0200,947116b8-3478-48df-97c2-9d19820fe5c0,2026-06-09T11:30:00Z,2026-06-09T13:30:00+0200,3615.57,MW,DE,DE_LU,forecast_offshore_wind_generation,Wind Offshore,2026-07-05T23:38:26Z
2026-07-05T23:37:01Z,2026-07-06T01:37:01+0200,947116b8-3478-48df-97c2-9d19820fe5c0,2026-06-09T11:45:00Z,2026-06-09T13:45:00+0200,3645.57,MW,DE,DE_LU,forecast_offshore_wind_generation,Wind Offshore,2026-07-05T23:38:26Z
2026-07-05T23:37:01Z,2026-07-06T01:37:01+0200,947116b8-3478-48df-97c2-9d19820fe5c0,2026-06-09T12:00:00Z,2026-06-09T14:00:00+0200,3666.38,MW,DE,DE_LU,forecast_offshore_wind_generation,Wind Offshore,2026-07-05T23:38:26Z
2026-07-05T23:37:01Z,2026-07-06T01:37:01+0200,947116b8-3478-48df-97c2-9d19820fe5c0,2026-06-09T12:15:00Z,2026-06-09T14:15:00+0200,3678.85,MW,DE,DE_LU,forecast_offshore_wind_generation,Wind Offshore,2026-07-05T23:38:26Z
2026-07-05T23:37:01Z,2026-07-06T01:37:01+0200,947116b8-3478-48df-97c2-9d19820fe5c0,2026-06-09T12:30:00Z,2026-06-09T14:30:00+0200,3696.08,MW,DE,DE_LU,forecast_offshore_wind_generation,Wind Offshore,2026-07-05T23:38:26Z
2026-07-05T23:37:01Z,2026-07-06T01:37:01+0200,947116b8-3478-48df-97c2-9d19820fe5c0,2026-06-09T12:45:00Z,2026-06-09T14:45:00+0200,3715.45,MW,DE,DE_LU,forecast_offshore_wind_generation,Wind Offshore,2026-07-05T23:38:26Z
2026-07-05T23:37:01Z,2026-07-06T01:37:01+0200,947116b8-3478-48df-97c2-9d19820fe5c0,2026-06-09T13:00:00Z,2026-06-09T15:00:00+0200,3771.33,MW,DE,DE_LU,forecast_offshore_wind_generation,Wind Offshore,2026-07-05T23:38:26Z
2026-07-05T23:37:01Z,2026-07-06T01:37:01+0200,947116b8-3478-48df-97c2-9d19820fe5c0,2026-06-09T13:15:00Z,2026-06-09T15:15:00+0200,3777.62,MW,DE,DE_LU,forecast_offshore_wind_generation,Wind Offshore,2026-07-05T23:38:26Z
2026-07-05T23:37:01Z,2026-07-06T01:37:01+0200,947116b8-3478-48df-97c2-9d19820fe5c0,2026-06-09T13:30:00Z,2026-06-09T15:30:00+0200,3787.95,MW,DE,DE_LU,forecast_offshore_wind_generation,Wind Offshore,2026-07-05T23:38:26Z
2026-07-05T23:37:01Z,2026-07-06T01:37:01+0200,947116b8-3478-48df-97c2-9d19820fe5c0,2026-06-09T13:45:00Z,2026-06-09T15:45:00+0200,3800.11,MW,DE,DE_LU,forecast_offshore_wind_generation,Wind Offshore,2026-07-05T23:38:26Z
2026-07-05T23:37:01Z,2026-07-06T01:37:01+0200,947116b8-3478-48df-97c2-9d19820fe5c0,2026-06-09T14:00:00Z,2026-06-09T16:00:00+0200,3826.85,MW,DE,DE_LU,forecast_offshore_wind_generation,Wind Offshore,2026-07-05T23:38:26Z
2026-07-05T23:37:01Z,2026-07-06T01:37:01+0200,947116b8-3478-48df-97c2-9d19820fe5c0,2026-06-09T14:15:00Z,2026-06-09T16:15:00+0200,3814.45,MW,DE,DE_LU,forecast_offshore_wind_generation,Wind Offshore,2026-07-05T23:38:26Z
2026-07-05T23:37:01Z,2026-07-06T01:37:01+0200,947116b8-3478-48df-97c2-9d19820fe5c0,2026-06-09T14:30:00Z,2026-06-09T16:30:00+0200,3802.52,MW,DE,DE_LU,forecast_offshore_wind_generation,Wind Offshore,2026-07-05T23:38:26Z
2026-07-05T23:37:01Z,2026-07-06T01:37:01+0200,947116b8-3478-48df-97c2-9d19820fe5c0,2026-06-09T14:45:00Z,2026-06-09T16:45:00+0200,3789.16,MW,DE,DE_LU,forecast_offshore_wind_generation,Wind Offshore,2026-07-05T23:38:26Z
2026-07-05T23:37:01Z,2026-07-06T01:37:01+0200,947116b8-3478-48df-97c2-9d19820fe5c0,2026-06-09T15:00:00Z,2026-06-09T17:00:00+0200,3801.18,MW,DE,DE_LU,forecast_offshore_wind_generation,Wind Offshore,2026-07-05T23:38:26Z
2026-07-05T23:37:01Z,2026-07-06T01:37:01+0200,947116b8-3478-48df-97c2-9d19820fe5c0,2026-06-09T15:15:00Z,2026-06-09T17:15:00+0200,3752.68,MW,DE,DE_LU,forecast_offshore_wind_generation,Wind Offshore,2026-07-05T23:38:26Z
2026-07-05T23:37:01Z,2026-07-06T01:37:01+0200,947116b8-3478-48df-97c2-9d19820fe5c0,2026-06-09T15:30:00Z,2026-06-09T17:30:00+0200,3697.86,MW,DE,DE_LU,forecast_offshore_wind_generation,Wind Offshore,2026-07-05T23:38:26Z
2026-07-05T23:37:01Z,2026-07-06T01:37:01+0200,947116b8-3478-48df-97c2-9d19820fe5c0,2026-06-09T15:45:00Z,2026-06-09T17:45:00+0200,3630.04,MW,DE,DE_LU,forecast_offshore_wind_generation,Wind Offshore,2026-07-05T23:38:26Z
2026-07-05T23:37:01Z,2026-07-06T01:37:01+0200,947116b8-3478-48df-97c2-9d19820fe5c0,2026-06-09T16:00:00Z,2026-06-09T18:00:00+0200,3576.67,MW,DE,DE_LU,forecast_offshore_wind_generation,Wind Offshore,2026-07-05T23:38:26Z
2026-07-05T23:37:01Z,2026-07-06T01:37:01+0200,947116b8-3478-48df-97c2-9d19820fe5c0,2026-06-09T16:15:00Z,2026-06-09T18:15:00+0200,3518.72,MW,DE,DE_LU,forecast_offshore_wind_generation,Wind Offshore,2026-07-05T23:38:26Z
2026-07-05T23:37:01Z,2026-07-06T01:37:01+0200,947116b8-3478-48df-97c2-9d19820fe5c0,2026-06-09T16:30:00Z,2026-06-09T18:30:00+0200,3448.02,MW,DE,DE_LU,forecast_offshore_wind_generation,Wind Offshore,2026-07-05T23:38:26Z
2026-07-05T23:37:01Z,2026-07-06T01:37:01+0200,947116b8-3478-48df-97c2-9d19820fe5c0,2026-06-09T16:45:00Z,2026-06-09T18:45:00+0200,3419.81,MW,DE,DE_LU,forecast_offshore_wind_generation,Wind Offshore,2026-07-05T23:38:26Z
2026-07-05T23:37:01Z,2026-07-06T01:37:01+0200,947116b8-3478-48df-97c2-9d19820fe5c0,2026-06-09T17:00:00Z,2026-06-09T19:00:00+0200,3357.53,MW,DE,DE_LU,forecast_offshore_wind_generation,Wind Offshore,2026-07-05T23:38:26Z
2026-07-05T23:37:01Z,2026-07-06T01:37:01+0200,947116b8-3478-48df-97c2-9d19820fe5c0,2026-06-09T17:15:00Z,2026-06-09T19:15:00+0200,3330.43,MW,DE,DE_LU,forecast_offshore_wind_generation,Wind Offshore,2026-07-05T23:38:26Z
2026-07-05T23:37:01Z,2026-07-06T01:37:01+0200,947116b8-3478-48df-97c2-9d19820fe5c0,2026-06-09T17:30:00Z,2026-06-09T19:30:00+0200,3303.25,MW,DE,DE_LU,forecast_offshore_wind_generation,Wind Offshore,2026-07-05T23:38:26Z
2026-07-05T23:37:01Z,2026-07-06T01:37:01+0200,947116b8-3478-48df-97c2-9d19820fe5c0,2026-06-09T17:45:00Z,2026-06-09T19:45:00+0200,3244.94,MW,DE,DE_LU,forecast_offshore_wind_generation,Wind Offshore,2026-07-05T23:38:26Z
2026-07-05T23:37:01Z,2026-07-06T01:37:01+0200,947116b8-3478-48df-97c2-9d19820fe5c0,2026-06-09T18:00:00Z,2026-06-09T20:00:00+0200,3192.82,MW,DE,DE_LU,forecast_offshore_wind_generation,Wind Offshore,2026-07-05T23:38:26Z
2026-07-05T23:37:01Z,2026-07-06T01:37:01+0200,947116b8-3478-48df-97c2-9d19820fe5c0,2026-06-09T18:15:00Z,2026-06-09T20:15:00+0200,3157.44,MW,DE,DE_LU,forecast_offshore_wind_generation,Wind Offshore,2026-07-05T23:38:26Z
2026-07-05T23:37:01Z,2026-07-06T01:37:01+0200,947116b8-3478-48df-97c2-9d19820fe5c0,2026-06-09T18:30:00Z,2026-06-09T20:30:00+0200,3131.11,MW,DE,DE_LU,forecast_offshore_wind_generation,Wind Offshore,2026-07-05T23:38:26Z
2026-07-05T23:37:01Z,2026-07-06T01:37:01+0200,947116b8-3478-48df-97c2-9d19820fe5c0,2026-06-09T18:45:00Z,2026-06-09T20:45:00+0200,3113.15,MW,DE,DE_LU,forecast_offshore_wind_generation,Wind Offshore,2026-07-05T23:38:26Z
2026-07-05T23:37:01Z,2026-07-06T01:37:01+0200,947116b8-3478-48df-97c2-9d19820fe5c0,2026-06-09T19:00:00Z,2026-06-09T21:00:00+0200,3114.53,MW,DE,DE_LU,forecast_offshore_wind_generation,Wind Offshore,2026-07-05T23:38:26Z
2026-07-05T23:37:01Z,2026-07-06T01:37:01+0200,947116b8-3478-48df-97c2-9d19820fe5c0,2026-06-09T19:15:00Z,2026-06-09T21:15:00+0200,3140.67,MW,DE,DE_LU,forecast_offshore_wind_generation,Wind Offshore,2026-07-05T23:38:26Z
2026-07-05T23:37:01Z,2026-07-06T01:37:01+0200,947116b8-3478-48df-97c2-9d19820fe5c0,2026-06-09T19:30:00Z,2026-06-09T21:30:00+0200,3160.27,MW,DE,DE_LU,forecast_offshore_wind_generation,Wind Offshore,2026-07-05T23:38:26Z
2026-07-05T23:37:01Z,2026-07-06T01:37:01+0200,947116b8-3478-48df-97c2-9d19820fe5c0,2026-06-09T19:45:00Z,2026-06-09T21:45:00+0200,3169.22,MW,DE,DE_LU,forecast_offshore_wind_generation,Wind Offshore,2026-07-05T23:38:26Z
2026-07-05T23:37:01Z,2026-07-06T01:37:01+0200,947116b8-3478-48df-97c2-9d19820fe5c0,2026-06-09T20:00:00Z,2026-06-09T22:00:00+0200,3195.69,MW,DE,DE_LU,forecast_offshore_wind_generation,Wind Offshore,2026-07-05T23:38:26Z
2026-07-05T23:37:01Z,2026-07-06T01:37:01+0200,947116b8-3478-48df-97c2-9d19820fe5c0,2026-06-09T20:15:00Z,2026-06-09T22:15:00+0200,3244.04,MW,DE,DE_LU,forecast_offshore_wind_generation,Wind Offshore,2026-07-05T23:38:26Z
2026-07-05T23:37:01Z,2026-07-06T01:37:01+0200,947116b8-3478-48df-97c2-9d19820fe5c0,2026-06-09T20:30:00Z,2026-06-09T22:30:00+0200,3287.4,MW,DE,DE_LU,forecast_offshore_wind_generation,Wind Offshore,2026-07-05T23:38:26Z
2026-07-05T23:37:01Z,2026-07-06T01:37:01+0200,947116b8-3478-48df-97c2-9d19820fe5c0,2026-06-09T20:45:00Z,2026-06-09T22:45:00+0200,3328.91,MW,DE,DE_LU,forecast_offshore_wind_generation,Wind Offshore,2026-07-05T23:38:26Z
2026-07-05T23:37:01Z,2026-07-06T01:37:01+0200,947116b8-3478-48df-97c2-9d19820fe5c0,2026-06-09T21:00:00Z,2026-06-09T23:00:00+0200,3378.48,MW,DE,DE_LU,forecast_offshore_wind_generation,Wind Offshore,2026-07-05T23:38:26Z
2026-07-05T23:37:01Z,2026-07-06T01:37:01+0200,947116b8-3478-48df-97c2-9d19820fe5c0,2026-06-09T21:15:00Z,2026-06-09T23:15:00+0200,3429.0,MW,DE,DE_LU,forecast_offshore_wind_generation,Wind Offshore,2026-07-05T23:38:26Z
2026-07-05T23:37:01Z,2026-07-06T01:37:01+0200,947116b8-3478-48df-97c2-9d19820fe5c0,2026-06-09T21:30:00Z,2026-06-09T23:30:00+0200,3483.74,MW,DE,DE_LU,forecast_offshore_wind_generation,Wind Offshore,2026-07-05T23:38:26Z
2026-07-05T23:37:01Z,2026-07-06T01:37:01+0200,947116b8-3478-48df-97c2-9d19820fe5c0,2026-06-09T21:45:00Z,2026-06-09T23:45:00+0200,3532.91,MW,DE,DE_LU,forecast_offshore_wind_generation,Wind Offshore,2026-07-05T23:38:26Z
2026-07-05T23:37:01Z,2026-07-06T01:37:01+0200,947116b8-3478-48df-97c2-9d19820fe5c0,2026-06-09T22:00:00Z,2026-06-10T00:00:00+0200,4372.0,MW,DE,DE_LU,forecast_offshore_wind_generation,Wind Offshore,2026-07-05T23:38:26Z
2026-07-05T23:37:01Z,2026-07-06T01:37:01+0200,947116b8-3478-48df-97c2-9d19820fe5c0,2026-06-09T22:15:00Z,2026-06-10T00:15:00+0200,4422.46,MW,DE,DE_LU,forecast_offshore_wind_generation,Wind Offshore,2026-07-05T23:38:26Z
2026-07-05T23:37:01Z,2026-07-06T01:37:01+0200,947116b8-3478-48df-97c2-9d19820fe5c0,2026-06-09T22:30:00Z,2026-06-10T00:30:00+0200,4470.36,MW,DE,DE_LU,forecast_offshore_wind_generation,Wind Offshore,2026-07-05T23:38:26Z
2026-07-05T23:37:01Z,2026-07-06T01:37:01+0200,947116b8-3478-48df-97c2-9d19820fe5c0,2026-06-09T22:45:00Z,2026-06-10T00:45:00+0200,4514.69,MW,DE,DE_LU,forecast_offshore_wind_generation,Wind Offshore,2026-07-05T23:38:26Z
2026-07-05T23:37:01Z,2026-07-06T01:37:01+0200,947116b8-3478-48df-97c2-9d19820fe5c0,2026-06-09T23:00:00Z,2026-06-10T01:00:00+0200,4556.17,MW,DE,DE_LU,forecast_offshore_wind_generation,Wind Offshore,2026-07-05T23:38:26Z
2026-07-05T23:37:01Z,2026-07-06T01:37:01+0200,947116b8-3478-48df-97c2-9d19820fe5c0,2026-06-09T23:15:00Z,2026-06-10T01:15:00+0200,4591.57,MW,DE,DE_LU,forecast_offshore_wind_generation,Wind Offshore,2026-07-05T23:38:26Z
2026-07-05T23:37:01Z,2026-07-06T01:37:01+0200,947116b8-3478-48df-97c2-9d19820fe5c0,2026-06-09T23:30:00Z,2026-06-10T01:30:00+0200,4626.48,MW,DE,DE_LU,forecast_offshore_wind_generation,Wind Offshore,2026-07-05T23:38:26Z
2026-07-05T23:37:01Z,2026-07-06T01:37:01+0200,947116b8-3478-48df-97c2-9d19820fe5c0,2026-06-09T23:45:00Z,2026-06-10T01:45:00+0200,4656.23,MW,DE,DE_LU,forecast_offshore_wind_generation,Wind Offshore,2026-07-05T23:38:26Z
2026-07-05T23:37:01Z,2026-07-06T01:37:01+0200,947116b8-3478-48df-97c2-9d19820fe5c0,2026-06-10T00:00:00Z,2026-06-10T02:00:00+0200,4684.87,MW,DE,DE_LU,forecast_offshore_wind_generation,Wind Offshore,2026-07-05T23:38:26Z
2026-07-05T23:37:01Z,2026-07-06T01:37:01+0200,947116b8-3478-48df-97c2-9d19820fe5c0,2026-06-10T00:15:00Z,2026-06-10T02:15:00+0200,4724.11,MW,DE,DE_LU,forecast_offshore_wind_generation,Wind Offshore,2026-07-05T23:38:26Z
2026-07-05T23:37:01Z,2026-07-06T01:37:01+0200,947116b8-3478-48df-97c2-9d19820fe5c0,2026-06-10T00:30:00Z,2026-06-10T02:30:00+0200,4760.41,MW,DE,DE_LU,forecast_offshore_wind_generation,Wind Offshore,2026-07-05T23:38:26Z
2026-07-05T23:37:01Z,2026-07-06T01:37:01+0200,947116b8-3478-48df-97c2-9d19820fe5c0,2026-06-10T00:45:00Z,2026-06-10T02:45:00+0200,4794.57,MW,DE,DE_LU,forecast_offshore_wind_generation,Wind Offshore,2026-07-05T23:38:26Z
2026-07-05T23:37:01Z,2026-07-06T01:37:01+0200,947116b8-3478-48df-97c2-9d19820fe5c0,2026-06-10T01:00:00Z,2026-06-10T03:00:00+0200,4823.78,MW,DE,DE_LU,forecast_offshore_wind_generation,Wind Offshore,2026-07-05T23:38:26Z
2026-07-05T23:37:01Z,2026-07-06T01:37:01+0200,947116b8-3478-48df-97c2-9d19820fe5c0,2026-06-10T01:15:00Z,2026-06-10T03:15:00+0200,4834.14,MW,DE,DE_LU,forecast_offshore_wind_generation,Wind Offshore,2026-07-05T23:38:26Z
2026-07-05T23:37:01Z,2026-07-06T01:37:01+0200,947116b8-3478-48df-97c2-9d19820fe5c0,2026-06-10T01:30:00Z,2026-06-10T03:30:00+0200,4847.56,MW,DE,DE_LU,forecast_offshore_wind_generation,Wind Offshore,2026-07-05T23:38:26Z
2026-07-05T23:37:01Z,2026-07-06T01:37:01+0200,947116b8-3478-48df-97c2-9d19820fe5c0,2026-06-10T01:45:00Z,2026-06-10T03:45:00+0200,4858.82,MW,DE,DE_LU,forecast_offshore_wind_generation,Wind Offshore,2026-07-05T23:38:26Z
2026-07-05T23:37:01Z,2026-07-06T01:37:01+0200,947116b8-3478-48df-97c2-9d19820fe5c0,2026-06-10T02:00:00Z,2026-06-10T04:00:00+0200,4868.67,MW,DE,DE_LU,forecast_offshore_wind_generation,Wind Offshore,2026-07-05T23:38:26Z
2026-07-05T23:37:01Z,2026-07-06T01:37:01+0200,947116b8-3478-48df-97c2-9d19820fe5c0,2026-06-10T02:15:00Z,2026-06-10T04:15:00+0200,4873.75,MW,DE,DE_LU,forecast_offshore_wind_generation,Wind Offshore,2026-07-05T23:38:26Z
2026-07-05T23:37:01Z,2026-07-06T01:37:01+0200,947116b8-3478-48df-97c2-9d19820fe5c0,2026-06-10T02:30:00Z,2026-06-10T04:30:00+0200,4882.35,MW,DE,DE_LU,forecast_offshore_wind_generation,Wind Offshore,2026-07-05T23:38:26Z
2026-07-05T23:37:01Z,2026-07-06T01:37:01+0200,947116b8-3478-48df-97c2-9d19820fe5c0,2026-06-10T02:45:00Z,2026-06-10T04:45:00+0200,4891.19,MW,DE,DE_LU,forecast_offshore_wind_generation,Wind Offshore,2026-07-05T23:38:26Z
2026-07-05T23:37:01Z,2026-07-06T01:37:01+0200,947116b8-3478-48df-97c2-9d19820fe5c0,2026-06-10T03:00:00Z,2026-06-10T05:00:00+0200,4903.17,MW,DE,DE_LU,forecast_offshore_wind_generation,Wind Offshore,2026-07-05T23:38:26Z
2026-07-05T23:37:01Z,2026-07-06T01:37:01+0200,947116b8-3478-48df-97c2-9d19820fe5c0,2026-06-10T03:15:00Z,2026-06-10T05:15:00+0200,4942.96,MW,DE,DE_LU,forecast_offshore_wind_generation,Wind Offshore,2026-07-05T23:38:26Z
2026-07-05T23:37:01Z,2026-07-06T01:37:01+0200,947116b8-3478-48df-97c2-9d19820fe5c0,2026-06-10T03:30:00Z,2026-06-10T05:30:00+0200,4987.18,MW,DE,DE_LU,forecast_offshore_wind_generation,Wind Offshore,2026-07-05T23:38:26Z
2026-07-05T23:37:01Z,2026-07-06T01:37:01+0200,947116b8-3478-48df-97c2-9d19820fe5c0,2026-06-10T03:45:00Z,2026-06-10T05:45:00+0200,5026.16,MW,DE,DE_LU,forecast_offshore_wind_generation,Wind Offshore,2026-07-05T23:38:26Z
2026-07-05T23:37:01Z,2026-07-06T01:37:01+0200,947116b8-3478-48df-97c2-9d19820fe5c0,2026-06-10T04:00:00Z,2026-06-10T06:00:00+0200,5052.21,MW,DE,DE_LU,forecast_offshore_wind_generation,Wind Offshore,2026-07-05T23:38:26Z
2026-07-05T23:37:01Z,2026-07-06T01:37:01+0200,947116b8-3478-48df-97c2-9d19820fe5c0,2026-06-10T04:15:00Z,2026-06-10T06:15:00+0200,5087.49,MW,DE,DE_LU,forecast_offshore_wind_generation,Wind Offshore,2026-07-05T23:38:26Z
2026-07-05T23:37:01Z,2026-07-06T01:37:01+0200,947116b8-3478-48df-97c2-9d19820fe5c0,2026-06-10T04:30:00Z,2026-06-10T06:30:00+0200,5120.89,MW,DE,DE_LU,forecast_offshore_wind_generation,Wind Offshore,2026-07-05T23:38:26Z
2026-07-05T23:37:01Z,2026-07-06T01:37:01+0200,947116b8-3478-48df-97c2-9d19820fe5c0,2026-06-10T04:45:00Z,2026-06-10T06:45:00+0200,5158.25,MW,DE,DE_LU,forecast_offshore_wind_generation,Wind Offshore,2026-07-05T23:38:26Z
2026-07-05T23:37:01Z,2026-07-06T01:37:01+0200,947116b8-3478-48df-97c2-9d19820fe5c0,2026-06-10T05:00:00Z,2026-06-10T07:00:00+0200,5184.09,MW,DE,DE_LU,forecast_offshore_wind_generation,Wind Offshore,2026-07-05T23:38:26Z
2026-07-05T23:37:01Z,2026-07-06T01:37:01+0200,947116b8-3478-48df-97c2-9d19820fe5c0,2026-06-10T05:15:00Z,2026-06-10T07:15:00+0200,5229.96,MW,DE,DE_LU,forecast_offshore_wind_generation,Wind Offshore,2026-07-05T23:38:26Z
2026-07-05T23:37:01Z,2026-07-06T01:37:01+0200,947116b8-3478-48df-97c2-9d19820fe5c0,2026-06-10T05:30:00Z,2026-06-10T07:30:00+0200,5203.98,MW,DE,DE_LU,forecast_offshore_wind_generation,Wind Offshore,2026-07-05T23:38:26Z
2026-07-05T23:37:01Z,2026-07-06T01:37:01+0200,947116b8-3478-48df-97c2-9d19820fe5c0,2026-06-10T05:45:00Z,2026-06-10T07:45:00+0200,5239.52,MW,DE,DE_LU,forecast_offshore_wind_generation,Wind Offshore,2026-07-05T23:38:26Z
2026-07-05T23:37:01Z,2026-07-06T01:37:01+0200,947116b8-3478-48df-97c2-9d19820fe5c0,2026-06-10T06:00:00Z,2026-06-10T08:00:00+0200,5228.23,MW,DE,DE_LU,forecast_offshore_wind_generation,Wind Offshore,2026-07-05T23:38:26Z
2026-07-05T23:37:01Z,2026-07-06T01:37:01+0200,947116b8-3478-48df-97c2-9d19820fe5c0,2026-06-10T06:15:00Z,2026-06-10T08:15:00+0200,5204.87,MW,DE,DE_LU,forecast_offshore_wind_generation,Wind Offshore,2026-07-05T23:38:26Z
2026-07-05T23:37:01Z,2026-07-06T01:37:01+0200,947116b8-3478-48df-97c2-9d19820fe5c0,2026-06-10T06:30:00Z,2026-06-10T08:30:00+0200,5180.22,MW,DE,DE_LU,forecast_offshore_wind_generation,Wind Offshore,2026-07-05T23:38:26Z
2026-07-05T23:37:01Z,2026-07-06T01:37:01+0200,947116b8-3478-48df-97c2-9d19820fe5c0,2026-06-10T06:45:00Z,2026-06-10T08:45:00+0200,5158.88,MW,DE,DE_LU,forecast_offshore_wind_generation,Wind Offshore,2026-07-05T23:38:26Z
2026-07-05T23:37:01Z,2026-07-06T01:37:01+0200,947116b8-3478-48df-97c2-9d19820fe5c0,2026-06-10T07:00:00Z,2026-06-10T09:00:00+0200,5069.88,MW,DE,DE_LU,forecast_offshore_wind_generation,Wind Offshore,2026-07-05T23:38:26Z
2026-07-05T23:37:01Z,2026-07-06T01:37:01+0200,947116b8-3478-48df-97c2-9d19820fe5c0,2026-06-10T07:15:00Z,2026-06-10T09:15:00+0200,4933.13,MW,DE,DE_LU,forecast_offshore_wind_generation,Wind Offshore,2026-07-05T23:38:26Z
2026-07-05T23:37:01Z,2026-07-06T01:37:01+0200,947116b8-3478-48df-97c2-9d19820fe5c0,2026-06-10T07:30:00Z,2026-06-10T09:30:00+0200,4872.51,MW,DE,DE_LU,forecast_offshore_wind_generation,Wind Offshore,2026-07-05T23:38:26Z
2026-07-05T23:37:01Z,2026-07-06T01:37:01+0200,947116b8-3478-48df-97c2-9d19820fe5c0,2026-06-10T07:45:00Z,2026-06-10T09:45:00+0200,4812.78,MW,DE,DE_LU,forecast_offshore_wind_generation,Wind Offshore,2026-07-05T23:38:26Z
2026-07-05T23:37:01Z,2026-07-06T01:37:01+0200,947116b8-3478-48df-97c2-9d19820fe5c0,2026-06-10T08:00:00Z,2026-06-10T10:00:00+0200,4743.71,MW,DE,DE_LU,forecast_offshore_wind_generation,Wind Offshore,2026-07-05T23:38:26Z
2026-07-05T23:37:01Z,2026-07-06T01:37:01+0200,947116b8-3478-48df-97c2-9d19820fe5c0,2026-06-10T08:15:00Z,2026-06-10T10:15:00+0200,4380.22,MW,DE,DE_LU,forecast_offshore_wind_generation,Wind Offshore,2026-07-05T23:38:26Z
2026-07-05T23:37:01Z,2026-07-06T01:37:01+0200,947116b8-3478-48df-97c2-9d19820fe5c0,2026-06-10T08:30:00Z,2026-06-10T10:30:00+0200,4300.89,MW,DE,DE_LU,forecast_offshore_wind_generation,Wind Offshore,2026-07-05T23:38:26Z
2026-07-05T23:37:01Z,2026-07-06T01:37:01+0200,947116b8-3478-48df-97c2-9d19820fe5c0,2026-06-10T08:45:00Z,2026-06-10T10:45:00+0200,4226.49,MW,DE,DE_LU,forecast_offshore_wind_generation,Wind Offshore,2026-07-05T23:38:26Z
2026-07-05T23:37:01Z,2026-07-06T01:37:01+0200,947116b8-3478-48df-97c2-9d19820fe5c0,2026-06-10T09:00:00Z,2026-06-10T11:00:00+0200,4145.51,MW,DE,DE_LU,forecast_offshore_wind_generation,Wind Offshore,2026-07-05T23:38:26Z
2026-07-05T23:37:01Z,2026-07-06T01:37:01+0200,947116b8-3478-48df-97c2-9d19820fe5c0,2026-06-10T09:15:00Z,2026-06-10T11:15:00+0200,4061.14,MW,DE,DE_LU,forecast_offshore_wind_generation,Wind Offshore,2026-07-05T23:38:26Z
2026-07-05T23:37:01Z,2026-07-06T01:37:01+0200,947116b8-3478-48df-97c2-9d19820fe5c0,2026-06-10T09:30:00Z,2026-06-10T11:30:00+0200,3975.85,MW,DE,DE_LU,forecast_offshore_wind_generation,Wind Offshore,2026-07-05T23:38:26Z
2026-07-05T23:37:01Z,2026-07-06T01:37:01+0200,947116b8-3478-48df-97c2-9d19820fe5c0,2026-06-10T09:45:00Z,2026-06-10T11:45:00+0200,3890.1,MW,DE,DE_LU,forecast_offshore_wind_generation,Wind Offshore,2026-07-05T23:38:26Z
2026-07-05T23:37:01Z,2026-07-06T01:37:01+0200,947116b8-3478-48df-97c2-9d19820fe5c0,2026-06-10T10:00:00Z,2026-06-10T12:00:00+0200,3810.64,MW,DE,DE_LU,forecast_offshore_wind_generation,Wind Offshore,2026-07-05T23:38:26Z
2026-07-05T23:37:01Z,2026-07-06T01:37:01+0200,947116b8-3478-48df-97c2-9d19820fe5c0,2026-06-10T10:15:00Z,2026-06-10T12:15:00+0200,3710.27,MW,DE,DE_LU,forecast_offshore_wind_generation,Wind Offshore,2026-07-05T23:38:26Z
2026-07-05T23:37:01Z,2026-07-06T01:37:01+0200,947116b8-3478-48df-97c2-9d19820fe5c0,2026-06-10T10:30:00Z,2026-06-10T12:30:00+0200,3606.12,MW,DE,DE_LU,forecast_offshore_wind_generation,Wind Offshore,2026-07-05T23:38:26Z
2026-07-05T23:37:01Z,2026-07-06T01:37:01+0200,947116b8-3478-48df-97c2-9d19820fe5c0,2026-06-10T10:45:00Z,2026-06-10T12:45:00+0200,3501.1,MW,DE,DE_LU,forecast_offshore_wind_generation,Wind Offshore,2026-07-05T23:38:26Z
2026-07-05T23:37:01Z,2026-07-06T01:37:01+0200,947116b8-3478-48df-97c2-9d19820fe5c0,2026-06-10T11:00:00Z,2026-06-10T13:00:00+0200,3395.48,MW,DE,DE_LU,forecast_offshore_wind_generation,Wind Offshore,2026-07-05T23:38:26Z
2026-07-05T23:37:01Z,2026-07-06T01:37:01+0200,947116b8-3478-48df-97c2-9d19820fe5c0,2026-06-10T11:15:00Z,2026-06-10T13:15:00+0200,3343.34,MW,DE,DE_LU,forecast_offshore_wind_generation,Wind Offshore,2026-07-05T23:38:26Z
2026-07-05T23:37:01Z,2026-07-06T01:37:01+0200,947116b8-3478-48df-97c2-9d19820fe5c0,2026-06-10T11:30:00Z,2026-06-10T13:30:00+0200,3241.4,MW,DE,DE_LU,forecast_offshore_wind_generation,Wind Offshore,2026-07-05T23:38:26Z
2026-07-05T23:37:01Z,2026-07-06T01:37:01+0200,947116b8-3478-48df-97c2-9d19820fe5c0,2026-06-10T11:45:00Z,2026-06-10T13:45:00+0200,3112.84,MW,DE,DE_LU,forecast_offshore_wind_generation,Wind Offshore,2026-07-05T23:38:26Z
2026-07-05T23:37:01Z,2026-07-06T01:37:01+0200,947116b8-3478-48df-97c2-9d19820fe5c0,2026-06-10T12:00:00Z,2026-06-10T14:00:00+0200,2989.56,MW,DE,DE_LU,forecast_offshore_wind_generation,Wind Offshore,2026-07-05T23:38:26Z
2026-07-05T23:37:01Z,2026-07-06T01:37:01+0200,947116b8-3478-48df-97c2-9d19820fe5c0,2026-06-10T12:15:00Z,2026-06-10T14:15:00+0200,2875.45,MW,DE,DE_LU,forecast_offshore_wind_generation,Wind Offshore,2026-07-05T23:38:26Z
2026-07-05T23:37:01Z,2026-07-06T01:37:01+0200,947116b8-3478-48df-97c2-9d19820fe5c0,2026-06-10T12:30:00Z,2026-06-10T14:30:00+0200,2757.73,MW,DE,DE_LU,forecast_offshore_wind_generation,Wind Offshore,2026-07-05T23:38:26Z
2026-07-05T23:37:01Z,2026-07-06T01:37:01+0200,947116b8-3478-48df-97c2-9d19820fe5c0,2026-06-10T12:45:00Z,2026-06-10T14:45:00+0200,2642.62,MW,DE,DE_LU,forecast_offshore_wind_generation,Wind Offshore,2026-07-05T23:38:26Z
2026-07-05T23:37:01Z,2026-07-06T01:37:01+0200,947116b8-3478-48df-97c2-9d19820fe5c0,2026-06-10T13:00:00Z,2026-06-10T15:00:00+0200,2526.39,MW,DE,DE_LU,forecast_offshore_wind_generation,Wind Offshore,2026-07-05T23:38:26Z
2026-07-05T23:37:01Z,2026-07-06T01:37:01+0200,947116b8-3478-48df-97c2-9d19820fe5c0,2026-06-10T13:15:00Z,2026-06-10T15:15:00+0200,2410.12,MW,DE,DE_LU,forecast_offshore_wind_generation,Wind Offshore,2026-07-05T23:38:26Z
2026-07-05T23:37:01Z,2026-07-06T01:37:01+0200,947116b8-3478-48df-97c2-9d19820fe5c0,2026-06-10T13:30:00Z,2026-06-10T15:30:00+0200,2294.63,MW,DE,DE_LU,forecast_offshore_wind_generation,Wind Offshore,2026-07-05T23:38:26Z
2026-07-05T23:37:01Z,2026-07-06T01:37:01+0200,947116b8-3478-48df-97c2-9d19820fe5c0,2026-06-10T13:45:00Z,2026-06-10T15:45:00+0200,2180.02,MW,DE,DE_LU,forecast_offshore_wind_generation,Wind Offshore,2026-07-05T23:38:26Z
2026-07-05T23:37:01Z,2026-07-06T01:37:01+0200,947116b8-3478-48df-97c2-9d19820fe5c0,2026-06-10T14:00:00Z,2026-06-10T16:00:00+0200,2063.99,MW,DE,DE_LU,forecast_offshore_wind_generation,Wind Offshore,2026-07-05T23:38:26Z
2026-07-05T23:37:01Z,2026-07-06T01:37:01+0200,947116b8-3478-48df-97c2-9d19820fe5c0,2026-06-10T14:15:00Z,2026-06-10T16:15:00+0200,1938.45,MW,DE,DE_LU,forecast_offshore_wind_generation,Wind Offshore,2026-07-05T23:38:26Z
2026-07-05T23:37:01Z,2026-07-06T01:37:01+0200,947116b8-3478-48df-97c2-9d19820fe5c0,2026-06-10T14:30:00Z,2026-06-10T16:30:00+0200,1816.54,MW,DE,DE_LU,forecast_offshore_wind_generation,Wind Offshore,2026-07-05T23:38:26Z
2026-07-05T23:37:01Z,2026-07-06T01:37:01+0200,947116b8-3478-48df-97c2-9d19820fe5c0,2026-06-10T14:45:00Z,2026-06-10T16:45:00+0200,1695.07,MW,DE,DE_LU,forecast_offshore_wind_generation,Wind Offshore,2026-07-05T23:38:26Z
2026-07-05T23:37:01Z,2026-07-06T01:37:01+0200,947116b8-3478-48df-97c2-9d19820fe5c0,2026-06-10T15:00:00Z,2026-06-10T17:00:00+0200,1573.08,MW,DE,DE_LU,forecast_offshore_wind_generation,Wind Offshore,2026-07-05T23:38:26Z
2026-07-05T23:37:01Z,2026-07-06T01:37:01+0200,947116b8-3478-48df-97c2-9d19820fe5c0,2026-06-10T15:15:00Z,2026-06-10T17:15:00+0200,1470.59,MW,DE,DE_LU,forecast_offshore_wind_generation,Wind Offshore,2026-07-05T23:38:26Z
2026-07-05T23:37:01Z,2026-07-06T01:37:01+0200,947116b8-3478-48df-97c2-9d19820fe5c0,2026-06-10T15:30:00Z,2026-06-10T17:30:00+0200,1359.95,MW,DE,DE_LU,forecast_offshore_wind_generation,Wind Offshore,2026-07-05T23:38:26Z
2026-07-05T23:37:01Z,2026-07-06T01:37:01+0200,947116b8-3478-48df-97c2-9d19820fe5c0,2026-06-10T15:45:00Z,2026-06-10T17:45:00+0200,1255.36,MW,DE,DE_LU,forecast_offshore_wind_generation,Wind Offshore,2026-07-05T23:38:26Z
2026-07-05T23:37:01Z,2026-07-06T01:37:01+0200,947116b8-3478-48df-97c2-9d19820fe5c0,2026-06-10T16:00:00Z,2026-06-10T18:00:00+0200,1146.3,MW,DE,DE_LU,forecast_offshore_wind_generation,Wind Offshore,2026-07-05T23:38:26Z
2026-07-05T23:37:01Z,2026-07-06T01:37:01+0200,947116b8-3478-48df-97c2-9d19820fe5c0,2026-06-10T16:15:00Z,2026-06-10T18:15:00+0200,1052.29,MW,DE,DE_LU,forecast_offshore_wind_generation,Wind Offshore,2026-07-05T23:38:26Z
2026-07-05T23:37:01Z,2026-07-06T01:37:01+0200,947116b8-3478-48df-97c2-9d19820fe5c0,2026-06-10T16:30:00Z,2026-06-10T18:30:00+0200,961.51,MW,DE,DE_LU,forecast_offshore_wind_generation,Wind Offshore,2026-07-05T23:38:26Z
2026-07-05T23:37:01Z,2026-07-06T01:37:01+0200,947116b8-3478-48df-97c2-9d19820fe5c0,2026-06-10T16:45:00Z,2026-06-10T18:45:00+0200,870.9,MW,DE,DE_LU,forecast_offshore_wind_generation,Wind Offshore,2026-07-05T23:38:26Z
2026-07-05T23:37:01Z,2026-07-06T01:37:01+0200,947116b8-3478-48df-97c2-9d19820fe5c0,2026-06-10T17:00:00Z,2026-06-10T19:00:00+0200,790.99,MW,DE,DE_LU,forecast_offshore_wind_generation,Wind Offshore,2026-07-05T23:38:26Z
2026-07-05T23:37:01Z,2026-07-06T01:37:01+0200,947116b8-3478-48df-97c2-9d19820fe5c0,2026-06-10T17:15:00Z,2026-06-10T19:15:00+0200,722.74,MW,DE,DE_LU,forecast_offshore_wind_generation,Wind Offshore,2026-07-05T23:38:26Z
2026-07-05T23:37:01Z,2026-07-06T01:37:01+0200,947116b8-3478-48df-97c2-9d19820fe5c0,2026-06-10T17:30:00Z,2026-06-10T19:30:00+0200,656.39,MW,DE,DE_LU,forecast_offshore_wind_generation,Wind Offshore,2026-07-05T23:38:26Z
2026-07-05T23:37:01Z,2026-07-06T01:37:01+0200,947116b8-3478-48df-97c2-9d19820fe5c0,2026-06-10T17:45:00Z,2026-06-10T19:45:00+0200,594.64,MW,DE,DE_LU,forecast_offshore_wind_generation,Wind Offshore,2026-07-05T23:38:26Z
2026-07-05T23:37:01Z,2026-07-06T01:37:01+0200,947116b8-3478-48df-97c2-9d19820fe5c0,2026-06-10T18:00:00Z,2026-06-10T20:00:00+0200,535.19,MW,DE,DE_LU,forecast_offshore_wind_generation,Wind Offshore,2026-07-05T23:38:26Z
2026-07-05T23:37:01Z,2026-07-06T01:37:01+0200,947116b8-3478-48df-97c2-9d19820fe5c0,2026-06-10T18:15:00Z,2026-06-10T20:15:00+0200,489.47,MW,DE,DE_LU,forecast_offshore_wind_generation,Wind Offshore,2026-07-05T23:38:26Z
2026-07-05T23:37:01Z,2026-07-06T01:37:01+0200,947116b8-3478-48df-97c2-9d19820fe5c0,2026-06-10T18:30:00Z,2026-06-10T20:30:00+0200,447.76,MW,DE,DE_LU,forecast_offshore_wind_generation,Wind Offshore,2026-07-05T23:38:26Z
2026-07-05T23:37:01Z,2026-07-06T01:37:01+0200,947116b8-3478-48df-97c2-9d19820fe5c0,2026-06-10T18:45:00Z,2026-06-10T20:45:00+0200,403.14,MW,DE,DE_LU,forecast_offshore_wind_generation,Wind Offshore,2026-07-05T23:38:26Z
2026-07-05T23:37:01Z,2026-07-06T01:37:01+0200,947116b8-3478-48df-97c2-9d19820fe5c0,2026-06-10T19:00:00Z,2026-06-10T21:00:00+0200,367.51,MW,DE,DE_LU,forecast_offshore_wind_generation,Wind Offshore,2026-07-05T23:38:26Z
2026-07-05T23:37:01Z,2026-07-06T01:37:01+0200,947116b8-3478-48df-97c2-9d19820fe5c0,2026-06-10T19:15:00Z,2026-06-10T21:15:00+0200,339.99,MW,DE,DE_LU,forecast_offshore_wind_generation,Wind Offshore,2026-07-05T23:38:26Z
2026-07-05T23:37:01Z,2026-07-06T01:37:01+0200,947116b8-3478-48df-97c2-9d19820fe5c0,2026-06-10T19:30:00Z,2026-06-10T21:30:00+0200,320.49,MW,DE,DE_LU,forecast_offshore_wind_generation,Wind Offshore,2026-07-05T23:38:26Z
2026-07-05T23:37:01Z,2026-07-06T01:37:01+0200,947116b8-3478-48df-97c2-9d19820fe5c0,2026-06-10T19:45:00Z,2026-06-10T21:45:00+0200,294.98,MW,DE,DE_LU,forecast_offshore_wind_generation,Wind Offshore,2026-07-05T23:38:26Z
2026-07-05T23:37:01Z,2026-07-06T01:37:01+0200,947116b8-3478-48df-97c2-9d19820fe5c0,2026-06-10T20:00:00Z,2026-06-10T22:00:00+0200,276.0,MW,DE,DE_LU,forecast_offshore_wind_generation,Wind Offshore,2026-07-05T23:38:26Z
2026-07-05T23:37:01Z,2026-07-06T01:37:01+0200,947116b8-3478-48df-97c2-9d19820fe5c0,2026-06-10T20:15:00Z,2026-06-10T22:15:00+0200,271.8,MW,DE,DE_LU,forecast_offshore_wind_generation,Wind Offshore,2026-07-05T23:38:26Z
2026-07-05T23:37:01Z,2026-07-06T01:37:01+0200,947116b8-3478-48df-97c2-9d19820fe5c0,2026-06-10T20:30:00Z,2026-06-10T22:30:00+0200,270.74,MW,DE,DE_LU,forecast_offshore_wind_generation,Wind Offshore,2026-07-05T23:38:26Z
2026-07-05T23:37:01Z,2026-07-06T01:37:01+0200,947116b8-3478-48df-97c2-9d19820fe5c0,2026-06-10T20:45:00Z,2026-06-10T22:45:00+0200,264.99,MW,DE,DE_LU,forecast_offshore_wind_generation,Wind Offshore,2026-07-05T23:38:26Z
2026-07-05T23:37:01Z,2026-07-06T01:37:01+0200,947116b8-3478-48df-97c2-9d19820fe5c0,2026-06-10T21:00:00Z,2026-06-10T23:00:00+0200,257.73,MW,DE,DE_LU,forecast_offshore_wind_generation,Wind Offshore,2026-07-05T23:38:26Z
2026-07-05T23:37:01Z,2026-07-06T01:37:01+0200,947116b8-3478-48df-97c2-9d19820fe5c0,2026-06-10T21:15:00Z,2026-06-10T23:15:00+0200,264.58,MW,DE,DE_LU,forecast_offshore_wind_generation,Wind Offshore,2026-07-05T23:38:26Z
2026-07-05T23:37:01Z,2026-07-06T01:37:01+0200,947116b8-3478-48df-97c2-9d19820fe5c0,2026-06-10T21:30:00Z,2026-06-10T23:30:00+0200,264.67,MW,DE,DE_LU,forecast_offshore_wind_generation,Wind Offshore,2026-07-05T23:38:26Z
2026-07-05T23:37:01Z,2026-07-06T01:37:01+0200,947116b8-3478-48df-97c2-9d19820fe5c0,2026-06-10T21:45:00Z,2026-06-10T23:45:00+0200,266.94,MW,DE,DE_LU,forecast_offshore_wind_generation,Wind Offshore,2026-07-05T23:38:26Z
2026-07-05T23:37:01Z,2026-07-06T01:37:01+0200,947116b8-3478-48df-97c2-9d19820fe5c0,2026-06-10T22:00:00Z,2026-06-11T00:00:00+0200,207.52,MW,DE,DE_LU,forecast_offshore_wind_generation,Wind Offshore,2026-07-05T23:38:26Z
2026-07-05T23:37:01Z,2026-07-06T01:37:01+0200,947116b8-3478-48df-97c2-9d19820fe5c0,2026-06-10T22:15:00Z,2026-06-11T00:15:00+0200,208.21,MW,DE,DE_LU,forecast_offshore_wind_generation,Wind Offshore,2026-07-05T23:38:26Z
2026-07-05T23:37:01Z,2026-07-06T01:37:01+0200,947116b8-3478-48df-97c2-9d19820fe5c0,2026-06-10T22:30:00Z,2026-06-11T00:30:00+0200,212.09,MW,DE,DE_LU,forecast_offshore_wind_generation,Wind Offshore,2026-07-05T23:38:26Z
2026-07-05T23:37:01Z,2026-07-06T01:37:01+0200,947116b8-3478-48df-97c2-9d19820fe5c0,2026-06-10T22:45:00Z,2026-06-11T00:45:00+0200,210.95,MW,DE,DE_LU,forecast_offshore_wind_generation,Wind Offshore,2026-07-05T23:38:26Z
2026-07-05T23:37:01Z,2026-07-06T01:37:01+0200,947116b8-3478-48df-97c2-9d19820fe5c0,2026-06-10T23:00:00Z,2026-06-11T01:00:00+0200,209.85,MW,DE,DE_LU,forecast_offshore_wind_generation,Wind Offshore,2026-07-05T23:38:26Z
2026-07-05T23:37:01Z,2026-07-06T01:37:01+0200,947116b8-3478-48df-97c2-9d19820fe5c0,2026-06-10T23:15:00Z,2026-06-11T01:15:00+0200,214.67,MW,DE,DE_LU,forecast_offshore_wind_generation,Wind Offshore,2026-07-05T23:38:26Z
2026-07-05T23:37:01Z,2026-07-06T01:37:01+0200,947116b8-3478-48df-97c2-9d19820fe5c0,2026-06-10T23:30:00Z,2026-06-11T01:30:00+0200,212.47,MW,DE,DE_LU,forecast_offshore_wind_generation,Wind Offshore,2026-07-05T23:38:26Z
2026-07-05T23:37:01Z,2026-07-06T01:37:01+0200,947116b8-3478-48df-97c2-9d19820fe5c0,2026-06-10T23:45:00Z,2026-06-11T01:45:00+0200,211.29,MW,DE,DE_LU,forecast_offshore_wind_generation,Wind Offshore,2026-07-05T23:38:26Z
2026-07-05T23:37:01Z,2026-07-06T01:37:01+0200,947116b8-3478-48df-97c2-9d19820fe5c0,2026-06-11T00:00:00Z,2026-06-11T02:00:00+0200,207.66,MW,DE,DE_LU,forecast_offshore_wind_generation,Wind Offshore,2026-07-05T23:38:26Z
2026-07-05T23:37:01Z,2026-07-06T01:37:01+0200,947116b8-3478-48df-97c2-9d19820fe5c0,2026-06-11T00:15:00Z,2026-06-11T02:15:00+0200,201.06,MW,DE,DE_LU,forecast_offshore_wind_generation,Wind Offshore,2026-07-05T23:38:26Z
2026-07-05T23:37:01Z,2026-07-06T01:37:01+0200,947116b8-3478-48df-97c2-9d19820fe5c0,2026-06-11T00:30:00Z,2026-06-11T02:30:00+0200,192.52,MW,DE,DE_LU,forecast_offshore_wind_generation,Wind Offshore,2026-07-05T23:38:26Z
2026-07-05T23:37:01Z,2026-07-06T01:37:01+0200,947116b8-3478-48df-97c2-9d19820fe5c0,2026-06-11T00:45:00Z,2026-06-11T02:45:00+0200,183.65,MW,DE,DE_LU,forecast_offshore_wind_generation,Wind Offshore,2026-07-05T23:38:26Z
2026-07-05T23:37:01Z,2026-07-06T01:37:01+0200,947116b8-3478-48df-97c2-9d19820fe5c0,2026-06-11T01:00:00Z,2026-06-11T03:00:00+0200,179.75,MW,DE,DE_LU,forecast_offshore_wind_generation,Wind Offshore,2026-07-05T23:38:26Z
2026-07-05T23:37:01Z,2026-07-06T01:37:01+0200,947116b8-3478-48df-97c2-9d19820fe5c0,2026-06-11T01:15:00Z,2026-06-11T03:15:00+0200,179.03,MW,DE,DE_LU,forecast_offshore_wind_generation,Wind Offshore,2026-07-05T23:38:26Z
2026-07-05T23:37:01Z,2026-07-06T01:37:01+0200,947116b8-3478-48df-97c2-9d19820fe5c0,2026-06-11T01:30:00Z,2026-06-11T03:30:00+0200,181.65,MW,DE,DE_LU,forecast_offshore_wind_generation,Wind Offshore,2026-07-05T23:38:26Z
2026-07-05T23:37:01Z,2026-07-06T01:37:01+0200,947116b8-3478-48df-97c2-9d19820fe5c0,2026-06-11T01:45:00Z,2026-06-11T03:45:00+0200,179.2,MW,DE,DE_LU,forecast_offshore_wind_generation,Wind Offshore,2026-07-05T23:38:26Z
2026-07-05T23:37:01Z,2026-07-06T01:37:01+0200,947116b8-3478-48df-97c2-9d19820fe5c0,2026-06-11T02:00:00Z,2026-06-11T04:00:00+0200,180.28,MW,DE,DE_LU,forecast_offshore_wind_generation,Wind Offshore,2026-07-05T23:38:26Z
2026-07-05T23:37:01Z,2026-07-06T01:37:01+0200,947116b8-3478-48df-97c2-9d19820fe5c0,2026-06-11T02:15:00Z,2026-06-11T04:15:00+0200,177.34,MW,DE,DE_LU,forecast_offshore_wind_generation,Wind Offshore,2026-07-05T23:38:26Z
2026-07-05T23:37:01Z,2026-07-06T01:37:01+0200,947116b8-3478-48df-97c2-9d19820fe5c0,2026-06-11T02:30:00Z,2026-06-11T04:30:00+0200,177.36,MW,DE,DE_LU,forecast_offshore_wind_generation,Wind Offshore,2026-07-05T23:38:26Z
2026-07-05T23:37:01Z,2026-07-06T01:37:01+0200,947116b8-3478-48df-97c2-9d19820fe5c0,2026-06-11T02:45:00Z,2026-06-11T04:45:00+0200,177.46,MW,DE,DE_LU,forecast_offshore_wind_generation,Wind Offshore,2026-07-05T23:38:26Z
2026-07-05T23:37:01Z,2026-07-06T01:37:01+0200,947116b8-3478-48df-97c2-9d19820fe5c0,2026-06-11T03:00:00Z,2026-06-11T05:00:00+0200,176.31,MW,DE,DE_LU,forecast_offshore_wind_generation,Wind Offshore,2026-07-05T23:38:26Z
2026-07-05T23:37:01Z,2026-07-06T01:37:01+0200,947116b8-3478-48df-97c2-9d19820fe5c0,2026-06-11T03:15:00Z,2026-06-11T05:15:00+0200,173.72,MW,DE,DE_LU,forecast_offshore_wind_generation,Wind Offshore,2026-07-05T23:38:26Z
2026-07-05T23:37:01Z,2026-07-06T01:37:01+0200,947116b8-3478-48df-97c2-9d19820fe5c0,2026-06-11T03:30:00Z,2026-06-11T05:30:00+0200,171.26,MW,DE,DE_LU,forecast_offshore_wind_generation,Wind Offshore,2026-07-05T23:38:26Z
2026-07-05T23:37:01Z,2026-07-06T01:37:01+0200,947116b8-3478-48df-97c2-9d19820fe5c0,2026-06-11T03:45:00Z,2026-06-11T05:45:00+0200,167.76,MW,DE,DE_LU,forecast_offshore_wind_generation,Wind Offshore,2026-07-05T23:38:26Z
2026-07-05T23:37:01Z,2026-07-06T01:37:01+0200,947116b8-3478-48df-97c2-9d19820fe5c0,2026-06-11T04:00:00Z,2026-06-11T06:00:00+0200,165.76,MW,DE,DE_LU,forecast_offshore_wind_generation,Wind Offshore,2026-07-05T23:38:26Z
2026-07-05T23:37:01Z,2026-07-06T01:37:01+0200,947116b8-3478-48df-97c2-9d19820fe5c0,2026-06-11T04:15:00Z,2026-06-11T06:15:00+0200,164.33,MW,DE,DE_LU,forecast_offshore_wind_generation,Wind Offshore,2026-07-05T23:38:26Z
2026-07-05T23:37:01Z,2026-07-06T01:37:01+0200,947116b8-3478-48df-97c2-9d19820fe5c0,2026-06-11T04:30:00Z,2026-06-11T06:30:00+0200,159.99,MW,DE,DE_LU,forecast_offshore_wind_generation,Wind Offshore,2026-07-05T23:38:26Z
2026-07-05T23:37:01Z,2026-07-06T01:37:01+0200,947116b8-3478-48df-97c2-9d19820fe5c0,2026-06-11T04:45:00Z,2026-06-11T06:45:00+0200,153.56,MW,DE,DE_LU,forecast_offshore_wind_generation,Wind Offshore,2026-07-05T23:38:26Z
2026-07-05T23:37:01Z,2026-07-06T01:37:01+0200,947116b8-3478-48df-97c2-9d19820fe5c0,2026-06-11T05:00:00Z,2026-06-11T07:00:00+0200,153.65,MW,DE,DE_LU,forecast_offshore_wind_generation,Wind Offshore,2026-07-05T23:38:26Z
2026-07-05T23:37:01Z,2026-07-06T01:37:01+0200,947116b8-3478-48df-97c2-9d19820fe5c0,2026-06-11T05:15:00Z,2026-06-11T07:15:00+0200,153.21,MW,DE,DE_LU,forecast_offshore_wind_generation,Wind Offshore,2026-07-05T23:38:26Z
2026-07-05T23:37:01Z,2026-07-06T01:37:01+0200,947116b8-3478-48df-97c2-9d19820fe5c0,2026-06-11T05:30:00Z,2026-06-11T07:30:00+0200,151.84,MW,DE,DE_LU,forecast_offshore_wind_generation,Wind Offshore,2026-07-05T23:38:26Z
2026-07-05T23:37:01Z,2026-07-06T01:37:01+0200,947116b8-3478-48df-97c2-9d19820fe5c0,2026-06-11T05:45:00Z,2026-06-11T07:45:00+0200,150.5,MW,DE,DE_LU,forecast_offshore_wind_generation,Wind Offshore,2026-07-05T23:38:26Z
2026-07-05T23:37:01Z,2026-07-06T01:37:01+0200,947116b8-3478-48df-97c2-9d19820fe5c0,2026-06-11T06:00:00Z,2026-06-11T08:00:00+0200,153.11,MW,DE,DE_LU,forecast_offshore_wind_generation,Wind Offshore,2026-07-05T23:38:26Z
2026-07-05T23:37:01Z,2026-07-06T01:37:01+0200,947116b8-3478-48df-97c2-9d19820fe5c0,2026-06-11T06:15:00Z,2026-06-11T08:15:00+0200,152.92,MW,DE,DE_LU,forecast_offshore_wind_generation,Wind Offshore,2026-07-05T23:38:26Z
2026-07-05T23:37:01Z,2026-07-06T01:37:01+0200,947116b8-3478-48df-97c2-9d19820fe5c0,2026-06-11T06:30:00Z,2026-06-11T08:30:00+0200,154.79,MW,DE,DE_LU,forecast_offshore_wind_generation,Wind Offshore,2026-07-05T23:38:26Z
2026-07-05T23:37:01Z,2026-07-06T01:37:01+0200,947116b8-3478-48df-97c2-9d19820fe5c0,2026-06-11T06:45:00Z,2026-06-11T08:45:00+0200,156.61,MW,DE,DE_LU,forecast_offshore_wind_generation,Wind Offshore,2026-07-05T23:38:26Z
2026-07-05T23:37:01Z,2026-07-06T01:37:01+0200,947116b8-3478-48df-97c2-9d19820fe5c0,2026-06-11T07:00:00Z,2026-06-11T09:00:00+0200,159.46,MW,DE,DE_LU,forecast_offshore_wind_generation,Wind Offshore,2026-07-05T23:38:26Z
2026-07-05T23:37:01Z,2026-07-06T01:37:01+0200,947116b8-3478-48df-97c2-9d19820fe5c0,2026-06-11T07:15:00Z,2026-06-11T09:15:00+0200,165.41,MW,DE,DE_LU,forecast_offshore_wind_generation,Wind Offshore,2026-07-05T23:38:26Z
2026-07-05T23:37:01Z,2026-07-06T01:37:01+0200,947116b8-3478-48df-97c2-9d19820fe5c0,2026-06-11T07:30:00Z,2026-06-11T09:30:00+0200,173.62,MW,DE,DE_LU,forecast_offshore_wind_generation,Wind Offshore,2026-07-05T23:38:26Z
2026-07-05T23:37:01Z,2026-07-06T01:37:01+0200,947116b8-3478-48df-97c2-9d19820fe5c0,2026-06-11T07:45:00Z,2026-06-11T09:45:00+0200,178.93,MW,DE,DE_LU,forecast_offshore_wind_generation,Wind Offshore,2026-07-05T23:38:26Z
2026-07-05T23:37:01Z,2026-07-06T01:37:01+0200,947116b8-3478-48df-97c2-9d19820fe5c0,2026-06-11T08:00:00Z,2026-06-11T10:00:00+0200,185.52,MW,DE,DE_LU,forecast_offshore_wind_generation,Wind Offshore,2026-07-05T23:38:26Z
2026-07-05T23:37:01Z,2026-07-06T01:37:01+0200,947116b8-3478-48df-97c2-9d19820fe5c0,2026-06-11T08:15:00Z,2026-06-11T10:15:00+0200,202.5,MW,DE,DE_LU,forecast_offshore_wind_generation,Wind Offshore,2026-07-05T23:38:26Z
2026-07-05T23:37:01Z,2026-07-06T01:37:01+0200,947116b8-3478-48df-97c2-9d19820fe5c0,2026-06-11T08:30:00Z,2026-06-11T10:30:00+0200,214.5,MW,DE,DE_LU,forecast_offshore_wind_generation,Wind Offshore,2026-07-05T23:38:26Z
2026-07-05T23:37:01Z,2026-07-06T01:37:01+0200,947116b8-3478-48df-97c2-9d19820fe5c0,2026-06-11T08:45:00Z,2026-06-11T10:45:00+0200,227.75,MW,DE,DE_LU,forecast_offshore_wind_generation,Wind Offshore,2026-07-05T23:38:26Z
2026-07-05T23:37:01Z,2026-07-06T01:37:01+0200,947116b8-3478-48df-97c2-9d19820fe5c0,2026-06-11T09:00:00Z,2026-06-11T11:00:00+0200,246.8,MW,DE,DE_LU,forecast_offshore_wind_generation,Wind Offshore,2026-07-05T23:38:26Z
2026-07-05T23:37:01Z,2026-07-06T01:37:01+0200,947116b8-3478-48df-97c2-9d19820fe5c0,2026-06-11T09:15:00Z,2026-06-11T11:15:00+0200,271.17,MW,DE,DE_LU,forecast_offshore_wind_generation,Wind Offshore,2026-07-05T23:38:26Z
2026-07-05T23:37:01Z,2026-07-06T01:37:01+0200,947116b8-3478-48df-97c2-9d19820fe5c0,2026-06-11T09:30:00Z,2026-06-11T11:30:00+0200,292.54,MW,DE,DE_LU,forecast_offshore_wind_generation,Wind Offshore,2026-07-05T23:38:26Z
2026-07-05T23:37:01Z,2026-07-06T01:37:01+0200,947116b8-3478-48df-97c2-9d19820fe5c0,2026-06-11T09:45:00Z,2026-06-11T11:45:00+0200,314.06,MW,DE,DE_LU,forecast_offshore_wind_generation,Wind Offshore,2026-07-05T23:38:26Z
2026-07-05T23:37:01Z,2026-07-06T01:37:01+0200,947116b8-3478-48df-97c2-9d19820fe5c0,2026-06-11T10:00:00Z,2026-06-11T12:00:00+0200,342.09,MW,DE,DE_LU,forecast_offshore_wind_generation,Wind Offshore,2026-07-05T23:38:26Z
2026-07-05T23:37:01Z,2026-07-06T01:37:01+0200,947116b8-3478-48df-97c2-9d19820fe5c0,2026-06-11T10:15:00Z,2026-06-11T12:15:00+0200,382.71,MW,DE,DE_LU,forecast_offshore_wind_generation,Wind Offshore,2026-07-05T23:38:26Z
2026-07-05T23:37:01Z,2026-07-06T01:37:01+0200,947116b8-3478-48df-97c2-9d19820fe5c0,2026-06-11T10:30:00Z,2026-06-11T12:30:00+0200,415.06,MW,DE,DE_LU,forecast_offshore_wind_generation,Wind Offshore,2026-07-05T23:38:26Z
2026-07-05T23:37:01Z,2026-07-06T01:37:01+0200,947116b8-3478-48df-97c2-9d19820fe5c0,2026-06-11T10:45:00Z,2026-06-11T12:45:00+0200,451.28,MW,DE,DE_LU,forecast_offshore_wind_generation,Wind Offshore,2026-07-05T23:38:26Z
2026-07-05T23:37:01Z,2026-07-06T01:37:01+0200,947116b8-3478-48df-97c2-9d19820fe5c0,2026-06-11T11:00:00Z,2026-06-11T13:00:00+0200,500.36,MW,DE,DE_LU,forecast_offshore_wind_generation,Wind Offshore,2026-07-05T23:38:26Z
2026-07-05T23:37:01Z,2026-07-06T01:37:01+0200,947116b8-3478-48df-97c2-9d19820fe5c0,2026-06-11T11:15:00Z,2026-06-11T13:15:00+0200,552.03,MW,DE,DE_LU,forecast_offshore_wind_generation,Wind Offshore,2026-07-05T23:38:26Z
2026-07-05T23:37:01Z,2026-07-06T01:37:01+0200,947116b8-3478-48df-97c2-9d19820fe5c0,2026-06-11T11:30:00Z,2026-06-11T13:30:00+0200,609.75,MW,DE,DE_LU,forecast_offshore_wind_generation,Wind Offshore,2026-07-05T23:38:26Z
2026-07-05T23:37:01Z,2026-07-06T01:37:01+0200,947116b8-3478-48df-97c2-9d19820fe5c0,2026-06-11T11:45:00Z,2026-06-11T13:45:00+0200,662.57,MW,DE,DE_LU,forecast_offshore_wind_generation,Wind Offshore,2026-07-05T23:38:26Z
2026-07-05T23:37:01Z,2026-07-06T01:37:01+0200,947116b8-3478-48df-97c2-9d19820fe5c0,2026-06-11T12:00:00Z,2026-06-11T14:00:00+0200,723.74,MW,DE,DE_LU,forecast_offshore_wind_generation,Wind Offshore,2026-07-05T23:38:26Z
2026-07-05T23:37:01Z,2026-07-06T01:37:01+0200,947116b8-3478-48df-97c2-9d19820fe5c0,2026-06-11T12:15:00Z,2026-06-11T14:15:00+0200,791.06,MW,DE,DE_LU,forecast_offshore_wind_generation,Wind Offshore,2026-07-05T23:38:26Z
2026-07-05T23:37:01Z,2026-07-06T01:37:01+0200,947116b8-3478-48df-97c2-9d19820fe5c0,2026-06-11T12:30:00Z,2026-06-11T14:30:00+0200,863.32,MW,DE,DE_LU,forecast_offshore_wind_generation,Wind Offshore,2026-07-05T23:38:26Z
2026-07-05T23:37:01Z,2026-07-06T01:37:01+0200,947116b8-3478-48df-97c2-9d19820fe5c0,2026-06-11T12:45:00Z,2026-06-11T14:45:00+0200,935.56,MW,DE,DE_LU,forecast_offshore_wind_generation,Wind Offshore,2026-07-05T23:38:26Z
2026-07-05T23:37:01Z,2026-07-06T01:37:01+0200,947116b8-3478-48df-97c2-9d19820fe5c0,2026-06-11T13:00:00Z,2026-06-11T15:00:00+0200,1005.22,MW,DE,DE_LU,forecast_offshore_wind_generation,Wind Offshore,2026-07-05T23:38:26Z
2026-07-05T23:37:01Z,2026-07-06T01:37:01+0200,947116b8-3478-48df-97c2-9d19820fe5c0,2026-06-11T13:15:00Z,2026-06-11T15:15:00+0200,1078.58,MW,DE,DE_LU,forecast_offshore_wind_generation,Wind Offshore,2026-07-05T23:38:26Z
2026-07-05T23:37:01Z,2026-07-06T01:37:01+0200,947116b8-3478-48df-97c2-9d19820fe5c0,2026-06-11T13:30:00Z,2026-06-11T15:30:00+0200,1194.88,MW,DE,DE_LU,forecast_offshore_wind_generation,Wind Offshore,2026-07-05T23:38:26Z
2026-07-05T23:37:01Z,2026-07-06T01:37:01+0200,947116b8-3478-48df-97c2-9d19820fe5c0,2026-06-11T13:45:00Z,2026-06-11T15:45:00+0200,1279.6,MW,DE,DE_LU,forecast_offshore_wind_generation,Wind Offshore,2026-07-05T23:38:26Z
2026-07-05T23:37:01Z,2026-07-06T01:37:01+0200,947116b8-3478-48df-97c2-9d19820fe5c0,2026-06-11T14:00:00Z,2026-06-11T16:00:00+0200,1355.93,MW,DE,DE_LU,forecast_offshore_wind_generation,Wind Offshore,2026-07-05T23:38:26Z
2026-07-05T23:37:01Z,2026-07-06T01:37:01+0200,947116b8-3478-48df-97c2-9d19820fe5c0,2026-06-11T14:15:00Z,2026-06-11T16:15:00+0200,1422.69,MW,DE,DE_LU,forecast_offshore_wind_generation,Wind Offshore,2026-07-05T23:38:26Z
2026-07-05T23:37:01Z,2026-07-06T01:37:01+0200,947116b8-3478-48df-97c2-9d19820fe5c0,2026-06-11T14:30:00Z,2026-06-11T16:30:00+0200,1485.64,MW,DE,DE_LU,forecast_offshore_wind_generation,Wind Offshore,2026-07-05T23:38:26Z
2026-07-05T23:37:01Z,2026-07-06T01:37:01+0200,947116b8-3478-48df-97c2-9d19820fe5c0,2026-06-11T14:45:00Z,2026-06-11T16:45:00+0200,1553.02,MW,DE,DE_LU,forecast_offshore_wind_generation,Wind Offshore,2026-07-05T23:38:26Z
2026-07-05T23:37:01Z,2026-07-06T01:37:01+0200,947116b8-3478-48df-97c2-9d19820fe5c0,2026-06-11T15:00:00Z,2026-06-11T17:00:00+0200,1610.95,MW,DE,DE_LU,forecast_offshore_wind_generation,Wind Offshore,2026-07-05T23:38:26Z
2026-07-05T23:37:01Z,2026-07-06T01:37:01+0200,947116b8-3478-48df-97c2-9d19820fe5c0,2026-06-11T15:15:00Z,2026-06-11T17:15:00+0200,1637.69,MW,DE,DE_LU,forecast_offshore_wind_generation,Wind Offshore,2026-07-05T23:38:26Z
2026-07-05T23:37:01Z,2026-07-06T01:37:01+0200,947116b8-3478-48df-97c2-9d19820fe5c0,2026-06-11T15:30:00Z,2026-06-11T17:30:00+0200,1735.55,MW,DE,DE_LU,forecast_offshore_wind_generation,Wind Offshore,2026-07-05T23:38:26Z
2026-07-05T23:37:01Z,2026-07-06T01:37:01+0200,947116b8-3478-48df-97c2-9d19820fe5c0,2026-06-11T15:45:00Z,2026-06-11T17:45:00+0200,1766.45,MW,DE,DE_LU,forecast_offshore_wind_generation,Wind Offshore,2026-07-05T23:38:26Z
2026-07-05T23:37:01Z,2026-07-06T01:37:01+0200,947116b8-3478-48df-97c2-9d19820fe5c0,2026-06-11T16:00:00Z,2026-06-11T18:00:00+0200,1791.61,MW,DE,DE_LU,forecast_offshore_wind_generation,Wind Offshore,2026-07-05T23:38:26Z
2026-07-05T23:37:01Z,2026-07-06T01:37:01+0200,947116b8-3478-48df-97c2-9d19820fe5c0,2026-06-11T16:15:00Z,2026-06-11T18:15:00+0200,1797.26,MW,DE,DE_LU,forecast_offshore_wind_generation,Wind Offshore,2026-07-05T23:38:26Z
2026-07-05T23:37:01Z,2026-07-06T01:37:01+0200,947116b8-3478-48df-97c2-9d19820fe5c0,2026-06-11T16:30:00Z,2026-06-11T18:30:00+0200,1804.89,MW,DE,DE_LU,forecast_offshore_wind_generation,Wind Offshore,2026-07-05T23:38:26Z
2026-07-05T23:37:01Z,2026-07-06T01:37:01+0200,947116b8-3478-48df-97c2-9d19820fe5c0,2026-06-11T16:45:00Z,2026-06-11T18:45:00+0200,1816.69,MW,DE,DE_LU,forecast_offshore_wind_generation,Wind Offshore,2026-07-05T23:38:26Z
2026-07-05T23:37:01Z,2026-07-06T01:37:01+0200,947116b8-3478-48df-97c2-9d19820fe5c0,2026-06-11T17:00:00Z,2026-06-11T19:00:00+0200,1819.5,MW,DE,DE_LU,forecast_offshore_wind_generation,Wind Offshore,2026-07-05T23:38:26Z
2026-07-05T23:37:01Z,2026-07-06T01:37:01+0200,947116b8-3478-48df-97c2-9d19820fe5c0,2026-06-11T17:15:00Z,2026-06-11T19:15:00+0200,1805.38,MW,DE,DE_LU,forecast_offshore_wind_generation,Wind Offshore,2026-07-05T23:38:26Z
2026-07-05T23:37:01Z,2026-07-06T01:37:01+0200,947116b8-3478-48df-97c2-9d19820fe5c0,2026-06-11T17:30:00Z,2026-06-11T19:30:00+0200,1787.35,MW,DE,DE_LU,forecast_offshore_wind_generation,Wind Offshore,2026-07-05T23:38:26Z
2026-07-05T23:37:01Z,2026-07-06T01:37:01+0200,947116b8-3478-48df-97c2-9d19820fe5c0,2026-06-11T17:45:00Z,2026-06-11T19:45:00+0200,1775.73,MW,DE,DE_LU,forecast_offshore_wind_generation,Wind Offshore,2026-07-05T23:38:26Z
2026-07-05T23:37:01Z,2026-07-06T01:37:01+0200,947116b8-3478-48df-97c2-9d19820fe5c0,2026-06-11T18:00:00Z,2026-06-11T20:00:00+0200,1765.0,MW,DE,DE_LU,forecast_offshore_wind_generation,Wind Offshore,2026-07-05T23:38:26Z
2026-07-05T23:37:01Z,2026-07-06T01:37:01+0200,947116b8-3478-48df-97c2-9d19820fe5c0,2026-06-11T18:15:00Z,2026-06-11T20:15:00+0200,1716.3,MW,DE,DE_LU,forecast_offshore_wind_generation,Wind Offshore,2026-07-05T23:38:26Z
2026-07-05T23:37:01Z,2026-07-06T01:37:01+0200,947116b8-3478-48df-97c2-9d19820fe5c0,2026-06-11T18:30:00Z,2026-06-11T20:30:00+0200,1671.65,MW,DE,DE_LU,forecast_offshore_wind_generation,Wind Offshore,2026-07-05T23:38:26Z
2026-07-05T23:37:01Z,2026-07-06T01:37:01+0200,947116b8-3478-48df-97c2-9d19820fe5c0,2026-06-11T18:45:00Z,2026-06-11T20:45:00+0200,1620.62,MW,DE,DE_LU,forecast_offshore_wind_generation,Wind Offshore,2026-07-05T23:38:26Z
2026-07-05T23:37:01Z,2026-07-06T01:37:01+0200,947116b8-3478-48df-97c2-9d19820fe5c0,2026-06-11T19:00:00Z,2026-06-11T21:00:00+0200,1586.95,MW,DE,DE_LU,forecast_offshore_wind_generation,Wind Offshore,2026-07-05T23:38:26Z
2026-07-05T23:37:01Z,2026-07-06T01:37:01+0200,947116b8-3478-48df-97c2-9d19820fe5c0,2026-06-11T19:15:00Z,2026-06-11T21:15:00+0200,1612.97,MW,DE,DE_LU,forecast_offshore_wind_generation,Wind Offshore,2026-07-05T23:38:26Z
2026-07-05T23:37:01Z,2026-07-06T01:37:01+0200,947116b8-3478-48df-97c2-9d19820fe5c0,2026-06-11T19:30:00Z,2026-06-11T21:30:00+0200,1641.36,MW,DE,DE_LU,forecast_offshore_wind_generation,Wind Offshore,2026-07-05T23:38:26Z
2026-07-05T23:37:01Z,2026-07-06T01:37:01+0200,947116b8-3478-48df-97c2-9d19820fe5c0,2026-06-11T19:45:00Z,2026-06-11T21:45:00+0200,1669.02,MW,DE,DE_LU,forecast_offshore_wind_generation,Wind Offshore,2026-07-05T23:38:26Z
2026-07-05T23:37:01Z,2026-07-06T01:37:01+0200,947116b8-3478-48df-97c2-9d19820fe5c0,2026-06-11T20:00:00Z,2026-06-11T22:00:00+0200,1719.13,MW,DE,DE_LU,forecast_offshore_wind_generation,Wind Offshore,2026-07-05T23:38:26Z
2026-07-05T23:37:01Z,2026-07-06T01:37:01+0200,947116b8-3478-48df-97c2-9d19820fe5c0,2026-06-11T20:15:00Z,2026-06-11T22:15:00+0200,1872.64,MW,DE,DE_LU,forecast_offshore_wind_generation,Wind Offshore,2026-07-05T23:38:26Z
2026-07-05T23:37:01Z,2026-07-06T01:37:01+0200,947116b8-3478-48df-97c2-9d19820fe5c0,2026-06-11T20:30:00Z,2026-06-11T22:30:00+0200,2018.15,MW,DE,DE_LU,forecast_offshore_wind_generation,Wind Offshore,2026-07-05T23:38:26Z
2026-07-05T23:37:01Z,2026-07-06T01:37:01+0200,947116b8-3478-48df-97c2-9d19820fe5c0,2026-06-11T20:45:00Z,2026-06-11T22:45:00+0200,2169.83,MW,DE,DE_LU,forecast_offshore_wind_generation,Wind Offshore,2026-07-05T23:38:26Z
2026-07-05T23:37:01Z,2026-07-06T01:37:01+0200,947116b8-3478-48df-97c2-9d19820fe5c0,2026-06-11T21:00:00Z,2026-06-11T23:00:00+0200,2331.38,MW,DE,DE_LU,forecast_offshore_wind_generation,Wind Offshore,2026-07-05T23:38:26Z
2026-07-05T23:37:01Z,2026-07-06T01:37:01+0200,947116b8-3478-48df-97c2-9d19820fe5c0,2026-06-11T21:15:00Z,2026-06-11T23:15:00+0200,2552.82,MW,DE,DE_LU,forecast_offshore_wind_generation,Wind Offshore,2026-07-05T23:38:26Z
2026-07-05T23:37:01Z,2026-07-06T01:37:01+0200,947116b8-3478-48df-97c2-9d19820fe5c0,2026-06-11T21:30:00Z,2026-06-11T23:30:00+0200,2777.27,MW,DE,DE_LU,forecast_offshore_wind_generation,Wind Offshore,2026-07-05T23:38:26Z
2026-07-05T23:37:01Z,2026-07-06T01:37:01+0200,947116b8-3478-48df-97c2-9d19820fe5c0,2026-06-11T21:45:00Z,2026-06-11T23:45:00+0200,2994.81,MW,DE,DE_LU,forecast_offshore_wind_generation,Wind Offshore,2026-07-05T23:38:26Z
2026-07-05T23:37:01Z,2026-07-06T01:37:01+0200,947116b8-3478-48df-97c2-9d19820fe5c0,2026-06-11T22:00:00Z,2026-06-12T00:00:00+0200,2551.29,MW,DE,DE_LU,forecast_offshore_wind_generation,Wind Offshore,2026-07-05T23:38:26Z
2026-07-05T23:37:01Z,2026-07-06T01:37:01+0200,947116b8-3478-48df-97c2-9d19820fe5c0,2026-06-11T22:15:00Z,2026-06-12T00:15:00+0200,2756.71,MW,DE,DE_LU,forecast_offshore_wind_generation,Wind Offshore,2026-07-05T23:38:26Z
2026-07-05T23:37:01Z,2026-07-06T01:37:01+0200,947116b8-3478-48df-97c2-9d19820fe5c0,2026-06-11T22:30:00Z,2026-06-12T00:30:00+0200,2966.22,MW,DE,DE_LU,forecast_offshore_wind_generation,Wind Offshore,2026-07-05T23:38:26Z
2026-07-05T23:37:01Z,2026-07-06T01:37:01+0200,947116b8-3478-48df-97c2-9d19820fe5c0,2026-06-11T22:45:00Z,2026-06-12T00:45:00+0200,3151.6,MW,DE,DE_LU,forecast_offshore_wind_generation,Wind Offshore,2026-07-05T23:38:26Z
2026-07-05T23:37:01Z,2026-07-06T01:37:01+0200,947116b8-3478-48df-97c2-9d19820fe5c0,2026-06-11T23:00:00Z,2026-06-12T01:00:00+0200,3322.87,MW,DE,DE_LU,forecast_offshore_wind_generation,Wind Offshore,2026-07-05T23:38:26Z
2026-07-05T23:37:01Z,2026-07-06T01:37:01+0200,947116b8-3478-48df-97c2-9d19820fe5c0,2026-06-11T23:15:00Z,2026-06-12T01:15:00+0200,3469.61,MW,DE,DE_LU,forecast_offshore_wind_generation,Wind Offshore,2026-07-05T23:38:26Z
2026-07-05T23:37:01Z,2026-07-06T01:37:01+0200,947116b8-3478-48df-97c2-9d19820fe5c0,2026-06-11T23:30:00Z,2026-06-12T01:30:00+0200,3608.37,MW,DE,DE_LU,forecast_offshore_wind_generation,Wind Offshore,2026-07-05T23:38:26Z
2026-07-05T23:37:01Z,2026-07-06T01:37:01+0200,947116b8-3478-48df-97c2-9d19820fe5c0,2026-06-11T23:45:00Z,2026-06-12T01:45:00+0200,3750.27,MW,DE,DE_LU,forecast_offshore_wind_generation,Wind Offshore,2026-07-05T23:38:26Z
2026-07-05T23:37:01Z,2026-07-06T01:37:01+0200,947116b8-3478-48df-97c2-9d19820fe5c0,2026-06-12T00:00:00Z,2026-06-12T02:00:00+0200,3866.92,MW,DE,DE_LU,forecast_offshore_wind_generation,Wind Offshore,2026-07-05T23:38:26Z
2026-07-05T23:37:01Z,2026-07-06T01:37:01+0200,947116b8-3478-48df-97c2-9d19820fe5c0,2026-06-12T00:15:00Z,2026-06-12T02:15:00+0200,3924.9,MW,DE,DE_LU,forecast_offshore_wind_generation,Wind Offshore,2026-07-05T23:38:26Z
2026-07-05T23:37:01Z,2026-07-06T01:37:01+0200,947116b8-3478-48df-97c2-9d19820fe5c0,2026-06-12T00:30:00Z,2026-06-12T02:30:00+0200,3973.84,MW,DE,DE_LU,forecast_offshore_wind_generation,Wind Offshore,2026-07-05T23:38:26Z
2026-07-05T23:37:01Z,2026-07-06T01:37:01+0200,947116b8-3478-48df-97c2-9d19820fe5c0,2026-06-12T00:45:00Z,2026-06-12T02:45:00+0200,4011.59,MW,DE,DE_LU,forecast_offshore_wind_generation,Wind Offshore,2026-07-05T23:38:26Z
2026-07-05T23:37:01Z,2026-07-06T01:37:01+0200,947116b8-3478-48df-97c2-9d19820fe5c0,2026-06-12T01:00:00Z,2026-06-12T03:00:00+0200,4027.68,MW,DE,DE_LU,forecast_offshore_wind_generation,Wind Offshore,2026-07-05T23:38:26Z
2026-07-05T23:37:01Z,2026-07-06T01:37:01+0200,947116b8-3478-48df-97c2-9d19820fe5c0,2026-06-12T01:15:00Z,2026-06-12T03:15:00+0200,3999.63,MW,DE,DE_LU,forecast_offshore_wind_generation,Wind Offshore,2026-07-05T23:38:26Z
2026-07-05T23:37:01Z,2026-07-06T01:37:01+0200,947116b8-3478-48df-97c2-9d19820fe5c0,2026-06-12T01:30:00Z,2026-06-12T03:30:00+0200,3973.89,MW,DE,DE_LU,forecast_offshore_wind_generation,Wind Offshore,2026-07-05T23:38:26Z
2026-07-05T23:37:01Z,2026-07-06T01:37:01+0200,947116b8-3478-48df-97c2-9d19820fe5c0,2026-06-12T01:45:00Z,2026-06-12T03:45:00+0200,3944.89,MW,DE,DE_LU,forecast_offshore_wind_generation,Wind Offshore,2026-07-05T23:38:26Z
2026-07-05T23:37:01Z,2026-07-06T01:37:01+0200,947116b8-3478-48df-97c2-9d19820fe5c0,2026-06-12T02:00:00Z,2026-06-12T04:00:00+0200,3892.38,MW,DE,DE_LU,forecast_offshore_wind_generation,Wind Offshore,2026-07-05T23:38:26Z
2026-07-05T23:37:01Z,2026-07-06T01:37:01+0200,947116b8-3478-48df-97c2-9d19820fe5c0,2026-06-12T02:15:00Z,2026-06-12T04:15:00+0200,3781.33,MW,DE,DE_LU,forecast_offshore_wind_generation,Wind Offshore,2026-07-05T23:38:26Z
2026-07-05T23:37:01Z,2026-07-06T01:37:01+0200,947116b8-3478-48df-97c2-9d19820fe5c0,2026-06-12T02:30:00Z,2026-06-12T04:30:00+0200,3646.33,MW,DE,DE_LU,forecast_offshore_wind_generation,Wind Offshore,2026-07-05T23:38:26Z
2026-07-05T23:37:01Z,2026-07-06T01:37:01+0200,947116b8-3478-48df-97c2-9d19820fe5c0,2026-06-12T02:45:00Z,2026-06-12T04:45:00+0200,3512.22,MW,DE,DE_LU,forecast_offshore_wind_generation,Wind Offshore,2026-07-05T23:38:26Z
2026-07-05T23:37:01Z,2026-07-06T01:37:01+0200,947116b8-3478-48df-97c2-9d19820fe5c0,2026-06-12T03:00:00Z,2026-06-12T05:00:00+0200,3380.45,MW,DE,DE_LU,forecast_offshore_wind_generation,Wind Offshore,2026-07-05T23:38:26Z
2026-07-05T23:37:01Z,2026-07-06T01:37:01+0200,947116b8-3478-48df-97c2-9d19820fe5c0,2026-06-12T03:15:00Z,2026-06-12T05:15:00+0200,3266.53,MW,DE,DE_LU,forecast_offshore_wind_generation,Wind Offshore,2026-07-05T23:38:26Z
2026-07-05T23:37:01Z,2026-07-06T01:37:01+0200,947116b8-3478-48df-97c2-9d19820fe5c0,2026-06-12T03:30:00Z,2026-06-12T05:30:00+0200,3153.55,MW,DE,DE_LU,forecast_offshore_wind_generation,Wind Offshore,2026-07-05T23:38:26Z
2026-07-05T23:37:01Z,2026-07-06T01:37:01+0200,947116b8-3478-48df-97c2-9d19820fe5c0,2026-06-12T03:45:00Z,2026-06-12T05:45:00+0200,3045.3,MW,DE,DE_LU,forecast_offshore_wind_generation,Wind Offshore,2026-07-05T23:38:26Z
2026-07-05T23:37:01Z,2026-07-06T01:37:01+0200,947116b8-3478-48df-97c2-9d19820fe5c0,2026-06-12T04:00:00Z,2026-06-12T06:00:00+0200,2930.58,MW,DE,DE_LU,forecast_offshore_wind_generation,Wind Offshore,2026-07-05T23:38:26Z
2026-07-05T23:37:01Z,2026-07-06T01:37:01+0200,947116b8-3478-48df-97c2-9d19820fe5c0,2026-06-12T04:15:00Z,2026-06-12T06:15:00+0200,2886.13,MW,DE,DE_LU,forecast_offshore_wind_generation,Wind Offshore,2026-07-05T23:38:26Z
2026-07-05T23:37:01Z,2026-07-06T01:37:01+0200,947116b8-3478-48df-97c2-9d19820fe5c0,2026-06-12T04:30:00Z,2026-06-12T06:30:00+0200,2845.68,MW,DE,DE_LU,forecast_offshore_wind_generation,Wind Offshore,2026-07-05T23:38:26Z
2026-07-05T23:37:01Z,2026-07-06T01:37:01+0200,947116b8-3478-48df-97c2-9d19820fe5c0,2026-06-12T04:45:00Z,2026-06-12T06:45:00+0200,2806.22,MW,DE,DE_LU,forecast_offshore_wind_generation,Wind Offshore,2026-07-05T23:38:26Z
2026-07-05T23:37:01Z,2026-07-06T01:37:01+0200,947116b8-3478-48df-97c2-9d19820fe5c0,2026-06-12T05:00:00Z,2026-06-12T07:00:00+0200,2783.62,MW,DE,DE_LU,forecast_offshore_wind_generation,Wind Offshore,2026-07-05T23:38:26Z
2026-07-05T23:37:01Z,2026-07-06T01:37:01+0200,947116b8-3478-48df-97c2-9d19820fe5c0,2026-06-12T05:15:00Z,2026-06-12T07:15:00+0200,2812.63,MW,DE,DE_LU,forecast_offshore_wind_generation,Wind Offshore,2026-07-05T23:38:26Z
2026-07-05T23:37:01Z,2026-07-06T01:37:01+0200,947116b8-3478-48df-97c2-9d19820fe5c0,2026-06-12T05:30:00Z,2026-06-12T07:30:00+0200,2844.58,MW,DE,DE_LU,forecast_offshore_wind_generation,Wind Offshore,2026-07-05T23:38:26Z
2026-07-05T23:37:01Z,2026-07-06T01:37:01+0200,947116b8-3478-48df-97c2-9d19820fe5c0,2026-06-12T05:45:00Z,2026-06-12T07:45:00+0200,2872.62,MW,DE,DE_LU,forecast_offshore_wind_generation,Wind Offshore,2026-07-05T23:38:26Z
2026-07-05T23:37:01Z,2026-07-06T01:37:01+0200,947116b8-3478-48df-97c2-9d19820fe5c0,2026-06-12T06:00:00Z,2026-06-12T08:00:00+0200,2899.36,MW,DE,DE_LU,forecast_offshore_wind_generation,Wind Offshore,2026-07-05T23:38:26Z
2026-07-05T23:37:01Z,2026-07-06T01:37:01+0200,947116b8-3478-48df-97c2-9d19820fe5c0,2026-06-12T06:15:00Z,2026-06-12T08:15:00+0200,2907.47,MW,DE,DE_LU,forecast_offshore_wind_generation,Wind Offshore,2026-07-05T23:38:26Z
2026-07-05T23:37:01Z,2026-07-06T01:37:01+0200,947116b8-3478-48df-97c2-9d19820fe5c0,2026-06-12T06:30:00Z,2026-06-12T08:30:00+0200,2903.76,MW,DE,DE_LU,forecast_offshore_wind_generation,Wind Offshore,2026-07-05T23:38:26Z
2026-07-05T23:37:01Z,2026-07-06T01:37:01+0200,947116b8-3478-48df-97c2-9d19820fe5c0,2026-06-12T06:45:00Z,2026-06-12T08:45:00+0200,2907.2,MW,DE,DE_LU,forecast_offshore_wind_generation,Wind Offshore,2026-07-05T23:38:26Z
2026-07-05T23:37:01Z,2026-07-06T01:37:01+0200,947116b8-3478-48df-97c2-9d19820fe5c0,2026-06-12T07:00:00Z,2026-06-12T09:00:00+0200,2911.68,MW,DE,DE_LU,forecast_offshore_wind_generation,Wind Offshore,2026-07-05T23:38:26Z
2026-07-05T23:37:01Z,2026-07-06T01:37:01+0200,947116b8-3478-48df-97c2-9d19820fe5c0,2026-06-12T07:15:00Z,2026-06-12T09:15:00+0200,2991.99,MW,DE,DE_LU,forecast_offshore_wind_generation,Wind Offshore,2026-07-05T23:38:26Z
2026-07-05T23:37:01Z,2026-07-06T01:37:01+0200,947116b8-3478-48df-97c2-9d19820fe5c0,2026-06-12T07:30:00Z,2026-06-12T09:30:00+0200,3073.39,MW,DE,DE_LU,forecast_offshore_wind_generation,Wind Offshore,2026-07-05T23:38:26Z
2026-07-05T23:37:01Z,2026-07-06T01:37:01+0200,947116b8-3478-48df-97c2-9d19820fe5c0,2026-06-12T07:45:00Z,2026-06-12T09:45:00+0200,3149.86,MW,DE,DE_LU,forecast_offshore_wind_generation,Wind Offshore,2026-07-05T23:38:26Z
2026-07-05T23:37:01Z,2026-07-06T01:37:01+0200,947116b8-3478-48df-97c2-9d19820fe5c0,2026-06-12T08:00:00Z,2026-06-12T10:00:00+0200,3232.09,MW,DE,DE_LU,forecast_offshore_wind_generation,Wind Offshore,2026-07-05T23:38:26Z
2026-07-05T23:37:01Z,2026-07-06T01:37:01+0200,947116b8-3478-48df-97c2-9d19820fe5c0,2026-06-12T08:15:00Z,2026-06-12T10:15:00+0200,3320.65,MW,DE,DE_LU,forecast_offshore_wind_generation,Wind Offshore,2026-07-05T23:38:26Z
2026-07-05T23:37:01Z,2026-07-06T01:37:01+0200,947116b8-3478-48df-97c2-9d19820fe5c0,2026-06-12T08:30:00Z,2026-06-12T10:30:00+0200,3402.38,MW,DE,DE_LU,forecast_offshore_wind_generation,Wind Offshore,2026-07-05T23:38:26Z
2026-07-05T23:37:01Z,2026-07-06T01:37:01+0200,947116b8-3478-48df-97c2-9d19820fe5c0,2026-06-12T08:45:00Z,2026-06-12T10:45:00+0200,3487.16,MW,DE,DE_LU,forecast_offshore_wind_generation,Wind Offshore,2026-07-05T23:38:26Z
2026-07-05T23:37:01Z,2026-07-06T01:37:01+0200,947116b8-3478-48df-97c2-9d19820fe5c0,2026-06-12T09:00:00Z,2026-06-12T11:00:00+0200,3568.73,MW,DE,DE_LU,forecast_offshore_wind_generation,Wind Offshore,2026-07-05T23:38:26Z
2026-07-05T23:37:01Z,2026-07-06T01:37:01+0200,947116b8-3478-48df-97c2-9d19820fe5c0,2026-06-12T09:15:00Z,2026-06-12T11:15:00+0200,3652.69,MW,DE,DE_LU,forecast_offshore_wind_generation,Wind Offshore,2026-07-05T23:38:26Z
2026-07-05T23:37:01Z,2026-07-06T01:37:01+0200,947116b8-3478-48df-97c2-9d19820fe5c0,2026-06-12T09:30:00Z,2026-06-12T11:30:00+0200,3727.03,MW,DE,DE_LU,forecast_offshore_wind_generation,Wind Offshore,2026-07-05T23:38:26Z
2026-07-05T23:37:01Z,2026-07-06T01:37:01+0200,947116b8-3478-48df-97c2-9d19820fe5c0,2026-06-12T09:45:00Z,2026-06-12T11:45:00+0200,3796.79,MW,DE,DE_LU,forecast_offshore_wind_generation,Wind Offshore,2026-07-05T23:38:26Z
2026-07-05T23:37:01Z,2026-07-06T01:37:01+0200,947116b8-3478-48df-97c2-9d19820fe5c0,2026-06-12T10:00:00Z,2026-06-12T12:00:00+0200,3863.27,MW,DE,DE_LU,forecast_offshore_wind_generation,Wind Offshore,2026-07-05T23:38:26Z
2026-07-05T23:37:01Z,2026-07-06T01:37:01+0200,947116b8-3478-48df-97c2-9d19820fe5c0,2026-06-12T10:15:00Z,2026-06-12T12:15:00+0200,3702.78,MW,DE,DE_LU,forecast_offshore_wind_generation,Wind Offshore,2026-07-05T23:38:26Z
2026-07-05T23:37:01Z,2026-07-06T01:37:01+0200,947116b8-3478-48df-97c2-9d19820fe5c0,2026-06-12T10:30:00Z,2026-06-12T12:30:00+0200,3759.28,MW,DE,DE_LU,forecast_offshore_wind_generation,Wind Offshore,2026-07-05T23:38:26Z
2026-07-05T23:37:01Z,2026-07-06T01:37:01+0200,947116b8-3478-48df-97c2-9d19820fe5c0,2026-06-12T10:45:00Z,2026-06-12T12:45:00+0200,3809.26,MW,DE,DE_LU,forecast_offshore_wind_generation,Wind Offshore,2026-07-05T23:38:26Z
2026-07-05T23:37:01Z,2026-07-06T01:37:01+0200,947116b8-3478-48df-97c2-9d19820fe5c0,2026-06-12T11:00:00Z,2026-06-12T13:00:00+0200,3862.16,MW,DE,DE_LU,forecast_offshore_wind_generation,Wind Offshore,2026-07-05T23:38:26Z
2026-07-05T23:37:01Z,2026-07-06T01:37:01+0200,947116b8-3478-48df-97c2-9d19820fe5c0,2026-06-12T11:15:00Z,2026-06-12T13:15:00+0200,3925.67,MW,DE,DE_LU,forecast_offshore_wind_generation,Wind Offshore,2026-07-05T23:38:26Z
2026-07-05T23:37:01Z,2026-07-06T01:37:01+0200,947116b8-3478-48df-97c2-9d19820fe5c0,2026-06-12T11:30:00Z,2026-06-12T13:30:00+0200,3970.38,MW,DE,DE_LU,forecast_offshore_wind_generation,Wind Offshore,2026-07-05T23:38:26Z
2026-07-05T23:37:01Z,2026-07-06T01:37:01+0200,947116b8-3478-48df-97c2-9d19820fe5c0,2026-06-12T11:45:00Z,2026-06-12T13:45:00+0200,4026.03,MW,DE,DE_LU,forecast_offshore_wind_generation,Wind Offshore,2026-07-05T23:38:26Z
2026-07-05T23:37:01Z,2026-07-06T01:37:01+0200,947116b8-3478-48df-97c2-9d19820fe5c0,2026-06-12T12:00:00Z,2026-06-12T14:00:00+0200,4078.42,MW,DE,DE_LU,forecast_offshore_wind_generation,Wind Offshore,2026-07-05T23:38:26Z
2026-07-05T23:37:01Z,2026-07-06T01:37:01+0200,947116b8-3478-48df-97c2-9d19820fe5c0,2026-06-12T12:15:00Z,2026-06-12T14:15:00+0200,4142.79,MW,DE,DE_LU,forecast_offshore_wind_generation,Wind Offshore,2026-07-05T23:38:26Z
2026-07-05T23:37:01Z,2026-07-06T01:37:01+0200,947116b8-3478-48df-97c2-9d19820fe5c0,2026-06-12T12:30:00Z,2026-06-12T14:30:00+0200,4162.38,MW,DE,DE_LU,forecast_offshore_wind_generation,Wind Offshore,2026-07-05T23:38:26Z
2026-07-05T23:37:01Z,2026-07-06T01:37:01+0200,947116b8-3478-48df-97c2-9d19820fe5c0,2026-06-12T12:45:00Z,2026-06-12T14:45:00+0200,4213.07,MW,DE,DE_LU,forecast_offshore_wind_generation,Wind Offshore,2026-07-05T23:38:26Z
2026-07-05T23:37:01Z,2026-07-06T01:37:01+0200,947116b8-3478-48df-97c2-9d19820fe5c0,2026-06-12T13:00:00Z,2026-06-12T15:00:00+0200,4243.75,MW,DE,DE_LU,forecast_offshore_wind_generation,Wind Offshore,2026-07-05T23:38:26Z
2026-07-05T23:37:01Z,2026-07-06T01:37:01+0200,947116b8-3478-48df-97c2-9d19820fe5c0,2026-06-12T13:15:00Z,2026-06-12T15:15:00+0200,4256.16,MW,DE,DE_LU,forecast_offshore_wind_generation,Wind Offshore,2026-07-05T23:38:26Z
2026-07-05T23:37:01Z,2026-07-06T01:37:01+0200,947116b8-3478-48df-97c2-9d19820fe5c0,2026-06-12T13:30:00Z,2026-06-12T15:30:00+0200,4258.72,MW,DE,DE_LU,forecast_offshore_wind_generation,Wind Offshore,2026-07-05T23:38:26Z
2026-07-05T23:37:01Z,2026-07-06T01:37:01+0200,947116b8-3478-48df-97c2-9d19820fe5c0,2026-06-12T13:45:00Z,2026-06-12T15:45:00+0200,4256.0,MW,DE,DE_LU,forecast_offshore_wind_generation,Wind Offshore,2026-07-05T23:38:26Z
2026-07-05T23:37:01Z,2026-07-06T01:37:01+0200,947116b8-3478-48df-97c2-9d19820fe5c0,2026-06-12T14:00:00Z,2026-06-12T16:00:00+0200,4256.19,MW,DE,DE_LU,forecast_offshore_wind_generation,Wind Offshore,2026-07-05T23:38:26Z
2026-07-05T23:37:01Z,2026-07-06T01:37:01+0200,947116b8-3478-48df-97c2-9d19820fe5c0,2026-06-12T14:15:00Z,2026-06-12T16:15:00+0200,4206.04,MW,DE,DE_LU,forecast_offshore_wind_generation,Wind Offshore,2026-07-05T23:38:26Z
2026-07-05T23:37:01Z,2026-07-06T01:37:01+0200,947116b8-3478-48df-97c2-9d19820fe5c0,2026-06-12T14:30:00Z,2026-06-12T16:30:00+0200,4151.78,MW,DE,DE_LU,forecast_offshore_wind_generation,Wind Offshore,2026-07-05T23:38:26Z
2026-07-05T23:37:01Z,2026-07-06T01:37:01+0200,947116b8-3478-48df-97c2-9d19820fe5c0,2026-06-12T14:45:00Z,2026-06-12T16:45:00+0200,4179.12,MW,DE,DE_LU,forecast_offshore_wind_generation,Wind Offshore,2026-07-05T23:38:26Z
2026-07-05T23:37:01Z,2026-07-06T01:37:01+0200,947116b8-3478-48df-97c2-9d19820fe5c0,2026-06-12T15:00:00Z,2026-06-12T17:00:00+0200,4107.26,MW,DE,DE_LU,forecast_offshore_wind_generation,Wind Offshore,2026-07-05T23:38:26Z
2026-07-05T23:37:01Z,2026-07-06T01:37:01+0200,947116b8-3478-48df-97c2-9d19820fe5c0,2026-06-12T15:15:00Z,2026-06-12T17:15:00+0200,4005.96,MW,DE,DE_LU,forecast_offshore_wind_generation,Wind Offshore,2026-07-05T23:38:26Z
2026-07-05T23:37:01Z,2026-07-06T01:37:01+0200,947116b8-3478-48df-97c2-9d19820fe5c0,2026-06-12T15:30:00Z,2026-06-12T17:30:00+0200,3902.93,MW,DE,DE_LU,forecast_offshore_wind_generation,Wind Offshore,2026-07-05T23:38:26Z
2026-07-05T23:37:01Z,2026-07-06T01:37:01+0200,947116b8-3478-48df-97c2-9d19820fe5c0,2026-06-12T15:45:00Z,2026-06-12T17:45:00+0200,3789.31,MW,DE,DE_LU,forecast_offshore_wind_generation,Wind Offshore,2026-07-05T23:38:26Z
2026-07-05T23:37:01Z,2026-07-06T01:37:01+0200,947116b8-3478-48df-97c2-9d19820fe5c0,2026-06-12T16:00:00Z,2026-06-12T18:00:00+0200,3665.21,MW,DE,DE_LU,forecast_offshore_wind_generation,Wind Offshore,2026-07-05T23:38:26Z
2026-07-05T23:37:01Z,2026-07-06T01:37:01+0200,947116b8-3478-48df-97c2-9d19820fe5c0,2026-06-12T16:15:00Z,2026-06-12T18:15:00+0200,3561.32,MW,DE,DE_LU,forecast_offshore_wind_generation,Wind Offshore,2026-07-05T23:38:26Z
2026-07-05T23:37:01Z,2026-07-06T01:37:01+0200,947116b8-3478-48df-97c2-9d19820fe5c0,2026-06-12T16:30:00Z,2026-06-12T18:30:00+0200,3450.63,MW,DE,DE_LU,forecast_offshore_wind_generation,Wind Offshore,2026-07-05T23:38:26Z
2026-07-05T23:37:01Z,2026-07-06T01:37:01+0200,947116b8-3478-48df-97c2-9d19820fe5c0,2026-06-12T16:45:00Z,2026-06-12T18:45:00+0200,3331.89,MW,DE,DE_LU,forecast_offshore_wind_generation,Wind Offshore,2026-07-05T23:38:26Z
2026-07-05T23:37:01Z,2026-07-06T01:37:01+0200,947116b8-3478-48df-97c2-9d19820fe5c0,2026-06-12T17:00:00Z,2026-06-12T19:00:00+0200,3215.22,MW,DE,DE_LU,forecast_offshore_wind_generation,Wind Offshore,2026-07-05T23:38:26Z
2026-07-05T23:37:01Z,2026-07-06T01:37:01+0200,947116b8-3478-48df-97c2-9d19820fe5c0,2026-06-12T17:15:00Z,2026-06-12T19:15:00+0200,3138.44,MW,DE,DE_LU,forecast_offshore_wind_generation,Wind Offshore,2026-07-05T23:38:26Z
2026-07-05T23:37:01Z,2026-07-06T01:37:01+0200,947116b8-3478-48df-97c2-9d19820fe5c0,2026-06-12T17:30:00Z,2026-06-12T19:30:00+0200,3048.5,MW,DE,DE_LU,forecast_offshore_wind_generation,Wind Offshore,2026-07-05T23:38:26Z
2026-07-05T23:37:01Z,2026-07-06T01:37:01+0200,947116b8-3478-48df-97c2-9d19820fe5c0,2026-06-12T17:45:00Z,2026-06-12T19:45:00+0200,2942.97,MW,DE,DE_LU,forecast_offshore_wind_generation,Wind Offshore,2026-07-05T23:38:26Z
2026-07-05T23:37:01Z,2026-07-06T01:37:01+0200,947116b8-3478-48df-97c2-9d19820fe5c0,2026-06-12T18:00:00Z,2026-06-12T20:00:00+0200,2851.99,MW,DE,DE_LU,forecast_offshore_wind_generation,Wind Offshore,2026-07-05T23:38:26Z
2026-07-05T23:37:01Z,2026-07-06T01:37:01+0200,947116b8-3478-48df-97c2-9d19820fe5c0,2026-06-12T18:15:00Z,2026-06-12T20:15:00+0200,2781.61,MW,DE,DE_LU,forecast_offshore_wind_generation,Wind Offshore,2026-07-05T23:38:26Z
2026-07-05T23:37:01Z,2026-07-06T01:37:01+0200,947116b8-3478-48df-97c2-9d19820fe5c0,2026-06-12T18:30:00Z,2026-06-12T20:30:00+0200,2744.61,MW,DE,DE_LU,forecast_offshore_wind_generation,Wind Offshore,2026-07-05T23:38:26Z
2026-07-05T23:37:01Z,2026-07-06T01:37:01+0200,947116b8-3478-48df-97c2-9d19820fe5c0,2026-06-12T18:45:00Z,2026-06-12T20:45:00+0200,2677.32,MW,DE,DE_LU,forecast_offshore_wind_generation,Wind Offshore,2026-07-05T23:38:26Z
2026-07-05T23:37:01Z,2026-07-06T01:37:01+0200,947116b8-3478-48df-97c2-9d19820fe5c0,2026-06-12T19:00:00Z,2026-06-12T21:00:00+0200,2612.57,MW,DE,DE_LU,forecast_offshore_wind_generation,Wind Offshore,2026-07-05T23:38:26Z
2026-07-05T23:37:01Z,2026-07-06T01:37:01+0200,947116b8-3478-48df-97c2-9d19820fe5c0,2026-06-12T19:15:00Z,2026-06-12T21:15:00+0200,2633.98,MW,DE,DE_LU,forecast_offshore_wind_generation,Wind Offshore,2026-07-05T23:38:26Z
2026-07-05T23:37:01Z,2026-07-06T01:37:01+0200,947116b8-3478-48df-97c2-9d19820fe5c0,2026-06-12T19:30:00Z,2026-06-12T21:30:00+0200,2653.54,MW,DE,DE_LU,forecast_offshore_wind_generation,Wind Offshore,2026-07-05T23:38:26Z
2026-07-05T23:37:01Z,2026-07-06T01:37:01+0200,947116b8-3478-48df-97c2-9d19820fe5c0,2026-06-12T19:45:00Z,2026-06-12T21:45:00+0200,2670.69,MW,DE,DE_LU,forecast_offshore_wind_generation,Wind Offshore,2026-07-05T23:38:26Z
2026-07-05T23:37:01Z,2026-07-06T01:37:01+0200,947116b8-3478-48df-97c2-9d19820fe5c0,2026-06-12T20:00:00Z,2026-06-12T22:00:00+0200,2717.86,MW,DE,DE_LU,forecast_offshore_wind_generation,Wind Offshore,2026-07-05T23:38:26Z
2026-07-05T23:37:01Z,2026-07-06T01:37:01+0200,947116b8-3478-48df-97c2-9d19820fe5c0,2026-06-12T20:15:00Z,2026-06-12T22:15:00+0200,2767.92,MW,DE,DE_LU,forecast_offshore_wind_generation,Wind Offshore,2026-07-05T23:38:26Z
2026-07-05T23:37:01Z,2026-07-06T01:37:01+0200,947116b8-3478-48df-97c2-9d19820fe5c0,2026-06-12T20:30:00Z,2026-06-12T22:30:00+0200,2815.05,MW,DE,DE_LU,forecast_offshore_wind_generation,Wind Offshore,2026-07-05T23:38:26Z
2026-07-05T23:37:01Z,2026-07-06T01:37:01+0200,947116b8-3478-48df-97c2-9d19820fe5c0,2026-06-12T20:45:00Z,2026-06-12T22:45:00+0200,2866.84,MW,DE,DE_LU,forecast_offshore_wind_generation,Wind Offshore,2026-07-05T23:38:26Z
2026-07-05T23:37:01Z,2026-07-06T01:37:01+0200,947116b8-3478-48df-97c2-9d19820fe5c0,2026-06-12T21:00:00Z,2026-06-12T23:00:00+0200,2912.96,MW,DE,DE_LU,forecast_offshore_wind_generation,Wind Offshore,2026-07-05T23:38:26Z
2026-07-05T23:37:01Z,2026-07-06T01:37:01+0200,947116b8-3478-48df-97c2-9d19820fe5c0,2026-06-12T21:15:00Z,2026-06-12T23:15:00+0200,2972.99,MW,DE,DE_LU,forecast_offshore_wind_generation,Wind Offshore,2026-07-05T23:38:26Z
2026-07-05T23:37:01Z,2026-07-06T01:37:01+0200,947116b8-3478-48df-97c2-9d19820fe5c0,2026-06-12T21:30:00Z,2026-06-12T23:30:00+0200,3027.6,MW,DE,DE_LU,forecast_offshore_wind_generation,Wind Offshore,2026-07-05T23:38:26Z
2026-07-05T23:37:01Z,2026-07-06T01:37:01+0200,947116b8-3478-48df-97c2-9d19820fe5c0,2026-06-12T21:45:00Z,2026-06-12T23:45:00+0200,3083.27,MW,DE,DE_LU,forecast_offshore_wind_generation,Wind Offshore,2026-07-05T23:38:26Z
2026-07-05T23:37:01Z,2026-07-06T01:37:01+0200,947116b8-3478-48df-97c2-9d19820fe5c0,2026-06-12T22:00:00Z,2026-06-13T00:00:00+0200,2980.9,MW,DE,DE_LU,forecast_offshore_wind_generation,Wind Offshore,2026-07-05T23:38:26Z
2026-07-05T23:37:01Z,2026-07-06T01:37:01+0200,947116b8-3478-48df-97c2-9d19820fe5c0,2026-06-12T22:15:00Z,2026-06-13T00:15:00+0200,3128.24,MW,DE,DE_LU,forecast_offshore_wind_generation,Wind Offshore,2026-07-05T23:38:26Z
2026-07-05T23:37:01Z,2026-07-06T01:37:01+0200,947116b8-3478-48df-97c2-9d19820fe5c0,2026-06-12T22:30:00Z,2026-06-13T00:30:00+0200,3269.79,MW,DE,DE_LU,forecast_offshore_wind_generation,Wind Offshore,2026-07-05T23:38:26Z
2026-07-05T23:37:01Z,2026-07-06T01:37:01+0200,947116b8-3478-48df-97c2-9d19820fe5c0,2026-06-12T22:45:00Z,2026-06-13T00:45:00+0200,3413.32,MW,DE,DE_LU,forecast_offshore_wind_generation,Wind Offshore,2026-07-05T23:38:26Z
2026-07-05T23:37:01Z,2026-07-06T01:37:01+0200,947116b8-3478-48df-97c2-9d19820fe5c0,2026-06-12T23:00:00Z,2026-06-13T01:00:00+0200,3582.04,MW,DE,DE_LU,forecast_offshore_wind_generation,Wind Offshore,2026-07-05T23:38:26Z
2026-07-05T23:37:01Z,2026-07-06T01:37:01+0200,947116b8-3478-48df-97c2-9d19820fe5c0,2026-06-12T23:15:00Z,2026-06-13T01:15:00+0200,3767.16,MW,DE,DE_LU,forecast_offshore_wind_generation,Wind Offshore,2026-07-05T23:38:26Z
2026-07-05T23:37:01Z,2026-07-06T01:37:01+0200,947116b8-3478-48df-97c2-9d19820fe5c0,2026-06-12T23:30:00Z,2026-06-13T01:30:00+0200,3948.34,MW,DE,DE_LU,forecast_offshore_wind_generation,Wind Offshore,2026-07-05T23:38:26Z
2026-07-05T23:37:01Z,2026-07-06T01:37:01+0200,947116b8-3478-48df-97c2-9d19820fe5c0,2026-06-12T23:45:00Z,2026-06-13T01:45:00+0200,4130.72,MW,DE,DE_LU,forecast_offshore_wind_generation,Wind Offshore,2026-07-05T23:38:26Z
2026-07-05T23:37:01Z,2026-07-06T01:37:01+0200,947116b8-3478-48df-97c2-9d19820fe5c0,2026-06-13T00:00:00Z,2026-06-13T02:00:00+0200,4310.31,MW,DE,DE_LU,forecast_offshore_wind_generation,Wind Offshore,2026-07-05T23:38:26Z
2026-07-05T23:37:01Z,2026-07-06T01:37:01+0200,947116b8-3478-48df-97c2-9d19820fe5c0,2026-06-13T00:15:00Z,2026-06-13T02:15:00+0200,4494.69,MW,DE,DE_LU,forecast_offshore_wind_generation,Wind Offshore,2026-07-05T23:38:26Z
2026-07-05T23:37:01Z,2026-07-06T01:37:01+0200,947116b8-3478-48df-97c2-9d19820fe5c0,2026-06-13T00:30:00Z,2026-06-13T02:30:00+0200,4674.89,MW,DE,DE_LU,forecast_offshore_wind_generation,Wind Offshore,2026-07-05T23:38:26Z
2026-07-05T23:37:01Z,2026-07-06T01:37:01+0200,947116b8-3478-48df-97c2-9d19820fe5c0,2026-06-13T00:45:00Z,2026-06-13T02:45:00+0200,4853.74,MW,DE,DE_LU,forecast_offshore_wind_generation,Wind Offshore,2026-07-05T23:38:26Z
2026-07-05T23:37:01Z,2026-07-06T01:37:01+0200,947116b8-3478-48df-97c2-9d19820fe5c0,2026-06-13T01:00:00Z,2026-06-13T03:00:00+0200,5013.59,MW,DE,DE_LU,forecast_offshore_wind_generation,Wind Offshore,2026-07-05T23:38:26Z
2026-07-05T23:37:01Z,2026-07-06T01:37:01+0200,947116b8-3478-48df-97c2-9d19820fe5c0,2026-06-13T01:15:00Z,2026-06-13T03:15:00+0200,5123.39,MW,DE,DE_LU,forecast_offshore_wind_generation,Wind Offshore,2026-07-05T23:38:26Z
2026-07-05T23:37:01Z,2026-07-06T01:37:01+0200,947116b8-3478-48df-97c2-9d19820fe5c0,2026-06-13T01:30:00Z,2026-06-13T03:30:00+0200,5193.19,MW,DE,DE_LU,forecast_offshore_wind_generation,Wind Offshore,2026-07-05T23:38:26Z
2026-07-05T23:37:01Z,2026-07-06T01:37:01+0200,947116b8-3478-48df-97c2-9d19820fe5c0,2026-06-13T01:45:00Z,2026-06-13T03:45:00+0200,5238.5,MW,DE,DE_LU,forecast_offshore_wind_generation,Wind Offshore,2026-07-05T23:38:26Z
2026-07-05T23:37:01Z,2026-07-06T01:37:01+0200,947116b8-3478-48df-97c2-9d19820fe5c0,2026-06-13T02:00:00Z,2026-06-13T04:00:00+0200,5322.82,MW,DE,DE_LU,forecast_offshore_wind_generation,Wind Offshore,2026-07-05T23:38:26Z
2026-07-05T23:37:01Z,2026-07-06T01:37:01+0200,947116b8-3478-48df-97c2-9d19820fe5c0,2026-06-13T02:15:00Z,2026-06-13T04:15:00+0200,5389.69,MW,DE,DE_LU,forecast_offshore_wind_generation,Wind Offshore,2026-07-05T23:38:26Z
2026-07-05T23:37:01Z,2026-07-06T01:37:01+0200,947116b8-3478-48df-97c2-9d19820fe5c0,2026-06-13T02:30:00Z,2026-06-13T04:30:00+0200,5444.78,MW,DE,DE_LU,forecast_offshore_wind_generation,Wind Offshore,2026-07-05T23:38:26Z
2026-07-05T23:37:01Z,2026-07-06T01:37:01+0200,947116b8-3478-48df-97c2-9d19820fe5c0,2026-06-13T02:45:00Z,2026-06-13T04:45:00+0200,5498.89,MW,DE,DE_LU,forecast_offshore_wind_generation,Wind Offshore,2026-07-05T23:38:26Z
2026-07-05T23:37:01Z,2026-07-06T01:37:01+0200,947116b8-3478-48df-97c2-9d19820fe5c0,2026-06-13T03:00:00Z,2026-06-13T05:00:00+0200,5480.68,MW,DE,DE_LU,forecast_offshore_wind_generation,Wind Offshore,2026-07-05T23:38:26Z
2026-07-05T23:37:01Z,2026-07-06T01:37:01+0200,947116b8-3478-48df-97c2-9d19820fe5c0,2026-06-13T03:15:00Z,2026-06-13T05:15:00+0200,5467.87,MW,DE,DE_LU,forecast_offshore_wind_generation,Wind Offshore,2026-07-05T23:38:26Z
2026-07-05T23:37:01Z,2026-07-06T01:37:01+0200,947116b8-3478-48df-97c2-9d19820fe5c0,2026-06-13T03:30:00Z,2026-06-13T05:30:00+0200,5518.3,MW,DE,DE_LU,forecast_offshore_wind_generation,Wind Offshore,2026-07-05T23:38:26Z
2026-07-05T23:37:01Z,2026-07-06T01:37:01+0200,947116b8-3478-48df-97c2-9d19820fe5c0,2026-06-13T03:45:00Z,2026-06-13T05:45:00+0200,5565.11,MW,DE,DE_LU,forecast_offshore_wind_generation,Wind Offshore,2026-07-05T23:38:26Z
2026-07-05T23:37:01Z,2026-07-06T01:37:01+0200,947116b8-3478-48df-97c2-9d19820fe5c0,2026-06-13T04:00:00Z,2026-06-13T06:00:00+0200,5597.61,MW,DE,DE_LU,forecast_offshore_wind_generation,Wind Offshore,2026-07-05T23:38:26Z
2026-07-05T23:37:01Z,2026-07-06T01:37:01+0200,947116b8-3478-48df-97c2-9d19820fe5c0,2026-06-13T04:15:00Z,2026-06-13T06:15:00+0200,5600.48,MW,DE,DE_LU,forecast_offshore_wind_generation,Wind Offshore,2026-07-05T23:38:26Z
2026-07-05T23:37:01Z,2026-07-06T01:37:01+0200,947116b8-3478-48df-97c2-9d19820fe5c0,2026-06-13T04:30:00Z,2026-06-13T06:30:00+0200,5639.55,MW,DE,DE_LU,forecast_offshore_wind_generation,Wind Offshore,2026-07-05T23:38:26Z
2026-07-05T23:37:01Z,2026-07-06T01:37:01+0200,947116b8-3478-48df-97c2-9d19820fe5c0,2026-06-13T04:45:00Z,2026-06-13T06:45:00+0200,5670.76,MW,DE,DE_LU,forecast_offshore_wind_generation,Wind Offshore,2026-07-05T23:38:26Z
2026-07-05T23:37:01Z,2026-07-06T01:37:01+0200,947116b8-3478-48df-97c2-9d19820fe5c0,2026-06-13T05:00:00Z,2026-06-13T07:00:00+0200,5659.09,MW,DE,DE_LU,forecast_offshore_wind_generation,Wind Offshore,2026-07-05T23:38:26Z
2026-07-05T23:37:01Z,2026-07-06T01:37:01+0200,947116b8-3478-48df-97c2-9d19820fe5c0,2026-06-13T05:15:00Z,2026-06-13T07:15:00+0200,5645.87,MW,DE,DE_LU,forecast_offshore_wind_generation,Wind Offshore,2026-07-05T23:38:26Z
2026-07-05T23:37:01Z,2026-07-06T01:37:01+0200,947116b8-3478-48df-97c2-9d19820fe5c0,2026-06-13T05:30:00Z,2026-06-13T07:30:00+0200,5653.44,MW,DE,DE_LU,forecast_offshore_wind_generation,Wind Offshore,2026-07-05T23:38:26Z
2026-07-05T23:37:01Z,2026-07-06T01:37:01+0200,947116b8-3478-48df-97c2-9d19820fe5c0,2026-06-13T05:45:00Z,2026-06-13T07:45:00+0200,5674.91,MW,DE,DE_LU,forecast_offshore_wind_generation,Wind Offshore,2026-07-05T23:38:26Z
2026-07-05T23:37:01Z,2026-07-06T01:37:01+0200,947116b8-3478-48df-97c2-9d19820fe5c0,2026-06-13T06:00:00Z,2026-06-13T08:00:00+0200,5400.59,MW,DE,DE_LU,forecast_offshore_wind_generation,Wind Offshore,2026-07-05T23:38:26Z
2026-07-05T23:37:01Z,2026-07-06T01:37:01+0200,947116b8-3478-48df-97c2-9d19820fe5c0,2026-06-13T06:15:00Z,2026-06-13T08:15:00+0200,5376.64,MW,DE,DE_LU,forecast_offshore_wind_generation,Wind Offshore,2026-07-05T23:38:26Z
2026-07-05T23:37:01Z,2026-07-06T01:37:01+0200,947116b8-3478-48df-97c2-9d19820fe5c0,2026-06-13T06:30:00Z,2026-06-13T08:30:00+0200,5304.96,MW,DE,DE_LU,forecast_offshore_wind_generation,Wind Offshore,2026-07-05T23:38:26Z
2026-07-05T23:37:01Z,2026-07-06T01:37:01+0200,947116b8-3478-48df-97c2-9d19820fe5c0,2026-06-13T06:45:00Z,2026-06-13T08:45:00+0200,5285.35,MW,DE,DE_LU,forecast_offshore_wind_generation,Wind Offshore,2026-07-05T23:38:26Z
2026-07-05T23:37:01Z,2026-07-06T01:37:01+0200,947116b8-3478-48df-97c2-9d19820fe5c0,2026-06-13T07:00:00Z,2026-06-13T09:00:00+0200,2709.27,MW,DE,DE_LU,forecast_offshore_wind_generation,Wind Offshore,2026-07-05T23:38:26Z
2026-07-05T23:37:01Z,2026-07-06T01:37:01+0200,947116b8-3478-48df-97c2-9d19820fe5c0,2026-06-13T07:15:00Z,2026-06-13T09:15:00+0200,2699.61,MW,DE,DE_LU,forecast_offshore_wind_generation,Wind Offshore,2026-07-05T23:38:26Z
2026-07-05T23:37:01Z,2026-07-06T01:37:01+0200,947116b8-3478-48df-97c2-9d19820fe5c0,2026-06-13T07:30:00Z,2026-06-13T09:30:00+0200,2679.99,MW,DE,DE_LU,forecast_offshore_wind_generation,Wind Offshore,2026-07-05T23:38:26Z
2026-07-05T23:37:01Z,2026-07-06T01:37:01+0200,947116b8-3478-48df-97c2-9d19820fe5c0,2026-06-13T07:45:00Z,2026-06-13T09:45:00+0200,2662.62,MW,DE,DE_LU,forecast_offshore_wind_generation,Wind Offshore,2026-07-05T23:38:26Z
2026-07-05T23:37:01Z,2026-07-06T01:37:01+0200,947116b8-3478-48df-97c2-9d19820fe5c0,2026-06-13T08:00:00Z,2026-06-13T10:00:00+0200,2645.91,MW,DE,DE_LU,forecast_offshore_wind_generation,Wind Offshore,2026-07-05T23:38:26Z
2026-07-05T23:37:01Z,2026-07-06T01:37:01+0200,947116b8-3478-48df-97c2-9d19820fe5c0,2026-06-13T08:15:00Z,2026-06-13T10:15:00+0200,2634.94,MW,DE,DE_LU,forecast_offshore_wind_generation,Wind Offshore,2026-07-05T23:38:26Z
2026-07-05T23:37:01Z,2026-07-06T01:37:01+0200,947116b8-3478-48df-97c2-9d19820fe5c0,2026-06-13T08:30:00Z,2026-06-13T10:30:00+0200,2623.99,MW,DE,DE_LU,forecast_offshore_wind_generation,Wind Offshore,2026-07-05T23:38:26Z
2026-07-05T23:37:01Z,2026-07-06T01:37:01+0200,947116b8-3478-48df-97c2-9d19820fe5c0,2026-06-13T08:45:00Z,2026-06-13T10:45:00+0200,2620.55,MW,DE,DE_LU,forecast_offshore_wind_generation,Wind Offshore,2026-07-05T23:38:26Z
2026-07-05T23:37:01Z,2026-07-06T01:37:01+0200,947116b8-3478-48df-97c2-9d19820fe5c0,2026-06-13T09:00:00Z,2026-06-13T11:00:00+0200,2597.04,MW,DE,DE_LU,forecast_offshore_wind_generation,Wind Offshore,2026-07-05T23:38:26Z
2026-07-05T23:37:01Z,2026-07-06T01:37:01+0200,947116b8-3478-48df-97c2-9d19820fe5c0,2026-06-13T09:15:00Z,2026-06-13T11:15:00+0200,2606.97,MW,DE,DE_LU,forecast_offshore_wind_generation,Wind Offshore,2026-07-05T23:38:26Z
2026-07-05T23:37:01Z,2026-07-06T01:37:01+0200,947116b8-3478-48df-97c2-9d19820fe5c0,2026-06-13T09:30:00Z,2026-06-13T11:30:00+0200,2572.29,MW,DE,DE_LU,forecast_offshore_wind_generation,Wind Offshore,2026-07-05T23:38:26Z
2026-07-05T23:37:01Z,2026-07-06T01:37:01+0200,947116b8-3478-48df-97c2-9d19820fe5c0,2026-06-13T09:45:00Z,2026-06-13T11:45:00+0200,2585.5,MW,DE,DE_LU,forecast_offshore_wind_generation,Wind Offshore,2026-07-05T23:38:26Z
2026-07-05T23:37:01Z,2026-07-06T01:37:01+0200,947116b8-3478-48df-97c2-9d19820fe5c0,2026-06-13T10:00:00Z,2026-06-13T12:00:00+0200,2598.43,MW,DE,DE_LU,forecast_offshore_wind_generation,Wind Offshore,2026-07-05T23:38:26Z
2026-07-05T23:37:01Z,2026-07-06T01:37:01+0200,947116b8-3478-48df-97c2-9d19820fe5c0,2026-06-13T10:15:00Z,2026-06-13T12:15:00+0200,2642.51,MW,DE,DE_LU,forecast_offshore_wind_generation,Wind Offshore,2026-07-05T23:38:26Z
2026-07-05T23:37:01Z,2026-07-06T01:37:01+0200,947116b8-3478-48df-97c2-9d19820fe5c0,2026-06-13T10:30:00Z,2026-06-13T12:30:00+0200,2681.81,MW,DE,DE_LU,forecast_offshore_wind_generation,Wind Offshore,2026-07-05T23:38:26Z
2026-07-05T23:37:01Z,2026-07-06T01:37:01+0200,947116b8-3478-48df-97c2-9d19820fe5c0,2026-06-13T10:45:00Z,2026-06-13T12:45:00+0200,2722.63,MW,DE,DE_LU,forecast_offshore_wind_generation,Wind Offshore,2026-07-05T23:38:26Z
2026-07-05T23:37:01Z,2026-07-06T01:37:01+0200,947116b8-3478-48df-97c2-9d19820fe5c0,2026-06-13T11:00:00Z,2026-06-13T13:00:00+0200,2804.02,MW,DE,DE_LU,forecast_offshore_wind_generation,Wind Offshore,2026-07-05T23:38:26Z
2026-07-05T23:37:01Z,2026-07-06T01:37:01+0200,947116b8-3478-48df-97c2-9d19820fe5c0,2026-06-13T11:15:00Z,2026-06-13T13:15:00+0200,2826.88,MW,DE,DE_LU,forecast_offshore_wind_generation,Wind Offshore,2026-07-05T23:38:26Z
2026-07-05T23:37:01Z,2026-07-06T01:37:01+0200,947116b8-3478-48df-97c2-9d19820fe5c0,2026-06-13T11:30:00Z,2026-06-13T13:30:00+0200,2842.97,MW,DE,DE_LU,forecast_offshore_wind_generation,Wind Offshore,2026-07-05T23:38:26Z
2026-07-05T23:37:01Z,2026-07-06T01:37:01+0200,947116b8-3478-48df-97c2-9d19820fe5c0,2026-06-13T11:45:00Z,2026-06-13T13:45:00+0200,2862.66,MW,DE,DE_LU,forecast_offshore_wind_generation,Wind Offshore,2026-07-05T23:38:26Z
2026-07-05T23:37:01Z,2026-07-06T01:37:01+0200,947116b8-3478-48df-97c2-9d19820fe5c0,2026-06-13T12:00:00Z,2026-06-13T14:00:00+0200,2882.39,MW,DE,DE_LU,forecast_offshore_wind_generation,Wind Offshore,2026-07-05T23:38:26Z
2026-07-05T23:37:01Z,2026-07-06T01:37:01+0200,947116b8-3478-48df-97c2-9d19820fe5c0,2026-06-13T12:15:00Z,2026-06-13T14:15:00+0200,2893.79,MW,DE,DE_LU,forecast_offshore_wind_generation,Wind Offshore,2026-07-05T23:38:26Z
2026-07-05T23:37:01Z,2026-07-06T01:37:01+0200,947116b8-3478-48df-97c2-9d19820fe5c0,2026-06-13T12:30:00Z,2026-06-13T14:30:00+0200,2898.45,MW,DE,DE_LU,forecast_offshore_wind_generation,Wind Offshore,2026-07-05T23:38:26Z
2026-07-05T23:37:01Z,2026-07-06T01:37:01+0200,947116b8-3478-48df-97c2-9d19820fe5c0,2026-06-13T12:45:00Z,2026-06-13T14:45:00+0200,2911.68,MW,DE,DE_LU,forecast_offshore_wind_generation,Wind Offshore,2026-07-05T23:38:26Z
2026-07-05T23:37:01Z,2026-07-06T01:37:01+0200,947116b8-3478-48df-97c2-9d19820fe5c0,2026-06-13T13:00:00Z,2026-06-13T15:00:00+0200,2918.85,MW,DE,DE_LU,forecast_offshore_wind_generation,Wind Offshore,2026-07-05T23:38:26Z
2026-07-05T23:37:01Z,2026-07-06T01:37:01+0200,947116b8-3478-48df-97c2-9d19820fe5c0,2026-06-13T13:15:00Z,2026-06-13T15:15:00+0200,2895.19,MW,DE,DE_LU,forecast_offshore_wind_generation,Wind Offshore,2026-07-05T23:38:26Z
2026-07-05T23:37:01Z,2026-07-06T01:37:01+0200,947116b8-3478-48df-97c2-9d19820fe5c0,2026-06-13T13:30:00Z,2026-06-13T15:30:00+0200,2911.33,MW,DE,DE_LU,forecast_offshore_wind_generation,Wind Offshore,2026-07-05T23:38:26Z
2026-07-05T23:37:01Z,2026-07-06T01:37:01+0200,947116b8-3478-48df-97c2-9d19820fe5c0,2026-06-13T13:45:00Z,2026-06-13T15:45:00+0200,2925.07,MW,DE,DE_LU,forecast_offshore_wind_generation,Wind Offshore,2026-07-05T23:38:26Z
2026-07-05T23:37:01Z,2026-07-06T01:37:01+0200,947116b8-3478-48df-97c2-9d19820fe5c0,2026-06-13T14:00:00Z,2026-06-13T16:00:00+0200,2941.03,MW,DE,DE_LU,forecast_offshore_wind_generation,Wind Offshore,2026-07-05T23:38:26Z
2026-07-05T23:37:01Z,2026-07-06T01:37:01+0200,947116b8-3478-48df-97c2-9d19820fe5c0,2026-06-13T14:15:00Z,2026-06-13T16:15:00+0200,2953.71,MW,DE,DE_LU,forecast_offshore_wind_generation,Wind Offshore,2026-07-05T23:38:26Z
2026-07-05T23:37:01Z,2026-07-06T01:37:01+0200,947116b8-3478-48df-97c2-9d19820fe5c0,2026-06-13T14:30:00Z,2026-06-13T16:30:00+0200,2964.7,MW,DE,DE_LU,forecast_offshore_wind_generation,Wind Offshore,2026-07-05T23:38:26Z
2026-07-05T23:37:01Z,2026-07-06T01:37:01+0200,947116b8-3478-48df-97c2-9d19820fe5c0,2026-06-13T14:45:00Z,2026-06-13T16:45:00+0200,3020.26,MW,DE,DE_LU,forecast_offshore_wind_generation,Wind Offshore,2026-07-05T23:38:26Z
2026-07-05T23:37:01Z,2026-07-06T01:37:01+0200,947116b8-3478-48df-97c2-9d19820fe5c0,2026-06-13T15:00:00Z,2026-06-13T17:00:00+0200,3283.46,MW,DE,DE_LU,forecast_offshore_wind_generation,Wind Offshore,2026-07-05T23:38:26Z
2026-07-05T23:37:01Z,2026-07-06T01:37:01+0200,947116b8-3478-48df-97c2-9d19820fe5c0,2026-06-13T15:15:00Z,2026-06-13T17:15:00+0200,3300.15,MW,DE,DE_LU,forecast_offshore_wind_generation,Wind Offshore,2026-07-05T23:38:26Z
2026-07-05T23:37:01Z,2026-07-06T01:37:01+0200,947116b8-3478-48df-97c2-9d19820fe5c0,2026-06-13T15:30:00Z,2026-06-13T17:30:00+0200,3308.61,MW,DE,DE_LU,forecast_offshore_wind_generation,Wind Offshore,2026-07-05T23:38:26Z
2026-07-05T23:37:01Z,2026-07-06T01:37:01+0200,947116b8-3478-48df-97c2-9d19820fe5c0,2026-06-13T15:45:00Z,2026-06-13T17:45:00+0200,3327.31,MW,DE,DE_LU,forecast_offshore_wind_generation,Wind Offshore,2026-07-05T23:38:26Z
2026-07-05T23:37:01Z,2026-07-06T01:37:01+0200,947116b8-3478-48df-97c2-9d19820fe5c0,2026-06-13T16:00:00Z,2026-06-13T18:00:00+0200,3348.48,MW,DE,DE_LU,forecast_offshore_wind_generation,Wind Offshore,2026-07-05T23:38:26Z
2026-07-05T23:37:01Z,2026-07-06T01:37:01+0200,947116b8-3478-48df-97c2-9d19820fe5c0,2026-06-13T16:15:00Z,2026-06-13T18:15:00+0200,3356.2,MW,DE,DE_LU,forecast_offshore_wind_generation,Wind Offshore,2026-07-05T23:38:26Z
2026-07-05T23:37:01Z,2026-07-06T01:37:01+0200,947116b8-3478-48df-97c2-9d19820fe5c0,2026-06-13T16:30:00Z,2026-06-13T18:30:00+0200,3377.37,MW,DE,DE_LU,forecast_offshore_wind_generation,Wind Offshore,2026-07-05T23:38:26Z
2026-07-05T23:37:01Z,2026-07-06T01:37:01+0200,947116b8-3478-48df-97c2-9d19820fe5c0,2026-06-13T16:45:00Z,2026-06-13T18:45:00+0200,3381.34,MW,DE,DE_LU,forecast_offshore_wind_generation,Wind Offshore,2026-07-05T23:38:26Z
2026-07-05T23:37:01Z,2026-07-06T01:37:01+0200,947116b8-3478-48df-97c2-9d19820fe5c0,2026-06-13T17:00:00Z,2026-06-13T19:00:00+0200,6066.28,MW,DE,DE_LU,forecast_offshore_wind_generation,Wind Offshore,2026-07-05T23:38:26Z
2026-07-05T23:37:01Z,2026-07-06T01:37:01+0200,947116b8-3478-48df-97c2-9d19820fe5c0,2026-06-13T17:15:00Z,2026-06-13T19:15:00+0200,6080.66,MW,DE,DE_LU,forecast_offshore_wind_generation,Wind Offshore,2026-07-05T23:38:26Z
2026-07-05T23:37:01Z,2026-07-06T01:37:01+0200,947116b8-3478-48df-97c2-9d19820fe5c0,2026-06-13T17:30:00Z,2026-06-13T19:30:00+0200,6094.16,MW,DE,DE_LU,forecast_offshore_wind_generation,Wind Offshore,2026-07-05T23:38:26Z
2026-07-05T23:37:01Z,2026-07-06T01:37:01+0200,947116b8-3478-48df-97c2-9d19820fe5c0,2026-06-13T17:45:00Z,2026-06-13T19:45:00+0200,6107.42,MW,DE,DE_LU,forecast_offshore_wind_generation,Wind Offshore,2026-07-05T23:38:26Z
2026-07-05T23:37:01Z,2026-07-06T01:37:01+0200,947116b8-3478-48df-97c2-9d19820fe5c0,2026-06-13T18:00:00Z,2026-06-13T20:00:00+0200,6115.81,MW,DE,DE_LU,forecast_offshore_wind_generation,Wind Offshore,2026-07-05T23:38:26Z
2026-07-05T23:37:01Z,2026-07-06T01:37:01+0200,947116b8-3478-48df-97c2-9d19820fe5c0,2026-06-13T18:15:00Z,2026-06-13T20:15:00+0200,6122.94,MW,DE,DE_LU,forecast_offshore_wind_generation,Wind Offshore,2026-07-05T23:38:26Z
2026-07-05T23:37:01Z,2026-07-06T01:37:01+0200,947116b8-3478-48df-97c2-9d19820fe5c0,2026-06-13T18:30:00Z,2026-06-13T20:30:00+0200,6127.86,MW,DE,DE_LU,forecast_offshore_wind_generation,Wind Offshore,2026-07-05T23:38:26Z
2026-07-05T23:37:01Z,2026-07-06T01:37:01+0200,947116b8-3478-48df-97c2-9d19820fe5c0,2026-06-13T18:45:00Z,2026-06-13T20:45:00+0200,6127.06,MW,DE,DE_LU,forecast_offshore_wind_generation,Wind Offshore,2026-07-05T23:38:26Z
2026-07-05T23:37:01Z,2026-07-06T01:37:01+0200,947116b8-3478-48df-97c2-9d19820fe5c0,2026-06-13T19:00:00Z,2026-06-13T21:00:00+0200,6121.78,MW,DE,DE_LU,forecast_offshore_wind_generation,Wind Offshore,2026-07-05T23:38:26Z
2026-07-05T23:37:01Z,2026-07-06T01:37:01+0200,947116b8-3478-48df-97c2-9d19820fe5c0,2026-06-13T19:15:00Z,2026-06-13T21:15:00+0200,6108.9,MW,DE,DE_LU,forecast_offshore_wind_generation,Wind Offshore,2026-07-05T23:38:26Z
2026-07-05T23:37:01Z,2026-07-06T01:37:01+0200,947116b8-3478-48df-97c2-9d19820fe5c0,2026-06-13T19:30:00Z,2026-06-13T21:30:00+0200,6049.95,MW,DE,DE_LU,forecast_offshore_wind_generation,Wind Offshore,2026-07-05T23:38:26Z
2026-07-05T23:37:01Z,2026-07-06T01:37:01+0200,947116b8-3478-48df-97c2-9d19820fe5c0,2026-06-13T19:45:00Z,2026-06-13T21:45:00+0200,6034.61,MW,DE,DE_LU,forecast_offshore_wind_generation,Wind Offshore,2026-07-05T23:38:26Z
2026-07-05T23:37:01Z,2026-07-06T01:37:01+0200,947116b8-3478-48df-97c2-9d19820fe5c0,2026-06-13T20:00:00Z,2026-06-13T22:00:00+0200,6020.27,MW,DE,DE_LU,forecast_offshore_wind_generation,Wind Offshore,2026-07-05T23:38:26Z
2026-07-05T23:37:01Z,2026-07-06T01:37:01+0200,947116b8-3478-48df-97c2-9d19820fe5c0,2026-06-13T20:15:00Z,2026-06-13T22:15:00+0200,6048.97,MW,DE,DE_LU,forecast_offshore_wind_generation,Wind Offshore,2026-07-05T23:38:26Z
2026-07-05T23:37:01Z,2026-07-06T01:37:01+0200,947116b8-3478-48df-97c2-9d19820fe5c0,2026-06-13T20:30:00Z,2026-06-13T22:30:00+0200,6045.57,MW,DE,DE_LU,forecast_offshore_wind_generation,Wind Offshore,2026-07-05T23:38:26Z
2026-07-05T23:37:01Z,2026-07-06T01:37:01+0200,947116b8-3478-48df-97c2-9d19820fe5c0,2026-06-13T20:45:00Z,2026-06-13T22:45:00+0200,6043.07,MW,DE,DE_LU,forecast_offshore_wind_generation,Wind Offshore,2026-07-05T23:38:26Z
2026-07-05T23:37:01Z,2026-07-06T01:37:01+0200,947116b8-3478-48df-97c2-9d19820fe5c0,2026-06-13T21:00:00Z,2026-06-13T23:00:00+0200,5985.21,MW,DE,DE_LU,forecast_offshore_wind_generation,Wind Offshore,2026-07-05T23:38:26Z
2026-07-05T23:37:01Z,2026-07-06T01:37:01+0200,947116b8-3478-48df-97c2-9d19820fe5c0,2026-06-13T21:15:00Z,2026-06-13T23:15:00+0200,5917.76,MW,DE,DE_LU,forecast_offshore_wind_generation,Wind Offshore,2026-07-05T23:38:26Z
2026-07-05T23:37:01Z,2026-07-06T01:37:01+0200,947116b8-3478-48df-97c2-9d19820fe5c0,2026-06-13T21:30:00Z,2026-06-13T23:30:00+0200,5923.4,MW,DE,DE_LU,forecast_offshore_wind_generation,Wind Offshore,2026-07-05T23:38:26Z
2026-07-05T23:37:01Z,2026-07-06T01:37:01+0200,947116b8-3478-48df-97c2-9d19820fe5c0,2026-06-13T21:45:00Z,2026-06-13T23:45:00+0200,5924.04,MW,DE,DE_LU,forecast_offshore_wind_generation,Wind Offshore,2026-07-05T23:38:26Z
2026-07-05T23:37:01Z,2026-07-06T01:37:01+0200,947116b8-3478-48df-97c2-9d19820fe5c0,2026-06-13T22:00:00Z,2026-06-14T00:00:00+0200,6308.24,MW,DE,DE_LU,forecast_offshore_wind_generation,Wind Offshore,2026-07-05T23:38:26Z
2026-07-05T23:37:01Z,2026-07-06T01:37:01+0200,947116b8-3478-48df-97c2-9d19820fe5c0,2026-06-13T22:15:00Z,2026-06-14T00:15:00+0200,6341.65,MW,DE,DE_LU,forecast_offshore_wind_generation,Wind Offshore,2026-07-05T23:38:26Z
2026-07-05T23:37:01Z,2026-07-06T01:37:01+0200,947116b8-3478-48df-97c2-9d19820fe5c0,2026-06-13T22:30:00Z,2026-06-14T00:30:00+0200,6371.01,MW,DE,DE_LU,forecast_offshore_wind_generation,Wind Offshore,2026-07-05T23:38:26Z
2026-07-05T23:37:01Z,2026-07-06T01:37:01+0200,947116b8-3478-48df-97c2-9d19820fe5c0,2026-06-13T22:45:00Z,2026-06-14T00:45:00+0200,6397.23,MW,DE,DE_LU,forecast_offshore_wind_generation,Wind Offshore,2026-07-05T23:38:26Z
2026-07-05T23:37:01Z,2026-07-06T01:37:01+0200,947116b8-3478-48df-97c2-9d19820fe5c0,2026-06-13T23:00:00Z,2026-06-14T01:00:00+0200,6422.71,MW,DE,DE_LU,forecast_offshore_wind_generation,Wind Offshore,2026-07-05T23:38:26Z
2026-07-05T23:37:01Z,2026-07-06T01:37:01+0200,947116b8-3478-48df-97c2-9d19820fe5c0,2026-06-13T23:15:00Z,2026-06-14T01:15:00+0200,6433.74,MW,DE,DE_LU,forecast_offshore_wind_generation,Wind Offshore,2026-07-05T23:38:26Z
2026-07-05T23:37:01Z,2026-07-06T01:37:01+0200,947116b8-3478-48df-97c2-9d19820fe5c0,2026-06-13T23:30:00Z,2026-06-14T01:30:00+0200,6440.45,MW,DE,DE_LU,forecast_offshore_wind_generation,Wind Offshore,2026-07-05T23:38:26Z
2026-07-05T23:37:01Z,2026-07-06T01:37:01+0200,947116b8-3478-48df-97c2-9d19820fe5c0,2026-06-13T23:45:00Z,2026-06-14T01:45:00+0200,6450.79,MW,DE,DE_LU,forecast_offshore_wind_generation,Wind Offshore,2026-07-05T23:38:26Z
2026-07-05T23:37:01Z,2026-07-06T01:37:01+0200,947116b8-3478-48df-97c2-9d19820fe5c0,2026-06-14T00:00:00Z,2026-06-14T02:00:00+0200,6462.85,MW,DE,DE_LU,forecast_offshore_wind_generation,Wind Offshore,2026-07-05T23:38:26Z
2026-07-05T23:37:01Z,2026-07-06T01:37:01+0200,947116b8-3478-48df-97c2-9d19820fe5c0,2026-06-14T00:15:00Z,2026-06-14T02:15:00+0200,6481.73,MW,DE,DE_LU,forecast_offshore_wind_generation,Wind Offshore,2026-07-05T23:38:26Z
2026-07-05T23:37:01Z,2026-07-06T01:37:01+0200,947116b8-3478-48df-97c2-9d19820fe5c0,2026-06-14T00:30:00Z,2026-06-14T02:30:00+0200,6518.59,MW,DE,DE_LU,forecast_offshore_wind_generation,Wind Offshore,2026-07-05T23:38:26Z
2026-07-05T23:37:01Z,2026-07-06T01:37:01+0200,947116b8-3478-48df-97c2-9d19820fe5c0,2026-06-14T00:45:00Z,2026-06-14T02:45:00+0200,6531.08,MW,DE,DE_LU,forecast_offshore_wind_generation,Wind Offshore,2026-07-05T23:38:26Z
2026-07-05T23:37:01Z,2026-07-06T01:37:01+0200,947116b8-3478-48df-97c2-9d19820fe5c0,2026-06-14T01:00:00Z,2026-06-14T03:00:00+0200,6546.14,MW,DE,DE_LU,forecast_offshore_wind_generation,Wind Offshore,2026-07-05T23:38:26Z
2026-07-05T23:37:01Z,2026-07-06T01:37:01+0200,947116b8-3478-48df-97c2-9d19820fe5c0,2026-06-14T01:15:00Z,2026-06-14T03:15:00+0200,6560.79,MW,DE,DE_LU,forecast_offshore_wind_generation,Wind Offshore,2026-07-05T23:38:26Z
2026-07-05T23:37:01Z,2026-07-06T01:37:01+0200,947116b8-3478-48df-97c2-9d19820fe5c0,2026-06-14T01:30:00Z,2026-06-14T03:30:00+0200,6575.34,MW,DE,DE_LU,forecast_offshore_wind_generation,Wind Offshore,2026-07-05T23:38:26Z
2026-07-05T23:37:01Z,2026-07-06T01:37:01+0200,947116b8-3478-48df-97c2-9d19820fe5c0,2026-06-14T01:45:00Z,2026-06-14T03:45:00+0200,6586.84,MW,DE,DE_LU,forecast_offshore_wind_generation,Wind Offshore,2026-07-05T23:38:26Z
2026-07-05T23:37:01Z,2026-07-06T01:37:01+0200,947116b8-3478-48df-97c2-9d19820fe5c0,2026-06-14T02:00:00Z,2026-06-14T04:00:00+0200,6587.79,MW,DE,DE_LU,forecast_offshore_wind_generation,Wind Offshore,2026-07-05T23:38:26Z
2026-07-05T23:37:01Z,2026-07-06T01:37:01+0200,947116b8-3478-48df-97c2-9d19820fe5c0,2026-06-14T02:15:00Z,2026-06-14T04:15:00+0200,6587.32,MW,DE,DE_LU,forecast_offshore_wind_generation,Wind Offshore,2026-07-05T23:38:26Z
2026-07-05T23:37:01Z,2026-07-06T01:37:01+0200,947116b8-3478-48df-97c2-9d19820fe5c0,2026-06-14T02:30:00Z,2026-06-14T04:30:00+0200,6579.53,MW,DE,DE_LU,forecast_offshore_wind_generation,Wind Offshore,2026-07-05T23:38:26Z
2026-07-05T23:37:01Z,2026-07-06T01:37:01+0200,947116b8-3478-48df-97c2-9d19820fe5c0,2026-06-14T02:45:00Z,2026-06-14T04:45:00+0200,6616.5,MW,DE,DE_LU,forecast_offshore_wind_generation,Wind Offshore,2026-07-05T23:38:26Z
2026-07-05T23:37:01Z,2026-07-06T01:37:01+0200,947116b8-3478-48df-97c2-9d19820fe5c0,2026-06-14T03:00:00Z,2026-06-14T05:00:00+0200,6616.59,MW,DE,DE_LU,forecast_offshore_wind_generation,Wind Offshore,2026-07-05T23:38:26Z
2026-07-05T23:37:01Z,2026-07-06T01:37:01+0200,947116b8-3478-48df-97c2-9d19820fe5c0,2026-06-14T03:15:00Z,2026-06-14T05:15:00+0200,6610.62,MW,DE,DE_LU,forecast_offshore_wind_generation,Wind Offshore,2026-07-05T23:38:26Z
2026-07-05T23:37:01Z,2026-07-06T01:37:01+0200,947116b8-3478-48df-97c2-9d19820fe5c0,2026-06-14T03:30:00Z,2026-06-14T05:30:00+0200,6605.58,MW,DE,DE_LU,forecast_offshore_wind_generation,Wind Offshore,2026-07-05T23:38:26Z
2026-07-05T23:37:01Z,2026-07-06T01:37:01+0200,947116b8-3478-48df-97c2-9d19820fe5c0,2026-06-14T03:45:00Z,2026-06-14T05:45:00+0200,6350.52,MW,DE,DE_LU,forecast_offshore_wind_generation,Wind Offshore,2026-07-05T23:38:26Z
2026-07-05T23:37:01Z,2026-07-06T01:37:01+0200,947116b8-3478-48df-97c2-9d19820fe5c0,2026-06-14T04:00:00Z,2026-06-14T06:00:00+0200,6339.51,MW,DE,DE_LU,forecast_offshore_wind_generation,Wind Offshore,2026-07-05T23:38:26Z
2026-07-05T23:37:01Z,2026-07-06T01:37:01+0200,947116b8-3478-48df-97c2-9d19820fe5c0,2026-06-14T04:15:00Z,2026-06-14T06:15:00+0200,6333.18,MW,DE,DE_LU,forecast_offshore_wind_generation,Wind Offshore,2026-07-05T23:38:26Z
2026-07-05T23:37:01Z,2026-07-06T01:37:01+0200,947116b8-3478-48df-97c2-9d19820fe5c0,2026-06-14T04:30:00Z,2026-06-14T06:30:00+0200,6328.25,MW,DE,DE_LU,forecast_offshore_wind_generation,Wind Offshore,2026-07-05T23:38:26Z
2026-07-05T23:37:01Z,2026-07-06T01:37:01+0200,947116b8-3478-48df-97c2-9d19820fe5c0,2026-06-14T04:45:00Z,2026-06-14T06:45:00+0200,6316.98,MW,DE,DE_LU,forecast_offshore_wind_generation,Wind Offshore,2026-07-05T23:38:26Z
2026-07-05T23:37:01Z,2026-07-06T01:37:01+0200,947116b8-3478-48df-97c2-9d19820fe5c0,2026-06-14T05:00:00Z,2026-06-14T07:00:00+0200,6296.6,MW,DE,DE_LU,forecast_offshore_wind_generation,Wind Offshore,2026-07-05T23:38:26Z
2026-07-05T23:37:01Z,2026-07-06T01:37:01+0200,947116b8-3478-48df-97c2-9d19820fe5c0,2026-06-14T05:15:00Z,2026-06-14T07:15:00+0200,6270.18,MW,DE,DE_LU,forecast_offshore_wind_generation,Wind Offshore,2026-07-05T23:38:26Z
2026-07-05T23:37:01Z,2026-07-06T01:37:01+0200,947116b8-3478-48df-97c2-9d19820fe5c0,2026-06-14T05:30:00Z,2026-06-14T07:30:00+0200,6232.98,MW,DE,DE_LU,forecast_offshore_wind_generation,Wind Offshore,2026-07-05T23:38:26Z
2026-07-05T23:37:01Z,2026-07-06T01:37:01+0200,947116b8-3478-48df-97c2-9d19820fe5c0,2026-06-14T05:45:00Z,2026-06-14T07:45:00+0200,6204.6,MW,DE,DE_LU,forecast_offshore_wind_generation,Wind Offshore,2026-07-05T23:38:26Z
2026-07-05T23:37:01Z,2026-07-06T01:37:01+0200,947116b8-3478-48df-97c2-9d19820fe5c0,2026-06-14T06:00:00Z,2026-06-14T08:00:00+0200,3602.77,MW,DE,DE_LU,forecast_offshore_wind_generation,Wind Offshore,2026-07-05T23:38:26Z
2026-07-05T23:37:01Z,2026-07-06T01:37:01+0200,947116b8-3478-48df-97c2-9d19820fe5c0,2026-06-14T06:15:00Z,2026-06-14T08:15:00+0200,3558.05,MW,DE,DE_LU,forecast_offshore_wind_generation,Wind Offshore,2026-07-05T23:38:26Z
2026-07-05T23:37:01Z,2026-07-06T01:37:01+0200,947116b8-3478-48df-97c2-9d19820fe5c0,2026-06-14T06:30:00Z,2026-06-14T08:30:00+0200,3528.35,MW,DE,DE_LU,forecast_offshore_wind_generation,Wind Offshore,2026-07-05T23:38:26Z
2026-07-05T23:37:01Z,2026-07-06T01:37:01+0200,947116b8-3478-48df-97c2-9d19820fe5c0,2026-06-14T06:45:00Z,2026-06-14T08:45:00+0200,3480.68,MW,DE,DE_LU,forecast_offshore_wind_generation,Wind Offshore,2026-07-05T23:38:26Z
2026-07-05T23:37:01Z,2026-07-06T01:37:01+0200,947116b8-3478-48df-97c2-9d19820fe5c0,2026-06-14T07:00:00Z,2026-06-14T09:00:00+0200,3348.04,MW,DE,DE_LU,forecast_offshore_wind_generation,Wind Offshore,2026-07-05T23:38:26Z
2026-07-05T23:37:01Z,2026-07-06T01:37:01+0200,947116b8-3478-48df-97c2-9d19820fe5c0,2026-06-14T07:15:00Z,2026-06-14T09:15:00+0200,3308.98,MW,DE,DE_LU,forecast_offshore_wind_generation,Wind Offshore,2026-07-05T23:38:26Z
2026-07-05T23:37:01Z,2026-07-06T01:37:01+0200,947116b8-3478-48df-97c2-9d19820fe5c0,2026-06-14T07:30:00Z,2026-06-14T09:30:00+0200,3234.07,MW,DE,DE_LU,forecast_offshore_wind_generation,Wind Offshore,2026-07-05T23:38:26Z
2026-07-05T23:37:01Z,2026-07-06T01:37:01+0200,947116b8-3478-48df-97c2-9d19820fe5c0,2026-06-14T07:45:00Z,2026-06-14T09:45:00+0200,3197.16,MW,DE,DE_LU,forecast_offshore_wind_generation,Wind Offshore,2026-07-05T23:38:26Z
2026-07-05T23:37:01Z,2026-07-06T01:37:01+0200,947116b8-3478-48df-97c2-9d19820fe5c0,2026-06-14T08:00:00Z,2026-06-14T10:00:00+0200,3156.75,MW,DE,DE_LU,forecast_offshore_wind_generation,Wind Offshore,2026-07-05T23:38:26Z
2026-07-05T23:37:01Z,2026-07-06T01:37:01+0200,947116b8-3478-48df-97c2-9d19820fe5c0,2026-06-14T08:15:00Z,2026-06-14T10:15:00+0200,3116.73,MW,DE,DE_LU,forecast_offshore_wind_generation,Wind Offshore,2026-07-05T23:38:26Z
2026-07-05T23:37:01Z,2026-07-06T01:37:01+0200,947116b8-3478-48df-97c2-9d19820fe5c0,2026-06-14T08:30:00Z,2026-06-14T10:30:00+0200,3069.11,MW,DE,DE_LU,forecast_offshore_wind_generation,Wind Offshore,2026-07-05T23:38:26Z
2026-07-05T23:37:01Z,2026-07-06T01:37:01+0200,947116b8-3478-48df-97c2-9d19820fe5c0,2026-06-14T08:45:00Z,2026-06-14T10:45:00+0200,3029.9,MW,DE,DE_LU,forecast_offshore_wind_generation,Wind Offshore,2026-07-05T23:38:26Z
2026-07-05T23:37:01Z,2026-07-06T01:37:01+0200,947116b8-3478-48df-97c2-9d19820fe5c0,2026-06-14T09:00:00Z,2026-06-14T11:00:00+0200,2998.39,MW,DE,DE_LU,forecast_offshore_wind_generation,Wind Offshore,2026-07-05T23:38:26Z
2026-07-05T23:37:01Z,2026-07-06T01:37:01+0200,947116b8-3478-48df-97c2-9d19820fe5c0,2026-06-14T09:15:00Z,2026-06-14T11:15:00+0200,2962.11,MW,DE,DE_LU,forecast_offshore_wind_generation,Wind Offshore,2026-07-05T23:38:26Z
2026-07-05T23:37:01Z,2026-07-06T01:37:01+0200,947116b8-3478-48df-97c2-9d19820fe5c0,2026-06-14T09:30:00Z,2026-06-14T11:30:00+0200,2925.82,MW,DE,DE_LU,forecast_offshore_wind_generation,Wind Offshore,2026-07-05T23:38:26Z
2026-07-05T23:37:01Z,2026-07-06T01:37:01+0200,947116b8-3478-48df-97c2-9d19820fe5c0,2026-06-14T09:45:00Z,2026-06-14T11:45:00+0200,2890.6,MW,DE,DE_LU,forecast_offshore_wind_generation,Wind Offshore,2026-07-05T23:38:26Z
2026-07-05T23:37:01Z,2026-07-06T01:37:01+0200,947116b8-3478-48df-97c2-9d19820fe5c0,2026-06-14T10:00:00Z,2026-06-14T12:00:00+0200,2862.07,MW,DE,DE_LU,forecast_offshore_wind_generation,Wind Offshore,2026-07-05T23:38:26Z
2026-07-05T23:37:01Z,2026-07-06T01:37:01+0200,947116b8-3478-48df-97c2-9d19820fe5c0,2026-06-14T10:15:00Z,2026-06-14T12:15:00+0200,2833.5,MW,DE,DE_LU,forecast_offshore_wind_generation,Wind Offshore,2026-07-05T23:38:26Z
2026-07-05T23:37:01Z,2026-07-06T01:37:01+0200,947116b8-3478-48df-97c2-9d19820fe5c0,2026-06-14T10:30:00Z,2026-06-14T12:30:00+0200,2773.31,MW,DE,DE_LU,forecast_offshore_wind_generation,Wind Offshore,2026-07-05T23:38:26Z
2026-07-05T23:37:01Z,2026-07-06T01:37:01+0200,947116b8-3478-48df-97c2-9d19820fe5c0,2026-06-14T10:45:00Z,2026-06-14T12:45:00+0200,2747.39,MW,DE,DE_LU,forecast_offshore_wind_generation,Wind Offshore,2026-07-05T23:38:26Z
2026-07-05T23:37:01Z,2026-07-06T01:37:01+0200,947116b8-3478-48df-97c2-9d19820fe5c0,2026-06-14T11:00:00Z,2026-06-14T13:00:00+0200,2723.85,MW,DE,DE_LU,forecast_offshore_wind_generation,Wind Offshore,2026-07-05T23:38:26Z
2026-07-05T23:37:01Z,2026-07-06T01:37:01+0200,947116b8-3478-48df-97c2-9d19820fe5c0,2026-06-14T11:15:00Z,2026-06-14T13:15:00+0200,2710.4,MW,DE,DE_LU,forecast_offshore_wind_generation,Wind Offshore,2026-07-05T23:38:26Z
2026-07-05T23:37:01Z,2026-07-06T01:37:01+0200,947116b8-3478-48df-97c2-9d19820fe5c0,2026-06-14T11:30:00Z,2026-06-14T13:30:00+0200,2698.07,MW,DE,DE_LU,forecast_offshore_wind_generation,Wind Offshore,2026-07-05T23:38:26Z
2026-07-05T23:37:01Z,2026-07-06T01:37:01+0200,947116b8-3478-48df-97c2-9d19820fe5c0,2026-06-14T11:45:00Z,2026-06-14T13:45:00+0200,2689.02,MW,DE,DE_LU,forecast_offshore_wind_generation,Wind Offshore,2026-07-05T23:38:26Z
2026-07-05T23:37:01Z,2026-07-06T01:37:01+0200,947116b8-3478-48df-97c2-9d19820fe5c0,2026-06-14T12:00:00Z,2026-06-14T14:00:00+0200,2682.93,MW,DE,DE_LU,forecast_offshore_wind_generation,Wind Offshore,2026-07-05T23:38:26Z
2026-07-05T23:37:01Z,2026-07-06T01:37:01+0200,947116b8-3478-48df-97c2-9d19820fe5c0,2026-06-14T12:15:00Z,2026-06-14T14:15:00+0200,2683.62,MW,DE,DE_LU,forecast_offshore_wind_generation,Wind Offshore,2026-07-05T23:38:26Z
2026-07-05T23:37:01Z,2026-07-06T01:37:01+0200,947116b8-3478-48df-97c2-9d19820fe5c0,2026-06-14T12:30:00Z,2026-06-14T14:30:00+0200,2686.45,MW,DE,DE_LU,forecast_offshore_wind_generation,Wind Offshore,2026-07-05T23:38:26Z
2026-07-05T23:37:01Z,2026-07-06T01:37:01+0200,947116b8-3478-48df-97c2-9d19820fe5c0,2026-06-14T12:45:00Z,2026-06-14T14:45:00+0200,2689.71,MW,DE,DE_LU,forecast_offshore_wind_generation,Wind Offshore,2026-07-05T23:38:26Z
2026-07-05T23:37:01Z,2026-07-06T01:37:01+0200,947116b8-3478-48df-97c2-9d19820fe5c0,2026-06-14T13:00:00Z,2026-06-14T15:00:00+0200,2695.26,MW,DE,DE_LU,forecast_offshore_wind_generation,Wind Offshore,2026-07-05T23:38:26Z
2026-07-05T23:37:01Z,2026-07-06T01:37:01+0200,947116b8-3478-48df-97c2-9d19820fe5c0,2026-06-14T13:15:00Z,2026-06-14T15:15:00+0200,2705.74,MW,DE,DE_LU,forecast_offshore_wind_generation,Wind Offshore,2026-07-05T23:38:26Z
2026-07-05T23:37:01Z,2026-07-06T01:37:01+0200,947116b8-3478-48df-97c2-9d19820fe5c0,2026-06-14T13:30:00Z,2026-06-14T15:30:00+0200,2720.03,MW,DE,DE_LU,forecast_offshore_wind_generation,Wind Offshore,2026-07-05T23:38:26Z
2026-07-05T23:37:01Z,2026-07-06T01:37:01+0200,947116b8-3478-48df-97c2-9d19820fe5c0,2026-06-14T13:45:00Z,2026-06-14T15:45:00+0200,2729.29,MW,DE,DE_LU,forecast_offshore_wind_generation,Wind Offshore,2026-07-05T23:38:26Z
2026-07-05T23:37:01Z,2026-07-06T01:37:01+0200,947116b8-3478-48df-97c2-9d19820fe5c0,2026-06-14T14:00:00Z,2026-06-14T16:00:00+0200,2775.7,MW,DE,DE_LU,forecast_offshore_wind_generation,Wind Offshore,2026-07-05T23:38:26Z
2026-07-05T23:37:01Z,2026-07-06T01:37:01+0200,947116b8-3478-48df-97c2-9d19820fe5c0,2026-06-14T14:15:00Z,2026-06-14T16:15:00+0200,2806.84,MW,DE,DE_LU,forecast_offshore_wind_generation,Wind Offshore,2026-07-05T23:38:26Z
2026-07-05T23:37:01Z,2026-07-06T01:37:01+0200,947116b8-3478-48df-97c2-9d19820fe5c0,2026-06-14T14:30:00Z,2026-06-14T16:30:00+0200,2831.51,MW,DE,DE_LU,forecast_offshore_wind_generation,Wind Offshore,2026-07-05T23:38:26Z
2026-07-05T23:37:01Z,2026-07-06T01:37:01+0200,947116b8-3478-48df-97c2-9d19820fe5c0,2026-06-14T14:45:00Z,2026-06-14T16:45:00+0200,2857.93,MW,DE,DE_LU,forecast_offshore_wind_generation,Wind Offshore,2026-07-05T23:38:26Z
2026-07-05T23:37:01Z,2026-07-06T01:37:01+0200,947116b8-3478-48df-97c2-9d19820fe5c0,2026-06-14T15:00:00Z,2026-06-14T17:00:00+0200,2951.72,MW,DE,DE_LU,forecast_offshore_wind_generation,Wind Offshore,2026-07-05T23:38:26Z
2026-07-05T23:37:01Z,2026-07-06T01:37:01+0200,947116b8-3478-48df-97c2-9d19820fe5c0,2026-06-14T15:15:00Z,2026-06-14T17:15:00+0200,2999.52,MW,DE,DE_LU,forecast_offshore_wind_generation,Wind Offshore,2026-07-05T23:38:26Z
2026-07-05T23:37:01Z,2026-07-06T01:37:01+0200,947116b8-3478-48df-97c2-9d19820fe5c0,2026-06-14T15:30:00Z,2026-06-14T17:30:00+0200,3007.84,MW,DE,DE_LU,forecast_offshore_wind_generation,Wind Offshore,2026-07-05T23:38:26Z
2026-07-05T23:37:01Z,2026-07-06T01:37:01+0200,947116b8-3478-48df-97c2-9d19820fe5c0,2026-06-14T15:45:00Z,2026-06-14T17:45:00+0200,3023.71,MW,DE,DE_LU,forecast_offshore_wind_generation,Wind Offshore,2026-07-05T23:38:26Z
2026-07-05T23:37:01Z,2026-07-06T01:37:01+0200,947116b8-3478-48df-97c2-9d19820fe5c0,2026-06-14T16:00:00Z,2026-06-14T18:00:00+0200,5369.23,MW,DE,DE_LU,forecast_offshore_wind_generation,Wind Offshore,2026-07-05T23:38:26Z
2026-07-05T23:37:01Z,2026-07-06T01:37:01+0200,947116b8-3478-48df-97c2-9d19820fe5c0,2026-06-14T16:15:00Z,2026-06-14T18:15:00+0200,5389.99,MW,DE,DE_LU,forecast_offshore_wind_generation,Wind Offshore,2026-07-05T23:38:26Z
2026-07-05T23:37:01Z,2026-07-06T01:37:01+0200,947116b8-3478-48df-97c2-9d19820fe5c0,2026-06-14T16:30:00Z,2026-06-14T18:30:00+0200,5412.97,MW,DE,DE_LU,forecast_offshore_wind_generation,Wind Offshore,2026-07-05T23:38:26Z
2026-07-05T23:37:01Z,2026-07-06T01:37:01+0200,947116b8-3478-48df-97c2-9d19820fe5c0,2026-06-14T16:45:00Z,2026-06-14T18:45:00+0200,5433.32,MW,DE,DE_LU,forecast_offshore_wind_generation,Wind Offshore,2026-07-05T23:38:26Z
2026-07-05T23:37:01Z,2026-07-06T01:37:01+0200,947116b8-3478-48df-97c2-9d19820fe5c0,2026-06-14T17:00:00Z,2026-06-14T19:00:00+0200,5471.78,MW,DE,DE_LU,forecast_offshore_wind_generation,Wind Offshore,2026-07-05T23:38:26Z
2026-07-05T23:37:01Z,2026-07-06T01:37:01+0200,947116b8-3478-48df-97c2-9d19820fe5c0,2026-06-14T17:15:00Z,2026-06-14T19:15:00+0200,5521.39,MW,DE,DE_LU,forecast_offshore_wind_generation,Wind Offshore,2026-07-05T23:38:26Z
2026-07-05T23:37:01Z,2026-07-06T01:37:01+0200,947116b8-3478-48df-97c2-9d19820fe5c0,2026-06-14T17:30:00Z,2026-06-14T19:30:00+0200,5569.01,MW,DE,DE_LU,forecast_offshore_wind_generation,Wind Offshore,2026-07-05T23:38:26Z
2026-07-05T23:37:01Z,2026-07-06T01:37:01+0200,947116b8-3478-48df-97c2-9d19820fe5c0,2026-06-14T17:45:00Z,2026-06-14T19:45:00+0200,5616.38,MW,DE,DE_LU,forecast_offshore_wind_generation,Wind Offshore,2026-07-05T23:38:26Z
2026-07-05T23:37:01Z,2026-07-06T01:37:01+0200,947116b8-3478-48df-97c2-9d19820fe5c0,2026-06-14T18:00:00Z,2026-06-14T20:00:00+0200,5649.63,MW,DE,DE_LU,forecast_offshore_wind_generation,Wind Offshore,2026-07-05T23:38:26Z
2026-07-05T23:37:01Z,2026-07-06T01:37:01+0200,947116b8-3478-48df-97c2-9d19820fe5c0,2026-06-14T18:15:00Z,2026-06-14T20:15:00+0200,5959.25,MW,DE,DE_LU,forecast_offshore_wind_generation,Wind Offshore,2026-07-05T23:38:26Z
2026-07-05T23:37:01Z,2026-07-06T01:37:01+0200,947116b8-3478-48df-97c2-9d19820fe5c0,2026-06-14T18:30:00Z,2026-06-14T20:30:00+0200,5992.68,MW,DE,DE_LU,forecast_offshore_wind_generation,Wind Offshore,2026-07-05T23:38:26Z
2026-07-05T23:37:01Z,2026-07-06T01:37:01+0200,947116b8-3478-48df-97c2-9d19820fe5c0,2026-06-14T18:45:00Z,2026-06-14T20:45:00+0200,6077.38,MW,DE,DE_LU,forecast_offshore_wind_generation,Wind Offshore,2026-07-05T23:38:26Z
2026-07-05T23:37:01Z,2026-07-06T01:37:01+0200,947116b8-3478-48df-97c2-9d19820fe5c0,2026-06-14T19:00:00Z,2026-06-14T21:00:00+0200,6096.99,MW,DE,DE_LU,forecast_offshore_wind_generation,Wind Offshore,2026-07-05T23:38:26Z
2026-07-05T23:37:01Z,2026-07-06T01:37:01+0200,947116b8-3478-48df-97c2-9d19820fe5c0,2026-06-14T19:15:00Z,2026-06-14T21:15:00+0200,6105.66,MW,DE,DE_LU,forecast_offshore_wind_generation,Wind Offshore,2026-07-05T23:38:26Z
2026-07-05T23:37:01Z,2026-07-06T01:37:01+0200,947116b8-3478-48df-97c2-9d19820fe5c0,2026-06-14T19:30:00Z,2026-06-14T21:30:00+0200,6116.45,MW,DE,DE_LU,forecast_offshore_wind_generation,Wind Offshore,2026-07-05T23:38:26Z
2026-07-05T23:37:01Z,2026-07-06T01:37:01+0200,947116b8-3478-48df-97c2-9d19820fe5c0,2026-06-14T19:45:00Z,2026-06-14T21:45:00+0200,6187.08,MW,DE,DE_LU,forecast_offshore_wind_generation,Wind Offshore,2026-07-05T23:38:26Z
2026-07-05T23:37:01Z,2026-07-06T01:37:01+0200,947116b8-3478-48df-97c2-9d19820fe5c0,2026-06-14T20:00:00Z,2026-06-14T22:00:00+0200,6183.1,MW,DE,DE_LU,forecast_offshore_wind_generation,Wind Offshore,2026-07-05T23:38:26Z
2026-07-05T23:37:01Z,2026-07-06T01:37:01+0200,947116b8-3478-48df-97c2-9d19820fe5c0,2026-06-14T20:15:00Z,2026-06-14T22:15:00+0200,6195.63,MW,DE,DE_LU,forecast_offshore_wind_generation,Wind Offshore,2026-07-05T23:38:26Z
2026-07-05T23:37:01Z,2026-07-06T01:37:01+0200,947116b8-3478-48df-97c2-9d19820fe5c0,2026-06-14T20:30:00Z,2026-06-14T22:30:00+0200,6204.54,MW,DE,DE_LU,forecast_offshore_wind_generation,Wind Offshore,2026-07-05T23:38:26Z
2026-07-05T23:37:01Z,2026-07-06T01:37:01+0200,947116b8-3478-48df-97c2-9d19820fe5c0,2026-06-14T20:45:00Z,2026-06-14T22:45:00+0200,6216.58,MW,DE,DE_LU,forecast_offshore_wind_generation,Wind Offshore,2026-07-05T23:38:26Z
2026-07-05T23:37:01Z,2026-07-06T01:37:01+0200,947116b8-3478-48df-97c2-9d19820fe5c0,2026-06-14T21:00:00Z,2026-06-14T23:00:00+0200,6234.72,MW,DE,DE_LU,forecast_offshore_wind_generation,Wind Offshore,2026-07-05T23:38:26Z
2026-07-05T23:37:01Z,2026-07-06T01:37:01+0200,947116b8-3478-48df-97c2-9d19820fe5c0,2026-06-14T21:15:00Z,2026-06-14T23:15:00+0200,6239.34,MW,DE,DE_LU,forecast_offshore_wind_generation,Wind Offshore,2026-07-05T23:38:26Z
2026-07-05T23:37:01Z,2026-07-06T01:37:01+0200,947116b8-3478-48df-97c2-9d19820fe5c0,2026-06-14T21:30:00Z,2026-06-14T23:30:00+0200,6244.03,MW,DE,DE_LU,forecast_offshore_wind_generation,Wind Offshore,2026-07-05T23:38:26Z
2026-07-05T23:37:01Z,2026-07-06T01:37:01+0200,947116b8-3478-48df-97c2-9d19820fe5c0,2026-06-14T21:45:00Z,2026-06-14T23:45:00+0200,6248.14,MW,DE,DE_LU,forecast_offshore_wind_generation,Wind Offshore,2026-07-05T23:38:26Z
2026-07-05T23:37:01Z,2026-07-06T01:37:01+0200,947116b8-3478-48df-97c2-9d19820fe5c0,2026-06-14T22:00:00Z,2026-06-15T00:00:00+0200,6127.32,MW,DE,DE_LU,forecast_offshore_wind_generation,Wind Offshore,2026-07-05T23:38:26Z
2026-07-05T23:37:01Z,2026-07-06T01:37:01+0200,947116b8-3478-48df-97c2-9d19820fe5c0,2026-06-14T22:15:00Z,2026-06-15T00:15:00+0200,6143.73,MW,DE,DE_LU,forecast_offshore_wind_generation,Wind Offshore,2026-07-05T23:38:26Z
2026-07-05T23:37:01Z,2026-07-06T01:37:01+0200,947116b8-3478-48df-97c2-9d19820fe5c0,2026-06-14T22:30:00Z,2026-06-15T00:30:00+0200,6158.88,MW,DE,DE_LU,forecast_offshore_wind_generation,Wind Offshore,2026-07-05T23:38:26Z
2026-07-05T23:37:01Z,2026-07-06T01:37:01+0200,947116b8-3478-48df-97c2-9d19820fe5c0,2026-06-14T22:45:00Z,2026-06-15T00:45:00+0200,6167.73,MW,DE,DE_LU,forecast_offshore_wind_generation,Wind Offshore,2026-07-05T23:38:26Z
2026-07-05T23:37:01Z,2026-07-06T01:37:01+0200,947116b8-3478-48df-97c2-9d19820fe5c0,2026-06-14T23:00:00Z,2026-06-15T01:00:00+0200,6186.59,MW,DE,DE_LU,forecast_offshore_wind_generation,Wind Offshore,2026-07-05T23:38:26Z
2026-07-05T23:37:01Z,2026-07-06T01:37:01+0200,947116b8-3478-48df-97c2-9d19820fe5c0,2026-06-14T23:15:00Z,2026-06-15T01:15:00+0200,6236.2,MW,DE,DE_LU,forecast_offshore_wind_generation,Wind Offshore,2026-07-05T23:38:26Z
2026-07-05T23:37:01Z,2026-07-06T01:37:01+0200,947116b8-3478-48df-97c2-9d19820fe5c0,2026-06-14T23:30:00Z,2026-06-15T01:30:00+0200,6289.89,MW,DE,DE_LU,forecast_offshore_wind_generation,Wind Offshore,2026-07-05T23:38:26Z
2026-07-05T23:37:01Z,2026-07-06T01:37:01+0200,947116b8-3478-48df-97c2-9d19820fe5c0,2026-06-14T23:45:00Z,2026-06-15T01:45:00+0200,6336.23,MW,DE,DE_LU,forecast_offshore_wind_generation,Wind Offshore,2026-07-05T23:38:26Z
2026-07-05T23:37:01Z,2026-07-06T01:37:01+0200,947116b8-3478-48df-97c2-9d19820fe5c0,2026-06-15T00:00:00Z,2026-06-15T02:00:00+0200,6379.19,MW,DE,DE_LU,forecast_offshore_wind_generation,Wind Offshore,2026-07-05T23:38:26Z
2026-07-05T23:37:01Z,2026-07-06T01:37:01+0200,947116b8-3478-48df-97c2-9d19820fe5c0,2026-06-15T00:15:00Z,2026-06-15T02:15:00+0200,6442.14,MW,DE,DE_LU,forecast_offshore_wind_generation,Wind Offshore,2026-07-05T23:38:26Z
2026-07-05T23:37:01Z,2026-07-06T01:37:01+0200,947116b8-3478-48df-97c2-9d19820fe5c0,2026-06-15T00:30:00Z,2026-06-15T02:30:00+0200,6483.85,MW,DE,DE_LU,forecast_offshore_wind_generation,Wind Offshore,2026-07-05T23:38:26Z
2026-07-05T23:37:01Z,2026-07-06T01:37:01+0200,947116b8-3478-48df-97c2-9d19820fe5c0,2026-06-15T00:45:00Z,2026-06-15T02:45:00+0200,6510.08,MW,DE,DE_LU,forecast_offshore_wind_generation,Wind Offshore,2026-07-05T23:38:26Z
2026-07-05T23:37:01Z,2026-07-06T01:37:01+0200,947116b8-3478-48df-97c2-9d19820fe5c0,2026-06-15T01:00:00Z,2026-06-15T03:00:00+0200,6538.18,MW,DE,DE_LU,forecast_offshore_wind_generation,Wind Offshore,2026-07-05T23:38:26Z
2026-07-05T23:37:01Z,2026-07-06T01:37:01+0200,947116b8-3478-48df-97c2-9d19820fe5c0,2026-06-15T01:15:00Z,2026-06-15T03:15:00+0200,6547.81,MW,DE,DE_LU,forecast_offshore_wind_generation,Wind Offshore,2026-07-05T23:38:26Z
2026-07-05T23:37:01Z,2026-07-06T01:37:01+0200,947116b8-3478-48df-97c2-9d19820fe5c0,2026-06-15T01:30:00Z,2026-06-15T03:30:00+0200,6559.46,MW,DE,DE_LU,forecast_offshore_wind_generation,Wind Offshore,2026-07-05T23:38:26Z
2026-07-05T23:37:01Z,2026-07-06T01:37:01+0200,947116b8-3478-48df-97c2-9d19820fe5c0,2026-06-15T01:45:00Z,2026-06-15T03:45:00+0200,6568.76,MW,DE,DE_LU,forecast_offshore_wind_generation,Wind Offshore,2026-07-05T23:38:26Z
2026-07-05T23:37:01Z,2026-07-06T01:37:01+0200,947116b8-3478-48df-97c2-9d19820fe5c0,2026-06-15T02:00:00Z,2026-06-15T04:00:00+0200,6557.89,MW,DE,DE_LU,forecast_offshore_wind_generation,Wind Offshore,2026-07-05T23:38:26Z
2026-07-05T23:37:01Z,2026-07-06T01:37:01+0200,947116b8-3478-48df-97c2-9d19820fe5c0,2026-06-15T02:15:00Z,2026-06-15T04:15:00+0200,6514.83,MW,DE,DE_LU,forecast_offshore_wind_generation,Wind Offshore,2026-07-05T23:38:26Z
2026-07-05T23:37:01Z,2026-07-06T01:37:01+0200,947116b8-3478-48df-97c2-9d19820fe5c0,2026-06-15T02:30:00Z,2026-06-15T04:30:00+0200,6483.04,MW,DE,DE_LU,forecast_offshore_wind_generation,Wind Offshore,2026-07-05T23:38:26Z
2026-07-05T23:37:01Z,2026-07-06T01:37:01+0200,947116b8-3478-48df-97c2-9d19820fe5c0,2026-06-15T02:45:00Z,2026-06-15T04:45:00+0200,6418.0,MW,DE,DE_LU,forecast_offshore_wind_generation,Wind Offshore,2026-07-05T23:38:26Z
2026-07-05T23:37:01Z,2026-07-06T01:37:01+0200,947116b8-3478-48df-97c2-9d19820fe5c0,2026-06-15T03:00:00Z,2026-06-15T05:00:00+0200,6333.62,MW,DE,DE_LU,forecast_offshore_wind_generation,Wind Offshore,2026-07-05T23:38:26Z
2026-07-05T23:37:01Z,2026-07-06T01:37:01+0200,947116b8-3478-48df-97c2-9d19820fe5c0,2026-06-15T03:15:00Z,2026-06-15T05:15:00+0200,6307.78,MW,DE,DE_LU,forecast_offshore_wind_generation,Wind Offshore,2026-07-05T23:38:26Z
2026-07-05T23:37:01Z,2026-07-06T01:37:01+0200,947116b8-3478-48df-97c2-9d19820fe5c0,2026-06-15T03:30:00Z,2026-06-15T05:30:00+0200,6289.42,MW,DE,DE_LU,forecast_offshore_wind_generation,Wind Offshore,2026-07-05T23:38:26Z
2026-07-05T23:37:01Z,2026-07-06T01:37:01+0200,947116b8-3478-48df-97c2-9d19820fe5c0,2026-06-15T03:45:00Z,2026-06-15T05:45:00+0200,6268.57,MW,DE,DE_LU,forecast_offshore_wind_generation,Wind Offshore,2026-07-05T23:38:26Z
2026-07-05T23:37:01Z,2026-07-06T01:37:01+0200,947116b8-3478-48df-97c2-9d19820fe5c0,2026-06-15T04:00:00Z,2026-06-15T06:00:00+0200,6236.58,MW,DE,DE_LU,forecast_offshore_wind_generation,Wind Offshore,2026-07-05T23:38:26Z
2026-07-05T23:37:01Z,2026-07-06T01:37:01+0200,947116b8-3478-48df-97c2-9d19820fe5c0,2026-06-15T04:15:00Z,2026-06-15T06:15:00+0200,6206.95,MW,DE,DE_LU,forecast_offshore_wind_generation,Wind Offshore,2026-07-05T23:38:26Z
2026-07-05T23:37:01Z,2026-07-06T01:37:01+0200,947116b8-3478-48df-97c2-9d19820fe5c0,2026-06-15T04:30:00Z,2026-06-15T06:30:00+0200,6174.17,MW,DE,DE_LU,forecast_offshore_wind_generation,Wind Offshore,2026-07-05T23:38:26Z
2026-07-05T23:37:01Z,2026-07-06T01:37:01+0200,947116b8-3478-48df-97c2-9d19820fe5c0,2026-06-15T04:45:00Z,2026-06-15T06:45:00+0200,6140.66,MW,DE,DE_LU,forecast_offshore_wind_generation,Wind Offshore,2026-07-05T23:38:26Z
2026-07-05T23:37:01Z,2026-07-06T01:37:01+0200,947116b8-3478-48df-97c2-9d19820fe5c0,2026-06-15T05:00:00Z,2026-06-15T07:00:00+0200,6038.64,MW,DE,DE_LU,forecast_offshore_wind_generation,Wind Offshore,2026-07-05T23:38:26Z
2026-07-05T23:37:01Z,2026-07-06T01:37:01+0200,947116b8-3478-48df-97c2-9d19820fe5c0,2026-06-15T05:15:00Z,2026-06-15T07:15:00+0200,5978.46,MW,DE,DE_LU,forecast_offshore_wind_generation,Wind Offshore,2026-07-05T23:38:26Z
2026-07-05T23:37:01Z,2026-07-06T01:37:01+0200,947116b8-3478-48df-97c2-9d19820fe5c0,2026-06-15T05:30:00Z,2026-06-15T07:30:00+0200,5927.16,MW,DE,DE_LU,forecast_offshore_wind_generation,Wind Offshore,2026-07-05T23:38:26Z
2026-07-05T23:37:01Z,2026-07-06T01:37:01+0200,947116b8-3478-48df-97c2-9d19820fe5c0,2026-06-15T05:45:00Z,2026-06-15T07:45:00+0200,5857.0,MW,DE,DE_LU,forecast_offshore_wind_generation,Wind Offshore,2026-07-05T23:38:26Z
2026-07-05T23:37:01Z,2026-07-06T01:37:01+0200,947116b8-3478-48df-97c2-9d19820fe5c0,2026-06-15T06:00:00Z,2026-06-15T08:00:00+0200,5813.22,MW,DE,DE_LU,forecast_offshore_wind_generation,Wind Offshore,2026-07-05T23:38:26Z
2026-07-05T23:37:01Z,2026-07-06T01:37:01+0200,947116b8-3478-48df-97c2-9d19820fe5c0,2026-06-15T06:15:00Z,2026-06-15T08:15:00+0200,5688.8,MW,DE,DE_LU,forecast_offshore_wind_generation,Wind Offshore,2026-07-05T23:38:26Z
2026-07-05T23:37:01Z,2026-07-06T01:37:01+0200,947116b8-3478-48df-97c2-9d19820fe5c0,2026-06-15T06:30:00Z,2026-06-15T08:30:00+0200,5634.09,MW,DE,DE_LU,forecast_offshore_wind_generation,Wind Offshore,2026-07-05T23:38:26Z
2026-07-05T23:37:01Z,2026-07-06T01:37:01+0200,947116b8-3478-48df-97c2-9d19820fe5c0,2026-06-15T06:45:00Z,2026-06-15T08:45:00+0200,5581.98,MW,DE,DE_LU,forecast_offshore_wind_generation,Wind Offshore,2026-07-05T23:38:26Z
2026-07-05T23:37:01Z,2026-07-06T01:37:01+0200,947116b8-3478-48df-97c2-9d19820fe5c0,2026-06-15T07:00:00Z,2026-06-15T09:00:00+0200,5540.3,MW,DE,DE_LU,forecast_offshore_wind_generation,Wind Offshore,2026-07-05T23:38:26Z
2026-07-05T23:37:01Z,2026-07-06T01:37:01+0200,947116b8-3478-48df-97c2-9d19820fe5c0,2026-06-15T07:15:00Z,2026-06-15T09:15:00+0200,5506.89,MW,DE,DE_LU,forecast_offshore_wind_generation,Wind Offshore,2026-07-05T23:38:26Z
2026-07-05T23:37:01Z,2026-07-06T01:37:01+0200,947116b8-3478-48df-97c2-9d19820fe5c0,2026-06-15T07:30:00Z,2026-06-15T09:30:00+0200,5158.09,MW,DE,DE_LU,forecast_offshore_wind_generation,Wind Offshore,2026-07-05T23:38:26Z
2026-07-05T23:37:01Z,2026-07-06T01:37:01+0200,947116b8-3478-48df-97c2-9d19820fe5c0,2026-06-15T07:45:00Z,2026-06-15T09:45:00+0200,5141.57,MW,DE,DE_LU,forecast_offshore_wind_generation,Wind Offshore,2026-07-05T23:38:26Z
2026-07-05T23:37:01Z,2026-07-06T01:37:01+0200,947116b8-3478-48df-97c2-9d19820fe5c0,2026-06-15T08:00:00Z,2026-06-15T10:00:00+0200,5114.24,MW,DE,DE_LU,forecast_offshore_wind_generation,Wind Offshore,2026-07-05T23:38:26Z
2026-07-05T23:37:01Z,2026-07-06T01:37:01+0200,947116b8-3478-48df-97c2-9d19820fe5c0,2026-06-15T08:15:00Z,2026-06-15T10:15:00+0200,5086.55,MW,DE,DE_LU,forecast_offshore_wind_generation,Wind Offshore,2026-07-05T23:38:26Z
2026-07-05T23:37:01Z,2026-07-06T01:37:01+0200,947116b8-3478-48df-97c2-9d19820fe5c0,2026-06-15T08:30:00Z,2026-06-15T10:30:00+0200,5051.91,MW,DE,DE_LU,forecast_offshore_wind_generation,Wind Offshore,2026-07-05T23:38:26Z
2026-07-05T23:37:01Z,2026-07-06T01:37:01+0200,947116b8-3478-48df-97c2-9d19820fe5c0,2026-06-15T08:45:00Z,2026-06-15T10:45:00+0200,5008.16,MW,DE,DE_LU,forecast_offshore_wind_generation,Wind Offshore,2026-07-05T23:38:26Z
2026-07-05T23:37:01Z,2026-07-06T01:37:01+0200,947116b8-3478-48df-97c2-9d19820fe5c0,2026-06-15T09:00:00Z,2026-06-15T11:00:00+0200,4968.48,MW,DE,DE_LU,forecast_offshore_wind_generation,Wind Offshore,2026-07-05T23:38:26Z
2026-07-05T23:37:01Z,2026-07-06T01:37:01+0200,947116b8-3478-48df-97c2-9d19820fe5c0,2026-06-15T09:15:00Z,2026-06-15T11:15:00+0200,4927.45,MW,DE,DE_LU,forecast_offshore_wind_generation,Wind Offshore,2026-07-05T23:38:26Z
2026-07-05T23:37:01Z,2026-07-06T01:37:01+0200,947116b8-3478-48df-97c2-9d19820fe5c0,2026-06-15T09:30:00Z,2026-06-15T11:30:00+0200,4881.79,MW,DE,DE_LU,forecast_offshore_wind_generation,Wind Offshore,2026-07-05T23:38:26Z
2026-07-05T23:37:01Z,2026-07-06T01:37:01+0200,947116b8-3478-48df-97c2-9d19820fe5c0,2026-06-15T09:45:00Z,2026-06-15T11:45:00+0200,4835.86,MW,DE,DE_LU,forecast_offshore_wind_generation,Wind Offshore,2026-07-05T23:38:26Z
2026-07-05T23:37:01Z,2026-07-06T01:37:01+0200,947116b8-3478-48df-97c2-9d19820fe5c0,2026-06-15T10:00:00Z,2026-06-15T12:00:00+0200,4787.74,MW,DE,DE_LU,forecast_offshore_wind_generation,Wind Offshore,2026-07-05T23:38:26Z
2026-07-05T23:37:01Z,2026-07-06T01:37:01+0200,947116b8-3478-48df-97c2-9d19820fe5c0,2026-06-15T10:15:00Z,2026-06-15T12:15:00+0200,4742.56,MW,DE,DE_LU,forecast_offshore_wind_generation,Wind Offshore,2026-07-05T23:38:26Z
2026-07-05T23:37:01Z,2026-07-06T01:37:01+0200,947116b8-3478-48df-97c2-9d19820fe5c0,2026-06-15T10:30:00Z,2026-06-15T12:30:00+0200,4698.24,MW,DE,DE_LU,forecast_offshore_wind_generation,Wind Offshore,2026-07-05T23:38:26Z
2026-07-05T23:37:01Z,2026-07-06T01:37:01+0200,947116b8-3478-48df-97c2-9d19820fe5c0,2026-06-15T10:45:00Z,2026-06-15T12:45:00+0200,4656.56,MW,DE,DE_LU,forecast_offshore_wind_generation,Wind Offshore,2026-07-05T23:38:26Z
2026-07-05T23:37:01Z,2026-07-06T01:37:01+0200,947116b8-3478-48df-97c2-9d19820fe5c0,2026-06-15T11:00:00Z,2026-06-15T13:00:00+0200,4613.7,MW,DE,DE_LU,forecast_offshore_wind_generation,Wind Offshore,2026-07-05T23:38:26Z
2026-07-05T23:37:01Z,2026-07-06T01:37:01+0200,947116b8-3478-48df-97c2-9d19820fe5c0,2026-06-15T11:15:00Z,2026-06-15T13:15:00+0200,4564.61,MW,DE,DE_LU,forecast_offshore_wind_generation,Wind Offshore,2026-07-05T23:38:26Z
2026-07-05T23:37:01Z,2026-07-06T01:37:01+0200,947116b8-3478-48df-97c2-9d19820fe5c0,2026-06-15T11:30:00Z,2026-06-15T13:30:00+0200,4510.07,MW,DE,DE_LU,forecast_offshore_wind_generation,Wind Offshore,2026-07-05T23:38:26Z
2026-07-05T23:37:01Z,2026-07-06T01:37:01+0200,947116b8-3478-48df-97c2-9d19820fe5c0,2026-06-15T11:45:00Z,2026-06-15T13:45:00+0200,4461.89,MW,DE,DE_LU,forecast_offshore_wind_generation,Wind Offshore,2026-07-05T23:38:26Z
2026-07-05T23:37:01Z,2026-07-06T01:37:01+0200,947116b8-3478-48df-97c2-9d19820fe5c0,2026-06-15T12:00:00Z,2026-06-15T14:00:00+0200,4409.4,MW,DE,DE_LU,forecast_offshore_wind_generation,Wind Offshore,2026-07-05T23:38:26Z
2026-07-05T23:37:01Z,2026-07-06T01:37:01+0200,947116b8-3478-48df-97c2-9d19820fe5c0,2026-06-15T12:15:00Z,2026-06-15T14:15:00+0200,4362.59,MW,DE,DE_LU,forecast_offshore_wind_generation,Wind Offshore,2026-07-05T23:38:26Z
2026-07-05T23:37:01Z,2026-07-06T01:37:01+0200,947116b8-3478-48df-97c2-9d19820fe5c0,2026-06-15T12:30:00Z,2026-06-15T14:30:00+0200,4317.71,MW,DE,DE_LU,forecast_offshore_wind_generation,Wind Offshore,2026-07-05T23:38:26Z
2026-07-05T23:37:01Z,2026-07-06T01:37:01+0200,947116b8-3478-48df-97c2-9d19820fe5c0,2026-06-15T12:45:00Z,2026-06-15T14:45:00+0200,4273.91,MW,DE,DE_LU,forecast_offshore_wind_generation,Wind Offshore,2026-07-05T23:38:26Z
2026-07-05T23:37:01Z,2026-07-06T01:37:01+0200,947116b8-3478-48df-97c2-9d19820fe5c0,2026-06-15T13:00:00Z,2026-06-15T15:00:00+0200,4234.1,MW,DE,DE_LU,forecast_offshore_wind_generation,Wind Offshore,2026-07-05T23:38:26Z
2026-07-05T23:37:01Z,2026-07-06T01:37:01+0200,947116b8-3478-48df-97c2-9d19820fe5c0,2026-06-15T13:15:00Z,2026-06-15T15:15:00+0200,4194.56,MW,DE,DE_LU,forecast_offshore_wind_generation,Wind Offshore,2026-07-05T23:38:26Z
2026-07-05T23:37:01Z,2026-07-06T01:37:01+0200,947116b8-3478-48df-97c2-9d19820fe5c0,2026-06-15T13:30:00Z,2026-06-15T15:30:00+0200,4158.68,MW,DE,DE_LU,forecast_offshore_wind_generation,Wind Offshore,2026-07-05T23:38:26Z
2026-07-05T23:37:01Z,2026-07-06T01:37:01+0200,947116b8-3478-48df-97c2-9d19820fe5c0,2026-06-15T13:45:00Z,2026-06-15T15:45:00+0200,4111.0,MW,DE,DE_LU,forecast_offshore_wind_generation,Wind Offshore,2026-07-05T23:38:26Z
2026-07-05T23:37:01Z,2026-07-06T01:37:01+0200,947116b8-3478-48df-97c2-9d19820fe5c0,2026-06-15T14:00:00Z,2026-06-15T16:00:00+0200,4069.6,MW,DE,DE_LU,forecast_offshore_wind_generation,Wind Offshore,2026-07-05T23:38:26Z
2026-07-05T23:37:01Z,2026-07-06T01:37:01+0200,947116b8-3478-48df-97c2-9d19820fe5c0,2026-06-15T14:15:00Z,2026-06-15T16:15:00+0200,4041.26,MW,DE,DE_LU,forecast_offshore_wind_generation,Wind Offshore,2026-07-05T23:38:26Z
2026-07-05T23:37:01Z,2026-07-06T01:37:01+0200,947116b8-3478-48df-97c2-9d19820fe5c0,2026-06-15T14:30:00Z,2026-06-15T16:30:00+0200,4006.77,MW,DE,DE_LU,forecast_offshore_wind_generation,Wind Offshore,2026-07-05T23:38:26Z
2026-07-05T23:37:01Z,2026-07-06T01:37:01+0200,947116b8-3478-48df-97c2-9d19820fe5c0,2026-06-15T14:45:00Z,2026-06-15T16:45:00+0200,3975.82,MW,DE,DE_LU,forecast_offshore_wind_generation,Wind Offshore,2026-07-05T23:38:26Z
2026-07-05T23:37:01Z,2026-07-06T01:37:01+0200,947116b8-3478-48df-97c2-9d19820fe5c0,2026-06-15T15:00:00Z,2026-06-15T17:00:00+0200,3942.82,MW,DE,DE_LU,forecast_offshore_wind_generation,Wind Offshore,2026-07-05T23:38:26Z
2026-07-05T23:37:01Z,2026-07-06T01:37:01+0200,947116b8-3478-48df-97c2-9d19820fe5c0,2026-06-15T15:15:00Z,2026-06-15T17:15:00+0200,3898.75,MW,DE,DE_LU,forecast_offshore_wind_generation,Wind Offshore,2026-07-05T23:38:26Z
2026-07-05T23:37:01Z,2026-07-06T01:37:01+0200,947116b8-3478-48df-97c2-9d19820fe5c0,2026-06-15T15:30:00Z,2026-06-15T17:30:00+0200,3857.31,MW,DE,DE_LU,forecast_offshore_wind_generation,Wind Offshore,2026-07-05T23:38:26Z
2026-07-05T23:37:01Z,2026-07-06T01:37:01+0200,947116b8-3478-48df-97c2-9d19820fe5c0,2026-06-15T15:45:00Z,2026-06-15T17:45:00+0200,3815.28,MW,DE,DE_LU,forecast_offshore_wind_generation,Wind Offshore,2026-07-05T23:38:26Z
2026-07-05T23:37:01Z,2026-07-06T01:37:01+0200,947116b8-3478-48df-97c2-9d19820fe5c0,2026-06-15T16:00:00Z,2026-06-15T18:00:00+0200,3765.81,MW,DE,DE_LU,forecast_offshore_wind_generation,Wind Offshore,2026-07-05T23:38:26Z
2026-07-05T23:37:01Z,2026-07-06T01:37:01+0200,947116b8-3478-48df-97c2-9d19820fe5c0,2026-06-15T16:15:00Z,2026-06-15T18:15:00+0200,3726.05,MW,DE,DE_LU,forecast_offshore_wind_generation,Wind Offshore,2026-07-05T23:38:26Z
2026-07-05T23:37:01Z,2026-07-06T01:37:01+0200,947116b8-3478-48df-97c2-9d19820fe5c0,2026-06-15T16:30:00Z,2026-06-15T18:30:00+0200,3677.3,MW,DE,DE_LU,forecast_offshore_wind_generation,Wind Offshore,2026-07-05T23:38:26Z
2026-07-05T23:37:01Z,2026-07-06T01:37:01+0200,947116b8-3478-48df-97c2-9d19820fe5c0,2026-06-15T16:45:00Z,2026-06-15T18:45:00+0200,3631.94,MW,DE,DE_LU,forecast_offshore_wind_generation,Wind Offshore,2026-07-05T23:38:26Z
2026-07-05T23:37:01Z,2026-07-06T01:37:01+0200,947116b8-3478-48df-97c2-9d19820fe5c0,2026-06-15T17:00:00Z,2026-06-15T19:00:00+0200,3581.71,MW,DE,DE_LU,forecast_offshore_wind_generation,Wind Offshore,2026-07-05T23:38:26Z
2026-07-05T23:37:01Z,2026-07-06T01:37:01+0200,947116b8-3478-48df-97c2-9d19820fe5c0,2026-06-15T17:15:00Z,2026-06-15T19:15:00+0200,3577.49,MW,DE,DE_LU,forecast_offshore_wind_generation,Wind Offshore,2026-07-05T23:38:26Z
2026-07-05T23:37:01Z,2026-07-06T01:37:01+0200,947116b8-3478-48df-97c2-9d19820fe5c0,2026-06-15T17:30:00Z,2026-06-15T19:30:00+0200,3506.6,MW,DE,DE_LU,forecast_offshore_wind_generation,Wind Offshore,2026-07-05T23:38:26Z
2026-07-05T23:37:01Z,2026-07-06T01:37:01+0200,947116b8-3478-48df-97c2-9d19820fe5c0,2026-06-15T17:45:00Z,2026-06-15T19:45:00+0200,3473.74,MW,DE,DE_LU,forecast_offshore_wind_generation,Wind Offshore,2026-07-05T23:38:26Z
2026-07-05T23:37:01Z,2026-07-06T01:37:01+0200,947116b8-3478-48df-97c2-9d19820fe5c0,2026-06-15T18:00:00Z,2026-06-15T20:00:00+0200,3393.12,MW,DE,DE_LU,forecast_offshore_wind_generation,Wind Offshore,2026-07-05T23:38:26Z
2026-07-05T23:37:01Z,2026-07-06T01:37:01+0200,947116b8-3478-48df-97c2-9d19820fe5c0,2026-06-15T18:15:00Z,2026-06-15T20:15:00+0200,3295.88,MW,DE,DE_LU,forecast_offshore_wind_generation,Wind Offshore,2026-07-05T23:38:26Z
2026-07-05T23:37:01Z,2026-07-06T01:37:01+0200,947116b8-3478-48df-97c2-9d19820fe5c0,2026-06-15T18:30:00Z,2026-06-15T20:30:00+0200,3224.15,MW,DE,DE_LU,forecast_offshore_wind_generation,Wind Offshore,2026-07-05T23:38:26Z
2026-07-05T23:37:01Z,2026-07-06T01:37:01+0200,947116b8-3478-48df-97c2-9d19820fe5c0,2026-06-15T18:45:00Z,2026-06-15T20:45:00+0200,3118.24,MW,DE,DE_LU,forecast_offshore_wind_generation,Wind Offshore,2026-07-05T23:38:26Z
2026-07-05T23:37:01Z,2026-07-06T01:37:01+0200,947116b8-3478-48df-97c2-9d19820fe5c0,2026-06-15T19:00:00Z,2026-06-15T21:00:00+0200,3015.38,MW,DE,DE_LU,forecast_offshore_wind_generation,Wind Offshore,2026-07-05T23:38:26Z
2026-07-05T23:37:01Z,2026-07-06T01:37:01+0200,947116b8-3478-48df-97c2-9d19820fe5c0,2026-06-15T19:15:00Z,2026-06-15T21:15:00+0200,2913.38,MW,DE,DE_LU,forecast_offshore_wind_generation,Wind Offshore,2026-07-05T23:38:26Z
2026-07-05T23:37:01Z,2026-07-06T01:37:01+0200,947116b8-3478-48df-97c2-9d19820fe5c0,2026-06-15T19:30:00Z,2026-06-15T21:30:00+0200,2808.1,MW,DE,DE_LU,forecast_offshore_wind_generation,Wind Offshore,2026-07-05T23:38:26Z
2026-07-05T23:37:01Z,2026-07-06T01:37:01+0200,947116b8-3478-48df-97c2-9d19820fe5c0,2026-06-15T19:45:00Z,2026-06-15T21:45:00+0200,2707.95,MW,DE,DE_LU,forecast_offshore_wind_generation,Wind Offshore,2026-07-05T23:38:26Z
2026-07-05T23:37:01Z,2026-07-06T01:37:01+0200,947116b8-3478-48df-97c2-9d19820fe5c0,2026-06-15T20:00:00Z,2026-06-15T22:00:00+0200,2606.45,MW,DE,DE_LU,forecast_offshore_wind_generation,Wind Offshore,2026-07-05T23:38:26Z
2026-07-05T23:37:01Z,2026-07-06T01:37:01+0200,947116b8-3478-48df-97c2-9d19820fe5c0,2026-06-15T20:15:00Z,2026-06-15T22:15:00+0200,2528.57,MW,DE,DE_LU,forecast_offshore_wind_generation,Wind Offshore,2026-07-05T23:38:26Z
2026-07-05T23:37:01Z,2026-07-06T01:37:01+0200,947116b8-3478-48df-97c2-9d19820fe5c0,2026-06-15T20:30:00Z,2026-06-15T22:30:00+0200,2442.88,MW,DE,DE_LU,forecast_offshore_wind_generation,Wind Offshore,2026-07-05T23:38:26Z
2026-07-05T23:37:01Z,2026-07-06T01:37:01+0200,947116b8-3478-48df-97c2-9d19820fe5c0,2026-06-15T20:45:00Z,2026-06-15T22:45:00+0200,2364.28,MW,DE,DE_LU,forecast_offshore_wind_generation,Wind Offshore,2026-07-05T23:38:26Z
2026-07-05T23:37:01Z,2026-07-06T01:37:01+0200,947116b8-3478-48df-97c2-9d19820fe5c0,2026-06-15T21:00:00Z,2026-06-15T23:00:00+0200,2296.12,MW,DE,DE_LU,forecast_offshore_wind_generation,Wind Offshore,2026-07-05T23:38:26Z
2026-07-05T23:37:01Z,2026-07-06T01:37:01+0200,947116b8-3478-48df-97c2-9d19820fe5c0,2026-06-15T21:15:00Z,2026-06-15T23:15:00+0200,2237.92,MW,DE,DE_LU,forecast_offshore_wind_generation,Wind Offshore,2026-07-05T23:38:26Z
2026-07-05T23:37:01Z,2026-07-06T01:37:01+0200,947116b8-3478-48df-97c2-9d19820fe5c0,2026-06-15T21:30:00Z,2026-06-15T23:30:00+0200,2189.14,MW,DE,DE_LU,forecast_offshore_wind_generation,Wind Offshore,2026-07-05T23:38:26Z
2026-07-05T23:37:01Z,2026-07-06T01:37:01+0200,947116b8-3478-48df-97c2-9d19820fe5c0,2026-06-15T21:45:00Z,2026-06-15T23:45:00+0200,2135.86,MW,DE,DE_LU,forecast_offshore_wind_generation,Wind Offshore,2026-07-05T23:38:26Z
2026-07-05T23:37:01Z,2026-07-06T01:37:01+0200,947116b8-3478-48df-97c2-9d19820fe5c0,2026-06-15T22:00:00Z,2026-06-16T00:00:00+0200,1944.74,MW,DE,DE_LU,forecast_offshore_wind_generation,Wind Offshore,2026-07-05T23:38:26Z
2026-07-05T23:37:01Z,2026-07-06T01:37:01+0200,947116b8-3478-48df-97c2-9d19820fe5c0,2026-06-15T22:15:00Z,2026-06-16T00:15:00+0200,1902.32,MW,DE,DE_LU,forecast_offshore_wind_generation,Wind Offshore,2026-07-05T23:38:26Z
2026-07-05T23:37:01Z,2026-07-06T01:37:01+0200,947116b8-3478-48df-97c2-9d19820fe5c0,2026-06-15T22:30:00Z,2026-06-16T00:30:00+0200,1852.88,MW,DE,DE_LU,forecast_offshore_wind_generation,Wind Offshore,2026-07-05T23:38:26Z
2026-07-05T23:37:01Z,2026-07-06T01:37:01+0200,947116b8-3478-48df-97c2-9d19820fe5c0,2026-06-15T22:45:00Z,2026-06-16T00:45:00+0200,1814.35,MW,DE,DE_LU,forecast_offshore_wind_generation,Wind Offshore,2026-07-05T23:38:26Z
2026-07-05T23:37:01Z,2026-07-06T01:37:01+0200,947116b8-3478-48df-97c2-9d19820fe5c0,2026-06-15T23:00:00Z,2026-06-16T01:00:00+0200,1769.8,MW,DE,DE_LU,forecast_offshore_wind_generation,Wind Offshore,2026-07-05T23:38:26Z
2026-07-05T23:37:01Z,2026-07-06T01:37:01+0200,947116b8-3478-48df-97c2-9d19820fe5c0,2026-06-15T23:15:00Z,2026-06-16T01:15:00+0200,1737.32,MW,DE,DE_LU,forecast_offshore_wind_generation,Wind Offshore,2026-07-05T23:38:26Z
2026-07-05T23:37:01Z,2026-07-06T01:37:01+0200,947116b8-3478-48df-97c2-9d19820fe5c0,2026-06-15T23:30:00Z,2026-06-16T01:30:00+0200,1711.86,MW,DE,DE_LU,forecast_offshore_wind_generation,Wind Offshore,2026-07-05T23:38:26Z
2026-07-05T23:37:01Z,2026-07-06T01:37:01+0200,947116b8-3478-48df-97c2-9d19820fe5c0,2026-06-15T23:45:00Z,2026-06-16T01:45:00+0200,1685.17,MW,DE,DE_LU,forecast_offshore_wind_generation,Wind Offshore,2026-07-05T23:38:26Z
2026-07-05T23:37:01Z,2026-07-06T01:37:01+0200,947116b8-3478-48df-97c2-9d19820fe5c0,2026-06-16T00:00:00Z,2026-06-16T02:00:00+0200,1660.31,MW,DE,DE_LU,forecast_offshore_wind_generation,Wind Offshore,2026-07-05T23:38:26Z
2026-07-05T23:37:01Z,2026-07-06T01:37:01+0200,947116b8-3478-48df-97c2-9d19820fe5c0,2026-06-16T00:15:00Z,2026-06-16T02:15:00+0200,1643.25,MW,DE,DE_LU,forecast_offshore_wind_generation,Wind Offshore,2026-07-05T23:38:26Z
2026-07-05T23:37:01Z,2026-07-06T01:37:01+0200,947116b8-3478-48df-97c2-9d19820fe5c0,2026-06-16T00:30:00Z,2026-06-16T02:30:00+0200,1626.1,MW,DE,DE_LU,forecast_offshore_wind_generation,Wind Offshore,2026-07-05T23:38:26Z
2026-07-05T23:37:01Z,2026-07-06T01:37:01+0200,947116b8-3478-48df-97c2-9d19820fe5c0,2026-06-16T00:45:00Z,2026-06-16T02:45:00+0200,1603.55,MW,DE,DE_LU,forecast_offshore_wind_generation,Wind Offshore,2026-07-05T23:38:26Z
2026-07-05T23:37:01Z,2026-07-06T01:37:01+0200,947116b8-3478-48df-97c2-9d19820fe5c0,2026-06-16T01:00:00Z,2026-06-16T03:00:00+0200,1587.99,MW,DE,DE_LU,forecast_offshore_wind_generation,Wind Offshore,2026-07-05T23:38:26Z
2026-07-05T23:37:01Z,2026-07-06T01:37:01+0200,947116b8-3478-48df-97c2-9d19820fe5c0,2026-06-16T01:15:00Z,2026-06-16T03:15:00+0200,1556.81,MW,DE,DE_LU,forecast_offshore_wind_generation,Wind Offshore,2026-07-05T23:38:26Z
2026-07-05T23:37:01Z,2026-07-06T01:37:01+0200,947116b8-3478-48df-97c2-9d19820fe5c0,2026-06-16T01:30:00Z,2026-06-16T03:30:00+0200,1527.57,MW,DE,DE_LU,forecast_offshore_wind_generation,Wind Offshore,2026-07-05T23:38:26Z
2026-07-05T23:37:01Z,2026-07-06T01:37:01+0200,947116b8-3478-48df-97c2-9d19820fe5c0,2026-06-16T01:45:00Z,2026-06-16T03:45:00+0200,1500.99,MW,DE,DE_LU,forecast_offshore_wind_generation,Wind Offshore,2026-07-05T23:38:26Z
2026-07-05T23:37:01Z,2026-07-06T01:37:01+0200,947116b8-3478-48df-97c2-9d19820fe5c0,2026-06-16T02:00:00Z,2026-06-16T04:00:00+0200,1461.32,MW,DE,DE_LU,forecast_offshore_wind_generation,Wind Offshore,2026-07-05T23:38:26Z
2026-07-05T23:37:01Z,2026-07-06T01:37:01+0200,947116b8-3478-48df-97c2-9d19820fe5c0,2026-06-16T02:15:00Z,2026-06-16T04:15:00+0200,1396.29,MW,DE,DE_LU,forecast_offshore_wind_generation,Wind Offshore,2026-07-05T23:38:26Z
2026-07-05T23:37:01Z,2026-07-06T01:37:01+0200,947116b8-3478-48df-97c2-9d19820fe5c0,2026-06-16T02:30:00Z,2026-06-16T04:30:00+0200,1329.94,MW,DE,DE_LU,forecast_offshore_wind_generation,Wind Offshore,2026-07-05T23:38:26Z
2026-07-05T23:37:01Z,2026-07-06T01:37:01+0200,947116b8-3478-48df-97c2-9d19820fe5c0,2026-06-16T02:45:00Z,2026-06-16T04:45:00+0200,1262.83,MW,DE,DE_LU,forecast_offshore_wind_generation,Wind Offshore,2026-07-05T23:38:26Z
2026-07-05T23:37:01Z,2026-07-06T01:37:01+0200,947116b8-3478-48df-97c2-9d19820fe5c0,2026-06-16T03:00:00Z,2026-06-16T05:00:00+0200,1194.46,MW,DE,DE_LU,forecast_offshore_wind_generation,Wind Offshore,2026-07-05T23:38:26Z
2026-07-05T23:37:01Z,2026-07-06T01:37:01+0200,947116b8-3478-48df-97c2-9d19820fe5c0,2026-06-16T03:15:00Z,2026-06-16T05:15:00+0200,1135.02,MW,DE,DE_LU,forecast_offshore_wind_generation,Wind Offshore,2026-07-05T23:38:26Z
2026-07-05T23:37:01Z,2026-07-06T01:37:01+0200,947116b8-3478-48df-97c2-9d19820fe5c0,2026-06-16T03:30:00Z,2026-06-16T05:30:00+0200,1071.51,MW,DE,DE_LU,forecast_offshore_wind_generation,Wind Offshore,2026-07-05T23:38:26Z
2026-07-05T23:37:01Z,2026-07-06T01:37:01+0200,947116b8-3478-48df-97c2-9d19820fe5c0,2026-06-16T03:45:00Z,2026-06-16T05:45:00+0200,1015.92,MW,DE,DE_LU,forecast_offshore_wind_generation,Wind Offshore,2026-07-05T23:38:26Z
2026-07-05T23:37:01Z,2026-07-06T01:37:01+0200,947116b8-3478-48df-97c2-9d19820fe5c0,2026-06-16T04:00:00Z,2026-06-16T06:00:00+0200,955.27,MW,DE,DE_LU,forecast_offshore_wind_generation,Wind Offshore,2026-07-05T23:38:26Z
2026-07-05T23:37:01Z,2026-07-06T01:37:01+0200,947116b8-3478-48df-97c2-9d19820fe5c0,2026-06-16T04:15:00Z,2026-06-16T06:15:00+0200,925.96,MW,DE,DE_LU,forecast_offshore_wind_generation,Wind Offshore,2026-07-05T23:38:26Z
2026-07-05T23:37:01Z,2026-07-06T01:37:01+0200,947116b8-3478-48df-97c2-9d19820fe5c0,2026-06-16T04:30:00Z,2026-06-16T06:30:00+0200,893.71,MW,DE,DE_LU,forecast_offshore_wind_generation,Wind Offshore,2026-07-05T23:38:26Z
2026-07-05T23:37:01Z,2026-07-06T01:37:01+0200,947116b8-3478-48df-97c2-9d19820fe5c0,2026-06-16T04:45:00Z,2026-06-16T06:45:00+0200,863.24,MW,DE,DE_LU,forecast_offshore_wind_generation,Wind Offshore,2026-07-05T23:38:26Z
2026-07-05T23:37:01Z,2026-07-06T01:37:01+0200,947116b8-3478-48df-97c2-9d19820fe5c0,2026-06-16T05:00:00Z,2026-06-16T07:00:00+0200,836.75,MW,DE,DE_LU,forecast_offshore_wind_generation,Wind Offshore,2026-07-05T23:38:26Z
2026-07-05T23:37:01Z,2026-07-06T01:37:01+0200,947116b8-3478-48df-97c2-9d19820fe5c0,2026-06-16T05:15:00Z,2026-06-16T07:15:00+0200,818.35,MW,DE,DE_LU,forecast_offshore_wind_generation,Wind Offshore,2026-07-05T23:38:26Z
2026-07-05T23:37:01Z,2026-07-06T01:37:01+0200,947116b8-3478-48df-97c2-9d19820fe5c0,2026-06-16T05:30:00Z,2026-06-16T07:30:00+0200,795.91,MW,DE,DE_LU,forecast_offshore_wind_generation,Wind Offshore,2026-07-05T23:38:26Z
2026-07-05T23:37:01Z,2026-07-06T01:37:01+0200,947116b8-3478-48df-97c2-9d19820fe5c0,2026-06-16T05:45:00Z,2026-06-16T07:45:00+0200,778.88,MW,DE,DE_LU,forecast_offshore_wind_generation,Wind Offshore,2026-07-05T23:38:26Z
2026-07-05T23:37:01Z,2026-07-06T01:37:01+0200,947116b8-3478-48df-97c2-9d19820fe5c0,2026-06-16T06:00:00Z,2026-06-16T08:00:00+0200,759.5,MW,DE,DE_LU,forecast_offshore_wind_generation,Wind Offshore,2026-07-05T23:38:26Z
2026-07-05T23:37:01Z,2026-07-06T01:37:01+0200,947116b8-3478-48df-97c2-9d19820fe5c0,2026-06-16T06:15:00Z,2026-06-16T08:15:00+0200,740.06,MW,DE,DE_LU,forecast_offshore_wind_generation,Wind Offshore,2026-07-05T23:38:26Z
2026-07-05T23:37:01Z,2026-07-06T01:37:01+0200,947116b8-3478-48df-97c2-9d19820fe5c0,2026-06-16T06:30:00Z,2026-06-16T08:30:00+0200,719.01,MW,DE,DE_LU,forecast_offshore_wind_generation,Wind Offshore,2026-07-05T23:38:26Z
2026-07-05T23:37:01Z,2026-07-06T01:37:01+0200,947116b8-3478-48df-97c2-9d19820fe5c0,2026-06-16T06:45:00Z,2026-06-16T08:45:00+0200,701.07,MW,DE,DE_LU,forecast_offshore_wind_generation,Wind Offshore,2026-07-05T23:38:26Z
2026-07-05T23:37:01Z,2026-07-06T01:37:01+0200,947116b8-3478-48df-97c2-9d19820fe5c0,2026-06-16T07:00:00Z,2026-06-16T09:00:00+0200,682.71,MW,DE,DE_LU,forecast_offshore_wind_generation,Wind Offshore,2026-07-05T23:38:26Z
2026-07-05T23:37:01Z,2026-07-06T01:37:01+0200,947116b8-3478-48df-97c2-9d19820fe5c0,2026-06-16T07:15:00Z,2026-06-16T09:15:00+0200,665.29,MW,DE,DE_LU,forecast_offshore_wind_generation,Wind Offshore,2026-07-05T23:38:26Z
2026-07-05T23:37:01Z,2026-07-06T01:37:01+0200,947116b8-3478-48df-97c2-9d19820fe5c0,2026-06-16T07:30:00Z,2026-06-16T09:30:00+0200,649.92,MW,DE,DE_LU,forecast_offshore_wind_generation,Wind Offshore,2026-07-05T23:38:26Z
2026-07-05T23:37:01Z,2026-07-06T01:37:01+0200,947116b8-3478-48df-97c2-9d19820fe5c0,2026-06-16T07:45:00Z,2026-06-16T09:45:00+0200,633.81,MW,DE,DE_LU,forecast_offshore_wind_generation,Wind Offshore,2026-07-05T23:38:26Z
2026-07-05T23:37:01Z,2026-07-06T01:37:01+0200,947116b8-3478-48df-97c2-9d19820fe5c0,2026-06-16T08:00:00Z,2026-06-16T10:00:00+0200,621.48,MW,DE,DE_LU,forecast_offshore_wind_generation,Wind Offshore,2026-07-05T23:38:26Z
2026-07-05T23:37:01Z,2026-07-06T01:37:01+0200,947116b8-3478-48df-97c2-9d19820fe5c0,2026-06-16T08:15:00Z,2026-06-16T10:15:00+0200,613.63,MW,DE,DE_LU,forecast_offshore_wind_generation,Wind Offshore,2026-07-05T23:38:26Z
2026-07-05T23:37:01Z,2026-07-06T01:37:01+0200,947116b8-3478-48df-97c2-9d19820fe5c0,2026-06-16T08:30:00Z,2026-06-16T10:30:00+0200,605.87,MW,DE,DE_LU,forecast_offshore_wind_generation,Wind Offshore,2026-07-05T23:38:26Z
2026-07-05T23:37:01Z,2026-07-06T01:37:01+0200,947116b8-3478-48df-97c2-9d19820fe5c0,2026-06-16T08:45:00Z,2026-06-16T10:45:00+0200,598.2,MW,DE,DE_LU,forecast_offshore_wind_generation,Wind Offshore,2026-07-05T23:38:26Z
2026-07-05T23:37:01Z,2026-07-06T01:37:01+0200,947116b8-3478-48df-97c2-9d19820fe5c0,2026-06-16T09:00:00Z,2026-06-16T11:00:00+0200,590.13,MW,DE,DE_LU,forecast_offshore_wind_generation,Wind Offshore,2026-07-05T23:38:26Z
2026-07-05T23:37:01Z,2026-07-06T01:37:01+0200,947116b8-3478-48df-97c2-9d19820fe5c0,2026-06-16T09:15:00Z,2026-06-16T11:15:00+0200,595.55,MW,DE,DE_LU,forecast_offshore_wind_generation,Wind Offshore,2026-07-05T23:38:26Z
2026-07-05T23:37:01Z,2026-07-06T01:37:01+0200,947116b8-3478-48df-97c2-9d19820fe5c0,2026-06-16T09:30:00Z,2026-06-16T11:30:00+0200,598.16,MW,DE,DE_LU,forecast_offshore_wind_generation,Wind Offshore,2026-07-05T23:38:26Z
2026-07-05T23:37:01Z,2026-07-06T01:37:01+0200,947116b8-3478-48df-97c2-9d19820fe5c0,2026-06-16T09:45:00Z,2026-06-16T11:45:00+0200,601.06,MW,DE,DE_LU,forecast_offshore_wind_generation,Wind Offshore,2026-07-05T23:38:26Z
2026-07-05T23:37:01Z,2026-07-06T01:37:01+0200,947116b8-3478-48df-97c2-9d19820fe5c0,2026-06-16T10:00:00Z,2026-06-16T12:00:00+0200,604.12,MW,DE,DE_LU,forecast_offshore_wind_generation,Wind Offshore,2026-07-05T23:38:26Z
2026-07-05T23:37:01Z,2026-07-06T01:37:01+0200,947116b8-3478-48df-97c2-9d19820fe5c0,2026-06-16T10:15:00Z,2026-06-16T12:15:00+0200,603.82,MW,DE,DE_LU,forecast_offshore_wind_generation,Wind Offshore,2026-07-05T23:38:26Z
2026-07-05T23:37:01Z,2026-07-06T01:37:01+0200,947116b8-3478-48df-97c2-9d19820fe5c0,2026-06-16T10:30:00Z,2026-06-16T12:30:00+0200,606.46,MW,DE,DE_LU,forecast_offshore_wind_generation,Wind Offshore,2026-07-05T23:38:26Z
2026-07-05T23:37:01Z,2026-07-06T01:37:01+0200,947116b8-3478-48df-97c2-9d19820fe5c0,2026-06-16T10:45:00Z,2026-06-16T12:45:00+0200,608.42,MW,DE,DE_LU,forecast_offshore_wind_generation,Wind Offshore,2026-07-05T23:38:26Z
2026-07-05T23:37:01Z,2026-07-06T01:37:01+0200,947116b8-3478-48df-97c2-9d19820fe5c0,2026-06-16T11:00:00Z,2026-06-16T13:00:00+0200,607.84,MW,DE,DE_LU,forecast_offshore_wind_generation,Wind Offshore,2026-07-05T23:38:26Z
2026-07-05T23:37:01Z,2026-07-06T01:37:01+0200,947116b8-3478-48df-97c2-9d19820fe5c0,2026-06-16T11:15:00Z,2026-06-16T13:15:00+0200,613.63,MW,DE,DE_LU,forecast_offshore_wind_generation,Wind Offshore,2026-07-05T23:38:26Z
2026-07-05T23:37:01Z,2026-07-06T01:37:01+0200,947116b8-3478-48df-97c2-9d19820fe5c0,2026-06-16T11:30:00Z,2026-06-16T13:30:00+0200,617.57,MW,DE,DE_LU,forecast_offshore_wind_generation,Wind Offshore,2026-07-05T23:38:26Z
2026-07-05T23:37:01Z,2026-07-06T01:37:01+0200,947116b8-3478-48df-97c2-9d19820fe5c0,2026-06-16T11:45:00Z,2026-06-16T13:45:00+0200,622.44,MW,DE,DE_LU,forecast_offshore_wind_generation,Wind Offshore,2026-07-05T23:38:26Z
2026-07-05T23:37:01Z,2026-07-06T01:37:01+0200,947116b8-3478-48df-97c2-9d19820fe5c0,2026-06-16T12:00:00Z,2026-06-16T14:00:00+0200,628.01,MW,DE,DE_LU,forecast_offshore_wind_generation,Wind Offshore,2026-07-05T23:38:26Z
2026-07-05T23:37:01Z,2026-07-06T01:37:01+0200,947116b8-3478-48df-97c2-9d19820fe5c0,2026-06-16T12:15:00Z,2026-06-16T14:15:00+0200,623.24,MW,DE,DE_LU,forecast_offshore_wind_generation,Wind Offshore,2026-07-05T23:38:26Z
2026-07-05T23:37:01Z,2026-07-06T01:37:01+0200,947116b8-3478-48df-97c2-9d19820fe5c0,2026-06-16T12:30:00Z,2026-06-16T14:30:00+0200,618.56,MW,DE,DE_LU,forecast_offshore_wind_generation,Wind Offshore,2026-07-05T23:38:26Z
2026-07-05T23:37:01Z,2026-07-06T01:37:01+0200,947116b8-3478-48df-97c2-9d19820fe5c0,2026-06-16T12:45:00Z,2026-06-16T14:45:00+0200,616.44,MW,DE,DE_LU,forecast_offshore_wind_generation,Wind Offshore,2026-07-05T23:38:26Z
2026-07-05T23:37:01Z,2026-07-06T01:37:01+0200,947116b8-3478-48df-97c2-9d19820fe5c0,2026-06-16T13:00:00Z,2026-06-16T15:00:00+0200,609.27,MW,DE,DE_LU,forecast_offshore_wind_generation,Wind Offshore,2026-07-05T23:38:26Z
2026-07-05T23:37:01Z,2026-07-06T01:37:01+0200,947116b8-3478-48df-97c2-9d19820fe5c0,2026-06-16T13:15:00Z,2026-06-16T15:15:00+0200,605.04,MW,DE,DE_LU,forecast_offshore_wind_generation,Wind Offshore,2026-07-05T23:38:26Z
2026-07-05T23:37:01Z,2026-07-06T01:37:01+0200,947116b8-3478-48df-97c2-9d19820fe5c0,2026-06-16T13:30:00Z,2026-06-16T15:30:00+0200,604.63,MW,DE,DE_LU,forecast_offshore_wind_generation,Wind Offshore,2026-07-05T23:38:26Z
2026-07-05T23:37:01Z,2026-07-06T01:37:01+0200,947116b8-3478-48df-97c2-9d19820fe5c0,2026-06-16T13:45:00Z,2026-06-16T15:45:00+0200,601.74,MW,DE,DE_LU,forecast_offshore_wind_generation,Wind Offshore,2026-07-05T23:38:26Z
2026-07-05T23:37:01Z,2026-07-06T01:37:01+0200,947116b8-3478-48df-97c2-9d19820fe5c0,2026-06-16T14:00:00Z,2026-06-16T16:00:00+0200,597.97,MW,DE,DE_LU,forecast_offshore_wind_generation,Wind Offshore,2026-07-05T23:38:26Z
2026-07-05T23:37:01Z,2026-07-06T01:37:01+0200,947116b8-3478-48df-97c2-9d19820fe5c0,2026-06-16T14:15:00Z,2026-06-16T16:15:00+0200,586.95,MW,DE,DE_LU,forecast_offshore_wind_generation,Wind Offshore,2026-07-05T23:38:26Z
2026-07-05T23:37:01Z,2026-07-06T01:37:01+0200,947116b8-3478-48df-97c2-9d19820fe5c0,2026-06-16T14:30:00Z,2026-06-16T16:30:00+0200,577.2,MW,DE,DE_LU,forecast_offshore_wind_generation,Wind Offshore,2026-07-05T23:38:26Z
2026-07-05T23:37:01Z,2026-07-06T01:37:01+0200,947116b8-3478-48df-97c2-9d19820fe5c0,2026-06-16T14:45:00Z,2026-06-16T16:45:00+0200,571.7,MW,DE,DE_LU,forecast_offshore_wind_generation,Wind Offshore,2026-07-05T23:38:26Z
2026-07-05T23:37:01Z,2026-07-06T01:37:01+0200,947116b8-3478-48df-97c2-9d19820fe5c0,2026-06-16T15:00:00Z,2026-06-16T17:00:00+0200,563.08,MW,DE,DE_LU,forecast_offshore_wind_generation,Wind Offshore,2026-07-05T23:38:26Z
2026-07-05T23:37:01Z,2026-07-06T01:37:01+0200,947116b8-3478-48df-97c2-9d19820fe5c0,2026-06-16T15:15:00Z,2026-06-16T17:15:00+0200,548.53,MW,DE,DE_LU,forecast_offshore_wind_generation,Wind Offshore,2026-07-05T23:38:26Z
2026-07-05T23:37:01Z,2026-07-06T01:37:01+0200,947116b8-3478-48df-97c2-9d19820fe5c0,2026-06-16T15:30:00Z,2026-06-16T17:30:00+0200,541.6,MW,DE,DE_LU,forecast_offshore_wind_generation,Wind Offshore,2026-07-05T23:38:26Z
2026-07-05T23:37:01Z,2026-07-06T01:37:01+0200,947116b8-3478-48df-97c2-9d19820fe5c0,2026-06-16T15:45:00Z,2026-06-16T17:45:00+0200,532.92,MW,DE,DE_LU,forecast_offshore_wind_generation,Wind Offshore,2026-07-05T23:38:26Z
2026-07-05T23:37:01Z,2026-07-06T01:37:01+0200,947116b8-3478-48df-97c2-9d19820fe5c0,2026-06-16T16:00:00Z,2026-06-16T18:00:00+0200,521.2,MW,DE,DE_LU,forecast_offshore_wind_generation,Wind Offshore,2026-07-05T23:38:26Z
2026-07-05T23:37:01Z,2026-07-06T01:37:01+0200,947116b8-3478-48df-97c2-9d19820fe5c0,2026-06-16T16:15:00Z,2026-06-16T18:15:00+0200,518.87,MW,DE,DE_LU,forecast_offshore_wind_generation,Wind Offshore,2026-07-05T23:38:26Z
2026-07-05T23:37:01Z,2026-07-06T01:37:01+0200,947116b8-3478-48df-97c2-9d19820fe5c0,2026-06-16T16:30:00Z,2026-06-16T18:30:00+0200,515.86,MW,DE,DE_LU,forecast_offshore_wind_generation,Wind Offshore,2026-07-05T23:38:26Z
2026-07-05T23:37:01Z,2026-07-06T01:37:01+0200,947116b8-3478-48df-97c2-9d19820fe5c0,2026-06-16T16:45:00Z,2026-06-16T18:45:00+0200,515.4,MW,DE,DE_LU,forecast_offshore_wind_generation,Wind Offshore,2026-07-05T23:38:26Z
2026-07-05T23:37:01Z,2026-07-06T01:37:01+0200,947116b8-3478-48df-97c2-9d19820fe5c0,2026-06-16T17:00:00Z,2026-06-16T19:00:00+0200,513.63,MW,DE,DE_LU,forecast_offshore_wind_generation,Wind Offshore,2026-07-05T23:38:26Z
2026-07-05T23:37:01Z,2026-07-06T01:37:01+0200,947116b8-3478-48df-97c2-9d19820fe5c0,2026-06-16T17:15:00Z,2026-06-16T19:15:00+0200,502.5,MW,DE,DE_LU,forecast_offshore_wind_generation,Wind Offshore,2026-07-05T23:38:26Z
2026-07-05T23:37:01Z,2026-07-06T01:37:01+0200,947116b8-3478-48df-97c2-9d19820fe5c0,2026-06-16T17:30:00Z,2026-06-16T19:30:00+0200,490.41,MW,DE,DE_LU,forecast_offshore_wind_generation,Wind Offshore,2026-07-05T23:38:26Z
2026-07-05T23:37:01Z,2026-07-06T01:37:01+0200,947116b8-3478-48df-97c2-9d19820fe5c0,2026-06-16T17:45:00Z,2026-06-16T19:45:00+0200,480.38,MW,DE,DE_LU,forecast_offshore_wind_generation,Wind Offshore,2026-07-05T23:38:26Z
2026-07-05T23:37:01Z,2026-07-06T01:37:01+0200,947116b8-3478-48df-97c2-9d19820fe5c0,2026-06-16T18:00:00Z,2026-06-16T20:00:00+0200,470.84,MW,DE,DE_LU,forecast_offshore_wind_generation,Wind Offshore,2026-07-05T23:38:26Z
2026-07-05T23:37:01Z,2026-07-06T01:37:01+0200,947116b8-3478-48df-97c2-9d19820fe5c0,2026-06-16T18:15:00Z,2026-06-16T20:15:00+0200,453.07,MW,DE,DE_LU,forecast_offshore_wind_generation,Wind Offshore,2026-07-05T23:38:26Z
2026-07-05T23:37:01Z,2026-07-06T01:37:01+0200,947116b8-3478-48df-97c2-9d19820fe5c0,2026-06-16T18:30:00Z,2026-06-16T20:30:00+0200,434.76,MW,DE,DE_LU,forecast_offshore_wind_generation,Wind Offshore,2026-07-05T23:38:26Z
2026-07-05T23:37:01Z,2026-07-06T01:37:01+0200,947116b8-3478-48df-97c2-9d19820fe5c0,2026-06-16T18:45:00Z,2026-06-16T20:45:00+0200,416.87,MW,DE,DE_LU,forecast_offshore_wind_generation,Wind Offshore,2026-07-05T23:38:26Z
2026-07-05T23:37:01Z,2026-07-06T01:37:01+0200,947116b8-3478-48df-97c2-9d19820fe5c0,2026-06-16T19:00:00Z,2026-06-16T21:00:00+0200,395.31,MW,DE,DE_LU,forecast_offshore_wind_generation,Wind Offshore,2026-07-05T23:38:26Z
2026-07-05T23:37:01Z,2026-07-06T01:37:01+0200,947116b8-3478-48df-97c2-9d19820fe5c0,2026-06-16T19:15:00Z,2026-06-16T21:15:00+0200,383.76,MW,DE,DE_LU,forecast_offshore_wind_generation,Wind Offshore,2026-07-05T23:38:26Z
2026-07-05T23:37:01Z,2026-07-06T01:37:01+0200,947116b8-3478-48df-97c2-9d19820fe5c0,2026-06-16T19:30:00Z,2026-06-16T21:30:00+0200,373.24,MW,DE,DE_LU,forecast_offshore_wind_generation,Wind Offshore,2026-07-05T23:38:26Z
2026-07-05T23:37:01Z,2026-07-06T01:37:01+0200,947116b8-3478-48df-97c2-9d19820fe5c0,2026-06-16T19:45:00Z,2026-06-16T21:45:00+0200,361.63,MW,DE,DE_LU,forecast_offshore_wind_generation,Wind Offshore,2026-07-05T23:38:26Z
2026-07-05T23:37:01Z,2026-07-06T01:37:01+0200,947116b8-3478-48df-97c2-9d19820fe5c0,2026-06-16T20:00:00Z,2026-06-16T22:00:00+0200,352.81,MW,DE,DE_LU,forecast_offshore_wind_generation,Wind Offshore,2026-07-05T23:38:26Z
2026-07-05T23:37:01Z,2026-07-06T01:37:01+0200,947116b8-3478-48df-97c2-9d19820fe5c0,2026-06-16T20:15:00Z,2026-06-16T22:15:00+0200,344.72,MW,DE,DE_LU,forecast_offshore_wind_generation,Wind Offshore,2026-07-05T23:38:26Z
2026-07-05T23:37:01Z,2026-07-06T01:37:01+0200,947116b8-3478-48df-97c2-9d19820fe5c0,2026-06-16T20:30:00Z,2026-06-16T22:30:00+0200,334.7,MW,DE,DE_LU,forecast_offshore_wind_generation,Wind Offshore,2026-07-05T23:38:26Z
2026-07-05T23:37:01Z,2026-07-06T01:37:01+0200,947116b8-3478-48df-97c2-9d19820fe5c0,2026-06-16T20:45:00Z,2026-06-16T22:45:00+0200,329.88,MW,DE,DE_LU,forecast_offshore_wind_generation,Wind Offshore,2026-07-05T23:38:26Z
2026-07-05T23:37:01Z,2026-07-06T01:37:01+0200,947116b8-3478-48df-97c2-9d19820fe5c0,2026-06-16T21:00:00Z,2026-06-16T23:00:00+0200,320.89,MW,DE,DE_LU,forecast_offshore_wind_generation,Wind Offshore,2026-07-05T23:38:26Z
2026-07-05T23:37:01Z,2026-07-06T01:37:01+0200,947116b8-3478-48df-97c2-9d19820fe5c0,2026-06-16T21:15:00Z,2026-06-16T23:15:00+0200,315.73,MW,DE,DE_LU,forecast_offshore_wind_generation,Wind Offshore,2026-07-05T23:38:26Z
2026-07-05T23:37:01Z,2026-07-06T01:37:01+0200,947116b8-3478-48df-97c2-9d19820fe5c0,2026-06-16T21:30:00Z,2026-06-16T23:30:00+0200,310.68,MW,DE,DE_LU,forecast_offshore_wind_generation,Wind Offshore,2026-07-05T23:38:26Z
2026-07-05T23:37:01Z,2026-07-06T01:37:01+0200,947116b8-3478-48df-97c2-9d19820fe5c0,2026-06-16T21:45:00Z,2026-06-16T23:45:00+0200,306.65,MW,DE,DE_LU,forecast_offshore_wind_generation,Wind Offshore,2026-07-05T23:38:26Z
2026-07-05T23:37:01Z,2026-07-06T01:37:01+0200,947116b8-3478-48df-97c2-9d19820fe5c0,2026-06-16T22:00:00Z,2026-06-17T00:00:00+0200,237.36,MW,DE,DE_LU,forecast_offshore_wind_generation,Wind Offshore,2026-07-05T23:38:26Z
2026-07-05T23:37:01Z,2026-07-06T01:37:01+0200,947116b8-3478-48df-97c2-9d19820fe5c0,2026-06-16T22:15:00Z,2026-06-17T00:15:00+0200,232.09,MW,DE,DE_LU,forecast_offshore_wind_generation,Wind Offshore,2026-07-05T23:38:26Z
2026-07-05T23:37:01Z,2026-07-06T01:37:01+0200,947116b8-3478-48df-97c2-9d19820fe5c0,2026-06-16T22:30:00Z,2026-06-17T00:30:00+0200,229.85,MW,DE,DE_LU,forecast_offshore_wind_generation,Wind Offshore,2026-07-05T23:38:26Z
2026-07-05T23:37:01Z,2026-07-06T01:37:01+0200,947116b8-3478-48df-97c2-9d19820fe5c0,2026-06-16T22:45:00Z,2026-06-17T00:45:00+0200,226.67,MW,DE,DE_LU,forecast_offshore_wind_generation,Wind Offshore,2026-07-05T23:38:26Z
2026-07-05T23:37:01Z,2026-07-06T01:37:01+0200,947116b8-3478-48df-97c2-9d19820fe5c0,2026-06-16T23:00:00Z,2026-06-17T01:00:00+0200,225.45,MW,DE,DE_LU,forecast_offshore_wind_generation,Wind Offshore,2026-07-05T23:38:26Z
2026-07-05T23:37:01Z,2026-07-06T01:37:01+0200,947116b8-3478-48df-97c2-9d19820fe5c0,2026-06-16T23:15:00Z,2026-06-17T01:15:00+0200,227.04,MW,DE,DE_LU,forecast_offshore_wind_generation,Wind Offshore,2026-07-05T23:38:26Z
2026-07-05T23:37:01Z,2026-07-06T01:37:01+0200,947116b8-3478-48df-97c2-9d19820fe5c0,2026-06-16T23:30:00Z,2026-06-17T01:30:00+0200,231.75,MW,DE,DE_LU,forecast_offshore_wind_generation,Wind Offshore,2026-07-05T23:38:26Z
2026-07-05T23:37:01Z,2026-07-06T01:37:01+0200,947116b8-3478-48df-97c2-9d19820fe5c0,2026-06-16T23:45:00Z,2026-06-17T01:45:00+0200,234.49,MW,DE,DE_LU,forecast_offshore_wind_generation,Wind Offshore,2026-07-05T23:38:26Z
2026-07-05T23:37:01Z,2026-07-06T01:37:01+0200,947116b8-3478-48df-97c2-9d19820fe5c0,2026-06-17T00:00:00Z,2026-06-17T02:00:00+0200,237.05,MW,DE,DE_LU,forecast_offshore_wind_generation,Wind Offshore,2026-07-05T23:38:26Z
2026-07-05T23:37:01Z,2026-07-06T01:37:01+0200,947116b8-3478-48df-97c2-9d19820fe5c0,2026-06-17T00:15:00Z,2026-06-17T02:15:00+0200,245.39,MW,DE,DE_LU,forecast_offshore_wind_generation,Wind Offshore,2026-07-05T23:38:26Z
2026-07-05T23:37:01Z,2026-07-06T01:37:01+0200,947116b8-3478-48df-97c2-9d19820fe5c0,2026-06-17T00:30:00Z,2026-06-17T02:30:00+0200,247.73,MW,DE,DE_LU,forecast_offshore_wind_generation,Wind Offshore,2026-07-05T23:38:26Z
2026-07-05T23:37:01Z,2026-07-06T01:37:01+0200,947116b8-3478-48df-97c2-9d19820fe5c0,2026-06-17T00:45:00Z,2026-06-17T02:45:00+0200,251.84,MW,DE,DE_LU,forecast_offshore_wind_generation,Wind Offshore,2026-07-05T23:38:26Z
2026-07-05T23:37:01Z,2026-07-06T01:37:01+0200,947116b8-3478-48df-97c2-9d19820fe5c0,2026-06-17T01:00:00Z,2026-06-17T03:00:00+0200,258.35,MW,DE,DE_LU,forecast_offshore_wind_generation,Wind Offshore,2026-07-05T23:38:26Z
2026-07-05T23:37:01Z,2026-07-06T01:37:01+0200,947116b8-3478-48df-97c2-9d19820fe5c0,2026-06-17T01:15:00Z,2026-06-17T03:15:00+0200,273.94,MW,DE,DE_LU,forecast_offshore_wind_generation,Wind Offshore,2026-07-05T23:38:26Z
2026-07-05T23:37:01Z,2026-07-06T01:37:01+0200,947116b8-3478-48df-97c2-9d19820fe5c0,2026-06-17T01:30:00Z,2026-06-17T03:30:00+0200,287.54,MW,DE,DE_LU,forecast_offshore_wind_generation,Wind Offshore,2026-07-05T23:38:26Z
2026-07-05T23:37:01Z,2026-07-06T01:37:01+0200,947116b8-3478-48df-97c2-9d19820fe5c0,2026-06-17T01:45:00Z,2026-06-17T03:45:00+0200,302.04,MW,DE,DE_LU,forecast_offshore_wind_generation,Wind Offshore,2026-07-05T23:38:26Z
2026-07-05T23:37:01Z,2026-07-06T01:37:01+0200,947116b8-3478-48df-97c2-9d19820fe5c0,2026-06-17T02:00:00Z,2026-06-17T04:00:00+0200,317.65,MW,DE,DE_LU,forecast_offshore_wind_generation,Wind Offshore,2026-07-05T23:38:26Z
2026-07-05T23:37:01Z,2026-07-06T01:37:01+0200,947116b8-3478-48df-97c2-9d19820fe5c0,2026-06-17T02:15:00Z,2026-06-17T04:15:00+0200,331.31,MW,DE,DE_LU,forecast_offshore_wind_generation,Wind Offshore,2026-07-05T23:38:26Z
2026-07-05T23:37:01Z,2026-07-06T01:37:01+0200,947116b8-3478-48df-97c2-9d19820fe5c0,2026-06-17T02:30:00Z,2026-06-17T04:30:00+0200,346.01,MW,DE,DE_LU,forecast_offshore_wind_generation,Wind Offshore,2026-07-05T23:38:26Z
2026-07-05T23:37:01Z,2026-07-06T01:37:01+0200,947116b8-3478-48df-97c2-9d19820fe5c0,2026-06-17T02:45:00Z,2026-06-17T04:45:00+0200,359.51,MW,DE,DE_LU,forecast_offshore_wind_generation,Wind Offshore,2026-07-05T23:38:26Z
2026-07-05T23:37:01Z,2026-07-06T01:37:01+0200,947116b8-3478-48df-97c2-9d19820fe5c0,2026-06-17T03:00:00Z,2026-06-17T05:00:00+0200,377.48,MW,DE,DE_LU,forecast_offshore_wind_generation,Wind Offshore,2026-07-05T23:38:26Z
2026-07-05T23:37:01Z,2026-07-06T01:37:01+0200,947116b8-3478-48df-97c2-9d19820fe5c0,2026-06-17T03:15:00Z,2026-06-17T05:15:00+0200,393.75,MW,DE,DE_LU,forecast_offshore_wind_generation,Wind Offshore,2026-07-05T23:38:26Z
2026-07-05T23:37:01Z,2026-07-06T01:37:01+0200,947116b8-3478-48df-97c2-9d19820fe5c0,2026-06-17T03:30:00Z,2026-06-17T05:30:00+0200,408.79,MW,DE,DE_LU,forecast_offshore_wind_generation,Wind Offshore,2026-07-05T23:38:26Z
2026-07-05T23:37:01Z,2026-07-06T01:37:01+0200,947116b8-3478-48df-97c2-9d19820fe5c0,2026-06-17T03:45:00Z,2026-06-17T05:45:00+0200,426.07,MW,DE,DE_LU,forecast_offshore_wind_generation,Wind Offshore,2026-07-05T23:38:26Z
2026-07-05T23:37:01Z,2026-07-06T01:37:01+0200,947116b8-3478-48df-97c2-9d19820fe5c0,2026-06-17T04:00:00Z,2026-06-17T06:00:00+0200,447.53,MW,DE,DE_LU,forecast_offshore_wind_generation,Wind Offshore,2026-07-05T23:38:26Z
2026-07-05T23:37:01Z,2026-07-06T01:37:01+0200,947116b8-3478-48df-97c2-9d19820fe5c0,2026-06-17T04:15:00Z,2026-06-17T06:15:00+0200,476.21,MW,DE,DE_LU,forecast_offshore_wind_generation,Wind Offshore,2026-07-05T23:38:26Z
2026-07-05T23:37:01Z,2026-07-06T01:37:01+0200,947116b8-3478-48df-97c2-9d19820fe5c0,2026-06-17T04:30:00Z,2026-06-17T06:30:00+0200,506.02,MW,DE,DE_LU,forecast_offshore_wind_generation,Wind Offshore,2026-07-05T23:38:26Z
2026-07-05T23:37:01Z,2026-07-06T01:37:01+0200,947116b8-3478-48df-97c2-9d19820fe5c0,2026-06-17T04:45:00Z,2026-06-17T06:45:00+0200,534.99,MW,DE,DE_LU,forecast_offshore_wind_generation,Wind Offshore,2026-07-05T23:38:26Z
2026-07-05T23:37:01Z,2026-07-06T01:37:01+0200,947116b8-3478-48df-97c2-9d19820fe5c0,2026-06-17T05:00:00Z,2026-06-17T07:00:00+0200,572.51,MW,DE,DE_LU,forecast_offshore_wind_generation,Wind Offshore,2026-07-05T23:38:26Z
2026-07-05T23:37:01Z,2026-07-06T01:37:01+0200,947116b8-3478-48df-97c2-9d19820fe5c0,2026-06-17T05:15:00Z,2026-06-17T07:15:00+0200,619.61,MW,DE,DE_LU,forecast_offshore_wind_generation,Wind Offshore,2026-07-05T23:38:26Z
2026-07-05T23:37:01Z,2026-07-06T01:37:01+0200,947116b8-3478-48df-97c2-9d19820fe5c0,2026-06-17T05:30:00Z,2026-06-17T07:30:00+0200,669.72,MW,DE,DE_LU,forecast_offshore_wind_generation,Wind Offshore,2026-07-05T23:38:26Z
2026-07-05T23:37:01Z,2026-07-06T01:37:01+0200,947116b8-3478-48df-97c2-9d19820fe5c0,2026-06-17T05:45:00Z,2026-06-17T07:45:00+0200,717.88,MW,DE,DE_LU,forecast_offshore_wind_generation,Wind Offshore,2026-07-05T23:38:26Z
2026-07-05T23:37:01Z,2026-07-06T01:37:01+0200,947116b8-3478-48df-97c2-9d19820fe5c0,2026-06-17T06:00:00Z,2026-06-17T08:00:00+0200,767.91,MW,DE,DE_LU,forecast_offshore_wind_generation,Wind Offshore,2026-07-05T23:38:26Z
2026-07-05T23:37:01Z,2026-07-06T01:37:01+0200,947116b8-3478-48df-97c2-9d19820fe5c0,2026-06-17T06:15:00Z,2026-06-17T08:15:00+0200,821.14,MW,DE,DE_LU,forecast_offshore_wind_generation,Wind Offshore,2026-07-05T23:38:26Z
2026-07-05T23:37:01Z,2026-07-06T01:37:01+0200,947116b8-3478-48df-97c2-9d19820fe5c0,2026-06-17T06:30:00Z,2026-06-17T08:30:00+0200,882.42,MW,DE,DE_LU,forecast_offshore_wind_generation,Wind Offshore,2026-07-05T23:38:26Z
2026-07-05T23:37:01Z,2026-07-06T01:37:01+0200,947116b8-3478-48df-97c2-9d19820fe5c0,2026-06-17T06:45:00Z,2026-06-17T08:45:00+0200,942.87,MW,DE,DE_LU,forecast_offshore_wind_generation,Wind Offshore,2026-07-05T23:38:26Z
2026-07-05T23:37:01Z,2026-07-06T01:37:01+0200,947116b8-3478-48df-97c2-9d19820fe5c0,2026-06-17T07:00:00Z,2026-06-17T09:00:00+0200,1004.71,MW,DE,DE_LU,forecast_offshore_wind_generation,Wind Offshore,2026-07-05T23:38:26Z
2026-07-05T23:37:01Z,2026-07-06T01:37:01+0200,947116b8-3478-48df-97c2-9d19820fe5c0,2026-06-17T07:15:00Z,2026-06-17T09:15:00+0200,1089.25,MW,DE,DE_LU,forecast_offshore_wind_generation,Wind Offshore,2026-07-05T23:38:26Z
2026-07-05T23:37:01Z,2026-07-06T01:37:01+0200,947116b8-3478-48df-97c2-9d19820fe5c0,2026-06-17T07:30:00Z,2026-06-17T09:30:00+0200,1171.82,MW,DE,DE_LU,forecast_offshore_wind_generation,Wind Offshore,2026-07-05T23:38:26Z
2026-07-05T23:37:01Z,2026-07-06T01:37:01+0200,947116b8-3478-48df-97c2-9d19820fe5c0,2026-06-17T07:45:00Z,2026-06-17T09:45:00+0200,1254.35,MW,DE,DE_LU,forecast_offshore_wind_generation,Wind Offshore,2026-07-05T23:38:26Z
2026-07-05T23:37:01Z,2026-07-06T01:37:01+0200,947116b8-3478-48df-97c2-9d19820fe5c0,2026-06-17T08:00:00Z,2026-06-17T10:00:00+0200,1338.41,MW,DE,DE_LU,forecast_offshore_wind_generation,Wind Offshore,2026-07-05T23:38:26Z
2026-07-05T23:37:01Z,2026-07-06T01:37:01+0200,947116b8-3478-48df-97c2-9d19820fe5c0,2026-06-17T08:15:00Z,2026-06-17T10:15:00+0200,1422.98,MW,DE,DE_LU,forecast_offshore_wind_generation,Wind Offshore,2026-07-05T23:38:26Z
2026-07-05T23:37:01Z,2026-07-06T01:37:01+0200,947116b8-3478-48df-97c2-9d19820fe5c0,2026-06-17T08:30:00Z,2026-06-17T10:30:00+0200,1477.57,MW,DE,DE_LU,forecast_offshore_wind_generation,Wind Offshore,2026-07-05T23:38:26Z
2026-07-05T23:37:01Z,2026-07-06T01:37:01+0200,947116b8-3478-48df-97c2-9d19820fe5c0,2026-06-17T08:45:00Z,2026-06-17T10:45:00+0200,1554.1,MW,DE,DE_LU,forecast_offshore_wind_generation,Wind Offshore,2026-07-05T23:38:26Z
2026-07-05T23:37:01Z,2026-07-06T01:37:01+0200,947116b8-3478-48df-97c2-9d19820fe5c0,2026-06-17T09:00:00Z,2026-06-17T11:00:00+0200,1632.93,MW,DE,DE_LU,forecast_offshore_wind_generation,Wind Offshore,2026-07-05T23:38:26Z
2026-07-05T23:37:01Z,2026-07-06T01:37:01+0200,947116b8-3478-48df-97c2-9d19820fe5c0,2026-06-17T09:15:00Z,2026-06-17T11:15:00+0200,1715.86,MW,DE,DE_LU,forecast_offshore_wind_generation,Wind Offshore,2026-07-05T23:38:26Z
2026-07-05T23:37:01Z,2026-07-06T01:37:01+0200,947116b8-3478-48df-97c2-9d19820fe5c0,2026-06-17T09:30:00Z,2026-06-17T11:30:00+0200,1796.88,MW,DE,DE_LU,forecast_offshore_wind_generation,Wind Offshore,2026-07-05T23:38:26Z
2026-07-05T23:37:01Z,2026-07-06T01:37:01+0200,947116b8-3478-48df-97c2-9d19820fe5c0,2026-06-17T09:45:00Z,2026-06-17T11:45:00+0200,1878.32,MW,DE,DE_LU,forecast_offshore_wind_generation,Wind Offshore,2026-07-05T23:38:26Z
2026-07-05T23:37:01Z,2026-07-06T01:37:01+0200,947116b8-3478-48df-97c2-9d19820fe5c0,2026-06-17T10:00:00Z,2026-06-17T12:00:00+0200,1960.17,MW,DE,DE_LU,forecast_offshore_wind_generation,Wind Offshore,2026-07-05T23:38:26Z
2026-07-05T23:37:01Z,2026-07-06T01:37:01+0200,947116b8-3478-48df-97c2-9d19820fe5c0,2026-06-17T10:15:00Z,2026-06-17T12:15:00+0200,2051.02,MW,DE,DE_LU,forecast_offshore_wind_generation,Wind Offshore,2026-07-05T23:38:26Z
2026-07-05T23:37:01Z,2026-07-06T01:37:01+0200,947116b8-3478-48df-97c2-9d19820fe5c0,2026-06-17T10:30:00Z,2026-06-17T12:30:00+0200,2137.07,MW,DE,DE_LU,forecast_offshore_wind_generation,Wind Offshore,2026-07-05T23:38:26Z
2026-07-05T23:37:01Z,2026-07-06T01:37:01+0200,947116b8-3478-48df-97c2-9d19820fe5c0,2026-06-17T10:45:00Z,2026-06-17T12:45:00+0200,2222.37,MW,DE,DE_LU,forecast_offshore_wind_generation,Wind Offshore,2026-07-05T23:38:26Z
2026-07-05T23:37:01Z,2026-07-06T01:37:01+0200,947116b8-3478-48df-97c2-9d19820fe5c0,2026-06-17T11:00:00Z,2026-06-17T13:00:00+0200,2307.19,MW,DE,DE_LU,forecast_offshore_wind_generation,Wind Offshore,2026-07-05T23:38:26Z
2026-07-05T23:37:01Z,2026-07-06T01:37:01+0200,947116b8-3478-48df-97c2-9d19820fe5c0,2026-06-17T11:15:00Z,2026-06-17T13:15:00+0200,2404.04,MW,DE,DE_LU,forecast_offshore_wind_generation,Wind Offshore,2026-07-05T23:38:26Z
2026-07-05T23:37:01Z,2026-07-06T01:37:01+0200,947116b8-3478-48df-97c2-9d19820fe5c0,2026-06-17T11:30:00Z,2026-06-17T13:30:00+0200,2588.96,MW,DE,DE_LU,forecast_offshore_wind_generation,Wind Offshore,2026-07-05T23:38:26Z
2026-07-05T23:37:01Z,2026-07-06T01:37:01+0200,947116b8-3478-48df-97c2-9d19820fe5c0,2026-06-17T11:45:00Z,2026-06-17T13:45:00+0200,2692.76,MW,DE,DE_LU,forecast_offshore_wind_generation,Wind Offshore,2026-07-05T23:38:26Z
2026-07-05T23:37:01Z,2026-07-06T01:37:01+0200,947116b8-3478-48df-97c2-9d19820fe5c0,2026-06-17T12:00:00Z,2026-06-17T14:00:00+0200,2783.61,MW,DE,DE_LU,forecast_offshore_wind_generation,Wind Offshore,2026-07-05T23:38:26Z
2026-07-05T23:37:01Z,2026-07-06T01:37:01+0200,947116b8-3478-48df-97c2-9d19820fe5c0,2026-06-17T12:15:00Z,2026-06-17T14:15:00+0200,2862.88,MW,DE,DE_LU,forecast_offshore_wind_generation,Wind Offshore,2026-07-05T23:38:26Z
2026-07-05T23:37:01Z,2026-07-06T01:37:01+0200,947116b8-3478-48df-97c2-9d19820fe5c0,2026-06-17T12:30:00Z,2026-06-17T14:30:00+0200,2947.13,MW,DE,DE_LU,forecast_offshore_wind_generation,Wind Offshore,2026-07-05T23:38:26Z
2026-07-05T23:37:01Z,2026-07-06T01:37:01+0200,947116b8-3478-48df-97c2-9d19820fe5c0,2026-06-17T12:45:00Z,2026-06-17T14:45:00+0200,3026.51,MW,DE,DE_LU,forecast_offshore_wind_generation,Wind Offshore,2026-07-05T23:38:26Z
2026-07-05T23:37:01Z,2026-07-06T01:37:01+0200,947116b8-3478-48df-97c2-9d19820fe5c0,2026-06-17T13:00:00Z,2026-06-17T15:00:00+0200,3106.39,MW,DE,DE_LU,forecast_offshore_wind_generation,Wind Offshore,2026-07-05T23:38:26Z
2026-07-05T23:37:01Z,2026-07-06T01:37:01+0200,947116b8-3478-48df-97c2-9d19820fe5c0,2026-06-17T13:15:00Z,2026-06-17T15:15:00+0200,3184.67,MW,DE,DE_LU,forecast_offshore_wind_generation,Wind Offshore,2026-07-05T23:38:26Z
2026-07-05T23:37:01Z,2026-07-06T01:37:01+0200,947116b8-3478-48df-97c2-9d19820fe5c0,2026-06-17T13:30:00Z,2026-06-17T15:30:00+0200,3262.98,MW,DE,DE_LU,forecast_offshore_wind_generation,Wind Offshore,2026-07-05T23:38:26Z
2026-07-05T23:37:01Z,2026-07-06T01:37:01+0200,947116b8-3478-48df-97c2-9d19820fe5c0,2026-06-17T13:45:00Z,2026-06-17T15:45:00+0200,3335.37,MW,DE,DE_LU,forecast_offshore_wind_generation,Wind Offshore,2026-07-05T23:38:26Z
2026-07-05T23:37:01Z,2026-07-06T01:37:01+0200,947116b8-3478-48df-97c2-9d19820fe5c0,2026-06-17T14:00:00Z,2026-06-17T16:00:00+0200,3406.78,MW,DE,DE_LU,forecast_offshore_wind_generation,Wind Offshore,2026-07-05T23:38:26Z
2026-07-05T23:37:01Z,2026-07-06T01:37:01+0200,947116b8-3478-48df-97c2-9d19820fe5c0,2026-06-17T14:15:00Z,2026-06-17T16:15:00+0200,3500.64,MW,DE,DE_LU,forecast_offshore_wind_generation,Wind Offshore,2026-07-05T23:38:26Z
2026-07-05T23:37:01Z,2026-07-06T01:37:01+0200,947116b8-3478-48df-97c2-9d19820fe5c0,2026-06-17T14:30:00Z,2026-06-17T16:30:00+0200,3589.48,MW,DE,DE_LU,forecast_offshore_wind_generation,Wind Offshore,2026-07-05T23:38:26Z
2026-07-05T23:37:01Z,2026-07-06T01:37:01+0200,947116b8-3478-48df-97c2-9d19820fe5c0,2026-06-17T14:45:00Z,2026-06-17T16:45:00+0200,3675.55,MW,DE,DE_LU,forecast_offshore_wind_generation,Wind Offshore,2026-07-05T23:38:26Z
2026-07-05T23:37:01Z,2026-07-06T01:37:01+0200,947116b8-3478-48df-97c2-9d19820fe5c0,2026-06-17T15:00:00Z,2026-06-17T17:00:00+0200,3754.18,MW,DE,DE_LU,forecast_offshore_wind_generation,Wind Offshore,2026-07-05T23:38:26Z
2026-07-05T23:37:01Z,2026-07-06T01:37:01+0200,947116b8-3478-48df-97c2-9d19820fe5c0,2026-06-17T15:15:00Z,2026-06-17T17:15:00+0200,3773.01,MW,DE,DE_LU,forecast_offshore_wind_generation,Wind Offshore,2026-07-05T23:38:26Z
2026-07-05T23:37:01Z,2026-07-06T01:37:01+0200,947116b8-3478-48df-97c2-9d19820fe5c0,2026-06-17T15:30:00Z,2026-06-17T17:30:00+0200,3792.86,MW,DE,DE_LU,forecast_offshore_wind_generation,Wind Offshore,2026-07-05T23:38:26Z
2026-07-05T23:37:01Z,2026-07-06T01:37:01+0200,947116b8-3478-48df-97c2-9d19820fe5c0,2026-06-17T15:45:00Z,2026-06-17T17:45:00+0200,3817.4,MW,DE,DE_LU,forecast_offshore_wind_generation,Wind Offshore,2026-07-05T23:38:26Z
2026-07-05T23:37:01Z,2026-07-06T01:37:01+0200,947116b8-3478-48df-97c2-9d19820fe5c0,2026-06-17T16:00:00Z,2026-06-17T18:00:00+0200,3817.41,MW,DE,DE_LU,forecast_offshore_wind_generation,Wind Offshore,2026-07-05T23:38:26Z
2026-07-05T23:37:01Z,2026-07-06T01:37:01+0200,947116b8-3478-48df-97c2-9d19820fe5c0,2026-06-17T16:15:00Z,2026-06-17T18:15:00+0200,3814.56,MW,DE,DE_LU,forecast_offshore_wind_generation,Wind Offshore,2026-07-05T23:38:26Z
2026-07-05T23:37:01Z,2026-07-06T01:37:01+0200,947116b8-3478-48df-97c2-9d19820fe5c0,2026-06-17T16:30:00Z,2026-06-17T18:30:00+0200,3812.3,MW,DE,DE_LU,forecast_offshore_wind_generation,Wind Offshore,2026-07-05T23:38:26Z
2026-07-05T23:37:01Z,2026-07-06T01:37:01+0200,947116b8-3478-48df-97c2-9d19820fe5c0,2026-06-17T16:45:00Z,2026-06-17T18:45:00+0200,3804.44,MW,DE,DE_LU,forecast_offshore_wind_generation,Wind Offshore,2026-07-05T23:38:26Z
2026-07-05T23:37:01Z,2026-07-06T01:37:01+0200,947116b8-3478-48df-97c2-9d19820fe5c0,2026-06-17T17:00:00Z,2026-06-17T19:00:00+0200,3786.88,MW,DE,DE_LU,forecast_offshore_wind_generation,Wind Offshore,2026-07-05T23:38:26Z
2026-07-05T23:37:01Z,2026-07-06T01:37:01+0200,947116b8-3478-48df-97c2-9d19820fe5c0,2026-06-17T17:15:00Z,2026-06-17T19:15:00+0200,3736.19,MW,DE,DE_LU,forecast_offshore_wind_generation,Wind Offshore,2026-07-05T23:38:26Z
2026-07-05T23:37:01Z,2026-07-06T01:37:01+0200,947116b8-3478-48df-97c2-9d19820fe5c0,2026-06-17T17:30:00Z,2026-06-17T19:30:00+0200,3689.43,MW,DE,DE_LU,forecast_offshore_wind_generation,Wind Offshore,2026-07-05T23:38:26Z
2026-07-05T23:37:01Z,2026-07-06T01:37:01+0200,947116b8-3478-48df-97c2-9d19820fe5c0,2026-06-17T17:45:00Z,2026-06-17T19:45:00+0200,3642.52,MW,DE,DE_LU,forecast_offshore_wind_generation,Wind Offshore,2026-07-05T23:38:26Z
2026-07-05T23:37:01Z,2026-07-06T01:37:01+0200,947116b8-3478-48df-97c2-9d19820fe5c0,2026-06-17T18:00:00Z,2026-06-17T20:00:00+0200,3583.39,MW,DE,DE_LU,forecast_offshore_wind_generation,Wind Offshore,2026-07-05T23:38:26Z
2026-07-05T23:37:01Z,2026-07-06T01:37:01+0200,947116b8-3478-48df-97c2-9d19820fe5c0,2026-06-17T18:15:00Z,2026-06-17T20:15:00+0200,3494.8,MW,DE,DE_LU,forecast_offshore_wind_generation,Wind Offshore,2026-07-05T23:38:26Z
2026-07-05T23:37:01Z,2026-07-06T01:37:01+0200,947116b8-3478-48df-97c2-9d19820fe5c0,2026-06-17T18:30:00Z,2026-06-17T20:30:00+0200,3402.38,MW,DE,DE_LU,forecast_offshore_wind_generation,Wind Offshore,2026-07-05T23:38:26Z
2026-07-05T23:37:01Z,2026-07-06T01:37:01+0200,947116b8-3478-48df-97c2-9d19820fe5c0,2026-06-17T18:45:00Z,2026-06-17T20:45:00+0200,3316.25,MW,DE,DE_LU,forecast_offshore_wind_generation,Wind Offshore,2026-07-05T23:38:26Z
2026-07-05T23:37:01Z,2026-07-06T01:37:01+0200,947116b8-3478-48df-97c2-9d19820fe5c0,2026-06-17T19:00:00Z,2026-06-17T21:00:00+0200,3223.32,MW,DE,DE_LU,forecast_offshore_wind_generation,Wind Offshore,2026-07-05T23:38:26Z
2026-07-05T23:37:01Z,2026-07-06T01:37:01+0200,947116b8-3478-48df-97c2-9d19820fe5c0,2026-06-17T19:15:00Z,2026-06-17T21:15:00+0200,3124.67,MW,DE,DE_LU,forecast_offshore_wind_generation,Wind Offshore,2026-07-05T23:38:26Z
2026-07-05T23:37:01Z,2026-07-06T01:37:01+0200,947116b8-3478-48df-97c2-9d19820fe5c0,2026-06-17T19:30:00Z,2026-06-17T21:30:00+0200,3020.02,MW,DE,DE_LU,forecast_offshore_wind_generation,Wind Offshore,2026-07-05T23:38:26Z
2026-07-05T23:37:01Z,2026-07-06T01:37:01+0200,947116b8-3478-48df-97c2-9d19820fe5c0,2026-06-17T19:45:00Z,2026-06-17T21:45:00+0200,2921.3,MW,DE,DE_LU,forecast_offshore_wind_generation,Wind Offshore,2026-07-05T23:38:26Z
2026-07-05T23:37:01Z,2026-07-06T01:37:01+0200,947116b8-3478-48df-97c2-9d19820fe5c0,2026-06-17T20:00:00Z,2026-06-17T22:00:00+0200,2823.66,MW,DE,DE_LU,forecast_offshore_wind_generation,Wind Offshore,2026-07-05T23:38:26Z
2026-07-05T23:37:01Z,2026-07-06T01:37:01+0200,947116b8-3478-48df-97c2-9d19820fe5c0,2026-06-17T20:15:00Z,2026-06-17T22:15:00+0200,2740.59,MW,DE,DE_LU,forecast_offshore_wind_generation,Wind Offshore,2026-07-05T23:38:26Z
2026-07-05T23:37:01Z,2026-07-06T01:37:01+0200,947116b8-3478-48df-97c2-9d19820fe5c0,2026-06-17T20:30:00Z,2026-06-17T22:30:00+0200,2650.63,MW,DE,DE_LU,forecast_offshore_wind_generation,Wind Offshore,2026-07-05T23:38:26Z
2026-07-05T23:37:01Z,2026-07-06T01:37:01+0200,947116b8-3478-48df-97c2-9d19820fe5c0,2026-06-17T20:45:00Z,2026-06-17T22:45:00+0200,2563.75,MW,DE,DE_LU,forecast_offshore_wind_generation,Wind Offshore,2026-07-05T23:38:26Z
2026-07-05T23:37:01Z,2026-07-06T01:37:01+0200,947116b8-3478-48df-97c2-9d19820fe5c0,2026-06-17T21:00:00Z,2026-06-17T23:00:00+0200,2478.24,MW,DE,DE_LU,forecast_offshore_wind_generation,Wind Offshore,2026-07-05T23:38:26Z
2026-07-05T23:37:01Z,2026-07-06T01:37:01+0200,947116b8-3478-48df-97c2-9d19820fe5c0,2026-06-17T21:15:00Z,2026-06-17T23:15:00+0200,2371.38,MW,DE,DE_LU,forecast_offshore_wind_generation,Wind Offshore,2026-07-05T23:38:26Z
2026-07-05T23:37:01Z,2026-07-06T01:37:01+0200,947116b8-3478-48df-97c2-9d19820fe5c0,2026-06-17T21:30:00Z,2026-06-17T23:30:00+0200,2274.96,MW,DE,DE_LU,forecast_offshore_wind_generation,Wind Offshore,2026-07-05T23:38:26Z
2026-07-05T23:37:01Z,2026-07-06T01:37:01+0200,947116b8-3478-48df-97c2-9d19820fe5c0,2026-06-17T21:45:00Z,2026-06-17T23:45:00+0200,2179.91,MW,DE,DE_LU,forecast_offshore_wind_generation,Wind Offshore,2026-07-05T23:38:26Z
2026-07-05T23:37:01Z,2026-07-06T01:37:01+0200,947116b8-3478-48df-97c2-9d19820fe5c0,2026-06-17T22:00:00Z,2026-06-18T00:00:00+0200,1996.25,MW,DE,DE_LU,forecast_offshore_wind_generation,Wind Offshore,2026-07-05T23:38:26Z
2026-07-05T23:37:01Z,2026-07-06T01:37:01+0200,947116b8-3478-48df-97c2-9d19820fe5c0,2026-06-17T22:15:00Z,2026-06-18T00:15:00+0200,1941.54,MW,DE,DE_LU,forecast_offshore_wind_generation,Wind Offshore,2026-07-05T23:38:26Z
2026-07-05T23:37:01Z,2026-07-06T01:37:01+0200,947116b8-3478-48df-97c2-9d19820fe5c0,2026-06-17T22:30:00Z,2026-06-18T00:30:00+0200,1884.5,MW,DE,DE_LU,forecast_offshore_wind_generation,Wind Offshore,2026-07-05T23:38:26Z
2026-07-05T23:37:01Z,2026-07-06T01:37:01+0200,947116b8-3478-48df-97c2-9d19820fe5c0,2026-06-17T22:45:00Z,2026-06-18T00:45:00+0200,1834.95,MW,DE,DE_LU,forecast_offshore_wind_generation,Wind Offshore,2026-07-05T23:38:26Z
2026-07-05T23:37:01Z,2026-07-06T01:37:01+0200,947116b8-3478-48df-97c2-9d19820fe5c0,2026-06-17T23:00:00Z,2026-06-18T01:00:00+0200,1783.71,MW,DE,DE_LU,forecast_offshore_wind_generation,Wind Offshore,2026-07-05T23:38:26Z
2026-07-05T23:37:01Z,2026-07-06T01:37:01+0200,947116b8-3478-48df-97c2-9d19820fe5c0,2026-06-17T23:15:00Z,2026-06-18T01:15:00+0200,1735.71,MW,DE,DE_LU,forecast_offshore_wind_generation,Wind Offshore,2026-07-05T23:38:26Z
2026-07-05T23:37:01Z,2026-07-06T01:37:01+0200,947116b8-3478-48df-97c2-9d19820fe5c0,2026-06-17T23:30:00Z,2026-06-18T01:30:00+0200,1686.82,MW,DE,DE_LU,forecast_offshore_wind_generation,Wind Offshore,2026-07-05T23:38:26Z
2026-07-05T23:37:01Z,2026-07-06T01:37:01+0200,947116b8-3478-48df-97c2-9d19820fe5c0,2026-06-17T23:45:00Z,2026-06-18T01:45:00+0200,1642.22,MW,DE,DE_LU,forecast_offshore_wind_generation,Wind Offshore,2026-07-05T23:38:26Z
2026-07-05T23:37:01Z,2026-07-06T01:37:01+0200,947116b8-3478-48df-97c2-9d19820fe5c0,2026-06-18T00:00:00Z,2026-06-18T02:00:00+0200,1603.6,MW,DE,DE_LU,forecast_offshore_wind_generation,Wind Offshore,2026-07-05T23:38:26Z
2026-07-05T23:37:01Z,2026-07-06T01:37:01+0200,947116b8-3478-48df-97c2-9d19820fe5c0,2026-06-18T00:15:00Z,2026-06-18T02:15:00+0200,1585.16,MW,DE,DE_LU,forecast_offshore_wind_generation,Wind Offshore,2026-07-05T23:38:26Z
2026-07-05T23:37:01Z,2026-07-06T01:37:01+0200,947116b8-3478-48df-97c2-9d19820fe5c0,2026-06-18T00:30:00Z,2026-06-18T02:30:00+0200,1570.21,MW,DE,DE_LU,forecast_offshore_wind_generation,Wind Offshore,2026-07-05T23:38:26Z
2026-07-05T23:37:01Z,2026-07-06T01:37:01+0200,947116b8-3478-48df-97c2-9d19820fe5c0,2026-06-18T00:45:00Z,2026-06-18T02:45:00+0200,1556.64,MW,DE,DE_LU,forecast_offshore_wind_generation,Wind Offshore,2026-07-05T23:38:26Z
2026-07-05T23:37:01Z,2026-07-06T01:37:01+0200,947116b8-3478-48df-97c2-9d19820fe5c0,2026-06-18T01:00:00Z,2026-06-18T03:00:00+0200,1544.78,MW,DE,DE_LU,forecast_offshore_wind_generation,Wind Offshore,2026-07-05T23:38:26Z
2026-07-05T23:37:01Z,2026-07-06T01:37:01+0200,947116b8-3478-48df-97c2-9d19820fe5c0,2026-06-18T01:15:00Z,2026-06-18T03:15:00+0200,1539.77,MW,DE,DE_LU,forecast_offshore_wind_generation,Wind Offshore,2026-07-05T23:38:26Z
2026-07-05T23:37:01Z,2026-07-06T01:37:01+0200,947116b8-3478-48df-97c2-9d19820fe5c0,2026-06-18T01:30:00Z,2026-06-18T03:30:00+0200,1532.79,MW,DE,DE_LU,forecast_offshore_wind_generation,Wind Offshore,2026-07-05T23:38:26Z
2026-07-05T23:37:01Z,2026-07-06T01:37:01+0200,947116b8-3478-48df-97c2-9d19820fe5c0,2026-06-18T01:45:00Z,2026-06-18T03:45:00+0200,1525.95,MW,DE,DE_LU,forecast_offshore_wind_generation,Wind Offshore,2026-07-05T23:38:26Z
2026-07-05T23:37:01Z,2026-07-06T01:37:01+0200,947116b8-3478-48df-97c2-9d19820fe5c0,2026-06-18T02:00:00Z,2026-06-18T04:00:00+0200,1516.98,MW,DE,DE_LU,forecast_offshore_wind_generation,Wind Offshore,2026-07-05T23:38:26Z
2026-07-05T23:37:01Z,2026-07-06T01:37:01+0200,947116b8-3478-48df-97c2-9d19820fe5c0,2026-06-18T02:15:00Z,2026-06-18T04:15:00+0200,1509.45,MW,DE,DE_LU,forecast_offshore_wind_generation,Wind Offshore,2026-07-05T23:38:26Z
2026-07-05T23:37:01Z,2026-07-06T01:37:01+0200,947116b8-3478-48df-97c2-9d19820fe5c0,2026-06-18T02:30:00Z,2026-06-18T04:30:00+0200,1499.63,MW,DE,DE_LU,forecast_offshore_wind_generation,Wind Offshore,2026-07-05T23:38:26Z
2026-07-05T23:37:01Z,2026-07-06T01:37:01+0200,947116b8-3478-48df-97c2-9d19820fe5c0,2026-06-18T02:45:00Z,2026-06-18T04:45:00+0200,1490.35,MW,DE,DE_LU,forecast_offshore_wind_generation,Wind Offshore,2026-07-05T23:38:26Z
2026-07-05T23:37:01Z,2026-07-06T01:37:01+0200,947116b8-3478-48df-97c2-9d19820fe5c0,2026-06-18T03:00:00Z,2026-06-18T05:00:00+0200,1471.67,MW,DE,DE_LU,forecast_offshore_wind_generation,Wind Offshore,2026-07-05T23:38:26Z
2026-07-05T23:37:01Z,2026-07-06T01:37:01+0200,947116b8-3478-48df-97c2-9d19820fe5c0,2026-06-18T03:15:00Z,2026-06-18T05:15:00+0200,1451.99,MW,DE,DE_LU,forecast_offshore_wind_generation,Wind Offshore,2026-07-05T23:38:26Z
2026-07-05T23:37:01Z,2026-07-06T01:37:01+0200,947116b8-3478-48df-97c2-9d19820fe5c0,2026-06-18T03:30:00Z,2026-06-18T05:30:00+0200,1429.43,MW,DE,DE_LU,forecast_offshore_wind_generation,Wind Offshore,2026-07-05T23:38:26Z
2026-07-05T23:37:01Z,2026-07-06T01:37:01+0200,947116b8-3478-48df-97c2-9d19820fe5c0,2026-06-18T03:45:00Z,2026-06-18T05:45:00+0200,1397.78,MW,DE,DE_LU,forecast_offshore_wind_generation,Wind Offshore,2026-07-05T23:38:26Z
2026-07-05T23:37:01Z,2026-07-06T01:37:01+0200,947116b8-3478-48df-97c2-9d19820fe5c0,2026-06-18T04:00:00Z,2026-06-18T06:00:00+0200,1365.04,MW,DE,DE_LU,forecast_offshore_wind_generation,Wind Offshore,2026-07-05T23:38:26Z
2026-07-05T23:37:01Z,2026-07-06T01:37:01+0200,947116b8-3478-48df-97c2-9d19820fe5c0,2026-06-18T04:15:00Z,2026-06-18T06:15:00+0200,1338.95,MW,DE,DE_LU,forecast_offshore_wind_generation,Wind Offshore,2026-07-05T23:38:26Z
2026-07-05T23:37:01Z,2026-07-06T01:37:01+0200,947116b8-3478-48df-97c2-9d19820fe5c0,2026-06-18T04:30:00Z,2026-06-18T06:30:00+0200,1309.27,MW,DE,DE_LU,forecast_offshore_wind_generation,Wind Offshore,2026-07-05T23:38:26Z
2026-07-05T23:37:01Z,2026-07-06T01:37:01+0200,947116b8-3478-48df-97c2-9d19820fe5c0,2026-06-18T04:45:00Z,2026-06-18T06:45:00+0200,1281.47,MW,DE,DE_LU,forecast_offshore_wind_generation,Wind Offshore,2026-07-05T23:38:26Z
2026-07-05T23:37:01Z,2026-07-06T01:37:01+0200,947116b8-3478-48df-97c2-9d19820fe5c0,2026-06-18T05:00:00Z,2026-06-18T07:00:00+0200,1258.72,MW,DE,DE_LU,forecast_offshore_wind_generation,Wind Offshore,2026-07-05T23:38:26Z
2026-07-05T23:37:01Z,2026-07-06T01:37:01+0200,947116b8-3478-48df-97c2-9d19820fe5c0,2026-06-18T05:15:00Z,2026-06-18T07:15:00+0200,1232.68,MW,DE,DE_LU,forecast_offshore_wind_generation,Wind Offshore,2026-07-05T23:38:26Z
2026-07-05T23:37:01Z,2026-07-06T01:37:01+0200,947116b8-3478-48df-97c2-9d19820fe5c0,2026-06-18T05:30:00Z,2026-06-18T07:30:00+0200,1210.79,MW,DE,DE_LU,forecast_offshore_wind_generation,Wind Offshore,2026-07-05T23:38:26Z
2026-07-05T23:37:01Z,2026-07-06T01:37:01+0200,947116b8-3478-48df-97c2-9d19820fe5c0,2026-06-18T05:45:00Z,2026-06-18T07:45:00+0200,1191.01,MW,DE,DE_LU,forecast_offshore_wind_generation,Wind Offshore,2026-07-05T23:38:26Z
2026-07-05T23:37:01Z,2026-07-06T01:37:01+0200,947116b8-3478-48df-97c2-9d19820fe5c0,2026-06-18T06:00:00Z,2026-06-18T08:00:00+0200,1162.69,MW,DE,DE_LU,forecast_offshore_wind_generation,Wind Offshore,2026-07-05T23:38:26Z
2026-07-05T23:37:01Z,2026-07-06T01:37:01+0200,947116b8-3478-48df-97c2-9d19820fe5c0,2026-06-18T06:15:00Z,2026-06-18T08:15:00+0200,1152.73,MW,DE,DE_LU,forecast_offshore_wind_generation,Wind Offshore,2026-07-05T23:38:26Z
2026-07-05T23:37:01Z,2026-07-06T01:37:01+0200,947116b8-3478-48df-97c2-9d19820fe5c0,2026-06-18T06:30:00Z,2026-06-18T08:30:00+0200,1143.53,MW,DE,DE_LU,forecast_offshore_wind_generation,Wind Offshore,2026-07-05T23:38:26Z
2026-07-05T23:37:01Z,2026-07-06T01:37:01+0200,947116b8-3478-48df-97c2-9d19820fe5c0,2026-06-18T06:45:00Z,2026-06-18T08:45:00+0200,1139.57,MW,DE,DE_LU,forecast_offshore_wind_generation,Wind Offshore,2026-07-05T23:38:26Z
2026-07-05T23:37:01Z,2026-07-06T01:37:01+0200,947116b8-3478-48df-97c2-9d19820fe5c0,2026-06-18T07:00:00Z,2026-06-18T09:00:00+0200,1130.47,MW,DE,DE_LU,forecast_offshore_wind_generation,Wind Offshore,2026-07-05T23:38:26Z
2026-07-05T23:37:01Z,2026-07-06T01:37:01+0200,947116b8-3478-48df-97c2-9d19820fe5c0,2026-06-18T07:15:00Z,2026-06-18T09:15:00+0200,1127.23,MW,DE,DE_LU,forecast_offshore_wind_generation,Wind Offshore,2026-07-05T23:38:26Z
2026-07-05T23:37:01Z,2026-07-06T01:37:01+0200,947116b8-3478-48df-97c2-9d19820fe5c0,2026-06-18T07:30:00Z,2026-06-18T09:30:00+0200,1116.37,MW,DE,DE_LU,forecast_offshore_wind_generation,Wind Offshore,2026-07-05T23:38:26Z
2026-07-05T23:37:01Z,2026-07-06T01:37:01+0200,947116b8-3478-48df-97c2-9d19820fe5c0,2026-06-18T07:45:00Z,2026-06-18T09:45:00+0200,1114.46,MW,DE,DE_LU,forecast_offshore_wind_generation,Wind Offshore,2026-07-05T23:38:26Z
2026-07-05T23:37:01Z,2026-07-06T01:37:01+0200,947116b8-3478-48df-97c2-9d19820fe5c0,2026-06-18T08:00:00Z,2026-06-18T10:00:00+0200,1115.21,MW,DE,DE_LU,forecast_offshore_wind_generation,Wind Offshore,2026-07-05T23:38:26Z
2026-07-05T23:37:01Z,2026-07-06T01:37:01+0200,947116b8-3478-48df-97c2-9d19820fe5c0,2026-06-18T08:15:00Z,2026-06-18T10:15:00+0200,1115.66,MW,DE,DE_LU,forecast_offshore_wind_generation,Wind Offshore,2026-07-05T23:38:26Z
2026-07-05T23:37:01Z,2026-07-06T01:37:01+0200,947116b8-3478-48df-97c2-9d19820fe5c0,2026-06-18T08:30:00Z,2026-06-18T10:30:00+0200,1116.3,MW,DE,DE_LU,forecast_offshore_wind_generation,Wind Offshore,2026-07-05T23:38:26Z
2026-07-05T23:37:01Z,2026-07-06T01:37:01+0200,947116b8-3478-48df-97c2-9d19820fe5c0,2026-06-18T08:45:00Z,2026-06-18T10:45:00+0200,1122.06,MW,DE,DE_LU,forecast_offshore_wind_generation,Wind Offshore,2026-07-05T23:38:26Z
2026-07-05T23:37:01Z,2026-07-06T01:37:01+0200,947116b8-3478-48df-97c2-9d19820fe5c0,2026-06-18T09:00:00Z,2026-06-18T11:00:00+0200,1122.56,MW,DE,DE_LU,forecast_offshore_wind_generation,Wind Offshore,2026-07-05T23:38:26Z
2026-07-05T23:37:01Z,2026-07-06T01:37:01+0200,947116b8-3478-48df-97c2-9d19820fe5c0,2026-06-18T09:15:00Z,2026-06-18T11:15:00+0200,1112.23,MW,DE,DE_LU,forecast_offshore_wind_generation,Wind Offshore,2026-07-05T23:38:26Z
2026-07-05T23:37:01Z,2026-07-06T01:37:01+0200,947116b8-3478-48df-97c2-9d19820fe5c0,2026-06-18T09:30:00Z,2026-06-18T11:30:00+0200,1099.97,MW,DE,DE_LU,forecast_offshore_wind_generation,Wind Offshore,2026-07-05T23:38:26Z
2026-07-05T23:37:01Z,2026-07-06T01:37:01+0200,947116b8-3478-48df-97c2-9d19820fe5c0,2026-06-18T09:45:00Z,2026-06-18T11:45:00+0200,1086.81,MW,DE,DE_LU,forecast_offshore_wind_generation,Wind Offshore,2026-07-05T23:38:26Z
2026-07-05T23:37:01Z,2026-07-06T01:37:01+0200,947116b8-3478-48df-97c2-9d19820fe5c0,2026-06-18T10:00:00Z,2026-06-18T12:00:00+0200,1074.23,MW,DE,DE_LU,forecast_offshore_wind_generation,Wind Offshore,2026-07-05T23:38:26Z
2026-07-05T23:37:01Z,2026-07-06T01:37:01+0200,947116b8-3478-48df-97c2-9d19820fe5c0,2026-06-18T10:15:00Z,2026-06-18T12:15:00+0200,1059.41,MW,DE,DE_LU,forecast_offshore_wind_generation,Wind Offshore,2026-07-05T23:38:26Z
2026-07-05T23:37:01Z,2026-07-06T01:37:01+0200,947116b8-3478-48df-97c2-9d19820fe5c0,2026-06-18T10:30:00Z,2026-06-18T12:30:00+0200,1044.68,MW,DE,DE_LU,forecast_offshore_wind_generation,Wind Offshore,2026-07-05T23:38:26Z
2026-07-05T23:37:01Z,2026-07-06T01:37:01+0200,947116b8-3478-48df-97c2-9d19820fe5c0,2026-06-18T10:45:00Z,2026-06-18T12:45:00+0200,1033.94,MW,DE,DE_LU,forecast_offshore_wind_generation,Wind Offshore,2026-07-05T23:38:26Z
2026-07-05T23:37:01Z,2026-07-06T01:37:01+0200,947116b8-3478-48df-97c2-9d19820fe5c0,2026-06-18T11:00:00Z,2026-06-18T13:00:00+0200,1016.86,MW,DE,DE_LU,forecast_offshore_wind_generation,Wind Offshore,2026-07-05T23:38:26Z
2026-07-05T23:37:01Z,2026-07-06T01:37:01+0200,947116b8-3478-48df-97c2-9d19820fe5c0,2026-06-18T11:15:00Z,2026-06-18T13:15:00+0200,1000.04,MW,DE,DE_LU,forecast_offshore_wind_generation,Wind Offshore,2026-07-05T23:38:26Z
2026-07-05T23:37:01Z,2026-07-06T01:37:01+0200,947116b8-3478-48df-97c2-9d19820fe5c0,2026-06-18T11:30:00Z,2026-06-18T13:30:00+0200,982.19,MW,DE,DE_LU,forecast_offshore_wind_generation,Wind Offshore,2026-07-05T23:38:26Z
2026-07-05T23:37:01Z,2026-07-06T01:37:01+0200,947116b8-3478-48df-97c2-9d19820fe5c0,2026-06-18T11:45:00Z,2026-06-18T13:45:00+0200,962.12,MW,DE,DE_LU,forecast_offshore_wind_generation,Wind Offshore,2026-07-05T23:38:26Z
2026-07-05T23:37:01Z,2026-07-06T01:37:01+0200,947116b8-3478-48df-97c2-9d19820fe5c0,2026-06-18T12:00:00Z,2026-06-18T14:00:00+0200,929.17,MW,DE,DE_LU,forecast_offshore_wind_generation,Wind Offshore,2026-07-05T23:38:26Z
2026-07-05T23:37:01Z,2026-07-06T01:37:01+0200,947116b8-3478-48df-97c2-9d19820fe5c0,2026-06-18T12:15:00Z,2026-06-18T14:15:00+0200,902.01,MW,DE,DE_LU,forecast_offshore_wind_generation,Wind Offshore,2026-07-05T23:38:26Z
2026-07-05T23:37:01Z,2026-07-06T01:37:01+0200,947116b8-3478-48df-97c2-9d19820fe5c0,2026-06-18T12:30:00Z,2026-06-18T14:30:00+0200,876.9,MW,DE,DE_LU,forecast_offshore_wind_generation,Wind Offshore,2026-07-05T23:38:26Z
2026-07-05T23:37:01Z,2026-07-06T01:37:01+0200,947116b8-3478-48df-97c2-9d19820fe5c0,2026-06-18T12:45:00Z,2026-06-18T14:45:00+0200,855.2,MW,DE,DE_LU,forecast_offshore_wind_generation,Wind Offshore,2026-07-05T23:38:26Z
2026-07-05T23:37:01Z,2026-07-06T01:37:01+0200,947116b8-3478-48df-97c2-9d19820fe5c0,2026-06-18T13:00:00Z,2026-06-18T15:00:00+0200,832.48,MW,DE,DE_LU,forecast_offshore_wind_generation,Wind Offshore,2026-07-05T23:38:26Z
2026-07-05T23:37:01Z,2026-07-06T01:37:01+0200,947116b8-3478-48df-97c2-9d19820fe5c0,2026-06-18T13:15:00Z,2026-06-18T15:15:00+0200,801.2,MW,DE,DE_LU,forecast_offshore_wind_generation,Wind Offshore,2026-07-05T23:38:26Z
2026-07-05T23:37:01Z,2026-07-06T01:37:01+0200,947116b8-3478-48df-97c2-9d19820fe5c0,2026-06-18T13:30:00Z,2026-06-18T15:30:00+0200,765.96,MW,DE,DE_LU,forecast_offshore_wind_generation,Wind Offshore,2026-07-05T23:38:26Z
2026-07-05T23:37:01Z,2026-07-06T01:37:01+0200,947116b8-3478-48df-97c2-9d19820fe5c0,2026-06-18T13:45:00Z,2026-06-18T15:45:00+0200,731.55,MW,DE,DE_LU,forecast_offshore_wind_generation,Wind Offshore,2026-07-05T23:38:26Z
2026-07-05T23:37:01Z,2026-07-06T01:37:01+0200,947116b8-3478-48df-97c2-9d19820fe5c0,2026-06-18T14:00:00Z,2026-06-18T16:00:00+0200,698.93,MW,DE,DE_LU,forecast_offshore_wind_generation,Wind Offshore,2026-07-05T23:38:26Z
2026-07-05T23:37:01Z,2026-07-06T01:37:01+0200,947116b8-3478-48df-97c2-9d19820fe5c0,2026-06-18T14:15:00Z,2026-06-18T16:15:00+0200,665.89,MW,DE,DE_LU,forecast_offshore_wind_generation,Wind Offshore,2026-07-05T23:38:26Z
2026-07-05T23:37:01Z,2026-07-06T01:37:01+0200,947116b8-3478-48df-97c2-9d19820fe5c0,2026-06-18T14:30:00Z,2026-06-18T16:30:00+0200,631.74,MW,DE,DE_LU,forecast_offshore_wind_generation,Wind Offshore,2026-07-05T23:38:26Z
2026-07-05T23:37:01Z,2026-07-06T01:37:01+0200,947116b8-3478-48df-97c2-9d19820fe5c0,2026-06-18T14:45:00Z,2026-06-18T16:45:00+0200,599.4,MW,DE,DE_LU,forecast_offshore_wind_generation,Wind Offshore,2026-07-05T23:38:26Z
2026-07-05T23:37:01Z,2026-07-06T01:37:01+0200,947116b8-3478-48df-97c2-9d19820fe5c0,2026-06-18T15:00:00Z,2026-06-18T17:00:00+0200,568.87,MW,DE,DE_LU,forecast_offshore_wind_generation,Wind Offshore,2026-07-05T23:38:26Z
2026-07-05T23:37:01Z,2026-07-06T01:37:01+0200,947116b8-3478-48df-97c2-9d19820fe5c0,2026-06-18T15:15:00Z,2026-06-18T17:15:00+0200,528.51,MW,DE,DE_LU,forecast_offshore_wind_generation,Wind Offshore,2026-07-05T23:38:26Z
2026-07-05T23:37:01Z,2026-07-06T01:37:01+0200,947116b8-3478-48df-97c2-9d19820fe5c0,2026-06-18T15:30:00Z,2026-06-18T17:30:00+0200,504.59,MW,DE,DE_LU,forecast_offshore_wind_generation,Wind Offshore,2026-07-05T23:38:26Z
2026-07-05T23:37:01Z,2026-07-06T01:37:01+0200,947116b8-3478-48df-97c2-9d19820fe5c0,2026-06-18T15:45:00Z,2026-06-18T17:45:00+0200,471.58,MW,DE,DE_LU,forecast_offshore_wind_generation,Wind Offshore,2026-07-05T23:38:26Z
2026-07-05T23:37:01Z,2026-07-06T01:37:01+0200,947116b8-3478-48df-97c2-9d19820fe5c0,2026-06-18T16:00:00Z,2026-06-18T18:00:00+0200,438.67,MW,DE,DE_LU,forecast_offshore_wind_generation,Wind Offshore,2026-07-05T23:38:26Z
2026-07-05T23:37:01Z,2026-07-06T01:37:01+0200,947116b8-3478-48df-97c2-9d19820fe5c0,2026-06-18T16:15:00Z,2026-06-18T18:15:00+0200,405.8,MW,DE,DE_LU,forecast_offshore_wind_generation,Wind Offshore,2026-07-05T23:38:26Z
2026-07-05T23:37:01Z,2026-07-06T01:37:01+0200,947116b8-3478-48df-97c2-9d19820fe5c0,2026-06-18T16:30:00Z,2026-06-18T18:30:00+0200,375.4,MW,DE,DE_LU,forecast_offshore_wind_generation,Wind Offshore,2026-07-05T23:38:26Z
2026-07-05T23:37:01Z,2026-07-06T01:37:01+0200,947116b8-3478-48df-97c2-9d19820fe5c0,2026-06-18T16:45:00Z,2026-06-18T18:45:00+0200,339.03,MW,DE,DE_LU,forecast_offshore_wind_generation,Wind Offshore,2026-07-05T23:38:26Z
2026-07-05T23:37:01Z,2026-07-06T01:37:01+0200,947116b8-3478-48df-97c2-9d19820fe5c0,2026-06-18T17:00:00Z,2026-06-18T19:00:00+0200,312.8,MW,DE,DE_LU,forecast_offshore_wind_generation,Wind Offshore,2026-07-05T23:38:26Z
2026-07-05T23:37:01Z,2026-07-06T01:37:01+0200,947116b8-3478-48df-97c2-9d19820fe5c0,2026-06-18T17:15:00Z,2026-06-18T19:15:00+0200,287.69,MW,DE,DE_LU,forecast_offshore_wind_generation,Wind Offshore,2026-07-05T23:38:26Z
2026-07-05T23:37:01Z,2026-07-06T01:37:01+0200,947116b8-3478-48df-97c2-9d19820fe5c0,2026-06-18T17:30:00Z,2026-06-18T19:30:00+0200,264.64,MW,DE,DE_LU,forecast_offshore_wind_generation,Wind Offshore,2026-07-05T23:38:26Z
2026-07-05T23:37:01Z,2026-07-06T01:37:01+0200,947116b8-3478-48df-97c2-9d19820fe5c0,2026-06-18T17:45:00Z,2026-06-18T19:45:00+0200,245.33,MW,DE,DE_LU,forecast_offshore_wind_generation,Wind Offshore,2026-07-05T23:38:26Z
2026-07-05T23:37:01Z,2026-07-06T01:37:01+0200,947116b8-3478-48df-97c2-9d19820fe5c0,2026-06-18T18:00:00Z,2026-06-18T20:00:00+0200,228.41,MW,DE,DE_LU,forecast_offshore_wind_generation,Wind Offshore,2026-07-05T23:38:26Z
2026-07-05T23:37:01Z,2026-07-06T01:37:01+0200,947116b8-3478-48df-97c2-9d19820fe5c0,2026-06-18T18:15:00Z,2026-06-18T20:15:00+0200,224.15,MW,DE,DE_LU,forecast_offshore_wind_generation,Wind Offshore,2026-07-05T23:38:26Z
2026-07-05T23:37:01Z,2026-07-06T01:37:01+0200,947116b8-3478-48df-97c2-9d19820fe5c0,2026-06-18T18:30:00Z,2026-06-18T20:30:00+0200,214.02,MW,DE,DE_LU,forecast_offshore_wind_generation,Wind Offshore,2026-07-05T23:38:26Z
2026-07-05T23:37:01Z,2026-07-06T01:37:01+0200,947116b8-3478-48df-97c2-9d19820fe5c0,2026-06-18T18:45:00Z,2026-06-18T20:45:00+0200,205.45,MW,DE,DE_LU,forecast_offshore_wind_generation,Wind Offshore,2026-07-05T23:38:26Z
2026-07-05T23:37:01Z,2026-07-06T01:37:01+0200,947116b8-3478-48df-97c2-9d19820fe5c0,2026-06-18T19:00:00Z,2026-06-18T21:00:00+0200,196.05,MW,DE,DE_LU,forecast_offshore_wind_generation,Wind Offshore,2026-07-05T23:38:26Z
2026-07-05T23:37:01Z,2026-07-06T01:37:01+0200,947116b8-3478-48df-97c2-9d19820fe5c0,2026-06-18T19:15:00Z,2026-06-18T21:15:00+0200,202.82,MW,DE,DE_LU,forecast_offshore_wind_generation,Wind Offshore,2026-07-05T23:38:26Z
2026-07-05T23:37:01Z,2026-07-06T01:37:01+0200,947116b8-3478-48df-97c2-9d19820fe5c0,2026-06-18T19:30:00Z,2026-06-18T21:30:00+0200,209.09,MW,DE,DE_LU,forecast_offshore_wind_generation,Wind Offshore,2026-07-05T23:38:26Z
2026-07-05T23:37:01Z,2026-07-06T01:37:01+0200,947116b8-3478-48df-97c2-9d19820fe5c0,2026-06-18T19:45:00Z,2026-06-18T21:45:00+0200,212.29,MW,DE,DE_LU,forecast_offshore_wind_generation,Wind Offshore,2026-07-05T23:38:26Z
2026-07-05T23:37:01Z,2026-07-06T01:37:01+0200,947116b8-3478-48df-97c2-9d19820fe5c0,2026-06-18T20:00:00Z,2026-06-18T22:00:00+0200,224.1,MW,DE,DE_LU,forecast_offshore_wind_generation,Wind Offshore,2026-07-05T23:38:26Z
2026-07-05T23:37:01Z,2026-07-06T01:37:01+0200,947116b8-3478-48df-97c2-9d19820fe5c0,2026-06-18T20:15:00Z,2026-06-18T22:15:00+0200,246.98,MW,DE,DE_LU,forecast_offshore_wind_generation,Wind Offshore,2026-07-05T23:38:26Z
2026-07-05T23:37:01Z,2026-07-06T01:37:01+0200,947116b8-3478-48df-97c2-9d19820fe5c0,2026-06-18T20:30:00Z,2026-06-18T22:30:00+0200,266.83,MW,DE,DE_LU,forecast_offshore_wind_generation,Wind Offshore,2026-07-05T23:38:26Z
2026-07-05T23:37:01Z,2026-07-06T01:37:01+0200,947116b8-3478-48df-97c2-9d19820fe5c0,2026-06-18T20:45:00Z,2026-06-18T22:45:00+0200,287.33,MW,DE,DE_LU,forecast_offshore_wind_generation,Wind Offshore,2026-07-05T23:38:26Z
2026-07-05T23:37:01Z,2026-07-06T01:37:01+0200,947116b8-3478-48df-97c2-9d19820fe5c0,2026-06-18T21:00:00Z,2026-06-18T23:00:00+0200,312.54,MW,DE,DE_LU,forecast_offshore_wind_generation,Wind Offshore,2026-07-05T23:38:26Z
2026-07-05T23:37:01Z,2026-07-06T01:37:01+0200,947116b8-3478-48df-97c2-9d19820fe5c0,2026-06-18T21:15:00Z,2026-06-18T23:15:00+0200,338.35,MW,DE,DE_LU,forecast_offshore_wind_generation,Wind Offshore,2026-07-05T23:38:26Z
2026-07-05T23:37:01Z,2026-07-06T01:37:01+0200,947116b8-3478-48df-97c2-9d19820fe5c0,2026-06-18T21:30:00Z,2026-06-18T23:30:00+0200,366.2,MW,DE,DE_LU,forecast_offshore_wind_generation,Wind Offshore,2026-07-05T23:38:26Z
2026-07-05T23:37:01Z,2026-07-06T01:37:01+0200,947116b8-3478-48df-97c2-9d19820fe5c0,2026-06-18T21:45:00Z,2026-06-18T23:45:00+0200,395.21,MW,DE,DE_LU,forecast_offshore_wind_generation,Wind Offshore,2026-07-05T23:38:26Z
2026-07-05T23:37:01Z,2026-07-06T01:37:01+0200,947116b8-3478-48df-97c2-9d19820fe5c0,2026-06-18T22:00:00Z,2026-06-19T00:00:00+0200,631.7,MW,DE,DE_LU,forecast_offshore_wind_generation,Wind Offshore,2026-07-05T23:38:26Z
2026-07-05T23:37:01Z,2026-07-06T01:37:01+0200,947116b8-3478-48df-97c2-9d19820fe5c0,2026-06-18T22:15:00Z,2026-06-19T00:15:00+0200,697.5,MW,DE,DE_LU,forecast_offshore_wind_generation,Wind Offshore,2026-07-05T23:38:26Z
2026-07-05T23:37:01Z,2026-07-06T01:37:01+0200,947116b8-3478-48df-97c2-9d19820fe5c0,2026-06-18T22:30:00Z,2026-06-19T00:30:00+0200,754.37,MW,DE,DE_LU,forecast_offshore_wind_generation,Wind Offshore,2026-07-05T23:38:26Z
2026-07-05T23:37:01Z,2026-07-06T01:37:01+0200,947116b8-3478-48df-97c2-9d19820fe5c0,2026-06-18T22:45:00Z,2026-06-19T00:45:00+0200,815.46,MW,DE,DE_LU,forecast_offshore_wind_generation,Wind Offshore,2026-07-05T23:38:26Z
2026-07-05T23:37:01Z,2026-07-06T01:37:01+0200,947116b8-3478-48df-97c2-9d19820fe5c0,2026-06-18T23:00:00Z,2026-06-19T01:00:00+0200,879.53,MW,DE,DE_LU,forecast_offshore_wind_generation,Wind Offshore,2026-07-05T23:38:26Z
2026-07-05T23:37:01Z,2026-07-06T01:37:01+0200,947116b8-3478-48df-97c2-9d19820fe5c0,2026-06-18T23:15:00Z,2026-06-19T01:15:00+0200,937.51,MW,DE,DE_LU,forecast_offshore_wind_generation,Wind Offshore,2026-07-05T23:38:26Z
2026-07-05T23:37:01Z,2026-07-06T01:37:01+0200,947116b8-3478-48df-97c2-9d19820fe5c0,2026-06-18T23:30:00Z,2026-06-19T01:30:00+0200,979.51,MW,DE,DE_LU,forecast_offshore_wind_generation,Wind Offshore,2026-07-05T23:38:26Z
2026-07-05T23:37:01Z,2026-07-06T01:37:01+0200,947116b8-3478-48df-97c2-9d19820fe5c0,2026-06-18T23:45:00Z,2026-06-19T01:45:00+0200,1030.71,MW,DE,DE_LU,forecast_offshore_wind_generation,Wind Offshore,2026-07-05T23:38:26Z
2026-07-05T23:37:01Z,2026-07-06T01:37:01+0200,947116b8-3478-48df-97c2-9d19820fe5c0,2026-06-19T00:00:00Z,2026-06-19T02:00:00+0200,1077.77,MW,DE,DE_LU,forecast_offshore_wind_generation,Wind Offshore,2026-07-05T23:38:26Z
2026-07-05T23:37:01Z,2026-07-06T01:37:01+0200,947116b8-3478-48df-97c2-9d19820fe5c0,2026-06-19T00:15:00Z,2026-06-19T02:15:00+0200,1068.08,MW,DE,DE_LU,forecast_offshore_wind_generation,Wind Offshore,2026-07-05T23:38:26Z
2026-07-05T23:37:01Z,2026-07-06T01:37:01+0200,947116b8-3478-48df-97c2-9d19820fe5c0,2026-06-19T00:30:00Z,2026-06-19T02:30:00+0200,1070.4,MW,DE,DE_LU,forecast_offshore_wind_generation,Wind Offshore,2026-07-05T23:38:26Z
2026-07-05T23:37:01Z,2026-07-06T01:37:01+0200,947116b8-3478-48df-97c2-9d19820fe5c0,2026-06-19T00:45:00Z,2026-06-19T02:45:00+0200,1067.74,MW,DE,DE_LU,forecast_offshore_wind_generation,Wind Offshore,2026-07-05T23:38:26Z
2026-07-05T23:37:01Z,2026-07-06T01:37:01+0200,947116b8-3478-48df-97c2-9d19820fe5c0,2026-06-19T01:00:00Z,2026-06-19T03:00:00+0200,1065.13,MW,DE,DE_LU,forecast_offshore_wind_generation,Wind Offshore,2026-07-05T23:38:26Z
2026-07-05T23:37:01Z,2026-07-06T01:37:01+0200,947116b8-3478-48df-97c2-9d19820fe5c0,2026-06-19T01:15:00Z,2026-06-19T03:15:00+0200,1050.02,MW,DE,DE_LU,forecast_offshore_wind_generation,Wind Offshore,2026-07-05T23:38:26Z
2026-07-05T23:37:01Z,2026-07-06T01:37:01+0200,947116b8-3478-48df-97c2-9d19820fe5c0,2026-06-19T01:30:00Z,2026-06-19T03:30:00+0200,1032.16,MW,DE,DE_LU,forecast_offshore_wind_generation,Wind Offshore,2026-07-05T23:38:26Z
2026-07-05T23:37:01Z,2026-07-06T01:37:01+0200,947116b8-3478-48df-97c2-9d19820fe5c0,2026-06-19T01:45:00Z,2026-06-19T03:45:00+0200,1026.11,MW,DE,DE_LU,forecast_offshore_wind_generation,Wind Offshore,2026-07-05T23:38:26Z
2026-07-05T23:37:01Z,2026-07-06T01:37:01+0200,947116b8-3478-48df-97c2-9d19820fe5c0,2026-06-19T02:00:00Z,2026-06-19T04:00:00+0200,1013.93,MW,DE,DE_LU,forecast_offshore_wind_generation,Wind Offshore,2026-07-05T23:38:26Z
2026-07-05T23:37:01Z,2026-07-06T01:37:01+0200,947116b8-3478-48df-97c2-9d19820fe5c0,2026-06-19T02:15:00Z,2026-06-19T04:15:00+0200,1008.5,MW,DE,DE_LU,forecast_offshore_wind_generation,Wind Offshore,2026-07-05T23:38:26Z
2026-07-05T23:37:01Z,2026-07-06T01:37:01+0200,947116b8-3478-48df-97c2-9d19820fe5c0,2026-06-19T02:30:00Z,2026-06-19T04:30:00+0200,1004.95,MW,DE,DE_LU,forecast_offshore_wind_generation,Wind Offshore,2026-07-05T23:38:26Z
2026-07-05T23:37:01Z,2026-07-06T01:37:01+0200,947116b8-3478-48df-97c2-9d19820fe5c0,2026-06-19T02:45:00Z,2026-06-19T04:45:00+0200,1008.28,MW,DE,DE_LU,forecast_offshore_wind_generation,Wind Offshore,2026-07-05T23:38:26Z
2026-07-05T23:37:01Z,2026-07-06T01:37:01+0200,947116b8-3478-48df-97c2-9d19820fe5c0,2026-06-19T03:00:00Z,2026-06-19T05:00:00+0200,997.78,MW,DE,DE_LU,forecast_offshore_wind_generation,Wind Offshore,2026-07-05T23:38:26Z
2026-07-05T23:37:01Z,2026-07-06T01:37:01+0200,947116b8-3478-48df-97c2-9d19820fe5c0,2026-06-19T03:15:00Z,2026-06-19T05:15:00+0200,988.83,MW,DE,DE_LU,forecast_offshore_wind_generation,Wind Offshore,2026-07-05T23:38:26Z
2026-07-05T23:37:01Z,2026-07-06T01:37:01+0200,947116b8-3478-48df-97c2-9d19820fe5c0,2026-06-19T03:30:00Z,2026-06-19T05:30:00+0200,981.16,MW,DE,DE_LU,forecast_offshore_wind_generation,Wind Offshore,2026-07-05T23:38:26Z
2026-07-05T23:37:01Z,2026-07-06T01:37:01+0200,947116b8-3478-48df-97c2-9d19820fe5c0,2026-06-19T03:45:00Z,2026-06-19T05:45:00+0200,970.74,MW,DE,DE_LU,forecast_offshore_wind_generation,Wind Offshore,2026-07-05T23:38:26Z
2026-07-05T23:37:01Z,2026-07-06T01:37:01+0200,947116b8-3478-48df-97c2-9d19820fe5c0,2026-06-19T04:00:00Z,2026-06-19T06:00:00+0200,953.49,MW,DE,DE_LU,forecast_offshore_wind_generation,Wind Offshore,2026-07-05T23:38:26Z
2026-07-05T23:37:01Z,2026-07-06T01:37:01+0200,947116b8-3478-48df-97c2-9d19820fe5c0,2026-06-19T04:15:00Z,2026-06-19T06:15:00+0200,928.05,MW,DE,DE_LU,forecast_offshore_wind_generation,Wind Offshore,2026-07-05T23:38:26Z
2026-07-05T23:37:01Z,2026-07-06T01:37:01+0200,947116b8-3478-48df-97c2-9d19820fe5c0,2026-06-19T04:30:00Z,2026-06-19T06:30:00+0200,895.44,MW,DE,DE_LU,forecast_offshore_wind_generation,Wind Offshore,2026-07-05T23:38:26Z
2026-07-05T23:37:01Z,2026-07-06T01:37:01+0200,947116b8-3478-48df-97c2-9d19820fe5c0,2026-06-19T04:45:00Z,2026-06-19T06:45:00+0200,867.08,MW,DE,DE_LU,forecast_offshore_wind_generation,Wind Offshore,2026-07-05T23:38:26Z
2026-07-05T23:37:01Z,2026-07-06T01:37:01+0200,947116b8-3478-48df-97c2-9d19820fe5c0,2026-06-19T05:00:00Z,2026-06-19T07:00:00+0200,835.48,MW,DE,DE_LU,forecast_offshore_wind_generation,Wind Offshore,2026-07-05T23:38:26Z
2026-07-05T23:37:01Z,2026-07-06T01:37:01+0200,947116b8-3478-48df-97c2-9d19820fe5c0,2026-06-19T05:15:00Z,2026-06-19T07:15:00+0200,807.8,MW,DE,DE_LU,forecast_offshore_wind_generation,Wind Offshore,2026-07-05T23:38:26Z
2026-07-05T23:37:01Z,2026-07-06T01:37:01+0200,947116b8-3478-48df-97c2-9d19820fe5c0,2026-06-19T05:30:00Z,2026-06-19T07:30:00+0200,780.26,MW,DE,DE_LU,forecast_offshore_wind_generation,Wind Offshore,2026-07-05T23:38:26Z
2026-07-05T23:37:01Z,2026-07-06T01:37:01+0200,947116b8-3478-48df-97c2-9d19820fe5c0,2026-06-19T05:45:00Z,2026-06-19T07:45:00+0200,754.12,MW,DE,DE_LU,forecast_offshore_wind_generation,Wind Offshore,2026-07-05T23:38:26Z
2026-07-05T23:37:01Z,2026-07-06T01:37:01+0200,947116b8-3478-48df-97c2-9d19820fe5c0,2026-06-19T06:00:00Z,2026-06-19T08:00:00+0200,725.74,MW,DE,DE_LU,forecast_offshore_wind_generation,Wind Offshore,2026-07-05T23:38:26Z
2026-07-05T23:37:01Z,2026-07-06T01:37:01+0200,947116b8-3478-48df-97c2-9d19820fe5c0,2026-06-19T06:15:00Z,2026-06-19T08:15:00+0200,710.54,MW,DE,DE_LU,forecast_offshore_wind_generation,Wind Offshore,2026-07-05T23:38:26Z
2026-07-05T23:37:01Z,2026-07-06T01:37:01+0200,947116b8-3478-48df-97c2-9d19820fe5c0,2026-06-19T06:30:00Z,2026-06-19T08:30:00+0200,699.38,MW,DE,DE_LU,forecast_offshore_wind_generation,Wind Offshore,2026-07-05T23:38:26Z
2026-07-05T23:37:01Z,2026-07-06T01:37:01+0200,947116b8-3478-48df-97c2-9d19820fe5c0,2026-06-19T06:45:00Z,2026-06-19T08:45:00+0200,683.08,MW,DE,DE_LU,forecast_offshore_wind_generation,Wind Offshore,2026-07-05T23:38:26Z
2026-07-05T23:37:01Z,2026-07-06T01:37:01+0200,947116b8-3478-48df-97c2-9d19820fe5c0,2026-06-19T07:00:00Z,2026-06-19T09:00:00+0200,675.44,MW,DE,DE_LU,forecast_offshore_wind_generation,Wind Offshore,2026-07-05T23:38:26Z
2026-07-05T23:37:01Z,2026-07-06T01:37:01+0200,947116b8-3478-48df-97c2-9d19820fe5c0,2026-06-19T07:15:00Z,2026-06-19T09:15:00+0200,656.93,MW,DE,DE_LU,forecast_offshore_wind_generation,Wind Offshore,2026-07-05T23:38:26Z
2026-07-05T23:37:01Z,2026-07-06T01:37:01+0200,947116b8-3478-48df-97c2-9d19820fe5c0,2026-06-19T07:30:00Z,2026-06-19T09:30:00+0200,664.32,MW,DE,DE_LU,forecast_offshore_wind_generation,Wind Offshore,2026-07-05T23:38:26Z
2026-07-05T23:37:01Z,2026-07-06T01:37:01+0200,947116b8-3478-48df-97c2-9d19820fe5c0,2026-06-19T07:45:00Z,2026-06-19T09:45:00+0200,676.27,MW,DE,DE_LU,forecast_offshore_wind_generation,Wind Offshore,2026-07-05T23:38:26Z
2026-07-05T23:37:01Z,2026-07-06T01:37:01+0200,947116b8-3478-48df-97c2-9d19820fe5c0,2026-06-19T08:00:00Z,2026-06-19T10:00:00+0200,694.2,MW,DE,DE_LU,forecast_offshore_wind_generation,Wind Offshore,2026-07-05T23:38:26Z
2026-07-05T23:37:01Z,2026-07-06T01:37:01+0200,947116b8-3478-48df-97c2-9d19820fe5c0,2026-06-19T08:15:00Z,2026-06-19T10:15:00+0200,703.39,MW,DE,DE_LU,forecast_offshore_wind_generation,Wind Offshore,2026-07-05T23:38:26Z
2026-07-05T23:37:01Z,2026-07-06T01:37:01+0200,947116b8-3478-48df-97c2-9d19820fe5c0,2026-06-19T08:30:00Z,2026-06-19T10:30:00+0200,720.78,MW,DE,DE_LU,forecast_offshore_wind_generation,Wind Offshore,2026-07-05T23:38:26Z
2026-07-05T23:37:01Z,2026-07-06T01:37:01+0200,947116b8-3478-48df-97c2-9d19820fe5c0,2026-06-19T08:45:00Z,2026-06-19T10:45:00+0200,737.32,MW,DE,DE_LU,forecast_offshore_wind_generation,Wind Offshore,2026-07-05T23:38:26Z
2026-07-05T23:37:01Z,2026-07-06T01:37:01+0200,947116b8-3478-48df-97c2-9d19820fe5c0,2026-06-19T09:00:00Z,2026-06-19T11:00:00+0200,757.83,MW,DE,DE_LU,forecast_offshore_wind_generation,Wind Offshore,2026-07-05T23:38:26Z
2026-07-05T23:37:01Z,2026-07-06T01:37:01+0200,947116b8-3478-48df-97c2-9d19820fe5c0,2026-06-19T09:15:00Z,2026-06-19T11:15:00+0200,772.3,MW,DE,DE_LU,forecast_offshore_wind_generation,Wind Offshore,2026-07-05T23:38:26Z
2026-07-05T23:37:01Z,2026-07-06T01:37:01+0200,947116b8-3478-48df-97c2-9d19820fe5c0,2026-06-19T09:30:00Z,2026-06-19T11:30:00+0200,794.34,MW,DE,DE_LU,forecast_offshore_wind_generation,Wind Offshore,2026-07-05T23:38:26Z
2026-07-05T23:37:01Z,2026-07-06T01:37:01+0200,947116b8-3478-48df-97c2-9d19820fe5c0,2026-06-19T09:45:00Z,2026-06-19T11:45:00+0200,814.78,MW,DE,DE_LU,forecast_offshore_wind_generation,Wind Offshore,2026-07-05T23:38:26Z
2026-07-05T23:37:01Z,2026-07-06T01:37:01+0200,947116b8-3478-48df-97c2-9d19820fe5c0,2026-06-19T10:00:00Z,2026-06-19T12:00:00+0200,833.61,MW,DE,DE_LU,forecast_offshore_wind_generation,Wind Offshore,2026-07-05T23:38:26Z
2026-07-05T23:37:01Z,2026-07-06T01:37:01+0200,947116b8-3478-48df-97c2-9d19820fe5c0,2026-06-19T10:15:00Z,2026-06-19T12:15:00+0200,834.84,MW,DE,DE_LU,forecast_offshore_wind_generation,Wind Offshore,2026-07-05T23:38:26Z
2026-07-05T23:37:01Z,2026-07-06T01:37:01+0200,947116b8-3478-48df-97c2-9d19820fe5c0,2026-06-19T10:30:00Z,2026-06-19T12:30:00+0200,843.44,MW,DE,DE_LU,forecast_offshore_wind_generation,Wind Offshore,2026-07-05T23:38:26Z
2026-07-05T23:37:01Z,2026-07-06T01:37:01+0200,947116b8-3478-48df-97c2-9d19820fe5c0,2026-06-19T10:45:00Z,2026-06-19T12:45:00+0200,851.24,MW,DE,DE_LU,forecast_offshore_wind_generation,Wind Offshore,2026-07-05T23:38:26Z
2026-07-05T23:37:01Z,2026-07-06T01:37:01+0200,947116b8-3478-48df-97c2-9d19820fe5c0,2026-06-19T11:00:00Z,2026-06-19T13:00:00+0200,857.17,MW,DE,DE_LU,forecast_offshore_wind_generation,Wind Offshore,2026-07-05T23:38:26Z
2026-07-05T23:37:01Z,2026-07-06T01:37:01+0200,947116b8-3478-48df-97c2-9d19820fe5c0,2026-06-19T11:15:00Z,2026-06-19T13:15:00+0200,861.71,MW,DE,DE_LU,forecast_offshore_wind_generation,Wind Offshore,2026-07-05T23:38:26Z
2026-07-05T23:37:01Z,2026-07-06T01:37:01+0200,947116b8-3478-48df-97c2-9d19820fe5c0,2026-06-19T11:30:00Z,2026-06-19T13:30:00+0200,860.64,MW,DE,DE_LU,forecast_offshore_wind_generation,Wind Offshore,2026-07-05T23:38:26Z
2026-07-05T23:37:01Z,2026-07-06T01:37:01+0200,947116b8-3478-48df-97c2-9d19820fe5c0,2026-06-19T11:45:00Z,2026-06-19T13:45:00+0200,831.54,MW,DE,DE_LU,forecast_offshore_wind_generation,Wind Offshore,2026-07-05T23:38:26Z
2026-07-05T23:37:01Z,2026-07-06T01:37:01+0200,947116b8-3478-48df-97c2-9d19820fe5c0,2026-06-19T12:00:00Z,2026-06-19T14:00:00+0200,832.66,MW,DE,DE_LU,forecast_offshore_wind_generation,Wind Offshore,2026-07-05T23:38:26Z
2026-07-05T23:37:01Z,2026-07-06T01:37:01+0200,947116b8-3478-48df-97c2-9d19820fe5c0,2026-06-19T12:15:00Z,2026-06-19T14:15:00+0200,826.79,MW,DE,DE_LU,forecast_offshore_wind_generation,Wind Offshore,2026-07-05T23:38:26Z
2026-07-05T23:37:01Z,2026-07-06T01:37:01+0200,947116b8-3478-48df-97c2-9d19820fe5c0,2026-06-19T12:30:00Z,2026-06-19T14:30:00+0200,821.93,MW,DE,DE_LU,forecast_offshore_wind_generation,Wind Offshore,2026-07-05T23:38:26Z
2026-07-05T23:37:01Z,2026-07-06T01:37:01+0200,947116b8-3478-48df-97c2-9d19820fe5c0,2026-06-19T12:45:00Z,2026-06-19T14:45:00+0200,816.23,MW,DE,DE_LU,forecast_offshore_wind_generation,Wind Offshore,2026-07-05T23:38:26Z
2026-07-05T23:37:01Z,2026-07-06T01:37:01+0200,947116b8-3478-48df-97c2-9d19820fe5c0,2026-06-19T13:00:00Z,2026-06-19T15:00:00+0200,814.28,MW,DE,DE_LU,forecast_offshore_wind_generation,Wind Offshore,2026-07-05T23:38:26Z
2026-07-05T23:37:01Z,2026-07-06T01:37:01+0200,947116b8-3478-48df-97c2-9d19820fe5c0,2026-06-19T13:15:00Z,2026-06-19T15:15:00+0200,849.85,MW,DE,DE_LU,forecast_offshore_wind_generation,Wind Offshore,2026-07-05T23:38:26Z
2026-07-05T23:37:01Z,2026-07-06T01:37:01+0200,947116b8-3478-48df-97c2-9d19820fe5c0,2026-06-19T13:30:00Z,2026-06-19T15:30:00+0200,862.56,MW,DE,DE_LU,forecast_offshore_wind_generation,Wind Offshore,2026-07-05T23:38:26Z
2026-07-05T23:37:01Z,2026-07-06T01:37:01+0200,947116b8-3478-48df-97c2-9d19820fe5c0,2026-06-19T13:45:00Z,2026-06-19T15:45:00+0200,874.52,MW,DE,DE_LU,forecast_offshore_wind_generation,Wind Offshore,2026-07-05T23:38:26Z
2026-07-05T23:37:01Z,2026-07-06T01:37:01+0200,947116b8-3478-48df-97c2-9d19820fe5c0,2026-06-19T14:00:00Z,2026-06-19T16:00:00+0200,901.87,MW,DE,DE_LU,forecast_offshore_wind_generation,Wind Offshore,2026-07-05T23:38:26Z
2026-07-05T23:37:01Z,2026-07-06T01:37:01+0200,947116b8-3478-48df-97c2-9d19820fe5c0,2026-06-19T14:15:00Z,2026-06-19T16:15:00+0200,950.7,MW,DE,DE_LU,forecast_offshore_wind_generation,Wind Offshore,2026-07-05T23:38:26Z
2026-07-05T23:37:01Z,2026-07-06T01:37:01+0200,947116b8-3478-48df-97c2-9d19820fe5c0,2026-06-19T14:30:00Z,2026-06-19T16:30:00+0200,997.51,MW,DE,DE_LU,forecast_offshore_wind_generation,Wind Offshore,2026-07-05T23:38:26Z
2026-07-05T23:37:01Z,2026-07-06T01:37:01+0200,947116b8-3478-48df-97c2-9d19820fe5c0,2026-06-19T14:45:00Z,2026-06-19T16:45:00+0200,1041.82,MW,DE,DE_LU,forecast_offshore_wind_generation,Wind Offshore,2026-07-05T23:38:26Z
2026-07-05T23:37:01Z,2026-07-06T01:37:01+0200,947116b8-3478-48df-97c2-9d19820fe5c0,2026-06-19T15:00:00Z,2026-06-19T17:00:00+0200,1098.26,MW,DE,DE_LU,forecast_offshore_wind_generation,Wind Offshore,2026-07-05T23:38:26Z
2026-07-05T23:37:01Z,2026-07-06T01:37:01+0200,947116b8-3478-48df-97c2-9d19820fe5c0,2026-06-19T15:15:00Z,2026-06-19T17:15:00+0200,1181.16,MW,DE,DE_LU,forecast_offshore_wind_generation,Wind Offshore,2026-07-05T23:38:26Z
2026-07-05T23:37:01Z,2026-07-06T01:37:01+0200,947116b8-3478-48df-97c2-9d19820fe5c0,2026-06-19T15:30:00Z,2026-06-19T17:30:00+0200,1251.1,MW,DE,DE_LU,forecast_offshore_wind_generation,Wind Offshore,2026-07-05T23:38:26Z
2026-07-05T23:37:01Z,2026-07-06T01:37:01+0200,947116b8-3478-48df-97c2-9d19820fe5c0,2026-06-19T15:45:00Z,2026-06-19T17:45:00+0200,1359.33,MW,DE,DE_LU,forecast_offshore_wind_generation,Wind Offshore,2026-07-05T23:38:26Z
2026-07-05T23:37:01Z,2026-07-06T01:37:01+0200,947116b8-3478-48df-97c2-9d19820fe5c0,2026-06-19T16:00:00Z,2026-06-19T18:00:00+0200,1448.14,MW,DE,DE_LU,forecast_offshore_wind_generation,Wind Offshore,2026-07-05T23:38:26Z
2026-07-05T23:37:01Z,2026-07-06T01:37:01+0200,947116b8-3478-48df-97c2-9d19820fe5c0,2026-06-19T16:15:00Z,2026-06-19T18:15:00+0200,1599.51,MW,DE,DE_LU,forecast_offshore_wind_generation,Wind Offshore,2026-07-05T23:38:26Z
2026-07-05T23:37:01Z,2026-07-06T01:37:01+0200,947116b8-3478-48df-97c2-9d19820fe5c0,2026-06-19T16:30:00Z,2026-06-19T18:30:00+0200,1758.48,MW,DE,DE_LU,forecast_offshore_wind_generation,Wind Offshore,2026-07-05T23:38:26Z
2026-07-05T23:37:01Z,2026-07-06T01:37:01+0200,947116b8-3478-48df-97c2-9d19820fe5c0,2026-06-19T16:45:00Z,2026-06-19T18:45:00+0200,1899.6,MW,DE,DE_LU,forecast_offshore_wind_generation,Wind Offshore,2026-07-05T23:38:26Z
2026-07-05T23:37:01Z,2026-07-06T01:37:01+0200,947116b8-3478-48df-97c2-9d19820fe5c0,2026-06-19T17:00:00Z,2026-06-19T19:00:00+0200,1996.35,MW,DE,DE_LU,forecast_offshore_wind_generation,Wind Offshore,2026-07-05T23:38:26Z
2026-07-05T23:37:01Z,2026-07-06T01:37:01+0200,947116b8-3478-48df-97c2-9d19820fe5c0,2026-06-19T17:15:00Z,2026-06-19T19:15:00+0200,2134.22,MW,DE,DE_LU,forecast_offshore_wind_generation,Wind Offshore,2026-07-05T23:38:26Z
2026-07-05T23:37:01Z,2026-07-06T01:37:01+0200,947116b8-3478-48df-97c2-9d19820fe5c0,2026-06-19T17:30:00Z,2026-06-19T19:30:00+0200,2248.31,MW,DE,DE_LU,forecast_offshore_wind_generation,Wind Offshore,2026-07-05T23:38:26Z
2026-07-05T23:37:01Z,2026-07-06T01:37:01+0200,947116b8-3478-48df-97c2-9d19820fe5c0,2026-06-19T17:45:00Z,2026-06-19T19:45:00+0200,2355.03,MW,DE,DE_LU,forecast_offshore_wind_generation,Wind Offshore,2026-07-05T23:38:26Z
2026-07-05T23:37:01Z,2026-07-06T01:37:01+0200,947116b8-3478-48df-97c2-9d19820fe5c0,2026-06-19T18:00:00Z,2026-06-19T20:00:00+0200,2403.6,MW,DE,DE_LU,forecast_offshore_wind_generation,Wind Offshore,2026-07-05T23:38:26Z
2026-07-05T23:37:01Z,2026-07-06T01:37:01+0200,947116b8-3478-48df-97c2-9d19820fe5c0,2026-06-19T18:15:00Z,2026-06-19T20:15:00+0200,2387.73,MW,DE,DE_LU,forecast_offshore_wind_generation,Wind Offshore,2026-07-05T23:38:26Z
2026-07-05T23:37:01Z,2026-07-06T01:37:01+0200,947116b8-3478-48df-97c2-9d19820fe5c0,2026-06-19T18:30:00Z,2026-06-19T20:30:00+0200,2365.63,MW,DE,DE_LU,forecast_offshore_wind_generation,Wind Offshore,2026-07-05T23:38:26Z
2026-07-05T23:37:01Z,2026-07-06T01:37:01+0200,947116b8-3478-48df-97c2-9d19820fe5c0,2026-06-19T18:45:00Z,2026-06-19T20:45:00+0200,2333.08,MW,DE,DE_LU,forecast_offshore_wind_generation,Wind Offshore,2026-07-05T23:38:26Z
2026-07-05T23:37:01Z,2026-07-06T01:37:01+0200,947116b8-3478-48df-97c2-9d19820fe5c0,2026-06-19T19:00:00Z,2026-06-19T21:00:00+0200,2307.64,MW,DE,DE_LU,forecast_offshore_wind_generation,Wind Offshore,2026-07-05T23:38:26Z
2026-07-05T23:37:01Z,2026-07-06T01:37:01+0200,947116b8-3478-48df-97c2-9d19820fe5c0,2026-06-19T19:15:00Z,2026-06-19T21:15:00+0200,2276.93,MW,DE,DE_LU,forecast_offshore_wind_generation,Wind Offshore,2026-07-05T23:38:26Z
2026-07-05T23:37:01Z,2026-07-06T01:37:01+0200,947116b8-3478-48df-97c2-9d19820fe5c0,2026-06-19T19:30:00Z,2026-06-19T21:30:00+0200,2256.27,MW,DE,DE_LU,forecast_offshore_wind_generation,Wind Offshore,2026-07-05T23:38:26Z
2026-07-05T23:37:01Z,2026-07-06T01:37:01+0200,947116b8-3478-48df-97c2-9d19820fe5c0,2026-06-19T19:45:00Z,2026-06-19T21:45:00+0200,2230.5,MW,DE,DE_LU,forecast_offshore_wind_generation,Wind Offshore,2026-07-05T23:38:26Z
2026-07-05T23:37:01Z,2026-07-06T01:37:01+0200,947116b8-3478-48df-97c2-9d19820fe5c0,2026-06-19T20:00:00Z,2026-06-19T22:00:00+0200,2192.78,MW,DE,DE_LU,forecast_offshore_wind_generation,Wind Offshore,2026-07-05T23:38:26Z
2026-07-05T23:37:01Z,2026-07-06T01:37:01+0200,947116b8-3478-48df-97c2-9d19820fe5c0,2026-06-19T20:15:00Z,2026-06-19T22:15:00+0200,2182.49,MW,DE,DE_LU,forecast_offshore_wind_generation,Wind Offshore,2026-07-05T23:38:26Z
2026-07-05T23:37:01Z,2026-07-06T01:37:01+0200,947116b8-3478-48df-97c2-9d19820fe5c0,2026-06-19T20:30:00Z,2026-06-19T22:30:00+0200,2163.19,MW,DE,DE_LU,forecast_offshore_wind_generation,Wind Offshore,2026-07-05T23:38:26Z
2026-07-05T23:37:01Z,2026-07-06T01:37:01+0200,947116b8-3478-48df-97c2-9d19820fe5c0,2026-06-19T20:45:00Z,2026-06-19T22:45:00+0200,2147.82,MW,DE,DE_LU,forecast_offshore_wind_generation,Wind Offshore,2026-07-05T23:38:26Z
2026-07-05T23:37:01Z,2026-07-06T01:37:01+0200,947116b8-3478-48df-97c2-9d19820fe5c0,2026-06-19T21:00:00Z,2026-06-19T23:00:00+0200,2122.15,MW,DE,DE_LU,forecast_offshore_wind_generation,Wind Offshore,2026-07-05T23:38:26Z
2026-07-05T23:37:01Z,2026-07-06T01:37:01+0200,947116b8-3478-48df-97c2-9d19820fe5c0,2026-06-19T21:15:00Z,2026-06-19T23:15:00+0200,2091.62,MW,DE,DE_LU,forecast_offshore_wind_generation,Wind Offshore,2026-07-05T23:38:26Z
2026-07-05T23:37:01Z,2026-07-06T01:37:01+0200,947116b8-3478-48df-97c2-9d19820fe5c0,2026-06-19T21:30:00Z,2026-06-19T23:30:00+0200,2062.02,MW,DE,DE_LU,forecast_offshore_wind_generation,Wind Offshore,2026-07-05T23:38:26Z
2026-07-05T23:37:01Z,2026-07-06T01:37:01+0200,947116b8-3478-48df-97c2-9d19820fe5c0,2026-06-19T21:45:00Z,2026-06-19T23:45:00+0200,2029.67,MW,DE,DE_LU,forecast_offshore_wind_generation,Wind Offshore,2026-07-05T23:38:26Z
2026-07-05T23:37:01Z,2026-07-06T01:37:01+0200,947116b8-3478-48df-97c2-9d19820fe5c0,2026-06-19T22:00:00Z,2026-06-20T00:00:00+0200,2093.7,MW,DE,DE_LU,forecast_offshore_wind_generation,Wind Offshore,2026-07-05T23:38:26Z
2026-07-05T23:37:01Z,2026-07-06T01:37:01+0200,947116b8-3478-48df-97c2-9d19820fe5c0,2026-06-19T22:15:00Z,2026-06-20T00:15:00+0200,2043.34,MW,DE,DE_LU,forecast_offshore_wind_generation,Wind Offshore,2026-07-05T23:38:26Z
2026-07-05T23:37:01Z,2026-07-06T01:37:01+0200,947116b8-3478-48df-97c2-9d19820fe5c0,2026-06-19T22:30:00Z,2026-06-20T00:30:00+0200,1990.87,MW,DE,DE_LU,forecast_offshore_wind_generation,Wind Offshore,2026-07-05T23:38:26Z
2026-07-05T23:37:01Z,2026-07-06T01:37:01+0200,947116b8-3478-48df-97c2-9d19820fe5c0,2026-06-19T22:45:00Z,2026-06-20T00:45:00+0200,1940.67,MW,DE,DE_LU,forecast_offshore_wind_generation,Wind Offshore,2026-07-05T23:38:26Z
2026-07-05T23:37:01Z,2026-07-06T01:37:01+0200,947116b8-3478-48df-97c2-9d19820fe5c0,2026-06-19T23:00:00Z,2026-06-20T01:00:00+0200,1858.85,MW,DE,DE_LU,forecast_offshore_wind_generation,Wind Offshore,2026-07-05T23:38:26Z
2026-07-05T23:37:01Z,2026-07-06T01:37:01+0200,947116b8-3478-48df-97c2-9d19820fe5c0,2026-06-19T23:15:00Z,2026-06-20T01:15:00+0200,1833.11,MW,DE,DE_LU,forecast_offshore_wind_generation,Wind Offshore,2026-07-05T23:38:26Z
2026-07-05T23:37:01Z,2026-07-06T01:37:01+0200,947116b8-3478-48df-97c2-9d19820fe5c0,2026-06-19T23:30:00Z,2026-06-20T01:30:00+0200,1797.71,MW,DE,DE_LU,forecast_offshore_wind_generation,Wind Offshore,2026-07-05T23:38:26Z
2026-07-05T23:37:01Z,2026-07-06T01:37:01+0200,947116b8-3478-48df-97c2-9d19820fe5c0,2026-06-19T23:45:00Z,2026-06-20T01:45:00+0200,1758.34,MW,DE,DE_LU,forecast_offshore_wind_generation,Wind Offshore,2026-07-05T23:38:26Z
2026-07-05T23:37:01Z,2026-07-06T01:37:01+0200,947116b8-3478-48df-97c2-9d19820fe5c0,2026-06-20T00:00:00Z,2026-06-20T02:00:00+0200,1720.77,MW,DE,DE_LU,forecast_offshore_wind_generation,Wind Offshore,2026-07-05T23:38:26Z
2026-07-05T23:37:01Z,2026-07-06T01:37:01+0200,947116b8-3478-48df-97c2-9d19820fe5c0,2026-06-20T00:15:00Z,2026-06-20T02:15:00+0200,1651.4,MW,DE,DE_LU,forecast_offshore_wind_generation,Wind Offshore,2026-07-05T23:38:26Z
2026-07-05T23:37:01Z,2026-07-06T01:37:01+0200,947116b8-3478-48df-97c2-9d19820fe5c0,2026-06-20T00:30:00Z,2026-06-20T02:30:00+0200,1581.97,MW,DE,DE_LU,forecast_offshore_wind_generation,Wind Offshore,2026-07-05T23:38:26Z
2026-07-05T23:37:01Z,2026-07-06T01:37:01+0200,947116b8-3478-48df-97c2-9d19820fe5c0,2026-06-20T00:45:00Z,2026-06-20T02:45:00+0200,1504.58,MW,DE,DE_LU,forecast_offshore_wind_generation,Wind Offshore,2026-07-05T23:38:26Z
2026-07-05T23:37:01Z,2026-07-06T01:37:01+0200,947116b8-3478-48df-97c2-9d19820fe5c0,2026-06-20T01:00:00Z,2026-06-20T03:00:00+0200,1433.13,MW,DE,DE_LU,forecast_offshore_wind_generation,Wind Offshore,2026-07-05T23:38:26Z
2026-07-05T23:37:01Z,2026-07-06T01:37:01+0200,947116b8-3478-48df-97c2-9d19820fe5c0,2026-06-20T01:15:00Z,2026-06-20T03:15:00+0200,1399.8,MW,DE,DE_LU,forecast_offshore_wind_generation,Wind Offshore,2026-07-05T23:38:26Z
2026-07-05T23:37:01Z,2026-07-06T01:37:01+0200,947116b8-3478-48df-97c2-9d19820fe5c0,2026-06-20T01:30:00Z,2026-06-20T03:30:00+0200,1358.67,MW,DE,DE_LU,forecast_offshore_wind_generation,Wind Offshore,2026-07-05T23:38:26Z
2026-07-05T23:37:01Z,2026-07-06T01:37:01+0200,947116b8-3478-48df-97c2-9d19820fe5c0,2026-06-20T01:45:00Z,2026-06-20T03:45:00+0200,1328.21,MW,DE,DE_LU,forecast_offshore_wind_generation,Wind Offshore,2026-07-05T23:38:26Z
2026-07-05T23:37:01Z,2026-07-06T01:37:01+0200,947116b8-3478-48df-97c2-9d19820fe5c0,2026-06-20T02:00:00Z,2026-06-20T04:00:00+0200,1295.69,MW,DE,DE_LU,forecast_offshore_wind_generation,Wind Offshore,2026-07-05T23:38:26Z
2026-07-05T23:37:01Z,2026-07-06T01:37:01+0200,947116b8-3478-48df-97c2-9d19820fe5c0,2026-06-20T02:15:00Z,2026-06-20T04:15:00+0200,1287.44,MW,DE,DE_LU,forecast_offshore_wind_generation,Wind Offshore,2026-07-05T23:38:26Z
2026-07-05T23:37:01Z,2026-07-06T01:37:01+0200,947116b8-3478-48df-97c2-9d19820fe5c0,2026-06-20T02:30:00Z,2026-06-20T04:30:00+0200,1277.21,MW,DE,DE_LU,forecast_offshore_wind_generation,Wind Offshore,2026-07-05T23:38:26Z
2026-07-05T23:37:01Z,2026-07-06T01:37:01+0200,947116b8-3478-48df-97c2-9d19820fe5c0,2026-06-20T02:45:00Z,2026-06-20T04:45:00+0200,1271.15,MW,DE,DE_LU,forecast_offshore_wind_generation,Wind Offshore,2026-07-05T23:38:26Z
2026-07-05T23:37:01Z,2026-07-06T01:37:01+0200,947116b8-3478-48df-97c2-9d19820fe5c0,2026-06-20T03:00:00Z,2026-06-20T05:00:00+0200,1275.23,MW,DE,DE_LU,forecast_offshore_wind_generation,Wind Offshore,2026-07-05T23:38:26Z
2026-07-05T23:37:01Z,2026-07-06T01:37:01+0200,947116b8-3478-48df-97c2-9d19820fe5c0,2026-06-20T03:15:00Z,2026-06-20T05:15:00+0200,1314.23,MW,DE,DE_LU,forecast_offshore_wind_generation,Wind Offshore,2026-07-05T23:38:26Z
2026-07-05T23:37:01Z,2026-07-06T01:37:01+0200,947116b8-3478-48df-97c2-9d19820fe5c0,2026-06-20T03:30:00Z,2026-06-20T05:30:00+0200,1352.37,MW,DE,DE_LU,forecast_offshore_wind_generation,Wind Offshore,2026-07-05T23:38:26Z
2026-07-05T23:37:01Z,2026-07-06T01:37:01+0200,947116b8-3478-48df-97c2-9d19820fe5c0,2026-06-20T03:45:00Z,2026-06-20T05:45:00+0200,1390.85,MW,DE,DE_LU,forecast_offshore_wind_generation,Wind Offshore,2026-07-05T23:38:26Z
2026-07-05T23:37:01Z,2026-07-06T01:37:01+0200,947116b8-3478-48df-97c2-9d19820fe5c0,2026-06-20T04:00:00Z,2026-06-20T06:00:00+0200,1420.14,MW,DE,DE_LU,forecast_offshore_wind_generation,Wind Offshore,2026-07-05T23:38:26Z
2026-07-05T23:37:01Z,2026-07-06T01:37:01+0200,947116b8-3478-48df-97c2-9d19820fe5c0,2026-06-20T04:15:00Z,2026-06-20T06:15:00+0200,1449.34,MW,DE,DE_LU,forecast_offshore_wind_generation,Wind Offshore,2026-07-05T23:38:26Z
2026-07-05T23:37:01Z,2026-07-06T01:37:01+0200,947116b8-3478-48df-97c2-9d19820fe5c0,2026-06-20T04:30:00Z,2026-06-20T06:30:00+0200,1481.51,MW,DE,DE_LU,forecast_offshore_wind_generation,Wind Offshore,2026-07-05T23:38:26Z
2026-07-05T23:37:01Z,2026-07-06T01:37:01+0200,947116b8-3478-48df-97c2-9d19820fe5c0,2026-06-20T04:45:00Z,2026-06-20T06:45:00+0200,1500.11,MW,DE,DE_LU,forecast_offshore_wind_generation,Wind Offshore,2026-07-05T23:38:26Z
2026-07-05T23:37:01Z,2026-07-06T01:37:01+0200,947116b8-3478-48df-97c2-9d19820fe5c0,2026-06-20T05:00:00Z,2026-06-20T07:00:00+0200,1522.82,MW,DE,DE_LU,forecast_offshore_wind_generation,Wind Offshore,2026-07-05T23:38:26Z
2026-07-05T23:37:01Z,2026-07-06T01:37:01+0200,947116b8-3478-48df-97c2-9d19820fe5c0,2026-06-20T05:15:00Z,2026-06-20T07:15:00+0200,1551.45,MW,DE,DE_LU,forecast_offshore_wind_generation,Wind Offshore,2026-07-05T23:38:26Z
2026-07-05T23:37:01Z,2026-07-06T01:37:01+0200,947116b8-3478-48df-97c2-9d19820fe5c0,2026-06-20T05:30:00Z,2026-06-20T07:30:00+0200,1572.08,MW,DE,DE_LU,forecast_offshore_wind_generation,Wind Offshore,2026-07-05T23:38:26Z
2026-07-05T23:37:01Z,2026-07-06T01:37:01+0200,947116b8-3478-48df-97c2-9d19820fe5c0,2026-06-20T05:45:00Z,2026-06-20T07:45:00+0200,1601.23,MW,DE,DE_LU,forecast_offshore_wind_generation,Wind Offshore,2026-07-05T23:38:26Z
2026-07-05T23:37:01Z,2026-07-06T01:37:01+0200,947116b8-3478-48df-97c2-9d19820fe5c0,2026-06-20T06:00:00Z,2026-06-20T08:00:00+0200,1626.38,MW,DE,DE_LU,forecast_offshore_wind_generation,Wind Offshore,2026-07-05T23:38:26Z
2026-07-05T23:37:01Z,2026-07-06T01:37:01+0200,947116b8-3478-48df-97c2-9d19820fe5c0,2026-06-20T06:15:00Z,2026-06-20T08:15:00+0200,1626.17,MW,DE,DE_LU,forecast_offshore_wind_generation,Wind Offshore,2026-07-05T23:38:26Z
2026-07-05T23:37:01Z,2026-07-06T01:37:01+0200,947116b8-3478-48df-97c2-9d19820fe5c0,2026-06-20T06:30:00Z,2026-06-20T08:30:00+0200,1636.97,MW,DE,DE_LU,forecast_offshore_wind_generation,Wind Offshore,2026-07-05T23:38:26Z
2026-07-05T23:37:01Z,2026-07-06T01:37:01+0200,947116b8-3478-48df-97c2-9d19820fe5c0,2026-06-20T06:45:00Z,2026-06-20T08:45:00+0200,1643.64,MW,DE,DE_LU,forecast_offshore_wind_generation,Wind Offshore,2026-07-05T23:38:26Z
2026-07-05T23:37:01Z,2026-07-06T01:37:01+0200,947116b8-3478-48df-97c2-9d19820fe5c0,2026-06-20T07:00:00Z,2026-06-20T09:00:00+0200,1625.38,MW,DE,DE_LU,forecast_offshore_wind_generation,Wind Offshore,2026-07-05T23:38:26Z
2026-07-05T23:37:01Z,2026-07-06T01:37:01+0200,947116b8-3478-48df-97c2-9d19820fe5c0,2026-06-20T07:15:00Z,2026-06-20T09:15:00+0200,1615.24,MW,DE,DE_LU,forecast_offshore_wind_generation,Wind Offshore,2026-07-05T23:38:26Z
2026-07-05T23:37:01Z,2026-07-06T01:37:01+0200,947116b8-3478-48df-97c2-9d19820fe5c0,2026-06-20T07:30:00Z,2026-06-20T09:30:00+0200,1599.73,MW,DE,DE_LU,forecast_offshore_wind_generation,Wind Offshore,2026-07-05T23:38:26Z
2026-07-05T23:37:01Z,2026-07-06T01:37:01+0200,947116b8-3478-48df-97c2-9d19820fe5c0,2026-06-20T07:45:00Z,2026-06-20T09:45:00+0200,1584.3,MW,DE,DE_LU,forecast_offshore_wind_generation,Wind Offshore,2026-07-05T23:38:26Z
2026-07-05T23:37:01Z,2026-07-06T01:37:01+0200,947116b8-3478-48df-97c2-9d19820fe5c0,2026-06-20T08:00:00Z,2026-06-20T10:00:00+0200,1564.28,MW,DE,DE_LU,forecast_offshore_wind_generation,Wind Offshore,2026-07-05T23:38:26Z
2026-07-05T23:37:01Z,2026-07-06T01:37:01+0200,947116b8-3478-48df-97c2-9d19820fe5c0,2026-06-20T08:15:00Z,2026-06-20T10:15:00+0200,1536.45,MW,DE,DE_LU,forecast_offshore_wind_generation,Wind Offshore,2026-07-05T23:38:26Z
2026-07-05T23:37:01Z,2026-07-06T01:37:01+0200,947116b8-3478-48df-97c2-9d19820fe5c0,2026-06-20T08:30:00Z,2026-06-20T10:30:00+0200,1502.32,MW,DE,DE_LU,forecast_offshore_wind_generation,Wind Offshore,2026-07-05T23:38:26Z
2026-07-05T23:37:01Z,2026-07-06T01:37:01+0200,947116b8-3478-48df-97c2-9d19820fe5c0,2026-06-20T08:45:00Z,2026-06-20T10:45:00+0200,1473.76,MW,DE,DE_LU,forecast_offshore_wind_generation,Wind Offshore,2026-07-05T23:38:26Z
2026-07-05T23:37:01Z,2026-07-06T01:37:01+0200,947116b8-3478-48df-97c2-9d19820fe5c0,2026-06-20T09:00:00Z,2026-06-20T11:00:00+0200,1428.74,MW,DE,DE_LU,forecast_offshore_wind_generation,Wind Offshore,2026-07-05T23:38:26Z
2026-07-05T23:37:01Z,2026-07-06T01:37:01+0200,947116b8-3478-48df-97c2-9d19820fe5c0,2026-06-20T09:15:00Z,2026-06-20T11:15:00+0200,1419.0,MW,DE,DE_LU,forecast_offshore_wind_generation,Wind Offshore,2026-07-05T23:38:26Z
2026-07-05T23:37:01Z,2026-07-06T01:37:01+0200,947116b8-3478-48df-97c2-9d19820fe5c0,2026-06-20T09:30:00Z,2026-06-20T11:30:00+0200,1380.28,MW,DE,DE_LU,forecast_offshore_wind_generation,Wind Offshore,2026-07-05T23:38:26Z
2026-07-05T23:37:01Z,2026-07-06T01:37:01+0200,947116b8-3478-48df-97c2-9d19820fe5c0,2026-06-20T09:45:00Z,2026-06-20T11:45:00+0200,1364.21,MW,DE,DE_LU,forecast_offshore_wind_generation,Wind Offshore,2026-07-05T23:38:26Z
2026-07-05T23:37:01Z,2026-07-06T01:37:01+0200,947116b8-3478-48df-97c2-9d19820fe5c0,2026-06-20T10:00:00Z,2026-06-20T12:00:00+0200,1355.31,MW,DE,DE_LU,forecast_offshore_wind_generation,Wind Offshore,2026-07-05T23:38:26Z
2026-07-05T23:37:01Z,2026-07-06T01:37:01+0200,947116b8-3478-48df-97c2-9d19820fe5c0,2026-06-20T10:15:00Z,2026-06-20T12:15:00+0200,1343.87,MW,DE,DE_LU,forecast_offshore_wind_generation,Wind Offshore,2026-07-05T23:38:26Z
2026-07-05T23:37:01Z,2026-07-06T01:37:01+0200,947116b8-3478-48df-97c2-9d19820fe5c0,2026-06-20T10:30:00Z,2026-06-20T12:30:00+0200,1333.63,MW,DE,DE_LU,forecast_offshore_wind_generation,Wind Offshore,2026-07-05T23:38:26Z
2026-07-05T23:37:01Z,2026-07-06T01:37:01+0200,947116b8-3478-48df-97c2-9d19820fe5c0,2026-06-20T10:45:00Z,2026-06-20T12:45:00+0200,1320.49,MW,DE,DE_LU,forecast_offshore_wind_generation,Wind Offshore,2026-07-05T23:38:26Z
2026-07-05T23:37:01Z,2026-07-06T01:37:01+0200,947116b8-3478-48df-97c2-9d19820fe5c0,2026-06-20T11:00:00Z,2026-06-20T13:00:00+0200,1313.71,MW,DE,DE_LU,forecast_offshore_wind_generation,Wind Offshore,2026-07-05T23:38:26Z
2026-07-05T23:37:01Z,2026-07-06T01:37:01+0200,947116b8-3478-48df-97c2-9d19820fe5c0,2026-06-20T11:15:00Z,2026-06-20T13:15:00+0200,1321.91,MW,DE,DE_LU,forecast_offshore_wind_generation,Wind Offshore,2026-07-05T23:38:26Z
2026-07-05T23:37:01Z,2026-07-06T01:37:01+0200,947116b8-3478-48df-97c2-9d19820fe5c0,2026-06-20T11:30:00Z,2026-06-20T13:30:00+0200,1317.33,MW,DE,DE_LU,forecast_offshore_wind_generation,Wind Offshore,2026-07-05T23:38:26Z
2026-07-05T23:37:01Z,2026-07-06T01:37:01+0200,947116b8-3478-48df-97c2-9d19820fe5c0,2026-06-20T11:45:00Z,2026-06-20T13:45:00+0200,1324.18,MW,DE,DE_LU,forecast_offshore_wind_generation,Wind Offshore,2026-07-05T23:38:26Z
2026-07-05T23:37:01Z,2026-07-06T01:37:01+0200,947116b8-3478-48df-97c2-9d19820fe5c0,2026-06-20T12:00:00Z,2026-06-20T14:00:00+0200,1316.87,MW,DE,DE_LU,forecast_offshore_wind_generation,Wind Offshore,2026-07-05T23:38:26Z
2026-07-05T23:37:01Z,2026-07-06T01:37:01+0200,947116b8-3478-48df-97c2-9d19820fe5c0,2026-06-20T12:15:00Z,2026-06-20T14:15:00+0200,1322.3,MW,DE,DE_LU,forecast_offshore_wind_generation,Wind Offshore,2026-07-05T23:38:26Z
2026-07-05T23:37:01Z,2026-07-06T01:37:01+0200,947116b8-3478-48df-97c2-9d19820fe5c0,2026-06-20T12:30:00Z,2026-06-20T14:30:00+0200,1335.57,MW,DE,DE_LU,forecast_offshore_wind_generation,Wind Offshore,2026-07-05T23:38:26Z
2026-07-05T23:37:01Z,2026-07-06T01:37:01+0200,947116b8-3478-48df-97c2-9d19820fe5c0,2026-06-20T12:45:00Z,2026-06-20T14:45:00+0200,1344.96,MW,DE,DE_LU,forecast_offshore_wind_generation,Wind Offshore,2026-07-05T23:38:26Z
2026-07-05T23:37:01Z,2026-07-06T01:37:01+0200,947116b8-3478-48df-97c2-9d19820fe5c0,2026-06-20T13:00:00Z,2026-06-20T15:00:00+0200,1350.98,MW,DE,DE_LU,forecast_offshore_wind_generation,Wind Offshore,2026-07-05T23:38:26Z
2026-07-05T23:37:01Z,2026-07-06T01:37:01+0200,947116b8-3478-48df-97c2-9d19820fe5c0,2026-06-20T13:15:00Z,2026-06-20T15:15:00+0200,1362.69,MW,DE,DE_LU,forecast_offshore_wind_generation,Wind Offshore,2026-07-05T23:38:26Z
2026-07-05T23:37:01Z,2026-07-06T01:37:01+0200,947116b8-3478-48df-97c2-9d19820fe5c0,2026-06-20T13:30:00Z,2026-06-20T15:30:00+0200,1363.62,MW,DE,DE_LU,forecast_offshore_wind_generation,Wind Offshore,2026-07-05T23:38:26Z
2026-07-05T23:37:01Z,2026-07-06T01:37:01+0200,947116b8-3478-48df-97c2-9d19820fe5c0,2026-06-20T13:45:00Z,2026-06-20T15:45:00+0200,1363.48,MW,DE,DE_LU,forecast_offshore_wind_generation,Wind Offshore,2026-07-05T23:38:26Z
2026-07-05T23:37:01Z,2026-07-06T01:37:01+0200,947116b8-3478-48df-97c2-9d19820fe5c0,2026-06-20T14:00:00Z,2026-06-20T16:00:00+0200,1361.32,MW,DE,DE_LU,forecast_offshore_wind_generation,Wind Offshore,2026-07-05T23:38:26Z
2026-07-05T23:37:01Z,2026-07-06T01:37:01+0200,947116b8-3478-48df-97c2-9d19820fe5c0,2026-06-20T14:15:00Z,2026-06-20T16:15:00+0200,1354.23,MW,DE,DE_LU,forecast_offshore_wind_generation,Wind Offshore,2026-07-05T23:38:26Z
2026-07-05T23:37:01Z,2026-07-06T01:37:01+0200,947116b8-3478-48df-97c2-9d19820fe5c0,2026-06-20T14:30:00Z,2026-06-20T16:30:00+0200,1339.66,MW,DE,DE_LU,forecast_offshore_wind_generation,Wind Offshore,2026-07-05T23:38:26Z
2026-07-05T23:37:01Z,2026-07-06T01:37:01+0200,947116b8-3478-48df-97c2-9d19820fe5c0,2026-06-20T14:45:00Z,2026-06-20T16:45:00+0200,1331.73,MW,DE,DE_LU,forecast_offshore_wind_generation,Wind Offshore,2026-07-05T23:38:26Z
2026-07-05T23:37:01Z,2026-07-06T01:37:01+0200,947116b8-3478-48df-97c2-9d19820fe5c0,2026-06-20T15:00:00Z,2026-06-20T17:00:00+0200,1311.6,MW,DE,DE_LU,forecast_offshore_wind_generation,Wind Offshore,2026-07-05T23:38:26Z
2026-07-05T23:37:01Z,2026-07-06T01:37:01+0200,947116b8-3478-48df-97c2-9d19820fe5c0,2026-06-20T15:15:00Z,2026-06-20T17:15:00+0200,1272.68,MW,DE,DE_LU,forecast_offshore_wind_generation,Wind Offshore,2026-07-05T23:38:26Z
2026-07-05T23:37:01Z,2026-07-06T01:37:01+0200,947116b8-3478-48df-97c2-9d19820fe5c0,2026-06-20T15:30:00Z,2026-06-20T17:30:00+0200,1230.74,MW,DE,DE_LU,forecast_offshore_wind_generation,Wind Offshore,2026-07-05T23:38:26Z
2026-07-05T23:37:01Z,2026-07-06T01:37:01+0200,947116b8-3478-48df-97c2-9d19820fe5c0,2026-06-20T15:45:00Z,2026-06-20T17:45:00+0200,1189.94,MW,DE,DE_LU,forecast_offshore_wind_generation,Wind Offshore,2026-07-05T23:38:26Z
2026-07-05T23:37:01Z,2026-07-06T01:37:01+0200,947116b8-3478-48df-97c2-9d19820fe5c0,2026-06-20T16:00:00Z,2026-06-20T18:00:00+0200,1144.83,MW,DE,DE_LU,forecast_offshore_wind_generation,Wind Offshore,2026-07-05T23:38:26Z
2026-07-05T23:37:01Z,2026-07-06T01:37:01+0200,947116b8-3478-48df-97c2-9d19820fe5c0,2026-06-20T16:15:00Z,2026-06-20T18:15:00+0200,1102.8,MW,DE,DE_LU,forecast_offshore_wind_generation,Wind Offshore,2026-07-05T23:38:26Z
2026-07-05T23:37:01Z,2026-07-06T01:37:01+0200,947116b8-3478-48df-97c2-9d19820fe5c0,2026-06-20T16:30:00Z,2026-06-20T18:30:00+0200,1058.53,MW,DE,DE_LU,forecast_offshore_wind_generation,Wind Offshore,2026-07-05T23:38:26Z
2026-07-05T23:37:01Z,2026-07-06T01:37:01+0200,947116b8-3478-48df-97c2-9d19820fe5c0,2026-06-20T16:45:00Z,2026-06-20T18:45:00+0200,1017.73,MW,DE,DE_LU,forecast_offshore_wind_generation,Wind Offshore,2026-07-05T23:38:26Z
2026-07-05T23:37:01Z,2026-07-06T01:37:01+0200,947116b8-3478-48df-97c2-9d19820fe5c0,2026-06-20T17:00:00Z,2026-06-20T19:00:00+0200,985.38,MW,DE,DE_LU,forecast_offshore_wind_generation,Wind Offshore,2026-07-05T23:38:26Z
2026-07-05T23:37:01Z,2026-07-06T01:37:01+0200,947116b8-3478-48df-97c2-9d19820fe5c0,2026-06-20T17:15:00Z,2026-06-20T19:15:00+0200,925.33,MW,DE,DE_LU,forecast_offshore_wind_generation,Wind Offshore,2026-07-05T23:38:26Z
2026-07-05T23:37:01Z,2026-07-06T01:37:01+0200,947116b8-3478-48df-97c2-9d19820fe5c0,2026-06-20T17:30:00Z,2026-06-20T19:30:00+0200,852.73,MW,DE,DE_LU,forecast_offshore_wind_generation,Wind Offshore,2026-07-05T23:38:26Z
2026-07-05T23:37:01Z,2026-07-06T01:37:01+0200,947116b8-3478-48df-97c2-9d19820fe5c0,2026-06-20T17:45:00Z,2026-06-20T19:45:00+0200,782.26,MW,DE,DE_LU,forecast_offshore_wind_generation,Wind Offshore,2026-07-05T23:38:26Z
2026-07-05T23:37:01Z,2026-07-06T01:37:01+0200,947116b8-3478-48df-97c2-9d19820fe5c0,2026-06-20T18:00:00Z,2026-06-20T20:00:00+0200,721.35,MW,DE,DE_LU,forecast_offshore_wind_generation,Wind Offshore,2026-07-05T23:38:26Z
2026-07-05T23:37:01Z,2026-07-06T01:37:01+0200,947116b8-3478-48df-97c2-9d19820fe5c0,2026-06-20T18:15:00Z,2026-06-20T20:15:00+0200,678.12,MW,DE,DE_LU,forecast_offshore_wind_generation,Wind Offshore,2026-07-05T23:38:26Z
2026-07-05T23:37:01Z,2026-07-06T01:37:01+0200,947116b8-3478-48df-97c2-9d19820fe5c0,2026-06-20T18:30:00Z,2026-06-20T20:30:00+0200,635.96,MW,DE,DE_LU,forecast_offshore_wind_generation,Wind Offshore,2026-07-05T23:38:26Z
2026-07-05T23:37:01Z,2026-07-06T01:37:01+0200,947116b8-3478-48df-97c2-9d19820fe5c0,2026-06-20T18:45:00Z,2026-06-20T20:45:00+0200,596.32,MW,DE,DE_LU,forecast_offshore_wind_generation,Wind Offshore,2026-07-05T23:38:26Z
2026-07-05T23:37:01Z,2026-07-06T01:37:01+0200,947116b8-3478-48df-97c2-9d19820fe5c0,2026-06-20T19:00:00Z,2026-06-20T21:00:00+0200,561.8,MW,DE,DE_LU,forecast_offshore_wind_generation,Wind Offshore,2026-07-05T23:38:26Z
2026-07-05T23:37:01Z,2026-07-06T01:37:01+0200,947116b8-3478-48df-97c2-9d19820fe5c0,2026-06-20T19:15:00Z,2026-06-20T21:15:00+0200,546.34,MW,DE,DE_LU,forecast_offshore_wind_generation,Wind Offshore,2026-07-05T23:38:26Z
2026-07-05T23:37:01Z,2026-07-06T01:37:01+0200,947116b8-3478-48df-97c2-9d19820fe5c0,2026-06-20T19:30:00Z,2026-06-20T21:30:00+0200,533.8,MW,DE,DE_LU,forecast_offshore_wind_generation,Wind Offshore,2026-07-05T23:38:26Z
2026-07-05T23:37:01Z,2026-07-06T01:37:01+0200,947116b8-3478-48df-97c2-9d19820fe5c0,2026-06-20T19:45:00Z,2026-06-20T21:45:00+0200,519.93,MW,DE,DE_LU,forecast_offshore_wind_generation,Wind Offshore,2026-07-05T23:38:26Z
2026-07-05T23:37:01Z,2026-07-06T01:37:01+0200,947116b8-3478-48df-97c2-9d19820fe5c0,2026-06-20T20:00:00Z,2026-06-20T22:00:00+0200,520.75,MW,DE,DE_LU,forecast_offshore_wind_generation,Wind Offshore,2026-07-05T23:38:26Z
2026-07-05T23:37:01Z,2026-07-06T01:37:01+0200,947116b8-3478-48df-97c2-9d19820fe5c0,2026-06-20T20:15:00Z,2026-06-20T22:15:00+0200,536.21,MW,DE,DE_LU,forecast_offshore_wind_generation,Wind Offshore,2026-07-05T23:38:26Z
2026-07-05T23:37:01Z,2026-07-06T01:37:01+0200,947116b8-3478-48df-97c2-9d19820fe5c0,2026-06-20T20:30:00Z,2026-06-20T22:30:00+0200,556.74,MW,DE,DE_LU,forecast_offshore_wind_generation,Wind Offshore,2026-07-05T23:38:26Z
2026-07-05T23:37:01Z,2026-07-06T01:37:01+0200,947116b8-3478-48df-97c2-9d19820fe5c0,2026-06-20T20:45:00Z,2026-06-20T22:45:00+0200,564.41,MW,DE,DE_LU,forecast_offshore_wind_generation,Wind Offshore,2026-07-05T23:38:26Z
2026-07-05T23:37:01Z,2026-07-06T01:37:01+0200,947116b8-3478-48df-97c2-9d19820fe5c0,2026-06-20T21:00:00Z,2026-06-20T23:00:00+0200,584.32,MW,DE,DE_LU,forecast_offshore_wind_generation,Wind Offshore,2026-07-05T23:38:26Z
2026-07-05T23:37:01Z,2026-07-06T01:37:01+0200,947116b8-3478-48df-97c2-9d19820fe5c0,2026-06-20T21:15:00Z,2026-06-20T23:15:00+0200,540.93,MW,DE,DE_LU,forecast_offshore_wind_generation,Wind Offshore,2026-07-05T23:38:26Z
2026-07-05T23:37:01Z,2026-07-06T01:37:01+0200,947116b8-3478-48df-97c2-9d19820fe5c0,2026-06-20T21:30:00Z,2026-06-20T23:30:00+0200,503.71,MW,DE,DE_LU,forecast_offshore_wind_generation,Wind Offshore,2026-07-05T23:38:26Z
2026-07-05T23:37:01Z,2026-07-06T01:37:01+0200,947116b8-3478-48df-97c2-9d19820fe5c0,2026-06-20T21:45:00Z,2026-06-20T23:45:00+0200,480.51,MW,DE,DE_LU,forecast_offshore_wind_generation,Wind Offshore,2026-07-05T23:38:26Z
2026-07-05T23:37:01Z,2026-07-06T01:37:01+0200,947116b8-3478-48df-97c2-9d19820fe5c0,2026-06-20T22:00:00Z,2026-06-21T00:00:00+0200,411.34,MW,DE,DE_LU,forecast_offshore_wind_generation,Wind Offshore,2026-07-05T23:38:26Z
2026-07-05T23:37:01Z,2026-07-06T01:37:01+0200,947116b8-3478-48df-97c2-9d19820fe5c0,2026-06-20T22:15:00Z,2026-06-21T00:15:00+0200,433.85,MW,DE,DE_LU,forecast_offshore_wind_generation,Wind Offshore,2026-07-05T23:38:26Z
2026-07-05T23:37:01Z,2026-07-06T01:37:01+0200,947116b8-3478-48df-97c2-9d19820fe5c0,2026-06-20T22:30:00Z,2026-06-21T00:30:00+0200,457.26,MW,DE,DE_LU,forecast_offshore_wind_generation,Wind Offshore,2026-07-05T23:38:26Z
2026-07-05T23:37:01Z,2026-07-06T01:37:01+0200,947116b8-3478-48df-97c2-9d19820fe5c0,2026-06-20T22:45:00Z,2026-06-21T00:45:00+0200,478.45,MW,DE,DE_LU,forecast_offshore_wind_generation,Wind Offshore,2026-07-05T23:38:26Z
2026-07-05T23:37:01Z,2026-07-06T01:37:01+0200,947116b8-3478-48df-97c2-9d19820fe5c0,2026-06-20T23:00:00Z,2026-06-21T01:00:00+0200,499.02,MW,DE,DE_LU,forecast_offshore_wind_generation,Wind Offshore,2026-07-05T23:38:26Z
2026-07-05T23:37:01Z,2026-07-06T01:37:01+0200,947116b8-3478-48df-97c2-9d19820fe5c0,2026-06-20T23:15:00Z,2026-06-21T01:15:00+0200,507.3,MW,DE,DE_LU,forecast_offshore_wind_generation,Wind Offshore,2026-07-05T23:38:26Z
2026-07-05T23:37:01Z,2026-07-06T01:37:01+0200,947116b8-3478-48df-97c2-9d19820fe5c0,2026-06-20T23:30:00Z,2026-06-21T01:30:00+0200,518.3,MW,DE,DE_LU,forecast_offshore_wind_generation,Wind Offshore,2026-07-05T23:38:26Z
2026-07-05T23:37:01Z,2026-07-06T01:37:01+0200,947116b8-3478-48df-97c2-9d19820fe5c0,2026-06-20T23:45:00Z,2026-06-21T01:45:00+0200,536.58,MW,DE,DE_LU,forecast_offshore_wind_generation,Wind Offshore,2026-07-05T23:38:26Z
2026-07-05T23:37:01Z,2026-07-06T01:37:01+0200,947116b8-3478-48df-97c2-9d19820fe5c0,2026-06-21T00:00:00Z,2026-06-21T02:00:00+0200,548.35,MW,DE,DE_LU,forecast_offshore_wind_generation,Wind Offshore,2026-07-05T23:38:26Z
2026-07-05T23:37:01Z,2026-07-06T01:37:01+0200,947116b8-3478-48df-97c2-9d19820fe5c0,2026-06-21T00:15:00Z,2026-06-21T02:15:00+0200,560.75,MW,DE,DE_LU,forecast_offshore_wind_generation,Wind Offshore,2026-07-05T23:38:26Z
2026-07-05T23:37:01Z,2026-07-06T01:37:01+0200,947116b8-3478-48df-97c2-9d19820fe5c0,2026-06-21T00:30:00Z,2026-06-21T02:30:00+0200,569.42,MW,DE,DE_LU,forecast_offshore_wind_generation,Wind Offshore,2026-07-05T23:38:26Z
2026-07-05T23:37:01Z,2026-07-06T01:37:01+0200,947116b8-3478-48df-97c2-9d19820fe5c0,2026-06-21T00:45:00Z,2026-06-21T02:45:00+0200,587.98,MW,DE,DE_LU,forecast_offshore_wind_generation,Wind Offshore,2026-07-05T23:38:26Z
2026-07-05T23:37:01Z,2026-07-06T01:37:01+0200,947116b8-3478-48df-97c2-9d19820fe5c0,2026-06-21T01:00:00Z,2026-06-21T03:00:00+0200,587.55,MW,DE,DE_LU,forecast_offshore_wind_generation,Wind Offshore,2026-07-05T23:38:26Z
2026-07-05T23:37:01Z,2026-07-06T01:37:01+0200,947116b8-3478-48df-97c2-9d19820fe5c0,2026-06-21T01:15:00Z,2026-06-21T03:15:00+0200,568.12,MW,DE,DE_LU,forecast_offshore_wind_generation,Wind Offshore,2026-07-05T23:38:26Z
2026-07-05T23:37:01Z,2026-07-06T01:37:01+0200,947116b8-3478-48df-97c2-9d19820fe5c0,2026-06-21T01:30:00Z,2026-06-21T03:30:00+0200,544.89,MW,DE,DE_LU,forecast_offshore_wind_generation,Wind Offshore,2026-07-05T23:38:26Z
2026-07-05T23:37:01Z,2026-07-06T01:37:01+0200,947116b8-3478-48df-97c2-9d19820fe5c0,2026-06-21T01:45:00Z,2026-06-21T03:45:00+0200,519.38,MW,DE,DE_LU,forecast_offshore_wind_generation,Wind Offshore,2026-07-05T23:38:26Z
2026-07-05T23:37:01Z,2026-07-06T01:37:01+0200,947116b8-3478-48df-97c2-9d19820fe5c0,2026-06-21T02:00:00Z,2026-06-21T04:00:00+0200,500.99,MW,DE,DE_LU,forecast_offshore_wind_generation,Wind Offshore,2026-07-05T23:38:26Z
2026-07-05T23:37:01Z,2026-07-06T01:37:01+0200,947116b8-3478-48df-97c2-9d19820fe5c0,2026-06-21T02:15:00Z,2026-06-21T04:15:00+0200,488.35,MW,DE,DE_LU,forecast_offshore_wind_generation,Wind Offshore,2026-07-05T23:38:26Z
2026-07-05T23:37:01Z,2026-07-06T01:37:01+0200,947116b8-3478-48df-97c2-9d19820fe5c0,2026-06-21T02:30:00Z,2026-06-21T04:30:00+0200,483.63,MW,DE,DE_LU,forecast_offshore_wind_generation,Wind Offshore,2026-07-05T23:38:26Z
2026-07-05T23:37:01Z,2026-07-06T01:37:01+0200,947116b8-3478-48df-97c2-9d19820fe5c0,2026-06-21T02:45:00Z,2026-06-21T04:45:00+0200,468.28,MW,DE,DE_LU,forecast_offshore_wind_generation,Wind Offshore,2026-07-05T23:38:26Z
2026-07-05T23:37:01Z,2026-07-06T01:37:01+0200,947116b8-3478-48df-97c2-9d19820fe5c0,2026-06-21T03:00:00Z,2026-06-21T05:00:00+0200,460.48,MW,DE,DE_LU,forecast_offshore_wind_generation,Wind Offshore,2026-07-05T23:38:26Z
2026-07-05T23:37:01Z,2026-07-06T01:37:01+0200,947116b8-3478-48df-97c2-9d19820fe5c0,2026-06-21T03:15:00Z,2026-06-21T05:15:00+0200,475.02,MW,DE,DE_LU,forecast_offshore_wind_generation,Wind Offshore,2026-07-05T23:38:26Z
2026-07-05T23:37:01Z,2026-07-06T01:37:01+0200,947116b8-3478-48df-97c2-9d19820fe5c0,2026-06-21T03:30:00Z,2026-06-21T05:30:00+0200,487.72,MW,DE,DE_LU,forecast_offshore_wind_generation,Wind Offshore,2026-07-05T23:38:26Z
2026-07-05T23:37:01Z,2026-07-06T01:37:01+0200,947116b8-3478-48df-97c2-9d19820fe5c0,2026-06-21T03:45:00Z,2026-06-21T05:45:00+0200,500.77,MW,DE,DE_LU,forecast_offshore_wind_generation,Wind Offshore,2026-07-05T23:38:26Z
2026-07-05T23:37:01Z,2026-07-06T01:37:01+0200,947116b8-3478-48df-97c2-9d19820fe5c0,2026-06-21T04:00:00Z,2026-06-21T06:00:00+0200,506.57,MW,DE,DE_LU,forecast_offshore_wind_generation,Wind Offshore,2026-07-05T23:38:26Z
2026-07-05T23:37:01Z,2026-07-06T01:37:01+0200,947116b8-3478-48df-97c2-9d19820fe5c0,2026-06-21T04:15:00Z,2026-06-21T06:15:00+0200,509.58,MW,DE,DE_LU,forecast_offshore_wind_generation,Wind Offshore,2026-07-05T23:38:26Z
2026-07-05T23:37:01Z,2026-07-06T01:37:01+0200,947116b8-3478-48df-97c2-9d19820fe5c0,2026-06-21T04:30:00Z,2026-06-21T06:30:00+0200,513.73,MW,DE,DE_LU,forecast_offshore_wind_generation,Wind Offshore,2026-07-05T23:38:26Z
2026-07-05T23:37:01Z,2026-07-06T01:37:01+0200,947116b8-3478-48df-97c2-9d19820fe5c0,2026-06-21T04:45:00Z,2026-06-21T06:45:00+0200,519.38,MW,DE,DE_LU,forecast_offshore_wind_generation,Wind Offshore,2026-07-05T23:38:26Z
2026-07-05T23:37:01Z,2026-07-06T01:37:01+0200,947116b8-3478-48df-97c2-9d19820fe5c0,2026-06-21T05:00:00Z,2026-06-21T07:00:00+0200,519.51,MW,DE,DE_LU,forecast_offshore_wind_generation,Wind Offshore,2026-07-05T23:38:26Z
2026-07-05T23:37:01Z,2026-07-06T01:37:01+0200,947116b8-3478-48df-97c2-9d19820fe5c0,2026-06-21T05:15:00Z,2026-06-21T07:15:00+0200,517.52,MW,DE,DE_LU,forecast_offshore_wind_generation,Wind Offshore,2026-07-05T23:38:26Z
2026-07-05T23:37:01Z,2026-07-06T01:37:01+0200,947116b8-3478-48df-97c2-9d19820fe5c0,2026-06-21T05:30:00Z,2026-06-21T07:30:00+0200,511.75,MW,DE,DE_LU,forecast_offshore_wind_generation,Wind Offshore,2026-07-05T23:38:26Z
2026-07-05T23:37:01Z,2026-07-06T01:37:01+0200,947116b8-3478-48df-97c2-9d19820fe5c0,2026-06-21T05:45:00Z,2026-06-21T07:45:00+0200,509.35,MW,DE,DE_LU,forecast_offshore_wind_generation,Wind Offshore,2026-07-05T23:38:26Z
2026-07-05T23:37:01Z,2026-07-06T01:37:01+0200,947116b8-3478-48df-97c2-9d19820fe5c0,2026-06-21T06:00:00Z,2026-06-21T08:00:00+0200,505.64,MW,DE,DE_LU,forecast_offshore_wind_generation,Wind Offshore,2026-07-05T23:38:26Z
2026-07-05T23:37:01Z,2026-07-06T01:37:01+0200,947116b8-3478-48df-97c2-9d19820fe5c0,2026-06-21T06:15:00Z,2026-06-21T08:15:00+0200,490.87,MW,DE,DE_LU,forecast_offshore_wind_generation,Wind Offshore,2026-07-05T23:38:26Z
2026-07-05T23:37:01Z,2026-07-06T01:37:01+0200,947116b8-3478-48df-97c2-9d19820fe5c0,2026-06-21T06:30:00Z,2026-06-21T08:30:00+0200,475.91,MW,DE,DE_LU,forecast_offshore_wind_generation,Wind Offshore,2026-07-05T23:38:26Z
2026-07-05T23:37:01Z,2026-07-06T01:37:01+0200,947116b8-3478-48df-97c2-9d19820fe5c0,2026-06-21T06:45:00Z,2026-06-21T08:45:00+0200,455.83,MW,DE,DE_LU,forecast_offshore_wind_generation,Wind Offshore,2026-07-05T23:38:26Z
2026-07-05T23:37:01Z,2026-07-06T01:37:01+0200,947116b8-3478-48df-97c2-9d19820fe5c0,2026-06-21T07:00:00Z,2026-06-21T09:00:00+0200,444.6,MW,DE,DE_LU,forecast_offshore_wind_generation,Wind Offshore,2026-07-05T23:38:26Z
2026-07-05T23:37:01Z,2026-07-06T01:37:01+0200,947116b8-3478-48df-97c2-9d19820fe5c0,2026-06-21T07:15:00Z,2026-06-21T09:15:00+0200,430.46,MW,DE,DE_LU,forecast_offshore_wind_generation,Wind Offshore,2026-07-05T23:38:26Z
2026-07-05T23:37:01Z,2026-07-06T01:37:01+0200,947116b8-3478-48df-97c2-9d19820fe5c0,2026-06-21T07:30:00Z,2026-06-21T09:30:00+0200,422.48,MW,DE,DE_LU,forecast_offshore_wind_generation,Wind Offshore,2026-07-05T23:38:26Z
2026-07-05T23:37:01Z,2026-07-06T01:37:01+0200,947116b8-3478-48df-97c2-9d19820fe5c0,2026-06-21T07:45:00Z,2026-06-21T09:45:00+0200,411.48,MW,DE,DE_LU,forecast_offshore_wind_generation,Wind Offshore,2026-07-05T23:38:26Z
2026-07-05T23:37:01Z,2026-07-06T01:37:01+0200,947116b8-3478-48df-97c2-9d19820fe5c0,2026-06-21T08:00:00Z,2026-06-21T10:00:00+0200,401.48,MW,DE,DE_LU,forecast_offshore_wind_generation,Wind Offshore,2026-07-05T23:38:26Z
2026-07-05T23:37:01Z,2026-07-06T01:37:01+0200,947116b8-3478-48df-97c2-9d19820fe5c0,2026-06-21T08:15:00Z,2026-06-21T10:15:00+0200,403.69,MW,DE,DE_LU,forecast_offshore_wind_generation,Wind Offshore,2026-07-05T23:38:26Z
2026-07-05T23:37:01Z,2026-07-06T01:37:01+0200,947116b8-3478-48df-97c2-9d19820fe5c0,2026-06-21T08:30:00Z,2026-06-21T10:30:00+0200,407.09,MW,DE,DE_LU,forecast_offshore_wind_generation,Wind Offshore,2026-07-05T23:38:26Z
2026-07-05T23:37:01Z,2026-07-06T01:37:01+0200,947116b8-3478-48df-97c2-9d19820fe5c0,2026-06-21T08:45:00Z,2026-06-21T10:45:00+0200,409.77,MW,DE,DE_LU,forecast_offshore_wind_generation,Wind Offshore,2026-07-05T23:38:26Z
2026-07-05T23:37:01Z,2026-07-06T01:37:01+0200,947116b8-3478-48df-97c2-9d19820fe5c0,2026-06-21T09:00:00Z,2026-06-21T11:00:00+0200,414.02,MW,DE,DE_LU,forecast_offshore_wind_generation,Wind Offshore,2026-07-05T23:38:26Z
2026-07-05T23:37:01Z,2026-07-06T01:37:01+0200,947116b8-3478-48df-97c2-9d19820fe5c0,2026-06-21T09:15:00Z,2026-06-21T11:15:00+0200,420.3,MW,DE,DE_LU,forecast_offshore_wind_generation,Wind Offshore,2026-07-05T23:38:26Z
2026-07-05T23:37:01Z,2026-07-06T01:37:01+0200,947116b8-3478-48df-97c2-9d19820fe5c0,2026-06-21T09:30:00Z,2026-06-21T11:30:00+0200,425.46,MW,DE,DE_LU,forecast_offshore_wind_generation,Wind Offshore,2026-07-05T23:38:26Z
2026-07-05T23:37:01Z,2026-07-06T01:37:01+0200,947116b8-3478-48df-97c2-9d19820fe5c0,2026-06-21T09:45:00Z,2026-06-21T11:45:00+0200,433.23,MW,DE,DE_LU,forecast_offshore_wind_generation,Wind Offshore,2026-07-05T23:38:26Z
2026-07-05T23:37:01Z,2026-07-06T01:37:01+0200,947116b8-3478-48df-97c2-9d19820fe5c0,2026-06-21T10:00:00Z,2026-06-21T12:00:00+0200,443.46,MW,DE,DE_LU,forecast_offshore_wind_generation,Wind Offshore,2026-07-05T23:38:26Z
2026-07-05T23:37:01Z,2026-07-06T01:37:01+0200,947116b8-3478-48df-97c2-9d19820fe5c0,2026-06-21T10:15:00Z,2026-06-21T12:15:00+0200,457.88,MW,DE,DE_LU,forecast_offshore_wind_generation,Wind Offshore,2026-07-05T23:38:26Z
2026-07-05T23:37:01Z,2026-07-06T01:37:01+0200,947116b8-3478-48df-97c2-9d19820fe5c0,2026-06-21T10:30:00Z,2026-06-21T12:30:00+0200,464.4,MW,DE,DE_LU,forecast_offshore_wind_generation,Wind Offshore,2026-07-05T23:38:26Z
2026-07-05T23:37:01Z,2026-07-06T01:37:01+0200,947116b8-3478-48df-97c2-9d19820fe5c0,2026-06-21T10:45:00Z,2026-06-21T12:45:00+0200,474.99,MW,DE,DE_LU,forecast_offshore_wind_generation,Wind Offshore,2026-07-05T23:38:26Z
2026-07-05T23:37:01Z,2026-07-06T01:37:01+0200,947116b8-3478-48df-97c2-9d19820fe5c0,2026-06-21T11:00:00Z,2026-06-21T13:00:00+0200,485.99,MW,DE,DE_LU,forecast_offshore_wind_generation,Wind Offshore,2026-07-05T23:38:26Z
2026-07-05T23:37:01Z,2026-07-06T01:37:01+0200,947116b8-3478-48df-97c2-9d19820fe5c0,2026-06-21T11:15:00Z,2026-06-21T13:15:00+0200,506.65,MW,DE,DE_LU,forecast_offshore_wind_generation,Wind Offshore,2026-07-05T23:38:26Z
2026-07-05T23:37:01Z,2026-07-06T01:37:01+0200,947116b8-3478-48df-97c2-9d19820fe5c0,2026-06-21T11:30:00Z,2026-06-21T13:30:00+0200,524.28,MW,DE,DE_LU,forecast_offshore_wind_generation,Wind Offshore,2026-07-05T23:38:26Z
2026-07-05T23:37:01Z,2026-07-06T01:37:01+0200,947116b8-3478-48df-97c2-9d19820fe5c0,2026-06-21T11:45:00Z,2026-06-21T13:45:00+0200,541.46,MW,DE,DE_LU,forecast_offshore_wind_generation,Wind Offshore,2026-07-05T23:38:26Z
2026-07-05T23:37:01Z,2026-07-06T01:37:01+0200,947116b8-3478-48df-97c2-9d19820fe5c0,2026-06-21T12:00:00Z,2026-06-21T14:00:00+0200,560.19,MW,DE,DE_LU,forecast_offshore_wind_generation,Wind Offshore,2026-07-05T23:38:26Z
2026-07-05T23:37:01Z,2026-07-06T01:37:01+0200,947116b8-3478-48df-97c2-9d19820fe5c0,2026-06-21T12:15:00Z,2026-06-21T14:15:00+0200,577.65,MW,DE,DE_LU,forecast_offshore_wind_generation,Wind Offshore,2026-07-05T23:38:26Z
2026-07-05T23:37:01Z,2026-07-06T01:37:01+0200,947116b8-3478-48df-97c2-9d19820fe5c0,2026-06-21T12:30:00Z,2026-06-21T14:30:00+0200,601.43,MW,DE,DE_LU,forecast_offshore_wind_generation,Wind Offshore,2026-07-05T23:38:26Z
2026-07-05T23:37:01Z,2026-07-06T01:37:01+0200,947116b8-3478-48df-97c2-9d19820fe5c0,2026-06-21T12:45:00Z,2026-06-21T14:45:00+0200,620.24,MW,DE,DE_LU,forecast_offshore_wind_generation,Wind Offshore,2026-07-05T23:38:26Z
2026-07-05T23:37:01Z,2026-07-06T01:37:01+0200,947116b8-3478-48df-97c2-9d19820fe5c0,2026-06-21T13:00:00Z,2026-06-21T15:00:00+0200,642.75,MW,DE,DE_LU,forecast_offshore_wind_generation,Wind Offshore,2026-07-05T23:38:26Z
2026-07-05T23:37:01Z,2026-07-06T01:37:01+0200,947116b8-3478-48df-97c2-9d19820fe5c0,2026-06-21T13:15:00Z,2026-06-21T15:15:00+0200,673.78,MW,DE,DE_LU,forecast_offshore_wind_generation,Wind Offshore,2026-07-05T23:38:26Z
2026-07-05T23:37:01Z,2026-07-06T01:37:01+0200,947116b8-3478-48df-97c2-9d19820fe5c0,2026-06-21T13:30:00Z,2026-06-21T15:30:00+0200,698.59,MW,DE,DE_LU,forecast_offshore_wind_generation,Wind Offshore,2026-07-05T23:38:26Z
2026-07-05T23:37:01Z,2026-07-06T01:37:01+0200,947116b8-3478-48df-97c2-9d19820fe5c0,2026-06-21T13:45:00Z,2026-06-21T15:45:00+0200,760.98,MW,DE,DE_LU,forecast_offshore_wind_generation,Wind Offshore,2026-07-05T23:38:26Z
2026-07-05T23:37:01Z,2026-07-06T01:37:01+0200,947116b8-3478-48df-97c2-9d19820fe5c0,2026-06-21T14:00:00Z,2026-06-21T16:00:00+0200,799.73,MW,DE,DE_LU,forecast_offshore_wind_generation,Wind Offshore,2026-07-05T23:38:26Z
2026-07-05T23:37:01Z,2026-07-06T01:37:01+0200,947116b8-3478-48df-97c2-9d19820fe5c0,2026-06-21T14:15:00Z,2026-06-21T16:15:00+0200,844.63,MW,DE,DE_LU,forecast_offshore_wind_generation,Wind Offshore,2026-07-05T23:38:26Z
2026-07-05T23:37:01Z,2026-07-06T01:37:01+0200,947116b8-3478-48df-97c2-9d19820fe5c0,2026-06-21T14:30:00Z,2026-06-21T16:30:00+0200,881.54,MW,DE,DE_LU,forecast_offshore_wind_generation,Wind Offshore,2026-07-05T23:38:26Z
2026-07-05T23:37:01Z,2026-07-06T01:37:01+0200,947116b8-3478-48df-97c2-9d19820fe5c0,2026-06-21T14:45:00Z,2026-06-21T16:45:00+0200,927.19,MW,DE,DE_LU,forecast_offshore_wind_generation,Wind Offshore,2026-07-05T23:38:26Z
2026-07-05T23:37:01Z,2026-07-06T01:37:01+0200,947116b8-3478-48df-97c2-9d19820fe5c0,2026-06-21T15:00:00Z,2026-06-21T17:00:00+0200,980.38,MW,DE,DE_LU,forecast_offshore_wind_generation,Wind Offshore,2026-07-05T23:38:26Z
2026-07-05T23:37:01Z,2026-07-06T01:37:01+0200,947116b8-3478-48df-97c2-9d19820fe5c0,2026-06-21T15:15:00Z,2026-06-21T17:15:00+0200,1072.92,MW,DE,DE_LU,forecast_offshore_wind_generation,Wind Offshore,2026-07-05T23:38:26Z
2026-07-05T23:37:01Z,2026-07-06T01:37:01+0200,947116b8-3478-48df-97c2-9d19820fe5c0,2026-06-21T15:30:00Z,2026-06-21T17:30:00+0200,1120.41,MW,DE,DE_LU,forecast_offshore_wind_generation,Wind Offshore,2026-07-05T23:38:26Z
2026-07-05T23:37:01Z,2026-07-06T01:37:01+0200,947116b8-3478-48df-97c2-9d19820fe5c0,2026-06-21T15:45:00Z,2026-06-21T17:45:00+0200,1166.96,MW,DE,DE_LU,forecast_offshore_wind_generation,Wind Offshore,2026-07-05T23:38:26Z
2026-07-05T23:37:01Z,2026-07-06T01:37:01+0200,947116b8-3478-48df-97c2-9d19820fe5c0,2026-06-21T16:00:00Z,2026-06-21T18:00:00+0200,1219.55,MW,DE,DE_LU,forecast_offshore_wind_generation,Wind Offshore,2026-07-05T23:38:26Z
2026-07-05T23:37:01Z,2026-07-06T01:37:01+0200,947116b8-3478-48df-97c2-9d19820fe5c0,2026-06-21T16:15:00Z,2026-06-21T18:15:00+0200,1261.1,MW,DE,DE_LU,forecast_offshore_wind_generation,Wind Offshore,2026-07-05T23:38:26Z
2026-07-05T23:37:01Z,2026-07-06T01:37:01+0200,947116b8-3478-48df-97c2-9d19820fe5c0,2026-06-21T16:30:00Z,2026-06-21T18:30:00+0200,1300.63,MW,DE,DE_LU,forecast_offshore_wind_generation,Wind Offshore,2026-07-05T23:38:26Z
2026-07-05T23:37:01Z,2026-07-06T01:37:01+0200,947116b8-3478-48df-97c2-9d19820fe5c0,2026-06-21T16:45:00Z,2026-06-21T18:45:00+0200,1344.32,MW,DE,DE_LU,forecast_offshore_wind_generation,Wind Offshore,2026-07-05T23:38:26Z
2026-07-05T23:37:01Z,2026-07-06T01:37:01+0200,947116b8-3478-48df-97c2-9d19820fe5c0,2026-06-21T17:00:00Z,2026-06-21T19:00:00+0200,1431.14,MW,DE,DE_LU,forecast_offshore_wind_generation,Wind Offshore,2026-07-05T23:38:26Z
2026-07-05T23:37:01Z,2026-07-06T01:37:01+0200,947116b8-3478-48df-97c2-9d19820fe5c0,2026-06-21T17:15:00Z,2026-06-21T19:15:00+0200,1483.24,MW,DE,DE_LU,forecast_offshore_wind_generation,Wind Offshore,2026-07-05T23:38:26Z
2026-07-05T23:37:01Z,2026-07-06T01:37:01+0200,947116b8-3478-48df-97c2-9d19820fe5c0,2026-06-21T17:30:00Z,2026-06-21T19:30:00+0200,1542.28,MW,DE,DE_LU,forecast_offshore_wind_generation,Wind Offshore,2026-07-05T23:38:26Z
2026-07-05T23:37:01Z,2026-07-06T01:37:01+0200,947116b8-3478-48df-97c2-9d19820fe5c0,2026-06-21T17:45:00Z,2026-06-21T19:45:00+0200,1598.41,MW,DE,DE_LU,forecast_offshore_wind_generation,Wind Offshore,2026-07-05T23:38:26Z
2026-07-05T23:37:01Z,2026-07-06T01:37:01+0200,947116b8-3478-48df-97c2-9d19820fe5c0,2026-06-21T18:00:00Z,2026-06-21T20:00:00+0200,1659.16,MW,DE,DE_LU,forecast_offshore_wind_generation,Wind Offshore,2026-07-05T23:38:26Z
2026-07-05T23:37:01Z,2026-07-06T01:37:01+0200,947116b8-3478-48df-97c2-9d19820fe5c0,2026-06-21T18:15:00Z,2026-06-21T20:15:00+0200,1717.46,MW,DE,DE_LU,forecast_offshore_wind_generation,Wind Offshore,2026-07-05T23:38:26Z
2026-07-05T23:37:01Z,2026-07-06T01:37:01+0200,947116b8-3478-48df-97c2-9d19820fe5c0,2026-06-21T18:30:00Z,2026-06-21T20:30:00+0200,1779.57,MW,DE,DE_LU,forecast_offshore_wind_generation,Wind Offshore,2026-07-05T23:38:26Z
2026-07-05T23:37:01Z,2026-07-06T01:37:01+0200,947116b8-3478-48df-97c2-9d19820fe5c0,2026-06-21T18:45:00Z,2026-06-21T20:45:00+0200,1840.8,MW,DE,DE_LU,forecast_offshore_wind_generation,Wind Offshore,2026-07-05T23:38:26Z
2026-07-05T23:37:01Z,2026-07-06T01:37:01+0200,947116b8-3478-48df-97c2-9d19820fe5c0,2026-06-21T19:00:00Z,2026-06-21T21:00:00+0200,1890.07,MW,DE,DE_LU,forecast_offshore_wind_generation,Wind Offshore,2026-07-05T23:38:26Z
2026-07-05T23:37:01Z,2026-07-06T01:37:01+0200,947116b8-3478-48df-97c2-9d19820fe5c0,2026-06-21T19:15:00Z,2026-06-21T21:15:00+0200,1947.81,MW,DE,DE_LU,forecast_offshore_wind_generation,Wind Offshore,2026-07-05T23:38:26Z
2026-07-05T23:37:01Z,2026-07-06T01:37:01+0200,947116b8-3478-48df-97c2-9d19820fe5c0,2026-06-21T19:30:00Z,2026-06-21T21:30:00+0200,2004.74,MW,DE,DE_LU,forecast_offshore_wind_generation,Wind Offshore,2026-07-05T23:38:26Z
2026-07-05T23:37:01Z,2026-07-06T01:37:01+0200,947116b8-3478-48df-97c2-9d19820fe5c0,2026-06-21T19:45:00Z,2026-06-21T21:45:00+0200,2060.65,MW,DE,DE_LU,forecast_offshore_wind_generation,Wind Offshore,2026-07-05T23:38:26Z
2026-07-05T23:37:01Z,2026-07-06T01:37:01+0200,947116b8-3478-48df-97c2-9d19820fe5c0,2026-06-21T20:00:00Z,2026-06-21T22:00:00+0200,2114.55,MW,DE,DE_LU,forecast_offshore_wind_generation,Wind Offshore,2026-07-05T23:38:26Z
2026-07-05T23:37:01Z,2026-07-06T01:37:01+0200,947116b8-3478-48df-97c2-9d19820fe5c0,2026-06-21T20:15:00Z,2026-06-21T22:15:00+0200,2157.03,MW,DE,DE_LU,forecast_offshore_wind_generation,Wind Offshore,2026-07-05T23:38:26Z
2026-07-05T23:37:01Z,2026-07-06T01:37:01+0200,947116b8-3478-48df-97c2-9d19820fe5c0,2026-06-21T20:30:00Z,2026-06-21T22:30:00+0200,2195.96,MW,DE,DE_LU,forecast_offshore_wind_generation,Wind Offshore,2026-07-05T23:38:26Z
2026-07-05T23:37:01Z,2026-07-06T01:37:01+0200,947116b8-3478-48df-97c2-9d19820fe5c0,2026-06-21T20:45:00Z,2026-06-21T22:45:00+0200,2241.82,MW,DE,DE_LU,forecast_offshore_wind_generation,Wind Offshore,2026-07-05T23:38:26Z
2026-07-05T23:37:01Z,2026-07-06T01:37:01+0200,947116b8-3478-48df-97c2-9d19820fe5c0,2026-06-21T21:00:00Z,2026-06-21T23:00:00+0200,2274.89,MW,DE,DE_LU,forecast_offshore_wind_generation,Wind Offshore,2026-07-05T23:38:26Z
2026-07-05T23:37:01Z,2026-07-06T01:37:01+0200,947116b8-3478-48df-97c2-9d19820fe5c0,2026-06-21T21:15:00Z,2026-06-21T23:15:00+0200,2286.3,MW,DE,DE_LU,forecast_offshore_wind_generation,Wind Offshore,2026-07-05T23:38:26Z
2026-07-05T23:37:01Z,2026-07-06T01:37:01+0200,947116b8-3478-48df-97c2-9d19820fe5c0,2026-06-21T21:30:00Z,2026-06-21T23:30:00+0200,2297.25,MW,DE,DE_LU,forecast_offshore_wind_generation,Wind Offshore,2026-07-05T23:38:26Z
2026-07-05T23:37:01Z,2026-07-06T01:37:01+0200,947116b8-3478-48df-97c2-9d19820fe5c0,2026-06-21T21:45:00Z,2026-06-21T23:45:00+0200,2309.54,MW,DE,DE_LU,forecast_offshore_wind_generation,Wind Offshore,2026-07-05T23:38:26Z
2026-07-05T23:37:01Z,2026-07-06T01:37:01+0200,947116b8-3478-48df-97c2-9d19820fe5c0,2026-06-21T22:00:00Z,2026-06-22T00:00:00+0200,2627.02,MW,DE,DE_LU,forecast_offshore_wind_generation,Wind Offshore,2026-07-05T23:38:26Z
2026-07-05T23:37:01Z,2026-07-06T01:37:01+0200,947116b8-3478-48df-97c2-9d19820fe5c0,2026-06-21T22:15:00Z,2026-06-22T00:15:00+0200,2585.5,MW,DE,DE_LU,forecast_offshore_wind_generation,Wind Offshore,2026-07-05T23:38:26Z
2026-07-05T23:37:01Z,2026-07-06T01:37:01+0200,947116b8-3478-48df-97c2-9d19820fe5c0,2026-06-21T22:30:00Z,2026-06-22T00:30:00+0200,2542.98,MW,DE,DE_LU,forecast_offshore_wind_generation,Wind Offshore,2026-07-05T23:38:26Z
2026-07-05T23:37:01Z,2026-07-06T01:37:01+0200,947116b8-3478-48df-97c2-9d19820fe5c0,2026-06-21T22:45:00Z,2026-06-22T00:45:00+0200,2501.42,MW,DE,DE_LU,forecast_offshore_wind_generation,Wind Offshore,2026-07-05T23:38:26Z
2026-07-05T23:37:01Z,2026-07-06T01:37:01+0200,947116b8-3478-48df-97c2-9d19820fe5c0,2026-06-21T23:00:00Z,2026-06-22T01:00:00+0200,2452.3,MW,DE,DE_LU,forecast_offshore_wind_generation,Wind Offshore,2026-07-05T23:38:26Z
2026-07-05T23:37:01Z,2026-07-06T01:37:01+0200,947116b8-3478-48df-97c2-9d19820fe5c0,2026-06-21T23:15:00Z,2026-06-22T01:15:00+0200,2399.18,MW,DE,DE_LU,forecast_offshore_wind_generation,Wind Offshore,2026-07-05T23:38:26Z
2026-07-05T23:37:01Z,2026-07-06T01:37:01+0200,947116b8-3478-48df-97c2-9d19820fe5c0,2026-06-21T23:30:00Z,2026-06-22T01:30:00+0200,2345.71,MW,DE,DE_LU,forecast_offshore_wind_generation,Wind Offshore,2026-07-05T23:38:26Z
2026-07-05T23:37:01Z,2026-07-06T01:37:01+0200,947116b8-3478-48df-97c2-9d19820fe5c0,2026-06-21T23:45:00Z,2026-06-22T01:45:00+0200,2298.55,MW,DE,DE_LU,forecast_offshore_wind_generation,Wind Offshore,2026-07-05T23:38:26Z
2026-07-05T23:37:01Z,2026-07-06T01:37:01+0200,947116b8-3478-48df-97c2-9d19820fe5c0,2026-06-22T00:00:00Z,2026-06-22T02:00:00+0200,2241.43,MW,DE,DE_LU,forecast_offshore_wind_generation,Wind Offshore,2026-07-05T23:38:26Z
2026-07-05T23:37:01Z,2026-07-06T01:37:01+0200,947116b8-3478-48df-97c2-9d19820fe5c0,2026-06-22T00:15:00Z,2026-06-22T02:15:00+0200,2198.54,MW,DE,DE_LU,forecast_offshore_wind_generation,Wind Offshore,2026-07-05T23:38:26Z
2026-07-05T23:37:01Z,2026-07-06T01:37:01+0200,947116b8-3478-48df-97c2-9d19820fe5c0,2026-06-22T00:30:00Z,2026-06-22T02:30:00+0200,2150.89,MW,DE,DE_LU,forecast_offshore_wind_generation,Wind Offshore,2026-07-05T23:38:26Z
2026-07-05T23:37:01Z,2026-07-06T01:37:01+0200,947116b8-3478-48df-97c2-9d19820fe5c0,2026-06-22T00:45:00Z,2026-06-22T02:45:00+0200,2100.65,MW,DE,DE_LU,forecast_offshore_wind_generation,Wind Offshore,2026-07-05T23:38:26Z
2026-07-05T23:37:01Z,2026-07-06T01:37:01+0200,947116b8-3478-48df-97c2-9d19820fe5c0,2026-06-22T01:00:00Z,2026-06-22T03:00:00+0200,2050.9,MW,DE,DE_LU,forecast_offshore_wind_generation,Wind Offshore,2026-07-05T23:38:26Z
2026-07-05T23:37:01Z,2026-07-06T01:37:01+0200,947116b8-3478-48df-97c2-9d19820fe5c0,2026-06-22T01:15:00Z,2026-06-22T03:15:00+0200,1999.63,MW,DE,DE_LU,forecast_offshore_wind_generation,Wind Offshore,2026-07-05T23:38:26Z
2026-07-05T23:37:01Z,2026-07-06T01:37:01+0200,947116b8-3478-48df-97c2-9d19820fe5c0,2026-06-22T01:30:00Z,2026-06-22T03:30:00+0200,1946.39,MW,DE,DE_LU,forecast_offshore_wind_generation,Wind Offshore,2026-07-05T23:38:26Z
2026-07-05T23:37:01Z,2026-07-06T01:37:01+0200,947116b8-3478-48df-97c2-9d19820fe5c0,2026-06-22T01:45:00Z,2026-06-22T03:45:00+0200,1893.24,MW,DE,DE_LU,forecast_offshore_wind_generation,Wind Offshore,2026-07-05T23:38:26Z
2026-07-05T23:37:01Z,2026-07-06T01:37:01+0200,947116b8-3478-48df-97c2-9d19820fe5c0,2026-06-22T02:00:00Z,2026-06-22T04:00:00+0200,1839.2,MW,DE,DE_LU,forecast_offshore_wind_generation,Wind Offshore,2026-07-05T23:38:26Z
2026-07-05T23:37:01Z,2026-07-06T01:37:01+0200,947116b8-3478-48df-97c2-9d19820fe5c0,2026-06-22T02:15:00Z,2026-06-22T04:15:00+0200,1794.72,MW,DE,DE_LU,forecast_offshore_wind_generation,Wind Offshore,2026-07-05T23:38:26Z
2026-07-05T23:37:01Z,2026-07-06T01:37:01+0200,947116b8-3478-48df-97c2-9d19820fe5c0,2026-06-22T02:30:00Z,2026-06-22T04:30:00+0200,1752.25,MW,DE,DE_LU,forecast_offshore_wind_generation,Wind Offshore,2026-07-05T23:38:26Z
2026-07-05T23:37:01Z,2026-07-06T01:37:01+0200,947116b8-3478-48df-97c2-9d19820fe5c0,2026-06-22T02:45:00Z,2026-06-22T04:45:00+0200,1704.64,MW,DE,DE_LU,forecast_offshore_wind_generation,Wind Offshore,2026-07-05T23:38:26Z
2026-07-05T23:37:01Z,2026-07-06T01:37:01+0200,947116b8-3478-48df-97c2-9d19820fe5c0,2026-06-22T03:00:00Z,2026-06-22T05:00:00+0200,1667.19,MW,DE,DE_LU,forecast_offshore_wind_generation,Wind Offshore,2026-07-05T23:38:26Z
2026-07-05T23:37:01Z,2026-07-06T01:37:01+0200,947116b8-3478-48df-97c2-9d19820fe5c0,2026-06-22T03:15:00Z,2026-06-22T05:15:00+0200,1640.78,MW,DE,DE_LU,forecast_offshore_wind_generation,Wind Offshore,2026-07-05T23:38:26Z
2026-07-05T23:37:01Z,2026-07-06T01:37:01+0200,947116b8-3478-48df-97c2-9d19820fe5c0,2026-06-22T03:30:00Z,2026-06-22T05:30:00+0200,1611.4,MW,DE,DE_LU,forecast_offshore_wind_generation,Wind Offshore,2026-07-05T23:38:26Z
2026-07-05T23:37:01Z,2026-07-06T01:37:01+0200,947116b8-3478-48df-97c2-9d19820fe5c0,2026-06-22T03:45:00Z,2026-06-22T05:45:00+0200,1583.07,MW,DE,DE_LU,forecast_offshore_wind_generation,Wind Offshore,2026-07-05T23:38:26Z
2026-07-05T23:37:01Z,2026-07-06T01:37:01+0200,947116b8-3478-48df-97c2-9d19820fe5c0,2026-06-22T04:00:00Z,2026-06-22T06:00:00+0200,1543.18,MW,DE,DE_LU,forecast_offshore_wind_generation,Wind Offshore,2026-07-05T23:38:26Z
2026-07-05T23:37:01Z,2026-07-06T01:37:01+0200,947116b8-3478-48df-97c2-9d19820fe5c0,2026-06-22T04:15:00Z,2026-06-22T06:15:00+0200,1494.27,MW,DE,DE_LU,forecast_offshore_wind_generation,Wind Offshore,2026-07-05T23:38:26Z
2026-07-05T23:37:01Z,2026-07-06T01:37:01+0200,947116b8-3478-48df-97c2-9d19820fe5c0,2026-06-22T04:30:00Z,2026-06-22T06:30:00+0200,1449.41,MW,DE,DE_LU,forecast_offshore_wind_generation,Wind Offshore,2026-07-05T23:38:26Z
2026-07-05T23:37:01Z,2026-07-06T01:37:01+0200,947116b8-3478-48df-97c2-9d19820fe5c0,2026-06-22T04:45:00Z,2026-06-22T06:45:00+0200,1399.51,MW,DE,DE_LU,forecast_offshore_wind_generation,Wind Offshore,2026-07-05T23:38:26Z
2026-07-05T23:37:01Z,2026-07-06T01:37:01+0200,947116b8-3478-48df-97c2-9d19820fe5c0,2026-06-22T05:00:00Z,2026-06-22T07:00:00+0200,1330.72,MW,DE,DE_LU,forecast_offshore_wind_generation,Wind Offshore,2026-07-05T23:38:26Z
2026-07-05T23:37:01Z,2026-07-06T01:37:01+0200,947116b8-3478-48df-97c2-9d19820fe5c0,2026-06-22T05:15:00Z,2026-06-22T07:15:00+0200,1267.65,MW,DE,DE_LU,forecast_offshore_wind_generation,Wind Offshore,2026-07-05T23:38:26Z
2026-07-05T23:37:01Z,2026-07-06T01:37:01+0200,947116b8-3478-48df-97c2-9d19820fe5c0,2026-06-22T05:30:00Z,2026-06-22T07:30:00+0200,1202.64,MW,DE,DE_LU,forecast_offshore_wind_generation,Wind Offshore,2026-07-05T23:38:26Z
2026-07-05T23:37:01Z,2026-07-06T01:37:01+0200,947116b8-3478-48df-97c2-9d19820fe5c0,2026-06-22T05:45:00Z,2026-06-22T07:45:00+0200,1142.67,MW,DE,DE_LU,forecast_offshore_wind_generation,Wind Offshore,2026-07-05T23:38:26Z
2026-07-05T23:37:01Z,2026-07-06T01:37:01+0200,947116b8-3478-48df-97c2-9d19820fe5c0,2026-06-22T06:00:00Z,2026-06-22T08:00:00+0200,1083.69,MW,DE,DE_LU,forecast_offshore_wind_generation,Wind Offshore,2026-07-05T23:38:26Z
2026-07-05T23:37:01Z,2026-07-06T01:37:01+0200,947116b8-3478-48df-97c2-9d19820fe5c0,2026-06-22T06:15:00Z,2026-06-22T08:15:00+0200,1044.98,MW,DE,DE_LU,forecast_offshore_wind_generation,Wind Offshore,2026-07-05T23:38:26Z
2026-07-05T23:37:01Z,2026-07-06T01:37:01+0200,947116b8-3478-48df-97c2-9d19820fe5c0,2026-06-22T06:30:00Z,2026-06-22T08:30:00+0200,1000.54,MW,DE,DE_LU,forecast_offshore_wind_generation,Wind Offshore,2026-07-05T23:38:26Z
2026-07-05T23:37:01Z,2026-07-06T01:37:01+0200,947116b8-3478-48df-97c2-9d19820fe5c0,2026-06-22T06:45:00Z,2026-06-22T08:45:00+0200,953.94,MW,DE,DE_LU,forecast_offshore_wind_generation,Wind Offshore,2026-07-05T23:38:26Z
2026-07-05T23:37:01Z,2026-07-06T01:37:01+0200,947116b8-3478-48df-97c2-9d19820fe5c0,2026-06-22T07:00:00Z,2026-06-22T09:00:00+0200,918.75,MW,DE,DE_LU,forecast_offshore_wind_generation,Wind Offshore,2026-07-05T23:38:26Z
2026-07-05T23:37:01Z,2026-07-06T01:37:01+0200,947116b8-3478-48df-97c2-9d19820fe5c0,2026-06-22T07:15:00Z,2026-06-22T09:15:00+0200,835.68,MW,DE,DE_LU,forecast_offshore_wind_generation,Wind Offshore,2026-07-05T23:38:26Z
2026-07-05T23:37:01Z,2026-07-06T01:37:01+0200,947116b8-3478-48df-97c2-9d19820fe5c0,2026-06-22T07:30:00Z,2026-06-22T09:30:00+0200,804.63,MW,DE,DE_LU,forecast_offshore_wind_generation,Wind Offshore,2026-07-05T23:38:26Z
2026-07-05T23:37:01Z,2026-07-06T01:37:01+0200,947116b8-3478-48df-97c2-9d19820fe5c0,2026-06-22T07:45:00Z,2026-06-22T09:45:00+0200,775.69,MW,DE,DE_LU,forecast_offshore_wind_generation,Wind Offshore,2026-07-05T23:38:26Z
2026-07-05T23:37:01Z,2026-07-06T01:37:01+0200,947116b8-3478-48df-97c2-9d19820fe5c0,2026-06-22T08:00:00Z,2026-06-22T10:00:00+0200,748.3,MW,DE,DE_LU,forecast_offshore_wind_generation,Wind Offshore,2026-07-05T23:38:26Z
2026-07-05T23:37:01Z,2026-07-06T01:37:01+0200,947116b8-3478-48df-97c2-9d19820fe5c0,2026-06-22T08:15:00Z,2026-06-22T10:15:00+0200,734.52,MW,DE,DE_LU,forecast_offshore_wind_generation,Wind Offshore,2026-07-05T23:38:26Z
2026-07-05T23:37:01Z,2026-07-06T01:37:01+0200,947116b8-3478-48df-97c2-9d19820fe5c0,2026-06-22T08:30:00Z,2026-06-22T10:30:00+0200,721.78,MW,DE,DE_LU,forecast_offshore_wind_generation,Wind Offshore,2026-07-05T23:38:26Z
2026-07-05T23:37:01Z,2026-07-06T01:37:01+0200,947116b8-3478-48df-97c2-9d19820fe5c0,2026-06-22T08:45:00Z,2026-06-22T10:45:00+0200,707.54,MW,DE,DE_LU,forecast_offshore_wind_generation,Wind Offshore,2026-07-05T23:38:26Z
2026-07-05T23:37:01Z,2026-07-06T01:37:01+0200,947116b8-3478-48df-97c2-9d19820fe5c0,2026-06-22T09:00:00Z,2026-06-22T11:00:00+0200,699.45,MW,DE,DE_LU,forecast_offshore_wind_generation,Wind Offshore,2026-07-05T23:38:26Z
2026-07-05T23:37:01Z,2026-07-06T01:37:01+0200,947116b8-3478-48df-97c2-9d19820fe5c0,2026-06-22T09:15:00Z,2026-06-22T11:15:00+0200,679.11,MW,DE,DE_LU,forecast_offshore_wind_generation,Wind Offshore,2026-07-05T23:38:26Z
2026-07-05T23:37:01Z,2026-07-06T01:37:01+0200,947116b8-3478-48df-97c2-9d19820fe5c0,2026-06-22T09:30:00Z,2026-06-22T11:30:00+0200,666.64,MW,DE,DE_LU,forecast_offshore_wind_generation,Wind Offshore,2026-07-05T23:38:26Z
2026-07-05T23:37:01Z,2026-07-06T01:37:01+0200,947116b8-3478-48df-97c2-9d19820fe5c0,2026-06-22T09:45:00Z,2026-06-22T11:45:00+0200,652.09,MW,DE,DE_LU,forecast_offshore_wind_generation,Wind Offshore,2026-07-05T23:38:26Z
2026-07-05T23:37:01Z,2026-07-06T01:37:01+0200,947116b8-3478-48df-97c2-9d19820fe5c0,2026-06-22T10:00:00Z,2026-06-22T12:00:00+0200,647.16,MW,DE,DE_LU,forecast_offshore_wind_generation,Wind Offshore,2026-07-05T23:38:26Z
2026-07-05T23:37:01Z,2026-07-06T01:37:01+0200,947116b8-3478-48df-97c2-9d19820fe5c0,2026-06-22T10:15:00Z,2026-06-22T12:15:00+0200,648.06,MW,DE,DE_LU,forecast_offshore_wind_generation,Wind Offshore,2026-07-05T23:38:26Z
2026-07-05T23:37:01Z,2026-07-06T01:37:01+0200,947116b8-3478-48df-97c2-9d19820fe5c0,2026-06-22T10:30:00Z,2026-06-22T12:30:00+0200,652.05,MW,DE,DE_LU,forecast_offshore_wind_generation,Wind Offshore,2026-07-05T23:38:26Z
2026-07-05T23:37:01Z,2026-07-06T01:37:01+0200,947116b8-3478-48df-97c2-9d19820fe5c0,2026-06-22T10:45:00Z,2026-06-22T12:45:00+0200,657.09,MW,DE,DE_LU,forecast_offshore_wind_generation,Wind Offshore,2026-07-05T23:38:26Z
2026-07-05T23:37:01Z,2026-07-06T01:37:01+0200,947116b8-3478-48df-97c2-9d19820fe5c0,2026-06-22T11:00:00Z,2026-06-22T13:00:00+0200,661.5,MW,DE,DE_LU,forecast_offshore_wind_generation,Wind Offshore,2026-07-05T23:38:26Z
2026-07-05T23:37:01Z,2026-07-06T01:37:01+0200,947116b8-3478-48df-97c2-9d19820fe5c0,2026-06-22T11:15:00Z,2026-06-22T13:15:00+0200,676.09,MW,DE,DE_LU,forecast_offshore_wind_generation,Wind Offshore,2026-07-05T23:38:26Z
2026-07-05T23:37:01Z,2026-07-06T01:37:01+0200,947116b8-3478-48df-97c2-9d19820fe5c0,2026-06-22T11:30:00Z,2026-06-22T13:30:00+0200,685.73,MW,DE,DE_LU,forecast_offshore_wind_generation,Wind Offshore,2026-07-05T23:38:26Z
2026-07-05T23:37:01Z,2026-07-06T01:37:01+0200,947116b8-3478-48df-97c2-9d19820fe5c0,2026-06-22T11:45:00Z,2026-06-22T13:45:00+0200,701.5,MW,DE,DE_LU,forecast_offshore_wind_generation,Wind Offshore,2026-07-05T23:38:26Z
2026-07-05T23:37:01Z,2026-07-06T01:37:01+0200,947116b8-3478-48df-97c2-9d19820fe5c0,2026-06-22T12:00:00Z,2026-06-22T14:00:00+0200,723.06,MW,DE,DE_LU,forecast_offshore_wind_generation,Wind Offshore,2026-07-05T23:38:26Z
2026-07-05T23:37:01Z,2026-07-06T01:37:01+0200,947116b8-3478-48df-97c2-9d19820fe5c0,2026-06-22T12:15:00Z,2026-06-22T14:15:00+0200,734.56,MW,DE,DE_LU,forecast_offshore_wind_generation,Wind Offshore,2026-07-05T23:38:26Z
2026-07-05T23:37:01Z,2026-07-06T01:37:01+0200,947116b8-3478-48df-97c2-9d19820fe5c0,2026-06-22T12:30:00Z,2026-06-22T14:30:00+0200,749.87,MW,DE,DE_LU,forecast_offshore_wind_generation,Wind Offshore,2026-07-05T23:38:26Z
2026-07-05T23:37:01Z,2026-07-06T01:37:01+0200,947116b8-3478-48df-97c2-9d19820fe5c0,2026-06-22T12:45:00Z,2026-06-22T14:45:00+0200,764.23,MW,DE,DE_LU,forecast_offshore_wind_generation,Wind Offshore,2026-07-05T23:38:26Z
2026-07-05T23:37:01Z,2026-07-06T01:37:01+0200,947116b8-3478-48df-97c2-9d19820fe5c0,2026-06-22T13:00:00Z,2026-06-22T15:00:00+0200,785.1,MW,DE,DE_LU,forecast_offshore_wind_generation,Wind Offshore,2026-07-05T23:38:26Z
2026-07-05T23:37:01Z,2026-07-06T01:37:01+0200,947116b8-3478-48df-97c2-9d19820fe5c0,2026-06-22T13:15:00Z,2026-06-22T15:15:00+0200,813.18,MW,DE,DE_LU,forecast_offshore_wind_generation,Wind Offshore,2026-07-05T23:38:26Z
2026-07-05T23:37:01Z,2026-07-06T01:37:01+0200,947116b8-3478-48df-97c2-9d19820fe5c0,2026-06-22T13:30:00Z,2026-06-22T15:30:00+0200,846.12,MW,DE,DE_LU,forecast_offshore_wind_generation,Wind Offshore,2026-07-05T23:38:26Z
2026-07-05T23:37:01Z,2026-07-06T01:37:01+0200,947116b8-3478-48df-97c2-9d19820fe5c0,2026-06-22T13:45:00Z,2026-06-22T15:45:00+0200,871.07,MW,DE,DE_LU,forecast_offshore_wind_generation,Wind Offshore,2026-07-05T23:38:26Z
2026-07-05T23:37:01Z,2026-07-06T01:37:01+0200,947116b8-3478-48df-97c2-9d19820fe5c0,2026-06-22T14:00:00Z,2026-06-22T16:00:00+0200,894.73,MW,DE,DE_LU,forecast_offshore_wind_generation,Wind Offshore,2026-07-05T23:38:26Z
2026-07-05T23:37:01Z,2026-07-06T01:37:01+0200,947116b8-3478-48df-97c2-9d19820fe5c0,2026-06-22T14:15:00Z,2026-06-22T16:15:00+0200,973.61,MW,DE,DE_LU,forecast_offshore_wind_generation,Wind Offshore,2026-07-05T23:38:26Z
2026-07-05T23:37:01Z,2026-07-06T01:37:01+0200,947116b8-3478-48df-97c2-9d19820fe5c0,2026-06-22T14:30:00Z,2026-06-22T16:30:00+0200,1004.5,MW,DE,DE_LU,forecast_offshore_wind_generation,Wind Offshore,2026-07-05T23:38:26Z
2026-07-05T23:37:01Z,2026-07-06T01:37:01+0200,947116b8-3478-48df-97c2-9d19820fe5c0,2026-06-22T14:45:00Z,2026-06-22T16:45:00+0200,1033.3,MW,DE,DE_LU,forecast_offshore_wind_generation,Wind Offshore,2026-07-05T23:38:26Z
2026-07-05T23:37:01Z,2026-07-06T01:37:01+0200,947116b8-3478-48df-97c2-9d19820fe5c0,2026-06-22T15:00:00Z,2026-06-22T17:00:00+0200,1064.79,MW,DE,DE_LU,forecast_offshore_wind_generation,Wind Offshore,2026-07-05T23:38:26Z
2026-07-05T23:37:01Z,2026-07-06T01:37:01+0200,947116b8-3478-48df-97c2-9d19820fe5c0,2026-06-22T15:15:00Z,2026-06-22T17:15:00+0200,1080.6,MW,DE,DE_LU,forecast_offshore_wind_generation,Wind Offshore,2026-07-05T23:38:26Z
2026-07-05T23:37:01Z,2026-07-06T01:37:01+0200,947116b8-3478-48df-97c2-9d19820fe5c0,2026-06-22T15:30:00Z,2026-06-22T17:30:00+0200,1100.54,MW,DE,DE_LU,forecast_offshore_wind_generation,Wind Offshore,2026-07-05T23:38:26Z
2026-07-05T23:37:01Z,2026-07-06T01:37:01+0200,947116b8-3478-48df-97c2-9d19820fe5c0,2026-06-22T15:45:00Z,2026-06-22T17:45:00+0200,1120.56,MW,DE,DE_LU,forecast_offshore_wind_generation,Wind Offshore,2026-07-05T23:38:26Z
2026-07-05T23:37:01Z,2026-07-06T01:37:01+0200,947116b8-3478-48df-97c2-9d19820fe5c0,2026-06-22T16:00:00Z,2026-06-22T18:00:00+0200,1132.74,MW,DE,DE_LU,forecast_offshore_wind_generation,Wind Offshore,2026-07-05T23:38:26Z
2026-07-05T23:37:01Z,2026-07-06T01:37:01+0200,947116b8-3478-48df-97c2-9d19820fe5c0,2026-06-22T16:15:00Z,2026-06-22T18:15:00+0200,1167.33,MW,DE,DE_LU,forecast_offshore_wind_generation,Wind Offshore,2026-07-05T23:38:26Z
2026-07-05T23:37:01Z,2026-07-06T01:37:01+0200,947116b8-3478-48df-97c2-9d19820fe5c0,2026-06-22T16:30:00Z,2026-06-22T18:30:00+0200,1168.58,MW,DE,DE_LU,forecast_offshore_wind_generation,Wind Offshore,2026-07-05T23:38:26Z
2026-07-05T23:37:01Z,2026-07-06T01:37:01+0200,947116b8-3478-48df-97c2-9d19820fe5c0,2026-06-22T16:45:00Z,2026-06-22T18:45:00+0200,1173.64,MW,DE,DE_LU,forecast_offshore_wind_generation,Wind Offshore,2026-07-05T23:38:26Z
2026-07-05T23:37:01Z,2026-07-06T01:37:01+0200,947116b8-3478-48df-97c2-9d19820fe5c0,2026-06-22T17:00:00Z,2026-06-22T19:00:00+0200,1172.65,MW,DE,DE_LU,forecast_offshore_wind_generation,Wind Offshore,2026-07-05T23:38:26Z
2026-07-05T23:37:01Z,2026-07-06T01:37:01+0200,947116b8-3478-48df-97c2-9d19820fe5c0,2026-06-22T17:15:00Z,2026-06-22T19:15:00+0200,1167.75,MW,DE,DE_LU,forecast_offshore_wind_generation,Wind Offshore,2026-07-05T23:38:26Z
2026-07-05T23:37:01Z,2026-07-06T01:37:01+0200,947116b8-3478-48df-97c2-9d19820fe5c0,2026-06-22T17:30:00Z,2026-06-22T19:30:00+0200,1158.98,MW,DE,DE_LU,forecast_offshore_wind_generation,Wind Offshore,2026-07-05T23:38:26Z
2026-07-05T23:37:01Z,2026-07-06T01:37:01+0200,947116b8-3478-48df-97c2-9d19820fe5c0,2026-06-22T17:45:00Z,2026-06-22T19:45:00+0200,1157.15,MW,DE,DE_LU,forecast_offshore_wind_generation,Wind Offshore,2026-07-05T23:38:26Z
2026-07-05T23:37:01Z,2026-07-06T01:37:01+0200,947116b8-3478-48df-97c2-9d19820fe5c0,2026-06-22T18:00:00Z,2026-06-22T20:00:00+0200,1152.28,MW,DE,DE_LU,forecast_offshore_wind_generation,Wind Offshore,2026-07-05T23:38:26Z
2026-07-05T23:37:01Z,2026-07-06T01:37:01+0200,947116b8-3478-48df-97c2-9d19820fe5c0,2026-06-22T18:15:00Z,2026-06-22T20:15:00+0200,1130.66,MW,DE,DE_LU,forecast_offshore_wind_generation,Wind Offshore,2026-07-05T23:38:26Z
2026-07-05T23:37:01Z,2026-07-06T01:37:01+0200,947116b8-3478-48df-97c2-9d19820fe5c0,2026-06-22T18:30:00Z,2026-06-22T20:30:00+0200,1110.95,MW,DE,DE_LU,forecast_offshore_wind_generation,Wind Offshore,2026-07-05T23:38:26Z
2026-07-05T23:37:01Z,2026-07-06T01:37:01+0200,947116b8-3478-48df-97c2-9d19820fe5c0,2026-06-22T18:45:00Z,2026-06-22T20:45:00+0200,1095.6,MW,DE,DE_LU,forecast_offshore_wind_generation,Wind Offshore,2026-07-05T23:38:26Z
2026-07-05T23:37:01Z,2026-07-06T01:37:01+0200,947116b8-3478-48df-97c2-9d19820fe5c0,2026-06-22T19:00:00Z,2026-06-22T21:00:00+0200,1072.4,MW,DE,DE_LU,forecast_offshore_wind_generation,Wind Offshore,2026-07-05T23:38:26Z
2026-07-05T23:37:01Z,2026-07-06T01:37:01+0200,947116b8-3478-48df-97c2-9d19820fe5c0,2026-06-22T19:15:00Z,2026-06-22T21:15:00+0200,1040.45,MW,DE,DE_LU,forecast_offshore_wind_generation,Wind Offshore,2026-07-05T23:38:26Z
2026-07-05T23:37:01Z,2026-07-06T01:37:01+0200,947116b8-3478-48df-97c2-9d19820fe5c0,2026-06-22T19:30:00Z,2026-06-22T21:30:00+0200,1009.37,MW,DE,DE_LU,forecast_offshore_wind_generation,Wind Offshore,2026-07-05T23:38:26Z
2026-07-05T23:37:01Z,2026-07-06T01:37:01+0200,947116b8-3478-48df-97c2-9d19820fe5c0,2026-06-22T19:45:00Z,2026-06-22T21:45:00+0200,984.86,MW,DE,DE_LU,forecast_offshore_wind_generation,Wind Offshore,2026-07-05T23:38:26Z
2026-07-05T23:37:01Z,2026-07-06T01:37:01+0200,947116b8-3478-48df-97c2-9d19820fe5c0,2026-06-22T20:00:00Z,2026-06-22T22:00:00+0200,955.48,MW,DE,DE_LU,forecast_offshore_wind_generation,Wind Offshore,2026-07-05T23:38:26Z
2026-07-05T23:37:01Z,2026-07-06T01:37:01+0200,947116b8-3478-48df-97c2-9d19820fe5c0,2026-06-22T20:15:00Z,2026-06-22T22:15:00+0200,926.87,MW,DE,DE_LU,forecast_offshore_wind_generation,Wind Offshore,2026-07-05T23:38:26Z
2026-07-05T23:37:01Z,2026-07-06T01:37:01+0200,947116b8-3478-48df-97c2-9d19820fe5c0,2026-06-22T20:30:00Z,2026-06-22T22:30:00+0200,896.97,MW,DE,DE_LU,forecast_offshore_wind_generation,Wind Offshore,2026-07-05T23:38:26Z
2026-07-05T23:37:01Z,2026-07-06T01:37:01+0200,947116b8-3478-48df-97c2-9d19820fe5c0,2026-06-22T20:45:00Z,2026-06-22T22:45:00+0200,865.11,MW,DE,DE_LU,forecast_offshore_wind_generation,Wind Offshore,2026-07-05T23:38:26Z
2026-07-05T23:37:01Z,2026-07-06T01:37:01+0200,947116b8-3478-48df-97c2-9d19820fe5c0,2026-06-22T21:00:00Z,2026-06-22T23:00:00+0200,832.49,MW,DE,DE_LU,forecast_offshore_wind_generation,Wind Offshore,2026-07-05T23:38:26Z
2026-07-05T23:37:01Z,2026-07-06T01:37:01+0200,947116b8-3478-48df-97c2-9d19820fe5c0,2026-06-22T21:15:00Z,2026-06-22T23:15:00+0200,791.71,MW,DE,DE_LU,forecast_offshore_wind_generation,Wind Offshore,2026-07-05T23:38:26Z
2026-07-05T23:37:01Z,2026-07-06T01:37:01+0200,947116b8-3478-48df-97c2-9d19820fe5c0,2026-06-22T21:30:00Z,2026-06-22T23:30:00+0200,757.04,MW,DE,DE_LU,forecast_offshore_wind_generation,Wind Offshore,2026-07-05T23:38:26Z
2026-07-05T23:37:01Z,2026-07-06T01:37:01+0200,947116b8-3478-48df-97c2-9d19820fe5c0,2026-06-22T21:45:00Z,2026-06-22T23:45:00+0200,711.46,MW,DE,DE_LU,forecast_offshore_wind_generation,Wind Offshore,2026-07-05T23:38:26Z
2026-07-05T23:37:01Z,2026-07-06T01:37:01+0200,947116b8-3478-48df-97c2-9d19820fe5c0,2026-06-22T22:00:00Z,2026-06-23T00:00:00+0200,824.08,MW,DE,DE_LU,forecast_offshore_wind_generation,Wind Offshore,2026-07-05T23:38:26Z
2026-07-05T23:37:01Z,2026-07-06T01:37:01+0200,947116b8-3478-48df-97c2-9d19820fe5c0,2026-06-22T22:15:00Z,2026-06-23T00:15:00+0200,778.12,MW,DE,DE_LU,forecast_offshore_wind_generation,Wind Offshore,2026-07-05T23:38:26Z
2026-07-05T23:37:01Z,2026-07-06T01:37:01+0200,947116b8-3478-48df-97c2-9d19820fe5c0,2026-06-22T22:30:00Z,2026-06-23T00:30:00+0200,735.16,MW,DE,DE_LU,forecast_offshore_wind_generation,Wind Offshore,2026-07-05T23:38:26Z
2026-07-05T23:37:01Z,2026-07-06T01:37:01+0200,947116b8-3478-48df-97c2-9d19820fe5c0,2026-06-22T22:45:00Z,2026-06-23T00:45:00+0200,688.18,MW,DE,DE_LU,forecast_offshore_wind_generation,Wind Offshore,2026-07-05T23:38:26Z
2026-07-05T23:37:01Z,2026-07-06T01:37:01+0200,947116b8-3478-48df-97c2-9d19820fe5c0,2026-06-22T23:00:00Z,2026-06-23T01:00:00+0200,646.03,MW,DE,DE_LU,forecast_offshore_wind_generation,Wind Offshore,2026-07-05T23:38:26Z
2026-07-05T23:37:01Z,2026-07-06T01:37:01+0200,947116b8-3478-48df-97c2-9d19820fe5c0,2026-06-22T23:15:00Z,2026-06-23T01:15:00+0200,610.13,MW,DE,DE_LU,forecast_offshore_wind_generation,Wind Offshore,2026-07-05T23:38:26Z
2026-07-05T23:37:01Z,2026-07-06T01:37:01+0200,947116b8-3478-48df-97c2-9d19820fe5c0,2026-06-22T23:30:00Z,2026-06-23T01:30:00+0200,569.27,MW,DE,DE_LU,forecast_offshore_wind_generation,Wind Offshore,2026-07-05T23:38:26Z
2026-07-05T23:37:01Z,2026-07-06T01:37:01+0200,947116b8-3478-48df-97c2-9d19820fe5c0,2026-06-22T23:45:00Z,2026-06-23T01:45:00+0200,531.48,MW,DE,DE_LU,forecast_offshore_wind_generation,Wind Offshore,2026-07-05T23:38:26Z
2026-07-05T23:37:01Z,2026-07-06T01:37:01+0200,947116b8-3478-48df-97c2-9d19820fe5c0,2026-06-23T00:00:00Z,2026-06-23T02:00:00+0200,495.78,MW,DE,DE_LU,forecast_offshore_wind_generation,Wind Offshore,2026-07-05T23:38:26Z
2026-07-05T23:37:01Z,2026-07-06T01:37:01+0200,947116b8-3478-48df-97c2-9d19820fe5c0,2026-06-23T00:15:00Z,2026-06-23T02:15:00+0200,466.41,MW,DE,DE_LU,forecast_offshore_wind_generation,Wind Offshore,2026-07-05T23:38:26Z
2026-07-05T23:37:01Z,2026-07-06T01:37:01+0200,947116b8-3478-48df-97c2-9d19820fe5c0,2026-06-23T00:30:00Z,2026-06-23T02:30:00+0200,441.05,MW,DE,DE_LU,forecast_offshore_wind_generation,Wind Offshore,2026-07-05T23:38:26Z
2026-07-05T23:37:01Z,2026-07-06T01:37:01+0200,947116b8-3478-48df-97c2-9d19820fe5c0,2026-06-23T00:45:00Z,2026-06-23T02:45:00+0200,412.69,MW,DE,DE_LU,forecast_offshore_wind_generation,Wind Offshore,2026-07-05T23:38:26Z
2026-07-05T23:37:01Z,2026-07-06T01:37:01+0200,947116b8-3478-48df-97c2-9d19820fe5c0,2026-06-23T01:00:00Z,2026-06-23T03:00:00+0200,383.36,MW,DE,DE_LU,forecast_offshore_wind_generation,Wind Offshore,2026-07-05T23:38:26Z
2026-07-05T23:37:01Z,2026-07-06T01:37:01+0200,947116b8-3478-48df-97c2-9d19820fe5c0,2026-06-23T01:15:00Z,2026-06-23T03:15:00+0200,366.7,MW,DE,DE_LU,forecast_offshore_wind_generation,Wind Offshore,2026-07-05T23:38:26Z
2026-07-05T23:37:01Z,2026-07-06T01:37:01+0200,947116b8-3478-48df-97c2-9d19820fe5c0,2026-06-23T01:30:00Z,2026-06-23T03:30:00+0200,344.02,MW,DE,DE_LU,forecast_offshore_wind_generation,Wind Offshore,2026-07-05T23:38:26Z
2026-07-05T23:37:01Z,2026-07-06T01:37:01+0200,947116b8-3478-48df-97c2-9d19820fe5c0,2026-06-23T01:45:00Z,2026-06-23T03:45:00+0200,318.35,MW,DE,DE_LU,forecast_offshore_wind_generation,Wind Offshore,2026-07-05T23:38:26Z
2026-07-05T23:37:01Z,2026-07-06T01:37:01+0200,947116b8-3478-48df-97c2-9d19820fe5c0,2026-06-23T02:00:00Z,2026-06-23T04:00:00+0200,303.93,MW,DE,DE_LU,forecast_offshore_wind_generation,Wind Offshore,2026-07-05T23:38:26Z
2026-07-05T23:37:01Z,2026-07-06T01:37:01+0200,947116b8-3478-48df-97c2-9d19820fe5c0,2026-06-23T02:15:00Z,2026-06-23T04:15:00+0200,296.5,MW,DE,DE_LU,forecast_offshore_wind_generation,Wind Offshore,2026-07-05T23:38:26Z
2026-07-05T23:37:01Z,2026-07-06T01:37:01+0200,947116b8-3478-48df-97c2-9d19820fe5c0,2026-06-23T02:30:00Z,2026-06-23T04:30:00+0200,290.15,MW,DE,DE_LU,forecast_offshore_wind_generation,Wind Offshore,2026-07-05T23:38:26Z
2026-07-05T23:37:01Z,2026-07-06T01:37:01+0200,947116b8-3478-48df-97c2-9d19820fe5c0,2026-06-23T02:45:00Z,2026-06-23T04:45:00+0200,285.8,MW,DE,DE_LU,forecast_offshore_wind_generation,Wind Offshore,2026-07-05T23:38:26Z
2026-07-05T23:37:01Z,2026-07-06T01:37:01+0200,947116b8-3478-48df-97c2-9d19820fe5c0,2026-06-23T03:00:00Z,2026-06-23T05:00:00+0200,279.12,MW,DE,DE_LU,forecast_offshore_wind_generation,Wind Offshore,2026-07-05T23:38:26Z
2026-07-05T23:37:01Z,2026-07-06T01:37:01+0200,947116b8-3478-48df-97c2-9d19820fe5c0,2026-06-23T03:15:00Z,2026-06-23T05:15:00+0200,277.61,MW,DE,DE_LU,forecast_offshore_wind_generation,Wind Offshore,2026-07-05T23:38:26Z
2026-07-05T23:37:01Z,2026-07-06T01:37:01+0200,947116b8-3478-48df-97c2-9d19820fe5c0,2026-06-23T03:30:00Z,2026-06-23T05:30:00+0200,277.15,MW,DE,DE_LU,forecast_offshore_wind_generation,Wind Offshore,2026-07-05T23:38:26Z
2026-07-05T23:37:01Z,2026-07-06T01:37:01+0200,947116b8-3478-48df-97c2-9d19820fe5c0,2026-06-23T03:45:00Z,2026-06-23T05:45:00+0200,279.64,MW,DE,DE_LU,forecast_offshore_wind_generation,Wind Offshore,2026-07-05T23:38:26Z
2026-07-05T23:37:01Z,2026-07-06T01:37:01+0200,947116b8-3478-48df-97c2-9d19820fe5c0,2026-06-23T04:00:00Z,2026-06-23T06:00:00+0200,273.49,MW,DE,DE_LU,forecast_offshore_wind_generation,Wind Offshore,2026-07-05T23:38:26Z
2026-07-05T23:37:01Z,2026-07-06T01:37:01+0200,947116b8-3478-48df-97c2-9d19820fe5c0,2026-06-23T04:15:00Z,2026-06-23T06:15:00+0200,258.84,MW,DE,DE_LU,forecast_offshore_wind_generation,Wind Offshore,2026-07-05T23:38:26Z
2026-07-05T23:37:01Z,2026-07-06T01:37:01+0200,947116b8-3478-48df-97c2-9d19820fe5c0,2026-06-23T04:30:00Z,2026-06-23T06:30:00+0200,249.2,MW,DE,DE_LU,forecast_offshore_wind_generation,Wind Offshore,2026-07-05T23:38:26Z
2026-07-05T23:37:01Z,2026-07-06T01:37:01+0200,947116b8-3478-48df-97c2-9d19820fe5c0,2026-06-23T04:45:00Z,2026-06-23T06:45:00+0200,238.58,MW,DE,DE_LU,forecast_offshore_wind_generation,Wind Offshore,2026-07-05T23:38:26Z
2026-07-05T23:37:01Z,2026-07-06T01:37:01+0200,947116b8-3478-48df-97c2-9d19820fe5c0,2026-06-23T05:00:00Z,2026-06-23T07:00:00+0200,229.16,MW,DE,DE_LU,forecast_offshore_wind_generation,Wind Offshore,2026-07-05T23:38:26Z
2026-07-05T23:37:01Z,2026-07-06T01:37:01+0200,947116b8-3478-48df-97c2-9d19820fe5c0,2026-06-23T05:15:00Z,2026-06-23T07:15:00+0200,219.82,MW,DE,DE_LU,forecast_offshore_wind_generation,Wind Offshore,2026-07-05T23:38:26Z
2026-07-05T23:37:01Z,2026-07-06T01:37:01+0200,947116b8-3478-48df-97c2-9d19820fe5c0,2026-06-23T05:30:00Z,2026-06-23T07:30:00+0200,215.56,MW,DE,DE_LU,forecast_offshore_wind_generation,Wind Offshore,2026-07-05T23:38:26Z
2026-07-05T23:37:01Z,2026-07-06T01:37:01+0200,947116b8-3478-48df-97c2-9d19820fe5c0,2026-06-23T05:45:00Z,2026-06-23T07:45:00+0200,205.3,MW,DE,DE_LU,forecast_offshore_wind_generation,Wind Offshore,2026-07-05T23:38:26Z
2026-07-05T23:37:01Z,2026-07-06T01:37:01+0200,947116b8-3478-48df-97c2-9d19820fe5c0,2026-06-23T06:00:00Z,2026-06-23T08:00:00+0200,199.49,MW,DE,DE_LU,forecast_offshore_wind_generation,Wind Offshore,2026-07-05T23:38:26Z
2026-07-05T23:37:01Z,2026-07-06T01:37:01+0200,947116b8-3478-48df-97c2-9d19820fe5c0,2026-06-23T06:15:00Z,2026-06-23T08:15:00+0200,191.72,MW,DE,DE_LU,forecast_offshore_wind_generation,Wind Offshore,2026-07-05T23:38:26Z
2026-07-05T23:37:01Z,2026-07-06T01:37:01+0200,947116b8-3478-48df-97c2-9d19820fe5c0,2026-06-23T06:30:00Z,2026-06-23T08:30:00+0200,183.06,MW,DE,DE_LU,forecast_offshore_wind_generation,Wind Offshore,2026-07-05T23:38:26Z
2026-07-05T23:37:01Z,2026-07-06T01:37:01+0200,947116b8-3478-48df-97c2-9d19820fe5c0,2026-06-23T06:45:00Z,2026-06-23T08:45:00+0200,174.44,MW,DE,DE_LU,forecast_offshore_wind_generation,Wind Offshore,2026-07-05T23:38:26Z
2026-07-05T23:37:01Z,2026-07-06T01:37:01+0200,947116b8-3478-48df-97c2-9d19820fe5c0,2026-06-23T07:00:00Z,2026-06-23T09:00:00+0200,166.43,MW,DE,DE_LU,forecast_offshore_wind_generation,Wind Offshore,2026-07-05T23:38:26Z
2026-07-05T23:37:01Z,2026-07-06T01:37:01+0200,947116b8-3478-48df-97c2-9d19820fe5c0,2026-06-23T07:15:00Z,2026-06-23T09:15:00+0200,159.25,MW,DE,DE_LU,forecast_offshore_wind_generation,Wind Offshore,2026-07-05T23:38:26Z
2026-07-05T23:37:01Z,2026-07-06T01:37:01+0200,947116b8-3478-48df-97c2-9d19820fe5c0,2026-06-23T07:30:00Z,2026-06-23T09:30:00+0200,144.05,MW,DE,DE_LU,forecast_offshore_wind_generation,Wind Offshore,2026-07-05T23:38:26Z
2026-07-05T23:37:01Z,2026-07-06T01:37:01+0200,947116b8-3478-48df-97c2-9d19820fe5c0,2026-06-23T07:45:00Z,2026-06-23T09:45:00+0200,133.72,MW,DE,DE_LU,forecast_offshore_wind_generation,Wind Offshore,2026-07-05T23:38:26Z
2026-07-05T23:37:01Z,2026-07-06T01:37:01+0200,947116b8-3478-48df-97c2-9d19820fe5c0,2026-06-23T08:00:00Z,2026-06-23T10:00:00+0200,128.93,MW,DE,DE_LU,forecast_offshore_wind_generation,Wind Offshore,2026-07-05T23:38:26Z
2026-07-05T23:37:01Z,2026-07-06T01:37:01+0200,947116b8-3478-48df-97c2-9d19820fe5c0,2026-06-23T08:15:00Z,2026-06-23T10:15:00+0200,126.58,MW,DE,DE_LU,forecast_offshore_wind_generation,Wind Offshore,2026-07-05T23:38:26Z
2026-07-05T23:37:01Z,2026-07-06T01:37:01+0200,947116b8-3478-48df-97c2-9d19820fe5c0,2026-06-23T08:30:00Z,2026-06-23T10:30:00+0200,117.41,MW,DE,DE_LU,forecast_offshore_wind_generation,Wind Offshore,2026-07-05T23:38:26Z
2026-07-05T23:37:01Z,2026-07-06T01:37:01+0200,947116b8-3478-48df-97c2-9d19820fe5c0,2026-06-23T08:45:00Z,2026-06-23T10:45:00+0200,116.44,MW,DE,DE_LU,forecast_offshore_wind_generation,Wind Offshore,2026-07-05T23:38:26Z
2026-07-05T23:37:01Z,2026-07-06T01:37:01+0200,947116b8-3478-48df-97c2-9d19820fe5c0,2026-06-23T09:00:00Z,2026-06-23T11:00:00+0200,120.13,MW,DE,DE_LU,forecast_offshore_wind_generation,Wind Offshore,2026-07-05T23:38:26Z
2026-07-05T23:37:01Z,2026-07-06T01:37:01+0200,947116b8-3478-48df-97c2-9d19820fe5c0,2026-06-23T09:15:00Z,2026-06-23T11:15:00+0200,123.42,MW,DE,DE_LU,forecast_offshore_wind_generation,Wind Offshore,2026-07-05T23:38:26Z
2026-07-05T23:37:01Z,2026-07-06T01:37:01+0200,947116b8-3478-48df-97c2-9d19820fe5c0,2026-06-23T09:30:00Z,2026-06-23T11:30:00+0200,127.71,MW,DE,DE_LU,forecast_offshore_wind_generation,Wind Offshore,2026-07-05T23:38:26Z
2026-07-05T23:37:01Z,2026-07-06T01:37:01+0200,947116b8-3478-48df-97c2-9d19820fe5c0,2026-06-23T09:45:00Z,2026-06-23T11:45:00+0200,131.05,MW,DE,DE_LU,forecast_offshore_wind_generation,Wind Offshore,2026-07-05T23:38:26Z
2026-07-05T23:37:01Z,2026-07-06T01:37:01+0200,947116b8-3478-48df-97c2-9d19820fe5c0,2026-06-23T10:00:00Z,2026-06-23T12:00:00+0200,132.73,MW,DE,DE_LU,forecast_offshore_wind_generation,Wind Offshore,2026-07-05T23:38:26Z
2026-07-05T23:37:01Z,2026-07-06T01:37:01+0200,947116b8-3478-48df-97c2-9d19820fe5c0,2026-06-23T10:15:00Z,2026-06-23T12:15:00+0200,137.25,MW,DE,DE_LU,forecast_offshore_wind_generation,Wind Offshore,2026-07-05T23:38:26Z
2026-07-05T23:37:01Z,2026-07-06T01:37:01+0200,947116b8-3478-48df-97c2-9d19820fe5c0,2026-06-23T10:30:00Z,2026-06-23T12:30:00+0200,139.07,MW,DE,DE_LU,forecast_offshore_wind_generation,Wind Offshore,2026-07-05T23:38:26Z
2026-07-05T23:37:01Z,2026-07-06T01:37:01+0200,947116b8-3478-48df-97c2-9d19820fe5c0,2026-06-23T10:45:00Z,2026-06-23T12:45:00+0200,141.05,MW,DE,DE_LU,forecast_offshore_wind_generation,Wind Offshore,2026-07-05T23:38:26Z
2026-07-05T23:37:01Z,2026-07-06T01:37:01+0200,947116b8-3478-48df-97c2-9d19820fe5c0,2026-06-23T11:00:00Z,2026-06-23T13:00:00+0200,143.24,MW,DE,DE_LU,forecast_offshore_wind_generation,Wind Offshore,2026-07-05T23:38:26Z
2026-07-05T23:37:01Z,2026-07-06T01:37:01+0200,947116b8-3478-48df-97c2-9d19820fe5c0,2026-06-23T11:15:00Z,2026-06-23T13:15:00+0200,147.85,MW,DE,DE_LU,forecast_offshore_wind_generation,Wind Offshore,2026-07-05T23:38:26Z
2026-07-05T23:37:01Z,2026-07-06T01:37:01+0200,947116b8-3478-48df-97c2-9d19820fe5c0,2026-06-23T11:30:00Z,2026-06-23T13:30:00+0200,152.49,MW,DE,DE_LU,forecast_offshore_wind_generation,Wind Offshore,2026-07-05T23:38:26Z
2026-07-05T23:37:01Z,2026-07-06T01:37:01+0200,947116b8-3478-48df-97c2-9d19820fe5c0,2026-06-23T11:45:00Z,2026-06-23T13:45:00+0200,157.18,MW,DE,DE_LU,forecast_offshore_wind_generation,Wind Offshore,2026-07-05T23:38:26Z
2026-07-05T23:37:01Z,2026-07-06T01:37:01+0200,947116b8-3478-48df-97c2-9d19820fe5c0,2026-06-23T12:00:00Z,2026-06-23T14:00:00+0200,163.46,MW,DE,DE_LU,forecast_offshore_wind_generation,Wind Offshore,2026-07-05T23:38:26Z
2026-07-05T23:37:01Z,2026-07-06T01:37:01+0200,947116b8-3478-48df-97c2-9d19820fe5c0,2026-06-23T12:15:00Z,2026-06-23T14:15:00+0200,166.29,MW,DE,DE_LU,forecast_offshore_wind_generation,Wind Offshore,2026-07-05T23:38:26Z
2026-07-05T23:37:01Z,2026-07-06T01:37:01+0200,947116b8-3478-48df-97c2-9d19820fe5c0,2026-06-23T12:30:00Z,2026-06-23T14:30:00+0200,170.17,MW,DE,DE_LU,forecast_offshore_wind_generation,Wind Offshore,2026-07-05T23:38:26Z
2026-07-05T23:37:01Z,2026-07-06T01:37:01+0200,947116b8-3478-48df-97c2-9d19820fe5c0,2026-06-23T12:45:00Z,2026-06-23T14:45:00+0200,176.14,MW,DE,DE_LU,forecast_offshore_wind_generation,Wind Offshore,2026-07-05T23:38:26Z
2026-07-05T23:37:01Z,2026-07-06T01:37:01+0200,947116b8-3478-48df-97c2-9d19820fe5c0,2026-06-23T13:00:00Z,2026-06-23T15:00:00+0200,182.01,MW,DE,DE_LU,forecast_offshore_wind_generation,Wind Offshore,2026-07-05T23:38:26Z
2026-07-05T23:37:01Z,2026-07-06T01:37:01+0200,947116b8-3478-48df-97c2-9d19820fe5c0,2026-06-23T13:15:00Z,2026-06-23T15:15:00+0200,190.58,MW,DE,DE_LU,forecast_offshore_wind_generation,Wind Offshore,2026-07-05T23:38:26Z
2026-07-05T23:37:01Z,2026-07-06T01:37:01+0200,947116b8-3478-48df-97c2-9d19820fe5c0,2026-06-23T13:30:00Z,2026-06-23T15:30:00+0200,199.68,MW,DE,DE_LU,forecast_offshore_wind_generation,Wind Offshore,2026-07-05T23:38:26Z
2026-07-05T23:37:01Z,2026-07-06T01:37:01+0200,947116b8-3478-48df-97c2-9d19820fe5c0,2026-06-23T13:45:00Z,2026-06-23T15:45:00+0200,206.76,MW,DE,DE_LU,forecast_offshore_wind_generation,Wind Offshore,2026-07-05T23:38:26Z
2026-07-05T23:37:01Z,2026-07-06T01:37:01+0200,947116b8-3478-48df-97c2-9d19820fe5c0,2026-06-23T14:00:00Z,2026-06-23T16:00:00+0200,219.81,MW,DE,DE_LU,forecast_offshore_wind_generation,Wind Offshore,2026-07-05T23:38:26Z
2026-07-05T23:37:01Z,2026-07-06T01:37:01+0200,947116b8-3478-48df-97c2-9d19820fe5c0,2026-06-23T14:15:00Z,2026-06-23T16:15:00+0200,233.74,MW,DE,DE_LU,forecast_offshore_wind_generation,Wind Offshore,2026-07-05T23:38:26Z
2026-07-05T23:37:01Z,2026-07-06T01:37:01+0200,947116b8-3478-48df-97c2-9d19820fe5c0,2026-06-23T14:30:00Z,2026-06-23T16:30:00+0200,253.93,MW,DE,DE_LU,forecast_offshore_wind_generation,Wind Offshore,2026-07-05T23:38:26Z
2026-07-05T23:37:01Z,2026-07-06T01:37:01+0200,947116b8-3478-48df-97c2-9d19820fe5c0,2026-06-23T14:45:00Z,2026-06-23T16:45:00+0200,267.05,MW,DE,DE_LU,forecast_offshore_wind_generation,Wind Offshore,2026-07-05T23:38:26Z
2026-07-05T23:37:01Z,2026-07-06T01:37:01+0200,947116b8-3478-48df-97c2-9d19820fe5c0,2026-06-23T15:00:00Z,2026-06-23T17:00:00+0200,284.9,MW,DE,DE_LU,forecast_offshore_wind_generation,Wind Offshore,2026-07-05T23:38:26Z
2026-07-05T23:37:01Z,2026-07-06T01:37:01+0200,947116b8-3478-48df-97c2-9d19820fe5c0,2026-06-23T15:15:00Z,2026-06-23T17:15:00+0200,298.63,MW,DE,DE_LU,forecast_offshore_wind_generation,Wind Offshore,2026-07-05T23:38:26Z
2026-07-05T23:37:01Z,2026-07-06T01:37:01+0200,947116b8-3478-48df-97c2-9d19820fe5c0,2026-06-23T15:30:00Z,2026-06-23T17:30:00+0200,318.33,MW,DE,DE_LU,forecast_offshore_wind_generation,Wind Offshore,2026-07-05T23:38:26Z
2026-07-05T23:37:01Z,2026-07-06T01:37:01+0200,947116b8-3478-48df-97c2-9d19820fe5c0,2026-06-23T15:45:00Z,2026-06-23T17:45:00+0200,353.94,MW,DE,DE_LU,forecast_offshore_wind_generation,Wind Offshore,2026-07-05T23:38:26Z
2026-07-05T23:37:01Z,2026-07-06T01:37:01+0200,947116b8-3478-48df-97c2-9d19820fe5c0,2026-06-23T16:00:00Z,2026-06-23T18:00:00+0200,375.83,MW,DE,DE_LU,forecast_offshore_wind_generation,Wind Offshore,2026-07-05T23:38:26Z
2026-07-05T23:37:01Z,2026-07-06T01:37:01+0200,947116b8-3478-48df-97c2-9d19820fe5c0,2026-06-23T16:15:00Z,2026-06-23T18:15:00+0200,393.23,MW,DE,DE_LU,forecast_offshore_wind_generation,Wind Offshore,2026-07-05T23:38:26Z
2026-07-05T23:37:01Z,2026-07-06T01:37:01+0200,947116b8-3478-48df-97c2-9d19820fe5c0,2026-06-23T16:30:00Z,2026-06-23T18:30:00+0200,410.63,MW,DE,DE_LU,forecast_offshore_wind_generation,Wind Offshore,2026-07-05T23:38:26Z
2026-07-05T23:37:01Z,2026-07-06T01:37:01+0200,947116b8-3478-48df-97c2-9d19820fe5c0,2026-06-23T16:45:00Z,2026-06-23T18:45:00+0200,428.06,MW,DE,DE_LU,forecast_offshore_wind_generation,Wind Offshore,2026-07-05T23:38:26Z
2026-07-05T23:37:01Z,2026-07-06T01:37:01+0200,947116b8-3478-48df-97c2-9d19820fe5c0,2026-06-23T17:00:00Z,2026-06-23T19:00:00+0200,449.32,MW,DE,DE_LU,forecast_offshore_wind_generation,Wind Offshore,2026-07-05T23:38:26Z
2026-07-05T23:37:01Z,2026-07-06T01:37:01+0200,947116b8-3478-48df-97c2-9d19820fe5c0,2026-06-23T17:15:00Z,2026-06-23T19:15:00+0200,475.75,MW,DE,DE_LU,forecast_offshore_wind_generation,Wind Offshore,2026-07-05T23:38:26Z
2026-07-05T23:37:01Z,2026-07-06T01:37:01+0200,947116b8-3478-48df-97c2-9d19820fe5c0,2026-06-23T17:30:00Z,2026-06-23T19:30:00+0200,504.13,MW,DE,DE_LU,forecast_offshore_wind_generation,Wind Offshore,2026-07-05T23:38:26Z
2026-07-05T23:37:01Z,2026-07-06T01:37:01+0200,947116b8-3478-48df-97c2-9d19820fe5c0,2026-06-23T17:45:00Z,2026-06-23T19:45:00+0200,529.53,MW,DE,DE_LU,forecast_offshore_wind_generation,Wind Offshore,2026-07-05T23:38:26Z
2026-07-05T23:37:01Z,2026-07-06T01:37:01+0200,947116b8-3478-48df-97c2-9d19820fe5c0,2026-06-23T18:00:00Z,2026-06-23T20:00:00+0200,554.66,MW,DE,DE_LU,forecast_offshore_wind_generation,Wind Offshore,2026-07-05T23:38:26Z
2026-07-05T23:37:01Z,2026-07-06T01:37:01+0200,947116b8-3478-48df-97c2-9d19820fe5c0,2026-06-23T18:15:00Z,2026-06-23T20:15:00+0200,579.48,MW,DE,DE_LU,forecast_offshore_wind_generation,Wind Offshore,2026-07-05T23:38:26Z
2026-07-05T23:37:01Z,2026-07-06T01:37:01+0200,947116b8-3478-48df-97c2-9d19820fe5c0,2026-06-23T18:30:00Z,2026-06-23T20:30:00+0200,599.17,MW,DE,DE_LU,forecast_offshore_wind_generation,Wind Offshore,2026-07-05T23:38:26Z
2026-07-05T23:37:01Z,2026-07-06T01:37:01+0200,947116b8-3478-48df-97c2-9d19820fe5c0,2026-06-23T18:45:00Z,2026-06-23T20:45:00+0200,622.52,MW,DE,DE_LU,forecast_offshore_wind_generation,Wind Offshore,2026-07-05T23:38:26Z
2026-07-05T23:37:01Z,2026-07-06T01:37:01+0200,947116b8-3478-48df-97c2-9d19820fe5c0,2026-06-23T19:00:00Z,2026-06-23T21:00:00+0200,647.51,MW,DE,DE_LU,forecast_offshore_wind_generation,Wind Offshore,2026-07-05T23:38:26Z
2026-07-05T23:37:01Z,2026-07-06T01:37:01+0200,947116b8-3478-48df-97c2-9d19820fe5c0,2026-06-23T19:15:00Z,2026-06-23T21:15:00+0200,660.4,MW,DE,DE_LU,forecast_offshore_wind_generation,Wind Offshore,2026-07-05T23:38:26Z
2026-07-05T23:37:01Z,2026-07-06T01:37:01+0200,947116b8-3478-48df-97c2-9d19820fe5c0,2026-06-23T19:30:00Z,2026-06-23T21:30:00+0200,676.93,MW,DE,DE_LU,forecast_offshore_wind_generation,Wind Offshore,2026-07-05T23:38:26Z
2026-07-05T23:37:01Z,2026-07-06T01:37:01+0200,947116b8-3478-48df-97c2-9d19820fe5c0,2026-06-23T19:45:00Z,2026-06-23T21:45:00+0200,691.57,MW,DE,DE_LU,forecast_offshore_wind_generation,Wind Offshore,2026-07-05T23:38:26Z
2026-07-05T23:37:01Z,2026-07-06T01:37:01+0200,947116b8-3478-48df-97c2-9d19820fe5c0,2026-06-23T20:00:00Z,2026-06-23T22:00:00+0200,709.08,MW,DE,DE_LU,forecast_offshore_wind_generation,Wind Offshore,2026-07-05T23:38:26Z
2026-07-05T23:37:01Z,2026-07-06T01:37:01+0200,947116b8-3478-48df-97c2-9d19820fe5c0,2026-06-23T20:15:00Z,2026-06-23T22:15:00+0200,733.05,MW,DE,DE_LU,forecast_offshore_wind_generation,Wind Offshore,2026-07-05T23:38:26Z
2026-07-05T23:37:01Z,2026-07-06T01:37:01+0200,947116b8-3478-48df-97c2-9d19820fe5c0,2026-06-23T20:30:00Z,2026-06-23T22:30:00+0200,752.14,MW,DE,DE_LU,forecast_offshore_wind_generation,Wind Offshore,2026-07-05T23:38:26Z
2026-07-05T23:37:01Z,2026-07-06T01:37:01+0200,947116b8-3478-48df-97c2-9d19820fe5c0,2026-06-23T20:45:00Z,2026-06-23T22:45:00+0200,770.49,MW,DE,DE_LU,forecast_offshore_wind_generation,Wind Offshore,2026-07-05T23:38:26Z
2026-07-05T23:37:01Z,2026-07-06T01:37:01+0200,947116b8-3478-48df-97c2-9d19820fe5c0,2026-06-23T21:00:00Z,2026-06-23T23:00:00+0200,790.66,MW,DE,DE_LU,forecast_offshore_wind_generation,Wind Offshore,2026-07-05T23:38:26Z
2026-07-05T23:37:01Z,2026-07-06T01:37:01+0200,947116b8-3478-48df-97c2-9d19820fe5c0,2026-06-23T21:15:00Z,2026-06-23T23:15:00+0200,810.66,MW,DE,DE_LU,forecast_offshore_wind_generation,Wind Offshore,2026-07-05T23:38:26Z
2026-07-05T23:37:01Z,2026-07-06T01:37:01+0200,947116b8-3478-48df-97c2-9d19820fe5c0,2026-06-23T21:30:00Z,2026-06-23T23:30:00+0200,827.33,MW,DE,DE_LU,forecast_offshore_wind_generation,Wind Offshore,2026-07-05T23:38:26Z
2026-07-05T23:37:01Z,2026-07-06T01:37:01+0200,947116b8-3478-48df-97c2-9d19820fe5c0,2026-06-23T21:45:00Z,2026-06-23T23:45:00+0200,847.85,MW,DE,DE_LU,forecast_offshore_wind_generation,Wind Offshore,2026-07-05T23:38:26Z
2026-07-05T23:37:01Z,2026-07-06T01:37:01+0200,947116b8-3478-48df-97c2-9d19820fe5c0,2026-06-23T22:00:00Z,2026-06-24T00:00:00+0200,452.56,MW,DE,DE_LU,forecast_offshore_wind_generation,Wind Offshore,2026-07-05T23:38:26Z
2026-07-05T23:37:01Z,2026-07-06T01:37:01+0200,947116b8-3478-48df-97c2-9d19820fe5c0,2026-06-23T22:15:00Z,2026-06-24T00:15:00+0200,467.13,MW,DE,DE_LU,forecast_offshore_wind_generation,Wind Offshore,2026-07-05T23:38:26Z
2026-07-05T23:37:01Z,2026-07-06T01:37:01+0200,947116b8-3478-48df-97c2-9d19820fe5c0,2026-06-23T22:30:00Z,2026-06-24T00:30:00+0200,481.41,MW,DE,DE_LU,forecast_offshore_wind_generation,Wind Offshore,2026-07-05T23:38:26Z
2026-07-05T23:37:01Z,2026-07-06T01:37:01+0200,947116b8-3478-48df-97c2-9d19820fe5c0,2026-06-23T22:45:00Z,2026-06-24T00:45:00+0200,501.72,MW,DE,DE_LU,forecast_offshore_wind_generation,Wind Offshore,2026-07-05T23:38:26Z
2026-07-05T23:37:01Z,2026-07-06T01:37:01+0200,947116b8-3478-48df-97c2-9d19820fe5c0,2026-06-23T23:00:00Z,2026-06-24T01:00:00+0200,513.22,MW,DE,DE_LU,forecast_offshore_wind_generation,Wind Offshore,2026-07-05T23:38:26Z
2026-07-05T23:37:01Z,2026-07-06T01:37:01+0200,947116b8-3478-48df-97c2-9d19820fe5c0,2026-06-23T23:15:00Z,2026-06-24T01:15:00+0200,536.09,MW,DE,DE_LU,forecast_offshore_wind_generation,Wind Offshore,2026-07-05T23:38:26Z
2026-07-05T23:37:01Z,2026-07-06T01:37:01+0200,947116b8-3478-48df-97c2-9d19820fe5c0,2026-06-23T23:30:00Z,2026-06-24T01:30:00+0200,557.36,MW,DE,DE_LU,forecast_offshore_wind_generation,Wind Offshore,2026-07-05T23:38:26Z
2026-07-05T23:37:01Z,2026-07-06T01:37:01+0200,947116b8-3478-48df-97c2-9d19820fe5c0,2026-06-23T23:45:00Z,2026-06-24T01:45:00+0200,581.34,MW,DE,DE_LU,forecast_offshore_wind_generation,Wind Offshore,2026-07-05T23:38:26Z
2026-07-05T23:37:01Z,2026-07-06T01:37:01+0200,947116b8-3478-48df-97c2-9d19820fe5c0,2026-06-24T00:00:00Z,2026-06-24T02:00:00+0200,606.21,MW,DE,DE_LU,forecast_offshore_wind_generation,Wind Offshore,2026-07-05T23:38:26Z
2026-07-05T23:37:01Z,2026-07-06T01:37:01+0200,947116b8-3478-48df-97c2-9d19820fe5c0,2026-06-24T00:15:00Z,2026-06-24T02:15:00+0200,627.9,MW,DE,DE_LU,forecast_offshore_wind_generation,Wind Offshore,2026-07-05T23:38:26Z
2026-07-05T23:37:01Z,2026-07-06T01:37:01+0200,947116b8-3478-48df-97c2-9d19820fe5c0,2026-06-24T00:30:00Z,2026-06-24T02:30:00+0200,646.65,MW,DE,DE_LU,forecast_offshore_wind_generation,Wind Offshore,2026-07-05T23:38:26Z
2026-07-05T23:37:01Z,2026-07-06T01:37:01+0200,947116b8-3478-48df-97c2-9d19820fe5c0,2026-06-24T00:45:00Z,2026-06-24T02:45:00+0200,671.4,MW,DE,DE_LU,forecast_offshore_wind_generation,Wind Offshore,2026-07-05T23:38:26Z
2026-07-05T23:37:01Z,2026-07-06T01:37:01+0200,947116b8-3478-48df-97c2-9d19820fe5c0,2026-06-24T01:00:00Z,2026-06-24T03:00:00+0200,686.15,MW,DE,DE_LU,forecast_offshore_wind_generation,Wind Offshore,2026-07-05T23:38:26Z
2026-07-05T23:37:01Z,2026-07-06T01:37:01+0200,947116b8-3478-48df-97c2-9d19820fe5c0,2026-06-24T01:15:00Z,2026-06-24T03:15:00+0200,686.31,MW,DE,DE_LU,forecast_offshore_wind_generation,Wind Offshore,2026-07-05T23:38:26Z
2026-07-05T23:37:01Z,2026-07-06T01:37:01+0200,947116b8-3478-48df-97c2-9d19820fe5c0,2026-06-24T01:30:00Z,2026-06-24T03:30:00+0200,682.45,MW,DE,DE_LU,forecast_offshore_wind_generation,Wind Offshore,2026-07-05T23:38:26Z
2026-07-05T23:37:01Z,2026-07-06T01:37:01+0200,947116b8-3478-48df-97c2-9d19820fe5c0,2026-06-24T01:45:00Z,2026-06-24T03:45:00+0200,682.56,MW,DE,DE_LU,forecast_offshore_wind_generation,Wind Offshore,2026-07-05T23:38:26Z
2026-07-05T23:37:01Z,2026-07-06T01:37:01+0200,947116b8-3478-48df-97c2-9d19820fe5c0,2026-06-24T02:00:00Z,2026-06-24T04:00:00+0200,674.94,MW,DE,DE_LU,forecast_offshore_wind_generation,Wind Offshore,2026-07-05T23:38:26Z
2026-07-05T23:37:01Z,2026-07-06T01:37:01+0200,947116b8-3478-48df-97c2-9d19820fe5c0,2026-06-24T02:15:00Z,2026-06-24T04:15:00+0200,653.52,MW,DE,DE_LU,forecast_offshore_wind_generation,Wind Offshore,2026-07-05T23:38:26Z
2026-07-05T23:37:01Z,2026-07-06T01:37:01+0200,947116b8-3478-48df-97c2-9d19820fe5c0,2026-06-24T02:30:00Z,2026-06-24T04:30:00+0200,629.08,MW,DE,DE_LU,forecast_offshore_wind_generation,Wind Offshore,2026-07-05T23:38:26Z
2026-07-05T23:37:01Z,2026-07-06T01:37:01+0200,947116b8-3478-48df-97c2-9d19820fe5c0,2026-06-24T02:45:00Z,2026-06-24T04:45:00+0200,606.62,MW,DE,DE_LU,forecast_offshore_wind_generation,Wind Offshore,2026-07-05T23:38:26Z
2026-07-05T23:37:01Z,2026-07-06T01:37:01+0200,947116b8-3478-48df-97c2-9d19820fe5c0,2026-06-24T03:00:00Z,2026-06-24T05:00:00+0200,575.3,MW,DE,DE_LU,forecast_offshore_wind_generation,Wind Offshore,2026-07-05T23:38:26Z
2026-07-05T23:37:01Z,2026-07-06T01:37:01+0200,947116b8-3478-48df-97c2-9d19820fe5c0,2026-06-24T03:15:00Z,2026-06-24T05:15:00+0200,544.61,MW,DE,DE_LU,forecast_offshore_wind_generation,Wind Offshore,2026-07-05T23:38:26Z
2026-07-05T23:37:01Z,2026-07-06T01:37:01+0200,947116b8-3478-48df-97c2-9d19820fe5c0,2026-06-24T03:30:00Z,2026-06-24T05:30:00+0200,516.01,MW,DE,DE_LU,forecast_offshore_wind_generation,Wind Offshore,2026-07-05T23:38:26Z
2026-07-05T23:37:01Z,2026-07-06T01:37:01+0200,947116b8-3478-48df-97c2-9d19820fe5c0,2026-06-24T03:45:00Z,2026-06-24T05:45:00+0200,487.52,MW,DE,DE_LU,forecast_offshore_wind_generation,Wind Offshore,2026-07-05T23:38:26Z
2026-07-05T23:37:01Z,2026-07-06T01:37:01+0200,947116b8-3478-48df-97c2-9d19820fe5c0,2026-06-24T04:00:00Z,2026-06-24T06:00:00+0200,454.14,MW,DE,DE_LU,forecast_offshore_wind_generation,Wind Offshore,2026-07-05T23:38:26Z
2026-07-05T23:37:01Z,2026-07-06T01:37:01+0200,947116b8-3478-48df-97c2-9d19820fe5c0,2026-06-24T04:15:00Z,2026-06-24T06:15:00+0200,426.09,MW,DE,DE_LU,forecast_offshore_wind_generation,Wind Offshore,2026-07-05T23:38:26Z
2026-07-05T23:37:01Z,2026-07-06T01:37:01+0200,947116b8-3478-48df-97c2-9d19820fe5c0,2026-06-24T04:30:00Z,2026-06-24T06:30:00+0200,399.04,MW,DE,DE_LU,forecast_offshore_wind_generation,Wind Offshore,2026-07-05T23:38:26Z
2026-07-05T23:37:01Z,2026-07-06T01:37:01+0200,947116b8-3478-48df-97c2-9d19820fe5c0,2026-06-24T04:45:00Z,2026-06-24T06:45:00+0200,371.93,MW,DE,DE_LU,forecast_offshore_wind_generation,Wind Offshore,2026-07-05T23:38:26Z
2026-07-05T23:37:01Z,2026-07-06T01:37:01+0200,947116b8-3478-48df-97c2-9d19820fe5c0,2026-06-24T05:00:00Z,2026-06-24T07:00:00+0200,343.91,MW,DE,DE_LU,forecast_offshore_wind_generation,Wind Offshore,2026-07-05T23:38:26Z
2026-07-05T23:37:01Z,2026-07-06T01:37:01+0200,947116b8-3478-48df-97c2-9d19820fe5c0,2026-06-24T05:15:00Z,2026-06-24T07:15:00+0200,320.13,MW,DE,DE_LU,forecast_offshore_wind_generation,Wind Offshore,2026-07-05T23:38:26Z
2026-07-05T23:37:01Z,2026-07-06T01:37:01+0200,947116b8-3478-48df-97c2-9d19820fe5c0,2026-06-24T05:30:00Z,2026-06-24T07:30:00+0200,293.34,MW,DE,DE_LU,forecast_offshore_wind_generation,Wind Offshore,2026-07-05T23:38:26Z
2026-07-05T23:37:01Z,2026-07-06T01:37:01+0200,947116b8-3478-48df-97c2-9d19820fe5c0,2026-06-24T05:45:00Z,2026-06-24T07:45:00+0200,270.58,MW,DE,DE_LU,forecast_offshore_wind_generation,Wind Offshore,2026-07-05T23:38:26Z
2026-07-05T23:37:01Z,2026-07-06T01:37:01+0200,947116b8-3478-48df-97c2-9d19820fe5c0,2026-06-24T06:00:00Z,2026-06-24T08:00:00+0200,249.94,MW,DE,DE_LU,forecast_offshore_wind_generation,Wind Offshore,2026-07-05T23:38:26Z
2026-07-05T23:37:01Z,2026-07-06T01:37:01+0200,947116b8-3478-48df-97c2-9d19820fe5c0,2026-06-24T06:15:00Z,2026-06-24T08:15:00+0200,239.24,MW,DE,DE_LU,forecast_offshore_wind_generation,Wind Offshore,2026-07-05T23:38:26Z
2026-07-05T23:37:01Z,2026-07-06T01:37:01+0200,947116b8-3478-48df-97c2-9d19820fe5c0,2026-06-24T06:30:00Z,2026-06-24T08:30:00+0200,221.56,MW,DE,DE_LU,forecast_offshore_wind_generation,Wind Offshore,2026-07-05T23:38:26Z
2026-07-05T23:37:01Z,2026-07-06T01:37:01+0200,947116b8-3478-48df-97c2-9d19820fe5c0,2026-06-24T06:45:00Z,2026-06-24T08:45:00+0200,207.91,MW,DE,DE_LU,forecast_offshore_wind_generation,Wind Offshore,2026-07-05T23:38:26Z
2026-07-05T23:37:01Z,2026-07-06T01:37:01+0200,947116b8-3478-48df-97c2-9d19820fe5c0,2026-06-24T07:00:00Z,2026-06-24T09:00:00+0200,194.67,MW,DE,DE_LU,forecast_offshore_wind_generation,Wind Offshore,2026-07-05T23:38:26Z
2026-07-05T23:37:01Z,2026-07-06T01:37:01+0200,947116b8-3478-48df-97c2-9d19820fe5c0,2026-06-24T07:15:00Z,2026-06-24T09:15:00+0200,186.32,MW,DE,DE_LU,forecast_offshore_wind_generation,Wind Offshore,2026-07-05T23:38:26Z
2026-07-05T23:37:01Z,2026-07-06T01:37:01+0200,947116b8-3478-48df-97c2-9d19820fe5c0,2026-06-24T07:30:00Z,2026-06-24T09:30:00+0200,171.98,MW,DE,DE_LU,forecast_offshore_wind_generation,Wind Offshore,2026-07-05T23:38:26Z
2026-07-05T23:37:01Z,2026-07-06T01:37:01+0200,947116b8-3478-48df-97c2-9d19820fe5c0,2026-06-24T07:45:00Z,2026-06-24T09:45:00+0200,162.76,MW,DE,DE_LU,forecast_offshore_wind_generation,Wind Offshore,2026-07-05T23:38:26Z
2026-07-05T23:37:01Z,2026-07-06T01:37:01+0200,947116b8-3478-48df-97c2-9d19820fe5c0,2026-06-24T08:00:00Z,2026-06-24T10:00:00+0200,156.66,MW,DE,DE_LU,forecast_offshore_wind_generation,Wind Offshore,2026-07-05T23:38:26Z
2026-07-05T23:37:01Z,2026-07-06T01:37:01+0200,947116b8-3478-48df-97c2-9d19820fe5c0,2026-06-24T08:15:00Z,2026-06-24T10:15:00+0200,151.8,MW,DE,DE_LU,forecast_offshore_wind_generation,Wind Offshore,2026-07-05T23:38:26Z
2026-07-05T23:37:01Z,2026-07-06T01:37:01+0200,947116b8-3478-48df-97c2-9d19820fe5c0,2026-06-24T08:30:00Z,2026-06-24T10:30:00+0200,148.97,MW,DE,DE_LU,forecast_offshore_wind_generation,Wind Offshore,2026-07-05T23:38:26Z
2026-07-05T23:37:01Z,2026-07-06T01:37:01+0200,947116b8-3478-48df-97c2-9d19820fe5c0,2026-06-24T08:45:00Z,2026-06-24T10:45:00+0200,150.21,MW,DE,DE_LU,forecast_offshore_wind_generation,Wind Offshore,2026-07-05T23:38:26Z
2026-07-05T23:37:01Z,2026-07-06T01:37:01+0200,947116b8-3478-48df-97c2-9d19820fe5c0,2026-06-24T09:00:00Z,2026-06-24T11:00:00+0200,147.47,MW,DE,DE_LU,forecast_offshore_wind_generation,Wind Offshore,2026-07-05T23:38:26Z
2026-07-05T23:37:01Z,2026-07-06T01:37:01+0200,947116b8-3478-48df-97c2-9d19820fe5c0,2026-06-24T09:15:00Z,2026-06-24T11:15:00+0200,142.07,MW,DE,DE_LU,forecast_offshore_wind_generation,Wind Offshore,2026-07-05T23:38:26Z
2026-07-05T23:37:01Z,2026-07-06T01:37:01+0200,947116b8-3478-48df-97c2-9d19820fe5c0,2026-06-24T09:30:00Z,2026-06-24T11:30:00+0200,143.7,MW,DE,DE_LU,forecast_offshore_wind_generation,Wind Offshore,2026-07-05T23:38:26Z
2026-07-05T23:37:01Z,2026-07-06T01:37:01+0200,947116b8-3478-48df-97c2-9d19820fe5c0,2026-06-24T09:45:00Z,2026-06-24T11:45:00+0200,143.38,MW,DE,DE_LU,forecast_offshore_wind_generation,Wind Offshore,2026-07-05T23:38:26Z
2026-07-05T23:37:01Z,2026-07-06T01:37:01+0200,947116b8-3478-48df-97c2-9d19820fe5c0,2026-06-24T10:00:00Z,2026-06-24T12:00:00+0200,143.33,MW,DE,DE_LU,forecast_offshore_wind_generation,Wind Offshore,2026-07-05T23:38:26Z
2026-07-05T23:37:01Z,2026-07-06T01:37:01+0200,947116b8-3478-48df-97c2-9d19820fe5c0,2026-06-24T10:15:00Z,2026-06-24T12:15:00+0200,142.22,MW,DE,DE_LU,forecast_offshore_wind_generation,Wind Offshore,2026-07-05T23:38:26Z
2026-07-05T23:37:01Z,2026-07-06T01:37:01+0200,947116b8-3478-48df-97c2-9d19820fe5c0,2026-06-24T10:30:00Z,2026-06-24T12:30:00+0200,143.1,MW,DE,DE_LU,forecast_offshore_wind_generation,Wind Offshore,2026-07-05T23:38:26Z
2026-07-05T23:37:01Z,2026-07-06T01:37:01+0200,947116b8-3478-48df-97c2-9d19820fe5c0,2026-06-24T10:45:00Z,2026-06-24T12:45:00+0200,137.08,MW,DE,DE_LU,forecast_offshore_wind_generation,Wind Offshore,2026-07-05T23:38:26Z
2026-07-05T23:37:01Z,2026-07-06T01:37:01+0200,947116b8-3478-48df-97c2-9d19820fe5c0,2026-06-24T11:00:00Z,2026-06-24T13:00:00+0200,139.14,MW,DE,DE_LU,forecast_offshore_wind_generation,Wind Offshore,2026-07-05T23:38:26Z
2026-07-05T23:37:01Z,2026-07-06T01:37:01+0200,947116b8-3478-48df-97c2-9d19820fe5c0,2026-06-24T11:15:00Z,2026-06-24T13:15:00+0200,138.7,MW,DE,DE_LU,forecast_offshore_wind_generation,Wind Offshore,2026-07-05T23:38:26Z
2026-07-05T23:37:01Z,2026-07-06T01:37:01+0200,947116b8-3478-48df-97c2-9d19820fe5c0,2026-06-24T11:30:00Z,2026-06-24T13:30:00+0200,141.26,MW,DE,DE_LU,forecast_offshore_wind_generation,Wind Offshore,2026-07-05T23:38:26Z
2026-07-05T23:37:01Z,2026-07-06T01:37:01+0200,947116b8-3478-48df-97c2-9d19820fe5c0,2026-06-24T11:45:00Z,2026-06-24T13:45:00+0200,140.85,MW,DE,DE_LU,forecast_offshore_wind_generation,Wind Offshore,2026-07-05T23:38:26Z
2026-07-05T23:37:01Z,2026-07-06T01:37:01+0200,947116b8-3478-48df-97c2-9d19820fe5c0,2026-06-24T12:00:00Z,2026-06-24T14:00:00+0200,139.24,MW,DE,DE_LU,forecast_offshore_wind_generation,Wind Offshore,2026-07-05T23:38:26Z
2026-07-05T23:37:01Z,2026-07-06T01:37:01+0200,947116b8-3478-48df-97c2-9d19820fe5c0,2026-06-24T12:15:00Z,2026-06-24T14:15:00+0200,139.07,MW,DE,DE_LU,forecast_offshore_wind_generation,Wind Offshore,2026-07-05T23:38:26Z
2026-07-05T23:37:01Z,2026-07-06T01:37:01+0200,947116b8-3478-48df-97c2-9d19820fe5c0,2026-06-24T12:30:00Z,2026-06-24T14:30:00+0200,135.87,MW,DE,DE_LU,forecast_offshore_wind_generation,Wind Offshore,2026-07-05T23:38:26Z
2026-07-05T23:37:01Z,2026-07-06T01:37:01+0200,947116b8-3478-48df-97c2-9d19820fe5c0,2026-06-24T12:45:00Z,2026-06-24T14:45:00+0200,135.73,MW,DE,DE_LU,forecast_offshore_wind_generation,Wind Offshore,2026-07-05T23:38:26Z
2026-07-05T23:37:01Z,2026-07-06T01:37:01+0200,947116b8-3478-48df-97c2-9d19820fe5c0,2026-06-24T13:00:00Z,2026-06-24T15:00:00+0200,137.4,MW,DE,DE_LU,forecast_offshore_wind_generation,Wind Offshore,2026-07-05T23:38:26Z
2026-07-05T23:37:01Z,2026-07-06T01:37:01+0200,947116b8-3478-48df-97c2-9d19820fe5c0,2026-06-24T13:15:00Z,2026-06-24T15:15:00+0200,137.35,MW,DE,DE_LU,forecast_offshore_wind_generation,Wind Offshore,2026-07-05T23:38:26Z
2026-07-05T23:37:01Z,2026-07-06T01:37:01+0200,947116b8-3478-48df-97c2-9d19820fe5c0,2026-06-24T13:30:00Z,2026-06-24T15:30:00+0200,139.97,MW,DE,DE_LU,forecast_offshore_wind_generation,Wind Offshore,2026-07-05T23:38:26Z
2026-07-05T23:37:01Z,2026-07-06T01:37:01+0200,947116b8-3478-48df-97c2-9d19820fe5c0,2026-06-24T13:45:00Z,2026-06-24T15:45:00+0200,143.56,MW,DE,DE_LU,forecast_offshore_wind_generation,Wind Offshore,2026-07-05T23:38:26Z
2026-07-05T23:37:01Z,2026-07-06T01:37:01+0200,947116b8-3478-48df-97c2-9d19820fe5c0,2026-06-24T14:00:00Z,2026-06-24T16:00:00+0200,145.15,MW,DE,DE_LU,forecast_offshore_wind_generation,Wind Offshore,2026-07-05T23:38:26Z
2026-07-05T23:37:01Z,2026-07-06T01:37:01+0200,947116b8-3478-48df-97c2-9d19820fe5c0,2026-06-24T14:15:00Z,2026-06-24T16:15:00+0200,154.26,MW,DE,DE_LU,forecast_offshore_wind_generation,Wind Offshore,2026-07-05T23:38:26Z
2026-07-05T23:37:01Z,2026-07-06T01:37:01+0200,947116b8-3478-48df-97c2-9d19820fe5c0,2026-06-24T14:30:00Z,2026-06-24T16:30:00+0200,156.28,MW,DE,DE_LU,forecast_offshore_wind_generation,Wind Offshore,2026-07-05T23:38:26Z
2026-07-05T23:37:01Z,2026-07-06T01:37:01+0200,947116b8-3478-48df-97c2-9d19820fe5c0,2026-06-24T14:45:00Z,2026-06-24T16:45:00+0200,159.44,MW,DE,DE_LU,forecast_offshore_wind_generation,Wind Offshore,2026-07-05T23:38:26Z
2026-07-05T23:37:01Z,2026-07-06T01:37:01+0200,947116b8-3478-48df-97c2-9d19820fe5c0,2026-06-24T15:00:00Z,2026-06-24T17:00:00+0200,187.99,MW,DE,DE_LU,forecast_offshore_wind_generation,Wind Offshore,2026-07-05T23:38:26Z
2026-07-05T23:37:01Z,2026-07-06T01:37:01+0200,947116b8-3478-48df-97c2-9d19820fe5c0,2026-06-24T15:15:00Z,2026-06-24T17:15:00+0200,198.52,MW,DE,DE_LU,forecast_offshore_wind_generation,Wind Offshore,2026-07-05T23:38:26Z
2026-07-05T23:37:01Z,2026-07-06T01:37:01+0200,947116b8-3478-48df-97c2-9d19820fe5c0,2026-06-24T15:30:00Z,2026-06-24T17:30:00+0200,204.17,MW,DE,DE_LU,forecast_offshore_wind_generation,Wind Offshore,2026-07-05T23:38:26Z
2026-07-05T23:37:01Z,2026-07-06T01:37:01+0200,947116b8-3478-48df-97c2-9d19820fe5c0,2026-06-24T15:45:00Z,2026-06-24T17:45:00+0200,208.87,MW,DE,DE_LU,forecast_offshore_wind_generation,Wind Offshore,2026-07-05T23:38:26Z
2026-07-05T23:37:01Z,2026-07-06T01:37:01+0200,947116b8-3478-48df-97c2-9d19820fe5c0,2026-06-24T16:00:00Z,2026-06-24T18:00:00+0200,218.6,MW,DE,DE_LU,forecast_offshore_wind_generation,Wind Offshore,2026-07-05T23:38:26Z
2026-07-05T23:37:01Z,2026-07-06T01:37:01+0200,947116b8-3478-48df-97c2-9d19820fe5c0,2026-06-24T16:15:00Z,2026-06-24T18:15:00+0200,232.45,MW,DE,DE_LU,forecast_offshore_wind_generation,Wind Offshore,2026-07-05T23:38:26Z
2026-07-05T23:37:01Z,2026-07-06T01:37:01+0200,947116b8-3478-48df-97c2-9d19820fe5c0,2026-06-24T16:30:00Z,2026-06-24T18:30:00+0200,243.9,MW,DE,DE_LU,forecast_offshore_wind_generation,Wind Offshore,2026-07-05T23:38:26Z
2026-07-05T23:37:01Z,2026-07-06T01:37:01+0200,947116b8-3478-48df-97c2-9d19820fe5c0,2026-06-24T16:45:00Z,2026-06-24T18:45:00+0200,256.72,MW,DE,DE_LU,forecast_offshore_wind_generation,Wind Offshore,2026-07-05T23:38:26Z
2026-07-05T23:37:01Z,2026-07-06T01:37:01+0200,947116b8-3478-48df-97c2-9d19820fe5c0,2026-06-24T17:00:00Z,2026-06-24T19:00:00+0200,270.76,MW,DE,DE_LU,forecast_offshore_wind_generation,Wind Offshore,2026-07-05T23:38:26Z
2026-07-05T23:37:01Z,2026-07-06T01:37:01+0200,947116b8-3478-48df-97c2-9d19820fe5c0,2026-06-24T17:15:00Z,2026-06-24T19:15:00+0200,287.53,MW,DE,DE_LU,forecast_offshore_wind_generation,Wind Offshore,2026-07-05T23:38:26Z
2026-07-05T23:37:01Z,2026-07-06T01:37:01+0200,947116b8-3478-48df-97c2-9d19820fe5c0,2026-06-24T17:30:00Z,2026-06-24T19:30:00+0200,296.49,MW,DE,DE_LU,forecast_offshore_wind_generation,Wind Offshore,2026-07-05T23:38:26Z
2026-07-05T23:37:01Z,2026-07-06T01:37:01+0200,947116b8-3478-48df-97c2-9d19820fe5c0,2026-06-24T17:45:00Z,2026-06-24T19:45:00+0200,314.82,MW,DE,DE_LU,forecast_offshore_wind_generation,Wind Offshore,2026-07-05T23:38:26Z
2026-07-05T23:37:01Z,2026-07-06T01:37:01+0200,947116b8-3478-48df-97c2-9d19820fe5c0,2026-06-24T18:00:00Z,2026-06-24T20:00:00+0200,330.88,MW,DE,DE_LU,forecast_offshore_wind_generation,Wind Offshore,2026-07-05T23:38:26Z
2026-07-05T23:37:01Z,2026-07-06T01:37:01+0200,947116b8-3478-48df-97c2-9d19820fe5c0,2026-06-24T18:15:00Z,2026-06-24T20:15:00+0200,344.91,MW,DE,DE_LU,forecast_offshore_wind_generation,Wind Offshore,2026-07-05T23:38:26Z
2026-07-05T23:37:01Z,2026-07-06T01:37:01+0200,947116b8-3478-48df-97c2-9d19820fe5c0,2026-06-24T18:30:00Z,2026-06-24T20:30:00+0200,364.11,MW,DE,DE_LU,forecast_offshore_wind_generation,Wind Offshore,2026-07-05T23:38:26Z
2026-07-05T23:37:01Z,2026-07-06T01:37:01+0200,947116b8-3478-48df-97c2-9d19820fe5c0,2026-06-24T18:45:00Z,2026-06-24T20:45:00+0200,378.91,MW,DE,DE_LU,forecast_offshore_wind_generation,Wind Offshore,2026-07-05T23:38:26Z
2026-07-05T23:37:01Z,2026-07-06T01:37:01+0200,947116b8-3478-48df-97c2-9d19820fe5c0,2026-06-24T19:00:00Z,2026-06-24T21:00:00+0200,396.36,MW,DE,DE_LU,forecast_offshore_wind_generation,Wind Offshore,2026-07-05T23:38:26Z
2026-07-05T23:37:01Z,2026-07-06T01:37:01+0200,947116b8-3478-48df-97c2-9d19820fe5c0,2026-06-24T19:15:00Z,2026-06-24T21:15:00+0200,404.41,MW,DE,DE_LU,forecast_offshore_wind_generation,Wind Offshore,2026-07-05T23:38:26Z
2026-07-05T23:37:01Z,2026-07-06T01:37:01+0200,947116b8-3478-48df-97c2-9d19820fe5c0,2026-06-24T19:30:00Z,2026-06-24T21:30:00+0200,415.73,MW,DE,DE_LU,forecast_offshore_wind_generation,Wind Offshore,2026-07-05T23:38:26Z
2026-07-05T23:37:01Z,2026-07-06T01:37:01+0200,947116b8-3478-48df-97c2-9d19820fe5c0,2026-06-24T19:45:00Z,2026-06-24T21:45:00+0200,430.35,MW,DE,DE_LU,forecast_offshore_wind_generation,Wind Offshore,2026-07-05T23:38:26Z
2026-07-05T23:37:01Z,2026-07-06T01:37:01+0200,947116b8-3478-48df-97c2-9d19820fe5c0,2026-06-24T20:00:00Z,2026-06-24T22:00:00+0200,439.06,MW,DE,DE_LU,forecast_offshore_wind_generation,Wind Offshore,2026-07-05T23:38:26Z
2026-07-05T23:37:01Z,2026-07-06T01:37:01+0200,947116b8-3478-48df-97c2-9d19820fe5c0,2026-06-24T20:15:00Z,2026-06-24T22:15:00+0200,455.63,MW,DE,DE_LU,forecast_offshore_wind_generation,Wind Offshore,2026-07-05T23:38:26Z
2026-07-05T23:37:01Z,2026-07-06T01:37:01+0200,947116b8-3478-48df-97c2-9d19820fe5c0,2026-06-24T20:30:00Z,2026-06-24T22:30:00+0200,467.28,MW,DE,DE_LU,forecast_offshore_wind_generation,Wind Offshore,2026-07-05T23:38:26Z
2026-07-05T23:37:01Z,2026-07-06T01:37:01+0200,947116b8-3478-48df-97c2-9d19820fe5c0,2026-06-24T20:45:00Z,2026-06-24T22:45:00+0200,475.97,MW,DE,DE_LU,forecast_offshore_wind_generation,Wind Offshore,2026-07-05T23:38:26Z
2026-07-05T23:37:01Z,2026-07-06T01:37:01+0200,947116b8-3478-48df-97c2-9d19820fe5c0,2026-06-24T21:00:00Z,2026-06-24T23:00:00+0200,489.89,MW,DE,DE_LU,forecast_offshore_wind_generation,Wind Offshore,2026-07-05T23:38:26Z
2026-07-05T23:37:01Z,2026-07-06T01:37:01+0200,947116b8-3478-48df-97c2-9d19820fe5c0,2026-06-24T21:15:00Z,2026-06-24T23:15:00+0200,497.8,MW,DE,DE_LU,forecast_offshore_wind_generation,Wind Offshore,2026-07-05T23:38:26Z
2026-07-05T23:37:01Z,2026-07-06T01:37:01+0200,947116b8-3478-48df-97c2-9d19820fe5c0,2026-06-24T21:30:00Z,2026-06-24T23:30:00+0200,503.84,MW,DE,DE_LU,forecast_offshore_wind_generation,Wind Offshore,2026-07-05T23:38:26Z
2026-07-05T23:37:01Z,2026-07-06T01:37:01+0200,947116b8-3478-48df-97c2-9d19820fe5c0,2026-06-24T21:45:00Z,2026-06-24T23:45:00+0200,510.1,MW,DE,DE_LU,forecast_offshore_wind_generation,Wind Offshore,2026-07-05T23:38:26Z
2026-07-05T23:37:01Z,2026-07-06T01:37:01+0200,947116b8-3478-48df-97c2-9d19820fe5c0,2026-06-24T22:00:00Z,2026-06-25T00:00:00+0200,508.47,MW,DE,DE_LU,forecast_offshore_wind_generation,Wind Offshore,2026-07-05T23:38:26Z
2026-07-05T23:37:01Z,2026-07-06T01:37:01+0200,947116b8-3478-48df-97c2-9d19820fe5c0,2026-06-24T22:15:00Z,2026-06-25T00:15:00+0200,508.25,MW,DE,DE_LU,forecast_offshore_wind_generation,Wind Offshore,2026-07-05T23:38:26Z
2026-07-05T23:37:01Z,2026-07-06T01:37:01+0200,947116b8-3478-48df-97c2-9d19820fe5c0,2026-06-24T22:30:00Z,2026-06-25T00:30:00+0200,509.03,MW,DE,DE_LU,forecast_offshore_wind_generation,Wind Offshore,2026-07-05T23:38:26Z
2026-07-05T23:37:01Z,2026-07-06T01:37:01+0200,947116b8-3478-48df-97c2-9d19820fe5c0,2026-06-24T22:45:00Z,2026-06-25T00:45:00+0200,510.85,MW,DE,DE_LU,forecast_offshore_wind_generation,Wind Offshore,2026-07-05T23:38:26Z
2026-07-05T23:37:01Z,2026-07-06T01:37:01+0200,947116b8-3478-48df-97c2-9d19820fe5c0,2026-06-24T23:00:00Z,2026-06-25T01:00:00+0200,526.01,MW,DE,DE_LU,forecast_offshore_wind_generation,Wind Offshore,2026-07-05T23:38:26Z
2026-07-05T23:37:01Z,2026-07-06T01:37:01+0200,947116b8-3478-48df-97c2-9d19820fe5c0,2026-06-24T23:15:00Z,2026-06-25T01:15:00+0200,534.58,MW,DE,DE_LU,forecast_offshore_wind_generation,Wind Offshore,2026-07-05T23:38:26Z
2026-07-05T23:37:01Z,2026-07-06T01:37:01+0200,947116b8-3478-48df-97c2-9d19820fe5c0,2026-06-24T23:30:00Z,2026-06-25T01:30:00+0200,546.1,MW,DE,DE_LU,forecast_offshore_wind_generation,Wind Offshore,2026-07-05T23:38:26Z
2026-07-05T23:37:01Z,2026-07-06T01:37:01+0200,947116b8-3478-48df-97c2-9d19820fe5c0,2026-06-24T23:45:00Z,2026-06-25T01:45:00+0200,557.57,MW,DE,DE_LU,forecast_offshore_wind_generation,Wind Offshore,2026-07-05T23:38:26Z
2026-07-05T23:37:01Z,2026-07-06T01:37:01+0200,947116b8-3478-48df-97c2-9d19820fe5c0,2026-06-25T00:00:00Z,2026-06-25T02:00:00+0200,577.26,MW,DE,DE_LU,forecast_offshore_wind_generation,Wind Offshore,2026-07-05T23:38:26Z
2026-07-05T23:37:01Z,2026-07-06T01:37:01+0200,947116b8-3478-48df-97c2-9d19820fe5c0,2026-06-25T00:15:00Z,2026-06-25T02:15:00+0200,601.24,MW,DE,DE_LU,forecast_offshore_wind_generation,Wind Offshore,2026-07-05T23:38:26Z
2026-07-05T23:37:01Z,2026-07-06T01:37:01+0200,947116b8-3478-48df-97c2-9d19820fe5c0,2026-06-25T00:30:00Z,2026-06-25T02:30:00+0200,628.21,MW,DE,DE_LU,forecast_offshore_wind_generation,Wind Offshore,2026-07-05T23:38:26Z
2026-07-05T23:37:01Z,2026-07-06T01:37:01+0200,947116b8-3478-48df-97c2-9d19820fe5c0,2026-06-25T00:45:00Z,2026-06-25T02:45:00+0200,655.16,MW,DE,DE_LU,forecast_offshore_wind_generation,Wind Offshore,2026-07-05T23:38:26Z
2026-07-05T23:37:01Z,2026-07-06T01:37:01+0200,947116b8-3478-48df-97c2-9d19820fe5c0,2026-06-25T01:00:00Z,2026-06-25T03:00:00+0200,681.09,MW,DE,DE_LU,forecast_offshore_wind_generation,Wind Offshore,2026-07-05T23:38:26Z
2026-07-05T23:37:01Z,2026-07-06T01:37:01+0200,947116b8-3478-48df-97c2-9d19820fe5c0,2026-06-25T01:15:00Z,2026-06-25T03:15:00+0200,705.81,MW,DE,DE_LU,forecast_offshore_wind_generation,Wind Offshore,2026-07-05T23:38:26Z
2026-07-05T23:37:01Z,2026-07-06T01:37:01+0200,947116b8-3478-48df-97c2-9d19820fe5c0,2026-06-25T01:30:00Z,2026-06-25T03:30:00+0200,730.57,MW,DE,DE_LU,forecast_offshore_wind_generation,Wind Offshore,2026-07-05T23:38:26Z
2026-07-05T23:37:01Z,2026-07-06T01:37:01+0200,947116b8-3478-48df-97c2-9d19820fe5c0,2026-06-25T01:45:00Z,2026-06-25T03:45:00+0200,756.25,MW,DE,DE_LU,forecast_offshore_wind_generation,Wind Offshore,2026-07-05T23:38:26Z
2026-07-05T23:37:01Z,2026-07-06T01:37:01+0200,947116b8-3478-48df-97c2-9d19820fe5c0,2026-06-25T02:00:00Z,2026-06-25T04:00:00+0200,775.66,MW,DE,DE_LU,forecast_offshore_wind_generation,Wind Offshore,2026-07-05T23:38:26Z
2026-07-05T23:37:01Z,2026-07-06T01:37:01+0200,947116b8-3478-48df-97c2-9d19820fe5c0,2026-06-25T02:15:00Z,2026-06-25T04:15:00+0200,802.23,MW,DE,DE_LU,forecast_offshore_wind_generation,Wind Offshore,2026-07-05T23:38:26Z
2026-07-05T23:37:01Z,2026-07-06T01:37:01+0200,947116b8-3478-48df-97c2-9d19820fe5c0,2026-06-25T02:30:00Z,2026-06-25T04:30:00+0200,818.92,MW,DE,DE_LU,forecast_offshore_wind_generation,Wind Offshore,2026-07-05T23:38:26Z
2026-07-05T23:37:01Z,2026-07-06T01:37:01+0200,947116b8-3478-48df-97c2-9d19820fe5c0,2026-06-25T02:45:00Z,2026-06-25T04:45:00+0200,834.33,MW,DE,DE_LU,forecast_offshore_wind_generation,Wind Offshore,2026-07-05T23:38:26Z
2026-07-05T23:37:01Z,2026-07-06T01:37:01+0200,947116b8-3478-48df-97c2-9d19820fe5c0,2026-06-25T03:00:00Z,2026-06-25T05:00:00+0200,851.93,MW,DE,DE_LU,forecast_offshore_wind_generation,Wind Offshore,2026-07-05T23:38:26Z
2026-07-05T23:37:01Z,2026-07-06T01:37:01+0200,947116b8-3478-48df-97c2-9d19820fe5c0,2026-06-25T03:15:00Z,2026-06-25T05:15:00+0200,864.03,MW,DE,DE_LU,forecast_offshore_wind_generation,Wind Offshore,2026-07-05T23:38:26Z
2026-07-05T23:37:01Z,2026-07-06T01:37:01+0200,947116b8-3478-48df-97c2-9d19820fe5c0,2026-06-25T03:30:00Z,2026-06-25T05:30:00+0200,871.41,MW,DE,DE_LU,forecast_offshore_wind_generation,Wind Offshore,2026-07-05T23:38:26Z
2026-07-05T23:37:01Z,2026-07-06T01:37:01+0200,947116b8-3478-48df-97c2-9d19820fe5c0,2026-06-25T03:45:00Z,2026-06-25T05:45:00+0200,885.88,MW,DE,DE_LU,forecast_offshore_wind_generation,Wind Offshore,2026-07-05T23:38:26Z
2026-07-05T23:37:01Z,2026-07-06T01:37:01+0200,947116b8-3478-48df-97c2-9d19820fe5c0,2026-06-25T04:00:00Z,2026-06-25T06:00:00+0200,889.87,MW,DE,DE_LU,forecast_offshore_wind_generation,Wind Offshore,2026-07-05T23:38:26Z
2026-07-05T23:37:01Z,2026-07-06T01:37:01+0200,947116b8-3478-48df-97c2-9d19820fe5c0,2026-06-25T04:15:00Z,2026-06-25T06:15:00+0200,894.81,MW,DE,DE_LU,forecast_offshore_wind_generation,Wind Offshore,2026-07-05T23:38:26Z
2026-07-05T23:37:01Z,2026-07-06T01:37:01+0200,947116b8-3478-48df-97c2-9d19820fe5c0,2026-06-25T04:30:00Z,2026-06-25T06:30:00+0200,894.72,MW,DE,DE_LU,forecast_offshore_wind_generation,Wind Offshore,2026-07-05T23:38:26Z
2026-07-05T23:37:01Z,2026-07-06T01:37:01+0200,947116b8-3478-48df-97c2-9d19820fe5c0,2026-06-25T04:45:00Z,2026-06-25T06:45:00+0200,899.3,MW,DE,DE_LU,forecast_offshore_wind_generation,Wind Offshore,2026-07-05T23:38:26Z
2026-07-05T23:37:01Z,2026-07-06T01:37:01+0200,947116b8-3478-48df-97c2-9d19820fe5c0,2026-06-25T05:00:00Z,2026-06-25T07:00:00+0200,898.32,MW,DE,DE_LU,forecast_offshore_wind_generation,Wind Offshore,2026-07-05T23:38:26Z
2026-07-05T23:37:01Z,2026-07-06T01:37:01+0200,947116b8-3478-48df-97c2-9d19820fe5c0,2026-06-25T05:15:00Z,2026-06-25T07:15:00+0200,890.77,MW,DE,DE_LU,forecast_offshore_wind_generation,Wind Offshore,2026-07-05T23:38:26Z
2026-07-05T23:37:01Z,2026-07-06T01:37:01+0200,947116b8-3478-48df-97c2-9d19820fe5c0,2026-06-25T05:30:00Z,2026-06-25T07:30:00+0200,883.22,MW,DE,DE_LU,forecast_offshore_wind_generation,Wind Offshore,2026-07-05T23:38:26Z
2026-07-05T23:37:01Z,2026-07-06T01:37:01+0200,947116b8-3478-48df-97c2-9d19820fe5c0,2026-06-25T05:45:00Z,2026-06-25T07:45:00+0200,873.56,MW,DE,DE_LU,forecast_offshore_wind_generation,Wind Offshore,2026-07-05T23:38:26Z
2026-07-05T23:37:01Z,2026-07-06T01:37:01+0200,947116b8-3478-48df-97c2-9d19820fe5c0,2026-06-25T06:00:00Z,2026-06-25T08:00:00+0200,861.07,MW,DE,DE_LU,forecast_offshore_wind_generation,Wind Offshore,2026-07-05T23:38:26Z
2026-07-05T23:37:01Z,2026-07-06T01:37:01+0200,947116b8-3478-48df-97c2-9d19820fe5c0,2026-06-25T06:15:00Z,2026-06-25T08:15:00+0200,843.97,MW,DE,DE_LU,forecast_offshore_wind_generation,Wind Offshore,2026-07-05T23:38:26Z
2026-07-05T23:37:01Z,2026-07-06T01:37:01+0200,947116b8-3478-48df-97c2-9d19820fe5c0,2026-06-25T06:30:00Z,2026-06-25T08:30:00+0200,831.15,MW,DE,DE_LU,forecast_offshore_wind_generation,Wind Offshore,2026-07-05T23:38:26Z
2026-07-05T23:37:01Z,2026-07-06T01:37:01+0200,947116b8-3478-48df-97c2-9d19820fe5c0,2026-06-25T06:45:00Z,2026-06-25T08:45:00+0200,815.43,MW,DE,DE_LU,forecast_offshore_wind_generation,Wind Offshore,2026-07-05T23:38:26Z
2026-07-05T23:37:01Z,2026-07-06T01:37:01+0200,947116b8-3478-48df-97c2-9d19820fe5c0,2026-06-25T07:00:00Z,2026-06-25T09:00:00+0200,782.34,MW,DE,DE_LU,forecast_offshore_wind_generation,Wind Offshore,2026-07-05T23:38:26Z
2026-07-05T23:37:01Z,2026-07-06T01:37:01+0200,947116b8-3478-48df-97c2-9d19820fe5c0,2026-06-25T07:15:00Z,2026-06-25T09:15:00+0200,767.48,MW,DE,DE_LU,forecast_offshore_wind_generation,Wind Offshore,2026-07-05T23:38:26Z
2026-07-05T23:37:01Z,2026-07-06T01:37:01+0200,947116b8-3478-48df-97c2-9d19820fe5c0,2026-06-25T07:30:00Z,2026-06-25T09:30:00+0200,754.78,MW,DE,DE_LU,forecast_offshore_wind_generation,Wind Offshore,2026-07-05T23:38:26Z
2026-07-05T23:37:01Z,2026-07-06T01:37:01+0200,947116b8-3478-48df-97c2-9d19820fe5c0,2026-06-25T07:45:00Z,2026-06-25T09:45:00+0200,745.19,MW,DE,DE_LU,forecast_offshore_wind_generation,Wind Offshore,2026-07-05T23:38:26Z
2026-07-05T23:37:01Z,2026-07-06T01:37:01+0200,947116b8-3478-48df-97c2-9d19820fe5c0,2026-06-25T08:00:00Z,2026-06-25T10:00:00+0200,735.35,MW,DE,DE_LU,forecast_offshore_wind_generation,Wind Offshore,2026-07-05T23:38:26Z
2026-07-05T23:37:01Z,2026-07-06T01:37:01+0200,947116b8-3478-48df-97c2-9d19820fe5c0,2026-06-25T08:15:00Z,2026-06-25T10:15:00+0200,727.4,MW,DE,DE_LU,forecast_offshore_wind_generation,Wind Offshore,2026-07-05T23:38:26Z
2026-07-05T23:37:01Z,2026-07-06T01:37:01+0200,947116b8-3478-48df-97c2-9d19820fe5c0,2026-06-25T08:30:00Z,2026-06-25T10:30:00+0200,727.46,MW,DE,DE_LU,forecast_offshore_wind_generation,Wind Offshore,2026-07-05T23:38:26Z
2026-07-05T23:37:01Z,2026-07-06T01:37:01+0200,947116b8-3478-48df-97c2-9d19820fe5c0,2026-06-25T08:45:00Z,2026-06-25T10:45:00+0200,721.53,MW,DE,DE_LU,forecast_offshore_wind_generation,Wind Offshore,2026-07-05T23:38:26Z
2026-07-05T23:37:01Z,2026-07-06T01:37:01+0200,947116b8-3478-48df-97c2-9d19820fe5c0,2026-06-25T09:00:00Z,2026-06-25T11:00:00+0200,722.19,MW,DE,DE_LU,forecast_offshore_wind_generation,Wind Offshore,2026-07-05T23:38:26Z
2026-07-05T23:37:01Z,2026-07-06T01:37:01+0200,947116b8-3478-48df-97c2-9d19820fe5c0,2026-06-25T09:15:00Z,2026-06-25T11:15:00+0200,728.62,MW,DE,DE_LU,forecast_offshore_wind_generation,Wind Offshore,2026-07-05T23:38:26Z
2026-07-05T23:37:01Z,2026-07-06T01:37:01+0200,947116b8-3478-48df-97c2-9d19820fe5c0,2026-06-25T09:30:00Z,2026-06-25T11:30:00+0200,740.0,MW,DE,DE_LU,forecast_offshore_wind_generation,Wind Offshore,2026-07-05T23:38:26Z
2026-07-05T23:37:01Z,2026-07-06T01:37:01+0200,947116b8-3478-48df-97c2-9d19820fe5c0,2026-06-25T09:45:00Z,2026-06-25T11:45:00+0200,745.55,MW,DE,DE_LU,forecast_offshore_wind_generation,Wind Offshore,2026-07-05T23:38:26Z
2026-07-05T23:37:01Z,2026-07-06T01:37:01+0200,947116b8-3478-48df-97c2-9d19820fe5c0,2026-06-25T10:00:00Z,2026-06-25T12:00:00+0200,757.34,MW,DE,DE_LU,forecast_offshore_wind_generation,Wind Offshore,2026-07-05T23:38:26Z
2026-07-05T23:37:01Z,2026-07-06T01:37:01+0200,947116b8-3478-48df-97c2-9d19820fe5c0,2026-06-25T10:15:00Z,2026-06-25T12:15:00+0200,767.6,MW,DE,DE_LU,forecast_offshore_wind_generation,Wind Offshore,2026-07-05T23:38:26Z
2026-07-05T23:37:01Z,2026-07-06T01:37:01+0200,947116b8-3478-48df-97c2-9d19820fe5c0,2026-06-25T10:30:00Z,2026-06-25T12:30:00+0200,784.12,MW,DE,DE_LU,forecast_offshore_wind_generation,Wind Offshore,2026-07-05T23:38:26Z
2026-07-05T23:37:01Z,2026-07-06T01:37:01+0200,947116b8-3478-48df-97c2-9d19820fe5c0,2026-06-25T10:45:00Z,2026-06-25T12:45:00+0200,801.97,MW,DE,DE_LU,forecast_offshore_wind_generation,Wind Offshore,2026-07-05T23:38:26Z
2026-07-05T23:37:01Z,2026-07-06T01:37:01+0200,947116b8-3478-48df-97c2-9d19820fe5c0,2026-06-25T11:00:00Z,2026-06-25T13:00:00+0200,816.11,MW,DE,DE_LU,forecast_offshore_wind_generation,Wind Offshore,2026-07-05T23:38:26Z
2026-07-05T23:37:01Z,2026-07-06T01:37:01+0200,947116b8-3478-48df-97c2-9d19820fe5c0,2026-06-25T11:15:00Z,2026-06-25T13:15:00+0200,834.04,MW,DE,DE_LU,forecast_offshore_wind_generation,Wind Offshore,2026-07-05T23:38:26Z
2026-07-05T23:37:01Z,2026-07-06T01:37:01+0200,947116b8-3478-48df-97c2-9d19820fe5c0,2026-06-25T11:30:00Z,2026-06-25T13:30:00+0200,849.93,MW,DE,DE_LU,forecast_offshore_wind_generation,Wind Offshore,2026-07-05T23:38:26Z
2026-07-05T23:37:01Z,2026-07-06T01:37:01+0200,947116b8-3478-48df-97c2-9d19820fe5c0,2026-06-25T11:45:00Z,2026-06-25T13:45:00+0200,878.35,MW,DE,DE_LU,forecast_offshore_wind_generation,Wind Offshore,2026-07-05T23:38:26Z
2026-07-05T23:37:01Z,2026-07-06T01:37:01+0200,947116b8-3478-48df-97c2-9d19820fe5c0,2026-06-25T12:00:00Z,2026-06-25T14:00:00+0200,901.03,MW,DE,DE_LU,forecast_offshore_wind_generation,Wind Offshore,2026-07-05T23:38:26Z
2026-07-05T23:37:01Z,2026-07-06T01:37:01+0200,947116b8-3478-48df-97c2-9d19820fe5c0,2026-06-25T12:15:00Z,2026-06-25T14:15:00+0200,934.29,MW,DE,DE_LU,forecast_offshore_wind_generation,Wind Offshore,2026-07-05T23:38:26Z
2026-07-05T23:37:01Z,2026-07-06T01:37:01+0200,947116b8-3478-48df-97c2-9d19820fe5c0,2026-06-25T12:30:00Z,2026-06-25T14:30:00+0200,962.69,MW,DE,DE_LU,forecast_offshore_wind_generation,Wind Offshore,2026-07-05T23:38:26Z
2026-07-05T23:37:01Z,2026-07-06T01:37:01+0200,947116b8-3478-48df-97c2-9d19820fe5c0,2026-06-25T12:45:00Z,2026-06-25T14:45:00+0200,992.21,MW,DE,DE_LU,forecast_offshore_wind_generation,Wind Offshore,2026-07-05T23:38:26Z
2026-07-05T23:37:01Z,2026-07-06T01:37:01+0200,947116b8-3478-48df-97c2-9d19820fe5c0,2026-06-25T13:00:00Z,2026-06-25T15:00:00+0200,1028.3,MW,DE,DE_LU,forecast_offshore_wind_generation,Wind Offshore,2026-07-05T23:38:26Z
2026-07-05T23:37:01Z,2026-07-06T01:37:01+0200,947116b8-3478-48df-97c2-9d19820fe5c0,2026-06-25T13:15:00Z,2026-06-25T15:15:00+0200,1052.86,MW,DE,DE_LU,forecast_offshore_wind_generation,Wind Offshore,2026-07-05T23:38:26Z
2026-07-05T23:37:01Z,2026-07-06T01:37:01+0200,947116b8-3478-48df-97c2-9d19820fe5c0,2026-06-25T13:30:00Z,2026-06-25T15:30:00+0200,1075.69,MW,DE,DE_LU,forecast_offshore_wind_generation,Wind Offshore,2026-07-05T23:38:26Z
2026-07-05T23:37:01Z,2026-07-06T01:37:01+0200,947116b8-3478-48df-97c2-9d19820fe5c0,2026-06-25T13:45:00Z,2026-06-25T15:45:00+0200,1101.78,MW,DE,DE_LU,forecast_offshore_wind_generation,Wind Offshore,2026-07-05T23:38:26Z
2026-07-05T23:37:01Z,2026-07-06T01:37:01+0200,947116b8-3478-48df-97c2-9d19820fe5c0,2026-06-25T14:00:00Z,2026-06-25T16:00:00+0200,1132.38,MW,DE,DE_LU,forecast_offshore_wind_generation,Wind Offshore,2026-07-05T23:38:26Z
2026-07-05T23:37:01Z,2026-07-06T01:37:01+0200,947116b8-3478-48df-97c2-9d19820fe5c0,2026-06-25T14:15:00Z,2026-06-25T16:15:00+0200,1147.16,MW,DE,DE_LU,forecast_offshore_wind_generation,Wind Offshore,2026-07-05T23:38:26Z
2026-07-05T23:37:01Z,2026-07-06T01:37:01+0200,947116b8-3478-48df-97c2-9d19820fe5c0,2026-06-25T14:30:00Z,2026-06-25T16:30:00+0200,1171.94,MW,DE,DE_LU,forecast_offshore_wind_generation,Wind Offshore,2026-07-05T23:38:26Z
2026-07-05T23:37:01Z,2026-07-06T01:37:01+0200,947116b8-3478-48df-97c2-9d19820fe5c0,2026-06-25T14:45:00Z,2026-06-25T16:45:00+0200,1186.5,MW,DE,DE_LU,forecast_offshore_wind_generation,Wind Offshore,2026-07-05T23:38:26Z
2026-07-05T23:37:01Z,2026-07-06T01:37:01+0200,947116b8-3478-48df-97c2-9d19820fe5c0,2026-06-25T15:00:00Z,2026-06-25T17:00:00+0200,1209.92,MW,DE,DE_LU,forecast_offshore_wind_generation,Wind Offshore,2026-07-05T23:38:26Z
2026-07-05T23:37:01Z,2026-07-06T01:37:01+0200,947116b8-3478-48df-97c2-9d19820fe5c0,2026-06-25T15:15:00Z,2026-06-25T17:15:00+0200,1230.56,MW,DE,DE_LU,forecast_offshore_wind_generation,Wind Offshore,2026-07-05T23:38:26Z
2026-07-05T23:37:01Z,2026-07-06T01:37:01+0200,947116b8-3478-48df-97c2-9d19820fe5c0,2026-06-25T15:30:00Z,2026-06-25T17:30:00+0200,1250.41,MW,DE,DE_LU,forecast_offshore_wind_generation,Wind Offshore,2026-07-05T23:38:26Z
2026-07-05T23:37:01Z,2026-07-06T01:37:01+0200,947116b8-3478-48df-97c2-9d19820fe5c0,2026-06-25T15:45:00Z,2026-06-25T17:45:00+0200,1273.55,MW,DE,DE_LU,forecast_offshore_wind_generation,Wind Offshore,2026-07-05T23:38:26Z
2026-07-05T23:37:01Z,2026-07-06T01:37:01+0200,947116b8-3478-48df-97c2-9d19820fe5c0,2026-06-25T16:00:00Z,2026-06-25T18:00:00+0200,1296.6,MW,DE,DE_LU,forecast_offshore_wind_generation,Wind Offshore,2026-07-05T23:38:26Z
2026-07-05T23:37:01Z,2026-07-06T01:37:01+0200,947116b8-3478-48df-97c2-9d19820fe5c0,2026-06-25T16:15:00Z,2026-06-25T18:15:00+0200,1349.92,MW,DE,DE_LU,forecast_offshore_wind_generation,Wind Offshore,2026-07-05T23:38:26Z
2026-07-05T23:37:01Z,2026-07-06T01:37:01+0200,947116b8-3478-48df-97c2-9d19820fe5c0,2026-06-25T16:30:00Z,2026-06-25T18:30:00+0200,1375.81,MW,DE,DE_LU,forecast_offshore_wind_generation,Wind Offshore,2026-07-05T23:38:26Z
2026-07-05T23:37:01Z,2026-07-06T01:37:01+0200,947116b8-3478-48df-97c2-9d19820fe5c0,2026-06-25T16:45:00Z,2026-06-25T18:45:00+0200,1398.56,MW,DE,DE_LU,forecast_offshore_wind_generation,Wind Offshore,2026-07-05T23:38:26Z
2026-07-05T23:37:01Z,2026-07-06T01:37:01+0200,947116b8-3478-48df-97c2-9d19820fe5c0,2026-06-25T17:00:00Z,2026-06-25T19:00:00+0200,1424.42,MW,DE,DE_LU,forecast_offshore_wind_generation,Wind Offshore,2026-07-05T23:38:26Z
2026-07-05T23:37:01Z,2026-07-06T01:37:01+0200,947116b8-3478-48df-97c2-9d19820fe5c0,2026-06-25T17:15:00Z,2026-06-25T19:15:00+0200,1453.86,MW,DE,DE_LU,forecast_offshore_wind_generation,Wind Offshore,2026-07-05T23:38:26Z
2026-07-05T23:37:01Z,2026-07-06T01:37:01+0200,947116b8-3478-48df-97c2-9d19820fe5c0,2026-06-25T17:30:00Z,2026-06-25T19:30:00+0200,1482.49,MW,DE,DE_LU,forecast_offshore_wind_generation,Wind Offshore,2026-07-05T23:38:26Z
2026-07-05T23:37:01Z,2026-07-06T01:37:01+0200,947116b8-3478-48df-97c2-9d19820fe5c0,2026-06-25T17:45:00Z,2026-06-25T19:45:00+0200,1512.13,MW,DE,DE_LU,forecast_offshore_wind_generation,Wind Offshore,2026-07-05T23:38:26Z
2026-07-05T23:37:01Z,2026-07-06T01:37:01+0200,947116b8-3478-48df-97c2-9d19820fe5c0,2026-06-25T18:00:00Z,2026-06-25T20:00:00+0200,1544.21,MW,DE,DE_LU,forecast_offshore_wind_generation,Wind Offshore,2026-07-05T23:38:26Z
2026-07-05T23:37:01Z,2026-07-06T01:37:01+0200,947116b8-3478-48df-97c2-9d19820fe5c0,2026-06-25T18:15:00Z,2026-06-25T20:15:00+0200,1578.73,MW,DE,DE_LU,forecast_offshore_wind_generation,Wind Offshore,2026-07-05T23:38:26Z
2026-07-05T23:37:01Z,2026-07-06T01:37:01+0200,947116b8-3478-48df-97c2-9d19820fe5c0,2026-06-25T18:30:00Z,2026-06-25T20:30:00+0200,1615.27,MW,DE,DE_LU,forecast_offshore_wind_generation,Wind Offshore,2026-07-05T23:38:26Z
2026-07-05T23:37:01Z,2026-07-06T01:37:01+0200,947116b8-3478-48df-97c2-9d19820fe5c0,2026-06-25T18:45:00Z,2026-06-25T20:45:00+0200,1650.88,MW,DE,DE_LU,forecast_offshore_wind_generation,Wind Offshore,2026-07-05T23:38:26Z
2026-07-05T23:37:01Z,2026-07-06T01:37:01+0200,947116b8-3478-48df-97c2-9d19820fe5c0,2026-06-25T19:00:00Z,2026-06-25T21:00:00+0200,1681.57,MW,DE,DE_LU,forecast_offshore_wind_generation,Wind Offshore,2026-07-05T23:38:26Z
2026-07-05T23:37:01Z,2026-07-06T01:37:01+0200,947116b8-3478-48df-97c2-9d19820fe5c0,2026-06-25T19:15:00Z,2026-06-25T21:15:00+0200,1701.03,MW,DE,DE_LU,forecast_offshore_wind_generation,Wind Offshore,2026-07-05T23:38:26Z
2026-07-05T23:37:01Z,2026-07-06T01:37:01+0200,947116b8-3478-48df-97c2-9d19820fe5c0,2026-06-25T19:30:00Z,2026-06-25T21:30:00+0200,1724.27,MW,DE,DE_LU,forecast_offshore_wind_generation,Wind Offshore,2026-07-05T23:38:26Z
2026-07-05T23:37:01Z,2026-07-06T01:37:01+0200,947116b8-3478-48df-97c2-9d19820fe5c0,2026-06-25T19:45:00Z,2026-06-25T21:45:00+0200,1744.49,MW,DE,DE_LU,forecast_offshore_wind_generation,Wind Offshore,2026-07-05T23:38:26Z
2026-07-05T23:37:01Z,2026-07-06T01:37:01+0200,947116b8-3478-48df-97c2-9d19820fe5c0,2026-06-25T20:00:00Z,2026-06-25T22:00:00+0200,1765.1,MW,DE,DE_LU,forecast_offshore_wind_generation,Wind Offshore,2026-07-05T23:38:26Z
2026-07-05T23:37:01Z,2026-07-06T01:37:01+0200,947116b8-3478-48df-97c2-9d19820fe5c0,2026-06-25T20:15:00Z,2026-06-25T22:15:00+0200,1761.32,MW,DE,DE_LU,forecast_offshore_wind_generation,Wind Offshore,2026-07-05T23:38:26Z
2026-07-05T23:37:01Z,2026-07-06T01:37:01+0200,947116b8-3478-48df-97c2-9d19820fe5c0,2026-06-25T20:30:00Z,2026-06-25T22:30:00+0200,1752.64,MW,DE,DE_LU,forecast_offshore_wind_generation,Wind Offshore,2026-07-05T23:38:26Z
2026-07-05T23:37:01Z,2026-07-06T01:37:01+0200,947116b8-3478-48df-97c2-9d19820fe5c0,2026-06-25T20:45:00Z,2026-06-25T22:45:00+0200,1743.27,MW,DE,DE_LU,forecast_offshore_wind_generation,Wind Offshore,2026-07-05T23:38:26Z
2026-07-05T23:37:01Z,2026-07-06T01:37:01+0200,947116b8-3478-48df-97c2-9d19820fe5c0,2026-06-25T21:00:00Z,2026-06-25T23:00:00+0200,1730.73,MW,DE,DE_LU,forecast_offshore_wind_generation,Wind Offshore,2026-07-05T23:38:26Z
2026-07-05T23:37:01Z,2026-07-06T01:37:01+0200,947116b8-3478-48df-97c2-9d19820fe5c0,2026-06-25T21:15:00Z,2026-06-25T23:15:00+0200,1707.09,MW,DE,DE_LU,forecast_offshore_wind_generation,Wind Offshore,2026-07-05T23:38:26Z
2026-07-05T23:37:01Z,2026-07-06T01:37:01+0200,947116b8-3478-48df-97c2-9d19820fe5c0,2026-06-25T21:30:00Z,2026-06-25T23:30:00+0200,1681.34,MW,DE,DE_LU,forecast_offshore_wind_generation,Wind Offshore,2026-07-05T23:38:26Z
2026-07-05T23:37:01Z,2026-07-06T01:37:01+0200,947116b8-3478-48df-97c2-9d19820fe5c0,2026-06-25T21:45:00Z,2026-06-25T23:45:00+0200,1659.39,MW,DE,DE_LU,forecast_offshore_wind_generation,Wind Offshore,2026-07-05T23:38:26Z
2026-07-05T23:37:01Z,2026-07-06T01:37:01+0200,947116b8-3478-48df-97c2-9d19820fe5c0,2026-06-25T22:00:00Z,2026-06-26T00:00:00+0200,1378.2,MW,DE,DE_LU,forecast_offshore_wind_generation,Wind Offshore,2026-07-05T23:38:26Z
2026-07-05T23:37:01Z,2026-07-06T01:37:01+0200,947116b8-3478-48df-97c2-9d19820fe5c0,2026-06-25T22:15:00Z,2026-06-26T00:15:00+0200,1391.28,MW,DE,DE_LU,forecast_offshore_wind_generation,Wind Offshore,2026-07-05T23:38:26Z
2026-07-05T23:37:01Z,2026-07-06T01:37:01+0200,947116b8-3478-48df-97c2-9d19820fe5c0,2026-06-25T22:30:00Z,2026-06-26T00:30:00+0200,1408.4,MW,DE,DE_LU,forecast_offshore_wind_generation,Wind Offshore,2026-07-05T23:38:26Z
2026-07-05T23:37:01Z,2026-07-06T01:37:01+0200,947116b8-3478-48df-97c2-9d19820fe5c0,2026-06-25T22:45:00Z,2026-06-26T00:45:00+0200,1421.79,MW,DE,DE_LU,forecast_offshore_wind_generation,Wind Offshore,2026-07-05T23:38:26Z
2026-07-05T23:37:01Z,2026-07-06T01:37:01+0200,947116b8-3478-48df-97c2-9d19820fe5c0,2026-06-25T23:00:00Z,2026-06-26T01:00:00+0200,1435.75,MW,DE,DE_LU,forecast_offshore_wind_generation,Wind Offshore,2026-07-05T23:38:26Z
2026-07-05T23:37:01Z,2026-07-06T01:37:01+0200,947116b8-3478-48df-97c2-9d19820fe5c0,2026-06-25T23:15:00Z,2026-06-26T01:15:00+0200,1439.05,MW,DE,DE_LU,forecast_offshore_wind_generation,Wind Offshore,2026-07-05T23:38:26Z
2026-07-05T23:37:01Z,2026-07-06T01:37:01+0200,947116b8-3478-48df-97c2-9d19820fe5c0,2026-06-25T23:30:00Z,2026-06-26T01:30:00+0200,1445.42,MW,DE,DE_LU,forecast_offshore_wind_generation,Wind Offshore,2026-07-05T23:38:26Z
2026-07-05T23:37:01Z,2026-07-06T01:37:01+0200,947116b8-3478-48df-97c2-9d19820fe5c0,2026-06-25T23:45:00Z,2026-06-26T01:45:00+0200,1447.9,MW,DE,DE_LU,forecast_offshore_wind_generation,Wind Offshore,2026-07-05T23:38:26Z
2026-07-05T23:37:01Z,2026-07-06T01:37:01+0200,947116b8-3478-48df-97c2-9d19820fe5c0,2026-06-26T00:00:00Z,2026-06-26T02:00:00+0200,1456.14,MW,DE,DE_LU,forecast_offshore_wind_generation,Wind Offshore,2026-07-05T23:38:26Z
2026-07-05T23:37:01Z,2026-07-06T01:37:01+0200,947116b8-3478-48df-97c2-9d19820fe5c0,2026-06-26T00:15:00Z,2026-06-26T02:15:00+0200,1462.67,MW,DE,DE_LU,forecast_offshore_wind_generation,Wind Offshore,2026-07-05T23:38:26Z
2026-07-05T23:37:01Z,2026-07-06T01:37:01+0200,947116b8-3478-48df-97c2-9d19820fe5c0,2026-06-26T00:30:00Z,2026-06-26T02:30:00+0200,1469.26,MW,DE,DE_LU,forecast_offshore_wind_generation,Wind Offshore,2026-07-05T23:38:26Z
2026-07-05T23:37:01Z,2026-07-06T01:37:01+0200,947116b8-3478-48df-97c2-9d19820fe5c0,2026-06-26T00:45:00Z,2026-06-26T02:45:00+0200,1469.81,MW,DE,DE_LU,forecast_offshore_wind_generation,Wind Offshore,2026-07-05T23:38:26Z
2026-07-05T23:37:01Z,2026-07-06T01:37:01+0200,947116b8-3478-48df-97c2-9d19820fe5c0,2026-06-26T01:00:00Z,2026-06-26T03:00:00+0200,1479.96,MW,DE,DE_LU,forecast_offshore_wind_generation,Wind Offshore,2026-07-05T23:38:26Z
2026-07-05T23:37:01Z,2026-07-06T01:37:01+0200,947116b8-3478-48df-97c2-9d19820fe5c0,2026-06-26T01:15:00Z,2026-06-26T03:15:00+0200,1498.07,MW,DE,DE_LU,forecast_offshore_wind_generation,Wind Offshore,2026-07-05T23:38:26Z
2026-07-05T23:37:01Z,2026-07-06T01:37:01+0200,947116b8-3478-48df-97c2-9d19820fe5c0,2026-06-26T01:30:00Z,2026-06-26T03:30:00+0200,1520.34,MW,DE,DE_LU,forecast_offshore_wind_generation,Wind Offshore,2026-07-05T23:38:26Z
2026-07-05T23:37:01Z,2026-07-06T01:37:01+0200,947116b8-3478-48df-97c2-9d19820fe5c0,2026-06-26T01:45:00Z,2026-06-26T03:45:00+0200,1538.75,MW,DE,DE_LU,forecast_offshore_wind_generation,Wind Offshore,2026-07-05T23:38:26Z
2026-07-05T23:37:01Z,2026-07-06T01:37:01+0200,947116b8-3478-48df-97c2-9d19820fe5c0,2026-06-26T02:00:00Z,2026-06-26T04:00:00+0200,1564.78,MW,DE,DE_LU,forecast_offshore_wind_generation,Wind Offshore,2026-07-05T23:38:26Z
2026-07-05T23:37:01Z,2026-07-06T01:37:01+0200,947116b8-3478-48df-97c2-9d19820fe5c0,2026-06-26T02:15:00Z,2026-06-26T04:15:00+0200,1577.35,MW,DE,DE_LU,forecast_offshore_wind_generation,Wind Offshore,2026-07-05T23:38:26Z
2026-07-05T23:37:01Z,2026-07-06T01:37:01+0200,947116b8-3478-48df-97c2-9d19820fe5c0,2026-06-26T02:30:00Z,2026-06-26T04:30:00+0200,1596.9,MW,DE,DE_LU,forecast_offshore_wind_generation,Wind Offshore,2026-07-05T23:38:26Z
2026-07-05T23:37:01Z,2026-07-06T01:37:01+0200,947116b8-3478-48df-97c2-9d19820fe5c0,2026-06-26T02:45:00Z,2026-06-26T04:45:00+0200,1608.37,MW,DE,DE_LU,forecast_offshore_wind_generation,Wind Offshore,2026-07-05T23:38:26Z
2026-07-05T23:37:01Z,2026-07-06T01:37:01+0200,947116b8-3478-48df-97c2-9d19820fe5c0,2026-06-26T03:00:00Z,2026-06-26T05:00:00+0200,1621.74,MW,DE,DE_LU,forecast_offshore_wind_generation,Wind Offshore,2026-07-05T23:38:26Z
2026-07-05T23:37:01Z,2026-07-06T01:37:01+0200,947116b8-3478-48df-97c2-9d19820fe5c0,2026-06-26T03:15:00Z,2026-06-26T05:15:00+0200,1639.96,MW,DE,DE_LU,forecast_offshore_wind_generation,Wind Offshore,2026-07-05T23:38:26Z
2026-07-05T23:37:01Z,2026-07-06T01:37:01+0200,947116b8-3478-48df-97c2-9d19820fe5c0,2026-06-26T03:30:00Z,2026-06-26T05:30:00+0200,1656.48,MW,DE,DE_LU,forecast_offshore_wind_generation,Wind Offshore,2026-07-05T23:38:26Z
2026-07-05T23:37:01Z,2026-07-06T01:37:01+0200,947116b8-3478-48df-97c2-9d19820fe5c0,2026-06-26T03:45:00Z,2026-06-26T05:45:00+0200,1671.37,MW,DE,DE_LU,forecast_offshore_wind_generation,Wind Offshore,2026-07-05T23:38:26Z
2026-07-05T23:37:01Z,2026-07-06T01:37:01+0200,947116b8-3478-48df-97c2-9d19820fe5c0,2026-06-26T04:00:00Z,2026-06-26T06:00:00+0200,1700.07,MW,DE,DE_LU,forecast_offshore_wind_generation,Wind Offshore,2026-07-05T23:38:26Z
2026-07-05T23:37:01Z,2026-07-06T01:37:01+0200,947116b8-3478-48df-97c2-9d19820fe5c0,2026-06-26T04:15:00Z,2026-06-26T06:15:00+0200,1772.74,MW,DE,DE_LU,forecast_offshore_wind_generation,Wind Offshore,2026-07-05T23:38:26Z
2026-07-05T23:37:01Z,2026-07-06T01:37:01+0200,947116b8-3478-48df-97c2-9d19820fe5c0,2026-06-26T04:30:00Z,2026-06-26T06:30:00+0200,1845.83,MW,DE,DE_LU,forecast_offshore_wind_generation,Wind Offshore,2026-07-05T23:38:26Z
2026-07-05T23:37:01Z,2026-07-06T01:37:01+0200,947116b8-3478-48df-97c2-9d19820fe5c0,2026-06-26T04:45:00Z,2026-06-26T06:45:00+0200,1912.19,MW,DE,DE_LU,forecast_offshore_wind_generation,Wind Offshore,2026-07-05T23:38:26Z
2026-07-05T23:37:01Z,2026-07-06T01:37:01+0200,947116b8-3478-48df-97c2-9d19820fe5c0,2026-06-26T05:00:00Z,2026-06-26T07:00:00+0200,1986.17,MW,DE,DE_LU,forecast_offshore_wind_generation,Wind Offshore,2026-07-05T23:38:26Z
2026-07-05T23:37:01Z,2026-07-06T01:37:01+0200,947116b8-3478-48df-97c2-9d19820fe5c0,2026-06-26T05:15:00Z,2026-06-26T07:15:00+0200,2080.14,MW,DE,DE_LU,forecast_offshore_wind_generation,Wind Offshore,2026-07-05T23:38:26Z
2026-07-05T23:37:01Z,2026-07-06T01:37:01+0200,947116b8-3478-48df-97c2-9d19820fe5c0,2026-06-26T05:30:00Z,2026-06-26T07:30:00+0200,2180.15,MW,DE,DE_LU,forecast_offshore_wind_generation,Wind Offshore,2026-07-05T23:38:26Z
2026-07-05T23:37:01Z,2026-07-06T01:37:01+0200,947116b8-3478-48df-97c2-9d19820fe5c0,2026-06-26T05:45:00Z,2026-06-26T07:45:00+0200,2281.21,MW,DE,DE_LU,forecast_offshore_wind_generation,Wind Offshore,2026-07-05T23:38:26Z
2026-07-05T23:37:01Z,2026-07-06T01:37:01+0200,947116b8-3478-48df-97c2-9d19820fe5c0,2026-06-26T06:00:00Z,2026-06-26T08:00:00+0200,2363.8,MW,DE,DE_LU,forecast_offshore_wind_generation,Wind Offshore,2026-07-05T23:38:26Z
2026-07-05T23:37:01Z,2026-07-06T01:37:01+0200,947116b8-3478-48df-97c2-9d19820fe5c0,2026-06-26T06:15:00Z,2026-06-26T08:15:00+0200,2420.18,MW,DE,DE_LU,forecast_offshore_wind_generation,Wind Offshore,2026-07-05T23:38:26Z
2026-07-05T23:37:01Z,2026-07-06T01:37:01+0200,947116b8-3478-48df-97c2-9d19820fe5c0,2026-06-26T06:30:00Z,2026-06-26T08:30:00+0200,2477.62,MW,DE,DE_LU,forecast_offshore_wind_generation,Wind Offshore,2026-07-05T23:38:26Z
2026-07-05T23:37:01Z,2026-07-06T01:37:01+0200,947116b8-3478-48df-97c2-9d19820fe5c0,2026-06-26T06:45:00Z,2026-06-26T08:45:00+0200,2536.12,MW,DE,DE_LU,forecast_offshore_wind_generation,Wind Offshore,2026-07-05T23:38:26Z
2026-07-05T23:37:01Z,2026-07-06T01:37:01+0200,947116b8-3478-48df-97c2-9d19820fe5c0,2026-06-26T07:00:00Z,2026-06-26T09:00:00+0200,2497.79,MW,DE,DE_LU,forecast_offshore_wind_generation,Wind Offshore,2026-07-05T23:38:26Z
2026-07-05T23:37:01Z,2026-07-06T01:37:01+0200,947116b8-3478-48df-97c2-9d19820fe5c0,2026-06-26T07:15:00Z,2026-06-26T09:15:00+0200,2508.23,MW,DE,DE_LU,forecast_offshore_wind_generation,Wind Offshore,2026-07-05T23:38:26Z
2026-07-05T23:37:01Z,2026-07-06T01:37:01+0200,947116b8-3478-48df-97c2-9d19820fe5c0,2026-06-26T07:30:00Z,2026-06-26T09:30:00+0200,2510.65,MW,DE,DE_LU,forecast_offshore_wind_generation,Wind Offshore,2026-07-05T23:38:26Z
2026-07-05T23:37:01Z,2026-07-06T01:37:01+0200,947116b8-3478-48df-97c2-9d19820fe5c0,2026-06-26T07:45:00Z,2026-06-26T09:45:00+0200,2520.06,MW,DE,DE_LU,forecast_offshore_wind_generation,Wind Offshore,2026-07-05T23:38:26Z
2026-07-05T23:37:01Z,2026-07-06T01:37:01+0200,947116b8-3478-48df-97c2-9d19820fe5c0,2026-06-26T08:00:00Z,2026-06-26T10:00:00+0200,2508.54,MW,DE,DE_LU,forecast_offshore_wind_generation,Wind Offshore,2026-07-05T23:38:26Z
2026-07-05T23:37:01Z,2026-07-06T01:37:01+0200,947116b8-3478-48df-97c2-9d19820fe5c0,2026-06-26T08:15:00Z,2026-06-26T10:15:00+0200,2456.31,MW,DE,DE_LU,forecast_offshore_wind_generation,Wind Offshore,2026-07-05T23:38:26Z
2026-07-05T23:37:01Z,2026-07-06T01:37:01+0200,947116b8-3478-48df-97c2-9d19820fe5c0,2026-06-26T08:30:00Z,2026-06-26T10:30:00+0200,2424.05,MW,DE,DE_LU,forecast_offshore_wind_generation,Wind Offshore,2026-07-05T23:38:26Z
2026-07-05T23:37:01Z,2026-07-06T01:37:01+0200,947116b8-3478-48df-97c2-9d19820fe5c0,2026-06-26T08:45:00Z,2026-06-26T10:45:00+0200,2388.84,MW,DE,DE_LU,forecast_offshore_wind_generation,Wind Offshore,2026-07-05T23:38:26Z
2026-07-05T23:37:01Z,2026-07-06T01:37:01+0200,947116b8-3478-48df-97c2-9d19820fe5c0,2026-06-26T09:00:00Z,2026-06-26T11:00:00+0200,2360.64,MW,DE,DE_LU,forecast_offshore_wind_generation,Wind Offshore,2026-07-05T23:38:26Z
2026-07-05T23:37:01Z,2026-07-06T01:37:01+0200,947116b8-3478-48df-97c2-9d19820fe5c0,2026-06-26T09:15:00Z,2026-06-26T11:15:00+0200,2312.56,MW,DE,DE_LU,forecast_offshore_wind_generation,Wind Offshore,2026-07-05T23:38:26Z
2026-07-05T23:37:01Z,2026-07-06T01:37:01+0200,947116b8-3478-48df-97c2-9d19820fe5c0,2026-06-26T09:30:00Z,2026-06-26T11:30:00+0200,2284.57,MW,DE,DE_LU,forecast_offshore_wind_generation,Wind Offshore,2026-07-05T23:38:26Z
2026-07-05T23:37:01Z,2026-07-06T01:37:01+0200,947116b8-3478-48df-97c2-9d19820fe5c0,2026-06-26T09:45:00Z,2026-06-26T11:45:00+0200,2259.59,MW,DE,DE_LU,forecast_offshore_wind_generation,Wind Offshore,2026-07-05T23:38:26Z
2026-07-05T23:37:01Z,2026-07-06T01:37:01+0200,947116b8-3478-48df-97c2-9d19820fe5c0,2026-06-26T10:00:00Z,2026-06-26T12:00:00+0200,2240.64,MW,DE,DE_LU,forecast_offshore_wind_generation,Wind Offshore,2026-07-05T23:38:26Z
2026-07-05T23:37:01Z,2026-07-06T01:37:01+0200,947116b8-3478-48df-97c2-9d19820fe5c0,2026-06-26T10:15:00Z,2026-06-26T12:15:00+0200,2228.69,MW,DE,DE_LU,forecast_offshore_wind_generation,Wind Offshore,2026-07-05T23:38:26Z
2026-07-05T23:37:01Z,2026-07-06T01:37:01+0200,947116b8-3478-48df-97c2-9d19820fe5c0,2026-06-26T10:30:00Z,2026-06-26T12:30:00+0200,2219.75,MW,DE,DE_LU,forecast_offshore_wind_generation,Wind Offshore,2026-07-05T23:38:26Z
2026-07-05T23:37:01Z,2026-07-06T01:37:01+0200,947116b8-3478-48df-97c2-9d19820fe5c0,2026-06-26T10:45:00Z,2026-06-26T12:45:00+0200,2210.81,MW,DE,DE_LU,forecast_offshore_wind_generation,Wind Offshore,2026-07-05T23:38:26Z
2026-07-05T23:37:01Z,2026-07-06T01:37:01+0200,947116b8-3478-48df-97c2-9d19820fe5c0,2026-06-26T11:00:00Z,2026-06-26T13:00:00+0200,2200.85,MW,DE,DE_LU,forecast_offshore_wind_generation,Wind Offshore,2026-07-05T23:38:26Z
2026-07-05T23:37:01Z,2026-07-06T01:37:01+0200,947116b8-3478-48df-97c2-9d19820fe5c0,2026-06-26T11:15:00Z,2026-06-26T13:15:00+0200,2178.9,MW,DE,DE_LU,forecast_offshore_wind_generation,Wind Offshore,2026-07-05T23:38:26Z
2026-07-05T23:37:01Z,2026-07-06T01:37:01+0200,947116b8-3478-48df-97c2-9d19820fe5c0,2026-06-26T11:30:00Z,2026-06-26T13:30:00+0200,2153.94,MW,DE,DE_LU,forecast_offshore_wind_generation,Wind Offshore,2026-07-05T23:38:26Z
2026-07-05T23:37:01Z,2026-07-06T01:37:01+0200,947116b8-3478-48df-97c2-9d19820fe5c0,2026-06-26T11:45:00Z,2026-06-26T13:45:00+0200,2131.99,MW,DE,DE_LU,forecast_offshore_wind_generation,Wind Offshore,2026-07-05T23:38:26Z
2026-07-05T23:37:01Z,2026-07-06T01:37:01+0200,947116b8-3478-48df-97c2-9d19820fe5c0,2026-06-26T12:00:00Z,2026-06-26T14:00:00+0200,2104.06,MW,DE,DE_LU,forecast_offshore_wind_generation,Wind Offshore,2026-07-05T23:38:26Z
2026-07-05T23:37:01Z,2026-07-06T01:37:01+0200,947116b8-3478-48df-97c2-9d19820fe5c0,2026-06-26T12:15:00Z,2026-06-26T14:15:00+0200,2070.21,MW,DE,DE_LU,forecast_offshore_wind_generation,Wind Offshore,2026-07-05T23:38:26Z
2026-07-05T23:37:01Z,2026-07-06T01:37:01+0200,947116b8-3478-48df-97c2-9d19820fe5c0,2026-06-26T12:30:00Z,2026-06-26T14:30:00+0200,2041.35,MW,DE,DE_LU,forecast_offshore_wind_generation,Wind Offshore,2026-07-05T23:38:26Z
2026-07-05T23:37:01Z,2026-07-06T01:37:01+0200,947116b8-3478-48df-97c2-9d19820fe5c0,2026-06-26T12:45:00Z,2026-06-26T14:45:00+0200,2005.52,MW,DE,DE_LU,forecast_offshore_wind_generation,Wind Offshore,2026-07-05T23:38:26Z
2026-07-05T23:37:01Z,2026-07-06T01:37:01+0200,947116b8-3478-48df-97c2-9d19820fe5c0,2026-06-26T13:00:00Z,2026-06-26T15:00:00+0200,1970.73,MW,DE,DE_LU,forecast_offshore_wind_generation,Wind Offshore,2026-07-05T23:38:26Z
2026-07-05T23:37:01Z,2026-07-06T01:37:01+0200,947116b8-3478-48df-97c2-9d19820fe5c0,2026-06-26T13:15:00Z,2026-06-26T15:15:00+0200,1942.93,MW,DE,DE_LU,forecast_offshore_wind_generation,Wind Offshore,2026-07-05T23:38:26Z
2026-07-05T23:37:01Z,2026-07-06T01:37:01+0200,947116b8-3478-48df-97c2-9d19820fe5c0,2026-06-26T13:30:00Z,2026-06-26T15:30:00+0200,1914.13,MW,DE,DE_LU,forecast_offshore_wind_generation,Wind Offshore,2026-07-05T23:38:26Z
2026-07-05T23:37:01Z,2026-07-06T01:37:01+0200,947116b8-3478-48df-97c2-9d19820fe5c0,2026-06-26T13:45:00Z,2026-06-26T15:45:00+0200,1886.34,MW,DE,DE_LU,forecast_offshore_wind_generation,Wind Offshore,2026-07-05T23:38:26Z
2026-07-05T23:37:01Z,2026-07-06T01:37:01+0200,947116b8-3478-48df-97c2-9d19820fe5c0,2026-06-26T14:00:00Z,2026-06-26T16:00:00+0200,1863.66,MW,DE,DE_LU,forecast_offshore_wind_generation,Wind Offshore,2026-07-05T23:38:26Z
2026-07-05T23:37:01Z,2026-07-06T01:37:01+0200,947116b8-3478-48df-97c2-9d19820fe5c0,2026-06-26T14:15:00Z,2026-06-26T16:15:00+0200,1863.21,MW,DE,DE_LU,forecast_offshore_wind_generation,Wind Offshore,2026-07-05T23:38:26Z
2026-07-05T23:37:01Z,2026-07-06T01:37:01+0200,947116b8-3478-48df-97c2-9d19820fe5c0,2026-06-26T14:30:00Z,2026-06-26T16:30:00+0200,1858.78,MW,DE,DE_LU,forecast_offshore_wind_generation,Wind Offshore,2026-07-05T23:38:26Z
2026-07-05T23:37:01Z,2026-07-06T01:37:01+0200,947116b8-3478-48df-97c2-9d19820fe5c0,2026-06-26T14:45:00Z,2026-06-26T16:45:00+0200,1852.34,MW,DE,DE_LU,forecast_offshore_wind_generation,Wind Offshore,2026-07-05T23:38:26Z
2026-07-05T23:37:01Z,2026-07-06T01:37:01+0200,947116b8-3478-48df-97c2-9d19820fe5c0,2026-06-26T15:00:00Z,2026-06-26T17:00:00+0200,1895.11,MW,DE,DE_LU,forecast_offshore_wind_generation,Wind Offshore,2026-07-05T23:38:26Z
2026-07-05T23:37:01Z,2026-07-06T01:37:01+0200,947116b8-3478-48df-97c2-9d19820fe5c0,2026-06-26T15:15:00Z,2026-06-26T17:15:00+0200,1906.69,MW,DE,DE_LU,forecast_offshore_wind_generation,Wind Offshore,2026-07-05T23:38:26Z
2026-07-05T23:37:01Z,2026-07-06T01:37:01+0200,947116b8-3478-48df-97c2-9d19820fe5c0,2026-06-26T15:30:00Z,2026-06-26T17:30:00+0200,1925.35,MW,DE,DE_LU,forecast_offshore_wind_generation,Wind Offshore,2026-07-05T23:38:26Z
2026-07-05T23:37:01Z,2026-07-06T01:37:01+0200,947116b8-3478-48df-97c2-9d19820fe5c0,2026-06-26T15:45:00Z,2026-06-26T17:45:00+0200,1943.12,MW,DE,DE_LU,forecast_offshore_wind_generation,Wind Offshore,2026-07-05T23:38:26Z
2026-07-05T23:37:01Z,2026-07-06T01:37:01+0200,947116b8-3478-48df-97c2-9d19820fe5c0,2026-06-26T16:00:00Z,2026-06-26T18:00:00+0200,1949.7,MW,DE,DE_LU,forecast_offshore_wind_generation,Wind Offshore,2026-07-05T23:38:26Z
2026-07-05T23:37:01Z,2026-07-06T01:37:01+0200,947116b8-3478-48df-97c2-9d19820fe5c0,2026-06-26T16:15:00Z,2026-06-26T18:15:00+0200,1942.4,MW,DE,DE_LU,forecast_offshore_wind_generation,Wind Offshore,2026-07-05T23:38:26Z
2026-07-05T23:37:01Z,2026-07-06T01:37:01+0200,947116b8-3478-48df-97c2-9d19820fe5c0,2026-06-26T16:30:00Z,2026-06-26T18:30:00+0200,1931.07,MW,DE,DE_LU,forecast_offshore_wind_generation,Wind Offshore,2026-07-05T23:38:26Z
2026-07-05T23:37:01Z,2026-07-06T01:37:01+0200,947116b8-3478-48df-97c2-9d19820fe5c0,2026-06-26T16:45:00Z,2026-06-26T18:45:00+0200,1922.84,MW,DE,DE_LU,forecast_offshore_wind_generation,Wind Offshore,2026-07-05T23:38:26Z
2026-07-05T23:37:01Z,2026-07-06T01:37:01+0200,947116b8-3478-48df-97c2-9d19820fe5c0,2026-06-26T17:00:00Z,2026-06-26T19:00:00+0200,1904.54,MW,DE,DE_LU,forecast_offshore_wind_generation,Wind Offshore,2026-07-05T23:38:26Z
2026-07-05T23:37:01Z,2026-07-06T01:37:01+0200,947116b8-3478-48df-97c2-9d19820fe5c0,2026-06-26T17:15:00Z,2026-06-26T19:15:00+0200,1911.12,MW,DE,DE_LU,forecast_offshore_wind_generation,Wind Offshore,2026-07-05T23:38:26Z
2026-07-05T23:37:01Z,2026-07-06T01:37:01+0200,947116b8-3478-48df-97c2-9d19820fe5c0,2026-06-26T17:30:00Z,2026-06-26T19:30:00+0200,1910.56,MW,DE,DE_LU,forecast_offshore_wind_generation,Wind Offshore,2026-07-05T23:38:26Z
2026-07-05T23:37:01Z,2026-07-06T01:37:01+0200,947116b8-3478-48df-97c2-9d19820fe5c0,2026-06-26T17:45:00Z,2026-06-26T19:45:00+0200,1912.1,MW,DE,DE_LU,forecast_offshore_wind_generation,Wind Offshore,2026-07-05T23:38:26Z
2026-07-05T23:37:01Z,2026-07-06T01:37:01+0200,947116b8-3478-48df-97c2-9d19820fe5c0,2026-06-26T18:00:00Z,2026-06-26T20:00:00+0200,1912.69,MW,DE,DE_LU,forecast_offshore_wind_generation,Wind Offshore,2026-07-05T23:38:26Z
2026-07-05T23:37:01Z,2026-07-06T01:37:01+0200,947116b8-3478-48df-97c2-9d19820fe5c0,2026-06-26T18:15:00Z,2026-06-26T20:15:00+0200,1910.7,MW,DE,DE_LU,forecast_offshore_wind_generation,Wind Offshore,2026-07-05T23:38:26Z
2026-07-05T23:37:01Z,2026-07-06T01:37:01+0200,947116b8-3478-48df-97c2-9d19820fe5c0,2026-06-26T18:30:00Z,2026-06-26T20:30:00+0200,1911.57,MW,DE,DE_LU,forecast_offshore_wind_generation,Wind Offshore,2026-07-05T23:38:26Z
2026-07-05T23:37:01Z,2026-07-06T01:37:01+0200,947116b8-3478-48df-97c2-9d19820fe5c0,2026-06-26T18:45:00Z,2026-06-26T20:45:00+0200,1914.11,MW,DE,DE_LU,forecast_offshore_wind_generation,Wind Offshore,2026-07-05T23:38:26Z
2026-07-05T23:37:01Z,2026-07-06T01:37:01+0200,947116b8-3478-48df-97c2-9d19820fe5c0,2026-06-26T19:00:00Z,2026-06-26T21:00:00+0200,1914.95,MW,DE,DE_LU,forecast_offshore_wind_generation,Wind Offshore,2026-07-05T23:38:26Z
2026-07-05T23:37:01Z,2026-07-06T01:37:01+0200,947116b8-3478-48df-97c2-9d19820fe5c0,2026-06-26T19:15:00Z,2026-06-26T21:15:00+0200,1929.53,MW,DE,DE_LU,forecast_offshore_wind_generation,Wind Offshore,2026-07-05T23:38:26Z
2026-07-05T23:37:01Z,2026-07-06T01:37:01+0200,947116b8-3478-48df-97c2-9d19820fe5c0,2026-06-26T19:30:00Z,2026-06-26T21:30:00+0200,1938.13,MW,DE,DE_LU,forecast_offshore_wind_generation,Wind Offshore,2026-07-05T23:38:26Z
2026-07-05T23:37:01Z,2026-07-06T01:37:01+0200,947116b8-3478-48df-97c2-9d19820fe5c0,2026-06-26T19:45:00Z,2026-06-26T21:45:00+0200,1947.13,MW,DE,DE_LU,forecast_offshore_wind_generation,Wind Offshore,2026-07-05T23:38:26Z
2026-07-05T23:37:01Z,2026-07-06T01:37:01+0200,947116b8-3478-48df-97c2-9d19820fe5c0,2026-06-26T20:00:00Z,2026-06-26T22:00:00+0200,1963.63,MW,DE,DE_LU,forecast_offshore_wind_generation,Wind Offshore,2026-07-05T23:38:26Z
2026-07-05T23:37:01Z,2026-07-06T01:37:01+0200,947116b8-3478-48df-97c2-9d19820fe5c0,2026-06-26T20:15:00Z,2026-06-26T22:15:00+0200,1976.71,MW,DE,DE_LU,forecast_offshore_wind_generation,Wind Offshore,2026-07-05T23:38:26Z
2026-07-05T23:37:01Z,2026-07-06T01:37:01+0200,947116b8-3478-48df-97c2-9d19820fe5c0,2026-06-26T20:30:00Z,2026-06-26T22:30:00+0200,1986.89,MW,DE,DE_LU,forecast_offshore_wind_generation,Wind Offshore,2026-07-05T23:38:26Z
2026-07-05T23:37:01Z,2026-07-06T01:37:01+0200,947116b8-3478-48df-97c2-9d19820fe5c0,2026-06-26T20:45:00Z,2026-06-26T22:45:00+0200,1994.43,MW,DE,DE_LU,forecast_offshore_wind_generation,Wind Offshore,2026-07-05T23:38:26Z
2026-07-05T23:37:01Z,2026-07-06T01:37:01+0200,947116b8-3478-48df-97c2-9d19820fe5c0,2026-06-26T21:00:00Z,2026-06-26T23:00:00+0200,1984.39,MW,DE,DE_LU,forecast_offshore_wind_generation,Wind Offshore,2026-07-05T23:38:26Z
2026-07-05T23:37:01Z,2026-07-06T01:37:01+0200,947116b8-3478-48df-97c2-9d19820fe5c0,2026-06-26T21:15:00Z,2026-06-26T23:15:00+0200,1928.05,MW,DE,DE_LU,forecast_offshore_wind_generation,Wind Offshore,2026-07-05T23:38:26Z
2026-07-05T23:37:01Z,2026-07-06T01:37:01+0200,947116b8-3478-48df-97c2-9d19820fe5c0,2026-06-26T21:30:00Z,2026-06-26T23:30:00+0200,1871.9,MW,DE,DE_LU,forecast_offshore_wind_generation,Wind Offshore,2026-07-05T23:38:26Z
2026-07-05T23:37:01Z,2026-07-06T01:37:01+0200,947116b8-3478-48df-97c2-9d19820fe5c0,2026-06-26T21:45:00Z,2026-06-26T23:45:00+0200,1818.99,MW,DE,DE_LU,forecast_offshore_wind_generation,Wind Offshore,2026-07-05T23:38:26Z
2026-07-05T23:37:01Z,2026-07-06T01:37:01+0200,947116b8-3478-48df-97c2-9d19820fe5c0,2026-06-26T22:00:00Z,2026-06-27T00:00:00+0200,2043.12,MW,DE,DE_LU,forecast_offshore_wind_generation,Wind Offshore,2026-07-05T23:38:26Z
2026-07-05T23:37:01Z,2026-07-06T01:37:01+0200,947116b8-3478-48df-97c2-9d19820fe5c0,2026-06-26T22:15:00Z,2026-06-27T00:15:00+0200,1971.4,MW,DE,DE_LU,forecast_offshore_wind_generation,Wind Offshore,2026-07-05T23:38:26Z
2026-07-05T23:37:01Z,2026-07-06T01:37:01+0200,947116b8-3478-48df-97c2-9d19820fe5c0,2026-06-26T22:30:00Z,2026-06-27T00:30:00+0200,1896.03,MW,DE,DE_LU,forecast_offshore_wind_generation,Wind Offshore,2026-07-05T23:38:26Z
2026-07-05T23:37:01Z,2026-07-06T01:37:01+0200,947116b8-3478-48df-97c2-9d19820fe5c0,2026-06-26T22:45:00Z,2026-06-27T00:45:00+0200,1825.46,MW,DE,DE_LU,forecast_offshore_wind_generation,Wind Offshore,2026-07-05T23:38:26Z
2026-07-05T23:37:01Z,2026-07-06T01:37:01+0200,947116b8-3478-48df-97c2-9d19820fe5c0,2026-06-26T23:00:00Z,2026-06-27T01:00:00+0200,1762.2,MW,DE,DE_LU,forecast_offshore_wind_generation,Wind Offshore,2026-07-05T23:38:26Z
2026-07-05T23:37:01Z,2026-07-06T01:37:01+0200,947116b8-3478-48df-97c2-9d19820fe5c0,2026-06-26T23:15:00Z,2026-06-27T01:15:00+0200,1714.53,MW,DE,DE_LU,forecast_offshore_wind_generation,Wind Offshore,2026-07-05T23:38:26Z
2026-07-05T23:37:01Z,2026-07-06T01:37:01+0200,947116b8-3478-48df-97c2-9d19820fe5c0,2026-06-26T23:30:00Z,2026-06-27T01:30:00+0200,1669.5,MW,DE,DE_LU,forecast_offshore_wind_generation,Wind Offshore,2026-07-05T23:38:26Z
2026-07-05T23:37:01Z,2026-07-06T01:37:01+0200,947116b8-3478-48df-97c2-9d19820fe5c0,2026-06-26T23:45:00Z,2026-06-27T01:45:00+0200,1625.23,MW,DE,DE_LU,forecast_offshore_wind_generation,Wind Offshore,2026-07-05T23:38:26Z
2026-07-05T23:37:01Z,2026-07-06T01:37:01+0200,947116b8-3478-48df-97c2-9d19820fe5c0,2026-06-27T00:00:00Z,2026-06-27T02:00:00+0200,1591.8,MW,DE,DE_LU,forecast_offshore_wind_generation,Wind Offshore,2026-07-05T23:38:26Z
2026-07-05T23:37:01Z,2026-07-06T01:37:01+0200,947116b8-3478-48df-97c2-9d19820fe5c0,2026-06-27T00:15:00Z,2026-06-27T02:15:00+0200,1547.07,MW,DE,DE_LU,forecast_offshore_wind_generation,Wind Offshore,2026-07-05T23:38:26Z
2026-07-05T23:37:01Z,2026-07-06T01:37:01+0200,947116b8-3478-48df-97c2-9d19820fe5c0,2026-06-27T00:30:00Z,2026-06-27T02:30:00+0200,1506.35,MW,DE,DE_LU,forecast_offshore_wind_generation,Wind Offshore,2026-07-05T23:38:26Z
2026-07-05T23:37:01Z,2026-07-06T01:37:01+0200,947116b8-3478-48df-97c2-9d19820fe5c0,2026-06-27T00:45:00Z,2026-06-27T02:45:00+0200,1467.38,MW,DE,DE_LU,forecast_offshore_wind_generation,Wind Offshore,2026-07-05T23:38:26Z
2026-07-05T23:37:01Z,2026-07-06T01:37:01+0200,947116b8-3478-48df-97c2-9d19820fe5c0,2026-06-27T01:00:00Z,2026-06-27T03:00:00+0200,1424.52,MW,DE,DE_LU,forecast_offshore_wind_generation,Wind Offshore,2026-07-05T23:38:26Z
2026-07-05T23:37:01Z,2026-07-06T01:37:01+0200,947116b8-3478-48df-97c2-9d19820fe5c0,2026-06-27T01:15:00Z,2026-06-27T03:15:00+0200,1382.78,MW,DE,DE_LU,forecast_offshore_wind_generation,Wind Offshore,2026-07-05T23:38:26Z
2026-07-05T23:37:01Z,2026-07-06T01:37:01+0200,947116b8-3478-48df-97c2-9d19820fe5c0,2026-06-27T01:30:00Z,2026-06-27T03:30:00+0200,1338.03,MW,DE,DE_LU,forecast_offshore_wind_generation,Wind Offshore,2026-07-05T23:38:26Z
2026-07-05T23:37:01Z,2026-07-06T01:37:01+0200,947116b8-3478-48df-97c2-9d19820fe5c0,2026-06-27T01:45:00Z,2026-06-27T03:45:00+0200,1300.19,MW,DE,DE_LU,forecast_offshore_wind_generation,Wind Offshore,2026-07-05T23:38:26Z
2026-07-05T23:37:01Z,2026-07-06T01:37:01+0200,947116b8-3478-48df-97c2-9d19820fe5c0,2026-06-27T02:00:00Z,2026-06-27T04:00:00+0200,1264.39,MW,DE,DE_LU,forecast_offshore_wind_generation,Wind Offshore,2026-07-05T23:38:26Z
2026-07-05T23:37:01Z,2026-07-06T01:37:01+0200,947116b8-3478-48df-97c2-9d19820fe5c0,2026-06-27T02:15:00Z,2026-06-27T04:15:00+0200,1232.95,MW,DE,DE_LU,forecast_offshore_wind_generation,Wind Offshore,2026-07-05T23:38:26Z
2026-07-05T23:37:01Z,2026-07-06T01:37:01+0200,947116b8-3478-48df-97c2-9d19820fe5c0,2026-06-27T02:30:00Z,2026-06-27T04:30:00+0200,1199.45,MW,DE,DE_LU,forecast_offshore_wind_generation,Wind Offshore,2026-07-05T23:38:26Z
2026-07-05T23:37:01Z,2026-07-06T01:37:01+0200,947116b8-3478-48df-97c2-9d19820fe5c0,2026-06-27T02:45:00Z,2026-06-27T04:45:00+0200,1170.83,MW,DE,DE_LU,forecast_offshore_wind_generation,Wind Offshore,2026-07-05T23:38:26Z
2026-07-05T23:37:01Z,2026-07-06T01:37:01+0200,947116b8-3478-48df-97c2-9d19820fe5c0,2026-06-27T03:00:00Z,2026-06-27T05:00:00+0200,1131.22,MW,DE,DE_LU,forecast_offshore_wind_generation,Wind Offshore,2026-07-05T23:38:26Z
2026-07-05T23:37:01Z,2026-07-06T01:37:01+0200,947116b8-3478-48df-97c2-9d19820fe5c0,2026-06-27T03:15:00Z,2026-06-27T05:15:00+0200,1106.07,MW,DE,DE_LU,forecast_offshore_wind_generation,Wind Offshore,2026-07-05T23:38:26Z
2026-07-05T23:37:01Z,2026-07-06T01:37:01+0200,947116b8-3478-48df-97c2-9d19820fe5c0,2026-06-27T03:30:00Z,2026-06-27T05:30:00+0200,1070.85,MW,DE,DE_LU,forecast_offshore_wind_generation,Wind Offshore,2026-07-05T23:38:26Z
2026-07-05T23:37:01Z,2026-07-06T01:37:01+0200,947116b8-3478-48df-97c2-9d19820fe5c0,2026-06-27T03:45:00Z,2026-06-27T05:45:00+0200,1041.62,MW,DE,DE_LU,forecast_offshore_wind_generation,Wind Offshore,2026-07-05T23:38:26Z
2026-07-05T23:37:01Z,2026-07-06T01:37:01+0200,947116b8-3478-48df-97c2-9d19820fe5c0,2026-06-27T04:00:00Z,2026-06-27T06:00:00+0200,1003.06,MW,DE,DE_LU,forecast_offshore_wind_generation,Wind Offshore,2026-07-05T23:38:26Z
2026-07-05T23:37:01Z,2026-07-06T01:37:01+0200,947116b8-3478-48df-97c2-9d19820fe5c0,2026-06-27T04:15:00Z,2026-06-27T06:15:00+0200,970.64,MW,DE,DE_LU,forecast_offshore_wind_generation,Wind Offshore,2026-07-05T23:38:26Z
2026-07-05T23:37:01Z,2026-07-06T01:37:01+0200,947116b8-3478-48df-97c2-9d19820fe5c0,2026-06-27T04:30:00Z,2026-06-27T06:30:00+0200,938.09,MW,DE,DE_LU,forecast_offshore_wind_generation,Wind Offshore,2026-07-05T23:38:26Z
2026-07-05T23:37:01Z,2026-07-06T01:37:01+0200,947116b8-3478-48df-97c2-9d19820fe5c0,2026-06-27T04:45:00Z,2026-06-27T06:45:00+0200,903.85,MW,DE,DE_LU,forecast_offshore_wind_generation,Wind Offshore,2026-07-05T23:38:26Z
2026-07-05T23:37:01Z,2026-07-06T01:37:01+0200,947116b8-3478-48df-97c2-9d19820fe5c0,2026-06-27T05:00:00Z,2026-06-27T07:00:00+0200,872.31,MW,DE,DE_LU,forecast_offshore_wind_generation,Wind Offshore,2026-07-05T23:38:26Z
2026-07-05T23:37:01Z,2026-07-06T01:37:01+0200,947116b8-3478-48df-97c2-9d19820fe5c0,2026-06-27T05:15:00Z,2026-06-27T07:15:00+0200,847.41,MW,DE,DE_LU,forecast_offshore_wind_generation,Wind Offshore,2026-07-05T23:38:26Z
2026-07-05T23:37:01Z,2026-07-06T01:37:01+0200,947116b8-3478-48df-97c2-9d19820fe5c0,2026-06-27T05:30:00Z,2026-06-27T07:30:00+0200,828.22,MW,DE,DE_LU,forecast_offshore_wind_generation,Wind Offshore,2026-07-05T23:38:26Z
2026-07-05T23:37:01Z,2026-07-06T01:37:01+0200,947116b8-3478-48df-97c2-9d19820fe5c0,2026-06-27T05:45:00Z,2026-06-27T07:45:00+0200,799.54,MW,DE,DE_LU,forecast_offshore_wind_generation,Wind Offshore,2026-07-05T23:38:26Z
2026-07-05T23:37:01Z,2026-07-06T01:37:01+0200,947116b8-3478-48df-97c2-9d19820fe5c0,2026-06-27T06:00:00Z,2026-06-27T08:00:00+0200,775.58,MW,DE,DE_LU,forecast_offshore_wind_generation,Wind Offshore,2026-07-05T23:38:26Z
2026-07-05T23:37:01Z,2026-07-06T01:37:01+0200,947116b8-3478-48df-97c2-9d19820fe5c0,2026-06-27T06:15:00Z,2026-06-27T08:15:00+0200,748.76,MW,DE,DE_LU,forecast_offshore_wind_generation,Wind Offshore,2026-07-05T23:38:26Z
2026-07-05T23:37:01Z,2026-07-06T01:37:01+0200,947116b8-3478-48df-97c2-9d19820fe5c0,2026-06-27T06:30:00Z,2026-06-27T08:30:00+0200,718.99,MW,DE,DE_LU,forecast_offshore_wind_generation,Wind Offshore,2026-07-05T23:38:26Z
2026-07-05T23:37:01Z,2026-07-06T01:37:01+0200,947116b8-3478-48df-97c2-9d19820fe5c0,2026-06-27T06:45:00Z,2026-06-27T08:45:00+0200,692.77,MW,DE,DE_LU,forecast_offshore_wind_generation,Wind Offshore,2026-07-05T23:38:26Z
2026-07-05T23:37:01Z,2026-07-06T01:37:01+0200,947116b8-3478-48df-97c2-9d19820fe5c0,2026-06-27T07:00:00Z,2026-06-27T09:00:00+0200,666.61,MW,DE,DE_LU,forecast_offshore_wind_generation,Wind Offshore,2026-07-05T23:38:26Z
2026-07-05T23:37:01Z,2026-07-06T01:37:01+0200,947116b8-3478-48df-97c2-9d19820fe5c0,2026-06-27T07:15:00Z,2026-06-27T09:15:00+0200,641.92,MW,DE,DE_LU,forecast_offshore_wind_generation,Wind Offshore,2026-07-05T23:38:26Z
2026-07-05T23:37:01Z,2026-07-06T01:37:01+0200,947116b8-3478-48df-97c2-9d19820fe5c0,2026-06-27T07:30:00Z,2026-06-27T09:30:00+0200,611.74,MW,DE,DE_LU,forecast_offshore_wind_generation,Wind Offshore,2026-07-05T23:38:26Z
2026-07-05T23:37:01Z,2026-07-06T01:37:01+0200,947116b8-3478-48df-97c2-9d19820fe5c0,2026-06-27T07:45:00Z,2026-06-27T09:45:00+0200,584.83,MW,DE,DE_LU,forecast_offshore_wind_generation,Wind Offshore,2026-07-05T23:38:26Z
2026-07-05T23:37:01Z,2026-07-06T01:37:01+0200,947116b8-3478-48df-97c2-9d19820fe5c0,2026-06-27T08:00:00Z,2026-06-27T10:00:00+0200,561.04,MW,DE,DE_LU,forecast_offshore_wind_generation,Wind Offshore,2026-07-05T23:38:26Z
2026-07-05T23:37:01Z,2026-07-06T01:37:01+0200,947116b8-3478-48df-97c2-9d19820fe5c0,2026-06-27T08:15:00Z,2026-06-27T10:15:00+0200,538.82,MW,DE,DE_LU,forecast_offshore_wind_generation,Wind Offshore,2026-07-05T23:38:26Z
2026-07-05T23:37:01Z,2026-07-06T01:37:01+0200,947116b8-3478-48df-97c2-9d19820fe5c0,2026-06-27T08:30:00Z,2026-06-27T10:30:00+0200,520.22,MW,DE,DE_LU,forecast_offshore_wind_generation,Wind Offshore,2026-07-05T23:38:26Z
2026-07-05T23:37:01Z,2026-07-06T01:37:01+0200,947116b8-3478-48df-97c2-9d19820fe5c0,2026-06-27T08:45:00Z,2026-06-27T10:45:00+0200,500.29,MW,DE,DE_LU,forecast_offshore_wind_generation,Wind Offshore,2026-07-05T23:38:26Z
2026-07-05T23:37:01Z,2026-07-06T01:37:01+0200,947116b8-3478-48df-97c2-9d19820fe5c0,2026-06-27T09:00:00Z,2026-06-27T11:00:00+0200,481.13,MW,DE,DE_LU,forecast_offshore_wind_generation,Wind Offshore,2026-07-05T23:38:26Z
2026-07-05T23:37:01Z,2026-07-06T01:37:01+0200,947116b8-3478-48df-97c2-9d19820fe5c0,2026-06-27T09:15:00Z,2026-06-27T11:15:00+0200,456.9,MW,DE,DE_LU,forecast_offshore_wind_generation,Wind Offshore,2026-07-05T23:38:26Z
2026-07-05T23:37:01Z,2026-07-06T01:37:01+0200,947116b8-3478-48df-97c2-9d19820fe5c0,2026-06-27T09:30:00Z,2026-06-27T11:30:00+0200,429.6,MW,DE,DE_LU,forecast_offshore_wind_generation,Wind Offshore,2026-07-05T23:38:26Z
2026-07-05T23:37:01Z,2026-07-06T01:37:01+0200,947116b8-3478-48df-97c2-9d19820fe5c0,2026-06-27T09:45:00Z,2026-06-27T11:45:00+0200,405.49,MW,DE,DE_LU,forecast_offshore_wind_generation,Wind Offshore,2026-07-05T23:38:26Z
2026-07-05T23:37:01Z,2026-07-06T01:37:01+0200,947116b8-3478-48df-97c2-9d19820fe5c0,2026-06-27T10:00:00Z,2026-06-27T12:00:00+0200,381.22,MW,DE,DE_LU,forecast_offshore_wind_generation,Wind Offshore,2026-07-05T23:38:26Z
2026-07-05T23:37:01Z,2026-07-06T01:37:01+0200,947116b8-3478-48df-97c2-9d19820fe5c0,2026-06-27T10:15:00Z,2026-06-27T12:15:00+0200,369.98,MW,DE,DE_LU,forecast_offshore_wind_generation,Wind Offshore,2026-07-05T23:38:26Z
2026-07-05T23:37:01Z,2026-07-06T01:37:01+0200,947116b8-3478-48df-97c2-9d19820fe5c0,2026-06-27T10:30:00Z,2026-06-27T12:30:00+0200,353.71,MW,DE,DE_LU,forecast_offshore_wind_generation,Wind Offshore,2026-07-05T23:38:26Z
2026-07-05T23:37:01Z,2026-07-06T01:37:01+0200,947116b8-3478-48df-97c2-9d19820fe5c0,2026-06-27T10:45:00Z,2026-06-27T12:45:00+0200,337.99,MW,DE,DE_LU,forecast_offshore_wind_generation,Wind Offshore,2026-07-05T23:38:26Z
2026-07-05T23:37:01Z,2026-07-06T01:37:01+0200,947116b8-3478-48df-97c2-9d19820fe5c0,2026-06-27T11:00:00Z,2026-06-27T13:00:00+0200,323.78,MW,DE,DE_LU,forecast_offshore_wind_generation,Wind Offshore,2026-07-05T23:38:26Z
2026-07-05T23:37:01Z,2026-07-06T01:37:01+0200,947116b8-3478-48df-97c2-9d19820fe5c0,2026-06-27T11:15:00Z,2026-06-27T13:15:00+0200,315.42,MW,DE,DE_LU,forecast_offshore_wind_generation,Wind Offshore,2026-07-05T23:38:26Z
2026-07-05T23:37:01Z,2026-07-06T01:37:01+0200,947116b8-3478-48df-97c2-9d19820fe5c0,2026-06-27T11:30:00Z,2026-06-27T13:30:00+0200,308.85,MW,DE,DE_LU,forecast_offshore_wind_generation,Wind Offshore,2026-07-05T23:38:26Z
2026-07-05T23:37:01Z,2026-07-06T01:37:01+0200,947116b8-3478-48df-97c2-9d19820fe5c0,2026-06-27T11:45:00Z,2026-06-27T13:45:00+0200,293.8,MW,DE,DE_LU,forecast_offshore_wind_generation,Wind Offshore,2026-07-05T23:38:26Z
2026-07-05T23:37:01Z,2026-07-06T01:37:01+0200,947116b8-3478-48df-97c2-9d19820fe5c0,2026-06-27T12:00:00Z,2026-06-27T14:00:00+0200,288.14,MW,DE,DE_LU,forecast_offshore_wind_generation,Wind Offshore,2026-07-05T23:38:26Z
2026-07-05T23:37:01Z,2026-07-06T01:37:01+0200,947116b8-3478-48df-97c2-9d19820fe5c0,2026-06-27T12:15:00Z,2026-06-27T14:15:00+0200,279.96,MW,DE,DE_LU,forecast_offshore_wind_generation,Wind Offshore,2026-07-05T23:38:26Z
2026-07-05T23:37:01Z,2026-07-06T01:37:01+0200,947116b8-3478-48df-97c2-9d19820fe5c0,2026-06-27T12:30:00Z,2026-06-27T14:30:00+0200,271.67,MW,DE,DE_LU,forecast_offshore_wind_generation,Wind Offshore,2026-07-05T23:38:26Z
2026-07-05T23:37:01Z,2026-07-06T01:37:01+0200,947116b8-3478-48df-97c2-9d19820fe5c0,2026-06-27T12:45:00Z,2026-06-27T14:45:00+0200,266.85,MW,DE,DE_LU,forecast_offshore_wind_generation,Wind Offshore,2026-07-05T23:38:26Z
2026-07-05T23:37:01Z,2026-07-06T01:37:01+0200,947116b8-3478-48df-97c2-9d19820fe5c0,2026-06-27T13:00:00Z,2026-06-27T15:00:00+0200,263.9,MW,DE,DE_LU,forecast_offshore_wind_generation,Wind Offshore,2026-07-05T23:38:26Z
2026-07-05T23:37:01Z,2026-07-06T01:37:01+0200,947116b8-3478-48df-97c2-9d19820fe5c0,2026-06-27T13:15:00Z,2026-06-27T15:15:00+0200,265.41,MW,DE,DE_LU,forecast_offshore_wind_generation,Wind Offshore,2026-07-05T23:38:26Z
2026-07-05T23:37:01Z,2026-07-06T01:37:01+0200,947116b8-3478-48df-97c2-9d19820fe5c0,2026-06-27T13:30:00Z,2026-06-27T15:30:00+0200,268.0,MW,DE,DE_LU,forecast_offshore_wind_generation,Wind Offshore,2026-07-05T23:38:26Z
2026-07-05T23:37:01Z,2026-07-06T01:37:01+0200,947116b8-3478-48df-97c2-9d19820fe5c0,2026-06-27T13:45:00Z,2026-06-27T15:45:00+0200,269.07,MW,DE,DE_LU,forecast_offshore_wind_generation,Wind Offshore,2026-07-05T23:38:26Z
2026-07-05T23:37:01Z,2026-07-06T01:37:01+0200,947116b8-3478-48df-97c2-9d19820fe5c0,2026-06-27T14:00:00Z,2026-06-27T16:00:00+0200,285.61,MW,DE,DE_LU,forecast_offshore_wind_generation,Wind Offshore,2026-07-05T23:38:26Z
2026-07-05T23:37:01Z,2026-07-06T01:37:01+0200,947116b8-3478-48df-97c2-9d19820fe5c0,2026-06-27T14:15:00Z,2026-06-27T16:15:00+0200,295.23,MW,DE,DE_LU,forecast_offshore_wind_generation,Wind Offshore,2026-07-05T23:38:26Z
2026-07-05T23:37:01Z,2026-07-06T01:37:01+0200,947116b8-3478-48df-97c2-9d19820fe5c0,2026-06-27T14:30:00Z,2026-06-27T16:30:00+0200,305.84,MW,DE,DE_LU,forecast_offshore_wind_generation,Wind Offshore,2026-07-05T23:38:26Z
2026-07-05T23:37:01Z,2026-07-06T01:37:01+0200,947116b8-3478-48df-97c2-9d19820fe5c0,2026-06-27T14:45:00Z,2026-06-27T16:45:00+0200,312.52,MW,DE,DE_LU,forecast_offshore_wind_generation,Wind Offshore,2026-07-05T23:38:26Z
2026-07-05T23:37:01Z,2026-07-06T01:37:01+0200,947116b8-3478-48df-97c2-9d19820fe5c0,2026-06-27T15:00:00Z,2026-06-27T17:00:00+0200,325.09,MW,DE,DE_LU,forecast_offshore_wind_generation,Wind Offshore,2026-07-05T23:38:26Z
2026-07-05T23:37:01Z,2026-07-06T01:37:01+0200,947116b8-3478-48df-97c2-9d19820fe5c0,2026-06-27T15:15:00Z,2026-06-27T17:15:00+0200,328.64,MW,DE,DE_LU,forecast_offshore_wind_generation,Wind Offshore,2026-07-05T23:38:26Z
2026-07-05T23:37:01Z,2026-07-06T01:37:01+0200,947116b8-3478-48df-97c2-9d19820fe5c0,2026-06-27T15:30:00Z,2026-06-27T17:30:00+0200,334.21,MW,DE,DE_LU,forecast_offshore_wind_generation,Wind Offshore,2026-07-05T23:38:26Z
2026-07-05T23:37:01Z,2026-07-06T01:37:01+0200,947116b8-3478-48df-97c2-9d19820fe5c0,2026-06-27T15:45:00Z,2026-06-27T17:45:00+0200,343.81,MW,DE,DE_LU,forecast_offshore_wind_generation,Wind Offshore,2026-07-05T23:38:26Z
2026-07-05T23:37:01Z,2026-07-06T01:37:01+0200,947116b8-3478-48df-97c2-9d19820fe5c0,2026-06-27T16:00:00Z,2026-06-27T18:00:00+0200,348.1,MW,DE,DE_LU,forecast_offshore_wind_generation,Wind Offshore,2026-07-05T23:38:26Z
2026-07-05T23:37:01Z,2026-07-06T01:37:01+0200,947116b8-3478-48df-97c2-9d19820fe5c0,2026-06-27T16:15:00Z,2026-06-27T18:15:00+0200,356.34,MW,DE,DE_LU,forecast_offshore_wind_generation,Wind Offshore,2026-07-05T23:38:26Z
2026-07-05T23:37:01Z,2026-07-06T01:37:01+0200,947116b8-3478-48df-97c2-9d19820fe5c0,2026-06-27T16:30:00Z,2026-06-27T18:30:00+0200,363.74,MW,DE,DE_LU,forecast_offshore_wind_generation,Wind Offshore,2026-07-05T23:38:26Z
2026-07-05T23:37:01Z,2026-07-06T01:37:01+0200,947116b8-3478-48df-97c2-9d19820fe5c0,2026-06-27T16:45:00Z,2026-06-27T18:45:00+0200,375.2,MW,DE,DE_LU,forecast_offshore_wind_generation,Wind Offshore,2026-07-05T23:38:26Z
2026-07-05T23:37:01Z,2026-07-06T01:37:01+0200,947116b8-3478-48df-97c2-9d19820fe5c0,2026-06-27T17:00:00Z,2026-06-27T19:00:00+0200,390.54,MW,DE,DE_LU,forecast_offshore_wind_generation,Wind Offshore,2026-07-05T23:38:26Z
2026-07-05T23:37:01Z,2026-07-06T01:37:01+0200,947116b8-3478-48df-97c2-9d19820fe5c0,2026-06-27T17:15:00Z,2026-06-27T19:15:00+0200,404.31,MW,DE,DE_LU,forecast_offshore_wind_generation,Wind Offshore,2026-07-05T23:38:26Z
2026-07-05T23:37:01Z,2026-07-06T01:37:01+0200,947116b8-3478-48df-97c2-9d19820fe5c0,2026-06-27T17:30:00Z,2026-06-27T19:30:00+0200,426.62,MW,DE,DE_LU,forecast_offshore_wind_generation,Wind Offshore,2026-07-05T23:38:26Z
2026-07-05T23:37:01Z,2026-07-06T01:37:01+0200,947116b8-3478-48df-97c2-9d19820fe5c0,2026-06-27T17:45:00Z,2026-06-27T19:45:00+0200,444.93,MW,DE,DE_LU,forecast_offshore_wind_generation,Wind Offshore,2026-07-05T23:38:26Z
2026-07-05T23:37:01Z,2026-07-06T01:37:01+0200,947116b8-3478-48df-97c2-9d19820fe5c0,2026-06-27T18:00:00Z,2026-06-27T20:00:00+0200,465.18,MW,DE,DE_LU,forecast_offshore_wind_generation,Wind Offshore,2026-07-05T23:38:26Z
2026-07-05T23:37:01Z,2026-07-06T01:37:01+0200,947116b8-3478-48df-97c2-9d19820fe5c0,2026-06-27T18:15:00Z,2026-06-27T20:15:00+0200,486.41,MW,DE,DE_LU,forecast_offshore_wind_generation,Wind Offshore,2026-07-05T23:38:26Z
2026-07-05T23:37:01Z,2026-07-06T01:37:01+0200,947116b8-3478-48df-97c2-9d19820fe5c0,2026-06-27T18:30:00Z,2026-06-27T20:30:00+0200,515.43,MW,DE,DE_LU,forecast_offshore_wind_generation,Wind Offshore,2026-07-05T23:38:26Z
2026-07-05T23:37:01Z,2026-07-06T01:37:01+0200,947116b8-3478-48df-97c2-9d19820fe5c0,2026-06-27T18:45:00Z,2026-06-27T20:45:00+0200,540.36,MW,DE,DE_LU,forecast_offshore_wind_generation,Wind Offshore,2026-07-05T23:38:26Z
2026-07-05T23:37:01Z,2026-07-06T01:37:01+0200,947116b8-3478-48df-97c2-9d19820fe5c0,2026-06-27T19:00:00Z,2026-06-27T21:00:00+0200,565.74,MW,DE,DE_LU,forecast_offshore_wind_generation,Wind Offshore,2026-07-05T23:38:26Z
2026-07-05T23:37:01Z,2026-07-06T01:37:01+0200,947116b8-3478-48df-97c2-9d19820fe5c0,2026-06-27T19:15:00Z,2026-06-27T21:15:00+0200,584.59,MW,DE,DE_LU,forecast_offshore_wind_generation,Wind Offshore,2026-07-05T23:38:26Z
2026-07-05T23:37:01Z,2026-07-06T01:37:01+0200,947116b8-3478-48df-97c2-9d19820fe5c0,2026-06-27T19:30:00Z,2026-06-27T21:30:00+0200,602.64,MW,DE,DE_LU,forecast_offshore_wind_generation,Wind Offshore,2026-07-05T23:38:26Z
2026-07-05T23:37:01Z,2026-07-06T01:37:01+0200,947116b8-3478-48df-97c2-9d19820fe5c0,2026-06-27T19:45:00Z,2026-06-27T21:45:00+0200,624.87,MW,DE,DE_LU,forecast_offshore_wind_generation,Wind Offshore,2026-07-05T23:38:26Z
2026-07-05T23:37:01Z,2026-07-06T01:37:01+0200,947116b8-3478-48df-97c2-9d19820fe5c0,2026-06-27T20:00:00Z,2026-06-27T22:00:00+0200,646.15,MW,DE,DE_LU,forecast_offshore_wind_generation,Wind Offshore,2026-07-05T23:38:26Z
2026-07-05T23:37:01Z,2026-07-06T01:37:01+0200,947116b8-3478-48df-97c2-9d19820fe5c0,2026-06-27T20:15:00Z,2026-06-27T22:15:00+0200,668.91,MW,DE,DE_LU,forecast_offshore_wind_generation,Wind Offshore,2026-07-05T23:38:26Z
2026-07-05T23:37:01Z,2026-07-06T01:37:01+0200,947116b8-3478-48df-97c2-9d19820fe5c0,2026-06-27T20:30:00Z,2026-06-27T22:30:00+0200,688.59,MW,DE,DE_LU,forecast_offshore_wind_generation,Wind Offshore,2026-07-05T23:38:26Z
2026-07-05T23:37:01Z,2026-07-06T01:37:01+0200,947116b8-3478-48df-97c2-9d19820fe5c0,2026-06-27T20:45:00Z,2026-06-27T22:45:00+0200,708.06,MW,DE,DE_LU,forecast_offshore_wind_generation,Wind Offshore,2026-07-05T23:38:26Z
2026-07-05T23:37:01Z,2026-07-06T01:37:01+0200,947116b8-3478-48df-97c2-9d19820fe5c0,2026-06-27T21:00:00Z,2026-06-27T23:00:00+0200,734.71,MW,DE,DE_LU,forecast_offshore_wind_generation,Wind Offshore,2026-07-05T23:38:26Z
2026-07-05T23:37:01Z,2026-07-06T01:37:01+0200,947116b8-3478-48df-97c2-9d19820fe5c0,2026-06-27T21:15:00Z,2026-06-27T23:15:00+0200,771.16,MW,DE,DE_LU,forecast_offshore_wind_generation,Wind Offshore,2026-07-05T23:38:26Z
2026-07-05T23:37:01Z,2026-07-06T01:37:01+0200,947116b8-3478-48df-97c2-9d19820fe5c0,2026-06-27T21:30:00Z,2026-06-27T23:30:00+0200,798.35,MW,DE,DE_LU,forecast_offshore_wind_generation,Wind Offshore,2026-07-05T23:38:26Z
2026-07-05T23:37:01Z,2026-07-06T01:37:01+0200,947116b8-3478-48df-97c2-9d19820fe5c0,2026-06-27T21:45:00Z,2026-06-27T23:45:00+0200,830.52,MW,DE,DE_LU,forecast_offshore_wind_generation,Wind Offshore,2026-07-05T23:38:26Z
2026-07-05T23:37:01Z,2026-07-06T01:37:01+0200,947116b8-3478-48df-97c2-9d19820fe5c0,2026-06-27T22:00:00Z,2026-06-28T00:00:00+0200,852.44,MW,DE,DE_LU,forecast_offshore_wind_generation,Wind Offshore,2026-07-05T23:38:26Z
2026-07-05T23:37:01Z,2026-07-06T01:37:01+0200,947116b8-3478-48df-97c2-9d19820fe5c0,2026-06-27T22:15:00Z,2026-06-28T00:15:00+0200,884.22,MW,DE,DE_LU,forecast_offshore_wind_generation,Wind Offshore,2026-07-05T23:38:26Z
2026-07-05T23:37:01Z,2026-07-06T01:37:01+0200,947116b8-3478-48df-97c2-9d19820fe5c0,2026-06-27T22:30:00Z,2026-06-28T00:30:00+0200,912.94,MW,DE,DE_LU,forecast_offshore_wind_generation,Wind Offshore,2026-07-05T23:38:26Z
2026-07-05T23:37:01Z,2026-07-06T01:37:01+0200,947116b8-3478-48df-97c2-9d19820fe5c0,2026-06-27T22:45:00Z,2026-06-28T00:45:00+0200,938.27,MW,DE,DE_LU,forecast_offshore_wind_generation,Wind Offshore,2026-07-05T23:38:26Z
2026-07-05T23:37:01Z,2026-07-06T01:37:01+0200,947116b8-3478-48df-97c2-9d19820fe5c0,2026-06-27T23:00:00Z,2026-06-28T01:00:00+0200,951.54,MW,DE,DE_LU,forecast_offshore_wind_generation,Wind Offshore,2026-07-05T23:38:26Z
2026-07-05T23:37:01Z,2026-07-06T01:37:01+0200,947116b8-3478-48df-97c2-9d19820fe5c0,2026-06-27T23:15:00Z,2026-06-28T01:15:00+0200,985.61,MW,DE,DE_LU,forecast_offshore_wind_generation,Wind Offshore,2026-07-05T23:38:26Z
2026-07-05T23:37:01Z,2026-07-06T01:37:01+0200,947116b8-3478-48df-97c2-9d19820fe5c0,2026-06-27T23:30:00Z,2026-06-28T01:30:00+0200,1028.69,MW,DE,DE_LU,forecast_offshore_wind_generation,Wind Offshore,2026-07-05T23:38:26Z
2026-07-05T23:37:01Z,2026-07-06T01:37:01+0200,947116b8-3478-48df-97c2-9d19820fe5c0,2026-06-27T23:45:00Z,2026-06-28T01:45:00+0200,1063.19,MW,DE,DE_LU,forecast_offshore_wind_generation,Wind Offshore,2026-07-05T23:38:26Z
2026-07-05T23:37:01Z,2026-07-06T01:37:01+0200,947116b8-3478-48df-97c2-9d19820fe5c0,2026-06-28T00:00:00Z,2026-06-28T02:00:00+0200,1102.08,MW,DE,DE_LU,forecast_offshore_wind_generation,Wind Offshore,2026-07-05T23:38:26Z
2026-07-05T23:37:01Z,2026-07-06T01:37:01+0200,947116b8-3478-48df-97c2-9d19820fe5c0,2026-06-28T00:15:00Z,2026-06-28T02:15:00+0200,1114.93,MW,DE,DE_LU,forecast_offshore_wind_generation,Wind Offshore,2026-07-05T23:38:26Z
2026-07-05T23:37:01Z,2026-07-06T01:37:01+0200,947116b8-3478-48df-97c2-9d19820fe5c0,2026-06-28T00:30:00Z,2026-06-28T02:30:00+0200,1127.45,MW,DE,DE_LU,forecast_offshore_wind_generation,Wind Offshore,2026-07-05T23:38:26Z
2026-07-05T23:37:01Z,2026-07-06T01:37:01+0200,947116b8-3478-48df-97c2-9d19820fe5c0,2026-06-28T00:45:00Z,2026-06-28T02:45:00+0200,1159.95,MW,DE,DE_LU,forecast_offshore_wind_generation,Wind Offshore,2026-07-05T23:38:26Z
2026-07-05T23:37:01Z,2026-07-06T01:37:01+0200,947116b8-3478-48df-97c2-9d19820fe5c0,2026-06-28T01:00:00Z,2026-06-28T03:00:00+0200,1183.72,MW,DE,DE_LU,forecast_offshore_wind_generation,Wind Offshore,2026-07-05T23:38:26Z
2026-07-05T23:37:01Z,2026-07-06T01:37:01+0200,947116b8-3478-48df-97c2-9d19820fe5c0,2026-06-28T01:15:00Z,2026-06-28T03:15:00+0200,1204.4,MW,DE,DE_LU,forecast_offshore_wind_generation,Wind Offshore,2026-07-05T23:38:26Z
2026-07-05T23:37:01Z,2026-07-06T01:37:01+0200,947116b8-3478-48df-97c2-9d19820fe5c0,2026-06-28T01:30:00Z,2026-06-28T03:30:00+0200,1213.21,MW,DE,DE_LU,forecast_offshore_wind_generation,Wind Offshore,2026-07-05T23:38:26Z
2026-07-05T23:37:01Z,2026-07-06T01:37:01+0200,947116b8-3478-48df-97c2-9d19820fe5c0,2026-06-28T01:45:00Z,2026-06-28T03:45:00+0200,1228.61,MW,DE,DE_LU,forecast_offshore_wind_generation,Wind Offshore,2026-07-05T23:38:26Z
2026-07-05T23:37:01Z,2026-07-06T01:37:01+0200,947116b8-3478-48df-97c2-9d19820fe5c0,2026-06-28T02:00:00Z,2026-06-28T04:00:00+0200,1231.83,MW,DE,DE_LU,forecast_offshore_wind_generation,Wind Offshore,2026-07-05T23:38:26Z
2026-07-05T23:37:01Z,2026-07-06T01:37:01+0200,947116b8-3478-48df-97c2-9d19820fe5c0,2026-06-28T02:15:00Z,2026-06-28T04:15:00+0200,1192.37,MW,DE,DE_LU,forecast_offshore_wind_generation,Wind Offshore,2026-07-05T23:38:26Z
2026-07-05T23:37:01Z,2026-07-06T01:37:01+0200,947116b8-3478-48df-97c2-9d19820fe5c0,2026-06-28T02:30:00Z,2026-06-28T04:30:00+0200,1155.36,MW,DE,DE_LU,forecast_offshore_wind_generation,Wind Offshore,2026-07-05T23:38:26Z
2026-07-05T23:37:01Z,2026-07-06T01:37:01+0200,947116b8-3478-48df-97c2-9d19820fe5c0,2026-06-28T02:45:00Z,2026-06-28T04:45:00+0200,1110.94,MW,DE,DE_LU,forecast_offshore_wind_generation,Wind Offshore,2026-07-05T23:38:26Z
2026-07-05T23:37:01Z,2026-07-06T01:37:01+0200,947116b8-3478-48df-97c2-9d19820fe5c0,2026-06-28T03:00:00Z,2026-06-28T05:00:00+0200,1060.02,MW,DE,DE_LU,forecast_offshore_wind_generation,Wind Offshore,2026-07-05T23:38:26Z
2026-07-05T23:37:01Z,2026-07-06T01:37:01+0200,947116b8-3478-48df-97c2-9d19820fe5c0,2026-06-28T03:15:00Z,2026-06-28T05:15:00+0200,998.45,MW,DE,DE_LU,forecast_offshore_wind_generation,Wind Offshore,2026-07-05T23:38:26Z
2026-07-05T23:37:01Z,2026-07-06T01:37:01+0200,947116b8-3478-48df-97c2-9d19820fe5c0,2026-06-28T03:30:00Z,2026-06-28T05:30:00+0200,935.68,MW,DE,DE_LU,forecast_offshore_wind_generation,Wind Offshore,2026-07-05T23:38:26Z
2026-07-05T23:37:01Z,2026-07-06T01:37:01+0200,947116b8-3478-48df-97c2-9d19820fe5c0,2026-06-28T03:45:00Z,2026-06-28T05:45:00+0200,872.33,MW,DE,DE_LU,forecast_offshore_wind_generation,Wind Offshore,2026-07-05T23:38:26Z
2026-07-05T23:37:01Z,2026-07-06T01:37:01+0200,947116b8-3478-48df-97c2-9d19820fe5c0,2026-06-28T04:00:00Z,2026-06-28T06:00:00+0200,824.55,MW,DE,DE_LU,forecast_offshore_wind_generation,Wind Offshore,2026-07-05T23:38:26Z
2026-07-05T23:37:01Z,2026-07-06T01:37:01+0200,947116b8-3478-48df-97c2-9d19820fe5c0,2026-06-28T04:15:00Z,2026-06-28T06:15:00+0200,809.68,MW,DE,DE_LU,forecast_offshore_wind_generation,Wind Offshore,2026-07-05T23:38:26Z
2026-07-05T23:37:01Z,2026-07-06T01:37:01+0200,947116b8-3478-48df-97c2-9d19820fe5c0,2026-06-28T04:30:00Z,2026-06-28T06:30:00+0200,790.89,MW,DE,DE_LU,forecast_offshore_wind_generation,Wind Offshore,2026-07-05T23:38:26Z
2026-07-05T23:37:01Z,2026-07-06T01:37:01+0200,947116b8-3478-48df-97c2-9d19820fe5c0,2026-06-28T04:45:00Z,2026-06-28T06:45:00+0200,768.49,MW,DE,DE_LU,forecast_offshore_wind_generation,Wind Offshore,2026-07-05T23:38:26Z
2026-07-05T23:37:01Z,2026-07-06T01:37:01+0200,947116b8-3478-48df-97c2-9d19820fe5c0,2026-06-28T05:00:00Z,2026-06-28T07:00:00+0200,750.86,MW,DE,DE_LU,forecast_offshore_wind_generation,Wind Offshore,2026-07-05T23:38:26Z
2026-07-05T23:37:01Z,2026-07-06T01:37:01+0200,947116b8-3478-48df-97c2-9d19820fe5c0,2026-06-28T05:15:00Z,2026-06-28T07:15:00+0200,730.49,MW,DE,DE_LU,forecast_offshore_wind_generation,Wind Offshore,2026-07-05T23:38:26Z
2026-07-05T23:37:01Z,2026-07-06T01:37:01+0200,947116b8-3478-48df-97c2-9d19820fe5c0,2026-06-28T05:30:00Z,2026-06-28T07:30:00+0200,716.11,MW,DE,DE_LU,forecast_offshore_wind_generation,Wind Offshore,2026-07-05T23:38:26Z
2026-07-05T23:37:01Z,2026-07-06T01:37:01+0200,947116b8-3478-48df-97c2-9d19820fe5c0,2026-06-28T05:45:00Z,2026-06-28T07:45:00+0200,701.18,MW,DE,DE_LU,forecast_offshore_wind_generation,Wind Offshore,2026-07-05T23:38:26Z
2026-07-05T23:37:01Z,2026-07-06T01:37:01+0200,947116b8-3478-48df-97c2-9d19820fe5c0,2026-06-28T06:00:00Z,2026-06-28T08:00:00+0200,695.83,MW,DE,DE_LU,forecast_offshore_wind_generation,Wind Offshore,2026-07-05T23:38:26Z
2026-07-05T23:37:01Z,2026-07-06T01:37:01+0200,947116b8-3478-48df-97c2-9d19820fe5c0,2026-06-28T06:15:00Z,2026-06-28T08:15:00+0200,744.25,MW,DE,DE_LU,forecast_offshore_wind_generation,Wind Offshore,2026-07-05T23:38:26Z
2026-07-05T23:37:01Z,2026-07-06T01:37:01+0200,947116b8-3478-48df-97c2-9d19820fe5c0,2026-06-28T06:30:00Z,2026-06-28T08:30:00+0200,789.06,MW,DE,DE_LU,forecast_offshore_wind_generation,Wind Offshore,2026-07-05T23:38:26Z
2026-07-05T23:37:01Z,2026-07-06T01:37:01+0200,947116b8-3478-48df-97c2-9d19820fe5c0,2026-06-28T06:45:00Z,2026-06-28T08:45:00+0200,830.74,MW,DE,DE_LU,forecast_offshore_wind_generation,Wind Offshore,2026-07-05T23:38:26Z
2026-07-05T23:37:01Z,2026-07-06T01:37:01+0200,947116b8-3478-48df-97c2-9d19820fe5c0,2026-06-28T07:00:00Z,2026-06-28T09:00:00+0200,864.45,MW,DE,DE_LU,forecast_offshore_wind_generation,Wind Offshore,2026-07-05T23:38:26Z
2026-07-05T23:37:01Z,2026-07-06T01:37:01+0200,947116b8-3478-48df-97c2-9d19820fe5c0,2026-06-28T07:15:00Z,2026-06-28T09:15:00+0200,905.75,MW,DE,DE_LU,forecast_offshore_wind_generation,Wind Offshore,2026-07-05T23:38:26Z
2026-07-05T23:37:01Z,2026-07-06T01:37:01+0200,947116b8-3478-48df-97c2-9d19820fe5c0,2026-06-28T07:30:00Z,2026-06-28T09:30:00+0200,953.19,MW,DE,DE_LU,forecast_offshore_wind_generation,Wind Offshore,2026-07-05T23:38:26Z
2026-07-05T23:37:01Z,2026-07-06T01:37:01+0200,947116b8-3478-48df-97c2-9d19820fe5c0,2026-06-28T07:45:00Z,2026-06-28T09:45:00+0200,1010.0,MW,DE,DE_LU,forecast_offshore_wind_generation,Wind Offshore,2026-07-05T23:38:26Z
2026-07-05T23:37:01Z,2026-07-06T01:37:01+0200,947116b8-3478-48df-97c2-9d19820fe5c0,2026-06-28T08:00:00Z,2026-06-28T10:00:00+0200,1074.93,MW,DE,DE_LU,forecast_offshore_wind_generation,Wind Offshore,2026-07-05T23:38:26Z
2026-07-05T23:37:01Z,2026-07-06T01:37:01+0200,947116b8-3478-48df-97c2-9d19820fe5c0,2026-06-28T08:15:00Z,2026-06-28T10:15:00+0200,1114.25,MW,DE,DE_LU,forecast_offshore_wind_generation,Wind Offshore,2026-07-05T23:38:26Z
2026-07-05T23:37:01Z,2026-07-06T01:37:01+0200,947116b8-3478-48df-97c2-9d19820fe5c0,2026-06-28T08:30:00Z,2026-06-28T10:30:00+0200,1152.84,MW,DE,DE_LU,forecast_offshore_wind_generation,Wind Offshore,2026-07-05T23:38:26Z
2026-07-05T23:37:01Z,2026-07-06T01:37:01+0200,947116b8-3478-48df-97c2-9d19820fe5c0,2026-06-28T08:45:00Z,2026-06-28T10:45:00+0200,1190.23,MW,DE,DE_LU,forecast_offshore_wind_generation,Wind Offshore,2026-07-05T23:38:26Z
2026-07-05T23:37:01Z,2026-07-06T01:37:01+0200,947116b8-3478-48df-97c2-9d19820fe5c0,2026-06-28T09:00:00Z,2026-06-28T11:00:00+0200,1229.59,MW,DE,DE_LU,forecast_offshore_wind_generation,Wind Offshore,2026-07-05T23:38:26Z
2026-07-05T23:37:01Z,2026-07-06T01:37:01+0200,947116b8-3478-48df-97c2-9d19820fe5c0,2026-06-28T09:15:00Z,2026-06-28T11:15:00+0200,1271.59,MW,DE,DE_LU,forecast_offshore_wind_generation,Wind Offshore,2026-07-05T23:38:26Z
2026-07-05T23:37:01Z,2026-07-06T01:37:01+0200,947116b8-3478-48df-97c2-9d19820fe5c0,2026-06-28T09:30:00Z,2026-06-28T11:30:00+0200,1316.63,MW,DE,DE_LU,forecast_offshore_wind_generation,Wind Offshore,2026-07-05T23:38:26Z
2026-07-05T23:37:01Z,2026-07-06T01:37:01+0200,947116b8-3478-48df-97c2-9d19820fe5c0,2026-06-28T09:45:00Z,2026-06-28T11:45:00+0200,1376.25,MW,DE,DE_LU,forecast_offshore_wind_generation,Wind Offshore,2026-07-05T23:38:26Z
2026-07-05T23:37:01Z,2026-07-06T01:37:01+0200,947116b8-3478-48df-97c2-9d19820fe5c0,2026-06-28T10:00:00Z,2026-06-28T12:00:00+0200,1417.92,MW,DE,DE_LU,forecast_offshore_wind_generation,Wind Offshore,2026-07-05T23:38:26Z
2026-07-05T23:37:01Z,2026-07-06T01:37:01+0200,947116b8-3478-48df-97c2-9d19820fe5c0,2026-06-28T10:15:00Z,2026-06-28T12:15:00+0200,1412.81,MW,DE,DE_LU,forecast_offshore_wind_generation,Wind Offshore,2026-07-05T23:38:26Z
2026-07-05T23:37:01Z,2026-07-06T01:37:01+0200,947116b8-3478-48df-97c2-9d19820fe5c0,2026-06-28T10:30:00Z,2026-06-28T12:30:00+0200,1410.9,MW,DE,DE_LU,forecast_offshore_wind_generation,Wind Offshore,2026-07-05T23:38:26Z
2026-07-05T23:37:01Z,2026-07-06T01:37:01+0200,947116b8-3478-48df-97c2-9d19820fe5c0,2026-06-28T10:45:00Z,2026-06-28T12:45:00+0200,1402.66,MW,DE,DE_LU,forecast_offshore_wind_generation,Wind Offshore,2026-07-05T23:38:26Z
2026-07-05T23:37:01Z,2026-07-06T01:37:01+0200,947116b8-3478-48df-97c2-9d19820fe5c0,2026-06-28T11:00:00Z,2026-06-28T13:00:00+0200,1384.9,MW,DE,DE_LU,forecast_offshore_wind_generation,Wind Offshore,2026-07-05T23:38:26Z
2026-07-05T23:37:01Z,2026-07-06T01:37:01+0200,947116b8-3478-48df-97c2-9d19820fe5c0,2026-06-28T11:15:00Z,2026-06-28T13:15:00+0200,1359.49,MW,DE,DE_LU,forecast_offshore_wind_generation,Wind Offshore,2026-07-05T23:38:26Z
2026-07-05T23:37:01Z,2026-07-06T01:37:01+0200,947116b8-3478-48df-97c2-9d19820fe5c0,2026-06-28T11:30:00Z,2026-06-28T13:30:00+0200,1334.82,MW,DE,DE_LU,forecast_offshore_wind_generation,Wind Offshore,2026-07-05T23:38:26Z
2026-07-05T23:37:01Z,2026-07-06T01:37:01+0200,947116b8-3478-48df-97c2-9d19820fe5c0,2026-06-28T11:45:00Z,2026-06-28T13:45:00+0200,1316.16,MW,DE,DE_LU,forecast_offshore_wind_generation,Wind Offshore,2026-07-05T23:38:26Z
2026-07-05T23:37:01Z,2026-07-06T01:37:01+0200,947116b8-3478-48df-97c2-9d19820fe5c0,2026-06-28T12:00:00Z,2026-06-28T14:00:00+0200,1304.39,MW,DE,DE_LU,forecast_offshore_wind_generation,Wind Offshore,2026-07-05T23:38:26Z
2026-07-05T23:37:01Z,2026-07-06T01:37:01+0200,947116b8-3478-48df-97c2-9d19820fe5c0,2026-06-28T12:15:00Z,2026-06-28T14:15:00+0200,1310.29,MW,DE,DE_LU,forecast_offshore_wind_generation,Wind Offshore,2026-07-05T23:38:26Z
2026-07-05T23:37:01Z,2026-07-06T01:37:01+0200,947116b8-3478-48df-97c2-9d19820fe5c0,2026-06-28T12:30:00Z,2026-06-28T14:30:00+0200,1315.15,MW,DE,DE_LU,forecast_offshore_wind_generation,Wind Offshore,2026-07-05T23:38:26Z
2026-07-05T23:37:01Z,2026-07-06T01:37:01+0200,947116b8-3478-48df-97c2-9d19820fe5c0,2026-06-28T12:45:00Z,2026-06-28T14:45:00+0200,1322.89,MW,DE,DE_LU,forecast_offshore_wind_generation,Wind Offshore,2026-07-05T23:38:26Z
2026-07-05T23:37:01Z,2026-07-06T01:37:01+0200,947116b8-3478-48df-97c2-9d19820fe5c0,2026-06-28T13:00:00Z,2026-06-28T15:00:00+0200,1331.73,MW,DE,DE_LU,forecast_offshore_wind_generation,Wind Offshore,2026-07-05T23:38:26Z
2026-07-05T23:37:01Z,2026-07-06T01:37:01+0200,947116b8-3478-48df-97c2-9d19820fe5c0,2026-06-28T13:15:00Z,2026-06-28T15:15:00+0200,1333.27,MW,DE,DE_LU,forecast_offshore_wind_generation,Wind Offshore,2026-07-05T23:38:26Z
2026-07-05T23:37:01Z,2026-07-06T01:37:01+0200,947116b8-3478-48df-97c2-9d19820fe5c0,2026-06-28T13:30:00Z,2026-06-28T15:30:00+0200,1333.71,MW,DE,DE_LU,forecast_offshore_wind_generation,Wind Offshore,2026-07-05T23:38:26Z
2026-07-05T23:37:01Z,2026-07-06T01:37:01+0200,947116b8-3478-48df-97c2-9d19820fe5c0,2026-06-28T13:45:00Z,2026-06-28T15:45:00+0200,1338.27,MW,DE,DE_LU,forecast_offshore_wind_generation,Wind Offshore,2026-07-05T23:38:26Z
2026-07-05T23:37:01Z,2026-07-06T01:37:01+0200,947116b8-3478-48df-97c2-9d19820fe5c0,2026-06-28T14:00:00Z,2026-06-28T16:00:00+0200,1337.51,MW,DE,DE_LU,forecast_offshore_wind_generation,Wind Offshore,2026-07-05T23:38:26Z
2026-07-05T23:37:01Z,2026-07-06T01:37:01+0200,947116b8-3478-48df-97c2-9d19820fe5c0,2026-06-28T14:15:00Z,2026-06-28T16:15:00+0200,1352.8,MW,DE,DE_LU,forecast_offshore_wind_generation,Wind Offshore,2026-07-05T23:38:26Z
2026-07-05T23:37:01Z,2026-07-06T01:37:01+0200,947116b8-3478-48df-97c2-9d19820fe5c0,2026-06-28T14:30:00Z,2026-06-28T16:30:00+0200,1360.71,MW,DE,DE_LU,forecast_offshore_wind_generation,Wind Offshore,2026-07-05T23:38:26Z
2026-07-05T23:37:01Z,2026-07-06T01:37:01+0200,947116b8-3478-48df-97c2-9d19820fe5c0,2026-06-28T14:45:00Z,2026-06-28T16:45:00+0200,1368.94,MW,DE,DE_LU,forecast_offshore_wind_generation,Wind Offshore,2026-07-05T23:38:26Z
2026-07-05T23:37:01Z,2026-07-06T01:37:01+0200,947116b8-3478-48df-97c2-9d19820fe5c0,2026-06-28T15:00:00Z,2026-06-28T17:00:00+0200,1371.33,MW,DE,DE_LU,forecast_offshore_wind_generation,Wind Offshore,2026-07-05T23:38:26Z
2026-07-05T23:37:01Z,2026-07-06T01:37:01+0200,947116b8-3478-48df-97c2-9d19820fe5c0,2026-06-28T15:15:00Z,2026-06-28T17:15:00+0200,1331.82,MW,DE,DE_LU,forecast_offshore_wind_generation,Wind Offshore,2026-07-05T23:38:26Z
2026-07-05T23:37:01Z,2026-07-06T01:37:01+0200,947116b8-3478-48df-97c2-9d19820fe5c0,2026-06-28T15:30:00Z,2026-06-28T17:30:00+0200,1319.67,MW,DE,DE_LU,forecast_offshore_wind_generation,Wind Offshore,2026-07-05T23:38:26Z
2026-07-05T23:37:01Z,2026-07-06T01:37:01+0200,947116b8-3478-48df-97c2-9d19820fe5c0,2026-06-28T15:45:00Z,2026-06-28T17:45:00+0200,1304.71,MW,DE,DE_LU,forecast_offshore_wind_generation,Wind Offshore,2026-07-05T23:38:26Z
2026-07-05T23:37:01Z,2026-07-06T01:37:01+0200,947116b8-3478-48df-97c2-9d19820fe5c0,2026-06-28T16:00:00Z,2026-06-28T18:00:00+0200,1293.72,MW,DE,DE_LU,forecast_offshore_wind_generation,Wind Offshore,2026-07-05T23:38:26Z
2026-07-05T23:37:01Z,2026-07-06T01:37:01+0200,947116b8-3478-48df-97c2-9d19820fe5c0,2026-06-28T16:15:00Z,2026-06-28T18:15:00+0200,1267.56,MW,DE,DE_LU,forecast_offshore_wind_generation,Wind Offshore,2026-07-05T23:38:26Z
2026-07-05T23:37:01Z,2026-07-06T01:37:01+0200,947116b8-3478-48df-97c2-9d19820fe5c0,2026-06-28T16:30:00Z,2026-06-28T18:30:00+0200,1248.29,MW,DE,DE_LU,forecast_offshore_wind_generation,Wind Offshore,2026-07-05T23:38:26Z
2026-07-05T23:37:01Z,2026-07-06T01:37:01+0200,947116b8-3478-48df-97c2-9d19820fe5c0,2026-06-28T16:45:00Z,2026-06-28T18:45:00+0200,1223.61,MW,DE,DE_LU,forecast_offshore_wind_generation,Wind Offshore,2026-07-05T23:38:26Z
2026-07-05T23:37:01Z,2026-07-06T01:37:01+0200,947116b8-3478-48df-97c2-9d19820fe5c0,2026-06-28T17:00:00Z,2026-06-28T19:00:00+0200,1190.36,MW,DE,DE_LU,forecast_offshore_wind_generation,Wind Offshore,2026-07-05T23:38:26Z
2026-07-05T23:37:01Z,2026-07-06T01:37:01+0200,947116b8-3478-48df-97c2-9d19820fe5c0,2026-06-28T17:15:00Z,2026-06-28T19:15:00+0200,1165.61,MW,DE,DE_LU,forecast_offshore_wind_generation,Wind Offshore,2026-07-05T23:38:26Z
2026-07-05T23:37:01Z,2026-07-06T01:37:01+0200,947116b8-3478-48df-97c2-9d19820fe5c0,2026-06-28T17:30:00Z,2026-06-28T19:30:00+0200,1134.77,MW,DE,DE_LU,forecast_offshore_wind_generation,Wind Offshore,2026-07-05T23:38:26Z
2026-07-05T23:37:01Z,2026-07-06T01:37:01+0200,947116b8-3478-48df-97c2-9d19820fe5c0,2026-06-28T17:45:00Z,2026-06-28T19:45:00+0200,1112.1,MW,DE,DE_LU,forecast_offshore_wind_generation,Wind Offshore,2026-07-05T23:38:26Z
2026-07-05T23:37:01Z,2026-07-06T01:37:01+0200,947116b8-3478-48df-97c2-9d19820fe5c0,2026-06-28T18:00:00Z,2026-06-28T20:00:00+0200,1084.42,MW,DE,DE_LU,forecast_offshore_wind_generation,Wind Offshore,2026-07-05T23:38:26Z
2026-07-05T23:37:01Z,2026-07-06T01:37:01+0200,947116b8-3478-48df-97c2-9d19820fe5c0,2026-06-28T18:15:00Z,2026-06-28T20:15:00+0200,1031.88,MW,DE,DE_LU,forecast_offshore_wind_generation,Wind Offshore,2026-07-05T23:38:26Z
2026-07-05T23:37:01Z,2026-07-06T01:37:01+0200,947116b8-3478-48df-97c2-9d19820fe5c0,2026-06-28T18:30:00Z,2026-06-28T20:30:00+0200,982.45,MW,DE,DE_LU,forecast_offshore_wind_generation,Wind Offshore,2026-07-05T23:38:26Z
2026-07-05T23:37:01Z,2026-07-06T01:37:01+0200,947116b8-3478-48df-97c2-9d19820fe5c0,2026-06-28T18:45:00Z,2026-06-28T20:45:00+0200,925.77,MW,DE,DE_LU,forecast_offshore_wind_generation,Wind Offshore,2026-07-05T23:38:26Z
2026-07-05T23:37:01Z,2026-07-06T01:37:01+0200,947116b8-3478-48df-97c2-9d19820fe5c0,2026-06-28T19:00:00Z,2026-06-28T21:00:00+0200,877.24,MW,DE,DE_LU,forecast_offshore_wind_generation,Wind Offshore,2026-07-05T23:38:26Z
2026-07-05T23:37:01Z,2026-07-06T01:37:01+0200,947116b8-3478-48df-97c2-9d19820fe5c0,2026-06-28T19:15:00Z,2026-06-28T21:15:00+0200,840.25,MW,DE,DE_LU,forecast_offshore_wind_generation,Wind Offshore,2026-07-05T23:38:26Z
2026-07-05T23:37:01Z,2026-07-06T01:37:01+0200,947116b8-3478-48df-97c2-9d19820fe5c0,2026-06-28T19:30:00Z,2026-06-28T21:30:00+0200,802.79,MW,DE,DE_LU,forecast_offshore_wind_generation,Wind Offshore,2026-07-05T23:38:26Z
2026-07-05T23:37:01Z,2026-07-06T01:37:01+0200,947116b8-3478-48df-97c2-9d19820fe5c0,2026-06-28T19:45:00Z,2026-06-28T21:45:00+0200,763.02,MW,DE,DE_LU,forecast_offshore_wind_generation,Wind Offshore,2026-07-05T23:38:26Z
2026-07-05T23:37:01Z,2026-07-06T01:37:01+0200,947116b8-3478-48df-97c2-9d19820fe5c0,2026-06-28T20:00:00Z,2026-06-28T22:00:00+0200,736.33,MW,DE,DE_LU,forecast_offshore_wind_generation,Wind Offshore,2026-07-05T23:38:26Z
2026-07-05T23:37:01Z,2026-07-06T01:37:01+0200,947116b8-3478-48df-97c2-9d19820fe5c0,2026-06-28T20:15:00Z,2026-06-28T22:15:00+0200,730.62,MW,DE,DE_LU,forecast_offshore_wind_generation,Wind Offshore,2026-07-05T23:38:26Z
2026-07-05T23:37:01Z,2026-07-06T01:37:01+0200,947116b8-3478-48df-97c2-9d19820fe5c0,2026-06-28T20:30:00Z,2026-06-28T22:30:00+0200,721.96,MW,DE,DE_LU,forecast_offshore_wind_generation,Wind Offshore,2026-07-05T23:38:26Z
2026-07-05T23:37:01Z,2026-07-06T01:37:01+0200,947116b8-3478-48df-97c2-9d19820fe5c0,2026-06-28T20:45:00Z,2026-06-28T22:45:00+0200,715.78,MW,DE,DE_LU,forecast_offshore_wind_generation,Wind Offshore,2026-07-05T23:38:26Z
2026-07-05T23:37:01Z,2026-07-06T01:37:01+0200,947116b8-3478-48df-97c2-9d19820fe5c0,2026-06-28T21:00:00Z,2026-06-28T23:00:00+0200,711.89,MW,DE,DE_LU,forecast_offshore_wind_generation,Wind Offshore,2026-07-05T23:38:26Z
2026-07-05T23:37:01Z,2026-07-06T01:37:01+0200,947116b8-3478-48df-97c2-9d19820fe5c0,2026-06-28T21:15:00Z,2026-06-28T23:15:00+0200,708.94,MW,DE,DE_LU,forecast_offshore_wind_generation,Wind Offshore,2026-07-05T23:38:26Z
2026-07-05T23:37:01Z,2026-07-06T01:37:01+0200,947116b8-3478-48df-97c2-9d19820fe5c0,2026-06-28T21:30:00Z,2026-06-28T23:30:00+0200,703.06,MW,DE,DE_LU,forecast_offshore_wind_generation,Wind Offshore,2026-07-05T23:38:26Z
2026-07-05T23:37:01Z,2026-07-06T01:37:01+0200,947116b8-3478-48df-97c2-9d19820fe5c0,2026-06-28T21:45:00Z,2026-06-28T23:45:00+0200,698.44,MW,DE,DE_LU,forecast_offshore_wind_generation,Wind Offshore,2026-07-05T23:38:26Z
2026-07-05T23:37:01Z,2026-07-06T01:37:01+0200,947116b8-3478-48df-97c2-9d19820fe5c0,2026-06-28T22:00:00Z,2026-06-29T00:00:00+0200,1345.64,MW,DE,DE_LU,forecast_offshore_wind_generation,Wind Offshore,2026-07-05T23:38:26Z
2026-07-05T23:37:01Z,2026-07-06T01:37:01+0200,947116b8-3478-48df-97c2-9d19820fe5c0,2026-06-28T22:15:00Z,2026-06-29T00:15:00+0200,1295.84,MW,DE,DE_LU,forecast_offshore_wind_generation,Wind Offshore,2026-07-05T23:38:26Z
2026-07-05T23:37:01Z,2026-07-06T01:37:01+0200,947116b8-3478-48df-97c2-9d19820fe5c0,2026-06-28T22:30:00Z,2026-06-29T00:30:00+0200,1247.21,MW,DE,DE_LU,forecast_offshore_wind_generation,Wind Offshore,2026-07-05T23:38:26Z
2026-07-05T23:37:01Z,2026-07-06T01:37:01+0200,947116b8-3478-48df-97c2-9d19820fe5c0,2026-06-28T22:45:00Z,2026-06-29T00:45:00+0200,1204.66,MW,DE,DE_LU,forecast_offshore_wind_generation,Wind Offshore,2026-07-05T23:38:26Z
2026-07-05T23:37:01Z,2026-07-06T01:37:01+0200,947116b8-3478-48df-97c2-9d19820fe5c0,2026-06-28T23:00:00Z,2026-06-29T01:00:00+0200,1168.31,MW,DE,DE_LU,forecast_offshore_wind_generation,Wind Offshore,2026-07-05T23:38:26Z
2026-07-05T23:37:01Z,2026-07-06T01:37:01+0200,947116b8-3478-48df-97c2-9d19820fe5c0,2026-06-28T23:15:00Z,2026-06-29T01:15:00+0200,1136.41,MW,DE,DE_LU,forecast_offshore_wind_generation,Wind Offshore,2026-07-05T23:38:26Z
2026-07-05T23:37:01Z,2026-07-06T01:37:01+0200,947116b8-3478-48df-97c2-9d19820fe5c0,2026-06-28T23:30:00Z,2026-06-29T01:30:00+0200,1099.6,MW,DE,DE_LU,forecast_offshore_wind_generation,Wind Offshore,2026-07-05T23:38:26Z
2026-07-05T23:37:01Z,2026-07-06T01:37:01+0200,947116b8-3478-48df-97c2-9d19820fe5c0,2026-06-28T23:45:00Z,2026-06-29T01:45:00+0200,1069.95,MW,DE,DE_LU,forecast_offshore_wind_generation,Wind Offshore,2026-07-05T23:38:26Z
2026-07-05T23:37:01Z,2026-07-06T01:37:01+0200,947116b8-3478-48df-97c2-9d19820fe5c0,2026-06-29T00:00:00Z,2026-06-29T02:00:00+0200,1042.17,MW,DE,DE_LU,forecast_offshore_wind_generation,Wind Offshore,2026-07-05T23:38:26Z
2026-07-05T23:37:01Z,2026-07-06T01:37:01+0200,947116b8-3478-48df-97c2-9d19820fe5c0,2026-06-29T00:15:00Z,2026-06-29T02:15:00+0200,1018.56,MW,DE,DE_LU,forecast_offshore_wind_generation,Wind Offshore,2026-07-05T23:38:26Z
2026-07-05T23:37:01Z,2026-07-06T01:37:01+0200,947116b8-3478-48df-97c2-9d19820fe5c0,2026-06-29T00:30:00Z,2026-06-29T02:30:00+0200,995.18,MW,DE,DE_LU,forecast_offshore_wind_generation,Wind Offshore,2026-07-05T23:38:26Z
2026-07-05T23:37:01Z,2026-07-06T01:37:01+0200,947116b8-3478-48df-97c2-9d19820fe5c0,2026-06-29T00:45:00Z,2026-06-29T02:45:00+0200,971.06,MW,DE,DE_LU,forecast_offshore_wind_generation,Wind Offshore,2026-07-05T23:38:26Z
2026-07-05T23:37:01Z,2026-07-06T01:37:01+0200,947116b8-3478-48df-97c2-9d19820fe5c0,2026-06-29T01:00:00Z,2026-06-29T03:00:00+0200,947.6,MW,DE,DE_LU,forecast_offshore_wind_generation,Wind Offshore,2026-07-05T23:38:26Z
2026-07-05T23:37:01Z,2026-07-06T01:37:01+0200,947116b8-3478-48df-97c2-9d19820fe5c0,2026-06-29T01:15:00Z,2026-06-29T03:15:00+0200,933.45,MW,DE,DE_LU,forecast_offshore_wind_generation,Wind Offshore,2026-07-05T23:38:26Z
2026-07-05T23:37:01Z,2026-07-06T01:37:01+0200,947116b8-3478-48df-97c2-9d19820fe5c0,2026-06-29T01:30:00Z,2026-06-29T03:30:00+0200,914.31,MW,DE,DE_LU,forecast_offshore_wind_generation,Wind Offshore,2026-07-05T23:38:26Z
2026-07-05T23:37:01Z,2026-07-06T01:37:01+0200,947116b8-3478-48df-97c2-9d19820fe5c0,2026-06-29T01:45:00Z,2026-06-29T03:45:00+0200,903.74,MW,DE,DE_LU,forecast_offshore_wind_generation,Wind Offshore,2026-07-05T23:38:26Z
2026-07-05T23:37:01Z,2026-07-06T01:37:01+0200,947116b8-3478-48df-97c2-9d19820fe5c0,2026-06-29T02:00:00Z,2026-06-29T04:00:00+0200,887.86,MW,DE,DE_LU,forecast_offshore_wind_generation,Wind Offshore,2026-07-05T23:38:26Z
2026-07-05T23:37:01Z,2026-07-06T01:37:01+0200,947116b8-3478-48df-97c2-9d19820fe5c0,2026-06-29T02:15:00Z,2026-06-29T04:15:00+0200,867.71,MW,DE,DE_LU,forecast_offshore_wind_generation,Wind Offshore,2026-07-05T23:38:26Z
2026-07-05T23:37:01Z,2026-07-06T01:37:01+0200,947116b8-3478-48df-97c2-9d19820fe5c0,2026-06-29T02:30:00Z,2026-06-29T04:30:00+0200,848.01,MW,DE,DE_LU,forecast_offshore_wind_generation,Wind Offshore,2026-07-05T23:38:26Z
2026-07-05T23:37:01Z,2026-07-06T01:37:01+0200,947116b8-3478-48df-97c2-9d19820fe5c0,2026-06-29T02:45:00Z,2026-06-29T04:45:00+0200,825.14,MW,DE,DE_LU,forecast_offshore_wind_generation,Wind Offshore,2026-07-05T23:38:26Z
2026-07-05T23:37:01Z,2026-07-06T01:37:01+0200,947116b8-3478-48df-97c2-9d19820fe5c0,2026-06-29T03:00:00Z,2026-06-29T05:00:00+0200,810.69,MW,DE,DE_LU,forecast_offshore_wind_generation,Wind Offshore,2026-07-05T23:38:26Z
2026-07-05T23:37:01Z,2026-07-06T01:37:01+0200,947116b8-3478-48df-97c2-9d19820fe5c0,2026-06-29T03:15:00Z,2026-06-29T05:15:00+0200,819.83,MW,DE,DE_LU,forecast_offshore_wind_generation,Wind Offshore,2026-07-05T23:38:26Z
2026-07-05T23:37:01Z,2026-07-06T01:37:01+0200,947116b8-3478-48df-97c2-9d19820fe5c0,2026-06-29T03:30:00Z,2026-06-29T05:30:00+0200,824.99,MW,DE,DE_LU,forecast_offshore_wind_generation,Wind Offshore,2026-07-05T23:38:26Z
2026-07-05T23:37:01Z,2026-07-06T01:37:01+0200,947116b8-3478-48df-97c2-9d19820fe5c0,2026-06-29T03:45:00Z,2026-06-29T05:45:00+0200,833.35,MW,DE,DE_LU,forecast_offshore_wind_generation,Wind Offshore,2026-07-05T23:38:26Z
2026-07-05T23:37:01Z,2026-07-06T01:37:01+0200,947116b8-3478-48df-97c2-9d19820fe5c0,2026-06-29T04:00:00Z,2026-06-29T06:00:00+0200,832.17,MW,DE,DE_LU,forecast_offshore_wind_generation,Wind Offshore,2026-07-05T23:38:26Z
2026-07-05T23:37:01Z,2026-07-06T01:37:01+0200,947116b8-3478-48df-97c2-9d19820fe5c0,2026-06-29T04:15:00Z,2026-06-29T06:15:00+0200,834.32,MW,DE,DE_LU,forecast_offshore_wind_generation,Wind Offshore,2026-07-05T23:38:26Z
2026-07-05T23:37:01Z,2026-07-06T01:37:01+0200,947116b8-3478-48df-97c2-9d19820fe5c0,2026-06-29T04:30:00Z,2026-06-29T06:30:00+0200,835.63,MW,DE,DE_LU,forecast_offshore_wind_generation,Wind Offshore,2026-07-05T23:38:26Z
2026-07-05T23:37:01Z,2026-07-06T01:37:01+0200,947116b8-3478-48df-97c2-9d19820fe5c0,2026-06-29T04:45:00Z,2026-06-29T06:45:00+0200,834.29,MW,DE,DE_LU,forecast_offshore_wind_generation,Wind Offshore,2026-07-05T23:38:26Z
2026-07-05T23:37:01Z,2026-07-06T01:37:01+0200,947116b8-3478-48df-97c2-9d19820fe5c0,2026-06-29T05:00:00Z,2026-06-29T07:00:00+0200,833.82,MW,DE,DE_LU,forecast_offshore_wind_generation,Wind Offshore,2026-07-05T23:38:26Z
2026-07-05T23:37:01Z,2026-07-06T01:37:01+0200,947116b8-3478-48df-97c2-9d19820fe5c0,2026-06-29T05:15:00Z,2026-06-29T07:15:00+0200,831.94,MW,DE,DE_LU,forecast_offshore_wind_generation,Wind Offshore,2026-07-05T23:38:26Z
2026-07-05T23:37:01Z,2026-07-06T01:37:01+0200,947116b8-3478-48df-97c2-9d19820fe5c0,2026-06-29T05:30:00Z,2026-06-29T07:30:00+0200,830.23,MW,DE,DE_LU,forecast_offshore_wind_generation,Wind Offshore,2026-07-05T23:38:26Z
2026-07-05T23:37:01Z,2026-07-06T01:37:01+0200,947116b8-3478-48df-97c2-9d19820fe5c0,2026-06-29T05:45:00Z,2026-06-29T07:45:00+0200,832.75,MW,DE,DE_LU,forecast_offshore_wind_generation,Wind Offshore,2026-07-05T23:38:26Z
2026-07-05T23:37:01Z,2026-07-06T01:37:01+0200,947116b8-3478-48df-97c2-9d19820fe5c0,2026-06-29T06:00:00Z,2026-06-29T08:00:00+0200,832.47,MW,DE,DE_LU,forecast_offshore_wind_generation,Wind Offshore,2026-07-05T23:38:26Z
2026-07-05T23:37:01Z,2026-07-06T01:37:01+0200,947116b8-3478-48df-97c2-9d19820fe5c0,2026-06-29T06:15:00Z,2026-06-29T08:15:00+0200,840.54,MW,DE,DE_LU,forecast_offshore_wind_generation,Wind Offshore,2026-07-05T23:38:26Z
2026-07-05T23:37:01Z,2026-07-06T01:37:01+0200,947116b8-3478-48df-97c2-9d19820fe5c0,2026-06-29T06:30:00Z,2026-06-29T08:30:00+0200,852.27,MW,DE,DE_LU,forecast_offshore_wind_generation,Wind Offshore,2026-07-05T23:38:26Z
2026-07-05T23:37:01Z,2026-07-06T01:37:01+0200,947116b8-3478-48df-97c2-9d19820fe5c0,2026-06-29T06:45:00Z,2026-06-29T08:45:00+0200,856.48,MW,DE,DE_LU,forecast_offshore_wind_generation,Wind Offshore,2026-07-05T23:38:26Z
2026-07-05T23:37:01Z,2026-07-06T01:37:01+0200,947116b8-3478-48df-97c2-9d19820fe5c0,2026-06-29T07:00:00Z,2026-06-29T09:00:00+0200,861.15,MW,DE,DE_LU,forecast_offshore_wind_generation,Wind Offshore,2026-07-05T23:38:26Z
2026-07-05T23:37:01Z,2026-07-06T01:37:01+0200,947116b8-3478-48df-97c2-9d19820fe5c0,2026-06-29T07:15:00Z,2026-06-29T09:15:00+0200,875.42,MW,DE,DE_LU,forecast_offshore_wind_generation,Wind Offshore,2026-07-05T23:38:26Z
2026-07-05T23:37:01Z,2026-07-06T01:37:01+0200,947116b8-3478-48df-97c2-9d19820fe5c0,2026-06-29T07:30:00Z,2026-06-29T09:30:00+0200,889.99,MW,DE,DE_LU,forecast_offshore_wind_generation,Wind Offshore,2026-07-05T23:38:26Z
2026-07-05T23:37:01Z,2026-07-06T01:37:01+0200,947116b8-3478-48df-97c2-9d19820fe5c0,2026-06-29T07:45:00Z,2026-06-29T09:45:00+0200,903.72,MW,DE,DE_LU,forecast_offshore_wind_generation,Wind Offshore,2026-07-05T23:38:26Z
2026-07-05T23:37:01Z,2026-07-06T01:37:01+0200,947116b8-3478-48df-97c2-9d19820fe5c0,2026-06-29T08:00:00Z,2026-06-29T10:00:00+0200,914.33,MW,DE,DE_LU,forecast_offshore_wind_generation,Wind Offshore,2026-07-05T23:38:26Z
2026-07-05T23:37:01Z,2026-07-06T01:37:01+0200,947116b8-3478-48df-97c2-9d19820fe5c0,2026-06-29T08:15:00Z,2026-06-29T10:15:00+0200,904.32,MW,DE,DE_LU,forecast_offshore_wind_generation,Wind Offshore,2026-07-05T23:38:26Z
2026-07-05T23:37:01Z,2026-07-06T01:37:01+0200,947116b8-3478-48df-97c2-9d19820fe5c0,2026-06-29T08:30:00Z,2026-06-29T10:30:00+0200,894.59,MW,DE,DE_LU,forecast_offshore_wind_generation,Wind Offshore,2026-07-05T23:38:26Z
2026-07-05T23:37:01Z,2026-07-06T01:37:01+0200,947116b8-3478-48df-97c2-9d19820fe5c0,2026-06-29T08:45:00Z,2026-06-29T10:45:00+0200,882.98,MW,DE,DE_LU,forecast_offshore_wind_generation,Wind Offshore,2026-07-05T23:38:26Z
2026-07-05T23:37:01Z,2026-07-06T01:37:01+0200,947116b8-3478-48df-97c2-9d19820fe5c0,2026-06-29T09:00:00Z,2026-06-29T11:00:00+0200,865.57,MW,DE,DE_LU,forecast_offshore_wind_generation,Wind Offshore,2026-07-05T23:38:26Z
2026-07-05T23:37:01Z,2026-07-06T01:37:01+0200,947116b8-3478-48df-97c2-9d19820fe5c0,2026-06-29T09:15:00Z,2026-06-29T11:15:00+0200,846.09,MW,DE,DE_LU,forecast_offshore_wind_generation,Wind Offshore,2026-07-05T23:38:26Z
2026-07-05T23:37:01Z,2026-07-06T01:37:01+0200,947116b8-3478-48df-97c2-9d19820fe5c0,2026-06-29T09:30:00Z,2026-06-29T11:30:00+0200,829.81,MW,DE,DE_LU,forecast_offshore_wind_generation,Wind Offshore,2026-07-05T23:38:26Z
2026-07-05T23:37:01Z,2026-07-06T01:37:01+0200,947116b8-3478-48df-97c2-9d19820fe5c0,2026-06-29T09:45:00Z,2026-06-29T11:45:00+0200,814.63,MW,DE,DE_LU,forecast_offshore_wind_generation,Wind Offshore,2026-07-05T23:38:26Z
2026-07-05T23:37:01Z,2026-07-06T01:37:01+0200,947116b8-3478-48df-97c2-9d19820fe5c0,2026-06-29T10:00:00Z,2026-06-29T12:00:00+0200,796.04,MW,DE,DE_LU,forecast_offshore_wind_generation,Wind Offshore,2026-07-05T23:38:26Z
2026-07-05T23:37:01Z,2026-07-06T01:37:01+0200,947116b8-3478-48df-97c2-9d19820fe5c0,2026-06-29T10:15:00Z,2026-06-29T12:15:00+0200,783.99,MW,DE,DE_LU,forecast_offshore_wind_generation,Wind Offshore,2026-07-05T23:38:26Z
2026-07-05T23:37:01Z,2026-07-06T01:37:01+0200,947116b8-3478-48df-97c2-9d19820fe5c0,2026-06-29T10:30:00Z,2026-06-29T12:30:00+0200,773.19,MW,DE,DE_LU,forecast_offshore_wind_generation,Wind Offshore,2026-07-05T23:38:26Z
2026-07-05T23:37:01Z,2026-07-06T01:37:01+0200,947116b8-3478-48df-97c2-9d19820fe5c0,2026-06-29T10:45:00Z,2026-06-29T12:45:00+0200,758.65,MW,DE,DE_LU,forecast_offshore_wind_generation,Wind Offshore,2026-07-05T23:38:26Z
2026-07-05T23:37:01Z,2026-07-06T01:37:01+0200,947116b8-3478-48df-97c2-9d19820fe5c0,2026-06-29T11:00:00Z,2026-06-29T13:00:00+0200,752.71,MW,DE,DE_LU,forecast_offshore_wind_generation,Wind Offshore,2026-07-05T23:38:26Z
2026-07-05T23:37:01Z,2026-07-06T01:37:01+0200,947116b8-3478-48df-97c2-9d19820fe5c0,2026-06-29T11:15:00Z,2026-06-29T13:15:00+0200,740.44,MW,DE,DE_LU,forecast_offshore_wind_generation,Wind Offshore,2026-07-05T23:38:26Z
2026-07-05T23:37:01Z,2026-07-06T01:37:01+0200,947116b8-3478-48df-97c2-9d19820fe5c0,2026-06-29T11:30:00Z,2026-06-29T13:30:00+0200,742.47,MW,DE,DE_LU,forecast_offshore_wind_generation,Wind Offshore,2026-07-05T23:38:26Z
2026-07-05T23:37:01Z,2026-07-06T01:37:01+0200,947116b8-3478-48df-97c2-9d19820fe5c0,2026-06-29T11:45:00Z,2026-06-29T13:45:00+0200,743.97,MW,DE,DE_LU,forecast_offshore_wind_generation,Wind Offshore,2026-07-05T23:38:26Z
2026-07-05T23:37:01Z,2026-07-06T01:37:01+0200,947116b8-3478-48df-97c2-9d19820fe5c0,2026-06-29T12:00:00Z,2026-06-29T14:00:00+0200,751.14,MW,DE,DE_LU,forecast_offshore_wind_generation,Wind Offshore,2026-07-05T23:38:26Z
2026-07-05T23:37:01Z,2026-07-06T01:37:01+0200,947116b8-3478-48df-97c2-9d19820fe5c0,2026-06-29T12:15:00Z,2026-06-29T14:15:00+0200,766.68,MW,DE,DE_LU,forecast_offshore_wind_generation,Wind Offshore,2026-07-05T23:38:26Z
2026-07-05T23:37:01Z,2026-07-06T01:37:01+0200,947116b8-3478-48df-97c2-9d19820fe5c0,2026-06-29T12:30:00Z,2026-06-29T14:30:00+0200,779.39,MW,DE,DE_LU,forecast_offshore_wind_generation,Wind Offshore,2026-07-05T23:38:26Z
2026-07-05T23:37:01Z,2026-07-06T01:37:01+0200,947116b8-3478-48df-97c2-9d19820fe5c0,2026-06-29T12:45:00Z,2026-06-29T14:45:00+0200,796.26,MW,DE,DE_LU,forecast_offshore_wind_generation,Wind Offshore,2026-07-05T23:38:26Z
2026-07-05T23:37:01Z,2026-07-06T01:37:01+0200,947116b8-3478-48df-97c2-9d19820fe5c0,2026-06-29T13:00:00Z,2026-06-29T15:00:00+0200,807.43,MW,DE,DE_LU,forecast_offshore_wind_generation,Wind Offshore,2026-07-05T23:38:26Z
2026-07-05T23:37:01Z,2026-07-06T01:37:01+0200,947116b8-3478-48df-97c2-9d19820fe5c0,2026-06-29T13:15:00Z,2026-06-29T15:15:00+0200,797.57,MW,DE,DE_LU,forecast_offshore_wind_generation,Wind Offshore,2026-07-05T23:38:26Z
2026-07-05T23:37:01Z,2026-07-06T01:37:01+0200,947116b8-3478-48df-97c2-9d19820fe5c0,2026-06-29T13:30:00Z,2026-06-29T15:30:00+0200,785.76,MW,DE,DE_LU,forecast_offshore_wind_generation,Wind Offshore,2026-07-05T23:38:26Z
2026-07-05T23:37:01Z,2026-07-06T01:37:01+0200,947116b8-3478-48df-97c2-9d19820fe5c0,2026-06-29T13:45:00Z,2026-06-29T15:45:00+0200,779.03,MW,DE,DE_LU,forecast_offshore_wind_generation,Wind Offshore,2026-07-05T23:38:26Z
2026-07-05T23:37:01Z,2026-07-06T01:37:01+0200,947116b8-3478-48df-97c2-9d19820fe5c0,2026-06-29T14:00:00Z,2026-06-29T16:00:00+0200,762.7,MW,DE,DE_LU,forecast_offshore_wind_generation,Wind Offshore,2026-07-05T23:38:26Z
2026-07-05T23:37:01Z,2026-07-06T01:37:01+0200,947116b8-3478-48df-97c2-9d19820fe5c0,2026-06-29T14:15:00Z,2026-06-29T16:15:00+0200,742.9,MW,DE,DE_LU,forecast_offshore_wind_generation,Wind Offshore,2026-07-05T23:38:26Z
2026-07-05T23:37:01Z,2026-07-06T01:37:01+0200,947116b8-3478-48df-97c2-9d19820fe5c0,2026-06-29T14:30:00Z,2026-06-29T16:30:00+0200,721.27,MW,DE,DE_LU,forecast_offshore_wind_generation,Wind Offshore,2026-07-05T23:38:26Z
2026-07-05T23:37:01Z,2026-07-06T01:37:01+0200,947116b8-3478-48df-97c2-9d19820fe5c0,2026-06-29T14:45:00Z,2026-06-29T16:45:00+0200,701.78,MW,DE,DE_LU,forecast_offshore_wind_generation,Wind Offshore,2026-07-05T23:38:26Z
2026-07-05T23:37:01Z,2026-07-06T01:37:01+0200,947116b8-3478-48df-97c2-9d19820fe5c0,2026-06-29T15:00:00Z,2026-06-29T17:00:00+0200,677.66,MW,DE,DE_LU,forecast_offshore_wind_generation,Wind Offshore,2026-07-05T23:38:26Z
2026-07-05T23:37:01Z,2026-07-06T01:37:01+0200,947116b8-3478-48df-97c2-9d19820fe5c0,2026-06-29T15:15:00Z,2026-06-29T17:15:00+0200,654.57,MW,DE,DE_LU,forecast_offshore_wind_generation,Wind Offshore,2026-07-05T23:38:26Z
2026-07-05T23:37:01Z,2026-07-06T01:37:01+0200,947116b8-3478-48df-97c2-9d19820fe5c0,2026-06-29T15:30:00Z,2026-06-29T17:30:00+0200,625.6,MW,DE,DE_LU,forecast_offshore_wind_generation,Wind Offshore,2026-07-05T23:38:26Z
2026-07-05T23:37:01Z,2026-07-06T01:37:01+0200,947116b8-3478-48df-97c2-9d19820fe5c0,2026-06-29T15:45:00Z,2026-06-29T17:45:00+0200,604.55,MW,DE,DE_LU,forecast_offshore_wind_generation,Wind Offshore,2026-07-05T23:38:26Z
2026-07-05T23:37:01Z,2026-07-06T01:37:01+0200,947116b8-3478-48df-97c2-9d19820fe5c0,2026-06-29T16:00:00Z,2026-06-29T18:00:00+0200,579.06,MW,DE,DE_LU,forecast_offshore_wind_generation,Wind Offshore,2026-07-05T23:38:26Z
2026-07-05T23:37:01Z,2026-07-06T01:37:01+0200,947116b8-3478-48df-97c2-9d19820fe5c0,2026-06-29T16:15:00Z,2026-06-29T18:15:00+0200,557.5,MW,DE,DE_LU,forecast_offshore_wind_generation,Wind Offshore,2026-07-05T23:38:26Z
2026-07-05T23:37:01Z,2026-07-06T01:37:01+0200,947116b8-3478-48df-97c2-9d19820fe5c0,2026-06-29T16:30:00Z,2026-06-29T18:30:00+0200,536.88,MW,DE,DE_LU,forecast_offshore_wind_generation,Wind Offshore,2026-07-05T23:38:26Z
2026-07-05T23:37:01Z,2026-07-06T01:37:01+0200,947116b8-3478-48df-97c2-9d19820fe5c0,2026-06-29T16:45:00Z,2026-06-29T18:45:00+0200,515.3,MW,DE,DE_LU,forecast_offshore_wind_generation,Wind Offshore,2026-07-05T23:38:26Z
2026-07-05T23:37:01Z,2026-07-06T01:37:01+0200,947116b8-3478-48df-97c2-9d19820fe5c0,2026-06-29T17:00:00Z,2026-06-29T19:00:00+0200,493.18,MW,DE,DE_LU,forecast_offshore_wind_generation,Wind Offshore,2026-07-05T23:38:26Z
2026-07-05T23:37:01Z,2026-07-06T01:37:01+0200,947116b8-3478-48df-97c2-9d19820fe5c0,2026-06-29T17:15:00Z,2026-06-29T19:15:00+0200,469.45,MW,DE,DE_LU,forecast_offshore_wind_generation,Wind Offshore,2026-07-05T23:38:26Z
2026-07-05T23:37:01Z,2026-07-06T01:37:01+0200,947116b8-3478-48df-97c2-9d19820fe5c0,2026-06-29T17:30:00Z,2026-06-29T19:30:00+0200,438.65,MW,DE,DE_LU,forecast_offshore_wind_generation,Wind Offshore,2026-07-05T23:38:26Z
2026-07-05T23:37:01Z,2026-07-06T01:37:01+0200,947116b8-3478-48df-97c2-9d19820fe5c0,2026-06-29T17:45:00Z,2026-06-29T19:45:00+0200,419.85,MW,DE,DE_LU,forecast_offshore_wind_generation,Wind Offshore,2026-07-05T23:38:26Z
2026-07-05T23:37:01Z,2026-07-06T01:37:01+0200,947116b8-3478-48df-97c2-9d19820fe5c0,2026-06-29T18:00:00Z,2026-06-29T20:00:00+0200,393.03,MW,DE,DE_LU,forecast_offshore_wind_generation,Wind Offshore,2026-07-05T23:38:26Z
2026-07-05T23:37:01Z,2026-07-06T01:37:01+0200,947116b8-3478-48df-97c2-9d19820fe5c0,2026-06-29T18:15:00Z,2026-06-29T20:15:00+0200,368.28,MW,DE,DE_LU,forecast_offshore_wind_generation,Wind Offshore,2026-07-05T23:38:26Z
2026-07-05T23:37:01Z,2026-07-06T01:37:01+0200,947116b8-3478-48df-97c2-9d19820fe5c0,2026-06-29T18:30:00Z,2026-06-29T20:30:00+0200,345.71,MW,DE,DE_LU,forecast_offshore_wind_generation,Wind Offshore,2026-07-05T23:38:26Z
2026-07-05T23:37:01Z,2026-07-06T01:37:01+0200,947116b8-3478-48df-97c2-9d19820fe5c0,2026-06-29T18:45:00Z,2026-06-29T20:45:00+0200,326.02,MW,DE,DE_LU,forecast_offshore_wind_generation,Wind Offshore,2026-07-05T23:38:26Z
2026-07-05T23:37:01Z,2026-07-06T01:37:01+0200,947116b8-3478-48df-97c2-9d19820fe5c0,2026-06-29T19:00:00Z,2026-06-29T21:00:00+0200,306.95,MW,DE,DE_LU,forecast_offshore_wind_generation,Wind Offshore,2026-07-05T23:38:26Z
2026-07-05T23:37:01Z,2026-07-06T01:37:01+0200,947116b8-3478-48df-97c2-9d19820fe5c0,2026-06-29T19:15:00Z,2026-06-29T21:15:00+0200,293.48,MW,DE,DE_LU,forecast_offshore_wind_generation,Wind Offshore,2026-07-05T23:38:26Z
2026-07-05T23:37:01Z,2026-07-06T01:37:01+0200,947116b8-3478-48df-97c2-9d19820fe5c0,2026-06-29T19:30:00Z,2026-06-29T21:30:00+0200,282.28,MW,DE,DE_LU,forecast_offshore_wind_generation,Wind Offshore,2026-07-05T23:38:26Z
2026-07-05T23:37:01Z,2026-07-06T01:37:01+0200,947116b8-3478-48df-97c2-9d19820fe5c0,2026-06-29T19:45:00Z,2026-06-29T21:45:00+0200,275.32,MW,DE,DE_LU,forecast_offshore_wind_generation,Wind Offshore,2026-07-05T23:38:26Z
2026-07-05T23:37:01Z,2026-07-06T01:37:01+0200,947116b8-3478-48df-97c2-9d19820fe5c0,2026-06-29T20:00:00Z,2026-06-29T22:00:00+0200,264.09,MW,DE,DE_LU,forecast_offshore_wind_generation,Wind Offshore,2026-07-05T23:38:26Z
2026-07-05T23:37:01Z,2026-07-06T01:37:01+0200,947116b8-3478-48df-97c2-9d19820fe5c0,2026-06-29T20:15:00Z,2026-06-29T22:15:00+0200,253.78,MW,DE,DE_LU,forecast_offshore_wind_generation,Wind Offshore,2026-07-05T23:38:26Z
2026-07-05T23:37:01Z,2026-07-06T01:37:01+0200,947116b8-3478-48df-97c2-9d19820fe5c0,2026-06-29T20:30:00Z,2026-06-29T22:30:00+0200,242.6,MW,DE,DE_LU,forecast_offshore_wind_generation,Wind Offshore,2026-07-05T23:38:26Z
2026-07-05T23:37:01Z,2026-07-06T01:37:01+0200,947116b8-3478-48df-97c2-9d19820fe5c0,2026-06-29T20:45:00Z,2026-06-29T22:45:00+0200,231.83,MW,DE,DE_LU,forecast_offshore_wind_generation,Wind Offshore,2026-07-05T23:38:26Z
2026-07-05T23:37:01Z,2026-07-06T01:37:01+0200,947116b8-3478-48df-97c2-9d19820fe5c0,2026-06-29T21:00:00Z,2026-06-29T23:00:00+0200,220.32,MW,DE,DE_LU,forecast_offshore_wind_generation,Wind Offshore,2026-07-05T23:38:26Z
2026-07-05T23:37:01Z,2026-07-06T01:37:01+0200,947116b8-3478-48df-97c2-9d19820fe5c0,2026-06-29T21:15:00Z,2026-06-29T23:15:00+0200,207.14,MW,DE,DE_LU,forecast_offshore_wind_generation,Wind Offshore,2026-07-05T23:38:26Z
2026-07-05T23:37:01Z,2026-07-06T01:37:01+0200,947116b8-3478-48df-97c2-9d19820fe5c0,2026-06-29T21:30:00Z,2026-06-29T23:30:00+0200,196.11,MW,DE,DE_LU,forecast_offshore_wind_generation,Wind Offshore,2026-07-05T23:38:26Z
2026-07-05T23:37:01Z,2026-07-06T01:37:01+0200,947116b8-3478-48df-97c2-9d19820fe5c0,2026-06-29T21:45:00Z,2026-06-29T23:45:00+0200,184.83,MW,DE,DE_LU,forecast_offshore_wind_generation,Wind Offshore,2026-07-05T23:38:26Z
2026-07-05T23:37:01Z,2026-07-06T01:37:01+0200,947116b8-3478-48df-97c2-9d19820fe5c0,2026-06-29T22:00:00Z,2026-06-30T00:00:00+0200,229.91,MW,DE,DE_LU,forecast_offshore_wind_generation,Wind Offshore,2026-07-05T23:38:26Z
2026-07-05T23:37:01Z,2026-07-06T01:37:01+0200,947116b8-3478-48df-97c2-9d19820fe5c0,2026-06-29T22:15:00Z,2026-06-30T00:15:00+0200,218.47,MW,DE,DE_LU,forecast_offshore_wind_generation,Wind Offshore,2026-07-05T23:38:26Z
2026-07-05T23:37:01Z,2026-07-06T01:37:01+0200,947116b8-3478-48df-97c2-9d19820fe5c0,2026-06-29T22:30:00Z,2026-06-30T00:30:00+0200,206.13,MW,DE,DE_LU,forecast_offshore_wind_generation,Wind Offshore,2026-07-05T23:38:26Z
2026-07-05T23:37:01Z,2026-07-06T01:37:01+0200,947116b8-3478-48df-97c2-9d19820fe5c0,2026-06-29T22:45:00Z,2026-06-30T00:45:00+0200,192.32,MW,DE,DE_LU,forecast_offshore_wind_generation,Wind Offshore,2026-07-05T23:38:26Z
2026-07-05T23:37:01Z,2026-07-06T01:37:01+0200,947116b8-3478-48df-97c2-9d19820fe5c0,2026-06-29T23:00:00Z,2026-06-30T01:00:00+0200,180.83,MW,DE,DE_LU,forecast_offshore_wind_generation,Wind Offshore,2026-07-05T23:38:26Z
2026-07-05T23:37:01Z,2026-07-06T01:37:01+0200,947116b8-3478-48df-97c2-9d19820fe5c0,2026-06-29T23:15:00Z,2026-06-30T01:15:00+0200,165.46,MW,DE,DE_LU,forecast_offshore_wind_generation,Wind Offshore,2026-07-05T23:38:26Z
2026-07-05T23:37:01Z,2026-07-06T01:37:01+0200,947116b8-3478-48df-97c2-9d19820fe5c0,2026-06-29T23:30:00Z,2026-06-30T01:30:00+0200,150.31,MW,DE,DE_LU,forecast_offshore_wind_generation,Wind Offshore,2026-07-05T23:38:26Z
2026-07-05T23:37:01Z,2026-07-06T01:37:01+0200,947116b8-3478-48df-97c2-9d19820fe5c0,2026-06-29T23:45:00Z,2026-06-30T01:45:00+0200,134.11,MW,DE,DE_LU,forecast_offshore_wind_generation,Wind Offshore,2026-07-05T23:38:26Z
2026-07-05T23:37:01Z,2026-07-06T01:37:01+0200,947116b8-3478-48df-97c2-9d19820fe5c0,2026-06-30T00:00:00Z,2026-06-30T02:00:00+0200,119.87,MW,DE,DE_LU,forecast_offshore_wind_generation,Wind Offshore,2026-07-05T23:38:26Z
2026-07-05T23:37:01Z,2026-07-06T01:37:01+0200,947116b8-3478-48df-97c2-9d19820fe5c0,2026-06-30T00:15:00Z,2026-06-30T02:15:00+0200,108.83,MW,DE,DE_LU,forecast_offshore_wind_generation,Wind Offshore,2026-07-05T23:38:26Z
2026-07-05T23:37:01Z,2026-07-06T01:37:01+0200,947116b8-3478-48df-97c2-9d19820fe5c0,2026-06-30T00:30:00Z,2026-06-30T02:30:00+0200,98.78,MW,DE,DE_LU,forecast_offshore_wind_generation,Wind Offshore,2026-07-05T23:38:26Z
2026-07-05T23:37:01Z,2026-07-06T01:37:01+0200,947116b8-3478-48df-97c2-9d19820fe5c0,2026-06-30T00:45:00Z,2026-06-30T02:45:00+0200,88.7,MW,DE,DE_LU,forecast_offshore_wind_generation,Wind Offshore,2026-07-05T23:38:26Z
2026-07-05T23:37:01Z,2026-07-06T01:37:01+0200,947116b8-3478-48df-97c2-9d19820fe5c0,2026-06-30T01:00:00Z,2026-06-30T03:00:00+0200,78.95,MW,DE,DE_LU,forecast_offshore_wind_generation,Wind Offshore,2026-07-05T23:38:26Z
2026-07-05T23:37:01Z,2026-07-06T01:37:01+0200,947116b8-3478-48df-97c2-9d19820fe5c0,2026-06-30T01:15:00Z,2026-06-30T03:15:00+0200,70.61,MW,DE,DE_LU,forecast_offshore_wind_generation,Wind Offshore,2026-07-05T23:38:26Z
2026-07-05T23:37:01Z,2026-07-06T01:37:01+0200,947116b8-3478-48df-97c2-9d19820fe5c0,2026-06-30T01:30:00Z,2026-06-30T03:30:00+0200,62.53,MW,DE,DE_LU,forecast_offshore_wind_generation,Wind Offshore,2026-07-05T23:38:26Z
2026-07-05T23:37:01Z,2026-07-06T01:37:01+0200,947116b8-3478-48df-97c2-9d19820fe5c0,2026-06-30T01:45:00Z,2026-06-30T03:45:00+0200,54.9,MW,DE,DE_LU,forecast_offshore_wind_generation,Wind Offshore,2026-07-05T23:38:26Z
2026-07-05T23:37:01Z,2026-07-06T01:37:01+0200,947116b8-3478-48df-97c2-9d19820fe5c0,2026-06-30T02:00:00Z,2026-06-30T04:00:00+0200,47.75,MW,DE,DE_LU,forecast_offshore_wind_generation,Wind Offshore,2026-07-05T23:38:26Z
2026-07-05T23:37:01Z,2026-07-06T01:37:01+0200,947116b8-3478-48df-97c2-9d19820fe5c0,2026-06-30T02:15:00Z,2026-06-30T04:15:00+0200,43.46,MW,DE,DE_LU,forecast_offshore_wind_generation,Wind Offshore,2026-07-05T23:38:26Z
2026-07-05T23:37:01Z,2026-07-06T01:37:01+0200,947116b8-3478-48df-97c2-9d19820fe5c0,2026-06-30T02:30:00Z,2026-06-30T04:30:00+0200,44.29,MW,DE,DE_LU,forecast_offshore_wind_generation,Wind Offshore,2026-07-05T23:38:26Z
2026-07-05T23:37:01Z,2026-07-06T01:37:01+0200,947116b8-3478-48df-97c2-9d19820fe5c0,2026-06-30T02:45:00Z,2026-06-30T04:45:00+0200,41.23,MW,DE,DE_LU,forecast_offshore_wind_generation,Wind Offshore,2026-07-05T23:38:26Z
2026-07-05T23:37:01Z,2026-07-06T01:37:01+0200,947116b8-3478-48df-97c2-9d19820fe5c0,2026-06-30T03:00:00Z,2026-06-30T05:00:00+0200,38.6,MW,DE,DE_LU,forecast_offshore_wind_generation,Wind Offshore,2026-07-05T23:38:26Z
2026-07-05T23:37:01Z,2026-07-06T01:37:01+0200,947116b8-3478-48df-97c2-9d19820fe5c0,2026-06-30T03:15:00Z,2026-06-30T05:15:00+0200,35.83,MW,DE,DE_LU,forecast_offshore_wind_generation,Wind Offshore,2026-07-05T23:38:26Z
2026-07-05T23:37:01Z,2026-07-06T01:37:01+0200,947116b8-3478-48df-97c2-9d19820fe5c0,2026-06-30T03:30:00Z,2026-06-30T05:30:00+0200,35.13,MW,DE,DE_LU,forecast_offshore_wind_generation,Wind Offshore,2026-07-05T23:38:26Z
2026-07-05T23:37:01Z,2026-07-06T01:37:01+0200,947116b8-3478-48df-97c2-9d19820fe5c0,2026-06-30T03:45:00Z,2026-06-30T05:45:00+0200,36.56,MW,DE,DE_LU,forecast_offshore_wind_generation,Wind Offshore,2026-07-05T23:38:26Z
2026-07-05T23:37:01Z,2026-07-06T01:37:01+0200,947116b8-3478-48df-97c2-9d19820fe5c0,2026-06-30T04:00:00Z,2026-06-30T06:00:00+0200,38.27,MW,DE,DE_LU,forecast_offshore_wind_generation,Wind Offshore,2026-07-05T23:38:26Z
2026-07-05T23:37:01Z,2026-07-06T01:37:01+0200,947116b8-3478-48df-97c2-9d19820fe5c0,2026-06-30T04:15:00Z,2026-06-30T06:15:00+0200,38.88,MW,DE,DE_LU,forecast_offshore_wind_generation,Wind Offshore,2026-07-05T23:38:26Z
2026-07-05T23:37:01Z,2026-07-06T01:37:01+0200,947116b8-3478-48df-97c2-9d19820fe5c0,2026-06-30T04:30:00Z,2026-06-30T06:30:00+0200,39.58,MW,DE,DE_LU,forecast_offshore_wind_generation,Wind Offshore,2026-07-05T23:38:26Z
2026-07-05T23:37:01Z,2026-07-06T01:37:01+0200,947116b8-3478-48df-97c2-9d19820fe5c0,2026-06-30T04:45:00Z,2026-06-30T06:45:00+0200,38.45,MW,DE,DE_LU,forecast_offshore_wind_generation,Wind Offshore,2026-07-05T23:38:26Z
2026-07-05T23:37:01Z,2026-07-06T01:37:01+0200,947116b8-3478-48df-97c2-9d19820fe5c0,2026-06-30T05:00:00Z,2026-06-30T07:00:00+0200,37.46,MW,DE,DE_LU,forecast_offshore_wind_generation,Wind Offshore,2026-07-05T23:38:26Z
2026-07-05T23:37:01Z,2026-07-06T01:37:01+0200,947116b8-3478-48df-97c2-9d19820fe5c0,2026-06-30T05:15:00Z,2026-06-30T07:15:00+0200,39.83,MW,DE,DE_LU,forecast_offshore_wind_generation,Wind Offshore,2026-07-05T23:38:26Z
2026-07-05T23:37:01Z,2026-07-06T01:37:01+0200,947116b8-3478-48df-97c2-9d19820fe5c0,2026-06-30T05:30:00Z,2026-06-30T07:30:00+0200,39.16,MW,DE,DE_LU,forecast_offshore_wind_generation,Wind Offshore,2026-07-05T23:38:26Z
2026-07-05T23:37:01Z,2026-07-06T01:37:01+0200,947116b8-3478-48df-97c2-9d19820fe5c0,2026-06-30T05:45:00Z,2026-06-30T07:45:00+0200,42.51,MW,DE,DE_LU,forecast_offshore_wind_generation,Wind Offshore,2026-07-05T23:38:26Z
2026-07-05T23:37:01Z,2026-07-06T01:37:01+0200,947116b8-3478-48df-97c2-9d19820fe5c0,2026-06-30T06:00:00Z,2026-06-30T08:00:00+0200,43.95,MW,DE,DE_LU,forecast_offshore_wind_generation,Wind Offshore,2026-07-05T23:38:26Z
2026-07-05T23:37:01Z,2026-07-06T01:37:01+0200,947116b8-3478-48df-97c2-9d19820fe5c0,2026-06-30T06:15:00Z,2026-06-30T08:15:00+0200,44.61,MW,DE,DE_LU,forecast_offshore_wind_generation,Wind Offshore,2026-07-05T23:38:26Z
2026-07-05T23:37:01Z,2026-07-06T01:37:01+0200,947116b8-3478-48df-97c2-9d19820fe5c0,2026-06-30T06:30:00Z,2026-06-30T08:30:00+0200,45.31,MW,DE,DE_LU,forecast_offshore_wind_generation,Wind Offshore,2026-07-05T23:38:26Z
2026-07-05T23:37:01Z,2026-07-06T01:37:01+0200,947116b8-3478-48df-97c2-9d19820fe5c0,2026-06-30T06:45:00Z,2026-06-30T08:45:00+0200,46.0,MW,DE,DE_LU,forecast_offshore_wind_generation,Wind Offshore,2026-07-05T23:38:26Z
2026-07-05T23:37:01Z,2026-07-06T01:37:01+0200,947116b8-3478-48df-97c2-9d19820fe5c0,2026-06-30T07:00:00Z,2026-06-30T09:00:00+0200,47.75,MW,DE,DE_LU,forecast_offshore_wind_generation,Wind Offshore,2026-07-05T23:38:26Z
2026-07-05T23:37:01Z,2026-07-06T01:37:01+0200,947116b8-3478-48df-97c2-9d19820fe5c0,2026-06-30T07:15:00Z,2026-06-30T09:15:00+0200,48.53,MW,DE,DE_LU,forecast_offshore_wind_generation,Wind Offshore,2026-07-05T23:38:26Z
2026-07-05T23:37:01Z,2026-07-06T01:37:01+0200,947116b8-3478-48df-97c2-9d19820fe5c0,2026-06-30T07:30:00Z,2026-06-30T09:30:00+0200,52.35,MW,DE,DE_LU,forecast_offshore_wind_generation,Wind Offshore,2026-07-05T23:38:26Z
2026-07-05T23:37:01Z,2026-07-06T01:37:01+0200,947116b8-3478-48df-97c2-9d19820fe5c0,2026-06-30T07:45:00Z,2026-06-30T09:45:00+0200,53.18,MW,DE,DE_LU,forecast_offshore_wind_generation,Wind Offshore,2026-07-05T23:38:26Z
2026-07-05T23:37:01Z,2026-07-06T01:37:01+0200,947116b8-3478-48df-97c2-9d19820fe5c0,2026-06-30T08:00:00Z,2026-06-30T10:00:00+0200,54.07,MW,DE,DE_LU,forecast_offshore_wind_generation,Wind Offshore,2026-07-05T23:38:26Z
2026-07-05T23:37:01Z,2026-07-06T01:37:01+0200,947116b8-3478-48df-97c2-9d19820fe5c0,2026-06-30T08:15:00Z,2026-06-30T10:15:00+0200,62.91,MW,DE,DE_LU,forecast_offshore_wind_generation,Wind Offshore,2026-07-05T23:38:26Z
2026-07-05T23:37:01Z,2026-07-06T01:37:01+0200,947116b8-3478-48df-97c2-9d19820fe5c0,2026-06-30T08:30:00Z,2026-06-30T10:30:00+0200,65.75,MW,DE,DE_LU,forecast_offshore_wind_generation,Wind Offshore,2026-07-05T23:38:26Z
2026-07-05T23:37:01Z,2026-07-06T01:37:01+0200,947116b8-3478-48df-97c2-9d19820fe5c0,2026-06-30T08:45:00Z,2026-06-30T10:45:00+0200,76.61,MW,DE,DE_LU,forecast_offshore_wind_generation,Wind Offshore,2026-07-05T23:38:26Z
2026-07-05T23:37:01Z,2026-07-06T01:37:01+0200,947116b8-3478-48df-97c2-9d19820fe5c0,2026-06-30T09:00:00Z,2026-06-30T11:00:00+0200,77.52,MW,DE,DE_LU,forecast_offshore_wind_generation,Wind Offshore,2026-07-05T23:38:26Z
2026-07-05T23:37:01Z,2026-07-06T01:37:01+0200,947116b8-3478-48df-97c2-9d19820fe5c0,2026-06-30T09:15:00Z,2026-06-30T11:15:00+0200,94.56,MW,DE,DE_LU,forecast_offshore_wind_generation,Wind Offshore,2026-07-05T23:38:26Z
2026-07-05T23:37:01Z,2026-07-06T01:37:01+0200,947116b8-3478-48df-97c2-9d19820fe5c0,2026-06-30T09:30:00Z,2026-06-30T11:30:00+0200,107.63,MW,DE,DE_LU,forecast_offshore_wind_generation,Wind Offshore,2026-07-05T23:38:26Z
2026-07-05T23:37:01Z,2026-07-06T01:37:01+0200,947116b8-3478-48df-97c2-9d19820fe5c0,2026-06-30T09:45:00Z,2026-06-30T11:45:00+0200,120.73,MW,DE,DE_LU,forecast_offshore_wind_generation,Wind Offshore,2026-07-05T23:38:26Z
2026-07-05T23:37:01Z,2026-07-06T01:37:01+0200,947116b8-3478-48df-97c2-9d19820fe5c0,2026-06-30T10:00:00Z,2026-06-30T12:00:00+0200,138.86,MW,DE,DE_LU,forecast_offshore_wind_generation,Wind Offshore,2026-07-05T23:38:26Z
2026-07-05T23:37:01Z,2026-07-06T01:37:01+0200,947116b8-3478-48df-97c2-9d19820fe5c0,2026-06-30T10:15:00Z,2026-06-30T12:15:00+0200,150.01,MW,DE,DE_LU,forecast_offshore_wind_generation,Wind Offshore,2026-07-05T23:38:26Z
2026-07-05T23:37:01Z,2026-07-06T01:37:01+0200,947116b8-3478-48df-97c2-9d19820fe5c0,2026-06-30T10:30:00Z,2026-06-30T12:30:00+0200,163.17,MW,DE,DE_LU,forecast_offshore_wind_generation,Wind Offshore,2026-07-05T23:38:26Z
2026-07-05T23:37:01Z,2026-07-06T01:37:01+0200,947116b8-3478-48df-97c2-9d19820fe5c0,2026-06-30T10:45:00Z,2026-06-30T12:45:00+0200,175.38,MW,DE,DE_LU,forecast_offshore_wind_generation,Wind Offshore,2026-07-05T23:38:26Z
2026-07-05T23:37:01Z,2026-07-06T01:37:01+0200,947116b8-3478-48df-97c2-9d19820fe5c0,2026-06-30T11:00:00Z,2026-06-30T13:00:00+0200,185.65,MW,DE,DE_LU,forecast_offshore_wind_generation,Wind Offshore,2026-07-05T23:38:26Z
2026-07-05T23:37:01Z,2026-07-06T01:37:01+0200,947116b8-3478-48df-97c2-9d19820fe5c0,2026-06-30T11:15:00Z,2026-06-30T13:15:00+0200,215.08,MW,DE,DE_LU,forecast_offshore_wind_generation,Wind Offshore,2026-07-05T23:38:26Z
2026-07-05T23:37:01Z,2026-07-06T01:37:01+0200,947116b8-3478-48df-97c2-9d19820fe5c0,2026-06-30T11:30:00Z,2026-06-30T13:30:00+0200,220.52,MW,DE,DE_LU,forecast_offshore_wind_generation,Wind Offshore,2026-07-05T23:38:26Z
2026-07-05T23:37:01Z,2026-07-06T01:37:01+0200,947116b8-3478-48df-97c2-9d19820fe5c0,2026-06-30T11:45:00Z,2026-06-30T13:45:00+0200,228.94,MW,DE,DE_LU,forecast_offshore_wind_generation,Wind Offshore,2026-07-05T23:38:26Z
2026-07-05T23:37:01Z,2026-07-06T01:37:01+0200,947116b8-3478-48df-97c2-9d19820fe5c0,2026-06-30T12:00:00Z,2026-06-30T14:00:00+0200,232.38,MW,DE,DE_LU,forecast_offshore_wind_generation,Wind Offshore,2026-07-05T23:38:26Z
2026-07-05T23:37:01Z,2026-07-06T01:37:01+0200,947116b8-3478-48df-97c2-9d19820fe5c0,2026-06-30T12:15:00Z,2026-06-30T14:15:00+0200,227.74,MW,DE,DE_LU,forecast_offshore_wind_generation,Wind Offshore,2026-07-05T23:38:26Z
2026-07-05T23:37:01Z,2026-07-06T01:37:01+0200,947116b8-3478-48df-97c2-9d19820fe5c0,2026-06-30T12:30:00Z,2026-06-30T14:30:00+0200,218.1,MW,DE,DE_LU,forecast_offshore_wind_generation,Wind Offshore,2026-07-05T23:38:26Z
2026-07-05T23:37:01Z,2026-07-06T01:37:01+0200,947116b8-3478-48df-97c2-9d19820fe5c0,2026-06-30T12:45:00Z,2026-06-30T14:45:00+0200,218.48,MW,DE,DE_LU,forecast_offshore_wind_generation,Wind Offshore,2026-07-05T23:38:26Z
2026-07-05T23:37:01Z,2026-07-06T01:37:01+0200,947116b8-3478-48df-97c2-9d19820fe5c0,2026-06-30T13:00:00Z,2026-06-30T15:00:00+0200,213.88,MW,DE,DE_LU,forecast_offshore_wind_generation,Wind Offshore,2026-07-05T23:38:26Z
2026-07-05T23:37:01Z,2026-07-06T01:37:01+0200,947116b8-3478-48df-97c2-9d19820fe5c0,2026-06-30T13:15:00Z,2026-06-30T15:15:00+0200,210.13,MW,DE,DE_LU,forecast_offshore_wind_generation,Wind Offshore,2026-07-05T23:38:26Z
2026-07-05T23:37:01Z,2026-07-06T01:37:01+0200,947116b8-3478-48df-97c2-9d19820fe5c0,2026-06-30T13:30:00Z,2026-06-30T15:30:00+0200,205.36,MW,DE,DE_LU,forecast_offshore_wind_generation,Wind Offshore,2026-07-05T23:38:26Z
2026-07-05T23:37:01Z,2026-07-06T01:37:01+0200,947116b8-3478-48df-97c2-9d19820fe5c0,2026-06-30T13:45:00Z,2026-06-30T15:45:00+0200,215.62,MW,DE,DE_LU,forecast_offshore_wind_generation,Wind Offshore,2026-07-05T23:38:26Z
2026-07-05T23:37:01Z,2026-07-06T01:37:01+0200,947116b8-3478-48df-97c2-9d19820fe5c0,2026-06-30T14:00:00Z,2026-06-30T16:00:00+0200,208.84,MW,DE,DE_LU,forecast_offshore_wind_generation,Wind Offshore,2026-07-05T23:38:26Z
2026-07-05T23:37:01Z,2026-07-06T01:37:01+0200,947116b8-3478-48df-97c2-9d19820fe5c0,2026-06-30T14:15:00Z,2026-06-30T16:15:00+0200,209.07,MW,DE,DE_LU,forecast_offshore_wind_generation,Wind Offshore,2026-07-05T23:38:26Z
2026-07-05T23:37:01Z,2026-07-06T01:37:01+0200,947116b8-3478-48df-97c2-9d19820fe5c0,2026-06-30T14:30:00Z,2026-06-30T16:30:00+0200,209.29,MW,DE,DE_LU,forecast_offshore_wind_generation,Wind Offshore,2026-07-05T23:38:26Z
2026-07-05T23:37:01Z,2026-07-06T01:37:01+0200,947116b8-3478-48df-97c2-9d19820fe5c0,2026-06-30T14:45:00Z,2026-06-30T16:45:00+0200,210.52,MW,DE,DE_LU,forecast_offshore_wind_generation,Wind Offshore,2026-07-05T23:38:26Z
2026-07-05T23:37:01Z,2026-07-06T01:37:01+0200,947116b8-3478-48df-97c2-9d19820fe5c0,2026-06-30T15:00:00Z,2026-06-30T17:00:00+0200,213.79,MW,DE,DE_LU,forecast_offshore_wind_generation,Wind Offshore,2026-07-05T23:38:26Z
2026-07-05T23:37:01Z,2026-07-06T01:37:01+0200,947116b8-3478-48df-97c2-9d19820fe5c0,2026-06-30T15:15:00Z,2026-06-30T17:15:00+0200,223.95,MW,DE,DE_LU,forecast_offshore_wind_generation,Wind Offshore,2026-07-05T23:38:26Z
2026-07-05T23:37:01Z,2026-07-06T01:37:01+0200,947116b8-3478-48df-97c2-9d19820fe5c0,2026-06-30T15:30:00Z,2026-06-30T17:30:00+0200,232.11,MW,DE,DE_LU,forecast_offshore_wind_generation,Wind Offshore,2026-07-05T23:38:26Z
2026-07-05T23:37:01Z,2026-07-06T01:37:01+0200,947116b8-3478-48df-97c2-9d19820fe5c0,2026-06-30T15:45:00Z,2026-06-30T17:45:00+0200,243.32,MW,DE,DE_LU,forecast_offshore_wind_generation,Wind Offshore,2026-07-05T23:38:26Z
2026-07-05T23:37:01Z,2026-07-06T01:37:01+0200,947116b8-3478-48df-97c2-9d19820fe5c0,2026-06-30T16:00:00Z,2026-06-30T18:00:00+0200,252.6,MW,DE,DE_LU,forecast_offshore_wind_generation,Wind Offshore,2026-07-05T23:38:26Z
2026-07-05T23:37:01Z,2026-07-06T01:37:01+0200,947116b8-3478-48df-97c2-9d19820fe5c0,2026-06-30T16:15:00Z,2026-06-30T18:15:00+0200,273.03,MW,DE,DE_LU,forecast_offshore_wind_generation,Wind Offshore,2026-07-05T23:38:26Z
2026-07-05T23:37:01Z,2026-07-06T01:37:01+0200,947116b8-3478-48df-97c2-9d19820fe5c0,2026-06-30T16:30:00Z,2026-06-30T18:30:00+0200,298.52,MW,DE,DE_LU,forecast_offshore_wind_generation,Wind Offshore,2026-07-05T23:38:26Z
2026-07-05T23:37:01Z,2026-07-06T01:37:01+0200,947116b8-3478-48df-97c2-9d19820fe5c0,2026-06-30T16:45:00Z,2026-06-30T18:45:00+0200,325.06,MW,DE,DE_LU,forecast_offshore_wind_generation,Wind Offshore,2026-07-05T23:38:26Z
2026-07-05T23:37:01Z,2026-07-06T01:37:01+0200,947116b8-3478-48df-97c2-9d19820fe5c0,2026-06-30T17:00:00Z,2026-06-30T19:00:00+0200,339.47,MW,DE,DE_LU,forecast_offshore_wind_generation,Wind Offshore,2026-07-05T23:38:26Z
2026-07-05T23:37:01Z,2026-07-06T01:37:01+0200,947116b8-3478-48df-97c2-9d19820fe5c0,2026-06-30T17:15:00Z,2026-06-30T19:15:00+0200,362.84,MW,DE,DE_LU,forecast_offshore_wind_generation,Wind Offshore,2026-07-05T23:38:26Z
2026-07-05T23:37:01Z,2026-07-06T01:37:01+0200,947116b8-3478-48df-97c2-9d19820fe5c0,2026-06-30T17:30:00Z,2026-06-30T19:30:00+0200,380.21,MW,DE,DE_LU,forecast_offshore_wind_generation,Wind Offshore,2026-07-05T23:38:26Z
2026-07-05T23:37:01Z,2026-07-06T01:37:01+0200,947116b8-3478-48df-97c2-9d19820fe5c0,2026-06-30T17:45:00Z,2026-06-30T19:45:00+0200,395.58,MW,DE,DE_LU,forecast_offshore_wind_generation,Wind Offshore,2026-07-05T23:38:26Z
2026-07-05T23:37:01Z,2026-07-06T01:37:01+0200,947116b8-3478-48df-97c2-9d19820fe5c0,2026-06-30T18:00:00Z,2026-06-30T20:00:00+0200,413.89,MW,DE,DE_LU,forecast_offshore_wind_generation,Wind Offshore,2026-07-05T23:38:26Z
2026-07-05T23:37:01Z,2026-07-06T01:37:01+0200,947116b8-3478-48df-97c2-9d19820fe5c0,2026-06-30T18:15:00Z,2026-06-30T20:15:00+0200,431.77,MW,DE,DE_LU,forecast_offshore_wind_generation,Wind Offshore,2026-07-05T23:38:26Z
2026-07-05T23:37:01Z,2026-07-06T01:37:01+0200,947116b8-3478-48df-97c2-9d19820fe5c0,2026-06-30T18:30:00Z,2026-06-30T20:30:00+0200,452.66,MW,DE,DE_LU,forecast_offshore_wind_generation,Wind Offshore,2026-07-05T23:38:26Z
2026-07-05T23:37:01Z,2026-07-06T01:37:01+0200,947116b8-3478-48df-97c2-9d19820fe5c0,2026-06-30T18:45:00Z,2026-06-30T20:45:00+0200,469.49,MW,DE,DE_LU,forecast_offshore_wind_generation,Wind Offshore,2026-07-05T23:38:26Z
2026-07-05T23:37:01Z,2026-07-06T01:37:01+0200,947116b8-3478-48df-97c2-9d19820fe5c0,2026-06-30T19:00:00Z,2026-06-30T21:00:00+0200,489.31,MW,DE,DE_LU,forecast_offshore_wind_generation,Wind Offshore,2026-07-05T23:38:26Z
2026-07-05T23:37:01Z,2026-07-06T01:37:01+0200,947116b8-3478-48df-97c2-9d19820fe5c0,2026-06-30T19:15:00Z,2026-06-30T21:15:00+0200,509.47,MW,DE,DE_LU,forecast_offshore_wind_generation,Wind Offshore,2026-07-05T23:38:26Z
2026-07-05T23:37:01Z,2026-07-06T01:37:01+0200,947116b8-3478-48df-97c2-9d19820fe5c0,2026-06-30T19:30:00Z,2026-06-30T21:30:00+0200,524.6,MW,DE,DE_LU,forecast_offshore_wind_generation,Wind Offshore,2026-07-05T23:38:26Z
2026-07-05T23:37:01Z,2026-07-06T01:37:01+0200,947116b8-3478-48df-97c2-9d19820fe5c0,2026-06-30T19:45:00Z,2026-06-30T21:45:00+0200,544.08,MW,DE,DE_LU,forecast_offshore_wind_generation,Wind Offshore,2026-07-05T23:38:26Z
2026-07-05T23:37:01Z,2026-07-06T01:37:01+0200,947116b8-3478-48df-97c2-9d19820fe5c0,2026-06-30T20:00:00Z,2026-06-30T22:00:00+0200,552.98,MW,DE,DE_LU,forecast_offshore_wind_generation,Wind Offshore,2026-07-05T23:38:26Z
2026-07-05T23:37:01Z,2026-07-06T01:37:01+0200,947116b8-3478-48df-97c2-9d19820fe5c0,2026-06-30T20:15:00Z,2026-06-30T22:15:00+0200,527.26,MW,DE,DE_LU,forecast_offshore_wind_generation,Wind Offshore,2026-07-05T23:38:26Z
2026-07-05T23:37:01Z,2026-07-06T01:37:01+0200,947116b8-3478-48df-97c2-9d19820fe5c0,2026-06-30T20:30:00Z,2026-06-30T22:30:00+0200,504.52,MW,DE,DE_LU,forecast_offshore_wind_generation,Wind Offshore,2026-07-05T23:38:26Z
2026-07-05T23:37:01Z,2026-07-06T01:37:01+0200,947116b8-3478-48df-97c2-9d19820fe5c0,2026-06-30T20:45:00Z,2026-06-30T22:45:00+0200,485.85,MW,DE,DE_LU,forecast_offshore_wind_generation,Wind Offshore,2026-07-05T23:38:26Z
2026-07-05T23:37:01Z,2026-07-06T01:37:01+0200,947116b8-3478-48df-97c2-9d19820fe5c0,2026-06-30T21:00:00Z,2026-06-30T23:00:00+0200,453.24,MW,DE,DE_LU,forecast_offshore_wind_generation,Wind Offshore,2026-07-05T23:38:26Z
2026-07-05T23:37:01Z,2026-07-06T01:37:01+0200,947116b8-3478-48df-97c2-9d19820fe5c0,2026-06-30T21:15:00Z,2026-06-30T23:15:00+0200,427.17,MW,DE,DE_LU,forecast_offshore_wind_generation,Wind Offshore,2026-07-05T23:38:26Z
2026-07-05T23:37:01Z,2026-07-06T01:37:01+0200,947116b8-3478-48df-97c2-9d19820fe5c0,2026-06-30T21:30:00Z,2026-06-30T23:30:00+0200,398.15,MW,DE,DE_LU,forecast_offshore_wind_generation,Wind Offshore,2026-07-05T23:38:26Z
2026-07-05T23:37:01Z,2026-07-06T01:37:01+0200,947116b8-3478-48df-97c2-9d19820fe5c0,2026-06-30T21:45:00Z,2026-06-30T23:45:00+0200,372.16,MW,DE,DE_LU,forecast_offshore_wind_generation,Wind Offshore,2026-07-05T23:38:26Z
2026-07-05T23:37:01Z,2026-07-06T01:37:01+0200,947116b8-3478-48df-97c2-9d19820fe5c0,2026-06-30T22:00:00Z,2026-07-01T00:00:00+0200,477.99,MW,DE,DE_LU,forecast_offshore_wind_generation,Wind Offshore,2026-07-05T23:38:26Z
2026-07-05T23:37:01Z,2026-07-06T01:37:01+0200,947116b8-3478-48df-97c2-9d19820fe5c0,2026-06-30T22:15:00Z,2026-07-01T00:15:00+0200,456.69,MW,DE,DE_LU,forecast_offshore_wind_generation,Wind Offshore,2026-07-05T23:38:26Z
2026-07-05T23:37:01Z,2026-07-06T01:37:01+0200,947116b8-3478-48df-97c2-9d19820fe5c0,2026-06-30T22:30:00Z,2026-07-01T00:30:00+0200,441.46,MW,DE,DE_LU,forecast_offshore_wind_generation,Wind Offshore,2026-07-05T23:38:26Z
2026-07-05T23:37:01Z,2026-07-06T01:37:01+0200,947116b8-3478-48df-97c2-9d19820fe5c0,2026-06-30T22:45:00Z,2026-07-01T00:45:00+0200,417.29,MW,DE,DE_LU,forecast_offshore_wind_generation,Wind Offshore,2026-07-05T23:38:26Z
2026-07-05T23:37:01Z,2026-07-06T01:37:01+0200,947116b8-3478-48df-97c2-9d19820fe5c0,2026-06-30T23:00:00Z,2026-07-01T01:00:00+0200,409.22,MW,DE,DE_LU,forecast_offshore_wind_generation,Wind Offshore,2026-07-05T23:38:26Z
2026-07-05T23:37:01Z,2026-07-06T01:37:01+0200,947116b8-3478-48df-97c2-9d19820fe5c0,2026-06-30T23:15:00Z,2026-07-01T01:15:00+0200,404.4,MW,DE,DE_LU,forecast_offshore_wind_generation,Wind Offshore,2026-07-05T23:38:26Z
2026-07-05T23:37:01Z,2026-07-06T01:37:01+0200,947116b8-3478-48df-97c2-9d19820fe5c0,2026-06-30T23:30:00Z,2026-07-01T01:30:00+0200,401.58,MW,DE,DE_LU,forecast_offshore_wind_generation,Wind Offshore,2026-07-05T23:38:26Z
2026-07-05T23:37:01Z,2026-07-06T01:37:01+0200,947116b8-3478-48df-97c2-9d19820fe5c0,2026-06-30T23:45:00Z,2026-07-01T01:45:00+0200,397.78,MW,DE,DE_LU,forecast_offshore_wind_generation,Wind Offshore,2026-07-05T23:38:26Z
2026-07-05T23:37:01Z,2026-07-06T01:37:01+0200,947116b8-3478-48df-97c2-9d19820fe5c0,2026-07-01T00:00:00Z,2026-07-01T02:00:00+0200,388.01,MW,DE,DE_LU,forecast_offshore_wind_generation,Wind Offshore,2026-07-05T23:38:26Z
2026-07-05T23:37:01Z,2026-07-06T01:37:01+0200,947116b8-3478-48df-97c2-9d19820fe5c0,2026-07-01T00:15:00Z,2026-07-01T02:15:00+0200,390.39,MW,DE,DE_LU,forecast_offshore_wind_generation,Wind Offshore,2026-07-05T23:38:26Z
2026-07-05T23:37:01Z,2026-07-06T01:37:01+0200,947116b8-3478-48df-97c2-9d19820fe5c0,2026-07-01T00:30:00Z,2026-07-01T02:30:00+0200,394.76,MW,DE,DE_LU,forecast_offshore_wind_generation,Wind Offshore,2026-07-05T23:38:26Z
2026-07-05T23:37:01Z,2026-07-06T01:37:01+0200,947116b8-3478-48df-97c2-9d19820fe5c0,2026-07-01T00:45:00Z,2026-07-01T02:45:00+0200,401.11,MW,DE,DE_LU,forecast_offshore_wind_generation,Wind Offshore,2026-07-05T23:38:26Z
2026-07-05T23:37:01Z,2026-07-06T01:37:01+0200,947116b8-3478-48df-97c2-9d19820fe5c0,2026-07-01T01:00:00Z,2026-07-01T03:00:00+0200,397.56,MW,DE,DE_LU,forecast_offshore_wind_generation,Wind Offshore,2026-07-05T23:38:26Z
2026-07-05T23:37:01Z,2026-07-06T01:37:01+0200,947116b8-3478-48df-97c2-9d19820fe5c0,2026-07-01T01:15:00Z,2026-07-01T03:15:00+0200,402.81,MW,DE,DE_LU,forecast_offshore_wind_generation,Wind Offshore,2026-07-05T23:38:26Z
2026-07-05T23:37:01Z,2026-07-06T01:37:01+0200,947116b8-3478-48df-97c2-9d19820fe5c0,2026-07-01T01:30:00Z,2026-07-01T03:30:00+0200,412.06,MW,DE,DE_LU,forecast_offshore_wind_generation,Wind Offshore,2026-07-05T23:38:26Z
2026-07-05T23:37:01Z,2026-07-06T01:37:01+0200,947116b8-3478-48df-97c2-9d19820fe5c0,2026-07-01T01:45:00Z,2026-07-01T03:45:00+0200,413.33,MW,DE,DE_LU,forecast_offshore_wind_generation,Wind Offshore,2026-07-05T23:38:26Z
2026-07-05T23:37:01Z,2026-07-06T01:37:01+0200,947116b8-3478-48df-97c2-9d19820fe5c0,2026-07-01T02:00:00Z,2026-07-01T04:00:00+0200,414.71,MW,DE,DE_LU,forecast_offshore_wind_generation,Wind Offshore,2026-07-05T23:38:26Z
2026-07-05T23:37:01Z,2026-07-06T01:37:01+0200,947116b8-3478-48df-97c2-9d19820fe5c0,2026-07-01T02:15:00Z,2026-07-01T04:15:00+0200,422.33,MW,DE,DE_LU,forecast_offshore_wind_generation,Wind Offshore,2026-07-05T23:38:26Z
2026-07-05T23:37:01Z,2026-07-06T01:37:01+0200,947116b8-3478-48df-97c2-9d19820fe5c0,2026-07-01T02:30:00Z,2026-07-01T04:30:00+0200,419.99,MW,DE,DE_LU,forecast_offshore_wind_generation,Wind Offshore,2026-07-05T23:38:26Z
2026-07-05T23:37:01Z,2026-07-06T01:37:01+0200,947116b8-3478-48df-97c2-9d19820fe5c0,2026-07-01T02:45:00Z,2026-07-01T04:45:00+0200,423.78,MW,DE,DE_LU,forecast_offshore_wind_generation,Wind Offshore,2026-07-05T23:38:26Z
2026-07-05T23:37:01Z,2026-07-06T01:37:01+0200,947116b8-3478-48df-97c2-9d19820fe5c0,2026-07-01T03:00:00Z,2026-07-01T05:00:00+0200,428.62,MW,DE,DE_LU,forecast_offshore_wind_generation,Wind Offshore,2026-07-05T23:38:26Z
2026-07-05T23:37:01Z,2026-07-06T01:37:01+0200,947116b8-3478-48df-97c2-9d19820fe5c0,2026-07-01T03:15:00Z,2026-07-01T05:15:00+0200,431.14,MW,DE,DE_LU,forecast_offshore_wind_generation,Wind Offshore,2026-07-05T23:38:26Z
2026-07-05T23:37:01Z,2026-07-06T01:37:01+0200,947116b8-3478-48df-97c2-9d19820fe5c0,2026-07-01T03:30:00Z,2026-07-01T05:30:00+0200,430.81,MW,DE,DE_LU,forecast_offshore_wind_generation,Wind Offshore,2026-07-05T23:38:26Z
2026-07-05T23:37:01Z,2026-07-06T01:37:01+0200,947116b8-3478-48df-97c2-9d19820fe5c0,2026-07-01T03:45:00Z,2026-07-01T05:45:00+0200,436.64,MW,DE,DE_LU,forecast_offshore_wind_generation,Wind Offshore,2026-07-05T23:38:26Z
2026-07-05T23:37:01Z,2026-07-06T01:37:01+0200,947116b8-3478-48df-97c2-9d19820fe5c0,2026-07-01T04:00:00Z,2026-07-01T06:00:00+0200,438.28,MW,DE,DE_LU,forecast_offshore_wind_generation,Wind Offshore,2026-07-05T23:38:26Z
2026-07-05T23:37:01Z,2026-07-06T01:37:01+0200,947116b8-3478-48df-97c2-9d19820fe5c0,2026-07-01T04:15:00Z,2026-07-01T06:15:00+0200,437.43,MW,DE,DE_LU,forecast_offshore_wind_generation,Wind Offshore,2026-07-05T23:38:26Z
2026-07-05T23:37:01Z,2026-07-06T01:37:01+0200,947116b8-3478-48df-97c2-9d19820fe5c0,2026-07-01T04:30:00Z,2026-07-01T06:30:00+0200,434.55,MW,DE,DE_LU,forecast_offshore_wind_generation,Wind Offshore,2026-07-05T23:38:26Z
2026-07-05T23:37:01Z,2026-07-06T01:37:01+0200,947116b8-3478-48df-97c2-9d19820fe5c0,2026-07-01T04:45:00Z,2026-07-01T06:45:00+0200,432.82,MW,DE,DE_LU,forecast_offshore_wind_generation,Wind Offshore,2026-07-05T23:38:26Z
2026-07-05T23:37:01Z,2026-07-06T01:37:01+0200,947116b8-3478-48df-97c2-9d19820fe5c0,2026-07-01T05:00:00Z,2026-07-01T07:00:00+0200,435.25,MW,DE,DE_LU,forecast_offshore_wind_generation,Wind Offshore,2026-07-05T23:38:26Z
2026-07-05T23:37:01Z,2026-07-06T01:37:01+0200,947116b8-3478-48df-97c2-9d19820fe5c0,2026-07-01T05:15:00Z,2026-07-01T07:15:00+0200,438.86,MW,DE,DE_LU,forecast_offshore_wind_generation,Wind Offshore,2026-07-05T23:38:26Z
2026-07-05T23:37:01Z,2026-07-06T01:37:01+0200,947116b8-3478-48df-97c2-9d19820fe5c0,2026-07-01T05:30:00Z,2026-07-01T07:30:00+0200,445.83,MW,DE,DE_LU,forecast_offshore_wind_generation,Wind Offshore,2026-07-05T23:38:26Z
2026-07-05T23:37:01Z,2026-07-06T01:37:01+0200,947116b8-3478-48df-97c2-9d19820fe5c0,2026-07-01T05:45:00Z,2026-07-01T07:45:00+0200,453.32,MW,DE,DE_LU,forecast_offshore_wind_generation,Wind Offshore,2026-07-05T23:38:26Z
2026-07-05T23:37:01Z,2026-07-06T01:37:01+0200,947116b8-3478-48df-97c2-9d19820fe5c0,2026-07-01T06:00:00Z,2026-07-01T08:00:00+0200,456.51,MW,DE,DE_LU,forecast_offshore_wind_generation,Wind Offshore,2026-07-05T23:38:26Z
2026-07-05T23:37:01Z,2026-07-06T01:37:01+0200,947116b8-3478-48df-97c2-9d19820fe5c0,2026-07-01T06:15:00Z,2026-07-01T08:15:00+0200,462.24,MW,DE,DE_LU,forecast_offshore_wind_generation,Wind Offshore,2026-07-05T23:38:26Z
2026-07-05T23:37:01Z,2026-07-06T01:37:01+0200,947116b8-3478-48df-97c2-9d19820fe5c0,2026-07-01T06:30:00Z,2026-07-01T08:30:00+0200,464.23,MW,DE,DE_LU,forecast_offshore_wind_generation,Wind Offshore,2026-07-05T23:38:26Z
2026-07-05T23:37:01Z,2026-07-06T01:37:01+0200,947116b8-3478-48df-97c2-9d19820fe5c0,2026-07-01T06:45:00Z,2026-07-01T08:45:00+0200,471.47,MW,DE,DE_LU,forecast_offshore_wind_generation,Wind Offshore,2026-07-05T23:38:26Z
2026-07-05T23:37:01Z,2026-07-06T01:37:01+0200,947116b8-3478-48df-97c2-9d19820fe5c0,2026-07-01T07:00:00Z,2026-07-01T09:00:00+0200,471.8,MW,DE,DE_LU,forecast_offshore_wind_generation,Wind Offshore,2026-07-05T23:38:26Z
2026-07-05T23:37:01Z,2026-07-06T01:37:01+0200,947116b8-3478-48df-97c2-9d19820fe5c0,2026-07-01T07:15:00Z,2026-07-01T09:15:00+0200,461.92,MW,DE,DE_LU,forecast_offshore_wind_generation,Wind Offshore,2026-07-05T23:38:26Z
2026-07-05T23:37:01Z,2026-07-06T01:37:01+0200,947116b8-3478-48df-97c2-9d19820fe5c0,2026-07-01T07:30:00Z,2026-07-01T09:30:00+0200,450.49,MW,DE,DE_LU,forecast_offshore_wind_generation,Wind Offshore,2026-07-05T23:38:26Z
2026-07-05T23:37:01Z,2026-07-06T01:37:01+0200,947116b8-3478-48df-97c2-9d19820fe5c0,2026-07-01T07:45:00Z,2026-07-01T09:45:00+0200,421.03,MW,DE,DE_LU,forecast_offshore_wind_generation,Wind Offshore,2026-07-05T23:38:26Z
2026-07-05T23:37:01Z,2026-07-06T01:37:01+0200,947116b8-3478-48df-97c2-9d19820fe5c0,2026-07-01T08:00:00Z,2026-07-01T10:00:00+0200,404.49,MW,DE,DE_LU,forecast_offshore_wind_generation,Wind Offshore,2026-07-05T23:38:26Z
2026-07-05T23:37:01Z,2026-07-06T01:37:01+0200,947116b8-3478-48df-97c2-9d19820fe5c0,2026-07-01T08:15:00Z,2026-07-01T10:15:00+0200,391.95,MW,DE,DE_LU,forecast_offshore_wind_generation,Wind Offshore,2026-07-05T23:38:26Z
2026-07-05T23:37:01Z,2026-07-06T01:37:01+0200,947116b8-3478-48df-97c2-9d19820fe5c0,2026-07-01T08:30:00Z,2026-07-01T10:30:00+0200,385.12,MW,DE,DE_LU,forecast_offshore_wind_generation,Wind Offshore,2026-07-05T23:38:26Z
2026-07-05T23:37:01Z,2026-07-06T01:37:01+0200,947116b8-3478-48df-97c2-9d19820fe5c0,2026-07-01T08:45:00Z,2026-07-01T10:45:00+0200,371.5,MW,DE,DE_LU,forecast_offshore_wind_generation,Wind Offshore,2026-07-05T23:38:26Z
2026-07-05T23:37:01Z,2026-07-06T01:37:01+0200,947116b8-3478-48df-97c2-9d19820fe5c0,2026-07-01T09:00:00Z,2026-07-01T11:00:00+0200,359.12,MW,DE,DE_LU,forecast_offshore_wind_generation,Wind Offshore,2026-07-05T23:38:26Z
2026-07-05T23:37:01Z,2026-07-06T01:37:01+0200,947116b8-3478-48df-97c2-9d19820fe5c0,2026-07-01T09:15:00Z,2026-07-01T11:15:00+0200,344.89,MW,DE,DE_LU,forecast_offshore_wind_generation,Wind Offshore,2026-07-05T23:38:26Z
2026-07-05T23:37:01Z,2026-07-06T01:37:01+0200,947116b8-3478-48df-97c2-9d19820fe5c0,2026-07-01T09:30:00Z,2026-07-01T11:30:00+0200,327.03,MW,DE,DE_LU,forecast_offshore_wind_generation,Wind Offshore,2026-07-05T23:38:26Z
2026-07-05T23:37:01Z,2026-07-06T01:37:01+0200,947116b8-3478-48df-97c2-9d19820fe5c0,2026-07-01T09:45:00Z,2026-07-01T11:45:00+0200,312.38,MW,DE,DE_LU,forecast_offshore_wind_generation,Wind Offshore,2026-07-05T23:38:26Z
2026-07-05T23:37:01Z,2026-07-06T01:37:01+0200,947116b8-3478-48df-97c2-9d19820fe5c0,2026-07-01T10:00:00Z,2026-07-01T12:00:00+0200,301.42,MW,DE,DE_LU,forecast_offshore_wind_generation,Wind Offshore,2026-07-05T23:38:26Z
2026-07-05T23:37:01Z,2026-07-06T01:37:01+0200,947116b8-3478-48df-97c2-9d19820fe5c0,2026-07-01T10:15:00Z,2026-07-01T12:15:00+0200,287.46,MW,DE,DE_LU,forecast_offshore_wind_generation,Wind Offshore,2026-07-05T23:38:26Z
2026-07-05T23:37:01Z,2026-07-06T01:37:01+0200,947116b8-3478-48df-97c2-9d19820fe5c0,2026-07-01T10:30:00Z,2026-07-01T12:30:00+0200,279.46,MW,DE,DE_LU,forecast_offshore_wind_generation,Wind Offshore,2026-07-05T23:38:26Z
2026-07-05T23:37:01Z,2026-07-06T01:37:01+0200,947116b8-3478-48df-97c2-9d19820fe5c0,2026-07-01T10:45:00Z,2026-07-01T12:45:00+0200,275.26,MW,DE,DE_LU,forecast_offshore_wind_generation,Wind Offshore,2026-07-05T23:38:26Z
2026-07-05T23:37:01Z,2026-07-06T01:37:01+0200,947116b8-3478-48df-97c2-9d19820fe5c0,2026-07-01T11:00:00Z,2026-07-01T13:00:00+0200,268.54,MW,DE,DE_LU,forecast_offshore_wind_generation,Wind Offshore,2026-07-05T23:38:26Z
2026-07-05T23:37:01Z,2026-07-06T01:37:01+0200,947116b8-3478-48df-97c2-9d19820fe5c0,2026-07-01T11:15:00Z,2026-07-01T13:15:00+0200,266.54,MW,DE,DE_LU,forecast_offshore_wind_generation,Wind Offshore,2026-07-05T23:38:26Z
2026-07-05T23:37:01Z,2026-07-06T01:37:01+0200,947116b8-3478-48df-97c2-9d19820fe5c0,2026-07-01T11:30:00Z,2026-07-01T13:30:00+0200,267.64,MW,DE,DE_LU,forecast_offshore_wind_generation,Wind Offshore,2026-07-05T23:38:26Z
2026-07-05T23:37:01Z,2026-07-06T01:37:01+0200,947116b8-3478-48df-97c2-9d19820fe5c0,2026-07-01T11:45:00Z,2026-07-01T13:45:00+0200,265.9,MW,DE,DE_LU,forecast_offshore_wind_generation,Wind Offshore,2026-07-05T23:38:26Z
2026-07-05T23:37:01Z,2026-07-06T01:37:01+0200,947116b8-3478-48df-97c2-9d19820fe5c0,2026-07-01T12:00:00Z,2026-07-01T14:00:00+0200,273.43,MW,DE,DE_LU,forecast_offshore_wind_generation,Wind Offshore,2026-07-05T23:38:26Z
2026-07-05T23:37:01Z,2026-07-06T01:37:01+0200,947116b8-3478-48df-97c2-9d19820fe5c0,2026-07-01T12:15:00Z,2026-07-01T14:15:00+0200,283.44,MW,DE,DE_LU,forecast_offshore_wind_generation,Wind Offshore,2026-07-05T23:38:26Z
2026-07-05T23:37:01Z,2026-07-06T01:37:01+0200,947116b8-3478-48df-97c2-9d19820fe5c0,2026-07-01T12:30:00Z,2026-07-01T14:30:00+0200,295.59,MW,DE,DE_LU,forecast_offshore_wind_generation,Wind Offshore,2026-07-05T23:38:26Z
2026-07-05T23:37:01Z,2026-07-06T01:37:01+0200,947116b8-3478-48df-97c2-9d19820fe5c0,2026-07-01T12:45:00Z,2026-07-01T14:45:00+0200,307.74,MW,DE,DE_LU,forecast_offshore_wind_generation,Wind Offshore,2026-07-05T23:38:26Z
2026-07-05T23:37:01Z,2026-07-06T01:37:01+0200,947116b8-3478-48df-97c2-9d19820fe5c0,2026-07-01T13:00:00Z,2026-07-01T15:00:00+0200,316.58,MW,DE,DE_LU,forecast_offshore_wind_generation,Wind Offshore,2026-07-05T23:38:26Z
2026-07-05T23:37:01Z,2026-07-06T01:37:01+0200,947116b8-3478-48df-97c2-9d19820fe5c0,2026-07-01T13:15:00Z,2026-07-01T15:15:00+0200,325.72,MW,DE,DE_LU,forecast_offshore_wind_generation,Wind Offshore,2026-07-05T23:38:26Z
2026-07-05T23:37:01Z,2026-07-06T01:37:01+0200,947116b8-3478-48df-97c2-9d19820fe5c0,2026-07-01T13:30:00Z,2026-07-01T15:30:00+0200,342.88,MW,DE,DE_LU,forecast_offshore_wind_generation,Wind Offshore,2026-07-05T23:38:26Z
2026-07-05T23:37:01Z,2026-07-06T01:37:01+0200,947116b8-3478-48df-97c2-9d19820fe5c0,2026-07-01T13:45:00Z,2026-07-01T15:45:00+0200,353.15,MW,DE,DE_LU,forecast_offshore_wind_generation,Wind Offshore,2026-07-05T23:38:26Z
2026-07-05T23:37:01Z,2026-07-06T01:37:01+0200,947116b8-3478-48df-97c2-9d19820fe5c0,2026-07-01T14:00:00Z,2026-07-01T16:00:00+0200,361.43,MW,DE,DE_LU,forecast_offshore_wind_generation,Wind Offshore,2026-07-05T23:38:26Z
2026-07-05T23:37:01Z,2026-07-06T01:37:01+0200,947116b8-3478-48df-97c2-9d19820fe5c0,2026-07-01T14:15:00Z,2026-07-01T16:15:00+0200,367.73,MW,DE,DE_LU,forecast_offshore_wind_generation,Wind Offshore,2026-07-05T23:38:26Z
2026-07-05T23:37:01Z,2026-07-06T01:37:01+0200,947116b8-3478-48df-97c2-9d19820fe5c0,2026-07-01T14:30:00Z,2026-07-01T16:30:00+0200,372.09,MW,DE,DE_LU,forecast_offshore_wind_generation,Wind Offshore,2026-07-05T23:38:26Z
2026-07-05T23:37:01Z,2026-07-06T01:37:01+0200,947116b8-3478-48df-97c2-9d19820fe5c0,2026-07-01T14:45:00Z,2026-07-01T16:45:00+0200,383.92,MW,DE,DE_LU,forecast_offshore_wind_generation,Wind Offshore,2026-07-05T23:38:26Z
2026-07-05T23:37:01Z,2026-07-06T01:37:01+0200,947116b8-3478-48df-97c2-9d19820fe5c0,2026-07-01T15:00:00Z,2026-07-01T17:00:00+0200,390.88,MW,DE,DE_LU,forecast_offshore_wind_generation,Wind Offshore,2026-07-05T23:38:26Z
2026-07-05T23:37:01Z,2026-07-06T01:37:01+0200,947116b8-3478-48df-97c2-9d19820fe5c0,2026-07-01T15:15:00Z,2026-07-01T17:15:00+0200,388.76,MW,DE,DE_LU,forecast_offshore_wind_generation,Wind Offshore,2026-07-05T23:38:26Z
2026-07-05T23:37:01Z,2026-07-06T01:37:01+0200,947116b8-3478-48df-97c2-9d19820fe5c0,2026-07-01T15:30:00Z,2026-07-01T17:30:00+0200,392.62,MW,DE,DE_LU,forecast_offshore_wind_generation,Wind Offshore,2026-07-05T23:38:26Z
2026-07-05T23:37:01Z,2026-07-06T01:37:01+0200,947116b8-3478-48df-97c2-9d19820fe5c0,2026-07-01T15:45:00Z,2026-07-01T17:45:00+0200,391.63,MW,DE,DE_LU,forecast_offshore_wind_generation,Wind Offshore,2026-07-05T23:38:26Z
2026-07-05T23:37:01Z,2026-07-06T01:37:01+0200,947116b8-3478-48df-97c2-9d19820fe5c0,2026-07-01T16:00:00Z,2026-07-01T18:00:00+0200,387.96,MW,DE,DE_LU,forecast_offshore_wind_generation,Wind Offshore,2026-07-05T23:38:26Z
2026-07-05T23:37:01Z,2026-07-06T01:37:01+0200,947116b8-3478-48df-97c2-9d19820fe5c0,2026-07-01T16:15:00Z,2026-07-01T18:15:00+0200,393.21,MW,DE,DE_LU,forecast_offshore_wind_generation,Wind Offshore,2026-07-05T23:38:26Z
2026-07-05T23:37:01Z,2026-07-06T01:37:01+0200,947116b8-3478-48df-97c2-9d19820fe5c0,2026-07-01T16:30:00Z,2026-07-01T18:30:00+0200,393.98,MW,DE,DE_LU,forecast_offshore_wind_generation,Wind Offshore,2026-07-05T23:38:26Z
2026-07-05T23:37:01Z,2026-07-06T01:37:01+0200,947116b8-3478-48df-97c2-9d19820fe5c0,2026-07-01T16:45:00Z,2026-07-01T18:45:00+0200,399.49,MW,DE,DE_LU,forecast_offshore_wind_generation,Wind Offshore,2026-07-05T23:38:26Z
2026-07-05T23:37:01Z,2026-07-06T01:37:01+0200,947116b8-3478-48df-97c2-9d19820fe5c0,2026-07-01T17:00:00Z,2026-07-01T19:00:00+0200,402.33,MW,DE,DE_LU,forecast_offshore_wind_generation,Wind Offshore,2026-07-05T23:38:26Z
2026-07-05T23:37:01Z,2026-07-06T01:37:01+0200,947116b8-3478-48df-97c2-9d19820fe5c0,2026-07-01T17:15:00Z,2026-07-01T19:15:00+0200,401.1,MW,DE,DE_LU,forecast_offshore_wind_generation,Wind Offshore,2026-07-05T23:38:26Z
2026-07-05T23:37:01Z,2026-07-06T01:37:01+0200,947116b8-3478-48df-97c2-9d19820fe5c0,2026-07-01T17:30:00Z,2026-07-01T19:30:00+0200,402.88,MW,DE,DE_LU,forecast_offshore_wind_generation,Wind Offshore,2026-07-05T23:38:26Z
2026-07-05T23:37:01Z,2026-07-06T01:37:01+0200,947116b8-3478-48df-97c2-9d19820fe5c0,2026-07-01T17:45:00Z,2026-07-01T19:45:00+0200,399.44,MW,DE,DE_LU,forecast_offshore_wind_generation,Wind Offshore,2026-07-05T23:38:26Z
2026-07-05T23:37:01Z,2026-07-06T01:37:01+0200,947116b8-3478-48df-97c2-9d19820fe5c0,2026-07-01T18:00:00Z,2026-07-01T20:00:00+0200,395.3,MW,DE,DE_LU,forecast_offshore_wind_generation,Wind Offshore,2026-07-05T23:38:26Z
2026-07-05T23:37:01Z,2026-07-06T01:37:01+0200,947116b8-3478-48df-97c2-9d19820fe5c0,2026-07-01T18:15:00Z,2026-07-01T20:15:00+0200,392.97,MW,DE,DE_LU,forecast_offshore_wind_generation,Wind Offshore,2026-07-05T23:38:26Z
2026-07-05T23:37:01Z,2026-07-06T01:37:01+0200,947116b8-3478-48df-97c2-9d19820fe5c0,2026-07-01T18:30:00Z,2026-07-01T20:30:00+0200,386.08,MW,DE,DE_LU,forecast_offshore_wind_generation,Wind Offshore,2026-07-05T23:38:26Z
2026-07-05T23:37:01Z,2026-07-06T01:37:01+0200,947116b8-3478-48df-97c2-9d19820fe5c0,2026-07-01T18:45:00Z,2026-07-01T20:45:00+0200,375.96,MW,DE,DE_LU,forecast_offshore_wind_generation,Wind Offshore,2026-07-05T23:38:26Z
2026-07-05T23:37:01Z,2026-07-06T01:37:01+0200,947116b8-3478-48df-97c2-9d19820fe5c0,2026-07-01T19:00:00Z,2026-07-01T21:00:00+0200,365.38,MW,DE,DE_LU,forecast_offshore_wind_generation,Wind Offshore,2026-07-05T23:38:26Z
2026-07-05T23:37:01Z,2026-07-06T01:37:01+0200,947116b8-3478-48df-97c2-9d19820fe5c0,2026-07-01T19:15:00Z,2026-07-01T21:15:00+0200,352.12,MW,DE,DE_LU,forecast_offshore_wind_generation,Wind Offshore,2026-07-05T23:38:26Z
2026-07-05T23:37:01Z,2026-07-06T01:37:01+0200,947116b8-3478-48df-97c2-9d19820fe5c0,2026-07-01T19:30:00Z,2026-07-01T21:30:00+0200,336.9,MW,DE,DE_LU,forecast_offshore_wind_generation,Wind Offshore,2026-07-05T23:38:26Z
2026-07-05T23:37:01Z,2026-07-06T01:37:01+0200,947116b8-3478-48df-97c2-9d19820fe5c0,2026-07-01T19:45:00Z,2026-07-01T21:45:00+0200,326.55,MW,DE,DE_LU,forecast_offshore_wind_generation,Wind Offshore,2026-07-05T23:38:26Z
2026-07-05T23:37:01Z,2026-07-06T01:37:01+0200,947116b8-3478-48df-97c2-9d19820fe5c0,2026-07-01T20:00:00Z,2026-07-01T22:00:00+0200,316.14,MW,DE,DE_LU,forecast_offshore_wind_generation,Wind Offshore,2026-07-05T23:38:26Z
2026-07-05T23:37:01Z,2026-07-06T01:37:01+0200,947116b8-3478-48df-97c2-9d19820fe5c0,2026-07-01T20:15:00Z,2026-07-01T22:15:00+0200,312.06,MW,DE,DE_LU,forecast_offshore_wind_generation,Wind Offshore,2026-07-05T23:38:26Z
2026-07-05T23:37:01Z,2026-07-06T01:37:01+0200,947116b8-3478-48df-97c2-9d19820fe5c0,2026-07-01T20:30:00Z,2026-07-01T22:30:00+0200,306.06,MW,DE,DE_LU,forecast_offshore_wind_generation,Wind Offshore,2026-07-05T23:38:26Z
2026-07-05T23:37:01Z,2026-07-06T01:37:01+0200,947116b8-3478-48df-97c2-9d19820fe5c0,2026-07-01T20:45:00Z,2026-07-01T22:45:00+0200,302.84,MW,DE,DE_LU,forecast_offshore_wind_generation,Wind Offshore,2026-07-05T23:38:26Z
2026-07-05T23:37:01Z,2026-07-06T01:37:01+0200,947116b8-3478-48df-97c2-9d19820fe5c0,2026-07-01T21:00:00Z,2026-07-01T23:00:00+0200,307.46,MW,DE,DE_LU,forecast_offshore_wind_generation,Wind Offshore,2026-07-05T23:38:26Z
2026-07-05T23:37:01Z,2026-07-06T01:37:01+0200,947116b8-3478-48df-97c2-9d19820fe5c0,2026-07-01T21:15:00Z,2026-07-01T23:15:00+0200,321.15,MW,DE,DE_LU,forecast_offshore_wind_generation,Wind Offshore,2026-07-05T23:38:26Z
2026-07-05T23:37:01Z,2026-07-06T01:37:01+0200,947116b8-3478-48df-97c2-9d19820fe5c0,2026-07-01T21:30:00Z,2026-07-01T23:30:00+0200,335.92,MW,DE,DE_LU,forecast_offshore_wind_generation,Wind Offshore,2026-07-05T23:38:26Z
2026-07-05T23:37:01Z,2026-07-06T01:37:01+0200,947116b8-3478-48df-97c2-9d19820fe5c0,2026-07-01T21:45:00Z,2026-07-01T23:45:00+0200,347.65,MW,DE,DE_LU,forecast_offshore_wind_generation,Wind Offshore,2026-07-05T23:38:26Z
2026-07-05T23:37:01Z,2026-07-06T01:37:01+0200,947116b8-3478-48df-97c2-9d19820fe5c0,2026-07-01T22:00:00Z,2026-07-02T00:00:00+0200,367.73,MW,DE,DE_LU,forecast_offshore_wind_generation,Wind Offshore,2026-07-05T23:38:26Z
2026-07-05T23:37:01Z,2026-07-06T01:37:01+0200,947116b8-3478-48df-97c2-9d19820fe5c0,2026-07-01T22:15:00Z,2026-07-02T00:15:00+0200,425.06,MW,DE,DE_LU,forecast_offshore_wind_generation,Wind Offshore,2026-07-05T23:38:26Z
2026-07-05T23:37:01Z,2026-07-06T01:37:01+0200,947116b8-3478-48df-97c2-9d19820fe5c0,2026-07-01T22:30:00Z,2026-07-02T00:30:00+0200,476.22,MW,DE,DE_LU,forecast_offshore_wind_generation,Wind Offshore,2026-07-05T23:38:26Z
2026-07-05T23:37:01Z,2026-07-06T01:37:01+0200,947116b8-3478-48df-97c2-9d19820fe5c0,2026-07-01T22:45:00Z,2026-07-02T00:45:00+0200,531.56,MW,DE,DE_LU,forecast_offshore_wind_generation,Wind Offshore,2026-07-05T23:38:26Z
2026-07-05T23:37:01Z,2026-07-06T01:37:01+0200,947116b8-3478-48df-97c2-9d19820fe5c0,2026-07-01T23:00:00Z,2026-07-02T01:00:00+0200,608.08,MW,DE,DE_LU,forecast_offshore_wind_generation,Wind Offshore,2026-07-05T23:38:26Z
2026-07-05T23:37:01Z,2026-07-06T01:37:01+0200,947116b8-3478-48df-97c2-9d19820fe5c0,2026-07-01T23:15:00Z,2026-07-02T01:15:00+0200,766.01,MW,DE,DE_LU,forecast_offshore_wind_generation,Wind Offshore,2026-07-05T23:38:26Z
2026-07-05T23:37:01Z,2026-07-06T01:37:01+0200,947116b8-3478-48df-97c2-9d19820fe5c0,2026-07-01T23:30:00Z,2026-07-02T01:30:00+0200,913.03,MW,DE,DE_LU,forecast_offshore_wind_generation,Wind Offshore,2026-07-05T23:38:26Z
2026-07-05T23:37:01Z,2026-07-06T01:37:01+0200,947116b8-3478-48df-97c2-9d19820fe5c0,2026-07-01T23:45:00Z,2026-07-02T01:45:00+0200,1061.2,MW,DE,DE_LU,forecast_offshore_wind_generation,Wind Offshore,2026-07-05T23:38:26Z
2026-07-05T23:37:01Z,2026-07-06T01:37:01+0200,947116b8-3478-48df-97c2-9d19820fe5c0,2026-07-02T00:00:00Z,2026-07-02T02:00:00+0200,1249.49,MW,DE,DE_LU,forecast_offshore_wind_generation,Wind Offshore,2026-07-05T23:38:26Z
2026-07-05T23:37:01Z,2026-07-06T01:37:01+0200,947116b8-3478-48df-97c2-9d19820fe5c0,2026-07-02T00:15:00Z,2026-07-02T02:15:00+0200,1496.57,MW,DE,DE_LU,forecast_offshore_wind_generation,Wind Offshore,2026-07-05T23:38:26Z
2026-07-05T23:37:01Z,2026-07-06T01:37:01+0200,947116b8-3478-48df-97c2-9d19820fe5c0,2026-07-02T00:30:00Z,2026-07-02T02:30:00+0200,1741.66,MW,DE,DE_LU,forecast_offshore_wind_generation,Wind Offshore,2026-07-05T23:38:26Z
2026-07-05T23:37:01Z,2026-07-06T01:37:01+0200,947116b8-3478-48df-97c2-9d19820fe5c0,2026-07-02T00:45:00Z,2026-07-02T02:45:00+0200,1984.75,MW,DE,DE_LU,forecast_offshore_wind_generation,Wind Offshore,2026-07-05T23:38:26Z
2026-07-05T23:37:01Z,2026-07-06T01:37:01+0200,947116b8-3478-48df-97c2-9d19820fe5c0,2026-07-02T01:00:00Z,2026-07-02T03:00:00+0200,2233.07,MW,DE,DE_LU,forecast_offshore_wind_generation,Wind Offshore,2026-07-05T23:38:26Z
2026-07-05T23:37:01Z,2026-07-06T01:37:01+0200,947116b8-3478-48df-97c2-9d19820fe5c0,2026-07-02T01:15:00Z,2026-07-02T03:15:00+0200,2530.71,MW,DE,DE_LU,forecast_offshore_wind_generation,Wind Offshore,2026-07-05T23:38:26Z
2026-07-05T23:37:01Z,2026-07-06T01:37:01+0200,947116b8-3478-48df-97c2-9d19820fe5c0,2026-07-02T01:30:00Z,2026-07-02T03:30:00+0200,2824.65,MW,DE,DE_LU,forecast_offshore_wind_generation,Wind Offshore,2026-07-05T23:38:26Z
2026-07-05T23:37:01Z,2026-07-06T01:37:01+0200,947116b8-3478-48df-97c2-9d19820fe5c0,2026-07-02T01:45:00Z,2026-07-02T03:45:00+0200,3119.95,MW,DE,DE_LU,forecast_offshore_wind_generation,Wind Offshore,2026-07-05T23:38:26Z
2026-07-05T23:37:01Z,2026-07-06T01:37:01+0200,947116b8-3478-48df-97c2-9d19820fe5c0,2026-07-02T02:00:00Z,2026-07-02T04:00:00+0200,3399.15,MW,DE,DE_LU,forecast_offshore_wind_generation,Wind Offshore,2026-07-05T23:38:26Z
2026-07-05T23:37:01Z,2026-07-06T01:37:01+0200,947116b8-3478-48df-97c2-9d19820fe5c0,2026-07-02T02:15:00Z,2026-07-02T04:15:00+0200,3658.11,MW,DE,DE_LU,forecast_offshore_wind_generation,Wind Offshore,2026-07-05T23:38:26Z
2026-07-05T23:37:01Z,2026-07-06T01:37:01+0200,947116b8-3478-48df-97c2-9d19820fe5c0,2026-07-02T02:30:00Z,2026-07-02T04:30:00+0200,3921.31,MW,DE,DE_LU,forecast_offshore_wind_generation,Wind Offshore,2026-07-05T23:38:26Z
2026-07-05T23:37:01Z,2026-07-06T01:37:01+0200,947116b8-3478-48df-97c2-9d19820fe5c0,2026-07-02T02:45:00Z,2026-07-02T04:45:00+0200,4173.65,MW,DE,DE_LU,forecast_offshore_wind_generation,Wind Offshore,2026-07-05T23:38:26Z
2026-07-05T23:37:01Z,2026-07-06T01:37:01+0200,947116b8-3478-48df-97c2-9d19820fe5c0,2026-07-02T03:00:00Z,2026-07-02T05:00:00+0200,4403.41,MW,DE,DE_LU,forecast_offshore_wind_generation,Wind Offshore,2026-07-05T23:38:26Z
2026-07-05T23:37:01Z,2026-07-06T01:37:01+0200,947116b8-3478-48df-97c2-9d19820fe5c0,2026-07-02T03:15:00Z,2026-07-02T05:15:00+0200,4583.05,MW,DE,DE_LU,forecast_offshore_wind_generation,Wind Offshore,2026-07-05T23:38:26Z
2026-07-05T23:37:01Z,2026-07-06T01:37:01+0200,947116b8-3478-48df-97c2-9d19820fe5c0,2026-07-02T03:30:00Z,2026-07-02T05:30:00+0200,4760.69,MW,DE,DE_LU,forecast_offshore_wind_generation,Wind Offshore,2026-07-05T23:38:26Z
2026-07-05T23:37:01Z,2026-07-06T01:37:01+0200,947116b8-3478-48df-97c2-9d19820fe5c0,2026-07-02T03:45:00Z,2026-07-02T05:45:00+0200,4931.5,MW,DE,DE_LU,forecast_offshore_wind_generation,Wind Offshore,2026-07-05T23:38:26Z
2026-07-05T23:37:01Z,2026-07-06T01:37:01+0200,947116b8-3478-48df-97c2-9d19820fe5c0,2026-07-02T04:00:00Z,2026-07-02T06:00:00+0200,5096.63,MW,DE,DE_LU,forecast_offshore_wind_generation,Wind Offshore,2026-07-05T23:38:26Z
2026-07-05T23:37:01Z,2026-07-06T01:37:01+0200,947116b8-3478-48df-97c2-9d19820fe5c0,2026-07-02T04:15:00Z,2026-07-02T06:15:00+0200,5232.79,MW,DE,DE_LU,forecast_offshore_wind_generation,Wind Offshore,2026-07-05T23:38:26Z
2026-07-05T23:37:01Z,2026-07-06T01:37:01+0200,947116b8-3478-48df-97c2-9d19820fe5c0,2026-07-02T04:30:00Z,2026-07-02T06:30:00+0200,5363.95,MW,DE,DE_LU,forecast_offshore_wind_generation,Wind Offshore,2026-07-05T23:38:26Z
2026-07-05T23:37:01Z,2026-07-06T01:37:01+0200,947116b8-3478-48df-97c2-9d19820fe5c0,2026-07-02T04:45:00Z,2026-07-02T06:45:00+0200,5488.17,MW,DE,DE_LU,forecast_offshore_wind_generation,Wind Offshore,2026-07-05T23:38:26Z
2026-07-05T23:37:01Z,2026-07-06T01:37:01+0200,947116b8-3478-48df-97c2-9d19820fe5c0,2026-07-02T05:00:00Z,2026-07-02T07:00:00+0200,5601.69,MW,DE,DE_LU,forecast_offshore_wind_generation,Wind Offshore,2026-07-05T23:38:26Z
2026-07-05T23:37:01Z,2026-07-06T01:37:01+0200,947116b8-3478-48df-97c2-9d19820fe5c0,2026-07-02T05:15:00Z,2026-07-02T07:15:00+0200,5702.92,MW,DE,DE_LU,forecast_offshore_wind_generation,Wind Offshore,2026-07-05T23:38:26Z
2026-07-05T23:37:01Z,2026-07-06T01:37:01+0200,947116b8-3478-48df-97c2-9d19820fe5c0,2026-07-02T05:30:00Z,2026-07-02T07:30:00+0200,5801.14,MW,DE,DE_LU,forecast_offshore_wind_generation,Wind Offshore,2026-07-05T23:38:26Z
2026-07-05T23:37:01Z,2026-07-06T01:37:01+0200,947116b8-3478-48df-97c2-9d19820fe5c0,2026-07-02T05:45:00Z,2026-07-02T07:45:00+0200,5899.42,MW,DE,DE_LU,forecast_offshore_wind_generation,Wind Offshore,2026-07-05T23:38:26Z
2026-07-05T23:37:01Z,2026-07-06T01:37:01+0200,947116b8-3478-48df-97c2-9d19820fe5c0,2026-07-02T06:00:00Z,2026-07-02T08:00:00+0200,5350.69,MW,DE,DE_LU,forecast_offshore_wind_generation,Wind Offshore,2026-07-05T23:38:26Z
2026-07-05T23:37:01Z,2026-07-06T01:37:01+0200,947116b8-3478-48df-97c2-9d19820fe5c0,2026-07-02T06:15:00Z,2026-07-02T08:15:00+0200,5307.91,MW,DE,DE_LU,forecast_offshore_wind_generation,Wind Offshore,2026-07-05T23:38:26Z
2026-07-05T23:37:01Z,2026-07-06T01:37:01+0200,947116b8-3478-48df-97c2-9d19820fe5c0,2026-07-02T06:30:00Z,2026-07-02T08:30:00+0200,5333.43,MW,DE,DE_LU,forecast_offshore_wind_generation,Wind Offshore,2026-07-05T23:38:26Z
2026-07-05T23:37:01Z,2026-07-06T01:37:01+0200,947116b8-3478-48df-97c2-9d19820fe5c0,2026-07-02T06:45:00Z,2026-07-02T08:45:00+0200,5273.87,MW,DE,DE_LU,forecast_offshore_wind_generation,Wind Offshore,2026-07-05T23:38:26Z
2026-07-05T23:37:01Z,2026-07-06T01:37:01+0200,947116b8-3478-48df-97c2-9d19820fe5c0,2026-07-02T07:00:00Z,2026-07-02T09:00:00+0200,4857.89,MW,DE,DE_LU,forecast_offshore_wind_generation,Wind Offshore,2026-07-05T23:38:26Z
2026-07-05T23:37:01Z,2026-07-06T01:37:01+0200,947116b8-3478-48df-97c2-9d19820fe5c0,2026-07-02T07:15:00Z,2026-07-02T09:15:00+0200,4850.29,MW,DE,DE_LU,forecast_offshore_wind_generation,Wind Offshore,2026-07-05T23:38:26Z
2026-07-05T23:37:01Z,2026-07-06T01:37:01+0200,947116b8-3478-48df-97c2-9d19820fe5c0,2026-07-02T07:30:00Z,2026-07-02T09:30:00+0200,4810.88,MW,DE,DE_LU,forecast_offshore_wind_generation,Wind Offshore,2026-07-05T23:38:26Z
2026-07-05T23:37:01Z,2026-07-06T01:37:01+0200,947116b8-3478-48df-97c2-9d19820fe5c0,2026-07-02T07:45:00Z,2026-07-02T09:45:00+0200,4808.48,MW,DE,DE_LU,forecast_offshore_wind_generation,Wind Offshore,2026-07-05T23:38:26Z
2026-07-05T23:37:01Z,2026-07-06T01:37:01+0200,947116b8-3478-48df-97c2-9d19820fe5c0,2026-07-02T08:00:00Z,2026-07-02T10:00:00+0200,4792.14,MW,DE,DE_LU,forecast_offshore_wind_generation,Wind Offshore,2026-07-05T23:38:26Z
2026-07-05T23:37:01Z,2026-07-06T01:37:01+0200,947116b8-3478-48df-97c2-9d19820fe5c0,2026-07-02T08:15:00Z,2026-07-02T10:15:00+0200,4754.99,MW,DE,DE_LU,forecast_offshore_wind_generation,Wind Offshore,2026-07-05T23:38:26Z
2026-07-05T23:37:01Z,2026-07-06T01:37:01+0200,947116b8-3478-48df-97c2-9d19820fe5c0,2026-07-02T08:30:00Z,2026-07-02T10:30:00+0200,4721.07,MW,DE,DE_LU,forecast_offshore_wind_generation,Wind Offshore,2026-07-05T23:38:26Z
2026-07-05T23:37:01Z,2026-07-06T01:37:01+0200,947116b8-3478-48df-97c2-9d19820fe5c0,2026-07-02T08:45:00Z,2026-07-02T10:45:00+0200,4688.63,MW,DE,DE_LU,forecast_offshore_wind_generation,Wind Offshore,2026-07-05T23:38:26Z
2026-07-05T23:37:01Z,2026-07-06T01:37:01+0200,947116b8-3478-48df-97c2-9d19820fe5c0,2026-07-02T09:00:00Z,2026-07-02T11:00:00+0200,2053.85,MW,DE,DE_LU,forecast_offshore_wind_generation,Wind Offshore,2026-07-05T23:38:26Z
2026-07-05T23:37:01Z,2026-07-06T01:37:01+0200,947116b8-3478-48df-97c2-9d19820fe5c0,2026-07-02T09:15:00Z,2026-07-02T11:15:00+0200,2031.14,MW,DE,DE_LU,forecast_offshore_wind_generation,Wind Offshore,2026-07-05T23:38:26Z
2026-07-05T23:37:01Z,2026-07-06T01:37:01+0200,947116b8-3478-48df-97c2-9d19820fe5c0,2026-07-02T09:30:00Z,2026-07-02T11:30:00+0200,2014.5,MW,DE,DE_LU,forecast_offshore_wind_generation,Wind Offshore,2026-07-05T23:38:26Z
2026-07-05T23:37:01Z,2026-07-06T01:37:01+0200,947116b8-3478-48df-97c2-9d19820fe5c0,2026-07-02T09:45:00Z,2026-07-02T11:45:00+0200,1992.19,MW,DE,DE_LU,forecast_offshore_wind_generation,Wind Offshore,2026-07-05T23:38:26Z
2026-07-05T23:37:01Z,2026-07-06T01:37:01+0200,947116b8-3478-48df-97c2-9d19820fe5c0,2026-07-02T10:00:00Z,2026-07-02T12:00:00+0200,2560.62,MW,DE,DE_LU,forecast_offshore_wind_generation,Wind Offshore,2026-07-05T23:38:26Z
2026-07-05T23:37:01Z,2026-07-06T01:37:01+0200,947116b8-3478-48df-97c2-9d19820fe5c0,2026-07-02T10:15:00Z,2026-07-02T12:15:00+0200,2534.21,MW,DE,DE_LU,forecast_offshore_wind_generation,Wind Offshore,2026-07-05T23:38:26Z
2026-07-05T23:37:01Z,2026-07-06T01:37:01+0200,947116b8-3478-48df-97c2-9d19820fe5c0,2026-07-02T10:30:00Z,2026-07-02T12:30:00+0200,2491.83,MW,DE,DE_LU,forecast_offshore_wind_generation,Wind Offshore,2026-07-05T23:38:26Z
2026-07-05T23:37:01Z,2026-07-06T01:37:01+0200,947116b8-3478-48df-97c2-9d19820fe5c0,2026-07-02T10:45:00Z,2026-07-02T12:45:00+0200,2460.51,MW,DE,DE_LU,forecast_offshore_wind_generation,Wind Offshore,2026-07-05T23:38:26Z
2026-07-05T23:37:01Z,2026-07-06T01:37:01+0200,947116b8-3478-48df-97c2-9d19820fe5c0,2026-07-02T11:00:00Z,2026-07-02T13:00:00+0200,2441.93,MW,DE,DE_LU,forecast_offshore_wind_generation,Wind Offshore,2026-07-05T23:38:26Z
2026-07-05T23:37:01Z,2026-07-06T01:37:01+0200,947116b8-3478-48df-97c2-9d19820fe5c0,2026-07-02T11:15:00Z,2026-07-02T13:15:00+0200,2434.43,MW,DE,DE_LU,forecast_offshore_wind_generation,Wind Offshore,2026-07-05T23:38:26Z
2026-07-05T23:37:01Z,2026-07-06T01:37:01+0200,947116b8-3478-48df-97c2-9d19820fe5c0,2026-07-02T11:30:00Z,2026-07-02T13:30:00+0200,2432.04,MW,DE,DE_LU,forecast_offshore_wind_generation,Wind Offshore,2026-07-05T23:38:26Z
2026-07-05T23:37:01Z,2026-07-06T01:37:01+0200,947116b8-3478-48df-97c2-9d19820fe5c0,2026-07-02T11:45:00Z,2026-07-02T13:45:00+0200,2407.1,MW,DE,DE_LU,forecast_offshore_wind_generation,Wind Offshore,2026-07-05T23:38:26Z
2026-07-05T23:37:01Z,2026-07-06T01:37:01+0200,947116b8-3478-48df-97c2-9d19820fe5c0,2026-07-02T12:00:00Z,2026-07-02T14:00:00+0200,2400.3,MW,DE,DE_LU,forecast_offshore_wind_generation,Wind Offshore,2026-07-05T23:38:26Z
2026-07-05T23:37:01Z,2026-07-06T01:37:01+0200,947116b8-3478-48df-97c2-9d19820fe5c0,2026-07-02T12:15:00Z,2026-07-02T14:15:00+0200,2395.83,MW,DE,DE_LU,forecast_offshore_wind_generation,Wind Offshore,2026-07-05T23:38:26Z
2026-07-05T23:37:01Z,2026-07-06T01:37:01+0200,947116b8-3478-48df-97c2-9d19820fe5c0,2026-07-02T12:30:00Z,2026-07-02T14:30:00+0200,2386.89,MW,DE,DE_LU,forecast_offshore_wind_generation,Wind Offshore,2026-07-05T23:38:26Z
2026-07-05T23:37:01Z,2026-07-06T01:37:01+0200,947116b8-3478-48df-97c2-9d19820fe5c0,2026-07-02T12:45:00Z,2026-07-02T14:45:00+0200,2366.9,MW,DE,DE_LU,forecast_offshore_wind_generation,Wind Offshore,2026-07-05T23:38:26Z
2026-07-05T23:37:01Z,2026-07-06T01:37:01+0200,947116b8-3478-48df-97c2-9d19820fe5c0,2026-07-02T13:00:00Z,2026-07-02T15:00:00+0200,2363.55,MW,DE,DE_LU,forecast_offshore_wind_generation,Wind Offshore,2026-07-05T23:38:26Z
2026-07-05T23:37:01Z,2026-07-06T01:37:01+0200,947116b8-3478-48df-97c2-9d19820fe5c0,2026-07-02T13:15:00Z,2026-07-02T15:15:00+0200,2372.52,MW,DE,DE_LU,forecast_offshore_wind_generation,Wind Offshore,2026-07-05T23:38:26Z
2026-07-05T23:37:01Z,2026-07-06T01:37:01+0200,947116b8-3478-48df-97c2-9d19820fe5c0,2026-07-02T13:30:00Z,2026-07-02T15:30:00+0200,2383.04,MW,DE,DE_LU,forecast_offshore_wind_generation,Wind Offshore,2026-07-05T23:38:26Z
2026-07-05T23:37:01Z,2026-07-06T01:37:01+0200,947116b8-3478-48df-97c2-9d19820fe5c0,2026-07-02T13:45:00Z,2026-07-02T15:45:00+0200,2396.19,MW,DE,DE_LU,forecast_offshore_wind_generation,Wind Offshore,2026-07-05T23:38:26Z
2026-07-05T23:37:01Z,2026-07-06T01:37:01+0200,947116b8-3478-48df-97c2-9d19820fe5c0,2026-07-02T14:00:00Z,2026-07-02T16:00:00+0200,2412.13,MW,DE,DE_LU,forecast_offshore_wind_generation,Wind Offshore,2026-07-05T23:38:26Z
2026-07-05T23:37:01Z,2026-07-06T01:37:01+0200,947116b8-3478-48df-97c2-9d19820fe5c0,2026-07-02T14:15:00Z,2026-07-02T16:15:00+0200,2440.79,MW,DE,DE_LU,forecast_offshore_wind_generation,Wind Offshore,2026-07-05T23:38:26Z
2026-07-05T23:37:01Z,2026-07-06T01:37:01+0200,947116b8-3478-48df-97c2-9d19820fe5c0,2026-07-02T14:30:00Z,2026-07-02T16:30:00+0200,2475.77,MW,DE,DE_LU,forecast_offshore_wind_generation,Wind Offshore,2026-07-05T23:38:26Z
2026-07-05T23:37:01Z,2026-07-06T01:37:01+0200,947116b8-3478-48df-97c2-9d19820fe5c0,2026-07-02T14:45:00Z,2026-07-02T16:45:00+0200,2506.91,MW,DE,DE_LU,forecast_offshore_wind_generation,Wind Offshore,2026-07-05T23:38:26Z
2026-07-05T23:37:01Z,2026-07-06T01:37:01+0200,947116b8-3478-48df-97c2-9d19820fe5c0,2026-07-02T15:00:00Z,2026-07-02T17:00:00+0200,4849.57,MW,DE,DE_LU,forecast_offshore_wind_generation,Wind Offshore,2026-07-05T23:38:26Z
2026-07-05T23:37:01Z,2026-07-06T01:37:01+0200,947116b8-3478-48df-97c2-9d19820fe5c0,2026-07-02T15:15:00Z,2026-07-02T17:15:00+0200,4931.53,MW,DE,DE_LU,forecast_offshore_wind_generation,Wind Offshore,2026-07-05T23:38:26Z
2026-07-05T23:37:01Z,2026-07-06T01:37:01+0200,947116b8-3478-48df-97c2-9d19820fe5c0,2026-07-02T15:30:00Z,2026-07-02T17:30:00+0200,5010.69,MW,DE,DE_LU,forecast_offshore_wind_generation,Wind Offshore,2026-07-05T23:38:26Z
2026-07-05T23:37:01Z,2026-07-06T01:37:01+0200,947116b8-3478-48df-97c2-9d19820fe5c0,2026-07-02T15:45:00Z,2026-07-02T17:45:00+0200,5101.22,MW,DE,DE_LU,forecast_offshore_wind_generation,Wind Offshore,2026-07-05T23:38:26Z
2026-07-05T23:37:01Z,2026-07-06T01:37:01+0200,947116b8-3478-48df-97c2-9d19820fe5c0,2026-07-02T16:00:00Z,2026-07-02T18:00:00+0200,5186.25,MW,DE,DE_LU,forecast_offshore_wind_generation,Wind Offshore,2026-07-05T23:38:26Z
2026-07-05T23:37:01Z,2026-07-06T01:37:01+0200,947116b8-3478-48df-97c2-9d19820fe5c0,2026-07-02T16:15:00Z,2026-07-02T18:15:00+0200,5254.65,MW,DE,DE_LU,forecast_offshore_wind_generation,Wind Offshore,2026-07-05T23:38:26Z
2026-07-05T23:37:01Z,2026-07-06T01:37:01+0200,947116b8-3478-48df-97c2-9d19820fe5c0,2026-07-02T16:30:00Z,2026-07-02T18:30:00+0200,5331.99,MW,DE,DE_LU,forecast_offshore_wind_generation,Wind Offshore,2026-07-05T23:38:26Z
2026-07-05T23:37:01Z,2026-07-06T01:37:01+0200,947116b8-3478-48df-97c2-9d19820fe5c0,2026-07-02T16:45:00Z,2026-07-02T18:45:00+0200,5402.86,MW,DE,DE_LU,forecast_offshore_wind_generation,Wind Offshore,2026-07-05T23:38:26Z
2026-07-05T23:37:01Z,2026-07-06T01:37:01+0200,947116b8-3478-48df-97c2-9d19820fe5c0,2026-07-02T17:00:00Z,2026-07-02T19:00:00+0200,5472.19,MW,DE,DE_LU,forecast_offshore_wind_generation,Wind Offshore,2026-07-05T23:38:26Z
2026-07-05T23:37:01Z,2026-07-06T01:37:01+0200,947116b8-3478-48df-97c2-9d19820fe5c0,2026-07-02T17:15:00Z,2026-07-02T19:15:00+0200,5520.95,MW,DE,DE_LU,forecast_offshore_wind_generation,Wind Offshore,2026-07-05T23:38:26Z
2026-07-05T23:37:01Z,2026-07-06T01:37:01+0200,947116b8-3478-48df-97c2-9d19820fe5c0,2026-07-02T17:30:00Z,2026-07-02T19:30:00+0200,5562.11,MW,DE,DE_LU,forecast_offshore_wind_generation,Wind Offshore,2026-07-05T23:38:26Z
2026-07-05T23:37:01Z,2026-07-06T01:37:01+0200,947116b8-3478-48df-97c2-9d19820fe5c0,2026-07-02T17:45:00Z,2026-07-02T19:45:00+0200,5595.09,MW,DE,DE_LU,forecast_offshore_wind_generation,Wind Offshore,2026-07-05T23:38:26Z
2026-07-05T23:37:01Z,2026-07-06T01:37:01+0200,947116b8-3478-48df-97c2-9d19820fe5c0,2026-07-02T18:00:00Z,2026-07-02T20:00:00+0200,5625.83,MW,DE,DE_LU,forecast_offshore_wind_generation,Wind Offshore,2026-07-05T23:38:26Z
2026-07-05T23:37:01Z,2026-07-06T01:37:01+0200,947116b8-3478-48df-97c2-9d19820fe5c0,2026-07-02T18:15:00Z,2026-07-02T20:15:00+0200,5648.92,MW,DE,DE_LU,forecast_offshore_wind_generation,Wind Offshore,2026-07-05T23:38:26Z
2026-07-05T23:37:01Z,2026-07-06T01:37:01+0200,947116b8-3478-48df-97c2-9d19820fe5c0,2026-07-02T18:30:00Z,2026-07-02T20:30:00+0200,5667.42,MW,DE,DE_LU,forecast_offshore_wind_generation,Wind Offshore,2026-07-05T23:38:26Z
2026-07-05T23:37:01Z,2026-07-06T01:37:01+0200,947116b8-3478-48df-97c2-9d19820fe5c0,2026-07-02T18:45:00Z,2026-07-02T20:45:00+0200,5767.32,MW,DE,DE_LU,forecast_offshore_wind_generation,Wind Offshore,2026-07-05T23:38:26Z
2026-07-05T23:37:01Z,2026-07-06T01:37:01+0200,947116b8-3478-48df-97c2-9d19820fe5c0,2026-07-02T19:00:00Z,2026-07-02T21:00:00+0200,5783.01,MW,DE,DE_LU,forecast_offshore_wind_generation,Wind Offshore,2026-07-05T23:38:26Z
2026-07-05T23:37:01Z,2026-07-06T01:37:01+0200,947116b8-3478-48df-97c2-9d19820fe5c0,2026-07-02T19:15:00Z,2026-07-02T21:15:00+0200,5792.24,MW,DE,DE_LU,forecast_offshore_wind_generation,Wind Offshore,2026-07-05T23:38:26Z
2026-07-05T23:37:01Z,2026-07-06T01:37:01+0200,947116b8-3478-48df-97c2-9d19820fe5c0,2026-07-02T19:30:00Z,2026-07-02T21:30:00+0200,5801.43,MW,DE,DE_LU,forecast_offshore_wind_generation,Wind Offshore,2026-07-05T23:38:26Z
2026-07-05T23:37:01Z,2026-07-06T01:37:01+0200,947116b8-3478-48df-97c2-9d19820fe5c0,2026-07-02T19:45:00Z,2026-07-02T21:45:00+0200,5807.95,MW,DE,DE_LU,forecast_offshore_wind_generation,Wind Offshore,2026-07-05T23:38:26Z
2026-07-05T23:37:01Z,2026-07-06T01:37:01+0200,947116b8-3478-48df-97c2-9d19820fe5c0,2026-07-02T20:00:00Z,2026-07-02T22:00:00+0200,5794.44,MW,DE,DE_LU,forecast_offshore_wind_generation,Wind Offshore,2026-07-05T23:38:26Z
2026-07-05T23:37:01Z,2026-07-06T01:37:01+0200,947116b8-3478-48df-97c2-9d19820fe5c0,2026-07-02T20:15:00Z,2026-07-02T22:15:00+0200,5796.8,MW,DE,DE_LU,forecast_offshore_wind_generation,Wind Offshore,2026-07-05T23:38:26Z
2026-07-05T23:37:01Z,2026-07-06T01:37:01+0200,947116b8-3478-48df-97c2-9d19820fe5c0,2026-07-02T20:30:00Z,2026-07-02T22:30:00+0200,5794.12,MW,DE,DE_LU,forecast_offshore_wind_generation,Wind Offshore,2026-07-05T23:38:26Z
2026-07-05T23:37:01Z,2026-07-06T01:37:01+0200,947116b8-3478-48df-97c2-9d19820fe5c0,2026-07-02T20:45:00Z,2026-07-02T22:45:00+0200,5795.18,MW,DE,DE_LU,forecast_offshore_wind_generation,Wind Offshore,2026-07-05T23:38:26Z
2026-07-05T23:37:01Z,2026-07-06T01:37:01+0200,947116b8-3478-48df-97c2-9d19820fe5c0,2026-07-02T21:00:00Z,2026-07-02T23:00:00+0200,5788.23,MW,DE,DE_LU,forecast_offshore_wind_generation,Wind Offshore,2026-07-05T23:38:26Z
2026-07-05T23:37:01Z,2026-07-06T01:37:01+0200,947116b8-3478-48df-97c2-9d19820fe5c0,2026-07-02T21:15:00Z,2026-07-02T23:15:00+0200,5789.08,MW,DE,DE_LU,forecast_offshore_wind_generation,Wind Offshore,2026-07-05T23:38:26Z
2026-07-05T23:37:01Z,2026-07-06T01:37:01+0200,947116b8-3478-48df-97c2-9d19820fe5c0,2026-07-02T21:30:00Z,2026-07-02T23:30:00+0200,5784.89,MW,DE,DE_LU,forecast_offshore_wind_generation,Wind Offshore,2026-07-05T23:38:26Z
2026-07-05T23:37:01Z,2026-07-06T01:37:01+0200,947116b8-3478-48df-97c2-9d19820fe5c0,2026-07-02T21:45:00Z,2026-07-02T23:45:00+0200,5778.85,MW,DE,DE_LU,forecast_offshore_wind_generation,Wind Offshore,2026-07-05T23:38:26Z
2026-07-05T23:37:01Z,2026-07-06T01:37:01+0200,947116b8-3478-48df-97c2-9d19820fe5c0,2026-07-02T22:00:00Z,2026-07-03T00:00:00+0200,5622.74,MW,DE,DE_LU,forecast_offshore_wind_generation,Wind Offshore,2026-07-05T23:38:26Z
2026-07-05T23:37:01Z,2026-07-06T01:37:01+0200,947116b8-3478-48df-97c2-9d19820fe5c0,2026-07-02T22:15:00Z,2026-07-03T00:15:00+0200,5613.07,MW,DE,DE_LU,forecast_offshore_wind_generation,Wind Offshore,2026-07-05T23:38:26Z
2026-07-05T23:37:01Z,2026-07-06T01:37:01+0200,947116b8-3478-48df-97c2-9d19820fe5c0,2026-07-02T22:30:00Z,2026-07-03T00:30:00+0200,5604.47,MW,DE,DE_LU,forecast_offshore_wind_generation,Wind Offshore,2026-07-05T23:38:26Z
2026-07-05T23:37:01Z,2026-07-06T01:37:01+0200,947116b8-3478-48df-97c2-9d19820fe5c0,2026-07-02T22:45:00Z,2026-07-03T00:45:00+0200,5596.9,MW,DE,DE_LU,forecast_offshore_wind_generation,Wind Offshore,2026-07-05T23:38:26Z
2026-07-05T23:37:01Z,2026-07-06T01:37:01+0200,947116b8-3478-48df-97c2-9d19820fe5c0,2026-07-02T23:00:00Z,2026-07-03T01:00:00+0200,5583.56,MW,DE,DE_LU,forecast_offshore_wind_generation,Wind Offshore,2026-07-05T23:38:26Z
2026-07-05T23:37:01Z,2026-07-06T01:37:01+0200,947116b8-3478-48df-97c2-9d19820fe5c0,2026-07-02T23:15:00Z,2026-07-03T01:15:00+0200,5576.98,MW,DE,DE_LU,forecast_offshore_wind_generation,Wind Offshore,2026-07-05T23:38:26Z
2026-07-05T23:37:01Z,2026-07-06T01:37:01+0200,947116b8-3478-48df-97c2-9d19820fe5c0,2026-07-02T23:30:00Z,2026-07-03T01:30:00+0200,5567.35,MW,DE,DE_LU,forecast_offshore_wind_generation,Wind Offshore,2026-07-05T23:38:26Z
2026-07-05T23:37:01Z,2026-07-06T01:37:01+0200,947116b8-3478-48df-97c2-9d19820fe5c0,2026-07-02T23:45:00Z,2026-07-03T01:45:00+0200,5555.5,MW,DE,DE_LU,forecast_offshore_wind_generation,Wind Offshore,2026-07-05T23:38:26Z
2026-07-05T23:37:01Z,2026-07-06T01:37:01+0200,947116b8-3478-48df-97c2-9d19820fe5c0,2026-07-03T00:00:00Z,2026-07-03T02:00:00+0200,5545.6,MW,DE,DE_LU,forecast_offshore_wind_generation,Wind Offshore,2026-07-05T23:38:26Z
2026-07-05T23:37:01Z,2026-07-06T01:37:01+0200,947116b8-3478-48df-97c2-9d19820fe5c0,2026-07-03T00:15:00Z,2026-07-03T02:15:00+0200,5537.63,MW,DE,DE_LU,forecast_offshore_wind_generation,Wind Offshore,2026-07-05T23:38:26Z
2026-07-05T23:37:01Z,2026-07-06T01:37:01+0200,947116b8-3478-48df-97c2-9d19820fe5c0,2026-07-03T00:30:00Z,2026-07-03T02:30:00+0200,5529.76,MW,DE,DE_LU,forecast_offshore_wind_generation,Wind Offshore,2026-07-05T23:38:26Z
2026-07-05T23:37:01Z,2026-07-06T01:37:01+0200,947116b8-3478-48df-97c2-9d19820fe5c0,2026-07-03T00:45:00Z,2026-07-03T02:45:00+0200,5521.02,MW,DE,DE_LU,forecast_offshore_wind_generation,Wind Offshore,2026-07-05T23:38:26Z
2026-07-05T23:37:01Z,2026-07-06T01:37:01+0200,947116b8-3478-48df-97c2-9d19820fe5c0,2026-07-03T01:00:00Z,2026-07-03T03:00:00+0200,5505.64,MW,DE,DE_LU,forecast_offshore_wind_generation,Wind Offshore,2026-07-05T23:38:26Z
2026-07-05T23:37:01Z,2026-07-06T01:37:01+0200,947116b8-3478-48df-97c2-9d19820fe5c0,2026-07-03T01:15:00Z,2026-07-03T03:15:00+0200,5500.88,MW,DE,DE_LU,forecast_offshore_wind_generation,Wind Offshore,2026-07-05T23:38:26Z
2026-07-05T23:37:01Z,2026-07-06T01:37:01+0200,947116b8-3478-48df-97c2-9d19820fe5c0,2026-07-03T01:30:00Z,2026-07-03T03:30:00+0200,5489.14,MW,DE,DE_LU,forecast_offshore_wind_generation,Wind Offshore,2026-07-05T23:38:26Z
2026-07-05T23:37:01Z,2026-07-06T01:37:01+0200,947116b8-3478-48df-97c2-9d19820fe5c0,2026-07-03T01:45:00Z,2026-07-03T03:45:00+0200,5497.47,MW,DE,DE_LU,forecast_offshore_wind_generation,Wind Offshore,2026-07-05T23:38:26Z
2026-07-05T23:37:01Z,2026-07-06T01:37:01+0200,947116b8-3478-48df-97c2-9d19820fe5c0,2026-07-03T02:00:00Z,2026-07-03T04:00:00+0200,5483.43,MW,DE,DE_LU,forecast_offshore_wind_generation,Wind Offshore,2026-07-05T23:38:26Z
2026-07-05T23:37:01Z,2026-07-06T01:37:01+0200,947116b8-3478-48df-97c2-9d19820fe5c0,2026-07-03T02:15:00Z,2026-07-03T04:15:00+0200,5488.39,MW,DE,DE_LU,forecast_offshore_wind_generation,Wind Offshore,2026-07-05T23:38:26Z
2026-07-05T23:37:01Z,2026-07-06T01:37:01+0200,947116b8-3478-48df-97c2-9d19820fe5c0,2026-07-03T02:30:00Z,2026-07-03T04:30:00+0200,5485.38,MW,DE,DE_LU,forecast_offshore_wind_generation,Wind Offshore,2026-07-05T23:38:26Z
2026-07-05T23:37:01Z,2026-07-06T01:37:01+0200,947116b8-3478-48df-97c2-9d19820fe5c0,2026-07-03T02:45:00Z,2026-07-03T04:45:00+0200,5478.81,MW,DE,DE_LU,forecast_offshore_wind_generation,Wind Offshore,2026-07-05T23:38:26Z
2026-07-05T23:37:01Z,2026-07-06T01:37:01+0200,947116b8-3478-48df-97c2-9d19820fe5c0,2026-07-03T03:00:00Z,2026-07-03T05:00:00+0200,5478.46,MW,DE,DE_LU,forecast_offshore_wind_generation,Wind Offshore,2026-07-05T23:38:26Z
2026-07-05T23:37:01Z,2026-07-06T01:37:01+0200,947116b8-3478-48df-97c2-9d19820fe5c0,2026-07-03T03:15:00Z,2026-07-03T05:15:00+0200,5468.24,MW,DE,DE_LU,forecast_offshore_wind_generation,Wind Offshore,2026-07-05T23:38:26Z
2026-07-05T23:37:01Z,2026-07-06T01:37:01+0200,947116b8-3478-48df-97c2-9d19820fe5c0,2026-07-03T03:30:00Z,2026-07-03T05:30:00+0200,5458.17,MW,DE,DE_LU,forecast_offshore_wind_generation,Wind Offshore,2026-07-05T23:38:26Z
2026-07-05T23:37:01Z,2026-07-06T01:37:01+0200,947116b8-3478-48df-97c2-9d19820fe5c0,2026-07-03T03:45:00Z,2026-07-03T05:45:00+0200,5712.03,MW,DE,DE_LU,forecast_offshore_wind_generation,Wind Offshore,2026-07-05T23:38:26Z
2026-07-05T23:37:01Z,2026-07-06T01:37:01+0200,947116b8-3478-48df-97c2-9d19820fe5c0,2026-07-03T04:00:00Z,2026-07-03T06:00:00+0200,5697.58,MW,DE,DE_LU,forecast_offshore_wind_generation,Wind Offshore,2026-07-05T23:38:26Z
2026-07-05T23:37:01Z,2026-07-06T01:37:01+0200,947116b8-3478-48df-97c2-9d19820fe5c0,2026-07-03T04:15:00Z,2026-07-03T06:15:00+0200,5673.81,MW,DE,DE_LU,forecast_offshore_wind_generation,Wind Offshore,2026-07-05T23:38:26Z
2026-07-05T23:37:01Z,2026-07-06T01:37:01+0200,947116b8-3478-48df-97c2-9d19820fe5c0,2026-07-03T04:30:00Z,2026-07-03T06:30:00+0200,5638.64,MW,DE,DE_LU,forecast_offshore_wind_generation,Wind Offshore,2026-07-05T23:38:26Z
2026-07-05T23:37:01Z,2026-07-06T01:37:01+0200,947116b8-3478-48df-97c2-9d19820fe5c0,2026-07-03T04:45:00Z,2026-07-03T06:45:00+0200,5608.64,MW,DE,DE_LU,forecast_offshore_wind_generation,Wind Offshore,2026-07-05T23:38:26Z
2026-07-05T23:37:01Z,2026-07-06T01:37:01+0200,947116b8-3478-48df-97c2-9d19820fe5c0,2026-07-03T05:00:00Z,2026-07-03T07:00:00+0200,5570.84,MW,DE,DE_LU,forecast_offshore_wind_generation,Wind Offshore,2026-07-05T23:38:26Z
2026-07-05T23:37:01Z,2026-07-06T01:37:01+0200,947116b8-3478-48df-97c2-9d19820fe5c0,2026-07-03T05:15:00Z,2026-07-03T07:15:00+0200,5523.61,MW,DE,DE_LU,forecast_offshore_wind_generation,Wind Offshore,2026-07-05T23:38:26Z
2026-07-05T23:37:01Z,2026-07-06T01:37:01+0200,947116b8-3478-48df-97c2-9d19820fe5c0,2026-07-03T05:30:00Z,2026-07-03T07:30:00+0200,5465.87,MW,DE,DE_LU,forecast_offshore_wind_generation,Wind Offshore,2026-07-05T23:38:26Z
2026-07-05T23:37:01Z,2026-07-06T01:37:01+0200,947116b8-3478-48df-97c2-9d19820fe5c0,2026-07-03T05:45:00Z,2026-07-03T07:45:00+0200,5412.51,MW,DE,DE_LU,forecast_offshore_wind_generation,Wind Offshore,2026-07-05T23:38:26Z
2026-07-05T23:37:01Z,2026-07-06T01:37:01+0200,947116b8-3478-48df-97c2-9d19820fe5c0,2026-07-03T06:00:00Z,2026-07-03T08:00:00+0200,5007.93,MW,DE,DE_LU,forecast_offshore_wind_generation,Wind Offshore,2026-07-05T23:38:26Z
2026-07-05T23:37:01Z,2026-07-06T01:37:01+0200,947116b8-3478-48df-97c2-9d19820fe5c0,2026-07-03T06:15:00Z,2026-07-03T08:15:00+0200,4974.47,MW,DE,DE_LU,forecast_offshore_wind_generation,Wind Offshore,2026-07-05T23:38:26Z
2026-07-05T23:37:01Z,2026-07-06T01:37:01+0200,947116b8-3478-48df-97c2-9d19820fe5c0,2026-07-03T06:30:00Z,2026-07-03T08:30:00+0200,4941.97,MW,DE,DE_LU,forecast_offshore_wind_generation,Wind Offshore,2026-07-05T23:38:26Z
2026-07-05T23:37:01Z,2026-07-06T01:37:01+0200,947116b8-3478-48df-97c2-9d19820fe5c0,2026-07-03T06:45:00Z,2026-07-03T08:45:00+0200,4906.1,MW,DE,DE_LU,forecast_offshore_wind_generation,Wind Offshore,2026-07-05T23:38:26Z
2026-07-05T23:37:01Z,2026-07-06T01:37:01+0200,947116b8-3478-48df-97c2-9d19820fe5c0,2026-07-03T07:00:00Z,2026-07-03T09:00:00+0200,4867.65,MW,DE,DE_LU,forecast_offshore_wind_generation,Wind Offshore,2026-07-05T23:38:26Z
2026-07-05T23:37:01Z,2026-07-06T01:37:01+0200,947116b8-3478-48df-97c2-9d19820fe5c0,2026-07-03T07:15:00Z,2026-07-03T09:15:00+0200,4834.79,MW,DE,DE_LU,forecast_offshore_wind_generation,Wind Offshore,2026-07-05T23:38:26Z
2026-07-05T23:37:01Z,2026-07-06T01:37:01+0200,947116b8-3478-48df-97c2-9d19820fe5c0,2026-07-03T07:30:00Z,2026-07-03T09:30:00+0200,4801.41,MW,DE,DE_LU,forecast_offshore_wind_generation,Wind Offshore,2026-07-05T23:38:26Z
2026-07-05T23:37:01Z,2026-07-06T01:37:01+0200,947116b8-3478-48df-97c2-9d19820fe5c0,2026-07-03T07:45:00Z,2026-07-03T09:45:00+0200,4766.13,MW,DE,DE_LU,forecast_offshore_wind_generation,Wind Offshore,2026-07-05T23:38:26Z
2026-07-05T23:37:01Z,2026-07-06T01:37:01+0200,947116b8-3478-48df-97c2-9d19820fe5c0,2026-07-03T08:00:00Z,2026-07-03T10:00:00+0200,2543.71,MW,DE,DE_LU,forecast_offshore_wind_generation,Wind Offshore,2026-07-05T23:38:26Z
2026-07-05T23:37:01Z,2026-07-06T01:37:01+0200,947116b8-3478-48df-97c2-9d19820fe5c0,2026-07-03T08:15:00Z,2026-07-03T10:15:00+0200,2529.47,MW,DE,DE_LU,forecast_offshore_wind_generation,Wind Offshore,2026-07-05T23:38:26Z
2026-07-05T23:37:01Z,2026-07-06T01:37:01+0200,947116b8-3478-48df-97c2-9d19820fe5c0,2026-07-03T08:30:00Z,2026-07-03T10:30:00+0200,2516.43,MW,DE,DE_LU,forecast_offshore_wind_generation,Wind Offshore,2026-07-05T23:38:26Z
2026-07-05T23:37:01Z,2026-07-06T01:37:01+0200,947116b8-3478-48df-97c2-9d19820fe5c0,2026-07-03T08:45:00Z,2026-07-03T10:45:00+0200,2500.7,MW,DE,DE_LU,forecast_offshore_wind_generation,Wind Offshore,2026-07-05T23:38:26Z
2026-07-05T23:37:01Z,2026-07-06T01:37:01+0200,947116b8-3478-48df-97c2-9d19820fe5c0,2026-07-03T09:00:00Z,2026-07-03T11:00:00+0200,2489.19,MW,DE,DE_LU,forecast_offshore_wind_generation,Wind Offshore,2026-07-05T23:38:26Z
2026-07-05T23:37:01Z,2026-07-06T01:37:01+0200,947116b8-3478-48df-97c2-9d19820fe5c0,2026-07-03T09:15:00Z,2026-07-03T11:15:00+0200,2469.86,MW,DE,DE_LU,forecast_offshore_wind_generation,Wind Offshore,2026-07-05T23:38:26Z
2026-07-05T23:37:01Z,2026-07-06T01:37:01+0200,947116b8-3478-48df-97c2-9d19820fe5c0,2026-07-03T09:30:00Z,2026-07-03T11:30:00+0200,2458.11,MW,DE,DE_LU,forecast_offshore_wind_generation,Wind Offshore,2026-07-05T23:38:26Z
2026-07-05T23:37:01Z,2026-07-06T01:37:01+0200,947116b8-3478-48df-97c2-9d19820fe5c0,2026-07-03T09:45:00Z,2026-07-03T11:45:00+0200,2440.24,MW,DE,DE_LU,forecast_offshore_wind_generation,Wind Offshore,2026-07-05T23:38:26Z
2026-07-05T23:37:01Z,2026-07-06T01:37:01+0200,947116b8-3478-48df-97c2-9d19820fe5c0,2026-07-03T10:00:00Z,2026-07-03T12:00:00+0200,2427.63,MW,DE,DE_LU,forecast_offshore_wind_generation,Wind Offshore,2026-07-05T23:38:26Z
2026-07-05T23:37:01Z,2026-07-06T01:37:01+0200,947116b8-3478-48df-97c2-9d19820fe5c0,2026-07-03T10:15:00Z,2026-07-03T12:15:00+0200,2422.66,MW,DE,DE_LU,forecast_offshore_wind_generation,Wind Offshore,2026-07-05T23:38:26Z
2026-07-05T23:37:01Z,2026-07-06T01:37:01+0200,947116b8-3478-48df-97c2-9d19820fe5c0,2026-07-03T10:30:00Z,2026-07-03T12:30:00+0200,2419.06,MW,DE,DE_LU,forecast_offshore_wind_generation,Wind Offshore,2026-07-05T23:38:26Z
2026-07-05T23:37:01Z,2026-07-06T01:37:01+0200,947116b8-3478-48df-97c2-9d19820fe5c0,2026-07-03T10:45:00Z,2026-07-03T12:45:00+0200,2417.89,MW,DE,DE_LU,forecast_offshore_wind_generation,Wind Offshore,2026-07-05T23:38:26Z
2026-07-05T23:37:01Z,2026-07-06T01:37:01+0200,947116b8-3478-48df-97c2-9d19820fe5c0,2026-07-03T11:00:00Z,2026-07-03T13:00:00+0200,2414.88,MW,DE,DE_LU,forecast_offshore_wind_generation,Wind Offshore,2026-07-05T23:38:26Z
2026-07-05T23:37:01Z,2026-07-06T01:37:01+0200,947116b8-3478-48df-97c2-9d19820fe5c0,2026-07-03T11:15:00Z,2026-07-03T13:15:00+0200,2410.27,MW,DE,DE_LU,forecast_offshore_wind_generation,Wind Offshore,2026-07-05T23:38:26Z
2026-07-05T23:37:01Z,2026-07-06T01:37:01+0200,947116b8-3478-48df-97c2-9d19820fe5c0,2026-07-03T11:30:00Z,2026-07-03T13:30:00+0200,2405.07,MW,DE,DE_LU,forecast_offshore_wind_generation,Wind Offshore,2026-07-05T23:38:26Z
2026-07-05T23:37:01Z,2026-07-06T01:37:01+0200,947116b8-3478-48df-97c2-9d19820fe5c0,2026-07-03T11:45:00Z,2026-07-03T13:45:00+0200,2398.54,MW,DE,DE_LU,forecast_offshore_wind_generation,Wind Offshore,2026-07-05T23:38:26Z
2026-07-05T23:37:01Z,2026-07-06T01:37:01+0200,947116b8-3478-48df-97c2-9d19820fe5c0,2026-07-03T12:00:00Z,2026-07-03T14:00:00+0200,2397.94,MW,DE,DE_LU,forecast_offshore_wind_generation,Wind Offshore,2026-07-05T23:38:26Z
2026-07-05T23:37:01Z,2026-07-06T01:37:01+0200,947116b8-3478-48df-97c2-9d19820fe5c0,2026-07-03T12:15:00Z,2026-07-03T14:15:00+0200,2396.74,MW,DE,DE_LU,forecast_offshore_wind_generation,Wind Offshore,2026-07-05T23:38:26Z
2026-07-05T23:37:01Z,2026-07-06T01:37:01+0200,947116b8-3478-48df-97c2-9d19820fe5c0,2026-07-03T12:30:00Z,2026-07-03T14:30:00+0200,2399.09,MW,DE,DE_LU,forecast_offshore_wind_generation,Wind Offshore,2026-07-05T23:38:26Z
2026-07-05T23:37:01Z,2026-07-06T01:37:01+0200,947116b8-3478-48df-97c2-9d19820fe5c0,2026-07-03T12:45:00Z,2026-07-03T14:45:00+0200,2401.01,MW,DE,DE_LU,forecast_offshore_wind_generation,Wind Offshore,2026-07-05T23:38:26Z
2026-07-05T23:37:01Z,2026-07-06T01:37:01+0200,947116b8-3478-48df-97c2-9d19820fe5c0,2026-07-03T13:00:00Z,2026-07-03T15:00:00+0200,2408.18,MW,DE,DE_LU,forecast_offshore_wind_generation,Wind Offshore,2026-07-05T23:38:26Z
2026-07-05T23:37:01Z,2026-07-06T01:37:01+0200,947116b8-3478-48df-97c2-9d19820fe5c0,2026-07-03T13:15:00Z,2026-07-03T15:15:00+0200,2435.32,MW,DE,DE_LU,forecast_offshore_wind_generation,Wind Offshore,2026-07-05T23:38:26Z
2026-07-05T23:37:01Z,2026-07-06T01:37:01+0200,947116b8-3478-48df-97c2-9d19820fe5c0,2026-07-03T13:30:00Z,2026-07-03T15:30:00+0200,2460.2,MW,DE,DE_LU,forecast_offshore_wind_generation,Wind Offshore,2026-07-05T23:38:26Z
2026-07-05T23:37:01Z,2026-07-06T01:37:01+0200,947116b8-3478-48df-97c2-9d19820fe5c0,2026-07-03T13:45:00Z,2026-07-03T15:45:00+0200,2482.32,MW,DE,DE_LU,forecast_offshore_wind_generation,Wind Offshore,2026-07-05T23:38:26Z
2026-07-05T23:37:01Z,2026-07-06T01:37:01+0200,947116b8-3478-48df-97c2-9d19820fe5c0,2026-07-03T14:00:00Z,2026-07-03T16:00:00+0200,2503.16,MW,DE,DE_LU,forecast_offshore_wind_generation,Wind Offshore,2026-07-05T23:38:26Z
2026-07-05T23:37:01Z,2026-07-06T01:37:01+0200,947116b8-3478-48df-97c2-9d19820fe5c0,2026-07-03T14:15:00Z,2026-07-03T16:15:00+0200,2524.02,MW,DE,DE_LU,forecast_offshore_wind_generation,Wind Offshore,2026-07-05T23:38:26Z
2026-07-05T23:37:01Z,2026-07-06T01:37:01+0200,947116b8-3478-48df-97c2-9d19820fe5c0,2026-07-03T14:30:00Z,2026-07-03T16:30:00+0200,2545.03,MW,DE,DE_LU,forecast_offshore_wind_generation,Wind Offshore,2026-07-05T23:38:26Z
2026-07-05T23:37:01Z,2026-07-06T01:37:01+0200,947116b8-3478-48df-97c2-9d19820fe5c0,2026-07-03T14:45:00Z,2026-07-03T16:45:00+0200,2563.61,MW,DE,DE_LU,forecast_offshore_wind_generation,Wind Offshore,2026-07-05T23:38:26Z
2026-07-05T23:37:01Z,2026-07-06T01:37:01+0200,947116b8-3478-48df-97c2-9d19820fe5c0,2026-07-03T15:00:00Z,2026-07-03T17:00:00+0200,2603.85,MW,DE,DE_LU,forecast_offshore_wind_generation,Wind Offshore,2026-07-05T23:38:26Z
2026-07-05T23:37:01Z,2026-07-06T01:37:01+0200,947116b8-3478-48df-97c2-9d19820fe5c0,2026-07-03T15:15:00Z,2026-07-03T17:15:00+0200,2632.16,MW,DE,DE_LU,forecast_offshore_wind_generation,Wind Offshore,2026-07-05T23:38:26Z
2026-07-05T23:37:01Z,2026-07-06T01:37:01+0200,947116b8-3478-48df-97c2-9d19820fe5c0,2026-07-03T15:30:00Z,2026-07-03T17:30:00+0200,2652.44,MW,DE,DE_LU,forecast_offshore_wind_generation,Wind Offshore,2026-07-05T23:38:26Z
2026-07-05T23:37:01Z,2026-07-06T01:37:01+0200,947116b8-3478-48df-97c2-9d19820fe5c0,2026-07-03T15:45:00Z,2026-07-03T17:45:00+0200,2671.79,MW,DE,DE_LU,forecast_offshore_wind_generation,Wind Offshore,2026-07-05T23:38:26Z
2026-07-05T23:37:01Z,2026-07-06T01:37:01+0200,947116b8-3478-48df-97c2-9d19820fe5c0,2026-07-03T16:00:00Z,2026-07-03T18:00:00+0200,4800.78,MW,DE,DE_LU,forecast_offshore_wind_generation,Wind Offshore,2026-07-05T23:38:26Z
2026-07-05T23:37:01Z,2026-07-06T01:37:01+0200,947116b8-3478-48df-97c2-9d19820fe5c0,2026-07-03T16:15:00Z,2026-07-03T18:15:00+0200,4801.96,MW,DE,DE_LU,forecast_offshore_wind_generation,Wind Offshore,2026-07-05T23:38:26Z
2026-07-05T23:37:01Z,2026-07-06T01:37:01+0200,947116b8-3478-48df-97c2-9d19820fe5c0,2026-07-03T16:30:00Z,2026-07-03T18:30:00+0200,4843.0,MW,DE,DE_LU,forecast_offshore_wind_generation,Wind Offshore,2026-07-05T23:38:26Z
2026-07-05T23:37:01Z,2026-07-06T01:37:01+0200,947116b8-3478-48df-97c2-9d19820fe5c0,2026-07-03T16:45:00Z,2026-07-03T18:45:00+0200,4837.49,MW,DE,DE_LU,forecast_offshore_wind_generation,Wind Offshore,2026-07-05T23:38:26Z
2026-07-05T23:37:01Z,2026-07-06T01:37:01+0200,947116b8-3478-48df-97c2-9d19820fe5c0,2026-07-03T17:00:00Z,2026-07-03T19:00:00+0200,4823.14,MW,DE,DE_LU,forecast_offshore_wind_generation,Wind Offshore,2026-07-05T23:38:26Z
2026-07-05T23:37:01Z,2026-07-06T01:37:01+0200,947116b8-3478-48df-97c2-9d19820fe5c0,2026-07-03T17:15:00Z,2026-07-03T19:15:00+0200,4798.6,MW,DE,DE_LU,forecast_offshore_wind_generation,Wind Offshore,2026-07-05T23:38:26Z
2026-07-05T23:37:01Z,2026-07-06T01:37:01+0200,947116b8-3478-48df-97c2-9d19820fe5c0,2026-07-03T17:30:00Z,2026-07-03T19:30:00+0200,4775.02,MW,DE,DE_LU,forecast_offshore_wind_generation,Wind Offshore,2026-07-05T23:38:26Z
2026-07-05T23:37:01Z,2026-07-06T01:37:01+0200,947116b8-3478-48df-97c2-9d19820fe5c0,2026-07-03T17:45:00Z,2026-07-03T19:45:00+0200,4748.4,MW,DE,DE_LU,forecast_offshore_wind_generation,Wind Offshore,2026-07-05T23:38:26Z
2026-07-05T23:37:01Z,2026-07-06T01:37:01+0200,947116b8-3478-48df-97c2-9d19820fe5c0,2026-07-03T18:00:00Z,2026-07-03T20:00:00+0200,4708.55,MW,DE,DE_LU,forecast_offshore_wind_generation,Wind Offshore,2026-07-05T23:38:26Z
2026-07-05T23:37:01Z,2026-07-06T01:37:01+0200,947116b8-3478-48df-97c2-9d19820fe5c0,2026-07-03T18:15:00Z,2026-07-03T20:15:00+0200,4693.19,MW,DE,DE_LU,forecast_offshore_wind_generation,Wind Offshore,2026-07-05T23:38:26Z
2026-07-05T23:37:01Z,2026-07-06T01:37:01+0200,947116b8-3478-48df-97c2-9d19820fe5c0,2026-07-03T18:30:00Z,2026-07-03T20:30:00+0200,4598.84,MW,DE,DE_LU,forecast_offshore_wind_generation,Wind Offshore,2026-07-05T23:38:26Z
2026-07-05T23:37:01Z,2026-07-06T01:37:01+0200,947116b8-3478-48df-97c2-9d19820fe5c0,2026-07-03T18:45:00Z,2026-07-03T20:45:00+0200,4511.23,MW,DE,DE_LU,forecast_offshore_wind_generation,Wind Offshore,2026-07-05T23:38:26Z
2026-07-05T23:37:01Z,2026-07-06T01:37:01+0200,947116b8-3478-48df-97c2-9d19820fe5c0,2026-07-03T19:00:00Z,2026-07-03T21:00:00+0200,4428.81,MW,DE,DE_LU,forecast_offshore_wind_generation,Wind Offshore,2026-07-05T23:38:26Z
2026-07-05T23:37:01Z,2026-07-06T01:37:01+0200,947116b8-3478-48df-97c2-9d19820fe5c0,2026-07-03T19:15:00Z,2026-07-03T21:15:00+0200,4312.19,MW,DE,DE_LU,forecast_offshore_wind_generation,Wind Offshore,2026-07-05T23:38:26Z
2026-07-05T23:37:01Z,2026-07-06T01:37:01+0200,947116b8-3478-48df-97c2-9d19820fe5c0,2026-07-03T19:30:00Z,2026-07-03T21:30:00+0200,4198.45,MW,DE,DE_LU,forecast_offshore_wind_generation,Wind Offshore,2026-07-05T23:38:26Z
2026-07-05T23:37:01Z,2026-07-06T01:37:01+0200,947116b8-3478-48df-97c2-9d19820fe5c0,2026-07-03T19:45:00Z,2026-07-03T21:45:00+0200,4084.95,MW,DE,DE_LU,forecast_offshore_wind_generation,Wind Offshore,2026-07-05T23:38:26Z
2026-07-05T23:37:01Z,2026-07-06T01:37:01+0200,947116b8-3478-48df-97c2-9d19820fe5c0,2026-07-03T20:00:00Z,2026-07-03T22:00:00+0200,3984.71,MW,DE,DE_LU,forecast_offshore_wind_generation,Wind Offshore,2026-07-05T23:38:26Z
2026-07-05T23:37:01Z,2026-07-06T01:37:01+0200,947116b8-3478-48df-97c2-9d19820fe5c0,2026-07-03T20:15:00Z,2026-07-03T22:15:00+0200,3913.15,MW,DE,DE_LU,forecast_offshore_wind_generation,Wind Offshore,2026-07-05T23:38:26Z
2026-07-05T23:37:01Z,2026-07-06T01:37:01+0200,947116b8-3478-48df-97c2-9d19820fe5c0,2026-07-03T20:30:00Z,2026-07-03T22:30:00+0200,3844.61,MW,DE,DE_LU,forecast_offshore_wind_generation,Wind Offshore,2026-07-05T23:38:26Z
2026-07-05T23:37:01Z,2026-07-06T01:37:01+0200,947116b8-3478-48df-97c2-9d19820fe5c0,2026-07-03T20:45:00Z,2026-07-03T22:45:00+0200,3773.08,MW,DE,DE_LU,forecast_offshore_wind_generation,Wind Offshore,2026-07-05T23:38:26Z
2026-07-05T23:37:01Z,2026-07-06T01:37:01+0200,947116b8-3478-48df-97c2-9d19820fe5c0,2026-07-03T21:00:00Z,2026-07-03T23:00:00+0200,3716.04,MW,DE,DE_LU,forecast_offshore_wind_generation,Wind Offshore,2026-07-05T23:38:26Z
2026-07-05T23:37:01Z,2026-07-06T01:37:01+0200,947116b8-3478-48df-97c2-9d19820fe5c0,2026-07-03T21:15:00Z,2026-07-03T23:15:00+0200,3683.93,MW,DE,DE_LU,forecast_offshore_wind_generation,Wind Offshore,2026-07-05T23:38:26Z
2026-07-05T23:37:01Z,2026-07-06T01:37:01+0200,947116b8-3478-48df-97c2-9d19820fe5c0,2026-07-03T21:30:00Z,2026-07-03T23:30:00+0200,3654.87,MW,DE,DE_LU,forecast_offshore_wind_generation,Wind Offshore,2026-07-05T23:38:26Z
2026-07-05T23:37:01Z,2026-07-06T01:37:01+0200,947116b8-3478-48df-97c2-9d19820fe5c0,2026-07-03T21:45:00Z,2026-07-03T23:45:00+0200,3628.85,MW,DE,DE_LU,forecast_offshore_wind_generation,Wind Offshore,2026-07-05T23:38:26Z
2026-07-05T23:37:01Z,2026-07-06T01:37:01+0200,947116b8-3478-48df-97c2-9d19820fe5c0,2026-07-03T22:00:00Z,2026-07-04T00:00:00+0200,3660.6,MW,DE,DE_LU,forecast_offshore_wind_generation,Wind Offshore,2026-07-05T23:38:26Z
2026-07-05T23:37:01Z,2026-07-06T01:37:01+0200,947116b8-3478-48df-97c2-9d19820fe5c0,2026-07-03T22:15:00Z,2026-07-04T00:15:00+0200,3638.24,MW,DE,DE_LU,forecast_offshore_wind_generation,Wind Offshore,2026-07-05T23:38:26Z
2026-07-05T23:37:01Z,2026-07-06T01:37:01+0200,947116b8-3478-48df-97c2-9d19820fe5c0,2026-07-03T22:30:00Z,2026-07-04T00:30:00+0200,3616.91,MW,DE,DE_LU,forecast_offshore_wind_generation,Wind Offshore,2026-07-05T23:38:26Z
2026-07-05T23:37:01Z,2026-07-06T01:37:01+0200,947116b8-3478-48df-97c2-9d19820fe5c0,2026-07-03T22:45:00Z,2026-07-04T00:45:00+0200,3591.6,MW,DE,DE_LU,forecast_offshore_wind_generation,Wind Offshore,2026-07-05T23:38:26Z
2026-07-05T23:37:01Z,2026-07-06T01:37:01+0200,947116b8-3478-48df-97c2-9d19820fe5c0,2026-07-03T23:00:00Z,2026-07-04T01:00:00+0200,3558.95,MW,DE,DE_LU,forecast_offshore_wind_generation,Wind Offshore,2026-07-05T23:38:26Z
2026-07-05T23:37:01Z,2026-07-06T01:37:01+0200,947116b8-3478-48df-97c2-9d19820fe5c0,2026-07-03T23:15:00Z,2026-07-04T01:15:00+0200,3558.92,MW,DE,DE_LU,forecast_offshore_wind_generation,Wind Offshore,2026-07-05T23:38:26Z
2026-07-05T23:37:01Z,2026-07-06T01:37:01+0200,947116b8-3478-48df-97c2-9d19820fe5c0,2026-07-03T23:30:00Z,2026-07-04T01:30:00+0200,3549.75,MW,DE,DE_LU,forecast_offshore_wind_generation,Wind Offshore,2026-07-05T23:38:26Z
2026-07-05T23:37:01Z,2026-07-06T01:37:01+0200,947116b8-3478-48df-97c2-9d19820fe5c0,2026-07-03T23:45:00Z,2026-07-04T01:45:00+0200,3546.69,MW,DE,DE_LU,forecast_offshore_wind_generation,Wind Offshore,2026-07-05T23:38:26Z
2026-07-05T23:37:01Z,2026-07-06T01:37:01+0200,947116b8-3478-48df-97c2-9d19820fe5c0,2026-07-04T00:00:00Z,2026-07-04T02:00:00+0200,3555.55,MW,DE,DE_LU,forecast_offshore_wind_generation,Wind Offshore,2026-07-05T23:38:26Z
2026-07-05T23:37:01Z,2026-07-06T01:37:01+0200,947116b8-3478-48df-97c2-9d19820fe5c0,2026-07-04T00:15:00Z,2026-07-04T02:15:00+0200,3572.33,MW,DE,DE_LU,forecast_offshore_wind_generation,Wind Offshore,2026-07-05T23:38:26Z
2026-07-05T23:37:01Z,2026-07-06T01:37:01+0200,947116b8-3478-48df-97c2-9d19820fe5c0,2026-07-04T00:30:00Z,2026-07-04T02:30:00+0200,3595.98,MW,DE,DE_LU,forecast_offshore_wind_generation,Wind Offshore,2026-07-05T23:38:26Z
2026-07-05T23:37:01Z,2026-07-06T01:37:01+0200,947116b8-3478-48df-97c2-9d19820fe5c0,2026-07-04T00:45:00Z,2026-07-04T02:45:00+0200,3621.66,MW,DE,DE_LU,forecast_offshore_wind_generation,Wind Offshore,2026-07-05T23:38:26Z
2026-07-05T23:37:01Z,2026-07-06T01:37:01+0200,947116b8-3478-48df-97c2-9d19820fe5c0,2026-07-04T01:00:00Z,2026-07-04T03:00:00+0200,3655.18,MW,DE,DE_LU,forecast_offshore_wind_generation,Wind Offshore,2026-07-05T23:38:26Z
2026-07-05T23:37:01Z,2026-07-06T01:37:01+0200,947116b8-3478-48df-97c2-9d19820fe5c0,2026-07-04T01:15:00Z,2026-07-04T03:15:00+0200,3701.58,MW,DE,DE_LU,forecast_offshore_wind_generation,Wind Offshore,2026-07-05T23:38:26Z
2026-07-05T23:37:01Z,2026-07-06T01:37:01+0200,947116b8-3478-48df-97c2-9d19820fe5c0,2026-07-04T01:30:00Z,2026-07-04T03:30:00+0200,3740.96,MW,DE,DE_LU,forecast_offshore_wind_generation,Wind Offshore,2026-07-05T23:38:26Z
2026-07-05T23:37:01Z,2026-07-06T01:37:01+0200,947116b8-3478-48df-97c2-9d19820fe5c0,2026-07-04T01:45:00Z,2026-07-04T03:45:00+0200,3764.33,MW,DE,DE_LU,forecast_offshore_wind_generation,Wind Offshore,2026-07-05T23:38:26Z
2026-07-05T23:37:01Z,2026-07-06T01:37:01+0200,947116b8-3478-48df-97c2-9d19820fe5c0,2026-07-04T02:00:00Z,2026-07-04T04:00:00+0200,3771.45,MW,DE,DE_LU,forecast_offshore_wind_generation,Wind Offshore,2026-07-05T23:38:26Z
2026-07-05T23:37:01Z,2026-07-06T01:37:01+0200,947116b8-3478-48df-97c2-9d19820fe5c0,2026-07-04T02:15:00Z,2026-07-04T04:15:00+0200,3783.19,MW,DE,DE_LU,forecast_offshore_wind_generation,Wind Offshore,2026-07-05T23:38:26Z
2026-07-05T23:37:01Z,2026-07-06T01:37:01+0200,947116b8-3478-48df-97c2-9d19820fe5c0,2026-07-04T02:30:00Z,2026-07-04T04:30:00+0200,3788.19,MW,DE,DE_LU,forecast_offshore_wind_generation,Wind Offshore,2026-07-05T23:38:26Z
2026-07-05T23:37:01Z,2026-07-06T01:37:01+0200,947116b8-3478-48df-97c2-9d19820fe5c0,2026-07-04T02:45:00Z,2026-07-04T04:45:00+0200,3792.11,MW,DE,DE_LU,forecast_offshore_wind_generation,Wind Offshore,2026-07-05T23:38:26Z
2026-07-05T23:37:01Z,2026-07-06T01:37:01+0200,947116b8-3478-48df-97c2-9d19820fe5c0,2026-07-04T03:00:00Z,2026-07-04T05:00:00+0200,3784.41,MW,DE,DE_LU,forecast_offshore_wind_generation,Wind Offshore,2026-07-05T23:38:26Z
2026-07-05T23:37:01Z,2026-07-06T01:37:01+0200,947116b8-3478-48df-97c2-9d19820fe5c0,2026-07-04T03:15:00Z,2026-07-04T05:15:00+0200,3802.2,MW,DE,DE_LU,forecast_offshore_wind_generation,Wind Offshore,2026-07-05T23:38:26Z
2026-07-05T23:37:01Z,2026-07-06T01:37:01+0200,947116b8-3478-48df-97c2-9d19820fe5c0,2026-07-04T03:30:00Z,2026-07-04T05:30:00+0200,3816.74,MW,DE,DE_LU,forecast_offshore_wind_generation,Wind Offshore,2026-07-05T23:38:26Z
2026-07-05T23:37:01Z,2026-07-06T01:37:01+0200,947116b8-3478-48df-97c2-9d19820fe5c0,2026-07-04T03:45:00Z,2026-07-04T05:45:00+0200,3826.68,MW,DE,DE_LU,forecast_offshore_wind_generation,Wind Offshore,2026-07-05T23:38:26Z
2026-07-05T23:37:01Z,2026-07-06T01:37:01+0200,947116b8-3478-48df-97c2-9d19820fe5c0,2026-07-04T04:00:00Z,2026-07-04T06:00:00+0200,3821.22,MW,DE,DE_LU,forecast_offshore_wind_generation,Wind Offshore,2026-07-05T23:38:26Z
2026-07-05T23:37:01Z,2026-07-06T01:37:01+0200,947116b8-3478-48df-97c2-9d19820fe5c0,2026-07-04T04:15:00Z,2026-07-04T06:15:00+0200,3778.91,MW,DE,DE_LU,forecast_offshore_wind_generation,Wind Offshore,2026-07-05T23:38:26Z
2026-07-05T23:37:01Z,2026-07-06T01:37:01+0200,947116b8-3478-48df-97c2-9d19820fe5c0,2026-07-04T04:30:00Z,2026-07-04T06:30:00+0200,3732.7,MW,DE,DE_LU,forecast_offshore_wind_generation,Wind Offshore,2026-07-05T23:38:26Z
2026-07-05T23:37:01Z,2026-07-06T01:37:01+0200,947116b8-3478-48df-97c2-9d19820fe5c0,2026-07-04T04:45:00Z,2026-07-04T06:45:00+0200,3681.55,MW,DE,DE_LU,forecast_offshore_wind_generation,Wind Offshore,2026-07-05T23:38:26Z
2026-07-05T23:37:01Z,2026-07-06T01:37:01+0200,947116b8-3478-48df-97c2-9d19820fe5c0,2026-07-04T05:00:00Z,2026-07-04T07:00:00+0200,3615.41,MW,DE,DE_LU,forecast_offshore_wind_generation,Wind Offshore,2026-07-05T23:38:26Z
2026-07-05T23:37:01Z,2026-07-06T01:37:01+0200,947116b8-3478-48df-97c2-9d19820fe5c0,2026-07-04T05:15:00Z,2026-07-04T07:15:00+0200,3496.59,MW,DE,DE_LU,forecast_offshore_wind_generation,Wind Offshore,2026-07-05T23:38:26Z
2026-07-05T23:37:01Z,2026-07-06T01:37:01+0200,947116b8-3478-48df-97c2-9d19820fe5c0,2026-07-04T05:30:00Z,2026-07-04T07:30:00+0200,3374.17,MW,DE,DE_LU,forecast_offshore_wind_generation,Wind Offshore,2026-07-05T23:38:26Z
2026-07-05T23:37:01Z,2026-07-06T01:37:01+0200,947116b8-3478-48df-97c2-9d19820fe5c0,2026-07-04T05:45:00Z,2026-07-04T07:45:00+0200,3212.31,MW,DE,DE_LU,forecast_offshore_wind_generation,Wind Offshore,2026-07-05T23:38:26Z
2026-07-05T23:37:01Z,2026-07-06T01:37:01+0200,947116b8-3478-48df-97c2-9d19820fe5c0,2026-07-04T06:00:00Z,2026-07-04T08:00:00+0200,3077.01,MW,DE,DE_LU,forecast_offshore_wind_generation,Wind Offshore,2026-07-05T23:38:26Z
2026-07-05T23:37:01Z,2026-07-06T01:37:01+0200,947116b8-3478-48df-97c2-9d19820fe5c0,2026-07-04T06:15:00Z,2026-07-04T08:15:00+0200,2993.33,MW,DE,DE_LU,forecast_offshore_wind_generation,Wind Offshore,2026-07-05T23:38:26Z
2026-07-05T23:37:01Z,2026-07-06T01:37:01+0200,947116b8-3478-48df-97c2-9d19820fe5c0,2026-07-04T06:30:00Z,2026-07-04T08:30:00+0200,2900.29,MW,DE,DE_LU,forecast_offshore_wind_generation,Wind Offshore,2026-07-05T23:38:26Z
2026-07-05T23:37:01Z,2026-07-06T01:37:01+0200,947116b8-3478-48df-97c2-9d19820fe5c0,2026-07-04T06:45:00Z,2026-07-04T08:45:00+0200,2800.13,MW,DE,DE_LU,forecast_offshore_wind_generation,Wind Offshore,2026-07-05T23:38:26Z
2026-07-05T23:37:01Z,2026-07-06T01:37:01+0200,947116b8-3478-48df-97c2-9d19820fe5c0,2026-07-04T07:00:00Z,2026-07-04T09:00:00+0200,2683.51,MW,DE,DE_LU,forecast_offshore_wind_generation,Wind Offshore,2026-07-05T23:38:26Z
2026-07-05T23:37:01Z,2026-07-06T01:37:01+0200,947116b8-3478-48df-97c2-9d19820fe5c0,2026-07-04T07:15:00Z,2026-07-04T09:15:00+0200,2630.6,MW,DE,DE_LU,forecast_offshore_wind_generation,Wind Offshore,2026-07-05T23:38:26Z
2026-07-05T23:37:01Z,2026-07-06T01:37:01+0200,947116b8-3478-48df-97c2-9d19820fe5c0,2026-07-04T07:30:00Z,2026-07-04T09:30:00+0200,2577.03,MW,DE,DE_LU,forecast_offshore_wind_generation,Wind Offshore,2026-07-05T23:38:26Z
2026-07-05T23:37:01Z,2026-07-06T01:37:01+0200,947116b8-3478-48df-97c2-9d19820fe5c0,2026-07-04T07:45:00Z,2026-07-04T09:45:00+0200,2524.32,MW,DE,DE_LU,forecast_offshore_wind_generation,Wind Offshore,2026-07-05T23:38:26Z
2026-07-05T23:37:01Z,2026-07-06T01:37:01+0200,947116b8-3478-48df-97c2-9d19820fe5c0,2026-07-04T08:00:00Z,2026-07-04T10:00:00+0200,1687.13,MW,DE,DE_LU,forecast_offshore_wind_generation,Wind Offshore,2026-07-05T23:38:26Z
2026-07-05T23:37:01Z,2026-07-06T01:37:01+0200,947116b8-3478-48df-97c2-9d19820fe5c0,2026-07-04T08:15:00Z,2026-07-04T10:15:00+0200,1660.06,MW,DE,DE_LU,forecast_offshore_wind_generation,Wind Offshore,2026-07-05T23:38:26Z
2026-07-05T23:37:01Z,2026-07-06T01:37:01+0200,947116b8-3478-48df-97c2-9d19820fe5c0,2026-07-04T08:30:00Z,2026-07-04T10:30:00+0200,1630.48,MW,DE,DE_LU,forecast_offshore_wind_generation,Wind Offshore,2026-07-05T23:38:26Z
2026-07-05T23:37:01Z,2026-07-06T01:37:01+0200,947116b8-3478-48df-97c2-9d19820fe5c0,2026-07-04T08:45:00Z,2026-07-04T10:45:00+0200,1598.21,MW,DE,DE_LU,forecast_offshore_wind_generation,Wind Offshore,2026-07-05T23:38:26Z
2026-07-05T23:37:01Z,2026-07-06T01:37:01+0200,947116b8-3478-48df-97c2-9d19820fe5c0,2026-07-04T09:00:00Z,2026-07-04T11:00:00+0200,1575.03,MW,DE,DE_LU,forecast_offshore_wind_generation,Wind Offshore,2026-07-05T23:38:26Z
2026-07-05T23:37:01Z,2026-07-06T01:37:01+0200,947116b8-3478-48df-97c2-9d19820fe5c0,2026-07-04T09:15:00Z,2026-07-04T11:15:00+0200,1583.69,MW,DE,DE_LU,forecast_offshore_wind_generation,Wind Offshore,2026-07-05T23:38:26Z
2026-07-05T23:37:01Z,2026-07-06T01:37:01+0200,947116b8-3478-48df-97c2-9d19820fe5c0,2026-07-04T09:30:00Z,2026-07-04T11:30:00+0200,1591.0,MW,DE,DE_LU,forecast_offshore_wind_generation,Wind Offshore,2026-07-05T23:38:26Z
2026-07-05T23:37:01Z,2026-07-06T01:37:01+0200,947116b8-3478-48df-97c2-9d19820fe5c0,2026-07-04T09:45:00Z,2026-07-04T11:45:00+0200,1589.83,MW,DE,DE_LU,forecast_offshore_wind_generation,Wind Offshore,2026-07-05T23:38:26Z
2026-07-05T23:37:01Z,2026-07-06T01:37:01+0200,947116b8-3478-48df-97c2-9d19820fe5c0,2026-07-04T10:00:00Z,2026-07-04T12:00:00+0200,1590.46,MW,DE,DE_LU,forecast_offshore_wind_generation,Wind Offshore,2026-07-05T23:38:26Z
2026-07-05T23:37:01Z,2026-07-06T01:37:01+0200,947116b8-3478-48df-97c2-9d19820fe5c0,2026-07-04T10:15:00Z,2026-07-04T12:15:00+0200,1634.84,MW,DE,DE_LU,forecast_offshore_wind_generation,Wind Offshore,2026-07-05T23:38:26Z
2026-07-05T23:37:01Z,2026-07-06T01:37:01+0200,947116b8-3478-48df-97c2-9d19820fe5c0,2026-07-04T10:30:00Z,2026-07-04T12:30:00+0200,1682.0,MW,DE,DE_LU,forecast_offshore_wind_generation,Wind Offshore,2026-07-05T23:38:26Z
2026-07-05T23:37:01Z,2026-07-06T01:37:01+0200,947116b8-3478-48df-97c2-9d19820fe5c0,2026-07-04T10:45:00Z,2026-07-04T12:45:00+0200,1768.02,MW,DE,DE_LU,forecast_offshore_wind_generation,Wind Offshore,2026-07-05T23:38:26Z
2026-07-05T23:37:01Z,2026-07-06T01:37:01+0200,947116b8-3478-48df-97c2-9d19820fe5c0,2026-07-04T11:00:00Z,2026-07-04T13:00:00+0200,1819.27,MW,DE,DE_LU,forecast_offshore_wind_generation,Wind Offshore,2026-07-05T23:38:26Z
2026-07-05T23:37:01Z,2026-07-06T01:37:01+0200,947116b8-3478-48df-97c2-9d19820fe5c0,2026-07-04T11:15:00Z,2026-07-04T13:15:00+0200,1890.8,MW,DE,DE_LU,forecast_offshore_wind_generation,Wind Offshore,2026-07-05T23:38:26Z
2026-07-05T23:37:01Z,2026-07-06T01:37:01+0200,947116b8-3478-48df-97c2-9d19820fe5c0,2026-07-04T11:30:00Z,2026-07-04T13:30:00+0200,1960.54,MW,DE,DE_LU,forecast_offshore_wind_generation,Wind Offshore,2026-07-05T23:38:26Z
2026-07-05T23:37:01Z,2026-07-06T01:37:01+0200,947116b8-3478-48df-97c2-9d19820fe5c0,2026-07-04T11:45:00Z,2026-07-04T13:45:00+0200,2031.37,MW,DE,DE_LU,forecast_offshore_wind_generation,Wind Offshore,2026-07-05T23:38:26Z
2026-07-05T23:37:01Z,2026-07-06T01:37:01+0200,947116b8-3478-48df-97c2-9d19820fe5c0,2026-07-04T12:00:00Z,2026-07-04T14:00:00+0200,2098.63,MW,DE,DE_LU,forecast_offshore_wind_generation,Wind Offshore,2026-07-05T23:38:26Z
2026-07-05T23:37:01Z,2026-07-06T01:37:01+0200,947116b8-3478-48df-97c2-9d19820fe5c0,2026-07-04T12:15:00Z,2026-07-04T14:15:00+0200,2162.18,MW,DE,DE_LU,forecast_offshore_wind_generation,Wind Offshore,2026-07-05T23:38:26Z
2026-07-05T23:37:01Z,2026-07-06T01:37:01+0200,947116b8-3478-48df-97c2-9d19820fe5c0,2026-07-04T12:30:00Z,2026-07-04T14:30:00+0200,2226.91,MW,DE,DE_LU,forecast_offshore_wind_generation,Wind Offshore,2026-07-05T23:38:26Z
2026-07-05T23:37:01Z,2026-07-06T01:37:01+0200,947116b8-3478-48df-97c2-9d19820fe5c0,2026-07-04T12:45:00Z,2026-07-04T14:45:00+0200,2295.28,MW,DE,DE_LU,forecast_offshore_wind_generation,Wind Offshore,2026-07-05T23:38:26Z
2026-07-05T23:37:01Z,2026-07-06T01:37:01+0200,947116b8-3478-48df-97c2-9d19820fe5c0,2026-07-04T13:00:00Z,2026-07-04T15:00:00+0200,2359.52,MW,DE,DE_LU,forecast_offshore_wind_generation,Wind Offshore,2026-07-05T23:38:26Z
2026-07-05T23:37:01Z,2026-07-06T01:37:01+0200,947116b8-3478-48df-97c2-9d19820fe5c0,2026-07-04T13:15:00Z,2026-07-04T15:15:00+0200,2431.62,MW,DE,DE_LU,forecast_offshore_wind_generation,Wind Offshore,2026-07-05T23:38:26Z
2026-07-05T23:37:01Z,2026-07-06T01:37:01+0200,947116b8-3478-48df-97c2-9d19820fe5c0,2026-07-04T13:30:00Z,2026-07-04T15:30:00+0200,2509.03,MW,DE,DE_LU,forecast_offshore_wind_generation,Wind Offshore,2026-07-05T23:38:26Z
2026-07-05T23:37:01Z,2026-07-06T01:37:01+0200,947116b8-3478-48df-97c2-9d19820fe5c0,2026-07-04T13:45:00Z,2026-07-04T15:45:00+0200,2580.48,MW,DE,DE_LU,forecast_offshore_wind_generation,Wind Offshore,2026-07-05T23:38:26Z
2026-07-05T23:37:01Z,2026-07-06T01:37:01+0200,947116b8-3478-48df-97c2-9d19820fe5c0,2026-07-04T14:00:00Z,2026-07-04T16:00:00+0200,2648.96,MW,DE,DE_LU,forecast_offshore_wind_generation,Wind Offshore,2026-07-05T23:38:26Z
2026-07-05T23:37:01Z,2026-07-06T01:37:01+0200,947116b8-3478-48df-97c2-9d19820fe5c0,2026-07-04T14:15:00Z,2026-07-04T16:15:00+0200,2720.4,MW,DE,DE_LU,forecast_offshore_wind_generation,Wind Offshore,2026-07-05T23:38:26Z
2026-07-05T23:37:01Z,2026-07-06T01:37:01+0200,947116b8-3478-48df-97c2-9d19820fe5c0,2026-07-04T14:30:00Z,2026-07-04T16:30:00+0200,2782.14,MW,DE,DE_LU,forecast_offshore_wind_generation,Wind Offshore,2026-07-05T23:38:26Z
2026-07-05T23:37:01Z,2026-07-06T01:37:01+0200,947116b8-3478-48df-97c2-9d19820fe5c0,2026-07-04T14:45:00Z,2026-07-04T16:45:00+0200,2836.57,MW,DE,DE_LU,forecast_offshore_wind_generation,Wind Offshore,2026-07-05T23:38:26Z
2026-07-05T23:37:01Z,2026-07-06T01:37:01+0200,947116b8-3478-48df-97c2-9d19820fe5c0,2026-07-04T15:00:00Z,2026-07-04T17:00:00+0200,5207.97,MW,DE,DE_LU,forecast_offshore_wind_generation,Wind Offshore,2026-07-05T23:38:26Z
2026-07-05T23:37:01Z,2026-07-06T01:37:01+0200,947116b8-3478-48df-97c2-9d19820fe5c0,2026-07-04T15:15:00Z,2026-07-04T17:15:00+0200,5280.12,MW,DE,DE_LU,forecast_offshore_wind_generation,Wind Offshore,2026-07-05T23:38:26Z
2026-07-05T23:37:01Z,2026-07-06T01:37:01+0200,947116b8-3478-48df-97c2-9d19820fe5c0,2026-07-04T15:30:00Z,2026-07-04T17:30:00+0200,5352.01,MW,DE,DE_LU,forecast_offshore_wind_generation,Wind Offshore,2026-07-05T23:38:26Z
2026-07-05T23:37:01Z,2026-07-06T01:37:01+0200,947116b8-3478-48df-97c2-9d19820fe5c0,2026-07-04T15:45:00Z,2026-07-04T17:45:00+0200,5341.37,MW,DE,DE_LU,forecast_offshore_wind_generation,Wind Offshore,2026-07-05T23:38:26Z
2026-07-05T23:37:01Z,2026-07-06T01:37:01+0200,947116b8-3478-48df-97c2-9d19820fe5c0,2026-07-04T16:00:00Z,2026-07-04T18:00:00+0200,5389.86,MW,DE,DE_LU,forecast_offshore_wind_generation,Wind Offshore,2026-07-05T23:38:26Z
2026-07-05T23:37:01Z,2026-07-06T01:37:01+0200,947116b8-3478-48df-97c2-9d19820fe5c0,2026-07-04T16:15:00Z,2026-07-04T18:15:00+0200,5368.35,MW,DE,DE_LU,forecast_offshore_wind_generation,Wind Offshore,2026-07-05T23:38:26Z
2026-07-05T23:37:01Z,2026-07-06T01:37:01+0200,947116b8-3478-48df-97c2-9d19820fe5c0,2026-07-04T16:30:00Z,2026-07-04T18:30:00+0200,5349.71,MW,DE,DE_LU,forecast_offshore_wind_generation,Wind Offshore,2026-07-05T23:38:26Z
2026-07-05T23:37:01Z,2026-07-06T01:37:01+0200,947116b8-3478-48df-97c2-9d19820fe5c0,2026-07-04T16:45:00Z,2026-07-04T18:45:00+0200,5335.98,MW,DE,DE_LU,forecast_offshore_wind_generation,Wind Offshore,2026-07-05T23:38:26Z
2026-07-05T23:37:01Z,2026-07-06T01:37:01+0200,947116b8-3478-48df-97c2-9d19820fe5c0,2026-07-04T17:00:00Z,2026-07-04T19:00:00+0200,5323.78,MW,DE,DE_LU,forecast_offshore_wind_generation,Wind Offshore,2026-07-05T23:38:26Z
2026-07-05T23:37:01Z,2026-07-06T01:37:01+0200,947116b8-3478-48df-97c2-9d19820fe5c0,2026-07-04T17:15:00Z,2026-07-04T19:15:00+0200,5317.13,MW,DE,DE_LU,forecast_offshore_wind_generation,Wind Offshore,2026-07-05T23:38:26Z
2026-07-05T23:37:01Z,2026-07-06T01:37:01+0200,947116b8-3478-48df-97c2-9d19820fe5c0,2026-07-04T17:30:00Z,2026-07-04T19:30:00+0200,5316.92,MW,DE,DE_LU,forecast_offshore_wind_generation,Wind Offshore,2026-07-05T23:38:26Z
2026-07-05T23:37:01Z,2026-07-06T01:37:01+0200,947116b8-3478-48df-97c2-9d19820fe5c0,2026-07-04T17:45:00Z,2026-07-04T19:45:00+0200,5313.3,MW,DE,DE_LU,forecast_offshore_wind_generation,Wind Offshore,2026-07-05T23:38:26Z
2026-07-05T23:37:01Z,2026-07-06T01:37:01+0200,947116b8-3478-48df-97c2-9d19820fe5c0,2026-07-04T18:00:00Z,2026-07-04T20:00:00+0200,5306.67,MW,DE,DE_LU,forecast_offshore_wind_generation,Wind Offshore,2026-07-05T23:38:26Z
2026-07-05T23:37:01Z,2026-07-06T01:37:01+0200,947116b8-3478-48df-97c2-9d19820fe5c0,2026-07-04T18:15:00Z,2026-07-04T20:15:00+0200,5310.02,MW,DE,DE_LU,forecast_offshore_wind_generation,Wind Offshore,2026-07-05T23:38:26Z
2026-07-05T23:37:01Z,2026-07-06T01:37:01+0200,947116b8-3478-48df-97c2-9d19820fe5c0,2026-07-04T18:30:00Z,2026-07-04T20:30:00+0200,5306.8,MW,DE,DE_LU,forecast_offshore_wind_generation,Wind Offshore,2026-07-05T23:38:26Z
2026-07-05T23:37:01Z,2026-07-06T01:37:01+0200,947116b8-3478-48df-97c2-9d19820fe5c0,2026-07-04T18:45:00Z,2026-07-04T20:45:00+0200,5313.3,MW,DE,DE_LU,forecast_offshore_wind_generation,Wind Offshore,2026-07-05T23:38:26Z
2026-07-05T23:37:01Z,2026-07-06T01:37:01+0200,947116b8-3478-48df-97c2-9d19820fe5c0,2026-07-04T19:00:00Z,2026-07-04T21:00:00+0200,5319.17,MW,DE,DE_LU,forecast_offshore_wind_generation,Wind Offshore,2026-07-05T23:38:26Z
2026-07-05T23:37:01Z,2026-07-06T01:37:01+0200,947116b8-3478-48df-97c2-9d19820fe5c0,2026-07-04T19:15:00Z,2026-07-04T21:15:00+0200,5368.81,MW,DE,DE_LU,forecast_offshore_wind_generation,Wind Offshore,2026-07-05T23:38:26Z
2026-07-05T23:37:01Z,2026-07-06T01:37:01+0200,947116b8-3478-48df-97c2-9d19820fe5c0,2026-07-04T19:30:00Z,2026-07-04T21:30:00+0200,5422.58,MW,DE,DE_LU,forecast_offshore_wind_generation,Wind Offshore,2026-07-05T23:38:26Z
2026-07-05T23:37:01Z,2026-07-06T01:37:01+0200,947116b8-3478-48df-97c2-9d19820fe5c0,2026-07-04T19:45:00Z,2026-07-04T21:45:00+0200,5594.92,MW,DE,DE_LU,forecast_offshore_wind_generation,Wind Offshore,2026-07-05T23:38:26Z
2026-07-05T23:37:01Z,2026-07-06T01:37:01+0200,947116b8-3478-48df-97c2-9d19820fe5c0,2026-07-04T20:00:00Z,2026-07-04T22:00:00+0200,5613.81,MW,DE,DE_LU,forecast_offshore_wind_generation,Wind Offshore,2026-07-05T23:38:26Z
2026-07-05T23:37:01Z,2026-07-06T01:37:01+0200,947116b8-3478-48df-97c2-9d19820fe5c0,2026-07-04T20:15:00Z,2026-07-04T22:15:00+0200,5693.73,MW,DE,DE_LU,forecast_offshore_wind_generation,Wind Offshore,2026-07-05T23:38:26Z
2026-07-05T23:37:01Z,2026-07-06T01:37:01+0200,947116b8-3478-48df-97c2-9d19820fe5c0,2026-07-04T20:30:00Z,2026-07-04T22:30:00+0200,5781.91,MW,DE,DE_LU,forecast_offshore_wind_generation,Wind Offshore,2026-07-05T23:38:26Z
2026-07-05T23:37:01Z,2026-07-06T01:37:01+0200,947116b8-3478-48df-97c2-9d19820fe5c0,2026-07-04T20:45:00Z,2026-07-04T22:45:00+0200,5856.53,MW,DE,DE_LU,forecast_offshore_wind_generation,Wind Offshore,2026-07-05T23:38:26Z
2026-07-05T23:37:01Z,2026-07-06T01:37:01+0200,947116b8-3478-48df-97c2-9d19820fe5c0,2026-07-04T21:00:00Z,2026-07-04T23:00:00+0200,5921.93,MW,DE,DE_LU,forecast_offshore_wind_generation,Wind Offshore,2026-07-05T23:38:26Z
2026-07-05T23:37:01Z,2026-07-06T01:37:01+0200,947116b8-3478-48df-97c2-9d19820fe5c0,2026-07-04T21:15:00Z,2026-07-04T23:15:00+0200,5941.81,MW,DE,DE_LU,forecast_offshore_wind_generation,Wind Offshore,2026-07-05T23:38:26Z
2026-07-05T23:37:01Z,2026-07-06T01:37:01+0200,947116b8-3478-48df-97c2-9d19820fe5c0,2026-07-04T21:30:00Z,2026-07-04T23:30:00+0200,5956.51,MW,DE,DE_LU,forecast_offshore_wind_generation,Wind Offshore,2026-07-05T23:38:26Z
2026-07-05T23:37:01Z,2026-07-06T01:37:01+0200,947116b8-3478-48df-97c2-9d19820fe5c0,2026-07-04T21:45:00Z,2026-07-04T23:45:00+0200,5976.14,MW,DE,DE_LU,forecast_offshore_wind_generation,Wind Offshore,2026-07-05T23:38:26Z
2026-07-05T23:37:01Z,2026-07-06T01:37:01+0200,947116b8-3478-48df-97c2-9d19820fe5c0,2026-07-04T22:00:00Z,2026-07-05T00:00:00+0200,5389.71,MW,DE,DE_LU,forecast_offshore_wind_generation,Wind Offshore,2026-07-05T23:38:26Z
2026-07-05T23:37:01Z,2026-07-06T01:37:01+0200,947116b8-3478-48df-97c2-9d19820fe5c0,2026-07-04T22:15:00Z,2026-07-05T00:15:00+0200,5396.83,MW,DE,DE_LU,forecast_offshore_wind_generation,Wind Offshore,2026-07-05T23:38:26Z
2026-07-05T23:37:01Z,2026-07-06T01:37:01+0200,947116b8-3478-48df-97c2-9d19820fe5c0,2026-07-04T22:30:00Z,2026-07-05T00:30:00+0200,5403.98,MW,DE,DE_LU,forecast_offshore_wind_generation,Wind Offshore,2026-07-05T23:38:26Z
2026-07-05T23:37:01Z,2026-07-06T01:37:01+0200,947116b8-3478-48df-97c2-9d19820fe5c0,2026-07-04T22:45:00Z,2026-07-05T00:45:00+0200,5348.11,MW,DE,DE_LU,forecast_offshore_wind_generation,Wind Offshore,2026-07-05T23:38:26Z
2026-07-05T23:37:01Z,2026-07-06T01:37:01+0200,947116b8-3478-48df-97c2-9d19820fe5c0,2026-07-04T23:00:00Z,2026-07-05T01:00:00+0200,5365.9,MW,DE,DE_LU,forecast_offshore_wind_generation,Wind Offshore,2026-07-05T23:38:26Z
2026-07-05T23:37:01Z,2026-07-06T01:37:01+0200,947116b8-3478-48df-97c2-9d19820fe5c0,2026-07-04T23:15:00Z,2026-07-05T01:15:00+0200,5391.68,MW,DE,DE_LU,forecast_offshore_wind_generation,Wind Offshore,2026-07-05T23:38:26Z
2026-07-05T23:37:01Z,2026-07-06T01:37:01+0200,947116b8-3478-48df-97c2-9d19820fe5c0,2026-07-04T23:30:00Z,2026-07-05T01:30:00+0200,5420.46,MW,DE,DE_LU,forecast_offshore_wind_generation,Wind Offshore,2026-07-05T23:38:26Z
2026-07-05T23:37:01Z,2026-07-06T01:37:01+0200,947116b8-3478-48df-97c2-9d19820fe5c0,2026-07-04T23:45:00Z,2026-07-05T01:45:00+0200,5275.28,MW,DE,DE_LU,forecast_offshore_wind_generation,Wind Offshore,2026-07-05T23:38:26Z
2026-07-05T23:37:01Z,2026-07-06T01:37:01+0200,947116b8-3478-48df-97c2-9d19820fe5c0,2026-07-05T00:00:00Z,2026-07-05T02:00:00+0200,5271.84,MW,DE,DE_LU,forecast_offshore_wind_generation,Wind Offshore,2026-07-05T23:38:26Z
2026-07-05T23:37:01Z,2026-07-06T01:37:01+0200,947116b8-3478-48df-97c2-9d19820fe5c0,2026-07-05T00:15:00Z,2026-07-05T02:15:00+0200,5285.86,MW,DE,DE_LU,forecast_offshore_wind_generation,Wind Offshore,2026-07-05T23:38:26Z
2026-07-05T23:37:01Z,2026-07-06T01:37:01+0200,947116b8-3478-48df-97c2-9d19820fe5c0,2026-07-05T00:30:00Z,2026-07-05T02:30:00+0200,5247.89,MW,DE,DE_LU,forecast_offshore_wind_generation,Wind Offshore,2026-07-05T23:38:26Z
2026-07-05T23:37:01Z,2026-07-06T01:37:01+0200,947116b8-3478-48df-97c2-9d19820fe5c0,2026-07-05T00:45:00Z,2026-07-05T02:45:00+0200,5260.52,MW,DE,DE_LU,forecast_offshore_wind_generation,Wind Offshore,2026-07-05T23:38:26Z
2026-07-05T23:37:01Z,2026-07-06T01:37:01+0200,947116b8-3478-48df-97c2-9d19820fe5c0,2026-07-05T01:00:00Z,2026-07-05T03:00:00+0200,5261.95,MW,DE,DE_LU,forecast_offshore_wind_generation,Wind Offshore,2026-07-05T23:38:26Z
2026-07-05T23:37:01Z,2026-07-06T01:37:01+0200,947116b8-3478-48df-97c2-9d19820fe5c0,2026-07-05T01:15:00Z,2026-07-05T03:15:00+0200,5244.23,MW,DE,DE_LU,forecast_offshore_wind_generation,Wind Offshore,2026-07-05T23:38:26Z
2026-07-05T23:37:01Z,2026-07-06T01:37:01+0200,947116b8-3478-48df-97c2-9d19820fe5c0,2026-07-05T01:30:00Z,2026-07-05T03:30:00+0200,5230.54,MW,DE,DE_LU,forecast_offshore_wind_generation,Wind Offshore,2026-07-05T23:38:26Z
2026-07-05T23:37:01Z,2026-07-06T01:37:01+0200,947116b8-3478-48df-97c2-9d19820fe5c0,2026-07-05T01:45:00Z,2026-07-05T03:45:00+0200,5210.7,MW,DE,DE_LU,forecast_offshore_wind_generation,Wind Offshore,2026-07-05T23:38:26Z
2026-07-05T23:37:01Z,2026-07-06T01:37:01+0200,947116b8-3478-48df-97c2-9d19820fe5c0,2026-07-05T02:00:00Z,2026-07-05T04:00:00+0200,5184.46,MW,DE,DE_LU,forecast_offshore_wind_generation,Wind Offshore,2026-07-05T23:38:26Z
2026-07-05T23:37:01Z,2026-07-06T01:37:01+0200,947116b8-3478-48df-97c2-9d19820fe5c0,2026-07-05T02:15:00Z,2026-07-05T04:15:00+0200,5129.89,MW,DE,DE_LU,forecast_offshore_wind_generation,Wind Offshore,2026-07-05T23:38:26Z
2026-07-05T23:37:01Z,2026-07-06T01:37:01+0200,947116b8-3478-48df-97c2-9d19820fe5c0,2026-07-05T02:30:00Z,2026-07-05T04:30:00+0200,5070.34,MW,DE,DE_LU,forecast_offshore_wind_generation,Wind Offshore,2026-07-05T23:38:26Z
2026-07-05T23:37:01Z,2026-07-06T01:37:01+0200,947116b8-3478-48df-97c2-9d19820fe5c0,2026-07-05T02:45:00Z,2026-07-05T04:45:00+0200,5019.47,MW,DE,DE_LU,forecast_offshore_wind_generation,Wind Offshore,2026-07-05T23:38:26Z
2026-07-05T23:37:01Z,2026-07-06T01:37:01+0200,947116b8-3478-48df-97c2-9d19820fe5c0,2026-07-05T03:00:00Z,2026-07-05T05:00:00+0200,4953.66,MW,DE,DE_LU,forecast_offshore_wind_generation,Wind Offshore,2026-07-05T23:38:26Z
2026-07-05T23:37:01Z,2026-07-06T01:37:01+0200,947116b8-3478-48df-97c2-9d19820fe5c0,2026-07-05T03:15:00Z,2026-07-05T05:15:00+0200,4885.09,MW,DE,DE_LU,forecast_offshore_wind_generation,Wind Offshore,2026-07-05T23:38:26Z
2026-07-05T23:37:01Z,2026-07-06T01:37:01+0200,947116b8-3478-48df-97c2-9d19820fe5c0,2026-07-05T03:30:00Z,2026-07-05T05:30:00+0200,4819.65,MW,DE,DE_LU,forecast_offshore_wind_generation,Wind Offshore,2026-07-05T23:38:26Z
2026-07-05T23:37:01Z,2026-07-06T01:37:01+0200,947116b8-3478-48df-97c2-9d19820fe5c0,2026-07-05T03:45:00Z,2026-07-05T05:45:00+0200,4751.15,MW,DE,DE_LU,forecast_offshore_wind_generation,Wind Offshore,2026-07-05T23:38:26Z
2026-07-05T23:37:01Z,2026-07-06T01:37:01+0200,947116b8-3478-48df-97c2-9d19820fe5c0,2026-07-05T04:00:00Z,2026-07-05T06:00:00+0200,4633.41,MW,DE,DE_LU,forecast_offshore_wind_generation,Wind Offshore,2026-07-05T23:38:26Z
2026-07-05T23:37:01Z,2026-07-06T01:37:01+0200,947116b8-3478-48df-97c2-9d19820fe5c0,2026-07-05T04:15:00Z,2026-07-05T06:15:00+0200,4509.4,MW,DE,DE_LU,forecast_offshore_wind_generation,Wind Offshore,2026-07-05T23:38:26Z
2026-07-05T23:37:01Z,2026-07-06T01:37:01+0200,947116b8-3478-48df-97c2-9d19820fe5c0,2026-07-05T04:30:00Z,2026-07-05T06:30:00+0200,4375.24,MW,DE,DE_LU,forecast_offshore_wind_generation,Wind Offshore,2026-07-05T23:38:26Z
2026-07-05T23:37:01Z,2026-07-06T01:37:01+0200,947116b8-3478-48df-97c2-9d19820fe5c0,2026-07-05T04:45:00Z,2026-07-05T06:45:00+0200,4233.59,MW,DE,DE_LU,forecast_offshore_wind_generation,Wind Offshore,2026-07-05T23:38:26Z
2026-07-05T23:37:01Z,2026-07-06T01:37:01+0200,947116b8-3478-48df-97c2-9d19820fe5c0,2026-07-05T05:00:00Z,2026-07-05T07:00:00+0200,4097.76,MW,DE,DE_LU,forecast_offshore_wind_generation,Wind Offshore,2026-07-05T23:38:26Z
2026-07-05T23:37:01Z,2026-07-06T01:37:01+0200,947116b8-3478-48df-97c2-9d19820fe5c0,2026-07-05T05:15:00Z,2026-07-05T07:15:00+0200,3946.79,MW,DE,DE_LU,forecast_offshore_wind_generation,Wind Offshore,2026-07-05T23:38:26Z
2026-07-05T23:37:01Z,2026-07-06T01:37:01+0200,947116b8-3478-48df-97c2-9d19820fe5c0,2026-07-05T05:30:00Z,2026-07-05T07:30:00+0200,3856.67,MW,DE,DE_LU,forecast_offshore_wind_generation,Wind Offshore,2026-07-05T23:38:26Z
2026-07-05T23:37:01Z,2026-07-06T01:37:01+0200,947116b8-3478-48df-97c2-9d19820fe5c0,2026-07-05T05:45:00Z,2026-07-05T07:45:00+0200,3768.27,MW,DE,DE_LU,forecast_offshore_wind_generation,Wind Offshore,2026-07-05T23:38:26Z
2026-07-05T23:37:01Z,2026-07-06T01:37:01+0200,947116b8-3478-48df-97c2-9d19820fe5c0,2026-07-05T06:00:00Z,2026-07-05T08:00:00+0200,3690.53,MW,DE,DE_LU,forecast_offshore_wind_generation,Wind Offshore,2026-07-05T23:38:26Z
2026-07-05T23:37:01Z,2026-07-06T01:37:01+0200,947116b8-3478-48df-97c2-9d19820fe5c0,2026-07-05T06:15:00Z,2026-07-05T08:15:00+0200,3641.49,MW,DE,DE_LU,forecast_offshore_wind_generation,Wind Offshore,2026-07-05T23:38:26Z
2026-07-05T23:37:01Z,2026-07-06T01:37:01+0200,947116b8-3478-48df-97c2-9d19820fe5c0,2026-07-05T06:30:00Z,2026-07-05T08:30:00+0200,3590.41,MW,DE,DE_LU,forecast_offshore_wind_generation,Wind Offshore,2026-07-05T23:38:26Z
2026-07-05T23:37:01Z,2026-07-06T01:37:01+0200,947116b8-3478-48df-97c2-9d19820fe5c0,2026-07-05T06:45:00Z,2026-07-05T08:45:00+0200,3543.35,MW,DE,DE_LU,forecast_offshore_wind_generation,Wind Offshore,2026-07-05T23:38:26Z
2026-07-05T23:37:01Z,2026-07-06T01:37:01+0200,947116b8-3478-48df-97c2-9d19820fe5c0,2026-07-05T07:00:00Z,2026-07-05T09:00:00+0200,3479.83,MW,DE,DE_LU,forecast_offshore_wind_generation,Wind Offshore,2026-07-05T23:38:26Z
2026-07-05T23:37:01Z,2026-07-06T01:37:01+0200,947116b8-3478-48df-97c2-9d19820fe5c0,2026-07-05T07:15:00Z,2026-07-05T09:15:00+0200,3413.44,MW,DE,DE_LU,forecast_offshore_wind_generation,Wind Offshore,2026-07-05T23:38:26Z
2026-07-05T23:37:01Z,2026-07-06T01:37:01+0200,947116b8-3478-48df-97c2-9d19820fe5c0,2026-07-05T07:30:00Z,2026-07-05T09:30:00+0200,3341.03,MW,DE,DE_LU,forecast_offshore_wind_generation,Wind Offshore,2026-07-05T23:38:26Z
2026-07-05T23:37:01Z,2026-07-06T01:37:01+0200,947116b8-3478-48df-97c2-9d19820fe5c0,2026-07-05T07:45:00Z,2026-07-05T09:45:00+0200,3281.55,MW,DE,DE_LU,forecast_offshore_wind_generation,Wind Offshore,2026-07-05T23:38:26Z
2026-07-05T23:37:01Z,2026-07-06T01:37:01+0200,947116b8-3478-48df-97c2-9d19820fe5c0,2026-07-05T08:00:00Z,2026-07-05T10:00:00+0200,2077.95,MW,DE,DE_LU,forecast_offshore_wind_generation,Wind Offshore,2026-07-05T23:38:26Z
2026-07-05T23:37:01Z,2026-07-06T01:37:01+0200,947116b8-3478-48df-97c2-9d19820fe5c0,2026-07-05T08:15:00Z,2026-07-05T10:15:00+0200,2040.16,MW,DE,DE_LU,forecast_offshore_wind_generation,Wind Offshore,2026-07-05T23:38:26Z
2026-07-05T23:37:01Z,2026-07-06T01:37:01+0200,947116b8-3478-48df-97c2-9d19820fe5c0,2026-07-05T08:30:00Z,2026-07-05T10:30:00+0200,2002.23,MW,DE,DE_LU,forecast_offshore_wind_generation,Wind Offshore,2026-07-05T23:38:26Z
2026-07-05T23:37:01Z,2026-07-06T01:37:01+0200,947116b8-3478-48df-97c2-9d19820fe5c0,2026-07-05T08:45:00Z,2026-07-05T10:45:00+0200,1965.13,MW,DE,DE_LU,forecast_offshore_wind_generation,Wind Offshore,2026-07-05T23:38:26Z
2026-07-05T23:37:01Z,2026-07-06T01:37:01+0200,947116b8-3478-48df-97c2-9d19820fe5c0,2026-07-05T09:00:00Z,2026-07-05T11:00:00+0200,1938.8,MW,DE,DE_LU,forecast_offshore_wind_generation,Wind Offshore,2026-07-05T23:38:26Z
2026-07-05T23:37:01Z,2026-07-06T01:37:01+0200,947116b8-3478-48df-97c2-9d19820fe5c0,2026-07-05T09:15:00Z,2026-07-05T11:15:00+0200,1919.11,MW,DE,DE_LU,forecast_offshore_wind_generation,Wind Offshore,2026-07-05T23:38:26Z
2026-07-05T23:37:01Z,2026-07-06T01:37:01+0200,947116b8-3478-48df-97c2-9d19820fe5c0,2026-07-05T09:30:00Z,2026-07-05T11:30:00+0200,1903.46,MW,DE,DE_LU,forecast_offshore_wind_generation,Wind Offshore,2026-07-05T23:38:26Z
2026-07-05T23:37:01Z,2026-07-06T01:37:01+0200,947116b8-3478-48df-97c2-9d19820fe5c0,2026-07-05T09:45:00Z,2026-07-05T11:45:00+0200,1887.84,MW,DE,DE_LU,forecast_offshore_wind_generation,Wind Offshore,2026-07-05T23:38:26Z
2026-07-05T23:37:01Z,2026-07-06T01:37:01+0200,947116b8-3478-48df-97c2-9d19820fe5c0,2026-07-05T10:00:00Z,2026-07-05T12:00:00+0200,1879.96,MW,DE,DE_LU,forecast_offshore_wind_generation,Wind Offshore,2026-07-05T23:38:26Z
2026-07-05T23:37:01Z,2026-07-06T01:37:01+0200,947116b8-3478-48df-97c2-9d19820fe5c0,2026-07-05T10:15:00Z,2026-07-05T12:15:00+0200,1874.92,MW,DE,DE_LU,forecast_offshore_wind_generation,Wind Offshore,2026-07-05T23:38:26Z
2026-07-05T23:37:01Z,2026-07-06T01:37:01+0200,947116b8-3478-48df-97c2-9d19820fe5c0,2026-07-05T10:30:00Z,2026-07-05T12:30:00+0200,1863.96,MW,DE,DE_LU,forecast_offshore_wind_generation,Wind Offshore,2026-07-05T23:38:26Z
2026-07-05T23:37:01Z,2026-07-06T01:37:01+0200,947116b8-3478-48df-97c2-9d19820fe5c0,2026-07-05T10:45:00Z,2026-07-05T12:45:00+0200,1859.03,MW,DE,DE_LU,forecast_offshore_wind_generation,Wind Offshore,2026-07-05T23:38:26Z
2026-07-05T23:37:01Z,2026-07-06T01:37:01+0200,947116b8-3478-48df-97c2-9d19820fe5c0,2026-07-05T11:00:00Z,2026-07-05T13:00:00+0200,1853.07,MW,DE,DE_LU,forecast_offshore_wind_generation,Wind Offshore,2026-07-05T23:38:26Z
2026-07-05T23:37:01Z,2026-07-06T01:37:01+0200,947116b8-3478-48df-97c2-9d19820fe5c0,2026-07-05T11:15:00Z,2026-07-05T13:15:00+0200,1855.96,MW,DE,DE_LU,forecast_offshore_wind_generation,Wind Offshore,2026-07-05T23:38:26Z
2026-07-05T23:37:01Z,2026-07-06T01:37:01+0200,947116b8-3478-48df-97c2-9d19820fe5c0,2026-07-05T11:30:00Z,2026-07-05T13:30:00+0200,1858.87,MW,DE,DE_LU,forecast_offshore_wind_generation,Wind Offshore,2026-07-05T23:38:26Z
2026-07-05T23:37:01Z,2026-07-06T01:37:01+0200,947116b8-3478-48df-97c2-9d19820fe5c0,2026-07-05T11:45:00Z,2026-07-05T13:45:00+0200,1864.94,MW,DE,DE_LU,forecast_offshore_wind_generation,Wind Offshore,2026-07-05T23:38:26Z
2026-07-05T23:37:01Z,2026-07-06T01:37:01+0200,947116b8-3478-48df-97c2-9d19820fe5c0,2026-07-05T12:00:00Z,2026-07-05T14:00:00+0200,1865.24,MW,DE,DE_LU,forecast_offshore_wind_generation,Wind Offshore,2026-07-05T23:38:26Z
2026-07-05T23:37:01Z,2026-07-06T01:37:01+0200,947116b8-3478-48df-97c2-9d19820fe5c0,2026-07-05T12:15:00Z,2026-07-05T14:15:00+0200,1867.84,MW,DE,DE_LU,forecast_offshore_wind_generation,Wind Offshore,2026-07-05T23:38:26Z
2026-07-05T23:37:01Z,2026-07-06T01:37:01+0200,947116b8-3478-48df-97c2-9d19820fe5c0,2026-07-05T12:30:00Z,2026-07-05T14:30:00+0200,1873.24,MW,DE,DE_LU,forecast_offshore_wind_generation,Wind Offshore,2026-07-05T23:38:26Z
2026-07-05T23:37:01Z,2026-07-06T01:37:01+0200,947116b8-3478-48df-97c2-9d19820fe5c0,2026-07-05T12:45:00Z,2026-07-05T14:45:00+0200,1873.7,MW,DE,DE_LU,forecast_offshore_wind_generation,Wind Offshore,2026-07-05T23:38:26Z
2026-07-05T23:37:01Z,2026-07-06T01:37:01+0200,947116b8-3478-48df-97c2-9d19820fe5c0,2026-07-05T13:00:00Z,2026-07-05T15:00:00+0200,1881.07,MW,DE,DE_LU,forecast_offshore_wind_generation,Wind Offshore,2026-07-05T23:38:26Z
2026-07-05T23:37:01Z,2026-07-06T01:37:01+0200,947116b8-3478-48df-97c2-9d19820fe5c0,2026-07-05T13:15:00Z,2026-07-05T15:15:00+0200,1892.85,MW,DE,DE_LU,forecast_offshore_wind_generation,Wind Offshore,2026-07-05T23:38:26Z
2026-07-05T23:37:01Z,2026-07-06T01:37:01+0200,947116b8-3478-48df-97c2-9d19820fe5c0,2026-07-05T13:30:00Z,2026-07-05T15:30:00+0200,1884.71,MW,DE,DE_LU,forecast_offshore_wind_generation,Wind Offshore,2026-07-05T23:38:26Z
2026-07-05T23:37:01Z,2026-07-06T01:37:01+0200,947116b8-3478-48df-97c2-9d19820fe5c0,2026-07-05T13:45:00Z,2026-07-05T15:45:00+0200,1895.61,MW,DE,DE_LU,forecast_offshore_wind_generation,Wind Offshore,2026-07-05T23:38:26Z
2026-07-05T23:37:01Z,2026-07-06T01:37:01+0200,947116b8-3478-48df-97c2-9d19820fe5c0,2026-07-05T14:00:00Z,2026-07-05T16:00:00+0200,1910.3,MW,DE,DE_LU,forecast_offshore_wind_generation,Wind Offshore,2026-07-05T23:38:26Z
2026-07-05T23:37:01Z,2026-07-06T01:37:01+0200,947116b8-3478-48df-97c2-9d19820fe5c0,2026-07-05T14:15:00Z,2026-07-05T16:15:00+0200,1939.74,MW,DE,DE_LU,forecast_offshore_wind_generation,Wind Offshore,2026-07-05T23:38:26Z
2026-07-05T23:37:01Z,2026-07-06T01:37:01+0200,947116b8-3478-48df-97c2-9d19820fe5c0,2026-07-05T14:30:00Z,2026-07-05T16:30:00+0200,1957.16,MW,DE,DE_LU,forecast_offshore_wind_generation,Wind Offshore,2026-07-05T23:38:26Z
2026-07-05T23:37:01Z,2026-07-06T01:37:01+0200,947116b8-3478-48df-97c2-9d19820fe5c0,2026-07-05T14:45:00Z,2026-07-05T16:45:00+0200,1983.62,MW,DE,DE_LU,forecast_offshore_wind_generation,Wind Offshore,2026-07-05T23:38:26Z
2026-07-05T23:37:01Z,2026-07-06T01:37:01+0200,947116b8-3478-48df-97c2-9d19820fe5c0,2026-07-05T15:00:00Z,2026-07-05T17:00:00+0200,2930.73,MW,DE,DE_LU,forecast_offshore_wind_generation,Wind Offshore,2026-07-05T23:38:26Z
2026-07-05T23:37:01Z,2026-07-06T01:37:01+0200,947116b8-3478-48df-97c2-9d19820fe5c0,2026-07-05T15:15:00Z,2026-07-05T17:15:00+0200,2943.3,MW,DE,DE_LU,forecast_offshore_wind_generation,Wind Offshore,2026-07-05T23:38:26Z
2026-07-05T23:37:01Z,2026-07-06T01:37:01+0200,947116b8-3478-48df-97c2-9d19820fe5c0,2026-07-05T15:30:00Z,2026-07-05T17:30:00+0200,2954.6,MW,DE,DE_LU,forecast_offshore_wind_generation,Wind Offshore,2026-07-05T23:38:26Z
2026-07-05T23:37:01Z,2026-07-06T01:37:01+0200,947116b8-3478-48df-97c2-9d19820fe5c0,2026-07-05T15:45:00Z,2026-07-05T17:45:00+0200,2972.85,MW,DE,DE_LU,forecast_offshore_wind_generation,Wind Offshore,2026-07-05T23:38:26Z
2026-07-05T23:37:01Z,2026-07-06T01:37:01+0200,947116b8-3478-48df-97c2-9d19820fe5c0,2026-07-05T16:00:00Z,2026-07-05T18:00:00+0200,2980.9,MW,DE,DE_LU,forecast_offshore_wind_generation,Wind Offshore,2026-07-05T23:38:26Z
2026-07-05T23:37:01Z,2026-07-06T01:37:01+0200,947116b8-3478-48df-97c2-9d19820fe5c0,2026-07-05T16:15:00Z,2026-07-05T18:15:00+0200,2970.21,MW,DE,DE_LU,forecast_offshore_wind_generation,Wind Offshore,2026-07-05T23:38:26Z
2026-07-05T23:37:01Z,2026-07-06T01:37:01+0200,947116b8-3478-48df-97c2-9d19820fe5c0,2026-07-05T16:30:00Z,2026-07-05T18:30:00+0200,2963.45,MW,DE,DE_LU,forecast_offshore_wind_generation,Wind Offshore,2026-07-05T23:38:26Z
2026-07-05T23:37:01Z,2026-07-06T01:37:01+0200,947116b8-3478-48df-97c2-9d19820fe5c0,2026-07-05T16:45:00Z,2026-07-05T18:45:00+0200,2957.55,MW,DE,DE_LU,forecast_offshore_wind_generation,Wind Offshore,2026-07-05T23:38:26Z
2026-07-05T23:37:01Z,2026-07-06T01:37:01+0200,947116b8-3478-48df-97c2-9d19820fe5c0,2026-07-05T17:00:00Z,2026-07-05T19:00:00+0200,2947.32,MW,DE,DE_LU,forecast_offshore_wind_generation,Wind Offshore,2026-07-05T23:38:26Z
2026-07-05T23:37:01Z,2026-07-06T01:37:01+0200,947116b8-3478-48df-97c2-9d19820fe5c0,2026-07-05T17:15:00Z,2026-07-05T19:15:00+0200,2947.27,MW,DE,DE_LU,forecast_offshore_wind_generation,Wind Offshore,2026-07-05T23:38:26Z
2026-07-05T23:37:01Z,2026-07-06T01:37:01+0200,947116b8-3478-48df-97c2-9d19820fe5c0,2026-07-05T17:30:00Z,2026-07-05T19:30:00+0200,2941.17,MW,DE,DE_LU,forecast_offshore_wind_generation,Wind Offshore,2026-07-05T23:38:26Z
2026-07-05T23:37:01Z,2026-07-06T01:37:01+0200,947116b8-3478-48df-97c2-9d19820fe5c0,2026-07-05T17:45:00Z,2026-07-05T19:45:00+0200,2941.97,MW,DE,DE_LU,forecast_offshore_wind_generation,Wind Offshore,2026-07-05T23:38:26Z
2026-07-05T23:37:01Z,2026-07-06T01:37:01+0200,947116b8-3478-48df-97c2-9d19820fe5c0,2026-07-05T18:00:00Z,2026-07-05T20:00:00+0200,2968.97,MW,DE,DE_LU,forecast_offshore_wind_generation,Wind Offshore,2026-07-05T23:38:26Z
2026-07-05T23:37:01Z,2026-07-06T01:37:01+0200,947116b8-3478-48df-97c2-9d19820fe5c0,2026-07-05T18:15:00Z,2026-07-05T20:15:00+0200,2953.0,MW,DE,DE_LU,forecast_offshore_wind_generation,Wind Offshore,2026-07-05T23:38:26Z
2026-07-05T23:37:01Z,2026-07-06T01:37:01+0200,947116b8-3478-48df-97c2-9d19820fe5c0,2026-07-05T18:30:00Z,2026-07-05T20:30:00+0200,2926.05,MW,DE,DE_LU,forecast_offshore_wind_generation,Wind Offshore,2026-07-05T23:38:26Z
2026-07-05T23:37:01Z,2026-07-06T01:37:01+0200,947116b8-3478-48df-97c2-9d19820fe5c0,2026-07-05T18:45:00Z,2026-07-05T20:45:00+0200,2905.31,MW,DE,DE_LU,forecast_offshore_wind_generation,Wind Offshore,2026-07-05T23:38:26Z
2026-07-05T23:37:01Z,2026-07-06T01:37:01+0200,947116b8-3478-48df-97c2-9d19820fe5c0,2026-07-05T19:00:00Z,2026-07-05T21:00:00+0200,2918.61,MW,DE,DE_LU,forecast_offshore_wind_generation,Wind Offshore,2026-07-05T23:38:26Z
2026-07-05T23:37:01Z,2026-07-06T01:37:01+0200,947116b8-3478-48df-97c2-9d19820fe5c0,2026-07-05T19:15:00Z,2026-07-05T21:15:00+0200,2885.67,MW,DE,DE_LU,forecast_offshore_wind_generation,Wind Offshore,2026-07-05T23:38:26Z
2026-07-05T23:37:01Z,2026-07-06T01:37:01+0200,947116b8-3478-48df-97c2-9d19820fe5c0,2026-07-05T19:30:00Z,2026-07-05T21:30:00+0200,2855.52,MW,DE,DE_LU,forecast_offshore_wind_generation,Wind Offshore,2026-07-05T23:38:26Z
2026-07-05T23:37:01Z,2026-07-06T01:37:01+0200,947116b8-3478-48df-97c2-9d19820fe5c0,2026-07-05T19:45:00Z,2026-07-05T21:45:00+0200,2819.15,MW,DE,DE_LU,forecast_offshore_wind_generation,Wind Offshore,2026-07-05T23:38:26Z
2026-07-05T23:37:01Z,2026-07-06T01:37:01+0200,947116b8-3478-48df-97c2-9d19820fe5c0,2026-07-05T20:00:00Z,2026-07-05T22:00:00+0200,2793.37,MW,DE,DE_LU,forecast_offshore_wind_generation,Wind Offshore,2026-07-05T23:38:26Z
2026-07-05T23:37:01Z,2026-07-06T01:37:01+0200,947116b8-3478-48df-97c2-9d19820fe5c0,2026-07-05T20:15:00Z,2026-07-05T22:15:00+0200,2771.47,MW,DE,DE_LU,forecast_offshore_wind_generation,Wind Offshore,2026-07-05T23:38:26Z
2026-07-05T23:37:01Z,2026-07-06T01:37:01+0200,947116b8-3478-48df-97c2-9d19820fe5c0,2026-07-05T20:30:00Z,2026-07-05T22:30:00+0200,2755.55,MW,DE,DE_LU,forecast_offshore_wind_generation,Wind Offshore,2026-07-05T23:38:26Z
2026-07-05T23:37:01Z,2026-07-06T01:37:01+0200,947116b8-3478-48df-97c2-9d19820fe5c0,2026-07-05T20:45:00Z,2026-07-05T22:45:00+0200,2735.63,MW,DE,DE_LU,forecast_offshore_wind_generation,Wind Offshore,2026-07-05T23:38:26Z
2026-07-05T23:37:01Z,2026-07-06T01:37:01+0200,947116b8-3478-48df-97c2-9d19820fe5c0,2026-07-05T21:00:00Z,2026-07-05T23:00:00+0200,2721.89,MW,DE,DE_LU,forecast_offshore_wind_generation,Wind Offshore,2026-07-05T23:38:26Z
2026-07-05T23:37:01Z,2026-07-06T01:37:01+0200,947116b8-3478-48df-97c2-9d19820fe5c0,2026-07-05T21:15:00Z,2026-07-05T23:15:00+0200,2722.7,MW,DE,DE_LU,forecast_offshore_wind_generation,Wind Offshore,2026-07-05T23:38:26Z
2026-07-05T23:37:01Z,2026-07-06T01:37:01+0200,947116b8-3478-48df-97c2-9d19820fe5c0,2026-07-05T21:30:00Z,2026-07-05T23:30:00+0200,2721.52,MW,DE,DE_LU,forecast_offshore_wind_generation,Wind Offshore,2026-07-05T23:38:26Z
2026-07-05T23:37:01Z,2026-07-06T01:37:01+0200,947116b8-3478-48df-97c2-9d19820fe5c0,2026-07-05T21:45:00Z,2026-07-05T23:45:00+0200,2728.28,MW,DE,DE_LU,forecast_offshore_wind_generation,Wind Offshore,2026-07-05T23:38:26Z
2026-07-05T23:37:01Z,2026-07-06T01:37:01+0200,947116b8-3478-48df-97c2-9d19820fe5c0,2026-07-05T22:00:00Z,2026-07-06T00:00:00+0200,1966.23,MW,DE,DE_LU,forecast_offshore_wind_generation,Wind Offshore,2026-07-05T23:38:26Z
2026-07-05T23:37:01Z,2026-07-06T01:37:01+0200,947116b8-3478-48df-97c2-9d19820fe5c0,2026-07-05T22:15:00Z,2026-07-06T00:15:00+0200,2014.17,MW,DE,DE_LU,forecast_offshore_wind_generation,Wind Offshore,2026-07-05T23:38:26Z
2026-07-05T23:37:01Z,2026-07-06T01:37:01+0200,947116b8-3478-48df-97c2-9d19820fe5c0,2026-07-05T22:30:00Z,2026-07-06T00:30:00+0200,2060.16,MW,DE,DE_LU,forecast_offshore_wind_generation,Wind Offshore,2026-07-05T23:38:26Z
2026-07-05T23:37:01Z,2026-07-06T01:37:01+0200,947116b8-3478-48df-97c2-9d19820fe5c0,2026-07-05T22:45:00Z,2026-07-06T00:45:00+0200,2113.11,MW,DE,DE_LU,forecast_offshore_wind_generation,Wind Offshore,2026-07-05T23:38:26Z
2026-07-05T23:37:01Z,2026-07-06T01:37:01+0200,947116b8-3478-48df-97c2-9d19820fe5c0,2026-07-05T23:00:00Z,2026-07-06T01:00:00+0200,2170.13,MW,DE,DE_LU,forecast_offshore_wind_generation,Wind Offshore,2026-07-05T23:38:26Z
2026-07-05T23:37:01Z,2026-07-06T01:37:01+0200,947116b8-3478-48df-97c2-9d19820fe5c0,2026-07-05T23:15:00Z,2026-07-06T01:15:00+0200,2254.1,MW,DE,DE_LU,forecast_offshore_wind_generation,Wind Offshore,2026-07-05T23:38:26Z
2026-07-05T23:37:01Z,2026-07-06T01:37:01+0200,947116b8-3478-48df-97c2-9d19820fe5c0,2026-07-05T23:30:00Z,2026-07-06T01:30:00+0200,2340.08,MW,DE,DE_LU,forecast_offshore_wind_generation,Wind Offshore,2026-07-05T23:38:26Z
2026-07-05T23:37:01Z,2026-07-06T01:37:01+0200,947116b8-3478-48df-97c2-9d19820fe5c0,2026-07-05T23:45:00Z,2026-07-06T01:45:00+0200,2427.05,MW,DE,DE_LU,forecast_offshore_wind_generation,Wind Offshore,2026-07-05T23:38:26Z
