collection_time_utc,collection_time_local,run_id,timestamp_utc,timestamp_local,value,unit,country,entsoe_area,variable,source,updated_at_utc
2026-08-24T11:44:27Z,2026-08-24T13:44:27+0200,8b6740d6-ed67-4509-be5b-470091805d1c,2026-07-24T12:00:00Z,2026-07-24T14:00:00+0200,2627.1,MW,PT,PT,actual_solar_generation,Solar,2026-08-24T11:53:07Z
2026-08-24T11:44:27Z,2026-08-24T13:44:27+0200,8b6740d6-ed67-4509-be5b-470091805d1c,2026-07-24T13:00:00Z,2026-07-24T15:00:00+0200,2476.6,MW,PT,PT,actual_solar_generation,Solar,2026-08-24T11:53:07Z
2026-08-24T11:44:27Z,2026-08-24T13:44:27+0200,8b6740d6-ed67-4509-be5b-470091805d1c,2026-07-24T14:00:00Z,2026-07-24T16:00:00+0200,2092.7,MW,PT,PT,actual_solar_generation,Solar,2026-08-24T11:53:07Z
2026-08-24T11:44:27Z,2026-08-24T13:44:27+0200,8b6740d6-ed67-4509-be5b-470091805d1c,2026-07-24T15:00:00Z,2026-07-24T17:00:00+0200,2418.9,MW,PT,PT,actual_solar_generation,Solar,2026-08-24T11:53:07Z
2026-08-24T11:44:27Z,2026-08-24T13:44:27+0200,8b6740d6-ed67-4509-be5b-470091805d1c,2026-07-24T16:00:00Z,2026-07-24T18:00:00+0200,2078.6,MW,PT,PT,actual_solar_generation,Solar,2026-08-24T11:53:07Z
2026-08-24T11:44:27Z,2026-08-24T13:44:27+0200,8b6740d6-ed67-4509-be5b-470091805d1c,2026-07-24T17:00:00Z,2026-07-24T19:00:00+0200,1597.3,MW,PT,PT,actual_solar_generation,Solar,2026-08-24T11:53:07Z
2026-08-24T11:44:27Z,2026-08-24T13:44:27+0200,8b6740d6-ed67-4509-be5b-470091805d1c,2026-07-24T18:00:00Z,2026-07-24T20:00:00+0200,663.6,MW,PT,PT,actual_solar_generation,Solar,2026-08-24T11:53:07Z
2026-08-24T11:44:27Z,2026-08-24T13:44:27+0200,8b6740d6-ed67-4509-be5b-470091805d1c,2026-07-24T19:00:00Z,2026-07-24T21:00:00+0200,90.2,MW,PT,PT,actual_solar_generation,Solar,2026-08-24T11:53:07Z
2026-08-24T11:44:27Z,2026-08-24T13:44:27+0200,8b6740d6-ed67-4509-be5b-470091805d1c,2026-07-24T20:00:00Z,2026-07-24T22:00:00+0200,7.9,MW,PT,PT,actual_solar_generation,Solar,2026-08-24T11:53:07Z
2026-08-24T11:44:27Z,2026-08-24T13:44:27+0200,8b6740d6-ed67-4509-be5b-470091805d1c,2026-07-24T21:00:00Z,2026-07-24T23:00:00+0200,0.7,MW,PT,PT,actual_solar_generation,Solar,2026-08-24T11:53:07Z
2026-08-24T11:44:27Z,2026-08-24T13:44:27+0200,8b6740d6-ed67-4509-be5b-470091805d1c,2026-07-24T22:00:00Z,2026-07-25T00:00:00+0200,0.1,MW,PT,PT,actual_solar_generation,Solar,2026-08-24T11:53:07Z
2026-08-24T11:44:27Z,2026-08-24T13:44:27+0200,8b6740d6-ed67-4509-be5b-470091805d1c,2026-07-24T23:00:00Z,2026-07-25T01:00:00+0200,0.1,MW,PT,PT,actual_solar_generation,Solar,2026-08-24T11:53:07Z
2026-08-24T11:44:27Z,2026-08-24T13:44:27+0200,8b6740d6-ed67-4509-be5b-470091805d1c,2026-07-25T00:00:00Z,2026-07-25T02:00:00+0200,0.1,MW,PT,PT,actual_solar_generation,Solar,2026-08-24T11:53:07Z
2026-08-24T11:44:27Z,2026-08-24T13:44:27+0200,8b6740d6-ed67-4509-be5b-470091805d1c,2026-07-25T01:00:00Z,2026-07-25T03:00:00+0200,0.1,MW,PT,PT,actual_solar_generation,Solar,2026-08-24T11:53:07Z
2026-08-24T11:44:27Z,2026-08-24T13:44:27+0200,8b6740d6-ed67-4509-be5b-470091805d1c,2026-07-25T02:00:00Z,2026-07-25T04:00:00+0200,0.1,MW,PT,PT,actual_solar_generation,Solar,2026-08-24T11:53:07Z
2026-08-24T11:44:27Z,2026-08-24T13:44:27+0200,8b6740d6-ed67-4509-be5b-470091805d1c,2026-07-25T03:00:00Z,2026-07-25T05:00:00+0200,0.1,MW,PT,PT,actual_solar_generation,Solar,2026-08-24T11:53:07Z
2026-08-24T11:44:27Z,2026-08-24T13:44:27+0200,8b6740d6-ed67-4509-be5b-470091805d1c,2026-07-25T04:00:00Z,2026-07-25T06:00:00+0200,0.1,MW,PT,PT,actual_solar_generation,Solar,2026-08-24T11:53:07Z
2026-08-24T11:44:27Z,2026-08-24T13:44:27+0200,8b6740d6-ed67-4509-be5b-470091805d1c,2026-07-25T05:00:00Z,2026-07-25T07:00:00+0200,19.7,MW,PT,PT,actual_solar_generation,Solar,2026-08-24T11:53:07Z
2026-08-24T11:44:27Z,2026-08-24T13:44:27+0200,8b6740d6-ed67-4509-be5b-470091805d1c,2026-07-25T06:00:00Z,2026-07-25T08:00:00+0200,397.6,MW,PT,PT,actual_solar_generation,Solar,2026-08-24T11:53:07Z
2026-08-24T11:44:27Z,2026-08-24T13:44:27+0200,8b6740d6-ed67-4509-be5b-470091805d1c,2026-07-25T07:00:00Z,2026-07-25T09:00:00+0200,871.4,MW,PT,PT,actual_solar_generation,Solar,2026-08-24T11:53:07Z
2026-08-24T11:44:27Z,2026-08-24T13:44:27+0200,8b6740d6-ed67-4509-be5b-470091805d1c,2026-07-25T08:00:00Z,2026-07-25T10:00:00+0200,1166.2,MW,PT,PT,actual_solar_generation,Solar,2026-08-24T11:53:07Z
2026-08-24T11:44:27Z,2026-08-24T13:44:27+0200,8b6740d6-ed67-4509-be5b-470091805d1c,2026-07-25T09:00:00Z,2026-07-25T11:00:00+0200,1389.1,MW,PT,PT,actual_solar_generation,Solar,2026-08-24T11:53:07Z
2026-08-24T11:44:27Z,2026-08-24T13:44:27+0200,8b6740d6-ed67-4509-be5b-470091805d1c,2026-07-25T10:00:00Z,2026-07-25T12:00:00+0200,1699.2,MW,PT,PT,actual_solar_generation,Solar,2026-08-24T11:53:07Z
2026-08-24T11:44:27Z,2026-08-24T13:44:27+0200,8b6740d6-ed67-4509-be5b-470091805d1c,2026-07-25T11:00:00Z,2026-07-25T13:00:00+0200,1929.9,MW,PT,PT,actual_solar_generation,Solar,2026-08-24T11:53:07Z
2026-08-24T11:44:27Z,2026-08-24T13:44:27+0200,8b6740d6-ed67-4509-be5b-470091805d1c,2026-07-25T12:00:00Z,2026-07-25T14:00:00+0200,1977.2,MW,PT,PT,actual_solar_generation,Solar,2026-08-24T11:53:07Z
2026-08-24T11:44:27Z,2026-08-24T13:44:27+0200,8b6740d6-ed67-4509-be5b-470091805d1c,2026-07-25T13:00:00Z,2026-07-25T15:00:00+0200,2074.0,MW,PT,PT,actual_solar_generation,Solar,2026-08-24T11:53:07Z
2026-08-24T11:44:27Z,2026-08-24T13:44:27+0200,8b6740d6-ed67-4509-be5b-470091805d1c,2026-07-25T14:00:00Z,2026-07-25T16:00:00+0200,2136.1,MW,PT,PT,actual_solar_generation,Solar,2026-08-24T11:53:07Z
2026-08-24T11:44:27Z,2026-08-24T13:44:27+0200,8b6740d6-ed67-4509-be5b-470091805d1c,2026-07-25T15:00:00Z,2026-07-25T17:00:00+0200,1960.7,MW,PT,PT,actual_solar_generation,Solar,2026-08-24T11:53:07Z
2026-08-24T11:44:27Z,2026-08-24T13:44:27+0200,8b6740d6-ed67-4509-be5b-470091805d1c,2026-07-25T16:00:00Z,2026-07-25T18:00:00+0200,2083.0,MW,PT,PT,actual_solar_generation,Solar,2026-08-24T11:53:07Z
2026-08-24T11:44:27Z,2026-08-24T13:44:27+0200,8b6740d6-ed67-4509-be5b-470091805d1c,2026-07-25T17:00:00Z,2026-07-25T19:00:00+0200,1495.1,MW,PT,PT,actual_solar_generation,Solar,2026-08-24T11:53:07Z
2026-08-24T11:44:27Z,2026-08-24T13:44:27+0200,8b6740d6-ed67-4509-be5b-470091805d1c,2026-07-25T18:00:00Z,2026-07-25T20:00:00+0200,618.1,MW,PT,PT,actual_solar_generation,Solar,2026-08-24T11:53:07Z
2026-08-24T11:44:27Z,2026-08-24T13:44:27+0200,8b6740d6-ed67-4509-be5b-470091805d1c,2026-07-25T19:00:00Z,2026-07-25T21:00:00+0200,84.7,MW,PT,PT,actual_solar_generation,Solar,2026-08-24T11:53:07Z
2026-08-24T11:44:27Z,2026-08-24T13:44:27+0200,8b6740d6-ed67-4509-be5b-470091805d1c,2026-07-25T20:00:00Z,2026-07-25T22:00:00+0200,0.2,MW,PT,PT,actual_solar_generation,Solar,2026-08-24T11:53:07Z
2026-08-24T11:44:27Z,2026-08-24T13:44:27+0200,8b6740d6-ed67-4509-be5b-470091805d1c,2026-07-25T21:00:00Z,2026-07-25T23:00:00+0200,0.2,MW,PT,PT,actual_solar_generation,Solar,2026-08-24T11:53:07Z
2026-08-24T11:44:27Z,2026-08-24T13:44:27+0200,8b6740d6-ed67-4509-be5b-470091805d1c,2026-07-25T22:00:00Z,2026-07-26T00:00:00+0200,0.1,MW,PT,PT,actual_solar_generation,Solar,2026-08-24T11:53:07Z
2026-08-24T11:44:27Z,2026-08-24T13:44:27+0200,8b6740d6-ed67-4509-be5b-470091805d1c,2026-07-25T23:00:00Z,2026-07-26T01:00:00+0200,0.1,MW,PT,PT,actual_solar_generation,Solar,2026-08-24T11:53:07Z
2026-08-24T11:44:27Z,2026-08-24T13:44:27+0200,8b6740d6-ed67-4509-be5b-470091805d1c,2026-07-26T00:00:00Z,2026-07-26T02:00:00+0200,0.1,MW,PT,PT,actual_solar_generation,Solar,2026-08-24T11:53:07Z
2026-08-24T11:44:27Z,2026-08-24T13:44:27+0200,8b6740d6-ed67-4509-be5b-470091805d1c,2026-07-26T01:00:00Z,2026-07-26T03:00:00+0200,0.1,MW,PT,PT,actual_solar_generation,Solar,2026-08-24T11:53:07Z
2026-08-24T11:44:27Z,2026-08-24T13:44:27+0200,8b6740d6-ed67-4509-be5b-470091805d1c,2026-07-26T02:00:00Z,2026-07-26T04:00:00+0200,0.1,MW,PT,PT,actual_solar_generation,Solar,2026-08-24T11:53:07Z
2026-08-24T11:44:27Z,2026-08-24T13:44:27+0200,8b6740d6-ed67-4509-be5b-470091805d1c,2026-07-26T03:00:00Z,2026-07-26T05:00:00+0200,0.1,MW,PT,PT,actual_solar_generation,Solar,2026-08-24T11:53:07Z
2026-08-24T11:44:27Z,2026-08-24T13:44:27+0200,8b6740d6-ed67-4509-be5b-470091805d1c,2026-07-26T04:00:00Z,2026-07-26T06:00:00+0200,0.1,MW,PT,PT,actual_solar_generation,Solar,2026-08-24T11:53:07Z
2026-08-24T11:44:27Z,2026-08-24T13:44:27+0200,8b6740d6-ed67-4509-be5b-470091805d1c,2026-07-26T05:00:00Z,2026-07-26T07:00:00+0200,20.0,MW,PT,PT,actual_solar_generation,Solar,2026-08-24T11:53:07Z
2026-08-24T11:44:27Z,2026-08-24T13:44:27+0200,8b6740d6-ed67-4509-be5b-470091805d1c,2026-07-26T06:00:00Z,2026-07-26T08:00:00+0200,366.3,MW,PT,PT,actual_solar_generation,Solar,2026-08-24T11:53:07Z
2026-08-24T11:44:27Z,2026-08-24T13:44:27+0200,8b6740d6-ed67-4509-be5b-470091805d1c,2026-07-26T07:00:00Z,2026-07-26T09:00:00+0200,900.9,MW,PT,PT,actual_solar_generation,Solar,2026-08-24T11:53:07Z
2026-08-24T11:44:27Z,2026-08-24T13:44:27+0200,8b6740d6-ed67-4509-be5b-470091805d1c,2026-07-26T08:00:00Z,2026-07-26T10:00:00+0200,1510.7,MW,PT,PT,actual_solar_generation,Solar,2026-08-24T11:53:07Z
2026-08-24T11:44:27Z,2026-08-24T13:44:27+0200,8b6740d6-ed67-4509-be5b-470091805d1c,2026-07-26T09:00:00Z,2026-07-26T11:00:00+0200,1746.7,MW,PT,PT,actual_solar_generation,Solar,2026-08-24T11:53:07Z
2026-08-24T11:44:27Z,2026-08-24T13:44:27+0200,8b6740d6-ed67-4509-be5b-470091805d1c,2026-07-26T10:00:00Z,2026-07-26T12:00:00+0200,2008.3,MW,PT,PT,actual_solar_generation,Solar,2026-08-24T11:53:07Z
2026-08-24T11:44:27Z,2026-08-24T13:44:27+0200,8b6740d6-ed67-4509-be5b-470091805d1c,2026-07-26T11:00:00Z,2026-07-26T13:00:00+0200,2130.0,MW,PT,PT,actual_solar_generation,Solar,2026-08-24T11:53:07Z
2026-08-24T11:44:27Z,2026-08-24T13:44:27+0200,8b6740d6-ed67-4509-be5b-470091805d1c,2026-07-26T12:00:00Z,2026-07-26T14:00:00+0200,2167.7,MW,PT,PT,actual_solar_generation,Solar,2026-08-24T11:53:07Z
2026-08-24T11:44:27Z,2026-08-24T13:44:27+0200,8b6740d6-ed67-4509-be5b-470091805d1c,2026-07-26T13:00:00Z,2026-07-26T15:00:00+0200,2138.3,MW,PT,PT,actual_solar_generation,Solar,2026-08-24T11:53:07Z
2026-08-24T11:44:27Z,2026-08-24T13:44:27+0200,8b6740d6-ed67-4509-be5b-470091805d1c,2026-07-26T14:00:00Z,2026-07-26T16:00:00+0200,2073.4,MW,PT,PT,actual_solar_generation,Solar,2026-08-24T11:53:07Z
2026-08-24T11:44:27Z,2026-08-24T13:44:27+0200,8b6740d6-ed67-4509-be5b-470091805d1c,2026-07-26T15:00:00Z,2026-07-26T17:00:00+0200,1937.4,MW,PT,PT,actual_solar_generation,Solar,2026-08-24T11:53:07Z
2026-08-24T11:44:27Z,2026-08-24T13:44:27+0200,8b6740d6-ed67-4509-be5b-470091805d1c,2026-07-26T16:00:00Z,2026-07-26T18:00:00+0200,1720.0,MW,PT,PT,actual_solar_generation,Solar,2026-08-24T11:53:07Z
2026-08-24T11:44:27Z,2026-08-24T13:44:27+0200,8b6740d6-ed67-4509-be5b-470091805d1c,2026-07-26T17:00:00Z,2026-07-26T19:00:00+0200,1639.6,MW,PT,PT,actual_solar_generation,Solar,2026-08-24T11:53:07Z
2026-08-24T11:44:27Z,2026-08-24T13:44:27+0200,8b6740d6-ed67-4509-be5b-470091805d1c,2026-07-26T18:00:00Z,2026-07-26T20:00:00+0200,697.3,MW,PT,PT,actual_solar_generation,Solar,2026-08-24T11:53:07Z
2026-08-24T11:44:27Z,2026-08-24T13:44:27+0200,8b6740d6-ed67-4509-be5b-470091805d1c,2026-07-26T19:00:00Z,2026-07-26T21:00:00+0200,80.5,MW,PT,PT,actual_solar_generation,Solar,2026-08-24T11:53:07Z
2026-08-24T11:44:27Z,2026-08-24T13:44:27+0200,8b6740d6-ed67-4509-be5b-470091805d1c,2026-07-26T20:00:00Z,2026-07-26T22:00:00+0200,0.3,MW,PT,PT,actual_solar_generation,Solar,2026-08-24T11:53:07Z
2026-08-24T11:44:27Z,2026-08-24T13:44:27+0200,8b6740d6-ed67-4509-be5b-470091805d1c,2026-07-26T21:00:00Z,2026-07-26T23:00:00+0200,0.3,MW,PT,PT,actual_solar_generation,Solar,2026-08-24T11:53:07Z
2026-08-24T11:44:27Z,2026-08-24T13:44:27+0200,8b6740d6-ed67-4509-be5b-470091805d1c,2026-07-26T22:00:00Z,2026-07-27T00:00:00+0200,0.2,MW,PT,PT,actual_solar_generation,Solar,2026-08-24T11:53:07Z
2026-08-24T11:44:27Z,2026-08-24T13:44:27+0200,8b6740d6-ed67-4509-be5b-470091805d1c,2026-07-26T23:00:00Z,2026-07-27T01:00:00+0200,0.2,MW,PT,PT,actual_solar_generation,Solar,2026-08-24T11:53:07Z
2026-08-24T11:44:27Z,2026-08-24T13:44:27+0200,8b6740d6-ed67-4509-be5b-470091805d1c,2026-07-27T00:00:00Z,2026-07-27T02:00:00+0200,0.1,MW,PT,PT,actual_solar_generation,Solar,2026-08-24T11:53:07Z
2026-08-24T11:44:27Z,2026-08-24T13:44:27+0200,8b6740d6-ed67-4509-be5b-470091805d1c,2026-07-27T01:00:00Z,2026-07-27T03:00:00+0200,0.1,MW,PT,PT,actual_solar_generation,Solar,2026-08-24T11:53:07Z
2026-08-24T11:44:27Z,2026-08-24T13:44:27+0200,8b6740d6-ed67-4509-be5b-470091805d1c,2026-07-27T02:00:00Z,2026-07-27T04:00:00+0200,0.1,MW,PT,PT,actual_solar_generation,Solar,2026-08-24T11:53:07Z
2026-08-24T11:44:27Z,2026-08-24T13:44:27+0200,8b6740d6-ed67-4509-be5b-470091805d1c,2026-07-27T03:00:00Z,2026-07-27T05:00:00+0200,0.1,MW,PT,PT,actual_solar_generation,Solar,2026-08-24T11:53:07Z
2026-08-24T11:44:27Z,2026-08-24T13:44:27+0200,8b6740d6-ed67-4509-be5b-470091805d1c,2026-07-27T04:00:00Z,2026-07-27T06:00:00+0200,0.1,MW,PT,PT,actual_solar_generation,Solar,2026-08-24T11:53:07Z
2026-08-24T11:44:27Z,2026-08-24T13:44:27+0200,8b6740d6-ed67-4509-be5b-470091805d1c,2026-07-27T05:00:00Z,2026-07-27T07:00:00+0200,19.6,MW,PT,PT,actual_solar_generation,Solar,2026-08-24T11:53:07Z
2026-08-24T11:44:27Z,2026-08-24T13:44:27+0200,8b6740d6-ed67-4509-be5b-470091805d1c,2026-07-27T06:00:00Z,2026-07-27T08:00:00+0200,384.2,MW,PT,PT,actual_solar_generation,Solar,2026-08-24T11:53:07Z
2026-08-24T11:44:27Z,2026-08-24T13:44:27+0200,8b6740d6-ed67-4509-be5b-470091805d1c,2026-07-27T07:00:00Z,2026-07-27T09:00:00+0200,1289.1,MW,PT,PT,actual_solar_generation,Solar,2026-08-24T11:53:07Z
2026-08-24T11:44:27Z,2026-08-24T13:44:27+0200,8b6740d6-ed67-4509-be5b-470091805d1c,2026-07-27T08:00:00Z,2026-07-27T10:00:00+0200,2210.0,MW,PT,PT,actual_solar_generation,Solar,2026-08-24T11:53:07Z
2026-08-24T11:44:27Z,2026-08-24T13:44:27+0200,8b6740d6-ed67-4509-be5b-470091805d1c,2026-07-27T09:00:00Z,2026-07-27T11:00:00+0200,2845.3,MW,PT,PT,actual_solar_generation,Solar,2026-08-24T11:53:07Z
2026-08-24T11:44:27Z,2026-08-24T13:44:27+0200,8b6740d6-ed67-4509-be5b-470091805d1c,2026-07-27T10:00:00Z,2026-07-27T12:00:00+0200,3221.5,MW,PT,PT,actual_solar_generation,Solar,2026-08-24T11:53:07Z
2026-08-24T11:44:27Z,2026-08-24T13:44:27+0200,8b6740d6-ed67-4509-be5b-470091805d1c,2026-07-27T11:00:00Z,2026-07-27T13:00:00+0200,3439.6,MW,PT,PT,actual_solar_generation,Solar,2026-08-24T11:53:07Z
2026-08-24T11:44:27Z,2026-08-24T13:44:27+0200,8b6740d6-ed67-4509-be5b-470091805d1c,2026-07-27T12:00:00Z,2026-07-27T14:00:00+0200,3497.9,MW,PT,PT,actual_solar_generation,Solar,2026-08-24T11:53:07Z
2026-08-24T11:44:27Z,2026-08-24T13:44:27+0200,8b6740d6-ed67-4509-be5b-470091805d1c,2026-07-27T13:00:00Z,2026-07-27T15:00:00+0200,3440.2,MW,PT,PT,actual_solar_generation,Solar,2026-08-24T11:53:07Z
2026-08-24T11:44:27Z,2026-08-24T13:44:27+0200,8b6740d6-ed67-4509-be5b-470091805d1c,2026-07-27T14:00:00Z,2026-07-27T16:00:00+0200,3243.8,MW,PT,PT,actual_solar_generation,Solar,2026-08-24T11:53:07Z
2026-08-24T11:44:27Z,2026-08-24T13:44:27+0200,8b6740d6-ed67-4509-be5b-470091805d1c,2026-07-27T15:00:00Z,2026-07-27T17:00:00+0200,2849.5,MW,PT,PT,actual_solar_generation,Solar,2026-08-24T11:53:07Z
2026-08-24T11:44:27Z,2026-08-24T13:44:27+0200,8b6740d6-ed67-4509-be5b-470091805d1c,2026-07-27T16:00:00Z,2026-07-27T18:00:00+0200,2305.8,MW,PT,PT,actual_solar_generation,Solar,2026-08-24T11:53:07Z
2026-08-24T11:44:27Z,2026-08-24T13:44:27+0200,8b6740d6-ed67-4509-be5b-470091805d1c,2026-07-27T17:00:00Z,2026-07-27T19:00:00+0200,1449.4,MW,PT,PT,actual_solar_generation,Solar,2026-08-24T11:53:07Z
2026-08-24T11:44:27Z,2026-08-24T13:44:27+0200,8b6740d6-ed67-4509-be5b-470091805d1c,2026-07-27T18:00:00Z,2026-07-27T20:00:00+0200,536.3,MW,PT,PT,actual_solar_generation,Solar,2026-08-24T11:53:07Z
2026-08-24T11:44:27Z,2026-08-24T13:44:27+0200,8b6740d6-ed67-4509-be5b-470091805d1c,2026-07-27T19:00:00Z,2026-07-27T21:00:00+0200,64.5,MW,PT,PT,actual_solar_generation,Solar,2026-08-24T11:53:07Z
2026-08-24T11:44:27Z,2026-08-24T13:44:27+0200,8b6740d6-ed67-4509-be5b-470091805d1c,2026-07-27T20:00:00Z,2026-07-27T22:00:00+0200,0.3,MW,PT,PT,actual_solar_generation,Solar,2026-08-24T11:53:07Z
2026-08-24T11:44:27Z,2026-08-24T13:44:27+0200,8b6740d6-ed67-4509-be5b-470091805d1c,2026-07-27T21:00:00Z,2026-07-27T23:00:00+0200,0.2,MW,PT,PT,actual_solar_generation,Solar,2026-08-24T11:53:07Z
2026-08-24T11:44:27Z,2026-08-24T13:44:27+0200,8b6740d6-ed67-4509-be5b-470091805d1c,2026-07-27T22:00:00Z,2026-07-28T00:00:00+0200,0.1,MW,PT,PT,actual_solar_generation,Solar,2026-08-24T11:53:07Z
2026-08-24T11:44:27Z,2026-08-24T13:44:27+0200,8b6740d6-ed67-4509-be5b-470091805d1c,2026-07-27T23:00:00Z,2026-07-28T01:00:00+0200,0.1,MW,PT,PT,actual_solar_generation,Solar,2026-08-24T11:53:07Z
2026-08-24T11:44:27Z,2026-08-24T13:44:27+0200,8b6740d6-ed67-4509-be5b-470091805d1c,2026-07-28T00:00:00Z,2026-07-28T02:00:00+0200,0.1,MW,PT,PT,actual_solar_generation,Solar,2026-08-24T11:53:07Z
2026-08-24T11:44:27Z,2026-08-24T13:44:27+0200,8b6740d6-ed67-4509-be5b-470091805d1c,2026-07-28T01:00:00Z,2026-07-28T03:00:00+0200,0.1,MW,PT,PT,actual_solar_generation,Solar,2026-08-24T11:53:07Z
2026-08-24T11:44:27Z,2026-08-24T13:44:27+0200,8b6740d6-ed67-4509-be5b-470091805d1c,2026-07-28T02:00:00Z,2026-07-28T04:00:00+0200,0.1,MW,PT,PT,actual_solar_generation,Solar,2026-08-24T11:53:07Z
2026-08-24T11:44:27Z,2026-08-24T13:44:27+0200,8b6740d6-ed67-4509-be5b-470091805d1c,2026-07-28T03:00:00Z,2026-07-28T05:00:00+0200,0.1,MW,PT,PT,actual_solar_generation,Solar,2026-08-24T11:53:07Z
2026-08-24T11:44:27Z,2026-08-24T13:44:27+0200,8b6740d6-ed67-4509-be5b-470091805d1c,2026-07-28T04:00:00Z,2026-07-28T06:00:00+0200,0.1,MW,PT,PT,actual_solar_generation,Solar,2026-08-24T11:53:07Z
2026-08-24T11:44:27Z,2026-08-24T13:44:27+0200,8b6740d6-ed67-4509-be5b-470091805d1c,2026-07-28T05:00:00Z,2026-07-28T07:00:00+0200,15.9,MW,PT,PT,actual_solar_generation,Solar,2026-08-24T11:53:07Z
2026-08-24T11:44:27Z,2026-08-24T13:44:27+0200,8b6740d6-ed67-4509-be5b-470091805d1c,2026-07-28T06:00:00Z,2026-07-28T08:00:00+0200,375.8,MW,PT,PT,actual_solar_generation,Solar,2026-08-24T11:53:07Z
2026-08-24T11:44:27Z,2026-08-24T13:44:27+0200,8b6740d6-ed67-4509-be5b-470091805d1c,2026-07-28T07:00:00Z,2026-07-28T09:00:00+0200,1284.0,MW,PT,PT,actual_solar_generation,Solar,2026-08-24T11:53:07Z
2026-08-24T11:44:27Z,2026-08-24T13:44:27+0200,8b6740d6-ed67-4509-be5b-470091805d1c,2026-07-28T08:00:00Z,2026-07-28T10:00:00+0200,2165.1,MW,PT,PT,actual_solar_generation,Solar,2026-08-24T11:53:07Z
2026-08-24T11:44:27Z,2026-08-24T13:44:27+0200,8b6740d6-ed67-4509-be5b-470091805d1c,2026-07-28T09:00:00Z,2026-07-28T11:00:00+0200,2787.5,MW,PT,PT,actual_solar_generation,Solar,2026-08-24T11:53:07Z
2026-08-24T11:44:27Z,2026-08-24T13:44:27+0200,8b6740d6-ed67-4509-be5b-470091805d1c,2026-07-28T10:00:00Z,2026-07-28T12:00:00+0200,2958.0,MW,PT,PT,actual_solar_generation,Solar,2026-08-24T11:53:07Z
2026-08-24T11:44:27Z,2026-08-24T13:44:27+0200,8b6740d6-ed67-4509-be5b-470091805d1c,2026-07-28T11:00:00Z,2026-07-28T13:00:00+0200,3246.8,MW,PT,PT,actual_solar_generation,Solar,2026-08-24T11:53:07Z
2026-08-24T11:44:27Z,2026-08-24T13:44:27+0200,8b6740d6-ed67-4509-be5b-470091805d1c,2026-07-28T12:00:00Z,2026-07-28T14:00:00+0200,3182.6,MW,PT,PT,actual_solar_generation,Solar,2026-08-24T11:53:07Z
2026-08-24T11:44:27Z,2026-08-24T13:44:27+0200,8b6740d6-ed67-4509-be5b-470091805d1c,2026-07-28T13:00:00Z,2026-07-28T15:00:00+0200,3166.5,MW,PT,PT,actual_solar_generation,Solar,2026-08-24T11:53:07Z
2026-08-24T11:44:27Z,2026-08-24T13:44:27+0200,8b6740d6-ed67-4509-be5b-470091805d1c,2026-07-28T14:00:00Z,2026-07-28T16:00:00+0200,3211.7,MW,PT,PT,actual_solar_generation,Solar,2026-08-24T11:53:07Z
2026-08-24T11:44:27Z,2026-08-24T13:44:27+0200,8b6740d6-ed67-4509-be5b-470091805d1c,2026-07-28T15:00:00Z,2026-07-28T17:00:00+0200,3038.9,MW,PT,PT,actual_solar_generation,Solar,2026-08-24T11:53:07Z
2026-08-24T11:44:27Z,2026-08-24T13:44:27+0200,8b6740d6-ed67-4509-be5b-470091805d1c,2026-07-28T16:00:00Z,2026-07-28T18:00:00+0200,2502.8,MW,PT,PT,actual_solar_generation,Solar,2026-08-24T11:53:07Z
2026-08-24T11:44:27Z,2026-08-24T13:44:27+0200,8b6740d6-ed67-4509-be5b-470091805d1c,2026-07-28T17:00:00Z,2026-07-28T19:00:00+0200,1610.8,MW,PT,PT,actual_solar_generation,Solar,2026-08-24T11:53:07Z
2026-08-24T11:44:27Z,2026-08-24T13:44:27+0200,8b6740d6-ed67-4509-be5b-470091805d1c,2026-07-28T18:00:00Z,2026-07-28T20:00:00+0200,610.9,MW,PT,PT,actual_solar_generation,Solar,2026-08-24T11:53:07Z
2026-08-24T11:44:27Z,2026-08-24T13:44:27+0200,8b6740d6-ed67-4509-be5b-470091805d1c,2026-07-28T19:00:00Z,2026-07-28T21:00:00+0200,70.3,MW,PT,PT,actual_solar_generation,Solar,2026-08-24T11:53:07Z
2026-08-24T11:44:27Z,2026-08-24T13:44:27+0200,8b6740d6-ed67-4509-be5b-470091805d1c,2026-07-28T20:00:00Z,2026-07-28T22:00:00+0200,0.4,MW,PT,PT,actual_solar_generation,Solar,2026-08-24T11:53:07Z
2026-08-24T11:44:27Z,2026-08-24T13:44:27+0200,8b6740d6-ed67-4509-be5b-470091805d1c,2026-07-28T21:00:00Z,2026-07-28T23:00:00+0200,0.2,MW,PT,PT,actual_solar_generation,Solar,2026-08-24T11:53:07Z
2026-08-24T11:44:27Z,2026-08-24T13:44:27+0200,8b6740d6-ed67-4509-be5b-470091805d1c,2026-07-28T22:00:00Z,2026-07-29T00:00:00+0200,0.1,MW,PT,PT,actual_solar_generation,Solar,2026-08-24T11:53:07Z
2026-08-24T11:44:27Z,2026-08-24T13:44:27+0200,8b6740d6-ed67-4509-be5b-470091805d1c,2026-07-28T23:00:00Z,2026-07-29T01:00:00+0200,0.1,MW,PT,PT,actual_solar_generation,Solar,2026-08-24T11:53:07Z
2026-08-24T11:44:27Z,2026-08-24T13:44:27+0200,8b6740d6-ed67-4509-be5b-470091805d1c,2026-07-29T00:00:00Z,2026-07-29T02:00:00+0200,0.1,MW,PT,PT,actual_solar_generation,Solar,2026-08-24T11:53:07Z
2026-08-24T11:44:27Z,2026-08-24T13:44:27+0200,8b6740d6-ed67-4509-be5b-470091805d1c,2026-07-29T01:00:00Z,2026-07-29T03:00:00+0200,0.1,MW,PT,PT,actual_solar_generation,Solar,2026-08-24T11:53:07Z
2026-08-24T11:44:27Z,2026-08-24T13:44:27+0200,8b6740d6-ed67-4509-be5b-470091805d1c,2026-07-29T02:00:00Z,2026-07-29T04:00:00+0200,0.1,MW,PT,PT,actual_solar_generation,Solar,2026-08-24T11:53:07Z
2026-08-24T11:44:27Z,2026-08-24T13:44:27+0200,8b6740d6-ed67-4509-be5b-470091805d1c,2026-07-29T03:00:00Z,2026-07-29T05:00:00+0200,0.1,MW,PT,PT,actual_solar_generation,Solar,2026-08-24T11:53:07Z
2026-08-24T11:44:27Z,2026-08-24T13:44:27+0200,8b6740d6-ed67-4509-be5b-470091805d1c,2026-07-29T04:00:00Z,2026-07-29T06:00:00+0200,0.1,MW,PT,PT,actual_solar_generation,Solar,2026-08-24T11:53:07Z
2026-08-24T11:44:27Z,2026-08-24T13:44:27+0200,8b6740d6-ed67-4509-be5b-470091805d1c,2026-07-29T05:00:00Z,2026-07-29T07:00:00+0200,17.6,MW,PT,PT,actual_solar_generation,Solar,2026-08-24T11:53:07Z
2026-08-24T11:44:27Z,2026-08-24T13:44:27+0200,8b6740d6-ed67-4509-be5b-470091805d1c,2026-07-29T06:00:00Z,2026-07-29T08:00:00+0200,347.1,MW,PT,PT,actual_solar_generation,Solar,2026-08-24T11:53:07Z
2026-08-24T11:44:27Z,2026-08-24T13:44:27+0200,8b6740d6-ed67-4509-be5b-470091805d1c,2026-07-29T07:00:00Z,2026-07-29T09:00:00+0200,1175.5,MW,PT,PT,actual_solar_generation,Solar,2026-08-24T11:53:07Z
2026-08-24T11:44:27Z,2026-08-24T13:44:27+0200,8b6740d6-ed67-4509-be5b-470091805d1c,2026-07-29T08:00:00Z,2026-07-29T10:00:00+0200,2095.8,MW,PT,PT,actual_solar_generation,Solar,2026-08-24T11:53:07Z
2026-08-24T11:44:27Z,2026-08-24T13:44:27+0200,8b6740d6-ed67-4509-be5b-470091805d1c,2026-07-29T09:00:00Z,2026-07-29T11:00:00+0200,2754.2,MW,PT,PT,actual_solar_generation,Solar,2026-08-24T11:53:07Z
2026-08-24T11:44:27Z,2026-08-24T13:44:27+0200,8b6740d6-ed67-4509-be5b-470091805d1c,2026-07-29T10:00:00Z,2026-07-29T12:00:00+0200,3238.4,MW,PT,PT,actual_solar_generation,Solar,2026-08-24T11:53:07Z
2026-08-24T11:44:27Z,2026-08-24T13:44:27+0200,8b6740d6-ed67-4509-be5b-470091805d1c,2026-07-29T11:00:00Z,2026-07-29T13:00:00+0200,3617.8,MW,PT,PT,actual_solar_generation,Solar,2026-08-24T11:53:07Z
2026-08-24T11:44:27Z,2026-08-24T13:44:27+0200,8b6740d6-ed67-4509-be5b-470091805d1c,2026-07-29T12:00:00Z,2026-07-29T14:00:00+0200,3711.8,MW,PT,PT,actual_solar_generation,Solar,2026-08-24T11:53:07Z
2026-08-24T11:44:27Z,2026-08-24T13:44:27+0200,8b6740d6-ed67-4509-be5b-470091805d1c,2026-07-29T13:00:00Z,2026-07-29T15:00:00+0200,3664.9,MW,PT,PT,actual_solar_generation,Solar,2026-08-24T11:53:07Z
2026-08-24T11:44:27Z,2026-08-24T13:44:27+0200,8b6740d6-ed67-4509-be5b-470091805d1c,2026-07-29T14:00:00Z,2026-07-29T16:00:00+0200,3335.4,MW,PT,PT,actual_solar_generation,Solar,2026-08-24T11:53:07Z
2026-08-24T11:44:27Z,2026-08-24T13:44:27+0200,8b6740d6-ed67-4509-be5b-470091805d1c,2026-07-29T15:00:00Z,2026-07-29T17:00:00+0200,3018.6,MW,PT,PT,actual_solar_generation,Solar,2026-08-24T11:53:07Z
2026-08-24T11:44:27Z,2026-08-24T13:44:27+0200,8b6740d6-ed67-4509-be5b-470091805d1c,2026-07-29T16:00:00Z,2026-07-29T18:00:00+0200,2503.3,MW,PT,PT,actual_solar_generation,Solar,2026-08-24T11:53:07Z
2026-08-24T11:44:27Z,2026-08-24T13:44:27+0200,8b6740d6-ed67-4509-be5b-470091805d1c,2026-07-29T17:00:00Z,2026-07-29T19:00:00+0200,1628.7,MW,PT,PT,actual_solar_generation,Solar,2026-08-24T11:53:07Z
2026-08-24T11:44:27Z,2026-08-24T13:44:27+0200,8b6740d6-ed67-4509-be5b-470091805d1c,2026-07-29T18:00:00Z,2026-07-29T20:00:00+0200,603.8,MW,PT,PT,actual_solar_generation,Solar,2026-08-24T11:53:07Z
2026-08-24T11:44:27Z,2026-08-24T13:44:27+0200,8b6740d6-ed67-4509-be5b-470091805d1c,2026-07-29T19:00:00Z,2026-07-29T21:00:00+0200,63.8,MW,PT,PT,actual_solar_generation,Solar,2026-08-24T11:53:07Z
2026-08-24T11:44:27Z,2026-08-24T13:44:27+0200,8b6740d6-ed67-4509-be5b-470091805d1c,2026-07-29T20:00:00Z,2026-07-29T22:00:00+0200,0.5,MW,PT,PT,actual_solar_generation,Solar,2026-08-24T11:53:07Z
2026-08-24T11:44:27Z,2026-08-24T13:44:27+0200,8b6740d6-ed67-4509-be5b-470091805d1c,2026-07-29T21:00:00Z,2026-07-29T23:00:00+0200,0.2,MW,PT,PT,actual_solar_generation,Solar,2026-08-24T11:53:07Z
2026-08-24T11:44:27Z,2026-08-24T13:44:27+0200,8b6740d6-ed67-4509-be5b-470091805d1c,2026-07-29T22:00:00Z,2026-07-30T00:00:00+0200,0.2,MW,PT,PT,actual_solar_generation,Solar,2026-08-24T11:53:07Z
2026-08-24T11:44:27Z,2026-08-24T13:44:27+0200,8b6740d6-ed67-4509-be5b-470091805d1c,2026-07-29T23:00:00Z,2026-07-30T01:00:00+0200,0.1,MW,PT,PT,actual_solar_generation,Solar,2026-08-24T11:53:07Z
2026-08-24T11:44:27Z,2026-08-24T13:44:27+0200,8b6740d6-ed67-4509-be5b-470091805d1c,2026-07-30T00:00:00Z,2026-07-30T02:00:00+0200,0.1,MW,PT,PT,actual_solar_generation,Solar,2026-08-24T11:53:07Z
2026-08-24T11:44:27Z,2026-08-24T13:44:27+0200,8b6740d6-ed67-4509-be5b-470091805d1c,2026-07-30T01:00:00Z,2026-07-30T03:00:00+0200,0.1,MW,PT,PT,actual_solar_generation,Solar,2026-08-24T11:53:07Z
2026-08-24T11:44:27Z,2026-08-24T13:44:27+0200,8b6740d6-ed67-4509-be5b-470091805d1c,2026-07-30T02:00:00Z,2026-07-30T04:00:00+0200,0.1,MW,PT,PT,actual_solar_generation,Solar,2026-08-24T11:53:07Z
2026-08-24T11:44:27Z,2026-08-24T13:44:27+0200,8b6740d6-ed67-4509-be5b-470091805d1c,2026-07-30T03:00:00Z,2026-07-30T05:00:00+0200,0.1,MW,PT,PT,actual_solar_generation,Solar,2026-08-24T11:53:07Z
2026-08-24T11:44:27Z,2026-08-24T13:44:27+0200,8b6740d6-ed67-4509-be5b-470091805d1c,2026-07-30T04:00:00Z,2026-07-30T06:00:00+0200,0.1,MW,PT,PT,actual_solar_generation,Solar,2026-08-24T11:53:07Z
2026-08-24T11:44:27Z,2026-08-24T13:44:27+0200,8b6740d6-ed67-4509-be5b-470091805d1c,2026-07-30T05:00:00Z,2026-07-30T07:00:00+0200,19.1,MW,PT,PT,actual_solar_generation,Solar,2026-08-24T11:53:07Z
2026-08-24T11:44:27Z,2026-08-24T13:44:27+0200,8b6740d6-ed67-4509-be5b-470091805d1c,2026-07-30T06:00:00Z,2026-07-30T08:00:00+0200,424.5,MW,PT,PT,actual_solar_generation,Solar,2026-08-24T11:53:07Z
2026-08-24T11:44:27Z,2026-08-24T13:44:27+0200,8b6740d6-ed67-4509-be5b-470091805d1c,2026-07-30T07:00:00Z,2026-07-30T09:00:00+0200,1440.1,MW,PT,PT,actual_solar_generation,Solar,2026-08-24T11:53:07Z
2026-08-24T11:44:27Z,2026-08-24T13:44:27+0200,8b6740d6-ed67-4509-be5b-470091805d1c,2026-07-30T08:00:00Z,2026-07-30T10:00:00+0200,2442.6,MW,PT,PT,actual_solar_generation,Solar,2026-08-24T11:53:07Z
2026-08-24T11:44:27Z,2026-08-24T13:44:27+0200,8b6740d6-ed67-4509-be5b-470091805d1c,2026-07-30T09:00:00Z,2026-07-30T11:00:00+0200,3010.4,MW,PT,PT,actual_solar_generation,Solar,2026-08-24T11:53:07Z
2026-08-24T11:44:27Z,2026-08-24T13:44:27+0200,8b6740d6-ed67-4509-be5b-470091805d1c,2026-07-30T10:00:00Z,2026-07-30T12:00:00+0200,3422.0,MW,PT,PT,actual_solar_generation,Solar,2026-08-24T11:53:07Z
2026-08-24T11:44:27Z,2026-08-24T13:44:27+0200,8b6740d6-ed67-4509-be5b-470091805d1c,2026-07-30T11:00:00Z,2026-07-30T13:00:00+0200,3633.7,MW,PT,PT,actual_solar_generation,Solar,2026-08-24T11:53:07Z
2026-08-24T11:44:27Z,2026-08-24T13:44:27+0200,8b6740d6-ed67-4509-be5b-470091805d1c,2026-07-30T12:00:00Z,2026-07-30T14:00:00+0200,3707.4,MW,PT,PT,actual_solar_generation,Solar,2026-08-24T11:53:07Z
2026-08-24T11:44:27Z,2026-08-24T13:44:27+0200,8b6740d6-ed67-4509-be5b-470091805d1c,2026-07-30T13:00:00Z,2026-07-30T15:00:00+0200,3611.5,MW,PT,PT,actual_solar_generation,Solar,2026-08-24T11:53:07Z
2026-08-24T11:44:27Z,2026-08-24T13:44:27+0200,8b6740d6-ed67-4509-be5b-470091805d1c,2026-07-30T14:00:00Z,2026-07-30T16:00:00+0200,3490.1,MW,PT,PT,actual_solar_generation,Solar,2026-08-24T11:53:07Z
2026-08-24T11:44:27Z,2026-08-24T13:44:27+0200,8b6740d6-ed67-4509-be5b-470091805d1c,2026-07-30T15:00:00Z,2026-07-30T17:00:00+0200,3203.5,MW,PT,PT,actual_solar_generation,Solar,2026-08-24T11:53:07Z
2026-08-24T11:44:27Z,2026-08-24T13:44:27+0200,8b6740d6-ed67-4509-be5b-470091805d1c,2026-07-30T16:00:00Z,2026-07-30T18:00:00+0200,2630.4,MW,PT,PT,actual_solar_generation,Solar,2026-08-24T11:53:07Z
2026-08-24T11:44:27Z,2026-08-24T13:44:27+0200,8b6740d6-ed67-4509-be5b-470091805d1c,2026-07-30T17:00:00Z,2026-07-30T19:00:00+0200,1645.0,MW,PT,PT,actual_solar_generation,Solar,2026-08-24T11:53:07Z
2026-08-24T11:44:27Z,2026-08-24T13:44:27+0200,8b6740d6-ed67-4509-be5b-470091805d1c,2026-07-30T18:00:00Z,2026-07-30T20:00:00+0200,650.8,MW,PT,PT,actual_solar_generation,Solar,2026-08-24T11:53:07Z
2026-08-24T11:44:27Z,2026-08-24T13:44:27+0200,8b6740d6-ed67-4509-be5b-470091805d1c,2026-07-30T19:00:00Z,2026-07-30T21:00:00+0200,74.6,MW,PT,PT,actual_solar_generation,Solar,2026-08-24T11:53:07Z
2026-08-24T11:44:27Z,2026-08-24T13:44:27+0200,8b6740d6-ed67-4509-be5b-470091805d1c,2026-07-30T20:00:00Z,2026-07-30T22:00:00+0200,0.3,MW,PT,PT,actual_solar_generation,Solar,2026-08-24T11:53:07Z
2026-08-24T11:44:27Z,2026-08-24T13:44:27+0200,8b6740d6-ed67-4509-be5b-470091805d1c,2026-07-30T21:00:00Z,2026-07-30T23:00:00+0200,0.2,MW,PT,PT,actual_solar_generation,Solar,2026-08-24T11:53:07Z
2026-08-24T11:44:27Z,2026-08-24T13:44:27+0200,8b6740d6-ed67-4509-be5b-470091805d1c,2026-07-30T22:00:00Z,2026-07-31T00:00:00+0200,0.1,MW,PT,PT,actual_solar_generation,Solar,2026-08-24T11:53:07Z
2026-08-24T11:44:27Z,2026-08-24T13:44:27+0200,8b6740d6-ed67-4509-be5b-470091805d1c,2026-07-30T23:00:00Z,2026-07-31T01:00:00+0200,0.1,MW,PT,PT,actual_solar_generation,Solar,2026-08-24T11:53:07Z
2026-08-24T11:44:27Z,2026-08-24T13:44:27+0200,8b6740d6-ed67-4509-be5b-470091805d1c,2026-07-31T00:00:00Z,2026-07-31T02:00:00+0200,0.1,MW,PT,PT,actual_solar_generation,Solar,2026-08-24T11:53:07Z
2026-08-24T11:44:27Z,2026-08-24T13:44:27+0200,8b6740d6-ed67-4509-be5b-470091805d1c,2026-07-31T01:00:00Z,2026-07-31T03:00:00+0200,0.1,MW,PT,PT,actual_solar_generation,Solar,2026-08-24T11:53:07Z
2026-08-24T11:44:27Z,2026-08-24T13:44:27+0200,8b6740d6-ed67-4509-be5b-470091805d1c,2026-07-31T02:00:00Z,2026-07-31T04:00:00+0200,0.1,MW,PT,PT,actual_solar_generation,Solar,2026-08-24T11:53:07Z
2026-08-24T11:44:27Z,2026-08-24T13:44:27+0200,8b6740d6-ed67-4509-be5b-470091805d1c,2026-07-31T03:00:00Z,2026-07-31T05:00:00+0200,0.0,MW,PT,PT,actual_solar_generation,Solar,2026-08-24T11:53:07Z
2026-08-24T11:44:27Z,2026-08-24T13:44:27+0200,8b6740d6-ed67-4509-be5b-470091805d1c,2026-07-31T04:00:00Z,2026-07-31T06:00:00+0200,0.1,MW,PT,PT,actual_solar_generation,Solar,2026-08-24T11:53:07Z
2026-08-24T11:44:27Z,2026-08-24T13:44:27+0200,8b6740d6-ed67-4509-be5b-470091805d1c,2026-07-31T05:00:00Z,2026-07-31T07:00:00+0200,16.9,MW,PT,PT,actual_solar_generation,Solar,2026-08-24T11:53:07Z
2026-08-24T11:44:27Z,2026-08-24T13:44:27+0200,8b6740d6-ed67-4509-be5b-470091805d1c,2026-07-31T06:00:00Z,2026-07-31T08:00:00+0200,441.4,MW,PT,PT,actual_solar_generation,Solar,2026-08-24T11:53:07Z
2026-08-24T11:44:27Z,2026-08-24T13:44:27+0200,8b6740d6-ed67-4509-be5b-470091805d1c,2026-07-31T07:00:00Z,2026-07-31T09:00:00+0200,1469.5,MW,PT,PT,actual_solar_generation,Solar,2026-08-24T11:53:07Z
2026-08-24T11:44:27Z,2026-08-24T13:44:27+0200,8b6740d6-ed67-4509-be5b-470091805d1c,2026-07-31T08:00:00Z,2026-07-31T10:00:00+0200,2460.7,MW,PT,PT,actual_solar_generation,Solar,2026-08-24T11:53:07Z
2026-08-24T11:44:27Z,2026-08-24T13:44:27+0200,8b6740d6-ed67-4509-be5b-470091805d1c,2026-07-31T09:00:00Z,2026-07-31T11:00:00+0200,2945.1,MW,PT,PT,actual_solar_generation,Solar,2026-08-24T11:53:07Z
2026-08-24T11:44:27Z,2026-08-24T13:44:27+0200,8b6740d6-ed67-4509-be5b-470091805d1c,2026-07-31T10:00:00Z,2026-07-31T12:00:00+0200,3418.5,MW,PT,PT,actual_solar_generation,Solar,2026-08-24T11:53:07Z
2026-08-24T11:44:27Z,2026-08-24T13:44:27+0200,8b6740d6-ed67-4509-be5b-470091805d1c,2026-07-31T11:00:00Z,2026-07-31T13:00:00+0200,3623.5,MW,PT,PT,actual_solar_generation,Solar,2026-08-24T11:53:07Z
2026-08-24T11:44:27Z,2026-08-24T13:44:27+0200,8b6740d6-ed67-4509-be5b-470091805d1c,2026-07-31T12:00:00Z,2026-07-31T14:00:00+0200,3672.2,MW,PT,PT,actual_solar_generation,Solar,2026-08-24T11:53:07Z
2026-08-24T11:44:27Z,2026-08-24T13:44:27+0200,8b6740d6-ed67-4509-be5b-470091805d1c,2026-07-31T13:00:00Z,2026-07-31T15:00:00+0200,3566.4,MW,PT,PT,actual_solar_generation,Solar,2026-08-24T11:53:07Z
2026-08-24T11:44:27Z,2026-08-24T13:44:27+0200,8b6740d6-ed67-4509-be5b-470091805d1c,2026-07-31T14:00:00Z,2026-07-31T16:00:00+0200,3452.5,MW,PT,PT,actual_solar_generation,Solar,2026-08-24T11:53:07Z
2026-08-24T11:44:27Z,2026-08-24T13:44:27+0200,8b6740d6-ed67-4509-be5b-470091805d1c,2026-07-31T15:00:00Z,2026-07-31T17:00:00+0200,3025.4,MW,PT,PT,actual_solar_generation,Solar,2026-08-24T11:53:07Z
2026-08-24T11:44:27Z,2026-08-24T13:44:27+0200,8b6740d6-ed67-4509-be5b-470091805d1c,2026-07-31T16:00:00Z,2026-07-31T18:00:00+0200,2564.9,MW,PT,PT,actual_solar_generation,Solar,2026-08-24T11:53:07Z
2026-08-24T11:44:27Z,2026-08-24T13:44:27+0200,8b6740d6-ed67-4509-be5b-470091805d1c,2026-07-31T17:00:00Z,2026-07-31T19:00:00+0200,1655.0,MW,PT,PT,actual_solar_generation,Solar,2026-08-24T11:53:07Z
2026-08-24T11:44:27Z,2026-08-24T13:44:27+0200,8b6740d6-ed67-4509-be5b-470091805d1c,2026-07-31T18:00:00Z,2026-07-31T20:00:00+0200,626.4,MW,PT,PT,actual_solar_generation,Solar,2026-08-24T11:53:07Z
2026-08-24T11:44:27Z,2026-08-24T13:44:27+0200,8b6740d6-ed67-4509-be5b-470091805d1c,2026-07-31T19:00:00Z,2026-07-31T21:00:00+0200,66.7,MW,PT,PT,actual_solar_generation,Solar,2026-08-24T11:53:07Z
2026-08-24T11:44:27Z,2026-08-24T13:44:27+0200,8b6740d6-ed67-4509-be5b-470091805d1c,2026-07-31T20:00:00Z,2026-07-31T22:00:00+0200,0.2,MW,PT,PT,actual_solar_generation,Solar,2026-08-24T11:53:07Z
2026-08-24T11:44:27Z,2026-08-24T13:44:27+0200,8b6740d6-ed67-4509-be5b-470091805d1c,2026-07-31T21:00:00Z,2026-07-31T23:00:00+0200,0.2,MW,PT,PT,actual_solar_generation,Solar,2026-08-24T11:53:07Z
2026-08-24T11:44:27Z,2026-08-24T13:44:27+0200,8b6740d6-ed67-4509-be5b-470091805d1c,2026-07-31T22:00:00Z,2026-08-01T00:00:00+0200,0.1,MW,PT,PT,actual_solar_generation,Solar,2026-08-24T11:53:07Z
2026-08-24T11:44:27Z,2026-08-24T13:44:27+0200,8b6740d6-ed67-4509-be5b-470091805d1c,2026-07-31T23:00:00Z,2026-08-01T01:00:00+0200,0.2,MW,PT,PT,actual_solar_generation,Solar,2026-08-24T11:53:07Z
2026-08-24T11:44:27Z,2026-08-24T13:44:27+0200,8b6740d6-ed67-4509-be5b-470091805d1c,2026-08-01T00:00:00Z,2026-08-01T02:00:00+0200,0.1,MW,PT,PT,actual_solar_generation,Solar,2026-08-24T11:53:07Z
2026-08-24T11:44:27Z,2026-08-24T13:44:27+0200,8b6740d6-ed67-4509-be5b-470091805d1c,2026-08-01T01:00:00Z,2026-08-01T03:00:00+0200,0.1,MW,PT,PT,actual_solar_generation,Solar,2026-08-24T11:53:07Z
2026-08-24T11:44:27Z,2026-08-24T13:44:27+0200,8b6740d6-ed67-4509-be5b-470091805d1c,2026-08-01T02:00:00Z,2026-08-01T04:00:00+0200,0.1,MW,PT,PT,actual_solar_generation,Solar,2026-08-24T11:53:07Z
2026-08-24T11:44:27Z,2026-08-24T13:44:27+0200,8b6740d6-ed67-4509-be5b-470091805d1c,2026-08-01T03:00:00Z,2026-08-01T05:00:00+0200,0.1,MW,PT,PT,actual_solar_generation,Solar,2026-08-24T11:53:07Z
2026-08-24T11:44:27Z,2026-08-24T13:44:27+0200,8b6740d6-ed67-4509-be5b-470091805d1c,2026-08-01T04:00:00Z,2026-08-01T06:00:00+0200,0.1,MW,PT,PT,actual_solar_generation,Solar,2026-08-24T11:53:07Z
2026-08-24T11:44:27Z,2026-08-24T13:44:27+0200,8b6740d6-ed67-4509-be5b-470091805d1c,2026-08-01T05:00:00Z,2026-08-01T07:00:00+0200,12.2,MW,PT,PT,actual_solar_generation,Solar,2026-08-24T11:53:07Z
2026-08-24T11:44:27Z,2026-08-24T13:44:27+0200,8b6740d6-ed67-4509-be5b-470091805d1c,2026-08-01T06:00:00Z,2026-08-01T08:00:00+0200,388.2,MW,PT,PT,actual_solar_generation,Solar,2026-08-24T11:53:07Z
2026-08-24T11:44:27Z,2026-08-24T13:44:27+0200,8b6740d6-ed67-4509-be5b-470091805d1c,2026-08-01T07:00:00Z,2026-08-01T09:00:00+0200,1420.1,MW,PT,PT,actual_solar_generation,Solar,2026-08-24T11:53:07Z
2026-08-24T11:44:27Z,2026-08-24T13:44:27+0200,8b6740d6-ed67-4509-be5b-470091805d1c,2026-08-01T08:00:00Z,2026-08-01T10:00:00+0200,2238.5,MW,PT,PT,actual_solar_generation,Solar,2026-08-24T11:53:07Z
2026-08-24T11:44:27Z,2026-08-24T13:44:27+0200,8b6740d6-ed67-4509-be5b-470091805d1c,2026-08-01T09:00:00Z,2026-08-01T11:00:00+0200,2391.4,MW,PT,PT,actual_solar_generation,Solar,2026-08-24T11:53:07Z
2026-08-24T11:44:27Z,2026-08-24T13:44:27+0200,8b6740d6-ed67-4509-be5b-470091805d1c,2026-08-01T10:00:00Z,2026-08-01T12:00:00+0200,2805.8,MW,PT,PT,actual_solar_generation,Solar,2026-08-24T11:53:07Z
2026-08-24T11:44:27Z,2026-08-24T13:44:27+0200,8b6740d6-ed67-4509-be5b-470091805d1c,2026-08-01T11:00:00Z,2026-08-01T13:00:00+0200,2856.6,MW,PT,PT,actual_solar_generation,Solar,2026-08-24T11:53:07Z
2026-08-24T11:44:27Z,2026-08-24T13:44:27+0200,8b6740d6-ed67-4509-be5b-470091805d1c,2026-08-01T12:00:00Z,2026-08-01T14:00:00+0200,2901.6,MW,PT,PT,actual_solar_generation,Solar,2026-08-24T11:53:07Z
2026-08-24T11:44:27Z,2026-08-24T13:44:27+0200,8b6740d6-ed67-4509-be5b-470091805d1c,2026-08-01T13:00:00Z,2026-08-01T15:00:00+0200,2844.1,MW,PT,PT,actual_solar_generation,Solar,2026-08-24T11:53:07Z
2026-08-24T11:44:27Z,2026-08-24T13:44:27+0200,8b6740d6-ed67-4509-be5b-470091805d1c,2026-08-01T14:00:00Z,2026-08-01T16:00:00+0200,2826.7,MW,PT,PT,actual_solar_generation,Solar,2026-08-24T11:53:07Z
2026-08-24T11:44:27Z,2026-08-24T13:44:27+0200,8b6740d6-ed67-4509-be5b-470091805d1c,2026-08-01T15:00:00Z,2026-08-01T17:00:00+0200,2872.9,MW,PT,PT,actual_solar_generation,Solar,2026-08-24T11:53:07Z
2026-08-24T11:44:27Z,2026-08-24T13:44:27+0200,8b6740d6-ed67-4509-be5b-470091805d1c,2026-08-01T16:00:00Z,2026-08-01T18:00:00+0200,2570.0,MW,PT,PT,actual_solar_generation,Solar,2026-08-24T11:53:07Z
2026-08-24T11:44:27Z,2026-08-24T13:44:27+0200,8b6740d6-ed67-4509-be5b-470091805d1c,2026-08-01T17:00:00Z,2026-08-01T19:00:00+0200,1702.9,MW,PT,PT,actual_solar_generation,Solar,2026-08-24T11:53:07Z
2026-08-24T11:44:27Z,2026-08-24T13:44:27+0200,8b6740d6-ed67-4509-be5b-470091805d1c,2026-08-01T18:00:00Z,2026-08-01T20:00:00+0200,686.7,MW,PT,PT,actual_solar_generation,Solar,2026-08-24T11:53:07Z
2026-08-24T11:44:27Z,2026-08-24T13:44:27+0200,8b6740d6-ed67-4509-be5b-470091805d1c,2026-08-01T19:00:00Z,2026-08-01T21:00:00+0200,62.2,MW,PT,PT,actual_solar_generation,Solar,2026-08-24T11:53:07Z
2026-08-24T11:44:27Z,2026-08-24T13:44:27+0200,8b6740d6-ed67-4509-be5b-470091805d1c,2026-08-01T20:00:00Z,2026-08-01T22:00:00+0200,0.7,MW,PT,PT,actual_solar_generation,Solar,2026-08-24T11:53:07Z
2026-08-24T11:44:27Z,2026-08-24T13:44:27+0200,8b6740d6-ed67-4509-be5b-470091805d1c,2026-08-01T21:00:00Z,2026-08-01T23:00:00+0200,0.2,MW,PT,PT,actual_solar_generation,Solar,2026-08-24T11:53:07Z
2026-08-24T11:44:27Z,2026-08-24T13:44:27+0200,8b6740d6-ed67-4509-be5b-470091805d1c,2026-08-01T22:00:00Z,2026-08-02T00:00:00+0200,0.2,MW,PT,PT,actual_solar_generation,Solar,2026-08-24T11:53:07Z
2026-08-24T11:44:27Z,2026-08-24T13:44:27+0200,8b6740d6-ed67-4509-be5b-470091805d1c,2026-08-01T23:00:00Z,2026-08-02T01:00:00+0200,0.1,MW,PT,PT,actual_solar_generation,Solar,2026-08-24T11:53:07Z
2026-08-24T11:44:27Z,2026-08-24T13:44:27+0200,8b6740d6-ed67-4509-be5b-470091805d1c,2026-08-02T00:00:00Z,2026-08-02T02:00:00+0200,0.1,MW,PT,PT,actual_solar_generation,Solar,2026-08-24T11:53:07Z
2026-08-24T11:44:27Z,2026-08-24T13:44:27+0200,8b6740d6-ed67-4509-be5b-470091805d1c,2026-08-02T01:00:00Z,2026-08-02T03:00:00+0200,0.1,MW,PT,PT,actual_solar_generation,Solar,2026-08-24T11:53:07Z
2026-08-24T11:44:27Z,2026-08-24T13:44:27+0200,8b6740d6-ed67-4509-be5b-470091805d1c,2026-08-02T02:00:00Z,2026-08-02T04:00:00+0200,0.1,MW,PT,PT,actual_solar_generation,Solar,2026-08-24T11:53:07Z
2026-08-24T11:44:27Z,2026-08-24T13:44:27+0200,8b6740d6-ed67-4509-be5b-470091805d1c,2026-08-02T03:00:00Z,2026-08-02T05:00:00+0200,0.1,MW,PT,PT,actual_solar_generation,Solar,2026-08-24T11:53:07Z
2026-08-24T11:44:27Z,2026-08-24T13:44:27+0200,8b6740d6-ed67-4509-be5b-470091805d1c,2026-08-02T04:00:00Z,2026-08-02T06:00:00+0200,0.1,MW,PT,PT,actual_solar_generation,Solar,2026-08-24T11:53:07Z
2026-08-24T11:44:27Z,2026-08-24T13:44:27+0200,8b6740d6-ed67-4509-be5b-470091805d1c,2026-08-02T05:00:00Z,2026-08-02T07:00:00+0200,10.6,MW,PT,PT,actual_solar_generation,Solar,2026-08-24T11:53:07Z
2026-08-24T11:44:27Z,2026-08-24T13:44:27+0200,8b6740d6-ed67-4509-be5b-470091805d1c,2026-08-02T06:00:00Z,2026-08-02T08:00:00+0200,368.1,MW,PT,PT,actual_solar_generation,Solar,2026-08-24T11:53:07Z
2026-08-24T11:44:27Z,2026-08-24T13:44:27+0200,8b6740d6-ed67-4509-be5b-470091805d1c,2026-08-02T07:00:00Z,2026-08-02T09:00:00+0200,1286.5,MW,PT,PT,actual_solar_generation,Solar,2026-08-24T11:53:07Z
2026-08-24T11:44:27Z,2026-08-24T13:44:27+0200,8b6740d6-ed67-4509-be5b-470091805d1c,2026-08-02T08:00:00Z,2026-08-02T10:00:00+0200,1764.7,MW,PT,PT,actual_solar_generation,Solar,2026-08-24T11:53:07Z
2026-08-24T11:44:27Z,2026-08-24T13:44:27+0200,8b6740d6-ed67-4509-be5b-470091805d1c,2026-08-02T09:00:00Z,2026-08-02T11:00:00+0200,2004.4,MW,PT,PT,actual_solar_generation,Solar,2026-08-24T11:53:07Z
2026-08-24T11:44:27Z,2026-08-24T13:44:27+0200,8b6740d6-ed67-4509-be5b-470091805d1c,2026-08-02T10:00:00Z,2026-08-02T12:00:00+0200,2315.2,MW,PT,PT,actual_solar_generation,Solar,2026-08-24T11:53:07Z
2026-08-24T11:44:27Z,2026-08-24T13:44:27+0200,8b6740d6-ed67-4509-be5b-470091805d1c,2026-08-02T11:00:00Z,2026-08-02T13:00:00+0200,2445.5,MW,PT,PT,actual_solar_generation,Solar,2026-08-24T11:53:07Z
2026-08-24T11:44:27Z,2026-08-24T13:44:27+0200,8b6740d6-ed67-4509-be5b-470091805d1c,2026-08-02T12:00:00Z,2026-08-02T14:00:00+0200,2360.4,MW,PT,PT,actual_solar_generation,Solar,2026-08-24T11:53:07Z
2026-08-24T11:44:27Z,2026-08-24T13:44:27+0200,8b6740d6-ed67-4509-be5b-470091805d1c,2026-08-02T13:00:00Z,2026-08-02T15:00:00+0200,2148.6,MW,PT,PT,actual_solar_generation,Solar,2026-08-24T11:53:07Z
2026-08-24T11:44:27Z,2026-08-24T13:44:27+0200,8b6740d6-ed67-4509-be5b-470091805d1c,2026-08-02T14:00:00Z,2026-08-02T16:00:00+0200,2025.3,MW,PT,PT,actual_solar_generation,Solar,2026-08-24T11:53:07Z
2026-08-24T11:44:27Z,2026-08-24T13:44:27+0200,8b6740d6-ed67-4509-be5b-470091805d1c,2026-08-02T15:00:00Z,2026-08-02T17:00:00+0200,2198.4,MW,PT,PT,actual_solar_generation,Solar,2026-08-24T11:53:07Z
2026-08-24T11:44:27Z,2026-08-24T13:44:27+0200,8b6740d6-ed67-4509-be5b-470091805d1c,2026-08-02T16:00:00Z,2026-08-02T18:00:00+0200,2112.9,MW,PT,PT,actual_solar_generation,Solar,2026-08-24T11:53:07Z
2026-08-24T11:44:27Z,2026-08-24T13:44:27+0200,8b6740d6-ed67-4509-be5b-470091805d1c,2026-08-02T17:00:00Z,2026-08-02T19:00:00+0200,1605.9,MW,PT,PT,actual_solar_generation,Solar,2026-08-24T11:53:07Z
2026-08-24T11:44:27Z,2026-08-24T13:44:27+0200,8b6740d6-ed67-4509-be5b-470091805d1c,2026-08-02T18:00:00Z,2026-08-02T20:00:00+0200,504.4,MW,PT,PT,actual_solar_generation,Solar,2026-08-24T11:53:07Z
2026-08-24T11:44:27Z,2026-08-24T13:44:27+0200,8b6740d6-ed67-4509-be5b-470091805d1c,2026-08-02T19:00:00Z,2026-08-02T21:00:00+0200,55.5,MW,PT,PT,actual_solar_generation,Solar,2026-08-24T11:53:07Z
2026-08-24T11:44:27Z,2026-08-24T13:44:27+0200,8b6740d6-ed67-4509-be5b-470091805d1c,2026-08-02T20:00:00Z,2026-08-02T22:00:00+0200,0.4,MW,PT,PT,actual_solar_generation,Solar,2026-08-24T11:53:07Z
2026-08-24T11:44:27Z,2026-08-24T13:44:27+0200,8b6740d6-ed67-4509-be5b-470091805d1c,2026-08-02T21:00:00Z,2026-08-02T23:00:00+0200,0.2,MW,PT,PT,actual_solar_generation,Solar,2026-08-24T11:53:07Z
2026-08-24T11:44:27Z,2026-08-24T13:44:27+0200,8b6740d6-ed67-4509-be5b-470091805d1c,2026-08-02T22:00:00Z,2026-08-03T00:00:00+0200,0.1,MW,PT,PT,actual_solar_generation,Solar,2026-08-24T11:53:07Z
2026-08-24T11:44:27Z,2026-08-24T13:44:27+0200,8b6740d6-ed67-4509-be5b-470091805d1c,2026-08-02T23:00:00Z,2026-08-03T01:00:00+0200,0.1,MW,PT,PT,actual_solar_generation,Solar,2026-08-24T11:53:07Z
2026-08-24T11:44:27Z,2026-08-24T13:44:27+0200,8b6740d6-ed67-4509-be5b-470091805d1c,2026-08-03T00:00:00Z,2026-08-03T02:00:00+0200,0.1,MW,PT,PT,actual_solar_generation,Solar,2026-08-24T11:53:07Z
2026-08-24T11:44:27Z,2026-08-24T13:44:27+0200,8b6740d6-ed67-4509-be5b-470091805d1c,2026-08-03T01:00:00Z,2026-08-03T03:00:00+0200,0.1,MW,PT,PT,actual_solar_generation,Solar,2026-08-24T11:53:07Z
2026-08-24T11:44:27Z,2026-08-24T13:44:27+0200,8b6740d6-ed67-4509-be5b-470091805d1c,2026-08-03T02:00:00Z,2026-08-03T04:00:00+0200,0.1,MW,PT,PT,actual_solar_generation,Solar,2026-08-24T11:53:07Z
2026-08-24T11:44:27Z,2026-08-24T13:44:27+0200,8b6740d6-ed67-4509-be5b-470091805d1c,2026-08-03T03:00:00Z,2026-08-03T05:00:00+0200,0.1,MW,PT,PT,actual_solar_generation,Solar,2026-08-24T11:53:07Z
2026-08-24T11:44:27Z,2026-08-24T13:44:27+0200,8b6740d6-ed67-4509-be5b-470091805d1c,2026-08-03T04:00:00Z,2026-08-03T06:00:00+0200,0.1,MW,PT,PT,actual_solar_generation,Solar,2026-08-24T11:53:07Z
2026-08-24T11:44:27Z,2026-08-24T13:44:27+0200,8b6740d6-ed67-4509-be5b-470091805d1c,2026-08-03T05:00:00Z,2026-08-03T07:00:00+0200,3.4,MW,PT,PT,actual_solar_generation,Solar,2026-08-24T11:53:07Z
2026-08-24T11:44:27Z,2026-08-24T13:44:27+0200,8b6740d6-ed67-4509-be5b-470091805d1c,2026-08-03T06:00:00Z,2026-08-03T08:00:00+0200,205.8,MW,PT,PT,actual_solar_generation,Solar,2026-08-24T11:53:07Z
2026-08-24T11:44:27Z,2026-08-24T13:44:27+0200,8b6740d6-ed67-4509-be5b-470091805d1c,2026-08-03T07:00:00Z,2026-08-03T09:00:00+0200,940.7,MW,PT,PT,actual_solar_generation,Solar,2026-08-24T11:53:07Z
2026-08-24T11:44:27Z,2026-08-24T13:44:27+0200,8b6740d6-ed67-4509-be5b-470091805d1c,2026-08-03T08:00:00Z,2026-08-03T10:00:00+0200,1924.0,MW,PT,PT,actual_solar_generation,Solar,2026-08-24T11:53:07Z
2026-08-24T11:44:27Z,2026-08-24T13:44:27+0200,8b6740d6-ed67-4509-be5b-470091805d1c,2026-08-03T09:00:00Z,2026-08-03T11:00:00+0200,2458.4,MW,PT,PT,actual_solar_generation,Solar,2026-08-24T11:53:07Z
2026-08-24T11:44:27Z,2026-08-24T13:44:27+0200,8b6740d6-ed67-4509-be5b-470091805d1c,2026-08-03T10:00:00Z,2026-08-03T12:00:00+0200,2826.9,MW,PT,PT,actual_solar_generation,Solar,2026-08-24T11:53:07Z
2026-08-24T11:44:27Z,2026-08-24T13:44:27+0200,8b6740d6-ed67-4509-be5b-470091805d1c,2026-08-03T11:00:00Z,2026-08-03T13:00:00+0200,2706.3,MW,PT,PT,actual_solar_generation,Solar,2026-08-24T11:53:07Z
2026-08-24T11:44:27Z,2026-08-24T13:44:27+0200,8b6740d6-ed67-4509-be5b-470091805d1c,2026-08-03T12:00:00Z,2026-08-03T14:00:00+0200,2694.1,MW,PT,PT,actual_solar_generation,Solar,2026-08-24T11:53:07Z
2026-08-24T11:44:27Z,2026-08-24T13:44:27+0200,8b6740d6-ed67-4509-be5b-470091805d1c,2026-08-03T13:00:00Z,2026-08-03T15:00:00+0200,2381.7,MW,PT,PT,actual_solar_generation,Solar,2026-08-24T11:53:07Z
2026-08-24T11:44:27Z,2026-08-24T13:44:27+0200,8b6740d6-ed67-4509-be5b-470091805d1c,2026-08-03T14:00:00Z,2026-08-03T16:00:00+0200,2125.2,MW,PT,PT,actual_solar_generation,Solar,2026-08-24T11:53:07Z
2026-08-24T11:44:27Z,2026-08-24T13:44:27+0200,8b6740d6-ed67-4509-be5b-470091805d1c,2026-08-03T15:00:00Z,2026-08-03T17:00:00+0200,2103.0,MW,PT,PT,actual_solar_generation,Solar,2026-08-24T11:53:07Z
2026-08-24T11:44:27Z,2026-08-24T13:44:27+0200,8b6740d6-ed67-4509-be5b-470091805d1c,2026-08-03T16:00:00Z,2026-08-03T18:00:00+0200,1989.2,MW,PT,PT,actual_solar_generation,Solar,2026-08-24T11:53:07Z
2026-08-24T11:44:27Z,2026-08-24T13:44:27+0200,8b6740d6-ed67-4509-be5b-470091805d1c,2026-08-03T17:00:00Z,2026-08-03T19:00:00+0200,1359.6,MW,PT,PT,actual_solar_generation,Solar,2026-08-24T11:53:07Z
2026-08-24T11:44:27Z,2026-08-24T13:44:27+0200,8b6740d6-ed67-4509-be5b-470091805d1c,2026-08-03T18:00:00Z,2026-08-03T20:00:00+0200,536.2,MW,PT,PT,actual_solar_generation,Solar,2026-08-24T11:53:07Z
2026-08-24T11:44:27Z,2026-08-24T13:44:27+0200,8b6740d6-ed67-4509-be5b-470091805d1c,2026-08-03T19:00:00Z,2026-08-03T21:00:00+0200,47.3,MW,PT,PT,actual_solar_generation,Solar,2026-08-24T11:53:07Z
2026-08-24T11:44:27Z,2026-08-24T13:44:27+0200,8b6740d6-ed67-4509-be5b-470091805d1c,2026-08-03T20:00:00Z,2026-08-03T22:00:00+0200,0.4,MW,PT,PT,actual_solar_generation,Solar,2026-08-24T11:53:07Z
2026-08-24T11:44:27Z,2026-08-24T13:44:27+0200,8b6740d6-ed67-4509-be5b-470091805d1c,2026-08-03T21:00:00Z,2026-08-03T23:00:00+0200,0.1,MW,PT,PT,actual_solar_generation,Solar,2026-08-24T11:53:07Z
2026-08-24T11:44:27Z,2026-08-24T13:44:27+0200,8b6740d6-ed67-4509-be5b-470091805d1c,2026-08-03T22:00:00Z,2026-08-04T00:00:00+0200,0.1,MW,PT,PT,actual_solar_generation,Solar,2026-08-24T11:53:07Z
2026-08-24T11:44:27Z,2026-08-24T13:44:27+0200,8b6740d6-ed67-4509-be5b-470091805d1c,2026-08-03T23:00:00Z,2026-08-04T01:00:00+0200,0.1,MW,PT,PT,actual_solar_generation,Solar,2026-08-24T11:53:07Z
2026-08-24T11:44:27Z,2026-08-24T13:44:27+0200,8b6740d6-ed67-4509-be5b-470091805d1c,2026-08-04T00:00:00Z,2026-08-04T02:00:00+0200,0.1,MW,PT,PT,actual_solar_generation,Solar,2026-08-24T11:53:07Z
2026-08-24T11:44:27Z,2026-08-24T13:44:27+0200,8b6740d6-ed67-4509-be5b-470091805d1c,2026-08-04T01:00:00Z,2026-08-04T03:00:00+0200,0.0,MW,PT,PT,actual_solar_generation,Solar,2026-08-24T11:53:07Z
2026-08-24T11:44:27Z,2026-08-24T13:44:27+0200,8b6740d6-ed67-4509-be5b-470091805d1c,2026-08-04T02:00:00Z,2026-08-04T04:00:00+0200,0.1,MW,PT,PT,actual_solar_generation,Solar,2026-08-24T11:53:07Z
2026-08-24T11:44:27Z,2026-08-24T13:44:27+0200,8b6740d6-ed67-4509-be5b-470091805d1c,2026-08-04T03:00:00Z,2026-08-04T05:00:00+0200,0.0,MW,PT,PT,actual_solar_generation,Solar,2026-08-24T11:53:07Z
2026-08-24T11:44:27Z,2026-08-24T13:44:27+0200,8b6740d6-ed67-4509-be5b-470091805d1c,2026-08-04T04:00:00Z,2026-08-04T06:00:00+0200,0.0,MW,PT,PT,actual_solar_generation,Solar,2026-08-24T11:53:07Z
2026-08-24T11:44:27Z,2026-08-24T13:44:27+0200,8b6740d6-ed67-4509-be5b-470091805d1c,2026-08-04T05:00:00Z,2026-08-04T07:00:00+0200,9.7,MW,PT,PT,actual_solar_generation,Solar,2026-08-24T11:53:07Z
2026-08-24T11:44:27Z,2026-08-24T13:44:27+0200,8b6740d6-ed67-4509-be5b-470091805d1c,2026-08-04T06:00:00Z,2026-08-04T08:00:00+0200,307.8,MW,PT,PT,actual_solar_generation,Solar,2026-08-24T11:53:07Z
2026-08-24T11:44:27Z,2026-08-24T13:44:27+0200,8b6740d6-ed67-4509-be5b-470091805d1c,2026-08-04T07:00:00Z,2026-08-04T09:00:00+0200,1247.3,MW,PT,PT,actual_solar_generation,Solar,2026-08-24T11:53:07Z
2026-08-24T11:44:27Z,2026-08-24T13:44:27+0200,8b6740d6-ed67-4509-be5b-470091805d1c,2026-08-04T08:00:00Z,2026-08-04T10:00:00+0200,2035.9,MW,PT,PT,actual_solar_generation,Solar,2026-08-24T11:53:07Z
2026-08-24T11:44:27Z,2026-08-24T13:44:27+0200,8b6740d6-ed67-4509-be5b-470091805d1c,2026-08-04T09:00:00Z,2026-08-04T11:00:00+0200,2391.7,MW,PT,PT,actual_solar_generation,Solar,2026-08-24T11:53:07Z
2026-08-24T11:44:27Z,2026-08-24T13:44:27+0200,8b6740d6-ed67-4509-be5b-470091805d1c,2026-08-04T10:00:00Z,2026-08-04T12:00:00+0200,2714.5,MW,PT,PT,actual_solar_generation,Solar,2026-08-24T11:53:07Z
2026-08-24T11:44:27Z,2026-08-24T13:44:27+0200,8b6740d6-ed67-4509-be5b-470091805d1c,2026-08-04T11:00:00Z,2026-08-04T13:00:00+0200,2900.9,MW,PT,PT,actual_solar_generation,Solar,2026-08-24T11:53:07Z
2026-08-24T11:44:27Z,2026-08-24T13:44:27+0200,8b6740d6-ed67-4509-be5b-470091805d1c,2026-08-04T12:00:00Z,2026-08-04T14:00:00+0200,3137.3,MW,PT,PT,actual_solar_generation,Solar,2026-08-24T11:53:07Z
2026-08-24T11:44:27Z,2026-08-24T13:44:27+0200,8b6740d6-ed67-4509-be5b-470091805d1c,2026-08-04T13:00:00Z,2026-08-04T15:00:00+0200,3229.6,MW,PT,PT,actual_solar_generation,Solar,2026-08-24T11:53:07Z
2026-08-24T11:44:27Z,2026-08-24T13:44:27+0200,8b6740d6-ed67-4509-be5b-470091805d1c,2026-08-04T14:00:00Z,2026-08-04T16:00:00+0200,3110.8,MW,PT,PT,actual_solar_generation,Solar,2026-08-24T11:53:07Z
2026-08-24T11:44:27Z,2026-08-24T13:44:27+0200,8b6740d6-ed67-4509-be5b-470091805d1c,2026-08-04T15:00:00Z,2026-08-04T17:00:00+0200,2840.2,MW,PT,PT,actual_solar_generation,Solar,2026-08-24T11:53:07Z
2026-08-24T11:44:27Z,2026-08-24T13:44:27+0200,8b6740d6-ed67-4509-be5b-470091805d1c,2026-08-04T16:00:00Z,2026-08-04T18:00:00+0200,2456.3,MW,PT,PT,actual_solar_generation,Solar,2026-08-24T11:53:07Z
2026-08-24T11:44:27Z,2026-08-24T13:44:27+0200,8b6740d6-ed67-4509-be5b-470091805d1c,2026-08-04T17:00:00Z,2026-08-04T19:00:00+0200,1657.6,MW,PT,PT,actual_solar_generation,Solar,2026-08-24T11:53:07Z
2026-08-24T11:44:27Z,2026-08-24T13:44:27+0200,8b6740d6-ed67-4509-be5b-470091805d1c,2026-08-04T18:00:00Z,2026-08-04T20:00:00+0200,599.7,MW,PT,PT,actual_solar_generation,Solar,2026-08-24T11:53:07Z
2026-08-24T11:44:27Z,2026-08-24T13:44:27+0200,8b6740d6-ed67-4509-be5b-470091805d1c,2026-08-04T19:00:00Z,2026-08-04T21:00:00+0200,44.2,MW,PT,PT,actual_solar_generation,Solar,2026-08-24T11:53:07Z
2026-08-24T11:44:27Z,2026-08-24T13:44:27+0200,8b6740d6-ed67-4509-be5b-470091805d1c,2026-08-04T20:00:00Z,2026-08-04T22:00:00+0200,0.1,MW,PT,PT,actual_solar_generation,Solar,2026-08-24T11:53:07Z
2026-08-24T11:44:27Z,2026-08-24T13:44:27+0200,8b6740d6-ed67-4509-be5b-470091805d1c,2026-08-04T21:00:00Z,2026-08-04T23:00:00+0200,0.1,MW,PT,PT,actual_solar_generation,Solar,2026-08-24T11:53:07Z
2026-08-24T11:44:27Z,2026-08-24T13:44:27+0200,8b6740d6-ed67-4509-be5b-470091805d1c,2026-08-04T22:00:00Z,2026-08-05T00:00:00+0200,0.1,MW,PT,PT,actual_solar_generation,Solar,2026-08-24T11:53:07Z
2026-08-24T11:44:27Z,2026-08-24T13:44:27+0200,8b6740d6-ed67-4509-be5b-470091805d1c,2026-08-04T23:00:00Z,2026-08-05T01:00:00+0200,0.1,MW,PT,PT,actual_solar_generation,Solar,2026-08-24T11:53:07Z
2026-08-24T11:44:27Z,2026-08-24T13:44:27+0200,8b6740d6-ed67-4509-be5b-470091805d1c,2026-08-05T00:00:00Z,2026-08-05T02:00:00+0200,0.1,MW,PT,PT,actual_solar_generation,Solar,2026-08-24T11:53:07Z
2026-08-24T11:44:27Z,2026-08-24T13:44:27+0200,8b6740d6-ed67-4509-be5b-470091805d1c,2026-08-05T01:00:00Z,2026-08-05T03:00:00+0200,0.1,MW,PT,PT,actual_solar_generation,Solar,2026-08-24T11:53:07Z
2026-08-24T11:44:27Z,2026-08-24T13:44:27+0200,8b6740d6-ed67-4509-be5b-470091805d1c,2026-08-05T02:00:00Z,2026-08-05T04:00:00+0200,0.1,MW,PT,PT,actual_solar_generation,Solar,2026-08-24T11:53:07Z
2026-08-24T11:44:27Z,2026-08-24T13:44:27+0200,8b6740d6-ed67-4509-be5b-470091805d1c,2026-08-05T03:00:00Z,2026-08-05T05:00:00+0200,0.0,MW,PT,PT,actual_solar_generation,Solar,2026-08-24T11:53:07Z
2026-08-24T11:44:27Z,2026-08-24T13:44:27+0200,8b6740d6-ed67-4509-be5b-470091805d1c,2026-08-05T04:00:00Z,2026-08-05T06:00:00+0200,0.1,MW,PT,PT,actual_solar_generation,Solar,2026-08-24T11:53:07Z
2026-08-24T11:44:27Z,2026-08-24T13:44:27+0200,8b6740d6-ed67-4509-be5b-470091805d1c,2026-08-05T05:00:00Z,2026-08-05T07:00:00+0200,7.7,MW,PT,PT,actual_solar_generation,Solar,2026-08-24T11:53:07Z
2026-08-24T11:44:27Z,2026-08-24T13:44:27+0200,8b6740d6-ed67-4509-be5b-470091805d1c,2026-08-05T06:00:00Z,2026-08-05T08:00:00+0200,313.6,MW,PT,PT,actual_solar_generation,Solar,2026-08-24T11:53:07Z
2026-08-24T11:44:27Z,2026-08-24T13:44:27+0200,8b6740d6-ed67-4509-be5b-470091805d1c,2026-08-05T07:00:00Z,2026-08-05T09:00:00+0200,1178.9,MW,PT,PT,actual_solar_generation,Solar,2026-08-24T11:53:07Z
2026-08-24T11:44:27Z,2026-08-24T13:44:27+0200,8b6740d6-ed67-4509-be5b-470091805d1c,2026-08-05T08:00:00Z,2026-08-05T10:00:00+0200,2185.9,MW,PT,PT,actual_solar_generation,Solar,2026-08-24T11:53:07Z
2026-08-24T11:44:27Z,2026-08-24T13:44:27+0200,8b6740d6-ed67-4509-be5b-470091805d1c,2026-08-05T09:00:00Z,2026-08-05T11:00:00+0200,2862.8,MW,PT,PT,actual_solar_generation,Solar,2026-08-24T11:53:07Z
2026-08-24T11:44:27Z,2026-08-24T13:44:27+0200,8b6740d6-ed67-4509-be5b-470091805d1c,2026-08-05T10:00:00Z,2026-08-05T12:00:00+0200,3330.3,MW,PT,PT,actual_solar_generation,Solar,2026-08-24T11:53:07Z
2026-08-24T11:44:27Z,2026-08-24T13:44:27+0200,8b6740d6-ed67-4509-be5b-470091805d1c,2026-08-05T11:00:00Z,2026-08-05T13:00:00+0200,3438.3,MW,PT,PT,actual_solar_generation,Solar,2026-08-24T11:53:07Z
2026-08-24T11:44:27Z,2026-08-24T13:44:27+0200,8b6740d6-ed67-4509-be5b-470091805d1c,2026-08-05T12:00:00Z,2026-08-05T14:00:00+0200,3250.8,MW,PT,PT,actual_solar_generation,Solar,2026-08-24T11:53:07Z
2026-08-24T11:44:27Z,2026-08-24T13:44:27+0200,8b6740d6-ed67-4509-be5b-470091805d1c,2026-08-05T13:00:00Z,2026-08-05T15:00:00+0200,2988.9,MW,PT,PT,actual_solar_generation,Solar,2026-08-24T11:53:07Z
2026-08-24T11:44:27Z,2026-08-24T13:44:27+0200,8b6740d6-ed67-4509-be5b-470091805d1c,2026-08-05T14:00:00Z,2026-08-05T16:00:00+0200,2921.2,MW,PT,PT,actual_solar_generation,Solar,2026-08-24T11:53:07Z
2026-08-24T11:44:27Z,2026-08-24T13:44:27+0200,8b6740d6-ed67-4509-be5b-470091805d1c,2026-08-05T15:00:00Z,2026-08-05T17:00:00+0200,2858.0,MW,PT,PT,actual_solar_generation,Solar,2026-08-24T11:53:07Z
2026-08-24T11:44:27Z,2026-08-24T13:44:27+0200,8b6740d6-ed67-4509-be5b-470091805d1c,2026-08-05T16:00:00Z,2026-08-05T18:00:00+0200,2656.0,MW,PT,PT,actual_solar_generation,Solar,2026-08-24T11:53:07Z
2026-08-24T11:44:27Z,2026-08-24T13:44:27+0200,8b6740d6-ed67-4509-be5b-470091805d1c,2026-08-05T17:00:00Z,2026-08-05T19:00:00+0200,1794.6,MW,PT,PT,actual_solar_generation,Solar,2026-08-24T11:53:07Z
2026-08-24T11:44:27Z,2026-08-24T13:44:27+0200,8b6740d6-ed67-4509-be5b-470091805d1c,2026-08-05T18:00:00Z,2026-08-05T20:00:00+0200,627.4,MW,PT,PT,actual_solar_generation,Solar,2026-08-24T11:53:07Z
2026-08-24T11:44:27Z,2026-08-24T13:44:27+0200,8b6740d6-ed67-4509-be5b-470091805d1c,2026-08-05T19:00:00Z,2026-08-05T21:00:00+0200,45.4,MW,PT,PT,actual_solar_generation,Solar,2026-08-24T11:53:07Z
2026-08-24T11:44:27Z,2026-08-24T13:44:27+0200,8b6740d6-ed67-4509-be5b-470091805d1c,2026-08-05T20:00:00Z,2026-08-05T22:00:00+0200,0.1,MW,PT,PT,actual_solar_generation,Solar,2026-08-24T11:53:07Z
2026-08-24T11:44:27Z,2026-08-24T13:44:27+0200,8b6740d6-ed67-4509-be5b-470091805d1c,2026-08-05T21:00:00Z,2026-08-05T23:00:00+0200,0.1,MW,PT,PT,actual_solar_generation,Solar,2026-08-24T11:53:07Z
2026-08-24T11:44:27Z,2026-08-24T13:44:27+0200,8b6740d6-ed67-4509-be5b-470091805d1c,2026-08-05T22:00:00Z,2026-08-06T00:00:00+0200,0.1,MW,PT,PT,actual_solar_generation,Solar,2026-08-24T11:53:07Z
2026-08-24T11:44:27Z,2026-08-24T13:44:27+0200,8b6740d6-ed67-4509-be5b-470091805d1c,2026-08-05T23:00:00Z,2026-08-06T01:00:00+0200,0.1,MW,PT,PT,actual_solar_generation,Solar,2026-08-24T11:53:07Z
2026-08-24T11:44:27Z,2026-08-24T13:44:27+0200,8b6740d6-ed67-4509-be5b-470091805d1c,2026-08-06T00:00:00Z,2026-08-06T02:00:00+0200,0.1,MW,PT,PT,actual_solar_generation,Solar,2026-08-24T11:53:07Z
2026-08-24T11:44:27Z,2026-08-24T13:44:27+0200,8b6740d6-ed67-4509-be5b-470091805d1c,2026-08-06T01:00:00Z,2026-08-06T03:00:00+0200,0.1,MW,PT,PT,actual_solar_generation,Solar,2026-08-24T11:53:07Z
2026-08-24T11:44:27Z,2026-08-24T13:44:27+0200,8b6740d6-ed67-4509-be5b-470091805d1c,2026-08-06T02:00:00Z,2026-08-06T04:00:00+0200,0.1,MW,PT,PT,actual_solar_generation,Solar,2026-08-24T11:53:07Z
2026-08-24T11:44:27Z,2026-08-24T13:44:27+0200,8b6740d6-ed67-4509-be5b-470091805d1c,2026-08-06T03:00:00Z,2026-08-06T05:00:00+0200,0.0,MW,PT,PT,actual_solar_generation,Solar,2026-08-24T11:53:07Z
2026-08-24T11:44:27Z,2026-08-24T13:44:27+0200,8b6740d6-ed67-4509-be5b-470091805d1c,2026-08-06T04:00:00Z,2026-08-06T06:00:00+0200,0.1,MW,PT,PT,actual_solar_generation,Solar,2026-08-24T11:53:07Z
2026-08-24T11:44:27Z,2026-08-24T13:44:27+0200,8b6740d6-ed67-4509-be5b-470091805d1c,2026-08-06T05:00:00Z,2026-08-06T07:00:00+0200,9.2,MW,PT,PT,actual_solar_generation,Solar,2026-08-24T11:53:07Z
2026-08-24T11:44:27Z,2026-08-24T13:44:27+0200,8b6740d6-ed67-4509-be5b-470091805d1c,2026-08-06T06:00:00Z,2026-08-06T08:00:00+0200,386.2,MW,PT,PT,actual_solar_generation,Solar,2026-08-24T11:53:07Z
2026-08-24T11:44:27Z,2026-08-24T13:44:27+0200,8b6740d6-ed67-4509-be5b-470091805d1c,2026-08-06T07:00:00Z,2026-08-06T09:00:00+0200,1440.4,MW,PT,PT,actual_solar_generation,Solar,2026-08-24T11:53:07Z
2026-08-24T11:44:27Z,2026-08-24T13:44:27+0200,8b6740d6-ed67-4509-be5b-470091805d1c,2026-08-06T08:00:00Z,2026-08-06T10:00:00+0200,2446.0,MW,PT,PT,actual_solar_generation,Solar,2026-08-24T11:53:07Z
2026-08-24T11:44:27Z,2026-08-24T13:44:27+0200,8b6740d6-ed67-4509-be5b-470091805d1c,2026-08-06T09:00:00Z,2026-08-06T11:00:00+0200,3081.6,MW,PT,PT,actual_solar_generation,Solar,2026-08-24T11:53:07Z
2026-08-24T11:44:27Z,2026-08-24T13:44:27+0200,8b6740d6-ed67-4509-be5b-470091805d1c,2026-08-06T10:00:00Z,2026-08-06T12:00:00+0200,3409.5,MW,PT,PT,actual_solar_generation,Solar,2026-08-24T11:53:07Z
2026-08-24T11:44:27Z,2026-08-24T13:44:27+0200,8b6740d6-ed67-4509-be5b-470091805d1c,2026-08-06T11:00:00Z,2026-08-06T13:00:00+0200,3493.5,MW,PT,PT,actual_solar_generation,Solar,2026-08-24T11:53:07Z
2026-08-24T11:44:27Z,2026-08-24T13:44:27+0200,8b6740d6-ed67-4509-be5b-470091805d1c,2026-08-06T12:00:00Z,2026-08-06T14:00:00+0200,3693.1,MW,PT,PT,actual_solar_generation,Solar,2026-08-24T11:53:07Z
2026-08-24T11:44:27Z,2026-08-24T13:44:27+0200,8b6740d6-ed67-4509-be5b-470091805d1c,2026-08-06T13:00:00Z,2026-08-06T15:00:00+0200,3563.2,MW,PT,PT,actual_solar_generation,Solar,2026-08-24T11:53:07Z
2026-08-24T11:44:27Z,2026-08-24T13:44:27+0200,8b6740d6-ed67-4509-be5b-470091805d1c,2026-08-06T14:00:00Z,2026-08-06T16:00:00+0200,3371.9,MW,PT,PT,actual_solar_generation,Solar,2026-08-24T11:53:07Z
2026-08-24T11:44:27Z,2026-08-24T13:44:27+0200,8b6740d6-ed67-4509-be5b-470091805d1c,2026-08-06T15:00:00Z,2026-08-06T17:00:00+0200,3188.5,MW,PT,PT,actual_solar_generation,Solar,2026-08-24T11:53:07Z
2026-08-24T11:44:27Z,2026-08-24T13:44:27+0200,8b6740d6-ed67-4509-be5b-470091805d1c,2026-08-06T16:00:00Z,2026-08-06T18:00:00+0200,2744.9,MW,PT,PT,actual_solar_generation,Solar,2026-08-24T11:53:07Z
2026-08-24T11:44:27Z,2026-08-24T13:44:27+0200,8b6740d6-ed67-4509-be5b-470091805d1c,2026-08-06T17:00:00Z,2026-08-06T19:00:00+0200,1796.9,MW,PT,PT,actual_solar_generation,Solar,2026-08-24T11:53:07Z
2026-08-24T11:44:27Z,2026-08-24T13:44:27+0200,8b6740d6-ed67-4509-be5b-470091805d1c,2026-08-06T18:00:00Z,2026-08-06T20:00:00+0200,619.7,MW,PT,PT,actual_solar_generation,Solar,2026-08-24T11:53:07Z
2026-08-24T11:44:27Z,2026-08-24T13:44:27+0200,8b6740d6-ed67-4509-be5b-470091805d1c,2026-08-06T19:00:00Z,2026-08-06T21:00:00+0200,41.4,MW,PT,PT,actual_solar_generation,Solar,2026-08-24T11:53:07Z
2026-08-24T11:44:27Z,2026-08-24T13:44:27+0200,8b6740d6-ed67-4509-be5b-470091805d1c,2026-08-06T20:00:00Z,2026-08-06T22:00:00+0200,0.3,MW,PT,PT,actual_solar_generation,Solar,2026-08-24T11:53:07Z
2026-08-24T11:44:27Z,2026-08-24T13:44:27+0200,8b6740d6-ed67-4509-be5b-470091805d1c,2026-08-06T21:00:00Z,2026-08-06T23:00:00+0200,0.1,MW,PT,PT,actual_solar_generation,Solar,2026-08-24T11:53:07Z
2026-08-24T11:44:27Z,2026-08-24T13:44:27+0200,8b6740d6-ed67-4509-be5b-470091805d1c,2026-08-06T22:00:00Z,2026-08-07T00:00:00+0200,0.1,MW,PT,PT,actual_solar_generation,Solar,2026-08-24T11:53:07Z
2026-08-24T11:44:27Z,2026-08-24T13:44:27+0200,8b6740d6-ed67-4509-be5b-470091805d1c,2026-08-06T23:00:00Z,2026-08-07T01:00:00+0200,0.0,MW,PT,PT,actual_solar_generation,Solar,2026-08-24T11:53:07Z
2026-08-24T11:44:27Z,2026-08-24T13:44:27+0200,8b6740d6-ed67-4509-be5b-470091805d1c,2026-08-07T00:00:00Z,2026-08-07T02:00:00+0200,0.0,MW,PT,PT,actual_solar_generation,Solar,2026-08-24T11:53:07Z
2026-08-24T11:44:27Z,2026-08-24T13:44:27+0200,8b6740d6-ed67-4509-be5b-470091805d1c,2026-08-07T01:00:00Z,2026-08-07T03:00:00+0200,0.0,MW,PT,PT,actual_solar_generation,Solar,2026-08-24T11:53:07Z
2026-08-24T11:44:27Z,2026-08-24T13:44:27+0200,8b6740d6-ed67-4509-be5b-470091805d1c,2026-08-07T02:00:00Z,2026-08-07T04:00:00+0200,0.0,MW,PT,PT,actual_solar_generation,Solar,2026-08-24T11:53:07Z
2026-08-24T11:44:27Z,2026-08-24T13:44:27+0200,8b6740d6-ed67-4509-be5b-470091805d1c,2026-08-07T03:00:00Z,2026-08-07T05:00:00+0200,0.0,MW,PT,PT,actual_solar_generation,Solar,2026-08-24T11:53:07Z
2026-08-24T11:44:27Z,2026-08-24T13:44:27+0200,8b6740d6-ed67-4509-be5b-470091805d1c,2026-08-07T04:00:00Z,2026-08-07T06:00:00+0200,0.0,MW,PT,PT,actual_solar_generation,Solar,2026-08-24T11:53:07Z
2026-08-24T11:44:27Z,2026-08-24T13:44:27+0200,8b6740d6-ed67-4509-be5b-470091805d1c,2026-08-07T05:00:00Z,2026-08-07T07:00:00+0200,9.9,MW,PT,PT,actual_solar_generation,Solar,2026-08-24T11:53:07Z
2026-08-24T11:44:27Z,2026-08-24T13:44:27+0200,8b6740d6-ed67-4509-be5b-470091805d1c,2026-08-07T06:00:00Z,2026-08-07T08:00:00+0200,374.3,MW,PT,PT,actual_solar_generation,Solar,2026-08-24T11:53:07Z
2026-08-24T11:44:27Z,2026-08-24T13:44:27+0200,8b6740d6-ed67-4509-be5b-470091805d1c,2026-08-07T07:00:00Z,2026-08-07T09:00:00+0200,1369.6,MW,PT,PT,actual_solar_generation,Solar,2026-08-24T11:53:07Z
2026-08-24T11:44:27Z,2026-08-24T13:44:27+0200,8b6740d6-ed67-4509-be5b-470091805d1c,2026-08-07T08:00:00Z,2026-08-07T10:00:00+0200,2346.7,MW,PT,PT,actual_solar_generation,Solar,2026-08-24T11:53:07Z
2026-08-24T11:44:27Z,2026-08-24T13:44:27+0200,8b6740d6-ed67-4509-be5b-470091805d1c,2026-08-07T09:00:00Z,2026-08-07T11:00:00+0200,2827.7,MW,PT,PT,actual_solar_generation,Solar,2026-08-24T11:53:07Z
2026-08-24T11:44:27Z,2026-08-24T13:44:27+0200,8b6740d6-ed67-4509-be5b-470091805d1c,2026-08-07T10:00:00Z,2026-08-07T12:00:00+0200,3325.2,MW,PT,PT,actual_solar_generation,Solar,2026-08-24T11:53:07Z
2026-08-24T11:44:27Z,2026-08-24T13:44:27+0200,8b6740d6-ed67-4509-be5b-470091805d1c,2026-08-07T11:00:00Z,2026-08-07T13:00:00+0200,3465.2,MW,PT,PT,actual_solar_generation,Solar,2026-08-24T11:53:07Z
2026-08-24T11:44:27Z,2026-08-24T13:44:27+0200,8b6740d6-ed67-4509-be5b-470091805d1c,2026-08-07T12:00:00Z,2026-08-07T14:00:00+0200,3602.9,MW,PT,PT,actual_solar_generation,Solar,2026-08-24T11:53:07Z
2026-08-24T11:44:27Z,2026-08-24T13:44:27+0200,8b6740d6-ed67-4509-be5b-470091805d1c,2026-08-07T13:00:00Z,2026-08-07T15:00:00+0200,3515.7,MW,PT,PT,actual_solar_generation,Solar,2026-08-24T11:53:07Z
2026-08-24T11:44:27Z,2026-08-24T13:44:27+0200,8b6740d6-ed67-4509-be5b-470091805d1c,2026-08-07T14:00:00Z,2026-08-07T16:00:00+0200,3217.4,MW,PT,PT,actual_solar_generation,Solar,2026-08-24T11:53:07Z
2026-08-24T11:44:27Z,2026-08-24T13:44:27+0200,8b6740d6-ed67-4509-be5b-470091805d1c,2026-08-07T15:00:00Z,2026-08-07T17:00:00+0200,2928.1,MW,PT,PT,actual_solar_generation,Solar,2026-08-24T11:53:07Z
2026-08-24T11:44:27Z,2026-08-24T13:44:27+0200,8b6740d6-ed67-4509-be5b-470091805d1c,2026-08-07T16:00:00Z,2026-08-07T18:00:00+0200,2461.6,MW,PT,PT,actual_solar_generation,Solar,2026-08-24T11:53:07Z
2026-08-24T11:44:27Z,2026-08-24T13:44:27+0200,8b6740d6-ed67-4509-be5b-470091805d1c,2026-08-07T17:00:00Z,2026-08-07T19:00:00+0200,1507.5,MW,PT,PT,actual_solar_generation,Solar,2026-08-24T11:53:07Z
2026-08-24T11:44:27Z,2026-08-24T13:44:27+0200,8b6740d6-ed67-4509-be5b-470091805d1c,2026-08-07T18:00:00Z,2026-08-07T20:00:00+0200,500.5,MW,PT,PT,actual_solar_generation,Solar,2026-08-24T11:53:07Z
2026-08-24T11:44:27Z,2026-08-24T13:44:27+0200,8b6740d6-ed67-4509-be5b-470091805d1c,2026-08-07T19:00:00Z,2026-08-07T21:00:00+0200,35.6,MW,PT,PT,actual_solar_generation,Solar,2026-08-24T11:53:07Z
2026-08-24T11:44:27Z,2026-08-24T13:44:27+0200,8b6740d6-ed67-4509-be5b-470091805d1c,2026-08-07T20:00:00Z,2026-08-07T22:00:00+0200,0.2,MW,PT,PT,actual_solar_generation,Solar,2026-08-24T11:53:07Z
2026-08-24T11:44:27Z,2026-08-24T13:44:27+0200,8b6740d6-ed67-4509-be5b-470091805d1c,2026-08-07T21:00:00Z,2026-08-07T23:00:00+0200,0.0,MW,PT,PT,actual_solar_generation,Solar,2026-08-24T11:53:07Z
2026-08-24T11:44:27Z,2026-08-24T13:44:27+0200,8b6740d6-ed67-4509-be5b-470091805d1c,2026-08-07T22:00:00Z,2026-08-08T00:00:00+0200,0.0,MW,PT,PT,actual_solar_generation,Solar,2026-08-24T11:53:07Z
2026-08-24T11:44:27Z,2026-08-24T13:44:27+0200,8b6740d6-ed67-4509-be5b-470091805d1c,2026-08-07T23:00:00Z,2026-08-08T01:00:00+0200,0.0,MW,PT,PT,actual_solar_generation,Solar,2026-08-24T11:53:07Z
2026-08-24T11:44:27Z,2026-08-24T13:44:27+0200,8b6740d6-ed67-4509-be5b-470091805d1c,2026-08-08T00:00:00Z,2026-08-08T02:00:00+0200,0.0,MW,PT,PT,actual_solar_generation,Solar,2026-08-24T11:53:07Z
2026-08-24T11:44:27Z,2026-08-24T13:44:27+0200,8b6740d6-ed67-4509-be5b-470091805d1c,2026-08-08T01:00:00Z,2026-08-08T03:00:00+0200,0.0,MW,PT,PT,actual_solar_generation,Solar,2026-08-24T11:53:07Z
2026-08-24T11:44:27Z,2026-08-24T13:44:27+0200,8b6740d6-ed67-4509-be5b-470091805d1c,2026-08-08T02:00:00Z,2026-08-08T04:00:00+0200,0.0,MW,PT,PT,actual_solar_generation,Solar,2026-08-24T11:53:07Z
2026-08-24T11:44:27Z,2026-08-24T13:44:27+0200,8b6740d6-ed67-4509-be5b-470091805d1c,2026-08-08T03:00:00Z,2026-08-08T05:00:00+0200,0.0,MW,PT,PT,actual_solar_generation,Solar,2026-08-24T11:53:07Z
2026-08-24T11:44:27Z,2026-08-24T13:44:27+0200,8b6740d6-ed67-4509-be5b-470091805d1c,2026-08-08T04:00:00Z,2026-08-08T06:00:00+0200,0.1,MW,PT,PT,actual_solar_generation,Solar,2026-08-24T11:53:07Z
2026-08-24T11:44:27Z,2026-08-24T13:44:27+0200,8b6740d6-ed67-4509-be5b-470091805d1c,2026-08-08T05:00:00Z,2026-08-08T07:00:00+0200,5.5,MW,PT,PT,actual_solar_generation,Solar,2026-08-24T11:53:07Z
2026-08-24T11:44:27Z,2026-08-24T13:44:27+0200,8b6740d6-ed67-4509-be5b-470091805d1c,2026-08-08T06:00:00Z,2026-08-08T08:00:00+0200,267.5,MW,PT,PT,actual_solar_generation,Solar,2026-08-24T11:53:07Z
2026-08-24T11:44:27Z,2026-08-24T13:44:27+0200,8b6740d6-ed67-4509-be5b-470091805d1c,2026-08-08T07:00:00Z,2026-08-08T09:00:00+0200,1054.2,MW,PT,PT,actual_solar_generation,Solar,2026-08-24T11:53:07Z
2026-08-24T11:44:27Z,2026-08-24T13:44:27+0200,8b6740d6-ed67-4509-be5b-470091805d1c,2026-08-08T08:00:00Z,2026-08-08T10:00:00+0200,1859.6,MW,PT,PT,actual_solar_generation,Solar,2026-08-24T11:53:07Z
2026-08-24T11:44:27Z,2026-08-24T13:44:27+0200,8b6740d6-ed67-4509-be5b-470091805d1c,2026-08-08T09:00:00Z,2026-08-08T11:00:00+0200,2188.0,MW,PT,PT,actual_solar_generation,Solar,2026-08-24T11:53:07Z
2026-08-24T11:44:27Z,2026-08-24T13:44:27+0200,8b6740d6-ed67-4509-be5b-470091805d1c,2026-08-08T10:00:00Z,2026-08-08T12:00:00+0200,2390.7,MW,PT,PT,actual_solar_generation,Solar,2026-08-24T11:53:07Z
2026-08-24T11:44:27Z,2026-08-24T13:44:27+0200,8b6740d6-ed67-4509-be5b-470091805d1c,2026-08-08T11:00:00Z,2026-08-08T13:00:00+0200,2598.5,MW,PT,PT,actual_solar_generation,Solar,2026-08-24T11:53:07Z
2026-08-24T11:44:27Z,2026-08-24T13:44:27+0200,8b6740d6-ed67-4509-be5b-470091805d1c,2026-08-08T12:00:00Z,2026-08-08T14:00:00+0200,2708.7,MW,PT,PT,actual_solar_generation,Solar,2026-08-24T11:53:07Z
2026-08-24T11:44:27Z,2026-08-24T13:44:27+0200,8b6740d6-ed67-4509-be5b-470091805d1c,2026-08-08T13:00:00Z,2026-08-08T15:00:00+0200,2761.9,MW,PT,PT,actual_solar_generation,Solar,2026-08-24T11:53:07Z
2026-08-24T11:44:27Z,2026-08-24T13:44:27+0200,8b6740d6-ed67-4509-be5b-470091805d1c,2026-08-08T14:00:00Z,2026-08-08T16:00:00+0200,2746.3,MW,PT,PT,actual_solar_generation,Solar,2026-08-24T11:53:07Z
2026-08-24T11:44:27Z,2026-08-24T13:44:27+0200,8b6740d6-ed67-4509-be5b-470091805d1c,2026-08-08T15:00:00Z,2026-08-08T17:00:00+0200,3003.6,MW,PT,PT,actual_solar_generation,Solar,2026-08-24T11:53:07Z
2026-08-24T11:44:27Z,2026-08-24T13:44:27+0200,8b6740d6-ed67-4509-be5b-470091805d1c,2026-08-08T16:00:00Z,2026-08-08T18:00:00+0200,2494.9,MW,PT,PT,actual_solar_generation,Solar,2026-08-24T11:53:07Z
2026-08-24T11:44:27Z,2026-08-24T13:44:27+0200,8b6740d6-ed67-4509-be5b-470091805d1c,2026-08-08T17:00:00Z,2026-08-08T19:00:00+0200,1540.3,MW,PT,PT,actual_solar_generation,Solar,2026-08-24T11:53:07Z
2026-08-24T11:44:27Z,2026-08-24T13:44:27+0200,8b6740d6-ed67-4509-be5b-470091805d1c,2026-08-08T18:00:00Z,2026-08-08T20:00:00+0200,523.8,MW,PT,PT,actual_solar_generation,Solar,2026-08-24T11:53:07Z
2026-08-24T11:44:27Z,2026-08-24T13:44:27+0200,8b6740d6-ed67-4509-be5b-470091805d1c,2026-08-08T19:00:00Z,2026-08-08T21:00:00+0200,58.9,MW,PT,PT,actual_solar_generation,Solar,2026-08-24T11:53:07Z
2026-08-24T11:44:27Z,2026-08-24T13:44:27+0200,8b6740d6-ed67-4509-be5b-470091805d1c,2026-08-08T20:00:00Z,2026-08-08T22:00:00+0200,39.9,MW,PT,PT,actual_solar_generation,Solar,2026-08-24T11:53:07Z
2026-08-24T11:44:27Z,2026-08-24T13:44:27+0200,8b6740d6-ed67-4509-be5b-470091805d1c,2026-08-08T21:00:00Z,2026-08-08T23:00:00+0200,21.2,MW,PT,PT,actual_solar_generation,Solar,2026-08-24T11:53:07Z
2026-08-24T11:44:27Z,2026-08-24T13:44:27+0200,8b6740d6-ed67-4509-be5b-470091805d1c,2026-08-08T22:00:00Z,2026-08-09T00:00:00+0200,0.0,MW,PT,PT,actual_solar_generation,Solar,2026-08-24T11:53:07Z
2026-08-24T11:44:27Z,2026-08-24T13:44:27+0200,8b6740d6-ed67-4509-be5b-470091805d1c,2026-08-08T23:00:00Z,2026-08-09T01:00:00+0200,0.0,MW,PT,PT,actual_solar_generation,Solar,2026-08-24T11:53:07Z
2026-08-24T11:44:27Z,2026-08-24T13:44:27+0200,8b6740d6-ed67-4509-be5b-470091805d1c,2026-08-09T00:00:00Z,2026-08-09T02:00:00+0200,0.0,MW,PT,PT,actual_solar_generation,Solar,2026-08-24T11:53:07Z
2026-08-24T11:44:27Z,2026-08-24T13:44:27+0200,8b6740d6-ed67-4509-be5b-470091805d1c,2026-08-09T01:00:00Z,2026-08-09T03:00:00+0200,0.0,MW,PT,PT,actual_solar_generation,Solar,2026-08-24T11:53:07Z
2026-08-24T11:44:27Z,2026-08-24T13:44:27+0200,8b6740d6-ed67-4509-be5b-470091805d1c,2026-08-09T02:00:00Z,2026-08-09T04:00:00+0200,0.0,MW,PT,PT,actual_solar_generation,Solar,2026-08-24T11:53:07Z
2026-08-24T11:44:27Z,2026-08-24T13:44:27+0200,8b6740d6-ed67-4509-be5b-470091805d1c,2026-08-09T03:00:00Z,2026-08-09T05:00:00+0200,0.0,MW,PT,PT,actual_solar_generation,Solar,2026-08-24T11:53:07Z
2026-08-24T11:44:27Z,2026-08-24T13:44:27+0200,8b6740d6-ed67-4509-be5b-470091805d1c,2026-08-09T04:00:00Z,2026-08-09T06:00:00+0200,0.0,MW,PT,PT,actual_solar_generation,Solar,2026-08-24T11:53:07Z
2026-08-24T11:44:27Z,2026-08-24T13:44:27+0200,8b6740d6-ed67-4509-be5b-470091805d1c,2026-08-09T05:00:00Z,2026-08-09T07:00:00+0200,4.8,MW,PT,PT,actual_solar_generation,Solar,2026-08-24T11:53:07Z
2026-08-24T11:44:27Z,2026-08-24T13:44:27+0200,8b6740d6-ed67-4509-be5b-470091805d1c,2026-08-09T06:00:00Z,2026-08-09T08:00:00+0200,279.0,MW,PT,PT,actual_solar_generation,Solar,2026-08-24T11:53:07Z
2026-08-24T11:44:27Z,2026-08-24T13:44:27+0200,8b6740d6-ed67-4509-be5b-470091805d1c,2026-08-09T07:00:00Z,2026-08-09T09:00:00+0200,1121.8,MW,PT,PT,actual_solar_generation,Solar,2026-08-24T11:53:07Z
2026-08-24T11:44:27Z,2026-08-24T13:44:27+0200,8b6740d6-ed67-4509-be5b-470091805d1c,2026-08-09T08:00:00Z,2026-08-09T10:00:00+0200,1721.5,MW,PT,PT,actual_solar_generation,Solar,2026-08-24T11:53:07Z
2026-08-24T11:44:27Z,2026-08-24T13:44:27+0200,8b6740d6-ed67-4509-be5b-470091805d1c,2026-08-09T09:00:00Z,2026-08-09T11:00:00+0200,2122.3,MW,PT,PT,actual_solar_generation,Solar,2026-08-24T11:53:07Z
2026-08-24T11:44:27Z,2026-08-24T13:44:27+0200,8b6740d6-ed67-4509-be5b-470091805d1c,2026-08-09T10:00:00Z,2026-08-09T12:00:00+0200,2445.3,MW,PT,PT,actual_solar_generation,Solar,2026-08-24T11:53:07Z
2026-08-24T11:44:27Z,2026-08-24T13:44:27+0200,8b6740d6-ed67-4509-be5b-470091805d1c,2026-08-09T11:00:00Z,2026-08-09T13:00:00+0200,2550.5,MW,PT,PT,actual_solar_generation,Solar,2026-08-24T11:53:07Z
2026-08-24T11:44:27Z,2026-08-24T13:44:27+0200,8b6740d6-ed67-4509-be5b-470091805d1c,2026-08-09T12:00:00Z,2026-08-09T14:00:00+0200,2363.2,MW,PT,PT,actual_solar_generation,Solar,2026-08-24T11:53:07Z
2026-08-24T11:44:27Z,2026-08-24T13:44:27+0200,8b6740d6-ed67-4509-be5b-470091805d1c,2026-08-09T13:00:00Z,2026-08-09T15:00:00+0200,2417.1,MW,PT,PT,actual_solar_generation,Solar,2026-08-24T11:53:07Z
2026-08-24T11:44:27Z,2026-08-24T13:44:27+0200,8b6740d6-ed67-4509-be5b-470091805d1c,2026-08-09T14:00:00Z,2026-08-09T16:00:00+0200,2518.9,MW,PT,PT,actual_solar_generation,Solar,2026-08-24T11:53:07Z
2026-08-24T11:44:27Z,2026-08-24T13:44:27+0200,8b6740d6-ed67-4509-be5b-470091805d1c,2026-08-09T15:00:00Z,2026-08-09T17:00:00+0200,2653.7,MW,PT,PT,actual_solar_generation,Solar,2026-08-24T11:53:07Z
2026-08-24T11:44:27Z,2026-08-24T13:44:27+0200,8b6740d6-ed67-4509-be5b-470091805d1c,2026-08-09T16:00:00Z,2026-08-09T18:00:00+0200,2717.1,MW,PT,PT,actual_solar_generation,Solar,2026-08-24T11:53:07Z
2026-08-24T11:44:27Z,2026-08-24T13:44:27+0200,8b6740d6-ed67-4509-be5b-470091805d1c,2026-08-09T17:00:00Z,2026-08-09T19:00:00+0200,1740.0,MW,PT,PT,actual_solar_generation,Solar,2026-08-24T11:53:07Z
2026-08-24T11:44:27Z,2026-08-24T13:44:27+0200,8b6740d6-ed67-4509-be5b-470091805d1c,2026-08-09T18:00:00Z,2026-08-09T20:00:00+0200,588.5,MW,PT,PT,actual_solar_generation,Solar,2026-08-24T11:53:07Z
2026-08-24T11:44:27Z,2026-08-24T13:44:27+0200,8b6740d6-ed67-4509-be5b-470091805d1c,2026-08-09T19:00:00Z,2026-08-09T21:00:00+0200,65.0,MW,PT,PT,actual_solar_generation,Solar,2026-08-24T11:53:07Z
2026-08-24T11:44:27Z,2026-08-24T13:44:27+0200,8b6740d6-ed67-4509-be5b-470091805d1c,2026-08-09T20:00:00Z,2026-08-09T22:00:00+0200,5.3,MW,PT,PT,actual_solar_generation,Solar,2026-08-24T11:53:07Z
2026-08-24T11:44:27Z,2026-08-24T13:44:27+0200,8b6740d6-ed67-4509-be5b-470091805d1c,2026-08-09T21:00:00Z,2026-08-09T23:00:00+0200,0.1,MW,PT,PT,actual_solar_generation,Solar,2026-08-24T11:53:07Z
2026-08-24T11:44:27Z,2026-08-24T13:44:27+0200,8b6740d6-ed67-4509-be5b-470091805d1c,2026-08-09T22:00:00Z,2026-08-10T00:00:00+0200,0.0,MW,PT,PT,actual_solar_generation,Solar,2026-08-24T11:53:07Z
2026-08-24T11:44:27Z,2026-08-24T13:44:27+0200,8b6740d6-ed67-4509-be5b-470091805d1c,2026-08-09T23:00:00Z,2026-08-10T01:00:00+0200,0.0,MW,PT,PT,actual_solar_generation,Solar,2026-08-24T11:53:07Z
2026-08-24T11:44:27Z,2026-08-24T13:44:27+0200,8b6740d6-ed67-4509-be5b-470091805d1c,2026-08-10T00:00:00Z,2026-08-10T02:00:00+0200,0.0,MW,PT,PT,actual_solar_generation,Solar,2026-08-24T11:53:07Z
2026-08-24T11:44:27Z,2026-08-24T13:44:27+0200,8b6740d6-ed67-4509-be5b-470091805d1c,2026-08-10T01:00:00Z,2026-08-10T03:00:00+0200,0.0,MW,PT,PT,actual_solar_generation,Solar,2026-08-24T11:53:07Z
2026-08-24T11:44:27Z,2026-08-24T13:44:27+0200,8b6740d6-ed67-4509-be5b-470091805d1c,2026-08-10T02:00:00Z,2026-08-10T04:00:00+0200,0.0,MW,PT,PT,actual_solar_generation,Solar,2026-08-24T11:53:07Z
2026-08-24T11:44:27Z,2026-08-24T13:44:27+0200,8b6740d6-ed67-4509-be5b-470091805d1c,2026-08-10T03:00:00Z,2026-08-10T05:00:00+0200,0.0,MW,PT,PT,actual_solar_generation,Solar,2026-08-24T11:53:07Z
2026-08-24T11:44:27Z,2026-08-24T13:44:27+0200,8b6740d6-ed67-4509-be5b-470091805d1c,2026-08-10T04:00:00Z,2026-08-10T06:00:00+0200,0.0,MW,PT,PT,actual_solar_generation,Solar,2026-08-24T11:53:07Z
2026-08-24T11:44:27Z,2026-08-24T13:44:27+0200,8b6740d6-ed67-4509-be5b-470091805d1c,2026-08-10T05:00:00Z,2026-08-10T07:00:00+0200,4.9,MW,PT,PT,actual_solar_generation,Solar,2026-08-24T11:53:07Z
2026-08-24T11:44:27Z,2026-08-24T13:44:27+0200,8b6740d6-ed67-4509-be5b-470091805d1c,2026-08-10T06:00:00Z,2026-08-10T08:00:00+0200,297.0,MW,PT,PT,actual_solar_generation,Solar,2026-08-24T11:53:07Z
2026-08-24T11:44:27Z,2026-08-24T13:44:27+0200,8b6740d6-ed67-4509-be5b-470091805d1c,2026-08-10T07:00:00Z,2026-08-10T09:00:00+0200,1225.9,MW,PT,PT,actual_solar_generation,Solar,2026-08-24T11:53:07Z
2026-08-24T11:44:27Z,2026-08-24T13:44:27+0200,8b6740d6-ed67-4509-be5b-470091805d1c,2026-08-10T08:00:00Z,2026-08-10T10:00:00+0200,2352.4,MW,PT,PT,actual_solar_generation,Solar,2026-08-24T11:53:07Z
2026-08-24T11:44:27Z,2026-08-24T13:44:27+0200,8b6740d6-ed67-4509-be5b-470091805d1c,2026-08-10T09:00:00Z,2026-08-10T11:00:00+0200,3115.1,MW,PT,PT,actual_solar_generation,Solar,2026-08-24T11:53:07Z
2026-08-24T11:44:27Z,2026-08-24T13:44:27+0200,8b6740d6-ed67-4509-be5b-470091805d1c,2026-08-10T10:00:00Z,2026-08-10T12:00:00+0200,3591.5,MW,PT,PT,actual_solar_generation,Solar,2026-08-24T11:53:07Z
2026-08-24T11:44:27Z,2026-08-24T13:44:27+0200,8b6740d6-ed67-4509-be5b-470091805d1c,2026-08-10T11:00:00Z,2026-08-10T13:00:00+0200,3777.9,MW,PT,PT,actual_solar_generation,Solar,2026-08-24T11:53:07Z
2026-08-24T11:44:27Z,2026-08-24T13:44:27+0200,8b6740d6-ed67-4509-be5b-470091805d1c,2026-08-10T12:00:00Z,2026-08-10T14:00:00+0200,3824.3,MW,PT,PT,actual_solar_generation,Solar,2026-08-24T11:53:07Z
2026-08-24T11:44:27Z,2026-08-24T13:44:27+0200,8b6740d6-ed67-4509-be5b-470091805d1c,2026-08-10T13:00:00Z,2026-08-10T15:00:00+0200,3755.9,MW,PT,PT,actual_solar_generation,Solar,2026-08-24T11:53:07Z
2026-08-24T11:44:27Z,2026-08-24T13:44:27+0200,8b6740d6-ed67-4509-be5b-470091805d1c,2026-08-10T14:00:00Z,2026-08-10T16:00:00+0200,3620.4,MW,PT,PT,actual_solar_generation,Solar,2026-08-24T11:53:07Z
2026-08-24T11:44:27Z,2026-08-24T13:44:27+0200,8b6740d6-ed67-4509-be5b-470091805d1c,2026-08-10T15:00:00Z,2026-08-10T17:00:00+0200,3227.6,MW,PT,PT,actual_solar_generation,Solar,2026-08-24T11:53:07Z
2026-08-24T11:44:27Z,2026-08-24T13:44:27+0200,8b6740d6-ed67-4509-be5b-470091805d1c,2026-08-10T16:00:00Z,2026-08-10T18:00:00+0200,2769.0,MW,PT,PT,actual_solar_generation,Solar,2026-08-24T11:53:07Z
2026-08-24T11:44:27Z,2026-08-24T13:44:27+0200,8b6740d6-ed67-4509-be5b-470091805d1c,2026-08-10T17:00:00Z,2026-08-10T19:00:00+0200,1729.2,MW,PT,PT,actual_solar_generation,Solar,2026-08-24T11:53:07Z
2026-08-24T11:44:27Z,2026-08-24T13:44:27+0200,8b6740d6-ed67-4509-be5b-470091805d1c,2026-08-10T18:00:00Z,2026-08-10T20:00:00+0200,556.8,MW,PT,PT,actual_solar_generation,Solar,2026-08-24T11:53:07Z
2026-08-24T11:44:27Z,2026-08-24T13:44:27+0200,8b6740d6-ed67-4509-be5b-470091805d1c,2026-08-10T19:00:00Z,2026-08-10T21:00:00+0200,63.5,MW,PT,PT,actual_solar_generation,Solar,2026-08-24T11:53:07Z
2026-08-24T11:44:27Z,2026-08-24T13:44:27+0200,8b6740d6-ed67-4509-be5b-470091805d1c,2026-08-10T20:00:00Z,2026-08-10T22:00:00+0200,26.8,MW,PT,PT,actual_solar_generation,Solar,2026-08-24T11:53:07Z
2026-08-24T11:44:27Z,2026-08-24T13:44:27+0200,8b6740d6-ed67-4509-be5b-470091805d1c,2026-08-10T21:00:00Z,2026-08-10T23:00:00+0200,0.3,MW,PT,PT,actual_solar_generation,Solar,2026-08-24T11:53:07Z
2026-08-24T11:44:27Z,2026-08-24T13:44:27+0200,8b6740d6-ed67-4509-be5b-470091805d1c,2026-08-10T22:00:00Z,2026-08-11T00:00:00+0200,0.0,MW,PT,PT,actual_solar_generation,Solar,2026-08-24T11:53:07Z
2026-08-24T11:44:27Z,2026-08-24T13:44:27+0200,8b6740d6-ed67-4509-be5b-470091805d1c,2026-08-10T23:00:00Z,2026-08-11T01:00:00+0200,0.0,MW,PT,PT,actual_solar_generation,Solar,2026-08-24T11:53:07Z
2026-08-24T11:44:27Z,2026-08-24T13:44:27+0200,8b6740d6-ed67-4509-be5b-470091805d1c,2026-08-11T00:00:00Z,2026-08-11T02:00:00+0200,0.0,MW,PT,PT,actual_solar_generation,Solar,2026-08-24T11:53:07Z
2026-08-24T11:44:27Z,2026-08-24T13:44:27+0200,8b6740d6-ed67-4509-be5b-470091805d1c,2026-08-11T01:00:00Z,2026-08-11T03:00:00+0200,0.0,MW,PT,PT,actual_solar_generation,Solar,2026-08-24T11:53:07Z
2026-08-24T11:44:27Z,2026-08-24T13:44:27+0200,8b6740d6-ed67-4509-be5b-470091805d1c,2026-08-11T02:00:00Z,2026-08-11T04:00:00+0200,0.0,MW,PT,PT,actual_solar_generation,Solar,2026-08-24T11:53:07Z
2026-08-24T11:44:27Z,2026-08-24T13:44:27+0200,8b6740d6-ed67-4509-be5b-470091805d1c,2026-08-11T03:00:00Z,2026-08-11T05:00:00+0200,0.0,MW,PT,PT,actual_solar_generation,Solar,2026-08-24T11:53:07Z
2026-08-24T11:44:27Z,2026-08-24T13:44:27+0200,8b6740d6-ed67-4509-be5b-470091805d1c,2026-08-11T04:00:00Z,2026-08-11T06:00:00+0200,0.0,MW,PT,PT,actual_solar_generation,Solar,2026-08-24T11:53:07Z
2026-08-24T11:44:27Z,2026-08-24T13:44:27+0200,8b6740d6-ed67-4509-be5b-470091805d1c,2026-08-11T05:00:00Z,2026-08-11T07:00:00+0200,5.0,MW,PT,PT,actual_solar_generation,Solar,2026-08-24T11:53:07Z
2026-08-24T11:44:27Z,2026-08-24T13:44:27+0200,8b6740d6-ed67-4509-be5b-470091805d1c,2026-08-11T06:00:00Z,2026-08-11T08:00:00+0200,294.6,MW,PT,PT,actual_solar_generation,Solar,2026-08-24T11:53:07Z
2026-08-24T11:44:27Z,2026-08-24T13:44:27+0200,8b6740d6-ed67-4509-be5b-470091805d1c,2026-08-11T07:00:00Z,2026-08-11T09:00:00+0200,1304.9,MW,PT,PT,actual_solar_generation,Solar,2026-08-24T11:53:07Z
2026-08-24T11:44:27Z,2026-08-24T13:44:27+0200,8b6740d6-ed67-4509-be5b-470091805d1c,2026-08-11T08:00:00Z,2026-08-11T10:00:00+0200,2416.6,MW,PT,PT,actual_solar_generation,Solar,2026-08-24T11:53:07Z
2026-08-24T11:44:27Z,2026-08-24T13:44:27+0200,8b6740d6-ed67-4509-be5b-470091805d1c,2026-08-11T09:00:00Z,2026-08-11T11:00:00+0200,3092.7,MW,PT,PT,actual_solar_generation,Solar,2026-08-24T11:53:07Z
2026-08-24T11:44:27Z,2026-08-24T13:44:27+0200,8b6740d6-ed67-4509-be5b-470091805d1c,2026-08-11T10:00:00Z,2026-08-11T12:00:00+0200,3559.1,MW,PT,PT,actual_solar_generation,Solar,2026-08-24T11:53:07Z
2026-08-24T11:44:27Z,2026-08-24T13:44:27+0200,8b6740d6-ed67-4509-be5b-470091805d1c,2026-08-11T11:00:00Z,2026-08-11T13:00:00+0200,3756.5,MW,PT,PT,actual_solar_generation,Solar,2026-08-24T11:53:07Z
2026-08-24T11:44:27Z,2026-08-24T13:44:27+0200,8b6740d6-ed67-4509-be5b-470091805d1c,2026-08-11T12:00:00Z,2026-08-11T14:00:00+0200,3741.4,MW,PT,PT,actual_solar_generation,Solar,2026-08-24T11:53:07Z
2026-08-24T11:44:27Z,2026-08-24T13:44:27+0200,8b6740d6-ed67-4509-be5b-470091805d1c,2026-08-11T13:00:00Z,2026-08-11T15:00:00+0200,3696.8,MW,PT,PT,actual_solar_generation,Solar,2026-08-24T11:53:07Z
2026-08-24T11:44:27Z,2026-08-24T13:44:27+0200,8b6740d6-ed67-4509-be5b-470091805d1c,2026-08-11T14:00:00Z,2026-08-11T16:00:00+0200,3580.3,MW,PT,PT,actual_solar_generation,Solar,2026-08-24T11:53:07Z
2026-08-24T11:44:27Z,2026-08-24T13:44:27+0200,8b6740d6-ed67-4509-be5b-470091805d1c,2026-08-11T15:00:00Z,2026-08-11T17:00:00+0200,3261.6,MW,PT,PT,actual_solar_generation,Solar,2026-08-24T11:53:07Z
2026-08-24T11:44:27Z,2026-08-24T13:44:27+0200,8b6740d6-ed67-4509-be5b-470091805d1c,2026-08-11T16:00:00Z,2026-08-11T18:00:00+0200,2708.1,MW,PT,PT,actual_solar_generation,Solar,2026-08-24T11:53:07Z
2026-08-24T11:44:27Z,2026-08-24T13:44:27+0200,8b6740d6-ed67-4509-be5b-470091805d1c,2026-08-11T17:00:00Z,2026-08-11T19:00:00+0200,1693.4,MW,PT,PT,actual_solar_generation,Solar,2026-08-24T11:53:07Z
2026-08-24T11:44:27Z,2026-08-24T13:44:27+0200,8b6740d6-ed67-4509-be5b-470091805d1c,2026-08-11T18:00:00Z,2026-08-11T20:00:00+0200,547.8,MW,PT,PT,actual_solar_generation,Solar,2026-08-24T11:53:07Z
2026-08-24T11:44:27Z,2026-08-24T13:44:27+0200,8b6740d6-ed67-4509-be5b-470091805d1c,2026-08-11T19:00:00Z,2026-08-11T21:00:00+0200,56.3,MW,PT,PT,actual_solar_generation,Solar,2026-08-24T11:53:07Z
2026-08-24T11:44:27Z,2026-08-24T13:44:27+0200,8b6740d6-ed67-4509-be5b-470091805d1c,2026-08-11T20:00:00Z,2026-08-11T22:00:00+0200,10.6,MW,PT,PT,actual_solar_generation,Solar,2026-08-24T11:53:07Z
2026-08-24T11:44:27Z,2026-08-24T13:44:27+0200,8b6740d6-ed67-4509-be5b-470091805d1c,2026-08-11T21:00:00Z,2026-08-11T23:00:00+0200,0.1,MW,PT,PT,actual_solar_generation,Solar,2026-08-24T11:53:07Z
2026-08-24T11:44:27Z,2026-08-24T13:44:27+0200,8b6740d6-ed67-4509-be5b-470091805d1c,2026-08-11T22:00:00Z,2026-08-12T00:00:00+0200,0.0,MW,PT,PT,actual_solar_generation,Solar,2026-08-24T11:53:07Z
2026-08-24T11:44:27Z,2026-08-24T13:44:27+0200,8b6740d6-ed67-4509-be5b-470091805d1c,2026-08-11T23:00:00Z,2026-08-12T01:00:00+0200,0.0,MW,PT,PT,actual_solar_generation,Solar,2026-08-24T11:53:07Z
2026-08-24T11:44:27Z,2026-08-24T13:44:27+0200,8b6740d6-ed67-4509-be5b-470091805d1c,2026-08-12T00:00:00Z,2026-08-12T02:00:00+0200,0.0,MW,PT,PT,actual_solar_generation,Solar,2026-08-24T11:53:07Z
2026-08-24T11:44:27Z,2026-08-24T13:44:27+0200,8b6740d6-ed67-4509-be5b-470091805d1c,2026-08-12T01:00:00Z,2026-08-12T03:00:00+0200,0.0,MW,PT,PT,actual_solar_generation,Solar,2026-08-24T11:53:07Z
2026-08-24T11:44:27Z,2026-08-24T13:44:27+0200,8b6740d6-ed67-4509-be5b-470091805d1c,2026-08-12T02:00:00Z,2026-08-12T04:00:00+0200,0.0,MW,PT,PT,actual_solar_generation,Solar,2026-08-24T11:53:07Z
2026-08-24T11:44:27Z,2026-08-24T13:44:27+0200,8b6740d6-ed67-4509-be5b-470091805d1c,2026-08-12T03:00:00Z,2026-08-12T05:00:00+0200,0.0,MW,PT,PT,actual_solar_generation,Solar,2026-08-24T11:53:07Z
2026-08-24T11:44:27Z,2026-08-24T13:44:27+0200,8b6740d6-ed67-4509-be5b-470091805d1c,2026-08-12T04:00:00Z,2026-08-12T06:00:00+0200,0.0,MW,PT,PT,actual_solar_generation,Solar,2026-08-24T11:53:07Z
2026-08-24T11:44:27Z,2026-08-24T13:44:27+0200,8b6740d6-ed67-4509-be5b-470091805d1c,2026-08-12T05:00:00Z,2026-08-12T07:00:00+0200,3.2,MW,PT,PT,actual_solar_generation,Solar,2026-08-24T11:53:07Z
2026-08-24T11:44:27Z,2026-08-24T13:44:27+0200,8b6740d6-ed67-4509-be5b-470091805d1c,2026-08-12T06:00:00Z,2026-08-12T08:00:00+0200,285.7,MW,PT,PT,actual_solar_generation,Solar,2026-08-24T11:53:07Z
2026-08-24T11:44:27Z,2026-08-24T13:44:27+0200,8b6740d6-ed67-4509-be5b-470091805d1c,2026-08-12T07:00:00Z,2026-08-12T09:00:00+0200,1260.6,MW,PT,PT,actual_solar_generation,Solar,2026-08-24T11:53:07Z
2026-08-24T11:44:27Z,2026-08-24T13:44:27+0200,8b6740d6-ed67-4509-be5b-470091805d1c,2026-08-12T08:00:00Z,2026-08-12T10:00:00+0200,2385.8,MW,PT,PT,actual_solar_generation,Solar,2026-08-24T11:53:07Z
2026-08-24T11:44:27Z,2026-08-24T13:44:27+0200,8b6740d6-ed67-4509-be5b-470091805d1c,2026-08-12T09:00:00Z,2026-08-12T11:00:00+0200,3088.8,MW,PT,PT,actual_solar_generation,Solar,2026-08-24T11:53:07Z
2026-08-24T11:44:27Z,2026-08-24T13:44:27+0200,8b6740d6-ed67-4509-be5b-470091805d1c,2026-08-12T10:00:00Z,2026-08-12T12:00:00+0200,3551.6,MW,PT,PT,actual_solar_generation,Solar,2026-08-24T11:53:07Z
2026-08-24T11:44:27Z,2026-08-24T13:44:27+0200,8b6740d6-ed67-4509-be5b-470091805d1c,2026-08-12T11:00:00Z,2026-08-12T13:00:00+0200,3747.0,MW,PT,PT,actual_solar_generation,Solar,2026-08-24T11:53:07Z
2026-08-24T11:44:27Z,2026-08-24T13:44:27+0200,8b6740d6-ed67-4509-be5b-470091805d1c,2026-08-12T12:00:00Z,2026-08-12T14:00:00+0200,3723.9,MW,PT,PT,actual_solar_generation,Solar,2026-08-24T11:53:07Z
2026-08-24T11:44:27Z,2026-08-24T13:44:27+0200,8b6740d6-ed67-4509-be5b-470091805d1c,2026-08-12T13:00:00Z,2026-08-12T15:00:00+0200,3653.1,MW,PT,PT,actual_solar_generation,Solar,2026-08-24T11:53:07Z
2026-08-24T11:44:27Z,2026-08-24T13:44:27+0200,8b6740d6-ed67-4509-be5b-470091805d1c,2026-08-12T14:00:00Z,2026-08-12T16:00:00+0200,3562.4,MW,PT,PT,actual_solar_generation,Solar,2026-08-24T11:53:07Z
2026-08-24T11:44:27Z,2026-08-24T13:44:27+0200,8b6740d6-ed67-4509-be5b-470091805d1c,2026-08-12T15:00:00Z,2026-08-12T17:00:00+0200,3247.4,MW,PT,PT,actual_solar_generation,Solar,2026-08-24T11:53:07Z
2026-08-24T11:44:27Z,2026-08-24T13:44:27+0200,8b6740d6-ed67-4509-be5b-470091805d1c,2026-08-12T16:00:00Z,2026-08-12T18:00:00+0200,2670.1,MW,PT,PT,actual_solar_generation,Solar,2026-08-24T11:53:07Z
2026-08-24T11:44:27Z,2026-08-24T13:44:27+0200,8b6740d6-ed67-4509-be5b-470091805d1c,2026-08-12T17:00:00Z,2026-08-12T19:00:00+0200,1571.5,MW,PT,PT,actual_solar_generation,Solar,2026-08-24T11:53:07Z
2026-08-24T11:44:27Z,2026-08-24T13:44:27+0200,8b6740d6-ed67-4509-be5b-470091805d1c,2026-08-12T18:00:00Z,2026-08-12T20:00:00+0200,204.3,MW,PT,PT,actual_solar_generation,Solar,2026-08-24T11:53:07Z
2026-08-24T11:44:27Z,2026-08-24T13:44:27+0200,8b6740d6-ed67-4509-be5b-470091805d1c,2026-08-12T19:00:00Z,2026-08-12T21:00:00+0200,47.4,MW,PT,PT,actual_solar_generation,Solar,2026-08-24T11:53:07Z
2026-08-24T11:44:27Z,2026-08-24T13:44:27+0200,8b6740d6-ed67-4509-be5b-470091805d1c,2026-08-12T20:00:00Z,2026-08-12T22:00:00+0200,9.3,MW,PT,PT,actual_solar_generation,Solar,2026-08-24T11:53:07Z
2026-08-24T11:44:27Z,2026-08-24T13:44:27+0200,8b6740d6-ed67-4509-be5b-470091805d1c,2026-08-12T21:00:00Z,2026-08-12T23:00:00+0200,1.9,MW,PT,PT,actual_solar_generation,Solar,2026-08-24T11:53:07Z
2026-08-24T11:44:27Z,2026-08-24T13:44:27+0200,8b6740d6-ed67-4509-be5b-470091805d1c,2026-08-12T22:00:00Z,2026-08-13T00:00:00+0200,0.7,MW,PT,PT,actual_solar_generation,Solar,2026-08-24T11:53:07Z
2026-08-24T11:44:27Z,2026-08-24T13:44:27+0200,8b6740d6-ed67-4509-be5b-470091805d1c,2026-08-12T23:00:00Z,2026-08-13T01:00:00+0200,0.0,MW,PT,PT,actual_solar_generation,Solar,2026-08-24T11:53:07Z
2026-08-24T11:44:27Z,2026-08-24T13:44:27+0200,8b6740d6-ed67-4509-be5b-470091805d1c,2026-08-13T00:00:00Z,2026-08-13T02:00:00+0200,0.0,MW,PT,PT,actual_solar_generation,Solar,2026-08-24T11:53:07Z
2026-08-24T11:44:27Z,2026-08-24T13:44:27+0200,8b6740d6-ed67-4509-be5b-470091805d1c,2026-08-13T01:00:00Z,2026-08-13T03:00:00+0200,0.0,MW,PT,PT,actual_solar_generation,Solar,2026-08-24T11:53:07Z
2026-08-24T11:44:27Z,2026-08-24T13:44:27+0200,8b6740d6-ed67-4509-be5b-470091805d1c,2026-08-13T02:00:00Z,2026-08-13T04:00:00+0200,0.0,MW,PT,PT,actual_solar_generation,Solar,2026-08-24T11:53:07Z
2026-08-24T11:44:27Z,2026-08-24T13:44:27+0200,8b6740d6-ed67-4509-be5b-470091805d1c,2026-08-13T03:00:00Z,2026-08-13T05:00:00+0200,0.0,MW,PT,PT,actual_solar_generation,Solar,2026-08-24T11:53:07Z
2026-08-24T11:44:27Z,2026-08-24T13:44:27+0200,8b6740d6-ed67-4509-be5b-470091805d1c,2026-08-13T04:00:00Z,2026-08-13T06:00:00+0200,0.0,MW,PT,PT,actual_solar_generation,Solar,2026-08-24T11:53:07Z
2026-08-24T11:44:27Z,2026-08-24T13:44:27+0200,8b6740d6-ed67-4509-be5b-470091805d1c,2026-08-13T05:00:00Z,2026-08-13T07:00:00+0200,2.5,MW,PT,PT,actual_solar_generation,Solar,2026-08-24T11:53:07Z
2026-08-24T11:44:27Z,2026-08-24T13:44:27+0200,8b6740d6-ed67-4509-be5b-470091805d1c,2026-08-13T06:00:00Z,2026-08-13T08:00:00+0200,250.4,MW,PT,PT,actual_solar_generation,Solar,2026-08-24T11:53:07Z
2026-08-24T11:44:27Z,2026-08-24T13:44:27+0200,8b6740d6-ed67-4509-be5b-470091805d1c,2026-08-13T07:00:00Z,2026-08-13T09:00:00+0200,1120.1,MW,PT,PT,actual_solar_generation,Solar,2026-08-24T11:53:07Z
2026-08-24T11:44:27Z,2026-08-24T13:44:27+0200,8b6740d6-ed67-4509-be5b-470091805d1c,2026-08-13T08:00:00Z,2026-08-13T10:00:00+0200,2281.4,MW,PT,PT,actual_solar_generation,Solar,2026-08-24T11:53:07Z
2026-08-24T11:44:27Z,2026-08-24T13:44:27+0200,8b6740d6-ed67-4509-be5b-470091805d1c,2026-08-13T09:00:00Z,2026-08-13T11:00:00+0200,2945.7,MW,PT,PT,actual_solar_generation,Solar,2026-08-24T11:53:07Z
2026-08-24T11:44:27Z,2026-08-24T13:44:27+0200,8b6740d6-ed67-4509-be5b-470091805d1c,2026-08-13T10:00:00Z,2026-08-13T12:00:00+0200,3373.8,MW,PT,PT,actual_solar_generation,Solar,2026-08-24T11:53:07Z
2026-08-24T11:44:27Z,2026-08-24T13:44:27+0200,8b6740d6-ed67-4509-be5b-470091805d1c,2026-08-13T11:00:00Z,2026-08-13T13:00:00+0200,3644.5,MW,PT,PT,actual_solar_generation,Solar,2026-08-24T11:53:07Z
2026-08-24T11:44:27Z,2026-08-24T13:44:27+0200,8b6740d6-ed67-4509-be5b-470091805d1c,2026-08-13T12:00:00Z,2026-08-13T14:00:00+0200,3468.1,MW,PT,PT,actual_solar_generation,Solar,2026-08-24T11:53:07Z
2026-08-24T11:44:27Z,2026-08-24T13:44:27+0200,8b6740d6-ed67-4509-be5b-470091805d1c,2026-08-13T13:00:00Z,2026-08-13T15:00:00+0200,3439.7,MW,PT,PT,actual_solar_generation,Solar,2026-08-24T11:53:07Z
2026-08-24T11:44:27Z,2026-08-24T13:44:27+0200,8b6740d6-ed67-4509-be5b-470091805d1c,2026-08-13T14:00:00Z,2026-08-13T16:00:00+0200,3550.0,MW,PT,PT,actual_solar_generation,Solar,2026-08-24T11:53:07Z
2026-08-24T11:44:27Z,2026-08-24T13:44:27+0200,8b6740d6-ed67-4509-be5b-470091805d1c,2026-08-13T15:00:00Z,2026-08-13T17:00:00+0200,3250.4,MW,PT,PT,actual_solar_generation,Solar,2026-08-24T11:53:07Z
2026-08-24T11:44:27Z,2026-08-24T13:44:27+0200,8b6740d6-ed67-4509-be5b-470091805d1c,2026-08-13T16:00:00Z,2026-08-13T18:00:00+0200,2645.0,MW,PT,PT,actual_solar_generation,Solar,2026-08-24T11:53:07Z
2026-08-24T11:44:27Z,2026-08-24T13:44:27+0200,8b6740d6-ed67-4509-be5b-470091805d1c,2026-08-13T17:00:00Z,2026-08-13T19:00:00+0200,1609.2,MW,PT,PT,actual_solar_generation,Solar,2026-08-24T11:53:07Z
2026-08-24T11:44:27Z,2026-08-24T13:44:27+0200,8b6740d6-ed67-4509-be5b-470091805d1c,2026-08-13T18:00:00Z,2026-08-13T20:00:00+0200,501.7,MW,PT,PT,actual_solar_generation,Solar,2026-08-24T11:53:07Z
2026-08-24T11:44:27Z,2026-08-24T13:44:27+0200,8b6740d6-ed67-4509-be5b-470091805d1c,2026-08-13T19:00:00Z,2026-08-13T21:00:00+0200,49.6,MW,PT,PT,actual_solar_generation,Solar,2026-08-24T11:53:07Z
2026-08-24T11:44:27Z,2026-08-24T13:44:27+0200,8b6740d6-ed67-4509-be5b-470091805d1c,2026-08-13T20:00:00Z,2026-08-13T22:00:00+0200,23.0,MW,PT,PT,actual_solar_generation,Solar,2026-08-24T11:53:07Z
2026-08-24T11:44:27Z,2026-08-24T13:44:27+0200,8b6740d6-ed67-4509-be5b-470091805d1c,2026-08-13T21:00:00Z,2026-08-13T23:00:00+0200,1.1,MW,PT,PT,actual_solar_generation,Solar,2026-08-24T11:53:07Z
2026-08-24T11:44:27Z,2026-08-24T13:44:27+0200,8b6740d6-ed67-4509-be5b-470091805d1c,2026-08-13T22:00:00Z,2026-08-14T00:00:00+0200,0.0,MW,PT,PT,actual_solar_generation,Solar,2026-08-24T11:53:07Z
2026-08-24T11:44:27Z,2026-08-24T13:44:27+0200,8b6740d6-ed67-4509-be5b-470091805d1c,2026-08-13T23:00:00Z,2026-08-14T01:00:00+0200,0.0,MW,PT,PT,actual_solar_generation,Solar,2026-08-24T11:53:07Z
2026-08-24T11:44:27Z,2026-08-24T13:44:27+0200,8b6740d6-ed67-4509-be5b-470091805d1c,2026-08-14T00:00:00Z,2026-08-14T02:00:00+0200,0.0,MW,PT,PT,actual_solar_generation,Solar,2026-08-24T11:53:07Z
2026-08-24T11:44:27Z,2026-08-24T13:44:27+0200,8b6740d6-ed67-4509-be5b-470091805d1c,2026-08-14T01:00:00Z,2026-08-14T03:00:00+0200,0.0,MW,PT,PT,actual_solar_generation,Solar,2026-08-24T11:53:07Z
2026-08-24T11:44:27Z,2026-08-24T13:44:27+0200,8b6740d6-ed67-4509-be5b-470091805d1c,2026-08-14T02:00:00Z,2026-08-14T04:00:00+0200,0.0,MW,PT,PT,actual_solar_generation,Solar,2026-08-24T11:53:07Z
2026-08-24T11:44:27Z,2026-08-24T13:44:27+0200,8b6740d6-ed67-4509-be5b-470091805d1c,2026-08-14T03:00:00Z,2026-08-14T05:00:00+0200,0.0,MW,PT,PT,actual_solar_generation,Solar,2026-08-24T11:53:07Z
2026-08-24T11:44:27Z,2026-08-24T13:44:27+0200,8b6740d6-ed67-4509-be5b-470091805d1c,2026-08-14T04:00:00Z,2026-08-14T06:00:00+0200,0.0,MW,PT,PT,actual_solar_generation,Solar,2026-08-24T11:53:07Z
2026-08-24T11:44:27Z,2026-08-24T13:44:27+0200,8b6740d6-ed67-4509-be5b-470091805d1c,2026-08-14T05:00:00Z,2026-08-14T07:00:00+0200,2.5,MW,PT,PT,actual_solar_generation,Solar,2026-08-24T11:53:07Z
2026-08-24T11:44:27Z,2026-08-24T13:44:27+0200,8b6740d6-ed67-4509-be5b-470091805d1c,2026-08-14T06:00:00Z,2026-08-14T08:00:00+0200,217.7,MW,PT,PT,actual_solar_generation,Solar,2026-08-24T11:53:07Z
2026-08-24T11:44:27Z,2026-08-24T13:44:27+0200,8b6740d6-ed67-4509-be5b-470091805d1c,2026-08-14T07:00:00Z,2026-08-14T09:00:00+0200,949.9,MW,PT,PT,actual_solar_generation,Solar,2026-08-24T11:53:07Z
2026-08-24T11:44:27Z,2026-08-24T13:44:27+0200,8b6740d6-ed67-4509-be5b-470091805d1c,2026-08-14T08:00:00Z,2026-08-14T10:00:00+0200,1921.7,MW,PT,PT,actual_solar_generation,Solar,2026-08-24T11:53:07Z
2026-08-24T11:44:27Z,2026-08-24T13:44:27+0200,8b6740d6-ed67-4509-be5b-470091805d1c,2026-08-14T09:00:00Z,2026-08-14T11:00:00+0200,2671.2,MW,PT,PT,actual_solar_generation,Solar,2026-08-24T11:53:07Z
2026-08-24T11:44:27Z,2026-08-24T13:44:27+0200,8b6740d6-ed67-4509-be5b-470091805d1c,2026-08-14T10:00:00Z,2026-08-14T12:00:00+0200,3221.8,MW,PT,PT,actual_solar_generation,Solar,2026-08-24T11:53:07Z
2026-08-24T11:44:27Z,2026-08-24T13:44:27+0200,8b6740d6-ed67-4509-be5b-470091805d1c,2026-08-14T11:00:00Z,2026-08-14T13:00:00+0200,3460.6,MW,PT,PT,actual_solar_generation,Solar,2026-08-24T11:53:07Z
2026-08-24T11:44:27Z,2026-08-24T13:44:27+0200,8b6740d6-ed67-4509-be5b-470091805d1c,2026-08-14T12:00:00Z,2026-08-14T14:00:00+0200,3415.9,MW,PT,PT,actual_solar_generation,Solar,2026-08-24T11:53:07Z
2026-08-24T11:44:27Z,2026-08-24T13:44:27+0200,8b6740d6-ed67-4509-be5b-470091805d1c,2026-08-14T13:00:00Z,2026-08-14T15:00:00+0200,3441.5,MW,PT,PT,actual_solar_generation,Solar,2026-08-24T11:53:07Z
2026-08-24T11:44:27Z,2026-08-24T13:44:27+0200,8b6740d6-ed67-4509-be5b-470091805d1c,2026-08-14T14:00:00Z,2026-08-14T16:00:00+0200,3343.1,MW,PT,PT,actual_solar_generation,Solar,2026-08-24T11:53:07Z
2026-08-24T11:44:27Z,2026-08-24T13:44:27+0200,8b6740d6-ed67-4509-be5b-470091805d1c,2026-08-14T15:00:00Z,2026-08-14T17:00:00+0200,3135.3,MW,PT,PT,actual_solar_generation,Solar,2026-08-24T11:53:07Z
2026-08-24T11:44:27Z,2026-08-24T13:44:27+0200,8b6740d6-ed67-4509-be5b-470091805d1c,2026-08-14T16:00:00Z,2026-08-14T18:00:00+0200,2583.3,MW,PT,PT,actual_solar_generation,Solar,2026-08-24T11:53:07Z
2026-08-24T11:44:27Z,2026-08-24T13:44:27+0200,8b6740d6-ed67-4509-be5b-470091805d1c,2026-08-14T17:00:00Z,2026-08-14T19:00:00+0200,1545.5,MW,PT,PT,actual_solar_generation,Solar,2026-08-24T11:53:07Z
2026-08-24T11:44:27Z,2026-08-24T13:44:27+0200,8b6740d6-ed67-4509-be5b-470091805d1c,2026-08-14T18:00:00Z,2026-08-14T20:00:00+0200,430.5,MW,PT,PT,actual_solar_generation,Solar,2026-08-24T11:53:07Z
2026-08-24T11:44:27Z,2026-08-24T13:44:27+0200,8b6740d6-ed67-4509-be5b-470091805d1c,2026-08-14T19:00:00Z,2026-08-14T21:00:00+0200,19.1,MW,PT,PT,actual_solar_generation,Solar,2026-08-24T11:53:07Z
2026-08-24T11:44:27Z,2026-08-24T13:44:27+0200,8b6740d6-ed67-4509-be5b-470091805d1c,2026-08-14T20:00:00Z,2026-08-14T22:00:00+0200,2.3,MW,PT,PT,actual_solar_generation,Solar,2026-08-24T11:53:07Z
2026-08-24T11:44:27Z,2026-08-24T13:44:27+0200,8b6740d6-ed67-4509-be5b-470091805d1c,2026-08-14T21:00:00Z,2026-08-14T23:00:00+0200,1.2,MW,PT,PT,actual_solar_generation,Solar,2026-08-24T11:53:07Z
2026-08-24T11:44:27Z,2026-08-24T13:44:27+0200,8b6740d6-ed67-4509-be5b-470091805d1c,2026-08-14T22:00:00Z,2026-08-15T00:00:00+0200,1.3,MW,PT,PT,actual_solar_generation,Solar,2026-08-24T11:53:07Z
2026-08-24T11:44:27Z,2026-08-24T13:44:27+0200,8b6740d6-ed67-4509-be5b-470091805d1c,2026-08-14T23:00:00Z,2026-08-15T01:00:00+0200,0.0,MW,PT,PT,actual_solar_generation,Solar,2026-08-24T11:53:07Z
2026-08-24T11:44:27Z,2026-08-24T13:44:27+0200,8b6740d6-ed67-4509-be5b-470091805d1c,2026-08-15T00:00:00Z,2026-08-15T02:00:00+0200,0.0,MW,PT,PT,actual_solar_generation,Solar,2026-08-24T11:53:07Z
2026-08-24T11:44:27Z,2026-08-24T13:44:27+0200,8b6740d6-ed67-4509-be5b-470091805d1c,2026-08-15T01:00:00Z,2026-08-15T03:00:00+0200,0.0,MW,PT,PT,actual_solar_generation,Solar,2026-08-24T11:53:07Z
2026-08-24T11:44:27Z,2026-08-24T13:44:27+0200,8b6740d6-ed67-4509-be5b-470091805d1c,2026-08-15T02:00:00Z,2026-08-15T04:00:00+0200,0.0,MW,PT,PT,actual_solar_generation,Solar,2026-08-24T11:53:07Z
2026-08-24T11:44:27Z,2026-08-24T13:44:27+0200,8b6740d6-ed67-4509-be5b-470091805d1c,2026-08-15T03:00:00Z,2026-08-15T05:00:00+0200,0.0,MW,PT,PT,actual_solar_generation,Solar,2026-08-24T11:53:07Z
2026-08-24T11:44:27Z,2026-08-24T13:44:27+0200,8b6740d6-ed67-4509-be5b-470091805d1c,2026-08-15T04:00:00Z,2026-08-15T06:00:00+0200,0.0,MW,PT,PT,actual_solar_generation,Solar,2026-08-24T11:53:07Z
2026-08-24T11:44:27Z,2026-08-24T13:44:27+0200,8b6740d6-ed67-4509-be5b-470091805d1c,2026-08-15T05:00:00Z,2026-08-15T07:00:00+0200,1.6,MW,PT,PT,actual_solar_generation,Solar,2026-08-24T11:53:07Z
2026-08-24T11:44:27Z,2026-08-24T13:44:27+0200,8b6740d6-ed67-4509-be5b-470091805d1c,2026-08-15T06:00:00Z,2026-08-15T08:00:00+0200,143.9,MW,PT,PT,actual_solar_generation,Solar,2026-08-24T11:53:07Z
2026-08-24T11:44:27Z,2026-08-24T13:44:27+0200,8b6740d6-ed67-4509-be5b-470091805d1c,2026-08-15T07:00:00Z,2026-08-15T09:00:00+0200,602.0,MW,PT,PT,actual_solar_generation,Solar,2026-08-24T11:53:07Z
2026-08-24T11:44:27Z,2026-08-24T13:44:27+0200,8b6740d6-ed67-4509-be5b-470091805d1c,2026-08-15T08:00:00Z,2026-08-15T10:00:00+0200,1444.2,MW,PT,PT,actual_solar_generation,Solar,2026-08-24T11:53:07Z
2026-08-24T11:44:27Z,2026-08-24T13:44:27+0200,8b6740d6-ed67-4509-be5b-470091805d1c,2026-08-15T09:00:00Z,2026-08-15T11:00:00+0200,1976.6,MW,PT,PT,actual_solar_generation,Solar,2026-08-24T11:53:07Z
2026-08-24T11:44:27Z,2026-08-24T13:44:27+0200,8b6740d6-ed67-4509-be5b-470091805d1c,2026-08-15T10:00:00Z,2026-08-15T12:00:00+0200,2461.8,MW,PT,PT,actual_solar_generation,Solar,2026-08-24T11:53:07Z
2026-08-24T11:44:27Z,2026-08-24T13:44:27+0200,8b6740d6-ed67-4509-be5b-470091805d1c,2026-08-15T11:00:00Z,2026-08-15T13:00:00+0200,2759.7,MW,PT,PT,actual_solar_generation,Solar,2026-08-24T11:53:07Z
2026-08-24T11:44:27Z,2026-08-24T13:44:27+0200,8b6740d6-ed67-4509-be5b-470091805d1c,2026-08-15T12:00:00Z,2026-08-15T14:00:00+0200,3136.4,MW,PT,PT,actual_solar_generation,Solar,2026-08-24T11:53:07Z
2026-08-24T11:44:27Z,2026-08-24T13:44:27+0200,8b6740d6-ed67-4509-be5b-470091805d1c,2026-08-15T13:00:00Z,2026-08-15T15:00:00+0200,3406.4,MW,PT,PT,actual_solar_generation,Solar,2026-08-24T11:53:07Z
2026-08-24T11:44:27Z,2026-08-24T13:44:27+0200,8b6740d6-ed67-4509-be5b-470091805d1c,2026-08-15T14:00:00Z,2026-08-15T16:00:00+0200,3447.5,MW,PT,PT,actual_solar_generation,Solar,2026-08-24T11:53:07Z
2026-08-24T11:44:27Z,2026-08-24T13:44:27+0200,8b6740d6-ed67-4509-be5b-470091805d1c,2026-08-15T15:00:00Z,2026-08-15T17:00:00+0200,3098.8,MW,PT,PT,actual_solar_generation,Solar,2026-08-24T11:53:07Z
2026-08-24T11:44:27Z,2026-08-24T13:44:27+0200,8b6740d6-ed67-4509-be5b-470091805d1c,2026-08-15T16:00:00Z,2026-08-15T18:00:00+0200,2460.7,MW,PT,PT,actual_solar_generation,Solar,2026-08-24T11:53:07Z
2026-08-24T11:44:27Z,2026-08-24T13:44:27+0200,8b6740d6-ed67-4509-be5b-470091805d1c,2026-08-15T17:00:00Z,2026-08-15T19:00:00+0200,1492.8,MW,PT,PT,actual_solar_generation,Solar,2026-08-24T11:53:07Z
2026-08-24T11:44:27Z,2026-08-24T13:44:27+0200,8b6740d6-ed67-4509-be5b-470091805d1c,2026-08-15T18:00:00Z,2026-08-15T20:00:00+0200,449.0,MW,PT,PT,actual_solar_generation,Solar,2026-08-24T11:53:07Z
2026-08-24T11:44:27Z,2026-08-24T13:44:27+0200,8b6740d6-ed67-4509-be5b-470091805d1c,2026-08-15T19:00:00Z,2026-08-15T21:00:00+0200,20.8,MW,PT,PT,actual_solar_generation,Solar,2026-08-24T11:53:07Z
2026-08-24T11:44:27Z,2026-08-24T13:44:27+0200,8b6740d6-ed67-4509-be5b-470091805d1c,2026-08-15T20:00:00Z,2026-08-15T22:00:00+0200,0.2,MW,PT,PT,actual_solar_generation,Solar,2026-08-24T11:53:07Z
2026-08-24T11:44:27Z,2026-08-24T13:44:27+0200,8b6740d6-ed67-4509-be5b-470091805d1c,2026-08-15T21:00:00Z,2026-08-15T23:00:00+0200,0.1,MW,PT,PT,actual_solar_generation,Solar,2026-08-24T11:53:07Z
2026-08-24T11:44:27Z,2026-08-24T13:44:27+0200,8b6740d6-ed67-4509-be5b-470091805d1c,2026-08-15T22:00:00Z,2026-08-16T00:00:00+0200,0.0,MW,PT,PT,actual_solar_generation,Solar,2026-08-24T11:53:07Z
2026-08-24T11:44:27Z,2026-08-24T13:44:27+0200,8b6740d6-ed67-4509-be5b-470091805d1c,2026-08-15T23:00:00Z,2026-08-16T01:00:00+0200,0.0,MW,PT,PT,actual_solar_generation,Solar,2026-08-24T11:53:07Z
2026-08-24T11:44:27Z,2026-08-24T13:44:27+0200,8b6740d6-ed67-4509-be5b-470091805d1c,2026-08-16T00:00:00Z,2026-08-16T02:00:00+0200,0.0,MW,PT,PT,actual_solar_generation,Solar,2026-08-24T11:53:07Z
2026-08-24T11:44:27Z,2026-08-24T13:44:27+0200,8b6740d6-ed67-4509-be5b-470091805d1c,2026-08-16T01:00:00Z,2026-08-16T03:00:00+0200,0.0,MW,PT,PT,actual_solar_generation,Solar,2026-08-24T11:53:07Z
2026-08-24T11:44:27Z,2026-08-24T13:44:27+0200,8b6740d6-ed67-4509-be5b-470091805d1c,2026-08-16T02:00:00Z,2026-08-16T04:00:00+0200,0.0,MW,PT,PT,actual_solar_generation,Solar,2026-08-24T11:53:07Z
2026-08-24T11:44:27Z,2026-08-24T13:44:27+0200,8b6740d6-ed67-4509-be5b-470091805d1c,2026-08-16T03:00:00Z,2026-08-16T05:00:00+0200,0.0,MW,PT,PT,actual_solar_generation,Solar,2026-08-24T11:53:07Z
2026-08-24T11:44:27Z,2026-08-24T13:44:27+0200,8b6740d6-ed67-4509-be5b-470091805d1c,2026-08-16T04:00:00Z,2026-08-16T06:00:00+0200,0.0,MW,PT,PT,actual_solar_generation,Solar,2026-08-24T11:53:07Z
2026-08-24T11:44:27Z,2026-08-24T13:44:27+0200,8b6740d6-ed67-4509-be5b-470091805d1c,2026-08-16T05:00:00Z,2026-08-16T07:00:00+0200,2.1,MW,PT,PT,actual_solar_generation,Solar,2026-08-24T11:53:07Z
2026-08-24T11:44:27Z,2026-08-24T13:44:27+0200,8b6740d6-ed67-4509-be5b-470091805d1c,2026-08-16T06:00:00Z,2026-08-16T08:00:00+0200,258.5,MW,PT,PT,actual_solar_generation,Solar,2026-08-24T11:53:07Z
2026-08-24T11:44:27Z,2026-08-24T13:44:27+0200,8b6740d6-ed67-4509-be5b-470091805d1c,2026-08-16T07:00:00Z,2026-08-16T09:00:00+0200,1171.5,MW,PT,PT,actual_solar_generation,Solar,2026-08-24T11:53:07Z
2026-08-24T11:44:27Z,2026-08-24T13:44:27+0200,8b6740d6-ed67-4509-be5b-470091805d1c,2026-08-16T08:00:00Z,2026-08-16T10:00:00+0200,1911.5,MW,PT,PT,actual_solar_generation,Solar,2026-08-24T11:53:07Z
2026-08-24T11:44:27Z,2026-08-24T13:44:27+0200,8b6740d6-ed67-4509-be5b-470091805d1c,2026-08-16T09:00:00Z,2026-08-16T11:00:00+0200,2218.9,MW,PT,PT,actual_solar_generation,Solar,2026-08-24T11:53:07Z
2026-08-24T11:44:27Z,2026-08-24T13:44:27+0200,8b6740d6-ed67-4509-be5b-470091805d1c,2026-08-16T10:00:00Z,2026-08-16T12:00:00+0200,2827.6,MW,PT,PT,actual_solar_generation,Solar,2026-08-24T11:53:07Z
2026-08-24T11:44:27Z,2026-08-24T13:44:27+0200,8b6740d6-ed67-4509-be5b-470091805d1c,2026-08-16T11:00:00Z,2026-08-16T13:00:00+0200,3058.7,MW,PT,PT,actual_solar_generation,Solar,2026-08-24T11:53:07Z
2026-08-24T11:44:27Z,2026-08-24T13:44:27+0200,8b6740d6-ed67-4509-be5b-470091805d1c,2026-08-16T12:00:00Z,2026-08-16T14:00:00+0200,2956.1,MW,PT,PT,actual_solar_generation,Solar,2026-08-24T11:53:07Z
2026-08-24T11:44:27Z,2026-08-24T13:44:27+0200,8b6740d6-ed67-4509-be5b-470091805d1c,2026-08-16T13:00:00Z,2026-08-16T15:00:00+0200,2783.5,MW,PT,PT,actual_solar_generation,Solar,2026-08-24T11:53:07Z
2026-08-24T11:44:27Z,2026-08-24T13:44:27+0200,8b6740d6-ed67-4509-be5b-470091805d1c,2026-08-16T14:00:00Z,2026-08-16T16:00:00+0200,2710.0,MW,PT,PT,actual_solar_generation,Solar,2026-08-24T11:53:07Z
2026-08-24T11:44:27Z,2026-08-24T13:44:27+0200,8b6740d6-ed67-4509-be5b-470091805d1c,2026-08-16T15:00:00Z,2026-08-16T17:00:00+0200,2704.7,MW,PT,PT,actual_solar_generation,Solar,2026-08-24T11:53:07Z
2026-08-24T11:44:27Z,2026-08-24T13:44:27+0200,8b6740d6-ed67-4509-be5b-470091805d1c,2026-08-16T16:00:00Z,2026-08-16T18:00:00+0200,1937.4,MW,PT,PT,actual_solar_generation,Solar,2026-08-24T11:53:07Z
2026-08-24T11:44:27Z,2026-08-24T13:44:27+0200,8b6740d6-ed67-4509-be5b-470091805d1c,2026-08-16T17:00:00Z,2026-08-16T19:00:00+0200,1162.1,MW,PT,PT,actual_solar_generation,Solar,2026-08-24T11:53:07Z
2026-08-24T11:44:27Z,2026-08-24T13:44:27+0200,8b6740d6-ed67-4509-be5b-470091805d1c,2026-08-16T18:00:00Z,2026-08-16T20:00:00+0200,443.9,MW,PT,PT,actual_solar_generation,Solar,2026-08-24T11:53:07Z
2026-08-24T11:44:27Z,2026-08-24T13:44:27+0200,8b6740d6-ed67-4509-be5b-470091805d1c,2026-08-16T19:00:00Z,2026-08-16T21:00:00+0200,21.9,MW,PT,PT,actual_solar_generation,Solar,2026-08-24T11:53:07Z
2026-08-24T11:44:27Z,2026-08-24T13:44:27+0200,8b6740d6-ed67-4509-be5b-470091805d1c,2026-08-16T20:00:00Z,2026-08-16T22:00:00+0200,0.1,MW,PT,PT,actual_solar_generation,Solar,2026-08-24T11:53:07Z
2026-08-24T11:44:27Z,2026-08-24T13:44:27+0200,8b6740d6-ed67-4509-be5b-470091805d1c,2026-08-16T21:00:00Z,2026-08-16T23:00:00+0200,0.1,MW,PT,PT,actual_solar_generation,Solar,2026-08-24T11:53:07Z
2026-08-24T11:44:27Z,2026-08-24T13:44:27+0200,8b6740d6-ed67-4509-be5b-470091805d1c,2026-08-16T22:00:00Z,2026-08-17T00:00:00+0200,0.0,MW,PT,PT,actual_solar_generation,Solar,2026-08-24T11:53:07Z
2026-08-24T11:44:27Z,2026-08-24T13:44:27+0200,8b6740d6-ed67-4509-be5b-470091805d1c,2026-08-16T23:00:00Z,2026-08-17T01:00:00+0200,0.0,MW,PT,PT,actual_solar_generation,Solar,2026-08-24T11:53:07Z
2026-08-24T11:44:27Z,2026-08-24T13:44:27+0200,8b6740d6-ed67-4509-be5b-470091805d1c,2026-08-17T00:00:00Z,2026-08-17T02:00:00+0200,0.0,MW,PT,PT,actual_solar_generation,Solar,2026-08-24T11:53:07Z
2026-08-24T11:44:27Z,2026-08-24T13:44:27+0200,8b6740d6-ed67-4509-be5b-470091805d1c,2026-08-17T01:00:00Z,2026-08-17T03:00:00+0200,0.0,MW,PT,PT,actual_solar_generation,Solar,2026-08-24T11:53:07Z
2026-08-24T11:44:27Z,2026-08-24T13:44:27+0200,8b6740d6-ed67-4509-be5b-470091805d1c,2026-08-17T02:00:00Z,2026-08-17T04:00:00+0200,0.0,MW,PT,PT,actual_solar_generation,Solar,2026-08-24T11:53:07Z
2026-08-24T11:44:27Z,2026-08-24T13:44:27+0200,8b6740d6-ed67-4509-be5b-470091805d1c,2026-08-17T03:00:00Z,2026-08-17T05:00:00+0200,0.0,MW,PT,PT,actual_solar_generation,Solar,2026-08-24T11:53:07Z
2026-08-24T11:44:27Z,2026-08-24T13:44:27+0200,8b6740d6-ed67-4509-be5b-470091805d1c,2026-08-17T04:00:00Z,2026-08-17T06:00:00+0200,0.0,MW,PT,PT,actual_solar_generation,Solar,2026-08-24T11:53:07Z
2026-08-24T11:44:27Z,2026-08-24T13:44:27+0200,8b6740d6-ed67-4509-be5b-470091805d1c,2026-08-17T05:00:00Z,2026-08-17T07:00:00+0200,17.0,MW,PT,PT,actual_solar_generation,Solar,2026-08-24T11:53:07Z
2026-08-24T11:44:27Z,2026-08-24T13:44:27+0200,8b6740d6-ed67-4509-be5b-470091805d1c,2026-08-17T06:00:00Z,2026-08-17T08:00:00+0200,246.9,MW,PT,PT,actual_solar_generation,Solar,2026-08-24T11:53:07Z
2026-08-24T11:44:27Z,2026-08-24T13:44:27+0200,8b6740d6-ed67-4509-be5b-470091805d1c,2026-08-17T07:00:00Z,2026-08-17T09:00:00+0200,1100.3,MW,PT,PT,actual_solar_generation,Solar,2026-08-24T11:53:07Z
2026-08-24T11:44:27Z,2026-08-24T13:44:27+0200,8b6740d6-ed67-4509-be5b-470091805d1c,2026-08-17T08:00:00Z,2026-08-17T10:00:00+0200,2144.7,MW,PT,PT,actual_solar_generation,Solar,2026-08-24T11:53:07Z
2026-08-24T11:44:27Z,2026-08-24T13:44:27+0200,8b6740d6-ed67-4509-be5b-470091805d1c,2026-08-17T09:00:00Z,2026-08-17T11:00:00+0200,2788.0,MW,PT,PT,actual_solar_generation,Solar,2026-08-24T11:53:07Z
2026-08-24T11:44:27Z,2026-08-24T13:44:27+0200,8b6740d6-ed67-4509-be5b-470091805d1c,2026-08-17T10:00:00Z,2026-08-17T12:00:00+0200,3166.4,MW,PT,PT,actual_solar_generation,Solar,2026-08-24T11:53:07Z
2026-08-24T11:44:27Z,2026-08-24T13:44:27+0200,8b6740d6-ed67-4509-be5b-470091805d1c,2026-08-17T11:00:00Z,2026-08-17T13:00:00+0200,3415.4,MW,PT,PT,actual_solar_generation,Solar,2026-08-24T11:53:07Z
2026-08-24T11:44:27Z,2026-08-24T13:44:27+0200,8b6740d6-ed67-4509-be5b-470091805d1c,2026-08-17T12:00:00Z,2026-08-17T14:00:00+0200,3551.2,MW,PT,PT,actual_solar_generation,Solar,2026-08-24T11:53:07Z
2026-08-24T11:44:27Z,2026-08-24T13:44:27+0200,8b6740d6-ed67-4509-be5b-470091805d1c,2026-08-17T13:00:00Z,2026-08-17T15:00:00+0200,3461.7,MW,PT,PT,actual_solar_generation,Solar,2026-08-24T11:53:07Z
2026-08-24T11:44:27Z,2026-08-24T13:44:27+0200,8b6740d6-ed67-4509-be5b-470091805d1c,2026-08-17T14:00:00Z,2026-08-17T16:00:00+0200,3181.9,MW,PT,PT,actual_solar_generation,Solar,2026-08-24T11:53:07Z
2026-08-24T11:44:27Z,2026-08-24T13:44:27+0200,8b6740d6-ed67-4509-be5b-470091805d1c,2026-08-17T15:00:00Z,2026-08-17T17:00:00+0200,2867.7,MW,PT,PT,actual_solar_generation,Solar,2026-08-24T11:53:07Z
2026-08-24T11:44:27Z,2026-08-24T13:44:27+0200,8b6740d6-ed67-4509-be5b-470091805d1c,2026-08-17T16:00:00Z,2026-08-17T18:00:00+0200,2174.3,MW,PT,PT,actual_solar_generation,Solar,2026-08-24T11:53:07Z
2026-08-24T11:44:27Z,2026-08-24T13:44:27+0200,8b6740d6-ed67-4509-be5b-470091805d1c,2026-08-17T17:00:00Z,2026-08-17T19:00:00+0200,1176.9,MW,PT,PT,actual_solar_generation,Solar,2026-08-24T11:53:07Z
2026-08-24T11:44:27Z,2026-08-24T13:44:27+0200,8b6740d6-ed67-4509-be5b-470091805d1c,2026-08-17T18:00:00Z,2026-08-17T20:00:00+0200,307.4,MW,PT,PT,actual_solar_generation,Solar,2026-08-24T11:53:07Z
2026-08-24T11:44:27Z,2026-08-24T13:44:27+0200,8b6740d6-ed67-4509-be5b-470091805d1c,2026-08-17T19:00:00Z,2026-08-17T21:00:00+0200,17.3,MW,PT,PT,actual_solar_generation,Solar,2026-08-24T11:53:07Z
2026-08-24T11:44:27Z,2026-08-24T13:44:27+0200,8b6740d6-ed67-4509-be5b-470091805d1c,2026-08-17T20:00:00Z,2026-08-17T22:00:00+0200,0.3,MW,PT,PT,actual_solar_generation,Solar,2026-08-24T11:53:07Z
2026-08-24T11:44:27Z,2026-08-24T13:44:27+0200,8b6740d6-ed67-4509-be5b-470091805d1c,2026-08-17T21:00:00Z,2026-08-17T23:00:00+0200,0.1,MW,PT,PT,actual_solar_generation,Solar,2026-08-24T11:53:07Z
2026-08-24T11:44:27Z,2026-08-24T13:44:27+0200,8b6740d6-ed67-4509-be5b-470091805d1c,2026-08-17T22:00:00Z,2026-08-18T00:00:00+0200,0.0,MW,PT,PT,actual_solar_generation,Solar,2026-08-24T11:53:07Z
2026-08-24T11:44:27Z,2026-08-24T13:44:27+0200,8b6740d6-ed67-4509-be5b-470091805d1c,2026-08-17T23:00:00Z,2026-08-18T01:00:00+0200,0.0,MW,PT,PT,actual_solar_generation,Solar,2026-08-24T11:53:07Z
2026-08-24T11:44:27Z,2026-08-24T13:44:27+0200,8b6740d6-ed67-4509-be5b-470091805d1c,2026-08-18T00:00:00Z,2026-08-18T02:00:00+0200,0.0,MW,PT,PT,actual_solar_generation,Solar,2026-08-24T11:53:07Z
2026-08-24T11:44:27Z,2026-08-24T13:44:27+0200,8b6740d6-ed67-4509-be5b-470091805d1c,2026-08-18T01:00:00Z,2026-08-18T03:00:00+0200,0.0,MW,PT,PT,actual_solar_generation,Solar,2026-08-24T11:53:07Z
2026-08-24T11:44:27Z,2026-08-24T13:44:27+0200,8b6740d6-ed67-4509-be5b-470091805d1c,2026-08-18T02:00:00Z,2026-08-18T04:00:00+0200,0.0,MW,PT,PT,actual_solar_generation,Solar,2026-08-24T11:53:07Z
2026-08-24T11:44:27Z,2026-08-24T13:44:27+0200,8b6740d6-ed67-4509-be5b-470091805d1c,2026-08-18T03:00:00Z,2026-08-18T05:00:00+0200,0.0,MW,PT,PT,actual_solar_generation,Solar,2026-08-24T11:53:07Z
2026-08-24T11:44:27Z,2026-08-24T13:44:27+0200,8b6740d6-ed67-4509-be5b-470091805d1c,2026-08-18T04:00:00Z,2026-08-18T06:00:00+0200,0.0,MW,PT,PT,actual_solar_generation,Solar,2026-08-24T11:53:07Z
2026-08-24T11:44:27Z,2026-08-24T13:44:27+0200,8b6740d6-ed67-4509-be5b-470091805d1c,2026-08-18T05:00:00Z,2026-08-18T07:00:00+0200,1.3,MW,PT,PT,actual_solar_generation,Solar,2026-08-24T11:53:07Z
2026-08-24T11:44:27Z,2026-08-24T13:44:27+0200,8b6740d6-ed67-4509-be5b-470091805d1c,2026-08-18T06:00:00Z,2026-08-18T08:00:00+0200,200.4,MW,PT,PT,actual_solar_generation,Solar,2026-08-24T11:53:07Z
2026-08-24T11:44:27Z,2026-08-24T13:44:27+0200,8b6740d6-ed67-4509-be5b-470091805d1c,2026-08-18T07:00:00Z,2026-08-18T09:00:00+0200,920.9,MW,PT,PT,actual_solar_generation,Solar,2026-08-24T11:53:07Z
2026-08-24T11:44:27Z,2026-08-24T13:44:27+0200,8b6740d6-ed67-4509-be5b-470091805d1c,2026-08-18T08:00:00Z,2026-08-18T10:00:00+0200,1882.5,MW,PT,PT,actual_solar_generation,Solar,2026-08-24T11:53:07Z
2026-08-24T11:44:27Z,2026-08-24T13:44:27+0200,8b6740d6-ed67-4509-be5b-470091805d1c,2026-08-18T09:00:00Z,2026-08-18T11:00:00+0200,2793.1,MW,PT,PT,actual_solar_generation,Solar,2026-08-24T11:53:07Z
2026-08-24T11:44:27Z,2026-08-24T13:44:27+0200,8b6740d6-ed67-4509-be5b-470091805d1c,2026-08-18T10:00:00Z,2026-08-18T12:00:00+0200,3400.8,MW,PT,PT,actual_solar_generation,Solar,2026-08-24T11:53:07Z
2026-08-24T11:44:27Z,2026-08-24T13:44:27+0200,8b6740d6-ed67-4509-be5b-470091805d1c,2026-08-18T11:00:00Z,2026-08-18T13:00:00+0200,3635.4,MW,PT,PT,actual_solar_generation,Solar,2026-08-24T11:53:07Z
2026-08-24T11:44:27Z,2026-08-24T13:44:27+0200,8b6740d6-ed67-4509-be5b-470091805d1c,2026-08-18T12:00:00Z,2026-08-18T14:00:00+0200,3711.1,MW,PT,PT,actual_solar_generation,Solar,2026-08-24T11:53:07Z
2026-08-24T11:44:27Z,2026-08-24T13:44:27+0200,8b6740d6-ed67-4509-be5b-470091805d1c,2026-08-18T13:00:00Z,2026-08-18T15:00:00+0200,3606.8,MW,PT,PT,actual_solar_generation,Solar,2026-08-24T11:53:07Z
2026-08-24T11:44:27Z,2026-08-24T13:44:27+0200,8b6740d6-ed67-4509-be5b-470091805d1c,2026-08-18T14:00:00Z,2026-08-18T16:00:00+0200,3429.7,MW,PT,PT,actual_solar_generation,Solar,2026-08-24T11:53:07Z
2026-08-24T11:44:27Z,2026-08-24T13:44:27+0200,8b6740d6-ed67-4509-be5b-470091805d1c,2026-08-18T15:00:00Z,2026-08-18T17:00:00+0200,3079.9,MW,PT,PT,actual_solar_generation,Solar,2026-08-24T11:53:07Z
2026-08-24T11:44:27Z,2026-08-24T13:44:27+0200,8b6740d6-ed67-4509-be5b-470091805d1c,2026-08-18T16:00:00Z,2026-08-18T18:00:00+0200,2479.0,MW,PT,PT,actual_solar_generation,Solar,2026-08-24T11:53:07Z
2026-08-24T11:44:27Z,2026-08-24T13:44:27+0200,8b6740d6-ed67-4509-be5b-470091805d1c,2026-08-18T17:00:00Z,2026-08-18T19:00:00+0200,1429.2,MW,PT,PT,actual_solar_generation,Solar,2026-08-24T11:53:07Z
2026-08-24T11:44:27Z,2026-08-24T13:44:27+0200,8b6740d6-ed67-4509-be5b-470091805d1c,2026-08-18T18:00:00Z,2026-08-18T20:00:00+0200,387.3,MW,PT,PT,actual_solar_generation,Solar,2026-08-24T11:53:07Z
2026-08-24T11:44:27Z,2026-08-24T13:44:27+0200,8b6740d6-ed67-4509-be5b-470091805d1c,2026-08-18T19:00:00Z,2026-08-18T21:00:00+0200,11.7,MW,PT,PT,actual_solar_generation,Solar,2026-08-24T11:53:07Z
2026-08-24T11:44:27Z,2026-08-24T13:44:27+0200,8b6740d6-ed67-4509-be5b-470091805d1c,2026-08-18T20:00:00Z,2026-08-18T22:00:00+0200,0.2,MW,PT,PT,actual_solar_generation,Solar,2026-08-24T11:53:07Z
2026-08-24T11:44:27Z,2026-08-24T13:44:27+0200,8b6740d6-ed67-4509-be5b-470091805d1c,2026-08-18T21:00:00Z,2026-08-18T23:00:00+0200,0.0,MW,PT,PT,actual_solar_generation,Solar,2026-08-24T11:53:07Z
2026-08-24T11:44:27Z,2026-08-24T13:44:27+0200,8b6740d6-ed67-4509-be5b-470091805d1c,2026-08-18T22:00:00Z,2026-08-19T00:00:00+0200,0.1,MW,PT,PT,actual_solar_generation,Solar,2026-08-24T11:53:07Z
2026-08-24T11:44:27Z,2026-08-24T13:44:27+0200,8b6740d6-ed67-4509-be5b-470091805d1c,2026-08-18T23:00:00Z,2026-08-19T01:00:00+0200,0.0,MW,PT,PT,actual_solar_generation,Solar,2026-08-24T11:53:07Z
2026-08-24T11:44:27Z,2026-08-24T13:44:27+0200,8b6740d6-ed67-4509-be5b-470091805d1c,2026-08-19T00:00:00Z,2026-08-19T02:00:00+0200,0.0,MW,PT,PT,actual_solar_generation,Solar,2026-08-24T11:53:07Z
2026-08-24T11:44:27Z,2026-08-24T13:44:27+0200,8b6740d6-ed67-4509-be5b-470091805d1c,2026-08-19T01:00:00Z,2026-08-19T03:00:00+0200,0.0,MW,PT,PT,actual_solar_generation,Solar,2026-08-24T11:53:07Z
2026-08-24T11:44:27Z,2026-08-24T13:44:27+0200,8b6740d6-ed67-4509-be5b-470091805d1c,2026-08-19T02:00:00Z,2026-08-19T04:00:00+0200,0.0,MW,PT,PT,actual_solar_generation,Solar,2026-08-24T11:53:07Z
2026-08-24T11:44:27Z,2026-08-24T13:44:27+0200,8b6740d6-ed67-4509-be5b-470091805d1c,2026-08-19T03:00:00Z,2026-08-19T05:00:00+0200,0.0,MW,PT,PT,actual_solar_generation,Solar,2026-08-24T11:53:07Z
2026-08-24T11:44:27Z,2026-08-24T13:44:27+0200,8b6740d6-ed67-4509-be5b-470091805d1c,2026-08-19T04:00:00Z,2026-08-19T06:00:00+0200,0.0,MW,PT,PT,actual_solar_generation,Solar,2026-08-24T11:53:07Z
2026-08-24T11:44:27Z,2026-08-24T13:44:27+0200,8b6740d6-ed67-4509-be5b-470091805d1c,2026-08-19T05:00:00Z,2026-08-19T07:00:00+0200,0.8,MW,PT,PT,actual_solar_generation,Solar,2026-08-24T11:53:07Z
2026-08-24T11:44:27Z,2026-08-24T13:44:27+0200,8b6740d6-ed67-4509-be5b-470091805d1c,2026-08-19T06:00:00Z,2026-08-19T08:00:00+0200,176.9,MW,PT,PT,actual_solar_generation,Solar,2026-08-24T11:53:07Z
2026-08-24T11:44:27Z,2026-08-24T13:44:27+0200,8b6740d6-ed67-4509-be5b-470091805d1c,2026-08-19T07:00:00Z,2026-08-19T09:00:00+0200,907.2,MW,PT,PT,actual_solar_generation,Solar,2026-08-24T11:53:07Z
2026-08-24T11:44:27Z,2026-08-24T13:44:27+0200,8b6740d6-ed67-4509-be5b-470091805d1c,2026-08-19T08:00:00Z,2026-08-19T10:00:00+0200,1937.2,MW,PT,PT,actual_solar_generation,Solar,2026-08-24T11:53:07Z
2026-08-24T11:44:27Z,2026-08-24T13:44:27+0200,8b6740d6-ed67-4509-be5b-470091805d1c,2026-08-19T09:00:00Z,2026-08-19T11:00:00+0200,2770.3,MW,PT,PT,actual_solar_generation,Solar,2026-08-24T11:53:07Z
2026-08-24T11:44:27Z,2026-08-24T13:44:27+0200,8b6740d6-ed67-4509-be5b-470091805d1c,2026-08-19T10:00:00Z,2026-08-19T12:00:00+0200,3212.2,MW,PT,PT,actual_solar_generation,Solar,2026-08-24T11:53:07Z
2026-08-24T11:44:27Z,2026-08-24T13:44:27+0200,8b6740d6-ed67-4509-be5b-470091805d1c,2026-08-19T11:00:00Z,2026-08-19T13:00:00+0200,3318.5,MW,PT,PT,actual_solar_generation,Solar,2026-08-24T11:53:07Z
2026-08-24T11:44:27Z,2026-08-24T13:44:27+0200,8b6740d6-ed67-4509-be5b-470091805d1c,2026-08-19T12:00:00Z,2026-08-19T14:00:00+0200,3062.4,MW,PT,PT,actual_solar_generation,Solar,2026-08-24T11:53:07Z
2026-08-24T11:44:27Z,2026-08-24T13:44:27+0200,8b6740d6-ed67-4509-be5b-470091805d1c,2026-08-19T13:00:00Z,2026-08-19T15:00:00+0200,2979.9,MW,PT,PT,actual_solar_generation,Solar,2026-08-24T11:53:07Z
2026-08-24T11:44:27Z,2026-08-24T13:44:27+0200,8b6740d6-ed67-4509-be5b-470091805d1c,2026-08-19T14:00:00Z,2026-08-19T16:00:00+0200,2860.1,MW,PT,PT,actual_solar_generation,Solar,2026-08-24T11:53:07Z
2026-08-24T11:44:27Z,2026-08-24T13:44:27+0200,8b6740d6-ed67-4509-be5b-470091805d1c,2026-08-19T15:00:00Z,2026-08-19T17:00:00+0200,2628.8,MW,PT,PT,actual_solar_generation,Solar,2026-08-24T11:53:07Z
2026-08-24T11:44:27Z,2026-08-24T13:44:27+0200,8b6740d6-ed67-4509-be5b-470091805d1c,2026-08-19T16:00:00Z,2026-08-19T18:00:00+0200,2137.7,MW,PT,PT,actual_solar_generation,Solar,2026-08-24T11:53:07Z
2026-08-24T11:44:27Z,2026-08-24T13:44:27+0200,8b6740d6-ed67-4509-be5b-470091805d1c,2026-08-19T17:00:00Z,2026-08-19T19:00:00+0200,1253.4,MW,PT,PT,actual_solar_generation,Solar,2026-08-24T11:53:07Z
2026-08-24T11:44:27Z,2026-08-24T13:44:27+0200,8b6740d6-ed67-4509-be5b-470091805d1c,2026-08-19T18:00:00Z,2026-08-19T20:00:00+0200,342.2,MW,PT,PT,actual_solar_generation,Solar,2026-08-24T11:53:07Z
2026-08-24T11:44:27Z,2026-08-24T13:44:27+0200,8b6740d6-ed67-4509-be5b-470091805d1c,2026-08-19T19:00:00Z,2026-08-19T21:00:00+0200,10.7,MW,PT,PT,actual_solar_generation,Solar,2026-08-24T11:53:07Z
2026-08-24T11:44:27Z,2026-08-24T13:44:27+0200,8b6740d6-ed67-4509-be5b-470091805d1c,2026-08-19T20:00:00Z,2026-08-19T22:00:00+0200,0.2,MW,PT,PT,actual_solar_generation,Solar,2026-08-24T11:53:07Z
2026-08-24T11:44:27Z,2026-08-24T13:44:27+0200,8b6740d6-ed67-4509-be5b-470091805d1c,2026-08-19T21:00:00Z,2026-08-19T23:00:00+0200,0.0,MW,PT,PT,actual_solar_generation,Solar,2026-08-24T11:53:07Z
2026-08-24T11:44:27Z,2026-08-24T13:44:27+0200,8b6740d6-ed67-4509-be5b-470091805d1c,2026-08-19T22:00:00Z,2026-08-20T00:00:00+0200,0.0,MW,PT,PT,actual_solar_generation,Solar,2026-08-24T11:53:07Z
2026-08-24T11:44:27Z,2026-08-24T13:44:27+0200,8b6740d6-ed67-4509-be5b-470091805d1c,2026-08-19T23:00:00Z,2026-08-20T01:00:00+0200,0.0,MW,PT,PT,actual_solar_generation,Solar,2026-08-24T11:53:07Z
2026-08-24T11:44:27Z,2026-08-24T13:44:27+0200,8b6740d6-ed67-4509-be5b-470091805d1c,2026-08-20T00:00:00Z,2026-08-20T02:00:00+0200,0.0,MW,PT,PT,actual_solar_generation,Solar,2026-08-24T11:53:07Z
2026-08-24T11:44:27Z,2026-08-24T13:44:27+0200,8b6740d6-ed67-4509-be5b-470091805d1c,2026-08-20T01:00:00Z,2026-08-20T03:00:00+0200,0.0,MW,PT,PT,actual_solar_generation,Solar,2026-08-24T11:53:07Z
2026-08-24T11:44:27Z,2026-08-24T13:44:27+0200,8b6740d6-ed67-4509-be5b-470091805d1c,2026-08-20T02:00:00Z,2026-08-20T04:00:00+0200,0.0,MW,PT,PT,actual_solar_generation,Solar,2026-08-24T11:53:07Z
2026-08-24T11:44:27Z,2026-08-24T13:44:27+0200,8b6740d6-ed67-4509-be5b-470091805d1c,2026-08-20T03:00:00Z,2026-08-20T05:00:00+0200,0.0,MW,PT,PT,actual_solar_generation,Solar,2026-08-24T11:53:07Z
2026-08-24T11:44:27Z,2026-08-24T13:44:27+0200,8b6740d6-ed67-4509-be5b-470091805d1c,2026-08-20T04:00:00Z,2026-08-20T06:00:00+0200,0.0,MW,PT,PT,actual_solar_generation,Solar,2026-08-24T11:53:07Z
2026-08-24T11:44:27Z,2026-08-24T13:44:27+0200,8b6740d6-ed67-4509-be5b-470091805d1c,2026-08-20T05:00:00Z,2026-08-20T07:00:00+0200,0.8,MW,PT,PT,actual_solar_generation,Solar,2026-08-24T11:53:07Z
2026-08-24T11:44:27Z,2026-08-24T13:44:27+0200,8b6740d6-ed67-4509-be5b-470091805d1c,2026-08-20T06:00:00Z,2026-08-20T08:00:00+0200,174.6,MW,PT,PT,actual_solar_generation,Solar,2026-08-24T11:53:07Z
2026-08-24T11:44:27Z,2026-08-24T13:44:27+0200,8b6740d6-ed67-4509-be5b-470091805d1c,2026-08-20T07:00:00Z,2026-08-20T09:00:00+0200,854.8,MW,PT,PT,actual_solar_generation,Solar,2026-08-24T11:53:07Z
2026-08-24T11:44:27Z,2026-08-24T13:44:27+0200,8b6740d6-ed67-4509-be5b-470091805d1c,2026-08-20T08:00:00Z,2026-08-20T10:00:00+0200,1306.1,MW,PT,PT,actual_solar_generation,Solar,2026-08-24T11:53:07Z
2026-08-24T11:44:27Z,2026-08-24T13:44:27+0200,8b6740d6-ed67-4509-be5b-470091805d1c,2026-08-20T09:00:00Z,2026-08-20T11:00:00+0200,1696.9,MW,PT,PT,actual_solar_generation,Solar,2026-08-24T11:53:07Z
2026-08-24T11:44:27Z,2026-08-24T13:44:27+0200,8b6740d6-ed67-4509-be5b-470091805d1c,2026-08-20T10:00:00Z,2026-08-20T12:00:00+0200,1925.9,MW,PT,PT,actual_solar_generation,Solar,2026-08-24T11:53:07Z
2026-08-24T11:44:27Z,2026-08-24T13:44:27+0200,8b6740d6-ed67-4509-be5b-470091805d1c,2026-08-20T11:00:00Z,2026-08-20T13:00:00+0200,2213.7,MW,PT,PT,actual_solar_generation,Solar,2026-08-24T11:53:07Z
2026-08-24T11:44:27Z,2026-08-24T13:44:27+0200,8b6740d6-ed67-4509-be5b-470091805d1c,2026-08-20T12:00:00Z,2026-08-20T14:00:00+0200,2399.0,MW,PT,PT,actual_solar_generation,Solar,2026-08-24T11:53:07Z
2026-08-24T11:44:27Z,2026-08-24T13:44:27+0200,8b6740d6-ed67-4509-be5b-470091805d1c,2026-08-20T13:00:00Z,2026-08-20T15:00:00+0200,2511.5,MW,PT,PT,actual_solar_generation,Solar,2026-08-24T11:53:07Z
2026-08-24T11:44:27Z,2026-08-24T13:44:27+0200,8b6740d6-ed67-4509-be5b-470091805d1c,2026-08-20T14:00:00Z,2026-08-20T16:00:00+0200,2370.9,MW,PT,PT,actual_solar_generation,Solar,2026-08-24T11:53:07Z
2026-08-24T11:44:27Z,2026-08-24T13:44:27+0200,8b6740d6-ed67-4509-be5b-470091805d1c,2026-08-20T15:00:00Z,2026-08-20T17:00:00+0200,2227.9,MW,PT,PT,actual_solar_generation,Solar,2026-08-24T11:53:07Z
2026-08-24T11:44:27Z,2026-08-24T13:44:27+0200,8b6740d6-ed67-4509-be5b-470091805d1c,2026-08-20T16:00:00Z,2026-08-20T18:00:00+0200,1731.9,MW,PT,PT,actual_solar_generation,Solar,2026-08-24T11:53:07Z
2026-08-24T11:44:27Z,2026-08-24T13:44:27+0200,8b6740d6-ed67-4509-be5b-470091805d1c,2026-08-20T17:00:00Z,2026-08-20T19:00:00+0200,1042.9,MW,PT,PT,actual_solar_generation,Solar,2026-08-24T11:53:07Z
2026-08-24T11:44:27Z,2026-08-24T13:44:27+0200,8b6740d6-ed67-4509-be5b-470091805d1c,2026-08-20T18:00:00Z,2026-08-20T20:00:00+0200,316.4,MW,PT,PT,actual_solar_generation,Solar,2026-08-24T11:53:07Z
2026-08-24T11:44:27Z,2026-08-24T13:44:27+0200,8b6740d6-ed67-4509-be5b-470091805d1c,2026-08-20T19:00:00Z,2026-08-20T21:00:00+0200,8.5,MW,PT,PT,actual_solar_generation,Solar,2026-08-24T11:53:07Z
2026-08-24T11:44:27Z,2026-08-24T13:44:27+0200,8b6740d6-ed67-4509-be5b-470091805d1c,2026-08-20T20:00:00Z,2026-08-20T22:00:00+0200,0.1,MW,PT,PT,actual_solar_generation,Solar,2026-08-24T11:53:07Z
2026-08-24T11:44:27Z,2026-08-24T13:44:27+0200,8b6740d6-ed67-4509-be5b-470091805d1c,2026-08-20T21:00:00Z,2026-08-20T23:00:00+0200,0.0,MW,PT,PT,actual_solar_generation,Solar,2026-08-24T11:53:07Z
2026-08-24T11:44:27Z,2026-08-24T13:44:27+0200,8b6740d6-ed67-4509-be5b-470091805d1c,2026-08-20T22:00:00Z,2026-08-21T00:00:00+0200,0.0,MW,PT,PT,actual_solar_generation,Solar,2026-08-24T11:53:07Z
2026-08-24T11:44:27Z,2026-08-24T13:44:27+0200,8b6740d6-ed67-4509-be5b-470091805d1c,2026-08-20T23:00:00Z,2026-08-21T01:00:00+0200,0.0,MW,PT,PT,actual_solar_generation,Solar,2026-08-24T11:53:07Z
2026-08-24T11:44:27Z,2026-08-24T13:44:27+0200,8b6740d6-ed67-4509-be5b-470091805d1c,2026-08-21T00:00:00Z,2026-08-21T02:00:00+0200,0.0,MW,PT,PT,actual_solar_generation,Solar,2026-08-24T11:53:07Z
2026-08-24T11:44:27Z,2026-08-24T13:44:27+0200,8b6740d6-ed67-4509-be5b-470091805d1c,2026-08-21T01:00:00Z,2026-08-21T03:00:00+0200,0.0,MW,PT,PT,actual_solar_generation,Solar,2026-08-24T11:53:07Z
2026-08-24T11:44:27Z,2026-08-24T13:44:27+0200,8b6740d6-ed67-4509-be5b-470091805d1c,2026-08-21T02:00:00Z,2026-08-21T04:00:00+0200,0.0,MW,PT,PT,actual_solar_generation,Solar,2026-08-24T11:53:07Z
2026-08-24T11:44:27Z,2026-08-24T13:44:27+0200,8b6740d6-ed67-4509-be5b-470091805d1c,2026-08-21T03:00:00Z,2026-08-21T05:00:00+0200,0.0,MW,PT,PT,actual_solar_generation,Solar,2026-08-24T11:53:07Z
2026-08-24T11:44:27Z,2026-08-24T13:44:27+0200,8b6740d6-ed67-4509-be5b-470091805d1c,2026-08-21T04:00:00Z,2026-08-21T06:00:00+0200,0.0,MW,PT,PT,actual_solar_generation,Solar,2026-08-24T11:53:07Z
2026-08-24T11:44:27Z,2026-08-24T13:44:27+0200,8b6740d6-ed67-4509-be5b-470091805d1c,2026-08-21T05:00:00Z,2026-08-21T07:00:00+0200,1.0,MW,PT,PT,actual_solar_generation,Solar,2026-08-24T11:53:07Z
2026-08-24T11:44:27Z,2026-08-24T13:44:27+0200,8b6740d6-ed67-4509-be5b-470091805d1c,2026-08-21T06:00:00Z,2026-08-21T08:00:00+0200,209.3,MW,PT,PT,actual_solar_generation,Solar,2026-08-24T11:53:07Z
2026-08-24T11:44:27Z,2026-08-24T13:44:27+0200,8b6740d6-ed67-4509-be5b-470091805d1c,2026-08-21T07:00:00Z,2026-08-21T09:00:00+0200,1110.5,MW,PT,PT,actual_solar_generation,Solar,2026-08-24T11:53:07Z
2026-08-24T11:44:27Z,2026-08-24T13:44:27+0200,8b6740d6-ed67-4509-be5b-470091805d1c,2026-08-21T08:00:00Z,2026-08-21T10:00:00+0200,2142.7,MW,PT,PT,actual_solar_generation,Solar,2026-08-24T11:53:07Z
2026-08-24T11:44:27Z,2026-08-24T13:44:27+0200,8b6740d6-ed67-4509-be5b-470091805d1c,2026-08-21T09:00:00Z,2026-08-21T11:00:00+0200,2527.8,MW,PT,PT,actual_solar_generation,Solar,2026-08-24T11:53:07Z
2026-08-24T11:44:27Z,2026-08-24T13:44:27+0200,8b6740d6-ed67-4509-be5b-470091805d1c,2026-08-21T10:00:00Z,2026-08-21T12:00:00+0200,2824.1,MW,PT,PT,actual_solar_generation,Solar,2026-08-24T11:53:07Z
2026-08-24T11:44:27Z,2026-08-24T13:44:27+0200,8b6740d6-ed67-4509-be5b-470091805d1c,2026-08-21T11:00:00Z,2026-08-21T13:00:00+0200,2918.8,MW,PT,PT,actual_solar_generation,Solar,2026-08-24T11:53:07Z
2026-08-24T11:44:27Z,2026-08-24T13:44:27+0200,8b6740d6-ed67-4509-be5b-470091805d1c,2026-08-21T12:00:00Z,2026-08-21T14:00:00+0200,2809.2,MW,PT,PT,actual_solar_generation,Solar,2026-08-24T11:53:07Z
2026-08-24T11:44:27Z,2026-08-24T13:44:27+0200,8b6740d6-ed67-4509-be5b-470091805d1c,2026-08-21T13:00:00Z,2026-08-21T15:00:00+0200,2721.0,MW,PT,PT,actual_solar_generation,Solar,2026-08-24T11:53:07Z
2026-08-24T11:44:27Z,2026-08-24T13:44:27+0200,8b6740d6-ed67-4509-be5b-470091805d1c,2026-08-21T14:00:00Z,2026-08-21T16:00:00+0200,2728.4,MW,PT,PT,actual_solar_generation,Solar,2026-08-24T11:53:07Z
2026-08-24T11:44:27Z,2026-08-24T13:44:27+0200,8b6740d6-ed67-4509-be5b-470091805d1c,2026-08-21T15:00:00Z,2026-08-21T17:00:00+0200,2585.1,MW,PT,PT,actual_solar_generation,Solar,2026-08-24T11:53:07Z
2026-08-24T11:44:27Z,2026-08-24T13:44:27+0200,8b6740d6-ed67-4509-be5b-470091805d1c,2026-08-21T16:00:00Z,2026-08-21T18:00:00+0200,2365.5,MW,PT,PT,actual_solar_generation,Solar,2026-08-24T11:53:07Z
2026-08-24T11:44:27Z,2026-08-24T13:44:27+0200,8b6740d6-ed67-4509-be5b-470091805d1c,2026-08-21T17:00:00Z,2026-08-21T19:00:00+0200,1441.4,MW,PT,PT,actual_solar_generation,Solar,2026-08-24T11:53:07Z
2026-08-24T11:44:27Z,2026-08-24T13:44:27+0200,8b6740d6-ed67-4509-be5b-470091805d1c,2026-08-21T18:00:00Z,2026-08-21T20:00:00+0200,362.0,MW,PT,PT,actual_solar_generation,Solar,2026-08-24T11:53:07Z
2026-08-24T11:44:27Z,2026-08-24T13:44:27+0200,8b6740d6-ed67-4509-be5b-470091805d1c,2026-08-21T19:00:00Z,2026-08-21T21:00:00+0200,6.8,MW,PT,PT,actual_solar_generation,Solar,2026-08-24T11:53:07Z
2026-08-24T11:44:27Z,2026-08-24T13:44:27+0200,8b6740d6-ed67-4509-be5b-470091805d1c,2026-08-21T20:00:00Z,2026-08-21T22:00:00+0200,0.2,MW,PT,PT,actual_solar_generation,Solar,2026-08-24T11:53:07Z
2026-08-24T11:44:27Z,2026-08-24T13:44:27+0200,8b6740d6-ed67-4509-be5b-470091805d1c,2026-08-21T21:00:00Z,2026-08-21T23:00:00+0200,0.0,MW,PT,PT,actual_solar_generation,Solar,2026-08-24T11:53:07Z
2026-08-24T11:44:27Z,2026-08-24T13:44:27+0200,8b6740d6-ed67-4509-be5b-470091805d1c,2026-08-21T22:00:00Z,2026-08-22T00:00:00+0200,0.0,MW,PT,PT,actual_solar_generation,Solar,2026-08-24T11:53:07Z
2026-08-24T11:44:27Z,2026-08-24T13:44:27+0200,8b6740d6-ed67-4509-be5b-470091805d1c,2026-08-21T23:00:00Z,2026-08-22T01:00:00+0200,0.2,MW,PT,PT,actual_solar_generation,Solar,2026-08-24T11:53:07Z
2026-08-24T11:44:27Z,2026-08-24T13:44:27+0200,8b6740d6-ed67-4509-be5b-470091805d1c,2026-08-22T00:00:00Z,2026-08-22T02:00:00+0200,0.0,MW,PT,PT,actual_solar_generation,Solar,2026-08-24T11:53:07Z
2026-08-24T11:44:27Z,2026-08-24T13:44:27+0200,8b6740d6-ed67-4509-be5b-470091805d1c,2026-08-22T01:00:00Z,2026-08-22T03:00:00+0200,0.0,MW,PT,PT,actual_solar_generation,Solar,2026-08-24T11:53:07Z
2026-08-24T11:44:27Z,2026-08-24T13:44:27+0200,8b6740d6-ed67-4509-be5b-470091805d1c,2026-08-22T02:00:00Z,2026-08-22T04:00:00+0200,0.0,MW,PT,PT,actual_solar_generation,Solar,2026-08-24T11:53:07Z
2026-08-24T11:44:27Z,2026-08-24T13:44:27+0200,8b6740d6-ed67-4509-be5b-470091805d1c,2026-08-22T03:00:00Z,2026-08-22T05:00:00+0200,0.0,MW,PT,PT,actual_solar_generation,Solar,2026-08-24T11:53:07Z
2026-08-24T11:44:27Z,2026-08-24T13:44:27+0200,8b6740d6-ed67-4509-be5b-470091805d1c,2026-08-22T04:00:00Z,2026-08-22T06:00:00+0200,0.0,MW,PT,PT,actual_solar_generation,Solar,2026-08-24T11:53:07Z
2026-08-24T11:44:27Z,2026-08-24T13:44:27+0200,8b6740d6-ed67-4509-be5b-470091805d1c,2026-08-22T05:00:00Z,2026-08-22T07:00:00+0200,0.7,MW,PT,PT,actual_solar_generation,Solar,2026-08-24T11:53:07Z
2026-08-24T11:44:27Z,2026-08-24T13:44:27+0200,8b6740d6-ed67-4509-be5b-470091805d1c,2026-08-22T06:00:00Z,2026-08-22T08:00:00+0200,215.1,MW,PT,PT,actual_solar_generation,Solar,2026-08-24T11:53:07Z
2026-08-24T11:44:27Z,2026-08-24T13:44:27+0200,8b6740d6-ed67-4509-be5b-470091805d1c,2026-08-22T07:00:00Z,2026-08-22T09:00:00+0200,1060.3,MW,PT,PT,actual_solar_generation,Solar,2026-08-24T11:53:07Z
2026-08-24T11:44:27Z,2026-08-24T13:44:27+0200,8b6740d6-ed67-4509-be5b-470091805d1c,2026-08-22T08:00:00Z,2026-08-22T10:00:00+0200,1351.0,MW,PT,PT,actual_solar_generation,Solar,2026-08-24T11:53:07Z
2026-08-24T11:44:27Z,2026-08-24T13:44:27+0200,8b6740d6-ed67-4509-be5b-470091805d1c,2026-08-22T09:00:00Z,2026-08-22T11:00:00+0200,1369.0,MW,PT,PT,actual_solar_generation,Solar,2026-08-24T11:53:07Z
2026-08-24T11:44:27Z,2026-08-24T13:44:27+0200,8b6740d6-ed67-4509-be5b-470091805d1c,2026-08-22T10:00:00Z,2026-08-22T12:00:00+0200,1633.2,MW,PT,PT,actual_solar_generation,Solar,2026-08-24T11:53:07Z
2026-08-24T11:44:27Z,2026-08-24T13:44:27+0200,8b6740d6-ed67-4509-be5b-470091805d1c,2026-08-22T11:00:00Z,2026-08-22T13:00:00+0200,1945.4,MW,PT,PT,actual_solar_generation,Solar,2026-08-24T11:53:07Z
2026-08-24T11:44:27Z,2026-08-24T13:44:27+0200,8b6740d6-ed67-4509-be5b-470091805d1c,2026-08-22T12:00:00Z,2026-08-22T14:00:00+0200,1992.7,MW,PT,PT,actual_solar_generation,Solar,2026-08-24T11:53:07Z
2026-08-24T11:44:27Z,2026-08-24T13:44:27+0200,8b6740d6-ed67-4509-be5b-470091805d1c,2026-08-22T13:00:00Z,2026-08-22T15:00:00+0200,1925.0,MW,PT,PT,actual_solar_generation,Solar,2026-08-24T11:53:07Z
2026-08-24T11:44:27Z,2026-08-24T13:44:27+0200,8b6740d6-ed67-4509-be5b-470091805d1c,2026-08-22T14:00:00Z,2026-08-22T16:00:00+0200,1832.5,MW,PT,PT,actual_solar_generation,Solar,2026-08-24T11:53:07Z
2026-08-24T11:44:27Z,2026-08-24T13:44:27+0200,8b6740d6-ed67-4509-be5b-470091805d1c,2026-08-22T15:00:00Z,2026-08-22T17:00:00+0200,1813.5,MW,PT,PT,actual_solar_generation,Solar,2026-08-24T11:53:07Z
2026-08-24T11:44:27Z,2026-08-24T13:44:27+0200,8b6740d6-ed67-4509-be5b-470091805d1c,2026-08-22T16:00:00Z,2026-08-22T18:00:00+0200,1758.4,MW,PT,PT,actual_solar_generation,Solar,2026-08-24T11:53:07Z
2026-08-24T11:44:27Z,2026-08-24T13:44:27+0200,8b6740d6-ed67-4509-be5b-470091805d1c,2026-08-22T17:00:00Z,2026-08-22T19:00:00+0200,1123.0,MW,PT,PT,actual_solar_generation,Solar,2026-08-24T11:53:07Z
2026-08-24T11:44:27Z,2026-08-24T13:44:27+0200,8b6740d6-ed67-4509-be5b-470091805d1c,2026-08-22T18:00:00Z,2026-08-22T20:00:00+0200,328.8,MW,PT,PT,actual_solar_generation,Solar,2026-08-24T11:53:07Z
2026-08-24T11:44:27Z,2026-08-24T13:44:27+0200,8b6740d6-ed67-4509-be5b-470091805d1c,2026-08-22T19:00:00Z,2026-08-22T21:00:00+0200,3.7,MW,PT,PT,actual_solar_generation,Solar,2026-08-24T11:53:07Z
2026-08-24T11:44:27Z,2026-08-24T13:44:27+0200,8b6740d6-ed67-4509-be5b-470091805d1c,2026-08-22T20:00:00Z,2026-08-22T22:00:00+0200,0.1,MW,PT,PT,actual_solar_generation,Solar,2026-08-24T11:53:07Z
2026-08-24T11:44:27Z,2026-08-24T13:44:27+0200,8b6740d6-ed67-4509-be5b-470091805d1c,2026-08-22T21:00:00Z,2026-08-22T23:00:00+0200,0.0,MW,PT,PT,actual_solar_generation,Solar,2026-08-24T11:53:07Z
2026-08-24T11:44:27Z,2026-08-24T13:44:27+0200,8b6740d6-ed67-4509-be5b-470091805d1c,2026-08-22T22:00:00Z,2026-08-23T00:00:00+0200,0.1,MW,PT,PT,actual_solar_generation,Solar,2026-08-24T11:53:07Z
2026-08-24T11:44:27Z,2026-08-24T13:44:27+0200,8b6740d6-ed67-4509-be5b-470091805d1c,2026-08-22T23:00:00Z,2026-08-23T01:00:00+0200,0.0,MW,PT,PT,actual_solar_generation,Solar,2026-08-24T11:53:07Z
2026-08-24T11:44:27Z,2026-08-24T13:44:27+0200,8b6740d6-ed67-4509-be5b-470091805d1c,2026-08-23T00:00:00Z,2026-08-23T02:00:00+0200,0.0,MW,PT,PT,actual_solar_generation,Solar,2026-08-24T11:53:07Z
2026-08-24T11:44:27Z,2026-08-24T13:44:27+0200,8b6740d6-ed67-4509-be5b-470091805d1c,2026-08-23T01:00:00Z,2026-08-23T03:00:00+0200,0.0,MW,PT,PT,actual_solar_generation,Solar,2026-08-24T11:53:07Z
2026-08-24T11:44:27Z,2026-08-24T13:44:27+0200,8b6740d6-ed67-4509-be5b-470091805d1c,2026-08-23T02:00:00Z,2026-08-23T04:00:00+0200,0.0,MW,PT,PT,actual_solar_generation,Solar,2026-08-24T11:53:07Z
2026-08-24T11:44:27Z,2026-08-24T13:44:27+0200,8b6740d6-ed67-4509-be5b-470091805d1c,2026-08-23T03:00:00Z,2026-08-23T05:00:00+0200,0.0,MW,PT,PT,actual_solar_generation,Solar,2026-08-24T11:53:07Z
2026-08-24T11:44:27Z,2026-08-24T13:44:27+0200,8b6740d6-ed67-4509-be5b-470091805d1c,2026-08-23T04:00:00Z,2026-08-23T06:00:00+0200,0.0,MW,PT,PT,actual_solar_generation,Solar,2026-08-24T11:53:07Z
2026-08-24T11:44:27Z,2026-08-24T13:44:27+0200,8b6740d6-ed67-4509-be5b-470091805d1c,2026-08-23T05:00:00Z,2026-08-23T07:00:00+0200,0.4,MW,PT,PT,actual_solar_generation,Solar,2026-08-24T11:53:07Z
2026-08-24T11:44:27Z,2026-08-24T13:44:27+0200,8b6740d6-ed67-4509-be5b-470091805d1c,2026-08-23T06:00:00Z,2026-08-23T08:00:00+0200,172.7,MW,PT,PT,actual_solar_generation,Solar,2026-08-24T11:53:07Z
2026-08-24T11:44:27Z,2026-08-24T13:44:27+0200,8b6740d6-ed67-4509-be5b-470091805d1c,2026-08-23T07:00:00Z,2026-08-23T09:00:00+0200,492.0,MW,PT,PT,actual_solar_generation,Solar,2026-08-24T11:53:07Z
2026-08-24T11:44:27Z,2026-08-24T13:44:27+0200,8b6740d6-ed67-4509-be5b-470091805d1c,2026-08-23T08:00:00Z,2026-08-23T10:00:00+0200,885.2,MW,PT,PT,actual_solar_generation,Solar,2026-08-24T11:53:07Z
2026-08-24T11:44:27Z,2026-08-24T13:44:27+0200,8b6740d6-ed67-4509-be5b-470091805d1c,2026-08-23T09:00:00Z,2026-08-23T11:00:00+0200,1079.7,MW,PT,PT,actual_solar_generation,Solar,2026-08-24T11:53:07Z
2026-08-24T11:44:27Z,2026-08-24T13:44:27+0200,8b6740d6-ed67-4509-be5b-470091805d1c,2026-08-23T10:00:00Z,2026-08-23T12:00:00+0200,1193.8,MW,PT,PT,actual_solar_generation,Solar,2026-08-24T11:53:07Z
2026-08-24T11:44:27Z,2026-08-24T13:44:27+0200,8b6740d6-ed67-4509-be5b-470091805d1c,2026-08-23T11:00:00Z,2026-08-23T13:00:00+0200,1224.0,MW,PT,PT,actual_solar_generation,Solar,2026-08-24T11:53:07Z
2026-08-24T11:44:27Z,2026-08-24T13:44:27+0200,8b6740d6-ed67-4509-be5b-470091805d1c,2026-08-23T12:00:00Z,2026-08-23T14:00:00+0200,1346.8,MW,PT,PT,actual_solar_generation,Solar,2026-08-24T11:53:07Z
2026-08-24T11:44:27Z,2026-08-24T13:44:27+0200,8b6740d6-ed67-4509-be5b-470091805d1c,2026-08-23T13:00:00Z,2026-08-23T15:00:00+0200,1447.4,MW,PT,PT,actual_solar_generation,Solar,2026-08-24T11:53:07Z
2026-08-24T11:44:27Z,2026-08-24T13:44:27+0200,8b6740d6-ed67-4509-be5b-470091805d1c,2026-08-23T14:00:00Z,2026-08-23T16:00:00+0200,1256.0,MW,PT,PT,actual_solar_generation,Solar,2026-08-24T11:53:07Z
2026-08-24T11:44:27Z,2026-08-24T13:44:27+0200,8b6740d6-ed67-4509-be5b-470091805d1c,2026-08-23T15:00:00Z,2026-08-23T17:00:00+0200,1035.0,MW,PT,PT,actual_solar_generation,Solar,2026-08-24T11:53:07Z
2026-08-24T11:44:27Z,2026-08-24T13:44:27+0200,8b6740d6-ed67-4509-be5b-470091805d1c,2026-08-23T16:00:00Z,2026-08-23T18:00:00+0200,886.2,MW,PT,PT,actual_solar_generation,Solar,2026-08-24T11:53:07Z
2026-08-24T11:44:27Z,2026-08-24T13:44:27+0200,8b6740d6-ed67-4509-be5b-470091805d1c,2026-08-23T17:00:00Z,2026-08-23T19:00:00+0200,813.9,MW,PT,PT,actual_solar_generation,Solar,2026-08-24T11:53:07Z
2026-08-24T11:44:27Z,2026-08-24T13:44:27+0200,8b6740d6-ed67-4509-be5b-470091805d1c,2026-08-23T18:00:00Z,2026-08-23T20:00:00+0200,182.4,MW,PT,PT,actual_solar_generation,Solar,2026-08-24T11:53:07Z
2026-08-24T11:44:27Z,2026-08-24T13:44:27+0200,8b6740d6-ed67-4509-be5b-470091805d1c,2026-08-23T19:00:00Z,2026-08-23T21:00:00+0200,1.2,MW,PT,PT,actual_solar_generation,Solar,2026-08-24T11:53:07Z
2026-08-24T11:44:27Z,2026-08-24T13:44:27+0200,8b6740d6-ed67-4509-be5b-470091805d1c,2026-08-23T20:00:00Z,2026-08-23T22:00:00+0200,0.0,MW,PT,PT,actual_solar_generation,Solar,2026-08-24T11:53:07Z
2026-08-24T11:44:27Z,2026-08-24T13:44:27+0200,8b6740d6-ed67-4509-be5b-470091805d1c,2026-08-23T21:00:00Z,2026-08-23T23:00:00+0200,0.2,MW,PT,PT,actual_solar_generation,Solar,2026-08-24T11:53:07Z
2026-08-24T11:44:27Z,2026-08-24T13:44:27+0200,8b6740d6-ed67-4509-be5b-470091805d1c,2026-08-23T22:00:00Z,2026-08-24T00:00:00+0200,0.1,MW,PT,PT,actual_solar_generation,Solar,2026-08-24T11:53:07Z
2026-08-24T11:44:27Z,2026-08-24T13:44:27+0200,8b6740d6-ed67-4509-be5b-470091805d1c,2026-08-23T23:00:00Z,2026-08-24T01:00:00+0200,0.0,MW,PT,PT,actual_solar_generation,Solar,2026-08-24T11:53:07Z
2026-08-24T11:44:27Z,2026-08-24T13:44:27+0200,8b6740d6-ed67-4509-be5b-470091805d1c,2026-08-24T00:00:00Z,2026-08-24T02:00:00+0200,0.0,MW,PT,PT,actual_solar_generation,Solar,2026-08-24T11:53:07Z
2026-08-24T11:44:27Z,2026-08-24T13:44:27+0200,8b6740d6-ed67-4509-be5b-470091805d1c,2026-08-24T01:00:00Z,2026-08-24T03:00:00+0200,0.0,MW,PT,PT,actual_solar_generation,Solar,2026-08-24T11:53:07Z
2026-08-24T11:44:27Z,2026-08-24T13:44:27+0200,8b6740d6-ed67-4509-be5b-470091805d1c,2026-08-24T02:00:00Z,2026-08-24T04:00:00+0200,0.0,MW,PT,PT,actual_solar_generation,Solar,2026-08-24T11:53:07Z
2026-08-24T11:44:27Z,2026-08-24T13:44:27+0200,8b6740d6-ed67-4509-be5b-470091805d1c,2026-08-24T03:00:00Z,2026-08-24T05:00:00+0200,0.0,MW,PT,PT,actual_solar_generation,Solar,2026-08-24T11:53:07Z
2026-08-24T11:44:27Z,2026-08-24T13:44:27+0200,8b6740d6-ed67-4509-be5b-470091805d1c,2026-08-24T04:00:00Z,2026-08-24T06:00:00+0200,0.0,MW,PT,PT,actual_solar_generation,Solar,2026-08-24T11:53:07Z
2026-08-24T11:44:27Z,2026-08-24T13:44:27+0200,8b6740d6-ed67-4509-be5b-470091805d1c,2026-08-24T05:00:00Z,2026-08-24T07:00:00+0200,0.0,MW,PT,PT,actual_solar_generation,Solar,2026-08-24T11:53:07Z
2026-08-24T11:44:27Z,2026-08-24T13:44:27+0200,8b6740d6-ed67-4509-be5b-470091805d1c,2026-08-24T06:00:00Z,2026-08-24T08:00:00+0200,146.0,MW,PT,PT,actual_solar_generation,Solar,2026-08-24T11:53:07Z
2026-08-24T11:44:27Z,2026-08-24T13:44:27+0200,8b6740d6-ed67-4509-be5b-470091805d1c,2026-08-24T07:00:00Z,2026-08-24T09:00:00+0200,757.7,MW,PT,PT,actual_solar_generation,Solar,2026-08-24T11:53:07Z
2026-08-24T11:44:27Z,2026-08-24T13:44:27+0200,8b6740d6-ed67-4509-be5b-470091805d1c,2026-08-24T08:00:00Z,2026-08-24T10:00:00+0200,1369.1,MW,PT,PT,actual_solar_generation,Solar,2026-08-24T11:53:07Z
2026-08-24T11:44:27Z,2026-08-24T13:44:27+0200,8b6740d6-ed67-4509-be5b-470091805d1c,2026-08-24T09:00:00Z,2026-08-24T11:00:00+0200,1673.9,MW,PT,PT,actual_solar_generation,Solar,2026-08-24T11:53:07Z
2026-08-24T11:44:27Z,2026-08-24T13:44:27+0200,8b6740d6-ed67-4509-be5b-470091805d1c,2026-08-24T10:00:00Z,2026-08-24T12:00:00+0200,2030.2,MW,PT,PT,actual_solar_generation,Solar,2026-08-24T11:53:07Z
