collection_time_utc,collection_time_local,run_id,timestamp_utc,timestamp_local,value,unit,country,entsoe_area,variable,source,updated_at_utc
2026-06-20T07:43:32Z,2026-06-20T09:43:32+0200,894e5e02-dbf3-4e88-b0f9-9832d5fa1169,2026-05-20T08:00:00Z,2026-05-20T10:00:00+0200,2885.659751,MW,BE,BE,forecast_solar_generation,Solar,2026-06-20T07:43:41Z
2026-06-20T07:43:32Z,2026-06-20T09:43:32+0200,894e5e02-dbf3-4e88-b0f9-9832d5fa1169,2026-05-20T09:00:00Z,2026-05-20T11:00:00+0200,3429.413746,MW,BE,BE,forecast_solar_generation,Solar,2026-06-20T07:43:41Z
2026-06-20T07:43:32Z,2026-06-20T09:43:32+0200,894e5e02-dbf3-4e88-b0f9-9832d5fa1169,2026-05-20T10:00:00Z,2026-05-20T12:00:00+0200,3875.843743,MW,BE,BE,forecast_solar_generation,Solar,2026-06-20T07:43:41Z
2026-06-20T07:43:32Z,2026-06-20T09:43:32+0200,894e5e02-dbf3-4e88-b0f9-9832d5fa1169,2026-05-20T11:00:00Z,2026-05-20T13:00:00+0200,4243.751,MW,BE,BE,forecast_solar_generation,Solar,2026-06-20T07:43:41Z
2026-06-20T07:43:32Z,2026-06-20T09:43:32+0200,894e5e02-dbf3-4e88-b0f9-9832d5fa1169,2026-05-20T12:00:00Z,2026-05-20T14:00:00+0200,4706.86549,MW,BE,BE,forecast_solar_generation,Solar,2026-06-20T07:43:41Z
2026-06-20T07:43:32Z,2026-06-20T09:43:32+0200,894e5e02-dbf3-4e88-b0f9-9832d5fa1169,2026-05-20T13:00:00Z,2026-05-20T15:00:00+0200,4782.059,MW,BE,BE,forecast_solar_generation,Solar,2026-06-20T07:43:41Z
2026-06-20T07:43:32Z,2026-06-20T09:43:32+0200,894e5e02-dbf3-4e88-b0f9-9832d5fa1169,2026-05-20T14:00:00Z,2026-05-20T16:00:00+0200,4199.2345,MW,BE,BE,forecast_solar_generation,Solar,2026-06-20T07:43:41Z
2026-06-20T07:43:32Z,2026-06-20T09:43:32+0200,894e5e02-dbf3-4e88-b0f9-9832d5fa1169,2026-05-20T15:00:00Z,2026-05-20T17:00:00+0200,3341.651004,MW,BE,BE,forecast_solar_generation,Solar,2026-06-20T07:43:41Z
2026-06-20T07:43:32Z,2026-06-20T09:43:32+0200,894e5e02-dbf3-4e88-b0f9-9832d5fa1169,2026-05-20T16:00:00Z,2026-05-20T18:00:00+0200,2230.04575,MW,BE,BE,forecast_solar_generation,Solar,2026-06-20T07:43:41Z
2026-06-20T07:43:32Z,2026-06-20T09:43:32+0200,894e5e02-dbf3-4e88-b0f9-9832d5fa1169,2026-05-20T17:00:00Z,2026-05-20T19:00:00+0200,1112.072249,MW,BE,BE,forecast_solar_generation,Solar,2026-06-20T07:43:41Z
2026-06-20T07:43:32Z,2026-06-20T09:43:32+0200,894e5e02-dbf3-4e88-b0f9-9832d5fa1169,2026-05-20T18:00:00Z,2026-05-20T20:00:00+0200,391.393749,MW,BE,BE,forecast_solar_generation,Solar,2026-06-20T07:43:41Z
2026-06-20T07:43:32Z,2026-06-20T09:43:32+0200,894e5e02-dbf3-4e88-b0f9-9832d5fa1169,2026-05-20T19:00:00Z,2026-05-20T21:00:00+0200,33.26325,MW,BE,BE,forecast_solar_generation,Solar,2026-06-20T07:43:41Z
2026-06-20T07:43:32Z,2026-06-20T09:43:32+0200,894e5e02-dbf3-4e88-b0f9-9832d5fa1169,2026-05-20T20:00:00Z,2026-05-20T22:00:00+0200,0.0,MW,BE,BE,forecast_solar_generation,Solar,2026-06-20T07:43:41Z
2026-06-20T07:43:32Z,2026-06-20T09:43:32+0200,894e5e02-dbf3-4e88-b0f9-9832d5fa1169,2026-05-20T21:00:00Z,2026-05-20T23:00:00+0200,0.0,MW,BE,BE,forecast_solar_generation,Solar,2026-06-20T07:43:41Z
2026-06-20T07:43:32Z,2026-06-20T09:43:32+0200,894e5e02-dbf3-4e88-b0f9-9832d5fa1169,2026-05-20T22:00:00Z,2026-05-21T00:00:00+0200,0.0,MW,BE,BE,forecast_solar_generation,Solar,2026-06-20T07:43:41Z
2026-06-20T07:43:32Z,2026-06-20T09:43:32+0200,894e5e02-dbf3-4e88-b0f9-9832d5fa1169,2026-05-20T23:00:00Z,2026-05-21T01:00:00+0200,0.0,MW,BE,BE,forecast_solar_generation,Solar,2026-06-20T07:43:41Z
2026-06-20T07:43:32Z,2026-06-20T09:43:32+0200,894e5e02-dbf3-4e88-b0f9-9832d5fa1169,2026-05-21T00:00:00Z,2026-05-21T02:00:00+0200,0.0,MW,BE,BE,forecast_solar_generation,Solar,2026-06-20T07:43:41Z
2026-06-20T07:43:32Z,2026-06-20T09:43:32+0200,894e5e02-dbf3-4e88-b0f9-9832d5fa1169,2026-05-21T01:00:00Z,2026-05-21T03:00:00+0200,0.0,MW,BE,BE,forecast_solar_generation,Solar,2026-06-20T07:43:41Z
2026-06-20T07:43:32Z,2026-06-20T09:43:32+0200,894e5e02-dbf3-4e88-b0f9-9832d5fa1169,2026-05-21T02:00:00Z,2026-05-21T04:00:00+0200,0.0,MW,BE,BE,forecast_solar_generation,Solar,2026-06-20T07:43:41Z
2026-06-20T07:43:32Z,2026-06-20T09:43:32+0200,894e5e02-dbf3-4e88-b0f9-9832d5fa1169,2026-05-21T03:00:00Z,2026-05-21T05:00:00+0200,6.117,MW,BE,BE,forecast_solar_generation,Solar,2026-06-20T07:43:41Z
2026-06-20T07:43:32Z,2026-06-20T09:43:32+0200,894e5e02-dbf3-4e88-b0f9-9832d5fa1169,2026-05-21T04:00:00Z,2026-05-21T06:00:00+0200,247.98975,MW,BE,BE,forecast_solar_generation,Solar,2026-06-20T07:43:41Z
2026-06-20T07:43:32Z,2026-06-20T09:43:32+0200,894e5e02-dbf3-4e88-b0f9-9832d5fa1169,2026-05-21T05:00:00Z,2026-05-21T07:00:00+0200,853.362749,MW,BE,BE,forecast_solar_generation,Solar,2026-06-20T07:43:41Z
2026-06-20T07:43:32Z,2026-06-20T09:43:32+0200,894e5e02-dbf3-4e88-b0f9-9832d5fa1169,2026-05-21T06:00:00Z,2026-05-21T08:00:00+0200,2236.063247,MW,BE,BE,forecast_solar_generation,Solar,2026-06-20T07:43:41Z
2026-06-20T07:43:32Z,2026-06-20T09:43:32+0200,894e5e02-dbf3-4e88-b0f9-9832d5fa1169,2026-05-21T07:00:00Z,2026-05-21T09:00:00+0200,3940.901254,MW,BE,BE,forecast_solar_generation,Solar,2026-06-20T07:43:41Z
2026-06-20T07:43:32Z,2026-06-20T09:43:32+0200,894e5e02-dbf3-4e88-b0f9-9832d5fa1169,2026-05-21T08:00:00Z,2026-05-21T10:00:00+0200,5467.578238,MW,BE,BE,forecast_solar_generation,Solar,2026-06-20T07:43:41Z
2026-06-20T07:43:32Z,2026-06-20T09:43:32+0200,894e5e02-dbf3-4e88-b0f9-9832d5fa1169,2026-05-21T09:00:00Z,2026-05-21T11:00:00+0200,6469.667007,MW,BE,BE,forecast_solar_generation,Solar,2026-06-20T07:43:41Z
2026-06-20T07:43:32Z,2026-06-20T09:43:32+0200,894e5e02-dbf3-4e88-b0f9-9832d5fa1169,2026-05-21T10:00:00Z,2026-05-21T12:00:00+0200,6974.362993,MW,BE,BE,forecast_solar_generation,Solar,2026-06-20T07:43:41Z
2026-06-20T07:43:32Z,2026-06-20T09:43:32+0200,894e5e02-dbf3-4e88-b0f9-9832d5fa1169,2026-05-21T11:00:00Z,2026-05-21T13:00:00+0200,6941.68474,MW,BE,BE,forecast_solar_generation,Solar,2026-06-20T07:43:41Z
2026-06-20T07:43:32Z,2026-06-20T09:43:32+0200,894e5e02-dbf3-4e88-b0f9-9832d5fa1169,2026-05-21T12:00:00Z,2026-05-21T14:00:00+0200,6512.225487,MW,BE,BE,forecast_solar_generation,Solar,2026-06-20T07:43:41Z
2026-06-20T07:43:32Z,2026-06-20T09:43:32+0200,894e5e02-dbf3-4e88-b0f9-9832d5fa1169,2026-05-21T13:00:00Z,2026-05-21T15:00:00+0200,5740.647752,MW,BE,BE,forecast_solar_generation,Solar,2026-06-20T07:43:41Z
2026-06-20T07:43:32Z,2026-06-20T09:43:32+0200,894e5e02-dbf3-4e88-b0f9-9832d5fa1169,2026-05-21T14:00:00Z,2026-05-21T16:00:00+0200,4870.916246,MW,BE,BE,forecast_solar_generation,Solar,2026-06-20T07:43:41Z
2026-06-20T07:43:32Z,2026-06-20T09:43:32+0200,894e5e02-dbf3-4e88-b0f9-9832d5fa1169,2026-05-21T15:00:00Z,2026-05-21T17:00:00+0200,3905.646999,MW,BE,BE,forecast_solar_generation,Solar,2026-06-20T07:43:41Z
2026-06-20T07:43:32Z,2026-06-20T09:43:32+0200,894e5e02-dbf3-4e88-b0f9-9832d5fa1169,2026-05-21T16:00:00Z,2026-05-21T18:00:00+0200,2599.349251,MW,BE,BE,forecast_solar_generation,Solar,2026-06-20T07:43:41Z
2026-06-20T07:43:32Z,2026-06-20T09:43:32+0200,894e5e02-dbf3-4e88-b0f9-9832d5fa1169,2026-05-21T17:00:00Z,2026-05-21T19:00:00+0200,1142.962499,MW,BE,BE,forecast_solar_generation,Solar,2026-06-20T07:43:41Z
2026-06-20T07:43:32Z,2026-06-20T09:43:32+0200,894e5e02-dbf3-4e88-b0f9-9832d5fa1169,2026-05-21T18:00:00Z,2026-05-21T20:00:00+0200,364.059,MW,BE,BE,forecast_solar_generation,Solar,2026-06-20T07:43:41Z
2026-06-20T07:43:32Z,2026-06-20T09:43:32+0200,894e5e02-dbf3-4e88-b0f9-9832d5fa1169,2026-05-21T19:00:00Z,2026-05-21T21:00:00+0200,39.61825,MW,BE,BE,forecast_solar_generation,Solar,2026-06-20T07:43:41Z
2026-06-20T07:43:32Z,2026-06-20T09:43:32+0200,894e5e02-dbf3-4e88-b0f9-9832d5fa1169,2026-05-21T20:00:00Z,2026-05-21T22:00:00+0200,0.0,MW,BE,BE,forecast_solar_generation,Solar,2026-06-20T07:43:41Z
2026-06-20T07:43:32Z,2026-06-20T09:43:32+0200,894e5e02-dbf3-4e88-b0f9-9832d5fa1169,2026-05-21T21:00:00Z,2026-05-21T23:00:00+0200,0.0,MW,BE,BE,forecast_solar_generation,Solar,2026-06-20T07:43:41Z
2026-06-20T07:43:32Z,2026-06-20T09:43:32+0200,894e5e02-dbf3-4e88-b0f9-9832d5fa1169,2026-05-21T22:00:00Z,2026-05-22T00:00:00+0200,0.0,MW,BE,BE,forecast_solar_generation,Solar,2026-06-20T07:43:41Z
2026-06-20T07:43:32Z,2026-06-20T09:43:32+0200,894e5e02-dbf3-4e88-b0f9-9832d5fa1169,2026-05-21T23:00:00Z,2026-05-22T01:00:00+0200,0.0,MW,BE,BE,forecast_solar_generation,Solar,2026-06-20T07:43:41Z
2026-06-20T07:43:32Z,2026-06-20T09:43:32+0200,894e5e02-dbf3-4e88-b0f9-9832d5fa1169,2026-05-22T00:00:00Z,2026-05-22T02:00:00+0200,0.0,MW,BE,BE,forecast_solar_generation,Solar,2026-06-20T07:43:41Z
2026-06-20T07:43:32Z,2026-06-20T09:43:32+0200,894e5e02-dbf3-4e88-b0f9-9832d5fa1169,2026-05-22T01:00:00Z,2026-05-22T03:00:00+0200,0.0,MW,BE,BE,forecast_solar_generation,Solar,2026-06-20T07:43:41Z
2026-06-20T07:43:32Z,2026-06-20T09:43:32+0200,894e5e02-dbf3-4e88-b0f9-9832d5fa1169,2026-05-22T02:00:00Z,2026-05-22T04:00:00+0200,0.0,MW,BE,BE,forecast_solar_generation,Solar,2026-06-20T07:43:41Z
2026-06-20T07:43:32Z,2026-06-20T09:43:32+0200,894e5e02-dbf3-4e88-b0f9-9832d5fa1169,2026-05-22T03:00:00Z,2026-05-22T05:00:00+0200,7.4195,MW,BE,BE,forecast_solar_generation,Solar,2026-06-20T07:43:41Z
2026-06-20T07:43:32Z,2026-06-20T09:43:32+0200,894e5e02-dbf3-4e88-b0f9-9832d5fa1169,2026-05-22T04:00:00Z,2026-05-22T06:00:00+0200,243.258999,MW,BE,BE,forecast_solar_generation,Solar,2026-06-20T07:43:41Z
2026-06-20T07:43:32Z,2026-06-20T09:43:32+0200,894e5e02-dbf3-4e88-b0f9-9832d5fa1169,2026-05-22T05:00:00Z,2026-05-22T07:00:00+0200,825.706251,MW,BE,BE,forecast_solar_generation,Solar,2026-06-20T07:43:41Z
2026-06-20T07:43:32Z,2026-06-20T09:43:32+0200,894e5e02-dbf3-4e88-b0f9-9832d5fa1169,2026-05-22T06:00:00Z,2026-05-22T08:00:00+0200,2362.512998,MW,BE,BE,forecast_solar_generation,Solar,2026-06-20T07:43:41Z
2026-06-20T07:43:32Z,2026-06-20T09:43:32+0200,894e5e02-dbf3-4e88-b0f9-9832d5fa1169,2026-05-22T07:00:00Z,2026-05-22T09:00:00+0200,4319.823003,MW,BE,BE,forecast_solar_generation,Solar,2026-06-20T07:43:41Z
2026-06-20T07:43:32Z,2026-06-20T09:43:32+0200,894e5e02-dbf3-4e88-b0f9-9832d5fa1169,2026-05-22T08:00:00Z,2026-05-22T10:00:00+0200,5902.544001,MW,BE,BE,forecast_solar_generation,Solar,2026-06-20T07:43:41Z
2026-06-20T07:43:32Z,2026-06-20T09:43:32+0200,894e5e02-dbf3-4e88-b0f9-9832d5fa1169,2026-05-22T09:00:00Z,2026-05-22T11:00:00+0200,7027.234017,MW,BE,BE,forecast_solar_generation,Solar,2026-06-20T07:43:41Z
2026-06-20T07:43:32Z,2026-06-20T09:43:32+0200,894e5e02-dbf3-4e88-b0f9-9832d5fa1169,2026-05-22T10:00:00Z,2026-05-22T12:00:00+0200,7742.010998,MW,BE,BE,forecast_solar_generation,Solar,2026-06-20T07:43:41Z
2026-06-20T07:43:32Z,2026-06-20T09:43:32+0200,894e5e02-dbf3-4e88-b0f9-9832d5fa1169,2026-05-22T11:00:00Z,2026-05-22T13:00:00+0200,7992.572759,MW,BE,BE,forecast_solar_generation,Solar,2026-06-20T07:43:41Z
2026-06-20T07:43:32Z,2026-06-20T09:43:32+0200,894e5e02-dbf3-4e88-b0f9-9832d5fa1169,2026-05-22T12:00:00Z,2026-05-22T14:00:00+0200,7820.502759,MW,BE,BE,forecast_solar_generation,Solar,2026-06-20T07:43:41Z
2026-06-20T07:43:32Z,2026-06-20T09:43:32+0200,894e5e02-dbf3-4e88-b0f9-9832d5fa1169,2026-05-22T13:00:00Z,2026-05-22T15:00:00+0200,7221.512495,MW,BE,BE,forecast_solar_generation,Solar,2026-06-20T07:43:41Z
2026-06-20T07:43:32Z,2026-06-20T09:43:32+0200,894e5e02-dbf3-4e88-b0f9-9832d5fa1169,2026-05-22T14:00:00Z,2026-05-22T16:00:00+0200,6171.595255,MW,BE,BE,forecast_solar_generation,Solar,2026-06-20T07:43:41Z
2026-06-20T07:43:32Z,2026-06-20T09:43:32+0200,894e5e02-dbf3-4e88-b0f9-9832d5fa1169,2026-05-22T15:00:00Z,2026-05-22T17:00:00+0200,4715.559251,MW,BE,BE,forecast_solar_generation,Solar,2026-06-20T07:43:41Z
2026-06-20T07:43:32Z,2026-06-20T09:43:32+0200,894e5e02-dbf3-4e88-b0f9-9832d5fa1169,2026-05-22T16:00:00Z,2026-05-22T18:00:00+0200,2899.260001,MW,BE,BE,forecast_solar_generation,Solar,2026-06-20T07:43:41Z
2026-06-20T07:43:32Z,2026-06-20T09:43:32+0200,894e5e02-dbf3-4e88-b0f9-9832d5fa1169,2026-05-22T17:00:00Z,2026-05-22T19:00:00+0200,1136.97725,MW,BE,BE,forecast_solar_generation,Solar,2026-06-20T07:43:41Z
2026-06-20T07:43:32Z,2026-06-20T09:43:32+0200,894e5e02-dbf3-4e88-b0f9-9832d5fa1169,2026-05-22T18:00:00Z,2026-05-22T20:00:00+0200,333.554,MW,BE,BE,forecast_solar_generation,Solar,2026-06-20T07:43:41Z
2026-06-20T07:43:32Z,2026-06-20T09:43:32+0200,894e5e02-dbf3-4e88-b0f9-9832d5fa1169,2026-05-22T19:00:00Z,2026-05-22T21:00:00+0200,43.521,MW,BE,BE,forecast_solar_generation,Solar,2026-06-20T07:43:41Z
2026-06-20T07:43:32Z,2026-06-20T09:43:32+0200,894e5e02-dbf3-4e88-b0f9-9832d5fa1169,2026-05-22T20:00:00Z,2026-05-22T22:00:00+0200,0.0,MW,BE,BE,forecast_solar_generation,Solar,2026-06-20T07:43:41Z
2026-06-20T07:43:32Z,2026-06-20T09:43:32+0200,894e5e02-dbf3-4e88-b0f9-9832d5fa1169,2026-05-22T21:00:00Z,2026-05-22T23:00:00+0200,0.0,MW,BE,BE,forecast_solar_generation,Solar,2026-06-20T07:43:41Z
2026-06-20T07:43:32Z,2026-06-20T09:43:32+0200,894e5e02-dbf3-4e88-b0f9-9832d5fa1169,2026-05-22T22:00:00Z,2026-05-23T00:00:00+0200,0.0,MW,BE,BE,forecast_solar_generation,Solar,2026-06-20T07:43:41Z
2026-06-20T07:43:32Z,2026-06-20T09:43:32+0200,894e5e02-dbf3-4e88-b0f9-9832d5fa1169,2026-05-22T23:00:00Z,2026-05-23T01:00:00+0200,0.0,MW,BE,BE,forecast_solar_generation,Solar,2026-06-20T07:43:41Z
2026-06-20T07:43:32Z,2026-06-20T09:43:32+0200,894e5e02-dbf3-4e88-b0f9-9832d5fa1169,2026-05-23T00:00:00Z,2026-05-23T02:00:00+0200,0.0,MW,BE,BE,forecast_solar_generation,Solar,2026-06-20T07:43:41Z
2026-06-20T07:43:32Z,2026-06-20T09:43:32+0200,894e5e02-dbf3-4e88-b0f9-9832d5fa1169,2026-05-23T01:00:00Z,2026-05-23T03:00:00+0200,0.0,MW,BE,BE,forecast_solar_generation,Solar,2026-06-20T07:43:41Z
2026-06-20T07:43:32Z,2026-06-20T09:43:32+0200,894e5e02-dbf3-4e88-b0f9-9832d5fa1169,2026-05-23T02:00:00Z,2026-05-23T04:00:00+0200,0.0,MW,BE,BE,forecast_solar_generation,Solar,2026-06-20T07:43:41Z
2026-06-20T07:43:32Z,2026-06-20T09:43:32+0200,894e5e02-dbf3-4e88-b0f9-9832d5fa1169,2026-05-23T03:00:00Z,2026-05-23T05:00:00+0200,8.01825,MW,BE,BE,forecast_solar_generation,Solar,2026-06-20T07:43:41Z
2026-06-20T07:43:32Z,2026-06-20T09:43:32+0200,894e5e02-dbf3-4e88-b0f9-9832d5fa1169,2026-05-23T04:00:00Z,2026-05-23T06:00:00+0200,272.52425,MW,BE,BE,forecast_solar_generation,Solar,2026-06-20T07:43:41Z
2026-06-20T07:43:32Z,2026-06-20T09:43:32+0200,894e5e02-dbf3-4e88-b0f9-9832d5fa1169,2026-05-23T05:00:00Z,2026-05-23T07:00:00+0200,900.939249,MW,BE,BE,forecast_solar_generation,Solar,2026-06-20T07:43:41Z
2026-06-20T07:43:32Z,2026-06-20T09:43:32+0200,894e5e02-dbf3-4e88-b0f9-9832d5fa1169,2026-05-23T06:00:00Z,2026-05-23T08:00:00+0200,2235.5375,MW,BE,BE,forecast_solar_generation,Solar,2026-06-20T07:43:41Z
2026-06-20T07:43:32Z,2026-06-20T09:43:32+0200,894e5e02-dbf3-4e88-b0f9-9832d5fa1169,2026-05-23T07:00:00Z,2026-05-23T09:00:00+0200,3967.688752,MW,BE,BE,forecast_solar_generation,Solar,2026-06-20T07:43:41Z
2026-06-20T07:43:32Z,2026-06-20T09:43:32+0200,894e5e02-dbf3-4e88-b0f9-9832d5fa1169,2026-05-23T08:00:00Z,2026-05-23T10:00:00+0200,5525.251506,MW,BE,BE,forecast_solar_generation,Solar,2026-06-20T07:43:41Z
2026-06-20T07:43:32Z,2026-06-20T09:43:32+0200,894e5e02-dbf3-4e88-b0f9-9832d5fa1169,2026-05-23T09:00:00Z,2026-05-23T11:00:00+0200,6618.073003,MW,BE,BE,forecast_solar_generation,Solar,2026-06-20T07:43:41Z
2026-06-20T07:43:32Z,2026-06-20T09:43:32+0200,894e5e02-dbf3-4e88-b0f9-9832d5fa1169,2026-05-23T10:00:00Z,2026-05-23T12:00:00+0200,7372.208749,MW,BE,BE,forecast_solar_generation,Solar,2026-06-20T07:43:41Z
2026-06-20T07:43:32Z,2026-06-20T09:43:32+0200,894e5e02-dbf3-4e88-b0f9-9832d5fa1169,2026-05-23T11:00:00Z,2026-05-23T13:00:00+0200,7694.239478,MW,BE,BE,forecast_solar_generation,Solar,2026-06-20T07:43:41Z
2026-06-20T07:43:32Z,2026-06-20T09:43:32+0200,894e5e02-dbf3-4e88-b0f9-9832d5fa1169,2026-05-23T12:00:00Z,2026-05-23T14:00:00+0200,7578.745252,MW,BE,BE,forecast_solar_generation,Solar,2026-06-20T07:43:41Z
2026-06-20T07:43:32Z,2026-06-20T09:43:32+0200,894e5e02-dbf3-4e88-b0f9-9832d5fa1169,2026-05-23T13:00:00Z,2026-05-23T15:00:00+0200,7028.518743,MW,BE,BE,forecast_solar_generation,Solar,2026-06-20T07:43:41Z
2026-06-20T07:43:32Z,2026-06-20T09:43:32+0200,894e5e02-dbf3-4e88-b0f9-9832d5fa1169,2026-05-23T14:00:00Z,2026-05-23T16:00:00+0200,5989.327243,MW,BE,BE,forecast_solar_generation,Solar,2026-06-20T07:43:41Z
2026-06-20T07:43:32Z,2026-06-20T09:43:32+0200,894e5e02-dbf3-4e88-b0f9-9832d5fa1169,2026-05-23T15:00:00Z,2026-05-23T17:00:00+0200,4527.986496,MW,BE,BE,forecast_solar_generation,Solar,2026-06-20T07:43:41Z
2026-06-20T07:43:32Z,2026-06-20T09:43:32+0200,894e5e02-dbf3-4e88-b0f9-9832d5fa1169,2026-05-23T16:00:00Z,2026-05-23T18:00:00+0200,2769.783496,MW,BE,BE,forecast_solar_generation,Solar,2026-06-20T07:43:41Z
2026-06-20T07:43:32Z,2026-06-20T09:43:32+0200,894e5e02-dbf3-4e88-b0f9-9832d5fa1169,2026-05-23T17:00:00Z,2026-05-23T19:00:00+0200,1157.660751,MW,BE,BE,forecast_solar_generation,Solar,2026-06-20T07:43:41Z
2026-06-20T07:43:32Z,2026-06-20T09:43:32+0200,894e5e02-dbf3-4e88-b0f9-9832d5fa1169,2026-05-23T18:00:00Z,2026-05-23T20:00:00+0200,371.303999,MW,BE,BE,forecast_solar_generation,Solar,2026-06-20T07:43:41Z
2026-06-20T07:43:32Z,2026-06-20T09:43:32+0200,894e5e02-dbf3-4e88-b0f9-9832d5fa1169,2026-05-23T19:00:00Z,2026-05-23T21:00:00+0200,47.0805,MW,BE,BE,forecast_solar_generation,Solar,2026-06-20T07:43:41Z
2026-06-20T07:43:32Z,2026-06-20T09:43:32+0200,894e5e02-dbf3-4e88-b0f9-9832d5fa1169,2026-05-23T20:00:00Z,2026-05-23T22:00:00+0200,0.0,MW,BE,BE,forecast_solar_generation,Solar,2026-06-20T07:43:41Z
2026-06-20T07:43:32Z,2026-06-20T09:43:32+0200,894e5e02-dbf3-4e88-b0f9-9832d5fa1169,2026-05-23T21:00:00Z,2026-05-23T23:00:00+0200,0.0,MW,BE,BE,forecast_solar_generation,Solar,2026-06-20T07:43:41Z
2026-06-20T07:43:32Z,2026-06-20T09:43:32+0200,894e5e02-dbf3-4e88-b0f9-9832d5fa1169,2026-05-23T22:00:00Z,2026-05-24T00:00:00+0200,0.0,MW,BE,BE,forecast_solar_generation,Solar,2026-06-20T07:43:41Z
2026-06-20T07:43:32Z,2026-06-20T09:43:32+0200,894e5e02-dbf3-4e88-b0f9-9832d5fa1169,2026-05-23T23:00:00Z,2026-05-24T01:00:00+0200,0.0,MW,BE,BE,forecast_solar_generation,Solar,2026-06-20T07:43:41Z
2026-06-20T07:43:32Z,2026-06-20T09:43:32+0200,894e5e02-dbf3-4e88-b0f9-9832d5fa1169,2026-05-24T00:00:00Z,2026-05-24T02:00:00+0200,0.0,MW,BE,BE,forecast_solar_generation,Solar,2026-06-20T07:43:41Z
2026-06-20T07:43:32Z,2026-06-20T09:43:32+0200,894e5e02-dbf3-4e88-b0f9-9832d5fa1169,2026-05-24T01:00:00Z,2026-05-24T03:00:00+0200,0.0,MW,BE,BE,forecast_solar_generation,Solar,2026-06-20T07:43:41Z
2026-06-20T07:43:32Z,2026-06-20T09:43:32+0200,894e5e02-dbf3-4e88-b0f9-9832d5fa1169,2026-05-24T02:00:00Z,2026-05-24T04:00:00+0200,0.0,MW,BE,BE,forecast_solar_generation,Solar,2026-06-20T07:43:41Z
2026-06-20T07:43:32Z,2026-06-20T09:43:32+0200,894e5e02-dbf3-4e88-b0f9-9832d5fa1169,2026-05-24T03:00:00Z,2026-05-24T05:00:00+0200,9.213,MW,BE,BE,forecast_solar_generation,Solar,2026-06-20T07:43:41Z
2026-06-20T07:43:32Z,2026-06-20T09:43:32+0200,894e5e02-dbf3-4e88-b0f9-9832d5fa1169,2026-05-24T04:00:00Z,2026-05-24T06:00:00+0200,277.331249,MW,BE,BE,forecast_solar_generation,Solar,2026-06-20T07:43:41Z
2026-06-20T07:43:32Z,2026-06-20T09:43:32+0200,894e5e02-dbf3-4e88-b0f9-9832d5fa1169,2026-05-24T05:00:00Z,2026-05-24T07:00:00+0200,892.659001,MW,BE,BE,forecast_solar_generation,Solar,2026-06-20T07:43:41Z
2026-06-20T07:43:32Z,2026-06-20T09:43:32+0200,894e5e02-dbf3-4e88-b0f9-9832d5fa1169,2026-05-24T06:00:00Z,2026-05-24T08:00:00+0200,2290.301502,MW,BE,BE,forecast_solar_generation,Solar,2026-06-20T07:43:41Z
2026-06-20T07:43:32Z,2026-06-20T09:43:32+0200,894e5e02-dbf3-4e88-b0f9-9832d5fa1169,2026-05-24T07:00:00Z,2026-05-24T09:00:00+0200,4118.456995,MW,BE,BE,forecast_solar_generation,Solar,2026-06-20T07:43:41Z
2026-06-20T07:43:32Z,2026-06-20T09:43:32+0200,894e5e02-dbf3-4e88-b0f9-9832d5fa1169,2026-05-24T08:00:00Z,2026-05-24T10:00:00+0200,5686.482005,MW,BE,BE,forecast_solar_generation,Solar,2026-06-20T07:43:41Z
2026-06-20T07:43:32Z,2026-06-20T09:43:32+0200,894e5e02-dbf3-4e88-b0f9-9832d5fa1169,2026-05-24T09:00:00Z,2026-05-24T11:00:00+0200,6761.478752,MW,BE,BE,forecast_solar_generation,Solar,2026-06-20T07:43:41Z
2026-06-20T07:43:32Z,2026-06-20T09:43:32+0200,894e5e02-dbf3-4e88-b0f9-9832d5fa1169,2026-05-24T10:00:00Z,2026-05-24T12:00:00+0200,7493.625499,MW,BE,BE,forecast_solar_generation,Solar,2026-06-20T07:43:41Z
2026-06-20T07:43:32Z,2026-06-20T09:43:32+0200,894e5e02-dbf3-4e88-b0f9-9832d5fa1169,2026-05-24T11:00:00Z,2026-05-24T13:00:00+0200,7798.585263,MW,BE,BE,forecast_solar_generation,Solar,2026-06-20T07:43:41Z
2026-06-20T07:43:32Z,2026-06-20T09:43:32+0200,894e5e02-dbf3-4e88-b0f9-9832d5fa1169,2026-05-24T12:00:00Z,2026-05-24T14:00:00+0200,7680.133517,MW,BE,BE,forecast_solar_generation,Solar,2026-06-20T07:43:41Z
2026-06-20T07:43:32Z,2026-06-20T09:43:32+0200,894e5e02-dbf3-4e88-b0f9-9832d5fa1169,2026-05-24T13:00:00Z,2026-05-24T15:00:00+0200,7139.248002,MW,BE,BE,forecast_solar_generation,Solar,2026-06-20T07:43:41Z
2026-06-20T07:43:32Z,2026-06-20T09:43:32+0200,894e5e02-dbf3-4e88-b0f9-9832d5fa1169,2026-05-24T14:00:00Z,2026-05-24T16:00:00+0200,6115.311994,MW,BE,BE,forecast_solar_generation,Solar,2026-06-20T07:43:41Z
2026-06-20T07:43:32Z,2026-06-20T09:43:32+0200,894e5e02-dbf3-4e88-b0f9-9832d5fa1169,2026-05-24T15:00:00Z,2026-05-24T17:00:00+0200,4666.780748,MW,BE,BE,forecast_solar_generation,Solar,2026-06-20T07:43:41Z
2026-06-20T07:43:32Z,2026-06-20T09:43:32+0200,894e5e02-dbf3-4e88-b0f9-9832d5fa1169,2026-05-24T16:00:00Z,2026-05-24T18:00:00+0200,2853.356747,MW,BE,BE,forecast_solar_generation,Solar,2026-06-20T07:43:41Z
2026-06-20T07:43:32Z,2026-06-20T09:43:32+0200,894e5e02-dbf3-4e88-b0f9-9832d5fa1169,2026-05-24T17:00:00Z,2026-05-24T19:00:00+0200,1168.445001,MW,BE,BE,forecast_solar_generation,Solar,2026-06-20T07:43:41Z
2026-06-20T07:43:32Z,2026-06-20T09:43:32+0200,894e5e02-dbf3-4e88-b0f9-9832d5fa1169,2026-05-24T18:00:00Z,2026-05-24T20:00:00+0200,366.79925,MW,BE,BE,forecast_solar_generation,Solar,2026-06-20T07:43:41Z
2026-06-20T07:43:32Z,2026-06-20T09:43:32+0200,894e5e02-dbf3-4e88-b0f9-9832d5fa1169,2026-05-24T19:00:00Z,2026-05-24T21:00:00+0200,51.0595,MW,BE,BE,forecast_solar_generation,Solar,2026-06-20T07:43:41Z
2026-06-20T07:43:32Z,2026-06-20T09:43:32+0200,894e5e02-dbf3-4e88-b0f9-9832d5fa1169,2026-05-24T20:00:00Z,2026-05-24T22:00:00+0200,0.0,MW,BE,BE,forecast_solar_generation,Solar,2026-06-20T07:43:41Z
2026-06-20T07:43:32Z,2026-06-20T09:43:32+0200,894e5e02-dbf3-4e88-b0f9-9832d5fa1169,2026-05-24T21:00:00Z,2026-05-24T23:00:00+0200,0.0,MW,BE,BE,forecast_solar_generation,Solar,2026-06-20T07:43:41Z
2026-06-20T07:43:32Z,2026-06-20T09:43:32+0200,894e5e02-dbf3-4e88-b0f9-9832d5fa1169,2026-05-24T22:00:00Z,2026-05-25T00:00:00+0200,0.0,MW,BE,BE,forecast_solar_generation,Solar,2026-06-20T07:43:41Z
2026-06-20T07:43:32Z,2026-06-20T09:43:32+0200,894e5e02-dbf3-4e88-b0f9-9832d5fa1169,2026-05-24T23:00:00Z,2026-05-25T01:00:00+0200,0.0,MW,BE,BE,forecast_solar_generation,Solar,2026-06-20T07:43:41Z
2026-06-20T07:43:32Z,2026-06-20T09:43:32+0200,894e5e02-dbf3-4e88-b0f9-9832d5fa1169,2026-05-25T00:00:00Z,2026-05-25T02:00:00+0200,0.0,MW,BE,BE,forecast_solar_generation,Solar,2026-06-20T07:43:41Z
2026-06-20T07:43:32Z,2026-06-20T09:43:32+0200,894e5e02-dbf3-4e88-b0f9-9832d5fa1169,2026-05-25T01:00:00Z,2026-05-25T03:00:00+0200,0.0,MW,BE,BE,forecast_solar_generation,Solar,2026-06-20T07:43:41Z
2026-06-20T07:43:32Z,2026-06-20T09:43:32+0200,894e5e02-dbf3-4e88-b0f9-9832d5fa1169,2026-05-25T02:00:00Z,2026-05-25T04:00:00+0200,0.0,MW,BE,BE,forecast_solar_generation,Solar,2026-06-20T07:43:41Z
2026-06-20T07:43:32Z,2026-06-20T09:43:32+0200,894e5e02-dbf3-4e88-b0f9-9832d5fa1169,2026-05-25T03:00:00Z,2026-05-25T05:00:00+0200,10.79825,MW,BE,BE,forecast_solar_generation,Solar,2026-06-20T07:43:41Z
2026-06-20T07:43:32Z,2026-06-20T09:43:32+0200,894e5e02-dbf3-4e88-b0f9-9832d5fa1169,2026-05-25T04:00:00Z,2026-05-25T06:00:00+0200,263.042499,MW,BE,BE,forecast_solar_generation,Solar,2026-06-20T07:43:41Z
2026-06-20T07:43:32Z,2026-06-20T09:43:32+0200,894e5e02-dbf3-4e88-b0f9-9832d5fa1169,2026-05-25T05:00:00Z,2026-05-25T07:00:00+0200,848.2275,MW,BE,BE,forecast_solar_generation,Solar,2026-06-20T07:43:41Z
2026-06-20T07:43:32Z,2026-06-20T09:43:32+0200,894e5e02-dbf3-4e88-b0f9-9832d5fa1169,2026-05-25T06:00:00Z,2026-05-25T08:00:00+0200,2376.175499,MW,BE,BE,forecast_solar_generation,Solar,2026-06-20T07:43:41Z
2026-06-20T07:43:32Z,2026-06-20T09:43:32+0200,894e5e02-dbf3-4e88-b0f9-9832d5fa1169,2026-05-25T07:00:00Z,2026-05-25T09:00:00+0200,4326.0105,MW,BE,BE,forecast_solar_generation,Solar,2026-06-20T07:43:41Z
2026-06-20T07:43:32Z,2026-06-20T09:43:32+0200,894e5e02-dbf3-4e88-b0f9-9832d5fa1169,2026-05-25T08:00:00Z,2026-05-25T10:00:00+0200,5887.269505,MW,BE,BE,forecast_solar_generation,Solar,2026-06-20T07:43:41Z
2026-06-20T07:43:32Z,2026-06-20T09:43:32+0200,894e5e02-dbf3-4e88-b0f9-9832d5fa1169,2026-05-25T09:00:00Z,2026-05-25T11:00:00+0200,6977.333251,MW,BE,BE,forecast_solar_generation,Solar,2026-06-20T07:43:41Z
2026-06-20T07:43:32Z,2026-06-20T09:43:32+0200,894e5e02-dbf3-4e88-b0f9-9832d5fa1169,2026-05-25T10:00:00Z,2026-05-25T12:00:00+0200,7698.965238,MW,BE,BE,forecast_solar_generation,Solar,2026-06-20T07:43:41Z
2026-06-20T07:43:32Z,2026-06-20T09:43:32+0200,894e5e02-dbf3-4e88-b0f9-9832d5fa1169,2026-05-25T11:00:00Z,2026-05-25T13:00:00+0200,7994.207501,MW,BE,BE,forecast_solar_generation,Solar,2026-06-20T07:43:41Z
2026-06-20T07:43:32Z,2026-06-20T09:43:32+0200,894e5e02-dbf3-4e88-b0f9-9832d5fa1169,2026-05-25T12:00:00Z,2026-05-25T14:00:00+0200,7874.603232,MW,BE,BE,forecast_solar_generation,Solar,2026-06-20T07:43:41Z
2026-06-20T07:43:32Z,2026-06-20T09:43:32+0200,894e5e02-dbf3-4e88-b0f9-9832d5fa1169,2026-05-25T13:00:00Z,2026-05-25T15:00:00+0200,7337.227244,MW,BE,BE,forecast_solar_generation,Solar,2026-06-20T07:43:41Z
2026-06-20T07:43:32Z,2026-06-20T09:43:32+0200,894e5e02-dbf3-4e88-b0f9-9832d5fa1169,2026-05-25T14:00:00Z,2026-05-25T16:00:00+0200,6322.686513,MW,BE,BE,forecast_solar_generation,Solar,2026-06-20T07:43:41Z
2026-06-20T07:43:32Z,2026-06-20T09:43:32+0200,894e5e02-dbf3-4e88-b0f9-9832d5fa1169,2026-05-25T15:00:00Z,2026-05-25T17:00:00+0200,4850.589496,MW,BE,BE,forecast_solar_generation,Solar,2026-06-20T07:43:41Z
2026-06-20T07:43:32Z,2026-06-20T09:43:32+0200,894e5e02-dbf3-4e88-b0f9-9832d5fa1169,2026-05-25T16:00:00Z,2026-05-25T18:00:00+0200,2966.070499,MW,BE,BE,forecast_solar_generation,Solar,2026-06-20T07:43:41Z
2026-06-20T07:43:32Z,2026-06-20T09:43:32+0200,894e5e02-dbf3-4e88-b0f9-9832d5fa1169,2026-05-25T17:00:00Z,2026-05-25T19:00:00+0200,1169.402749,MW,BE,BE,forecast_solar_generation,Solar,2026-06-20T07:43:41Z
2026-06-20T07:43:32Z,2026-06-20T09:43:32+0200,894e5e02-dbf3-4e88-b0f9-9832d5fa1169,2026-05-25T18:00:00Z,2026-05-25T20:00:00+0200,346.8655,MW,BE,BE,forecast_solar_generation,Solar,2026-06-20T07:43:41Z
2026-06-20T07:43:32Z,2026-06-20T09:43:32+0200,894e5e02-dbf3-4e88-b0f9-9832d5fa1169,2026-05-25T19:00:00Z,2026-05-25T21:00:00+0200,54.4045,MW,BE,BE,forecast_solar_generation,Solar,2026-06-20T07:43:41Z
2026-06-20T07:43:32Z,2026-06-20T09:43:32+0200,894e5e02-dbf3-4e88-b0f9-9832d5fa1169,2026-05-25T20:00:00Z,2026-05-25T22:00:00+0200,0.0,MW,BE,BE,forecast_solar_generation,Solar,2026-06-20T07:43:41Z
2026-06-20T07:43:32Z,2026-06-20T09:43:32+0200,894e5e02-dbf3-4e88-b0f9-9832d5fa1169,2026-05-25T21:00:00Z,2026-05-25T23:00:00+0200,0.0,MW,BE,BE,forecast_solar_generation,Solar,2026-06-20T07:43:41Z
2026-06-20T07:43:32Z,2026-06-20T09:43:32+0200,894e5e02-dbf3-4e88-b0f9-9832d5fa1169,2026-05-25T22:00:00Z,2026-05-26T00:00:00+0200,0.0,MW,BE,BE,forecast_solar_generation,Solar,2026-06-20T07:43:41Z
2026-06-20T07:43:32Z,2026-06-20T09:43:32+0200,894e5e02-dbf3-4e88-b0f9-9832d5fa1169,2026-05-25T23:00:00Z,2026-05-26T01:00:00+0200,0.0,MW,BE,BE,forecast_solar_generation,Solar,2026-06-20T07:43:41Z
2026-06-20T07:43:32Z,2026-06-20T09:43:32+0200,894e5e02-dbf3-4e88-b0f9-9832d5fa1169,2026-05-26T00:00:00Z,2026-05-26T02:00:00+0200,0.0,MW,BE,BE,forecast_solar_generation,Solar,2026-06-20T07:43:41Z
2026-06-20T07:43:32Z,2026-06-20T09:43:32+0200,894e5e02-dbf3-4e88-b0f9-9832d5fa1169,2026-05-26T01:00:00Z,2026-05-26T03:00:00+0200,0.0,MW,BE,BE,forecast_solar_generation,Solar,2026-06-20T07:43:41Z
2026-06-20T07:43:32Z,2026-06-20T09:43:32+0200,894e5e02-dbf3-4e88-b0f9-9832d5fa1169,2026-05-26T02:00:00Z,2026-05-26T04:00:00+0200,0.0,MW,BE,BE,forecast_solar_generation,Solar,2026-06-20T07:43:41Z
2026-06-20T07:43:32Z,2026-06-20T09:43:32+0200,894e5e02-dbf3-4e88-b0f9-9832d5fa1169,2026-05-26T03:00:00Z,2026-05-26T05:00:00+0200,12.275,MW,BE,BE,forecast_solar_generation,Solar,2026-06-20T07:43:41Z
2026-06-20T07:43:32Z,2026-06-20T09:43:32+0200,894e5e02-dbf3-4e88-b0f9-9832d5fa1169,2026-05-26T04:00:00Z,2026-05-26T06:00:00+0200,258.50275,MW,BE,BE,forecast_solar_generation,Solar,2026-06-20T07:43:41Z
2026-06-20T07:43:32Z,2026-06-20T09:43:32+0200,894e5e02-dbf3-4e88-b0f9-9832d5fa1169,2026-05-26T05:00:00Z,2026-05-26T07:00:00+0200,830.10325,MW,BE,BE,forecast_solar_generation,Solar,2026-06-20T07:43:41Z
2026-06-20T07:43:32Z,2026-06-20T09:43:32+0200,894e5e02-dbf3-4e88-b0f9-9832d5fa1169,2026-05-26T06:00:00Z,2026-05-26T08:00:00+0200,2426.010754,MW,BE,BE,forecast_solar_generation,Solar,2026-06-20T07:43:41Z
2026-06-20T07:43:32Z,2026-06-20T09:43:32+0200,894e5e02-dbf3-4e88-b0f9-9832d5fa1169,2026-05-26T07:00:00Z,2026-05-26T09:00:00+0200,4415.576997,MW,BE,BE,forecast_solar_generation,Solar,2026-06-20T07:43:41Z
2026-06-20T07:43:32Z,2026-06-20T09:43:32+0200,894e5e02-dbf3-4e88-b0f9-9832d5fa1169,2026-05-26T08:00:00Z,2026-05-26T10:00:00+0200,5972.696493,MW,BE,BE,forecast_solar_generation,Solar,2026-06-20T07:43:41Z
2026-06-20T07:43:32Z,2026-06-20T09:43:32+0200,894e5e02-dbf3-4e88-b0f9-9832d5fa1169,2026-05-26T09:00:00Z,2026-05-26T11:00:00+0200,7081.028006,MW,BE,BE,forecast_solar_generation,Solar,2026-06-20T07:43:41Z
2026-06-20T07:43:32Z,2026-06-20T09:43:32+0200,894e5e02-dbf3-4e88-b0f9-9832d5fa1169,2026-05-26T10:00:00Z,2026-05-26T12:00:00+0200,7792.763252,MW,BE,BE,forecast_solar_generation,Solar,2026-06-20T07:43:41Z
2026-06-20T07:43:32Z,2026-06-20T09:43:32+0200,894e5e02-dbf3-4e88-b0f9-9832d5fa1169,2026-05-26T11:00:00Z,2026-05-26T13:00:00+0200,8071.13773,MW,BE,BE,forecast_solar_generation,Solar,2026-06-20T07:43:41Z
2026-06-20T07:43:32Z,2026-06-20T09:43:32+0200,894e5e02-dbf3-4e88-b0f9-9832d5fa1169,2026-05-26T12:00:00Z,2026-05-26T14:00:00+0200,7937.338759,MW,BE,BE,forecast_solar_generation,Solar,2026-06-20T07:43:41Z
2026-06-20T07:43:32Z,2026-06-20T09:43:32+0200,894e5e02-dbf3-4e88-b0f9-9832d5fa1169,2026-05-26T13:00:00Z,2026-05-26T15:00:00+0200,7387.431756,MW,BE,BE,forecast_solar_generation,Solar,2026-06-20T07:43:41Z
2026-06-20T07:43:32Z,2026-06-20T09:43:32+0200,894e5e02-dbf3-4e88-b0f9-9832d5fa1169,2026-05-26T14:00:00Z,2026-05-26T16:00:00+0200,6364.946005,MW,BE,BE,forecast_solar_generation,Solar,2026-06-20T07:43:41Z
2026-06-20T07:43:32Z,2026-06-20T09:43:32+0200,894e5e02-dbf3-4e88-b0f9-9832d5fa1169,2026-05-26T15:00:00Z,2026-05-26T17:00:00+0200,4884.951256,MW,BE,BE,forecast_solar_generation,Solar,2026-06-20T07:43:41Z
2026-06-20T07:43:32Z,2026-06-20T09:43:32+0200,894e5e02-dbf3-4e88-b0f9-9832d5fa1169,2026-05-26T16:00:00Z,2026-05-26T18:00:00+0200,3002.370994,MW,BE,BE,forecast_solar_generation,Solar,2026-06-20T07:43:41Z
2026-06-20T07:43:32Z,2026-06-20T09:43:32+0200,894e5e02-dbf3-4e88-b0f9-9832d5fa1169,2026-05-26T17:00:00Z,2026-05-26T19:00:00+0200,1180.672251,MW,BE,BE,forecast_solar_generation,Solar,2026-06-20T07:43:41Z
2026-06-20T07:43:32Z,2026-06-20T09:43:32+0200,894e5e02-dbf3-4e88-b0f9-9832d5fa1169,2026-05-26T18:00:00Z,2026-05-26T20:00:00+0200,348.72825,MW,BE,BE,forecast_solar_generation,Solar,2026-06-20T07:43:41Z
2026-06-20T07:43:32Z,2026-06-20T09:43:32+0200,894e5e02-dbf3-4e88-b0f9-9832d5fa1169,2026-05-26T19:00:00Z,2026-05-26T21:00:00+0200,58.091,MW,BE,BE,forecast_solar_generation,Solar,2026-06-20T07:43:41Z
2026-06-20T07:43:32Z,2026-06-20T09:43:32+0200,894e5e02-dbf3-4e88-b0f9-9832d5fa1169,2026-05-26T20:00:00Z,2026-05-26T22:00:00+0200,0.0,MW,BE,BE,forecast_solar_generation,Solar,2026-06-20T07:43:41Z
2026-06-20T07:43:32Z,2026-06-20T09:43:32+0200,894e5e02-dbf3-4e88-b0f9-9832d5fa1169,2026-05-26T21:00:00Z,2026-05-26T23:00:00+0200,0.0,MW,BE,BE,forecast_solar_generation,Solar,2026-06-20T07:43:41Z
2026-06-20T07:43:32Z,2026-06-20T09:43:32+0200,894e5e02-dbf3-4e88-b0f9-9832d5fa1169,2026-05-26T22:00:00Z,2026-05-27T00:00:00+0200,0.0,MW,BE,BE,forecast_solar_generation,Solar,2026-06-20T07:43:41Z
2026-06-20T07:43:32Z,2026-06-20T09:43:32+0200,894e5e02-dbf3-4e88-b0f9-9832d5fa1169,2026-05-26T23:00:00Z,2026-05-27T01:00:00+0200,0.0,MW,BE,BE,forecast_solar_generation,Solar,2026-06-20T07:43:41Z
2026-06-20T07:43:32Z,2026-06-20T09:43:32+0200,894e5e02-dbf3-4e88-b0f9-9832d5fa1169,2026-05-27T00:00:00Z,2026-05-27T02:00:00+0200,0.0,MW,BE,BE,forecast_solar_generation,Solar,2026-06-20T07:43:41Z
2026-06-20T07:43:32Z,2026-06-20T09:43:32+0200,894e5e02-dbf3-4e88-b0f9-9832d5fa1169,2026-05-27T01:00:00Z,2026-05-27T03:00:00+0200,0.0,MW,BE,BE,forecast_solar_generation,Solar,2026-06-20T07:43:41Z
2026-06-20T07:43:32Z,2026-06-20T09:43:32+0200,894e5e02-dbf3-4e88-b0f9-9832d5fa1169,2026-05-27T02:00:00Z,2026-05-27T04:00:00+0200,0.0,MW,BE,BE,forecast_solar_generation,Solar,2026-06-20T07:43:41Z
2026-06-20T07:43:32Z,2026-06-20T09:43:32+0200,894e5e02-dbf3-4e88-b0f9-9832d5fa1169,2026-05-27T03:00:00Z,2026-05-27T05:00:00+0200,13.68375,MW,BE,BE,forecast_solar_generation,Solar,2026-06-20T07:43:41Z
2026-06-20T07:43:32Z,2026-06-20T09:43:32+0200,894e5e02-dbf3-4e88-b0f9-9832d5fa1169,2026-05-27T04:00:00Z,2026-05-27T06:00:00+0200,286.20725,MW,BE,BE,forecast_solar_generation,Solar,2026-06-20T07:43:41Z
2026-06-20T07:43:32Z,2026-06-20T09:43:32+0200,894e5e02-dbf3-4e88-b0f9-9832d5fa1169,2026-05-27T05:00:00Z,2026-05-27T07:00:00+0200,888.251248,MW,BE,BE,forecast_solar_generation,Solar,2026-06-20T07:43:41Z
2026-06-20T07:43:32Z,2026-06-20T09:43:32+0200,894e5e02-dbf3-4e88-b0f9-9832d5fa1169,2026-05-27T06:00:00Z,2026-05-27T08:00:00+0200,2392.43625,MW,BE,BE,forecast_solar_generation,Solar,2026-06-20T07:43:41Z
2026-06-20T07:43:32Z,2026-06-20T09:43:32+0200,894e5e02-dbf3-4e88-b0f9-9832d5fa1169,2026-05-27T07:00:00Z,2026-05-27T09:00:00+0200,4186.734498,MW,BE,BE,forecast_solar_generation,Solar,2026-06-20T07:43:41Z
2026-06-20T07:43:32Z,2026-06-20T09:43:32+0200,894e5e02-dbf3-4e88-b0f9-9832d5fa1169,2026-05-27T08:00:00Z,2026-05-27T10:00:00+0200,5595.203749,MW,BE,BE,forecast_solar_generation,Solar,2026-06-20T07:43:41Z
2026-06-20T07:43:32Z,2026-06-20T09:43:32+0200,894e5e02-dbf3-4e88-b0f9-9832d5fa1169,2026-05-27T09:00:00Z,2026-05-27T11:00:00+0200,6589.924743,MW,BE,BE,forecast_solar_generation,Solar,2026-06-20T07:43:41Z
2026-06-20T07:43:32Z,2026-06-20T09:43:32+0200,894e5e02-dbf3-4e88-b0f9-9832d5fa1169,2026-05-27T10:00:00Z,2026-05-27T12:00:00+0200,7279.077489,MW,BE,BE,forecast_solar_generation,Solar,2026-06-20T07:43:41Z
2026-06-20T07:43:32Z,2026-06-20T09:43:32+0200,894e5e02-dbf3-4e88-b0f9-9832d5fa1169,2026-05-27T11:00:00Z,2026-05-27T13:00:00+0200,7517.084508,MW,BE,BE,forecast_solar_generation,Solar,2026-06-20T07:43:41Z
2026-06-20T07:43:32Z,2026-06-20T09:43:32+0200,894e5e02-dbf3-4e88-b0f9-9832d5fa1169,2026-05-27T12:00:00Z,2026-05-27T14:00:00+0200,7350.146256,MW,BE,BE,forecast_solar_generation,Solar,2026-06-20T07:43:41Z
2026-06-20T07:43:32Z,2026-06-20T09:43:32+0200,894e5e02-dbf3-4e88-b0f9-9832d5fa1169,2026-05-27T13:00:00Z,2026-05-27T15:00:00+0200,6744.011497,MW,BE,BE,forecast_solar_generation,Solar,2026-06-20T07:43:41Z
2026-06-20T07:43:32Z,2026-06-20T09:43:32+0200,894e5e02-dbf3-4e88-b0f9-9832d5fa1169,2026-05-27T14:00:00Z,2026-05-27T16:00:00+0200,5797.084492,MW,BE,BE,forecast_solar_generation,Solar,2026-06-20T07:43:41Z
2026-06-20T07:43:32Z,2026-06-20T09:43:32+0200,894e5e02-dbf3-4e88-b0f9-9832d5fa1169,2026-05-27T15:00:00Z,2026-05-27T17:00:00+0200,4544.321996,MW,BE,BE,forecast_solar_generation,Solar,2026-06-20T07:43:41Z
2026-06-20T07:43:32Z,2026-06-20T09:43:32+0200,894e5e02-dbf3-4e88-b0f9-9832d5fa1169,2026-05-27T16:00:00Z,2026-05-27T18:00:00+0200,2854.53175,MW,BE,BE,forecast_solar_generation,Solar,2026-06-20T07:43:41Z
2026-06-20T07:43:32Z,2026-06-20T09:43:32+0200,894e5e02-dbf3-4e88-b0f9-9832d5fa1169,2026-05-27T17:00:00Z,2026-05-27T19:00:00+0200,1229.897,MW,BE,BE,forecast_solar_generation,Solar,2026-06-20T07:43:41Z
2026-06-20T07:43:32Z,2026-06-20T09:43:32+0200,894e5e02-dbf3-4e88-b0f9-9832d5fa1169,2026-05-27T18:00:00Z,2026-05-27T20:00:00+0200,418.3855,MW,BE,BE,forecast_solar_generation,Solar,2026-06-20T07:43:41Z
2026-06-20T07:43:32Z,2026-06-20T09:43:32+0200,894e5e02-dbf3-4e88-b0f9-9832d5fa1169,2026-05-27T19:00:00Z,2026-05-27T21:00:00+0200,67.835,MW,BE,BE,forecast_solar_generation,Solar,2026-06-20T07:43:41Z
2026-06-20T07:43:32Z,2026-06-20T09:43:32+0200,894e5e02-dbf3-4e88-b0f9-9832d5fa1169,2026-05-27T20:00:00Z,2026-05-27T22:00:00+0200,0.0,MW,BE,BE,forecast_solar_generation,Solar,2026-06-20T07:43:41Z
2026-06-20T07:43:32Z,2026-06-20T09:43:32+0200,894e5e02-dbf3-4e88-b0f9-9832d5fa1169,2026-05-27T21:00:00Z,2026-05-27T23:00:00+0200,0.0,MW,BE,BE,forecast_solar_generation,Solar,2026-06-20T07:43:41Z
2026-06-20T07:43:32Z,2026-06-20T09:43:32+0200,894e5e02-dbf3-4e88-b0f9-9832d5fa1169,2026-05-27T22:00:00Z,2026-05-28T00:00:00+0200,0.0,MW,BE,BE,forecast_solar_generation,Solar,2026-06-20T07:43:41Z
2026-06-20T07:43:32Z,2026-06-20T09:43:32+0200,894e5e02-dbf3-4e88-b0f9-9832d5fa1169,2026-05-27T23:00:00Z,2026-05-28T01:00:00+0200,0.0,MW,BE,BE,forecast_solar_generation,Solar,2026-06-20T07:43:41Z
2026-06-20T07:43:32Z,2026-06-20T09:43:32+0200,894e5e02-dbf3-4e88-b0f9-9832d5fa1169,2026-05-28T00:00:00Z,2026-05-28T02:00:00+0200,0.0,MW,BE,BE,forecast_solar_generation,Solar,2026-06-20T07:43:41Z
2026-06-20T07:43:32Z,2026-06-20T09:43:32+0200,894e5e02-dbf3-4e88-b0f9-9832d5fa1169,2026-05-28T01:00:00Z,2026-05-28T03:00:00+0200,0.0,MW,BE,BE,forecast_solar_generation,Solar,2026-06-20T07:43:41Z
2026-06-20T07:43:32Z,2026-06-20T09:43:32+0200,894e5e02-dbf3-4e88-b0f9-9832d5fa1169,2026-05-28T02:00:00Z,2026-05-28T04:00:00+0200,0.0,MW,BE,BE,forecast_solar_generation,Solar,2026-06-20T07:43:41Z
2026-06-20T07:43:32Z,2026-06-20T09:43:32+0200,894e5e02-dbf3-4e88-b0f9-9832d5fa1169,2026-05-28T03:00:00Z,2026-05-28T05:00:00+0200,15.0995,MW,BE,BE,forecast_solar_generation,Solar,2026-06-20T07:43:41Z
2026-06-20T07:43:32Z,2026-06-20T09:43:32+0200,894e5e02-dbf3-4e88-b0f9-9832d5fa1169,2026-05-28T04:00:00Z,2026-05-28T06:00:00+0200,290.44525,MW,BE,BE,forecast_solar_generation,Solar,2026-06-20T07:43:41Z
2026-06-20T07:43:32Z,2026-06-20T09:43:32+0200,894e5e02-dbf3-4e88-b0f9-9832d5fa1169,2026-05-28T05:00:00Z,2026-05-28T07:00:00+0200,889.83325,MW,BE,BE,forecast_solar_generation,Solar,2026-06-20T07:43:41Z
2026-06-20T07:43:32Z,2026-06-20T09:43:32+0200,894e5e02-dbf3-4e88-b0f9-9832d5fa1169,2026-05-28T06:00:00Z,2026-05-28T08:00:00+0200,2413.428998,MW,BE,BE,forecast_solar_generation,Solar,2026-06-20T07:43:41Z
2026-06-20T07:43:32Z,2026-06-20T09:43:32+0200,894e5e02-dbf3-4e88-b0f9-9832d5fa1169,2026-05-28T07:00:00Z,2026-05-28T09:00:00+0200,4283.734745,MW,BE,BE,forecast_solar_generation,Solar,2026-06-20T07:43:41Z
2026-06-20T07:43:32Z,2026-06-20T09:43:32+0200,894e5e02-dbf3-4e88-b0f9-9832d5fa1169,2026-05-28T08:00:00Z,2026-05-28T10:00:00+0200,5775.420998,MW,BE,BE,forecast_solar_generation,Solar,2026-06-20T07:43:41Z
2026-06-20T07:43:32Z,2026-06-20T09:43:32+0200,894e5e02-dbf3-4e88-b0f9-9832d5fa1169,2026-05-28T09:00:00Z,2026-05-28T11:00:00+0200,6878.630747,MW,BE,BE,forecast_solar_generation,Solar,2026-06-20T07:43:41Z
2026-06-20T07:43:32Z,2026-06-20T09:43:32+0200,894e5e02-dbf3-4e88-b0f9-9832d5fa1169,2026-05-28T10:00:00Z,2026-05-28T12:00:00+0200,7645.935982,MW,BE,BE,forecast_solar_generation,Solar,2026-06-20T07:43:41Z
2026-06-20T07:43:32Z,2026-06-20T09:43:32+0200,894e5e02-dbf3-4e88-b0f9-9832d5fa1169,2026-05-28T11:00:00Z,2026-05-28T13:00:00+0200,7938.550749,MW,BE,BE,forecast_solar_generation,Solar,2026-06-20T07:43:41Z
2026-06-20T07:43:32Z,2026-06-20T09:43:32+0200,894e5e02-dbf3-4e88-b0f9-9832d5fa1169,2026-05-28T12:00:00Z,2026-05-28T14:00:00+0200,7800.493001,MW,BE,BE,forecast_solar_generation,Solar,2026-06-20T07:43:41Z
2026-06-20T07:43:32Z,2026-06-20T09:43:32+0200,894e5e02-dbf3-4e88-b0f9-9832d5fa1169,2026-05-28T13:00:00Z,2026-05-28T15:00:00+0200,7180.357508,MW,BE,BE,forecast_solar_generation,Solar,2026-06-20T07:43:41Z
2026-06-20T07:43:32Z,2026-06-20T09:43:32+0200,894e5e02-dbf3-4e88-b0f9-9832d5fa1169,2026-05-28T14:00:00Z,2026-05-28T16:00:00+0200,6097.600506,MW,BE,BE,forecast_solar_generation,Solar,2026-06-20T07:43:41Z
2026-06-20T07:43:32Z,2026-06-20T09:43:32+0200,894e5e02-dbf3-4e88-b0f9-9832d5fa1169,2026-05-28T15:00:00Z,2026-05-28T17:00:00+0200,4683.416253,MW,BE,BE,forecast_solar_generation,Solar,2026-06-20T07:43:41Z
2026-06-20T07:43:32Z,2026-06-20T09:43:32+0200,894e5e02-dbf3-4e88-b0f9-9832d5fa1169,2026-05-28T16:00:00Z,2026-05-28T18:00:00+0200,2855.069504,MW,BE,BE,forecast_solar_generation,Solar,2026-06-20T07:43:41Z
2026-06-20T07:43:32Z,2026-06-20T09:43:32+0200,894e5e02-dbf3-4e88-b0f9-9832d5fa1169,2026-05-28T17:00:00Z,2026-05-28T19:00:00+0200,1235.702749,MW,BE,BE,forecast_solar_generation,Solar,2026-06-20T07:43:41Z
2026-06-20T07:43:32Z,2026-06-20T09:43:32+0200,894e5e02-dbf3-4e88-b0f9-9832d5fa1169,2026-05-28T18:00:00Z,2026-05-28T20:00:00+0200,437.1785,MW,BE,BE,forecast_solar_generation,Solar,2026-06-20T07:43:41Z
2026-06-20T07:43:32Z,2026-06-20T09:43:32+0200,894e5e02-dbf3-4e88-b0f9-9832d5fa1169,2026-05-28T19:00:00Z,2026-05-28T21:00:00+0200,72.602,MW,BE,BE,forecast_solar_generation,Solar,2026-06-20T07:43:41Z
2026-06-20T07:43:32Z,2026-06-20T09:43:32+0200,894e5e02-dbf3-4e88-b0f9-9832d5fa1169,2026-05-28T20:00:00Z,2026-05-28T22:00:00+0200,0.0,MW,BE,BE,forecast_solar_generation,Solar,2026-06-20T07:43:41Z
2026-06-20T07:43:32Z,2026-06-20T09:43:32+0200,894e5e02-dbf3-4e88-b0f9-9832d5fa1169,2026-05-28T21:00:00Z,2026-05-28T23:00:00+0200,0.0,MW,BE,BE,forecast_solar_generation,Solar,2026-06-20T07:43:41Z
2026-06-20T07:43:32Z,2026-06-20T09:43:32+0200,894e5e02-dbf3-4e88-b0f9-9832d5fa1169,2026-05-28T22:00:00Z,2026-05-29T00:00:00+0200,0.0,MW,BE,BE,forecast_solar_generation,Solar,2026-06-20T07:43:41Z
2026-06-20T07:43:32Z,2026-06-20T09:43:32+0200,894e5e02-dbf3-4e88-b0f9-9832d5fa1169,2026-05-28T23:00:00Z,2026-05-29T01:00:00+0200,0.0,MW,BE,BE,forecast_solar_generation,Solar,2026-06-20T07:43:41Z
2026-06-20T07:43:32Z,2026-06-20T09:43:32+0200,894e5e02-dbf3-4e88-b0f9-9832d5fa1169,2026-05-29T00:00:00Z,2026-05-29T02:00:00+0200,0.0,MW,BE,BE,forecast_solar_generation,Solar,2026-06-20T07:43:41Z
2026-06-20T07:43:32Z,2026-06-20T09:43:32+0200,894e5e02-dbf3-4e88-b0f9-9832d5fa1169,2026-05-29T01:00:00Z,2026-05-29T03:00:00+0200,0.0,MW,BE,BE,forecast_solar_generation,Solar,2026-06-20T07:43:41Z
2026-06-20T07:43:32Z,2026-06-20T09:43:32+0200,894e5e02-dbf3-4e88-b0f9-9832d5fa1169,2026-05-29T02:00:00Z,2026-05-29T04:00:00+0200,0.0,MW,BE,BE,forecast_solar_generation,Solar,2026-06-20T07:43:41Z
2026-06-20T07:43:32Z,2026-06-20T09:43:32+0200,894e5e02-dbf3-4e88-b0f9-9832d5fa1169,2026-05-29T03:00:00Z,2026-05-29T05:00:00+0200,15.0095,MW,BE,BE,forecast_solar_generation,Solar,2026-06-20T07:43:41Z
2026-06-20T07:43:32Z,2026-06-20T09:43:32+0200,894e5e02-dbf3-4e88-b0f9-9832d5fa1169,2026-05-29T04:00:00Z,2026-05-29T06:00:00+0200,336.15225,MW,BE,BE,forecast_solar_generation,Solar,2026-06-20T07:43:41Z
2026-06-20T07:43:32Z,2026-06-20T09:43:32+0200,894e5e02-dbf3-4e88-b0f9-9832d5fa1169,2026-05-29T05:00:00Z,2026-05-29T07:00:00+0200,999.99425,MW,BE,BE,forecast_solar_generation,Solar,2026-06-20T07:43:41Z
2026-06-20T07:43:32Z,2026-06-20T09:43:32+0200,894e5e02-dbf3-4e88-b0f9-9832d5fa1169,2026-05-29T06:00:00Z,2026-05-29T08:00:00+0200,2227.144252,MW,BE,BE,forecast_solar_generation,Solar,2026-06-20T07:43:41Z
2026-06-20T07:43:32Z,2026-06-20T09:43:32+0200,894e5e02-dbf3-4e88-b0f9-9832d5fa1169,2026-05-29T07:00:00Z,2026-05-29T09:00:00+0200,3799.7555,MW,BE,BE,forecast_solar_generation,Solar,2026-06-20T07:43:41Z
2026-06-20T07:43:32Z,2026-06-20T09:43:32+0200,894e5e02-dbf3-4e88-b0f9-9832d5fa1169,2026-05-29T08:00:00Z,2026-05-29T10:00:00+0200,5159.5545,MW,BE,BE,forecast_solar_generation,Solar,2026-06-20T07:43:41Z
2026-06-20T07:43:32Z,2026-06-20T09:43:32+0200,894e5e02-dbf3-4e88-b0f9-9832d5fa1169,2026-05-29T09:00:00Z,2026-05-29T11:00:00+0200,6013.106762,MW,BE,BE,forecast_solar_generation,Solar,2026-06-20T07:43:41Z
2026-06-20T07:43:32Z,2026-06-20T09:43:32+0200,894e5e02-dbf3-4e88-b0f9-9832d5fa1169,2026-05-29T10:00:00Z,2026-05-29T12:00:00+0200,6524.997755,MW,BE,BE,forecast_solar_generation,Solar,2026-06-20T07:43:41Z
2026-06-20T07:43:32Z,2026-06-20T09:43:32+0200,894e5e02-dbf3-4e88-b0f9-9832d5fa1169,2026-05-29T11:00:00Z,2026-05-29T13:00:00+0200,6549.008492,MW,BE,BE,forecast_solar_generation,Solar,2026-06-20T07:43:41Z
2026-06-20T07:43:32Z,2026-06-20T09:43:32+0200,894e5e02-dbf3-4e88-b0f9-9832d5fa1169,2026-05-29T12:00:00Z,2026-05-29T14:00:00+0200,6026.196247,MW,BE,BE,forecast_solar_generation,Solar,2026-06-20T07:43:41Z
2026-06-20T07:43:32Z,2026-06-20T09:43:32+0200,894e5e02-dbf3-4e88-b0f9-9832d5fa1169,2026-05-29T13:00:00Z,2026-05-29T15:00:00+0200,5035.112755,MW,BE,BE,forecast_solar_generation,Solar,2026-06-20T07:43:41Z
2026-06-20T07:43:32Z,2026-06-20T09:43:32+0200,894e5e02-dbf3-4e88-b0f9-9832d5fa1169,2026-05-29T14:00:00Z,2026-05-29T16:00:00+0200,3950.512501,MW,BE,BE,forecast_solar_generation,Solar,2026-06-20T07:43:41Z
2026-06-20T07:43:32Z,2026-06-20T09:43:32+0200,894e5e02-dbf3-4e88-b0f9-9832d5fa1169,2026-05-29T15:00:00Z,2026-05-29T17:00:00+0200,2895.355751,MW,BE,BE,forecast_solar_generation,Solar,2026-06-20T07:43:41Z
2026-06-20T07:43:32Z,2026-06-20T09:43:32+0200,894e5e02-dbf3-4e88-b0f9-9832d5fa1169,2026-05-29T16:00:00Z,2026-05-29T18:00:00+0200,1886.113251,MW,BE,BE,forecast_solar_generation,Solar,2026-06-20T07:43:41Z
2026-06-20T07:43:32Z,2026-06-20T09:43:32+0200,894e5e02-dbf3-4e88-b0f9-9832d5fa1169,2026-05-29T17:00:00Z,2026-05-29T19:00:00+0200,1110.543749,MW,BE,BE,forecast_solar_generation,Solar,2026-06-20T07:43:41Z
2026-06-20T07:43:32Z,2026-06-20T09:43:32+0200,894e5e02-dbf3-4e88-b0f9-9832d5fa1169,2026-05-29T18:00:00Z,2026-05-29T20:00:00+0200,481.865,MW,BE,BE,forecast_solar_generation,Solar,2026-06-20T07:43:41Z
2026-06-20T07:43:32Z,2026-06-20T09:43:32+0200,894e5e02-dbf3-4e88-b0f9-9832d5fa1169,2026-05-29T19:00:00Z,2026-05-29T21:00:00+0200,57.6035,MW,BE,BE,forecast_solar_generation,Solar,2026-06-20T07:43:41Z
2026-06-20T07:43:32Z,2026-06-20T09:43:32+0200,894e5e02-dbf3-4e88-b0f9-9832d5fa1169,2026-05-29T20:00:00Z,2026-05-29T22:00:00+0200,0.0,MW,BE,BE,forecast_solar_generation,Solar,2026-06-20T07:43:41Z
2026-06-20T07:43:32Z,2026-06-20T09:43:32+0200,894e5e02-dbf3-4e88-b0f9-9832d5fa1169,2026-05-29T21:00:00Z,2026-05-29T23:00:00+0200,0.0,MW,BE,BE,forecast_solar_generation,Solar,2026-06-20T07:43:41Z
2026-06-20T07:43:32Z,2026-06-20T09:43:32+0200,894e5e02-dbf3-4e88-b0f9-9832d5fa1169,2026-05-29T22:00:00Z,2026-05-30T00:00:00+0200,0.0,MW,BE,BE,forecast_solar_generation,Solar,2026-06-20T07:43:41Z
2026-06-20T07:43:32Z,2026-06-20T09:43:32+0200,894e5e02-dbf3-4e88-b0f9-9832d5fa1169,2026-05-29T23:00:00Z,2026-05-30T01:00:00+0200,0.0,MW,BE,BE,forecast_solar_generation,Solar,2026-06-20T07:43:41Z
2026-06-20T07:43:32Z,2026-06-20T09:43:32+0200,894e5e02-dbf3-4e88-b0f9-9832d5fa1169,2026-05-30T00:00:00Z,2026-05-30T02:00:00+0200,0.0,MW,BE,BE,forecast_solar_generation,Solar,2026-06-20T07:43:41Z
2026-06-20T07:43:32Z,2026-06-20T09:43:32+0200,894e5e02-dbf3-4e88-b0f9-9832d5fa1169,2026-05-30T01:00:00Z,2026-05-30T03:00:00+0200,0.0,MW,BE,BE,forecast_solar_generation,Solar,2026-06-20T07:43:41Z
2026-06-20T07:43:32Z,2026-06-20T09:43:32+0200,894e5e02-dbf3-4e88-b0f9-9832d5fa1169,2026-05-30T02:00:00Z,2026-05-30T04:00:00+0200,0.0,MW,BE,BE,forecast_solar_generation,Solar,2026-06-20T07:43:41Z
2026-06-20T07:43:32Z,2026-06-20T09:43:32+0200,894e5e02-dbf3-4e88-b0f9-9832d5fa1169,2026-05-30T03:00:00Z,2026-05-30T05:00:00+0200,14.15,MW,BE,BE,forecast_solar_generation,Solar,2026-06-20T07:43:41Z
2026-06-20T07:43:32Z,2026-06-20T09:43:32+0200,894e5e02-dbf3-4e88-b0f9-9832d5fa1169,2026-05-30T04:00:00Z,2026-05-30T06:00:00+0200,328.282249,MW,BE,BE,forecast_solar_generation,Solar,2026-06-20T07:43:41Z
2026-06-20T07:43:32Z,2026-06-20T09:43:32+0200,894e5e02-dbf3-4e88-b0f9-9832d5fa1169,2026-05-30T05:00:00Z,2026-05-30T07:00:00+0200,985.67375,MW,BE,BE,forecast_solar_generation,Solar,2026-06-20T07:43:41Z
2026-06-20T07:43:32Z,2026-06-20T09:43:32+0200,894e5e02-dbf3-4e88-b0f9-9832d5fa1169,2026-05-30T06:00:00Z,2026-05-30T08:00:00+0200,2049.323501,MW,BE,BE,forecast_solar_generation,Solar,2026-06-20T07:43:41Z
2026-06-20T07:43:32Z,2026-06-20T09:43:32+0200,894e5e02-dbf3-4e88-b0f9-9832d5fa1169,2026-05-30T07:00:00Z,2026-05-30T09:00:00+0200,3394.627002,MW,BE,BE,forecast_solar_generation,Solar,2026-06-20T07:43:41Z
2026-06-20T07:43:32Z,2026-06-20T09:43:32+0200,894e5e02-dbf3-4e88-b0f9-9832d5fa1169,2026-05-30T08:00:00Z,2026-05-30T10:00:00+0200,4740.149497,MW,BE,BE,forecast_solar_generation,Solar,2026-06-20T07:43:41Z
2026-06-20T07:43:32Z,2026-06-20T09:43:32+0200,894e5e02-dbf3-4e88-b0f9-9832d5fa1169,2026-05-30T09:00:00Z,2026-05-30T11:00:00+0200,5909.510996,MW,BE,BE,forecast_solar_generation,Solar,2026-06-20T07:43:41Z
2026-06-20T07:43:32Z,2026-06-20T09:43:32+0200,894e5e02-dbf3-4e88-b0f9-9832d5fa1169,2026-05-30T10:00:00Z,2026-05-30T12:00:00+0200,6805.234491,MW,BE,BE,forecast_solar_generation,Solar,2026-06-20T07:43:41Z
2026-06-20T07:43:32Z,2026-06-20T09:43:32+0200,894e5e02-dbf3-4e88-b0f9-9832d5fa1169,2026-05-30T11:00:00Z,2026-05-30T13:00:00+0200,7186.549245,MW,BE,BE,forecast_solar_generation,Solar,2026-06-20T07:43:41Z
2026-06-20T07:43:32Z,2026-06-20T09:43:32+0200,894e5e02-dbf3-4e88-b0f9-9832d5fa1169,2026-05-30T12:00:00Z,2026-05-30T14:00:00+0200,7090.595999,MW,BE,BE,forecast_solar_generation,Solar,2026-06-20T07:43:41Z
2026-06-20T07:43:32Z,2026-06-20T09:43:32+0200,894e5e02-dbf3-4e88-b0f9-9832d5fa1169,2026-05-30T13:00:00Z,2026-05-30T15:00:00+0200,6506.909239,MW,BE,BE,forecast_solar_generation,Solar,2026-06-20T07:43:41Z
2026-06-20T07:43:32Z,2026-06-20T09:43:32+0200,894e5e02-dbf3-4e88-b0f9-9832d5fa1169,2026-05-30T14:00:00Z,2026-05-30T16:00:00+0200,5485.498747,MW,BE,BE,forecast_solar_generation,Solar,2026-06-20T07:43:41Z
2026-06-20T07:43:32Z,2026-06-20T09:43:32+0200,894e5e02-dbf3-4e88-b0f9-9832d5fa1169,2026-05-30T15:00:00Z,2026-05-30T17:00:00+0200,4142.231748,MW,BE,BE,forecast_solar_generation,Solar,2026-06-20T07:43:41Z
2026-06-20T07:43:32Z,2026-06-20T09:43:32+0200,894e5e02-dbf3-4e88-b0f9-9832d5fa1169,2026-05-30T16:00:00Z,2026-05-30T18:00:00+0200,2575.06425,MW,BE,BE,forecast_solar_generation,Solar,2026-06-20T07:43:41Z
2026-06-20T07:43:32Z,2026-06-20T09:43:32+0200,894e5e02-dbf3-4e88-b0f9-9832d5fa1169,2026-05-30T17:00:00Z,2026-05-30T19:00:00+0200,1257.6885,MW,BE,BE,forecast_solar_generation,Solar,2026-06-20T07:43:41Z
2026-06-20T07:43:32Z,2026-06-20T09:43:32+0200,894e5e02-dbf3-4e88-b0f9-9832d5fa1169,2026-05-30T18:00:00Z,2026-05-30T20:00:00+0200,509.48375,MW,BE,BE,forecast_solar_generation,Solar,2026-06-20T07:43:41Z
2026-06-20T07:43:32Z,2026-06-20T09:43:32+0200,894e5e02-dbf3-4e88-b0f9-9832d5fa1169,2026-05-30T19:00:00Z,2026-05-30T21:00:00+0200,76.830749,MW,BE,BE,forecast_solar_generation,Solar,2026-06-20T07:43:41Z
2026-06-20T07:43:32Z,2026-06-20T09:43:32+0200,894e5e02-dbf3-4e88-b0f9-9832d5fa1169,2026-05-30T20:00:00Z,2026-05-30T22:00:00+0200,0.0,MW,BE,BE,forecast_solar_generation,Solar,2026-06-20T07:43:41Z
2026-06-20T07:43:32Z,2026-06-20T09:43:32+0200,894e5e02-dbf3-4e88-b0f9-9832d5fa1169,2026-05-30T21:00:00Z,2026-05-30T23:00:00+0200,0.0,MW,BE,BE,forecast_solar_generation,Solar,2026-06-20T07:43:41Z
2026-06-20T07:43:32Z,2026-06-20T09:43:32+0200,894e5e02-dbf3-4e88-b0f9-9832d5fa1169,2026-05-30T22:00:00Z,2026-05-31T00:00:00+0200,0.0,MW,BE,BE,forecast_solar_generation,Solar,2026-06-20T07:43:41Z
2026-06-20T07:43:32Z,2026-06-20T09:43:32+0200,894e5e02-dbf3-4e88-b0f9-9832d5fa1169,2026-05-30T23:00:00Z,2026-05-31T01:00:00+0200,0.0,MW,BE,BE,forecast_solar_generation,Solar,2026-06-20T07:43:41Z
2026-06-20T07:43:32Z,2026-06-20T09:43:32+0200,894e5e02-dbf3-4e88-b0f9-9832d5fa1169,2026-05-31T00:00:00Z,2026-05-31T02:00:00+0200,0.0,MW,BE,BE,forecast_solar_generation,Solar,2026-06-20T07:43:41Z
2026-06-20T07:43:32Z,2026-06-20T09:43:32+0200,894e5e02-dbf3-4e88-b0f9-9832d5fa1169,2026-05-31T01:00:00Z,2026-05-31T03:00:00+0200,0.0,MW,BE,BE,forecast_solar_generation,Solar,2026-06-20T07:43:41Z
2026-06-20T07:43:32Z,2026-06-20T09:43:32+0200,894e5e02-dbf3-4e88-b0f9-9832d5fa1169,2026-05-31T02:00:00Z,2026-05-31T04:00:00+0200,0.0,MW,BE,BE,forecast_solar_generation,Solar,2026-06-20T07:43:41Z
2026-06-20T07:43:32Z,2026-06-20T09:43:32+0200,894e5e02-dbf3-4e88-b0f9-9832d5fa1169,2026-05-31T03:00:00Z,2026-05-31T05:00:00+0200,15.8575,MW,BE,BE,forecast_solar_generation,Solar,2026-06-20T07:43:41Z
2026-06-20T07:43:32Z,2026-06-20T09:43:32+0200,894e5e02-dbf3-4e88-b0f9-9832d5fa1169,2026-05-31T04:00:00Z,2026-05-31T06:00:00+0200,342.573751,MW,BE,BE,forecast_solar_generation,Solar,2026-06-20T07:43:41Z
2026-06-20T07:43:32Z,2026-06-20T09:43:32+0200,894e5e02-dbf3-4e88-b0f9-9832d5fa1169,2026-05-31T05:00:00Z,2026-05-31T07:00:00+0200,1001.641248,MW,BE,BE,forecast_solar_generation,Solar,2026-06-20T07:43:41Z
2026-06-20T07:43:32Z,2026-06-20T09:43:32+0200,894e5e02-dbf3-4e88-b0f9-9832d5fa1169,2026-05-31T06:00:00Z,2026-05-31T08:00:00+0200,2084.9045,MW,BE,BE,forecast_solar_generation,Solar,2026-06-20T07:43:41Z
2026-06-20T07:43:32Z,2026-06-20T09:43:32+0200,894e5e02-dbf3-4e88-b0f9-9832d5fa1169,2026-05-31T07:00:00Z,2026-05-31T09:00:00+0200,3389.84525,MW,BE,BE,forecast_solar_generation,Solar,2026-06-20T07:43:41Z
2026-06-20T07:43:32Z,2026-06-20T09:43:32+0200,894e5e02-dbf3-4e88-b0f9-9832d5fa1169,2026-05-31T08:00:00Z,2026-05-31T10:00:00+0200,4293.45475,MW,BE,BE,forecast_solar_generation,Solar,2026-06-20T07:43:41Z
2026-06-20T07:43:32Z,2026-06-20T09:43:32+0200,894e5e02-dbf3-4e88-b0f9-9832d5fa1169,2026-05-31T09:00:00Z,2026-05-31T11:00:00+0200,4794.096998,MW,BE,BE,forecast_solar_generation,Solar,2026-06-20T07:43:41Z
2026-06-20T07:43:32Z,2026-06-20T09:43:32+0200,894e5e02-dbf3-4e88-b0f9-9832d5fa1169,2026-05-31T10:00:00Z,2026-05-31T12:00:00+0200,4946.647003,MW,BE,BE,forecast_solar_generation,Solar,2026-06-20T07:43:41Z
2026-06-20T07:43:32Z,2026-06-20T09:43:32+0200,894e5e02-dbf3-4e88-b0f9-9832d5fa1169,2026-05-31T11:00:00Z,2026-05-31T13:00:00+0200,4723.468741,MW,BE,BE,forecast_solar_generation,Solar,2026-06-20T07:43:41Z
2026-06-20T07:43:32Z,2026-06-20T09:43:32+0200,894e5e02-dbf3-4e88-b0f9-9832d5fa1169,2026-05-31T12:00:00Z,2026-05-31T14:00:00+0200,4160.868748,MW,BE,BE,forecast_solar_generation,Solar,2026-06-20T07:43:41Z
2026-06-20T07:43:32Z,2026-06-20T09:43:32+0200,894e5e02-dbf3-4e88-b0f9-9832d5fa1169,2026-05-31T13:00:00Z,2026-05-31T15:00:00+0200,3401.079746,MW,BE,BE,forecast_solar_generation,Solar,2026-06-20T07:43:41Z
2026-06-20T07:43:32Z,2026-06-20T09:43:32+0200,894e5e02-dbf3-4e88-b0f9-9832d5fa1169,2026-05-31T14:00:00Z,2026-05-31T16:00:00+0200,2766.895505,MW,BE,BE,forecast_solar_generation,Solar,2026-06-20T07:43:41Z
2026-06-20T07:43:32Z,2026-06-20T09:43:32+0200,894e5e02-dbf3-4e88-b0f9-9832d5fa1169,2026-05-31T15:00:00Z,2026-05-31T17:00:00+0200,2292.180747,MW,BE,BE,forecast_solar_generation,Solar,2026-06-20T07:43:41Z
2026-06-20T07:43:32Z,2026-06-20T09:43:32+0200,894e5e02-dbf3-4e88-b0f9-9832d5fa1169,2026-05-31T16:00:00Z,2026-05-31T18:00:00+0200,1803.510749,MW,BE,BE,forecast_solar_generation,Solar,2026-06-20T07:43:41Z
2026-06-20T07:43:32Z,2026-06-20T09:43:32+0200,894e5e02-dbf3-4e88-b0f9-9832d5fa1169,2026-05-31T17:00:00Z,2026-05-31T19:00:00+0200,1158.599749,MW,BE,BE,forecast_solar_generation,Solar,2026-06-20T07:43:41Z
2026-06-20T07:43:32Z,2026-06-20T09:43:32+0200,894e5e02-dbf3-4e88-b0f9-9832d5fa1169,2026-05-31T18:00:00Z,2026-05-31T20:00:00+0200,519.041499,MW,BE,BE,forecast_solar_generation,Solar,2026-06-20T07:43:41Z
2026-06-20T07:43:32Z,2026-06-20T09:43:32+0200,894e5e02-dbf3-4e88-b0f9-9832d5fa1169,2026-05-31T19:00:00Z,2026-05-31T21:00:00+0200,73.082,MW,BE,BE,forecast_solar_generation,Solar,2026-06-20T07:43:41Z
2026-06-20T07:43:32Z,2026-06-20T09:43:32+0200,894e5e02-dbf3-4e88-b0f9-9832d5fa1169,2026-05-31T20:00:00Z,2026-05-31T22:00:00+0200,0.0,MW,BE,BE,forecast_solar_generation,Solar,2026-06-20T07:43:41Z
2026-06-20T07:43:32Z,2026-06-20T09:43:32+0200,894e5e02-dbf3-4e88-b0f9-9832d5fa1169,2026-05-31T21:00:00Z,2026-05-31T23:00:00+0200,0.0,MW,BE,BE,forecast_solar_generation,Solar,2026-06-20T07:43:41Z
2026-06-20T07:43:32Z,2026-06-20T09:43:32+0200,894e5e02-dbf3-4e88-b0f9-9832d5fa1169,2026-05-31T22:00:00Z,2026-06-01T00:00:00+0200,0.0,MW,BE,BE,forecast_solar_generation,Solar,2026-06-20T07:43:41Z
2026-06-20T07:43:32Z,2026-06-20T09:43:32+0200,894e5e02-dbf3-4e88-b0f9-9832d5fa1169,2026-05-31T23:00:00Z,2026-06-01T01:00:00+0200,0.0,MW,BE,BE,forecast_solar_generation,Solar,2026-06-20T07:43:41Z
2026-06-20T07:43:32Z,2026-06-20T09:43:32+0200,894e5e02-dbf3-4e88-b0f9-9832d5fa1169,2026-06-01T00:00:00Z,2026-06-01T02:00:00+0200,0.0,MW,BE,BE,forecast_solar_generation,Solar,2026-06-20T07:43:41Z
2026-06-20T07:43:32Z,2026-06-20T09:43:32+0200,894e5e02-dbf3-4e88-b0f9-9832d5fa1169,2026-06-01T01:00:00Z,2026-06-01T03:00:00+0200,0.0,MW,BE,BE,forecast_solar_generation,Solar,2026-06-20T07:43:41Z
2026-06-20T07:43:32Z,2026-06-20T09:43:32+0200,894e5e02-dbf3-4e88-b0f9-9832d5fa1169,2026-06-01T02:00:00Z,2026-06-01T04:00:00+0200,0.0,MW,BE,BE,forecast_solar_generation,Solar,2026-06-20T07:43:41Z
2026-06-20T07:43:32Z,2026-06-20T09:43:32+0200,894e5e02-dbf3-4e88-b0f9-9832d5fa1169,2026-06-01T03:00:00Z,2026-06-01T05:00:00+0200,19.7785,MW,BE,BE,forecast_solar_generation,Solar,2026-06-20T07:43:41Z
2026-06-20T07:43:32Z,2026-06-20T09:43:32+0200,894e5e02-dbf3-4e88-b0f9-9832d5fa1169,2026-06-01T04:00:00Z,2026-06-01T06:00:00+0200,334.2715,MW,BE,BE,forecast_solar_generation,Solar,2026-06-20T07:43:41Z
2026-06-20T07:43:32Z,2026-06-20T09:43:32+0200,894e5e02-dbf3-4e88-b0f9-9832d5fa1169,2026-06-01T05:00:00Z,2026-06-01T07:00:00+0200,966.266,MW,BE,BE,forecast_solar_generation,Solar,2026-06-20T07:43:41Z
2026-06-20T07:43:32Z,2026-06-20T09:43:32+0200,894e5e02-dbf3-4e88-b0f9-9832d5fa1169,2026-06-01T06:00:00Z,2026-06-01T08:00:00+0200,2326.199247,MW,BE,BE,forecast_solar_generation,Solar,2026-06-20T07:43:41Z
2026-06-20T07:43:32Z,2026-06-20T09:43:32+0200,894e5e02-dbf3-4e88-b0f9-9832d5fa1169,2026-06-01T07:00:00Z,2026-06-01T09:00:00+0200,4020.007248,MW,BE,BE,forecast_solar_generation,Solar,2026-06-20T07:43:41Z
2026-06-20T07:43:32Z,2026-06-20T09:43:32+0200,894e5e02-dbf3-4e88-b0f9-9832d5fa1169,2026-06-01T08:00:00Z,2026-06-01T10:00:00+0200,5357.665255,MW,BE,BE,forecast_solar_generation,Solar,2026-06-20T07:43:41Z
2026-06-20T07:43:32Z,2026-06-20T09:43:32+0200,894e5e02-dbf3-4e88-b0f9-9832d5fa1169,2026-06-01T09:00:00Z,2026-06-01T11:00:00+0200,6014.274752,MW,BE,BE,forecast_solar_generation,Solar,2026-06-20T07:43:41Z
2026-06-20T07:43:32Z,2026-06-20T09:43:32+0200,894e5e02-dbf3-4e88-b0f9-9832d5fa1169,2026-06-01T10:00:00Z,2026-06-01T12:00:00+0200,6028.421503,MW,BE,BE,forecast_solar_generation,Solar,2026-06-20T07:43:41Z
2026-06-20T07:43:32Z,2026-06-20T09:43:32+0200,894e5e02-dbf3-4e88-b0f9-9832d5fa1169,2026-06-01T11:00:00Z,2026-06-01T13:00:00+0200,5684.733746,MW,BE,BE,forecast_solar_generation,Solar,2026-06-20T07:43:41Z
2026-06-20T07:43:32Z,2026-06-20T09:43:32+0200,894e5e02-dbf3-4e88-b0f9-9832d5fa1169,2026-06-01T12:00:00Z,2026-06-01T14:00:00+0200,5114.694758,MW,BE,BE,forecast_solar_generation,Solar,2026-06-20T07:43:41Z
2026-06-20T07:43:32Z,2026-06-20T09:43:32+0200,894e5e02-dbf3-4e88-b0f9-9832d5fa1169,2026-06-01T13:00:00Z,2026-06-01T15:00:00+0200,4510.317495,MW,BE,BE,forecast_solar_generation,Solar,2026-06-20T07:43:41Z
2026-06-20T07:43:32Z,2026-06-20T09:43:32+0200,894e5e02-dbf3-4e88-b0f9-9832d5fa1169,2026-06-01T14:00:00Z,2026-06-01T16:00:00+0200,3822.930744,MW,BE,BE,forecast_solar_generation,Solar,2026-06-20T07:43:41Z
2026-06-20T07:43:32Z,2026-06-20T09:43:32+0200,894e5e02-dbf3-4e88-b0f9-9832d5fa1169,2026-06-01T15:00:00Z,2026-06-01T17:00:00+0200,2992.453247,MW,BE,BE,forecast_solar_generation,Solar,2026-06-20T07:43:41Z
2026-06-20T07:43:32Z,2026-06-20T09:43:32+0200,894e5e02-dbf3-4e88-b0f9-9832d5fa1169,2026-06-01T16:00:00Z,2026-06-01T18:00:00+0200,2094.538997,MW,BE,BE,forecast_solar_generation,Solar,2026-06-20T07:43:41Z
2026-06-20T07:43:32Z,2026-06-20T09:43:32+0200,894e5e02-dbf3-4e88-b0f9-9832d5fa1169,2026-06-01T17:00:00Z,2026-06-01T19:00:00+0200,1226.315749,MW,BE,BE,forecast_solar_generation,Solar,2026-06-20T07:43:41Z
2026-06-20T07:43:32Z,2026-06-20T09:43:32+0200,894e5e02-dbf3-4e88-b0f9-9832d5fa1169,2026-06-01T18:00:00Z,2026-06-01T20:00:00+0200,549.47375,MW,BE,BE,forecast_solar_generation,Solar,2026-06-20T07:43:41Z
2026-06-20T07:43:32Z,2026-06-20T09:43:32+0200,894e5e02-dbf3-4e88-b0f9-9832d5fa1169,2026-06-01T19:00:00Z,2026-06-01T21:00:00+0200,77.06475,MW,BE,BE,forecast_solar_generation,Solar,2026-06-20T07:43:41Z
2026-06-20T07:43:32Z,2026-06-20T09:43:32+0200,894e5e02-dbf3-4e88-b0f9-9832d5fa1169,2026-06-01T20:00:00Z,2026-06-01T22:00:00+0200,0.0,MW,BE,BE,forecast_solar_generation,Solar,2026-06-20T07:43:41Z
2026-06-20T07:43:32Z,2026-06-20T09:43:32+0200,894e5e02-dbf3-4e88-b0f9-9832d5fa1169,2026-06-01T21:00:00Z,2026-06-01T23:00:00+0200,0.0,MW,BE,BE,forecast_solar_generation,Solar,2026-06-20T07:43:41Z
2026-06-20T07:43:32Z,2026-06-20T09:43:32+0200,894e5e02-dbf3-4e88-b0f9-9832d5fa1169,2026-06-01T22:00:00Z,2026-06-02T00:00:00+0200,0.0,MW,BE,BE,forecast_solar_generation,Solar,2026-06-20T07:43:41Z
2026-06-20T07:43:32Z,2026-06-20T09:43:32+0200,894e5e02-dbf3-4e88-b0f9-9832d5fa1169,2026-06-01T23:00:00Z,2026-06-02T01:00:00+0200,0.0,MW,BE,BE,forecast_solar_generation,Solar,2026-06-20T07:43:41Z
2026-06-20T07:43:32Z,2026-06-20T09:43:32+0200,894e5e02-dbf3-4e88-b0f9-9832d5fa1169,2026-06-02T00:00:00Z,2026-06-02T02:00:00+0200,0.0,MW,BE,BE,forecast_solar_generation,Solar,2026-06-20T07:43:41Z
2026-06-20T07:43:32Z,2026-06-20T09:43:32+0200,894e5e02-dbf3-4e88-b0f9-9832d5fa1169,2026-06-02T01:00:00Z,2026-06-02T03:00:00+0200,0.0,MW,BE,BE,forecast_solar_generation,Solar,2026-06-20T07:43:41Z
2026-06-20T07:43:32Z,2026-06-20T09:43:32+0200,894e5e02-dbf3-4e88-b0f9-9832d5fa1169,2026-06-02T02:00:00Z,2026-06-02T04:00:00+0200,0.0,MW,BE,BE,forecast_solar_generation,Solar,2026-06-20T07:43:41Z
2026-06-20T07:43:32Z,2026-06-20T09:43:32+0200,894e5e02-dbf3-4e88-b0f9-9832d5fa1169,2026-06-02T03:00:00Z,2026-06-02T05:00:00+0200,9.85975,MW,BE,BE,forecast_solar_generation,Solar,2026-06-20T07:43:41Z
2026-06-20T07:43:32Z,2026-06-20T09:43:32+0200,894e5e02-dbf3-4e88-b0f9-9832d5fa1169,2026-06-02T04:00:00Z,2026-06-02T06:00:00+0200,198.3625,MW,BE,BE,forecast_solar_generation,Solar,2026-06-20T07:43:41Z
2026-06-20T07:43:32Z,2026-06-20T09:43:32+0200,894e5e02-dbf3-4e88-b0f9-9832d5fa1169,2026-06-02T05:00:00Z,2026-06-02T07:00:00+0200,602.3705,MW,BE,BE,forecast_solar_generation,Solar,2026-06-20T07:43:41Z
2026-06-20T07:43:32Z,2026-06-20T09:43:32+0200,894e5e02-dbf3-4e88-b0f9-9832d5fa1169,2026-06-02T06:00:00Z,2026-06-02T08:00:00+0200,1060.523251,MW,BE,BE,forecast_solar_generation,Solar,2026-06-20T07:43:41Z
2026-06-20T07:43:32Z,2026-06-20T09:43:32+0200,894e5e02-dbf3-4e88-b0f9-9832d5fa1169,2026-06-02T07:00:00Z,2026-06-02T09:00:00+0200,1796.382502,MW,BE,BE,forecast_solar_generation,Solar,2026-06-20T07:43:41Z
2026-06-20T07:43:32Z,2026-06-20T09:43:32+0200,894e5e02-dbf3-4e88-b0f9-9832d5fa1169,2026-06-02T08:00:00Z,2026-06-02T10:00:00+0200,2640.860251,MW,BE,BE,forecast_solar_generation,Solar,2026-06-20T07:43:41Z
2026-06-20T07:43:32Z,2026-06-20T09:43:32+0200,894e5e02-dbf3-4e88-b0f9-9832d5fa1169,2026-06-02T09:00:00Z,2026-06-02T11:00:00+0200,3196.932248,MW,BE,BE,forecast_solar_generation,Solar,2026-06-20T07:43:41Z
2026-06-20T07:43:32Z,2026-06-20T09:43:32+0200,894e5e02-dbf3-4e88-b0f9-9832d5fa1169,2026-06-02T10:00:00Z,2026-06-02T12:00:00+0200,3435.555249,MW,BE,BE,forecast_solar_generation,Solar,2026-06-20T07:43:41Z
2026-06-20T07:43:32Z,2026-06-20T09:43:32+0200,894e5e02-dbf3-4e88-b0f9-9832d5fa1169,2026-06-02T11:00:00Z,2026-06-02T13:00:00+0200,3214.461998,MW,BE,BE,forecast_solar_generation,Solar,2026-06-20T07:43:41Z
2026-06-20T07:43:32Z,2026-06-20T09:43:32+0200,894e5e02-dbf3-4e88-b0f9-9832d5fa1169,2026-06-02T12:00:00Z,2026-06-02T14:00:00+0200,2768.33025,MW,BE,BE,forecast_solar_generation,Solar,2026-06-20T07:43:41Z
2026-06-20T07:43:32Z,2026-06-20T09:43:32+0200,894e5e02-dbf3-4e88-b0f9-9832d5fa1169,2026-06-02T13:00:00Z,2026-06-02T15:00:00+0200,2571.775748,MW,BE,BE,forecast_solar_generation,Solar,2026-06-20T07:43:41Z
2026-06-20T07:43:32Z,2026-06-20T09:43:32+0200,894e5e02-dbf3-4e88-b0f9-9832d5fa1169,2026-06-02T14:00:00Z,2026-06-02T16:00:00+0200,2376.1985,MW,BE,BE,forecast_solar_generation,Solar,2026-06-20T07:43:41Z
2026-06-20T07:43:32Z,2026-06-20T09:43:32+0200,894e5e02-dbf3-4e88-b0f9-9832d5fa1169,2026-06-02T15:00:00Z,2026-06-02T17:00:00+0200,2070.390499,MW,BE,BE,forecast_solar_generation,Solar,2026-06-20T07:43:41Z
2026-06-20T07:43:32Z,2026-06-20T09:43:32+0200,894e5e02-dbf3-4e88-b0f9-9832d5fa1169,2026-06-02T16:00:00Z,2026-06-02T18:00:00+0200,1615.849747,MW,BE,BE,forecast_solar_generation,Solar,2026-06-20T07:43:41Z
2026-06-20T07:43:32Z,2026-06-20T09:43:32+0200,894e5e02-dbf3-4e88-b0f9-9832d5fa1169,2026-06-02T17:00:00Z,2026-06-02T19:00:00+0200,1009.611249,MW,BE,BE,forecast_solar_generation,Solar,2026-06-20T07:43:41Z
2026-06-20T07:43:32Z,2026-06-20T09:43:32+0200,894e5e02-dbf3-4e88-b0f9-9832d5fa1169,2026-06-02T18:00:00Z,2026-06-02T20:00:00+0200,433.941499,MW,BE,BE,forecast_solar_generation,Solar,2026-06-20T07:43:41Z
2026-06-20T07:43:32Z,2026-06-20T09:43:32+0200,894e5e02-dbf3-4e88-b0f9-9832d5fa1169,2026-06-02T19:00:00Z,2026-06-02T21:00:00+0200,68.4235,MW,BE,BE,forecast_solar_generation,Solar,2026-06-20T07:43:41Z
2026-06-20T07:43:32Z,2026-06-20T09:43:32+0200,894e5e02-dbf3-4e88-b0f9-9832d5fa1169,2026-06-02T20:00:00Z,2026-06-02T22:00:00+0200,0.0,MW,BE,BE,forecast_solar_generation,Solar,2026-06-20T07:43:41Z
2026-06-20T07:43:32Z,2026-06-20T09:43:32+0200,894e5e02-dbf3-4e88-b0f9-9832d5fa1169,2026-06-02T21:00:00Z,2026-06-02T23:00:00+0200,0.0,MW,BE,BE,forecast_solar_generation,Solar,2026-06-20T07:43:41Z
2026-06-20T07:43:32Z,2026-06-20T09:43:32+0200,894e5e02-dbf3-4e88-b0f9-9832d5fa1169,2026-06-02T22:00:00Z,2026-06-03T00:00:00+0200,0.0,MW,BE,BE,forecast_solar_generation,Solar,2026-06-20T07:43:41Z
2026-06-20T07:43:32Z,2026-06-20T09:43:32+0200,894e5e02-dbf3-4e88-b0f9-9832d5fa1169,2026-06-02T23:00:00Z,2026-06-03T01:00:00+0200,0.0,MW,BE,BE,forecast_solar_generation,Solar,2026-06-20T07:43:41Z
2026-06-20T07:43:32Z,2026-06-20T09:43:32+0200,894e5e02-dbf3-4e88-b0f9-9832d5fa1169,2026-06-03T00:00:00Z,2026-06-03T02:00:00+0200,0.0,MW,BE,BE,forecast_solar_generation,Solar,2026-06-20T07:43:41Z
2026-06-20T07:43:32Z,2026-06-20T09:43:32+0200,894e5e02-dbf3-4e88-b0f9-9832d5fa1169,2026-06-03T01:00:00Z,2026-06-03T03:00:00+0200,0.0,MW,BE,BE,forecast_solar_generation,Solar,2026-06-20T07:43:41Z
2026-06-20T07:43:32Z,2026-06-20T09:43:32+0200,894e5e02-dbf3-4e88-b0f9-9832d5fa1169,2026-06-03T02:00:00Z,2026-06-03T04:00:00+0200,0.0,MW,BE,BE,forecast_solar_generation,Solar,2026-06-20T07:43:41Z
2026-06-20T07:43:32Z,2026-06-20T09:43:32+0200,894e5e02-dbf3-4e88-b0f9-9832d5fa1169,2026-06-03T03:00:00Z,2026-06-03T05:00:00+0200,15.85925,MW,BE,BE,forecast_solar_generation,Solar,2026-06-20T07:43:41Z
2026-06-20T07:43:32Z,2026-06-20T09:43:32+0200,894e5e02-dbf3-4e88-b0f9-9832d5fa1169,2026-06-03T04:00:00Z,2026-06-03T06:00:00+0200,313.63425,MW,BE,BE,forecast_solar_generation,Solar,2026-06-20T07:43:41Z
2026-06-20T07:43:32Z,2026-06-20T09:43:32+0200,894e5e02-dbf3-4e88-b0f9-9832d5fa1169,2026-06-03T05:00:00Z,2026-06-03T07:00:00+0200,934.681249,MW,BE,BE,forecast_solar_generation,Solar,2026-06-20T07:43:41Z
2026-06-20T07:43:32Z,2026-06-20T09:43:32+0200,894e5e02-dbf3-4e88-b0f9-9832d5fa1169,2026-06-03T06:00:00Z,2026-06-03T08:00:00+0200,1768.531752,MW,BE,BE,forecast_solar_generation,Solar,2026-06-20T07:43:41Z
2026-06-20T07:43:32Z,2026-06-20T09:43:32+0200,894e5e02-dbf3-4e88-b0f9-9832d5fa1169,2026-06-03T07:00:00Z,2026-06-03T09:00:00+0200,2800.289752,MW,BE,BE,forecast_solar_generation,Solar,2026-06-20T07:43:41Z
2026-06-20T07:43:32Z,2026-06-20T09:43:32+0200,894e5e02-dbf3-4e88-b0f9-9832d5fa1169,2026-06-03T08:00:00Z,2026-06-03T10:00:00+0200,3727.255994,MW,BE,BE,forecast_solar_generation,Solar,2026-06-20T07:43:41Z
2026-06-20T07:43:32Z,2026-06-20T09:43:32+0200,894e5e02-dbf3-4e88-b0f9-9832d5fa1169,2026-06-03T09:00:00Z,2026-06-03T11:00:00+0200,4223.371002,MW,BE,BE,forecast_solar_generation,Solar,2026-06-20T07:43:41Z
2026-06-20T07:43:32Z,2026-06-20T09:43:32+0200,894e5e02-dbf3-4e88-b0f9-9832d5fa1169,2026-06-03T10:00:00Z,2026-06-03T12:00:00+0200,4408.814753,MW,BE,BE,forecast_solar_generation,Solar,2026-06-20T07:43:41Z
2026-06-20T07:43:32Z,2026-06-20T09:43:32+0200,894e5e02-dbf3-4e88-b0f9-9832d5fa1169,2026-06-03T11:00:00Z,2026-06-03T13:00:00+0200,4277.906004,MW,BE,BE,forecast_solar_generation,Solar,2026-06-20T07:43:41Z
2026-06-20T07:43:32Z,2026-06-20T09:43:32+0200,894e5e02-dbf3-4e88-b0f9-9832d5fa1169,2026-06-03T12:00:00Z,2026-06-03T14:00:00+0200,3682.008996,MW,BE,BE,forecast_solar_generation,Solar,2026-06-20T07:43:41Z
2026-06-20T07:43:32Z,2026-06-20T09:43:32+0200,894e5e02-dbf3-4e88-b0f9-9832d5fa1169,2026-06-03T13:00:00Z,2026-06-03T15:00:00+0200,2986.185992,MW,BE,BE,forecast_solar_generation,Solar,2026-06-20T07:43:41Z
2026-06-20T07:43:32Z,2026-06-20T09:43:32+0200,894e5e02-dbf3-4e88-b0f9-9832d5fa1169,2026-06-03T14:00:00Z,2026-06-03T16:00:00+0200,2112.618748,MW,BE,BE,forecast_solar_generation,Solar,2026-06-20T07:43:41Z
2026-06-20T07:43:32Z,2026-06-20T09:43:32+0200,894e5e02-dbf3-4e88-b0f9-9832d5fa1169,2026-06-03T15:00:00Z,2026-06-03T17:00:00+0200,1504.575999,MW,BE,BE,forecast_solar_generation,Solar,2026-06-20T07:43:41Z
2026-06-20T07:43:32Z,2026-06-20T09:43:32+0200,894e5e02-dbf3-4e88-b0f9-9832d5fa1169,2026-06-03T16:00:00Z,2026-06-03T18:00:00+0200,1015.498,MW,BE,BE,forecast_solar_generation,Solar,2026-06-20T07:43:41Z
2026-06-20T07:43:32Z,2026-06-20T09:43:32+0200,894e5e02-dbf3-4e88-b0f9-9832d5fa1169,2026-06-03T17:00:00Z,2026-06-03T19:00:00+0200,686.322249,MW,BE,BE,forecast_solar_generation,Solar,2026-06-20T07:43:41Z
2026-06-20T07:43:32Z,2026-06-20T09:43:32+0200,894e5e02-dbf3-4e88-b0f9-9832d5fa1169,2026-06-03T18:00:00Z,2026-06-03T20:00:00+0200,324.320999,MW,BE,BE,forecast_solar_generation,Solar,2026-06-20T07:43:41Z
2026-06-20T07:43:32Z,2026-06-20T09:43:32+0200,894e5e02-dbf3-4e88-b0f9-9832d5fa1169,2026-06-03T19:00:00Z,2026-06-03T21:00:00+0200,47.13475,MW,BE,BE,forecast_solar_generation,Solar,2026-06-20T07:43:41Z
2026-06-20T07:43:32Z,2026-06-20T09:43:32+0200,894e5e02-dbf3-4e88-b0f9-9832d5fa1169,2026-06-03T20:00:00Z,2026-06-03T22:00:00+0200,0.0,MW,BE,BE,forecast_solar_generation,Solar,2026-06-20T07:43:41Z
2026-06-20T07:43:32Z,2026-06-20T09:43:32+0200,894e5e02-dbf3-4e88-b0f9-9832d5fa1169,2026-06-03T21:00:00Z,2026-06-03T23:00:00+0200,0.0,MW,BE,BE,forecast_solar_generation,Solar,2026-06-20T07:43:41Z
2026-06-20T07:43:32Z,2026-06-20T09:43:32+0200,894e5e02-dbf3-4e88-b0f9-9832d5fa1169,2026-06-03T22:00:00Z,2026-06-04T00:00:00+0200,0.0,MW,BE,BE,forecast_solar_generation,Solar,2026-06-20T07:43:41Z
2026-06-20T07:43:32Z,2026-06-20T09:43:32+0200,894e5e02-dbf3-4e88-b0f9-9832d5fa1169,2026-06-03T23:00:00Z,2026-06-04T01:00:00+0200,0.0,MW,BE,BE,forecast_solar_generation,Solar,2026-06-20T07:43:41Z
2026-06-20T07:43:32Z,2026-06-20T09:43:32+0200,894e5e02-dbf3-4e88-b0f9-9832d5fa1169,2026-06-04T00:00:00Z,2026-06-04T02:00:00+0200,0.0,MW,BE,BE,forecast_solar_generation,Solar,2026-06-20T07:43:41Z
2026-06-20T07:43:32Z,2026-06-20T09:43:32+0200,894e5e02-dbf3-4e88-b0f9-9832d5fa1169,2026-06-04T01:00:00Z,2026-06-04T03:00:00+0200,0.0,MW,BE,BE,forecast_solar_generation,Solar,2026-06-20T07:43:41Z
2026-06-20T07:43:32Z,2026-06-20T09:43:32+0200,894e5e02-dbf3-4e88-b0f9-9832d5fa1169,2026-06-04T02:00:00Z,2026-06-04T04:00:00+0200,0.0,MW,BE,BE,forecast_solar_generation,Solar,2026-06-20T07:43:41Z
2026-06-20T07:43:32Z,2026-06-20T09:43:32+0200,894e5e02-dbf3-4e88-b0f9-9832d5fa1169,2026-06-04T03:00:00Z,2026-06-04T05:00:00+0200,10.667,MW,BE,BE,forecast_solar_generation,Solar,2026-06-20T07:43:41Z
2026-06-20T07:43:32Z,2026-06-20T09:43:32+0200,894e5e02-dbf3-4e88-b0f9-9832d5fa1169,2026-06-04T04:00:00Z,2026-06-04T06:00:00+0200,216.459249,MW,BE,BE,forecast_solar_generation,Solar,2026-06-20T07:43:41Z
2026-06-20T07:43:32Z,2026-06-20T09:43:32+0200,894e5e02-dbf3-4e88-b0f9-9832d5fa1169,2026-06-04T05:00:00Z,2026-06-04T07:00:00+0200,694.636,MW,BE,BE,forecast_solar_generation,Solar,2026-06-20T07:43:41Z
2026-06-20T07:43:32Z,2026-06-20T09:43:32+0200,894e5e02-dbf3-4e88-b0f9-9832d5fa1169,2026-06-04T06:00:00Z,2026-06-04T08:00:00+0200,1138.4545,MW,BE,BE,forecast_solar_generation,Solar,2026-06-20T07:43:41Z
2026-06-20T07:43:32Z,2026-06-20T09:43:32+0200,894e5e02-dbf3-4e88-b0f9-9832d5fa1169,2026-06-04T07:00:00Z,2026-06-04T09:00:00+0200,1615.830002,MW,BE,BE,forecast_solar_generation,Solar,2026-06-20T07:43:41Z
2026-06-20T07:43:32Z,2026-06-20T09:43:32+0200,894e5e02-dbf3-4e88-b0f9-9832d5fa1169,2026-06-04T08:00:00Z,2026-06-04T10:00:00+0200,2235.618749,MW,BE,BE,forecast_solar_generation,Solar,2026-06-20T07:43:41Z
2026-06-20T07:43:32Z,2026-06-20T09:43:32+0200,894e5e02-dbf3-4e88-b0f9-9832d5fa1169,2026-06-04T09:00:00Z,2026-06-04T11:00:00+0200,2866.256248,MW,BE,BE,forecast_solar_generation,Solar,2026-06-20T07:43:41Z
2026-06-20T07:43:32Z,2026-06-20T09:43:32+0200,894e5e02-dbf3-4e88-b0f9-9832d5fa1169,2026-06-04T10:00:00Z,2026-06-04T12:00:00+0200,3433.008495,MW,BE,BE,forecast_solar_generation,Solar,2026-06-20T07:43:41Z
2026-06-20T07:43:32Z,2026-06-20T09:43:32+0200,894e5e02-dbf3-4e88-b0f9-9832d5fa1169,2026-06-04T11:00:00Z,2026-06-04T13:00:00+0200,3924.868499,MW,BE,BE,forecast_solar_generation,Solar,2026-06-20T07:43:41Z
2026-06-20T07:43:32Z,2026-06-20T09:43:32+0200,894e5e02-dbf3-4e88-b0f9-9832d5fa1169,2026-06-04T12:00:00Z,2026-06-04T14:00:00+0200,4503.584494,MW,BE,BE,forecast_solar_generation,Solar,2026-06-20T07:43:41Z
2026-06-20T07:43:32Z,2026-06-20T09:43:32+0200,894e5e02-dbf3-4e88-b0f9-9832d5fa1169,2026-06-04T13:00:00Z,2026-06-04T15:00:00+0200,4829.941252,MW,BE,BE,forecast_solar_generation,Solar,2026-06-20T07:43:41Z
2026-06-20T07:43:32Z,2026-06-20T09:43:32+0200,894e5e02-dbf3-4e88-b0f9-9832d5fa1169,2026-06-04T14:00:00Z,2026-06-04T16:00:00+0200,4503.228501,MW,BE,BE,forecast_solar_generation,Solar,2026-06-20T07:43:41Z
2026-06-20T07:43:32Z,2026-06-20T09:43:32+0200,894e5e02-dbf3-4e88-b0f9-9832d5fa1169,2026-06-04T15:00:00Z,2026-06-04T17:00:00+0200,3726.908002,MW,BE,BE,forecast_solar_generation,Solar,2026-06-20T07:43:41Z
2026-06-20T07:43:32Z,2026-06-20T09:43:32+0200,894e5e02-dbf3-4e88-b0f9-9832d5fa1169,2026-06-04T16:00:00Z,2026-06-04T18:00:00+0200,2577.607755,MW,BE,BE,forecast_solar_generation,Solar,2026-06-20T07:43:41Z
2026-06-20T07:43:32Z,2026-06-20T09:43:32+0200,894e5e02-dbf3-4e88-b0f9-9832d5fa1169,2026-06-04T17:00:00Z,2026-06-04T19:00:00+0200,1348.975747,MW,BE,BE,forecast_solar_generation,Solar,2026-06-20T07:43:41Z
2026-06-20T07:43:32Z,2026-06-20T09:43:32+0200,894e5e02-dbf3-4e88-b0f9-9832d5fa1169,2026-06-04T18:00:00Z,2026-06-04T20:00:00+0200,546.507999,MW,BE,BE,forecast_solar_generation,Solar,2026-06-20T07:43:41Z
2026-06-20T07:43:32Z,2026-06-20T09:43:32+0200,894e5e02-dbf3-4e88-b0f9-9832d5fa1169,2026-06-04T19:00:00Z,2026-06-04T21:00:00+0200,100.242,MW,BE,BE,forecast_solar_generation,Solar,2026-06-20T07:43:41Z
2026-06-20T07:43:32Z,2026-06-20T09:43:32+0200,894e5e02-dbf3-4e88-b0f9-9832d5fa1169,2026-06-04T20:00:00Z,2026-06-04T22:00:00+0200,0.0,MW,BE,BE,forecast_solar_generation,Solar,2026-06-20T07:43:41Z
2026-06-20T07:43:32Z,2026-06-20T09:43:32+0200,894e5e02-dbf3-4e88-b0f9-9832d5fa1169,2026-06-04T21:00:00Z,2026-06-04T23:00:00+0200,0.0,MW,BE,BE,forecast_solar_generation,Solar,2026-06-20T07:43:41Z
2026-06-20T07:43:32Z,2026-06-20T09:43:32+0200,894e5e02-dbf3-4e88-b0f9-9832d5fa1169,2026-06-04T22:00:00Z,2026-06-05T00:00:00+0200,0.0,MW,BE,BE,forecast_solar_generation,Solar,2026-06-20T07:43:41Z
2026-06-20T07:43:32Z,2026-06-20T09:43:32+0200,894e5e02-dbf3-4e88-b0f9-9832d5fa1169,2026-06-04T23:00:00Z,2026-06-05T01:00:00+0200,0.0,MW,BE,BE,forecast_solar_generation,Solar,2026-06-20T07:43:41Z
2026-06-20T07:43:32Z,2026-06-20T09:43:32+0200,894e5e02-dbf3-4e88-b0f9-9832d5fa1169,2026-06-05T00:00:00Z,2026-06-05T02:00:00+0200,0.0,MW,BE,BE,forecast_solar_generation,Solar,2026-06-20T07:43:41Z
2026-06-20T07:43:32Z,2026-06-20T09:43:32+0200,894e5e02-dbf3-4e88-b0f9-9832d5fa1169,2026-06-05T01:00:00Z,2026-06-05T03:00:00+0200,0.0,MW,BE,BE,forecast_solar_generation,Solar,2026-06-20T07:43:41Z
2026-06-20T07:43:32Z,2026-06-20T09:43:32+0200,894e5e02-dbf3-4e88-b0f9-9832d5fa1169,2026-06-05T02:00:00Z,2026-06-05T04:00:00+0200,0.0,MW,BE,BE,forecast_solar_generation,Solar,2026-06-20T07:43:41Z
2026-06-20T07:43:32Z,2026-06-20T09:43:32+0200,894e5e02-dbf3-4e88-b0f9-9832d5fa1169,2026-06-05T03:00:00Z,2026-06-05T05:00:00+0200,15.9135,MW,BE,BE,forecast_solar_generation,Solar,2026-06-20T07:43:41Z
2026-06-20T07:43:32Z,2026-06-20T09:43:32+0200,894e5e02-dbf3-4e88-b0f9-9832d5fa1169,2026-06-05T04:00:00Z,2026-06-05T06:00:00+0200,295.00425,MW,BE,BE,forecast_solar_generation,Solar,2026-06-20T07:43:41Z
2026-06-20T07:43:32Z,2026-06-20T09:43:32+0200,894e5e02-dbf3-4e88-b0f9-9832d5fa1169,2026-06-05T05:00:00Z,2026-06-05T07:00:00+0200,887.872251,MW,BE,BE,forecast_solar_generation,Solar,2026-06-20T07:43:41Z
2026-06-20T07:43:32Z,2026-06-20T09:43:32+0200,894e5e02-dbf3-4e88-b0f9-9832d5fa1169,2026-06-05T06:00:00Z,2026-06-05T08:00:00+0200,1683.957753,MW,BE,BE,forecast_solar_generation,Solar,2026-06-20T07:43:41Z
2026-06-20T07:43:32Z,2026-06-20T09:43:32+0200,894e5e02-dbf3-4e88-b0f9-9832d5fa1169,2026-06-05T07:00:00Z,2026-06-05T09:00:00+0200,2646.083999,MW,BE,BE,forecast_solar_generation,Solar,2026-06-20T07:43:41Z
2026-06-20T07:43:32Z,2026-06-20T09:43:32+0200,894e5e02-dbf3-4e88-b0f9-9832d5fa1169,2026-06-05T08:00:00Z,2026-06-05T10:00:00+0200,3563.663499,MW,BE,BE,forecast_solar_generation,Solar,2026-06-20T07:43:41Z
2026-06-20T07:43:32Z,2026-06-20T09:43:32+0200,894e5e02-dbf3-4e88-b0f9-9832d5fa1169,2026-06-05T09:00:00Z,2026-06-05T11:00:00+0200,4186.357247,MW,BE,BE,forecast_solar_generation,Solar,2026-06-20T07:43:41Z
2026-06-20T07:43:32Z,2026-06-20T09:43:32+0200,894e5e02-dbf3-4e88-b0f9-9832d5fa1169,2026-06-05T10:00:00Z,2026-06-05T12:00:00+0200,4432.793498,MW,BE,BE,forecast_solar_generation,Solar,2026-06-20T07:43:41Z
2026-06-20T07:43:32Z,2026-06-20T09:43:32+0200,894e5e02-dbf3-4e88-b0f9-9832d5fa1169,2026-06-05T11:00:00Z,2026-06-05T13:00:00+0200,4410.926753,MW,BE,BE,forecast_solar_generation,Solar,2026-06-20T07:43:41Z
2026-06-20T07:43:32Z,2026-06-20T09:43:32+0200,894e5e02-dbf3-4e88-b0f9-9832d5fa1169,2026-06-05T12:00:00Z,2026-06-05T14:00:00+0200,4350.280508,MW,BE,BE,forecast_solar_generation,Solar,2026-06-20T07:43:41Z
2026-06-20T07:43:32Z,2026-06-20T09:43:32+0200,894e5e02-dbf3-4e88-b0f9-9832d5fa1169,2026-06-05T13:00:00Z,2026-06-05T15:00:00+0200,4052.254755,MW,BE,BE,forecast_solar_generation,Solar,2026-06-20T07:43:41Z
2026-06-20T07:43:32Z,2026-06-20T09:43:32+0200,894e5e02-dbf3-4e88-b0f9-9832d5fa1169,2026-06-05T14:00:00Z,2026-06-05T16:00:00+0200,3710.678742,MW,BE,BE,forecast_solar_generation,Solar,2026-06-20T07:43:41Z
2026-06-20T07:43:32Z,2026-06-20T09:43:32+0200,894e5e02-dbf3-4e88-b0f9-9832d5fa1169,2026-06-05T15:00:00Z,2026-06-05T17:00:00+0200,3073.365248,MW,BE,BE,forecast_solar_generation,Solar,2026-06-20T07:43:41Z
2026-06-20T07:43:32Z,2026-06-20T09:43:32+0200,894e5e02-dbf3-4e88-b0f9-9832d5fa1169,2026-06-05T16:00:00Z,2026-06-05T18:00:00+0200,2174.405,MW,BE,BE,forecast_solar_generation,Solar,2026-06-20T07:43:41Z
2026-06-20T07:43:32Z,2026-06-20T09:43:32+0200,894e5e02-dbf3-4e88-b0f9-9832d5fa1169,2026-06-05T17:00:00Z,2026-06-05T19:00:00+0200,1255.0425,MW,BE,BE,forecast_solar_generation,Solar,2026-06-20T07:43:41Z
2026-06-20T07:43:32Z,2026-06-20T09:43:32+0200,894e5e02-dbf3-4e88-b0f9-9832d5fa1169,2026-06-05T18:00:00Z,2026-06-05T20:00:00+0200,549.931,MW,BE,BE,forecast_solar_generation,Solar,2026-06-20T07:43:41Z
2026-06-20T07:43:32Z,2026-06-20T09:43:32+0200,894e5e02-dbf3-4e88-b0f9-9832d5fa1169,2026-06-05T19:00:00Z,2026-06-05T21:00:00+0200,96.475,MW,BE,BE,forecast_solar_generation,Solar,2026-06-20T07:43:41Z
2026-06-20T07:43:32Z,2026-06-20T09:43:32+0200,894e5e02-dbf3-4e88-b0f9-9832d5fa1169,2026-06-05T20:00:00Z,2026-06-05T22:00:00+0200,0.0,MW,BE,BE,forecast_solar_generation,Solar,2026-06-20T07:43:41Z
2026-06-20T07:43:32Z,2026-06-20T09:43:32+0200,894e5e02-dbf3-4e88-b0f9-9832d5fa1169,2026-06-05T21:00:00Z,2026-06-05T23:00:00+0200,0.0,MW,BE,BE,forecast_solar_generation,Solar,2026-06-20T07:43:41Z
2026-06-20T07:43:32Z,2026-06-20T09:43:32+0200,894e5e02-dbf3-4e88-b0f9-9832d5fa1169,2026-06-05T22:00:00Z,2026-06-06T00:00:00+0200,0.0,MW,BE,BE,forecast_solar_generation,Solar,2026-06-20T07:43:41Z
2026-06-20T07:43:32Z,2026-06-20T09:43:32+0200,894e5e02-dbf3-4e88-b0f9-9832d5fa1169,2026-06-05T23:00:00Z,2026-06-06T01:00:00+0200,0.0,MW,BE,BE,forecast_solar_generation,Solar,2026-06-20T07:43:41Z
2026-06-20T07:43:32Z,2026-06-20T09:43:32+0200,894e5e02-dbf3-4e88-b0f9-9832d5fa1169,2026-06-06T00:00:00Z,2026-06-06T02:00:00+0200,0.0,MW,BE,BE,forecast_solar_generation,Solar,2026-06-20T07:43:41Z
2026-06-20T07:43:32Z,2026-06-20T09:43:32+0200,894e5e02-dbf3-4e88-b0f9-9832d5fa1169,2026-06-06T01:00:00Z,2026-06-06T03:00:00+0200,0.0,MW,BE,BE,forecast_solar_generation,Solar,2026-06-20T07:43:41Z
2026-06-20T07:43:32Z,2026-06-20T09:43:32+0200,894e5e02-dbf3-4e88-b0f9-9832d5fa1169,2026-06-06T02:00:00Z,2026-06-06T04:00:00+0200,0.0,MW,BE,BE,forecast_solar_generation,Solar,2026-06-20T07:43:41Z
2026-06-20T07:43:32Z,2026-06-20T09:43:32+0200,894e5e02-dbf3-4e88-b0f9-9832d5fa1169,2026-06-06T03:00:00Z,2026-06-06T05:00:00+0200,17.34475,MW,BE,BE,forecast_solar_generation,Solar,2026-06-20T07:43:41Z
2026-06-20T07:43:32Z,2026-06-20T09:43:32+0200,894e5e02-dbf3-4e88-b0f9-9832d5fa1169,2026-06-06T04:00:00Z,2026-06-06T06:00:00+0200,304.604499,MW,BE,BE,forecast_solar_generation,Solar,2026-06-20T07:43:41Z
2026-06-20T07:43:32Z,2026-06-20T09:43:32+0200,894e5e02-dbf3-4e88-b0f9-9832d5fa1169,2026-06-06T05:00:00Z,2026-06-06T07:00:00+0200,905.317001,MW,BE,BE,forecast_solar_generation,Solar,2026-06-20T07:43:41Z
2026-06-20T07:43:32Z,2026-06-20T09:43:32+0200,894e5e02-dbf3-4e88-b0f9-9832d5fa1169,2026-06-06T06:00:00Z,2026-06-06T08:00:00+0200,1546.535002,MW,BE,BE,forecast_solar_generation,Solar,2026-06-20T07:43:41Z
2026-06-20T07:43:32Z,2026-06-20T09:43:32+0200,894e5e02-dbf3-4e88-b0f9-9832d5fa1169,2026-06-06T07:00:00Z,2026-06-06T09:00:00+0200,2256.96475,MW,BE,BE,forecast_solar_generation,Solar,2026-06-20T07:43:41Z
2026-06-20T07:43:32Z,2026-06-20T09:43:32+0200,894e5e02-dbf3-4e88-b0f9-9832d5fa1169,2026-06-06T08:00:00Z,2026-06-06T10:00:00+0200,2857.005503,MW,BE,BE,forecast_solar_generation,Solar,2026-06-20T07:43:41Z
2026-06-20T07:43:32Z,2026-06-20T09:43:32+0200,894e5e02-dbf3-4e88-b0f9-9832d5fa1169,2026-06-06T09:00:00Z,2026-06-06T11:00:00+0200,3181.843001,MW,BE,BE,forecast_solar_generation,Solar,2026-06-20T07:43:41Z
2026-06-20T07:43:32Z,2026-06-20T09:43:32+0200,894e5e02-dbf3-4e88-b0f9-9832d5fa1169,2026-06-06T10:00:00Z,2026-06-06T12:00:00+0200,3077.006752,MW,BE,BE,forecast_solar_generation,Solar,2026-06-20T07:43:41Z
2026-06-20T07:43:32Z,2026-06-20T09:43:32+0200,894e5e02-dbf3-4e88-b0f9-9832d5fa1169,2026-06-06T11:00:00Z,2026-06-06T13:00:00+0200,2751.64325,MW,BE,BE,forecast_solar_generation,Solar,2026-06-20T07:43:41Z
2026-06-20T07:43:32Z,2026-06-20T09:43:32+0200,894e5e02-dbf3-4e88-b0f9-9832d5fa1169,2026-06-06T12:00:00Z,2026-06-06T14:00:00+0200,2373.922746,MW,BE,BE,forecast_solar_generation,Solar,2026-06-20T07:43:41Z
2026-06-20T07:43:32Z,2026-06-20T09:43:32+0200,894e5e02-dbf3-4e88-b0f9-9832d5fa1169,2026-06-06T13:00:00Z,2026-06-06T15:00:00+0200,2345.491999,MW,BE,BE,forecast_solar_generation,Solar,2026-06-20T07:43:41Z
2026-06-20T07:43:32Z,2026-06-20T09:43:32+0200,894e5e02-dbf3-4e88-b0f9-9832d5fa1169,2026-06-06T14:00:00Z,2026-06-06T16:00:00+0200,2420.534751,MW,BE,BE,forecast_solar_generation,Solar,2026-06-20T07:43:41Z
2026-06-20T07:43:32Z,2026-06-20T09:43:32+0200,894e5e02-dbf3-4e88-b0f9-9832d5fa1169,2026-06-06T15:00:00Z,2026-06-06T17:00:00+0200,2241.037247,MW,BE,BE,forecast_solar_generation,Solar,2026-06-20T07:43:41Z
2026-06-20T07:43:32Z,2026-06-20T09:43:32+0200,894e5e02-dbf3-4e88-b0f9-9832d5fa1169,2026-06-06T16:00:00Z,2026-06-06T18:00:00+0200,1754.215249,MW,BE,BE,forecast_solar_generation,Solar,2026-06-20T07:43:41Z
2026-06-20T07:43:32Z,2026-06-20T09:43:32+0200,894e5e02-dbf3-4e88-b0f9-9832d5fa1169,2026-06-06T17:00:00Z,2026-06-06T19:00:00+0200,1074.92475,MW,BE,BE,forecast_solar_generation,Solar,2026-06-20T07:43:41Z
2026-06-20T07:43:32Z,2026-06-20T09:43:32+0200,894e5e02-dbf3-4e88-b0f9-9832d5fa1169,2026-06-06T18:00:00Z,2026-06-06T20:00:00+0200,500.43775,MW,BE,BE,forecast_solar_generation,Solar,2026-06-20T07:43:41Z
2026-06-20T07:43:32Z,2026-06-20T09:43:32+0200,894e5e02-dbf3-4e88-b0f9-9832d5fa1169,2026-06-06T19:00:00Z,2026-06-06T21:00:00+0200,80.73675,MW,BE,BE,forecast_solar_generation,Solar,2026-06-20T07:43:41Z
2026-06-20T07:43:32Z,2026-06-20T09:43:32+0200,894e5e02-dbf3-4e88-b0f9-9832d5fa1169,2026-06-06T20:00:00Z,2026-06-06T22:00:00+0200,0.0,MW,BE,BE,forecast_solar_generation,Solar,2026-06-20T07:43:41Z
2026-06-20T07:43:32Z,2026-06-20T09:43:32+0200,894e5e02-dbf3-4e88-b0f9-9832d5fa1169,2026-06-06T21:00:00Z,2026-06-06T23:00:00+0200,0.0,MW,BE,BE,forecast_solar_generation,Solar,2026-06-20T07:43:41Z
2026-06-20T07:43:32Z,2026-06-20T09:43:32+0200,894e5e02-dbf3-4e88-b0f9-9832d5fa1169,2026-06-06T22:00:00Z,2026-06-07T00:00:00+0200,0.0,MW,BE,BE,forecast_solar_generation,Solar,2026-06-20T07:43:41Z
2026-06-20T07:43:32Z,2026-06-20T09:43:32+0200,894e5e02-dbf3-4e88-b0f9-9832d5fa1169,2026-06-06T23:00:00Z,2026-06-07T01:00:00+0200,0.0,MW,BE,BE,forecast_solar_generation,Solar,2026-06-20T07:43:41Z
2026-06-20T07:43:32Z,2026-06-20T09:43:32+0200,894e5e02-dbf3-4e88-b0f9-9832d5fa1169,2026-06-07T00:00:00Z,2026-06-07T02:00:00+0200,0.0,MW,BE,BE,forecast_solar_generation,Solar,2026-06-20T07:43:41Z
2026-06-20T07:43:32Z,2026-06-20T09:43:32+0200,894e5e02-dbf3-4e88-b0f9-9832d5fa1169,2026-06-07T01:00:00Z,2026-06-07T03:00:00+0200,0.0,MW,BE,BE,forecast_solar_generation,Solar,2026-06-20T07:43:41Z
2026-06-20T07:43:32Z,2026-06-20T09:43:32+0200,894e5e02-dbf3-4e88-b0f9-9832d5fa1169,2026-06-07T02:00:00Z,2026-06-07T04:00:00+0200,0.0,MW,BE,BE,forecast_solar_generation,Solar,2026-06-20T07:43:41Z
2026-06-20T07:43:32Z,2026-06-20T09:43:32+0200,894e5e02-dbf3-4e88-b0f9-9832d5fa1169,2026-06-07T03:00:00Z,2026-06-07T05:00:00+0200,19.51925,MW,BE,BE,forecast_solar_generation,Solar,2026-06-20T07:43:41Z
2026-06-20T07:43:32Z,2026-06-20T09:43:32+0200,894e5e02-dbf3-4e88-b0f9-9832d5fa1169,2026-06-07T04:00:00Z,2026-06-07T06:00:00+0200,320.0525,MW,BE,BE,forecast_solar_generation,Solar,2026-06-20T07:43:41Z
2026-06-20T07:43:32Z,2026-06-20T09:43:32+0200,894e5e02-dbf3-4e88-b0f9-9832d5fa1169,2026-06-07T05:00:00Z,2026-06-07T07:00:00+0200,941.571749,MW,BE,BE,forecast_solar_generation,Solar,2026-06-20T07:43:41Z
2026-06-20T07:43:32Z,2026-06-20T09:43:32+0200,894e5e02-dbf3-4e88-b0f9-9832d5fa1169,2026-06-07T06:00:00Z,2026-06-07T08:00:00+0200,1964.282748,MW,BE,BE,forecast_solar_generation,Solar,2026-06-20T07:43:41Z
2026-06-20T07:43:32Z,2026-06-20T09:43:32+0200,894e5e02-dbf3-4e88-b0f9-9832d5fa1169,2026-06-07T07:00:00Z,2026-06-07T09:00:00+0200,3179.044256,MW,BE,BE,forecast_solar_generation,Solar,2026-06-20T07:43:41Z
2026-06-20T07:43:32Z,2026-06-20T09:43:32+0200,894e5e02-dbf3-4e88-b0f9-9832d5fa1169,2026-06-07T08:00:00Z,2026-06-07T10:00:00+0200,4230.407005,MW,BE,BE,forecast_solar_generation,Solar,2026-06-20T07:43:41Z
2026-06-20T07:43:32Z,2026-06-20T09:43:32+0200,894e5e02-dbf3-4e88-b0f9-9832d5fa1169,2026-06-07T09:00:00Z,2026-06-07T11:00:00+0200,4945.187502,MW,BE,BE,forecast_solar_generation,Solar,2026-06-20T07:43:41Z
2026-06-20T07:43:32Z,2026-06-20T09:43:32+0200,894e5e02-dbf3-4e88-b0f9-9832d5fa1169,2026-06-07T10:00:00Z,2026-06-07T12:00:00+0200,5222.526742,MW,BE,BE,forecast_solar_generation,Solar,2026-06-20T07:43:41Z
2026-06-20T07:43:32Z,2026-06-20T09:43:32+0200,894e5e02-dbf3-4e88-b0f9-9832d5fa1169,2026-06-07T11:00:00Z,2026-06-07T13:00:00+0200,5004.424261,MW,BE,BE,forecast_solar_generation,Solar,2026-06-20T07:43:41Z
2026-06-20T07:43:32Z,2026-06-20T09:43:32+0200,894e5e02-dbf3-4e88-b0f9-9832d5fa1169,2026-06-07T12:00:00Z,2026-06-07T14:00:00+0200,4499.962495,MW,BE,BE,forecast_solar_generation,Solar,2026-06-20T07:43:41Z
2026-06-20T07:43:32Z,2026-06-20T09:43:32+0200,894e5e02-dbf3-4e88-b0f9-9832d5fa1169,2026-06-07T13:00:00Z,2026-06-07T15:00:00+0200,4035.785,MW,BE,BE,forecast_solar_generation,Solar,2026-06-20T07:43:41Z
2026-06-20T07:43:32Z,2026-06-20T09:43:32+0200,894e5e02-dbf3-4e88-b0f9-9832d5fa1169,2026-06-07T14:00:00Z,2026-06-07T16:00:00+0200,3544.703499,MW,BE,BE,forecast_solar_generation,Solar,2026-06-20T07:43:41Z
2026-06-20T07:43:32Z,2026-06-20T09:43:32+0200,894e5e02-dbf3-4e88-b0f9-9832d5fa1169,2026-06-07T15:00:00Z,2026-06-07T17:00:00+0200,2937.950248,MW,BE,BE,forecast_solar_generation,Solar,2026-06-20T07:43:41Z
2026-06-20T07:43:32Z,2026-06-20T09:43:32+0200,894e5e02-dbf3-4e88-b0f9-9832d5fa1169,2026-06-07T16:00:00Z,2026-06-07T18:00:00+0200,2151.040749,MW,BE,BE,forecast_solar_generation,Solar,2026-06-20T07:43:41Z
2026-06-20T07:43:32Z,2026-06-20T09:43:32+0200,894e5e02-dbf3-4e88-b0f9-9832d5fa1169,2026-06-07T17:00:00Z,2026-06-07T19:00:00+0200,1319.153749,MW,BE,BE,forecast_solar_generation,Solar,2026-06-20T07:43:41Z
2026-06-20T07:43:32Z,2026-06-20T09:43:32+0200,894e5e02-dbf3-4e88-b0f9-9832d5fa1169,2026-06-07T18:00:00Z,2026-06-07T20:00:00+0200,615.65025,MW,BE,BE,forecast_solar_generation,Solar,2026-06-20T07:43:41Z
2026-06-20T07:43:32Z,2026-06-20T09:43:32+0200,894e5e02-dbf3-4e88-b0f9-9832d5fa1169,2026-06-07T19:00:00Z,2026-06-07T21:00:00+0200,106.273,MW,BE,BE,forecast_solar_generation,Solar,2026-06-20T07:43:41Z
2026-06-20T07:43:32Z,2026-06-20T09:43:32+0200,894e5e02-dbf3-4e88-b0f9-9832d5fa1169,2026-06-07T20:00:00Z,2026-06-07T22:00:00+0200,0.0,MW,BE,BE,forecast_solar_generation,Solar,2026-06-20T07:43:41Z
2026-06-20T07:43:32Z,2026-06-20T09:43:32+0200,894e5e02-dbf3-4e88-b0f9-9832d5fa1169,2026-06-07T21:00:00Z,2026-06-07T23:00:00+0200,0.0,MW,BE,BE,forecast_solar_generation,Solar,2026-06-20T07:43:41Z
2026-06-20T07:43:32Z,2026-06-20T09:43:32+0200,894e5e02-dbf3-4e88-b0f9-9832d5fa1169,2026-06-07T22:00:00Z,2026-06-08T00:00:00+0200,0.0,MW,BE,BE,forecast_solar_generation,Solar,2026-06-20T07:43:41Z
2026-06-20T07:43:32Z,2026-06-20T09:43:32+0200,894e5e02-dbf3-4e88-b0f9-9832d5fa1169,2026-06-07T23:00:00Z,2026-06-08T01:00:00+0200,0.0,MW,BE,BE,forecast_solar_generation,Solar,2026-06-20T07:43:41Z
2026-06-20T07:43:32Z,2026-06-20T09:43:32+0200,894e5e02-dbf3-4e88-b0f9-9832d5fa1169,2026-06-08T00:00:00Z,2026-06-08T02:00:00+0200,0.0,MW,BE,BE,forecast_solar_generation,Solar,2026-06-20T07:43:41Z
2026-06-20T07:43:32Z,2026-06-20T09:43:32+0200,894e5e02-dbf3-4e88-b0f9-9832d5fa1169,2026-06-08T01:00:00Z,2026-06-08T03:00:00+0200,0.0,MW,BE,BE,forecast_solar_generation,Solar,2026-06-20T07:43:41Z
2026-06-20T07:43:32Z,2026-06-20T09:43:32+0200,894e5e02-dbf3-4e88-b0f9-9832d5fa1169,2026-06-08T02:00:00Z,2026-06-08T04:00:00+0200,0.0,MW,BE,BE,forecast_solar_generation,Solar,2026-06-20T07:43:41Z
2026-06-20T07:43:32Z,2026-06-20T09:43:32+0200,894e5e02-dbf3-4e88-b0f9-9832d5fa1169,2026-06-08T03:00:00Z,2026-06-08T05:00:00+0200,21.726,MW,BE,BE,forecast_solar_generation,Solar,2026-06-20T07:43:41Z
2026-06-20T07:43:32Z,2026-06-20T09:43:32+0200,894e5e02-dbf3-4e88-b0f9-9832d5fa1169,2026-06-08T04:00:00Z,2026-06-08T06:00:00+0200,338.49675,MW,BE,BE,forecast_solar_generation,Solar,2026-06-20T07:43:41Z
2026-06-20T07:43:32Z,2026-06-20T09:43:32+0200,894e5e02-dbf3-4e88-b0f9-9832d5fa1169,2026-06-08T05:00:00Z,2026-06-08T07:00:00+0200,959.203499,MW,BE,BE,forecast_solar_generation,Solar,2026-06-20T07:43:41Z
2026-06-20T07:43:32Z,2026-06-20T09:43:32+0200,894e5e02-dbf3-4e88-b0f9-9832d5fa1169,2026-06-08T06:00:00Z,2026-06-08T08:00:00+0200,1580.579248,MW,BE,BE,forecast_solar_generation,Solar,2026-06-20T07:43:41Z
2026-06-20T07:43:32Z,2026-06-20T09:43:32+0200,894e5e02-dbf3-4e88-b0f9-9832d5fa1169,2026-06-08T07:00:00Z,2026-06-08T09:00:00+0200,2102.562247,MW,BE,BE,forecast_solar_generation,Solar,2026-06-20T07:43:41Z
2026-06-20T07:43:32Z,2026-06-20T09:43:32+0200,894e5e02-dbf3-4e88-b0f9-9832d5fa1169,2026-06-08T08:00:00Z,2026-06-08T10:00:00+0200,2452.993752,MW,BE,BE,forecast_solar_generation,Solar,2026-06-20T07:43:41Z
2026-06-20T07:43:32Z,2026-06-20T09:43:32+0200,894e5e02-dbf3-4e88-b0f9-9832d5fa1169,2026-06-08T09:00:00Z,2026-06-08T11:00:00+0200,2770.303249,MW,BE,BE,forecast_solar_generation,Solar,2026-06-20T07:43:41Z
2026-06-20T07:43:32Z,2026-06-20T09:43:32+0200,894e5e02-dbf3-4e88-b0f9-9832d5fa1169,2026-06-08T10:00:00Z,2026-06-08T12:00:00+0200,3198.472747,MW,BE,BE,forecast_solar_generation,Solar,2026-06-20T07:43:41Z
2026-06-20T07:43:32Z,2026-06-20T09:43:32+0200,894e5e02-dbf3-4e88-b0f9-9832d5fa1169,2026-06-08T11:00:00Z,2026-06-08T13:00:00+0200,3563.438248,MW,BE,BE,forecast_solar_generation,Solar,2026-06-20T07:43:41Z
2026-06-20T07:43:32Z,2026-06-20T09:43:32+0200,894e5e02-dbf3-4e88-b0f9-9832d5fa1169,2026-06-08T12:00:00Z,2026-06-08T14:00:00+0200,3608.582005,MW,BE,BE,forecast_solar_generation,Solar,2026-06-20T07:43:41Z
2026-06-20T07:43:32Z,2026-06-20T09:43:32+0200,894e5e02-dbf3-4e88-b0f9-9832d5fa1169,2026-06-08T13:00:00Z,2026-06-08T15:00:00+0200,3219.566253,MW,BE,BE,forecast_solar_generation,Solar,2026-06-20T07:43:41Z
2026-06-20T07:43:32Z,2026-06-20T09:43:32+0200,894e5e02-dbf3-4e88-b0f9-9832d5fa1169,2026-06-08T14:00:00Z,2026-06-08T16:00:00+0200,2622.6045,MW,BE,BE,forecast_solar_generation,Solar,2026-06-20T07:43:41Z
2026-06-20T07:43:32Z,2026-06-20T09:43:32+0200,894e5e02-dbf3-4e88-b0f9-9832d5fa1169,2026-06-08T15:00:00Z,2026-06-08T17:00:00+0200,1959.31825,MW,BE,BE,forecast_solar_generation,Solar,2026-06-20T07:43:41Z
2026-06-20T07:43:32Z,2026-06-20T09:43:32+0200,894e5e02-dbf3-4e88-b0f9-9832d5fa1169,2026-06-08T16:00:00Z,2026-06-08T18:00:00+0200,1346.972248,MW,BE,BE,forecast_solar_generation,Solar,2026-06-20T07:43:41Z
2026-06-20T07:43:32Z,2026-06-20T09:43:32+0200,894e5e02-dbf3-4e88-b0f9-9832d5fa1169,2026-06-08T17:00:00Z,2026-06-08T19:00:00+0200,859.66775,MW,BE,BE,forecast_solar_generation,Solar,2026-06-20T07:43:41Z
2026-06-20T07:43:32Z,2026-06-20T09:43:32+0200,894e5e02-dbf3-4e88-b0f9-9832d5fa1169,2026-06-08T18:00:00Z,2026-06-08T20:00:00+0200,401.088249,MW,BE,BE,forecast_solar_generation,Solar,2026-06-20T07:43:41Z
2026-06-20T07:43:32Z,2026-06-20T09:43:32+0200,894e5e02-dbf3-4e88-b0f9-9832d5fa1169,2026-06-08T19:00:00Z,2026-06-08T21:00:00+0200,67.96025,MW,BE,BE,forecast_solar_generation,Solar,2026-06-20T07:43:41Z
2026-06-20T07:43:32Z,2026-06-20T09:43:32+0200,894e5e02-dbf3-4e88-b0f9-9832d5fa1169,2026-06-08T20:00:00Z,2026-06-08T22:00:00+0200,0.0,MW,BE,BE,forecast_solar_generation,Solar,2026-06-20T07:43:41Z
2026-06-20T07:43:32Z,2026-06-20T09:43:32+0200,894e5e02-dbf3-4e88-b0f9-9832d5fa1169,2026-06-08T21:00:00Z,2026-06-08T23:00:00+0200,0.0,MW,BE,BE,forecast_solar_generation,Solar,2026-06-20T07:43:41Z
2026-06-20T07:43:32Z,2026-06-20T09:43:32+0200,894e5e02-dbf3-4e88-b0f9-9832d5fa1169,2026-06-08T22:00:00Z,2026-06-09T00:00:00+0200,0.0,MW,BE,BE,forecast_solar_generation,Solar,2026-06-20T07:43:41Z
2026-06-20T07:43:32Z,2026-06-20T09:43:32+0200,894e5e02-dbf3-4e88-b0f9-9832d5fa1169,2026-06-08T23:00:00Z,2026-06-09T01:00:00+0200,0.0,MW,BE,BE,forecast_solar_generation,Solar,2026-06-20T07:43:41Z
2026-06-20T07:43:32Z,2026-06-20T09:43:32+0200,894e5e02-dbf3-4e88-b0f9-9832d5fa1169,2026-06-09T00:00:00Z,2026-06-09T02:00:00+0200,0.0,MW,BE,BE,forecast_solar_generation,Solar,2026-06-20T07:43:41Z
2026-06-20T07:43:32Z,2026-06-20T09:43:32+0200,894e5e02-dbf3-4e88-b0f9-9832d5fa1169,2026-06-09T01:00:00Z,2026-06-09T03:00:00+0200,0.0,MW,BE,BE,forecast_solar_generation,Solar,2026-06-20T07:43:41Z
2026-06-20T07:43:32Z,2026-06-20T09:43:32+0200,894e5e02-dbf3-4e88-b0f9-9832d5fa1169,2026-06-09T02:00:00Z,2026-06-09T04:00:00+0200,0.0,MW,BE,BE,forecast_solar_generation,Solar,2026-06-20T07:43:41Z
2026-06-20T07:43:32Z,2026-06-20T09:43:32+0200,894e5e02-dbf3-4e88-b0f9-9832d5fa1169,2026-06-09T03:00:00Z,2026-06-09T05:00:00+0200,26.065,MW,BE,BE,forecast_solar_generation,Solar,2026-06-20T07:43:41Z
2026-06-20T07:43:32Z,2026-06-20T09:43:32+0200,894e5e02-dbf3-4e88-b0f9-9832d5fa1169,2026-06-09T04:00:00Z,2026-06-09T06:00:00+0200,355.36075,MW,BE,BE,forecast_solar_generation,Solar,2026-06-20T07:43:41Z
2026-06-20T07:43:32Z,2026-06-20T09:43:32+0200,894e5e02-dbf3-4e88-b0f9-9832d5fa1169,2026-06-09T05:00:00Z,2026-06-09T07:00:00+0200,994.92275,MW,BE,BE,forecast_solar_generation,Solar,2026-06-20T07:43:41Z
2026-06-20T07:43:32Z,2026-06-20T09:43:32+0200,894e5e02-dbf3-4e88-b0f9-9832d5fa1169,2026-06-09T06:00:00Z,2026-06-09T08:00:00+0200,2290.558495,MW,BE,BE,forecast_solar_generation,Solar,2026-06-20T07:43:41Z
2026-06-20T07:43:32Z,2026-06-20T09:43:32+0200,894e5e02-dbf3-4e88-b0f9-9832d5fa1169,2026-06-09T07:00:00Z,2026-06-09T09:00:00+0200,3864.428497,MW,BE,BE,forecast_solar_generation,Solar,2026-06-20T07:43:41Z
2026-06-20T07:43:32Z,2026-06-20T09:43:32+0200,894e5e02-dbf3-4e88-b0f9-9832d5fa1169,2026-06-09T08:00:00Z,2026-06-09T10:00:00+0200,4962.589502,MW,BE,BE,forecast_solar_generation,Solar,2026-06-20T07:43:41Z
2026-06-20T07:43:32Z,2026-06-20T09:43:32+0200,894e5e02-dbf3-4e88-b0f9-9832d5fa1169,2026-06-09T09:00:00Z,2026-06-09T11:00:00+0200,5325.613999,MW,BE,BE,forecast_solar_generation,Solar,2026-06-20T07:43:41Z
2026-06-20T07:43:32Z,2026-06-20T09:43:32+0200,894e5e02-dbf3-4e88-b0f9-9832d5fa1169,2026-06-09T10:00:00Z,2026-06-09T12:00:00+0200,5255.425751,MW,BE,BE,forecast_solar_generation,Solar,2026-06-20T07:43:41Z
2026-06-20T07:43:32Z,2026-06-20T09:43:32+0200,894e5e02-dbf3-4e88-b0f9-9832d5fa1169,2026-06-09T11:00:00Z,2026-06-09T13:00:00+0200,5091.380749,MW,BE,BE,forecast_solar_generation,Solar,2026-06-20T07:43:41Z
2026-06-20T07:43:32Z,2026-06-20T09:43:32+0200,894e5e02-dbf3-4e88-b0f9-9832d5fa1169,2026-06-09T12:00:00Z,2026-06-09T14:00:00+0200,4869.068506,MW,BE,BE,forecast_solar_generation,Solar,2026-06-20T07:43:41Z
2026-06-20T07:43:32Z,2026-06-20T09:43:32+0200,894e5e02-dbf3-4e88-b0f9-9832d5fa1169,2026-06-09T13:00:00Z,2026-06-09T15:00:00+0200,4613.102998,MW,BE,BE,forecast_solar_generation,Solar,2026-06-20T07:43:41Z
2026-06-20T07:43:32Z,2026-06-20T09:43:32+0200,894e5e02-dbf3-4e88-b0f9-9832d5fa1169,2026-06-09T14:00:00Z,2026-06-09T16:00:00+0200,4184.471248,MW,BE,BE,forecast_solar_generation,Solar,2026-06-20T07:43:41Z
2026-06-20T07:43:32Z,2026-06-20T09:43:32+0200,894e5e02-dbf3-4e88-b0f9-9832d5fa1169,2026-06-09T15:00:00Z,2026-06-09T17:00:00+0200,3561.796493,MW,BE,BE,forecast_solar_generation,Solar,2026-06-20T07:43:41Z
2026-06-20T07:43:32Z,2026-06-20T09:43:32+0200,894e5e02-dbf3-4e88-b0f9-9832d5fa1169,2026-06-09T16:00:00Z,2026-06-09T18:00:00+0200,2558.199252,MW,BE,BE,forecast_solar_generation,Solar,2026-06-20T07:43:41Z
2026-06-20T07:43:32Z,2026-06-20T09:43:32+0200,894e5e02-dbf3-4e88-b0f9-9832d5fa1169,2026-06-09T17:00:00Z,2026-06-09T19:00:00+0200,1412.450999,MW,BE,BE,forecast_solar_generation,Solar,2026-06-20T07:43:41Z
2026-06-20T07:43:32Z,2026-06-20T09:43:32+0200,894e5e02-dbf3-4e88-b0f9-9832d5fa1169,2026-06-09T18:00:00Z,2026-06-09T20:00:00+0200,574.9465,MW,BE,BE,forecast_solar_generation,Solar,2026-06-20T07:43:41Z
2026-06-20T07:43:32Z,2026-06-20T09:43:32+0200,894e5e02-dbf3-4e88-b0f9-9832d5fa1169,2026-06-09T19:00:00Z,2026-06-09T21:00:00+0200,120.1665,MW,BE,BE,forecast_solar_generation,Solar,2026-06-20T07:43:41Z
2026-06-20T07:43:32Z,2026-06-20T09:43:32+0200,894e5e02-dbf3-4e88-b0f9-9832d5fa1169,2026-06-09T20:00:00Z,2026-06-09T22:00:00+0200,0.0,MW,BE,BE,forecast_solar_generation,Solar,2026-06-20T07:43:41Z
2026-06-20T07:43:32Z,2026-06-20T09:43:32+0200,894e5e02-dbf3-4e88-b0f9-9832d5fa1169,2026-06-09T21:00:00Z,2026-06-09T23:00:00+0200,0.0,MW,BE,BE,forecast_solar_generation,Solar,2026-06-20T07:43:41Z
2026-06-20T07:43:32Z,2026-06-20T09:43:32+0200,894e5e02-dbf3-4e88-b0f9-9832d5fa1169,2026-06-09T22:00:00Z,2026-06-10T00:00:00+0200,0.0,MW,BE,BE,forecast_solar_generation,Solar,2026-06-20T07:43:41Z
2026-06-20T07:43:32Z,2026-06-20T09:43:32+0200,894e5e02-dbf3-4e88-b0f9-9832d5fa1169,2026-06-09T23:00:00Z,2026-06-10T01:00:00+0200,0.0,MW,BE,BE,forecast_solar_generation,Solar,2026-06-20T07:43:41Z
2026-06-20T07:43:32Z,2026-06-20T09:43:32+0200,894e5e02-dbf3-4e88-b0f9-9832d5fa1169,2026-06-10T00:00:00Z,2026-06-10T02:00:00+0200,0.0,MW,BE,BE,forecast_solar_generation,Solar,2026-06-20T07:43:41Z
2026-06-20T07:43:32Z,2026-06-20T09:43:32+0200,894e5e02-dbf3-4e88-b0f9-9832d5fa1169,2026-06-10T01:00:00Z,2026-06-10T03:00:00+0200,0.0,MW,BE,BE,forecast_solar_generation,Solar,2026-06-20T07:43:41Z
2026-06-20T07:43:32Z,2026-06-20T09:43:32+0200,894e5e02-dbf3-4e88-b0f9-9832d5fa1169,2026-06-10T02:00:00Z,2026-06-10T04:00:00+0200,0.0,MW,BE,BE,forecast_solar_generation,Solar,2026-06-20T07:43:41Z
2026-06-20T07:43:32Z,2026-06-20T09:43:32+0200,894e5e02-dbf3-4e88-b0f9-9832d5fa1169,2026-06-10T03:00:00Z,2026-06-10T05:00:00+0200,25.9595,MW,BE,BE,forecast_solar_generation,Solar,2026-06-20T07:43:41Z
2026-06-20T07:43:32Z,2026-06-20T09:43:32+0200,894e5e02-dbf3-4e88-b0f9-9832d5fa1169,2026-06-10T04:00:00Z,2026-06-10T06:00:00+0200,352.43475,MW,BE,BE,forecast_solar_generation,Solar,2026-06-20T07:43:41Z
2026-06-20T07:43:32Z,2026-06-20T09:43:32+0200,894e5e02-dbf3-4e88-b0f9-9832d5fa1169,2026-06-10T05:00:00Z,2026-06-10T07:00:00+0200,1009.122998,MW,BE,BE,forecast_solar_generation,Solar,2026-06-20T07:43:41Z
2026-06-20T07:43:32Z,2026-06-20T09:43:32+0200,894e5e02-dbf3-4e88-b0f9-9832d5fa1169,2026-06-10T06:00:00Z,2026-06-10T08:00:00+0200,2140.3465,MW,BE,BE,forecast_solar_generation,Solar,2026-06-20T07:43:41Z
2026-06-20T07:43:32Z,2026-06-20T09:43:32+0200,894e5e02-dbf3-4e88-b0f9-9832d5fa1169,2026-06-10T07:00:00Z,2026-06-10T09:00:00+0200,3312.1385,MW,BE,BE,forecast_solar_generation,Solar,2026-06-20T07:43:41Z
2026-06-20T07:43:32Z,2026-06-20T09:43:32+0200,894e5e02-dbf3-4e88-b0f9-9832d5fa1169,2026-06-10T08:00:00Z,2026-06-10T10:00:00+0200,4156.956508,MW,BE,BE,forecast_solar_generation,Solar,2026-06-20T07:43:41Z
2026-06-20T07:43:32Z,2026-06-20T09:43:32+0200,894e5e02-dbf3-4e88-b0f9-9832d5fa1169,2026-06-10T09:00:00Z,2026-06-10T11:00:00+0200,4688.765245,MW,BE,BE,forecast_solar_generation,Solar,2026-06-20T07:43:41Z
2026-06-20T07:43:32Z,2026-06-20T09:43:32+0200,894e5e02-dbf3-4e88-b0f9-9832d5fa1169,2026-06-10T10:00:00Z,2026-06-10T12:00:00+0200,5053.375751,MW,BE,BE,forecast_solar_generation,Solar,2026-06-20T07:43:41Z
2026-06-20T07:43:32Z,2026-06-20T09:43:32+0200,894e5e02-dbf3-4e88-b0f9-9832d5fa1169,2026-06-10T11:00:00Z,2026-06-10T13:00:00+0200,4969.654245,MW,BE,BE,forecast_solar_generation,Solar,2026-06-20T07:43:41Z
2026-06-20T07:43:32Z,2026-06-20T09:43:32+0200,894e5e02-dbf3-4e88-b0f9-9832d5fa1169,2026-06-10T12:00:00Z,2026-06-10T14:00:00+0200,4570.561747,MW,BE,BE,forecast_solar_generation,Solar,2026-06-20T07:43:41Z
2026-06-20T07:43:32Z,2026-06-20T09:43:32+0200,894e5e02-dbf3-4e88-b0f9-9832d5fa1169,2026-06-10T13:00:00Z,2026-06-10T15:00:00+0200,4081.416248,MW,BE,BE,forecast_solar_generation,Solar,2026-06-20T07:43:41Z
2026-06-20T07:43:32Z,2026-06-20T09:43:32+0200,894e5e02-dbf3-4e88-b0f9-9832d5fa1169,2026-06-10T14:00:00Z,2026-06-10T16:00:00+0200,3704.325747,MW,BE,BE,forecast_solar_generation,Solar,2026-06-20T07:43:41Z
2026-06-20T07:43:32Z,2026-06-20T09:43:32+0200,894e5e02-dbf3-4e88-b0f9-9832d5fa1169,2026-06-10T15:00:00Z,2026-06-10T17:00:00+0200,3037.947743,MW,BE,BE,forecast_solar_generation,Solar,2026-06-20T07:43:41Z
2026-06-20T07:43:32Z,2026-06-20T09:43:32+0200,894e5e02-dbf3-4e88-b0f9-9832d5fa1169,2026-06-10T16:00:00Z,2026-06-10T18:00:00+0200,2131.94475,MW,BE,BE,forecast_solar_generation,Solar,2026-06-20T07:43:41Z
2026-06-20T07:43:32Z,2026-06-20T09:43:32+0200,894e5e02-dbf3-4e88-b0f9-9832d5fa1169,2026-06-10T17:00:00Z,2026-06-10T19:00:00+0200,1237.85825,MW,BE,BE,forecast_solar_generation,Solar,2026-06-20T07:43:41Z
2026-06-20T07:43:32Z,2026-06-20T09:43:32+0200,894e5e02-dbf3-4e88-b0f9-9832d5fa1169,2026-06-10T18:00:00Z,2026-06-10T20:00:00+0200,560.269,MW,BE,BE,forecast_solar_generation,Solar,2026-06-20T07:43:41Z
2026-06-20T07:43:32Z,2026-06-20T09:43:32+0200,894e5e02-dbf3-4e88-b0f9-9832d5fa1169,2026-06-10T19:00:00Z,2026-06-10T21:00:00+0200,101.39575,MW,BE,BE,forecast_solar_generation,Solar,2026-06-20T07:43:41Z
2026-06-20T07:43:32Z,2026-06-20T09:43:32+0200,894e5e02-dbf3-4e88-b0f9-9832d5fa1169,2026-06-10T20:00:00Z,2026-06-10T22:00:00+0200,0.0,MW,BE,BE,forecast_solar_generation,Solar,2026-06-20T07:43:41Z
2026-06-20T07:43:32Z,2026-06-20T09:43:32+0200,894e5e02-dbf3-4e88-b0f9-9832d5fa1169,2026-06-10T21:00:00Z,2026-06-10T23:00:00+0200,0.0,MW,BE,BE,forecast_solar_generation,Solar,2026-06-20T07:43:41Z
2026-06-20T07:43:32Z,2026-06-20T09:43:32+0200,894e5e02-dbf3-4e88-b0f9-9832d5fa1169,2026-06-10T22:00:00Z,2026-06-11T00:00:00+0200,0.0,MW,BE,BE,forecast_solar_generation,Solar,2026-06-20T07:43:41Z
2026-06-20T07:43:32Z,2026-06-20T09:43:32+0200,894e5e02-dbf3-4e88-b0f9-9832d5fa1169,2026-06-10T23:00:00Z,2026-06-11T01:00:00+0200,0.0,MW,BE,BE,forecast_solar_generation,Solar,2026-06-20T07:43:41Z
2026-06-20T07:43:32Z,2026-06-20T09:43:32+0200,894e5e02-dbf3-4e88-b0f9-9832d5fa1169,2026-06-11T00:00:00Z,2026-06-11T02:00:00+0200,0.0,MW,BE,BE,forecast_solar_generation,Solar,2026-06-20T07:43:41Z
2026-06-20T07:43:32Z,2026-06-20T09:43:32+0200,894e5e02-dbf3-4e88-b0f9-9832d5fa1169,2026-06-11T01:00:00Z,2026-06-11T03:00:00+0200,0.0,MW,BE,BE,forecast_solar_generation,Solar,2026-06-20T07:43:41Z
2026-06-20T07:43:32Z,2026-06-20T09:43:32+0200,894e5e02-dbf3-4e88-b0f9-9832d5fa1169,2026-06-11T02:00:00Z,2026-06-11T04:00:00+0200,0.0,MW,BE,BE,forecast_solar_generation,Solar,2026-06-20T07:43:41Z
2026-06-20T07:43:32Z,2026-06-20T09:43:32+0200,894e5e02-dbf3-4e88-b0f9-9832d5fa1169,2026-06-11T03:00:00Z,2026-06-11T05:00:00+0200,26.62125,MW,BE,BE,forecast_solar_generation,Solar,2026-06-20T07:43:41Z
2026-06-20T07:43:32Z,2026-06-20T09:43:32+0200,894e5e02-dbf3-4e88-b0f9-9832d5fa1169,2026-06-11T04:00:00Z,2026-06-11T06:00:00+0200,358.958249,MW,BE,BE,forecast_solar_generation,Solar,2026-06-20T07:43:41Z
2026-06-20T07:43:32Z,2026-06-20T09:43:32+0200,894e5e02-dbf3-4e88-b0f9-9832d5fa1169,2026-06-11T05:00:00Z,2026-06-11T07:00:00+0200,1017.99475,MW,BE,BE,forecast_solar_generation,Solar,2026-06-20T07:43:41Z
2026-06-20T07:43:32Z,2026-06-20T09:43:32+0200,894e5e02-dbf3-4e88-b0f9-9832d5fa1169,2026-06-11T06:00:00Z,2026-06-11T08:00:00+0200,2255.036,MW,BE,BE,forecast_solar_generation,Solar,2026-06-20T07:43:41Z
2026-06-20T07:43:32Z,2026-06-20T09:43:32+0200,894e5e02-dbf3-4e88-b0f9-9832d5fa1169,2026-06-11T07:00:00Z,2026-06-11T09:00:00+0200,3577.983249,MW,BE,BE,forecast_solar_generation,Solar,2026-06-20T07:43:41Z
2026-06-20T07:43:32Z,2026-06-20T09:43:32+0200,894e5e02-dbf3-4e88-b0f9-9832d5fa1169,2026-06-11T08:00:00Z,2026-06-11T10:00:00+0200,4428.1325,MW,BE,BE,forecast_solar_generation,Solar,2026-06-20T07:43:41Z
2026-06-20T07:43:32Z,2026-06-20T09:43:32+0200,894e5e02-dbf3-4e88-b0f9-9832d5fa1169,2026-06-11T09:00:00Z,2026-06-11T11:00:00+0200,4669.329001,MW,BE,BE,forecast_solar_generation,Solar,2026-06-20T07:43:41Z
2026-06-20T07:43:32Z,2026-06-20T09:43:32+0200,894e5e02-dbf3-4e88-b0f9-9832d5fa1169,2026-06-11T10:00:00Z,2026-06-11T12:00:00+0200,4438.780751,MW,BE,BE,forecast_solar_generation,Solar,2026-06-20T07:43:41Z
2026-06-20T07:43:32Z,2026-06-20T09:43:32+0200,894e5e02-dbf3-4e88-b0f9-9832d5fa1169,2026-06-11T11:00:00Z,2026-06-11T13:00:00+0200,3906.409748,MW,BE,BE,forecast_solar_generation,Solar,2026-06-20T07:43:41Z
2026-06-20T07:43:32Z,2026-06-20T09:43:32+0200,894e5e02-dbf3-4e88-b0f9-9832d5fa1169,2026-06-11T12:00:00Z,2026-06-11T14:00:00+0200,3112.037499,MW,BE,BE,forecast_solar_generation,Solar,2026-06-20T07:43:41Z
2026-06-20T07:43:32Z,2026-06-20T09:43:32+0200,894e5e02-dbf3-4e88-b0f9-9832d5fa1169,2026-06-11T13:00:00Z,2026-06-11T15:00:00+0200,2309.602,MW,BE,BE,forecast_solar_generation,Solar,2026-06-20T07:43:41Z
2026-06-20T07:43:32Z,2026-06-20T09:43:32+0200,894e5e02-dbf3-4e88-b0f9-9832d5fa1169,2026-06-11T14:00:00Z,2026-06-11T16:00:00+0200,1671.875749,MW,BE,BE,forecast_solar_generation,Solar,2026-06-20T07:43:41Z
2026-06-20T07:43:32Z,2026-06-20T09:43:32+0200,894e5e02-dbf3-4e88-b0f9-9832d5fa1169,2026-06-11T15:00:00Z,2026-06-11T17:00:00+0200,1218.883749,MW,BE,BE,forecast_solar_generation,Solar,2026-06-20T07:43:41Z
2026-06-20T07:43:32Z,2026-06-20T09:43:32+0200,894e5e02-dbf3-4e88-b0f9-9832d5fa1169,2026-06-11T16:00:00Z,2026-06-11T18:00:00+0200,856.63925,MW,BE,BE,forecast_solar_generation,Solar,2026-06-20T07:43:41Z
2026-06-20T07:43:32Z,2026-06-20T09:43:32+0200,894e5e02-dbf3-4e88-b0f9-9832d5fa1169,2026-06-11T17:00:00Z,2026-06-11T19:00:00+0200,530.807499,MW,BE,BE,forecast_solar_generation,Solar,2026-06-20T07:43:41Z
2026-06-20T07:43:32Z,2026-06-20T09:43:32+0200,894e5e02-dbf3-4e88-b0f9-9832d5fa1169,2026-06-11T18:00:00Z,2026-06-11T20:00:00+0200,234.5805,MW,BE,BE,forecast_solar_generation,Solar,2026-06-20T07:43:41Z
2026-06-20T07:43:32Z,2026-06-20T09:43:32+0200,894e5e02-dbf3-4e88-b0f9-9832d5fa1169,2026-06-11T19:00:00Z,2026-06-11T21:00:00+0200,36.988,MW,BE,BE,forecast_solar_generation,Solar,2026-06-20T07:43:41Z
2026-06-20T07:43:32Z,2026-06-20T09:43:32+0200,894e5e02-dbf3-4e88-b0f9-9832d5fa1169,2026-06-11T20:00:00Z,2026-06-11T22:00:00+0200,0.0,MW,BE,BE,forecast_solar_generation,Solar,2026-06-20T07:43:41Z
2026-06-20T07:43:32Z,2026-06-20T09:43:32+0200,894e5e02-dbf3-4e88-b0f9-9832d5fa1169,2026-06-11T21:00:00Z,2026-06-11T23:00:00+0200,0.0,MW,BE,BE,forecast_solar_generation,Solar,2026-06-20T07:43:41Z
2026-06-20T07:43:32Z,2026-06-20T09:43:32+0200,894e5e02-dbf3-4e88-b0f9-9832d5fa1169,2026-06-11T22:00:00Z,2026-06-12T00:00:00+0200,0.0,MW,BE,BE,forecast_solar_generation,Solar,2026-06-20T07:43:41Z
2026-06-20T07:43:32Z,2026-06-20T09:43:32+0200,894e5e02-dbf3-4e88-b0f9-9832d5fa1169,2026-06-11T23:00:00Z,2026-06-12T01:00:00+0200,0.0,MW,BE,BE,forecast_solar_generation,Solar,2026-06-20T07:43:41Z
2026-06-20T07:43:32Z,2026-06-20T09:43:32+0200,894e5e02-dbf3-4e88-b0f9-9832d5fa1169,2026-06-12T00:00:00Z,2026-06-12T02:00:00+0200,0.0,MW,BE,BE,forecast_solar_generation,Solar,2026-06-20T07:43:41Z
2026-06-20T07:43:32Z,2026-06-20T09:43:32+0200,894e5e02-dbf3-4e88-b0f9-9832d5fa1169,2026-06-12T01:00:00Z,2026-06-12T03:00:00+0200,0.0,MW,BE,BE,forecast_solar_generation,Solar,2026-06-20T07:43:41Z
2026-06-20T07:43:32Z,2026-06-20T09:43:32+0200,894e5e02-dbf3-4e88-b0f9-9832d5fa1169,2026-06-12T02:00:00Z,2026-06-12T04:00:00+0200,0.0,MW,BE,BE,forecast_solar_generation,Solar,2026-06-20T07:43:41Z
2026-06-20T07:43:32Z,2026-06-20T09:43:32+0200,894e5e02-dbf3-4e88-b0f9-9832d5fa1169,2026-06-12T03:00:00Z,2026-06-12T05:00:00+0200,6.352,MW,BE,BE,forecast_solar_generation,Solar,2026-06-20T07:43:41Z
2026-06-20T07:43:32Z,2026-06-20T09:43:32+0200,894e5e02-dbf3-4e88-b0f9-9832d5fa1169,2026-06-12T04:00:00Z,2026-06-12T06:00:00+0200,109.77675,MW,BE,BE,forecast_solar_generation,Solar,2026-06-20T07:43:41Z
2026-06-20T07:43:32Z,2026-06-20T09:43:32+0200,894e5e02-dbf3-4e88-b0f9-9832d5fa1169,2026-06-12T05:00:00Z,2026-06-12T07:00:00+0200,356.11625,MW,BE,BE,forecast_solar_generation,Solar,2026-06-20T07:43:41Z
2026-06-20T07:43:32Z,2026-06-20T09:43:32+0200,894e5e02-dbf3-4e88-b0f9-9832d5fa1169,2026-06-12T06:00:00Z,2026-06-12T08:00:00+0200,727.261001,MW,BE,BE,forecast_solar_generation,Solar,2026-06-20T07:43:41Z
2026-06-20T07:43:32Z,2026-06-20T09:43:32+0200,894e5e02-dbf3-4e88-b0f9-9832d5fa1169,2026-06-12T07:00:00Z,2026-06-12T09:00:00+0200,1228.881998,MW,BE,BE,forecast_solar_generation,Solar,2026-06-20T07:43:41Z
2026-06-20T07:43:32Z,2026-06-20T09:43:32+0200,894e5e02-dbf3-4e88-b0f9-9832d5fa1169,2026-06-12T08:00:00Z,2026-06-12T10:00:00+0200,1736.43075,MW,BE,BE,forecast_solar_generation,Solar,2026-06-20T07:43:41Z
2026-06-20T07:43:32Z,2026-06-20T09:43:32+0200,894e5e02-dbf3-4e88-b0f9-9832d5fa1169,2026-06-12T09:00:00Z,2026-06-12T11:00:00+0200,1976.574999,MW,BE,BE,forecast_solar_generation,Solar,2026-06-20T07:43:41Z
2026-06-20T07:43:32Z,2026-06-20T09:43:32+0200,894e5e02-dbf3-4e88-b0f9-9832d5fa1169,2026-06-12T10:00:00Z,2026-06-12T12:00:00+0200,1896.448998,MW,BE,BE,forecast_solar_generation,Solar,2026-06-20T07:43:41Z
2026-06-20T07:43:32Z,2026-06-20T09:43:32+0200,894e5e02-dbf3-4e88-b0f9-9832d5fa1169,2026-06-12T11:00:00Z,2026-06-12T13:00:00+0200,1981.585748,MW,BE,BE,forecast_solar_generation,Solar,2026-06-20T07:43:41Z
2026-06-20T07:43:32Z,2026-06-20T09:43:32+0200,894e5e02-dbf3-4e88-b0f9-9832d5fa1169,2026-06-12T12:00:00Z,2026-06-12T14:00:00+0200,2176.529002,MW,BE,BE,forecast_solar_generation,Solar,2026-06-20T07:43:41Z
2026-06-20T07:43:32Z,2026-06-20T09:43:32+0200,894e5e02-dbf3-4e88-b0f9-9832d5fa1169,2026-06-12T13:00:00Z,2026-06-12T15:00:00+0200,2228.207002,MW,BE,BE,forecast_solar_generation,Solar,2026-06-20T07:43:41Z
2026-06-20T07:43:32Z,2026-06-20T09:43:32+0200,894e5e02-dbf3-4e88-b0f9-9832d5fa1169,2026-06-12T14:00:00Z,2026-06-12T16:00:00+0200,2164.740997,MW,BE,BE,forecast_solar_generation,Solar,2026-06-20T07:43:41Z
2026-06-20T07:43:32Z,2026-06-20T09:43:32+0200,894e5e02-dbf3-4e88-b0f9-9832d5fa1169,2026-06-12T15:00:00Z,2026-06-12T17:00:00+0200,1961.458748,MW,BE,BE,forecast_solar_generation,Solar,2026-06-20T07:43:41Z
2026-06-20T07:43:32Z,2026-06-20T09:43:32+0200,894e5e02-dbf3-4e88-b0f9-9832d5fa1169,2026-06-12T16:00:00Z,2026-06-12T18:00:00+0200,1550.422001,MW,BE,BE,forecast_solar_generation,Solar,2026-06-20T07:43:41Z
2026-06-20T07:43:32Z,2026-06-20T09:43:32+0200,894e5e02-dbf3-4e88-b0f9-9832d5fa1169,2026-06-12T17:00:00Z,2026-06-12T19:00:00+0200,987.5375,MW,BE,BE,forecast_solar_generation,Solar,2026-06-20T07:43:41Z
2026-06-20T07:43:32Z,2026-06-20T09:43:32+0200,894e5e02-dbf3-4e88-b0f9-9832d5fa1169,2026-06-12T18:00:00Z,2026-06-12T20:00:00+0200,454.4755,MW,BE,BE,forecast_solar_generation,Solar,2026-06-20T07:43:41Z
2026-06-20T07:43:32Z,2026-06-20T09:43:32+0200,894e5e02-dbf3-4e88-b0f9-9832d5fa1169,2026-06-12T19:00:00Z,2026-06-12T21:00:00+0200,82.59625,MW,BE,BE,forecast_solar_generation,Solar,2026-06-20T07:43:41Z
2026-06-20T07:43:32Z,2026-06-20T09:43:32+0200,894e5e02-dbf3-4e88-b0f9-9832d5fa1169,2026-06-12T20:00:00Z,2026-06-12T22:00:00+0200,0.0,MW,BE,BE,forecast_solar_generation,Solar,2026-06-20T07:43:41Z
2026-06-20T07:43:32Z,2026-06-20T09:43:32+0200,894e5e02-dbf3-4e88-b0f9-9832d5fa1169,2026-06-12T21:00:00Z,2026-06-12T23:00:00+0200,0.0,MW,BE,BE,forecast_solar_generation,Solar,2026-06-20T07:43:41Z
2026-06-20T07:43:32Z,2026-06-20T09:43:32+0200,894e5e02-dbf3-4e88-b0f9-9832d5fa1169,2026-06-12T22:00:00Z,2026-06-13T00:00:00+0200,0.0,MW,BE,BE,forecast_solar_generation,Solar,2026-06-20T07:43:41Z
2026-06-20T07:43:32Z,2026-06-20T09:43:32+0200,894e5e02-dbf3-4e88-b0f9-9832d5fa1169,2026-06-12T23:00:00Z,2026-06-13T01:00:00+0200,0.0,MW,BE,BE,forecast_solar_generation,Solar,2026-06-20T07:43:41Z
2026-06-20T07:43:32Z,2026-06-20T09:43:32+0200,894e5e02-dbf3-4e88-b0f9-9832d5fa1169,2026-06-13T00:00:00Z,2026-06-13T02:00:00+0200,0.0,MW,BE,BE,forecast_solar_generation,Solar,2026-06-20T07:43:41Z
2026-06-20T07:43:32Z,2026-06-20T09:43:32+0200,894e5e02-dbf3-4e88-b0f9-9832d5fa1169,2026-06-13T01:00:00Z,2026-06-13T03:00:00+0200,0.0,MW,BE,BE,forecast_solar_generation,Solar,2026-06-20T07:43:41Z
2026-06-20T07:43:32Z,2026-06-20T09:43:32+0200,894e5e02-dbf3-4e88-b0f9-9832d5fa1169,2026-06-13T02:00:00Z,2026-06-13T04:00:00+0200,0.0,MW,BE,BE,forecast_solar_generation,Solar,2026-06-20T07:43:41Z
2026-06-20T07:43:32Z,2026-06-20T09:43:32+0200,894e5e02-dbf3-4e88-b0f9-9832d5fa1169,2026-06-13T03:00:00Z,2026-06-13T05:00:00+0200,20.445,MW,BE,BE,forecast_solar_generation,Solar,2026-06-20T07:43:41Z
2026-06-20T07:43:32Z,2026-06-20T09:43:32+0200,894e5e02-dbf3-4e88-b0f9-9832d5fa1169,2026-06-13T04:00:00Z,2026-06-13T06:00:00+0200,316.0145,MW,BE,BE,forecast_solar_generation,Solar,2026-06-20T07:43:41Z
2026-06-20T07:43:32Z,2026-06-20T09:43:32+0200,894e5e02-dbf3-4e88-b0f9-9832d5fa1169,2026-06-13T05:00:00Z,2026-06-13T07:00:00+0200,926.968001,MW,BE,BE,forecast_solar_generation,Solar,2026-06-20T07:43:41Z
2026-06-20T07:43:32Z,2026-06-20T09:43:32+0200,894e5e02-dbf3-4e88-b0f9-9832d5fa1169,2026-06-13T06:00:00Z,2026-06-13T08:00:00+0200,1806.113001,MW,BE,BE,forecast_solar_generation,Solar,2026-06-20T07:43:41Z
2026-06-20T07:43:32Z,2026-06-20T09:43:32+0200,894e5e02-dbf3-4e88-b0f9-9832d5fa1169,2026-06-13T07:00:00Z,2026-06-13T09:00:00+0200,2862.105006,MW,BE,BE,forecast_solar_generation,Solar,2026-06-20T07:43:41Z
2026-06-20T07:43:32Z,2026-06-20T09:43:32+0200,894e5e02-dbf3-4e88-b0f9-9832d5fa1169,2026-06-13T08:00:00Z,2026-06-13T10:00:00+0200,3878.8635,MW,BE,BE,forecast_solar_generation,Solar,2026-06-20T07:43:41Z
2026-06-20T07:43:32Z,2026-06-20T09:43:32+0200,894e5e02-dbf3-4e88-b0f9-9832d5fa1169,2026-06-13T09:00:00Z,2026-06-13T11:00:00+0200,4853.08325,MW,BE,BE,forecast_solar_generation,Solar,2026-06-20T07:43:41Z
2026-06-20T07:43:32Z,2026-06-20T09:43:32+0200,894e5e02-dbf3-4e88-b0f9-9832d5fa1169,2026-06-13T10:00:00Z,2026-06-13T12:00:00+0200,5805.652748,MW,BE,BE,forecast_solar_generation,Solar,2026-06-20T07:43:41Z
2026-06-20T07:43:32Z,2026-06-20T09:43:32+0200,894e5e02-dbf3-4e88-b0f9-9832d5fa1169,2026-06-13T11:00:00Z,2026-06-13T13:00:00+0200,6524.207735,MW,BE,BE,forecast_solar_generation,Solar,2026-06-20T07:43:41Z
2026-06-20T07:43:32Z,2026-06-20T09:43:32+0200,894e5e02-dbf3-4e88-b0f9-9832d5fa1169,2026-06-13T12:00:00Z,2026-06-13T14:00:00+0200,6816.252501,MW,BE,BE,forecast_solar_generation,Solar,2026-06-20T07:43:41Z
2026-06-20T07:43:32Z,2026-06-20T09:43:32+0200,894e5e02-dbf3-4e88-b0f9-9832d5fa1169,2026-06-13T13:00:00Z,2026-06-13T15:00:00+0200,6565.774254,MW,BE,BE,forecast_solar_generation,Solar,2026-06-20T07:43:41Z
2026-06-20T07:43:32Z,2026-06-20T09:43:32+0200,894e5e02-dbf3-4e88-b0f9-9832d5fa1169,2026-06-13T14:00:00Z,2026-06-13T16:00:00+0200,5725.640506,MW,BE,BE,forecast_solar_generation,Solar,2026-06-20T07:43:41Z
2026-06-20T07:43:32Z,2026-06-20T09:43:32+0200,894e5e02-dbf3-4e88-b0f9-9832d5fa1169,2026-06-13T15:00:00Z,2026-06-13T17:00:00+0200,4496.432996,MW,BE,BE,forecast_solar_generation,Solar,2026-06-20T07:43:41Z
2026-06-20T07:43:32Z,2026-06-20T09:43:32+0200,894e5e02-dbf3-4e88-b0f9-9832d5fa1169,2026-06-13T16:00:00Z,2026-06-13T18:00:00+0200,2952.988502,MW,BE,BE,forecast_solar_generation,Solar,2026-06-20T07:43:41Z
2026-06-20T07:43:32Z,2026-06-20T09:43:32+0200,894e5e02-dbf3-4e88-b0f9-9832d5fa1169,2026-06-13T17:00:00Z,2026-06-13T19:00:00+0200,1419.225248,MW,BE,BE,forecast_solar_generation,Solar,2026-06-20T07:43:41Z
2026-06-20T07:43:32Z,2026-06-20T09:43:32+0200,894e5e02-dbf3-4e88-b0f9-9832d5fa1169,2026-06-13T18:00:00Z,2026-06-13T20:00:00+0200,536.807,MW,BE,BE,forecast_solar_generation,Solar,2026-06-20T07:43:41Z
2026-06-20T07:43:32Z,2026-06-20T09:43:32+0200,894e5e02-dbf3-4e88-b0f9-9832d5fa1169,2026-06-13T19:00:00Z,2026-06-13T21:00:00+0200,122.564,MW,BE,BE,forecast_solar_generation,Solar,2026-06-20T07:43:41Z
2026-06-20T07:43:32Z,2026-06-20T09:43:32+0200,894e5e02-dbf3-4e88-b0f9-9832d5fa1169,2026-06-13T20:00:00Z,2026-06-13T22:00:00+0200,0.0,MW,BE,BE,forecast_solar_generation,Solar,2026-06-20T07:43:41Z
2026-06-20T07:43:32Z,2026-06-20T09:43:32+0200,894e5e02-dbf3-4e88-b0f9-9832d5fa1169,2026-06-13T21:00:00Z,2026-06-13T23:00:00+0200,0.0,MW,BE,BE,forecast_solar_generation,Solar,2026-06-20T07:43:41Z
2026-06-20T07:43:32Z,2026-06-20T09:43:32+0200,894e5e02-dbf3-4e88-b0f9-9832d5fa1169,2026-06-13T22:00:00Z,2026-06-14T00:00:00+0200,0.0,MW,BE,BE,forecast_solar_generation,Solar,2026-06-20T07:43:41Z
2026-06-20T07:43:32Z,2026-06-20T09:43:32+0200,894e5e02-dbf3-4e88-b0f9-9832d5fa1169,2026-06-13T23:00:00Z,2026-06-14T01:00:00+0200,0.0,MW,BE,BE,forecast_solar_generation,Solar,2026-06-20T07:43:41Z
2026-06-20T07:43:32Z,2026-06-20T09:43:32+0200,894e5e02-dbf3-4e88-b0f9-9832d5fa1169,2026-06-14T00:00:00Z,2026-06-14T02:00:00+0200,0.0,MW,BE,BE,forecast_solar_generation,Solar,2026-06-20T07:43:41Z
2026-06-20T07:43:32Z,2026-06-20T09:43:32+0200,894e5e02-dbf3-4e88-b0f9-9832d5fa1169,2026-06-14T01:00:00Z,2026-06-14T03:00:00+0200,0.0,MW,BE,BE,forecast_solar_generation,Solar,2026-06-20T07:43:41Z
2026-06-20T07:43:32Z,2026-06-20T09:43:32+0200,894e5e02-dbf3-4e88-b0f9-9832d5fa1169,2026-06-14T02:00:00Z,2026-06-14T04:00:00+0200,0.0,MW,BE,BE,forecast_solar_generation,Solar,2026-06-20T07:43:41Z
2026-06-20T07:43:32Z,2026-06-20T09:43:32+0200,894e5e02-dbf3-4e88-b0f9-9832d5fa1169,2026-06-14T03:00:00Z,2026-06-14T05:00:00+0200,27.88625,MW,BE,BE,forecast_solar_generation,Solar,2026-06-20T07:43:41Z
2026-06-20T07:43:32Z,2026-06-20T09:43:32+0200,894e5e02-dbf3-4e88-b0f9-9832d5fa1169,2026-06-14T04:00:00Z,2026-06-14T06:00:00+0200,333.623749,MW,BE,BE,forecast_solar_generation,Solar,2026-06-20T07:43:41Z
2026-06-20T07:43:32Z,2026-06-20T09:43:32+0200,894e5e02-dbf3-4e88-b0f9-9832d5fa1169,2026-06-14T05:00:00Z,2026-06-14T07:00:00+0200,961.182249,MW,BE,BE,forecast_solar_generation,Solar,2026-06-20T07:43:41Z
2026-06-20T07:43:32Z,2026-06-20T09:43:32+0200,894e5e02-dbf3-4e88-b0f9-9832d5fa1169,2026-06-14T06:00:00Z,2026-06-14T08:00:00+0200,2161.423002,MW,BE,BE,forecast_solar_generation,Solar,2026-06-20T07:43:41Z
2026-06-20T07:43:32Z,2026-06-20T09:43:32+0200,894e5e02-dbf3-4e88-b0f9-9832d5fa1169,2026-06-14T07:00:00Z,2026-06-14T09:00:00+0200,3214.536498,MW,BE,BE,forecast_solar_generation,Solar,2026-06-20T07:43:41Z
2026-06-20T07:43:32Z,2026-06-20T09:43:32+0200,894e5e02-dbf3-4e88-b0f9-9832d5fa1169,2026-06-14T08:00:00Z,2026-06-14T10:00:00+0200,3949.541748,MW,BE,BE,forecast_solar_generation,Solar,2026-06-20T07:43:41Z
2026-06-20T07:43:32Z,2026-06-20T09:43:32+0200,894e5e02-dbf3-4e88-b0f9-9832d5fa1169,2026-06-14T09:00:00Z,2026-06-14T11:00:00+0200,4465.877505,MW,BE,BE,forecast_solar_generation,Solar,2026-06-20T07:43:41Z
2026-06-20T07:43:32Z,2026-06-20T09:43:32+0200,894e5e02-dbf3-4e88-b0f9-9832d5fa1169,2026-06-14T10:00:00Z,2026-06-14T12:00:00+0200,4778.130004,MW,BE,BE,forecast_solar_generation,Solar,2026-06-20T07:43:41Z
2026-06-20T07:43:32Z,2026-06-20T09:43:32+0200,894e5e02-dbf3-4e88-b0f9-9832d5fa1169,2026-06-14T11:00:00Z,2026-06-14T13:00:00+0200,4924.385256,MW,BE,BE,forecast_solar_generation,Solar,2026-06-20T07:43:41Z
2026-06-20T07:43:32Z,2026-06-20T09:43:32+0200,894e5e02-dbf3-4e88-b0f9-9832d5fa1169,2026-06-14T12:00:00Z,2026-06-14T14:00:00+0200,4999.699004,MW,BE,BE,forecast_solar_generation,Solar,2026-06-20T07:43:41Z
2026-06-20T07:43:32Z,2026-06-20T09:43:32+0200,894e5e02-dbf3-4e88-b0f9-9832d5fa1169,2026-06-14T13:00:00Z,2026-06-14T15:00:00+0200,4837.734261,MW,BE,BE,forecast_solar_generation,Solar,2026-06-20T07:43:41Z
2026-06-20T07:43:32Z,2026-06-20T09:43:32+0200,894e5e02-dbf3-4e88-b0f9-9832d5fa1169,2026-06-14T14:00:00Z,2026-06-14T16:00:00+0200,4289.871753,MW,BE,BE,forecast_solar_generation,Solar,2026-06-20T07:43:41Z
2026-06-20T07:43:32Z,2026-06-20T09:43:32+0200,894e5e02-dbf3-4e88-b0f9-9832d5fa1169,2026-06-14T15:00:00Z,2026-06-14T17:00:00+0200,3543.247995,MW,BE,BE,forecast_solar_generation,Solar,2026-06-20T07:43:41Z
2026-06-20T07:43:32Z,2026-06-20T09:43:32+0200,894e5e02-dbf3-4e88-b0f9-9832d5fa1169,2026-06-14T16:00:00Z,2026-06-14T18:00:00+0200,2504.055498,MW,BE,BE,forecast_solar_generation,Solar,2026-06-20T07:43:41Z
2026-06-20T07:43:32Z,2026-06-20T09:43:32+0200,894e5e02-dbf3-4e88-b0f9-9832d5fa1169,2026-06-14T17:00:00Z,2026-06-14T19:00:00+0200,1392.003999,MW,BE,BE,forecast_solar_generation,Solar,2026-06-20T07:43:41Z
2026-06-20T07:43:32Z,2026-06-20T09:43:32+0200,894e5e02-dbf3-4e88-b0f9-9832d5fa1169,2026-06-14T18:00:00Z,2026-06-14T20:00:00+0200,597.052499,MW,BE,BE,forecast_solar_generation,Solar,2026-06-20T07:43:41Z
2026-06-20T07:43:32Z,2026-06-20T09:43:32+0200,894e5e02-dbf3-4e88-b0f9-9832d5fa1169,2026-06-14T19:00:00Z,2026-06-14T21:00:00+0200,126.6315,MW,BE,BE,forecast_solar_generation,Solar,2026-06-20T07:43:41Z
2026-06-20T07:43:32Z,2026-06-20T09:43:32+0200,894e5e02-dbf3-4e88-b0f9-9832d5fa1169,2026-06-14T20:00:00Z,2026-06-14T22:00:00+0200,0.0,MW,BE,BE,forecast_solar_generation,Solar,2026-06-20T07:43:41Z
2026-06-20T07:43:32Z,2026-06-20T09:43:32+0200,894e5e02-dbf3-4e88-b0f9-9832d5fa1169,2026-06-14T21:00:00Z,2026-06-14T23:00:00+0200,0.0,MW,BE,BE,forecast_solar_generation,Solar,2026-06-20T07:43:41Z
2026-06-20T07:43:32Z,2026-06-20T09:43:32+0200,894e5e02-dbf3-4e88-b0f9-9832d5fa1169,2026-06-14T22:00:00Z,2026-06-15T00:00:00+0200,0.0,MW,BE,BE,forecast_solar_generation,Solar,2026-06-20T07:43:41Z
2026-06-20T07:43:32Z,2026-06-20T09:43:32+0200,894e5e02-dbf3-4e88-b0f9-9832d5fa1169,2026-06-14T23:00:00Z,2026-06-15T01:00:00+0200,0.0,MW,BE,BE,forecast_solar_generation,Solar,2026-06-20T07:43:41Z
2026-06-20T07:43:32Z,2026-06-20T09:43:32+0200,894e5e02-dbf3-4e88-b0f9-9832d5fa1169,2026-06-15T00:00:00Z,2026-06-15T02:00:00+0200,0.0,MW,BE,BE,forecast_solar_generation,Solar,2026-06-20T07:43:41Z
2026-06-20T07:43:32Z,2026-06-20T09:43:32+0200,894e5e02-dbf3-4e88-b0f9-9832d5fa1169,2026-06-15T01:00:00Z,2026-06-15T03:00:00+0200,0.0,MW,BE,BE,forecast_solar_generation,Solar,2026-06-20T07:43:41Z
2026-06-20T07:43:32Z,2026-06-20T09:43:32+0200,894e5e02-dbf3-4e88-b0f9-9832d5fa1169,2026-06-15T02:00:00Z,2026-06-15T04:00:00+0200,0.0,MW,BE,BE,forecast_solar_generation,Solar,2026-06-20T07:43:41Z
2026-06-20T07:43:32Z,2026-06-20T09:43:32+0200,894e5e02-dbf3-4e88-b0f9-9832d5fa1169,2026-06-15T03:00:00Z,2026-06-15T05:00:00+0200,27.84875,MW,BE,BE,forecast_solar_generation,Solar,2026-06-20T07:43:41Z
2026-06-20T07:43:32Z,2026-06-20T09:43:32+0200,894e5e02-dbf3-4e88-b0f9-9832d5fa1169,2026-06-15T04:00:00Z,2026-06-15T06:00:00+0200,338.775249,MW,BE,BE,forecast_solar_generation,Solar,2026-06-20T07:43:41Z
2026-06-20T07:43:32Z,2026-06-20T09:43:32+0200,894e5e02-dbf3-4e88-b0f9-9832d5fa1169,2026-06-15T05:00:00Z,2026-06-15T07:00:00+0200,957.2995,MW,BE,BE,forecast_solar_generation,Solar,2026-06-20T07:43:41Z
2026-06-20T07:43:32Z,2026-06-20T09:43:32+0200,894e5e02-dbf3-4e88-b0f9-9832d5fa1169,2026-06-15T06:00:00Z,2026-06-15T08:00:00+0200,2254.457751,MW,BE,BE,forecast_solar_generation,Solar,2026-06-20T07:43:41Z
2026-06-20T07:43:32Z,2026-06-20T09:43:32+0200,894e5e02-dbf3-4e88-b0f9-9832d5fa1169,2026-06-15T07:00:00Z,2026-06-15T09:00:00+0200,3635.237747,MW,BE,BE,forecast_solar_generation,Solar,2026-06-20T07:43:41Z
2026-06-20T07:43:32Z,2026-06-20T09:43:32+0200,894e5e02-dbf3-4e88-b0f9-9832d5fa1169,2026-06-15T08:00:00Z,2026-06-15T10:00:00+0200,4582.203749,MW,BE,BE,forecast_solar_generation,Solar,2026-06-20T07:43:41Z
2026-06-20T07:43:32Z,2026-06-20T09:43:32+0200,894e5e02-dbf3-4e88-b0f9-9832d5fa1169,2026-06-15T09:00:00Z,2026-06-15T11:00:00+0200,5248.80951,MW,BE,BE,forecast_solar_generation,Solar,2026-06-20T07:43:41Z
2026-06-20T07:43:32Z,2026-06-20T09:43:32+0200,894e5e02-dbf3-4e88-b0f9-9832d5fa1169,2026-06-15T10:00:00Z,2026-06-15T12:00:00+0200,5798.601009,MW,BE,BE,forecast_solar_generation,Solar,2026-06-20T07:43:41Z
2026-06-20T07:43:32Z,2026-06-20T09:43:32+0200,894e5e02-dbf3-4e88-b0f9-9832d5fa1169,2026-06-15T11:00:00Z,2026-06-15T13:00:00+0200,6141.093757,MW,BE,BE,forecast_solar_generation,Solar,2026-06-20T07:43:41Z
2026-06-20T07:43:32Z,2026-06-20T09:43:32+0200,894e5e02-dbf3-4e88-b0f9-9832d5fa1169,2026-06-15T12:00:00Z,2026-06-15T14:00:00+0200,6184.421751,MW,BE,BE,forecast_solar_generation,Solar,2026-06-20T07:43:41Z
2026-06-20T07:43:32Z,2026-06-20T09:43:32+0200,894e5e02-dbf3-4e88-b0f9-9832d5fa1169,2026-06-15T13:00:00Z,2026-06-15T15:00:00+0200,5848.099256,MW,BE,BE,forecast_solar_generation,Solar,2026-06-20T07:43:41Z
2026-06-20T07:43:32Z,2026-06-20T09:43:32+0200,894e5e02-dbf3-4e88-b0f9-9832d5fa1169,2026-06-15T14:00:00Z,2026-06-15T16:00:00+0200,5102.215999,MW,BE,BE,forecast_solar_generation,Solar,2026-06-20T07:43:41Z
2026-06-20T07:43:32Z,2026-06-20T09:43:32+0200,894e5e02-dbf3-4e88-b0f9-9832d5fa1169,2026-06-15T15:00:00Z,2026-06-15T17:00:00+0200,4035.252011,MW,BE,BE,forecast_solar_generation,Solar,2026-06-20T07:43:41Z
2026-06-20T07:43:32Z,2026-06-20T09:43:32+0200,894e5e02-dbf3-4e88-b0f9-9832d5fa1169,2026-06-15T16:00:00Z,2026-06-15T18:00:00+0200,2723.283749,MW,BE,BE,forecast_solar_generation,Solar,2026-06-20T07:43:41Z
2026-06-20T07:43:32Z,2026-06-20T09:43:32+0200,894e5e02-dbf3-4e88-b0f9-9832d5fa1169,2026-06-15T17:00:00Z,2026-06-15T19:00:00+0200,1403.721998,MW,BE,BE,forecast_solar_generation,Solar,2026-06-20T07:43:41Z
2026-06-20T07:43:32Z,2026-06-20T09:43:32+0200,894e5e02-dbf3-4e88-b0f9-9832d5fa1169,2026-06-15T18:00:00Z,2026-06-15T20:00:00+0200,603.711499,MW,BE,BE,forecast_solar_generation,Solar,2026-06-20T07:43:41Z
2026-06-20T07:43:32Z,2026-06-20T09:43:32+0200,894e5e02-dbf3-4e88-b0f9-9832d5fa1169,2026-06-15T19:00:00Z,2026-06-15T21:00:00+0200,125.805999,MW,BE,BE,forecast_solar_generation,Solar,2026-06-20T07:43:41Z
2026-06-20T07:43:32Z,2026-06-20T09:43:32+0200,894e5e02-dbf3-4e88-b0f9-9832d5fa1169,2026-06-15T20:00:00Z,2026-06-15T22:00:00+0200,0.0,MW,BE,BE,forecast_solar_generation,Solar,2026-06-20T07:43:41Z
2026-06-20T07:43:32Z,2026-06-20T09:43:32+0200,894e5e02-dbf3-4e88-b0f9-9832d5fa1169,2026-06-15T21:00:00Z,2026-06-15T23:00:00+0200,0.0,MW,BE,BE,forecast_solar_generation,Solar,2026-06-20T07:43:41Z
2026-06-20T07:43:32Z,2026-06-20T09:43:32+0200,894e5e02-dbf3-4e88-b0f9-9832d5fa1169,2026-06-15T22:00:00Z,2026-06-16T00:00:00+0200,0.0,MW,BE,BE,forecast_solar_generation,Solar,2026-06-20T07:43:41Z
2026-06-20T07:43:32Z,2026-06-20T09:43:32+0200,894e5e02-dbf3-4e88-b0f9-9832d5fa1169,2026-06-15T23:00:00Z,2026-06-16T01:00:00+0200,0.0,MW,BE,BE,forecast_solar_generation,Solar,2026-06-20T07:43:41Z
2026-06-20T07:43:32Z,2026-06-20T09:43:32+0200,894e5e02-dbf3-4e88-b0f9-9832d5fa1169,2026-06-16T00:00:00Z,2026-06-16T02:00:00+0200,0.0,MW,BE,BE,forecast_solar_generation,Solar,2026-06-20T07:43:41Z
2026-06-20T07:43:32Z,2026-06-20T09:43:32+0200,894e5e02-dbf3-4e88-b0f9-9832d5fa1169,2026-06-16T01:00:00Z,2026-06-16T03:00:00+0200,0.0,MW,BE,BE,forecast_solar_generation,Solar,2026-06-20T07:43:41Z
2026-06-20T07:43:32Z,2026-06-20T09:43:32+0200,894e5e02-dbf3-4e88-b0f9-9832d5fa1169,2026-06-16T02:00:00Z,2026-06-16T04:00:00+0200,0.0,MW,BE,BE,forecast_solar_generation,Solar,2026-06-20T07:43:41Z
2026-06-20T07:43:32Z,2026-06-20T09:43:32+0200,894e5e02-dbf3-4e88-b0f9-9832d5fa1169,2026-06-16T03:00:00Z,2026-06-16T05:00:00+0200,18.70175,MW,BE,BE,forecast_solar_generation,Solar,2026-06-20T07:43:41Z
2026-06-20T07:43:32Z,2026-06-20T09:43:32+0200,894e5e02-dbf3-4e88-b0f9-9832d5fa1169,2026-06-16T04:00:00Z,2026-06-16T06:00:00+0200,291.754749,MW,BE,BE,forecast_solar_generation,Solar,2026-06-20T07:43:41Z
2026-06-20T07:43:32Z,2026-06-20T09:43:32+0200,894e5e02-dbf3-4e88-b0f9-9832d5fa1169,2026-06-16T05:00:00Z,2026-06-16T07:00:00+0200,855.993999,MW,BE,BE,forecast_solar_generation,Solar,2026-06-20T07:43:41Z
2026-06-20T07:43:32Z,2026-06-20T09:43:32+0200,894e5e02-dbf3-4e88-b0f9-9832d5fa1169,2026-06-16T06:00:00Z,2026-06-16T08:00:00+0200,1571.196254,MW,BE,BE,forecast_solar_generation,Solar,2026-06-20T07:43:41Z
2026-06-20T07:43:32Z,2026-06-20T09:43:32+0200,894e5e02-dbf3-4e88-b0f9-9832d5fa1169,2026-06-16T07:00:00Z,2026-06-16T09:00:00+0200,2491.413247,MW,BE,BE,forecast_solar_generation,Solar,2026-06-20T07:43:41Z
2026-06-20T07:43:32Z,2026-06-20T09:43:32+0200,894e5e02-dbf3-4e88-b0f9-9832d5fa1169,2026-06-16T08:00:00Z,2026-06-16T10:00:00+0200,3546.7545,MW,BE,BE,forecast_solar_generation,Solar,2026-06-20T07:43:41Z
2026-06-20T07:43:32Z,2026-06-20T09:43:32+0200,894e5e02-dbf3-4e88-b0f9-9832d5fa1169,2026-06-16T09:00:00Z,2026-06-16T11:00:00+0200,4383.336999,MW,BE,BE,forecast_solar_generation,Solar,2026-06-20T07:43:41Z
2026-06-20T07:43:32Z,2026-06-20T09:43:32+0200,894e5e02-dbf3-4e88-b0f9-9832d5fa1169,2026-06-16T10:00:00Z,2026-06-16T12:00:00+0200,5007.472499,MW,BE,BE,forecast_solar_generation,Solar,2026-06-20T07:43:41Z
2026-06-20T07:43:32Z,2026-06-20T09:43:32+0200,894e5e02-dbf3-4e88-b0f9-9832d5fa1169,2026-06-16T11:00:00Z,2026-06-16T13:00:00+0200,5531.215749,MW,BE,BE,forecast_solar_generation,Solar,2026-06-20T07:43:41Z
2026-06-20T07:43:32Z,2026-06-20T09:43:32+0200,894e5e02-dbf3-4e88-b0f9-9832d5fa1169,2026-06-16T12:00:00Z,2026-06-16T14:00:00+0200,5746.960001,MW,BE,BE,forecast_solar_generation,Solar,2026-06-20T07:43:41Z
2026-06-20T07:43:32Z,2026-06-20T09:43:32+0200,894e5e02-dbf3-4e88-b0f9-9832d5fa1169,2026-06-16T13:00:00Z,2026-06-16T15:00:00+0200,5723.020992,MW,BE,BE,forecast_solar_generation,Solar,2026-06-20T07:43:41Z
2026-06-20T07:43:32Z,2026-06-20T09:43:32+0200,894e5e02-dbf3-4e88-b0f9-9832d5fa1169,2026-06-16T14:00:00Z,2026-06-16T16:00:00+0200,5189.884994,MW,BE,BE,forecast_solar_generation,Solar,2026-06-20T07:43:41Z
2026-06-20T07:43:32Z,2026-06-20T09:43:32+0200,894e5e02-dbf3-4e88-b0f9-9832d5fa1169,2026-06-16T15:00:00Z,2026-06-16T17:00:00+0200,4168.830751,MW,BE,BE,forecast_solar_generation,Solar,2026-06-20T07:43:41Z
2026-06-20T07:43:32Z,2026-06-20T09:43:32+0200,894e5e02-dbf3-4e88-b0f9-9832d5fa1169,2026-06-16T16:00:00Z,2026-06-16T18:00:00+0200,2842.635998,MW,BE,BE,forecast_solar_generation,Solar,2026-06-20T07:43:41Z
2026-06-20T07:43:32Z,2026-06-20T09:43:32+0200,894e5e02-dbf3-4e88-b0f9-9832d5fa1169,2026-06-16T17:00:00Z,2026-06-16T19:00:00+0200,1426.95775,MW,BE,BE,forecast_solar_generation,Solar,2026-06-20T07:43:41Z
2026-06-20T07:43:32Z,2026-06-20T09:43:32+0200,894e5e02-dbf3-4e88-b0f9-9832d5fa1169,2026-06-16T18:00:00Z,2026-06-16T20:00:00+0200,546.599249,MW,BE,BE,forecast_solar_generation,Solar,2026-06-20T07:43:41Z
2026-06-20T07:43:32Z,2026-06-20T09:43:32+0200,894e5e02-dbf3-4e88-b0f9-9832d5fa1169,2026-06-16T19:00:00Z,2026-06-16T21:00:00+0200,126.45925,MW,BE,BE,forecast_solar_generation,Solar,2026-06-20T07:43:41Z
2026-06-20T07:43:32Z,2026-06-20T09:43:32+0200,894e5e02-dbf3-4e88-b0f9-9832d5fa1169,2026-06-16T20:00:00Z,2026-06-16T22:00:00+0200,0.0,MW,BE,BE,forecast_solar_generation,Solar,2026-06-20T07:43:41Z
2026-06-20T07:43:32Z,2026-06-20T09:43:32+0200,894e5e02-dbf3-4e88-b0f9-9832d5fa1169,2026-06-16T21:00:00Z,2026-06-16T23:00:00+0200,0.0,MW,BE,BE,forecast_solar_generation,Solar,2026-06-20T07:43:41Z
2026-06-20T07:43:32Z,2026-06-20T09:43:32+0200,894e5e02-dbf3-4e88-b0f9-9832d5fa1169,2026-06-16T22:00:00Z,2026-06-17T00:00:00+0200,0.0,MW,BE,BE,forecast_solar_generation,Solar,2026-06-20T07:43:41Z
2026-06-20T07:43:32Z,2026-06-20T09:43:32+0200,894e5e02-dbf3-4e88-b0f9-9832d5fa1169,2026-06-16T23:00:00Z,2026-06-17T01:00:00+0200,0.0,MW,BE,BE,forecast_solar_generation,Solar,2026-06-20T07:43:41Z
2026-06-20T07:43:32Z,2026-06-20T09:43:32+0200,894e5e02-dbf3-4e88-b0f9-9832d5fa1169,2026-06-17T00:00:00Z,2026-06-17T02:00:00+0200,0.0,MW,BE,BE,forecast_solar_generation,Solar,2026-06-20T07:43:41Z
2026-06-20T07:43:32Z,2026-06-20T09:43:32+0200,894e5e02-dbf3-4e88-b0f9-9832d5fa1169,2026-06-17T01:00:00Z,2026-06-17T03:00:00+0200,0.0,MW,BE,BE,forecast_solar_generation,Solar,2026-06-20T07:43:41Z
2026-06-20T07:43:32Z,2026-06-20T09:43:32+0200,894e5e02-dbf3-4e88-b0f9-9832d5fa1169,2026-06-17T02:00:00Z,2026-06-17T04:00:00+0200,0.0,MW,BE,BE,forecast_solar_generation,Solar,2026-06-20T07:43:41Z
2026-06-20T07:43:32Z,2026-06-20T09:43:32+0200,894e5e02-dbf3-4e88-b0f9-9832d5fa1169,2026-06-17T03:00:00Z,2026-06-17T05:00:00+0200,24.58625,MW,BE,BE,forecast_solar_generation,Solar,2026-06-20T07:43:41Z
2026-06-20T07:43:32Z,2026-06-20T09:43:32+0200,894e5e02-dbf3-4e88-b0f9-9832d5fa1169,2026-06-17T04:00:00Z,2026-06-17T06:00:00+0200,337.01225,MW,BE,BE,forecast_solar_generation,Solar,2026-06-20T07:43:41Z
2026-06-20T07:43:32Z,2026-06-20T09:43:32+0200,894e5e02-dbf3-4e88-b0f9-9832d5fa1169,2026-06-17T05:00:00Z,2026-06-17T07:00:00+0200,974.942251,MW,BE,BE,forecast_solar_generation,Solar,2026-06-20T07:43:41Z
2026-06-20T07:43:32Z,2026-06-20T09:43:32+0200,894e5e02-dbf3-4e88-b0f9-9832d5fa1169,2026-06-17T06:00:00Z,2026-06-17T08:00:00+0200,1867.699751,MW,BE,BE,forecast_solar_generation,Solar,2026-06-20T07:43:41Z
2026-06-20T07:43:32Z,2026-06-20T09:43:32+0200,894e5e02-dbf3-4e88-b0f9-9832d5fa1169,2026-06-17T07:00:00Z,2026-06-17T09:00:00+0200,2769.607502,MW,BE,BE,forecast_solar_generation,Solar,2026-06-20T07:43:41Z
2026-06-20T07:43:32Z,2026-06-20T09:43:32+0200,894e5e02-dbf3-4e88-b0f9-9832d5fa1169,2026-06-17T08:00:00Z,2026-06-17T10:00:00+0200,3515.253506,MW,BE,BE,forecast_solar_generation,Solar,2026-06-20T07:43:41Z
2026-06-20T07:43:32Z,2026-06-20T09:43:32+0200,894e5e02-dbf3-4e88-b0f9-9832d5fa1169,2026-06-17T09:00:00Z,2026-06-17T11:00:00+0200,4041.627252,MW,BE,BE,forecast_solar_generation,Solar,2026-06-20T07:43:41Z
2026-06-20T07:43:32Z,2026-06-20T09:43:32+0200,894e5e02-dbf3-4e88-b0f9-9832d5fa1169,2026-06-17T10:00:00Z,2026-06-17T12:00:00+0200,4387.809498,MW,BE,BE,forecast_solar_generation,Solar,2026-06-20T07:43:41Z
2026-06-20T07:43:32Z,2026-06-20T09:43:32+0200,894e5e02-dbf3-4e88-b0f9-9832d5fa1169,2026-06-17T11:00:00Z,2026-06-17T13:00:00+0200,4551.994751,MW,BE,BE,forecast_solar_generation,Solar,2026-06-20T07:43:41Z
2026-06-20T07:43:32Z,2026-06-20T09:43:32+0200,894e5e02-dbf3-4e88-b0f9-9832d5fa1169,2026-06-17T12:00:00Z,2026-06-17T14:00:00+0200,4599.086747,MW,BE,BE,forecast_solar_generation,Solar,2026-06-20T07:43:41Z
2026-06-20T07:43:32Z,2026-06-20T09:43:32+0200,894e5e02-dbf3-4e88-b0f9-9832d5fa1169,2026-06-17T13:00:00Z,2026-06-17T15:00:00+0200,4456.012747,MW,BE,BE,forecast_solar_generation,Solar,2026-06-20T07:43:41Z
2026-06-20T07:43:32Z,2026-06-20T09:43:32+0200,894e5e02-dbf3-4e88-b0f9-9832d5fa1169,2026-06-17T14:00:00Z,2026-06-17T16:00:00+0200,4193.086249,MW,BE,BE,forecast_solar_generation,Solar,2026-06-20T07:43:41Z
2026-06-20T07:43:32Z,2026-06-20T09:43:32+0200,894e5e02-dbf3-4e88-b0f9-9832d5fa1169,2026-06-17T15:00:00Z,2026-06-17T17:00:00+0200,3660.097995,MW,BE,BE,forecast_solar_generation,Solar,2026-06-20T07:43:41Z
2026-06-20T07:43:32Z,2026-06-20T09:43:32+0200,894e5e02-dbf3-4e88-b0f9-9832d5fa1169,2026-06-17T16:00:00Z,2026-06-17T18:00:00+0200,2651.926001,MW,BE,BE,forecast_solar_generation,Solar,2026-06-20T07:43:41Z
2026-06-20T07:43:32Z,2026-06-20T09:43:32+0200,894e5e02-dbf3-4e88-b0f9-9832d5fa1169,2026-06-17T17:00:00Z,2026-06-17T19:00:00+0200,1425.922498,MW,BE,BE,forecast_solar_generation,Solar,2026-06-20T07:43:41Z
2026-06-20T07:43:32Z,2026-06-20T09:43:32+0200,894e5e02-dbf3-4e88-b0f9-9832d5fa1169,2026-06-17T18:00:00Z,2026-06-17T20:00:00+0200,556.13725,MW,BE,BE,forecast_solar_generation,Solar,2026-06-20T07:43:41Z
2026-06-20T07:43:32Z,2026-06-20T09:43:32+0200,894e5e02-dbf3-4e88-b0f9-9832d5fa1169,2026-06-17T19:00:00Z,2026-06-17T21:00:00+0200,123.57075,MW,BE,BE,forecast_solar_generation,Solar,2026-06-20T07:43:41Z
2026-06-20T07:43:32Z,2026-06-20T09:43:32+0200,894e5e02-dbf3-4e88-b0f9-9832d5fa1169,2026-06-17T20:00:00Z,2026-06-17T22:00:00+0200,0.0005,MW,BE,BE,forecast_solar_generation,Solar,2026-06-20T07:43:41Z
2026-06-20T07:43:32Z,2026-06-20T09:43:32+0200,894e5e02-dbf3-4e88-b0f9-9832d5fa1169,2026-06-17T21:00:00Z,2026-06-17T23:00:00+0200,0.0,MW,BE,BE,forecast_solar_generation,Solar,2026-06-20T07:43:41Z
2026-06-20T07:43:32Z,2026-06-20T09:43:32+0200,894e5e02-dbf3-4e88-b0f9-9832d5fa1169,2026-06-17T22:00:00Z,2026-06-18T00:00:00+0200,0.0,MW,BE,BE,forecast_solar_generation,Solar,2026-06-20T07:43:41Z
2026-06-20T07:43:32Z,2026-06-20T09:43:32+0200,894e5e02-dbf3-4e88-b0f9-9832d5fa1169,2026-06-17T23:00:00Z,2026-06-18T01:00:00+0200,0.0,MW,BE,BE,forecast_solar_generation,Solar,2026-06-20T07:43:41Z
2026-06-20T07:43:32Z,2026-06-20T09:43:32+0200,894e5e02-dbf3-4e88-b0f9-9832d5fa1169,2026-06-18T00:00:00Z,2026-06-18T02:00:00+0200,0.0,MW,BE,BE,forecast_solar_generation,Solar,2026-06-20T07:43:41Z
2026-06-20T07:43:32Z,2026-06-20T09:43:32+0200,894e5e02-dbf3-4e88-b0f9-9832d5fa1169,2026-06-18T01:00:00Z,2026-06-18T03:00:00+0200,0.0,MW,BE,BE,forecast_solar_generation,Solar,2026-06-20T07:43:41Z
2026-06-20T07:43:32Z,2026-06-20T09:43:32+0200,894e5e02-dbf3-4e88-b0f9-9832d5fa1169,2026-06-18T02:00:00Z,2026-06-18T04:00:00+0200,0.0,MW,BE,BE,forecast_solar_generation,Solar,2026-06-20T07:43:41Z
2026-06-20T07:43:32Z,2026-06-20T09:43:32+0200,894e5e02-dbf3-4e88-b0f9-9832d5fa1169,2026-06-18T03:00:00Z,2026-06-18T05:00:00+0200,30.235,MW,BE,BE,forecast_solar_generation,Solar,2026-06-20T07:43:41Z
2026-06-20T07:43:32Z,2026-06-20T09:43:32+0200,894e5e02-dbf3-4e88-b0f9-9832d5fa1169,2026-06-18T04:00:00Z,2026-06-18T06:00:00+0200,346.659749,MW,BE,BE,forecast_solar_generation,Solar,2026-06-20T07:43:41Z
2026-06-20T07:43:32Z,2026-06-20T09:43:32+0200,894e5e02-dbf3-4e88-b0f9-9832d5fa1169,2026-06-18T05:00:00Z,2026-06-18T07:00:00+0200,980.32925,MW,BE,BE,forecast_solar_generation,Solar,2026-06-20T07:43:41Z
2026-06-20T07:43:32Z,2026-06-20T09:43:32+0200,894e5e02-dbf3-4e88-b0f9-9832d5fa1169,2026-06-18T06:00:00Z,2026-06-18T08:00:00+0200,2446.442249,MW,BE,BE,forecast_solar_generation,Solar,2026-06-20T07:43:41Z
2026-06-20T07:43:32Z,2026-06-20T09:43:32+0200,894e5e02-dbf3-4e88-b0f9-9832d5fa1169,2026-06-18T07:00:00Z,2026-06-18T09:00:00+0200,4161.988998,MW,BE,BE,forecast_solar_generation,Solar,2026-06-20T07:43:41Z
2026-06-20T07:43:32Z,2026-06-20T09:43:32+0200,894e5e02-dbf3-4e88-b0f9-9832d5fa1169,2026-06-18T08:00:00Z,2026-06-18T10:00:00+0200,5575.250751,MW,BE,BE,forecast_solar_generation,Solar,2026-06-20T07:43:41Z
2026-06-20T07:43:32Z,2026-06-20T09:43:32+0200,894e5e02-dbf3-4e88-b0f9-9832d5fa1169,2026-06-18T09:00:00Z,2026-06-18T11:00:00+0200,6831.784013,MW,BE,BE,forecast_solar_generation,Solar,2026-06-20T07:43:41Z
2026-06-20T07:43:32Z,2026-06-20T09:43:32+0200,894e5e02-dbf3-4e88-b0f9-9832d5fa1169,2026-06-18T10:00:00Z,2026-06-18T12:00:00+0200,7624.920502,MW,BE,BE,forecast_solar_generation,Solar,2026-06-20T07:43:41Z
2026-06-20T07:43:32Z,2026-06-20T09:43:32+0200,894e5e02-dbf3-4e88-b0f9-9832d5fa1169,2026-06-18T11:00:00Z,2026-06-18T13:00:00+0200,7875.708251,MW,BE,BE,forecast_solar_generation,Solar,2026-06-20T07:43:41Z
2026-06-20T07:43:32Z,2026-06-20T09:43:32+0200,894e5e02-dbf3-4e88-b0f9-9832d5fa1169,2026-06-18T12:00:00Z,2026-06-18T14:00:00+0200,7668.724497,MW,BE,BE,forecast_solar_generation,Solar,2026-06-20T07:43:41Z
2026-06-20T07:43:32Z,2026-06-20T09:43:32+0200,894e5e02-dbf3-4e88-b0f9-9832d5fa1169,2026-06-18T13:00:00Z,2026-06-18T15:00:00+0200,6943.564997,MW,BE,BE,forecast_solar_generation,Solar,2026-06-20T07:43:41Z
2026-06-20T07:43:32Z,2026-06-20T09:43:32+0200,894e5e02-dbf3-4e88-b0f9-9832d5fa1169,2026-06-18T14:00:00Z,2026-06-18T16:00:00+0200,5730.691499,MW,BE,BE,forecast_solar_generation,Solar,2026-06-20T07:43:41Z
2026-06-20T07:43:32Z,2026-06-20T09:43:32+0200,894e5e02-dbf3-4e88-b0f9-9832d5fa1169,2026-06-18T15:00:00Z,2026-06-18T17:00:00+0200,4323.329496,MW,BE,BE,forecast_solar_generation,Solar,2026-06-20T07:43:41Z
2026-06-20T07:43:32Z,2026-06-20T09:43:32+0200,894e5e02-dbf3-4e88-b0f9-9832d5fa1169,2026-06-18T16:00:00Z,2026-06-18T18:00:00+0200,2613.353502,MW,BE,BE,forecast_solar_generation,Solar,2026-06-20T07:43:41Z
2026-06-20T07:43:32Z,2026-06-20T09:43:32+0200,894e5e02-dbf3-4e88-b0f9-9832d5fa1169,2026-06-18T17:00:00Z,2026-06-18T19:00:00+0200,1242.099,MW,BE,BE,forecast_solar_generation,Solar,2026-06-20T07:43:41Z
2026-06-20T07:43:32Z,2026-06-20T09:43:32+0200,894e5e02-dbf3-4e88-b0f9-9832d5fa1169,2026-06-18T18:00:00Z,2026-06-18T20:00:00+0200,490.4525,MW,BE,BE,forecast_solar_generation,Solar,2026-06-20T07:43:41Z
2026-06-20T07:43:32Z,2026-06-20T09:43:32+0200,894e5e02-dbf3-4e88-b0f9-9832d5fa1169,2026-06-18T19:00:00Z,2026-06-18T21:00:00+0200,101.00625,MW,BE,BE,forecast_solar_generation,Solar,2026-06-20T07:43:41Z
2026-06-20T07:43:32Z,2026-06-20T09:43:32+0200,894e5e02-dbf3-4e88-b0f9-9832d5fa1169,2026-06-18T20:00:00Z,2026-06-18T22:00:00+0200,0.001,MW,BE,BE,forecast_solar_generation,Solar,2026-06-20T07:43:41Z
2026-06-20T07:43:32Z,2026-06-20T09:43:32+0200,894e5e02-dbf3-4e88-b0f9-9832d5fa1169,2026-06-18T21:00:00Z,2026-06-18T23:00:00+0200,0.0,MW,BE,BE,forecast_solar_generation,Solar,2026-06-20T07:43:41Z
2026-06-20T07:43:32Z,2026-06-20T09:43:32+0200,894e5e02-dbf3-4e88-b0f9-9832d5fa1169,2026-06-18T22:00:00Z,2026-06-19T00:00:00+0200,0.0,MW,BE,BE,forecast_solar_generation,Solar,2026-06-20T07:43:41Z
2026-06-20T07:43:32Z,2026-06-20T09:43:32+0200,894e5e02-dbf3-4e88-b0f9-9832d5fa1169,2026-06-18T23:00:00Z,2026-06-19T01:00:00+0200,0.0,MW,BE,BE,forecast_solar_generation,Solar,2026-06-20T07:43:41Z
2026-06-20T07:43:32Z,2026-06-20T09:43:32+0200,894e5e02-dbf3-4e88-b0f9-9832d5fa1169,2026-06-19T00:00:00Z,2026-06-19T02:00:00+0200,0.0,MW,BE,BE,forecast_solar_generation,Solar,2026-06-20T07:43:41Z
2026-06-20T07:43:32Z,2026-06-20T09:43:32+0200,894e5e02-dbf3-4e88-b0f9-9832d5fa1169,2026-06-19T01:00:00Z,2026-06-19T03:00:00+0200,0.0,MW,BE,BE,forecast_solar_generation,Solar,2026-06-20T07:43:41Z
2026-06-20T07:43:32Z,2026-06-20T09:43:32+0200,894e5e02-dbf3-4e88-b0f9-9832d5fa1169,2026-06-19T02:00:00Z,2026-06-19T04:00:00+0200,0.0,MW,BE,BE,forecast_solar_generation,Solar,2026-06-20T07:43:41Z
2026-06-20T07:43:32Z,2026-06-20T09:43:32+0200,894e5e02-dbf3-4e88-b0f9-9832d5fa1169,2026-06-19T03:00:00Z,2026-06-19T05:00:00+0200,29.92475,MW,BE,BE,forecast_solar_generation,Solar,2026-06-20T07:43:41Z
2026-06-20T07:43:32Z,2026-06-20T09:43:32+0200,894e5e02-dbf3-4e88-b0f9-9832d5fa1169,2026-06-19T04:00:00Z,2026-06-19T06:00:00+0200,341.96425,MW,BE,BE,forecast_solar_generation,Solar,2026-06-20T07:43:41Z
2026-06-20T07:43:32Z,2026-06-20T09:43:32+0200,894e5e02-dbf3-4e88-b0f9-9832d5fa1169,2026-06-19T05:00:00Z,2026-06-19T07:00:00+0200,962.87175,MW,BE,BE,forecast_solar_generation,Solar,2026-06-20T07:43:41Z
2026-06-20T07:43:32Z,2026-06-20T09:43:32+0200,894e5e02-dbf3-4e88-b0f9-9832d5fa1169,2026-06-19T06:00:00Z,2026-06-19T08:00:00+0200,2442.757251,MW,BE,BE,forecast_solar_generation,Solar,2026-06-20T07:43:41Z
2026-06-20T07:43:32Z,2026-06-20T09:43:32+0200,894e5e02-dbf3-4e88-b0f9-9832d5fa1169,2026-06-19T07:00:00Z,2026-06-19T09:00:00+0200,4105.689748,MW,BE,BE,forecast_solar_generation,Solar,2026-06-20T07:43:41Z
2026-06-20T07:43:32Z,2026-06-20T09:43:32+0200,894e5e02-dbf3-4e88-b0f9-9832d5fa1169,2026-06-19T08:00:00Z,2026-06-19T10:00:00+0200,5376.479246,MW,BE,BE,forecast_solar_generation,Solar,2026-06-20T07:43:41Z
2026-06-20T07:43:32Z,2026-06-20T09:43:32+0200,894e5e02-dbf3-4e88-b0f9-9832d5fa1169,2026-06-19T09:00:00Z,2026-06-19T11:00:00+0200,6405.333501,MW,BE,BE,forecast_solar_generation,Solar,2026-06-20T07:43:41Z
2026-06-20T07:43:32Z,2026-06-20T09:43:32+0200,894e5e02-dbf3-4e88-b0f9-9832d5fa1169,2026-06-19T10:00:00Z,2026-06-19T12:00:00+0200,7078.033241,MW,BE,BE,forecast_solar_generation,Solar,2026-06-20T07:43:41Z
2026-06-20T07:43:32Z,2026-06-20T09:43:32+0200,894e5e02-dbf3-4e88-b0f9-9832d5fa1169,2026-06-19T11:00:00Z,2026-06-19T13:00:00+0200,7210.286254,MW,BE,BE,forecast_solar_generation,Solar,2026-06-20T07:43:41Z
2026-06-20T07:43:32Z,2026-06-20T09:43:32+0200,894e5e02-dbf3-4e88-b0f9-9832d5fa1169,2026-06-19T12:00:00Z,2026-06-19T14:00:00+0200,6852.825751,MW,BE,BE,forecast_solar_generation,Solar,2026-06-20T07:43:41Z
2026-06-20T07:43:32Z,2026-06-20T09:43:32+0200,894e5e02-dbf3-4e88-b0f9-9832d5fa1169,2026-06-19T13:00:00Z,2026-06-19T15:00:00+0200,5993.043498,MW,BE,BE,forecast_solar_generation,Solar,2026-06-20T07:43:41Z
2026-06-20T07:43:32Z,2026-06-20T09:43:32+0200,894e5e02-dbf3-4e88-b0f9-9832d5fa1169,2026-06-19T14:00:00Z,2026-06-19T16:00:00+0200,5003.483253,MW,BE,BE,forecast_solar_generation,Solar,2026-06-20T07:43:41Z
2026-06-20T07:43:32Z,2026-06-20T09:43:32+0200,894e5e02-dbf3-4e88-b0f9-9832d5fa1169,2026-06-19T15:00:00Z,2026-06-19T17:00:00+0200,3860.059495,MW,BE,BE,forecast_solar_generation,Solar,2026-06-20T07:43:41Z
2026-06-20T07:43:32Z,2026-06-20T09:43:32+0200,894e5e02-dbf3-4e88-b0f9-9832d5fa1169,2026-06-19T16:00:00Z,2026-06-19T18:00:00+0200,2357.307248,MW,BE,BE,forecast_solar_generation,Solar,2026-06-20T07:43:41Z
2026-06-20T07:43:32Z,2026-06-20T09:43:32+0200,894e5e02-dbf3-4e88-b0f9-9832d5fa1169,2026-06-19T17:00:00Z,2026-06-19T19:00:00+0200,1202.151249,MW,BE,BE,forecast_solar_generation,Solar,2026-06-20T07:43:41Z
2026-06-20T07:43:32Z,2026-06-20T09:43:32+0200,894e5e02-dbf3-4e88-b0f9-9832d5fa1169,2026-06-19T18:00:00Z,2026-06-19T20:00:00+0200,522.14675,MW,BE,BE,forecast_solar_generation,Solar,2026-06-20T07:43:41Z
2026-06-20T07:43:32Z,2026-06-20T09:43:32+0200,894e5e02-dbf3-4e88-b0f9-9832d5fa1169,2026-06-19T19:00:00Z,2026-06-19T21:00:00+0200,106.5475,MW,BE,BE,forecast_solar_generation,Solar,2026-06-20T07:43:41Z
2026-06-20T07:43:32Z,2026-06-20T09:43:32+0200,894e5e02-dbf3-4e88-b0f9-9832d5fa1169,2026-06-19T20:00:00Z,2026-06-19T22:00:00+0200,0.00325,MW,BE,BE,forecast_solar_generation,Solar,2026-06-20T07:43:41Z
2026-06-20T07:43:32Z,2026-06-20T09:43:32+0200,894e5e02-dbf3-4e88-b0f9-9832d5fa1169,2026-06-19T21:00:00Z,2026-06-19T23:00:00+0200,0.0,MW,BE,BE,forecast_solar_generation,Solar,2026-06-20T07:43:41Z
2026-06-20T07:43:32Z,2026-06-20T09:43:32+0200,894e5e02-dbf3-4e88-b0f9-9832d5fa1169,2026-06-19T22:00:00Z,2026-06-20T00:00:00+0200,0.0,MW,BE,BE,forecast_solar_generation,Solar,2026-06-20T07:43:41Z
2026-06-20T07:43:32Z,2026-06-20T09:43:32+0200,894e5e02-dbf3-4e88-b0f9-9832d5fa1169,2026-06-19T23:00:00Z,2026-06-20T01:00:00+0200,0.0,MW,BE,BE,forecast_solar_generation,Solar,2026-06-20T07:43:41Z
2026-06-20T07:43:32Z,2026-06-20T09:43:32+0200,894e5e02-dbf3-4e88-b0f9-9832d5fa1169,2026-06-20T00:00:00Z,2026-06-20T02:00:00+0200,0.0,MW,BE,BE,forecast_solar_generation,Solar,2026-06-20T07:43:41Z
2026-06-20T07:43:32Z,2026-06-20T09:43:32+0200,894e5e02-dbf3-4e88-b0f9-9832d5fa1169,2026-06-20T01:00:00Z,2026-06-20T03:00:00+0200,0.0,MW,BE,BE,forecast_solar_generation,Solar,2026-06-20T07:43:41Z
2026-06-20T07:43:32Z,2026-06-20T09:43:32+0200,894e5e02-dbf3-4e88-b0f9-9832d5fa1169,2026-06-20T02:00:00Z,2026-06-20T04:00:00+0200,0.0,MW,BE,BE,forecast_solar_generation,Solar,2026-06-20T07:43:41Z
2026-06-20T07:43:32Z,2026-06-20T09:43:32+0200,894e5e02-dbf3-4e88-b0f9-9832d5fa1169,2026-06-20T03:00:00Z,2026-06-20T05:00:00+0200,28.471,MW,BE,BE,forecast_solar_generation,Solar,2026-06-20T07:43:41Z
2026-06-20T07:43:32Z,2026-06-20T09:43:32+0200,894e5e02-dbf3-4e88-b0f9-9832d5fa1169,2026-06-20T04:00:00Z,2026-06-20T06:00:00+0200,359.947,MW,BE,BE,forecast_solar_generation,Solar,2026-06-20T07:43:41Z
2026-06-20T07:43:32Z,2026-06-20T09:43:32+0200,894e5e02-dbf3-4e88-b0f9-9832d5fa1169,2026-06-20T05:00:00Z,2026-06-20T07:00:00+0200,1010.143002,MW,BE,BE,forecast_solar_generation,Solar,2026-06-20T07:43:41Z
2026-06-20T07:43:32Z,2026-06-20T09:43:32+0200,894e5e02-dbf3-4e88-b0f9-9832d5fa1169,2026-06-20T06:00:00Z,2026-06-20T08:00:00+0200,2391.340497,MW,BE,BE,forecast_solar_generation,Solar,2026-06-20T07:43:41Z
2026-06-20T07:43:32Z,2026-06-20T09:43:32+0200,894e5e02-dbf3-4e88-b0f9-9832d5fa1169,2026-06-20T07:00:00Z,2026-06-20T09:00:00+0200,4014.901502,MW,BE,BE,forecast_solar_generation,Solar,2026-06-20T07:43:41Z
