collection_time_utc,collection_time_local,run_id,timestamp_utc,timestamp_local,value,unit,country,entsoe_area,variable,source,updated_at_utc
2026-09-16T23:50:49Z,2026-09-17T01:50:49+0200,1c76d05d-9f93-485e-80bc-75a38f7c715b,2026-09-10T00:00:00Z,2026-09-10T02:00:00+0200,4.68,EUR/MWh,DK2,DK_2,imbalance_price,Long,2026-09-16T23:54:21Z
2026-09-16T23:50:49Z,2026-09-17T01:50:49+0200,1c76d05d-9f93-485e-80bc-75a38f7c715b,2026-09-10T00:00:00Z,2026-09-10T02:00:00+0200,4.68,EUR/MWh,DK2,DK_2,imbalance_price,Short,2026-09-16T23:54:21Z
2026-09-16T23:50:49Z,2026-09-17T01:50:49+0200,1c76d05d-9f93-485e-80bc-75a38f7c715b,2026-09-10T00:15:00Z,2026-09-10T02:15:00+0200,6.31,EUR/MWh,DK2,DK_2,imbalance_price,Long,2026-09-16T23:54:21Z
2026-09-16T23:50:49Z,2026-09-17T01:50:49+0200,1c76d05d-9f93-485e-80bc-75a38f7c715b,2026-09-10T00:15:00Z,2026-09-10T02:15:00+0200,6.31,EUR/MWh,DK2,DK_2,imbalance_price,Short,2026-09-16T23:54:21Z
2026-09-16T23:50:49Z,2026-09-17T01:50:49+0200,1c76d05d-9f93-485e-80bc-75a38f7c715b,2026-09-10T00:30:00Z,2026-09-10T02:30:00+0200,0.0,EUR/MWh,DK2,DK_2,imbalance_price,Long,2026-09-16T23:54:21Z
2026-09-16T23:50:49Z,2026-09-17T01:50:49+0200,1c76d05d-9f93-485e-80bc-75a38f7c715b,2026-09-10T00:30:00Z,2026-09-10T02:30:00+0200,0.0,EUR/MWh,DK2,DK_2,imbalance_price,Short,2026-09-16T23:54:21Z
2026-09-16T23:50:49Z,2026-09-17T01:50:49+0200,1c76d05d-9f93-485e-80bc-75a38f7c715b,2026-09-10T00:45:00Z,2026-09-10T02:45:00+0200,11.81,EUR/MWh,DK2,DK_2,imbalance_price,Long,2026-09-16T23:54:21Z
2026-09-16T23:50:49Z,2026-09-17T01:50:49+0200,1c76d05d-9f93-485e-80bc-75a38f7c715b,2026-09-10T00:45:00Z,2026-09-10T02:45:00+0200,11.81,EUR/MWh,DK2,DK_2,imbalance_price,Short,2026-09-16T23:54:21Z
2026-09-16T23:50:49Z,2026-09-17T01:50:49+0200,1c76d05d-9f93-485e-80bc-75a38f7c715b,2026-09-10T01:00:00Z,2026-09-10T03:00:00+0200,4.78,EUR/MWh,DK2,DK_2,imbalance_price,Long,2026-09-16T23:54:21Z
2026-09-16T23:50:49Z,2026-09-17T01:50:49+0200,1c76d05d-9f93-485e-80bc-75a38f7c715b,2026-09-10T01:00:00Z,2026-09-10T03:00:00+0200,4.78,EUR/MWh,DK2,DK_2,imbalance_price,Short,2026-09-16T23:54:21Z
2026-09-16T23:50:49Z,2026-09-17T01:50:49+0200,1c76d05d-9f93-485e-80bc-75a38f7c715b,2026-09-10T01:15:00Z,2026-09-10T03:15:00+0200,31.82,EUR/MWh,DK2,DK_2,imbalance_price,Long,2026-09-16T23:54:21Z
2026-09-16T23:50:49Z,2026-09-17T01:50:49+0200,1c76d05d-9f93-485e-80bc-75a38f7c715b,2026-09-10T01:15:00Z,2026-09-10T03:15:00+0200,31.82,EUR/MWh,DK2,DK_2,imbalance_price,Short,2026-09-16T23:54:21Z
2026-09-16T23:50:49Z,2026-09-17T01:50:49+0200,1c76d05d-9f93-485e-80bc-75a38f7c715b,2026-09-10T01:30:00Z,2026-09-10T03:30:00+0200,16.28,EUR/MWh,DK2,DK_2,imbalance_price,Long,2026-09-16T23:54:21Z
2026-09-16T23:50:49Z,2026-09-17T01:50:49+0200,1c76d05d-9f93-485e-80bc-75a38f7c715b,2026-09-10T01:30:00Z,2026-09-10T03:30:00+0200,16.28,EUR/MWh,DK2,DK_2,imbalance_price,Short,2026-09-16T23:54:21Z
2026-09-16T23:50:49Z,2026-09-17T01:50:49+0200,1c76d05d-9f93-485e-80bc-75a38f7c715b,2026-09-10T01:45:00Z,2026-09-10T03:45:00+0200,18.51,EUR/MWh,DK2,DK_2,imbalance_price,Long,2026-09-16T23:54:21Z
2026-09-16T23:50:49Z,2026-09-17T01:50:49+0200,1c76d05d-9f93-485e-80bc-75a38f7c715b,2026-09-10T01:45:00Z,2026-09-10T03:45:00+0200,18.51,EUR/MWh,DK2,DK_2,imbalance_price,Short,2026-09-16T23:54:21Z
2026-09-16T23:50:49Z,2026-09-17T01:50:49+0200,1c76d05d-9f93-485e-80bc-75a38f7c715b,2026-09-10T02:00:00Z,2026-09-10T04:00:00+0200,17.89,EUR/MWh,DK2,DK_2,imbalance_price,Long,2026-09-16T23:54:21Z
2026-09-16T23:50:49Z,2026-09-17T01:50:49+0200,1c76d05d-9f93-485e-80bc-75a38f7c715b,2026-09-10T02:00:00Z,2026-09-10T04:00:00+0200,17.89,EUR/MWh,DK2,DK_2,imbalance_price,Short,2026-09-16T23:54:21Z
2026-09-16T23:50:49Z,2026-09-17T01:50:49+0200,1c76d05d-9f93-485e-80bc-75a38f7c715b,2026-09-10T02:15:00Z,2026-09-10T04:15:00+0200,97.52,EUR/MWh,DK2,DK_2,imbalance_price,Long,2026-09-16T23:54:21Z
2026-09-16T23:50:49Z,2026-09-17T01:50:49+0200,1c76d05d-9f93-485e-80bc-75a38f7c715b,2026-09-10T02:15:00Z,2026-09-10T04:15:00+0200,97.52,EUR/MWh,DK2,DK_2,imbalance_price,Short,2026-09-16T23:54:21Z
2026-09-16T23:50:49Z,2026-09-17T01:50:49+0200,1c76d05d-9f93-485e-80bc-75a38f7c715b,2026-09-10T02:30:00Z,2026-09-10T04:30:00+0200,151.7,EUR/MWh,DK2,DK_2,imbalance_price,Long,2026-09-16T23:54:21Z
2026-09-16T23:50:49Z,2026-09-17T01:50:49+0200,1c76d05d-9f93-485e-80bc-75a38f7c715b,2026-09-10T02:30:00Z,2026-09-10T04:30:00+0200,151.7,EUR/MWh,DK2,DK_2,imbalance_price,Short,2026-09-16T23:54:21Z
2026-09-16T23:50:49Z,2026-09-17T01:50:49+0200,1c76d05d-9f93-485e-80bc-75a38f7c715b,2026-09-10T02:45:00Z,2026-09-10T04:45:00+0200,97.67,EUR/MWh,DK2,DK_2,imbalance_price,Long,2026-09-16T23:54:21Z
2026-09-16T23:50:49Z,2026-09-17T01:50:49+0200,1c76d05d-9f93-485e-80bc-75a38f7c715b,2026-09-10T02:45:00Z,2026-09-10T04:45:00+0200,97.67,EUR/MWh,DK2,DK_2,imbalance_price,Short,2026-09-16T23:54:21Z
2026-09-16T23:50:49Z,2026-09-17T01:50:49+0200,1c76d05d-9f93-485e-80bc-75a38f7c715b,2026-09-10T03:00:00Z,2026-09-10T05:00:00+0200,163.05,EUR/MWh,DK2,DK_2,imbalance_price,Long,2026-09-16T23:54:21Z
2026-09-16T23:50:49Z,2026-09-17T01:50:49+0200,1c76d05d-9f93-485e-80bc-75a38f7c715b,2026-09-10T03:00:00Z,2026-09-10T05:00:00+0200,163.05,EUR/MWh,DK2,DK_2,imbalance_price,Short,2026-09-16T23:54:21Z
2026-09-16T23:50:49Z,2026-09-17T01:50:49+0200,1c76d05d-9f93-485e-80bc-75a38f7c715b,2026-09-10T03:15:00Z,2026-09-10T05:15:00+0200,385.65,EUR/MWh,DK2,DK_2,imbalance_price,Long,2026-09-16T23:54:21Z
2026-09-16T23:50:49Z,2026-09-17T01:50:49+0200,1c76d05d-9f93-485e-80bc-75a38f7c715b,2026-09-10T03:15:00Z,2026-09-10T05:15:00+0200,385.65,EUR/MWh,DK2,DK_2,imbalance_price,Short,2026-09-16T23:54:21Z
2026-09-16T23:50:49Z,2026-09-17T01:50:49+0200,1c76d05d-9f93-485e-80bc-75a38f7c715b,2026-09-10T03:30:00Z,2026-09-10T05:30:00+0200,760.99,EUR/MWh,DK2,DK_2,imbalance_price,Long,2026-09-16T23:54:21Z
2026-09-16T23:50:49Z,2026-09-17T01:50:49+0200,1c76d05d-9f93-485e-80bc-75a38f7c715b,2026-09-10T03:30:00Z,2026-09-10T05:30:00+0200,760.99,EUR/MWh,DK2,DK_2,imbalance_price,Short,2026-09-16T23:54:21Z
2026-09-16T23:50:49Z,2026-09-17T01:50:49+0200,1c76d05d-9f93-485e-80bc-75a38f7c715b,2026-09-10T03:45:00Z,2026-09-10T05:45:00+0200,668.9,EUR/MWh,DK2,DK_2,imbalance_price,Long,2026-09-16T23:54:21Z
2026-09-16T23:50:49Z,2026-09-17T01:50:49+0200,1c76d05d-9f93-485e-80bc-75a38f7c715b,2026-09-10T03:45:00Z,2026-09-10T05:45:00+0200,668.9,EUR/MWh,DK2,DK_2,imbalance_price,Short,2026-09-16T23:54:21Z
2026-09-16T23:50:49Z,2026-09-17T01:50:49+0200,1c76d05d-9f93-485e-80bc-75a38f7c715b,2026-09-10T04:00:00Z,2026-09-10T06:00:00+0200,387.99,EUR/MWh,DK2,DK_2,imbalance_price,Long,2026-09-16T23:54:21Z
2026-09-16T23:50:49Z,2026-09-17T01:50:49+0200,1c76d05d-9f93-485e-80bc-75a38f7c715b,2026-09-10T04:00:00Z,2026-09-10T06:00:00+0200,387.99,EUR/MWh,DK2,DK_2,imbalance_price,Short,2026-09-16T23:54:21Z
2026-09-16T23:50:49Z,2026-09-17T01:50:49+0200,1c76d05d-9f93-485e-80bc-75a38f7c715b,2026-09-10T04:15:00Z,2026-09-10T06:15:00+0200,274.13,EUR/MWh,DK2,DK_2,imbalance_price,Long,2026-09-16T23:54:21Z
2026-09-16T23:50:49Z,2026-09-17T01:50:49+0200,1c76d05d-9f93-485e-80bc-75a38f7c715b,2026-09-10T04:15:00Z,2026-09-10T06:15:00+0200,274.13,EUR/MWh,DK2,DK_2,imbalance_price,Short,2026-09-16T23:54:21Z
2026-09-16T23:50:49Z,2026-09-17T01:50:49+0200,1c76d05d-9f93-485e-80bc-75a38f7c715b,2026-09-10T04:30:00Z,2026-09-10T06:30:00+0200,214.33,EUR/MWh,DK2,DK_2,imbalance_price,Long,2026-09-16T23:54:21Z
2026-09-16T23:50:49Z,2026-09-17T01:50:49+0200,1c76d05d-9f93-485e-80bc-75a38f7c715b,2026-09-10T04:30:00Z,2026-09-10T06:30:00+0200,214.33,EUR/MWh,DK2,DK_2,imbalance_price,Short,2026-09-16T23:54:21Z
2026-09-16T23:50:49Z,2026-09-17T01:50:49+0200,1c76d05d-9f93-485e-80bc-75a38f7c715b,2026-09-10T04:45:00Z,2026-09-10T06:45:00+0200,150.2,EUR/MWh,DK2,DK_2,imbalance_price,Long,2026-09-16T23:54:21Z
2026-09-16T23:50:49Z,2026-09-17T01:50:49+0200,1c76d05d-9f93-485e-80bc-75a38f7c715b,2026-09-10T04:45:00Z,2026-09-10T06:45:00+0200,150.2,EUR/MWh,DK2,DK_2,imbalance_price,Short,2026-09-16T23:54:21Z
2026-09-16T23:50:49Z,2026-09-17T01:50:49+0200,1c76d05d-9f93-485e-80bc-75a38f7c715b,2026-09-10T05:00:00Z,2026-09-10T07:00:00+0200,159.14,EUR/MWh,DK2,DK_2,imbalance_price,Long,2026-09-16T23:54:21Z
2026-09-16T23:50:49Z,2026-09-17T01:50:49+0200,1c76d05d-9f93-485e-80bc-75a38f7c715b,2026-09-10T05:00:00Z,2026-09-10T07:00:00+0200,159.14,EUR/MWh,DK2,DK_2,imbalance_price,Short,2026-09-16T23:54:21Z
2026-09-16T23:50:49Z,2026-09-17T01:50:49+0200,1c76d05d-9f93-485e-80bc-75a38f7c715b,2026-09-10T05:15:00Z,2026-09-10T07:15:00+0200,229.73,EUR/MWh,DK2,DK_2,imbalance_price,Long,2026-09-16T23:54:21Z
2026-09-16T23:50:49Z,2026-09-17T01:50:49+0200,1c76d05d-9f93-485e-80bc-75a38f7c715b,2026-09-10T05:15:00Z,2026-09-10T07:15:00+0200,229.73,EUR/MWh,DK2,DK_2,imbalance_price,Short,2026-09-16T23:54:21Z
2026-09-16T23:50:49Z,2026-09-17T01:50:49+0200,1c76d05d-9f93-485e-80bc-75a38f7c715b,2026-09-10T05:30:00Z,2026-09-10T07:30:00+0200,232.72,EUR/MWh,DK2,DK_2,imbalance_price,Long,2026-09-16T23:54:21Z
2026-09-16T23:50:49Z,2026-09-17T01:50:49+0200,1c76d05d-9f93-485e-80bc-75a38f7c715b,2026-09-10T05:30:00Z,2026-09-10T07:30:00+0200,232.72,EUR/MWh,DK2,DK_2,imbalance_price,Short,2026-09-16T23:54:21Z
2026-09-16T23:50:49Z,2026-09-17T01:50:49+0200,1c76d05d-9f93-485e-80bc-75a38f7c715b,2026-09-10T05:45:00Z,2026-09-10T07:45:00+0200,6.69,EUR/MWh,DK2,DK_2,imbalance_price,Long,2026-09-16T23:54:21Z
2026-09-16T23:50:49Z,2026-09-17T01:50:49+0200,1c76d05d-9f93-485e-80bc-75a38f7c715b,2026-09-10T05:45:00Z,2026-09-10T07:45:00+0200,6.69,EUR/MWh,DK2,DK_2,imbalance_price,Short,2026-09-16T23:54:21Z
2026-09-16T23:50:49Z,2026-09-17T01:50:49+0200,1c76d05d-9f93-485e-80bc-75a38f7c715b,2026-09-10T06:00:00Z,2026-09-10T08:00:00+0200,-2.0,EUR/MWh,DK2,DK_2,imbalance_price,Long,2026-09-16T23:54:21Z
2026-09-16T23:50:49Z,2026-09-17T01:50:49+0200,1c76d05d-9f93-485e-80bc-75a38f7c715b,2026-09-10T06:00:00Z,2026-09-10T08:00:00+0200,-2.0,EUR/MWh,DK2,DK_2,imbalance_price,Short,2026-09-16T23:54:21Z
2026-09-16T23:50:49Z,2026-09-17T01:50:49+0200,1c76d05d-9f93-485e-80bc-75a38f7c715b,2026-09-10T06:15:00Z,2026-09-10T08:15:00+0200,137.84,EUR/MWh,DK2,DK_2,imbalance_price,Long,2026-09-16T23:54:21Z
2026-09-16T23:50:49Z,2026-09-17T01:50:49+0200,1c76d05d-9f93-485e-80bc-75a38f7c715b,2026-09-10T06:15:00Z,2026-09-10T08:15:00+0200,137.84,EUR/MWh,DK2,DK_2,imbalance_price,Short,2026-09-16T23:54:21Z
2026-09-16T23:50:49Z,2026-09-17T01:50:49+0200,1c76d05d-9f93-485e-80bc-75a38f7c715b,2026-09-10T06:30:00Z,2026-09-10T08:30:00+0200,23.0,EUR/MWh,DK2,DK_2,imbalance_price,Long,2026-09-16T23:54:21Z
2026-09-16T23:50:49Z,2026-09-17T01:50:49+0200,1c76d05d-9f93-485e-80bc-75a38f7c715b,2026-09-10T06:30:00Z,2026-09-10T08:30:00+0200,23.0,EUR/MWh,DK2,DK_2,imbalance_price,Short,2026-09-16T23:54:21Z
2026-09-16T23:50:49Z,2026-09-17T01:50:49+0200,1c76d05d-9f93-485e-80bc-75a38f7c715b,2026-09-10T06:45:00Z,2026-09-10T08:45:00+0200,53.52,EUR/MWh,DK2,DK_2,imbalance_price,Long,2026-09-16T23:54:21Z
2026-09-16T23:50:49Z,2026-09-17T01:50:49+0200,1c76d05d-9f93-485e-80bc-75a38f7c715b,2026-09-10T06:45:00Z,2026-09-10T08:45:00+0200,53.52,EUR/MWh,DK2,DK_2,imbalance_price,Short,2026-09-16T23:54:21Z
2026-09-16T23:50:49Z,2026-09-17T01:50:49+0200,1c76d05d-9f93-485e-80bc-75a38f7c715b,2026-09-10T07:00:00Z,2026-09-10T09:00:00+0200,133.33,EUR/MWh,DK2,DK_2,imbalance_price,Long,2026-09-16T23:54:21Z
2026-09-16T23:50:49Z,2026-09-17T01:50:49+0200,1c76d05d-9f93-485e-80bc-75a38f7c715b,2026-09-10T07:00:00Z,2026-09-10T09:00:00+0200,133.33,EUR/MWh,DK2,DK_2,imbalance_price,Short,2026-09-16T23:54:21Z
2026-09-16T23:50:49Z,2026-09-17T01:50:49+0200,1c76d05d-9f93-485e-80bc-75a38f7c715b,2026-09-10T07:15:00Z,2026-09-10T09:15:00+0200,118.05,EUR/MWh,DK2,DK_2,imbalance_price,Long,2026-09-16T23:54:21Z
2026-09-16T23:50:49Z,2026-09-17T01:50:49+0200,1c76d05d-9f93-485e-80bc-75a38f7c715b,2026-09-10T07:15:00Z,2026-09-10T09:15:00+0200,118.05,EUR/MWh,DK2,DK_2,imbalance_price,Short,2026-09-16T23:54:21Z
2026-09-16T23:50:49Z,2026-09-17T01:50:49+0200,1c76d05d-9f93-485e-80bc-75a38f7c715b,2026-09-10T07:30:00Z,2026-09-10T09:30:00+0200,173.84,EUR/MWh,DK2,DK_2,imbalance_price,Long,2026-09-16T23:54:21Z
2026-09-16T23:50:49Z,2026-09-17T01:50:49+0200,1c76d05d-9f93-485e-80bc-75a38f7c715b,2026-09-10T07:30:00Z,2026-09-10T09:30:00+0200,173.84,EUR/MWh,DK2,DK_2,imbalance_price,Short,2026-09-16T23:54:21Z
2026-09-16T23:50:49Z,2026-09-17T01:50:49+0200,1c76d05d-9f93-485e-80bc-75a38f7c715b,2026-09-10T07:45:00Z,2026-09-10T09:45:00+0200,155.08,EUR/MWh,DK2,DK_2,imbalance_price,Long,2026-09-16T23:54:21Z
2026-09-16T23:50:49Z,2026-09-17T01:50:49+0200,1c76d05d-9f93-485e-80bc-75a38f7c715b,2026-09-10T07:45:00Z,2026-09-10T09:45:00+0200,155.08,EUR/MWh,DK2,DK_2,imbalance_price,Short,2026-09-16T23:54:21Z
2026-09-16T23:50:49Z,2026-09-17T01:50:49+0200,1c76d05d-9f93-485e-80bc-75a38f7c715b,2026-09-10T08:00:00Z,2026-09-10T10:00:00+0200,107.54,EUR/MWh,DK2,DK_2,imbalance_price,Long,2026-09-16T23:54:21Z
2026-09-16T23:50:49Z,2026-09-17T01:50:49+0200,1c76d05d-9f93-485e-80bc-75a38f7c715b,2026-09-10T08:00:00Z,2026-09-10T10:00:00+0200,107.54,EUR/MWh,DK2,DK_2,imbalance_price,Short,2026-09-16T23:54:21Z
2026-09-16T23:50:49Z,2026-09-17T01:50:49+0200,1c76d05d-9f93-485e-80bc-75a38f7c715b,2026-09-10T08:15:00Z,2026-09-10T10:15:00+0200,100.67,EUR/MWh,DK2,DK_2,imbalance_price,Long,2026-09-16T23:54:21Z
2026-09-16T23:50:49Z,2026-09-17T01:50:49+0200,1c76d05d-9f93-485e-80bc-75a38f7c715b,2026-09-10T08:15:00Z,2026-09-10T10:15:00+0200,100.67,EUR/MWh,DK2,DK_2,imbalance_price,Short,2026-09-16T23:54:21Z
2026-09-16T23:50:49Z,2026-09-17T01:50:49+0200,1c76d05d-9f93-485e-80bc-75a38f7c715b,2026-09-10T08:30:00Z,2026-09-10T10:30:00+0200,14.56,EUR/MWh,DK2,DK_2,imbalance_price,Long,2026-09-16T23:54:21Z
2026-09-16T23:50:49Z,2026-09-17T01:50:49+0200,1c76d05d-9f93-485e-80bc-75a38f7c715b,2026-09-10T08:30:00Z,2026-09-10T10:30:00+0200,14.56,EUR/MWh,DK2,DK_2,imbalance_price,Short,2026-09-16T23:54:21Z
2026-09-16T23:50:49Z,2026-09-17T01:50:49+0200,1c76d05d-9f93-485e-80bc-75a38f7c715b,2026-09-10T08:45:00Z,2026-09-10T10:45:00+0200,-0.33,EUR/MWh,DK2,DK_2,imbalance_price,Long,2026-09-16T23:54:21Z
2026-09-16T23:50:49Z,2026-09-17T01:50:49+0200,1c76d05d-9f93-485e-80bc-75a38f7c715b,2026-09-10T08:45:00Z,2026-09-10T10:45:00+0200,-0.33,EUR/MWh,DK2,DK_2,imbalance_price,Short,2026-09-16T23:54:21Z
2026-09-16T23:50:49Z,2026-09-17T01:50:49+0200,1c76d05d-9f93-485e-80bc-75a38f7c715b,2026-09-10T09:00:00Z,2026-09-10T11:00:00+0200,20.0,EUR/MWh,DK2,DK_2,imbalance_price,Long,2026-09-16T23:54:21Z
2026-09-16T23:50:49Z,2026-09-17T01:50:49+0200,1c76d05d-9f93-485e-80bc-75a38f7c715b,2026-09-10T09:00:00Z,2026-09-10T11:00:00+0200,20.0,EUR/MWh,DK2,DK_2,imbalance_price,Short,2026-09-16T23:54:21Z
2026-09-16T23:50:49Z,2026-09-17T01:50:49+0200,1c76d05d-9f93-485e-80bc-75a38f7c715b,2026-09-10T09:15:00Z,2026-09-10T11:15:00+0200,18.8,EUR/MWh,DK2,DK_2,imbalance_price,Long,2026-09-16T23:54:21Z
2026-09-16T23:50:49Z,2026-09-17T01:50:49+0200,1c76d05d-9f93-485e-80bc-75a38f7c715b,2026-09-10T09:15:00Z,2026-09-10T11:15:00+0200,18.8,EUR/MWh,DK2,DK_2,imbalance_price,Short,2026-09-16T23:54:21Z
2026-09-16T23:50:49Z,2026-09-17T01:50:49+0200,1c76d05d-9f93-485e-80bc-75a38f7c715b,2026-09-10T09:30:00Z,2026-09-10T11:30:00+0200,17.81,EUR/MWh,DK2,DK_2,imbalance_price,Long,2026-09-16T23:54:21Z
2026-09-16T23:50:49Z,2026-09-17T01:50:49+0200,1c76d05d-9f93-485e-80bc-75a38f7c715b,2026-09-10T09:30:00Z,2026-09-10T11:30:00+0200,17.81,EUR/MWh,DK2,DK_2,imbalance_price,Short,2026-09-16T23:54:21Z
2026-09-16T23:50:49Z,2026-09-17T01:50:49+0200,1c76d05d-9f93-485e-80bc-75a38f7c715b,2026-09-10T09:45:00Z,2026-09-10T11:45:00+0200,-2.59,EUR/MWh,DK2,DK_2,imbalance_price,Long,2026-09-16T23:54:21Z
2026-09-16T23:50:49Z,2026-09-17T01:50:49+0200,1c76d05d-9f93-485e-80bc-75a38f7c715b,2026-09-10T09:45:00Z,2026-09-10T11:45:00+0200,-2.59,EUR/MWh,DK2,DK_2,imbalance_price,Short,2026-09-16T23:54:21Z
2026-09-16T23:50:49Z,2026-09-17T01:50:49+0200,1c76d05d-9f93-485e-80bc-75a38f7c715b,2026-09-10T10:00:00Z,2026-09-10T12:00:00+0200,140.34,EUR/MWh,DK2,DK_2,imbalance_price,Long,2026-09-16T23:54:21Z
2026-09-16T23:50:49Z,2026-09-17T01:50:49+0200,1c76d05d-9f93-485e-80bc-75a38f7c715b,2026-09-10T10:00:00Z,2026-09-10T12:00:00+0200,140.34,EUR/MWh,DK2,DK_2,imbalance_price,Short,2026-09-16T23:54:21Z
2026-09-16T23:50:49Z,2026-09-17T01:50:49+0200,1c76d05d-9f93-485e-80bc-75a38f7c715b,2026-09-10T10:15:00Z,2026-09-10T12:15:00+0200,71.66,EUR/MWh,DK2,DK_2,imbalance_price,Long,2026-09-16T23:54:21Z
2026-09-16T23:50:49Z,2026-09-17T01:50:49+0200,1c76d05d-9f93-485e-80bc-75a38f7c715b,2026-09-10T10:15:00Z,2026-09-10T12:15:00+0200,71.66,EUR/MWh,DK2,DK_2,imbalance_price,Short,2026-09-16T23:54:21Z
2026-09-16T23:50:49Z,2026-09-17T01:50:49+0200,1c76d05d-9f93-485e-80bc-75a38f7c715b,2026-09-10T10:30:00Z,2026-09-10T12:30:00+0200,6.69,EUR/MWh,DK2,DK_2,imbalance_price,Long,2026-09-16T23:54:21Z
2026-09-16T23:50:49Z,2026-09-17T01:50:49+0200,1c76d05d-9f93-485e-80bc-75a38f7c715b,2026-09-10T10:30:00Z,2026-09-10T12:30:00+0200,6.69,EUR/MWh,DK2,DK_2,imbalance_price,Short,2026-09-16T23:54:21Z
2026-09-16T23:50:49Z,2026-09-17T01:50:49+0200,1c76d05d-9f93-485e-80bc-75a38f7c715b,2026-09-10T10:45:00Z,2026-09-10T12:45:00+0200,-5.0,EUR/MWh,DK2,DK_2,imbalance_price,Long,2026-09-16T23:54:21Z
2026-09-16T23:50:49Z,2026-09-17T01:50:49+0200,1c76d05d-9f93-485e-80bc-75a38f7c715b,2026-09-10T10:45:00Z,2026-09-10T12:45:00+0200,-5.0,EUR/MWh,DK2,DK_2,imbalance_price,Short,2026-09-16T23:54:21Z
2026-09-16T23:50:49Z,2026-09-17T01:50:49+0200,1c76d05d-9f93-485e-80bc-75a38f7c715b,2026-09-10T11:00:00Z,2026-09-10T13:00:00+0200,66.52,EUR/MWh,DK2,DK_2,imbalance_price,Long,2026-09-16T23:54:21Z
2026-09-16T23:50:49Z,2026-09-17T01:50:49+0200,1c76d05d-9f93-485e-80bc-75a38f7c715b,2026-09-10T11:00:00Z,2026-09-10T13:00:00+0200,66.52,EUR/MWh,DK2,DK_2,imbalance_price,Short,2026-09-16T23:54:21Z
2026-09-16T23:50:49Z,2026-09-17T01:50:49+0200,1c76d05d-9f93-485e-80bc-75a38f7c715b,2026-09-10T11:15:00Z,2026-09-10T13:15:00+0200,60.58,EUR/MWh,DK2,DK_2,imbalance_price,Long,2026-09-16T23:54:21Z
2026-09-16T23:50:49Z,2026-09-17T01:50:49+0200,1c76d05d-9f93-485e-80bc-75a38f7c715b,2026-09-10T11:15:00Z,2026-09-10T13:15:00+0200,60.58,EUR/MWh,DK2,DK_2,imbalance_price,Short,2026-09-16T23:54:21Z
2026-09-16T23:50:49Z,2026-09-17T01:50:49+0200,1c76d05d-9f93-485e-80bc-75a38f7c715b,2026-09-10T11:30:00Z,2026-09-10T13:30:00+0200,-8.56,EUR/MWh,DK2,DK_2,imbalance_price,Long,2026-09-16T23:54:21Z
2026-09-16T23:50:49Z,2026-09-17T01:50:49+0200,1c76d05d-9f93-485e-80bc-75a38f7c715b,2026-09-10T11:30:00Z,2026-09-10T13:30:00+0200,-8.56,EUR/MWh,DK2,DK_2,imbalance_price,Short,2026-09-16T23:54:21Z
2026-09-16T23:50:49Z,2026-09-17T01:50:49+0200,1c76d05d-9f93-485e-80bc-75a38f7c715b,2026-09-10T11:45:00Z,2026-09-10T13:45:00+0200,-6.6,EUR/MWh,DK2,DK_2,imbalance_price,Long,2026-09-16T23:54:21Z
2026-09-16T23:50:49Z,2026-09-17T01:50:49+0200,1c76d05d-9f93-485e-80bc-75a38f7c715b,2026-09-10T11:45:00Z,2026-09-10T13:45:00+0200,-6.6,EUR/MWh,DK2,DK_2,imbalance_price,Short,2026-09-16T23:54:21Z
2026-09-16T23:50:49Z,2026-09-17T01:50:49+0200,1c76d05d-9f93-485e-80bc-75a38f7c715b,2026-09-10T12:00:00Z,2026-09-10T14:00:00+0200,1.34,EUR/MWh,DK2,DK_2,imbalance_price,Long,2026-09-16T23:54:21Z
2026-09-16T23:50:49Z,2026-09-17T01:50:49+0200,1c76d05d-9f93-485e-80bc-75a38f7c715b,2026-09-10T12:00:00Z,2026-09-10T14:00:00+0200,1.34,EUR/MWh,DK2,DK_2,imbalance_price,Short,2026-09-16T23:54:21Z
2026-09-16T23:50:49Z,2026-09-17T01:50:49+0200,1c76d05d-9f93-485e-80bc-75a38f7c715b,2026-09-10T12:15:00Z,2026-09-10T14:15:00+0200,0.0,EUR/MWh,DK2,DK_2,imbalance_price,Long,2026-09-16T23:54:21Z
2026-09-16T23:50:49Z,2026-09-17T01:50:49+0200,1c76d05d-9f93-485e-80bc-75a38f7c715b,2026-09-10T12:15:00Z,2026-09-10T14:15:00+0200,0.0,EUR/MWh,DK2,DK_2,imbalance_price,Short,2026-09-16T23:54:21Z
2026-09-16T23:50:49Z,2026-09-17T01:50:49+0200,1c76d05d-9f93-485e-80bc-75a38f7c715b,2026-09-10T12:30:00Z,2026-09-10T14:30:00+0200,7.32,EUR/MWh,DK2,DK_2,imbalance_price,Long,2026-09-16T23:54:21Z
2026-09-16T23:50:49Z,2026-09-17T01:50:49+0200,1c76d05d-9f93-485e-80bc-75a38f7c715b,2026-09-10T12:30:00Z,2026-09-10T14:30:00+0200,7.32,EUR/MWh,DK2,DK_2,imbalance_price,Short,2026-09-16T23:54:21Z
2026-09-16T23:50:49Z,2026-09-17T01:50:49+0200,1c76d05d-9f93-485e-80bc-75a38f7c715b,2026-09-10T12:45:00Z,2026-09-10T14:45:00+0200,5.0,EUR/MWh,DK2,DK_2,imbalance_price,Long,2026-09-16T23:54:21Z
2026-09-16T23:50:49Z,2026-09-17T01:50:49+0200,1c76d05d-9f93-485e-80bc-75a38f7c715b,2026-09-10T12:45:00Z,2026-09-10T14:45:00+0200,5.0,EUR/MWh,DK2,DK_2,imbalance_price,Short,2026-09-16T23:54:21Z
2026-09-16T23:50:49Z,2026-09-17T01:50:49+0200,1c76d05d-9f93-485e-80bc-75a38f7c715b,2026-09-10T13:00:00Z,2026-09-10T15:00:00+0200,0.01,EUR/MWh,DK2,DK_2,imbalance_price,Long,2026-09-16T23:54:21Z
2026-09-16T23:50:49Z,2026-09-17T01:50:49+0200,1c76d05d-9f93-485e-80bc-75a38f7c715b,2026-09-10T13:00:00Z,2026-09-10T15:00:00+0200,0.01,EUR/MWh,DK2,DK_2,imbalance_price,Short,2026-09-16T23:54:21Z
2026-09-16T23:50:49Z,2026-09-17T01:50:49+0200,1c76d05d-9f93-485e-80bc-75a38f7c715b,2026-09-10T13:15:00Z,2026-09-10T15:15:00+0200,3.98,EUR/MWh,DK2,DK_2,imbalance_price,Long,2026-09-16T23:54:21Z
2026-09-16T23:50:49Z,2026-09-17T01:50:49+0200,1c76d05d-9f93-485e-80bc-75a38f7c715b,2026-09-10T13:15:00Z,2026-09-10T15:15:00+0200,3.98,EUR/MWh,DK2,DK_2,imbalance_price,Short,2026-09-16T23:54:21Z
2026-09-16T23:50:49Z,2026-09-17T01:50:49+0200,1c76d05d-9f93-485e-80bc-75a38f7c715b,2026-09-10T13:30:00Z,2026-09-10T15:30:00+0200,139.25,EUR/MWh,DK2,DK_2,imbalance_price,Long,2026-09-16T23:54:21Z
2026-09-16T23:50:49Z,2026-09-17T01:50:49+0200,1c76d05d-9f93-485e-80bc-75a38f7c715b,2026-09-10T13:30:00Z,2026-09-10T15:30:00+0200,139.25,EUR/MWh,DK2,DK_2,imbalance_price,Short,2026-09-16T23:54:21Z
2026-09-16T23:50:49Z,2026-09-17T01:50:49+0200,1c76d05d-9f93-485e-80bc-75a38f7c715b,2026-09-10T13:45:00Z,2026-09-10T15:45:00+0200,-6.33,EUR/MWh,DK2,DK_2,imbalance_price,Long,2026-09-16T23:54:21Z
2026-09-16T23:50:49Z,2026-09-17T01:50:49+0200,1c76d05d-9f93-485e-80bc-75a38f7c715b,2026-09-10T13:45:00Z,2026-09-10T15:45:00+0200,-6.33,EUR/MWh,DK2,DK_2,imbalance_price,Short,2026-09-16T23:54:21Z
2026-09-16T23:50:49Z,2026-09-17T01:50:49+0200,1c76d05d-9f93-485e-80bc-75a38f7c715b,2026-09-10T14:00:00Z,2026-09-10T16:00:00+0200,112.01,EUR/MWh,DK2,DK_2,imbalance_price,Long,2026-09-16T23:54:21Z
2026-09-16T23:50:49Z,2026-09-17T01:50:49+0200,1c76d05d-9f93-485e-80bc-75a38f7c715b,2026-09-10T14:00:00Z,2026-09-10T16:00:00+0200,112.01,EUR/MWh,DK2,DK_2,imbalance_price,Short,2026-09-16T23:54:21Z
2026-09-16T23:50:49Z,2026-09-17T01:50:49+0200,1c76d05d-9f93-485e-80bc-75a38f7c715b,2026-09-10T14:15:00Z,2026-09-10T16:15:00+0200,143.39,EUR/MWh,DK2,DK_2,imbalance_price,Long,2026-09-16T23:54:21Z
2026-09-16T23:50:49Z,2026-09-17T01:50:49+0200,1c76d05d-9f93-485e-80bc-75a38f7c715b,2026-09-10T14:15:00Z,2026-09-10T16:15:00+0200,143.39,EUR/MWh,DK2,DK_2,imbalance_price,Short,2026-09-16T23:54:21Z
2026-09-16T23:50:49Z,2026-09-17T01:50:49+0200,1c76d05d-9f93-485e-80bc-75a38f7c715b,2026-09-10T14:30:00Z,2026-09-10T16:30:00+0200,0.01,EUR/MWh,DK2,DK_2,imbalance_price,Long,2026-09-16T23:54:21Z
2026-09-16T23:50:49Z,2026-09-17T01:50:49+0200,1c76d05d-9f93-485e-80bc-75a38f7c715b,2026-09-10T14:30:00Z,2026-09-10T16:30:00+0200,0.01,EUR/MWh,DK2,DK_2,imbalance_price,Short,2026-09-16T23:54:21Z
2026-09-16T23:50:49Z,2026-09-17T01:50:49+0200,1c76d05d-9f93-485e-80bc-75a38f7c715b,2026-09-10T14:45:00Z,2026-09-10T16:45:00+0200,92.89,EUR/MWh,DK2,DK_2,imbalance_price,Long,2026-09-16T23:54:21Z
2026-09-16T23:50:49Z,2026-09-17T01:50:49+0200,1c76d05d-9f93-485e-80bc-75a38f7c715b,2026-09-10T14:45:00Z,2026-09-10T16:45:00+0200,92.89,EUR/MWh,DK2,DK_2,imbalance_price,Short,2026-09-16T23:54:21Z
2026-09-16T23:50:49Z,2026-09-17T01:50:49+0200,1c76d05d-9f93-485e-80bc-75a38f7c715b,2026-09-10T15:00:00Z,2026-09-10T17:00:00+0200,9.87,EUR/MWh,DK2,DK_2,imbalance_price,Long,2026-09-16T23:54:21Z
2026-09-16T23:50:49Z,2026-09-17T01:50:49+0200,1c76d05d-9f93-485e-80bc-75a38f7c715b,2026-09-10T15:00:00Z,2026-09-10T17:00:00+0200,9.87,EUR/MWh,DK2,DK_2,imbalance_price,Short,2026-09-16T23:54:21Z
2026-09-16T23:50:49Z,2026-09-17T01:50:49+0200,1c76d05d-9f93-485e-80bc-75a38f7c715b,2026-09-10T15:15:00Z,2026-09-10T17:15:00+0200,124.45,EUR/MWh,DK2,DK_2,imbalance_price,Long,2026-09-16T23:54:21Z
2026-09-16T23:50:49Z,2026-09-17T01:50:49+0200,1c76d05d-9f93-485e-80bc-75a38f7c715b,2026-09-10T15:15:00Z,2026-09-10T17:15:00+0200,124.45,EUR/MWh,DK2,DK_2,imbalance_price,Short,2026-09-16T23:54:21Z
2026-09-16T23:50:49Z,2026-09-17T01:50:49+0200,1c76d05d-9f93-485e-80bc-75a38f7c715b,2026-09-10T15:30:00Z,2026-09-10T17:30:00+0200,196.03,EUR/MWh,DK2,DK_2,imbalance_price,Long,2026-09-16T23:54:21Z
2026-09-16T23:50:49Z,2026-09-17T01:50:49+0200,1c76d05d-9f93-485e-80bc-75a38f7c715b,2026-09-10T15:30:00Z,2026-09-10T17:30:00+0200,196.03,EUR/MWh,DK2,DK_2,imbalance_price,Short,2026-09-16T23:54:21Z
2026-09-16T23:50:49Z,2026-09-17T01:50:49+0200,1c76d05d-9f93-485e-80bc-75a38f7c715b,2026-09-10T15:45:00Z,2026-09-10T17:45:00+0200,215.44,EUR/MWh,DK2,DK_2,imbalance_price,Long,2026-09-16T23:54:21Z
2026-09-16T23:50:49Z,2026-09-17T01:50:49+0200,1c76d05d-9f93-485e-80bc-75a38f7c715b,2026-09-10T15:45:00Z,2026-09-10T17:45:00+0200,215.44,EUR/MWh,DK2,DK_2,imbalance_price,Short,2026-09-16T23:54:21Z
2026-09-16T23:50:49Z,2026-09-17T01:50:49+0200,1c76d05d-9f93-485e-80bc-75a38f7c715b,2026-09-10T16:00:00Z,2026-09-10T18:00:00+0200,203.34,EUR/MWh,DK2,DK_2,imbalance_price,Long,2026-09-16T23:54:21Z
2026-09-16T23:50:49Z,2026-09-17T01:50:49+0200,1c76d05d-9f93-485e-80bc-75a38f7c715b,2026-09-10T16:00:00Z,2026-09-10T18:00:00+0200,203.34,EUR/MWh,DK2,DK_2,imbalance_price,Short,2026-09-16T23:54:21Z
2026-09-16T23:50:49Z,2026-09-17T01:50:49+0200,1c76d05d-9f93-485e-80bc-75a38f7c715b,2026-09-10T16:15:00Z,2026-09-10T18:15:00+0200,238.29,EUR/MWh,DK2,DK_2,imbalance_price,Long,2026-09-16T23:54:21Z
2026-09-16T23:50:49Z,2026-09-17T01:50:49+0200,1c76d05d-9f93-485e-80bc-75a38f7c715b,2026-09-10T16:15:00Z,2026-09-10T18:15:00+0200,238.29,EUR/MWh,DK2,DK_2,imbalance_price,Short,2026-09-16T23:54:21Z
2026-09-16T23:50:49Z,2026-09-17T01:50:49+0200,1c76d05d-9f93-485e-80bc-75a38f7c715b,2026-09-10T16:30:00Z,2026-09-10T18:30:00+0200,145.37,EUR/MWh,DK2,DK_2,imbalance_price,Long,2026-09-16T23:54:21Z
2026-09-16T23:50:49Z,2026-09-17T01:50:49+0200,1c76d05d-9f93-485e-80bc-75a38f7c715b,2026-09-10T16:30:00Z,2026-09-10T18:30:00+0200,145.37,EUR/MWh,DK2,DK_2,imbalance_price,Short,2026-09-16T23:54:21Z
2026-09-16T23:50:49Z,2026-09-17T01:50:49+0200,1c76d05d-9f93-485e-80bc-75a38f7c715b,2026-09-10T16:45:00Z,2026-09-10T18:45:00+0200,301.69,EUR/MWh,DK2,DK_2,imbalance_price,Long,2026-09-16T23:54:21Z
2026-09-16T23:50:49Z,2026-09-17T01:50:49+0200,1c76d05d-9f93-485e-80bc-75a38f7c715b,2026-09-10T16:45:00Z,2026-09-10T18:45:00+0200,301.69,EUR/MWh,DK2,DK_2,imbalance_price,Short,2026-09-16T23:54:21Z
2026-09-16T23:50:49Z,2026-09-17T01:50:49+0200,1c76d05d-9f93-485e-80bc-75a38f7c715b,2026-09-10T17:00:00Z,2026-09-10T19:00:00+0200,355.83,EUR/MWh,DK2,DK_2,imbalance_price,Long,2026-09-16T23:54:21Z
2026-09-16T23:50:49Z,2026-09-17T01:50:49+0200,1c76d05d-9f93-485e-80bc-75a38f7c715b,2026-09-10T17:00:00Z,2026-09-10T19:00:00+0200,355.83,EUR/MWh,DK2,DK_2,imbalance_price,Short,2026-09-16T23:54:21Z
2026-09-16T23:50:49Z,2026-09-17T01:50:49+0200,1c76d05d-9f93-485e-80bc-75a38f7c715b,2026-09-10T17:15:00Z,2026-09-10T19:15:00+0200,403.94,EUR/MWh,DK2,DK_2,imbalance_price,Long,2026-09-16T23:54:21Z
2026-09-16T23:50:49Z,2026-09-17T01:50:49+0200,1c76d05d-9f93-485e-80bc-75a38f7c715b,2026-09-10T17:15:00Z,2026-09-10T19:15:00+0200,403.94,EUR/MWh,DK2,DK_2,imbalance_price,Short,2026-09-16T23:54:21Z
2026-09-16T23:50:49Z,2026-09-17T01:50:49+0200,1c76d05d-9f93-485e-80bc-75a38f7c715b,2026-09-10T17:30:00Z,2026-09-10T19:30:00+0200,158.51,EUR/MWh,DK2,DK_2,imbalance_price,Long,2026-09-16T23:54:21Z
2026-09-16T23:50:49Z,2026-09-17T01:50:49+0200,1c76d05d-9f93-485e-80bc-75a38f7c715b,2026-09-10T17:30:00Z,2026-09-10T19:30:00+0200,158.51,EUR/MWh,DK2,DK_2,imbalance_price,Short,2026-09-16T23:54:21Z
2026-09-16T23:50:49Z,2026-09-17T01:50:49+0200,1c76d05d-9f93-485e-80bc-75a38f7c715b,2026-09-10T17:45:00Z,2026-09-10T19:45:00+0200,138.87,EUR/MWh,DK2,DK_2,imbalance_price,Long,2026-09-16T23:54:21Z
2026-09-16T23:50:49Z,2026-09-17T01:50:49+0200,1c76d05d-9f93-485e-80bc-75a38f7c715b,2026-09-10T17:45:00Z,2026-09-10T19:45:00+0200,138.87,EUR/MWh,DK2,DK_2,imbalance_price,Short,2026-09-16T23:54:21Z
2026-09-16T23:50:49Z,2026-09-17T01:50:49+0200,1c76d05d-9f93-485e-80bc-75a38f7c715b,2026-09-10T18:00:00Z,2026-09-10T20:00:00+0200,157.53,EUR/MWh,DK2,DK_2,imbalance_price,Long,2026-09-16T23:54:21Z
2026-09-16T23:50:49Z,2026-09-17T01:50:49+0200,1c76d05d-9f93-485e-80bc-75a38f7c715b,2026-09-10T18:00:00Z,2026-09-10T20:00:00+0200,157.53,EUR/MWh,DK2,DK_2,imbalance_price,Short,2026-09-16T23:54:21Z
2026-09-16T23:50:49Z,2026-09-17T01:50:49+0200,1c76d05d-9f93-485e-80bc-75a38f7c715b,2026-09-10T18:15:00Z,2026-09-10T20:15:00+0200,159.99,EUR/MWh,DK2,DK_2,imbalance_price,Long,2026-09-16T23:54:21Z
2026-09-16T23:50:49Z,2026-09-17T01:50:49+0200,1c76d05d-9f93-485e-80bc-75a38f7c715b,2026-09-10T18:15:00Z,2026-09-10T20:15:00+0200,159.99,EUR/MWh,DK2,DK_2,imbalance_price,Short,2026-09-16T23:54:21Z
2026-09-16T23:50:49Z,2026-09-17T01:50:49+0200,1c76d05d-9f93-485e-80bc-75a38f7c715b,2026-09-10T18:30:00Z,2026-09-10T20:30:00+0200,367.55,EUR/MWh,DK2,DK_2,imbalance_price,Long,2026-09-16T23:54:21Z
2026-09-16T23:50:49Z,2026-09-17T01:50:49+0200,1c76d05d-9f93-485e-80bc-75a38f7c715b,2026-09-10T18:30:00Z,2026-09-10T20:30:00+0200,367.55,EUR/MWh,DK2,DK_2,imbalance_price,Short,2026-09-16T23:54:21Z
2026-09-16T23:50:49Z,2026-09-17T01:50:49+0200,1c76d05d-9f93-485e-80bc-75a38f7c715b,2026-09-10T18:45:00Z,2026-09-10T20:45:00+0200,300.18,EUR/MWh,DK2,DK_2,imbalance_price,Long,2026-09-16T23:54:21Z
2026-09-16T23:50:49Z,2026-09-17T01:50:49+0200,1c76d05d-9f93-485e-80bc-75a38f7c715b,2026-09-10T18:45:00Z,2026-09-10T20:45:00+0200,300.18,EUR/MWh,DK2,DK_2,imbalance_price,Short,2026-09-16T23:54:21Z
2026-09-16T23:50:49Z,2026-09-17T01:50:49+0200,1c76d05d-9f93-485e-80bc-75a38f7c715b,2026-09-10T19:00:00Z,2026-09-10T21:00:00+0200,271.25,EUR/MWh,DK2,DK_2,imbalance_price,Long,2026-09-16T23:54:21Z
2026-09-16T23:50:49Z,2026-09-17T01:50:49+0200,1c76d05d-9f93-485e-80bc-75a38f7c715b,2026-09-10T19:00:00Z,2026-09-10T21:00:00+0200,271.25,EUR/MWh,DK2,DK_2,imbalance_price,Short,2026-09-16T23:54:21Z
2026-09-16T23:50:49Z,2026-09-17T01:50:49+0200,1c76d05d-9f93-485e-80bc-75a38f7c715b,2026-09-10T19:15:00Z,2026-09-10T21:15:00+0200,267.98,EUR/MWh,DK2,DK_2,imbalance_price,Long,2026-09-16T23:54:21Z
2026-09-16T23:50:49Z,2026-09-17T01:50:49+0200,1c76d05d-9f93-485e-80bc-75a38f7c715b,2026-09-10T19:15:00Z,2026-09-10T21:15:00+0200,267.98,EUR/MWh,DK2,DK_2,imbalance_price,Short,2026-09-16T23:54:21Z
2026-09-16T23:50:49Z,2026-09-17T01:50:49+0200,1c76d05d-9f93-485e-80bc-75a38f7c715b,2026-09-10T19:30:00Z,2026-09-10T21:30:00+0200,241.44,EUR/MWh,DK2,DK_2,imbalance_price,Long,2026-09-16T23:54:21Z
2026-09-16T23:50:49Z,2026-09-17T01:50:49+0200,1c76d05d-9f93-485e-80bc-75a38f7c715b,2026-09-10T19:30:00Z,2026-09-10T21:30:00+0200,241.44,EUR/MWh,DK2,DK_2,imbalance_price,Short,2026-09-16T23:54:21Z
2026-09-16T23:50:49Z,2026-09-17T01:50:49+0200,1c76d05d-9f93-485e-80bc-75a38f7c715b,2026-09-10T19:45:00Z,2026-09-10T21:45:00+0200,238.03,EUR/MWh,DK2,DK_2,imbalance_price,Long,2026-09-16T23:54:21Z
2026-09-16T23:50:49Z,2026-09-17T01:50:49+0200,1c76d05d-9f93-485e-80bc-75a38f7c715b,2026-09-10T19:45:00Z,2026-09-10T21:45:00+0200,238.03,EUR/MWh,DK2,DK_2,imbalance_price,Short,2026-09-16T23:54:21Z
2026-09-16T23:50:49Z,2026-09-17T01:50:49+0200,1c76d05d-9f93-485e-80bc-75a38f7c715b,2026-09-10T20:00:00Z,2026-09-10T22:00:00+0200,256.62,EUR/MWh,DK2,DK_2,imbalance_price,Long,2026-09-16T23:54:21Z
2026-09-16T23:50:49Z,2026-09-17T01:50:49+0200,1c76d05d-9f93-485e-80bc-75a38f7c715b,2026-09-10T20:00:00Z,2026-09-10T22:00:00+0200,256.62,EUR/MWh,DK2,DK_2,imbalance_price,Short,2026-09-16T23:54:21Z
2026-09-16T23:50:49Z,2026-09-17T01:50:49+0200,1c76d05d-9f93-485e-80bc-75a38f7c715b,2026-09-10T20:15:00Z,2026-09-10T22:15:00+0200,226.42,EUR/MWh,DK2,DK_2,imbalance_price,Long,2026-09-16T23:54:21Z
2026-09-16T23:50:49Z,2026-09-17T01:50:49+0200,1c76d05d-9f93-485e-80bc-75a38f7c715b,2026-09-10T20:15:00Z,2026-09-10T22:15:00+0200,226.42,EUR/MWh,DK2,DK_2,imbalance_price,Short,2026-09-16T23:54:21Z
2026-09-16T23:50:49Z,2026-09-17T01:50:49+0200,1c76d05d-9f93-485e-80bc-75a38f7c715b,2026-09-10T20:30:00Z,2026-09-10T22:30:00+0200,222.85,EUR/MWh,DK2,DK_2,imbalance_price,Long,2026-09-16T23:54:21Z
2026-09-16T23:50:49Z,2026-09-17T01:50:49+0200,1c76d05d-9f93-485e-80bc-75a38f7c715b,2026-09-10T20:30:00Z,2026-09-10T22:30:00+0200,222.85,EUR/MWh,DK2,DK_2,imbalance_price,Short,2026-09-16T23:54:21Z
2026-09-16T23:50:49Z,2026-09-17T01:50:49+0200,1c76d05d-9f93-485e-80bc-75a38f7c715b,2026-09-10T20:45:00Z,2026-09-10T22:45:00+0200,236.19,EUR/MWh,DK2,DK_2,imbalance_price,Long,2026-09-16T23:54:21Z
2026-09-16T23:50:49Z,2026-09-17T01:50:49+0200,1c76d05d-9f93-485e-80bc-75a38f7c715b,2026-09-10T20:45:00Z,2026-09-10T22:45:00+0200,236.19,EUR/MWh,DK2,DK_2,imbalance_price,Short,2026-09-16T23:54:21Z
2026-09-16T23:50:49Z,2026-09-17T01:50:49+0200,1c76d05d-9f93-485e-80bc-75a38f7c715b,2026-09-10T21:00:00Z,2026-09-10T23:00:00+0200,218.11,EUR/MWh,DK2,DK_2,imbalance_price,Long,2026-09-16T23:54:21Z
2026-09-16T23:50:49Z,2026-09-17T01:50:49+0200,1c76d05d-9f93-485e-80bc-75a38f7c715b,2026-09-10T21:00:00Z,2026-09-10T23:00:00+0200,218.11,EUR/MWh,DK2,DK_2,imbalance_price,Short,2026-09-16T23:54:21Z
2026-09-16T23:50:49Z,2026-09-17T01:50:49+0200,1c76d05d-9f93-485e-80bc-75a38f7c715b,2026-09-10T21:15:00Z,2026-09-10T23:15:00+0200,210.47,EUR/MWh,DK2,DK_2,imbalance_price,Long,2026-09-16T23:54:21Z
2026-09-16T23:50:49Z,2026-09-17T01:50:49+0200,1c76d05d-9f93-485e-80bc-75a38f7c715b,2026-09-10T21:15:00Z,2026-09-10T23:15:00+0200,210.47,EUR/MWh,DK2,DK_2,imbalance_price,Short,2026-09-16T23:54:21Z
2026-09-16T23:50:49Z,2026-09-17T01:50:49+0200,1c76d05d-9f93-485e-80bc-75a38f7c715b,2026-09-10T21:30:00Z,2026-09-10T23:30:00+0200,197.41,EUR/MWh,DK2,DK_2,imbalance_price,Long,2026-09-16T23:54:21Z
2026-09-16T23:50:49Z,2026-09-17T01:50:49+0200,1c76d05d-9f93-485e-80bc-75a38f7c715b,2026-09-10T21:30:00Z,2026-09-10T23:30:00+0200,197.41,EUR/MWh,DK2,DK_2,imbalance_price,Short,2026-09-16T23:54:21Z
2026-09-16T23:50:49Z,2026-09-17T01:50:49+0200,1c76d05d-9f93-485e-80bc-75a38f7c715b,2026-09-10T21:45:00Z,2026-09-10T23:45:00+0200,170.88,EUR/MWh,DK2,DK_2,imbalance_price,Long,2026-09-16T23:54:21Z
2026-09-16T23:50:49Z,2026-09-17T01:50:49+0200,1c76d05d-9f93-485e-80bc-75a38f7c715b,2026-09-10T21:45:00Z,2026-09-10T23:45:00+0200,170.88,EUR/MWh,DK2,DK_2,imbalance_price,Short,2026-09-16T23:54:21Z
2026-09-16T23:50:49Z,2026-09-17T01:50:49+0200,1c76d05d-9f93-485e-80bc-75a38f7c715b,2026-09-10T22:00:00Z,2026-09-11T00:00:00+0200,182.85,EUR/MWh,DK2,DK_2,imbalance_price,Long,2026-09-16T23:54:21Z
2026-09-16T23:50:49Z,2026-09-17T01:50:49+0200,1c76d05d-9f93-485e-80bc-75a38f7c715b,2026-09-10T22:00:00Z,2026-09-11T00:00:00+0200,182.85,EUR/MWh,DK2,DK_2,imbalance_price,Short,2026-09-16T23:54:21Z
2026-09-16T23:50:49Z,2026-09-17T01:50:49+0200,1c76d05d-9f93-485e-80bc-75a38f7c715b,2026-09-10T22:15:00Z,2026-09-11T00:15:00+0200,157.46,EUR/MWh,DK2,DK_2,imbalance_price,Long,2026-09-16T23:54:21Z
2026-09-16T23:50:49Z,2026-09-17T01:50:49+0200,1c76d05d-9f93-485e-80bc-75a38f7c715b,2026-09-10T22:15:00Z,2026-09-11T00:15:00+0200,157.46,EUR/MWh,DK2,DK_2,imbalance_price,Short,2026-09-16T23:54:21Z
2026-09-16T23:50:49Z,2026-09-17T01:50:49+0200,1c76d05d-9f93-485e-80bc-75a38f7c715b,2026-09-10T22:30:00Z,2026-09-11T00:30:00+0200,69.15,EUR/MWh,DK2,DK_2,imbalance_price,Long,2026-09-16T23:54:21Z
2026-09-16T23:50:49Z,2026-09-17T01:50:49+0200,1c76d05d-9f93-485e-80bc-75a38f7c715b,2026-09-10T22:30:00Z,2026-09-11T00:30:00+0200,69.15,EUR/MWh,DK2,DK_2,imbalance_price,Short,2026-09-16T23:54:21Z
2026-09-16T23:50:49Z,2026-09-17T01:50:49+0200,1c76d05d-9f93-485e-80bc-75a38f7c715b,2026-09-10T22:45:00Z,2026-09-11T00:45:00+0200,93.72,EUR/MWh,DK2,DK_2,imbalance_price,Long,2026-09-16T23:54:21Z
2026-09-16T23:50:49Z,2026-09-17T01:50:49+0200,1c76d05d-9f93-485e-80bc-75a38f7c715b,2026-09-10T22:45:00Z,2026-09-11T00:45:00+0200,93.72,EUR/MWh,DK2,DK_2,imbalance_price,Short,2026-09-16T23:54:21Z
2026-09-16T23:50:49Z,2026-09-17T01:50:49+0200,1c76d05d-9f93-485e-80bc-75a38f7c715b,2026-09-10T23:00:00Z,2026-09-11T01:00:00+0200,121.28,EUR/MWh,DK2,DK_2,imbalance_price,Long,2026-09-16T23:54:21Z
2026-09-16T23:50:49Z,2026-09-17T01:50:49+0200,1c76d05d-9f93-485e-80bc-75a38f7c715b,2026-09-10T23:00:00Z,2026-09-11T01:00:00+0200,121.28,EUR/MWh,DK2,DK_2,imbalance_price,Short,2026-09-16T23:54:21Z
2026-09-16T23:50:49Z,2026-09-17T01:50:49+0200,1c76d05d-9f93-485e-80bc-75a38f7c715b,2026-09-10T23:15:00Z,2026-09-11T01:15:00+0200,43.65,EUR/MWh,DK2,DK_2,imbalance_price,Long,2026-09-16T23:54:21Z
2026-09-16T23:50:49Z,2026-09-17T01:50:49+0200,1c76d05d-9f93-485e-80bc-75a38f7c715b,2026-09-10T23:15:00Z,2026-09-11T01:15:00+0200,43.65,EUR/MWh,DK2,DK_2,imbalance_price,Short,2026-09-16T23:54:21Z
2026-09-16T23:50:49Z,2026-09-17T01:50:49+0200,1c76d05d-9f93-485e-80bc-75a38f7c715b,2026-09-10T23:30:00Z,2026-09-11T01:30:00+0200,175.46,EUR/MWh,DK2,DK_2,imbalance_price,Long,2026-09-16T23:54:21Z
2026-09-16T23:50:49Z,2026-09-17T01:50:49+0200,1c76d05d-9f93-485e-80bc-75a38f7c715b,2026-09-10T23:30:00Z,2026-09-11T01:30:00+0200,175.46,EUR/MWh,DK2,DK_2,imbalance_price,Short,2026-09-16T23:54:21Z
2026-09-16T23:50:49Z,2026-09-17T01:50:49+0200,1c76d05d-9f93-485e-80bc-75a38f7c715b,2026-09-10T23:45:00Z,2026-09-11T01:45:00+0200,172.53,EUR/MWh,DK2,DK_2,imbalance_price,Long,2026-09-16T23:54:21Z
2026-09-16T23:50:49Z,2026-09-17T01:50:49+0200,1c76d05d-9f93-485e-80bc-75a38f7c715b,2026-09-10T23:45:00Z,2026-09-11T01:45:00+0200,172.53,EUR/MWh,DK2,DK_2,imbalance_price,Short,2026-09-16T23:54:21Z
2026-09-16T23:50:49Z,2026-09-17T01:50:49+0200,1c76d05d-9f93-485e-80bc-75a38f7c715b,2026-09-11T00:00:00Z,2026-09-11T02:00:00+0200,135.92,EUR/MWh,DK2,DK_2,imbalance_price,Long,2026-09-16T23:54:21Z
2026-09-16T23:50:49Z,2026-09-17T01:50:49+0200,1c76d05d-9f93-485e-80bc-75a38f7c715b,2026-09-11T00:00:00Z,2026-09-11T02:00:00+0200,135.92,EUR/MWh,DK2,DK_2,imbalance_price,Short,2026-09-16T23:54:21Z
2026-09-16T23:50:49Z,2026-09-17T01:50:49+0200,1c76d05d-9f93-485e-80bc-75a38f7c715b,2026-09-11T00:15:00Z,2026-09-11T02:15:00+0200,97.41,EUR/MWh,DK2,DK_2,imbalance_price,Long,2026-09-16T23:54:21Z
2026-09-16T23:50:49Z,2026-09-17T01:50:49+0200,1c76d05d-9f93-485e-80bc-75a38f7c715b,2026-09-11T00:15:00Z,2026-09-11T02:15:00+0200,97.41,EUR/MWh,DK2,DK_2,imbalance_price,Short,2026-09-16T23:54:21Z
2026-09-16T23:50:49Z,2026-09-17T01:50:49+0200,1c76d05d-9f93-485e-80bc-75a38f7c715b,2026-09-11T00:30:00Z,2026-09-11T02:30:00+0200,291.53,EUR/MWh,DK2,DK_2,imbalance_price,Long,2026-09-16T23:54:21Z
2026-09-16T23:50:49Z,2026-09-17T01:50:49+0200,1c76d05d-9f93-485e-80bc-75a38f7c715b,2026-09-11T00:30:00Z,2026-09-11T02:30:00+0200,291.53,EUR/MWh,DK2,DK_2,imbalance_price,Short,2026-09-16T23:54:21Z
2026-09-16T23:50:49Z,2026-09-17T01:50:49+0200,1c76d05d-9f93-485e-80bc-75a38f7c715b,2026-09-11T00:45:00Z,2026-09-11T02:45:00+0200,168.77,EUR/MWh,DK2,DK_2,imbalance_price,Long,2026-09-16T23:54:21Z
2026-09-16T23:50:49Z,2026-09-17T01:50:49+0200,1c76d05d-9f93-485e-80bc-75a38f7c715b,2026-09-11T00:45:00Z,2026-09-11T02:45:00+0200,168.77,EUR/MWh,DK2,DK_2,imbalance_price,Short,2026-09-16T23:54:21Z
2026-09-16T23:50:49Z,2026-09-17T01:50:49+0200,1c76d05d-9f93-485e-80bc-75a38f7c715b,2026-09-11T01:00:00Z,2026-09-11T03:00:00+0200,165.66,EUR/MWh,DK2,DK_2,imbalance_price,Long,2026-09-16T23:54:21Z
2026-09-16T23:50:49Z,2026-09-17T01:50:49+0200,1c76d05d-9f93-485e-80bc-75a38f7c715b,2026-09-11T01:00:00Z,2026-09-11T03:00:00+0200,165.66,EUR/MWh,DK2,DK_2,imbalance_price,Short,2026-09-16T23:54:21Z
2026-09-16T23:50:49Z,2026-09-17T01:50:49+0200,1c76d05d-9f93-485e-80bc-75a38f7c715b,2026-09-11T01:15:00Z,2026-09-11T03:15:00+0200,138.86,EUR/MWh,DK2,DK_2,imbalance_price,Long,2026-09-16T23:54:21Z
2026-09-16T23:50:49Z,2026-09-17T01:50:49+0200,1c76d05d-9f93-485e-80bc-75a38f7c715b,2026-09-11T01:15:00Z,2026-09-11T03:15:00+0200,138.86,EUR/MWh,DK2,DK_2,imbalance_price,Short,2026-09-16T23:54:21Z
2026-09-16T23:50:49Z,2026-09-17T01:50:49+0200,1c76d05d-9f93-485e-80bc-75a38f7c715b,2026-09-11T01:30:00Z,2026-09-11T03:30:00+0200,165.0,EUR/MWh,DK2,DK_2,imbalance_price,Long,2026-09-16T23:54:21Z
2026-09-16T23:50:49Z,2026-09-17T01:50:49+0200,1c76d05d-9f93-485e-80bc-75a38f7c715b,2026-09-11T01:30:00Z,2026-09-11T03:30:00+0200,165.0,EUR/MWh,DK2,DK_2,imbalance_price,Short,2026-09-16T23:54:21Z
2026-09-16T23:50:49Z,2026-09-17T01:50:49+0200,1c76d05d-9f93-485e-80bc-75a38f7c715b,2026-09-11T01:45:00Z,2026-09-11T03:45:00+0200,374.57,EUR/MWh,DK2,DK_2,imbalance_price,Long,2026-09-16T23:54:21Z
2026-09-16T23:50:49Z,2026-09-17T01:50:49+0200,1c76d05d-9f93-485e-80bc-75a38f7c715b,2026-09-11T01:45:00Z,2026-09-11T03:45:00+0200,374.57,EUR/MWh,DK2,DK_2,imbalance_price,Short,2026-09-16T23:54:21Z
2026-09-16T23:50:49Z,2026-09-17T01:50:49+0200,1c76d05d-9f93-485e-80bc-75a38f7c715b,2026-09-11T02:00:00Z,2026-09-11T04:00:00+0200,334.5,EUR/MWh,DK2,DK_2,imbalance_price,Long,2026-09-16T23:54:21Z
2026-09-16T23:50:49Z,2026-09-17T01:50:49+0200,1c76d05d-9f93-485e-80bc-75a38f7c715b,2026-09-11T02:00:00Z,2026-09-11T04:00:00+0200,334.5,EUR/MWh,DK2,DK_2,imbalance_price,Short,2026-09-16T23:54:21Z
2026-09-16T23:50:49Z,2026-09-17T01:50:49+0200,1c76d05d-9f93-485e-80bc-75a38f7c715b,2026-09-11T02:15:00Z,2026-09-11T04:15:00+0200,167.08,EUR/MWh,DK2,DK_2,imbalance_price,Long,2026-09-16T23:54:21Z
2026-09-16T23:50:49Z,2026-09-17T01:50:49+0200,1c76d05d-9f93-485e-80bc-75a38f7c715b,2026-09-11T02:15:00Z,2026-09-11T04:15:00+0200,167.08,EUR/MWh,DK2,DK_2,imbalance_price,Short,2026-09-16T23:54:21Z
2026-09-16T23:50:49Z,2026-09-17T01:50:49+0200,1c76d05d-9f93-485e-80bc-75a38f7c715b,2026-09-11T02:30:00Z,2026-09-11T04:30:00+0200,167.29,EUR/MWh,DK2,DK_2,imbalance_price,Long,2026-09-16T23:54:21Z
2026-09-16T23:50:49Z,2026-09-17T01:50:49+0200,1c76d05d-9f93-485e-80bc-75a38f7c715b,2026-09-11T02:30:00Z,2026-09-11T04:30:00+0200,167.29,EUR/MWh,DK2,DK_2,imbalance_price,Short,2026-09-16T23:54:21Z
2026-09-16T23:50:49Z,2026-09-17T01:50:49+0200,1c76d05d-9f93-485e-80bc-75a38f7c715b,2026-09-11T02:45:00Z,2026-09-11T04:45:00+0200,168.45,EUR/MWh,DK2,DK_2,imbalance_price,Long,2026-09-16T23:54:21Z
2026-09-16T23:50:49Z,2026-09-17T01:50:49+0200,1c76d05d-9f93-485e-80bc-75a38f7c715b,2026-09-11T02:45:00Z,2026-09-11T04:45:00+0200,168.45,EUR/MWh,DK2,DK_2,imbalance_price,Short,2026-09-16T23:54:21Z
2026-09-16T23:50:49Z,2026-09-17T01:50:49+0200,1c76d05d-9f93-485e-80bc-75a38f7c715b,2026-09-11T03:00:00Z,2026-09-11T05:00:00+0200,170.42,EUR/MWh,DK2,DK_2,imbalance_price,Long,2026-09-16T23:54:21Z
2026-09-16T23:50:49Z,2026-09-17T01:50:49+0200,1c76d05d-9f93-485e-80bc-75a38f7c715b,2026-09-11T03:00:00Z,2026-09-11T05:00:00+0200,170.42,EUR/MWh,DK2,DK_2,imbalance_price,Short,2026-09-16T23:54:21Z
2026-09-16T23:50:49Z,2026-09-17T01:50:49+0200,1c76d05d-9f93-485e-80bc-75a38f7c715b,2026-09-11T03:15:00Z,2026-09-11T05:15:00+0200,173.52,EUR/MWh,DK2,DK_2,imbalance_price,Long,2026-09-16T23:54:21Z
2026-09-16T23:50:49Z,2026-09-17T01:50:49+0200,1c76d05d-9f93-485e-80bc-75a38f7c715b,2026-09-11T03:15:00Z,2026-09-11T05:15:00+0200,173.52,EUR/MWh,DK2,DK_2,imbalance_price,Short,2026-09-16T23:54:21Z
2026-09-16T23:50:49Z,2026-09-17T01:50:49+0200,1c76d05d-9f93-485e-80bc-75a38f7c715b,2026-09-11T03:30:00Z,2026-09-11T05:30:00+0200,176.79,EUR/MWh,DK2,DK_2,imbalance_price,Long,2026-09-16T23:54:21Z
2026-09-16T23:50:49Z,2026-09-17T01:50:49+0200,1c76d05d-9f93-485e-80bc-75a38f7c715b,2026-09-11T03:30:00Z,2026-09-11T05:30:00+0200,176.79,EUR/MWh,DK2,DK_2,imbalance_price,Short,2026-09-16T23:54:21Z
2026-09-16T23:50:49Z,2026-09-17T01:50:49+0200,1c76d05d-9f93-485e-80bc-75a38f7c715b,2026-09-11T03:45:00Z,2026-09-11T05:45:00+0200,158.4,EUR/MWh,DK2,DK_2,imbalance_price,Long,2026-09-16T23:54:21Z
2026-09-16T23:50:49Z,2026-09-17T01:50:49+0200,1c76d05d-9f93-485e-80bc-75a38f7c715b,2026-09-11T03:45:00Z,2026-09-11T05:45:00+0200,158.4,EUR/MWh,DK2,DK_2,imbalance_price,Short,2026-09-16T23:54:21Z
2026-09-16T23:50:49Z,2026-09-17T01:50:49+0200,1c76d05d-9f93-485e-80bc-75a38f7c715b,2026-09-11T04:00:00Z,2026-09-11T06:00:00+0200,189.32,EUR/MWh,DK2,DK_2,imbalance_price,Long,2026-09-16T23:54:21Z
2026-09-16T23:50:49Z,2026-09-17T01:50:49+0200,1c76d05d-9f93-485e-80bc-75a38f7c715b,2026-09-11T04:00:00Z,2026-09-11T06:00:00+0200,189.32,EUR/MWh,DK2,DK_2,imbalance_price,Short,2026-09-16T23:54:21Z
2026-09-16T23:50:49Z,2026-09-17T01:50:49+0200,1c76d05d-9f93-485e-80bc-75a38f7c715b,2026-09-11T04:15:00Z,2026-09-11T06:15:00+0200,199.16,EUR/MWh,DK2,DK_2,imbalance_price,Long,2026-09-16T23:54:21Z
2026-09-16T23:50:49Z,2026-09-17T01:50:49+0200,1c76d05d-9f93-485e-80bc-75a38f7c715b,2026-09-11T04:15:00Z,2026-09-11T06:15:00+0200,199.16,EUR/MWh,DK2,DK_2,imbalance_price,Short,2026-09-16T23:54:21Z
2026-09-16T23:50:49Z,2026-09-17T01:50:49+0200,1c76d05d-9f93-485e-80bc-75a38f7c715b,2026-09-11T04:30:00Z,2026-09-11T06:30:00+0200,207.67,EUR/MWh,DK2,DK_2,imbalance_price,Long,2026-09-16T23:54:21Z
2026-09-16T23:50:49Z,2026-09-17T01:50:49+0200,1c76d05d-9f93-485e-80bc-75a38f7c715b,2026-09-11T04:30:00Z,2026-09-11T06:30:00+0200,207.67,EUR/MWh,DK2,DK_2,imbalance_price,Short,2026-09-16T23:54:21Z
2026-09-16T23:50:49Z,2026-09-17T01:50:49+0200,1c76d05d-9f93-485e-80bc-75a38f7c715b,2026-09-11T04:45:00Z,2026-09-11T06:45:00+0200,304.47,EUR/MWh,DK2,DK_2,imbalance_price,Long,2026-09-16T23:54:21Z
2026-09-16T23:50:49Z,2026-09-17T01:50:49+0200,1c76d05d-9f93-485e-80bc-75a38f7c715b,2026-09-11T04:45:00Z,2026-09-11T06:45:00+0200,304.47,EUR/MWh,DK2,DK_2,imbalance_price,Short,2026-09-16T23:54:21Z
2026-09-16T23:50:49Z,2026-09-17T01:50:49+0200,1c76d05d-9f93-485e-80bc-75a38f7c715b,2026-09-11T05:00:00Z,2026-09-11T07:00:00+0200,222.13,EUR/MWh,DK2,DK_2,imbalance_price,Long,2026-09-16T23:54:21Z
2026-09-16T23:50:49Z,2026-09-17T01:50:49+0200,1c76d05d-9f93-485e-80bc-75a38f7c715b,2026-09-11T05:00:00Z,2026-09-11T07:00:00+0200,222.13,EUR/MWh,DK2,DK_2,imbalance_price,Short,2026-09-16T23:54:21Z
2026-09-16T23:50:49Z,2026-09-17T01:50:49+0200,1c76d05d-9f93-485e-80bc-75a38f7c715b,2026-09-11T05:15:00Z,2026-09-11T07:15:00+0200,223.92,EUR/MWh,DK2,DK_2,imbalance_price,Long,2026-09-16T23:54:21Z
2026-09-16T23:50:49Z,2026-09-17T01:50:49+0200,1c76d05d-9f93-485e-80bc-75a38f7c715b,2026-09-11T05:15:00Z,2026-09-11T07:15:00+0200,223.92,EUR/MWh,DK2,DK_2,imbalance_price,Short,2026-09-16T23:54:21Z
2026-09-16T23:50:49Z,2026-09-17T01:50:49+0200,1c76d05d-9f93-485e-80bc-75a38f7c715b,2026-09-11T05:30:00Z,2026-09-11T07:30:00+0200,223.88,EUR/MWh,DK2,DK_2,imbalance_price,Long,2026-09-16T23:54:21Z
2026-09-16T23:50:49Z,2026-09-17T01:50:49+0200,1c76d05d-9f93-485e-80bc-75a38f7c715b,2026-09-11T05:30:00Z,2026-09-11T07:30:00+0200,223.88,EUR/MWh,DK2,DK_2,imbalance_price,Short,2026-09-16T23:54:21Z
2026-09-16T23:50:49Z,2026-09-17T01:50:49+0200,1c76d05d-9f93-485e-80bc-75a38f7c715b,2026-09-11T05:45:00Z,2026-09-11T07:45:00+0200,221.16,EUR/MWh,DK2,DK_2,imbalance_price,Long,2026-09-16T23:54:21Z
2026-09-16T23:50:49Z,2026-09-17T01:50:49+0200,1c76d05d-9f93-485e-80bc-75a38f7c715b,2026-09-11T05:45:00Z,2026-09-11T07:45:00+0200,221.16,EUR/MWh,DK2,DK_2,imbalance_price,Short,2026-09-16T23:54:21Z
2026-09-16T23:50:49Z,2026-09-17T01:50:49+0200,1c76d05d-9f93-485e-80bc-75a38f7c715b,2026-09-11T06:00:00Z,2026-09-11T08:00:00+0200,232.78,EUR/MWh,DK2,DK_2,imbalance_price,Long,2026-09-16T23:54:21Z
2026-09-16T23:50:49Z,2026-09-17T01:50:49+0200,1c76d05d-9f93-485e-80bc-75a38f7c715b,2026-09-11T06:00:00Z,2026-09-11T08:00:00+0200,232.78,EUR/MWh,DK2,DK_2,imbalance_price,Short,2026-09-16T23:54:21Z
2026-09-16T23:50:49Z,2026-09-17T01:50:49+0200,1c76d05d-9f93-485e-80bc-75a38f7c715b,2026-09-11T06:15:00Z,2026-09-11T08:15:00+0200,222.09,EUR/MWh,DK2,DK_2,imbalance_price,Long,2026-09-16T23:54:21Z
2026-09-16T23:50:49Z,2026-09-17T01:50:49+0200,1c76d05d-9f93-485e-80bc-75a38f7c715b,2026-09-11T06:15:00Z,2026-09-11T08:15:00+0200,222.09,EUR/MWh,DK2,DK_2,imbalance_price,Short,2026-09-16T23:54:21Z
2026-09-16T23:50:49Z,2026-09-17T01:50:49+0200,1c76d05d-9f93-485e-80bc-75a38f7c715b,2026-09-11T06:30:00Z,2026-09-11T08:30:00+0200,95.38,EUR/MWh,DK2,DK_2,imbalance_price,Long,2026-09-16T23:54:21Z
2026-09-16T23:50:49Z,2026-09-17T01:50:49+0200,1c76d05d-9f93-485e-80bc-75a38f7c715b,2026-09-11T06:30:00Z,2026-09-11T08:30:00+0200,95.38,EUR/MWh,DK2,DK_2,imbalance_price,Short,2026-09-16T23:54:21Z
2026-09-16T23:50:49Z,2026-09-17T01:50:49+0200,1c76d05d-9f93-485e-80bc-75a38f7c715b,2026-09-11T06:45:00Z,2026-09-11T08:45:00+0200,84.16,EUR/MWh,DK2,DK_2,imbalance_price,Long,2026-09-16T23:54:21Z
2026-09-16T23:50:49Z,2026-09-17T01:50:49+0200,1c76d05d-9f93-485e-80bc-75a38f7c715b,2026-09-11T06:45:00Z,2026-09-11T08:45:00+0200,84.16,EUR/MWh,DK2,DK_2,imbalance_price,Short,2026-09-16T23:54:21Z
2026-09-16T23:50:49Z,2026-09-17T01:50:49+0200,1c76d05d-9f93-485e-80bc-75a38f7c715b,2026-09-11T07:00:00Z,2026-09-11T09:00:00+0200,203.71,EUR/MWh,DK2,DK_2,imbalance_price,Long,2026-09-16T23:54:21Z
2026-09-16T23:50:49Z,2026-09-17T01:50:49+0200,1c76d05d-9f93-485e-80bc-75a38f7c715b,2026-09-11T07:00:00Z,2026-09-11T09:00:00+0200,203.71,EUR/MWh,DK2,DK_2,imbalance_price,Short,2026-09-16T23:54:21Z
2026-09-16T23:50:49Z,2026-09-17T01:50:49+0200,1c76d05d-9f93-485e-80bc-75a38f7c715b,2026-09-11T07:15:00Z,2026-09-11T09:15:00+0200,200.08,EUR/MWh,DK2,DK_2,imbalance_price,Long,2026-09-16T23:54:21Z
2026-09-16T23:50:49Z,2026-09-17T01:50:49+0200,1c76d05d-9f93-485e-80bc-75a38f7c715b,2026-09-11T07:15:00Z,2026-09-11T09:15:00+0200,200.08,EUR/MWh,DK2,DK_2,imbalance_price,Short,2026-09-16T23:54:21Z
2026-09-16T23:50:49Z,2026-09-17T01:50:49+0200,1c76d05d-9f93-485e-80bc-75a38f7c715b,2026-09-11T07:30:00Z,2026-09-11T09:30:00+0200,93.3,EUR/MWh,DK2,DK_2,imbalance_price,Long,2026-09-16T23:54:21Z
2026-09-16T23:50:49Z,2026-09-17T01:50:49+0200,1c76d05d-9f93-485e-80bc-75a38f7c715b,2026-09-11T07:30:00Z,2026-09-11T09:30:00+0200,93.3,EUR/MWh,DK2,DK_2,imbalance_price,Short,2026-09-16T23:54:21Z
2026-09-16T23:50:49Z,2026-09-17T01:50:49+0200,1c76d05d-9f93-485e-80bc-75a38f7c715b,2026-09-11T07:45:00Z,2026-09-11T09:45:00+0200,93.3,EUR/MWh,DK2,DK_2,imbalance_price,Long,2026-09-16T23:54:21Z
2026-09-16T23:50:49Z,2026-09-17T01:50:49+0200,1c76d05d-9f93-485e-80bc-75a38f7c715b,2026-09-11T07:45:00Z,2026-09-11T09:45:00+0200,93.3,EUR/MWh,DK2,DK_2,imbalance_price,Short,2026-09-16T23:54:21Z
2026-09-16T23:50:49Z,2026-09-17T01:50:49+0200,1c76d05d-9f93-485e-80bc-75a38f7c715b,2026-09-11T08:00:00Z,2026-09-11T10:00:00+0200,51.26,EUR/MWh,DK2,DK_2,imbalance_price,Long,2026-09-16T23:54:21Z
2026-09-16T23:50:49Z,2026-09-17T01:50:49+0200,1c76d05d-9f93-485e-80bc-75a38f7c715b,2026-09-11T08:00:00Z,2026-09-11T10:00:00+0200,51.26,EUR/MWh,DK2,DK_2,imbalance_price,Short,2026-09-16T23:54:21Z
2026-09-16T23:50:49Z,2026-09-17T01:50:49+0200,1c76d05d-9f93-485e-80bc-75a38f7c715b,2026-09-11T08:15:00Z,2026-09-11T10:15:00+0200,175.09,EUR/MWh,DK2,DK_2,imbalance_price,Long,2026-09-16T23:54:21Z
2026-09-16T23:50:49Z,2026-09-17T01:50:49+0200,1c76d05d-9f93-485e-80bc-75a38f7c715b,2026-09-11T08:15:00Z,2026-09-11T10:15:00+0200,175.09,EUR/MWh,DK2,DK_2,imbalance_price,Short,2026-09-16T23:54:21Z
2026-09-16T23:50:49Z,2026-09-17T01:50:49+0200,1c76d05d-9f93-485e-80bc-75a38f7c715b,2026-09-11T08:30:00Z,2026-09-11T10:30:00+0200,169.14,EUR/MWh,DK2,DK_2,imbalance_price,Long,2026-09-16T23:54:21Z
2026-09-16T23:50:49Z,2026-09-17T01:50:49+0200,1c76d05d-9f93-485e-80bc-75a38f7c715b,2026-09-11T08:30:00Z,2026-09-11T10:30:00+0200,169.14,EUR/MWh,DK2,DK_2,imbalance_price,Short,2026-09-16T23:54:21Z
2026-09-16T23:50:49Z,2026-09-17T01:50:49+0200,1c76d05d-9f93-485e-80bc-75a38f7c715b,2026-09-11T08:45:00Z,2026-09-11T10:45:00+0200,164.11,EUR/MWh,DK2,DK_2,imbalance_price,Long,2026-09-16T23:54:21Z
2026-09-16T23:50:49Z,2026-09-17T01:50:49+0200,1c76d05d-9f93-485e-80bc-75a38f7c715b,2026-09-11T08:45:00Z,2026-09-11T10:45:00+0200,164.11,EUR/MWh,DK2,DK_2,imbalance_price,Short,2026-09-16T23:54:21Z
2026-09-16T23:50:49Z,2026-09-17T01:50:49+0200,1c76d05d-9f93-485e-80bc-75a38f7c715b,2026-09-11T09:00:00Z,2026-09-11T11:00:00+0200,82.54,EUR/MWh,DK2,DK_2,imbalance_price,Long,2026-09-16T23:54:21Z
2026-09-16T23:50:49Z,2026-09-17T01:50:49+0200,1c76d05d-9f93-485e-80bc-75a38f7c715b,2026-09-11T09:00:00Z,2026-09-11T11:00:00+0200,82.54,EUR/MWh,DK2,DK_2,imbalance_price,Short,2026-09-16T23:54:21Z
2026-09-16T23:50:49Z,2026-09-17T01:50:49+0200,1c76d05d-9f93-485e-80bc-75a38f7c715b,2026-09-11T09:15:00Z,2026-09-11T11:15:00+0200,95.38,EUR/MWh,DK2,DK_2,imbalance_price,Long,2026-09-16T23:54:21Z
2026-09-16T23:50:49Z,2026-09-17T01:50:49+0200,1c76d05d-9f93-485e-80bc-75a38f7c715b,2026-09-11T09:15:00Z,2026-09-11T11:15:00+0200,95.38,EUR/MWh,DK2,DK_2,imbalance_price,Short,2026-09-16T23:54:21Z
2026-09-16T23:50:49Z,2026-09-17T01:50:49+0200,1c76d05d-9f93-485e-80bc-75a38f7c715b,2026-09-11T09:30:00Z,2026-09-11T11:30:00+0200,145.84,EUR/MWh,DK2,DK_2,imbalance_price,Long,2026-09-16T23:54:21Z
2026-09-16T23:50:49Z,2026-09-17T01:50:49+0200,1c76d05d-9f93-485e-80bc-75a38f7c715b,2026-09-11T09:30:00Z,2026-09-11T11:30:00+0200,145.84,EUR/MWh,DK2,DK_2,imbalance_price,Short,2026-09-16T23:54:21Z
2026-09-16T23:50:49Z,2026-09-17T01:50:49+0200,1c76d05d-9f93-485e-80bc-75a38f7c715b,2026-09-11T09:45:00Z,2026-09-11T11:45:00+0200,140.16,EUR/MWh,DK2,DK_2,imbalance_price,Long,2026-09-16T23:54:21Z
2026-09-16T23:50:49Z,2026-09-17T01:50:49+0200,1c76d05d-9f93-485e-80bc-75a38f7c715b,2026-09-11T09:45:00Z,2026-09-11T11:45:00+0200,140.16,EUR/MWh,DK2,DK_2,imbalance_price,Short,2026-09-16T23:54:21Z
2026-09-16T23:50:49Z,2026-09-17T01:50:49+0200,1c76d05d-9f93-485e-80bc-75a38f7c715b,2026-09-11T10:00:00Z,2026-09-11T12:00:00+0200,190.86,EUR/MWh,DK2,DK_2,imbalance_price,Long,2026-09-16T23:54:21Z
2026-09-16T23:50:49Z,2026-09-17T01:50:49+0200,1c76d05d-9f93-485e-80bc-75a38f7c715b,2026-09-11T10:00:00Z,2026-09-11T12:00:00+0200,190.86,EUR/MWh,DK2,DK_2,imbalance_price,Short,2026-09-16T23:54:21Z
2026-09-16T23:50:49Z,2026-09-17T01:50:49+0200,1c76d05d-9f93-485e-80bc-75a38f7c715b,2026-09-11T10:15:00Z,2026-09-11T12:15:00+0200,70.0,EUR/MWh,DK2,DK_2,imbalance_price,Long,2026-09-16T23:54:21Z
2026-09-16T23:50:49Z,2026-09-17T01:50:49+0200,1c76d05d-9f93-485e-80bc-75a38f7c715b,2026-09-11T10:15:00Z,2026-09-11T12:15:00+0200,70.0,EUR/MWh,DK2,DK_2,imbalance_price,Short,2026-09-16T23:54:21Z
2026-09-16T23:50:49Z,2026-09-17T01:50:49+0200,1c76d05d-9f93-485e-80bc-75a38f7c715b,2026-09-11T10:30:00Z,2026-09-11T12:30:00+0200,132.99,EUR/MWh,DK2,DK_2,imbalance_price,Long,2026-09-16T23:54:21Z
2026-09-16T23:50:49Z,2026-09-17T01:50:49+0200,1c76d05d-9f93-485e-80bc-75a38f7c715b,2026-09-11T10:30:00Z,2026-09-11T12:30:00+0200,132.99,EUR/MWh,DK2,DK_2,imbalance_price,Short,2026-09-16T23:54:21Z
2026-09-16T23:50:49Z,2026-09-17T01:50:49+0200,1c76d05d-9f93-485e-80bc-75a38f7c715b,2026-09-11T10:45:00Z,2026-09-11T12:45:00+0200,139.18,EUR/MWh,DK2,DK_2,imbalance_price,Long,2026-09-16T23:54:21Z
2026-09-16T23:50:49Z,2026-09-17T01:50:49+0200,1c76d05d-9f93-485e-80bc-75a38f7c715b,2026-09-11T10:45:00Z,2026-09-11T12:45:00+0200,139.18,EUR/MWh,DK2,DK_2,imbalance_price,Short,2026-09-16T23:54:21Z
2026-09-16T23:50:49Z,2026-09-17T01:50:49+0200,1c76d05d-9f93-485e-80bc-75a38f7c715b,2026-09-11T11:00:00Z,2026-09-11T13:00:00+0200,42.57,EUR/MWh,DK2,DK_2,imbalance_price,Long,2026-09-16T23:54:21Z
2026-09-16T23:50:49Z,2026-09-17T01:50:49+0200,1c76d05d-9f93-485e-80bc-75a38f7c715b,2026-09-11T11:00:00Z,2026-09-11T13:00:00+0200,42.57,EUR/MWh,DK2,DK_2,imbalance_price,Short,2026-09-16T23:54:21Z
2026-09-16T23:50:49Z,2026-09-17T01:50:49+0200,1c76d05d-9f93-485e-80bc-75a38f7c715b,2026-09-11T11:15:00Z,2026-09-11T13:15:00+0200,77.02,EUR/MWh,DK2,DK_2,imbalance_price,Long,2026-09-16T23:54:21Z
2026-09-16T23:50:49Z,2026-09-17T01:50:49+0200,1c76d05d-9f93-485e-80bc-75a38f7c715b,2026-09-11T11:15:00Z,2026-09-11T13:15:00+0200,77.02,EUR/MWh,DK2,DK_2,imbalance_price,Short,2026-09-16T23:54:21Z
2026-09-16T23:50:49Z,2026-09-17T01:50:49+0200,1c76d05d-9f93-485e-80bc-75a38f7c715b,2026-09-11T11:30:00Z,2026-09-11T13:30:00+0200,137.49,EUR/MWh,DK2,DK_2,imbalance_price,Long,2026-09-16T23:54:21Z
2026-09-16T23:50:49Z,2026-09-17T01:50:49+0200,1c76d05d-9f93-485e-80bc-75a38f7c715b,2026-09-11T11:30:00Z,2026-09-11T13:30:00+0200,137.49,EUR/MWh,DK2,DK_2,imbalance_price,Short,2026-09-16T23:54:21Z
2026-09-16T23:50:49Z,2026-09-17T01:50:49+0200,1c76d05d-9f93-485e-80bc-75a38f7c715b,2026-09-11T11:45:00Z,2026-09-11T13:45:00+0200,-14.14,EUR/MWh,DK2,DK_2,imbalance_price,Long,2026-09-16T23:54:21Z
2026-09-16T23:50:49Z,2026-09-17T01:50:49+0200,1c76d05d-9f93-485e-80bc-75a38f7c715b,2026-09-11T11:45:00Z,2026-09-11T13:45:00+0200,-14.14,EUR/MWh,DK2,DK_2,imbalance_price,Short,2026-09-16T23:54:21Z
2026-09-16T23:50:49Z,2026-09-17T01:50:49+0200,1c76d05d-9f93-485e-80bc-75a38f7c715b,2026-09-11T12:00:00Z,2026-09-11T14:00:00+0200,4.56,EUR/MWh,DK2,DK_2,imbalance_price,Long,2026-09-16T23:54:21Z
2026-09-16T23:50:49Z,2026-09-17T01:50:49+0200,1c76d05d-9f93-485e-80bc-75a38f7c715b,2026-09-11T12:00:00Z,2026-09-11T14:00:00+0200,4.56,EUR/MWh,DK2,DK_2,imbalance_price,Short,2026-09-16T23:54:21Z
2026-09-16T23:50:49Z,2026-09-17T01:50:49+0200,1c76d05d-9f93-485e-80bc-75a38f7c715b,2026-09-11T12:15:00Z,2026-09-11T14:15:00+0200,2.37,EUR/MWh,DK2,DK_2,imbalance_price,Long,2026-09-16T23:54:21Z
2026-09-16T23:50:49Z,2026-09-17T01:50:49+0200,1c76d05d-9f93-485e-80bc-75a38f7c715b,2026-09-11T12:15:00Z,2026-09-11T14:15:00+0200,2.37,EUR/MWh,DK2,DK_2,imbalance_price,Short,2026-09-16T23:54:21Z
2026-09-16T23:50:49Z,2026-09-17T01:50:49+0200,1c76d05d-9f93-485e-80bc-75a38f7c715b,2026-09-11T12:30:00Z,2026-09-11T14:30:00+0200,-11.45,EUR/MWh,DK2,DK_2,imbalance_price,Long,2026-09-16T23:54:21Z
2026-09-16T23:50:49Z,2026-09-17T01:50:49+0200,1c76d05d-9f93-485e-80bc-75a38f7c715b,2026-09-11T12:30:00Z,2026-09-11T14:30:00+0200,-11.45,EUR/MWh,DK2,DK_2,imbalance_price,Short,2026-09-16T23:54:21Z
2026-09-16T23:50:49Z,2026-09-17T01:50:49+0200,1c76d05d-9f93-485e-80bc-75a38f7c715b,2026-09-11T12:45:00Z,2026-09-11T14:45:00+0200,154.54,EUR/MWh,DK2,DK_2,imbalance_price,Long,2026-09-16T23:54:21Z
2026-09-16T23:50:49Z,2026-09-17T01:50:49+0200,1c76d05d-9f93-485e-80bc-75a38f7c715b,2026-09-11T12:45:00Z,2026-09-11T14:45:00+0200,154.54,EUR/MWh,DK2,DK_2,imbalance_price,Short,2026-09-16T23:54:21Z
2026-09-16T23:50:49Z,2026-09-17T01:50:49+0200,1c76d05d-9f93-485e-80bc-75a38f7c715b,2026-09-11T13:00:00Z,2026-09-11T15:00:00+0200,152.19,EUR/MWh,DK2,DK_2,imbalance_price,Long,2026-09-16T23:54:21Z
2026-09-16T23:50:49Z,2026-09-17T01:50:49+0200,1c76d05d-9f93-485e-80bc-75a38f7c715b,2026-09-11T13:00:00Z,2026-09-11T15:00:00+0200,152.19,EUR/MWh,DK2,DK_2,imbalance_price,Short,2026-09-16T23:54:21Z
2026-09-16T23:50:49Z,2026-09-17T01:50:49+0200,1c76d05d-9f93-485e-80bc-75a38f7c715b,2026-09-11T13:15:00Z,2026-09-11T15:15:00+0200,19.38,EUR/MWh,DK2,DK_2,imbalance_price,Long,2026-09-16T23:54:21Z
2026-09-16T23:50:49Z,2026-09-17T01:50:49+0200,1c76d05d-9f93-485e-80bc-75a38f7c715b,2026-09-11T13:15:00Z,2026-09-11T15:15:00+0200,19.38,EUR/MWh,DK2,DK_2,imbalance_price,Short,2026-09-16T23:54:21Z
2026-09-16T23:50:49Z,2026-09-17T01:50:49+0200,1c76d05d-9f93-485e-80bc-75a38f7c715b,2026-09-11T13:30:00Z,2026-09-11T15:30:00+0200,13.46,EUR/MWh,DK2,DK_2,imbalance_price,Long,2026-09-16T23:54:21Z
2026-09-16T23:50:49Z,2026-09-17T01:50:49+0200,1c76d05d-9f93-485e-80bc-75a38f7c715b,2026-09-11T13:30:00Z,2026-09-11T15:30:00+0200,13.46,EUR/MWh,DK2,DK_2,imbalance_price,Short,2026-09-16T23:54:21Z
2026-09-16T23:50:49Z,2026-09-17T01:50:49+0200,1c76d05d-9f93-485e-80bc-75a38f7c715b,2026-09-11T13:45:00Z,2026-09-11T15:45:00+0200,19.05,EUR/MWh,DK2,DK_2,imbalance_price,Long,2026-09-16T23:54:21Z
2026-09-16T23:50:49Z,2026-09-17T01:50:49+0200,1c76d05d-9f93-485e-80bc-75a38f7c715b,2026-09-11T13:45:00Z,2026-09-11T15:45:00+0200,19.05,EUR/MWh,DK2,DK_2,imbalance_price,Short,2026-09-16T23:54:21Z
2026-09-16T23:50:49Z,2026-09-17T01:50:49+0200,1c76d05d-9f93-485e-80bc-75a38f7c715b,2026-09-11T14:00:00Z,2026-09-11T16:00:00+0200,158.11,EUR/MWh,DK2,DK_2,imbalance_price,Long,2026-09-16T23:54:21Z
2026-09-16T23:50:49Z,2026-09-17T01:50:49+0200,1c76d05d-9f93-485e-80bc-75a38f7c715b,2026-09-11T14:00:00Z,2026-09-11T16:00:00+0200,158.11,EUR/MWh,DK2,DK_2,imbalance_price,Short,2026-09-16T23:54:21Z
2026-09-16T23:50:49Z,2026-09-17T01:50:49+0200,1c76d05d-9f93-485e-80bc-75a38f7c715b,2026-09-11T14:15:00Z,2026-09-11T16:15:00+0200,43.0,EUR/MWh,DK2,DK_2,imbalance_price,Long,2026-09-16T23:54:21Z
2026-09-16T23:50:49Z,2026-09-17T01:50:49+0200,1c76d05d-9f93-485e-80bc-75a38f7c715b,2026-09-11T14:15:00Z,2026-09-11T16:15:00+0200,43.0,EUR/MWh,DK2,DK_2,imbalance_price,Short,2026-09-16T23:54:21Z
2026-09-16T23:50:49Z,2026-09-17T01:50:49+0200,1c76d05d-9f93-485e-80bc-75a38f7c715b,2026-09-11T14:30:00Z,2026-09-11T16:30:00+0200,192.44,EUR/MWh,DK2,DK_2,imbalance_price,Long,2026-09-16T23:54:21Z
2026-09-16T23:50:49Z,2026-09-17T01:50:49+0200,1c76d05d-9f93-485e-80bc-75a38f7c715b,2026-09-11T14:30:00Z,2026-09-11T16:30:00+0200,192.44,EUR/MWh,DK2,DK_2,imbalance_price,Short,2026-09-16T23:54:21Z
2026-09-16T23:50:49Z,2026-09-17T01:50:49+0200,1c76d05d-9f93-485e-80bc-75a38f7c715b,2026-09-11T14:45:00Z,2026-09-11T16:45:00+0200,214.95,EUR/MWh,DK2,DK_2,imbalance_price,Long,2026-09-16T23:54:21Z
2026-09-16T23:50:49Z,2026-09-17T01:50:49+0200,1c76d05d-9f93-485e-80bc-75a38f7c715b,2026-09-11T14:45:00Z,2026-09-11T16:45:00+0200,214.95,EUR/MWh,DK2,DK_2,imbalance_price,Short,2026-09-16T23:54:21Z
2026-09-16T23:50:49Z,2026-09-17T01:50:49+0200,1c76d05d-9f93-485e-80bc-75a38f7c715b,2026-09-11T15:00:00Z,2026-09-11T17:00:00+0200,183.51,EUR/MWh,DK2,DK_2,imbalance_price,Long,2026-09-16T23:54:21Z
2026-09-16T23:50:49Z,2026-09-17T01:50:49+0200,1c76d05d-9f93-485e-80bc-75a38f7c715b,2026-09-11T15:00:00Z,2026-09-11T17:00:00+0200,183.51,EUR/MWh,DK2,DK_2,imbalance_price,Short,2026-09-16T23:54:21Z
2026-09-16T23:50:49Z,2026-09-17T01:50:49+0200,1c76d05d-9f93-485e-80bc-75a38f7c715b,2026-09-11T15:15:00Z,2026-09-11T17:15:00+0200,99.96,EUR/MWh,DK2,DK_2,imbalance_price,Long,2026-09-16T23:54:21Z
2026-09-16T23:50:49Z,2026-09-17T01:50:49+0200,1c76d05d-9f93-485e-80bc-75a38f7c715b,2026-09-11T15:15:00Z,2026-09-11T17:15:00+0200,99.96,EUR/MWh,DK2,DK_2,imbalance_price,Short,2026-09-16T23:54:21Z
2026-09-16T23:50:49Z,2026-09-17T01:50:49+0200,1c76d05d-9f93-485e-80bc-75a38f7c715b,2026-09-11T15:30:00Z,2026-09-11T17:30:00+0200,165.89,EUR/MWh,DK2,DK_2,imbalance_price,Long,2026-09-16T23:54:21Z
2026-09-16T23:50:49Z,2026-09-17T01:50:49+0200,1c76d05d-9f93-485e-80bc-75a38f7c715b,2026-09-11T15:30:00Z,2026-09-11T17:30:00+0200,165.89,EUR/MWh,DK2,DK_2,imbalance_price,Short,2026-09-16T23:54:21Z
2026-09-16T23:50:49Z,2026-09-17T01:50:49+0200,1c76d05d-9f93-485e-80bc-75a38f7c715b,2026-09-11T15:45:00Z,2026-09-11T17:45:00+0200,234.33,EUR/MWh,DK2,DK_2,imbalance_price,Long,2026-09-16T23:54:21Z
2026-09-16T23:50:49Z,2026-09-17T01:50:49+0200,1c76d05d-9f93-485e-80bc-75a38f7c715b,2026-09-11T15:45:00Z,2026-09-11T17:45:00+0200,234.33,EUR/MWh,DK2,DK_2,imbalance_price,Short,2026-09-16T23:54:21Z
2026-09-16T23:50:49Z,2026-09-17T01:50:49+0200,1c76d05d-9f93-485e-80bc-75a38f7c715b,2026-09-11T16:00:00Z,2026-09-11T18:00:00+0200,216.85,EUR/MWh,DK2,DK_2,imbalance_price,Long,2026-09-16T23:54:21Z
2026-09-16T23:50:49Z,2026-09-17T01:50:49+0200,1c76d05d-9f93-485e-80bc-75a38f7c715b,2026-09-11T16:00:00Z,2026-09-11T18:00:00+0200,216.85,EUR/MWh,DK2,DK_2,imbalance_price,Short,2026-09-16T23:54:21Z
2026-09-16T23:50:49Z,2026-09-17T01:50:49+0200,1c76d05d-9f93-485e-80bc-75a38f7c715b,2026-09-11T16:15:00Z,2026-09-11T18:15:00+0200,238.01,EUR/MWh,DK2,DK_2,imbalance_price,Long,2026-09-16T23:54:21Z
2026-09-16T23:50:49Z,2026-09-17T01:50:49+0200,1c76d05d-9f93-485e-80bc-75a38f7c715b,2026-09-11T16:15:00Z,2026-09-11T18:15:00+0200,238.01,EUR/MWh,DK2,DK_2,imbalance_price,Short,2026-09-16T23:54:21Z
2026-09-16T23:50:49Z,2026-09-17T01:50:49+0200,1c76d05d-9f93-485e-80bc-75a38f7c715b,2026-09-11T16:30:00Z,2026-09-11T18:30:00+0200,260.81,EUR/MWh,DK2,DK_2,imbalance_price,Long,2026-09-16T23:54:21Z
2026-09-16T23:50:49Z,2026-09-17T01:50:49+0200,1c76d05d-9f93-485e-80bc-75a38f7c715b,2026-09-11T16:30:00Z,2026-09-11T18:30:00+0200,260.81,EUR/MWh,DK2,DK_2,imbalance_price,Short,2026-09-16T23:54:21Z
2026-09-16T23:50:49Z,2026-09-17T01:50:49+0200,1c76d05d-9f93-485e-80bc-75a38f7c715b,2026-09-11T16:45:00Z,2026-09-11T18:45:00+0200,278.2,EUR/MWh,DK2,DK_2,imbalance_price,Long,2026-09-16T23:54:21Z
2026-09-16T23:50:49Z,2026-09-17T01:50:49+0200,1c76d05d-9f93-485e-80bc-75a38f7c715b,2026-09-11T16:45:00Z,2026-09-11T18:45:00+0200,278.2,EUR/MWh,DK2,DK_2,imbalance_price,Short,2026-09-16T23:54:21Z
2026-09-16T23:50:49Z,2026-09-17T01:50:49+0200,1c76d05d-9f93-485e-80bc-75a38f7c715b,2026-09-11T17:00:00Z,2026-09-11T19:00:00+0200,139.69,EUR/MWh,DK2,DK_2,imbalance_price,Long,2026-09-16T23:54:21Z
2026-09-16T23:50:49Z,2026-09-17T01:50:49+0200,1c76d05d-9f93-485e-80bc-75a38f7c715b,2026-09-11T17:00:00Z,2026-09-11T19:00:00+0200,139.69,EUR/MWh,DK2,DK_2,imbalance_price,Short,2026-09-16T23:54:21Z
2026-09-16T23:50:49Z,2026-09-17T01:50:49+0200,1c76d05d-9f93-485e-80bc-75a38f7c715b,2026-09-11T17:15:00Z,2026-09-11T19:15:00+0200,299.84,EUR/MWh,DK2,DK_2,imbalance_price,Long,2026-09-16T23:54:21Z
2026-09-16T23:50:49Z,2026-09-17T01:50:49+0200,1c76d05d-9f93-485e-80bc-75a38f7c715b,2026-09-11T17:15:00Z,2026-09-11T19:15:00+0200,299.84,EUR/MWh,DK2,DK_2,imbalance_price,Short,2026-09-16T23:54:21Z
2026-09-16T23:50:49Z,2026-09-17T01:50:49+0200,1c76d05d-9f93-485e-80bc-75a38f7c715b,2026-09-11T17:30:00Z,2026-09-11T19:30:00+0200,321.78,EUR/MWh,DK2,DK_2,imbalance_price,Long,2026-09-16T23:54:21Z
2026-09-16T23:50:49Z,2026-09-17T01:50:49+0200,1c76d05d-9f93-485e-80bc-75a38f7c715b,2026-09-11T17:30:00Z,2026-09-11T19:30:00+0200,321.78,EUR/MWh,DK2,DK_2,imbalance_price,Short,2026-09-16T23:54:21Z
2026-09-16T23:50:49Z,2026-09-17T01:50:49+0200,1c76d05d-9f93-485e-80bc-75a38f7c715b,2026-09-11T17:45:00Z,2026-09-11T19:45:00+0200,326.68,EUR/MWh,DK2,DK_2,imbalance_price,Long,2026-09-16T23:54:21Z
2026-09-16T23:50:49Z,2026-09-17T01:50:49+0200,1c76d05d-9f93-485e-80bc-75a38f7c715b,2026-09-11T17:45:00Z,2026-09-11T19:45:00+0200,326.68,EUR/MWh,DK2,DK_2,imbalance_price,Short,2026-09-16T23:54:21Z
2026-09-16T23:50:49Z,2026-09-17T01:50:49+0200,1c76d05d-9f93-485e-80bc-75a38f7c715b,2026-09-11T18:00:00Z,2026-09-11T20:00:00+0200,315.68,EUR/MWh,DK2,DK_2,imbalance_price,Long,2026-09-16T23:54:21Z
2026-09-16T23:50:49Z,2026-09-17T01:50:49+0200,1c76d05d-9f93-485e-80bc-75a38f7c715b,2026-09-11T18:00:00Z,2026-09-11T20:00:00+0200,315.68,EUR/MWh,DK2,DK_2,imbalance_price,Short,2026-09-16T23:54:21Z
2026-09-16T23:50:49Z,2026-09-17T01:50:49+0200,1c76d05d-9f93-485e-80bc-75a38f7c715b,2026-09-11T18:15:00Z,2026-09-11T20:15:00+0200,294.99,EUR/MWh,DK2,DK_2,imbalance_price,Long,2026-09-16T23:54:21Z
2026-09-16T23:50:49Z,2026-09-17T01:50:49+0200,1c76d05d-9f93-485e-80bc-75a38f7c715b,2026-09-11T18:15:00Z,2026-09-11T20:15:00+0200,294.99,EUR/MWh,DK2,DK_2,imbalance_price,Short,2026-09-16T23:54:21Z
2026-09-16T23:50:49Z,2026-09-17T01:50:49+0200,1c76d05d-9f93-485e-80bc-75a38f7c715b,2026-09-11T18:30:00Z,2026-09-11T20:30:00+0200,277.25,EUR/MWh,DK2,DK_2,imbalance_price,Long,2026-09-16T23:54:21Z
2026-09-16T23:50:49Z,2026-09-17T01:50:49+0200,1c76d05d-9f93-485e-80bc-75a38f7c715b,2026-09-11T18:30:00Z,2026-09-11T20:30:00+0200,277.25,EUR/MWh,DK2,DK_2,imbalance_price,Short,2026-09-16T23:54:21Z
2026-09-16T23:50:49Z,2026-09-17T01:50:49+0200,1c76d05d-9f93-485e-80bc-75a38f7c715b,2026-09-11T18:45:00Z,2026-09-11T20:45:00+0200,267.92,EUR/MWh,DK2,DK_2,imbalance_price,Long,2026-09-16T23:54:21Z
2026-09-16T23:50:49Z,2026-09-17T01:50:49+0200,1c76d05d-9f93-485e-80bc-75a38f7c715b,2026-09-11T18:45:00Z,2026-09-11T20:45:00+0200,267.92,EUR/MWh,DK2,DK_2,imbalance_price,Short,2026-09-16T23:54:21Z
2026-09-16T23:50:49Z,2026-09-17T01:50:49+0200,1c76d05d-9f93-485e-80bc-75a38f7c715b,2026-09-11T19:00:00Z,2026-09-11T21:00:00+0200,270.29,EUR/MWh,DK2,DK_2,imbalance_price,Long,2026-09-16T23:54:21Z
2026-09-16T23:50:49Z,2026-09-17T01:50:49+0200,1c76d05d-9f93-485e-80bc-75a38f7c715b,2026-09-11T19:00:00Z,2026-09-11T21:00:00+0200,270.29,EUR/MWh,DK2,DK_2,imbalance_price,Short,2026-09-16T23:54:21Z
2026-09-16T23:50:49Z,2026-09-17T01:50:49+0200,1c76d05d-9f93-485e-80bc-75a38f7c715b,2026-09-11T19:15:00Z,2026-09-11T21:15:00+0200,245.23,EUR/MWh,DK2,DK_2,imbalance_price,Long,2026-09-16T23:54:21Z
2026-09-16T23:50:49Z,2026-09-17T01:50:49+0200,1c76d05d-9f93-485e-80bc-75a38f7c715b,2026-09-11T19:15:00Z,2026-09-11T21:15:00+0200,245.23,EUR/MWh,DK2,DK_2,imbalance_price,Short,2026-09-16T23:54:21Z
2026-09-16T23:50:49Z,2026-09-17T01:50:49+0200,1c76d05d-9f93-485e-80bc-75a38f7c715b,2026-09-11T19:30:00Z,2026-09-11T21:30:00+0200,236.01,EUR/MWh,DK2,DK_2,imbalance_price,Long,2026-09-16T23:54:21Z
2026-09-16T23:50:49Z,2026-09-17T01:50:49+0200,1c76d05d-9f93-485e-80bc-75a38f7c715b,2026-09-11T19:30:00Z,2026-09-11T21:30:00+0200,236.01,EUR/MWh,DK2,DK_2,imbalance_price,Short,2026-09-16T23:54:21Z
2026-09-16T23:50:49Z,2026-09-17T01:50:49+0200,1c76d05d-9f93-485e-80bc-75a38f7c715b,2026-09-11T19:45:00Z,2026-09-11T21:45:00+0200,73.58,EUR/MWh,DK2,DK_2,imbalance_price,Long,2026-09-16T23:54:21Z
2026-09-16T23:50:49Z,2026-09-17T01:50:49+0200,1c76d05d-9f93-485e-80bc-75a38f7c715b,2026-09-11T19:45:00Z,2026-09-11T21:45:00+0200,73.58,EUR/MWh,DK2,DK_2,imbalance_price,Short,2026-09-16T23:54:21Z
2026-09-16T23:50:49Z,2026-09-17T01:50:49+0200,1c76d05d-9f93-485e-80bc-75a38f7c715b,2026-09-11T20:00:00Z,2026-09-11T22:00:00+0200,92.92,EUR/MWh,DK2,DK_2,imbalance_price,Long,2026-09-16T23:54:21Z
2026-09-16T23:50:49Z,2026-09-17T01:50:49+0200,1c76d05d-9f93-485e-80bc-75a38f7c715b,2026-09-11T20:00:00Z,2026-09-11T22:00:00+0200,92.92,EUR/MWh,DK2,DK_2,imbalance_price,Short,2026-09-16T23:54:21Z
2026-09-16T23:50:49Z,2026-09-17T01:50:49+0200,1c76d05d-9f93-485e-80bc-75a38f7c715b,2026-09-11T20:15:00Z,2026-09-11T22:15:00+0200,225.01,EUR/MWh,DK2,DK_2,imbalance_price,Long,2026-09-16T23:54:21Z
2026-09-16T23:50:49Z,2026-09-17T01:50:49+0200,1c76d05d-9f93-485e-80bc-75a38f7c715b,2026-09-11T20:15:00Z,2026-09-11T22:15:00+0200,225.01,EUR/MWh,DK2,DK_2,imbalance_price,Short,2026-09-16T23:54:21Z
2026-09-16T23:50:49Z,2026-09-17T01:50:49+0200,1c76d05d-9f93-485e-80bc-75a38f7c715b,2026-09-11T20:30:00Z,2026-09-11T22:30:00+0200,222.31,EUR/MWh,DK2,DK_2,imbalance_price,Long,2026-09-16T23:54:21Z
2026-09-16T23:50:49Z,2026-09-17T01:50:49+0200,1c76d05d-9f93-485e-80bc-75a38f7c715b,2026-09-11T20:30:00Z,2026-09-11T22:30:00+0200,222.31,EUR/MWh,DK2,DK_2,imbalance_price,Short,2026-09-16T23:54:21Z
2026-09-16T23:50:49Z,2026-09-17T01:50:49+0200,1c76d05d-9f93-485e-80bc-75a38f7c715b,2026-09-11T20:45:00Z,2026-09-11T22:45:00+0200,218.53,EUR/MWh,DK2,DK_2,imbalance_price,Long,2026-09-16T23:54:21Z
2026-09-16T23:50:49Z,2026-09-17T01:50:49+0200,1c76d05d-9f93-485e-80bc-75a38f7c715b,2026-09-11T20:45:00Z,2026-09-11T22:45:00+0200,218.53,EUR/MWh,DK2,DK_2,imbalance_price,Short,2026-09-16T23:54:21Z
2026-09-16T23:50:49Z,2026-09-17T01:50:49+0200,1c76d05d-9f93-485e-80bc-75a38f7c715b,2026-09-11T21:00:00Z,2026-09-11T23:00:00+0200,216.97,EUR/MWh,DK2,DK_2,imbalance_price,Long,2026-09-16T23:54:21Z
2026-09-16T23:50:49Z,2026-09-17T01:50:49+0200,1c76d05d-9f93-485e-80bc-75a38f7c715b,2026-09-11T21:00:00Z,2026-09-11T23:00:00+0200,216.97,EUR/MWh,DK2,DK_2,imbalance_price,Short,2026-09-16T23:54:21Z
2026-09-16T23:50:49Z,2026-09-17T01:50:49+0200,1c76d05d-9f93-485e-80bc-75a38f7c715b,2026-09-11T21:15:00Z,2026-09-11T23:15:00+0200,206.89,EUR/MWh,DK2,DK_2,imbalance_price,Long,2026-09-16T23:54:21Z
2026-09-16T23:50:49Z,2026-09-17T01:50:49+0200,1c76d05d-9f93-485e-80bc-75a38f7c715b,2026-09-11T21:15:00Z,2026-09-11T23:15:00+0200,206.89,EUR/MWh,DK2,DK_2,imbalance_price,Short,2026-09-16T23:54:21Z
2026-09-16T23:50:49Z,2026-09-17T01:50:49+0200,1c76d05d-9f93-485e-80bc-75a38f7c715b,2026-09-11T21:30:00Z,2026-09-11T23:30:00+0200,202.3,EUR/MWh,DK2,DK_2,imbalance_price,Long,2026-09-16T23:54:21Z
2026-09-16T23:50:49Z,2026-09-17T01:50:49+0200,1c76d05d-9f93-485e-80bc-75a38f7c715b,2026-09-11T21:30:00Z,2026-09-11T23:30:00+0200,202.3,EUR/MWh,DK2,DK_2,imbalance_price,Short,2026-09-16T23:54:21Z
2026-09-16T23:50:49Z,2026-09-17T01:50:49+0200,1c76d05d-9f93-485e-80bc-75a38f7c715b,2026-09-11T21:45:00Z,2026-09-11T23:45:00+0200,191.96,EUR/MWh,DK2,DK_2,imbalance_price,Long,2026-09-16T23:54:21Z
2026-09-16T23:50:49Z,2026-09-17T01:50:49+0200,1c76d05d-9f93-485e-80bc-75a38f7c715b,2026-09-11T21:45:00Z,2026-09-11T23:45:00+0200,191.96,EUR/MWh,DK2,DK_2,imbalance_price,Short,2026-09-16T23:54:21Z
2026-09-16T23:50:49Z,2026-09-17T01:50:49+0200,1c76d05d-9f93-485e-80bc-75a38f7c715b,2026-09-11T22:00:00Z,2026-09-12T00:00:00+0200,211.79,EUR/MWh,DK2,DK_2,imbalance_price,Long,2026-09-16T23:54:21Z
2026-09-16T23:50:49Z,2026-09-17T01:50:49+0200,1c76d05d-9f93-485e-80bc-75a38f7c715b,2026-09-11T22:00:00Z,2026-09-12T00:00:00+0200,211.79,EUR/MWh,DK2,DK_2,imbalance_price,Short,2026-09-16T23:54:21Z
2026-09-16T23:50:49Z,2026-09-17T01:50:49+0200,1c76d05d-9f93-485e-80bc-75a38f7c715b,2026-09-11T22:15:00Z,2026-09-12T00:15:00+0200,206.22,EUR/MWh,DK2,DK_2,imbalance_price,Long,2026-09-16T23:54:21Z
2026-09-16T23:50:49Z,2026-09-17T01:50:49+0200,1c76d05d-9f93-485e-80bc-75a38f7c715b,2026-09-11T22:15:00Z,2026-09-12T00:15:00+0200,206.22,EUR/MWh,DK2,DK_2,imbalance_price,Short,2026-09-16T23:54:21Z
2026-09-16T23:50:49Z,2026-09-17T01:50:49+0200,1c76d05d-9f93-485e-80bc-75a38f7c715b,2026-09-11T22:30:00Z,2026-09-12T00:30:00+0200,203.4,EUR/MWh,DK2,DK_2,imbalance_price,Long,2026-09-16T23:54:21Z
2026-09-16T23:50:49Z,2026-09-17T01:50:49+0200,1c76d05d-9f93-485e-80bc-75a38f7c715b,2026-09-11T22:30:00Z,2026-09-12T00:30:00+0200,203.4,EUR/MWh,DK2,DK_2,imbalance_price,Short,2026-09-16T23:54:21Z
2026-09-16T23:50:49Z,2026-09-17T01:50:49+0200,1c76d05d-9f93-485e-80bc-75a38f7c715b,2026-09-11T22:45:00Z,2026-09-12T00:45:00+0200,198.8,EUR/MWh,DK2,DK_2,imbalance_price,Long,2026-09-16T23:54:21Z
2026-09-16T23:50:49Z,2026-09-17T01:50:49+0200,1c76d05d-9f93-485e-80bc-75a38f7c715b,2026-09-11T22:45:00Z,2026-09-12T00:45:00+0200,198.8,EUR/MWh,DK2,DK_2,imbalance_price,Short,2026-09-16T23:54:21Z
2026-09-16T23:50:49Z,2026-09-17T01:50:49+0200,1c76d05d-9f93-485e-80bc-75a38f7c715b,2026-09-11T23:00:00Z,2026-09-12T01:00:00+0200,205.87,EUR/MWh,DK2,DK_2,imbalance_price,Long,2026-09-16T23:54:21Z
2026-09-16T23:50:49Z,2026-09-17T01:50:49+0200,1c76d05d-9f93-485e-80bc-75a38f7c715b,2026-09-11T23:00:00Z,2026-09-12T01:00:00+0200,205.87,EUR/MWh,DK2,DK_2,imbalance_price,Short,2026-09-16T23:54:21Z
2026-09-16T23:50:49Z,2026-09-17T01:50:49+0200,1c76d05d-9f93-485e-80bc-75a38f7c715b,2026-09-11T23:15:00Z,2026-09-12T01:15:00+0200,97.07,EUR/MWh,DK2,DK_2,imbalance_price,Long,2026-09-16T23:54:21Z
2026-09-16T23:50:49Z,2026-09-17T01:50:49+0200,1c76d05d-9f93-485e-80bc-75a38f7c715b,2026-09-11T23:15:00Z,2026-09-12T01:15:00+0200,97.07,EUR/MWh,DK2,DK_2,imbalance_price,Short,2026-09-16T23:54:21Z
2026-09-16T23:50:49Z,2026-09-17T01:50:49+0200,1c76d05d-9f93-485e-80bc-75a38f7c715b,2026-09-11T23:30:00Z,2026-09-12T01:30:00+0200,93.3,EUR/MWh,DK2,DK_2,imbalance_price,Long,2026-09-16T23:54:21Z
2026-09-16T23:50:49Z,2026-09-17T01:50:49+0200,1c76d05d-9f93-485e-80bc-75a38f7c715b,2026-09-11T23:30:00Z,2026-09-12T01:30:00+0200,93.3,EUR/MWh,DK2,DK_2,imbalance_price,Short,2026-09-16T23:54:21Z
2026-09-16T23:50:49Z,2026-09-17T01:50:49+0200,1c76d05d-9f93-485e-80bc-75a38f7c715b,2026-09-11T23:45:00Z,2026-09-12T01:45:00+0200,193.99,EUR/MWh,DK2,DK_2,imbalance_price,Long,2026-09-16T23:54:21Z
2026-09-16T23:50:49Z,2026-09-17T01:50:49+0200,1c76d05d-9f93-485e-80bc-75a38f7c715b,2026-09-11T23:45:00Z,2026-09-12T01:45:00+0200,193.99,EUR/MWh,DK2,DK_2,imbalance_price,Short,2026-09-16T23:54:21Z
2026-09-16T23:50:49Z,2026-09-17T01:50:49+0200,1c76d05d-9f93-485e-80bc-75a38f7c715b,2026-09-12T00:00:00Z,2026-09-12T02:00:00+0200,197.97,EUR/MWh,DK2,DK_2,imbalance_price,Long,2026-09-16T23:54:21Z
2026-09-16T23:50:49Z,2026-09-17T01:50:49+0200,1c76d05d-9f93-485e-80bc-75a38f7c715b,2026-09-12T00:00:00Z,2026-09-12T02:00:00+0200,197.97,EUR/MWh,DK2,DK_2,imbalance_price,Short,2026-09-16T23:54:21Z
2026-09-16T23:50:49Z,2026-09-17T01:50:49+0200,1c76d05d-9f93-485e-80bc-75a38f7c715b,2026-09-12T00:15:00Z,2026-09-12T02:15:00+0200,198.56,EUR/MWh,DK2,DK_2,imbalance_price,Long,2026-09-16T23:54:21Z
2026-09-16T23:50:49Z,2026-09-17T01:50:49+0200,1c76d05d-9f93-485e-80bc-75a38f7c715b,2026-09-12T00:15:00Z,2026-09-12T02:15:00+0200,198.56,EUR/MWh,DK2,DK_2,imbalance_price,Short,2026-09-16T23:54:21Z
2026-09-16T23:50:49Z,2026-09-17T01:50:49+0200,1c76d05d-9f93-485e-80bc-75a38f7c715b,2026-09-12T00:30:00Z,2026-09-12T02:30:00+0200,194.99,EUR/MWh,DK2,DK_2,imbalance_price,Long,2026-09-16T23:54:21Z
2026-09-16T23:50:49Z,2026-09-17T01:50:49+0200,1c76d05d-9f93-485e-80bc-75a38f7c715b,2026-09-12T00:30:00Z,2026-09-12T02:30:00+0200,194.99,EUR/MWh,DK2,DK_2,imbalance_price,Short,2026-09-16T23:54:21Z
2026-09-16T23:50:49Z,2026-09-17T01:50:49+0200,1c76d05d-9f93-485e-80bc-75a38f7c715b,2026-09-12T00:45:00Z,2026-09-12T02:45:00+0200,193.99,EUR/MWh,DK2,DK_2,imbalance_price,Long,2026-09-16T23:54:21Z
2026-09-16T23:50:49Z,2026-09-17T01:50:49+0200,1c76d05d-9f93-485e-80bc-75a38f7c715b,2026-09-12T00:45:00Z,2026-09-12T02:45:00+0200,193.99,EUR/MWh,DK2,DK_2,imbalance_price,Short,2026-09-16T23:54:21Z
2026-09-16T23:50:49Z,2026-09-17T01:50:49+0200,1c76d05d-9f93-485e-80bc-75a38f7c715b,2026-09-12T01:00:00Z,2026-09-12T03:00:00+0200,95.38,EUR/MWh,DK2,DK_2,imbalance_price,Long,2026-09-16T23:54:21Z
2026-09-16T23:50:49Z,2026-09-17T01:50:49+0200,1c76d05d-9f93-485e-80bc-75a38f7c715b,2026-09-12T01:00:00Z,2026-09-12T03:00:00+0200,95.38,EUR/MWh,DK2,DK_2,imbalance_price,Short,2026-09-16T23:54:21Z
2026-09-16T23:50:49Z,2026-09-17T01:50:49+0200,1c76d05d-9f93-485e-80bc-75a38f7c715b,2026-09-12T01:15:00Z,2026-09-12T03:15:00+0200,78.67,EUR/MWh,DK2,DK_2,imbalance_price,Long,2026-09-16T23:54:21Z
2026-09-16T23:50:49Z,2026-09-17T01:50:49+0200,1c76d05d-9f93-485e-80bc-75a38f7c715b,2026-09-12T01:15:00Z,2026-09-12T03:15:00+0200,78.67,EUR/MWh,DK2,DK_2,imbalance_price,Short,2026-09-16T23:54:21Z
2026-09-16T23:50:49Z,2026-09-17T01:50:49+0200,1c76d05d-9f93-485e-80bc-75a38f7c715b,2026-09-12T01:30:00Z,2026-09-12T03:30:00+0200,91.23,EUR/MWh,DK2,DK_2,imbalance_price,Long,2026-09-16T23:54:21Z
2026-09-16T23:50:49Z,2026-09-17T01:50:49+0200,1c76d05d-9f93-485e-80bc-75a38f7c715b,2026-09-12T01:30:00Z,2026-09-12T03:30:00+0200,91.23,EUR/MWh,DK2,DK_2,imbalance_price,Short,2026-09-16T23:54:21Z
2026-09-16T23:50:49Z,2026-09-17T01:50:49+0200,1c76d05d-9f93-485e-80bc-75a38f7c715b,2026-09-12T01:45:00Z,2026-09-12T03:45:00+0200,188.59,EUR/MWh,DK2,DK_2,imbalance_price,Long,2026-09-16T23:54:21Z
2026-09-16T23:50:49Z,2026-09-17T01:50:49+0200,1c76d05d-9f93-485e-80bc-75a38f7c715b,2026-09-12T01:45:00Z,2026-09-12T03:45:00+0200,188.59,EUR/MWh,DK2,DK_2,imbalance_price,Short,2026-09-16T23:54:21Z
2026-09-16T23:50:49Z,2026-09-17T01:50:49+0200,1c76d05d-9f93-485e-80bc-75a38f7c715b,2026-09-12T02:00:00Z,2026-09-12T04:00:00+0200,184.49,EUR/MWh,DK2,DK_2,imbalance_price,Long,2026-09-16T23:54:21Z
2026-09-16T23:50:49Z,2026-09-17T01:50:49+0200,1c76d05d-9f93-485e-80bc-75a38f7c715b,2026-09-12T02:00:00Z,2026-09-12T04:00:00+0200,184.49,EUR/MWh,DK2,DK_2,imbalance_price,Short,2026-09-16T23:54:21Z
2026-09-16T23:50:49Z,2026-09-17T01:50:49+0200,1c76d05d-9f93-485e-80bc-75a38f7c715b,2026-09-12T02:15:00Z,2026-09-12T04:15:00+0200,175.47,EUR/MWh,DK2,DK_2,imbalance_price,Long,2026-09-16T23:54:21Z
2026-09-16T23:50:49Z,2026-09-17T01:50:49+0200,1c76d05d-9f93-485e-80bc-75a38f7c715b,2026-09-12T02:15:00Z,2026-09-12T04:15:00+0200,175.47,EUR/MWh,DK2,DK_2,imbalance_price,Short,2026-09-16T23:54:21Z
2026-09-16T23:50:49Z,2026-09-17T01:50:49+0200,1c76d05d-9f93-485e-80bc-75a38f7c715b,2026-09-12T02:30:00Z,2026-09-12T04:30:00+0200,184.99,EUR/MWh,DK2,DK_2,imbalance_price,Long,2026-09-16T23:54:21Z
2026-09-16T23:50:49Z,2026-09-17T01:50:49+0200,1c76d05d-9f93-485e-80bc-75a38f7c715b,2026-09-12T02:30:00Z,2026-09-12T04:30:00+0200,184.99,EUR/MWh,DK2,DK_2,imbalance_price,Short,2026-09-16T23:54:21Z
2026-09-16T23:50:49Z,2026-09-17T01:50:49+0200,1c76d05d-9f93-485e-80bc-75a38f7c715b,2026-09-12T02:45:00Z,2026-09-12T04:45:00+0200,184.99,EUR/MWh,DK2,DK_2,imbalance_price,Long,2026-09-16T23:54:21Z
2026-09-16T23:50:49Z,2026-09-17T01:50:49+0200,1c76d05d-9f93-485e-80bc-75a38f7c715b,2026-09-12T02:45:00Z,2026-09-12T04:45:00+0200,184.99,EUR/MWh,DK2,DK_2,imbalance_price,Short,2026-09-16T23:54:21Z
2026-09-16T23:50:49Z,2026-09-17T01:50:49+0200,1c76d05d-9f93-485e-80bc-75a38f7c715b,2026-09-12T03:00:00Z,2026-09-12T05:00:00+0200,184.49,EUR/MWh,DK2,DK_2,imbalance_price,Long,2026-09-16T23:54:21Z
2026-09-16T23:50:49Z,2026-09-17T01:50:49+0200,1c76d05d-9f93-485e-80bc-75a38f7c715b,2026-09-12T03:00:00Z,2026-09-12T05:00:00+0200,184.49,EUR/MWh,DK2,DK_2,imbalance_price,Short,2026-09-16T23:54:21Z
2026-09-16T23:50:49Z,2026-09-17T01:50:49+0200,1c76d05d-9f93-485e-80bc-75a38f7c715b,2026-09-12T03:15:00Z,2026-09-12T05:15:00+0200,185.19,EUR/MWh,DK2,DK_2,imbalance_price,Long,2026-09-16T23:54:21Z
2026-09-16T23:50:49Z,2026-09-17T01:50:49+0200,1c76d05d-9f93-485e-80bc-75a38f7c715b,2026-09-12T03:15:00Z,2026-09-12T05:15:00+0200,185.19,EUR/MWh,DK2,DK_2,imbalance_price,Short,2026-09-16T23:54:21Z
2026-09-16T23:50:49Z,2026-09-17T01:50:49+0200,1c76d05d-9f93-485e-80bc-75a38f7c715b,2026-09-12T03:30:00Z,2026-09-12T05:30:00+0200,186.36,EUR/MWh,DK2,DK_2,imbalance_price,Long,2026-09-16T23:54:21Z
2026-09-16T23:50:49Z,2026-09-17T01:50:49+0200,1c76d05d-9f93-485e-80bc-75a38f7c715b,2026-09-12T03:30:00Z,2026-09-12T05:30:00+0200,186.36,EUR/MWh,DK2,DK_2,imbalance_price,Short,2026-09-16T23:54:21Z
2026-09-16T23:50:49Z,2026-09-17T01:50:49+0200,1c76d05d-9f93-485e-80bc-75a38f7c715b,2026-09-12T03:45:00Z,2026-09-12T05:45:00+0200,190.73,EUR/MWh,DK2,DK_2,imbalance_price,Long,2026-09-16T23:54:21Z
2026-09-16T23:50:49Z,2026-09-17T01:50:49+0200,1c76d05d-9f93-485e-80bc-75a38f7c715b,2026-09-12T03:45:00Z,2026-09-12T05:45:00+0200,190.73,EUR/MWh,DK2,DK_2,imbalance_price,Short,2026-09-16T23:54:21Z
2026-09-16T23:50:49Z,2026-09-17T01:50:49+0200,1c76d05d-9f93-485e-80bc-75a38f7c715b,2026-09-12T04:00:00Z,2026-09-12T06:00:00+0200,190.14,EUR/MWh,DK2,DK_2,imbalance_price,Long,2026-09-16T23:54:21Z
2026-09-16T23:50:49Z,2026-09-17T01:50:49+0200,1c76d05d-9f93-485e-80bc-75a38f7c715b,2026-09-12T04:00:00Z,2026-09-12T06:00:00+0200,190.14,EUR/MWh,DK2,DK_2,imbalance_price,Short,2026-09-16T23:54:21Z
2026-09-16T23:50:49Z,2026-09-17T01:50:49+0200,1c76d05d-9f93-485e-80bc-75a38f7c715b,2026-09-12T04:15:00Z,2026-09-12T06:15:00+0200,192.74,EUR/MWh,DK2,DK_2,imbalance_price,Long,2026-09-16T23:54:21Z
2026-09-16T23:50:49Z,2026-09-17T01:50:49+0200,1c76d05d-9f93-485e-80bc-75a38f7c715b,2026-09-12T04:15:00Z,2026-09-12T06:15:00+0200,192.74,EUR/MWh,DK2,DK_2,imbalance_price,Short,2026-09-16T23:54:21Z
2026-09-16T23:50:49Z,2026-09-17T01:50:49+0200,1c76d05d-9f93-485e-80bc-75a38f7c715b,2026-09-12T04:30:00Z,2026-09-12T06:30:00+0200,196.79,EUR/MWh,DK2,DK_2,imbalance_price,Long,2026-09-16T23:54:21Z
2026-09-16T23:50:49Z,2026-09-17T01:50:49+0200,1c76d05d-9f93-485e-80bc-75a38f7c715b,2026-09-12T04:30:00Z,2026-09-12T06:30:00+0200,196.79,EUR/MWh,DK2,DK_2,imbalance_price,Short,2026-09-16T23:54:21Z
2026-09-16T23:50:49Z,2026-09-17T01:50:49+0200,1c76d05d-9f93-485e-80bc-75a38f7c715b,2026-09-12T04:45:00Z,2026-09-12T06:45:00+0200,193.06,EUR/MWh,DK2,DK_2,imbalance_price,Long,2026-09-16T23:54:21Z
2026-09-16T23:50:49Z,2026-09-17T01:50:49+0200,1c76d05d-9f93-485e-80bc-75a38f7c715b,2026-09-12T04:45:00Z,2026-09-12T06:45:00+0200,193.06,EUR/MWh,DK2,DK_2,imbalance_price,Short,2026-09-16T23:54:21Z
2026-09-16T23:50:49Z,2026-09-17T01:50:49+0200,1c76d05d-9f93-485e-80bc-75a38f7c715b,2026-09-12T05:00:00Z,2026-09-12T07:00:00+0200,199.87,EUR/MWh,DK2,DK_2,imbalance_price,Long,2026-09-16T23:54:21Z
2026-09-16T23:50:49Z,2026-09-17T01:50:49+0200,1c76d05d-9f93-485e-80bc-75a38f7c715b,2026-09-12T05:00:00Z,2026-09-12T07:00:00+0200,199.87,EUR/MWh,DK2,DK_2,imbalance_price,Short,2026-09-16T23:54:21Z
2026-09-16T23:50:49Z,2026-09-17T01:50:49+0200,1c76d05d-9f93-485e-80bc-75a38f7c715b,2026-09-12T05:15:00Z,2026-09-12T07:15:00+0200,196.69,EUR/MWh,DK2,DK_2,imbalance_price,Long,2026-09-16T23:54:21Z
2026-09-16T23:50:49Z,2026-09-17T01:50:49+0200,1c76d05d-9f93-485e-80bc-75a38f7c715b,2026-09-12T05:15:00Z,2026-09-12T07:15:00+0200,196.69,EUR/MWh,DK2,DK_2,imbalance_price,Short,2026-09-16T23:54:21Z
2026-09-16T23:50:49Z,2026-09-17T01:50:49+0200,1c76d05d-9f93-485e-80bc-75a38f7c715b,2026-09-12T05:30:00Z,2026-09-12T07:30:00+0200,135.92,EUR/MWh,DK2,DK_2,imbalance_price,Long,2026-09-16T23:54:21Z
2026-09-16T23:50:49Z,2026-09-17T01:50:49+0200,1c76d05d-9f93-485e-80bc-75a38f7c715b,2026-09-12T05:30:00Z,2026-09-12T07:30:00+0200,135.92,EUR/MWh,DK2,DK_2,imbalance_price,Short,2026-09-16T23:54:21Z
2026-09-16T23:50:49Z,2026-09-17T01:50:49+0200,1c76d05d-9f93-485e-80bc-75a38f7c715b,2026-09-12T05:45:00Z,2026-09-12T07:45:00+0200,186.79,EUR/MWh,DK2,DK_2,imbalance_price,Long,2026-09-16T23:54:21Z
2026-09-16T23:50:49Z,2026-09-17T01:50:49+0200,1c76d05d-9f93-485e-80bc-75a38f7c715b,2026-09-12T05:45:00Z,2026-09-12T07:45:00+0200,186.79,EUR/MWh,DK2,DK_2,imbalance_price,Short,2026-09-16T23:54:21Z
2026-09-16T23:50:49Z,2026-09-17T01:50:49+0200,1c76d05d-9f93-485e-80bc-75a38f7c715b,2026-09-12T06:00:00Z,2026-09-12T08:00:00+0200,200.75,EUR/MWh,DK2,DK_2,imbalance_price,Long,2026-09-16T23:54:21Z
2026-09-16T23:50:49Z,2026-09-17T01:50:49+0200,1c76d05d-9f93-485e-80bc-75a38f7c715b,2026-09-12T06:00:00Z,2026-09-12T08:00:00+0200,200.75,EUR/MWh,DK2,DK_2,imbalance_price,Short,2026-09-16T23:54:21Z
2026-09-16T23:50:49Z,2026-09-17T01:50:49+0200,1c76d05d-9f93-485e-80bc-75a38f7c715b,2026-09-12T06:15:00Z,2026-09-12T08:15:00+0200,188.61,EUR/MWh,DK2,DK_2,imbalance_price,Long,2026-09-16T23:54:21Z
2026-09-16T23:50:49Z,2026-09-17T01:50:49+0200,1c76d05d-9f93-485e-80bc-75a38f7c715b,2026-09-12T06:15:00Z,2026-09-12T08:15:00+0200,188.61,EUR/MWh,DK2,DK_2,imbalance_price,Short,2026-09-16T23:54:21Z
2026-09-16T23:50:49Z,2026-09-17T01:50:49+0200,1c76d05d-9f93-485e-80bc-75a38f7c715b,2026-09-12T06:30:00Z,2026-09-12T08:30:00+0200,97.07,EUR/MWh,DK2,DK_2,imbalance_price,Long,2026-09-16T23:54:21Z
2026-09-16T23:50:49Z,2026-09-17T01:50:49+0200,1c76d05d-9f93-485e-80bc-75a38f7c715b,2026-09-12T06:30:00Z,2026-09-12T08:30:00+0200,97.07,EUR/MWh,DK2,DK_2,imbalance_price,Short,2026-09-16T23:54:21Z
2026-09-16T23:50:49Z,2026-09-17T01:50:49+0200,1c76d05d-9f93-485e-80bc-75a38f7c715b,2026-09-12T06:45:00Z,2026-09-12T08:45:00+0200,92.92,EUR/MWh,DK2,DK_2,imbalance_price,Long,2026-09-16T23:54:21Z
2026-09-16T23:50:49Z,2026-09-17T01:50:49+0200,1c76d05d-9f93-485e-80bc-75a38f7c715b,2026-09-12T06:45:00Z,2026-09-12T08:45:00+0200,92.92,EUR/MWh,DK2,DK_2,imbalance_price,Short,2026-09-16T23:54:21Z
2026-09-16T23:50:49Z,2026-09-17T01:50:49+0200,1c76d05d-9f93-485e-80bc-75a38f7c715b,2026-09-12T07:00:00Z,2026-09-12T09:00:00+0200,181.46,EUR/MWh,DK2,DK_2,imbalance_price,Long,2026-09-16T23:54:21Z
2026-09-16T23:50:49Z,2026-09-17T01:50:49+0200,1c76d05d-9f93-485e-80bc-75a38f7c715b,2026-09-12T07:00:00Z,2026-09-12T09:00:00+0200,181.46,EUR/MWh,DK2,DK_2,imbalance_price,Short,2026-09-16T23:54:21Z
2026-09-16T23:50:49Z,2026-09-17T01:50:49+0200,1c76d05d-9f93-485e-80bc-75a38f7c715b,2026-09-12T07:15:00Z,2026-09-12T09:15:00+0200,147.68,EUR/MWh,DK2,DK_2,imbalance_price,Long,2026-09-16T23:54:21Z
2026-09-16T23:50:49Z,2026-09-17T01:50:49+0200,1c76d05d-9f93-485e-80bc-75a38f7c715b,2026-09-12T07:15:00Z,2026-09-12T09:15:00+0200,147.68,EUR/MWh,DK2,DK_2,imbalance_price,Short,2026-09-16T23:54:21Z
2026-09-16T23:50:49Z,2026-09-17T01:50:49+0200,1c76d05d-9f93-485e-80bc-75a38f7c715b,2026-09-12T07:30:00Z,2026-09-12T09:30:00+0200,133.38,EUR/MWh,DK2,DK_2,imbalance_price,Long,2026-09-16T23:54:21Z
2026-09-16T23:50:49Z,2026-09-17T01:50:49+0200,1c76d05d-9f93-485e-80bc-75a38f7c715b,2026-09-12T07:30:00Z,2026-09-12T09:30:00+0200,133.38,EUR/MWh,DK2,DK_2,imbalance_price,Short,2026-09-16T23:54:21Z
2026-09-16T23:50:49Z,2026-09-17T01:50:49+0200,1c76d05d-9f93-485e-80bc-75a38f7c715b,2026-09-12T07:45:00Z,2026-09-12T09:45:00+0200,110.37,EUR/MWh,DK2,DK_2,imbalance_price,Long,2026-09-16T23:54:21Z
2026-09-16T23:50:49Z,2026-09-17T01:50:49+0200,1c76d05d-9f93-485e-80bc-75a38f7c715b,2026-09-12T07:45:00Z,2026-09-12T09:45:00+0200,110.37,EUR/MWh,DK2,DK_2,imbalance_price,Short,2026-09-16T23:54:21Z
2026-09-16T23:50:49Z,2026-09-17T01:50:49+0200,1c76d05d-9f93-485e-80bc-75a38f7c715b,2026-09-12T08:00:00Z,2026-09-12T10:00:00+0200,122.62,EUR/MWh,DK2,DK_2,imbalance_price,Long,2026-09-16T23:54:21Z
2026-09-16T23:50:49Z,2026-09-17T01:50:49+0200,1c76d05d-9f93-485e-80bc-75a38f7c715b,2026-09-12T08:00:00Z,2026-09-12T10:00:00+0200,122.62,EUR/MWh,DK2,DK_2,imbalance_price,Short,2026-09-16T23:54:21Z
2026-09-16T23:50:49Z,2026-09-17T01:50:49+0200,1c76d05d-9f93-485e-80bc-75a38f7c715b,2026-09-12T08:15:00Z,2026-09-12T10:15:00+0200,105.6,EUR/MWh,DK2,DK_2,imbalance_price,Long,2026-09-16T23:54:21Z
2026-09-16T23:50:49Z,2026-09-17T01:50:49+0200,1c76d05d-9f93-485e-80bc-75a38f7c715b,2026-09-12T08:15:00Z,2026-09-12T10:15:00+0200,105.6,EUR/MWh,DK2,DK_2,imbalance_price,Short,2026-09-16T23:54:21Z
2026-09-16T23:50:49Z,2026-09-17T01:50:49+0200,1c76d05d-9f93-485e-80bc-75a38f7c715b,2026-09-12T08:30:00Z,2026-09-12T10:30:00+0200,84.79,EUR/MWh,DK2,DK_2,imbalance_price,Long,2026-09-16T23:54:21Z
2026-09-16T23:50:49Z,2026-09-17T01:50:49+0200,1c76d05d-9f93-485e-80bc-75a38f7c715b,2026-09-12T08:30:00Z,2026-09-12T10:30:00+0200,84.79,EUR/MWh,DK2,DK_2,imbalance_price,Short,2026-09-16T23:54:21Z
2026-09-16T23:50:49Z,2026-09-17T01:50:49+0200,1c76d05d-9f93-485e-80bc-75a38f7c715b,2026-09-12T08:45:00Z,2026-09-12T10:45:00+0200,46.95,EUR/MWh,DK2,DK_2,imbalance_price,Long,2026-09-16T23:54:21Z
2026-09-16T23:50:49Z,2026-09-17T01:50:49+0200,1c76d05d-9f93-485e-80bc-75a38f7c715b,2026-09-12T08:45:00Z,2026-09-12T10:45:00+0200,46.95,EUR/MWh,DK2,DK_2,imbalance_price,Short,2026-09-16T23:54:21Z
2026-09-16T23:50:49Z,2026-09-17T01:50:49+0200,1c76d05d-9f93-485e-80bc-75a38f7c715b,2026-09-12T09:00:00Z,2026-09-12T11:00:00+0200,21.15,EUR/MWh,DK2,DK_2,imbalance_price,Long,2026-09-16T23:54:21Z
2026-09-16T23:50:49Z,2026-09-17T01:50:49+0200,1c76d05d-9f93-485e-80bc-75a38f7c715b,2026-09-12T09:00:00Z,2026-09-12T11:00:00+0200,21.15,EUR/MWh,DK2,DK_2,imbalance_price,Short,2026-09-16T23:54:21Z
2026-09-16T23:50:49Z,2026-09-17T01:50:49+0200,1c76d05d-9f93-485e-80bc-75a38f7c715b,2026-09-12T09:15:00Z,2026-09-12T11:15:00+0200,25.0,EUR/MWh,DK2,DK_2,imbalance_price,Long,2026-09-16T23:54:21Z
2026-09-16T23:50:49Z,2026-09-17T01:50:49+0200,1c76d05d-9f93-485e-80bc-75a38f7c715b,2026-09-12T09:15:00Z,2026-09-12T11:15:00+0200,25.0,EUR/MWh,DK2,DK_2,imbalance_price,Short,2026-09-16T23:54:21Z
2026-09-16T23:50:49Z,2026-09-17T01:50:49+0200,1c76d05d-9f93-485e-80bc-75a38f7c715b,2026-09-12T09:30:00Z,2026-09-12T11:30:00+0200,25.52,EUR/MWh,DK2,DK_2,imbalance_price,Long,2026-09-16T23:54:21Z
2026-09-16T23:50:49Z,2026-09-17T01:50:49+0200,1c76d05d-9f93-485e-80bc-75a38f7c715b,2026-09-12T09:30:00Z,2026-09-12T11:30:00+0200,25.52,EUR/MWh,DK2,DK_2,imbalance_price,Short,2026-09-16T23:54:21Z
2026-09-16T23:50:49Z,2026-09-17T01:50:49+0200,1c76d05d-9f93-485e-80bc-75a38f7c715b,2026-09-12T09:45:00Z,2026-09-12T11:45:00+0200,26.42,EUR/MWh,DK2,DK_2,imbalance_price,Long,2026-09-16T23:54:21Z
2026-09-16T23:50:49Z,2026-09-17T01:50:49+0200,1c76d05d-9f93-485e-80bc-75a38f7c715b,2026-09-12T09:45:00Z,2026-09-12T11:45:00+0200,26.42,EUR/MWh,DK2,DK_2,imbalance_price,Short,2026-09-16T23:54:21Z
2026-09-16T23:50:49Z,2026-09-17T01:50:49+0200,1c76d05d-9f93-485e-80bc-75a38f7c715b,2026-09-12T10:00:00Z,2026-09-12T12:00:00+0200,32.04,EUR/MWh,DK2,DK_2,imbalance_price,Long,2026-09-16T23:54:21Z
2026-09-16T23:50:49Z,2026-09-17T01:50:49+0200,1c76d05d-9f93-485e-80bc-75a38f7c715b,2026-09-12T10:00:00Z,2026-09-12T12:00:00+0200,32.04,EUR/MWh,DK2,DK_2,imbalance_price,Short,2026-09-16T23:54:21Z
2026-09-16T23:50:49Z,2026-09-17T01:50:49+0200,1c76d05d-9f93-485e-80bc-75a38f7c715b,2026-09-12T10:15:00Z,2026-09-12T12:15:00+0200,29.99,EUR/MWh,DK2,DK_2,imbalance_price,Long,2026-09-16T23:54:21Z
2026-09-16T23:50:49Z,2026-09-17T01:50:49+0200,1c76d05d-9f93-485e-80bc-75a38f7c715b,2026-09-12T10:15:00Z,2026-09-12T12:15:00+0200,29.99,EUR/MWh,DK2,DK_2,imbalance_price,Short,2026-09-16T23:54:21Z
2026-09-16T23:50:49Z,2026-09-17T01:50:49+0200,1c76d05d-9f93-485e-80bc-75a38f7c715b,2026-09-12T10:30:00Z,2026-09-12T12:30:00+0200,-6.08,EUR/MWh,DK2,DK_2,imbalance_price,Long,2026-09-16T23:54:21Z
2026-09-16T23:50:49Z,2026-09-17T01:50:49+0200,1c76d05d-9f93-485e-80bc-75a38f7c715b,2026-09-12T10:30:00Z,2026-09-12T12:30:00+0200,-6.08,EUR/MWh,DK2,DK_2,imbalance_price,Short,2026-09-16T23:54:21Z
2026-09-16T23:50:49Z,2026-09-17T01:50:49+0200,1c76d05d-9f93-485e-80bc-75a38f7c715b,2026-09-12T10:45:00Z,2026-09-12T12:45:00+0200,-2.01,EUR/MWh,DK2,DK_2,imbalance_price,Long,2026-09-16T23:54:21Z
2026-09-16T23:50:49Z,2026-09-17T01:50:49+0200,1c76d05d-9f93-485e-80bc-75a38f7c715b,2026-09-12T10:45:00Z,2026-09-12T12:45:00+0200,-2.01,EUR/MWh,DK2,DK_2,imbalance_price,Short,2026-09-16T23:54:21Z
2026-09-16T23:50:49Z,2026-09-17T01:50:49+0200,1c76d05d-9f93-485e-80bc-75a38f7c715b,2026-09-12T11:00:00Z,2026-09-12T13:00:00+0200,-6.08,EUR/MWh,DK2,DK_2,imbalance_price,Long,2026-09-16T23:54:21Z
2026-09-16T23:50:49Z,2026-09-17T01:50:49+0200,1c76d05d-9f93-485e-80bc-75a38f7c715b,2026-09-12T11:00:00Z,2026-09-12T13:00:00+0200,-6.08,EUR/MWh,DK2,DK_2,imbalance_price,Short,2026-09-16T23:54:21Z
2026-09-16T23:50:49Z,2026-09-17T01:50:49+0200,1c76d05d-9f93-485e-80bc-75a38f7c715b,2026-09-12T11:15:00Z,2026-09-12T13:15:00+0200,0.07,EUR/MWh,DK2,DK_2,imbalance_price,Long,2026-09-16T23:54:21Z
2026-09-16T23:50:49Z,2026-09-17T01:50:49+0200,1c76d05d-9f93-485e-80bc-75a38f7c715b,2026-09-12T11:15:00Z,2026-09-12T13:15:00+0200,0.07,EUR/MWh,DK2,DK_2,imbalance_price,Short,2026-09-16T23:54:21Z
2026-09-16T23:50:49Z,2026-09-17T01:50:49+0200,1c76d05d-9f93-485e-80bc-75a38f7c715b,2026-09-12T11:30:00Z,2026-09-12T13:30:00+0200,17.36,EUR/MWh,DK2,DK_2,imbalance_price,Long,2026-09-16T23:54:21Z
2026-09-16T23:50:49Z,2026-09-17T01:50:49+0200,1c76d05d-9f93-485e-80bc-75a38f7c715b,2026-09-12T11:30:00Z,2026-09-12T13:30:00+0200,17.36,EUR/MWh,DK2,DK_2,imbalance_price,Short,2026-09-16T23:54:21Z
2026-09-16T23:50:49Z,2026-09-17T01:50:49+0200,1c76d05d-9f93-485e-80bc-75a38f7c715b,2026-09-12T11:45:00Z,2026-09-12T13:45:00+0200,48.27,EUR/MWh,DK2,DK_2,imbalance_price,Long,2026-09-16T23:54:21Z
2026-09-16T23:50:49Z,2026-09-17T01:50:49+0200,1c76d05d-9f93-485e-80bc-75a38f7c715b,2026-09-12T11:45:00Z,2026-09-12T13:45:00+0200,48.27,EUR/MWh,DK2,DK_2,imbalance_price,Short,2026-09-16T23:54:21Z
2026-09-16T23:50:49Z,2026-09-17T01:50:49+0200,1c76d05d-9f93-485e-80bc-75a38f7c715b,2026-09-12T12:00:00Z,2026-09-12T14:00:00+0200,6.69,EUR/MWh,DK2,DK_2,imbalance_price,Long,2026-09-16T23:54:21Z
2026-09-16T23:50:49Z,2026-09-17T01:50:49+0200,1c76d05d-9f93-485e-80bc-75a38f7c715b,2026-09-12T12:00:00Z,2026-09-12T14:00:00+0200,6.69,EUR/MWh,DK2,DK_2,imbalance_price,Short,2026-09-16T23:54:21Z
2026-09-16T23:50:49Z,2026-09-17T01:50:49+0200,1c76d05d-9f93-485e-80bc-75a38f7c715b,2026-09-12T12:15:00Z,2026-09-12T14:15:00+0200,101.0,EUR/MWh,DK2,DK_2,imbalance_price,Long,2026-09-16T23:54:21Z
2026-09-16T23:50:49Z,2026-09-17T01:50:49+0200,1c76d05d-9f93-485e-80bc-75a38f7c715b,2026-09-12T12:15:00Z,2026-09-12T14:15:00+0200,101.0,EUR/MWh,DK2,DK_2,imbalance_price,Short,2026-09-16T23:54:21Z
2026-09-16T23:50:49Z,2026-09-17T01:50:49+0200,1c76d05d-9f93-485e-80bc-75a38f7c715b,2026-09-12T12:30:00Z,2026-09-12T14:30:00+0200,20.08,EUR/MWh,DK2,DK_2,imbalance_price,Long,2026-09-16T23:54:21Z
2026-09-16T23:50:49Z,2026-09-17T01:50:49+0200,1c76d05d-9f93-485e-80bc-75a38f7c715b,2026-09-12T12:30:00Z,2026-09-12T14:30:00+0200,20.08,EUR/MWh,DK2,DK_2,imbalance_price,Short,2026-09-16T23:54:21Z
2026-09-16T23:50:49Z,2026-09-17T01:50:49+0200,1c76d05d-9f93-485e-80bc-75a38f7c715b,2026-09-12T12:45:00Z,2026-09-12T14:45:00+0200,20.07,EUR/MWh,DK2,DK_2,imbalance_price,Long,2026-09-16T23:54:21Z
2026-09-16T23:50:49Z,2026-09-17T01:50:49+0200,1c76d05d-9f93-485e-80bc-75a38f7c715b,2026-09-12T12:45:00Z,2026-09-12T14:45:00+0200,20.07,EUR/MWh,DK2,DK_2,imbalance_price,Short,2026-09-16T23:54:21Z
2026-09-16T23:50:49Z,2026-09-17T01:50:49+0200,1c76d05d-9f93-485e-80bc-75a38f7c715b,2026-09-12T13:00:00Z,2026-09-12T15:00:00+0200,62.0,EUR/MWh,DK2,DK_2,imbalance_price,Long,2026-09-16T23:54:21Z
2026-09-16T23:50:49Z,2026-09-17T01:50:49+0200,1c76d05d-9f93-485e-80bc-75a38f7c715b,2026-09-12T13:00:00Z,2026-09-12T15:00:00+0200,62.0,EUR/MWh,DK2,DK_2,imbalance_price,Short,2026-09-16T23:54:21Z
2026-09-16T23:50:49Z,2026-09-17T01:50:49+0200,1c76d05d-9f93-485e-80bc-75a38f7c715b,2026-09-12T13:15:00Z,2026-09-12T15:15:00+0200,25.07,EUR/MWh,DK2,DK_2,imbalance_price,Long,2026-09-16T23:54:21Z
2026-09-16T23:50:49Z,2026-09-17T01:50:49+0200,1c76d05d-9f93-485e-80bc-75a38f7c715b,2026-09-12T13:15:00Z,2026-09-12T15:15:00+0200,25.07,EUR/MWh,DK2,DK_2,imbalance_price,Short,2026-09-16T23:54:21Z
2026-09-16T23:50:49Z,2026-09-17T01:50:49+0200,1c76d05d-9f93-485e-80bc-75a38f7c715b,2026-09-12T13:30:00Z,2026-09-12T15:30:00+0200,32.94,EUR/MWh,DK2,DK_2,imbalance_price,Long,2026-09-16T23:54:21Z
2026-09-16T23:50:49Z,2026-09-17T01:50:49+0200,1c76d05d-9f93-485e-80bc-75a38f7c715b,2026-09-12T13:30:00Z,2026-09-12T15:30:00+0200,32.94,EUR/MWh,DK2,DK_2,imbalance_price,Short,2026-09-16T23:54:21Z
2026-09-16T23:50:49Z,2026-09-17T01:50:49+0200,1c76d05d-9f93-485e-80bc-75a38f7c715b,2026-09-12T13:45:00Z,2026-09-12T15:45:00+0200,35.46,EUR/MWh,DK2,DK_2,imbalance_price,Long,2026-09-16T23:54:21Z
2026-09-16T23:50:49Z,2026-09-17T01:50:49+0200,1c76d05d-9f93-485e-80bc-75a38f7c715b,2026-09-12T13:45:00Z,2026-09-12T15:45:00+0200,35.46,EUR/MWh,DK2,DK_2,imbalance_price,Short,2026-09-16T23:54:21Z
2026-09-16T23:50:49Z,2026-09-17T01:50:49+0200,1c76d05d-9f93-485e-80bc-75a38f7c715b,2026-09-12T14:00:00Z,2026-09-12T16:00:00+0200,24.82,EUR/MWh,DK2,DK_2,imbalance_price,Long,2026-09-16T23:54:21Z
2026-09-16T23:50:49Z,2026-09-17T01:50:49+0200,1c76d05d-9f93-485e-80bc-75a38f7c715b,2026-09-12T14:00:00Z,2026-09-12T16:00:00+0200,24.82,EUR/MWh,DK2,DK_2,imbalance_price,Short,2026-09-16T23:54:21Z
2026-09-16T23:50:49Z,2026-09-17T01:50:49+0200,1c76d05d-9f93-485e-80bc-75a38f7c715b,2026-09-12T14:15:00Z,2026-09-12T16:15:00+0200,-2.56,EUR/MWh,DK2,DK_2,imbalance_price,Long,2026-09-16T23:54:21Z
2026-09-16T23:50:49Z,2026-09-17T01:50:49+0200,1c76d05d-9f93-485e-80bc-75a38f7c715b,2026-09-12T14:15:00Z,2026-09-12T16:15:00+0200,-2.56,EUR/MWh,DK2,DK_2,imbalance_price,Short,2026-09-16T23:54:21Z
2026-09-16T23:50:49Z,2026-09-17T01:50:49+0200,1c76d05d-9f93-485e-80bc-75a38f7c715b,2026-09-12T14:30:00Z,2026-09-12T16:30:00+0200,46.18,EUR/MWh,DK2,DK_2,imbalance_price,Long,2026-09-16T23:54:21Z
2026-09-16T23:50:49Z,2026-09-17T01:50:49+0200,1c76d05d-9f93-485e-80bc-75a38f7c715b,2026-09-12T14:30:00Z,2026-09-12T16:30:00+0200,46.18,EUR/MWh,DK2,DK_2,imbalance_price,Short,2026-09-16T23:54:21Z
2026-09-16T23:50:49Z,2026-09-17T01:50:49+0200,1c76d05d-9f93-485e-80bc-75a38f7c715b,2026-09-12T14:45:00Z,2026-09-12T16:45:00+0200,25.82,EUR/MWh,DK2,DK_2,imbalance_price,Long,2026-09-16T23:54:21Z
2026-09-16T23:50:49Z,2026-09-17T01:50:49+0200,1c76d05d-9f93-485e-80bc-75a38f7c715b,2026-09-12T14:45:00Z,2026-09-12T16:45:00+0200,25.82,EUR/MWh,DK2,DK_2,imbalance_price,Short,2026-09-16T23:54:21Z
2026-09-16T23:50:49Z,2026-09-17T01:50:49+0200,1c76d05d-9f93-485e-80bc-75a38f7c715b,2026-09-12T15:00:00Z,2026-09-12T17:00:00+0200,29.72,EUR/MWh,DK2,DK_2,imbalance_price,Long,2026-09-16T23:54:21Z
2026-09-16T23:50:49Z,2026-09-17T01:50:49+0200,1c76d05d-9f93-485e-80bc-75a38f7c715b,2026-09-12T15:00:00Z,2026-09-12T17:00:00+0200,29.72,EUR/MWh,DK2,DK_2,imbalance_price,Short,2026-09-16T23:54:21Z
2026-09-16T23:50:49Z,2026-09-17T01:50:49+0200,1c76d05d-9f93-485e-80bc-75a38f7c715b,2026-09-12T15:15:00Z,2026-09-12T17:15:00+0200,30.96,EUR/MWh,DK2,DK_2,imbalance_price,Long,2026-09-16T23:54:21Z
2026-09-16T23:50:49Z,2026-09-17T01:50:49+0200,1c76d05d-9f93-485e-80bc-75a38f7c715b,2026-09-12T15:15:00Z,2026-09-12T17:15:00+0200,30.96,EUR/MWh,DK2,DK_2,imbalance_price,Short,2026-09-16T23:54:21Z
2026-09-16T23:50:49Z,2026-09-17T01:50:49+0200,1c76d05d-9f93-485e-80bc-75a38f7c715b,2026-09-12T15:30:00Z,2026-09-12T17:30:00+0200,61.05,EUR/MWh,DK2,DK_2,imbalance_price,Long,2026-09-16T23:54:21Z
2026-09-16T23:50:49Z,2026-09-17T01:50:49+0200,1c76d05d-9f93-485e-80bc-75a38f7c715b,2026-09-12T15:30:00Z,2026-09-12T17:30:00+0200,61.05,EUR/MWh,DK2,DK_2,imbalance_price,Short,2026-09-16T23:54:21Z
2026-09-16T23:50:49Z,2026-09-17T01:50:49+0200,1c76d05d-9f93-485e-80bc-75a38f7c715b,2026-09-12T15:45:00Z,2026-09-12T17:45:00+0200,24.89,EUR/MWh,DK2,DK_2,imbalance_price,Long,2026-09-16T23:54:21Z
2026-09-16T23:50:49Z,2026-09-17T01:50:49+0200,1c76d05d-9f93-485e-80bc-75a38f7c715b,2026-09-12T15:45:00Z,2026-09-12T17:45:00+0200,24.89,EUR/MWh,DK2,DK_2,imbalance_price,Short,2026-09-16T23:54:21Z
2026-09-16T23:50:49Z,2026-09-17T01:50:49+0200,1c76d05d-9f93-485e-80bc-75a38f7c715b,2026-09-12T16:00:00Z,2026-09-12T18:00:00+0200,89.56,EUR/MWh,DK2,DK_2,imbalance_price,Long,2026-09-16T23:54:21Z
2026-09-16T23:50:49Z,2026-09-17T01:50:49+0200,1c76d05d-9f93-485e-80bc-75a38f7c715b,2026-09-12T16:00:00Z,2026-09-12T18:00:00+0200,89.56,EUR/MWh,DK2,DK_2,imbalance_price,Short,2026-09-16T23:54:21Z
2026-09-16T23:50:49Z,2026-09-17T01:50:49+0200,1c76d05d-9f93-485e-80bc-75a38f7c715b,2026-09-12T16:15:00Z,2026-09-12T18:15:00+0200,181.59,EUR/MWh,DK2,DK_2,imbalance_price,Long,2026-09-16T23:54:21Z
2026-09-16T23:50:49Z,2026-09-17T01:50:49+0200,1c76d05d-9f93-485e-80bc-75a38f7c715b,2026-09-12T16:15:00Z,2026-09-12T18:15:00+0200,181.59,EUR/MWh,DK2,DK_2,imbalance_price,Short,2026-09-16T23:54:21Z
2026-09-16T23:50:49Z,2026-09-17T01:50:49+0200,1c76d05d-9f93-485e-80bc-75a38f7c715b,2026-09-12T16:30:00Z,2026-09-12T18:30:00+0200,110.21,EUR/MWh,DK2,DK_2,imbalance_price,Long,2026-09-16T23:54:21Z
2026-09-16T23:50:49Z,2026-09-17T01:50:49+0200,1c76d05d-9f93-485e-80bc-75a38f7c715b,2026-09-12T16:30:00Z,2026-09-12T18:30:00+0200,110.21,EUR/MWh,DK2,DK_2,imbalance_price,Short,2026-09-16T23:54:21Z
2026-09-16T23:50:49Z,2026-09-17T01:50:49+0200,1c76d05d-9f93-485e-80bc-75a38f7c715b,2026-09-12T16:45:00Z,2026-09-12T18:45:00+0200,195.28,EUR/MWh,DK2,DK_2,imbalance_price,Long,2026-09-16T23:54:21Z
2026-09-16T23:50:49Z,2026-09-17T01:50:49+0200,1c76d05d-9f93-485e-80bc-75a38f7c715b,2026-09-12T16:45:00Z,2026-09-12T18:45:00+0200,195.28,EUR/MWh,DK2,DK_2,imbalance_price,Short,2026-09-16T23:54:21Z
2026-09-16T23:50:49Z,2026-09-17T01:50:49+0200,1c76d05d-9f93-485e-80bc-75a38f7c715b,2026-09-12T17:00:00Z,2026-09-12T19:00:00+0200,194.37,EUR/MWh,DK2,DK_2,imbalance_price,Long,2026-09-16T23:54:21Z
2026-09-16T23:50:49Z,2026-09-17T01:50:49+0200,1c76d05d-9f93-485e-80bc-75a38f7c715b,2026-09-12T17:00:00Z,2026-09-12T19:00:00+0200,194.37,EUR/MWh,DK2,DK_2,imbalance_price,Short,2026-09-16T23:54:21Z
2026-09-16T23:50:49Z,2026-09-17T01:50:49+0200,1c76d05d-9f93-485e-80bc-75a38f7c715b,2026-09-12T17:15:00Z,2026-09-12T19:15:00+0200,204.69,EUR/MWh,DK2,DK_2,imbalance_price,Long,2026-09-16T23:54:21Z
2026-09-16T23:50:49Z,2026-09-17T01:50:49+0200,1c76d05d-9f93-485e-80bc-75a38f7c715b,2026-09-12T17:15:00Z,2026-09-12T19:15:00+0200,204.69,EUR/MWh,DK2,DK_2,imbalance_price,Short,2026-09-16T23:54:21Z
2026-09-16T23:50:49Z,2026-09-17T01:50:49+0200,1c76d05d-9f93-485e-80bc-75a38f7c715b,2026-09-12T17:30:00Z,2026-09-12T19:30:00+0200,205.58,EUR/MWh,DK2,DK_2,imbalance_price,Long,2026-09-16T23:54:21Z
2026-09-16T23:50:49Z,2026-09-17T01:50:49+0200,1c76d05d-9f93-485e-80bc-75a38f7c715b,2026-09-12T17:30:00Z,2026-09-12T19:30:00+0200,205.58,EUR/MWh,DK2,DK_2,imbalance_price,Short,2026-09-16T23:54:21Z
2026-09-16T23:50:49Z,2026-09-17T01:50:49+0200,1c76d05d-9f93-485e-80bc-75a38f7c715b,2026-09-12T17:45:00Z,2026-09-12T19:45:00+0200,211.35,EUR/MWh,DK2,DK_2,imbalance_price,Long,2026-09-16T23:54:21Z
2026-09-16T23:50:49Z,2026-09-17T01:50:49+0200,1c76d05d-9f93-485e-80bc-75a38f7c715b,2026-09-12T17:45:00Z,2026-09-12T19:45:00+0200,211.35,EUR/MWh,DK2,DK_2,imbalance_price,Short,2026-09-16T23:54:21Z
2026-09-16T23:50:49Z,2026-09-17T01:50:49+0200,1c76d05d-9f93-485e-80bc-75a38f7c715b,2026-09-12T18:00:00Z,2026-09-12T20:00:00+0200,401.37,EUR/MWh,DK2,DK_2,imbalance_price,Long,2026-09-16T23:54:21Z
2026-09-16T23:50:49Z,2026-09-17T01:50:49+0200,1c76d05d-9f93-485e-80bc-75a38f7c715b,2026-09-12T18:00:00Z,2026-09-12T20:00:00+0200,401.37,EUR/MWh,DK2,DK_2,imbalance_price,Short,2026-09-16T23:54:21Z
2026-09-16T23:50:49Z,2026-09-17T01:50:49+0200,1c76d05d-9f93-485e-80bc-75a38f7c715b,2026-09-12T18:15:00Z,2026-09-12T20:15:00+0200,544.87,EUR/MWh,DK2,DK_2,imbalance_price,Long,2026-09-16T23:54:21Z
2026-09-16T23:50:49Z,2026-09-17T01:50:49+0200,1c76d05d-9f93-485e-80bc-75a38f7c715b,2026-09-12T18:15:00Z,2026-09-12T20:15:00+0200,544.87,EUR/MWh,DK2,DK_2,imbalance_price,Short,2026-09-16T23:54:21Z
2026-09-16T23:50:49Z,2026-09-17T01:50:49+0200,1c76d05d-9f93-485e-80bc-75a38f7c715b,2026-09-12T18:30:00Z,2026-09-12T20:30:00+0200,217.79,EUR/MWh,DK2,DK_2,imbalance_price,Long,2026-09-16T23:54:21Z
2026-09-16T23:50:49Z,2026-09-17T01:50:49+0200,1c76d05d-9f93-485e-80bc-75a38f7c715b,2026-09-12T18:30:00Z,2026-09-12T20:30:00+0200,217.79,EUR/MWh,DK2,DK_2,imbalance_price,Short,2026-09-16T23:54:21Z
2026-09-16T23:50:49Z,2026-09-17T01:50:49+0200,1c76d05d-9f93-485e-80bc-75a38f7c715b,2026-09-12T18:45:00Z,2026-09-12T20:45:00+0200,207.68,EUR/MWh,DK2,DK_2,imbalance_price,Long,2026-09-16T23:54:21Z
2026-09-16T23:50:49Z,2026-09-17T01:50:49+0200,1c76d05d-9f93-485e-80bc-75a38f7c715b,2026-09-12T18:45:00Z,2026-09-12T20:45:00+0200,207.68,EUR/MWh,DK2,DK_2,imbalance_price,Short,2026-09-16T23:54:21Z
2026-09-16T23:50:49Z,2026-09-17T01:50:49+0200,1c76d05d-9f93-485e-80bc-75a38f7c715b,2026-09-12T19:00:00Z,2026-09-12T21:00:00+0200,210.74,EUR/MWh,DK2,DK_2,imbalance_price,Long,2026-09-16T23:54:21Z
2026-09-16T23:50:49Z,2026-09-17T01:50:49+0200,1c76d05d-9f93-485e-80bc-75a38f7c715b,2026-09-12T19:00:00Z,2026-09-12T21:00:00+0200,210.74,EUR/MWh,DK2,DK_2,imbalance_price,Short,2026-09-16T23:54:21Z
2026-09-16T23:50:49Z,2026-09-17T01:50:49+0200,1c76d05d-9f93-485e-80bc-75a38f7c715b,2026-09-12T19:15:00Z,2026-09-12T21:15:00+0200,204.94,EUR/MWh,DK2,DK_2,imbalance_price,Long,2026-09-16T23:54:21Z
2026-09-16T23:50:49Z,2026-09-17T01:50:49+0200,1c76d05d-9f93-485e-80bc-75a38f7c715b,2026-09-12T19:15:00Z,2026-09-12T21:15:00+0200,204.94,EUR/MWh,DK2,DK_2,imbalance_price,Short,2026-09-16T23:54:21Z
2026-09-16T23:50:49Z,2026-09-17T01:50:49+0200,1c76d05d-9f93-485e-80bc-75a38f7c715b,2026-09-12T19:30:00Z,2026-09-12T21:30:00+0200,73.56,EUR/MWh,DK2,DK_2,imbalance_price,Long,2026-09-16T23:54:21Z
2026-09-16T23:50:49Z,2026-09-17T01:50:49+0200,1c76d05d-9f93-485e-80bc-75a38f7c715b,2026-09-12T19:30:00Z,2026-09-12T21:30:00+0200,73.56,EUR/MWh,DK2,DK_2,imbalance_price,Short,2026-09-16T23:54:21Z
2026-09-16T23:50:49Z,2026-09-17T01:50:49+0200,1c76d05d-9f93-485e-80bc-75a38f7c715b,2026-09-12T19:45:00Z,2026-09-12T21:45:00+0200,6.69,EUR/MWh,DK2,DK_2,imbalance_price,Long,2026-09-16T23:54:21Z
2026-09-16T23:50:49Z,2026-09-17T01:50:49+0200,1c76d05d-9f93-485e-80bc-75a38f7c715b,2026-09-12T19:45:00Z,2026-09-12T21:45:00+0200,6.69,EUR/MWh,DK2,DK_2,imbalance_price,Short,2026-09-16T23:54:21Z
2026-09-16T23:50:49Z,2026-09-17T01:50:49+0200,1c76d05d-9f93-485e-80bc-75a38f7c715b,2026-09-12T20:00:00Z,2026-09-12T22:00:00+0200,803.28,EUR/MWh,DK2,DK_2,imbalance_price,Long,2026-09-16T23:54:21Z
2026-09-16T23:50:49Z,2026-09-17T01:50:49+0200,1c76d05d-9f93-485e-80bc-75a38f7c715b,2026-09-12T20:00:00Z,2026-09-12T22:00:00+0200,803.28,EUR/MWh,DK2,DK_2,imbalance_price,Short,2026-09-16T23:54:21Z
2026-09-16T23:50:49Z,2026-09-17T01:50:49+0200,1c76d05d-9f93-485e-80bc-75a38f7c715b,2026-09-12T20:15:00Z,2026-09-12T22:15:00+0200,802.8,EUR/MWh,DK2,DK_2,imbalance_price,Long,2026-09-16T23:54:21Z
2026-09-16T23:50:49Z,2026-09-17T01:50:49+0200,1c76d05d-9f93-485e-80bc-75a38f7c715b,2026-09-12T20:15:00Z,2026-09-12T22:15:00+0200,802.8,EUR/MWh,DK2,DK_2,imbalance_price,Short,2026-09-16T23:54:21Z
2026-09-16T23:50:49Z,2026-09-17T01:50:49+0200,1c76d05d-9f93-485e-80bc-75a38f7c715b,2026-09-12T20:30:00Z,2026-09-12T22:30:00+0200,4361.21,EUR/MWh,DK2,DK_2,imbalance_price,Long,2026-09-16T23:54:21Z
2026-09-16T23:50:49Z,2026-09-17T01:50:49+0200,1c76d05d-9f93-485e-80bc-75a38f7c715b,2026-09-12T20:30:00Z,2026-09-12T22:30:00+0200,4361.21,EUR/MWh,DK2,DK_2,imbalance_price,Short,2026-09-16T23:54:21Z
2026-09-16T23:50:49Z,2026-09-17T01:50:49+0200,1c76d05d-9f93-485e-80bc-75a38f7c715b,2026-09-12T20:45:00Z,2026-09-12T22:45:00+0200,802.8,EUR/MWh,DK2,DK_2,imbalance_price,Long,2026-09-16T23:54:21Z
2026-09-16T23:50:49Z,2026-09-17T01:50:49+0200,1c76d05d-9f93-485e-80bc-75a38f7c715b,2026-09-12T20:45:00Z,2026-09-12T22:45:00+0200,802.8,EUR/MWh,DK2,DK_2,imbalance_price,Short,2026-09-16T23:54:21Z
2026-09-16T23:50:49Z,2026-09-17T01:50:49+0200,1c76d05d-9f93-485e-80bc-75a38f7c715b,2026-09-12T21:00:00Z,2026-09-12T23:00:00+0200,877.1,EUR/MWh,DK2,DK_2,imbalance_price,Long,2026-09-16T23:54:21Z
2026-09-16T23:50:49Z,2026-09-17T01:50:49+0200,1c76d05d-9f93-485e-80bc-75a38f7c715b,2026-09-12T21:00:00Z,2026-09-12T23:00:00+0200,877.1,EUR/MWh,DK2,DK_2,imbalance_price,Short,2026-09-16T23:54:21Z
2026-09-16T23:50:49Z,2026-09-17T01:50:49+0200,1c76d05d-9f93-485e-80bc-75a38f7c715b,2026-09-12T21:15:00Z,2026-09-12T23:15:00+0200,569.13,EUR/MWh,DK2,DK_2,imbalance_price,Long,2026-09-16T23:54:21Z
2026-09-16T23:50:49Z,2026-09-17T01:50:49+0200,1c76d05d-9f93-485e-80bc-75a38f7c715b,2026-09-12T21:15:00Z,2026-09-12T23:15:00+0200,569.13,EUR/MWh,DK2,DK_2,imbalance_price,Short,2026-09-16T23:54:21Z
2026-09-16T23:50:49Z,2026-09-17T01:50:49+0200,1c76d05d-9f93-485e-80bc-75a38f7c715b,2026-09-12T21:30:00Z,2026-09-12T23:30:00+0200,181.0,EUR/MWh,DK2,DK_2,imbalance_price,Long,2026-09-16T23:54:21Z
2026-09-16T23:50:49Z,2026-09-17T01:50:49+0200,1c76d05d-9f93-485e-80bc-75a38f7c715b,2026-09-12T21:30:00Z,2026-09-12T23:30:00+0200,181.0,EUR/MWh,DK2,DK_2,imbalance_price,Short,2026-09-16T23:54:21Z
2026-09-16T23:50:49Z,2026-09-17T01:50:49+0200,1c76d05d-9f93-485e-80bc-75a38f7c715b,2026-09-12T21:45:00Z,2026-09-12T23:45:00+0200,177.43,EUR/MWh,DK2,DK_2,imbalance_price,Long,2026-09-16T23:54:21Z
2026-09-16T23:50:49Z,2026-09-17T01:50:49+0200,1c76d05d-9f93-485e-80bc-75a38f7c715b,2026-09-12T21:45:00Z,2026-09-12T23:45:00+0200,177.43,EUR/MWh,DK2,DK_2,imbalance_price,Short,2026-09-16T23:54:21Z
2026-09-16T23:50:49Z,2026-09-17T01:50:49+0200,1c76d05d-9f93-485e-80bc-75a38f7c715b,2026-09-12T22:00:00Z,2026-09-13T00:00:00+0200,166.25,EUR/MWh,DK2,DK_2,imbalance_price,Long,2026-09-16T23:54:21Z
2026-09-16T23:50:49Z,2026-09-17T01:50:49+0200,1c76d05d-9f93-485e-80bc-75a38f7c715b,2026-09-12T22:00:00Z,2026-09-13T00:00:00+0200,166.25,EUR/MWh,DK2,DK_2,imbalance_price,Short,2026-09-16T23:54:21Z
2026-09-16T23:50:49Z,2026-09-17T01:50:49+0200,1c76d05d-9f93-485e-80bc-75a38f7c715b,2026-09-12T22:15:00Z,2026-09-13T00:15:00+0200,180.0,EUR/MWh,DK2,DK_2,imbalance_price,Long,2026-09-16T23:54:21Z
2026-09-16T23:50:49Z,2026-09-17T01:50:49+0200,1c76d05d-9f93-485e-80bc-75a38f7c715b,2026-09-12T22:15:00Z,2026-09-13T00:15:00+0200,180.0,EUR/MWh,DK2,DK_2,imbalance_price,Short,2026-09-16T23:54:21Z
2026-09-16T23:50:49Z,2026-09-17T01:50:49+0200,1c76d05d-9f93-485e-80bc-75a38f7c715b,2026-09-12T22:30:00Z,2026-09-13T00:30:00+0200,173.29,EUR/MWh,DK2,DK_2,imbalance_price,Long,2026-09-16T23:54:21Z
2026-09-16T23:50:49Z,2026-09-17T01:50:49+0200,1c76d05d-9f93-485e-80bc-75a38f7c715b,2026-09-12T22:30:00Z,2026-09-13T00:30:00+0200,173.29,EUR/MWh,DK2,DK_2,imbalance_price,Short,2026-09-16T23:54:21Z
2026-09-16T23:50:49Z,2026-09-17T01:50:49+0200,1c76d05d-9f93-485e-80bc-75a38f7c715b,2026-09-12T22:45:00Z,2026-09-13T00:45:00+0200,166.01,EUR/MWh,DK2,DK_2,imbalance_price,Long,2026-09-16T23:54:21Z
2026-09-16T23:50:49Z,2026-09-17T01:50:49+0200,1c76d05d-9f93-485e-80bc-75a38f7c715b,2026-09-12T22:45:00Z,2026-09-13T00:45:00+0200,166.01,EUR/MWh,DK2,DK_2,imbalance_price,Short,2026-09-16T23:54:21Z
2026-09-16T23:50:49Z,2026-09-17T01:50:49+0200,1c76d05d-9f93-485e-80bc-75a38f7c715b,2026-09-12T23:00:00Z,2026-09-13T01:00:00+0200,156.71,EUR/MWh,DK2,DK_2,imbalance_price,Long,2026-09-16T23:54:21Z
2026-09-16T23:50:49Z,2026-09-17T01:50:49+0200,1c76d05d-9f93-485e-80bc-75a38f7c715b,2026-09-12T23:00:00Z,2026-09-13T01:00:00+0200,156.71,EUR/MWh,DK2,DK_2,imbalance_price,Short,2026-09-16T23:54:21Z
2026-09-16T23:50:49Z,2026-09-17T01:50:49+0200,1c76d05d-9f93-485e-80bc-75a38f7c715b,2026-09-12T23:15:00Z,2026-09-13T01:15:00+0200,165.97,EUR/MWh,DK2,DK_2,imbalance_price,Long,2026-09-16T23:54:21Z
2026-09-16T23:50:49Z,2026-09-17T01:50:49+0200,1c76d05d-9f93-485e-80bc-75a38f7c715b,2026-09-12T23:15:00Z,2026-09-13T01:15:00+0200,165.97,EUR/MWh,DK2,DK_2,imbalance_price,Short,2026-09-16T23:54:21Z
2026-09-16T23:50:49Z,2026-09-17T01:50:49+0200,1c76d05d-9f93-485e-80bc-75a38f7c715b,2026-09-12T23:30:00Z,2026-09-13T01:30:00+0200,168.02,EUR/MWh,DK2,DK_2,imbalance_price,Long,2026-09-16T23:54:21Z
2026-09-16T23:50:49Z,2026-09-17T01:50:49+0200,1c76d05d-9f93-485e-80bc-75a38f7c715b,2026-09-12T23:30:00Z,2026-09-13T01:30:00+0200,168.02,EUR/MWh,DK2,DK_2,imbalance_price,Short,2026-09-16T23:54:21Z
2026-09-16T23:50:49Z,2026-09-17T01:50:49+0200,1c76d05d-9f93-485e-80bc-75a38f7c715b,2026-09-12T23:45:00Z,2026-09-13T01:45:00+0200,163.74,EUR/MWh,DK2,DK_2,imbalance_price,Long,2026-09-16T23:54:21Z
2026-09-16T23:50:49Z,2026-09-17T01:50:49+0200,1c76d05d-9f93-485e-80bc-75a38f7c715b,2026-09-12T23:45:00Z,2026-09-13T01:45:00+0200,163.74,EUR/MWh,DK2,DK_2,imbalance_price,Short,2026-09-16T23:54:21Z
2026-09-16T23:50:49Z,2026-09-17T01:50:49+0200,1c76d05d-9f93-485e-80bc-75a38f7c715b,2026-09-13T00:00:00Z,2026-09-13T02:00:00+0200,199.0,EUR/MWh,DK2,DK_2,imbalance_price,Long,2026-09-16T23:54:21Z
2026-09-16T23:50:49Z,2026-09-17T01:50:49+0200,1c76d05d-9f93-485e-80bc-75a38f7c715b,2026-09-13T00:00:00Z,2026-09-13T02:00:00+0200,199.0,EUR/MWh,DK2,DK_2,imbalance_price,Short,2026-09-16T23:54:21Z
2026-09-16T23:50:49Z,2026-09-17T01:50:49+0200,1c76d05d-9f93-485e-80bc-75a38f7c715b,2026-09-13T00:15:00Z,2026-09-13T02:15:00+0200,160.84,EUR/MWh,DK2,DK_2,imbalance_price,Long,2026-09-16T23:54:21Z
2026-09-16T23:50:49Z,2026-09-17T01:50:49+0200,1c76d05d-9f93-485e-80bc-75a38f7c715b,2026-09-13T00:15:00Z,2026-09-13T02:15:00+0200,160.84,EUR/MWh,DK2,DK_2,imbalance_price,Short,2026-09-16T23:54:21Z
2026-09-16T23:50:49Z,2026-09-17T01:50:49+0200,1c76d05d-9f93-485e-80bc-75a38f7c715b,2026-09-13T00:30:00Z,2026-09-13T02:30:00+0200,334.48,EUR/MWh,DK2,DK_2,imbalance_price,Long,2026-09-16T23:54:21Z
2026-09-16T23:50:49Z,2026-09-17T01:50:49+0200,1c76d05d-9f93-485e-80bc-75a38f7c715b,2026-09-13T00:30:00Z,2026-09-13T02:30:00+0200,334.48,EUR/MWh,DK2,DK_2,imbalance_price,Short,2026-09-16T23:54:21Z
2026-09-16T23:50:49Z,2026-09-17T01:50:49+0200,1c76d05d-9f93-485e-80bc-75a38f7c715b,2026-09-13T00:45:00Z,2026-09-13T02:45:00+0200,156.32,EUR/MWh,DK2,DK_2,imbalance_price,Long,2026-09-16T23:54:21Z
2026-09-16T23:50:49Z,2026-09-17T01:50:49+0200,1c76d05d-9f93-485e-80bc-75a38f7c715b,2026-09-13T00:45:00Z,2026-09-13T02:45:00+0200,156.32,EUR/MWh,DK2,DK_2,imbalance_price,Short,2026-09-16T23:54:21Z
2026-09-16T23:50:49Z,2026-09-17T01:50:49+0200,1c76d05d-9f93-485e-80bc-75a38f7c715b,2026-09-13T01:00:00Z,2026-09-13T03:00:00+0200,193.48,EUR/MWh,DK2,DK_2,imbalance_price,Long,2026-09-16T23:54:21Z
2026-09-16T23:50:49Z,2026-09-17T01:50:49+0200,1c76d05d-9f93-485e-80bc-75a38f7c715b,2026-09-13T01:00:00Z,2026-09-13T03:00:00+0200,193.48,EUR/MWh,DK2,DK_2,imbalance_price,Short,2026-09-16T23:54:21Z
2026-09-16T23:50:49Z,2026-09-17T01:50:49+0200,1c76d05d-9f93-485e-80bc-75a38f7c715b,2026-09-13T01:15:00Z,2026-09-13T03:15:00+0200,222.33,EUR/MWh,DK2,DK_2,imbalance_price,Long,2026-09-16T23:54:21Z
2026-09-16T23:50:49Z,2026-09-17T01:50:49+0200,1c76d05d-9f93-485e-80bc-75a38f7c715b,2026-09-13T01:15:00Z,2026-09-13T03:15:00+0200,222.33,EUR/MWh,DK2,DK_2,imbalance_price,Short,2026-09-16T23:54:21Z
2026-09-16T23:50:49Z,2026-09-17T01:50:49+0200,1c76d05d-9f93-485e-80bc-75a38f7c715b,2026-09-13T01:30:00Z,2026-09-13T03:30:00+0200,207.95,EUR/MWh,DK2,DK_2,imbalance_price,Long,2026-09-16T23:54:21Z
2026-09-16T23:50:49Z,2026-09-17T01:50:49+0200,1c76d05d-9f93-485e-80bc-75a38f7c715b,2026-09-13T01:30:00Z,2026-09-13T03:30:00+0200,207.95,EUR/MWh,DK2,DK_2,imbalance_price,Short,2026-09-16T23:54:21Z
2026-09-16T23:50:49Z,2026-09-17T01:50:49+0200,1c76d05d-9f93-485e-80bc-75a38f7c715b,2026-09-13T01:45:00Z,2026-09-13T03:45:00+0200,156.82,EUR/MWh,DK2,DK_2,imbalance_price,Long,2026-09-16T23:54:21Z
2026-09-16T23:50:49Z,2026-09-17T01:50:49+0200,1c76d05d-9f93-485e-80bc-75a38f7c715b,2026-09-13T01:45:00Z,2026-09-13T03:45:00+0200,156.82,EUR/MWh,DK2,DK_2,imbalance_price,Short,2026-09-16T23:54:21Z
2026-09-16T23:50:49Z,2026-09-17T01:50:49+0200,1c76d05d-9f93-485e-80bc-75a38f7c715b,2026-09-13T02:00:00Z,2026-09-13T04:00:00+0200,161.47,EUR/MWh,DK2,DK_2,imbalance_price,Long,2026-09-16T23:54:21Z
2026-09-16T23:50:49Z,2026-09-17T01:50:49+0200,1c76d05d-9f93-485e-80bc-75a38f7c715b,2026-09-13T02:00:00Z,2026-09-13T04:00:00+0200,161.47,EUR/MWh,DK2,DK_2,imbalance_price,Short,2026-09-16T23:54:21Z
2026-09-16T23:50:49Z,2026-09-17T01:50:49+0200,1c76d05d-9f93-485e-80bc-75a38f7c715b,2026-09-13T02:15:00Z,2026-09-13T04:15:00+0200,78.99,EUR/MWh,DK2,DK_2,imbalance_price,Long,2026-09-16T23:54:21Z
2026-09-16T23:50:49Z,2026-09-17T01:50:49+0200,1c76d05d-9f93-485e-80bc-75a38f7c715b,2026-09-13T02:15:00Z,2026-09-13T04:15:00+0200,78.99,EUR/MWh,DK2,DK_2,imbalance_price,Short,2026-09-16T23:54:21Z
2026-09-16T23:50:49Z,2026-09-17T01:50:49+0200,1c76d05d-9f93-485e-80bc-75a38f7c715b,2026-09-13T02:30:00Z,2026-09-13T04:30:00+0200,160.65,EUR/MWh,DK2,DK_2,imbalance_price,Long,2026-09-16T23:54:21Z
2026-09-16T23:50:49Z,2026-09-17T01:50:49+0200,1c76d05d-9f93-485e-80bc-75a38f7c715b,2026-09-13T02:30:00Z,2026-09-13T04:30:00+0200,160.65,EUR/MWh,DK2,DK_2,imbalance_price,Short,2026-09-16T23:54:21Z
2026-09-16T23:50:49Z,2026-09-17T01:50:49+0200,1c76d05d-9f93-485e-80bc-75a38f7c715b,2026-09-13T02:45:00Z,2026-09-13T04:45:00+0200,161.41,EUR/MWh,DK2,DK_2,imbalance_price,Long,2026-09-16T23:54:21Z
2026-09-16T23:50:49Z,2026-09-17T01:50:49+0200,1c76d05d-9f93-485e-80bc-75a38f7c715b,2026-09-13T02:45:00Z,2026-09-13T04:45:00+0200,161.41,EUR/MWh,DK2,DK_2,imbalance_price,Short,2026-09-16T23:54:21Z
2026-09-16T23:50:49Z,2026-09-17T01:50:49+0200,1c76d05d-9f93-485e-80bc-75a38f7c715b,2026-09-13T03:00:00Z,2026-09-13T05:00:00+0200,162.14,EUR/MWh,DK2,DK_2,imbalance_price,Long,2026-09-16T23:54:21Z
2026-09-16T23:50:49Z,2026-09-17T01:50:49+0200,1c76d05d-9f93-485e-80bc-75a38f7c715b,2026-09-13T03:00:00Z,2026-09-13T05:00:00+0200,162.14,EUR/MWh,DK2,DK_2,imbalance_price,Short,2026-09-16T23:54:21Z
2026-09-16T23:50:49Z,2026-09-17T01:50:49+0200,1c76d05d-9f93-485e-80bc-75a38f7c715b,2026-09-13T03:15:00Z,2026-09-13T05:15:00+0200,163.31,EUR/MWh,DK2,DK_2,imbalance_price,Long,2026-09-16T23:54:21Z
2026-09-16T23:50:49Z,2026-09-17T01:50:49+0200,1c76d05d-9f93-485e-80bc-75a38f7c715b,2026-09-13T03:15:00Z,2026-09-13T05:15:00+0200,163.31,EUR/MWh,DK2,DK_2,imbalance_price,Short,2026-09-16T23:54:21Z
2026-09-16T23:50:49Z,2026-09-17T01:50:49+0200,1c76d05d-9f93-485e-80bc-75a38f7c715b,2026-09-13T03:30:00Z,2026-09-13T05:30:00+0200,165.65,EUR/MWh,DK2,DK_2,imbalance_price,Long,2026-09-16T23:54:21Z
2026-09-16T23:50:49Z,2026-09-17T01:50:49+0200,1c76d05d-9f93-485e-80bc-75a38f7c715b,2026-09-13T03:30:00Z,2026-09-13T05:30:00+0200,165.65,EUR/MWh,DK2,DK_2,imbalance_price,Short,2026-09-16T23:54:21Z
2026-09-16T23:50:49Z,2026-09-17T01:50:49+0200,1c76d05d-9f93-485e-80bc-75a38f7c715b,2026-09-13T03:45:00Z,2026-09-13T05:45:00+0200,238.84,EUR/MWh,DK2,DK_2,imbalance_price,Long,2026-09-16T23:54:21Z
2026-09-16T23:50:49Z,2026-09-17T01:50:49+0200,1c76d05d-9f93-485e-80bc-75a38f7c715b,2026-09-13T03:45:00Z,2026-09-13T05:45:00+0200,238.84,EUR/MWh,DK2,DK_2,imbalance_price,Short,2026-09-16T23:54:21Z
2026-09-16T23:50:49Z,2026-09-17T01:50:49+0200,1c76d05d-9f93-485e-80bc-75a38f7c715b,2026-09-13T04:00:00Z,2026-09-13T06:00:00+0200,336.9,EUR/MWh,DK2,DK_2,imbalance_price,Long,2026-09-16T23:54:21Z
2026-09-16T23:50:49Z,2026-09-17T01:50:49+0200,1c76d05d-9f93-485e-80bc-75a38f7c715b,2026-09-13T04:00:00Z,2026-09-13T06:00:00+0200,336.9,EUR/MWh,DK2,DK_2,imbalance_price,Short,2026-09-16T23:54:21Z
2026-09-16T23:50:49Z,2026-09-17T01:50:49+0200,1c76d05d-9f93-485e-80bc-75a38f7c715b,2026-09-13T04:15:00Z,2026-09-13T06:15:00+0200,287.52,EUR/MWh,DK2,DK_2,imbalance_price,Long,2026-09-16T23:54:21Z
2026-09-16T23:50:49Z,2026-09-17T01:50:49+0200,1c76d05d-9f93-485e-80bc-75a38f7c715b,2026-09-13T04:15:00Z,2026-09-13T06:15:00+0200,287.52,EUR/MWh,DK2,DK_2,imbalance_price,Short,2026-09-16T23:54:21Z
2026-09-16T23:50:49Z,2026-09-17T01:50:49+0200,1c76d05d-9f93-485e-80bc-75a38f7c715b,2026-09-13T04:30:00Z,2026-09-13T06:30:00+0200,334.5,EUR/MWh,DK2,DK_2,imbalance_price,Long,2026-09-16T23:54:21Z
2026-09-16T23:50:49Z,2026-09-17T01:50:49+0200,1c76d05d-9f93-485e-80bc-75a38f7c715b,2026-09-13T04:30:00Z,2026-09-13T06:30:00+0200,334.5,EUR/MWh,DK2,DK_2,imbalance_price,Short,2026-09-16T23:54:21Z
2026-09-16T23:50:49Z,2026-09-17T01:50:49+0200,1c76d05d-9f93-485e-80bc-75a38f7c715b,2026-09-13T04:45:00Z,2026-09-13T06:45:00+0200,374.62,EUR/MWh,DK2,DK_2,imbalance_price,Long,2026-09-16T23:54:21Z
2026-09-16T23:50:49Z,2026-09-17T01:50:49+0200,1c76d05d-9f93-485e-80bc-75a38f7c715b,2026-09-13T04:45:00Z,2026-09-13T06:45:00+0200,374.62,EUR/MWh,DK2,DK_2,imbalance_price,Short,2026-09-16T23:54:21Z
2026-09-16T23:50:49Z,2026-09-17T01:50:49+0200,1c76d05d-9f93-485e-80bc-75a38f7c715b,2026-09-13T05:00:00Z,2026-09-13T07:00:00+0200,334.5,EUR/MWh,DK2,DK_2,imbalance_price,Long,2026-09-16T23:54:21Z
2026-09-16T23:50:49Z,2026-09-17T01:50:49+0200,1c76d05d-9f93-485e-80bc-75a38f7c715b,2026-09-13T05:00:00Z,2026-09-13T07:00:00+0200,334.5,EUR/MWh,DK2,DK_2,imbalance_price,Short,2026-09-16T23:54:21Z
2026-09-16T23:50:49Z,2026-09-17T01:50:49+0200,1c76d05d-9f93-485e-80bc-75a38f7c715b,2026-09-13T05:15:00Z,2026-09-13T07:15:00+0200,188.47,EUR/MWh,DK2,DK_2,imbalance_price,Long,2026-09-16T23:54:21Z
2026-09-16T23:50:49Z,2026-09-17T01:50:49+0200,1c76d05d-9f93-485e-80bc-75a38f7c715b,2026-09-13T05:15:00Z,2026-09-13T07:15:00+0200,188.47,EUR/MWh,DK2,DK_2,imbalance_price,Short,2026-09-16T23:54:21Z
2026-09-16T23:50:49Z,2026-09-17T01:50:49+0200,1c76d05d-9f93-485e-80bc-75a38f7c715b,2026-09-13T05:30:00Z,2026-09-13T07:30:00+0200,181.39,EUR/MWh,DK2,DK_2,imbalance_price,Long,2026-09-16T23:54:21Z
2026-09-16T23:50:49Z,2026-09-17T01:50:49+0200,1c76d05d-9f93-485e-80bc-75a38f7c715b,2026-09-13T05:30:00Z,2026-09-13T07:30:00+0200,181.39,EUR/MWh,DK2,DK_2,imbalance_price,Short,2026-09-16T23:54:21Z
2026-09-16T23:50:49Z,2026-09-17T01:50:49+0200,1c76d05d-9f93-485e-80bc-75a38f7c715b,2026-09-13T05:45:00Z,2026-09-13T07:45:00+0200,170.89,EUR/MWh,DK2,DK_2,imbalance_price,Long,2026-09-16T23:54:21Z
2026-09-16T23:50:49Z,2026-09-17T01:50:49+0200,1c76d05d-9f93-485e-80bc-75a38f7c715b,2026-09-13T05:45:00Z,2026-09-13T07:45:00+0200,170.89,EUR/MWh,DK2,DK_2,imbalance_price,Short,2026-09-16T23:54:21Z
2026-09-16T23:50:49Z,2026-09-17T01:50:49+0200,1c76d05d-9f93-485e-80bc-75a38f7c715b,2026-09-13T06:00:00Z,2026-09-13T08:00:00+0200,190.1,EUR/MWh,DK2,DK_2,imbalance_price,Long,2026-09-16T23:54:21Z
2026-09-16T23:50:49Z,2026-09-17T01:50:49+0200,1c76d05d-9f93-485e-80bc-75a38f7c715b,2026-09-13T06:00:00Z,2026-09-13T08:00:00+0200,190.1,EUR/MWh,DK2,DK_2,imbalance_price,Short,2026-09-16T23:54:21Z
2026-09-16T23:50:49Z,2026-09-17T01:50:49+0200,1c76d05d-9f93-485e-80bc-75a38f7c715b,2026-09-13T06:15:00Z,2026-09-13T08:15:00+0200,173.56,EUR/MWh,DK2,DK_2,imbalance_price,Long,2026-09-16T23:54:21Z
2026-09-16T23:50:49Z,2026-09-17T01:50:49+0200,1c76d05d-9f93-485e-80bc-75a38f7c715b,2026-09-13T06:15:00Z,2026-09-13T08:15:00+0200,173.56,EUR/MWh,DK2,DK_2,imbalance_price,Short,2026-09-16T23:54:21Z
2026-09-16T23:50:49Z,2026-09-17T01:50:49+0200,1c76d05d-9f93-485e-80bc-75a38f7c715b,2026-09-13T06:30:00Z,2026-09-13T08:30:00+0200,159.79,EUR/MWh,DK2,DK_2,imbalance_price,Long,2026-09-16T23:54:21Z
2026-09-16T23:50:49Z,2026-09-17T01:50:49+0200,1c76d05d-9f93-485e-80bc-75a38f7c715b,2026-09-13T06:30:00Z,2026-09-13T08:30:00+0200,159.79,EUR/MWh,DK2,DK_2,imbalance_price,Short,2026-09-16T23:54:21Z
2026-09-16T23:50:49Z,2026-09-17T01:50:49+0200,1c76d05d-9f93-485e-80bc-75a38f7c715b,2026-09-13T06:45:00Z,2026-09-13T08:45:00+0200,113.72,EUR/MWh,DK2,DK_2,imbalance_price,Long,2026-09-16T23:54:21Z
2026-09-16T23:50:49Z,2026-09-17T01:50:49+0200,1c76d05d-9f93-485e-80bc-75a38f7c715b,2026-09-13T06:45:00Z,2026-09-13T08:45:00+0200,113.72,EUR/MWh,DK2,DK_2,imbalance_price,Short,2026-09-16T23:54:21Z
2026-09-16T23:50:49Z,2026-09-17T01:50:49+0200,1c76d05d-9f93-485e-80bc-75a38f7c715b,2026-09-13T07:00:00Z,2026-09-13T09:00:00+0200,113.72,EUR/MWh,DK2,DK_2,imbalance_price,Long,2026-09-16T23:54:21Z
2026-09-16T23:50:49Z,2026-09-17T01:50:49+0200,1c76d05d-9f93-485e-80bc-75a38f7c715b,2026-09-13T07:00:00Z,2026-09-13T09:00:00+0200,113.72,EUR/MWh,DK2,DK_2,imbalance_price,Short,2026-09-16T23:54:21Z
2026-09-16T23:50:49Z,2026-09-17T01:50:49+0200,1c76d05d-9f93-485e-80bc-75a38f7c715b,2026-09-13T07:15:00Z,2026-09-13T09:15:00+0200,143.57,EUR/MWh,DK2,DK_2,imbalance_price,Long,2026-09-16T23:54:21Z
2026-09-16T23:50:49Z,2026-09-17T01:50:49+0200,1c76d05d-9f93-485e-80bc-75a38f7c715b,2026-09-13T07:15:00Z,2026-09-13T09:15:00+0200,143.57,EUR/MWh,DK2,DK_2,imbalance_price,Short,2026-09-16T23:54:21Z
2026-09-16T23:50:49Z,2026-09-17T01:50:49+0200,1c76d05d-9f93-485e-80bc-75a38f7c715b,2026-09-13T07:30:00Z,2026-09-13T09:30:00+0200,115.42,EUR/MWh,DK2,DK_2,imbalance_price,Long,2026-09-16T23:54:21Z
2026-09-16T23:50:49Z,2026-09-17T01:50:49+0200,1c76d05d-9f93-485e-80bc-75a38f7c715b,2026-09-13T07:30:00Z,2026-09-13T09:30:00+0200,115.42,EUR/MWh,DK2,DK_2,imbalance_price,Short,2026-09-16T23:54:21Z
2026-09-16T23:50:49Z,2026-09-17T01:50:49+0200,1c76d05d-9f93-485e-80bc-75a38f7c715b,2026-09-13T07:45:00Z,2026-09-13T09:45:00+0200,142.29,EUR/MWh,DK2,DK_2,imbalance_price,Long,2026-09-16T23:54:21Z
2026-09-16T23:50:49Z,2026-09-17T01:50:49+0200,1c76d05d-9f93-485e-80bc-75a38f7c715b,2026-09-13T07:45:00Z,2026-09-13T09:45:00+0200,142.29,EUR/MWh,DK2,DK_2,imbalance_price,Short,2026-09-16T23:54:21Z
2026-09-16T23:50:49Z,2026-09-17T01:50:49+0200,1c76d05d-9f93-485e-80bc-75a38f7c715b,2026-09-13T08:00:00Z,2026-09-13T10:00:00+0200,131.67,EUR/MWh,DK2,DK_2,imbalance_price,Long,2026-09-16T23:54:21Z
2026-09-16T23:50:49Z,2026-09-17T01:50:49+0200,1c76d05d-9f93-485e-80bc-75a38f7c715b,2026-09-13T08:00:00Z,2026-09-13T10:00:00+0200,131.67,EUR/MWh,DK2,DK_2,imbalance_price,Short,2026-09-16T23:54:21Z
2026-09-16T23:50:49Z,2026-09-17T01:50:49+0200,1c76d05d-9f93-485e-80bc-75a38f7c715b,2026-09-13T08:15:00Z,2026-09-13T10:15:00+0200,124.46,EUR/MWh,DK2,DK_2,imbalance_price,Long,2026-09-16T23:54:21Z
2026-09-16T23:50:49Z,2026-09-17T01:50:49+0200,1c76d05d-9f93-485e-80bc-75a38f7c715b,2026-09-13T08:15:00Z,2026-09-13T10:15:00+0200,124.46,EUR/MWh,DK2,DK_2,imbalance_price,Short,2026-09-16T23:54:21Z
2026-09-16T23:50:49Z,2026-09-17T01:50:49+0200,1c76d05d-9f93-485e-80bc-75a38f7c715b,2026-09-13T08:30:00Z,2026-09-13T10:30:00+0200,121.99,EUR/MWh,DK2,DK_2,imbalance_price,Long,2026-09-16T23:54:21Z
2026-09-16T23:50:49Z,2026-09-17T01:50:49+0200,1c76d05d-9f93-485e-80bc-75a38f7c715b,2026-09-13T08:30:00Z,2026-09-13T10:30:00+0200,121.99,EUR/MWh,DK2,DK_2,imbalance_price,Short,2026-09-16T23:54:21Z
2026-09-16T23:50:49Z,2026-09-17T01:50:49+0200,1c76d05d-9f93-485e-80bc-75a38f7c715b,2026-09-13T08:45:00Z,2026-09-13T10:45:00+0200,116.19,EUR/MWh,DK2,DK_2,imbalance_price,Long,2026-09-16T23:54:21Z
2026-09-16T23:50:49Z,2026-09-17T01:50:49+0200,1c76d05d-9f93-485e-80bc-75a38f7c715b,2026-09-13T08:45:00Z,2026-09-13T10:45:00+0200,116.19,EUR/MWh,DK2,DK_2,imbalance_price,Short,2026-09-16T23:54:21Z
2026-09-16T23:50:49Z,2026-09-17T01:50:49+0200,1c76d05d-9f93-485e-80bc-75a38f7c715b,2026-09-13T09:00:00Z,2026-09-13T11:00:00+0200,58.33,EUR/MWh,DK2,DK_2,imbalance_price,Long,2026-09-16T23:54:21Z
2026-09-16T23:50:49Z,2026-09-17T01:50:49+0200,1c76d05d-9f93-485e-80bc-75a38f7c715b,2026-09-13T09:00:00Z,2026-09-13T11:00:00+0200,58.33,EUR/MWh,DK2,DK_2,imbalance_price,Short,2026-09-16T23:54:21Z
2026-09-16T23:50:49Z,2026-09-17T01:50:49+0200,1c76d05d-9f93-485e-80bc-75a38f7c715b,2026-09-13T09:15:00Z,2026-09-13T11:15:00+0200,69.13,EUR/MWh,DK2,DK_2,imbalance_price,Long,2026-09-16T23:54:21Z
2026-09-16T23:50:49Z,2026-09-17T01:50:49+0200,1c76d05d-9f93-485e-80bc-75a38f7c715b,2026-09-13T09:15:00Z,2026-09-13T11:15:00+0200,69.13,EUR/MWh,DK2,DK_2,imbalance_price,Short,2026-09-16T23:54:21Z
2026-09-16T23:50:49Z,2026-09-17T01:50:49+0200,1c76d05d-9f93-485e-80bc-75a38f7c715b,2026-09-13T09:30:00Z,2026-09-13T11:30:00+0200,58.81,EUR/MWh,DK2,DK_2,imbalance_price,Long,2026-09-16T23:54:21Z
2026-09-16T23:50:49Z,2026-09-17T01:50:49+0200,1c76d05d-9f93-485e-80bc-75a38f7c715b,2026-09-13T09:30:00Z,2026-09-13T11:30:00+0200,58.81,EUR/MWh,DK2,DK_2,imbalance_price,Short,2026-09-16T23:54:21Z
2026-09-16T23:50:49Z,2026-09-17T01:50:49+0200,1c76d05d-9f93-485e-80bc-75a38f7c715b,2026-09-13T09:45:00Z,2026-09-13T11:45:00+0200,51.5,EUR/MWh,DK2,DK_2,imbalance_price,Long,2026-09-16T23:54:21Z
2026-09-16T23:50:49Z,2026-09-17T01:50:49+0200,1c76d05d-9f93-485e-80bc-75a38f7c715b,2026-09-13T09:45:00Z,2026-09-13T11:45:00+0200,51.5,EUR/MWh,DK2,DK_2,imbalance_price,Short,2026-09-16T23:54:21Z
2026-09-16T23:50:49Z,2026-09-17T01:50:49+0200,1c76d05d-9f93-485e-80bc-75a38f7c715b,2026-09-13T10:00:00Z,2026-09-13T12:00:00+0200,107.13,EUR/MWh,DK2,DK_2,imbalance_price,Long,2026-09-16T23:54:21Z
2026-09-16T23:50:49Z,2026-09-17T01:50:49+0200,1c76d05d-9f93-485e-80bc-75a38f7c715b,2026-09-13T10:00:00Z,2026-09-13T12:00:00+0200,107.13,EUR/MWh,DK2,DK_2,imbalance_price,Short,2026-09-16T23:54:21Z
2026-09-16T23:50:49Z,2026-09-17T01:50:49+0200,1c76d05d-9f93-485e-80bc-75a38f7c715b,2026-09-13T10:15:00Z,2026-09-13T12:15:00+0200,111.37,EUR/MWh,DK2,DK_2,imbalance_price,Long,2026-09-16T23:54:21Z
2026-09-16T23:50:49Z,2026-09-17T01:50:49+0200,1c76d05d-9f93-485e-80bc-75a38f7c715b,2026-09-13T10:15:00Z,2026-09-13T12:15:00+0200,111.37,EUR/MWh,DK2,DK_2,imbalance_price,Short,2026-09-16T23:54:21Z
2026-09-16T23:50:49Z,2026-09-17T01:50:49+0200,1c76d05d-9f93-485e-80bc-75a38f7c715b,2026-09-13T10:30:00Z,2026-09-13T12:30:00+0200,108.27,EUR/MWh,DK2,DK_2,imbalance_price,Long,2026-09-16T23:54:21Z
2026-09-16T23:50:49Z,2026-09-17T01:50:49+0200,1c76d05d-9f93-485e-80bc-75a38f7c715b,2026-09-13T10:30:00Z,2026-09-13T12:30:00+0200,108.27,EUR/MWh,DK2,DK_2,imbalance_price,Short,2026-09-16T23:54:21Z
2026-09-16T23:50:49Z,2026-09-17T01:50:49+0200,1c76d05d-9f93-485e-80bc-75a38f7c715b,2026-09-13T10:45:00Z,2026-09-13T12:45:00+0200,107.22,EUR/MWh,DK2,DK_2,imbalance_price,Long,2026-09-16T23:54:21Z
2026-09-16T23:50:49Z,2026-09-17T01:50:49+0200,1c76d05d-9f93-485e-80bc-75a38f7c715b,2026-09-13T10:45:00Z,2026-09-13T12:45:00+0200,107.22,EUR/MWh,DK2,DK_2,imbalance_price,Short,2026-09-16T23:54:21Z
2026-09-16T23:50:49Z,2026-09-17T01:50:49+0200,1c76d05d-9f93-485e-80bc-75a38f7c715b,2026-09-13T11:00:00Z,2026-09-13T13:00:00+0200,25.52,EUR/MWh,DK2,DK_2,imbalance_price,Long,2026-09-16T23:54:21Z
2026-09-16T23:50:49Z,2026-09-17T01:50:49+0200,1c76d05d-9f93-485e-80bc-75a38f7c715b,2026-09-13T11:00:00Z,2026-09-13T13:00:00+0200,25.52,EUR/MWh,DK2,DK_2,imbalance_price,Short,2026-09-16T23:54:21Z
2026-09-16T23:50:49Z,2026-09-17T01:50:49+0200,1c76d05d-9f93-485e-80bc-75a38f7c715b,2026-09-13T11:15:00Z,2026-09-13T13:15:00+0200,60.65,EUR/MWh,DK2,DK_2,imbalance_price,Long,2026-09-16T23:54:21Z
2026-09-16T23:50:49Z,2026-09-17T01:50:49+0200,1c76d05d-9f93-485e-80bc-75a38f7c715b,2026-09-13T11:15:00Z,2026-09-13T13:15:00+0200,60.65,EUR/MWh,DK2,DK_2,imbalance_price,Short,2026-09-16T23:54:21Z
2026-09-16T23:50:49Z,2026-09-17T01:50:49+0200,1c76d05d-9f93-485e-80bc-75a38f7c715b,2026-09-13T11:30:00Z,2026-09-13T13:30:00+0200,51.73,EUR/MWh,DK2,DK_2,imbalance_price,Long,2026-09-16T23:54:21Z
2026-09-16T23:50:49Z,2026-09-17T01:50:49+0200,1c76d05d-9f93-485e-80bc-75a38f7c715b,2026-09-13T11:30:00Z,2026-09-13T13:30:00+0200,51.73,EUR/MWh,DK2,DK_2,imbalance_price,Short,2026-09-16T23:54:21Z
2026-09-16T23:50:49Z,2026-09-17T01:50:49+0200,1c76d05d-9f93-485e-80bc-75a38f7c715b,2026-09-13T11:45:00Z,2026-09-13T13:45:00+0200,55.07,EUR/MWh,DK2,DK_2,imbalance_price,Long,2026-09-16T23:54:21Z
2026-09-16T23:50:49Z,2026-09-17T01:50:49+0200,1c76d05d-9f93-485e-80bc-75a38f7c715b,2026-09-13T11:45:00Z,2026-09-13T13:45:00+0200,55.07,EUR/MWh,DK2,DK_2,imbalance_price,Short,2026-09-16T23:54:21Z
2026-09-16T23:50:49Z,2026-09-17T01:50:49+0200,1c76d05d-9f93-485e-80bc-75a38f7c715b,2026-09-13T12:00:00Z,2026-09-13T14:00:00+0200,61.4,EUR/MWh,DK2,DK_2,imbalance_price,Long,2026-09-16T23:54:21Z
2026-09-16T23:50:49Z,2026-09-17T01:50:49+0200,1c76d05d-9f93-485e-80bc-75a38f7c715b,2026-09-13T12:00:00Z,2026-09-13T14:00:00+0200,61.4,EUR/MWh,DK2,DK_2,imbalance_price,Short,2026-09-16T23:54:21Z
2026-09-16T23:50:49Z,2026-09-17T01:50:49+0200,1c76d05d-9f93-485e-80bc-75a38f7c715b,2026-09-13T12:15:00Z,2026-09-13T14:15:00+0200,103.29,EUR/MWh,DK2,DK_2,imbalance_price,Long,2026-09-16T23:54:21Z
2026-09-16T23:50:49Z,2026-09-17T01:50:49+0200,1c76d05d-9f93-485e-80bc-75a38f7c715b,2026-09-13T12:15:00Z,2026-09-13T14:15:00+0200,103.29,EUR/MWh,DK2,DK_2,imbalance_price,Short,2026-09-16T23:54:21Z
2026-09-16T23:50:49Z,2026-09-17T01:50:49+0200,1c76d05d-9f93-485e-80bc-75a38f7c715b,2026-09-13T12:30:00Z,2026-09-13T14:30:00+0200,107.02,EUR/MWh,DK2,DK_2,imbalance_price,Long,2026-09-16T23:54:21Z
2026-09-16T23:50:49Z,2026-09-17T01:50:49+0200,1c76d05d-9f93-485e-80bc-75a38f7c715b,2026-09-13T12:30:00Z,2026-09-13T14:30:00+0200,107.02,EUR/MWh,DK2,DK_2,imbalance_price,Short,2026-09-16T23:54:21Z
2026-09-16T23:50:49Z,2026-09-17T01:50:49+0200,1c76d05d-9f93-485e-80bc-75a38f7c715b,2026-09-13T12:45:00Z,2026-09-13T14:45:00+0200,168.27,EUR/MWh,DK2,DK_2,imbalance_price,Long,2026-09-16T23:54:21Z
2026-09-16T23:50:49Z,2026-09-17T01:50:49+0200,1c76d05d-9f93-485e-80bc-75a38f7c715b,2026-09-13T12:45:00Z,2026-09-13T14:45:00+0200,168.27,EUR/MWh,DK2,DK_2,imbalance_price,Short,2026-09-16T23:54:21Z
2026-09-16T23:50:49Z,2026-09-17T01:50:49+0200,1c76d05d-9f93-485e-80bc-75a38f7c715b,2026-09-13T13:00:00Z,2026-09-13T15:00:00+0200,101.95,EUR/MWh,DK2,DK_2,imbalance_price,Long,2026-09-16T23:54:21Z
2026-09-16T23:50:49Z,2026-09-17T01:50:49+0200,1c76d05d-9f93-485e-80bc-75a38f7c715b,2026-09-13T13:00:00Z,2026-09-13T15:00:00+0200,101.95,EUR/MWh,DK2,DK_2,imbalance_price,Short,2026-09-16T23:54:21Z
2026-09-16T23:50:49Z,2026-09-17T01:50:49+0200,1c76d05d-9f93-485e-80bc-75a38f7c715b,2026-09-13T13:15:00Z,2026-09-13T15:15:00+0200,107.1,EUR/MWh,DK2,DK_2,imbalance_price,Long,2026-09-16T23:54:21Z
2026-09-16T23:50:49Z,2026-09-17T01:50:49+0200,1c76d05d-9f93-485e-80bc-75a38f7c715b,2026-09-13T13:15:00Z,2026-09-13T15:15:00+0200,107.1,EUR/MWh,DK2,DK_2,imbalance_price,Short,2026-09-16T23:54:21Z
2026-09-16T23:50:49Z,2026-09-17T01:50:49+0200,1c76d05d-9f93-485e-80bc-75a38f7c715b,2026-09-13T13:30:00Z,2026-09-13T15:30:00+0200,122.77,EUR/MWh,DK2,DK_2,imbalance_price,Long,2026-09-16T23:54:21Z
2026-09-16T23:50:49Z,2026-09-17T01:50:49+0200,1c76d05d-9f93-485e-80bc-75a38f7c715b,2026-09-13T13:30:00Z,2026-09-13T15:30:00+0200,122.77,EUR/MWh,DK2,DK_2,imbalance_price,Short,2026-09-16T23:54:21Z
2026-09-16T23:50:49Z,2026-09-17T01:50:49+0200,1c76d05d-9f93-485e-80bc-75a38f7c715b,2026-09-13T13:45:00Z,2026-09-13T15:45:00+0200,561.03,EUR/MWh,DK2,DK_2,imbalance_price,Long,2026-09-16T23:54:21Z
2026-09-16T23:50:49Z,2026-09-17T01:50:49+0200,1c76d05d-9f93-485e-80bc-75a38f7c715b,2026-09-13T13:45:00Z,2026-09-13T15:45:00+0200,561.03,EUR/MWh,DK2,DK_2,imbalance_price,Short,2026-09-16T23:54:21Z
2026-09-16T23:50:49Z,2026-09-17T01:50:49+0200,1c76d05d-9f93-485e-80bc-75a38f7c715b,2026-09-13T14:00:00Z,2026-09-13T16:00:00+0200,136.53,EUR/MWh,DK2,DK_2,imbalance_price,Long,2026-09-16T23:54:21Z
2026-09-16T23:50:49Z,2026-09-17T01:50:49+0200,1c76d05d-9f93-485e-80bc-75a38f7c715b,2026-09-13T14:00:00Z,2026-09-13T16:00:00+0200,136.53,EUR/MWh,DK2,DK_2,imbalance_price,Short,2026-09-16T23:54:21Z
2026-09-16T23:50:49Z,2026-09-17T01:50:49+0200,1c76d05d-9f93-485e-80bc-75a38f7c715b,2026-09-13T14:15:00Z,2026-09-13T16:15:00+0200,229.09,EUR/MWh,DK2,DK_2,imbalance_price,Long,2026-09-16T23:54:21Z
2026-09-16T23:50:49Z,2026-09-17T01:50:49+0200,1c76d05d-9f93-485e-80bc-75a38f7c715b,2026-09-13T14:15:00Z,2026-09-13T16:15:00+0200,229.09,EUR/MWh,DK2,DK_2,imbalance_price,Short,2026-09-16T23:54:21Z
2026-09-16T23:50:49Z,2026-09-17T01:50:49+0200,1c76d05d-9f93-485e-80bc-75a38f7c715b,2026-09-13T14:30:00Z,2026-09-13T16:30:00+0200,217.53,EUR/MWh,DK2,DK_2,imbalance_price,Long,2026-09-16T23:54:21Z
2026-09-16T23:50:49Z,2026-09-17T01:50:49+0200,1c76d05d-9f93-485e-80bc-75a38f7c715b,2026-09-13T14:30:00Z,2026-09-13T16:30:00+0200,217.53,EUR/MWh,DK2,DK_2,imbalance_price,Short,2026-09-16T23:54:21Z
2026-09-16T23:50:49Z,2026-09-17T01:50:49+0200,1c76d05d-9f93-485e-80bc-75a38f7c715b,2026-09-13T14:45:00Z,2026-09-13T16:45:00+0200,169.66,EUR/MWh,DK2,DK_2,imbalance_price,Long,2026-09-16T23:54:21Z
2026-09-16T23:50:49Z,2026-09-17T01:50:49+0200,1c76d05d-9f93-485e-80bc-75a38f7c715b,2026-09-13T14:45:00Z,2026-09-13T16:45:00+0200,169.66,EUR/MWh,DK2,DK_2,imbalance_price,Short,2026-09-16T23:54:21Z
2026-09-16T23:50:49Z,2026-09-17T01:50:49+0200,1c76d05d-9f93-485e-80bc-75a38f7c715b,2026-09-13T15:00:00Z,2026-09-13T17:00:00+0200,643.99,EUR/MWh,DK2,DK_2,imbalance_price,Long,2026-09-16T23:54:21Z
2026-09-16T23:50:49Z,2026-09-17T01:50:49+0200,1c76d05d-9f93-485e-80bc-75a38f7c715b,2026-09-13T15:00:00Z,2026-09-13T17:00:00+0200,643.99,EUR/MWh,DK2,DK_2,imbalance_price,Short,2026-09-16T23:54:21Z
2026-09-16T23:50:49Z,2026-09-17T01:50:49+0200,1c76d05d-9f93-485e-80bc-75a38f7c715b,2026-09-13T15:15:00Z,2026-09-13T17:15:00+0200,263.08,EUR/MWh,DK2,DK_2,imbalance_price,Long,2026-09-16T23:54:21Z
2026-09-16T23:50:49Z,2026-09-17T01:50:49+0200,1c76d05d-9f93-485e-80bc-75a38f7c715b,2026-09-13T15:15:00Z,2026-09-13T17:15:00+0200,263.08,EUR/MWh,DK2,DK_2,imbalance_price,Short,2026-09-16T23:54:21Z
2026-09-16T23:50:49Z,2026-09-17T01:50:49+0200,1c76d05d-9f93-485e-80bc-75a38f7c715b,2026-09-13T15:30:00Z,2026-09-13T17:30:00+0200,298.06,EUR/MWh,DK2,DK_2,imbalance_price,Long,2026-09-16T23:54:21Z
2026-09-16T23:50:49Z,2026-09-17T01:50:49+0200,1c76d05d-9f93-485e-80bc-75a38f7c715b,2026-09-13T15:30:00Z,2026-09-13T17:30:00+0200,298.06,EUR/MWh,DK2,DK_2,imbalance_price,Short,2026-09-16T23:54:21Z
2026-09-16T23:50:49Z,2026-09-17T01:50:49+0200,1c76d05d-9f93-485e-80bc-75a38f7c715b,2026-09-13T15:45:00Z,2026-09-13T17:45:00+0200,334.31,EUR/MWh,DK2,DK_2,imbalance_price,Long,2026-09-16T23:54:21Z
2026-09-16T23:50:49Z,2026-09-17T01:50:49+0200,1c76d05d-9f93-485e-80bc-75a38f7c715b,2026-09-13T15:45:00Z,2026-09-13T17:45:00+0200,334.31,EUR/MWh,DK2,DK_2,imbalance_price,Short,2026-09-16T23:54:21Z
2026-09-16T23:50:49Z,2026-09-17T01:50:49+0200,1c76d05d-9f93-485e-80bc-75a38f7c715b,2026-09-13T16:00:00Z,2026-09-13T18:00:00+0200,216.89,EUR/MWh,DK2,DK_2,imbalance_price,Long,2026-09-16T23:54:21Z
2026-09-16T23:50:49Z,2026-09-17T01:50:49+0200,1c76d05d-9f93-485e-80bc-75a38f7c715b,2026-09-13T16:00:00Z,2026-09-13T18:00:00+0200,216.89,EUR/MWh,DK2,DK_2,imbalance_price,Short,2026-09-16T23:54:21Z
2026-09-16T23:50:49Z,2026-09-17T01:50:49+0200,1c76d05d-9f93-485e-80bc-75a38f7c715b,2026-09-13T16:15:00Z,2026-09-13T18:15:00+0200,253.66,EUR/MWh,DK2,DK_2,imbalance_price,Long,2026-09-16T23:54:21Z
2026-09-16T23:50:49Z,2026-09-17T01:50:49+0200,1c76d05d-9f93-485e-80bc-75a38f7c715b,2026-09-13T16:15:00Z,2026-09-13T18:15:00+0200,253.66,EUR/MWh,DK2,DK_2,imbalance_price,Short,2026-09-16T23:54:21Z
2026-09-16T23:50:49Z,2026-09-17T01:50:49+0200,1c76d05d-9f93-485e-80bc-75a38f7c715b,2026-09-13T16:30:00Z,2026-09-13T18:30:00+0200,258.1,EUR/MWh,DK2,DK_2,imbalance_price,Long,2026-09-16T23:54:21Z
2026-09-16T23:50:49Z,2026-09-17T01:50:49+0200,1c76d05d-9f93-485e-80bc-75a38f7c715b,2026-09-13T16:30:00Z,2026-09-13T18:30:00+0200,258.1,EUR/MWh,DK2,DK_2,imbalance_price,Short,2026-09-16T23:54:21Z
2026-09-16T23:50:49Z,2026-09-17T01:50:49+0200,1c76d05d-9f93-485e-80bc-75a38f7c715b,2026-09-13T16:45:00Z,2026-09-13T18:45:00+0200,274.21,EUR/MWh,DK2,DK_2,imbalance_price,Long,2026-09-16T23:54:21Z
2026-09-16T23:50:49Z,2026-09-17T01:50:49+0200,1c76d05d-9f93-485e-80bc-75a38f7c715b,2026-09-13T16:45:00Z,2026-09-13T18:45:00+0200,274.21,EUR/MWh,DK2,DK_2,imbalance_price,Short,2026-09-16T23:54:21Z
2026-09-16T23:50:49Z,2026-09-17T01:50:49+0200,1c76d05d-9f93-485e-80bc-75a38f7c715b,2026-09-13T17:00:00Z,2026-09-13T19:00:00+0200,193.99,EUR/MWh,DK2,DK_2,imbalance_price,Long,2026-09-16T23:54:21Z
2026-09-16T23:50:49Z,2026-09-17T01:50:49+0200,1c76d05d-9f93-485e-80bc-75a38f7c715b,2026-09-13T17:00:00Z,2026-09-13T19:00:00+0200,193.99,EUR/MWh,DK2,DK_2,imbalance_price,Short,2026-09-16T23:54:21Z
2026-09-16T23:50:49Z,2026-09-17T01:50:49+0200,1c76d05d-9f93-485e-80bc-75a38f7c715b,2026-09-13T17:15:00Z,2026-09-13T19:15:00+0200,228.31,EUR/MWh,DK2,DK_2,imbalance_price,Long,2026-09-16T23:54:21Z
2026-09-16T23:50:49Z,2026-09-17T01:50:49+0200,1c76d05d-9f93-485e-80bc-75a38f7c715b,2026-09-13T17:15:00Z,2026-09-13T19:15:00+0200,228.31,EUR/MWh,DK2,DK_2,imbalance_price,Short,2026-09-16T23:54:21Z
2026-09-16T23:50:49Z,2026-09-17T01:50:49+0200,1c76d05d-9f93-485e-80bc-75a38f7c715b,2026-09-13T17:30:00Z,2026-09-13T19:30:00+0200,234.51,EUR/MWh,DK2,DK_2,imbalance_price,Long,2026-09-16T23:54:21Z
2026-09-16T23:50:49Z,2026-09-17T01:50:49+0200,1c76d05d-9f93-485e-80bc-75a38f7c715b,2026-09-13T17:30:00Z,2026-09-13T19:30:00+0200,234.51,EUR/MWh,DK2,DK_2,imbalance_price,Short,2026-09-16T23:54:21Z
2026-09-16T23:50:49Z,2026-09-17T01:50:49+0200,1c76d05d-9f93-485e-80bc-75a38f7c715b,2026-09-13T17:45:00Z,2026-09-13T19:45:00+0200,239.95,EUR/MWh,DK2,DK_2,imbalance_price,Long,2026-09-16T23:54:21Z
2026-09-16T23:50:49Z,2026-09-17T01:50:49+0200,1c76d05d-9f93-485e-80bc-75a38f7c715b,2026-09-13T17:45:00Z,2026-09-13T19:45:00+0200,239.95,EUR/MWh,DK2,DK_2,imbalance_price,Short,2026-09-16T23:54:21Z
2026-09-16T23:50:49Z,2026-09-17T01:50:49+0200,1c76d05d-9f93-485e-80bc-75a38f7c715b,2026-09-13T18:00:00Z,2026-09-13T20:00:00+0200,228.8,EUR/MWh,DK2,DK_2,imbalance_price,Long,2026-09-16T23:54:21Z
2026-09-16T23:50:49Z,2026-09-17T01:50:49+0200,1c76d05d-9f93-485e-80bc-75a38f7c715b,2026-09-13T18:00:00Z,2026-09-13T20:00:00+0200,228.8,EUR/MWh,DK2,DK_2,imbalance_price,Short,2026-09-16T23:54:21Z
2026-09-16T23:50:49Z,2026-09-17T01:50:49+0200,1c76d05d-9f93-485e-80bc-75a38f7c715b,2026-09-13T18:15:00Z,2026-09-13T20:15:00+0200,235.01,EUR/MWh,DK2,DK_2,imbalance_price,Long,2026-09-16T23:54:21Z
2026-09-16T23:50:49Z,2026-09-17T01:50:49+0200,1c76d05d-9f93-485e-80bc-75a38f7c715b,2026-09-13T18:15:00Z,2026-09-13T20:15:00+0200,235.01,EUR/MWh,DK2,DK_2,imbalance_price,Short,2026-09-16T23:54:21Z
2026-09-16T23:50:49Z,2026-09-17T01:50:49+0200,1c76d05d-9f93-485e-80bc-75a38f7c715b,2026-09-13T18:30:00Z,2026-09-13T20:30:00+0200,237.54,EUR/MWh,DK2,DK_2,imbalance_price,Long,2026-09-16T23:54:21Z
2026-09-16T23:50:49Z,2026-09-17T01:50:49+0200,1c76d05d-9f93-485e-80bc-75a38f7c715b,2026-09-13T18:30:00Z,2026-09-13T20:30:00+0200,237.54,EUR/MWh,DK2,DK_2,imbalance_price,Short,2026-09-16T23:54:21Z
2026-09-16T23:50:49Z,2026-09-17T01:50:49+0200,1c76d05d-9f93-485e-80bc-75a38f7c715b,2026-09-13T18:45:00Z,2026-09-13T20:45:00+0200,166.38,EUR/MWh,DK2,DK_2,imbalance_price,Long,2026-09-16T23:54:21Z
2026-09-16T23:50:49Z,2026-09-17T01:50:49+0200,1c76d05d-9f93-485e-80bc-75a38f7c715b,2026-09-13T18:45:00Z,2026-09-13T20:45:00+0200,166.38,EUR/MWh,DK2,DK_2,imbalance_price,Short,2026-09-16T23:54:21Z
2026-09-16T23:50:49Z,2026-09-17T01:50:49+0200,1c76d05d-9f93-485e-80bc-75a38f7c715b,2026-09-13T19:00:00Z,2026-09-13T21:00:00+0200,235.32,EUR/MWh,DK2,DK_2,imbalance_price,Long,2026-09-16T23:54:21Z
2026-09-16T23:50:49Z,2026-09-17T01:50:49+0200,1c76d05d-9f93-485e-80bc-75a38f7c715b,2026-09-13T19:00:00Z,2026-09-13T21:00:00+0200,235.32,EUR/MWh,DK2,DK_2,imbalance_price,Short,2026-09-16T23:54:21Z
2026-09-16T23:50:49Z,2026-09-17T01:50:49+0200,1c76d05d-9f93-485e-80bc-75a38f7c715b,2026-09-13T19:15:00Z,2026-09-13T21:15:00+0200,181.33,EUR/MWh,DK2,DK_2,imbalance_price,Long,2026-09-16T23:54:21Z
2026-09-16T23:50:49Z,2026-09-17T01:50:49+0200,1c76d05d-9f93-485e-80bc-75a38f7c715b,2026-09-13T19:15:00Z,2026-09-13T21:15:00+0200,181.33,EUR/MWh,DK2,DK_2,imbalance_price,Short,2026-09-16T23:54:21Z
2026-09-16T23:50:49Z,2026-09-17T01:50:49+0200,1c76d05d-9f93-485e-80bc-75a38f7c715b,2026-09-13T19:30:00Z,2026-09-13T21:30:00+0200,164.81,EUR/MWh,DK2,DK_2,imbalance_price,Long,2026-09-16T23:54:21Z
2026-09-16T23:50:49Z,2026-09-17T01:50:49+0200,1c76d05d-9f93-485e-80bc-75a38f7c715b,2026-09-13T19:30:00Z,2026-09-13T21:30:00+0200,164.81,EUR/MWh,DK2,DK_2,imbalance_price,Short,2026-09-16T23:54:21Z
2026-09-16T23:50:49Z,2026-09-17T01:50:49+0200,1c76d05d-9f93-485e-80bc-75a38f7c715b,2026-09-13T19:45:00Z,2026-09-13T21:45:00+0200,227.52,EUR/MWh,DK2,DK_2,imbalance_price,Long,2026-09-16T23:54:21Z
2026-09-16T23:50:49Z,2026-09-17T01:50:49+0200,1c76d05d-9f93-485e-80bc-75a38f7c715b,2026-09-13T19:45:00Z,2026-09-13T21:45:00+0200,227.52,EUR/MWh,DK2,DK_2,imbalance_price,Short,2026-09-16T23:54:21Z
2026-09-16T23:50:49Z,2026-09-17T01:50:49+0200,1c76d05d-9f93-485e-80bc-75a38f7c715b,2026-09-13T20:00:00Z,2026-09-13T22:00:00+0200,232.45,EUR/MWh,DK2,DK_2,imbalance_price,Long,2026-09-16T23:54:21Z
2026-09-16T23:50:49Z,2026-09-17T01:50:49+0200,1c76d05d-9f93-485e-80bc-75a38f7c715b,2026-09-13T20:00:00Z,2026-09-13T22:00:00+0200,232.45,EUR/MWh,DK2,DK_2,imbalance_price,Short,2026-09-16T23:54:21Z
2026-09-16T23:50:49Z,2026-09-17T01:50:49+0200,1c76d05d-9f93-485e-80bc-75a38f7c715b,2026-09-13T20:15:00Z,2026-09-13T22:15:00+0200,227.52,EUR/MWh,DK2,DK_2,imbalance_price,Long,2026-09-16T23:54:21Z
2026-09-16T23:50:49Z,2026-09-17T01:50:49+0200,1c76d05d-9f93-485e-80bc-75a38f7c715b,2026-09-13T20:15:00Z,2026-09-13T22:15:00+0200,227.52,EUR/MWh,DK2,DK_2,imbalance_price,Short,2026-09-16T23:54:21Z
2026-09-16T23:50:49Z,2026-09-17T01:50:49+0200,1c76d05d-9f93-485e-80bc-75a38f7c715b,2026-09-13T20:30:00Z,2026-09-13T22:30:00+0200,227.52,EUR/MWh,DK2,DK_2,imbalance_price,Long,2026-09-16T23:54:21Z
2026-09-16T23:50:49Z,2026-09-17T01:50:49+0200,1c76d05d-9f93-485e-80bc-75a38f7c715b,2026-09-13T20:30:00Z,2026-09-13T22:30:00+0200,227.52,EUR/MWh,DK2,DK_2,imbalance_price,Short,2026-09-16T23:54:21Z
2026-09-16T23:50:49Z,2026-09-17T01:50:49+0200,1c76d05d-9f93-485e-80bc-75a38f7c715b,2026-09-13T20:45:00Z,2026-09-13T22:45:00+0200,222.43,EUR/MWh,DK2,DK_2,imbalance_price,Long,2026-09-16T23:54:21Z
2026-09-16T23:50:49Z,2026-09-17T01:50:49+0200,1c76d05d-9f93-485e-80bc-75a38f7c715b,2026-09-13T20:45:00Z,2026-09-13T22:45:00+0200,222.43,EUR/MWh,DK2,DK_2,imbalance_price,Short,2026-09-16T23:54:21Z
2026-09-16T23:50:49Z,2026-09-17T01:50:49+0200,1c76d05d-9f93-485e-80bc-75a38f7c715b,2026-09-13T21:00:00Z,2026-09-13T23:00:00+0200,220.55,EUR/MWh,DK2,DK_2,imbalance_price,Long,2026-09-16T23:54:21Z
2026-09-16T23:50:49Z,2026-09-17T01:50:49+0200,1c76d05d-9f93-485e-80bc-75a38f7c715b,2026-09-13T21:00:00Z,2026-09-13T23:00:00+0200,220.55,EUR/MWh,DK2,DK_2,imbalance_price,Short,2026-09-16T23:54:21Z
2026-09-16T23:50:49Z,2026-09-17T01:50:49+0200,1c76d05d-9f93-485e-80bc-75a38f7c715b,2026-09-13T21:15:00Z,2026-09-13T23:15:00+0200,208.6,EUR/MWh,DK2,DK_2,imbalance_price,Long,2026-09-16T23:54:21Z
2026-09-16T23:50:49Z,2026-09-17T01:50:49+0200,1c76d05d-9f93-485e-80bc-75a38f7c715b,2026-09-13T21:15:00Z,2026-09-13T23:15:00+0200,208.6,EUR/MWh,DK2,DK_2,imbalance_price,Short,2026-09-16T23:54:21Z
2026-09-16T23:50:49Z,2026-09-17T01:50:49+0200,1c76d05d-9f93-485e-80bc-75a38f7c715b,2026-09-13T21:30:00Z,2026-09-13T23:30:00+0200,207.26,EUR/MWh,DK2,DK_2,imbalance_price,Long,2026-09-16T23:54:21Z
2026-09-16T23:50:49Z,2026-09-17T01:50:49+0200,1c76d05d-9f93-485e-80bc-75a38f7c715b,2026-09-13T21:30:00Z,2026-09-13T23:30:00+0200,207.26,EUR/MWh,DK2,DK_2,imbalance_price,Short,2026-09-16T23:54:21Z
2026-09-16T23:50:49Z,2026-09-17T01:50:49+0200,1c76d05d-9f93-485e-80bc-75a38f7c715b,2026-09-13T21:45:00Z,2026-09-13T23:45:00+0200,206.02,EUR/MWh,DK2,DK_2,imbalance_price,Long,2026-09-16T23:54:21Z
2026-09-16T23:50:49Z,2026-09-17T01:50:49+0200,1c76d05d-9f93-485e-80bc-75a38f7c715b,2026-09-13T21:45:00Z,2026-09-13T23:45:00+0200,206.02,EUR/MWh,DK2,DK_2,imbalance_price,Short,2026-09-16T23:54:21Z
2026-09-16T23:50:49Z,2026-09-17T01:50:49+0200,1c76d05d-9f93-485e-80bc-75a38f7c715b,2026-09-13T22:00:00Z,2026-09-14T00:00:00+0200,135.65,EUR/MWh,DK2,DK_2,imbalance_price,Long,2026-09-16T23:54:21Z
2026-09-16T23:50:49Z,2026-09-17T01:50:49+0200,1c76d05d-9f93-485e-80bc-75a38f7c715b,2026-09-13T22:00:00Z,2026-09-14T00:00:00+0200,135.65,EUR/MWh,DK2,DK_2,imbalance_price,Short,2026-09-16T23:54:21Z
2026-09-16T23:50:49Z,2026-09-17T01:50:49+0200,1c76d05d-9f93-485e-80bc-75a38f7c715b,2026-09-13T22:15:00Z,2026-09-14T00:15:00+0200,133.27,EUR/MWh,DK2,DK_2,imbalance_price,Long,2026-09-16T23:54:21Z
2026-09-16T23:50:49Z,2026-09-17T01:50:49+0200,1c76d05d-9f93-485e-80bc-75a38f7c715b,2026-09-13T22:15:00Z,2026-09-14T00:15:00+0200,133.27,EUR/MWh,DK2,DK_2,imbalance_price,Short,2026-09-16T23:54:21Z
2026-09-16T23:50:49Z,2026-09-17T01:50:49+0200,1c76d05d-9f93-485e-80bc-75a38f7c715b,2026-09-13T22:30:00Z,2026-09-14T00:30:00+0200,134.54,EUR/MWh,DK2,DK_2,imbalance_price,Long,2026-09-16T23:54:21Z
2026-09-16T23:50:49Z,2026-09-17T01:50:49+0200,1c76d05d-9f93-485e-80bc-75a38f7c715b,2026-09-13T22:30:00Z,2026-09-14T00:30:00+0200,134.54,EUR/MWh,DK2,DK_2,imbalance_price,Short,2026-09-16T23:54:21Z
2026-09-16T23:50:49Z,2026-09-17T01:50:49+0200,1c76d05d-9f93-485e-80bc-75a38f7c715b,2026-09-13T22:45:00Z,2026-09-14T00:45:00+0200,186.87,EUR/MWh,DK2,DK_2,imbalance_price,Long,2026-09-16T23:54:21Z
2026-09-16T23:50:49Z,2026-09-17T01:50:49+0200,1c76d05d-9f93-485e-80bc-75a38f7c715b,2026-09-13T22:45:00Z,2026-09-14T00:45:00+0200,186.87,EUR/MWh,DK2,DK_2,imbalance_price,Short,2026-09-16T23:54:21Z
2026-09-16T23:50:49Z,2026-09-17T01:50:49+0200,1c76d05d-9f93-485e-80bc-75a38f7c715b,2026-09-13T23:00:00Z,2026-09-14T01:00:00+0200,133.16,EUR/MWh,DK2,DK_2,imbalance_price,Long,2026-09-16T23:54:21Z
2026-09-16T23:50:49Z,2026-09-17T01:50:49+0200,1c76d05d-9f93-485e-80bc-75a38f7c715b,2026-09-13T23:00:00Z,2026-09-14T01:00:00+0200,133.16,EUR/MWh,DK2,DK_2,imbalance_price,Short,2026-09-16T23:54:21Z
2026-09-16T23:50:49Z,2026-09-17T01:50:49+0200,1c76d05d-9f93-485e-80bc-75a38f7c715b,2026-09-13T23:15:00Z,2026-09-14T01:15:00+0200,163.4,EUR/MWh,DK2,DK_2,imbalance_price,Long,2026-09-16T23:54:21Z
2026-09-16T23:50:49Z,2026-09-17T01:50:49+0200,1c76d05d-9f93-485e-80bc-75a38f7c715b,2026-09-13T23:15:00Z,2026-09-14T01:15:00+0200,163.4,EUR/MWh,DK2,DK_2,imbalance_price,Short,2026-09-16T23:54:21Z
2026-09-16T23:50:49Z,2026-09-17T01:50:49+0200,1c76d05d-9f93-485e-80bc-75a38f7c715b,2026-09-13T23:30:00Z,2026-09-14T01:30:00+0200,189.4,EUR/MWh,DK2,DK_2,imbalance_price,Long,2026-09-16T23:54:21Z
2026-09-16T23:50:49Z,2026-09-17T01:50:49+0200,1c76d05d-9f93-485e-80bc-75a38f7c715b,2026-09-13T23:30:00Z,2026-09-14T01:30:00+0200,189.4,EUR/MWh,DK2,DK_2,imbalance_price,Short,2026-09-16T23:54:21Z
2026-09-16T23:50:49Z,2026-09-17T01:50:49+0200,1c76d05d-9f93-485e-80bc-75a38f7c715b,2026-09-13T23:45:00Z,2026-09-14T01:45:00+0200,182.61,EUR/MWh,DK2,DK_2,imbalance_price,Long,2026-09-16T23:54:21Z
2026-09-16T23:50:49Z,2026-09-17T01:50:49+0200,1c76d05d-9f93-485e-80bc-75a38f7c715b,2026-09-13T23:45:00Z,2026-09-14T01:45:00+0200,182.61,EUR/MWh,DK2,DK_2,imbalance_price,Short,2026-09-16T23:54:21Z
2026-09-16T23:50:49Z,2026-09-17T01:50:49+0200,1c76d05d-9f93-485e-80bc-75a38f7c715b,2026-09-14T00:00:00Z,2026-09-14T02:00:00+0200,185.44,EUR/MWh,DK2,DK_2,imbalance_price,Long,2026-09-16T23:54:21Z
2026-09-16T23:50:49Z,2026-09-17T01:50:49+0200,1c76d05d-9f93-485e-80bc-75a38f7c715b,2026-09-14T00:00:00Z,2026-09-14T02:00:00+0200,185.44,EUR/MWh,DK2,DK_2,imbalance_price,Short,2026-09-16T23:54:21Z
2026-09-16T23:50:49Z,2026-09-17T01:50:49+0200,1c76d05d-9f93-485e-80bc-75a38f7c715b,2026-09-14T00:15:00Z,2026-09-14T02:15:00+0200,185.06,EUR/MWh,DK2,DK_2,imbalance_price,Long,2026-09-16T23:54:21Z
2026-09-16T23:50:49Z,2026-09-17T01:50:49+0200,1c76d05d-9f93-485e-80bc-75a38f7c715b,2026-09-14T00:15:00Z,2026-09-14T02:15:00+0200,185.06,EUR/MWh,DK2,DK_2,imbalance_price,Short,2026-09-16T23:54:21Z
2026-09-16T23:50:49Z,2026-09-17T01:50:49+0200,1c76d05d-9f93-485e-80bc-75a38f7c715b,2026-09-14T00:30:00Z,2026-09-14T02:30:00+0200,183.98,EUR/MWh,DK2,DK_2,imbalance_price,Long,2026-09-16T23:54:21Z
2026-09-16T23:50:49Z,2026-09-17T01:50:49+0200,1c76d05d-9f93-485e-80bc-75a38f7c715b,2026-09-14T00:30:00Z,2026-09-14T02:30:00+0200,183.98,EUR/MWh,DK2,DK_2,imbalance_price,Short,2026-09-16T23:54:21Z
2026-09-16T23:50:49Z,2026-09-17T01:50:49+0200,1c76d05d-9f93-485e-80bc-75a38f7c715b,2026-09-14T00:45:00Z,2026-09-14T02:45:00+0200,182.76,EUR/MWh,DK2,DK_2,imbalance_price,Long,2026-09-16T23:54:21Z
2026-09-16T23:50:49Z,2026-09-17T01:50:49+0200,1c76d05d-9f93-485e-80bc-75a38f7c715b,2026-09-14T00:45:00Z,2026-09-14T02:45:00+0200,182.76,EUR/MWh,DK2,DK_2,imbalance_price,Short,2026-09-16T23:54:21Z
2026-09-16T23:50:49Z,2026-09-17T01:50:49+0200,1c76d05d-9f93-485e-80bc-75a38f7c715b,2026-09-14T01:00:00Z,2026-09-14T03:00:00+0200,183.47,EUR/MWh,DK2,DK_2,imbalance_price,Long,2026-09-16T23:54:21Z
2026-09-16T23:50:49Z,2026-09-17T01:50:49+0200,1c76d05d-9f93-485e-80bc-75a38f7c715b,2026-09-14T01:00:00Z,2026-09-14T03:00:00+0200,183.47,EUR/MWh,DK2,DK_2,imbalance_price,Short,2026-09-16T23:54:21Z
2026-09-16T23:50:49Z,2026-09-17T01:50:49+0200,1c76d05d-9f93-485e-80bc-75a38f7c715b,2026-09-14T01:15:00Z,2026-09-14T03:15:00+0200,184.17,EUR/MWh,DK2,DK_2,imbalance_price,Long,2026-09-16T23:54:21Z
2026-09-16T23:50:49Z,2026-09-17T01:50:49+0200,1c76d05d-9f93-485e-80bc-75a38f7c715b,2026-09-14T01:15:00Z,2026-09-14T03:15:00+0200,184.17,EUR/MWh,DK2,DK_2,imbalance_price,Short,2026-09-16T23:54:21Z
2026-09-16T23:50:49Z,2026-09-17T01:50:49+0200,1c76d05d-9f93-485e-80bc-75a38f7c715b,2026-09-14T01:30:00Z,2026-09-14T03:30:00+0200,209.61,EUR/MWh,DK2,DK_2,imbalance_price,Long,2026-09-16T23:54:21Z
2026-09-16T23:50:49Z,2026-09-17T01:50:49+0200,1c76d05d-9f93-485e-80bc-75a38f7c715b,2026-09-14T01:30:00Z,2026-09-14T03:30:00+0200,209.61,EUR/MWh,DK2,DK_2,imbalance_price,Short,2026-09-16T23:54:21Z
2026-09-16T23:50:49Z,2026-09-17T01:50:49+0200,1c76d05d-9f93-485e-80bc-75a38f7c715b,2026-09-14T01:45:00Z,2026-09-14T03:45:00+0200,184.05,EUR/MWh,DK2,DK_2,imbalance_price,Long,2026-09-16T23:54:21Z
2026-09-16T23:50:49Z,2026-09-17T01:50:49+0200,1c76d05d-9f93-485e-80bc-75a38f7c715b,2026-09-14T01:45:00Z,2026-09-14T03:45:00+0200,184.05,EUR/MWh,DK2,DK_2,imbalance_price,Short,2026-09-16T23:54:21Z
2026-09-16T23:50:49Z,2026-09-17T01:50:49+0200,1c76d05d-9f93-485e-80bc-75a38f7c715b,2026-09-14T02:00:00Z,2026-09-14T04:00:00+0200,171.91,EUR/MWh,DK2,DK_2,imbalance_price,Long,2026-09-16T23:54:21Z
2026-09-16T23:50:49Z,2026-09-17T01:50:49+0200,1c76d05d-9f93-485e-80bc-75a38f7c715b,2026-09-14T02:00:00Z,2026-09-14T04:00:00+0200,171.91,EUR/MWh,DK2,DK_2,imbalance_price,Short,2026-09-16T23:54:21Z
2026-09-16T23:50:49Z,2026-09-17T01:50:49+0200,1c76d05d-9f93-485e-80bc-75a38f7c715b,2026-09-14T02:15:00Z,2026-09-14T04:15:00+0200,181.22,EUR/MWh,DK2,DK_2,imbalance_price,Long,2026-09-16T23:54:21Z
2026-09-16T23:50:49Z,2026-09-17T01:50:49+0200,1c76d05d-9f93-485e-80bc-75a38f7c715b,2026-09-14T02:15:00Z,2026-09-14T04:15:00+0200,181.22,EUR/MWh,DK2,DK_2,imbalance_price,Short,2026-09-16T23:54:21Z
2026-09-16T23:50:49Z,2026-09-17T01:50:49+0200,1c76d05d-9f93-485e-80bc-75a38f7c715b,2026-09-14T02:30:00Z,2026-09-14T04:30:00+0200,183.48,EUR/MWh,DK2,DK_2,imbalance_price,Long,2026-09-16T23:54:21Z
2026-09-16T23:50:49Z,2026-09-17T01:50:49+0200,1c76d05d-9f93-485e-80bc-75a38f7c715b,2026-09-14T02:30:00Z,2026-09-14T04:30:00+0200,183.48,EUR/MWh,DK2,DK_2,imbalance_price,Short,2026-09-16T23:54:21Z
2026-09-16T23:50:49Z,2026-09-17T01:50:49+0200,1c76d05d-9f93-485e-80bc-75a38f7c715b,2026-09-14T02:45:00Z,2026-09-14T04:45:00+0200,150.48,EUR/MWh,DK2,DK_2,imbalance_price,Long,2026-09-16T23:54:21Z
2026-09-16T23:50:49Z,2026-09-17T01:50:49+0200,1c76d05d-9f93-485e-80bc-75a38f7c715b,2026-09-14T02:45:00Z,2026-09-14T04:45:00+0200,150.48,EUR/MWh,DK2,DK_2,imbalance_price,Short,2026-09-16T23:54:21Z
2026-09-16T23:50:49Z,2026-09-17T01:50:49+0200,1c76d05d-9f93-485e-80bc-75a38f7c715b,2026-09-14T03:00:00Z,2026-09-14T05:00:00+0200,112.48,EUR/MWh,DK2,DK_2,imbalance_price,Long,2026-09-16T23:54:21Z
2026-09-16T23:50:49Z,2026-09-17T01:50:49+0200,1c76d05d-9f93-485e-80bc-75a38f7c715b,2026-09-14T03:00:00Z,2026-09-14T05:00:00+0200,112.48,EUR/MWh,DK2,DK_2,imbalance_price,Short,2026-09-16T23:54:21Z
2026-09-16T23:50:49Z,2026-09-17T01:50:49+0200,1c76d05d-9f93-485e-80bc-75a38f7c715b,2026-09-14T03:15:00Z,2026-09-14T05:15:00+0200,96.56,EUR/MWh,DK2,DK_2,imbalance_price,Long,2026-09-16T23:54:21Z
2026-09-16T23:50:49Z,2026-09-17T01:50:49+0200,1c76d05d-9f93-485e-80bc-75a38f7c715b,2026-09-14T03:15:00Z,2026-09-14T05:15:00+0200,96.56,EUR/MWh,DK2,DK_2,imbalance_price,Short,2026-09-16T23:54:21Z
2026-09-16T23:50:49Z,2026-09-17T01:50:49+0200,1c76d05d-9f93-485e-80bc-75a38f7c715b,2026-09-14T03:30:00Z,2026-09-14T05:30:00+0200,180.0,EUR/MWh,DK2,DK_2,imbalance_price,Long,2026-09-16T23:54:21Z
2026-09-16T23:50:49Z,2026-09-17T01:50:49+0200,1c76d05d-9f93-485e-80bc-75a38f7c715b,2026-09-14T03:30:00Z,2026-09-14T05:30:00+0200,180.0,EUR/MWh,DK2,DK_2,imbalance_price,Short,2026-09-16T23:54:21Z
2026-09-16T23:50:49Z,2026-09-17T01:50:49+0200,1c76d05d-9f93-485e-80bc-75a38f7c715b,2026-09-14T03:45:00Z,2026-09-14T05:45:00+0200,221.01,EUR/MWh,DK2,DK_2,imbalance_price,Long,2026-09-16T23:54:21Z
2026-09-16T23:50:49Z,2026-09-17T01:50:49+0200,1c76d05d-9f93-485e-80bc-75a38f7c715b,2026-09-14T03:45:00Z,2026-09-14T05:45:00+0200,221.01,EUR/MWh,DK2,DK_2,imbalance_price,Short,2026-09-16T23:54:21Z
2026-09-16T23:50:49Z,2026-09-17T01:50:49+0200,1c76d05d-9f93-485e-80bc-75a38f7c715b,2026-09-14T04:00:00Z,2026-09-14T06:00:00+0200,217.56,EUR/MWh,DK2,DK_2,imbalance_price,Long,2026-09-16T23:54:21Z
2026-09-16T23:50:49Z,2026-09-17T01:50:49+0200,1c76d05d-9f93-485e-80bc-75a38f7c715b,2026-09-14T04:00:00Z,2026-09-14T06:00:00+0200,217.56,EUR/MWh,DK2,DK_2,imbalance_price,Short,2026-09-16T23:54:21Z
2026-09-16T23:50:49Z,2026-09-17T01:50:49+0200,1c76d05d-9f93-485e-80bc-75a38f7c715b,2026-09-14T04:15:00Z,2026-09-14T06:15:00+0200,86.45,EUR/MWh,DK2,DK_2,imbalance_price,Long,2026-09-16T23:54:21Z
2026-09-16T23:50:49Z,2026-09-17T01:50:49+0200,1c76d05d-9f93-485e-80bc-75a38f7c715b,2026-09-14T04:15:00Z,2026-09-14T06:15:00+0200,86.45,EUR/MWh,DK2,DK_2,imbalance_price,Short,2026-09-16T23:54:21Z
2026-09-16T23:50:49Z,2026-09-17T01:50:49+0200,1c76d05d-9f93-485e-80bc-75a38f7c715b,2026-09-14T04:30:00Z,2026-09-14T06:30:00+0200,276.02,EUR/MWh,DK2,DK_2,imbalance_price,Long,2026-09-16T23:54:21Z
2026-09-16T23:50:49Z,2026-09-17T01:50:49+0200,1c76d05d-9f93-485e-80bc-75a38f7c715b,2026-09-14T04:30:00Z,2026-09-14T06:30:00+0200,276.02,EUR/MWh,DK2,DK_2,imbalance_price,Short,2026-09-16T23:54:21Z
2026-09-16T23:50:49Z,2026-09-17T01:50:49+0200,1c76d05d-9f93-485e-80bc-75a38f7c715b,2026-09-14T04:45:00Z,2026-09-14T06:45:00+0200,291.35,EUR/MWh,DK2,DK_2,imbalance_price,Long,2026-09-16T23:54:21Z
2026-09-16T23:50:49Z,2026-09-17T01:50:49+0200,1c76d05d-9f93-485e-80bc-75a38f7c715b,2026-09-14T04:45:00Z,2026-09-14T06:45:00+0200,291.35,EUR/MWh,DK2,DK_2,imbalance_price,Short,2026-09-16T23:54:21Z
2026-09-16T23:50:49Z,2026-09-17T01:50:49+0200,1c76d05d-9f93-485e-80bc-75a38f7c715b,2026-09-14T05:00:00Z,2026-09-14T07:00:00+0200,348.28,EUR/MWh,DK2,DK_2,imbalance_price,Long,2026-09-16T23:54:21Z
2026-09-16T23:50:49Z,2026-09-17T01:50:49+0200,1c76d05d-9f93-485e-80bc-75a38f7c715b,2026-09-14T05:00:00Z,2026-09-14T07:00:00+0200,348.28,EUR/MWh,DK2,DK_2,imbalance_price,Short,2026-09-16T23:54:21Z
2026-09-16T23:50:49Z,2026-09-17T01:50:49+0200,1c76d05d-9f93-485e-80bc-75a38f7c715b,2026-09-14T05:15:00Z,2026-09-14T07:15:00+0200,320.53,EUR/MWh,DK2,DK_2,imbalance_price,Long,2026-09-16T23:54:21Z
2026-09-16T23:50:49Z,2026-09-17T01:50:49+0200,1c76d05d-9f93-485e-80bc-75a38f7c715b,2026-09-14T05:15:00Z,2026-09-14T07:15:00+0200,320.53,EUR/MWh,DK2,DK_2,imbalance_price,Short,2026-09-16T23:54:21Z
2026-09-16T23:50:49Z,2026-09-17T01:50:49+0200,1c76d05d-9f93-485e-80bc-75a38f7c715b,2026-09-14T05:30:00Z,2026-09-14T07:30:00+0200,322.38,EUR/MWh,DK2,DK_2,imbalance_price,Long,2026-09-16T23:54:21Z
2026-09-16T23:50:49Z,2026-09-17T01:50:49+0200,1c76d05d-9f93-485e-80bc-75a38f7c715b,2026-09-14T05:30:00Z,2026-09-14T07:30:00+0200,322.38,EUR/MWh,DK2,DK_2,imbalance_price,Short,2026-09-16T23:54:21Z
2026-09-16T23:50:49Z,2026-09-17T01:50:49+0200,1c76d05d-9f93-485e-80bc-75a38f7c715b,2026-09-14T05:45:00Z,2026-09-14T07:45:00+0200,320.32,EUR/MWh,DK2,DK_2,imbalance_price,Long,2026-09-16T23:54:21Z
2026-09-16T23:50:49Z,2026-09-17T01:50:49+0200,1c76d05d-9f93-485e-80bc-75a38f7c715b,2026-09-14T05:45:00Z,2026-09-14T07:45:00+0200,320.32,EUR/MWh,DK2,DK_2,imbalance_price,Short,2026-09-16T23:54:21Z
2026-09-16T23:50:49Z,2026-09-17T01:50:49+0200,1c76d05d-9f93-485e-80bc-75a38f7c715b,2026-09-14T06:00:00Z,2026-09-14T08:00:00+0200,118.94,EUR/MWh,DK2,DK_2,imbalance_price,Long,2026-09-16T23:54:21Z
2026-09-16T23:50:49Z,2026-09-17T01:50:49+0200,1c76d05d-9f93-485e-80bc-75a38f7c715b,2026-09-14T06:00:00Z,2026-09-14T08:00:00+0200,118.94,EUR/MWh,DK2,DK_2,imbalance_price,Short,2026-09-16T23:54:21Z
2026-09-16T23:50:49Z,2026-09-17T01:50:49+0200,1c76d05d-9f93-485e-80bc-75a38f7c715b,2026-09-14T06:15:00Z,2026-09-14T08:15:00+0200,305.97,EUR/MWh,DK2,DK_2,imbalance_price,Long,2026-09-16T23:54:21Z
2026-09-16T23:50:49Z,2026-09-17T01:50:49+0200,1c76d05d-9f93-485e-80bc-75a38f7c715b,2026-09-14T06:15:00Z,2026-09-14T08:15:00+0200,305.97,EUR/MWh,DK2,DK_2,imbalance_price,Short,2026-09-16T23:54:21Z
2026-09-16T23:50:49Z,2026-09-17T01:50:49+0200,1c76d05d-9f93-485e-80bc-75a38f7c715b,2026-09-14T06:30:00Z,2026-09-14T08:30:00+0200,185.16,EUR/MWh,DK2,DK_2,imbalance_price,Long,2026-09-16T23:54:21Z
2026-09-16T23:50:49Z,2026-09-17T01:50:49+0200,1c76d05d-9f93-485e-80bc-75a38f7c715b,2026-09-14T06:30:00Z,2026-09-14T08:30:00+0200,185.16,EUR/MWh,DK2,DK_2,imbalance_price,Short,2026-09-16T23:54:21Z
2026-09-16T23:50:49Z,2026-09-17T01:50:49+0200,1c76d05d-9f93-485e-80bc-75a38f7c715b,2026-09-14T06:45:00Z,2026-09-14T08:45:00+0200,120.0,EUR/MWh,DK2,DK_2,imbalance_price,Long,2026-09-16T23:54:21Z
2026-09-16T23:50:49Z,2026-09-17T01:50:49+0200,1c76d05d-9f93-485e-80bc-75a38f7c715b,2026-09-14T06:45:00Z,2026-09-14T08:45:00+0200,120.0,EUR/MWh,DK2,DK_2,imbalance_price,Short,2026-09-16T23:54:21Z
2026-09-16T23:50:49Z,2026-09-17T01:50:49+0200,1c76d05d-9f93-485e-80bc-75a38f7c715b,2026-09-14T07:00:00Z,2026-09-14T09:00:00+0200,285.81,EUR/MWh,DK2,DK_2,imbalance_price,Long,2026-09-16T23:54:21Z
2026-09-16T23:50:49Z,2026-09-17T01:50:49+0200,1c76d05d-9f93-485e-80bc-75a38f7c715b,2026-09-14T07:00:00Z,2026-09-14T09:00:00+0200,285.81,EUR/MWh,DK2,DK_2,imbalance_price,Short,2026-09-16T23:54:21Z
2026-09-16T23:50:49Z,2026-09-17T01:50:49+0200,1c76d05d-9f93-485e-80bc-75a38f7c715b,2026-09-14T07:15:00Z,2026-09-14T09:15:00+0200,267.56,EUR/MWh,DK2,DK_2,imbalance_price,Long,2026-09-16T23:54:21Z
2026-09-16T23:50:49Z,2026-09-17T01:50:49+0200,1c76d05d-9f93-485e-80bc-75a38f7c715b,2026-09-14T07:15:00Z,2026-09-14T09:15:00+0200,267.56,EUR/MWh,DK2,DK_2,imbalance_price,Short,2026-09-16T23:54:21Z
2026-09-16T23:50:49Z,2026-09-17T01:50:49+0200,1c76d05d-9f93-485e-80bc-75a38f7c715b,2026-09-14T07:30:00Z,2026-09-14T09:30:00+0200,240.66,EUR/MWh,DK2,DK_2,imbalance_price,Long,2026-09-16T23:54:21Z
2026-09-16T23:50:49Z,2026-09-17T01:50:49+0200,1c76d05d-9f93-485e-80bc-75a38f7c715b,2026-09-14T07:30:00Z,2026-09-14T09:30:00+0200,240.66,EUR/MWh,DK2,DK_2,imbalance_price,Short,2026-09-16T23:54:21Z
2026-09-16T23:50:49Z,2026-09-17T01:50:49+0200,1c76d05d-9f93-485e-80bc-75a38f7c715b,2026-09-14T07:45:00Z,2026-09-14T09:45:00+0200,190.38,EUR/MWh,DK2,DK_2,imbalance_price,Long,2026-09-16T23:54:21Z
2026-09-16T23:50:49Z,2026-09-17T01:50:49+0200,1c76d05d-9f93-485e-80bc-75a38f7c715b,2026-09-14T07:45:00Z,2026-09-14T09:45:00+0200,190.38,EUR/MWh,DK2,DK_2,imbalance_price,Short,2026-09-16T23:54:21Z
2026-09-16T23:50:49Z,2026-09-17T01:50:49+0200,1c76d05d-9f93-485e-80bc-75a38f7c715b,2026-09-14T08:00:00Z,2026-09-14T10:00:00+0200,159.0,EUR/MWh,DK2,DK_2,imbalance_price,Long,2026-09-16T23:54:21Z
2026-09-16T23:50:49Z,2026-09-17T01:50:49+0200,1c76d05d-9f93-485e-80bc-75a38f7c715b,2026-09-14T08:00:00Z,2026-09-14T10:00:00+0200,159.0,EUR/MWh,DK2,DK_2,imbalance_price,Short,2026-09-16T23:54:21Z
2026-09-16T23:50:49Z,2026-09-17T01:50:49+0200,1c76d05d-9f93-485e-80bc-75a38f7c715b,2026-09-14T08:15:00Z,2026-09-14T10:15:00+0200,150.39,EUR/MWh,DK2,DK_2,imbalance_price,Long,2026-09-16T23:54:21Z
2026-09-16T23:50:49Z,2026-09-17T01:50:49+0200,1c76d05d-9f93-485e-80bc-75a38f7c715b,2026-09-14T08:15:00Z,2026-09-14T10:15:00+0200,150.39,EUR/MWh,DK2,DK_2,imbalance_price,Short,2026-09-16T23:54:21Z
2026-09-16T23:50:49Z,2026-09-17T01:50:49+0200,1c76d05d-9f93-485e-80bc-75a38f7c715b,2026-09-14T08:30:00Z,2026-09-14T10:30:00+0200,137.31,EUR/MWh,DK2,DK_2,imbalance_price,Long,2026-09-16T23:54:21Z
2026-09-16T23:50:49Z,2026-09-17T01:50:49+0200,1c76d05d-9f93-485e-80bc-75a38f7c715b,2026-09-14T08:30:00Z,2026-09-14T10:30:00+0200,137.31,EUR/MWh,DK2,DK_2,imbalance_price,Short,2026-09-16T23:54:21Z
2026-09-16T23:50:49Z,2026-09-17T01:50:49+0200,1c76d05d-9f93-485e-80bc-75a38f7c715b,2026-09-14T08:45:00Z,2026-09-14T10:45:00+0200,80.86,EUR/MWh,DK2,DK_2,imbalance_price,Long,2026-09-16T23:54:21Z
2026-09-16T23:50:49Z,2026-09-17T01:50:49+0200,1c76d05d-9f93-485e-80bc-75a38f7c715b,2026-09-14T08:45:00Z,2026-09-14T10:45:00+0200,80.86,EUR/MWh,DK2,DK_2,imbalance_price,Short,2026-09-16T23:54:21Z
2026-09-16T23:50:49Z,2026-09-17T01:50:49+0200,1c76d05d-9f93-485e-80bc-75a38f7c715b,2026-09-14T09:00:00Z,2026-09-14T11:00:00+0200,187.97,EUR/MWh,DK2,DK_2,imbalance_price,Long,2026-09-16T23:54:21Z
2026-09-16T23:50:49Z,2026-09-17T01:50:49+0200,1c76d05d-9f93-485e-80bc-75a38f7c715b,2026-09-14T09:00:00Z,2026-09-14T11:00:00+0200,187.97,EUR/MWh,DK2,DK_2,imbalance_price,Short,2026-09-16T23:54:21Z
2026-09-16T23:50:49Z,2026-09-17T01:50:49+0200,1c76d05d-9f93-485e-80bc-75a38f7c715b,2026-09-14T09:15:00Z,2026-09-14T11:15:00+0200,130.24,EUR/MWh,DK2,DK_2,imbalance_price,Long,2026-09-16T23:54:21Z
2026-09-16T23:50:49Z,2026-09-17T01:50:49+0200,1c76d05d-9f93-485e-80bc-75a38f7c715b,2026-09-14T09:15:00Z,2026-09-14T11:15:00+0200,130.24,EUR/MWh,DK2,DK_2,imbalance_price,Short,2026-09-16T23:54:21Z
2026-09-16T23:50:49Z,2026-09-17T01:50:49+0200,1c76d05d-9f93-485e-80bc-75a38f7c715b,2026-09-14T09:30:00Z,2026-09-14T11:30:00+0200,197.25,EUR/MWh,DK2,DK_2,imbalance_price,Long,2026-09-16T23:54:21Z
2026-09-16T23:50:49Z,2026-09-17T01:50:49+0200,1c76d05d-9f93-485e-80bc-75a38f7c715b,2026-09-14T09:30:00Z,2026-09-14T11:30:00+0200,197.25,EUR/MWh,DK2,DK_2,imbalance_price,Short,2026-09-16T23:54:21Z
2026-09-16T23:50:49Z,2026-09-17T01:50:49+0200,1c76d05d-9f93-485e-80bc-75a38f7c715b,2026-09-14T09:45:00Z,2026-09-14T11:45:00+0200,144.38,EUR/MWh,DK2,DK_2,imbalance_price,Long,2026-09-16T23:54:21Z
2026-09-16T23:50:49Z,2026-09-17T01:50:49+0200,1c76d05d-9f93-485e-80bc-75a38f7c715b,2026-09-14T09:45:00Z,2026-09-14T11:45:00+0200,144.38,EUR/MWh,DK2,DK_2,imbalance_price,Short,2026-09-16T23:54:21Z
2026-09-16T23:50:49Z,2026-09-17T01:50:49+0200,1c76d05d-9f93-485e-80bc-75a38f7c715b,2026-09-14T10:00:00Z,2026-09-14T12:00:00+0200,130.0,EUR/MWh,DK2,DK_2,imbalance_price,Long,2026-09-16T23:54:21Z
2026-09-16T23:50:49Z,2026-09-17T01:50:49+0200,1c76d05d-9f93-485e-80bc-75a38f7c715b,2026-09-14T10:00:00Z,2026-09-14T12:00:00+0200,130.0,EUR/MWh,DK2,DK_2,imbalance_price,Short,2026-09-16T23:54:21Z
2026-09-16T23:50:49Z,2026-09-17T01:50:49+0200,1c76d05d-9f93-485e-80bc-75a38f7c715b,2026-09-14T10:15:00Z,2026-09-14T12:15:00+0200,127.49,EUR/MWh,DK2,DK_2,imbalance_price,Long,2026-09-16T23:54:21Z
2026-09-16T23:50:49Z,2026-09-17T01:50:49+0200,1c76d05d-9f93-485e-80bc-75a38f7c715b,2026-09-14T10:15:00Z,2026-09-14T12:15:00+0200,127.49,EUR/MWh,DK2,DK_2,imbalance_price,Short,2026-09-16T23:54:21Z
2026-09-16T23:50:49Z,2026-09-17T01:50:49+0200,1c76d05d-9f93-485e-80bc-75a38f7c715b,2026-09-14T10:30:00Z,2026-09-14T12:30:00+0200,139.55,EUR/MWh,DK2,DK_2,imbalance_price,Long,2026-09-16T23:54:21Z
2026-09-16T23:50:49Z,2026-09-17T01:50:49+0200,1c76d05d-9f93-485e-80bc-75a38f7c715b,2026-09-14T10:30:00Z,2026-09-14T12:30:00+0200,139.55,EUR/MWh,DK2,DK_2,imbalance_price,Short,2026-09-16T23:54:21Z
2026-09-16T23:50:49Z,2026-09-17T01:50:49+0200,1c76d05d-9f93-485e-80bc-75a38f7c715b,2026-09-14T10:45:00Z,2026-09-14T12:45:00+0200,85.67,EUR/MWh,DK2,DK_2,imbalance_price,Long,2026-09-16T23:54:21Z
2026-09-16T23:50:49Z,2026-09-17T01:50:49+0200,1c76d05d-9f93-485e-80bc-75a38f7c715b,2026-09-14T10:45:00Z,2026-09-14T12:45:00+0200,85.67,EUR/MWh,DK2,DK_2,imbalance_price,Short,2026-09-16T23:54:21Z
2026-09-16T23:50:49Z,2026-09-17T01:50:49+0200,1c76d05d-9f93-485e-80bc-75a38f7c715b,2026-09-14T11:00:00Z,2026-09-14T13:00:00+0200,115.0,EUR/MWh,DK2,DK_2,imbalance_price,Long,2026-09-16T23:54:21Z
2026-09-16T23:50:49Z,2026-09-17T01:50:49+0200,1c76d05d-9f93-485e-80bc-75a38f7c715b,2026-09-14T11:00:00Z,2026-09-14T13:00:00+0200,115.0,EUR/MWh,DK2,DK_2,imbalance_price,Short,2026-09-16T23:54:21Z
2026-09-16T23:50:49Z,2026-09-17T01:50:49+0200,1c76d05d-9f93-485e-80bc-75a38f7c715b,2026-09-14T11:15:00Z,2026-09-14T13:15:00+0200,104.34,EUR/MWh,DK2,DK_2,imbalance_price,Long,2026-09-16T23:54:21Z
2026-09-16T23:50:49Z,2026-09-17T01:50:49+0200,1c76d05d-9f93-485e-80bc-75a38f7c715b,2026-09-14T11:15:00Z,2026-09-14T13:15:00+0200,104.34,EUR/MWh,DK2,DK_2,imbalance_price,Short,2026-09-16T23:54:21Z
2026-09-16T23:50:49Z,2026-09-17T01:50:49+0200,1c76d05d-9f93-485e-80bc-75a38f7c715b,2026-09-14T11:30:00Z,2026-09-14T13:30:00+0200,115.0,EUR/MWh,DK2,DK_2,imbalance_price,Long,2026-09-16T23:54:21Z
2026-09-16T23:50:49Z,2026-09-17T01:50:49+0200,1c76d05d-9f93-485e-80bc-75a38f7c715b,2026-09-14T11:30:00Z,2026-09-14T13:30:00+0200,115.0,EUR/MWh,DK2,DK_2,imbalance_price,Short,2026-09-16T23:54:21Z
2026-09-16T23:50:49Z,2026-09-17T01:50:49+0200,1c76d05d-9f93-485e-80bc-75a38f7c715b,2026-09-14T11:45:00Z,2026-09-14T13:45:00+0200,163.5,EUR/MWh,DK2,DK_2,imbalance_price,Long,2026-09-16T23:54:21Z
2026-09-16T23:50:49Z,2026-09-17T01:50:49+0200,1c76d05d-9f93-485e-80bc-75a38f7c715b,2026-09-14T11:45:00Z,2026-09-14T13:45:00+0200,163.5,EUR/MWh,DK2,DK_2,imbalance_price,Short,2026-09-16T23:54:21Z
2026-09-16T23:50:49Z,2026-09-17T01:50:49+0200,1c76d05d-9f93-485e-80bc-75a38f7c715b,2026-09-14T12:00:00Z,2026-09-14T14:00:00+0200,176.0,EUR/MWh,DK2,DK_2,imbalance_price,Long,2026-09-16T23:54:21Z
2026-09-16T23:50:49Z,2026-09-17T01:50:49+0200,1c76d05d-9f93-485e-80bc-75a38f7c715b,2026-09-14T12:00:00Z,2026-09-14T14:00:00+0200,176.0,EUR/MWh,DK2,DK_2,imbalance_price,Short,2026-09-16T23:54:21Z
2026-09-16T23:50:49Z,2026-09-17T01:50:49+0200,1c76d05d-9f93-485e-80bc-75a38f7c715b,2026-09-14T12:15:00Z,2026-09-14T14:15:00+0200,96.56,EUR/MWh,DK2,DK_2,imbalance_price,Long,2026-09-16T23:54:21Z
2026-09-16T23:50:49Z,2026-09-17T01:50:49+0200,1c76d05d-9f93-485e-80bc-75a38f7c715b,2026-09-14T12:15:00Z,2026-09-14T14:15:00+0200,96.56,EUR/MWh,DK2,DK_2,imbalance_price,Short,2026-09-16T23:54:21Z
2026-09-16T23:50:49Z,2026-09-17T01:50:49+0200,1c76d05d-9f93-485e-80bc-75a38f7c715b,2026-09-14T12:30:00Z,2026-09-14T14:30:00+0200,158.36,EUR/MWh,DK2,DK_2,imbalance_price,Long,2026-09-16T23:54:21Z
2026-09-16T23:50:49Z,2026-09-17T01:50:49+0200,1c76d05d-9f93-485e-80bc-75a38f7c715b,2026-09-14T12:30:00Z,2026-09-14T14:30:00+0200,158.36,EUR/MWh,DK2,DK_2,imbalance_price,Short,2026-09-16T23:54:21Z
2026-09-16T23:50:49Z,2026-09-17T01:50:49+0200,1c76d05d-9f93-485e-80bc-75a38f7c715b,2026-09-14T12:45:00Z,2026-09-14T14:45:00+0200,92.58,EUR/MWh,DK2,DK_2,imbalance_price,Long,2026-09-16T23:54:21Z
2026-09-16T23:50:49Z,2026-09-17T01:50:49+0200,1c76d05d-9f93-485e-80bc-75a38f7c715b,2026-09-14T12:45:00Z,2026-09-14T14:45:00+0200,92.58,EUR/MWh,DK2,DK_2,imbalance_price,Short,2026-09-16T23:54:21Z
2026-09-16T23:50:49Z,2026-09-17T01:50:49+0200,1c76d05d-9f93-485e-80bc-75a38f7c715b,2026-09-14T13:00:00Z,2026-09-14T15:00:00+0200,120.37,EUR/MWh,DK2,DK_2,imbalance_price,Long,2026-09-16T23:54:21Z
2026-09-16T23:50:49Z,2026-09-17T01:50:49+0200,1c76d05d-9f93-485e-80bc-75a38f7c715b,2026-09-14T13:00:00Z,2026-09-14T15:00:00+0200,120.37,EUR/MWh,DK2,DK_2,imbalance_price,Short,2026-09-16T23:54:21Z
2026-09-16T23:50:49Z,2026-09-17T01:50:49+0200,1c76d05d-9f93-485e-80bc-75a38f7c715b,2026-09-14T13:15:00Z,2026-09-14T15:15:00+0200,117.87,EUR/MWh,DK2,DK_2,imbalance_price,Long,2026-09-16T23:54:21Z
2026-09-16T23:50:49Z,2026-09-17T01:50:49+0200,1c76d05d-9f93-485e-80bc-75a38f7c715b,2026-09-14T13:15:00Z,2026-09-14T15:15:00+0200,117.87,EUR/MWh,DK2,DK_2,imbalance_price,Short,2026-09-16T23:54:21Z
2026-09-16T23:50:49Z,2026-09-17T01:50:49+0200,1c76d05d-9f93-485e-80bc-75a38f7c715b,2026-09-14T13:30:00Z,2026-09-14T15:30:00+0200,169.16,EUR/MWh,DK2,DK_2,imbalance_price,Long,2026-09-16T23:54:21Z
2026-09-16T23:50:49Z,2026-09-17T01:50:49+0200,1c76d05d-9f93-485e-80bc-75a38f7c715b,2026-09-14T13:30:00Z,2026-09-14T15:30:00+0200,169.16,EUR/MWh,DK2,DK_2,imbalance_price,Short,2026-09-16T23:54:21Z
2026-09-16T23:50:49Z,2026-09-17T01:50:49+0200,1c76d05d-9f93-485e-80bc-75a38f7c715b,2026-09-14T13:45:00Z,2026-09-14T15:45:00+0200,35.46,EUR/MWh,DK2,DK_2,imbalance_price,Long,2026-09-16T23:54:21Z
2026-09-16T23:50:49Z,2026-09-17T01:50:49+0200,1c76d05d-9f93-485e-80bc-75a38f7c715b,2026-09-14T13:45:00Z,2026-09-14T15:45:00+0200,35.46,EUR/MWh,DK2,DK_2,imbalance_price,Short,2026-09-16T23:54:21Z
2026-09-16T23:50:49Z,2026-09-17T01:50:49+0200,1c76d05d-9f93-485e-80bc-75a38f7c715b,2026-09-14T14:00:00Z,2026-09-14T16:00:00+0200,104.26,EUR/MWh,DK2,DK_2,imbalance_price,Long,2026-09-16T23:54:21Z
2026-09-16T23:50:49Z,2026-09-17T01:50:49+0200,1c76d05d-9f93-485e-80bc-75a38f7c715b,2026-09-14T14:00:00Z,2026-09-14T16:00:00+0200,104.26,EUR/MWh,DK2,DK_2,imbalance_price,Short,2026-09-16T23:54:21Z
2026-09-16T23:50:49Z,2026-09-17T01:50:49+0200,1c76d05d-9f93-485e-80bc-75a38f7c715b,2026-09-14T14:15:00Z,2026-09-14T16:15:00+0200,116.95,EUR/MWh,DK2,DK_2,imbalance_price,Long,2026-09-16T23:54:21Z
2026-09-16T23:50:49Z,2026-09-17T01:50:49+0200,1c76d05d-9f93-485e-80bc-75a38f7c715b,2026-09-14T14:15:00Z,2026-09-14T16:15:00+0200,116.95,EUR/MWh,DK2,DK_2,imbalance_price,Short,2026-09-16T23:54:21Z
2026-09-16T23:50:49Z,2026-09-17T01:50:49+0200,1c76d05d-9f93-485e-80bc-75a38f7c715b,2026-09-14T14:30:00Z,2026-09-14T16:30:00+0200,111.18,EUR/MWh,DK2,DK_2,imbalance_price,Long,2026-09-16T23:54:21Z
2026-09-16T23:50:49Z,2026-09-17T01:50:49+0200,1c76d05d-9f93-485e-80bc-75a38f7c715b,2026-09-14T14:30:00Z,2026-09-14T16:30:00+0200,111.18,EUR/MWh,DK2,DK_2,imbalance_price,Short,2026-09-16T23:54:21Z
2026-09-16T23:50:49Z,2026-09-17T01:50:49+0200,1c76d05d-9f93-485e-80bc-75a38f7c715b,2026-09-14T14:45:00Z,2026-09-14T16:45:00+0200,122.98,EUR/MWh,DK2,DK_2,imbalance_price,Long,2026-09-16T23:54:21Z
2026-09-16T23:50:49Z,2026-09-17T01:50:49+0200,1c76d05d-9f93-485e-80bc-75a38f7c715b,2026-09-14T14:45:00Z,2026-09-14T16:45:00+0200,122.98,EUR/MWh,DK2,DK_2,imbalance_price,Short,2026-09-16T23:54:21Z
2026-09-16T23:50:49Z,2026-09-17T01:50:49+0200,1c76d05d-9f93-485e-80bc-75a38f7c715b,2026-09-14T15:00:00Z,2026-09-14T17:00:00+0200,76.74,EUR/MWh,DK2,DK_2,imbalance_price,Long,2026-09-16T23:54:21Z
2026-09-16T23:50:49Z,2026-09-17T01:50:49+0200,1c76d05d-9f93-485e-80bc-75a38f7c715b,2026-09-14T15:00:00Z,2026-09-14T17:00:00+0200,76.74,EUR/MWh,DK2,DK_2,imbalance_price,Short,2026-09-16T23:54:21Z
2026-09-16T23:50:49Z,2026-09-17T01:50:49+0200,1c76d05d-9f93-485e-80bc-75a38f7c715b,2026-09-14T15:15:00Z,2026-09-14T17:15:00+0200,118.58,EUR/MWh,DK2,DK_2,imbalance_price,Long,2026-09-16T23:54:21Z
2026-09-16T23:50:49Z,2026-09-17T01:50:49+0200,1c76d05d-9f93-485e-80bc-75a38f7c715b,2026-09-14T15:15:00Z,2026-09-14T17:15:00+0200,118.58,EUR/MWh,DK2,DK_2,imbalance_price,Short,2026-09-16T23:54:21Z
2026-09-16T23:50:49Z,2026-09-17T01:50:49+0200,1c76d05d-9f93-485e-80bc-75a38f7c715b,2026-09-14T15:30:00Z,2026-09-14T17:30:00+0200,253.74,EUR/MWh,DK2,DK_2,imbalance_price,Long,2026-09-16T23:54:21Z
2026-09-16T23:50:49Z,2026-09-17T01:50:49+0200,1c76d05d-9f93-485e-80bc-75a38f7c715b,2026-09-14T15:30:00Z,2026-09-14T17:30:00+0200,253.74,EUR/MWh,DK2,DK_2,imbalance_price,Short,2026-09-16T23:54:21Z
2026-09-16T23:50:49Z,2026-09-17T01:50:49+0200,1c76d05d-9f93-485e-80bc-75a38f7c715b,2026-09-14T15:45:00Z,2026-09-14T17:45:00+0200,139.75,EUR/MWh,DK2,DK_2,imbalance_price,Long,2026-09-16T23:54:21Z
2026-09-16T23:50:49Z,2026-09-17T01:50:49+0200,1c76d05d-9f93-485e-80bc-75a38f7c715b,2026-09-14T15:45:00Z,2026-09-14T17:45:00+0200,139.75,EUR/MWh,DK2,DK_2,imbalance_price,Short,2026-09-16T23:54:21Z
2026-09-16T23:50:49Z,2026-09-17T01:50:49+0200,1c76d05d-9f93-485e-80bc-75a38f7c715b,2026-09-14T16:00:00Z,2026-09-14T18:00:00+0200,92.93,EUR/MWh,DK2,DK_2,imbalance_price,Long,2026-09-16T23:54:21Z
2026-09-16T23:50:49Z,2026-09-17T01:50:49+0200,1c76d05d-9f93-485e-80bc-75a38f7c715b,2026-09-14T16:00:00Z,2026-09-14T18:00:00+0200,92.93,EUR/MWh,DK2,DK_2,imbalance_price,Short,2026-09-16T23:54:21Z
2026-09-16T23:50:49Z,2026-09-17T01:50:49+0200,1c76d05d-9f93-485e-80bc-75a38f7c715b,2026-09-14T16:15:00Z,2026-09-14T18:15:00+0200,307.84,EUR/MWh,DK2,DK_2,imbalance_price,Long,2026-09-16T23:54:21Z
2026-09-16T23:50:49Z,2026-09-17T01:50:49+0200,1c76d05d-9f93-485e-80bc-75a38f7c715b,2026-09-14T16:15:00Z,2026-09-14T18:15:00+0200,307.84,EUR/MWh,DK2,DK_2,imbalance_price,Short,2026-09-16T23:54:21Z
2026-09-16T23:50:49Z,2026-09-17T01:50:49+0200,1c76d05d-9f93-485e-80bc-75a38f7c715b,2026-09-14T16:30:00Z,2026-09-14T18:30:00+0200,456.42,EUR/MWh,DK2,DK_2,imbalance_price,Long,2026-09-16T23:54:21Z
2026-09-16T23:50:49Z,2026-09-17T01:50:49+0200,1c76d05d-9f93-485e-80bc-75a38f7c715b,2026-09-14T16:30:00Z,2026-09-14T18:30:00+0200,456.42,EUR/MWh,DK2,DK_2,imbalance_price,Short,2026-09-16T23:54:21Z
2026-09-16T23:50:49Z,2026-09-17T01:50:49+0200,1c76d05d-9f93-485e-80bc-75a38f7c715b,2026-09-14T16:45:00Z,2026-09-14T18:45:00+0200,595.53,EUR/MWh,DK2,DK_2,imbalance_price,Long,2026-09-16T23:54:21Z
2026-09-16T23:50:49Z,2026-09-17T01:50:49+0200,1c76d05d-9f93-485e-80bc-75a38f7c715b,2026-09-14T16:45:00Z,2026-09-14T18:45:00+0200,595.53,EUR/MWh,DK2,DK_2,imbalance_price,Short,2026-09-16T23:54:21Z
2026-09-16T23:50:49Z,2026-09-17T01:50:49+0200,1c76d05d-9f93-485e-80bc-75a38f7c715b,2026-09-14T17:00:00Z,2026-09-14T19:00:00+0200,666.26,EUR/MWh,DK2,DK_2,imbalance_price,Long,2026-09-16T23:54:21Z
2026-09-16T23:50:49Z,2026-09-17T01:50:49+0200,1c76d05d-9f93-485e-80bc-75a38f7c715b,2026-09-14T17:00:00Z,2026-09-14T19:00:00+0200,666.26,EUR/MWh,DK2,DK_2,imbalance_price,Short,2026-09-16T23:54:21Z
2026-09-16T23:50:49Z,2026-09-17T01:50:49+0200,1c76d05d-9f93-485e-80bc-75a38f7c715b,2026-09-14T17:15:00Z,2026-09-14T19:15:00+0200,194.3,EUR/MWh,DK2,DK_2,imbalance_price,Long,2026-09-16T23:54:21Z
2026-09-16T23:50:49Z,2026-09-17T01:50:49+0200,1c76d05d-9f93-485e-80bc-75a38f7c715b,2026-09-14T17:15:00Z,2026-09-14T19:15:00+0200,194.3,EUR/MWh,DK2,DK_2,imbalance_price,Short,2026-09-16T23:54:21Z
2026-09-16T23:50:49Z,2026-09-17T01:50:49+0200,1c76d05d-9f93-485e-80bc-75a38f7c715b,2026-09-14T17:30:00Z,2026-09-14T19:30:00+0200,194.0,EUR/MWh,DK2,DK_2,imbalance_price,Long,2026-09-16T23:54:21Z
2026-09-16T23:50:49Z,2026-09-17T01:50:49+0200,1c76d05d-9f93-485e-80bc-75a38f7c715b,2026-09-14T17:30:00Z,2026-09-14T19:30:00+0200,194.0,EUR/MWh,DK2,DK_2,imbalance_price,Short,2026-09-16T23:54:21Z
2026-09-16T23:50:49Z,2026-09-17T01:50:49+0200,1c76d05d-9f93-485e-80bc-75a38f7c715b,2026-09-14T17:45:00Z,2026-09-14T19:45:00+0200,192.0,EUR/MWh,DK2,DK_2,imbalance_price,Long,2026-09-16T23:54:21Z
2026-09-16T23:50:49Z,2026-09-17T01:50:49+0200,1c76d05d-9f93-485e-80bc-75a38f7c715b,2026-09-14T17:45:00Z,2026-09-14T19:45:00+0200,192.0,EUR/MWh,DK2,DK_2,imbalance_price,Short,2026-09-16T23:54:21Z
2026-09-16T23:50:49Z,2026-09-17T01:50:49+0200,1c76d05d-9f93-485e-80bc-75a38f7c715b,2026-09-14T18:00:00Z,2026-09-14T20:00:00+0200,721.1,EUR/MWh,DK2,DK_2,imbalance_price,Long,2026-09-16T23:54:21Z
2026-09-16T23:50:49Z,2026-09-17T01:50:49+0200,1c76d05d-9f93-485e-80bc-75a38f7c715b,2026-09-14T18:00:00Z,2026-09-14T20:00:00+0200,721.1,EUR/MWh,DK2,DK_2,imbalance_price,Short,2026-09-16T23:54:21Z
2026-09-16T23:50:49Z,2026-09-17T01:50:49+0200,1c76d05d-9f93-485e-80bc-75a38f7c715b,2026-09-14T18:15:00Z,2026-09-14T20:15:00+0200,597.03,EUR/MWh,DK2,DK_2,imbalance_price,Long,2026-09-16T23:54:21Z
2026-09-16T23:50:49Z,2026-09-17T01:50:49+0200,1c76d05d-9f93-485e-80bc-75a38f7c715b,2026-09-14T18:15:00Z,2026-09-14T20:15:00+0200,597.03,EUR/MWh,DK2,DK_2,imbalance_price,Short,2026-09-16T23:54:21Z
2026-09-16T23:50:49Z,2026-09-17T01:50:49+0200,1c76d05d-9f93-485e-80bc-75a38f7c715b,2026-09-14T18:30:00Z,2026-09-14T20:30:00+0200,450.49,EUR/MWh,DK2,DK_2,imbalance_price,Long,2026-09-16T23:54:21Z
2026-09-16T23:50:49Z,2026-09-17T01:50:49+0200,1c76d05d-9f93-485e-80bc-75a38f7c715b,2026-09-14T18:30:00Z,2026-09-14T20:30:00+0200,450.49,EUR/MWh,DK2,DK_2,imbalance_price,Short,2026-09-16T23:54:21Z
2026-09-16T23:50:49Z,2026-09-17T01:50:49+0200,1c76d05d-9f93-485e-80bc-75a38f7c715b,2026-09-14T18:45:00Z,2026-09-14T20:45:00+0200,115.84,EUR/MWh,DK2,DK_2,imbalance_price,Long,2026-09-16T23:54:21Z
2026-09-16T23:50:49Z,2026-09-17T01:50:49+0200,1c76d05d-9f93-485e-80bc-75a38f7c715b,2026-09-14T18:45:00Z,2026-09-14T20:45:00+0200,115.84,EUR/MWh,DK2,DK_2,imbalance_price,Short,2026-09-16T23:54:21Z
2026-09-16T23:50:49Z,2026-09-17T01:50:49+0200,1c76d05d-9f93-485e-80bc-75a38f7c715b,2026-09-14T19:00:00Z,2026-09-14T21:00:00+0200,100.52,EUR/MWh,DK2,DK_2,imbalance_price,Long,2026-09-16T23:54:21Z
2026-09-16T23:50:49Z,2026-09-17T01:50:49+0200,1c76d05d-9f93-485e-80bc-75a38f7c715b,2026-09-14T19:00:00Z,2026-09-14T21:00:00+0200,100.52,EUR/MWh,DK2,DK_2,imbalance_price,Short,2026-09-16T23:54:21Z
2026-09-16T23:50:49Z,2026-09-17T01:50:49+0200,1c76d05d-9f93-485e-80bc-75a38f7c715b,2026-09-14T19:15:00Z,2026-09-14T21:15:00+0200,99.18,EUR/MWh,DK2,DK_2,imbalance_price,Long,2026-09-16T23:54:21Z
2026-09-16T23:50:49Z,2026-09-17T01:50:49+0200,1c76d05d-9f93-485e-80bc-75a38f7c715b,2026-09-14T19:15:00Z,2026-09-14T21:15:00+0200,99.18,EUR/MWh,DK2,DK_2,imbalance_price,Short,2026-09-16T23:54:21Z
2026-09-16T23:50:49Z,2026-09-17T01:50:49+0200,1c76d05d-9f93-485e-80bc-75a38f7c715b,2026-09-14T19:30:00Z,2026-09-14T21:30:00+0200,270.74,EUR/MWh,DK2,DK_2,imbalance_price,Long,2026-09-16T23:54:21Z
2026-09-16T23:50:49Z,2026-09-17T01:50:49+0200,1c76d05d-9f93-485e-80bc-75a38f7c715b,2026-09-14T19:30:00Z,2026-09-14T21:30:00+0200,270.74,EUR/MWh,DK2,DK_2,imbalance_price,Short,2026-09-16T23:54:21Z
2026-09-16T23:50:49Z,2026-09-17T01:50:49+0200,1c76d05d-9f93-485e-80bc-75a38f7c715b,2026-09-14T19:45:00Z,2026-09-14T21:45:00+0200,249.19,EUR/MWh,DK2,DK_2,imbalance_price,Long,2026-09-16T23:54:21Z
2026-09-16T23:50:49Z,2026-09-17T01:50:49+0200,1c76d05d-9f93-485e-80bc-75a38f7c715b,2026-09-14T19:45:00Z,2026-09-14T21:45:00+0200,249.19,EUR/MWh,DK2,DK_2,imbalance_price,Short,2026-09-16T23:54:21Z
2026-09-16T23:50:49Z,2026-09-17T01:50:49+0200,1c76d05d-9f93-485e-80bc-75a38f7c715b,2026-09-14T20:00:00Z,2026-09-14T22:00:00+0200,173.11,EUR/MWh,DK2,DK_2,imbalance_price,Long,2026-09-16T23:54:21Z
2026-09-16T23:50:49Z,2026-09-17T01:50:49+0200,1c76d05d-9f93-485e-80bc-75a38f7c715b,2026-09-14T20:00:00Z,2026-09-14T22:00:00+0200,173.11,EUR/MWh,DK2,DK_2,imbalance_price,Short,2026-09-16T23:54:21Z
2026-09-16T23:50:49Z,2026-09-17T01:50:49+0200,1c76d05d-9f93-485e-80bc-75a38f7c715b,2026-09-14T20:15:00Z,2026-09-14T22:15:00+0200,178.25,EUR/MWh,DK2,DK_2,imbalance_price,Long,2026-09-16T23:54:21Z
2026-09-16T23:50:49Z,2026-09-17T01:50:49+0200,1c76d05d-9f93-485e-80bc-75a38f7c715b,2026-09-14T20:15:00Z,2026-09-14T22:15:00+0200,178.25,EUR/MWh,DK2,DK_2,imbalance_price,Short,2026-09-16T23:54:21Z
2026-09-16T23:50:49Z,2026-09-17T01:50:49+0200,1c76d05d-9f93-485e-80bc-75a38f7c715b,2026-09-14T20:30:00Z,2026-09-14T22:30:00+0200,243.26,EUR/MWh,DK2,DK_2,imbalance_price,Long,2026-09-16T23:54:21Z
2026-09-16T23:50:49Z,2026-09-17T01:50:49+0200,1c76d05d-9f93-485e-80bc-75a38f7c715b,2026-09-14T20:30:00Z,2026-09-14T22:30:00+0200,243.26,EUR/MWh,DK2,DK_2,imbalance_price,Short,2026-09-16T23:54:21Z
2026-09-16T23:50:49Z,2026-09-17T01:50:49+0200,1c76d05d-9f93-485e-80bc-75a38f7c715b,2026-09-14T20:45:00Z,2026-09-14T22:45:00+0200,225.95,EUR/MWh,DK2,DK_2,imbalance_price,Long,2026-09-16T23:54:21Z
2026-09-16T23:50:49Z,2026-09-17T01:50:49+0200,1c76d05d-9f93-485e-80bc-75a38f7c715b,2026-09-14T20:45:00Z,2026-09-14T22:45:00+0200,225.95,EUR/MWh,DK2,DK_2,imbalance_price,Short,2026-09-16T23:54:21Z
2026-09-16T23:50:49Z,2026-09-17T01:50:49+0200,1c76d05d-9f93-485e-80bc-75a38f7c715b,2026-09-14T21:00:00Z,2026-09-14T23:00:00+0200,234.51,EUR/MWh,DK2,DK_2,imbalance_price,Long,2026-09-16T23:54:21Z
2026-09-16T23:50:49Z,2026-09-17T01:50:49+0200,1c76d05d-9f93-485e-80bc-75a38f7c715b,2026-09-14T21:00:00Z,2026-09-14T23:00:00+0200,234.51,EUR/MWh,DK2,DK_2,imbalance_price,Short,2026-09-16T23:54:21Z
2026-09-16T23:50:49Z,2026-09-17T01:50:49+0200,1c76d05d-9f93-485e-80bc-75a38f7c715b,2026-09-14T21:15:00Z,2026-09-14T23:15:00+0200,222.99,EUR/MWh,DK2,DK_2,imbalance_price,Long,2026-09-16T23:54:21Z
2026-09-16T23:50:49Z,2026-09-17T01:50:49+0200,1c76d05d-9f93-485e-80bc-75a38f7c715b,2026-09-14T21:15:00Z,2026-09-14T23:15:00+0200,222.99,EUR/MWh,DK2,DK_2,imbalance_price,Short,2026-09-16T23:54:21Z
2026-09-16T23:50:49Z,2026-09-17T01:50:49+0200,1c76d05d-9f93-485e-80bc-75a38f7c715b,2026-09-14T21:30:00Z,2026-09-14T23:30:00+0200,217.41,EUR/MWh,DK2,DK_2,imbalance_price,Long,2026-09-16T23:54:21Z
2026-09-16T23:50:49Z,2026-09-17T01:50:49+0200,1c76d05d-9f93-485e-80bc-75a38f7c715b,2026-09-14T21:30:00Z,2026-09-14T23:30:00+0200,217.41,EUR/MWh,DK2,DK_2,imbalance_price,Short,2026-09-16T23:54:21Z
2026-09-16T23:50:49Z,2026-09-17T01:50:49+0200,1c76d05d-9f93-485e-80bc-75a38f7c715b,2026-09-14T21:45:00Z,2026-09-14T23:45:00+0200,153.0,EUR/MWh,DK2,DK_2,imbalance_price,Long,2026-09-16T23:54:21Z
2026-09-16T23:50:49Z,2026-09-17T01:50:49+0200,1c76d05d-9f93-485e-80bc-75a38f7c715b,2026-09-14T21:45:00Z,2026-09-14T23:45:00+0200,153.0,EUR/MWh,DK2,DK_2,imbalance_price,Short,2026-09-16T23:54:21Z
2026-09-16T23:50:49Z,2026-09-17T01:50:49+0200,1c76d05d-9f93-485e-80bc-75a38f7c715b,2026-09-14T22:00:00Z,2026-09-15T00:00:00+0200,221.88,EUR/MWh,DK2,DK_2,imbalance_price,Long,2026-09-16T23:54:21Z
2026-09-16T23:50:49Z,2026-09-17T01:50:49+0200,1c76d05d-9f93-485e-80bc-75a38f7c715b,2026-09-14T22:00:00Z,2026-09-15T00:00:00+0200,221.88,EUR/MWh,DK2,DK_2,imbalance_price,Short,2026-09-16T23:54:21Z
2026-09-16T23:50:49Z,2026-09-17T01:50:49+0200,1c76d05d-9f93-485e-80bc-75a38f7c715b,2026-09-14T22:15:00Z,2026-09-15T00:15:00+0200,217.47,EUR/MWh,DK2,DK_2,imbalance_price,Long,2026-09-16T23:54:21Z
2026-09-16T23:50:49Z,2026-09-17T01:50:49+0200,1c76d05d-9f93-485e-80bc-75a38f7c715b,2026-09-14T22:15:00Z,2026-09-15T00:15:00+0200,217.47,EUR/MWh,DK2,DK_2,imbalance_price,Short,2026-09-16T23:54:21Z
2026-09-16T23:50:49Z,2026-09-17T01:50:49+0200,1c76d05d-9f93-485e-80bc-75a38f7c715b,2026-09-14T22:30:00Z,2026-09-15T00:30:00+0200,205.62,EUR/MWh,DK2,DK_2,imbalance_price,Long,2026-09-16T23:54:21Z
2026-09-16T23:50:49Z,2026-09-17T01:50:49+0200,1c76d05d-9f93-485e-80bc-75a38f7c715b,2026-09-14T22:30:00Z,2026-09-15T00:30:00+0200,205.62,EUR/MWh,DK2,DK_2,imbalance_price,Short,2026-09-16T23:54:21Z
2026-09-16T23:50:49Z,2026-09-17T01:50:49+0200,1c76d05d-9f93-485e-80bc-75a38f7c715b,2026-09-14T22:45:00Z,2026-09-15T00:45:00+0200,192.09,EUR/MWh,DK2,DK_2,imbalance_price,Long,2026-09-16T23:54:21Z
2026-09-16T23:50:49Z,2026-09-17T01:50:49+0200,1c76d05d-9f93-485e-80bc-75a38f7c715b,2026-09-14T22:45:00Z,2026-09-15T00:45:00+0200,192.09,EUR/MWh,DK2,DK_2,imbalance_price,Short,2026-09-16T23:54:21Z
2026-09-16T23:50:49Z,2026-09-17T01:50:49+0200,1c76d05d-9f93-485e-80bc-75a38f7c715b,2026-09-14T23:00:00Z,2026-09-15T01:00:00+0200,211.21,EUR/MWh,DK2,DK_2,imbalance_price,Long,2026-09-16T23:54:21Z
2026-09-16T23:50:49Z,2026-09-17T01:50:49+0200,1c76d05d-9f93-485e-80bc-75a38f7c715b,2026-09-14T23:00:00Z,2026-09-15T01:00:00+0200,211.21,EUR/MWh,DK2,DK_2,imbalance_price,Short,2026-09-16T23:54:21Z
2026-09-16T23:50:49Z,2026-09-17T01:50:49+0200,1c76d05d-9f93-485e-80bc-75a38f7c715b,2026-09-14T23:15:00Z,2026-09-15T01:15:00+0200,137.0,EUR/MWh,DK2,DK_2,imbalance_price,Long,2026-09-16T23:54:21Z
2026-09-16T23:50:49Z,2026-09-17T01:50:49+0200,1c76d05d-9f93-485e-80bc-75a38f7c715b,2026-09-14T23:15:00Z,2026-09-15T01:15:00+0200,137.0,EUR/MWh,DK2,DK_2,imbalance_price,Short,2026-09-16T23:54:21Z
2026-09-16T23:50:49Z,2026-09-17T01:50:49+0200,1c76d05d-9f93-485e-80bc-75a38f7c715b,2026-09-14T23:30:00Z,2026-09-15T01:30:00+0200,141.13,EUR/MWh,DK2,DK_2,imbalance_price,Long,2026-09-16T23:54:21Z
2026-09-16T23:50:49Z,2026-09-17T01:50:49+0200,1c76d05d-9f93-485e-80bc-75a38f7c715b,2026-09-14T23:30:00Z,2026-09-15T01:30:00+0200,141.13,EUR/MWh,DK2,DK_2,imbalance_price,Short,2026-09-16T23:54:21Z
2026-09-16T23:50:49Z,2026-09-17T01:50:49+0200,1c76d05d-9f93-485e-80bc-75a38f7c715b,2026-09-14T23:45:00Z,2026-09-15T01:45:00+0200,188.11,EUR/MWh,DK2,DK_2,imbalance_price,Long,2026-09-16T23:54:21Z
2026-09-16T23:50:49Z,2026-09-17T01:50:49+0200,1c76d05d-9f93-485e-80bc-75a38f7c715b,2026-09-14T23:45:00Z,2026-09-15T01:45:00+0200,188.11,EUR/MWh,DK2,DK_2,imbalance_price,Short,2026-09-16T23:54:21Z
2026-09-16T23:50:49Z,2026-09-17T01:50:49+0200,1c76d05d-9f93-485e-80bc-75a38f7c715b,2026-09-15T00:00:00Z,2026-09-15T02:00:00+0200,144.93,EUR/MWh,DK2,DK_2,imbalance_price,Long,2026-09-16T23:54:21Z
2026-09-16T23:50:49Z,2026-09-17T01:50:49+0200,1c76d05d-9f93-485e-80bc-75a38f7c715b,2026-09-15T00:00:00Z,2026-09-15T02:00:00+0200,144.93,EUR/MWh,DK2,DK_2,imbalance_price,Short,2026-09-16T23:54:21Z
2026-09-16T23:50:49Z,2026-09-17T01:50:49+0200,1c76d05d-9f93-485e-80bc-75a38f7c715b,2026-09-15T00:15:00Z,2026-09-15T02:15:00+0200,132.78,EUR/MWh,DK2,DK_2,imbalance_price,Long,2026-09-16T23:54:21Z
2026-09-16T23:50:49Z,2026-09-17T01:50:49+0200,1c76d05d-9f93-485e-80bc-75a38f7c715b,2026-09-15T00:15:00Z,2026-09-15T02:15:00+0200,132.78,EUR/MWh,DK2,DK_2,imbalance_price,Short,2026-09-16T23:54:21Z
2026-09-16T23:50:49Z,2026-09-17T01:50:49+0200,1c76d05d-9f93-485e-80bc-75a38f7c715b,2026-09-15T00:30:00Z,2026-09-15T02:30:00+0200,131.1,EUR/MWh,DK2,DK_2,imbalance_price,Long,2026-09-16T23:54:21Z
2026-09-16T23:50:49Z,2026-09-17T01:50:49+0200,1c76d05d-9f93-485e-80bc-75a38f7c715b,2026-09-15T00:30:00Z,2026-09-15T02:30:00+0200,131.1,EUR/MWh,DK2,DK_2,imbalance_price,Short,2026-09-16T23:54:21Z
2026-09-16T23:50:49Z,2026-09-17T01:50:49+0200,1c76d05d-9f93-485e-80bc-75a38f7c715b,2026-09-15T00:45:00Z,2026-09-15T02:45:00+0200,151.09,EUR/MWh,DK2,DK_2,imbalance_price,Long,2026-09-16T23:54:21Z
2026-09-16T23:50:49Z,2026-09-17T01:50:49+0200,1c76d05d-9f93-485e-80bc-75a38f7c715b,2026-09-15T00:45:00Z,2026-09-15T02:45:00+0200,151.09,EUR/MWh,DK2,DK_2,imbalance_price,Short,2026-09-16T23:54:21Z
2026-09-16T23:50:49Z,2026-09-17T01:50:49+0200,1c76d05d-9f93-485e-80bc-75a38f7c715b,2026-09-15T01:00:00Z,2026-09-15T03:00:00+0200,134.82,EUR/MWh,DK2,DK_2,imbalance_price,Long,2026-09-16T23:54:21Z
2026-09-16T23:50:49Z,2026-09-17T01:50:49+0200,1c76d05d-9f93-485e-80bc-75a38f7c715b,2026-09-15T01:00:00Z,2026-09-15T03:00:00+0200,134.82,EUR/MWh,DK2,DK_2,imbalance_price,Short,2026-09-16T23:54:21Z
2026-09-16T23:50:49Z,2026-09-17T01:50:49+0200,1c76d05d-9f93-485e-80bc-75a38f7c715b,2026-09-15T01:15:00Z,2026-09-15T03:15:00+0200,185.97,EUR/MWh,DK2,DK_2,imbalance_price,Long,2026-09-16T23:54:21Z
2026-09-16T23:50:49Z,2026-09-17T01:50:49+0200,1c76d05d-9f93-485e-80bc-75a38f7c715b,2026-09-15T01:15:00Z,2026-09-15T03:15:00+0200,185.97,EUR/MWh,DK2,DK_2,imbalance_price,Short,2026-09-16T23:54:21Z
2026-09-16T23:50:49Z,2026-09-17T01:50:49+0200,1c76d05d-9f93-485e-80bc-75a38f7c715b,2026-09-15T01:30:00Z,2026-09-15T03:30:00+0200,187.34,EUR/MWh,DK2,DK_2,imbalance_price,Long,2026-09-16T23:54:21Z
2026-09-16T23:50:49Z,2026-09-17T01:50:49+0200,1c76d05d-9f93-485e-80bc-75a38f7c715b,2026-09-15T01:30:00Z,2026-09-15T03:30:00+0200,187.34,EUR/MWh,DK2,DK_2,imbalance_price,Short,2026-09-16T23:54:21Z
2026-09-16T23:50:49Z,2026-09-17T01:50:49+0200,1c76d05d-9f93-485e-80bc-75a38f7c715b,2026-09-15T01:45:00Z,2026-09-15T03:45:00+0200,136.14,EUR/MWh,DK2,DK_2,imbalance_price,Long,2026-09-16T23:54:21Z
2026-09-16T23:50:49Z,2026-09-17T01:50:49+0200,1c76d05d-9f93-485e-80bc-75a38f7c715b,2026-09-15T01:45:00Z,2026-09-15T03:45:00+0200,136.14,EUR/MWh,DK2,DK_2,imbalance_price,Short,2026-09-16T23:54:21Z
2026-09-16T23:50:49Z,2026-09-17T01:50:49+0200,1c76d05d-9f93-485e-80bc-75a38f7c715b,2026-09-15T02:00:00Z,2026-09-15T04:00:00+0200,184.06,EUR/MWh,DK2,DK_2,imbalance_price,Long,2026-09-16T23:54:21Z
2026-09-16T23:50:49Z,2026-09-17T01:50:49+0200,1c76d05d-9f93-485e-80bc-75a38f7c715b,2026-09-15T02:00:00Z,2026-09-15T04:00:00+0200,184.06,EUR/MWh,DK2,DK_2,imbalance_price,Short,2026-09-16T23:54:21Z
2026-09-16T23:50:49Z,2026-09-17T01:50:49+0200,1c76d05d-9f93-485e-80bc-75a38f7c715b,2026-09-15T02:15:00Z,2026-09-15T04:15:00+0200,184.3,EUR/MWh,DK2,DK_2,imbalance_price,Long,2026-09-16T23:54:21Z
2026-09-16T23:50:49Z,2026-09-17T01:50:49+0200,1c76d05d-9f93-485e-80bc-75a38f7c715b,2026-09-15T02:15:00Z,2026-09-15T04:15:00+0200,184.3,EUR/MWh,DK2,DK_2,imbalance_price,Short,2026-09-16T23:54:21Z
2026-09-16T23:50:49Z,2026-09-17T01:50:49+0200,1c76d05d-9f93-485e-80bc-75a38f7c715b,2026-09-15T02:30:00Z,2026-09-15T04:30:00+0200,184.52,EUR/MWh,DK2,DK_2,imbalance_price,Long,2026-09-16T23:54:21Z
2026-09-16T23:50:49Z,2026-09-17T01:50:49+0200,1c76d05d-9f93-485e-80bc-75a38f7c715b,2026-09-15T02:30:00Z,2026-09-15T04:30:00+0200,184.52,EUR/MWh,DK2,DK_2,imbalance_price,Short,2026-09-16T23:54:21Z
2026-09-16T23:50:49Z,2026-09-17T01:50:49+0200,1c76d05d-9f93-485e-80bc-75a38f7c715b,2026-09-15T02:45:00Z,2026-09-15T04:45:00+0200,181.31,EUR/MWh,DK2,DK_2,imbalance_price,Long,2026-09-16T23:54:21Z
2026-09-16T23:50:49Z,2026-09-17T01:50:49+0200,1c76d05d-9f93-485e-80bc-75a38f7c715b,2026-09-15T02:45:00Z,2026-09-15T04:45:00+0200,181.31,EUR/MWh,DK2,DK_2,imbalance_price,Short,2026-09-16T23:54:21Z
2026-09-16T23:50:49Z,2026-09-17T01:50:49+0200,1c76d05d-9f93-485e-80bc-75a38f7c715b,2026-09-15T03:00:00Z,2026-09-15T05:00:00+0200,184.38,EUR/MWh,DK2,DK_2,imbalance_price,Long,2026-09-16T23:54:21Z
2026-09-16T23:50:49Z,2026-09-17T01:50:49+0200,1c76d05d-9f93-485e-80bc-75a38f7c715b,2026-09-15T03:00:00Z,2026-09-15T05:00:00+0200,184.38,EUR/MWh,DK2,DK_2,imbalance_price,Short,2026-09-16T23:54:21Z
2026-09-16T23:50:49Z,2026-09-17T01:50:49+0200,1c76d05d-9f93-485e-80bc-75a38f7c715b,2026-09-15T03:15:00Z,2026-09-15T05:15:00+0200,186.91,EUR/MWh,DK2,DK_2,imbalance_price,Long,2026-09-16T23:54:21Z
2026-09-16T23:50:49Z,2026-09-17T01:50:49+0200,1c76d05d-9f93-485e-80bc-75a38f7c715b,2026-09-15T03:15:00Z,2026-09-15T05:15:00+0200,186.91,EUR/MWh,DK2,DK_2,imbalance_price,Short,2026-09-16T23:54:21Z
2026-09-16T23:50:49Z,2026-09-17T01:50:49+0200,1c76d05d-9f93-485e-80bc-75a38f7c715b,2026-09-15T03:30:00Z,2026-09-15T05:30:00+0200,199.06,EUR/MWh,DK2,DK_2,imbalance_price,Long,2026-09-16T23:54:21Z
2026-09-16T23:50:49Z,2026-09-17T01:50:49+0200,1c76d05d-9f93-485e-80bc-75a38f7c715b,2026-09-15T03:30:00Z,2026-09-15T05:30:00+0200,199.06,EUR/MWh,DK2,DK_2,imbalance_price,Short,2026-09-16T23:54:21Z
2026-09-16T23:50:49Z,2026-09-17T01:50:49+0200,1c76d05d-9f93-485e-80bc-75a38f7c715b,2026-09-15T03:45:00Z,2026-09-15T05:45:00+0200,216.16,EUR/MWh,DK2,DK_2,imbalance_price,Long,2026-09-16T23:54:21Z
2026-09-16T23:50:49Z,2026-09-17T01:50:49+0200,1c76d05d-9f93-485e-80bc-75a38f7c715b,2026-09-15T03:45:00Z,2026-09-15T05:45:00+0200,216.16,EUR/MWh,DK2,DK_2,imbalance_price,Short,2026-09-16T23:54:21Z
2026-09-16T23:50:49Z,2026-09-17T01:50:49+0200,1c76d05d-9f93-485e-80bc-75a38f7c715b,2026-09-15T04:00:00Z,2026-09-15T06:00:00+0200,214.09,EUR/MWh,DK2,DK_2,imbalance_price,Long,2026-09-16T23:54:21Z
2026-09-16T23:50:49Z,2026-09-17T01:50:49+0200,1c76d05d-9f93-485e-80bc-75a38f7c715b,2026-09-15T04:00:00Z,2026-09-15T06:00:00+0200,214.09,EUR/MWh,DK2,DK_2,imbalance_price,Short,2026-09-16T23:54:21Z
2026-09-16T23:50:49Z,2026-09-17T01:50:49+0200,1c76d05d-9f93-485e-80bc-75a38f7c715b,2026-09-15T04:15:00Z,2026-09-15T06:15:00+0200,211.12,EUR/MWh,DK2,DK_2,imbalance_price,Long,2026-09-16T23:54:21Z
2026-09-16T23:50:49Z,2026-09-17T01:50:49+0200,1c76d05d-9f93-485e-80bc-75a38f7c715b,2026-09-15T04:15:00Z,2026-09-15T06:15:00+0200,211.12,EUR/MWh,DK2,DK_2,imbalance_price,Short,2026-09-16T23:54:21Z
2026-09-16T23:50:49Z,2026-09-17T01:50:49+0200,1c76d05d-9f93-485e-80bc-75a38f7c715b,2026-09-15T04:30:00Z,2026-09-15T06:30:00+0200,213.57,EUR/MWh,DK2,DK_2,imbalance_price,Long,2026-09-16T23:54:21Z
2026-09-16T23:50:49Z,2026-09-17T01:50:49+0200,1c76d05d-9f93-485e-80bc-75a38f7c715b,2026-09-15T04:30:00Z,2026-09-15T06:30:00+0200,213.57,EUR/MWh,DK2,DK_2,imbalance_price,Short,2026-09-16T23:54:21Z
2026-09-16T23:50:49Z,2026-09-17T01:50:49+0200,1c76d05d-9f93-485e-80bc-75a38f7c715b,2026-09-15T04:45:00Z,2026-09-15T06:45:00+0200,239.75,EUR/MWh,DK2,DK_2,imbalance_price,Long,2026-09-16T23:54:21Z
2026-09-16T23:50:49Z,2026-09-17T01:50:49+0200,1c76d05d-9f93-485e-80bc-75a38f7c715b,2026-09-15T04:45:00Z,2026-09-15T06:45:00+0200,239.75,EUR/MWh,DK2,DK_2,imbalance_price,Short,2026-09-16T23:54:21Z
2026-09-16T23:50:49Z,2026-09-17T01:50:49+0200,1c76d05d-9f93-485e-80bc-75a38f7c715b,2026-09-15T05:00:00Z,2026-09-15T07:00:00+0200,247.76,EUR/MWh,DK2,DK_2,imbalance_price,Long,2026-09-16T23:54:21Z
2026-09-16T23:50:49Z,2026-09-17T01:50:49+0200,1c76d05d-9f93-485e-80bc-75a38f7c715b,2026-09-15T05:00:00Z,2026-09-15T07:00:00+0200,247.76,EUR/MWh,DK2,DK_2,imbalance_price,Short,2026-09-16T23:54:21Z
2026-09-16T23:50:49Z,2026-09-17T01:50:49+0200,1c76d05d-9f93-485e-80bc-75a38f7c715b,2026-09-15T05:15:00Z,2026-09-15T07:15:00+0200,193.63,EUR/MWh,DK2,DK_2,imbalance_price,Long,2026-09-16T23:54:21Z
2026-09-16T23:50:49Z,2026-09-17T01:50:49+0200,1c76d05d-9f93-485e-80bc-75a38f7c715b,2026-09-15T05:15:00Z,2026-09-15T07:15:00+0200,193.63,EUR/MWh,DK2,DK_2,imbalance_price,Short,2026-09-16T23:54:21Z
2026-09-16T23:50:49Z,2026-09-17T01:50:49+0200,1c76d05d-9f93-485e-80bc-75a38f7c715b,2026-09-15T05:30:00Z,2026-09-15T07:30:00+0200,250.02,EUR/MWh,DK2,DK_2,imbalance_price,Long,2026-09-16T23:54:21Z
2026-09-16T23:50:49Z,2026-09-17T01:50:49+0200,1c76d05d-9f93-485e-80bc-75a38f7c715b,2026-09-15T05:30:00Z,2026-09-15T07:30:00+0200,250.02,EUR/MWh,DK2,DK_2,imbalance_price,Short,2026-09-16T23:54:21Z
2026-09-16T23:50:49Z,2026-09-17T01:50:49+0200,1c76d05d-9f93-485e-80bc-75a38f7c715b,2026-09-15T05:45:00Z,2026-09-15T07:45:00+0200,244.72,EUR/MWh,DK2,DK_2,imbalance_price,Long,2026-09-16T23:54:21Z
2026-09-16T23:50:49Z,2026-09-17T01:50:49+0200,1c76d05d-9f93-485e-80bc-75a38f7c715b,2026-09-15T05:45:00Z,2026-09-15T07:45:00+0200,244.72,EUR/MWh,DK2,DK_2,imbalance_price,Short,2026-09-16T23:54:21Z
2026-09-16T23:50:49Z,2026-09-17T01:50:49+0200,1c76d05d-9f93-485e-80bc-75a38f7c715b,2026-09-15T06:00:00Z,2026-09-15T08:00:00+0200,267.95,EUR/MWh,DK2,DK_2,imbalance_price,Long,2026-09-16T23:54:21Z
2026-09-16T23:50:49Z,2026-09-17T01:50:49+0200,1c76d05d-9f93-485e-80bc-75a38f7c715b,2026-09-15T06:00:00Z,2026-09-15T08:00:00+0200,267.95,EUR/MWh,DK2,DK_2,imbalance_price,Short,2026-09-16T23:54:21Z
2026-09-16T23:50:49Z,2026-09-17T01:50:49+0200,1c76d05d-9f93-485e-80bc-75a38f7c715b,2026-09-15T06:15:00Z,2026-09-15T08:15:00+0200,241.46,EUR/MWh,DK2,DK_2,imbalance_price,Long,2026-09-16T23:54:21Z
2026-09-16T23:50:49Z,2026-09-17T01:50:49+0200,1c76d05d-9f93-485e-80bc-75a38f7c715b,2026-09-15T06:15:00Z,2026-09-15T08:15:00+0200,241.46,EUR/MWh,DK2,DK_2,imbalance_price,Short,2026-09-16T23:54:21Z
2026-09-16T23:50:49Z,2026-09-17T01:50:49+0200,1c76d05d-9f93-485e-80bc-75a38f7c715b,2026-09-15T06:30:00Z,2026-09-15T08:30:00+0200,225.0,EUR/MWh,DK2,DK_2,imbalance_price,Long,2026-09-16T23:54:21Z
2026-09-16T23:50:49Z,2026-09-17T01:50:49+0200,1c76d05d-9f93-485e-80bc-75a38f7c715b,2026-09-15T06:30:00Z,2026-09-15T08:30:00+0200,225.0,EUR/MWh,DK2,DK_2,imbalance_price,Short,2026-09-16T23:54:21Z
2026-09-16T23:50:49Z,2026-09-17T01:50:49+0200,1c76d05d-9f93-485e-80bc-75a38f7c715b,2026-09-15T06:45:00Z,2026-09-15T08:45:00+0200,197.88,EUR/MWh,DK2,DK_2,imbalance_price,Long,2026-09-16T23:54:21Z
2026-09-16T23:50:49Z,2026-09-17T01:50:49+0200,1c76d05d-9f93-485e-80bc-75a38f7c715b,2026-09-15T06:45:00Z,2026-09-15T08:45:00+0200,197.88,EUR/MWh,DK2,DK_2,imbalance_price,Short,2026-09-16T23:54:21Z
2026-09-16T23:50:49Z,2026-09-17T01:50:49+0200,1c76d05d-9f93-485e-80bc-75a38f7c715b,2026-09-15T07:00:00Z,2026-09-15T09:00:00+0200,227.5,EUR/MWh,DK2,DK_2,imbalance_price,Long,2026-09-16T23:54:21Z
2026-09-16T23:50:49Z,2026-09-17T01:50:49+0200,1c76d05d-9f93-485e-80bc-75a38f7c715b,2026-09-15T07:00:00Z,2026-09-15T09:00:00+0200,227.5,EUR/MWh,DK2,DK_2,imbalance_price,Short,2026-09-16T23:54:21Z
2026-09-16T23:50:49Z,2026-09-17T01:50:49+0200,1c76d05d-9f93-485e-80bc-75a38f7c715b,2026-09-15T07:15:00Z,2026-09-15T09:15:00+0200,212.62,EUR/MWh,DK2,DK_2,imbalance_price,Long,2026-09-16T23:54:21Z
2026-09-16T23:50:49Z,2026-09-17T01:50:49+0200,1c76d05d-9f93-485e-80bc-75a38f7c715b,2026-09-15T07:15:00Z,2026-09-15T09:15:00+0200,212.62,EUR/MWh,DK2,DK_2,imbalance_price,Short,2026-09-16T23:54:21Z
2026-09-16T23:50:49Z,2026-09-17T01:50:49+0200,1c76d05d-9f93-485e-80bc-75a38f7c715b,2026-09-15T07:30:00Z,2026-09-15T09:30:00+0200,188.75,EUR/MWh,DK2,DK_2,imbalance_price,Long,2026-09-16T23:54:21Z
2026-09-16T23:50:49Z,2026-09-17T01:50:49+0200,1c76d05d-9f93-485e-80bc-75a38f7c715b,2026-09-15T07:30:00Z,2026-09-15T09:30:00+0200,188.75,EUR/MWh,DK2,DK_2,imbalance_price,Short,2026-09-16T23:54:21Z
2026-09-16T23:50:49Z,2026-09-17T01:50:49+0200,1c76d05d-9f93-485e-80bc-75a38f7c715b,2026-09-15T07:45:00Z,2026-09-15T09:45:00+0200,83.43,EUR/MWh,DK2,DK_2,imbalance_price,Long,2026-09-16T23:54:21Z
2026-09-16T23:50:49Z,2026-09-17T01:50:49+0200,1c76d05d-9f93-485e-80bc-75a38f7c715b,2026-09-15T07:45:00Z,2026-09-15T09:45:00+0200,83.43,EUR/MWh,DK2,DK_2,imbalance_price,Short,2026-09-16T23:54:21Z
2026-09-16T23:50:49Z,2026-09-17T01:50:49+0200,1c76d05d-9f93-485e-80bc-75a38f7c715b,2026-09-15T08:00:00Z,2026-09-15T10:00:00+0200,181.17,EUR/MWh,DK2,DK_2,imbalance_price,Long,2026-09-16T23:54:21Z
2026-09-16T23:50:49Z,2026-09-17T01:50:49+0200,1c76d05d-9f93-485e-80bc-75a38f7c715b,2026-09-15T08:00:00Z,2026-09-15T10:00:00+0200,181.17,EUR/MWh,DK2,DK_2,imbalance_price,Short,2026-09-16T23:54:21Z
2026-09-16T23:50:49Z,2026-09-17T01:50:49+0200,1c76d05d-9f93-485e-80bc-75a38f7c715b,2026-09-15T08:15:00Z,2026-09-15T10:15:00+0200,160.25,EUR/MWh,DK2,DK_2,imbalance_price,Long,2026-09-16T23:54:21Z
2026-09-16T23:50:49Z,2026-09-17T01:50:49+0200,1c76d05d-9f93-485e-80bc-75a38f7c715b,2026-09-15T08:15:00Z,2026-09-15T10:15:00+0200,160.25,EUR/MWh,DK2,DK_2,imbalance_price,Short,2026-09-16T23:54:21Z
2026-09-16T23:50:49Z,2026-09-17T01:50:49+0200,1c76d05d-9f93-485e-80bc-75a38f7c715b,2026-09-15T08:30:00Z,2026-09-15T10:30:00+0200,130.38,EUR/MWh,DK2,DK_2,imbalance_price,Long,2026-09-16T23:54:21Z
2026-09-16T23:50:49Z,2026-09-17T01:50:49+0200,1c76d05d-9f93-485e-80bc-75a38f7c715b,2026-09-15T08:30:00Z,2026-09-15T10:30:00+0200,130.38,EUR/MWh,DK2,DK_2,imbalance_price,Short,2026-09-16T23:54:21Z
2026-09-16T23:50:49Z,2026-09-17T01:50:49+0200,1c76d05d-9f93-485e-80bc-75a38f7c715b,2026-09-15T08:45:00Z,2026-09-15T10:45:00+0200,28.71,EUR/MWh,DK2,DK_2,imbalance_price,Long,2026-09-16T23:54:21Z
2026-09-16T23:50:49Z,2026-09-17T01:50:49+0200,1c76d05d-9f93-485e-80bc-75a38f7c715b,2026-09-15T08:45:00Z,2026-09-15T10:45:00+0200,28.71,EUR/MWh,DK2,DK_2,imbalance_price,Short,2026-09-16T23:54:21Z
2026-09-16T23:50:49Z,2026-09-17T01:50:49+0200,1c76d05d-9f93-485e-80bc-75a38f7c715b,2026-09-15T09:00:00Z,2026-09-15T11:00:00+0200,4.13,EUR/MWh,DK2,DK_2,imbalance_price,Long,2026-09-16T23:54:21Z
2026-09-16T23:50:49Z,2026-09-17T01:50:49+0200,1c76d05d-9f93-485e-80bc-75a38f7c715b,2026-09-15T09:00:00Z,2026-09-15T11:00:00+0200,4.13,EUR/MWh,DK2,DK_2,imbalance_price,Short,2026-09-16T23:54:21Z
2026-09-16T23:50:49Z,2026-09-17T01:50:49+0200,1c76d05d-9f93-485e-80bc-75a38f7c715b,2026-09-15T09:15:00Z,2026-09-15T11:15:00+0200,17.16,EUR/MWh,DK2,DK_2,imbalance_price,Long,2026-09-16T23:54:21Z
2026-09-16T23:50:49Z,2026-09-17T01:50:49+0200,1c76d05d-9f93-485e-80bc-75a38f7c715b,2026-09-15T09:15:00Z,2026-09-15T11:15:00+0200,17.16,EUR/MWh,DK2,DK_2,imbalance_price,Short,2026-09-16T23:54:21Z
2026-09-16T23:50:49Z,2026-09-17T01:50:49+0200,1c76d05d-9f93-485e-80bc-75a38f7c715b,2026-09-15T09:30:00Z,2026-09-15T11:30:00+0200,15.0,EUR/MWh,DK2,DK_2,imbalance_price,Long,2026-09-16T23:54:21Z
2026-09-16T23:50:49Z,2026-09-17T01:50:49+0200,1c76d05d-9f93-485e-80bc-75a38f7c715b,2026-09-15T09:30:00Z,2026-09-15T11:30:00+0200,15.0,EUR/MWh,DK2,DK_2,imbalance_price,Short,2026-09-16T23:54:21Z
2026-09-16T23:50:49Z,2026-09-17T01:50:49+0200,1c76d05d-9f93-485e-80bc-75a38f7c715b,2026-09-15T09:45:00Z,2026-09-15T11:45:00+0200,0.0,EUR/MWh,DK2,DK_2,imbalance_price,Long,2026-09-16T23:54:21Z
2026-09-16T23:50:49Z,2026-09-17T01:50:49+0200,1c76d05d-9f93-485e-80bc-75a38f7c715b,2026-09-15T09:45:00Z,2026-09-15T11:45:00+0200,0.0,EUR/MWh,DK2,DK_2,imbalance_price,Short,2026-09-16T23:54:21Z
2026-09-16T23:50:49Z,2026-09-17T01:50:49+0200,1c76d05d-9f93-485e-80bc-75a38f7c715b,2026-09-15T10:00:00Z,2026-09-15T12:00:00+0200,58.17,EUR/MWh,DK2,DK_2,imbalance_price,Long,2026-09-16T23:54:21Z
2026-09-16T23:50:49Z,2026-09-17T01:50:49+0200,1c76d05d-9f93-485e-80bc-75a38f7c715b,2026-09-15T10:00:00Z,2026-09-15T12:00:00+0200,58.17,EUR/MWh,DK2,DK_2,imbalance_price,Short,2026-09-16T23:54:21Z
2026-09-16T23:50:49Z,2026-09-17T01:50:49+0200,1c76d05d-9f93-485e-80bc-75a38f7c715b,2026-09-15T10:15:00Z,2026-09-15T12:15:00+0200,2.92,EUR/MWh,DK2,DK_2,imbalance_price,Long,2026-09-16T23:54:21Z
2026-09-16T23:50:49Z,2026-09-17T01:50:49+0200,1c76d05d-9f93-485e-80bc-75a38f7c715b,2026-09-15T10:15:00Z,2026-09-15T12:15:00+0200,2.92,EUR/MWh,DK2,DK_2,imbalance_price,Short,2026-09-16T23:54:21Z
2026-09-16T23:50:49Z,2026-09-17T01:50:49+0200,1c76d05d-9f93-485e-80bc-75a38f7c715b,2026-09-15T10:30:00Z,2026-09-15T12:30:00+0200,12.16,EUR/MWh,DK2,DK_2,imbalance_price,Long,2026-09-16T23:54:21Z
2026-09-16T23:50:49Z,2026-09-17T01:50:49+0200,1c76d05d-9f93-485e-80bc-75a38f7c715b,2026-09-15T10:30:00Z,2026-09-15T12:30:00+0200,12.16,EUR/MWh,DK2,DK_2,imbalance_price,Short,2026-09-16T23:54:21Z
2026-09-16T23:50:49Z,2026-09-17T01:50:49+0200,1c76d05d-9f93-485e-80bc-75a38f7c715b,2026-09-15T10:45:00Z,2026-09-15T12:45:00+0200,8.0,EUR/MWh,DK2,DK_2,imbalance_price,Long,2026-09-16T23:54:21Z
2026-09-16T23:50:49Z,2026-09-17T01:50:49+0200,1c76d05d-9f93-485e-80bc-75a38f7c715b,2026-09-15T10:45:00Z,2026-09-15T12:45:00+0200,8.0,EUR/MWh,DK2,DK_2,imbalance_price,Short,2026-09-16T23:54:21Z
2026-09-16T23:50:49Z,2026-09-17T01:50:49+0200,1c76d05d-9f93-485e-80bc-75a38f7c715b,2026-09-15T11:00:00Z,2026-09-15T13:00:00+0200,12.98,EUR/MWh,DK2,DK_2,imbalance_price,Long,2026-09-16T23:54:21Z
2026-09-16T23:50:49Z,2026-09-17T01:50:49+0200,1c76d05d-9f93-485e-80bc-75a38f7c715b,2026-09-15T11:00:00Z,2026-09-15T13:00:00+0200,12.98,EUR/MWh,DK2,DK_2,imbalance_price,Short,2026-09-16T23:54:21Z
2026-09-16T23:50:49Z,2026-09-17T01:50:49+0200,1c76d05d-9f93-485e-80bc-75a38f7c715b,2026-09-15T11:15:00Z,2026-09-15T13:15:00+0200,13.37,EUR/MWh,DK2,DK_2,imbalance_price,Long,2026-09-16T23:54:21Z
2026-09-16T23:50:49Z,2026-09-17T01:50:49+0200,1c76d05d-9f93-485e-80bc-75a38f7c715b,2026-09-15T11:15:00Z,2026-09-15T13:15:00+0200,13.37,EUR/MWh,DK2,DK_2,imbalance_price,Short,2026-09-16T23:54:21Z
2026-09-16T23:50:49Z,2026-09-17T01:50:49+0200,1c76d05d-9f93-485e-80bc-75a38f7c715b,2026-09-15T11:30:00Z,2026-09-15T13:30:00+0200,33.95,EUR/MWh,DK2,DK_2,imbalance_price,Long,2026-09-16T23:54:21Z
2026-09-16T23:50:49Z,2026-09-17T01:50:49+0200,1c76d05d-9f93-485e-80bc-75a38f7c715b,2026-09-15T11:30:00Z,2026-09-15T13:30:00+0200,33.95,EUR/MWh,DK2,DK_2,imbalance_price,Short,2026-09-16T23:54:21Z
2026-09-16T23:50:49Z,2026-09-17T01:50:49+0200,1c76d05d-9f93-485e-80bc-75a38f7c715b,2026-09-15T11:45:00Z,2026-09-15T13:45:00+0200,31.0,EUR/MWh,DK2,DK_2,imbalance_price,Long,2026-09-16T23:54:21Z
2026-09-16T23:50:49Z,2026-09-17T01:50:49+0200,1c76d05d-9f93-485e-80bc-75a38f7c715b,2026-09-15T11:45:00Z,2026-09-15T13:45:00+0200,31.0,EUR/MWh,DK2,DK_2,imbalance_price,Short,2026-09-16T23:54:21Z
2026-09-16T23:50:49Z,2026-09-17T01:50:49+0200,1c76d05d-9f93-485e-80bc-75a38f7c715b,2026-09-15T12:00:00Z,2026-09-15T14:00:00+0200,5.0,EUR/MWh,DK2,DK_2,imbalance_price,Long,2026-09-16T23:54:21Z
2026-09-16T23:50:49Z,2026-09-17T01:50:49+0200,1c76d05d-9f93-485e-80bc-75a38f7c715b,2026-09-15T12:00:00Z,2026-09-15T14:00:00+0200,5.0,EUR/MWh,DK2,DK_2,imbalance_price,Short,2026-09-16T23:54:21Z
2026-09-16T23:50:49Z,2026-09-17T01:50:49+0200,1c76d05d-9f93-485e-80bc-75a38f7c715b,2026-09-15T12:15:00Z,2026-09-15T14:15:00+0200,20.33,EUR/MWh,DK2,DK_2,imbalance_price,Long,2026-09-16T23:54:21Z
2026-09-16T23:50:49Z,2026-09-17T01:50:49+0200,1c76d05d-9f93-485e-80bc-75a38f7c715b,2026-09-15T12:15:00Z,2026-09-15T14:15:00+0200,20.33,EUR/MWh,DK2,DK_2,imbalance_price,Short,2026-09-16T23:54:21Z
2026-09-16T23:50:49Z,2026-09-17T01:50:49+0200,1c76d05d-9f93-485e-80bc-75a38f7c715b,2026-09-15T12:30:00Z,2026-09-15T14:30:00+0200,16.53,EUR/MWh,DK2,DK_2,imbalance_price,Long,2026-09-16T23:54:21Z
2026-09-16T23:50:49Z,2026-09-17T01:50:49+0200,1c76d05d-9f93-485e-80bc-75a38f7c715b,2026-09-15T12:30:00Z,2026-09-15T14:30:00+0200,16.53,EUR/MWh,DK2,DK_2,imbalance_price,Short,2026-09-16T23:54:21Z
2026-09-16T23:50:49Z,2026-09-17T01:50:49+0200,1c76d05d-9f93-485e-80bc-75a38f7c715b,2026-09-15T12:45:00Z,2026-09-15T14:45:00+0200,-12.97,EUR/MWh,DK2,DK_2,imbalance_price,Long,2026-09-16T23:54:21Z
2026-09-16T23:50:49Z,2026-09-17T01:50:49+0200,1c76d05d-9f93-485e-80bc-75a38f7c715b,2026-09-15T12:45:00Z,2026-09-15T14:45:00+0200,-12.97,EUR/MWh,DK2,DK_2,imbalance_price,Short,2026-09-16T23:54:21Z
2026-09-16T23:50:49Z,2026-09-17T01:50:49+0200,1c76d05d-9f93-485e-80bc-75a38f7c715b,2026-09-15T13:00:00Z,2026-09-15T15:00:00+0200,9.1,EUR/MWh,DK2,DK_2,imbalance_price,Long,2026-09-16T23:54:21Z
2026-09-16T23:50:49Z,2026-09-17T01:50:49+0200,1c76d05d-9f93-485e-80bc-75a38f7c715b,2026-09-15T13:00:00Z,2026-09-15T15:00:00+0200,9.1,EUR/MWh,DK2,DK_2,imbalance_price,Short,2026-09-16T23:54:21Z
2026-09-16T23:50:49Z,2026-09-17T01:50:49+0200,1c76d05d-9f93-485e-80bc-75a38f7c715b,2026-09-15T13:15:00Z,2026-09-15T15:15:00+0200,43.63,EUR/MWh,DK2,DK_2,imbalance_price,Long,2026-09-16T23:54:21Z
2026-09-16T23:50:49Z,2026-09-17T01:50:49+0200,1c76d05d-9f93-485e-80bc-75a38f7c715b,2026-09-15T13:15:00Z,2026-09-15T15:15:00+0200,43.63,EUR/MWh,DK2,DK_2,imbalance_price,Short,2026-09-16T23:54:21Z
2026-09-16T23:50:49Z,2026-09-17T01:50:49+0200,1c76d05d-9f93-485e-80bc-75a38f7c715b,2026-09-15T13:30:00Z,2026-09-15T15:30:00+0200,-22.5,EUR/MWh,DK2,DK_2,imbalance_price,Long,2026-09-16T23:54:21Z
2026-09-16T23:50:49Z,2026-09-17T01:50:49+0200,1c76d05d-9f93-485e-80bc-75a38f7c715b,2026-09-15T13:30:00Z,2026-09-15T15:30:00+0200,-22.5,EUR/MWh,DK2,DK_2,imbalance_price,Short,2026-09-16T23:54:21Z
2026-09-16T23:50:49Z,2026-09-17T01:50:49+0200,1c76d05d-9f93-485e-80bc-75a38f7c715b,2026-09-15T13:45:00Z,2026-09-15T15:45:00+0200,12.98,EUR/MWh,DK2,DK_2,imbalance_price,Long,2026-09-16T23:54:21Z
2026-09-16T23:50:49Z,2026-09-17T01:50:49+0200,1c76d05d-9f93-485e-80bc-75a38f7c715b,2026-09-15T13:45:00Z,2026-09-15T15:45:00+0200,12.98,EUR/MWh,DK2,DK_2,imbalance_price,Short,2026-09-16T23:54:21Z
2026-09-16T23:50:49Z,2026-09-17T01:50:49+0200,1c76d05d-9f93-485e-80bc-75a38f7c715b,2026-09-15T14:00:00Z,2026-09-15T16:00:00+0200,104.73,EUR/MWh,DK2,DK_2,imbalance_price,Long,2026-09-16T23:54:21Z
2026-09-16T23:50:49Z,2026-09-17T01:50:49+0200,1c76d05d-9f93-485e-80bc-75a38f7c715b,2026-09-15T14:00:00Z,2026-09-15T16:00:00+0200,104.73,EUR/MWh,DK2,DK_2,imbalance_price,Short,2026-09-16T23:54:21Z
2026-09-16T23:50:49Z,2026-09-17T01:50:49+0200,1c76d05d-9f93-485e-80bc-75a38f7c715b,2026-09-15T14:15:00Z,2026-09-15T16:15:00+0200,40.63,EUR/MWh,DK2,DK_2,imbalance_price,Long,2026-09-16T23:54:21Z
2026-09-16T23:50:49Z,2026-09-17T01:50:49+0200,1c76d05d-9f93-485e-80bc-75a38f7c715b,2026-09-15T14:15:00Z,2026-09-15T16:15:00+0200,40.63,EUR/MWh,DK2,DK_2,imbalance_price,Short,2026-09-16T23:54:21Z
2026-09-16T23:50:49Z,2026-09-17T01:50:49+0200,1c76d05d-9f93-485e-80bc-75a38f7c715b,2026-09-15T14:30:00Z,2026-09-15T16:30:00+0200,32.42,EUR/MWh,DK2,DK_2,imbalance_price,Long,2026-09-16T23:54:21Z
2026-09-16T23:50:49Z,2026-09-17T01:50:49+0200,1c76d05d-9f93-485e-80bc-75a38f7c715b,2026-09-15T14:30:00Z,2026-09-15T16:30:00+0200,32.42,EUR/MWh,DK2,DK_2,imbalance_price,Short,2026-09-16T23:54:21Z
2026-09-16T23:50:49Z,2026-09-17T01:50:49+0200,1c76d05d-9f93-485e-80bc-75a38f7c715b,2026-09-15T14:45:00Z,2026-09-15T16:45:00+0200,206.37,EUR/MWh,DK2,DK_2,imbalance_price,Long,2026-09-16T23:54:21Z
2026-09-16T23:50:49Z,2026-09-17T01:50:49+0200,1c76d05d-9f93-485e-80bc-75a38f7c715b,2026-09-15T14:45:00Z,2026-09-15T16:45:00+0200,206.37,EUR/MWh,DK2,DK_2,imbalance_price,Short,2026-09-16T23:54:21Z
2026-09-16T23:50:49Z,2026-09-17T01:50:49+0200,1c76d05d-9f93-485e-80bc-75a38f7c715b,2026-09-15T15:00:00Z,2026-09-15T17:00:00+0200,167.62,EUR/MWh,DK2,DK_2,imbalance_price,Long,2026-09-16T23:54:21Z
2026-09-16T23:50:49Z,2026-09-17T01:50:49+0200,1c76d05d-9f93-485e-80bc-75a38f7c715b,2026-09-15T15:00:00Z,2026-09-15T17:00:00+0200,167.62,EUR/MWh,DK2,DK_2,imbalance_price,Short,2026-09-16T23:54:21Z
2026-09-16T23:50:49Z,2026-09-17T01:50:49+0200,1c76d05d-9f93-485e-80bc-75a38f7c715b,2026-09-15T15:15:00Z,2026-09-15T17:15:00+0200,13.36,EUR/MWh,DK2,DK_2,imbalance_price,Long,2026-09-16T23:54:21Z
2026-09-16T23:50:49Z,2026-09-17T01:50:49+0200,1c76d05d-9f93-485e-80bc-75a38f7c715b,2026-09-15T15:15:00Z,2026-09-15T17:15:00+0200,13.36,EUR/MWh,DK2,DK_2,imbalance_price,Short,2026-09-16T23:54:21Z
2026-09-16T23:50:49Z,2026-09-17T01:50:49+0200,1c76d05d-9f93-485e-80bc-75a38f7c715b,2026-09-15T15:30:00Z,2026-09-15T17:30:00+0200,115.63,EUR/MWh,DK2,DK_2,imbalance_price,Long,2026-09-16T23:54:21Z
2026-09-16T23:50:49Z,2026-09-17T01:50:49+0200,1c76d05d-9f93-485e-80bc-75a38f7c715b,2026-09-15T15:30:00Z,2026-09-15T17:30:00+0200,115.63,EUR/MWh,DK2,DK_2,imbalance_price,Short,2026-09-16T23:54:21Z
2026-09-16T23:50:49Z,2026-09-17T01:50:49+0200,1c76d05d-9f93-485e-80bc-75a38f7c715b,2026-09-15T15:45:00Z,2026-09-15T17:45:00+0200,79.34,EUR/MWh,DK2,DK_2,imbalance_price,Long,2026-09-16T23:54:21Z
2026-09-16T23:50:49Z,2026-09-17T01:50:49+0200,1c76d05d-9f93-485e-80bc-75a38f7c715b,2026-09-15T15:45:00Z,2026-09-15T17:45:00+0200,79.34,EUR/MWh,DK2,DK_2,imbalance_price,Short,2026-09-16T23:54:21Z
2026-09-16T23:50:49Z,2026-09-17T01:50:49+0200,1c76d05d-9f93-485e-80bc-75a38f7c715b,2026-09-15T16:00:00Z,2026-09-15T18:00:00+0200,45.71,EUR/MWh,DK2,DK_2,imbalance_price,Long,2026-09-16T23:54:21Z
2026-09-16T23:50:49Z,2026-09-17T01:50:49+0200,1c76d05d-9f93-485e-80bc-75a38f7c715b,2026-09-15T16:00:00Z,2026-09-15T18:00:00+0200,45.71,EUR/MWh,DK2,DK_2,imbalance_price,Short,2026-09-16T23:54:21Z
2026-09-16T23:50:49Z,2026-09-17T01:50:49+0200,1c76d05d-9f93-485e-80bc-75a38f7c715b,2026-09-15T16:15:00Z,2026-09-15T18:15:00+0200,89.5,EUR/MWh,DK2,DK_2,imbalance_price,Long,2026-09-16T23:54:21Z
2026-09-16T23:50:49Z,2026-09-17T01:50:49+0200,1c76d05d-9f93-485e-80bc-75a38f7c715b,2026-09-15T16:15:00Z,2026-09-15T18:15:00+0200,89.5,EUR/MWh,DK2,DK_2,imbalance_price,Short,2026-09-16T23:54:21Z
2026-09-16T23:50:49Z,2026-09-17T01:50:49+0200,1c76d05d-9f93-485e-80bc-75a38f7c715b,2026-09-15T16:30:00Z,2026-09-15T18:30:00+0200,251.43,EUR/MWh,DK2,DK_2,imbalance_price,Long,2026-09-16T23:54:21Z
2026-09-16T23:50:49Z,2026-09-17T01:50:49+0200,1c76d05d-9f93-485e-80bc-75a38f7c715b,2026-09-15T16:30:00Z,2026-09-15T18:30:00+0200,251.43,EUR/MWh,DK2,DK_2,imbalance_price,Short,2026-09-16T23:54:21Z
2026-09-16T23:50:49Z,2026-09-17T01:50:49+0200,1c76d05d-9f93-485e-80bc-75a38f7c715b,2026-09-15T16:45:00Z,2026-09-15T18:45:00+0200,280.2,EUR/MWh,DK2,DK_2,imbalance_price,Long,2026-09-16T23:54:21Z
2026-09-16T23:50:49Z,2026-09-17T01:50:49+0200,1c76d05d-9f93-485e-80bc-75a38f7c715b,2026-09-15T16:45:00Z,2026-09-15T18:45:00+0200,280.2,EUR/MWh,DK2,DK_2,imbalance_price,Short,2026-09-16T23:54:21Z
2026-09-16T23:50:49Z,2026-09-17T01:50:49+0200,1c76d05d-9f93-485e-80bc-75a38f7c715b,2026-09-15T17:00:00Z,2026-09-15T19:00:00+0200,280.81,EUR/MWh,DK2,DK_2,imbalance_price,Long,2026-09-16T23:54:21Z
2026-09-16T23:50:49Z,2026-09-17T01:50:49+0200,1c76d05d-9f93-485e-80bc-75a38f7c715b,2026-09-15T17:00:00Z,2026-09-15T19:00:00+0200,280.81,EUR/MWh,DK2,DK_2,imbalance_price,Short,2026-09-16T23:54:21Z
2026-09-16T23:50:49Z,2026-09-17T01:50:49+0200,1c76d05d-9f93-485e-80bc-75a38f7c715b,2026-09-15T17:15:00Z,2026-09-15T19:15:00+0200,74.11,EUR/MWh,DK2,DK_2,imbalance_price,Long,2026-09-16T23:54:21Z
2026-09-16T23:50:49Z,2026-09-17T01:50:49+0200,1c76d05d-9f93-485e-80bc-75a38f7c715b,2026-09-15T17:15:00Z,2026-09-15T19:15:00+0200,74.11,EUR/MWh,DK2,DK_2,imbalance_price,Short,2026-09-16T23:54:21Z
2026-09-16T23:50:49Z,2026-09-17T01:50:49+0200,1c76d05d-9f93-485e-80bc-75a38f7c715b,2026-09-15T17:30:00Z,2026-09-15T19:30:00+0200,126.92,EUR/MWh,DK2,DK_2,imbalance_price,Long,2026-09-16T23:54:21Z
2026-09-16T23:50:49Z,2026-09-17T01:50:49+0200,1c76d05d-9f93-485e-80bc-75a38f7c715b,2026-09-15T17:30:00Z,2026-09-15T19:30:00+0200,126.92,EUR/MWh,DK2,DK_2,imbalance_price,Short,2026-09-16T23:54:21Z
2026-09-16T23:50:49Z,2026-09-17T01:50:49+0200,1c76d05d-9f93-485e-80bc-75a38f7c715b,2026-09-15T17:45:00Z,2026-09-15T19:45:00+0200,148.3,EUR/MWh,DK2,DK_2,imbalance_price,Long,2026-09-16T23:54:21Z
2026-09-16T23:50:49Z,2026-09-17T01:50:49+0200,1c76d05d-9f93-485e-80bc-75a38f7c715b,2026-09-15T17:45:00Z,2026-09-15T19:45:00+0200,148.3,EUR/MWh,DK2,DK_2,imbalance_price,Short,2026-09-16T23:54:21Z
2026-09-16T23:50:49Z,2026-09-17T01:50:49+0200,1c76d05d-9f93-485e-80bc-75a38f7c715b,2026-09-15T18:00:00Z,2026-09-15T20:00:00+0200,273.15,EUR/MWh,DK2,DK_2,imbalance_price,Long,2026-09-16T23:54:21Z
2026-09-16T23:50:49Z,2026-09-17T01:50:49+0200,1c76d05d-9f93-485e-80bc-75a38f7c715b,2026-09-15T18:00:00Z,2026-09-15T20:00:00+0200,273.15,EUR/MWh,DK2,DK_2,imbalance_price,Short,2026-09-16T23:54:21Z
2026-09-16T23:50:49Z,2026-09-17T01:50:49+0200,1c76d05d-9f93-485e-80bc-75a38f7c715b,2026-09-15T18:15:00Z,2026-09-15T20:15:00+0200,250.52,EUR/MWh,DK2,DK_2,imbalance_price,Long,2026-09-16T23:54:21Z
2026-09-16T23:50:49Z,2026-09-17T01:50:49+0200,1c76d05d-9f93-485e-80bc-75a38f7c715b,2026-09-15T18:15:00Z,2026-09-15T20:15:00+0200,250.52,EUR/MWh,DK2,DK_2,imbalance_price,Short,2026-09-16T23:54:21Z
2026-09-16T23:50:49Z,2026-09-17T01:50:49+0200,1c76d05d-9f93-485e-80bc-75a38f7c715b,2026-09-15T18:30:00Z,2026-09-15T20:30:00+0200,245.69,EUR/MWh,DK2,DK_2,imbalance_price,Long,2026-09-16T23:54:21Z
2026-09-16T23:50:49Z,2026-09-17T01:50:49+0200,1c76d05d-9f93-485e-80bc-75a38f7c715b,2026-09-15T18:30:00Z,2026-09-15T20:30:00+0200,245.69,EUR/MWh,DK2,DK_2,imbalance_price,Short,2026-09-16T23:54:21Z
2026-09-16T23:50:49Z,2026-09-17T01:50:49+0200,1c76d05d-9f93-485e-80bc-75a38f7c715b,2026-09-15T18:45:00Z,2026-09-15T20:45:00+0200,119.24,EUR/MWh,DK2,DK_2,imbalance_price,Long,2026-09-16T23:54:21Z
2026-09-16T23:50:49Z,2026-09-17T01:50:49+0200,1c76d05d-9f93-485e-80bc-75a38f7c715b,2026-09-15T18:45:00Z,2026-09-15T20:45:00+0200,119.24,EUR/MWh,DK2,DK_2,imbalance_price,Short,2026-09-16T23:54:21Z
2026-09-16T23:50:49Z,2026-09-17T01:50:49+0200,1c76d05d-9f93-485e-80bc-75a38f7c715b,2026-09-15T19:00:00Z,2026-09-15T21:00:00+0200,123.61,EUR/MWh,DK2,DK_2,imbalance_price,Long,2026-09-16T23:54:21Z
2026-09-16T23:50:49Z,2026-09-17T01:50:49+0200,1c76d05d-9f93-485e-80bc-75a38f7c715b,2026-09-15T19:00:00Z,2026-09-15T21:00:00+0200,123.61,EUR/MWh,DK2,DK_2,imbalance_price,Short,2026-09-16T23:54:21Z
2026-09-16T23:50:49Z,2026-09-17T01:50:49+0200,1c76d05d-9f93-485e-80bc-75a38f7c715b,2026-09-15T19:15:00Z,2026-09-15T21:15:00+0200,128.86,EUR/MWh,DK2,DK_2,imbalance_price,Long,2026-09-16T23:54:21Z
2026-09-16T23:50:49Z,2026-09-17T01:50:49+0200,1c76d05d-9f93-485e-80bc-75a38f7c715b,2026-09-15T19:15:00Z,2026-09-15T21:15:00+0200,128.86,EUR/MWh,DK2,DK_2,imbalance_price,Short,2026-09-16T23:54:21Z
2026-09-16T23:50:49Z,2026-09-17T01:50:49+0200,1c76d05d-9f93-485e-80bc-75a38f7c715b,2026-09-15T19:30:00Z,2026-09-15T21:30:00+0200,123.52,EUR/MWh,DK2,DK_2,imbalance_price,Long,2026-09-16T23:54:21Z
2026-09-16T23:50:49Z,2026-09-17T01:50:49+0200,1c76d05d-9f93-485e-80bc-75a38f7c715b,2026-09-15T19:30:00Z,2026-09-15T21:30:00+0200,123.52,EUR/MWh,DK2,DK_2,imbalance_price,Short,2026-09-16T23:54:21Z
2026-09-16T23:50:49Z,2026-09-17T01:50:49+0200,1c76d05d-9f93-485e-80bc-75a38f7c715b,2026-09-15T19:45:00Z,2026-09-15T21:45:00+0200,207.99,EUR/MWh,DK2,DK_2,imbalance_price,Long,2026-09-16T23:54:21Z
2026-09-16T23:50:49Z,2026-09-17T01:50:49+0200,1c76d05d-9f93-485e-80bc-75a38f7c715b,2026-09-15T19:45:00Z,2026-09-15T21:45:00+0200,207.99,EUR/MWh,DK2,DK_2,imbalance_price,Short,2026-09-16T23:54:21Z
2026-09-16T23:50:49Z,2026-09-17T01:50:49+0200,1c76d05d-9f93-485e-80bc-75a38f7c715b,2026-09-15T20:00:00Z,2026-09-15T22:00:00+0200,212.64,EUR/MWh,DK2,DK_2,imbalance_price,Long,2026-09-16T23:54:21Z
2026-09-16T23:50:49Z,2026-09-17T01:50:49+0200,1c76d05d-9f93-485e-80bc-75a38f7c715b,2026-09-15T20:00:00Z,2026-09-15T22:00:00+0200,212.64,EUR/MWh,DK2,DK_2,imbalance_price,Short,2026-09-16T23:54:21Z
2026-09-16T23:50:49Z,2026-09-17T01:50:49+0200,1c76d05d-9f93-485e-80bc-75a38f7c715b,2026-09-15T20:15:00Z,2026-09-15T22:15:00+0200,142.31,EUR/MWh,DK2,DK_2,imbalance_price,Long,2026-09-16T23:54:21Z
2026-09-16T23:50:49Z,2026-09-17T01:50:49+0200,1c76d05d-9f93-485e-80bc-75a38f7c715b,2026-09-15T20:15:00Z,2026-09-15T22:15:00+0200,142.31,EUR/MWh,DK2,DK_2,imbalance_price,Short,2026-09-16T23:54:21Z
2026-09-16T23:50:49Z,2026-09-17T01:50:49+0200,1c76d05d-9f93-485e-80bc-75a38f7c715b,2026-09-15T20:30:00Z,2026-09-15T22:30:00+0200,196.35,EUR/MWh,DK2,DK_2,imbalance_price,Long,2026-09-16T23:54:21Z
2026-09-16T23:50:49Z,2026-09-17T01:50:49+0200,1c76d05d-9f93-485e-80bc-75a38f7c715b,2026-09-15T20:30:00Z,2026-09-15T22:30:00+0200,196.35,EUR/MWh,DK2,DK_2,imbalance_price,Short,2026-09-16T23:54:21Z
2026-09-16T23:50:49Z,2026-09-17T01:50:49+0200,1c76d05d-9f93-485e-80bc-75a38f7c715b,2026-09-15T20:45:00Z,2026-09-15T22:45:00+0200,183.58,EUR/MWh,DK2,DK_2,imbalance_price,Long,2026-09-16T23:54:21Z
2026-09-16T23:50:49Z,2026-09-17T01:50:49+0200,1c76d05d-9f93-485e-80bc-75a38f7c715b,2026-09-15T20:45:00Z,2026-09-15T22:45:00+0200,183.58,EUR/MWh,DK2,DK_2,imbalance_price,Short,2026-09-16T23:54:21Z
2026-09-16T23:50:49Z,2026-09-17T01:50:49+0200,1c76d05d-9f93-485e-80bc-75a38f7c715b,2026-09-15T21:00:00Z,2026-09-15T23:00:00+0200,192.0,EUR/MWh,DK2,DK_2,imbalance_price,Long,2026-09-16T23:54:21Z
2026-09-16T23:50:49Z,2026-09-17T01:50:49+0200,1c76d05d-9f93-485e-80bc-75a38f7c715b,2026-09-15T21:00:00Z,2026-09-15T23:00:00+0200,192.0,EUR/MWh,DK2,DK_2,imbalance_price,Short,2026-09-16T23:54:21Z
2026-09-16T23:50:49Z,2026-09-17T01:50:49+0200,1c76d05d-9f93-485e-80bc-75a38f7c715b,2026-09-15T21:15:00Z,2026-09-15T23:15:00+0200,78.07,EUR/MWh,DK2,DK_2,imbalance_price,Long,2026-09-16T23:54:21Z
2026-09-16T23:50:49Z,2026-09-17T01:50:49+0200,1c76d05d-9f93-485e-80bc-75a38f7c715b,2026-09-15T21:15:00Z,2026-09-15T23:15:00+0200,78.07,EUR/MWh,DK2,DK_2,imbalance_price,Short,2026-09-16T23:54:21Z
2026-09-16T23:50:49Z,2026-09-17T01:50:49+0200,1c76d05d-9f93-485e-80bc-75a38f7c715b,2026-09-15T21:30:00Z,2026-09-15T23:30:00+0200,226.74,EUR/MWh,DK2,DK_2,imbalance_price,Long,2026-09-16T23:54:21Z
2026-09-16T23:50:49Z,2026-09-17T01:50:49+0200,1c76d05d-9f93-485e-80bc-75a38f7c715b,2026-09-15T21:30:00Z,2026-09-15T23:30:00+0200,226.74,EUR/MWh,DK2,DK_2,imbalance_price,Short,2026-09-16T23:54:21Z
2026-09-16T23:50:49Z,2026-09-17T01:50:49+0200,1c76d05d-9f93-485e-80bc-75a38f7c715b,2026-09-15T21:45:00Z,2026-09-15T23:45:00+0200,254.17,EUR/MWh,DK2,DK_2,imbalance_price,Long,2026-09-16T23:54:21Z
2026-09-16T23:50:49Z,2026-09-17T01:50:49+0200,1c76d05d-9f93-485e-80bc-75a38f7c715b,2026-09-15T21:45:00Z,2026-09-15T23:45:00+0200,254.17,EUR/MWh,DK2,DK_2,imbalance_price,Short,2026-09-16T23:54:21Z
2026-09-16T23:50:49Z,2026-09-17T01:50:49+0200,1c76d05d-9f93-485e-80bc-75a38f7c715b,2026-09-15T22:00:00Z,2026-09-16T00:00:00+0200,180.98,EUR/MWh,DK2,DK_2,imbalance_price,Long,2026-09-16T23:54:21Z
2026-09-16T23:50:49Z,2026-09-17T01:50:49+0200,1c76d05d-9f93-485e-80bc-75a38f7c715b,2026-09-15T22:00:00Z,2026-09-16T00:00:00+0200,180.98,EUR/MWh,DK2,DK_2,imbalance_price,Short,2026-09-16T23:54:21Z
2026-09-16T23:50:49Z,2026-09-17T01:50:49+0200,1c76d05d-9f93-485e-80bc-75a38f7c715b,2026-09-15T22:15:00Z,2026-09-16T00:15:00+0200,88.81,EUR/MWh,DK2,DK_2,imbalance_price,Long,2026-09-16T23:54:21Z
2026-09-16T23:50:49Z,2026-09-17T01:50:49+0200,1c76d05d-9f93-485e-80bc-75a38f7c715b,2026-09-15T22:15:00Z,2026-09-16T00:15:00+0200,88.81,EUR/MWh,DK2,DK_2,imbalance_price,Short,2026-09-16T23:54:21Z
2026-09-16T23:50:49Z,2026-09-17T01:50:49+0200,1c76d05d-9f93-485e-80bc-75a38f7c715b,2026-09-15T22:30:00Z,2026-09-16T00:30:00+0200,91.4,EUR/MWh,DK2,DK_2,imbalance_price,Long,2026-09-16T23:54:21Z
2026-09-16T23:50:49Z,2026-09-17T01:50:49+0200,1c76d05d-9f93-485e-80bc-75a38f7c715b,2026-09-15T22:30:00Z,2026-09-16T00:30:00+0200,91.4,EUR/MWh,DK2,DK_2,imbalance_price,Short,2026-09-16T23:54:21Z
2026-09-16T23:50:49Z,2026-09-17T01:50:49+0200,1c76d05d-9f93-485e-80bc-75a38f7c715b,2026-09-15T22:45:00Z,2026-09-16T00:45:00+0200,133.96,EUR/MWh,DK2,DK_2,imbalance_price,Long,2026-09-16T23:54:21Z
2026-09-16T23:50:49Z,2026-09-17T01:50:49+0200,1c76d05d-9f93-485e-80bc-75a38f7c715b,2026-09-15T22:45:00Z,2026-09-16T00:45:00+0200,133.96,EUR/MWh,DK2,DK_2,imbalance_price,Short,2026-09-16T23:54:21Z
2026-09-16T23:50:49Z,2026-09-17T01:50:49+0200,1c76d05d-9f93-485e-80bc-75a38f7c715b,2026-09-15T23:00:00Z,2026-09-16T01:00:00+0200,125.29,EUR/MWh,DK2,DK_2,imbalance_price,Long,2026-09-16T23:54:21Z
2026-09-16T23:50:49Z,2026-09-17T01:50:49+0200,1c76d05d-9f93-485e-80bc-75a38f7c715b,2026-09-15T23:00:00Z,2026-09-16T01:00:00+0200,125.29,EUR/MWh,DK2,DK_2,imbalance_price,Short,2026-09-16T23:54:21Z
2026-09-16T23:50:49Z,2026-09-17T01:50:49+0200,1c76d05d-9f93-485e-80bc-75a38f7c715b,2026-09-15T23:15:00Z,2026-09-16T01:15:00+0200,116.47,EUR/MWh,DK2,DK_2,imbalance_price,Long,2026-09-16T23:54:21Z
2026-09-16T23:50:49Z,2026-09-17T01:50:49+0200,1c76d05d-9f93-485e-80bc-75a38f7c715b,2026-09-15T23:15:00Z,2026-09-16T01:15:00+0200,116.47,EUR/MWh,DK2,DK_2,imbalance_price,Short,2026-09-16T23:54:21Z
2026-09-16T23:50:49Z,2026-09-17T01:50:49+0200,1c76d05d-9f93-485e-80bc-75a38f7c715b,2026-09-15T23:30:00Z,2026-09-16T01:30:00+0200,102.88,EUR/MWh,DK2,DK_2,imbalance_price,Long,2026-09-16T23:54:21Z
2026-09-16T23:50:49Z,2026-09-17T01:50:49+0200,1c76d05d-9f93-485e-80bc-75a38f7c715b,2026-09-15T23:30:00Z,2026-09-16T01:30:00+0200,102.88,EUR/MWh,DK2,DK_2,imbalance_price,Short,2026-09-16T23:54:21Z
2026-09-16T23:50:49Z,2026-09-17T01:50:49+0200,1c76d05d-9f93-485e-80bc-75a38f7c715b,2026-09-15T23:45:00Z,2026-09-16T01:45:00+0200,110.28,EUR/MWh,DK2,DK_2,imbalance_price,Long,2026-09-16T23:54:21Z
2026-09-16T23:50:49Z,2026-09-17T01:50:49+0200,1c76d05d-9f93-485e-80bc-75a38f7c715b,2026-09-15T23:45:00Z,2026-09-16T01:45:00+0200,110.28,EUR/MWh,DK2,DK_2,imbalance_price,Short,2026-09-16T23:54:21Z
2026-09-16T23:50:49Z,2026-09-17T01:50:49+0200,1c76d05d-9f93-485e-80bc-75a38f7c715b,2026-09-16T00:00:00Z,2026-09-16T02:00:00+0200,110.92,EUR/MWh,DK2,DK_2,imbalance_price,Long,2026-09-16T23:54:21Z
2026-09-16T23:50:49Z,2026-09-17T01:50:49+0200,1c76d05d-9f93-485e-80bc-75a38f7c715b,2026-09-16T00:00:00Z,2026-09-16T02:00:00+0200,110.92,EUR/MWh,DK2,DK_2,imbalance_price,Short,2026-09-16T23:54:21Z
2026-09-16T23:50:49Z,2026-09-17T01:50:49+0200,1c76d05d-9f93-485e-80bc-75a38f7c715b,2026-09-16T00:15:00Z,2026-09-16T02:15:00+0200,167.01,EUR/MWh,DK2,DK_2,imbalance_price,Long,2026-09-16T23:54:21Z
2026-09-16T23:50:49Z,2026-09-17T01:50:49+0200,1c76d05d-9f93-485e-80bc-75a38f7c715b,2026-09-16T00:15:00Z,2026-09-16T02:15:00+0200,167.01,EUR/MWh,DK2,DK_2,imbalance_price,Short,2026-09-16T23:54:21Z
2026-09-16T23:50:49Z,2026-09-17T01:50:49+0200,1c76d05d-9f93-485e-80bc-75a38f7c715b,2026-09-16T00:30:00Z,2026-09-16T02:30:00+0200,677.5,EUR/MWh,DK2,DK_2,imbalance_price,Long,2026-09-16T23:54:21Z
2026-09-16T23:50:49Z,2026-09-17T01:50:49+0200,1c76d05d-9f93-485e-80bc-75a38f7c715b,2026-09-16T00:30:00Z,2026-09-16T02:30:00+0200,677.5,EUR/MWh,DK2,DK_2,imbalance_price,Short,2026-09-16T23:54:21Z
2026-09-16T23:50:49Z,2026-09-17T01:50:49+0200,1c76d05d-9f93-485e-80bc-75a38f7c715b,2026-09-16T00:45:00Z,2026-09-16T02:45:00+0200,169.15,EUR/MWh,DK2,DK_2,imbalance_price,Long,2026-09-16T23:54:21Z
2026-09-16T23:50:49Z,2026-09-17T01:50:49+0200,1c76d05d-9f93-485e-80bc-75a38f7c715b,2026-09-16T00:45:00Z,2026-09-16T02:45:00+0200,169.15,EUR/MWh,DK2,DK_2,imbalance_price,Short,2026-09-16T23:54:21Z
2026-09-16T23:50:49Z,2026-09-17T01:50:49+0200,1c76d05d-9f93-485e-80bc-75a38f7c715b,2026-09-16T01:00:00Z,2026-09-16T03:00:00+0200,169.17,EUR/MWh,DK2,DK_2,imbalance_price,Long,2026-09-16T23:54:21Z
2026-09-16T23:50:49Z,2026-09-17T01:50:49+0200,1c76d05d-9f93-485e-80bc-75a38f7c715b,2026-09-16T01:00:00Z,2026-09-16T03:00:00+0200,169.17,EUR/MWh,DK2,DK_2,imbalance_price,Short,2026-09-16T23:54:21Z
2026-09-16T23:50:49Z,2026-09-17T01:50:49+0200,1c76d05d-9f93-485e-80bc-75a38f7c715b,2026-09-16T01:15:00Z,2026-09-16T03:15:00+0200,168.75,EUR/MWh,DK2,DK_2,imbalance_price,Long,2026-09-16T23:54:21Z
2026-09-16T23:50:49Z,2026-09-17T01:50:49+0200,1c76d05d-9f93-485e-80bc-75a38f7c715b,2026-09-16T01:15:00Z,2026-09-16T03:15:00+0200,168.75,EUR/MWh,DK2,DK_2,imbalance_price,Short,2026-09-16T23:54:21Z
2026-09-16T23:50:49Z,2026-09-17T01:50:49+0200,1c76d05d-9f93-485e-80bc-75a38f7c715b,2026-09-16T01:30:00Z,2026-09-16T03:30:00+0200,167.16,EUR/MWh,DK2,DK_2,imbalance_price,Long,2026-09-16T23:54:21Z
2026-09-16T23:50:49Z,2026-09-17T01:50:49+0200,1c76d05d-9f93-485e-80bc-75a38f7c715b,2026-09-16T01:30:00Z,2026-09-16T03:30:00+0200,167.16,EUR/MWh,DK2,DK_2,imbalance_price,Short,2026-09-16T23:54:21Z
2026-09-16T23:50:49Z,2026-09-17T01:50:49+0200,1c76d05d-9f93-485e-80bc-75a38f7c715b,2026-09-16T01:45:00Z,2026-09-16T03:45:00+0200,91.36,EUR/MWh,DK2,DK_2,imbalance_price,Long,2026-09-16T23:54:21Z
2026-09-16T23:50:49Z,2026-09-17T01:50:49+0200,1c76d05d-9f93-485e-80bc-75a38f7c715b,2026-09-16T01:45:00Z,2026-09-16T03:45:00+0200,91.36,EUR/MWh,DK2,DK_2,imbalance_price,Short,2026-09-16T23:54:21Z
2026-09-16T23:50:49Z,2026-09-17T01:50:49+0200,1c76d05d-9f93-485e-80bc-75a38f7c715b,2026-09-16T02:00:00Z,2026-09-16T04:00:00+0200,90.24,EUR/MWh,DK2,DK_2,imbalance_price,Long,2026-09-16T23:54:21Z
2026-09-16T23:50:49Z,2026-09-17T01:50:49+0200,1c76d05d-9f93-485e-80bc-75a38f7c715b,2026-09-16T02:00:00Z,2026-09-16T04:00:00+0200,90.24,EUR/MWh,DK2,DK_2,imbalance_price,Short,2026-09-16T23:54:21Z
2026-09-16T23:50:49Z,2026-09-17T01:50:49+0200,1c76d05d-9f93-485e-80bc-75a38f7c715b,2026-09-16T02:15:00Z,2026-09-16T04:15:00+0200,121.05,EUR/MWh,DK2,DK_2,imbalance_price,Long,2026-09-16T23:54:21Z
2026-09-16T23:50:49Z,2026-09-17T01:50:49+0200,1c76d05d-9f93-485e-80bc-75a38f7c715b,2026-09-16T02:15:00Z,2026-09-16T04:15:00+0200,121.05,EUR/MWh,DK2,DK_2,imbalance_price,Short,2026-09-16T23:54:21Z
2026-09-16T23:50:49Z,2026-09-17T01:50:49+0200,1c76d05d-9f93-485e-80bc-75a38f7c715b,2026-09-16T02:30:00Z,2026-09-16T04:30:00+0200,184.21,EUR/MWh,DK2,DK_2,imbalance_price,Long,2026-09-16T23:54:21Z
2026-09-16T23:50:49Z,2026-09-17T01:50:49+0200,1c76d05d-9f93-485e-80bc-75a38f7c715b,2026-09-16T02:30:00Z,2026-09-16T04:30:00+0200,184.21,EUR/MWh,DK2,DK_2,imbalance_price,Short,2026-09-16T23:54:21Z
2026-09-16T23:50:49Z,2026-09-17T01:50:49+0200,1c76d05d-9f93-485e-80bc-75a38f7c715b,2026-09-16T02:45:00Z,2026-09-16T04:45:00+0200,187.89,EUR/MWh,DK2,DK_2,imbalance_price,Long,2026-09-16T23:54:21Z
2026-09-16T23:50:49Z,2026-09-17T01:50:49+0200,1c76d05d-9f93-485e-80bc-75a38f7c715b,2026-09-16T02:45:00Z,2026-09-16T04:45:00+0200,187.89,EUR/MWh,DK2,DK_2,imbalance_price,Short,2026-09-16T23:54:21Z
2026-09-16T23:50:49Z,2026-09-17T01:50:49+0200,1c76d05d-9f93-485e-80bc-75a38f7c715b,2026-09-16T03:00:00Z,2026-09-16T05:00:00+0200,203.18,EUR/MWh,DK2,DK_2,imbalance_price,Long,2026-09-16T23:54:21Z
2026-09-16T23:50:49Z,2026-09-17T01:50:49+0200,1c76d05d-9f93-485e-80bc-75a38f7c715b,2026-09-16T03:00:00Z,2026-09-16T05:00:00+0200,203.18,EUR/MWh,DK2,DK_2,imbalance_price,Short,2026-09-16T23:54:21Z
2026-09-16T23:50:49Z,2026-09-17T01:50:49+0200,1c76d05d-9f93-485e-80bc-75a38f7c715b,2026-09-16T03:15:00Z,2026-09-16T05:15:00+0200,178.35,EUR/MWh,DK2,DK_2,imbalance_price,Long,2026-09-16T23:54:21Z
2026-09-16T23:50:49Z,2026-09-17T01:50:49+0200,1c76d05d-9f93-485e-80bc-75a38f7c715b,2026-09-16T03:15:00Z,2026-09-16T05:15:00+0200,178.35,EUR/MWh,DK2,DK_2,imbalance_price,Short,2026-09-16T23:54:21Z
2026-09-16T23:50:49Z,2026-09-17T01:50:49+0200,1c76d05d-9f93-485e-80bc-75a38f7c715b,2026-09-16T03:30:00Z,2026-09-16T05:30:00+0200,155.37,EUR/MWh,DK2,DK_2,imbalance_price,Long,2026-09-16T23:54:21Z
2026-09-16T23:50:49Z,2026-09-17T01:50:49+0200,1c76d05d-9f93-485e-80bc-75a38f7c715b,2026-09-16T03:30:00Z,2026-09-16T05:30:00+0200,155.37,EUR/MWh,DK2,DK_2,imbalance_price,Short,2026-09-16T23:54:21Z
2026-09-16T23:50:49Z,2026-09-17T01:50:49+0200,1c76d05d-9f93-485e-80bc-75a38f7c715b,2026-09-16T03:45:00Z,2026-09-16T05:45:00+0200,225.56,EUR/MWh,DK2,DK_2,imbalance_price,Long,2026-09-16T23:54:21Z
2026-09-16T23:50:49Z,2026-09-17T01:50:49+0200,1c76d05d-9f93-485e-80bc-75a38f7c715b,2026-09-16T03:45:00Z,2026-09-16T05:45:00+0200,225.56,EUR/MWh,DK2,DK_2,imbalance_price,Short,2026-09-16T23:54:21Z
2026-09-16T23:50:49Z,2026-09-17T01:50:49+0200,1c76d05d-9f93-485e-80bc-75a38f7c715b,2026-09-16T04:00:00Z,2026-09-16T06:00:00+0200,145.02,EUR/MWh,DK2,DK_2,imbalance_price,Long,2026-09-16T23:54:21Z
2026-09-16T23:50:49Z,2026-09-17T01:50:49+0200,1c76d05d-9f93-485e-80bc-75a38f7c715b,2026-09-16T04:00:00Z,2026-09-16T06:00:00+0200,145.02,EUR/MWh,DK2,DK_2,imbalance_price,Short,2026-09-16T23:54:21Z
2026-09-16T23:50:49Z,2026-09-17T01:50:49+0200,1c76d05d-9f93-485e-80bc-75a38f7c715b,2026-09-16T04:15:00Z,2026-09-16T06:15:00+0200,157.0,EUR/MWh,DK2,DK_2,imbalance_price,Long,2026-09-16T23:54:21Z
2026-09-16T23:50:49Z,2026-09-17T01:50:49+0200,1c76d05d-9f93-485e-80bc-75a38f7c715b,2026-09-16T04:15:00Z,2026-09-16T06:15:00+0200,157.0,EUR/MWh,DK2,DK_2,imbalance_price,Short,2026-09-16T23:54:21Z
2026-09-16T23:50:49Z,2026-09-17T01:50:49+0200,1c76d05d-9f93-485e-80bc-75a38f7c715b,2026-09-16T04:30:00Z,2026-09-16T06:30:00+0200,230.28,EUR/MWh,DK2,DK_2,imbalance_price,Long,2026-09-16T23:54:21Z
2026-09-16T23:50:49Z,2026-09-17T01:50:49+0200,1c76d05d-9f93-485e-80bc-75a38f7c715b,2026-09-16T04:30:00Z,2026-09-16T06:30:00+0200,230.28,EUR/MWh,DK2,DK_2,imbalance_price,Short,2026-09-16T23:54:21Z
2026-09-16T23:50:49Z,2026-09-17T01:50:49+0200,1c76d05d-9f93-485e-80bc-75a38f7c715b,2026-09-16T04:45:00Z,2026-09-16T06:45:00+0200,240.99,EUR/MWh,DK2,DK_2,imbalance_price,Long,2026-09-16T23:54:21Z
2026-09-16T23:50:49Z,2026-09-17T01:50:49+0200,1c76d05d-9f93-485e-80bc-75a38f7c715b,2026-09-16T04:45:00Z,2026-09-16T06:45:00+0200,240.99,EUR/MWh,DK2,DK_2,imbalance_price,Short,2026-09-16T23:54:21Z
2026-09-16T23:50:49Z,2026-09-17T01:50:49+0200,1c76d05d-9f93-485e-80bc-75a38f7c715b,2026-09-16T05:00:00Z,2026-09-16T07:00:00+0200,241.83,EUR/MWh,DK2,DK_2,imbalance_price,Long,2026-09-16T23:54:21Z
2026-09-16T23:50:49Z,2026-09-17T01:50:49+0200,1c76d05d-9f93-485e-80bc-75a38f7c715b,2026-09-16T05:00:00Z,2026-09-16T07:00:00+0200,241.83,EUR/MWh,DK2,DK_2,imbalance_price,Short,2026-09-16T23:54:21Z
2026-09-16T23:50:49Z,2026-09-17T01:50:49+0200,1c76d05d-9f93-485e-80bc-75a38f7c715b,2026-09-16T05:15:00Z,2026-09-16T07:15:00+0200,164.95,EUR/MWh,DK2,DK_2,imbalance_price,Long,2026-09-16T23:54:21Z
2026-09-16T23:50:49Z,2026-09-17T01:50:49+0200,1c76d05d-9f93-485e-80bc-75a38f7c715b,2026-09-16T05:15:00Z,2026-09-16T07:15:00+0200,164.95,EUR/MWh,DK2,DK_2,imbalance_price,Short,2026-09-16T23:54:21Z
2026-09-16T23:50:49Z,2026-09-17T01:50:49+0200,1c76d05d-9f93-485e-80bc-75a38f7c715b,2026-09-16T05:30:00Z,2026-09-16T07:30:00+0200,166.96,EUR/MWh,DK2,DK_2,imbalance_price,Long,2026-09-16T23:54:21Z
2026-09-16T23:50:49Z,2026-09-17T01:50:49+0200,1c76d05d-9f93-485e-80bc-75a38f7c715b,2026-09-16T05:30:00Z,2026-09-16T07:30:00+0200,166.96,EUR/MWh,DK2,DK_2,imbalance_price,Short,2026-09-16T23:54:21Z
2026-09-16T23:50:49Z,2026-09-17T01:50:49+0200,1c76d05d-9f93-485e-80bc-75a38f7c715b,2026-09-16T05:45:00Z,2026-09-16T07:45:00+0200,227.74,EUR/MWh,DK2,DK_2,imbalance_price,Long,2026-09-16T23:54:21Z
2026-09-16T23:50:49Z,2026-09-17T01:50:49+0200,1c76d05d-9f93-485e-80bc-75a38f7c715b,2026-09-16T05:45:00Z,2026-09-16T07:45:00+0200,227.74,EUR/MWh,DK2,DK_2,imbalance_price,Short,2026-09-16T23:54:21Z
2026-09-16T23:50:49Z,2026-09-17T01:50:49+0200,1c76d05d-9f93-485e-80bc-75a38f7c715b,2026-09-16T06:00:00Z,2026-09-16T08:00:00+0200,246.63,EUR/MWh,DK2,DK_2,imbalance_price,Long,2026-09-16T23:54:21Z
2026-09-16T23:50:49Z,2026-09-17T01:50:49+0200,1c76d05d-9f93-485e-80bc-75a38f7c715b,2026-09-16T06:00:00Z,2026-09-16T08:00:00+0200,246.63,EUR/MWh,DK2,DK_2,imbalance_price,Short,2026-09-16T23:54:21Z
2026-09-16T23:50:49Z,2026-09-17T01:50:49+0200,1c76d05d-9f93-485e-80bc-75a38f7c715b,2026-09-16T06:15:00Z,2026-09-16T08:15:00+0200,237.47,EUR/MWh,DK2,DK_2,imbalance_price,Long,2026-09-16T23:54:21Z
2026-09-16T23:50:49Z,2026-09-17T01:50:49+0200,1c76d05d-9f93-485e-80bc-75a38f7c715b,2026-09-16T06:15:00Z,2026-09-16T08:15:00+0200,237.47,EUR/MWh,DK2,DK_2,imbalance_price,Short,2026-09-16T23:54:21Z
2026-09-16T23:50:49Z,2026-09-17T01:50:49+0200,1c76d05d-9f93-485e-80bc-75a38f7c715b,2026-09-16T06:30:00Z,2026-09-16T08:30:00+0200,222.85,EUR/MWh,DK2,DK_2,imbalance_price,Long,2026-09-16T23:54:21Z
2026-09-16T23:50:49Z,2026-09-17T01:50:49+0200,1c76d05d-9f93-485e-80bc-75a38f7c715b,2026-09-16T06:30:00Z,2026-09-16T08:30:00+0200,222.85,EUR/MWh,DK2,DK_2,imbalance_price,Short,2026-09-16T23:54:21Z
2026-09-16T23:50:49Z,2026-09-17T01:50:49+0200,1c76d05d-9f93-485e-80bc-75a38f7c715b,2026-09-16T06:45:00Z,2026-09-16T08:45:00+0200,134.24,EUR/MWh,DK2,DK_2,imbalance_price,Long,2026-09-16T23:54:21Z
2026-09-16T23:50:49Z,2026-09-17T01:50:49+0200,1c76d05d-9f93-485e-80bc-75a38f7c715b,2026-09-16T06:45:00Z,2026-09-16T08:45:00+0200,134.24,EUR/MWh,DK2,DK_2,imbalance_price,Short,2026-09-16T23:54:21Z
2026-09-16T23:50:49Z,2026-09-17T01:50:49+0200,1c76d05d-9f93-485e-80bc-75a38f7c715b,2026-09-16T07:00:00Z,2026-09-16T09:00:00+0200,127.25,EUR/MWh,DK2,DK_2,imbalance_price,Long,2026-09-16T23:54:21Z
2026-09-16T23:50:49Z,2026-09-17T01:50:49+0200,1c76d05d-9f93-485e-80bc-75a38f7c715b,2026-09-16T07:00:00Z,2026-09-16T09:00:00+0200,127.25,EUR/MWh,DK2,DK_2,imbalance_price,Short,2026-09-16T23:54:21Z
2026-09-16T23:50:49Z,2026-09-17T01:50:49+0200,1c76d05d-9f93-485e-80bc-75a38f7c715b,2026-09-16T07:15:00Z,2026-09-16T09:15:00+0200,156.24,EUR/MWh,DK2,DK_2,imbalance_price,Long,2026-09-16T23:54:21Z
2026-09-16T23:50:49Z,2026-09-17T01:50:49+0200,1c76d05d-9f93-485e-80bc-75a38f7c715b,2026-09-16T07:15:00Z,2026-09-16T09:15:00+0200,156.24,EUR/MWh,DK2,DK_2,imbalance_price,Short,2026-09-16T23:54:21Z
2026-09-16T23:50:49Z,2026-09-17T01:50:49+0200,1c76d05d-9f93-485e-80bc-75a38f7c715b,2026-09-16T07:30:00Z,2026-09-16T09:30:00+0200,85.53,EUR/MWh,DK2,DK_2,imbalance_price,Long,2026-09-16T23:54:21Z
2026-09-16T23:50:49Z,2026-09-17T01:50:49+0200,1c76d05d-9f93-485e-80bc-75a38f7c715b,2026-09-16T07:30:00Z,2026-09-16T09:30:00+0200,85.53,EUR/MWh,DK2,DK_2,imbalance_price,Short,2026-09-16T23:54:21Z
2026-09-16T23:50:49Z,2026-09-17T01:50:49+0200,1c76d05d-9f93-485e-80bc-75a38f7c715b,2026-09-16T07:45:00Z,2026-09-16T09:45:00+0200,156.17,EUR/MWh,DK2,DK_2,imbalance_price,Long,2026-09-16T23:54:21Z
2026-09-16T23:50:49Z,2026-09-17T01:50:49+0200,1c76d05d-9f93-485e-80bc-75a38f7c715b,2026-09-16T07:45:00Z,2026-09-16T09:45:00+0200,156.17,EUR/MWh,DK2,DK_2,imbalance_price,Short,2026-09-16T23:54:21Z
2026-09-16T23:50:49Z,2026-09-17T01:50:49+0200,1c76d05d-9f93-485e-80bc-75a38f7c715b,2026-09-16T08:00:00Z,2026-09-16T10:00:00+0200,172.7,EUR/MWh,DK2,DK_2,imbalance_price,Long,2026-09-16T23:54:21Z
2026-09-16T23:50:49Z,2026-09-17T01:50:49+0200,1c76d05d-9f93-485e-80bc-75a38f7c715b,2026-09-16T08:00:00Z,2026-09-16T10:00:00+0200,172.7,EUR/MWh,DK2,DK_2,imbalance_price,Short,2026-09-16T23:54:21Z
2026-09-16T23:50:49Z,2026-09-17T01:50:49+0200,1c76d05d-9f93-485e-80bc-75a38f7c715b,2026-09-16T08:15:00Z,2026-09-16T10:15:00+0200,189.99,EUR/MWh,DK2,DK_2,imbalance_price,Long,2026-09-16T23:54:21Z
2026-09-16T23:50:49Z,2026-09-17T01:50:49+0200,1c76d05d-9f93-485e-80bc-75a38f7c715b,2026-09-16T08:15:00Z,2026-09-16T10:15:00+0200,189.99,EUR/MWh,DK2,DK_2,imbalance_price,Short,2026-09-16T23:54:21Z
2026-09-16T23:50:49Z,2026-09-17T01:50:49+0200,1c76d05d-9f93-485e-80bc-75a38f7c715b,2026-09-16T08:30:00Z,2026-09-16T10:30:00+0200,224.22,EUR/MWh,DK2,DK_2,imbalance_price,Long,2026-09-16T23:54:21Z
2026-09-16T23:50:49Z,2026-09-17T01:50:49+0200,1c76d05d-9f93-485e-80bc-75a38f7c715b,2026-09-16T08:30:00Z,2026-09-16T10:30:00+0200,224.22,EUR/MWh,DK2,DK_2,imbalance_price,Short,2026-09-16T23:54:21Z
2026-09-16T23:50:49Z,2026-09-17T01:50:49+0200,1c76d05d-9f93-485e-80bc-75a38f7c715b,2026-09-16T08:45:00Z,2026-09-16T10:45:00+0200,151.46,EUR/MWh,DK2,DK_2,imbalance_price,Long,2026-09-16T23:54:21Z
2026-09-16T23:50:49Z,2026-09-17T01:50:49+0200,1c76d05d-9f93-485e-80bc-75a38f7c715b,2026-09-16T08:45:00Z,2026-09-16T10:45:00+0200,151.46,EUR/MWh,DK2,DK_2,imbalance_price,Short,2026-09-16T23:54:21Z
2026-09-16T23:50:49Z,2026-09-17T01:50:49+0200,1c76d05d-9f93-485e-80bc-75a38f7c715b,2026-09-16T09:00:00Z,2026-09-16T11:00:00+0200,149.3,EUR/MWh,DK2,DK_2,imbalance_price,Long,2026-09-16T23:54:21Z
2026-09-16T23:50:49Z,2026-09-17T01:50:49+0200,1c76d05d-9f93-485e-80bc-75a38f7c715b,2026-09-16T09:00:00Z,2026-09-16T11:00:00+0200,149.3,EUR/MWh,DK2,DK_2,imbalance_price,Short,2026-09-16T23:54:21Z
2026-09-16T23:50:49Z,2026-09-17T01:50:49+0200,1c76d05d-9f93-485e-80bc-75a38f7c715b,2026-09-16T09:15:00Z,2026-09-16T11:15:00+0200,141.94,EUR/MWh,DK2,DK_2,imbalance_price,Long,2026-09-16T23:54:21Z
2026-09-16T23:50:49Z,2026-09-17T01:50:49+0200,1c76d05d-9f93-485e-80bc-75a38f7c715b,2026-09-16T09:15:00Z,2026-09-16T11:15:00+0200,141.94,EUR/MWh,DK2,DK_2,imbalance_price,Short,2026-09-16T23:54:21Z
2026-09-16T23:50:49Z,2026-09-17T01:50:49+0200,1c76d05d-9f93-485e-80bc-75a38f7c715b,2026-09-16T09:30:00Z,2026-09-16T11:30:00+0200,407.15,EUR/MWh,DK2,DK_2,imbalance_price,Long,2026-09-16T23:54:21Z
2026-09-16T23:50:49Z,2026-09-17T01:50:49+0200,1c76d05d-9f93-485e-80bc-75a38f7c715b,2026-09-16T09:30:00Z,2026-09-16T11:30:00+0200,407.15,EUR/MWh,DK2,DK_2,imbalance_price,Short,2026-09-16T23:54:21Z
2026-09-16T23:50:49Z,2026-09-17T01:50:49+0200,1c76d05d-9f93-485e-80bc-75a38f7c715b,2026-09-16T09:45:00Z,2026-09-16T11:45:00+0200,183.08,EUR/MWh,DK2,DK_2,imbalance_price,Long,2026-09-16T23:54:21Z
2026-09-16T23:50:49Z,2026-09-17T01:50:49+0200,1c76d05d-9f93-485e-80bc-75a38f7c715b,2026-09-16T09:45:00Z,2026-09-16T11:45:00+0200,183.08,EUR/MWh,DK2,DK_2,imbalance_price,Short,2026-09-16T23:54:21Z
2026-09-16T23:50:49Z,2026-09-17T01:50:49+0200,1c76d05d-9f93-485e-80bc-75a38f7c715b,2026-09-16T10:00:00Z,2026-09-16T12:00:00+0200,211.25,EUR/MWh,DK2,DK_2,imbalance_price,Long,2026-09-16T23:54:21Z
2026-09-16T23:50:49Z,2026-09-17T01:50:49+0200,1c76d05d-9f93-485e-80bc-75a38f7c715b,2026-09-16T10:00:00Z,2026-09-16T12:00:00+0200,211.25,EUR/MWh,DK2,DK_2,imbalance_price,Short,2026-09-16T23:54:21Z
2026-09-16T23:50:49Z,2026-09-17T01:50:49+0200,1c76d05d-9f93-485e-80bc-75a38f7c715b,2026-09-16T10:15:00Z,2026-09-16T12:15:00+0200,187.06,EUR/MWh,DK2,DK_2,imbalance_price,Long,2026-09-16T23:54:21Z
2026-09-16T23:50:49Z,2026-09-17T01:50:49+0200,1c76d05d-9f93-485e-80bc-75a38f7c715b,2026-09-16T10:15:00Z,2026-09-16T12:15:00+0200,187.06,EUR/MWh,DK2,DK_2,imbalance_price,Short,2026-09-16T23:54:21Z
2026-09-16T23:50:49Z,2026-09-17T01:50:49+0200,1c76d05d-9f93-485e-80bc-75a38f7c715b,2026-09-16T10:30:00Z,2026-09-16T12:30:00+0200,105.73,EUR/MWh,DK2,DK_2,imbalance_price,Long,2026-09-16T23:54:21Z
2026-09-16T23:50:49Z,2026-09-17T01:50:49+0200,1c76d05d-9f93-485e-80bc-75a38f7c715b,2026-09-16T10:30:00Z,2026-09-16T12:30:00+0200,105.73,EUR/MWh,DK2,DK_2,imbalance_price,Short,2026-09-16T23:54:21Z
2026-09-16T23:50:49Z,2026-09-17T01:50:49+0200,1c76d05d-9f93-485e-80bc-75a38f7c715b,2026-09-16T10:45:00Z,2026-09-16T12:45:00+0200,97.83,EUR/MWh,DK2,DK_2,imbalance_price,Long,2026-09-16T23:54:21Z
2026-09-16T23:50:49Z,2026-09-17T01:50:49+0200,1c76d05d-9f93-485e-80bc-75a38f7c715b,2026-09-16T10:45:00Z,2026-09-16T12:45:00+0200,97.83,EUR/MWh,DK2,DK_2,imbalance_price,Short,2026-09-16T23:54:21Z
2026-09-16T23:50:49Z,2026-09-17T01:50:49+0200,1c76d05d-9f93-485e-80bc-75a38f7c715b,2026-09-16T11:00:00Z,2026-09-16T13:00:00+0200,220.84,EUR/MWh,DK2,DK_2,imbalance_price,Long,2026-09-16T23:54:21Z
2026-09-16T23:50:49Z,2026-09-17T01:50:49+0200,1c76d05d-9f93-485e-80bc-75a38f7c715b,2026-09-16T11:00:00Z,2026-09-16T13:00:00+0200,220.84,EUR/MWh,DK2,DK_2,imbalance_price,Short,2026-09-16T23:54:21Z
2026-09-16T23:50:49Z,2026-09-17T01:50:49+0200,1c76d05d-9f93-485e-80bc-75a38f7c715b,2026-09-16T11:15:00Z,2026-09-16T13:15:00+0200,97.91,EUR/MWh,DK2,DK_2,imbalance_price,Long,2026-09-16T23:54:21Z
2026-09-16T23:50:49Z,2026-09-17T01:50:49+0200,1c76d05d-9f93-485e-80bc-75a38f7c715b,2026-09-16T11:15:00Z,2026-09-16T13:15:00+0200,97.91,EUR/MWh,DK2,DK_2,imbalance_price,Short,2026-09-16T23:54:21Z
2026-09-16T23:50:49Z,2026-09-17T01:50:49+0200,1c76d05d-9f93-485e-80bc-75a38f7c715b,2026-09-16T11:30:00Z,2026-09-16T13:30:00+0200,128.65,EUR/MWh,DK2,DK_2,imbalance_price,Long,2026-09-16T23:54:21Z
2026-09-16T23:50:49Z,2026-09-17T01:50:49+0200,1c76d05d-9f93-485e-80bc-75a38f7c715b,2026-09-16T11:30:00Z,2026-09-16T13:30:00+0200,128.65,EUR/MWh,DK2,DK_2,imbalance_price,Short,2026-09-16T23:54:21Z
2026-09-16T23:50:49Z,2026-09-17T01:50:49+0200,1c76d05d-9f93-485e-80bc-75a38f7c715b,2026-09-16T11:45:00Z,2026-09-16T13:45:00+0200,138.7,EUR/MWh,DK2,DK_2,imbalance_price,Long,2026-09-16T23:54:21Z
2026-09-16T23:50:49Z,2026-09-17T01:50:49+0200,1c76d05d-9f93-485e-80bc-75a38f7c715b,2026-09-16T11:45:00Z,2026-09-16T13:45:00+0200,138.7,EUR/MWh,DK2,DK_2,imbalance_price,Short,2026-09-16T23:54:21Z
2026-09-16T23:50:49Z,2026-09-17T01:50:49+0200,1c76d05d-9f93-485e-80bc-75a38f7c715b,2026-09-16T12:00:00Z,2026-09-16T14:00:00+0200,21.15,EUR/MWh,DK2,DK_2,imbalance_price,Long,2026-09-16T23:54:21Z
2026-09-16T23:50:49Z,2026-09-17T01:50:49+0200,1c76d05d-9f93-485e-80bc-75a38f7c715b,2026-09-16T12:00:00Z,2026-09-16T14:00:00+0200,21.15,EUR/MWh,DK2,DK_2,imbalance_price,Short,2026-09-16T23:54:21Z
2026-09-16T23:50:49Z,2026-09-17T01:50:49+0200,1c76d05d-9f93-485e-80bc-75a38f7c715b,2026-09-16T12:15:00Z,2026-09-16T14:15:00+0200,53.5,EUR/MWh,DK2,DK_2,imbalance_price,Long,2026-09-16T23:54:21Z
2026-09-16T23:50:49Z,2026-09-17T01:50:49+0200,1c76d05d-9f93-485e-80bc-75a38f7c715b,2026-09-16T12:15:00Z,2026-09-16T14:15:00+0200,53.5,EUR/MWh,DK2,DK_2,imbalance_price,Short,2026-09-16T23:54:21Z
2026-09-16T23:50:49Z,2026-09-17T01:50:49+0200,1c76d05d-9f93-485e-80bc-75a38f7c715b,2026-09-16T12:30:00Z,2026-09-16T14:30:00+0200,-7.77,EUR/MWh,DK2,DK_2,imbalance_price,Long,2026-09-16T23:54:21Z
2026-09-16T23:50:49Z,2026-09-17T01:50:49+0200,1c76d05d-9f93-485e-80bc-75a38f7c715b,2026-09-16T12:30:00Z,2026-09-16T14:30:00+0200,-7.77,EUR/MWh,DK2,DK_2,imbalance_price,Short,2026-09-16T23:54:21Z
2026-09-16T23:50:49Z,2026-09-17T01:50:49+0200,1c76d05d-9f93-485e-80bc-75a38f7c715b,2026-09-16T12:45:00Z,2026-09-16T14:45:00+0200,-5.89,EUR/MWh,DK2,DK_2,imbalance_price,Long,2026-09-16T23:54:21Z
2026-09-16T23:50:49Z,2026-09-17T01:50:49+0200,1c76d05d-9f93-485e-80bc-75a38f7c715b,2026-09-16T12:45:00Z,2026-09-16T14:45:00+0200,-5.89,EUR/MWh,DK2,DK_2,imbalance_price,Short,2026-09-16T23:54:21Z
2026-09-16T23:50:49Z,2026-09-17T01:50:49+0200,1c76d05d-9f93-485e-80bc-75a38f7c715b,2026-09-16T13:00:00Z,2026-09-16T15:00:00+0200,33.44,EUR/MWh,DK2,DK_2,imbalance_price,Long,2026-09-16T23:54:21Z
2026-09-16T23:50:49Z,2026-09-17T01:50:49+0200,1c76d05d-9f93-485e-80bc-75a38f7c715b,2026-09-16T13:00:00Z,2026-09-16T15:00:00+0200,33.44,EUR/MWh,DK2,DK_2,imbalance_price,Short,2026-09-16T23:54:21Z
2026-09-16T23:50:49Z,2026-09-17T01:50:49+0200,1c76d05d-9f93-485e-80bc-75a38f7c715b,2026-09-16T13:15:00Z,2026-09-16T15:15:00+0200,117.18,EUR/MWh,DK2,DK_2,imbalance_price,Long,2026-09-16T23:54:21Z
2026-09-16T23:50:49Z,2026-09-17T01:50:49+0200,1c76d05d-9f93-485e-80bc-75a38f7c715b,2026-09-16T13:15:00Z,2026-09-16T15:15:00+0200,117.18,EUR/MWh,DK2,DK_2,imbalance_price,Short,2026-09-16T23:54:21Z
2026-09-16T23:50:49Z,2026-09-17T01:50:49+0200,1c76d05d-9f93-485e-80bc-75a38f7c715b,2026-09-16T13:30:00Z,2026-09-16T15:30:00+0200,16.46,EUR/MWh,DK2,DK_2,imbalance_price,Long,2026-09-16T23:54:21Z
2026-09-16T23:50:49Z,2026-09-17T01:50:49+0200,1c76d05d-9f93-485e-80bc-75a38f7c715b,2026-09-16T13:30:00Z,2026-09-16T15:30:00+0200,16.46,EUR/MWh,DK2,DK_2,imbalance_price,Short,2026-09-16T23:54:21Z
2026-09-16T23:50:49Z,2026-09-17T01:50:49+0200,1c76d05d-9f93-485e-80bc-75a38f7c715b,2026-09-16T13:45:00Z,2026-09-16T15:45:00+0200,132.01,EUR/MWh,DK2,DK_2,imbalance_price,Long,2026-09-16T23:54:21Z
2026-09-16T23:50:49Z,2026-09-17T01:50:49+0200,1c76d05d-9f93-485e-80bc-75a38f7c715b,2026-09-16T13:45:00Z,2026-09-16T15:45:00+0200,132.01,EUR/MWh,DK2,DK_2,imbalance_price,Short,2026-09-16T23:54:21Z
2026-09-16T23:50:49Z,2026-09-17T01:50:49+0200,1c76d05d-9f93-485e-80bc-75a38f7c715b,2026-09-16T14:00:00Z,2026-09-16T16:00:00+0200,131.56,EUR/MWh,DK2,DK_2,imbalance_price,Long,2026-09-16T23:54:21Z
2026-09-16T23:50:49Z,2026-09-17T01:50:49+0200,1c76d05d-9f93-485e-80bc-75a38f7c715b,2026-09-16T14:00:00Z,2026-09-16T16:00:00+0200,131.56,EUR/MWh,DK2,DK_2,imbalance_price,Short,2026-09-16T23:54:21Z
2026-09-16T23:50:49Z,2026-09-17T01:50:49+0200,1c76d05d-9f93-485e-80bc-75a38f7c715b,2026-09-16T14:15:00Z,2026-09-16T16:15:00+0200,97.46,EUR/MWh,DK2,DK_2,imbalance_price,Long,2026-09-16T23:54:21Z
2026-09-16T23:50:49Z,2026-09-17T01:50:49+0200,1c76d05d-9f93-485e-80bc-75a38f7c715b,2026-09-16T14:15:00Z,2026-09-16T16:15:00+0200,97.46,EUR/MWh,DK2,DK_2,imbalance_price,Short,2026-09-16T23:54:21Z
2026-09-16T23:50:49Z,2026-09-17T01:50:49+0200,1c76d05d-9f93-485e-80bc-75a38f7c715b,2026-09-16T14:30:00Z,2026-09-16T16:30:00+0200,165.25,EUR/MWh,DK2,DK_2,imbalance_price,Long,2026-09-16T23:54:21Z
2026-09-16T23:50:49Z,2026-09-17T01:50:49+0200,1c76d05d-9f93-485e-80bc-75a38f7c715b,2026-09-16T14:30:00Z,2026-09-16T16:30:00+0200,165.25,EUR/MWh,DK2,DK_2,imbalance_price,Short,2026-09-16T23:54:21Z
2026-09-16T23:50:49Z,2026-09-17T01:50:49+0200,1c76d05d-9f93-485e-80bc-75a38f7c715b,2026-09-16T14:45:00Z,2026-09-16T16:45:00+0200,120.4,EUR/MWh,DK2,DK_2,imbalance_price,Long,2026-09-16T23:54:21Z
2026-09-16T23:50:49Z,2026-09-17T01:50:49+0200,1c76d05d-9f93-485e-80bc-75a38f7c715b,2026-09-16T14:45:00Z,2026-09-16T16:45:00+0200,120.4,EUR/MWh,DK2,DK_2,imbalance_price,Short,2026-09-16T23:54:21Z
2026-09-16T23:50:49Z,2026-09-17T01:50:49+0200,1c76d05d-9f93-485e-80bc-75a38f7c715b,2026-09-16T15:00:00Z,2026-09-16T17:00:00+0200,182.68,EUR/MWh,DK2,DK_2,imbalance_price,Long,2026-09-16T23:54:21Z
2026-09-16T23:50:49Z,2026-09-17T01:50:49+0200,1c76d05d-9f93-485e-80bc-75a38f7c715b,2026-09-16T15:00:00Z,2026-09-16T17:00:00+0200,182.68,EUR/MWh,DK2,DK_2,imbalance_price,Short,2026-09-16T23:54:21Z
2026-09-16T23:50:49Z,2026-09-17T01:50:49+0200,1c76d05d-9f93-485e-80bc-75a38f7c715b,2026-09-16T15:15:00Z,2026-09-16T17:15:00+0200,202.46,EUR/MWh,DK2,DK_2,imbalance_price,Long,2026-09-16T23:54:21Z
2026-09-16T23:50:49Z,2026-09-17T01:50:49+0200,1c76d05d-9f93-485e-80bc-75a38f7c715b,2026-09-16T15:15:00Z,2026-09-16T17:15:00+0200,202.46,EUR/MWh,DK2,DK_2,imbalance_price,Short,2026-09-16T23:54:21Z
2026-09-16T23:50:49Z,2026-09-17T01:50:49+0200,1c76d05d-9f93-485e-80bc-75a38f7c715b,2026-09-16T15:30:00Z,2026-09-16T17:30:00+0200,206.72,EUR/MWh,DK2,DK_2,imbalance_price,Long,2026-09-16T23:54:21Z
2026-09-16T23:50:49Z,2026-09-17T01:50:49+0200,1c76d05d-9f93-485e-80bc-75a38f7c715b,2026-09-16T15:30:00Z,2026-09-16T17:30:00+0200,206.72,EUR/MWh,DK2,DK_2,imbalance_price,Short,2026-09-16T23:54:21Z
2026-09-16T23:50:49Z,2026-09-17T01:50:49+0200,1c76d05d-9f93-485e-80bc-75a38f7c715b,2026-09-16T15:45:00Z,2026-09-16T17:45:00+0200,216.64,EUR/MWh,DK2,DK_2,imbalance_price,Long,2026-09-16T23:54:21Z
2026-09-16T23:50:49Z,2026-09-17T01:50:49+0200,1c76d05d-9f93-485e-80bc-75a38f7c715b,2026-09-16T15:45:00Z,2026-09-16T17:45:00+0200,216.64,EUR/MWh,DK2,DK_2,imbalance_price,Short,2026-09-16T23:54:21Z
2026-09-16T23:50:49Z,2026-09-17T01:50:49+0200,1c76d05d-9f93-485e-80bc-75a38f7c715b,2026-09-16T16:00:00Z,2026-09-16T18:00:00+0200,165.55,EUR/MWh,DK2,DK_2,imbalance_price,Long,2026-09-16T23:54:21Z
2026-09-16T23:50:49Z,2026-09-17T01:50:49+0200,1c76d05d-9f93-485e-80bc-75a38f7c715b,2026-09-16T16:00:00Z,2026-09-16T18:00:00+0200,165.55,EUR/MWh,DK2,DK_2,imbalance_price,Short,2026-09-16T23:54:21Z
2026-09-16T23:50:49Z,2026-09-17T01:50:49+0200,1c76d05d-9f93-485e-80bc-75a38f7c715b,2026-09-16T16:15:00Z,2026-09-16T18:15:00+0200,220.11,EUR/MWh,DK2,DK_2,imbalance_price,Long,2026-09-16T23:54:21Z
2026-09-16T23:50:49Z,2026-09-17T01:50:49+0200,1c76d05d-9f93-485e-80bc-75a38f7c715b,2026-09-16T16:15:00Z,2026-09-16T18:15:00+0200,220.11,EUR/MWh,DK2,DK_2,imbalance_price,Short,2026-09-16T23:54:21Z
2026-09-16T23:50:49Z,2026-09-17T01:50:49+0200,1c76d05d-9f93-485e-80bc-75a38f7c715b,2026-09-16T16:30:00Z,2026-09-16T18:30:00+0200,669.0,EUR/MWh,DK2,DK_2,imbalance_price,Long,2026-09-16T23:54:21Z
2026-09-16T23:50:49Z,2026-09-17T01:50:49+0200,1c76d05d-9f93-485e-80bc-75a38f7c715b,2026-09-16T16:30:00Z,2026-09-16T18:30:00+0200,669.0,EUR/MWh,DK2,DK_2,imbalance_price,Short,2026-09-16T23:54:21Z
2026-09-16T23:50:49Z,2026-09-17T01:50:49+0200,1c76d05d-9f93-485e-80bc-75a38f7c715b,2026-09-16T16:45:00Z,2026-09-16T18:45:00+0200,401.33,EUR/MWh,DK2,DK_2,imbalance_price,Long,2026-09-16T23:54:21Z
2026-09-16T23:50:49Z,2026-09-17T01:50:49+0200,1c76d05d-9f93-485e-80bc-75a38f7c715b,2026-09-16T16:45:00Z,2026-09-16T18:45:00+0200,401.33,EUR/MWh,DK2,DK_2,imbalance_price,Short,2026-09-16T23:54:21Z
2026-09-16T23:50:49Z,2026-09-17T01:50:49+0200,1c76d05d-9f93-485e-80bc-75a38f7c715b,2026-09-16T17:00:00Z,2026-09-16T19:00:00+0200,237.0,EUR/MWh,DK2,DK_2,imbalance_price,Long,2026-09-16T23:54:21Z
2026-09-16T23:50:49Z,2026-09-17T01:50:49+0200,1c76d05d-9f93-485e-80bc-75a38f7c715b,2026-09-16T17:00:00Z,2026-09-16T19:00:00+0200,237.0,EUR/MWh,DK2,DK_2,imbalance_price,Short,2026-09-16T23:54:21Z
2026-09-16T23:50:49Z,2026-09-17T01:50:49+0200,1c76d05d-9f93-485e-80bc-75a38f7c715b,2026-09-16T17:15:00Z,2026-09-16T19:15:00+0200,246.92,EUR/MWh,DK2,DK_2,imbalance_price,Long,2026-09-16T23:54:21Z
2026-09-16T23:50:49Z,2026-09-17T01:50:49+0200,1c76d05d-9f93-485e-80bc-75a38f7c715b,2026-09-16T17:15:00Z,2026-09-16T19:15:00+0200,246.92,EUR/MWh,DK2,DK_2,imbalance_price,Short,2026-09-16T23:54:21Z
2026-09-16T23:50:49Z,2026-09-17T01:50:49+0200,1c76d05d-9f93-485e-80bc-75a38f7c715b,2026-09-16T17:30:00Z,2026-09-16T19:30:00+0200,261.63,EUR/MWh,DK2,DK_2,imbalance_price,Long,2026-09-16T23:54:21Z
2026-09-16T23:50:49Z,2026-09-17T01:50:49+0200,1c76d05d-9f93-485e-80bc-75a38f7c715b,2026-09-16T17:30:00Z,2026-09-16T19:30:00+0200,261.63,EUR/MWh,DK2,DK_2,imbalance_price,Short,2026-09-16T23:54:21Z
2026-09-16T23:50:49Z,2026-09-17T01:50:49+0200,1c76d05d-9f93-485e-80bc-75a38f7c715b,2026-09-16T17:45:00Z,2026-09-16T19:45:00+0200,144.02,EUR/MWh,DK2,DK_2,imbalance_price,Long,2026-09-16T23:54:21Z
2026-09-16T23:50:49Z,2026-09-17T01:50:49+0200,1c76d05d-9f93-485e-80bc-75a38f7c715b,2026-09-16T17:45:00Z,2026-09-16T19:45:00+0200,144.02,EUR/MWh,DK2,DK_2,imbalance_price,Short,2026-09-16T23:54:21Z
2026-09-16T23:50:49Z,2026-09-17T01:50:49+0200,1c76d05d-9f93-485e-80bc-75a38f7c715b,2026-09-16T18:00:00Z,2026-09-16T20:00:00+0200,173.53,EUR/MWh,DK2,DK_2,imbalance_price,Long,2026-09-16T23:54:21Z
2026-09-16T23:50:49Z,2026-09-17T01:50:49+0200,1c76d05d-9f93-485e-80bc-75a38f7c715b,2026-09-16T18:00:00Z,2026-09-16T20:00:00+0200,173.53,EUR/MWh,DK2,DK_2,imbalance_price,Short,2026-09-16T23:54:21Z
2026-09-16T23:50:49Z,2026-09-17T01:50:49+0200,1c76d05d-9f93-485e-80bc-75a38f7c715b,2026-09-16T18:15:00Z,2026-09-16T20:15:00+0200,155.91,EUR/MWh,DK2,DK_2,imbalance_price,Long,2026-09-16T23:54:21Z
2026-09-16T23:50:49Z,2026-09-17T01:50:49+0200,1c76d05d-9f93-485e-80bc-75a38f7c715b,2026-09-16T18:15:00Z,2026-09-16T20:15:00+0200,155.91,EUR/MWh,DK2,DK_2,imbalance_price,Short,2026-09-16T23:54:21Z
2026-09-16T23:50:49Z,2026-09-17T01:50:49+0200,1c76d05d-9f93-485e-80bc-75a38f7c715b,2026-09-16T18:30:00Z,2026-09-16T20:30:00+0200,238.31,EUR/MWh,DK2,DK_2,imbalance_price,Long,2026-09-16T23:54:21Z
2026-09-16T23:50:49Z,2026-09-17T01:50:49+0200,1c76d05d-9f93-485e-80bc-75a38f7c715b,2026-09-16T18:30:00Z,2026-09-16T20:30:00+0200,238.31,EUR/MWh,DK2,DK_2,imbalance_price,Short,2026-09-16T23:54:21Z
2026-09-16T23:50:49Z,2026-09-17T01:50:49+0200,1c76d05d-9f93-485e-80bc-75a38f7c715b,2026-09-16T18:45:00Z,2026-09-16T20:45:00+0200,233.05,EUR/MWh,DK2,DK_2,imbalance_price,Long,2026-09-16T23:54:21Z
2026-09-16T23:50:49Z,2026-09-17T01:50:49+0200,1c76d05d-9f93-485e-80bc-75a38f7c715b,2026-09-16T18:45:00Z,2026-09-16T20:45:00+0200,233.05,EUR/MWh,DK2,DK_2,imbalance_price,Short,2026-09-16T23:54:21Z
2026-09-16T23:50:49Z,2026-09-17T01:50:49+0200,1c76d05d-9f93-485e-80bc-75a38f7c715b,2026-09-16T19:00:00Z,2026-09-16T21:00:00+0200,235.89,EUR/MWh,DK2,DK_2,imbalance_price,Long,2026-09-16T23:54:21Z
2026-09-16T23:50:49Z,2026-09-17T01:50:49+0200,1c76d05d-9f93-485e-80bc-75a38f7c715b,2026-09-16T19:00:00Z,2026-09-16T21:00:00+0200,235.89,EUR/MWh,DK2,DK_2,imbalance_price,Short,2026-09-16T23:54:21Z
2026-09-16T23:50:49Z,2026-09-17T01:50:49+0200,1c76d05d-9f93-485e-80bc-75a38f7c715b,2026-09-16T19:15:00Z,2026-09-16T21:15:00+0200,307.55,EUR/MWh,DK2,DK_2,imbalance_price,Long,2026-09-16T23:54:21Z
2026-09-16T23:50:49Z,2026-09-17T01:50:49+0200,1c76d05d-9f93-485e-80bc-75a38f7c715b,2026-09-16T19:15:00Z,2026-09-16T21:15:00+0200,307.55,EUR/MWh,DK2,DK_2,imbalance_price,Short,2026-09-16T23:54:21Z
2026-09-16T23:50:49Z,2026-09-17T01:50:49+0200,1c76d05d-9f93-485e-80bc-75a38f7c715b,2026-09-16T19:30:00Z,2026-09-16T21:30:00+0200,215.27,EUR/MWh,DK2,DK_2,imbalance_price,Long,2026-09-16T23:54:21Z
2026-09-16T23:50:49Z,2026-09-17T01:50:49+0200,1c76d05d-9f93-485e-80bc-75a38f7c715b,2026-09-16T19:30:00Z,2026-09-16T21:30:00+0200,215.27,EUR/MWh,DK2,DK_2,imbalance_price,Short,2026-09-16T23:54:21Z
2026-09-16T23:50:49Z,2026-09-17T01:50:49+0200,1c76d05d-9f93-485e-80bc-75a38f7c715b,2026-09-16T19:45:00Z,2026-09-16T21:45:00+0200,202.77,EUR/MWh,DK2,DK_2,imbalance_price,Long,2026-09-16T23:54:21Z
2026-09-16T23:50:49Z,2026-09-17T01:50:49+0200,1c76d05d-9f93-485e-80bc-75a38f7c715b,2026-09-16T19:45:00Z,2026-09-16T21:45:00+0200,202.77,EUR/MWh,DK2,DK_2,imbalance_price,Short,2026-09-16T23:54:21Z
2026-09-16T23:50:49Z,2026-09-17T01:50:49+0200,1c76d05d-9f93-485e-80bc-75a38f7c715b,2026-09-16T20:00:00Z,2026-09-16T22:00:00+0200,151.92,EUR/MWh,DK2,DK_2,imbalance_price,Long,2026-09-16T23:54:21Z
2026-09-16T23:50:49Z,2026-09-17T01:50:49+0200,1c76d05d-9f93-485e-80bc-75a38f7c715b,2026-09-16T20:00:00Z,2026-09-16T22:00:00+0200,151.92,EUR/MWh,DK2,DK_2,imbalance_price,Short,2026-09-16T23:54:21Z
2026-09-16T23:50:49Z,2026-09-17T01:50:49+0200,1c76d05d-9f93-485e-80bc-75a38f7c715b,2026-09-16T20:15:00Z,2026-09-16T22:15:00+0200,127.02,EUR/MWh,DK2,DK_2,imbalance_price,Long,2026-09-16T23:54:21Z
2026-09-16T23:50:49Z,2026-09-17T01:50:49+0200,1c76d05d-9f93-485e-80bc-75a38f7c715b,2026-09-16T20:15:00Z,2026-09-16T22:15:00+0200,127.02,EUR/MWh,DK2,DK_2,imbalance_price,Short,2026-09-16T23:54:21Z
2026-09-16T23:50:49Z,2026-09-17T01:50:49+0200,1c76d05d-9f93-485e-80bc-75a38f7c715b,2026-09-16T20:30:00Z,2026-09-16T22:30:00+0200,189.67,EUR/MWh,DK2,DK_2,imbalance_price,Long,2026-09-16T23:54:21Z
2026-09-16T23:50:49Z,2026-09-17T01:50:49+0200,1c76d05d-9f93-485e-80bc-75a38f7c715b,2026-09-16T20:30:00Z,2026-09-16T22:30:00+0200,189.67,EUR/MWh,DK2,DK_2,imbalance_price,Short,2026-09-16T23:54:21Z
2026-09-16T23:50:49Z,2026-09-17T01:50:49+0200,1c76d05d-9f93-485e-80bc-75a38f7c715b,2026-09-16T20:45:00Z,2026-09-16T22:45:00+0200,187.98,EUR/MWh,DK2,DK_2,imbalance_price,Long,2026-09-16T23:54:21Z
2026-09-16T23:50:49Z,2026-09-17T01:50:49+0200,1c76d05d-9f93-485e-80bc-75a38f7c715b,2026-09-16T20:45:00Z,2026-09-16T22:45:00+0200,187.98,EUR/MWh,DK2,DK_2,imbalance_price,Short,2026-09-16T23:54:21Z
2026-09-16T23:50:49Z,2026-09-17T01:50:49+0200,1c76d05d-9f93-485e-80bc-75a38f7c715b,2026-09-16T21:00:00Z,2026-09-16T23:00:00+0200,122.64,EUR/MWh,DK2,DK_2,imbalance_price,Long,2026-09-16T23:54:21Z
2026-09-16T23:50:49Z,2026-09-17T01:50:49+0200,1c76d05d-9f93-485e-80bc-75a38f7c715b,2026-09-16T21:00:00Z,2026-09-16T23:00:00+0200,122.64,EUR/MWh,DK2,DK_2,imbalance_price,Short,2026-09-16T23:54:21Z
2026-09-16T23:50:49Z,2026-09-17T01:50:49+0200,1c76d05d-9f93-485e-80bc-75a38f7c715b,2026-09-16T21:15:00Z,2026-09-16T23:15:00+0200,120.39,EUR/MWh,DK2,DK_2,imbalance_price,Long,2026-09-16T23:54:21Z
2026-09-16T23:50:49Z,2026-09-17T01:50:49+0200,1c76d05d-9f93-485e-80bc-75a38f7c715b,2026-09-16T21:15:00Z,2026-09-16T23:15:00+0200,120.39,EUR/MWh,DK2,DK_2,imbalance_price,Short,2026-09-16T23:54:21Z
2026-09-16T23:50:49Z,2026-09-17T01:50:49+0200,1c76d05d-9f93-485e-80bc-75a38f7c715b,2026-09-16T21:30:00Z,2026-09-16T23:30:00+0200,120.39,EUR/MWh,DK2,DK_2,imbalance_price,Long,2026-09-16T23:54:21Z
2026-09-16T23:50:49Z,2026-09-17T01:50:49+0200,1c76d05d-9f93-485e-80bc-75a38f7c715b,2026-09-16T21:30:00Z,2026-09-16T23:30:00+0200,120.39,EUR/MWh,DK2,DK_2,imbalance_price,Short,2026-09-16T23:54:21Z
2026-09-16T23:50:49Z,2026-09-17T01:50:49+0200,1c76d05d-9f93-485e-80bc-75a38f7c715b,2026-09-16T21:45:00Z,2026-09-16T23:45:00+0200,167.81,EUR/MWh,DK2,DK_2,imbalance_price,Long,2026-09-16T23:54:21Z
2026-09-16T23:50:49Z,2026-09-17T01:50:49+0200,1c76d05d-9f93-485e-80bc-75a38f7c715b,2026-09-16T21:45:00Z,2026-09-16T23:45:00+0200,167.81,EUR/MWh,DK2,DK_2,imbalance_price,Short,2026-09-16T23:54:21Z
2026-09-16T23:50:49Z,2026-09-17T01:50:49+0200,1c76d05d-9f93-485e-80bc-75a38f7c715b,2026-09-16T22:00:00Z,2026-09-17T00:00:00+0200,178.43,EUR/MWh,DK2,DK_2,imbalance_price,Long,2026-09-16T23:54:21Z
2026-09-16T23:50:49Z,2026-09-17T01:50:49+0200,1c76d05d-9f93-485e-80bc-75a38f7c715b,2026-09-16T22:00:00Z,2026-09-17T00:00:00+0200,178.43,EUR/MWh,DK2,DK_2,imbalance_price,Short,2026-09-16T23:54:21Z
2026-09-16T23:50:49Z,2026-09-17T01:50:49+0200,1c76d05d-9f93-485e-80bc-75a38f7c715b,2026-09-16T22:15:00Z,2026-09-17T00:15:00+0200,165.18,EUR/MWh,DK2,DK_2,imbalance_price,Long,2026-09-16T23:54:21Z
2026-09-16T23:50:49Z,2026-09-17T01:50:49+0200,1c76d05d-9f93-485e-80bc-75a38f7c715b,2026-09-16T22:15:00Z,2026-09-17T00:15:00+0200,165.18,EUR/MWh,DK2,DK_2,imbalance_price,Short,2026-09-16T23:54:21Z
2026-09-16T23:50:49Z,2026-09-17T01:50:49+0200,1c76d05d-9f93-485e-80bc-75a38f7c715b,2026-09-16T22:30:00Z,2026-09-17T00:30:00+0200,314.37,EUR/MWh,DK2,DK_2,imbalance_price,Long,2026-09-16T23:54:21Z
2026-09-16T23:50:49Z,2026-09-17T01:50:49+0200,1c76d05d-9f93-485e-80bc-75a38f7c715b,2026-09-16T22:30:00Z,2026-09-17T00:30:00+0200,314.37,EUR/MWh,DK2,DK_2,imbalance_price,Short,2026-09-16T23:54:21Z
2026-09-16T23:50:49Z,2026-09-17T01:50:49+0200,1c76d05d-9f93-485e-80bc-75a38f7c715b,2026-09-16T22:45:00Z,2026-09-17T00:45:00+0200,162.57,EUR/MWh,DK2,DK_2,imbalance_price,Long,2026-09-16T23:54:21Z
2026-09-16T23:50:49Z,2026-09-17T01:50:49+0200,1c76d05d-9f93-485e-80bc-75a38f7c715b,2026-09-16T22:45:00Z,2026-09-17T00:45:00+0200,162.57,EUR/MWh,DK2,DK_2,imbalance_price,Short,2026-09-16T23:54:21Z
2026-09-16T23:50:49Z,2026-09-17T01:50:49+0200,1c76d05d-9f93-485e-80bc-75a38f7c715b,2026-09-16T23:00:00Z,2026-09-17T01:00:00+0200,123.63,EUR/MWh,DK2,DK_2,imbalance_price,Long,2026-09-16T23:54:21Z
2026-09-16T23:50:49Z,2026-09-17T01:50:49+0200,1c76d05d-9f93-485e-80bc-75a38f7c715b,2026-09-16T23:00:00Z,2026-09-17T01:00:00+0200,123.63,EUR/MWh,DK2,DK_2,imbalance_price,Short,2026-09-16T23:54:21Z
