collection_time_utc,collection_time_local,run_id,timestamp_utc,timestamp_local,value,unit,country,entsoe_area,variable,source,updated_at_utc
2026-09-19T19:18:14Z,2026-09-19T21:18:14+0200,626cbb1e-1fe0-4540-94c7-9134fab531b6,2026-09-12T20:00:00Z,2026-09-12T22:00:00+0200,803.28,EUR/MWh,DK2,DK_2,imbalance_price,Long,2026-09-19T19:21:55Z
2026-09-19T19:18:14Z,2026-09-19T21:18:14+0200,626cbb1e-1fe0-4540-94c7-9134fab531b6,2026-09-12T20:00:00Z,2026-09-12T22:00:00+0200,803.28,EUR/MWh,DK2,DK_2,imbalance_price,Short,2026-09-19T19:21:55Z
2026-09-19T19:18:14Z,2026-09-19T21:18:14+0200,626cbb1e-1fe0-4540-94c7-9134fab531b6,2026-09-12T20:15:00Z,2026-09-12T22:15:00+0200,802.8,EUR/MWh,DK2,DK_2,imbalance_price,Long,2026-09-19T19:21:55Z
2026-09-19T19:18:14Z,2026-09-19T21:18:14+0200,626cbb1e-1fe0-4540-94c7-9134fab531b6,2026-09-12T20:15:00Z,2026-09-12T22:15:00+0200,802.8,EUR/MWh,DK2,DK_2,imbalance_price,Short,2026-09-19T19:21:55Z
2026-09-19T19:18:14Z,2026-09-19T21:18:14+0200,626cbb1e-1fe0-4540-94c7-9134fab531b6,2026-09-12T20:30:00Z,2026-09-12T22:30:00+0200,4361.21,EUR/MWh,DK2,DK_2,imbalance_price,Long,2026-09-19T19:21:55Z
2026-09-19T19:18:14Z,2026-09-19T21:18:14+0200,626cbb1e-1fe0-4540-94c7-9134fab531b6,2026-09-12T20:30:00Z,2026-09-12T22:30:00+0200,4361.21,EUR/MWh,DK2,DK_2,imbalance_price,Short,2026-09-19T19:21:55Z
2026-09-19T19:18:14Z,2026-09-19T21:18:14+0200,626cbb1e-1fe0-4540-94c7-9134fab531b6,2026-09-12T20:45:00Z,2026-09-12T22:45:00+0200,802.8,EUR/MWh,DK2,DK_2,imbalance_price,Long,2026-09-19T19:21:55Z
2026-09-19T19:18:14Z,2026-09-19T21:18:14+0200,626cbb1e-1fe0-4540-94c7-9134fab531b6,2026-09-12T20:45:00Z,2026-09-12T22:45:00+0200,802.8,EUR/MWh,DK2,DK_2,imbalance_price,Short,2026-09-19T19:21:55Z
2026-09-19T19:18:14Z,2026-09-19T21:18:14+0200,626cbb1e-1fe0-4540-94c7-9134fab531b6,2026-09-12T21:00:00Z,2026-09-12T23:00:00+0200,877.1,EUR/MWh,DK2,DK_2,imbalance_price,Long,2026-09-19T19:21:55Z
2026-09-19T19:18:14Z,2026-09-19T21:18:14+0200,626cbb1e-1fe0-4540-94c7-9134fab531b6,2026-09-12T21:00:00Z,2026-09-12T23:00:00+0200,877.1,EUR/MWh,DK2,DK_2,imbalance_price,Short,2026-09-19T19:21:55Z
2026-09-19T19:18:14Z,2026-09-19T21:18:14+0200,626cbb1e-1fe0-4540-94c7-9134fab531b6,2026-09-12T21:15:00Z,2026-09-12T23:15:00+0200,569.13,EUR/MWh,DK2,DK_2,imbalance_price,Long,2026-09-19T19:21:55Z
2026-09-19T19:18:14Z,2026-09-19T21:18:14+0200,626cbb1e-1fe0-4540-94c7-9134fab531b6,2026-09-12T21:15:00Z,2026-09-12T23:15:00+0200,569.13,EUR/MWh,DK2,DK_2,imbalance_price,Short,2026-09-19T19:21:55Z
2026-09-19T19:18:14Z,2026-09-19T21:18:14+0200,626cbb1e-1fe0-4540-94c7-9134fab531b6,2026-09-12T21:30:00Z,2026-09-12T23:30:00+0200,181.0,EUR/MWh,DK2,DK_2,imbalance_price,Long,2026-09-19T19:21:55Z
2026-09-19T19:18:14Z,2026-09-19T21:18:14+0200,626cbb1e-1fe0-4540-94c7-9134fab531b6,2026-09-12T21:30:00Z,2026-09-12T23:30:00+0200,181.0,EUR/MWh,DK2,DK_2,imbalance_price,Short,2026-09-19T19:21:55Z
2026-09-19T19:18:14Z,2026-09-19T21:18:14+0200,626cbb1e-1fe0-4540-94c7-9134fab531b6,2026-09-12T21:45:00Z,2026-09-12T23:45:00+0200,177.43,EUR/MWh,DK2,DK_2,imbalance_price,Long,2026-09-19T19:21:55Z
2026-09-19T19:18:14Z,2026-09-19T21:18:14+0200,626cbb1e-1fe0-4540-94c7-9134fab531b6,2026-09-12T21:45:00Z,2026-09-12T23:45:00+0200,177.43,EUR/MWh,DK2,DK_2,imbalance_price,Short,2026-09-19T19:21:55Z
2026-09-19T19:18:14Z,2026-09-19T21:18:14+0200,626cbb1e-1fe0-4540-94c7-9134fab531b6,2026-09-12T22:00:00Z,2026-09-13T00:00:00+0200,166.25,EUR/MWh,DK2,DK_2,imbalance_price,Long,2026-09-19T19:21:55Z
2026-09-19T19:18:14Z,2026-09-19T21:18:14+0200,626cbb1e-1fe0-4540-94c7-9134fab531b6,2026-09-12T22:00:00Z,2026-09-13T00:00:00+0200,166.25,EUR/MWh,DK2,DK_2,imbalance_price,Short,2026-09-19T19:21:55Z
2026-09-19T19:18:14Z,2026-09-19T21:18:14+0200,626cbb1e-1fe0-4540-94c7-9134fab531b6,2026-09-12T22:15:00Z,2026-09-13T00:15:00+0200,180.0,EUR/MWh,DK2,DK_2,imbalance_price,Long,2026-09-19T19:21:55Z
2026-09-19T19:18:14Z,2026-09-19T21:18:14+0200,626cbb1e-1fe0-4540-94c7-9134fab531b6,2026-09-12T22:15:00Z,2026-09-13T00:15:00+0200,180.0,EUR/MWh,DK2,DK_2,imbalance_price,Short,2026-09-19T19:21:55Z
2026-09-19T19:18:14Z,2026-09-19T21:18:14+0200,626cbb1e-1fe0-4540-94c7-9134fab531b6,2026-09-12T22:30:00Z,2026-09-13T00:30:00+0200,173.29,EUR/MWh,DK2,DK_2,imbalance_price,Long,2026-09-19T19:21:55Z
2026-09-19T19:18:14Z,2026-09-19T21:18:14+0200,626cbb1e-1fe0-4540-94c7-9134fab531b6,2026-09-12T22:30:00Z,2026-09-13T00:30:00+0200,173.29,EUR/MWh,DK2,DK_2,imbalance_price,Short,2026-09-19T19:21:55Z
2026-09-19T19:18:14Z,2026-09-19T21:18:14+0200,626cbb1e-1fe0-4540-94c7-9134fab531b6,2026-09-12T22:45:00Z,2026-09-13T00:45:00+0200,166.01,EUR/MWh,DK2,DK_2,imbalance_price,Long,2026-09-19T19:21:55Z
2026-09-19T19:18:14Z,2026-09-19T21:18:14+0200,626cbb1e-1fe0-4540-94c7-9134fab531b6,2026-09-12T22:45:00Z,2026-09-13T00:45:00+0200,166.01,EUR/MWh,DK2,DK_2,imbalance_price,Short,2026-09-19T19:21:55Z
2026-09-19T19:18:14Z,2026-09-19T21:18:14+0200,626cbb1e-1fe0-4540-94c7-9134fab531b6,2026-09-12T23:00:00Z,2026-09-13T01:00:00+0200,156.71,EUR/MWh,DK2,DK_2,imbalance_price,Long,2026-09-19T19:21:55Z
2026-09-19T19:18:14Z,2026-09-19T21:18:14+0200,626cbb1e-1fe0-4540-94c7-9134fab531b6,2026-09-12T23:00:00Z,2026-09-13T01:00:00+0200,156.71,EUR/MWh,DK2,DK_2,imbalance_price,Short,2026-09-19T19:21:55Z
2026-09-19T19:18:14Z,2026-09-19T21:18:14+0200,626cbb1e-1fe0-4540-94c7-9134fab531b6,2026-09-12T23:15:00Z,2026-09-13T01:15:00+0200,165.97,EUR/MWh,DK2,DK_2,imbalance_price,Long,2026-09-19T19:21:55Z
2026-09-19T19:18:14Z,2026-09-19T21:18:14+0200,626cbb1e-1fe0-4540-94c7-9134fab531b6,2026-09-12T23:15:00Z,2026-09-13T01:15:00+0200,165.97,EUR/MWh,DK2,DK_2,imbalance_price,Short,2026-09-19T19:21:55Z
2026-09-19T19:18:14Z,2026-09-19T21:18:14+0200,626cbb1e-1fe0-4540-94c7-9134fab531b6,2026-09-12T23:30:00Z,2026-09-13T01:30:00+0200,168.02,EUR/MWh,DK2,DK_2,imbalance_price,Long,2026-09-19T19:21:55Z
2026-09-19T19:18:14Z,2026-09-19T21:18:14+0200,626cbb1e-1fe0-4540-94c7-9134fab531b6,2026-09-12T23:30:00Z,2026-09-13T01:30:00+0200,168.02,EUR/MWh,DK2,DK_2,imbalance_price,Short,2026-09-19T19:21:55Z
2026-09-19T19:18:14Z,2026-09-19T21:18:14+0200,626cbb1e-1fe0-4540-94c7-9134fab531b6,2026-09-12T23:45:00Z,2026-09-13T01:45:00+0200,163.74,EUR/MWh,DK2,DK_2,imbalance_price,Long,2026-09-19T19:21:55Z
2026-09-19T19:18:14Z,2026-09-19T21:18:14+0200,626cbb1e-1fe0-4540-94c7-9134fab531b6,2026-09-12T23:45:00Z,2026-09-13T01:45:00+0200,163.74,EUR/MWh,DK2,DK_2,imbalance_price,Short,2026-09-19T19:21:55Z
2026-09-19T19:18:14Z,2026-09-19T21:18:14+0200,626cbb1e-1fe0-4540-94c7-9134fab531b6,2026-09-13T00:00:00Z,2026-09-13T02:00:00+0200,199.0,EUR/MWh,DK2,DK_2,imbalance_price,Long,2026-09-19T19:21:55Z
2026-09-19T19:18:14Z,2026-09-19T21:18:14+0200,626cbb1e-1fe0-4540-94c7-9134fab531b6,2026-09-13T00:00:00Z,2026-09-13T02:00:00+0200,199.0,EUR/MWh,DK2,DK_2,imbalance_price,Short,2026-09-19T19:21:55Z
2026-09-19T19:18:14Z,2026-09-19T21:18:14+0200,626cbb1e-1fe0-4540-94c7-9134fab531b6,2026-09-13T00:15:00Z,2026-09-13T02:15:00+0200,160.84,EUR/MWh,DK2,DK_2,imbalance_price,Long,2026-09-19T19:21:55Z
2026-09-19T19:18:14Z,2026-09-19T21:18:14+0200,626cbb1e-1fe0-4540-94c7-9134fab531b6,2026-09-13T00:15:00Z,2026-09-13T02:15:00+0200,160.84,EUR/MWh,DK2,DK_2,imbalance_price,Short,2026-09-19T19:21:55Z
2026-09-19T19:18:14Z,2026-09-19T21:18:14+0200,626cbb1e-1fe0-4540-94c7-9134fab531b6,2026-09-13T00:30:00Z,2026-09-13T02:30:00+0200,334.48,EUR/MWh,DK2,DK_2,imbalance_price,Long,2026-09-19T19:21:55Z
2026-09-19T19:18:14Z,2026-09-19T21:18:14+0200,626cbb1e-1fe0-4540-94c7-9134fab531b6,2026-09-13T00:30:00Z,2026-09-13T02:30:00+0200,334.48,EUR/MWh,DK2,DK_2,imbalance_price,Short,2026-09-19T19:21:55Z
2026-09-19T19:18:14Z,2026-09-19T21:18:14+0200,626cbb1e-1fe0-4540-94c7-9134fab531b6,2026-09-13T00:45:00Z,2026-09-13T02:45:00+0200,156.32,EUR/MWh,DK2,DK_2,imbalance_price,Long,2026-09-19T19:21:55Z
2026-09-19T19:18:14Z,2026-09-19T21:18:14+0200,626cbb1e-1fe0-4540-94c7-9134fab531b6,2026-09-13T00:45:00Z,2026-09-13T02:45:00+0200,156.32,EUR/MWh,DK2,DK_2,imbalance_price,Short,2026-09-19T19:21:55Z
2026-09-19T19:18:14Z,2026-09-19T21:18:14+0200,626cbb1e-1fe0-4540-94c7-9134fab531b6,2026-09-13T01:00:00Z,2026-09-13T03:00:00+0200,193.48,EUR/MWh,DK2,DK_2,imbalance_price,Long,2026-09-19T19:21:55Z
2026-09-19T19:18:14Z,2026-09-19T21:18:14+0200,626cbb1e-1fe0-4540-94c7-9134fab531b6,2026-09-13T01:00:00Z,2026-09-13T03:00:00+0200,193.48,EUR/MWh,DK2,DK_2,imbalance_price,Short,2026-09-19T19:21:55Z
2026-09-19T19:18:14Z,2026-09-19T21:18:14+0200,626cbb1e-1fe0-4540-94c7-9134fab531b6,2026-09-13T01:15:00Z,2026-09-13T03:15:00+0200,222.33,EUR/MWh,DK2,DK_2,imbalance_price,Long,2026-09-19T19:21:55Z
2026-09-19T19:18:14Z,2026-09-19T21:18:14+0200,626cbb1e-1fe0-4540-94c7-9134fab531b6,2026-09-13T01:15:00Z,2026-09-13T03:15:00+0200,222.33,EUR/MWh,DK2,DK_2,imbalance_price,Short,2026-09-19T19:21:55Z
2026-09-19T19:18:14Z,2026-09-19T21:18:14+0200,626cbb1e-1fe0-4540-94c7-9134fab531b6,2026-09-13T01:30:00Z,2026-09-13T03:30:00+0200,207.95,EUR/MWh,DK2,DK_2,imbalance_price,Long,2026-09-19T19:21:55Z
2026-09-19T19:18:14Z,2026-09-19T21:18:14+0200,626cbb1e-1fe0-4540-94c7-9134fab531b6,2026-09-13T01:30:00Z,2026-09-13T03:30:00+0200,207.95,EUR/MWh,DK2,DK_2,imbalance_price,Short,2026-09-19T19:21:55Z
2026-09-19T19:18:14Z,2026-09-19T21:18:14+0200,626cbb1e-1fe0-4540-94c7-9134fab531b6,2026-09-13T01:45:00Z,2026-09-13T03:45:00+0200,156.82,EUR/MWh,DK2,DK_2,imbalance_price,Long,2026-09-19T19:21:55Z
2026-09-19T19:18:14Z,2026-09-19T21:18:14+0200,626cbb1e-1fe0-4540-94c7-9134fab531b6,2026-09-13T01:45:00Z,2026-09-13T03:45:00+0200,156.82,EUR/MWh,DK2,DK_2,imbalance_price,Short,2026-09-19T19:21:55Z
2026-09-19T19:18:14Z,2026-09-19T21:18:14+0200,626cbb1e-1fe0-4540-94c7-9134fab531b6,2026-09-13T02:00:00Z,2026-09-13T04:00:00+0200,161.47,EUR/MWh,DK2,DK_2,imbalance_price,Long,2026-09-19T19:21:55Z
2026-09-19T19:18:14Z,2026-09-19T21:18:14+0200,626cbb1e-1fe0-4540-94c7-9134fab531b6,2026-09-13T02:00:00Z,2026-09-13T04:00:00+0200,161.47,EUR/MWh,DK2,DK_2,imbalance_price,Short,2026-09-19T19:21:55Z
2026-09-19T19:18:14Z,2026-09-19T21:18:14+0200,626cbb1e-1fe0-4540-94c7-9134fab531b6,2026-09-13T02:15:00Z,2026-09-13T04:15:00+0200,78.99,EUR/MWh,DK2,DK_2,imbalance_price,Long,2026-09-19T19:21:55Z
2026-09-19T19:18:14Z,2026-09-19T21:18:14+0200,626cbb1e-1fe0-4540-94c7-9134fab531b6,2026-09-13T02:15:00Z,2026-09-13T04:15:00+0200,78.99,EUR/MWh,DK2,DK_2,imbalance_price,Short,2026-09-19T19:21:55Z
2026-09-19T19:18:14Z,2026-09-19T21:18:14+0200,626cbb1e-1fe0-4540-94c7-9134fab531b6,2026-09-13T02:30:00Z,2026-09-13T04:30:00+0200,160.65,EUR/MWh,DK2,DK_2,imbalance_price,Long,2026-09-19T19:21:55Z
2026-09-19T19:18:14Z,2026-09-19T21:18:14+0200,626cbb1e-1fe0-4540-94c7-9134fab531b6,2026-09-13T02:30:00Z,2026-09-13T04:30:00+0200,160.65,EUR/MWh,DK2,DK_2,imbalance_price,Short,2026-09-19T19:21:55Z
2026-09-19T19:18:14Z,2026-09-19T21:18:14+0200,626cbb1e-1fe0-4540-94c7-9134fab531b6,2026-09-13T02:45:00Z,2026-09-13T04:45:00+0200,161.41,EUR/MWh,DK2,DK_2,imbalance_price,Long,2026-09-19T19:21:55Z
2026-09-19T19:18:14Z,2026-09-19T21:18:14+0200,626cbb1e-1fe0-4540-94c7-9134fab531b6,2026-09-13T02:45:00Z,2026-09-13T04:45:00+0200,161.41,EUR/MWh,DK2,DK_2,imbalance_price,Short,2026-09-19T19:21:55Z
2026-09-19T19:18:14Z,2026-09-19T21:18:14+0200,626cbb1e-1fe0-4540-94c7-9134fab531b6,2026-09-13T03:00:00Z,2026-09-13T05:00:00+0200,162.14,EUR/MWh,DK2,DK_2,imbalance_price,Long,2026-09-19T19:21:55Z
2026-09-19T19:18:14Z,2026-09-19T21:18:14+0200,626cbb1e-1fe0-4540-94c7-9134fab531b6,2026-09-13T03:00:00Z,2026-09-13T05:00:00+0200,162.14,EUR/MWh,DK2,DK_2,imbalance_price,Short,2026-09-19T19:21:55Z
2026-09-19T19:18:14Z,2026-09-19T21:18:14+0200,626cbb1e-1fe0-4540-94c7-9134fab531b6,2026-09-13T03:15:00Z,2026-09-13T05:15:00+0200,163.31,EUR/MWh,DK2,DK_2,imbalance_price,Long,2026-09-19T19:21:55Z
2026-09-19T19:18:14Z,2026-09-19T21:18:14+0200,626cbb1e-1fe0-4540-94c7-9134fab531b6,2026-09-13T03:15:00Z,2026-09-13T05:15:00+0200,163.31,EUR/MWh,DK2,DK_2,imbalance_price,Short,2026-09-19T19:21:55Z
2026-09-19T19:18:14Z,2026-09-19T21:18:14+0200,626cbb1e-1fe0-4540-94c7-9134fab531b6,2026-09-13T03:30:00Z,2026-09-13T05:30:00+0200,165.65,EUR/MWh,DK2,DK_2,imbalance_price,Long,2026-09-19T19:21:55Z
2026-09-19T19:18:14Z,2026-09-19T21:18:14+0200,626cbb1e-1fe0-4540-94c7-9134fab531b6,2026-09-13T03:30:00Z,2026-09-13T05:30:00+0200,165.65,EUR/MWh,DK2,DK_2,imbalance_price,Short,2026-09-19T19:21:55Z
2026-09-19T19:18:14Z,2026-09-19T21:18:14+0200,626cbb1e-1fe0-4540-94c7-9134fab531b6,2026-09-13T03:45:00Z,2026-09-13T05:45:00+0200,238.84,EUR/MWh,DK2,DK_2,imbalance_price,Long,2026-09-19T19:21:55Z
2026-09-19T19:18:14Z,2026-09-19T21:18:14+0200,626cbb1e-1fe0-4540-94c7-9134fab531b6,2026-09-13T03:45:00Z,2026-09-13T05:45:00+0200,238.84,EUR/MWh,DK2,DK_2,imbalance_price,Short,2026-09-19T19:21:55Z
2026-09-19T19:18:14Z,2026-09-19T21:18:14+0200,626cbb1e-1fe0-4540-94c7-9134fab531b6,2026-09-13T04:00:00Z,2026-09-13T06:00:00+0200,336.9,EUR/MWh,DK2,DK_2,imbalance_price,Long,2026-09-19T19:21:55Z
2026-09-19T19:18:14Z,2026-09-19T21:18:14+0200,626cbb1e-1fe0-4540-94c7-9134fab531b6,2026-09-13T04:00:00Z,2026-09-13T06:00:00+0200,336.9,EUR/MWh,DK2,DK_2,imbalance_price,Short,2026-09-19T19:21:55Z
2026-09-19T19:18:14Z,2026-09-19T21:18:14+0200,626cbb1e-1fe0-4540-94c7-9134fab531b6,2026-09-13T04:15:00Z,2026-09-13T06:15:00+0200,287.52,EUR/MWh,DK2,DK_2,imbalance_price,Long,2026-09-19T19:21:55Z
2026-09-19T19:18:14Z,2026-09-19T21:18:14+0200,626cbb1e-1fe0-4540-94c7-9134fab531b6,2026-09-13T04:15:00Z,2026-09-13T06:15:00+0200,287.52,EUR/MWh,DK2,DK_2,imbalance_price,Short,2026-09-19T19:21:55Z
2026-09-19T19:18:14Z,2026-09-19T21:18:14+0200,626cbb1e-1fe0-4540-94c7-9134fab531b6,2026-09-13T04:30:00Z,2026-09-13T06:30:00+0200,334.5,EUR/MWh,DK2,DK_2,imbalance_price,Long,2026-09-19T19:21:55Z
2026-09-19T19:18:14Z,2026-09-19T21:18:14+0200,626cbb1e-1fe0-4540-94c7-9134fab531b6,2026-09-13T04:30:00Z,2026-09-13T06:30:00+0200,334.5,EUR/MWh,DK2,DK_2,imbalance_price,Short,2026-09-19T19:21:55Z
2026-09-19T19:18:14Z,2026-09-19T21:18:14+0200,626cbb1e-1fe0-4540-94c7-9134fab531b6,2026-09-13T04:45:00Z,2026-09-13T06:45:00+0200,374.62,EUR/MWh,DK2,DK_2,imbalance_price,Long,2026-09-19T19:21:55Z
2026-09-19T19:18:14Z,2026-09-19T21:18:14+0200,626cbb1e-1fe0-4540-94c7-9134fab531b6,2026-09-13T04:45:00Z,2026-09-13T06:45:00+0200,374.62,EUR/MWh,DK2,DK_2,imbalance_price,Short,2026-09-19T19:21:55Z
2026-09-19T19:18:14Z,2026-09-19T21:18:14+0200,626cbb1e-1fe0-4540-94c7-9134fab531b6,2026-09-13T05:00:00Z,2026-09-13T07:00:00+0200,334.5,EUR/MWh,DK2,DK_2,imbalance_price,Long,2026-09-19T19:21:55Z
2026-09-19T19:18:14Z,2026-09-19T21:18:14+0200,626cbb1e-1fe0-4540-94c7-9134fab531b6,2026-09-13T05:00:00Z,2026-09-13T07:00:00+0200,334.5,EUR/MWh,DK2,DK_2,imbalance_price,Short,2026-09-19T19:21:55Z
2026-09-19T19:18:14Z,2026-09-19T21:18:14+0200,626cbb1e-1fe0-4540-94c7-9134fab531b6,2026-09-13T05:15:00Z,2026-09-13T07:15:00+0200,188.47,EUR/MWh,DK2,DK_2,imbalance_price,Long,2026-09-19T19:21:55Z
2026-09-19T19:18:14Z,2026-09-19T21:18:14+0200,626cbb1e-1fe0-4540-94c7-9134fab531b6,2026-09-13T05:15:00Z,2026-09-13T07:15:00+0200,188.47,EUR/MWh,DK2,DK_2,imbalance_price,Short,2026-09-19T19:21:55Z
2026-09-19T19:18:14Z,2026-09-19T21:18:14+0200,626cbb1e-1fe0-4540-94c7-9134fab531b6,2026-09-13T05:30:00Z,2026-09-13T07:30:00+0200,181.39,EUR/MWh,DK2,DK_2,imbalance_price,Long,2026-09-19T19:21:55Z
2026-09-19T19:18:14Z,2026-09-19T21:18:14+0200,626cbb1e-1fe0-4540-94c7-9134fab531b6,2026-09-13T05:30:00Z,2026-09-13T07:30:00+0200,181.39,EUR/MWh,DK2,DK_2,imbalance_price,Short,2026-09-19T19:21:55Z
2026-09-19T19:18:14Z,2026-09-19T21:18:14+0200,626cbb1e-1fe0-4540-94c7-9134fab531b6,2026-09-13T05:45:00Z,2026-09-13T07:45:00+0200,170.89,EUR/MWh,DK2,DK_2,imbalance_price,Long,2026-09-19T19:21:55Z
2026-09-19T19:18:14Z,2026-09-19T21:18:14+0200,626cbb1e-1fe0-4540-94c7-9134fab531b6,2026-09-13T05:45:00Z,2026-09-13T07:45:00+0200,170.89,EUR/MWh,DK2,DK_2,imbalance_price,Short,2026-09-19T19:21:55Z
2026-09-19T19:18:14Z,2026-09-19T21:18:14+0200,626cbb1e-1fe0-4540-94c7-9134fab531b6,2026-09-13T06:00:00Z,2026-09-13T08:00:00+0200,190.1,EUR/MWh,DK2,DK_2,imbalance_price,Long,2026-09-19T19:21:55Z
2026-09-19T19:18:14Z,2026-09-19T21:18:14+0200,626cbb1e-1fe0-4540-94c7-9134fab531b6,2026-09-13T06:00:00Z,2026-09-13T08:00:00+0200,190.1,EUR/MWh,DK2,DK_2,imbalance_price,Short,2026-09-19T19:21:55Z
2026-09-19T19:18:14Z,2026-09-19T21:18:14+0200,626cbb1e-1fe0-4540-94c7-9134fab531b6,2026-09-13T06:15:00Z,2026-09-13T08:15:00+0200,173.56,EUR/MWh,DK2,DK_2,imbalance_price,Long,2026-09-19T19:21:55Z
2026-09-19T19:18:14Z,2026-09-19T21:18:14+0200,626cbb1e-1fe0-4540-94c7-9134fab531b6,2026-09-13T06:15:00Z,2026-09-13T08:15:00+0200,173.56,EUR/MWh,DK2,DK_2,imbalance_price,Short,2026-09-19T19:21:55Z
2026-09-19T19:18:14Z,2026-09-19T21:18:14+0200,626cbb1e-1fe0-4540-94c7-9134fab531b6,2026-09-13T06:30:00Z,2026-09-13T08:30:00+0200,159.79,EUR/MWh,DK2,DK_2,imbalance_price,Long,2026-09-19T19:21:55Z
2026-09-19T19:18:14Z,2026-09-19T21:18:14+0200,626cbb1e-1fe0-4540-94c7-9134fab531b6,2026-09-13T06:30:00Z,2026-09-13T08:30:00+0200,159.79,EUR/MWh,DK2,DK_2,imbalance_price,Short,2026-09-19T19:21:55Z
2026-09-19T19:18:14Z,2026-09-19T21:18:14+0200,626cbb1e-1fe0-4540-94c7-9134fab531b6,2026-09-13T06:45:00Z,2026-09-13T08:45:00+0200,113.72,EUR/MWh,DK2,DK_2,imbalance_price,Long,2026-09-19T19:21:55Z
2026-09-19T19:18:14Z,2026-09-19T21:18:14+0200,626cbb1e-1fe0-4540-94c7-9134fab531b6,2026-09-13T06:45:00Z,2026-09-13T08:45:00+0200,113.72,EUR/MWh,DK2,DK_2,imbalance_price,Short,2026-09-19T19:21:55Z
2026-09-19T19:18:14Z,2026-09-19T21:18:14+0200,626cbb1e-1fe0-4540-94c7-9134fab531b6,2026-09-13T07:00:00Z,2026-09-13T09:00:00+0200,113.72,EUR/MWh,DK2,DK_2,imbalance_price,Long,2026-09-19T19:21:55Z
2026-09-19T19:18:14Z,2026-09-19T21:18:14+0200,626cbb1e-1fe0-4540-94c7-9134fab531b6,2026-09-13T07:00:00Z,2026-09-13T09:00:00+0200,113.72,EUR/MWh,DK2,DK_2,imbalance_price,Short,2026-09-19T19:21:55Z
2026-09-19T19:18:14Z,2026-09-19T21:18:14+0200,626cbb1e-1fe0-4540-94c7-9134fab531b6,2026-09-13T07:15:00Z,2026-09-13T09:15:00+0200,143.57,EUR/MWh,DK2,DK_2,imbalance_price,Long,2026-09-19T19:21:55Z
2026-09-19T19:18:14Z,2026-09-19T21:18:14+0200,626cbb1e-1fe0-4540-94c7-9134fab531b6,2026-09-13T07:15:00Z,2026-09-13T09:15:00+0200,143.57,EUR/MWh,DK2,DK_2,imbalance_price,Short,2026-09-19T19:21:55Z
2026-09-19T19:18:14Z,2026-09-19T21:18:14+0200,626cbb1e-1fe0-4540-94c7-9134fab531b6,2026-09-13T07:30:00Z,2026-09-13T09:30:00+0200,115.42,EUR/MWh,DK2,DK_2,imbalance_price,Long,2026-09-19T19:21:55Z
2026-09-19T19:18:14Z,2026-09-19T21:18:14+0200,626cbb1e-1fe0-4540-94c7-9134fab531b6,2026-09-13T07:30:00Z,2026-09-13T09:30:00+0200,115.42,EUR/MWh,DK2,DK_2,imbalance_price,Short,2026-09-19T19:21:55Z
2026-09-19T19:18:14Z,2026-09-19T21:18:14+0200,626cbb1e-1fe0-4540-94c7-9134fab531b6,2026-09-13T07:45:00Z,2026-09-13T09:45:00+0200,142.29,EUR/MWh,DK2,DK_2,imbalance_price,Long,2026-09-19T19:21:55Z
2026-09-19T19:18:14Z,2026-09-19T21:18:14+0200,626cbb1e-1fe0-4540-94c7-9134fab531b6,2026-09-13T07:45:00Z,2026-09-13T09:45:00+0200,142.29,EUR/MWh,DK2,DK_2,imbalance_price,Short,2026-09-19T19:21:55Z
2026-09-19T19:18:14Z,2026-09-19T21:18:14+0200,626cbb1e-1fe0-4540-94c7-9134fab531b6,2026-09-13T08:00:00Z,2026-09-13T10:00:00+0200,131.67,EUR/MWh,DK2,DK_2,imbalance_price,Long,2026-09-19T19:21:55Z
2026-09-19T19:18:14Z,2026-09-19T21:18:14+0200,626cbb1e-1fe0-4540-94c7-9134fab531b6,2026-09-13T08:00:00Z,2026-09-13T10:00:00+0200,131.67,EUR/MWh,DK2,DK_2,imbalance_price,Short,2026-09-19T19:21:55Z
2026-09-19T19:18:14Z,2026-09-19T21:18:14+0200,626cbb1e-1fe0-4540-94c7-9134fab531b6,2026-09-13T08:15:00Z,2026-09-13T10:15:00+0200,124.46,EUR/MWh,DK2,DK_2,imbalance_price,Long,2026-09-19T19:21:55Z
2026-09-19T19:18:14Z,2026-09-19T21:18:14+0200,626cbb1e-1fe0-4540-94c7-9134fab531b6,2026-09-13T08:15:00Z,2026-09-13T10:15:00+0200,124.46,EUR/MWh,DK2,DK_2,imbalance_price,Short,2026-09-19T19:21:55Z
2026-09-19T19:18:14Z,2026-09-19T21:18:14+0200,626cbb1e-1fe0-4540-94c7-9134fab531b6,2026-09-13T08:30:00Z,2026-09-13T10:30:00+0200,121.99,EUR/MWh,DK2,DK_2,imbalance_price,Long,2026-09-19T19:21:55Z
2026-09-19T19:18:14Z,2026-09-19T21:18:14+0200,626cbb1e-1fe0-4540-94c7-9134fab531b6,2026-09-13T08:30:00Z,2026-09-13T10:30:00+0200,121.99,EUR/MWh,DK2,DK_2,imbalance_price,Short,2026-09-19T19:21:55Z
2026-09-19T19:18:14Z,2026-09-19T21:18:14+0200,626cbb1e-1fe0-4540-94c7-9134fab531b6,2026-09-13T08:45:00Z,2026-09-13T10:45:00+0200,116.19,EUR/MWh,DK2,DK_2,imbalance_price,Long,2026-09-19T19:21:55Z
2026-09-19T19:18:14Z,2026-09-19T21:18:14+0200,626cbb1e-1fe0-4540-94c7-9134fab531b6,2026-09-13T08:45:00Z,2026-09-13T10:45:00+0200,116.19,EUR/MWh,DK2,DK_2,imbalance_price,Short,2026-09-19T19:21:55Z
2026-09-19T19:18:14Z,2026-09-19T21:18:14+0200,626cbb1e-1fe0-4540-94c7-9134fab531b6,2026-09-13T09:00:00Z,2026-09-13T11:00:00+0200,58.33,EUR/MWh,DK2,DK_2,imbalance_price,Long,2026-09-19T19:21:55Z
2026-09-19T19:18:14Z,2026-09-19T21:18:14+0200,626cbb1e-1fe0-4540-94c7-9134fab531b6,2026-09-13T09:00:00Z,2026-09-13T11:00:00+0200,58.33,EUR/MWh,DK2,DK_2,imbalance_price,Short,2026-09-19T19:21:55Z
2026-09-19T19:18:14Z,2026-09-19T21:18:14+0200,626cbb1e-1fe0-4540-94c7-9134fab531b6,2026-09-13T09:15:00Z,2026-09-13T11:15:00+0200,69.13,EUR/MWh,DK2,DK_2,imbalance_price,Long,2026-09-19T19:21:55Z
2026-09-19T19:18:14Z,2026-09-19T21:18:14+0200,626cbb1e-1fe0-4540-94c7-9134fab531b6,2026-09-13T09:15:00Z,2026-09-13T11:15:00+0200,69.13,EUR/MWh,DK2,DK_2,imbalance_price,Short,2026-09-19T19:21:55Z
2026-09-19T19:18:14Z,2026-09-19T21:18:14+0200,626cbb1e-1fe0-4540-94c7-9134fab531b6,2026-09-13T09:30:00Z,2026-09-13T11:30:00+0200,58.81,EUR/MWh,DK2,DK_2,imbalance_price,Long,2026-09-19T19:21:55Z
2026-09-19T19:18:14Z,2026-09-19T21:18:14+0200,626cbb1e-1fe0-4540-94c7-9134fab531b6,2026-09-13T09:30:00Z,2026-09-13T11:30:00+0200,58.81,EUR/MWh,DK2,DK_2,imbalance_price,Short,2026-09-19T19:21:55Z
2026-09-19T19:18:14Z,2026-09-19T21:18:14+0200,626cbb1e-1fe0-4540-94c7-9134fab531b6,2026-09-13T09:45:00Z,2026-09-13T11:45:00+0200,51.5,EUR/MWh,DK2,DK_2,imbalance_price,Long,2026-09-19T19:21:55Z
2026-09-19T19:18:14Z,2026-09-19T21:18:14+0200,626cbb1e-1fe0-4540-94c7-9134fab531b6,2026-09-13T09:45:00Z,2026-09-13T11:45:00+0200,51.5,EUR/MWh,DK2,DK_2,imbalance_price,Short,2026-09-19T19:21:55Z
2026-09-19T19:18:14Z,2026-09-19T21:18:14+0200,626cbb1e-1fe0-4540-94c7-9134fab531b6,2026-09-13T10:00:00Z,2026-09-13T12:00:00+0200,107.13,EUR/MWh,DK2,DK_2,imbalance_price,Long,2026-09-19T19:21:55Z
2026-09-19T19:18:14Z,2026-09-19T21:18:14+0200,626cbb1e-1fe0-4540-94c7-9134fab531b6,2026-09-13T10:00:00Z,2026-09-13T12:00:00+0200,107.13,EUR/MWh,DK2,DK_2,imbalance_price,Short,2026-09-19T19:21:55Z
2026-09-19T19:18:14Z,2026-09-19T21:18:14+0200,626cbb1e-1fe0-4540-94c7-9134fab531b6,2026-09-13T10:15:00Z,2026-09-13T12:15:00+0200,111.37,EUR/MWh,DK2,DK_2,imbalance_price,Long,2026-09-19T19:21:55Z
2026-09-19T19:18:14Z,2026-09-19T21:18:14+0200,626cbb1e-1fe0-4540-94c7-9134fab531b6,2026-09-13T10:15:00Z,2026-09-13T12:15:00+0200,111.37,EUR/MWh,DK2,DK_2,imbalance_price,Short,2026-09-19T19:21:55Z
2026-09-19T19:18:14Z,2026-09-19T21:18:14+0200,626cbb1e-1fe0-4540-94c7-9134fab531b6,2026-09-13T10:30:00Z,2026-09-13T12:30:00+0200,108.27,EUR/MWh,DK2,DK_2,imbalance_price,Long,2026-09-19T19:21:55Z
2026-09-19T19:18:14Z,2026-09-19T21:18:14+0200,626cbb1e-1fe0-4540-94c7-9134fab531b6,2026-09-13T10:30:00Z,2026-09-13T12:30:00+0200,108.27,EUR/MWh,DK2,DK_2,imbalance_price,Short,2026-09-19T19:21:55Z
2026-09-19T19:18:14Z,2026-09-19T21:18:14+0200,626cbb1e-1fe0-4540-94c7-9134fab531b6,2026-09-13T10:45:00Z,2026-09-13T12:45:00+0200,107.22,EUR/MWh,DK2,DK_2,imbalance_price,Long,2026-09-19T19:21:55Z
2026-09-19T19:18:14Z,2026-09-19T21:18:14+0200,626cbb1e-1fe0-4540-94c7-9134fab531b6,2026-09-13T10:45:00Z,2026-09-13T12:45:00+0200,107.22,EUR/MWh,DK2,DK_2,imbalance_price,Short,2026-09-19T19:21:55Z
2026-09-19T19:18:14Z,2026-09-19T21:18:14+0200,626cbb1e-1fe0-4540-94c7-9134fab531b6,2026-09-13T11:00:00Z,2026-09-13T13:00:00+0200,25.52,EUR/MWh,DK2,DK_2,imbalance_price,Long,2026-09-19T19:21:55Z
2026-09-19T19:18:14Z,2026-09-19T21:18:14+0200,626cbb1e-1fe0-4540-94c7-9134fab531b6,2026-09-13T11:00:00Z,2026-09-13T13:00:00+0200,25.52,EUR/MWh,DK2,DK_2,imbalance_price,Short,2026-09-19T19:21:55Z
2026-09-19T19:18:14Z,2026-09-19T21:18:14+0200,626cbb1e-1fe0-4540-94c7-9134fab531b6,2026-09-13T11:15:00Z,2026-09-13T13:15:00+0200,60.65,EUR/MWh,DK2,DK_2,imbalance_price,Long,2026-09-19T19:21:55Z
2026-09-19T19:18:14Z,2026-09-19T21:18:14+0200,626cbb1e-1fe0-4540-94c7-9134fab531b6,2026-09-13T11:15:00Z,2026-09-13T13:15:00+0200,60.65,EUR/MWh,DK2,DK_2,imbalance_price,Short,2026-09-19T19:21:55Z
2026-09-19T19:18:14Z,2026-09-19T21:18:14+0200,626cbb1e-1fe0-4540-94c7-9134fab531b6,2026-09-13T11:30:00Z,2026-09-13T13:30:00+0200,51.73,EUR/MWh,DK2,DK_2,imbalance_price,Long,2026-09-19T19:21:55Z
2026-09-19T19:18:14Z,2026-09-19T21:18:14+0200,626cbb1e-1fe0-4540-94c7-9134fab531b6,2026-09-13T11:30:00Z,2026-09-13T13:30:00+0200,51.73,EUR/MWh,DK2,DK_2,imbalance_price,Short,2026-09-19T19:21:55Z
2026-09-19T19:18:14Z,2026-09-19T21:18:14+0200,626cbb1e-1fe0-4540-94c7-9134fab531b6,2026-09-13T11:45:00Z,2026-09-13T13:45:00+0200,55.07,EUR/MWh,DK2,DK_2,imbalance_price,Long,2026-09-19T19:21:55Z
2026-09-19T19:18:14Z,2026-09-19T21:18:14+0200,626cbb1e-1fe0-4540-94c7-9134fab531b6,2026-09-13T11:45:00Z,2026-09-13T13:45:00+0200,55.07,EUR/MWh,DK2,DK_2,imbalance_price,Short,2026-09-19T19:21:55Z
2026-09-19T19:18:14Z,2026-09-19T21:18:14+0200,626cbb1e-1fe0-4540-94c7-9134fab531b6,2026-09-13T12:00:00Z,2026-09-13T14:00:00+0200,61.4,EUR/MWh,DK2,DK_2,imbalance_price,Long,2026-09-19T19:21:55Z
2026-09-19T19:18:14Z,2026-09-19T21:18:14+0200,626cbb1e-1fe0-4540-94c7-9134fab531b6,2026-09-13T12:00:00Z,2026-09-13T14:00:00+0200,61.4,EUR/MWh,DK2,DK_2,imbalance_price,Short,2026-09-19T19:21:55Z
2026-09-19T19:18:14Z,2026-09-19T21:18:14+0200,626cbb1e-1fe0-4540-94c7-9134fab531b6,2026-09-13T12:15:00Z,2026-09-13T14:15:00+0200,103.29,EUR/MWh,DK2,DK_2,imbalance_price,Long,2026-09-19T19:21:55Z
2026-09-19T19:18:14Z,2026-09-19T21:18:14+0200,626cbb1e-1fe0-4540-94c7-9134fab531b6,2026-09-13T12:15:00Z,2026-09-13T14:15:00+0200,103.29,EUR/MWh,DK2,DK_2,imbalance_price,Short,2026-09-19T19:21:55Z
2026-09-19T19:18:14Z,2026-09-19T21:18:14+0200,626cbb1e-1fe0-4540-94c7-9134fab531b6,2026-09-13T12:30:00Z,2026-09-13T14:30:00+0200,107.02,EUR/MWh,DK2,DK_2,imbalance_price,Long,2026-09-19T19:21:55Z
2026-09-19T19:18:14Z,2026-09-19T21:18:14+0200,626cbb1e-1fe0-4540-94c7-9134fab531b6,2026-09-13T12:30:00Z,2026-09-13T14:30:00+0200,107.02,EUR/MWh,DK2,DK_2,imbalance_price,Short,2026-09-19T19:21:55Z
2026-09-19T19:18:14Z,2026-09-19T21:18:14+0200,626cbb1e-1fe0-4540-94c7-9134fab531b6,2026-09-13T12:45:00Z,2026-09-13T14:45:00+0200,168.27,EUR/MWh,DK2,DK_2,imbalance_price,Long,2026-09-19T19:21:55Z
2026-09-19T19:18:14Z,2026-09-19T21:18:14+0200,626cbb1e-1fe0-4540-94c7-9134fab531b6,2026-09-13T12:45:00Z,2026-09-13T14:45:00+0200,168.27,EUR/MWh,DK2,DK_2,imbalance_price,Short,2026-09-19T19:21:55Z
2026-09-19T19:18:14Z,2026-09-19T21:18:14+0200,626cbb1e-1fe0-4540-94c7-9134fab531b6,2026-09-13T13:00:00Z,2026-09-13T15:00:00+0200,101.95,EUR/MWh,DK2,DK_2,imbalance_price,Long,2026-09-19T19:21:55Z
2026-09-19T19:18:14Z,2026-09-19T21:18:14+0200,626cbb1e-1fe0-4540-94c7-9134fab531b6,2026-09-13T13:00:00Z,2026-09-13T15:00:00+0200,101.95,EUR/MWh,DK2,DK_2,imbalance_price,Short,2026-09-19T19:21:55Z
2026-09-19T19:18:14Z,2026-09-19T21:18:14+0200,626cbb1e-1fe0-4540-94c7-9134fab531b6,2026-09-13T13:15:00Z,2026-09-13T15:15:00+0200,107.1,EUR/MWh,DK2,DK_2,imbalance_price,Long,2026-09-19T19:21:55Z
2026-09-19T19:18:14Z,2026-09-19T21:18:14+0200,626cbb1e-1fe0-4540-94c7-9134fab531b6,2026-09-13T13:15:00Z,2026-09-13T15:15:00+0200,107.1,EUR/MWh,DK2,DK_2,imbalance_price,Short,2026-09-19T19:21:55Z
2026-09-19T19:18:14Z,2026-09-19T21:18:14+0200,626cbb1e-1fe0-4540-94c7-9134fab531b6,2026-09-13T13:30:00Z,2026-09-13T15:30:00+0200,122.77,EUR/MWh,DK2,DK_2,imbalance_price,Long,2026-09-19T19:21:55Z
2026-09-19T19:18:14Z,2026-09-19T21:18:14+0200,626cbb1e-1fe0-4540-94c7-9134fab531b6,2026-09-13T13:30:00Z,2026-09-13T15:30:00+0200,122.77,EUR/MWh,DK2,DK_2,imbalance_price,Short,2026-09-19T19:21:55Z
2026-09-19T19:18:14Z,2026-09-19T21:18:14+0200,626cbb1e-1fe0-4540-94c7-9134fab531b6,2026-09-13T13:45:00Z,2026-09-13T15:45:00+0200,561.03,EUR/MWh,DK2,DK_2,imbalance_price,Long,2026-09-19T19:21:55Z
2026-09-19T19:18:14Z,2026-09-19T21:18:14+0200,626cbb1e-1fe0-4540-94c7-9134fab531b6,2026-09-13T13:45:00Z,2026-09-13T15:45:00+0200,561.03,EUR/MWh,DK2,DK_2,imbalance_price,Short,2026-09-19T19:21:55Z
2026-09-19T19:18:14Z,2026-09-19T21:18:14+0200,626cbb1e-1fe0-4540-94c7-9134fab531b6,2026-09-13T14:00:00Z,2026-09-13T16:00:00+0200,136.53,EUR/MWh,DK2,DK_2,imbalance_price,Long,2026-09-19T19:21:55Z
2026-09-19T19:18:14Z,2026-09-19T21:18:14+0200,626cbb1e-1fe0-4540-94c7-9134fab531b6,2026-09-13T14:00:00Z,2026-09-13T16:00:00+0200,136.53,EUR/MWh,DK2,DK_2,imbalance_price,Short,2026-09-19T19:21:55Z
2026-09-19T19:18:14Z,2026-09-19T21:18:14+0200,626cbb1e-1fe0-4540-94c7-9134fab531b6,2026-09-13T14:15:00Z,2026-09-13T16:15:00+0200,229.09,EUR/MWh,DK2,DK_2,imbalance_price,Long,2026-09-19T19:21:55Z
2026-09-19T19:18:14Z,2026-09-19T21:18:14+0200,626cbb1e-1fe0-4540-94c7-9134fab531b6,2026-09-13T14:15:00Z,2026-09-13T16:15:00+0200,229.09,EUR/MWh,DK2,DK_2,imbalance_price,Short,2026-09-19T19:21:55Z
2026-09-19T19:18:14Z,2026-09-19T21:18:14+0200,626cbb1e-1fe0-4540-94c7-9134fab531b6,2026-09-13T14:30:00Z,2026-09-13T16:30:00+0200,217.53,EUR/MWh,DK2,DK_2,imbalance_price,Long,2026-09-19T19:21:55Z
2026-09-19T19:18:14Z,2026-09-19T21:18:14+0200,626cbb1e-1fe0-4540-94c7-9134fab531b6,2026-09-13T14:30:00Z,2026-09-13T16:30:00+0200,217.53,EUR/MWh,DK2,DK_2,imbalance_price,Short,2026-09-19T19:21:55Z
2026-09-19T19:18:14Z,2026-09-19T21:18:14+0200,626cbb1e-1fe0-4540-94c7-9134fab531b6,2026-09-13T14:45:00Z,2026-09-13T16:45:00+0200,169.66,EUR/MWh,DK2,DK_2,imbalance_price,Long,2026-09-19T19:21:55Z
2026-09-19T19:18:14Z,2026-09-19T21:18:14+0200,626cbb1e-1fe0-4540-94c7-9134fab531b6,2026-09-13T14:45:00Z,2026-09-13T16:45:00+0200,169.66,EUR/MWh,DK2,DK_2,imbalance_price,Short,2026-09-19T19:21:55Z
2026-09-19T19:18:14Z,2026-09-19T21:18:14+0200,626cbb1e-1fe0-4540-94c7-9134fab531b6,2026-09-13T15:00:00Z,2026-09-13T17:00:00+0200,643.99,EUR/MWh,DK2,DK_2,imbalance_price,Long,2026-09-19T19:21:55Z
2026-09-19T19:18:14Z,2026-09-19T21:18:14+0200,626cbb1e-1fe0-4540-94c7-9134fab531b6,2026-09-13T15:00:00Z,2026-09-13T17:00:00+0200,643.99,EUR/MWh,DK2,DK_2,imbalance_price,Short,2026-09-19T19:21:55Z
2026-09-19T19:18:14Z,2026-09-19T21:18:14+0200,626cbb1e-1fe0-4540-94c7-9134fab531b6,2026-09-13T15:15:00Z,2026-09-13T17:15:00+0200,263.08,EUR/MWh,DK2,DK_2,imbalance_price,Long,2026-09-19T19:21:55Z
2026-09-19T19:18:14Z,2026-09-19T21:18:14+0200,626cbb1e-1fe0-4540-94c7-9134fab531b6,2026-09-13T15:15:00Z,2026-09-13T17:15:00+0200,263.08,EUR/MWh,DK2,DK_2,imbalance_price,Short,2026-09-19T19:21:55Z
2026-09-19T19:18:14Z,2026-09-19T21:18:14+0200,626cbb1e-1fe0-4540-94c7-9134fab531b6,2026-09-13T15:30:00Z,2026-09-13T17:30:00+0200,298.06,EUR/MWh,DK2,DK_2,imbalance_price,Long,2026-09-19T19:21:55Z
2026-09-19T19:18:14Z,2026-09-19T21:18:14+0200,626cbb1e-1fe0-4540-94c7-9134fab531b6,2026-09-13T15:30:00Z,2026-09-13T17:30:00+0200,298.06,EUR/MWh,DK2,DK_2,imbalance_price,Short,2026-09-19T19:21:55Z
2026-09-19T19:18:14Z,2026-09-19T21:18:14+0200,626cbb1e-1fe0-4540-94c7-9134fab531b6,2026-09-13T15:45:00Z,2026-09-13T17:45:00+0200,334.31,EUR/MWh,DK2,DK_2,imbalance_price,Long,2026-09-19T19:21:55Z
2026-09-19T19:18:14Z,2026-09-19T21:18:14+0200,626cbb1e-1fe0-4540-94c7-9134fab531b6,2026-09-13T15:45:00Z,2026-09-13T17:45:00+0200,334.31,EUR/MWh,DK2,DK_2,imbalance_price,Short,2026-09-19T19:21:55Z
2026-09-19T19:18:14Z,2026-09-19T21:18:14+0200,626cbb1e-1fe0-4540-94c7-9134fab531b6,2026-09-13T16:00:00Z,2026-09-13T18:00:00+0200,216.89,EUR/MWh,DK2,DK_2,imbalance_price,Long,2026-09-19T19:21:55Z
2026-09-19T19:18:14Z,2026-09-19T21:18:14+0200,626cbb1e-1fe0-4540-94c7-9134fab531b6,2026-09-13T16:00:00Z,2026-09-13T18:00:00+0200,216.89,EUR/MWh,DK2,DK_2,imbalance_price,Short,2026-09-19T19:21:55Z
2026-09-19T19:18:14Z,2026-09-19T21:18:14+0200,626cbb1e-1fe0-4540-94c7-9134fab531b6,2026-09-13T16:15:00Z,2026-09-13T18:15:00+0200,253.66,EUR/MWh,DK2,DK_2,imbalance_price,Long,2026-09-19T19:21:55Z
2026-09-19T19:18:14Z,2026-09-19T21:18:14+0200,626cbb1e-1fe0-4540-94c7-9134fab531b6,2026-09-13T16:15:00Z,2026-09-13T18:15:00+0200,253.66,EUR/MWh,DK2,DK_2,imbalance_price,Short,2026-09-19T19:21:55Z
2026-09-19T19:18:14Z,2026-09-19T21:18:14+0200,626cbb1e-1fe0-4540-94c7-9134fab531b6,2026-09-13T16:30:00Z,2026-09-13T18:30:00+0200,258.1,EUR/MWh,DK2,DK_2,imbalance_price,Long,2026-09-19T19:21:55Z
2026-09-19T19:18:14Z,2026-09-19T21:18:14+0200,626cbb1e-1fe0-4540-94c7-9134fab531b6,2026-09-13T16:30:00Z,2026-09-13T18:30:00+0200,258.1,EUR/MWh,DK2,DK_2,imbalance_price,Short,2026-09-19T19:21:55Z
2026-09-19T19:18:14Z,2026-09-19T21:18:14+0200,626cbb1e-1fe0-4540-94c7-9134fab531b6,2026-09-13T16:45:00Z,2026-09-13T18:45:00+0200,274.21,EUR/MWh,DK2,DK_2,imbalance_price,Long,2026-09-19T19:21:55Z
2026-09-19T19:18:14Z,2026-09-19T21:18:14+0200,626cbb1e-1fe0-4540-94c7-9134fab531b6,2026-09-13T16:45:00Z,2026-09-13T18:45:00+0200,274.21,EUR/MWh,DK2,DK_2,imbalance_price,Short,2026-09-19T19:21:55Z
2026-09-19T19:18:14Z,2026-09-19T21:18:14+0200,626cbb1e-1fe0-4540-94c7-9134fab531b6,2026-09-13T17:00:00Z,2026-09-13T19:00:00+0200,193.99,EUR/MWh,DK2,DK_2,imbalance_price,Long,2026-09-19T19:21:55Z
2026-09-19T19:18:14Z,2026-09-19T21:18:14+0200,626cbb1e-1fe0-4540-94c7-9134fab531b6,2026-09-13T17:00:00Z,2026-09-13T19:00:00+0200,193.99,EUR/MWh,DK2,DK_2,imbalance_price,Short,2026-09-19T19:21:55Z
2026-09-19T19:18:14Z,2026-09-19T21:18:14+0200,626cbb1e-1fe0-4540-94c7-9134fab531b6,2026-09-13T17:15:00Z,2026-09-13T19:15:00+0200,228.31,EUR/MWh,DK2,DK_2,imbalance_price,Long,2026-09-19T19:21:55Z
2026-09-19T19:18:14Z,2026-09-19T21:18:14+0200,626cbb1e-1fe0-4540-94c7-9134fab531b6,2026-09-13T17:15:00Z,2026-09-13T19:15:00+0200,228.31,EUR/MWh,DK2,DK_2,imbalance_price,Short,2026-09-19T19:21:55Z
2026-09-19T19:18:14Z,2026-09-19T21:18:14+0200,626cbb1e-1fe0-4540-94c7-9134fab531b6,2026-09-13T17:30:00Z,2026-09-13T19:30:00+0200,234.51,EUR/MWh,DK2,DK_2,imbalance_price,Long,2026-09-19T19:21:55Z
2026-09-19T19:18:14Z,2026-09-19T21:18:14+0200,626cbb1e-1fe0-4540-94c7-9134fab531b6,2026-09-13T17:30:00Z,2026-09-13T19:30:00+0200,234.51,EUR/MWh,DK2,DK_2,imbalance_price,Short,2026-09-19T19:21:55Z
2026-09-19T19:18:14Z,2026-09-19T21:18:14+0200,626cbb1e-1fe0-4540-94c7-9134fab531b6,2026-09-13T17:45:00Z,2026-09-13T19:45:00+0200,239.95,EUR/MWh,DK2,DK_2,imbalance_price,Long,2026-09-19T19:21:55Z
2026-09-19T19:18:14Z,2026-09-19T21:18:14+0200,626cbb1e-1fe0-4540-94c7-9134fab531b6,2026-09-13T17:45:00Z,2026-09-13T19:45:00+0200,239.95,EUR/MWh,DK2,DK_2,imbalance_price,Short,2026-09-19T19:21:55Z
2026-09-19T19:18:14Z,2026-09-19T21:18:14+0200,626cbb1e-1fe0-4540-94c7-9134fab531b6,2026-09-13T18:00:00Z,2026-09-13T20:00:00+0200,228.8,EUR/MWh,DK2,DK_2,imbalance_price,Long,2026-09-19T19:21:55Z
2026-09-19T19:18:14Z,2026-09-19T21:18:14+0200,626cbb1e-1fe0-4540-94c7-9134fab531b6,2026-09-13T18:00:00Z,2026-09-13T20:00:00+0200,228.8,EUR/MWh,DK2,DK_2,imbalance_price,Short,2026-09-19T19:21:55Z
2026-09-19T19:18:14Z,2026-09-19T21:18:14+0200,626cbb1e-1fe0-4540-94c7-9134fab531b6,2026-09-13T18:15:00Z,2026-09-13T20:15:00+0200,235.01,EUR/MWh,DK2,DK_2,imbalance_price,Long,2026-09-19T19:21:55Z
2026-09-19T19:18:14Z,2026-09-19T21:18:14+0200,626cbb1e-1fe0-4540-94c7-9134fab531b6,2026-09-13T18:15:00Z,2026-09-13T20:15:00+0200,235.01,EUR/MWh,DK2,DK_2,imbalance_price,Short,2026-09-19T19:21:55Z
2026-09-19T19:18:14Z,2026-09-19T21:18:14+0200,626cbb1e-1fe0-4540-94c7-9134fab531b6,2026-09-13T18:30:00Z,2026-09-13T20:30:00+0200,237.54,EUR/MWh,DK2,DK_2,imbalance_price,Long,2026-09-19T19:21:55Z
2026-09-19T19:18:14Z,2026-09-19T21:18:14+0200,626cbb1e-1fe0-4540-94c7-9134fab531b6,2026-09-13T18:30:00Z,2026-09-13T20:30:00+0200,237.54,EUR/MWh,DK2,DK_2,imbalance_price,Short,2026-09-19T19:21:55Z
2026-09-19T19:18:14Z,2026-09-19T21:18:14+0200,626cbb1e-1fe0-4540-94c7-9134fab531b6,2026-09-13T18:45:00Z,2026-09-13T20:45:00+0200,166.38,EUR/MWh,DK2,DK_2,imbalance_price,Long,2026-09-19T19:21:55Z
2026-09-19T19:18:14Z,2026-09-19T21:18:14+0200,626cbb1e-1fe0-4540-94c7-9134fab531b6,2026-09-13T18:45:00Z,2026-09-13T20:45:00+0200,166.38,EUR/MWh,DK2,DK_2,imbalance_price,Short,2026-09-19T19:21:55Z
2026-09-19T19:18:14Z,2026-09-19T21:18:14+0200,626cbb1e-1fe0-4540-94c7-9134fab531b6,2026-09-13T19:00:00Z,2026-09-13T21:00:00+0200,235.32,EUR/MWh,DK2,DK_2,imbalance_price,Long,2026-09-19T19:21:55Z
2026-09-19T19:18:14Z,2026-09-19T21:18:14+0200,626cbb1e-1fe0-4540-94c7-9134fab531b6,2026-09-13T19:00:00Z,2026-09-13T21:00:00+0200,235.32,EUR/MWh,DK2,DK_2,imbalance_price,Short,2026-09-19T19:21:55Z
2026-09-19T19:18:14Z,2026-09-19T21:18:14+0200,626cbb1e-1fe0-4540-94c7-9134fab531b6,2026-09-13T19:15:00Z,2026-09-13T21:15:00+0200,181.33,EUR/MWh,DK2,DK_2,imbalance_price,Long,2026-09-19T19:21:55Z
2026-09-19T19:18:14Z,2026-09-19T21:18:14+0200,626cbb1e-1fe0-4540-94c7-9134fab531b6,2026-09-13T19:15:00Z,2026-09-13T21:15:00+0200,181.33,EUR/MWh,DK2,DK_2,imbalance_price,Short,2026-09-19T19:21:55Z
2026-09-19T19:18:14Z,2026-09-19T21:18:14+0200,626cbb1e-1fe0-4540-94c7-9134fab531b6,2026-09-13T19:30:00Z,2026-09-13T21:30:00+0200,164.81,EUR/MWh,DK2,DK_2,imbalance_price,Long,2026-09-19T19:21:55Z
2026-09-19T19:18:14Z,2026-09-19T21:18:14+0200,626cbb1e-1fe0-4540-94c7-9134fab531b6,2026-09-13T19:30:00Z,2026-09-13T21:30:00+0200,164.81,EUR/MWh,DK2,DK_2,imbalance_price,Short,2026-09-19T19:21:55Z
2026-09-19T19:18:14Z,2026-09-19T21:18:14+0200,626cbb1e-1fe0-4540-94c7-9134fab531b6,2026-09-13T19:45:00Z,2026-09-13T21:45:00+0200,227.52,EUR/MWh,DK2,DK_2,imbalance_price,Long,2026-09-19T19:21:55Z
2026-09-19T19:18:14Z,2026-09-19T21:18:14+0200,626cbb1e-1fe0-4540-94c7-9134fab531b6,2026-09-13T19:45:00Z,2026-09-13T21:45:00+0200,227.52,EUR/MWh,DK2,DK_2,imbalance_price,Short,2026-09-19T19:21:55Z
2026-09-19T19:18:14Z,2026-09-19T21:18:14+0200,626cbb1e-1fe0-4540-94c7-9134fab531b6,2026-09-13T20:00:00Z,2026-09-13T22:00:00+0200,232.45,EUR/MWh,DK2,DK_2,imbalance_price,Long,2026-09-19T19:21:55Z
2026-09-19T19:18:14Z,2026-09-19T21:18:14+0200,626cbb1e-1fe0-4540-94c7-9134fab531b6,2026-09-13T20:00:00Z,2026-09-13T22:00:00+0200,232.45,EUR/MWh,DK2,DK_2,imbalance_price,Short,2026-09-19T19:21:55Z
2026-09-19T19:18:14Z,2026-09-19T21:18:14+0200,626cbb1e-1fe0-4540-94c7-9134fab531b6,2026-09-13T20:15:00Z,2026-09-13T22:15:00+0200,227.52,EUR/MWh,DK2,DK_2,imbalance_price,Long,2026-09-19T19:21:55Z
2026-09-19T19:18:14Z,2026-09-19T21:18:14+0200,626cbb1e-1fe0-4540-94c7-9134fab531b6,2026-09-13T20:15:00Z,2026-09-13T22:15:00+0200,227.52,EUR/MWh,DK2,DK_2,imbalance_price,Short,2026-09-19T19:21:55Z
2026-09-19T19:18:14Z,2026-09-19T21:18:14+0200,626cbb1e-1fe0-4540-94c7-9134fab531b6,2026-09-13T20:30:00Z,2026-09-13T22:30:00+0200,227.52,EUR/MWh,DK2,DK_2,imbalance_price,Long,2026-09-19T19:21:55Z
2026-09-19T19:18:14Z,2026-09-19T21:18:14+0200,626cbb1e-1fe0-4540-94c7-9134fab531b6,2026-09-13T20:30:00Z,2026-09-13T22:30:00+0200,227.52,EUR/MWh,DK2,DK_2,imbalance_price,Short,2026-09-19T19:21:55Z
2026-09-19T19:18:14Z,2026-09-19T21:18:14+0200,626cbb1e-1fe0-4540-94c7-9134fab531b6,2026-09-13T20:45:00Z,2026-09-13T22:45:00+0200,222.43,EUR/MWh,DK2,DK_2,imbalance_price,Long,2026-09-19T19:21:55Z
2026-09-19T19:18:14Z,2026-09-19T21:18:14+0200,626cbb1e-1fe0-4540-94c7-9134fab531b6,2026-09-13T20:45:00Z,2026-09-13T22:45:00+0200,222.43,EUR/MWh,DK2,DK_2,imbalance_price,Short,2026-09-19T19:21:55Z
2026-09-19T19:18:14Z,2026-09-19T21:18:14+0200,626cbb1e-1fe0-4540-94c7-9134fab531b6,2026-09-13T21:00:00Z,2026-09-13T23:00:00+0200,220.55,EUR/MWh,DK2,DK_2,imbalance_price,Long,2026-09-19T19:21:55Z
2026-09-19T19:18:14Z,2026-09-19T21:18:14+0200,626cbb1e-1fe0-4540-94c7-9134fab531b6,2026-09-13T21:00:00Z,2026-09-13T23:00:00+0200,220.55,EUR/MWh,DK2,DK_2,imbalance_price,Short,2026-09-19T19:21:55Z
2026-09-19T19:18:14Z,2026-09-19T21:18:14+0200,626cbb1e-1fe0-4540-94c7-9134fab531b6,2026-09-13T21:15:00Z,2026-09-13T23:15:00+0200,208.6,EUR/MWh,DK2,DK_2,imbalance_price,Long,2026-09-19T19:21:55Z
2026-09-19T19:18:14Z,2026-09-19T21:18:14+0200,626cbb1e-1fe0-4540-94c7-9134fab531b6,2026-09-13T21:15:00Z,2026-09-13T23:15:00+0200,208.6,EUR/MWh,DK2,DK_2,imbalance_price,Short,2026-09-19T19:21:55Z
2026-09-19T19:18:14Z,2026-09-19T21:18:14+0200,626cbb1e-1fe0-4540-94c7-9134fab531b6,2026-09-13T21:30:00Z,2026-09-13T23:30:00+0200,207.26,EUR/MWh,DK2,DK_2,imbalance_price,Long,2026-09-19T19:21:55Z
2026-09-19T19:18:14Z,2026-09-19T21:18:14+0200,626cbb1e-1fe0-4540-94c7-9134fab531b6,2026-09-13T21:30:00Z,2026-09-13T23:30:00+0200,207.26,EUR/MWh,DK2,DK_2,imbalance_price,Short,2026-09-19T19:21:55Z
2026-09-19T19:18:14Z,2026-09-19T21:18:14+0200,626cbb1e-1fe0-4540-94c7-9134fab531b6,2026-09-13T21:45:00Z,2026-09-13T23:45:00+0200,206.02,EUR/MWh,DK2,DK_2,imbalance_price,Long,2026-09-19T19:21:55Z
2026-09-19T19:18:14Z,2026-09-19T21:18:14+0200,626cbb1e-1fe0-4540-94c7-9134fab531b6,2026-09-13T21:45:00Z,2026-09-13T23:45:00+0200,206.02,EUR/MWh,DK2,DK_2,imbalance_price,Short,2026-09-19T19:21:55Z
2026-09-19T19:18:14Z,2026-09-19T21:18:14+0200,626cbb1e-1fe0-4540-94c7-9134fab531b6,2026-09-13T22:00:00Z,2026-09-14T00:00:00+0200,135.65,EUR/MWh,DK2,DK_2,imbalance_price,Long,2026-09-19T19:21:55Z
2026-09-19T19:18:14Z,2026-09-19T21:18:14+0200,626cbb1e-1fe0-4540-94c7-9134fab531b6,2026-09-13T22:00:00Z,2026-09-14T00:00:00+0200,135.65,EUR/MWh,DK2,DK_2,imbalance_price,Short,2026-09-19T19:21:55Z
2026-09-19T19:18:14Z,2026-09-19T21:18:14+0200,626cbb1e-1fe0-4540-94c7-9134fab531b6,2026-09-13T22:15:00Z,2026-09-14T00:15:00+0200,133.27,EUR/MWh,DK2,DK_2,imbalance_price,Long,2026-09-19T19:21:55Z
2026-09-19T19:18:14Z,2026-09-19T21:18:14+0200,626cbb1e-1fe0-4540-94c7-9134fab531b6,2026-09-13T22:15:00Z,2026-09-14T00:15:00+0200,133.27,EUR/MWh,DK2,DK_2,imbalance_price,Short,2026-09-19T19:21:55Z
2026-09-19T19:18:14Z,2026-09-19T21:18:14+0200,626cbb1e-1fe0-4540-94c7-9134fab531b6,2026-09-13T22:30:00Z,2026-09-14T00:30:00+0200,134.54,EUR/MWh,DK2,DK_2,imbalance_price,Long,2026-09-19T19:21:55Z
2026-09-19T19:18:14Z,2026-09-19T21:18:14+0200,626cbb1e-1fe0-4540-94c7-9134fab531b6,2026-09-13T22:30:00Z,2026-09-14T00:30:00+0200,134.54,EUR/MWh,DK2,DK_2,imbalance_price,Short,2026-09-19T19:21:55Z
2026-09-19T19:18:14Z,2026-09-19T21:18:14+0200,626cbb1e-1fe0-4540-94c7-9134fab531b6,2026-09-13T22:45:00Z,2026-09-14T00:45:00+0200,186.87,EUR/MWh,DK2,DK_2,imbalance_price,Long,2026-09-19T19:21:55Z
2026-09-19T19:18:14Z,2026-09-19T21:18:14+0200,626cbb1e-1fe0-4540-94c7-9134fab531b6,2026-09-13T22:45:00Z,2026-09-14T00:45:00+0200,186.87,EUR/MWh,DK2,DK_2,imbalance_price,Short,2026-09-19T19:21:55Z
2026-09-19T19:18:14Z,2026-09-19T21:18:14+0200,626cbb1e-1fe0-4540-94c7-9134fab531b6,2026-09-13T23:00:00Z,2026-09-14T01:00:00+0200,133.16,EUR/MWh,DK2,DK_2,imbalance_price,Long,2026-09-19T19:21:55Z
2026-09-19T19:18:14Z,2026-09-19T21:18:14+0200,626cbb1e-1fe0-4540-94c7-9134fab531b6,2026-09-13T23:00:00Z,2026-09-14T01:00:00+0200,133.16,EUR/MWh,DK2,DK_2,imbalance_price,Short,2026-09-19T19:21:55Z
2026-09-19T19:18:14Z,2026-09-19T21:18:14+0200,626cbb1e-1fe0-4540-94c7-9134fab531b6,2026-09-13T23:15:00Z,2026-09-14T01:15:00+0200,163.4,EUR/MWh,DK2,DK_2,imbalance_price,Long,2026-09-19T19:21:55Z
2026-09-19T19:18:14Z,2026-09-19T21:18:14+0200,626cbb1e-1fe0-4540-94c7-9134fab531b6,2026-09-13T23:15:00Z,2026-09-14T01:15:00+0200,163.4,EUR/MWh,DK2,DK_2,imbalance_price,Short,2026-09-19T19:21:55Z
2026-09-19T19:18:14Z,2026-09-19T21:18:14+0200,626cbb1e-1fe0-4540-94c7-9134fab531b6,2026-09-13T23:30:00Z,2026-09-14T01:30:00+0200,189.4,EUR/MWh,DK2,DK_2,imbalance_price,Long,2026-09-19T19:21:55Z
2026-09-19T19:18:14Z,2026-09-19T21:18:14+0200,626cbb1e-1fe0-4540-94c7-9134fab531b6,2026-09-13T23:30:00Z,2026-09-14T01:30:00+0200,189.4,EUR/MWh,DK2,DK_2,imbalance_price,Short,2026-09-19T19:21:55Z
2026-09-19T19:18:14Z,2026-09-19T21:18:14+0200,626cbb1e-1fe0-4540-94c7-9134fab531b6,2026-09-13T23:45:00Z,2026-09-14T01:45:00+0200,182.61,EUR/MWh,DK2,DK_2,imbalance_price,Long,2026-09-19T19:21:55Z
2026-09-19T19:18:14Z,2026-09-19T21:18:14+0200,626cbb1e-1fe0-4540-94c7-9134fab531b6,2026-09-13T23:45:00Z,2026-09-14T01:45:00+0200,182.61,EUR/MWh,DK2,DK_2,imbalance_price,Short,2026-09-19T19:21:55Z
2026-09-19T19:18:14Z,2026-09-19T21:18:14+0200,626cbb1e-1fe0-4540-94c7-9134fab531b6,2026-09-14T00:00:00Z,2026-09-14T02:00:00+0200,185.44,EUR/MWh,DK2,DK_2,imbalance_price,Long,2026-09-19T19:21:55Z
2026-09-19T19:18:14Z,2026-09-19T21:18:14+0200,626cbb1e-1fe0-4540-94c7-9134fab531b6,2026-09-14T00:00:00Z,2026-09-14T02:00:00+0200,185.44,EUR/MWh,DK2,DK_2,imbalance_price,Short,2026-09-19T19:21:55Z
2026-09-19T19:18:14Z,2026-09-19T21:18:14+0200,626cbb1e-1fe0-4540-94c7-9134fab531b6,2026-09-14T00:15:00Z,2026-09-14T02:15:00+0200,185.06,EUR/MWh,DK2,DK_2,imbalance_price,Long,2026-09-19T19:21:55Z
2026-09-19T19:18:14Z,2026-09-19T21:18:14+0200,626cbb1e-1fe0-4540-94c7-9134fab531b6,2026-09-14T00:15:00Z,2026-09-14T02:15:00+0200,185.06,EUR/MWh,DK2,DK_2,imbalance_price,Short,2026-09-19T19:21:55Z
2026-09-19T19:18:14Z,2026-09-19T21:18:14+0200,626cbb1e-1fe0-4540-94c7-9134fab531b6,2026-09-14T00:30:00Z,2026-09-14T02:30:00+0200,183.98,EUR/MWh,DK2,DK_2,imbalance_price,Long,2026-09-19T19:21:55Z
2026-09-19T19:18:14Z,2026-09-19T21:18:14+0200,626cbb1e-1fe0-4540-94c7-9134fab531b6,2026-09-14T00:30:00Z,2026-09-14T02:30:00+0200,183.98,EUR/MWh,DK2,DK_2,imbalance_price,Short,2026-09-19T19:21:55Z
2026-09-19T19:18:14Z,2026-09-19T21:18:14+0200,626cbb1e-1fe0-4540-94c7-9134fab531b6,2026-09-14T00:45:00Z,2026-09-14T02:45:00+0200,182.76,EUR/MWh,DK2,DK_2,imbalance_price,Long,2026-09-19T19:21:55Z
2026-09-19T19:18:14Z,2026-09-19T21:18:14+0200,626cbb1e-1fe0-4540-94c7-9134fab531b6,2026-09-14T00:45:00Z,2026-09-14T02:45:00+0200,182.76,EUR/MWh,DK2,DK_2,imbalance_price,Short,2026-09-19T19:21:55Z
2026-09-19T19:18:14Z,2026-09-19T21:18:14+0200,626cbb1e-1fe0-4540-94c7-9134fab531b6,2026-09-14T01:00:00Z,2026-09-14T03:00:00+0200,183.47,EUR/MWh,DK2,DK_2,imbalance_price,Long,2026-09-19T19:21:55Z
2026-09-19T19:18:14Z,2026-09-19T21:18:14+0200,626cbb1e-1fe0-4540-94c7-9134fab531b6,2026-09-14T01:00:00Z,2026-09-14T03:00:00+0200,183.47,EUR/MWh,DK2,DK_2,imbalance_price,Short,2026-09-19T19:21:55Z
2026-09-19T19:18:14Z,2026-09-19T21:18:14+0200,626cbb1e-1fe0-4540-94c7-9134fab531b6,2026-09-14T01:15:00Z,2026-09-14T03:15:00+0200,184.17,EUR/MWh,DK2,DK_2,imbalance_price,Long,2026-09-19T19:21:55Z
2026-09-19T19:18:14Z,2026-09-19T21:18:14+0200,626cbb1e-1fe0-4540-94c7-9134fab531b6,2026-09-14T01:15:00Z,2026-09-14T03:15:00+0200,184.17,EUR/MWh,DK2,DK_2,imbalance_price,Short,2026-09-19T19:21:55Z
2026-09-19T19:18:14Z,2026-09-19T21:18:14+0200,626cbb1e-1fe0-4540-94c7-9134fab531b6,2026-09-14T01:30:00Z,2026-09-14T03:30:00+0200,209.61,EUR/MWh,DK2,DK_2,imbalance_price,Long,2026-09-19T19:21:55Z
2026-09-19T19:18:14Z,2026-09-19T21:18:14+0200,626cbb1e-1fe0-4540-94c7-9134fab531b6,2026-09-14T01:30:00Z,2026-09-14T03:30:00+0200,209.61,EUR/MWh,DK2,DK_2,imbalance_price,Short,2026-09-19T19:21:55Z
2026-09-19T19:18:14Z,2026-09-19T21:18:14+0200,626cbb1e-1fe0-4540-94c7-9134fab531b6,2026-09-14T01:45:00Z,2026-09-14T03:45:00+0200,184.05,EUR/MWh,DK2,DK_2,imbalance_price,Long,2026-09-19T19:21:55Z
2026-09-19T19:18:14Z,2026-09-19T21:18:14+0200,626cbb1e-1fe0-4540-94c7-9134fab531b6,2026-09-14T01:45:00Z,2026-09-14T03:45:00+0200,184.05,EUR/MWh,DK2,DK_2,imbalance_price,Short,2026-09-19T19:21:55Z
2026-09-19T19:18:14Z,2026-09-19T21:18:14+0200,626cbb1e-1fe0-4540-94c7-9134fab531b6,2026-09-14T02:00:00Z,2026-09-14T04:00:00+0200,171.91,EUR/MWh,DK2,DK_2,imbalance_price,Long,2026-09-19T19:21:55Z
2026-09-19T19:18:14Z,2026-09-19T21:18:14+0200,626cbb1e-1fe0-4540-94c7-9134fab531b6,2026-09-14T02:00:00Z,2026-09-14T04:00:00+0200,171.91,EUR/MWh,DK2,DK_2,imbalance_price,Short,2026-09-19T19:21:55Z
2026-09-19T19:18:14Z,2026-09-19T21:18:14+0200,626cbb1e-1fe0-4540-94c7-9134fab531b6,2026-09-14T02:15:00Z,2026-09-14T04:15:00+0200,181.22,EUR/MWh,DK2,DK_2,imbalance_price,Long,2026-09-19T19:21:55Z
2026-09-19T19:18:14Z,2026-09-19T21:18:14+0200,626cbb1e-1fe0-4540-94c7-9134fab531b6,2026-09-14T02:15:00Z,2026-09-14T04:15:00+0200,181.22,EUR/MWh,DK2,DK_2,imbalance_price,Short,2026-09-19T19:21:55Z
2026-09-19T19:18:14Z,2026-09-19T21:18:14+0200,626cbb1e-1fe0-4540-94c7-9134fab531b6,2026-09-14T02:30:00Z,2026-09-14T04:30:00+0200,183.48,EUR/MWh,DK2,DK_2,imbalance_price,Long,2026-09-19T19:21:55Z
2026-09-19T19:18:14Z,2026-09-19T21:18:14+0200,626cbb1e-1fe0-4540-94c7-9134fab531b6,2026-09-14T02:30:00Z,2026-09-14T04:30:00+0200,183.48,EUR/MWh,DK2,DK_2,imbalance_price,Short,2026-09-19T19:21:55Z
2026-09-19T19:18:14Z,2026-09-19T21:18:14+0200,626cbb1e-1fe0-4540-94c7-9134fab531b6,2026-09-14T02:45:00Z,2026-09-14T04:45:00+0200,150.48,EUR/MWh,DK2,DK_2,imbalance_price,Long,2026-09-19T19:21:55Z
2026-09-19T19:18:14Z,2026-09-19T21:18:14+0200,626cbb1e-1fe0-4540-94c7-9134fab531b6,2026-09-14T02:45:00Z,2026-09-14T04:45:00+0200,150.48,EUR/MWh,DK2,DK_2,imbalance_price,Short,2026-09-19T19:21:55Z
2026-09-19T19:18:14Z,2026-09-19T21:18:14+0200,626cbb1e-1fe0-4540-94c7-9134fab531b6,2026-09-14T03:00:00Z,2026-09-14T05:00:00+0200,112.48,EUR/MWh,DK2,DK_2,imbalance_price,Long,2026-09-19T19:21:55Z
2026-09-19T19:18:14Z,2026-09-19T21:18:14+0200,626cbb1e-1fe0-4540-94c7-9134fab531b6,2026-09-14T03:00:00Z,2026-09-14T05:00:00+0200,112.48,EUR/MWh,DK2,DK_2,imbalance_price,Short,2026-09-19T19:21:55Z
2026-09-19T19:18:14Z,2026-09-19T21:18:14+0200,626cbb1e-1fe0-4540-94c7-9134fab531b6,2026-09-14T03:15:00Z,2026-09-14T05:15:00+0200,96.56,EUR/MWh,DK2,DK_2,imbalance_price,Long,2026-09-19T19:21:55Z
2026-09-19T19:18:14Z,2026-09-19T21:18:14+0200,626cbb1e-1fe0-4540-94c7-9134fab531b6,2026-09-14T03:15:00Z,2026-09-14T05:15:00+0200,96.56,EUR/MWh,DK2,DK_2,imbalance_price,Short,2026-09-19T19:21:55Z
2026-09-19T19:18:14Z,2026-09-19T21:18:14+0200,626cbb1e-1fe0-4540-94c7-9134fab531b6,2026-09-14T03:30:00Z,2026-09-14T05:30:00+0200,180.0,EUR/MWh,DK2,DK_2,imbalance_price,Long,2026-09-19T19:21:55Z
2026-09-19T19:18:14Z,2026-09-19T21:18:14+0200,626cbb1e-1fe0-4540-94c7-9134fab531b6,2026-09-14T03:30:00Z,2026-09-14T05:30:00+0200,180.0,EUR/MWh,DK2,DK_2,imbalance_price,Short,2026-09-19T19:21:55Z
2026-09-19T19:18:14Z,2026-09-19T21:18:14+0200,626cbb1e-1fe0-4540-94c7-9134fab531b6,2026-09-14T03:45:00Z,2026-09-14T05:45:00+0200,221.01,EUR/MWh,DK2,DK_2,imbalance_price,Long,2026-09-19T19:21:55Z
2026-09-19T19:18:14Z,2026-09-19T21:18:14+0200,626cbb1e-1fe0-4540-94c7-9134fab531b6,2026-09-14T03:45:00Z,2026-09-14T05:45:00+0200,221.01,EUR/MWh,DK2,DK_2,imbalance_price,Short,2026-09-19T19:21:55Z
2026-09-19T19:18:14Z,2026-09-19T21:18:14+0200,626cbb1e-1fe0-4540-94c7-9134fab531b6,2026-09-14T04:00:00Z,2026-09-14T06:00:00+0200,217.56,EUR/MWh,DK2,DK_2,imbalance_price,Long,2026-09-19T19:21:55Z
2026-09-19T19:18:14Z,2026-09-19T21:18:14+0200,626cbb1e-1fe0-4540-94c7-9134fab531b6,2026-09-14T04:00:00Z,2026-09-14T06:00:00+0200,217.56,EUR/MWh,DK2,DK_2,imbalance_price,Short,2026-09-19T19:21:55Z
2026-09-19T19:18:14Z,2026-09-19T21:18:14+0200,626cbb1e-1fe0-4540-94c7-9134fab531b6,2026-09-14T04:15:00Z,2026-09-14T06:15:00+0200,86.45,EUR/MWh,DK2,DK_2,imbalance_price,Long,2026-09-19T19:21:55Z
2026-09-19T19:18:14Z,2026-09-19T21:18:14+0200,626cbb1e-1fe0-4540-94c7-9134fab531b6,2026-09-14T04:15:00Z,2026-09-14T06:15:00+0200,86.45,EUR/MWh,DK2,DK_2,imbalance_price,Short,2026-09-19T19:21:55Z
2026-09-19T19:18:14Z,2026-09-19T21:18:14+0200,626cbb1e-1fe0-4540-94c7-9134fab531b6,2026-09-14T04:30:00Z,2026-09-14T06:30:00+0200,276.02,EUR/MWh,DK2,DK_2,imbalance_price,Long,2026-09-19T19:21:55Z
2026-09-19T19:18:14Z,2026-09-19T21:18:14+0200,626cbb1e-1fe0-4540-94c7-9134fab531b6,2026-09-14T04:30:00Z,2026-09-14T06:30:00+0200,276.02,EUR/MWh,DK2,DK_2,imbalance_price,Short,2026-09-19T19:21:55Z
2026-09-19T19:18:14Z,2026-09-19T21:18:14+0200,626cbb1e-1fe0-4540-94c7-9134fab531b6,2026-09-14T04:45:00Z,2026-09-14T06:45:00+0200,291.35,EUR/MWh,DK2,DK_2,imbalance_price,Long,2026-09-19T19:21:55Z
2026-09-19T19:18:14Z,2026-09-19T21:18:14+0200,626cbb1e-1fe0-4540-94c7-9134fab531b6,2026-09-14T04:45:00Z,2026-09-14T06:45:00+0200,291.35,EUR/MWh,DK2,DK_2,imbalance_price,Short,2026-09-19T19:21:55Z
2026-09-19T19:18:14Z,2026-09-19T21:18:14+0200,626cbb1e-1fe0-4540-94c7-9134fab531b6,2026-09-14T05:00:00Z,2026-09-14T07:00:00+0200,348.28,EUR/MWh,DK2,DK_2,imbalance_price,Long,2026-09-19T19:21:55Z
2026-09-19T19:18:14Z,2026-09-19T21:18:14+0200,626cbb1e-1fe0-4540-94c7-9134fab531b6,2026-09-14T05:00:00Z,2026-09-14T07:00:00+0200,348.28,EUR/MWh,DK2,DK_2,imbalance_price,Short,2026-09-19T19:21:55Z
2026-09-19T19:18:14Z,2026-09-19T21:18:14+0200,626cbb1e-1fe0-4540-94c7-9134fab531b6,2026-09-14T05:15:00Z,2026-09-14T07:15:00+0200,320.53,EUR/MWh,DK2,DK_2,imbalance_price,Long,2026-09-19T19:21:55Z
2026-09-19T19:18:14Z,2026-09-19T21:18:14+0200,626cbb1e-1fe0-4540-94c7-9134fab531b6,2026-09-14T05:15:00Z,2026-09-14T07:15:00+0200,320.53,EUR/MWh,DK2,DK_2,imbalance_price,Short,2026-09-19T19:21:55Z
2026-09-19T19:18:14Z,2026-09-19T21:18:14+0200,626cbb1e-1fe0-4540-94c7-9134fab531b6,2026-09-14T05:30:00Z,2026-09-14T07:30:00+0200,322.38,EUR/MWh,DK2,DK_2,imbalance_price,Long,2026-09-19T19:21:55Z
2026-09-19T19:18:14Z,2026-09-19T21:18:14+0200,626cbb1e-1fe0-4540-94c7-9134fab531b6,2026-09-14T05:30:00Z,2026-09-14T07:30:00+0200,322.38,EUR/MWh,DK2,DK_2,imbalance_price,Short,2026-09-19T19:21:55Z
2026-09-19T19:18:14Z,2026-09-19T21:18:14+0200,626cbb1e-1fe0-4540-94c7-9134fab531b6,2026-09-14T05:45:00Z,2026-09-14T07:45:00+0200,320.32,EUR/MWh,DK2,DK_2,imbalance_price,Long,2026-09-19T19:21:55Z
2026-09-19T19:18:14Z,2026-09-19T21:18:14+0200,626cbb1e-1fe0-4540-94c7-9134fab531b6,2026-09-14T05:45:00Z,2026-09-14T07:45:00+0200,320.32,EUR/MWh,DK2,DK_2,imbalance_price,Short,2026-09-19T19:21:55Z
2026-09-19T19:18:14Z,2026-09-19T21:18:14+0200,626cbb1e-1fe0-4540-94c7-9134fab531b6,2026-09-14T06:00:00Z,2026-09-14T08:00:00+0200,118.94,EUR/MWh,DK2,DK_2,imbalance_price,Long,2026-09-19T19:21:55Z
2026-09-19T19:18:14Z,2026-09-19T21:18:14+0200,626cbb1e-1fe0-4540-94c7-9134fab531b6,2026-09-14T06:00:00Z,2026-09-14T08:00:00+0200,118.94,EUR/MWh,DK2,DK_2,imbalance_price,Short,2026-09-19T19:21:55Z
2026-09-19T19:18:14Z,2026-09-19T21:18:14+0200,626cbb1e-1fe0-4540-94c7-9134fab531b6,2026-09-14T06:15:00Z,2026-09-14T08:15:00+0200,305.97,EUR/MWh,DK2,DK_2,imbalance_price,Long,2026-09-19T19:21:55Z
2026-09-19T19:18:14Z,2026-09-19T21:18:14+0200,626cbb1e-1fe0-4540-94c7-9134fab531b6,2026-09-14T06:15:00Z,2026-09-14T08:15:00+0200,305.97,EUR/MWh,DK2,DK_2,imbalance_price,Short,2026-09-19T19:21:55Z
2026-09-19T19:18:14Z,2026-09-19T21:18:14+0200,626cbb1e-1fe0-4540-94c7-9134fab531b6,2026-09-14T06:30:00Z,2026-09-14T08:30:00+0200,185.16,EUR/MWh,DK2,DK_2,imbalance_price,Long,2026-09-19T19:21:55Z
2026-09-19T19:18:14Z,2026-09-19T21:18:14+0200,626cbb1e-1fe0-4540-94c7-9134fab531b6,2026-09-14T06:30:00Z,2026-09-14T08:30:00+0200,185.16,EUR/MWh,DK2,DK_2,imbalance_price,Short,2026-09-19T19:21:55Z
2026-09-19T19:18:14Z,2026-09-19T21:18:14+0200,626cbb1e-1fe0-4540-94c7-9134fab531b6,2026-09-14T06:45:00Z,2026-09-14T08:45:00+0200,120.0,EUR/MWh,DK2,DK_2,imbalance_price,Long,2026-09-19T19:21:55Z
2026-09-19T19:18:14Z,2026-09-19T21:18:14+0200,626cbb1e-1fe0-4540-94c7-9134fab531b6,2026-09-14T06:45:00Z,2026-09-14T08:45:00+0200,120.0,EUR/MWh,DK2,DK_2,imbalance_price,Short,2026-09-19T19:21:55Z
2026-09-19T19:18:14Z,2026-09-19T21:18:14+0200,626cbb1e-1fe0-4540-94c7-9134fab531b6,2026-09-14T07:00:00Z,2026-09-14T09:00:00+0200,285.81,EUR/MWh,DK2,DK_2,imbalance_price,Long,2026-09-19T19:21:55Z
2026-09-19T19:18:14Z,2026-09-19T21:18:14+0200,626cbb1e-1fe0-4540-94c7-9134fab531b6,2026-09-14T07:00:00Z,2026-09-14T09:00:00+0200,285.81,EUR/MWh,DK2,DK_2,imbalance_price,Short,2026-09-19T19:21:55Z
2026-09-19T19:18:14Z,2026-09-19T21:18:14+0200,626cbb1e-1fe0-4540-94c7-9134fab531b6,2026-09-14T07:15:00Z,2026-09-14T09:15:00+0200,267.56,EUR/MWh,DK2,DK_2,imbalance_price,Long,2026-09-19T19:21:55Z
2026-09-19T19:18:14Z,2026-09-19T21:18:14+0200,626cbb1e-1fe0-4540-94c7-9134fab531b6,2026-09-14T07:15:00Z,2026-09-14T09:15:00+0200,267.56,EUR/MWh,DK2,DK_2,imbalance_price,Short,2026-09-19T19:21:55Z
2026-09-19T19:18:14Z,2026-09-19T21:18:14+0200,626cbb1e-1fe0-4540-94c7-9134fab531b6,2026-09-14T07:30:00Z,2026-09-14T09:30:00+0200,240.66,EUR/MWh,DK2,DK_2,imbalance_price,Long,2026-09-19T19:21:55Z
2026-09-19T19:18:14Z,2026-09-19T21:18:14+0200,626cbb1e-1fe0-4540-94c7-9134fab531b6,2026-09-14T07:30:00Z,2026-09-14T09:30:00+0200,240.66,EUR/MWh,DK2,DK_2,imbalance_price,Short,2026-09-19T19:21:55Z
2026-09-19T19:18:14Z,2026-09-19T21:18:14+0200,626cbb1e-1fe0-4540-94c7-9134fab531b6,2026-09-14T07:45:00Z,2026-09-14T09:45:00+0200,190.38,EUR/MWh,DK2,DK_2,imbalance_price,Long,2026-09-19T19:21:55Z
2026-09-19T19:18:14Z,2026-09-19T21:18:14+0200,626cbb1e-1fe0-4540-94c7-9134fab531b6,2026-09-14T07:45:00Z,2026-09-14T09:45:00+0200,190.38,EUR/MWh,DK2,DK_2,imbalance_price,Short,2026-09-19T19:21:55Z
2026-09-19T19:18:14Z,2026-09-19T21:18:14+0200,626cbb1e-1fe0-4540-94c7-9134fab531b6,2026-09-14T08:00:00Z,2026-09-14T10:00:00+0200,159.0,EUR/MWh,DK2,DK_2,imbalance_price,Long,2026-09-19T19:21:55Z
2026-09-19T19:18:14Z,2026-09-19T21:18:14+0200,626cbb1e-1fe0-4540-94c7-9134fab531b6,2026-09-14T08:00:00Z,2026-09-14T10:00:00+0200,159.0,EUR/MWh,DK2,DK_2,imbalance_price,Short,2026-09-19T19:21:55Z
2026-09-19T19:18:14Z,2026-09-19T21:18:14+0200,626cbb1e-1fe0-4540-94c7-9134fab531b6,2026-09-14T08:15:00Z,2026-09-14T10:15:00+0200,150.39,EUR/MWh,DK2,DK_2,imbalance_price,Long,2026-09-19T19:21:55Z
2026-09-19T19:18:14Z,2026-09-19T21:18:14+0200,626cbb1e-1fe0-4540-94c7-9134fab531b6,2026-09-14T08:15:00Z,2026-09-14T10:15:00+0200,150.39,EUR/MWh,DK2,DK_2,imbalance_price,Short,2026-09-19T19:21:55Z
2026-09-19T19:18:14Z,2026-09-19T21:18:14+0200,626cbb1e-1fe0-4540-94c7-9134fab531b6,2026-09-14T08:30:00Z,2026-09-14T10:30:00+0200,137.31,EUR/MWh,DK2,DK_2,imbalance_price,Long,2026-09-19T19:21:55Z
2026-09-19T19:18:14Z,2026-09-19T21:18:14+0200,626cbb1e-1fe0-4540-94c7-9134fab531b6,2026-09-14T08:30:00Z,2026-09-14T10:30:00+0200,137.31,EUR/MWh,DK2,DK_2,imbalance_price,Short,2026-09-19T19:21:55Z
2026-09-19T19:18:14Z,2026-09-19T21:18:14+0200,626cbb1e-1fe0-4540-94c7-9134fab531b6,2026-09-14T08:45:00Z,2026-09-14T10:45:00+0200,80.86,EUR/MWh,DK2,DK_2,imbalance_price,Long,2026-09-19T19:21:55Z
2026-09-19T19:18:14Z,2026-09-19T21:18:14+0200,626cbb1e-1fe0-4540-94c7-9134fab531b6,2026-09-14T08:45:00Z,2026-09-14T10:45:00+0200,80.86,EUR/MWh,DK2,DK_2,imbalance_price,Short,2026-09-19T19:21:55Z
2026-09-19T19:18:14Z,2026-09-19T21:18:14+0200,626cbb1e-1fe0-4540-94c7-9134fab531b6,2026-09-14T09:00:00Z,2026-09-14T11:00:00+0200,187.97,EUR/MWh,DK2,DK_2,imbalance_price,Long,2026-09-19T19:21:55Z
2026-09-19T19:18:14Z,2026-09-19T21:18:14+0200,626cbb1e-1fe0-4540-94c7-9134fab531b6,2026-09-14T09:00:00Z,2026-09-14T11:00:00+0200,187.97,EUR/MWh,DK2,DK_2,imbalance_price,Short,2026-09-19T19:21:55Z
2026-09-19T19:18:14Z,2026-09-19T21:18:14+0200,626cbb1e-1fe0-4540-94c7-9134fab531b6,2026-09-14T09:15:00Z,2026-09-14T11:15:00+0200,130.24,EUR/MWh,DK2,DK_2,imbalance_price,Long,2026-09-19T19:21:55Z
2026-09-19T19:18:14Z,2026-09-19T21:18:14+0200,626cbb1e-1fe0-4540-94c7-9134fab531b6,2026-09-14T09:15:00Z,2026-09-14T11:15:00+0200,130.24,EUR/MWh,DK2,DK_2,imbalance_price,Short,2026-09-19T19:21:55Z
2026-09-19T19:18:14Z,2026-09-19T21:18:14+0200,626cbb1e-1fe0-4540-94c7-9134fab531b6,2026-09-14T09:30:00Z,2026-09-14T11:30:00+0200,197.25,EUR/MWh,DK2,DK_2,imbalance_price,Long,2026-09-19T19:21:55Z
2026-09-19T19:18:14Z,2026-09-19T21:18:14+0200,626cbb1e-1fe0-4540-94c7-9134fab531b6,2026-09-14T09:30:00Z,2026-09-14T11:30:00+0200,197.25,EUR/MWh,DK2,DK_2,imbalance_price,Short,2026-09-19T19:21:55Z
2026-09-19T19:18:14Z,2026-09-19T21:18:14+0200,626cbb1e-1fe0-4540-94c7-9134fab531b6,2026-09-14T09:45:00Z,2026-09-14T11:45:00+0200,144.38,EUR/MWh,DK2,DK_2,imbalance_price,Long,2026-09-19T19:21:55Z
2026-09-19T19:18:14Z,2026-09-19T21:18:14+0200,626cbb1e-1fe0-4540-94c7-9134fab531b6,2026-09-14T09:45:00Z,2026-09-14T11:45:00+0200,144.38,EUR/MWh,DK2,DK_2,imbalance_price,Short,2026-09-19T19:21:55Z
2026-09-19T19:18:14Z,2026-09-19T21:18:14+0200,626cbb1e-1fe0-4540-94c7-9134fab531b6,2026-09-14T10:00:00Z,2026-09-14T12:00:00+0200,130.0,EUR/MWh,DK2,DK_2,imbalance_price,Long,2026-09-19T19:21:55Z
2026-09-19T19:18:14Z,2026-09-19T21:18:14+0200,626cbb1e-1fe0-4540-94c7-9134fab531b6,2026-09-14T10:00:00Z,2026-09-14T12:00:00+0200,130.0,EUR/MWh,DK2,DK_2,imbalance_price,Short,2026-09-19T19:21:55Z
2026-09-19T19:18:14Z,2026-09-19T21:18:14+0200,626cbb1e-1fe0-4540-94c7-9134fab531b6,2026-09-14T10:15:00Z,2026-09-14T12:15:00+0200,127.49,EUR/MWh,DK2,DK_2,imbalance_price,Long,2026-09-19T19:21:55Z
2026-09-19T19:18:14Z,2026-09-19T21:18:14+0200,626cbb1e-1fe0-4540-94c7-9134fab531b6,2026-09-14T10:15:00Z,2026-09-14T12:15:00+0200,127.49,EUR/MWh,DK2,DK_2,imbalance_price,Short,2026-09-19T19:21:55Z
2026-09-19T19:18:14Z,2026-09-19T21:18:14+0200,626cbb1e-1fe0-4540-94c7-9134fab531b6,2026-09-14T10:30:00Z,2026-09-14T12:30:00+0200,139.55,EUR/MWh,DK2,DK_2,imbalance_price,Long,2026-09-19T19:21:55Z
2026-09-19T19:18:14Z,2026-09-19T21:18:14+0200,626cbb1e-1fe0-4540-94c7-9134fab531b6,2026-09-14T10:30:00Z,2026-09-14T12:30:00+0200,139.55,EUR/MWh,DK2,DK_2,imbalance_price,Short,2026-09-19T19:21:55Z
2026-09-19T19:18:14Z,2026-09-19T21:18:14+0200,626cbb1e-1fe0-4540-94c7-9134fab531b6,2026-09-14T10:45:00Z,2026-09-14T12:45:00+0200,85.67,EUR/MWh,DK2,DK_2,imbalance_price,Long,2026-09-19T19:21:55Z
2026-09-19T19:18:14Z,2026-09-19T21:18:14+0200,626cbb1e-1fe0-4540-94c7-9134fab531b6,2026-09-14T10:45:00Z,2026-09-14T12:45:00+0200,85.67,EUR/MWh,DK2,DK_2,imbalance_price,Short,2026-09-19T19:21:55Z
2026-09-19T19:18:14Z,2026-09-19T21:18:14+0200,626cbb1e-1fe0-4540-94c7-9134fab531b6,2026-09-14T11:00:00Z,2026-09-14T13:00:00+0200,115.0,EUR/MWh,DK2,DK_2,imbalance_price,Long,2026-09-19T19:21:55Z
2026-09-19T19:18:14Z,2026-09-19T21:18:14+0200,626cbb1e-1fe0-4540-94c7-9134fab531b6,2026-09-14T11:00:00Z,2026-09-14T13:00:00+0200,115.0,EUR/MWh,DK2,DK_2,imbalance_price,Short,2026-09-19T19:21:55Z
2026-09-19T19:18:14Z,2026-09-19T21:18:14+0200,626cbb1e-1fe0-4540-94c7-9134fab531b6,2026-09-14T11:15:00Z,2026-09-14T13:15:00+0200,104.34,EUR/MWh,DK2,DK_2,imbalance_price,Long,2026-09-19T19:21:55Z
2026-09-19T19:18:14Z,2026-09-19T21:18:14+0200,626cbb1e-1fe0-4540-94c7-9134fab531b6,2026-09-14T11:15:00Z,2026-09-14T13:15:00+0200,104.34,EUR/MWh,DK2,DK_2,imbalance_price,Short,2026-09-19T19:21:55Z
2026-09-19T19:18:14Z,2026-09-19T21:18:14+0200,626cbb1e-1fe0-4540-94c7-9134fab531b6,2026-09-14T11:30:00Z,2026-09-14T13:30:00+0200,115.0,EUR/MWh,DK2,DK_2,imbalance_price,Long,2026-09-19T19:21:55Z
2026-09-19T19:18:14Z,2026-09-19T21:18:14+0200,626cbb1e-1fe0-4540-94c7-9134fab531b6,2026-09-14T11:30:00Z,2026-09-14T13:30:00+0200,115.0,EUR/MWh,DK2,DK_2,imbalance_price,Short,2026-09-19T19:21:55Z
2026-09-19T19:18:14Z,2026-09-19T21:18:14+0200,626cbb1e-1fe0-4540-94c7-9134fab531b6,2026-09-14T11:45:00Z,2026-09-14T13:45:00+0200,163.5,EUR/MWh,DK2,DK_2,imbalance_price,Long,2026-09-19T19:21:55Z
2026-09-19T19:18:14Z,2026-09-19T21:18:14+0200,626cbb1e-1fe0-4540-94c7-9134fab531b6,2026-09-14T11:45:00Z,2026-09-14T13:45:00+0200,163.5,EUR/MWh,DK2,DK_2,imbalance_price,Short,2026-09-19T19:21:55Z
2026-09-19T19:18:14Z,2026-09-19T21:18:14+0200,626cbb1e-1fe0-4540-94c7-9134fab531b6,2026-09-14T12:00:00Z,2026-09-14T14:00:00+0200,176.0,EUR/MWh,DK2,DK_2,imbalance_price,Long,2026-09-19T19:21:55Z
2026-09-19T19:18:14Z,2026-09-19T21:18:14+0200,626cbb1e-1fe0-4540-94c7-9134fab531b6,2026-09-14T12:00:00Z,2026-09-14T14:00:00+0200,176.0,EUR/MWh,DK2,DK_2,imbalance_price,Short,2026-09-19T19:21:55Z
2026-09-19T19:18:14Z,2026-09-19T21:18:14+0200,626cbb1e-1fe0-4540-94c7-9134fab531b6,2026-09-14T12:15:00Z,2026-09-14T14:15:00+0200,96.56,EUR/MWh,DK2,DK_2,imbalance_price,Long,2026-09-19T19:21:55Z
2026-09-19T19:18:14Z,2026-09-19T21:18:14+0200,626cbb1e-1fe0-4540-94c7-9134fab531b6,2026-09-14T12:15:00Z,2026-09-14T14:15:00+0200,96.56,EUR/MWh,DK2,DK_2,imbalance_price,Short,2026-09-19T19:21:55Z
2026-09-19T19:18:14Z,2026-09-19T21:18:14+0200,626cbb1e-1fe0-4540-94c7-9134fab531b6,2026-09-14T12:30:00Z,2026-09-14T14:30:00+0200,158.36,EUR/MWh,DK2,DK_2,imbalance_price,Long,2026-09-19T19:21:55Z
2026-09-19T19:18:14Z,2026-09-19T21:18:14+0200,626cbb1e-1fe0-4540-94c7-9134fab531b6,2026-09-14T12:30:00Z,2026-09-14T14:30:00+0200,158.36,EUR/MWh,DK2,DK_2,imbalance_price,Short,2026-09-19T19:21:55Z
2026-09-19T19:18:14Z,2026-09-19T21:18:14+0200,626cbb1e-1fe0-4540-94c7-9134fab531b6,2026-09-14T12:45:00Z,2026-09-14T14:45:00+0200,92.58,EUR/MWh,DK2,DK_2,imbalance_price,Long,2026-09-19T19:21:55Z
2026-09-19T19:18:14Z,2026-09-19T21:18:14+0200,626cbb1e-1fe0-4540-94c7-9134fab531b6,2026-09-14T12:45:00Z,2026-09-14T14:45:00+0200,92.58,EUR/MWh,DK2,DK_2,imbalance_price,Short,2026-09-19T19:21:55Z
2026-09-19T19:18:14Z,2026-09-19T21:18:14+0200,626cbb1e-1fe0-4540-94c7-9134fab531b6,2026-09-14T13:00:00Z,2026-09-14T15:00:00+0200,120.37,EUR/MWh,DK2,DK_2,imbalance_price,Long,2026-09-19T19:21:55Z
2026-09-19T19:18:14Z,2026-09-19T21:18:14+0200,626cbb1e-1fe0-4540-94c7-9134fab531b6,2026-09-14T13:00:00Z,2026-09-14T15:00:00+0200,120.37,EUR/MWh,DK2,DK_2,imbalance_price,Short,2026-09-19T19:21:55Z
2026-09-19T19:18:14Z,2026-09-19T21:18:14+0200,626cbb1e-1fe0-4540-94c7-9134fab531b6,2026-09-14T13:15:00Z,2026-09-14T15:15:00+0200,117.87,EUR/MWh,DK2,DK_2,imbalance_price,Long,2026-09-19T19:21:55Z
2026-09-19T19:18:14Z,2026-09-19T21:18:14+0200,626cbb1e-1fe0-4540-94c7-9134fab531b6,2026-09-14T13:15:00Z,2026-09-14T15:15:00+0200,117.87,EUR/MWh,DK2,DK_2,imbalance_price,Short,2026-09-19T19:21:55Z
2026-09-19T19:18:14Z,2026-09-19T21:18:14+0200,626cbb1e-1fe0-4540-94c7-9134fab531b6,2026-09-14T13:30:00Z,2026-09-14T15:30:00+0200,169.16,EUR/MWh,DK2,DK_2,imbalance_price,Long,2026-09-19T19:21:55Z
2026-09-19T19:18:14Z,2026-09-19T21:18:14+0200,626cbb1e-1fe0-4540-94c7-9134fab531b6,2026-09-14T13:30:00Z,2026-09-14T15:30:00+0200,169.16,EUR/MWh,DK2,DK_2,imbalance_price,Short,2026-09-19T19:21:55Z
2026-09-19T19:18:14Z,2026-09-19T21:18:14+0200,626cbb1e-1fe0-4540-94c7-9134fab531b6,2026-09-14T13:45:00Z,2026-09-14T15:45:00+0200,35.46,EUR/MWh,DK2,DK_2,imbalance_price,Long,2026-09-19T19:21:55Z
2026-09-19T19:18:14Z,2026-09-19T21:18:14+0200,626cbb1e-1fe0-4540-94c7-9134fab531b6,2026-09-14T13:45:00Z,2026-09-14T15:45:00+0200,35.46,EUR/MWh,DK2,DK_2,imbalance_price,Short,2026-09-19T19:21:55Z
2026-09-19T19:18:14Z,2026-09-19T21:18:14+0200,626cbb1e-1fe0-4540-94c7-9134fab531b6,2026-09-14T14:00:00Z,2026-09-14T16:00:00+0200,104.26,EUR/MWh,DK2,DK_2,imbalance_price,Long,2026-09-19T19:21:55Z
2026-09-19T19:18:14Z,2026-09-19T21:18:14+0200,626cbb1e-1fe0-4540-94c7-9134fab531b6,2026-09-14T14:00:00Z,2026-09-14T16:00:00+0200,104.26,EUR/MWh,DK2,DK_2,imbalance_price,Short,2026-09-19T19:21:55Z
2026-09-19T19:18:14Z,2026-09-19T21:18:14+0200,626cbb1e-1fe0-4540-94c7-9134fab531b6,2026-09-14T14:15:00Z,2026-09-14T16:15:00+0200,116.95,EUR/MWh,DK2,DK_2,imbalance_price,Long,2026-09-19T19:21:55Z
2026-09-19T19:18:14Z,2026-09-19T21:18:14+0200,626cbb1e-1fe0-4540-94c7-9134fab531b6,2026-09-14T14:15:00Z,2026-09-14T16:15:00+0200,116.95,EUR/MWh,DK2,DK_2,imbalance_price,Short,2026-09-19T19:21:55Z
2026-09-19T19:18:14Z,2026-09-19T21:18:14+0200,626cbb1e-1fe0-4540-94c7-9134fab531b6,2026-09-14T14:30:00Z,2026-09-14T16:30:00+0200,111.18,EUR/MWh,DK2,DK_2,imbalance_price,Long,2026-09-19T19:21:55Z
2026-09-19T19:18:14Z,2026-09-19T21:18:14+0200,626cbb1e-1fe0-4540-94c7-9134fab531b6,2026-09-14T14:30:00Z,2026-09-14T16:30:00+0200,111.18,EUR/MWh,DK2,DK_2,imbalance_price,Short,2026-09-19T19:21:55Z
2026-09-19T19:18:14Z,2026-09-19T21:18:14+0200,626cbb1e-1fe0-4540-94c7-9134fab531b6,2026-09-14T14:45:00Z,2026-09-14T16:45:00+0200,122.98,EUR/MWh,DK2,DK_2,imbalance_price,Long,2026-09-19T19:21:55Z
2026-09-19T19:18:14Z,2026-09-19T21:18:14+0200,626cbb1e-1fe0-4540-94c7-9134fab531b6,2026-09-14T14:45:00Z,2026-09-14T16:45:00+0200,122.98,EUR/MWh,DK2,DK_2,imbalance_price,Short,2026-09-19T19:21:55Z
2026-09-19T19:18:14Z,2026-09-19T21:18:14+0200,626cbb1e-1fe0-4540-94c7-9134fab531b6,2026-09-14T15:00:00Z,2026-09-14T17:00:00+0200,76.74,EUR/MWh,DK2,DK_2,imbalance_price,Long,2026-09-19T19:21:55Z
2026-09-19T19:18:14Z,2026-09-19T21:18:14+0200,626cbb1e-1fe0-4540-94c7-9134fab531b6,2026-09-14T15:00:00Z,2026-09-14T17:00:00+0200,76.74,EUR/MWh,DK2,DK_2,imbalance_price,Short,2026-09-19T19:21:55Z
2026-09-19T19:18:14Z,2026-09-19T21:18:14+0200,626cbb1e-1fe0-4540-94c7-9134fab531b6,2026-09-14T15:15:00Z,2026-09-14T17:15:00+0200,118.58,EUR/MWh,DK2,DK_2,imbalance_price,Long,2026-09-19T19:21:55Z
2026-09-19T19:18:14Z,2026-09-19T21:18:14+0200,626cbb1e-1fe0-4540-94c7-9134fab531b6,2026-09-14T15:15:00Z,2026-09-14T17:15:00+0200,118.58,EUR/MWh,DK2,DK_2,imbalance_price,Short,2026-09-19T19:21:55Z
2026-09-19T19:18:14Z,2026-09-19T21:18:14+0200,626cbb1e-1fe0-4540-94c7-9134fab531b6,2026-09-14T15:30:00Z,2026-09-14T17:30:00+0200,253.74,EUR/MWh,DK2,DK_2,imbalance_price,Long,2026-09-19T19:21:55Z
2026-09-19T19:18:14Z,2026-09-19T21:18:14+0200,626cbb1e-1fe0-4540-94c7-9134fab531b6,2026-09-14T15:30:00Z,2026-09-14T17:30:00+0200,253.74,EUR/MWh,DK2,DK_2,imbalance_price,Short,2026-09-19T19:21:55Z
2026-09-19T19:18:14Z,2026-09-19T21:18:14+0200,626cbb1e-1fe0-4540-94c7-9134fab531b6,2026-09-14T15:45:00Z,2026-09-14T17:45:00+0200,139.75,EUR/MWh,DK2,DK_2,imbalance_price,Long,2026-09-19T19:21:55Z
2026-09-19T19:18:14Z,2026-09-19T21:18:14+0200,626cbb1e-1fe0-4540-94c7-9134fab531b6,2026-09-14T15:45:00Z,2026-09-14T17:45:00+0200,139.75,EUR/MWh,DK2,DK_2,imbalance_price,Short,2026-09-19T19:21:55Z
2026-09-19T19:18:14Z,2026-09-19T21:18:14+0200,626cbb1e-1fe0-4540-94c7-9134fab531b6,2026-09-14T16:00:00Z,2026-09-14T18:00:00+0200,92.93,EUR/MWh,DK2,DK_2,imbalance_price,Long,2026-09-19T19:21:55Z
2026-09-19T19:18:14Z,2026-09-19T21:18:14+0200,626cbb1e-1fe0-4540-94c7-9134fab531b6,2026-09-14T16:00:00Z,2026-09-14T18:00:00+0200,92.93,EUR/MWh,DK2,DK_2,imbalance_price,Short,2026-09-19T19:21:55Z
2026-09-19T19:18:14Z,2026-09-19T21:18:14+0200,626cbb1e-1fe0-4540-94c7-9134fab531b6,2026-09-14T16:15:00Z,2026-09-14T18:15:00+0200,307.84,EUR/MWh,DK2,DK_2,imbalance_price,Long,2026-09-19T19:21:55Z
2026-09-19T19:18:14Z,2026-09-19T21:18:14+0200,626cbb1e-1fe0-4540-94c7-9134fab531b6,2026-09-14T16:15:00Z,2026-09-14T18:15:00+0200,307.84,EUR/MWh,DK2,DK_2,imbalance_price,Short,2026-09-19T19:21:55Z
2026-09-19T19:18:14Z,2026-09-19T21:18:14+0200,626cbb1e-1fe0-4540-94c7-9134fab531b6,2026-09-14T16:30:00Z,2026-09-14T18:30:00+0200,456.42,EUR/MWh,DK2,DK_2,imbalance_price,Long,2026-09-19T19:21:55Z
2026-09-19T19:18:14Z,2026-09-19T21:18:14+0200,626cbb1e-1fe0-4540-94c7-9134fab531b6,2026-09-14T16:30:00Z,2026-09-14T18:30:00+0200,456.42,EUR/MWh,DK2,DK_2,imbalance_price,Short,2026-09-19T19:21:55Z
2026-09-19T19:18:14Z,2026-09-19T21:18:14+0200,626cbb1e-1fe0-4540-94c7-9134fab531b6,2026-09-14T16:45:00Z,2026-09-14T18:45:00+0200,595.53,EUR/MWh,DK2,DK_2,imbalance_price,Long,2026-09-19T19:21:55Z
2026-09-19T19:18:14Z,2026-09-19T21:18:14+0200,626cbb1e-1fe0-4540-94c7-9134fab531b6,2026-09-14T16:45:00Z,2026-09-14T18:45:00+0200,595.53,EUR/MWh,DK2,DK_2,imbalance_price,Short,2026-09-19T19:21:55Z
2026-09-19T19:18:14Z,2026-09-19T21:18:14+0200,626cbb1e-1fe0-4540-94c7-9134fab531b6,2026-09-14T17:00:00Z,2026-09-14T19:00:00+0200,666.26,EUR/MWh,DK2,DK_2,imbalance_price,Long,2026-09-19T19:21:55Z
2026-09-19T19:18:14Z,2026-09-19T21:18:14+0200,626cbb1e-1fe0-4540-94c7-9134fab531b6,2026-09-14T17:00:00Z,2026-09-14T19:00:00+0200,666.26,EUR/MWh,DK2,DK_2,imbalance_price,Short,2026-09-19T19:21:55Z
2026-09-19T19:18:14Z,2026-09-19T21:18:14+0200,626cbb1e-1fe0-4540-94c7-9134fab531b6,2026-09-14T17:15:00Z,2026-09-14T19:15:00+0200,194.3,EUR/MWh,DK2,DK_2,imbalance_price,Long,2026-09-19T19:21:55Z
2026-09-19T19:18:14Z,2026-09-19T21:18:14+0200,626cbb1e-1fe0-4540-94c7-9134fab531b6,2026-09-14T17:15:00Z,2026-09-14T19:15:00+0200,194.3,EUR/MWh,DK2,DK_2,imbalance_price,Short,2026-09-19T19:21:55Z
2026-09-19T19:18:14Z,2026-09-19T21:18:14+0200,626cbb1e-1fe0-4540-94c7-9134fab531b6,2026-09-14T17:30:00Z,2026-09-14T19:30:00+0200,194.0,EUR/MWh,DK2,DK_2,imbalance_price,Long,2026-09-19T19:21:55Z
2026-09-19T19:18:14Z,2026-09-19T21:18:14+0200,626cbb1e-1fe0-4540-94c7-9134fab531b6,2026-09-14T17:30:00Z,2026-09-14T19:30:00+0200,194.0,EUR/MWh,DK2,DK_2,imbalance_price,Short,2026-09-19T19:21:55Z
2026-09-19T19:18:14Z,2026-09-19T21:18:14+0200,626cbb1e-1fe0-4540-94c7-9134fab531b6,2026-09-14T17:45:00Z,2026-09-14T19:45:00+0200,192.0,EUR/MWh,DK2,DK_2,imbalance_price,Long,2026-09-19T19:21:55Z
2026-09-19T19:18:14Z,2026-09-19T21:18:14+0200,626cbb1e-1fe0-4540-94c7-9134fab531b6,2026-09-14T17:45:00Z,2026-09-14T19:45:00+0200,192.0,EUR/MWh,DK2,DK_2,imbalance_price,Short,2026-09-19T19:21:55Z
2026-09-19T19:18:14Z,2026-09-19T21:18:14+0200,626cbb1e-1fe0-4540-94c7-9134fab531b6,2026-09-14T18:00:00Z,2026-09-14T20:00:00+0200,721.1,EUR/MWh,DK2,DK_2,imbalance_price,Long,2026-09-19T19:21:55Z
2026-09-19T19:18:14Z,2026-09-19T21:18:14+0200,626cbb1e-1fe0-4540-94c7-9134fab531b6,2026-09-14T18:00:00Z,2026-09-14T20:00:00+0200,721.1,EUR/MWh,DK2,DK_2,imbalance_price,Short,2026-09-19T19:21:55Z
2026-09-19T19:18:14Z,2026-09-19T21:18:14+0200,626cbb1e-1fe0-4540-94c7-9134fab531b6,2026-09-14T18:15:00Z,2026-09-14T20:15:00+0200,597.03,EUR/MWh,DK2,DK_2,imbalance_price,Long,2026-09-19T19:21:55Z
2026-09-19T19:18:14Z,2026-09-19T21:18:14+0200,626cbb1e-1fe0-4540-94c7-9134fab531b6,2026-09-14T18:15:00Z,2026-09-14T20:15:00+0200,597.03,EUR/MWh,DK2,DK_2,imbalance_price,Short,2026-09-19T19:21:55Z
2026-09-19T19:18:14Z,2026-09-19T21:18:14+0200,626cbb1e-1fe0-4540-94c7-9134fab531b6,2026-09-14T18:30:00Z,2026-09-14T20:30:00+0200,450.49,EUR/MWh,DK2,DK_2,imbalance_price,Long,2026-09-19T19:21:55Z
2026-09-19T19:18:14Z,2026-09-19T21:18:14+0200,626cbb1e-1fe0-4540-94c7-9134fab531b6,2026-09-14T18:30:00Z,2026-09-14T20:30:00+0200,450.49,EUR/MWh,DK2,DK_2,imbalance_price,Short,2026-09-19T19:21:55Z
2026-09-19T19:18:14Z,2026-09-19T21:18:14+0200,626cbb1e-1fe0-4540-94c7-9134fab531b6,2026-09-14T18:45:00Z,2026-09-14T20:45:00+0200,115.84,EUR/MWh,DK2,DK_2,imbalance_price,Long,2026-09-19T19:21:55Z
2026-09-19T19:18:14Z,2026-09-19T21:18:14+0200,626cbb1e-1fe0-4540-94c7-9134fab531b6,2026-09-14T18:45:00Z,2026-09-14T20:45:00+0200,115.84,EUR/MWh,DK2,DK_2,imbalance_price,Short,2026-09-19T19:21:55Z
2026-09-19T19:18:14Z,2026-09-19T21:18:14+0200,626cbb1e-1fe0-4540-94c7-9134fab531b6,2026-09-14T19:00:00Z,2026-09-14T21:00:00+0200,100.52,EUR/MWh,DK2,DK_2,imbalance_price,Long,2026-09-19T19:21:55Z
2026-09-19T19:18:14Z,2026-09-19T21:18:14+0200,626cbb1e-1fe0-4540-94c7-9134fab531b6,2026-09-14T19:00:00Z,2026-09-14T21:00:00+0200,100.52,EUR/MWh,DK2,DK_2,imbalance_price,Short,2026-09-19T19:21:55Z
2026-09-19T19:18:14Z,2026-09-19T21:18:14+0200,626cbb1e-1fe0-4540-94c7-9134fab531b6,2026-09-14T19:15:00Z,2026-09-14T21:15:00+0200,99.18,EUR/MWh,DK2,DK_2,imbalance_price,Long,2026-09-19T19:21:55Z
2026-09-19T19:18:14Z,2026-09-19T21:18:14+0200,626cbb1e-1fe0-4540-94c7-9134fab531b6,2026-09-14T19:15:00Z,2026-09-14T21:15:00+0200,99.18,EUR/MWh,DK2,DK_2,imbalance_price,Short,2026-09-19T19:21:55Z
2026-09-19T19:18:14Z,2026-09-19T21:18:14+0200,626cbb1e-1fe0-4540-94c7-9134fab531b6,2026-09-14T19:30:00Z,2026-09-14T21:30:00+0200,270.74,EUR/MWh,DK2,DK_2,imbalance_price,Long,2026-09-19T19:21:55Z
2026-09-19T19:18:14Z,2026-09-19T21:18:14+0200,626cbb1e-1fe0-4540-94c7-9134fab531b6,2026-09-14T19:30:00Z,2026-09-14T21:30:00+0200,270.74,EUR/MWh,DK2,DK_2,imbalance_price,Short,2026-09-19T19:21:55Z
2026-09-19T19:18:14Z,2026-09-19T21:18:14+0200,626cbb1e-1fe0-4540-94c7-9134fab531b6,2026-09-14T19:45:00Z,2026-09-14T21:45:00+0200,249.19,EUR/MWh,DK2,DK_2,imbalance_price,Long,2026-09-19T19:21:55Z
2026-09-19T19:18:14Z,2026-09-19T21:18:14+0200,626cbb1e-1fe0-4540-94c7-9134fab531b6,2026-09-14T19:45:00Z,2026-09-14T21:45:00+0200,249.19,EUR/MWh,DK2,DK_2,imbalance_price,Short,2026-09-19T19:21:55Z
2026-09-19T19:18:14Z,2026-09-19T21:18:14+0200,626cbb1e-1fe0-4540-94c7-9134fab531b6,2026-09-14T20:00:00Z,2026-09-14T22:00:00+0200,173.11,EUR/MWh,DK2,DK_2,imbalance_price,Long,2026-09-19T19:21:55Z
2026-09-19T19:18:14Z,2026-09-19T21:18:14+0200,626cbb1e-1fe0-4540-94c7-9134fab531b6,2026-09-14T20:00:00Z,2026-09-14T22:00:00+0200,173.11,EUR/MWh,DK2,DK_2,imbalance_price,Short,2026-09-19T19:21:55Z
2026-09-19T19:18:14Z,2026-09-19T21:18:14+0200,626cbb1e-1fe0-4540-94c7-9134fab531b6,2026-09-14T20:15:00Z,2026-09-14T22:15:00+0200,178.25,EUR/MWh,DK2,DK_2,imbalance_price,Long,2026-09-19T19:21:55Z
2026-09-19T19:18:14Z,2026-09-19T21:18:14+0200,626cbb1e-1fe0-4540-94c7-9134fab531b6,2026-09-14T20:15:00Z,2026-09-14T22:15:00+0200,178.25,EUR/MWh,DK2,DK_2,imbalance_price,Short,2026-09-19T19:21:55Z
2026-09-19T19:18:14Z,2026-09-19T21:18:14+0200,626cbb1e-1fe0-4540-94c7-9134fab531b6,2026-09-14T20:30:00Z,2026-09-14T22:30:00+0200,243.26,EUR/MWh,DK2,DK_2,imbalance_price,Long,2026-09-19T19:21:55Z
2026-09-19T19:18:14Z,2026-09-19T21:18:14+0200,626cbb1e-1fe0-4540-94c7-9134fab531b6,2026-09-14T20:30:00Z,2026-09-14T22:30:00+0200,243.26,EUR/MWh,DK2,DK_2,imbalance_price,Short,2026-09-19T19:21:55Z
2026-09-19T19:18:14Z,2026-09-19T21:18:14+0200,626cbb1e-1fe0-4540-94c7-9134fab531b6,2026-09-14T20:45:00Z,2026-09-14T22:45:00+0200,225.95,EUR/MWh,DK2,DK_2,imbalance_price,Long,2026-09-19T19:21:55Z
2026-09-19T19:18:14Z,2026-09-19T21:18:14+0200,626cbb1e-1fe0-4540-94c7-9134fab531b6,2026-09-14T20:45:00Z,2026-09-14T22:45:00+0200,225.95,EUR/MWh,DK2,DK_2,imbalance_price,Short,2026-09-19T19:21:55Z
2026-09-19T19:18:14Z,2026-09-19T21:18:14+0200,626cbb1e-1fe0-4540-94c7-9134fab531b6,2026-09-14T21:00:00Z,2026-09-14T23:00:00+0200,234.51,EUR/MWh,DK2,DK_2,imbalance_price,Long,2026-09-19T19:21:55Z
2026-09-19T19:18:14Z,2026-09-19T21:18:14+0200,626cbb1e-1fe0-4540-94c7-9134fab531b6,2026-09-14T21:00:00Z,2026-09-14T23:00:00+0200,234.51,EUR/MWh,DK2,DK_2,imbalance_price,Short,2026-09-19T19:21:55Z
2026-09-19T19:18:14Z,2026-09-19T21:18:14+0200,626cbb1e-1fe0-4540-94c7-9134fab531b6,2026-09-14T21:15:00Z,2026-09-14T23:15:00+0200,222.99,EUR/MWh,DK2,DK_2,imbalance_price,Long,2026-09-19T19:21:55Z
2026-09-19T19:18:14Z,2026-09-19T21:18:14+0200,626cbb1e-1fe0-4540-94c7-9134fab531b6,2026-09-14T21:15:00Z,2026-09-14T23:15:00+0200,222.99,EUR/MWh,DK2,DK_2,imbalance_price,Short,2026-09-19T19:21:55Z
2026-09-19T19:18:14Z,2026-09-19T21:18:14+0200,626cbb1e-1fe0-4540-94c7-9134fab531b6,2026-09-14T21:30:00Z,2026-09-14T23:30:00+0200,217.41,EUR/MWh,DK2,DK_2,imbalance_price,Long,2026-09-19T19:21:55Z
2026-09-19T19:18:14Z,2026-09-19T21:18:14+0200,626cbb1e-1fe0-4540-94c7-9134fab531b6,2026-09-14T21:30:00Z,2026-09-14T23:30:00+0200,217.41,EUR/MWh,DK2,DK_2,imbalance_price,Short,2026-09-19T19:21:55Z
2026-09-19T19:18:14Z,2026-09-19T21:18:14+0200,626cbb1e-1fe0-4540-94c7-9134fab531b6,2026-09-14T21:45:00Z,2026-09-14T23:45:00+0200,153.0,EUR/MWh,DK2,DK_2,imbalance_price,Long,2026-09-19T19:21:55Z
2026-09-19T19:18:14Z,2026-09-19T21:18:14+0200,626cbb1e-1fe0-4540-94c7-9134fab531b6,2026-09-14T21:45:00Z,2026-09-14T23:45:00+0200,153.0,EUR/MWh,DK2,DK_2,imbalance_price,Short,2026-09-19T19:21:55Z
2026-09-19T19:18:14Z,2026-09-19T21:18:14+0200,626cbb1e-1fe0-4540-94c7-9134fab531b6,2026-09-14T22:00:00Z,2026-09-15T00:00:00+0200,221.88,EUR/MWh,DK2,DK_2,imbalance_price,Long,2026-09-19T19:21:55Z
2026-09-19T19:18:14Z,2026-09-19T21:18:14+0200,626cbb1e-1fe0-4540-94c7-9134fab531b6,2026-09-14T22:00:00Z,2026-09-15T00:00:00+0200,221.88,EUR/MWh,DK2,DK_2,imbalance_price,Short,2026-09-19T19:21:55Z
2026-09-19T19:18:14Z,2026-09-19T21:18:14+0200,626cbb1e-1fe0-4540-94c7-9134fab531b6,2026-09-14T22:15:00Z,2026-09-15T00:15:00+0200,217.47,EUR/MWh,DK2,DK_2,imbalance_price,Long,2026-09-19T19:21:55Z
2026-09-19T19:18:14Z,2026-09-19T21:18:14+0200,626cbb1e-1fe0-4540-94c7-9134fab531b6,2026-09-14T22:15:00Z,2026-09-15T00:15:00+0200,217.47,EUR/MWh,DK2,DK_2,imbalance_price,Short,2026-09-19T19:21:55Z
2026-09-19T19:18:14Z,2026-09-19T21:18:14+0200,626cbb1e-1fe0-4540-94c7-9134fab531b6,2026-09-14T22:30:00Z,2026-09-15T00:30:00+0200,205.62,EUR/MWh,DK2,DK_2,imbalance_price,Long,2026-09-19T19:21:55Z
2026-09-19T19:18:14Z,2026-09-19T21:18:14+0200,626cbb1e-1fe0-4540-94c7-9134fab531b6,2026-09-14T22:30:00Z,2026-09-15T00:30:00+0200,205.62,EUR/MWh,DK2,DK_2,imbalance_price,Short,2026-09-19T19:21:55Z
2026-09-19T19:18:14Z,2026-09-19T21:18:14+0200,626cbb1e-1fe0-4540-94c7-9134fab531b6,2026-09-14T22:45:00Z,2026-09-15T00:45:00+0200,192.09,EUR/MWh,DK2,DK_2,imbalance_price,Long,2026-09-19T19:21:55Z
2026-09-19T19:18:14Z,2026-09-19T21:18:14+0200,626cbb1e-1fe0-4540-94c7-9134fab531b6,2026-09-14T22:45:00Z,2026-09-15T00:45:00+0200,192.09,EUR/MWh,DK2,DK_2,imbalance_price,Short,2026-09-19T19:21:55Z
2026-09-19T19:18:14Z,2026-09-19T21:18:14+0200,626cbb1e-1fe0-4540-94c7-9134fab531b6,2026-09-14T23:00:00Z,2026-09-15T01:00:00+0200,211.21,EUR/MWh,DK2,DK_2,imbalance_price,Long,2026-09-19T19:21:55Z
2026-09-19T19:18:14Z,2026-09-19T21:18:14+0200,626cbb1e-1fe0-4540-94c7-9134fab531b6,2026-09-14T23:00:00Z,2026-09-15T01:00:00+0200,211.21,EUR/MWh,DK2,DK_2,imbalance_price,Short,2026-09-19T19:21:55Z
2026-09-19T19:18:14Z,2026-09-19T21:18:14+0200,626cbb1e-1fe0-4540-94c7-9134fab531b6,2026-09-14T23:15:00Z,2026-09-15T01:15:00+0200,137.0,EUR/MWh,DK2,DK_2,imbalance_price,Long,2026-09-19T19:21:55Z
2026-09-19T19:18:14Z,2026-09-19T21:18:14+0200,626cbb1e-1fe0-4540-94c7-9134fab531b6,2026-09-14T23:15:00Z,2026-09-15T01:15:00+0200,137.0,EUR/MWh,DK2,DK_2,imbalance_price,Short,2026-09-19T19:21:55Z
2026-09-19T19:18:14Z,2026-09-19T21:18:14+0200,626cbb1e-1fe0-4540-94c7-9134fab531b6,2026-09-14T23:30:00Z,2026-09-15T01:30:00+0200,141.13,EUR/MWh,DK2,DK_2,imbalance_price,Long,2026-09-19T19:21:55Z
2026-09-19T19:18:14Z,2026-09-19T21:18:14+0200,626cbb1e-1fe0-4540-94c7-9134fab531b6,2026-09-14T23:30:00Z,2026-09-15T01:30:00+0200,141.13,EUR/MWh,DK2,DK_2,imbalance_price,Short,2026-09-19T19:21:55Z
2026-09-19T19:18:14Z,2026-09-19T21:18:14+0200,626cbb1e-1fe0-4540-94c7-9134fab531b6,2026-09-14T23:45:00Z,2026-09-15T01:45:00+0200,188.11,EUR/MWh,DK2,DK_2,imbalance_price,Long,2026-09-19T19:21:55Z
2026-09-19T19:18:14Z,2026-09-19T21:18:14+0200,626cbb1e-1fe0-4540-94c7-9134fab531b6,2026-09-14T23:45:00Z,2026-09-15T01:45:00+0200,188.11,EUR/MWh,DK2,DK_2,imbalance_price,Short,2026-09-19T19:21:55Z
2026-09-19T19:18:14Z,2026-09-19T21:18:14+0200,626cbb1e-1fe0-4540-94c7-9134fab531b6,2026-09-15T00:00:00Z,2026-09-15T02:00:00+0200,144.93,EUR/MWh,DK2,DK_2,imbalance_price,Long,2026-09-19T19:21:55Z
2026-09-19T19:18:14Z,2026-09-19T21:18:14+0200,626cbb1e-1fe0-4540-94c7-9134fab531b6,2026-09-15T00:00:00Z,2026-09-15T02:00:00+0200,144.93,EUR/MWh,DK2,DK_2,imbalance_price,Short,2026-09-19T19:21:55Z
2026-09-19T19:18:14Z,2026-09-19T21:18:14+0200,626cbb1e-1fe0-4540-94c7-9134fab531b6,2026-09-15T00:15:00Z,2026-09-15T02:15:00+0200,132.78,EUR/MWh,DK2,DK_2,imbalance_price,Long,2026-09-19T19:21:55Z
2026-09-19T19:18:14Z,2026-09-19T21:18:14+0200,626cbb1e-1fe0-4540-94c7-9134fab531b6,2026-09-15T00:15:00Z,2026-09-15T02:15:00+0200,132.78,EUR/MWh,DK2,DK_2,imbalance_price,Short,2026-09-19T19:21:55Z
2026-09-19T19:18:14Z,2026-09-19T21:18:14+0200,626cbb1e-1fe0-4540-94c7-9134fab531b6,2026-09-15T00:30:00Z,2026-09-15T02:30:00+0200,131.1,EUR/MWh,DK2,DK_2,imbalance_price,Long,2026-09-19T19:21:55Z
2026-09-19T19:18:14Z,2026-09-19T21:18:14+0200,626cbb1e-1fe0-4540-94c7-9134fab531b6,2026-09-15T00:30:00Z,2026-09-15T02:30:00+0200,131.1,EUR/MWh,DK2,DK_2,imbalance_price,Short,2026-09-19T19:21:55Z
2026-09-19T19:18:14Z,2026-09-19T21:18:14+0200,626cbb1e-1fe0-4540-94c7-9134fab531b6,2026-09-15T00:45:00Z,2026-09-15T02:45:00+0200,151.09,EUR/MWh,DK2,DK_2,imbalance_price,Long,2026-09-19T19:21:55Z
2026-09-19T19:18:14Z,2026-09-19T21:18:14+0200,626cbb1e-1fe0-4540-94c7-9134fab531b6,2026-09-15T00:45:00Z,2026-09-15T02:45:00+0200,151.09,EUR/MWh,DK2,DK_2,imbalance_price,Short,2026-09-19T19:21:55Z
2026-09-19T19:18:14Z,2026-09-19T21:18:14+0200,626cbb1e-1fe0-4540-94c7-9134fab531b6,2026-09-15T01:00:00Z,2026-09-15T03:00:00+0200,134.82,EUR/MWh,DK2,DK_2,imbalance_price,Long,2026-09-19T19:21:55Z
2026-09-19T19:18:14Z,2026-09-19T21:18:14+0200,626cbb1e-1fe0-4540-94c7-9134fab531b6,2026-09-15T01:00:00Z,2026-09-15T03:00:00+0200,134.82,EUR/MWh,DK2,DK_2,imbalance_price,Short,2026-09-19T19:21:55Z
2026-09-19T19:18:14Z,2026-09-19T21:18:14+0200,626cbb1e-1fe0-4540-94c7-9134fab531b6,2026-09-15T01:15:00Z,2026-09-15T03:15:00+0200,185.97,EUR/MWh,DK2,DK_2,imbalance_price,Long,2026-09-19T19:21:55Z
2026-09-19T19:18:14Z,2026-09-19T21:18:14+0200,626cbb1e-1fe0-4540-94c7-9134fab531b6,2026-09-15T01:15:00Z,2026-09-15T03:15:00+0200,185.97,EUR/MWh,DK2,DK_2,imbalance_price,Short,2026-09-19T19:21:55Z
2026-09-19T19:18:14Z,2026-09-19T21:18:14+0200,626cbb1e-1fe0-4540-94c7-9134fab531b6,2026-09-15T01:30:00Z,2026-09-15T03:30:00+0200,187.34,EUR/MWh,DK2,DK_2,imbalance_price,Long,2026-09-19T19:21:55Z
2026-09-19T19:18:14Z,2026-09-19T21:18:14+0200,626cbb1e-1fe0-4540-94c7-9134fab531b6,2026-09-15T01:30:00Z,2026-09-15T03:30:00+0200,187.34,EUR/MWh,DK2,DK_2,imbalance_price,Short,2026-09-19T19:21:55Z
2026-09-19T19:18:14Z,2026-09-19T21:18:14+0200,626cbb1e-1fe0-4540-94c7-9134fab531b6,2026-09-15T01:45:00Z,2026-09-15T03:45:00+0200,136.14,EUR/MWh,DK2,DK_2,imbalance_price,Long,2026-09-19T19:21:55Z
2026-09-19T19:18:14Z,2026-09-19T21:18:14+0200,626cbb1e-1fe0-4540-94c7-9134fab531b6,2026-09-15T01:45:00Z,2026-09-15T03:45:00+0200,136.14,EUR/MWh,DK2,DK_2,imbalance_price,Short,2026-09-19T19:21:55Z
2026-09-19T19:18:14Z,2026-09-19T21:18:14+0200,626cbb1e-1fe0-4540-94c7-9134fab531b6,2026-09-15T02:00:00Z,2026-09-15T04:00:00+0200,184.06,EUR/MWh,DK2,DK_2,imbalance_price,Long,2026-09-19T19:21:55Z
2026-09-19T19:18:14Z,2026-09-19T21:18:14+0200,626cbb1e-1fe0-4540-94c7-9134fab531b6,2026-09-15T02:00:00Z,2026-09-15T04:00:00+0200,184.06,EUR/MWh,DK2,DK_2,imbalance_price,Short,2026-09-19T19:21:55Z
2026-09-19T19:18:14Z,2026-09-19T21:18:14+0200,626cbb1e-1fe0-4540-94c7-9134fab531b6,2026-09-15T02:15:00Z,2026-09-15T04:15:00+0200,184.3,EUR/MWh,DK2,DK_2,imbalance_price,Long,2026-09-19T19:21:55Z
2026-09-19T19:18:14Z,2026-09-19T21:18:14+0200,626cbb1e-1fe0-4540-94c7-9134fab531b6,2026-09-15T02:15:00Z,2026-09-15T04:15:00+0200,184.3,EUR/MWh,DK2,DK_2,imbalance_price,Short,2026-09-19T19:21:55Z
2026-09-19T19:18:14Z,2026-09-19T21:18:14+0200,626cbb1e-1fe0-4540-94c7-9134fab531b6,2026-09-15T02:30:00Z,2026-09-15T04:30:00+0200,184.52,EUR/MWh,DK2,DK_2,imbalance_price,Long,2026-09-19T19:21:55Z
2026-09-19T19:18:14Z,2026-09-19T21:18:14+0200,626cbb1e-1fe0-4540-94c7-9134fab531b6,2026-09-15T02:30:00Z,2026-09-15T04:30:00+0200,184.52,EUR/MWh,DK2,DK_2,imbalance_price,Short,2026-09-19T19:21:55Z
2026-09-19T19:18:14Z,2026-09-19T21:18:14+0200,626cbb1e-1fe0-4540-94c7-9134fab531b6,2026-09-15T02:45:00Z,2026-09-15T04:45:00+0200,181.31,EUR/MWh,DK2,DK_2,imbalance_price,Long,2026-09-19T19:21:55Z
2026-09-19T19:18:14Z,2026-09-19T21:18:14+0200,626cbb1e-1fe0-4540-94c7-9134fab531b6,2026-09-15T02:45:00Z,2026-09-15T04:45:00+0200,181.31,EUR/MWh,DK2,DK_2,imbalance_price,Short,2026-09-19T19:21:55Z
2026-09-19T19:18:14Z,2026-09-19T21:18:14+0200,626cbb1e-1fe0-4540-94c7-9134fab531b6,2026-09-15T03:00:00Z,2026-09-15T05:00:00+0200,184.38,EUR/MWh,DK2,DK_2,imbalance_price,Long,2026-09-19T19:21:55Z
2026-09-19T19:18:14Z,2026-09-19T21:18:14+0200,626cbb1e-1fe0-4540-94c7-9134fab531b6,2026-09-15T03:00:00Z,2026-09-15T05:00:00+0200,184.38,EUR/MWh,DK2,DK_2,imbalance_price,Short,2026-09-19T19:21:55Z
2026-09-19T19:18:14Z,2026-09-19T21:18:14+0200,626cbb1e-1fe0-4540-94c7-9134fab531b6,2026-09-15T03:15:00Z,2026-09-15T05:15:00+0200,186.91,EUR/MWh,DK2,DK_2,imbalance_price,Long,2026-09-19T19:21:55Z
2026-09-19T19:18:14Z,2026-09-19T21:18:14+0200,626cbb1e-1fe0-4540-94c7-9134fab531b6,2026-09-15T03:15:00Z,2026-09-15T05:15:00+0200,186.91,EUR/MWh,DK2,DK_2,imbalance_price,Short,2026-09-19T19:21:55Z
2026-09-19T19:18:14Z,2026-09-19T21:18:14+0200,626cbb1e-1fe0-4540-94c7-9134fab531b6,2026-09-15T03:30:00Z,2026-09-15T05:30:00+0200,199.06,EUR/MWh,DK2,DK_2,imbalance_price,Long,2026-09-19T19:21:55Z
2026-09-19T19:18:14Z,2026-09-19T21:18:14+0200,626cbb1e-1fe0-4540-94c7-9134fab531b6,2026-09-15T03:30:00Z,2026-09-15T05:30:00+0200,199.06,EUR/MWh,DK2,DK_2,imbalance_price,Short,2026-09-19T19:21:55Z
2026-09-19T19:18:14Z,2026-09-19T21:18:14+0200,626cbb1e-1fe0-4540-94c7-9134fab531b6,2026-09-15T03:45:00Z,2026-09-15T05:45:00+0200,216.16,EUR/MWh,DK2,DK_2,imbalance_price,Long,2026-09-19T19:21:55Z
2026-09-19T19:18:14Z,2026-09-19T21:18:14+0200,626cbb1e-1fe0-4540-94c7-9134fab531b6,2026-09-15T03:45:00Z,2026-09-15T05:45:00+0200,216.16,EUR/MWh,DK2,DK_2,imbalance_price,Short,2026-09-19T19:21:55Z
2026-09-19T19:18:14Z,2026-09-19T21:18:14+0200,626cbb1e-1fe0-4540-94c7-9134fab531b6,2026-09-15T04:00:00Z,2026-09-15T06:00:00+0200,214.09,EUR/MWh,DK2,DK_2,imbalance_price,Long,2026-09-19T19:21:55Z
2026-09-19T19:18:14Z,2026-09-19T21:18:14+0200,626cbb1e-1fe0-4540-94c7-9134fab531b6,2026-09-15T04:00:00Z,2026-09-15T06:00:00+0200,214.09,EUR/MWh,DK2,DK_2,imbalance_price,Short,2026-09-19T19:21:55Z
2026-09-19T19:18:14Z,2026-09-19T21:18:14+0200,626cbb1e-1fe0-4540-94c7-9134fab531b6,2026-09-15T04:15:00Z,2026-09-15T06:15:00+0200,211.12,EUR/MWh,DK2,DK_2,imbalance_price,Long,2026-09-19T19:21:55Z
2026-09-19T19:18:14Z,2026-09-19T21:18:14+0200,626cbb1e-1fe0-4540-94c7-9134fab531b6,2026-09-15T04:15:00Z,2026-09-15T06:15:00+0200,211.12,EUR/MWh,DK2,DK_2,imbalance_price,Short,2026-09-19T19:21:55Z
2026-09-19T19:18:14Z,2026-09-19T21:18:14+0200,626cbb1e-1fe0-4540-94c7-9134fab531b6,2026-09-15T04:30:00Z,2026-09-15T06:30:00+0200,213.57,EUR/MWh,DK2,DK_2,imbalance_price,Long,2026-09-19T19:21:55Z
2026-09-19T19:18:14Z,2026-09-19T21:18:14+0200,626cbb1e-1fe0-4540-94c7-9134fab531b6,2026-09-15T04:30:00Z,2026-09-15T06:30:00+0200,213.57,EUR/MWh,DK2,DK_2,imbalance_price,Short,2026-09-19T19:21:55Z
2026-09-19T19:18:14Z,2026-09-19T21:18:14+0200,626cbb1e-1fe0-4540-94c7-9134fab531b6,2026-09-15T04:45:00Z,2026-09-15T06:45:00+0200,239.75,EUR/MWh,DK2,DK_2,imbalance_price,Long,2026-09-19T19:21:55Z
2026-09-19T19:18:14Z,2026-09-19T21:18:14+0200,626cbb1e-1fe0-4540-94c7-9134fab531b6,2026-09-15T04:45:00Z,2026-09-15T06:45:00+0200,239.75,EUR/MWh,DK2,DK_2,imbalance_price,Short,2026-09-19T19:21:55Z
2026-09-19T19:18:14Z,2026-09-19T21:18:14+0200,626cbb1e-1fe0-4540-94c7-9134fab531b6,2026-09-15T05:00:00Z,2026-09-15T07:00:00+0200,247.76,EUR/MWh,DK2,DK_2,imbalance_price,Long,2026-09-19T19:21:55Z
2026-09-19T19:18:14Z,2026-09-19T21:18:14+0200,626cbb1e-1fe0-4540-94c7-9134fab531b6,2026-09-15T05:00:00Z,2026-09-15T07:00:00+0200,247.76,EUR/MWh,DK2,DK_2,imbalance_price,Short,2026-09-19T19:21:55Z
2026-09-19T19:18:14Z,2026-09-19T21:18:14+0200,626cbb1e-1fe0-4540-94c7-9134fab531b6,2026-09-15T05:15:00Z,2026-09-15T07:15:00+0200,193.63,EUR/MWh,DK2,DK_2,imbalance_price,Long,2026-09-19T19:21:55Z
2026-09-19T19:18:14Z,2026-09-19T21:18:14+0200,626cbb1e-1fe0-4540-94c7-9134fab531b6,2026-09-15T05:15:00Z,2026-09-15T07:15:00+0200,193.63,EUR/MWh,DK2,DK_2,imbalance_price,Short,2026-09-19T19:21:55Z
2026-09-19T19:18:14Z,2026-09-19T21:18:14+0200,626cbb1e-1fe0-4540-94c7-9134fab531b6,2026-09-15T05:30:00Z,2026-09-15T07:30:00+0200,250.02,EUR/MWh,DK2,DK_2,imbalance_price,Long,2026-09-19T19:21:55Z
2026-09-19T19:18:14Z,2026-09-19T21:18:14+0200,626cbb1e-1fe0-4540-94c7-9134fab531b6,2026-09-15T05:30:00Z,2026-09-15T07:30:00+0200,250.02,EUR/MWh,DK2,DK_2,imbalance_price,Short,2026-09-19T19:21:55Z
2026-09-19T19:18:14Z,2026-09-19T21:18:14+0200,626cbb1e-1fe0-4540-94c7-9134fab531b6,2026-09-15T05:45:00Z,2026-09-15T07:45:00+0200,244.72,EUR/MWh,DK2,DK_2,imbalance_price,Long,2026-09-19T19:21:55Z
2026-09-19T19:18:14Z,2026-09-19T21:18:14+0200,626cbb1e-1fe0-4540-94c7-9134fab531b6,2026-09-15T05:45:00Z,2026-09-15T07:45:00+0200,244.72,EUR/MWh,DK2,DK_2,imbalance_price,Short,2026-09-19T19:21:55Z
2026-09-19T19:18:14Z,2026-09-19T21:18:14+0200,626cbb1e-1fe0-4540-94c7-9134fab531b6,2026-09-15T06:00:00Z,2026-09-15T08:00:00+0200,267.95,EUR/MWh,DK2,DK_2,imbalance_price,Long,2026-09-19T19:21:55Z
2026-09-19T19:18:14Z,2026-09-19T21:18:14+0200,626cbb1e-1fe0-4540-94c7-9134fab531b6,2026-09-15T06:00:00Z,2026-09-15T08:00:00+0200,267.95,EUR/MWh,DK2,DK_2,imbalance_price,Short,2026-09-19T19:21:55Z
2026-09-19T19:18:14Z,2026-09-19T21:18:14+0200,626cbb1e-1fe0-4540-94c7-9134fab531b6,2026-09-15T06:15:00Z,2026-09-15T08:15:00+0200,241.46,EUR/MWh,DK2,DK_2,imbalance_price,Long,2026-09-19T19:21:55Z
2026-09-19T19:18:14Z,2026-09-19T21:18:14+0200,626cbb1e-1fe0-4540-94c7-9134fab531b6,2026-09-15T06:15:00Z,2026-09-15T08:15:00+0200,241.46,EUR/MWh,DK2,DK_2,imbalance_price,Short,2026-09-19T19:21:55Z
2026-09-19T19:18:14Z,2026-09-19T21:18:14+0200,626cbb1e-1fe0-4540-94c7-9134fab531b6,2026-09-15T06:30:00Z,2026-09-15T08:30:00+0200,225.0,EUR/MWh,DK2,DK_2,imbalance_price,Long,2026-09-19T19:21:55Z
2026-09-19T19:18:14Z,2026-09-19T21:18:14+0200,626cbb1e-1fe0-4540-94c7-9134fab531b6,2026-09-15T06:30:00Z,2026-09-15T08:30:00+0200,225.0,EUR/MWh,DK2,DK_2,imbalance_price,Short,2026-09-19T19:21:55Z
2026-09-19T19:18:14Z,2026-09-19T21:18:14+0200,626cbb1e-1fe0-4540-94c7-9134fab531b6,2026-09-15T06:45:00Z,2026-09-15T08:45:00+0200,197.88,EUR/MWh,DK2,DK_2,imbalance_price,Long,2026-09-19T19:21:55Z
2026-09-19T19:18:14Z,2026-09-19T21:18:14+0200,626cbb1e-1fe0-4540-94c7-9134fab531b6,2026-09-15T06:45:00Z,2026-09-15T08:45:00+0200,197.88,EUR/MWh,DK2,DK_2,imbalance_price,Short,2026-09-19T19:21:55Z
2026-09-19T19:18:14Z,2026-09-19T21:18:14+0200,626cbb1e-1fe0-4540-94c7-9134fab531b6,2026-09-15T07:00:00Z,2026-09-15T09:00:00+0200,227.5,EUR/MWh,DK2,DK_2,imbalance_price,Long,2026-09-19T19:21:55Z
2026-09-19T19:18:14Z,2026-09-19T21:18:14+0200,626cbb1e-1fe0-4540-94c7-9134fab531b6,2026-09-15T07:00:00Z,2026-09-15T09:00:00+0200,227.5,EUR/MWh,DK2,DK_2,imbalance_price,Short,2026-09-19T19:21:55Z
2026-09-19T19:18:14Z,2026-09-19T21:18:14+0200,626cbb1e-1fe0-4540-94c7-9134fab531b6,2026-09-15T07:15:00Z,2026-09-15T09:15:00+0200,212.62,EUR/MWh,DK2,DK_2,imbalance_price,Long,2026-09-19T19:21:55Z
2026-09-19T19:18:14Z,2026-09-19T21:18:14+0200,626cbb1e-1fe0-4540-94c7-9134fab531b6,2026-09-15T07:15:00Z,2026-09-15T09:15:00+0200,212.62,EUR/MWh,DK2,DK_2,imbalance_price,Short,2026-09-19T19:21:55Z
2026-09-19T19:18:14Z,2026-09-19T21:18:14+0200,626cbb1e-1fe0-4540-94c7-9134fab531b6,2026-09-15T07:30:00Z,2026-09-15T09:30:00+0200,188.75,EUR/MWh,DK2,DK_2,imbalance_price,Long,2026-09-19T19:21:55Z
2026-09-19T19:18:14Z,2026-09-19T21:18:14+0200,626cbb1e-1fe0-4540-94c7-9134fab531b6,2026-09-15T07:30:00Z,2026-09-15T09:30:00+0200,188.75,EUR/MWh,DK2,DK_2,imbalance_price,Short,2026-09-19T19:21:55Z
2026-09-19T19:18:14Z,2026-09-19T21:18:14+0200,626cbb1e-1fe0-4540-94c7-9134fab531b6,2026-09-15T07:45:00Z,2026-09-15T09:45:00+0200,83.43,EUR/MWh,DK2,DK_2,imbalance_price,Long,2026-09-19T19:21:55Z
2026-09-19T19:18:14Z,2026-09-19T21:18:14+0200,626cbb1e-1fe0-4540-94c7-9134fab531b6,2026-09-15T07:45:00Z,2026-09-15T09:45:00+0200,83.43,EUR/MWh,DK2,DK_2,imbalance_price,Short,2026-09-19T19:21:55Z
2026-09-19T19:18:14Z,2026-09-19T21:18:14+0200,626cbb1e-1fe0-4540-94c7-9134fab531b6,2026-09-15T08:00:00Z,2026-09-15T10:00:00+0200,181.17,EUR/MWh,DK2,DK_2,imbalance_price,Long,2026-09-19T19:21:55Z
2026-09-19T19:18:14Z,2026-09-19T21:18:14+0200,626cbb1e-1fe0-4540-94c7-9134fab531b6,2026-09-15T08:00:00Z,2026-09-15T10:00:00+0200,181.17,EUR/MWh,DK2,DK_2,imbalance_price,Short,2026-09-19T19:21:55Z
2026-09-19T19:18:14Z,2026-09-19T21:18:14+0200,626cbb1e-1fe0-4540-94c7-9134fab531b6,2026-09-15T08:15:00Z,2026-09-15T10:15:00+0200,160.25,EUR/MWh,DK2,DK_2,imbalance_price,Long,2026-09-19T19:21:55Z
2026-09-19T19:18:14Z,2026-09-19T21:18:14+0200,626cbb1e-1fe0-4540-94c7-9134fab531b6,2026-09-15T08:15:00Z,2026-09-15T10:15:00+0200,160.25,EUR/MWh,DK2,DK_2,imbalance_price,Short,2026-09-19T19:21:55Z
2026-09-19T19:18:14Z,2026-09-19T21:18:14+0200,626cbb1e-1fe0-4540-94c7-9134fab531b6,2026-09-15T08:30:00Z,2026-09-15T10:30:00+0200,130.38,EUR/MWh,DK2,DK_2,imbalance_price,Long,2026-09-19T19:21:55Z
2026-09-19T19:18:14Z,2026-09-19T21:18:14+0200,626cbb1e-1fe0-4540-94c7-9134fab531b6,2026-09-15T08:30:00Z,2026-09-15T10:30:00+0200,130.38,EUR/MWh,DK2,DK_2,imbalance_price,Short,2026-09-19T19:21:55Z
2026-09-19T19:18:14Z,2026-09-19T21:18:14+0200,626cbb1e-1fe0-4540-94c7-9134fab531b6,2026-09-15T08:45:00Z,2026-09-15T10:45:00+0200,28.71,EUR/MWh,DK2,DK_2,imbalance_price,Long,2026-09-19T19:21:55Z
2026-09-19T19:18:14Z,2026-09-19T21:18:14+0200,626cbb1e-1fe0-4540-94c7-9134fab531b6,2026-09-15T08:45:00Z,2026-09-15T10:45:00+0200,28.71,EUR/MWh,DK2,DK_2,imbalance_price,Short,2026-09-19T19:21:55Z
2026-09-19T19:18:14Z,2026-09-19T21:18:14+0200,626cbb1e-1fe0-4540-94c7-9134fab531b6,2026-09-15T09:00:00Z,2026-09-15T11:00:00+0200,4.13,EUR/MWh,DK2,DK_2,imbalance_price,Long,2026-09-19T19:21:55Z
2026-09-19T19:18:14Z,2026-09-19T21:18:14+0200,626cbb1e-1fe0-4540-94c7-9134fab531b6,2026-09-15T09:00:00Z,2026-09-15T11:00:00+0200,4.13,EUR/MWh,DK2,DK_2,imbalance_price,Short,2026-09-19T19:21:55Z
2026-09-19T19:18:14Z,2026-09-19T21:18:14+0200,626cbb1e-1fe0-4540-94c7-9134fab531b6,2026-09-15T09:15:00Z,2026-09-15T11:15:00+0200,17.16,EUR/MWh,DK2,DK_2,imbalance_price,Long,2026-09-19T19:21:55Z
2026-09-19T19:18:14Z,2026-09-19T21:18:14+0200,626cbb1e-1fe0-4540-94c7-9134fab531b6,2026-09-15T09:15:00Z,2026-09-15T11:15:00+0200,17.16,EUR/MWh,DK2,DK_2,imbalance_price,Short,2026-09-19T19:21:55Z
2026-09-19T19:18:14Z,2026-09-19T21:18:14+0200,626cbb1e-1fe0-4540-94c7-9134fab531b6,2026-09-15T09:30:00Z,2026-09-15T11:30:00+0200,15.0,EUR/MWh,DK2,DK_2,imbalance_price,Long,2026-09-19T19:21:55Z
2026-09-19T19:18:14Z,2026-09-19T21:18:14+0200,626cbb1e-1fe0-4540-94c7-9134fab531b6,2026-09-15T09:30:00Z,2026-09-15T11:30:00+0200,15.0,EUR/MWh,DK2,DK_2,imbalance_price,Short,2026-09-19T19:21:55Z
2026-09-19T19:18:14Z,2026-09-19T21:18:14+0200,626cbb1e-1fe0-4540-94c7-9134fab531b6,2026-09-15T09:45:00Z,2026-09-15T11:45:00+0200,0.0,EUR/MWh,DK2,DK_2,imbalance_price,Long,2026-09-19T19:21:55Z
2026-09-19T19:18:14Z,2026-09-19T21:18:14+0200,626cbb1e-1fe0-4540-94c7-9134fab531b6,2026-09-15T09:45:00Z,2026-09-15T11:45:00+0200,0.0,EUR/MWh,DK2,DK_2,imbalance_price,Short,2026-09-19T19:21:55Z
2026-09-19T19:18:14Z,2026-09-19T21:18:14+0200,626cbb1e-1fe0-4540-94c7-9134fab531b6,2026-09-15T10:00:00Z,2026-09-15T12:00:00+0200,58.17,EUR/MWh,DK2,DK_2,imbalance_price,Long,2026-09-19T19:21:55Z
2026-09-19T19:18:14Z,2026-09-19T21:18:14+0200,626cbb1e-1fe0-4540-94c7-9134fab531b6,2026-09-15T10:00:00Z,2026-09-15T12:00:00+0200,58.17,EUR/MWh,DK2,DK_2,imbalance_price,Short,2026-09-19T19:21:55Z
2026-09-19T19:18:14Z,2026-09-19T21:18:14+0200,626cbb1e-1fe0-4540-94c7-9134fab531b6,2026-09-15T10:15:00Z,2026-09-15T12:15:00+0200,2.92,EUR/MWh,DK2,DK_2,imbalance_price,Long,2026-09-19T19:21:55Z
2026-09-19T19:18:14Z,2026-09-19T21:18:14+0200,626cbb1e-1fe0-4540-94c7-9134fab531b6,2026-09-15T10:15:00Z,2026-09-15T12:15:00+0200,2.92,EUR/MWh,DK2,DK_2,imbalance_price,Short,2026-09-19T19:21:55Z
2026-09-19T19:18:14Z,2026-09-19T21:18:14+0200,626cbb1e-1fe0-4540-94c7-9134fab531b6,2026-09-15T10:30:00Z,2026-09-15T12:30:00+0200,12.16,EUR/MWh,DK2,DK_2,imbalance_price,Long,2026-09-19T19:21:55Z
2026-09-19T19:18:14Z,2026-09-19T21:18:14+0200,626cbb1e-1fe0-4540-94c7-9134fab531b6,2026-09-15T10:30:00Z,2026-09-15T12:30:00+0200,12.16,EUR/MWh,DK2,DK_2,imbalance_price,Short,2026-09-19T19:21:55Z
2026-09-19T19:18:14Z,2026-09-19T21:18:14+0200,626cbb1e-1fe0-4540-94c7-9134fab531b6,2026-09-15T10:45:00Z,2026-09-15T12:45:00+0200,8.0,EUR/MWh,DK2,DK_2,imbalance_price,Long,2026-09-19T19:21:55Z
2026-09-19T19:18:14Z,2026-09-19T21:18:14+0200,626cbb1e-1fe0-4540-94c7-9134fab531b6,2026-09-15T10:45:00Z,2026-09-15T12:45:00+0200,8.0,EUR/MWh,DK2,DK_2,imbalance_price,Short,2026-09-19T19:21:55Z
2026-09-19T19:18:14Z,2026-09-19T21:18:14+0200,626cbb1e-1fe0-4540-94c7-9134fab531b6,2026-09-15T11:00:00Z,2026-09-15T13:00:00+0200,12.98,EUR/MWh,DK2,DK_2,imbalance_price,Long,2026-09-19T19:21:55Z
2026-09-19T19:18:14Z,2026-09-19T21:18:14+0200,626cbb1e-1fe0-4540-94c7-9134fab531b6,2026-09-15T11:00:00Z,2026-09-15T13:00:00+0200,12.98,EUR/MWh,DK2,DK_2,imbalance_price,Short,2026-09-19T19:21:55Z
2026-09-19T19:18:14Z,2026-09-19T21:18:14+0200,626cbb1e-1fe0-4540-94c7-9134fab531b6,2026-09-15T11:15:00Z,2026-09-15T13:15:00+0200,13.37,EUR/MWh,DK2,DK_2,imbalance_price,Long,2026-09-19T19:21:55Z
2026-09-19T19:18:14Z,2026-09-19T21:18:14+0200,626cbb1e-1fe0-4540-94c7-9134fab531b6,2026-09-15T11:15:00Z,2026-09-15T13:15:00+0200,13.37,EUR/MWh,DK2,DK_2,imbalance_price,Short,2026-09-19T19:21:55Z
2026-09-19T19:18:14Z,2026-09-19T21:18:14+0200,626cbb1e-1fe0-4540-94c7-9134fab531b6,2026-09-15T11:30:00Z,2026-09-15T13:30:00+0200,33.95,EUR/MWh,DK2,DK_2,imbalance_price,Long,2026-09-19T19:21:55Z
2026-09-19T19:18:14Z,2026-09-19T21:18:14+0200,626cbb1e-1fe0-4540-94c7-9134fab531b6,2026-09-15T11:30:00Z,2026-09-15T13:30:00+0200,33.95,EUR/MWh,DK2,DK_2,imbalance_price,Short,2026-09-19T19:21:55Z
2026-09-19T19:18:14Z,2026-09-19T21:18:14+0200,626cbb1e-1fe0-4540-94c7-9134fab531b6,2026-09-15T11:45:00Z,2026-09-15T13:45:00+0200,31.0,EUR/MWh,DK2,DK_2,imbalance_price,Long,2026-09-19T19:21:55Z
2026-09-19T19:18:14Z,2026-09-19T21:18:14+0200,626cbb1e-1fe0-4540-94c7-9134fab531b6,2026-09-15T11:45:00Z,2026-09-15T13:45:00+0200,31.0,EUR/MWh,DK2,DK_2,imbalance_price,Short,2026-09-19T19:21:55Z
2026-09-19T19:18:14Z,2026-09-19T21:18:14+0200,626cbb1e-1fe0-4540-94c7-9134fab531b6,2026-09-15T12:00:00Z,2026-09-15T14:00:00+0200,5.0,EUR/MWh,DK2,DK_2,imbalance_price,Long,2026-09-19T19:21:55Z
2026-09-19T19:18:14Z,2026-09-19T21:18:14+0200,626cbb1e-1fe0-4540-94c7-9134fab531b6,2026-09-15T12:00:00Z,2026-09-15T14:00:00+0200,5.0,EUR/MWh,DK2,DK_2,imbalance_price,Short,2026-09-19T19:21:55Z
2026-09-19T19:18:14Z,2026-09-19T21:18:14+0200,626cbb1e-1fe0-4540-94c7-9134fab531b6,2026-09-15T12:15:00Z,2026-09-15T14:15:00+0200,20.33,EUR/MWh,DK2,DK_2,imbalance_price,Long,2026-09-19T19:21:55Z
2026-09-19T19:18:14Z,2026-09-19T21:18:14+0200,626cbb1e-1fe0-4540-94c7-9134fab531b6,2026-09-15T12:15:00Z,2026-09-15T14:15:00+0200,20.33,EUR/MWh,DK2,DK_2,imbalance_price,Short,2026-09-19T19:21:55Z
2026-09-19T19:18:14Z,2026-09-19T21:18:14+0200,626cbb1e-1fe0-4540-94c7-9134fab531b6,2026-09-15T12:30:00Z,2026-09-15T14:30:00+0200,16.53,EUR/MWh,DK2,DK_2,imbalance_price,Long,2026-09-19T19:21:55Z
2026-09-19T19:18:14Z,2026-09-19T21:18:14+0200,626cbb1e-1fe0-4540-94c7-9134fab531b6,2026-09-15T12:30:00Z,2026-09-15T14:30:00+0200,16.53,EUR/MWh,DK2,DK_2,imbalance_price,Short,2026-09-19T19:21:55Z
2026-09-19T19:18:14Z,2026-09-19T21:18:14+0200,626cbb1e-1fe0-4540-94c7-9134fab531b6,2026-09-15T12:45:00Z,2026-09-15T14:45:00+0200,-12.97,EUR/MWh,DK2,DK_2,imbalance_price,Long,2026-09-19T19:21:55Z
2026-09-19T19:18:14Z,2026-09-19T21:18:14+0200,626cbb1e-1fe0-4540-94c7-9134fab531b6,2026-09-15T12:45:00Z,2026-09-15T14:45:00+0200,-12.97,EUR/MWh,DK2,DK_2,imbalance_price,Short,2026-09-19T19:21:55Z
2026-09-19T19:18:14Z,2026-09-19T21:18:14+0200,626cbb1e-1fe0-4540-94c7-9134fab531b6,2026-09-15T13:00:00Z,2026-09-15T15:00:00+0200,9.1,EUR/MWh,DK2,DK_2,imbalance_price,Long,2026-09-19T19:21:55Z
2026-09-19T19:18:14Z,2026-09-19T21:18:14+0200,626cbb1e-1fe0-4540-94c7-9134fab531b6,2026-09-15T13:00:00Z,2026-09-15T15:00:00+0200,9.1,EUR/MWh,DK2,DK_2,imbalance_price,Short,2026-09-19T19:21:55Z
2026-09-19T19:18:14Z,2026-09-19T21:18:14+0200,626cbb1e-1fe0-4540-94c7-9134fab531b6,2026-09-15T13:15:00Z,2026-09-15T15:15:00+0200,43.63,EUR/MWh,DK2,DK_2,imbalance_price,Long,2026-09-19T19:21:55Z
2026-09-19T19:18:14Z,2026-09-19T21:18:14+0200,626cbb1e-1fe0-4540-94c7-9134fab531b6,2026-09-15T13:15:00Z,2026-09-15T15:15:00+0200,43.63,EUR/MWh,DK2,DK_2,imbalance_price,Short,2026-09-19T19:21:55Z
2026-09-19T19:18:14Z,2026-09-19T21:18:14+0200,626cbb1e-1fe0-4540-94c7-9134fab531b6,2026-09-15T13:30:00Z,2026-09-15T15:30:00+0200,-22.5,EUR/MWh,DK2,DK_2,imbalance_price,Long,2026-09-19T19:21:55Z
2026-09-19T19:18:14Z,2026-09-19T21:18:14+0200,626cbb1e-1fe0-4540-94c7-9134fab531b6,2026-09-15T13:30:00Z,2026-09-15T15:30:00+0200,-22.5,EUR/MWh,DK2,DK_2,imbalance_price,Short,2026-09-19T19:21:55Z
2026-09-19T19:18:14Z,2026-09-19T21:18:14+0200,626cbb1e-1fe0-4540-94c7-9134fab531b6,2026-09-15T13:45:00Z,2026-09-15T15:45:00+0200,12.98,EUR/MWh,DK2,DK_2,imbalance_price,Long,2026-09-19T19:21:55Z
2026-09-19T19:18:14Z,2026-09-19T21:18:14+0200,626cbb1e-1fe0-4540-94c7-9134fab531b6,2026-09-15T13:45:00Z,2026-09-15T15:45:00+0200,12.98,EUR/MWh,DK2,DK_2,imbalance_price,Short,2026-09-19T19:21:55Z
2026-09-19T19:18:14Z,2026-09-19T21:18:14+0200,626cbb1e-1fe0-4540-94c7-9134fab531b6,2026-09-15T14:00:00Z,2026-09-15T16:00:00+0200,104.73,EUR/MWh,DK2,DK_2,imbalance_price,Long,2026-09-19T19:21:55Z
2026-09-19T19:18:14Z,2026-09-19T21:18:14+0200,626cbb1e-1fe0-4540-94c7-9134fab531b6,2026-09-15T14:00:00Z,2026-09-15T16:00:00+0200,104.73,EUR/MWh,DK2,DK_2,imbalance_price,Short,2026-09-19T19:21:55Z
2026-09-19T19:18:14Z,2026-09-19T21:18:14+0200,626cbb1e-1fe0-4540-94c7-9134fab531b6,2026-09-15T14:15:00Z,2026-09-15T16:15:00+0200,40.63,EUR/MWh,DK2,DK_2,imbalance_price,Long,2026-09-19T19:21:55Z
2026-09-19T19:18:14Z,2026-09-19T21:18:14+0200,626cbb1e-1fe0-4540-94c7-9134fab531b6,2026-09-15T14:15:00Z,2026-09-15T16:15:00+0200,40.63,EUR/MWh,DK2,DK_2,imbalance_price,Short,2026-09-19T19:21:55Z
2026-09-19T19:18:14Z,2026-09-19T21:18:14+0200,626cbb1e-1fe0-4540-94c7-9134fab531b6,2026-09-15T14:30:00Z,2026-09-15T16:30:00+0200,32.42,EUR/MWh,DK2,DK_2,imbalance_price,Long,2026-09-19T19:21:55Z
2026-09-19T19:18:14Z,2026-09-19T21:18:14+0200,626cbb1e-1fe0-4540-94c7-9134fab531b6,2026-09-15T14:30:00Z,2026-09-15T16:30:00+0200,32.42,EUR/MWh,DK2,DK_2,imbalance_price,Short,2026-09-19T19:21:55Z
2026-09-19T19:18:14Z,2026-09-19T21:18:14+0200,626cbb1e-1fe0-4540-94c7-9134fab531b6,2026-09-15T14:45:00Z,2026-09-15T16:45:00+0200,206.37,EUR/MWh,DK2,DK_2,imbalance_price,Long,2026-09-19T19:21:55Z
2026-09-19T19:18:14Z,2026-09-19T21:18:14+0200,626cbb1e-1fe0-4540-94c7-9134fab531b6,2026-09-15T14:45:00Z,2026-09-15T16:45:00+0200,206.37,EUR/MWh,DK2,DK_2,imbalance_price,Short,2026-09-19T19:21:55Z
2026-09-19T19:18:14Z,2026-09-19T21:18:14+0200,626cbb1e-1fe0-4540-94c7-9134fab531b6,2026-09-15T15:00:00Z,2026-09-15T17:00:00+0200,167.62,EUR/MWh,DK2,DK_2,imbalance_price,Long,2026-09-19T19:21:55Z
2026-09-19T19:18:14Z,2026-09-19T21:18:14+0200,626cbb1e-1fe0-4540-94c7-9134fab531b6,2026-09-15T15:00:00Z,2026-09-15T17:00:00+0200,167.62,EUR/MWh,DK2,DK_2,imbalance_price,Short,2026-09-19T19:21:55Z
2026-09-19T19:18:14Z,2026-09-19T21:18:14+0200,626cbb1e-1fe0-4540-94c7-9134fab531b6,2026-09-15T15:15:00Z,2026-09-15T17:15:00+0200,13.36,EUR/MWh,DK2,DK_2,imbalance_price,Long,2026-09-19T19:21:55Z
2026-09-19T19:18:14Z,2026-09-19T21:18:14+0200,626cbb1e-1fe0-4540-94c7-9134fab531b6,2026-09-15T15:15:00Z,2026-09-15T17:15:00+0200,13.36,EUR/MWh,DK2,DK_2,imbalance_price,Short,2026-09-19T19:21:55Z
2026-09-19T19:18:14Z,2026-09-19T21:18:14+0200,626cbb1e-1fe0-4540-94c7-9134fab531b6,2026-09-15T15:30:00Z,2026-09-15T17:30:00+0200,115.63,EUR/MWh,DK2,DK_2,imbalance_price,Long,2026-09-19T19:21:55Z
2026-09-19T19:18:14Z,2026-09-19T21:18:14+0200,626cbb1e-1fe0-4540-94c7-9134fab531b6,2026-09-15T15:30:00Z,2026-09-15T17:30:00+0200,115.63,EUR/MWh,DK2,DK_2,imbalance_price,Short,2026-09-19T19:21:55Z
2026-09-19T19:18:14Z,2026-09-19T21:18:14+0200,626cbb1e-1fe0-4540-94c7-9134fab531b6,2026-09-15T15:45:00Z,2026-09-15T17:45:00+0200,79.34,EUR/MWh,DK2,DK_2,imbalance_price,Long,2026-09-19T19:21:55Z
2026-09-19T19:18:14Z,2026-09-19T21:18:14+0200,626cbb1e-1fe0-4540-94c7-9134fab531b6,2026-09-15T15:45:00Z,2026-09-15T17:45:00+0200,79.34,EUR/MWh,DK2,DK_2,imbalance_price,Short,2026-09-19T19:21:55Z
2026-09-19T19:18:14Z,2026-09-19T21:18:14+0200,626cbb1e-1fe0-4540-94c7-9134fab531b6,2026-09-15T16:00:00Z,2026-09-15T18:00:00+0200,45.71,EUR/MWh,DK2,DK_2,imbalance_price,Long,2026-09-19T19:21:55Z
2026-09-19T19:18:14Z,2026-09-19T21:18:14+0200,626cbb1e-1fe0-4540-94c7-9134fab531b6,2026-09-15T16:00:00Z,2026-09-15T18:00:00+0200,45.71,EUR/MWh,DK2,DK_2,imbalance_price,Short,2026-09-19T19:21:55Z
2026-09-19T19:18:14Z,2026-09-19T21:18:14+0200,626cbb1e-1fe0-4540-94c7-9134fab531b6,2026-09-15T16:15:00Z,2026-09-15T18:15:00+0200,89.5,EUR/MWh,DK2,DK_2,imbalance_price,Long,2026-09-19T19:21:55Z
2026-09-19T19:18:14Z,2026-09-19T21:18:14+0200,626cbb1e-1fe0-4540-94c7-9134fab531b6,2026-09-15T16:15:00Z,2026-09-15T18:15:00+0200,89.5,EUR/MWh,DK2,DK_2,imbalance_price,Short,2026-09-19T19:21:55Z
2026-09-19T19:18:14Z,2026-09-19T21:18:14+0200,626cbb1e-1fe0-4540-94c7-9134fab531b6,2026-09-15T16:30:00Z,2026-09-15T18:30:00+0200,251.43,EUR/MWh,DK2,DK_2,imbalance_price,Long,2026-09-19T19:21:55Z
2026-09-19T19:18:14Z,2026-09-19T21:18:14+0200,626cbb1e-1fe0-4540-94c7-9134fab531b6,2026-09-15T16:30:00Z,2026-09-15T18:30:00+0200,251.43,EUR/MWh,DK2,DK_2,imbalance_price,Short,2026-09-19T19:21:55Z
2026-09-19T19:18:14Z,2026-09-19T21:18:14+0200,626cbb1e-1fe0-4540-94c7-9134fab531b6,2026-09-15T16:45:00Z,2026-09-15T18:45:00+0200,280.2,EUR/MWh,DK2,DK_2,imbalance_price,Long,2026-09-19T19:21:55Z
2026-09-19T19:18:14Z,2026-09-19T21:18:14+0200,626cbb1e-1fe0-4540-94c7-9134fab531b6,2026-09-15T16:45:00Z,2026-09-15T18:45:00+0200,280.2,EUR/MWh,DK2,DK_2,imbalance_price,Short,2026-09-19T19:21:55Z
2026-09-19T19:18:14Z,2026-09-19T21:18:14+0200,626cbb1e-1fe0-4540-94c7-9134fab531b6,2026-09-15T17:00:00Z,2026-09-15T19:00:00+0200,280.81,EUR/MWh,DK2,DK_2,imbalance_price,Long,2026-09-19T19:21:55Z
2026-09-19T19:18:14Z,2026-09-19T21:18:14+0200,626cbb1e-1fe0-4540-94c7-9134fab531b6,2026-09-15T17:00:00Z,2026-09-15T19:00:00+0200,280.81,EUR/MWh,DK2,DK_2,imbalance_price,Short,2026-09-19T19:21:55Z
2026-09-19T19:18:14Z,2026-09-19T21:18:14+0200,626cbb1e-1fe0-4540-94c7-9134fab531b6,2026-09-15T17:15:00Z,2026-09-15T19:15:00+0200,74.11,EUR/MWh,DK2,DK_2,imbalance_price,Long,2026-09-19T19:21:55Z
2026-09-19T19:18:14Z,2026-09-19T21:18:14+0200,626cbb1e-1fe0-4540-94c7-9134fab531b6,2026-09-15T17:15:00Z,2026-09-15T19:15:00+0200,74.11,EUR/MWh,DK2,DK_2,imbalance_price,Short,2026-09-19T19:21:55Z
2026-09-19T19:18:14Z,2026-09-19T21:18:14+0200,626cbb1e-1fe0-4540-94c7-9134fab531b6,2026-09-15T17:30:00Z,2026-09-15T19:30:00+0200,126.92,EUR/MWh,DK2,DK_2,imbalance_price,Long,2026-09-19T19:21:55Z
2026-09-19T19:18:14Z,2026-09-19T21:18:14+0200,626cbb1e-1fe0-4540-94c7-9134fab531b6,2026-09-15T17:30:00Z,2026-09-15T19:30:00+0200,126.92,EUR/MWh,DK2,DK_2,imbalance_price,Short,2026-09-19T19:21:55Z
2026-09-19T19:18:14Z,2026-09-19T21:18:14+0200,626cbb1e-1fe0-4540-94c7-9134fab531b6,2026-09-15T17:45:00Z,2026-09-15T19:45:00+0200,148.3,EUR/MWh,DK2,DK_2,imbalance_price,Long,2026-09-19T19:21:55Z
2026-09-19T19:18:14Z,2026-09-19T21:18:14+0200,626cbb1e-1fe0-4540-94c7-9134fab531b6,2026-09-15T17:45:00Z,2026-09-15T19:45:00+0200,148.3,EUR/MWh,DK2,DK_2,imbalance_price,Short,2026-09-19T19:21:55Z
2026-09-19T19:18:14Z,2026-09-19T21:18:14+0200,626cbb1e-1fe0-4540-94c7-9134fab531b6,2026-09-15T18:00:00Z,2026-09-15T20:00:00+0200,273.15,EUR/MWh,DK2,DK_2,imbalance_price,Long,2026-09-19T19:21:55Z
2026-09-19T19:18:14Z,2026-09-19T21:18:14+0200,626cbb1e-1fe0-4540-94c7-9134fab531b6,2026-09-15T18:00:00Z,2026-09-15T20:00:00+0200,273.15,EUR/MWh,DK2,DK_2,imbalance_price,Short,2026-09-19T19:21:55Z
2026-09-19T19:18:14Z,2026-09-19T21:18:14+0200,626cbb1e-1fe0-4540-94c7-9134fab531b6,2026-09-15T18:15:00Z,2026-09-15T20:15:00+0200,250.52,EUR/MWh,DK2,DK_2,imbalance_price,Long,2026-09-19T19:21:55Z
2026-09-19T19:18:14Z,2026-09-19T21:18:14+0200,626cbb1e-1fe0-4540-94c7-9134fab531b6,2026-09-15T18:15:00Z,2026-09-15T20:15:00+0200,250.52,EUR/MWh,DK2,DK_2,imbalance_price,Short,2026-09-19T19:21:55Z
2026-09-19T19:18:14Z,2026-09-19T21:18:14+0200,626cbb1e-1fe0-4540-94c7-9134fab531b6,2026-09-15T18:30:00Z,2026-09-15T20:30:00+0200,245.69,EUR/MWh,DK2,DK_2,imbalance_price,Long,2026-09-19T19:21:55Z
2026-09-19T19:18:14Z,2026-09-19T21:18:14+0200,626cbb1e-1fe0-4540-94c7-9134fab531b6,2026-09-15T18:30:00Z,2026-09-15T20:30:00+0200,245.69,EUR/MWh,DK2,DK_2,imbalance_price,Short,2026-09-19T19:21:55Z
2026-09-19T19:18:14Z,2026-09-19T21:18:14+0200,626cbb1e-1fe0-4540-94c7-9134fab531b6,2026-09-15T18:45:00Z,2026-09-15T20:45:00+0200,119.24,EUR/MWh,DK2,DK_2,imbalance_price,Long,2026-09-19T19:21:55Z
2026-09-19T19:18:14Z,2026-09-19T21:18:14+0200,626cbb1e-1fe0-4540-94c7-9134fab531b6,2026-09-15T18:45:00Z,2026-09-15T20:45:00+0200,119.24,EUR/MWh,DK2,DK_2,imbalance_price,Short,2026-09-19T19:21:55Z
2026-09-19T19:18:14Z,2026-09-19T21:18:14+0200,626cbb1e-1fe0-4540-94c7-9134fab531b6,2026-09-15T19:00:00Z,2026-09-15T21:00:00+0200,123.61,EUR/MWh,DK2,DK_2,imbalance_price,Long,2026-09-19T19:21:55Z
2026-09-19T19:18:14Z,2026-09-19T21:18:14+0200,626cbb1e-1fe0-4540-94c7-9134fab531b6,2026-09-15T19:00:00Z,2026-09-15T21:00:00+0200,123.61,EUR/MWh,DK2,DK_2,imbalance_price,Short,2026-09-19T19:21:55Z
2026-09-19T19:18:14Z,2026-09-19T21:18:14+0200,626cbb1e-1fe0-4540-94c7-9134fab531b6,2026-09-15T19:15:00Z,2026-09-15T21:15:00+0200,128.86,EUR/MWh,DK2,DK_2,imbalance_price,Long,2026-09-19T19:21:55Z
2026-09-19T19:18:14Z,2026-09-19T21:18:14+0200,626cbb1e-1fe0-4540-94c7-9134fab531b6,2026-09-15T19:15:00Z,2026-09-15T21:15:00+0200,128.86,EUR/MWh,DK2,DK_2,imbalance_price,Short,2026-09-19T19:21:55Z
2026-09-19T19:18:14Z,2026-09-19T21:18:14+0200,626cbb1e-1fe0-4540-94c7-9134fab531b6,2026-09-15T19:30:00Z,2026-09-15T21:30:00+0200,123.52,EUR/MWh,DK2,DK_2,imbalance_price,Long,2026-09-19T19:21:55Z
2026-09-19T19:18:14Z,2026-09-19T21:18:14+0200,626cbb1e-1fe0-4540-94c7-9134fab531b6,2026-09-15T19:30:00Z,2026-09-15T21:30:00+0200,123.52,EUR/MWh,DK2,DK_2,imbalance_price,Short,2026-09-19T19:21:55Z
2026-09-19T19:18:14Z,2026-09-19T21:18:14+0200,626cbb1e-1fe0-4540-94c7-9134fab531b6,2026-09-15T19:45:00Z,2026-09-15T21:45:00+0200,207.99,EUR/MWh,DK2,DK_2,imbalance_price,Long,2026-09-19T19:21:55Z
2026-09-19T19:18:14Z,2026-09-19T21:18:14+0200,626cbb1e-1fe0-4540-94c7-9134fab531b6,2026-09-15T19:45:00Z,2026-09-15T21:45:00+0200,207.99,EUR/MWh,DK2,DK_2,imbalance_price,Short,2026-09-19T19:21:55Z
2026-09-19T19:18:14Z,2026-09-19T21:18:14+0200,626cbb1e-1fe0-4540-94c7-9134fab531b6,2026-09-15T20:00:00Z,2026-09-15T22:00:00+0200,212.64,EUR/MWh,DK2,DK_2,imbalance_price,Long,2026-09-19T19:21:55Z
2026-09-19T19:18:14Z,2026-09-19T21:18:14+0200,626cbb1e-1fe0-4540-94c7-9134fab531b6,2026-09-15T20:00:00Z,2026-09-15T22:00:00+0200,212.64,EUR/MWh,DK2,DK_2,imbalance_price,Short,2026-09-19T19:21:55Z
2026-09-19T19:18:14Z,2026-09-19T21:18:14+0200,626cbb1e-1fe0-4540-94c7-9134fab531b6,2026-09-15T20:15:00Z,2026-09-15T22:15:00+0200,142.31,EUR/MWh,DK2,DK_2,imbalance_price,Long,2026-09-19T19:21:55Z
2026-09-19T19:18:14Z,2026-09-19T21:18:14+0200,626cbb1e-1fe0-4540-94c7-9134fab531b6,2026-09-15T20:15:00Z,2026-09-15T22:15:00+0200,142.31,EUR/MWh,DK2,DK_2,imbalance_price,Short,2026-09-19T19:21:55Z
2026-09-19T19:18:14Z,2026-09-19T21:18:14+0200,626cbb1e-1fe0-4540-94c7-9134fab531b6,2026-09-15T20:30:00Z,2026-09-15T22:30:00+0200,196.35,EUR/MWh,DK2,DK_2,imbalance_price,Long,2026-09-19T19:21:55Z
2026-09-19T19:18:14Z,2026-09-19T21:18:14+0200,626cbb1e-1fe0-4540-94c7-9134fab531b6,2026-09-15T20:30:00Z,2026-09-15T22:30:00+0200,196.35,EUR/MWh,DK2,DK_2,imbalance_price,Short,2026-09-19T19:21:55Z
2026-09-19T19:18:14Z,2026-09-19T21:18:14+0200,626cbb1e-1fe0-4540-94c7-9134fab531b6,2026-09-15T20:45:00Z,2026-09-15T22:45:00+0200,183.58,EUR/MWh,DK2,DK_2,imbalance_price,Long,2026-09-19T19:21:55Z
2026-09-19T19:18:14Z,2026-09-19T21:18:14+0200,626cbb1e-1fe0-4540-94c7-9134fab531b6,2026-09-15T20:45:00Z,2026-09-15T22:45:00+0200,183.58,EUR/MWh,DK2,DK_2,imbalance_price,Short,2026-09-19T19:21:55Z
2026-09-19T19:18:14Z,2026-09-19T21:18:14+0200,626cbb1e-1fe0-4540-94c7-9134fab531b6,2026-09-15T21:00:00Z,2026-09-15T23:00:00+0200,192.0,EUR/MWh,DK2,DK_2,imbalance_price,Long,2026-09-19T19:21:55Z
2026-09-19T19:18:14Z,2026-09-19T21:18:14+0200,626cbb1e-1fe0-4540-94c7-9134fab531b6,2026-09-15T21:00:00Z,2026-09-15T23:00:00+0200,192.0,EUR/MWh,DK2,DK_2,imbalance_price,Short,2026-09-19T19:21:55Z
2026-09-19T19:18:14Z,2026-09-19T21:18:14+0200,626cbb1e-1fe0-4540-94c7-9134fab531b6,2026-09-15T21:15:00Z,2026-09-15T23:15:00+0200,78.07,EUR/MWh,DK2,DK_2,imbalance_price,Long,2026-09-19T19:21:55Z
2026-09-19T19:18:14Z,2026-09-19T21:18:14+0200,626cbb1e-1fe0-4540-94c7-9134fab531b6,2026-09-15T21:15:00Z,2026-09-15T23:15:00+0200,78.07,EUR/MWh,DK2,DK_2,imbalance_price,Short,2026-09-19T19:21:55Z
2026-09-19T19:18:14Z,2026-09-19T21:18:14+0200,626cbb1e-1fe0-4540-94c7-9134fab531b6,2026-09-15T21:30:00Z,2026-09-15T23:30:00+0200,226.74,EUR/MWh,DK2,DK_2,imbalance_price,Long,2026-09-19T19:21:55Z
2026-09-19T19:18:14Z,2026-09-19T21:18:14+0200,626cbb1e-1fe0-4540-94c7-9134fab531b6,2026-09-15T21:30:00Z,2026-09-15T23:30:00+0200,226.74,EUR/MWh,DK2,DK_2,imbalance_price,Short,2026-09-19T19:21:55Z
2026-09-19T19:18:14Z,2026-09-19T21:18:14+0200,626cbb1e-1fe0-4540-94c7-9134fab531b6,2026-09-15T21:45:00Z,2026-09-15T23:45:00+0200,254.17,EUR/MWh,DK2,DK_2,imbalance_price,Long,2026-09-19T19:21:55Z
2026-09-19T19:18:14Z,2026-09-19T21:18:14+0200,626cbb1e-1fe0-4540-94c7-9134fab531b6,2026-09-15T21:45:00Z,2026-09-15T23:45:00+0200,254.17,EUR/MWh,DK2,DK_2,imbalance_price,Short,2026-09-19T19:21:55Z
2026-09-19T19:18:14Z,2026-09-19T21:18:14+0200,626cbb1e-1fe0-4540-94c7-9134fab531b6,2026-09-15T22:00:00Z,2026-09-16T00:00:00+0200,180.98,EUR/MWh,DK2,DK_2,imbalance_price,Long,2026-09-19T19:21:55Z
2026-09-19T19:18:14Z,2026-09-19T21:18:14+0200,626cbb1e-1fe0-4540-94c7-9134fab531b6,2026-09-15T22:00:00Z,2026-09-16T00:00:00+0200,180.98,EUR/MWh,DK2,DK_2,imbalance_price,Short,2026-09-19T19:21:55Z
2026-09-19T19:18:14Z,2026-09-19T21:18:14+0200,626cbb1e-1fe0-4540-94c7-9134fab531b6,2026-09-15T22:15:00Z,2026-09-16T00:15:00+0200,88.81,EUR/MWh,DK2,DK_2,imbalance_price,Long,2026-09-19T19:21:55Z
2026-09-19T19:18:14Z,2026-09-19T21:18:14+0200,626cbb1e-1fe0-4540-94c7-9134fab531b6,2026-09-15T22:15:00Z,2026-09-16T00:15:00+0200,88.81,EUR/MWh,DK2,DK_2,imbalance_price,Short,2026-09-19T19:21:55Z
2026-09-19T19:18:14Z,2026-09-19T21:18:14+0200,626cbb1e-1fe0-4540-94c7-9134fab531b6,2026-09-15T22:30:00Z,2026-09-16T00:30:00+0200,91.4,EUR/MWh,DK2,DK_2,imbalance_price,Long,2026-09-19T19:21:55Z
2026-09-19T19:18:14Z,2026-09-19T21:18:14+0200,626cbb1e-1fe0-4540-94c7-9134fab531b6,2026-09-15T22:30:00Z,2026-09-16T00:30:00+0200,91.4,EUR/MWh,DK2,DK_2,imbalance_price,Short,2026-09-19T19:21:55Z
2026-09-19T19:18:14Z,2026-09-19T21:18:14+0200,626cbb1e-1fe0-4540-94c7-9134fab531b6,2026-09-15T22:45:00Z,2026-09-16T00:45:00+0200,133.96,EUR/MWh,DK2,DK_2,imbalance_price,Long,2026-09-19T19:21:55Z
2026-09-19T19:18:14Z,2026-09-19T21:18:14+0200,626cbb1e-1fe0-4540-94c7-9134fab531b6,2026-09-15T22:45:00Z,2026-09-16T00:45:00+0200,133.96,EUR/MWh,DK2,DK_2,imbalance_price,Short,2026-09-19T19:21:55Z
2026-09-19T19:18:14Z,2026-09-19T21:18:14+0200,626cbb1e-1fe0-4540-94c7-9134fab531b6,2026-09-15T23:00:00Z,2026-09-16T01:00:00+0200,125.29,EUR/MWh,DK2,DK_2,imbalance_price,Long,2026-09-19T19:21:55Z
2026-09-19T19:18:14Z,2026-09-19T21:18:14+0200,626cbb1e-1fe0-4540-94c7-9134fab531b6,2026-09-15T23:00:00Z,2026-09-16T01:00:00+0200,125.29,EUR/MWh,DK2,DK_2,imbalance_price,Short,2026-09-19T19:21:55Z
2026-09-19T19:18:14Z,2026-09-19T21:18:14+0200,626cbb1e-1fe0-4540-94c7-9134fab531b6,2026-09-15T23:15:00Z,2026-09-16T01:15:00+0200,116.47,EUR/MWh,DK2,DK_2,imbalance_price,Long,2026-09-19T19:21:55Z
2026-09-19T19:18:14Z,2026-09-19T21:18:14+0200,626cbb1e-1fe0-4540-94c7-9134fab531b6,2026-09-15T23:15:00Z,2026-09-16T01:15:00+0200,116.47,EUR/MWh,DK2,DK_2,imbalance_price,Short,2026-09-19T19:21:55Z
2026-09-19T19:18:14Z,2026-09-19T21:18:14+0200,626cbb1e-1fe0-4540-94c7-9134fab531b6,2026-09-15T23:30:00Z,2026-09-16T01:30:00+0200,102.88,EUR/MWh,DK2,DK_2,imbalance_price,Long,2026-09-19T19:21:55Z
2026-09-19T19:18:14Z,2026-09-19T21:18:14+0200,626cbb1e-1fe0-4540-94c7-9134fab531b6,2026-09-15T23:30:00Z,2026-09-16T01:30:00+0200,102.88,EUR/MWh,DK2,DK_2,imbalance_price,Short,2026-09-19T19:21:55Z
2026-09-19T19:18:14Z,2026-09-19T21:18:14+0200,626cbb1e-1fe0-4540-94c7-9134fab531b6,2026-09-15T23:45:00Z,2026-09-16T01:45:00+0200,110.28,EUR/MWh,DK2,DK_2,imbalance_price,Long,2026-09-19T19:21:55Z
2026-09-19T19:18:14Z,2026-09-19T21:18:14+0200,626cbb1e-1fe0-4540-94c7-9134fab531b6,2026-09-15T23:45:00Z,2026-09-16T01:45:00+0200,110.28,EUR/MWh,DK2,DK_2,imbalance_price,Short,2026-09-19T19:21:55Z
2026-09-19T19:18:14Z,2026-09-19T21:18:14+0200,626cbb1e-1fe0-4540-94c7-9134fab531b6,2026-09-16T00:00:00Z,2026-09-16T02:00:00+0200,110.92,EUR/MWh,DK2,DK_2,imbalance_price,Long,2026-09-19T19:21:55Z
2026-09-19T19:18:14Z,2026-09-19T21:18:14+0200,626cbb1e-1fe0-4540-94c7-9134fab531b6,2026-09-16T00:00:00Z,2026-09-16T02:00:00+0200,110.92,EUR/MWh,DK2,DK_2,imbalance_price,Short,2026-09-19T19:21:55Z
2026-09-19T19:18:14Z,2026-09-19T21:18:14+0200,626cbb1e-1fe0-4540-94c7-9134fab531b6,2026-09-16T00:15:00Z,2026-09-16T02:15:00+0200,167.01,EUR/MWh,DK2,DK_2,imbalance_price,Long,2026-09-19T19:21:55Z
2026-09-19T19:18:14Z,2026-09-19T21:18:14+0200,626cbb1e-1fe0-4540-94c7-9134fab531b6,2026-09-16T00:15:00Z,2026-09-16T02:15:00+0200,167.01,EUR/MWh,DK2,DK_2,imbalance_price,Short,2026-09-19T19:21:55Z
2026-09-19T19:18:14Z,2026-09-19T21:18:14+0200,626cbb1e-1fe0-4540-94c7-9134fab531b6,2026-09-16T00:30:00Z,2026-09-16T02:30:00+0200,677.5,EUR/MWh,DK2,DK_2,imbalance_price,Long,2026-09-19T19:21:55Z
2026-09-19T19:18:14Z,2026-09-19T21:18:14+0200,626cbb1e-1fe0-4540-94c7-9134fab531b6,2026-09-16T00:30:00Z,2026-09-16T02:30:00+0200,677.5,EUR/MWh,DK2,DK_2,imbalance_price,Short,2026-09-19T19:21:55Z
2026-09-19T19:18:14Z,2026-09-19T21:18:14+0200,626cbb1e-1fe0-4540-94c7-9134fab531b6,2026-09-16T00:45:00Z,2026-09-16T02:45:00+0200,169.15,EUR/MWh,DK2,DK_2,imbalance_price,Long,2026-09-19T19:21:55Z
2026-09-19T19:18:14Z,2026-09-19T21:18:14+0200,626cbb1e-1fe0-4540-94c7-9134fab531b6,2026-09-16T00:45:00Z,2026-09-16T02:45:00+0200,169.15,EUR/MWh,DK2,DK_2,imbalance_price,Short,2026-09-19T19:21:55Z
2026-09-19T19:18:14Z,2026-09-19T21:18:14+0200,626cbb1e-1fe0-4540-94c7-9134fab531b6,2026-09-16T01:00:00Z,2026-09-16T03:00:00+0200,169.17,EUR/MWh,DK2,DK_2,imbalance_price,Long,2026-09-19T19:21:55Z
2026-09-19T19:18:14Z,2026-09-19T21:18:14+0200,626cbb1e-1fe0-4540-94c7-9134fab531b6,2026-09-16T01:00:00Z,2026-09-16T03:00:00+0200,169.17,EUR/MWh,DK2,DK_2,imbalance_price,Short,2026-09-19T19:21:55Z
2026-09-19T19:18:14Z,2026-09-19T21:18:14+0200,626cbb1e-1fe0-4540-94c7-9134fab531b6,2026-09-16T01:15:00Z,2026-09-16T03:15:00+0200,168.75,EUR/MWh,DK2,DK_2,imbalance_price,Long,2026-09-19T19:21:55Z
2026-09-19T19:18:14Z,2026-09-19T21:18:14+0200,626cbb1e-1fe0-4540-94c7-9134fab531b6,2026-09-16T01:15:00Z,2026-09-16T03:15:00+0200,168.75,EUR/MWh,DK2,DK_2,imbalance_price,Short,2026-09-19T19:21:55Z
2026-09-19T19:18:14Z,2026-09-19T21:18:14+0200,626cbb1e-1fe0-4540-94c7-9134fab531b6,2026-09-16T01:30:00Z,2026-09-16T03:30:00+0200,167.16,EUR/MWh,DK2,DK_2,imbalance_price,Long,2026-09-19T19:21:55Z
2026-09-19T19:18:14Z,2026-09-19T21:18:14+0200,626cbb1e-1fe0-4540-94c7-9134fab531b6,2026-09-16T01:30:00Z,2026-09-16T03:30:00+0200,167.16,EUR/MWh,DK2,DK_2,imbalance_price,Short,2026-09-19T19:21:55Z
2026-09-19T19:18:14Z,2026-09-19T21:18:14+0200,626cbb1e-1fe0-4540-94c7-9134fab531b6,2026-09-16T01:45:00Z,2026-09-16T03:45:00+0200,91.36,EUR/MWh,DK2,DK_2,imbalance_price,Long,2026-09-19T19:21:55Z
2026-09-19T19:18:14Z,2026-09-19T21:18:14+0200,626cbb1e-1fe0-4540-94c7-9134fab531b6,2026-09-16T01:45:00Z,2026-09-16T03:45:00+0200,91.36,EUR/MWh,DK2,DK_2,imbalance_price,Short,2026-09-19T19:21:55Z
2026-09-19T19:18:14Z,2026-09-19T21:18:14+0200,626cbb1e-1fe0-4540-94c7-9134fab531b6,2026-09-16T02:00:00Z,2026-09-16T04:00:00+0200,90.24,EUR/MWh,DK2,DK_2,imbalance_price,Long,2026-09-19T19:21:55Z
2026-09-19T19:18:14Z,2026-09-19T21:18:14+0200,626cbb1e-1fe0-4540-94c7-9134fab531b6,2026-09-16T02:00:00Z,2026-09-16T04:00:00+0200,90.24,EUR/MWh,DK2,DK_2,imbalance_price,Short,2026-09-19T19:21:55Z
2026-09-19T19:18:14Z,2026-09-19T21:18:14+0200,626cbb1e-1fe0-4540-94c7-9134fab531b6,2026-09-16T02:15:00Z,2026-09-16T04:15:00+0200,121.05,EUR/MWh,DK2,DK_2,imbalance_price,Long,2026-09-19T19:21:55Z
2026-09-19T19:18:14Z,2026-09-19T21:18:14+0200,626cbb1e-1fe0-4540-94c7-9134fab531b6,2026-09-16T02:15:00Z,2026-09-16T04:15:00+0200,121.05,EUR/MWh,DK2,DK_2,imbalance_price,Short,2026-09-19T19:21:55Z
2026-09-19T19:18:14Z,2026-09-19T21:18:14+0200,626cbb1e-1fe0-4540-94c7-9134fab531b6,2026-09-16T02:30:00Z,2026-09-16T04:30:00+0200,184.21,EUR/MWh,DK2,DK_2,imbalance_price,Long,2026-09-19T19:21:55Z
2026-09-19T19:18:14Z,2026-09-19T21:18:14+0200,626cbb1e-1fe0-4540-94c7-9134fab531b6,2026-09-16T02:30:00Z,2026-09-16T04:30:00+0200,184.21,EUR/MWh,DK2,DK_2,imbalance_price,Short,2026-09-19T19:21:55Z
2026-09-19T19:18:14Z,2026-09-19T21:18:14+0200,626cbb1e-1fe0-4540-94c7-9134fab531b6,2026-09-16T02:45:00Z,2026-09-16T04:45:00+0200,187.89,EUR/MWh,DK2,DK_2,imbalance_price,Long,2026-09-19T19:21:55Z
2026-09-19T19:18:14Z,2026-09-19T21:18:14+0200,626cbb1e-1fe0-4540-94c7-9134fab531b6,2026-09-16T02:45:00Z,2026-09-16T04:45:00+0200,187.89,EUR/MWh,DK2,DK_2,imbalance_price,Short,2026-09-19T19:21:55Z
2026-09-19T19:18:14Z,2026-09-19T21:18:14+0200,626cbb1e-1fe0-4540-94c7-9134fab531b6,2026-09-16T03:00:00Z,2026-09-16T05:00:00+0200,203.18,EUR/MWh,DK2,DK_2,imbalance_price,Long,2026-09-19T19:21:55Z
2026-09-19T19:18:14Z,2026-09-19T21:18:14+0200,626cbb1e-1fe0-4540-94c7-9134fab531b6,2026-09-16T03:00:00Z,2026-09-16T05:00:00+0200,203.18,EUR/MWh,DK2,DK_2,imbalance_price,Short,2026-09-19T19:21:55Z
2026-09-19T19:18:14Z,2026-09-19T21:18:14+0200,626cbb1e-1fe0-4540-94c7-9134fab531b6,2026-09-16T03:15:00Z,2026-09-16T05:15:00+0200,178.35,EUR/MWh,DK2,DK_2,imbalance_price,Long,2026-09-19T19:21:55Z
2026-09-19T19:18:14Z,2026-09-19T21:18:14+0200,626cbb1e-1fe0-4540-94c7-9134fab531b6,2026-09-16T03:15:00Z,2026-09-16T05:15:00+0200,178.35,EUR/MWh,DK2,DK_2,imbalance_price,Short,2026-09-19T19:21:55Z
2026-09-19T19:18:14Z,2026-09-19T21:18:14+0200,626cbb1e-1fe0-4540-94c7-9134fab531b6,2026-09-16T03:30:00Z,2026-09-16T05:30:00+0200,155.37,EUR/MWh,DK2,DK_2,imbalance_price,Long,2026-09-19T19:21:55Z
2026-09-19T19:18:14Z,2026-09-19T21:18:14+0200,626cbb1e-1fe0-4540-94c7-9134fab531b6,2026-09-16T03:30:00Z,2026-09-16T05:30:00+0200,155.37,EUR/MWh,DK2,DK_2,imbalance_price,Short,2026-09-19T19:21:55Z
2026-09-19T19:18:14Z,2026-09-19T21:18:14+0200,626cbb1e-1fe0-4540-94c7-9134fab531b6,2026-09-16T03:45:00Z,2026-09-16T05:45:00+0200,225.56,EUR/MWh,DK2,DK_2,imbalance_price,Long,2026-09-19T19:21:55Z
2026-09-19T19:18:14Z,2026-09-19T21:18:14+0200,626cbb1e-1fe0-4540-94c7-9134fab531b6,2026-09-16T03:45:00Z,2026-09-16T05:45:00+0200,225.56,EUR/MWh,DK2,DK_2,imbalance_price,Short,2026-09-19T19:21:55Z
2026-09-19T19:18:14Z,2026-09-19T21:18:14+0200,626cbb1e-1fe0-4540-94c7-9134fab531b6,2026-09-16T04:00:00Z,2026-09-16T06:00:00+0200,145.02,EUR/MWh,DK2,DK_2,imbalance_price,Long,2026-09-19T19:21:55Z
2026-09-19T19:18:14Z,2026-09-19T21:18:14+0200,626cbb1e-1fe0-4540-94c7-9134fab531b6,2026-09-16T04:00:00Z,2026-09-16T06:00:00+0200,145.02,EUR/MWh,DK2,DK_2,imbalance_price,Short,2026-09-19T19:21:55Z
2026-09-19T19:18:14Z,2026-09-19T21:18:14+0200,626cbb1e-1fe0-4540-94c7-9134fab531b6,2026-09-16T04:15:00Z,2026-09-16T06:15:00+0200,157.0,EUR/MWh,DK2,DK_2,imbalance_price,Long,2026-09-19T19:21:55Z
2026-09-19T19:18:14Z,2026-09-19T21:18:14+0200,626cbb1e-1fe0-4540-94c7-9134fab531b6,2026-09-16T04:15:00Z,2026-09-16T06:15:00+0200,157.0,EUR/MWh,DK2,DK_2,imbalance_price,Short,2026-09-19T19:21:55Z
2026-09-19T19:18:14Z,2026-09-19T21:18:14+0200,626cbb1e-1fe0-4540-94c7-9134fab531b6,2026-09-16T04:30:00Z,2026-09-16T06:30:00+0200,230.28,EUR/MWh,DK2,DK_2,imbalance_price,Long,2026-09-19T19:21:55Z
2026-09-19T19:18:14Z,2026-09-19T21:18:14+0200,626cbb1e-1fe0-4540-94c7-9134fab531b6,2026-09-16T04:30:00Z,2026-09-16T06:30:00+0200,230.28,EUR/MWh,DK2,DK_2,imbalance_price,Short,2026-09-19T19:21:55Z
2026-09-19T19:18:14Z,2026-09-19T21:18:14+0200,626cbb1e-1fe0-4540-94c7-9134fab531b6,2026-09-16T04:45:00Z,2026-09-16T06:45:00+0200,240.99,EUR/MWh,DK2,DK_2,imbalance_price,Long,2026-09-19T19:21:55Z
2026-09-19T19:18:14Z,2026-09-19T21:18:14+0200,626cbb1e-1fe0-4540-94c7-9134fab531b6,2026-09-16T04:45:00Z,2026-09-16T06:45:00+0200,240.99,EUR/MWh,DK2,DK_2,imbalance_price,Short,2026-09-19T19:21:55Z
2026-09-19T19:18:14Z,2026-09-19T21:18:14+0200,626cbb1e-1fe0-4540-94c7-9134fab531b6,2026-09-16T05:00:00Z,2026-09-16T07:00:00+0200,241.83,EUR/MWh,DK2,DK_2,imbalance_price,Long,2026-09-19T19:21:55Z
2026-09-19T19:18:14Z,2026-09-19T21:18:14+0200,626cbb1e-1fe0-4540-94c7-9134fab531b6,2026-09-16T05:00:00Z,2026-09-16T07:00:00+0200,241.83,EUR/MWh,DK2,DK_2,imbalance_price,Short,2026-09-19T19:21:55Z
2026-09-19T19:18:14Z,2026-09-19T21:18:14+0200,626cbb1e-1fe0-4540-94c7-9134fab531b6,2026-09-16T05:15:00Z,2026-09-16T07:15:00+0200,164.95,EUR/MWh,DK2,DK_2,imbalance_price,Long,2026-09-19T19:21:55Z
2026-09-19T19:18:14Z,2026-09-19T21:18:14+0200,626cbb1e-1fe0-4540-94c7-9134fab531b6,2026-09-16T05:15:00Z,2026-09-16T07:15:00+0200,164.95,EUR/MWh,DK2,DK_2,imbalance_price,Short,2026-09-19T19:21:55Z
2026-09-19T19:18:14Z,2026-09-19T21:18:14+0200,626cbb1e-1fe0-4540-94c7-9134fab531b6,2026-09-16T05:30:00Z,2026-09-16T07:30:00+0200,166.96,EUR/MWh,DK2,DK_2,imbalance_price,Long,2026-09-19T19:21:55Z
2026-09-19T19:18:14Z,2026-09-19T21:18:14+0200,626cbb1e-1fe0-4540-94c7-9134fab531b6,2026-09-16T05:30:00Z,2026-09-16T07:30:00+0200,166.96,EUR/MWh,DK2,DK_2,imbalance_price,Short,2026-09-19T19:21:55Z
2026-09-19T19:18:14Z,2026-09-19T21:18:14+0200,626cbb1e-1fe0-4540-94c7-9134fab531b6,2026-09-16T05:45:00Z,2026-09-16T07:45:00+0200,227.74,EUR/MWh,DK2,DK_2,imbalance_price,Long,2026-09-19T19:21:55Z
2026-09-19T19:18:14Z,2026-09-19T21:18:14+0200,626cbb1e-1fe0-4540-94c7-9134fab531b6,2026-09-16T05:45:00Z,2026-09-16T07:45:00+0200,227.74,EUR/MWh,DK2,DK_2,imbalance_price,Short,2026-09-19T19:21:55Z
2026-09-19T19:18:14Z,2026-09-19T21:18:14+0200,626cbb1e-1fe0-4540-94c7-9134fab531b6,2026-09-16T06:00:00Z,2026-09-16T08:00:00+0200,246.63,EUR/MWh,DK2,DK_2,imbalance_price,Long,2026-09-19T19:21:55Z
2026-09-19T19:18:14Z,2026-09-19T21:18:14+0200,626cbb1e-1fe0-4540-94c7-9134fab531b6,2026-09-16T06:00:00Z,2026-09-16T08:00:00+0200,246.63,EUR/MWh,DK2,DK_2,imbalance_price,Short,2026-09-19T19:21:55Z
2026-09-19T19:18:14Z,2026-09-19T21:18:14+0200,626cbb1e-1fe0-4540-94c7-9134fab531b6,2026-09-16T06:15:00Z,2026-09-16T08:15:00+0200,237.47,EUR/MWh,DK2,DK_2,imbalance_price,Long,2026-09-19T19:21:55Z
2026-09-19T19:18:14Z,2026-09-19T21:18:14+0200,626cbb1e-1fe0-4540-94c7-9134fab531b6,2026-09-16T06:15:00Z,2026-09-16T08:15:00+0200,237.47,EUR/MWh,DK2,DK_2,imbalance_price,Short,2026-09-19T19:21:55Z
2026-09-19T19:18:14Z,2026-09-19T21:18:14+0200,626cbb1e-1fe0-4540-94c7-9134fab531b6,2026-09-16T06:30:00Z,2026-09-16T08:30:00+0200,222.85,EUR/MWh,DK2,DK_2,imbalance_price,Long,2026-09-19T19:21:55Z
2026-09-19T19:18:14Z,2026-09-19T21:18:14+0200,626cbb1e-1fe0-4540-94c7-9134fab531b6,2026-09-16T06:30:00Z,2026-09-16T08:30:00+0200,222.85,EUR/MWh,DK2,DK_2,imbalance_price,Short,2026-09-19T19:21:55Z
2026-09-19T19:18:14Z,2026-09-19T21:18:14+0200,626cbb1e-1fe0-4540-94c7-9134fab531b6,2026-09-16T06:45:00Z,2026-09-16T08:45:00+0200,134.24,EUR/MWh,DK2,DK_2,imbalance_price,Long,2026-09-19T19:21:55Z
2026-09-19T19:18:14Z,2026-09-19T21:18:14+0200,626cbb1e-1fe0-4540-94c7-9134fab531b6,2026-09-16T06:45:00Z,2026-09-16T08:45:00+0200,134.24,EUR/MWh,DK2,DK_2,imbalance_price,Short,2026-09-19T19:21:55Z
2026-09-19T19:18:14Z,2026-09-19T21:18:14+0200,626cbb1e-1fe0-4540-94c7-9134fab531b6,2026-09-16T07:00:00Z,2026-09-16T09:00:00+0200,127.25,EUR/MWh,DK2,DK_2,imbalance_price,Long,2026-09-19T19:21:55Z
2026-09-19T19:18:14Z,2026-09-19T21:18:14+0200,626cbb1e-1fe0-4540-94c7-9134fab531b6,2026-09-16T07:00:00Z,2026-09-16T09:00:00+0200,127.25,EUR/MWh,DK2,DK_2,imbalance_price,Short,2026-09-19T19:21:55Z
2026-09-19T19:18:14Z,2026-09-19T21:18:14+0200,626cbb1e-1fe0-4540-94c7-9134fab531b6,2026-09-16T07:15:00Z,2026-09-16T09:15:00+0200,156.24,EUR/MWh,DK2,DK_2,imbalance_price,Long,2026-09-19T19:21:55Z
2026-09-19T19:18:14Z,2026-09-19T21:18:14+0200,626cbb1e-1fe0-4540-94c7-9134fab531b6,2026-09-16T07:15:00Z,2026-09-16T09:15:00+0200,156.24,EUR/MWh,DK2,DK_2,imbalance_price,Short,2026-09-19T19:21:55Z
2026-09-19T19:18:14Z,2026-09-19T21:18:14+0200,626cbb1e-1fe0-4540-94c7-9134fab531b6,2026-09-16T07:30:00Z,2026-09-16T09:30:00+0200,85.53,EUR/MWh,DK2,DK_2,imbalance_price,Long,2026-09-19T19:21:55Z
2026-09-19T19:18:14Z,2026-09-19T21:18:14+0200,626cbb1e-1fe0-4540-94c7-9134fab531b6,2026-09-16T07:30:00Z,2026-09-16T09:30:00+0200,85.53,EUR/MWh,DK2,DK_2,imbalance_price,Short,2026-09-19T19:21:55Z
2026-09-19T19:18:14Z,2026-09-19T21:18:14+0200,626cbb1e-1fe0-4540-94c7-9134fab531b6,2026-09-16T07:45:00Z,2026-09-16T09:45:00+0200,156.17,EUR/MWh,DK2,DK_2,imbalance_price,Long,2026-09-19T19:21:55Z
2026-09-19T19:18:14Z,2026-09-19T21:18:14+0200,626cbb1e-1fe0-4540-94c7-9134fab531b6,2026-09-16T07:45:00Z,2026-09-16T09:45:00+0200,156.17,EUR/MWh,DK2,DK_2,imbalance_price,Short,2026-09-19T19:21:55Z
2026-09-19T19:18:14Z,2026-09-19T21:18:14+0200,626cbb1e-1fe0-4540-94c7-9134fab531b6,2026-09-16T08:00:00Z,2026-09-16T10:00:00+0200,172.7,EUR/MWh,DK2,DK_2,imbalance_price,Long,2026-09-19T19:21:55Z
2026-09-19T19:18:14Z,2026-09-19T21:18:14+0200,626cbb1e-1fe0-4540-94c7-9134fab531b6,2026-09-16T08:00:00Z,2026-09-16T10:00:00+0200,172.7,EUR/MWh,DK2,DK_2,imbalance_price,Short,2026-09-19T19:21:55Z
2026-09-19T19:18:14Z,2026-09-19T21:18:14+0200,626cbb1e-1fe0-4540-94c7-9134fab531b6,2026-09-16T08:15:00Z,2026-09-16T10:15:00+0200,189.99,EUR/MWh,DK2,DK_2,imbalance_price,Long,2026-09-19T19:21:55Z
2026-09-19T19:18:14Z,2026-09-19T21:18:14+0200,626cbb1e-1fe0-4540-94c7-9134fab531b6,2026-09-16T08:15:00Z,2026-09-16T10:15:00+0200,189.99,EUR/MWh,DK2,DK_2,imbalance_price,Short,2026-09-19T19:21:55Z
2026-09-19T19:18:14Z,2026-09-19T21:18:14+0200,626cbb1e-1fe0-4540-94c7-9134fab531b6,2026-09-16T08:30:00Z,2026-09-16T10:30:00+0200,224.22,EUR/MWh,DK2,DK_2,imbalance_price,Long,2026-09-19T19:21:55Z
2026-09-19T19:18:14Z,2026-09-19T21:18:14+0200,626cbb1e-1fe0-4540-94c7-9134fab531b6,2026-09-16T08:30:00Z,2026-09-16T10:30:00+0200,224.22,EUR/MWh,DK2,DK_2,imbalance_price,Short,2026-09-19T19:21:55Z
2026-09-19T19:18:14Z,2026-09-19T21:18:14+0200,626cbb1e-1fe0-4540-94c7-9134fab531b6,2026-09-16T08:45:00Z,2026-09-16T10:45:00+0200,151.46,EUR/MWh,DK2,DK_2,imbalance_price,Long,2026-09-19T19:21:55Z
2026-09-19T19:18:14Z,2026-09-19T21:18:14+0200,626cbb1e-1fe0-4540-94c7-9134fab531b6,2026-09-16T08:45:00Z,2026-09-16T10:45:00+0200,151.46,EUR/MWh,DK2,DK_2,imbalance_price,Short,2026-09-19T19:21:55Z
2026-09-19T19:18:14Z,2026-09-19T21:18:14+0200,626cbb1e-1fe0-4540-94c7-9134fab531b6,2026-09-16T09:00:00Z,2026-09-16T11:00:00+0200,149.3,EUR/MWh,DK2,DK_2,imbalance_price,Long,2026-09-19T19:21:55Z
2026-09-19T19:18:14Z,2026-09-19T21:18:14+0200,626cbb1e-1fe0-4540-94c7-9134fab531b6,2026-09-16T09:00:00Z,2026-09-16T11:00:00+0200,149.3,EUR/MWh,DK2,DK_2,imbalance_price,Short,2026-09-19T19:21:55Z
2026-09-19T19:18:14Z,2026-09-19T21:18:14+0200,626cbb1e-1fe0-4540-94c7-9134fab531b6,2026-09-16T09:15:00Z,2026-09-16T11:15:00+0200,141.94,EUR/MWh,DK2,DK_2,imbalance_price,Long,2026-09-19T19:21:55Z
2026-09-19T19:18:14Z,2026-09-19T21:18:14+0200,626cbb1e-1fe0-4540-94c7-9134fab531b6,2026-09-16T09:15:00Z,2026-09-16T11:15:00+0200,141.94,EUR/MWh,DK2,DK_2,imbalance_price,Short,2026-09-19T19:21:55Z
2026-09-19T19:18:14Z,2026-09-19T21:18:14+0200,626cbb1e-1fe0-4540-94c7-9134fab531b6,2026-09-16T09:30:00Z,2026-09-16T11:30:00+0200,407.15,EUR/MWh,DK2,DK_2,imbalance_price,Long,2026-09-19T19:21:55Z
2026-09-19T19:18:14Z,2026-09-19T21:18:14+0200,626cbb1e-1fe0-4540-94c7-9134fab531b6,2026-09-16T09:30:00Z,2026-09-16T11:30:00+0200,407.15,EUR/MWh,DK2,DK_2,imbalance_price,Short,2026-09-19T19:21:55Z
2026-09-19T19:18:14Z,2026-09-19T21:18:14+0200,626cbb1e-1fe0-4540-94c7-9134fab531b6,2026-09-16T09:45:00Z,2026-09-16T11:45:00+0200,183.08,EUR/MWh,DK2,DK_2,imbalance_price,Long,2026-09-19T19:21:55Z
2026-09-19T19:18:14Z,2026-09-19T21:18:14+0200,626cbb1e-1fe0-4540-94c7-9134fab531b6,2026-09-16T09:45:00Z,2026-09-16T11:45:00+0200,183.08,EUR/MWh,DK2,DK_2,imbalance_price,Short,2026-09-19T19:21:55Z
2026-09-19T19:18:14Z,2026-09-19T21:18:14+0200,626cbb1e-1fe0-4540-94c7-9134fab531b6,2026-09-16T10:00:00Z,2026-09-16T12:00:00+0200,211.25,EUR/MWh,DK2,DK_2,imbalance_price,Long,2026-09-19T19:21:55Z
2026-09-19T19:18:14Z,2026-09-19T21:18:14+0200,626cbb1e-1fe0-4540-94c7-9134fab531b6,2026-09-16T10:00:00Z,2026-09-16T12:00:00+0200,211.25,EUR/MWh,DK2,DK_2,imbalance_price,Short,2026-09-19T19:21:55Z
2026-09-19T19:18:14Z,2026-09-19T21:18:14+0200,626cbb1e-1fe0-4540-94c7-9134fab531b6,2026-09-16T10:15:00Z,2026-09-16T12:15:00+0200,187.06,EUR/MWh,DK2,DK_2,imbalance_price,Long,2026-09-19T19:21:55Z
2026-09-19T19:18:14Z,2026-09-19T21:18:14+0200,626cbb1e-1fe0-4540-94c7-9134fab531b6,2026-09-16T10:15:00Z,2026-09-16T12:15:00+0200,187.06,EUR/MWh,DK2,DK_2,imbalance_price,Short,2026-09-19T19:21:55Z
2026-09-19T19:18:14Z,2026-09-19T21:18:14+0200,626cbb1e-1fe0-4540-94c7-9134fab531b6,2026-09-16T10:30:00Z,2026-09-16T12:30:00+0200,105.73,EUR/MWh,DK2,DK_2,imbalance_price,Long,2026-09-19T19:21:55Z
2026-09-19T19:18:14Z,2026-09-19T21:18:14+0200,626cbb1e-1fe0-4540-94c7-9134fab531b6,2026-09-16T10:30:00Z,2026-09-16T12:30:00+0200,105.73,EUR/MWh,DK2,DK_2,imbalance_price,Short,2026-09-19T19:21:55Z
2026-09-19T19:18:14Z,2026-09-19T21:18:14+0200,626cbb1e-1fe0-4540-94c7-9134fab531b6,2026-09-16T10:45:00Z,2026-09-16T12:45:00+0200,97.83,EUR/MWh,DK2,DK_2,imbalance_price,Long,2026-09-19T19:21:55Z
2026-09-19T19:18:14Z,2026-09-19T21:18:14+0200,626cbb1e-1fe0-4540-94c7-9134fab531b6,2026-09-16T10:45:00Z,2026-09-16T12:45:00+0200,97.83,EUR/MWh,DK2,DK_2,imbalance_price,Short,2026-09-19T19:21:55Z
2026-09-19T19:18:14Z,2026-09-19T21:18:14+0200,626cbb1e-1fe0-4540-94c7-9134fab531b6,2026-09-16T11:00:00Z,2026-09-16T13:00:00+0200,220.84,EUR/MWh,DK2,DK_2,imbalance_price,Long,2026-09-19T19:21:55Z
2026-09-19T19:18:14Z,2026-09-19T21:18:14+0200,626cbb1e-1fe0-4540-94c7-9134fab531b6,2026-09-16T11:00:00Z,2026-09-16T13:00:00+0200,220.84,EUR/MWh,DK2,DK_2,imbalance_price,Short,2026-09-19T19:21:55Z
2026-09-19T19:18:14Z,2026-09-19T21:18:14+0200,626cbb1e-1fe0-4540-94c7-9134fab531b6,2026-09-16T11:15:00Z,2026-09-16T13:15:00+0200,97.91,EUR/MWh,DK2,DK_2,imbalance_price,Long,2026-09-19T19:21:55Z
2026-09-19T19:18:14Z,2026-09-19T21:18:14+0200,626cbb1e-1fe0-4540-94c7-9134fab531b6,2026-09-16T11:15:00Z,2026-09-16T13:15:00+0200,97.91,EUR/MWh,DK2,DK_2,imbalance_price,Short,2026-09-19T19:21:55Z
2026-09-19T19:18:14Z,2026-09-19T21:18:14+0200,626cbb1e-1fe0-4540-94c7-9134fab531b6,2026-09-16T11:30:00Z,2026-09-16T13:30:00+0200,128.65,EUR/MWh,DK2,DK_2,imbalance_price,Long,2026-09-19T19:21:55Z
2026-09-19T19:18:14Z,2026-09-19T21:18:14+0200,626cbb1e-1fe0-4540-94c7-9134fab531b6,2026-09-16T11:30:00Z,2026-09-16T13:30:00+0200,128.65,EUR/MWh,DK2,DK_2,imbalance_price,Short,2026-09-19T19:21:55Z
2026-09-19T19:18:14Z,2026-09-19T21:18:14+0200,626cbb1e-1fe0-4540-94c7-9134fab531b6,2026-09-16T11:45:00Z,2026-09-16T13:45:00+0200,138.7,EUR/MWh,DK2,DK_2,imbalance_price,Long,2026-09-19T19:21:55Z
2026-09-19T19:18:14Z,2026-09-19T21:18:14+0200,626cbb1e-1fe0-4540-94c7-9134fab531b6,2026-09-16T11:45:00Z,2026-09-16T13:45:00+0200,138.7,EUR/MWh,DK2,DK_2,imbalance_price,Short,2026-09-19T19:21:55Z
2026-09-19T19:18:14Z,2026-09-19T21:18:14+0200,626cbb1e-1fe0-4540-94c7-9134fab531b6,2026-09-16T12:00:00Z,2026-09-16T14:00:00+0200,21.15,EUR/MWh,DK2,DK_2,imbalance_price,Long,2026-09-19T19:21:55Z
2026-09-19T19:18:14Z,2026-09-19T21:18:14+0200,626cbb1e-1fe0-4540-94c7-9134fab531b6,2026-09-16T12:00:00Z,2026-09-16T14:00:00+0200,21.15,EUR/MWh,DK2,DK_2,imbalance_price,Short,2026-09-19T19:21:55Z
2026-09-19T19:18:14Z,2026-09-19T21:18:14+0200,626cbb1e-1fe0-4540-94c7-9134fab531b6,2026-09-16T12:15:00Z,2026-09-16T14:15:00+0200,53.5,EUR/MWh,DK2,DK_2,imbalance_price,Long,2026-09-19T19:21:55Z
2026-09-19T19:18:14Z,2026-09-19T21:18:14+0200,626cbb1e-1fe0-4540-94c7-9134fab531b6,2026-09-16T12:15:00Z,2026-09-16T14:15:00+0200,53.5,EUR/MWh,DK2,DK_2,imbalance_price,Short,2026-09-19T19:21:55Z
2026-09-19T19:18:14Z,2026-09-19T21:18:14+0200,626cbb1e-1fe0-4540-94c7-9134fab531b6,2026-09-16T12:30:00Z,2026-09-16T14:30:00+0200,-7.77,EUR/MWh,DK2,DK_2,imbalance_price,Long,2026-09-19T19:21:55Z
2026-09-19T19:18:14Z,2026-09-19T21:18:14+0200,626cbb1e-1fe0-4540-94c7-9134fab531b6,2026-09-16T12:30:00Z,2026-09-16T14:30:00+0200,-7.77,EUR/MWh,DK2,DK_2,imbalance_price,Short,2026-09-19T19:21:55Z
2026-09-19T19:18:14Z,2026-09-19T21:18:14+0200,626cbb1e-1fe0-4540-94c7-9134fab531b6,2026-09-16T12:45:00Z,2026-09-16T14:45:00+0200,-5.89,EUR/MWh,DK2,DK_2,imbalance_price,Long,2026-09-19T19:21:55Z
2026-09-19T19:18:14Z,2026-09-19T21:18:14+0200,626cbb1e-1fe0-4540-94c7-9134fab531b6,2026-09-16T12:45:00Z,2026-09-16T14:45:00+0200,-5.89,EUR/MWh,DK2,DK_2,imbalance_price,Short,2026-09-19T19:21:55Z
2026-09-19T19:18:14Z,2026-09-19T21:18:14+0200,626cbb1e-1fe0-4540-94c7-9134fab531b6,2026-09-16T13:00:00Z,2026-09-16T15:00:00+0200,33.44,EUR/MWh,DK2,DK_2,imbalance_price,Long,2026-09-19T19:21:55Z
2026-09-19T19:18:14Z,2026-09-19T21:18:14+0200,626cbb1e-1fe0-4540-94c7-9134fab531b6,2026-09-16T13:00:00Z,2026-09-16T15:00:00+0200,33.44,EUR/MWh,DK2,DK_2,imbalance_price,Short,2026-09-19T19:21:55Z
2026-09-19T19:18:14Z,2026-09-19T21:18:14+0200,626cbb1e-1fe0-4540-94c7-9134fab531b6,2026-09-16T13:15:00Z,2026-09-16T15:15:00+0200,117.18,EUR/MWh,DK2,DK_2,imbalance_price,Long,2026-09-19T19:21:55Z
2026-09-19T19:18:14Z,2026-09-19T21:18:14+0200,626cbb1e-1fe0-4540-94c7-9134fab531b6,2026-09-16T13:15:00Z,2026-09-16T15:15:00+0200,117.18,EUR/MWh,DK2,DK_2,imbalance_price,Short,2026-09-19T19:21:55Z
2026-09-19T19:18:14Z,2026-09-19T21:18:14+0200,626cbb1e-1fe0-4540-94c7-9134fab531b6,2026-09-16T13:30:00Z,2026-09-16T15:30:00+0200,16.46,EUR/MWh,DK2,DK_2,imbalance_price,Long,2026-09-19T19:21:55Z
2026-09-19T19:18:14Z,2026-09-19T21:18:14+0200,626cbb1e-1fe0-4540-94c7-9134fab531b6,2026-09-16T13:30:00Z,2026-09-16T15:30:00+0200,16.46,EUR/MWh,DK2,DK_2,imbalance_price,Short,2026-09-19T19:21:55Z
2026-09-19T19:18:14Z,2026-09-19T21:18:14+0200,626cbb1e-1fe0-4540-94c7-9134fab531b6,2026-09-16T13:45:00Z,2026-09-16T15:45:00+0200,132.01,EUR/MWh,DK2,DK_2,imbalance_price,Long,2026-09-19T19:21:55Z
2026-09-19T19:18:14Z,2026-09-19T21:18:14+0200,626cbb1e-1fe0-4540-94c7-9134fab531b6,2026-09-16T13:45:00Z,2026-09-16T15:45:00+0200,132.01,EUR/MWh,DK2,DK_2,imbalance_price,Short,2026-09-19T19:21:55Z
2026-09-19T19:18:14Z,2026-09-19T21:18:14+0200,626cbb1e-1fe0-4540-94c7-9134fab531b6,2026-09-16T14:00:00Z,2026-09-16T16:00:00+0200,131.56,EUR/MWh,DK2,DK_2,imbalance_price,Long,2026-09-19T19:21:55Z
2026-09-19T19:18:14Z,2026-09-19T21:18:14+0200,626cbb1e-1fe0-4540-94c7-9134fab531b6,2026-09-16T14:00:00Z,2026-09-16T16:00:00+0200,131.56,EUR/MWh,DK2,DK_2,imbalance_price,Short,2026-09-19T19:21:55Z
2026-09-19T19:18:14Z,2026-09-19T21:18:14+0200,626cbb1e-1fe0-4540-94c7-9134fab531b6,2026-09-16T14:15:00Z,2026-09-16T16:15:00+0200,97.46,EUR/MWh,DK2,DK_2,imbalance_price,Long,2026-09-19T19:21:55Z
2026-09-19T19:18:14Z,2026-09-19T21:18:14+0200,626cbb1e-1fe0-4540-94c7-9134fab531b6,2026-09-16T14:15:00Z,2026-09-16T16:15:00+0200,97.46,EUR/MWh,DK2,DK_2,imbalance_price,Short,2026-09-19T19:21:55Z
2026-09-19T19:18:14Z,2026-09-19T21:18:14+0200,626cbb1e-1fe0-4540-94c7-9134fab531b6,2026-09-16T14:30:00Z,2026-09-16T16:30:00+0200,165.25,EUR/MWh,DK2,DK_2,imbalance_price,Long,2026-09-19T19:21:55Z
2026-09-19T19:18:14Z,2026-09-19T21:18:14+0200,626cbb1e-1fe0-4540-94c7-9134fab531b6,2026-09-16T14:30:00Z,2026-09-16T16:30:00+0200,165.25,EUR/MWh,DK2,DK_2,imbalance_price,Short,2026-09-19T19:21:55Z
2026-09-19T19:18:14Z,2026-09-19T21:18:14+0200,626cbb1e-1fe0-4540-94c7-9134fab531b6,2026-09-16T14:45:00Z,2026-09-16T16:45:00+0200,120.4,EUR/MWh,DK2,DK_2,imbalance_price,Long,2026-09-19T19:21:55Z
2026-09-19T19:18:14Z,2026-09-19T21:18:14+0200,626cbb1e-1fe0-4540-94c7-9134fab531b6,2026-09-16T14:45:00Z,2026-09-16T16:45:00+0200,120.4,EUR/MWh,DK2,DK_2,imbalance_price,Short,2026-09-19T19:21:55Z
2026-09-19T19:18:14Z,2026-09-19T21:18:14+0200,626cbb1e-1fe0-4540-94c7-9134fab531b6,2026-09-16T15:00:00Z,2026-09-16T17:00:00+0200,182.68,EUR/MWh,DK2,DK_2,imbalance_price,Long,2026-09-19T19:21:55Z
2026-09-19T19:18:14Z,2026-09-19T21:18:14+0200,626cbb1e-1fe0-4540-94c7-9134fab531b6,2026-09-16T15:00:00Z,2026-09-16T17:00:00+0200,182.68,EUR/MWh,DK2,DK_2,imbalance_price,Short,2026-09-19T19:21:55Z
2026-09-19T19:18:14Z,2026-09-19T21:18:14+0200,626cbb1e-1fe0-4540-94c7-9134fab531b6,2026-09-16T15:15:00Z,2026-09-16T17:15:00+0200,202.46,EUR/MWh,DK2,DK_2,imbalance_price,Long,2026-09-19T19:21:55Z
2026-09-19T19:18:14Z,2026-09-19T21:18:14+0200,626cbb1e-1fe0-4540-94c7-9134fab531b6,2026-09-16T15:15:00Z,2026-09-16T17:15:00+0200,202.46,EUR/MWh,DK2,DK_2,imbalance_price,Short,2026-09-19T19:21:55Z
2026-09-19T19:18:14Z,2026-09-19T21:18:14+0200,626cbb1e-1fe0-4540-94c7-9134fab531b6,2026-09-16T15:30:00Z,2026-09-16T17:30:00+0200,206.72,EUR/MWh,DK2,DK_2,imbalance_price,Long,2026-09-19T19:21:55Z
2026-09-19T19:18:14Z,2026-09-19T21:18:14+0200,626cbb1e-1fe0-4540-94c7-9134fab531b6,2026-09-16T15:30:00Z,2026-09-16T17:30:00+0200,206.72,EUR/MWh,DK2,DK_2,imbalance_price,Short,2026-09-19T19:21:55Z
2026-09-19T19:18:14Z,2026-09-19T21:18:14+0200,626cbb1e-1fe0-4540-94c7-9134fab531b6,2026-09-16T15:45:00Z,2026-09-16T17:45:00+0200,216.64,EUR/MWh,DK2,DK_2,imbalance_price,Long,2026-09-19T19:21:55Z
2026-09-19T19:18:14Z,2026-09-19T21:18:14+0200,626cbb1e-1fe0-4540-94c7-9134fab531b6,2026-09-16T15:45:00Z,2026-09-16T17:45:00+0200,216.64,EUR/MWh,DK2,DK_2,imbalance_price,Short,2026-09-19T19:21:55Z
2026-09-19T19:18:14Z,2026-09-19T21:18:14+0200,626cbb1e-1fe0-4540-94c7-9134fab531b6,2026-09-16T16:00:00Z,2026-09-16T18:00:00+0200,165.55,EUR/MWh,DK2,DK_2,imbalance_price,Long,2026-09-19T19:21:55Z
2026-09-19T19:18:14Z,2026-09-19T21:18:14+0200,626cbb1e-1fe0-4540-94c7-9134fab531b6,2026-09-16T16:00:00Z,2026-09-16T18:00:00+0200,165.55,EUR/MWh,DK2,DK_2,imbalance_price,Short,2026-09-19T19:21:55Z
2026-09-19T19:18:14Z,2026-09-19T21:18:14+0200,626cbb1e-1fe0-4540-94c7-9134fab531b6,2026-09-16T16:15:00Z,2026-09-16T18:15:00+0200,220.11,EUR/MWh,DK2,DK_2,imbalance_price,Long,2026-09-19T19:21:55Z
2026-09-19T19:18:14Z,2026-09-19T21:18:14+0200,626cbb1e-1fe0-4540-94c7-9134fab531b6,2026-09-16T16:15:00Z,2026-09-16T18:15:00+0200,220.11,EUR/MWh,DK2,DK_2,imbalance_price,Short,2026-09-19T19:21:55Z
2026-09-19T19:18:14Z,2026-09-19T21:18:14+0200,626cbb1e-1fe0-4540-94c7-9134fab531b6,2026-09-16T16:30:00Z,2026-09-16T18:30:00+0200,669.0,EUR/MWh,DK2,DK_2,imbalance_price,Long,2026-09-19T19:21:55Z
2026-09-19T19:18:14Z,2026-09-19T21:18:14+0200,626cbb1e-1fe0-4540-94c7-9134fab531b6,2026-09-16T16:30:00Z,2026-09-16T18:30:00+0200,669.0,EUR/MWh,DK2,DK_2,imbalance_price,Short,2026-09-19T19:21:55Z
2026-09-19T19:18:14Z,2026-09-19T21:18:14+0200,626cbb1e-1fe0-4540-94c7-9134fab531b6,2026-09-16T16:45:00Z,2026-09-16T18:45:00+0200,401.33,EUR/MWh,DK2,DK_2,imbalance_price,Long,2026-09-19T19:21:55Z
2026-09-19T19:18:14Z,2026-09-19T21:18:14+0200,626cbb1e-1fe0-4540-94c7-9134fab531b6,2026-09-16T16:45:00Z,2026-09-16T18:45:00+0200,401.33,EUR/MWh,DK2,DK_2,imbalance_price,Short,2026-09-19T19:21:55Z
2026-09-19T19:18:14Z,2026-09-19T21:18:14+0200,626cbb1e-1fe0-4540-94c7-9134fab531b6,2026-09-16T17:00:00Z,2026-09-16T19:00:00+0200,237.0,EUR/MWh,DK2,DK_2,imbalance_price,Long,2026-09-19T19:21:55Z
2026-09-19T19:18:14Z,2026-09-19T21:18:14+0200,626cbb1e-1fe0-4540-94c7-9134fab531b6,2026-09-16T17:00:00Z,2026-09-16T19:00:00+0200,237.0,EUR/MWh,DK2,DK_2,imbalance_price,Short,2026-09-19T19:21:55Z
2026-09-19T19:18:14Z,2026-09-19T21:18:14+0200,626cbb1e-1fe0-4540-94c7-9134fab531b6,2026-09-16T17:15:00Z,2026-09-16T19:15:00+0200,246.92,EUR/MWh,DK2,DK_2,imbalance_price,Long,2026-09-19T19:21:55Z
2026-09-19T19:18:14Z,2026-09-19T21:18:14+0200,626cbb1e-1fe0-4540-94c7-9134fab531b6,2026-09-16T17:15:00Z,2026-09-16T19:15:00+0200,246.92,EUR/MWh,DK2,DK_2,imbalance_price,Short,2026-09-19T19:21:55Z
2026-09-19T19:18:14Z,2026-09-19T21:18:14+0200,626cbb1e-1fe0-4540-94c7-9134fab531b6,2026-09-16T17:30:00Z,2026-09-16T19:30:00+0200,261.63,EUR/MWh,DK2,DK_2,imbalance_price,Long,2026-09-19T19:21:55Z
2026-09-19T19:18:14Z,2026-09-19T21:18:14+0200,626cbb1e-1fe0-4540-94c7-9134fab531b6,2026-09-16T17:30:00Z,2026-09-16T19:30:00+0200,261.63,EUR/MWh,DK2,DK_2,imbalance_price,Short,2026-09-19T19:21:55Z
2026-09-19T19:18:14Z,2026-09-19T21:18:14+0200,626cbb1e-1fe0-4540-94c7-9134fab531b6,2026-09-16T17:45:00Z,2026-09-16T19:45:00+0200,144.02,EUR/MWh,DK2,DK_2,imbalance_price,Long,2026-09-19T19:21:55Z
2026-09-19T19:18:14Z,2026-09-19T21:18:14+0200,626cbb1e-1fe0-4540-94c7-9134fab531b6,2026-09-16T17:45:00Z,2026-09-16T19:45:00+0200,144.02,EUR/MWh,DK2,DK_2,imbalance_price,Short,2026-09-19T19:21:55Z
2026-09-19T19:18:14Z,2026-09-19T21:18:14+0200,626cbb1e-1fe0-4540-94c7-9134fab531b6,2026-09-16T18:00:00Z,2026-09-16T20:00:00+0200,173.53,EUR/MWh,DK2,DK_2,imbalance_price,Long,2026-09-19T19:21:55Z
2026-09-19T19:18:14Z,2026-09-19T21:18:14+0200,626cbb1e-1fe0-4540-94c7-9134fab531b6,2026-09-16T18:00:00Z,2026-09-16T20:00:00+0200,173.53,EUR/MWh,DK2,DK_2,imbalance_price,Short,2026-09-19T19:21:55Z
2026-09-19T19:18:14Z,2026-09-19T21:18:14+0200,626cbb1e-1fe0-4540-94c7-9134fab531b6,2026-09-16T18:15:00Z,2026-09-16T20:15:00+0200,155.91,EUR/MWh,DK2,DK_2,imbalance_price,Long,2026-09-19T19:21:55Z
2026-09-19T19:18:14Z,2026-09-19T21:18:14+0200,626cbb1e-1fe0-4540-94c7-9134fab531b6,2026-09-16T18:15:00Z,2026-09-16T20:15:00+0200,155.91,EUR/MWh,DK2,DK_2,imbalance_price,Short,2026-09-19T19:21:55Z
2026-09-19T19:18:14Z,2026-09-19T21:18:14+0200,626cbb1e-1fe0-4540-94c7-9134fab531b6,2026-09-16T18:30:00Z,2026-09-16T20:30:00+0200,238.31,EUR/MWh,DK2,DK_2,imbalance_price,Long,2026-09-19T19:21:55Z
2026-09-19T19:18:14Z,2026-09-19T21:18:14+0200,626cbb1e-1fe0-4540-94c7-9134fab531b6,2026-09-16T18:30:00Z,2026-09-16T20:30:00+0200,238.31,EUR/MWh,DK2,DK_2,imbalance_price,Short,2026-09-19T19:21:55Z
2026-09-19T19:18:14Z,2026-09-19T21:18:14+0200,626cbb1e-1fe0-4540-94c7-9134fab531b6,2026-09-16T18:45:00Z,2026-09-16T20:45:00+0200,233.05,EUR/MWh,DK2,DK_2,imbalance_price,Long,2026-09-19T19:21:55Z
2026-09-19T19:18:14Z,2026-09-19T21:18:14+0200,626cbb1e-1fe0-4540-94c7-9134fab531b6,2026-09-16T18:45:00Z,2026-09-16T20:45:00+0200,233.05,EUR/MWh,DK2,DK_2,imbalance_price,Short,2026-09-19T19:21:55Z
2026-09-19T19:18:14Z,2026-09-19T21:18:14+0200,626cbb1e-1fe0-4540-94c7-9134fab531b6,2026-09-16T19:00:00Z,2026-09-16T21:00:00+0200,235.89,EUR/MWh,DK2,DK_2,imbalance_price,Long,2026-09-19T19:21:55Z
2026-09-19T19:18:14Z,2026-09-19T21:18:14+0200,626cbb1e-1fe0-4540-94c7-9134fab531b6,2026-09-16T19:00:00Z,2026-09-16T21:00:00+0200,235.89,EUR/MWh,DK2,DK_2,imbalance_price,Short,2026-09-19T19:21:55Z
2026-09-19T19:18:14Z,2026-09-19T21:18:14+0200,626cbb1e-1fe0-4540-94c7-9134fab531b6,2026-09-16T19:15:00Z,2026-09-16T21:15:00+0200,307.55,EUR/MWh,DK2,DK_2,imbalance_price,Long,2026-09-19T19:21:55Z
2026-09-19T19:18:14Z,2026-09-19T21:18:14+0200,626cbb1e-1fe0-4540-94c7-9134fab531b6,2026-09-16T19:15:00Z,2026-09-16T21:15:00+0200,307.55,EUR/MWh,DK2,DK_2,imbalance_price,Short,2026-09-19T19:21:55Z
2026-09-19T19:18:14Z,2026-09-19T21:18:14+0200,626cbb1e-1fe0-4540-94c7-9134fab531b6,2026-09-16T19:30:00Z,2026-09-16T21:30:00+0200,215.27,EUR/MWh,DK2,DK_2,imbalance_price,Long,2026-09-19T19:21:55Z
2026-09-19T19:18:14Z,2026-09-19T21:18:14+0200,626cbb1e-1fe0-4540-94c7-9134fab531b6,2026-09-16T19:30:00Z,2026-09-16T21:30:00+0200,215.27,EUR/MWh,DK2,DK_2,imbalance_price,Short,2026-09-19T19:21:55Z
2026-09-19T19:18:14Z,2026-09-19T21:18:14+0200,626cbb1e-1fe0-4540-94c7-9134fab531b6,2026-09-16T19:45:00Z,2026-09-16T21:45:00+0200,202.77,EUR/MWh,DK2,DK_2,imbalance_price,Long,2026-09-19T19:21:55Z
2026-09-19T19:18:14Z,2026-09-19T21:18:14+0200,626cbb1e-1fe0-4540-94c7-9134fab531b6,2026-09-16T19:45:00Z,2026-09-16T21:45:00+0200,202.77,EUR/MWh,DK2,DK_2,imbalance_price,Short,2026-09-19T19:21:55Z
2026-09-19T19:18:14Z,2026-09-19T21:18:14+0200,626cbb1e-1fe0-4540-94c7-9134fab531b6,2026-09-16T20:00:00Z,2026-09-16T22:00:00+0200,151.92,EUR/MWh,DK2,DK_2,imbalance_price,Long,2026-09-19T19:21:55Z
2026-09-19T19:18:14Z,2026-09-19T21:18:14+0200,626cbb1e-1fe0-4540-94c7-9134fab531b6,2026-09-16T20:00:00Z,2026-09-16T22:00:00+0200,151.92,EUR/MWh,DK2,DK_2,imbalance_price,Short,2026-09-19T19:21:55Z
2026-09-19T19:18:14Z,2026-09-19T21:18:14+0200,626cbb1e-1fe0-4540-94c7-9134fab531b6,2026-09-16T20:15:00Z,2026-09-16T22:15:00+0200,127.02,EUR/MWh,DK2,DK_2,imbalance_price,Long,2026-09-19T19:21:55Z
2026-09-19T19:18:14Z,2026-09-19T21:18:14+0200,626cbb1e-1fe0-4540-94c7-9134fab531b6,2026-09-16T20:15:00Z,2026-09-16T22:15:00+0200,127.02,EUR/MWh,DK2,DK_2,imbalance_price,Short,2026-09-19T19:21:55Z
2026-09-19T19:18:14Z,2026-09-19T21:18:14+0200,626cbb1e-1fe0-4540-94c7-9134fab531b6,2026-09-16T20:30:00Z,2026-09-16T22:30:00+0200,189.67,EUR/MWh,DK2,DK_2,imbalance_price,Long,2026-09-19T19:21:55Z
2026-09-19T19:18:14Z,2026-09-19T21:18:14+0200,626cbb1e-1fe0-4540-94c7-9134fab531b6,2026-09-16T20:30:00Z,2026-09-16T22:30:00+0200,189.67,EUR/MWh,DK2,DK_2,imbalance_price,Short,2026-09-19T19:21:55Z
2026-09-19T19:18:14Z,2026-09-19T21:18:14+0200,626cbb1e-1fe0-4540-94c7-9134fab531b6,2026-09-16T20:45:00Z,2026-09-16T22:45:00+0200,187.98,EUR/MWh,DK2,DK_2,imbalance_price,Long,2026-09-19T19:21:55Z
2026-09-19T19:18:14Z,2026-09-19T21:18:14+0200,626cbb1e-1fe0-4540-94c7-9134fab531b6,2026-09-16T20:45:00Z,2026-09-16T22:45:00+0200,187.98,EUR/MWh,DK2,DK_2,imbalance_price,Short,2026-09-19T19:21:55Z
2026-09-19T19:18:14Z,2026-09-19T21:18:14+0200,626cbb1e-1fe0-4540-94c7-9134fab531b6,2026-09-16T21:00:00Z,2026-09-16T23:00:00+0200,122.64,EUR/MWh,DK2,DK_2,imbalance_price,Long,2026-09-19T19:21:55Z
2026-09-19T19:18:14Z,2026-09-19T21:18:14+0200,626cbb1e-1fe0-4540-94c7-9134fab531b6,2026-09-16T21:00:00Z,2026-09-16T23:00:00+0200,122.64,EUR/MWh,DK2,DK_2,imbalance_price,Short,2026-09-19T19:21:55Z
2026-09-19T19:18:14Z,2026-09-19T21:18:14+0200,626cbb1e-1fe0-4540-94c7-9134fab531b6,2026-09-16T21:15:00Z,2026-09-16T23:15:00+0200,120.39,EUR/MWh,DK2,DK_2,imbalance_price,Long,2026-09-19T19:21:55Z
2026-09-19T19:18:14Z,2026-09-19T21:18:14+0200,626cbb1e-1fe0-4540-94c7-9134fab531b6,2026-09-16T21:15:00Z,2026-09-16T23:15:00+0200,120.39,EUR/MWh,DK2,DK_2,imbalance_price,Short,2026-09-19T19:21:55Z
2026-09-19T19:18:14Z,2026-09-19T21:18:14+0200,626cbb1e-1fe0-4540-94c7-9134fab531b6,2026-09-16T21:30:00Z,2026-09-16T23:30:00+0200,120.39,EUR/MWh,DK2,DK_2,imbalance_price,Long,2026-09-19T19:21:55Z
2026-09-19T19:18:14Z,2026-09-19T21:18:14+0200,626cbb1e-1fe0-4540-94c7-9134fab531b6,2026-09-16T21:30:00Z,2026-09-16T23:30:00+0200,120.39,EUR/MWh,DK2,DK_2,imbalance_price,Short,2026-09-19T19:21:55Z
2026-09-19T19:18:14Z,2026-09-19T21:18:14+0200,626cbb1e-1fe0-4540-94c7-9134fab531b6,2026-09-16T21:45:00Z,2026-09-16T23:45:00+0200,167.81,EUR/MWh,DK2,DK_2,imbalance_price,Long,2026-09-19T19:21:55Z
2026-09-19T19:18:14Z,2026-09-19T21:18:14+0200,626cbb1e-1fe0-4540-94c7-9134fab531b6,2026-09-16T21:45:00Z,2026-09-16T23:45:00+0200,167.81,EUR/MWh,DK2,DK_2,imbalance_price,Short,2026-09-19T19:21:55Z
2026-09-19T19:18:14Z,2026-09-19T21:18:14+0200,626cbb1e-1fe0-4540-94c7-9134fab531b6,2026-09-16T22:00:00Z,2026-09-17T00:00:00+0200,178.43,EUR/MWh,DK2,DK_2,imbalance_price,Long,2026-09-19T19:21:55Z
2026-09-19T19:18:14Z,2026-09-19T21:18:14+0200,626cbb1e-1fe0-4540-94c7-9134fab531b6,2026-09-16T22:00:00Z,2026-09-17T00:00:00+0200,178.43,EUR/MWh,DK2,DK_2,imbalance_price,Short,2026-09-19T19:21:55Z
2026-09-19T19:18:14Z,2026-09-19T21:18:14+0200,626cbb1e-1fe0-4540-94c7-9134fab531b6,2026-09-16T22:15:00Z,2026-09-17T00:15:00+0200,165.18,EUR/MWh,DK2,DK_2,imbalance_price,Long,2026-09-19T19:21:55Z
2026-09-19T19:18:14Z,2026-09-19T21:18:14+0200,626cbb1e-1fe0-4540-94c7-9134fab531b6,2026-09-16T22:15:00Z,2026-09-17T00:15:00+0200,165.18,EUR/MWh,DK2,DK_2,imbalance_price,Short,2026-09-19T19:21:55Z
2026-09-19T19:18:14Z,2026-09-19T21:18:14+0200,626cbb1e-1fe0-4540-94c7-9134fab531b6,2026-09-16T22:30:00Z,2026-09-17T00:30:00+0200,314.37,EUR/MWh,DK2,DK_2,imbalance_price,Long,2026-09-19T19:21:55Z
2026-09-19T19:18:14Z,2026-09-19T21:18:14+0200,626cbb1e-1fe0-4540-94c7-9134fab531b6,2026-09-16T22:30:00Z,2026-09-17T00:30:00+0200,314.37,EUR/MWh,DK2,DK_2,imbalance_price,Short,2026-09-19T19:21:55Z
2026-09-19T19:18:14Z,2026-09-19T21:18:14+0200,626cbb1e-1fe0-4540-94c7-9134fab531b6,2026-09-16T22:45:00Z,2026-09-17T00:45:00+0200,162.57,EUR/MWh,DK2,DK_2,imbalance_price,Long,2026-09-19T19:21:55Z
2026-09-19T19:18:14Z,2026-09-19T21:18:14+0200,626cbb1e-1fe0-4540-94c7-9134fab531b6,2026-09-16T22:45:00Z,2026-09-17T00:45:00+0200,162.57,EUR/MWh,DK2,DK_2,imbalance_price,Short,2026-09-19T19:21:55Z
2026-09-19T19:18:14Z,2026-09-19T21:18:14+0200,626cbb1e-1fe0-4540-94c7-9134fab531b6,2026-09-16T23:00:00Z,2026-09-17T01:00:00+0200,123.63,EUR/MWh,DK2,DK_2,imbalance_price,Long,2026-09-19T19:21:55Z
2026-09-19T19:18:14Z,2026-09-19T21:18:14+0200,626cbb1e-1fe0-4540-94c7-9134fab531b6,2026-09-16T23:00:00Z,2026-09-17T01:00:00+0200,123.63,EUR/MWh,DK2,DK_2,imbalance_price,Short,2026-09-19T19:21:55Z
2026-09-19T19:18:14Z,2026-09-19T21:18:14+0200,626cbb1e-1fe0-4540-94c7-9134fab531b6,2026-09-16T23:15:00Z,2026-09-17T01:15:00+0200,92.23,EUR/MWh,DK2,DK_2,imbalance_price,Long,2026-09-19T19:21:55Z
2026-09-19T19:18:14Z,2026-09-19T21:18:14+0200,626cbb1e-1fe0-4540-94c7-9134fab531b6,2026-09-16T23:15:00Z,2026-09-17T01:15:00+0200,92.23,EUR/MWh,DK2,DK_2,imbalance_price,Short,2026-09-19T19:21:55Z
2026-09-19T19:18:14Z,2026-09-19T21:18:14+0200,626cbb1e-1fe0-4540-94c7-9134fab531b6,2026-09-16T23:30:00Z,2026-09-17T01:30:00+0200,167.13,EUR/MWh,DK2,DK_2,imbalance_price,Long,2026-09-19T19:21:55Z
2026-09-19T19:18:14Z,2026-09-19T21:18:14+0200,626cbb1e-1fe0-4540-94c7-9134fab531b6,2026-09-16T23:30:00Z,2026-09-17T01:30:00+0200,167.13,EUR/MWh,DK2,DK_2,imbalance_price,Short,2026-09-19T19:21:55Z
2026-09-19T19:18:14Z,2026-09-19T21:18:14+0200,626cbb1e-1fe0-4540-94c7-9134fab531b6,2026-09-16T23:45:00Z,2026-09-17T01:45:00+0200,320.93,EUR/MWh,DK2,DK_2,imbalance_price,Long,2026-09-19T19:21:55Z
2026-09-19T19:18:14Z,2026-09-19T21:18:14+0200,626cbb1e-1fe0-4540-94c7-9134fab531b6,2026-09-16T23:45:00Z,2026-09-17T01:45:00+0200,320.93,EUR/MWh,DK2,DK_2,imbalance_price,Short,2026-09-19T19:21:55Z
2026-09-19T19:18:14Z,2026-09-19T21:18:14+0200,626cbb1e-1fe0-4540-94c7-9134fab531b6,2026-09-17T00:00:00Z,2026-09-17T02:00:00+0200,165.06,EUR/MWh,DK2,DK_2,imbalance_price,Long,2026-09-19T19:21:55Z
2026-09-19T19:18:14Z,2026-09-19T21:18:14+0200,626cbb1e-1fe0-4540-94c7-9134fab531b6,2026-09-17T00:00:00Z,2026-09-17T02:00:00+0200,165.06,EUR/MWh,DK2,DK_2,imbalance_price,Short,2026-09-19T19:21:55Z
2026-09-19T19:18:14Z,2026-09-19T21:18:14+0200,626cbb1e-1fe0-4540-94c7-9134fab531b6,2026-09-17T00:15:00Z,2026-09-17T02:15:00+0200,143.0,EUR/MWh,DK2,DK_2,imbalance_price,Long,2026-09-19T19:21:55Z
2026-09-19T19:18:14Z,2026-09-19T21:18:14+0200,626cbb1e-1fe0-4540-94c7-9134fab531b6,2026-09-17T00:15:00Z,2026-09-17T02:15:00+0200,143.0,EUR/MWh,DK2,DK_2,imbalance_price,Short,2026-09-19T19:21:55Z
2026-09-19T19:18:14Z,2026-09-19T21:18:14+0200,626cbb1e-1fe0-4540-94c7-9134fab531b6,2026-09-17T00:30:00Z,2026-09-17T02:30:00+0200,227.6,EUR/MWh,DK2,DK_2,imbalance_price,Long,2026-09-19T19:21:55Z
2026-09-19T19:18:14Z,2026-09-19T21:18:14+0200,626cbb1e-1fe0-4540-94c7-9134fab531b6,2026-09-17T00:30:00Z,2026-09-17T02:30:00+0200,227.6,EUR/MWh,DK2,DK_2,imbalance_price,Short,2026-09-19T19:21:55Z
2026-09-19T19:18:14Z,2026-09-19T21:18:14+0200,626cbb1e-1fe0-4540-94c7-9134fab531b6,2026-09-17T00:45:00Z,2026-09-17T02:45:00+0200,167.53,EUR/MWh,DK2,DK_2,imbalance_price,Long,2026-09-19T19:21:55Z
2026-09-19T19:18:14Z,2026-09-19T21:18:14+0200,626cbb1e-1fe0-4540-94c7-9134fab531b6,2026-09-17T00:45:00Z,2026-09-17T02:45:00+0200,167.53,EUR/MWh,DK2,DK_2,imbalance_price,Short,2026-09-19T19:21:55Z
2026-09-19T19:18:14Z,2026-09-19T21:18:14+0200,626cbb1e-1fe0-4540-94c7-9134fab531b6,2026-09-17T01:00:00Z,2026-09-17T03:00:00+0200,158.11,EUR/MWh,DK2,DK_2,imbalance_price,Long,2026-09-19T19:21:55Z
2026-09-19T19:18:14Z,2026-09-19T21:18:14+0200,626cbb1e-1fe0-4540-94c7-9134fab531b6,2026-09-17T01:00:00Z,2026-09-17T03:00:00+0200,158.11,EUR/MWh,DK2,DK_2,imbalance_price,Short,2026-09-19T19:21:55Z
2026-09-19T19:18:14Z,2026-09-19T21:18:14+0200,626cbb1e-1fe0-4540-94c7-9134fab531b6,2026-09-17T01:15:00Z,2026-09-17T03:15:00+0200,158.24,EUR/MWh,DK2,DK_2,imbalance_price,Long,2026-09-19T19:21:55Z
2026-09-19T19:18:14Z,2026-09-19T21:18:14+0200,626cbb1e-1fe0-4540-94c7-9134fab531b6,2026-09-17T01:15:00Z,2026-09-17T03:15:00+0200,158.24,EUR/MWh,DK2,DK_2,imbalance_price,Short,2026-09-19T19:21:55Z
2026-09-19T19:18:14Z,2026-09-19T21:18:14+0200,626cbb1e-1fe0-4540-94c7-9134fab531b6,2026-09-17T01:30:00Z,2026-09-17T03:30:00+0200,158.48,EUR/MWh,DK2,DK_2,imbalance_price,Long,2026-09-19T19:21:55Z
2026-09-19T19:18:14Z,2026-09-19T21:18:14+0200,626cbb1e-1fe0-4540-94c7-9134fab531b6,2026-09-17T01:30:00Z,2026-09-17T03:30:00+0200,158.48,EUR/MWh,DK2,DK_2,imbalance_price,Short,2026-09-19T19:21:55Z
2026-09-19T19:18:14Z,2026-09-19T21:18:14+0200,626cbb1e-1fe0-4540-94c7-9134fab531b6,2026-09-17T01:45:00Z,2026-09-17T03:45:00+0200,158.21,EUR/MWh,DK2,DK_2,imbalance_price,Long,2026-09-19T19:21:55Z
2026-09-19T19:18:14Z,2026-09-19T21:18:14+0200,626cbb1e-1fe0-4540-94c7-9134fab531b6,2026-09-17T01:45:00Z,2026-09-17T03:45:00+0200,158.21,EUR/MWh,DK2,DK_2,imbalance_price,Short,2026-09-19T19:21:55Z
2026-09-19T19:18:14Z,2026-09-19T21:18:14+0200,626cbb1e-1fe0-4540-94c7-9134fab531b6,2026-09-17T02:00:00Z,2026-09-17T04:00:00+0200,129.4,EUR/MWh,DK2,DK_2,imbalance_price,Long,2026-09-19T19:21:55Z
2026-09-19T19:18:14Z,2026-09-19T21:18:14+0200,626cbb1e-1fe0-4540-94c7-9134fab531b6,2026-09-17T02:00:00Z,2026-09-17T04:00:00+0200,129.4,EUR/MWh,DK2,DK_2,imbalance_price,Short,2026-09-19T19:21:55Z
2026-09-19T19:18:14Z,2026-09-19T21:18:14+0200,626cbb1e-1fe0-4540-94c7-9134fab531b6,2026-09-17T02:15:00Z,2026-09-17T04:15:00+0200,160.43,EUR/MWh,DK2,DK_2,imbalance_price,Long,2026-09-19T19:21:55Z
2026-09-19T19:18:14Z,2026-09-19T21:18:14+0200,626cbb1e-1fe0-4540-94c7-9134fab531b6,2026-09-17T02:15:00Z,2026-09-17T04:15:00+0200,160.43,EUR/MWh,DK2,DK_2,imbalance_price,Short,2026-09-19T19:21:55Z
2026-09-19T19:18:14Z,2026-09-19T21:18:14+0200,626cbb1e-1fe0-4540-94c7-9134fab531b6,2026-09-17T02:30:00Z,2026-09-17T04:30:00+0200,164.7,EUR/MWh,DK2,DK_2,imbalance_price,Long,2026-09-19T19:21:55Z
2026-09-19T19:18:14Z,2026-09-19T21:18:14+0200,626cbb1e-1fe0-4540-94c7-9134fab531b6,2026-09-17T02:30:00Z,2026-09-17T04:30:00+0200,164.7,EUR/MWh,DK2,DK_2,imbalance_price,Short,2026-09-19T19:21:55Z
2026-09-19T19:18:14Z,2026-09-19T21:18:14+0200,626cbb1e-1fe0-4540-94c7-9134fab531b6,2026-09-17T02:45:00Z,2026-09-17T04:45:00+0200,80.02,EUR/MWh,DK2,DK_2,imbalance_price,Long,2026-09-19T19:21:55Z
2026-09-19T19:18:14Z,2026-09-19T21:18:14+0200,626cbb1e-1fe0-4540-94c7-9134fab531b6,2026-09-17T02:45:00Z,2026-09-17T04:45:00+0200,80.02,EUR/MWh,DK2,DK_2,imbalance_price,Short,2026-09-19T19:21:55Z
2026-09-19T19:18:14Z,2026-09-19T21:18:14+0200,626cbb1e-1fe0-4540-94c7-9134fab531b6,2026-09-17T03:00:00Z,2026-09-17T05:00:00+0200,102.79,EUR/MWh,DK2,DK_2,imbalance_price,Long,2026-09-19T19:21:55Z
2026-09-19T19:18:14Z,2026-09-19T21:18:14+0200,626cbb1e-1fe0-4540-94c7-9134fab531b6,2026-09-17T03:00:00Z,2026-09-17T05:00:00+0200,102.79,EUR/MWh,DK2,DK_2,imbalance_price,Short,2026-09-19T19:21:55Z
2026-09-19T19:18:14Z,2026-09-19T21:18:14+0200,626cbb1e-1fe0-4540-94c7-9134fab531b6,2026-09-17T03:15:00Z,2026-09-17T05:15:00+0200,113.11,EUR/MWh,DK2,DK_2,imbalance_price,Long,2026-09-19T19:21:55Z
2026-09-19T19:18:14Z,2026-09-19T21:18:14+0200,626cbb1e-1fe0-4540-94c7-9134fab531b6,2026-09-17T03:15:00Z,2026-09-17T05:15:00+0200,113.11,EUR/MWh,DK2,DK_2,imbalance_price,Short,2026-09-19T19:21:55Z
2026-09-19T19:18:14Z,2026-09-19T21:18:14+0200,626cbb1e-1fe0-4540-94c7-9134fab531b6,2026-09-17T03:30:00Z,2026-09-17T05:30:00+0200,165.55,EUR/MWh,DK2,DK_2,imbalance_price,Long,2026-09-19T19:21:55Z
2026-09-19T19:18:14Z,2026-09-19T21:18:14+0200,626cbb1e-1fe0-4540-94c7-9134fab531b6,2026-09-17T03:30:00Z,2026-09-17T05:30:00+0200,165.55,EUR/MWh,DK2,DK_2,imbalance_price,Short,2026-09-19T19:21:55Z
2026-09-19T19:18:14Z,2026-09-19T21:18:14+0200,626cbb1e-1fe0-4540-94c7-9134fab531b6,2026-09-17T03:45:00Z,2026-09-17T05:45:00+0200,669.0,EUR/MWh,DK2,DK_2,imbalance_price,Long,2026-09-19T19:21:55Z
2026-09-19T19:18:14Z,2026-09-19T21:18:14+0200,626cbb1e-1fe0-4540-94c7-9134fab531b6,2026-09-17T03:45:00Z,2026-09-17T05:45:00+0200,669.0,EUR/MWh,DK2,DK_2,imbalance_price,Short,2026-09-19T19:21:55Z
2026-09-19T19:18:14Z,2026-09-19T21:18:14+0200,626cbb1e-1fe0-4540-94c7-9134fab531b6,2026-09-17T04:00:00Z,2026-09-17T06:00:00+0200,161.36,EUR/MWh,DK2,DK_2,imbalance_price,Long,2026-09-19T19:21:55Z
2026-09-19T19:18:14Z,2026-09-19T21:18:14+0200,626cbb1e-1fe0-4540-94c7-9134fab531b6,2026-09-17T04:00:00Z,2026-09-17T06:00:00+0200,161.36,EUR/MWh,DK2,DK_2,imbalance_price,Short,2026-09-19T19:21:55Z
2026-09-19T19:18:14Z,2026-09-19T21:18:14+0200,626cbb1e-1fe0-4540-94c7-9134fab531b6,2026-09-17T04:15:00Z,2026-09-17T06:15:00+0200,167.42,EUR/MWh,DK2,DK_2,imbalance_price,Long,2026-09-19T19:21:55Z
2026-09-19T19:18:14Z,2026-09-19T21:18:14+0200,626cbb1e-1fe0-4540-94c7-9134fab531b6,2026-09-17T04:15:00Z,2026-09-17T06:15:00+0200,167.42,EUR/MWh,DK2,DK_2,imbalance_price,Short,2026-09-19T19:21:55Z
2026-09-19T19:18:14Z,2026-09-19T21:18:14+0200,626cbb1e-1fe0-4540-94c7-9134fab531b6,2026-09-17T04:30:00Z,2026-09-17T06:30:00+0200,174.74,EUR/MWh,DK2,DK_2,imbalance_price,Long,2026-09-19T19:21:55Z
2026-09-19T19:18:14Z,2026-09-19T21:18:14+0200,626cbb1e-1fe0-4540-94c7-9134fab531b6,2026-09-17T04:30:00Z,2026-09-17T06:30:00+0200,174.74,EUR/MWh,DK2,DK_2,imbalance_price,Short,2026-09-19T19:21:55Z
2026-09-19T19:18:14Z,2026-09-19T21:18:14+0200,626cbb1e-1fe0-4540-94c7-9134fab531b6,2026-09-17T04:45:00Z,2026-09-17T06:45:00+0200,176.54,EUR/MWh,DK2,DK_2,imbalance_price,Long,2026-09-19T19:21:55Z
2026-09-19T19:18:14Z,2026-09-19T21:18:14+0200,626cbb1e-1fe0-4540-94c7-9134fab531b6,2026-09-17T04:45:00Z,2026-09-17T06:45:00+0200,176.54,EUR/MWh,DK2,DK_2,imbalance_price,Short,2026-09-19T19:21:55Z
2026-09-19T19:18:14Z,2026-09-19T21:18:14+0200,626cbb1e-1fe0-4540-94c7-9134fab531b6,2026-09-17T05:00:00Z,2026-09-17T07:00:00+0200,184.56,EUR/MWh,DK2,DK_2,imbalance_price,Long,2026-09-19T19:21:55Z
2026-09-19T19:18:14Z,2026-09-19T21:18:14+0200,626cbb1e-1fe0-4540-94c7-9134fab531b6,2026-09-17T05:00:00Z,2026-09-17T07:00:00+0200,184.56,EUR/MWh,DK2,DK_2,imbalance_price,Short,2026-09-19T19:21:55Z
2026-09-19T19:18:14Z,2026-09-19T21:18:14+0200,626cbb1e-1fe0-4540-94c7-9134fab531b6,2026-09-17T05:15:00Z,2026-09-17T07:15:00+0200,183.7,EUR/MWh,DK2,DK_2,imbalance_price,Long,2026-09-19T19:21:55Z
2026-09-19T19:18:14Z,2026-09-19T21:18:14+0200,626cbb1e-1fe0-4540-94c7-9134fab531b6,2026-09-17T05:15:00Z,2026-09-17T07:15:00+0200,183.7,EUR/MWh,DK2,DK_2,imbalance_price,Short,2026-09-19T19:21:55Z
2026-09-19T19:18:14Z,2026-09-19T21:18:14+0200,626cbb1e-1fe0-4540-94c7-9134fab531b6,2026-09-17T05:30:00Z,2026-09-17T07:30:00+0200,98.89,EUR/MWh,DK2,DK_2,imbalance_price,Long,2026-09-19T19:21:55Z
2026-09-19T19:18:14Z,2026-09-19T21:18:14+0200,626cbb1e-1fe0-4540-94c7-9134fab531b6,2026-09-17T05:30:00Z,2026-09-17T07:30:00+0200,98.89,EUR/MWh,DK2,DK_2,imbalance_price,Short,2026-09-19T19:21:55Z
2026-09-19T19:18:14Z,2026-09-19T21:18:14+0200,626cbb1e-1fe0-4540-94c7-9134fab531b6,2026-09-17T05:45:00Z,2026-09-17T07:45:00+0200,189.07,EUR/MWh,DK2,DK_2,imbalance_price,Long,2026-09-19T19:21:55Z
2026-09-19T19:18:14Z,2026-09-19T21:18:14+0200,626cbb1e-1fe0-4540-94c7-9134fab531b6,2026-09-17T05:45:00Z,2026-09-17T07:45:00+0200,189.07,EUR/MWh,DK2,DK_2,imbalance_price,Short,2026-09-19T19:21:55Z
2026-09-19T19:18:14Z,2026-09-19T21:18:14+0200,626cbb1e-1fe0-4540-94c7-9134fab531b6,2026-09-17T06:00:00Z,2026-09-17T08:00:00+0200,215.93,EUR/MWh,DK2,DK_2,imbalance_price,Long,2026-09-19T19:21:55Z
2026-09-19T19:18:14Z,2026-09-19T21:18:14+0200,626cbb1e-1fe0-4540-94c7-9134fab531b6,2026-09-17T06:00:00Z,2026-09-17T08:00:00+0200,215.93,EUR/MWh,DK2,DK_2,imbalance_price,Short,2026-09-19T19:21:55Z
2026-09-19T19:18:14Z,2026-09-19T21:18:14+0200,626cbb1e-1fe0-4540-94c7-9134fab531b6,2026-09-17T06:15:00Z,2026-09-17T08:15:00+0200,203.38,EUR/MWh,DK2,DK_2,imbalance_price,Long,2026-09-19T19:21:55Z
2026-09-19T19:18:14Z,2026-09-19T21:18:14+0200,626cbb1e-1fe0-4540-94c7-9134fab531b6,2026-09-17T06:15:00Z,2026-09-17T08:15:00+0200,203.38,EUR/MWh,DK2,DK_2,imbalance_price,Short,2026-09-19T19:21:55Z
2026-09-19T19:18:14Z,2026-09-19T21:18:14+0200,626cbb1e-1fe0-4540-94c7-9134fab531b6,2026-09-17T06:30:00Z,2026-09-17T08:30:00+0200,82.59,EUR/MWh,DK2,DK_2,imbalance_price,Long,2026-09-19T19:21:55Z
2026-09-19T19:18:14Z,2026-09-19T21:18:14+0200,626cbb1e-1fe0-4540-94c7-9134fab531b6,2026-09-17T06:30:00Z,2026-09-17T08:30:00+0200,82.59,EUR/MWh,DK2,DK_2,imbalance_price,Short,2026-09-19T19:21:55Z
2026-09-19T19:18:14Z,2026-09-19T21:18:14+0200,626cbb1e-1fe0-4540-94c7-9134fab531b6,2026-09-17T06:45:00Z,2026-09-17T08:45:00+0200,50.0,EUR/MWh,DK2,DK_2,imbalance_price,Long,2026-09-19T19:21:55Z
2026-09-19T19:18:14Z,2026-09-19T21:18:14+0200,626cbb1e-1fe0-4540-94c7-9134fab531b6,2026-09-17T06:45:00Z,2026-09-17T08:45:00+0200,50.0,EUR/MWh,DK2,DK_2,imbalance_price,Short,2026-09-19T19:21:55Z
2026-09-19T19:18:14Z,2026-09-19T21:18:14+0200,626cbb1e-1fe0-4540-94c7-9134fab531b6,2026-09-17T07:00:00Z,2026-09-17T09:00:00+0200,86.49,EUR/MWh,DK2,DK_2,imbalance_price,Long,2026-09-19T19:21:55Z
2026-09-19T19:18:14Z,2026-09-19T21:18:14+0200,626cbb1e-1fe0-4540-94c7-9134fab531b6,2026-09-17T07:00:00Z,2026-09-17T09:00:00+0200,86.49,EUR/MWh,DK2,DK_2,imbalance_price,Short,2026-09-19T19:21:55Z
2026-09-19T19:18:14Z,2026-09-19T21:18:14+0200,626cbb1e-1fe0-4540-94c7-9134fab531b6,2026-09-17T07:15:00Z,2026-09-17T09:15:00+0200,74.87,EUR/MWh,DK2,DK_2,imbalance_price,Long,2026-09-19T19:21:55Z
2026-09-19T19:18:14Z,2026-09-19T21:18:14+0200,626cbb1e-1fe0-4540-94c7-9134fab531b6,2026-09-17T07:15:00Z,2026-09-17T09:15:00+0200,74.87,EUR/MWh,DK2,DK_2,imbalance_price,Short,2026-09-19T19:21:55Z
2026-09-19T19:18:14Z,2026-09-19T21:18:14+0200,626cbb1e-1fe0-4540-94c7-9134fab531b6,2026-09-17T07:30:00Z,2026-09-17T09:30:00+0200,69.53,EUR/MWh,DK2,DK_2,imbalance_price,Long,2026-09-19T19:21:55Z
2026-09-19T19:18:14Z,2026-09-19T21:18:14+0200,626cbb1e-1fe0-4540-94c7-9134fab531b6,2026-09-17T07:30:00Z,2026-09-17T09:30:00+0200,69.53,EUR/MWh,DK2,DK_2,imbalance_price,Short,2026-09-19T19:21:55Z
2026-09-19T19:18:14Z,2026-09-19T21:18:14+0200,626cbb1e-1fe0-4540-94c7-9134fab531b6,2026-09-17T07:45:00Z,2026-09-17T09:45:00+0200,20.64,EUR/MWh,DK2,DK_2,imbalance_price,Long,2026-09-19T19:21:55Z
2026-09-19T19:18:14Z,2026-09-19T21:18:14+0200,626cbb1e-1fe0-4540-94c7-9134fab531b6,2026-09-17T07:45:00Z,2026-09-17T09:45:00+0200,20.64,EUR/MWh,DK2,DK_2,imbalance_price,Short,2026-09-19T19:21:55Z
2026-09-19T19:18:14Z,2026-09-19T21:18:14+0200,626cbb1e-1fe0-4540-94c7-9134fab531b6,2026-09-17T08:00:00Z,2026-09-17T10:00:00+0200,16.15,EUR/MWh,DK2,DK_2,imbalance_price,Long,2026-09-19T19:21:55Z
2026-09-19T19:18:14Z,2026-09-19T21:18:14+0200,626cbb1e-1fe0-4540-94c7-9134fab531b6,2026-09-17T08:00:00Z,2026-09-17T10:00:00+0200,16.15,EUR/MWh,DK2,DK_2,imbalance_price,Short,2026-09-19T19:21:55Z
2026-09-19T19:18:14Z,2026-09-19T21:18:14+0200,626cbb1e-1fe0-4540-94c7-9134fab531b6,2026-09-17T08:15:00Z,2026-09-17T10:15:00+0200,-1.0,EUR/MWh,DK2,DK_2,imbalance_price,Long,2026-09-19T19:21:55Z
2026-09-19T19:18:14Z,2026-09-19T21:18:14+0200,626cbb1e-1fe0-4540-94c7-9134fab531b6,2026-09-17T08:15:00Z,2026-09-17T10:15:00+0200,-1.0,EUR/MWh,DK2,DK_2,imbalance_price,Short,2026-09-19T19:21:55Z
2026-09-19T19:18:14Z,2026-09-19T21:18:14+0200,626cbb1e-1fe0-4540-94c7-9134fab531b6,2026-09-17T08:30:00Z,2026-09-17T10:30:00+0200,-1.23,EUR/MWh,DK2,DK_2,imbalance_price,Long,2026-09-19T19:21:55Z
2026-09-19T19:18:14Z,2026-09-19T21:18:14+0200,626cbb1e-1fe0-4540-94c7-9134fab531b6,2026-09-17T08:30:00Z,2026-09-17T10:30:00+0200,-1.23,EUR/MWh,DK2,DK_2,imbalance_price,Short,2026-09-19T19:21:55Z
2026-09-19T19:18:14Z,2026-09-19T21:18:14+0200,626cbb1e-1fe0-4540-94c7-9134fab531b6,2026-09-17T08:45:00Z,2026-09-17T10:45:00+0200,-4.35,EUR/MWh,DK2,DK_2,imbalance_price,Long,2026-09-19T19:21:55Z
2026-09-19T19:18:14Z,2026-09-19T21:18:14+0200,626cbb1e-1fe0-4540-94c7-9134fab531b6,2026-09-17T08:45:00Z,2026-09-17T10:45:00+0200,-4.35,EUR/MWh,DK2,DK_2,imbalance_price,Short,2026-09-19T19:21:55Z
2026-09-19T19:18:14Z,2026-09-19T21:18:14+0200,626cbb1e-1fe0-4540-94c7-9134fab531b6,2026-09-17T09:00:00Z,2026-09-17T11:00:00+0200,-2.0,EUR/MWh,DK2,DK_2,imbalance_price,Long,2026-09-19T19:21:55Z
2026-09-19T19:18:14Z,2026-09-19T21:18:14+0200,626cbb1e-1fe0-4540-94c7-9134fab531b6,2026-09-17T09:00:00Z,2026-09-17T11:00:00+0200,-2.0,EUR/MWh,DK2,DK_2,imbalance_price,Short,2026-09-19T19:21:55Z
2026-09-19T19:18:14Z,2026-09-19T21:18:14+0200,626cbb1e-1fe0-4540-94c7-9134fab531b6,2026-09-17T09:15:00Z,2026-09-17T11:15:00+0200,-3.56,EUR/MWh,DK2,DK_2,imbalance_price,Long,2026-09-19T19:21:55Z
2026-09-19T19:18:14Z,2026-09-19T21:18:14+0200,626cbb1e-1fe0-4540-94c7-9134fab531b6,2026-09-17T09:15:00Z,2026-09-17T11:15:00+0200,-3.56,EUR/MWh,DK2,DK_2,imbalance_price,Short,2026-09-19T19:21:55Z
2026-09-19T19:18:14Z,2026-09-19T21:18:14+0200,626cbb1e-1fe0-4540-94c7-9134fab531b6,2026-09-17T09:30:00Z,2026-09-17T11:30:00+0200,-5.0,EUR/MWh,DK2,DK_2,imbalance_price,Long,2026-09-19T19:21:55Z
2026-09-19T19:18:14Z,2026-09-19T21:18:14+0200,626cbb1e-1fe0-4540-94c7-9134fab531b6,2026-09-17T09:30:00Z,2026-09-17T11:30:00+0200,-5.0,EUR/MWh,DK2,DK_2,imbalance_price,Short,2026-09-19T19:21:55Z
2026-09-19T19:18:14Z,2026-09-19T21:18:14+0200,626cbb1e-1fe0-4540-94c7-9134fab531b6,2026-09-17T09:45:00Z,2026-09-17T11:45:00+0200,9.62,EUR/MWh,DK2,DK_2,imbalance_price,Long,2026-09-19T19:21:55Z
2026-09-19T19:18:14Z,2026-09-19T21:18:14+0200,626cbb1e-1fe0-4540-94c7-9134fab531b6,2026-09-17T09:45:00Z,2026-09-17T11:45:00+0200,9.62,EUR/MWh,DK2,DK_2,imbalance_price,Short,2026-09-19T19:21:55Z
2026-09-19T19:18:14Z,2026-09-19T21:18:14+0200,626cbb1e-1fe0-4540-94c7-9134fab531b6,2026-09-17T10:00:00Z,2026-09-17T12:00:00+0200,735.78,EUR/MWh,DK2,DK_2,imbalance_price,Long,2026-09-19T19:21:55Z
2026-09-19T19:18:14Z,2026-09-19T21:18:14+0200,626cbb1e-1fe0-4540-94c7-9134fab531b6,2026-09-17T10:00:00Z,2026-09-17T12:00:00+0200,735.78,EUR/MWh,DK2,DK_2,imbalance_price,Short,2026-09-19T19:21:55Z
2026-09-19T19:18:14Z,2026-09-19T21:18:14+0200,626cbb1e-1fe0-4540-94c7-9134fab531b6,2026-09-17T10:15:00Z,2026-09-17T12:15:00+0200,509.86,EUR/MWh,DK2,DK_2,imbalance_price,Long,2026-09-19T19:21:55Z
2026-09-19T19:18:14Z,2026-09-19T21:18:14+0200,626cbb1e-1fe0-4540-94c7-9134fab531b6,2026-09-17T10:15:00Z,2026-09-17T12:15:00+0200,509.86,EUR/MWh,DK2,DK_2,imbalance_price,Short,2026-09-19T19:21:55Z
2026-09-19T19:18:14Z,2026-09-19T21:18:14+0200,626cbb1e-1fe0-4540-94c7-9134fab531b6,2026-09-17T10:30:00Z,2026-09-17T12:30:00+0200,162.06,EUR/MWh,DK2,DK_2,imbalance_price,Long,2026-09-19T19:21:55Z
2026-09-19T19:18:14Z,2026-09-19T21:18:14+0200,626cbb1e-1fe0-4540-94c7-9134fab531b6,2026-09-17T10:30:00Z,2026-09-17T12:30:00+0200,162.06,EUR/MWh,DK2,DK_2,imbalance_price,Short,2026-09-19T19:21:55Z
2026-09-19T19:18:14Z,2026-09-19T21:18:14+0200,626cbb1e-1fe0-4540-94c7-9134fab531b6,2026-09-17T10:45:00Z,2026-09-17T12:45:00+0200,159.09,EUR/MWh,DK2,DK_2,imbalance_price,Long,2026-09-19T19:21:55Z
2026-09-19T19:18:14Z,2026-09-19T21:18:14+0200,626cbb1e-1fe0-4540-94c7-9134fab531b6,2026-09-17T10:45:00Z,2026-09-17T12:45:00+0200,159.09,EUR/MWh,DK2,DK_2,imbalance_price,Short,2026-09-19T19:21:55Z
2026-09-19T19:18:14Z,2026-09-19T21:18:14+0200,626cbb1e-1fe0-4540-94c7-9134fab531b6,2026-09-17T11:00:00Z,2026-09-17T13:00:00+0200,9.28,EUR/MWh,DK2,DK_2,imbalance_price,Long,2026-09-19T19:21:55Z
2026-09-19T19:18:14Z,2026-09-19T21:18:14+0200,626cbb1e-1fe0-4540-94c7-9134fab531b6,2026-09-17T11:00:00Z,2026-09-17T13:00:00+0200,9.28,EUR/MWh,DK2,DK_2,imbalance_price,Short,2026-09-19T19:21:55Z
2026-09-19T19:18:14Z,2026-09-19T21:18:14+0200,626cbb1e-1fe0-4540-94c7-9134fab531b6,2026-09-17T11:15:00Z,2026-09-17T13:15:00+0200,-19.27,EUR/MWh,DK2,DK_2,imbalance_price,Long,2026-09-19T19:21:55Z
2026-09-19T19:18:14Z,2026-09-19T21:18:14+0200,626cbb1e-1fe0-4540-94c7-9134fab531b6,2026-09-17T11:15:00Z,2026-09-17T13:15:00+0200,-19.27,EUR/MWh,DK2,DK_2,imbalance_price,Short,2026-09-19T19:21:55Z
2026-09-19T19:18:14Z,2026-09-19T21:18:14+0200,626cbb1e-1fe0-4540-94c7-9134fab531b6,2026-09-17T11:30:00Z,2026-09-17T13:30:00+0200,-11.53,EUR/MWh,DK2,DK_2,imbalance_price,Long,2026-09-19T19:21:55Z
2026-09-19T19:18:14Z,2026-09-19T21:18:14+0200,626cbb1e-1fe0-4540-94c7-9134fab531b6,2026-09-17T11:30:00Z,2026-09-17T13:30:00+0200,-11.53,EUR/MWh,DK2,DK_2,imbalance_price,Short,2026-09-19T19:21:55Z
2026-09-19T19:18:14Z,2026-09-19T21:18:14+0200,626cbb1e-1fe0-4540-94c7-9134fab531b6,2026-09-17T11:45:00Z,2026-09-17T13:45:00+0200,-2.07,EUR/MWh,DK2,DK_2,imbalance_price,Long,2026-09-19T19:21:55Z
2026-09-19T19:18:14Z,2026-09-19T21:18:14+0200,626cbb1e-1fe0-4540-94c7-9134fab531b6,2026-09-17T11:45:00Z,2026-09-17T13:45:00+0200,-2.07,EUR/MWh,DK2,DK_2,imbalance_price,Short,2026-09-19T19:21:55Z
2026-09-19T19:18:14Z,2026-09-19T21:18:14+0200,626cbb1e-1fe0-4540-94c7-9134fab531b6,2026-09-17T12:00:00Z,2026-09-17T14:00:00+0200,0.0,EUR/MWh,DK2,DK_2,imbalance_price,Long,2026-09-19T19:21:55Z
2026-09-19T19:18:14Z,2026-09-19T21:18:14+0200,626cbb1e-1fe0-4540-94c7-9134fab531b6,2026-09-17T12:00:00Z,2026-09-17T14:00:00+0200,0.0,EUR/MWh,DK2,DK_2,imbalance_price,Short,2026-09-19T19:21:55Z
2026-09-19T19:18:14Z,2026-09-19T21:18:14+0200,626cbb1e-1fe0-4540-94c7-9134fab531b6,2026-09-17T12:15:00Z,2026-09-17T14:15:00+0200,-8.73,EUR/MWh,DK2,DK_2,imbalance_price,Long,2026-09-19T19:21:55Z
2026-09-19T19:18:14Z,2026-09-19T21:18:14+0200,626cbb1e-1fe0-4540-94c7-9134fab531b6,2026-09-17T12:15:00Z,2026-09-17T14:15:00+0200,-8.73,EUR/MWh,DK2,DK_2,imbalance_price,Short,2026-09-19T19:21:55Z
2026-09-19T19:18:14Z,2026-09-19T21:18:14+0200,626cbb1e-1fe0-4540-94c7-9134fab531b6,2026-09-17T12:30:00Z,2026-09-17T14:30:00+0200,-27.81,EUR/MWh,DK2,DK_2,imbalance_price,Long,2026-09-19T19:21:55Z
2026-09-19T19:18:14Z,2026-09-19T21:18:14+0200,626cbb1e-1fe0-4540-94c7-9134fab531b6,2026-09-17T12:30:00Z,2026-09-17T14:30:00+0200,-27.81,EUR/MWh,DK2,DK_2,imbalance_price,Short,2026-09-19T19:21:55Z
2026-09-19T19:18:14Z,2026-09-19T21:18:14+0200,626cbb1e-1fe0-4540-94c7-9134fab531b6,2026-09-17T12:45:00Z,2026-09-17T14:45:00+0200,-5.32,EUR/MWh,DK2,DK_2,imbalance_price,Long,2026-09-19T19:21:55Z
2026-09-19T19:18:14Z,2026-09-19T21:18:14+0200,626cbb1e-1fe0-4540-94c7-9134fab531b6,2026-09-17T12:45:00Z,2026-09-17T14:45:00+0200,-5.32,EUR/MWh,DK2,DK_2,imbalance_price,Short,2026-09-19T19:21:55Z
2026-09-19T19:18:14Z,2026-09-19T21:18:14+0200,626cbb1e-1fe0-4540-94c7-9134fab531b6,2026-09-17T13:00:00Z,2026-09-17T15:00:00+0200,-31.57,EUR/MWh,DK2,DK_2,imbalance_price,Long,2026-09-19T19:21:55Z
2026-09-19T19:18:14Z,2026-09-19T21:18:14+0200,626cbb1e-1fe0-4540-94c7-9134fab531b6,2026-09-17T13:00:00Z,2026-09-17T15:00:00+0200,-31.57,EUR/MWh,DK2,DK_2,imbalance_price,Short,2026-09-19T19:21:55Z
2026-09-19T19:18:14Z,2026-09-19T21:18:14+0200,626cbb1e-1fe0-4540-94c7-9134fab531b6,2026-09-17T13:15:00Z,2026-09-17T15:15:00+0200,-20.73,EUR/MWh,DK2,DK_2,imbalance_price,Long,2026-09-19T19:21:55Z
2026-09-19T19:18:14Z,2026-09-19T21:18:14+0200,626cbb1e-1fe0-4540-94c7-9134fab531b6,2026-09-17T13:15:00Z,2026-09-17T15:15:00+0200,-20.73,EUR/MWh,DK2,DK_2,imbalance_price,Short,2026-09-19T19:21:55Z
2026-09-19T19:18:14Z,2026-09-19T21:18:14+0200,626cbb1e-1fe0-4540-94c7-9134fab531b6,2026-09-17T13:30:00Z,2026-09-17T15:30:00+0200,23.24,EUR/MWh,DK2,DK_2,imbalance_price,Long,2026-09-19T19:21:55Z
2026-09-19T19:18:14Z,2026-09-19T21:18:14+0200,626cbb1e-1fe0-4540-94c7-9134fab531b6,2026-09-17T13:30:00Z,2026-09-17T15:30:00+0200,23.24,EUR/MWh,DK2,DK_2,imbalance_price,Short,2026-09-19T19:21:55Z
2026-09-19T19:18:14Z,2026-09-19T21:18:14+0200,626cbb1e-1fe0-4540-94c7-9134fab531b6,2026-09-17T13:45:00Z,2026-09-17T15:45:00+0200,24.32,EUR/MWh,DK2,DK_2,imbalance_price,Long,2026-09-19T19:21:55Z
2026-09-19T19:18:14Z,2026-09-19T21:18:14+0200,626cbb1e-1fe0-4540-94c7-9134fab531b6,2026-09-17T13:45:00Z,2026-09-17T15:45:00+0200,24.32,EUR/MWh,DK2,DK_2,imbalance_price,Short,2026-09-19T19:21:55Z
2026-09-19T19:18:14Z,2026-09-19T21:18:14+0200,626cbb1e-1fe0-4540-94c7-9134fab531b6,2026-09-17T14:00:00Z,2026-09-17T16:00:00+0200,13.75,EUR/MWh,DK2,DK_2,imbalance_price,Long,2026-09-19T19:21:55Z
2026-09-19T19:18:14Z,2026-09-19T21:18:14+0200,626cbb1e-1fe0-4540-94c7-9134fab531b6,2026-09-17T14:00:00Z,2026-09-17T16:00:00+0200,13.75,EUR/MWh,DK2,DK_2,imbalance_price,Short,2026-09-19T19:21:55Z
2026-09-19T19:18:14Z,2026-09-19T21:18:14+0200,626cbb1e-1fe0-4540-94c7-9134fab531b6,2026-09-17T14:15:00Z,2026-09-17T16:15:00+0200,11.34,EUR/MWh,DK2,DK_2,imbalance_price,Long,2026-09-19T19:21:55Z
2026-09-19T19:18:14Z,2026-09-19T21:18:14+0200,626cbb1e-1fe0-4540-94c7-9134fab531b6,2026-09-17T14:15:00Z,2026-09-17T16:15:00+0200,11.34,EUR/MWh,DK2,DK_2,imbalance_price,Short,2026-09-19T19:21:55Z
2026-09-19T19:18:14Z,2026-09-19T21:18:14+0200,626cbb1e-1fe0-4540-94c7-9134fab531b6,2026-09-17T14:30:00Z,2026-09-17T16:30:00+0200,-13.4,EUR/MWh,DK2,DK_2,imbalance_price,Long,2026-09-19T19:21:55Z
2026-09-19T19:18:14Z,2026-09-19T21:18:14+0200,626cbb1e-1fe0-4540-94c7-9134fab531b6,2026-09-17T14:30:00Z,2026-09-17T16:30:00+0200,-13.4,EUR/MWh,DK2,DK_2,imbalance_price,Short,2026-09-19T19:21:55Z
2026-09-19T19:18:14Z,2026-09-19T21:18:14+0200,626cbb1e-1fe0-4540-94c7-9134fab531b6,2026-09-17T14:45:00Z,2026-09-17T16:45:00+0200,118.29,EUR/MWh,DK2,DK_2,imbalance_price,Long,2026-09-19T19:21:55Z
2026-09-19T19:18:14Z,2026-09-19T21:18:14+0200,626cbb1e-1fe0-4540-94c7-9134fab531b6,2026-09-17T14:45:00Z,2026-09-17T16:45:00+0200,118.29,EUR/MWh,DK2,DK_2,imbalance_price,Short,2026-09-19T19:21:55Z
2026-09-19T19:18:14Z,2026-09-19T21:18:14+0200,626cbb1e-1fe0-4540-94c7-9134fab531b6,2026-09-17T15:00:00Z,2026-09-17T17:00:00+0200,101.42,EUR/MWh,DK2,DK_2,imbalance_price,Long,2026-09-19T19:21:55Z
2026-09-19T19:18:14Z,2026-09-19T21:18:14+0200,626cbb1e-1fe0-4540-94c7-9134fab531b6,2026-09-17T15:00:00Z,2026-09-17T17:00:00+0200,101.42,EUR/MWh,DK2,DK_2,imbalance_price,Short,2026-09-19T19:21:55Z
2026-09-19T19:18:14Z,2026-09-19T21:18:14+0200,626cbb1e-1fe0-4540-94c7-9134fab531b6,2026-09-17T15:15:00Z,2026-09-17T17:15:00+0200,38.32,EUR/MWh,DK2,DK_2,imbalance_price,Long,2026-09-19T19:21:55Z
2026-09-19T19:18:14Z,2026-09-19T21:18:14+0200,626cbb1e-1fe0-4540-94c7-9134fab531b6,2026-09-17T15:15:00Z,2026-09-17T17:15:00+0200,38.32,EUR/MWh,DK2,DK_2,imbalance_price,Short,2026-09-19T19:21:55Z
2026-09-19T19:18:14Z,2026-09-19T21:18:14+0200,626cbb1e-1fe0-4540-94c7-9134fab531b6,2026-09-17T15:30:00Z,2026-09-17T17:30:00+0200,19.71,EUR/MWh,DK2,DK_2,imbalance_price,Long,2026-09-19T19:21:55Z
2026-09-19T19:18:14Z,2026-09-19T21:18:14+0200,626cbb1e-1fe0-4540-94c7-9134fab531b6,2026-09-17T15:30:00Z,2026-09-17T17:30:00+0200,19.71,EUR/MWh,DK2,DK_2,imbalance_price,Short,2026-09-19T19:21:55Z
2026-09-19T19:18:14Z,2026-09-19T21:18:14+0200,626cbb1e-1fe0-4540-94c7-9134fab531b6,2026-09-17T15:45:00Z,2026-09-17T17:45:00+0200,2.07,EUR/MWh,DK2,DK_2,imbalance_price,Long,2026-09-19T19:21:55Z
2026-09-19T19:18:14Z,2026-09-19T21:18:14+0200,626cbb1e-1fe0-4540-94c7-9134fab531b6,2026-09-17T15:45:00Z,2026-09-17T17:45:00+0200,2.07,EUR/MWh,DK2,DK_2,imbalance_price,Short,2026-09-19T19:21:55Z
2026-09-19T19:18:14Z,2026-09-19T21:18:14+0200,626cbb1e-1fe0-4540-94c7-9134fab531b6,2026-09-17T16:00:00Z,2026-09-17T18:00:00+0200,15.58,EUR/MWh,DK2,DK_2,imbalance_price,Long,2026-09-19T19:21:55Z
2026-09-19T19:18:14Z,2026-09-19T21:18:14+0200,626cbb1e-1fe0-4540-94c7-9134fab531b6,2026-09-17T16:00:00Z,2026-09-17T18:00:00+0200,15.58,EUR/MWh,DK2,DK_2,imbalance_price,Short,2026-09-19T19:21:55Z
2026-09-19T19:18:14Z,2026-09-19T21:18:14+0200,626cbb1e-1fe0-4540-94c7-9134fab531b6,2026-09-17T16:15:00Z,2026-09-17T18:15:00+0200,11.96,EUR/MWh,DK2,DK_2,imbalance_price,Long,2026-09-19T19:21:55Z
2026-09-19T19:18:14Z,2026-09-19T21:18:14+0200,626cbb1e-1fe0-4540-94c7-9134fab531b6,2026-09-17T16:15:00Z,2026-09-17T18:15:00+0200,11.96,EUR/MWh,DK2,DK_2,imbalance_price,Short,2026-09-19T19:21:55Z
2026-09-19T19:18:14Z,2026-09-19T21:18:14+0200,626cbb1e-1fe0-4540-94c7-9134fab531b6,2026-09-17T16:30:00Z,2026-09-17T18:30:00+0200,178.11,EUR/MWh,DK2,DK_2,imbalance_price,Long,2026-09-19T19:21:55Z
2026-09-19T19:18:14Z,2026-09-19T21:18:14+0200,626cbb1e-1fe0-4540-94c7-9134fab531b6,2026-09-17T16:30:00Z,2026-09-17T18:30:00+0200,178.11,EUR/MWh,DK2,DK_2,imbalance_price,Short,2026-09-19T19:21:55Z
2026-09-19T19:18:14Z,2026-09-19T21:18:14+0200,626cbb1e-1fe0-4540-94c7-9134fab531b6,2026-09-17T16:45:00Z,2026-09-17T18:45:00+0200,173.93,EUR/MWh,DK2,DK_2,imbalance_price,Long,2026-09-19T19:21:55Z
2026-09-19T19:18:14Z,2026-09-19T21:18:14+0200,626cbb1e-1fe0-4540-94c7-9134fab531b6,2026-09-17T16:45:00Z,2026-09-17T18:45:00+0200,173.93,EUR/MWh,DK2,DK_2,imbalance_price,Short,2026-09-19T19:21:55Z
2026-09-19T19:18:14Z,2026-09-19T21:18:14+0200,626cbb1e-1fe0-4540-94c7-9134fab531b6,2026-09-17T17:00:00Z,2026-09-17T19:00:00+0200,24.56,EUR/MWh,DK2,DK_2,imbalance_price,Long,2026-09-19T19:21:55Z
2026-09-19T19:18:14Z,2026-09-19T21:18:14+0200,626cbb1e-1fe0-4540-94c7-9134fab531b6,2026-09-17T17:00:00Z,2026-09-17T19:00:00+0200,24.56,EUR/MWh,DK2,DK_2,imbalance_price,Short,2026-09-19T19:21:55Z
2026-09-19T19:18:14Z,2026-09-19T21:18:14+0200,626cbb1e-1fe0-4540-94c7-9134fab531b6,2026-09-17T17:15:00Z,2026-09-17T19:15:00+0200,198.96,EUR/MWh,DK2,DK_2,imbalance_price,Long,2026-09-19T19:21:55Z
2026-09-19T19:18:14Z,2026-09-19T21:18:14+0200,626cbb1e-1fe0-4540-94c7-9134fab531b6,2026-09-17T17:15:00Z,2026-09-17T19:15:00+0200,198.96,EUR/MWh,DK2,DK_2,imbalance_price,Short,2026-09-19T19:21:55Z
2026-09-19T19:18:14Z,2026-09-19T21:18:14+0200,626cbb1e-1fe0-4540-94c7-9134fab531b6,2026-09-17T17:30:00Z,2026-09-17T19:30:00+0200,196.86,EUR/MWh,DK2,DK_2,imbalance_price,Long,2026-09-19T19:21:55Z
2026-09-19T19:18:14Z,2026-09-19T21:18:14+0200,626cbb1e-1fe0-4540-94c7-9134fab531b6,2026-09-17T17:30:00Z,2026-09-17T19:30:00+0200,196.86,EUR/MWh,DK2,DK_2,imbalance_price,Short,2026-09-19T19:21:55Z
2026-09-19T19:18:14Z,2026-09-19T21:18:14+0200,626cbb1e-1fe0-4540-94c7-9134fab531b6,2026-09-17T17:45:00Z,2026-09-17T19:45:00+0200,28.61,EUR/MWh,DK2,DK_2,imbalance_price,Long,2026-09-19T19:21:55Z
2026-09-19T19:18:14Z,2026-09-19T21:18:14+0200,626cbb1e-1fe0-4540-94c7-9134fab531b6,2026-09-17T17:45:00Z,2026-09-17T19:45:00+0200,28.61,EUR/MWh,DK2,DK_2,imbalance_price,Short,2026-09-19T19:21:55Z
2026-09-19T19:18:14Z,2026-09-19T21:18:14+0200,626cbb1e-1fe0-4540-94c7-9134fab531b6,2026-09-17T18:00:00Z,2026-09-17T20:00:00+0200,48.9,EUR/MWh,DK2,DK_2,imbalance_price,Long,2026-09-19T19:21:55Z
2026-09-19T19:18:14Z,2026-09-19T21:18:14+0200,626cbb1e-1fe0-4540-94c7-9134fab531b6,2026-09-17T18:00:00Z,2026-09-17T20:00:00+0200,48.9,EUR/MWh,DK2,DK_2,imbalance_price,Short,2026-09-19T19:21:55Z
2026-09-19T19:18:14Z,2026-09-19T21:18:14+0200,626cbb1e-1fe0-4540-94c7-9134fab531b6,2026-09-17T18:15:00Z,2026-09-17T20:15:00+0200,71.92,EUR/MWh,DK2,DK_2,imbalance_price,Long,2026-09-19T19:21:55Z
2026-09-19T19:18:14Z,2026-09-19T21:18:14+0200,626cbb1e-1fe0-4540-94c7-9134fab531b6,2026-09-17T18:15:00Z,2026-09-17T20:15:00+0200,71.92,EUR/MWh,DK2,DK_2,imbalance_price,Short,2026-09-19T19:21:55Z
2026-09-19T19:18:14Z,2026-09-19T21:18:14+0200,626cbb1e-1fe0-4540-94c7-9134fab531b6,2026-09-17T18:30:00Z,2026-09-17T20:30:00+0200,46.02,EUR/MWh,DK2,DK_2,imbalance_price,Long,2026-09-19T19:21:55Z
2026-09-19T19:18:14Z,2026-09-19T21:18:14+0200,626cbb1e-1fe0-4540-94c7-9134fab531b6,2026-09-17T18:30:00Z,2026-09-17T20:30:00+0200,46.02,EUR/MWh,DK2,DK_2,imbalance_price,Short,2026-09-19T19:21:55Z
2026-09-19T19:18:14Z,2026-09-19T21:18:14+0200,626cbb1e-1fe0-4540-94c7-9134fab531b6,2026-09-17T18:45:00Z,2026-09-17T20:45:00+0200,193.81,EUR/MWh,DK2,DK_2,imbalance_price,Long,2026-09-19T19:21:55Z
2026-09-19T19:18:14Z,2026-09-19T21:18:14+0200,626cbb1e-1fe0-4540-94c7-9134fab531b6,2026-09-17T18:45:00Z,2026-09-17T20:45:00+0200,193.81,EUR/MWh,DK2,DK_2,imbalance_price,Short,2026-09-19T19:21:55Z
2026-09-19T19:18:14Z,2026-09-19T21:18:14+0200,626cbb1e-1fe0-4540-94c7-9134fab531b6,2026-09-17T19:00:00Z,2026-09-17T21:00:00+0200,193.07,EUR/MWh,DK2,DK_2,imbalance_price,Long,2026-09-19T19:21:55Z
2026-09-19T19:18:14Z,2026-09-19T21:18:14+0200,626cbb1e-1fe0-4540-94c7-9134fab531b6,2026-09-17T19:00:00Z,2026-09-17T21:00:00+0200,193.07,EUR/MWh,DK2,DK_2,imbalance_price,Short,2026-09-19T19:21:55Z
2026-09-19T19:18:14Z,2026-09-19T21:18:14+0200,626cbb1e-1fe0-4540-94c7-9134fab531b6,2026-09-17T19:15:00Z,2026-09-17T21:15:00+0200,71.06,EUR/MWh,DK2,DK_2,imbalance_price,Long,2026-09-19T19:21:55Z
2026-09-19T19:18:14Z,2026-09-19T21:18:14+0200,626cbb1e-1fe0-4540-94c7-9134fab531b6,2026-09-17T19:15:00Z,2026-09-17T21:15:00+0200,71.06,EUR/MWh,DK2,DK_2,imbalance_price,Short,2026-09-19T19:21:55Z
2026-09-19T19:18:14Z,2026-09-19T21:18:14+0200,626cbb1e-1fe0-4540-94c7-9134fab531b6,2026-09-17T19:30:00Z,2026-09-17T21:30:00+0200,94.31,EUR/MWh,DK2,DK_2,imbalance_price,Long,2026-09-19T19:21:55Z
2026-09-19T19:18:14Z,2026-09-19T21:18:14+0200,626cbb1e-1fe0-4540-94c7-9134fab531b6,2026-09-17T19:30:00Z,2026-09-17T21:30:00+0200,94.31,EUR/MWh,DK2,DK_2,imbalance_price,Short,2026-09-19T19:21:55Z
2026-09-19T19:18:14Z,2026-09-19T21:18:14+0200,626cbb1e-1fe0-4540-94c7-9134fab531b6,2026-09-17T19:45:00Z,2026-09-17T21:45:00+0200,75.28,EUR/MWh,DK2,DK_2,imbalance_price,Long,2026-09-19T19:21:55Z
2026-09-19T19:18:14Z,2026-09-19T21:18:14+0200,626cbb1e-1fe0-4540-94c7-9134fab531b6,2026-09-17T19:45:00Z,2026-09-17T21:45:00+0200,75.28,EUR/MWh,DK2,DK_2,imbalance_price,Short,2026-09-19T19:21:55Z
2026-09-19T19:18:14Z,2026-09-19T21:18:14+0200,626cbb1e-1fe0-4540-94c7-9134fab531b6,2026-09-17T20:00:00Z,2026-09-17T22:00:00+0200,176.23,EUR/MWh,DK2,DK_2,imbalance_price,Long,2026-09-19T19:21:55Z
2026-09-19T19:18:14Z,2026-09-19T21:18:14+0200,626cbb1e-1fe0-4540-94c7-9134fab531b6,2026-09-17T20:00:00Z,2026-09-17T22:00:00+0200,176.23,EUR/MWh,DK2,DK_2,imbalance_price,Short,2026-09-19T19:21:55Z
2026-09-19T19:18:14Z,2026-09-19T21:18:14+0200,626cbb1e-1fe0-4540-94c7-9134fab531b6,2026-09-17T20:15:00Z,2026-09-17T22:15:00+0200,121.26,EUR/MWh,DK2,DK_2,imbalance_price,Long,2026-09-19T19:21:55Z
2026-09-19T19:18:14Z,2026-09-19T21:18:14+0200,626cbb1e-1fe0-4540-94c7-9134fab531b6,2026-09-17T20:15:00Z,2026-09-17T22:15:00+0200,121.26,EUR/MWh,DK2,DK_2,imbalance_price,Short,2026-09-19T19:21:55Z
2026-09-19T19:18:14Z,2026-09-19T21:18:14+0200,626cbb1e-1fe0-4540-94c7-9134fab531b6,2026-09-17T20:30:00Z,2026-09-17T22:30:00+0200,110.02,EUR/MWh,DK2,DK_2,imbalance_price,Long,2026-09-19T19:21:55Z
2026-09-19T19:18:14Z,2026-09-19T21:18:14+0200,626cbb1e-1fe0-4540-94c7-9134fab531b6,2026-09-17T20:30:00Z,2026-09-17T22:30:00+0200,110.02,EUR/MWh,DK2,DK_2,imbalance_price,Short,2026-09-19T19:21:55Z
2026-09-19T19:18:14Z,2026-09-19T21:18:14+0200,626cbb1e-1fe0-4540-94c7-9134fab531b6,2026-09-17T20:45:00Z,2026-09-17T22:45:00+0200,46.93,EUR/MWh,DK2,DK_2,imbalance_price,Long,2026-09-19T19:21:55Z
2026-09-19T19:18:14Z,2026-09-19T21:18:14+0200,626cbb1e-1fe0-4540-94c7-9134fab531b6,2026-09-17T20:45:00Z,2026-09-17T22:45:00+0200,46.93,EUR/MWh,DK2,DK_2,imbalance_price,Short,2026-09-19T19:21:55Z
2026-09-19T19:18:14Z,2026-09-19T21:18:14+0200,626cbb1e-1fe0-4540-94c7-9134fab531b6,2026-09-17T21:00:00Z,2026-09-17T23:00:00+0200,162.98,EUR/MWh,DK2,DK_2,imbalance_price,Long,2026-09-19T19:21:55Z
2026-09-19T19:18:14Z,2026-09-19T21:18:14+0200,626cbb1e-1fe0-4540-94c7-9134fab531b6,2026-09-17T21:00:00Z,2026-09-17T23:00:00+0200,162.98,EUR/MWh,DK2,DK_2,imbalance_price,Short,2026-09-19T19:21:55Z
2026-09-19T19:18:14Z,2026-09-19T21:18:14+0200,626cbb1e-1fe0-4540-94c7-9134fab531b6,2026-09-17T21:15:00Z,2026-09-17T23:15:00+0200,162.7,EUR/MWh,DK2,DK_2,imbalance_price,Long,2026-09-19T19:21:55Z
2026-09-19T19:18:14Z,2026-09-19T21:18:14+0200,626cbb1e-1fe0-4540-94c7-9134fab531b6,2026-09-17T21:15:00Z,2026-09-17T23:15:00+0200,162.7,EUR/MWh,DK2,DK_2,imbalance_price,Short,2026-09-19T19:21:55Z
2026-09-19T19:18:14Z,2026-09-19T21:18:14+0200,626cbb1e-1fe0-4540-94c7-9134fab531b6,2026-09-17T21:30:00Z,2026-09-17T23:30:00+0200,161.94,EUR/MWh,DK2,DK_2,imbalance_price,Long,2026-09-19T19:21:55Z
2026-09-19T19:18:14Z,2026-09-19T21:18:14+0200,626cbb1e-1fe0-4540-94c7-9134fab531b6,2026-09-17T21:30:00Z,2026-09-17T23:30:00+0200,161.94,EUR/MWh,DK2,DK_2,imbalance_price,Short,2026-09-19T19:21:55Z
2026-09-19T19:18:14Z,2026-09-19T21:18:14+0200,626cbb1e-1fe0-4540-94c7-9134fab531b6,2026-09-17T21:45:00Z,2026-09-17T23:45:00+0200,48.64,EUR/MWh,DK2,DK_2,imbalance_price,Long,2026-09-19T19:21:55Z
2026-09-19T19:18:14Z,2026-09-19T21:18:14+0200,626cbb1e-1fe0-4540-94c7-9134fab531b6,2026-09-17T21:45:00Z,2026-09-17T23:45:00+0200,48.64,EUR/MWh,DK2,DK_2,imbalance_price,Short,2026-09-19T19:21:55Z
2026-09-19T19:18:14Z,2026-09-19T21:18:14+0200,626cbb1e-1fe0-4540-94c7-9134fab531b6,2026-09-17T22:00:00Z,2026-09-18T00:00:00+0200,54.42,EUR/MWh,DK2,DK_2,imbalance_price,Long,2026-09-19T19:21:55Z
2026-09-19T19:18:14Z,2026-09-19T21:18:14+0200,626cbb1e-1fe0-4540-94c7-9134fab531b6,2026-09-17T22:00:00Z,2026-09-18T00:00:00+0200,54.42,EUR/MWh,DK2,DK_2,imbalance_price,Short,2026-09-19T19:21:55Z
2026-09-19T19:18:14Z,2026-09-19T21:18:14+0200,626cbb1e-1fe0-4540-94c7-9134fab531b6,2026-09-17T22:15:00Z,2026-09-18T00:15:00+0200,135.15,EUR/MWh,DK2,DK_2,imbalance_price,Long,2026-09-19T19:21:55Z
2026-09-19T19:18:14Z,2026-09-19T21:18:14+0200,626cbb1e-1fe0-4540-94c7-9134fab531b6,2026-09-17T22:15:00Z,2026-09-18T00:15:00+0200,135.15,EUR/MWh,DK2,DK_2,imbalance_price,Short,2026-09-19T19:21:55Z
2026-09-19T19:18:14Z,2026-09-19T21:18:14+0200,626cbb1e-1fe0-4540-94c7-9134fab531b6,2026-09-17T22:30:00Z,2026-09-18T00:30:00+0200,129.71,EUR/MWh,DK2,DK_2,imbalance_price,Long,2026-09-19T19:21:55Z
2026-09-19T19:18:14Z,2026-09-19T21:18:14+0200,626cbb1e-1fe0-4540-94c7-9134fab531b6,2026-09-17T22:30:00Z,2026-09-18T00:30:00+0200,129.71,EUR/MWh,DK2,DK_2,imbalance_price,Short,2026-09-19T19:21:55Z
2026-09-19T19:18:14Z,2026-09-19T21:18:14+0200,626cbb1e-1fe0-4540-94c7-9134fab531b6,2026-09-17T22:45:00Z,2026-09-18T00:45:00+0200,127.13,EUR/MWh,DK2,DK_2,imbalance_price,Long,2026-09-19T19:21:55Z
2026-09-19T19:18:14Z,2026-09-19T21:18:14+0200,626cbb1e-1fe0-4540-94c7-9134fab531b6,2026-09-17T22:45:00Z,2026-09-18T00:45:00+0200,127.13,EUR/MWh,DK2,DK_2,imbalance_price,Short,2026-09-19T19:21:55Z
2026-09-19T19:18:14Z,2026-09-19T21:18:14+0200,626cbb1e-1fe0-4540-94c7-9134fab531b6,2026-09-17T23:00:00Z,2026-09-18T01:00:00+0200,131.52,EUR/MWh,DK2,DK_2,imbalance_price,Long,2026-09-19T19:21:55Z
2026-09-19T19:18:14Z,2026-09-19T21:18:14+0200,626cbb1e-1fe0-4540-94c7-9134fab531b6,2026-09-17T23:00:00Z,2026-09-18T01:00:00+0200,131.52,EUR/MWh,DK2,DK_2,imbalance_price,Short,2026-09-19T19:21:55Z
2026-09-19T19:18:14Z,2026-09-19T21:18:14+0200,626cbb1e-1fe0-4540-94c7-9134fab531b6,2026-09-17T23:15:00Z,2026-09-18T01:15:00+0200,125.9,EUR/MWh,DK2,DK_2,imbalance_price,Long,2026-09-19T19:21:55Z
2026-09-19T19:18:14Z,2026-09-19T21:18:14+0200,626cbb1e-1fe0-4540-94c7-9134fab531b6,2026-09-17T23:15:00Z,2026-09-18T01:15:00+0200,125.9,EUR/MWh,DK2,DK_2,imbalance_price,Short,2026-09-19T19:21:55Z
2026-09-19T19:18:14Z,2026-09-19T21:18:14+0200,626cbb1e-1fe0-4540-94c7-9134fab531b6,2026-09-17T23:30:00Z,2026-09-18T01:30:00+0200,121.85,EUR/MWh,DK2,DK_2,imbalance_price,Long,2026-09-19T19:21:55Z
2026-09-19T19:18:14Z,2026-09-19T21:18:14+0200,626cbb1e-1fe0-4540-94c7-9134fab531b6,2026-09-17T23:30:00Z,2026-09-18T01:30:00+0200,121.85,EUR/MWh,DK2,DK_2,imbalance_price,Short,2026-09-19T19:21:55Z
2026-09-19T19:18:14Z,2026-09-19T21:18:14+0200,626cbb1e-1fe0-4540-94c7-9134fab531b6,2026-09-17T23:45:00Z,2026-09-18T01:45:00+0200,401.33,EUR/MWh,DK2,DK_2,imbalance_price,Long,2026-09-19T19:21:55Z
2026-09-19T19:18:14Z,2026-09-19T21:18:14+0200,626cbb1e-1fe0-4540-94c7-9134fab531b6,2026-09-17T23:45:00Z,2026-09-18T01:45:00+0200,401.33,EUR/MWh,DK2,DK_2,imbalance_price,Short,2026-09-19T19:21:55Z
2026-09-19T19:18:14Z,2026-09-19T21:18:14+0200,626cbb1e-1fe0-4540-94c7-9134fab531b6,2026-09-18T00:00:00Z,2026-09-18T02:00:00+0200,121.42,EUR/MWh,DK2,DK_2,imbalance_price,Long,2026-09-19T19:21:55Z
2026-09-19T19:18:14Z,2026-09-19T21:18:14+0200,626cbb1e-1fe0-4540-94c7-9134fab531b6,2026-09-18T00:00:00Z,2026-09-18T02:00:00+0200,121.42,EUR/MWh,DK2,DK_2,imbalance_price,Short,2026-09-19T19:21:55Z
2026-09-19T19:18:14Z,2026-09-19T21:18:14+0200,626cbb1e-1fe0-4540-94c7-9134fab531b6,2026-09-18T00:15:00Z,2026-09-18T02:15:00+0200,119.71,EUR/MWh,DK2,DK_2,imbalance_price,Long,2026-09-19T19:21:55Z
2026-09-19T19:18:14Z,2026-09-19T21:18:14+0200,626cbb1e-1fe0-4540-94c7-9134fab531b6,2026-09-18T00:15:00Z,2026-09-18T02:15:00+0200,119.71,EUR/MWh,DK2,DK_2,imbalance_price,Short,2026-09-19T19:21:55Z
2026-09-19T19:18:14Z,2026-09-19T21:18:14+0200,626cbb1e-1fe0-4540-94c7-9134fab531b6,2026-09-18T00:30:00Z,2026-09-18T02:30:00+0200,126.5,EUR/MWh,DK2,DK_2,imbalance_price,Long,2026-09-19T19:21:55Z
2026-09-19T19:18:14Z,2026-09-19T21:18:14+0200,626cbb1e-1fe0-4540-94c7-9134fab531b6,2026-09-18T00:30:00Z,2026-09-18T02:30:00+0200,126.5,EUR/MWh,DK2,DK_2,imbalance_price,Short,2026-09-19T19:21:55Z
2026-09-19T19:18:14Z,2026-09-19T21:18:14+0200,626cbb1e-1fe0-4540-94c7-9134fab531b6,2026-09-18T00:45:00Z,2026-09-18T02:45:00+0200,83.6,EUR/MWh,DK2,DK_2,imbalance_price,Long,2026-09-19T19:21:55Z
2026-09-19T19:18:14Z,2026-09-19T21:18:14+0200,626cbb1e-1fe0-4540-94c7-9134fab531b6,2026-09-18T00:45:00Z,2026-09-18T02:45:00+0200,83.6,EUR/MWh,DK2,DK_2,imbalance_price,Short,2026-09-19T19:21:55Z
2026-09-19T19:18:14Z,2026-09-19T21:18:14+0200,626cbb1e-1fe0-4540-94c7-9134fab531b6,2026-09-18T01:00:00Z,2026-09-18T03:00:00+0200,66.79,EUR/MWh,DK2,DK_2,imbalance_price,Long,2026-09-19T19:21:55Z
2026-09-19T19:18:14Z,2026-09-19T21:18:14+0200,626cbb1e-1fe0-4540-94c7-9134fab531b6,2026-09-18T01:00:00Z,2026-09-18T03:00:00+0200,66.79,EUR/MWh,DK2,DK_2,imbalance_price,Short,2026-09-19T19:21:55Z
2026-09-19T19:18:14Z,2026-09-19T21:18:14+0200,626cbb1e-1fe0-4540-94c7-9134fab531b6,2026-09-18T01:15:00Z,2026-09-18T03:15:00+0200,66.35,EUR/MWh,DK2,DK_2,imbalance_price,Long,2026-09-19T19:21:55Z
2026-09-19T19:18:14Z,2026-09-19T21:18:14+0200,626cbb1e-1fe0-4540-94c7-9134fab531b6,2026-09-18T01:15:00Z,2026-09-18T03:15:00+0200,66.35,EUR/MWh,DK2,DK_2,imbalance_price,Short,2026-09-19T19:21:55Z
2026-09-19T19:18:14Z,2026-09-19T21:18:14+0200,626cbb1e-1fe0-4540-94c7-9134fab531b6,2026-09-18T01:30:00Z,2026-09-18T03:30:00+0200,51.48,EUR/MWh,DK2,DK_2,imbalance_price,Long,2026-09-19T19:21:55Z
2026-09-19T19:18:14Z,2026-09-19T21:18:14+0200,626cbb1e-1fe0-4540-94c7-9134fab531b6,2026-09-18T01:30:00Z,2026-09-18T03:30:00+0200,51.48,EUR/MWh,DK2,DK_2,imbalance_price,Short,2026-09-19T19:21:55Z
2026-09-19T19:18:14Z,2026-09-19T21:18:14+0200,626cbb1e-1fe0-4540-94c7-9134fab531b6,2026-09-18T01:45:00Z,2026-09-18T03:45:00+0200,62.05,EUR/MWh,DK2,DK_2,imbalance_price,Long,2026-09-19T19:21:55Z
2026-09-19T19:18:14Z,2026-09-19T21:18:14+0200,626cbb1e-1fe0-4540-94c7-9134fab531b6,2026-09-18T01:45:00Z,2026-09-18T03:45:00+0200,62.05,EUR/MWh,DK2,DK_2,imbalance_price,Short,2026-09-19T19:21:55Z
2026-09-19T19:18:14Z,2026-09-19T21:18:14+0200,626cbb1e-1fe0-4540-94c7-9134fab531b6,2026-09-18T02:00:00Z,2026-09-18T04:00:00+0200,74.3,EUR/MWh,DK2,DK_2,imbalance_price,Long,2026-09-19T19:21:55Z
2026-09-19T19:18:14Z,2026-09-19T21:18:14+0200,626cbb1e-1fe0-4540-94c7-9134fab531b6,2026-09-18T02:00:00Z,2026-09-18T04:00:00+0200,74.3,EUR/MWh,DK2,DK_2,imbalance_price,Short,2026-09-19T19:21:55Z
2026-09-19T19:18:14Z,2026-09-19T21:18:14+0200,626cbb1e-1fe0-4540-94c7-9134fab531b6,2026-09-18T02:15:00Z,2026-09-18T04:15:00+0200,126.82,EUR/MWh,DK2,DK_2,imbalance_price,Long,2026-09-19T19:21:55Z
2026-09-19T19:18:14Z,2026-09-19T21:18:14+0200,626cbb1e-1fe0-4540-94c7-9134fab531b6,2026-09-18T02:15:00Z,2026-09-18T04:15:00+0200,126.82,EUR/MWh,DK2,DK_2,imbalance_price,Short,2026-09-19T19:21:55Z
2026-09-19T19:18:14Z,2026-09-19T21:18:14+0200,626cbb1e-1fe0-4540-94c7-9134fab531b6,2026-09-18T02:30:00Z,2026-09-18T04:30:00+0200,68.68,EUR/MWh,DK2,DK_2,imbalance_price,Long,2026-09-19T19:21:55Z
2026-09-19T19:18:14Z,2026-09-19T21:18:14+0200,626cbb1e-1fe0-4540-94c7-9134fab531b6,2026-09-18T02:30:00Z,2026-09-18T04:30:00+0200,68.68,EUR/MWh,DK2,DK_2,imbalance_price,Short,2026-09-19T19:21:55Z
2026-09-19T19:18:14Z,2026-09-19T21:18:14+0200,626cbb1e-1fe0-4540-94c7-9134fab531b6,2026-09-18T02:45:00Z,2026-09-18T04:45:00+0200,52.08,EUR/MWh,DK2,DK_2,imbalance_price,Long,2026-09-19T19:21:55Z
2026-09-19T19:18:14Z,2026-09-19T21:18:14+0200,626cbb1e-1fe0-4540-94c7-9134fab531b6,2026-09-18T02:45:00Z,2026-09-18T04:45:00+0200,52.08,EUR/MWh,DK2,DK_2,imbalance_price,Short,2026-09-19T19:21:55Z
2026-09-19T19:18:14Z,2026-09-19T21:18:14+0200,626cbb1e-1fe0-4540-94c7-9134fab531b6,2026-09-18T03:00:00Z,2026-09-18T05:00:00+0200,54.57,EUR/MWh,DK2,DK_2,imbalance_price,Long,2026-09-19T19:21:55Z
2026-09-19T19:18:14Z,2026-09-19T21:18:14+0200,626cbb1e-1fe0-4540-94c7-9134fab531b6,2026-09-18T03:00:00Z,2026-09-18T05:00:00+0200,54.57,EUR/MWh,DK2,DK_2,imbalance_price,Short,2026-09-19T19:21:55Z
2026-09-19T19:18:14Z,2026-09-19T21:18:14+0200,626cbb1e-1fe0-4540-94c7-9134fab531b6,2026-09-18T03:15:00Z,2026-09-18T05:15:00+0200,98.48,EUR/MWh,DK2,DK_2,imbalance_price,Long,2026-09-19T19:21:55Z
2026-09-19T19:18:14Z,2026-09-19T21:18:14+0200,626cbb1e-1fe0-4540-94c7-9134fab531b6,2026-09-18T03:15:00Z,2026-09-18T05:15:00+0200,98.48,EUR/MWh,DK2,DK_2,imbalance_price,Short,2026-09-19T19:21:55Z
2026-09-19T19:18:14Z,2026-09-19T21:18:14+0200,626cbb1e-1fe0-4540-94c7-9134fab531b6,2026-09-18T03:30:00Z,2026-09-18T05:30:00+0200,115.09,EUR/MWh,DK2,DK_2,imbalance_price,Long,2026-09-19T19:21:55Z
2026-09-19T19:18:14Z,2026-09-19T21:18:14+0200,626cbb1e-1fe0-4540-94c7-9134fab531b6,2026-09-18T03:30:00Z,2026-09-18T05:30:00+0200,115.09,EUR/MWh,DK2,DK_2,imbalance_price,Short,2026-09-19T19:21:55Z
2026-09-19T19:18:14Z,2026-09-19T21:18:14+0200,626cbb1e-1fe0-4540-94c7-9134fab531b6,2026-09-18T03:45:00Z,2026-09-18T05:45:00+0200,140.27,EUR/MWh,DK2,DK_2,imbalance_price,Long,2026-09-19T19:21:55Z
2026-09-19T19:18:14Z,2026-09-19T21:18:14+0200,626cbb1e-1fe0-4540-94c7-9134fab531b6,2026-09-18T03:45:00Z,2026-09-18T05:45:00+0200,140.27,EUR/MWh,DK2,DK_2,imbalance_price,Short,2026-09-19T19:21:55Z
2026-09-19T19:18:14Z,2026-09-19T21:18:14+0200,626cbb1e-1fe0-4540-94c7-9134fab531b6,2026-09-18T04:00:00Z,2026-09-18T06:00:00+0200,55.58,EUR/MWh,DK2,DK_2,imbalance_price,Long,2026-09-19T19:21:55Z
2026-09-19T19:18:14Z,2026-09-19T21:18:14+0200,626cbb1e-1fe0-4540-94c7-9134fab531b6,2026-09-18T04:00:00Z,2026-09-18T06:00:00+0200,55.58,EUR/MWh,DK2,DK_2,imbalance_price,Short,2026-09-19T19:21:55Z
2026-09-19T19:18:14Z,2026-09-19T21:18:14+0200,626cbb1e-1fe0-4540-94c7-9134fab531b6,2026-09-18T04:15:00Z,2026-09-18T06:15:00+0200,68.74,EUR/MWh,DK2,DK_2,imbalance_price,Long,2026-09-19T19:21:55Z
2026-09-19T19:18:14Z,2026-09-19T21:18:14+0200,626cbb1e-1fe0-4540-94c7-9134fab531b6,2026-09-18T04:15:00Z,2026-09-18T06:15:00+0200,68.74,EUR/MWh,DK2,DK_2,imbalance_price,Short,2026-09-19T19:21:55Z
2026-09-19T19:18:14Z,2026-09-19T21:18:14+0200,626cbb1e-1fe0-4540-94c7-9134fab531b6,2026-09-18T04:30:00Z,2026-09-18T06:30:00+0200,173.69,EUR/MWh,DK2,DK_2,imbalance_price,Long,2026-09-19T19:21:55Z
2026-09-19T19:18:14Z,2026-09-19T21:18:14+0200,626cbb1e-1fe0-4540-94c7-9134fab531b6,2026-09-18T04:30:00Z,2026-09-18T06:30:00+0200,173.69,EUR/MWh,DK2,DK_2,imbalance_price,Short,2026-09-19T19:21:55Z
2026-09-19T19:18:14Z,2026-09-19T21:18:14+0200,626cbb1e-1fe0-4540-94c7-9134fab531b6,2026-09-18T04:45:00Z,2026-09-18T06:45:00+0200,184.52,EUR/MWh,DK2,DK_2,imbalance_price,Long,2026-09-19T19:21:55Z
2026-09-19T19:18:14Z,2026-09-19T21:18:14+0200,626cbb1e-1fe0-4540-94c7-9134fab531b6,2026-09-18T04:45:00Z,2026-09-18T06:45:00+0200,184.52,EUR/MWh,DK2,DK_2,imbalance_price,Short,2026-09-19T19:21:55Z
2026-09-19T19:18:14Z,2026-09-19T21:18:14+0200,626cbb1e-1fe0-4540-94c7-9134fab531b6,2026-09-18T05:00:00Z,2026-09-18T07:00:00+0200,291.33,EUR/MWh,DK2,DK_2,imbalance_price,Long,2026-09-19T19:21:55Z
2026-09-19T19:18:14Z,2026-09-19T21:18:14+0200,626cbb1e-1fe0-4540-94c7-9134fab531b6,2026-09-18T05:00:00Z,2026-09-18T07:00:00+0200,291.33,EUR/MWh,DK2,DK_2,imbalance_price,Short,2026-09-19T19:21:55Z
2026-09-19T19:18:14Z,2026-09-19T21:18:14+0200,626cbb1e-1fe0-4540-94c7-9134fab531b6,2026-09-18T05:15:00Z,2026-09-18T07:15:00+0200,198.9,EUR/MWh,DK2,DK_2,imbalance_price,Long,2026-09-19T19:21:55Z
2026-09-19T19:18:14Z,2026-09-19T21:18:14+0200,626cbb1e-1fe0-4540-94c7-9134fab531b6,2026-09-18T05:15:00Z,2026-09-18T07:15:00+0200,198.9,EUR/MWh,DK2,DK_2,imbalance_price,Short,2026-09-19T19:21:55Z
2026-09-19T19:18:14Z,2026-09-19T21:18:14+0200,626cbb1e-1fe0-4540-94c7-9134fab531b6,2026-09-18T05:30:00Z,2026-09-18T07:30:00+0200,195.18,EUR/MWh,DK2,DK_2,imbalance_price,Long,2026-09-19T19:21:55Z
2026-09-19T19:18:14Z,2026-09-19T21:18:14+0200,626cbb1e-1fe0-4540-94c7-9134fab531b6,2026-09-18T05:30:00Z,2026-09-18T07:30:00+0200,195.18,EUR/MWh,DK2,DK_2,imbalance_price,Short,2026-09-19T19:21:55Z
2026-09-19T19:18:14Z,2026-09-19T21:18:14+0200,626cbb1e-1fe0-4540-94c7-9134fab531b6,2026-09-18T05:45:00Z,2026-09-18T07:45:00+0200,190.27,EUR/MWh,DK2,DK_2,imbalance_price,Long,2026-09-19T19:21:55Z
2026-09-19T19:18:14Z,2026-09-19T21:18:14+0200,626cbb1e-1fe0-4540-94c7-9134fab531b6,2026-09-18T05:45:00Z,2026-09-18T07:45:00+0200,190.27,EUR/MWh,DK2,DK_2,imbalance_price,Short,2026-09-19T19:21:55Z
2026-09-19T19:18:14Z,2026-09-19T21:18:14+0200,626cbb1e-1fe0-4540-94c7-9134fab531b6,2026-09-18T06:00:00Z,2026-09-18T08:00:00+0200,206.35,EUR/MWh,DK2,DK_2,imbalance_price,Long,2026-09-19T19:21:55Z
2026-09-19T19:18:14Z,2026-09-19T21:18:14+0200,626cbb1e-1fe0-4540-94c7-9134fab531b6,2026-09-18T06:00:00Z,2026-09-18T08:00:00+0200,206.35,EUR/MWh,DK2,DK_2,imbalance_price,Short,2026-09-19T19:21:55Z
2026-09-19T19:18:14Z,2026-09-19T21:18:14+0200,626cbb1e-1fe0-4540-94c7-9134fab531b6,2026-09-18T06:15:00Z,2026-09-18T08:15:00+0200,196.39,EUR/MWh,DK2,DK_2,imbalance_price,Long,2026-09-19T19:21:55Z
2026-09-19T19:18:14Z,2026-09-19T21:18:14+0200,626cbb1e-1fe0-4540-94c7-9134fab531b6,2026-09-18T06:15:00Z,2026-09-18T08:15:00+0200,196.39,EUR/MWh,DK2,DK_2,imbalance_price,Short,2026-09-19T19:21:55Z
2026-09-19T19:18:14Z,2026-09-19T21:18:14+0200,626cbb1e-1fe0-4540-94c7-9134fab531b6,2026-09-18T06:30:00Z,2026-09-18T08:30:00+0200,192.8,EUR/MWh,DK2,DK_2,imbalance_price,Long,2026-09-19T19:21:55Z
2026-09-19T19:18:14Z,2026-09-19T21:18:14+0200,626cbb1e-1fe0-4540-94c7-9134fab531b6,2026-09-18T06:30:00Z,2026-09-18T08:30:00+0200,192.8,EUR/MWh,DK2,DK_2,imbalance_price,Short,2026-09-19T19:21:55Z
2026-09-19T19:18:14Z,2026-09-19T21:18:14+0200,626cbb1e-1fe0-4540-94c7-9134fab531b6,2026-09-18T06:45:00Z,2026-09-18T08:45:00+0200,401.33,EUR/MWh,DK2,DK_2,imbalance_price,Long,2026-09-19T19:21:55Z
2026-09-19T19:18:14Z,2026-09-19T21:18:14+0200,626cbb1e-1fe0-4540-94c7-9134fab531b6,2026-09-18T06:45:00Z,2026-09-18T08:45:00+0200,401.33,EUR/MWh,DK2,DK_2,imbalance_price,Short,2026-09-19T19:21:55Z
2026-09-19T19:18:14Z,2026-09-19T21:18:14+0200,626cbb1e-1fe0-4540-94c7-9134fab531b6,2026-09-18T07:00:00Z,2026-09-18T09:00:00+0200,54.43,EUR/MWh,DK2,DK_2,imbalance_price,Long,2026-09-19T19:21:55Z
2026-09-19T19:18:14Z,2026-09-19T21:18:14+0200,626cbb1e-1fe0-4540-94c7-9134fab531b6,2026-09-18T07:00:00Z,2026-09-18T09:00:00+0200,54.43,EUR/MWh,DK2,DK_2,imbalance_price,Short,2026-09-19T19:21:55Z
2026-09-19T19:18:14Z,2026-09-19T21:18:14+0200,626cbb1e-1fe0-4540-94c7-9134fab531b6,2026-09-18T07:15:00Z,2026-09-18T09:15:00+0200,178.96,EUR/MWh,DK2,DK_2,imbalance_price,Long,2026-09-19T19:21:55Z
2026-09-19T19:18:14Z,2026-09-19T21:18:14+0200,626cbb1e-1fe0-4540-94c7-9134fab531b6,2026-09-18T07:15:00Z,2026-09-18T09:15:00+0200,178.96,EUR/MWh,DK2,DK_2,imbalance_price,Short,2026-09-19T19:21:55Z
2026-09-19T19:18:14Z,2026-09-19T21:18:14+0200,626cbb1e-1fe0-4540-94c7-9134fab531b6,2026-09-18T07:30:00Z,2026-09-18T09:30:00+0200,149.78,EUR/MWh,DK2,DK_2,imbalance_price,Long,2026-09-19T19:21:55Z
2026-09-19T19:18:14Z,2026-09-19T21:18:14+0200,626cbb1e-1fe0-4540-94c7-9134fab531b6,2026-09-18T07:30:00Z,2026-09-18T09:30:00+0200,149.78,EUR/MWh,DK2,DK_2,imbalance_price,Short,2026-09-19T19:21:55Z
2026-09-19T19:18:14Z,2026-09-19T21:18:14+0200,626cbb1e-1fe0-4540-94c7-9134fab531b6,2026-09-18T07:45:00Z,2026-09-18T09:45:00+0200,115.04,EUR/MWh,DK2,DK_2,imbalance_price,Long,2026-09-19T19:21:55Z
2026-09-19T19:18:14Z,2026-09-19T21:18:14+0200,626cbb1e-1fe0-4540-94c7-9134fab531b6,2026-09-18T07:45:00Z,2026-09-18T09:45:00+0200,115.04,EUR/MWh,DK2,DK_2,imbalance_price,Short,2026-09-19T19:21:55Z
2026-09-19T19:18:14Z,2026-09-19T21:18:14+0200,626cbb1e-1fe0-4540-94c7-9134fab531b6,2026-09-18T08:00:00Z,2026-09-18T10:00:00+0200,130.33,EUR/MWh,DK2,DK_2,imbalance_price,Long,2026-09-19T19:21:55Z
2026-09-19T19:18:14Z,2026-09-19T21:18:14+0200,626cbb1e-1fe0-4540-94c7-9134fab531b6,2026-09-18T08:00:00Z,2026-09-18T10:00:00+0200,130.33,EUR/MWh,DK2,DK_2,imbalance_price,Short,2026-09-19T19:21:55Z
2026-09-19T19:18:14Z,2026-09-19T21:18:14+0200,626cbb1e-1fe0-4540-94c7-9134fab531b6,2026-09-18T08:15:00Z,2026-09-18T10:15:00+0200,109.99,EUR/MWh,DK2,DK_2,imbalance_price,Long,2026-09-19T19:21:55Z
2026-09-19T19:18:14Z,2026-09-19T21:18:14+0200,626cbb1e-1fe0-4540-94c7-9134fab531b6,2026-09-18T08:15:00Z,2026-09-18T10:15:00+0200,109.99,EUR/MWh,DK2,DK_2,imbalance_price,Short,2026-09-19T19:21:55Z
2026-09-19T19:18:14Z,2026-09-19T21:18:14+0200,626cbb1e-1fe0-4540-94c7-9134fab531b6,2026-09-18T08:30:00Z,2026-09-18T10:30:00+0200,44.28,EUR/MWh,DK2,DK_2,imbalance_price,Long,2026-09-19T19:21:55Z
2026-09-19T19:18:14Z,2026-09-19T21:18:14+0200,626cbb1e-1fe0-4540-94c7-9134fab531b6,2026-09-18T08:30:00Z,2026-09-18T10:30:00+0200,44.28,EUR/MWh,DK2,DK_2,imbalance_price,Short,2026-09-19T19:21:55Z
2026-09-19T19:18:14Z,2026-09-19T21:18:14+0200,626cbb1e-1fe0-4540-94c7-9134fab531b6,2026-09-18T08:45:00Z,2026-09-18T10:45:00+0200,55.05,EUR/MWh,DK2,DK_2,imbalance_price,Long,2026-09-19T19:21:55Z
2026-09-19T19:18:14Z,2026-09-19T21:18:14+0200,626cbb1e-1fe0-4540-94c7-9134fab531b6,2026-09-18T08:45:00Z,2026-09-18T10:45:00+0200,55.05,EUR/MWh,DK2,DK_2,imbalance_price,Short,2026-09-19T19:21:55Z
2026-09-19T19:18:14Z,2026-09-19T21:18:14+0200,626cbb1e-1fe0-4540-94c7-9134fab531b6,2026-09-18T09:00:00Z,2026-09-18T11:00:00+0200,2.51,EUR/MWh,DK2,DK_2,imbalance_price,Long,2026-09-19T19:21:55Z
2026-09-19T19:18:14Z,2026-09-19T21:18:14+0200,626cbb1e-1fe0-4540-94c7-9134fab531b6,2026-09-18T09:00:00Z,2026-09-18T11:00:00+0200,2.51,EUR/MWh,DK2,DK_2,imbalance_price,Short,2026-09-19T19:21:55Z
2026-09-19T19:18:14Z,2026-09-19T21:18:14+0200,626cbb1e-1fe0-4540-94c7-9134fab531b6,2026-09-18T09:15:00Z,2026-09-18T11:15:00+0200,19.0,EUR/MWh,DK2,DK_2,imbalance_price,Long,2026-09-19T19:21:55Z
2026-09-19T19:18:14Z,2026-09-19T21:18:14+0200,626cbb1e-1fe0-4540-94c7-9134fab531b6,2026-09-18T09:15:00Z,2026-09-18T11:15:00+0200,19.0,EUR/MWh,DK2,DK_2,imbalance_price,Short,2026-09-19T19:21:55Z
2026-09-19T19:18:14Z,2026-09-19T21:18:14+0200,626cbb1e-1fe0-4540-94c7-9134fab531b6,2026-09-18T09:30:00Z,2026-09-18T11:30:00+0200,6.69,EUR/MWh,DK2,DK_2,imbalance_price,Long,2026-09-19T19:21:55Z
2026-09-19T19:18:14Z,2026-09-19T21:18:14+0200,626cbb1e-1fe0-4540-94c7-9134fab531b6,2026-09-18T09:30:00Z,2026-09-18T11:30:00+0200,6.69,EUR/MWh,DK2,DK_2,imbalance_price,Short,2026-09-19T19:21:55Z
2026-09-19T19:18:14Z,2026-09-19T21:18:14+0200,626cbb1e-1fe0-4540-94c7-9134fab531b6,2026-09-18T09:45:00Z,2026-09-18T11:45:00+0200,3.32,EUR/MWh,DK2,DK_2,imbalance_price,Long,2026-09-19T19:21:55Z
2026-09-19T19:18:14Z,2026-09-19T21:18:14+0200,626cbb1e-1fe0-4540-94c7-9134fab531b6,2026-09-18T09:45:00Z,2026-09-18T11:45:00+0200,3.32,EUR/MWh,DK2,DK_2,imbalance_price,Short,2026-09-19T19:21:55Z
2026-09-19T19:18:14Z,2026-09-19T21:18:14+0200,626cbb1e-1fe0-4540-94c7-9134fab531b6,2026-09-18T10:00:00Z,2026-09-18T12:00:00+0200,8.0,EUR/MWh,DK2,DK_2,imbalance_price,Long,2026-09-19T19:21:55Z
2026-09-19T19:18:14Z,2026-09-19T21:18:14+0200,626cbb1e-1fe0-4540-94c7-9134fab531b6,2026-09-18T10:00:00Z,2026-09-18T12:00:00+0200,8.0,EUR/MWh,DK2,DK_2,imbalance_price,Short,2026-09-19T19:21:55Z
2026-09-19T19:18:14Z,2026-09-19T21:18:14+0200,626cbb1e-1fe0-4540-94c7-9134fab531b6,2026-09-18T10:15:00Z,2026-09-18T12:15:00+0200,5.9,EUR/MWh,DK2,DK_2,imbalance_price,Long,2026-09-19T19:21:55Z
2026-09-19T19:18:14Z,2026-09-19T21:18:14+0200,626cbb1e-1fe0-4540-94c7-9134fab531b6,2026-09-18T10:15:00Z,2026-09-18T12:15:00+0200,5.9,EUR/MWh,DK2,DK_2,imbalance_price,Short,2026-09-19T19:21:55Z
2026-09-19T19:18:14Z,2026-09-19T21:18:14+0200,626cbb1e-1fe0-4540-94c7-9134fab531b6,2026-09-18T10:30:00Z,2026-09-18T12:30:00+0200,4.91,EUR/MWh,DK2,DK_2,imbalance_price,Long,2026-09-19T19:21:55Z
2026-09-19T19:18:14Z,2026-09-19T21:18:14+0200,626cbb1e-1fe0-4540-94c7-9134fab531b6,2026-09-18T10:30:00Z,2026-09-18T12:30:00+0200,4.91,EUR/MWh,DK2,DK_2,imbalance_price,Short,2026-09-19T19:21:55Z
2026-09-19T19:18:14Z,2026-09-19T21:18:14+0200,626cbb1e-1fe0-4540-94c7-9134fab531b6,2026-09-18T10:45:00Z,2026-09-18T12:45:00+0200,2.5,EUR/MWh,DK2,DK_2,imbalance_price,Long,2026-09-19T19:21:55Z
2026-09-19T19:18:14Z,2026-09-19T21:18:14+0200,626cbb1e-1fe0-4540-94c7-9134fab531b6,2026-09-18T10:45:00Z,2026-09-18T12:45:00+0200,2.5,EUR/MWh,DK2,DK_2,imbalance_price,Short,2026-09-19T19:21:55Z
2026-09-19T19:18:14Z,2026-09-19T21:18:14+0200,626cbb1e-1fe0-4540-94c7-9134fab531b6,2026-09-18T11:00:00Z,2026-09-18T13:00:00+0200,4.92,EUR/MWh,DK2,DK_2,imbalance_price,Long,2026-09-19T19:21:55Z
2026-09-19T19:18:14Z,2026-09-19T21:18:14+0200,626cbb1e-1fe0-4540-94c7-9134fab531b6,2026-09-18T11:00:00Z,2026-09-18T13:00:00+0200,4.92,EUR/MWh,DK2,DK_2,imbalance_price,Short,2026-09-19T19:21:55Z
2026-09-19T19:18:14Z,2026-09-19T21:18:14+0200,626cbb1e-1fe0-4540-94c7-9134fab531b6,2026-09-18T11:15:00Z,2026-09-18T13:15:00+0200,4.93,EUR/MWh,DK2,DK_2,imbalance_price,Long,2026-09-19T19:21:55Z
2026-09-19T19:18:14Z,2026-09-19T21:18:14+0200,626cbb1e-1fe0-4540-94c7-9134fab531b6,2026-09-18T11:15:00Z,2026-09-18T13:15:00+0200,4.93,EUR/MWh,DK2,DK_2,imbalance_price,Short,2026-09-19T19:21:55Z
2026-09-19T19:18:14Z,2026-09-19T21:18:14+0200,626cbb1e-1fe0-4540-94c7-9134fab531b6,2026-09-18T11:30:00Z,2026-09-18T13:30:00+0200,4.93,EUR/MWh,DK2,DK_2,imbalance_price,Long,2026-09-19T19:21:55Z
2026-09-19T19:18:14Z,2026-09-19T21:18:14+0200,626cbb1e-1fe0-4540-94c7-9134fab531b6,2026-09-18T11:30:00Z,2026-09-18T13:30:00+0200,4.93,EUR/MWh,DK2,DK_2,imbalance_price,Short,2026-09-19T19:21:55Z
2026-09-19T19:18:14Z,2026-09-19T21:18:14+0200,626cbb1e-1fe0-4540-94c7-9134fab531b6,2026-09-18T11:45:00Z,2026-09-18T13:45:00+0200,4.92,EUR/MWh,DK2,DK_2,imbalance_price,Long,2026-09-19T19:21:55Z
2026-09-19T19:18:14Z,2026-09-19T21:18:14+0200,626cbb1e-1fe0-4540-94c7-9134fab531b6,2026-09-18T11:45:00Z,2026-09-18T13:45:00+0200,4.92,EUR/MWh,DK2,DK_2,imbalance_price,Short,2026-09-19T19:21:55Z
2026-09-19T19:18:14Z,2026-09-19T21:18:14+0200,626cbb1e-1fe0-4540-94c7-9134fab531b6,2026-09-18T12:00:00Z,2026-09-18T14:00:00+0200,4.95,EUR/MWh,DK2,DK_2,imbalance_price,Long,2026-09-19T19:21:55Z
2026-09-19T19:18:14Z,2026-09-19T21:18:14+0200,626cbb1e-1fe0-4540-94c7-9134fab531b6,2026-09-18T12:00:00Z,2026-09-18T14:00:00+0200,4.95,EUR/MWh,DK2,DK_2,imbalance_price,Short,2026-09-19T19:21:55Z
2026-09-19T19:18:14Z,2026-09-19T21:18:14+0200,626cbb1e-1fe0-4540-94c7-9134fab531b6,2026-09-18T12:15:00Z,2026-09-18T14:15:00+0200,4.94,EUR/MWh,DK2,DK_2,imbalance_price,Long,2026-09-19T19:21:55Z
2026-09-19T19:18:14Z,2026-09-19T21:18:14+0200,626cbb1e-1fe0-4540-94c7-9134fab531b6,2026-09-18T12:15:00Z,2026-09-18T14:15:00+0200,4.94,EUR/MWh,DK2,DK_2,imbalance_price,Short,2026-09-19T19:21:55Z
2026-09-19T19:18:14Z,2026-09-19T21:18:14+0200,626cbb1e-1fe0-4540-94c7-9134fab531b6,2026-09-18T12:30:00Z,2026-09-18T14:30:00+0200,4.93,EUR/MWh,DK2,DK_2,imbalance_price,Long,2026-09-19T19:21:55Z
2026-09-19T19:18:14Z,2026-09-19T21:18:14+0200,626cbb1e-1fe0-4540-94c7-9134fab531b6,2026-09-18T12:30:00Z,2026-09-18T14:30:00+0200,4.93,EUR/MWh,DK2,DK_2,imbalance_price,Short,2026-09-19T19:21:55Z
2026-09-19T19:18:14Z,2026-09-19T21:18:14+0200,626cbb1e-1fe0-4540-94c7-9134fab531b6,2026-09-18T12:45:00Z,2026-09-18T14:45:00+0200,4.94,EUR/MWh,DK2,DK_2,imbalance_price,Long,2026-09-19T19:21:55Z
2026-09-19T19:18:14Z,2026-09-19T21:18:14+0200,626cbb1e-1fe0-4540-94c7-9134fab531b6,2026-09-18T12:45:00Z,2026-09-18T14:45:00+0200,4.94,EUR/MWh,DK2,DK_2,imbalance_price,Short,2026-09-19T19:21:55Z
2026-09-19T19:18:14Z,2026-09-19T21:18:14+0200,626cbb1e-1fe0-4540-94c7-9134fab531b6,2026-09-18T13:00:00Z,2026-09-18T15:00:00+0200,-6.69,EUR/MWh,DK2,DK_2,imbalance_price,Long,2026-09-19T19:21:55Z
2026-09-19T19:18:14Z,2026-09-19T21:18:14+0200,626cbb1e-1fe0-4540-94c7-9134fab531b6,2026-09-18T13:00:00Z,2026-09-18T15:00:00+0200,-6.69,EUR/MWh,DK2,DK_2,imbalance_price,Short,2026-09-19T19:21:55Z
2026-09-19T19:18:14Z,2026-09-19T21:18:14+0200,626cbb1e-1fe0-4540-94c7-9134fab531b6,2026-09-18T13:15:00Z,2026-09-18T15:15:00+0200,4.91,EUR/MWh,DK2,DK_2,imbalance_price,Long,2026-09-19T19:21:55Z
2026-09-19T19:18:14Z,2026-09-19T21:18:14+0200,626cbb1e-1fe0-4540-94c7-9134fab531b6,2026-09-18T13:15:00Z,2026-09-18T15:15:00+0200,4.91,EUR/MWh,DK2,DK_2,imbalance_price,Short,2026-09-19T19:21:55Z
2026-09-19T19:18:14Z,2026-09-19T21:18:14+0200,626cbb1e-1fe0-4540-94c7-9134fab531b6,2026-09-18T13:30:00Z,2026-09-18T15:30:00+0200,83.85,EUR/MWh,DK2,DK_2,imbalance_price,Long,2026-09-19T19:21:55Z
2026-09-19T19:18:14Z,2026-09-19T21:18:14+0200,626cbb1e-1fe0-4540-94c7-9134fab531b6,2026-09-18T13:30:00Z,2026-09-18T15:30:00+0200,83.85,EUR/MWh,DK2,DK_2,imbalance_price,Short,2026-09-19T19:21:55Z
2026-09-19T19:18:14Z,2026-09-19T21:18:14+0200,626cbb1e-1fe0-4540-94c7-9134fab531b6,2026-09-18T13:45:00Z,2026-09-18T15:45:00+0200,28.73,EUR/MWh,DK2,DK_2,imbalance_price,Long,2026-09-19T19:21:55Z
2026-09-19T19:18:14Z,2026-09-19T21:18:14+0200,626cbb1e-1fe0-4540-94c7-9134fab531b6,2026-09-18T13:45:00Z,2026-09-18T15:45:00+0200,28.73,EUR/MWh,DK2,DK_2,imbalance_price,Short,2026-09-19T19:21:55Z
2026-09-19T19:18:14Z,2026-09-19T21:18:14+0200,626cbb1e-1fe0-4540-94c7-9134fab531b6,2026-09-18T14:00:00Z,2026-09-18T16:00:00+0200,46.97,EUR/MWh,DK2,DK_2,imbalance_price,Long,2026-09-19T19:21:55Z
2026-09-19T19:18:14Z,2026-09-19T21:18:14+0200,626cbb1e-1fe0-4540-94c7-9134fab531b6,2026-09-18T14:00:00Z,2026-09-18T16:00:00+0200,46.97,EUR/MWh,DK2,DK_2,imbalance_price,Short,2026-09-19T19:21:55Z
2026-09-19T19:18:14Z,2026-09-19T21:18:14+0200,626cbb1e-1fe0-4540-94c7-9134fab531b6,2026-09-18T14:15:00Z,2026-09-18T16:15:00+0200,10.84,EUR/MWh,DK2,DK_2,imbalance_price,Long,2026-09-19T19:21:55Z
2026-09-19T19:18:14Z,2026-09-19T21:18:14+0200,626cbb1e-1fe0-4540-94c7-9134fab531b6,2026-09-18T14:15:00Z,2026-09-18T16:15:00+0200,10.84,EUR/MWh,DK2,DK_2,imbalance_price,Short,2026-09-19T19:21:55Z
2026-09-19T19:18:14Z,2026-09-19T21:18:14+0200,626cbb1e-1fe0-4540-94c7-9134fab531b6,2026-09-18T14:30:00Z,2026-09-18T16:30:00+0200,-1.73,EUR/MWh,DK2,DK_2,imbalance_price,Long,2026-09-19T19:21:55Z
2026-09-19T19:18:14Z,2026-09-19T21:18:14+0200,626cbb1e-1fe0-4540-94c7-9134fab531b6,2026-09-18T14:30:00Z,2026-09-18T16:30:00+0200,-1.73,EUR/MWh,DK2,DK_2,imbalance_price,Short,2026-09-19T19:21:55Z
2026-09-19T19:18:14Z,2026-09-19T21:18:14+0200,626cbb1e-1fe0-4540-94c7-9134fab531b6,2026-09-18T14:45:00Z,2026-09-18T16:45:00+0200,16.05,EUR/MWh,DK2,DK_2,imbalance_price,Long,2026-09-19T19:21:55Z
2026-09-19T19:18:14Z,2026-09-19T21:18:14+0200,626cbb1e-1fe0-4540-94c7-9134fab531b6,2026-09-18T14:45:00Z,2026-09-18T16:45:00+0200,16.05,EUR/MWh,DK2,DK_2,imbalance_price,Short,2026-09-19T19:21:55Z
2026-09-19T19:18:14Z,2026-09-19T21:18:14+0200,626cbb1e-1fe0-4540-94c7-9134fab531b6,2026-09-18T15:00:00Z,2026-09-18T17:00:00+0200,3.63,EUR/MWh,DK2,DK_2,imbalance_price,Long,2026-09-19T19:21:55Z
2026-09-19T19:18:14Z,2026-09-19T21:18:14+0200,626cbb1e-1fe0-4540-94c7-9134fab531b6,2026-09-18T15:00:00Z,2026-09-18T17:00:00+0200,3.63,EUR/MWh,DK2,DK_2,imbalance_price,Short,2026-09-19T19:21:55Z
2026-09-19T19:18:14Z,2026-09-19T21:18:14+0200,626cbb1e-1fe0-4540-94c7-9134fab531b6,2026-09-18T15:15:00Z,2026-09-18T17:15:00+0200,66.87,EUR/MWh,DK2,DK_2,imbalance_price,Long,2026-09-19T19:21:55Z
2026-09-19T19:18:14Z,2026-09-19T21:18:14+0200,626cbb1e-1fe0-4540-94c7-9134fab531b6,2026-09-18T15:15:00Z,2026-09-18T17:15:00+0200,66.87,EUR/MWh,DK2,DK_2,imbalance_price,Short,2026-09-19T19:21:55Z
2026-09-19T19:18:14Z,2026-09-19T21:18:14+0200,626cbb1e-1fe0-4540-94c7-9134fab531b6,2026-09-18T15:30:00Z,2026-09-18T17:30:00+0200,128.97,EUR/MWh,DK2,DK_2,imbalance_price,Long,2026-09-19T19:21:55Z
2026-09-19T19:18:14Z,2026-09-19T21:18:14+0200,626cbb1e-1fe0-4540-94c7-9134fab531b6,2026-09-18T15:30:00Z,2026-09-18T17:30:00+0200,128.97,EUR/MWh,DK2,DK_2,imbalance_price,Short,2026-09-19T19:21:55Z
2026-09-19T19:18:14Z,2026-09-19T21:18:14+0200,626cbb1e-1fe0-4540-94c7-9134fab531b6,2026-09-18T15:45:00Z,2026-09-18T17:45:00+0200,140.24,EUR/MWh,DK2,DK_2,imbalance_price,Long,2026-09-19T19:21:55Z
2026-09-19T19:18:14Z,2026-09-19T21:18:14+0200,626cbb1e-1fe0-4540-94c7-9134fab531b6,2026-09-18T15:45:00Z,2026-09-18T17:45:00+0200,140.24,EUR/MWh,DK2,DK_2,imbalance_price,Short,2026-09-19T19:21:55Z
2026-09-19T19:18:14Z,2026-09-19T21:18:14+0200,626cbb1e-1fe0-4540-94c7-9134fab531b6,2026-09-18T16:00:00Z,2026-09-18T18:00:00+0200,66.92,EUR/MWh,DK2,DK_2,imbalance_price,Long,2026-09-19T19:21:55Z
2026-09-19T19:18:14Z,2026-09-19T21:18:14+0200,626cbb1e-1fe0-4540-94c7-9134fab531b6,2026-09-18T16:00:00Z,2026-09-18T18:00:00+0200,66.92,EUR/MWh,DK2,DK_2,imbalance_price,Short,2026-09-19T19:21:55Z
2026-09-19T19:18:14Z,2026-09-19T21:18:14+0200,626cbb1e-1fe0-4540-94c7-9134fab531b6,2026-09-18T16:15:00Z,2026-09-18T18:15:00+0200,151.14,EUR/MWh,DK2,DK_2,imbalance_price,Long,2026-09-19T19:21:55Z
2026-09-19T19:18:14Z,2026-09-19T21:18:14+0200,626cbb1e-1fe0-4540-94c7-9134fab531b6,2026-09-18T16:15:00Z,2026-09-18T18:15:00+0200,151.14,EUR/MWh,DK2,DK_2,imbalance_price,Short,2026-09-19T19:21:55Z
2026-09-19T19:18:14Z,2026-09-19T21:18:14+0200,626cbb1e-1fe0-4540-94c7-9134fab531b6,2026-09-18T16:30:00Z,2026-09-18T18:30:00+0200,468.99,EUR/MWh,DK2,DK_2,imbalance_price,Long,2026-09-19T19:21:55Z
2026-09-19T19:18:14Z,2026-09-19T21:18:14+0200,626cbb1e-1fe0-4540-94c7-9134fab531b6,2026-09-18T16:30:00Z,2026-09-18T18:30:00+0200,468.99,EUR/MWh,DK2,DK_2,imbalance_price,Short,2026-09-19T19:21:55Z
2026-09-19T19:18:14Z,2026-09-19T21:18:14+0200,626cbb1e-1fe0-4540-94c7-9134fab531b6,2026-09-18T16:45:00Z,2026-09-18T18:45:00+0200,294.36,EUR/MWh,DK2,DK_2,imbalance_price,Long,2026-09-19T19:21:55Z
2026-09-19T19:18:14Z,2026-09-19T21:18:14+0200,626cbb1e-1fe0-4540-94c7-9134fab531b6,2026-09-18T16:45:00Z,2026-09-18T18:45:00+0200,294.36,EUR/MWh,DK2,DK_2,imbalance_price,Short,2026-09-19T19:21:55Z
2026-09-19T19:18:14Z,2026-09-19T21:18:14+0200,626cbb1e-1fe0-4540-94c7-9134fab531b6,2026-09-18T17:00:00Z,2026-09-18T19:00:00+0200,260.87,EUR/MWh,DK2,DK_2,imbalance_price,Long,2026-09-19T19:21:55Z
2026-09-19T19:18:14Z,2026-09-19T21:18:14+0200,626cbb1e-1fe0-4540-94c7-9134fab531b6,2026-09-18T17:00:00Z,2026-09-18T19:00:00+0200,260.87,EUR/MWh,DK2,DK_2,imbalance_price,Short,2026-09-19T19:21:55Z
2026-09-19T19:18:14Z,2026-09-19T21:18:14+0200,626cbb1e-1fe0-4540-94c7-9134fab531b6,2026-09-18T17:15:00Z,2026-09-18T19:15:00+0200,14.34,EUR/MWh,DK2,DK_2,imbalance_price,Long,2026-09-19T19:21:55Z
2026-09-19T19:18:14Z,2026-09-19T21:18:14+0200,626cbb1e-1fe0-4540-94c7-9134fab531b6,2026-09-18T17:15:00Z,2026-09-18T19:15:00+0200,14.34,EUR/MWh,DK2,DK_2,imbalance_price,Short,2026-09-19T19:21:55Z
2026-09-19T19:18:14Z,2026-09-19T21:18:14+0200,626cbb1e-1fe0-4540-94c7-9134fab531b6,2026-09-18T17:30:00Z,2026-09-18T19:30:00+0200,1.46,EUR/MWh,DK2,DK_2,imbalance_price,Long,2026-09-19T19:21:55Z
2026-09-19T19:18:14Z,2026-09-19T21:18:14+0200,626cbb1e-1fe0-4540-94c7-9134fab531b6,2026-09-18T17:30:00Z,2026-09-18T19:30:00+0200,1.46,EUR/MWh,DK2,DK_2,imbalance_price,Short,2026-09-19T19:21:55Z
2026-09-19T19:18:14Z,2026-09-19T21:18:14+0200,626cbb1e-1fe0-4540-94c7-9134fab531b6,2026-09-18T17:45:00Z,2026-09-18T19:45:00+0200,190.7,EUR/MWh,DK2,DK_2,imbalance_price,Long,2026-09-19T19:21:55Z
2026-09-19T19:18:14Z,2026-09-19T21:18:14+0200,626cbb1e-1fe0-4540-94c7-9134fab531b6,2026-09-18T17:45:00Z,2026-09-18T19:45:00+0200,190.7,EUR/MWh,DK2,DK_2,imbalance_price,Short,2026-09-19T19:21:55Z
2026-09-19T19:18:14Z,2026-09-19T21:18:14+0200,626cbb1e-1fe0-4540-94c7-9134fab531b6,2026-09-18T18:00:00Z,2026-09-18T20:00:00+0200,168.22,EUR/MWh,DK2,DK_2,imbalance_price,Long,2026-09-19T19:21:55Z
2026-09-19T19:18:14Z,2026-09-19T21:18:14+0200,626cbb1e-1fe0-4540-94c7-9134fab531b6,2026-09-18T18:00:00Z,2026-09-18T20:00:00+0200,168.22,EUR/MWh,DK2,DK_2,imbalance_price,Short,2026-09-19T19:21:55Z
2026-09-19T19:18:14Z,2026-09-19T21:18:14+0200,626cbb1e-1fe0-4540-94c7-9134fab531b6,2026-09-18T18:15:00Z,2026-09-18T20:15:00+0200,18.72,EUR/MWh,DK2,DK_2,imbalance_price,Long,2026-09-19T19:21:55Z
2026-09-19T19:18:14Z,2026-09-19T21:18:14+0200,626cbb1e-1fe0-4540-94c7-9134fab531b6,2026-09-18T18:15:00Z,2026-09-18T20:15:00+0200,18.72,EUR/MWh,DK2,DK_2,imbalance_price,Short,2026-09-19T19:21:55Z
2026-09-19T19:18:14Z,2026-09-19T21:18:14+0200,626cbb1e-1fe0-4540-94c7-9134fab531b6,2026-09-18T18:30:00Z,2026-09-18T20:30:00+0200,41.98,EUR/MWh,DK2,DK_2,imbalance_price,Long,2026-09-19T19:21:55Z
2026-09-19T19:18:14Z,2026-09-19T21:18:14+0200,626cbb1e-1fe0-4540-94c7-9134fab531b6,2026-09-18T18:30:00Z,2026-09-18T20:30:00+0200,41.98,EUR/MWh,DK2,DK_2,imbalance_price,Short,2026-09-19T19:21:55Z
2026-09-19T19:18:14Z,2026-09-19T21:18:14+0200,626cbb1e-1fe0-4540-94c7-9134fab531b6,2026-09-18T18:45:00Z,2026-09-18T20:45:00+0200,13.65,EUR/MWh,DK2,DK_2,imbalance_price,Long,2026-09-19T19:21:55Z
2026-09-19T19:18:14Z,2026-09-19T21:18:14+0200,626cbb1e-1fe0-4540-94c7-9134fab531b6,2026-09-18T18:45:00Z,2026-09-18T20:45:00+0200,13.65,EUR/MWh,DK2,DK_2,imbalance_price,Short,2026-09-19T19:21:55Z
2026-09-19T19:18:14Z,2026-09-19T21:18:14+0200,626cbb1e-1fe0-4540-94c7-9134fab531b6,2026-09-18T19:00:00Z,2026-09-18T21:00:00+0200,10.3,EUR/MWh,DK2,DK_2,imbalance_price,Long,2026-09-19T19:21:55Z
2026-09-19T19:18:14Z,2026-09-19T21:18:14+0200,626cbb1e-1fe0-4540-94c7-9134fab531b6,2026-09-18T19:00:00Z,2026-09-18T21:00:00+0200,10.3,EUR/MWh,DK2,DK_2,imbalance_price,Short,2026-09-19T19:21:55Z
2026-09-19T19:18:14Z,2026-09-19T21:18:14+0200,626cbb1e-1fe0-4540-94c7-9134fab531b6,2026-09-18T19:15:00Z,2026-09-18T21:15:00+0200,144.51,EUR/MWh,DK2,DK_2,imbalance_price,Long,2026-09-19T19:21:55Z
2026-09-19T19:18:14Z,2026-09-19T21:18:14+0200,626cbb1e-1fe0-4540-94c7-9134fab531b6,2026-09-18T19:15:00Z,2026-09-18T21:15:00+0200,144.51,EUR/MWh,DK2,DK_2,imbalance_price,Short,2026-09-19T19:21:55Z
2026-09-19T19:18:14Z,2026-09-19T21:18:14+0200,626cbb1e-1fe0-4540-94c7-9134fab531b6,2026-09-18T19:30:00Z,2026-09-18T21:30:00+0200,143.39,EUR/MWh,DK2,DK_2,imbalance_price,Long,2026-09-19T19:21:55Z
2026-09-19T19:18:14Z,2026-09-19T21:18:14+0200,626cbb1e-1fe0-4540-94c7-9134fab531b6,2026-09-18T19:30:00Z,2026-09-18T21:30:00+0200,143.39,EUR/MWh,DK2,DK_2,imbalance_price,Short,2026-09-19T19:21:55Z
2026-09-19T19:18:14Z,2026-09-19T21:18:14+0200,626cbb1e-1fe0-4540-94c7-9134fab531b6,2026-09-18T19:45:00Z,2026-09-18T21:45:00+0200,13.38,EUR/MWh,DK2,DK_2,imbalance_price,Long,2026-09-19T19:21:55Z
2026-09-19T19:18:14Z,2026-09-19T21:18:14+0200,626cbb1e-1fe0-4540-94c7-9134fab531b6,2026-09-18T19:45:00Z,2026-09-18T21:45:00+0200,13.38,EUR/MWh,DK2,DK_2,imbalance_price,Short,2026-09-19T19:21:55Z
2026-09-19T19:18:14Z,2026-09-19T21:18:14+0200,626cbb1e-1fe0-4540-94c7-9134fab531b6,2026-09-18T20:00:00Z,2026-09-18T22:00:00+0200,10.7,EUR/MWh,DK2,DK_2,imbalance_price,Long,2026-09-19T19:21:55Z
2026-09-19T19:18:14Z,2026-09-19T21:18:14+0200,626cbb1e-1fe0-4540-94c7-9134fab531b6,2026-09-18T20:00:00Z,2026-09-18T22:00:00+0200,10.7,EUR/MWh,DK2,DK_2,imbalance_price,Short,2026-09-19T19:21:55Z
2026-09-19T19:18:14Z,2026-09-19T21:18:14+0200,626cbb1e-1fe0-4540-94c7-9134fab531b6,2026-09-18T20:15:00Z,2026-09-18T22:15:00+0200,3.32,EUR/MWh,DK2,DK_2,imbalance_price,Long,2026-09-19T19:21:55Z
2026-09-19T19:18:14Z,2026-09-19T21:18:14+0200,626cbb1e-1fe0-4540-94c7-9134fab531b6,2026-09-18T20:15:00Z,2026-09-18T22:15:00+0200,3.32,EUR/MWh,DK2,DK_2,imbalance_price,Short,2026-09-19T19:21:55Z
2026-09-19T19:18:14Z,2026-09-19T21:18:14+0200,626cbb1e-1fe0-4540-94c7-9134fab531b6,2026-09-18T20:30:00Z,2026-09-18T22:30:00+0200,134.47,EUR/MWh,DK2,DK_2,imbalance_price,Long,2026-09-19T19:21:55Z
2026-09-19T19:18:14Z,2026-09-19T21:18:14+0200,626cbb1e-1fe0-4540-94c7-9134fab531b6,2026-09-18T20:30:00Z,2026-09-18T22:30:00+0200,134.47,EUR/MWh,DK2,DK_2,imbalance_price,Short,2026-09-19T19:21:55Z
2026-09-19T19:18:14Z,2026-09-19T21:18:14+0200,626cbb1e-1fe0-4540-94c7-9134fab531b6,2026-09-18T20:45:00Z,2026-09-18T22:45:00+0200,6.68,EUR/MWh,DK2,DK_2,imbalance_price,Long,2026-09-19T19:21:55Z
2026-09-19T19:18:14Z,2026-09-19T21:18:14+0200,626cbb1e-1fe0-4540-94c7-9134fab531b6,2026-09-18T20:45:00Z,2026-09-18T22:45:00+0200,6.68,EUR/MWh,DK2,DK_2,imbalance_price,Short,2026-09-19T19:21:55Z
2026-09-19T19:18:14Z,2026-09-19T21:18:14+0200,626cbb1e-1fe0-4540-94c7-9134fab531b6,2026-09-18T21:00:00Z,2026-09-18T23:00:00+0200,10.03,EUR/MWh,DK2,DK_2,imbalance_price,Long,2026-09-19T19:21:55Z
2026-09-19T19:18:14Z,2026-09-19T21:18:14+0200,626cbb1e-1fe0-4540-94c7-9134fab531b6,2026-09-18T21:00:00Z,2026-09-18T23:00:00+0200,10.03,EUR/MWh,DK2,DK_2,imbalance_price,Short,2026-09-19T19:21:55Z
2026-09-19T19:18:14Z,2026-09-19T21:18:14+0200,626cbb1e-1fe0-4540-94c7-9134fab531b6,2026-09-18T21:15:00Z,2026-09-18T23:15:00+0200,120.39,EUR/MWh,DK2,DK_2,imbalance_price,Long,2026-09-19T19:21:55Z
2026-09-19T19:18:14Z,2026-09-19T21:18:14+0200,626cbb1e-1fe0-4540-94c7-9134fab531b6,2026-09-18T21:15:00Z,2026-09-18T23:15:00+0200,120.39,EUR/MWh,DK2,DK_2,imbalance_price,Short,2026-09-19T19:21:55Z
2026-09-19T19:18:14Z,2026-09-19T21:18:14+0200,626cbb1e-1fe0-4540-94c7-9134fab531b6,2026-09-18T21:30:00Z,2026-09-18T23:30:00+0200,3.67,EUR/MWh,DK2,DK_2,imbalance_price,Long,2026-09-19T19:21:55Z
2026-09-19T19:18:14Z,2026-09-19T21:18:14+0200,626cbb1e-1fe0-4540-94c7-9134fab531b6,2026-09-18T21:30:00Z,2026-09-18T23:30:00+0200,3.67,EUR/MWh,DK2,DK_2,imbalance_price,Short,2026-09-19T19:21:55Z
2026-09-19T19:18:14Z,2026-09-19T21:18:14+0200,626cbb1e-1fe0-4540-94c7-9134fab531b6,2026-09-18T21:45:00Z,2026-09-18T23:45:00+0200,-10.0,EUR/MWh,DK2,DK_2,imbalance_price,Long,2026-09-19T19:21:55Z
2026-09-19T19:18:14Z,2026-09-19T21:18:14+0200,626cbb1e-1fe0-4540-94c7-9134fab531b6,2026-09-18T21:45:00Z,2026-09-18T23:45:00+0200,-10.0,EUR/MWh,DK2,DK_2,imbalance_price,Short,2026-09-19T19:21:55Z
2026-09-19T19:18:14Z,2026-09-19T21:18:14+0200,626cbb1e-1fe0-4540-94c7-9134fab531b6,2026-09-18T22:00:00Z,2026-09-19T00:00:00+0200,-3.92,EUR/MWh,DK2,DK_2,imbalance_price,Long,2026-09-19T19:21:55Z
2026-09-19T19:18:14Z,2026-09-19T21:18:14+0200,626cbb1e-1fe0-4540-94c7-9134fab531b6,2026-09-18T22:00:00Z,2026-09-19T00:00:00+0200,-3.92,EUR/MWh,DK2,DK_2,imbalance_price,Short,2026-09-19T19:21:55Z
2026-09-19T19:18:14Z,2026-09-19T21:18:14+0200,626cbb1e-1fe0-4540-94c7-9134fab531b6,2026-09-18T22:15:00Z,2026-09-19T00:15:00+0200,0.0,EUR/MWh,DK2,DK_2,imbalance_price,Long,2026-09-19T19:21:55Z
2026-09-19T19:18:14Z,2026-09-19T21:18:14+0200,626cbb1e-1fe0-4540-94c7-9134fab531b6,2026-09-18T22:15:00Z,2026-09-19T00:15:00+0200,0.0,EUR/MWh,DK2,DK_2,imbalance_price,Short,2026-09-19T19:21:55Z
2026-09-19T19:18:14Z,2026-09-19T21:18:14+0200,626cbb1e-1fe0-4540-94c7-9134fab531b6,2026-09-18T22:30:00Z,2026-09-19T00:30:00+0200,-8.14,EUR/MWh,DK2,DK_2,imbalance_price,Long,2026-09-19T19:21:55Z
2026-09-19T19:18:14Z,2026-09-19T21:18:14+0200,626cbb1e-1fe0-4540-94c7-9134fab531b6,2026-09-18T22:30:00Z,2026-09-19T00:30:00+0200,-8.14,EUR/MWh,DK2,DK_2,imbalance_price,Short,2026-09-19T19:21:55Z
2026-09-19T19:18:14Z,2026-09-19T21:18:14+0200,626cbb1e-1fe0-4540-94c7-9134fab531b6,2026-09-18T22:45:00Z,2026-09-19T00:45:00+0200,-0.59,EUR/MWh,DK2,DK_2,imbalance_price,Long,2026-09-19T19:21:55Z
2026-09-19T19:18:14Z,2026-09-19T21:18:14+0200,626cbb1e-1fe0-4540-94c7-9134fab531b6,2026-09-18T22:45:00Z,2026-09-19T00:45:00+0200,-0.59,EUR/MWh,DK2,DK_2,imbalance_price,Short,2026-09-19T19:21:55Z
2026-09-19T19:18:14Z,2026-09-19T21:18:14+0200,626cbb1e-1fe0-4540-94c7-9134fab531b6,2026-09-18T23:00:00Z,2026-09-19T01:00:00+0200,6.87,EUR/MWh,DK2,DK_2,imbalance_price,Long,2026-09-19T19:21:55Z
2026-09-19T19:18:14Z,2026-09-19T21:18:14+0200,626cbb1e-1fe0-4540-94c7-9134fab531b6,2026-09-18T23:00:00Z,2026-09-19T01:00:00+0200,6.87,EUR/MWh,DK2,DK_2,imbalance_price,Short,2026-09-19T19:21:55Z
2026-09-19T19:18:14Z,2026-09-19T21:18:14+0200,626cbb1e-1fe0-4540-94c7-9134fab531b6,2026-09-18T23:15:00Z,2026-09-19T01:15:00+0200,4.96,EUR/MWh,DK2,DK_2,imbalance_price,Long,2026-09-19T19:21:55Z
2026-09-19T19:18:14Z,2026-09-19T21:18:14+0200,626cbb1e-1fe0-4540-94c7-9134fab531b6,2026-09-18T23:15:00Z,2026-09-19T01:15:00+0200,4.96,EUR/MWh,DK2,DK_2,imbalance_price,Short,2026-09-19T19:21:55Z
2026-09-19T19:18:14Z,2026-09-19T21:18:14+0200,626cbb1e-1fe0-4540-94c7-9134fab531b6,2026-09-18T23:30:00Z,2026-09-19T01:30:00+0200,-1.31,EUR/MWh,DK2,DK_2,imbalance_price,Long,2026-09-19T19:21:55Z
2026-09-19T19:18:14Z,2026-09-19T21:18:14+0200,626cbb1e-1fe0-4540-94c7-9134fab531b6,2026-09-18T23:30:00Z,2026-09-19T01:30:00+0200,-1.31,EUR/MWh,DK2,DK_2,imbalance_price,Short,2026-09-19T19:21:55Z
2026-09-19T19:18:14Z,2026-09-19T21:18:14+0200,626cbb1e-1fe0-4540-94c7-9134fab531b6,2026-09-18T23:45:00Z,2026-09-19T01:45:00+0200,-1.78,EUR/MWh,DK2,DK_2,imbalance_price,Long,2026-09-19T19:21:55Z
2026-09-19T19:18:14Z,2026-09-19T21:18:14+0200,626cbb1e-1fe0-4540-94c7-9134fab531b6,2026-09-18T23:45:00Z,2026-09-19T01:45:00+0200,-1.78,EUR/MWh,DK2,DK_2,imbalance_price,Short,2026-09-19T19:21:55Z
2026-09-19T19:18:14Z,2026-09-19T21:18:14+0200,626cbb1e-1fe0-4540-94c7-9134fab531b6,2026-09-19T00:00:00Z,2026-09-19T02:00:00+0200,3.0,EUR/MWh,DK2,DK_2,imbalance_price,Long,2026-09-19T19:21:55Z
2026-09-19T19:18:14Z,2026-09-19T21:18:14+0200,626cbb1e-1fe0-4540-94c7-9134fab531b6,2026-09-19T00:00:00Z,2026-09-19T02:00:00+0200,3.0,EUR/MWh,DK2,DK_2,imbalance_price,Short,2026-09-19T19:21:55Z
2026-09-19T19:18:14Z,2026-09-19T21:18:14+0200,626cbb1e-1fe0-4540-94c7-9134fab531b6,2026-09-19T00:15:00Z,2026-09-19T02:15:00+0200,8.6,EUR/MWh,DK2,DK_2,imbalance_price,Long,2026-09-19T19:21:55Z
2026-09-19T19:18:14Z,2026-09-19T21:18:14+0200,626cbb1e-1fe0-4540-94c7-9134fab531b6,2026-09-19T00:15:00Z,2026-09-19T02:15:00+0200,8.6,EUR/MWh,DK2,DK_2,imbalance_price,Short,2026-09-19T19:21:55Z
2026-09-19T19:18:14Z,2026-09-19T21:18:14+0200,626cbb1e-1fe0-4540-94c7-9134fab531b6,2026-09-19T00:30:00Z,2026-09-19T02:30:00+0200,-0.09,EUR/MWh,DK2,DK_2,imbalance_price,Long,2026-09-19T19:21:55Z
2026-09-19T19:18:14Z,2026-09-19T21:18:14+0200,626cbb1e-1fe0-4540-94c7-9134fab531b6,2026-09-19T00:30:00Z,2026-09-19T02:30:00+0200,-0.09,EUR/MWh,DK2,DK_2,imbalance_price,Short,2026-09-19T19:21:55Z
2026-09-19T19:18:14Z,2026-09-19T21:18:14+0200,626cbb1e-1fe0-4540-94c7-9134fab531b6,2026-09-19T00:45:00Z,2026-09-19T02:45:00+0200,6.69,EUR/MWh,DK2,DK_2,imbalance_price,Long,2026-09-19T19:21:55Z
2026-09-19T19:18:14Z,2026-09-19T21:18:14+0200,626cbb1e-1fe0-4540-94c7-9134fab531b6,2026-09-19T00:45:00Z,2026-09-19T02:45:00+0200,6.69,EUR/MWh,DK2,DK_2,imbalance_price,Short,2026-09-19T19:21:55Z
2026-09-19T19:18:14Z,2026-09-19T21:18:14+0200,626cbb1e-1fe0-4540-94c7-9134fab531b6,2026-09-19T01:00:00Z,2026-09-19T03:00:00+0200,1.47,EUR/MWh,DK2,DK_2,imbalance_price,Long,2026-09-19T19:21:55Z
2026-09-19T19:18:14Z,2026-09-19T21:18:14+0200,626cbb1e-1fe0-4540-94c7-9134fab531b6,2026-09-19T01:00:00Z,2026-09-19T03:00:00+0200,1.47,EUR/MWh,DK2,DK_2,imbalance_price,Short,2026-09-19T19:21:55Z
2026-09-19T19:18:14Z,2026-09-19T21:18:14+0200,626cbb1e-1fe0-4540-94c7-9134fab531b6,2026-09-19T01:15:00Z,2026-09-19T03:15:00+0200,-0.4,EUR/MWh,DK2,DK_2,imbalance_price,Long,2026-09-19T19:21:55Z
2026-09-19T19:18:14Z,2026-09-19T21:18:14+0200,626cbb1e-1fe0-4540-94c7-9134fab531b6,2026-09-19T01:15:00Z,2026-09-19T03:15:00+0200,-0.4,EUR/MWh,DK2,DK_2,imbalance_price,Short,2026-09-19T19:21:55Z
2026-09-19T19:18:14Z,2026-09-19T21:18:14+0200,626cbb1e-1fe0-4540-94c7-9134fab531b6,2026-09-19T01:30:00Z,2026-09-19T03:30:00+0200,27.89,EUR/MWh,DK2,DK_2,imbalance_price,Long,2026-09-19T19:21:55Z
2026-09-19T19:18:14Z,2026-09-19T21:18:14+0200,626cbb1e-1fe0-4540-94c7-9134fab531b6,2026-09-19T01:30:00Z,2026-09-19T03:30:00+0200,27.89,EUR/MWh,DK2,DK_2,imbalance_price,Short,2026-09-19T19:21:55Z
2026-09-19T19:18:14Z,2026-09-19T21:18:14+0200,626cbb1e-1fe0-4540-94c7-9134fab531b6,2026-09-19T01:45:00Z,2026-09-19T03:45:00+0200,15.0,EUR/MWh,DK2,DK_2,imbalance_price,Long,2026-09-19T19:21:55Z
2026-09-19T19:18:14Z,2026-09-19T21:18:14+0200,626cbb1e-1fe0-4540-94c7-9134fab531b6,2026-09-19T01:45:00Z,2026-09-19T03:45:00+0200,15.0,EUR/MWh,DK2,DK_2,imbalance_price,Short,2026-09-19T19:21:55Z
2026-09-19T19:18:14Z,2026-09-19T21:18:14+0200,626cbb1e-1fe0-4540-94c7-9134fab531b6,2026-09-19T02:00:00Z,2026-09-19T04:00:00+0200,-4.97,EUR/MWh,DK2,DK_2,imbalance_price,Long,2026-09-19T19:21:55Z
2026-09-19T19:18:14Z,2026-09-19T21:18:14+0200,626cbb1e-1fe0-4540-94c7-9134fab531b6,2026-09-19T02:00:00Z,2026-09-19T04:00:00+0200,-4.97,EUR/MWh,DK2,DK_2,imbalance_price,Short,2026-09-19T19:21:55Z
2026-09-19T19:18:14Z,2026-09-19T21:18:14+0200,626cbb1e-1fe0-4540-94c7-9134fab531b6,2026-09-19T02:15:00Z,2026-09-19T04:15:00+0200,1.19,EUR/MWh,DK2,DK_2,imbalance_price,Long,2026-09-19T19:21:55Z
2026-09-19T19:18:14Z,2026-09-19T21:18:14+0200,626cbb1e-1fe0-4540-94c7-9134fab531b6,2026-09-19T02:15:00Z,2026-09-19T04:15:00+0200,1.19,EUR/MWh,DK2,DK_2,imbalance_price,Short,2026-09-19T19:21:55Z
2026-09-19T19:18:14Z,2026-09-19T21:18:14+0200,626cbb1e-1fe0-4540-94c7-9134fab531b6,2026-09-19T02:30:00Z,2026-09-19T04:30:00+0200,15.0,EUR/MWh,DK2,DK_2,imbalance_price,Long,2026-09-19T19:21:55Z
2026-09-19T19:18:14Z,2026-09-19T21:18:14+0200,626cbb1e-1fe0-4540-94c7-9134fab531b6,2026-09-19T02:30:00Z,2026-09-19T04:30:00+0200,15.0,EUR/MWh,DK2,DK_2,imbalance_price,Short,2026-09-19T19:21:55Z
2026-09-19T19:18:14Z,2026-09-19T21:18:14+0200,626cbb1e-1fe0-4540-94c7-9134fab531b6,2026-09-19T02:45:00Z,2026-09-19T04:45:00+0200,5.16,EUR/MWh,DK2,DK_2,imbalance_price,Long,2026-09-19T19:21:55Z
2026-09-19T19:18:14Z,2026-09-19T21:18:14+0200,626cbb1e-1fe0-4540-94c7-9134fab531b6,2026-09-19T02:45:00Z,2026-09-19T04:45:00+0200,5.16,EUR/MWh,DK2,DK_2,imbalance_price,Short,2026-09-19T19:21:55Z
2026-09-19T19:18:14Z,2026-09-19T21:18:14+0200,626cbb1e-1fe0-4540-94c7-9134fab531b6,2026-09-19T03:00:00Z,2026-09-19T05:00:00+0200,5.44,EUR/MWh,DK2,DK_2,imbalance_price,Long,2026-09-19T19:21:55Z
2026-09-19T19:18:14Z,2026-09-19T21:18:14+0200,626cbb1e-1fe0-4540-94c7-9134fab531b6,2026-09-19T03:00:00Z,2026-09-19T05:00:00+0200,5.44,EUR/MWh,DK2,DK_2,imbalance_price,Short,2026-09-19T19:21:55Z
2026-09-19T19:18:14Z,2026-09-19T21:18:14+0200,626cbb1e-1fe0-4540-94c7-9134fab531b6,2026-09-19T03:15:00Z,2026-09-19T05:15:00+0200,4.99,EUR/MWh,DK2,DK_2,imbalance_price,Long,2026-09-19T19:21:55Z
2026-09-19T19:18:14Z,2026-09-19T21:18:14+0200,626cbb1e-1fe0-4540-94c7-9134fab531b6,2026-09-19T03:15:00Z,2026-09-19T05:15:00+0200,4.99,EUR/MWh,DK2,DK_2,imbalance_price,Short,2026-09-19T19:21:55Z
2026-09-19T19:18:14Z,2026-09-19T21:18:14+0200,626cbb1e-1fe0-4540-94c7-9134fab531b6,2026-09-19T03:30:00Z,2026-09-19T05:30:00+0200,-7.88,EUR/MWh,DK2,DK_2,imbalance_price,Long,2026-09-19T19:21:55Z
2026-09-19T19:18:14Z,2026-09-19T21:18:14+0200,626cbb1e-1fe0-4540-94c7-9134fab531b6,2026-09-19T03:30:00Z,2026-09-19T05:30:00+0200,-7.88,EUR/MWh,DK2,DK_2,imbalance_price,Short,2026-09-19T19:21:55Z
2026-09-19T19:18:14Z,2026-09-19T21:18:14+0200,626cbb1e-1fe0-4540-94c7-9134fab531b6,2026-09-19T03:45:00Z,2026-09-19T05:45:00+0200,4.99,EUR/MWh,DK2,DK_2,imbalance_price,Long,2026-09-19T19:21:55Z
2026-09-19T19:18:14Z,2026-09-19T21:18:14+0200,626cbb1e-1fe0-4540-94c7-9134fab531b6,2026-09-19T03:45:00Z,2026-09-19T05:45:00+0200,4.99,EUR/MWh,DK2,DK_2,imbalance_price,Short,2026-09-19T19:21:55Z
2026-09-19T19:18:14Z,2026-09-19T21:18:14+0200,626cbb1e-1fe0-4540-94c7-9134fab531b6,2026-09-19T04:00:00Z,2026-09-19T06:00:00+0200,5.16,EUR/MWh,DK2,DK_2,imbalance_price,Long,2026-09-19T19:21:55Z
2026-09-19T19:18:14Z,2026-09-19T21:18:14+0200,626cbb1e-1fe0-4540-94c7-9134fab531b6,2026-09-19T04:00:00Z,2026-09-19T06:00:00+0200,5.16,EUR/MWh,DK2,DK_2,imbalance_price,Short,2026-09-19T19:21:55Z
2026-09-19T19:18:14Z,2026-09-19T21:18:14+0200,626cbb1e-1fe0-4540-94c7-9134fab531b6,2026-09-19T04:15:00Z,2026-09-19T06:15:00+0200,-22.26,EUR/MWh,DK2,DK_2,imbalance_price,Long,2026-09-19T19:21:55Z
2026-09-19T19:18:14Z,2026-09-19T21:18:14+0200,626cbb1e-1fe0-4540-94c7-9134fab531b6,2026-09-19T04:15:00Z,2026-09-19T06:15:00+0200,-22.26,EUR/MWh,DK2,DK_2,imbalance_price,Short,2026-09-19T19:21:55Z
2026-09-19T19:18:14Z,2026-09-19T21:18:14+0200,626cbb1e-1fe0-4540-94c7-9134fab531b6,2026-09-19T04:30:00Z,2026-09-19T06:30:00+0200,-22.06,EUR/MWh,DK2,DK_2,imbalance_price,Long,2026-09-19T19:21:55Z
2026-09-19T19:18:14Z,2026-09-19T21:18:14+0200,626cbb1e-1fe0-4540-94c7-9134fab531b6,2026-09-19T04:30:00Z,2026-09-19T06:30:00+0200,-22.06,EUR/MWh,DK2,DK_2,imbalance_price,Short,2026-09-19T19:21:55Z
2026-09-19T19:18:14Z,2026-09-19T21:18:14+0200,626cbb1e-1fe0-4540-94c7-9134fab531b6,2026-09-19T04:45:00Z,2026-09-19T06:45:00+0200,-10.04,EUR/MWh,DK2,DK_2,imbalance_price,Long,2026-09-19T19:21:55Z
2026-09-19T19:18:14Z,2026-09-19T21:18:14+0200,626cbb1e-1fe0-4540-94c7-9134fab531b6,2026-09-19T04:45:00Z,2026-09-19T06:45:00+0200,-10.04,EUR/MWh,DK2,DK_2,imbalance_price,Short,2026-09-19T19:21:55Z
2026-09-19T19:18:14Z,2026-09-19T21:18:14+0200,626cbb1e-1fe0-4540-94c7-9134fab531b6,2026-09-19T05:00:00Z,2026-09-19T07:00:00+0200,-31.01,EUR/MWh,DK2,DK_2,imbalance_price,Long,2026-09-19T19:21:55Z
2026-09-19T19:18:14Z,2026-09-19T21:18:14+0200,626cbb1e-1fe0-4540-94c7-9134fab531b6,2026-09-19T05:00:00Z,2026-09-19T07:00:00+0200,-31.01,EUR/MWh,DK2,DK_2,imbalance_price,Short,2026-09-19T19:21:55Z
2026-09-19T19:18:14Z,2026-09-19T21:18:14+0200,626cbb1e-1fe0-4540-94c7-9134fab531b6,2026-09-19T05:15:00Z,2026-09-19T07:15:00+0200,-9.52,EUR/MWh,DK2,DK_2,imbalance_price,Long,2026-09-19T19:21:55Z
2026-09-19T19:18:14Z,2026-09-19T21:18:14+0200,626cbb1e-1fe0-4540-94c7-9134fab531b6,2026-09-19T05:15:00Z,2026-09-19T07:15:00+0200,-9.52,EUR/MWh,DK2,DK_2,imbalance_price,Short,2026-09-19T19:21:55Z
2026-09-19T19:18:14Z,2026-09-19T21:18:14+0200,626cbb1e-1fe0-4540-94c7-9134fab531b6,2026-09-19T05:30:00Z,2026-09-19T07:30:00+0200,-2.08,EUR/MWh,DK2,DK_2,imbalance_price,Long,2026-09-19T19:21:55Z
2026-09-19T19:18:14Z,2026-09-19T21:18:14+0200,626cbb1e-1fe0-4540-94c7-9134fab531b6,2026-09-19T05:30:00Z,2026-09-19T07:30:00+0200,-2.08,EUR/MWh,DK2,DK_2,imbalance_price,Short,2026-09-19T19:21:55Z
2026-09-19T19:18:14Z,2026-09-19T21:18:14+0200,626cbb1e-1fe0-4540-94c7-9134fab531b6,2026-09-19T05:45:00Z,2026-09-19T07:45:00+0200,-7.63,EUR/MWh,DK2,DK_2,imbalance_price,Long,2026-09-19T19:21:55Z
2026-09-19T19:18:14Z,2026-09-19T21:18:14+0200,626cbb1e-1fe0-4540-94c7-9134fab531b6,2026-09-19T05:45:00Z,2026-09-19T07:45:00+0200,-7.63,EUR/MWh,DK2,DK_2,imbalance_price,Short,2026-09-19T19:21:55Z
2026-09-19T19:18:14Z,2026-09-19T21:18:14+0200,626cbb1e-1fe0-4540-94c7-9134fab531b6,2026-09-19T06:00:00Z,2026-09-19T08:00:00+0200,0.33,EUR/MWh,DK2,DK_2,imbalance_price,Long,2026-09-19T19:21:55Z
2026-09-19T19:18:14Z,2026-09-19T21:18:14+0200,626cbb1e-1fe0-4540-94c7-9134fab531b6,2026-09-19T06:00:00Z,2026-09-19T08:00:00+0200,0.33,EUR/MWh,DK2,DK_2,imbalance_price,Short,2026-09-19T19:21:55Z
2026-09-19T19:18:14Z,2026-09-19T21:18:14+0200,626cbb1e-1fe0-4540-94c7-9134fab531b6,2026-09-19T06:15:00Z,2026-09-19T08:15:00+0200,-8.12,EUR/MWh,DK2,DK_2,imbalance_price,Long,2026-09-19T19:21:55Z
2026-09-19T19:18:14Z,2026-09-19T21:18:14+0200,626cbb1e-1fe0-4540-94c7-9134fab531b6,2026-09-19T06:15:00Z,2026-09-19T08:15:00+0200,-8.12,EUR/MWh,DK2,DK_2,imbalance_price,Short,2026-09-19T19:21:55Z
2026-09-19T19:18:14Z,2026-09-19T21:18:14+0200,626cbb1e-1fe0-4540-94c7-9134fab531b6,2026-09-19T06:30:00Z,2026-09-19T08:30:00+0200,-8.66,EUR/MWh,DK2,DK_2,imbalance_price,Long,2026-09-19T19:21:55Z
2026-09-19T19:18:14Z,2026-09-19T21:18:14+0200,626cbb1e-1fe0-4540-94c7-9134fab531b6,2026-09-19T06:30:00Z,2026-09-19T08:30:00+0200,-8.66,EUR/MWh,DK2,DK_2,imbalance_price,Short,2026-09-19T19:21:55Z
2026-09-19T19:18:14Z,2026-09-19T21:18:14+0200,626cbb1e-1fe0-4540-94c7-9134fab531b6,2026-09-19T06:45:00Z,2026-09-19T08:45:00+0200,-8.0,EUR/MWh,DK2,DK_2,imbalance_price,Long,2026-09-19T19:21:55Z
2026-09-19T19:18:14Z,2026-09-19T21:18:14+0200,626cbb1e-1fe0-4540-94c7-9134fab531b6,2026-09-19T06:45:00Z,2026-09-19T08:45:00+0200,-8.0,EUR/MWh,DK2,DK_2,imbalance_price,Short,2026-09-19T19:21:55Z
2026-09-19T19:18:14Z,2026-09-19T21:18:14+0200,626cbb1e-1fe0-4540-94c7-9134fab531b6,2026-09-19T07:00:00Z,2026-09-19T09:00:00+0200,-9.24,EUR/MWh,DK2,DK_2,imbalance_price,Long,2026-09-19T19:21:55Z
2026-09-19T19:18:14Z,2026-09-19T21:18:14+0200,626cbb1e-1fe0-4540-94c7-9134fab531b6,2026-09-19T07:00:00Z,2026-09-19T09:00:00+0200,-9.24,EUR/MWh,DK2,DK_2,imbalance_price,Short,2026-09-19T19:21:55Z
2026-09-19T19:18:14Z,2026-09-19T21:18:14+0200,626cbb1e-1fe0-4540-94c7-9134fab531b6,2026-09-19T07:15:00Z,2026-09-19T09:15:00+0200,4.98,EUR/MWh,DK2,DK_2,imbalance_price,Long,2026-09-19T19:21:55Z
2026-09-19T19:18:14Z,2026-09-19T21:18:14+0200,626cbb1e-1fe0-4540-94c7-9134fab531b6,2026-09-19T07:15:00Z,2026-09-19T09:15:00+0200,4.98,EUR/MWh,DK2,DK_2,imbalance_price,Short,2026-09-19T19:21:55Z
2026-09-19T19:18:14Z,2026-09-19T21:18:14+0200,626cbb1e-1fe0-4540-94c7-9134fab531b6,2026-09-19T07:30:00Z,2026-09-19T09:30:00+0200,3.02,EUR/MWh,DK2,DK_2,imbalance_price,Long,2026-09-19T19:21:55Z
2026-09-19T19:18:14Z,2026-09-19T21:18:14+0200,626cbb1e-1fe0-4540-94c7-9134fab531b6,2026-09-19T07:30:00Z,2026-09-19T09:30:00+0200,3.02,EUR/MWh,DK2,DK_2,imbalance_price,Short,2026-09-19T19:21:55Z
2026-09-19T19:18:14Z,2026-09-19T21:18:14+0200,626cbb1e-1fe0-4540-94c7-9134fab531b6,2026-09-19T07:45:00Z,2026-09-19T09:45:00+0200,1.28,EUR/MWh,DK2,DK_2,imbalance_price,Long,2026-09-19T19:21:55Z
2026-09-19T19:18:14Z,2026-09-19T21:18:14+0200,626cbb1e-1fe0-4540-94c7-9134fab531b6,2026-09-19T07:45:00Z,2026-09-19T09:45:00+0200,1.28,EUR/MWh,DK2,DK_2,imbalance_price,Short,2026-09-19T19:21:55Z
2026-09-19T19:18:14Z,2026-09-19T21:18:14+0200,626cbb1e-1fe0-4540-94c7-9134fab531b6,2026-09-19T08:00:00Z,2026-09-19T10:00:00+0200,1.6,EUR/MWh,DK2,DK_2,imbalance_price,Long,2026-09-19T19:21:55Z
2026-09-19T19:18:14Z,2026-09-19T21:18:14+0200,626cbb1e-1fe0-4540-94c7-9134fab531b6,2026-09-19T08:00:00Z,2026-09-19T10:00:00+0200,1.6,EUR/MWh,DK2,DK_2,imbalance_price,Short,2026-09-19T19:21:55Z
2026-09-19T19:18:14Z,2026-09-19T21:18:14+0200,626cbb1e-1fe0-4540-94c7-9134fab531b6,2026-09-19T08:15:00Z,2026-09-19T10:15:00+0200,1.2,EUR/MWh,DK2,DK_2,imbalance_price,Long,2026-09-19T19:21:55Z
2026-09-19T19:18:14Z,2026-09-19T21:18:14+0200,626cbb1e-1fe0-4540-94c7-9134fab531b6,2026-09-19T08:15:00Z,2026-09-19T10:15:00+0200,1.2,EUR/MWh,DK2,DK_2,imbalance_price,Short,2026-09-19T19:21:55Z
2026-09-19T19:18:14Z,2026-09-19T21:18:14+0200,626cbb1e-1fe0-4540-94c7-9134fab531b6,2026-09-19T08:30:00Z,2026-09-19T10:30:00+0200,-23.14,EUR/MWh,DK2,DK_2,imbalance_price,Long,2026-09-19T19:21:55Z
2026-09-19T19:18:14Z,2026-09-19T21:18:14+0200,626cbb1e-1fe0-4540-94c7-9134fab531b6,2026-09-19T08:30:00Z,2026-09-19T10:30:00+0200,-23.14,EUR/MWh,DK2,DK_2,imbalance_price,Short,2026-09-19T19:21:55Z
2026-09-19T19:18:14Z,2026-09-19T21:18:14+0200,626cbb1e-1fe0-4540-94c7-9134fab531b6,2026-09-19T08:45:00Z,2026-09-19T10:45:00+0200,-18.31,EUR/MWh,DK2,DK_2,imbalance_price,Long,2026-09-19T19:21:55Z
2026-09-19T19:18:14Z,2026-09-19T21:18:14+0200,626cbb1e-1fe0-4540-94c7-9134fab531b6,2026-09-19T08:45:00Z,2026-09-19T10:45:00+0200,-18.31,EUR/MWh,DK2,DK_2,imbalance_price,Short,2026-09-19T19:21:55Z
2026-09-19T19:18:14Z,2026-09-19T21:18:14+0200,626cbb1e-1fe0-4540-94c7-9134fab531b6,2026-09-19T09:00:00Z,2026-09-19T11:00:00+0200,-26.97,EUR/MWh,DK2,DK_2,imbalance_price,Long,2026-09-19T19:21:55Z
2026-09-19T19:18:14Z,2026-09-19T21:18:14+0200,626cbb1e-1fe0-4540-94c7-9134fab531b6,2026-09-19T09:00:00Z,2026-09-19T11:00:00+0200,-26.97,EUR/MWh,DK2,DK_2,imbalance_price,Short,2026-09-19T19:21:55Z
2026-09-19T19:18:14Z,2026-09-19T21:18:14+0200,626cbb1e-1fe0-4540-94c7-9134fab531b6,2026-09-19T09:15:00Z,2026-09-19T11:15:00+0200,-23.92,EUR/MWh,DK2,DK_2,imbalance_price,Long,2026-09-19T19:21:55Z
2026-09-19T19:18:14Z,2026-09-19T21:18:14+0200,626cbb1e-1fe0-4540-94c7-9134fab531b6,2026-09-19T09:15:00Z,2026-09-19T11:15:00+0200,-23.92,EUR/MWh,DK2,DK_2,imbalance_price,Short,2026-09-19T19:21:55Z
2026-09-19T19:18:14Z,2026-09-19T21:18:14+0200,626cbb1e-1fe0-4540-94c7-9134fab531b6,2026-09-19T09:30:00Z,2026-09-19T11:30:00+0200,0.38,EUR/MWh,DK2,DK_2,imbalance_price,Long,2026-09-19T19:21:55Z
2026-09-19T19:18:14Z,2026-09-19T21:18:14+0200,626cbb1e-1fe0-4540-94c7-9134fab531b6,2026-09-19T09:30:00Z,2026-09-19T11:30:00+0200,0.38,EUR/MWh,DK2,DK_2,imbalance_price,Short,2026-09-19T19:21:55Z
2026-09-19T19:18:14Z,2026-09-19T21:18:14+0200,626cbb1e-1fe0-4540-94c7-9134fab531b6,2026-09-19T09:45:00Z,2026-09-19T11:45:00+0200,0.35,EUR/MWh,DK2,DK_2,imbalance_price,Long,2026-09-19T19:21:55Z
2026-09-19T19:18:14Z,2026-09-19T21:18:14+0200,626cbb1e-1fe0-4540-94c7-9134fab531b6,2026-09-19T09:45:00Z,2026-09-19T11:45:00+0200,0.35,EUR/MWh,DK2,DK_2,imbalance_price,Short,2026-09-19T19:21:55Z
2026-09-19T19:18:14Z,2026-09-19T21:18:14+0200,626cbb1e-1fe0-4540-94c7-9134fab531b6,2026-09-19T10:00:00Z,2026-09-19T12:00:00+0200,-0.01,EUR/MWh,DK2,DK_2,imbalance_price,Long,2026-09-19T19:21:55Z
2026-09-19T19:18:14Z,2026-09-19T21:18:14+0200,626cbb1e-1fe0-4540-94c7-9134fab531b6,2026-09-19T10:00:00Z,2026-09-19T12:00:00+0200,-0.01,EUR/MWh,DK2,DK_2,imbalance_price,Short,2026-09-19T19:21:55Z
2026-09-19T19:18:14Z,2026-09-19T21:18:14+0200,626cbb1e-1fe0-4540-94c7-9134fab531b6,2026-09-19T10:15:00Z,2026-09-19T12:15:00+0200,-0.01,EUR/MWh,DK2,DK_2,imbalance_price,Long,2026-09-19T19:21:55Z
2026-09-19T19:18:14Z,2026-09-19T21:18:14+0200,626cbb1e-1fe0-4540-94c7-9134fab531b6,2026-09-19T10:15:00Z,2026-09-19T12:15:00+0200,-0.01,EUR/MWh,DK2,DK_2,imbalance_price,Short,2026-09-19T19:21:55Z
2026-09-19T19:18:14Z,2026-09-19T21:18:14+0200,626cbb1e-1fe0-4540-94c7-9134fab531b6,2026-09-19T10:30:00Z,2026-09-19T12:30:00+0200,-13.33,EUR/MWh,DK2,DK_2,imbalance_price,Long,2026-09-19T19:21:55Z
2026-09-19T19:18:14Z,2026-09-19T21:18:14+0200,626cbb1e-1fe0-4540-94c7-9134fab531b6,2026-09-19T10:30:00Z,2026-09-19T12:30:00+0200,-13.33,EUR/MWh,DK2,DK_2,imbalance_price,Short,2026-09-19T19:21:55Z
2026-09-19T19:18:14Z,2026-09-19T21:18:14+0200,626cbb1e-1fe0-4540-94c7-9134fab531b6,2026-09-19T10:45:00Z,2026-09-19T12:45:00+0200,-13.43,EUR/MWh,DK2,DK_2,imbalance_price,Long,2026-09-19T19:21:55Z
2026-09-19T19:18:14Z,2026-09-19T21:18:14+0200,626cbb1e-1fe0-4540-94c7-9134fab531b6,2026-09-19T10:45:00Z,2026-09-19T12:45:00+0200,-13.43,EUR/MWh,DK2,DK_2,imbalance_price,Short,2026-09-19T19:21:55Z
2026-09-19T19:18:14Z,2026-09-19T21:18:14+0200,626cbb1e-1fe0-4540-94c7-9134fab531b6,2026-09-19T11:00:00Z,2026-09-19T13:00:00+0200,-4.86,EUR/MWh,DK2,DK_2,imbalance_price,Long,2026-09-19T19:21:55Z
2026-09-19T19:18:14Z,2026-09-19T21:18:14+0200,626cbb1e-1fe0-4540-94c7-9134fab531b6,2026-09-19T11:00:00Z,2026-09-19T13:00:00+0200,-4.86,EUR/MWh,DK2,DK_2,imbalance_price,Short,2026-09-19T19:21:55Z
2026-09-19T19:18:14Z,2026-09-19T21:18:14+0200,626cbb1e-1fe0-4540-94c7-9134fab531b6,2026-09-19T11:15:00Z,2026-09-19T13:15:00+0200,-9.24,EUR/MWh,DK2,DK_2,imbalance_price,Long,2026-09-19T19:21:55Z
2026-09-19T19:18:14Z,2026-09-19T21:18:14+0200,626cbb1e-1fe0-4540-94c7-9134fab531b6,2026-09-19T11:15:00Z,2026-09-19T13:15:00+0200,-9.24,EUR/MWh,DK2,DK_2,imbalance_price,Short,2026-09-19T19:21:55Z
2026-09-19T19:18:14Z,2026-09-19T21:18:14+0200,626cbb1e-1fe0-4540-94c7-9134fab531b6,2026-09-19T11:30:00Z,2026-09-19T13:30:00+0200,-6.67,EUR/MWh,DK2,DK_2,imbalance_price,Long,2026-09-19T19:21:55Z
2026-09-19T19:18:14Z,2026-09-19T21:18:14+0200,626cbb1e-1fe0-4540-94c7-9134fab531b6,2026-09-19T11:30:00Z,2026-09-19T13:30:00+0200,-6.67,EUR/MWh,DK2,DK_2,imbalance_price,Short,2026-09-19T19:21:55Z
2026-09-19T19:18:14Z,2026-09-19T21:18:14+0200,626cbb1e-1fe0-4540-94c7-9134fab531b6,2026-09-19T11:45:00Z,2026-09-19T13:45:00+0200,-2.0,EUR/MWh,DK2,DK_2,imbalance_price,Long,2026-09-19T19:21:55Z
2026-09-19T19:18:14Z,2026-09-19T21:18:14+0200,626cbb1e-1fe0-4540-94c7-9134fab531b6,2026-09-19T11:45:00Z,2026-09-19T13:45:00+0200,-2.0,EUR/MWh,DK2,DK_2,imbalance_price,Short,2026-09-19T19:21:55Z
2026-09-19T19:18:14Z,2026-09-19T21:18:14+0200,626cbb1e-1fe0-4540-94c7-9134fab531b6,2026-09-19T12:00:00Z,2026-09-19T14:00:00+0200,-1.07,EUR/MWh,DK2,DK_2,imbalance_price,Long,2026-09-19T19:21:55Z
2026-09-19T19:18:14Z,2026-09-19T21:18:14+0200,626cbb1e-1fe0-4540-94c7-9134fab531b6,2026-09-19T12:00:00Z,2026-09-19T14:00:00+0200,-1.07,EUR/MWh,DK2,DK_2,imbalance_price,Short,2026-09-19T19:21:55Z
2026-09-19T19:18:14Z,2026-09-19T21:18:14+0200,626cbb1e-1fe0-4540-94c7-9134fab531b6,2026-09-19T12:15:00Z,2026-09-19T14:15:00+0200,-1.06,EUR/MWh,DK2,DK_2,imbalance_price,Long,2026-09-19T19:21:55Z
2026-09-19T19:18:14Z,2026-09-19T21:18:14+0200,626cbb1e-1fe0-4540-94c7-9134fab531b6,2026-09-19T12:15:00Z,2026-09-19T14:15:00+0200,-1.06,EUR/MWh,DK2,DK_2,imbalance_price,Short,2026-09-19T19:21:55Z
2026-09-19T19:18:14Z,2026-09-19T21:18:14+0200,626cbb1e-1fe0-4540-94c7-9134fab531b6,2026-09-19T12:30:00Z,2026-09-19T14:30:00+0200,-0.94,EUR/MWh,DK2,DK_2,imbalance_price,Long,2026-09-19T19:21:55Z
2026-09-19T19:18:14Z,2026-09-19T21:18:14+0200,626cbb1e-1fe0-4540-94c7-9134fab531b6,2026-09-19T12:30:00Z,2026-09-19T14:30:00+0200,-0.94,EUR/MWh,DK2,DK_2,imbalance_price,Short,2026-09-19T19:21:55Z
2026-09-19T19:18:14Z,2026-09-19T21:18:14+0200,626cbb1e-1fe0-4540-94c7-9134fab531b6,2026-09-19T12:45:00Z,2026-09-19T14:45:00+0200,-0.1,EUR/MWh,DK2,DK_2,imbalance_price,Long,2026-09-19T19:21:55Z
2026-09-19T19:18:14Z,2026-09-19T21:18:14+0200,626cbb1e-1fe0-4540-94c7-9134fab531b6,2026-09-19T12:45:00Z,2026-09-19T14:45:00+0200,-0.1,EUR/MWh,DK2,DK_2,imbalance_price,Short,2026-09-19T19:21:55Z
2026-09-19T19:18:14Z,2026-09-19T21:18:14+0200,626cbb1e-1fe0-4540-94c7-9134fab531b6,2026-09-19T13:00:00Z,2026-09-19T15:00:00+0200,-1.48,EUR/MWh,DK2,DK_2,imbalance_price,Long,2026-09-19T19:21:55Z
2026-09-19T19:18:14Z,2026-09-19T21:18:14+0200,626cbb1e-1fe0-4540-94c7-9134fab531b6,2026-09-19T13:00:00Z,2026-09-19T15:00:00+0200,-1.48,EUR/MWh,DK2,DK_2,imbalance_price,Short,2026-09-19T19:21:55Z
2026-09-19T19:18:14Z,2026-09-19T21:18:14+0200,626cbb1e-1fe0-4540-94c7-9134fab531b6,2026-09-19T13:15:00Z,2026-09-19T15:15:00+0200,1.0,EUR/MWh,DK2,DK_2,imbalance_price,Long,2026-09-19T19:21:55Z
2026-09-19T19:18:14Z,2026-09-19T21:18:14+0200,626cbb1e-1fe0-4540-94c7-9134fab531b6,2026-09-19T13:15:00Z,2026-09-19T15:15:00+0200,1.0,EUR/MWh,DK2,DK_2,imbalance_price,Short,2026-09-19T19:21:55Z
2026-09-19T19:18:14Z,2026-09-19T21:18:14+0200,626cbb1e-1fe0-4540-94c7-9134fab531b6,2026-09-19T13:30:00Z,2026-09-19T15:30:00+0200,-0.88,EUR/MWh,DK2,DK_2,imbalance_price,Long,2026-09-19T19:21:55Z
2026-09-19T19:18:14Z,2026-09-19T21:18:14+0200,626cbb1e-1fe0-4540-94c7-9134fab531b6,2026-09-19T13:30:00Z,2026-09-19T15:30:00+0200,-0.88,EUR/MWh,DK2,DK_2,imbalance_price,Short,2026-09-19T19:21:55Z
2026-09-19T19:18:14Z,2026-09-19T21:18:14+0200,626cbb1e-1fe0-4540-94c7-9134fab531b6,2026-09-19T13:45:00Z,2026-09-19T15:45:00+0200,-4.8,EUR/MWh,DK2,DK_2,imbalance_price,Long,2026-09-19T19:21:55Z
2026-09-19T19:18:14Z,2026-09-19T21:18:14+0200,626cbb1e-1fe0-4540-94c7-9134fab531b6,2026-09-19T13:45:00Z,2026-09-19T15:45:00+0200,-4.8,EUR/MWh,DK2,DK_2,imbalance_price,Short,2026-09-19T19:21:55Z
2026-09-19T19:18:14Z,2026-09-19T21:18:14+0200,626cbb1e-1fe0-4540-94c7-9134fab531b6,2026-09-19T14:00:00Z,2026-09-19T16:00:00+0200,1.19,EUR/MWh,DK2,DK_2,imbalance_price,Long,2026-09-19T19:21:55Z
2026-09-19T19:18:14Z,2026-09-19T21:18:14+0200,626cbb1e-1fe0-4540-94c7-9134fab531b6,2026-09-19T14:00:00Z,2026-09-19T16:00:00+0200,1.19,EUR/MWh,DK2,DK_2,imbalance_price,Short,2026-09-19T19:21:55Z
2026-09-19T19:18:14Z,2026-09-19T21:18:14+0200,626cbb1e-1fe0-4540-94c7-9134fab531b6,2026-09-19T14:15:00Z,2026-09-19T16:15:00+0200,1.0,EUR/MWh,DK2,DK_2,imbalance_price,Long,2026-09-19T19:21:55Z
2026-09-19T19:18:14Z,2026-09-19T21:18:14+0200,626cbb1e-1fe0-4540-94c7-9134fab531b6,2026-09-19T14:15:00Z,2026-09-19T16:15:00+0200,1.0,EUR/MWh,DK2,DK_2,imbalance_price,Short,2026-09-19T19:21:55Z
2026-09-19T19:18:14Z,2026-09-19T21:18:14+0200,626cbb1e-1fe0-4540-94c7-9134fab531b6,2026-09-19T14:30:00Z,2026-09-19T16:30:00+0200,-15.24,EUR/MWh,DK2,DK_2,imbalance_price,Long,2026-09-19T19:21:55Z
2026-09-19T19:18:14Z,2026-09-19T21:18:14+0200,626cbb1e-1fe0-4540-94c7-9134fab531b6,2026-09-19T14:30:00Z,2026-09-19T16:30:00+0200,-15.24,EUR/MWh,DK2,DK_2,imbalance_price,Short,2026-09-19T19:21:55Z
2026-09-19T19:18:14Z,2026-09-19T21:18:14+0200,626cbb1e-1fe0-4540-94c7-9134fab531b6,2026-09-19T14:45:00Z,2026-09-19T16:45:00+0200,-17.44,EUR/MWh,DK2,DK_2,imbalance_price,Long,2026-09-19T19:21:55Z
2026-09-19T19:18:14Z,2026-09-19T21:18:14+0200,626cbb1e-1fe0-4540-94c7-9134fab531b6,2026-09-19T14:45:00Z,2026-09-19T16:45:00+0200,-17.44,EUR/MWh,DK2,DK_2,imbalance_price,Short,2026-09-19T19:21:55Z
2026-09-19T19:18:14Z,2026-09-19T21:18:14+0200,626cbb1e-1fe0-4540-94c7-9134fab531b6,2026-09-19T15:00:00Z,2026-09-19T17:00:00+0200,-17.65,EUR/MWh,DK2,DK_2,imbalance_price,Long,2026-09-19T19:21:55Z
2026-09-19T19:18:14Z,2026-09-19T21:18:14+0200,626cbb1e-1fe0-4540-94c7-9134fab531b6,2026-09-19T15:00:00Z,2026-09-19T17:00:00+0200,-17.65,EUR/MWh,DK2,DK_2,imbalance_price,Short,2026-09-19T19:21:55Z
2026-09-19T19:18:14Z,2026-09-19T21:18:14+0200,626cbb1e-1fe0-4540-94c7-9134fab531b6,2026-09-19T15:15:00Z,2026-09-19T17:15:00+0200,4.32,EUR/MWh,DK2,DK_2,imbalance_price,Long,2026-09-19T19:21:55Z
2026-09-19T19:18:14Z,2026-09-19T21:18:14+0200,626cbb1e-1fe0-4540-94c7-9134fab531b6,2026-09-19T15:15:00Z,2026-09-19T17:15:00+0200,4.32,EUR/MWh,DK2,DK_2,imbalance_price,Short,2026-09-19T19:21:55Z
2026-09-19T19:18:14Z,2026-09-19T21:18:14+0200,626cbb1e-1fe0-4540-94c7-9134fab531b6,2026-09-19T15:30:00Z,2026-09-19T17:30:00+0200,6.82,EUR/MWh,DK2,DK_2,imbalance_price,Long,2026-09-19T19:21:55Z
2026-09-19T19:18:14Z,2026-09-19T21:18:14+0200,626cbb1e-1fe0-4540-94c7-9134fab531b6,2026-09-19T15:30:00Z,2026-09-19T17:30:00+0200,6.82,EUR/MWh,DK2,DK_2,imbalance_price,Short,2026-09-19T19:21:55Z
2026-09-19T19:18:14Z,2026-09-19T21:18:14+0200,626cbb1e-1fe0-4540-94c7-9134fab531b6,2026-09-19T15:45:00Z,2026-09-19T17:45:00+0200,-33.35,EUR/MWh,DK2,DK_2,imbalance_price,Long,2026-09-19T19:21:55Z
2026-09-19T19:18:14Z,2026-09-19T21:18:14+0200,626cbb1e-1fe0-4540-94c7-9134fab531b6,2026-09-19T15:45:00Z,2026-09-19T17:45:00+0200,-33.35,EUR/MWh,DK2,DK_2,imbalance_price,Short,2026-09-19T19:21:55Z
2026-09-19T19:18:14Z,2026-09-19T21:18:14+0200,626cbb1e-1fe0-4540-94c7-9134fab531b6,2026-09-19T16:00:00Z,2026-09-19T18:00:00+0200,-7.21,EUR/MWh,DK2,DK_2,imbalance_price,Long,2026-09-19T19:21:55Z
2026-09-19T19:18:14Z,2026-09-19T21:18:14+0200,626cbb1e-1fe0-4540-94c7-9134fab531b6,2026-09-19T16:00:00Z,2026-09-19T18:00:00+0200,-7.21,EUR/MWh,DK2,DK_2,imbalance_price,Short,2026-09-19T19:21:55Z
2026-09-19T19:18:14Z,2026-09-19T21:18:14+0200,626cbb1e-1fe0-4540-94c7-9134fab531b6,2026-09-19T16:15:00Z,2026-09-19T18:15:00+0200,-13.86,EUR/MWh,DK2,DK_2,imbalance_price,Long,2026-09-19T19:21:55Z
2026-09-19T19:18:14Z,2026-09-19T21:18:14+0200,626cbb1e-1fe0-4540-94c7-9134fab531b6,2026-09-19T16:15:00Z,2026-09-19T18:15:00+0200,-13.86,EUR/MWh,DK2,DK_2,imbalance_price,Short,2026-09-19T19:21:55Z
2026-09-19T19:18:14Z,2026-09-19T21:18:14+0200,626cbb1e-1fe0-4540-94c7-9134fab531b6,2026-09-19T16:30:00Z,2026-09-19T18:30:00+0200,-4.8,EUR/MWh,DK2,DK_2,imbalance_price,Long,2026-09-19T19:21:55Z
2026-09-19T19:18:14Z,2026-09-19T21:18:14+0200,626cbb1e-1fe0-4540-94c7-9134fab531b6,2026-09-19T16:30:00Z,2026-09-19T18:30:00+0200,-4.8,EUR/MWh,DK2,DK_2,imbalance_price,Short,2026-09-19T19:21:55Z
2026-09-19T19:18:14Z,2026-09-19T21:18:14+0200,626cbb1e-1fe0-4540-94c7-9134fab531b6,2026-09-19T16:45:00Z,2026-09-19T18:45:00+0200,-2.3,EUR/MWh,DK2,DK_2,imbalance_price,Long,2026-09-19T19:21:55Z
2026-09-19T19:18:14Z,2026-09-19T21:18:14+0200,626cbb1e-1fe0-4540-94c7-9134fab531b6,2026-09-19T16:45:00Z,2026-09-19T18:45:00+0200,-2.3,EUR/MWh,DK2,DK_2,imbalance_price,Short,2026-09-19T19:21:55Z
2026-09-19T19:18:14Z,2026-09-19T21:18:14+0200,626cbb1e-1fe0-4540-94c7-9134fab531b6,2026-09-19T17:00:00Z,2026-09-19T19:00:00+0200,68.18,EUR/MWh,DK2,DK_2,imbalance_price,Long,2026-09-19T19:21:55Z
2026-09-19T19:18:14Z,2026-09-19T21:18:14+0200,626cbb1e-1fe0-4540-94c7-9134fab531b6,2026-09-19T17:00:00Z,2026-09-19T19:00:00+0200,68.18,EUR/MWh,DK2,DK_2,imbalance_price,Short,2026-09-19T19:21:55Z
2026-09-19T19:18:14Z,2026-09-19T21:18:14+0200,626cbb1e-1fe0-4540-94c7-9134fab531b6,2026-09-19T17:15:00Z,2026-09-19T19:15:00+0200,-15.33,EUR/MWh,DK2,DK_2,imbalance_price,Long,2026-09-19T19:21:55Z
2026-09-19T19:18:14Z,2026-09-19T21:18:14+0200,626cbb1e-1fe0-4540-94c7-9134fab531b6,2026-09-19T17:15:00Z,2026-09-19T19:15:00+0200,-15.33,EUR/MWh,DK2,DK_2,imbalance_price,Short,2026-09-19T19:21:55Z
2026-09-19T19:18:14Z,2026-09-19T21:18:14+0200,626cbb1e-1fe0-4540-94c7-9134fab531b6,2026-09-19T17:30:00Z,2026-09-19T19:30:00+0200,-2.64,EUR/MWh,DK2,DK_2,imbalance_price,Long,2026-09-19T19:21:55Z
2026-09-19T19:18:14Z,2026-09-19T21:18:14+0200,626cbb1e-1fe0-4540-94c7-9134fab531b6,2026-09-19T17:30:00Z,2026-09-19T19:30:00+0200,-2.64,EUR/MWh,DK2,DK_2,imbalance_price,Short,2026-09-19T19:21:55Z
2026-09-19T19:18:14Z,2026-09-19T21:18:14+0200,626cbb1e-1fe0-4540-94c7-9134fab531b6,2026-09-19T17:45:00Z,2026-09-19T19:45:00+0200,18.17,EUR/MWh,DK2,DK_2,imbalance_price,Long,2026-09-19T19:21:55Z
2026-09-19T19:18:14Z,2026-09-19T21:18:14+0200,626cbb1e-1fe0-4540-94c7-9134fab531b6,2026-09-19T17:45:00Z,2026-09-19T19:45:00+0200,18.17,EUR/MWh,DK2,DK_2,imbalance_price,Short,2026-09-19T19:21:55Z
2026-09-19T19:18:14Z,2026-09-19T21:18:14+0200,626cbb1e-1fe0-4540-94c7-9134fab531b6,2026-09-19T18:00:00Z,2026-09-19T20:00:00+0200,7.72,EUR/MWh,DK2,DK_2,imbalance_price,Long,2026-09-19T19:21:55Z
2026-09-19T19:18:14Z,2026-09-19T21:18:14+0200,626cbb1e-1fe0-4540-94c7-9134fab531b6,2026-09-19T18:00:00Z,2026-09-19T20:00:00+0200,7.72,EUR/MWh,DK2,DK_2,imbalance_price,Short,2026-09-19T19:21:55Z
2026-09-19T19:18:14Z,2026-09-19T21:18:14+0200,626cbb1e-1fe0-4540-94c7-9134fab531b6,2026-09-19T18:15:00Z,2026-09-19T20:15:00+0200,82.15,EUR/MWh,DK2,DK_2,imbalance_price,Long,2026-09-19T19:21:55Z
2026-09-19T19:18:14Z,2026-09-19T21:18:14+0200,626cbb1e-1fe0-4540-94c7-9134fab531b6,2026-09-19T18:15:00Z,2026-09-19T20:15:00+0200,82.15,EUR/MWh,DK2,DK_2,imbalance_price,Short,2026-09-19T19:21:55Z
