collection_time_utc,collection_time_local,run_id,timestamp_utc,timestamp_local,value,unit,country,entsoe_area,variable,source,updated_at_utc
2026-07-08T18:58:29Z,2026-07-08T20:58:29+0200,e401fd36-f4a8-45e5-ad91-bdd87731a7ba,2026-06-07T19:00:00Z,2026-06-07T21:00:00+0200,3752.42,MW,DE,DE_LU,actual_offshore_wind_generation,Wind Offshore,2026-07-08T18:59:57Z
2026-07-08T18:58:29Z,2026-07-08T20:58:29+0200,e401fd36-f4a8-45e5-ad91-bdd87731a7ba,2026-06-07T19:15:00Z,2026-06-07T21:15:00+0200,3666.955,MW,DE,DE_LU,actual_offshore_wind_generation,Wind Offshore,2026-07-08T18:59:57Z
2026-07-08T18:58:29Z,2026-07-08T20:58:29+0200,e401fd36-f4a8-45e5-ad91-bdd87731a7ba,2026-06-07T19:30:00Z,2026-06-07T21:30:00+0200,3567.646,MW,DE,DE_LU,actual_offshore_wind_generation,Wind Offshore,2026-07-08T18:59:57Z
2026-07-08T18:58:29Z,2026-07-08T20:58:29+0200,e401fd36-f4a8-45e5-ad91-bdd87731a7ba,2026-06-07T19:45:00Z,2026-06-07T21:45:00+0200,3424.506,MW,DE,DE_LU,actual_offshore_wind_generation,Wind Offshore,2026-07-08T18:59:57Z
2026-07-08T18:58:29Z,2026-07-08T20:58:29+0200,e401fd36-f4a8-45e5-ad91-bdd87731a7ba,2026-06-07T20:00:00Z,2026-06-07T22:00:00+0200,3413.988,MW,DE,DE_LU,actual_offshore_wind_generation,Wind Offshore,2026-07-08T18:59:57Z
2026-07-08T18:58:29Z,2026-07-08T20:58:29+0200,e401fd36-f4a8-45e5-ad91-bdd87731a7ba,2026-06-07T20:15:00Z,2026-06-07T22:15:00+0200,3432.016,MW,DE,DE_LU,actual_offshore_wind_generation,Wind Offshore,2026-07-08T18:59:57Z
2026-07-08T18:58:29Z,2026-07-08T20:58:29+0200,e401fd36-f4a8-45e5-ad91-bdd87731a7ba,2026-06-07T20:30:00Z,2026-06-07T22:30:00+0200,3433.795,MW,DE,DE_LU,actual_offshore_wind_generation,Wind Offshore,2026-07-08T18:59:57Z
2026-07-08T18:58:29Z,2026-07-08T20:58:29+0200,e401fd36-f4a8-45e5-ad91-bdd87731a7ba,2026-06-07T20:45:00Z,2026-06-07T22:45:00+0200,3280.236,MW,DE,DE_LU,actual_offshore_wind_generation,Wind Offshore,2026-07-08T18:59:57Z
2026-07-08T18:58:29Z,2026-07-08T20:58:29+0200,e401fd36-f4a8-45e5-ad91-bdd87731a7ba,2026-06-07T21:00:00Z,2026-06-07T23:00:00+0200,3056.134,MW,DE,DE_LU,actual_offshore_wind_generation,Wind Offshore,2026-07-08T18:59:57Z
2026-07-08T18:58:29Z,2026-07-08T20:58:29+0200,e401fd36-f4a8-45e5-ad91-bdd87731a7ba,2026-06-07T21:15:00Z,2026-06-07T23:15:00+0200,2950.375,MW,DE,DE_LU,actual_offshore_wind_generation,Wind Offshore,2026-07-08T18:59:57Z
2026-07-08T18:58:29Z,2026-07-08T20:58:29+0200,e401fd36-f4a8-45e5-ad91-bdd87731a7ba,2026-06-07T21:30:00Z,2026-06-07T23:30:00+0200,3070.494,MW,DE,DE_LU,actual_offshore_wind_generation,Wind Offshore,2026-07-08T18:59:57Z
2026-07-08T18:58:29Z,2026-07-08T20:58:29+0200,e401fd36-f4a8-45e5-ad91-bdd87731a7ba,2026-06-07T21:45:00Z,2026-06-07T23:45:00+0200,3214.895,MW,DE,DE_LU,actual_offshore_wind_generation,Wind Offshore,2026-07-08T18:59:57Z
2026-07-08T18:58:29Z,2026-07-08T20:58:29+0200,e401fd36-f4a8-45e5-ad91-bdd87731a7ba,2026-06-07T22:00:00Z,2026-06-08T00:00:00+0200,3316.975,MW,DE,DE_LU,actual_offshore_wind_generation,Wind Offshore,2026-07-08T18:59:57Z
2026-07-08T18:58:29Z,2026-07-08T20:58:29+0200,e401fd36-f4a8-45e5-ad91-bdd87731a7ba,2026-06-07T22:15:00Z,2026-06-08T00:15:00+0200,3179.561,MW,DE,DE_LU,actual_offshore_wind_generation,Wind Offshore,2026-07-08T18:59:57Z
2026-07-08T18:58:29Z,2026-07-08T20:58:29+0200,e401fd36-f4a8-45e5-ad91-bdd87731a7ba,2026-06-07T22:30:00Z,2026-06-08T00:30:00+0200,3066.385,MW,DE,DE_LU,actual_offshore_wind_generation,Wind Offshore,2026-07-08T18:59:57Z
2026-07-08T18:58:29Z,2026-07-08T20:58:29+0200,e401fd36-f4a8-45e5-ad91-bdd87731a7ba,2026-06-07T22:45:00Z,2026-06-08T00:45:00+0200,3116.305,MW,DE,DE_LU,actual_offshore_wind_generation,Wind Offshore,2026-07-08T18:59:57Z
2026-07-08T18:58:29Z,2026-07-08T20:58:29+0200,e401fd36-f4a8-45e5-ad91-bdd87731a7ba,2026-06-07T23:00:00Z,2026-06-08T01:00:00+0200,3160.302,MW,DE,DE_LU,actual_offshore_wind_generation,Wind Offshore,2026-07-08T18:59:57Z
2026-07-08T18:58:29Z,2026-07-08T20:58:29+0200,e401fd36-f4a8-45e5-ad91-bdd87731a7ba,2026-06-07T23:15:00Z,2026-06-08T01:15:00+0200,3207.548,MW,DE,DE_LU,actual_offshore_wind_generation,Wind Offshore,2026-07-08T18:59:57Z
2026-07-08T18:58:29Z,2026-07-08T20:58:29+0200,e401fd36-f4a8-45e5-ad91-bdd87731a7ba,2026-06-07T23:30:00Z,2026-06-08T01:30:00+0200,3215.609,MW,DE,DE_LU,actual_offshore_wind_generation,Wind Offshore,2026-07-08T18:59:57Z
2026-07-08T18:58:29Z,2026-07-08T20:58:29+0200,e401fd36-f4a8-45e5-ad91-bdd87731a7ba,2026-06-07T23:45:00Z,2026-06-08T01:45:00+0200,3212.801,MW,DE,DE_LU,actual_offshore_wind_generation,Wind Offshore,2026-07-08T18:59:57Z
2026-07-08T18:58:29Z,2026-07-08T20:58:29+0200,e401fd36-f4a8-45e5-ad91-bdd87731a7ba,2026-06-08T00:00:00Z,2026-06-08T02:00:00+0200,3299.422,MW,DE,DE_LU,actual_offshore_wind_generation,Wind Offshore,2026-07-08T18:59:57Z
2026-07-08T18:58:29Z,2026-07-08T20:58:29+0200,e401fd36-f4a8-45e5-ad91-bdd87731a7ba,2026-06-08T00:15:00Z,2026-06-08T02:15:00+0200,3115.3,MW,DE,DE_LU,actual_offshore_wind_generation,Wind Offshore,2026-07-08T18:59:57Z
2026-07-08T18:58:29Z,2026-07-08T20:58:29+0200,e401fd36-f4a8-45e5-ad91-bdd87731a7ba,2026-06-08T00:30:00Z,2026-06-08T02:30:00+0200,2891.701,MW,DE,DE_LU,actual_offshore_wind_generation,Wind Offshore,2026-07-08T18:59:57Z
2026-07-08T18:58:29Z,2026-07-08T20:58:29+0200,e401fd36-f4a8-45e5-ad91-bdd87731a7ba,2026-06-08T00:45:00Z,2026-06-08T02:45:00+0200,2727.41,MW,DE,DE_LU,actual_offshore_wind_generation,Wind Offshore,2026-07-08T18:59:57Z
2026-07-08T18:58:29Z,2026-07-08T20:58:29+0200,e401fd36-f4a8-45e5-ad91-bdd87731a7ba,2026-06-08T01:00:00Z,2026-06-08T03:00:00+0200,2754.714,MW,DE,DE_LU,actual_offshore_wind_generation,Wind Offshore,2026-07-08T18:59:57Z
2026-07-08T18:58:29Z,2026-07-08T20:58:29+0200,e401fd36-f4a8-45e5-ad91-bdd87731a7ba,2026-06-08T01:15:00Z,2026-06-08T03:15:00+0200,2845.076,MW,DE,DE_LU,actual_offshore_wind_generation,Wind Offshore,2026-07-08T18:59:57Z
2026-07-08T18:58:29Z,2026-07-08T20:58:29+0200,e401fd36-f4a8-45e5-ad91-bdd87731a7ba,2026-06-08T01:30:00Z,2026-06-08T03:30:00+0200,2933.871,MW,DE,DE_LU,actual_offshore_wind_generation,Wind Offshore,2026-07-08T18:59:57Z
2026-07-08T18:58:29Z,2026-07-08T20:58:29+0200,e401fd36-f4a8-45e5-ad91-bdd87731a7ba,2026-06-08T01:45:00Z,2026-06-08T03:45:00+0200,3051.01,MW,DE,DE_LU,actual_offshore_wind_generation,Wind Offshore,2026-07-08T18:59:57Z
2026-07-08T18:58:29Z,2026-07-08T20:58:29+0200,e401fd36-f4a8-45e5-ad91-bdd87731a7ba,2026-06-08T02:00:00Z,2026-06-08T04:00:00+0200,3078.502,MW,DE,DE_LU,actual_offshore_wind_generation,Wind Offshore,2026-07-08T18:59:57Z
2026-07-08T18:58:29Z,2026-07-08T20:58:29+0200,e401fd36-f4a8-45e5-ad91-bdd87731a7ba,2026-06-08T02:15:00Z,2026-06-08T04:15:00+0200,3081.519,MW,DE,DE_LU,actual_offshore_wind_generation,Wind Offshore,2026-07-08T18:59:57Z
2026-07-08T18:58:29Z,2026-07-08T20:58:29+0200,e401fd36-f4a8-45e5-ad91-bdd87731a7ba,2026-06-08T02:30:00Z,2026-06-08T04:30:00+0200,3053.005,MW,DE,DE_LU,actual_offshore_wind_generation,Wind Offshore,2026-07-08T18:59:57Z
2026-07-08T18:58:29Z,2026-07-08T20:58:29+0200,e401fd36-f4a8-45e5-ad91-bdd87731a7ba,2026-06-08T02:45:00Z,2026-06-08T04:45:00+0200,3109.741,MW,DE,DE_LU,actual_offshore_wind_generation,Wind Offshore,2026-07-08T18:59:57Z
2026-07-08T18:58:29Z,2026-07-08T20:58:29+0200,e401fd36-f4a8-45e5-ad91-bdd87731a7ba,2026-06-08T03:00:00Z,2026-06-08T05:00:00+0200,3163.796,MW,DE,DE_LU,actual_offshore_wind_generation,Wind Offshore,2026-07-08T18:59:57Z
2026-07-08T18:58:29Z,2026-07-08T20:58:29+0200,e401fd36-f4a8-45e5-ad91-bdd87731a7ba,2026-06-08T03:15:00Z,2026-06-08T05:15:00+0200,3286.941,MW,DE,DE_LU,actual_offshore_wind_generation,Wind Offshore,2026-07-08T18:59:57Z
2026-07-08T18:58:29Z,2026-07-08T20:58:29+0200,e401fd36-f4a8-45e5-ad91-bdd87731a7ba,2026-06-08T03:30:00Z,2026-06-08T05:30:00+0200,3583.448,MW,DE,DE_LU,actual_offshore_wind_generation,Wind Offshore,2026-07-08T18:59:57Z
2026-07-08T18:58:29Z,2026-07-08T20:58:29+0200,e401fd36-f4a8-45e5-ad91-bdd87731a7ba,2026-06-08T03:45:00Z,2026-06-08T05:45:00+0200,3677.017,MW,DE,DE_LU,actual_offshore_wind_generation,Wind Offshore,2026-07-08T18:59:57Z
2026-07-08T18:58:29Z,2026-07-08T20:58:29+0200,e401fd36-f4a8-45e5-ad91-bdd87731a7ba,2026-06-08T04:00:00Z,2026-06-08T06:00:00+0200,3658.848,MW,DE,DE_LU,actual_offshore_wind_generation,Wind Offshore,2026-07-08T18:59:57Z
2026-07-08T18:58:29Z,2026-07-08T20:58:29+0200,e401fd36-f4a8-45e5-ad91-bdd87731a7ba,2026-06-08T04:15:00Z,2026-06-08T06:15:00+0200,3604.564,MW,DE,DE_LU,actual_offshore_wind_generation,Wind Offshore,2026-07-08T18:59:57Z
2026-07-08T18:58:29Z,2026-07-08T20:58:29+0200,e401fd36-f4a8-45e5-ad91-bdd87731a7ba,2026-06-08T04:30:00Z,2026-06-08T06:30:00+0200,3443.364,MW,DE,DE_LU,actual_offshore_wind_generation,Wind Offshore,2026-07-08T18:59:57Z
2026-07-08T18:58:29Z,2026-07-08T20:58:29+0200,e401fd36-f4a8-45e5-ad91-bdd87731a7ba,2026-06-08T04:45:00Z,2026-06-08T06:45:00+0200,3405.374,MW,DE,DE_LU,actual_offshore_wind_generation,Wind Offshore,2026-07-08T18:59:57Z
2026-07-08T18:58:29Z,2026-07-08T20:58:29+0200,e401fd36-f4a8-45e5-ad91-bdd87731a7ba,2026-06-08T05:00:00Z,2026-06-08T07:00:00+0200,3526.656,MW,DE,DE_LU,actual_offshore_wind_generation,Wind Offshore,2026-07-08T18:59:57Z
2026-07-08T18:58:29Z,2026-07-08T20:58:29+0200,e401fd36-f4a8-45e5-ad91-bdd87731a7ba,2026-06-08T05:15:00Z,2026-06-08T07:15:00+0200,3588.914,MW,DE,DE_LU,actual_offshore_wind_generation,Wind Offshore,2026-07-08T18:59:57Z
2026-07-08T18:58:29Z,2026-07-08T20:58:29+0200,e401fd36-f4a8-45e5-ad91-bdd87731a7ba,2026-06-08T05:30:00Z,2026-06-08T07:30:00+0200,3606.901,MW,DE,DE_LU,actual_offshore_wind_generation,Wind Offshore,2026-07-08T18:59:57Z
2026-07-08T18:58:29Z,2026-07-08T20:58:29+0200,e401fd36-f4a8-45e5-ad91-bdd87731a7ba,2026-06-08T05:45:00Z,2026-06-08T07:45:00+0200,3627.603,MW,DE,DE_LU,actual_offshore_wind_generation,Wind Offshore,2026-07-08T18:59:57Z
2026-07-08T18:58:29Z,2026-07-08T20:58:29+0200,e401fd36-f4a8-45e5-ad91-bdd87731a7ba,2026-06-08T06:00:00Z,2026-06-08T08:00:00+0200,3664.955,MW,DE,DE_LU,actual_offshore_wind_generation,Wind Offshore,2026-07-08T18:59:57Z
2026-07-08T18:58:29Z,2026-07-08T20:58:29+0200,e401fd36-f4a8-45e5-ad91-bdd87731a7ba,2026-06-08T06:15:00Z,2026-06-08T08:15:00+0200,3706.625,MW,DE,DE_LU,actual_offshore_wind_generation,Wind Offshore,2026-07-08T18:59:57Z
2026-07-08T18:58:29Z,2026-07-08T20:58:29+0200,e401fd36-f4a8-45e5-ad91-bdd87731a7ba,2026-06-08T06:30:00Z,2026-06-08T08:30:00+0200,3724.482,MW,DE,DE_LU,actual_offshore_wind_generation,Wind Offshore,2026-07-08T18:59:57Z
2026-07-08T18:58:29Z,2026-07-08T20:58:29+0200,e401fd36-f4a8-45e5-ad91-bdd87731a7ba,2026-06-08T06:45:00Z,2026-06-08T08:45:00+0200,3617.834,MW,DE,DE_LU,actual_offshore_wind_generation,Wind Offshore,2026-07-08T18:59:57Z
2026-07-08T18:58:29Z,2026-07-08T20:58:29+0200,e401fd36-f4a8-45e5-ad91-bdd87731a7ba,2026-06-08T07:00:00Z,2026-06-08T09:00:00+0200,3399.89,MW,DE,DE_LU,actual_offshore_wind_generation,Wind Offshore,2026-07-08T18:59:57Z
2026-07-08T18:58:29Z,2026-07-08T20:58:29+0200,e401fd36-f4a8-45e5-ad91-bdd87731a7ba,2026-06-08T07:15:00Z,2026-06-08T09:15:00+0200,3428.96,MW,DE,DE_LU,actual_offshore_wind_generation,Wind Offshore,2026-07-08T18:59:57Z
2026-07-08T18:58:29Z,2026-07-08T20:58:29+0200,e401fd36-f4a8-45e5-ad91-bdd87731a7ba,2026-06-08T07:30:00Z,2026-06-08T09:30:00+0200,3340.332,MW,DE,DE_LU,actual_offshore_wind_generation,Wind Offshore,2026-07-08T18:59:57Z
2026-07-08T18:58:29Z,2026-07-08T20:58:29+0200,e401fd36-f4a8-45e5-ad91-bdd87731a7ba,2026-06-08T07:45:00Z,2026-06-08T09:45:00+0200,3322.054,MW,DE,DE_LU,actual_offshore_wind_generation,Wind Offshore,2026-07-08T18:59:57Z
2026-07-08T18:58:29Z,2026-07-08T20:58:29+0200,e401fd36-f4a8-45e5-ad91-bdd87731a7ba,2026-06-08T08:00:00Z,2026-06-08T10:00:00+0200,3282.099,MW,DE,DE_LU,actual_offshore_wind_generation,Wind Offshore,2026-07-08T18:59:57Z
2026-07-08T18:58:29Z,2026-07-08T20:58:29+0200,e401fd36-f4a8-45e5-ad91-bdd87731a7ba,2026-06-08T08:15:00Z,2026-06-08T10:15:00+0200,3100.064,MW,DE,DE_LU,actual_offshore_wind_generation,Wind Offshore,2026-07-08T18:59:57Z
2026-07-08T18:58:29Z,2026-07-08T20:58:29+0200,e401fd36-f4a8-45e5-ad91-bdd87731a7ba,2026-06-08T08:30:00Z,2026-06-08T10:30:00+0200,2929.914,MW,DE,DE_LU,actual_offshore_wind_generation,Wind Offshore,2026-07-08T18:59:57Z
2026-07-08T18:58:29Z,2026-07-08T20:58:29+0200,e401fd36-f4a8-45e5-ad91-bdd87731a7ba,2026-06-08T08:45:00Z,2026-06-08T10:45:00+0200,2759.069,MW,DE,DE_LU,actual_offshore_wind_generation,Wind Offshore,2026-07-08T18:59:57Z
2026-07-08T18:58:29Z,2026-07-08T20:58:29+0200,e401fd36-f4a8-45e5-ad91-bdd87731a7ba,2026-06-08T09:00:00Z,2026-06-08T11:00:00+0200,2564.019,MW,DE,DE_LU,actual_offshore_wind_generation,Wind Offshore,2026-07-08T18:59:57Z
2026-07-08T18:58:29Z,2026-07-08T20:58:29+0200,e401fd36-f4a8-45e5-ad91-bdd87731a7ba,2026-06-08T09:15:00Z,2026-06-08T11:15:00+0200,2418.656,MW,DE,DE_LU,actual_offshore_wind_generation,Wind Offshore,2026-07-08T18:59:57Z
2026-07-08T18:58:29Z,2026-07-08T20:58:29+0200,e401fd36-f4a8-45e5-ad91-bdd87731a7ba,2026-06-08T09:30:00Z,2026-06-08T11:30:00+0200,2238.753,MW,DE,DE_LU,actual_offshore_wind_generation,Wind Offshore,2026-07-08T18:59:57Z
2026-07-08T18:58:29Z,2026-07-08T20:58:29+0200,e401fd36-f4a8-45e5-ad91-bdd87731a7ba,2026-06-08T09:45:00Z,2026-06-08T11:45:00+0200,1951.026,MW,DE,DE_LU,actual_offshore_wind_generation,Wind Offshore,2026-07-08T18:59:57Z
2026-07-08T18:58:29Z,2026-07-08T20:58:29+0200,e401fd36-f4a8-45e5-ad91-bdd87731a7ba,2026-06-08T10:00:00Z,2026-06-08T12:00:00+0200,1698.975,MW,DE,DE_LU,actual_offshore_wind_generation,Wind Offshore,2026-07-08T18:59:57Z
2026-07-08T18:58:29Z,2026-07-08T20:58:29+0200,e401fd36-f4a8-45e5-ad91-bdd87731a7ba,2026-06-08T10:15:00Z,2026-06-08T12:15:00+0200,1491.627,MW,DE,DE_LU,actual_offshore_wind_generation,Wind Offshore,2026-07-08T18:59:57Z
2026-07-08T18:58:29Z,2026-07-08T20:58:29+0200,e401fd36-f4a8-45e5-ad91-bdd87731a7ba,2026-06-08T10:30:00Z,2026-06-08T12:30:00+0200,1373.928,MW,DE,DE_LU,actual_offshore_wind_generation,Wind Offshore,2026-07-08T18:59:57Z
2026-07-08T18:58:29Z,2026-07-08T20:58:29+0200,e401fd36-f4a8-45e5-ad91-bdd87731a7ba,2026-06-08T10:45:00Z,2026-06-08T12:45:00+0200,1387.354,MW,DE,DE_LU,actual_offshore_wind_generation,Wind Offshore,2026-07-08T18:59:57Z
2026-07-08T18:58:29Z,2026-07-08T20:58:29+0200,e401fd36-f4a8-45e5-ad91-bdd87731a7ba,2026-06-08T11:00:00Z,2026-06-08T13:00:00+0200,1318.626,MW,DE,DE_LU,actual_offshore_wind_generation,Wind Offshore,2026-07-08T18:59:57Z
2026-07-08T18:58:29Z,2026-07-08T20:58:29+0200,e401fd36-f4a8-45e5-ad91-bdd87731a7ba,2026-06-08T11:15:00Z,2026-06-08T13:15:00+0200,1270.739,MW,DE,DE_LU,actual_offshore_wind_generation,Wind Offshore,2026-07-08T18:59:57Z
2026-07-08T18:58:29Z,2026-07-08T20:58:29+0200,e401fd36-f4a8-45e5-ad91-bdd87731a7ba,2026-06-08T11:30:00Z,2026-06-08T13:30:00+0200,1178.695,MW,DE,DE_LU,actual_offshore_wind_generation,Wind Offshore,2026-07-08T18:59:57Z
2026-07-08T18:58:29Z,2026-07-08T20:58:29+0200,e401fd36-f4a8-45e5-ad91-bdd87731a7ba,2026-06-08T11:45:00Z,2026-06-08T13:45:00+0200,1006.396,MW,DE,DE_LU,actual_offshore_wind_generation,Wind Offshore,2026-07-08T18:59:57Z
2026-07-08T18:58:29Z,2026-07-08T20:58:29+0200,e401fd36-f4a8-45e5-ad91-bdd87731a7ba,2026-06-08T12:00:00Z,2026-06-08T14:00:00+0200,863.49,MW,DE,DE_LU,actual_offshore_wind_generation,Wind Offshore,2026-07-08T18:59:57Z
2026-07-08T18:58:29Z,2026-07-08T20:58:29+0200,e401fd36-f4a8-45e5-ad91-bdd87731a7ba,2026-06-08T12:15:00Z,2026-06-08T14:15:00+0200,769.101,MW,DE,DE_LU,actual_offshore_wind_generation,Wind Offshore,2026-07-08T18:59:57Z
2026-07-08T18:58:29Z,2026-07-08T20:58:29+0200,e401fd36-f4a8-45e5-ad91-bdd87731a7ba,2026-06-08T12:30:00Z,2026-06-08T14:30:00+0200,718.181,MW,DE,DE_LU,actual_offshore_wind_generation,Wind Offshore,2026-07-08T18:59:57Z
2026-07-08T18:58:29Z,2026-07-08T20:58:29+0200,e401fd36-f4a8-45e5-ad91-bdd87731a7ba,2026-06-08T12:45:00Z,2026-06-08T14:45:00+0200,663.747,MW,DE,DE_LU,actual_offshore_wind_generation,Wind Offshore,2026-07-08T18:59:57Z
2026-07-08T18:58:29Z,2026-07-08T20:58:29+0200,e401fd36-f4a8-45e5-ad91-bdd87731a7ba,2026-06-08T13:00:00Z,2026-06-08T15:00:00+0200,613.318,MW,DE,DE_LU,actual_offshore_wind_generation,Wind Offshore,2026-07-08T18:59:57Z
2026-07-08T18:58:29Z,2026-07-08T20:58:29+0200,e401fd36-f4a8-45e5-ad91-bdd87731a7ba,2026-06-08T13:15:00Z,2026-06-08T15:15:00+0200,582.888,MW,DE,DE_LU,actual_offshore_wind_generation,Wind Offshore,2026-07-08T18:59:57Z
2026-07-08T18:58:29Z,2026-07-08T20:58:29+0200,e401fd36-f4a8-45e5-ad91-bdd87731a7ba,2026-06-08T13:30:00Z,2026-06-08T15:30:00+0200,625.542,MW,DE,DE_LU,actual_offshore_wind_generation,Wind Offshore,2026-07-08T18:59:57Z
2026-07-08T18:58:29Z,2026-07-08T20:58:29+0200,e401fd36-f4a8-45e5-ad91-bdd87731a7ba,2026-06-08T13:45:00Z,2026-06-08T15:45:00+0200,593.48,MW,DE,DE_LU,actual_offshore_wind_generation,Wind Offshore,2026-07-08T18:59:57Z
2026-07-08T18:58:29Z,2026-07-08T20:58:29+0200,e401fd36-f4a8-45e5-ad91-bdd87731a7ba,2026-06-08T14:00:00Z,2026-06-08T16:00:00+0200,509.737,MW,DE,DE_LU,actual_offshore_wind_generation,Wind Offshore,2026-07-08T18:59:57Z
2026-07-08T18:58:29Z,2026-07-08T20:58:29+0200,e401fd36-f4a8-45e5-ad91-bdd87731a7ba,2026-06-08T14:15:00Z,2026-06-08T16:15:00+0200,414.23,MW,DE,DE_LU,actual_offshore_wind_generation,Wind Offshore,2026-07-08T18:59:57Z
2026-07-08T18:58:29Z,2026-07-08T20:58:29+0200,e401fd36-f4a8-45e5-ad91-bdd87731a7ba,2026-06-08T14:30:00Z,2026-06-08T16:30:00+0200,364.347,MW,DE,DE_LU,actual_offshore_wind_generation,Wind Offshore,2026-07-08T18:59:57Z
2026-07-08T18:58:29Z,2026-07-08T20:58:29+0200,e401fd36-f4a8-45e5-ad91-bdd87731a7ba,2026-06-08T14:45:00Z,2026-06-08T16:45:00+0200,363.716,MW,DE,DE_LU,actual_offshore_wind_generation,Wind Offshore,2026-07-08T18:59:57Z
2026-07-08T18:58:29Z,2026-07-08T20:58:29+0200,e401fd36-f4a8-45e5-ad91-bdd87731a7ba,2026-06-08T15:00:00Z,2026-06-08T17:00:00+0200,299.03,MW,DE,DE_LU,actual_offshore_wind_generation,Wind Offshore,2026-07-08T18:59:57Z
2026-07-08T18:58:29Z,2026-07-08T20:58:29+0200,e401fd36-f4a8-45e5-ad91-bdd87731a7ba,2026-06-08T15:15:00Z,2026-06-08T17:15:00+0200,321.835,MW,DE,DE_LU,actual_offshore_wind_generation,Wind Offshore,2026-07-08T18:59:57Z
2026-07-08T18:58:29Z,2026-07-08T20:58:29+0200,e401fd36-f4a8-45e5-ad91-bdd87731a7ba,2026-06-08T15:30:00Z,2026-06-08T17:30:00+0200,384.518,MW,DE,DE_LU,actual_offshore_wind_generation,Wind Offshore,2026-07-08T18:59:57Z
2026-07-08T18:58:29Z,2026-07-08T20:58:29+0200,e401fd36-f4a8-45e5-ad91-bdd87731a7ba,2026-06-08T15:45:00Z,2026-06-08T17:45:00+0200,421.385,MW,DE,DE_LU,actual_offshore_wind_generation,Wind Offshore,2026-07-08T18:59:57Z
2026-07-08T18:58:29Z,2026-07-08T20:58:29+0200,e401fd36-f4a8-45e5-ad91-bdd87731a7ba,2026-06-08T16:00:00Z,2026-06-08T18:00:00+0200,374.353,MW,DE,DE_LU,actual_offshore_wind_generation,Wind Offshore,2026-07-08T18:59:57Z
2026-07-08T18:58:29Z,2026-07-08T20:58:29+0200,e401fd36-f4a8-45e5-ad91-bdd87731a7ba,2026-06-08T16:15:00Z,2026-06-08T18:15:00+0200,297.681,MW,DE,DE_LU,actual_offshore_wind_generation,Wind Offshore,2026-07-08T18:59:57Z
2026-07-08T18:58:29Z,2026-07-08T20:58:29+0200,e401fd36-f4a8-45e5-ad91-bdd87731a7ba,2026-06-08T16:30:00Z,2026-06-08T18:30:00+0200,218.288,MW,DE,DE_LU,actual_offshore_wind_generation,Wind Offshore,2026-07-08T18:59:57Z
2026-07-08T18:58:29Z,2026-07-08T20:58:29+0200,e401fd36-f4a8-45e5-ad91-bdd87731a7ba,2026-06-08T16:45:00Z,2026-06-08T18:45:00+0200,177.262,MW,DE,DE_LU,actual_offshore_wind_generation,Wind Offshore,2026-07-08T18:59:57Z
2026-07-08T18:58:29Z,2026-07-08T20:58:29+0200,e401fd36-f4a8-45e5-ad91-bdd87731a7ba,2026-06-08T17:00:00Z,2026-06-08T19:00:00+0200,151.512,MW,DE,DE_LU,actual_offshore_wind_generation,Wind Offshore,2026-07-08T18:59:57Z
2026-07-08T18:58:29Z,2026-07-08T20:58:29+0200,e401fd36-f4a8-45e5-ad91-bdd87731a7ba,2026-06-08T17:15:00Z,2026-06-08T19:15:00+0200,169.244,MW,DE,DE_LU,actual_offshore_wind_generation,Wind Offshore,2026-07-08T18:59:57Z
2026-07-08T18:58:29Z,2026-07-08T20:58:29+0200,e401fd36-f4a8-45e5-ad91-bdd87731a7ba,2026-06-08T17:30:00Z,2026-06-08T19:30:00+0200,183.626,MW,DE,DE_LU,actual_offshore_wind_generation,Wind Offshore,2026-07-08T18:59:57Z
2026-07-08T18:58:29Z,2026-07-08T20:58:29+0200,e401fd36-f4a8-45e5-ad91-bdd87731a7ba,2026-06-08T17:45:00Z,2026-06-08T19:45:00+0200,183.482,MW,DE,DE_LU,actual_offshore_wind_generation,Wind Offshore,2026-07-08T18:59:57Z
2026-07-08T18:58:29Z,2026-07-08T20:58:29+0200,e401fd36-f4a8-45e5-ad91-bdd87731a7ba,2026-06-08T18:00:00Z,2026-06-08T20:00:00+0200,479.609,MW,DE,DE_LU,actual_offshore_wind_generation,Wind Offshore,2026-07-08T18:59:57Z
2026-07-08T18:58:29Z,2026-07-08T20:58:29+0200,e401fd36-f4a8-45e5-ad91-bdd87731a7ba,2026-06-08T18:15:00Z,2026-06-08T20:15:00+0200,773.675,MW,DE,DE_LU,actual_offshore_wind_generation,Wind Offshore,2026-07-08T18:59:57Z
2026-07-08T18:58:29Z,2026-07-08T20:58:29+0200,e401fd36-f4a8-45e5-ad91-bdd87731a7ba,2026-06-08T18:30:00Z,2026-06-08T20:30:00+0200,694.702,MW,DE,DE_LU,actual_offshore_wind_generation,Wind Offshore,2026-07-08T18:59:57Z
2026-07-08T18:58:29Z,2026-07-08T20:58:29+0200,e401fd36-f4a8-45e5-ad91-bdd87731a7ba,2026-06-08T18:45:00Z,2026-06-08T20:45:00+0200,645.338,MW,DE,DE_LU,actual_offshore_wind_generation,Wind Offshore,2026-07-08T18:59:57Z
2026-07-08T18:58:29Z,2026-07-08T20:58:29+0200,e401fd36-f4a8-45e5-ad91-bdd87731a7ba,2026-06-08T19:00:00Z,2026-06-08T21:00:00+0200,575.331,MW,DE,DE_LU,actual_offshore_wind_generation,Wind Offshore,2026-07-08T18:59:57Z
2026-07-08T18:58:29Z,2026-07-08T20:58:29+0200,e401fd36-f4a8-45e5-ad91-bdd87731a7ba,2026-06-08T19:15:00Z,2026-06-08T21:15:00+0200,493.851,MW,DE,DE_LU,actual_offshore_wind_generation,Wind Offshore,2026-07-08T18:59:57Z
2026-07-08T18:58:29Z,2026-07-08T20:58:29+0200,e401fd36-f4a8-45e5-ad91-bdd87731a7ba,2026-06-08T19:30:00Z,2026-06-08T21:30:00+0200,494.278,MW,DE,DE_LU,actual_offshore_wind_generation,Wind Offshore,2026-07-08T18:59:57Z
2026-07-08T18:58:29Z,2026-07-08T20:58:29+0200,e401fd36-f4a8-45e5-ad91-bdd87731a7ba,2026-06-08T19:45:00Z,2026-06-08T21:45:00+0200,542.609,MW,DE,DE_LU,actual_offshore_wind_generation,Wind Offshore,2026-07-08T18:59:57Z
2026-07-08T18:58:29Z,2026-07-08T20:58:29+0200,e401fd36-f4a8-45e5-ad91-bdd87731a7ba,2026-06-08T20:00:00Z,2026-06-08T22:00:00+0200,661.51,MW,DE,DE_LU,actual_offshore_wind_generation,Wind Offshore,2026-07-08T18:59:57Z
2026-07-08T18:58:29Z,2026-07-08T20:58:29+0200,e401fd36-f4a8-45e5-ad91-bdd87731a7ba,2026-06-08T20:15:00Z,2026-06-08T22:15:00+0200,1039.792,MW,DE,DE_LU,actual_offshore_wind_generation,Wind Offshore,2026-07-08T18:59:57Z
2026-07-08T18:58:29Z,2026-07-08T20:58:29+0200,e401fd36-f4a8-45e5-ad91-bdd87731a7ba,2026-06-08T20:30:00Z,2026-06-08T22:30:00+0200,1395.485,MW,DE,DE_LU,actual_offshore_wind_generation,Wind Offshore,2026-07-08T18:59:57Z
2026-07-08T18:58:29Z,2026-07-08T20:58:29+0200,e401fd36-f4a8-45e5-ad91-bdd87731a7ba,2026-06-08T20:45:00Z,2026-06-08T22:45:00+0200,1759.955,MW,DE,DE_LU,actual_offshore_wind_generation,Wind Offshore,2026-07-08T18:59:57Z
2026-07-08T18:58:29Z,2026-07-08T20:58:29+0200,e401fd36-f4a8-45e5-ad91-bdd87731a7ba,2026-06-08T21:00:00Z,2026-06-08T23:00:00+0200,2171.703,MW,DE,DE_LU,actual_offshore_wind_generation,Wind Offshore,2026-07-08T18:59:57Z
2026-07-08T18:58:29Z,2026-07-08T20:58:29+0200,e401fd36-f4a8-45e5-ad91-bdd87731a7ba,2026-06-08T21:15:00Z,2026-06-08T23:15:00+0200,2221.08,MW,DE,DE_LU,actual_offshore_wind_generation,Wind Offshore,2026-07-08T18:59:57Z
2026-07-08T18:58:29Z,2026-07-08T20:58:29+0200,e401fd36-f4a8-45e5-ad91-bdd87731a7ba,2026-06-08T21:30:00Z,2026-06-08T23:30:00+0200,2028.089,MW,DE,DE_LU,actual_offshore_wind_generation,Wind Offshore,2026-07-08T18:59:57Z
2026-07-08T18:58:29Z,2026-07-08T20:58:29+0200,e401fd36-f4a8-45e5-ad91-bdd87731a7ba,2026-06-08T21:45:00Z,2026-06-08T23:45:00+0200,1773.636,MW,DE,DE_LU,actual_offshore_wind_generation,Wind Offshore,2026-07-08T18:59:57Z
2026-07-08T18:58:29Z,2026-07-08T20:58:29+0200,e401fd36-f4a8-45e5-ad91-bdd87731a7ba,2026-06-08T22:00:00Z,2026-06-09T00:00:00+0200,1773.818,MW,DE,DE_LU,actual_offshore_wind_generation,Wind Offshore,2026-07-08T18:59:57Z
2026-07-08T18:58:29Z,2026-07-08T20:58:29+0200,e401fd36-f4a8-45e5-ad91-bdd87731a7ba,2026-06-08T22:15:00Z,2026-06-09T00:15:00+0200,2011.293,MW,DE,DE_LU,actual_offshore_wind_generation,Wind Offshore,2026-07-08T18:59:57Z
2026-07-08T18:58:29Z,2026-07-08T20:58:29+0200,e401fd36-f4a8-45e5-ad91-bdd87731a7ba,2026-06-08T22:30:00Z,2026-06-09T00:30:00+0200,2374.155,MW,DE,DE_LU,actual_offshore_wind_generation,Wind Offshore,2026-07-08T18:59:57Z
2026-07-08T18:58:29Z,2026-07-08T20:58:29+0200,e401fd36-f4a8-45e5-ad91-bdd87731a7ba,2026-06-08T22:45:00Z,2026-06-09T00:45:00+0200,2265.524,MW,DE,DE_LU,actual_offshore_wind_generation,Wind Offshore,2026-07-08T18:59:57Z
2026-07-08T18:58:29Z,2026-07-08T20:58:29+0200,e401fd36-f4a8-45e5-ad91-bdd87731a7ba,2026-06-08T23:00:00Z,2026-06-09T01:00:00+0200,2268.009,MW,DE,DE_LU,actual_offshore_wind_generation,Wind Offshore,2026-07-08T18:59:57Z
2026-07-08T18:58:29Z,2026-07-08T20:58:29+0200,e401fd36-f4a8-45e5-ad91-bdd87731a7ba,2026-06-08T23:15:00Z,2026-06-09T01:15:00+0200,2624.217,MW,DE,DE_LU,actual_offshore_wind_generation,Wind Offshore,2026-07-08T18:59:57Z
2026-07-08T18:58:29Z,2026-07-08T20:58:29+0200,e401fd36-f4a8-45e5-ad91-bdd87731a7ba,2026-06-08T23:30:00Z,2026-06-09T01:30:00+0200,3082.609,MW,DE,DE_LU,actual_offshore_wind_generation,Wind Offshore,2026-07-08T18:59:57Z
2026-07-08T18:58:29Z,2026-07-08T20:58:29+0200,e401fd36-f4a8-45e5-ad91-bdd87731a7ba,2026-06-08T23:45:00Z,2026-06-09T01:45:00+0200,3440.46,MW,DE,DE_LU,actual_offshore_wind_generation,Wind Offshore,2026-07-08T18:59:57Z
2026-07-08T18:58:29Z,2026-07-08T20:58:29+0200,e401fd36-f4a8-45e5-ad91-bdd87731a7ba,2026-06-09T00:00:00Z,2026-06-09T02:00:00+0200,3813.982,MW,DE,DE_LU,actual_offshore_wind_generation,Wind Offshore,2026-07-08T18:59:57Z
2026-07-08T18:58:29Z,2026-07-08T20:58:29+0200,e401fd36-f4a8-45e5-ad91-bdd87731a7ba,2026-06-09T00:15:00Z,2026-06-09T02:15:00+0200,4319.977,MW,DE,DE_LU,actual_offshore_wind_generation,Wind Offshore,2026-07-08T18:59:57Z
2026-07-08T18:58:29Z,2026-07-08T20:58:29+0200,e401fd36-f4a8-45e5-ad91-bdd87731a7ba,2026-06-09T00:30:00Z,2026-06-09T02:30:00+0200,4732.613,MW,DE,DE_LU,actual_offshore_wind_generation,Wind Offshore,2026-07-08T18:59:57Z
2026-07-08T18:58:29Z,2026-07-08T20:58:29+0200,e401fd36-f4a8-45e5-ad91-bdd87731a7ba,2026-06-09T00:45:00Z,2026-06-09T02:45:00+0200,4823.264,MW,DE,DE_LU,actual_offshore_wind_generation,Wind Offshore,2026-07-08T18:59:57Z
2026-07-08T18:58:29Z,2026-07-08T20:58:29+0200,e401fd36-f4a8-45e5-ad91-bdd87731a7ba,2026-06-09T01:00:00Z,2026-06-09T03:00:00+0200,5125.371,MW,DE,DE_LU,actual_offshore_wind_generation,Wind Offshore,2026-07-08T18:59:57Z
2026-07-08T18:58:29Z,2026-07-08T20:58:29+0200,e401fd36-f4a8-45e5-ad91-bdd87731a7ba,2026-06-09T01:15:00Z,2026-06-09T03:15:00+0200,5394.806,MW,DE,DE_LU,actual_offshore_wind_generation,Wind Offshore,2026-07-08T18:59:57Z
2026-07-08T18:58:29Z,2026-07-08T20:58:29+0200,e401fd36-f4a8-45e5-ad91-bdd87731a7ba,2026-06-09T01:30:00Z,2026-06-09T03:30:00+0200,5381.596,MW,DE,DE_LU,actual_offshore_wind_generation,Wind Offshore,2026-07-08T18:59:57Z
2026-07-08T18:58:29Z,2026-07-08T20:58:29+0200,e401fd36-f4a8-45e5-ad91-bdd87731a7ba,2026-06-09T01:45:00Z,2026-06-09T03:45:00+0200,5373.147,MW,DE,DE_LU,actual_offshore_wind_generation,Wind Offshore,2026-07-08T18:59:57Z
2026-07-08T18:58:29Z,2026-07-08T20:58:29+0200,e401fd36-f4a8-45e5-ad91-bdd87731a7ba,2026-06-09T02:00:00Z,2026-06-09T04:00:00+0200,5489.774,MW,DE,DE_LU,actual_offshore_wind_generation,Wind Offshore,2026-07-08T18:59:57Z
2026-07-08T18:58:29Z,2026-07-08T20:58:29+0200,e401fd36-f4a8-45e5-ad91-bdd87731a7ba,2026-06-09T02:15:00Z,2026-06-09T04:15:00+0200,5839.284,MW,DE,DE_LU,actual_offshore_wind_generation,Wind Offshore,2026-07-08T18:59:57Z
2026-07-08T18:58:29Z,2026-07-08T20:58:29+0200,e401fd36-f4a8-45e5-ad91-bdd87731a7ba,2026-06-09T02:30:00Z,2026-06-09T04:30:00+0200,6056.176,MW,DE,DE_LU,actual_offshore_wind_generation,Wind Offshore,2026-07-08T18:59:57Z
2026-07-08T18:58:29Z,2026-07-08T20:58:29+0200,e401fd36-f4a8-45e5-ad91-bdd87731a7ba,2026-06-09T02:45:00Z,2026-06-09T04:45:00+0200,5924.343,MW,DE,DE_LU,actual_offshore_wind_generation,Wind Offshore,2026-07-08T18:59:57Z
2026-07-08T18:58:29Z,2026-07-08T20:58:29+0200,e401fd36-f4a8-45e5-ad91-bdd87731a7ba,2026-06-09T03:00:00Z,2026-06-09T05:00:00+0200,5980.148,MW,DE,DE_LU,actual_offshore_wind_generation,Wind Offshore,2026-07-08T18:59:57Z
2026-07-08T18:58:29Z,2026-07-08T20:58:29+0200,e401fd36-f4a8-45e5-ad91-bdd87731a7ba,2026-06-09T03:15:00Z,2026-06-09T05:15:00+0200,6022.912,MW,DE,DE_LU,actual_offshore_wind_generation,Wind Offshore,2026-07-08T18:59:57Z
2026-07-08T18:58:29Z,2026-07-08T20:58:29+0200,e401fd36-f4a8-45e5-ad91-bdd87731a7ba,2026-06-09T03:30:00Z,2026-06-09T05:30:00+0200,6263.332,MW,DE,DE_LU,actual_offshore_wind_generation,Wind Offshore,2026-07-08T18:59:57Z
2026-07-08T18:58:29Z,2026-07-08T20:58:29+0200,e401fd36-f4a8-45e5-ad91-bdd87731a7ba,2026-06-09T03:45:00Z,2026-06-09T05:45:00+0200,5930.056,MW,DE,DE_LU,actual_offshore_wind_generation,Wind Offshore,2026-07-08T18:59:57Z
2026-07-08T18:58:29Z,2026-07-08T20:58:29+0200,e401fd36-f4a8-45e5-ad91-bdd87731a7ba,2026-06-09T04:00:00Z,2026-06-09T06:00:00+0200,5667.678,MW,DE,DE_LU,actual_offshore_wind_generation,Wind Offshore,2026-07-08T18:59:57Z
2026-07-08T18:58:29Z,2026-07-08T20:58:29+0200,e401fd36-f4a8-45e5-ad91-bdd87731a7ba,2026-06-09T04:15:00Z,2026-06-09T06:15:00+0200,5364.568,MW,DE,DE_LU,actual_offshore_wind_generation,Wind Offshore,2026-07-08T18:59:57Z
2026-07-08T18:58:29Z,2026-07-08T20:58:29+0200,e401fd36-f4a8-45e5-ad91-bdd87731a7ba,2026-06-09T04:30:00Z,2026-06-09T06:30:00+0200,5138.273,MW,DE,DE_LU,actual_offshore_wind_generation,Wind Offshore,2026-07-08T18:59:57Z
2026-07-08T18:58:29Z,2026-07-08T20:58:29+0200,e401fd36-f4a8-45e5-ad91-bdd87731a7ba,2026-06-09T04:45:00Z,2026-06-09T06:45:00+0200,5028.553,MW,DE,DE_LU,actual_offshore_wind_generation,Wind Offshore,2026-07-08T18:59:57Z
2026-07-08T18:58:29Z,2026-07-08T20:58:29+0200,e401fd36-f4a8-45e5-ad91-bdd87731a7ba,2026-06-09T05:00:00Z,2026-06-09T07:00:00+0200,4967.329,MW,DE,DE_LU,actual_offshore_wind_generation,Wind Offshore,2026-07-08T18:59:57Z
2026-07-08T18:58:29Z,2026-07-08T20:58:29+0200,e401fd36-f4a8-45e5-ad91-bdd87731a7ba,2026-06-09T05:15:00Z,2026-06-09T07:15:00+0200,4944.412,MW,DE,DE_LU,actual_offshore_wind_generation,Wind Offshore,2026-07-08T18:59:57Z
2026-07-08T18:58:29Z,2026-07-08T20:58:29+0200,e401fd36-f4a8-45e5-ad91-bdd87731a7ba,2026-06-09T05:30:00Z,2026-06-09T07:30:00+0200,4579.4,MW,DE,DE_LU,actual_offshore_wind_generation,Wind Offshore,2026-07-08T18:59:57Z
2026-07-08T18:58:29Z,2026-07-08T20:58:29+0200,e401fd36-f4a8-45e5-ad91-bdd87731a7ba,2026-06-09T05:45:00Z,2026-06-09T07:45:00+0200,4344.429,MW,DE,DE_LU,actual_offshore_wind_generation,Wind Offshore,2026-07-08T18:59:57Z
2026-07-08T18:58:29Z,2026-07-08T20:58:29+0200,e401fd36-f4a8-45e5-ad91-bdd87731a7ba,2026-06-09T06:00:00Z,2026-06-09T08:00:00+0200,4701.338,MW,DE,DE_LU,actual_offshore_wind_generation,Wind Offshore,2026-07-08T18:59:57Z
2026-07-08T18:58:29Z,2026-07-08T20:58:29+0200,e401fd36-f4a8-45e5-ad91-bdd87731a7ba,2026-06-09T06:15:00Z,2026-06-09T08:15:00+0200,4656.132,MW,DE,DE_LU,actual_offshore_wind_generation,Wind Offshore,2026-07-08T18:59:57Z
2026-07-08T18:58:29Z,2026-07-08T20:58:29+0200,e401fd36-f4a8-45e5-ad91-bdd87731a7ba,2026-06-09T06:30:00Z,2026-06-09T08:30:00+0200,3983.613,MW,DE,DE_LU,actual_offshore_wind_generation,Wind Offshore,2026-07-08T18:59:57Z
2026-07-08T18:58:29Z,2026-07-08T20:58:29+0200,e401fd36-f4a8-45e5-ad91-bdd87731a7ba,2026-06-09T06:45:00Z,2026-06-09T08:45:00+0200,3798.469,MW,DE,DE_LU,actual_offshore_wind_generation,Wind Offshore,2026-07-08T18:59:57Z
2026-07-08T18:58:29Z,2026-07-08T20:58:29+0200,e401fd36-f4a8-45e5-ad91-bdd87731a7ba,2026-06-09T07:00:00Z,2026-06-09T09:00:00+0200,4028.373,MW,DE,DE_LU,actual_offshore_wind_generation,Wind Offshore,2026-07-08T18:59:57Z
2026-07-08T18:58:29Z,2026-07-08T20:58:29+0200,e401fd36-f4a8-45e5-ad91-bdd87731a7ba,2026-06-09T07:15:00Z,2026-06-09T09:15:00+0200,3609.655,MW,DE,DE_LU,actual_offshore_wind_generation,Wind Offshore,2026-07-08T18:59:57Z
2026-07-08T18:58:29Z,2026-07-08T20:58:29+0200,e401fd36-f4a8-45e5-ad91-bdd87731a7ba,2026-06-09T07:30:00Z,2026-06-09T09:30:00+0200,3430.239,MW,DE,DE_LU,actual_offshore_wind_generation,Wind Offshore,2026-07-08T18:59:57Z
2026-07-08T18:58:29Z,2026-07-08T20:58:29+0200,e401fd36-f4a8-45e5-ad91-bdd87731a7ba,2026-06-09T07:45:00Z,2026-06-09T09:45:00+0200,3592.859,MW,DE,DE_LU,actual_offshore_wind_generation,Wind Offshore,2026-07-08T18:59:57Z
2026-07-08T18:58:29Z,2026-07-08T20:58:29+0200,e401fd36-f4a8-45e5-ad91-bdd87731a7ba,2026-06-09T08:00:00Z,2026-06-09T10:00:00+0200,4017.684,MW,DE,DE_LU,actual_offshore_wind_generation,Wind Offshore,2026-07-08T18:59:57Z
2026-07-08T18:58:29Z,2026-07-08T20:58:29+0200,e401fd36-f4a8-45e5-ad91-bdd87731a7ba,2026-06-09T08:15:00Z,2026-06-09T10:15:00+0200,3983.306,MW,DE,DE_LU,actual_offshore_wind_generation,Wind Offshore,2026-07-08T18:59:57Z
2026-07-08T18:58:29Z,2026-07-08T20:58:29+0200,e401fd36-f4a8-45e5-ad91-bdd87731a7ba,2026-06-09T08:30:00Z,2026-06-09T10:30:00+0200,3983.728,MW,DE,DE_LU,actual_offshore_wind_generation,Wind Offshore,2026-07-08T18:59:57Z
2026-07-08T18:58:29Z,2026-07-08T20:58:29+0200,e401fd36-f4a8-45e5-ad91-bdd87731a7ba,2026-06-09T08:45:00Z,2026-06-09T10:45:00+0200,3756.881,MW,DE,DE_LU,actual_offshore_wind_generation,Wind Offshore,2026-07-08T18:59:57Z
2026-07-08T18:58:29Z,2026-07-08T20:58:29+0200,e401fd36-f4a8-45e5-ad91-bdd87731a7ba,2026-06-09T09:00:00Z,2026-06-09T11:00:00+0200,3467.101,MW,DE,DE_LU,actual_offshore_wind_generation,Wind Offshore,2026-07-08T18:59:57Z
2026-07-08T18:58:29Z,2026-07-08T20:58:29+0200,e401fd36-f4a8-45e5-ad91-bdd87731a7ba,2026-06-09T09:15:00Z,2026-06-09T11:15:00+0200,3657.063,MW,DE,DE_LU,actual_offshore_wind_generation,Wind Offshore,2026-07-08T18:59:57Z
2026-07-08T18:58:29Z,2026-07-08T20:58:29+0200,e401fd36-f4a8-45e5-ad91-bdd87731a7ba,2026-06-09T09:30:00Z,2026-06-09T11:30:00+0200,3483.152,MW,DE,DE_LU,actual_offshore_wind_generation,Wind Offshore,2026-07-08T18:59:57Z
2026-07-08T18:58:29Z,2026-07-08T20:58:29+0200,e401fd36-f4a8-45e5-ad91-bdd87731a7ba,2026-06-09T09:45:00Z,2026-06-09T11:45:00+0200,2996.755,MW,DE,DE_LU,actual_offshore_wind_generation,Wind Offshore,2026-07-08T18:59:57Z
2026-07-08T18:58:29Z,2026-07-08T20:58:29+0200,e401fd36-f4a8-45e5-ad91-bdd87731a7ba,2026-06-09T10:00:00Z,2026-06-09T12:00:00+0200,2164.915,MW,DE,DE_LU,actual_offshore_wind_generation,Wind Offshore,2026-07-08T18:59:57Z
2026-07-08T18:58:29Z,2026-07-08T20:58:29+0200,e401fd36-f4a8-45e5-ad91-bdd87731a7ba,2026-06-09T10:15:00Z,2026-06-09T12:15:00+0200,2112.167,MW,DE,DE_LU,actual_offshore_wind_generation,Wind Offshore,2026-07-08T18:59:57Z
2026-07-08T18:58:29Z,2026-07-08T20:58:29+0200,e401fd36-f4a8-45e5-ad91-bdd87731a7ba,2026-06-09T10:30:00Z,2026-06-09T12:30:00+0200,2302.129,MW,DE,DE_LU,actual_offshore_wind_generation,Wind Offshore,2026-07-08T18:59:57Z
2026-07-08T18:58:29Z,2026-07-08T20:58:29+0200,e401fd36-f4a8-45e5-ad91-bdd87731a7ba,2026-06-09T10:45:00Z,2026-06-09T12:45:00+0200,3128.347,MW,DE,DE_LU,actual_offshore_wind_generation,Wind Offshore,2026-07-08T18:59:57Z
2026-07-08T18:58:29Z,2026-07-08T20:58:29+0200,e401fd36-f4a8-45e5-ad91-bdd87731a7ba,2026-06-09T11:00:00Z,2026-06-09T13:00:00+0200,3740.957,MW,DE,DE_LU,actual_offshore_wind_generation,Wind Offshore,2026-07-08T18:59:57Z
2026-07-08T18:58:29Z,2026-07-08T20:58:29+0200,e401fd36-f4a8-45e5-ad91-bdd87731a7ba,2026-06-09T11:15:00Z,2026-06-09T13:15:00+0200,3955.361,MW,DE,DE_LU,actual_offshore_wind_generation,Wind Offshore,2026-07-08T18:59:57Z
2026-07-08T18:58:29Z,2026-07-08T20:58:29+0200,e401fd36-f4a8-45e5-ad91-bdd87731a7ba,2026-06-09T11:30:00Z,2026-06-09T13:30:00+0200,2358.524,MW,DE,DE_LU,actual_offshore_wind_generation,Wind Offshore,2026-07-08T18:59:57Z
2026-07-08T18:58:29Z,2026-07-08T20:58:29+0200,e401fd36-f4a8-45e5-ad91-bdd87731a7ba,2026-06-09T11:45:00Z,2026-06-09T13:45:00+0200,1726.99,MW,DE,DE_LU,actual_offshore_wind_generation,Wind Offshore,2026-07-08T18:59:57Z
2026-07-08T18:58:29Z,2026-07-08T20:58:29+0200,e401fd36-f4a8-45e5-ad91-bdd87731a7ba,2026-06-09T12:00:00Z,2026-06-09T14:00:00+0200,2108.668,MW,DE,DE_LU,actual_offshore_wind_generation,Wind Offshore,2026-07-08T18:59:57Z
2026-07-08T18:58:29Z,2026-07-08T20:58:29+0200,e401fd36-f4a8-45e5-ad91-bdd87731a7ba,2026-06-09T12:15:00Z,2026-06-09T14:15:00+0200,2354.942,MW,DE,DE_LU,actual_offshore_wind_generation,Wind Offshore,2026-07-08T18:59:57Z
2026-07-08T18:58:29Z,2026-07-08T20:58:29+0200,e401fd36-f4a8-45e5-ad91-bdd87731a7ba,2026-06-09T12:30:00Z,2026-06-09T14:30:00+0200,2461.446,MW,DE,DE_LU,actual_offshore_wind_generation,Wind Offshore,2026-07-08T18:59:57Z
2026-07-08T18:58:29Z,2026-07-08T20:58:29+0200,e401fd36-f4a8-45e5-ad91-bdd87731a7ba,2026-06-09T12:45:00Z,2026-06-09T14:45:00+0200,2569.638,MW,DE,DE_LU,actual_offshore_wind_generation,Wind Offshore,2026-07-08T18:59:57Z
2026-07-08T18:58:29Z,2026-07-08T20:58:29+0200,e401fd36-f4a8-45e5-ad91-bdd87731a7ba,2026-06-09T13:00:00Z,2026-06-09T15:00:00+0200,2432.604,MW,DE,DE_LU,actual_offshore_wind_generation,Wind Offshore,2026-07-08T18:59:57Z
2026-07-08T18:58:29Z,2026-07-08T20:58:29+0200,e401fd36-f4a8-45e5-ad91-bdd87731a7ba,2026-06-09T13:15:00Z,2026-06-09T15:15:00+0200,2446.832,MW,DE,DE_LU,actual_offshore_wind_generation,Wind Offshore,2026-07-08T18:59:57Z
2026-07-08T18:58:29Z,2026-07-08T20:58:29+0200,e401fd36-f4a8-45e5-ad91-bdd87731a7ba,2026-06-09T13:30:00Z,2026-06-09T15:30:00+0200,2175.923,MW,DE,DE_LU,actual_offshore_wind_generation,Wind Offshore,2026-07-08T18:59:57Z
2026-07-08T18:58:29Z,2026-07-08T20:58:29+0200,e401fd36-f4a8-45e5-ad91-bdd87731a7ba,2026-06-09T13:45:00Z,2026-06-09T15:45:00+0200,2263.372,MW,DE,DE_LU,actual_offshore_wind_generation,Wind Offshore,2026-07-08T18:59:57Z
2026-07-08T18:58:29Z,2026-07-08T20:58:29+0200,e401fd36-f4a8-45e5-ad91-bdd87731a7ba,2026-06-09T14:00:00Z,2026-06-09T16:00:00+0200,3590.204,MW,DE,DE_LU,actual_offshore_wind_generation,Wind Offshore,2026-07-08T18:59:57Z
2026-07-08T18:58:29Z,2026-07-08T20:58:29+0200,e401fd36-f4a8-45e5-ad91-bdd87731a7ba,2026-06-09T14:15:00Z,2026-06-09T16:15:00+0200,3931.032,MW,DE,DE_LU,actual_offshore_wind_generation,Wind Offshore,2026-07-08T18:59:57Z
2026-07-08T18:58:29Z,2026-07-08T20:58:29+0200,e401fd36-f4a8-45e5-ad91-bdd87731a7ba,2026-06-09T14:30:00Z,2026-06-09T16:30:00+0200,4152.128,MW,DE,DE_LU,actual_offshore_wind_generation,Wind Offshore,2026-07-08T18:59:57Z
2026-07-08T18:58:29Z,2026-07-08T20:58:29+0200,e401fd36-f4a8-45e5-ad91-bdd87731a7ba,2026-06-09T14:45:00Z,2026-06-09T16:45:00+0200,4015.558,MW,DE,DE_LU,actual_offshore_wind_generation,Wind Offshore,2026-07-08T18:59:57Z
2026-07-08T18:58:29Z,2026-07-08T20:58:29+0200,e401fd36-f4a8-45e5-ad91-bdd87731a7ba,2026-06-09T15:00:00Z,2026-06-09T17:00:00+0200,4799.207,MW,DE,DE_LU,actual_offshore_wind_generation,Wind Offshore,2026-07-08T18:59:57Z
2026-07-08T18:58:29Z,2026-07-08T20:58:29+0200,e401fd36-f4a8-45e5-ad91-bdd87731a7ba,2026-06-09T15:15:00Z,2026-06-09T17:15:00+0200,4868.746,MW,DE,DE_LU,actual_offshore_wind_generation,Wind Offshore,2026-07-08T18:59:57Z
2026-07-08T18:58:29Z,2026-07-08T20:58:29+0200,e401fd36-f4a8-45e5-ad91-bdd87731a7ba,2026-06-09T15:30:00Z,2026-06-09T17:30:00+0200,4687.831,MW,DE,DE_LU,actual_offshore_wind_generation,Wind Offshore,2026-07-08T18:59:57Z
2026-07-08T18:58:29Z,2026-07-08T20:58:29+0200,e401fd36-f4a8-45e5-ad91-bdd87731a7ba,2026-06-09T15:45:00Z,2026-06-09T17:45:00+0200,4505.739,MW,DE,DE_LU,actual_offshore_wind_generation,Wind Offshore,2026-07-08T18:59:57Z
2026-07-08T18:58:29Z,2026-07-08T20:58:29+0200,e401fd36-f4a8-45e5-ad91-bdd87731a7ba,2026-06-09T16:00:00Z,2026-06-09T18:00:00+0200,4825.935,MW,DE,DE_LU,actual_offshore_wind_generation,Wind Offshore,2026-07-08T18:59:57Z
2026-07-08T18:58:29Z,2026-07-08T20:58:29+0200,e401fd36-f4a8-45e5-ad91-bdd87731a7ba,2026-06-09T16:15:00Z,2026-06-09T18:15:00+0200,4303.68,MW,DE,DE_LU,actual_offshore_wind_generation,Wind Offshore,2026-07-08T18:59:57Z
2026-07-08T18:58:29Z,2026-07-08T20:58:29+0200,e401fd36-f4a8-45e5-ad91-bdd87731a7ba,2026-06-09T16:30:00Z,2026-06-09T18:30:00+0200,3908.314,MW,DE,DE_LU,actual_offshore_wind_generation,Wind Offshore,2026-07-08T18:59:57Z
2026-07-08T18:58:29Z,2026-07-08T20:58:29+0200,e401fd36-f4a8-45e5-ad91-bdd87731a7ba,2026-06-09T16:45:00Z,2026-06-09T18:45:00+0200,3922.585,MW,DE,DE_LU,actual_offshore_wind_generation,Wind Offshore,2026-07-08T18:59:57Z
2026-07-08T18:58:29Z,2026-07-08T20:58:29+0200,e401fd36-f4a8-45e5-ad91-bdd87731a7ba,2026-06-09T17:00:00Z,2026-06-09T19:00:00+0200,3913.022,MW,DE,DE_LU,actual_offshore_wind_generation,Wind Offshore,2026-07-08T18:59:57Z
2026-07-08T18:58:29Z,2026-07-08T20:58:29+0200,e401fd36-f4a8-45e5-ad91-bdd87731a7ba,2026-06-09T17:15:00Z,2026-06-09T19:15:00+0200,3844.323,MW,DE,DE_LU,actual_offshore_wind_generation,Wind Offshore,2026-07-08T18:59:57Z
2026-07-08T18:58:29Z,2026-07-08T20:58:29+0200,e401fd36-f4a8-45e5-ad91-bdd87731a7ba,2026-06-09T17:30:00Z,2026-06-09T19:30:00+0200,4070.547,MW,DE,DE_LU,actual_offshore_wind_generation,Wind Offshore,2026-07-08T18:59:57Z
2026-07-08T18:58:29Z,2026-07-08T20:58:29+0200,e401fd36-f4a8-45e5-ad91-bdd87731a7ba,2026-06-09T17:45:00Z,2026-06-09T19:45:00+0200,4473.755,MW,DE,DE_LU,actual_offshore_wind_generation,Wind Offshore,2026-07-08T18:59:57Z
2026-07-08T18:58:29Z,2026-07-08T20:58:29+0200,e401fd36-f4a8-45e5-ad91-bdd87731a7ba,2026-06-09T18:00:00Z,2026-06-09T20:00:00+0200,4149.717,MW,DE,DE_LU,actual_offshore_wind_generation,Wind Offshore,2026-07-08T18:59:57Z
2026-07-08T18:58:29Z,2026-07-08T20:58:29+0200,e401fd36-f4a8-45e5-ad91-bdd87731a7ba,2026-06-09T18:15:00Z,2026-06-09T20:15:00+0200,3812.097,MW,DE,DE_LU,actual_offshore_wind_generation,Wind Offshore,2026-07-08T18:59:57Z
2026-07-08T18:58:29Z,2026-07-08T20:58:29+0200,e401fd36-f4a8-45e5-ad91-bdd87731a7ba,2026-06-09T18:30:00Z,2026-06-09T20:30:00+0200,3439.645,MW,DE,DE_LU,actual_offshore_wind_generation,Wind Offshore,2026-07-08T18:59:57Z
2026-07-08T18:58:29Z,2026-07-08T20:58:29+0200,e401fd36-f4a8-45e5-ad91-bdd87731a7ba,2026-06-09T18:45:00Z,2026-06-09T20:45:00+0200,3230.937,MW,DE,DE_LU,actual_offshore_wind_generation,Wind Offshore,2026-07-08T18:59:57Z
2026-07-08T18:58:29Z,2026-07-08T20:58:29+0200,e401fd36-f4a8-45e5-ad91-bdd87731a7ba,2026-06-09T19:00:00Z,2026-06-09T21:00:00+0200,3420.165,MW,DE,DE_LU,actual_offshore_wind_generation,Wind Offshore,2026-07-08T18:59:57Z
2026-07-08T18:58:29Z,2026-07-08T20:58:29+0200,e401fd36-f4a8-45e5-ad91-bdd87731a7ba,2026-06-09T19:15:00Z,2026-06-09T21:15:00+0200,3751.028,MW,DE,DE_LU,actual_offshore_wind_generation,Wind Offshore,2026-07-08T18:59:57Z
2026-07-08T18:58:29Z,2026-07-08T20:58:29+0200,e401fd36-f4a8-45e5-ad91-bdd87731a7ba,2026-06-09T19:30:00Z,2026-06-09T21:30:00+0200,4187.602,MW,DE,DE_LU,actual_offshore_wind_generation,Wind Offshore,2026-07-08T18:59:57Z
2026-07-08T18:58:29Z,2026-07-08T20:58:29+0200,e401fd36-f4a8-45e5-ad91-bdd87731a7ba,2026-06-09T19:45:00Z,2026-06-09T21:45:00+0200,4456.785,MW,DE,DE_LU,actual_offshore_wind_generation,Wind Offshore,2026-07-08T18:59:57Z
2026-07-08T18:58:29Z,2026-07-08T20:58:29+0200,e401fd36-f4a8-45e5-ad91-bdd87731a7ba,2026-06-09T20:00:00Z,2026-06-09T22:00:00+0200,4805.667,MW,DE,DE_LU,actual_offshore_wind_generation,Wind Offshore,2026-07-08T18:59:57Z
2026-07-08T18:58:29Z,2026-07-08T20:58:29+0200,e401fd36-f4a8-45e5-ad91-bdd87731a7ba,2026-06-09T20:15:00Z,2026-06-09T22:15:00+0200,4950.56,MW,DE,DE_LU,actual_offshore_wind_generation,Wind Offshore,2026-07-08T18:59:57Z
2026-07-08T18:58:29Z,2026-07-08T20:58:29+0200,e401fd36-f4a8-45e5-ad91-bdd87731a7ba,2026-06-09T20:30:00Z,2026-06-09T22:30:00+0200,4747.867,MW,DE,DE_LU,actual_offshore_wind_generation,Wind Offshore,2026-07-08T18:59:57Z
2026-07-08T18:58:29Z,2026-07-08T20:58:29+0200,e401fd36-f4a8-45e5-ad91-bdd87731a7ba,2026-06-09T20:45:00Z,2026-06-09T22:45:00+0200,4766.153,MW,DE,DE_LU,actual_offshore_wind_generation,Wind Offshore,2026-07-08T18:59:57Z
2026-07-08T18:58:29Z,2026-07-08T20:58:29+0200,e401fd36-f4a8-45e5-ad91-bdd87731a7ba,2026-06-09T21:00:00Z,2026-06-09T23:00:00+0200,4689.449,MW,DE,DE_LU,actual_offshore_wind_generation,Wind Offshore,2026-07-08T18:59:57Z
2026-07-08T18:58:29Z,2026-07-08T20:58:29+0200,e401fd36-f4a8-45e5-ad91-bdd87731a7ba,2026-06-09T21:15:00Z,2026-06-09T23:15:00+0200,4482.142,MW,DE,DE_LU,actual_offshore_wind_generation,Wind Offshore,2026-07-08T18:59:57Z
2026-07-08T18:58:29Z,2026-07-08T20:58:29+0200,e401fd36-f4a8-45e5-ad91-bdd87731a7ba,2026-06-09T21:30:00Z,2026-06-09T23:30:00+0200,4268.329,MW,DE,DE_LU,actual_offshore_wind_generation,Wind Offshore,2026-07-08T18:59:57Z
2026-07-08T18:58:29Z,2026-07-08T20:58:29+0200,e401fd36-f4a8-45e5-ad91-bdd87731a7ba,2026-06-09T21:45:00Z,2026-06-09T23:45:00+0200,4113.931,MW,DE,DE_LU,actual_offshore_wind_generation,Wind Offshore,2026-07-08T18:59:57Z
2026-07-08T18:58:29Z,2026-07-08T20:58:29+0200,e401fd36-f4a8-45e5-ad91-bdd87731a7ba,2026-06-09T22:00:00Z,2026-06-10T00:00:00+0200,5477.876,MW,DE,DE_LU,actual_offshore_wind_generation,Wind Offshore,2026-07-08T18:59:57Z
2026-07-08T18:58:29Z,2026-07-08T20:58:29+0200,e401fd36-f4a8-45e5-ad91-bdd87731a7ba,2026-06-09T22:15:00Z,2026-06-10T00:15:00+0200,5675.744,MW,DE,DE_LU,actual_offshore_wind_generation,Wind Offshore,2026-07-08T18:59:57Z
2026-07-08T18:58:29Z,2026-07-08T20:58:29+0200,e401fd36-f4a8-45e5-ad91-bdd87731a7ba,2026-06-09T22:30:00Z,2026-06-10T00:30:00+0200,5331.673,MW,DE,DE_LU,actual_offshore_wind_generation,Wind Offshore,2026-07-08T18:59:57Z
2026-07-08T18:58:29Z,2026-07-08T20:58:29+0200,e401fd36-f4a8-45e5-ad91-bdd87731a7ba,2026-06-09T22:45:00Z,2026-06-10T00:45:00+0200,5558.991,MW,DE,DE_LU,actual_offshore_wind_generation,Wind Offshore,2026-07-08T18:59:57Z
2026-07-08T18:58:29Z,2026-07-08T20:58:29+0200,e401fd36-f4a8-45e5-ad91-bdd87731a7ba,2026-06-09T23:00:00Z,2026-06-10T01:00:00+0200,5778.213,MW,DE,DE_LU,actual_offshore_wind_generation,Wind Offshore,2026-07-08T18:59:57Z
2026-07-08T18:58:29Z,2026-07-08T20:58:29+0200,e401fd36-f4a8-45e5-ad91-bdd87731a7ba,2026-06-09T23:15:00Z,2026-06-10T01:15:00+0200,5645.123,MW,DE,DE_LU,actual_offshore_wind_generation,Wind Offshore,2026-07-08T18:59:57Z
2026-07-08T18:58:29Z,2026-07-08T20:58:29+0200,e401fd36-f4a8-45e5-ad91-bdd87731a7ba,2026-06-09T23:30:00Z,2026-06-10T01:30:00+0200,5651.449,MW,DE,DE_LU,actual_offshore_wind_generation,Wind Offshore,2026-07-08T18:59:57Z
2026-07-08T18:58:29Z,2026-07-08T20:58:29+0200,e401fd36-f4a8-45e5-ad91-bdd87731a7ba,2026-06-09T23:45:00Z,2026-06-10T01:45:00+0200,5854.479,MW,DE,DE_LU,actual_offshore_wind_generation,Wind Offshore,2026-07-08T18:59:57Z
2026-07-08T18:58:29Z,2026-07-08T20:58:29+0200,e401fd36-f4a8-45e5-ad91-bdd87731a7ba,2026-06-10T00:00:00Z,2026-06-10T02:00:00+0200,5659.672,MW,DE,DE_LU,actual_offshore_wind_generation,Wind Offshore,2026-07-08T18:59:57Z
2026-07-08T18:58:29Z,2026-07-08T20:58:29+0200,e401fd36-f4a8-45e5-ad91-bdd87731a7ba,2026-06-10T00:15:00Z,2026-06-10T02:15:00+0200,5263.808,MW,DE,DE_LU,actual_offshore_wind_generation,Wind Offshore,2026-07-08T18:59:57Z
2026-07-08T18:58:29Z,2026-07-08T20:58:29+0200,e401fd36-f4a8-45e5-ad91-bdd87731a7ba,2026-06-10T00:30:00Z,2026-06-10T02:30:00+0200,5217.183,MW,DE,DE_LU,actual_offshore_wind_generation,Wind Offshore,2026-07-08T18:59:57Z
2026-07-08T18:58:29Z,2026-07-08T20:58:29+0200,e401fd36-f4a8-45e5-ad91-bdd87731a7ba,2026-06-10T00:45:00Z,2026-06-10T02:45:00+0200,5071.634,MW,DE,DE_LU,actual_offshore_wind_generation,Wind Offshore,2026-07-08T18:59:57Z
2026-07-08T18:58:29Z,2026-07-08T20:58:29+0200,e401fd36-f4a8-45e5-ad91-bdd87731a7ba,2026-06-10T01:00:00Z,2026-06-10T03:00:00+0200,5212.559,MW,DE,DE_LU,actual_offshore_wind_generation,Wind Offshore,2026-07-08T18:59:57Z
2026-07-08T18:58:29Z,2026-07-08T20:58:29+0200,e401fd36-f4a8-45e5-ad91-bdd87731a7ba,2026-06-10T01:15:00Z,2026-06-10T03:15:00+0200,5399.707,MW,DE,DE_LU,actual_offshore_wind_generation,Wind Offshore,2026-07-08T18:59:57Z
2026-07-08T18:58:29Z,2026-07-08T20:58:29+0200,e401fd36-f4a8-45e5-ad91-bdd87731a7ba,2026-06-10T01:30:00Z,2026-06-10T03:30:00+0200,5515.528,MW,DE,DE_LU,actual_offshore_wind_generation,Wind Offshore,2026-07-08T18:59:57Z
2026-07-08T18:58:29Z,2026-07-08T20:58:29+0200,e401fd36-f4a8-45e5-ad91-bdd87731a7ba,2026-06-10T01:45:00Z,2026-06-10T03:45:00+0200,5409.758,MW,DE,DE_LU,actual_offshore_wind_generation,Wind Offshore,2026-07-08T18:59:57Z
2026-07-08T18:58:29Z,2026-07-08T20:58:29+0200,e401fd36-f4a8-45e5-ad91-bdd87731a7ba,2026-06-10T02:00:00Z,2026-06-10T04:00:00+0200,5486.549,MW,DE,DE_LU,actual_offshore_wind_generation,Wind Offshore,2026-07-08T18:59:57Z
2026-07-08T18:58:29Z,2026-07-08T20:58:29+0200,e401fd36-f4a8-45e5-ad91-bdd87731a7ba,2026-06-10T02:15:00Z,2026-06-10T04:15:00+0200,5434.093,MW,DE,DE_LU,actual_offshore_wind_generation,Wind Offshore,2026-07-08T18:59:57Z
2026-07-08T18:58:29Z,2026-07-08T20:58:29+0200,e401fd36-f4a8-45e5-ad91-bdd87731a7ba,2026-06-10T02:30:00Z,2026-06-10T04:30:00+0200,5457.06,MW,DE,DE_LU,actual_offshore_wind_generation,Wind Offshore,2026-07-08T18:59:57Z
2026-07-08T18:58:29Z,2026-07-08T20:58:29+0200,e401fd36-f4a8-45e5-ad91-bdd87731a7ba,2026-06-10T02:45:00Z,2026-06-10T04:45:00+0200,5305.904,MW,DE,DE_LU,actual_offshore_wind_generation,Wind Offshore,2026-07-08T18:59:57Z
2026-07-08T18:58:29Z,2026-07-08T20:58:29+0200,e401fd36-f4a8-45e5-ad91-bdd87731a7ba,2026-06-10T03:00:00Z,2026-06-10T05:00:00+0200,5303.798,MW,DE,DE_LU,actual_offshore_wind_generation,Wind Offshore,2026-07-08T18:59:57Z
2026-07-08T18:58:29Z,2026-07-08T20:58:29+0200,e401fd36-f4a8-45e5-ad91-bdd87731a7ba,2026-06-10T03:15:00Z,2026-06-10T05:15:00+0200,5153.206,MW,DE,DE_LU,actual_offshore_wind_generation,Wind Offshore,2026-07-08T18:59:57Z
2026-07-08T18:58:29Z,2026-07-08T20:58:29+0200,e401fd36-f4a8-45e5-ad91-bdd87731a7ba,2026-06-10T03:30:00Z,2026-06-10T05:30:00+0200,5212.325,MW,DE,DE_LU,actual_offshore_wind_generation,Wind Offshore,2026-07-08T18:59:57Z
2026-07-08T18:58:29Z,2026-07-08T20:58:29+0200,e401fd36-f4a8-45e5-ad91-bdd87731a7ba,2026-06-10T03:45:00Z,2026-06-10T05:45:00+0200,5248.533,MW,DE,DE_LU,actual_offshore_wind_generation,Wind Offshore,2026-07-08T18:59:57Z
2026-07-08T18:58:29Z,2026-07-08T20:58:29+0200,e401fd36-f4a8-45e5-ad91-bdd87731a7ba,2026-06-10T04:00:00Z,2026-06-10T06:00:00+0200,5666.219,MW,DE,DE_LU,actual_offshore_wind_generation,Wind Offshore,2026-07-08T18:59:57Z
2026-07-08T18:58:29Z,2026-07-08T20:58:29+0200,e401fd36-f4a8-45e5-ad91-bdd87731a7ba,2026-06-10T04:15:00Z,2026-06-10T06:15:00+0200,5641.97,MW,DE,DE_LU,actual_offshore_wind_generation,Wind Offshore,2026-07-08T18:59:57Z
2026-07-08T18:58:29Z,2026-07-08T20:58:29+0200,e401fd36-f4a8-45e5-ad91-bdd87731a7ba,2026-06-10T04:30:00Z,2026-06-10T06:30:00+0200,5470.642,MW,DE,DE_LU,actual_offshore_wind_generation,Wind Offshore,2026-07-08T18:59:57Z
2026-07-08T18:58:29Z,2026-07-08T20:58:29+0200,e401fd36-f4a8-45e5-ad91-bdd87731a7ba,2026-06-10T04:45:00Z,2026-06-10T06:45:00+0200,5082.746,MW,DE,DE_LU,actual_offshore_wind_generation,Wind Offshore,2026-07-08T18:59:57Z
2026-07-08T18:58:29Z,2026-07-08T20:58:29+0200,e401fd36-f4a8-45e5-ad91-bdd87731a7ba,2026-06-10T05:00:00Z,2026-06-10T07:00:00+0200,5132.04,MW,DE,DE_LU,actual_offshore_wind_generation,Wind Offshore,2026-07-08T18:59:57Z
2026-07-08T18:58:29Z,2026-07-08T20:58:29+0200,e401fd36-f4a8-45e5-ad91-bdd87731a7ba,2026-06-10T05:15:00Z,2026-06-10T07:15:00+0200,5318.897,MW,DE,DE_LU,actual_offshore_wind_generation,Wind Offshore,2026-07-08T18:59:57Z
2026-07-08T18:58:29Z,2026-07-08T20:58:29+0200,e401fd36-f4a8-45e5-ad91-bdd87731a7ba,2026-06-10T05:30:00Z,2026-06-10T07:30:00+0200,5384.065,MW,DE,DE_LU,actual_offshore_wind_generation,Wind Offshore,2026-07-08T18:59:57Z
2026-07-08T18:58:29Z,2026-07-08T20:58:29+0200,e401fd36-f4a8-45e5-ad91-bdd87731a7ba,2026-06-10T05:45:00Z,2026-06-10T07:45:00+0200,5284.483,MW,DE,DE_LU,actual_offshore_wind_generation,Wind Offshore,2026-07-08T18:59:57Z
2026-07-08T18:58:29Z,2026-07-08T20:58:29+0200,e401fd36-f4a8-45e5-ad91-bdd87731a7ba,2026-06-10T06:00:00Z,2026-06-10T08:00:00+0200,5435.867,MW,DE,DE_LU,actual_offshore_wind_generation,Wind Offshore,2026-07-08T18:59:57Z
2026-07-08T18:58:29Z,2026-07-08T20:58:29+0200,e401fd36-f4a8-45e5-ad91-bdd87731a7ba,2026-06-10T06:15:00Z,2026-06-10T08:15:00+0200,5383.869,MW,DE,DE_LU,actual_offshore_wind_generation,Wind Offshore,2026-07-08T18:59:57Z
2026-07-08T18:58:29Z,2026-07-08T20:58:29+0200,e401fd36-f4a8-45e5-ad91-bdd87731a7ba,2026-06-10T06:30:00Z,2026-06-10T08:30:00+0200,5452.079,MW,DE,DE_LU,actual_offshore_wind_generation,Wind Offshore,2026-07-08T18:59:57Z
2026-07-08T18:58:29Z,2026-07-08T20:58:29+0200,e401fd36-f4a8-45e5-ad91-bdd87731a7ba,2026-06-10T06:45:00Z,2026-06-10T08:45:00+0200,5258.914,MW,DE,DE_LU,actual_offshore_wind_generation,Wind Offshore,2026-07-08T18:59:57Z
2026-07-08T18:58:29Z,2026-07-08T20:58:29+0200,e401fd36-f4a8-45e5-ad91-bdd87731a7ba,2026-06-10T07:00:00Z,2026-06-10T09:00:00+0200,4711.309,MW,DE,DE_LU,actual_offshore_wind_generation,Wind Offshore,2026-07-08T18:59:57Z
2026-07-08T18:58:29Z,2026-07-08T20:58:29+0200,e401fd36-f4a8-45e5-ad91-bdd87731a7ba,2026-06-10T07:15:00Z,2026-06-10T09:15:00+0200,4695.28,MW,DE,DE_LU,actual_offshore_wind_generation,Wind Offshore,2026-07-08T18:59:57Z
2026-07-08T18:58:29Z,2026-07-08T20:58:29+0200,e401fd36-f4a8-45e5-ad91-bdd87731a7ba,2026-06-10T07:30:00Z,2026-06-10T09:30:00+0200,4732.225,MW,DE,DE_LU,actual_offshore_wind_generation,Wind Offshore,2026-07-08T18:59:57Z
2026-07-08T18:58:29Z,2026-07-08T20:58:29+0200,e401fd36-f4a8-45e5-ad91-bdd87731a7ba,2026-06-10T07:45:00Z,2026-06-10T09:45:00+0200,4639.323,MW,DE,DE_LU,actual_offshore_wind_generation,Wind Offshore,2026-07-08T18:59:57Z
2026-07-08T18:58:29Z,2026-07-08T20:58:29+0200,e401fd36-f4a8-45e5-ad91-bdd87731a7ba,2026-06-10T08:00:00Z,2026-06-10T10:00:00+0200,4320.087,MW,DE,DE_LU,actual_offshore_wind_generation,Wind Offshore,2026-07-08T18:59:57Z
2026-07-08T18:58:29Z,2026-07-08T20:58:29+0200,e401fd36-f4a8-45e5-ad91-bdd87731a7ba,2026-06-10T08:15:00Z,2026-06-10T10:15:00+0200,4070.805,MW,DE,DE_LU,actual_offshore_wind_generation,Wind Offshore,2026-07-08T18:59:57Z
2026-07-08T18:58:29Z,2026-07-08T20:58:29+0200,e401fd36-f4a8-45e5-ad91-bdd87731a7ba,2026-06-10T08:30:00Z,2026-06-10T10:30:00+0200,4000.895,MW,DE,DE_LU,actual_offshore_wind_generation,Wind Offshore,2026-07-08T18:59:57Z
2026-07-08T18:58:29Z,2026-07-08T20:58:29+0200,e401fd36-f4a8-45e5-ad91-bdd87731a7ba,2026-06-10T08:45:00Z,2026-06-10T10:45:00+0200,3869.289,MW,DE,DE_LU,actual_offshore_wind_generation,Wind Offshore,2026-07-08T18:59:57Z
2026-07-08T18:58:29Z,2026-07-08T20:58:29+0200,e401fd36-f4a8-45e5-ad91-bdd87731a7ba,2026-06-10T09:00:00Z,2026-06-10T11:00:00+0200,3457.919,MW,DE,DE_LU,actual_offshore_wind_generation,Wind Offshore,2026-07-08T18:59:57Z
2026-07-08T18:58:29Z,2026-07-08T20:58:29+0200,e401fd36-f4a8-45e5-ad91-bdd87731a7ba,2026-06-10T09:15:00Z,2026-06-10T11:15:00+0200,3354.095,MW,DE,DE_LU,actual_offshore_wind_generation,Wind Offshore,2026-07-08T18:59:57Z
2026-07-08T18:58:29Z,2026-07-08T20:58:29+0200,e401fd36-f4a8-45e5-ad91-bdd87731a7ba,2026-06-10T09:30:00Z,2026-06-10T11:30:00+0200,3273.816,MW,DE,DE_LU,actual_offshore_wind_generation,Wind Offshore,2026-07-08T18:59:57Z
2026-07-08T18:58:29Z,2026-07-08T20:58:29+0200,e401fd36-f4a8-45e5-ad91-bdd87731a7ba,2026-06-10T09:45:00Z,2026-06-10T11:45:00+0200,3166.463,MW,DE,DE_LU,actual_offshore_wind_generation,Wind Offshore,2026-07-08T18:59:57Z
2026-07-08T18:58:29Z,2026-07-08T20:58:29+0200,e401fd36-f4a8-45e5-ad91-bdd87731a7ba,2026-06-10T10:00:00Z,2026-06-10T12:00:00+0200,2856.744,MW,DE,DE_LU,actual_offshore_wind_generation,Wind Offshore,2026-07-08T18:59:57Z
2026-07-08T18:58:29Z,2026-07-08T20:58:29+0200,e401fd36-f4a8-45e5-ad91-bdd87731a7ba,2026-06-10T10:15:00Z,2026-06-10T12:15:00+0200,2802.685,MW,DE,DE_LU,actual_offshore_wind_generation,Wind Offshore,2026-07-08T18:59:57Z
2026-07-08T18:58:29Z,2026-07-08T20:58:29+0200,e401fd36-f4a8-45e5-ad91-bdd87731a7ba,2026-06-10T10:30:00Z,2026-06-10T12:30:00+0200,2887.513,MW,DE,DE_LU,actual_offshore_wind_generation,Wind Offshore,2026-07-08T18:59:57Z
2026-07-08T18:58:29Z,2026-07-08T20:58:29+0200,e401fd36-f4a8-45e5-ad91-bdd87731a7ba,2026-06-10T10:45:00Z,2026-06-10T12:45:00+0200,2859.423,MW,DE,DE_LU,actual_offshore_wind_generation,Wind Offshore,2026-07-08T18:59:57Z
2026-07-08T18:58:29Z,2026-07-08T20:58:29+0200,e401fd36-f4a8-45e5-ad91-bdd87731a7ba,2026-06-10T11:00:00Z,2026-06-10T13:00:00+0200,3555.166,MW,DE,DE_LU,actual_offshore_wind_generation,Wind Offshore,2026-07-08T18:59:57Z
2026-07-08T18:58:29Z,2026-07-08T20:58:29+0200,e401fd36-f4a8-45e5-ad91-bdd87731a7ba,2026-06-10T11:15:00Z,2026-06-10T13:15:00+0200,3817.548,MW,DE,DE_LU,actual_offshore_wind_generation,Wind Offshore,2026-07-08T18:59:57Z
2026-07-08T18:58:29Z,2026-07-08T20:58:29+0200,e401fd36-f4a8-45e5-ad91-bdd87731a7ba,2026-06-10T11:30:00Z,2026-06-10T13:30:00+0200,3510.41,MW,DE,DE_LU,actual_offshore_wind_generation,Wind Offshore,2026-07-08T18:59:57Z
2026-07-08T18:58:29Z,2026-07-08T20:58:29+0200,e401fd36-f4a8-45e5-ad91-bdd87731a7ba,2026-06-10T11:45:00Z,2026-06-10T13:45:00+0200,3355.231,MW,DE,DE_LU,actual_offshore_wind_generation,Wind Offshore,2026-07-08T18:59:57Z
2026-07-08T18:58:29Z,2026-07-08T20:58:29+0200,e401fd36-f4a8-45e5-ad91-bdd87731a7ba,2026-06-10T12:00:00Z,2026-06-10T14:00:00+0200,3026.064,MW,DE,DE_LU,actual_offshore_wind_generation,Wind Offshore,2026-07-08T18:59:57Z
2026-07-08T18:58:29Z,2026-07-08T20:58:29+0200,e401fd36-f4a8-45e5-ad91-bdd87731a7ba,2026-06-10T12:15:00Z,2026-06-10T14:15:00+0200,2793.452,MW,DE,DE_LU,actual_offshore_wind_generation,Wind Offshore,2026-07-08T18:59:57Z
2026-07-08T18:58:29Z,2026-07-08T20:58:29+0200,e401fd36-f4a8-45e5-ad91-bdd87731a7ba,2026-06-10T12:30:00Z,2026-06-10T14:30:00+0200,2603.963,MW,DE,DE_LU,actual_offshore_wind_generation,Wind Offshore,2026-07-08T18:59:57Z
2026-07-08T18:58:29Z,2026-07-08T20:58:29+0200,e401fd36-f4a8-45e5-ad91-bdd87731a7ba,2026-06-10T12:45:00Z,2026-06-10T14:45:00+0200,2413.342,MW,DE,DE_LU,actual_offshore_wind_generation,Wind Offshore,2026-07-08T18:59:57Z
2026-07-08T18:58:29Z,2026-07-08T20:58:29+0200,e401fd36-f4a8-45e5-ad91-bdd87731a7ba,2026-06-10T13:00:00Z,2026-06-10T15:00:00+0200,2268.206,MW,DE,DE_LU,actual_offshore_wind_generation,Wind Offshore,2026-07-08T18:59:57Z
2026-07-08T18:58:29Z,2026-07-08T20:58:29+0200,e401fd36-f4a8-45e5-ad91-bdd87731a7ba,2026-06-10T13:15:00Z,2026-06-10T15:15:00+0200,2136.73,MW,DE,DE_LU,actual_offshore_wind_generation,Wind Offshore,2026-07-08T18:59:57Z
2026-07-08T18:58:29Z,2026-07-08T20:58:29+0200,e401fd36-f4a8-45e5-ad91-bdd87731a7ba,2026-06-10T13:30:00Z,2026-06-10T15:30:00+0200,2022.586,MW,DE,DE_LU,actual_offshore_wind_generation,Wind Offshore,2026-07-08T18:59:57Z
2026-07-08T18:58:29Z,2026-07-08T20:58:29+0200,e401fd36-f4a8-45e5-ad91-bdd87731a7ba,2026-06-10T13:45:00Z,2026-06-10T15:45:00+0200,1879.441,MW,DE,DE_LU,actual_offshore_wind_generation,Wind Offshore,2026-07-08T18:59:57Z
2026-07-08T18:58:29Z,2026-07-08T20:58:29+0200,e401fd36-f4a8-45e5-ad91-bdd87731a7ba,2026-06-10T14:00:00Z,2026-06-10T16:00:00+0200,1767.695,MW,DE,DE_LU,actual_offshore_wind_generation,Wind Offshore,2026-07-08T18:59:57Z
2026-07-08T18:58:29Z,2026-07-08T20:58:29+0200,e401fd36-f4a8-45e5-ad91-bdd87731a7ba,2026-06-10T14:15:00Z,2026-06-10T16:15:00+0200,1585.138,MW,DE,DE_LU,actual_offshore_wind_generation,Wind Offshore,2026-07-08T18:59:57Z
2026-07-08T18:58:29Z,2026-07-08T20:58:29+0200,e401fd36-f4a8-45e5-ad91-bdd87731a7ba,2026-06-10T14:30:00Z,2026-06-10T16:30:00+0200,1455.888,MW,DE,DE_LU,actual_offshore_wind_generation,Wind Offshore,2026-07-08T18:59:57Z
2026-07-08T18:58:29Z,2026-07-08T20:58:29+0200,e401fd36-f4a8-45e5-ad91-bdd87731a7ba,2026-06-10T14:45:00Z,2026-06-10T16:45:00+0200,1350.918,MW,DE,DE_LU,actual_offshore_wind_generation,Wind Offshore,2026-07-08T18:59:57Z
2026-07-08T18:58:29Z,2026-07-08T20:58:29+0200,e401fd36-f4a8-45e5-ad91-bdd87731a7ba,2026-06-10T15:00:00Z,2026-06-10T17:00:00+0200,1133.065,MW,DE,DE_LU,actual_offshore_wind_generation,Wind Offshore,2026-07-08T18:59:57Z
2026-07-08T18:58:29Z,2026-07-08T20:58:29+0200,e401fd36-f4a8-45e5-ad91-bdd87731a7ba,2026-06-10T15:15:00Z,2026-06-10T17:15:00+0200,1053.103,MW,DE,DE_LU,actual_offshore_wind_generation,Wind Offshore,2026-07-08T18:59:57Z
2026-07-08T18:58:29Z,2026-07-08T20:58:29+0200,e401fd36-f4a8-45e5-ad91-bdd87731a7ba,2026-06-10T15:30:00Z,2026-06-10T17:30:00+0200,962.336,MW,DE,DE_LU,actual_offshore_wind_generation,Wind Offshore,2026-07-08T18:59:57Z
2026-07-08T18:58:29Z,2026-07-08T20:58:29+0200,e401fd36-f4a8-45e5-ad91-bdd87731a7ba,2026-06-10T15:45:00Z,2026-06-10T17:45:00+0200,839.736,MW,DE,DE_LU,actual_offshore_wind_generation,Wind Offshore,2026-07-08T18:59:57Z
2026-07-08T18:58:29Z,2026-07-08T20:58:29+0200,e401fd36-f4a8-45e5-ad91-bdd87731a7ba,2026-06-10T16:00:00Z,2026-06-10T18:00:00+0200,759.536,MW,DE,DE_LU,actual_offshore_wind_generation,Wind Offshore,2026-07-08T18:59:57Z
2026-07-08T18:58:29Z,2026-07-08T20:58:29+0200,e401fd36-f4a8-45e5-ad91-bdd87731a7ba,2026-06-10T16:15:00Z,2026-06-10T18:15:00+0200,675.015,MW,DE,DE_LU,actual_offshore_wind_generation,Wind Offshore,2026-07-08T18:59:57Z
2026-07-08T18:58:29Z,2026-07-08T20:58:29+0200,e401fd36-f4a8-45e5-ad91-bdd87731a7ba,2026-06-10T16:30:00Z,2026-06-10T18:30:00+0200,595.072,MW,DE,DE_LU,actual_offshore_wind_generation,Wind Offshore,2026-07-08T18:59:57Z
2026-07-08T18:58:29Z,2026-07-08T20:58:29+0200,e401fd36-f4a8-45e5-ad91-bdd87731a7ba,2026-06-10T16:45:00Z,2026-06-10T18:45:00+0200,521.701,MW,DE,DE_LU,actual_offshore_wind_generation,Wind Offshore,2026-07-08T18:59:57Z
2026-07-08T18:58:29Z,2026-07-08T20:58:29+0200,e401fd36-f4a8-45e5-ad91-bdd87731a7ba,2026-06-10T17:00:00Z,2026-06-10T19:00:00+0200,480.81,MW,DE,DE_LU,actual_offshore_wind_generation,Wind Offshore,2026-07-08T18:59:57Z
2026-07-08T18:58:29Z,2026-07-08T20:58:29+0200,e401fd36-f4a8-45e5-ad91-bdd87731a7ba,2026-06-10T17:15:00Z,2026-06-10T19:15:00+0200,521.436,MW,DE,DE_LU,actual_offshore_wind_generation,Wind Offshore,2026-07-08T18:59:57Z
2026-07-08T18:58:29Z,2026-07-08T20:58:29+0200,e401fd36-f4a8-45e5-ad91-bdd87731a7ba,2026-06-10T17:30:00Z,2026-06-10T19:30:00+0200,540.646,MW,DE,DE_LU,actual_offshore_wind_generation,Wind Offshore,2026-07-08T18:59:57Z
2026-07-08T18:58:29Z,2026-07-08T20:58:29+0200,e401fd36-f4a8-45e5-ad91-bdd87731a7ba,2026-06-10T17:45:00Z,2026-06-10T19:45:00+0200,435.87,MW,DE,DE_LU,actual_offshore_wind_generation,Wind Offshore,2026-07-08T18:59:57Z
2026-07-08T18:58:29Z,2026-07-08T20:58:29+0200,e401fd36-f4a8-45e5-ad91-bdd87731a7ba,2026-06-10T18:00:00Z,2026-06-10T20:00:00+0200,388.964,MW,DE,DE_LU,actual_offshore_wind_generation,Wind Offshore,2026-07-08T18:59:57Z
2026-07-08T18:58:29Z,2026-07-08T20:58:29+0200,e401fd36-f4a8-45e5-ad91-bdd87731a7ba,2026-06-10T18:15:00Z,2026-06-10T20:15:00+0200,367.489,MW,DE,DE_LU,actual_offshore_wind_generation,Wind Offshore,2026-07-08T18:59:57Z
2026-07-08T18:58:29Z,2026-07-08T20:58:29+0200,e401fd36-f4a8-45e5-ad91-bdd87731a7ba,2026-06-10T18:30:00Z,2026-06-10T20:30:00+0200,322.673,MW,DE,DE_LU,actual_offshore_wind_generation,Wind Offshore,2026-07-08T18:59:57Z
2026-07-08T18:58:29Z,2026-07-08T20:58:29+0200,e401fd36-f4a8-45e5-ad91-bdd87731a7ba,2026-06-10T18:45:00Z,2026-06-10T20:45:00+0200,423.238,MW,DE,DE_LU,actual_offshore_wind_generation,Wind Offshore,2026-07-08T18:59:57Z
2026-07-08T18:58:29Z,2026-07-08T20:58:29+0200,e401fd36-f4a8-45e5-ad91-bdd87731a7ba,2026-06-10T19:00:00Z,2026-06-10T21:00:00+0200,601.259,MW,DE,DE_LU,actual_offshore_wind_generation,Wind Offshore,2026-07-08T18:59:57Z
2026-07-08T18:58:29Z,2026-07-08T20:58:29+0200,e401fd36-f4a8-45e5-ad91-bdd87731a7ba,2026-06-10T19:15:00Z,2026-06-10T21:15:00+0200,836.147,MW,DE,DE_LU,actual_offshore_wind_generation,Wind Offshore,2026-07-08T18:59:57Z
2026-07-08T18:58:29Z,2026-07-08T20:58:29+0200,e401fd36-f4a8-45e5-ad91-bdd87731a7ba,2026-06-10T19:30:00Z,2026-06-10T21:30:00+0200,1065.683,MW,DE,DE_LU,actual_offshore_wind_generation,Wind Offshore,2026-07-08T18:59:57Z
2026-07-08T18:58:29Z,2026-07-08T20:58:29+0200,e401fd36-f4a8-45e5-ad91-bdd87731a7ba,2026-06-10T19:45:00Z,2026-06-10T21:45:00+0200,1311.992,MW,DE,DE_LU,actual_offshore_wind_generation,Wind Offshore,2026-07-08T18:59:57Z
2026-07-08T18:58:29Z,2026-07-08T20:58:29+0200,e401fd36-f4a8-45e5-ad91-bdd87731a7ba,2026-06-10T20:00:00Z,2026-06-10T22:00:00+0200,889.943,MW,DE,DE_LU,actual_offshore_wind_generation,Wind Offshore,2026-07-08T18:59:57Z
2026-07-08T18:58:29Z,2026-07-08T20:58:29+0200,e401fd36-f4a8-45e5-ad91-bdd87731a7ba,2026-06-10T20:15:00Z,2026-06-10T22:15:00+0200,545.772,MW,DE,DE_LU,actual_offshore_wind_generation,Wind Offshore,2026-07-08T18:59:57Z
2026-07-08T18:58:29Z,2026-07-08T20:58:29+0200,e401fd36-f4a8-45e5-ad91-bdd87731a7ba,2026-06-10T20:30:00Z,2026-06-10T22:30:00+0200,509.838,MW,DE,DE_LU,actual_offshore_wind_generation,Wind Offshore,2026-07-08T18:59:57Z
2026-07-08T18:58:29Z,2026-07-08T20:58:29+0200,e401fd36-f4a8-45e5-ad91-bdd87731a7ba,2026-06-10T20:45:00Z,2026-06-10T22:45:00+0200,570.239,MW,DE,DE_LU,actual_offshore_wind_generation,Wind Offshore,2026-07-08T18:59:57Z
2026-07-08T18:58:29Z,2026-07-08T20:58:29+0200,e401fd36-f4a8-45e5-ad91-bdd87731a7ba,2026-06-10T21:00:00Z,2026-06-10T23:00:00+0200,467.467,MW,DE,DE_LU,actual_offshore_wind_generation,Wind Offshore,2026-07-08T18:59:57Z
2026-07-08T18:58:29Z,2026-07-08T20:58:29+0200,e401fd36-f4a8-45e5-ad91-bdd87731a7ba,2026-06-10T21:15:00Z,2026-06-10T23:15:00+0200,319.042,MW,DE,DE_LU,actual_offshore_wind_generation,Wind Offshore,2026-07-08T18:59:57Z
2026-07-08T18:58:29Z,2026-07-08T20:58:29+0200,e401fd36-f4a8-45e5-ad91-bdd87731a7ba,2026-06-10T21:30:00Z,2026-06-10T23:30:00+0200,306.086,MW,DE,DE_LU,actual_offshore_wind_generation,Wind Offshore,2026-07-08T18:59:57Z
2026-07-08T18:58:29Z,2026-07-08T20:58:29+0200,e401fd36-f4a8-45e5-ad91-bdd87731a7ba,2026-06-10T21:45:00Z,2026-06-10T23:45:00+0200,315.817,MW,DE,DE_LU,actual_offshore_wind_generation,Wind Offshore,2026-07-08T18:59:57Z
2026-07-08T18:58:29Z,2026-07-08T20:58:29+0200,e401fd36-f4a8-45e5-ad91-bdd87731a7ba,2026-06-10T22:00:00Z,2026-06-11T00:00:00+0200,306.813,MW,DE,DE_LU,actual_offshore_wind_generation,Wind Offshore,2026-07-08T18:59:57Z
2026-07-08T18:58:29Z,2026-07-08T20:58:29+0200,e401fd36-f4a8-45e5-ad91-bdd87731a7ba,2026-06-10T22:15:00Z,2026-06-11T00:15:00+0200,261.019,MW,DE,DE_LU,actual_offshore_wind_generation,Wind Offshore,2026-07-08T18:59:57Z
2026-07-08T18:58:29Z,2026-07-08T20:58:29+0200,e401fd36-f4a8-45e5-ad91-bdd87731a7ba,2026-06-10T22:30:00Z,2026-06-11T00:30:00+0200,261.041,MW,DE,DE_LU,actual_offshore_wind_generation,Wind Offshore,2026-07-08T18:59:57Z
2026-07-08T18:58:29Z,2026-07-08T20:58:29+0200,e401fd36-f4a8-45e5-ad91-bdd87731a7ba,2026-06-10T22:45:00Z,2026-06-11T00:45:00+0200,251.3,MW,DE,DE_LU,actual_offshore_wind_generation,Wind Offshore,2026-07-08T18:59:57Z
2026-07-08T18:58:29Z,2026-07-08T20:58:29+0200,e401fd36-f4a8-45e5-ad91-bdd87731a7ba,2026-06-10T23:00:00Z,2026-06-11T01:00:00+0200,267.232,MW,DE,DE_LU,actual_offshore_wind_generation,Wind Offshore,2026-07-08T18:59:57Z
2026-07-08T18:58:29Z,2026-07-08T20:58:29+0200,e401fd36-f4a8-45e5-ad91-bdd87731a7ba,2026-06-10T23:15:00Z,2026-06-11T01:15:00+0200,251.043,MW,DE,DE_LU,actual_offshore_wind_generation,Wind Offshore,2026-07-08T18:59:57Z
2026-07-08T18:58:29Z,2026-07-08T20:58:29+0200,e401fd36-f4a8-45e5-ad91-bdd87731a7ba,2026-06-10T23:30:00Z,2026-06-11T01:30:00+0200,198.676,MW,DE,DE_LU,actual_offshore_wind_generation,Wind Offshore,2026-07-08T18:59:57Z
2026-07-08T18:58:29Z,2026-07-08T20:58:29+0200,e401fd36-f4a8-45e5-ad91-bdd87731a7ba,2026-06-10T23:45:00Z,2026-06-11T01:45:00+0200,209.475,MW,DE,DE_LU,actual_offshore_wind_generation,Wind Offshore,2026-07-08T18:59:57Z
2026-07-08T18:58:29Z,2026-07-08T20:58:29+0200,e401fd36-f4a8-45e5-ad91-bdd87731a7ba,2026-06-11T00:00:00Z,2026-06-11T02:00:00+0200,298.537,MW,DE,DE_LU,actual_offshore_wind_generation,Wind Offshore,2026-07-08T18:59:57Z
2026-07-08T18:58:29Z,2026-07-08T20:58:29+0200,e401fd36-f4a8-45e5-ad91-bdd87731a7ba,2026-06-11T00:15:00Z,2026-06-11T02:15:00+0200,390.437,MW,DE,DE_LU,actual_offshore_wind_generation,Wind Offshore,2026-07-08T18:59:57Z
2026-07-08T18:58:29Z,2026-07-08T20:58:29+0200,e401fd36-f4a8-45e5-ad91-bdd87731a7ba,2026-06-11T00:30:00Z,2026-06-11T02:30:00+0200,478.396,MW,DE,DE_LU,actual_offshore_wind_generation,Wind Offshore,2026-07-08T18:59:57Z
2026-07-08T18:58:29Z,2026-07-08T20:58:29+0200,e401fd36-f4a8-45e5-ad91-bdd87731a7ba,2026-06-11T00:45:00Z,2026-06-11T02:45:00+0200,479.116,MW,DE,DE_LU,actual_offshore_wind_generation,Wind Offshore,2026-07-08T18:59:57Z
2026-07-08T18:58:29Z,2026-07-08T20:58:29+0200,e401fd36-f4a8-45e5-ad91-bdd87731a7ba,2026-06-11T01:00:00Z,2026-06-11T03:00:00+0200,446.793,MW,DE,DE_LU,actual_offshore_wind_generation,Wind Offshore,2026-07-08T18:59:57Z
2026-07-08T18:58:29Z,2026-07-08T20:58:29+0200,e401fd36-f4a8-45e5-ad91-bdd87731a7ba,2026-06-11T01:15:00Z,2026-06-11T03:15:00+0200,355.4,MW,DE,DE_LU,actual_offshore_wind_generation,Wind Offshore,2026-07-08T18:59:57Z
2026-07-08T18:58:29Z,2026-07-08T20:58:29+0200,e401fd36-f4a8-45e5-ad91-bdd87731a7ba,2026-06-11T01:30:00Z,2026-06-11T03:30:00+0200,382.364,MW,DE,DE_LU,actual_offshore_wind_generation,Wind Offshore,2026-07-08T18:59:57Z
2026-07-08T18:58:29Z,2026-07-08T20:58:29+0200,e401fd36-f4a8-45e5-ad91-bdd87731a7ba,2026-06-11T01:45:00Z,2026-06-11T03:45:00+0200,413.063,MW,DE,DE_LU,actual_offshore_wind_generation,Wind Offshore,2026-07-08T18:59:57Z
2026-07-08T18:58:29Z,2026-07-08T20:58:29+0200,e401fd36-f4a8-45e5-ad91-bdd87731a7ba,2026-06-11T02:00:00Z,2026-06-11T04:00:00+0200,424.153,MW,DE,DE_LU,actual_offshore_wind_generation,Wind Offshore,2026-07-08T18:59:57Z
2026-07-08T18:58:29Z,2026-07-08T20:58:29+0200,e401fd36-f4a8-45e5-ad91-bdd87731a7ba,2026-06-11T02:15:00Z,2026-06-11T04:15:00+0200,310.091,MW,DE,DE_LU,actual_offshore_wind_generation,Wind Offshore,2026-07-08T18:59:57Z
2026-07-08T18:58:29Z,2026-07-08T20:58:29+0200,e401fd36-f4a8-45e5-ad91-bdd87731a7ba,2026-06-11T02:30:00Z,2026-06-11T04:30:00+0200,237.85,MW,DE,DE_LU,actual_offshore_wind_generation,Wind Offshore,2026-07-08T18:59:57Z
2026-07-08T18:58:29Z,2026-07-08T20:58:29+0200,e401fd36-f4a8-45e5-ad91-bdd87731a7ba,2026-06-11T02:45:00Z,2026-06-11T04:45:00+0200,213.13,MW,DE,DE_LU,actual_offshore_wind_generation,Wind Offshore,2026-07-08T18:59:57Z
2026-07-08T18:58:29Z,2026-07-08T20:58:29+0200,e401fd36-f4a8-45e5-ad91-bdd87731a7ba,2026-06-11T03:00:00Z,2026-06-11T05:00:00+0200,271.438,MW,DE,DE_LU,actual_offshore_wind_generation,Wind Offshore,2026-07-08T18:59:57Z
2026-07-08T18:58:29Z,2026-07-08T20:58:29+0200,e401fd36-f4a8-45e5-ad91-bdd87731a7ba,2026-06-11T03:15:00Z,2026-06-11T05:15:00+0200,339.435,MW,DE,DE_LU,actual_offshore_wind_generation,Wind Offshore,2026-07-08T18:59:57Z
2026-07-08T18:58:29Z,2026-07-08T20:58:29+0200,e401fd36-f4a8-45e5-ad91-bdd87731a7ba,2026-06-11T03:30:00Z,2026-06-11T05:30:00+0200,304.73,MW,DE,DE_LU,actual_offshore_wind_generation,Wind Offshore,2026-07-08T18:59:57Z
2026-07-08T18:58:29Z,2026-07-08T20:58:29+0200,e401fd36-f4a8-45e5-ad91-bdd87731a7ba,2026-06-11T03:45:00Z,2026-06-11T05:45:00+0200,256.434,MW,DE,DE_LU,actual_offshore_wind_generation,Wind Offshore,2026-07-08T18:59:57Z
2026-07-08T18:58:29Z,2026-07-08T20:58:29+0200,e401fd36-f4a8-45e5-ad91-bdd87731a7ba,2026-06-11T04:00:00Z,2026-06-11T06:00:00+0200,228.872,MW,DE,DE_LU,actual_offshore_wind_generation,Wind Offshore,2026-07-08T18:59:57Z
2026-07-08T18:58:29Z,2026-07-08T20:58:29+0200,e401fd36-f4a8-45e5-ad91-bdd87731a7ba,2026-06-11T04:15:00Z,2026-06-11T06:15:00+0200,256.413,MW,DE,DE_LU,actual_offshore_wind_generation,Wind Offshore,2026-07-08T18:59:57Z
2026-07-08T18:58:29Z,2026-07-08T20:58:29+0200,e401fd36-f4a8-45e5-ad91-bdd87731a7ba,2026-06-11T04:30:00Z,2026-06-11T06:30:00+0200,258.609,MW,DE,DE_LU,actual_offshore_wind_generation,Wind Offshore,2026-07-08T18:59:57Z
2026-07-08T18:58:29Z,2026-07-08T20:58:29+0200,e401fd36-f4a8-45e5-ad91-bdd87731a7ba,2026-06-11T04:45:00Z,2026-06-11T06:45:00+0200,240.212,MW,DE,DE_LU,actual_offshore_wind_generation,Wind Offshore,2026-07-08T18:59:57Z
2026-07-08T18:58:29Z,2026-07-08T20:58:29+0200,e401fd36-f4a8-45e5-ad91-bdd87731a7ba,2026-06-11T05:00:00Z,2026-06-11T07:00:00+0200,238.566,MW,DE,DE_LU,actual_offshore_wind_generation,Wind Offshore,2026-07-08T18:59:57Z
2026-07-08T18:58:29Z,2026-07-08T20:58:29+0200,e401fd36-f4a8-45e5-ad91-bdd87731a7ba,2026-06-11T05:15:00Z,2026-06-11T07:15:00+0200,192.629,MW,DE,DE_LU,actual_offshore_wind_generation,Wind Offshore,2026-07-08T18:59:57Z
2026-07-08T18:58:29Z,2026-07-08T20:58:29+0200,e401fd36-f4a8-45e5-ad91-bdd87731a7ba,2026-06-11T05:30:00Z,2026-06-11T07:30:00+0200,142.289,MW,DE,DE_LU,actual_offshore_wind_generation,Wind Offshore,2026-07-08T18:59:57Z
2026-07-08T18:58:29Z,2026-07-08T20:58:29+0200,e401fd36-f4a8-45e5-ad91-bdd87731a7ba,2026-06-11T05:45:00Z,2026-06-11T07:45:00+0200,106.152,MW,DE,DE_LU,actual_offshore_wind_generation,Wind Offshore,2026-07-08T18:59:57Z
2026-07-08T18:58:29Z,2026-07-08T20:58:29+0200,e401fd36-f4a8-45e5-ad91-bdd87731a7ba,2026-06-11T06:00:00Z,2026-06-11T08:00:00+0200,103.915,MW,DE,DE_LU,actual_offshore_wind_generation,Wind Offshore,2026-07-08T18:59:57Z
2026-07-08T18:58:29Z,2026-07-08T20:58:29+0200,e401fd36-f4a8-45e5-ad91-bdd87731a7ba,2026-06-11T06:15:00Z,2026-06-11T08:15:00+0200,151.905,MW,DE,DE_LU,actual_offshore_wind_generation,Wind Offshore,2026-07-08T18:59:57Z
2026-07-08T18:58:29Z,2026-07-08T20:58:29+0200,e401fd36-f4a8-45e5-ad91-bdd87731a7ba,2026-06-11T06:30:00Z,2026-06-11T08:30:00+0200,202.312,MW,DE,DE_LU,actual_offshore_wind_generation,Wind Offshore,2026-07-08T18:59:57Z
2026-07-08T18:58:29Z,2026-07-08T20:58:29+0200,e401fd36-f4a8-45e5-ad91-bdd87731a7ba,2026-06-11T06:45:00Z,2026-06-11T08:45:00+0200,245.336,MW,DE,DE_LU,actual_offshore_wind_generation,Wind Offshore,2026-07-08T18:59:57Z
2026-07-08T18:58:29Z,2026-07-08T20:58:29+0200,e401fd36-f4a8-45e5-ad91-bdd87731a7ba,2026-06-11T07:00:00Z,2026-06-11T09:00:00+0200,293.3,MW,DE,DE_LU,actual_offshore_wind_generation,Wind Offshore,2026-07-08T18:59:57Z
2026-07-08T18:58:29Z,2026-07-08T20:58:29+0200,e401fd36-f4a8-45e5-ad91-bdd87731a7ba,2026-06-11T07:15:00Z,2026-06-11T09:15:00+0200,346.86,MW,DE,DE_LU,actual_offshore_wind_generation,Wind Offshore,2026-07-08T18:59:57Z
2026-07-08T18:58:29Z,2026-07-08T20:58:29+0200,e401fd36-f4a8-45e5-ad91-bdd87731a7ba,2026-06-11T07:30:00Z,2026-06-11T09:30:00+0200,378.866,MW,DE,DE_LU,actual_offshore_wind_generation,Wind Offshore,2026-07-08T18:59:57Z
2026-07-08T18:58:29Z,2026-07-08T20:58:29+0200,e401fd36-f4a8-45e5-ad91-bdd87731a7ba,2026-06-11T07:45:00Z,2026-06-11T09:45:00+0200,383.684,MW,DE,DE_LU,actual_offshore_wind_generation,Wind Offshore,2026-07-08T18:59:57Z
2026-07-08T18:58:29Z,2026-07-08T20:58:29+0200,e401fd36-f4a8-45e5-ad91-bdd87731a7ba,2026-06-11T08:00:00Z,2026-06-11T10:00:00+0200,382.805,MW,DE,DE_LU,actual_offshore_wind_generation,Wind Offshore,2026-07-08T18:59:57Z
2026-07-08T18:58:29Z,2026-07-08T20:58:29+0200,e401fd36-f4a8-45e5-ad91-bdd87731a7ba,2026-06-11T08:15:00Z,2026-06-11T10:15:00+0200,413.483,MW,DE,DE_LU,actual_offshore_wind_generation,Wind Offshore,2026-07-08T18:59:57Z
2026-07-08T18:58:29Z,2026-07-08T20:58:29+0200,e401fd36-f4a8-45e5-ad91-bdd87731a7ba,2026-06-11T08:30:00Z,2026-06-11T10:30:00+0200,453.3,MW,DE,DE_LU,actual_offshore_wind_generation,Wind Offshore,2026-07-08T18:59:57Z
2026-07-08T18:58:29Z,2026-07-08T20:58:29+0200,e401fd36-f4a8-45e5-ad91-bdd87731a7ba,2026-06-11T08:45:00Z,2026-06-11T10:45:00+0200,473.122,MW,DE,DE_LU,actual_offshore_wind_generation,Wind Offshore,2026-07-08T18:59:57Z
2026-07-08T18:58:29Z,2026-07-08T20:58:29+0200,e401fd36-f4a8-45e5-ad91-bdd87731a7ba,2026-06-11T09:00:00Z,2026-06-11T11:00:00+0200,482.064,MW,DE,DE_LU,actual_offshore_wind_generation,Wind Offshore,2026-07-08T18:59:57Z
2026-07-08T18:58:29Z,2026-07-08T20:58:29+0200,e401fd36-f4a8-45e5-ad91-bdd87731a7ba,2026-06-11T09:15:00Z,2026-06-11T11:15:00+0200,515.9,MW,DE,DE_LU,actual_offshore_wind_generation,Wind Offshore,2026-07-08T18:59:57Z
2026-07-08T18:58:29Z,2026-07-08T20:58:29+0200,e401fd36-f4a8-45e5-ad91-bdd87731a7ba,2026-06-11T09:30:00Z,2026-06-11T11:30:00+0200,559.743,MW,DE,DE_LU,actual_offshore_wind_generation,Wind Offshore,2026-07-08T18:59:57Z
2026-07-08T18:58:29Z,2026-07-08T20:58:29+0200,e401fd36-f4a8-45e5-ad91-bdd87731a7ba,2026-06-11T09:45:00Z,2026-06-11T11:45:00+0200,550.627,MW,DE,DE_LU,actual_offshore_wind_generation,Wind Offshore,2026-07-08T18:59:57Z
2026-07-08T18:58:29Z,2026-07-08T20:58:29+0200,e401fd36-f4a8-45e5-ad91-bdd87731a7ba,2026-06-11T10:00:00Z,2026-06-11T12:00:00+0200,544.409,MW,DE,DE_LU,actual_offshore_wind_generation,Wind Offshore,2026-07-08T18:59:57Z
2026-07-08T18:58:29Z,2026-07-08T20:58:29+0200,e401fd36-f4a8-45e5-ad91-bdd87731a7ba,2026-06-11T10:15:00Z,2026-06-11T12:15:00+0200,563.125,MW,DE,DE_LU,actual_offshore_wind_generation,Wind Offshore,2026-07-08T18:59:57Z
2026-07-08T18:58:29Z,2026-07-08T20:58:29+0200,e401fd36-f4a8-45e5-ad91-bdd87731a7ba,2026-06-11T10:30:00Z,2026-06-11T12:30:00+0200,598.664,MW,DE,DE_LU,actual_offshore_wind_generation,Wind Offshore,2026-07-08T18:59:57Z
2026-07-08T18:58:29Z,2026-07-08T20:58:29+0200,e401fd36-f4a8-45e5-ad91-bdd87731a7ba,2026-06-11T10:45:00Z,2026-06-11T12:45:00+0200,672.103,MW,DE,DE_LU,actual_offshore_wind_generation,Wind Offshore,2026-07-08T18:59:57Z
2026-07-08T18:58:29Z,2026-07-08T20:58:29+0200,e401fd36-f4a8-45e5-ad91-bdd87731a7ba,2026-06-11T11:00:00Z,2026-06-11T13:00:00+0200,718.89,MW,DE,DE_LU,actual_offshore_wind_generation,Wind Offshore,2026-07-08T18:59:57Z
2026-07-08T18:58:29Z,2026-07-08T20:58:29+0200,e401fd36-f4a8-45e5-ad91-bdd87731a7ba,2026-06-11T11:15:00Z,2026-06-11T13:15:00+0200,768.123,MW,DE,DE_LU,actual_offshore_wind_generation,Wind Offshore,2026-07-08T18:59:57Z
2026-07-08T18:58:29Z,2026-07-08T20:58:29+0200,e401fd36-f4a8-45e5-ad91-bdd87731a7ba,2026-06-11T11:30:00Z,2026-06-11T13:30:00+0200,868.113,MW,DE,DE_LU,actual_offshore_wind_generation,Wind Offshore,2026-07-08T18:59:57Z
2026-07-08T18:58:29Z,2026-07-08T20:58:29+0200,e401fd36-f4a8-45e5-ad91-bdd87731a7ba,2026-06-11T11:45:00Z,2026-06-11T13:45:00+0200,851.999,MW,DE,DE_LU,actual_offshore_wind_generation,Wind Offshore,2026-07-08T18:59:57Z
2026-07-08T18:58:29Z,2026-07-08T20:58:29+0200,e401fd36-f4a8-45e5-ad91-bdd87731a7ba,2026-06-11T12:00:00Z,2026-06-11T14:00:00+0200,904.323,MW,DE,DE_LU,actual_offshore_wind_generation,Wind Offshore,2026-07-08T18:59:57Z
2026-07-08T18:58:29Z,2026-07-08T20:58:29+0200,e401fd36-f4a8-45e5-ad91-bdd87731a7ba,2026-06-11T12:15:00Z,2026-06-11T14:15:00+0200,970.23,MW,DE,DE_LU,actual_offshore_wind_generation,Wind Offshore,2026-07-08T18:59:57Z
2026-07-08T18:58:29Z,2026-07-08T20:58:29+0200,e401fd36-f4a8-45e5-ad91-bdd87731a7ba,2026-06-11T12:30:00Z,2026-06-11T14:30:00+0200,999.096,MW,DE,DE_LU,actual_offshore_wind_generation,Wind Offshore,2026-07-08T18:59:57Z
2026-07-08T18:58:29Z,2026-07-08T20:58:29+0200,e401fd36-f4a8-45e5-ad91-bdd87731a7ba,2026-06-11T12:45:00Z,2026-06-11T14:45:00+0200,1041.663,MW,DE,DE_LU,actual_offshore_wind_generation,Wind Offshore,2026-07-08T18:59:57Z
2026-07-08T18:58:29Z,2026-07-08T20:58:29+0200,e401fd36-f4a8-45e5-ad91-bdd87731a7ba,2026-06-11T13:00:00Z,2026-06-11T15:00:00+0200,1211.85,MW,DE,DE_LU,actual_offshore_wind_generation,Wind Offshore,2026-07-08T18:59:57Z
2026-07-08T18:58:29Z,2026-07-08T20:58:29+0200,e401fd36-f4a8-45e5-ad91-bdd87731a7ba,2026-06-11T13:15:00Z,2026-06-11T15:15:00+0200,1262.227,MW,DE,DE_LU,actual_offshore_wind_generation,Wind Offshore,2026-07-08T18:59:57Z
2026-07-08T18:58:29Z,2026-07-08T20:58:29+0200,e401fd36-f4a8-45e5-ad91-bdd87731a7ba,2026-06-11T13:30:00Z,2026-06-11T15:30:00+0200,1270.394,MW,DE,DE_LU,actual_offshore_wind_generation,Wind Offshore,2026-07-08T18:59:57Z
2026-07-08T18:58:29Z,2026-07-08T20:58:29+0200,e401fd36-f4a8-45e5-ad91-bdd87731a7ba,2026-06-11T13:45:00Z,2026-06-11T15:45:00+0200,1236.202,MW,DE,DE_LU,actual_offshore_wind_generation,Wind Offshore,2026-07-08T18:59:57Z
2026-07-08T18:58:29Z,2026-07-08T20:58:29+0200,e401fd36-f4a8-45e5-ad91-bdd87731a7ba,2026-06-11T14:00:00Z,2026-06-11T16:00:00+0200,1261.668,MW,DE,DE_LU,actual_offshore_wind_generation,Wind Offshore,2026-07-08T18:59:57Z
2026-07-08T18:58:29Z,2026-07-08T20:58:29+0200,e401fd36-f4a8-45e5-ad91-bdd87731a7ba,2026-06-11T14:15:00Z,2026-06-11T16:15:00+0200,1313.415,MW,DE,DE_LU,actual_offshore_wind_generation,Wind Offshore,2026-07-08T18:59:57Z
2026-07-08T18:58:29Z,2026-07-08T20:58:29+0200,e401fd36-f4a8-45e5-ad91-bdd87731a7ba,2026-06-11T14:30:00Z,2026-06-11T16:30:00+0200,1327.159,MW,DE,DE_LU,actual_offshore_wind_generation,Wind Offshore,2026-07-08T18:59:57Z
2026-07-08T18:58:29Z,2026-07-08T20:58:29+0200,e401fd36-f4a8-45e5-ad91-bdd87731a7ba,2026-06-11T14:45:00Z,2026-06-11T16:45:00+0200,1437.848,MW,DE,DE_LU,actual_offshore_wind_generation,Wind Offshore,2026-07-08T18:59:57Z
2026-07-08T18:58:29Z,2026-07-08T20:58:29+0200,e401fd36-f4a8-45e5-ad91-bdd87731a7ba,2026-06-11T15:00:00Z,2026-06-11T17:00:00+0200,1547.462,MW,DE,DE_LU,actual_offshore_wind_generation,Wind Offshore,2026-07-08T18:59:57Z
2026-07-08T18:58:29Z,2026-07-08T20:58:29+0200,e401fd36-f4a8-45e5-ad91-bdd87731a7ba,2026-06-11T15:15:00Z,2026-06-11T17:15:00+0200,1730.81,MW,DE,DE_LU,actual_offshore_wind_generation,Wind Offshore,2026-07-08T18:59:57Z
2026-07-08T18:58:29Z,2026-07-08T20:58:29+0200,e401fd36-f4a8-45e5-ad91-bdd87731a7ba,2026-06-11T15:30:00Z,2026-06-11T17:30:00+0200,1871.279,MW,DE,DE_LU,actual_offshore_wind_generation,Wind Offshore,2026-07-08T18:59:57Z
2026-07-08T18:58:29Z,2026-07-08T20:58:29+0200,e401fd36-f4a8-45e5-ad91-bdd87731a7ba,2026-06-11T15:45:00Z,2026-06-11T17:45:00+0200,2046.704,MW,DE,DE_LU,actual_offshore_wind_generation,Wind Offshore,2026-07-08T18:59:57Z
2026-07-08T18:58:29Z,2026-07-08T20:58:29+0200,e401fd36-f4a8-45e5-ad91-bdd87731a7ba,2026-06-11T16:00:00Z,2026-06-11T18:00:00+0200,2031.589,MW,DE,DE_LU,actual_offshore_wind_generation,Wind Offshore,2026-07-08T18:59:57Z
2026-07-08T18:58:29Z,2026-07-08T20:58:29+0200,e401fd36-f4a8-45e5-ad91-bdd87731a7ba,2026-06-11T16:15:00Z,2026-06-11T18:15:00+0200,1932.885,MW,DE,DE_LU,actual_offshore_wind_generation,Wind Offshore,2026-07-08T18:59:57Z
2026-07-08T18:58:29Z,2026-07-08T20:58:29+0200,e401fd36-f4a8-45e5-ad91-bdd87731a7ba,2026-06-11T16:30:00Z,2026-06-11T18:30:00+0200,1836.943,MW,DE,DE_LU,actual_offshore_wind_generation,Wind Offshore,2026-07-08T18:59:57Z
2026-07-08T18:58:29Z,2026-07-08T20:58:29+0200,e401fd36-f4a8-45e5-ad91-bdd87731a7ba,2026-06-11T16:45:00Z,2026-06-11T18:45:00+0200,1650.869,MW,DE,DE_LU,actual_offshore_wind_generation,Wind Offshore,2026-07-08T18:59:57Z
2026-07-08T18:58:29Z,2026-07-08T20:58:29+0200,e401fd36-f4a8-45e5-ad91-bdd87731a7ba,2026-06-11T17:00:00Z,2026-06-11T19:00:00+0200,1499.726,MW,DE,DE_LU,actual_offshore_wind_generation,Wind Offshore,2026-07-08T18:59:57Z
2026-07-08T18:58:29Z,2026-07-08T20:58:29+0200,e401fd36-f4a8-45e5-ad91-bdd87731a7ba,2026-06-11T17:15:00Z,2026-06-11T19:15:00+0200,1364.853,MW,DE,DE_LU,actual_offshore_wind_generation,Wind Offshore,2026-07-08T18:59:57Z
2026-07-08T18:58:29Z,2026-07-08T20:58:29+0200,e401fd36-f4a8-45e5-ad91-bdd87731a7ba,2026-06-11T17:30:00Z,2026-06-11T19:30:00+0200,1255.606,MW,DE,DE_LU,actual_offshore_wind_generation,Wind Offshore,2026-07-08T18:59:57Z
2026-07-08T18:58:29Z,2026-07-08T20:58:29+0200,e401fd36-f4a8-45e5-ad91-bdd87731a7ba,2026-06-11T17:45:00Z,2026-06-11T19:45:00+0200,1184.27,MW,DE,DE_LU,actual_offshore_wind_generation,Wind Offshore,2026-07-08T18:59:57Z
2026-07-08T18:58:29Z,2026-07-08T20:58:29+0200,e401fd36-f4a8-45e5-ad91-bdd87731a7ba,2026-06-11T18:00:00Z,2026-06-11T20:00:00+0200,1290.0,MW,DE,DE_LU,actual_offshore_wind_generation,Wind Offshore,2026-07-08T18:59:57Z
2026-07-08T18:58:29Z,2026-07-08T20:58:29+0200,e401fd36-f4a8-45e5-ad91-bdd87731a7ba,2026-06-11T18:15:00Z,2026-06-11T20:15:00+0200,1512.453,MW,DE,DE_LU,actual_offshore_wind_generation,Wind Offshore,2026-07-08T18:59:57Z
2026-07-08T18:58:29Z,2026-07-08T20:58:29+0200,e401fd36-f4a8-45e5-ad91-bdd87731a7ba,2026-06-11T18:30:00Z,2026-06-11T20:30:00+0200,1621.541,MW,DE,DE_LU,actual_offshore_wind_generation,Wind Offshore,2026-07-08T18:59:57Z
2026-07-08T18:58:29Z,2026-07-08T20:58:29+0200,e401fd36-f4a8-45e5-ad91-bdd87731a7ba,2026-06-11T18:45:00Z,2026-06-11T20:45:00+0200,1518.549,MW,DE,DE_LU,actual_offshore_wind_generation,Wind Offshore,2026-07-08T18:59:57Z
2026-07-08T18:58:29Z,2026-07-08T20:58:29+0200,e401fd36-f4a8-45e5-ad91-bdd87731a7ba,2026-06-11T19:00:00Z,2026-06-11T21:00:00+0200,1681.858,MW,DE,DE_LU,actual_offshore_wind_generation,Wind Offshore,2026-07-08T18:59:57Z
2026-07-08T18:58:29Z,2026-07-08T20:58:29+0200,e401fd36-f4a8-45e5-ad91-bdd87731a7ba,2026-06-11T19:15:00Z,2026-06-11T21:15:00+0200,1495.904,MW,DE,DE_LU,actual_offshore_wind_generation,Wind Offshore,2026-07-08T18:59:57Z
2026-07-08T18:58:29Z,2026-07-08T20:58:29+0200,e401fd36-f4a8-45e5-ad91-bdd87731a7ba,2026-06-11T19:30:00Z,2026-06-11T21:30:00+0200,1018.879,MW,DE,DE_LU,actual_offshore_wind_generation,Wind Offshore,2026-07-08T18:59:57Z
2026-07-08T18:58:29Z,2026-07-08T20:58:29+0200,e401fd36-f4a8-45e5-ad91-bdd87731a7ba,2026-06-11T19:45:00Z,2026-06-11T21:45:00+0200,772.389,MW,DE,DE_LU,actual_offshore_wind_generation,Wind Offshore,2026-07-08T18:59:57Z
2026-07-08T18:58:29Z,2026-07-08T20:58:29+0200,e401fd36-f4a8-45e5-ad91-bdd87731a7ba,2026-06-11T20:00:00Z,2026-06-11T22:00:00+0200,721.692,MW,DE,DE_LU,actual_offshore_wind_generation,Wind Offshore,2026-07-08T18:59:57Z
2026-07-08T18:58:29Z,2026-07-08T20:58:29+0200,e401fd36-f4a8-45e5-ad91-bdd87731a7ba,2026-06-11T20:15:00Z,2026-06-11T22:15:00+0200,828.575,MW,DE,DE_LU,actual_offshore_wind_generation,Wind Offshore,2026-07-08T18:59:57Z
2026-07-08T18:58:29Z,2026-07-08T20:58:29+0200,e401fd36-f4a8-45e5-ad91-bdd87731a7ba,2026-06-11T20:30:00Z,2026-06-11T22:30:00+0200,1089.198,MW,DE,DE_LU,actual_offshore_wind_generation,Wind Offshore,2026-07-08T18:59:57Z
2026-07-08T18:58:29Z,2026-07-08T20:58:29+0200,e401fd36-f4a8-45e5-ad91-bdd87731a7ba,2026-06-11T20:45:00Z,2026-06-11T22:45:00+0200,1434.867,MW,DE,DE_LU,actual_offshore_wind_generation,Wind Offshore,2026-07-08T18:59:57Z
2026-07-08T18:58:29Z,2026-07-08T20:58:29+0200,e401fd36-f4a8-45e5-ad91-bdd87731a7ba,2026-06-11T21:00:00Z,2026-06-11T23:00:00+0200,1771.203,MW,DE,DE_LU,actual_offshore_wind_generation,Wind Offshore,2026-07-08T18:59:57Z
2026-07-08T18:58:29Z,2026-07-08T20:58:29+0200,e401fd36-f4a8-45e5-ad91-bdd87731a7ba,2026-06-11T21:15:00Z,2026-06-11T23:15:00+0200,1917.722,MW,DE,DE_LU,actual_offshore_wind_generation,Wind Offshore,2026-07-08T18:59:57Z
2026-07-08T18:58:29Z,2026-07-08T20:58:29+0200,e401fd36-f4a8-45e5-ad91-bdd87731a7ba,2026-06-11T21:30:00Z,2026-06-11T23:30:00+0200,2185.25,MW,DE,DE_LU,actual_offshore_wind_generation,Wind Offshore,2026-07-08T18:59:57Z
2026-07-08T18:58:29Z,2026-07-08T20:58:29+0200,e401fd36-f4a8-45e5-ad91-bdd87731a7ba,2026-06-11T21:45:00Z,2026-06-11T23:45:00+0200,2508.399,MW,DE,DE_LU,actual_offshore_wind_generation,Wind Offshore,2026-07-08T18:59:57Z
2026-07-08T18:58:29Z,2026-07-08T20:58:29+0200,e401fd36-f4a8-45e5-ad91-bdd87731a7ba,2026-06-11T22:00:00Z,2026-06-12T00:00:00+0200,2915.166,MW,DE,DE_LU,actual_offshore_wind_generation,Wind Offshore,2026-07-08T18:59:57Z
2026-07-08T18:58:29Z,2026-07-08T20:58:29+0200,e401fd36-f4a8-45e5-ad91-bdd87731a7ba,2026-06-11T22:15:00Z,2026-06-12T00:15:00+0200,3095.218,MW,DE,DE_LU,actual_offshore_wind_generation,Wind Offshore,2026-07-08T18:59:57Z
2026-07-08T18:58:29Z,2026-07-08T20:58:29+0200,e401fd36-f4a8-45e5-ad91-bdd87731a7ba,2026-06-11T22:30:00Z,2026-06-12T00:30:00+0200,3079.333,MW,DE,DE_LU,actual_offshore_wind_generation,Wind Offshore,2026-07-08T18:59:57Z
2026-07-08T18:58:29Z,2026-07-08T20:58:29+0200,e401fd36-f4a8-45e5-ad91-bdd87731a7ba,2026-06-11T22:45:00Z,2026-06-12T00:45:00+0200,3058.571,MW,DE,DE_LU,actual_offshore_wind_generation,Wind Offshore,2026-07-08T18:59:57Z
2026-07-08T18:58:29Z,2026-07-08T20:58:29+0200,e401fd36-f4a8-45e5-ad91-bdd87731a7ba,2026-06-11T23:00:00Z,2026-06-12T01:00:00+0200,3096.766,MW,DE,DE_LU,actual_offshore_wind_generation,Wind Offshore,2026-07-08T18:59:57Z
2026-07-08T18:58:29Z,2026-07-08T20:58:29+0200,e401fd36-f4a8-45e5-ad91-bdd87731a7ba,2026-06-11T23:15:00Z,2026-06-12T01:15:00+0200,3047.367,MW,DE,DE_LU,actual_offshore_wind_generation,Wind Offshore,2026-07-08T18:59:57Z
2026-07-08T18:58:29Z,2026-07-08T20:58:29+0200,e401fd36-f4a8-45e5-ad91-bdd87731a7ba,2026-06-11T23:30:00Z,2026-06-12T01:30:00+0200,3124.029,MW,DE,DE_LU,actual_offshore_wind_generation,Wind Offshore,2026-07-08T18:59:57Z
2026-07-08T18:58:29Z,2026-07-08T20:58:29+0200,e401fd36-f4a8-45e5-ad91-bdd87731a7ba,2026-06-11T23:45:00Z,2026-06-12T01:45:00+0200,3467.534,MW,DE,DE_LU,actual_offshore_wind_generation,Wind Offshore,2026-07-08T18:59:57Z
2026-07-08T18:58:29Z,2026-07-08T20:58:29+0200,e401fd36-f4a8-45e5-ad91-bdd87731a7ba,2026-06-12T00:00:00Z,2026-06-12T02:00:00+0200,3876.607,MW,DE,DE_LU,actual_offshore_wind_generation,Wind Offshore,2026-07-08T18:59:57Z
2026-07-08T18:58:29Z,2026-07-08T20:58:29+0200,e401fd36-f4a8-45e5-ad91-bdd87731a7ba,2026-06-12T00:15:00Z,2026-06-12T02:15:00+0200,4154.323,MW,DE,DE_LU,actual_offshore_wind_generation,Wind Offshore,2026-07-08T18:59:57Z
2026-07-08T18:58:29Z,2026-07-08T20:58:29+0200,e401fd36-f4a8-45e5-ad91-bdd87731a7ba,2026-06-12T00:30:00Z,2026-06-12T02:30:00+0200,4307.248,MW,DE,DE_LU,actual_offshore_wind_generation,Wind Offshore,2026-07-08T18:59:57Z
2026-07-08T18:58:29Z,2026-07-08T20:58:29+0200,e401fd36-f4a8-45e5-ad91-bdd87731a7ba,2026-06-12T00:45:00Z,2026-06-12T02:45:00+0200,4362.225,MW,DE,DE_LU,actual_offshore_wind_generation,Wind Offshore,2026-07-08T18:59:57Z
2026-07-08T18:58:29Z,2026-07-08T20:58:29+0200,e401fd36-f4a8-45e5-ad91-bdd87731a7ba,2026-06-12T01:00:00Z,2026-06-12T03:00:00+0200,4384.969,MW,DE,DE_LU,actual_offshore_wind_generation,Wind Offshore,2026-07-08T18:59:57Z
2026-07-08T18:58:29Z,2026-07-08T20:58:29+0200,e401fd36-f4a8-45e5-ad91-bdd87731a7ba,2026-06-12T01:15:00Z,2026-06-12T03:15:00+0200,4328.135,MW,DE,DE_LU,actual_offshore_wind_generation,Wind Offshore,2026-07-08T18:59:57Z
2026-07-08T18:58:29Z,2026-07-08T20:58:29+0200,e401fd36-f4a8-45e5-ad91-bdd87731a7ba,2026-06-12T01:30:00Z,2026-06-12T03:30:00+0200,4192.364,MW,DE,DE_LU,actual_offshore_wind_generation,Wind Offshore,2026-07-08T18:59:57Z
2026-07-08T18:58:29Z,2026-07-08T20:58:29+0200,e401fd36-f4a8-45e5-ad91-bdd87731a7ba,2026-06-12T01:45:00Z,2026-06-12T03:45:00+0200,4062.601,MW,DE,DE_LU,actual_offshore_wind_generation,Wind Offshore,2026-07-08T18:59:57Z
2026-07-08T18:58:29Z,2026-07-08T20:58:29+0200,e401fd36-f4a8-45e5-ad91-bdd87731a7ba,2026-06-12T02:00:00Z,2026-06-12T04:00:00+0200,3939.431,MW,DE,DE_LU,actual_offshore_wind_generation,Wind Offshore,2026-07-08T18:59:57Z
2026-07-08T18:58:29Z,2026-07-08T20:58:29+0200,e401fd36-f4a8-45e5-ad91-bdd87731a7ba,2026-06-12T02:15:00Z,2026-06-12T04:15:00+0200,4000.932,MW,DE,DE_LU,actual_offshore_wind_generation,Wind Offshore,2026-07-08T18:59:57Z
2026-07-08T18:58:29Z,2026-07-08T20:58:29+0200,e401fd36-f4a8-45e5-ad91-bdd87731a7ba,2026-06-12T02:30:00Z,2026-06-12T04:30:00+0200,4139.256,MW,DE,DE_LU,actual_offshore_wind_generation,Wind Offshore,2026-07-08T18:59:57Z
2026-07-08T18:58:29Z,2026-07-08T20:58:29+0200,e401fd36-f4a8-45e5-ad91-bdd87731a7ba,2026-06-12T02:45:00Z,2026-06-12T04:45:00+0200,4026.044,MW,DE,DE_LU,actual_offshore_wind_generation,Wind Offshore,2026-07-08T18:59:57Z
2026-07-08T18:58:29Z,2026-07-08T20:58:29+0200,e401fd36-f4a8-45e5-ad91-bdd87731a7ba,2026-06-12T03:00:00Z,2026-06-12T05:00:00+0200,3758.444,MW,DE,DE_LU,actual_offshore_wind_generation,Wind Offshore,2026-07-08T18:59:57Z
2026-07-08T18:58:29Z,2026-07-08T20:58:29+0200,e401fd36-f4a8-45e5-ad91-bdd87731a7ba,2026-06-12T03:15:00Z,2026-06-12T05:15:00+0200,3459.943,MW,DE,DE_LU,actual_offshore_wind_generation,Wind Offshore,2026-07-08T18:59:57Z
2026-07-08T18:58:29Z,2026-07-08T20:58:29+0200,e401fd36-f4a8-45e5-ad91-bdd87731a7ba,2026-06-12T03:30:00Z,2026-06-12T05:30:00+0200,3208.491,MW,DE,DE_LU,actual_offshore_wind_generation,Wind Offshore,2026-07-08T18:59:57Z
2026-07-08T18:58:29Z,2026-07-08T20:58:29+0200,e401fd36-f4a8-45e5-ad91-bdd87731a7ba,2026-06-12T03:45:00Z,2026-06-12T05:45:00+0200,2778.092,MW,DE,DE_LU,actual_offshore_wind_generation,Wind Offshore,2026-07-08T18:59:57Z
2026-07-08T18:58:29Z,2026-07-08T20:58:29+0200,e401fd36-f4a8-45e5-ad91-bdd87731a7ba,2026-06-12T04:00:00Z,2026-06-12T06:00:00+0200,2539.14,MW,DE,DE_LU,actual_offshore_wind_generation,Wind Offshore,2026-07-08T18:59:57Z
2026-07-08T18:58:29Z,2026-07-08T20:58:29+0200,e401fd36-f4a8-45e5-ad91-bdd87731a7ba,2026-06-12T04:15:00Z,2026-06-12T06:15:00+0200,2371.568,MW,DE,DE_LU,actual_offshore_wind_generation,Wind Offshore,2026-07-08T18:59:57Z
2026-07-08T18:58:29Z,2026-07-08T20:58:29+0200,e401fd36-f4a8-45e5-ad91-bdd87731a7ba,2026-06-12T04:30:00Z,2026-06-12T06:30:00+0200,2229.333,MW,DE,DE_LU,actual_offshore_wind_generation,Wind Offshore,2026-07-08T18:59:57Z
2026-07-08T18:58:29Z,2026-07-08T20:58:29+0200,e401fd36-f4a8-45e5-ad91-bdd87731a7ba,2026-06-12T04:45:00Z,2026-06-12T06:45:00+0200,2101.88,MW,DE,DE_LU,actual_offshore_wind_generation,Wind Offshore,2026-07-08T18:59:57Z
2026-07-08T18:58:29Z,2026-07-08T20:58:29+0200,e401fd36-f4a8-45e5-ad91-bdd87731a7ba,2026-06-12T05:00:00Z,2026-06-12T07:00:00+0200,1919.386,MW,DE,DE_LU,actual_offshore_wind_generation,Wind Offshore,2026-07-08T18:59:57Z
2026-07-08T18:58:29Z,2026-07-08T20:58:29+0200,e401fd36-f4a8-45e5-ad91-bdd87731a7ba,2026-06-12T05:15:00Z,2026-06-12T07:15:00+0200,1897.755,MW,DE,DE_LU,actual_offshore_wind_generation,Wind Offshore,2026-07-08T18:59:57Z
2026-07-08T18:58:29Z,2026-07-08T20:58:29+0200,e401fd36-f4a8-45e5-ad91-bdd87731a7ba,2026-06-12T05:30:00Z,2026-06-12T07:30:00+0200,1906.858,MW,DE,DE_LU,actual_offshore_wind_generation,Wind Offshore,2026-07-08T18:59:57Z
2026-07-08T18:58:29Z,2026-07-08T20:58:29+0200,e401fd36-f4a8-45e5-ad91-bdd87731a7ba,2026-06-12T05:45:00Z,2026-06-12T07:45:00+0200,2037.78,MW,DE,DE_LU,actual_offshore_wind_generation,Wind Offshore,2026-07-08T18:59:57Z
2026-07-08T18:58:29Z,2026-07-08T20:58:29+0200,e401fd36-f4a8-45e5-ad91-bdd87731a7ba,2026-06-12T06:00:00Z,2026-06-12T08:00:00+0200,2208.308,MW,DE,DE_LU,actual_offshore_wind_generation,Wind Offshore,2026-07-08T18:59:57Z
2026-07-08T18:58:29Z,2026-07-08T20:58:29+0200,e401fd36-f4a8-45e5-ad91-bdd87731a7ba,2026-06-12T06:15:00Z,2026-06-12T08:15:00+0200,2391.952,MW,DE,DE_LU,actual_offshore_wind_generation,Wind Offshore,2026-07-08T18:59:57Z
2026-07-08T18:58:29Z,2026-07-08T20:58:29+0200,e401fd36-f4a8-45e5-ad91-bdd87731a7ba,2026-06-12T06:30:00Z,2026-06-12T08:30:00+0200,2421.204,MW,DE,DE_LU,actual_offshore_wind_generation,Wind Offshore,2026-07-08T18:59:57Z
2026-07-08T18:58:29Z,2026-07-08T20:58:29+0200,e401fd36-f4a8-45e5-ad91-bdd87731a7ba,2026-06-12T06:45:00Z,2026-06-12T08:45:00+0200,2343.495,MW,DE,DE_LU,actual_offshore_wind_generation,Wind Offshore,2026-07-08T18:59:57Z
2026-07-08T18:58:29Z,2026-07-08T20:58:29+0200,e401fd36-f4a8-45e5-ad91-bdd87731a7ba,2026-06-12T07:00:00Z,2026-06-12T09:00:00+0200,2326.063,MW,DE,DE_LU,actual_offshore_wind_generation,Wind Offshore,2026-07-08T18:59:57Z
2026-07-08T18:58:29Z,2026-07-08T20:58:29+0200,e401fd36-f4a8-45e5-ad91-bdd87731a7ba,2026-06-12T07:15:00Z,2026-06-12T09:15:00+0200,2283.835,MW,DE,DE_LU,actual_offshore_wind_generation,Wind Offshore,2026-07-08T18:59:57Z
2026-07-08T18:58:29Z,2026-07-08T20:58:29+0200,e401fd36-f4a8-45e5-ad91-bdd87731a7ba,2026-06-12T07:30:00Z,2026-06-12T09:30:00+0200,2215.488,MW,DE,DE_LU,actual_offshore_wind_generation,Wind Offshore,2026-07-08T18:59:57Z
2026-07-08T18:58:29Z,2026-07-08T20:58:29+0200,e401fd36-f4a8-45e5-ad91-bdd87731a7ba,2026-06-12T07:45:00Z,2026-06-12T09:45:00+0200,2333.544,MW,DE,DE_LU,actual_offshore_wind_generation,Wind Offshore,2026-07-08T18:59:57Z
2026-07-08T18:58:29Z,2026-07-08T20:58:29+0200,e401fd36-f4a8-45e5-ad91-bdd87731a7ba,2026-06-12T08:00:00Z,2026-06-12T10:00:00+0200,2345.819,MW,DE,DE_LU,actual_offshore_wind_generation,Wind Offshore,2026-07-08T18:59:57Z
2026-07-08T18:58:29Z,2026-07-08T20:58:29+0200,e401fd36-f4a8-45e5-ad91-bdd87731a7ba,2026-06-12T08:15:00Z,2026-06-12T10:15:00+0200,2308.125,MW,DE,DE_LU,actual_offshore_wind_generation,Wind Offshore,2026-07-08T18:59:57Z
2026-07-08T18:58:29Z,2026-07-08T20:58:29+0200,e401fd36-f4a8-45e5-ad91-bdd87731a7ba,2026-06-12T08:30:00Z,2026-06-12T10:30:00+0200,2249.019,MW,DE,DE_LU,actual_offshore_wind_generation,Wind Offshore,2026-07-08T18:59:57Z
2026-07-08T18:58:29Z,2026-07-08T20:58:29+0200,e401fd36-f4a8-45e5-ad91-bdd87731a7ba,2026-06-12T08:45:00Z,2026-06-12T10:45:00+0200,2196.709,MW,DE,DE_LU,actual_offshore_wind_generation,Wind Offshore,2026-07-08T18:59:57Z
2026-07-08T18:58:29Z,2026-07-08T20:58:29+0200,e401fd36-f4a8-45e5-ad91-bdd87731a7ba,2026-06-12T09:00:00Z,2026-06-12T11:00:00+0200,2016.596,MW,DE,DE_LU,actual_offshore_wind_generation,Wind Offshore,2026-07-08T18:59:57Z
2026-07-08T18:58:29Z,2026-07-08T20:58:29+0200,e401fd36-f4a8-45e5-ad91-bdd87731a7ba,2026-06-12T09:15:00Z,2026-06-12T11:15:00+0200,1928.699,MW,DE,DE_LU,actual_offshore_wind_generation,Wind Offshore,2026-07-08T18:59:57Z
2026-07-08T18:58:29Z,2026-07-08T20:58:29+0200,e401fd36-f4a8-45e5-ad91-bdd87731a7ba,2026-06-12T09:30:00Z,2026-06-12T11:30:00+0200,1917.346,MW,DE,DE_LU,actual_offshore_wind_generation,Wind Offshore,2026-07-08T18:59:57Z
2026-07-08T18:58:29Z,2026-07-08T20:58:29+0200,e401fd36-f4a8-45e5-ad91-bdd87731a7ba,2026-06-12T09:45:00Z,2026-06-12T11:45:00+0200,1948.014,MW,DE,DE_LU,actual_offshore_wind_generation,Wind Offshore,2026-07-08T18:59:57Z
2026-07-08T18:58:29Z,2026-07-08T20:58:29+0200,e401fd36-f4a8-45e5-ad91-bdd87731a7ba,2026-06-12T10:00:00Z,2026-06-12T12:00:00+0200,2177.257,MW,DE,DE_LU,actual_offshore_wind_generation,Wind Offshore,2026-07-08T18:59:57Z
2026-07-08T18:58:29Z,2026-07-08T20:58:29+0200,e401fd36-f4a8-45e5-ad91-bdd87731a7ba,2026-06-12T10:15:00Z,2026-06-12T12:15:00+0200,2377.447,MW,DE,DE_LU,actual_offshore_wind_generation,Wind Offshore,2026-07-08T18:59:57Z
2026-07-08T18:58:29Z,2026-07-08T20:58:29+0200,e401fd36-f4a8-45e5-ad91-bdd87731a7ba,2026-06-12T10:30:00Z,2026-06-12T12:30:00+0200,2581.539,MW,DE,DE_LU,actual_offshore_wind_generation,Wind Offshore,2026-07-08T18:59:57Z
2026-07-08T18:58:29Z,2026-07-08T20:58:29+0200,e401fd36-f4a8-45e5-ad91-bdd87731a7ba,2026-06-12T10:45:00Z,2026-06-12T12:45:00+0200,3023.885,MW,DE,DE_LU,actual_offshore_wind_generation,Wind Offshore,2026-07-08T18:59:57Z
2026-07-08T18:58:29Z,2026-07-08T20:58:29+0200,e401fd36-f4a8-45e5-ad91-bdd87731a7ba,2026-06-12T11:00:00Z,2026-06-12T13:00:00+0200,3163.995,MW,DE,DE_LU,actual_offshore_wind_generation,Wind Offshore,2026-07-08T18:59:57Z
2026-07-08T18:58:29Z,2026-07-08T20:58:29+0200,e401fd36-f4a8-45e5-ad91-bdd87731a7ba,2026-06-12T11:15:00Z,2026-06-12T13:15:00+0200,2988.635,MW,DE,DE_LU,actual_offshore_wind_generation,Wind Offshore,2026-07-08T18:59:57Z
2026-07-08T18:58:29Z,2026-07-08T20:58:29+0200,e401fd36-f4a8-45e5-ad91-bdd87731a7ba,2026-06-12T11:30:00Z,2026-06-12T13:30:00+0200,3150.488,MW,DE,DE_LU,actual_offshore_wind_generation,Wind Offshore,2026-07-08T18:59:57Z
2026-07-08T18:58:29Z,2026-07-08T20:58:29+0200,e401fd36-f4a8-45e5-ad91-bdd87731a7ba,2026-06-12T11:45:00Z,2026-06-12T13:45:00+0200,3182.612,MW,DE,DE_LU,actual_offshore_wind_generation,Wind Offshore,2026-07-08T18:59:57Z
2026-07-08T18:58:29Z,2026-07-08T20:58:29+0200,e401fd36-f4a8-45e5-ad91-bdd87731a7ba,2026-06-12T12:00:00Z,2026-06-12T14:00:00+0200,3467.817,MW,DE,DE_LU,actual_offshore_wind_generation,Wind Offshore,2026-07-08T18:59:57Z
2026-07-08T18:58:29Z,2026-07-08T20:58:29+0200,e401fd36-f4a8-45e5-ad91-bdd87731a7ba,2026-06-12T12:15:00Z,2026-06-12T14:15:00+0200,3753.044,MW,DE,DE_LU,actual_offshore_wind_generation,Wind Offshore,2026-07-08T18:59:57Z
2026-07-08T18:58:29Z,2026-07-08T20:58:29+0200,e401fd36-f4a8-45e5-ad91-bdd87731a7ba,2026-06-12T12:30:00Z,2026-06-12T14:30:00+0200,4087.429,MW,DE,DE_LU,actual_offshore_wind_generation,Wind Offshore,2026-07-08T18:59:57Z
2026-07-08T18:58:29Z,2026-07-08T20:58:29+0200,e401fd36-f4a8-45e5-ad91-bdd87731a7ba,2026-06-12T12:45:00Z,2026-06-12T14:45:00+0200,4438.998,MW,DE,DE_LU,actual_offshore_wind_generation,Wind Offshore,2026-07-08T18:59:57Z
2026-07-08T18:58:29Z,2026-07-08T20:58:29+0200,e401fd36-f4a8-45e5-ad91-bdd87731a7ba,2026-06-12T13:00:00Z,2026-06-12T15:00:00+0200,4458.57,MW,DE,DE_LU,actual_offshore_wind_generation,Wind Offshore,2026-07-08T18:59:57Z
2026-07-08T18:58:29Z,2026-07-08T20:58:29+0200,e401fd36-f4a8-45e5-ad91-bdd87731a7ba,2026-06-12T13:15:00Z,2026-06-12T15:15:00+0200,4146.021,MW,DE,DE_LU,actual_offshore_wind_generation,Wind Offshore,2026-07-08T18:59:57Z
2026-07-08T18:58:29Z,2026-07-08T20:58:29+0200,e401fd36-f4a8-45e5-ad91-bdd87731a7ba,2026-06-12T13:30:00Z,2026-06-12T15:30:00+0200,4321.069,MW,DE,DE_LU,actual_offshore_wind_generation,Wind Offshore,2026-07-08T18:59:57Z
2026-07-08T18:58:29Z,2026-07-08T20:58:29+0200,e401fd36-f4a8-45e5-ad91-bdd87731a7ba,2026-06-12T13:45:00Z,2026-06-12T15:45:00+0200,4173.308,MW,DE,DE_LU,actual_offshore_wind_generation,Wind Offshore,2026-07-08T18:59:57Z
2026-07-08T18:58:29Z,2026-07-08T20:58:29+0200,e401fd36-f4a8-45e5-ad91-bdd87731a7ba,2026-06-12T14:00:00Z,2026-06-12T16:00:00+0200,3962.921,MW,DE,DE_LU,actual_offshore_wind_generation,Wind Offshore,2026-07-08T18:59:57Z
2026-07-08T18:58:29Z,2026-07-08T20:58:29+0200,e401fd36-f4a8-45e5-ad91-bdd87731a7ba,2026-06-12T14:15:00Z,2026-06-12T16:15:00+0200,4071.28,MW,DE,DE_LU,actual_offshore_wind_generation,Wind Offshore,2026-07-08T18:59:57Z
2026-07-08T18:58:29Z,2026-07-08T20:58:29+0200,e401fd36-f4a8-45e5-ad91-bdd87731a7ba,2026-06-12T14:30:00Z,2026-06-12T16:30:00+0200,3883.276,MW,DE,DE_LU,actual_offshore_wind_generation,Wind Offshore,2026-07-08T18:59:57Z
2026-07-08T18:58:29Z,2026-07-08T20:58:29+0200,e401fd36-f4a8-45e5-ad91-bdd87731a7ba,2026-06-12T14:45:00Z,2026-06-12T16:45:00+0200,3836.288,MW,DE,DE_LU,actual_offshore_wind_generation,Wind Offshore,2026-07-08T18:59:57Z
2026-07-08T18:58:29Z,2026-07-08T20:58:29+0200,e401fd36-f4a8-45e5-ad91-bdd87731a7ba,2026-06-12T15:00:00Z,2026-06-12T17:00:00+0200,4545.999,MW,DE,DE_LU,actual_offshore_wind_generation,Wind Offshore,2026-07-08T18:59:57Z
2026-07-08T18:58:29Z,2026-07-08T20:58:29+0200,e401fd36-f4a8-45e5-ad91-bdd87731a7ba,2026-06-12T15:15:00Z,2026-06-12T17:15:00+0200,4548.455,MW,DE,DE_LU,actual_offshore_wind_generation,Wind Offshore,2026-07-08T18:59:57Z
2026-07-08T18:58:29Z,2026-07-08T20:58:29+0200,e401fd36-f4a8-45e5-ad91-bdd87731a7ba,2026-06-12T15:30:00Z,2026-06-12T17:30:00+0200,4463.989,MW,DE,DE_LU,actual_offshore_wind_generation,Wind Offshore,2026-07-08T18:59:57Z
2026-07-08T18:58:29Z,2026-07-08T20:58:29+0200,e401fd36-f4a8-45e5-ad91-bdd87731a7ba,2026-06-12T15:45:00Z,2026-06-12T17:45:00+0200,4189.63,MW,DE,DE_LU,actual_offshore_wind_generation,Wind Offshore,2026-07-08T18:59:57Z
2026-07-08T18:58:29Z,2026-07-08T20:58:29+0200,e401fd36-f4a8-45e5-ad91-bdd87731a7ba,2026-06-12T16:00:00Z,2026-06-12T18:00:00+0200,3760.786,MW,DE,DE_LU,actual_offshore_wind_generation,Wind Offshore,2026-07-08T18:59:57Z
2026-07-08T18:58:29Z,2026-07-08T20:58:29+0200,e401fd36-f4a8-45e5-ad91-bdd87731a7ba,2026-06-12T16:15:00Z,2026-06-12T18:15:00+0200,3432.609,MW,DE,DE_LU,actual_offshore_wind_generation,Wind Offshore,2026-07-08T18:59:57Z
2026-07-08T18:58:29Z,2026-07-08T20:58:29+0200,e401fd36-f4a8-45e5-ad91-bdd87731a7ba,2026-06-12T16:30:00Z,2026-06-12T18:30:00+0200,3146.411,MW,DE,DE_LU,actual_offshore_wind_generation,Wind Offshore,2026-07-08T18:59:57Z
2026-07-08T18:58:29Z,2026-07-08T20:58:29+0200,e401fd36-f4a8-45e5-ad91-bdd87731a7ba,2026-06-12T16:45:00Z,2026-06-12T18:45:00+0200,2768.843,MW,DE,DE_LU,actual_offshore_wind_generation,Wind Offshore,2026-07-08T18:59:57Z
2026-07-08T18:58:29Z,2026-07-08T20:58:29+0200,e401fd36-f4a8-45e5-ad91-bdd87731a7ba,2026-06-12T17:00:00Z,2026-06-12T19:00:00+0200,2282.029,MW,DE,DE_LU,actual_offshore_wind_generation,Wind Offshore,2026-07-08T18:59:57Z
2026-07-08T18:58:29Z,2026-07-08T20:58:29+0200,e401fd36-f4a8-45e5-ad91-bdd87731a7ba,2026-06-12T17:15:00Z,2026-06-12T19:15:00+0200,2029.944,MW,DE,DE_LU,actual_offshore_wind_generation,Wind Offshore,2026-07-08T18:59:57Z
2026-07-08T18:58:29Z,2026-07-08T20:58:29+0200,e401fd36-f4a8-45e5-ad91-bdd87731a7ba,2026-06-12T17:30:00Z,2026-06-12T19:30:00+0200,1820.274,MW,DE,DE_LU,actual_offshore_wind_generation,Wind Offshore,2026-07-08T18:59:57Z
2026-07-08T18:58:29Z,2026-07-08T20:58:29+0200,e401fd36-f4a8-45e5-ad91-bdd87731a7ba,2026-06-12T17:45:00Z,2026-06-12T19:45:00+0200,1689.717,MW,DE,DE_LU,actual_offshore_wind_generation,Wind Offshore,2026-07-08T18:59:57Z
2026-07-08T18:58:29Z,2026-07-08T20:58:29+0200,e401fd36-f4a8-45e5-ad91-bdd87731a7ba,2026-06-12T18:00:00Z,2026-06-12T20:00:00+0200,1419.997,MW,DE,DE_LU,actual_offshore_wind_generation,Wind Offshore,2026-07-08T18:59:57Z
2026-07-08T18:58:29Z,2026-07-08T20:58:29+0200,e401fd36-f4a8-45e5-ad91-bdd87731a7ba,2026-06-12T18:15:00Z,2026-06-12T20:15:00+0200,1571.327,MW,DE,DE_LU,actual_offshore_wind_generation,Wind Offshore,2026-07-08T18:59:57Z
2026-07-08T18:58:29Z,2026-07-08T20:58:29+0200,e401fd36-f4a8-45e5-ad91-bdd87731a7ba,2026-06-12T18:30:00Z,2026-06-12T20:30:00+0200,1747.367,MW,DE,DE_LU,actual_offshore_wind_generation,Wind Offshore,2026-07-08T18:59:57Z
2026-07-08T18:58:29Z,2026-07-08T20:58:29+0200,e401fd36-f4a8-45e5-ad91-bdd87731a7ba,2026-06-12T18:45:00Z,2026-06-12T20:45:00+0200,1818.525,MW,DE,DE_LU,actual_offshore_wind_generation,Wind Offshore,2026-07-08T18:59:57Z
2026-07-08T18:58:29Z,2026-07-08T20:58:29+0200,e401fd36-f4a8-45e5-ad91-bdd87731a7ba,2026-06-12T19:00:00Z,2026-06-12T21:00:00+0200,1921.497,MW,DE,DE_LU,actual_offshore_wind_generation,Wind Offshore,2026-07-08T18:59:57Z
2026-07-08T18:58:29Z,2026-07-08T20:58:29+0200,e401fd36-f4a8-45e5-ad91-bdd87731a7ba,2026-06-12T19:15:00Z,2026-06-12T21:15:00+0200,1848.693,MW,DE,DE_LU,actual_offshore_wind_generation,Wind Offshore,2026-07-08T18:59:57Z
2026-07-08T18:58:29Z,2026-07-08T20:58:29+0200,e401fd36-f4a8-45e5-ad91-bdd87731a7ba,2026-06-12T19:30:00Z,2026-06-12T21:30:00+0200,1816.602,MW,DE,DE_LU,actual_offshore_wind_generation,Wind Offshore,2026-07-08T18:59:57Z
2026-07-08T18:58:29Z,2026-07-08T20:58:29+0200,e401fd36-f4a8-45e5-ad91-bdd87731a7ba,2026-06-12T19:45:00Z,2026-06-12T21:45:00+0200,1829.06,MW,DE,DE_LU,actual_offshore_wind_generation,Wind Offshore,2026-07-08T18:59:57Z
2026-07-08T18:58:29Z,2026-07-08T20:58:29+0200,e401fd36-f4a8-45e5-ad91-bdd87731a7ba,2026-06-12T20:00:00Z,2026-06-12T22:00:00+0200,1809.366,MW,DE,DE_LU,actual_offshore_wind_generation,Wind Offshore,2026-07-08T18:59:57Z
2026-07-08T18:58:29Z,2026-07-08T20:58:29+0200,e401fd36-f4a8-45e5-ad91-bdd87731a7ba,2026-06-12T20:15:00Z,2026-06-12T22:15:00+0200,1830.811,MW,DE,DE_LU,actual_offshore_wind_generation,Wind Offshore,2026-07-08T18:59:57Z
2026-07-08T18:58:29Z,2026-07-08T20:58:29+0200,e401fd36-f4a8-45e5-ad91-bdd87731a7ba,2026-06-12T20:30:00Z,2026-06-12T22:30:00+0200,1984.403,MW,DE,DE_LU,actual_offshore_wind_generation,Wind Offshore,2026-07-08T18:59:57Z
2026-07-08T18:58:29Z,2026-07-08T20:58:29+0200,e401fd36-f4a8-45e5-ad91-bdd87731a7ba,2026-06-12T20:45:00Z,2026-06-12T22:45:00+0200,2242.182,MW,DE,DE_LU,actual_offshore_wind_generation,Wind Offshore,2026-07-08T18:59:57Z
2026-07-08T18:58:29Z,2026-07-08T20:58:29+0200,e401fd36-f4a8-45e5-ad91-bdd87731a7ba,2026-06-12T21:00:00Z,2026-06-12T23:00:00+0200,2439.043,MW,DE,DE_LU,actual_offshore_wind_generation,Wind Offshore,2026-07-08T18:59:57Z
2026-07-08T18:58:29Z,2026-07-08T20:58:29+0200,e401fd36-f4a8-45e5-ad91-bdd87731a7ba,2026-06-12T21:15:00Z,2026-06-12T23:15:00+0200,2416.75,MW,DE,DE_LU,actual_offshore_wind_generation,Wind Offshore,2026-07-08T18:59:57Z
2026-07-08T18:58:29Z,2026-07-08T20:58:29+0200,e401fd36-f4a8-45e5-ad91-bdd87731a7ba,2026-06-12T21:30:00Z,2026-06-12T23:30:00+0200,2340.902,MW,DE,DE_LU,actual_offshore_wind_generation,Wind Offshore,2026-07-08T18:59:57Z
2026-07-08T18:58:29Z,2026-07-08T20:58:29+0200,e401fd36-f4a8-45e5-ad91-bdd87731a7ba,2026-06-12T21:45:00Z,2026-06-12T23:45:00+0200,2433.61,MW,DE,DE_LU,actual_offshore_wind_generation,Wind Offshore,2026-07-08T18:59:57Z
2026-07-08T18:58:29Z,2026-07-08T20:58:29+0200,e401fd36-f4a8-45e5-ad91-bdd87731a7ba,2026-06-12T22:00:00Z,2026-06-13T00:00:00+0200,2411.259,MW,DE,DE_LU,actual_offshore_wind_generation,Wind Offshore,2026-07-08T18:59:57Z
2026-07-08T18:58:29Z,2026-07-08T20:58:29+0200,e401fd36-f4a8-45e5-ad91-bdd87731a7ba,2026-06-12T22:15:00Z,2026-06-13T00:15:00+0200,2595.428,MW,DE,DE_LU,actual_offshore_wind_generation,Wind Offshore,2026-07-08T18:59:57Z
2026-07-08T18:58:29Z,2026-07-08T20:58:29+0200,e401fd36-f4a8-45e5-ad91-bdd87731a7ba,2026-06-12T22:30:00Z,2026-06-13T00:30:00+0200,2785.106,MW,DE,DE_LU,actual_offshore_wind_generation,Wind Offshore,2026-07-08T18:59:57Z
2026-07-08T18:58:29Z,2026-07-08T20:58:29+0200,e401fd36-f4a8-45e5-ad91-bdd87731a7ba,2026-06-12T22:45:00Z,2026-06-13T00:45:00+0200,3079.039,MW,DE,DE_LU,actual_offshore_wind_generation,Wind Offshore,2026-07-08T18:59:57Z
2026-07-08T18:58:29Z,2026-07-08T20:58:29+0200,e401fd36-f4a8-45e5-ad91-bdd87731a7ba,2026-06-12T23:00:00Z,2026-06-13T01:00:00+0200,3461.556,MW,DE,DE_LU,actual_offshore_wind_generation,Wind Offshore,2026-07-08T18:59:57Z
2026-07-08T18:58:29Z,2026-07-08T20:58:29+0200,e401fd36-f4a8-45e5-ad91-bdd87731a7ba,2026-06-12T23:15:00Z,2026-06-13T01:15:00+0200,3841.51,MW,DE,DE_LU,actual_offshore_wind_generation,Wind Offshore,2026-07-08T18:59:57Z
2026-07-08T18:58:29Z,2026-07-08T20:58:29+0200,e401fd36-f4a8-45e5-ad91-bdd87731a7ba,2026-06-12T23:30:00Z,2026-06-13T01:30:00+0200,4048.074,MW,DE,DE_LU,actual_offshore_wind_generation,Wind Offshore,2026-07-08T18:59:57Z
2026-07-08T18:58:29Z,2026-07-08T20:58:29+0200,e401fd36-f4a8-45e5-ad91-bdd87731a7ba,2026-06-12T23:45:00Z,2026-06-13T01:45:00+0200,4176.795,MW,DE,DE_LU,actual_offshore_wind_generation,Wind Offshore,2026-07-08T18:59:57Z
2026-07-08T18:58:29Z,2026-07-08T20:58:29+0200,e401fd36-f4a8-45e5-ad91-bdd87731a7ba,2026-06-13T00:00:00Z,2026-06-13T02:00:00+0200,4220.278,MW,DE,DE_LU,actual_offshore_wind_generation,Wind Offshore,2026-07-08T18:59:57Z
2026-07-08T18:58:29Z,2026-07-08T20:58:29+0200,e401fd36-f4a8-45e5-ad91-bdd87731a7ba,2026-06-13T00:15:00Z,2026-06-13T02:15:00+0200,4658.841,MW,DE,DE_LU,actual_offshore_wind_generation,Wind Offshore,2026-07-08T18:59:57Z
2026-07-08T18:58:29Z,2026-07-08T20:58:29+0200,e401fd36-f4a8-45e5-ad91-bdd87731a7ba,2026-06-13T00:30:00Z,2026-06-13T02:30:00+0200,5232.334,MW,DE,DE_LU,actual_offshore_wind_generation,Wind Offshore,2026-07-08T18:59:57Z
2026-07-08T18:58:29Z,2026-07-08T20:58:29+0200,e401fd36-f4a8-45e5-ad91-bdd87731a7ba,2026-06-13T00:45:00Z,2026-06-13T02:45:00+0200,5192.591,MW,DE,DE_LU,actual_offshore_wind_generation,Wind Offshore,2026-07-08T18:59:57Z
2026-07-08T18:58:29Z,2026-07-08T20:58:29+0200,e401fd36-f4a8-45e5-ad91-bdd87731a7ba,2026-06-13T01:00:00Z,2026-06-13T03:00:00+0200,5231.167,MW,DE,DE_LU,actual_offshore_wind_generation,Wind Offshore,2026-07-08T18:59:57Z
2026-07-08T18:58:29Z,2026-07-08T20:58:29+0200,e401fd36-f4a8-45e5-ad91-bdd87731a7ba,2026-06-13T01:15:00Z,2026-06-13T03:15:00+0200,5069.176,MW,DE,DE_LU,actual_offshore_wind_generation,Wind Offshore,2026-07-08T18:59:57Z
2026-07-08T18:58:29Z,2026-07-08T20:58:29+0200,e401fd36-f4a8-45e5-ad91-bdd87731a7ba,2026-06-13T01:30:00Z,2026-06-13T03:30:00+0200,4992.022,MW,DE,DE_LU,actual_offshore_wind_generation,Wind Offshore,2026-07-08T18:59:57Z
2026-07-08T18:58:29Z,2026-07-08T20:58:29+0200,e401fd36-f4a8-45e5-ad91-bdd87731a7ba,2026-06-13T01:45:00Z,2026-06-13T03:45:00+0200,5056.385,MW,DE,DE_LU,actual_offshore_wind_generation,Wind Offshore,2026-07-08T18:59:57Z
2026-07-08T18:58:29Z,2026-07-08T20:58:29+0200,e401fd36-f4a8-45e5-ad91-bdd87731a7ba,2026-06-13T02:00:00Z,2026-06-13T04:00:00+0200,5154.032,MW,DE,DE_LU,actual_offshore_wind_generation,Wind Offshore,2026-07-08T18:59:57Z
2026-07-08T18:58:29Z,2026-07-08T20:58:29+0200,e401fd36-f4a8-45e5-ad91-bdd87731a7ba,2026-06-13T02:15:00Z,2026-06-13T04:15:00+0200,5367.082,MW,DE,DE_LU,actual_offshore_wind_generation,Wind Offshore,2026-07-08T18:59:57Z
2026-07-08T18:58:29Z,2026-07-08T20:58:29+0200,e401fd36-f4a8-45e5-ad91-bdd87731a7ba,2026-06-13T02:30:00Z,2026-06-13T04:30:00+0200,5394.669,MW,DE,DE_LU,actual_offshore_wind_generation,Wind Offshore,2026-07-08T18:59:57Z
2026-07-08T18:58:29Z,2026-07-08T20:58:29+0200,e401fd36-f4a8-45e5-ad91-bdd87731a7ba,2026-06-13T02:45:00Z,2026-06-13T04:45:00+0200,5225.764,MW,DE,DE_LU,actual_offshore_wind_generation,Wind Offshore,2026-07-08T18:59:57Z
2026-07-08T18:58:29Z,2026-07-08T20:58:29+0200,e401fd36-f4a8-45e5-ad91-bdd87731a7ba,2026-06-13T03:00:00Z,2026-06-13T05:00:00+0200,5447.66,MW,DE,DE_LU,actual_offshore_wind_generation,Wind Offshore,2026-07-08T18:59:57Z
2026-07-08T18:58:29Z,2026-07-08T20:58:29+0200,e401fd36-f4a8-45e5-ad91-bdd87731a7ba,2026-06-13T03:15:00Z,2026-06-13T05:15:00+0200,5427.081,MW,DE,DE_LU,actual_offshore_wind_generation,Wind Offshore,2026-07-08T18:59:57Z
2026-07-08T18:58:29Z,2026-07-08T20:58:29+0200,e401fd36-f4a8-45e5-ad91-bdd87731a7ba,2026-06-13T03:30:00Z,2026-06-13T05:30:00+0200,5352.748,MW,DE,DE_LU,actual_offshore_wind_generation,Wind Offshore,2026-07-08T18:59:57Z
2026-07-08T18:58:29Z,2026-07-08T20:58:29+0200,e401fd36-f4a8-45e5-ad91-bdd87731a7ba,2026-06-13T03:45:00Z,2026-06-13T05:45:00+0200,5253.651,MW,DE,DE_LU,actual_offshore_wind_generation,Wind Offshore,2026-07-08T18:59:57Z
2026-07-08T18:58:29Z,2026-07-08T20:58:29+0200,e401fd36-f4a8-45e5-ad91-bdd87731a7ba,2026-06-13T04:00:00Z,2026-06-13T06:00:00+0200,5120.97,MW,DE,DE_LU,actual_offshore_wind_generation,Wind Offshore,2026-07-08T18:59:57Z
2026-07-08T18:58:29Z,2026-07-08T20:58:29+0200,e401fd36-f4a8-45e5-ad91-bdd87731a7ba,2026-06-13T04:15:00Z,2026-06-13T06:15:00+0200,5268.47,MW,DE,DE_LU,actual_offshore_wind_generation,Wind Offshore,2026-07-08T18:59:57Z
2026-07-08T18:58:29Z,2026-07-08T20:58:29+0200,e401fd36-f4a8-45e5-ad91-bdd87731a7ba,2026-06-13T04:30:00Z,2026-06-13T06:30:00+0200,5495.7,MW,DE,DE_LU,actual_offshore_wind_generation,Wind Offshore,2026-07-08T18:59:57Z
2026-07-08T18:58:29Z,2026-07-08T20:58:29+0200,e401fd36-f4a8-45e5-ad91-bdd87731a7ba,2026-06-13T04:45:00Z,2026-06-13T06:45:00+0200,5457.822,MW,DE,DE_LU,actual_offshore_wind_generation,Wind Offshore,2026-07-08T18:59:57Z
2026-07-08T18:58:29Z,2026-07-08T20:58:29+0200,e401fd36-f4a8-45e5-ad91-bdd87731a7ba,2026-06-13T05:00:00Z,2026-06-13T07:00:00+0200,4842.819,MW,DE,DE_LU,actual_offshore_wind_generation,Wind Offshore,2026-07-08T18:59:57Z
2026-07-08T18:58:29Z,2026-07-08T20:58:29+0200,e401fd36-f4a8-45e5-ad91-bdd87731a7ba,2026-06-13T05:15:00Z,2026-06-13T07:15:00+0200,5040.949,MW,DE,DE_LU,actual_offshore_wind_generation,Wind Offshore,2026-07-08T18:59:57Z
2026-07-08T18:58:29Z,2026-07-08T20:58:29+0200,e401fd36-f4a8-45e5-ad91-bdd87731a7ba,2026-06-13T05:30:00Z,2026-06-13T07:30:00+0200,5165.077,MW,DE,DE_LU,actual_offshore_wind_generation,Wind Offshore,2026-07-08T18:59:57Z
2026-07-08T18:58:29Z,2026-07-08T20:58:29+0200,e401fd36-f4a8-45e5-ad91-bdd87731a7ba,2026-06-13T05:45:00Z,2026-06-13T07:45:00+0200,5355.565,MW,DE,DE_LU,actual_offshore_wind_generation,Wind Offshore,2026-07-08T18:59:57Z
2026-07-08T18:58:29Z,2026-07-08T20:58:29+0200,e401fd36-f4a8-45e5-ad91-bdd87731a7ba,2026-06-13T06:00:00Z,2026-06-13T08:00:00+0200,5836.178,MW,DE,DE_LU,actual_offshore_wind_generation,Wind Offshore,2026-07-08T18:59:57Z
2026-07-08T18:58:29Z,2026-07-08T20:58:29+0200,e401fd36-f4a8-45e5-ad91-bdd87731a7ba,2026-06-13T06:15:00Z,2026-06-13T08:15:00+0200,5848.101,MW,DE,DE_LU,actual_offshore_wind_generation,Wind Offshore,2026-07-08T18:59:57Z
2026-07-08T18:58:29Z,2026-07-08T20:58:29+0200,e401fd36-f4a8-45e5-ad91-bdd87731a7ba,2026-06-13T06:30:00Z,2026-06-13T08:30:00+0200,5783.6,MW,DE,DE_LU,actual_offshore_wind_generation,Wind Offshore,2026-07-08T18:59:57Z
2026-07-08T18:58:29Z,2026-07-08T20:58:29+0200,e401fd36-f4a8-45e5-ad91-bdd87731a7ba,2026-06-13T06:45:00Z,2026-06-13T08:45:00+0200,6074.789,MW,DE,DE_LU,actual_offshore_wind_generation,Wind Offshore,2026-07-08T18:59:57Z
2026-07-08T18:58:29Z,2026-07-08T20:58:29+0200,e401fd36-f4a8-45e5-ad91-bdd87731a7ba,2026-06-13T07:00:00Z,2026-06-13T09:00:00+0200,4869.224,MW,DE,DE_LU,actual_offshore_wind_generation,Wind Offshore,2026-07-08T18:59:57Z
2026-07-08T18:58:29Z,2026-07-08T20:58:29+0200,e401fd36-f4a8-45e5-ad91-bdd87731a7ba,2026-06-13T07:15:00Z,2026-06-13T09:15:00+0200,4452.115,MW,DE,DE_LU,actual_offshore_wind_generation,Wind Offshore,2026-07-08T18:59:57Z
2026-07-08T18:58:29Z,2026-07-08T20:58:29+0200,e401fd36-f4a8-45e5-ad91-bdd87731a7ba,2026-06-13T07:30:00Z,2026-06-13T09:30:00+0200,4247.51,MW,DE,DE_LU,actual_offshore_wind_generation,Wind Offshore,2026-07-08T18:59:57Z
2026-07-08T18:58:29Z,2026-07-08T20:58:29+0200,e401fd36-f4a8-45e5-ad91-bdd87731a7ba,2026-06-13T07:45:00Z,2026-06-13T09:45:00+0200,4475.932,MW,DE,DE_LU,actual_offshore_wind_generation,Wind Offshore,2026-07-08T18:59:57Z
2026-07-08T18:58:29Z,2026-07-08T20:58:29+0200,e401fd36-f4a8-45e5-ad91-bdd87731a7ba,2026-06-13T08:00:00Z,2026-06-13T10:00:00+0200,4617.113,MW,DE,DE_LU,actual_offshore_wind_generation,Wind Offshore,2026-07-08T18:59:57Z
2026-07-08T18:58:29Z,2026-07-08T20:58:29+0200,e401fd36-f4a8-45e5-ad91-bdd87731a7ba,2026-06-13T08:15:00Z,2026-06-13T10:15:00+0200,4527.415,MW,DE,DE_LU,actual_offshore_wind_generation,Wind Offshore,2026-07-08T18:59:57Z
2026-07-08T18:58:29Z,2026-07-08T20:58:29+0200,e401fd36-f4a8-45e5-ad91-bdd87731a7ba,2026-06-13T08:30:00Z,2026-06-13T10:30:00+0200,4362.041,MW,DE,DE_LU,actual_offshore_wind_generation,Wind Offshore,2026-07-08T18:59:57Z
2026-07-08T18:58:29Z,2026-07-08T20:58:29+0200,e401fd36-f4a8-45e5-ad91-bdd87731a7ba,2026-06-13T08:45:00Z,2026-06-13T10:45:00+0200,3318.449,MW,DE,DE_LU,actual_offshore_wind_generation,Wind Offshore,2026-07-08T18:59:57Z
2026-07-08T18:58:29Z,2026-07-08T20:58:29+0200,e401fd36-f4a8-45e5-ad91-bdd87731a7ba,2026-06-13T09:00:00Z,2026-06-13T11:00:00+0200,3205.032,MW,DE,DE_LU,actual_offshore_wind_generation,Wind Offshore,2026-07-08T18:59:57Z
2026-07-08T18:58:29Z,2026-07-08T20:58:29+0200,e401fd36-f4a8-45e5-ad91-bdd87731a7ba,2026-06-13T09:15:00Z,2026-06-13T11:15:00+0200,3487.687,MW,DE,DE_LU,actual_offshore_wind_generation,Wind Offshore,2026-07-08T18:59:57Z
2026-07-08T18:58:29Z,2026-07-08T20:58:29+0200,e401fd36-f4a8-45e5-ad91-bdd87731a7ba,2026-06-13T09:30:00Z,2026-06-13T11:30:00+0200,3044.278,MW,DE,DE_LU,actual_offshore_wind_generation,Wind Offshore,2026-07-08T18:59:57Z
2026-07-08T18:58:29Z,2026-07-08T20:58:29+0200,e401fd36-f4a8-45e5-ad91-bdd87731a7ba,2026-06-13T09:45:00Z,2026-06-13T11:45:00+0200,2860.412,MW,DE,DE_LU,actual_offshore_wind_generation,Wind Offshore,2026-07-08T18:59:57Z
2026-07-08T18:58:29Z,2026-07-08T20:58:29+0200,e401fd36-f4a8-45e5-ad91-bdd87731a7ba,2026-06-13T10:00:00Z,2026-06-13T12:00:00+0200,2585.527,MW,DE,DE_LU,actual_offshore_wind_generation,Wind Offshore,2026-07-08T18:59:57Z
2026-07-08T18:58:29Z,2026-07-08T20:58:29+0200,e401fd36-f4a8-45e5-ad91-bdd87731a7ba,2026-06-13T10:15:00Z,2026-06-13T12:15:00+0200,2601.053,MW,DE,DE_LU,actual_offshore_wind_generation,Wind Offshore,2026-07-08T18:59:57Z
2026-07-08T18:58:29Z,2026-07-08T20:58:29+0200,e401fd36-f4a8-45e5-ad91-bdd87731a7ba,2026-06-13T10:30:00Z,2026-06-13T12:30:00+0200,2481.734,MW,DE,DE_LU,actual_offshore_wind_generation,Wind Offshore,2026-07-08T18:59:57Z
2026-07-08T18:58:29Z,2026-07-08T20:58:29+0200,e401fd36-f4a8-45e5-ad91-bdd87731a7ba,2026-06-13T10:45:00Z,2026-06-13T12:45:00+0200,2467.008,MW,DE,DE_LU,actual_offshore_wind_generation,Wind Offshore,2026-07-08T18:59:57Z
2026-07-08T18:58:29Z,2026-07-08T20:58:29+0200,e401fd36-f4a8-45e5-ad91-bdd87731a7ba,2026-06-13T11:00:00Z,2026-06-13T13:00:00+0200,2434.594,MW,DE,DE_LU,actual_offshore_wind_generation,Wind Offshore,2026-07-08T18:59:57Z
2026-07-08T18:58:29Z,2026-07-08T20:58:29+0200,e401fd36-f4a8-45e5-ad91-bdd87731a7ba,2026-06-13T11:15:00Z,2026-06-13T13:15:00+0200,2371.058,MW,DE,DE_LU,actual_offshore_wind_generation,Wind Offshore,2026-07-08T18:59:57Z
2026-07-08T18:58:29Z,2026-07-08T20:58:29+0200,e401fd36-f4a8-45e5-ad91-bdd87731a7ba,2026-06-13T11:30:00Z,2026-06-13T13:30:00+0200,2296.4,MW,DE,DE_LU,actual_offshore_wind_generation,Wind Offshore,2026-07-08T18:59:57Z
2026-07-08T18:58:29Z,2026-07-08T20:58:29+0200,e401fd36-f4a8-45e5-ad91-bdd87731a7ba,2026-06-13T11:45:00Z,2026-06-13T13:45:00+0200,2425.813,MW,DE,DE_LU,actual_offshore_wind_generation,Wind Offshore,2026-07-08T18:59:57Z
2026-07-08T18:58:29Z,2026-07-08T20:58:29+0200,e401fd36-f4a8-45e5-ad91-bdd87731a7ba,2026-06-13T12:00:00Z,2026-06-13T14:00:00+0200,2471.196,MW,DE,DE_LU,actual_offshore_wind_generation,Wind Offshore,2026-07-08T18:59:57Z
2026-07-08T18:58:29Z,2026-07-08T20:58:29+0200,e401fd36-f4a8-45e5-ad91-bdd87731a7ba,2026-06-13T12:15:00Z,2026-06-13T14:15:00+0200,2472.076,MW,DE,DE_LU,actual_offshore_wind_generation,Wind Offshore,2026-07-08T18:59:57Z
2026-07-08T18:58:29Z,2026-07-08T20:58:29+0200,e401fd36-f4a8-45e5-ad91-bdd87731a7ba,2026-06-13T12:30:00Z,2026-06-13T14:30:00+0200,2423.98,MW,DE,DE_LU,actual_offshore_wind_generation,Wind Offshore,2026-07-08T18:59:57Z
2026-07-08T18:58:29Z,2026-07-08T20:58:29+0200,e401fd36-f4a8-45e5-ad91-bdd87731a7ba,2026-06-13T12:45:00Z,2026-06-13T14:45:00+0200,2424.122,MW,DE,DE_LU,actual_offshore_wind_generation,Wind Offshore,2026-07-08T18:59:57Z
2026-07-08T18:58:29Z,2026-07-08T20:58:29+0200,e401fd36-f4a8-45e5-ad91-bdd87731a7ba,2026-06-13T13:00:00Z,2026-06-13T15:00:00+0200,2285.181,MW,DE,DE_LU,actual_offshore_wind_generation,Wind Offshore,2026-07-08T18:59:57Z
2026-07-08T18:58:29Z,2026-07-08T20:58:29+0200,e401fd36-f4a8-45e5-ad91-bdd87731a7ba,2026-06-13T13:15:00Z,2026-06-13T15:15:00+0200,2422.71,MW,DE,DE_LU,actual_offshore_wind_generation,Wind Offshore,2026-07-08T18:59:57Z
2026-07-08T18:58:29Z,2026-07-08T20:58:29+0200,e401fd36-f4a8-45e5-ad91-bdd87731a7ba,2026-06-13T13:30:00Z,2026-06-13T15:30:00+0200,2414.796,MW,DE,DE_LU,actual_offshore_wind_generation,Wind Offshore,2026-07-08T18:59:57Z
2026-07-08T18:58:29Z,2026-07-08T20:58:29+0200,e401fd36-f4a8-45e5-ad91-bdd87731a7ba,2026-06-13T13:45:00Z,2026-06-13T15:45:00+0200,2349.359,MW,DE,DE_LU,actual_offshore_wind_generation,Wind Offshore,2026-07-08T18:59:57Z
2026-07-08T18:58:29Z,2026-07-08T20:58:29+0200,e401fd36-f4a8-45e5-ad91-bdd87731a7ba,2026-06-13T14:00:00Z,2026-06-13T16:00:00+0200,2477.963,MW,DE,DE_LU,actual_offshore_wind_generation,Wind Offshore,2026-07-08T18:59:57Z
2026-07-08T18:58:29Z,2026-07-08T20:58:29+0200,e401fd36-f4a8-45e5-ad91-bdd87731a7ba,2026-06-13T14:15:00Z,2026-06-13T16:15:00+0200,2450.983,MW,DE,DE_LU,actual_offshore_wind_generation,Wind Offshore,2026-07-08T18:59:57Z
2026-07-08T18:58:29Z,2026-07-08T20:58:29+0200,e401fd36-f4a8-45e5-ad91-bdd87731a7ba,2026-06-13T14:30:00Z,2026-06-13T16:30:00+0200,2658.339,MW,DE,DE_LU,actual_offshore_wind_generation,Wind Offshore,2026-07-08T18:59:57Z
2026-07-08T18:58:29Z,2026-07-08T20:58:29+0200,e401fd36-f4a8-45e5-ad91-bdd87731a7ba,2026-06-13T14:45:00Z,2026-06-13T16:45:00+0200,2882.492,MW,DE,DE_LU,actual_offshore_wind_generation,Wind Offshore,2026-07-08T18:59:57Z
2026-07-08T18:58:29Z,2026-07-08T20:58:29+0200,e401fd36-f4a8-45e5-ad91-bdd87731a7ba,2026-06-13T15:00:00Z,2026-06-13T17:00:00+0200,2697.803,MW,DE,DE_LU,actual_offshore_wind_generation,Wind Offshore,2026-07-08T18:59:57Z
2026-07-08T18:58:29Z,2026-07-08T20:58:29+0200,e401fd36-f4a8-45e5-ad91-bdd87731a7ba,2026-06-13T15:15:00Z,2026-06-13T17:15:00+0200,3825.201,MW,DE,DE_LU,actual_offshore_wind_generation,Wind Offshore,2026-07-08T18:59:57Z
2026-07-08T18:58:29Z,2026-07-08T20:58:29+0200,e401fd36-f4a8-45e5-ad91-bdd87731a7ba,2026-06-13T15:30:00Z,2026-06-13T17:30:00+0200,4203.091,MW,DE,DE_LU,actual_offshore_wind_generation,Wind Offshore,2026-07-08T18:59:57Z
2026-07-08T18:58:29Z,2026-07-08T20:58:29+0200,e401fd36-f4a8-45e5-ad91-bdd87731a7ba,2026-06-13T15:45:00Z,2026-06-13T17:45:00+0200,4548.086,MW,DE,DE_LU,actual_offshore_wind_generation,Wind Offshore,2026-07-08T18:59:57Z
2026-07-08T18:58:29Z,2026-07-08T20:58:29+0200,e401fd36-f4a8-45e5-ad91-bdd87731a7ba,2026-06-13T16:00:00Z,2026-06-13T18:00:00+0200,4630.849,MW,DE,DE_LU,actual_offshore_wind_generation,Wind Offshore,2026-07-08T18:59:57Z
2026-07-08T18:58:29Z,2026-07-08T20:58:29+0200,e401fd36-f4a8-45e5-ad91-bdd87731a7ba,2026-06-13T16:15:00Z,2026-06-13T18:15:00+0200,4778.672,MW,DE,DE_LU,actual_offshore_wind_generation,Wind Offshore,2026-07-08T18:59:57Z
2026-07-08T18:58:29Z,2026-07-08T20:58:29+0200,e401fd36-f4a8-45e5-ad91-bdd87731a7ba,2026-06-13T16:30:00Z,2026-06-13T18:30:00+0200,4907.453,MW,DE,DE_LU,actual_offshore_wind_generation,Wind Offshore,2026-07-08T18:59:57Z
2026-07-08T18:58:29Z,2026-07-08T20:58:29+0200,e401fd36-f4a8-45e5-ad91-bdd87731a7ba,2026-06-13T16:45:00Z,2026-06-13T18:45:00+0200,4982.876,MW,DE,DE_LU,actual_offshore_wind_generation,Wind Offshore,2026-07-08T18:59:57Z
2026-07-08T18:58:29Z,2026-07-08T20:58:29+0200,e401fd36-f4a8-45e5-ad91-bdd87731a7ba,2026-06-13T17:00:00Z,2026-06-13T19:00:00+0200,4525.365,MW,DE,DE_LU,actual_offshore_wind_generation,Wind Offshore,2026-07-08T18:59:57Z
2026-07-08T18:58:29Z,2026-07-08T20:58:29+0200,e401fd36-f4a8-45e5-ad91-bdd87731a7ba,2026-06-13T17:15:00Z,2026-06-13T19:15:00+0200,4414.447,MW,DE,DE_LU,actual_offshore_wind_generation,Wind Offshore,2026-07-08T18:59:57Z
2026-07-08T18:58:29Z,2026-07-08T20:58:29+0200,e401fd36-f4a8-45e5-ad91-bdd87731a7ba,2026-06-13T17:30:00Z,2026-06-13T19:30:00+0200,4228.585,MW,DE,DE_LU,actual_offshore_wind_generation,Wind Offshore,2026-07-08T18:59:57Z
2026-07-08T18:58:29Z,2026-07-08T20:58:29+0200,e401fd36-f4a8-45e5-ad91-bdd87731a7ba,2026-06-13T17:45:00Z,2026-06-13T19:45:00+0200,3937.821,MW,DE,DE_LU,actual_offshore_wind_generation,Wind Offshore,2026-07-08T18:59:57Z
2026-07-08T18:58:29Z,2026-07-08T20:58:29+0200,e401fd36-f4a8-45e5-ad91-bdd87731a7ba,2026-06-13T18:00:00Z,2026-06-13T20:00:00+0200,3250.298,MW,DE,DE_LU,actual_offshore_wind_generation,Wind Offshore,2026-07-08T18:59:57Z
2026-07-08T18:58:29Z,2026-07-08T20:58:29+0200,e401fd36-f4a8-45e5-ad91-bdd87731a7ba,2026-06-13T18:15:00Z,2026-06-13T20:15:00+0200,3238.083,MW,DE,DE_LU,actual_offshore_wind_generation,Wind Offshore,2026-07-08T18:59:57Z
2026-07-08T18:58:29Z,2026-07-08T20:58:29+0200,e401fd36-f4a8-45e5-ad91-bdd87731a7ba,2026-06-13T18:30:00Z,2026-06-13T20:30:00+0200,3108.87,MW,DE,DE_LU,actual_offshore_wind_generation,Wind Offshore,2026-07-08T18:59:57Z
2026-07-08T18:58:29Z,2026-07-08T20:58:29+0200,e401fd36-f4a8-45e5-ad91-bdd87731a7ba,2026-06-13T18:45:00Z,2026-06-13T20:45:00+0200,3031.881,MW,DE,DE_LU,actual_offshore_wind_generation,Wind Offshore,2026-07-08T18:59:57Z
2026-07-08T18:58:29Z,2026-07-08T20:58:29+0200,e401fd36-f4a8-45e5-ad91-bdd87731a7ba,2026-06-13T19:00:00Z,2026-06-13T21:00:00+0200,4662.356,MW,DE,DE_LU,actual_offshore_wind_generation,Wind Offshore,2026-07-08T18:59:57Z
2026-07-08T18:58:29Z,2026-07-08T20:58:29+0200,e401fd36-f4a8-45e5-ad91-bdd87731a7ba,2026-06-13T19:15:00Z,2026-06-13T21:15:00+0200,4761.66,MW,DE,DE_LU,actual_offshore_wind_generation,Wind Offshore,2026-07-08T18:59:57Z
2026-07-08T18:58:29Z,2026-07-08T20:58:29+0200,e401fd36-f4a8-45e5-ad91-bdd87731a7ba,2026-06-13T19:30:00Z,2026-06-13T21:30:00+0200,4847.315,MW,DE,DE_LU,actual_offshore_wind_generation,Wind Offshore,2026-07-08T18:59:57Z
2026-07-08T18:58:29Z,2026-07-08T20:58:29+0200,e401fd36-f4a8-45e5-ad91-bdd87731a7ba,2026-06-13T19:45:00Z,2026-06-13T21:45:00+0200,4778.221,MW,DE,DE_LU,actual_offshore_wind_generation,Wind Offshore,2026-07-08T18:59:57Z
2026-07-08T18:58:29Z,2026-07-08T20:58:29+0200,e401fd36-f4a8-45e5-ad91-bdd87731a7ba,2026-06-13T20:00:00Z,2026-06-13T22:00:00+0200,5306.586,MW,DE,DE_LU,actual_offshore_wind_generation,Wind Offshore,2026-07-08T18:59:57Z
2026-07-08T18:58:29Z,2026-07-08T20:58:29+0200,e401fd36-f4a8-45e5-ad91-bdd87731a7ba,2026-06-13T20:15:00Z,2026-06-13T22:15:00+0200,5393.944,MW,DE,DE_LU,actual_offshore_wind_generation,Wind Offshore,2026-07-08T18:59:57Z
2026-07-08T18:58:29Z,2026-07-08T20:58:29+0200,e401fd36-f4a8-45e5-ad91-bdd87731a7ba,2026-06-13T20:30:00Z,2026-06-13T22:30:00+0200,5471.375,MW,DE,DE_LU,actual_offshore_wind_generation,Wind Offshore,2026-07-08T18:59:57Z
2026-07-08T18:58:29Z,2026-07-08T20:58:29+0200,e401fd36-f4a8-45e5-ad91-bdd87731a7ba,2026-06-13T20:45:00Z,2026-06-13T22:45:00+0200,5240.205,MW,DE,DE_LU,actual_offshore_wind_generation,Wind Offshore,2026-07-08T18:59:57Z
2026-07-08T18:58:29Z,2026-07-08T20:58:29+0200,e401fd36-f4a8-45e5-ad91-bdd87731a7ba,2026-06-13T21:00:00Z,2026-06-13T23:00:00+0200,5236.054,MW,DE,DE_LU,actual_offshore_wind_generation,Wind Offshore,2026-07-08T18:59:57Z
2026-07-08T18:58:29Z,2026-07-08T20:58:29+0200,e401fd36-f4a8-45e5-ad91-bdd87731a7ba,2026-06-13T21:15:00Z,2026-06-13T23:15:00+0200,5402.842,MW,DE,DE_LU,actual_offshore_wind_generation,Wind Offshore,2026-07-08T18:59:57Z
2026-07-08T18:58:29Z,2026-07-08T20:58:29+0200,e401fd36-f4a8-45e5-ad91-bdd87731a7ba,2026-06-13T21:30:00Z,2026-06-13T23:30:00+0200,5398.687,MW,DE,DE_LU,actual_offshore_wind_generation,Wind Offshore,2026-07-08T18:59:57Z
2026-07-08T18:58:29Z,2026-07-08T20:58:29+0200,e401fd36-f4a8-45e5-ad91-bdd87731a7ba,2026-06-13T21:45:00Z,2026-06-13T23:45:00+0200,5443.475,MW,DE,DE_LU,actual_offshore_wind_generation,Wind Offshore,2026-07-08T18:59:57Z
2026-07-08T18:58:29Z,2026-07-08T20:58:29+0200,e401fd36-f4a8-45e5-ad91-bdd87731a7ba,2026-06-13T22:00:00Z,2026-06-14T00:00:00+0200,5071.206,MW,DE,DE_LU,actual_offshore_wind_generation,Wind Offshore,2026-07-08T18:59:57Z
2026-07-08T18:58:29Z,2026-07-08T20:58:29+0200,e401fd36-f4a8-45e5-ad91-bdd87731a7ba,2026-06-13T22:15:00Z,2026-06-14T00:15:00+0200,5612.757,MW,DE,DE_LU,actual_offshore_wind_generation,Wind Offshore,2026-07-08T18:59:57Z
2026-07-08T18:58:29Z,2026-07-08T20:58:29+0200,e401fd36-f4a8-45e5-ad91-bdd87731a7ba,2026-06-13T22:30:00Z,2026-06-14T00:30:00+0200,5844.16,MW,DE,DE_LU,actual_offshore_wind_generation,Wind Offshore,2026-07-08T18:59:57Z
2026-07-08T18:58:29Z,2026-07-08T20:58:29+0200,e401fd36-f4a8-45e5-ad91-bdd87731a7ba,2026-06-13T22:45:00Z,2026-06-14T00:45:00+0200,5885.423,MW,DE,DE_LU,actual_offshore_wind_generation,Wind Offshore,2026-07-08T18:59:57Z
2026-07-08T18:58:29Z,2026-07-08T20:58:29+0200,e401fd36-f4a8-45e5-ad91-bdd87731a7ba,2026-06-13T23:00:00Z,2026-06-14T01:00:00+0200,5428.088,MW,DE,DE_LU,actual_offshore_wind_generation,Wind Offshore,2026-07-08T18:59:57Z
2026-07-08T18:58:29Z,2026-07-08T20:58:29+0200,e401fd36-f4a8-45e5-ad91-bdd87731a7ba,2026-06-13T23:15:00Z,2026-06-14T01:15:00+0200,5454.88,MW,DE,DE_LU,actual_offshore_wind_generation,Wind Offshore,2026-07-08T18:59:57Z
2026-07-08T18:58:29Z,2026-07-08T20:58:29+0200,e401fd36-f4a8-45e5-ad91-bdd87731a7ba,2026-06-13T23:30:00Z,2026-06-14T01:30:00+0200,5451.25,MW,DE,DE_LU,actual_offshore_wind_generation,Wind Offshore,2026-07-08T18:59:57Z
2026-07-08T18:58:29Z,2026-07-08T20:58:29+0200,e401fd36-f4a8-45e5-ad91-bdd87731a7ba,2026-06-13T23:45:00Z,2026-06-14T01:45:00+0200,5473.092,MW,DE,DE_LU,actual_offshore_wind_generation,Wind Offshore,2026-07-08T18:59:57Z
2026-07-08T18:58:29Z,2026-07-08T20:58:29+0200,e401fd36-f4a8-45e5-ad91-bdd87731a7ba,2026-06-14T00:00:00Z,2026-06-14T02:00:00+0200,6091.729,MW,DE,DE_LU,actual_offshore_wind_generation,Wind Offshore,2026-07-08T18:59:57Z
2026-07-08T18:58:29Z,2026-07-08T20:58:29+0200,e401fd36-f4a8-45e5-ad91-bdd87731a7ba,2026-06-14T00:15:00Z,2026-06-14T02:15:00+0200,6432.413,MW,DE,DE_LU,actual_offshore_wind_generation,Wind Offshore,2026-07-08T18:59:57Z
2026-07-08T18:58:29Z,2026-07-08T20:58:29+0200,e401fd36-f4a8-45e5-ad91-bdd87731a7ba,2026-06-14T00:30:00Z,2026-06-14T02:30:00+0200,6630.868,MW,DE,DE_LU,actual_offshore_wind_generation,Wind Offshore,2026-07-08T18:59:57Z
2026-07-08T18:58:29Z,2026-07-08T20:58:29+0200,e401fd36-f4a8-45e5-ad91-bdd87731a7ba,2026-06-14T00:45:00Z,2026-06-14T02:45:00+0200,6567.251,MW,DE,DE_LU,actual_offshore_wind_generation,Wind Offshore,2026-07-08T18:59:57Z
2026-07-08T18:58:29Z,2026-07-08T20:58:29+0200,e401fd36-f4a8-45e5-ad91-bdd87731a7ba,2026-06-14T01:00:00Z,2026-06-14T03:00:00+0200,6620.997,MW,DE,DE_LU,actual_offshore_wind_generation,Wind Offshore,2026-07-08T18:59:57Z
2026-07-08T18:58:29Z,2026-07-08T20:58:29+0200,e401fd36-f4a8-45e5-ad91-bdd87731a7ba,2026-06-14T01:15:00Z,2026-06-14T03:15:00+0200,6790.079,MW,DE,DE_LU,actual_offshore_wind_generation,Wind Offshore,2026-07-08T18:59:57Z
2026-07-08T18:58:29Z,2026-07-08T20:58:29+0200,e401fd36-f4a8-45e5-ad91-bdd87731a7ba,2026-06-14T01:30:00Z,2026-06-14T03:30:00+0200,6880.797,MW,DE,DE_LU,actual_offshore_wind_generation,Wind Offshore,2026-07-08T18:59:57Z
2026-07-08T18:58:29Z,2026-07-08T20:58:29+0200,e401fd36-f4a8-45e5-ad91-bdd87731a7ba,2026-06-14T01:45:00Z,2026-06-14T03:45:00+0200,6850.413,MW,DE,DE_LU,actual_offshore_wind_generation,Wind Offshore,2026-07-08T18:59:57Z
2026-07-08T18:58:29Z,2026-07-08T20:58:29+0200,e401fd36-f4a8-45e5-ad91-bdd87731a7ba,2026-06-14T02:00:00Z,2026-06-14T04:00:00+0200,7049.41,MW,DE,DE_LU,actual_offshore_wind_generation,Wind Offshore,2026-07-08T18:59:57Z
2026-07-08T18:58:29Z,2026-07-08T20:58:29+0200,e401fd36-f4a8-45e5-ad91-bdd87731a7ba,2026-06-14T02:15:00Z,2026-06-14T04:15:00+0200,6786.009,MW,DE,DE_LU,actual_offshore_wind_generation,Wind Offshore,2026-07-08T18:59:57Z
2026-07-08T18:58:29Z,2026-07-08T20:58:29+0200,e401fd36-f4a8-45e5-ad91-bdd87731a7ba,2026-06-14T02:30:00Z,2026-06-14T04:30:00+0200,6894.532,MW,DE,DE_LU,actual_offshore_wind_generation,Wind Offshore,2026-07-08T18:59:57Z
2026-07-08T18:58:29Z,2026-07-08T20:58:29+0200,e401fd36-f4a8-45e5-ad91-bdd87731a7ba,2026-06-14T02:45:00Z,2026-06-14T04:45:00+0200,6758.522,MW,DE,DE_LU,actual_offshore_wind_generation,Wind Offshore,2026-07-08T18:59:57Z
2026-07-08T18:58:29Z,2026-07-08T20:58:29+0200,e401fd36-f4a8-45e5-ad91-bdd87731a7ba,2026-06-14T03:00:00Z,2026-06-14T05:00:00+0200,5645.522,MW,DE,DE_LU,actual_offshore_wind_generation,Wind Offshore,2026-07-08T18:59:57Z
2026-07-08T18:58:29Z,2026-07-08T20:58:29+0200,e401fd36-f4a8-45e5-ad91-bdd87731a7ba,2026-06-14T03:15:00Z,2026-06-14T05:15:00+0200,5671.682,MW,DE,DE_LU,actual_offshore_wind_generation,Wind Offshore,2026-07-08T18:59:57Z
2026-07-08T18:58:29Z,2026-07-08T20:58:29+0200,e401fd36-f4a8-45e5-ad91-bdd87731a7ba,2026-06-14T03:30:00Z,2026-06-14T05:30:00+0200,5738.444,MW,DE,DE_LU,actual_offshore_wind_generation,Wind Offshore,2026-07-08T18:59:57Z
2026-07-08T18:58:29Z,2026-07-08T20:58:29+0200,e401fd36-f4a8-45e5-ad91-bdd87731a7ba,2026-06-14T03:45:00Z,2026-06-14T05:45:00+0200,5846.591,MW,DE,DE_LU,actual_offshore_wind_generation,Wind Offshore,2026-07-08T18:59:57Z
2026-07-08T18:58:29Z,2026-07-08T20:58:29+0200,e401fd36-f4a8-45e5-ad91-bdd87731a7ba,2026-06-14T04:00:00Z,2026-06-14T06:00:00+0200,5078.251,MW,DE,DE_LU,actual_offshore_wind_generation,Wind Offshore,2026-07-08T18:59:57Z
2026-07-08T18:58:29Z,2026-07-08T20:58:29+0200,e401fd36-f4a8-45e5-ad91-bdd87731a7ba,2026-06-14T04:15:00Z,2026-06-14T06:15:00+0200,5051.039,MW,DE,DE_LU,actual_offshore_wind_generation,Wind Offshore,2026-07-08T18:59:57Z
2026-07-08T18:58:29Z,2026-07-08T20:58:29+0200,e401fd36-f4a8-45e5-ad91-bdd87731a7ba,2026-06-14T04:30:00Z,2026-06-14T06:30:00+0200,4901.328,MW,DE,DE_LU,actual_offshore_wind_generation,Wind Offshore,2026-07-08T18:59:57Z
2026-07-08T18:58:29Z,2026-07-08T20:58:29+0200,e401fd36-f4a8-45e5-ad91-bdd87731a7ba,2026-06-14T04:45:00Z,2026-06-14T06:45:00+0200,4955.957,MW,DE,DE_LU,actual_offshore_wind_generation,Wind Offshore,2026-07-08T18:59:57Z
2026-07-08T18:58:29Z,2026-07-08T20:58:29+0200,e401fd36-f4a8-45e5-ad91-bdd87731a7ba,2026-06-14T05:00:00Z,2026-06-14T07:00:00+0200,5370.577,MW,DE,DE_LU,actual_offshore_wind_generation,Wind Offshore,2026-07-08T18:59:57Z
2026-07-08T18:58:29Z,2026-07-08T20:58:29+0200,e401fd36-f4a8-45e5-ad91-bdd87731a7ba,2026-06-14T05:15:00Z,2026-06-14T07:15:00+0200,5470.052,MW,DE,DE_LU,actual_offshore_wind_generation,Wind Offshore,2026-07-08T18:59:57Z
2026-07-08T18:58:29Z,2026-07-08T20:58:29+0200,e401fd36-f4a8-45e5-ad91-bdd87731a7ba,2026-06-14T05:30:00Z,2026-06-14T07:30:00+0200,5441.572,MW,DE,DE_LU,actual_offshore_wind_generation,Wind Offshore,2026-07-08T18:59:57Z
2026-07-08T18:58:29Z,2026-07-08T20:58:29+0200,e401fd36-f4a8-45e5-ad91-bdd87731a7ba,2026-06-14T05:45:00Z,2026-06-14T07:45:00+0200,5452.903,MW,DE,DE_LU,actual_offshore_wind_generation,Wind Offshore,2026-07-08T18:59:57Z
2026-07-08T18:58:29Z,2026-07-08T20:58:29+0200,e401fd36-f4a8-45e5-ad91-bdd87731a7ba,2026-06-14T06:00:00Z,2026-06-14T08:00:00+0200,4991.54,MW,DE,DE_LU,actual_offshore_wind_generation,Wind Offshore,2026-07-08T18:59:57Z
2026-07-08T18:58:29Z,2026-07-08T20:58:29+0200,e401fd36-f4a8-45e5-ad91-bdd87731a7ba,2026-06-14T06:15:00Z,2026-06-14T08:15:00+0200,5004.076,MW,DE,DE_LU,actual_offshore_wind_generation,Wind Offshore,2026-07-08T18:59:57Z
2026-07-08T18:58:29Z,2026-07-08T20:58:29+0200,e401fd36-f4a8-45e5-ad91-bdd87731a7ba,2026-06-14T06:30:00Z,2026-06-14T08:30:00+0200,5100.357,MW,DE,DE_LU,actual_offshore_wind_generation,Wind Offshore,2026-07-08T18:59:57Z
2026-07-08T18:58:29Z,2026-07-08T20:58:29+0200,e401fd36-f4a8-45e5-ad91-bdd87731a7ba,2026-06-14T06:45:00Z,2026-06-14T08:45:00+0200,5080.372,MW,DE,DE_LU,actual_offshore_wind_generation,Wind Offshore,2026-07-08T18:59:57Z
2026-07-08T18:58:29Z,2026-07-08T20:58:29+0200,e401fd36-f4a8-45e5-ad91-bdd87731a7ba,2026-06-14T07:00:00Z,2026-06-14T09:00:00+0200,5144.175,MW,DE,DE_LU,actual_offshore_wind_generation,Wind Offshore,2026-07-08T18:59:57Z
2026-07-08T18:58:29Z,2026-07-08T20:58:29+0200,e401fd36-f4a8-45e5-ad91-bdd87731a7ba,2026-06-14T07:15:00Z,2026-06-14T09:15:00+0200,4746.361,MW,DE,DE_LU,actual_offshore_wind_generation,Wind Offshore,2026-07-08T18:59:57Z
2026-07-08T18:58:29Z,2026-07-08T20:58:29+0200,e401fd36-f4a8-45e5-ad91-bdd87731a7ba,2026-06-14T07:30:00Z,2026-06-14T09:30:00+0200,4698.281,MW,DE,DE_LU,actual_offshore_wind_generation,Wind Offshore,2026-07-08T18:59:57Z
2026-07-08T18:58:29Z,2026-07-08T20:58:29+0200,e401fd36-f4a8-45e5-ad91-bdd87731a7ba,2026-06-14T07:45:00Z,2026-06-14T09:45:00+0200,4324.27,MW,DE,DE_LU,actual_offshore_wind_generation,Wind Offshore,2026-07-08T18:59:57Z
2026-07-08T18:58:29Z,2026-07-08T20:58:29+0200,e401fd36-f4a8-45e5-ad91-bdd87731a7ba,2026-06-14T08:00:00Z,2026-06-14T10:00:00+0200,4419.044,MW,DE,DE_LU,actual_offshore_wind_generation,Wind Offshore,2026-07-08T18:59:57Z
2026-07-08T18:58:29Z,2026-07-08T20:58:29+0200,e401fd36-f4a8-45e5-ad91-bdd87731a7ba,2026-06-14T08:15:00Z,2026-06-14T10:15:00+0200,4408.488,MW,DE,DE_LU,actual_offshore_wind_generation,Wind Offshore,2026-07-08T18:59:57Z
2026-07-08T18:58:29Z,2026-07-08T20:58:29+0200,e401fd36-f4a8-45e5-ad91-bdd87731a7ba,2026-06-14T08:30:00Z,2026-06-14T10:30:00+0200,4099.674,MW,DE,DE_LU,actual_offshore_wind_generation,Wind Offshore,2026-07-08T18:59:57Z
2026-07-08T18:58:29Z,2026-07-08T20:58:29+0200,e401fd36-f4a8-45e5-ad91-bdd87731a7ba,2026-06-14T08:45:00Z,2026-06-14T10:45:00+0200,3849.106,MW,DE,DE_LU,actual_offshore_wind_generation,Wind Offshore,2026-07-08T18:59:57Z
2026-07-08T18:58:29Z,2026-07-08T20:58:29+0200,e401fd36-f4a8-45e5-ad91-bdd87731a7ba,2026-06-14T09:00:00Z,2026-06-14T11:00:00+0200,3730.548,MW,DE,DE_LU,actual_offshore_wind_generation,Wind Offshore,2026-07-08T18:59:57Z
2026-07-08T18:58:29Z,2026-07-08T20:58:29+0200,e401fd36-f4a8-45e5-ad91-bdd87731a7ba,2026-06-14T09:15:00Z,2026-06-14T11:15:00+0200,3668.698,MW,DE,DE_LU,actual_offshore_wind_generation,Wind Offshore,2026-07-08T18:59:57Z
2026-07-08T18:58:29Z,2026-07-08T20:58:29+0200,e401fd36-f4a8-45e5-ad91-bdd87731a7ba,2026-06-14T09:30:00Z,2026-06-14T11:30:00+0200,3731.646,MW,DE,DE_LU,actual_offshore_wind_generation,Wind Offshore,2026-07-08T18:59:57Z
2026-07-08T18:58:29Z,2026-07-08T20:58:29+0200,e401fd36-f4a8-45e5-ad91-bdd87731a7ba,2026-06-14T09:45:00Z,2026-06-14T11:45:00+0200,3590.638,MW,DE,DE_LU,actual_offshore_wind_generation,Wind Offshore,2026-07-08T18:59:57Z
2026-07-08T18:58:29Z,2026-07-08T20:58:29+0200,e401fd36-f4a8-45e5-ad91-bdd87731a7ba,2026-06-14T10:00:00Z,2026-06-14T12:00:00+0200,3710.06,MW,DE,DE_LU,actual_offshore_wind_generation,Wind Offshore,2026-07-08T18:59:57Z
2026-07-08T18:58:29Z,2026-07-08T20:58:29+0200,e401fd36-f4a8-45e5-ad91-bdd87731a7ba,2026-06-14T10:15:00Z,2026-06-14T12:15:00+0200,3400.035,MW,DE,DE_LU,actual_offshore_wind_generation,Wind Offshore,2026-07-08T18:59:57Z
2026-07-08T18:58:29Z,2026-07-08T20:58:29+0200,e401fd36-f4a8-45e5-ad91-bdd87731a7ba,2026-06-14T10:30:00Z,2026-06-14T12:30:00+0200,3344.169,MW,DE,DE_LU,actual_offshore_wind_generation,Wind Offshore,2026-07-08T18:59:57Z
2026-07-08T18:58:29Z,2026-07-08T20:58:29+0200,e401fd36-f4a8-45e5-ad91-bdd87731a7ba,2026-06-14T10:45:00Z,2026-06-14T12:45:00+0200,3082.062,MW,DE,DE_LU,actual_offshore_wind_generation,Wind Offshore,2026-07-08T18:59:57Z
2026-07-08T18:58:29Z,2026-07-08T20:58:29+0200,e401fd36-f4a8-45e5-ad91-bdd87731a7ba,2026-06-14T11:00:00Z,2026-06-14T13:00:00+0200,3518.503,MW,DE,DE_LU,actual_offshore_wind_generation,Wind Offshore,2026-07-08T18:59:57Z
2026-07-08T18:58:29Z,2026-07-08T20:58:29+0200,e401fd36-f4a8-45e5-ad91-bdd87731a7ba,2026-06-14T11:15:00Z,2026-06-14T13:15:00+0200,3047.28,MW,DE,DE_LU,actual_offshore_wind_generation,Wind Offshore,2026-07-08T18:59:57Z
2026-07-08T18:58:29Z,2026-07-08T20:58:29+0200,e401fd36-f4a8-45e5-ad91-bdd87731a7ba,2026-06-14T11:30:00Z,2026-06-14T13:30:00+0200,2924.359,MW,DE,DE_LU,actual_offshore_wind_generation,Wind Offshore,2026-07-08T18:59:57Z
2026-07-08T18:58:29Z,2026-07-08T20:58:29+0200,e401fd36-f4a8-45e5-ad91-bdd87731a7ba,2026-06-14T11:45:00Z,2026-06-14T13:45:00+0200,2887.364,MW,DE,DE_LU,actual_offshore_wind_generation,Wind Offshore,2026-07-08T18:59:57Z
2026-07-08T18:58:29Z,2026-07-08T20:58:29+0200,e401fd36-f4a8-45e5-ad91-bdd87731a7ba,2026-06-14T12:00:00Z,2026-06-14T14:00:00+0200,2725.242,MW,DE,DE_LU,actual_offshore_wind_generation,Wind Offshore,2026-07-08T18:59:57Z
2026-07-08T18:58:29Z,2026-07-08T20:58:29+0200,e401fd36-f4a8-45e5-ad91-bdd87731a7ba,2026-06-14T12:15:00Z,2026-06-14T14:15:00+0200,2526.78,MW,DE,DE_LU,actual_offshore_wind_generation,Wind Offshore,2026-07-08T18:59:57Z
2026-07-08T18:58:29Z,2026-07-08T20:58:29+0200,e401fd36-f4a8-45e5-ad91-bdd87731a7ba,2026-06-14T12:30:00Z,2026-06-14T14:30:00+0200,2604.781,MW,DE,DE_LU,actual_offshore_wind_generation,Wind Offshore,2026-07-08T18:59:57Z
2026-07-08T18:58:29Z,2026-07-08T20:58:29+0200,e401fd36-f4a8-45e5-ad91-bdd87731a7ba,2026-06-14T12:45:00Z,2026-06-14T14:45:00+0200,2549.142,MW,DE,DE_LU,actual_offshore_wind_generation,Wind Offshore,2026-07-08T18:59:57Z
2026-07-08T18:58:29Z,2026-07-08T20:58:29+0200,e401fd36-f4a8-45e5-ad91-bdd87731a7ba,2026-06-14T13:00:00Z,2026-06-14T15:00:00+0200,2356.526,MW,DE,DE_LU,actual_offshore_wind_generation,Wind Offshore,2026-07-08T18:59:57Z
2026-07-08T18:58:29Z,2026-07-08T20:58:29+0200,e401fd36-f4a8-45e5-ad91-bdd87731a7ba,2026-06-14T13:15:00Z,2026-06-14T15:15:00+0200,2418.501,MW,DE,DE_LU,actual_offshore_wind_generation,Wind Offshore,2026-07-08T18:59:57Z
2026-07-08T18:58:29Z,2026-07-08T20:58:29+0200,e401fd36-f4a8-45e5-ad91-bdd87731a7ba,2026-06-14T13:30:00Z,2026-06-14T15:30:00+0200,2364.527,MW,DE,DE_LU,actual_offshore_wind_generation,Wind Offshore,2026-07-08T18:59:57Z
2026-07-08T18:58:29Z,2026-07-08T20:58:29+0200,e401fd36-f4a8-45e5-ad91-bdd87731a7ba,2026-06-14T13:45:00Z,2026-06-14T15:45:00+0200,2575.065,MW,DE,DE_LU,actual_offshore_wind_generation,Wind Offshore,2026-07-08T18:59:57Z
2026-07-08T18:58:29Z,2026-07-08T20:58:29+0200,e401fd36-f4a8-45e5-ad91-bdd87731a7ba,2026-06-14T14:00:00Z,2026-06-14T16:00:00+0200,2987.489,MW,DE,DE_LU,actual_offshore_wind_generation,Wind Offshore,2026-07-08T18:59:57Z
2026-07-08T18:58:29Z,2026-07-08T20:58:29+0200,e401fd36-f4a8-45e5-ad91-bdd87731a7ba,2026-06-14T14:15:00Z,2026-06-14T16:15:00+0200,3078.754,MW,DE,DE_LU,actual_offshore_wind_generation,Wind Offshore,2026-07-08T18:59:57Z
2026-07-08T18:58:29Z,2026-07-08T20:58:29+0200,e401fd36-f4a8-45e5-ad91-bdd87731a7ba,2026-06-14T14:30:00Z,2026-06-14T16:30:00+0200,3271.603,MW,DE,DE_LU,actual_offshore_wind_generation,Wind Offshore,2026-07-08T18:59:57Z
2026-07-08T18:58:29Z,2026-07-08T20:58:29+0200,e401fd36-f4a8-45e5-ad91-bdd87731a7ba,2026-06-14T14:45:00Z,2026-06-14T16:45:00+0200,3199.641,MW,DE,DE_LU,actual_offshore_wind_generation,Wind Offshore,2026-07-08T18:59:57Z
2026-07-08T18:58:29Z,2026-07-08T20:58:29+0200,e401fd36-f4a8-45e5-ad91-bdd87731a7ba,2026-06-14T15:00:00Z,2026-06-14T17:00:00+0200,3204.208,MW,DE,DE_LU,actual_offshore_wind_generation,Wind Offshore,2026-07-08T18:59:57Z
2026-07-08T18:58:29Z,2026-07-08T20:58:29+0200,e401fd36-f4a8-45e5-ad91-bdd87731a7ba,2026-06-14T15:15:00Z,2026-06-14T17:15:00+0200,3564.507,MW,DE,DE_LU,actual_offshore_wind_generation,Wind Offshore,2026-07-08T18:59:57Z
2026-07-08T18:58:29Z,2026-07-08T20:58:29+0200,e401fd36-f4a8-45e5-ad91-bdd87731a7ba,2026-06-14T15:30:00Z,2026-06-14T17:30:00+0200,3728.388,MW,DE,DE_LU,actual_offshore_wind_generation,Wind Offshore,2026-07-08T18:59:57Z
2026-07-08T18:58:29Z,2026-07-08T20:58:29+0200,e401fd36-f4a8-45e5-ad91-bdd87731a7ba,2026-06-14T15:45:00Z,2026-06-14T17:45:00+0200,3444.572,MW,DE,DE_LU,actual_offshore_wind_generation,Wind Offshore,2026-07-08T18:59:57Z
2026-07-08T18:58:29Z,2026-07-08T20:58:29+0200,e401fd36-f4a8-45e5-ad91-bdd87731a7ba,2026-06-14T16:00:00Z,2026-06-14T18:00:00+0200,3848.024,MW,DE,DE_LU,actual_offshore_wind_generation,Wind Offshore,2026-07-08T18:59:57Z
2026-07-08T18:58:29Z,2026-07-08T20:58:29+0200,e401fd36-f4a8-45e5-ad91-bdd87731a7ba,2026-06-14T16:15:00Z,2026-06-14T18:15:00+0200,3753.269,MW,DE,DE_LU,actual_offshore_wind_generation,Wind Offshore,2026-07-08T18:59:57Z
2026-07-08T18:58:29Z,2026-07-08T20:58:29+0200,e401fd36-f4a8-45e5-ad91-bdd87731a7ba,2026-06-14T16:30:00Z,2026-06-14T18:30:00+0200,3704.5,MW,DE,DE_LU,actual_offshore_wind_generation,Wind Offshore,2026-07-08T18:59:57Z
2026-07-08T18:58:29Z,2026-07-08T20:58:29+0200,e401fd36-f4a8-45e5-ad91-bdd87731a7ba,2026-06-14T16:45:00Z,2026-06-14T18:45:00+0200,3394.146,MW,DE,DE_LU,actual_offshore_wind_generation,Wind Offshore,2026-07-08T18:59:57Z
2026-07-08T18:58:29Z,2026-07-08T20:58:29+0200,e401fd36-f4a8-45e5-ad91-bdd87731a7ba,2026-06-14T17:00:00Z,2026-06-14T19:00:00+0200,3419.262,MW,DE,DE_LU,actual_offshore_wind_generation,Wind Offshore,2026-07-08T18:59:57Z
2026-07-08T18:58:29Z,2026-07-08T20:58:29+0200,e401fd36-f4a8-45e5-ad91-bdd87731a7ba,2026-06-14T17:15:00Z,2026-06-14T19:15:00+0200,3230.12,MW,DE,DE_LU,actual_offshore_wind_generation,Wind Offshore,2026-07-08T18:59:57Z
2026-07-08T18:58:29Z,2026-07-08T20:58:29+0200,e401fd36-f4a8-45e5-ad91-bdd87731a7ba,2026-06-14T17:30:00Z,2026-06-14T19:30:00+0200,2826.844,MW,DE,DE_LU,actual_offshore_wind_generation,Wind Offshore,2026-07-08T18:59:57Z
2026-07-08T18:58:29Z,2026-07-08T20:58:29+0200,e401fd36-f4a8-45e5-ad91-bdd87731a7ba,2026-06-14T17:45:00Z,2026-06-14T19:45:00+0200,2848.546,MW,DE,DE_LU,actual_offshore_wind_generation,Wind Offshore,2026-07-08T18:59:57Z
2026-07-08T18:58:29Z,2026-07-08T20:58:29+0200,e401fd36-f4a8-45e5-ad91-bdd87731a7ba,2026-06-14T18:00:00Z,2026-06-14T20:00:00+0200,3322.168,MW,DE,DE_LU,actual_offshore_wind_generation,Wind Offshore,2026-07-08T18:59:57Z
2026-07-08T18:58:29Z,2026-07-08T20:58:29+0200,e401fd36-f4a8-45e5-ad91-bdd87731a7ba,2026-06-14T18:15:00Z,2026-06-14T20:15:00+0200,3439.648,MW,DE,DE_LU,actual_offshore_wind_generation,Wind Offshore,2026-07-08T18:59:57Z
2026-07-08T18:58:29Z,2026-07-08T20:58:29+0200,e401fd36-f4a8-45e5-ad91-bdd87731a7ba,2026-06-14T18:30:00Z,2026-06-14T20:30:00+0200,3505.509,MW,DE,DE_LU,actual_offshore_wind_generation,Wind Offshore,2026-07-08T18:59:57Z
2026-07-08T18:58:29Z,2026-07-08T20:58:29+0200,e401fd36-f4a8-45e5-ad91-bdd87731a7ba,2026-06-14T18:45:00Z,2026-06-14T20:45:00+0200,3462.335,MW,DE,DE_LU,actual_offshore_wind_generation,Wind Offshore,2026-07-08T18:59:57Z
2026-07-08T18:58:29Z,2026-07-08T20:58:29+0200,e401fd36-f4a8-45e5-ad91-bdd87731a7ba,2026-06-14T19:00:00Z,2026-06-14T21:00:00+0200,5031.778,MW,DE,DE_LU,actual_offshore_wind_generation,Wind Offshore,2026-07-08T18:59:57Z
2026-07-08T18:58:29Z,2026-07-08T20:58:29+0200,e401fd36-f4a8-45e5-ad91-bdd87731a7ba,2026-06-14T19:15:00Z,2026-06-14T21:15:00+0200,5287.194,MW,DE,DE_LU,actual_offshore_wind_generation,Wind Offshore,2026-07-08T18:59:57Z
2026-07-08T18:58:29Z,2026-07-08T20:58:29+0200,e401fd36-f4a8-45e5-ad91-bdd87731a7ba,2026-06-14T19:30:00Z,2026-06-14T21:30:00+0200,5384.303,MW,DE,DE_LU,actual_offshore_wind_generation,Wind Offshore,2026-07-08T18:59:57Z
2026-07-08T18:58:29Z,2026-07-08T20:58:29+0200,e401fd36-f4a8-45e5-ad91-bdd87731a7ba,2026-06-14T19:45:00Z,2026-06-14T21:45:00+0200,5260.206,MW,DE,DE_LU,actual_offshore_wind_generation,Wind Offshore,2026-07-08T18:59:57Z
2026-07-08T18:58:29Z,2026-07-08T20:58:29+0200,e401fd36-f4a8-45e5-ad91-bdd87731a7ba,2026-06-14T20:00:00Z,2026-06-14T22:00:00+0200,5831.769,MW,DE,DE_LU,actual_offshore_wind_generation,Wind Offshore,2026-07-08T18:59:57Z
2026-07-08T18:58:29Z,2026-07-08T20:58:29+0200,e401fd36-f4a8-45e5-ad91-bdd87731a7ba,2026-06-14T20:15:00Z,2026-06-14T22:15:00+0200,5954.761,MW,DE,DE_LU,actual_offshore_wind_generation,Wind Offshore,2026-07-08T18:59:57Z
2026-07-08T18:58:29Z,2026-07-08T20:58:29+0200,e401fd36-f4a8-45e5-ad91-bdd87731a7ba,2026-06-14T20:30:00Z,2026-06-14T22:30:00+0200,5996.702,MW,DE,DE_LU,actual_offshore_wind_generation,Wind Offshore,2026-07-08T18:59:57Z
2026-07-08T18:58:29Z,2026-07-08T20:58:29+0200,e401fd36-f4a8-45e5-ad91-bdd87731a7ba,2026-06-14T20:45:00Z,2026-06-14T22:45:00+0200,5958.039,MW,DE,DE_LU,actual_offshore_wind_generation,Wind Offshore,2026-07-08T18:59:57Z
2026-07-08T18:58:29Z,2026-07-08T20:58:29+0200,e401fd36-f4a8-45e5-ad91-bdd87731a7ba,2026-06-14T21:00:00Z,2026-06-14T23:00:00+0200,6156.596,MW,DE,DE_LU,actual_offshore_wind_generation,Wind Offshore,2026-07-08T18:59:57Z
2026-07-08T18:58:29Z,2026-07-08T20:58:29+0200,e401fd36-f4a8-45e5-ad91-bdd87731a7ba,2026-06-14T21:15:00Z,2026-06-14T23:15:00+0200,6080.208,MW,DE,DE_LU,actual_offshore_wind_generation,Wind Offshore,2026-07-08T18:59:57Z
2026-07-08T18:58:29Z,2026-07-08T20:58:29+0200,e401fd36-f4a8-45e5-ad91-bdd87731a7ba,2026-06-14T21:30:00Z,2026-06-14T23:30:00+0200,6039.841,MW,DE,DE_LU,actual_offshore_wind_generation,Wind Offshore,2026-07-08T18:59:57Z
2026-07-08T18:58:29Z,2026-07-08T20:58:29+0200,e401fd36-f4a8-45e5-ad91-bdd87731a7ba,2026-06-14T21:45:00Z,2026-06-14T23:45:00+0200,5851.919,MW,DE,DE_LU,actual_offshore_wind_generation,Wind Offshore,2026-07-08T18:59:57Z
2026-07-08T18:58:29Z,2026-07-08T20:58:29+0200,e401fd36-f4a8-45e5-ad91-bdd87731a7ba,2026-06-14T22:00:00Z,2026-06-15T00:00:00+0200,5259.444,MW,DE,DE_LU,actual_offshore_wind_generation,Wind Offshore,2026-07-08T18:59:57Z
2026-07-08T18:58:29Z,2026-07-08T20:58:29+0200,e401fd36-f4a8-45e5-ad91-bdd87731a7ba,2026-06-14T22:15:00Z,2026-06-15T00:15:00+0200,5405.08,MW,DE,DE_LU,actual_offshore_wind_generation,Wind Offshore,2026-07-08T18:59:57Z
2026-07-08T18:58:29Z,2026-07-08T20:58:29+0200,e401fd36-f4a8-45e5-ad91-bdd87731a7ba,2026-06-14T22:30:00Z,2026-06-15T00:30:00+0200,5550.055,MW,DE,DE_LU,actual_offshore_wind_generation,Wind Offshore,2026-07-08T18:59:57Z
2026-07-08T18:58:29Z,2026-07-08T20:58:29+0200,e401fd36-f4a8-45e5-ad91-bdd87731a7ba,2026-06-14T22:45:00Z,2026-06-15T00:45:00+0200,5720.621,MW,DE,DE_LU,actual_offshore_wind_generation,Wind Offshore,2026-07-08T18:59:57Z
2026-07-08T18:58:29Z,2026-07-08T20:58:29+0200,e401fd36-f4a8-45e5-ad91-bdd87731a7ba,2026-06-14T23:00:00Z,2026-06-15T01:00:00+0200,5806.901,MW,DE,DE_LU,actual_offshore_wind_generation,Wind Offshore,2026-07-08T18:59:57Z
2026-07-08T18:58:29Z,2026-07-08T20:58:29+0200,e401fd36-f4a8-45e5-ad91-bdd87731a7ba,2026-06-14T23:15:00Z,2026-06-15T01:15:00+0200,5803.627,MW,DE,DE_LU,actual_offshore_wind_generation,Wind Offshore,2026-07-08T18:59:57Z
2026-07-08T18:58:29Z,2026-07-08T20:58:29+0200,e401fd36-f4a8-45e5-ad91-bdd87731a7ba,2026-06-14T23:30:00Z,2026-06-15T01:30:00+0200,5857.626,MW,DE,DE_LU,actual_offshore_wind_generation,Wind Offshore,2026-07-08T18:59:57Z
2026-07-08T18:58:29Z,2026-07-08T20:58:29+0200,e401fd36-f4a8-45e5-ad91-bdd87731a7ba,2026-06-14T23:45:00Z,2026-06-15T01:45:00+0200,5902.177,MW,DE,DE_LU,actual_offshore_wind_generation,Wind Offshore,2026-07-08T18:59:57Z
2026-07-08T18:58:29Z,2026-07-08T20:58:29+0200,e401fd36-f4a8-45e5-ad91-bdd87731a7ba,2026-06-15T00:00:00Z,2026-06-15T02:00:00+0200,6313.542,MW,DE,DE_LU,actual_offshore_wind_generation,Wind Offshore,2026-07-08T18:59:57Z
2026-07-08T18:58:29Z,2026-07-08T20:58:29+0200,e401fd36-f4a8-45e5-ad91-bdd87731a7ba,2026-06-15T00:15:00Z,2026-06-15T02:15:00+0200,6349.79,MW,DE,DE_LU,actual_offshore_wind_generation,Wind Offshore,2026-07-08T18:59:57Z
2026-07-08T18:58:29Z,2026-07-08T20:58:29+0200,e401fd36-f4a8-45e5-ad91-bdd87731a7ba,2026-06-15T00:30:00Z,2026-06-15T02:30:00+0200,6454.731,MW,DE,DE_LU,actual_offshore_wind_generation,Wind Offshore,2026-07-08T18:59:57Z
2026-07-08T18:58:29Z,2026-07-08T20:58:29+0200,e401fd36-f4a8-45e5-ad91-bdd87731a7ba,2026-06-15T00:45:00Z,2026-06-15T02:45:00+0200,6561.626,MW,DE,DE_LU,actual_offshore_wind_generation,Wind Offshore,2026-07-08T18:59:57Z
2026-07-08T18:58:29Z,2026-07-08T20:58:29+0200,e401fd36-f4a8-45e5-ad91-bdd87731a7ba,2026-06-15T01:00:00Z,2026-06-15T03:00:00+0200,6992.297,MW,DE,DE_LU,actual_offshore_wind_generation,Wind Offshore,2026-07-08T18:59:57Z
2026-07-08T18:58:29Z,2026-07-08T20:58:29+0200,e401fd36-f4a8-45e5-ad91-bdd87731a7ba,2026-06-15T01:15:00Z,2026-06-15T03:15:00+0200,7030.346,MW,DE,DE_LU,actual_offshore_wind_generation,Wind Offshore,2026-07-08T18:59:57Z
2026-07-08T18:58:29Z,2026-07-08T20:58:29+0200,e401fd36-f4a8-45e5-ad91-bdd87731a7ba,2026-06-15T01:30:00Z,2026-06-15T03:30:00+0200,7114.096,MW,DE,DE_LU,actual_offshore_wind_generation,Wind Offshore,2026-07-08T18:59:57Z
2026-07-08T18:58:29Z,2026-07-08T20:58:29+0200,e401fd36-f4a8-45e5-ad91-bdd87731a7ba,2026-06-15T01:45:00Z,2026-06-15T03:45:00+0200,7145.112,MW,DE,DE_LU,actual_offshore_wind_generation,Wind Offshore,2026-07-08T18:59:57Z
2026-07-08T18:58:29Z,2026-07-08T20:58:29+0200,e401fd36-f4a8-45e5-ad91-bdd87731a7ba,2026-06-15T02:00:00Z,2026-06-15T04:00:00+0200,6821.324,MW,DE,DE_LU,actual_offshore_wind_generation,Wind Offshore,2026-07-08T18:59:57Z
2026-07-08T18:58:29Z,2026-07-08T20:58:29+0200,e401fd36-f4a8-45e5-ad91-bdd87731a7ba,2026-06-15T02:15:00Z,2026-06-15T04:15:00+0200,6840.505,MW,DE,DE_LU,actual_offshore_wind_generation,Wind Offshore,2026-07-08T18:59:57Z
2026-07-08T18:58:29Z,2026-07-08T20:58:29+0200,e401fd36-f4a8-45e5-ad91-bdd87731a7ba,2026-06-15T02:30:00Z,2026-06-15T04:30:00+0200,6869.919,MW,DE,DE_LU,actual_offshore_wind_generation,Wind Offshore,2026-07-08T18:59:57Z
2026-07-08T18:58:29Z,2026-07-08T20:58:29+0200,e401fd36-f4a8-45e5-ad91-bdd87731a7ba,2026-06-15T02:45:00Z,2026-06-15T04:45:00+0200,6846.542,MW,DE,DE_LU,actual_offshore_wind_generation,Wind Offshore,2026-07-08T18:59:57Z
2026-07-08T18:58:29Z,2026-07-08T20:58:29+0200,e401fd36-f4a8-45e5-ad91-bdd87731a7ba,2026-06-15T03:00:00Z,2026-06-15T05:00:00+0200,6584.673,MW,DE,DE_LU,actual_offshore_wind_generation,Wind Offshore,2026-07-08T18:59:57Z
2026-07-08T18:58:29Z,2026-07-08T20:58:29+0200,e401fd36-f4a8-45e5-ad91-bdd87731a7ba,2026-06-15T03:15:00Z,2026-06-15T05:15:00+0200,6544.321,MW,DE,DE_LU,actual_offshore_wind_generation,Wind Offshore,2026-07-08T18:59:57Z
2026-07-08T18:58:29Z,2026-07-08T20:58:29+0200,e401fd36-f4a8-45e5-ad91-bdd87731a7ba,2026-06-15T03:30:00Z,2026-06-15T05:30:00+0200,6590.748,MW,DE,DE_LU,actual_offshore_wind_generation,Wind Offshore,2026-07-08T18:59:57Z
2026-07-08T18:58:29Z,2026-07-08T20:58:29+0200,e401fd36-f4a8-45e5-ad91-bdd87731a7ba,2026-06-15T03:45:00Z,2026-06-15T05:45:00+0200,6617.289,MW,DE,DE_LU,actual_offshore_wind_generation,Wind Offshore,2026-07-08T18:59:57Z
2026-07-08T18:58:29Z,2026-07-08T20:58:29+0200,e401fd36-f4a8-45e5-ad91-bdd87731a7ba,2026-06-15T04:00:00Z,2026-06-15T06:00:00+0200,6957.924,MW,DE,DE_LU,actual_offshore_wind_generation,Wind Offshore,2026-07-08T18:59:57Z
2026-07-08T18:58:29Z,2026-07-08T20:58:29+0200,e401fd36-f4a8-45e5-ad91-bdd87731a7ba,2026-06-15T04:15:00Z,2026-06-15T06:15:00+0200,7043.918,MW,DE,DE_LU,actual_offshore_wind_generation,Wind Offshore,2026-07-08T18:59:57Z
2026-07-08T18:58:29Z,2026-07-08T20:58:29+0200,e401fd36-f4a8-45e5-ad91-bdd87731a7ba,2026-06-15T04:30:00Z,2026-06-15T06:30:00+0200,7042.26,MW,DE,DE_LU,actual_offshore_wind_generation,Wind Offshore,2026-07-08T18:59:57Z
2026-07-08T18:58:29Z,2026-07-08T20:58:29+0200,e401fd36-f4a8-45e5-ad91-bdd87731a7ba,2026-06-15T04:45:00Z,2026-06-15T06:45:00+0200,7014.216,MW,DE,DE_LU,actual_offshore_wind_generation,Wind Offshore,2026-07-08T18:59:57Z
2026-07-08T18:58:29Z,2026-07-08T20:58:29+0200,e401fd36-f4a8-45e5-ad91-bdd87731a7ba,2026-06-15T05:00:00Z,2026-06-15T07:00:00+0200,5624.659,MW,DE,DE_LU,actual_offshore_wind_generation,Wind Offshore,2026-07-08T18:59:57Z
2026-07-08T18:58:29Z,2026-07-08T20:58:29+0200,e401fd36-f4a8-45e5-ad91-bdd87731a7ba,2026-06-15T05:15:00Z,2026-06-15T07:15:00+0200,5505.086,MW,DE,DE_LU,actual_offshore_wind_generation,Wind Offshore,2026-07-08T18:59:57Z
2026-07-08T18:58:29Z,2026-07-08T20:58:29+0200,e401fd36-f4a8-45e5-ad91-bdd87731a7ba,2026-06-15T05:30:00Z,2026-06-15T07:30:00+0200,5257.937,MW,DE,DE_LU,actual_offshore_wind_generation,Wind Offshore,2026-07-08T18:59:57Z
2026-07-08T18:58:29Z,2026-07-08T20:58:29+0200,e401fd36-f4a8-45e5-ad91-bdd87731a7ba,2026-06-15T05:45:00Z,2026-06-15T07:45:00+0200,5025.393,MW,DE,DE_LU,actual_offshore_wind_generation,Wind Offshore,2026-07-08T18:59:57Z
2026-07-08T18:58:29Z,2026-07-08T20:58:29+0200,e401fd36-f4a8-45e5-ad91-bdd87731a7ba,2026-06-15T06:00:00Z,2026-06-15T08:00:00+0200,4418.517,MW,DE,DE_LU,actual_offshore_wind_generation,Wind Offshore,2026-07-08T18:59:57Z
2026-07-08T18:58:29Z,2026-07-08T20:58:29+0200,e401fd36-f4a8-45e5-ad91-bdd87731a7ba,2026-06-15T06:15:00Z,2026-06-15T08:15:00+0200,4473.987,MW,DE,DE_LU,actual_offshore_wind_generation,Wind Offshore,2026-07-08T18:59:57Z
2026-07-08T18:58:29Z,2026-07-08T20:58:29+0200,e401fd36-f4a8-45e5-ad91-bdd87731a7ba,2026-06-15T06:30:00Z,2026-06-15T08:30:00+0200,4450.895,MW,DE,DE_LU,actual_offshore_wind_generation,Wind Offshore,2026-07-08T18:59:57Z
2026-07-08T18:58:29Z,2026-07-08T20:58:29+0200,e401fd36-f4a8-45e5-ad91-bdd87731a7ba,2026-06-15T06:45:00Z,2026-06-15T08:45:00+0200,4411.515,MW,DE,DE_LU,actual_offshore_wind_generation,Wind Offshore,2026-07-08T18:59:57Z
2026-07-08T18:58:29Z,2026-07-08T20:58:29+0200,e401fd36-f4a8-45e5-ad91-bdd87731a7ba,2026-06-15T07:00:00Z,2026-06-15T09:00:00+0200,4047.12,MW,DE,DE_LU,actual_offshore_wind_generation,Wind Offshore,2026-07-08T18:59:57Z
2026-07-08T18:58:29Z,2026-07-08T20:58:29+0200,e401fd36-f4a8-45e5-ad91-bdd87731a7ba,2026-06-15T07:15:00Z,2026-06-15T09:15:00+0200,3924.933,MW,DE,DE_LU,actual_offshore_wind_generation,Wind Offshore,2026-07-08T18:59:57Z
2026-07-08T18:58:29Z,2026-07-08T20:58:29+0200,e401fd36-f4a8-45e5-ad91-bdd87731a7ba,2026-06-15T07:30:00Z,2026-06-15T09:30:00+0200,3771.115,MW,DE,DE_LU,actual_offshore_wind_generation,Wind Offshore,2026-07-08T18:59:57Z
2026-07-08T18:58:29Z,2026-07-08T20:58:29+0200,e401fd36-f4a8-45e5-ad91-bdd87731a7ba,2026-06-15T07:45:00Z,2026-06-15T09:45:00+0200,3749.183,MW,DE,DE_LU,actual_offshore_wind_generation,Wind Offshore,2026-07-08T18:59:57Z
2026-07-08T18:58:29Z,2026-07-08T20:58:29+0200,e401fd36-f4a8-45e5-ad91-bdd87731a7ba,2026-06-15T08:00:00Z,2026-06-15T10:00:00+0200,4507.677,MW,DE,DE_LU,actual_offshore_wind_generation,Wind Offshore,2026-07-08T18:59:57Z
2026-07-08T18:58:29Z,2026-07-08T20:58:29+0200,e401fd36-f4a8-45e5-ad91-bdd87731a7ba,2026-06-15T08:15:00Z,2026-06-15T10:15:00+0200,4642.216,MW,DE,DE_LU,actual_offshore_wind_generation,Wind Offshore,2026-07-08T18:59:57Z
2026-07-08T18:58:29Z,2026-07-08T20:58:29+0200,e401fd36-f4a8-45e5-ad91-bdd87731a7ba,2026-06-15T08:30:00Z,2026-06-15T10:30:00+0200,4675.484,MW,DE,DE_LU,actual_offshore_wind_generation,Wind Offshore,2026-07-08T18:59:57Z
2026-07-08T18:58:29Z,2026-07-08T20:58:29+0200,e401fd36-f4a8-45e5-ad91-bdd87731a7ba,2026-06-15T08:45:00Z,2026-06-15T10:45:00+0200,4527.275,MW,DE,DE_LU,actual_offshore_wind_generation,Wind Offshore,2026-07-08T18:59:57Z
2026-07-08T18:58:29Z,2026-07-08T20:58:29+0200,e401fd36-f4a8-45e5-ad91-bdd87731a7ba,2026-06-15T09:00:00Z,2026-06-15T11:00:00+0200,4744.295,MW,DE,DE_LU,actual_offshore_wind_generation,Wind Offshore,2026-07-08T18:59:57Z
2026-07-08T18:58:29Z,2026-07-08T20:58:29+0200,e401fd36-f4a8-45e5-ad91-bdd87731a7ba,2026-06-15T09:15:00Z,2026-06-15T11:15:00+0200,4755.361,MW,DE,DE_LU,actual_offshore_wind_generation,Wind Offshore,2026-07-08T18:59:57Z
2026-07-08T18:58:29Z,2026-07-08T20:58:29+0200,e401fd36-f4a8-45e5-ad91-bdd87731a7ba,2026-06-15T09:30:00Z,2026-06-15T11:30:00+0200,4527.028,MW,DE,DE_LU,actual_offshore_wind_generation,Wind Offshore,2026-07-08T18:59:57Z
2026-07-08T18:58:29Z,2026-07-08T20:58:29+0200,e401fd36-f4a8-45e5-ad91-bdd87731a7ba,2026-06-15T09:45:00Z,2026-06-15T11:45:00+0200,4328.199,MW,DE,DE_LU,actual_offshore_wind_generation,Wind Offshore,2026-07-08T18:59:57Z
2026-07-08T18:58:29Z,2026-07-08T20:58:29+0200,e401fd36-f4a8-45e5-ad91-bdd87731a7ba,2026-06-15T10:00:00Z,2026-06-15T12:00:00+0200,4468.679,MW,DE,DE_LU,actual_offshore_wind_generation,Wind Offshore,2026-07-08T18:59:57Z
2026-07-08T18:58:29Z,2026-07-08T20:58:29+0200,e401fd36-f4a8-45e5-ad91-bdd87731a7ba,2026-06-15T10:15:00Z,2026-06-15T12:15:00+0200,4409.678,MW,DE,DE_LU,actual_offshore_wind_generation,Wind Offshore,2026-07-08T18:59:57Z
2026-07-08T18:58:29Z,2026-07-08T20:58:29+0200,e401fd36-f4a8-45e5-ad91-bdd87731a7ba,2026-06-15T10:30:00Z,2026-06-15T12:30:00+0200,4651.731,MW,DE,DE_LU,actual_offshore_wind_generation,Wind Offshore,2026-07-08T18:59:57Z
2026-07-08T18:58:29Z,2026-07-08T20:58:29+0200,e401fd36-f4a8-45e5-ad91-bdd87731a7ba,2026-06-15T10:45:00Z,2026-06-15T12:45:00+0200,4820.075,MW,DE,DE_LU,actual_offshore_wind_generation,Wind Offshore,2026-07-08T18:59:57Z
2026-07-08T18:58:29Z,2026-07-08T20:58:29+0200,e401fd36-f4a8-45e5-ad91-bdd87731a7ba,2026-06-15T11:00:00Z,2026-06-15T13:00:00+0200,4957.641,MW,DE,DE_LU,actual_offshore_wind_generation,Wind Offshore,2026-07-08T18:59:57Z
2026-07-08T18:58:29Z,2026-07-08T20:58:29+0200,e401fd36-f4a8-45e5-ad91-bdd87731a7ba,2026-06-15T11:15:00Z,2026-06-15T13:15:00+0200,4937.652,MW,DE,DE_LU,actual_offshore_wind_generation,Wind Offshore,2026-07-08T18:59:57Z
2026-07-08T18:58:29Z,2026-07-08T20:58:29+0200,e401fd36-f4a8-45e5-ad91-bdd87731a7ba,2026-06-15T11:30:00Z,2026-06-15T13:30:00+0200,4913.505,MW,DE,DE_LU,actual_offshore_wind_generation,Wind Offshore,2026-07-08T18:59:57Z
2026-07-08T18:58:29Z,2026-07-08T20:58:29+0200,e401fd36-f4a8-45e5-ad91-bdd87731a7ba,2026-06-15T11:45:00Z,2026-06-15T13:45:00+0200,4480.955,MW,DE,DE_LU,actual_offshore_wind_generation,Wind Offshore,2026-07-08T18:59:57Z
2026-07-08T18:58:29Z,2026-07-08T20:58:29+0200,e401fd36-f4a8-45e5-ad91-bdd87731a7ba,2026-06-15T12:00:00Z,2026-06-15T14:00:00+0200,3915.593,MW,DE,DE_LU,actual_offshore_wind_generation,Wind Offshore,2026-07-08T18:59:57Z
2026-07-08T18:58:29Z,2026-07-08T20:58:29+0200,e401fd36-f4a8-45e5-ad91-bdd87731a7ba,2026-06-15T12:15:00Z,2026-06-15T14:15:00+0200,3848.106,MW,DE,DE_LU,actual_offshore_wind_generation,Wind Offshore,2026-07-08T18:59:57Z
2026-07-08T18:58:29Z,2026-07-08T20:58:29+0200,e401fd36-f4a8-45e5-ad91-bdd87731a7ba,2026-06-15T12:30:00Z,2026-06-15T14:30:00+0200,3812.406,MW,DE,DE_LU,actual_offshore_wind_generation,Wind Offshore,2026-07-08T18:59:57Z
2026-07-08T18:58:29Z,2026-07-08T20:58:29+0200,e401fd36-f4a8-45e5-ad91-bdd87731a7ba,2026-06-15T12:45:00Z,2026-06-15T14:45:00+0200,3619.87,MW,DE,DE_LU,actual_offshore_wind_generation,Wind Offshore,2026-07-08T18:59:57Z
2026-07-08T18:58:29Z,2026-07-08T20:58:29+0200,e401fd36-f4a8-45e5-ad91-bdd87731a7ba,2026-06-15T13:00:00Z,2026-06-15T15:00:00+0200,3687.308,MW,DE,DE_LU,actual_offshore_wind_generation,Wind Offshore,2026-07-08T18:59:57Z
2026-07-08T18:58:29Z,2026-07-08T20:58:29+0200,e401fd36-f4a8-45e5-ad91-bdd87731a7ba,2026-06-15T13:15:00Z,2026-06-15T15:15:00+0200,3624.867,MW,DE,DE_LU,actual_offshore_wind_generation,Wind Offshore,2026-07-08T18:59:57Z
2026-07-08T18:58:29Z,2026-07-08T20:58:29+0200,e401fd36-f4a8-45e5-ad91-bdd87731a7ba,2026-06-15T13:30:00Z,2026-06-15T15:30:00+0200,3450.466,MW,DE,DE_LU,actual_offshore_wind_generation,Wind Offshore,2026-07-08T18:59:57Z
2026-07-08T18:58:29Z,2026-07-08T20:58:29+0200,e401fd36-f4a8-45e5-ad91-bdd87731a7ba,2026-06-15T13:45:00Z,2026-06-15T15:45:00+0200,3327.24,MW,DE,DE_LU,actual_offshore_wind_generation,Wind Offshore,2026-07-08T18:59:57Z
2026-07-08T18:58:29Z,2026-07-08T20:58:29+0200,e401fd36-f4a8-45e5-ad91-bdd87731a7ba,2026-06-15T14:00:00Z,2026-06-15T16:00:00+0200,2937.077,MW,DE,DE_LU,actual_offshore_wind_generation,Wind Offshore,2026-07-08T18:59:57Z
2026-07-08T18:58:29Z,2026-07-08T20:58:29+0200,e401fd36-f4a8-45e5-ad91-bdd87731a7ba,2026-06-15T14:15:00Z,2026-06-15T16:15:00+0200,2868.703,MW,DE,DE_LU,actual_offshore_wind_generation,Wind Offshore,2026-07-08T18:59:57Z
2026-07-08T18:58:29Z,2026-07-08T20:58:29+0200,e401fd36-f4a8-45e5-ad91-bdd87731a7ba,2026-06-15T14:30:00Z,2026-06-15T16:30:00+0200,2944.304,MW,DE,DE_LU,actual_offshore_wind_generation,Wind Offshore,2026-07-08T18:59:57Z
2026-07-08T18:58:29Z,2026-07-08T20:58:29+0200,e401fd36-f4a8-45e5-ad91-bdd87731a7ba,2026-06-15T14:45:00Z,2026-06-15T16:45:00+0200,2577.708,MW,DE,DE_LU,actual_offshore_wind_generation,Wind Offshore,2026-07-08T18:59:57Z
2026-07-08T18:58:29Z,2026-07-08T20:58:29+0200,e401fd36-f4a8-45e5-ad91-bdd87731a7ba,2026-06-15T15:00:00Z,2026-06-15T17:00:00+0200,2004.019,MW,DE,DE_LU,actual_offshore_wind_generation,Wind Offshore,2026-07-08T18:59:57Z
2026-07-08T18:58:29Z,2026-07-08T20:58:29+0200,e401fd36-f4a8-45e5-ad91-bdd87731a7ba,2026-06-15T15:15:00Z,2026-06-15T17:15:00+0200,1992.031,MW,DE,DE_LU,actual_offshore_wind_generation,Wind Offshore,2026-07-08T18:59:57Z
2026-07-08T18:58:29Z,2026-07-08T20:58:29+0200,e401fd36-f4a8-45e5-ad91-bdd87731a7ba,2026-06-15T15:30:00Z,2026-06-15T17:30:00+0200,1851.133,MW,DE,DE_LU,actual_offshore_wind_generation,Wind Offshore,2026-07-08T18:59:57Z
2026-07-08T18:58:29Z,2026-07-08T20:58:29+0200,e401fd36-f4a8-45e5-ad91-bdd87731a7ba,2026-06-15T15:45:00Z,2026-06-15T17:45:00+0200,1908.618,MW,DE,DE_LU,actual_offshore_wind_generation,Wind Offshore,2026-07-08T18:59:57Z
2026-07-08T18:58:29Z,2026-07-08T20:58:29+0200,e401fd36-f4a8-45e5-ad91-bdd87731a7ba,2026-06-15T16:00:00Z,2026-06-15T18:00:00+0200,2243.131,MW,DE,DE_LU,actual_offshore_wind_generation,Wind Offshore,2026-07-08T18:59:57Z
2026-07-08T18:58:29Z,2026-07-08T20:58:29+0200,e401fd36-f4a8-45e5-ad91-bdd87731a7ba,2026-06-15T16:15:00Z,2026-06-15T18:15:00+0200,2139.739,MW,DE,DE_LU,actual_offshore_wind_generation,Wind Offshore,2026-07-08T18:59:57Z
2026-07-08T18:58:29Z,2026-07-08T20:58:29+0200,e401fd36-f4a8-45e5-ad91-bdd87731a7ba,2026-06-15T16:30:00Z,2026-06-15T18:30:00+0200,2074.217,MW,DE,DE_LU,actual_offshore_wind_generation,Wind Offshore,2026-07-08T18:59:57Z
2026-07-08T18:58:29Z,2026-07-08T20:58:29+0200,e401fd36-f4a8-45e5-ad91-bdd87731a7ba,2026-06-15T16:45:00Z,2026-06-15T18:45:00+0200,1955.812,MW,DE,DE_LU,actual_offshore_wind_generation,Wind Offshore,2026-07-08T18:59:57Z
2026-07-08T18:58:29Z,2026-07-08T20:58:29+0200,e401fd36-f4a8-45e5-ad91-bdd87731a7ba,2026-06-15T17:00:00Z,2026-06-15T19:00:00+0200,3351.913,MW,DE,DE_LU,actual_offshore_wind_generation,Wind Offshore,2026-07-08T18:59:57Z
2026-07-08T18:58:29Z,2026-07-08T20:58:29+0200,e401fd36-f4a8-45e5-ad91-bdd87731a7ba,2026-06-15T17:15:00Z,2026-06-15T19:15:00+0200,3640.341,MW,DE,DE_LU,actual_offshore_wind_generation,Wind Offshore,2026-07-08T18:59:57Z
2026-07-08T18:58:29Z,2026-07-08T20:58:29+0200,e401fd36-f4a8-45e5-ad91-bdd87731a7ba,2026-06-15T17:30:00Z,2026-06-15T19:30:00+0200,3658.904,MW,DE,DE_LU,actual_offshore_wind_generation,Wind Offshore,2026-07-08T18:59:57Z
2026-07-08T18:58:29Z,2026-07-08T20:58:29+0200,e401fd36-f4a8-45e5-ad91-bdd87731a7ba,2026-06-15T17:45:00Z,2026-06-15T19:45:00+0200,3612.614,MW,DE,DE_LU,actual_offshore_wind_generation,Wind Offshore,2026-07-08T18:59:57Z
2026-07-08T18:58:29Z,2026-07-08T20:58:29+0200,e401fd36-f4a8-45e5-ad91-bdd87731a7ba,2026-06-15T18:00:00Z,2026-06-15T20:00:00+0200,3478.684,MW,DE,DE_LU,actual_offshore_wind_generation,Wind Offshore,2026-07-08T18:59:57Z
2026-07-08T18:58:29Z,2026-07-08T20:58:29+0200,e401fd36-f4a8-45e5-ad91-bdd87731a7ba,2026-06-15T18:15:00Z,2026-06-15T20:15:00+0200,3766.69,MW,DE,DE_LU,actual_offshore_wind_generation,Wind Offshore,2026-07-08T18:59:57Z
2026-07-08T18:58:29Z,2026-07-08T20:58:29+0200,e401fd36-f4a8-45e5-ad91-bdd87731a7ba,2026-06-15T18:30:00Z,2026-06-15T20:30:00+0200,3771.956,MW,DE,DE_LU,actual_offshore_wind_generation,Wind Offshore,2026-07-08T18:59:57Z
2026-07-08T18:58:29Z,2026-07-08T20:58:29+0200,e401fd36-f4a8-45e5-ad91-bdd87731a7ba,2026-06-15T18:45:00Z,2026-06-15T20:45:00+0200,3545.584,MW,DE,DE_LU,actual_offshore_wind_generation,Wind Offshore,2026-07-08T18:59:57Z
2026-07-08T18:58:29Z,2026-07-08T20:58:29+0200,e401fd36-f4a8-45e5-ad91-bdd87731a7ba,2026-06-15T19:00:00Z,2026-06-15T21:00:00+0200,3405.883,MW,DE,DE_LU,actual_offshore_wind_generation,Wind Offshore,2026-07-08T18:59:57Z
2026-07-08T18:58:29Z,2026-07-08T20:58:29+0200,e401fd36-f4a8-45e5-ad91-bdd87731a7ba,2026-06-15T19:15:00Z,2026-06-15T21:15:00+0200,3223.012,MW,DE,DE_LU,actual_offshore_wind_generation,Wind Offshore,2026-07-08T18:59:57Z
2026-07-08T18:58:29Z,2026-07-08T20:58:29+0200,e401fd36-f4a8-45e5-ad91-bdd87731a7ba,2026-06-15T19:30:00Z,2026-06-15T21:30:00+0200,3145.578,MW,DE,DE_LU,actual_offshore_wind_generation,Wind Offshore,2026-07-08T18:59:57Z
2026-07-08T18:58:29Z,2026-07-08T20:58:29+0200,e401fd36-f4a8-45e5-ad91-bdd87731a7ba,2026-06-15T19:45:00Z,2026-06-15T21:45:00+0200,3071.281,MW,DE,DE_LU,actual_offshore_wind_generation,Wind Offshore,2026-07-08T18:59:57Z
2026-07-08T18:58:29Z,2026-07-08T20:58:29+0200,e401fd36-f4a8-45e5-ad91-bdd87731a7ba,2026-06-15T20:00:00Z,2026-06-15T22:00:00+0200,2913.782,MW,DE,DE_LU,actual_offshore_wind_generation,Wind Offshore,2026-07-08T18:59:57Z
2026-07-08T18:58:29Z,2026-07-08T20:58:29+0200,e401fd36-f4a8-45e5-ad91-bdd87731a7ba,2026-06-15T20:15:00Z,2026-06-15T22:15:00+0200,2891.376,MW,DE,DE_LU,actual_offshore_wind_generation,Wind Offshore,2026-07-08T18:59:57Z
2026-07-08T18:58:29Z,2026-07-08T20:58:29+0200,e401fd36-f4a8-45e5-ad91-bdd87731a7ba,2026-06-15T20:30:00Z,2026-06-15T22:30:00+0200,2792.363,MW,DE,DE_LU,actual_offshore_wind_generation,Wind Offshore,2026-07-08T18:59:57Z
2026-07-08T18:58:29Z,2026-07-08T20:58:29+0200,e401fd36-f4a8-45e5-ad91-bdd87731a7ba,2026-06-15T20:45:00Z,2026-06-15T22:45:00+0200,2779.632,MW,DE,DE_LU,actual_offshore_wind_generation,Wind Offshore,2026-07-08T18:59:57Z
2026-07-08T18:58:29Z,2026-07-08T20:58:29+0200,e401fd36-f4a8-45e5-ad91-bdd87731a7ba,2026-06-15T21:00:00Z,2026-06-15T23:00:00+0200,2776.569,MW,DE,DE_LU,actual_offshore_wind_generation,Wind Offshore,2026-07-08T18:59:57Z
2026-07-08T18:58:29Z,2026-07-08T20:58:29+0200,e401fd36-f4a8-45e5-ad91-bdd87731a7ba,2026-06-15T21:15:00Z,2026-06-15T23:15:00+0200,2858.882,MW,DE,DE_LU,actual_offshore_wind_generation,Wind Offshore,2026-07-08T18:59:57Z
2026-07-08T18:58:29Z,2026-07-08T20:58:29+0200,e401fd36-f4a8-45e5-ad91-bdd87731a7ba,2026-06-15T21:30:00Z,2026-06-15T23:30:00+0200,2756.775,MW,DE,DE_LU,actual_offshore_wind_generation,Wind Offshore,2026-07-08T18:59:57Z
2026-07-08T18:58:29Z,2026-07-08T20:58:29+0200,e401fd36-f4a8-45e5-ad91-bdd87731a7ba,2026-06-15T21:45:00Z,2026-06-15T23:45:00+0200,2665.743,MW,DE,DE_LU,actual_offshore_wind_generation,Wind Offshore,2026-07-08T18:59:57Z
2026-07-08T18:58:29Z,2026-07-08T20:58:29+0200,e401fd36-f4a8-45e5-ad91-bdd87731a7ba,2026-06-15T22:00:00Z,2026-06-16T00:00:00+0200,2593.511,MW,DE,DE_LU,actual_offshore_wind_generation,Wind Offshore,2026-07-08T18:59:57Z
2026-07-08T18:58:29Z,2026-07-08T20:58:29+0200,e401fd36-f4a8-45e5-ad91-bdd87731a7ba,2026-06-15T22:15:00Z,2026-06-16T00:15:00+0200,2578.362,MW,DE,DE_LU,actual_offshore_wind_generation,Wind Offshore,2026-07-08T18:59:57Z
2026-07-08T18:58:29Z,2026-07-08T20:58:29+0200,e401fd36-f4a8-45e5-ad91-bdd87731a7ba,2026-06-15T22:30:00Z,2026-06-16T00:30:00+0200,2734.908,MW,DE,DE_LU,actual_offshore_wind_generation,Wind Offshore,2026-07-08T18:59:57Z
2026-07-08T18:58:29Z,2026-07-08T20:58:29+0200,e401fd36-f4a8-45e5-ad91-bdd87731a7ba,2026-06-15T22:45:00Z,2026-06-16T00:45:00+0200,2872.2,MW,DE,DE_LU,actual_offshore_wind_generation,Wind Offshore,2026-07-08T18:59:57Z
2026-07-08T18:58:29Z,2026-07-08T20:58:29+0200,e401fd36-f4a8-45e5-ad91-bdd87731a7ba,2026-06-15T23:00:00Z,2026-06-16T01:00:00+0200,2810.736,MW,DE,DE_LU,actual_offshore_wind_generation,Wind Offshore,2026-07-08T18:59:57Z
2026-07-08T18:58:29Z,2026-07-08T20:58:29+0200,e401fd36-f4a8-45e5-ad91-bdd87731a7ba,2026-06-15T23:15:00Z,2026-06-16T01:15:00+0200,2675.679,MW,DE,DE_LU,actual_offshore_wind_generation,Wind Offshore,2026-07-08T18:59:57Z
2026-07-08T18:58:29Z,2026-07-08T20:58:29+0200,e401fd36-f4a8-45e5-ad91-bdd87731a7ba,2026-06-15T23:30:00Z,2026-06-16T01:30:00+0200,2566.326,MW,DE,DE_LU,actual_offshore_wind_generation,Wind Offshore,2026-07-08T18:59:57Z
2026-07-08T18:58:29Z,2026-07-08T20:58:29+0200,e401fd36-f4a8-45e5-ad91-bdd87731a7ba,2026-06-15T23:45:00Z,2026-06-16T01:45:00+0200,2570.134,MW,DE,DE_LU,actual_offshore_wind_generation,Wind Offshore,2026-07-08T18:59:57Z
2026-07-08T18:58:29Z,2026-07-08T20:58:29+0200,e401fd36-f4a8-45e5-ad91-bdd87731a7ba,2026-06-16T00:00:00Z,2026-06-16T02:00:00+0200,2499.431,MW,DE,DE_LU,actual_offshore_wind_generation,Wind Offshore,2026-07-08T18:59:57Z
2026-07-08T18:58:29Z,2026-07-08T20:58:29+0200,e401fd36-f4a8-45e5-ad91-bdd87731a7ba,2026-06-16T00:15:00Z,2026-06-16T02:15:00+0200,2449.839,MW,DE,DE_LU,actual_offshore_wind_generation,Wind Offshore,2026-07-08T18:59:57Z
2026-07-08T18:58:29Z,2026-07-08T20:58:29+0200,e401fd36-f4a8-45e5-ad91-bdd87731a7ba,2026-06-16T00:30:00Z,2026-06-16T02:30:00+0200,2362.671,MW,DE,DE_LU,actual_offshore_wind_generation,Wind Offshore,2026-07-08T18:59:57Z
2026-07-08T18:58:29Z,2026-07-08T20:58:29+0200,e401fd36-f4a8-45e5-ad91-bdd87731a7ba,2026-06-16T00:45:00Z,2026-06-16T02:45:00+0200,2301.913,MW,DE,DE_LU,actual_offshore_wind_generation,Wind Offshore,2026-07-08T18:59:57Z
2026-07-08T18:58:29Z,2026-07-08T20:58:29+0200,e401fd36-f4a8-45e5-ad91-bdd87731a7ba,2026-06-16T01:00:00Z,2026-06-16T03:00:00+0200,2267.009,MW,DE,DE_LU,actual_offshore_wind_generation,Wind Offshore,2026-07-08T18:59:57Z
2026-07-08T18:58:29Z,2026-07-08T20:58:29+0200,e401fd36-f4a8-45e5-ad91-bdd87731a7ba,2026-06-16T01:15:00Z,2026-06-16T03:15:00+0200,2207.561,MW,DE,DE_LU,actual_offshore_wind_generation,Wind Offshore,2026-07-08T18:59:57Z
2026-07-08T18:58:29Z,2026-07-08T20:58:29+0200,e401fd36-f4a8-45e5-ad91-bdd87731a7ba,2026-06-16T01:30:00Z,2026-06-16T03:30:00+0200,2138.436,MW,DE,DE_LU,actual_offshore_wind_generation,Wind Offshore,2026-07-08T18:59:57Z
2026-07-08T18:58:29Z,2026-07-08T20:58:29+0200,e401fd36-f4a8-45e5-ad91-bdd87731a7ba,2026-06-16T01:45:00Z,2026-06-16T03:45:00+0200,2077.33,MW,DE,DE_LU,actual_offshore_wind_generation,Wind Offshore,2026-07-08T18:59:57Z
2026-07-08T18:58:29Z,2026-07-08T20:58:29+0200,e401fd36-f4a8-45e5-ad91-bdd87731a7ba,2026-06-16T02:00:00Z,2026-06-16T04:00:00+0200,2081.403,MW,DE,DE_LU,actual_offshore_wind_generation,Wind Offshore,2026-07-08T18:59:57Z
2026-07-08T18:58:29Z,2026-07-08T20:58:29+0200,e401fd36-f4a8-45e5-ad91-bdd87731a7ba,2026-06-16T02:15:00Z,2026-06-16T04:15:00+0200,1981.433,MW,DE,DE_LU,actual_offshore_wind_generation,Wind Offshore,2026-07-08T18:59:57Z
2026-07-08T18:58:29Z,2026-07-08T20:58:29+0200,e401fd36-f4a8-45e5-ad91-bdd87731a7ba,2026-06-16T02:30:00Z,2026-06-16T04:30:00+0200,1882.056,MW,DE,DE_LU,actual_offshore_wind_generation,Wind Offshore,2026-07-08T18:59:57Z
2026-07-08T18:58:29Z,2026-07-08T20:58:29+0200,e401fd36-f4a8-45e5-ad91-bdd87731a7ba,2026-06-16T02:45:00Z,2026-06-16T04:45:00+0200,1698.158,MW,DE,DE_LU,actual_offshore_wind_generation,Wind Offshore,2026-07-08T18:59:57Z
2026-07-08T18:58:29Z,2026-07-08T20:58:29+0200,e401fd36-f4a8-45e5-ad91-bdd87731a7ba,2026-06-16T03:00:00Z,2026-06-16T05:00:00+0200,1574.216,MW,DE,DE_LU,actual_offshore_wind_generation,Wind Offshore,2026-07-08T18:59:57Z
2026-07-08T18:58:29Z,2026-07-08T20:58:29+0200,e401fd36-f4a8-45e5-ad91-bdd87731a7ba,2026-06-16T03:15:00Z,2026-06-16T05:15:00+0200,1485.642,MW,DE,DE_LU,actual_offshore_wind_generation,Wind Offshore,2026-07-08T18:59:57Z
2026-07-08T18:58:29Z,2026-07-08T20:58:29+0200,e401fd36-f4a8-45e5-ad91-bdd87731a7ba,2026-06-16T03:30:00Z,2026-06-16T05:30:00+0200,1402.251,MW,DE,DE_LU,actual_offshore_wind_generation,Wind Offshore,2026-07-08T18:59:57Z
2026-07-08T18:58:29Z,2026-07-08T20:58:29+0200,e401fd36-f4a8-45e5-ad91-bdd87731a7ba,2026-06-16T03:45:00Z,2026-06-16T05:45:00+0200,1301.129,MW,DE,DE_LU,actual_offshore_wind_generation,Wind Offshore,2026-07-08T18:59:57Z
2026-07-08T18:58:29Z,2026-07-08T20:58:29+0200,e401fd36-f4a8-45e5-ad91-bdd87731a7ba,2026-06-16T04:00:00Z,2026-06-16T06:00:00+0200,1162.331,MW,DE,DE_LU,actual_offshore_wind_generation,Wind Offshore,2026-07-08T18:59:57Z
2026-07-08T18:58:29Z,2026-07-08T20:58:29+0200,e401fd36-f4a8-45e5-ad91-bdd87731a7ba,2026-06-16T04:15:00Z,2026-06-16T06:15:00+0200,1044.091,MW,DE,DE_LU,actual_offshore_wind_generation,Wind Offshore,2026-07-08T18:59:57Z
2026-07-08T18:58:29Z,2026-07-08T20:58:29+0200,e401fd36-f4a8-45e5-ad91-bdd87731a7ba,2026-06-16T04:30:00Z,2026-06-16T06:30:00+0200,965.339,MW,DE,DE_LU,actual_offshore_wind_generation,Wind Offshore,2026-07-08T18:59:57Z
2026-07-08T18:58:29Z,2026-07-08T20:58:29+0200,e401fd36-f4a8-45e5-ad91-bdd87731a7ba,2026-06-16T04:45:00Z,2026-06-16T06:45:00+0200,912.066,MW,DE,DE_LU,actual_offshore_wind_generation,Wind Offshore,2026-07-08T18:59:57Z
2026-07-08T18:58:29Z,2026-07-08T20:58:29+0200,e401fd36-f4a8-45e5-ad91-bdd87731a7ba,2026-06-16T05:00:00Z,2026-06-16T07:00:00+0200,884.449,MW,DE,DE_LU,actual_offshore_wind_generation,Wind Offshore,2026-07-08T18:59:57Z
2026-07-08T18:58:29Z,2026-07-08T20:58:29+0200,e401fd36-f4a8-45e5-ad91-bdd87731a7ba,2026-06-16T05:15:00Z,2026-06-16T07:15:00+0200,861.538,MW,DE,DE_LU,actual_offshore_wind_generation,Wind Offshore,2026-07-08T18:59:57Z
2026-07-08T18:58:29Z,2026-07-08T20:58:29+0200,e401fd36-f4a8-45e5-ad91-bdd87731a7ba,2026-06-16T05:30:00Z,2026-06-16T07:30:00+0200,701.005,MW,DE,DE_LU,actual_offshore_wind_generation,Wind Offshore,2026-07-08T18:59:57Z
2026-07-08T18:58:29Z,2026-07-08T20:58:29+0200,e401fd36-f4a8-45e5-ad91-bdd87731a7ba,2026-06-16T05:45:00Z,2026-06-16T07:45:00+0200,599.17,MW,DE,DE_LU,actual_offshore_wind_generation,Wind Offshore,2026-07-08T18:59:57Z
2026-07-08T18:58:29Z,2026-07-08T20:58:29+0200,e401fd36-f4a8-45e5-ad91-bdd87731a7ba,2026-06-16T06:00:00Z,2026-06-16T08:00:00+0200,644.643,MW,DE,DE_LU,actual_offshore_wind_generation,Wind Offshore,2026-07-08T18:59:57Z
2026-07-08T18:58:29Z,2026-07-08T20:58:29+0200,e401fd36-f4a8-45e5-ad91-bdd87731a7ba,2026-06-16T06:15:00Z,2026-06-16T08:15:00+0200,737.366,MW,DE,DE_LU,actual_offshore_wind_generation,Wind Offshore,2026-07-08T18:59:57Z
2026-07-08T18:58:29Z,2026-07-08T20:58:29+0200,e401fd36-f4a8-45e5-ad91-bdd87731a7ba,2026-06-16T06:30:00Z,2026-06-16T08:30:00+0200,682.522,MW,DE,DE_LU,actual_offshore_wind_generation,Wind Offshore,2026-07-08T18:59:57Z
2026-07-08T18:58:29Z,2026-07-08T20:58:29+0200,e401fd36-f4a8-45e5-ad91-bdd87731a7ba,2026-06-16T06:45:00Z,2026-06-16T08:45:00+0200,650.418,MW,DE,DE_LU,actual_offshore_wind_generation,Wind Offshore,2026-07-08T18:59:57Z
2026-07-08T18:58:29Z,2026-07-08T20:58:29+0200,e401fd36-f4a8-45e5-ad91-bdd87731a7ba,2026-06-16T07:00:00Z,2026-06-16T09:00:00+0200,398.43,MW,DE,DE_LU,actual_offshore_wind_generation,Wind Offshore,2026-07-08T18:59:57Z
2026-07-08T18:58:29Z,2026-07-08T20:58:29+0200,e401fd36-f4a8-45e5-ad91-bdd87731a7ba,2026-06-16T07:15:00Z,2026-06-16T09:15:00+0200,290.555,MW,DE,DE_LU,actual_offshore_wind_generation,Wind Offshore,2026-07-08T18:59:57Z
2026-07-08T18:58:29Z,2026-07-08T20:58:29+0200,e401fd36-f4a8-45e5-ad91-bdd87731a7ba,2026-06-16T07:30:00Z,2026-06-16T09:30:00+0200,256.136,MW,DE,DE_LU,actual_offshore_wind_generation,Wind Offshore,2026-07-08T18:59:57Z
2026-07-08T18:58:29Z,2026-07-08T20:58:29+0200,e401fd36-f4a8-45e5-ad91-bdd87731a7ba,2026-06-16T07:45:00Z,2026-06-16T09:45:00+0200,238.17,MW,DE,DE_LU,actual_offshore_wind_generation,Wind Offshore,2026-07-08T18:59:57Z
2026-07-08T18:58:29Z,2026-07-08T20:58:29+0200,e401fd36-f4a8-45e5-ad91-bdd87731a7ba,2026-06-16T08:00:00Z,2026-06-16T10:00:00+0200,244.007,MW,DE,DE_LU,actual_offshore_wind_generation,Wind Offshore,2026-07-08T18:59:57Z
2026-07-08T18:58:29Z,2026-07-08T20:58:29+0200,e401fd36-f4a8-45e5-ad91-bdd87731a7ba,2026-06-16T08:15:00Z,2026-06-16T10:15:00+0200,237.527,MW,DE,DE_LU,actual_offshore_wind_generation,Wind Offshore,2026-07-08T18:59:57Z
2026-07-08T18:58:29Z,2026-07-08T20:58:29+0200,e401fd36-f4a8-45e5-ad91-bdd87731a7ba,2026-06-16T08:30:00Z,2026-06-16T10:30:00+0200,220.701,MW,DE,DE_LU,actual_offshore_wind_generation,Wind Offshore,2026-07-08T18:59:57Z
2026-07-08T18:58:29Z,2026-07-08T20:58:29+0200,e401fd36-f4a8-45e5-ad91-bdd87731a7ba,2026-06-16T08:45:00Z,2026-06-16T10:45:00+0200,217.476,MW,DE,DE_LU,actual_offshore_wind_generation,Wind Offshore,2026-07-08T18:59:57Z
2026-07-08T18:58:29Z,2026-07-08T20:58:29+0200,e401fd36-f4a8-45e5-ad91-bdd87731a7ba,2026-06-16T09:00:00Z,2026-06-16T11:00:00+0200,202.689,MW,DE,DE_LU,actual_offshore_wind_generation,Wind Offshore,2026-07-08T18:59:57Z
2026-07-08T18:58:29Z,2026-07-08T20:58:29+0200,e401fd36-f4a8-45e5-ad91-bdd87731a7ba,2026-06-16T09:15:00Z,2026-06-16T11:15:00+0200,204.301,MW,DE,DE_LU,actual_offshore_wind_generation,Wind Offshore,2026-07-08T18:59:57Z
2026-07-08T18:58:29Z,2026-07-08T20:58:29+0200,e401fd36-f4a8-45e5-ad91-bdd87731a7ba,2026-06-16T09:30:00Z,2026-06-16T11:30:00+0200,187.875,MW,DE,DE_LU,actual_offshore_wind_generation,Wind Offshore,2026-07-08T18:59:57Z
2026-07-08T18:58:29Z,2026-07-08T20:58:29+0200,e401fd36-f4a8-45e5-ad91-bdd87731a7ba,2026-06-16T09:45:00Z,2026-06-16T11:45:00+0200,170.804,MW,DE,DE_LU,actual_offshore_wind_generation,Wind Offshore,2026-07-08T18:59:57Z
2026-07-08T18:58:29Z,2026-07-08T20:58:29+0200,e401fd36-f4a8-45e5-ad91-bdd87731a7ba,2026-06-16T10:00:00Z,2026-06-16T12:00:00+0200,164.065,MW,DE,DE_LU,actual_offshore_wind_generation,Wind Offshore,2026-07-08T18:59:57Z
2026-07-08T18:58:29Z,2026-07-08T20:58:29+0200,e401fd36-f4a8-45e5-ad91-bdd87731a7ba,2026-06-16T10:15:00Z,2026-06-16T12:15:00+0200,183.528,MW,DE,DE_LU,actual_offshore_wind_generation,Wind Offshore,2026-07-08T18:59:57Z
2026-07-08T18:58:29Z,2026-07-08T20:58:29+0200,e401fd36-f4a8-45e5-ad91-bdd87731a7ba,2026-06-16T10:30:00Z,2026-06-16T12:30:00+0200,230.946,MW,DE,DE_LU,actual_offshore_wind_generation,Wind Offshore,2026-07-08T18:59:57Z
2026-07-08T18:58:29Z,2026-07-08T20:58:29+0200,e401fd36-f4a8-45e5-ad91-bdd87731a7ba,2026-06-16T10:45:00Z,2026-06-16T12:45:00+0200,237.054,MW,DE,DE_LU,actual_offshore_wind_generation,Wind Offshore,2026-07-08T18:59:57Z
2026-07-08T18:58:29Z,2026-07-08T20:58:29+0200,e401fd36-f4a8-45e5-ad91-bdd87731a7ba,2026-06-16T11:00:00Z,2026-06-16T13:00:00+0200,222.993,MW,DE,DE_LU,actual_offshore_wind_generation,Wind Offshore,2026-07-08T18:59:57Z
2026-07-08T18:58:29Z,2026-07-08T20:58:29+0200,e401fd36-f4a8-45e5-ad91-bdd87731a7ba,2026-06-16T11:15:00Z,2026-06-16T13:15:00+0200,223.932,MW,DE,DE_LU,actual_offshore_wind_generation,Wind Offshore,2026-07-08T18:59:57Z
2026-07-08T18:58:29Z,2026-07-08T20:58:29+0200,e401fd36-f4a8-45e5-ad91-bdd87731a7ba,2026-06-16T11:30:00Z,2026-06-16T13:30:00+0200,233.453,MW,DE,DE_LU,actual_offshore_wind_generation,Wind Offshore,2026-07-08T18:59:57Z
2026-07-08T18:58:29Z,2026-07-08T20:58:29+0200,e401fd36-f4a8-45e5-ad91-bdd87731a7ba,2026-06-16T11:45:00Z,2026-06-16T13:45:00+0200,237.799,MW,DE,DE_LU,actual_offshore_wind_generation,Wind Offshore,2026-07-08T18:59:57Z
2026-07-08T18:58:29Z,2026-07-08T20:58:29+0200,e401fd36-f4a8-45e5-ad91-bdd87731a7ba,2026-06-16T12:00:00Z,2026-06-16T14:00:00+0200,194.85,MW,DE,DE_LU,actual_offshore_wind_generation,Wind Offshore,2026-07-08T18:59:57Z
2026-07-08T18:58:29Z,2026-07-08T20:58:29+0200,e401fd36-f4a8-45e5-ad91-bdd87731a7ba,2026-06-16T12:15:00Z,2026-06-16T14:15:00+0200,179.84,MW,DE,DE_LU,actual_offshore_wind_generation,Wind Offshore,2026-07-08T18:59:57Z
2026-07-08T18:58:29Z,2026-07-08T20:58:29+0200,e401fd36-f4a8-45e5-ad91-bdd87731a7ba,2026-06-16T12:30:00Z,2026-06-16T14:30:00+0200,191.356,MW,DE,DE_LU,actual_offshore_wind_generation,Wind Offshore,2026-07-08T18:59:57Z
2026-07-08T18:58:29Z,2026-07-08T20:58:29+0200,e401fd36-f4a8-45e5-ad91-bdd87731a7ba,2026-06-16T12:45:00Z,2026-06-16T14:45:00+0200,168.215,MW,DE,DE_LU,actual_offshore_wind_generation,Wind Offshore,2026-07-08T18:59:57Z
2026-07-08T18:58:29Z,2026-07-08T20:58:29+0200,e401fd36-f4a8-45e5-ad91-bdd87731a7ba,2026-06-16T13:00:00Z,2026-06-16T15:00:00+0200,354.679,MW,DE,DE_LU,actual_offshore_wind_generation,Wind Offshore,2026-07-08T18:59:57Z
2026-07-08T18:58:29Z,2026-07-08T20:58:29+0200,e401fd36-f4a8-45e5-ad91-bdd87731a7ba,2026-06-16T13:15:00Z,2026-06-16T15:15:00+0200,379.392,MW,DE,DE_LU,actual_offshore_wind_generation,Wind Offshore,2026-07-08T18:59:57Z
2026-07-08T18:58:29Z,2026-07-08T20:58:29+0200,e401fd36-f4a8-45e5-ad91-bdd87731a7ba,2026-06-16T13:30:00Z,2026-06-16T15:30:00+0200,354.64,MW,DE,DE_LU,actual_offshore_wind_generation,Wind Offshore,2026-07-08T18:59:57Z
2026-07-08T18:58:29Z,2026-07-08T20:58:29+0200,e401fd36-f4a8-45e5-ad91-bdd87731a7ba,2026-06-16T13:45:00Z,2026-06-16T15:45:00+0200,382.818,MW,DE,DE_LU,actual_offshore_wind_generation,Wind Offshore,2026-07-08T18:59:57Z
2026-07-08T18:58:29Z,2026-07-08T20:58:29+0200,e401fd36-f4a8-45e5-ad91-bdd87731a7ba,2026-06-16T14:00:00Z,2026-06-16T16:00:00+0200,418.272,MW,DE,DE_LU,actual_offshore_wind_generation,Wind Offshore,2026-07-08T18:59:57Z
2026-07-08T18:58:29Z,2026-07-08T20:58:29+0200,e401fd36-f4a8-45e5-ad91-bdd87731a7ba,2026-06-16T14:15:00Z,2026-06-16T16:15:00+0200,509.552,MW,DE,DE_LU,actual_offshore_wind_generation,Wind Offshore,2026-07-08T18:59:57Z
2026-07-08T18:58:29Z,2026-07-08T20:58:29+0200,e401fd36-f4a8-45e5-ad91-bdd87731a7ba,2026-06-16T14:30:00Z,2026-06-16T16:30:00+0200,526.593,MW,DE,DE_LU,actual_offshore_wind_generation,Wind Offshore,2026-07-08T18:59:57Z
2026-07-08T18:58:29Z,2026-07-08T20:58:29+0200,e401fd36-f4a8-45e5-ad91-bdd87731a7ba,2026-06-16T14:45:00Z,2026-06-16T16:45:00+0200,497.415,MW,DE,DE_LU,actual_offshore_wind_generation,Wind Offshore,2026-07-08T18:59:57Z
2026-07-08T18:58:29Z,2026-07-08T20:58:29+0200,e401fd36-f4a8-45e5-ad91-bdd87731a7ba,2026-06-16T15:00:00Z,2026-06-16T17:00:00+0200,298.479,MW,DE,DE_LU,actual_offshore_wind_generation,Wind Offshore,2026-07-08T18:59:57Z
2026-07-08T18:58:29Z,2026-07-08T20:58:29+0200,e401fd36-f4a8-45e5-ad91-bdd87731a7ba,2026-06-16T15:15:00Z,2026-06-16T17:15:00+0200,438.418,MW,DE,DE_LU,actual_offshore_wind_generation,Wind Offshore,2026-07-08T18:59:57Z
2026-07-08T18:58:29Z,2026-07-08T20:58:29+0200,e401fd36-f4a8-45e5-ad91-bdd87731a7ba,2026-06-16T15:30:00Z,2026-06-16T17:30:00+0200,618.088,MW,DE,DE_LU,actual_offshore_wind_generation,Wind Offshore,2026-07-08T18:59:57Z
2026-07-08T18:58:29Z,2026-07-08T20:58:29+0200,e401fd36-f4a8-45e5-ad91-bdd87731a7ba,2026-06-16T15:45:00Z,2026-06-16T17:45:00+0200,572.397,MW,DE,DE_LU,actual_offshore_wind_generation,Wind Offshore,2026-07-08T18:59:57Z
2026-07-08T18:58:29Z,2026-07-08T20:58:29+0200,e401fd36-f4a8-45e5-ad91-bdd87731a7ba,2026-06-16T16:00:00Z,2026-06-16T18:00:00+0200,555.137,MW,DE,DE_LU,actual_offshore_wind_generation,Wind Offshore,2026-07-08T18:59:57Z
2026-07-08T18:58:29Z,2026-07-08T20:58:29+0200,e401fd36-f4a8-45e5-ad91-bdd87731a7ba,2026-06-16T16:15:00Z,2026-06-16T18:15:00+0200,619.411,MW,DE,DE_LU,actual_offshore_wind_generation,Wind Offshore,2026-07-08T18:59:57Z
2026-07-08T18:58:29Z,2026-07-08T20:58:29+0200,e401fd36-f4a8-45e5-ad91-bdd87731a7ba,2026-06-16T16:30:00Z,2026-06-16T18:30:00+0200,569.285,MW,DE,DE_LU,actual_offshore_wind_generation,Wind Offshore,2026-07-08T18:59:57Z
2026-07-08T18:58:29Z,2026-07-08T20:58:29+0200,e401fd36-f4a8-45e5-ad91-bdd87731a7ba,2026-06-16T16:45:00Z,2026-06-16T18:45:00+0200,521.259,MW,DE,DE_LU,actual_offshore_wind_generation,Wind Offshore,2026-07-08T18:59:57Z
2026-07-08T18:58:29Z,2026-07-08T20:58:29+0200,e401fd36-f4a8-45e5-ad91-bdd87731a7ba,2026-06-16T17:00:00Z,2026-06-16T19:00:00+0200,499.745,MW,DE,DE_LU,actual_offshore_wind_generation,Wind Offshore,2026-07-08T18:59:57Z
2026-07-08T18:58:29Z,2026-07-08T20:58:29+0200,e401fd36-f4a8-45e5-ad91-bdd87731a7ba,2026-06-16T17:15:00Z,2026-06-16T19:15:00+0200,490.675,MW,DE,DE_LU,actual_offshore_wind_generation,Wind Offshore,2026-07-08T18:59:57Z
2026-07-08T18:58:29Z,2026-07-08T20:58:29+0200,e401fd36-f4a8-45e5-ad91-bdd87731a7ba,2026-06-16T17:30:00Z,2026-06-16T19:30:00+0200,474.207,MW,DE,DE_LU,actual_offshore_wind_generation,Wind Offshore,2026-07-08T18:59:57Z
2026-07-08T18:58:29Z,2026-07-08T20:58:29+0200,e401fd36-f4a8-45e5-ad91-bdd87731a7ba,2026-06-16T17:45:00Z,2026-06-16T19:45:00+0200,477.902,MW,DE,DE_LU,actual_offshore_wind_generation,Wind Offshore,2026-07-08T18:59:57Z
2026-07-08T18:58:29Z,2026-07-08T20:58:29+0200,e401fd36-f4a8-45e5-ad91-bdd87731a7ba,2026-06-16T18:00:00Z,2026-06-16T20:00:00+0200,476.433,MW,DE,DE_LU,actual_offshore_wind_generation,Wind Offshore,2026-07-08T18:59:57Z
2026-07-08T18:58:29Z,2026-07-08T20:58:29+0200,e401fd36-f4a8-45e5-ad91-bdd87731a7ba,2026-06-16T18:15:00Z,2026-06-16T20:15:00+0200,507.281,MW,DE,DE_LU,actual_offshore_wind_generation,Wind Offshore,2026-07-08T18:59:57Z
2026-07-08T18:58:29Z,2026-07-08T20:58:29+0200,e401fd36-f4a8-45e5-ad91-bdd87731a7ba,2026-06-16T18:30:00Z,2026-06-16T20:30:00+0200,475.236,MW,DE,DE_LU,actual_offshore_wind_generation,Wind Offshore,2026-07-08T18:59:57Z
2026-07-08T18:58:29Z,2026-07-08T20:58:29+0200,e401fd36-f4a8-45e5-ad91-bdd87731a7ba,2026-06-16T18:45:00Z,2026-06-16T20:45:00+0200,463.102,MW,DE,DE_LU,actual_offshore_wind_generation,Wind Offshore,2026-07-08T18:59:57Z
2026-07-08T18:58:29Z,2026-07-08T20:58:29+0200,e401fd36-f4a8-45e5-ad91-bdd87731a7ba,2026-06-16T19:00:00Z,2026-06-16T21:00:00+0200,484.033,MW,DE,DE_LU,actual_offshore_wind_generation,Wind Offshore,2026-07-08T18:59:57Z
2026-07-08T18:58:29Z,2026-07-08T20:58:29+0200,e401fd36-f4a8-45e5-ad91-bdd87731a7ba,2026-06-16T19:15:00Z,2026-06-16T21:15:00+0200,473.628,MW,DE,DE_LU,actual_offshore_wind_generation,Wind Offshore,2026-07-08T18:59:57Z
2026-07-08T18:58:29Z,2026-07-08T20:58:29+0200,e401fd36-f4a8-45e5-ad91-bdd87731a7ba,2026-06-16T19:30:00Z,2026-06-16T21:30:00+0200,458.581,MW,DE,DE_LU,actual_offshore_wind_generation,Wind Offshore,2026-07-08T18:59:57Z
2026-07-08T18:58:29Z,2026-07-08T20:58:29+0200,e401fd36-f4a8-45e5-ad91-bdd87731a7ba,2026-06-16T19:45:00Z,2026-06-16T21:45:00+0200,434.783,MW,DE,DE_LU,actual_offshore_wind_generation,Wind Offshore,2026-07-08T18:59:57Z
2026-07-08T18:58:29Z,2026-07-08T20:58:29+0200,e401fd36-f4a8-45e5-ad91-bdd87731a7ba,2026-06-16T20:00:00Z,2026-06-16T22:00:00+0200,442.519,MW,DE,DE_LU,actual_offshore_wind_generation,Wind Offshore,2026-07-08T18:59:57Z
2026-07-08T18:58:29Z,2026-07-08T20:58:29+0200,e401fd36-f4a8-45e5-ad91-bdd87731a7ba,2026-06-16T20:15:00Z,2026-06-16T22:15:00+0200,474.66,MW,DE,DE_LU,actual_offshore_wind_generation,Wind Offshore,2026-07-08T18:59:57Z
2026-07-08T18:58:29Z,2026-07-08T20:58:29+0200,e401fd36-f4a8-45e5-ad91-bdd87731a7ba,2026-06-16T20:30:00Z,2026-06-16T22:30:00+0200,466.17,MW,DE,DE_LU,actual_offshore_wind_generation,Wind Offshore,2026-07-08T18:59:57Z
2026-07-08T18:58:29Z,2026-07-08T20:58:29+0200,e401fd36-f4a8-45e5-ad91-bdd87731a7ba,2026-06-16T20:45:00Z,2026-06-16T22:45:00+0200,409.227,MW,DE,DE_LU,actual_offshore_wind_generation,Wind Offshore,2026-07-08T18:59:57Z
2026-07-08T18:58:29Z,2026-07-08T20:58:29+0200,e401fd36-f4a8-45e5-ad91-bdd87731a7ba,2026-06-16T21:00:00Z,2026-06-16T23:00:00+0200,391.79,MW,DE,DE_LU,actual_offshore_wind_generation,Wind Offshore,2026-07-08T18:59:57Z
2026-07-08T18:58:29Z,2026-07-08T20:58:29+0200,e401fd36-f4a8-45e5-ad91-bdd87731a7ba,2026-06-16T21:15:00Z,2026-06-16T23:15:00+0200,390.456,MW,DE,DE_LU,actual_offshore_wind_generation,Wind Offshore,2026-07-08T18:59:57Z
2026-07-08T18:58:29Z,2026-07-08T20:58:29+0200,e401fd36-f4a8-45e5-ad91-bdd87731a7ba,2026-06-16T21:30:00Z,2026-06-16T23:30:00+0200,366.203,MW,DE,DE_LU,actual_offshore_wind_generation,Wind Offshore,2026-07-08T18:59:57Z
2026-07-08T18:58:29Z,2026-07-08T20:58:29+0200,e401fd36-f4a8-45e5-ad91-bdd87731a7ba,2026-06-16T21:45:00Z,2026-06-16T23:45:00+0200,348.469,MW,DE,DE_LU,actual_offshore_wind_generation,Wind Offshore,2026-07-08T18:59:57Z
2026-07-08T18:58:29Z,2026-07-08T20:58:29+0200,e401fd36-f4a8-45e5-ad91-bdd87731a7ba,2026-06-16T22:00:00Z,2026-06-17T00:00:00+0200,335.343,MW,DE,DE_LU,actual_offshore_wind_generation,Wind Offshore,2026-07-08T18:59:57Z
2026-07-08T18:58:29Z,2026-07-08T20:58:29+0200,e401fd36-f4a8-45e5-ad91-bdd87731a7ba,2026-06-16T22:15:00Z,2026-06-17T00:15:00+0200,318.576,MW,DE,DE_LU,actual_offshore_wind_generation,Wind Offshore,2026-07-08T18:59:57Z
2026-07-08T18:58:29Z,2026-07-08T20:58:29+0200,e401fd36-f4a8-45e5-ad91-bdd87731a7ba,2026-06-16T22:30:00Z,2026-06-17T00:30:00+0200,298.506,MW,DE,DE_LU,actual_offshore_wind_generation,Wind Offshore,2026-07-08T18:59:57Z
2026-07-08T18:58:29Z,2026-07-08T20:58:29+0200,e401fd36-f4a8-45e5-ad91-bdd87731a7ba,2026-06-16T22:45:00Z,2026-06-17T00:45:00+0200,272.572,MW,DE,DE_LU,actual_offshore_wind_generation,Wind Offshore,2026-07-08T18:59:57Z
2026-07-08T18:58:29Z,2026-07-08T20:58:29+0200,e401fd36-f4a8-45e5-ad91-bdd87731a7ba,2026-06-16T23:00:00Z,2026-06-17T01:00:00+0200,294.195,MW,DE,DE_LU,actual_offshore_wind_generation,Wind Offshore,2026-07-08T18:59:57Z
2026-07-08T18:58:29Z,2026-07-08T20:58:29+0200,e401fd36-f4a8-45e5-ad91-bdd87731a7ba,2026-06-16T23:15:00Z,2026-06-17T01:15:00+0200,279.859,MW,DE,DE_LU,actual_offshore_wind_generation,Wind Offshore,2026-07-08T18:59:57Z
2026-07-08T18:58:29Z,2026-07-08T20:58:29+0200,e401fd36-f4a8-45e5-ad91-bdd87731a7ba,2026-06-16T23:30:00Z,2026-06-17T01:30:00+0200,273.086,MW,DE,DE_LU,actual_offshore_wind_generation,Wind Offshore,2026-07-08T18:59:57Z
2026-07-08T18:58:29Z,2026-07-08T20:58:29+0200,e401fd36-f4a8-45e5-ad91-bdd87731a7ba,2026-06-16T23:45:00Z,2026-06-17T01:45:00+0200,294.032,MW,DE,DE_LU,actual_offshore_wind_generation,Wind Offshore,2026-07-08T18:59:57Z
2026-07-08T18:58:29Z,2026-07-08T20:58:29+0200,e401fd36-f4a8-45e5-ad91-bdd87731a7ba,2026-06-17T00:00:00Z,2026-06-17T02:00:00+0200,307.882,MW,DE,DE_LU,actual_offshore_wind_generation,Wind Offshore,2026-07-08T18:59:57Z
2026-07-08T18:58:29Z,2026-07-08T20:58:29+0200,e401fd36-f4a8-45e5-ad91-bdd87731a7ba,2026-06-17T00:15:00Z,2026-06-17T02:15:00+0200,300.745,MW,DE,DE_LU,actual_offshore_wind_generation,Wind Offshore,2026-07-08T18:59:57Z
2026-07-08T18:58:29Z,2026-07-08T20:58:29+0200,e401fd36-f4a8-45e5-ad91-bdd87731a7ba,2026-06-17T00:30:00Z,2026-06-17T02:30:00+0200,302.457,MW,DE,DE_LU,actual_offshore_wind_generation,Wind Offshore,2026-07-08T18:59:57Z
2026-07-08T18:58:29Z,2026-07-08T20:58:29+0200,e401fd36-f4a8-45e5-ad91-bdd87731a7ba,2026-06-17T00:45:00Z,2026-06-17T02:45:00+0200,320.232,MW,DE,DE_LU,actual_offshore_wind_generation,Wind Offshore,2026-07-08T18:59:57Z
2026-07-08T18:58:29Z,2026-07-08T20:58:29+0200,e401fd36-f4a8-45e5-ad91-bdd87731a7ba,2026-06-17T01:00:00Z,2026-06-17T03:00:00+0200,352.968,MW,DE,DE_LU,actual_offshore_wind_generation,Wind Offshore,2026-07-08T18:59:57Z
2026-07-08T18:58:29Z,2026-07-08T20:58:29+0200,e401fd36-f4a8-45e5-ad91-bdd87731a7ba,2026-06-17T01:15:00Z,2026-06-17T03:15:00+0200,401.113,MW,DE,DE_LU,actual_offshore_wind_generation,Wind Offshore,2026-07-08T18:59:57Z
2026-07-08T18:58:29Z,2026-07-08T20:58:29+0200,e401fd36-f4a8-45e5-ad91-bdd87731a7ba,2026-06-17T01:30:00Z,2026-06-17T03:30:00+0200,435.39,MW,DE,DE_LU,actual_offshore_wind_generation,Wind Offshore,2026-07-08T18:59:57Z
2026-07-08T18:58:29Z,2026-07-08T20:58:29+0200,e401fd36-f4a8-45e5-ad91-bdd87731a7ba,2026-06-17T01:45:00Z,2026-06-17T03:45:00+0200,490.475,MW,DE,DE_LU,actual_offshore_wind_generation,Wind Offshore,2026-07-08T18:59:57Z
2026-07-08T18:58:29Z,2026-07-08T20:58:29+0200,e401fd36-f4a8-45e5-ad91-bdd87731a7ba,2026-06-17T02:00:00Z,2026-06-17T04:00:00+0200,532.853,MW,DE,DE_LU,actual_offshore_wind_generation,Wind Offshore,2026-07-08T18:59:57Z
2026-07-08T18:58:29Z,2026-07-08T20:58:29+0200,e401fd36-f4a8-45e5-ad91-bdd87731a7ba,2026-06-17T02:15:00Z,2026-06-17T04:15:00+0200,526.501,MW,DE,DE_LU,actual_offshore_wind_generation,Wind Offshore,2026-07-08T18:59:57Z
2026-07-08T18:58:29Z,2026-07-08T20:58:29+0200,e401fd36-f4a8-45e5-ad91-bdd87731a7ba,2026-06-17T02:30:00Z,2026-06-17T04:30:00+0200,533.829,MW,DE,DE_LU,actual_offshore_wind_generation,Wind Offshore,2026-07-08T18:59:57Z
2026-07-08T18:58:29Z,2026-07-08T20:58:29+0200,e401fd36-f4a8-45e5-ad91-bdd87731a7ba,2026-06-17T02:45:00Z,2026-06-17T04:45:00+0200,554.796,MW,DE,DE_LU,actual_offshore_wind_generation,Wind Offshore,2026-07-08T18:59:57Z
2026-07-08T18:58:29Z,2026-07-08T20:58:29+0200,e401fd36-f4a8-45e5-ad91-bdd87731a7ba,2026-06-17T03:00:00Z,2026-06-17T05:00:00+0200,573.276,MW,DE,DE_LU,actual_offshore_wind_generation,Wind Offshore,2026-07-08T18:59:57Z
2026-07-08T18:58:29Z,2026-07-08T20:58:29+0200,e401fd36-f4a8-45e5-ad91-bdd87731a7ba,2026-06-17T03:15:00Z,2026-06-17T05:15:00+0200,613.916,MW,DE,DE_LU,actual_offshore_wind_generation,Wind Offshore,2026-07-08T18:59:57Z
2026-07-08T18:58:29Z,2026-07-08T20:58:29+0200,e401fd36-f4a8-45e5-ad91-bdd87731a7ba,2026-06-17T03:30:00Z,2026-06-17T05:30:00+0200,706.219,MW,DE,DE_LU,actual_offshore_wind_generation,Wind Offshore,2026-07-08T18:59:57Z
2026-07-08T18:58:29Z,2026-07-08T20:58:29+0200,e401fd36-f4a8-45e5-ad91-bdd87731a7ba,2026-06-17T03:45:00Z,2026-06-17T05:45:00+0200,810.555,MW,DE,DE_LU,actual_offshore_wind_generation,Wind Offshore,2026-07-08T18:59:57Z
2026-07-08T18:58:29Z,2026-07-08T20:58:29+0200,e401fd36-f4a8-45e5-ad91-bdd87731a7ba,2026-06-17T04:00:00Z,2026-06-17T06:00:00+0200,874.683,MW,DE,DE_LU,actual_offshore_wind_generation,Wind Offshore,2026-07-08T18:59:57Z
2026-07-08T18:58:29Z,2026-07-08T20:58:29+0200,e401fd36-f4a8-45e5-ad91-bdd87731a7ba,2026-06-17T04:15:00Z,2026-06-17T06:15:00+0200,889.505,MW,DE,DE_LU,actual_offshore_wind_generation,Wind Offshore,2026-07-08T18:59:57Z
2026-07-08T18:58:29Z,2026-07-08T20:58:29+0200,e401fd36-f4a8-45e5-ad91-bdd87731a7ba,2026-06-17T04:30:00Z,2026-06-17T06:30:00+0200,945.307,MW,DE,DE_LU,actual_offshore_wind_generation,Wind Offshore,2026-07-08T18:59:57Z
2026-07-08T18:58:29Z,2026-07-08T20:58:29+0200,e401fd36-f4a8-45e5-ad91-bdd87731a7ba,2026-06-17T04:45:00Z,2026-06-17T06:45:00+0200,1003.359,MW,DE,DE_LU,actual_offshore_wind_generation,Wind Offshore,2026-07-08T18:59:57Z
2026-07-08T18:58:29Z,2026-07-08T20:58:29+0200,e401fd36-f4a8-45e5-ad91-bdd87731a7ba,2026-06-17T05:00:00Z,2026-06-17T07:00:00+0200,1049.554,MW,DE,DE_LU,actual_offshore_wind_generation,Wind Offshore,2026-07-08T18:59:57Z
2026-07-08T18:58:29Z,2026-07-08T20:58:29+0200,e401fd36-f4a8-45e5-ad91-bdd87731a7ba,2026-06-17T05:15:00Z,2026-06-17T07:15:00+0200,1151.847,MW,DE,DE_LU,actual_offshore_wind_generation,Wind Offshore,2026-07-08T18:59:57Z
2026-07-08T18:58:29Z,2026-07-08T20:58:29+0200,e401fd36-f4a8-45e5-ad91-bdd87731a7ba,2026-06-17T05:30:00Z,2026-06-17T07:30:00+0200,1270.634,MW,DE,DE_LU,actual_offshore_wind_generation,Wind Offshore,2026-07-08T18:59:57Z
2026-07-08T18:58:29Z,2026-07-08T20:58:29+0200,e401fd36-f4a8-45e5-ad91-bdd87731a7ba,2026-06-17T05:45:00Z,2026-06-17T07:45:00+0200,1347.183,MW,DE,DE_LU,actual_offshore_wind_generation,Wind Offshore,2026-07-08T18:59:57Z
2026-07-08T18:58:29Z,2026-07-08T20:58:29+0200,e401fd36-f4a8-45e5-ad91-bdd87731a7ba,2026-06-17T06:00:00Z,2026-06-17T08:00:00+0200,1364.422,MW,DE,DE_LU,actual_offshore_wind_generation,Wind Offshore,2026-07-08T18:59:57Z
2026-07-08T18:58:29Z,2026-07-08T20:58:29+0200,e401fd36-f4a8-45e5-ad91-bdd87731a7ba,2026-06-17T06:15:00Z,2026-06-17T08:15:00+0200,1448.916,MW,DE,DE_LU,actual_offshore_wind_generation,Wind Offshore,2026-07-08T18:59:57Z
2026-07-08T18:58:29Z,2026-07-08T20:58:29+0200,e401fd36-f4a8-45e5-ad91-bdd87731a7ba,2026-06-17T06:30:00Z,2026-06-17T08:30:00+0200,1474.358,MW,DE,DE_LU,actual_offshore_wind_generation,Wind Offshore,2026-07-08T18:59:57Z
2026-07-08T18:58:29Z,2026-07-08T20:58:29+0200,e401fd36-f4a8-45e5-ad91-bdd87731a7ba,2026-06-17T06:45:00Z,2026-06-17T08:45:00+0200,1466.705,MW,DE,DE_LU,actual_offshore_wind_generation,Wind Offshore,2026-07-08T18:59:57Z
2026-07-08T18:58:29Z,2026-07-08T20:58:29+0200,e401fd36-f4a8-45e5-ad91-bdd87731a7ba,2026-06-17T07:00:00Z,2026-06-17T09:00:00+0200,1522.059,MW,DE,DE_LU,actual_offshore_wind_generation,Wind Offshore,2026-07-08T18:59:57Z
2026-07-08T18:58:29Z,2026-07-08T20:58:29+0200,e401fd36-f4a8-45e5-ad91-bdd87731a7ba,2026-06-17T07:15:00Z,2026-06-17T09:15:00+0200,1583.792,MW,DE,DE_LU,actual_offshore_wind_generation,Wind Offshore,2026-07-08T18:59:57Z
2026-07-08T18:58:29Z,2026-07-08T20:58:29+0200,e401fd36-f4a8-45e5-ad91-bdd87731a7ba,2026-06-17T07:30:00Z,2026-06-17T09:30:00+0200,1519.196,MW,DE,DE_LU,actual_offshore_wind_generation,Wind Offshore,2026-07-08T18:59:57Z
2026-07-08T18:58:29Z,2026-07-08T20:58:29+0200,e401fd36-f4a8-45e5-ad91-bdd87731a7ba,2026-06-17T07:45:00Z,2026-06-17T09:45:00+0200,1555.906,MW,DE,DE_LU,actual_offshore_wind_generation,Wind Offshore,2026-07-08T18:59:57Z
2026-07-08T18:58:29Z,2026-07-08T20:58:29+0200,e401fd36-f4a8-45e5-ad91-bdd87731a7ba,2026-06-17T08:00:00Z,2026-06-17T10:00:00+0200,1509.767,MW,DE,DE_LU,actual_offshore_wind_generation,Wind Offshore,2026-07-08T18:59:57Z
2026-07-08T18:58:29Z,2026-07-08T20:58:29+0200,e401fd36-f4a8-45e5-ad91-bdd87731a7ba,2026-06-17T08:15:00Z,2026-06-17T10:15:00+0200,1538.305,MW,DE,DE_LU,actual_offshore_wind_generation,Wind Offshore,2026-07-08T18:59:57Z
2026-07-08T18:58:29Z,2026-07-08T20:58:29+0200,e401fd36-f4a8-45e5-ad91-bdd87731a7ba,2026-06-17T08:30:00Z,2026-06-17T10:30:00+0200,1650.919,MW,DE,DE_LU,actual_offshore_wind_generation,Wind Offshore,2026-07-08T18:59:57Z
2026-07-08T18:58:29Z,2026-07-08T20:58:29+0200,e401fd36-f4a8-45e5-ad91-bdd87731a7ba,2026-06-17T08:45:00Z,2026-06-17T10:45:00+0200,1688.193,MW,DE,DE_LU,actual_offshore_wind_generation,Wind Offshore,2026-07-08T18:59:57Z
2026-07-08T18:58:29Z,2026-07-08T20:58:29+0200,e401fd36-f4a8-45e5-ad91-bdd87731a7ba,2026-06-17T09:00:00Z,2026-06-17T11:00:00+0200,1694.196,MW,DE,DE_LU,actual_offshore_wind_generation,Wind Offshore,2026-07-08T18:59:57Z
2026-07-08T18:58:29Z,2026-07-08T20:58:29+0200,e401fd36-f4a8-45e5-ad91-bdd87731a7ba,2026-06-17T09:15:00Z,2026-06-17T11:15:00+0200,1699.618,MW,DE,DE_LU,actual_offshore_wind_generation,Wind Offshore,2026-07-08T18:59:57Z
2026-07-08T18:58:29Z,2026-07-08T20:58:29+0200,e401fd36-f4a8-45e5-ad91-bdd87731a7ba,2026-06-17T09:30:00Z,2026-06-17T11:30:00+0200,1797.335,MW,DE,DE_LU,actual_offshore_wind_generation,Wind Offshore,2026-07-08T18:59:57Z
2026-07-08T18:58:29Z,2026-07-08T20:58:29+0200,e401fd36-f4a8-45e5-ad91-bdd87731a7ba,2026-06-17T09:45:00Z,2026-06-17T11:45:00+0200,1956.055,MW,DE,DE_LU,actual_offshore_wind_generation,Wind Offshore,2026-07-08T18:59:57Z
2026-07-08T18:58:29Z,2026-07-08T20:58:29+0200,e401fd36-f4a8-45e5-ad91-bdd87731a7ba,2026-06-17T10:00:00Z,2026-06-17T12:00:00+0200,2098.615,MW,DE,DE_LU,actual_offshore_wind_generation,Wind Offshore,2026-07-08T18:59:57Z
2026-07-08T18:58:29Z,2026-07-08T20:58:29+0200,e401fd36-f4a8-45e5-ad91-bdd87731a7ba,2026-06-17T10:15:00Z,2026-06-17T12:15:00+0200,2315.06,MW,DE,DE_LU,actual_offshore_wind_generation,Wind Offshore,2026-07-08T18:59:57Z
2026-07-08T18:58:29Z,2026-07-08T20:58:29+0200,e401fd36-f4a8-45e5-ad91-bdd87731a7ba,2026-06-17T10:30:00Z,2026-06-17T12:30:00+0200,2470.236,MW,DE,DE_LU,actual_offshore_wind_generation,Wind Offshore,2026-07-08T18:59:57Z
2026-07-08T18:58:29Z,2026-07-08T20:58:29+0200,e401fd36-f4a8-45e5-ad91-bdd87731a7ba,2026-06-17T10:45:00Z,2026-06-17T12:45:00+0200,2579.356,MW,DE,DE_LU,actual_offshore_wind_generation,Wind Offshore,2026-07-08T18:59:57Z
2026-07-08T18:58:29Z,2026-07-08T20:58:29+0200,e401fd36-f4a8-45e5-ad91-bdd87731a7ba,2026-06-17T11:00:00Z,2026-06-17T13:00:00+0200,2722.719,MW,DE,DE_LU,actual_offshore_wind_generation,Wind Offshore,2026-07-08T18:59:57Z
2026-07-08T18:58:29Z,2026-07-08T20:58:29+0200,e401fd36-f4a8-45e5-ad91-bdd87731a7ba,2026-06-17T11:15:00Z,2026-06-17T13:15:00+0200,2797.692,MW,DE,DE_LU,actual_offshore_wind_generation,Wind Offshore,2026-07-08T18:59:57Z
2026-07-08T18:58:29Z,2026-07-08T20:58:29+0200,e401fd36-f4a8-45e5-ad91-bdd87731a7ba,2026-06-17T11:30:00Z,2026-06-17T13:30:00+0200,2934.922,MW,DE,DE_LU,actual_offshore_wind_generation,Wind Offshore,2026-07-08T18:59:57Z
2026-07-08T18:58:29Z,2026-07-08T20:58:29+0200,e401fd36-f4a8-45e5-ad91-bdd87731a7ba,2026-06-17T11:45:00Z,2026-06-17T13:45:00+0200,3204.568,MW,DE,DE_LU,actual_offshore_wind_generation,Wind Offshore,2026-07-08T18:59:57Z
2026-07-08T18:58:29Z,2026-07-08T20:58:29+0200,e401fd36-f4a8-45e5-ad91-bdd87731a7ba,2026-06-17T12:00:00Z,2026-06-17T14:00:00+0200,3282.61,MW,DE,DE_LU,actual_offshore_wind_generation,Wind Offshore,2026-07-08T18:59:57Z
2026-07-08T18:58:29Z,2026-07-08T20:58:29+0200,e401fd36-f4a8-45e5-ad91-bdd87731a7ba,2026-06-17T12:15:00Z,2026-06-17T14:15:00+0200,3358.005,MW,DE,DE_LU,actual_offshore_wind_generation,Wind Offshore,2026-07-08T18:59:57Z
2026-07-08T18:58:29Z,2026-07-08T20:58:29+0200,e401fd36-f4a8-45e5-ad91-bdd87731a7ba,2026-06-17T12:30:00Z,2026-06-17T14:30:00+0200,2990.778,MW,DE,DE_LU,actual_offshore_wind_generation,Wind Offshore,2026-07-08T18:59:57Z
2026-07-08T18:58:29Z,2026-07-08T20:58:29+0200,e401fd36-f4a8-45e5-ad91-bdd87731a7ba,2026-06-17T12:45:00Z,2026-06-17T14:45:00+0200,2968.416,MW,DE,DE_LU,actual_offshore_wind_generation,Wind Offshore,2026-07-08T18:59:57Z
2026-07-08T18:58:29Z,2026-07-08T20:58:29+0200,e401fd36-f4a8-45e5-ad91-bdd87731a7ba,2026-06-17T13:00:00Z,2026-06-17T15:00:00+0200,3209.306,MW,DE,DE_LU,actual_offshore_wind_generation,Wind Offshore,2026-07-08T18:59:57Z
2026-07-08T18:58:29Z,2026-07-08T20:58:29+0200,e401fd36-f4a8-45e5-ad91-bdd87731a7ba,2026-06-17T13:15:00Z,2026-06-17T15:15:00+0200,3411.047,MW,DE,DE_LU,actual_offshore_wind_generation,Wind Offshore,2026-07-08T18:59:57Z
2026-07-08T18:58:29Z,2026-07-08T20:58:29+0200,e401fd36-f4a8-45e5-ad91-bdd87731a7ba,2026-06-17T13:30:00Z,2026-06-17T15:30:00+0200,3709.679,MW,DE,DE_LU,actual_offshore_wind_generation,Wind Offshore,2026-07-08T18:59:57Z
2026-07-08T18:58:29Z,2026-07-08T20:58:29+0200,e401fd36-f4a8-45e5-ad91-bdd87731a7ba,2026-06-17T13:45:00Z,2026-06-17T15:45:00+0200,3958.814,MW,DE,DE_LU,actual_offshore_wind_generation,Wind Offshore,2026-07-08T18:59:57Z
2026-07-08T18:58:29Z,2026-07-08T20:58:29+0200,e401fd36-f4a8-45e5-ad91-bdd87731a7ba,2026-06-17T14:00:00Z,2026-06-17T16:00:00+0200,4200.6,MW,DE,DE_LU,actual_offshore_wind_generation,Wind Offshore,2026-07-08T18:59:57Z
2026-07-08T18:58:29Z,2026-07-08T20:58:29+0200,e401fd36-f4a8-45e5-ad91-bdd87731a7ba,2026-06-17T14:15:00Z,2026-06-17T16:15:00+0200,4511.54,MW,DE,DE_LU,actual_offshore_wind_generation,Wind Offshore,2026-07-08T18:59:57Z
2026-07-08T18:58:29Z,2026-07-08T20:58:29+0200,e401fd36-f4a8-45e5-ad91-bdd87731a7ba,2026-06-17T14:30:00Z,2026-06-17T16:30:00+0200,4885.275,MW,DE,DE_LU,actual_offshore_wind_generation,Wind Offshore,2026-07-08T18:59:57Z
2026-07-08T18:58:29Z,2026-07-08T20:58:29+0200,e401fd36-f4a8-45e5-ad91-bdd87731a7ba,2026-06-17T14:45:00Z,2026-06-17T16:45:00+0200,4972.26,MW,DE,DE_LU,actual_offshore_wind_generation,Wind Offshore,2026-07-08T18:59:57Z
2026-07-08T18:58:29Z,2026-07-08T20:58:29+0200,e401fd36-f4a8-45e5-ad91-bdd87731a7ba,2026-06-17T15:00:00Z,2026-06-17T17:00:00+0200,4922.512,MW,DE,DE_LU,actual_offshore_wind_generation,Wind Offshore,2026-07-08T18:59:57Z
2026-07-08T18:58:29Z,2026-07-08T20:58:29+0200,e401fd36-f4a8-45e5-ad91-bdd87731a7ba,2026-06-17T15:15:00Z,2026-06-17T17:15:00+0200,5123.753,MW,DE,DE_LU,actual_offshore_wind_generation,Wind Offshore,2026-07-08T18:59:57Z
2026-07-08T18:58:29Z,2026-07-08T20:58:29+0200,e401fd36-f4a8-45e5-ad91-bdd87731a7ba,2026-06-17T15:30:00Z,2026-06-17T17:30:00+0200,5093.689,MW,DE,DE_LU,actual_offshore_wind_generation,Wind Offshore,2026-07-08T18:59:57Z
2026-07-08T18:58:29Z,2026-07-08T20:58:29+0200,e401fd36-f4a8-45e5-ad91-bdd87731a7ba,2026-06-17T15:45:00Z,2026-06-17T17:45:00+0200,4976.805,MW,DE,DE_LU,actual_offshore_wind_generation,Wind Offshore,2026-07-08T18:59:57Z
2026-07-08T18:58:29Z,2026-07-08T20:58:29+0200,e401fd36-f4a8-45e5-ad91-bdd87731a7ba,2026-06-17T16:00:00Z,2026-06-17T18:00:00+0200,4884.736,MW,DE,DE_LU,actual_offshore_wind_generation,Wind Offshore,2026-07-08T18:59:57Z
2026-07-08T18:58:29Z,2026-07-08T20:58:29+0200,e401fd36-f4a8-45e5-ad91-bdd87731a7ba,2026-06-17T16:15:00Z,2026-06-17T18:15:00+0200,4924.771,MW,DE,DE_LU,actual_offshore_wind_generation,Wind Offshore,2026-07-08T18:59:57Z
2026-07-08T18:58:29Z,2026-07-08T20:58:29+0200,e401fd36-f4a8-45e5-ad91-bdd87731a7ba,2026-06-17T16:30:00Z,2026-06-17T18:30:00+0200,5083.154,MW,DE,DE_LU,actual_offshore_wind_generation,Wind Offshore,2026-07-08T18:59:57Z
2026-07-08T18:58:29Z,2026-07-08T20:58:29+0200,e401fd36-f4a8-45e5-ad91-bdd87731a7ba,2026-06-17T16:45:00Z,2026-06-17T18:45:00+0200,5108.685,MW,DE,DE_LU,actual_offshore_wind_generation,Wind Offshore,2026-07-08T18:59:57Z
2026-07-08T18:58:29Z,2026-07-08T20:58:29+0200,e401fd36-f4a8-45e5-ad91-bdd87731a7ba,2026-06-17T17:00:00Z,2026-06-17T19:00:00+0200,5120.49,MW,DE,DE_LU,actual_offshore_wind_generation,Wind Offshore,2026-07-08T18:59:57Z
2026-07-08T18:58:29Z,2026-07-08T20:58:29+0200,e401fd36-f4a8-45e5-ad91-bdd87731a7ba,2026-06-17T17:15:00Z,2026-06-17T19:15:00+0200,4955.18,MW,DE,DE_LU,actual_offshore_wind_generation,Wind Offshore,2026-07-08T18:59:57Z
2026-07-08T18:58:29Z,2026-07-08T20:58:29+0200,e401fd36-f4a8-45e5-ad91-bdd87731a7ba,2026-06-17T17:30:00Z,2026-06-17T19:30:00+0200,4284.001,MW,DE,DE_LU,actual_offshore_wind_generation,Wind Offshore,2026-07-08T18:59:57Z
2026-07-08T18:58:29Z,2026-07-08T20:58:29+0200,e401fd36-f4a8-45e5-ad91-bdd87731a7ba,2026-06-17T17:45:00Z,2026-06-17T19:45:00+0200,4036.018,MW,DE,DE_LU,actual_offshore_wind_generation,Wind Offshore,2026-07-08T18:59:57Z
2026-07-08T18:58:29Z,2026-07-08T20:58:29+0200,e401fd36-f4a8-45e5-ad91-bdd87731a7ba,2026-06-17T18:00:00Z,2026-06-17T20:00:00+0200,3818.595,MW,DE,DE_LU,actual_offshore_wind_generation,Wind Offshore,2026-07-08T18:59:57Z
2026-07-08T18:58:29Z,2026-07-08T20:58:29+0200,e401fd36-f4a8-45e5-ad91-bdd87731a7ba,2026-06-17T18:15:00Z,2026-06-17T20:15:00+0200,3634.556,MW,DE,DE_LU,actual_offshore_wind_generation,Wind Offshore,2026-07-08T18:59:57Z
2026-07-08T18:58:29Z,2026-07-08T20:58:29+0200,e401fd36-f4a8-45e5-ad91-bdd87731a7ba,2026-06-17T18:30:00Z,2026-06-17T20:30:00+0200,3433.42,MW,DE,DE_LU,actual_offshore_wind_generation,Wind Offshore,2026-07-08T18:59:57Z
2026-07-08T18:58:29Z,2026-07-08T20:58:29+0200,e401fd36-f4a8-45e5-ad91-bdd87731a7ba,2026-06-17T18:45:00Z,2026-06-17T20:45:00+0200,3060.513,MW,DE,DE_LU,actual_offshore_wind_generation,Wind Offshore,2026-07-08T18:59:57Z
2026-07-08T18:58:29Z,2026-07-08T20:58:29+0200,e401fd36-f4a8-45e5-ad91-bdd87731a7ba,2026-06-17T19:00:00Z,2026-06-17T21:00:00+0200,2757.356,MW,DE,DE_LU,actual_offshore_wind_generation,Wind Offshore,2026-07-08T18:59:57Z
2026-07-08T18:58:29Z,2026-07-08T20:58:29+0200,e401fd36-f4a8-45e5-ad91-bdd87731a7ba,2026-06-17T19:15:00Z,2026-06-17T21:15:00+0200,2597.593,MW,DE,DE_LU,actual_offshore_wind_generation,Wind Offshore,2026-07-08T18:59:57Z
2026-07-08T18:58:29Z,2026-07-08T20:58:29+0200,e401fd36-f4a8-45e5-ad91-bdd87731a7ba,2026-06-17T19:30:00Z,2026-06-17T21:30:00+0200,2435.722,MW,DE,DE_LU,actual_offshore_wind_generation,Wind Offshore,2026-07-08T18:59:57Z
2026-07-08T18:58:29Z,2026-07-08T20:58:29+0200,e401fd36-f4a8-45e5-ad91-bdd87731a7ba,2026-06-17T19:45:00Z,2026-06-17T21:45:00+0200,2361.466,MW,DE,DE_LU,actual_offshore_wind_generation,Wind Offshore,2026-07-08T18:59:57Z
2026-07-08T18:58:29Z,2026-07-08T20:58:29+0200,e401fd36-f4a8-45e5-ad91-bdd87731a7ba,2026-06-17T20:00:00Z,2026-06-17T22:00:00+0200,2411.329,MW,DE,DE_LU,actual_offshore_wind_generation,Wind Offshore,2026-07-08T18:59:57Z
2026-07-08T18:58:29Z,2026-07-08T20:58:29+0200,e401fd36-f4a8-45e5-ad91-bdd87731a7ba,2026-06-17T20:15:00Z,2026-06-17T22:15:00+0200,2075.634,MW,DE,DE_LU,actual_offshore_wind_generation,Wind Offshore,2026-07-08T18:59:57Z
2026-07-08T18:58:29Z,2026-07-08T20:58:29+0200,e401fd36-f4a8-45e5-ad91-bdd87731a7ba,2026-06-17T20:30:00Z,2026-06-17T22:30:00+0200,1801.508,MW,DE,DE_LU,actual_offshore_wind_generation,Wind Offshore,2026-07-08T18:59:57Z
2026-07-08T18:58:29Z,2026-07-08T20:58:29+0200,e401fd36-f4a8-45e5-ad91-bdd87731a7ba,2026-06-17T20:45:00Z,2026-06-17T22:45:00+0200,1548.155,MW,DE,DE_LU,actual_offshore_wind_generation,Wind Offshore,2026-07-08T18:59:57Z
2026-07-08T18:58:29Z,2026-07-08T20:58:29+0200,e401fd36-f4a8-45e5-ad91-bdd87731a7ba,2026-06-17T21:00:00Z,2026-06-17T23:00:00+0200,1316.891,MW,DE,DE_LU,actual_offshore_wind_generation,Wind Offshore,2026-07-08T18:59:57Z
2026-07-08T18:58:29Z,2026-07-08T20:58:29+0200,e401fd36-f4a8-45e5-ad91-bdd87731a7ba,2026-06-17T21:15:00Z,2026-06-17T23:15:00+0200,1276.647,MW,DE,DE_LU,actual_offshore_wind_generation,Wind Offshore,2026-07-08T18:59:57Z
2026-07-08T18:58:29Z,2026-07-08T20:58:29+0200,e401fd36-f4a8-45e5-ad91-bdd87731a7ba,2026-06-17T21:30:00Z,2026-06-17T23:30:00+0200,1269.887,MW,DE,DE_LU,actual_offshore_wind_generation,Wind Offshore,2026-07-08T18:59:57Z
2026-07-08T18:58:29Z,2026-07-08T20:58:29+0200,e401fd36-f4a8-45e5-ad91-bdd87731a7ba,2026-06-17T21:45:00Z,2026-06-17T23:45:00+0200,1215.544,MW,DE,DE_LU,actual_offshore_wind_generation,Wind Offshore,2026-07-08T18:59:57Z
2026-07-08T18:58:29Z,2026-07-08T20:58:29+0200,e401fd36-f4a8-45e5-ad91-bdd87731a7ba,2026-06-17T22:00:00Z,2026-06-18T00:00:00+0200,1432.029,MW,DE,DE_LU,actual_offshore_wind_generation,Wind Offshore,2026-07-08T18:59:57Z
2026-07-08T18:58:29Z,2026-07-08T20:58:29+0200,e401fd36-f4a8-45e5-ad91-bdd87731a7ba,2026-06-17T22:15:00Z,2026-06-18T00:15:00+0200,1280.603,MW,DE,DE_LU,actual_offshore_wind_generation,Wind Offshore,2026-07-08T18:59:57Z
2026-07-08T18:58:29Z,2026-07-08T20:58:29+0200,e401fd36-f4a8-45e5-ad91-bdd87731a7ba,2026-06-17T22:30:00Z,2026-06-18T00:30:00+0200,1308.013,MW,DE,DE_LU,actual_offshore_wind_generation,Wind Offshore,2026-07-08T18:59:57Z
2026-07-08T18:58:29Z,2026-07-08T20:58:29+0200,e401fd36-f4a8-45e5-ad91-bdd87731a7ba,2026-06-17T22:45:00Z,2026-06-18T00:45:00+0200,1341.028,MW,DE,DE_LU,actual_offshore_wind_generation,Wind Offshore,2026-07-08T18:59:57Z
2026-07-08T18:58:29Z,2026-07-08T20:58:29+0200,e401fd36-f4a8-45e5-ad91-bdd87731a7ba,2026-06-17T23:00:00Z,2026-06-18T01:00:00+0200,1353.091,MW,DE,DE_LU,actual_offshore_wind_generation,Wind Offshore,2026-07-08T18:59:57Z
2026-07-08T18:58:29Z,2026-07-08T20:58:29+0200,e401fd36-f4a8-45e5-ad91-bdd87731a7ba,2026-06-17T23:15:00Z,2026-06-18T01:15:00+0200,1358.458,MW,DE,DE_LU,actual_offshore_wind_generation,Wind Offshore,2026-07-08T18:59:57Z
2026-07-08T18:58:29Z,2026-07-08T20:58:29+0200,e401fd36-f4a8-45e5-ad91-bdd87731a7ba,2026-06-17T23:30:00Z,2026-06-18T01:30:00+0200,1286.036,MW,DE,DE_LU,actual_offshore_wind_generation,Wind Offshore,2026-07-08T18:59:57Z
2026-07-08T18:58:29Z,2026-07-08T20:58:29+0200,e401fd36-f4a8-45e5-ad91-bdd87731a7ba,2026-06-17T23:45:00Z,2026-06-18T01:45:00+0200,1293.333,MW,DE,DE_LU,actual_offshore_wind_generation,Wind Offshore,2026-07-08T18:59:57Z
2026-07-08T18:58:29Z,2026-07-08T20:58:29+0200,e401fd36-f4a8-45e5-ad91-bdd87731a7ba,2026-06-18T00:00:00Z,2026-06-18T02:00:00+0200,1293.136,MW,DE,DE_LU,actual_offshore_wind_generation,Wind Offshore,2026-07-08T18:59:57Z
2026-07-08T18:58:29Z,2026-07-08T20:58:29+0200,e401fd36-f4a8-45e5-ad91-bdd87731a7ba,2026-06-18T00:15:00Z,2026-06-18T02:15:00+0200,1277.092,MW,DE,DE_LU,actual_offshore_wind_generation,Wind Offshore,2026-07-08T18:59:57Z
2026-07-08T18:58:29Z,2026-07-08T20:58:29+0200,e401fd36-f4a8-45e5-ad91-bdd87731a7ba,2026-06-18T00:30:00Z,2026-06-18T02:30:00+0200,1326.966,MW,DE,DE_LU,actual_offshore_wind_generation,Wind Offshore,2026-07-08T18:59:57Z
2026-07-08T18:58:29Z,2026-07-08T20:58:29+0200,e401fd36-f4a8-45e5-ad91-bdd87731a7ba,2026-06-18T00:45:00Z,2026-06-18T02:45:00+0200,1481.038,MW,DE,DE_LU,actual_offshore_wind_generation,Wind Offshore,2026-07-08T18:59:57Z
2026-07-08T18:58:29Z,2026-07-08T20:58:29+0200,e401fd36-f4a8-45e5-ad91-bdd87731a7ba,2026-06-18T01:00:00Z,2026-06-18T03:00:00+0200,1611.182,MW,DE,DE_LU,actual_offshore_wind_generation,Wind Offshore,2026-07-08T18:59:57Z
2026-07-08T18:58:29Z,2026-07-08T20:58:29+0200,e401fd36-f4a8-45e5-ad91-bdd87731a7ba,2026-06-18T01:15:00Z,2026-06-18T03:15:00+0200,1726.75,MW,DE,DE_LU,actual_offshore_wind_generation,Wind Offshore,2026-07-08T18:59:57Z
2026-07-08T18:58:29Z,2026-07-08T20:58:29+0200,e401fd36-f4a8-45e5-ad91-bdd87731a7ba,2026-06-18T01:30:00Z,2026-06-18T03:30:00+0200,1661.828,MW,DE,DE_LU,actual_offshore_wind_generation,Wind Offshore,2026-07-08T18:59:57Z
2026-07-08T18:58:29Z,2026-07-08T20:58:29+0200,e401fd36-f4a8-45e5-ad91-bdd87731a7ba,2026-06-18T01:45:00Z,2026-06-18T03:45:00+0200,1627.621,MW,DE,DE_LU,actual_offshore_wind_generation,Wind Offshore,2026-07-08T18:59:57Z
2026-07-08T18:58:29Z,2026-07-08T20:58:29+0200,e401fd36-f4a8-45e5-ad91-bdd87731a7ba,2026-06-18T02:00:00Z,2026-06-18T04:00:00+0200,1616.207,MW,DE,DE_LU,actual_offshore_wind_generation,Wind Offshore,2026-07-08T18:59:57Z
2026-07-08T18:58:29Z,2026-07-08T20:58:29+0200,e401fd36-f4a8-45e5-ad91-bdd87731a7ba,2026-06-18T02:15:00Z,2026-06-18T04:15:00+0200,1604.626,MW,DE,DE_LU,actual_offshore_wind_generation,Wind Offshore,2026-07-08T18:59:57Z
2026-07-08T18:58:29Z,2026-07-08T20:58:29+0200,e401fd36-f4a8-45e5-ad91-bdd87731a7ba,2026-06-18T02:30:00Z,2026-06-18T04:30:00+0200,1625.029,MW,DE,DE_LU,actual_offshore_wind_generation,Wind Offshore,2026-07-08T18:59:57Z
2026-07-08T18:58:29Z,2026-07-08T20:58:29+0200,e401fd36-f4a8-45e5-ad91-bdd87731a7ba,2026-06-18T02:45:00Z,2026-06-18T04:45:00+0200,1539.85,MW,DE,DE_LU,actual_offshore_wind_generation,Wind Offshore,2026-07-08T18:59:57Z
2026-07-08T18:58:29Z,2026-07-08T20:58:29+0200,e401fd36-f4a8-45e5-ad91-bdd87731a7ba,2026-06-18T03:00:00Z,2026-06-18T05:00:00+0200,1529.009,MW,DE,DE_LU,actual_offshore_wind_generation,Wind Offshore,2026-07-08T18:59:57Z
2026-07-08T18:58:29Z,2026-07-08T20:58:29+0200,e401fd36-f4a8-45e5-ad91-bdd87731a7ba,2026-06-18T03:15:00Z,2026-06-18T05:15:00+0200,1463.172,MW,DE,DE_LU,actual_offshore_wind_generation,Wind Offshore,2026-07-08T18:59:57Z
2026-07-08T18:58:29Z,2026-07-08T20:58:29+0200,e401fd36-f4a8-45e5-ad91-bdd87731a7ba,2026-06-18T03:30:00Z,2026-06-18T05:30:00+0200,1376.588,MW,DE,DE_LU,actual_offshore_wind_generation,Wind Offshore,2026-07-08T18:59:57Z
2026-07-08T18:58:29Z,2026-07-08T20:58:29+0200,e401fd36-f4a8-45e5-ad91-bdd87731a7ba,2026-06-18T03:45:00Z,2026-06-18T05:45:00+0200,1273.628,MW,DE,DE_LU,actual_offshore_wind_generation,Wind Offshore,2026-07-08T18:59:57Z
2026-07-08T18:58:29Z,2026-07-08T20:58:29+0200,e401fd36-f4a8-45e5-ad91-bdd87731a7ba,2026-06-18T04:00:00Z,2026-06-18T06:00:00+0200,1233.013,MW,DE,DE_LU,actual_offshore_wind_generation,Wind Offshore,2026-07-08T18:59:57Z
2026-07-08T18:58:29Z,2026-07-08T20:58:29+0200,e401fd36-f4a8-45e5-ad91-bdd87731a7ba,2026-06-18T04:15:00Z,2026-06-18T06:15:00+0200,1207.08,MW,DE,DE_LU,actual_offshore_wind_generation,Wind Offshore,2026-07-08T18:59:57Z
2026-07-08T18:58:29Z,2026-07-08T20:58:29+0200,e401fd36-f4a8-45e5-ad91-bdd87731a7ba,2026-06-18T04:30:00Z,2026-06-18T06:30:00+0200,1215.532,MW,DE,DE_LU,actual_offshore_wind_generation,Wind Offshore,2026-07-08T18:59:57Z
2026-07-08T18:58:29Z,2026-07-08T20:58:29+0200,e401fd36-f4a8-45e5-ad91-bdd87731a7ba,2026-06-18T04:45:00Z,2026-06-18T06:45:00+0200,1205.313,MW,DE,DE_LU,actual_offshore_wind_generation,Wind Offshore,2026-07-08T18:59:57Z
2026-07-08T18:58:29Z,2026-07-08T20:58:29+0200,e401fd36-f4a8-45e5-ad91-bdd87731a7ba,2026-06-18T05:00:00Z,2026-06-18T07:00:00+0200,1180.261,MW,DE,DE_LU,actual_offshore_wind_generation,Wind Offshore,2026-07-08T18:59:57Z
2026-07-08T18:58:29Z,2026-07-08T20:58:29+0200,e401fd36-f4a8-45e5-ad91-bdd87731a7ba,2026-06-18T05:15:00Z,2026-06-18T07:15:00+0200,1151.29,MW,DE,DE_LU,actual_offshore_wind_generation,Wind Offshore,2026-07-08T18:59:57Z
2026-07-08T18:58:29Z,2026-07-08T20:58:29+0200,e401fd36-f4a8-45e5-ad91-bdd87731a7ba,2026-06-18T05:30:00Z,2026-06-18T07:30:00+0200,910.8,MW,DE,DE_LU,actual_offshore_wind_generation,Wind Offshore,2026-07-08T18:59:57Z
2026-07-08T18:58:29Z,2026-07-08T20:58:29+0200,e401fd36-f4a8-45e5-ad91-bdd87731a7ba,2026-06-18T05:45:00Z,2026-06-18T07:45:00+0200,866.661,MW,DE,DE_LU,actual_offshore_wind_generation,Wind Offshore,2026-07-08T18:59:57Z
2026-07-08T18:58:29Z,2026-07-08T20:58:29+0200,e401fd36-f4a8-45e5-ad91-bdd87731a7ba,2026-06-18T06:00:00Z,2026-06-18T08:00:00+0200,874.65,MW,DE,DE_LU,actual_offshore_wind_generation,Wind Offshore,2026-07-08T18:59:57Z
2026-07-08T18:58:29Z,2026-07-08T20:58:29+0200,e401fd36-f4a8-45e5-ad91-bdd87731a7ba,2026-06-18T06:15:00Z,2026-06-18T08:15:00+0200,794.76,MW,DE,DE_LU,actual_offshore_wind_generation,Wind Offshore,2026-07-08T18:59:57Z
2026-07-08T18:58:29Z,2026-07-08T20:58:29+0200,e401fd36-f4a8-45e5-ad91-bdd87731a7ba,2026-06-18T06:30:00Z,2026-06-18T08:30:00+0200,715.439,MW,DE,DE_LU,actual_offshore_wind_generation,Wind Offshore,2026-07-08T18:59:57Z
2026-07-08T18:58:29Z,2026-07-08T20:58:29+0200,e401fd36-f4a8-45e5-ad91-bdd87731a7ba,2026-06-18T06:45:00Z,2026-06-18T08:45:00+0200,639.025,MW,DE,DE_LU,actual_offshore_wind_generation,Wind Offshore,2026-07-08T18:59:57Z
2026-07-08T18:58:29Z,2026-07-08T20:58:29+0200,e401fd36-f4a8-45e5-ad91-bdd87731a7ba,2026-06-18T07:00:00Z,2026-06-18T09:00:00+0200,416.903,MW,DE,DE_LU,actual_offshore_wind_generation,Wind Offshore,2026-07-08T18:59:57Z
2026-07-08T18:58:29Z,2026-07-08T20:58:29+0200,e401fd36-f4a8-45e5-ad91-bdd87731a7ba,2026-06-18T07:15:00Z,2026-06-18T09:15:00+0200,378.606,MW,DE,DE_LU,actual_offshore_wind_generation,Wind Offshore,2026-07-08T18:59:57Z
2026-07-08T18:58:29Z,2026-07-08T20:58:29+0200,e401fd36-f4a8-45e5-ad91-bdd87731a7ba,2026-06-18T07:30:00Z,2026-06-18T09:30:00+0200,341.198,MW,DE,DE_LU,actual_offshore_wind_generation,Wind Offshore,2026-07-08T18:59:57Z
2026-07-08T18:58:29Z,2026-07-08T20:58:29+0200,e401fd36-f4a8-45e5-ad91-bdd87731a7ba,2026-06-18T07:45:00Z,2026-06-18T09:45:00+0200,210.877,MW,DE,DE_LU,actual_offshore_wind_generation,Wind Offshore,2026-07-08T18:59:57Z
2026-07-08T18:58:29Z,2026-07-08T20:58:29+0200,e401fd36-f4a8-45e5-ad91-bdd87731a7ba,2026-06-18T08:00:00Z,2026-06-18T10:00:00+0200,245.386,MW,DE,DE_LU,actual_offshore_wind_generation,Wind Offshore,2026-07-08T18:59:57Z
2026-07-08T18:58:29Z,2026-07-08T20:58:29+0200,e401fd36-f4a8-45e5-ad91-bdd87731a7ba,2026-06-18T08:15:00Z,2026-06-18T10:15:00+0200,303.201,MW,DE,DE_LU,actual_offshore_wind_generation,Wind Offshore,2026-07-08T18:59:57Z
2026-07-08T18:58:29Z,2026-07-08T20:58:29+0200,e401fd36-f4a8-45e5-ad91-bdd87731a7ba,2026-06-18T08:30:00Z,2026-06-18T10:30:00+0200,328.768,MW,DE,DE_LU,actual_offshore_wind_generation,Wind Offshore,2026-07-08T18:59:57Z
2026-07-08T18:58:29Z,2026-07-08T20:58:29+0200,e401fd36-f4a8-45e5-ad91-bdd87731a7ba,2026-06-18T08:45:00Z,2026-06-18T10:45:00+0200,330.976,MW,DE,DE_LU,actual_offshore_wind_generation,Wind Offshore,2026-07-08T18:59:57Z
2026-07-08T18:58:29Z,2026-07-08T20:58:29+0200,e401fd36-f4a8-45e5-ad91-bdd87731a7ba,2026-06-18T09:00:00Z,2026-06-18T11:00:00+0200,361.662,MW,DE,DE_LU,actual_offshore_wind_generation,Wind Offshore,2026-07-08T18:59:57Z
2026-07-08T18:58:29Z,2026-07-08T20:58:29+0200,e401fd36-f4a8-45e5-ad91-bdd87731a7ba,2026-06-18T09:15:00Z,2026-06-18T11:15:00+0200,360.83,MW,DE,DE_LU,actual_offshore_wind_generation,Wind Offshore,2026-07-08T18:59:57Z
2026-07-08T18:58:29Z,2026-07-08T20:58:29+0200,e401fd36-f4a8-45e5-ad91-bdd87731a7ba,2026-06-18T09:30:00Z,2026-06-18T11:30:00+0200,392.278,MW,DE,DE_LU,actual_offshore_wind_generation,Wind Offshore,2026-07-08T18:59:57Z
2026-07-08T18:58:29Z,2026-07-08T20:58:29+0200,e401fd36-f4a8-45e5-ad91-bdd87731a7ba,2026-06-18T09:45:00Z,2026-06-18T11:45:00+0200,407.304,MW,DE,DE_LU,actual_offshore_wind_generation,Wind Offshore,2026-07-08T18:59:57Z
2026-07-08T18:58:29Z,2026-07-08T20:58:29+0200,e401fd36-f4a8-45e5-ad91-bdd87731a7ba,2026-06-18T10:00:00Z,2026-06-18T12:00:00+0200,472.689,MW,DE,DE_LU,actual_offshore_wind_generation,Wind Offshore,2026-07-08T18:59:57Z
2026-07-08T18:58:29Z,2026-07-08T20:58:29+0200,e401fd36-f4a8-45e5-ad91-bdd87731a7ba,2026-06-18T10:15:00Z,2026-06-18T12:15:00+0200,477.189,MW,DE,DE_LU,actual_offshore_wind_generation,Wind Offshore,2026-07-08T18:59:57Z
2026-07-08T18:58:29Z,2026-07-08T20:58:29+0200,e401fd36-f4a8-45e5-ad91-bdd87731a7ba,2026-06-18T10:30:00Z,2026-06-18T12:30:00+0200,494.599,MW,DE,DE_LU,actual_offshore_wind_generation,Wind Offshore,2026-07-08T18:59:57Z
2026-07-08T18:58:29Z,2026-07-08T20:58:29+0200,e401fd36-f4a8-45e5-ad91-bdd87731a7ba,2026-06-18T10:45:00Z,2026-06-18T12:45:00+0200,497.93,MW,DE,DE_LU,actual_offshore_wind_generation,Wind Offshore,2026-07-08T18:59:57Z
2026-07-08T18:58:29Z,2026-07-08T20:58:29+0200,e401fd36-f4a8-45e5-ad91-bdd87731a7ba,2026-06-18T11:00:00Z,2026-06-18T13:00:00+0200,617.176,MW,DE,DE_LU,actual_offshore_wind_generation,Wind Offshore,2026-07-08T18:59:57Z
2026-07-08T18:58:29Z,2026-07-08T20:58:29+0200,e401fd36-f4a8-45e5-ad91-bdd87731a7ba,2026-06-18T11:15:00Z,2026-06-18T13:15:00+0200,671.626,MW,DE,DE_LU,actual_offshore_wind_generation,Wind Offshore,2026-07-08T18:59:57Z
2026-07-08T18:58:29Z,2026-07-08T20:58:29+0200,e401fd36-f4a8-45e5-ad91-bdd87731a7ba,2026-06-18T11:30:00Z,2026-06-18T13:30:00+0200,682.878,MW,DE,DE_LU,actual_offshore_wind_generation,Wind Offshore,2026-07-08T18:59:57Z
2026-07-08T18:58:29Z,2026-07-08T20:58:29+0200,e401fd36-f4a8-45e5-ad91-bdd87731a7ba,2026-06-18T11:45:00Z,2026-06-18T13:45:00+0200,689.846,MW,DE,DE_LU,actual_offshore_wind_generation,Wind Offshore,2026-07-08T18:59:57Z
2026-07-08T18:58:29Z,2026-07-08T20:58:29+0200,e401fd36-f4a8-45e5-ad91-bdd87731a7ba,2026-06-18T12:00:00Z,2026-06-18T14:00:00+0200,711.137,MW,DE,DE_LU,actual_offshore_wind_generation,Wind Offshore,2026-07-08T18:59:57Z
2026-07-08T18:58:29Z,2026-07-08T20:58:29+0200,e401fd36-f4a8-45e5-ad91-bdd87731a7ba,2026-06-18T12:15:00Z,2026-06-18T14:15:00+0200,725.799,MW,DE,DE_LU,actual_offshore_wind_generation,Wind Offshore,2026-07-08T18:59:57Z
2026-07-08T18:58:29Z,2026-07-08T20:58:29+0200,e401fd36-f4a8-45e5-ad91-bdd87731a7ba,2026-06-18T12:30:00Z,2026-06-18T14:30:00+0200,695.289,MW,DE,DE_LU,actual_offshore_wind_generation,Wind Offshore,2026-07-08T18:59:57Z
2026-07-08T18:58:29Z,2026-07-08T20:58:29+0200,e401fd36-f4a8-45e5-ad91-bdd87731a7ba,2026-06-18T12:45:00Z,2026-06-18T14:45:00+0200,680.84,MW,DE,DE_LU,actual_offshore_wind_generation,Wind Offshore,2026-07-08T18:59:57Z
2026-07-08T18:58:29Z,2026-07-08T20:58:29+0200,e401fd36-f4a8-45e5-ad91-bdd87731a7ba,2026-06-18T13:00:00Z,2026-06-18T15:00:00+0200,1069.223,MW,DE,DE_LU,actual_offshore_wind_generation,Wind Offshore,2026-07-08T18:59:57Z
2026-07-08T18:58:29Z,2026-07-08T20:58:29+0200,e401fd36-f4a8-45e5-ad91-bdd87731a7ba,2026-06-18T13:15:00Z,2026-06-18T15:15:00+0200,1001.909,MW,DE,DE_LU,actual_offshore_wind_generation,Wind Offshore,2026-07-08T18:59:57Z
2026-07-08T18:58:29Z,2026-07-08T20:58:29+0200,e401fd36-f4a8-45e5-ad91-bdd87731a7ba,2026-06-18T13:30:00Z,2026-06-18T15:30:00+0200,951.828,MW,DE,DE_LU,actual_offshore_wind_generation,Wind Offshore,2026-07-08T18:59:57Z
2026-07-08T18:58:29Z,2026-07-08T20:58:29+0200,e401fd36-f4a8-45e5-ad91-bdd87731a7ba,2026-06-18T13:45:00Z,2026-06-18T15:45:00+0200,897.091,MW,DE,DE_LU,actual_offshore_wind_generation,Wind Offshore,2026-07-08T18:59:57Z
2026-07-08T18:58:29Z,2026-07-08T20:58:29+0200,e401fd36-f4a8-45e5-ad91-bdd87731a7ba,2026-06-18T14:00:00Z,2026-06-18T16:00:00+0200,861.608,MW,DE,DE_LU,actual_offshore_wind_generation,Wind Offshore,2026-07-08T18:59:57Z
2026-07-08T18:58:29Z,2026-07-08T20:58:29+0200,e401fd36-f4a8-45e5-ad91-bdd87731a7ba,2026-06-18T14:15:00Z,2026-06-18T16:15:00+0200,781.594,MW,DE,DE_LU,actual_offshore_wind_generation,Wind Offshore,2026-07-08T18:59:57Z
2026-07-08T18:58:29Z,2026-07-08T20:58:29+0200,e401fd36-f4a8-45e5-ad91-bdd87731a7ba,2026-06-18T14:30:00Z,2026-06-18T16:30:00+0200,653.376,MW,DE,DE_LU,actual_offshore_wind_generation,Wind Offshore,2026-07-08T18:59:57Z
2026-07-08T18:58:29Z,2026-07-08T20:58:29+0200,e401fd36-f4a8-45e5-ad91-bdd87731a7ba,2026-06-18T14:45:00Z,2026-06-18T16:45:00+0200,718.656,MW,DE,DE_LU,actual_offshore_wind_generation,Wind Offshore,2026-07-08T18:59:57Z
2026-07-08T18:58:29Z,2026-07-08T20:58:29+0200,e401fd36-f4a8-45e5-ad91-bdd87731a7ba,2026-06-18T15:00:00Z,2026-06-18T17:00:00+0200,613.519,MW,DE,DE_LU,actual_offshore_wind_generation,Wind Offshore,2026-07-08T18:59:57Z
2026-07-08T18:58:29Z,2026-07-08T20:58:29+0200,e401fd36-f4a8-45e5-ad91-bdd87731a7ba,2026-06-18T15:15:00Z,2026-06-18T17:15:00+0200,546.257,MW,DE,DE_LU,actual_offshore_wind_generation,Wind Offshore,2026-07-08T18:59:57Z
2026-07-08T18:58:29Z,2026-07-08T20:58:29+0200,e401fd36-f4a8-45e5-ad91-bdd87731a7ba,2026-06-18T15:30:00Z,2026-06-18T17:30:00+0200,483.527,MW,DE,DE_LU,actual_offshore_wind_generation,Wind Offshore,2026-07-08T18:59:57Z
2026-07-08T18:58:29Z,2026-07-08T20:58:29+0200,e401fd36-f4a8-45e5-ad91-bdd87731a7ba,2026-06-18T15:45:00Z,2026-06-18T17:45:00+0200,418.218,MW,DE,DE_LU,actual_offshore_wind_generation,Wind Offshore,2026-07-08T18:59:57Z
2026-07-08T18:58:29Z,2026-07-08T20:58:29+0200,e401fd36-f4a8-45e5-ad91-bdd87731a7ba,2026-06-18T16:00:00Z,2026-06-18T18:00:00+0200,357.201,MW,DE,DE_LU,actual_offshore_wind_generation,Wind Offshore,2026-07-08T18:59:57Z
2026-07-08T18:58:29Z,2026-07-08T20:58:29+0200,e401fd36-f4a8-45e5-ad91-bdd87731a7ba,2026-06-18T16:15:00Z,2026-06-18T18:15:00+0200,301.269,MW,DE,DE_LU,actual_offshore_wind_generation,Wind Offshore,2026-07-08T18:59:57Z
2026-07-08T18:58:29Z,2026-07-08T20:58:29+0200,e401fd36-f4a8-45e5-ad91-bdd87731a7ba,2026-06-18T16:30:00Z,2026-06-18T18:30:00+0200,280.468,MW,DE,DE_LU,actual_offshore_wind_generation,Wind Offshore,2026-07-08T18:59:57Z
2026-07-08T18:58:29Z,2026-07-08T20:58:29+0200,e401fd36-f4a8-45e5-ad91-bdd87731a7ba,2026-06-18T16:45:00Z,2026-06-18T18:45:00+0200,272.155,MW,DE,DE_LU,actual_offshore_wind_generation,Wind Offshore,2026-07-08T18:59:57Z
2026-07-08T18:58:29Z,2026-07-08T20:58:29+0200,e401fd36-f4a8-45e5-ad91-bdd87731a7ba,2026-06-18T17:00:00Z,2026-06-18T19:00:00+0200,244.466,MW,DE,DE_LU,actual_offshore_wind_generation,Wind Offshore,2026-07-08T18:59:57Z
2026-07-08T18:58:29Z,2026-07-08T20:58:29+0200,e401fd36-f4a8-45e5-ad91-bdd87731a7ba,2026-06-18T17:15:00Z,2026-06-18T19:15:00+0200,217.512,MW,DE,DE_LU,actual_offshore_wind_generation,Wind Offshore,2026-07-08T18:59:57Z
2026-07-08T18:58:29Z,2026-07-08T20:58:29+0200,e401fd36-f4a8-45e5-ad91-bdd87731a7ba,2026-06-18T17:30:00Z,2026-06-18T19:30:00+0200,204.711,MW,DE,DE_LU,actual_offshore_wind_generation,Wind Offshore,2026-07-08T18:59:57Z
2026-07-08T18:58:29Z,2026-07-08T20:58:29+0200,e401fd36-f4a8-45e5-ad91-bdd87731a7ba,2026-06-18T17:45:00Z,2026-06-18T19:45:00+0200,178.659,MW,DE,DE_LU,actual_offshore_wind_generation,Wind Offshore,2026-07-08T18:59:57Z
2026-07-08T18:58:29Z,2026-07-08T20:58:29+0200,e401fd36-f4a8-45e5-ad91-bdd87731a7ba,2026-06-18T18:00:00Z,2026-06-18T20:00:00+0200,174.777,MW,DE,DE_LU,actual_offshore_wind_generation,Wind Offshore,2026-07-08T18:59:57Z
2026-07-08T18:58:29Z,2026-07-08T20:58:29+0200,e401fd36-f4a8-45e5-ad91-bdd87731a7ba,2026-06-18T18:15:00Z,2026-06-18T20:15:00+0200,157.7,MW,DE,DE_LU,actual_offshore_wind_generation,Wind Offshore,2026-07-08T18:59:57Z
2026-07-08T18:58:29Z,2026-07-08T20:58:29+0200,e401fd36-f4a8-45e5-ad91-bdd87731a7ba,2026-06-18T18:30:00Z,2026-06-18T20:30:00+0200,158.049,MW,DE,DE_LU,actual_offshore_wind_generation,Wind Offshore,2026-07-08T18:59:57Z
2026-07-08T18:58:29Z,2026-07-08T20:58:29+0200,e401fd36-f4a8-45e5-ad91-bdd87731a7ba,2026-06-18T18:45:00Z,2026-06-18T20:45:00+0200,148.078,MW,DE,DE_LU,actual_offshore_wind_generation,Wind Offshore,2026-07-08T18:59:57Z
2026-07-08T18:58:29Z,2026-07-08T20:58:29+0200,e401fd36-f4a8-45e5-ad91-bdd87731a7ba,2026-06-18T19:00:00Z,2026-06-18T21:00:00+0200,140.972,MW,DE,DE_LU,actual_offshore_wind_generation,Wind Offshore,2026-07-08T18:59:57Z
2026-07-08T18:58:29Z,2026-07-08T20:58:29+0200,e401fd36-f4a8-45e5-ad91-bdd87731a7ba,2026-06-18T19:15:00Z,2026-06-18T21:15:00+0200,146.249,MW,DE,DE_LU,actual_offshore_wind_generation,Wind Offshore,2026-07-08T18:59:57Z
2026-07-08T18:58:29Z,2026-07-08T20:58:29+0200,e401fd36-f4a8-45e5-ad91-bdd87731a7ba,2026-06-18T19:30:00Z,2026-06-18T21:30:00+0200,190.013,MW,DE,DE_LU,actual_offshore_wind_generation,Wind Offshore,2026-07-08T18:59:57Z
2026-07-08T18:58:29Z,2026-07-08T20:58:29+0200,e401fd36-f4a8-45e5-ad91-bdd87731a7ba,2026-06-18T19:45:00Z,2026-06-18T21:45:00+0200,252.122,MW,DE,DE_LU,actual_offshore_wind_generation,Wind Offshore,2026-07-08T18:59:57Z
2026-07-08T18:58:29Z,2026-07-08T20:58:29+0200,e401fd36-f4a8-45e5-ad91-bdd87731a7ba,2026-06-18T20:00:00Z,2026-06-18T22:00:00+0200,332.711,MW,DE,DE_LU,actual_offshore_wind_generation,Wind Offshore,2026-07-08T18:59:57Z
2026-07-08T18:58:29Z,2026-07-08T20:58:29+0200,e401fd36-f4a8-45e5-ad91-bdd87731a7ba,2026-06-18T20:15:00Z,2026-06-18T22:15:00+0200,464.657,MW,DE,DE_LU,actual_offshore_wind_generation,Wind Offshore,2026-07-08T18:59:57Z
2026-07-08T18:58:29Z,2026-07-08T20:58:29+0200,e401fd36-f4a8-45e5-ad91-bdd87731a7ba,2026-06-18T20:30:00Z,2026-06-18T22:30:00+0200,578.642,MW,DE,DE_LU,actual_offshore_wind_generation,Wind Offshore,2026-07-08T18:59:57Z
2026-07-08T18:58:29Z,2026-07-08T20:58:29+0200,e401fd36-f4a8-45e5-ad91-bdd87731a7ba,2026-06-18T20:45:00Z,2026-06-18T22:45:00+0200,714.056,MW,DE,DE_LU,actual_offshore_wind_generation,Wind Offshore,2026-07-08T18:59:57Z
2026-07-08T18:58:29Z,2026-07-08T20:58:29+0200,e401fd36-f4a8-45e5-ad91-bdd87731a7ba,2026-06-18T21:00:00Z,2026-06-18T23:00:00+0200,768.345,MW,DE,DE_LU,actual_offshore_wind_generation,Wind Offshore,2026-07-08T18:59:57Z
2026-07-08T18:58:29Z,2026-07-08T20:58:29+0200,e401fd36-f4a8-45e5-ad91-bdd87731a7ba,2026-06-18T21:15:00Z,2026-06-18T23:15:00+0200,803.283,MW,DE,DE_LU,actual_offshore_wind_generation,Wind Offshore,2026-07-08T18:59:57Z
2026-07-08T18:58:29Z,2026-07-08T20:58:29+0200,e401fd36-f4a8-45e5-ad91-bdd87731a7ba,2026-06-18T21:30:00Z,2026-06-18T23:30:00+0200,861.343,MW,DE,DE_LU,actual_offshore_wind_generation,Wind Offshore,2026-07-08T18:59:57Z
2026-07-08T18:58:29Z,2026-07-08T20:58:29+0200,e401fd36-f4a8-45e5-ad91-bdd87731a7ba,2026-06-18T21:45:00Z,2026-06-18T23:45:00+0200,915.961,MW,DE,DE_LU,actual_offshore_wind_generation,Wind Offshore,2026-07-08T18:59:57Z
2026-07-08T18:58:29Z,2026-07-08T20:58:29+0200,e401fd36-f4a8-45e5-ad91-bdd87731a7ba,2026-06-18T22:00:00Z,2026-06-19T00:00:00+0200,972.172,MW,DE,DE_LU,actual_offshore_wind_generation,Wind Offshore,2026-07-08T18:59:57Z
2026-07-08T18:58:29Z,2026-07-08T20:58:29+0200,e401fd36-f4a8-45e5-ad91-bdd87731a7ba,2026-06-18T22:15:00Z,2026-06-19T00:15:00+0200,1094.985,MW,DE,DE_LU,actual_offshore_wind_generation,Wind Offshore,2026-07-08T18:59:57Z
2026-07-08T18:58:29Z,2026-07-08T20:58:29+0200,e401fd36-f4a8-45e5-ad91-bdd87731a7ba,2026-06-18T22:30:00Z,2026-06-19T00:30:00+0200,1301.771,MW,DE,DE_LU,actual_offshore_wind_generation,Wind Offshore,2026-07-08T18:59:57Z
2026-07-08T18:58:29Z,2026-07-08T20:58:29+0200,e401fd36-f4a8-45e5-ad91-bdd87731a7ba,2026-06-18T22:45:00Z,2026-06-19T00:45:00+0200,1539.182,MW,DE,DE_LU,actual_offshore_wind_generation,Wind Offshore,2026-07-08T18:59:57Z
2026-07-08T18:58:29Z,2026-07-08T20:58:29+0200,e401fd36-f4a8-45e5-ad91-bdd87731a7ba,2026-06-18T23:00:00Z,2026-06-19T01:00:00+0200,1711.333,MW,DE,DE_LU,actual_offshore_wind_generation,Wind Offshore,2026-07-08T18:59:57Z
2026-07-08T18:58:29Z,2026-07-08T20:58:29+0200,e401fd36-f4a8-45e5-ad91-bdd87731a7ba,2026-06-18T23:15:00Z,2026-06-19T01:15:00+0200,1854.42,MW,DE,DE_LU,actual_offshore_wind_generation,Wind Offshore,2026-07-08T18:59:57Z
2026-07-08T18:58:29Z,2026-07-08T20:58:29+0200,e401fd36-f4a8-45e5-ad91-bdd87731a7ba,2026-06-18T23:30:00Z,2026-06-19T01:30:00+0200,1918.314,MW,DE,DE_LU,actual_offshore_wind_generation,Wind Offshore,2026-07-08T18:59:57Z
2026-07-08T18:58:29Z,2026-07-08T20:58:29+0200,e401fd36-f4a8-45e5-ad91-bdd87731a7ba,2026-06-18T23:45:00Z,2026-06-19T01:45:00+0200,1758.386,MW,DE,DE_LU,actual_offshore_wind_generation,Wind Offshore,2026-07-08T18:59:57Z
2026-07-08T18:58:29Z,2026-07-08T20:58:29+0200,e401fd36-f4a8-45e5-ad91-bdd87731a7ba,2026-06-19T00:00:00Z,2026-06-19T02:00:00+0200,1731.767,MW,DE,DE_LU,actual_offshore_wind_generation,Wind Offshore,2026-07-08T18:59:57Z
2026-07-08T18:58:29Z,2026-07-08T20:58:29+0200,e401fd36-f4a8-45e5-ad91-bdd87731a7ba,2026-06-19T00:15:00Z,2026-06-19T02:15:00+0200,1560.267,MW,DE,DE_LU,actual_offshore_wind_generation,Wind Offshore,2026-07-08T18:59:57Z
2026-07-08T18:58:29Z,2026-07-08T20:58:29+0200,e401fd36-f4a8-45e5-ad91-bdd87731a7ba,2026-06-19T00:30:00Z,2026-06-19T02:30:00+0200,1508.922,MW,DE,DE_LU,actual_offshore_wind_generation,Wind Offshore,2026-07-08T18:59:57Z
2026-07-08T18:58:29Z,2026-07-08T20:58:29+0200,e401fd36-f4a8-45e5-ad91-bdd87731a7ba,2026-06-19T00:45:00Z,2026-06-19T02:45:00+0200,1678.138,MW,DE,DE_LU,actual_offshore_wind_generation,Wind Offshore,2026-07-08T18:59:57Z
2026-07-08T18:58:29Z,2026-07-08T20:58:29+0200,e401fd36-f4a8-45e5-ad91-bdd87731a7ba,2026-06-19T01:00:00Z,2026-06-19T03:00:00+0200,1930.167,MW,DE,DE_LU,actual_offshore_wind_generation,Wind Offshore,2026-07-08T18:59:57Z
2026-07-08T18:58:29Z,2026-07-08T20:58:29+0200,e401fd36-f4a8-45e5-ad91-bdd87731a7ba,2026-06-19T01:15:00Z,2026-06-19T03:15:00+0200,1877.672,MW,DE,DE_LU,actual_offshore_wind_generation,Wind Offshore,2026-07-08T18:59:57Z
2026-07-08T18:58:29Z,2026-07-08T20:58:29+0200,e401fd36-f4a8-45e5-ad91-bdd87731a7ba,2026-06-19T01:30:00Z,2026-06-19T03:30:00+0200,1839.609,MW,DE,DE_LU,actual_offshore_wind_generation,Wind Offshore,2026-07-08T18:59:57Z
2026-07-08T18:58:29Z,2026-07-08T20:58:29+0200,e401fd36-f4a8-45e5-ad91-bdd87731a7ba,2026-06-19T01:45:00Z,2026-06-19T03:45:00+0200,1967.064,MW,DE,DE_LU,actual_offshore_wind_generation,Wind Offshore,2026-07-08T18:59:57Z
2026-07-08T18:58:29Z,2026-07-08T20:58:29+0200,e401fd36-f4a8-45e5-ad91-bdd87731a7ba,2026-06-19T02:00:00Z,2026-06-19T04:00:00+0200,1956.494,MW,DE,DE_LU,actual_offshore_wind_generation,Wind Offshore,2026-07-08T18:59:57Z
2026-07-08T18:58:29Z,2026-07-08T20:58:29+0200,e401fd36-f4a8-45e5-ad91-bdd87731a7ba,2026-06-19T02:15:00Z,2026-06-19T04:15:00+0200,1984.146,MW,DE,DE_LU,actual_offshore_wind_generation,Wind Offshore,2026-07-08T18:59:57Z
2026-07-08T18:58:29Z,2026-07-08T20:58:29+0200,e401fd36-f4a8-45e5-ad91-bdd87731a7ba,2026-06-19T02:30:00Z,2026-06-19T04:30:00+0200,1924.493,MW,DE,DE_LU,actual_offshore_wind_generation,Wind Offshore,2026-07-08T18:59:57Z
2026-07-08T18:58:29Z,2026-07-08T20:58:29+0200,e401fd36-f4a8-45e5-ad91-bdd87731a7ba,2026-06-19T02:45:00Z,2026-06-19T04:45:00+0200,1669.985,MW,DE,DE_LU,actual_offshore_wind_generation,Wind Offshore,2026-07-08T18:59:57Z
2026-07-08T18:58:29Z,2026-07-08T20:58:29+0200,e401fd36-f4a8-45e5-ad91-bdd87731a7ba,2026-06-19T03:00:00Z,2026-06-19T05:00:00+0200,1423.486,MW,DE,DE_LU,actual_offshore_wind_generation,Wind Offshore,2026-07-08T18:59:57Z
2026-07-08T18:58:29Z,2026-07-08T20:58:29+0200,e401fd36-f4a8-45e5-ad91-bdd87731a7ba,2026-06-19T03:15:00Z,2026-06-19T05:15:00+0200,1358.294,MW,DE,DE_LU,actual_offshore_wind_generation,Wind Offshore,2026-07-08T18:59:57Z
2026-07-08T18:58:29Z,2026-07-08T20:58:29+0200,e401fd36-f4a8-45e5-ad91-bdd87731a7ba,2026-06-19T03:30:00Z,2026-06-19T05:30:00+0200,1349.518,MW,DE,DE_LU,actual_offshore_wind_generation,Wind Offshore,2026-07-08T18:59:57Z
2026-07-08T18:58:29Z,2026-07-08T20:58:29+0200,e401fd36-f4a8-45e5-ad91-bdd87731a7ba,2026-06-19T03:45:00Z,2026-06-19T05:45:00+0200,1328.099,MW,DE,DE_LU,actual_offshore_wind_generation,Wind Offshore,2026-07-08T18:59:57Z
2026-07-08T18:58:29Z,2026-07-08T20:58:29+0200,e401fd36-f4a8-45e5-ad91-bdd87731a7ba,2026-06-19T04:00:00Z,2026-06-19T06:00:00+0200,1290.369,MW,DE,DE_LU,actual_offshore_wind_generation,Wind Offshore,2026-07-08T18:59:57Z
2026-07-08T18:58:29Z,2026-07-08T20:58:29+0200,e401fd36-f4a8-45e5-ad91-bdd87731a7ba,2026-06-19T04:15:00Z,2026-06-19T06:15:00+0200,1206.452,MW,DE,DE_LU,actual_offshore_wind_generation,Wind Offshore,2026-07-08T18:59:57Z
2026-07-08T18:58:29Z,2026-07-08T20:58:29+0200,e401fd36-f4a8-45e5-ad91-bdd87731a7ba,2026-06-19T04:30:00Z,2026-06-19T06:30:00+0200,1129.436,MW,DE,DE_LU,actual_offshore_wind_generation,Wind Offshore,2026-07-08T18:59:57Z
2026-07-08T18:58:29Z,2026-07-08T20:58:29+0200,e401fd36-f4a8-45e5-ad91-bdd87731a7ba,2026-06-19T04:45:00Z,2026-06-19T06:45:00+0200,952.321,MW,DE,DE_LU,actual_offshore_wind_generation,Wind Offshore,2026-07-08T18:59:57Z
2026-07-08T18:58:29Z,2026-07-08T20:58:29+0200,e401fd36-f4a8-45e5-ad91-bdd87731a7ba,2026-06-19T05:00:00Z,2026-06-19T07:00:00+0200,830.193,MW,DE,DE_LU,actual_offshore_wind_generation,Wind Offshore,2026-07-08T18:59:57Z
2026-07-08T18:58:29Z,2026-07-08T20:58:29+0200,e401fd36-f4a8-45e5-ad91-bdd87731a7ba,2026-06-19T05:15:00Z,2026-06-19T07:15:00+0200,729.671,MW,DE,DE_LU,actual_offshore_wind_generation,Wind Offshore,2026-07-08T18:59:57Z
2026-07-08T18:58:29Z,2026-07-08T20:58:29+0200,e401fd36-f4a8-45e5-ad91-bdd87731a7ba,2026-06-19T05:30:00Z,2026-06-19T07:30:00+0200,603.161,MW,DE,DE_LU,actual_offshore_wind_generation,Wind Offshore,2026-07-08T18:59:57Z
2026-07-08T18:58:29Z,2026-07-08T20:58:29+0200,e401fd36-f4a8-45e5-ad91-bdd87731a7ba,2026-06-19T05:45:00Z,2026-06-19T07:45:00+0200,549.709,MW,DE,DE_LU,actual_offshore_wind_generation,Wind Offshore,2026-07-08T18:59:57Z
2026-07-08T18:58:29Z,2026-07-08T20:58:29+0200,e401fd36-f4a8-45e5-ad91-bdd87731a7ba,2026-06-19T06:00:00Z,2026-06-19T08:00:00+0200,478.523,MW,DE,DE_LU,actual_offshore_wind_generation,Wind Offshore,2026-07-08T18:59:57Z
2026-07-08T18:58:29Z,2026-07-08T20:58:29+0200,e401fd36-f4a8-45e5-ad91-bdd87731a7ba,2026-06-19T06:15:00Z,2026-06-19T08:15:00+0200,436.133,MW,DE,DE_LU,actual_offshore_wind_generation,Wind Offshore,2026-07-08T18:59:57Z
2026-07-08T18:58:29Z,2026-07-08T20:58:29+0200,e401fd36-f4a8-45e5-ad91-bdd87731a7ba,2026-06-19T06:30:00Z,2026-06-19T08:30:00+0200,474.366,MW,DE,DE_LU,actual_offshore_wind_generation,Wind Offshore,2026-07-08T18:59:57Z
2026-07-08T18:58:29Z,2026-07-08T20:58:29+0200,e401fd36-f4a8-45e5-ad91-bdd87731a7ba,2026-06-19T06:45:00Z,2026-06-19T08:45:00+0200,482.939,MW,DE,DE_LU,actual_offshore_wind_generation,Wind Offshore,2026-07-08T18:59:57Z
2026-07-08T18:58:29Z,2026-07-08T20:58:29+0200,e401fd36-f4a8-45e5-ad91-bdd87731a7ba,2026-06-19T07:00:00Z,2026-06-19T09:00:00+0200,515.786,MW,DE,DE_LU,actual_offshore_wind_generation,Wind Offshore,2026-07-08T18:59:57Z
2026-07-08T18:58:29Z,2026-07-08T20:58:29+0200,e401fd36-f4a8-45e5-ad91-bdd87731a7ba,2026-06-19T07:15:00Z,2026-06-19T09:15:00+0200,510.215,MW,DE,DE_LU,actual_offshore_wind_generation,Wind Offshore,2026-07-08T18:59:57Z
2026-07-08T18:58:29Z,2026-07-08T20:58:29+0200,e401fd36-f4a8-45e5-ad91-bdd87731a7ba,2026-06-19T07:30:00Z,2026-06-19T09:30:00+0200,452.757,MW,DE,DE_LU,actual_offshore_wind_generation,Wind Offshore,2026-07-08T18:59:57Z
2026-07-08T18:58:29Z,2026-07-08T20:58:29+0200,e401fd36-f4a8-45e5-ad91-bdd87731a7ba,2026-06-19T07:45:00Z,2026-06-19T09:45:00+0200,406.12,MW,DE,DE_LU,actual_offshore_wind_generation,Wind Offshore,2026-07-08T18:59:57Z
2026-07-08T18:58:29Z,2026-07-08T20:58:29+0200,e401fd36-f4a8-45e5-ad91-bdd87731a7ba,2026-06-19T08:00:00Z,2026-06-19T10:00:00+0200,440.195,MW,DE,DE_LU,actual_offshore_wind_generation,Wind Offshore,2026-07-08T18:59:57Z
2026-07-08T18:58:29Z,2026-07-08T20:58:29+0200,e401fd36-f4a8-45e5-ad91-bdd87731a7ba,2026-06-19T08:15:00Z,2026-06-19T10:15:00+0200,396.467,MW,DE,DE_LU,actual_offshore_wind_generation,Wind Offshore,2026-07-08T18:59:57Z
2026-07-08T18:58:29Z,2026-07-08T20:58:29+0200,e401fd36-f4a8-45e5-ad91-bdd87731a7ba,2026-06-19T08:30:00Z,2026-06-19T10:30:00+0200,424.571,MW,DE,DE_LU,actual_offshore_wind_generation,Wind Offshore,2026-07-08T18:59:57Z
2026-07-08T18:58:29Z,2026-07-08T20:58:29+0200,e401fd36-f4a8-45e5-ad91-bdd87731a7ba,2026-06-19T08:45:00Z,2026-06-19T10:45:00+0200,560.449,MW,DE,DE_LU,actual_offshore_wind_generation,Wind Offshore,2026-07-08T18:59:57Z
2026-07-08T18:58:29Z,2026-07-08T20:58:29+0200,e401fd36-f4a8-45e5-ad91-bdd87731a7ba,2026-06-19T09:00:00Z,2026-06-19T11:00:00+0200,670.081,MW,DE,DE_LU,actual_offshore_wind_generation,Wind Offshore,2026-07-08T18:59:57Z
2026-07-08T18:58:29Z,2026-07-08T20:58:29+0200,e401fd36-f4a8-45e5-ad91-bdd87731a7ba,2026-06-19T09:15:00Z,2026-06-19T11:15:00+0200,747.938,MW,DE,DE_LU,actual_offshore_wind_generation,Wind Offshore,2026-07-08T18:59:57Z
2026-07-08T18:58:29Z,2026-07-08T20:58:29+0200,e401fd36-f4a8-45e5-ad91-bdd87731a7ba,2026-06-19T09:30:00Z,2026-06-19T11:30:00+0200,777.696,MW,DE,DE_LU,actual_offshore_wind_generation,Wind Offshore,2026-07-08T18:59:57Z
2026-07-08T18:58:29Z,2026-07-08T20:58:29+0200,e401fd36-f4a8-45e5-ad91-bdd87731a7ba,2026-06-19T09:45:00Z,2026-06-19T11:45:00+0200,801.716,MW,DE,DE_LU,actual_offshore_wind_generation,Wind Offshore,2026-07-08T18:59:57Z
2026-07-08T18:58:29Z,2026-07-08T20:58:29+0200,e401fd36-f4a8-45e5-ad91-bdd87731a7ba,2026-06-19T10:00:00Z,2026-06-19T12:00:00+0200,850.633,MW,DE,DE_LU,actual_offshore_wind_generation,Wind Offshore,2026-07-08T18:59:57Z
2026-07-08T18:58:29Z,2026-07-08T20:58:29+0200,e401fd36-f4a8-45e5-ad91-bdd87731a7ba,2026-06-19T10:15:00Z,2026-06-19T12:15:00+0200,927.59,MW,DE,DE_LU,actual_offshore_wind_generation,Wind Offshore,2026-07-08T18:59:57Z
2026-07-08T18:58:29Z,2026-07-08T20:58:29+0200,e401fd36-f4a8-45e5-ad91-bdd87731a7ba,2026-06-19T10:30:00Z,2026-06-19T12:30:00+0200,1005.755,MW,DE,DE_LU,actual_offshore_wind_generation,Wind Offshore,2026-07-08T18:59:57Z
2026-07-08T18:58:29Z,2026-07-08T20:58:29+0200,e401fd36-f4a8-45e5-ad91-bdd87731a7ba,2026-06-19T10:45:00Z,2026-06-19T12:45:00+0200,995.829,MW,DE,DE_LU,actual_offshore_wind_generation,Wind Offshore,2026-07-08T18:59:57Z
2026-07-08T18:58:29Z,2026-07-08T20:58:29+0200,e401fd36-f4a8-45e5-ad91-bdd87731a7ba,2026-06-19T11:00:00Z,2026-06-19T13:00:00+0200,1028.136,MW,DE,DE_LU,actual_offshore_wind_generation,Wind Offshore,2026-07-08T18:59:57Z
2026-07-08T18:58:29Z,2026-07-08T20:58:29+0200,e401fd36-f4a8-45e5-ad91-bdd87731a7ba,2026-06-19T11:15:00Z,2026-06-19T13:15:00+0200,1058.003,MW,DE,DE_LU,actual_offshore_wind_generation,Wind Offshore,2026-07-08T18:59:57Z
2026-07-08T18:58:29Z,2026-07-08T20:58:29+0200,e401fd36-f4a8-45e5-ad91-bdd87731a7ba,2026-06-19T11:30:00Z,2026-06-19T13:30:00+0200,1393.423,MW,DE,DE_LU,actual_offshore_wind_generation,Wind Offshore,2026-07-08T18:59:57Z
2026-07-08T18:58:29Z,2026-07-08T20:58:29+0200,e401fd36-f4a8-45e5-ad91-bdd87731a7ba,2026-06-19T11:45:00Z,2026-06-19T13:45:00+0200,1557.63,MW,DE,DE_LU,actual_offshore_wind_generation,Wind Offshore,2026-07-08T18:59:57Z
2026-07-08T18:58:29Z,2026-07-08T20:58:29+0200,e401fd36-f4a8-45e5-ad91-bdd87731a7ba,2026-06-19T12:00:00Z,2026-06-19T14:00:00+0200,1559.985,MW,DE,DE_LU,actual_offshore_wind_generation,Wind Offshore,2026-07-08T18:59:57Z
2026-07-08T18:58:29Z,2026-07-08T20:58:29+0200,e401fd36-f4a8-45e5-ad91-bdd87731a7ba,2026-06-19T12:15:00Z,2026-06-19T14:15:00+0200,1652.792,MW,DE,DE_LU,actual_offshore_wind_generation,Wind Offshore,2026-07-08T18:59:57Z
2026-07-08T18:58:29Z,2026-07-08T20:58:29+0200,e401fd36-f4a8-45e5-ad91-bdd87731a7ba,2026-06-19T12:30:00Z,2026-06-19T14:30:00+0200,1849.989,MW,DE,DE_LU,actual_offshore_wind_generation,Wind Offshore,2026-07-08T18:59:57Z
2026-07-08T18:58:29Z,2026-07-08T20:58:29+0200,e401fd36-f4a8-45e5-ad91-bdd87731a7ba,2026-06-19T12:45:00Z,2026-06-19T14:45:00+0200,1936.0,MW,DE,DE_LU,actual_offshore_wind_generation,Wind Offshore,2026-07-08T18:59:57Z
2026-07-08T18:58:29Z,2026-07-08T20:58:29+0200,e401fd36-f4a8-45e5-ad91-bdd87731a7ba,2026-06-19T13:00:00Z,2026-06-19T15:00:00+0200,2171.493,MW,DE,DE_LU,actual_offshore_wind_generation,Wind Offshore,2026-07-08T18:59:57Z
2026-07-08T18:58:29Z,2026-07-08T20:58:29+0200,e401fd36-f4a8-45e5-ad91-bdd87731a7ba,2026-06-19T13:15:00Z,2026-06-19T15:15:00+0200,2242.851,MW,DE,DE_LU,actual_offshore_wind_generation,Wind Offshore,2026-07-08T18:59:57Z
2026-07-08T18:58:29Z,2026-07-08T20:58:29+0200,e401fd36-f4a8-45e5-ad91-bdd87731a7ba,2026-06-19T13:30:00Z,2026-06-19T15:30:00+0200,2203.842,MW,DE,DE_LU,actual_offshore_wind_generation,Wind Offshore,2026-07-08T18:59:57Z
2026-07-08T18:58:29Z,2026-07-08T20:58:29+0200,e401fd36-f4a8-45e5-ad91-bdd87731a7ba,2026-06-19T13:45:00Z,2026-06-19T15:45:00+0200,2279.827,MW,DE,DE_LU,actual_offshore_wind_generation,Wind Offshore,2026-07-08T18:59:57Z
2026-07-08T18:58:29Z,2026-07-08T20:58:29+0200,e401fd36-f4a8-45e5-ad91-bdd87731a7ba,2026-06-19T14:00:00Z,2026-06-19T16:00:00+0200,2291.703,MW,DE,DE_LU,actual_offshore_wind_generation,Wind Offshore,2026-07-08T18:59:57Z
2026-07-08T18:58:29Z,2026-07-08T20:58:29+0200,e401fd36-f4a8-45e5-ad91-bdd87731a7ba,2026-06-19T14:15:00Z,2026-06-19T16:15:00+0200,2498.382,MW,DE,DE_LU,actual_offshore_wind_generation,Wind Offshore,2026-07-08T18:59:57Z
2026-07-08T18:58:29Z,2026-07-08T20:58:29+0200,e401fd36-f4a8-45e5-ad91-bdd87731a7ba,2026-06-19T14:30:00Z,2026-06-19T16:30:00+0200,3019.485,MW,DE,DE_LU,actual_offshore_wind_generation,Wind Offshore,2026-07-08T18:59:57Z
2026-07-08T18:58:29Z,2026-07-08T20:58:29+0200,e401fd36-f4a8-45e5-ad91-bdd87731a7ba,2026-06-19T14:45:00Z,2026-06-19T16:45:00+0200,3020.24,MW,DE,DE_LU,actual_offshore_wind_generation,Wind Offshore,2026-07-08T18:59:57Z
2026-07-08T18:58:29Z,2026-07-08T20:58:29+0200,e401fd36-f4a8-45e5-ad91-bdd87731a7ba,2026-06-19T15:00:00Z,2026-06-19T17:00:00+0200,2959.13,MW,DE,DE_LU,actual_offshore_wind_generation,Wind Offshore,2026-07-08T18:59:57Z
2026-07-08T18:58:29Z,2026-07-08T20:58:29+0200,e401fd36-f4a8-45e5-ad91-bdd87731a7ba,2026-06-19T15:15:00Z,2026-06-19T17:15:00+0200,2930.926,MW,DE,DE_LU,actual_offshore_wind_generation,Wind Offshore,2026-07-08T18:59:57Z
2026-07-08T18:58:29Z,2026-07-08T20:58:29+0200,e401fd36-f4a8-45e5-ad91-bdd87731a7ba,2026-06-19T15:30:00Z,2026-06-19T17:30:00+0200,2841.812,MW,DE,DE_LU,actual_offshore_wind_generation,Wind Offshore,2026-07-08T18:59:57Z
2026-07-08T18:58:29Z,2026-07-08T20:58:29+0200,e401fd36-f4a8-45e5-ad91-bdd87731a7ba,2026-06-19T15:45:00Z,2026-06-19T17:45:00+0200,2648.649,MW,DE,DE_LU,actual_offshore_wind_generation,Wind Offshore,2026-07-08T18:59:57Z
2026-07-08T18:58:29Z,2026-07-08T20:58:29+0200,e401fd36-f4a8-45e5-ad91-bdd87731a7ba,2026-06-19T16:00:00Z,2026-06-19T18:00:00+0200,2486.194,MW,DE,DE_LU,actual_offshore_wind_generation,Wind Offshore,2026-07-08T18:59:57Z
2026-07-08T18:58:29Z,2026-07-08T20:58:29+0200,e401fd36-f4a8-45e5-ad91-bdd87731a7ba,2026-06-19T16:15:00Z,2026-06-19T18:15:00+0200,2322.004,MW,DE,DE_LU,actual_offshore_wind_generation,Wind Offshore,2026-07-08T18:59:57Z
2026-07-08T18:58:29Z,2026-07-08T20:58:29+0200,e401fd36-f4a8-45e5-ad91-bdd87731a7ba,2026-06-19T16:30:00Z,2026-06-19T18:30:00+0200,2172.34,MW,DE,DE_LU,actual_offshore_wind_generation,Wind Offshore,2026-07-08T18:59:57Z
2026-07-08T18:58:29Z,2026-07-08T20:58:29+0200,e401fd36-f4a8-45e5-ad91-bdd87731a7ba,2026-06-19T16:45:00Z,2026-06-19T18:45:00+0200,2087.023,MW,DE,DE_LU,actual_offshore_wind_generation,Wind Offshore,2026-07-08T18:59:57Z
2026-07-08T18:58:29Z,2026-07-08T20:58:29+0200,e401fd36-f4a8-45e5-ad91-bdd87731a7ba,2026-06-19T17:00:00Z,2026-06-19T19:00:00+0200,1969.351,MW,DE,DE_LU,actual_offshore_wind_generation,Wind Offshore,2026-07-08T18:59:57Z
2026-07-08T18:58:29Z,2026-07-08T20:58:29+0200,e401fd36-f4a8-45e5-ad91-bdd87731a7ba,2026-06-19T17:15:00Z,2026-06-19T19:15:00+0200,1897.123,MW,DE,DE_LU,actual_offshore_wind_generation,Wind Offshore,2026-07-08T18:59:57Z
2026-07-08T18:58:29Z,2026-07-08T20:58:29+0200,e401fd36-f4a8-45e5-ad91-bdd87731a7ba,2026-06-19T17:30:00Z,2026-06-19T19:30:00+0200,1962.546,MW,DE,DE_LU,actual_offshore_wind_generation,Wind Offshore,2026-07-08T18:59:57Z
2026-07-08T18:58:29Z,2026-07-08T20:58:29+0200,e401fd36-f4a8-45e5-ad91-bdd87731a7ba,2026-06-19T17:45:00Z,2026-06-19T19:45:00+0200,1970.692,MW,DE,DE_LU,actual_offshore_wind_generation,Wind Offshore,2026-07-08T18:59:57Z
2026-07-08T18:58:29Z,2026-07-08T20:58:29+0200,e401fd36-f4a8-45e5-ad91-bdd87731a7ba,2026-06-19T18:00:00Z,2026-06-19T20:00:00+0200,1855.624,MW,DE,DE_LU,actual_offshore_wind_generation,Wind Offshore,2026-07-08T18:59:57Z
2026-07-08T18:58:29Z,2026-07-08T20:58:29+0200,e401fd36-f4a8-45e5-ad91-bdd87731a7ba,2026-06-19T18:15:00Z,2026-06-19T20:15:00+0200,1802.291,MW,DE,DE_LU,actual_offshore_wind_generation,Wind Offshore,2026-07-08T18:59:57Z
2026-07-08T18:58:29Z,2026-07-08T20:58:29+0200,e401fd36-f4a8-45e5-ad91-bdd87731a7ba,2026-06-19T18:30:00Z,2026-06-19T20:30:00+0200,1737.77,MW,DE,DE_LU,actual_offshore_wind_generation,Wind Offshore,2026-07-08T18:59:57Z
2026-07-08T18:58:29Z,2026-07-08T20:58:29+0200,e401fd36-f4a8-45e5-ad91-bdd87731a7ba,2026-06-19T18:45:00Z,2026-06-19T20:45:00+0200,1703.726,MW,DE,DE_LU,actual_offshore_wind_generation,Wind Offshore,2026-07-08T18:59:57Z
2026-07-08T18:58:29Z,2026-07-08T20:58:29+0200,e401fd36-f4a8-45e5-ad91-bdd87731a7ba,2026-06-19T19:00:00Z,2026-06-19T21:00:00+0200,1684.749,MW,DE,DE_LU,actual_offshore_wind_generation,Wind Offshore,2026-07-08T18:59:57Z
2026-07-08T18:58:29Z,2026-07-08T20:58:29+0200,e401fd36-f4a8-45e5-ad91-bdd87731a7ba,2026-06-19T19:15:00Z,2026-06-19T21:15:00+0200,1712.944,MW,DE,DE_LU,actual_offshore_wind_generation,Wind Offshore,2026-07-08T18:59:57Z
2026-07-08T18:58:29Z,2026-07-08T20:58:29+0200,e401fd36-f4a8-45e5-ad91-bdd87731a7ba,2026-06-19T19:30:00Z,2026-06-19T21:30:00+0200,1704.052,MW,DE,DE_LU,actual_offshore_wind_generation,Wind Offshore,2026-07-08T18:59:57Z
2026-07-08T18:58:29Z,2026-07-08T20:58:29+0200,e401fd36-f4a8-45e5-ad91-bdd87731a7ba,2026-06-19T19:45:00Z,2026-06-19T21:45:00+0200,1653.894,MW,DE,DE_LU,actual_offshore_wind_generation,Wind Offshore,2026-07-08T18:59:57Z
2026-07-08T18:58:29Z,2026-07-08T20:58:29+0200,e401fd36-f4a8-45e5-ad91-bdd87731a7ba,2026-06-19T20:00:00Z,2026-06-19T22:00:00+0200,1553.504,MW,DE,DE_LU,actual_offshore_wind_generation,Wind Offshore,2026-07-08T18:59:57Z
2026-07-08T18:58:29Z,2026-07-08T20:58:29+0200,e401fd36-f4a8-45e5-ad91-bdd87731a7ba,2026-06-19T20:15:00Z,2026-06-19T22:15:00+0200,1534.509,MW,DE,DE_LU,actual_offshore_wind_generation,Wind Offshore,2026-07-08T18:59:57Z
2026-07-08T18:58:29Z,2026-07-08T20:58:29+0200,e401fd36-f4a8-45e5-ad91-bdd87731a7ba,2026-06-19T20:30:00Z,2026-06-19T22:30:00+0200,1447.549,MW,DE,DE_LU,actual_offshore_wind_generation,Wind Offshore,2026-07-08T18:59:57Z
2026-07-08T18:58:29Z,2026-07-08T20:58:29+0200,e401fd36-f4a8-45e5-ad91-bdd87731a7ba,2026-06-19T20:45:00Z,2026-06-19T22:45:00+0200,1302.554,MW,DE,DE_LU,actual_offshore_wind_generation,Wind Offshore,2026-07-08T18:59:57Z
2026-07-08T18:58:29Z,2026-07-08T20:58:29+0200,e401fd36-f4a8-45e5-ad91-bdd87731a7ba,2026-06-19T21:00:00Z,2026-06-19T23:00:00+0200,1128.847,MW,DE,DE_LU,actual_offshore_wind_generation,Wind Offshore,2026-07-08T18:59:57Z
2026-07-08T18:58:29Z,2026-07-08T20:58:29+0200,e401fd36-f4a8-45e5-ad91-bdd87731a7ba,2026-06-19T21:15:00Z,2026-06-19T23:15:00+0200,998.22,MW,DE,DE_LU,actual_offshore_wind_generation,Wind Offshore,2026-07-08T18:59:57Z
2026-07-08T18:58:29Z,2026-07-08T20:58:29+0200,e401fd36-f4a8-45e5-ad91-bdd87731a7ba,2026-06-19T21:30:00Z,2026-06-19T23:30:00+0200,877.833,MW,DE,DE_LU,actual_offshore_wind_generation,Wind Offshore,2026-07-08T18:59:57Z
2026-07-08T18:58:29Z,2026-07-08T20:58:29+0200,e401fd36-f4a8-45e5-ad91-bdd87731a7ba,2026-06-19T21:45:00Z,2026-06-19T23:45:00+0200,786.583,MW,DE,DE_LU,actual_offshore_wind_generation,Wind Offshore,2026-07-08T18:59:57Z
2026-07-08T18:58:29Z,2026-07-08T20:58:29+0200,e401fd36-f4a8-45e5-ad91-bdd87731a7ba,2026-06-19T22:00:00Z,2026-06-20T00:00:00+0200,1002.349,MW,DE,DE_LU,actual_offshore_wind_generation,Wind Offshore,2026-07-08T18:59:57Z
2026-07-08T18:58:29Z,2026-07-08T20:58:29+0200,e401fd36-f4a8-45e5-ad91-bdd87731a7ba,2026-06-19T22:15:00Z,2026-06-20T00:15:00+0200,1259.627,MW,DE,DE_LU,actual_offshore_wind_generation,Wind Offshore,2026-07-08T18:59:57Z
2026-07-08T18:58:29Z,2026-07-08T20:58:29+0200,e401fd36-f4a8-45e5-ad91-bdd87731a7ba,2026-06-19T22:30:00Z,2026-06-20T00:30:00+0200,1326.351,MW,DE,DE_LU,actual_offshore_wind_generation,Wind Offshore,2026-07-08T18:59:57Z
2026-07-08T18:58:29Z,2026-07-08T20:58:29+0200,e401fd36-f4a8-45e5-ad91-bdd87731a7ba,2026-06-19T22:45:00Z,2026-06-20T00:45:00+0200,2329.914,MW,DE,DE_LU,actual_offshore_wind_generation,Wind Offshore,2026-07-08T18:59:57Z
2026-07-08T18:58:29Z,2026-07-08T20:58:29+0200,e401fd36-f4a8-45e5-ad91-bdd87731a7ba,2026-06-19T23:00:00Z,2026-06-20T01:00:00+0200,4052.348,MW,DE,DE_LU,actual_offshore_wind_generation,Wind Offshore,2026-07-08T18:59:57Z
2026-07-08T18:58:29Z,2026-07-08T20:58:29+0200,e401fd36-f4a8-45e5-ad91-bdd87731a7ba,2026-06-19T23:15:00Z,2026-06-20T01:15:00+0200,3798.41,MW,DE,DE_LU,actual_offshore_wind_generation,Wind Offshore,2026-07-08T18:59:57Z
2026-07-08T18:58:29Z,2026-07-08T20:58:29+0200,e401fd36-f4a8-45e5-ad91-bdd87731a7ba,2026-06-19T23:30:00Z,2026-06-20T01:30:00+0200,2453.991,MW,DE,DE_LU,actual_offshore_wind_generation,Wind Offshore,2026-07-08T18:59:57Z
2026-07-08T18:58:29Z,2026-07-08T20:58:29+0200,e401fd36-f4a8-45e5-ad91-bdd87731a7ba,2026-06-19T23:45:00Z,2026-06-20T01:45:00+0200,2555.537,MW,DE,DE_LU,actual_offshore_wind_generation,Wind Offshore,2026-07-08T18:59:57Z
2026-07-08T18:58:29Z,2026-07-08T20:58:29+0200,e401fd36-f4a8-45e5-ad91-bdd87731a7ba,2026-06-20T00:00:00Z,2026-06-20T02:00:00+0200,3209.977,MW,DE,DE_LU,actual_offshore_wind_generation,Wind Offshore,2026-07-08T18:59:57Z
2026-07-08T18:58:29Z,2026-07-08T20:58:29+0200,e401fd36-f4a8-45e5-ad91-bdd87731a7ba,2026-06-20T00:15:00Z,2026-06-20T02:15:00+0200,3913.248,MW,DE,DE_LU,actual_offshore_wind_generation,Wind Offshore,2026-07-08T18:59:57Z
2026-07-08T18:58:29Z,2026-07-08T20:58:29+0200,e401fd36-f4a8-45e5-ad91-bdd87731a7ba,2026-06-20T00:30:00Z,2026-06-20T02:30:00+0200,4097.477,MW,DE,DE_LU,actual_offshore_wind_generation,Wind Offshore,2026-07-08T18:59:57Z
2026-07-08T18:58:29Z,2026-07-08T20:58:29+0200,e401fd36-f4a8-45e5-ad91-bdd87731a7ba,2026-06-20T00:45:00Z,2026-06-20T02:45:00+0200,2931.245,MW,DE,DE_LU,actual_offshore_wind_generation,Wind Offshore,2026-07-08T18:59:57Z
2026-07-08T18:58:29Z,2026-07-08T20:58:29+0200,e401fd36-f4a8-45e5-ad91-bdd87731a7ba,2026-06-20T01:00:00Z,2026-06-20T03:00:00+0200,3473.157,MW,DE,DE_LU,actual_offshore_wind_generation,Wind Offshore,2026-07-08T18:59:57Z
2026-07-08T18:58:29Z,2026-07-08T20:58:29+0200,e401fd36-f4a8-45e5-ad91-bdd87731a7ba,2026-06-20T01:15:00Z,2026-06-20T03:15:00+0200,2470.608,MW,DE,DE_LU,actual_offshore_wind_generation,Wind Offshore,2026-07-08T18:59:57Z
2026-07-08T18:58:29Z,2026-07-08T20:58:29+0200,e401fd36-f4a8-45e5-ad91-bdd87731a7ba,2026-06-20T01:30:00Z,2026-06-20T03:30:00+0200,1741.705,MW,DE,DE_LU,actual_offshore_wind_generation,Wind Offshore,2026-07-08T18:59:57Z
2026-07-08T18:58:29Z,2026-07-08T20:58:29+0200,e401fd36-f4a8-45e5-ad91-bdd87731a7ba,2026-06-20T01:45:00Z,2026-06-20T03:45:00+0200,1206.456,MW,DE,DE_LU,actual_offshore_wind_generation,Wind Offshore,2026-07-08T18:59:57Z
2026-07-08T18:58:29Z,2026-07-08T20:58:29+0200,e401fd36-f4a8-45e5-ad91-bdd87731a7ba,2026-06-20T02:00:00Z,2026-06-20T04:00:00+0200,830.829,MW,DE,DE_LU,actual_offshore_wind_generation,Wind Offshore,2026-07-08T18:59:57Z
2026-07-08T18:58:29Z,2026-07-08T20:58:29+0200,e401fd36-f4a8-45e5-ad91-bdd87731a7ba,2026-06-20T02:15:00Z,2026-06-20T04:15:00+0200,866.239,MW,DE,DE_LU,actual_offshore_wind_generation,Wind Offshore,2026-07-08T18:59:57Z
2026-07-08T18:58:29Z,2026-07-08T20:58:29+0200,e401fd36-f4a8-45e5-ad91-bdd87731a7ba,2026-06-20T02:30:00Z,2026-06-20T04:30:00+0200,965.203,MW,DE,DE_LU,actual_offshore_wind_generation,Wind Offshore,2026-07-08T18:59:57Z
2026-07-08T18:58:29Z,2026-07-08T20:58:29+0200,e401fd36-f4a8-45e5-ad91-bdd87731a7ba,2026-06-20T02:45:00Z,2026-06-20T04:45:00+0200,1069.51,MW,DE,DE_LU,actual_offshore_wind_generation,Wind Offshore,2026-07-08T18:59:57Z
2026-07-08T18:58:29Z,2026-07-08T20:58:29+0200,e401fd36-f4a8-45e5-ad91-bdd87731a7ba,2026-06-20T03:00:00Z,2026-06-20T05:00:00+0200,1180.658,MW,DE,DE_LU,actual_offshore_wind_generation,Wind Offshore,2026-07-08T18:59:57Z
2026-07-08T18:58:29Z,2026-07-08T20:58:29+0200,e401fd36-f4a8-45e5-ad91-bdd87731a7ba,2026-06-20T03:15:00Z,2026-06-20T05:15:00+0200,1291.963,MW,DE,DE_LU,actual_offshore_wind_generation,Wind Offshore,2026-07-08T18:59:57Z
2026-07-08T18:58:29Z,2026-07-08T20:58:29+0200,e401fd36-f4a8-45e5-ad91-bdd87731a7ba,2026-06-20T03:30:00Z,2026-06-20T05:30:00+0200,1206.936,MW,DE,DE_LU,actual_offshore_wind_generation,Wind Offshore,2026-07-08T18:59:57Z
2026-07-08T18:58:29Z,2026-07-08T20:58:29+0200,e401fd36-f4a8-45e5-ad91-bdd87731a7ba,2026-06-20T03:45:00Z,2026-06-20T05:45:00+0200,1128.932,MW,DE,DE_LU,actual_offshore_wind_generation,Wind Offshore,2026-07-08T18:59:57Z
2026-07-08T18:58:29Z,2026-07-08T20:58:29+0200,e401fd36-f4a8-45e5-ad91-bdd87731a7ba,2026-06-20T04:00:00Z,2026-06-20T06:00:00+0200,1000.522,MW,DE,DE_LU,actual_offshore_wind_generation,Wind Offshore,2026-07-08T18:59:57Z
2026-07-08T18:58:29Z,2026-07-08T20:58:29+0200,e401fd36-f4a8-45e5-ad91-bdd87731a7ba,2026-06-20T04:15:00Z,2026-06-20T06:15:00+0200,801.821,MW,DE,DE_LU,actual_offshore_wind_generation,Wind Offshore,2026-07-08T18:59:57Z
2026-07-08T18:58:29Z,2026-07-08T20:58:29+0200,e401fd36-f4a8-45e5-ad91-bdd87731a7ba,2026-06-20T04:30:00Z,2026-06-20T06:30:00+0200,778.801,MW,DE,DE_LU,actual_offshore_wind_generation,Wind Offshore,2026-07-08T18:59:57Z
2026-07-08T18:58:29Z,2026-07-08T20:58:29+0200,e401fd36-f4a8-45e5-ad91-bdd87731a7ba,2026-06-20T04:45:00Z,2026-06-20T06:45:00+0200,713.051,MW,DE,DE_LU,actual_offshore_wind_generation,Wind Offshore,2026-07-08T18:59:57Z
2026-07-08T18:58:29Z,2026-07-08T20:58:29+0200,e401fd36-f4a8-45e5-ad91-bdd87731a7ba,2026-06-20T05:00:00Z,2026-06-20T07:00:00+0200,1290.484,MW,DE,DE_LU,actual_offshore_wind_generation,Wind Offshore,2026-07-08T18:59:57Z
2026-07-08T18:58:29Z,2026-07-08T20:58:29+0200,e401fd36-f4a8-45e5-ad91-bdd87731a7ba,2026-06-20T05:15:00Z,2026-06-20T07:15:00+0200,1442.034,MW,DE,DE_LU,actual_offshore_wind_generation,Wind Offshore,2026-07-08T18:59:57Z
2026-07-08T18:58:29Z,2026-07-08T20:58:29+0200,e401fd36-f4a8-45e5-ad91-bdd87731a7ba,2026-06-20T05:30:00Z,2026-06-20T07:30:00+0200,1541.608,MW,DE,DE_LU,actual_offshore_wind_generation,Wind Offshore,2026-07-08T18:59:57Z
2026-07-08T18:58:29Z,2026-07-08T20:58:29+0200,e401fd36-f4a8-45e5-ad91-bdd87731a7ba,2026-06-20T05:45:00Z,2026-06-20T07:45:00+0200,1959.94,MW,DE,DE_LU,actual_offshore_wind_generation,Wind Offshore,2026-07-08T18:59:57Z
2026-07-08T18:58:29Z,2026-07-08T20:58:29+0200,e401fd36-f4a8-45e5-ad91-bdd87731a7ba,2026-06-20T06:00:00Z,2026-06-20T08:00:00+0200,2068.153,MW,DE,DE_LU,actual_offshore_wind_generation,Wind Offshore,2026-07-08T18:59:57Z
2026-07-08T18:58:29Z,2026-07-08T20:58:29+0200,e401fd36-f4a8-45e5-ad91-bdd87731a7ba,2026-06-20T06:15:00Z,2026-06-20T08:15:00+0200,2291.47,MW,DE,DE_LU,actual_offshore_wind_generation,Wind Offshore,2026-07-08T18:59:57Z
2026-07-08T18:58:29Z,2026-07-08T20:58:29+0200,e401fd36-f4a8-45e5-ad91-bdd87731a7ba,2026-06-20T06:30:00Z,2026-06-20T08:30:00+0200,2328.361,MW,DE,DE_LU,actual_offshore_wind_generation,Wind Offshore,2026-07-08T18:59:57Z
2026-07-08T18:58:29Z,2026-07-08T20:58:29+0200,e401fd36-f4a8-45e5-ad91-bdd87731a7ba,2026-06-20T06:45:00Z,2026-06-20T08:45:00+0200,1904.715,MW,DE,DE_LU,actual_offshore_wind_generation,Wind Offshore,2026-07-08T18:59:57Z
2026-07-08T18:58:29Z,2026-07-08T20:58:29+0200,e401fd36-f4a8-45e5-ad91-bdd87731a7ba,2026-06-20T07:00:00Z,2026-06-20T09:00:00+0200,2240.488,MW,DE,DE_LU,actual_offshore_wind_generation,Wind Offshore,2026-07-08T18:59:57Z
2026-07-08T18:58:29Z,2026-07-08T20:58:29+0200,e401fd36-f4a8-45e5-ad91-bdd87731a7ba,2026-06-20T07:15:00Z,2026-06-20T09:15:00+0200,2245.213,MW,DE,DE_LU,actual_offshore_wind_generation,Wind Offshore,2026-07-08T18:59:57Z
2026-07-08T18:58:29Z,2026-07-08T20:58:29+0200,e401fd36-f4a8-45e5-ad91-bdd87731a7ba,2026-06-20T07:30:00Z,2026-06-20T09:30:00+0200,2234.588,MW,DE,DE_LU,actual_offshore_wind_generation,Wind Offshore,2026-07-08T18:59:57Z
2026-07-08T18:58:29Z,2026-07-08T20:58:29+0200,e401fd36-f4a8-45e5-ad91-bdd87731a7ba,2026-06-20T07:45:00Z,2026-06-20T09:45:00+0200,2096.971,MW,DE,DE_LU,actual_offshore_wind_generation,Wind Offshore,2026-07-08T18:59:57Z
2026-07-08T18:58:29Z,2026-07-08T20:58:29+0200,e401fd36-f4a8-45e5-ad91-bdd87731a7ba,2026-06-20T08:00:00Z,2026-06-20T10:00:00+0200,2060.304,MW,DE,DE_LU,actual_offshore_wind_generation,Wind Offshore,2026-07-08T18:59:57Z
2026-07-08T18:58:29Z,2026-07-08T20:58:29+0200,e401fd36-f4a8-45e5-ad91-bdd87731a7ba,2026-06-20T08:15:00Z,2026-06-20T10:15:00+0200,2141.616,MW,DE,DE_LU,actual_offshore_wind_generation,Wind Offshore,2026-07-08T18:59:57Z
2026-07-08T18:58:29Z,2026-07-08T20:58:29+0200,e401fd36-f4a8-45e5-ad91-bdd87731a7ba,2026-06-20T08:30:00Z,2026-06-20T10:30:00+0200,2203.721,MW,DE,DE_LU,actual_offshore_wind_generation,Wind Offshore,2026-07-08T18:59:57Z
2026-07-08T18:58:29Z,2026-07-08T20:58:29+0200,e401fd36-f4a8-45e5-ad91-bdd87731a7ba,2026-06-20T08:45:00Z,2026-06-20T10:45:00+0200,2202.205,MW,DE,DE_LU,actual_offshore_wind_generation,Wind Offshore,2026-07-08T18:59:57Z
2026-07-08T18:58:29Z,2026-07-08T20:58:29+0200,e401fd36-f4a8-45e5-ad91-bdd87731a7ba,2026-06-20T09:00:00Z,2026-06-20T11:00:00+0200,2225.422,MW,DE,DE_LU,actual_offshore_wind_generation,Wind Offshore,2026-07-08T18:59:57Z
2026-07-08T18:58:29Z,2026-07-08T20:58:29+0200,e401fd36-f4a8-45e5-ad91-bdd87731a7ba,2026-06-20T09:15:00Z,2026-06-20T11:15:00+0200,2009.817,MW,DE,DE_LU,actual_offshore_wind_generation,Wind Offshore,2026-07-08T18:59:57Z
2026-07-08T18:58:29Z,2026-07-08T20:58:29+0200,e401fd36-f4a8-45e5-ad91-bdd87731a7ba,2026-06-20T09:30:00Z,2026-06-20T11:30:00+0200,1874.518,MW,DE,DE_LU,actual_offshore_wind_generation,Wind Offshore,2026-07-08T18:59:57Z
2026-07-08T18:58:29Z,2026-07-08T20:58:29+0200,e401fd36-f4a8-45e5-ad91-bdd87731a7ba,2026-06-20T09:45:00Z,2026-06-20T11:45:00+0200,1924.983,MW,DE,DE_LU,actual_offshore_wind_generation,Wind Offshore,2026-07-08T18:59:57Z
2026-07-08T18:58:29Z,2026-07-08T20:58:29+0200,e401fd36-f4a8-45e5-ad91-bdd87731a7ba,2026-06-20T10:00:00Z,2026-06-20T12:00:00+0200,1792.33,MW,DE,DE_LU,actual_offshore_wind_generation,Wind Offshore,2026-07-08T18:59:57Z
2026-07-08T18:58:29Z,2026-07-08T20:58:29+0200,e401fd36-f4a8-45e5-ad91-bdd87731a7ba,2026-06-20T10:15:00Z,2026-06-20T12:15:00+0200,1666.74,MW,DE,DE_LU,actual_offshore_wind_generation,Wind Offshore,2026-07-08T18:59:57Z
2026-07-08T18:58:29Z,2026-07-08T20:58:29+0200,e401fd36-f4a8-45e5-ad91-bdd87731a7ba,2026-06-20T10:30:00Z,2026-06-20T12:30:00+0200,1489.774,MW,DE,DE_LU,actual_offshore_wind_generation,Wind Offshore,2026-07-08T18:59:57Z
2026-07-08T18:58:29Z,2026-07-08T20:58:29+0200,e401fd36-f4a8-45e5-ad91-bdd87731a7ba,2026-06-20T10:45:00Z,2026-06-20T12:45:00+0200,1610.628,MW,DE,DE_LU,actual_offshore_wind_generation,Wind Offshore,2026-07-08T18:59:57Z
2026-07-08T18:58:29Z,2026-07-08T20:58:29+0200,e401fd36-f4a8-45e5-ad91-bdd87731a7ba,2026-06-20T11:00:00Z,2026-06-20T13:00:00+0200,1613.328,MW,DE,DE_LU,actual_offshore_wind_generation,Wind Offshore,2026-07-08T18:59:57Z
2026-07-08T18:58:29Z,2026-07-08T20:58:29+0200,e401fd36-f4a8-45e5-ad91-bdd87731a7ba,2026-06-20T11:15:00Z,2026-06-20T13:15:00+0200,1275.645,MW,DE,DE_LU,actual_offshore_wind_generation,Wind Offshore,2026-07-08T18:59:57Z
2026-07-08T18:58:29Z,2026-07-08T20:58:29+0200,e401fd36-f4a8-45e5-ad91-bdd87731a7ba,2026-06-20T11:30:00Z,2026-06-20T13:30:00+0200,1220.403,MW,DE,DE_LU,actual_offshore_wind_generation,Wind Offshore,2026-07-08T18:59:57Z
2026-07-08T18:58:29Z,2026-07-08T20:58:29+0200,e401fd36-f4a8-45e5-ad91-bdd87731a7ba,2026-06-20T11:45:00Z,2026-06-20T13:45:00+0200,1355.361,MW,DE,DE_LU,actual_offshore_wind_generation,Wind Offshore,2026-07-08T18:59:57Z
2026-07-08T18:58:29Z,2026-07-08T20:58:29+0200,e401fd36-f4a8-45e5-ad91-bdd87731a7ba,2026-06-20T12:00:00Z,2026-06-20T14:00:00+0200,1121.149,MW,DE,DE_LU,actual_offshore_wind_generation,Wind Offshore,2026-07-08T18:59:57Z
2026-07-08T18:58:29Z,2026-07-08T20:58:29+0200,e401fd36-f4a8-45e5-ad91-bdd87731a7ba,2026-06-20T12:15:00Z,2026-06-20T14:15:00+0200,1164.626,MW,DE,DE_LU,actual_offshore_wind_generation,Wind Offshore,2026-07-08T18:59:57Z
2026-07-08T18:58:29Z,2026-07-08T20:58:29+0200,e401fd36-f4a8-45e5-ad91-bdd87731a7ba,2026-06-20T12:30:00Z,2026-06-20T14:30:00+0200,1190.459,MW,DE,DE_LU,actual_offshore_wind_generation,Wind Offshore,2026-07-08T18:59:57Z
2026-07-08T18:58:29Z,2026-07-08T20:58:29+0200,e401fd36-f4a8-45e5-ad91-bdd87731a7ba,2026-06-20T12:45:00Z,2026-06-20T14:45:00+0200,1081.502,MW,DE,DE_LU,actual_offshore_wind_generation,Wind Offshore,2026-07-08T18:59:57Z
2026-07-08T18:58:29Z,2026-07-08T20:58:29+0200,e401fd36-f4a8-45e5-ad91-bdd87731a7ba,2026-06-20T13:00:00Z,2026-06-20T15:00:00+0200,924.726,MW,DE,DE_LU,actual_offshore_wind_generation,Wind Offshore,2026-07-08T18:59:57Z
2026-07-08T18:58:29Z,2026-07-08T20:58:29+0200,e401fd36-f4a8-45e5-ad91-bdd87731a7ba,2026-06-20T13:15:00Z,2026-06-20T15:15:00+0200,900.618,MW,DE,DE_LU,actual_offshore_wind_generation,Wind Offshore,2026-07-08T18:59:57Z
2026-07-08T18:58:29Z,2026-07-08T20:58:29+0200,e401fd36-f4a8-45e5-ad91-bdd87731a7ba,2026-06-20T13:30:00Z,2026-06-20T15:30:00+0200,929.335,MW,DE,DE_LU,actual_offshore_wind_generation,Wind Offshore,2026-07-08T18:59:57Z
2026-07-08T18:58:29Z,2026-07-08T20:58:29+0200,e401fd36-f4a8-45e5-ad91-bdd87731a7ba,2026-06-20T13:45:00Z,2026-06-20T15:45:00+0200,1128.174,MW,DE,DE_LU,actual_offshore_wind_generation,Wind Offshore,2026-07-08T18:59:57Z
2026-07-08T18:58:29Z,2026-07-08T20:58:29+0200,e401fd36-f4a8-45e5-ad91-bdd87731a7ba,2026-06-20T14:00:00Z,2026-06-20T16:00:00+0200,1129.89,MW,DE,DE_LU,actual_offshore_wind_generation,Wind Offshore,2026-07-08T18:59:57Z
2026-07-08T18:58:29Z,2026-07-08T20:58:29+0200,e401fd36-f4a8-45e5-ad91-bdd87731a7ba,2026-06-20T14:15:00Z,2026-06-20T16:15:00+0200,1065.139,MW,DE,DE_LU,actual_offshore_wind_generation,Wind Offshore,2026-07-08T18:59:57Z
2026-07-08T18:58:29Z,2026-07-08T20:58:29+0200,e401fd36-f4a8-45e5-ad91-bdd87731a7ba,2026-06-20T14:30:00Z,2026-06-20T16:30:00+0200,1034.932,MW,DE,DE_LU,actual_offshore_wind_generation,Wind Offshore,2026-07-08T18:59:57Z
2026-07-08T18:58:29Z,2026-07-08T20:58:29+0200,e401fd36-f4a8-45e5-ad91-bdd87731a7ba,2026-06-20T14:45:00Z,2026-06-20T16:45:00+0200,1024.597,MW,DE,DE_LU,actual_offshore_wind_generation,Wind Offshore,2026-07-08T18:59:57Z
2026-07-08T18:58:29Z,2026-07-08T20:58:29+0200,e401fd36-f4a8-45e5-ad91-bdd87731a7ba,2026-06-20T15:00:00Z,2026-06-20T17:00:00+0200,1120.184,MW,DE,DE_LU,actual_offshore_wind_generation,Wind Offshore,2026-07-08T18:59:57Z
2026-07-08T18:58:29Z,2026-07-08T20:58:29+0200,e401fd36-f4a8-45e5-ad91-bdd87731a7ba,2026-06-20T15:15:00Z,2026-06-20T17:15:00+0200,1098.408,MW,DE,DE_LU,actual_offshore_wind_generation,Wind Offshore,2026-07-08T18:59:57Z
2026-07-08T18:58:29Z,2026-07-08T20:58:29+0200,e401fd36-f4a8-45e5-ad91-bdd87731a7ba,2026-06-20T15:30:00Z,2026-06-20T17:30:00+0200,1160.451,MW,DE,DE_LU,actual_offshore_wind_generation,Wind Offshore,2026-07-08T18:59:57Z
2026-07-08T18:58:29Z,2026-07-08T20:58:29+0200,e401fd36-f4a8-45e5-ad91-bdd87731a7ba,2026-06-20T15:45:00Z,2026-06-20T17:45:00+0200,1079.114,MW,DE,DE_LU,actual_offshore_wind_generation,Wind Offshore,2026-07-08T18:59:57Z
2026-07-08T18:58:29Z,2026-07-08T20:58:29+0200,e401fd36-f4a8-45e5-ad91-bdd87731a7ba,2026-06-20T16:00:00Z,2026-06-20T18:00:00+0200,1017.575,MW,DE,DE_LU,actual_offshore_wind_generation,Wind Offshore,2026-07-08T18:59:57Z
2026-07-08T18:58:29Z,2026-07-08T20:58:29+0200,e401fd36-f4a8-45e5-ad91-bdd87731a7ba,2026-06-20T16:15:00Z,2026-06-20T18:15:00+0200,949.791,MW,DE,DE_LU,actual_offshore_wind_generation,Wind Offshore,2026-07-08T18:59:57Z
2026-07-08T18:58:29Z,2026-07-08T20:58:29+0200,e401fd36-f4a8-45e5-ad91-bdd87731a7ba,2026-06-20T16:30:00Z,2026-06-20T18:30:00+0200,942.482,MW,DE,DE_LU,actual_offshore_wind_generation,Wind Offshore,2026-07-08T18:59:57Z
2026-07-08T18:58:29Z,2026-07-08T20:58:29+0200,e401fd36-f4a8-45e5-ad91-bdd87731a7ba,2026-06-20T16:45:00Z,2026-06-20T18:45:00+0200,916.842,MW,DE,DE_LU,actual_offshore_wind_generation,Wind Offshore,2026-07-08T18:59:57Z
2026-07-08T18:58:29Z,2026-07-08T20:58:29+0200,e401fd36-f4a8-45e5-ad91-bdd87731a7ba,2026-06-20T17:00:00Z,2026-06-20T19:00:00+0200,832.913,MW,DE,DE_LU,actual_offshore_wind_generation,Wind Offshore,2026-07-08T18:59:57Z
2026-07-08T18:58:29Z,2026-07-08T20:58:29+0200,e401fd36-f4a8-45e5-ad91-bdd87731a7ba,2026-06-20T17:15:00Z,2026-06-20T19:15:00+0200,757.121,MW,DE,DE_LU,actual_offshore_wind_generation,Wind Offshore,2026-07-08T18:59:57Z
2026-07-08T18:58:29Z,2026-07-08T20:58:29+0200,e401fd36-f4a8-45e5-ad91-bdd87731a7ba,2026-06-20T17:30:00Z,2026-06-20T19:30:00+0200,637.989,MW,DE,DE_LU,actual_offshore_wind_generation,Wind Offshore,2026-07-08T18:59:57Z
2026-07-08T18:58:29Z,2026-07-08T20:58:29+0200,e401fd36-f4a8-45e5-ad91-bdd87731a7ba,2026-06-20T17:45:00Z,2026-06-20T19:45:00+0200,552.463,MW,DE,DE_LU,actual_offshore_wind_generation,Wind Offshore,2026-07-08T18:59:57Z
2026-07-08T18:58:29Z,2026-07-08T20:58:29+0200,e401fd36-f4a8-45e5-ad91-bdd87731a7ba,2026-06-20T18:00:00Z,2026-06-20T20:00:00+0200,533.891,MW,DE,DE_LU,actual_offshore_wind_generation,Wind Offshore,2026-07-08T18:59:57Z
2026-07-08T18:58:29Z,2026-07-08T20:58:29+0200,e401fd36-f4a8-45e5-ad91-bdd87731a7ba,2026-06-20T18:15:00Z,2026-06-20T20:15:00+0200,500.745,MW,DE,DE_LU,actual_offshore_wind_generation,Wind Offshore,2026-07-08T18:59:57Z
2026-07-08T18:58:29Z,2026-07-08T20:58:29+0200,e401fd36-f4a8-45e5-ad91-bdd87731a7ba,2026-06-20T18:30:00Z,2026-06-20T20:30:00+0200,477.822,MW,DE,DE_LU,actual_offshore_wind_generation,Wind Offshore,2026-07-08T18:59:57Z
2026-07-08T18:58:29Z,2026-07-08T20:58:29+0200,e401fd36-f4a8-45e5-ad91-bdd87731a7ba,2026-06-20T18:45:00Z,2026-06-20T20:45:00+0200,453.628,MW,DE,DE_LU,actual_offshore_wind_generation,Wind Offshore,2026-07-08T18:59:57Z
2026-07-08T18:58:29Z,2026-07-08T20:58:29+0200,e401fd36-f4a8-45e5-ad91-bdd87731a7ba,2026-06-20T19:00:00Z,2026-06-20T21:00:00+0200,395.351,MW,DE,DE_LU,actual_offshore_wind_generation,Wind Offshore,2026-07-08T18:59:57Z
2026-07-08T18:58:29Z,2026-07-08T20:58:29+0200,e401fd36-f4a8-45e5-ad91-bdd87731a7ba,2026-06-20T19:15:00Z,2026-06-20T21:15:00+0200,331.694,MW,DE,DE_LU,actual_offshore_wind_generation,Wind Offshore,2026-07-08T18:59:57Z
2026-07-08T18:58:29Z,2026-07-08T20:58:29+0200,e401fd36-f4a8-45e5-ad91-bdd87731a7ba,2026-06-20T19:30:00Z,2026-06-20T21:30:00+0200,276.399,MW,DE,DE_LU,actual_offshore_wind_generation,Wind Offshore,2026-07-08T18:59:57Z
2026-07-08T18:58:29Z,2026-07-08T20:58:29+0200,e401fd36-f4a8-45e5-ad91-bdd87731a7ba,2026-06-20T19:45:00Z,2026-06-20T21:45:00+0200,219.271,MW,DE,DE_LU,actual_offshore_wind_generation,Wind Offshore,2026-07-08T18:59:57Z
2026-07-08T18:58:29Z,2026-07-08T20:58:29+0200,e401fd36-f4a8-45e5-ad91-bdd87731a7ba,2026-06-20T20:00:00Z,2026-06-20T22:00:00+0200,188.497,MW,DE,DE_LU,actual_offshore_wind_generation,Wind Offshore,2026-07-08T18:59:57Z
2026-07-08T18:58:29Z,2026-07-08T20:58:29+0200,e401fd36-f4a8-45e5-ad91-bdd87731a7ba,2026-06-20T20:15:00Z,2026-06-20T22:15:00+0200,154.124,MW,DE,DE_LU,actual_offshore_wind_generation,Wind Offshore,2026-07-08T18:59:57Z
2026-07-08T18:58:29Z,2026-07-08T20:58:29+0200,e401fd36-f4a8-45e5-ad91-bdd87731a7ba,2026-06-20T20:30:00Z,2026-06-20T22:30:00+0200,133.253,MW,DE,DE_LU,actual_offshore_wind_generation,Wind Offshore,2026-07-08T18:59:57Z
2026-07-08T18:58:29Z,2026-07-08T20:58:29+0200,e401fd36-f4a8-45e5-ad91-bdd87731a7ba,2026-06-20T20:45:00Z,2026-06-20T22:45:00+0200,127.456,MW,DE,DE_LU,actual_offshore_wind_generation,Wind Offshore,2026-07-08T18:59:57Z
2026-07-08T18:58:29Z,2026-07-08T20:58:29+0200,e401fd36-f4a8-45e5-ad91-bdd87731a7ba,2026-06-20T21:00:00Z,2026-06-20T23:00:00+0200,113.53,MW,DE,DE_LU,actual_offshore_wind_generation,Wind Offshore,2026-07-08T18:59:57Z
2026-07-08T18:58:29Z,2026-07-08T20:58:29+0200,e401fd36-f4a8-45e5-ad91-bdd87731a7ba,2026-06-20T21:15:00Z,2026-06-20T23:15:00+0200,121.742,MW,DE,DE_LU,actual_offshore_wind_generation,Wind Offshore,2026-07-08T18:59:57Z
2026-07-08T18:58:29Z,2026-07-08T20:58:29+0200,e401fd36-f4a8-45e5-ad91-bdd87731a7ba,2026-06-20T21:30:00Z,2026-06-20T23:30:00+0200,137.356,MW,DE,DE_LU,actual_offshore_wind_generation,Wind Offshore,2026-07-08T18:59:57Z
2026-07-08T18:58:29Z,2026-07-08T20:58:29+0200,e401fd36-f4a8-45e5-ad91-bdd87731a7ba,2026-06-20T21:45:00Z,2026-06-20T23:45:00+0200,146.667,MW,DE,DE_LU,actual_offshore_wind_generation,Wind Offshore,2026-07-08T18:59:57Z
2026-07-08T18:58:29Z,2026-07-08T20:58:29+0200,e401fd36-f4a8-45e5-ad91-bdd87731a7ba,2026-06-20T22:00:00Z,2026-06-21T00:00:00+0200,162.387,MW,DE,DE_LU,actual_offshore_wind_generation,Wind Offshore,2026-07-08T18:59:57Z
2026-07-08T18:58:29Z,2026-07-08T20:58:29+0200,e401fd36-f4a8-45e5-ad91-bdd87731a7ba,2026-06-20T22:15:00Z,2026-06-21T00:15:00+0200,164.823,MW,DE,DE_LU,actual_offshore_wind_generation,Wind Offshore,2026-07-08T18:59:57Z
2026-07-08T18:58:29Z,2026-07-08T20:58:29+0200,e401fd36-f4a8-45e5-ad91-bdd87731a7ba,2026-06-20T22:30:00Z,2026-06-21T00:30:00+0200,201.001,MW,DE,DE_LU,actual_offshore_wind_generation,Wind Offshore,2026-07-08T18:59:57Z
2026-07-08T18:58:29Z,2026-07-08T20:58:29+0200,e401fd36-f4a8-45e5-ad91-bdd87731a7ba,2026-06-20T22:45:00Z,2026-06-21T00:45:00+0200,259.057,MW,DE,DE_LU,actual_offshore_wind_generation,Wind Offshore,2026-07-08T18:59:57Z
2026-07-08T18:58:29Z,2026-07-08T20:58:29+0200,e401fd36-f4a8-45e5-ad91-bdd87731a7ba,2026-06-20T23:00:00Z,2026-06-21T01:00:00+0200,276.564,MW,DE,DE_LU,actual_offshore_wind_generation,Wind Offshore,2026-07-08T18:59:57Z
2026-07-08T18:58:29Z,2026-07-08T20:58:29+0200,e401fd36-f4a8-45e5-ad91-bdd87731a7ba,2026-06-20T23:15:00Z,2026-06-21T01:15:00+0200,258.495,MW,DE,DE_LU,actual_offshore_wind_generation,Wind Offshore,2026-07-08T18:59:57Z
2026-07-08T18:58:29Z,2026-07-08T20:58:29+0200,e401fd36-f4a8-45e5-ad91-bdd87731a7ba,2026-06-20T23:30:00Z,2026-06-21T01:30:00+0200,310.981,MW,DE,DE_LU,actual_offshore_wind_generation,Wind Offshore,2026-07-08T18:59:57Z
2026-07-08T18:58:29Z,2026-07-08T20:58:29+0200,e401fd36-f4a8-45e5-ad91-bdd87731a7ba,2026-06-20T23:45:00Z,2026-06-21T01:45:00+0200,343.699,MW,DE,DE_LU,actual_offshore_wind_generation,Wind Offshore,2026-07-08T18:59:57Z
2026-07-08T18:58:29Z,2026-07-08T20:58:29+0200,e401fd36-f4a8-45e5-ad91-bdd87731a7ba,2026-06-21T00:00:00Z,2026-06-21T02:00:00+0200,437.369,MW,DE,DE_LU,actual_offshore_wind_generation,Wind Offshore,2026-07-08T18:59:57Z
2026-07-08T18:58:29Z,2026-07-08T20:58:29+0200,e401fd36-f4a8-45e5-ad91-bdd87731a7ba,2026-06-21T00:15:00Z,2026-06-21T02:15:00+0200,476.565,MW,DE,DE_LU,actual_offshore_wind_generation,Wind Offshore,2026-07-08T18:59:57Z
2026-07-08T18:58:29Z,2026-07-08T20:58:29+0200,e401fd36-f4a8-45e5-ad91-bdd87731a7ba,2026-06-21T00:30:00Z,2026-06-21T02:30:00+0200,464.877,MW,DE,DE_LU,actual_offshore_wind_generation,Wind Offshore,2026-07-08T18:59:57Z
2026-07-08T18:58:29Z,2026-07-08T20:58:29+0200,e401fd36-f4a8-45e5-ad91-bdd87731a7ba,2026-06-21T00:45:00Z,2026-06-21T02:45:00+0200,418.265,MW,DE,DE_LU,actual_offshore_wind_generation,Wind Offshore,2026-07-08T18:59:57Z
2026-07-08T18:58:29Z,2026-07-08T20:58:29+0200,e401fd36-f4a8-45e5-ad91-bdd87731a7ba,2026-06-21T01:00:00Z,2026-06-21T03:00:00+0200,308.474,MW,DE,DE_LU,actual_offshore_wind_generation,Wind Offshore,2026-07-08T18:59:57Z
2026-07-08T18:58:29Z,2026-07-08T20:58:29+0200,e401fd36-f4a8-45e5-ad91-bdd87731a7ba,2026-06-21T01:15:00Z,2026-06-21T03:15:00+0200,265.391,MW,DE,DE_LU,actual_offshore_wind_generation,Wind Offshore,2026-07-08T18:59:57Z
2026-07-08T18:58:29Z,2026-07-08T20:58:29+0200,e401fd36-f4a8-45e5-ad91-bdd87731a7ba,2026-06-21T01:30:00Z,2026-06-21T03:30:00+0200,227.188,MW,DE,DE_LU,actual_offshore_wind_generation,Wind Offshore,2026-07-08T18:59:57Z
2026-07-08T18:58:29Z,2026-07-08T20:58:29+0200,e401fd36-f4a8-45e5-ad91-bdd87731a7ba,2026-06-21T01:45:00Z,2026-06-21T03:45:00+0200,198.485,MW,DE,DE_LU,actual_offshore_wind_generation,Wind Offshore,2026-07-08T18:59:57Z
2026-07-08T18:58:29Z,2026-07-08T20:58:29+0200,e401fd36-f4a8-45e5-ad91-bdd87731a7ba,2026-06-21T02:00:00Z,2026-06-21T04:00:00+0200,219.674,MW,DE,DE_LU,actual_offshore_wind_generation,Wind Offshore,2026-07-08T18:59:57Z
2026-07-08T18:58:29Z,2026-07-08T20:58:29+0200,e401fd36-f4a8-45e5-ad91-bdd87731a7ba,2026-06-21T02:15:00Z,2026-06-21T04:15:00+0200,285.124,MW,DE,DE_LU,actual_offshore_wind_generation,Wind Offshore,2026-07-08T18:59:57Z
2026-07-08T18:58:29Z,2026-07-08T20:58:29+0200,e401fd36-f4a8-45e5-ad91-bdd87731a7ba,2026-06-21T02:30:00Z,2026-06-21T04:30:00+0200,349.94,MW,DE,DE_LU,actual_offshore_wind_generation,Wind Offshore,2026-07-08T18:59:57Z
2026-07-08T18:58:29Z,2026-07-08T20:58:29+0200,e401fd36-f4a8-45e5-ad91-bdd87731a7ba,2026-06-21T02:45:00Z,2026-06-21T04:45:00+0200,358.288,MW,DE,DE_LU,actual_offshore_wind_generation,Wind Offshore,2026-07-08T18:59:57Z
2026-07-08T18:58:29Z,2026-07-08T20:58:29+0200,e401fd36-f4a8-45e5-ad91-bdd87731a7ba,2026-06-21T03:00:00Z,2026-06-21T05:00:00+0200,263.116,MW,DE,DE_LU,actual_offshore_wind_generation,Wind Offshore,2026-07-08T18:59:57Z
2026-07-08T18:58:29Z,2026-07-08T20:58:29+0200,e401fd36-f4a8-45e5-ad91-bdd87731a7ba,2026-06-21T03:15:00Z,2026-06-21T05:15:00+0200,257.769,MW,DE,DE_LU,actual_offshore_wind_generation,Wind Offshore,2026-07-08T18:59:57Z
2026-07-08T18:58:29Z,2026-07-08T20:58:29+0200,e401fd36-f4a8-45e5-ad91-bdd87731a7ba,2026-06-21T03:30:00Z,2026-06-21T05:30:00+0200,245.828,MW,DE,DE_LU,actual_offshore_wind_generation,Wind Offshore,2026-07-08T18:59:57Z
2026-07-08T18:58:29Z,2026-07-08T20:58:29+0200,e401fd36-f4a8-45e5-ad91-bdd87731a7ba,2026-06-21T03:45:00Z,2026-06-21T05:45:00+0200,180.037,MW,DE,DE_LU,actual_offshore_wind_generation,Wind Offshore,2026-07-08T18:59:57Z
2026-07-08T18:58:29Z,2026-07-08T20:58:29+0200,e401fd36-f4a8-45e5-ad91-bdd87731a7ba,2026-06-21T04:00:00Z,2026-06-21T06:00:00+0200,155.102,MW,DE,DE_LU,actual_offshore_wind_generation,Wind Offshore,2026-07-08T18:59:57Z
2026-07-08T18:58:29Z,2026-07-08T20:58:29+0200,e401fd36-f4a8-45e5-ad91-bdd87731a7ba,2026-06-21T04:15:00Z,2026-06-21T06:15:00+0200,216.601,MW,DE,DE_LU,actual_offshore_wind_generation,Wind Offshore,2026-07-08T18:59:57Z
2026-07-08T18:58:29Z,2026-07-08T20:58:29+0200,e401fd36-f4a8-45e5-ad91-bdd87731a7ba,2026-06-21T04:30:00Z,2026-06-21T06:30:00+0200,238.874,MW,DE,DE_LU,actual_offshore_wind_generation,Wind Offshore,2026-07-08T18:59:57Z
2026-07-08T18:58:29Z,2026-07-08T20:58:29+0200,e401fd36-f4a8-45e5-ad91-bdd87731a7ba,2026-06-21T04:45:00Z,2026-06-21T06:45:00+0200,286.156,MW,DE,DE_LU,actual_offshore_wind_generation,Wind Offshore,2026-07-08T18:59:57Z
2026-07-08T18:58:29Z,2026-07-08T20:58:29+0200,e401fd36-f4a8-45e5-ad91-bdd87731a7ba,2026-06-21T05:00:00Z,2026-06-21T07:00:00+0200,374.152,MW,DE,DE_LU,actual_offshore_wind_generation,Wind Offshore,2026-07-08T18:59:57Z
2026-07-08T18:58:29Z,2026-07-08T20:58:29+0200,e401fd36-f4a8-45e5-ad91-bdd87731a7ba,2026-06-21T05:15:00Z,2026-06-21T07:15:00+0200,491.886,MW,DE,DE_LU,actual_offshore_wind_generation,Wind Offshore,2026-07-08T18:59:57Z
2026-07-08T18:58:29Z,2026-07-08T20:58:29+0200,e401fd36-f4a8-45e5-ad91-bdd87731a7ba,2026-06-21T05:30:00Z,2026-06-21T07:30:00+0200,545.357,MW,DE,DE_LU,actual_offshore_wind_generation,Wind Offshore,2026-07-08T18:59:57Z
2026-07-08T18:58:29Z,2026-07-08T20:58:29+0200,e401fd36-f4a8-45e5-ad91-bdd87731a7ba,2026-06-21T05:45:00Z,2026-06-21T07:45:00+0200,468.438,MW,DE,DE_LU,actual_offshore_wind_generation,Wind Offshore,2026-07-08T18:59:57Z
2026-07-08T18:58:29Z,2026-07-08T20:58:29+0200,e401fd36-f4a8-45e5-ad91-bdd87731a7ba,2026-06-21T06:00:00Z,2026-06-21T08:00:00+0200,500.493,MW,DE,DE_LU,actual_offshore_wind_generation,Wind Offshore,2026-07-08T18:59:57Z
2026-07-08T18:58:29Z,2026-07-08T20:58:29+0200,e401fd36-f4a8-45e5-ad91-bdd87731a7ba,2026-06-21T06:15:00Z,2026-06-21T08:15:00+0200,556.725,MW,DE,DE_LU,actual_offshore_wind_generation,Wind Offshore,2026-07-08T18:59:57Z
2026-07-08T18:58:29Z,2026-07-08T20:58:29+0200,e401fd36-f4a8-45e5-ad91-bdd87731a7ba,2026-06-21T06:30:00Z,2026-06-21T08:30:00+0200,656.899,MW,DE,DE_LU,actual_offshore_wind_generation,Wind Offshore,2026-07-08T18:59:57Z
2026-07-08T18:58:29Z,2026-07-08T20:58:29+0200,e401fd36-f4a8-45e5-ad91-bdd87731a7ba,2026-06-21T06:45:00Z,2026-06-21T08:45:00+0200,762.849,MW,DE,DE_LU,actual_offshore_wind_generation,Wind Offshore,2026-07-08T18:59:57Z
2026-07-08T18:58:29Z,2026-07-08T20:58:29+0200,e401fd36-f4a8-45e5-ad91-bdd87731a7ba,2026-06-21T07:00:00Z,2026-06-21T09:00:00+0200,854.58,MW,DE,DE_LU,actual_offshore_wind_generation,Wind Offshore,2026-07-08T18:59:57Z
2026-07-08T18:58:29Z,2026-07-08T20:58:29+0200,e401fd36-f4a8-45e5-ad91-bdd87731a7ba,2026-06-21T07:15:00Z,2026-06-21T09:15:00+0200,876.66,MW,DE,DE_LU,actual_offshore_wind_generation,Wind Offshore,2026-07-08T18:59:57Z
2026-07-08T18:58:29Z,2026-07-08T20:58:29+0200,e401fd36-f4a8-45e5-ad91-bdd87731a7ba,2026-06-21T07:30:00Z,2026-06-21T09:30:00+0200,840.354,MW,DE,DE_LU,actual_offshore_wind_generation,Wind Offshore,2026-07-08T18:59:57Z
2026-07-08T18:58:29Z,2026-07-08T20:58:29+0200,e401fd36-f4a8-45e5-ad91-bdd87731a7ba,2026-06-21T07:45:00Z,2026-06-21T09:45:00+0200,743.905,MW,DE,DE_LU,actual_offshore_wind_generation,Wind Offshore,2026-07-08T18:59:57Z
2026-07-08T18:58:29Z,2026-07-08T20:58:29+0200,e401fd36-f4a8-45e5-ad91-bdd87731a7ba,2026-06-21T08:00:00Z,2026-06-21T10:00:00+0200,752.073,MW,DE,DE_LU,actual_offshore_wind_generation,Wind Offshore,2026-07-08T18:59:57Z
2026-07-08T18:58:29Z,2026-07-08T20:58:29+0200,e401fd36-f4a8-45e5-ad91-bdd87731a7ba,2026-06-21T08:15:00Z,2026-06-21T10:15:00+0200,843.416,MW,DE,DE_LU,actual_offshore_wind_generation,Wind Offshore,2026-07-08T18:59:57Z
2026-07-08T18:58:29Z,2026-07-08T20:58:29+0200,e401fd36-f4a8-45e5-ad91-bdd87731a7ba,2026-06-21T08:30:00Z,2026-06-21T10:30:00+0200,993.951,MW,DE,DE_LU,actual_offshore_wind_generation,Wind Offshore,2026-07-08T18:59:57Z
2026-07-08T18:58:29Z,2026-07-08T20:58:29+0200,e401fd36-f4a8-45e5-ad91-bdd87731a7ba,2026-06-21T08:45:00Z,2026-06-21T10:45:00+0200,1078.177,MW,DE,DE_LU,actual_offshore_wind_generation,Wind Offshore,2026-07-08T18:59:57Z
2026-07-08T18:58:29Z,2026-07-08T20:58:29+0200,e401fd36-f4a8-45e5-ad91-bdd87731a7ba,2026-06-21T09:00:00Z,2026-06-21T11:00:00+0200,905.658,MW,DE,DE_LU,actual_offshore_wind_generation,Wind Offshore,2026-07-08T18:59:57Z
2026-07-08T18:58:29Z,2026-07-08T20:58:29+0200,e401fd36-f4a8-45e5-ad91-bdd87731a7ba,2026-06-21T09:15:00Z,2026-06-21T11:15:00+0200,997.902,MW,DE,DE_LU,actual_offshore_wind_generation,Wind Offshore,2026-07-08T18:59:57Z
2026-07-08T18:58:29Z,2026-07-08T20:58:29+0200,e401fd36-f4a8-45e5-ad91-bdd87731a7ba,2026-06-21T09:30:00Z,2026-06-21T11:30:00+0200,1092.086,MW,DE,DE_LU,actual_offshore_wind_generation,Wind Offshore,2026-07-08T18:59:57Z
2026-07-08T18:58:29Z,2026-07-08T20:58:29+0200,e401fd36-f4a8-45e5-ad91-bdd87731a7ba,2026-06-21T09:45:00Z,2026-06-21T11:45:00+0200,1003.037,MW,DE,DE_LU,actual_offshore_wind_generation,Wind Offshore,2026-07-08T18:59:57Z
2026-07-08T18:58:29Z,2026-07-08T20:58:29+0200,e401fd36-f4a8-45e5-ad91-bdd87731a7ba,2026-06-21T10:00:00Z,2026-06-21T12:00:00+0200,495.836,MW,DE,DE_LU,actual_offshore_wind_generation,Wind Offshore,2026-07-08T18:59:57Z
2026-07-08T18:58:29Z,2026-07-08T20:58:29+0200,e401fd36-f4a8-45e5-ad91-bdd87731a7ba,2026-06-21T10:15:00Z,2026-06-21T12:15:00+0200,401.69,MW,DE,DE_LU,actual_offshore_wind_generation,Wind Offshore,2026-07-08T18:59:57Z
2026-07-08T18:58:29Z,2026-07-08T20:58:29+0200,e401fd36-f4a8-45e5-ad91-bdd87731a7ba,2026-06-21T10:30:00Z,2026-06-21T12:30:00+0200,367.086,MW,DE,DE_LU,actual_offshore_wind_generation,Wind Offshore,2026-07-08T18:59:57Z
2026-07-08T18:58:29Z,2026-07-08T20:58:29+0200,e401fd36-f4a8-45e5-ad91-bdd87731a7ba,2026-06-21T10:45:00Z,2026-06-21T12:45:00+0200,379.925,MW,DE,DE_LU,actual_offshore_wind_generation,Wind Offshore,2026-07-08T18:59:57Z
2026-07-08T18:58:29Z,2026-07-08T20:58:29+0200,e401fd36-f4a8-45e5-ad91-bdd87731a7ba,2026-06-21T11:00:00Z,2026-06-21T13:00:00+0200,402.662,MW,DE,DE_LU,actual_offshore_wind_generation,Wind Offshore,2026-07-08T18:59:57Z
2026-07-08T18:58:29Z,2026-07-08T20:58:29+0200,e401fd36-f4a8-45e5-ad91-bdd87731a7ba,2026-06-21T11:15:00Z,2026-06-21T13:15:00+0200,429.558,MW,DE,DE_LU,actual_offshore_wind_generation,Wind Offshore,2026-07-08T18:59:57Z
2026-07-08T18:58:29Z,2026-07-08T20:58:29+0200,e401fd36-f4a8-45e5-ad91-bdd87731a7ba,2026-06-21T11:30:00Z,2026-06-21T13:30:00+0200,469.668,MW,DE,DE_LU,actual_offshore_wind_generation,Wind Offshore,2026-07-08T18:59:57Z
2026-07-08T18:58:29Z,2026-07-08T20:58:29+0200,e401fd36-f4a8-45e5-ad91-bdd87731a7ba,2026-06-21T11:45:00Z,2026-06-21T13:45:00+0200,461.679,MW,DE,DE_LU,actual_offshore_wind_generation,Wind Offshore,2026-07-08T18:59:57Z
2026-07-08T18:58:29Z,2026-07-08T20:58:29+0200,e401fd36-f4a8-45e5-ad91-bdd87731a7ba,2026-06-21T12:00:00Z,2026-06-21T14:00:00+0200,777.933,MW,DE,DE_LU,actual_offshore_wind_generation,Wind Offshore,2026-07-08T18:59:57Z
2026-07-08T18:58:29Z,2026-07-08T20:58:29+0200,e401fd36-f4a8-45e5-ad91-bdd87731a7ba,2026-06-21T12:15:00Z,2026-06-21T14:15:00+0200,966.662,MW,DE,DE_LU,actual_offshore_wind_generation,Wind Offshore,2026-07-08T18:59:57Z
2026-07-08T18:58:29Z,2026-07-08T20:58:29+0200,e401fd36-f4a8-45e5-ad91-bdd87731a7ba,2026-06-21T12:30:00Z,2026-06-21T14:30:00+0200,1055.473,MW,DE,DE_LU,actual_offshore_wind_generation,Wind Offshore,2026-07-08T18:59:57Z
2026-07-08T18:58:29Z,2026-07-08T20:58:29+0200,e401fd36-f4a8-45e5-ad91-bdd87731a7ba,2026-06-21T12:45:00Z,2026-06-21T14:45:00+0200,1088.912,MW,DE,DE_LU,actual_offshore_wind_generation,Wind Offshore,2026-07-08T18:59:57Z
2026-07-08T18:58:29Z,2026-07-08T20:58:29+0200,e401fd36-f4a8-45e5-ad91-bdd87731a7ba,2026-06-21T13:00:00Z,2026-06-21T15:00:00+0200,1187.732,MW,DE,DE_LU,actual_offshore_wind_generation,Wind Offshore,2026-07-08T18:59:57Z
2026-07-08T18:58:29Z,2026-07-08T20:58:29+0200,e401fd36-f4a8-45e5-ad91-bdd87731a7ba,2026-06-21T13:15:00Z,2026-06-21T15:15:00+0200,1437.694,MW,DE,DE_LU,actual_offshore_wind_generation,Wind Offshore,2026-07-08T18:59:57Z
2026-07-08T18:58:29Z,2026-07-08T20:58:29+0200,e401fd36-f4a8-45e5-ad91-bdd87731a7ba,2026-06-21T13:30:00Z,2026-06-21T15:30:00+0200,1387.561,MW,DE,DE_LU,actual_offshore_wind_generation,Wind Offshore,2026-07-08T18:59:57Z
2026-07-08T18:58:29Z,2026-07-08T20:58:29+0200,e401fd36-f4a8-45e5-ad91-bdd87731a7ba,2026-06-21T13:45:00Z,2026-06-21T15:45:00+0200,1386.045,MW,DE,DE_LU,actual_offshore_wind_generation,Wind Offshore,2026-07-08T18:59:57Z
2026-07-08T18:58:29Z,2026-07-08T20:58:29+0200,e401fd36-f4a8-45e5-ad91-bdd87731a7ba,2026-06-21T14:00:00Z,2026-06-21T16:00:00+0200,1575.449,MW,DE,DE_LU,actual_offshore_wind_generation,Wind Offshore,2026-07-08T18:59:57Z
2026-07-08T18:58:29Z,2026-07-08T20:58:29+0200,e401fd36-f4a8-45e5-ad91-bdd87731a7ba,2026-06-21T14:15:00Z,2026-06-21T16:15:00+0200,1566.788,MW,DE,DE_LU,actual_offshore_wind_generation,Wind Offshore,2026-07-08T18:59:57Z
2026-07-08T18:58:29Z,2026-07-08T20:58:29+0200,e401fd36-f4a8-45e5-ad91-bdd87731a7ba,2026-06-21T14:30:00Z,2026-06-21T16:30:00+0200,1709.577,MW,DE,DE_LU,actual_offshore_wind_generation,Wind Offshore,2026-07-08T18:59:57Z
2026-07-08T18:58:29Z,2026-07-08T20:58:29+0200,e401fd36-f4a8-45e5-ad91-bdd87731a7ba,2026-06-21T14:45:00Z,2026-06-21T16:45:00+0200,1848.525,MW,DE,DE_LU,actual_offshore_wind_generation,Wind Offshore,2026-07-08T18:59:57Z
2026-07-08T18:58:29Z,2026-07-08T20:58:29+0200,e401fd36-f4a8-45e5-ad91-bdd87731a7ba,2026-06-21T15:00:00Z,2026-06-21T17:00:00+0200,1865.441,MW,DE,DE_LU,actual_offshore_wind_generation,Wind Offshore,2026-07-08T18:59:57Z
2026-07-08T18:58:29Z,2026-07-08T20:58:29+0200,e401fd36-f4a8-45e5-ad91-bdd87731a7ba,2026-06-21T15:15:00Z,2026-06-21T17:15:00+0200,1878.417,MW,DE,DE_LU,actual_offshore_wind_generation,Wind Offshore,2026-07-08T18:59:57Z
2026-07-08T18:58:29Z,2026-07-08T20:58:29+0200,e401fd36-f4a8-45e5-ad91-bdd87731a7ba,2026-06-21T15:30:00Z,2026-06-21T17:30:00+0200,1966.08,MW,DE,DE_LU,actual_offshore_wind_generation,Wind Offshore,2026-07-08T18:59:57Z
2026-07-08T18:58:29Z,2026-07-08T20:58:29+0200,e401fd36-f4a8-45e5-ad91-bdd87731a7ba,2026-06-21T15:45:00Z,2026-06-21T17:45:00+0200,2038.912,MW,DE,DE_LU,actual_offshore_wind_generation,Wind Offshore,2026-07-08T18:59:57Z
2026-07-08T18:58:29Z,2026-07-08T20:58:29+0200,e401fd36-f4a8-45e5-ad91-bdd87731a7ba,2026-06-21T16:00:00Z,2026-06-21T18:00:00+0200,2178.768,MW,DE,DE_LU,actual_offshore_wind_generation,Wind Offshore,2026-07-08T18:59:57Z
2026-07-08T18:58:29Z,2026-07-08T20:58:29+0200,e401fd36-f4a8-45e5-ad91-bdd87731a7ba,2026-06-21T16:15:00Z,2026-06-21T18:15:00+0200,2323.028,MW,DE,DE_LU,actual_offshore_wind_generation,Wind Offshore,2026-07-08T18:59:57Z
2026-07-08T18:58:29Z,2026-07-08T20:58:29+0200,e401fd36-f4a8-45e5-ad91-bdd87731a7ba,2026-06-21T16:30:00Z,2026-06-21T18:30:00+0200,2288.856,MW,DE,DE_LU,actual_offshore_wind_generation,Wind Offshore,2026-07-08T18:59:57Z
2026-07-08T18:58:29Z,2026-07-08T20:58:29+0200,e401fd36-f4a8-45e5-ad91-bdd87731a7ba,2026-06-21T16:45:00Z,2026-06-21T18:45:00+0200,2228.943,MW,DE,DE_LU,actual_offshore_wind_generation,Wind Offshore,2026-07-08T18:59:57Z
2026-07-08T18:58:29Z,2026-07-08T20:58:29+0200,e401fd36-f4a8-45e5-ad91-bdd87731a7ba,2026-06-21T17:00:00Z,2026-06-21T19:00:00+0200,2269.213,MW,DE,DE_LU,actual_offshore_wind_generation,Wind Offshore,2026-07-08T18:59:57Z
2026-07-08T18:58:29Z,2026-07-08T20:58:29+0200,e401fd36-f4a8-45e5-ad91-bdd87731a7ba,2026-06-21T17:15:00Z,2026-06-21T19:15:00+0200,2382.331,MW,DE,DE_LU,actual_offshore_wind_generation,Wind Offshore,2026-07-08T18:59:57Z
2026-07-08T18:58:29Z,2026-07-08T20:58:29+0200,e401fd36-f4a8-45e5-ad91-bdd87731a7ba,2026-06-21T17:30:00Z,2026-06-21T19:30:00+0200,2460.589,MW,DE,DE_LU,actual_offshore_wind_generation,Wind Offshore,2026-07-08T18:59:57Z
2026-07-08T18:58:29Z,2026-07-08T20:58:29+0200,e401fd36-f4a8-45e5-ad91-bdd87731a7ba,2026-06-21T17:45:00Z,2026-06-21T19:45:00+0200,2469.133,MW,DE,DE_LU,actual_offshore_wind_generation,Wind Offshore,2026-07-08T18:59:57Z
2026-07-08T18:58:29Z,2026-07-08T20:58:29+0200,e401fd36-f4a8-45e5-ad91-bdd87731a7ba,2026-06-21T18:00:00Z,2026-06-21T20:00:00+0200,2466.039,MW,DE,DE_LU,actual_offshore_wind_generation,Wind Offshore,2026-07-08T18:59:57Z
2026-07-08T18:58:29Z,2026-07-08T20:58:29+0200,e401fd36-f4a8-45e5-ad91-bdd87731a7ba,2026-06-21T18:15:00Z,2026-06-21T20:15:00+0200,2547.229,MW,DE,DE_LU,actual_offshore_wind_generation,Wind Offshore,2026-07-08T18:59:57Z
2026-07-08T18:58:29Z,2026-07-08T20:58:29+0200,e401fd36-f4a8-45e5-ad91-bdd87731a7ba,2026-06-21T18:30:00Z,2026-06-21T20:30:00+0200,2664.965,MW,DE,DE_LU,actual_offshore_wind_generation,Wind Offshore,2026-07-08T18:59:57Z
2026-07-08T18:58:29Z,2026-07-08T20:58:29+0200,e401fd36-f4a8-45e5-ad91-bdd87731a7ba,2026-06-21T18:45:00Z,2026-06-21T20:45:00+0200,2651.367,MW,DE,DE_LU,actual_offshore_wind_generation,Wind Offshore,2026-07-08T18:59:57Z
2026-07-08T18:58:29Z,2026-07-08T20:58:29+0200,e401fd36-f4a8-45e5-ad91-bdd87731a7ba,2026-06-21T19:00:00Z,2026-06-21T21:00:00+0200,2629.286,MW,DE,DE_LU,actual_offshore_wind_generation,Wind Offshore,2026-07-08T18:59:57Z
2026-07-08T18:58:29Z,2026-07-08T20:58:29+0200,e401fd36-f4a8-45e5-ad91-bdd87731a7ba,2026-06-21T19:15:00Z,2026-06-21T21:15:00+0200,2740.5,MW,DE,DE_LU,actual_offshore_wind_generation,Wind Offshore,2026-07-08T18:59:57Z
2026-07-08T18:58:29Z,2026-07-08T20:58:29+0200,e401fd36-f4a8-45e5-ad91-bdd87731a7ba,2026-06-21T19:30:00Z,2026-06-21T21:30:00+0200,2914.963,MW,DE,DE_LU,actual_offshore_wind_generation,Wind Offshore,2026-07-08T18:59:57Z
2026-07-08T18:58:29Z,2026-07-08T20:58:29+0200,e401fd36-f4a8-45e5-ad91-bdd87731a7ba,2026-06-21T19:45:00Z,2026-06-21T21:45:00+0200,2939.427,MW,DE,DE_LU,actual_offshore_wind_generation,Wind Offshore,2026-07-08T18:59:57Z
2026-07-08T18:58:29Z,2026-07-08T20:58:29+0200,e401fd36-f4a8-45e5-ad91-bdd87731a7ba,2026-06-21T20:00:00Z,2026-06-21T22:00:00+0200,2853.847,MW,DE,DE_LU,actual_offshore_wind_generation,Wind Offshore,2026-07-08T18:59:57Z
2026-07-08T18:58:29Z,2026-07-08T20:58:29+0200,e401fd36-f4a8-45e5-ad91-bdd87731a7ba,2026-06-21T20:15:00Z,2026-06-21T22:15:00+0200,2768.465,MW,DE,DE_LU,actual_offshore_wind_generation,Wind Offshore,2026-07-08T18:59:57Z
2026-07-08T18:58:29Z,2026-07-08T20:58:29+0200,e401fd36-f4a8-45e5-ad91-bdd87731a7ba,2026-06-21T20:30:00Z,2026-06-21T22:30:00+0200,2682.231,MW,DE,DE_LU,actual_offshore_wind_generation,Wind Offshore,2026-07-08T18:59:57Z
2026-07-08T18:58:29Z,2026-07-08T20:58:29+0200,e401fd36-f4a8-45e5-ad91-bdd87731a7ba,2026-06-21T20:45:00Z,2026-06-21T22:45:00+0200,2606.932,MW,DE,DE_LU,actual_offshore_wind_generation,Wind Offshore,2026-07-08T18:59:57Z
2026-07-08T18:58:29Z,2026-07-08T20:58:29+0200,e401fd36-f4a8-45e5-ad91-bdd87731a7ba,2026-06-21T21:00:00Z,2026-06-21T23:00:00+0200,2622.742,MW,DE,DE_LU,actual_offshore_wind_generation,Wind Offshore,2026-07-08T18:59:57Z
2026-07-08T18:58:29Z,2026-07-08T20:58:29+0200,e401fd36-f4a8-45e5-ad91-bdd87731a7ba,2026-06-21T21:15:00Z,2026-06-21T23:15:00+0200,2637.876,MW,DE,DE_LU,actual_offshore_wind_generation,Wind Offshore,2026-07-08T18:59:57Z
2026-07-08T18:58:29Z,2026-07-08T20:58:29+0200,e401fd36-f4a8-45e5-ad91-bdd87731a7ba,2026-06-21T21:30:00Z,2026-06-21T23:30:00+0200,2631.279,MW,DE,DE_LU,actual_offshore_wind_generation,Wind Offshore,2026-07-08T18:59:57Z
2026-07-08T18:58:29Z,2026-07-08T20:58:29+0200,e401fd36-f4a8-45e5-ad91-bdd87731a7ba,2026-06-21T21:45:00Z,2026-06-21T23:45:00+0200,2710.674,MW,DE,DE_LU,actual_offshore_wind_generation,Wind Offshore,2026-07-08T18:59:57Z
2026-07-08T18:58:29Z,2026-07-08T20:58:29+0200,e401fd36-f4a8-45e5-ad91-bdd87731a7ba,2026-06-21T22:00:00Z,2026-06-22T00:00:00+0200,2758.868,MW,DE,DE_LU,actual_offshore_wind_generation,Wind Offshore,2026-07-08T18:59:57Z
2026-07-08T18:58:29Z,2026-07-08T20:58:29+0200,e401fd36-f4a8-45e5-ad91-bdd87731a7ba,2026-06-21T22:15:00Z,2026-06-22T00:15:00+0200,2794.006,MW,DE,DE_LU,actual_offshore_wind_generation,Wind Offshore,2026-07-08T18:59:57Z
2026-07-08T18:58:29Z,2026-07-08T20:58:29+0200,e401fd36-f4a8-45e5-ad91-bdd87731a7ba,2026-06-21T22:30:00Z,2026-06-22T00:30:00+0200,2742.655,MW,DE,DE_LU,actual_offshore_wind_generation,Wind Offshore,2026-07-08T18:59:57Z
2026-07-08T18:58:29Z,2026-07-08T20:58:29+0200,e401fd36-f4a8-45e5-ad91-bdd87731a7ba,2026-06-21T22:45:00Z,2026-06-22T00:45:00+0200,2660.643,MW,DE,DE_LU,actual_offshore_wind_generation,Wind Offshore,2026-07-08T18:59:57Z
2026-07-08T18:58:29Z,2026-07-08T20:58:29+0200,e401fd36-f4a8-45e5-ad91-bdd87731a7ba,2026-06-21T23:00:00Z,2026-06-22T01:00:00+0200,2558.782,MW,DE,DE_LU,actual_offshore_wind_generation,Wind Offshore,2026-07-08T18:59:57Z
2026-07-08T18:58:29Z,2026-07-08T20:58:29+0200,e401fd36-f4a8-45e5-ad91-bdd87731a7ba,2026-06-21T23:15:00Z,2026-06-22T01:15:00+0200,2497.083,MW,DE,DE_LU,actual_offshore_wind_generation,Wind Offshore,2026-07-08T18:59:57Z
2026-07-08T18:58:29Z,2026-07-08T20:58:29+0200,e401fd36-f4a8-45e5-ad91-bdd87731a7ba,2026-06-21T23:30:00Z,2026-06-22T01:30:00+0200,2501.907,MW,DE,DE_LU,actual_offshore_wind_generation,Wind Offshore,2026-07-08T18:59:57Z
2026-07-08T18:58:29Z,2026-07-08T20:58:29+0200,e401fd36-f4a8-45e5-ad91-bdd87731a7ba,2026-06-21T23:45:00Z,2026-06-22T01:45:00+0200,2500.03,MW,DE,DE_LU,actual_offshore_wind_generation,Wind Offshore,2026-07-08T18:59:57Z
2026-07-08T18:58:29Z,2026-07-08T20:58:29+0200,e401fd36-f4a8-45e5-ad91-bdd87731a7ba,2026-06-22T00:00:00Z,2026-06-22T02:00:00+0200,2486.094,MW,DE,DE_LU,actual_offshore_wind_generation,Wind Offshore,2026-07-08T18:59:57Z
2026-07-08T18:58:29Z,2026-07-08T20:58:29+0200,e401fd36-f4a8-45e5-ad91-bdd87731a7ba,2026-06-22T00:15:00Z,2026-06-22T02:15:00+0200,2471.557,MW,DE,DE_LU,actual_offshore_wind_generation,Wind Offshore,2026-07-08T18:59:57Z
2026-07-08T18:58:29Z,2026-07-08T20:58:29+0200,e401fd36-f4a8-45e5-ad91-bdd87731a7ba,2026-06-22T00:30:00Z,2026-06-22T02:30:00+0200,2428.346,MW,DE,DE_LU,actual_offshore_wind_generation,Wind Offshore,2026-07-08T18:59:57Z
2026-07-08T18:58:29Z,2026-07-08T20:58:29+0200,e401fd36-f4a8-45e5-ad91-bdd87731a7ba,2026-06-22T00:45:00Z,2026-06-22T02:45:00+0200,2439.4,MW,DE,DE_LU,actual_offshore_wind_generation,Wind Offshore,2026-07-08T18:59:57Z
2026-07-08T18:58:29Z,2026-07-08T20:58:29+0200,e401fd36-f4a8-45e5-ad91-bdd87731a7ba,2026-06-22T01:00:00Z,2026-06-22T03:00:00+0200,2389.008,MW,DE,DE_LU,actual_offshore_wind_generation,Wind Offshore,2026-07-08T18:59:57Z
2026-07-08T18:58:29Z,2026-07-08T20:58:29+0200,e401fd36-f4a8-45e5-ad91-bdd87731a7ba,2026-06-22T01:15:00Z,2026-06-22T03:15:00+0200,2409.279,MW,DE,DE_LU,actual_offshore_wind_generation,Wind Offshore,2026-07-08T18:59:57Z
2026-07-08T18:58:29Z,2026-07-08T20:58:29+0200,e401fd36-f4a8-45e5-ad91-bdd87731a7ba,2026-06-22T01:30:00Z,2026-06-22T03:30:00+0200,2437.092,MW,DE,DE_LU,actual_offshore_wind_generation,Wind Offshore,2026-07-08T18:59:57Z
2026-07-08T18:58:29Z,2026-07-08T20:58:29+0200,e401fd36-f4a8-45e5-ad91-bdd87731a7ba,2026-06-22T01:45:00Z,2026-06-22T03:45:00+0200,2439.942,MW,DE,DE_LU,actual_offshore_wind_generation,Wind Offshore,2026-07-08T18:59:57Z
2026-07-08T18:58:29Z,2026-07-08T20:58:29+0200,e401fd36-f4a8-45e5-ad91-bdd87731a7ba,2026-06-22T02:00:00Z,2026-06-22T04:00:00+0200,2328.805,MW,DE,DE_LU,actual_offshore_wind_generation,Wind Offshore,2026-07-08T18:59:57Z
2026-07-08T18:58:29Z,2026-07-08T20:58:29+0200,e401fd36-f4a8-45e5-ad91-bdd87731a7ba,2026-06-22T02:15:00Z,2026-06-22T04:15:00+0200,2252.701,MW,DE,DE_LU,actual_offshore_wind_generation,Wind Offshore,2026-07-08T18:59:57Z
2026-07-08T18:58:29Z,2026-07-08T20:58:29+0200,e401fd36-f4a8-45e5-ad91-bdd87731a7ba,2026-06-22T02:30:00Z,2026-06-22T04:30:00+0200,2179.268,MW,DE,DE_LU,actual_offshore_wind_generation,Wind Offshore,2026-07-08T18:59:57Z
2026-07-08T18:58:29Z,2026-07-08T20:58:29+0200,e401fd36-f4a8-45e5-ad91-bdd87731a7ba,2026-06-22T02:45:00Z,2026-06-22T04:45:00+0200,2072.401,MW,DE,DE_LU,actual_offshore_wind_generation,Wind Offshore,2026-07-08T18:59:57Z
2026-07-08T18:58:29Z,2026-07-08T20:58:29+0200,e401fd36-f4a8-45e5-ad91-bdd87731a7ba,2026-06-22T03:00:00Z,2026-06-22T05:00:00+0200,1926.105,MW,DE,DE_LU,actual_offshore_wind_generation,Wind Offshore,2026-07-08T18:59:57Z
2026-07-08T18:58:29Z,2026-07-08T20:58:29+0200,e401fd36-f4a8-45e5-ad91-bdd87731a7ba,2026-06-22T03:15:00Z,2026-06-22T05:15:00+0200,1767.448,MW,DE,DE_LU,actual_offshore_wind_generation,Wind Offshore,2026-07-08T18:59:57Z
2026-07-08T18:58:29Z,2026-07-08T20:58:29+0200,e401fd36-f4a8-45e5-ad91-bdd87731a7ba,2026-06-22T03:30:00Z,2026-06-22T05:30:00+0200,1633.528,MW,DE,DE_LU,actual_offshore_wind_generation,Wind Offshore,2026-07-08T18:59:57Z
2026-07-08T18:58:29Z,2026-07-08T20:58:29+0200,e401fd36-f4a8-45e5-ad91-bdd87731a7ba,2026-06-22T03:45:00Z,2026-06-22T05:45:00+0200,1582.488,MW,DE,DE_LU,actual_offshore_wind_generation,Wind Offshore,2026-07-08T18:59:57Z
2026-07-08T18:58:29Z,2026-07-08T20:58:29+0200,e401fd36-f4a8-45e5-ad91-bdd87731a7ba,2026-06-22T04:00:00Z,2026-06-22T06:00:00+0200,1480.158,MW,DE,DE_LU,actual_offshore_wind_generation,Wind Offshore,2026-07-08T18:59:57Z
2026-07-08T18:58:29Z,2026-07-08T20:58:29+0200,e401fd36-f4a8-45e5-ad91-bdd87731a7ba,2026-06-22T04:15:00Z,2026-06-22T06:15:00+0200,1371.884,MW,DE,DE_LU,actual_offshore_wind_generation,Wind Offshore,2026-07-08T18:59:57Z
2026-07-08T18:58:29Z,2026-07-08T20:58:29+0200,e401fd36-f4a8-45e5-ad91-bdd87731a7ba,2026-06-22T04:30:00Z,2026-06-22T06:30:00+0200,1273.124,MW,DE,DE_LU,actual_offshore_wind_generation,Wind Offshore,2026-07-08T18:59:57Z
2026-07-08T18:58:29Z,2026-07-08T20:58:29+0200,e401fd36-f4a8-45e5-ad91-bdd87731a7ba,2026-06-22T04:45:00Z,2026-06-22T06:45:00+0200,1248.097,MW,DE,DE_LU,actual_offshore_wind_generation,Wind Offshore,2026-07-08T18:59:57Z
2026-07-08T18:58:29Z,2026-07-08T20:58:29+0200,e401fd36-f4a8-45e5-ad91-bdd87731a7ba,2026-06-22T05:00:00Z,2026-06-22T07:00:00+0200,1219.871,MW,DE,DE_LU,actual_offshore_wind_generation,Wind Offshore,2026-07-08T18:59:57Z
2026-07-08T18:58:29Z,2026-07-08T20:58:29+0200,e401fd36-f4a8-45e5-ad91-bdd87731a7ba,2026-06-22T05:15:00Z,2026-06-22T07:15:00+0200,1158.564,MW,DE,DE_LU,actual_offshore_wind_generation,Wind Offshore,2026-07-08T18:59:57Z
2026-07-08T18:58:29Z,2026-07-08T20:58:29+0200,e401fd36-f4a8-45e5-ad91-bdd87731a7ba,2026-06-22T05:30:00Z,2026-06-22T07:30:00+0200,1152.203,MW,DE,DE_LU,actual_offshore_wind_generation,Wind Offshore,2026-07-08T18:59:57Z
2026-07-08T18:58:29Z,2026-07-08T20:58:29+0200,e401fd36-f4a8-45e5-ad91-bdd87731a7ba,2026-06-22T05:45:00Z,2026-06-22T07:45:00+0200,1132.59,MW,DE,DE_LU,actual_offshore_wind_generation,Wind Offshore,2026-07-08T18:59:57Z
2026-07-08T18:58:29Z,2026-07-08T20:58:29+0200,e401fd36-f4a8-45e5-ad91-bdd87731a7ba,2026-06-22T06:00:00Z,2026-06-22T08:00:00+0200,1049.62,MW,DE,DE_LU,actual_offshore_wind_generation,Wind Offshore,2026-07-08T18:59:57Z
2026-07-08T18:58:29Z,2026-07-08T20:58:29+0200,e401fd36-f4a8-45e5-ad91-bdd87731a7ba,2026-06-22T06:15:00Z,2026-06-22T08:15:00+0200,953.119,MW,DE,DE_LU,actual_offshore_wind_generation,Wind Offshore,2026-07-08T18:59:57Z
2026-07-08T18:58:29Z,2026-07-08T20:58:29+0200,e401fd36-f4a8-45e5-ad91-bdd87731a7ba,2026-06-22T06:30:00Z,2026-06-22T08:30:00+0200,893.091,MW,DE,DE_LU,actual_offshore_wind_generation,Wind Offshore,2026-07-08T18:59:57Z
2026-07-08T18:58:29Z,2026-07-08T20:58:29+0200,e401fd36-f4a8-45e5-ad91-bdd87731a7ba,2026-06-22T06:45:00Z,2026-06-22T08:45:00+0200,838.046,MW,DE,DE_LU,actual_offshore_wind_generation,Wind Offshore,2026-07-08T18:59:57Z
2026-07-08T18:58:29Z,2026-07-08T20:58:29+0200,e401fd36-f4a8-45e5-ad91-bdd87731a7ba,2026-06-22T07:00:00Z,2026-06-22T09:00:00+0200,772.458,MW,DE,DE_LU,actual_offshore_wind_generation,Wind Offshore,2026-07-08T18:59:57Z
2026-07-08T18:58:29Z,2026-07-08T20:58:29+0200,e401fd36-f4a8-45e5-ad91-bdd87731a7ba,2026-06-22T07:15:00Z,2026-06-22T09:15:00+0200,732.877,MW,DE,DE_LU,actual_offshore_wind_generation,Wind Offshore,2026-07-08T18:59:57Z
2026-07-08T18:58:29Z,2026-07-08T20:58:29+0200,e401fd36-f4a8-45e5-ad91-bdd87731a7ba,2026-06-22T07:30:00Z,2026-06-22T09:30:00+0200,700.069,MW,DE,DE_LU,actual_offshore_wind_generation,Wind Offshore,2026-07-08T18:59:57Z
2026-07-08T18:58:29Z,2026-07-08T20:58:29+0200,e401fd36-f4a8-45e5-ad91-bdd87731a7ba,2026-06-22T07:45:00Z,2026-06-22T09:45:00+0200,652.113,MW,DE,DE_LU,actual_offshore_wind_generation,Wind Offshore,2026-07-08T18:59:57Z
2026-07-08T18:58:29Z,2026-07-08T20:58:29+0200,e401fd36-f4a8-45e5-ad91-bdd87731a7ba,2026-06-22T08:00:00Z,2026-06-22T10:00:00+0200,572.266,MW,DE,DE_LU,actual_offshore_wind_generation,Wind Offshore,2026-07-08T18:59:57Z
2026-07-08T18:58:29Z,2026-07-08T20:58:29+0200,e401fd36-f4a8-45e5-ad91-bdd87731a7ba,2026-06-22T08:15:00Z,2026-06-22T10:15:00+0200,608.968,MW,DE,DE_LU,actual_offshore_wind_generation,Wind Offshore,2026-07-08T18:59:57Z
2026-07-08T18:58:29Z,2026-07-08T20:58:29+0200,e401fd36-f4a8-45e5-ad91-bdd87731a7ba,2026-06-22T08:30:00Z,2026-06-22T10:30:00+0200,603.456,MW,DE,DE_LU,actual_offshore_wind_generation,Wind Offshore,2026-07-08T18:59:57Z
2026-07-08T18:58:29Z,2026-07-08T20:58:29+0200,e401fd36-f4a8-45e5-ad91-bdd87731a7ba,2026-06-22T08:45:00Z,2026-06-22T10:45:00+0200,594.517,MW,DE,DE_LU,actual_offshore_wind_generation,Wind Offshore,2026-07-08T18:59:57Z
2026-07-08T18:58:29Z,2026-07-08T20:58:29+0200,e401fd36-f4a8-45e5-ad91-bdd87731a7ba,2026-06-22T09:00:00Z,2026-06-22T11:00:00+0200,558.176,MW,DE,DE_LU,actual_offshore_wind_generation,Wind Offshore,2026-07-08T18:59:57Z
2026-07-08T18:58:29Z,2026-07-08T20:58:29+0200,e401fd36-f4a8-45e5-ad91-bdd87731a7ba,2026-06-22T09:15:00Z,2026-06-22T11:15:00+0200,540.681,MW,DE,DE_LU,actual_offshore_wind_generation,Wind Offshore,2026-07-08T18:59:57Z
2026-07-08T18:58:29Z,2026-07-08T20:58:29+0200,e401fd36-f4a8-45e5-ad91-bdd87731a7ba,2026-06-22T09:30:00Z,2026-06-22T11:30:00+0200,528.428,MW,DE,DE_LU,actual_offshore_wind_generation,Wind Offshore,2026-07-08T18:59:57Z
2026-07-08T18:58:29Z,2026-07-08T20:58:29+0200,e401fd36-f4a8-45e5-ad91-bdd87731a7ba,2026-06-22T09:45:00Z,2026-06-22T11:45:00+0200,564.277,MW,DE,DE_LU,actual_offshore_wind_generation,Wind Offshore,2026-07-08T18:59:57Z
2026-07-08T18:58:29Z,2026-07-08T20:58:29+0200,e401fd36-f4a8-45e5-ad91-bdd87731a7ba,2026-06-22T10:00:00Z,2026-06-22T12:00:00+0200,786.513,MW,DE,DE_LU,actual_offshore_wind_generation,Wind Offshore,2026-07-08T18:59:57Z
2026-07-08T18:58:29Z,2026-07-08T20:58:29+0200,e401fd36-f4a8-45e5-ad91-bdd87731a7ba,2026-06-22T10:15:00Z,2026-06-22T12:15:00+0200,764.381,MW,DE,DE_LU,actual_offshore_wind_generation,Wind Offshore,2026-07-08T18:59:57Z
2026-07-08T18:58:29Z,2026-07-08T20:58:29+0200,e401fd36-f4a8-45e5-ad91-bdd87731a7ba,2026-06-22T10:30:00Z,2026-06-22T12:30:00+0200,756.531,MW,DE,DE_LU,actual_offshore_wind_generation,Wind Offshore,2026-07-08T18:59:57Z
2026-07-08T18:58:29Z,2026-07-08T20:58:29+0200,e401fd36-f4a8-45e5-ad91-bdd87731a7ba,2026-06-22T10:45:00Z,2026-06-22T12:45:00+0200,834.203,MW,DE,DE_LU,actual_offshore_wind_generation,Wind Offshore,2026-07-08T18:59:57Z
2026-07-08T18:58:29Z,2026-07-08T20:58:29+0200,e401fd36-f4a8-45e5-ad91-bdd87731a7ba,2026-06-22T11:00:00Z,2026-06-22T13:00:00+0200,847.88,MW,DE,DE_LU,actual_offshore_wind_generation,Wind Offshore,2026-07-08T18:59:57Z
2026-07-08T18:58:29Z,2026-07-08T20:58:29+0200,e401fd36-f4a8-45e5-ad91-bdd87731a7ba,2026-06-22T11:15:00Z,2026-06-22T13:15:00+0200,804.113,MW,DE,DE_LU,actual_offshore_wind_generation,Wind Offshore,2026-07-08T18:59:57Z
2026-07-08T18:58:29Z,2026-07-08T20:58:29+0200,e401fd36-f4a8-45e5-ad91-bdd87731a7ba,2026-06-22T11:30:00Z,2026-06-22T13:30:00+0200,777.172,MW,DE,DE_LU,actual_offshore_wind_generation,Wind Offshore,2026-07-08T18:59:57Z
2026-07-08T18:58:29Z,2026-07-08T20:58:29+0200,e401fd36-f4a8-45e5-ad91-bdd87731a7ba,2026-06-22T11:45:00Z,2026-06-22T13:45:00+0200,789.405,MW,DE,DE_LU,actual_offshore_wind_generation,Wind Offshore,2026-07-08T18:59:57Z
2026-07-08T18:58:29Z,2026-07-08T20:58:29+0200,e401fd36-f4a8-45e5-ad91-bdd87731a7ba,2026-06-22T12:00:00Z,2026-06-22T14:00:00+0200,757.686,MW,DE,DE_LU,actual_offshore_wind_generation,Wind Offshore,2026-07-08T18:59:57Z
2026-07-08T18:58:29Z,2026-07-08T20:58:29+0200,e401fd36-f4a8-45e5-ad91-bdd87731a7ba,2026-06-22T12:15:00Z,2026-06-22T14:15:00+0200,773.984,MW,DE,DE_LU,actual_offshore_wind_generation,Wind Offshore,2026-07-08T18:59:57Z
2026-07-08T18:58:29Z,2026-07-08T20:58:29+0200,e401fd36-f4a8-45e5-ad91-bdd87731a7ba,2026-06-22T12:30:00Z,2026-06-22T14:30:00+0200,798.283,MW,DE,DE_LU,actual_offshore_wind_generation,Wind Offshore,2026-07-08T18:59:57Z
2026-07-08T18:58:29Z,2026-07-08T20:58:29+0200,e401fd36-f4a8-45e5-ad91-bdd87731a7ba,2026-06-22T12:45:00Z,2026-06-22T14:45:00+0200,845.428,MW,DE,DE_LU,actual_offshore_wind_generation,Wind Offshore,2026-07-08T18:59:57Z
2026-07-08T18:58:29Z,2026-07-08T20:58:29+0200,e401fd36-f4a8-45e5-ad91-bdd87731a7ba,2026-06-22T13:00:00Z,2026-06-22T15:00:00+0200,963.717,MW,DE,DE_LU,actual_offshore_wind_generation,Wind Offshore,2026-07-08T18:59:57Z
2026-07-08T18:58:29Z,2026-07-08T20:58:29+0200,e401fd36-f4a8-45e5-ad91-bdd87731a7ba,2026-06-22T13:15:00Z,2026-06-22T15:15:00+0200,1111.415,MW,DE,DE_LU,actual_offshore_wind_generation,Wind Offshore,2026-07-08T18:59:57Z
2026-07-08T18:58:29Z,2026-07-08T20:58:29+0200,e401fd36-f4a8-45e5-ad91-bdd87731a7ba,2026-06-22T13:30:00Z,2026-06-22T15:30:00+0200,1241.744,MW,DE,DE_LU,actual_offshore_wind_generation,Wind Offshore,2026-07-08T18:59:57Z
2026-07-08T18:58:29Z,2026-07-08T20:58:29+0200,e401fd36-f4a8-45e5-ad91-bdd87731a7ba,2026-06-22T13:45:00Z,2026-06-22T15:45:00+0200,1326.592,MW,DE,DE_LU,actual_offshore_wind_generation,Wind Offshore,2026-07-08T18:59:57Z
2026-07-08T18:58:29Z,2026-07-08T20:58:29+0200,e401fd36-f4a8-45e5-ad91-bdd87731a7ba,2026-06-22T14:00:00Z,2026-06-22T16:00:00+0200,1399.177,MW,DE,DE_LU,actual_offshore_wind_generation,Wind Offshore,2026-07-08T18:59:57Z
2026-07-08T18:58:29Z,2026-07-08T20:58:29+0200,e401fd36-f4a8-45e5-ad91-bdd87731a7ba,2026-06-22T14:15:00Z,2026-06-22T16:15:00+0200,1473.291,MW,DE,DE_LU,actual_offshore_wind_generation,Wind Offshore,2026-07-08T18:59:57Z
2026-07-08T18:58:29Z,2026-07-08T20:58:29+0200,e401fd36-f4a8-45e5-ad91-bdd87731a7ba,2026-06-22T14:30:00Z,2026-06-22T16:30:00+0200,1554.584,MW,DE,DE_LU,actual_offshore_wind_generation,Wind Offshore,2026-07-08T18:59:57Z
2026-07-08T18:58:29Z,2026-07-08T20:58:29+0200,e401fd36-f4a8-45e5-ad91-bdd87731a7ba,2026-06-22T14:45:00Z,2026-06-22T16:45:00+0200,1694.814,MW,DE,DE_LU,actual_offshore_wind_generation,Wind Offshore,2026-07-08T18:59:57Z
2026-07-08T18:58:29Z,2026-07-08T20:58:29+0200,e401fd36-f4a8-45e5-ad91-bdd87731a7ba,2026-06-22T15:00:00Z,2026-06-22T17:00:00+0200,1751.774,MW,DE,DE_LU,actual_offshore_wind_generation,Wind Offshore,2026-07-08T18:59:57Z
2026-07-08T18:58:29Z,2026-07-08T20:58:29+0200,e401fd36-f4a8-45e5-ad91-bdd87731a7ba,2026-06-22T15:15:00Z,2026-06-22T17:15:00+0200,1760.516,MW,DE,DE_LU,actual_offshore_wind_generation,Wind Offshore,2026-07-08T18:59:57Z
2026-07-08T18:58:29Z,2026-07-08T20:58:29+0200,e401fd36-f4a8-45e5-ad91-bdd87731a7ba,2026-06-22T15:30:00Z,2026-06-22T17:30:00+0200,1784.059,MW,DE,DE_LU,actual_offshore_wind_generation,Wind Offshore,2026-07-08T18:59:57Z
2026-07-08T18:58:29Z,2026-07-08T20:58:29+0200,e401fd36-f4a8-45e5-ad91-bdd87731a7ba,2026-06-22T15:45:00Z,2026-06-22T17:45:00+0200,1826.781,MW,DE,DE_LU,actual_offshore_wind_generation,Wind Offshore,2026-07-08T18:59:57Z
2026-07-08T18:58:29Z,2026-07-08T20:58:29+0200,e401fd36-f4a8-45e5-ad91-bdd87731a7ba,2026-06-22T16:00:00Z,2026-06-22T18:00:00+0200,1862.355,MW,DE,DE_LU,actual_offshore_wind_generation,Wind Offshore,2026-07-08T18:59:57Z
2026-07-08T18:58:29Z,2026-07-08T20:58:29+0200,e401fd36-f4a8-45e5-ad91-bdd87731a7ba,2026-06-22T16:15:00Z,2026-06-22T18:15:00+0200,1937.659,MW,DE,DE_LU,actual_offshore_wind_generation,Wind Offshore,2026-07-08T18:59:57Z
2026-07-08T18:58:29Z,2026-07-08T20:58:29+0200,e401fd36-f4a8-45e5-ad91-bdd87731a7ba,2026-06-22T16:30:00Z,2026-06-22T18:30:00+0200,1991.192,MW,DE,DE_LU,actual_offshore_wind_generation,Wind Offshore,2026-07-08T18:59:57Z
2026-07-08T18:58:29Z,2026-07-08T20:58:29+0200,e401fd36-f4a8-45e5-ad91-bdd87731a7ba,2026-06-22T16:45:00Z,2026-06-22T18:45:00+0200,2004.81,MW,DE,DE_LU,actual_offshore_wind_generation,Wind Offshore,2026-07-08T18:59:57Z
2026-07-08T18:58:29Z,2026-07-08T20:58:29+0200,e401fd36-f4a8-45e5-ad91-bdd87731a7ba,2026-06-22T17:00:00Z,2026-06-22T19:00:00+0200,1996.592,MW,DE,DE_LU,actual_offshore_wind_generation,Wind Offshore,2026-07-08T18:59:57Z
2026-07-08T18:58:29Z,2026-07-08T20:58:29+0200,e401fd36-f4a8-45e5-ad91-bdd87731a7ba,2026-06-22T17:15:00Z,2026-06-22T19:15:00+0200,1882.15,MW,DE,DE_LU,actual_offshore_wind_generation,Wind Offshore,2026-07-08T18:59:57Z
2026-07-08T18:58:29Z,2026-07-08T20:58:29+0200,e401fd36-f4a8-45e5-ad91-bdd87731a7ba,2026-06-22T17:30:00Z,2026-06-22T19:30:00+0200,1727.425,MW,DE,DE_LU,actual_offshore_wind_generation,Wind Offshore,2026-07-08T18:59:57Z
2026-07-08T18:58:29Z,2026-07-08T20:58:29+0200,e401fd36-f4a8-45e5-ad91-bdd87731a7ba,2026-06-22T17:45:00Z,2026-06-22T19:45:00+0200,1578.038,MW,DE,DE_LU,actual_offshore_wind_generation,Wind Offshore,2026-07-08T18:59:57Z
2026-07-08T18:58:29Z,2026-07-08T20:58:29+0200,e401fd36-f4a8-45e5-ad91-bdd87731a7ba,2026-06-22T18:00:00Z,2026-06-22T20:00:00+0200,1503.38,MW,DE,DE_LU,actual_offshore_wind_generation,Wind Offshore,2026-07-08T18:59:57Z
2026-07-08T18:58:29Z,2026-07-08T20:58:29+0200,e401fd36-f4a8-45e5-ad91-bdd87731a7ba,2026-06-22T18:15:00Z,2026-06-22T20:15:00+0200,1372.297,MW,DE,DE_LU,actual_offshore_wind_generation,Wind Offshore,2026-07-08T18:59:57Z
2026-07-08T18:58:29Z,2026-07-08T20:58:29+0200,e401fd36-f4a8-45e5-ad91-bdd87731a7ba,2026-06-22T18:30:00Z,2026-06-22T20:30:00+0200,1222.461,MW,DE,DE_LU,actual_offshore_wind_generation,Wind Offshore,2026-07-08T18:59:57Z
2026-07-08T18:58:29Z,2026-07-08T20:58:29+0200,e401fd36-f4a8-45e5-ad91-bdd87731a7ba,2026-06-22T18:45:00Z,2026-06-22T20:45:00+0200,1166.825,MW,DE,DE_LU,actual_offshore_wind_generation,Wind Offshore,2026-07-08T18:59:57Z
2026-07-08T18:58:29Z,2026-07-08T20:58:29+0200,e401fd36-f4a8-45e5-ad91-bdd87731a7ba,2026-06-22T19:00:00Z,2026-06-22T21:00:00+0200,1134.635,MW,DE,DE_LU,actual_offshore_wind_generation,Wind Offshore,2026-07-08T18:59:57Z
2026-07-08T18:58:29Z,2026-07-08T20:58:29+0200,e401fd36-f4a8-45e5-ad91-bdd87731a7ba,2026-06-22T19:15:00Z,2026-06-22T21:15:00+0200,1171.715,MW,DE,DE_LU,actual_offshore_wind_generation,Wind Offshore,2026-07-08T18:59:57Z
2026-07-08T18:58:29Z,2026-07-08T20:58:29+0200,e401fd36-f4a8-45e5-ad91-bdd87731a7ba,2026-06-22T19:30:00Z,2026-06-22T21:30:00+0200,1236.217,MW,DE,DE_LU,actual_offshore_wind_generation,Wind Offshore,2026-07-08T18:59:57Z
2026-07-08T18:58:29Z,2026-07-08T20:58:29+0200,e401fd36-f4a8-45e5-ad91-bdd87731a7ba,2026-06-22T19:45:00Z,2026-06-22T21:45:00+0200,1239.713,MW,DE,DE_LU,actual_offshore_wind_generation,Wind Offshore,2026-07-08T18:59:57Z
2026-07-08T18:58:29Z,2026-07-08T20:58:29+0200,e401fd36-f4a8-45e5-ad91-bdd87731a7ba,2026-06-22T20:00:00Z,2026-06-22T22:00:00+0200,1211.09,MW,DE,DE_LU,actual_offshore_wind_generation,Wind Offshore,2026-07-08T18:59:57Z
2026-07-08T18:58:29Z,2026-07-08T20:58:29+0200,e401fd36-f4a8-45e5-ad91-bdd87731a7ba,2026-06-22T20:15:00Z,2026-06-22T22:15:00+0200,1167.673,MW,DE,DE_LU,actual_offshore_wind_generation,Wind Offshore,2026-07-08T18:59:57Z
2026-07-08T18:58:29Z,2026-07-08T20:58:29+0200,e401fd36-f4a8-45e5-ad91-bdd87731a7ba,2026-06-22T20:30:00Z,2026-06-22T22:30:00+0200,1142.328,MW,DE,DE_LU,actual_offshore_wind_generation,Wind Offshore,2026-07-08T18:59:57Z
2026-07-08T18:58:29Z,2026-07-08T20:58:29+0200,e401fd36-f4a8-45e5-ad91-bdd87731a7ba,2026-06-22T20:45:00Z,2026-06-22T22:45:00+0200,1127.852,MW,DE,DE_LU,actual_offshore_wind_generation,Wind Offshore,2026-07-08T18:59:57Z
2026-07-08T18:58:29Z,2026-07-08T20:58:29+0200,e401fd36-f4a8-45e5-ad91-bdd87731a7ba,2026-06-22T21:00:00Z,2026-06-22T23:00:00+0200,1057.835,MW,DE,DE_LU,actual_offshore_wind_generation,Wind Offshore,2026-07-08T18:59:57Z
2026-07-08T18:58:29Z,2026-07-08T20:58:29+0200,e401fd36-f4a8-45e5-ad91-bdd87731a7ba,2026-06-22T21:15:00Z,2026-06-22T23:15:00+0200,911.391,MW,DE,DE_LU,actual_offshore_wind_generation,Wind Offshore,2026-07-08T18:59:57Z
2026-07-08T18:58:29Z,2026-07-08T20:58:29+0200,e401fd36-f4a8-45e5-ad91-bdd87731a7ba,2026-06-22T21:30:00Z,2026-06-22T23:30:00+0200,807.172,MW,DE,DE_LU,actual_offshore_wind_generation,Wind Offshore,2026-07-08T18:59:57Z
2026-07-08T18:58:29Z,2026-07-08T20:58:29+0200,e401fd36-f4a8-45e5-ad91-bdd87731a7ba,2026-06-22T21:45:00Z,2026-06-22T23:45:00+0200,786.195,MW,DE,DE_LU,actual_offshore_wind_generation,Wind Offshore,2026-07-08T18:59:57Z
2026-07-08T18:58:29Z,2026-07-08T20:58:29+0200,e401fd36-f4a8-45e5-ad91-bdd87731a7ba,2026-06-22T22:00:00Z,2026-06-23T00:00:00+0200,770.385,MW,DE,DE_LU,actual_offshore_wind_generation,Wind Offshore,2026-07-08T18:59:57Z
2026-07-08T18:58:29Z,2026-07-08T20:58:29+0200,e401fd36-f4a8-45e5-ad91-bdd87731a7ba,2026-06-22T22:15:00Z,2026-06-23T00:15:00+0200,728.29,MW,DE,DE_LU,actual_offshore_wind_generation,Wind Offshore,2026-07-08T18:59:57Z
2026-07-08T18:58:29Z,2026-07-08T20:58:29+0200,e401fd36-f4a8-45e5-ad91-bdd87731a7ba,2026-06-22T22:30:00Z,2026-06-23T00:30:00+0200,764.289,MW,DE,DE_LU,actual_offshore_wind_generation,Wind Offshore,2026-07-08T18:59:57Z
2026-07-08T18:58:29Z,2026-07-08T20:58:29+0200,e401fd36-f4a8-45e5-ad91-bdd87731a7ba,2026-06-22T22:45:00Z,2026-06-23T00:45:00+0200,790.592,MW,DE,DE_LU,actual_offshore_wind_generation,Wind Offshore,2026-07-08T18:59:57Z
2026-07-08T18:58:29Z,2026-07-08T20:58:29+0200,e401fd36-f4a8-45e5-ad91-bdd87731a7ba,2026-06-22T23:00:00Z,2026-06-23T01:00:00+0200,853.458,MW,DE,DE_LU,actual_offshore_wind_generation,Wind Offshore,2026-07-08T18:59:57Z
2026-07-08T18:58:29Z,2026-07-08T20:58:29+0200,e401fd36-f4a8-45e5-ad91-bdd87731a7ba,2026-06-22T23:15:00Z,2026-06-23T01:15:00+0200,875.997,MW,DE,DE_LU,actual_offshore_wind_generation,Wind Offshore,2026-07-08T18:59:57Z
2026-07-08T18:58:29Z,2026-07-08T20:58:29+0200,e401fd36-f4a8-45e5-ad91-bdd87731a7ba,2026-06-22T23:30:00Z,2026-06-23T01:30:00+0200,854.031,MW,DE,DE_LU,actual_offshore_wind_generation,Wind Offshore,2026-07-08T18:59:57Z
2026-07-08T18:58:29Z,2026-07-08T20:58:29+0200,e401fd36-f4a8-45e5-ad91-bdd87731a7ba,2026-06-22T23:45:00Z,2026-06-23T01:45:00+0200,845.896,MW,DE,DE_LU,actual_offshore_wind_generation,Wind Offshore,2026-07-08T18:59:57Z
2026-07-08T18:58:29Z,2026-07-08T20:58:29+0200,e401fd36-f4a8-45e5-ad91-bdd87731a7ba,2026-06-23T00:00:00Z,2026-06-23T02:00:00+0200,847.888,MW,DE,DE_LU,actual_offshore_wind_generation,Wind Offshore,2026-07-08T18:59:57Z
2026-07-08T18:58:29Z,2026-07-08T20:58:29+0200,e401fd36-f4a8-45e5-ad91-bdd87731a7ba,2026-06-23T00:15:00Z,2026-06-23T02:15:00+0200,839.753,MW,DE,DE_LU,actual_offshore_wind_generation,Wind Offshore,2026-07-08T18:59:57Z
2026-07-08T18:58:29Z,2026-07-08T20:58:29+0200,e401fd36-f4a8-45e5-ad91-bdd87731a7ba,2026-06-23T00:30:00Z,2026-06-23T02:30:00+0200,752.815,MW,DE,DE_LU,actual_offshore_wind_generation,Wind Offshore,2026-07-08T18:59:57Z
2026-07-08T18:58:29Z,2026-07-08T20:58:29+0200,e401fd36-f4a8-45e5-ad91-bdd87731a7ba,2026-06-23T00:45:00Z,2026-06-23T02:45:00+0200,696.001,MW,DE,DE_LU,actual_offshore_wind_generation,Wind Offshore,2026-07-08T18:59:57Z
2026-07-08T18:58:29Z,2026-07-08T20:58:29+0200,e401fd36-f4a8-45e5-ad91-bdd87731a7ba,2026-06-23T01:00:00Z,2026-06-23T03:00:00+0200,606.5,MW,DE,DE_LU,actual_offshore_wind_generation,Wind Offshore,2026-07-08T18:59:57Z
2026-07-08T18:58:29Z,2026-07-08T20:58:29+0200,e401fd36-f4a8-45e5-ad91-bdd87731a7ba,2026-06-23T01:15:00Z,2026-06-23T03:15:00+0200,500.733,MW,DE,DE_LU,actual_offshore_wind_generation,Wind Offshore,2026-07-08T18:59:57Z
2026-07-08T18:58:29Z,2026-07-08T20:58:29+0200,e401fd36-f4a8-45e5-ad91-bdd87731a7ba,2026-06-23T01:30:00Z,2026-06-23T03:30:00+0200,427.66,MW,DE,DE_LU,actual_offshore_wind_generation,Wind Offshore,2026-07-08T18:59:57Z
2026-07-08T18:58:29Z,2026-07-08T20:58:29+0200,e401fd36-f4a8-45e5-ad91-bdd87731a7ba,2026-06-23T01:45:00Z,2026-06-23T03:45:00+0200,426.551,MW,DE,DE_LU,actual_offshore_wind_generation,Wind Offshore,2026-07-08T18:59:57Z
2026-07-08T18:58:29Z,2026-07-08T20:58:29+0200,e401fd36-f4a8-45e5-ad91-bdd87731a7ba,2026-06-23T02:00:00Z,2026-06-23T04:00:00+0200,419.943,MW,DE,DE_LU,actual_offshore_wind_generation,Wind Offshore,2026-07-08T18:59:57Z
2026-07-08T18:58:29Z,2026-07-08T20:58:29+0200,e401fd36-f4a8-45e5-ad91-bdd87731a7ba,2026-06-23T02:15:00Z,2026-06-23T04:15:00+0200,420.928,MW,DE,DE_LU,actual_offshore_wind_generation,Wind Offshore,2026-07-08T18:59:57Z
2026-07-08T18:58:29Z,2026-07-08T20:58:29+0200,e401fd36-f4a8-45e5-ad91-bdd87731a7ba,2026-06-23T02:30:00Z,2026-06-23T04:30:00+0200,392.273,MW,DE,DE_LU,actual_offshore_wind_generation,Wind Offshore,2026-07-08T18:59:57Z
2026-07-08T18:58:29Z,2026-07-08T20:58:29+0200,e401fd36-f4a8-45e5-ad91-bdd87731a7ba,2026-06-23T02:45:00Z,2026-06-23T04:45:00+0200,354.747,MW,DE,DE_LU,actual_offshore_wind_generation,Wind Offshore,2026-07-08T18:59:57Z
2026-07-08T18:58:29Z,2026-07-08T20:58:29+0200,e401fd36-f4a8-45e5-ad91-bdd87731a7ba,2026-06-23T03:00:00Z,2026-06-23T05:00:00+0200,364.645,MW,DE,DE_LU,actual_offshore_wind_generation,Wind Offshore,2026-07-08T18:59:57Z
2026-07-08T18:58:29Z,2026-07-08T20:58:29+0200,e401fd36-f4a8-45e5-ad91-bdd87731a7ba,2026-06-23T03:15:00Z,2026-06-23T05:15:00+0200,359.58,MW,DE,DE_LU,actual_offshore_wind_generation,Wind Offshore,2026-07-08T18:59:57Z
2026-07-08T18:58:29Z,2026-07-08T20:58:29+0200,e401fd36-f4a8-45e5-ad91-bdd87731a7ba,2026-06-23T03:30:00Z,2026-06-23T05:30:00+0200,398.293,MW,DE,DE_LU,actual_offshore_wind_generation,Wind Offshore,2026-07-08T18:59:57Z
2026-07-08T18:58:29Z,2026-07-08T20:58:29+0200,e401fd36-f4a8-45e5-ad91-bdd87731a7ba,2026-06-23T03:45:00Z,2026-06-23T05:45:00+0200,397.675,MW,DE,DE_LU,actual_offshore_wind_generation,Wind Offshore,2026-07-08T18:59:57Z
2026-07-08T18:58:29Z,2026-07-08T20:58:29+0200,e401fd36-f4a8-45e5-ad91-bdd87731a7ba,2026-06-23T04:00:00Z,2026-06-23T06:00:00+0200,398.211,MW,DE,DE_LU,actual_offshore_wind_generation,Wind Offshore,2026-07-08T18:59:57Z
2026-07-08T18:58:29Z,2026-07-08T20:58:29+0200,e401fd36-f4a8-45e5-ad91-bdd87731a7ba,2026-06-23T04:15:00Z,2026-06-23T06:15:00+0200,374.91,MW,DE,DE_LU,actual_offshore_wind_generation,Wind Offshore,2026-07-08T18:59:57Z
2026-07-08T18:58:29Z,2026-07-08T20:58:29+0200,e401fd36-f4a8-45e5-ad91-bdd87731a7ba,2026-06-23T04:30:00Z,2026-06-23T06:30:00+0200,328.142,MW,DE,DE_LU,actual_offshore_wind_generation,Wind Offshore,2026-07-08T18:59:57Z
2026-07-08T18:58:29Z,2026-07-08T20:58:29+0200,e401fd36-f4a8-45e5-ad91-bdd87731a7ba,2026-06-23T04:45:00Z,2026-06-23T06:45:00+0200,250.444,MW,DE,DE_LU,actual_offshore_wind_generation,Wind Offshore,2026-07-08T18:59:57Z
2026-07-08T18:58:29Z,2026-07-08T20:58:29+0200,e401fd36-f4a8-45e5-ad91-bdd87731a7ba,2026-06-23T05:00:00Z,2026-06-23T07:00:00+0200,222.619,MW,DE,DE_LU,actual_offshore_wind_generation,Wind Offshore,2026-07-08T18:59:57Z
2026-07-08T18:58:29Z,2026-07-08T20:58:29+0200,e401fd36-f4a8-45e5-ad91-bdd87731a7ba,2026-06-23T05:15:00Z,2026-06-23T07:15:00+0200,220.55,MW,DE,DE_LU,actual_offshore_wind_generation,Wind Offshore,2026-07-08T18:59:57Z
2026-07-08T18:58:29Z,2026-07-08T20:58:29+0200,e401fd36-f4a8-45e5-ad91-bdd87731a7ba,2026-06-23T05:30:00Z,2026-06-23T07:30:00+0200,171.088,MW,DE,DE_LU,actual_offshore_wind_generation,Wind Offshore,2026-07-08T18:59:57Z
2026-07-08T18:58:29Z,2026-07-08T20:58:29+0200,e401fd36-f4a8-45e5-ad91-bdd87731a7ba,2026-06-23T05:45:00Z,2026-06-23T07:45:00+0200,130.632,MW,DE,DE_LU,actual_offshore_wind_generation,Wind Offshore,2026-07-08T18:59:57Z
2026-07-08T18:58:29Z,2026-07-08T20:58:29+0200,e401fd36-f4a8-45e5-ad91-bdd87731a7ba,2026-06-23T06:00:00Z,2026-06-23T08:00:00+0200,102.525,MW,DE,DE_LU,actual_offshore_wind_generation,Wind Offshore,2026-07-08T18:59:57Z
2026-07-08T18:58:29Z,2026-07-08T20:58:29+0200,e401fd36-f4a8-45e5-ad91-bdd87731a7ba,2026-06-23T06:15:00Z,2026-06-23T08:15:00+0200,95.23,MW,DE,DE_LU,actual_offshore_wind_generation,Wind Offshore,2026-07-08T18:59:57Z
2026-07-08T18:58:29Z,2026-07-08T20:58:29+0200,e401fd36-f4a8-45e5-ad91-bdd87731a7ba,2026-06-23T06:30:00Z,2026-06-23T08:30:00+0200,82.001,MW,DE,DE_LU,actual_offshore_wind_generation,Wind Offshore,2026-07-08T18:59:57Z
2026-07-08T18:58:29Z,2026-07-08T20:58:29+0200,e401fd36-f4a8-45e5-ad91-bdd87731a7ba,2026-06-23T06:45:00Z,2026-06-23T08:45:00+0200,84.825,MW,DE,DE_LU,actual_offshore_wind_generation,Wind Offshore,2026-07-08T18:59:57Z
2026-07-08T18:58:29Z,2026-07-08T20:58:29+0200,e401fd36-f4a8-45e5-ad91-bdd87731a7ba,2026-06-23T07:00:00Z,2026-06-23T09:00:00+0200,62.898,MW,DE,DE_LU,actual_offshore_wind_generation,Wind Offshore,2026-07-08T18:59:57Z
2026-07-08T18:58:29Z,2026-07-08T20:58:29+0200,e401fd36-f4a8-45e5-ad91-bdd87731a7ba,2026-06-23T07:15:00Z,2026-06-23T09:15:00+0200,47.059,MW,DE,DE_LU,actual_offshore_wind_generation,Wind Offshore,2026-07-08T18:59:57Z
2026-07-08T18:58:29Z,2026-07-08T20:58:29+0200,e401fd36-f4a8-45e5-ad91-bdd87731a7ba,2026-06-23T07:30:00Z,2026-06-23T09:30:00+0200,26.922,MW,DE,DE_LU,actual_offshore_wind_generation,Wind Offshore,2026-07-08T18:59:57Z
2026-07-08T18:58:29Z,2026-07-08T20:58:29+0200,e401fd36-f4a8-45e5-ad91-bdd87731a7ba,2026-06-23T07:45:00Z,2026-06-23T09:45:00+0200,20.61,MW,DE,DE_LU,actual_offshore_wind_generation,Wind Offshore,2026-07-08T18:59:57Z
2026-07-08T18:58:29Z,2026-07-08T20:58:29+0200,e401fd36-f4a8-45e5-ad91-bdd87731a7ba,2026-06-23T08:00:00Z,2026-06-23T10:00:00+0200,22.97,MW,DE,DE_LU,actual_offshore_wind_generation,Wind Offshore,2026-07-08T18:59:57Z
2026-07-08T18:58:29Z,2026-07-08T20:58:29+0200,e401fd36-f4a8-45e5-ad91-bdd87731a7ba,2026-06-23T08:15:00Z,2026-06-23T10:15:00+0200,30.454,MW,DE,DE_LU,actual_offshore_wind_generation,Wind Offshore,2026-07-08T18:59:57Z
2026-07-08T18:58:29Z,2026-07-08T20:58:29+0200,e401fd36-f4a8-45e5-ad91-bdd87731a7ba,2026-06-23T08:30:00Z,2026-06-23T10:30:00+0200,38.026,MW,DE,DE_LU,actual_offshore_wind_generation,Wind Offshore,2026-07-08T18:59:57Z
2026-07-08T18:58:29Z,2026-07-08T20:58:29+0200,e401fd36-f4a8-45e5-ad91-bdd87731a7ba,2026-06-23T08:45:00Z,2026-06-23T10:45:00+0200,33.414,MW,DE,DE_LU,actual_offshore_wind_generation,Wind Offshore,2026-07-08T18:59:57Z
2026-07-08T18:58:29Z,2026-07-08T20:58:29+0200,e401fd36-f4a8-45e5-ad91-bdd87731a7ba,2026-06-23T09:00:00Z,2026-06-23T11:00:00+0200,30.337,MW,DE,DE_LU,actual_offshore_wind_generation,Wind Offshore,2026-07-08T18:59:57Z
2026-07-08T18:58:29Z,2026-07-08T20:58:29+0200,e401fd36-f4a8-45e5-ad91-bdd87731a7ba,2026-06-23T09:15:00Z,2026-06-23T11:15:00+0200,21.561,MW,DE,DE_LU,actual_offshore_wind_generation,Wind Offshore,2026-07-08T18:59:57Z
2026-07-08T18:58:29Z,2026-07-08T20:58:29+0200,e401fd36-f4a8-45e5-ad91-bdd87731a7ba,2026-06-23T09:30:00Z,2026-06-23T11:30:00+0200,20.624,MW,DE,DE_LU,actual_offshore_wind_generation,Wind Offshore,2026-07-08T18:59:57Z
2026-07-08T18:58:29Z,2026-07-08T20:58:29+0200,e401fd36-f4a8-45e5-ad91-bdd87731a7ba,2026-06-23T09:45:00Z,2026-06-23T11:45:00+0200,21.432,MW,DE,DE_LU,actual_offshore_wind_generation,Wind Offshore,2026-07-08T18:59:57Z
2026-07-08T18:58:29Z,2026-07-08T20:58:29+0200,e401fd36-f4a8-45e5-ad91-bdd87731a7ba,2026-06-23T10:00:00Z,2026-06-23T12:00:00+0200,21.974,MW,DE,DE_LU,actual_offshore_wind_generation,Wind Offshore,2026-07-08T18:59:57Z
2026-07-08T18:58:29Z,2026-07-08T20:58:29+0200,e401fd36-f4a8-45e5-ad91-bdd87731a7ba,2026-06-23T10:15:00Z,2026-06-23T12:15:00+0200,32.269,MW,DE,DE_LU,actual_offshore_wind_generation,Wind Offshore,2026-07-08T18:59:57Z
2026-07-08T18:58:29Z,2026-07-08T20:58:29+0200,e401fd36-f4a8-45e5-ad91-bdd87731a7ba,2026-06-23T10:30:00Z,2026-06-23T12:30:00+0200,56.308,MW,DE,DE_LU,actual_offshore_wind_generation,Wind Offshore,2026-07-08T18:59:57Z
2026-07-08T18:58:29Z,2026-07-08T20:58:29+0200,e401fd36-f4a8-45e5-ad91-bdd87731a7ba,2026-06-23T10:45:00Z,2026-06-23T12:45:00+0200,67.223,MW,DE,DE_LU,actual_offshore_wind_generation,Wind Offshore,2026-07-08T18:59:57Z
2026-07-08T18:58:29Z,2026-07-08T20:58:29+0200,e401fd36-f4a8-45e5-ad91-bdd87731a7ba,2026-06-23T11:00:00Z,2026-06-23T13:00:00+0200,27.184,MW,DE,DE_LU,actual_offshore_wind_generation,Wind Offshore,2026-07-08T18:59:57Z
2026-07-08T18:58:29Z,2026-07-08T20:58:29+0200,e401fd36-f4a8-45e5-ad91-bdd87731a7ba,2026-06-23T11:15:00Z,2026-06-23T13:15:00+0200,24.179,MW,DE,DE_LU,actual_offshore_wind_generation,Wind Offshore,2026-07-08T18:59:57Z
2026-07-08T18:58:29Z,2026-07-08T20:58:29+0200,e401fd36-f4a8-45e5-ad91-bdd87731a7ba,2026-06-23T11:30:00Z,2026-06-23T13:30:00+0200,27.84,MW,DE,DE_LU,actual_offshore_wind_generation,Wind Offshore,2026-07-08T18:59:57Z
2026-07-08T18:58:29Z,2026-07-08T20:58:29+0200,e401fd36-f4a8-45e5-ad91-bdd87731a7ba,2026-06-23T11:45:00Z,2026-06-23T13:45:00+0200,31.997,MW,DE,DE_LU,actual_offshore_wind_generation,Wind Offshore,2026-07-08T18:59:57Z
2026-07-08T18:58:29Z,2026-07-08T20:58:29+0200,e401fd36-f4a8-45e5-ad91-bdd87731a7ba,2026-06-23T12:00:00Z,2026-06-23T14:00:00+0200,38.324,MW,DE,DE_LU,actual_offshore_wind_generation,Wind Offshore,2026-07-08T18:59:57Z
2026-07-08T18:58:29Z,2026-07-08T20:58:29+0200,e401fd36-f4a8-45e5-ad91-bdd87731a7ba,2026-06-23T12:15:00Z,2026-06-23T14:15:00+0200,57.626,MW,DE,DE_LU,actual_offshore_wind_generation,Wind Offshore,2026-07-08T18:59:57Z
2026-07-08T18:58:29Z,2026-07-08T20:58:29+0200,e401fd36-f4a8-45e5-ad91-bdd87731a7ba,2026-06-23T12:30:00Z,2026-06-23T14:30:00+0200,61.49,MW,DE,DE_LU,actual_offshore_wind_generation,Wind Offshore,2026-07-08T18:59:57Z
2026-07-08T18:58:29Z,2026-07-08T20:58:29+0200,e401fd36-f4a8-45e5-ad91-bdd87731a7ba,2026-06-23T12:45:00Z,2026-06-23T14:45:00+0200,50.329,MW,DE,DE_LU,actual_offshore_wind_generation,Wind Offshore,2026-07-08T18:59:57Z
2026-07-08T18:58:29Z,2026-07-08T20:58:29+0200,e401fd36-f4a8-45e5-ad91-bdd87731a7ba,2026-06-23T13:00:00Z,2026-06-23T15:00:00+0200,188.586,MW,DE,DE_LU,actual_offshore_wind_generation,Wind Offshore,2026-07-08T18:59:57Z
2026-07-08T18:58:29Z,2026-07-08T20:58:29+0200,e401fd36-f4a8-45e5-ad91-bdd87731a7ba,2026-06-23T13:15:00Z,2026-06-23T15:15:00+0200,281.87,MW,DE,DE_LU,actual_offshore_wind_generation,Wind Offshore,2026-07-08T18:59:57Z
2026-07-08T18:58:29Z,2026-07-08T20:58:29+0200,e401fd36-f4a8-45e5-ad91-bdd87731a7ba,2026-06-23T13:30:00Z,2026-06-23T15:30:00+0200,315.419,MW,DE,DE_LU,actual_offshore_wind_generation,Wind Offshore,2026-07-08T18:59:57Z
2026-07-08T18:58:29Z,2026-07-08T20:58:29+0200,e401fd36-f4a8-45e5-ad91-bdd87731a7ba,2026-06-23T13:45:00Z,2026-06-23T15:45:00+0200,280.317,MW,DE,DE_LU,actual_offshore_wind_generation,Wind Offshore,2026-07-08T18:59:57Z
2026-07-08T18:58:29Z,2026-07-08T20:58:29+0200,e401fd36-f4a8-45e5-ad91-bdd87731a7ba,2026-06-23T14:00:00Z,2026-06-23T16:00:00+0200,257.327,MW,DE,DE_LU,actual_offshore_wind_generation,Wind Offshore,2026-07-08T18:59:57Z
2026-07-08T18:58:29Z,2026-07-08T20:58:29+0200,e401fd36-f4a8-45e5-ad91-bdd87731a7ba,2026-06-23T14:15:00Z,2026-06-23T16:15:00+0200,200.281,MW,DE,DE_LU,actual_offshore_wind_generation,Wind Offshore,2026-07-08T18:59:57Z
2026-07-08T18:58:29Z,2026-07-08T20:58:29+0200,e401fd36-f4a8-45e5-ad91-bdd87731a7ba,2026-06-23T14:30:00Z,2026-06-23T16:30:00+0200,141.334,MW,DE,DE_LU,actual_offshore_wind_generation,Wind Offshore,2026-07-08T18:59:57Z
2026-07-08T18:58:29Z,2026-07-08T20:58:29+0200,e401fd36-f4a8-45e5-ad91-bdd87731a7ba,2026-06-23T14:45:00Z,2026-06-23T16:45:00+0200,146.551,MW,DE,DE_LU,actual_offshore_wind_generation,Wind Offshore,2026-07-08T18:59:57Z
2026-07-08T18:58:29Z,2026-07-08T20:58:29+0200,e401fd36-f4a8-45e5-ad91-bdd87731a7ba,2026-06-23T15:00:00Z,2026-06-23T17:00:00+0200,171.508,MW,DE,DE_LU,actual_offshore_wind_generation,Wind Offshore,2026-07-08T18:59:57Z
2026-07-08T18:58:29Z,2026-07-08T20:58:29+0200,e401fd36-f4a8-45e5-ad91-bdd87731a7ba,2026-06-23T15:15:00Z,2026-06-23T17:15:00+0200,172.307,MW,DE,DE_LU,actual_offshore_wind_generation,Wind Offshore,2026-07-08T18:59:57Z
2026-07-08T18:58:29Z,2026-07-08T20:58:29+0200,e401fd36-f4a8-45e5-ad91-bdd87731a7ba,2026-06-23T15:30:00Z,2026-06-23T17:30:00+0200,146.818,MW,DE,DE_LU,actual_offshore_wind_generation,Wind Offshore,2026-07-08T18:59:57Z
2026-07-08T18:58:29Z,2026-07-08T20:58:29+0200,e401fd36-f4a8-45e5-ad91-bdd87731a7ba,2026-06-23T15:45:00Z,2026-06-23T17:45:00+0200,152.142,MW,DE,DE_LU,actual_offshore_wind_generation,Wind Offshore,2026-07-08T18:59:57Z
2026-07-08T18:58:29Z,2026-07-08T20:58:29+0200,e401fd36-f4a8-45e5-ad91-bdd87731a7ba,2026-06-23T16:00:00Z,2026-06-23T18:00:00+0200,170.6,MW,DE,DE_LU,actual_offshore_wind_generation,Wind Offshore,2026-07-08T18:59:57Z
2026-07-08T18:58:29Z,2026-07-08T20:58:29+0200,e401fd36-f4a8-45e5-ad91-bdd87731a7ba,2026-06-23T16:15:00Z,2026-06-23T18:15:00+0200,161.334,MW,DE,DE_LU,actual_offshore_wind_generation,Wind Offshore,2026-07-08T18:59:57Z
2026-07-08T18:58:29Z,2026-07-08T20:58:29+0200,e401fd36-f4a8-45e5-ad91-bdd87731a7ba,2026-06-23T16:30:00Z,2026-06-23T18:30:00+0200,141.658,MW,DE,DE_LU,actual_offshore_wind_generation,Wind Offshore,2026-07-08T18:59:57Z
2026-07-08T18:58:29Z,2026-07-08T20:58:29+0200,e401fd36-f4a8-45e5-ad91-bdd87731a7ba,2026-06-23T16:45:00Z,2026-06-23T18:45:00+0200,154.49,MW,DE,DE_LU,actual_offshore_wind_generation,Wind Offshore,2026-07-08T18:59:57Z
2026-07-08T18:58:29Z,2026-07-08T20:58:29+0200,e401fd36-f4a8-45e5-ad91-bdd87731a7ba,2026-06-23T17:00:00Z,2026-06-23T19:00:00+0200,176.763,MW,DE,DE_LU,actual_offshore_wind_generation,Wind Offshore,2026-07-08T18:59:57Z
2026-07-08T18:58:29Z,2026-07-08T20:58:29+0200,e401fd36-f4a8-45e5-ad91-bdd87731a7ba,2026-06-23T17:15:00Z,2026-06-23T19:15:00+0200,175.922,MW,DE,DE_LU,actual_offshore_wind_generation,Wind Offshore,2026-07-08T18:59:57Z
2026-07-08T18:58:29Z,2026-07-08T20:58:29+0200,e401fd36-f4a8-45e5-ad91-bdd87731a7ba,2026-06-23T17:30:00Z,2026-06-23T19:30:00+0200,214.009,MW,DE,DE_LU,actual_offshore_wind_generation,Wind Offshore,2026-07-08T18:59:57Z
2026-07-08T18:58:29Z,2026-07-08T20:58:29+0200,e401fd36-f4a8-45e5-ad91-bdd87731a7ba,2026-06-23T17:45:00Z,2026-06-23T19:45:00+0200,260.369,MW,DE,DE_LU,actual_offshore_wind_generation,Wind Offshore,2026-07-08T18:59:57Z
2026-07-08T18:58:29Z,2026-07-08T20:58:29+0200,e401fd36-f4a8-45e5-ad91-bdd87731a7ba,2026-06-23T18:00:00Z,2026-06-23T20:00:00+0200,287.535,MW,DE,DE_LU,actual_offshore_wind_generation,Wind Offshore,2026-07-08T18:59:57Z
2026-07-08T18:58:29Z,2026-07-08T20:58:29+0200,e401fd36-f4a8-45e5-ad91-bdd87731a7ba,2026-06-23T18:15:00Z,2026-06-23T20:15:00+0200,312.142,MW,DE,DE_LU,actual_offshore_wind_generation,Wind Offshore,2026-07-08T18:59:57Z
2026-07-08T18:58:29Z,2026-07-08T20:58:29+0200,e401fd36-f4a8-45e5-ad91-bdd87731a7ba,2026-06-23T18:30:00Z,2026-06-23T20:30:00+0200,331.69,MW,DE,DE_LU,actual_offshore_wind_generation,Wind Offshore,2026-07-08T18:59:57Z
2026-07-08T18:58:29Z,2026-07-08T20:58:29+0200,e401fd36-f4a8-45e5-ad91-bdd87731a7ba,2026-06-23T18:45:00Z,2026-06-23T20:45:00+0200,372.883,MW,DE,DE_LU,actual_offshore_wind_generation,Wind Offshore,2026-07-08T18:59:57Z
2026-07-08T18:58:29Z,2026-07-08T20:58:29+0200,e401fd36-f4a8-45e5-ad91-bdd87731a7ba,2026-06-23T19:00:00Z,2026-06-23T21:00:00+0200,396.503,MW,DE,DE_LU,actual_offshore_wind_generation,Wind Offshore,2026-07-08T18:59:57Z
2026-07-08T18:58:29Z,2026-07-08T20:58:29+0200,e401fd36-f4a8-45e5-ad91-bdd87731a7ba,2026-06-23T19:15:00Z,2026-06-23T21:15:00+0200,372.701,MW,DE,DE_LU,actual_offshore_wind_generation,Wind Offshore,2026-07-08T18:59:57Z
2026-07-08T18:58:29Z,2026-07-08T20:58:29+0200,e401fd36-f4a8-45e5-ad91-bdd87731a7ba,2026-06-23T19:30:00Z,2026-06-23T21:30:00+0200,352.2,MW,DE,DE_LU,actual_offshore_wind_generation,Wind Offshore,2026-07-08T18:59:57Z
2026-07-08T18:58:29Z,2026-07-08T20:58:29+0200,e401fd36-f4a8-45e5-ad91-bdd87731a7ba,2026-06-23T19:45:00Z,2026-06-23T21:45:00+0200,346.869,MW,DE,DE_LU,actual_offshore_wind_generation,Wind Offshore,2026-07-08T18:59:57Z
2026-07-08T18:58:29Z,2026-07-08T20:58:29+0200,e401fd36-f4a8-45e5-ad91-bdd87731a7ba,2026-06-23T20:00:00Z,2026-06-23T22:00:00+0200,325.993,MW,DE,DE_LU,actual_offshore_wind_generation,Wind Offshore,2026-07-08T18:59:57Z
2026-07-08T18:58:29Z,2026-07-08T20:58:29+0200,e401fd36-f4a8-45e5-ad91-bdd87731a7ba,2026-06-23T20:15:00Z,2026-06-23T22:15:00+0200,344.888,MW,DE,DE_LU,actual_offshore_wind_generation,Wind Offshore,2026-07-08T18:59:57Z
2026-07-08T18:58:29Z,2026-07-08T20:58:29+0200,e401fd36-f4a8-45e5-ad91-bdd87731a7ba,2026-06-23T20:30:00Z,2026-06-23T22:30:00+0200,362.132,MW,DE,DE_LU,actual_offshore_wind_generation,Wind Offshore,2026-07-08T18:59:57Z
2026-07-08T18:58:29Z,2026-07-08T20:58:29+0200,e401fd36-f4a8-45e5-ad91-bdd87731a7ba,2026-06-23T20:45:00Z,2026-06-23T22:45:00+0200,367.471,MW,DE,DE_LU,actual_offshore_wind_generation,Wind Offshore,2026-07-08T18:59:57Z
2026-07-08T18:58:29Z,2026-07-08T20:58:29+0200,e401fd36-f4a8-45e5-ad91-bdd87731a7ba,2026-06-23T21:00:00Z,2026-06-23T23:00:00+0200,388.895,MW,DE,DE_LU,actual_offshore_wind_generation,Wind Offshore,2026-07-08T18:59:57Z
2026-07-08T18:58:29Z,2026-07-08T20:58:29+0200,e401fd36-f4a8-45e5-ad91-bdd87731a7ba,2026-06-23T21:15:00Z,2026-06-23T23:15:00+0200,479.011,MW,DE,DE_LU,actual_offshore_wind_generation,Wind Offshore,2026-07-08T18:59:57Z
2026-07-08T18:58:29Z,2026-07-08T20:58:29+0200,e401fd36-f4a8-45e5-ad91-bdd87731a7ba,2026-06-23T21:30:00Z,2026-06-23T23:30:00+0200,535.997,MW,DE,DE_LU,actual_offshore_wind_generation,Wind Offshore,2026-07-08T18:59:57Z
2026-07-08T18:58:29Z,2026-07-08T20:58:29+0200,e401fd36-f4a8-45e5-ad91-bdd87731a7ba,2026-06-23T21:45:00Z,2026-06-23T23:45:00+0200,536.156,MW,DE,DE_LU,actual_offshore_wind_generation,Wind Offshore,2026-07-08T18:59:57Z
2026-07-08T18:58:29Z,2026-07-08T20:58:29+0200,e401fd36-f4a8-45e5-ad91-bdd87731a7ba,2026-06-23T22:00:00Z,2026-06-24T00:00:00+0200,596.081,MW,DE,DE_LU,actual_offshore_wind_generation,Wind Offshore,2026-07-08T18:59:57Z
2026-07-08T18:58:29Z,2026-07-08T20:58:29+0200,e401fd36-f4a8-45e5-ad91-bdd87731a7ba,2026-06-23T22:15:00Z,2026-06-24T00:15:00+0200,700.502,MW,DE,DE_LU,actual_offshore_wind_generation,Wind Offshore,2026-07-08T18:59:57Z
2026-07-08T18:58:29Z,2026-07-08T20:58:29+0200,e401fd36-f4a8-45e5-ad91-bdd87731a7ba,2026-06-23T22:30:00Z,2026-06-24T00:30:00+0200,784.006,MW,DE,DE_LU,actual_offshore_wind_generation,Wind Offshore,2026-07-08T18:59:57Z
2026-07-08T18:58:29Z,2026-07-08T20:58:29+0200,e401fd36-f4a8-45e5-ad91-bdd87731a7ba,2026-06-23T22:45:00Z,2026-06-24T00:45:00+0200,788.057,MW,DE,DE_LU,actual_offshore_wind_generation,Wind Offshore,2026-07-08T18:59:57Z
2026-07-08T18:58:29Z,2026-07-08T20:58:29+0200,e401fd36-f4a8-45e5-ad91-bdd87731a7ba,2026-06-23T23:00:00Z,2026-06-24T01:00:00+0200,820.779,MW,DE,DE_LU,actual_offshore_wind_generation,Wind Offshore,2026-07-08T18:59:57Z
2026-07-08T18:58:29Z,2026-07-08T20:58:29+0200,e401fd36-f4a8-45e5-ad91-bdd87731a7ba,2026-06-23T23:15:00Z,2026-06-24T01:15:00+0200,799.26,MW,DE,DE_LU,actual_offshore_wind_generation,Wind Offshore,2026-07-08T18:59:57Z
2026-07-08T18:58:29Z,2026-07-08T20:58:29+0200,e401fd36-f4a8-45e5-ad91-bdd87731a7ba,2026-06-23T23:30:00Z,2026-06-24T01:30:00+0200,830.86,MW,DE,DE_LU,actual_offshore_wind_generation,Wind Offshore,2026-07-08T18:59:57Z
2026-07-08T18:58:29Z,2026-07-08T20:58:29+0200,e401fd36-f4a8-45e5-ad91-bdd87731a7ba,2026-06-23T23:45:00Z,2026-06-24T01:45:00+0200,856.831,MW,DE,DE_LU,actual_offshore_wind_generation,Wind Offshore,2026-07-08T18:59:57Z
2026-07-08T18:58:29Z,2026-07-08T20:58:29+0200,e401fd36-f4a8-45e5-ad91-bdd87731a7ba,2026-06-24T00:00:00Z,2026-06-24T02:00:00+0200,805.221,MW,DE,DE_LU,actual_offshore_wind_generation,Wind Offshore,2026-07-08T18:59:57Z
2026-07-08T18:58:29Z,2026-07-08T20:58:29+0200,e401fd36-f4a8-45e5-ad91-bdd87731a7ba,2026-06-24T00:15:00Z,2026-06-24T02:15:00+0200,740.544,MW,DE,DE_LU,actual_offshore_wind_generation,Wind Offshore,2026-07-08T18:59:57Z
2026-07-08T18:58:29Z,2026-07-08T20:58:29+0200,e401fd36-f4a8-45e5-ad91-bdd87731a7ba,2026-06-24T00:30:00Z,2026-06-24T02:30:00+0200,764.443,MW,DE,DE_LU,actual_offshore_wind_generation,Wind Offshore,2026-07-08T18:59:57Z
2026-07-08T18:58:29Z,2026-07-08T20:58:29+0200,e401fd36-f4a8-45e5-ad91-bdd87731a7ba,2026-06-24T00:45:00Z,2026-06-24T02:45:00+0200,835.814,MW,DE,DE_LU,actual_offshore_wind_generation,Wind Offshore,2026-07-08T18:59:57Z
2026-07-08T18:58:29Z,2026-07-08T20:58:29+0200,e401fd36-f4a8-45e5-ad91-bdd87731a7ba,2026-06-24T01:00:00Z,2026-06-24T03:00:00+0200,859.819,MW,DE,DE_LU,actual_offshore_wind_generation,Wind Offshore,2026-07-08T18:59:57Z
2026-07-08T18:58:29Z,2026-07-08T20:58:29+0200,e401fd36-f4a8-45e5-ad91-bdd87731a7ba,2026-06-24T01:15:00Z,2026-06-24T03:15:00+0200,903.228,MW,DE,DE_LU,actual_offshore_wind_generation,Wind Offshore,2026-07-08T18:59:57Z
2026-07-08T18:58:29Z,2026-07-08T20:58:29+0200,e401fd36-f4a8-45e5-ad91-bdd87731a7ba,2026-06-24T01:30:00Z,2026-06-24T03:30:00+0200,923.351,MW,DE,DE_LU,actual_offshore_wind_generation,Wind Offshore,2026-07-08T18:59:57Z
2026-07-08T18:58:29Z,2026-07-08T20:58:29+0200,e401fd36-f4a8-45e5-ad91-bdd87731a7ba,2026-06-24T01:45:00Z,2026-06-24T03:45:00+0200,887.018,MW,DE,DE_LU,actual_offshore_wind_generation,Wind Offshore,2026-07-08T18:59:57Z
2026-07-08T18:58:29Z,2026-07-08T20:58:29+0200,e401fd36-f4a8-45e5-ad91-bdd87731a7ba,2026-06-24T02:00:00Z,2026-06-24T04:00:00+0200,892.096,MW,DE,DE_LU,actual_offshore_wind_generation,Wind Offshore,2026-07-08T18:59:57Z
2026-07-08T18:58:29Z,2026-07-08T20:58:29+0200,e401fd36-f4a8-45e5-ad91-bdd87731a7ba,2026-06-24T02:15:00Z,2026-06-24T04:15:00+0200,982.697,MW,DE,DE_LU,actual_offshore_wind_generation,Wind Offshore,2026-07-08T18:59:57Z
2026-07-08T18:58:29Z,2026-07-08T20:58:29+0200,e401fd36-f4a8-45e5-ad91-bdd87731a7ba,2026-06-24T02:30:00Z,2026-06-24T04:30:00+0200,925.051,MW,DE,DE_LU,actual_offshore_wind_generation,Wind Offshore,2026-07-08T18:59:57Z
2026-07-08T18:58:29Z,2026-07-08T20:58:29+0200,e401fd36-f4a8-45e5-ad91-bdd87731a7ba,2026-06-24T02:45:00Z,2026-06-24T04:45:00+0200,868.563,MW,DE,DE_LU,actual_offshore_wind_generation,Wind Offshore,2026-07-08T18:59:57Z
2026-07-08T18:58:29Z,2026-07-08T20:58:29+0200,e401fd36-f4a8-45e5-ad91-bdd87731a7ba,2026-06-24T03:00:00Z,2026-06-24T05:00:00+0200,871.105,MW,DE,DE_LU,actual_offshore_wind_generation,Wind Offshore,2026-07-08T18:59:57Z
2026-07-08T18:58:29Z,2026-07-08T20:58:29+0200,e401fd36-f4a8-45e5-ad91-bdd87731a7ba,2026-06-24T03:15:00Z,2026-06-24T05:15:00+0200,859.61,MW,DE,DE_LU,actual_offshore_wind_generation,Wind Offshore,2026-07-08T18:59:57Z
2026-07-08T18:58:29Z,2026-07-08T20:58:29+0200,e401fd36-f4a8-45e5-ad91-bdd87731a7ba,2026-06-24T03:30:00Z,2026-06-24T05:30:00+0200,821.078,MW,DE,DE_LU,actual_offshore_wind_generation,Wind Offshore,2026-07-08T18:59:57Z
2026-07-08T18:58:29Z,2026-07-08T20:58:29+0200,e401fd36-f4a8-45e5-ad91-bdd87731a7ba,2026-06-24T03:45:00Z,2026-06-24T05:45:00+0200,776.999,MW,DE,DE_LU,actual_offshore_wind_generation,Wind Offshore,2026-07-08T18:59:57Z
2026-07-08T18:58:29Z,2026-07-08T20:58:29+0200,e401fd36-f4a8-45e5-ad91-bdd87731a7ba,2026-06-24T04:00:00Z,2026-06-24T06:00:00+0200,755.663,MW,DE,DE_LU,actual_offshore_wind_generation,Wind Offshore,2026-07-08T18:59:57Z
2026-07-08T18:58:29Z,2026-07-08T20:58:29+0200,e401fd36-f4a8-45e5-ad91-bdd87731a7ba,2026-06-24T04:15:00Z,2026-06-24T06:15:00+0200,727.203,MW,DE,DE_LU,actual_offshore_wind_generation,Wind Offshore,2026-07-08T18:59:57Z
2026-07-08T18:58:29Z,2026-07-08T20:58:29+0200,e401fd36-f4a8-45e5-ad91-bdd87731a7ba,2026-06-24T04:30:00Z,2026-06-24T06:30:00+0200,715.372,MW,DE,DE_LU,actual_offshore_wind_generation,Wind Offshore,2026-07-08T18:59:57Z
2026-07-08T18:58:29Z,2026-07-08T20:58:29+0200,e401fd36-f4a8-45e5-ad91-bdd87731a7ba,2026-06-24T04:45:00Z,2026-06-24T06:45:00+0200,706.059,MW,DE,DE_LU,actual_offshore_wind_generation,Wind Offshore,2026-07-08T18:59:57Z
2026-07-08T18:58:29Z,2026-07-08T20:58:29+0200,e401fd36-f4a8-45e5-ad91-bdd87731a7ba,2026-06-24T05:00:00Z,2026-06-24T07:00:00+0200,693.9,MW,DE,DE_LU,actual_offshore_wind_generation,Wind Offshore,2026-07-08T18:59:57Z
2026-07-08T18:58:29Z,2026-07-08T20:58:29+0200,e401fd36-f4a8-45e5-ad91-bdd87731a7ba,2026-06-24T05:15:00Z,2026-06-24T07:15:00+0200,666.049,MW,DE,DE_LU,actual_offshore_wind_generation,Wind Offshore,2026-07-08T18:59:57Z
2026-07-08T18:58:29Z,2026-07-08T20:58:29+0200,e401fd36-f4a8-45e5-ad91-bdd87731a7ba,2026-06-24T05:30:00Z,2026-06-24T07:30:00+0200,621.294,MW,DE,DE_LU,actual_offshore_wind_generation,Wind Offshore,2026-07-08T18:59:57Z
2026-07-08T18:58:29Z,2026-07-08T20:58:29+0200,e401fd36-f4a8-45e5-ad91-bdd87731a7ba,2026-06-24T05:45:00Z,2026-06-24T07:45:00+0200,545.581,MW,DE,DE_LU,actual_offshore_wind_generation,Wind Offshore,2026-07-08T18:59:57Z
2026-07-08T18:58:29Z,2026-07-08T20:58:29+0200,e401fd36-f4a8-45e5-ad91-bdd87731a7ba,2026-06-24T06:00:00Z,2026-06-24T08:00:00+0200,503.869,MW,DE,DE_LU,actual_offshore_wind_generation,Wind Offshore,2026-07-08T18:59:57Z
2026-07-08T18:58:29Z,2026-07-08T20:58:29+0200,e401fd36-f4a8-45e5-ad91-bdd87731a7ba,2026-06-24T06:15:00Z,2026-06-24T08:15:00+0200,436.666,MW,DE,DE_LU,actual_offshore_wind_generation,Wind Offshore,2026-07-08T18:59:57Z
2026-07-08T18:58:29Z,2026-07-08T20:58:29+0200,e401fd36-f4a8-45e5-ad91-bdd87731a7ba,2026-06-24T06:30:00Z,2026-06-24T08:30:00+0200,414.109,MW,DE,DE_LU,actual_offshore_wind_generation,Wind Offshore,2026-07-08T18:59:57Z
2026-07-08T18:58:29Z,2026-07-08T20:58:29+0200,e401fd36-f4a8-45e5-ad91-bdd87731a7ba,2026-06-24T06:45:00Z,2026-06-24T08:45:00+0200,390.587,MW,DE,DE_LU,actual_offshore_wind_generation,Wind Offshore,2026-07-08T18:59:57Z
2026-07-08T18:58:29Z,2026-07-08T20:58:29+0200,e401fd36-f4a8-45e5-ad91-bdd87731a7ba,2026-06-24T07:00:00Z,2026-06-24T09:00:00+0200,376.165,MW,DE,DE_LU,actual_offshore_wind_generation,Wind Offshore,2026-07-08T18:59:57Z
2026-07-08T18:58:29Z,2026-07-08T20:58:29+0200,e401fd36-f4a8-45e5-ad91-bdd87731a7ba,2026-06-24T07:15:00Z,2026-06-24T09:15:00+0200,345.646,MW,DE,DE_LU,actual_offshore_wind_generation,Wind Offshore,2026-07-08T18:59:57Z
2026-07-08T18:58:29Z,2026-07-08T20:58:29+0200,e401fd36-f4a8-45e5-ad91-bdd87731a7ba,2026-06-24T07:30:00Z,2026-06-24T09:30:00+0200,301.026,MW,DE,DE_LU,actual_offshore_wind_generation,Wind Offshore,2026-07-08T18:59:57Z
2026-07-08T18:58:29Z,2026-07-08T20:58:29+0200,e401fd36-f4a8-45e5-ad91-bdd87731a7ba,2026-06-24T07:45:00Z,2026-06-24T09:45:00+0200,299.571,MW,DE,DE_LU,actual_offshore_wind_generation,Wind Offshore,2026-07-08T18:59:57Z
2026-07-08T18:58:29Z,2026-07-08T20:58:29+0200,e401fd36-f4a8-45e5-ad91-bdd87731a7ba,2026-06-24T08:00:00Z,2026-06-24T10:00:00+0200,307.952,MW,DE,DE_LU,actual_offshore_wind_generation,Wind Offshore,2026-07-08T18:59:57Z
2026-07-08T18:58:29Z,2026-07-08T20:58:29+0200,e401fd36-f4a8-45e5-ad91-bdd87731a7ba,2026-06-24T08:15:00Z,2026-06-24T10:15:00+0200,299.406,MW,DE,DE_LU,actual_offshore_wind_generation,Wind Offshore,2026-07-08T18:59:57Z
2026-07-08T18:58:29Z,2026-07-08T20:58:29+0200,e401fd36-f4a8-45e5-ad91-bdd87731a7ba,2026-06-24T08:30:00Z,2026-06-24T10:30:00+0200,315.504,MW,DE,DE_LU,actual_offshore_wind_generation,Wind Offshore,2026-07-08T18:59:57Z
2026-07-08T18:58:29Z,2026-07-08T20:58:29+0200,e401fd36-f4a8-45e5-ad91-bdd87731a7ba,2026-06-24T08:45:00Z,2026-06-24T10:45:00+0200,319.425,MW,DE,DE_LU,actual_offshore_wind_generation,Wind Offshore,2026-07-08T18:59:57Z
2026-07-08T18:58:29Z,2026-07-08T20:58:29+0200,e401fd36-f4a8-45e5-ad91-bdd87731a7ba,2026-06-24T09:00:00Z,2026-06-24T11:00:00+0200,332.489,MW,DE,DE_LU,actual_offshore_wind_generation,Wind Offshore,2026-07-08T18:59:57Z
2026-07-08T18:58:29Z,2026-07-08T20:58:29+0200,e401fd36-f4a8-45e5-ad91-bdd87731a7ba,2026-06-24T09:15:00Z,2026-06-24T11:15:00+0200,325.983,MW,DE,DE_LU,actual_offshore_wind_generation,Wind Offshore,2026-07-08T18:59:57Z
2026-07-08T18:58:29Z,2026-07-08T20:58:29+0200,e401fd36-f4a8-45e5-ad91-bdd87731a7ba,2026-06-24T09:30:00Z,2026-06-24T11:30:00+0200,315.898,MW,DE,DE_LU,actual_offshore_wind_generation,Wind Offshore,2026-07-08T18:59:57Z
2026-07-08T18:58:29Z,2026-07-08T20:58:29+0200,e401fd36-f4a8-45e5-ad91-bdd87731a7ba,2026-06-24T09:45:00Z,2026-06-24T11:45:00+0200,310.608,MW,DE,DE_LU,actual_offshore_wind_generation,Wind Offshore,2026-07-08T18:59:57Z
2026-07-08T18:58:29Z,2026-07-08T20:58:29+0200,e401fd36-f4a8-45e5-ad91-bdd87731a7ba,2026-06-24T10:00:00Z,2026-06-24T12:00:00+0200,307.43,MW,DE,DE_LU,actual_offshore_wind_generation,Wind Offshore,2026-07-08T18:59:57Z
2026-07-08T18:58:29Z,2026-07-08T20:58:29+0200,e401fd36-f4a8-45e5-ad91-bdd87731a7ba,2026-06-24T10:15:00Z,2026-06-24T12:15:00+0200,296.593,MW,DE,DE_LU,actual_offshore_wind_generation,Wind Offshore,2026-07-08T18:59:57Z
2026-07-08T18:58:29Z,2026-07-08T20:58:29+0200,e401fd36-f4a8-45e5-ad91-bdd87731a7ba,2026-06-24T10:30:00Z,2026-06-24T12:30:00+0200,289.238,MW,DE,DE_LU,actual_offshore_wind_generation,Wind Offshore,2026-07-08T18:59:57Z
2026-07-08T18:58:29Z,2026-07-08T20:58:29+0200,e401fd36-f4a8-45e5-ad91-bdd87731a7ba,2026-06-24T10:45:00Z,2026-06-24T12:45:00+0200,270.814,MW,DE,DE_LU,actual_offshore_wind_generation,Wind Offshore,2026-07-08T18:59:57Z
2026-07-08T18:58:29Z,2026-07-08T20:58:29+0200,e401fd36-f4a8-45e5-ad91-bdd87731a7ba,2026-06-24T11:00:00Z,2026-06-24T13:00:00+0200,243.62,MW,DE,DE_LU,actual_offshore_wind_generation,Wind Offshore,2026-07-08T18:59:57Z
2026-07-08T18:58:29Z,2026-07-08T20:58:29+0200,e401fd36-f4a8-45e5-ad91-bdd87731a7ba,2026-06-24T11:15:00Z,2026-06-24T13:15:00+0200,199.751,MW,DE,DE_LU,actual_offshore_wind_generation,Wind Offshore,2026-07-08T18:59:57Z
2026-07-08T18:58:29Z,2026-07-08T20:58:29+0200,e401fd36-f4a8-45e5-ad91-bdd87731a7ba,2026-06-24T11:30:00Z,2026-06-24T13:30:00+0200,197.389,MW,DE,DE_LU,actual_offshore_wind_generation,Wind Offshore,2026-07-08T18:59:57Z
2026-07-08T18:58:29Z,2026-07-08T20:58:29+0200,e401fd36-f4a8-45e5-ad91-bdd87731a7ba,2026-06-24T11:45:00Z,2026-06-24T13:45:00+0200,207.739,MW,DE,DE_LU,actual_offshore_wind_generation,Wind Offshore,2026-07-08T18:59:57Z
2026-07-08T18:58:29Z,2026-07-08T20:58:29+0200,e401fd36-f4a8-45e5-ad91-bdd87731a7ba,2026-06-24T12:00:00Z,2026-06-24T14:00:00+0200,189.152,MW,DE,DE_LU,actual_offshore_wind_generation,Wind Offshore,2026-07-08T18:59:57Z
2026-07-08T18:58:29Z,2026-07-08T20:58:29+0200,e401fd36-f4a8-45e5-ad91-bdd87731a7ba,2026-06-24T12:15:00Z,2026-06-24T14:15:00+0200,186.04,MW,DE,DE_LU,actual_offshore_wind_generation,Wind Offshore,2026-07-08T18:59:57Z
2026-07-08T18:58:29Z,2026-07-08T20:58:29+0200,e401fd36-f4a8-45e5-ad91-bdd87731a7ba,2026-06-24T12:30:00Z,2026-06-24T14:30:00+0200,182.261,MW,DE,DE_LU,actual_offshore_wind_generation,Wind Offshore,2026-07-08T18:59:57Z
2026-07-08T18:58:29Z,2026-07-08T20:58:29+0200,e401fd36-f4a8-45e5-ad91-bdd87731a7ba,2026-06-24T12:45:00Z,2026-06-24T14:45:00+0200,219.741,MW,DE,DE_LU,actual_offshore_wind_generation,Wind Offshore,2026-07-08T18:59:57Z
2026-07-08T18:58:29Z,2026-07-08T20:58:29+0200,e401fd36-f4a8-45e5-ad91-bdd87731a7ba,2026-06-24T13:00:00Z,2026-06-24T15:00:00+0200,206.905,MW,DE,DE_LU,actual_offshore_wind_generation,Wind Offshore,2026-07-08T18:59:57Z
2026-07-08T18:58:29Z,2026-07-08T20:58:29+0200,e401fd36-f4a8-45e5-ad91-bdd87731a7ba,2026-06-24T13:15:00Z,2026-06-24T15:15:00+0200,171.444,MW,DE,DE_LU,actual_offshore_wind_generation,Wind Offshore,2026-07-08T18:59:57Z
2026-07-08T18:58:29Z,2026-07-08T20:58:29+0200,e401fd36-f4a8-45e5-ad91-bdd87731a7ba,2026-06-24T13:30:00Z,2026-06-24T15:30:00+0200,130.439,MW,DE,DE_LU,actual_offshore_wind_generation,Wind Offshore,2026-07-08T18:59:57Z
2026-07-08T18:58:29Z,2026-07-08T20:58:29+0200,e401fd36-f4a8-45e5-ad91-bdd87731a7ba,2026-06-24T13:45:00Z,2026-06-24T15:45:00+0200,88.513,MW,DE,DE_LU,actual_offshore_wind_generation,Wind Offshore,2026-07-08T18:59:57Z
2026-07-08T18:58:29Z,2026-07-08T20:58:29+0200,e401fd36-f4a8-45e5-ad91-bdd87731a7ba,2026-06-24T14:00:00Z,2026-06-24T16:00:00+0200,56.833,MW,DE,DE_LU,actual_offshore_wind_generation,Wind Offshore,2026-07-08T18:59:57Z
2026-07-08T18:58:29Z,2026-07-08T20:58:29+0200,e401fd36-f4a8-45e5-ad91-bdd87731a7ba,2026-06-24T14:15:00Z,2026-06-24T16:15:00+0200,69.326,MW,DE,DE_LU,actual_offshore_wind_generation,Wind Offshore,2026-07-08T18:59:57Z
2026-07-08T18:58:29Z,2026-07-08T20:58:29+0200,e401fd36-f4a8-45e5-ad91-bdd87731a7ba,2026-06-24T14:30:00Z,2026-06-24T16:30:00+0200,79.622,MW,DE,DE_LU,actual_offshore_wind_generation,Wind Offshore,2026-07-08T18:59:57Z
2026-07-08T18:58:29Z,2026-07-08T20:58:29+0200,e401fd36-f4a8-45e5-ad91-bdd87731a7ba,2026-06-24T14:45:00Z,2026-06-24T16:45:00+0200,71.545,MW,DE,DE_LU,actual_offshore_wind_generation,Wind Offshore,2026-07-08T18:59:57Z
2026-07-08T18:58:29Z,2026-07-08T20:58:29+0200,e401fd36-f4a8-45e5-ad91-bdd87731a7ba,2026-06-24T15:00:00Z,2026-06-24T17:00:00+0200,53.852,MW,DE,DE_LU,actual_offshore_wind_generation,Wind Offshore,2026-07-08T18:59:57Z
2026-07-08T18:58:29Z,2026-07-08T20:58:29+0200,e401fd36-f4a8-45e5-ad91-bdd87731a7ba,2026-06-24T15:15:00Z,2026-06-24T17:15:00+0200,61.135,MW,DE,DE_LU,actual_offshore_wind_generation,Wind Offshore,2026-07-08T18:59:57Z
2026-07-08T18:58:29Z,2026-07-08T20:58:29+0200,e401fd36-f4a8-45e5-ad91-bdd87731a7ba,2026-06-24T15:30:00Z,2026-06-24T17:30:00+0200,67.713,MW,DE,DE_LU,actual_offshore_wind_generation,Wind Offshore,2026-07-08T18:59:57Z
2026-07-08T18:58:29Z,2026-07-08T20:58:29+0200,e401fd36-f4a8-45e5-ad91-bdd87731a7ba,2026-06-24T15:45:00Z,2026-06-24T17:45:00+0200,56.245,MW,DE,DE_LU,actual_offshore_wind_generation,Wind Offshore,2026-07-08T18:59:57Z
2026-07-08T18:58:29Z,2026-07-08T20:58:29+0200,e401fd36-f4a8-45e5-ad91-bdd87731a7ba,2026-06-24T16:00:00Z,2026-06-24T18:00:00+0200,66.897,MW,DE,DE_LU,actual_offshore_wind_generation,Wind Offshore,2026-07-08T18:59:57Z
2026-07-08T18:58:29Z,2026-07-08T20:58:29+0200,e401fd36-f4a8-45e5-ad91-bdd87731a7ba,2026-06-24T16:15:00Z,2026-06-24T18:15:00+0200,97.457,MW,DE,DE_LU,actual_offshore_wind_generation,Wind Offshore,2026-07-08T18:59:57Z
2026-07-08T18:58:29Z,2026-07-08T20:58:29+0200,e401fd36-f4a8-45e5-ad91-bdd87731a7ba,2026-06-24T16:30:00Z,2026-06-24T18:30:00+0200,193.071,MW,DE,DE_LU,actual_offshore_wind_generation,Wind Offshore,2026-07-08T18:59:57Z
2026-07-08T18:58:29Z,2026-07-08T20:58:29+0200,e401fd36-f4a8-45e5-ad91-bdd87731a7ba,2026-06-24T16:45:00Z,2026-06-24T18:45:00+0200,319.443,MW,DE,DE_LU,actual_offshore_wind_generation,Wind Offshore,2026-07-08T18:59:57Z
2026-07-08T18:58:29Z,2026-07-08T20:58:29+0200,e401fd36-f4a8-45e5-ad91-bdd87731a7ba,2026-06-24T17:00:00Z,2026-06-24T19:00:00+0200,417.076,MW,DE,DE_LU,actual_offshore_wind_generation,Wind Offshore,2026-07-08T18:59:57Z
2026-07-08T18:58:29Z,2026-07-08T20:58:29+0200,e401fd36-f4a8-45e5-ad91-bdd87731a7ba,2026-06-24T17:15:00Z,2026-06-24T19:15:00+0200,470.881,MW,DE,DE_LU,actual_offshore_wind_generation,Wind Offshore,2026-07-08T18:59:57Z
2026-07-08T18:58:29Z,2026-07-08T20:58:29+0200,e401fd36-f4a8-45e5-ad91-bdd87731a7ba,2026-06-24T17:30:00Z,2026-06-24T19:30:00+0200,494.543,MW,DE,DE_LU,actual_offshore_wind_generation,Wind Offshore,2026-07-08T18:59:57Z
2026-07-08T18:58:29Z,2026-07-08T20:58:29+0200,e401fd36-f4a8-45e5-ad91-bdd87731a7ba,2026-06-24T17:45:00Z,2026-06-24T19:45:00+0200,571.603,MW,DE,DE_LU,actual_offshore_wind_generation,Wind Offshore,2026-07-08T18:59:57Z
2026-07-08T18:58:29Z,2026-07-08T20:58:29+0200,e401fd36-f4a8-45e5-ad91-bdd87731a7ba,2026-06-24T18:00:00Z,2026-06-24T20:00:00+0200,646.159,MW,DE,DE_LU,actual_offshore_wind_generation,Wind Offshore,2026-07-08T18:59:57Z
2026-07-08T18:58:29Z,2026-07-08T20:58:29+0200,e401fd36-f4a8-45e5-ad91-bdd87731a7ba,2026-06-24T18:15:00Z,2026-06-24T20:15:00+0200,635.802,MW,DE,DE_LU,actual_offshore_wind_generation,Wind Offshore,2026-07-08T18:59:57Z
2026-07-08T18:58:29Z,2026-07-08T20:58:29+0200,e401fd36-f4a8-45e5-ad91-bdd87731a7ba,2026-06-24T18:30:00Z,2026-06-24T20:30:00+0200,631.815,MW,DE,DE_LU,actual_offshore_wind_generation,Wind Offshore,2026-07-08T18:59:57Z
2026-07-08T18:58:29Z,2026-07-08T20:58:29+0200,e401fd36-f4a8-45e5-ad91-bdd87731a7ba,2026-06-24T18:45:00Z,2026-06-24T20:45:00+0200,649.994,MW,DE,DE_LU,actual_offshore_wind_generation,Wind Offshore,2026-07-08T18:59:57Z
2026-07-08T18:58:29Z,2026-07-08T20:58:29+0200,e401fd36-f4a8-45e5-ad91-bdd87731a7ba,2026-06-24T19:00:00Z,2026-06-24T21:00:00+0200,642.203,MW,DE,DE_LU,actual_offshore_wind_generation,Wind Offshore,2026-07-08T18:59:57Z
2026-07-08T18:58:29Z,2026-07-08T20:58:29+0200,e401fd36-f4a8-45e5-ad91-bdd87731a7ba,2026-06-24T19:15:00Z,2026-06-24T21:15:00+0200,662.584,MW,DE,DE_LU,actual_offshore_wind_generation,Wind Offshore,2026-07-08T18:59:57Z
2026-07-08T18:58:29Z,2026-07-08T20:58:29+0200,e401fd36-f4a8-45e5-ad91-bdd87731a7ba,2026-06-24T19:30:00Z,2026-06-24T21:30:00+0200,720.112,MW,DE,DE_LU,actual_offshore_wind_generation,Wind Offshore,2026-07-08T18:59:57Z
2026-07-08T18:58:29Z,2026-07-08T20:58:29+0200,e401fd36-f4a8-45e5-ad91-bdd87731a7ba,2026-06-24T19:45:00Z,2026-06-24T21:45:00+0200,727.454,MW,DE,DE_LU,actual_offshore_wind_generation,Wind Offshore,2026-07-08T18:59:57Z
2026-07-08T18:58:29Z,2026-07-08T20:58:29+0200,e401fd36-f4a8-45e5-ad91-bdd87731a7ba,2026-06-24T20:00:00Z,2026-06-24T22:00:00+0200,729.564,MW,DE,DE_LU,actual_offshore_wind_generation,Wind Offshore,2026-07-08T18:59:57Z
2026-07-08T18:58:29Z,2026-07-08T20:58:29+0200,e401fd36-f4a8-45e5-ad91-bdd87731a7ba,2026-06-24T20:15:00Z,2026-06-24T22:15:00+0200,715.98,MW,DE,DE_LU,actual_offshore_wind_generation,Wind Offshore,2026-07-08T18:59:57Z
2026-07-08T18:58:29Z,2026-07-08T20:58:29+0200,e401fd36-f4a8-45e5-ad91-bdd87731a7ba,2026-06-24T20:30:00Z,2026-06-24T22:30:00+0200,823.618,MW,DE,DE_LU,actual_offshore_wind_generation,Wind Offshore,2026-07-08T18:59:57Z
2026-07-08T18:58:29Z,2026-07-08T20:58:29+0200,e401fd36-f4a8-45e5-ad91-bdd87731a7ba,2026-06-24T20:45:00Z,2026-06-24T22:45:00+0200,896.359,MW,DE,DE_LU,actual_offshore_wind_generation,Wind Offshore,2026-07-08T18:59:57Z
2026-07-08T18:58:29Z,2026-07-08T20:58:29+0200,e401fd36-f4a8-45e5-ad91-bdd87731a7ba,2026-06-24T21:00:00Z,2026-06-24T23:00:00+0200,921.269,MW,DE,DE_LU,actual_offshore_wind_generation,Wind Offshore,2026-07-08T18:59:57Z
2026-07-08T18:58:29Z,2026-07-08T20:58:29+0200,e401fd36-f4a8-45e5-ad91-bdd87731a7ba,2026-06-24T21:15:00Z,2026-06-24T23:15:00+0200,892.958,MW,DE,DE_LU,actual_offshore_wind_generation,Wind Offshore,2026-07-08T18:59:57Z
2026-07-08T18:58:29Z,2026-07-08T20:58:29+0200,e401fd36-f4a8-45e5-ad91-bdd87731a7ba,2026-06-24T21:30:00Z,2026-06-24T23:30:00+0200,781.899,MW,DE,DE_LU,actual_offshore_wind_generation,Wind Offshore,2026-07-08T18:59:57Z
2026-07-08T18:58:29Z,2026-07-08T20:58:29+0200,e401fd36-f4a8-45e5-ad91-bdd87731a7ba,2026-06-24T21:45:00Z,2026-06-24T23:45:00+0200,675.84,MW,DE,DE_LU,actual_offshore_wind_generation,Wind Offshore,2026-07-08T18:59:57Z
2026-07-08T18:58:29Z,2026-07-08T20:58:29+0200,e401fd36-f4a8-45e5-ad91-bdd87731a7ba,2026-06-24T22:00:00Z,2026-06-25T00:00:00+0200,687.464,MW,DE,DE_LU,actual_offshore_wind_generation,Wind Offshore,2026-07-08T18:59:57Z
2026-07-08T18:58:29Z,2026-07-08T20:58:29+0200,e401fd36-f4a8-45e5-ad91-bdd87731a7ba,2026-06-24T22:15:00Z,2026-06-25T00:15:00+0200,676.452,MW,DE,DE_LU,actual_offshore_wind_generation,Wind Offshore,2026-07-08T18:59:57Z
2026-07-08T18:58:29Z,2026-07-08T20:58:29+0200,e401fd36-f4a8-45e5-ad91-bdd87731a7ba,2026-06-24T22:30:00Z,2026-06-25T00:30:00+0200,661.582,MW,DE,DE_LU,actual_offshore_wind_generation,Wind Offshore,2026-07-08T18:59:57Z
2026-07-08T18:58:29Z,2026-07-08T20:58:29+0200,e401fd36-f4a8-45e5-ad91-bdd87731a7ba,2026-06-24T22:45:00Z,2026-06-25T00:45:00+0200,642.594,MW,DE,DE_LU,actual_offshore_wind_generation,Wind Offshore,2026-07-08T18:59:57Z
2026-07-08T18:58:29Z,2026-07-08T20:58:29+0200,e401fd36-f4a8-45e5-ad91-bdd87731a7ba,2026-06-24T23:00:00Z,2026-06-25T01:00:00+0200,713.641,MW,DE,DE_LU,actual_offshore_wind_generation,Wind Offshore,2026-07-08T18:59:57Z
2026-07-08T18:58:29Z,2026-07-08T20:58:29+0200,e401fd36-f4a8-45e5-ad91-bdd87731a7ba,2026-06-24T23:15:00Z,2026-06-25T01:15:00+0200,795.081,MW,DE,DE_LU,actual_offshore_wind_generation,Wind Offshore,2026-07-08T18:59:57Z
2026-07-08T18:58:29Z,2026-07-08T20:58:29+0200,e401fd36-f4a8-45e5-ad91-bdd87731a7ba,2026-06-24T23:30:00Z,2026-06-25T01:30:00+0200,803.75,MW,DE,DE_LU,actual_offshore_wind_generation,Wind Offshore,2026-07-08T18:59:57Z
2026-07-08T18:58:29Z,2026-07-08T20:58:29+0200,e401fd36-f4a8-45e5-ad91-bdd87731a7ba,2026-06-24T23:45:00Z,2026-06-25T01:45:00+0200,793.416,MW,DE,DE_LU,actual_offshore_wind_generation,Wind Offshore,2026-07-08T18:59:57Z
2026-07-08T18:58:29Z,2026-07-08T20:58:29+0200,e401fd36-f4a8-45e5-ad91-bdd87731a7ba,2026-06-25T00:00:00Z,2026-06-25T02:00:00+0200,835.025,MW,DE,DE_LU,actual_offshore_wind_generation,Wind Offshore,2026-07-08T18:59:57Z
2026-07-08T18:58:29Z,2026-07-08T20:58:29+0200,e401fd36-f4a8-45e5-ad91-bdd87731a7ba,2026-06-25T00:15:00Z,2026-06-25T02:15:00+0200,864.545,MW,DE,DE_LU,actual_offshore_wind_generation,Wind Offshore,2026-07-08T18:59:57Z
2026-07-08T18:58:29Z,2026-07-08T20:58:29+0200,e401fd36-f4a8-45e5-ad91-bdd87731a7ba,2026-06-25T00:30:00Z,2026-06-25T02:30:00+0200,786.613,MW,DE,DE_LU,actual_offshore_wind_generation,Wind Offshore,2026-07-08T18:59:57Z
2026-07-08T18:58:29Z,2026-07-08T20:58:29+0200,e401fd36-f4a8-45e5-ad91-bdd87731a7ba,2026-06-25T00:45:00Z,2026-06-25T02:45:00+0200,761.652,MW,DE,DE_LU,actual_offshore_wind_generation,Wind Offshore,2026-07-08T18:59:57Z
2026-07-08T18:58:29Z,2026-07-08T20:58:29+0200,e401fd36-f4a8-45e5-ad91-bdd87731a7ba,2026-06-25T01:00:00Z,2026-06-25T03:00:00+0200,747.289,MW,DE,DE_LU,actual_offshore_wind_generation,Wind Offshore,2026-07-08T18:59:57Z
2026-07-08T18:58:29Z,2026-07-08T20:58:29+0200,e401fd36-f4a8-45e5-ad91-bdd87731a7ba,2026-06-25T01:15:00Z,2026-06-25T03:15:00+0200,703.817,MW,DE,DE_LU,actual_offshore_wind_generation,Wind Offshore,2026-07-08T18:59:57Z
2026-07-08T18:58:29Z,2026-07-08T20:58:29+0200,e401fd36-f4a8-45e5-ad91-bdd87731a7ba,2026-06-25T01:30:00Z,2026-06-25T03:30:00+0200,655.237,MW,DE,DE_LU,actual_offshore_wind_generation,Wind Offshore,2026-07-08T18:59:57Z
2026-07-08T18:58:29Z,2026-07-08T20:58:29+0200,e401fd36-f4a8-45e5-ad91-bdd87731a7ba,2026-06-25T01:45:00Z,2026-06-25T03:45:00+0200,714.149,MW,DE,DE_LU,actual_offshore_wind_generation,Wind Offshore,2026-07-08T18:59:57Z
2026-07-08T18:58:29Z,2026-07-08T20:58:29+0200,e401fd36-f4a8-45e5-ad91-bdd87731a7ba,2026-06-25T02:00:00Z,2026-06-25T04:00:00+0200,787.948,MW,DE,DE_LU,actual_offshore_wind_generation,Wind Offshore,2026-07-08T18:59:57Z
2026-07-08T18:58:29Z,2026-07-08T20:58:29+0200,e401fd36-f4a8-45e5-ad91-bdd87731a7ba,2026-06-25T02:15:00Z,2026-06-25T04:15:00+0200,818.103,MW,DE,DE_LU,actual_offshore_wind_generation,Wind Offshore,2026-07-08T18:59:57Z
2026-07-08T18:58:29Z,2026-07-08T20:58:29+0200,e401fd36-f4a8-45e5-ad91-bdd87731a7ba,2026-06-25T02:30:00Z,2026-06-25T04:30:00+0200,866.804,MW,DE,DE_LU,actual_offshore_wind_generation,Wind Offshore,2026-07-08T18:59:57Z
2026-07-08T18:58:29Z,2026-07-08T20:58:29+0200,e401fd36-f4a8-45e5-ad91-bdd87731a7ba,2026-06-25T02:45:00Z,2026-06-25T04:45:00+0200,979.366,MW,DE,DE_LU,actual_offshore_wind_generation,Wind Offshore,2026-07-08T18:59:57Z
2026-07-08T18:58:29Z,2026-07-08T20:58:29+0200,e401fd36-f4a8-45e5-ad91-bdd87731a7ba,2026-06-25T03:00:00Z,2026-06-25T05:00:00+0200,1063.052,MW,DE,DE_LU,actual_offshore_wind_generation,Wind Offshore,2026-07-08T18:59:57Z
2026-07-08T18:58:29Z,2026-07-08T20:58:29+0200,e401fd36-f4a8-45e5-ad91-bdd87731a7ba,2026-06-25T03:15:00Z,2026-06-25T05:15:00+0200,1142.721,MW,DE,DE_LU,actual_offshore_wind_generation,Wind Offshore,2026-07-08T18:59:57Z
2026-07-08T18:58:29Z,2026-07-08T20:58:29+0200,e401fd36-f4a8-45e5-ad91-bdd87731a7ba,2026-06-25T03:30:00Z,2026-06-25T05:30:00+0200,1179.477,MW,DE,DE_LU,actual_offshore_wind_generation,Wind Offshore,2026-07-08T18:59:57Z
2026-07-08T18:58:29Z,2026-07-08T20:58:29+0200,e401fd36-f4a8-45e5-ad91-bdd87731a7ba,2026-06-25T03:45:00Z,2026-06-25T05:45:00+0200,1292.295,MW,DE,DE_LU,actual_offshore_wind_generation,Wind Offshore,2026-07-08T18:59:57Z
2026-07-08T18:58:29Z,2026-07-08T20:58:29+0200,e401fd36-f4a8-45e5-ad91-bdd87731a7ba,2026-06-25T04:00:00Z,2026-06-25T06:00:00+0200,1337.966,MW,DE,DE_LU,actual_offshore_wind_generation,Wind Offshore,2026-07-08T18:59:57Z
2026-07-08T18:58:29Z,2026-07-08T20:58:29+0200,e401fd36-f4a8-45e5-ad91-bdd87731a7ba,2026-06-25T04:15:00Z,2026-06-25T06:15:00+0200,1333.657,MW,DE,DE_LU,actual_offshore_wind_generation,Wind Offshore,2026-07-08T18:59:57Z
2026-07-08T18:58:29Z,2026-07-08T20:58:29+0200,e401fd36-f4a8-45e5-ad91-bdd87731a7ba,2026-06-25T04:30:00Z,2026-06-25T06:30:00+0200,1437.557,MW,DE,DE_LU,actual_offshore_wind_generation,Wind Offshore,2026-07-08T18:59:57Z
2026-07-08T18:58:29Z,2026-07-08T20:58:29+0200,e401fd36-f4a8-45e5-ad91-bdd87731a7ba,2026-06-25T04:45:00Z,2026-06-25T06:45:00+0200,1503.394,MW,DE,DE_LU,actual_offshore_wind_generation,Wind Offshore,2026-07-08T18:59:57Z
2026-07-08T18:58:29Z,2026-07-08T20:58:29+0200,e401fd36-f4a8-45e5-ad91-bdd87731a7ba,2026-06-25T05:00:00Z,2026-06-25T07:00:00+0200,1446.298,MW,DE,DE_LU,actual_offshore_wind_generation,Wind Offshore,2026-07-08T18:59:57Z
2026-07-08T18:58:29Z,2026-07-08T20:58:29+0200,e401fd36-f4a8-45e5-ad91-bdd87731a7ba,2026-06-25T05:15:00Z,2026-06-25T07:15:00+0200,1392.048,MW,DE,DE_LU,actual_offshore_wind_generation,Wind Offshore,2026-07-08T18:59:57Z
2026-07-08T18:58:29Z,2026-07-08T20:58:29+0200,e401fd36-f4a8-45e5-ad91-bdd87731a7ba,2026-06-25T05:30:00Z,2026-06-25T07:30:00+0200,1306.887,MW,DE,DE_LU,actual_offshore_wind_generation,Wind Offshore,2026-07-08T18:59:57Z
2026-07-08T18:58:29Z,2026-07-08T20:58:29+0200,e401fd36-f4a8-45e5-ad91-bdd87731a7ba,2026-06-25T05:45:00Z,2026-06-25T07:45:00+0200,1264.682,MW,DE,DE_LU,actual_offshore_wind_generation,Wind Offshore,2026-07-08T18:59:57Z
2026-07-08T18:58:29Z,2026-07-08T20:58:29+0200,e401fd36-f4a8-45e5-ad91-bdd87731a7ba,2026-06-25T06:00:00Z,2026-06-25T08:00:00+0200,1237.936,MW,DE,DE_LU,actual_offshore_wind_generation,Wind Offshore,2026-07-08T18:59:57Z
2026-07-08T18:58:29Z,2026-07-08T20:58:29+0200,e401fd36-f4a8-45e5-ad91-bdd87731a7ba,2026-06-25T06:15:00Z,2026-06-25T08:15:00+0200,1128.482,MW,DE,DE_LU,actual_offshore_wind_generation,Wind Offshore,2026-07-08T18:59:57Z
2026-07-08T18:58:29Z,2026-07-08T20:58:29+0200,e401fd36-f4a8-45e5-ad91-bdd87731a7ba,2026-06-25T06:30:00Z,2026-06-25T08:30:00+0200,991.295,MW,DE,DE_LU,actual_offshore_wind_generation,Wind Offshore,2026-07-08T18:59:57Z
2026-07-08T18:58:29Z,2026-07-08T20:58:29+0200,e401fd36-f4a8-45e5-ad91-bdd87731a7ba,2026-06-25T06:45:00Z,2026-06-25T08:45:00+0200,898.26,MW,DE,DE_LU,actual_offshore_wind_generation,Wind Offshore,2026-07-08T18:59:57Z
2026-07-08T18:58:29Z,2026-07-08T20:58:29+0200,e401fd36-f4a8-45e5-ad91-bdd87731a7ba,2026-06-25T07:00:00Z,2026-06-25T09:00:00+0200,848.901,MW,DE,DE_LU,actual_offshore_wind_generation,Wind Offshore,2026-07-08T18:59:57Z
2026-07-08T18:58:29Z,2026-07-08T20:58:29+0200,e401fd36-f4a8-45e5-ad91-bdd87731a7ba,2026-06-25T07:15:00Z,2026-06-25T09:15:00+0200,813.657,MW,DE,DE_LU,actual_offshore_wind_generation,Wind Offshore,2026-07-08T18:59:57Z
2026-07-08T18:58:29Z,2026-07-08T20:58:29+0200,e401fd36-f4a8-45e5-ad91-bdd87731a7ba,2026-06-25T07:30:00Z,2026-06-25T09:30:00+0200,790.295,MW,DE,DE_LU,actual_offshore_wind_generation,Wind Offshore,2026-07-08T18:59:57Z
2026-07-08T18:58:29Z,2026-07-08T20:58:29+0200,e401fd36-f4a8-45e5-ad91-bdd87731a7ba,2026-06-25T07:45:00Z,2026-06-25T09:45:00+0200,773.817,MW,DE,DE_LU,actual_offshore_wind_generation,Wind Offshore,2026-07-08T18:59:57Z
2026-07-08T18:58:29Z,2026-07-08T20:58:29+0200,e401fd36-f4a8-45e5-ad91-bdd87731a7ba,2026-06-25T08:00:00Z,2026-06-25T10:00:00+0200,691.765,MW,DE,DE_LU,actual_offshore_wind_generation,Wind Offshore,2026-07-08T18:59:57Z
2026-07-08T18:58:29Z,2026-07-08T20:58:29+0200,e401fd36-f4a8-45e5-ad91-bdd87731a7ba,2026-06-25T08:15:00Z,2026-06-25T10:15:00+0200,718.437,MW,DE,DE_LU,actual_offshore_wind_generation,Wind Offshore,2026-07-08T18:59:57Z
2026-07-08T18:58:29Z,2026-07-08T20:58:29+0200,e401fd36-f4a8-45e5-ad91-bdd87731a7ba,2026-06-25T08:30:00Z,2026-06-25T10:30:00+0200,728.743,MW,DE,DE_LU,actual_offshore_wind_generation,Wind Offshore,2026-07-08T18:59:57Z
2026-07-08T18:58:29Z,2026-07-08T20:58:29+0200,e401fd36-f4a8-45e5-ad91-bdd87731a7ba,2026-06-25T08:45:00Z,2026-06-25T10:45:00+0200,763.759,MW,DE,DE_LU,actual_offshore_wind_generation,Wind Offshore,2026-07-08T18:59:57Z
2026-07-08T18:58:29Z,2026-07-08T20:58:29+0200,e401fd36-f4a8-45e5-ad91-bdd87731a7ba,2026-06-25T09:00:00Z,2026-06-25T11:00:00+0200,755.496,MW,DE,DE_LU,actual_offshore_wind_generation,Wind Offshore,2026-07-08T18:59:57Z
2026-07-08T18:58:29Z,2026-07-08T20:58:29+0200,e401fd36-f4a8-45e5-ad91-bdd87731a7ba,2026-06-25T09:15:00Z,2026-06-25T11:15:00+0200,802.131,MW,DE,DE_LU,actual_offshore_wind_generation,Wind Offshore,2026-07-08T18:59:57Z
2026-07-08T18:58:29Z,2026-07-08T20:58:29+0200,e401fd36-f4a8-45e5-ad91-bdd87731a7ba,2026-06-25T09:30:00Z,2026-06-25T11:30:00+0200,815.553,MW,DE,DE_LU,actual_offshore_wind_generation,Wind Offshore,2026-07-08T18:59:57Z
2026-07-08T18:58:29Z,2026-07-08T20:58:29+0200,e401fd36-f4a8-45e5-ad91-bdd87731a7ba,2026-06-25T09:45:00Z,2026-06-25T11:45:00+0200,810.152,MW,DE,DE_LU,actual_offshore_wind_generation,Wind Offshore,2026-07-08T18:59:57Z
2026-07-08T18:58:29Z,2026-07-08T20:58:29+0200,e401fd36-f4a8-45e5-ad91-bdd87731a7ba,2026-06-25T10:00:00Z,2026-06-25T12:00:00+0200,810.828,MW,DE,DE_LU,actual_offshore_wind_generation,Wind Offshore,2026-07-08T18:59:57Z
2026-07-08T18:58:29Z,2026-07-08T20:58:29+0200,e401fd36-f4a8-45e5-ad91-bdd87731a7ba,2026-06-25T10:15:00Z,2026-06-25T12:15:00+0200,882.942,MW,DE,DE_LU,actual_offshore_wind_generation,Wind Offshore,2026-07-08T18:59:57Z
2026-07-08T18:58:29Z,2026-07-08T20:58:29+0200,e401fd36-f4a8-45e5-ad91-bdd87731a7ba,2026-06-25T10:30:00Z,2026-06-25T12:30:00+0200,929.964,MW,DE,DE_LU,actual_offshore_wind_generation,Wind Offshore,2026-07-08T18:59:57Z
2026-07-08T18:58:29Z,2026-07-08T20:58:29+0200,e401fd36-f4a8-45e5-ad91-bdd87731a7ba,2026-06-25T10:45:00Z,2026-06-25T12:45:00+0200,914.885,MW,DE,DE_LU,actual_offshore_wind_generation,Wind Offshore,2026-07-08T18:59:57Z
2026-07-08T18:58:29Z,2026-07-08T20:58:29+0200,e401fd36-f4a8-45e5-ad91-bdd87731a7ba,2026-06-25T11:00:00Z,2026-06-25T13:00:00+0200,1115.234,MW,DE,DE_LU,actual_offshore_wind_generation,Wind Offshore,2026-07-08T18:59:57Z
2026-07-08T18:58:29Z,2026-07-08T20:58:29+0200,e401fd36-f4a8-45e5-ad91-bdd87731a7ba,2026-06-25T11:15:00Z,2026-06-25T13:15:00+0200,1080.516,MW,DE,DE_LU,actual_offshore_wind_generation,Wind Offshore,2026-07-08T18:59:57Z
2026-07-08T18:58:29Z,2026-07-08T20:58:29+0200,e401fd36-f4a8-45e5-ad91-bdd87731a7ba,2026-06-25T11:30:00Z,2026-06-25T13:30:00+0200,1121.499,MW,DE,DE_LU,actual_offshore_wind_generation,Wind Offshore,2026-07-08T18:59:57Z
2026-07-08T18:58:29Z,2026-07-08T20:58:29+0200,e401fd36-f4a8-45e5-ad91-bdd87731a7ba,2026-06-25T11:45:00Z,2026-06-25T13:45:00+0200,1119.742,MW,DE,DE_LU,actual_offshore_wind_generation,Wind Offshore,2026-07-08T18:59:57Z
2026-07-08T18:58:29Z,2026-07-08T20:58:29+0200,e401fd36-f4a8-45e5-ad91-bdd87731a7ba,2026-06-25T12:00:00Z,2026-06-25T14:00:00+0200,1064.673,MW,DE,DE_LU,actual_offshore_wind_generation,Wind Offshore,2026-07-08T18:59:57Z
2026-07-08T18:58:29Z,2026-07-08T20:58:29+0200,e401fd36-f4a8-45e5-ad91-bdd87731a7ba,2026-06-25T12:15:00Z,2026-06-25T14:15:00+0200,1097.734,MW,DE,DE_LU,actual_offshore_wind_generation,Wind Offshore,2026-07-08T18:59:57Z
2026-07-08T18:58:29Z,2026-07-08T20:58:29+0200,e401fd36-f4a8-45e5-ad91-bdd87731a7ba,2026-06-25T12:30:00Z,2026-06-25T14:30:00+0200,1147.663,MW,DE,DE_LU,actual_offshore_wind_generation,Wind Offshore,2026-07-08T18:59:57Z
2026-07-08T18:58:29Z,2026-07-08T20:58:29+0200,e401fd36-f4a8-45e5-ad91-bdd87731a7ba,2026-06-25T12:45:00Z,2026-06-25T14:45:00+0200,1174.779,MW,DE,DE_LU,actual_offshore_wind_generation,Wind Offshore,2026-07-08T18:59:57Z
2026-07-08T18:58:29Z,2026-07-08T20:58:29+0200,e401fd36-f4a8-45e5-ad91-bdd87731a7ba,2026-06-25T13:00:00Z,2026-06-25T15:00:00+0200,544.775,MW,DE,DE_LU,actual_offshore_wind_generation,Wind Offshore,2026-07-08T18:59:57Z
2026-07-08T18:58:29Z,2026-07-08T20:58:29+0200,e401fd36-f4a8-45e5-ad91-bdd87731a7ba,2026-06-25T13:15:00Z,2026-06-25T15:15:00+0200,709.806,MW,DE,DE_LU,actual_offshore_wind_generation,Wind Offshore,2026-07-08T18:59:57Z
2026-07-08T18:58:29Z,2026-07-08T20:58:29+0200,e401fd36-f4a8-45e5-ad91-bdd87731a7ba,2026-06-25T13:30:00Z,2026-06-25T15:30:00+0200,1142.751,MW,DE,DE_LU,actual_offshore_wind_generation,Wind Offshore,2026-07-08T18:59:57Z
2026-07-08T18:58:29Z,2026-07-08T20:58:29+0200,e401fd36-f4a8-45e5-ad91-bdd87731a7ba,2026-06-25T13:45:00Z,2026-06-25T15:45:00+0200,1219.378,MW,DE,DE_LU,actual_offshore_wind_generation,Wind Offshore,2026-07-08T18:59:57Z
2026-07-08T18:58:29Z,2026-07-08T20:58:29+0200,e401fd36-f4a8-45e5-ad91-bdd87731a7ba,2026-06-25T14:00:00Z,2026-06-25T16:00:00+0200,1238.515,MW,DE,DE_LU,actual_offshore_wind_generation,Wind Offshore,2026-07-08T18:59:57Z
2026-07-08T18:58:29Z,2026-07-08T20:58:29+0200,e401fd36-f4a8-45e5-ad91-bdd87731a7ba,2026-06-25T14:15:00Z,2026-06-25T16:15:00+0200,1312.937,MW,DE,DE_LU,actual_offshore_wind_generation,Wind Offshore,2026-07-08T18:59:57Z
2026-07-08T18:58:29Z,2026-07-08T20:58:29+0200,e401fd36-f4a8-45e5-ad91-bdd87731a7ba,2026-06-25T14:30:00Z,2026-06-25T16:30:00+0200,1323.667,MW,DE,DE_LU,actual_offshore_wind_generation,Wind Offshore,2026-07-08T18:59:57Z
2026-07-08T18:58:29Z,2026-07-08T20:58:29+0200,e401fd36-f4a8-45e5-ad91-bdd87731a7ba,2026-06-25T14:45:00Z,2026-06-25T16:45:00+0200,1334.272,MW,DE,DE_LU,actual_offshore_wind_generation,Wind Offshore,2026-07-08T18:59:57Z
2026-07-08T18:58:29Z,2026-07-08T20:58:29+0200,e401fd36-f4a8-45e5-ad91-bdd87731a7ba,2026-06-25T15:00:00Z,2026-06-25T17:00:00+0200,1330.163,MW,DE,DE_LU,actual_offshore_wind_generation,Wind Offshore,2026-07-08T18:59:57Z
2026-07-08T18:58:29Z,2026-07-08T20:58:29+0200,e401fd36-f4a8-45e5-ad91-bdd87731a7ba,2026-06-25T15:15:00Z,2026-06-25T17:15:00+0200,1299.299,MW,DE,DE_LU,actual_offshore_wind_generation,Wind Offshore,2026-07-08T18:59:57Z
2026-07-08T18:58:29Z,2026-07-08T20:58:29+0200,e401fd36-f4a8-45e5-ad91-bdd87731a7ba,2026-06-25T15:30:00Z,2026-06-25T17:30:00+0200,1298.145,MW,DE,DE_LU,actual_offshore_wind_generation,Wind Offshore,2026-07-08T18:59:57Z
2026-07-08T18:58:29Z,2026-07-08T20:58:29+0200,e401fd36-f4a8-45e5-ad91-bdd87731a7ba,2026-06-25T15:45:00Z,2026-06-25T17:45:00+0200,1241.047,MW,DE,DE_LU,actual_offshore_wind_generation,Wind Offshore,2026-07-08T18:59:57Z
2026-07-08T18:58:29Z,2026-07-08T20:58:29+0200,e401fd36-f4a8-45e5-ad91-bdd87731a7ba,2026-06-25T16:00:00Z,2026-06-25T18:00:00+0200,1219.95,MW,DE,DE_LU,actual_offshore_wind_generation,Wind Offshore,2026-07-08T18:59:57Z
2026-07-08T18:58:29Z,2026-07-08T20:58:29+0200,e401fd36-f4a8-45e5-ad91-bdd87731a7ba,2026-06-25T16:15:00Z,2026-06-25T18:15:00+0200,1248.744,MW,DE,DE_LU,actual_offshore_wind_generation,Wind Offshore,2026-07-08T18:59:57Z
2026-07-08T18:58:29Z,2026-07-08T20:58:29+0200,e401fd36-f4a8-45e5-ad91-bdd87731a7ba,2026-06-25T16:30:00Z,2026-06-25T18:30:00+0200,1250.066,MW,DE,DE_LU,actual_offshore_wind_generation,Wind Offshore,2026-07-08T18:59:57Z
2026-07-08T18:58:29Z,2026-07-08T20:58:29+0200,e401fd36-f4a8-45e5-ad91-bdd87731a7ba,2026-06-25T16:45:00Z,2026-06-25T18:45:00+0200,1236.816,MW,DE,DE_LU,actual_offshore_wind_generation,Wind Offshore,2026-07-08T18:59:57Z
2026-07-08T18:58:29Z,2026-07-08T20:58:29+0200,e401fd36-f4a8-45e5-ad91-bdd87731a7ba,2026-06-25T17:00:00Z,2026-06-25T19:00:00+0200,1267.649,MW,DE,DE_LU,actual_offshore_wind_generation,Wind Offshore,2026-07-08T18:59:57Z
2026-07-08T18:58:29Z,2026-07-08T20:58:29+0200,e401fd36-f4a8-45e5-ad91-bdd87731a7ba,2026-06-25T17:15:00Z,2026-06-25T19:15:00+0200,1254.303,MW,DE,DE_LU,actual_offshore_wind_generation,Wind Offshore,2026-07-08T18:59:57Z
2026-07-08T18:58:29Z,2026-07-08T20:58:29+0200,e401fd36-f4a8-45e5-ad91-bdd87731a7ba,2026-06-25T17:30:00Z,2026-06-25T19:30:00+0200,1276.505,MW,DE,DE_LU,actual_offshore_wind_generation,Wind Offshore,2026-07-08T18:59:57Z
2026-07-08T18:58:29Z,2026-07-08T20:58:29+0200,e401fd36-f4a8-45e5-ad91-bdd87731a7ba,2026-06-25T17:45:00Z,2026-06-25T19:45:00+0200,1267.708,MW,DE,DE_LU,actual_offshore_wind_generation,Wind Offshore,2026-07-08T18:59:57Z
2026-07-08T18:58:29Z,2026-07-08T20:58:29+0200,e401fd36-f4a8-45e5-ad91-bdd87731a7ba,2026-06-25T18:00:00Z,2026-06-25T20:00:00+0200,1288.46,MW,DE,DE_LU,actual_offshore_wind_generation,Wind Offshore,2026-07-08T18:59:57Z
2026-07-08T18:58:29Z,2026-07-08T20:58:29+0200,e401fd36-f4a8-45e5-ad91-bdd87731a7ba,2026-06-25T18:15:00Z,2026-06-25T20:15:00+0200,1332.47,MW,DE,DE_LU,actual_offshore_wind_generation,Wind Offshore,2026-07-08T18:59:57Z
2026-07-08T18:58:29Z,2026-07-08T20:58:29+0200,e401fd36-f4a8-45e5-ad91-bdd87731a7ba,2026-06-25T18:30:00Z,2026-06-25T20:30:00+0200,1315.775,MW,DE,DE_LU,actual_offshore_wind_generation,Wind Offshore,2026-07-08T18:59:57Z
2026-07-08T18:58:29Z,2026-07-08T20:58:29+0200,e401fd36-f4a8-45e5-ad91-bdd87731a7ba,2026-06-25T18:45:00Z,2026-06-25T20:45:00+0200,1308.256,MW,DE,DE_LU,actual_offshore_wind_generation,Wind Offshore,2026-07-08T18:59:57Z
2026-07-08T18:58:29Z,2026-07-08T20:58:29+0200,e401fd36-f4a8-45e5-ad91-bdd87731a7ba,2026-06-25T19:00:00Z,2026-06-25T21:00:00+0200,1259.659,MW,DE,DE_LU,actual_offshore_wind_generation,Wind Offshore,2026-07-08T18:59:57Z
2026-07-08T18:58:29Z,2026-07-08T20:58:29+0200,e401fd36-f4a8-45e5-ad91-bdd87731a7ba,2026-06-25T19:15:00Z,2026-06-25T21:15:00+0200,1242.594,MW,DE,DE_LU,actual_offshore_wind_generation,Wind Offshore,2026-07-08T18:59:57Z
2026-07-08T18:58:29Z,2026-07-08T20:58:29+0200,e401fd36-f4a8-45e5-ad91-bdd87731a7ba,2026-06-25T19:30:00Z,2026-06-25T21:30:00+0200,1235.649,MW,DE,DE_LU,actual_offshore_wind_generation,Wind Offshore,2026-07-08T18:59:57Z
2026-07-08T18:58:29Z,2026-07-08T20:58:29+0200,e401fd36-f4a8-45e5-ad91-bdd87731a7ba,2026-06-25T19:45:00Z,2026-06-25T21:45:00+0200,1319.611,MW,DE,DE_LU,actual_offshore_wind_generation,Wind Offshore,2026-07-08T18:59:57Z
2026-07-08T18:58:29Z,2026-07-08T20:58:29+0200,e401fd36-f4a8-45e5-ad91-bdd87731a7ba,2026-06-25T20:00:00Z,2026-06-25T22:00:00+0200,1354.438,MW,DE,DE_LU,actual_offshore_wind_generation,Wind Offshore,2026-07-08T18:59:57Z
2026-07-08T18:58:29Z,2026-07-08T20:58:29+0200,e401fd36-f4a8-45e5-ad91-bdd87731a7ba,2026-06-25T20:15:00Z,2026-06-25T22:15:00+0200,1389.764,MW,DE,DE_LU,actual_offshore_wind_generation,Wind Offshore,2026-07-08T18:59:57Z
2026-07-08T18:58:29Z,2026-07-08T20:58:29+0200,e401fd36-f4a8-45e5-ad91-bdd87731a7ba,2026-06-25T20:30:00Z,2026-06-25T22:30:00+0200,1385.252,MW,DE,DE_LU,actual_offshore_wind_generation,Wind Offshore,2026-07-08T18:59:57Z
2026-07-08T18:58:29Z,2026-07-08T20:58:29+0200,e401fd36-f4a8-45e5-ad91-bdd87731a7ba,2026-06-25T20:45:00Z,2026-06-25T22:45:00+0200,1420.426,MW,DE,DE_LU,actual_offshore_wind_generation,Wind Offshore,2026-07-08T18:59:57Z
2026-07-08T18:58:29Z,2026-07-08T20:58:29+0200,e401fd36-f4a8-45e5-ad91-bdd87731a7ba,2026-06-25T21:00:00Z,2026-06-25T23:00:00+0200,1400.056,MW,DE,DE_LU,actual_offshore_wind_generation,Wind Offshore,2026-07-08T18:59:57Z
2026-07-08T18:58:29Z,2026-07-08T20:58:29+0200,e401fd36-f4a8-45e5-ad91-bdd87731a7ba,2026-06-25T21:15:00Z,2026-06-25T23:15:00+0200,1380.378,MW,DE,DE_LU,actual_offshore_wind_generation,Wind Offshore,2026-07-08T18:59:57Z
2026-07-08T18:58:29Z,2026-07-08T20:58:29+0200,e401fd36-f4a8-45e5-ad91-bdd87731a7ba,2026-06-25T21:30:00Z,2026-06-25T23:30:00+0200,1394.698,MW,DE,DE_LU,actual_offshore_wind_generation,Wind Offshore,2026-07-08T18:59:57Z
2026-07-08T18:58:29Z,2026-07-08T20:58:29+0200,e401fd36-f4a8-45e5-ad91-bdd87731a7ba,2026-06-25T21:45:00Z,2026-06-25T23:45:00+0200,1379.938,MW,DE,DE_LU,actual_offshore_wind_generation,Wind Offshore,2026-07-08T18:59:57Z
2026-07-08T18:58:29Z,2026-07-08T20:58:29+0200,e401fd36-f4a8-45e5-ad91-bdd87731a7ba,2026-06-25T22:00:00Z,2026-06-26T00:00:00+0200,1369.933,MW,DE,DE_LU,actual_offshore_wind_generation,Wind Offshore,2026-07-08T18:59:57Z
2026-07-08T18:58:29Z,2026-07-08T20:58:29+0200,e401fd36-f4a8-45e5-ad91-bdd87731a7ba,2026-06-25T22:15:00Z,2026-06-26T00:15:00+0200,1379.788,MW,DE,DE_LU,actual_offshore_wind_generation,Wind Offshore,2026-07-08T18:59:57Z
2026-07-08T18:58:29Z,2026-07-08T20:58:29+0200,e401fd36-f4a8-45e5-ad91-bdd87731a7ba,2026-06-25T22:30:00Z,2026-06-26T00:30:00+0200,1345.188,MW,DE,DE_LU,actual_offshore_wind_generation,Wind Offshore,2026-07-08T18:59:57Z
2026-07-08T18:58:29Z,2026-07-08T20:58:29+0200,e401fd36-f4a8-45e5-ad91-bdd87731a7ba,2026-06-25T22:45:00Z,2026-06-26T00:45:00+0200,1325.146,MW,DE,DE_LU,actual_offshore_wind_generation,Wind Offshore,2026-07-08T18:59:57Z
2026-07-08T18:58:29Z,2026-07-08T20:58:29+0200,e401fd36-f4a8-45e5-ad91-bdd87731a7ba,2026-06-25T23:00:00Z,2026-06-26T01:00:00+0200,1281.119,MW,DE,DE_LU,actual_offshore_wind_generation,Wind Offshore,2026-07-08T18:59:57Z
2026-07-08T18:58:29Z,2026-07-08T20:58:29+0200,e401fd36-f4a8-45e5-ad91-bdd87731a7ba,2026-06-25T23:15:00Z,2026-06-26T01:15:00+0200,1243.803,MW,DE,DE_LU,actual_offshore_wind_generation,Wind Offshore,2026-07-08T18:59:57Z
2026-07-08T18:58:29Z,2026-07-08T20:58:29+0200,e401fd36-f4a8-45e5-ad91-bdd87731a7ba,2026-06-25T23:30:00Z,2026-06-26T01:30:00+0200,1220.331,MW,DE,DE_LU,actual_offshore_wind_generation,Wind Offshore,2026-07-08T18:59:57Z
2026-07-08T18:58:29Z,2026-07-08T20:58:29+0200,e401fd36-f4a8-45e5-ad91-bdd87731a7ba,2026-06-25T23:45:00Z,2026-06-26T01:45:00+0200,1176.943,MW,DE,DE_LU,actual_offshore_wind_generation,Wind Offshore,2026-07-08T18:59:57Z
2026-07-08T18:58:29Z,2026-07-08T20:58:29+0200,e401fd36-f4a8-45e5-ad91-bdd87731a7ba,2026-06-26T00:00:00Z,2026-06-26T02:00:00+0200,1184.953,MW,DE,DE_LU,actual_offshore_wind_generation,Wind Offshore,2026-07-08T18:59:57Z
2026-07-08T18:58:29Z,2026-07-08T20:58:29+0200,e401fd36-f4a8-45e5-ad91-bdd87731a7ba,2026-06-26T00:15:00Z,2026-06-26T02:15:00+0200,1265.442,MW,DE,DE_LU,actual_offshore_wind_generation,Wind Offshore,2026-07-08T18:59:57Z
2026-07-08T18:58:29Z,2026-07-08T20:58:29+0200,e401fd36-f4a8-45e5-ad91-bdd87731a7ba,2026-06-26T00:30:00Z,2026-06-26T02:30:00+0200,1313.237,MW,DE,DE_LU,actual_offshore_wind_generation,Wind Offshore,2026-07-08T18:59:57Z
2026-07-08T18:58:29Z,2026-07-08T20:58:29+0200,e401fd36-f4a8-45e5-ad91-bdd87731a7ba,2026-06-26T00:45:00Z,2026-06-26T02:45:00+0200,1334.324,MW,DE,DE_LU,actual_offshore_wind_generation,Wind Offshore,2026-07-08T18:59:57Z
2026-07-08T18:58:29Z,2026-07-08T20:58:29+0200,e401fd36-f4a8-45e5-ad91-bdd87731a7ba,2026-06-26T01:00:00Z,2026-06-26T03:00:00+0200,1334.532,MW,DE,DE_LU,actual_offshore_wind_generation,Wind Offshore,2026-07-08T18:59:57Z
2026-07-08T18:58:29Z,2026-07-08T20:58:29+0200,e401fd36-f4a8-45e5-ad91-bdd87731a7ba,2026-06-26T01:15:00Z,2026-06-26T03:15:00+0200,1342.834,MW,DE,DE_LU,actual_offshore_wind_generation,Wind Offshore,2026-07-08T18:59:57Z
2026-07-08T18:58:29Z,2026-07-08T20:58:29+0200,e401fd36-f4a8-45e5-ad91-bdd87731a7ba,2026-06-26T01:30:00Z,2026-06-26T03:30:00+0200,1365.825,MW,DE,DE_LU,actual_offshore_wind_generation,Wind Offshore,2026-07-08T18:59:57Z
2026-07-08T18:58:29Z,2026-07-08T20:58:29+0200,e401fd36-f4a8-45e5-ad91-bdd87731a7ba,2026-06-26T01:45:00Z,2026-06-26T03:45:00+0200,1499.39,MW,DE,DE_LU,actual_offshore_wind_generation,Wind Offshore,2026-07-08T18:59:57Z
2026-07-08T18:58:29Z,2026-07-08T20:58:29+0200,e401fd36-f4a8-45e5-ad91-bdd87731a7ba,2026-06-26T02:00:00Z,2026-06-26T04:00:00+0200,1571.911,MW,DE,DE_LU,actual_offshore_wind_generation,Wind Offshore,2026-07-08T18:59:57Z
2026-07-08T18:58:29Z,2026-07-08T20:58:29+0200,e401fd36-f4a8-45e5-ad91-bdd87731a7ba,2026-06-26T02:15:00Z,2026-06-26T04:15:00+0200,1602.851,MW,DE,DE_LU,actual_offshore_wind_generation,Wind Offshore,2026-07-08T18:59:57Z
2026-07-08T18:58:29Z,2026-07-08T20:58:29+0200,e401fd36-f4a8-45e5-ad91-bdd87731a7ba,2026-06-26T02:30:00Z,2026-06-26T04:30:00+0200,1615.702,MW,DE,DE_LU,actual_offshore_wind_generation,Wind Offshore,2026-07-08T18:59:57Z
2026-07-08T18:58:29Z,2026-07-08T20:58:29+0200,e401fd36-f4a8-45e5-ad91-bdd87731a7ba,2026-06-26T02:45:00Z,2026-06-26T04:45:00+0200,1602.944,MW,DE,DE_LU,actual_offshore_wind_generation,Wind Offshore,2026-07-08T18:59:57Z
2026-07-08T18:58:29Z,2026-07-08T20:58:29+0200,e401fd36-f4a8-45e5-ad91-bdd87731a7ba,2026-06-26T03:00:00Z,2026-06-26T05:00:00+0200,1560.308,MW,DE,DE_LU,actual_offshore_wind_generation,Wind Offshore,2026-07-08T18:59:57Z
2026-07-08T18:58:29Z,2026-07-08T20:58:29+0200,e401fd36-f4a8-45e5-ad91-bdd87731a7ba,2026-06-26T03:15:00Z,2026-06-26T05:15:00+0200,1563.642,MW,DE,DE_LU,actual_offshore_wind_generation,Wind Offshore,2026-07-08T18:59:57Z
2026-07-08T18:58:29Z,2026-07-08T20:58:29+0200,e401fd36-f4a8-45e5-ad91-bdd87731a7ba,2026-06-26T03:30:00Z,2026-06-26T05:30:00+0200,1673.104,MW,DE,DE_LU,actual_offshore_wind_generation,Wind Offshore,2026-07-08T18:59:57Z
2026-07-08T18:58:29Z,2026-07-08T20:58:29+0200,e401fd36-f4a8-45e5-ad91-bdd87731a7ba,2026-06-26T03:45:00Z,2026-06-26T05:45:00+0200,1767.507,MW,DE,DE_LU,actual_offshore_wind_generation,Wind Offshore,2026-07-08T18:59:57Z
2026-07-08T18:58:29Z,2026-07-08T20:58:29+0200,e401fd36-f4a8-45e5-ad91-bdd87731a7ba,2026-06-26T04:00:00Z,2026-06-26T06:00:00+0200,1863.95,MW,DE,DE_LU,actual_offshore_wind_generation,Wind Offshore,2026-07-08T18:59:57Z
2026-07-08T18:58:29Z,2026-07-08T20:58:29+0200,e401fd36-f4a8-45e5-ad91-bdd87731a7ba,2026-06-26T04:15:00Z,2026-06-26T06:15:00+0200,1898.592,MW,DE,DE_LU,actual_offshore_wind_generation,Wind Offshore,2026-07-08T18:59:57Z
2026-07-08T18:58:29Z,2026-07-08T20:58:29+0200,e401fd36-f4a8-45e5-ad91-bdd87731a7ba,2026-06-26T04:30:00Z,2026-06-26T06:30:00+0200,1949.634,MW,DE,DE_LU,actual_offshore_wind_generation,Wind Offshore,2026-07-08T18:59:57Z
2026-07-08T18:58:29Z,2026-07-08T20:58:29+0200,e401fd36-f4a8-45e5-ad91-bdd87731a7ba,2026-06-26T04:45:00Z,2026-06-26T06:45:00+0200,2019.585,MW,DE,DE_LU,actual_offshore_wind_generation,Wind Offshore,2026-07-08T18:59:57Z
2026-07-08T18:58:29Z,2026-07-08T20:58:29+0200,e401fd36-f4a8-45e5-ad91-bdd87731a7ba,2026-06-26T05:00:00Z,2026-06-26T07:00:00+0200,2071.329,MW,DE,DE_LU,actual_offshore_wind_generation,Wind Offshore,2026-07-08T18:59:57Z
2026-07-08T18:58:29Z,2026-07-08T20:58:29+0200,e401fd36-f4a8-45e5-ad91-bdd87731a7ba,2026-06-26T05:15:00Z,2026-06-26T07:15:00+0200,2151.706,MW,DE,DE_LU,actual_offshore_wind_generation,Wind Offshore,2026-07-08T18:59:57Z
2026-07-08T18:58:29Z,2026-07-08T20:58:29+0200,e401fd36-f4a8-45e5-ad91-bdd87731a7ba,2026-06-26T05:30:00Z,2026-06-26T07:30:00+0200,2372.818,MW,DE,DE_LU,actual_offshore_wind_generation,Wind Offshore,2026-07-08T18:59:57Z
2026-07-08T18:58:29Z,2026-07-08T20:58:29+0200,e401fd36-f4a8-45e5-ad91-bdd87731a7ba,2026-06-26T05:45:00Z,2026-06-26T07:45:00+0200,2611.587,MW,DE,DE_LU,actual_offshore_wind_generation,Wind Offshore,2026-07-08T18:59:57Z
2026-07-08T18:58:29Z,2026-07-08T20:58:29+0200,e401fd36-f4a8-45e5-ad91-bdd87731a7ba,2026-06-26T06:00:00Z,2026-06-26T08:00:00+0200,2800.597,MW,DE,DE_LU,actual_offshore_wind_generation,Wind Offshore,2026-07-08T18:59:57Z
2026-07-08T18:58:29Z,2026-07-08T20:58:29+0200,e401fd36-f4a8-45e5-ad91-bdd87731a7ba,2026-06-26T06:15:00Z,2026-06-26T08:15:00+0200,2935.112,MW,DE,DE_LU,actual_offshore_wind_generation,Wind Offshore,2026-07-08T18:59:57Z
2026-07-08T18:58:29Z,2026-07-08T20:58:29+0200,e401fd36-f4a8-45e5-ad91-bdd87731a7ba,2026-06-26T06:30:00Z,2026-06-26T08:30:00+0200,3025.065,MW,DE,DE_LU,actual_offshore_wind_generation,Wind Offshore,2026-07-08T18:59:57Z
2026-07-08T18:58:29Z,2026-07-08T20:58:29+0200,e401fd36-f4a8-45e5-ad91-bdd87731a7ba,2026-06-26T06:45:00Z,2026-06-26T08:45:00+0200,3038.997,MW,DE,DE_LU,actual_offshore_wind_generation,Wind Offshore,2026-07-08T18:59:57Z
2026-07-08T18:58:29Z,2026-07-08T20:58:29+0200,e401fd36-f4a8-45e5-ad91-bdd87731a7ba,2026-06-26T07:00:00Z,2026-06-26T09:00:00+0200,2975.359,MW,DE,DE_LU,actual_offshore_wind_generation,Wind Offshore,2026-07-08T18:59:57Z
2026-07-08T18:58:29Z,2026-07-08T20:58:29+0200,e401fd36-f4a8-45e5-ad91-bdd87731a7ba,2026-06-26T07:15:00Z,2026-06-26T09:15:00+0200,2869.99,MW,DE,DE_LU,actual_offshore_wind_generation,Wind Offshore,2026-07-08T18:59:57Z
2026-07-08T18:58:29Z,2026-07-08T20:58:29+0200,e401fd36-f4a8-45e5-ad91-bdd87731a7ba,2026-06-26T07:30:00Z,2026-06-26T09:30:00+0200,2711.641,MW,DE,DE_LU,actual_offshore_wind_generation,Wind Offshore,2026-07-08T18:59:57Z
2026-07-08T18:58:29Z,2026-07-08T20:58:29+0200,e401fd36-f4a8-45e5-ad91-bdd87731a7ba,2026-06-26T07:45:00Z,2026-06-26T09:45:00+0200,2620.027,MW,DE,DE_LU,actual_offshore_wind_generation,Wind Offshore,2026-07-08T18:59:57Z
2026-07-08T18:58:29Z,2026-07-08T20:58:29+0200,e401fd36-f4a8-45e5-ad91-bdd87731a7ba,2026-06-26T08:00:00Z,2026-06-26T10:00:00+0200,2524.303,MW,DE,DE_LU,actual_offshore_wind_generation,Wind Offshore,2026-07-08T18:59:57Z
2026-07-08T18:58:29Z,2026-07-08T20:58:29+0200,e401fd36-f4a8-45e5-ad91-bdd87731a7ba,2026-06-26T08:15:00Z,2026-06-26T10:15:00+0200,2439.988,MW,DE,DE_LU,actual_offshore_wind_generation,Wind Offshore,2026-07-08T18:59:57Z
2026-07-08T18:58:29Z,2026-07-08T20:58:29+0200,e401fd36-f4a8-45e5-ad91-bdd87731a7ba,2026-06-26T08:30:00Z,2026-06-26T10:30:00+0200,2379.3,MW,DE,DE_LU,actual_offshore_wind_generation,Wind Offshore,2026-07-08T18:59:57Z
2026-07-08T18:58:29Z,2026-07-08T20:58:29+0200,e401fd36-f4a8-45e5-ad91-bdd87731a7ba,2026-06-26T08:45:00Z,2026-06-26T10:45:00+0200,2424.71,MW,DE,DE_LU,actual_offshore_wind_generation,Wind Offshore,2026-07-08T18:59:57Z
2026-07-08T18:58:29Z,2026-07-08T20:58:29+0200,e401fd36-f4a8-45e5-ad91-bdd87731a7ba,2026-06-26T09:00:00Z,2026-06-26T11:00:00+0200,2477.4,MW,DE,DE_LU,actual_offshore_wind_generation,Wind Offshore,2026-07-08T18:59:57Z
2026-07-08T18:58:29Z,2026-07-08T20:58:29+0200,e401fd36-f4a8-45e5-ad91-bdd87731a7ba,2026-06-26T09:15:00Z,2026-06-26T11:15:00+0200,2461.48,MW,DE,DE_LU,actual_offshore_wind_generation,Wind Offshore,2026-07-08T18:59:57Z
2026-07-08T18:58:29Z,2026-07-08T20:58:29+0200,e401fd36-f4a8-45e5-ad91-bdd87731a7ba,2026-06-26T09:30:00Z,2026-06-26T11:30:00+0200,2456.04,MW,DE,DE_LU,actual_offshore_wind_generation,Wind Offshore,2026-07-08T18:59:57Z
2026-07-08T18:58:29Z,2026-07-08T20:58:29+0200,e401fd36-f4a8-45e5-ad91-bdd87731a7ba,2026-06-26T09:45:00Z,2026-06-26T11:45:00+0200,2477.804,MW,DE,DE_LU,actual_offshore_wind_generation,Wind Offshore,2026-07-08T18:59:57Z
2026-07-08T18:58:29Z,2026-07-08T20:58:29+0200,e401fd36-f4a8-45e5-ad91-bdd87731a7ba,2026-06-26T10:00:00Z,2026-06-26T12:00:00+0200,2500.513,MW,DE,DE_LU,actual_offshore_wind_generation,Wind Offshore,2026-07-08T18:59:57Z
2026-07-08T18:58:29Z,2026-07-08T20:58:29+0200,e401fd36-f4a8-45e5-ad91-bdd87731a7ba,2026-06-26T10:15:00Z,2026-06-26T12:15:00+0200,2639.845,MW,DE,DE_LU,actual_offshore_wind_generation,Wind Offshore,2026-07-08T18:59:57Z
2026-07-08T18:58:29Z,2026-07-08T20:58:29+0200,e401fd36-f4a8-45e5-ad91-bdd87731a7ba,2026-06-26T10:30:00Z,2026-06-26T12:30:00+0200,2733.299,MW,DE,DE_LU,actual_offshore_wind_generation,Wind Offshore,2026-07-08T18:59:57Z
2026-07-08T18:58:29Z,2026-07-08T20:58:29+0200,e401fd36-f4a8-45e5-ad91-bdd87731a7ba,2026-06-26T10:45:00Z,2026-06-26T12:45:00+0200,2912.232,MW,DE,DE_LU,actual_offshore_wind_generation,Wind Offshore,2026-07-08T18:59:57Z
2026-07-08T18:58:29Z,2026-07-08T20:58:29+0200,e401fd36-f4a8-45e5-ad91-bdd87731a7ba,2026-06-26T11:00:00Z,2026-06-26T13:00:00+0200,3015.797,MW,DE,DE_LU,actual_offshore_wind_generation,Wind Offshore,2026-07-08T18:59:57Z
2026-07-08T18:58:29Z,2026-07-08T20:58:29+0200,e401fd36-f4a8-45e5-ad91-bdd87731a7ba,2026-06-26T11:15:00Z,2026-06-26T13:15:00+0200,3080.581,MW,DE,DE_LU,actual_offshore_wind_generation,Wind Offshore,2026-07-08T18:59:57Z
2026-07-08T18:58:29Z,2026-07-08T20:58:29+0200,e401fd36-f4a8-45e5-ad91-bdd87731a7ba,2026-06-26T11:30:00Z,2026-06-26T13:30:00+0200,3211.036,MW,DE,DE_LU,actual_offshore_wind_generation,Wind Offshore,2026-07-08T18:59:57Z
2026-07-08T18:58:29Z,2026-07-08T20:58:29+0200,e401fd36-f4a8-45e5-ad91-bdd87731a7ba,2026-06-26T11:45:00Z,2026-06-26T13:45:00+0200,3292.297,MW,DE,DE_LU,actual_offshore_wind_generation,Wind Offshore,2026-07-08T18:59:57Z
2026-07-08T18:58:29Z,2026-07-08T20:58:29+0200,e401fd36-f4a8-45e5-ad91-bdd87731a7ba,2026-06-26T12:00:00Z,2026-06-26T14:00:00+0200,3225.213,MW,DE,DE_LU,actual_offshore_wind_generation,Wind Offshore,2026-07-08T18:59:57Z
2026-07-08T18:58:29Z,2026-07-08T20:58:29+0200,e401fd36-f4a8-45e5-ad91-bdd87731a7ba,2026-06-26T12:15:00Z,2026-06-26T14:15:00+0200,2988.054,MW,DE,DE_LU,actual_offshore_wind_generation,Wind Offshore,2026-07-08T18:59:57Z
2026-07-08T18:58:29Z,2026-07-08T20:58:29+0200,e401fd36-f4a8-45e5-ad91-bdd87731a7ba,2026-06-26T12:30:00Z,2026-06-26T14:30:00+0200,2649.551,MW,DE,DE_LU,actual_offshore_wind_generation,Wind Offshore,2026-07-08T18:59:57Z
2026-07-08T18:58:29Z,2026-07-08T20:58:29+0200,e401fd36-f4a8-45e5-ad91-bdd87731a7ba,2026-06-26T12:45:00Z,2026-06-26T14:45:00+0200,2271.96,MW,DE,DE_LU,actual_offshore_wind_generation,Wind Offshore,2026-07-08T18:59:57Z
2026-07-08T18:58:29Z,2026-07-08T20:58:29+0200,e401fd36-f4a8-45e5-ad91-bdd87731a7ba,2026-06-26T13:00:00Z,2026-06-26T15:00:00+0200,1955.07,MW,DE,DE_LU,actual_offshore_wind_generation,Wind Offshore,2026-07-08T18:59:57Z
2026-07-08T18:58:29Z,2026-07-08T20:58:29+0200,e401fd36-f4a8-45e5-ad91-bdd87731a7ba,2026-06-26T13:15:00Z,2026-06-26T15:15:00+0200,1736.43,MW,DE,DE_LU,actual_offshore_wind_generation,Wind Offshore,2026-07-08T18:59:57Z
2026-07-08T18:58:29Z,2026-07-08T20:58:29+0200,e401fd36-f4a8-45e5-ad91-bdd87731a7ba,2026-06-26T13:30:00Z,2026-06-26T15:30:00+0200,1566.572,MW,DE,DE_LU,actual_offshore_wind_generation,Wind Offshore,2026-07-08T18:59:57Z
2026-07-08T18:58:29Z,2026-07-08T20:58:29+0200,e401fd36-f4a8-45e5-ad91-bdd87731a7ba,2026-06-26T13:45:00Z,2026-06-26T15:45:00+0200,1542.572,MW,DE,DE_LU,actual_offshore_wind_generation,Wind Offshore,2026-07-08T18:59:57Z
2026-07-08T18:58:29Z,2026-07-08T20:58:29+0200,e401fd36-f4a8-45e5-ad91-bdd87731a7ba,2026-06-26T14:00:00Z,2026-06-26T16:00:00+0200,1575.515,MW,DE,DE_LU,actual_offshore_wind_generation,Wind Offshore,2026-07-08T18:59:57Z
2026-07-08T18:58:29Z,2026-07-08T20:58:29+0200,e401fd36-f4a8-45e5-ad91-bdd87731a7ba,2026-06-26T14:15:00Z,2026-06-26T16:15:00+0200,1605.149,MW,DE,DE_LU,actual_offshore_wind_generation,Wind Offshore,2026-07-08T18:59:57Z
2026-07-08T18:58:29Z,2026-07-08T20:58:29+0200,e401fd36-f4a8-45e5-ad91-bdd87731a7ba,2026-06-26T14:30:00Z,2026-06-26T16:30:00+0200,1693.685,MW,DE,DE_LU,actual_offshore_wind_generation,Wind Offshore,2026-07-08T18:59:57Z
2026-07-08T18:58:29Z,2026-07-08T20:58:29+0200,e401fd36-f4a8-45e5-ad91-bdd87731a7ba,2026-06-26T14:45:00Z,2026-06-26T16:45:00+0200,1752.481,MW,DE,DE_LU,actual_offshore_wind_generation,Wind Offshore,2026-07-08T18:59:57Z
2026-07-08T18:58:29Z,2026-07-08T20:58:29+0200,e401fd36-f4a8-45e5-ad91-bdd87731a7ba,2026-06-26T15:00:00Z,2026-06-26T17:00:00+0200,1761.924,MW,DE,DE_LU,actual_offshore_wind_generation,Wind Offshore,2026-07-08T18:59:57Z
2026-07-08T18:58:29Z,2026-07-08T20:58:29+0200,e401fd36-f4a8-45e5-ad91-bdd87731a7ba,2026-06-26T15:15:00Z,2026-06-26T17:15:00+0200,1761.85,MW,DE,DE_LU,actual_offshore_wind_generation,Wind Offshore,2026-07-08T18:59:57Z
2026-07-08T18:58:29Z,2026-07-08T20:58:29+0200,e401fd36-f4a8-45e5-ad91-bdd87731a7ba,2026-06-26T15:30:00Z,2026-06-26T17:30:00+0200,1698.128,MW,DE,DE_LU,actual_offshore_wind_generation,Wind Offshore,2026-07-08T18:59:57Z
2026-07-08T18:58:29Z,2026-07-08T20:58:29+0200,e401fd36-f4a8-45e5-ad91-bdd87731a7ba,2026-06-26T15:45:00Z,2026-06-26T17:45:00+0200,1631.937,MW,DE,DE_LU,actual_offshore_wind_generation,Wind Offshore,2026-07-08T18:59:57Z
2026-07-08T18:58:29Z,2026-07-08T20:58:29+0200,e401fd36-f4a8-45e5-ad91-bdd87731a7ba,2026-06-26T16:00:00Z,2026-06-26T18:00:00+0200,1671.566,MW,DE,DE_LU,actual_offshore_wind_generation,Wind Offshore,2026-07-08T18:59:57Z
2026-07-08T18:58:29Z,2026-07-08T20:58:29+0200,e401fd36-f4a8-45e5-ad91-bdd87731a7ba,2026-06-26T16:15:00Z,2026-06-26T18:15:00+0200,1597.505,MW,DE,DE_LU,actual_offshore_wind_generation,Wind Offshore,2026-07-08T18:59:57Z
2026-07-08T18:58:29Z,2026-07-08T20:58:29+0200,e401fd36-f4a8-45e5-ad91-bdd87731a7ba,2026-06-26T16:30:00Z,2026-06-26T18:30:00+0200,1626.836,MW,DE,DE_LU,actual_offshore_wind_generation,Wind Offshore,2026-07-08T18:59:57Z
2026-07-08T18:58:29Z,2026-07-08T20:58:29+0200,e401fd36-f4a8-45e5-ad91-bdd87731a7ba,2026-06-26T16:45:00Z,2026-06-26T18:45:00+0200,1745.417,MW,DE,DE_LU,actual_offshore_wind_generation,Wind Offshore,2026-07-08T18:59:57Z
2026-07-08T18:58:29Z,2026-07-08T20:58:29+0200,e401fd36-f4a8-45e5-ad91-bdd87731a7ba,2026-06-26T17:00:00Z,2026-06-26T19:00:00+0200,1766.566,MW,DE,DE_LU,actual_offshore_wind_generation,Wind Offshore,2026-07-08T18:59:57Z
2026-07-08T18:58:29Z,2026-07-08T20:58:29+0200,e401fd36-f4a8-45e5-ad91-bdd87731a7ba,2026-06-26T17:15:00Z,2026-06-26T19:15:00+0200,1778.209,MW,DE,DE_LU,actual_offshore_wind_generation,Wind Offshore,2026-07-08T18:59:57Z
2026-07-08T18:58:29Z,2026-07-08T20:58:29+0200,e401fd36-f4a8-45e5-ad91-bdd87731a7ba,2026-06-26T17:30:00Z,2026-06-26T19:30:00+0200,1845.788,MW,DE,DE_LU,actual_offshore_wind_generation,Wind Offshore,2026-07-08T18:59:57Z
2026-07-08T18:58:29Z,2026-07-08T20:58:29+0200,e401fd36-f4a8-45e5-ad91-bdd87731a7ba,2026-06-26T17:45:00Z,2026-06-26T19:45:00+0200,1887.886,MW,DE,DE_LU,actual_offshore_wind_generation,Wind Offshore,2026-07-08T18:59:57Z
2026-07-08T18:58:29Z,2026-07-08T20:58:29+0200,e401fd36-f4a8-45e5-ad91-bdd87731a7ba,2026-06-26T18:00:00Z,2026-06-26T20:00:00+0200,2016.707,MW,DE,DE_LU,actual_offshore_wind_generation,Wind Offshore,2026-07-08T18:59:57Z
2026-07-08T18:58:29Z,2026-07-08T20:58:29+0200,e401fd36-f4a8-45e5-ad91-bdd87731a7ba,2026-06-26T18:15:00Z,2026-06-26T20:15:00+0200,2115.96,MW,DE,DE_LU,actual_offshore_wind_generation,Wind Offshore,2026-07-08T18:59:57Z
2026-07-08T18:58:29Z,2026-07-08T20:58:29+0200,e401fd36-f4a8-45e5-ad91-bdd87731a7ba,2026-06-26T18:30:00Z,2026-06-26T20:30:00+0200,2180.179,MW,DE,DE_LU,actual_offshore_wind_generation,Wind Offshore,2026-07-08T18:59:57Z
2026-07-08T18:58:29Z,2026-07-08T20:58:29+0200,e401fd36-f4a8-45e5-ad91-bdd87731a7ba,2026-06-26T18:45:00Z,2026-06-26T20:45:00+0200,2229.835,MW,DE,DE_LU,actual_offshore_wind_generation,Wind Offshore,2026-07-08T18:59:57Z
2026-07-08T18:58:29Z,2026-07-08T20:58:29+0200,e401fd36-f4a8-45e5-ad91-bdd87731a7ba,2026-06-26T19:00:00Z,2026-06-26T21:00:00+0200,2200.624,MW,DE,DE_LU,actual_offshore_wind_generation,Wind Offshore,2026-07-08T18:59:57Z
2026-07-08T18:58:29Z,2026-07-08T20:58:29+0200,e401fd36-f4a8-45e5-ad91-bdd87731a7ba,2026-06-26T19:15:00Z,2026-06-26T21:15:00+0200,2259.171,MW,DE,DE_LU,actual_offshore_wind_generation,Wind Offshore,2026-07-08T18:59:57Z
2026-07-08T18:58:29Z,2026-07-08T20:58:29+0200,e401fd36-f4a8-45e5-ad91-bdd87731a7ba,2026-06-26T19:30:00Z,2026-06-26T21:30:00+0200,2286.926,MW,DE,DE_LU,actual_offshore_wind_generation,Wind Offshore,2026-07-08T18:59:57Z
2026-07-08T18:58:29Z,2026-07-08T20:58:29+0200,e401fd36-f4a8-45e5-ad91-bdd87731a7ba,2026-06-26T19:45:00Z,2026-06-26T21:45:00+0200,2332.371,MW,DE,DE_LU,actual_offshore_wind_generation,Wind Offshore,2026-07-08T18:59:57Z
2026-07-08T18:58:29Z,2026-07-08T20:58:29+0200,e401fd36-f4a8-45e5-ad91-bdd87731a7ba,2026-06-26T20:00:00Z,2026-06-26T22:00:00+0200,2284.742,MW,DE,DE_LU,actual_offshore_wind_generation,Wind Offshore,2026-07-08T18:59:57Z
2026-07-08T18:58:29Z,2026-07-08T20:58:29+0200,e401fd36-f4a8-45e5-ad91-bdd87731a7ba,2026-06-26T20:15:00Z,2026-06-26T22:15:00+0200,2276.686,MW,DE,DE_LU,actual_offshore_wind_generation,Wind Offshore,2026-07-08T18:59:57Z
2026-07-08T18:58:29Z,2026-07-08T20:58:29+0200,e401fd36-f4a8-45e5-ad91-bdd87731a7ba,2026-06-26T20:30:00Z,2026-06-26T22:30:00+0200,2334.968,MW,DE,DE_LU,actual_offshore_wind_generation,Wind Offshore,2026-07-08T18:59:57Z
2026-07-08T18:58:29Z,2026-07-08T20:58:29+0200,e401fd36-f4a8-45e5-ad91-bdd87731a7ba,2026-06-26T20:45:00Z,2026-06-26T22:45:00+0200,2419.19,MW,DE,DE_LU,actual_offshore_wind_generation,Wind Offshore,2026-07-08T18:59:57Z
2026-07-08T18:58:29Z,2026-07-08T20:58:29+0200,e401fd36-f4a8-45e5-ad91-bdd87731a7ba,2026-06-26T21:00:00Z,2026-06-26T23:00:00+0200,2420.768,MW,DE,DE_LU,actual_offshore_wind_generation,Wind Offshore,2026-07-08T18:59:57Z
2026-07-08T18:58:29Z,2026-07-08T20:58:29+0200,e401fd36-f4a8-45e5-ad91-bdd87731a7ba,2026-06-26T21:15:00Z,2026-06-26T23:15:00+0200,2362.108,MW,DE,DE_LU,actual_offshore_wind_generation,Wind Offshore,2026-07-08T18:59:57Z
2026-07-08T18:58:29Z,2026-07-08T20:58:29+0200,e401fd36-f4a8-45e5-ad91-bdd87731a7ba,2026-06-26T21:30:00Z,2026-06-26T23:30:00+0200,2127.266,MW,DE,DE_LU,actual_offshore_wind_generation,Wind Offshore,2026-07-08T18:59:57Z
2026-07-08T18:58:29Z,2026-07-08T20:58:29+0200,e401fd36-f4a8-45e5-ad91-bdd87731a7ba,2026-06-26T21:45:00Z,2026-06-26T23:45:00+0200,1917.834,MW,DE,DE_LU,actual_offshore_wind_generation,Wind Offshore,2026-07-08T18:59:57Z
2026-07-08T18:58:29Z,2026-07-08T20:58:29+0200,e401fd36-f4a8-45e5-ad91-bdd87731a7ba,2026-06-26T22:00:00Z,2026-06-27T00:00:00+0200,1890.613,MW,DE,DE_LU,actual_offshore_wind_generation,Wind Offshore,2026-07-08T18:59:57Z
2026-07-08T18:58:29Z,2026-07-08T20:58:29+0200,e401fd36-f4a8-45e5-ad91-bdd87731a7ba,2026-06-26T22:15:00Z,2026-06-27T00:15:00+0200,1814.226,MW,DE,DE_LU,actual_offshore_wind_generation,Wind Offshore,2026-07-08T18:59:57Z
2026-07-08T18:58:29Z,2026-07-08T20:58:29+0200,e401fd36-f4a8-45e5-ad91-bdd87731a7ba,2026-06-26T22:30:00Z,2026-06-27T00:30:00+0200,1724.202,MW,DE,DE_LU,actual_offshore_wind_generation,Wind Offshore,2026-07-08T18:59:57Z
2026-07-08T18:58:29Z,2026-07-08T20:58:29+0200,e401fd36-f4a8-45e5-ad91-bdd87731a7ba,2026-06-26T22:45:00Z,2026-06-27T00:45:00+0200,1764.332,MW,DE,DE_LU,actual_offshore_wind_generation,Wind Offshore,2026-07-08T18:59:57Z
2026-07-08T18:58:29Z,2026-07-08T20:58:29+0200,e401fd36-f4a8-45e5-ad91-bdd87731a7ba,2026-06-26T23:00:00Z,2026-06-27T01:00:00+0200,1879.144,MW,DE,DE_LU,actual_offshore_wind_generation,Wind Offshore,2026-07-08T18:59:57Z
2026-07-08T18:58:29Z,2026-07-08T20:58:29+0200,e401fd36-f4a8-45e5-ad91-bdd87731a7ba,2026-06-26T23:15:00Z,2026-06-27T01:15:00+0200,1968.935,MW,DE,DE_LU,actual_offshore_wind_generation,Wind Offshore,2026-07-08T18:59:57Z
2026-07-08T18:58:29Z,2026-07-08T20:58:29+0200,e401fd36-f4a8-45e5-ad91-bdd87731a7ba,2026-06-26T23:30:00Z,2026-06-27T01:30:00+0200,1934.984,MW,DE,DE_LU,actual_offshore_wind_generation,Wind Offshore,2026-07-08T18:59:57Z
2026-07-08T18:58:29Z,2026-07-08T20:58:29+0200,e401fd36-f4a8-45e5-ad91-bdd87731a7ba,2026-06-26T23:45:00Z,2026-06-27T01:45:00+0200,1827.876,MW,DE,DE_LU,actual_offshore_wind_generation,Wind Offshore,2026-07-08T18:59:57Z
2026-07-08T18:58:29Z,2026-07-08T20:58:29+0200,e401fd36-f4a8-45e5-ad91-bdd87731a7ba,2026-06-27T00:00:00Z,2026-06-27T02:00:00+0200,1637.739,MW,DE,DE_LU,actual_offshore_wind_generation,Wind Offshore,2026-07-08T18:59:57Z
2026-07-08T18:58:29Z,2026-07-08T20:58:29+0200,e401fd36-f4a8-45e5-ad91-bdd87731a7ba,2026-06-27T00:15:00Z,2026-06-27T02:15:00+0200,1580.001,MW,DE,DE_LU,actual_offshore_wind_generation,Wind Offshore,2026-07-08T18:59:57Z
2026-07-08T18:58:29Z,2026-07-08T20:58:29+0200,e401fd36-f4a8-45e5-ad91-bdd87731a7ba,2026-06-27T00:30:00Z,2026-06-27T02:30:00+0200,1679.477,MW,DE,DE_LU,actual_offshore_wind_generation,Wind Offshore,2026-07-08T18:59:57Z
2026-07-08T18:58:29Z,2026-07-08T20:58:29+0200,e401fd36-f4a8-45e5-ad91-bdd87731a7ba,2026-06-27T00:45:00Z,2026-06-27T02:45:00+0200,1600.778,MW,DE,DE_LU,actual_offshore_wind_generation,Wind Offshore,2026-07-08T18:59:57Z
2026-07-08T18:58:29Z,2026-07-08T20:58:29+0200,e401fd36-f4a8-45e5-ad91-bdd87731a7ba,2026-06-27T01:00:00Z,2026-06-27T03:00:00+0200,1438.989,MW,DE,DE_LU,actual_offshore_wind_generation,Wind Offshore,2026-07-08T18:59:57Z
2026-07-08T18:58:29Z,2026-07-08T20:58:29+0200,e401fd36-f4a8-45e5-ad91-bdd87731a7ba,2026-06-27T01:15:00Z,2026-06-27T03:15:00+0200,1461.592,MW,DE,DE_LU,actual_offshore_wind_generation,Wind Offshore,2026-07-08T18:59:57Z
2026-07-08T18:58:29Z,2026-07-08T20:58:29+0200,e401fd36-f4a8-45e5-ad91-bdd87731a7ba,2026-06-27T01:30:00Z,2026-06-27T03:30:00+0200,1362.893,MW,DE,DE_LU,actual_offshore_wind_generation,Wind Offshore,2026-07-08T18:59:57Z
2026-07-08T18:58:29Z,2026-07-08T20:58:29+0200,e401fd36-f4a8-45e5-ad91-bdd87731a7ba,2026-06-27T01:45:00Z,2026-06-27T03:45:00+0200,1230.99,MW,DE,DE_LU,actual_offshore_wind_generation,Wind Offshore,2026-07-08T18:59:57Z
2026-07-08T18:58:29Z,2026-07-08T20:58:29+0200,e401fd36-f4a8-45e5-ad91-bdd87731a7ba,2026-06-27T02:00:00Z,2026-06-27T04:00:00+0200,1052.343,MW,DE,DE_LU,actual_offshore_wind_generation,Wind Offshore,2026-07-08T18:59:57Z
2026-07-08T18:58:29Z,2026-07-08T20:58:29+0200,e401fd36-f4a8-45e5-ad91-bdd87731a7ba,2026-06-27T02:15:00Z,2026-06-27T04:15:00+0200,1024.049,MW,DE,DE_LU,actual_offshore_wind_generation,Wind Offshore,2026-07-08T18:59:57Z
2026-07-08T18:58:29Z,2026-07-08T20:58:29+0200,e401fd36-f4a8-45e5-ad91-bdd87731a7ba,2026-06-27T02:30:00Z,2026-06-27T04:30:00+0200,929.59,MW,DE,DE_LU,actual_offshore_wind_generation,Wind Offshore,2026-07-08T18:59:57Z
2026-07-08T18:58:29Z,2026-07-08T20:58:29+0200,e401fd36-f4a8-45e5-ad91-bdd87731a7ba,2026-06-27T02:45:00Z,2026-06-27T04:45:00+0200,896.667,MW,DE,DE_LU,actual_offshore_wind_generation,Wind Offshore,2026-07-08T18:59:57Z
2026-07-08T18:58:29Z,2026-07-08T20:58:29+0200,e401fd36-f4a8-45e5-ad91-bdd87731a7ba,2026-06-27T03:00:00Z,2026-06-27T05:00:00+0200,776.18,MW,DE,DE_LU,actual_offshore_wind_generation,Wind Offshore,2026-07-08T18:59:57Z
2026-07-08T18:58:29Z,2026-07-08T20:58:29+0200,e401fd36-f4a8-45e5-ad91-bdd87731a7ba,2026-06-27T03:15:00Z,2026-06-27T05:15:00+0200,632.772,MW,DE,DE_LU,actual_offshore_wind_generation,Wind Offshore,2026-07-08T18:59:57Z
2026-07-08T18:58:29Z,2026-07-08T20:58:29+0200,e401fd36-f4a8-45e5-ad91-bdd87731a7ba,2026-06-27T03:30:00Z,2026-06-27T05:30:00+0200,573.585,MW,DE,DE_LU,actual_offshore_wind_generation,Wind Offshore,2026-07-08T18:59:57Z
2026-07-08T18:58:29Z,2026-07-08T20:58:29+0200,e401fd36-f4a8-45e5-ad91-bdd87731a7ba,2026-06-27T03:45:00Z,2026-06-27T05:45:00+0200,590.681,MW,DE,DE_LU,actual_offshore_wind_generation,Wind Offshore,2026-07-08T18:59:57Z
2026-07-08T18:58:29Z,2026-07-08T20:58:29+0200,e401fd36-f4a8-45e5-ad91-bdd87731a7ba,2026-06-27T04:00:00Z,2026-06-27T06:00:00+0200,564.795,MW,DE,DE_LU,actual_offshore_wind_generation,Wind Offshore,2026-07-08T18:59:57Z
2026-07-08T18:58:29Z,2026-07-08T20:58:29+0200,e401fd36-f4a8-45e5-ad91-bdd87731a7ba,2026-06-27T04:15:00Z,2026-06-27T06:15:00+0200,534.01,MW,DE,DE_LU,actual_offshore_wind_generation,Wind Offshore,2026-07-08T18:59:57Z
2026-07-08T18:58:29Z,2026-07-08T20:58:29+0200,e401fd36-f4a8-45e5-ad91-bdd87731a7ba,2026-06-27T04:30:00Z,2026-06-27T06:30:00+0200,467.831,MW,DE,DE_LU,actual_offshore_wind_generation,Wind Offshore,2026-07-08T18:59:57Z
2026-07-08T18:58:29Z,2026-07-08T20:58:29+0200,e401fd36-f4a8-45e5-ad91-bdd87731a7ba,2026-06-27T04:45:00Z,2026-06-27T06:45:00+0200,413.611,MW,DE,DE_LU,actual_offshore_wind_generation,Wind Offshore,2026-07-08T18:59:57Z
2026-07-08T18:58:29Z,2026-07-08T20:58:29+0200,e401fd36-f4a8-45e5-ad91-bdd87731a7ba,2026-06-27T05:00:00Z,2026-06-27T07:00:00+0200,381.745,MW,DE,DE_LU,actual_offshore_wind_generation,Wind Offshore,2026-07-08T18:59:57Z
2026-07-08T18:58:29Z,2026-07-08T20:58:29+0200,e401fd36-f4a8-45e5-ad91-bdd87731a7ba,2026-06-27T05:15:00Z,2026-06-27T07:15:00+0200,376.022,MW,DE,DE_LU,actual_offshore_wind_generation,Wind Offshore,2026-07-08T18:59:57Z
2026-07-08T18:58:29Z,2026-07-08T20:58:29+0200,e401fd36-f4a8-45e5-ad91-bdd87731a7ba,2026-06-27T05:30:00Z,2026-06-27T07:30:00+0200,353.881,MW,DE,DE_LU,actual_offshore_wind_generation,Wind Offshore,2026-07-08T18:59:57Z
2026-07-08T18:58:29Z,2026-07-08T20:58:29+0200,e401fd36-f4a8-45e5-ad91-bdd87731a7ba,2026-06-27T05:45:00Z,2026-06-27T07:45:00+0200,320.979,MW,DE,DE_LU,actual_offshore_wind_generation,Wind Offshore,2026-07-08T18:59:57Z
2026-07-08T18:58:29Z,2026-07-08T20:58:29+0200,e401fd36-f4a8-45e5-ad91-bdd87731a7ba,2026-06-27T06:00:00Z,2026-06-27T08:00:00+0200,321.409,MW,DE,DE_LU,actual_offshore_wind_generation,Wind Offshore,2026-07-08T18:59:57Z
2026-07-08T18:58:29Z,2026-07-08T20:58:29+0200,e401fd36-f4a8-45e5-ad91-bdd87731a7ba,2026-06-27T06:15:00Z,2026-06-27T08:15:00+0200,313.746,MW,DE,DE_LU,actual_offshore_wind_generation,Wind Offshore,2026-07-08T18:59:57Z
2026-07-08T18:58:29Z,2026-07-08T20:58:29+0200,e401fd36-f4a8-45e5-ad91-bdd87731a7ba,2026-06-27T06:30:00Z,2026-06-27T08:30:00+0200,285.191,MW,DE,DE_LU,actual_offshore_wind_generation,Wind Offshore,2026-07-08T18:59:57Z
2026-07-08T18:58:29Z,2026-07-08T20:58:29+0200,e401fd36-f4a8-45e5-ad91-bdd87731a7ba,2026-06-27T06:45:00Z,2026-06-27T08:45:00+0200,267.056,MW,DE,DE_LU,actual_offshore_wind_generation,Wind Offshore,2026-07-08T18:59:57Z
2026-07-08T18:58:29Z,2026-07-08T20:58:29+0200,e401fd36-f4a8-45e5-ad91-bdd87731a7ba,2026-06-27T07:00:00Z,2026-06-27T09:00:00+0200,279.736,MW,DE,DE_LU,actual_offshore_wind_generation,Wind Offshore,2026-07-08T18:59:57Z
2026-07-08T18:58:29Z,2026-07-08T20:58:29+0200,e401fd36-f4a8-45e5-ad91-bdd87731a7ba,2026-06-27T07:15:00Z,2026-06-27T09:15:00+0200,276.687,MW,DE,DE_LU,actual_offshore_wind_generation,Wind Offshore,2026-07-08T18:59:57Z
2026-07-08T18:58:29Z,2026-07-08T20:58:29+0200,e401fd36-f4a8-45e5-ad91-bdd87731a7ba,2026-06-27T07:30:00Z,2026-06-27T09:30:00+0200,240.005,MW,DE,DE_LU,actual_offshore_wind_generation,Wind Offshore,2026-07-08T18:59:57Z
2026-07-08T18:58:29Z,2026-07-08T20:58:29+0200,e401fd36-f4a8-45e5-ad91-bdd87731a7ba,2026-06-27T07:45:00Z,2026-06-27T09:45:00+0200,207.319,MW,DE,DE_LU,actual_offshore_wind_generation,Wind Offshore,2026-07-08T18:59:57Z
2026-07-08T18:58:29Z,2026-07-08T20:58:29+0200,e401fd36-f4a8-45e5-ad91-bdd87731a7ba,2026-06-27T08:00:00Z,2026-06-27T10:00:00+0200,59.047,MW,DE,DE_LU,actual_offshore_wind_generation,Wind Offshore,2026-07-08T18:59:57Z
2026-07-08T18:58:29Z,2026-07-08T20:58:29+0200,e401fd36-f4a8-45e5-ad91-bdd87731a7ba,2026-06-27T08:15:00Z,2026-06-27T10:15:00+0200,51.27,MW,DE,DE_LU,actual_offshore_wind_generation,Wind Offshore,2026-07-08T18:59:57Z
2026-07-08T18:58:29Z,2026-07-08T20:58:29+0200,e401fd36-f4a8-45e5-ad91-bdd87731a7ba,2026-06-27T08:30:00Z,2026-06-27T10:30:00+0200,34.839,MW,DE,DE_LU,actual_offshore_wind_generation,Wind Offshore,2026-07-08T18:59:57Z
2026-07-08T18:58:29Z,2026-07-08T20:58:29+0200,e401fd36-f4a8-45e5-ad91-bdd87731a7ba,2026-06-27T08:45:00Z,2026-06-27T10:45:00+0200,41.457,MW,DE,DE_LU,actual_offshore_wind_generation,Wind Offshore,2026-07-08T18:59:57Z
2026-07-08T18:58:29Z,2026-07-08T20:58:29+0200,e401fd36-f4a8-45e5-ad91-bdd87731a7ba,2026-06-27T09:00:00Z,2026-06-27T11:00:00+0200,162.513,MW,DE,DE_LU,actual_offshore_wind_generation,Wind Offshore,2026-07-08T18:59:57Z
2026-07-08T18:58:29Z,2026-07-08T20:58:29+0200,e401fd36-f4a8-45e5-ad91-bdd87731a7ba,2026-06-27T09:15:00Z,2026-06-27T11:15:00+0200,262.156,MW,DE,DE_LU,actual_offshore_wind_generation,Wind Offshore,2026-07-08T18:59:57Z
2026-07-08T18:58:29Z,2026-07-08T20:58:29+0200,e401fd36-f4a8-45e5-ad91-bdd87731a7ba,2026-06-27T09:30:00Z,2026-06-27T11:30:00+0200,262.663,MW,DE,DE_LU,actual_offshore_wind_generation,Wind Offshore,2026-07-08T18:59:57Z
2026-07-08T18:58:29Z,2026-07-08T20:58:29+0200,e401fd36-f4a8-45e5-ad91-bdd87731a7ba,2026-06-27T09:45:00Z,2026-06-27T11:45:00+0200,344.315,MW,DE,DE_LU,actual_offshore_wind_generation,Wind Offshore,2026-07-08T18:59:57Z
2026-07-08T18:58:29Z,2026-07-08T20:58:29+0200,e401fd36-f4a8-45e5-ad91-bdd87731a7ba,2026-06-27T10:00:00Z,2026-06-27T12:00:00+0200,269.886,MW,DE,DE_LU,actual_offshore_wind_generation,Wind Offshore,2026-07-08T18:59:57Z
2026-07-08T18:58:29Z,2026-07-08T20:58:29+0200,e401fd36-f4a8-45e5-ad91-bdd87731a7ba,2026-06-27T10:15:00Z,2026-06-27T12:15:00+0200,436.349,MW,DE,DE_LU,actual_offshore_wind_generation,Wind Offshore,2026-07-08T18:59:57Z
2026-07-08T18:58:29Z,2026-07-08T20:58:29+0200,e401fd36-f4a8-45e5-ad91-bdd87731a7ba,2026-06-27T10:30:00Z,2026-06-27T12:30:00+0200,696.653,MW,DE,DE_LU,actual_offshore_wind_generation,Wind Offshore,2026-07-08T18:59:57Z
2026-07-08T18:58:29Z,2026-07-08T20:58:29+0200,e401fd36-f4a8-45e5-ad91-bdd87731a7ba,2026-06-27T10:45:00Z,2026-06-27T12:45:00+0200,397.544,MW,DE,DE_LU,actual_offshore_wind_generation,Wind Offshore,2026-07-08T18:59:57Z
2026-07-08T18:58:29Z,2026-07-08T20:58:29+0200,e401fd36-f4a8-45e5-ad91-bdd87731a7ba,2026-06-27T11:00:00Z,2026-06-27T13:00:00+0200,338.097,MW,DE,DE_LU,actual_offshore_wind_generation,Wind Offshore,2026-07-08T18:59:57Z
2026-07-08T18:58:29Z,2026-07-08T20:58:29+0200,e401fd36-f4a8-45e5-ad91-bdd87731a7ba,2026-06-27T11:15:00Z,2026-06-27T13:15:00+0200,266.178,MW,DE,DE_LU,actual_offshore_wind_generation,Wind Offshore,2026-07-08T18:59:57Z
2026-07-08T18:58:29Z,2026-07-08T20:58:29+0200,e401fd36-f4a8-45e5-ad91-bdd87731a7ba,2026-06-27T11:30:00Z,2026-06-27T13:30:00+0200,214.386,MW,DE,DE_LU,actual_offshore_wind_generation,Wind Offshore,2026-07-08T18:59:57Z
2026-07-08T18:58:29Z,2026-07-08T20:58:29+0200,e401fd36-f4a8-45e5-ad91-bdd87731a7ba,2026-06-27T11:45:00Z,2026-06-27T13:45:00+0200,232.147,MW,DE,DE_LU,actual_offshore_wind_generation,Wind Offshore,2026-07-08T18:59:57Z
2026-07-08T18:58:29Z,2026-07-08T20:58:29+0200,e401fd36-f4a8-45e5-ad91-bdd87731a7ba,2026-06-27T12:00:00Z,2026-06-27T14:00:00+0200,111.434,MW,DE,DE_LU,actual_offshore_wind_generation,Wind Offshore,2026-07-08T18:59:57Z
2026-07-08T18:58:29Z,2026-07-08T20:58:29+0200,e401fd36-f4a8-45e5-ad91-bdd87731a7ba,2026-06-27T12:15:00Z,2026-06-27T14:15:00+0200,68.697,MW,DE,DE_LU,actual_offshore_wind_generation,Wind Offshore,2026-07-08T18:59:57Z
2026-07-08T18:58:29Z,2026-07-08T20:58:29+0200,e401fd36-f4a8-45e5-ad91-bdd87731a7ba,2026-06-27T12:30:00Z,2026-06-27T14:30:00+0200,51.473,MW,DE,DE_LU,actual_offshore_wind_generation,Wind Offshore,2026-07-08T18:59:57Z
2026-07-08T18:58:29Z,2026-07-08T20:58:29+0200,e401fd36-f4a8-45e5-ad91-bdd87731a7ba,2026-06-27T12:45:00Z,2026-06-27T14:45:00+0200,66.973,MW,DE,DE_LU,actual_offshore_wind_generation,Wind Offshore,2026-07-08T18:59:57Z
2026-07-08T18:58:29Z,2026-07-08T20:58:29+0200,e401fd36-f4a8-45e5-ad91-bdd87731a7ba,2026-06-27T13:00:00Z,2026-06-27T15:00:00+0200,96.567,MW,DE,DE_LU,actual_offshore_wind_generation,Wind Offshore,2026-07-08T18:59:57Z
2026-07-08T18:58:29Z,2026-07-08T20:58:29+0200,e401fd36-f4a8-45e5-ad91-bdd87731a7ba,2026-06-27T13:15:00Z,2026-06-27T15:15:00+0200,249.192,MW,DE,DE_LU,actual_offshore_wind_generation,Wind Offshore,2026-07-08T18:59:57Z
2026-07-08T18:58:29Z,2026-07-08T20:58:29+0200,e401fd36-f4a8-45e5-ad91-bdd87731a7ba,2026-06-27T13:30:00Z,2026-06-27T15:30:00+0200,255.661,MW,DE,DE_LU,actual_offshore_wind_generation,Wind Offshore,2026-07-08T18:59:57Z
2026-07-08T18:58:29Z,2026-07-08T20:58:29+0200,e401fd36-f4a8-45e5-ad91-bdd87731a7ba,2026-06-27T13:45:00Z,2026-06-27T15:45:00+0200,95.474,MW,DE,DE_LU,actual_offshore_wind_generation,Wind Offshore,2026-07-08T18:59:57Z
2026-07-08T18:58:29Z,2026-07-08T20:58:29+0200,e401fd36-f4a8-45e5-ad91-bdd87731a7ba,2026-06-27T14:00:00Z,2026-06-27T16:00:00+0200,52.996,MW,DE,DE_LU,actual_offshore_wind_generation,Wind Offshore,2026-07-08T18:59:57Z
2026-07-08T18:58:29Z,2026-07-08T20:58:29+0200,e401fd36-f4a8-45e5-ad91-bdd87731a7ba,2026-06-27T14:15:00Z,2026-06-27T16:15:00+0200,50.801,MW,DE,DE_LU,actual_offshore_wind_generation,Wind Offshore,2026-07-08T18:59:57Z
2026-07-08T18:58:29Z,2026-07-08T20:58:29+0200,e401fd36-f4a8-45e5-ad91-bdd87731a7ba,2026-06-27T14:30:00Z,2026-06-27T16:30:00+0200,95.823,MW,DE,DE_LU,actual_offshore_wind_generation,Wind Offshore,2026-07-08T18:59:57Z
2026-07-08T18:58:29Z,2026-07-08T20:58:29+0200,e401fd36-f4a8-45e5-ad91-bdd87731a7ba,2026-06-27T14:45:00Z,2026-06-27T16:45:00+0200,261.239,MW,DE,DE_LU,actual_offshore_wind_generation,Wind Offshore,2026-07-08T18:59:57Z
2026-07-08T18:58:29Z,2026-07-08T20:58:29+0200,e401fd36-f4a8-45e5-ad91-bdd87731a7ba,2026-06-27T15:00:00Z,2026-06-27T17:00:00+0200,243.632,MW,DE,DE_LU,actual_offshore_wind_generation,Wind Offshore,2026-07-08T18:59:57Z
2026-07-08T18:58:29Z,2026-07-08T20:58:29+0200,e401fd36-f4a8-45e5-ad91-bdd87731a7ba,2026-06-27T15:15:00Z,2026-06-27T17:15:00+0200,127.874,MW,DE,DE_LU,actual_offshore_wind_generation,Wind Offshore,2026-07-08T18:59:57Z
2026-07-08T18:58:29Z,2026-07-08T20:58:29+0200,e401fd36-f4a8-45e5-ad91-bdd87731a7ba,2026-06-27T15:30:00Z,2026-06-27T17:30:00+0200,176.099,MW,DE,DE_LU,actual_offshore_wind_generation,Wind Offshore,2026-07-08T18:59:57Z
2026-07-08T18:58:29Z,2026-07-08T20:58:29+0200,e401fd36-f4a8-45e5-ad91-bdd87731a7ba,2026-06-27T15:45:00Z,2026-06-27T17:45:00+0200,532.447,MW,DE,DE_LU,actual_offshore_wind_generation,Wind Offshore,2026-07-08T18:59:57Z
2026-07-08T18:58:29Z,2026-07-08T20:58:29+0200,e401fd36-f4a8-45e5-ad91-bdd87731a7ba,2026-06-27T16:00:00Z,2026-06-27T18:00:00+0200,287.097,MW,DE,DE_LU,actual_offshore_wind_generation,Wind Offshore,2026-07-08T18:59:57Z
2026-07-08T18:58:29Z,2026-07-08T20:58:29+0200,e401fd36-f4a8-45e5-ad91-bdd87731a7ba,2026-06-27T16:15:00Z,2026-06-27T18:15:00+0200,202.953,MW,DE,DE_LU,actual_offshore_wind_generation,Wind Offshore,2026-07-08T18:59:57Z
2026-07-08T18:58:29Z,2026-07-08T20:58:29+0200,e401fd36-f4a8-45e5-ad91-bdd87731a7ba,2026-06-27T16:30:00Z,2026-06-27T18:30:00+0200,128.045,MW,DE,DE_LU,actual_offshore_wind_generation,Wind Offshore,2026-07-08T18:59:57Z
2026-07-08T18:58:29Z,2026-07-08T20:58:29+0200,e401fd36-f4a8-45e5-ad91-bdd87731a7ba,2026-06-27T16:45:00Z,2026-06-27T18:45:00+0200,141.343,MW,DE,DE_LU,actual_offshore_wind_generation,Wind Offshore,2026-07-08T18:59:57Z
2026-07-08T18:58:29Z,2026-07-08T20:58:29+0200,e401fd36-f4a8-45e5-ad91-bdd87731a7ba,2026-06-27T17:00:00Z,2026-06-27T19:00:00+0200,342.126,MW,DE,DE_LU,actual_offshore_wind_generation,Wind Offshore,2026-07-08T18:59:57Z
2026-07-08T18:58:29Z,2026-07-08T20:58:29+0200,e401fd36-f4a8-45e5-ad91-bdd87731a7ba,2026-06-27T17:15:00Z,2026-06-27T19:15:00+0200,256.819,MW,DE,DE_LU,actual_offshore_wind_generation,Wind Offshore,2026-07-08T18:59:57Z
2026-07-08T18:58:29Z,2026-07-08T20:58:29+0200,e401fd36-f4a8-45e5-ad91-bdd87731a7ba,2026-06-27T17:30:00Z,2026-06-27T19:30:00+0200,148.177,MW,DE,DE_LU,actual_offshore_wind_generation,Wind Offshore,2026-07-08T18:59:57Z
2026-07-08T18:58:29Z,2026-07-08T20:58:29+0200,e401fd36-f4a8-45e5-ad91-bdd87731a7ba,2026-06-27T17:45:00Z,2026-06-27T19:45:00+0200,62.361,MW,DE,DE_LU,actual_offshore_wind_generation,Wind Offshore,2026-07-08T18:59:57Z
2026-07-08T18:58:29Z,2026-07-08T20:58:29+0200,e401fd36-f4a8-45e5-ad91-bdd87731a7ba,2026-06-27T18:00:00Z,2026-06-27T20:00:00+0200,85.498,MW,DE,DE_LU,actual_offshore_wind_generation,Wind Offshore,2026-07-08T18:59:57Z
2026-07-08T18:58:29Z,2026-07-08T20:58:29+0200,e401fd36-f4a8-45e5-ad91-bdd87731a7ba,2026-06-27T18:15:00Z,2026-06-27T20:15:00+0200,52.106,MW,DE,DE_LU,actual_offshore_wind_generation,Wind Offshore,2026-07-08T18:59:57Z
2026-07-08T18:58:29Z,2026-07-08T20:58:29+0200,e401fd36-f4a8-45e5-ad91-bdd87731a7ba,2026-06-27T18:30:00Z,2026-06-27T20:30:00+0200,71.159,MW,DE,DE_LU,actual_offshore_wind_generation,Wind Offshore,2026-07-08T18:59:57Z
2026-07-08T18:58:29Z,2026-07-08T20:58:29+0200,e401fd36-f4a8-45e5-ad91-bdd87731a7ba,2026-06-27T18:45:00Z,2026-06-27T20:45:00+0200,190.979,MW,DE,DE_LU,actual_offshore_wind_generation,Wind Offshore,2026-07-08T18:59:57Z
2026-07-08T18:58:29Z,2026-07-08T20:58:29+0200,e401fd36-f4a8-45e5-ad91-bdd87731a7ba,2026-06-27T19:00:00Z,2026-06-27T21:00:00+0200,319.415,MW,DE,DE_LU,actual_offshore_wind_generation,Wind Offshore,2026-07-08T18:59:57Z
2026-07-08T18:58:29Z,2026-07-08T20:58:29+0200,e401fd36-f4a8-45e5-ad91-bdd87731a7ba,2026-06-27T19:15:00Z,2026-06-27T21:15:00+0200,196.517,MW,DE,DE_LU,actual_offshore_wind_generation,Wind Offshore,2026-07-08T18:59:57Z
2026-07-08T18:58:29Z,2026-07-08T20:58:29+0200,e401fd36-f4a8-45e5-ad91-bdd87731a7ba,2026-06-27T19:30:00Z,2026-06-27T21:30:00+0200,126.29,MW,DE,DE_LU,actual_offshore_wind_generation,Wind Offshore,2026-07-08T18:59:57Z
2026-07-08T18:58:29Z,2026-07-08T20:58:29+0200,e401fd36-f4a8-45e5-ad91-bdd87731a7ba,2026-06-27T19:45:00Z,2026-06-27T21:45:00+0200,442.666,MW,DE,DE_LU,actual_offshore_wind_generation,Wind Offshore,2026-07-08T18:59:57Z
2026-07-08T18:58:29Z,2026-07-08T20:58:29+0200,e401fd36-f4a8-45e5-ad91-bdd87731a7ba,2026-06-27T20:00:00Z,2026-06-27T22:00:00+0200,499.27,MW,DE,DE_LU,actual_offshore_wind_generation,Wind Offshore,2026-07-08T18:59:57Z
2026-07-08T18:58:29Z,2026-07-08T20:58:29+0200,e401fd36-f4a8-45e5-ad91-bdd87731a7ba,2026-06-27T20:15:00Z,2026-06-27T22:15:00+0200,295.049,MW,DE,DE_LU,actual_offshore_wind_generation,Wind Offshore,2026-07-08T18:59:57Z
2026-07-08T18:58:29Z,2026-07-08T20:58:29+0200,e401fd36-f4a8-45e5-ad91-bdd87731a7ba,2026-06-27T20:30:00Z,2026-06-27T22:30:00+0200,382.521,MW,DE,DE_LU,actual_offshore_wind_generation,Wind Offshore,2026-07-08T18:59:57Z
2026-07-08T18:58:29Z,2026-07-08T20:58:29+0200,e401fd36-f4a8-45e5-ad91-bdd87731a7ba,2026-06-27T20:45:00Z,2026-06-27T22:45:00+0200,308.432,MW,DE,DE_LU,actual_offshore_wind_generation,Wind Offshore,2026-07-08T18:59:57Z
2026-07-08T18:58:29Z,2026-07-08T20:58:29+0200,e401fd36-f4a8-45e5-ad91-bdd87731a7ba,2026-06-27T21:00:00Z,2026-06-27T23:00:00+0200,224.57,MW,DE,DE_LU,actual_offshore_wind_generation,Wind Offshore,2026-07-08T18:59:57Z
2026-07-08T18:58:29Z,2026-07-08T20:58:29+0200,e401fd36-f4a8-45e5-ad91-bdd87731a7ba,2026-06-27T21:15:00Z,2026-06-27T23:15:00+0200,273.698,MW,DE,DE_LU,actual_offshore_wind_generation,Wind Offshore,2026-07-08T18:59:57Z
2026-07-08T18:58:29Z,2026-07-08T20:58:29+0200,e401fd36-f4a8-45e5-ad91-bdd87731a7ba,2026-06-27T21:30:00Z,2026-06-27T23:30:00+0200,252.025,MW,DE,DE_LU,actual_offshore_wind_generation,Wind Offshore,2026-07-08T18:59:57Z
2026-07-08T18:58:29Z,2026-07-08T20:58:29+0200,e401fd36-f4a8-45e5-ad91-bdd87731a7ba,2026-06-27T21:45:00Z,2026-06-27T23:45:00+0200,289.721,MW,DE,DE_LU,actual_offshore_wind_generation,Wind Offshore,2026-07-08T18:59:57Z
2026-07-08T18:58:29Z,2026-07-08T20:58:29+0200,e401fd36-f4a8-45e5-ad91-bdd87731a7ba,2026-06-27T22:00:00Z,2026-06-28T00:00:00+0200,297.337,MW,DE,DE_LU,actual_offshore_wind_generation,Wind Offshore,2026-07-08T18:59:57Z
2026-07-08T18:58:29Z,2026-07-08T20:58:29+0200,e401fd36-f4a8-45e5-ad91-bdd87731a7ba,2026-06-27T22:15:00Z,2026-06-28T00:15:00+0200,282.154,MW,DE,DE_LU,actual_offshore_wind_generation,Wind Offshore,2026-07-08T18:59:57Z
2026-07-08T18:58:29Z,2026-07-08T20:58:29+0200,e401fd36-f4a8-45e5-ad91-bdd87731a7ba,2026-06-27T22:30:00Z,2026-06-28T00:30:00+0200,383.216,MW,DE,DE_LU,actual_offshore_wind_generation,Wind Offshore,2026-07-08T18:59:57Z
2026-07-08T18:58:29Z,2026-07-08T20:58:29+0200,e401fd36-f4a8-45e5-ad91-bdd87731a7ba,2026-06-27T22:45:00Z,2026-06-28T00:45:00+0200,719.678,MW,DE,DE_LU,actual_offshore_wind_generation,Wind Offshore,2026-07-08T18:59:57Z
2026-07-08T18:58:29Z,2026-07-08T20:58:29+0200,e401fd36-f4a8-45e5-ad91-bdd87731a7ba,2026-06-27T23:00:00Z,2026-06-28T01:00:00+0200,716.934,MW,DE,DE_LU,actual_offshore_wind_generation,Wind Offshore,2026-07-08T18:59:57Z
2026-07-08T18:58:29Z,2026-07-08T20:58:29+0200,e401fd36-f4a8-45e5-ad91-bdd87731a7ba,2026-06-27T23:15:00Z,2026-06-28T01:15:00+0200,631.461,MW,DE,DE_LU,actual_offshore_wind_generation,Wind Offshore,2026-07-08T18:59:57Z
2026-07-08T18:58:29Z,2026-07-08T20:58:29+0200,e401fd36-f4a8-45e5-ad91-bdd87731a7ba,2026-06-27T23:30:00Z,2026-06-28T01:30:00+0200,1075.701,MW,DE,DE_LU,actual_offshore_wind_generation,Wind Offshore,2026-07-08T18:59:57Z
2026-07-08T18:58:29Z,2026-07-08T20:58:29+0200,e401fd36-f4a8-45e5-ad91-bdd87731a7ba,2026-06-27T23:45:00Z,2026-06-28T01:45:00+0200,1419.632,MW,DE,DE_LU,actual_offshore_wind_generation,Wind Offshore,2026-07-08T18:59:57Z
2026-07-08T18:58:29Z,2026-07-08T20:58:29+0200,e401fd36-f4a8-45e5-ad91-bdd87731a7ba,2026-06-28T00:00:00Z,2026-06-28T02:00:00+0200,2002.362,MW,DE,DE_LU,actual_offshore_wind_generation,Wind Offshore,2026-07-08T18:59:57Z
2026-07-08T18:58:29Z,2026-07-08T20:58:29+0200,e401fd36-f4a8-45e5-ad91-bdd87731a7ba,2026-06-28T00:15:00Z,2026-06-28T02:15:00+0200,2423.029,MW,DE,DE_LU,actual_offshore_wind_generation,Wind Offshore,2026-07-08T18:59:57Z
2026-07-08T18:58:29Z,2026-07-08T20:58:29+0200,e401fd36-f4a8-45e5-ad91-bdd87731a7ba,2026-06-28T00:30:00Z,2026-06-28T02:30:00+0200,2746.993,MW,DE,DE_LU,actual_offshore_wind_generation,Wind Offshore,2026-07-08T18:59:57Z
2026-07-08T18:58:29Z,2026-07-08T20:58:29+0200,e401fd36-f4a8-45e5-ad91-bdd87731a7ba,2026-06-28T00:45:00Z,2026-06-28T02:45:00+0200,2686.901,MW,DE,DE_LU,actual_offshore_wind_generation,Wind Offshore,2026-07-08T18:59:57Z
2026-07-08T18:58:29Z,2026-07-08T20:58:29+0200,e401fd36-f4a8-45e5-ad91-bdd87731a7ba,2026-06-28T01:00:00Z,2026-06-28T03:00:00+0200,2195.858,MW,DE,DE_LU,actual_offshore_wind_generation,Wind Offshore,2026-07-08T18:59:57Z
2026-07-08T18:58:29Z,2026-07-08T20:58:29+0200,e401fd36-f4a8-45e5-ad91-bdd87731a7ba,2026-06-28T01:15:00Z,2026-06-28T03:15:00+0200,2358.713,MW,DE,DE_LU,actual_offshore_wind_generation,Wind Offshore,2026-07-08T18:59:57Z
2026-07-08T18:58:29Z,2026-07-08T20:58:29+0200,e401fd36-f4a8-45e5-ad91-bdd87731a7ba,2026-06-28T01:30:00Z,2026-06-28T03:30:00+0200,2534.64,MW,DE,DE_LU,actual_offshore_wind_generation,Wind Offshore,2026-07-08T18:59:57Z
2026-07-08T18:58:29Z,2026-07-08T20:58:29+0200,e401fd36-f4a8-45e5-ad91-bdd87731a7ba,2026-06-28T01:45:00Z,2026-06-28T03:45:00+0200,2517.078,MW,DE,DE_LU,actual_offshore_wind_generation,Wind Offshore,2026-07-08T18:59:57Z
2026-07-08T18:58:29Z,2026-07-08T20:58:29+0200,e401fd36-f4a8-45e5-ad91-bdd87731a7ba,2026-06-28T02:00:00Z,2026-06-28T04:00:00+0200,1829.057,MW,DE,DE_LU,actual_offshore_wind_generation,Wind Offshore,2026-07-08T18:59:57Z
2026-07-08T18:58:29Z,2026-07-08T20:58:29+0200,e401fd36-f4a8-45e5-ad91-bdd87731a7ba,2026-06-28T02:15:00Z,2026-06-28T04:15:00+0200,2502.669,MW,DE,DE_LU,actual_offshore_wind_generation,Wind Offshore,2026-07-08T18:59:57Z
2026-07-08T18:58:29Z,2026-07-08T20:58:29+0200,e401fd36-f4a8-45e5-ad91-bdd87731a7ba,2026-06-28T02:30:00Z,2026-06-28T04:30:00+0200,2833.019,MW,DE,DE_LU,actual_offshore_wind_generation,Wind Offshore,2026-07-08T18:59:57Z
2026-07-08T18:58:29Z,2026-07-08T20:58:29+0200,e401fd36-f4a8-45e5-ad91-bdd87731a7ba,2026-06-28T02:45:00Z,2026-06-28T04:45:00+0200,2445.571,MW,DE,DE_LU,actual_offshore_wind_generation,Wind Offshore,2026-07-08T18:59:57Z
2026-07-08T18:58:29Z,2026-07-08T20:58:29+0200,e401fd36-f4a8-45e5-ad91-bdd87731a7ba,2026-06-28T03:00:00Z,2026-06-28T05:00:00+0200,2847.194,MW,DE,DE_LU,actual_offshore_wind_generation,Wind Offshore,2026-07-08T18:59:57Z
2026-07-08T18:58:29Z,2026-07-08T20:58:29+0200,e401fd36-f4a8-45e5-ad91-bdd87731a7ba,2026-06-28T03:15:00Z,2026-06-28T05:15:00+0200,3890.847,MW,DE,DE_LU,actual_offshore_wind_generation,Wind Offshore,2026-07-08T18:59:57Z
2026-07-08T18:58:29Z,2026-07-08T20:58:29+0200,e401fd36-f4a8-45e5-ad91-bdd87731a7ba,2026-06-28T03:30:00Z,2026-06-28T05:30:00+0200,4718.357,MW,DE,DE_LU,actual_offshore_wind_generation,Wind Offshore,2026-07-08T18:59:57Z
2026-07-08T18:58:29Z,2026-07-08T20:58:29+0200,e401fd36-f4a8-45e5-ad91-bdd87731a7ba,2026-06-28T03:45:00Z,2026-06-28T05:45:00+0200,3531.496,MW,DE,DE_LU,actual_offshore_wind_generation,Wind Offshore,2026-07-08T18:59:57Z
2026-07-08T18:58:29Z,2026-07-08T20:58:29+0200,e401fd36-f4a8-45e5-ad91-bdd87731a7ba,2026-06-28T04:00:00Z,2026-06-28T06:00:00+0200,3422.685,MW,DE,DE_LU,actual_offshore_wind_generation,Wind Offshore,2026-07-08T18:59:57Z
2026-07-08T18:58:29Z,2026-07-08T20:58:29+0200,e401fd36-f4a8-45e5-ad91-bdd87731a7ba,2026-06-28T04:15:00Z,2026-06-28T06:15:00+0200,2999.302,MW,DE,DE_LU,actual_offshore_wind_generation,Wind Offshore,2026-07-08T18:59:57Z
2026-07-08T18:58:29Z,2026-07-08T20:58:29+0200,e401fd36-f4a8-45e5-ad91-bdd87731a7ba,2026-06-28T04:30:00Z,2026-06-28T06:30:00+0200,3261.967,MW,DE,DE_LU,actual_offshore_wind_generation,Wind Offshore,2026-07-08T18:59:57Z
2026-07-08T18:58:29Z,2026-07-08T20:58:29+0200,e401fd36-f4a8-45e5-ad91-bdd87731a7ba,2026-06-28T04:45:00Z,2026-06-28T06:45:00+0200,3462.924,MW,DE,DE_LU,actual_offshore_wind_generation,Wind Offshore,2026-07-08T18:59:57Z
2026-07-08T18:58:29Z,2026-07-08T20:58:29+0200,e401fd36-f4a8-45e5-ad91-bdd87731a7ba,2026-06-28T05:00:00Z,2026-06-28T07:00:00+0200,3630.772,MW,DE,DE_LU,actual_offshore_wind_generation,Wind Offshore,2026-07-08T18:59:57Z
2026-07-08T18:58:29Z,2026-07-08T20:58:29+0200,e401fd36-f4a8-45e5-ad91-bdd87731a7ba,2026-06-28T05:15:00Z,2026-06-28T07:15:00+0200,3810.82,MW,DE,DE_LU,actual_offshore_wind_generation,Wind Offshore,2026-07-08T18:59:57Z
2026-07-08T18:58:29Z,2026-07-08T20:58:29+0200,e401fd36-f4a8-45e5-ad91-bdd87731a7ba,2026-06-28T05:30:00Z,2026-06-28T07:30:00+0200,3978.55,MW,DE,DE_LU,actual_offshore_wind_generation,Wind Offshore,2026-07-08T18:59:57Z
2026-07-08T18:58:29Z,2026-07-08T20:58:29+0200,e401fd36-f4a8-45e5-ad91-bdd87731a7ba,2026-06-28T05:45:00Z,2026-06-28T07:45:00+0200,3987.411,MW,DE,DE_LU,actual_offshore_wind_generation,Wind Offshore,2026-07-08T18:59:57Z
2026-07-08T18:58:29Z,2026-07-08T20:58:29+0200,e401fd36-f4a8-45e5-ad91-bdd87731a7ba,2026-06-28T06:00:00Z,2026-06-28T08:00:00+0200,4065.936,MW,DE,DE_LU,actual_offshore_wind_generation,Wind Offshore,2026-07-08T18:59:57Z
2026-07-08T18:58:29Z,2026-07-08T20:58:29+0200,e401fd36-f4a8-45e5-ad91-bdd87731a7ba,2026-06-28T06:15:00Z,2026-06-28T08:15:00+0200,3833.518,MW,DE,DE_LU,actual_offshore_wind_generation,Wind Offshore,2026-07-08T18:59:57Z
2026-07-08T18:58:29Z,2026-07-08T20:58:29+0200,e401fd36-f4a8-45e5-ad91-bdd87731a7ba,2026-06-28T06:30:00Z,2026-06-28T08:30:00+0200,3317.422,MW,DE,DE_LU,actual_offshore_wind_generation,Wind Offshore,2026-07-08T18:59:57Z
2026-07-08T18:58:29Z,2026-07-08T20:58:29+0200,e401fd36-f4a8-45e5-ad91-bdd87731a7ba,2026-06-28T06:45:00Z,2026-06-28T08:45:00+0200,3379.31,MW,DE,DE_LU,actual_offshore_wind_generation,Wind Offshore,2026-07-08T18:59:57Z
2026-07-08T18:58:29Z,2026-07-08T20:58:29+0200,e401fd36-f4a8-45e5-ad91-bdd87731a7ba,2026-06-28T07:00:00Z,2026-06-28T09:00:00+0200,3459.748,MW,DE,DE_LU,actual_offshore_wind_generation,Wind Offshore,2026-07-08T18:59:57Z
2026-07-08T18:58:29Z,2026-07-08T20:58:29+0200,e401fd36-f4a8-45e5-ad91-bdd87731a7ba,2026-06-28T07:15:00Z,2026-06-28T09:15:00+0200,3321.885,MW,DE,DE_LU,actual_offshore_wind_generation,Wind Offshore,2026-07-08T18:59:57Z
2026-07-08T18:58:29Z,2026-07-08T20:58:29+0200,e401fd36-f4a8-45e5-ad91-bdd87731a7ba,2026-06-28T07:30:00Z,2026-06-28T09:30:00+0200,3725.856,MW,DE,DE_LU,actual_offshore_wind_generation,Wind Offshore,2026-07-08T18:59:57Z
2026-07-08T18:58:29Z,2026-07-08T20:58:29+0200,e401fd36-f4a8-45e5-ad91-bdd87731a7ba,2026-06-28T07:45:00Z,2026-06-28T09:45:00+0200,3642.113,MW,DE,DE_LU,actual_offshore_wind_generation,Wind Offshore,2026-07-08T18:59:57Z
2026-07-08T18:58:29Z,2026-07-08T20:58:29+0200,e401fd36-f4a8-45e5-ad91-bdd87731a7ba,2026-06-28T08:00:00Z,2026-06-28T10:00:00+0200,3357.039,MW,DE,DE_LU,actual_offshore_wind_generation,Wind Offshore,2026-07-08T18:59:57Z
2026-07-08T18:58:29Z,2026-07-08T20:58:29+0200,e401fd36-f4a8-45e5-ad91-bdd87731a7ba,2026-06-28T08:15:00Z,2026-06-28T10:15:00+0200,3284.818,MW,DE,DE_LU,actual_offshore_wind_generation,Wind Offshore,2026-07-08T18:59:57Z
2026-07-08T18:58:29Z,2026-07-08T20:58:29+0200,e401fd36-f4a8-45e5-ad91-bdd87731a7ba,2026-06-28T08:30:00Z,2026-06-28T10:30:00+0200,3566.209,MW,DE,DE_LU,actual_offshore_wind_generation,Wind Offshore,2026-07-08T18:59:57Z
2026-07-08T18:58:29Z,2026-07-08T20:58:29+0200,e401fd36-f4a8-45e5-ad91-bdd87731a7ba,2026-06-28T08:45:00Z,2026-06-28T10:45:00+0200,3411.155,MW,DE,DE_LU,actual_offshore_wind_generation,Wind Offshore,2026-07-08T18:59:57Z
2026-07-08T18:58:29Z,2026-07-08T20:58:29+0200,e401fd36-f4a8-45e5-ad91-bdd87731a7ba,2026-06-28T09:00:00Z,2026-06-28T11:00:00+0200,3423.829,MW,DE,DE_LU,actual_offshore_wind_generation,Wind Offshore,2026-07-08T18:59:57Z
2026-07-08T18:58:29Z,2026-07-08T20:58:29+0200,e401fd36-f4a8-45e5-ad91-bdd87731a7ba,2026-06-28T09:15:00Z,2026-06-28T11:15:00+0200,3398.639,MW,DE,DE_LU,actual_offshore_wind_generation,Wind Offshore,2026-07-08T18:59:57Z
2026-07-08T18:58:29Z,2026-07-08T20:58:29+0200,e401fd36-f4a8-45e5-ad91-bdd87731a7ba,2026-06-28T09:30:00Z,2026-06-28T11:30:00+0200,3493.325,MW,DE,DE_LU,actual_offshore_wind_generation,Wind Offshore,2026-07-08T18:59:57Z
2026-07-08T18:58:29Z,2026-07-08T20:58:29+0200,e401fd36-f4a8-45e5-ad91-bdd87731a7ba,2026-06-28T09:45:00Z,2026-06-28T11:45:00+0200,3386.826,MW,DE,DE_LU,actual_offshore_wind_generation,Wind Offshore,2026-07-08T18:59:57Z
2026-07-08T18:58:29Z,2026-07-08T20:58:29+0200,e401fd36-f4a8-45e5-ad91-bdd87731a7ba,2026-06-28T10:00:00Z,2026-06-28T12:00:00+0200,3411.299,MW,DE,DE_LU,actual_offshore_wind_generation,Wind Offshore,2026-07-08T18:59:57Z
2026-07-08T18:58:29Z,2026-07-08T20:58:29+0200,e401fd36-f4a8-45e5-ad91-bdd87731a7ba,2026-06-28T10:15:00Z,2026-06-28T12:15:00+0200,3441.654,MW,DE,DE_LU,actual_offshore_wind_generation,Wind Offshore,2026-07-08T18:59:57Z
2026-07-08T18:58:29Z,2026-07-08T20:58:29+0200,e401fd36-f4a8-45e5-ad91-bdd87731a7ba,2026-06-28T10:30:00Z,2026-06-28T12:30:00+0200,3208.877,MW,DE,DE_LU,actual_offshore_wind_generation,Wind Offshore,2026-07-08T18:59:57Z
2026-07-08T18:58:29Z,2026-07-08T20:58:29+0200,e401fd36-f4a8-45e5-ad91-bdd87731a7ba,2026-06-28T10:45:00Z,2026-06-28T12:45:00+0200,2981.465,MW,DE,DE_LU,actual_offshore_wind_generation,Wind Offshore,2026-07-08T18:59:57Z
2026-07-08T18:58:29Z,2026-07-08T20:58:29+0200,e401fd36-f4a8-45e5-ad91-bdd87731a7ba,2026-06-28T11:00:00Z,2026-06-28T13:00:00+0200,2639.017,MW,DE,DE_LU,actual_offshore_wind_generation,Wind Offshore,2026-07-08T18:59:57Z
2026-07-08T18:58:29Z,2026-07-08T20:58:29+0200,e401fd36-f4a8-45e5-ad91-bdd87731a7ba,2026-06-28T11:15:00Z,2026-06-28T13:15:00+0200,2442.95,MW,DE,DE_LU,actual_offshore_wind_generation,Wind Offshore,2026-07-08T18:59:57Z
2026-07-08T18:58:29Z,2026-07-08T20:58:29+0200,e401fd36-f4a8-45e5-ad91-bdd87731a7ba,2026-06-28T11:30:00Z,2026-06-28T13:30:00+0200,2231.555,MW,DE,DE_LU,actual_offshore_wind_generation,Wind Offshore,2026-07-08T18:59:57Z
2026-07-08T18:58:29Z,2026-07-08T20:58:29+0200,e401fd36-f4a8-45e5-ad91-bdd87731a7ba,2026-06-28T11:45:00Z,2026-06-28T13:45:00+0200,2262.286,MW,DE,DE_LU,actual_offshore_wind_generation,Wind Offshore,2026-07-08T18:59:57Z
2026-07-08T18:58:29Z,2026-07-08T20:58:29+0200,e401fd36-f4a8-45e5-ad91-bdd87731a7ba,2026-06-28T12:00:00Z,2026-06-28T14:00:00+0200,2104.313,MW,DE,DE_LU,actual_offshore_wind_generation,Wind Offshore,2026-07-08T18:59:57Z
2026-07-08T18:58:29Z,2026-07-08T20:58:29+0200,e401fd36-f4a8-45e5-ad91-bdd87731a7ba,2026-06-28T12:15:00Z,2026-06-28T14:15:00+0200,1972.199,MW,DE,DE_LU,actual_offshore_wind_generation,Wind Offshore,2026-07-08T18:59:57Z
2026-07-08T18:58:29Z,2026-07-08T20:58:29+0200,e401fd36-f4a8-45e5-ad91-bdd87731a7ba,2026-06-28T12:30:00Z,2026-06-28T14:30:00+0200,1743.48,MW,DE,DE_LU,actual_offshore_wind_generation,Wind Offshore,2026-07-08T18:59:57Z
2026-07-08T18:58:29Z,2026-07-08T20:58:29+0200,e401fd36-f4a8-45e5-ad91-bdd87731a7ba,2026-06-28T12:45:00Z,2026-06-28T14:45:00+0200,1546.896,MW,DE,DE_LU,actual_offshore_wind_generation,Wind Offshore,2026-07-08T18:59:57Z
2026-07-08T18:58:29Z,2026-07-08T20:58:29+0200,e401fd36-f4a8-45e5-ad91-bdd87731a7ba,2026-06-28T13:00:00Z,2026-06-28T15:00:00+0200,1503.802,MW,DE,DE_LU,actual_offshore_wind_generation,Wind Offshore,2026-07-08T18:59:57Z
2026-07-08T18:58:29Z,2026-07-08T20:58:29+0200,e401fd36-f4a8-45e5-ad91-bdd87731a7ba,2026-06-28T13:15:00Z,2026-06-28T15:15:00+0200,1447.871,MW,DE,DE_LU,actual_offshore_wind_generation,Wind Offshore,2026-07-08T18:59:57Z
2026-07-08T18:58:29Z,2026-07-08T20:58:29+0200,e401fd36-f4a8-45e5-ad91-bdd87731a7ba,2026-06-28T13:30:00Z,2026-06-28T15:30:00+0200,1393.925,MW,DE,DE_LU,actual_offshore_wind_generation,Wind Offshore,2026-07-08T18:59:57Z
2026-07-08T18:58:29Z,2026-07-08T20:58:29+0200,e401fd36-f4a8-45e5-ad91-bdd87731a7ba,2026-06-28T13:45:00Z,2026-06-28T15:45:00+0200,1535.575,MW,DE,DE_LU,actual_offshore_wind_generation,Wind Offshore,2026-07-08T18:59:57Z
2026-07-08T18:58:29Z,2026-07-08T20:58:29+0200,e401fd36-f4a8-45e5-ad91-bdd87731a7ba,2026-06-28T14:00:00Z,2026-06-28T16:00:00+0200,1799.305,MW,DE,DE_LU,actual_offshore_wind_generation,Wind Offshore,2026-07-08T18:59:57Z
2026-07-08T18:58:29Z,2026-07-08T20:58:29+0200,e401fd36-f4a8-45e5-ad91-bdd87731a7ba,2026-06-28T14:15:00Z,2026-06-28T16:15:00+0200,2099.3,MW,DE,DE_LU,actual_offshore_wind_generation,Wind Offshore,2026-07-08T18:59:57Z
2026-07-08T18:58:29Z,2026-07-08T20:58:29+0200,e401fd36-f4a8-45e5-ad91-bdd87731a7ba,2026-06-28T14:30:00Z,2026-06-28T16:30:00+0200,2112.398,MW,DE,DE_LU,actual_offshore_wind_generation,Wind Offshore,2026-07-08T18:59:57Z
2026-07-08T18:58:29Z,2026-07-08T20:58:29+0200,e401fd36-f4a8-45e5-ad91-bdd87731a7ba,2026-06-28T14:45:00Z,2026-06-28T16:45:00+0200,2216.258,MW,DE,DE_LU,actual_offshore_wind_generation,Wind Offshore,2026-07-08T18:59:57Z
2026-07-08T18:58:29Z,2026-07-08T20:58:29+0200,e401fd36-f4a8-45e5-ad91-bdd87731a7ba,2026-06-28T15:00:00Z,2026-06-28T17:00:00+0200,2327.263,MW,DE,DE_LU,actual_offshore_wind_generation,Wind Offshore,2026-07-08T18:59:57Z
2026-07-08T18:58:29Z,2026-07-08T20:58:29+0200,e401fd36-f4a8-45e5-ad91-bdd87731a7ba,2026-06-28T15:15:00Z,2026-06-28T17:15:00+0200,2600.024,MW,DE,DE_LU,actual_offshore_wind_generation,Wind Offshore,2026-07-08T18:59:57Z
2026-07-08T18:58:29Z,2026-07-08T20:58:29+0200,e401fd36-f4a8-45e5-ad91-bdd87731a7ba,2026-06-28T15:30:00Z,2026-06-28T17:30:00+0200,2648.998,MW,DE,DE_LU,actual_offshore_wind_generation,Wind Offshore,2026-07-08T18:59:57Z
2026-07-08T18:58:29Z,2026-07-08T20:58:29+0200,e401fd36-f4a8-45e5-ad91-bdd87731a7ba,2026-06-28T15:45:00Z,2026-06-28T17:45:00+0200,2394.093,MW,DE,DE_LU,actual_offshore_wind_generation,Wind Offshore,2026-07-08T18:59:57Z
2026-07-08T18:58:29Z,2026-07-08T20:58:29+0200,e401fd36-f4a8-45e5-ad91-bdd87731a7ba,2026-06-28T16:00:00Z,2026-06-28T18:00:00+0200,2327.438,MW,DE,DE_LU,actual_offshore_wind_generation,Wind Offshore,2026-07-08T18:59:57Z
2026-07-08T18:58:29Z,2026-07-08T20:58:29+0200,e401fd36-f4a8-45e5-ad91-bdd87731a7ba,2026-06-28T16:15:00Z,2026-06-28T18:15:00+0200,2463.763,MW,DE,DE_LU,actual_offshore_wind_generation,Wind Offshore,2026-07-08T18:59:57Z
2026-07-08T18:58:29Z,2026-07-08T20:58:29+0200,e401fd36-f4a8-45e5-ad91-bdd87731a7ba,2026-06-28T16:30:00Z,2026-06-28T18:30:00+0200,2497.238,MW,DE,DE_LU,actual_offshore_wind_generation,Wind Offshore,2026-07-08T18:59:57Z
2026-07-08T18:58:29Z,2026-07-08T20:58:29+0200,e401fd36-f4a8-45e5-ad91-bdd87731a7ba,2026-06-28T16:45:00Z,2026-06-28T18:45:00+0200,2379.913,MW,DE,DE_LU,actual_offshore_wind_generation,Wind Offshore,2026-07-08T18:59:57Z
2026-07-08T18:58:29Z,2026-07-08T20:58:29+0200,e401fd36-f4a8-45e5-ad91-bdd87731a7ba,2026-06-28T17:00:00Z,2026-06-28T19:00:00+0200,2297.059,MW,DE,DE_LU,actual_offshore_wind_generation,Wind Offshore,2026-07-08T18:59:57Z
2026-07-08T18:58:29Z,2026-07-08T20:58:29+0200,e401fd36-f4a8-45e5-ad91-bdd87731a7ba,2026-06-28T17:15:00Z,2026-06-28T19:15:00+0200,2243.917,MW,DE,DE_LU,actual_offshore_wind_generation,Wind Offshore,2026-07-08T18:59:57Z
2026-07-08T18:58:29Z,2026-07-08T20:58:29+0200,e401fd36-f4a8-45e5-ad91-bdd87731a7ba,2026-06-28T17:30:00Z,2026-06-28T19:30:00+0200,2039.359,MW,DE,DE_LU,actual_offshore_wind_generation,Wind Offshore,2026-07-08T18:59:57Z
2026-07-08T18:58:29Z,2026-07-08T20:58:29+0200,e401fd36-f4a8-45e5-ad91-bdd87731a7ba,2026-06-28T17:45:00Z,2026-06-28T19:45:00+0200,1756.298,MW,DE,DE_LU,actual_offshore_wind_generation,Wind Offshore,2026-07-08T18:59:57Z
2026-07-08T18:58:29Z,2026-07-08T20:58:29+0200,e401fd36-f4a8-45e5-ad91-bdd87731a7ba,2026-06-28T18:00:00Z,2026-06-28T20:00:00+0200,1520.356,MW,DE,DE_LU,actual_offshore_wind_generation,Wind Offshore,2026-07-08T18:59:57Z
2026-07-08T18:58:29Z,2026-07-08T20:58:29+0200,e401fd36-f4a8-45e5-ad91-bdd87731a7ba,2026-06-28T18:15:00Z,2026-06-28T20:15:00+0200,1447.683,MW,DE,DE_LU,actual_offshore_wind_generation,Wind Offshore,2026-07-08T18:59:57Z
2026-07-08T18:58:29Z,2026-07-08T20:58:29+0200,e401fd36-f4a8-45e5-ad91-bdd87731a7ba,2026-06-28T18:30:00Z,2026-06-28T20:30:00+0200,1442.128,MW,DE,DE_LU,actual_offshore_wind_generation,Wind Offshore,2026-07-08T18:59:57Z
2026-07-08T18:58:29Z,2026-07-08T20:58:29+0200,e401fd36-f4a8-45e5-ad91-bdd87731a7ba,2026-06-28T18:45:00Z,2026-06-28T20:45:00+0200,1386.095,MW,DE,DE_LU,actual_offshore_wind_generation,Wind Offshore,2026-07-08T18:59:57Z
2026-07-08T18:58:29Z,2026-07-08T20:58:29+0200,e401fd36-f4a8-45e5-ad91-bdd87731a7ba,2026-06-28T19:00:00Z,2026-06-28T21:00:00+0200,1313.209,MW,DE,DE_LU,actual_offshore_wind_generation,Wind Offshore,2026-07-08T18:59:57Z
2026-07-08T18:58:29Z,2026-07-08T20:58:29+0200,e401fd36-f4a8-45e5-ad91-bdd87731a7ba,2026-06-28T19:15:00Z,2026-06-28T21:15:00+0200,1293.908,MW,DE,DE_LU,actual_offshore_wind_generation,Wind Offshore,2026-07-08T18:59:57Z
2026-07-08T18:58:29Z,2026-07-08T20:58:29+0200,e401fd36-f4a8-45e5-ad91-bdd87731a7ba,2026-06-28T19:30:00Z,2026-06-28T21:30:00+0200,1320.21,MW,DE,DE_LU,actual_offshore_wind_generation,Wind Offshore,2026-07-08T18:59:57Z
2026-07-08T18:58:29Z,2026-07-08T20:58:29+0200,e401fd36-f4a8-45e5-ad91-bdd87731a7ba,2026-06-28T19:45:00Z,2026-06-28T21:45:00+0200,1461.243,MW,DE,DE_LU,actual_offshore_wind_generation,Wind Offshore,2026-07-08T18:59:57Z
2026-07-08T18:58:29Z,2026-07-08T20:58:29+0200,e401fd36-f4a8-45e5-ad91-bdd87731a7ba,2026-06-28T20:00:00Z,2026-06-28T22:00:00+0200,1529.934,MW,DE,DE_LU,actual_offshore_wind_generation,Wind Offshore,2026-07-08T18:59:57Z
2026-07-08T18:58:29Z,2026-07-08T20:58:29+0200,e401fd36-f4a8-45e5-ad91-bdd87731a7ba,2026-06-28T20:15:00Z,2026-06-28T22:15:00+0200,1613.418,MW,DE,DE_LU,actual_offshore_wind_generation,Wind Offshore,2026-07-08T18:59:57Z
2026-07-08T18:58:29Z,2026-07-08T20:58:29+0200,e401fd36-f4a8-45e5-ad91-bdd87731a7ba,2026-06-28T20:30:00Z,2026-06-28T22:30:00+0200,1645.147,MW,DE,DE_LU,actual_offshore_wind_generation,Wind Offshore,2026-07-08T18:59:57Z
2026-07-08T18:58:29Z,2026-07-08T20:58:29+0200,e401fd36-f4a8-45e5-ad91-bdd87731a7ba,2026-06-28T20:45:00Z,2026-06-28T22:45:00+0200,1699.194,MW,DE,DE_LU,actual_offshore_wind_generation,Wind Offshore,2026-07-08T18:59:57Z
2026-07-08T18:58:29Z,2026-07-08T20:58:29+0200,e401fd36-f4a8-45e5-ad91-bdd87731a7ba,2026-06-28T21:00:00Z,2026-06-28T23:00:00+0200,1643.709,MW,DE,DE_LU,actual_offshore_wind_generation,Wind Offshore,2026-07-08T18:59:57Z
2026-07-08T18:58:29Z,2026-07-08T20:58:29+0200,e401fd36-f4a8-45e5-ad91-bdd87731a7ba,2026-06-28T21:15:00Z,2026-06-28T23:15:00+0200,1545.045,MW,DE,DE_LU,actual_offshore_wind_generation,Wind Offshore,2026-07-08T18:59:57Z
2026-07-08T18:58:29Z,2026-07-08T20:58:29+0200,e401fd36-f4a8-45e5-ad91-bdd87731a7ba,2026-06-28T21:30:00Z,2026-06-28T23:30:00+0200,1554.604,MW,DE,DE_LU,actual_offshore_wind_generation,Wind Offshore,2026-07-08T18:59:57Z
2026-07-08T18:58:29Z,2026-07-08T20:58:29+0200,e401fd36-f4a8-45e5-ad91-bdd87731a7ba,2026-06-28T21:45:00Z,2026-06-28T23:45:00+0200,1564.059,MW,DE,DE_LU,actual_offshore_wind_generation,Wind Offshore,2026-07-08T18:59:57Z
2026-07-08T18:58:29Z,2026-07-08T20:58:29+0200,e401fd36-f4a8-45e5-ad91-bdd87731a7ba,2026-06-28T22:00:00Z,2026-06-29T00:00:00+0200,1623.464,MW,DE,DE_LU,actual_offshore_wind_generation,Wind Offshore,2026-07-08T18:59:57Z
2026-07-08T18:58:29Z,2026-07-08T20:58:29+0200,e401fd36-f4a8-45e5-ad91-bdd87731a7ba,2026-06-28T22:15:00Z,2026-06-29T00:15:00+0200,1725.205,MW,DE,DE_LU,actual_offshore_wind_generation,Wind Offshore,2026-07-08T18:59:57Z
2026-07-08T18:58:29Z,2026-07-08T20:58:29+0200,e401fd36-f4a8-45e5-ad91-bdd87731a7ba,2026-06-28T22:30:00Z,2026-06-29T00:30:00+0200,1723.346,MW,DE,DE_LU,actual_offshore_wind_generation,Wind Offshore,2026-07-08T18:59:57Z
2026-07-08T18:58:29Z,2026-07-08T20:58:29+0200,e401fd36-f4a8-45e5-ad91-bdd87731a7ba,2026-06-28T22:45:00Z,2026-06-29T00:45:00+0200,1563.363,MW,DE,DE_LU,actual_offshore_wind_generation,Wind Offshore,2026-07-08T18:59:57Z
2026-07-08T18:58:29Z,2026-07-08T20:58:29+0200,e401fd36-f4a8-45e5-ad91-bdd87731a7ba,2026-06-28T23:00:00Z,2026-06-29T01:00:00+0200,1287.562,MW,DE,DE_LU,actual_offshore_wind_generation,Wind Offshore,2026-07-08T18:59:57Z
2026-07-08T18:58:29Z,2026-07-08T20:58:29+0200,e401fd36-f4a8-45e5-ad91-bdd87731a7ba,2026-06-28T23:15:00Z,2026-06-29T01:15:00+0200,1054.658,MW,DE,DE_LU,actual_offshore_wind_generation,Wind Offshore,2026-07-08T18:59:57Z
2026-07-08T18:58:29Z,2026-07-08T20:58:29+0200,e401fd36-f4a8-45e5-ad91-bdd87731a7ba,2026-06-28T23:30:00Z,2026-06-29T01:30:00+0200,810.648,MW,DE,DE_LU,actual_offshore_wind_generation,Wind Offshore,2026-07-08T18:59:57Z
2026-07-08T18:58:29Z,2026-07-08T20:58:29+0200,e401fd36-f4a8-45e5-ad91-bdd87731a7ba,2026-06-28T23:45:00Z,2026-06-29T01:45:00+0200,711.427,MW,DE,DE_LU,actual_offshore_wind_generation,Wind Offshore,2026-07-08T18:59:57Z
2026-07-08T18:58:29Z,2026-07-08T20:58:29+0200,e401fd36-f4a8-45e5-ad91-bdd87731a7ba,2026-06-29T00:00:00Z,2026-06-29T02:00:00+0200,725.972,MW,DE,DE_LU,actual_offshore_wind_generation,Wind Offshore,2026-07-08T18:59:57Z
2026-07-08T18:58:29Z,2026-07-08T20:58:29+0200,e401fd36-f4a8-45e5-ad91-bdd87731a7ba,2026-06-29T00:15:00Z,2026-06-29T02:15:00+0200,697.502,MW,DE,DE_LU,actual_offshore_wind_generation,Wind Offshore,2026-07-08T18:59:57Z
2026-07-08T18:58:29Z,2026-07-08T20:58:29+0200,e401fd36-f4a8-45e5-ad91-bdd87731a7ba,2026-06-29T00:30:00Z,2026-06-29T02:30:00+0200,738.397,MW,DE,DE_LU,actual_offshore_wind_generation,Wind Offshore,2026-07-08T18:59:57Z
2026-07-08T18:58:29Z,2026-07-08T20:58:29+0200,e401fd36-f4a8-45e5-ad91-bdd87731a7ba,2026-06-29T00:45:00Z,2026-06-29T02:45:00+0200,848.584,MW,DE,DE_LU,actual_offshore_wind_generation,Wind Offshore,2026-07-08T18:59:57Z
2026-07-08T18:58:29Z,2026-07-08T20:58:29+0200,e401fd36-f4a8-45e5-ad91-bdd87731a7ba,2026-06-29T01:00:00Z,2026-06-29T03:00:00+0200,849.358,MW,DE,DE_LU,actual_offshore_wind_generation,Wind Offshore,2026-07-08T18:59:57Z
2026-07-08T18:58:29Z,2026-07-08T20:58:29+0200,e401fd36-f4a8-45e5-ad91-bdd87731a7ba,2026-06-29T01:15:00Z,2026-06-29T03:15:00+0200,846.322,MW,DE,DE_LU,actual_offshore_wind_generation,Wind Offshore,2026-07-08T18:59:57Z
2026-07-08T18:58:29Z,2026-07-08T20:58:29+0200,e401fd36-f4a8-45e5-ad91-bdd87731a7ba,2026-06-29T01:30:00Z,2026-06-29T03:30:00+0200,871.59,MW,DE,DE_LU,actual_offshore_wind_generation,Wind Offshore,2026-07-08T18:59:57Z
2026-07-08T18:58:29Z,2026-07-08T20:58:29+0200,e401fd36-f4a8-45e5-ad91-bdd87731a7ba,2026-06-29T01:45:00Z,2026-06-29T03:45:00+0200,800.474,MW,DE,DE_LU,actual_offshore_wind_generation,Wind Offshore,2026-07-08T18:59:57Z
2026-07-08T18:58:29Z,2026-07-08T20:58:29+0200,e401fd36-f4a8-45e5-ad91-bdd87731a7ba,2026-06-29T02:00:00Z,2026-06-29T04:00:00+0200,768.411,MW,DE,DE_LU,actual_offshore_wind_generation,Wind Offshore,2026-07-08T18:59:57Z
2026-07-08T18:58:29Z,2026-07-08T20:58:29+0200,e401fd36-f4a8-45e5-ad91-bdd87731a7ba,2026-06-29T02:15:00Z,2026-06-29T04:15:00+0200,764.995,MW,DE,DE_LU,actual_offshore_wind_generation,Wind Offshore,2026-07-08T18:59:57Z
2026-07-08T18:58:29Z,2026-07-08T20:58:29+0200,e401fd36-f4a8-45e5-ad91-bdd87731a7ba,2026-06-29T02:30:00Z,2026-06-29T04:30:00+0200,787.295,MW,DE,DE_LU,actual_offshore_wind_generation,Wind Offshore,2026-07-08T18:59:57Z
2026-07-08T18:58:29Z,2026-07-08T20:58:29+0200,e401fd36-f4a8-45e5-ad91-bdd87731a7ba,2026-06-29T02:45:00Z,2026-06-29T04:45:00+0200,830.712,MW,DE,DE_LU,actual_offshore_wind_generation,Wind Offshore,2026-07-08T18:59:57Z
2026-07-08T18:58:29Z,2026-07-08T20:58:29+0200,e401fd36-f4a8-45e5-ad91-bdd87731a7ba,2026-06-29T03:00:00Z,2026-06-29T05:00:00+0200,817.967,MW,DE,DE_LU,actual_offshore_wind_generation,Wind Offshore,2026-07-08T18:59:57Z
2026-07-08T18:58:29Z,2026-07-08T20:58:29+0200,e401fd36-f4a8-45e5-ad91-bdd87731a7ba,2026-06-29T03:15:00Z,2026-06-29T05:15:00+0200,744.829,MW,DE,DE_LU,actual_offshore_wind_generation,Wind Offshore,2026-07-08T18:59:57Z
2026-07-08T18:58:29Z,2026-07-08T20:58:29+0200,e401fd36-f4a8-45e5-ad91-bdd87731a7ba,2026-06-29T03:30:00Z,2026-06-29T05:30:00+0200,760.203,MW,DE,DE_LU,actual_offshore_wind_generation,Wind Offshore,2026-07-08T18:59:57Z
2026-07-08T18:58:29Z,2026-07-08T20:58:29+0200,e401fd36-f4a8-45e5-ad91-bdd87731a7ba,2026-06-29T03:45:00Z,2026-06-29T05:45:00+0200,822.097,MW,DE,DE_LU,actual_offshore_wind_generation,Wind Offshore,2026-07-08T18:59:57Z
2026-07-08T18:58:29Z,2026-07-08T20:58:29+0200,e401fd36-f4a8-45e5-ad91-bdd87731a7ba,2026-06-29T04:00:00Z,2026-06-29T06:00:00+0200,886.729,MW,DE,DE_LU,actual_offshore_wind_generation,Wind Offshore,2026-07-08T18:59:57Z
2026-07-08T18:58:29Z,2026-07-08T20:58:29+0200,e401fd36-f4a8-45e5-ad91-bdd87731a7ba,2026-06-29T04:15:00Z,2026-06-29T06:15:00+0200,891.527,MW,DE,DE_LU,actual_offshore_wind_generation,Wind Offshore,2026-07-08T18:59:57Z
2026-07-08T18:58:29Z,2026-07-08T20:58:29+0200,e401fd36-f4a8-45e5-ad91-bdd87731a7ba,2026-06-29T04:30:00Z,2026-06-29T06:30:00+0200,902.733,MW,DE,DE_LU,actual_offshore_wind_generation,Wind Offshore,2026-07-08T18:59:57Z
2026-07-08T18:58:29Z,2026-07-08T20:58:29+0200,e401fd36-f4a8-45e5-ad91-bdd87731a7ba,2026-06-29T04:45:00Z,2026-06-29T06:45:00+0200,879.518,MW,DE,DE_LU,actual_offshore_wind_generation,Wind Offshore,2026-07-08T18:59:57Z
2026-07-08T18:58:29Z,2026-07-08T20:58:29+0200,e401fd36-f4a8-45e5-ad91-bdd87731a7ba,2026-06-29T05:00:00Z,2026-06-29T07:00:00+0200,760.322,MW,DE,DE_LU,actual_offshore_wind_generation,Wind Offshore,2026-07-08T18:59:57Z
2026-07-08T18:58:29Z,2026-07-08T20:58:29+0200,e401fd36-f4a8-45e5-ad91-bdd87731a7ba,2026-06-29T05:15:00Z,2026-06-29T07:15:00+0200,734.455,MW,DE,DE_LU,actual_offshore_wind_generation,Wind Offshore,2026-07-08T18:59:57Z
2026-07-08T18:58:29Z,2026-07-08T20:58:29+0200,e401fd36-f4a8-45e5-ad91-bdd87731a7ba,2026-06-29T05:30:00Z,2026-06-29T07:30:00+0200,675.319,MW,DE,DE_LU,actual_offshore_wind_generation,Wind Offshore,2026-07-08T18:59:57Z
2026-07-08T18:58:29Z,2026-07-08T20:58:29+0200,e401fd36-f4a8-45e5-ad91-bdd87731a7ba,2026-06-29T05:45:00Z,2026-06-29T07:45:00+0200,621.076,MW,DE,DE_LU,actual_offshore_wind_generation,Wind Offshore,2026-07-08T18:59:57Z
2026-07-08T18:58:29Z,2026-07-08T20:58:29+0200,e401fd36-f4a8-45e5-ad91-bdd87731a7ba,2026-06-29T06:00:00Z,2026-06-29T08:00:00+0200,597.278,MW,DE,DE_LU,actual_offshore_wind_generation,Wind Offshore,2026-07-08T18:59:57Z
2026-07-08T18:58:29Z,2026-07-08T20:58:29+0200,e401fd36-f4a8-45e5-ad91-bdd87731a7ba,2026-06-29T06:15:00Z,2026-06-29T08:15:00+0200,596.547,MW,DE,DE_LU,actual_offshore_wind_generation,Wind Offshore,2026-07-08T18:59:57Z
2026-07-08T18:58:29Z,2026-07-08T20:58:29+0200,e401fd36-f4a8-45e5-ad91-bdd87731a7ba,2026-06-29T06:30:00Z,2026-06-29T08:30:00+0200,616.882,MW,DE,DE_LU,actual_offshore_wind_generation,Wind Offshore,2026-07-08T18:59:57Z
2026-07-08T18:58:29Z,2026-07-08T20:58:29+0200,e401fd36-f4a8-45e5-ad91-bdd87731a7ba,2026-06-29T06:45:00Z,2026-06-29T08:45:00+0200,583.638,MW,DE,DE_LU,actual_offshore_wind_generation,Wind Offshore,2026-07-08T18:59:57Z
2026-07-08T18:58:29Z,2026-07-08T20:58:29+0200,e401fd36-f4a8-45e5-ad91-bdd87731a7ba,2026-06-29T07:00:00Z,2026-06-29T09:00:00+0200,494.558,MW,DE,DE_LU,actual_offshore_wind_generation,Wind Offshore,2026-07-08T18:59:57Z
2026-07-08T18:58:29Z,2026-07-08T20:58:29+0200,e401fd36-f4a8-45e5-ad91-bdd87731a7ba,2026-06-29T07:15:00Z,2026-06-29T09:15:00+0200,467.597,MW,DE,DE_LU,actual_offshore_wind_generation,Wind Offshore,2026-07-08T18:59:57Z
2026-07-08T18:58:29Z,2026-07-08T20:58:29+0200,e401fd36-f4a8-45e5-ad91-bdd87731a7ba,2026-06-29T07:30:00Z,2026-06-29T09:30:00+0200,406.213,MW,DE,DE_LU,actual_offshore_wind_generation,Wind Offshore,2026-07-08T18:59:57Z
2026-07-08T18:58:29Z,2026-07-08T20:58:29+0200,e401fd36-f4a8-45e5-ad91-bdd87731a7ba,2026-06-29T07:45:00Z,2026-06-29T09:45:00+0200,382.348,MW,DE,DE_LU,actual_offshore_wind_generation,Wind Offshore,2026-07-08T18:59:57Z
2026-07-08T18:58:29Z,2026-07-08T20:58:29+0200,e401fd36-f4a8-45e5-ad91-bdd87731a7ba,2026-06-29T08:00:00Z,2026-06-29T10:00:00+0200,397.556,MW,DE,DE_LU,actual_offshore_wind_generation,Wind Offshore,2026-07-08T18:59:57Z
2026-07-08T18:58:29Z,2026-07-08T20:58:29+0200,e401fd36-f4a8-45e5-ad91-bdd87731a7ba,2026-06-29T08:15:00Z,2026-06-29T10:15:00+0200,410.222,MW,DE,DE_LU,actual_offshore_wind_generation,Wind Offshore,2026-07-08T18:59:57Z
2026-07-08T18:58:29Z,2026-07-08T20:58:29+0200,e401fd36-f4a8-45e5-ad91-bdd87731a7ba,2026-06-29T08:30:00Z,2026-06-29T10:30:00+0200,434.613,MW,DE,DE_LU,actual_offshore_wind_generation,Wind Offshore,2026-07-08T18:59:57Z
2026-07-08T18:58:29Z,2026-07-08T20:58:29+0200,e401fd36-f4a8-45e5-ad91-bdd87731a7ba,2026-06-29T08:45:00Z,2026-06-29T10:45:00+0200,456.665,MW,DE,DE_LU,actual_offshore_wind_generation,Wind Offshore,2026-07-08T18:59:57Z
2026-07-08T18:58:29Z,2026-07-08T20:58:29+0200,e401fd36-f4a8-45e5-ad91-bdd87731a7ba,2026-06-29T09:00:00Z,2026-06-29T11:00:00+0200,476.973,MW,DE,DE_LU,actual_offshore_wind_generation,Wind Offshore,2026-07-08T18:59:57Z
2026-07-08T18:58:29Z,2026-07-08T20:58:29+0200,e401fd36-f4a8-45e5-ad91-bdd87731a7ba,2026-06-29T09:15:00Z,2026-06-29T11:15:00+0200,475.664,MW,DE,DE_LU,actual_offshore_wind_generation,Wind Offshore,2026-07-08T18:59:57Z
2026-07-08T18:58:29Z,2026-07-08T20:58:29+0200,e401fd36-f4a8-45e5-ad91-bdd87731a7ba,2026-06-29T09:30:00Z,2026-06-29T11:30:00+0200,593.826,MW,DE,DE_LU,actual_offshore_wind_generation,Wind Offshore,2026-07-08T18:59:57Z
2026-07-08T18:58:29Z,2026-07-08T20:58:29+0200,e401fd36-f4a8-45e5-ad91-bdd87731a7ba,2026-06-29T09:45:00Z,2026-06-29T11:45:00+0200,841.793,MW,DE,DE_LU,actual_offshore_wind_generation,Wind Offshore,2026-07-08T18:59:57Z
2026-07-08T18:58:29Z,2026-07-08T20:58:29+0200,e401fd36-f4a8-45e5-ad91-bdd87731a7ba,2026-06-29T10:00:00Z,2026-06-29T12:00:00+0200,1029.598,MW,DE,DE_LU,actual_offshore_wind_generation,Wind Offshore,2026-07-08T18:59:57Z
2026-07-08T18:58:29Z,2026-07-08T20:58:29+0200,e401fd36-f4a8-45e5-ad91-bdd87731a7ba,2026-06-29T10:15:00Z,2026-06-29T12:15:00+0200,844.495,MW,DE,DE_LU,actual_offshore_wind_generation,Wind Offshore,2026-07-08T18:59:57Z
2026-07-08T18:58:29Z,2026-07-08T20:58:29+0200,e401fd36-f4a8-45e5-ad91-bdd87731a7ba,2026-06-29T10:30:00Z,2026-06-29T12:30:00+0200,660.076,MW,DE,DE_LU,actual_offshore_wind_generation,Wind Offshore,2026-07-08T18:59:57Z
2026-07-08T18:58:29Z,2026-07-08T20:58:29+0200,e401fd36-f4a8-45e5-ad91-bdd87731a7ba,2026-06-29T10:45:00Z,2026-06-29T12:45:00+0200,559.476,MW,DE,DE_LU,actual_offshore_wind_generation,Wind Offshore,2026-07-08T18:59:57Z
2026-07-08T18:58:29Z,2026-07-08T20:58:29+0200,e401fd36-f4a8-45e5-ad91-bdd87731a7ba,2026-06-29T11:00:00Z,2026-06-29T13:00:00+0200,445.819,MW,DE,DE_LU,actual_offshore_wind_generation,Wind Offshore,2026-07-08T18:59:57Z
2026-07-08T18:58:29Z,2026-07-08T20:58:29+0200,e401fd36-f4a8-45e5-ad91-bdd87731a7ba,2026-06-29T11:15:00Z,2026-06-29T13:15:00+0200,373.086,MW,DE,DE_LU,actual_offshore_wind_generation,Wind Offshore,2026-07-08T18:59:57Z
2026-07-08T18:58:29Z,2026-07-08T20:58:29+0200,e401fd36-f4a8-45e5-ad91-bdd87731a7ba,2026-06-29T11:30:00Z,2026-06-29T13:30:00+0200,351.453,MW,DE,DE_LU,actual_offshore_wind_generation,Wind Offshore,2026-07-08T18:59:57Z
2026-07-08T18:58:29Z,2026-07-08T20:58:29+0200,e401fd36-f4a8-45e5-ad91-bdd87731a7ba,2026-06-29T11:45:00Z,2026-06-29T13:45:00+0200,309.418,MW,DE,DE_LU,actual_offshore_wind_generation,Wind Offshore,2026-07-08T18:59:57Z
2026-07-08T18:58:29Z,2026-07-08T20:58:29+0200,e401fd36-f4a8-45e5-ad91-bdd87731a7ba,2026-06-29T12:00:00Z,2026-06-29T14:00:00+0200,360.082,MW,DE,DE_LU,actual_offshore_wind_generation,Wind Offshore,2026-07-08T18:59:57Z
2026-07-08T18:58:29Z,2026-07-08T20:58:29+0200,e401fd36-f4a8-45e5-ad91-bdd87731a7ba,2026-06-29T12:15:00Z,2026-06-29T14:15:00+0200,437.837,MW,DE,DE_LU,actual_offshore_wind_generation,Wind Offshore,2026-07-08T18:59:57Z
2026-07-08T18:58:29Z,2026-07-08T20:58:29+0200,e401fd36-f4a8-45e5-ad91-bdd87731a7ba,2026-06-29T12:30:00Z,2026-06-29T14:30:00+0200,501.63,MW,DE,DE_LU,actual_offshore_wind_generation,Wind Offshore,2026-07-08T18:59:57Z
2026-07-08T18:58:29Z,2026-07-08T20:58:29+0200,e401fd36-f4a8-45e5-ad91-bdd87731a7ba,2026-06-29T12:45:00Z,2026-06-29T14:45:00+0200,417.28,MW,DE,DE_LU,actual_offshore_wind_generation,Wind Offshore,2026-07-08T18:59:57Z
2026-07-08T18:58:29Z,2026-07-08T20:58:29+0200,e401fd36-f4a8-45e5-ad91-bdd87731a7ba,2026-06-29T13:00:00Z,2026-06-29T15:00:00+0200,337.156,MW,DE,DE_LU,actual_offshore_wind_generation,Wind Offshore,2026-07-08T18:59:57Z
2026-07-08T18:58:29Z,2026-07-08T20:58:29+0200,e401fd36-f4a8-45e5-ad91-bdd87731a7ba,2026-06-29T13:15:00Z,2026-06-29T15:15:00+0200,297.193,MW,DE,DE_LU,actual_offshore_wind_generation,Wind Offshore,2026-07-08T18:59:57Z
2026-07-08T18:58:29Z,2026-07-08T20:58:29+0200,e401fd36-f4a8-45e5-ad91-bdd87731a7ba,2026-06-29T13:30:00Z,2026-06-29T15:30:00+0200,299.556,MW,DE,DE_LU,actual_offshore_wind_generation,Wind Offshore,2026-07-08T18:59:57Z
2026-07-08T18:58:29Z,2026-07-08T20:58:29+0200,e401fd36-f4a8-45e5-ad91-bdd87731a7ba,2026-06-29T13:45:00Z,2026-06-29T15:45:00+0200,328.429,MW,DE,DE_LU,actual_offshore_wind_generation,Wind Offshore,2026-07-08T18:59:57Z
2026-07-08T18:58:29Z,2026-07-08T20:58:29+0200,e401fd36-f4a8-45e5-ad91-bdd87731a7ba,2026-06-29T14:00:00Z,2026-06-29T16:00:00+0200,329.296,MW,DE,DE_LU,actual_offshore_wind_generation,Wind Offshore,2026-07-08T18:59:57Z
2026-07-08T18:58:29Z,2026-07-08T20:58:29+0200,e401fd36-f4a8-45e5-ad91-bdd87731a7ba,2026-06-29T14:15:00Z,2026-06-29T16:15:00+0200,315.501,MW,DE,DE_LU,actual_offshore_wind_generation,Wind Offshore,2026-07-08T18:59:57Z
2026-07-08T18:58:29Z,2026-07-08T20:58:29+0200,e401fd36-f4a8-45e5-ad91-bdd87731a7ba,2026-06-29T14:30:00Z,2026-06-29T16:30:00+0200,277.024,MW,DE,DE_LU,actual_offshore_wind_generation,Wind Offshore,2026-07-08T18:59:57Z
2026-07-08T18:58:29Z,2026-07-08T20:58:29+0200,e401fd36-f4a8-45e5-ad91-bdd87731a7ba,2026-06-29T14:45:00Z,2026-06-29T16:45:00+0200,249.078,MW,DE,DE_LU,actual_offshore_wind_generation,Wind Offshore,2026-07-08T18:59:57Z
2026-07-08T18:58:29Z,2026-07-08T20:58:29+0200,e401fd36-f4a8-45e5-ad91-bdd87731a7ba,2026-06-29T15:00:00Z,2026-06-29T17:00:00+0200,274.26,MW,DE,DE_LU,actual_offshore_wind_generation,Wind Offshore,2026-07-08T18:59:57Z
2026-07-08T18:58:29Z,2026-07-08T20:58:29+0200,e401fd36-f4a8-45e5-ad91-bdd87731a7ba,2026-06-29T15:15:00Z,2026-06-29T17:15:00+0200,321.301,MW,DE,DE_LU,actual_offshore_wind_generation,Wind Offshore,2026-07-08T18:59:57Z
2026-07-08T18:58:29Z,2026-07-08T20:58:29+0200,e401fd36-f4a8-45e5-ad91-bdd87731a7ba,2026-06-29T15:30:00Z,2026-06-29T17:30:00+0200,341.875,MW,DE,DE_LU,actual_offshore_wind_generation,Wind Offshore,2026-07-08T18:59:57Z
2026-07-08T18:58:29Z,2026-07-08T20:58:29+0200,e401fd36-f4a8-45e5-ad91-bdd87731a7ba,2026-06-29T15:45:00Z,2026-06-29T17:45:00+0200,341.064,MW,DE,DE_LU,actual_offshore_wind_generation,Wind Offshore,2026-07-08T18:59:57Z
2026-07-08T18:58:29Z,2026-07-08T20:58:29+0200,e401fd36-f4a8-45e5-ad91-bdd87731a7ba,2026-06-29T16:00:00Z,2026-06-29T18:00:00+0200,364.967,MW,DE,DE_LU,actual_offshore_wind_generation,Wind Offshore,2026-07-08T18:59:57Z
2026-07-08T18:58:29Z,2026-07-08T20:58:29+0200,e401fd36-f4a8-45e5-ad91-bdd87731a7ba,2026-06-29T16:15:00Z,2026-06-29T18:15:00+0200,385.171,MW,DE,DE_LU,actual_offshore_wind_generation,Wind Offshore,2026-07-08T18:59:57Z
2026-07-08T18:58:29Z,2026-07-08T20:58:29+0200,e401fd36-f4a8-45e5-ad91-bdd87731a7ba,2026-06-29T16:30:00Z,2026-06-29T18:30:00+0200,447.792,MW,DE,DE_LU,actual_offshore_wind_generation,Wind Offshore,2026-07-08T18:59:57Z
2026-07-08T18:58:29Z,2026-07-08T20:58:29+0200,e401fd36-f4a8-45e5-ad91-bdd87731a7ba,2026-06-29T16:45:00Z,2026-06-29T18:45:00+0200,458.639,MW,DE,DE_LU,actual_offshore_wind_generation,Wind Offshore,2026-07-08T18:59:57Z
2026-07-08T18:58:29Z,2026-07-08T20:58:29+0200,e401fd36-f4a8-45e5-ad91-bdd87731a7ba,2026-06-29T17:00:00Z,2026-06-29T19:00:00+0200,448.217,MW,DE,DE_LU,actual_offshore_wind_generation,Wind Offshore,2026-07-08T18:59:57Z
2026-07-08T18:58:29Z,2026-07-08T20:58:29+0200,e401fd36-f4a8-45e5-ad91-bdd87731a7ba,2026-06-29T17:15:00Z,2026-06-29T19:15:00+0200,499.336,MW,DE,DE_LU,actual_offshore_wind_generation,Wind Offshore,2026-07-08T18:59:57Z
2026-07-08T18:58:29Z,2026-07-08T20:58:29+0200,e401fd36-f4a8-45e5-ad91-bdd87731a7ba,2026-06-29T17:30:00Z,2026-06-29T19:30:00+0200,521.398,MW,DE,DE_LU,actual_offshore_wind_generation,Wind Offshore,2026-07-08T18:59:57Z
2026-07-08T18:58:29Z,2026-07-08T20:58:29+0200,e401fd36-f4a8-45e5-ad91-bdd87731a7ba,2026-06-29T17:45:00Z,2026-06-29T19:45:00+0200,514.454,MW,DE,DE_LU,actual_offshore_wind_generation,Wind Offshore,2026-07-08T18:59:57Z
2026-07-08T18:58:29Z,2026-07-08T20:58:29+0200,e401fd36-f4a8-45e5-ad91-bdd87731a7ba,2026-06-29T18:00:00Z,2026-06-29T20:00:00+0200,508.98,MW,DE,DE_LU,actual_offshore_wind_generation,Wind Offshore,2026-07-08T18:59:57Z
2026-07-08T18:58:29Z,2026-07-08T20:58:29+0200,e401fd36-f4a8-45e5-ad91-bdd87731a7ba,2026-06-29T18:15:00Z,2026-06-29T20:15:00+0200,500.847,MW,DE,DE_LU,actual_offshore_wind_generation,Wind Offshore,2026-07-08T18:59:57Z
2026-07-08T18:58:29Z,2026-07-08T20:58:29+0200,e401fd36-f4a8-45e5-ad91-bdd87731a7ba,2026-06-29T18:30:00Z,2026-06-29T20:30:00+0200,561.752,MW,DE,DE_LU,actual_offshore_wind_generation,Wind Offshore,2026-07-08T18:59:57Z
2026-07-08T18:58:29Z,2026-07-08T20:58:29+0200,e401fd36-f4a8-45e5-ad91-bdd87731a7ba,2026-06-29T18:45:00Z,2026-06-29T20:45:00+0200,595.864,MW,DE,DE_LU,actual_offshore_wind_generation,Wind Offshore,2026-07-08T18:59:57Z
2026-07-08T18:58:29Z,2026-07-08T20:58:29+0200,e401fd36-f4a8-45e5-ad91-bdd87731a7ba,2026-06-29T19:00:00Z,2026-06-29T21:00:00+0200,583.449,MW,DE,DE_LU,actual_offshore_wind_generation,Wind Offshore,2026-07-08T18:59:57Z
2026-07-08T18:58:29Z,2026-07-08T20:58:29+0200,e401fd36-f4a8-45e5-ad91-bdd87731a7ba,2026-06-29T19:15:00Z,2026-06-29T21:15:00+0200,533.703,MW,DE,DE_LU,actual_offshore_wind_generation,Wind Offshore,2026-07-08T18:59:57Z
2026-07-08T18:58:29Z,2026-07-08T20:58:29+0200,e401fd36-f4a8-45e5-ad91-bdd87731a7ba,2026-06-29T19:30:00Z,2026-06-29T21:30:00+0200,510.959,MW,DE,DE_LU,actual_offshore_wind_generation,Wind Offshore,2026-07-08T18:59:57Z
2026-07-08T18:58:29Z,2026-07-08T20:58:29+0200,e401fd36-f4a8-45e5-ad91-bdd87731a7ba,2026-06-29T19:45:00Z,2026-06-29T21:45:00+0200,541.752,MW,DE,DE_LU,actual_offshore_wind_generation,Wind Offshore,2026-07-08T18:59:57Z
2026-07-08T18:58:29Z,2026-07-08T20:58:29+0200,e401fd36-f4a8-45e5-ad91-bdd87731a7ba,2026-06-29T20:00:00Z,2026-06-29T22:00:00+0200,546.487,MW,DE,DE_LU,actual_offshore_wind_generation,Wind Offshore,2026-07-08T18:59:57Z
2026-07-08T18:58:29Z,2026-07-08T20:58:29+0200,e401fd36-f4a8-45e5-ad91-bdd87731a7ba,2026-06-29T20:15:00Z,2026-06-29T22:15:00+0200,457.605,MW,DE,DE_LU,actual_offshore_wind_generation,Wind Offshore,2026-07-08T18:59:57Z
2026-07-08T18:58:29Z,2026-07-08T20:58:29+0200,e401fd36-f4a8-45e5-ad91-bdd87731a7ba,2026-06-29T20:30:00Z,2026-06-29T22:30:00+0200,460.652,MW,DE,DE_LU,actual_offshore_wind_generation,Wind Offshore,2026-07-08T18:59:57Z
2026-07-08T18:58:29Z,2026-07-08T20:58:29+0200,e401fd36-f4a8-45e5-ad91-bdd87731a7ba,2026-06-29T20:45:00Z,2026-06-29T22:45:00+0200,436.728,MW,DE,DE_LU,actual_offshore_wind_generation,Wind Offshore,2026-07-08T18:59:57Z
2026-07-08T18:58:29Z,2026-07-08T20:58:29+0200,e401fd36-f4a8-45e5-ad91-bdd87731a7ba,2026-06-29T21:00:00Z,2026-06-29T23:00:00+0200,378.401,MW,DE,DE_LU,actual_offshore_wind_generation,Wind Offshore,2026-07-08T18:59:57Z
2026-07-08T18:58:29Z,2026-07-08T20:58:29+0200,e401fd36-f4a8-45e5-ad91-bdd87731a7ba,2026-06-29T21:15:00Z,2026-06-29T23:15:00+0200,346.915,MW,DE,DE_LU,actual_offshore_wind_generation,Wind Offshore,2026-07-08T18:59:57Z
2026-07-08T18:58:29Z,2026-07-08T20:58:29+0200,e401fd36-f4a8-45e5-ad91-bdd87731a7ba,2026-06-29T21:30:00Z,2026-06-29T23:30:00+0200,281.817,MW,DE,DE_LU,actual_offshore_wind_generation,Wind Offshore,2026-07-08T18:59:57Z
2026-07-08T18:58:29Z,2026-07-08T20:58:29+0200,e401fd36-f4a8-45e5-ad91-bdd87731a7ba,2026-06-29T21:45:00Z,2026-06-29T23:45:00+0200,208.313,MW,DE,DE_LU,actual_offshore_wind_generation,Wind Offshore,2026-07-08T18:59:57Z
2026-07-08T18:58:29Z,2026-07-08T20:58:29+0200,e401fd36-f4a8-45e5-ad91-bdd87731a7ba,2026-06-29T22:00:00Z,2026-06-30T00:00:00+0200,191.72,MW,DE,DE_LU,actual_offshore_wind_generation,Wind Offshore,2026-07-08T18:59:57Z
2026-07-08T18:58:29Z,2026-07-08T20:58:29+0200,e401fd36-f4a8-45e5-ad91-bdd87731a7ba,2026-06-29T22:15:00Z,2026-06-30T00:15:00+0200,178.043,MW,DE,DE_LU,actual_offshore_wind_generation,Wind Offshore,2026-07-08T18:59:57Z
2026-07-08T18:58:29Z,2026-07-08T20:58:29+0200,e401fd36-f4a8-45e5-ad91-bdd87731a7ba,2026-06-29T22:30:00Z,2026-06-30T00:30:00+0200,183.935,MW,DE,DE_LU,actual_offshore_wind_generation,Wind Offshore,2026-07-08T18:59:57Z
2026-07-08T18:58:29Z,2026-07-08T20:58:29+0200,e401fd36-f4a8-45e5-ad91-bdd87731a7ba,2026-06-29T22:45:00Z,2026-06-30T00:45:00+0200,182.118,MW,DE,DE_LU,actual_offshore_wind_generation,Wind Offshore,2026-07-08T18:59:57Z
2026-07-08T18:58:29Z,2026-07-08T20:58:29+0200,e401fd36-f4a8-45e5-ad91-bdd87731a7ba,2026-06-29T23:00:00Z,2026-06-30T01:00:00+0200,167.075,MW,DE,DE_LU,actual_offshore_wind_generation,Wind Offshore,2026-07-08T18:59:57Z
2026-07-08T18:58:29Z,2026-07-08T20:58:29+0200,e401fd36-f4a8-45e5-ad91-bdd87731a7ba,2026-06-29T23:15:00Z,2026-06-30T01:15:00+0200,135.986,MW,DE,DE_LU,actual_offshore_wind_generation,Wind Offshore,2026-07-08T18:59:57Z
2026-07-08T18:58:29Z,2026-07-08T20:58:29+0200,e401fd36-f4a8-45e5-ad91-bdd87731a7ba,2026-06-29T23:30:00Z,2026-06-30T01:30:00+0200,107.62,MW,DE,DE_LU,actual_offshore_wind_generation,Wind Offshore,2026-07-08T18:59:57Z
2026-07-08T18:58:29Z,2026-07-08T20:58:29+0200,e401fd36-f4a8-45e5-ad91-bdd87731a7ba,2026-06-29T23:45:00Z,2026-06-30T01:45:00+0200,76.904,MW,DE,DE_LU,actual_offshore_wind_generation,Wind Offshore,2026-07-08T18:59:57Z
2026-07-08T18:58:29Z,2026-07-08T20:58:29+0200,e401fd36-f4a8-45e5-ad91-bdd87731a7ba,2026-06-30T00:00:00Z,2026-06-30T02:00:00+0200,54.621,MW,DE,DE_LU,actual_offshore_wind_generation,Wind Offshore,2026-07-08T18:59:57Z
2026-07-08T18:58:29Z,2026-07-08T20:58:29+0200,e401fd36-f4a8-45e5-ad91-bdd87731a7ba,2026-06-30T00:15:00Z,2026-06-30T02:15:00+0200,37.279,MW,DE,DE_LU,actual_offshore_wind_generation,Wind Offshore,2026-07-08T18:59:57Z
2026-07-08T18:58:29Z,2026-07-08T20:58:29+0200,e401fd36-f4a8-45e5-ad91-bdd87731a7ba,2026-06-30T00:30:00Z,2026-06-30T02:30:00+0200,24.603,MW,DE,DE_LU,actual_offshore_wind_generation,Wind Offshore,2026-07-08T18:59:57Z
2026-07-08T18:58:29Z,2026-07-08T20:58:29+0200,e401fd36-f4a8-45e5-ad91-bdd87731a7ba,2026-06-30T00:45:00Z,2026-06-30T02:45:00+0200,19.129,MW,DE,DE_LU,actual_offshore_wind_generation,Wind Offshore,2026-07-08T18:59:57Z
2026-07-08T18:58:29Z,2026-07-08T20:58:29+0200,e401fd36-f4a8-45e5-ad91-bdd87731a7ba,2026-06-30T01:00:00Z,2026-06-30T03:00:00+0200,13.326,MW,DE,DE_LU,actual_offshore_wind_generation,Wind Offshore,2026-07-08T18:59:57Z
2026-07-08T18:58:29Z,2026-07-08T20:58:29+0200,e401fd36-f4a8-45e5-ad91-bdd87731a7ba,2026-06-30T01:15:00Z,2026-06-30T03:15:00+0200,12.49,MW,DE,DE_LU,actual_offshore_wind_generation,Wind Offshore,2026-07-08T18:59:57Z
2026-07-08T18:58:29Z,2026-07-08T20:58:29+0200,e401fd36-f4a8-45e5-ad91-bdd87731a7ba,2026-06-30T01:30:00Z,2026-06-30T03:30:00+0200,9.89,MW,DE,DE_LU,actual_offshore_wind_generation,Wind Offshore,2026-07-08T18:59:57Z
2026-07-08T18:58:29Z,2026-07-08T20:58:29+0200,e401fd36-f4a8-45e5-ad91-bdd87731a7ba,2026-06-30T01:45:00Z,2026-06-30T03:45:00+0200,10.64,MW,DE,DE_LU,actual_offshore_wind_generation,Wind Offshore,2026-07-08T18:59:57Z
2026-07-08T18:58:29Z,2026-07-08T20:58:29+0200,e401fd36-f4a8-45e5-ad91-bdd87731a7ba,2026-06-30T02:00:00Z,2026-06-30T04:00:00+0200,8.539,MW,DE,DE_LU,actual_offshore_wind_generation,Wind Offshore,2026-07-08T18:59:57Z
2026-07-08T18:58:29Z,2026-07-08T20:58:29+0200,e401fd36-f4a8-45e5-ad91-bdd87731a7ba,2026-06-30T02:15:00Z,2026-06-30T04:15:00+0200,6.18,MW,DE,DE_LU,actual_offshore_wind_generation,Wind Offshore,2026-07-08T18:59:57Z
2026-07-08T18:58:29Z,2026-07-08T20:58:29+0200,e401fd36-f4a8-45e5-ad91-bdd87731a7ba,2026-06-30T02:30:00Z,2026-06-30T04:30:00+0200,3.44,MW,DE,DE_LU,actual_offshore_wind_generation,Wind Offshore,2026-07-08T18:59:57Z
2026-07-08T18:58:29Z,2026-07-08T20:58:29+0200,e401fd36-f4a8-45e5-ad91-bdd87731a7ba,2026-06-30T02:45:00Z,2026-06-30T04:45:00+0200,1.84,MW,DE,DE_LU,actual_offshore_wind_generation,Wind Offshore,2026-07-08T18:59:57Z
2026-07-08T18:58:29Z,2026-07-08T20:58:29+0200,e401fd36-f4a8-45e5-ad91-bdd87731a7ba,2026-06-30T03:00:00Z,2026-06-30T05:00:00+0200,1.57,MW,DE,DE_LU,actual_offshore_wind_generation,Wind Offshore,2026-07-08T18:59:57Z
2026-07-08T18:58:29Z,2026-07-08T20:58:29+0200,e401fd36-f4a8-45e5-ad91-bdd87731a7ba,2026-06-30T03:15:00Z,2026-06-30T05:15:00+0200,2.086,MW,DE,DE_LU,actual_offshore_wind_generation,Wind Offshore,2026-07-08T18:59:57Z
2026-07-08T18:58:29Z,2026-07-08T20:58:29+0200,e401fd36-f4a8-45e5-ad91-bdd87731a7ba,2026-06-30T03:30:00Z,2026-06-30T05:30:00+0200,1.782,MW,DE,DE_LU,actual_offshore_wind_generation,Wind Offshore,2026-07-08T18:59:57Z
2026-07-08T18:58:29Z,2026-07-08T20:58:29+0200,e401fd36-f4a8-45e5-ad91-bdd87731a7ba,2026-06-30T03:45:00Z,2026-06-30T05:45:00+0200,2.731,MW,DE,DE_LU,actual_offshore_wind_generation,Wind Offshore,2026-07-08T18:59:57Z
2026-07-08T18:58:29Z,2026-07-08T20:58:29+0200,e401fd36-f4a8-45e5-ad91-bdd87731a7ba,2026-06-30T04:00:00Z,2026-06-30T06:00:00+0200,6.45,MW,DE,DE_LU,actual_offshore_wind_generation,Wind Offshore,2026-07-08T18:59:57Z
2026-07-08T18:58:29Z,2026-07-08T20:58:29+0200,e401fd36-f4a8-45e5-ad91-bdd87731a7ba,2026-06-30T04:15:00Z,2026-06-30T06:15:00+0200,25.195,MW,DE,DE_LU,actual_offshore_wind_generation,Wind Offshore,2026-07-08T18:59:57Z
2026-07-08T18:58:29Z,2026-07-08T20:58:29+0200,e401fd36-f4a8-45e5-ad91-bdd87731a7ba,2026-06-30T04:30:00Z,2026-06-30T06:30:00+0200,48.037,MW,DE,DE_LU,actual_offshore_wind_generation,Wind Offshore,2026-07-08T18:59:57Z
2026-07-08T18:58:29Z,2026-07-08T20:58:29+0200,e401fd36-f4a8-45e5-ad91-bdd87731a7ba,2026-06-30T04:45:00Z,2026-06-30T06:45:00+0200,62.498,MW,DE,DE_LU,actual_offshore_wind_generation,Wind Offshore,2026-07-08T18:59:57Z
2026-07-08T18:58:29Z,2026-07-08T20:58:29+0200,e401fd36-f4a8-45e5-ad91-bdd87731a7ba,2026-06-30T05:00:00Z,2026-06-30T07:00:00+0200,58.496,MW,DE,DE_LU,actual_offshore_wind_generation,Wind Offshore,2026-07-08T18:59:57Z
2026-07-08T18:58:29Z,2026-07-08T20:58:29+0200,e401fd36-f4a8-45e5-ad91-bdd87731a7ba,2026-06-30T05:15:00Z,2026-06-30T07:15:00+0200,49.446,MW,DE,DE_LU,actual_offshore_wind_generation,Wind Offshore,2026-07-08T18:59:57Z
2026-07-08T18:58:29Z,2026-07-08T20:58:29+0200,e401fd36-f4a8-45e5-ad91-bdd87731a7ba,2026-06-30T05:30:00Z,2026-06-30T07:30:00+0200,53.838,MW,DE,DE_LU,actual_offshore_wind_generation,Wind Offshore,2026-07-08T18:59:57Z
2026-07-08T18:58:29Z,2026-07-08T20:58:29+0200,e401fd36-f4a8-45e5-ad91-bdd87731a7ba,2026-06-30T05:45:00Z,2026-06-30T07:45:00+0200,51.133,MW,DE,DE_LU,actual_offshore_wind_generation,Wind Offshore,2026-07-08T18:59:57Z
2026-07-08T18:58:29Z,2026-07-08T20:58:29+0200,e401fd36-f4a8-45e5-ad91-bdd87731a7ba,2026-06-30T06:00:00Z,2026-06-30T08:00:00+0200,52.822,MW,DE,DE_LU,actual_offshore_wind_generation,Wind Offshore,2026-07-08T18:59:57Z
2026-07-08T18:58:29Z,2026-07-08T20:58:29+0200,e401fd36-f4a8-45e5-ad91-bdd87731a7ba,2026-06-30T06:15:00Z,2026-06-30T08:15:00+0200,39.19,MW,DE,DE_LU,actual_offshore_wind_generation,Wind Offshore,2026-07-08T18:59:57Z
2026-07-08T18:58:29Z,2026-07-08T20:58:29+0200,e401fd36-f4a8-45e5-ad91-bdd87731a7ba,2026-06-30T06:30:00Z,2026-06-30T08:30:00+0200,26.732,MW,DE,DE_LU,actual_offshore_wind_generation,Wind Offshore,2026-07-08T18:59:57Z
2026-07-08T18:58:29Z,2026-07-08T20:58:29+0200,e401fd36-f4a8-45e5-ad91-bdd87731a7ba,2026-06-30T06:45:00Z,2026-06-30T08:45:00+0200,34.598,MW,DE,DE_LU,actual_offshore_wind_generation,Wind Offshore,2026-07-08T18:59:57Z
2026-07-08T18:58:29Z,2026-07-08T20:58:29+0200,e401fd36-f4a8-45e5-ad91-bdd87731a7ba,2026-06-30T07:00:00Z,2026-06-30T09:00:00+0200,25.277,MW,DE,DE_LU,actual_offshore_wind_generation,Wind Offshore,2026-07-08T18:59:57Z
2026-07-08T18:58:29Z,2026-07-08T20:58:29+0200,e401fd36-f4a8-45e5-ad91-bdd87731a7ba,2026-06-30T07:15:00Z,2026-06-30T09:15:00+0200,23.997,MW,DE,DE_LU,actual_offshore_wind_generation,Wind Offshore,2026-07-08T18:59:57Z
2026-07-08T18:58:29Z,2026-07-08T20:58:29+0200,e401fd36-f4a8-45e5-ad91-bdd87731a7ba,2026-06-30T07:30:00Z,2026-06-30T09:30:00+0200,12.693,MW,DE,DE_LU,actual_offshore_wind_generation,Wind Offshore,2026-07-08T18:59:57Z
2026-07-08T18:58:29Z,2026-07-08T20:58:29+0200,e401fd36-f4a8-45e5-ad91-bdd87731a7ba,2026-06-30T07:45:00Z,2026-06-30T09:45:00+0200,26.802,MW,DE,DE_LU,actual_offshore_wind_generation,Wind Offshore,2026-07-08T18:59:57Z
2026-07-08T18:58:29Z,2026-07-08T20:58:29+0200,e401fd36-f4a8-45e5-ad91-bdd87731a7ba,2026-06-30T08:00:00Z,2026-06-30T10:00:00+0200,51.186,MW,DE,DE_LU,actual_offshore_wind_generation,Wind Offshore,2026-07-08T18:59:57Z
2026-07-08T18:58:29Z,2026-07-08T20:58:29+0200,e401fd36-f4a8-45e5-ad91-bdd87731a7ba,2026-06-30T08:15:00Z,2026-06-30T10:15:00+0200,87.53,MW,DE,DE_LU,actual_offshore_wind_generation,Wind Offshore,2026-07-08T18:59:57Z
2026-07-08T18:58:29Z,2026-07-08T20:58:29+0200,e401fd36-f4a8-45e5-ad91-bdd87731a7ba,2026-06-30T08:30:00Z,2026-06-30T10:30:00+0200,160.253,MW,DE,DE_LU,actual_offshore_wind_generation,Wind Offshore,2026-07-08T18:59:57Z
2026-07-08T18:58:29Z,2026-07-08T20:58:29+0200,e401fd36-f4a8-45e5-ad91-bdd87731a7ba,2026-06-30T08:45:00Z,2026-06-30T10:45:00+0200,267.376,MW,DE,DE_LU,actual_offshore_wind_generation,Wind Offshore,2026-07-08T18:59:57Z
2026-07-08T18:58:29Z,2026-07-08T20:58:29+0200,e401fd36-f4a8-45e5-ad91-bdd87731a7ba,2026-06-30T09:00:00Z,2026-06-30T11:00:00+0200,433.732,MW,DE,DE_LU,actual_offshore_wind_generation,Wind Offshore,2026-07-08T18:59:57Z
2026-07-08T18:58:29Z,2026-07-08T20:58:29+0200,e401fd36-f4a8-45e5-ad91-bdd87731a7ba,2026-06-30T09:15:00Z,2026-06-30T11:15:00+0200,451.801,MW,DE,DE_LU,actual_offshore_wind_generation,Wind Offshore,2026-07-08T18:59:57Z
2026-07-08T18:58:29Z,2026-07-08T20:58:29+0200,e401fd36-f4a8-45e5-ad91-bdd87731a7ba,2026-06-30T09:30:00Z,2026-06-30T11:30:00+0200,438.012,MW,DE,DE_LU,actual_offshore_wind_generation,Wind Offshore,2026-07-08T18:59:57Z
2026-07-08T18:58:29Z,2026-07-08T20:58:29+0200,e401fd36-f4a8-45e5-ad91-bdd87731a7ba,2026-06-30T09:45:00Z,2026-06-30T11:45:00+0200,411.52,MW,DE,DE_LU,actual_offshore_wind_generation,Wind Offshore,2026-07-08T18:59:57Z
2026-07-08T18:58:29Z,2026-07-08T20:58:29+0200,e401fd36-f4a8-45e5-ad91-bdd87731a7ba,2026-06-30T10:00:00Z,2026-06-30T12:00:00+0200,502.373,MW,DE,DE_LU,actual_offshore_wind_generation,Wind Offshore,2026-07-08T18:59:57Z
2026-07-08T18:58:29Z,2026-07-08T20:58:29+0200,e401fd36-f4a8-45e5-ad91-bdd87731a7ba,2026-06-30T10:15:00Z,2026-06-30T12:15:00+0200,583.487,MW,DE,DE_LU,actual_offshore_wind_generation,Wind Offshore,2026-07-08T18:59:57Z
2026-07-08T18:58:29Z,2026-07-08T20:58:29+0200,e401fd36-f4a8-45e5-ad91-bdd87731a7ba,2026-06-30T10:30:00Z,2026-06-30T12:30:00+0200,646.519,MW,DE,DE_LU,actual_offshore_wind_generation,Wind Offshore,2026-07-08T18:59:57Z
2026-07-08T18:58:29Z,2026-07-08T20:58:29+0200,e401fd36-f4a8-45e5-ad91-bdd87731a7ba,2026-06-30T10:45:00Z,2026-06-30T12:45:00+0200,752.803,MW,DE,DE_LU,actual_offshore_wind_generation,Wind Offshore,2026-07-08T18:59:57Z
2026-07-08T18:58:29Z,2026-07-08T20:58:29+0200,e401fd36-f4a8-45e5-ad91-bdd87731a7ba,2026-06-30T11:00:00Z,2026-06-30T13:00:00+0200,796.261,MW,DE,DE_LU,actual_offshore_wind_generation,Wind Offshore,2026-07-08T18:59:57Z
2026-07-08T18:58:29Z,2026-07-08T20:58:29+0200,e401fd36-f4a8-45e5-ad91-bdd87731a7ba,2026-06-30T11:15:00Z,2026-06-30T13:15:00+0200,930.51,MW,DE,DE_LU,actual_offshore_wind_generation,Wind Offshore,2026-07-08T18:59:57Z
2026-07-08T18:58:29Z,2026-07-08T20:58:29+0200,e401fd36-f4a8-45e5-ad91-bdd87731a7ba,2026-06-30T11:30:00Z,2026-06-30T13:30:00+0200,1007.981,MW,DE,DE_LU,actual_offshore_wind_generation,Wind Offshore,2026-07-08T18:59:57Z
2026-07-08T18:58:29Z,2026-07-08T20:58:29+0200,e401fd36-f4a8-45e5-ad91-bdd87731a7ba,2026-06-30T11:45:00Z,2026-06-30T13:45:00+0200,865.862,MW,DE,DE_LU,actual_offshore_wind_generation,Wind Offshore,2026-07-08T18:59:57Z
2026-07-08T18:58:29Z,2026-07-08T20:58:29+0200,e401fd36-f4a8-45e5-ad91-bdd87731a7ba,2026-06-30T12:00:00Z,2026-06-30T14:00:00+0200,709.382,MW,DE,DE_LU,actual_offshore_wind_generation,Wind Offshore,2026-07-08T18:59:57Z
2026-07-08T18:58:29Z,2026-07-08T20:58:29+0200,e401fd36-f4a8-45e5-ad91-bdd87731a7ba,2026-06-30T12:15:00Z,2026-06-30T14:15:00+0200,644.02,MW,DE,DE_LU,actual_offshore_wind_generation,Wind Offshore,2026-07-08T18:59:57Z
2026-07-08T18:58:29Z,2026-07-08T20:58:29+0200,e401fd36-f4a8-45e5-ad91-bdd87731a7ba,2026-06-30T12:30:00Z,2026-06-30T14:30:00+0200,611.662,MW,DE,DE_LU,actual_offshore_wind_generation,Wind Offshore,2026-07-08T18:59:57Z
2026-07-08T18:58:29Z,2026-07-08T20:58:29+0200,e401fd36-f4a8-45e5-ad91-bdd87731a7ba,2026-06-30T12:45:00Z,2026-06-30T14:45:00+0200,555.102,MW,DE,DE_LU,actual_offshore_wind_generation,Wind Offshore,2026-07-08T18:59:57Z
2026-07-08T18:58:29Z,2026-07-08T20:58:29+0200,e401fd36-f4a8-45e5-ad91-bdd87731a7ba,2026-06-30T13:00:00Z,2026-06-30T15:00:00+0200,488.387,MW,DE,DE_LU,actual_offshore_wind_generation,Wind Offshore,2026-07-08T18:59:57Z
2026-07-08T18:58:29Z,2026-07-08T20:58:29+0200,e401fd36-f4a8-45e5-ad91-bdd87731a7ba,2026-06-30T13:15:00Z,2026-06-30T15:15:00+0200,485.166,MW,DE,DE_LU,actual_offshore_wind_generation,Wind Offshore,2026-07-08T18:59:57Z
2026-07-08T18:58:29Z,2026-07-08T20:58:29+0200,e401fd36-f4a8-45e5-ad91-bdd87731a7ba,2026-06-30T13:30:00Z,2026-06-30T15:30:00+0200,457.073,MW,DE,DE_LU,actual_offshore_wind_generation,Wind Offshore,2026-07-08T18:59:57Z
2026-07-08T18:58:29Z,2026-07-08T20:58:29+0200,e401fd36-f4a8-45e5-ad91-bdd87731a7ba,2026-06-30T13:45:00Z,2026-06-30T15:45:00+0200,394.331,MW,DE,DE_LU,actual_offshore_wind_generation,Wind Offshore,2026-07-08T18:59:57Z
2026-07-08T18:58:29Z,2026-07-08T20:58:29+0200,e401fd36-f4a8-45e5-ad91-bdd87731a7ba,2026-06-30T14:00:00Z,2026-06-30T16:00:00+0200,332.312,MW,DE,DE_LU,actual_offshore_wind_generation,Wind Offshore,2026-07-08T18:59:57Z
2026-07-08T18:58:29Z,2026-07-08T20:58:29+0200,e401fd36-f4a8-45e5-ad91-bdd87731a7ba,2026-06-30T14:15:00Z,2026-06-30T16:15:00+0200,261.471,MW,DE,DE_LU,actual_offshore_wind_generation,Wind Offshore,2026-07-08T18:59:57Z
2026-07-08T18:58:29Z,2026-07-08T20:58:29+0200,e401fd36-f4a8-45e5-ad91-bdd87731a7ba,2026-06-30T14:30:00Z,2026-06-30T16:30:00+0200,221.797,MW,DE,DE_LU,actual_offshore_wind_generation,Wind Offshore,2026-07-08T18:59:57Z
2026-07-08T18:58:29Z,2026-07-08T20:58:29+0200,e401fd36-f4a8-45e5-ad91-bdd87731a7ba,2026-06-30T14:45:00Z,2026-06-30T16:45:00+0200,224.758,MW,DE,DE_LU,actual_offshore_wind_generation,Wind Offshore,2026-07-08T18:59:57Z
2026-07-08T18:58:29Z,2026-07-08T20:58:29+0200,e401fd36-f4a8-45e5-ad91-bdd87731a7ba,2026-06-30T15:00:00Z,2026-06-30T17:00:00+0200,233.314,MW,DE,DE_LU,actual_offshore_wind_generation,Wind Offshore,2026-07-08T18:59:57Z
2026-07-08T18:58:29Z,2026-07-08T20:58:29+0200,e401fd36-f4a8-45e5-ad91-bdd87731a7ba,2026-06-30T15:15:00Z,2026-06-30T17:15:00+0200,218.834,MW,DE,DE_LU,actual_offshore_wind_generation,Wind Offshore,2026-07-08T18:59:57Z
2026-07-08T18:58:29Z,2026-07-08T20:58:29+0200,e401fd36-f4a8-45e5-ad91-bdd87731a7ba,2026-06-30T15:30:00Z,2026-06-30T17:30:00+0200,211.929,MW,DE,DE_LU,actual_offshore_wind_generation,Wind Offshore,2026-07-08T18:59:57Z
2026-07-08T18:58:29Z,2026-07-08T20:58:29+0200,e401fd36-f4a8-45e5-ad91-bdd87731a7ba,2026-06-30T15:45:00Z,2026-06-30T17:45:00+0200,266.034,MW,DE,DE_LU,actual_offshore_wind_generation,Wind Offshore,2026-07-08T18:59:57Z
2026-07-08T18:58:29Z,2026-07-08T20:58:29+0200,e401fd36-f4a8-45e5-ad91-bdd87731a7ba,2026-06-30T16:00:00Z,2026-06-30T18:00:00+0200,291.851,MW,DE,DE_LU,actual_offshore_wind_generation,Wind Offshore,2026-07-08T18:59:57Z
2026-07-08T18:58:29Z,2026-07-08T20:58:29+0200,e401fd36-f4a8-45e5-ad91-bdd87731a7ba,2026-06-30T16:15:00Z,2026-06-30T18:15:00+0200,299.539,MW,DE,DE_LU,actual_offshore_wind_generation,Wind Offshore,2026-07-08T18:59:57Z
2026-07-08T18:58:29Z,2026-07-08T20:58:29+0200,e401fd36-f4a8-45e5-ad91-bdd87731a7ba,2026-06-30T16:30:00Z,2026-06-30T18:30:00+0200,393.762,MW,DE,DE_LU,actual_offshore_wind_generation,Wind Offshore,2026-07-08T18:59:57Z
2026-07-08T18:58:29Z,2026-07-08T20:58:29+0200,e401fd36-f4a8-45e5-ad91-bdd87731a7ba,2026-06-30T16:45:00Z,2026-06-30T18:45:00+0200,610.25,MW,DE,DE_LU,actual_offshore_wind_generation,Wind Offshore,2026-07-08T18:59:57Z
2026-07-08T18:58:29Z,2026-07-08T20:58:29+0200,e401fd36-f4a8-45e5-ad91-bdd87731a7ba,2026-06-30T17:00:00Z,2026-06-30T19:00:00+0200,740.658,MW,DE,DE_LU,actual_offshore_wind_generation,Wind Offshore,2026-07-08T18:59:57Z
2026-07-08T18:58:29Z,2026-07-08T20:58:29+0200,e401fd36-f4a8-45e5-ad91-bdd87731a7ba,2026-06-30T17:15:00Z,2026-06-30T19:15:00+0200,731.731,MW,DE,DE_LU,actual_offshore_wind_generation,Wind Offshore,2026-07-08T18:59:57Z
2026-07-08T18:58:29Z,2026-07-08T20:58:29+0200,e401fd36-f4a8-45e5-ad91-bdd87731a7ba,2026-06-30T17:30:00Z,2026-06-30T19:30:00+0200,724.057,MW,DE,DE_LU,actual_offshore_wind_generation,Wind Offshore,2026-07-08T18:59:57Z
2026-07-08T18:58:29Z,2026-07-08T20:58:29+0200,e401fd36-f4a8-45e5-ad91-bdd87731a7ba,2026-06-30T17:45:00Z,2026-06-30T19:45:00+0200,626.166,MW,DE,DE_LU,actual_offshore_wind_generation,Wind Offshore,2026-07-08T18:59:57Z
2026-07-08T18:58:29Z,2026-07-08T20:58:29+0200,e401fd36-f4a8-45e5-ad91-bdd87731a7ba,2026-06-30T18:00:00Z,2026-06-30T20:00:00+0200,566.591,MW,DE,DE_LU,actual_offshore_wind_generation,Wind Offshore,2026-07-08T18:59:57Z
2026-07-08T18:58:29Z,2026-07-08T20:58:29+0200,e401fd36-f4a8-45e5-ad91-bdd87731a7ba,2026-06-30T18:15:00Z,2026-06-30T20:15:00+0200,688.701,MW,DE,DE_LU,actual_offshore_wind_generation,Wind Offshore,2026-07-08T18:59:57Z
2026-07-08T18:58:29Z,2026-07-08T20:58:29+0200,e401fd36-f4a8-45e5-ad91-bdd87731a7ba,2026-06-30T18:30:00Z,2026-06-30T20:30:00+0200,701.489,MW,DE,DE_LU,actual_offshore_wind_generation,Wind Offshore,2026-07-08T18:59:57Z
2026-07-08T18:58:29Z,2026-07-08T20:58:29+0200,e401fd36-f4a8-45e5-ad91-bdd87731a7ba,2026-06-30T18:45:00Z,2026-06-30T20:45:00+0200,684.043,MW,DE,DE_LU,actual_offshore_wind_generation,Wind Offshore,2026-07-08T18:59:57Z
2026-07-08T18:58:29Z,2026-07-08T20:58:29+0200,e401fd36-f4a8-45e5-ad91-bdd87731a7ba,2026-06-30T19:00:00Z,2026-06-30T21:00:00+0200,725.787,MW,DE,DE_LU,actual_offshore_wind_generation,Wind Offshore,2026-07-08T18:59:57Z
2026-07-08T18:58:29Z,2026-07-08T20:58:29+0200,e401fd36-f4a8-45e5-ad91-bdd87731a7ba,2026-06-30T19:15:00Z,2026-06-30T21:15:00+0200,722.36,MW,DE,DE_LU,actual_offshore_wind_generation,Wind Offshore,2026-07-08T18:59:57Z
2026-07-08T18:58:29Z,2026-07-08T20:58:29+0200,e401fd36-f4a8-45e5-ad91-bdd87731a7ba,2026-06-30T19:30:00Z,2026-06-30T21:30:00+0200,639.521,MW,DE,DE_LU,actual_offshore_wind_generation,Wind Offshore,2026-07-08T18:59:57Z
2026-07-08T18:58:29Z,2026-07-08T20:58:29+0200,e401fd36-f4a8-45e5-ad91-bdd87731a7ba,2026-06-30T19:45:00Z,2026-06-30T21:45:00+0200,577.781,MW,DE,DE_LU,actual_offshore_wind_generation,Wind Offshore,2026-07-08T18:59:57Z
2026-07-08T18:58:29Z,2026-07-08T20:58:29+0200,e401fd36-f4a8-45e5-ad91-bdd87731a7ba,2026-06-30T20:00:00Z,2026-06-30T22:00:00+0200,653.517,MW,DE,DE_LU,actual_offshore_wind_generation,Wind Offshore,2026-07-08T18:59:57Z
2026-07-08T18:58:29Z,2026-07-08T20:58:29+0200,e401fd36-f4a8-45e5-ad91-bdd87731a7ba,2026-06-30T20:15:00Z,2026-06-30T22:15:00+0200,759.849,MW,DE,DE_LU,actual_offshore_wind_generation,Wind Offshore,2026-07-08T18:59:57Z
2026-07-08T18:58:29Z,2026-07-08T20:58:29+0200,e401fd36-f4a8-45e5-ad91-bdd87731a7ba,2026-06-30T20:30:00Z,2026-06-30T22:30:00+0200,748.013,MW,DE,DE_LU,actual_offshore_wind_generation,Wind Offshore,2026-07-08T18:59:57Z
2026-07-08T18:58:29Z,2026-07-08T20:58:29+0200,e401fd36-f4a8-45e5-ad91-bdd87731a7ba,2026-06-30T20:45:00Z,2026-06-30T22:45:00+0200,673.514,MW,DE,DE_LU,actual_offshore_wind_generation,Wind Offshore,2026-07-08T18:59:57Z
2026-07-08T18:58:29Z,2026-07-08T20:58:29+0200,e401fd36-f4a8-45e5-ad91-bdd87731a7ba,2026-06-30T21:00:00Z,2026-06-30T23:00:00+0200,590.586,MW,DE,DE_LU,actual_offshore_wind_generation,Wind Offshore,2026-07-08T18:59:57Z
2026-07-08T18:58:29Z,2026-07-08T20:58:29+0200,e401fd36-f4a8-45e5-ad91-bdd87731a7ba,2026-06-30T21:15:00Z,2026-06-30T23:15:00+0200,580.646,MW,DE,DE_LU,actual_offshore_wind_generation,Wind Offshore,2026-07-08T18:59:57Z
2026-07-08T18:58:29Z,2026-07-08T20:58:29+0200,e401fd36-f4a8-45e5-ad91-bdd87731a7ba,2026-06-30T21:30:00Z,2026-06-30T23:30:00+0200,597.338,MW,DE,DE_LU,actual_offshore_wind_generation,Wind Offshore,2026-07-08T18:59:57Z
2026-07-08T18:58:29Z,2026-07-08T20:58:29+0200,e401fd36-f4a8-45e5-ad91-bdd87731a7ba,2026-06-30T21:45:00Z,2026-06-30T23:45:00+0200,679.393,MW,DE,DE_LU,actual_offshore_wind_generation,Wind Offshore,2026-07-08T18:59:57Z
2026-07-08T18:58:29Z,2026-07-08T20:58:29+0200,e401fd36-f4a8-45e5-ad91-bdd87731a7ba,2026-06-30T22:00:00Z,2026-07-01T00:00:00+0200,707.729,MW,DE,DE_LU,actual_offshore_wind_generation,Wind Offshore,2026-07-08T18:59:57Z
2026-07-08T18:58:29Z,2026-07-08T20:58:29+0200,e401fd36-f4a8-45e5-ad91-bdd87731a7ba,2026-06-30T22:15:00Z,2026-07-01T00:15:00+0200,785.187,MW,DE,DE_LU,actual_offshore_wind_generation,Wind Offshore,2026-07-08T18:59:57Z
2026-07-08T18:58:29Z,2026-07-08T20:58:29+0200,e401fd36-f4a8-45e5-ad91-bdd87731a7ba,2026-06-30T22:30:00Z,2026-07-01T00:30:00+0200,876.71,MW,DE,DE_LU,actual_offshore_wind_generation,Wind Offshore,2026-07-08T18:59:57Z
2026-07-08T18:58:29Z,2026-07-08T20:58:29+0200,e401fd36-f4a8-45e5-ad91-bdd87731a7ba,2026-06-30T22:45:00Z,2026-07-01T00:45:00+0200,844.805,MW,DE,DE_LU,actual_offshore_wind_generation,Wind Offshore,2026-07-08T18:59:57Z
2026-07-08T18:58:29Z,2026-07-08T20:58:29+0200,e401fd36-f4a8-45e5-ad91-bdd87731a7ba,2026-06-30T23:00:00Z,2026-07-01T01:00:00+0200,736.703,MW,DE,DE_LU,actual_offshore_wind_generation,Wind Offshore,2026-07-08T18:59:57Z
2026-07-08T18:58:29Z,2026-07-08T20:58:29+0200,e401fd36-f4a8-45e5-ad91-bdd87731a7ba,2026-06-30T23:15:00Z,2026-07-01T01:15:00+0200,623.553,MW,DE,DE_LU,actual_offshore_wind_generation,Wind Offshore,2026-07-08T18:59:57Z
2026-07-08T18:58:29Z,2026-07-08T20:58:29+0200,e401fd36-f4a8-45e5-ad91-bdd87731a7ba,2026-06-30T23:30:00Z,2026-07-01T01:30:00+0200,540.205,MW,DE,DE_LU,actual_offshore_wind_generation,Wind Offshore,2026-07-08T18:59:57Z
2026-07-08T18:58:29Z,2026-07-08T20:58:29+0200,e401fd36-f4a8-45e5-ad91-bdd87731a7ba,2026-06-30T23:45:00Z,2026-07-01T01:45:00+0200,525.733,MW,DE,DE_LU,actual_offshore_wind_generation,Wind Offshore,2026-07-08T18:59:57Z
2026-07-08T18:58:29Z,2026-07-08T20:58:29+0200,e401fd36-f4a8-45e5-ad91-bdd87731a7ba,2026-07-01T00:00:00Z,2026-07-01T02:00:00+0200,489.856,MW,DE,DE_LU,actual_offshore_wind_generation,Wind Offshore,2026-07-08T18:59:57Z
2026-07-08T18:58:29Z,2026-07-08T20:58:29+0200,e401fd36-f4a8-45e5-ad91-bdd87731a7ba,2026-07-01T00:15:00Z,2026-07-01T02:15:00+0200,452.26,MW,DE,DE_LU,actual_offshore_wind_generation,Wind Offshore,2026-07-08T18:59:57Z
2026-07-08T18:58:29Z,2026-07-08T20:58:29+0200,e401fd36-f4a8-45e5-ad91-bdd87731a7ba,2026-07-01T00:30:00Z,2026-07-01T02:30:00+0200,406.336,MW,DE,DE_LU,actual_offshore_wind_generation,Wind Offshore,2026-07-08T18:59:57Z
2026-07-08T18:58:29Z,2026-07-08T20:58:29+0200,e401fd36-f4a8-45e5-ad91-bdd87731a7ba,2026-07-01T00:45:00Z,2026-07-01T02:45:00+0200,363.653,MW,DE,DE_LU,actual_offshore_wind_generation,Wind Offshore,2026-07-08T18:59:57Z
2026-07-08T18:58:29Z,2026-07-08T20:58:29+0200,e401fd36-f4a8-45e5-ad91-bdd87731a7ba,2026-07-01T01:00:00Z,2026-07-01T03:00:00+0200,384.453,MW,DE,DE_LU,actual_offshore_wind_generation,Wind Offshore,2026-07-08T18:59:57Z
2026-07-08T18:58:29Z,2026-07-08T20:58:29+0200,e401fd36-f4a8-45e5-ad91-bdd87731a7ba,2026-07-01T01:15:00Z,2026-07-01T03:15:00+0200,426.919,MW,DE,DE_LU,actual_offshore_wind_generation,Wind Offshore,2026-07-08T18:59:57Z
2026-07-08T18:58:29Z,2026-07-08T20:58:29+0200,e401fd36-f4a8-45e5-ad91-bdd87731a7ba,2026-07-01T01:30:00Z,2026-07-01T03:30:00+0200,420.203,MW,DE,DE_LU,actual_offshore_wind_generation,Wind Offshore,2026-07-08T18:59:57Z
2026-07-08T18:58:29Z,2026-07-08T20:58:29+0200,e401fd36-f4a8-45e5-ad91-bdd87731a7ba,2026-07-01T01:45:00Z,2026-07-01T03:45:00+0200,387.696,MW,DE,DE_LU,actual_offshore_wind_generation,Wind Offshore,2026-07-08T18:59:57Z
2026-07-08T18:58:29Z,2026-07-08T20:58:29+0200,e401fd36-f4a8-45e5-ad91-bdd87731a7ba,2026-07-01T02:00:00Z,2026-07-01T04:00:00+0200,373.325,MW,DE,DE_LU,actual_offshore_wind_generation,Wind Offshore,2026-07-08T18:59:57Z
2026-07-08T18:58:29Z,2026-07-08T20:58:29+0200,e401fd36-f4a8-45e5-ad91-bdd87731a7ba,2026-07-01T02:15:00Z,2026-07-01T04:15:00+0200,389.266,MW,DE,DE_LU,actual_offshore_wind_generation,Wind Offshore,2026-07-08T18:59:57Z
2026-07-08T18:58:29Z,2026-07-08T20:58:29+0200,e401fd36-f4a8-45e5-ad91-bdd87731a7ba,2026-07-01T02:30:00Z,2026-07-01T04:30:00+0200,402.675,MW,DE,DE_LU,actual_offshore_wind_generation,Wind Offshore,2026-07-08T18:59:57Z
2026-07-08T18:58:29Z,2026-07-08T20:58:29+0200,e401fd36-f4a8-45e5-ad91-bdd87731a7ba,2026-07-01T02:45:00Z,2026-07-01T04:45:00+0200,423.491,MW,DE,DE_LU,actual_offshore_wind_generation,Wind Offshore,2026-07-08T18:59:57Z
2026-07-08T18:58:29Z,2026-07-08T20:58:29+0200,e401fd36-f4a8-45e5-ad91-bdd87731a7ba,2026-07-01T03:00:00Z,2026-07-01T05:00:00+0200,454.638,MW,DE,DE_LU,actual_offshore_wind_generation,Wind Offshore,2026-07-08T18:59:57Z
2026-07-08T18:58:29Z,2026-07-08T20:58:29+0200,e401fd36-f4a8-45e5-ad91-bdd87731a7ba,2026-07-01T03:15:00Z,2026-07-01T05:15:00+0200,483.985,MW,DE,DE_LU,actual_offshore_wind_generation,Wind Offshore,2026-07-08T18:59:57Z
2026-07-08T18:58:29Z,2026-07-08T20:58:29+0200,e401fd36-f4a8-45e5-ad91-bdd87731a7ba,2026-07-01T03:30:00Z,2026-07-01T05:30:00+0200,502.706,MW,DE,DE_LU,actual_offshore_wind_generation,Wind Offshore,2026-07-08T18:59:57Z
2026-07-08T18:58:29Z,2026-07-08T20:58:29+0200,e401fd36-f4a8-45e5-ad91-bdd87731a7ba,2026-07-01T03:45:00Z,2026-07-01T05:45:00+0200,515.625,MW,DE,DE_LU,actual_offshore_wind_generation,Wind Offshore,2026-07-08T18:59:57Z
2026-07-08T18:58:29Z,2026-07-08T20:58:29+0200,e401fd36-f4a8-45e5-ad91-bdd87731a7ba,2026-07-01T04:00:00Z,2026-07-01T06:00:00+0200,540.588,MW,DE,DE_LU,actual_offshore_wind_generation,Wind Offshore,2026-07-08T18:59:57Z
2026-07-08T18:58:29Z,2026-07-08T20:58:29+0200,e401fd36-f4a8-45e5-ad91-bdd87731a7ba,2026-07-01T04:15:00Z,2026-07-01T06:15:00+0200,574.28,MW,DE,DE_LU,actual_offshore_wind_generation,Wind Offshore,2026-07-08T18:59:57Z
2026-07-08T18:58:29Z,2026-07-08T20:58:29+0200,e401fd36-f4a8-45e5-ad91-bdd87731a7ba,2026-07-01T04:30:00Z,2026-07-01T06:30:00+0200,569.319,MW,DE,DE_LU,actual_offshore_wind_generation,Wind Offshore,2026-07-08T18:59:57Z
2026-07-08T18:58:29Z,2026-07-08T20:58:29+0200,e401fd36-f4a8-45e5-ad91-bdd87731a7ba,2026-07-01T04:45:00Z,2026-07-01T06:45:00+0200,571.011,MW,DE,DE_LU,actual_offshore_wind_generation,Wind Offshore,2026-07-08T18:59:57Z
2026-07-08T18:58:29Z,2026-07-08T20:58:29+0200,e401fd36-f4a8-45e5-ad91-bdd87731a7ba,2026-07-01T05:00:00Z,2026-07-01T07:00:00+0200,605.99,MW,DE,DE_LU,actual_offshore_wind_generation,Wind Offshore,2026-07-08T18:59:57Z
2026-07-08T18:58:29Z,2026-07-08T20:58:29+0200,e401fd36-f4a8-45e5-ad91-bdd87731a7ba,2026-07-01T05:15:00Z,2026-07-01T07:15:00+0200,660.565,MW,DE,DE_LU,actual_offshore_wind_generation,Wind Offshore,2026-07-08T18:59:57Z
2026-07-08T18:58:29Z,2026-07-08T20:58:29+0200,e401fd36-f4a8-45e5-ad91-bdd87731a7ba,2026-07-01T05:30:00Z,2026-07-01T07:30:00+0200,689.881,MW,DE,DE_LU,actual_offshore_wind_generation,Wind Offshore,2026-07-08T18:59:57Z
2026-07-08T18:58:29Z,2026-07-08T20:58:29+0200,e401fd36-f4a8-45e5-ad91-bdd87731a7ba,2026-07-01T05:45:00Z,2026-07-01T07:45:00+0200,678.722,MW,DE,DE_LU,actual_offshore_wind_generation,Wind Offshore,2026-07-08T18:59:57Z
2026-07-08T18:58:29Z,2026-07-08T20:58:29+0200,e401fd36-f4a8-45e5-ad91-bdd87731a7ba,2026-07-01T06:00:00Z,2026-07-01T08:00:00+0200,661.171,MW,DE,DE_LU,actual_offshore_wind_generation,Wind Offshore,2026-07-08T18:59:57Z
2026-07-08T18:58:29Z,2026-07-08T20:58:29+0200,e401fd36-f4a8-45e5-ad91-bdd87731a7ba,2026-07-01T06:15:00Z,2026-07-01T08:15:00+0200,630.688,MW,DE,DE_LU,actual_offshore_wind_generation,Wind Offshore,2026-07-08T18:59:57Z
2026-07-08T18:58:29Z,2026-07-08T20:58:29+0200,e401fd36-f4a8-45e5-ad91-bdd87731a7ba,2026-07-01T06:30:00Z,2026-07-01T08:30:00+0200,657.138,MW,DE,DE_LU,actual_offshore_wind_generation,Wind Offshore,2026-07-08T18:59:57Z
2026-07-08T18:58:29Z,2026-07-08T20:58:29+0200,e401fd36-f4a8-45e5-ad91-bdd87731a7ba,2026-07-01T06:45:00Z,2026-07-01T08:45:00+0200,654.136,MW,DE,DE_LU,actual_offshore_wind_generation,Wind Offshore,2026-07-08T18:59:57Z
2026-07-08T18:58:29Z,2026-07-08T20:58:29+0200,e401fd36-f4a8-45e5-ad91-bdd87731a7ba,2026-07-01T07:00:00Z,2026-07-01T09:00:00+0200,663.415,MW,DE,DE_LU,actual_offshore_wind_generation,Wind Offshore,2026-07-08T18:59:57Z
2026-07-08T18:58:29Z,2026-07-08T20:58:29+0200,e401fd36-f4a8-45e5-ad91-bdd87731a7ba,2026-07-01T07:15:00Z,2026-07-01T09:15:00+0200,640.583,MW,DE,DE_LU,actual_offshore_wind_generation,Wind Offshore,2026-07-08T18:59:57Z
2026-07-08T18:58:29Z,2026-07-08T20:58:29+0200,e401fd36-f4a8-45e5-ad91-bdd87731a7ba,2026-07-01T07:30:00Z,2026-07-01T09:30:00+0200,608.656,MW,DE,DE_LU,actual_offshore_wind_generation,Wind Offshore,2026-07-08T18:59:57Z
2026-07-08T18:58:29Z,2026-07-08T20:58:29+0200,e401fd36-f4a8-45e5-ad91-bdd87731a7ba,2026-07-01T07:45:00Z,2026-07-01T09:45:00+0200,592.348,MW,DE,DE_LU,actual_offshore_wind_generation,Wind Offshore,2026-07-08T18:59:57Z
2026-07-08T18:58:29Z,2026-07-08T20:58:29+0200,e401fd36-f4a8-45e5-ad91-bdd87731a7ba,2026-07-01T08:00:00Z,2026-07-01T10:00:00+0200,585.639,MW,DE,DE_LU,actual_offshore_wind_generation,Wind Offshore,2026-07-08T18:59:57Z
2026-07-08T18:58:29Z,2026-07-08T20:58:29+0200,e401fd36-f4a8-45e5-ad91-bdd87731a7ba,2026-07-01T08:15:00Z,2026-07-01T10:15:00+0200,581.991,MW,DE,DE_LU,actual_offshore_wind_generation,Wind Offshore,2026-07-08T18:59:57Z
2026-07-08T18:58:29Z,2026-07-08T20:58:29+0200,e401fd36-f4a8-45e5-ad91-bdd87731a7ba,2026-07-01T08:30:00Z,2026-07-01T10:30:00+0200,565.06,MW,DE,DE_LU,actual_offshore_wind_generation,Wind Offshore,2026-07-08T18:59:57Z
2026-07-08T18:58:29Z,2026-07-08T20:58:29+0200,e401fd36-f4a8-45e5-ad91-bdd87731a7ba,2026-07-01T08:45:00Z,2026-07-01T10:45:00+0200,524.929,MW,DE,DE_LU,actual_offshore_wind_generation,Wind Offshore,2026-07-08T18:59:57Z
2026-07-08T18:58:29Z,2026-07-08T20:58:29+0200,e401fd36-f4a8-45e5-ad91-bdd87731a7ba,2026-07-01T09:00:00Z,2026-07-01T11:00:00+0200,520.229,MW,DE,DE_LU,actual_offshore_wind_generation,Wind Offshore,2026-07-08T18:59:57Z
2026-07-08T18:58:29Z,2026-07-08T20:58:29+0200,e401fd36-f4a8-45e5-ad91-bdd87731a7ba,2026-07-01T09:15:00Z,2026-07-01T11:15:00+0200,506.008,MW,DE,DE_LU,actual_offshore_wind_generation,Wind Offshore,2026-07-08T18:59:57Z
2026-07-08T18:58:29Z,2026-07-08T20:58:29+0200,e401fd36-f4a8-45e5-ad91-bdd87731a7ba,2026-07-01T09:30:00Z,2026-07-01T11:30:00+0200,480.44,MW,DE,DE_LU,actual_offshore_wind_generation,Wind Offshore,2026-07-08T18:59:57Z
2026-07-08T18:58:29Z,2026-07-08T20:58:29+0200,e401fd36-f4a8-45e5-ad91-bdd87731a7ba,2026-07-01T09:45:00Z,2026-07-01T11:45:00+0200,448.936,MW,DE,DE_LU,actual_offshore_wind_generation,Wind Offshore,2026-07-08T18:59:57Z
2026-07-08T18:58:29Z,2026-07-08T20:58:29+0200,e401fd36-f4a8-45e5-ad91-bdd87731a7ba,2026-07-01T10:00:00Z,2026-07-01T12:00:00+0200,432.149,MW,DE,DE_LU,actual_offshore_wind_generation,Wind Offshore,2026-07-08T18:59:57Z
2026-07-08T18:58:29Z,2026-07-08T20:58:29+0200,e401fd36-f4a8-45e5-ad91-bdd87731a7ba,2026-07-01T10:15:00Z,2026-07-01T12:15:00+0200,423.696,MW,DE,DE_LU,actual_offshore_wind_generation,Wind Offshore,2026-07-08T18:59:57Z
2026-07-08T18:58:29Z,2026-07-08T20:58:29+0200,e401fd36-f4a8-45e5-ad91-bdd87731a7ba,2026-07-01T10:30:00Z,2026-07-01T12:30:00+0200,385.673,MW,DE,DE_LU,actual_offshore_wind_generation,Wind Offshore,2026-07-08T18:59:57Z
2026-07-08T18:58:29Z,2026-07-08T20:58:29+0200,e401fd36-f4a8-45e5-ad91-bdd87731a7ba,2026-07-01T10:45:00Z,2026-07-01T12:45:00+0200,325.356,MW,DE,DE_LU,actual_offshore_wind_generation,Wind Offshore,2026-07-08T18:59:57Z
2026-07-08T18:58:29Z,2026-07-08T20:58:29+0200,e401fd36-f4a8-45e5-ad91-bdd87731a7ba,2026-07-01T11:00:00Z,2026-07-01T13:00:00+0200,294.096,MW,DE,DE_LU,actual_offshore_wind_generation,Wind Offshore,2026-07-08T18:59:57Z
2026-07-08T18:58:29Z,2026-07-08T20:58:29+0200,e401fd36-f4a8-45e5-ad91-bdd87731a7ba,2026-07-01T11:15:00Z,2026-07-01T13:15:00+0200,277.171,MW,DE,DE_LU,actual_offshore_wind_generation,Wind Offshore,2026-07-08T18:59:57Z
2026-07-08T18:58:29Z,2026-07-08T20:58:29+0200,e401fd36-f4a8-45e5-ad91-bdd87731a7ba,2026-07-01T11:30:00Z,2026-07-01T13:30:00+0200,339.368,MW,DE,DE_LU,actual_offshore_wind_generation,Wind Offshore,2026-07-08T18:59:57Z
2026-07-08T18:58:29Z,2026-07-08T20:58:29+0200,e401fd36-f4a8-45e5-ad91-bdd87731a7ba,2026-07-01T11:45:00Z,2026-07-01T13:45:00+0200,388.844,MW,DE,DE_LU,actual_offshore_wind_generation,Wind Offshore,2026-07-08T18:59:57Z
2026-07-08T18:58:29Z,2026-07-08T20:58:29+0200,e401fd36-f4a8-45e5-ad91-bdd87731a7ba,2026-07-01T12:00:00Z,2026-07-01T14:00:00+0200,412.918,MW,DE,DE_LU,actual_offshore_wind_generation,Wind Offshore,2026-07-08T18:59:57Z
2026-07-08T18:58:29Z,2026-07-08T20:58:29+0200,e401fd36-f4a8-45e5-ad91-bdd87731a7ba,2026-07-01T12:15:00Z,2026-07-01T14:15:00+0200,401.901,MW,DE,DE_LU,actual_offshore_wind_generation,Wind Offshore,2026-07-08T18:59:57Z
2026-07-08T18:58:29Z,2026-07-08T20:58:29+0200,e401fd36-f4a8-45e5-ad91-bdd87731a7ba,2026-07-01T12:30:00Z,2026-07-01T14:30:00+0200,363.388,MW,DE,DE_LU,actual_offshore_wind_generation,Wind Offshore,2026-07-08T18:59:57Z
2026-07-08T18:58:29Z,2026-07-08T20:58:29+0200,e401fd36-f4a8-45e5-ad91-bdd87731a7ba,2026-07-01T12:45:00Z,2026-07-01T14:45:00+0200,363.859,MW,DE,DE_LU,actual_offshore_wind_generation,Wind Offshore,2026-07-08T18:59:57Z
2026-07-08T18:58:29Z,2026-07-08T20:58:29+0200,e401fd36-f4a8-45e5-ad91-bdd87731a7ba,2026-07-01T13:00:00Z,2026-07-01T15:00:00+0200,367.903,MW,DE,DE_LU,actual_offshore_wind_generation,Wind Offshore,2026-07-08T18:59:57Z
2026-07-08T18:58:29Z,2026-07-08T20:58:29+0200,e401fd36-f4a8-45e5-ad91-bdd87731a7ba,2026-07-01T13:15:00Z,2026-07-01T15:15:00+0200,369.977,MW,DE,DE_LU,actual_offshore_wind_generation,Wind Offshore,2026-07-08T18:59:57Z
2026-07-08T18:58:29Z,2026-07-08T20:58:29+0200,e401fd36-f4a8-45e5-ad91-bdd87731a7ba,2026-07-01T13:30:00Z,2026-07-01T15:30:00+0200,371.75,MW,DE,DE_LU,actual_offshore_wind_generation,Wind Offshore,2026-07-08T18:59:57Z
2026-07-08T18:58:29Z,2026-07-08T20:58:29+0200,e401fd36-f4a8-45e5-ad91-bdd87731a7ba,2026-07-01T13:45:00Z,2026-07-01T15:45:00+0200,359.954,MW,DE,DE_LU,actual_offshore_wind_generation,Wind Offshore,2026-07-08T18:59:57Z
2026-07-08T18:58:29Z,2026-07-08T20:58:29+0200,e401fd36-f4a8-45e5-ad91-bdd87731a7ba,2026-07-01T14:00:00Z,2026-07-01T16:00:00+0200,372.022,MW,DE,DE_LU,actual_offshore_wind_generation,Wind Offshore,2026-07-08T18:59:57Z
2026-07-08T18:58:29Z,2026-07-08T20:58:29+0200,e401fd36-f4a8-45e5-ad91-bdd87731a7ba,2026-07-01T14:15:00Z,2026-07-01T16:15:00+0200,393.783,MW,DE,DE_LU,actual_offshore_wind_generation,Wind Offshore,2026-07-08T18:59:57Z
2026-07-08T18:58:29Z,2026-07-08T20:58:29+0200,e401fd36-f4a8-45e5-ad91-bdd87731a7ba,2026-07-01T14:30:00Z,2026-07-01T16:30:00+0200,415.829,MW,DE,DE_LU,actual_offshore_wind_generation,Wind Offshore,2026-07-08T18:59:57Z
2026-07-08T18:58:29Z,2026-07-08T20:58:29+0200,e401fd36-f4a8-45e5-ad91-bdd87731a7ba,2026-07-01T14:45:00Z,2026-07-01T16:45:00+0200,410.654,MW,DE,DE_LU,actual_offshore_wind_generation,Wind Offshore,2026-07-08T18:59:57Z
2026-07-08T18:58:29Z,2026-07-08T20:58:29+0200,e401fd36-f4a8-45e5-ad91-bdd87731a7ba,2026-07-01T15:00:00Z,2026-07-01T17:00:00+0200,427.611,MW,DE,DE_LU,actual_offshore_wind_generation,Wind Offshore,2026-07-08T18:59:57Z
2026-07-08T18:58:29Z,2026-07-08T20:58:29+0200,e401fd36-f4a8-45e5-ad91-bdd87731a7ba,2026-07-01T15:15:00Z,2026-07-01T17:15:00+0200,438.595,MW,DE,DE_LU,actual_offshore_wind_generation,Wind Offshore,2026-07-08T18:59:57Z
2026-07-08T18:58:29Z,2026-07-08T20:58:29+0200,e401fd36-f4a8-45e5-ad91-bdd87731a7ba,2026-07-01T15:30:00Z,2026-07-01T17:30:00+0200,487.768,MW,DE,DE_LU,actual_offshore_wind_generation,Wind Offshore,2026-07-08T18:59:57Z
2026-07-08T18:58:29Z,2026-07-08T20:58:29+0200,e401fd36-f4a8-45e5-ad91-bdd87731a7ba,2026-07-01T15:45:00Z,2026-07-01T17:45:00+0200,555.939,MW,DE,DE_LU,actual_offshore_wind_generation,Wind Offshore,2026-07-08T18:59:57Z
2026-07-08T18:58:29Z,2026-07-08T20:58:29+0200,e401fd36-f4a8-45e5-ad91-bdd87731a7ba,2026-07-01T16:00:00Z,2026-07-01T18:00:00+0200,555.468,MW,DE,DE_LU,actual_offshore_wind_generation,Wind Offshore,2026-07-08T18:59:57Z
2026-07-08T18:58:29Z,2026-07-08T20:58:29+0200,e401fd36-f4a8-45e5-ad91-bdd87731a7ba,2026-07-01T16:15:00Z,2026-07-01T18:15:00+0200,547.036,MW,DE,DE_LU,actual_offshore_wind_generation,Wind Offshore,2026-07-08T18:59:57Z
2026-07-08T18:58:29Z,2026-07-08T20:58:29+0200,e401fd36-f4a8-45e5-ad91-bdd87731a7ba,2026-07-01T16:30:00Z,2026-07-01T18:30:00+0200,535.125,MW,DE,DE_LU,actual_offshore_wind_generation,Wind Offshore,2026-07-08T18:59:57Z
2026-07-08T18:58:29Z,2026-07-08T20:58:29+0200,e401fd36-f4a8-45e5-ad91-bdd87731a7ba,2026-07-01T16:45:00Z,2026-07-01T18:45:00+0200,507.797,MW,DE,DE_LU,actual_offshore_wind_generation,Wind Offshore,2026-07-08T18:59:57Z
2026-07-08T18:58:29Z,2026-07-08T20:58:29+0200,e401fd36-f4a8-45e5-ad91-bdd87731a7ba,2026-07-01T17:00:00Z,2026-07-01T19:00:00+0200,504.107,MW,DE,DE_LU,actual_offshore_wind_generation,Wind Offshore,2026-07-08T18:59:57Z
2026-07-08T18:58:29Z,2026-07-08T20:58:29+0200,e401fd36-f4a8-45e5-ad91-bdd87731a7ba,2026-07-01T17:15:00Z,2026-07-01T19:15:00+0200,489.194,MW,DE,DE_LU,actual_offshore_wind_generation,Wind Offshore,2026-07-08T18:59:57Z
2026-07-08T18:58:29Z,2026-07-08T20:58:29+0200,e401fd36-f4a8-45e5-ad91-bdd87731a7ba,2026-07-01T17:30:00Z,2026-07-01T19:30:00+0200,467.831,MW,DE,DE_LU,actual_offshore_wind_generation,Wind Offshore,2026-07-08T18:59:57Z
2026-07-08T18:58:29Z,2026-07-08T20:58:29+0200,e401fd36-f4a8-45e5-ad91-bdd87731a7ba,2026-07-01T17:45:00Z,2026-07-01T19:45:00+0200,492.957,MW,DE,DE_LU,actual_offshore_wind_generation,Wind Offshore,2026-07-08T18:59:57Z
2026-07-08T18:58:29Z,2026-07-08T20:58:29+0200,e401fd36-f4a8-45e5-ad91-bdd87731a7ba,2026-07-01T18:00:00Z,2026-07-01T20:00:00+0200,512.107,MW,DE,DE_LU,actual_offshore_wind_generation,Wind Offshore,2026-07-08T18:59:57Z
2026-07-08T18:58:29Z,2026-07-08T20:58:29+0200,e401fd36-f4a8-45e5-ad91-bdd87731a7ba,2026-07-01T18:15:00Z,2026-07-01T20:15:00+0200,583.019,MW,DE,DE_LU,actual_offshore_wind_generation,Wind Offshore,2026-07-08T18:59:57Z
2026-07-08T18:58:29Z,2026-07-08T20:58:29+0200,e401fd36-f4a8-45e5-ad91-bdd87731a7ba,2026-07-01T18:30:00Z,2026-07-01T20:30:00+0200,675.178,MW,DE,DE_LU,actual_offshore_wind_generation,Wind Offshore,2026-07-08T18:59:57Z
2026-07-08T18:58:29Z,2026-07-08T20:58:29+0200,e401fd36-f4a8-45e5-ad91-bdd87731a7ba,2026-07-01T18:45:00Z,2026-07-01T20:45:00+0200,701.503,MW,DE,DE_LU,actual_offshore_wind_generation,Wind Offshore,2026-07-08T18:59:57Z
2026-07-08T18:58:29Z,2026-07-08T20:58:29+0200,e401fd36-f4a8-45e5-ad91-bdd87731a7ba,2026-07-01T19:00:00Z,2026-07-01T21:00:00+0200,719.777,MW,DE,DE_LU,actual_offshore_wind_generation,Wind Offshore,2026-07-08T18:59:57Z
2026-07-08T18:58:29Z,2026-07-08T20:58:29+0200,e401fd36-f4a8-45e5-ad91-bdd87731a7ba,2026-07-01T19:15:00Z,2026-07-01T21:15:00+0200,753.069,MW,DE,DE_LU,actual_offshore_wind_generation,Wind Offshore,2026-07-08T18:59:57Z
2026-07-08T18:58:29Z,2026-07-08T20:58:29+0200,e401fd36-f4a8-45e5-ad91-bdd87731a7ba,2026-07-01T19:30:00Z,2026-07-01T21:30:00+0200,756.24,MW,DE,DE_LU,actual_offshore_wind_generation,Wind Offshore,2026-07-08T18:59:57Z
2026-07-08T18:58:29Z,2026-07-08T20:58:29+0200,e401fd36-f4a8-45e5-ad91-bdd87731a7ba,2026-07-01T19:45:00Z,2026-07-01T21:45:00+0200,671.835,MW,DE,DE_LU,actual_offshore_wind_generation,Wind Offshore,2026-07-08T18:59:57Z
2026-07-08T18:58:29Z,2026-07-08T20:58:29+0200,e401fd36-f4a8-45e5-ad91-bdd87731a7ba,2026-07-01T20:00:00Z,2026-07-01T22:00:00+0200,561.125,MW,DE,DE_LU,actual_offshore_wind_generation,Wind Offshore,2026-07-08T18:59:57Z
2026-07-08T18:58:29Z,2026-07-08T20:58:29+0200,e401fd36-f4a8-45e5-ad91-bdd87731a7ba,2026-07-01T20:15:00Z,2026-07-01T22:15:00+0200,425.313,MW,DE,DE_LU,actual_offshore_wind_generation,Wind Offshore,2026-07-08T18:59:57Z
2026-07-08T18:58:29Z,2026-07-08T20:58:29+0200,e401fd36-f4a8-45e5-ad91-bdd87731a7ba,2026-07-01T20:30:00Z,2026-07-01T22:30:00+0200,363.951,MW,DE,DE_LU,actual_offshore_wind_generation,Wind Offshore,2026-07-08T18:59:57Z
2026-07-08T18:58:29Z,2026-07-08T20:58:29+0200,e401fd36-f4a8-45e5-ad91-bdd87731a7ba,2026-07-01T20:45:00Z,2026-07-01T22:45:00+0200,336.164,MW,DE,DE_LU,actual_offshore_wind_generation,Wind Offshore,2026-07-08T18:59:57Z
2026-07-08T18:58:29Z,2026-07-08T20:58:29+0200,e401fd36-f4a8-45e5-ad91-bdd87731a7ba,2026-07-01T21:00:00Z,2026-07-01T23:00:00+0200,329.408,MW,DE,DE_LU,actual_offshore_wind_generation,Wind Offshore,2026-07-08T18:59:57Z
2026-07-08T18:58:29Z,2026-07-08T20:58:29+0200,e401fd36-f4a8-45e5-ad91-bdd87731a7ba,2026-07-01T21:15:00Z,2026-07-01T23:15:00+0200,337.061,MW,DE,DE_LU,actual_offshore_wind_generation,Wind Offshore,2026-07-08T18:59:57Z
2026-07-08T18:58:29Z,2026-07-08T20:58:29+0200,e401fd36-f4a8-45e5-ad91-bdd87731a7ba,2026-07-01T21:30:00Z,2026-07-01T23:30:00+0200,368.922,MW,DE,DE_LU,actual_offshore_wind_generation,Wind Offshore,2026-07-08T18:59:57Z
2026-07-08T18:58:29Z,2026-07-08T20:58:29+0200,e401fd36-f4a8-45e5-ad91-bdd87731a7ba,2026-07-01T21:45:00Z,2026-07-01T23:45:00+0200,408.203,MW,DE,DE_LU,actual_offshore_wind_generation,Wind Offshore,2026-07-08T18:59:57Z
2026-07-08T18:58:29Z,2026-07-08T20:58:29+0200,e401fd36-f4a8-45e5-ad91-bdd87731a7ba,2026-07-01T22:00:00Z,2026-07-02T00:00:00+0200,480.991,MW,DE,DE_LU,actual_offshore_wind_generation,Wind Offshore,2026-07-08T18:59:57Z
2026-07-08T18:58:29Z,2026-07-08T20:58:29+0200,e401fd36-f4a8-45e5-ad91-bdd87731a7ba,2026-07-01T22:15:00Z,2026-07-02T00:15:00+0200,578.076,MW,DE,DE_LU,actual_offshore_wind_generation,Wind Offshore,2026-07-08T18:59:57Z
2026-07-08T18:58:29Z,2026-07-08T20:58:29+0200,e401fd36-f4a8-45e5-ad91-bdd87731a7ba,2026-07-01T22:30:00Z,2026-07-02T00:30:00+0200,715.807,MW,DE,DE_LU,actual_offshore_wind_generation,Wind Offshore,2026-07-08T18:59:57Z
2026-07-08T18:58:29Z,2026-07-08T20:58:29+0200,e401fd36-f4a8-45e5-ad91-bdd87731a7ba,2026-07-01T22:45:00Z,2026-07-02T00:45:00+0200,900.553,MW,DE,DE_LU,actual_offshore_wind_generation,Wind Offshore,2026-07-08T18:59:57Z
2026-07-08T18:58:29Z,2026-07-08T20:58:29+0200,e401fd36-f4a8-45e5-ad91-bdd87731a7ba,2026-07-01T23:00:00Z,2026-07-02T01:00:00+0200,1075.444,MW,DE,DE_LU,actual_offshore_wind_generation,Wind Offshore,2026-07-08T18:59:57Z
2026-07-08T18:58:29Z,2026-07-08T20:58:29+0200,e401fd36-f4a8-45e5-ad91-bdd87731a7ba,2026-07-01T23:15:00Z,2026-07-02T01:15:00+0200,1321.678,MW,DE,DE_LU,actual_offshore_wind_generation,Wind Offshore,2026-07-08T18:59:57Z
2026-07-08T18:58:29Z,2026-07-08T20:58:29+0200,e401fd36-f4a8-45e5-ad91-bdd87731a7ba,2026-07-01T23:30:00Z,2026-07-02T01:30:00+0200,1585.575,MW,DE,DE_LU,actual_offshore_wind_generation,Wind Offshore,2026-07-08T18:59:57Z
2026-07-08T18:58:29Z,2026-07-08T20:58:29+0200,e401fd36-f4a8-45e5-ad91-bdd87731a7ba,2026-07-01T23:45:00Z,2026-07-02T01:45:00+0200,1863.009,MW,DE,DE_LU,actual_offshore_wind_generation,Wind Offshore,2026-07-08T18:59:57Z
2026-07-08T18:58:29Z,2026-07-08T20:58:29+0200,e401fd36-f4a8-45e5-ad91-bdd87731a7ba,2026-07-02T00:00:00Z,2026-07-02T02:00:00+0200,2134.796,MW,DE,DE_LU,actual_offshore_wind_generation,Wind Offshore,2026-07-08T18:59:57Z
2026-07-08T18:58:29Z,2026-07-08T20:58:29+0200,e401fd36-f4a8-45e5-ad91-bdd87731a7ba,2026-07-02T00:15:00Z,2026-07-02T02:15:00+0200,2400.725,MW,DE,DE_LU,actual_offshore_wind_generation,Wind Offshore,2026-07-08T18:59:57Z
2026-07-08T18:58:29Z,2026-07-08T20:58:29+0200,e401fd36-f4a8-45e5-ad91-bdd87731a7ba,2026-07-02T00:30:00Z,2026-07-02T02:30:00+0200,2713.023,MW,DE,DE_LU,actual_offshore_wind_generation,Wind Offshore,2026-07-08T18:59:57Z
2026-07-08T18:58:29Z,2026-07-08T20:58:29+0200,e401fd36-f4a8-45e5-ad91-bdd87731a7ba,2026-07-02T00:45:00Z,2026-07-02T02:45:00+0200,3074.568,MW,DE,DE_LU,actual_offshore_wind_generation,Wind Offshore,2026-07-08T18:59:57Z
2026-07-08T18:58:29Z,2026-07-08T20:58:29+0200,e401fd36-f4a8-45e5-ad91-bdd87731a7ba,2026-07-02T01:00:00Z,2026-07-02T03:00:00+0200,3458.635,MW,DE,DE_LU,actual_offshore_wind_generation,Wind Offshore,2026-07-08T18:59:57Z
2026-07-08T18:58:29Z,2026-07-08T20:58:29+0200,e401fd36-f4a8-45e5-ad91-bdd87731a7ba,2026-07-02T01:15:00Z,2026-07-02T03:15:00+0200,3576.722,MW,DE,DE_LU,actual_offshore_wind_generation,Wind Offshore,2026-07-08T18:59:57Z
2026-07-08T18:58:29Z,2026-07-08T20:58:29+0200,e401fd36-f4a8-45e5-ad91-bdd87731a7ba,2026-07-02T01:30:00Z,2026-07-02T03:30:00+0200,3949.366,MW,DE,DE_LU,actual_offshore_wind_generation,Wind Offshore,2026-07-08T18:59:57Z
2026-07-08T18:58:29Z,2026-07-08T20:58:29+0200,e401fd36-f4a8-45e5-ad91-bdd87731a7ba,2026-07-02T01:45:00Z,2026-07-02T03:45:00+0200,4157.924,MW,DE,DE_LU,actual_offshore_wind_generation,Wind Offshore,2026-07-08T18:59:57Z
2026-07-08T18:58:29Z,2026-07-08T20:58:29+0200,e401fd36-f4a8-45e5-ad91-bdd87731a7ba,2026-07-02T02:00:00Z,2026-07-02T04:00:00+0200,4541.997,MW,DE,DE_LU,actual_offshore_wind_generation,Wind Offshore,2026-07-08T18:59:57Z
2026-07-08T18:58:29Z,2026-07-08T20:58:29+0200,e401fd36-f4a8-45e5-ad91-bdd87731a7ba,2026-07-02T02:15:00Z,2026-07-02T04:15:00+0200,4734.833,MW,DE,DE_LU,actual_offshore_wind_generation,Wind Offshore,2026-07-08T18:59:57Z
2026-07-08T18:58:29Z,2026-07-08T20:58:29+0200,e401fd36-f4a8-45e5-ad91-bdd87731a7ba,2026-07-02T02:30:00Z,2026-07-02T04:30:00+0200,4950.706,MW,DE,DE_LU,actual_offshore_wind_generation,Wind Offshore,2026-07-08T18:59:57Z
2026-07-08T18:58:29Z,2026-07-08T20:58:29+0200,e401fd36-f4a8-45e5-ad91-bdd87731a7ba,2026-07-02T02:45:00Z,2026-07-02T04:45:00+0200,5168.807,MW,DE,DE_LU,actual_offshore_wind_generation,Wind Offshore,2026-07-08T18:59:57Z
2026-07-08T18:58:29Z,2026-07-08T20:58:29+0200,e401fd36-f4a8-45e5-ad91-bdd87731a7ba,2026-07-02T03:00:00Z,2026-07-02T05:00:00+0200,5358.623,MW,DE,DE_LU,actual_offshore_wind_generation,Wind Offshore,2026-07-08T18:59:57Z
2026-07-08T18:58:29Z,2026-07-08T20:58:29+0200,e401fd36-f4a8-45e5-ad91-bdd87731a7ba,2026-07-02T03:15:00Z,2026-07-02T05:15:00+0200,5694.177,MW,DE,DE_LU,actual_offshore_wind_generation,Wind Offshore,2026-07-08T18:59:57Z
2026-07-08T18:58:29Z,2026-07-08T20:58:29+0200,e401fd36-f4a8-45e5-ad91-bdd87731a7ba,2026-07-02T03:30:00Z,2026-07-02T05:30:00+0200,5785.239,MW,DE,DE_LU,actual_offshore_wind_generation,Wind Offshore,2026-07-08T18:59:57Z
2026-07-08T18:58:29Z,2026-07-08T20:58:29+0200,e401fd36-f4a8-45e5-ad91-bdd87731a7ba,2026-07-02T03:45:00Z,2026-07-02T05:45:00+0200,5558.715,MW,DE,DE_LU,actual_offshore_wind_generation,Wind Offshore,2026-07-08T18:59:57Z
2026-07-08T18:58:29Z,2026-07-08T20:58:29+0200,e401fd36-f4a8-45e5-ad91-bdd87731a7ba,2026-07-02T04:00:00Z,2026-07-02T06:00:00+0200,5361.725,MW,DE,DE_LU,actual_offshore_wind_generation,Wind Offshore,2026-07-08T18:59:57Z
2026-07-08T18:58:29Z,2026-07-08T20:58:29+0200,e401fd36-f4a8-45e5-ad91-bdd87731a7ba,2026-07-02T04:15:00Z,2026-07-02T06:15:00+0200,5574.113,MW,DE,DE_LU,actual_offshore_wind_generation,Wind Offshore,2026-07-08T18:59:57Z
2026-07-08T18:58:29Z,2026-07-08T20:58:29+0200,e401fd36-f4a8-45e5-ad91-bdd87731a7ba,2026-07-02T04:30:00Z,2026-07-02T06:30:00+0200,5797.109,MW,DE,DE_LU,actual_offshore_wind_generation,Wind Offshore,2026-07-08T18:59:57Z
2026-07-08T18:58:29Z,2026-07-08T20:58:29+0200,e401fd36-f4a8-45e5-ad91-bdd87731a7ba,2026-07-02T04:45:00Z,2026-07-02T06:45:00+0200,5341.003,MW,DE,DE_LU,actual_offshore_wind_generation,Wind Offshore,2026-07-08T18:59:57Z
2026-07-08T18:58:29Z,2026-07-08T20:58:29+0200,e401fd36-f4a8-45e5-ad91-bdd87731a7ba,2026-07-02T05:00:00Z,2026-07-02T07:00:00+0200,5034.006,MW,DE,DE_LU,actual_offshore_wind_generation,Wind Offshore,2026-07-08T18:59:57Z
2026-07-08T18:58:29Z,2026-07-08T20:58:29+0200,e401fd36-f4a8-45e5-ad91-bdd87731a7ba,2026-07-02T05:15:00Z,2026-07-02T07:15:00+0200,4545.803,MW,DE,DE_LU,actual_offshore_wind_generation,Wind Offshore,2026-07-08T18:59:57Z
2026-07-08T18:58:29Z,2026-07-08T20:58:29+0200,e401fd36-f4a8-45e5-ad91-bdd87731a7ba,2026-07-02T05:30:00Z,2026-07-02T07:30:00+0200,4544.898,MW,DE,DE_LU,actual_offshore_wind_generation,Wind Offshore,2026-07-08T18:59:57Z
2026-07-08T18:58:29Z,2026-07-08T20:58:29+0200,e401fd36-f4a8-45e5-ad91-bdd87731a7ba,2026-07-02T05:45:00Z,2026-07-02T07:45:00+0200,4736.573,MW,DE,DE_LU,actual_offshore_wind_generation,Wind Offshore,2026-07-08T18:59:57Z
2026-07-08T18:58:29Z,2026-07-08T20:58:29+0200,e401fd36-f4a8-45e5-ad91-bdd87731a7ba,2026-07-02T06:00:00Z,2026-07-02T08:00:00+0200,3794.44,MW,DE,DE_LU,actual_offshore_wind_generation,Wind Offshore,2026-07-08T18:59:57Z
2026-07-08T18:58:29Z,2026-07-08T20:58:29+0200,e401fd36-f4a8-45e5-ad91-bdd87731a7ba,2026-07-02T06:15:00Z,2026-07-02T08:15:00+0200,4303.013,MW,DE,DE_LU,actual_offshore_wind_generation,Wind Offshore,2026-07-08T18:59:57Z
2026-07-08T18:58:29Z,2026-07-08T20:58:29+0200,e401fd36-f4a8-45e5-ad91-bdd87731a7ba,2026-07-02T06:30:00Z,2026-07-02T08:30:00+0200,4395.399,MW,DE,DE_LU,actual_offshore_wind_generation,Wind Offshore,2026-07-08T18:59:57Z
2026-07-08T18:58:29Z,2026-07-08T20:58:29+0200,e401fd36-f4a8-45e5-ad91-bdd87731a7ba,2026-07-02T06:45:00Z,2026-07-02T08:45:00+0200,4409.662,MW,DE,DE_LU,actual_offshore_wind_generation,Wind Offshore,2026-07-08T18:59:57Z
2026-07-08T18:58:29Z,2026-07-08T20:58:29+0200,e401fd36-f4a8-45e5-ad91-bdd87731a7ba,2026-07-02T07:00:00Z,2026-07-02T09:00:00+0200,4280.373,MW,DE,DE_LU,actual_offshore_wind_generation,Wind Offshore,2026-07-08T18:59:57Z
2026-07-08T18:58:29Z,2026-07-08T20:58:29+0200,e401fd36-f4a8-45e5-ad91-bdd87731a7ba,2026-07-02T07:15:00Z,2026-07-02T09:15:00+0200,4233.817,MW,DE,DE_LU,actual_offshore_wind_generation,Wind Offshore,2026-07-08T18:59:57Z
2026-07-08T18:58:29Z,2026-07-08T20:58:29+0200,e401fd36-f4a8-45e5-ad91-bdd87731a7ba,2026-07-02T07:30:00Z,2026-07-02T09:30:00+0200,4168.454,MW,DE,DE_LU,actual_offshore_wind_generation,Wind Offshore,2026-07-08T18:59:57Z
2026-07-08T18:58:29Z,2026-07-08T20:58:29+0200,e401fd36-f4a8-45e5-ad91-bdd87731a7ba,2026-07-02T07:45:00Z,2026-07-02T09:45:00+0200,4063.071,MW,DE,DE_LU,actual_offshore_wind_generation,Wind Offshore,2026-07-08T18:59:57Z
2026-07-08T18:58:29Z,2026-07-08T20:58:29+0200,e401fd36-f4a8-45e5-ad91-bdd87731a7ba,2026-07-02T08:00:00Z,2026-07-02T10:00:00+0200,4380.699,MW,DE,DE_LU,actual_offshore_wind_generation,Wind Offshore,2026-07-08T18:59:57Z
2026-07-08T18:58:29Z,2026-07-08T20:58:29+0200,e401fd36-f4a8-45e5-ad91-bdd87731a7ba,2026-07-02T08:15:00Z,2026-07-02T10:15:00+0200,4690.245,MW,DE,DE_LU,actual_offshore_wind_generation,Wind Offshore,2026-07-08T18:59:57Z
2026-07-08T18:58:29Z,2026-07-08T20:58:29+0200,e401fd36-f4a8-45e5-ad91-bdd87731a7ba,2026-07-02T08:30:00Z,2026-07-02T10:30:00+0200,4787.104,MW,DE,DE_LU,actual_offshore_wind_generation,Wind Offshore,2026-07-08T18:59:57Z
2026-07-08T18:58:29Z,2026-07-08T20:58:29+0200,e401fd36-f4a8-45e5-ad91-bdd87731a7ba,2026-07-02T08:45:00Z,2026-07-02T10:45:00+0200,4770.221,MW,DE,DE_LU,actual_offshore_wind_generation,Wind Offshore,2026-07-08T18:59:57Z
2026-07-08T18:58:29Z,2026-07-08T20:58:29+0200,e401fd36-f4a8-45e5-ad91-bdd87731a7ba,2026-07-02T09:00:00Z,2026-07-02T11:00:00+0200,3719.243,MW,DE,DE_LU,actual_offshore_wind_generation,Wind Offshore,2026-07-08T18:59:57Z
2026-07-08T18:58:29Z,2026-07-08T20:58:29+0200,e401fd36-f4a8-45e5-ad91-bdd87731a7ba,2026-07-02T09:15:00Z,2026-07-02T11:15:00+0200,3731.237,MW,DE,DE_LU,actual_offshore_wind_generation,Wind Offshore,2026-07-08T18:59:57Z
2026-07-08T18:58:29Z,2026-07-08T20:58:29+0200,e401fd36-f4a8-45e5-ad91-bdd87731a7ba,2026-07-02T09:30:00Z,2026-07-02T11:30:00+0200,3612.227,MW,DE,DE_LU,actual_offshore_wind_generation,Wind Offshore,2026-07-08T18:59:57Z
2026-07-08T18:58:29Z,2026-07-08T20:58:29+0200,e401fd36-f4a8-45e5-ad91-bdd87731a7ba,2026-07-02T09:45:00Z,2026-07-02T11:45:00+0200,3926.352,MW,DE,DE_LU,actual_offshore_wind_generation,Wind Offshore,2026-07-08T18:59:57Z
2026-07-08T18:58:29Z,2026-07-08T20:58:29+0200,e401fd36-f4a8-45e5-ad91-bdd87731a7ba,2026-07-02T10:00:00Z,2026-07-02T12:00:00+0200,3597.535,MW,DE,DE_LU,actual_offshore_wind_generation,Wind Offshore,2026-07-08T18:59:57Z
2026-07-08T18:58:29Z,2026-07-08T20:58:29+0200,e401fd36-f4a8-45e5-ad91-bdd87731a7ba,2026-07-02T10:15:00Z,2026-07-02T12:15:00+0200,3767.608,MW,DE,DE_LU,actual_offshore_wind_generation,Wind Offshore,2026-07-08T18:59:57Z
2026-07-08T18:58:29Z,2026-07-08T20:58:29+0200,e401fd36-f4a8-45e5-ad91-bdd87731a7ba,2026-07-02T10:30:00Z,2026-07-02T12:30:00+0200,3547.036,MW,DE,DE_LU,actual_offshore_wind_generation,Wind Offshore,2026-07-08T18:59:57Z
2026-07-08T18:58:29Z,2026-07-08T20:58:29+0200,e401fd36-f4a8-45e5-ad91-bdd87731a7ba,2026-07-02T10:45:00Z,2026-07-02T12:45:00+0200,3259.864,MW,DE,DE_LU,actual_offshore_wind_generation,Wind Offshore,2026-07-08T18:59:57Z
2026-07-08T18:58:29Z,2026-07-08T20:58:29+0200,e401fd36-f4a8-45e5-ad91-bdd87731a7ba,2026-07-02T11:00:00Z,2026-07-02T13:00:00+0200,3289.174,MW,DE,DE_LU,actual_offshore_wind_generation,Wind Offshore,2026-07-08T18:59:57Z
2026-07-08T18:58:29Z,2026-07-08T20:58:29+0200,e401fd36-f4a8-45e5-ad91-bdd87731a7ba,2026-07-02T11:15:00Z,2026-07-02T13:15:00+0200,3296.549,MW,DE,DE_LU,actual_offshore_wind_generation,Wind Offshore,2026-07-08T18:59:57Z
2026-07-08T18:58:29Z,2026-07-08T20:58:29+0200,e401fd36-f4a8-45e5-ad91-bdd87731a7ba,2026-07-02T11:30:00Z,2026-07-02T13:30:00+0200,3422.519,MW,DE,DE_LU,actual_offshore_wind_generation,Wind Offshore,2026-07-08T18:59:57Z
2026-07-08T18:58:29Z,2026-07-08T20:58:29+0200,e401fd36-f4a8-45e5-ad91-bdd87731a7ba,2026-07-02T11:45:00Z,2026-07-02T13:45:00+0200,3252.813,MW,DE,DE_LU,actual_offshore_wind_generation,Wind Offshore,2026-07-08T18:59:57Z
2026-07-08T18:58:29Z,2026-07-08T20:58:29+0200,e401fd36-f4a8-45e5-ad91-bdd87731a7ba,2026-07-02T12:00:00Z,2026-07-02T14:00:00+0200,2890.001,MW,DE,DE_LU,actual_offshore_wind_generation,Wind Offshore,2026-07-08T18:59:57Z
2026-07-08T18:58:29Z,2026-07-08T20:58:29+0200,e401fd36-f4a8-45e5-ad91-bdd87731a7ba,2026-07-02T12:15:00Z,2026-07-02T14:15:00+0200,2869.046,MW,DE,DE_LU,actual_offshore_wind_generation,Wind Offshore,2026-07-08T18:59:57Z
2026-07-08T18:58:29Z,2026-07-08T20:58:29+0200,e401fd36-f4a8-45e5-ad91-bdd87731a7ba,2026-07-02T12:30:00Z,2026-07-02T14:30:00+0200,2771.014,MW,DE,DE_LU,actual_offshore_wind_generation,Wind Offshore,2026-07-08T18:59:57Z
2026-07-08T18:58:29Z,2026-07-08T20:58:29+0200,e401fd36-f4a8-45e5-ad91-bdd87731a7ba,2026-07-02T12:45:00Z,2026-07-02T14:45:00+0200,2675.91,MW,DE,DE_LU,actual_offshore_wind_generation,Wind Offshore,2026-07-08T18:59:57Z
2026-07-08T18:58:29Z,2026-07-08T20:58:29+0200,e401fd36-f4a8-45e5-ad91-bdd87731a7ba,2026-07-02T13:00:00Z,2026-07-02T15:00:00+0200,3115.749,MW,DE,DE_LU,actual_offshore_wind_generation,Wind Offshore,2026-07-08T18:59:57Z
2026-07-08T18:58:29Z,2026-07-08T20:58:29+0200,e401fd36-f4a8-45e5-ad91-bdd87731a7ba,2026-07-02T13:15:00Z,2026-07-02T15:15:00+0200,3198.333,MW,DE,DE_LU,actual_offshore_wind_generation,Wind Offshore,2026-07-08T18:59:57Z
2026-07-08T18:58:29Z,2026-07-08T20:58:29+0200,e401fd36-f4a8-45e5-ad91-bdd87731a7ba,2026-07-02T13:30:00Z,2026-07-02T15:30:00+0200,3396.213,MW,DE,DE_LU,actual_offshore_wind_generation,Wind Offshore,2026-07-08T18:59:57Z
2026-07-08T18:58:29Z,2026-07-08T20:58:29+0200,e401fd36-f4a8-45e5-ad91-bdd87731a7ba,2026-07-02T13:45:00Z,2026-07-02T15:45:00+0200,3547.253,MW,DE,DE_LU,actual_offshore_wind_generation,Wind Offshore,2026-07-08T18:59:57Z
2026-07-08T18:58:29Z,2026-07-08T20:58:29+0200,e401fd36-f4a8-45e5-ad91-bdd87731a7ba,2026-07-02T14:00:00Z,2026-07-02T16:00:00+0200,3745.259,MW,DE,DE_LU,actual_offshore_wind_generation,Wind Offshore,2026-07-08T18:59:57Z
2026-07-08T18:58:29Z,2026-07-08T20:58:29+0200,e401fd36-f4a8-45e5-ad91-bdd87731a7ba,2026-07-02T14:15:00Z,2026-07-02T16:15:00+0200,3679.207,MW,DE,DE_LU,actual_offshore_wind_generation,Wind Offshore,2026-07-08T18:59:57Z
2026-07-08T18:58:29Z,2026-07-08T20:58:29+0200,e401fd36-f4a8-45e5-ad91-bdd87731a7ba,2026-07-02T14:30:00Z,2026-07-02T16:30:00+0200,3831.758,MW,DE,DE_LU,actual_offshore_wind_generation,Wind Offshore,2026-07-08T18:59:57Z
2026-07-08T18:58:29Z,2026-07-08T20:58:29+0200,e401fd36-f4a8-45e5-ad91-bdd87731a7ba,2026-07-02T14:45:00Z,2026-07-02T16:45:00+0200,3887.374,MW,DE,DE_LU,actual_offshore_wind_generation,Wind Offshore,2026-07-08T18:59:57Z
2026-07-08T18:58:29Z,2026-07-08T20:58:29+0200,e401fd36-f4a8-45e5-ad91-bdd87731a7ba,2026-07-02T15:00:00Z,2026-07-02T17:00:00+0200,4769.958,MW,DE,DE_LU,actual_offshore_wind_generation,Wind Offshore,2026-07-08T18:59:57Z
2026-07-08T18:58:29Z,2026-07-08T20:58:29+0200,e401fd36-f4a8-45e5-ad91-bdd87731a7ba,2026-07-02T15:15:00Z,2026-07-02T17:15:00+0200,4961.985,MW,DE,DE_LU,actual_offshore_wind_generation,Wind Offshore,2026-07-08T18:59:57Z
2026-07-08T18:58:29Z,2026-07-08T20:58:29+0200,e401fd36-f4a8-45e5-ad91-bdd87731a7ba,2026-07-02T15:30:00Z,2026-07-02T17:30:00+0200,5698.567,MW,DE,DE_LU,actual_offshore_wind_generation,Wind Offshore,2026-07-08T18:59:57Z
2026-07-08T18:58:29Z,2026-07-08T20:58:29+0200,e401fd36-f4a8-45e5-ad91-bdd87731a7ba,2026-07-02T15:45:00Z,2026-07-02T17:45:00+0200,5678.564,MW,DE,DE_LU,actual_offshore_wind_generation,Wind Offshore,2026-07-08T18:59:57Z
2026-07-08T18:58:29Z,2026-07-08T20:58:29+0200,e401fd36-f4a8-45e5-ad91-bdd87731a7ba,2026-07-02T16:00:00Z,2026-07-02T18:00:00+0200,2850.743,MW,DE,DE_LU,actual_offshore_wind_generation,Wind Offshore,2026-07-08T18:59:57Z
2026-07-08T18:58:29Z,2026-07-08T20:58:29+0200,e401fd36-f4a8-45e5-ad91-bdd87731a7ba,2026-07-02T16:15:00Z,2026-07-02T18:15:00+0200,2236.188,MW,DE,DE_LU,actual_offshore_wind_generation,Wind Offshore,2026-07-08T18:59:57Z
2026-07-08T18:58:29Z,2026-07-08T20:58:29+0200,e401fd36-f4a8-45e5-ad91-bdd87731a7ba,2026-07-02T16:30:00Z,2026-07-02T18:30:00+0200,2597.694,MW,DE,DE_LU,actual_offshore_wind_generation,Wind Offshore,2026-07-08T18:59:57Z
2026-07-08T18:58:29Z,2026-07-08T20:58:29+0200,e401fd36-f4a8-45e5-ad91-bdd87731a7ba,2026-07-02T16:45:00Z,2026-07-02T18:45:00+0200,2463.291,MW,DE,DE_LU,actual_offshore_wind_generation,Wind Offshore,2026-07-08T18:59:57Z
2026-07-08T18:58:29Z,2026-07-08T20:58:29+0200,e401fd36-f4a8-45e5-ad91-bdd87731a7ba,2026-07-02T17:00:00Z,2026-07-02T19:00:00+0200,3211.012,MW,DE,DE_LU,actual_offshore_wind_generation,Wind Offshore,2026-07-08T18:59:57Z
2026-07-08T18:58:29Z,2026-07-08T20:58:29+0200,e401fd36-f4a8-45e5-ad91-bdd87731a7ba,2026-07-02T17:15:00Z,2026-07-02T19:15:00+0200,3313.067,MW,DE,DE_LU,actual_offshore_wind_generation,Wind Offshore,2026-07-08T18:59:57Z
2026-07-08T18:58:29Z,2026-07-08T20:58:29+0200,e401fd36-f4a8-45e5-ad91-bdd87731a7ba,2026-07-02T17:30:00Z,2026-07-02T19:30:00+0200,3288.612,MW,DE,DE_LU,actual_offshore_wind_generation,Wind Offshore,2026-07-08T18:59:57Z
2026-07-08T18:58:29Z,2026-07-08T20:58:29+0200,e401fd36-f4a8-45e5-ad91-bdd87731a7ba,2026-07-02T17:45:00Z,2026-07-02T19:45:00+0200,3104.434,MW,DE,DE_LU,actual_offshore_wind_generation,Wind Offshore,2026-07-08T18:59:57Z
2026-07-08T18:58:29Z,2026-07-08T20:58:29+0200,e401fd36-f4a8-45e5-ad91-bdd87731a7ba,2026-07-02T18:00:00Z,2026-07-02T20:00:00+0200,3348.186,MW,DE,DE_LU,actual_offshore_wind_generation,Wind Offshore,2026-07-08T18:59:57Z
2026-07-08T18:58:29Z,2026-07-08T20:58:29+0200,e401fd36-f4a8-45e5-ad91-bdd87731a7ba,2026-07-02T18:15:00Z,2026-07-02T20:15:00+0200,3368.314,MW,DE,DE_LU,actual_offshore_wind_generation,Wind Offshore,2026-07-08T18:59:57Z
2026-07-08T18:58:29Z,2026-07-08T20:58:29+0200,e401fd36-f4a8-45e5-ad91-bdd87731a7ba,2026-07-02T18:30:00Z,2026-07-02T20:30:00+0200,3364.372,MW,DE,DE_LU,actual_offshore_wind_generation,Wind Offshore,2026-07-08T18:59:57Z
2026-07-08T18:58:29Z,2026-07-08T20:58:29+0200,e401fd36-f4a8-45e5-ad91-bdd87731a7ba,2026-07-02T18:45:00Z,2026-07-02T20:45:00+0200,3359.971,MW,DE,DE_LU,actual_offshore_wind_generation,Wind Offshore,2026-07-08T18:59:57Z
2026-07-08T18:58:29Z,2026-07-08T20:58:29+0200,e401fd36-f4a8-45e5-ad91-bdd87731a7ba,2026-07-02T19:00:00Z,2026-07-02T21:00:00+0200,3342.656,MW,DE,DE_LU,actual_offshore_wind_generation,Wind Offshore,2026-07-08T18:59:57Z
2026-07-08T18:58:29Z,2026-07-08T20:58:29+0200,e401fd36-f4a8-45e5-ad91-bdd87731a7ba,2026-07-02T19:15:00Z,2026-07-02T21:15:00+0200,3412.634,MW,DE,DE_LU,actual_offshore_wind_generation,Wind Offshore,2026-07-08T18:59:57Z
2026-07-08T18:58:29Z,2026-07-08T20:58:29+0200,e401fd36-f4a8-45e5-ad91-bdd87731a7ba,2026-07-02T19:30:00Z,2026-07-02T21:30:00+0200,3390.929,MW,DE,DE_LU,actual_offshore_wind_generation,Wind Offshore,2026-07-08T18:59:57Z
2026-07-08T18:58:29Z,2026-07-08T20:58:29+0200,e401fd36-f4a8-45e5-ad91-bdd87731a7ba,2026-07-02T19:45:00Z,2026-07-02T21:45:00+0200,3351.088,MW,DE,DE_LU,actual_offshore_wind_generation,Wind Offshore,2026-07-08T18:59:57Z
2026-07-08T18:58:29Z,2026-07-08T20:58:29+0200,e401fd36-f4a8-45e5-ad91-bdd87731a7ba,2026-07-02T20:00:00Z,2026-07-02T22:00:00+0200,3909.826,MW,DE,DE_LU,actual_offshore_wind_generation,Wind Offshore,2026-07-08T18:59:57Z
2026-07-08T18:58:29Z,2026-07-08T20:58:29+0200,e401fd36-f4a8-45e5-ad91-bdd87731a7ba,2026-07-02T20:15:00Z,2026-07-02T22:15:00+0200,4082.832,MW,DE,DE_LU,actual_offshore_wind_generation,Wind Offshore,2026-07-08T18:59:57Z
2026-07-08T18:58:29Z,2026-07-08T20:58:29+0200,e401fd36-f4a8-45e5-ad91-bdd87731a7ba,2026-07-02T20:30:00Z,2026-07-02T22:30:00+0200,4161.233,MW,DE,DE_LU,actual_offshore_wind_generation,Wind Offshore,2026-07-08T18:59:57Z
2026-07-08T18:58:29Z,2026-07-08T20:58:29+0200,e401fd36-f4a8-45e5-ad91-bdd87731a7ba,2026-07-02T20:45:00Z,2026-07-02T22:45:00+0200,4209.331,MW,DE,DE_LU,actual_offshore_wind_generation,Wind Offshore,2026-07-08T18:59:57Z
2026-07-08T18:58:29Z,2026-07-08T20:58:29+0200,e401fd36-f4a8-45e5-ad91-bdd87731a7ba,2026-07-02T21:00:00Z,2026-07-02T23:00:00+0200,4185.02,MW,DE,DE_LU,actual_offshore_wind_generation,Wind Offshore,2026-07-08T18:59:57Z
2026-07-08T18:58:29Z,2026-07-08T20:58:29+0200,e401fd36-f4a8-45e5-ad91-bdd87731a7ba,2026-07-02T21:15:00Z,2026-07-02T23:15:00+0200,4211.131,MW,DE,DE_LU,actual_offshore_wind_generation,Wind Offshore,2026-07-08T18:59:57Z
2026-07-08T18:58:29Z,2026-07-08T20:58:29+0200,e401fd36-f4a8-45e5-ad91-bdd87731a7ba,2026-07-02T21:30:00Z,2026-07-02T23:30:00+0200,4235.116,MW,DE,DE_LU,actual_offshore_wind_generation,Wind Offshore,2026-07-08T18:59:57Z
2026-07-08T18:58:29Z,2026-07-08T20:58:29+0200,e401fd36-f4a8-45e5-ad91-bdd87731a7ba,2026-07-02T21:45:00Z,2026-07-02T23:45:00+0200,4222.717,MW,DE,DE_LU,actual_offshore_wind_generation,Wind Offshore,2026-07-08T18:59:57Z
2026-07-08T18:58:29Z,2026-07-08T20:58:29+0200,e401fd36-f4a8-45e5-ad91-bdd87731a7ba,2026-07-02T22:00:00Z,2026-07-03T00:00:00+0200,5423.287,MW,DE,DE_LU,actual_offshore_wind_generation,Wind Offshore,2026-07-08T18:59:57Z
2026-07-08T18:58:29Z,2026-07-08T20:58:29+0200,e401fd36-f4a8-45e5-ad91-bdd87731a7ba,2026-07-02T22:15:00Z,2026-07-03T00:15:00+0200,5776.568,MW,DE,DE_LU,actual_offshore_wind_generation,Wind Offshore,2026-07-08T18:59:57Z
2026-07-08T18:58:29Z,2026-07-08T20:58:29+0200,e401fd36-f4a8-45e5-ad91-bdd87731a7ba,2026-07-02T22:30:00Z,2026-07-03T00:30:00+0200,5853.324,MW,DE,DE_LU,actual_offshore_wind_generation,Wind Offshore,2026-07-08T18:59:57Z
2026-07-08T18:58:29Z,2026-07-08T20:58:29+0200,e401fd36-f4a8-45e5-ad91-bdd87731a7ba,2026-07-02T22:45:00Z,2026-07-03T00:45:00+0200,5863.388,MW,DE,DE_LU,actual_offshore_wind_generation,Wind Offshore,2026-07-08T18:59:57Z
2026-07-08T18:58:29Z,2026-07-08T20:58:29+0200,e401fd36-f4a8-45e5-ad91-bdd87731a7ba,2026-07-02T23:00:00Z,2026-07-03T01:00:00+0200,5337.388,MW,DE,DE_LU,actual_offshore_wind_generation,Wind Offshore,2026-07-08T18:59:57Z
2026-07-08T18:58:29Z,2026-07-08T20:58:29+0200,e401fd36-f4a8-45e5-ad91-bdd87731a7ba,2026-07-02T23:15:00Z,2026-07-03T01:15:00+0200,5259.371,MW,DE,DE_LU,actual_offshore_wind_generation,Wind Offshore,2026-07-08T18:59:57Z
2026-07-08T18:58:29Z,2026-07-08T20:58:29+0200,e401fd36-f4a8-45e5-ad91-bdd87731a7ba,2026-07-02T23:30:00Z,2026-07-03T01:30:00+0200,5194.688,MW,DE,DE_LU,actual_offshore_wind_generation,Wind Offshore,2026-07-08T18:59:57Z
2026-07-08T18:58:29Z,2026-07-08T20:58:29+0200,e401fd36-f4a8-45e5-ad91-bdd87731a7ba,2026-07-02T23:45:00Z,2026-07-03T01:45:00+0200,5179.257,MW,DE,DE_LU,actual_offshore_wind_generation,Wind Offshore,2026-07-08T18:59:57Z
2026-07-08T18:58:29Z,2026-07-08T20:58:29+0200,e401fd36-f4a8-45e5-ad91-bdd87731a7ba,2026-07-03T00:00:00Z,2026-07-03T02:00:00+0200,5140.876,MW,DE,DE_LU,actual_offshore_wind_generation,Wind Offshore,2026-07-08T18:59:57Z
2026-07-08T18:58:29Z,2026-07-08T20:58:29+0200,e401fd36-f4a8-45e5-ad91-bdd87731a7ba,2026-07-03T00:15:00Z,2026-07-03T02:15:00+0200,5199.939,MW,DE,DE_LU,actual_offshore_wind_generation,Wind Offshore,2026-07-08T18:59:57Z
2026-07-08T18:58:29Z,2026-07-08T20:58:29+0200,e401fd36-f4a8-45e5-ad91-bdd87731a7ba,2026-07-03T00:30:00Z,2026-07-03T02:30:00+0200,5211.626,MW,DE,DE_LU,actual_offshore_wind_generation,Wind Offshore,2026-07-08T18:59:57Z
2026-07-08T18:58:29Z,2026-07-08T20:58:29+0200,e401fd36-f4a8-45e5-ad91-bdd87731a7ba,2026-07-03T00:45:00Z,2026-07-03T02:45:00+0200,5202.955,MW,DE,DE_LU,actual_offshore_wind_generation,Wind Offshore,2026-07-08T18:59:57Z
2026-07-08T18:58:29Z,2026-07-08T20:58:29+0200,e401fd36-f4a8-45e5-ad91-bdd87731a7ba,2026-07-03T01:00:00Z,2026-07-03T03:00:00+0200,4992.466,MW,DE,DE_LU,actual_offshore_wind_generation,Wind Offshore,2026-07-08T18:59:57Z
2026-07-08T18:58:29Z,2026-07-08T20:58:29+0200,e401fd36-f4a8-45e5-ad91-bdd87731a7ba,2026-07-03T01:15:00Z,2026-07-03T03:15:00+0200,4911.819,MW,DE,DE_LU,actual_offshore_wind_generation,Wind Offshore,2026-07-08T18:59:57Z
2026-07-08T18:58:29Z,2026-07-08T20:58:29+0200,e401fd36-f4a8-45e5-ad91-bdd87731a7ba,2026-07-03T01:30:00Z,2026-07-03T03:30:00+0200,5071.976,MW,DE,DE_LU,actual_offshore_wind_generation,Wind Offshore,2026-07-08T18:59:57Z
2026-07-08T18:58:29Z,2026-07-08T20:58:29+0200,e401fd36-f4a8-45e5-ad91-bdd87731a7ba,2026-07-03T01:45:00Z,2026-07-03T03:45:00+0200,5075.444,MW,DE,DE_LU,actual_offshore_wind_generation,Wind Offshore,2026-07-08T18:59:57Z
2026-07-08T18:58:29Z,2026-07-08T20:58:29+0200,e401fd36-f4a8-45e5-ad91-bdd87731a7ba,2026-07-03T02:00:00Z,2026-07-03T04:00:00+0200,4992.434,MW,DE,DE_LU,actual_offshore_wind_generation,Wind Offshore,2026-07-08T18:59:57Z
2026-07-08T18:58:29Z,2026-07-08T20:58:29+0200,e401fd36-f4a8-45e5-ad91-bdd87731a7ba,2026-07-03T02:15:00Z,2026-07-03T04:15:00+0200,4969.723,MW,DE,DE_LU,actual_offshore_wind_generation,Wind Offshore,2026-07-08T18:59:57Z
2026-07-08T18:58:29Z,2026-07-08T20:58:29+0200,e401fd36-f4a8-45e5-ad91-bdd87731a7ba,2026-07-03T02:30:00Z,2026-07-03T04:30:00+0200,4946.245,MW,DE,DE_LU,actual_offshore_wind_generation,Wind Offshore,2026-07-08T18:59:57Z
2026-07-08T18:58:29Z,2026-07-08T20:58:29+0200,e401fd36-f4a8-45e5-ad91-bdd87731a7ba,2026-07-03T02:45:00Z,2026-07-03T04:45:00+0200,4941.62,MW,DE,DE_LU,actual_offshore_wind_generation,Wind Offshore,2026-07-08T18:59:57Z
2026-07-08T18:58:29Z,2026-07-08T20:58:29+0200,e401fd36-f4a8-45e5-ad91-bdd87731a7ba,2026-07-03T03:00:00Z,2026-07-03T05:00:00+0200,5222.512,MW,DE,DE_LU,actual_offshore_wind_generation,Wind Offshore,2026-07-08T18:59:57Z
2026-07-08T18:58:29Z,2026-07-08T20:58:29+0200,e401fd36-f4a8-45e5-ad91-bdd87731a7ba,2026-07-03T03:15:00Z,2026-07-03T05:15:00+0200,5555.83,MW,DE,DE_LU,actual_offshore_wind_generation,Wind Offshore,2026-07-08T18:59:57Z
2026-07-08T18:58:29Z,2026-07-08T20:58:29+0200,e401fd36-f4a8-45e5-ad91-bdd87731a7ba,2026-07-03T03:30:00Z,2026-07-03T05:30:00+0200,5603.574,MW,DE,DE_LU,actual_offshore_wind_generation,Wind Offshore,2026-07-08T18:59:57Z
2026-07-08T18:58:29Z,2026-07-08T20:58:29+0200,e401fd36-f4a8-45e5-ad91-bdd87731a7ba,2026-07-03T03:45:00Z,2026-07-03T05:45:00+0200,5630.248,MW,DE,DE_LU,actual_offshore_wind_generation,Wind Offshore,2026-07-08T18:59:57Z
2026-07-08T18:58:29Z,2026-07-08T20:58:29+0200,e401fd36-f4a8-45e5-ad91-bdd87731a7ba,2026-07-03T04:00:00Z,2026-07-03T06:00:00+0200,5150.681,MW,DE,DE_LU,actual_offshore_wind_generation,Wind Offshore,2026-07-08T18:59:57Z
2026-07-08T18:58:29Z,2026-07-08T20:58:29+0200,e401fd36-f4a8-45e5-ad91-bdd87731a7ba,2026-07-03T04:15:00Z,2026-07-03T06:15:00+0200,5075.059,MW,DE,DE_LU,actual_offshore_wind_generation,Wind Offshore,2026-07-08T18:59:57Z
2026-07-08T18:58:29Z,2026-07-08T20:58:29+0200,e401fd36-f4a8-45e5-ad91-bdd87731a7ba,2026-07-03T04:30:00Z,2026-07-03T06:30:00+0200,5094.152,MW,DE,DE_LU,actual_offshore_wind_generation,Wind Offshore,2026-07-08T18:59:57Z
2026-07-08T18:58:29Z,2026-07-08T20:58:29+0200,e401fd36-f4a8-45e5-ad91-bdd87731a7ba,2026-07-03T04:45:00Z,2026-07-03T06:45:00+0200,5051.012,MW,DE,DE_LU,actual_offshore_wind_generation,Wind Offshore,2026-07-08T18:59:57Z
2026-07-08T18:58:29Z,2026-07-08T20:58:29+0200,e401fd36-f4a8-45e5-ad91-bdd87731a7ba,2026-07-03T05:00:00Z,2026-07-03T07:00:00+0200,3909.283,MW,DE,DE_LU,actual_offshore_wind_generation,Wind Offshore,2026-07-08T18:59:57Z
2026-07-08T18:58:29Z,2026-07-08T20:58:29+0200,e401fd36-f4a8-45e5-ad91-bdd87731a7ba,2026-07-03T05:15:00Z,2026-07-03T07:15:00+0200,3811.473,MW,DE,DE_LU,actual_offshore_wind_generation,Wind Offshore,2026-07-08T18:59:57Z
2026-07-08T18:58:29Z,2026-07-08T20:58:29+0200,e401fd36-f4a8-45e5-ad91-bdd87731a7ba,2026-07-03T05:30:00Z,2026-07-03T07:30:00+0200,3751.396,MW,DE,DE_LU,actual_offshore_wind_generation,Wind Offshore,2026-07-08T18:59:57Z
2026-07-08T18:58:29Z,2026-07-08T20:58:29+0200,e401fd36-f4a8-45e5-ad91-bdd87731a7ba,2026-07-03T05:45:00Z,2026-07-03T07:45:00+0200,3648.247,MW,DE,DE_LU,actual_offshore_wind_generation,Wind Offshore,2026-07-08T18:59:57Z
2026-07-08T18:58:29Z,2026-07-08T20:58:29+0200,e401fd36-f4a8-45e5-ad91-bdd87731a7ba,2026-07-03T06:00:00Z,2026-07-03T08:00:00+0200,3068.174,MW,DE,DE_LU,actual_offshore_wind_generation,Wind Offshore,2026-07-08T18:59:57Z
2026-07-08T18:58:29Z,2026-07-08T20:58:29+0200,e401fd36-f4a8-45e5-ad91-bdd87731a7ba,2026-07-03T06:15:00Z,2026-07-03T08:15:00+0200,2685.317,MW,DE,DE_LU,actual_offshore_wind_generation,Wind Offshore,2026-07-08T18:59:57Z
2026-07-08T18:58:29Z,2026-07-08T20:58:29+0200,e401fd36-f4a8-45e5-ad91-bdd87731a7ba,2026-07-03T06:30:00Z,2026-07-03T08:30:00+0200,2538.654,MW,DE,DE_LU,actual_offshore_wind_generation,Wind Offshore,2026-07-08T18:59:57Z
2026-07-08T18:58:29Z,2026-07-08T20:58:29+0200,e401fd36-f4a8-45e5-ad91-bdd87731a7ba,2026-07-03T06:45:00Z,2026-07-03T08:45:00+0200,2312.41,MW,DE,DE_LU,actual_offshore_wind_generation,Wind Offshore,2026-07-08T18:59:57Z
2026-07-08T18:58:29Z,2026-07-08T20:58:29+0200,e401fd36-f4a8-45e5-ad91-bdd87731a7ba,2026-07-03T07:00:00Z,2026-07-03T09:00:00+0200,2672.476,MW,DE,DE_LU,actual_offshore_wind_generation,Wind Offshore,2026-07-08T18:59:57Z
2026-07-08T18:58:29Z,2026-07-08T20:58:29+0200,e401fd36-f4a8-45e5-ad91-bdd87731a7ba,2026-07-03T07:15:00Z,2026-07-03T09:15:00+0200,2717.051,MW,DE,DE_LU,actual_offshore_wind_generation,Wind Offshore,2026-07-08T18:59:57Z
2026-07-08T18:58:29Z,2026-07-08T20:58:29+0200,e401fd36-f4a8-45e5-ad91-bdd87731a7ba,2026-07-03T07:30:00Z,2026-07-03T09:30:00+0200,2351.826,MW,DE,DE_LU,actual_offshore_wind_generation,Wind Offshore,2026-07-08T18:59:57Z
2026-07-08T18:58:29Z,2026-07-08T20:58:29+0200,e401fd36-f4a8-45e5-ad91-bdd87731a7ba,2026-07-03T07:45:00Z,2026-07-03T09:45:00+0200,2335.535,MW,DE,DE_LU,actual_offshore_wind_generation,Wind Offshore,2026-07-08T18:59:57Z
2026-07-08T18:58:29Z,2026-07-08T20:58:29+0200,e401fd36-f4a8-45e5-ad91-bdd87731a7ba,2026-07-03T08:00:00Z,2026-07-03T10:00:00+0200,2153.751,MW,DE,DE_LU,actual_offshore_wind_generation,Wind Offshore,2026-07-08T18:59:57Z
2026-07-08T18:58:29Z,2026-07-08T20:58:29+0200,e401fd36-f4a8-45e5-ad91-bdd87731a7ba,2026-07-03T08:15:00Z,2026-07-03T10:15:00+0200,2384.163,MW,DE,DE_LU,actual_offshore_wind_generation,Wind Offshore,2026-07-08T18:59:57Z
2026-07-08T18:58:29Z,2026-07-08T20:58:29+0200,e401fd36-f4a8-45e5-ad91-bdd87731a7ba,2026-07-03T08:30:00Z,2026-07-03T10:30:00+0200,2447.354,MW,DE,DE_LU,actual_offshore_wind_generation,Wind Offshore,2026-07-08T18:59:57Z
2026-07-08T18:58:29Z,2026-07-08T20:58:29+0200,e401fd36-f4a8-45e5-ad91-bdd87731a7ba,2026-07-03T08:45:00Z,2026-07-03T10:45:00+0200,2398.602,MW,DE,DE_LU,actual_offshore_wind_generation,Wind Offshore,2026-07-08T18:59:57Z
2026-07-08T18:58:29Z,2026-07-08T20:58:29+0200,e401fd36-f4a8-45e5-ad91-bdd87731a7ba,2026-07-03T09:00:00Z,2026-07-03T11:00:00+0200,2520.032,MW,DE,DE_LU,actual_offshore_wind_generation,Wind Offshore,2026-07-08T18:59:57Z
2026-07-08T18:58:29Z,2026-07-08T20:58:29+0200,e401fd36-f4a8-45e5-ad91-bdd87731a7ba,2026-07-03T09:15:00Z,2026-07-03T11:15:00+0200,2626.823,MW,DE,DE_LU,actual_offshore_wind_generation,Wind Offshore,2026-07-08T18:59:57Z
2026-07-08T18:58:29Z,2026-07-08T20:58:29+0200,e401fd36-f4a8-45e5-ad91-bdd87731a7ba,2026-07-03T09:30:00Z,2026-07-03T11:30:00+0200,2520.002,MW,DE,DE_LU,actual_offshore_wind_generation,Wind Offshore,2026-07-08T18:59:57Z
2026-07-08T18:58:29Z,2026-07-08T20:58:29+0200,e401fd36-f4a8-45e5-ad91-bdd87731a7ba,2026-07-03T09:45:00Z,2026-07-03T11:45:00+0200,2076.032,MW,DE,DE_LU,actual_offshore_wind_generation,Wind Offshore,2026-07-08T18:59:57Z
2026-07-08T18:58:29Z,2026-07-08T20:58:29+0200,e401fd36-f4a8-45e5-ad91-bdd87731a7ba,2026-07-03T10:00:00Z,2026-07-03T12:00:00+0200,1742.618,MW,DE,DE_LU,actual_offshore_wind_generation,Wind Offshore,2026-07-08T18:59:57Z
2026-07-08T18:58:29Z,2026-07-08T20:58:29+0200,e401fd36-f4a8-45e5-ad91-bdd87731a7ba,2026-07-03T10:15:00Z,2026-07-03T12:15:00+0200,1688.085,MW,DE,DE_LU,actual_offshore_wind_generation,Wind Offshore,2026-07-08T18:59:57Z
2026-07-08T18:58:29Z,2026-07-08T20:58:29+0200,e401fd36-f4a8-45e5-ad91-bdd87731a7ba,2026-07-03T10:30:00Z,2026-07-03T12:30:00+0200,1698.777,MW,DE,DE_LU,actual_offshore_wind_generation,Wind Offshore,2026-07-08T18:59:57Z
2026-07-08T18:58:29Z,2026-07-08T20:58:29+0200,e401fd36-f4a8-45e5-ad91-bdd87731a7ba,2026-07-03T10:45:00Z,2026-07-03T12:45:00+0200,1522.692,MW,DE,DE_LU,actual_offshore_wind_generation,Wind Offshore,2026-07-08T18:59:57Z
2026-07-08T18:58:29Z,2026-07-08T20:58:29+0200,e401fd36-f4a8-45e5-ad91-bdd87731a7ba,2026-07-03T11:00:00Z,2026-07-03T13:00:00+0200,1304.648,MW,DE,DE_LU,actual_offshore_wind_generation,Wind Offshore,2026-07-08T18:59:57Z
2026-07-08T18:58:29Z,2026-07-08T20:58:29+0200,e401fd36-f4a8-45e5-ad91-bdd87731a7ba,2026-07-03T11:15:00Z,2026-07-03T13:15:00+0200,1201.773,MW,DE,DE_LU,actual_offshore_wind_generation,Wind Offshore,2026-07-08T18:59:57Z
2026-07-08T18:58:29Z,2026-07-08T20:58:29+0200,e401fd36-f4a8-45e5-ad91-bdd87731a7ba,2026-07-03T11:30:00Z,2026-07-03T13:30:00+0200,1226.723,MW,DE,DE_LU,actual_offshore_wind_generation,Wind Offshore,2026-07-08T18:59:57Z
2026-07-08T18:58:29Z,2026-07-08T20:58:29+0200,e401fd36-f4a8-45e5-ad91-bdd87731a7ba,2026-07-03T11:45:00Z,2026-07-03T13:45:00+0200,1092.693,MW,DE,DE_LU,actual_offshore_wind_generation,Wind Offshore,2026-07-08T18:59:57Z
2026-07-08T18:58:29Z,2026-07-08T20:58:29+0200,e401fd36-f4a8-45e5-ad91-bdd87731a7ba,2026-07-03T12:00:00Z,2026-07-03T14:00:00+0200,853.256,MW,DE,DE_LU,actual_offshore_wind_generation,Wind Offshore,2026-07-08T18:59:57Z
2026-07-08T18:58:29Z,2026-07-08T20:58:29+0200,e401fd36-f4a8-45e5-ad91-bdd87731a7ba,2026-07-03T12:15:00Z,2026-07-03T14:15:00+0200,746.914,MW,DE,DE_LU,actual_offshore_wind_generation,Wind Offshore,2026-07-08T18:59:57Z
2026-07-08T18:58:29Z,2026-07-08T20:58:29+0200,e401fd36-f4a8-45e5-ad91-bdd87731a7ba,2026-07-03T12:30:00Z,2026-07-03T14:30:00+0200,748.753,MW,DE,DE_LU,actual_offshore_wind_generation,Wind Offshore,2026-07-08T18:59:57Z
2026-07-08T18:58:29Z,2026-07-08T20:58:29+0200,e401fd36-f4a8-45e5-ad91-bdd87731a7ba,2026-07-03T12:45:00Z,2026-07-03T14:45:00+0200,852.634,MW,DE,DE_LU,actual_offshore_wind_generation,Wind Offshore,2026-07-08T18:59:57Z
2026-07-08T18:58:29Z,2026-07-08T20:58:29+0200,e401fd36-f4a8-45e5-ad91-bdd87731a7ba,2026-07-03T13:00:00Z,2026-07-03T15:00:00+0200,1261.118,MW,DE,DE_LU,actual_offshore_wind_generation,Wind Offshore,2026-07-08T18:59:57Z
2026-07-08T18:58:29Z,2026-07-08T20:58:29+0200,e401fd36-f4a8-45e5-ad91-bdd87731a7ba,2026-07-03T13:15:00Z,2026-07-03T15:15:00+0200,1376.904,MW,DE,DE_LU,actual_offshore_wind_generation,Wind Offshore,2026-07-08T18:59:57Z
2026-07-08T18:58:29Z,2026-07-08T20:58:29+0200,e401fd36-f4a8-45e5-ad91-bdd87731a7ba,2026-07-03T13:30:00Z,2026-07-03T15:30:00+0200,1514.639,MW,DE,DE_LU,actual_offshore_wind_generation,Wind Offshore,2026-07-08T18:59:57Z
2026-07-08T18:58:29Z,2026-07-08T20:58:29+0200,e401fd36-f4a8-45e5-ad91-bdd87731a7ba,2026-07-03T13:45:00Z,2026-07-03T15:45:00+0200,1466.188,MW,DE,DE_LU,actual_offshore_wind_generation,Wind Offshore,2026-07-08T18:59:57Z
2026-07-08T18:58:29Z,2026-07-08T20:58:29+0200,e401fd36-f4a8-45e5-ad91-bdd87731a7ba,2026-07-03T14:00:00Z,2026-07-03T16:00:00+0200,1877.956,MW,DE,DE_LU,actual_offshore_wind_generation,Wind Offshore,2026-07-08T18:59:57Z
2026-07-08T18:58:29Z,2026-07-08T20:58:29+0200,e401fd36-f4a8-45e5-ad91-bdd87731a7ba,2026-07-03T14:15:00Z,2026-07-03T16:15:00+0200,1801.201,MW,DE,DE_LU,actual_offshore_wind_generation,Wind Offshore,2026-07-08T18:59:57Z
2026-07-08T18:58:29Z,2026-07-08T20:58:29+0200,e401fd36-f4a8-45e5-ad91-bdd87731a7ba,2026-07-03T14:30:00Z,2026-07-03T16:30:00+0200,1799.67,MW,DE,DE_LU,actual_offshore_wind_generation,Wind Offshore,2026-07-08T18:59:57Z
2026-07-08T18:58:29Z,2026-07-08T20:58:29+0200,e401fd36-f4a8-45e5-ad91-bdd87731a7ba,2026-07-03T14:45:00Z,2026-07-03T16:45:00+0200,1911.23,MW,DE,DE_LU,actual_offshore_wind_generation,Wind Offshore,2026-07-08T18:59:57Z
2026-07-08T18:58:29Z,2026-07-08T20:58:29+0200,e401fd36-f4a8-45e5-ad91-bdd87731a7ba,2026-07-03T15:00:00Z,2026-07-03T17:00:00+0200,2210.252,MW,DE,DE_LU,actual_offshore_wind_generation,Wind Offshore,2026-07-08T18:59:57Z
2026-07-08T18:58:29Z,2026-07-08T20:58:29+0200,e401fd36-f4a8-45e5-ad91-bdd87731a7ba,2026-07-03T15:15:00Z,2026-07-03T17:15:00+0200,1798.568,MW,DE,DE_LU,actual_offshore_wind_generation,Wind Offshore,2026-07-08T18:59:57Z
2026-07-08T18:58:29Z,2026-07-08T20:58:29+0200,e401fd36-f4a8-45e5-ad91-bdd87731a7ba,2026-07-03T15:30:00Z,2026-07-03T17:30:00+0200,1827.53,MW,DE,DE_LU,actual_offshore_wind_generation,Wind Offshore,2026-07-08T18:59:57Z
2026-07-08T18:58:29Z,2026-07-08T20:58:29+0200,e401fd36-f4a8-45e5-ad91-bdd87731a7ba,2026-07-03T15:45:00Z,2026-07-03T17:45:00+0200,1802.32,MW,DE,DE_LU,actual_offshore_wind_generation,Wind Offshore,2026-07-08T18:59:57Z
2026-07-08T18:58:29Z,2026-07-08T20:58:29+0200,e401fd36-f4a8-45e5-ad91-bdd87731a7ba,2026-07-03T16:00:00Z,2026-07-03T18:00:00+0200,2354.594,MW,DE,DE_LU,actual_offshore_wind_generation,Wind Offshore,2026-07-08T18:59:57Z
2026-07-08T18:58:29Z,2026-07-08T20:58:29+0200,e401fd36-f4a8-45e5-ad91-bdd87731a7ba,2026-07-03T16:15:00Z,2026-07-03T18:15:00+0200,2298.283,MW,DE,DE_LU,actual_offshore_wind_generation,Wind Offshore,2026-07-08T18:59:57Z
2026-07-08T18:58:29Z,2026-07-08T20:58:29+0200,e401fd36-f4a8-45e5-ad91-bdd87731a7ba,2026-07-03T16:30:00Z,2026-07-03T18:30:00+0200,2038.201,MW,DE,DE_LU,actual_offshore_wind_generation,Wind Offshore,2026-07-08T18:59:57Z
2026-07-08T18:58:29Z,2026-07-08T20:58:29+0200,e401fd36-f4a8-45e5-ad91-bdd87731a7ba,2026-07-03T16:45:00Z,2026-07-03T18:45:00+0200,2044.344,MW,DE,DE_LU,actual_offshore_wind_generation,Wind Offshore,2026-07-08T18:59:57Z
2026-07-08T18:58:29Z,2026-07-08T20:58:29+0200,e401fd36-f4a8-45e5-ad91-bdd87731a7ba,2026-07-03T17:00:00Z,2026-07-03T19:00:00+0200,3314.956,MW,DE,DE_LU,actual_offshore_wind_generation,Wind Offshore,2026-07-08T18:59:57Z
2026-07-08T18:58:29Z,2026-07-08T20:58:29+0200,e401fd36-f4a8-45e5-ad91-bdd87731a7ba,2026-07-03T17:15:00Z,2026-07-03T19:15:00+0200,3032.092,MW,DE,DE_LU,actual_offshore_wind_generation,Wind Offshore,2026-07-08T18:59:57Z
2026-07-08T18:58:29Z,2026-07-08T20:58:29+0200,e401fd36-f4a8-45e5-ad91-bdd87731a7ba,2026-07-03T17:30:00Z,2026-07-03T19:30:00+0200,2855.236,MW,DE,DE_LU,actual_offshore_wind_generation,Wind Offshore,2026-07-08T18:59:57Z
2026-07-08T18:58:29Z,2026-07-08T20:58:29+0200,e401fd36-f4a8-45e5-ad91-bdd87731a7ba,2026-07-03T17:45:00Z,2026-07-03T19:45:00+0200,2601.747,MW,DE,DE_LU,actual_offshore_wind_generation,Wind Offshore,2026-07-08T18:59:57Z
2026-07-08T18:58:29Z,2026-07-08T20:58:29+0200,e401fd36-f4a8-45e5-ad91-bdd87731a7ba,2026-07-03T18:00:00Z,2026-07-03T20:00:00+0200,3032.623,MW,DE,DE_LU,actual_offshore_wind_generation,Wind Offshore,2026-07-08T18:59:57Z
2026-07-08T18:58:29Z,2026-07-08T20:58:29+0200,e401fd36-f4a8-45e5-ad91-bdd87731a7ba,2026-07-03T18:15:00Z,2026-07-03T20:15:00+0200,2993.198,MW,DE,DE_LU,actual_offshore_wind_generation,Wind Offshore,2026-07-08T18:59:57Z
2026-07-08T18:58:29Z,2026-07-08T20:58:29+0200,e401fd36-f4a8-45e5-ad91-bdd87731a7ba,2026-07-03T18:30:00Z,2026-07-03T20:30:00+0200,2943.659,MW,DE,DE_LU,actual_offshore_wind_generation,Wind Offshore,2026-07-08T18:59:57Z
2026-07-08T18:58:29Z,2026-07-08T20:58:29+0200,e401fd36-f4a8-45e5-ad91-bdd87731a7ba,2026-07-03T18:45:00Z,2026-07-03T20:45:00+0200,2794.956,MW,DE,DE_LU,actual_offshore_wind_generation,Wind Offshore,2026-07-08T18:59:57Z
2026-07-08T18:58:29Z,2026-07-08T20:58:29+0200,e401fd36-f4a8-45e5-ad91-bdd87731a7ba,2026-07-03T19:00:00Z,2026-07-03T21:00:00+0200,3436.346,MW,DE,DE_LU,actual_offshore_wind_generation,Wind Offshore,2026-07-08T18:59:57Z
2026-07-08T18:58:29Z,2026-07-08T20:58:29+0200,e401fd36-f4a8-45e5-ad91-bdd87731a7ba,2026-07-03T19:15:00Z,2026-07-03T21:15:00+0200,3471.048,MW,DE,DE_LU,actual_offshore_wind_generation,Wind Offshore,2026-07-08T18:59:57Z
2026-07-08T18:58:29Z,2026-07-08T20:58:29+0200,e401fd36-f4a8-45e5-ad91-bdd87731a7ba,2026-07-03T19:30:00Z,2026-07-03T21:30:00+0200,3358.214,MW,DE,DE_LU,actual_offshore_wind_generation,Wind Offshore,2026-07-08T18:59:57Z
2026-07-08T18:58:29Z,2026-07-08T20:58:29+0200,e401fd36-f4a8-45e5-ad91-bdd87731a7ba,2026-07-03T19:45:00Z,2026-07-03T21:45:00+0200,3287.176,MW,DE,DE_LU,actual_offshore_wind_generation,Wind Offshore,2026-07-08T18:59:57Z
2026-07-08T18:58:29Z,2026-07-08T20:58:29+0200,e401fd36-f4a8-45e5-ad91-bdd87731a7ba,2026-07-03T20:00:00Z,2026-07-03T22:00:00+0200,3535.849,MW,DE,DE_LU,actual_offshore_wind_generation,Wind Offshore,2026-07-08T18:59:57Z
2026-07-08T18:58:29Z,2026-07-08T20:58:29+0200,e401fd36-f4a8-45e5-ad91-bdd87731a7ba,2026-07-03T20:15:00Z,2026-07-03T22:15:00+0200,3490.158,MW,DE,DE_LU,actual_offshore_wind_generation,Wind Offshore,2026-07-08T18:59:57Z
2026-07-08T18:58:29Z,2026-07-08T20:58:29+0200,e401fd36-f4a8-45e5-ad91-bdd87731a7ba,2026-07-03T20:30:00Z,2026-07-03T22:30:00+0200,3447.454,MW,DE,DE_LU,actual_offshore_wind_generation,Wind Offshore,2026-07-08T18:59:57Z
2026-07-08T18:58:29Z,2026-07-08T20:58:29+0200,e401fd36-f4a8-45e5-ad91-bdd87731a7ba,2026-07-03T20:45:00Z,2026-07-03T22:45:00+0200,3434.516,MW,DE,DE_LU,actual_offshore_wind_generation,Wind Offshore,2026-07-08T18:59:57Z
2026-07-08T18:58:29Z,2026-07-08T20:58:29+0200,e401fd36-f4a8-45e5-ad91-bdd87731a7ba,2026-07-03T21:00:00Z,2026-07-03T23:00:00+0200,3457.962,MW,DE,DE_LU,actual_offshore_wind_generation,Wind Offshore,2026-07-08T18:59:57Z
2026-07-08T18:58:29Z,2026-07-08T20:58:29+0200,e401fd36-f4a8-45e5-ad91-bdd87731a7ba,2026-07-03T21:15:00Z,2026-07-03T23:15:00+0200,3474.398,MW,DE,DE_LU,actual_offshore_wind_generation,Wind Offshore,2026-07-08T18:59:57Z
2026-07-08T18:58:29Z,2026-07-08T20:58:29+0200,e401fd36-f4a8-45e5-ad91-bdd87731a7ba,2026-07-03T21:30:00Z,2026-07-03T23:30:00+0200,3557.304,MW,DE,DE_LU,actual_offshore_wind_generation,Wind Offshore,2026-07-08T18:59:57Z
2026-07-08T18:58:29Z,2026-07-08T20:58:29+0200,e401fd36-f4a8-45e5-ad91-bdd87731a7ba,2026-07-03T21:45:00Z,2026-07-03T23:45:00+0200,3670.428,MW,DE,DE_LU,actual_offshore_wind_generation,Wind Offshore,2026-07-08T18:59:57Z
2026-07-08T18:58:29Z,2026-07-08T20:58:29+0200,e401fd36-f4a8-45e5-ad91-bdd87731a7ba,2026-07-03T22:00:00Z,2026-07-04T00:00:00+0200,3312.383,MW,DE,DE_LU,actual_offshore_wind_generation,Wind Offshore,2026-07-08T18:59:57Z
2026-07-08T18:58:29Z,2026-07-08T20:58:29+0200,e401fd36-f4a8-45e5-ad91-bdd87731a7ba,2026-07-03T22:15:00Z,2026-07-04T00:15:00+0200,3595.798,MW,DE,DE_LU,actual_offshore_wind_generation,Wind Offshore,2026-07-08T18:59:57Z
2026-07-08T18:58:29Z,2026-07-08T20:58:29+0200,e401fd36-f4a8-45e5-ad91-bdd87731a7ba,2026-07-03T22:30:00Z,2026-07-04T00:30:00+0200,3858.655,MW,DE,DE_LU,actual_offshore_wind_generation,Wind Offshore,2026-07-08T18:59:57Z
2026-07-08T18:58:29Z,2026-07-08T20:58:29+0200,e401fd36-f4a8-45e5-ad91-bdd87731a7ba,2026-07-03T22:45:00Z,2026-07-04T00:45:00+0200,3973.386,MW,DE,DE_LU,actual_offshore_wind_generation,Wind Offshore,2026-07-08T18:59:57Z
2026-07-08T18:58:29Z,2026-07-08T20:58:29+0200,e401fd36-f4a8-45e5-ad91-bdd87731a7ba,2026-07-03T23:00:00Z,2026-07-04T01:00:00+0200,4019.054,MW,DE,DE_LU,actual_offshore_wind_generation,Wind Offshore,2026-07-08T18:59:57Z
2026-07-08T18:58:29Z,2026-07-08T20:58:29+0200,e401fd36-f4a8-45e5-ad91-bdd87731a7ba,2026-07-03T23:15:00Z,2026-07-04T01:15:00+0200,3968.362,MW,DE,DE_LU,actual_offshore_wind_generation,Wind Offshore,2026-07-08T18:59:57Z
2026-07-08T18:58:29Z,2026-07-08T20:58:29+0200,e401fd36-f4a8-45e5-ad91-bdd87731a7ba,2026-07-03T23:30:00Z,2026-07-04T01:30:00+0200,3993.483,MW,DE,DE_LU,actual_offshore_wind_generation,Wind Offshore,2026-07-08T18:59:57Z
2026-07-08T18:58:29Z,2026-07-08T20:58:29+0200,e401fd36-f4a8-45e5-ad91-bdd87731a7ba,2026-07-03T23:45:00Z,2026-07-04T01:45:00+0200,4018.632,MW,DE,DE_LU,actual_offshore_wind_generation,Wind Offshore,2026-07-08T18:59:57Z
2026-07-08T18:58:29Z,2026-07-08T20:58:29+0200,e401fd36-f4a8-45e5-ad91-bdd87731a7ba,2026-07-04T00:00:00Z,2026-07-04T02:00:00+0200,3916.889,MW,DE,DE_LU,actual_offshore_wind_generation,Wind Offshore,2026-07-08T18:59:57Z
2026-07-08T18:58:29Z,2026-07-08T20:58:29+0200,e401fd36-f4a8-45e5-ad91-bdd87731a7ba,2026-07-04T00:15:00Z,2026-07-04T02:15:00+0200,4000.998,MW,DE,DE_LU,actual_offshore_wind_generation,Wind Offshore,2026-07-08T18:59:57Z
2026-07-08T18:58:29Z,2026-07-08T20:58:29+0200,e401fd36-f4a8-45e5-ad91-bdd87731a7ba,2026-07-04T00:30:00Z,2026-07-04T02:30:00+0200,3978.592,MW,DE,DE_LU,actual_offshore_wind_generation,Wind Offshore,2026-07-08T18:59:57Z
2026-07-08T18:58:29Z,2026-07-08T20:58:29+0200,e401fd36-f4a8-45e5-ad91-bdd87731a7ba,2026-07-04T00:45:00Z,2026-07-04T02:45:00+0200,3947.934,MW,DE,DE_LU,actual_offshore_wind_generation,Wind Offshore,2026-07-08T18:59:57Z
2026-07-08T18:58:29Z,2026-07-08T20:58:29+0200,e401fd36-f4a8-45e5-ad91-bdd87731a7ba,2026-07-04T01:00:00Z,2026-07-04T03:00:00+0200,3836.241,MW,DE,DE_LU,actual_offshore_wind_generation,Wind Offshore,2026-07-08T18:59:57Z
2026-07-08T18:58:29Z,2026-07-08T20:58:29+0200,e401fd36-f4a8-45e5-ad91-bdd87731a7ba,2026-07-04T01:15:00Z,2026-07-04T03:15:00+0200,3853.013,MW,DE,DE_LU,actual_offshore_wind_generation,Wind Offshore,2026-07-08T18:59:57Z
2026-07-08T18:58:29Z,2026-07-08T20:58:29+0200,e401fd36-f4a8-45e5-ad91-bdd87731a7ba,2026-07-04T01:30:00Z,2026-07-04T03:30:00+0200,3957.095,MW,DE,DE_LU,actual_offshore_wind_generation,Wind Offshore,2026-07-08T18:59:57Z
2026-07-08T18:58:29Z,2026-07-08T20:58:29+0200,e401fd36-f4a8-45e5-ad91-bdd87731a7ba,2026-07-04T01:45:00Z,2026-07-04T03:45:00+0200,4055.843,MW,DE,DE_LU,actual_offshore_wind_generation,Wind Offshore,2026-07-08T18:59:57Z
2026-07-08T18:58:29Z,2026-07-08T20:58:29+0200,e401fd36-f4a8-45e5-ad91-bdd87731a7ba,2026-07-04T02:00:00Z,2026-07-04T04:00:00+0200,4224.752,MW,DE,DE_LU,actual_offshore_wind_generation,Wind Offshore,2026-07-08T18:59:57Z
2026-07-08T18:58:29Z,2026-07-08T20:58:29+0200,e401fd36-f4a8-45e5-ad91-bdd87731a7ba,2026-07-04T02:15:00Z,2026-07-04T04:15:00+0200,4237.946,MW,DE,DE_LU,actual_offshore_wind_generation,Wind Offshore,2026-07-08T18:59:57Z
2026-07-08T18:58:29Z,2026-07-08T20:58:29+0200,e401fd36-f4a8-45e5-ad91-bdd87731a7ba,2026-07-04T02:30:00Z,2026-07-04T04:30:00+0200,4201.473,MW,DE,DE_LU,actual_offshore_wind_generation,Wind Offshore,2026-07-08T18:59:57Z
2026-07-08T18:58:29Z,2026-07-08T20:58:29+0200,e401fd36-f4a8-45e5-ad91-bdd87731a7ba,2026-07-04T02:45:00Z,2026-07-04T04:45:00+0200,4115.355,MW,DE,DE_LU,actual_offshore_wind_generation,Wind Offshore,2026-07-08T18:59:57Z
2026-07-08T18:58:29Z,2026-07-08T20:58:29+0200,e401fd36-f4a8-45e5-ad91-bdd87731a7ba,2026-07-04T03:00:00Z,2026-07-04T05:00:00+0200,4047.071,MW,DE,DE_LU,actual_offshore_wind_generation,Wind Offshore,2026-07-08T18:59:57Z
2026-07-08T18:58:29Z,2026-07-08T20:58:29+0200,e401fd36-f4a8-45e5-ad91-bdd87731a7ba,2026-07-04T03:15:00Z,2026-07-04T05:15:00+0200,4136.12,MW,DE,DE_LU,actual_offshore_wind_generation,Wind Offshore,2026-07-08T18:59:57Z
2026-07-08T18:58:29Z,2026-07-08T20:58:29+0200,e401fd36-f4a8-45e5-ad91-bdd87731a7ba,2026-07-04T03:30:00Z,2026-07-04T05:30:00+0200,4075.974,MW,DE,DE_LU,actual_offshore_wind_generation,Wind Offshore,2026-07-08T18:59:57Z
2026-07-08T18:58:29Z,2026-07-08T20:58:29+0200,e401fd36-f4a8-45e5-ad91-bdd87731a7ba,2026-07-04T03:45:00Z,2026-07-04T05:45:00+0200,4133.147,MW,DE,DE_LU,actual_offshore_wind_generation,Wind Offshore,2026-07-08T18:59:57Z
2026-07-08T18:58:29Z,2026-07-08T20:58:29+0200,e401fd36-f4a8-45e5-ad91-bdd87731a7ba,2026-07-04T04:00:00Z,2026-07-04T06:00:00+0200,3958.514,MW,DE,DE_LU,actual_offshore_wind_generation,Wind Offshore,2026-07-08T18:59:57Z
2026-07-08T18:58:29Z,2026-07-08T20:58:29+0200,e401fd36-f4a8-45e5-ad91-bdd87731a7ba,2026-07-04T04:15:00Z,2026-07-04T06:15:00+0200,3785.064,MW,DE,DE_LU,actual_offshore_wind_generation,Wind Offshore,2026-07-08T18:59:57Z
2026-07-08T18:58:29Z,2026-07-08T20:58:29+0200,e401fd36-f4a8-45e5-ad91-bdd87731a7ba,2026-07-04T04:30:00Z,2026-07-04T06:30:00+0200,3585.163,MW,DE,DE_LU,actual_offshore_wind_generation,Wind Offshore,2026-07-08T18:59:57Z
2026-07-08T18:58:29Z,2026-07-08T20:58:29+0200,e401fd36-f4a8-45e5-ad91-bdd87731a7ba,2026-07-04T04:45:00Z,2026-07-04T06:45:00+0200,3252.334,MW,DE,DE_LU,actual_offshore_wind_generation,Wind Offshore,2026-07-08T18:59:57Z
2026-07-08T18:58:29Z,2026-07-08T20:58:29+0200,e401fd36-f4a8-45e5-ad91-bdd87731a7ba,2026-07-04T05:00:00Z,2026-07-04T07:00:00+0200,2902.97,MW,DE,DE_LU,actual_offshore_wind_generation,Wind Offshore,2026-07-08T18:59:57Z
2026-07-08T18:58:29Z,2026-07-08T20:58:29+0200,e401fd36-f4a8-45e5-ad91-bdd87731a7ba,2026-07-04T05:15:00Z,2026-07-04T07:15:00+0200,2611.425,MW,DE,DE_LU,actual_offshore_wind_generation,Wind Offshore,2026-07-08T18:59:57Z
2026-07-08T18:58:29Z,2026-07-08T20:58:29+0200,e401fd36-f4a8-45e5-ad91-bdd87731a7ba,2026-07-04T05:30:00Z,2026-07-04T07:30:00+0200,2399.833,MW,DE,DE_LU,actual_offshore_wind_generation,Wind Offshore,2026-07-08T18:59:57Z
2026-07-08T18:58:29Z,2026-07-08T20:58:29+0200,e401fd36-f4a8-45e5-ad91-bdd87731a7ba,2026-07-04T05:45:00Z,2026-07-04T07:45:00+0200,2352.793,MW,DE,DE_LU,actual_offshore_wind_generation,Wind Offshore,2026-07-08T18:59:57Z
2026-07-08T18:58:29Z,2026-07-08T20:58:29+0200,e401fd36-f4a8-45e5-ad91-bdd87731a7ba,2026-07-04T06:00:00Z,2026-07-04T08:00:00+0200,2214.845,MW,DE,DE_LU,actual_offshore_wind_generation,Wind Offshore,2026-07-08T18:59:57Z
2026-07-08T18:58:29Z,2026-07-08T20:58:29+0200,e401fd36-f4a8-45e5-ad91-bdd87731a7ba,2026-07-04T06:15:00Z,2026-07-04T08:15:00+0200,2270.37,MW,DE,DE_LU,actual_offshore_wind_generation,Wind Offshore,2026-07-08T18:59:57Z
2026-07-08T18:58:29Z,2026-07-08T20:58:29+0200,e401fd36-f4a8-45e5-ad91-bdd87731a7ba,2026-07-04T06:30:00Z,2026-07-04T08:30:00+0200,2293.247,MW,DE,DE_LU,actual_offshore_wind_generation,Wind Offshore,2026-07-08T18:59:57Z
2026-07-08T18:58:29Z,2026-07-08T20:58:29+0200,e401fd36-f4a8-45e5-ad91-bdd87731a7ba,2026-07-04T06:45:00Z,2026-07-04T08:45:00+0200,2252.529,MW,DE,DE_LU,actual_offshore_wind_generation,Wind Offshore,2026-07-08T18:59:57Z
2026-07-08T18:58:29Z,2026-07-08T20:58:29+0200,e401fd36-f4a8-45e5-ad91-bdd87731a7ba,2026-07-04T07:00:00Z,2026-07-04T09:00:00+0200,2084.306,MW,DE,DE_LU,actual_offshore_wind_generation,Wind Offshore,2026-07-08T18:59:57Z
2026-07-08T18:58:29Z,2026-07-08T20:58:29+0200,e401fd36-f4a8-45e5-ad91-bdd87731a7ba,2026-07-04T07:15:00Z,2026-07-04T09:15:00+0200,1953.0,MW,DE,DE_LU,actual_offshore_wind_generation,Wind Offshore,2026-07-08T18:59:57Z
2026-07-08T18:58:29Z,2026-07-08T20:58:29+0200,e401fd36-f4a8-45e5-ad91-bdd87731a7ba,2026-07-04T07:30:00Z,2026-07-04T09:30:00+0200,1700.158,MW,DE,DE_LU,actual_offshore_wind_generation,Wind Offshore,2026-07-08T18:59:57Z
2026-07-08T18:58:29Z,2026-07-08T20:58:29+0200,e401fd36-f4a8-45e5-ad91-bdd87731a7ba,2026-07-04T07:45:00Z,2026-07-04T09:45:00+0200,1534.415,MW,DE,DE_LU,actual_offshore_wind_generation,Wind Offshore,2026-07-08T18:59:57Z
2026-07-08T18:58:29Z,2026-07-08T20:58:29+0200,e401fd36-f4a8-45e5-ad91-bdd87731a7ba,2026-07-04T08:00:00Z,2026-07-04T10:00:00+0200,850.937,MW,DE,DE_LU,actual_offshore_wind_generation,Wind Offshore,2026-07-08T18:59:57Z
2026-07-08T18:58:29Z,2026-07-08T20:58:29+0200,e401fd36-f4a8-45e5-ad91-bdd87731a7ba,2026-07-04T08:15:00Z,2026-07-04T10:15:00+0200,741.35,MW,DE,DE_LU,actual_offshore_wind_generation,Wind Offshore,2026-07-08T18:59:57Z
2026-07-08T18:58:29Z,2026-07-08T20:58:29+0200,e401fd36-f4a8-45e5-ad91-bdd87731a7ba,2026-07-04T08:30:00Z,2026-07-04T10:30:00+0200,837.2,MW,DE,DE_LU,actual_offshore_wind_generation,Wind Offshore,2026-07-08T18:59:57Z
2026-07-08T18:58:29Z,2026-07-08T20:58:29+0200,e401fd36-f4a8-45e5-ad91-bdd87731a7ba,2026-07-04T08:45:00Z,2026-07-04T10:45:00+0200,861.958,MW,DE,DE_LU,actual_offshore_wind_generation,Wind Offshore,2026-07-08T18:59:57Z
2026-07-08T18:58:29Z,2026-07-08T20:58:29+0200,e401fd36-f4a8-45e5-ad91-bdd87731a7ba,2026-07-04T09:00:00Z,2026-07-04T11:00:00+0200,931.707,MW,DE,DE_LU,actual_offshore_wind_generation,Wind Offshore,2026-07-08T18:59:57Z
2026-07-08T18:58:29Z,2026-07-08T20:58:29+0200,e401fd36-f4a8-45e5-ad91-bdd87731a7ba,2026-07-04T09:15:00Z,2026-07-04T11:15:00+0200,963.106,MW,DE,DE_LU,actual_offshore_wind_generation,Wind Offshore,2026-07-08T18:59:57Z
2026-07-08T18:58:29Z,2026-07-08T20:58:29+0200,e401fd36-f4a8-45e5-ad91-bdd87731a7ba,2026-07-04T09:30:00Z,2026-07-04T11:30:00+0200,978.303,MW,DE,DE_LU,actual_offshore_wind_generation,Wind Offshore,2026-07-08T18:59:57Z
2026-07-08T18:58:29Z,2026-07-08T20:58:29+0200,e401fd36-f4a8-45e5-ad91-bdd87731a7ba,2026-07-04T09:45:00Z,2026-07-04T11:45:00+0200,977.699,MW,DE,DE_LU,actual_offshore_wind_generation,Wind Offshore,2026-07-08T18:59:57Z
2026-07-08T18:58:29Z,2026-07-08T20:58:29+0200,e401fd36-f4a8-45e5-ad91-bdd87731a7ba,2026-07-04T10:00:00Z,2026-07-04T12:00:00+0200,1122.409,MW,DE,DE_LU,actual_offshore_wind_generation,Wind Offshore,2026-07-08T18:59:57Z
2026-07-08T18:58:29Z,2026-07-08T20:58:29+0200,e401fd36-f4a8-45e5-ad91-bdd87731a7ba,2026-07-04T10:15:00Z,2026-07-04T12:15:00+0200,1304.483,MW,DE,DE_LU,actual_offshore_wind_generation,Wind Offshore,2026-07-08T18:59:57Z
2026-07-08T18:58:29Z,2026-07-08T20:58:29+0200,e401fd36-f4a8-45e5-ad91-bdd87731a7ba,2026-07-04T10:30:00Z,2026-07-04T12:30:00+0200,1301.391,MW,DE,DE_LU,actual_offshore_wind_generation,Wind Offshore,2026-07-08T18:59:57Z
2026-07-08T18:58:29Z,2026-07-08T20:58:29+0200,e401fd36-f4a8-45e5-ad91-bdd87731a7ba,2026-07-04T10:45:00Z,2026-07-04T12:45:00+0200,1253.772,MW,DE,DE_LU,actual_offshore_wind_generation,Wind Offshore,2026-07-08T18:59:57Z
2026-07-08T18:58:29Z,2026-07-08T20:58:29+0200,e401fd36-f4a8-45e5-ad91-bdd87731a7ba,2026-07-04T11:00:00Z,2026-07-04T13:00:00+0200,1156.701,MW,DE,DE_LU,actual_offshore_wind_generation,Wind Offshore,2026-07-08T18:59:57Z
2026-07-08T18:58:29Z,2026-07-08T20:58:29+0200,e401fd36-f4a8-45e5-ad91-bdd87731a7ba,2026-07-04T11:15:00Z,2026-07-04T13:15:00+0200,1152.418,MW,DE,DE_LU,actual_offshore_wind_generation,Wind Offshore,2026-07-08T18:59:57Z
2026-07-08T18:58:29Z,2026-07-08T20:58:29+0200,e401fd36-f4a8-45e5-ad91-bdd87731a7ba,2026-07-04T11:30:00Z,2026-07-04T13:30:00+0200,1259.301,MW,DE,DE_LU,actual_offshore_wind_generation,Wind Offshore,2026-07-08T18:59:57Z
2026-07-08T18:58:29Z,2026-07-08T20:58:29+0200,e401fd36-f4a8-45e5-ad91-bdd87731a7ba,2026-07-04T11:45:00Z,2026-07-04T13:45:00+0200,1410.752,MW,DE,DE_LU,actual_offshore_wind_generation,Wind Offshore,2026-07-08T18:59:57Z
2026-07-08T18:58:29Z,2026-07-08T20:58:29+0200,e401fd36-f4a8-45e5-ad91-bdd87731a7ba,2026-07-04T12:00:00Z,2026-07-04T14:00:00+0200,1626.981,MW,DE,DE_LU,actual_offshore_wind_generation,Wind Offshore,2026-07-08T18:59:57Z
2026-07-08T18:58:29Z,2026-07-08T20:58:29+0200,e401fd36-f4a8-45e5-ad91-bdd87731a7ba,2026-07-04T12:15:00Z,2026-07-04T14:15:00+0200,1714.725,MW,DE,DE_LU,actual_offshore_wind_generation,Wind Offshore,2026-07-08T18:59:57Z
2026-07-08T18:58:29Z,2026-07-08T20:58:29+0200,e401fd36-f4a8-45e5-ad91-bdd87731a7ba,2026-07-04T12:30:00Z,2026-07-04T14:30:00+0200,1786.294,MW,DE,DE_LU,actual_offshore_wind_generation,Wind Offshore,2026-07-08T18:59:57Z
2026-07-08T18:58:29Z,2026-07-08T20:58:29+0200,e401fd36-f4a8-45e5-ad91-bdd87731a7ba,2026-07-04T12:45:00Z,2026-07-04T14:45:00+0200,1884.027,MW,DE,DE_LU,actual_offshore_wind_generation,Wind Offshore,2026-07-08T18:59:57Z
2026-07-08T18:58:29Z,2026-07-08T20:58:29+0200,e401fd36-f4a8-45e5-ad91-bdd87731a7ba,2026-07-04T13:00:00Z,2026-07-04T15:00:00+0200,1834.191,MW,DE,DE_LU,actual_offshore_wind_generation,Wind Offshore,2026-07-08T18:59:57Z
2026-07-08T18:58:29Z,2026-07-08T20:58:29+0200,e401fd36-f4a8-45e5-ad91-bdd87731a7ba,2026-07-04T13:15:00Z,2026-07-04T15:15:00+0200,1811.362,MW,DE,DE_LU,actual_offshore_wind_generation,Wind Offshore,2026-07-08T18:59:57Z
2026-07-08T18:58:29Z,2026-07-08T20:58:29+0200,e401fd36-f4a8-45e5-ad91-bdd87731a7ba,2026-07-04T13:30:00Z,2026-07-04T15:30:00+0200,1998.832,MW,DE,DE_LU,actual_offshore_wind_generation,Wind Offshore,2026-07-08T18:59:57Z
2026-07-08T18:58:29Z,2026-07-08T20:58:29+0200,e401fd36-f4a8-45e5-ad91-bdd87731a7ba,2026-07-04T13:45:00Z,2026-07-04T15:45:00+0200,2283.608,MW,DE,DE_LU,actual_offshore_wind_generation,Wind Offshore,2026-07-08T18:59:57Z
2026-07-08T18:58:29Z,2026-07-08T20:58:29+0200,e401fd36-f4a8-45e5-ad91-bdd87731a7ba,2026-07-04T14:00:00Z,2026-07-04T16:00:00+0200,2443.02,MW,DE,DE_LU,actual_offshore_wind_generation,Wind Offshore,2026-07-08T18:59:57Z
2026-07-08T18:58:29Z,2026-07-08T20:58:29+0200,e401fd36-f4a8-45e5-ad91-bdd87731a7ba,2026-07-04T14:15:00Z,2026-07-04T16:15:00+0200,2718.972,MW,DE,DE_LU,actual_offshore_wind_generation,Wind Offshore,2026-07-08T18:59:57Z
2026-07-08T18:58:29Z,2026-07-08T20:58:29+0200,e401fd36-f4a8-45e5-ad91-bdd87731a7ba,2026-07-04T14:30:00Z,2026-07-04T16:30:00+0200,2750.185,MW,DE,DE_LU,actual_offshore_wind_generation,Wind Offshore,2026-07-08T18:59:57Z
2026-07-08T18:58:29Z,2026-07-08T20:58:29+0200,e401fd36-f4a8-45e5-ad91-bdd87731a7ba,2026-07-04T14:45:00Z,2026-07-04T16:45:00+0200,3435.146,MW,DE,DE_LU,actual_offshore_wind_generation,Wind Offshore,2026-07-08T18:59:57Z
2026-07-08T18:58:29Z,2026-07-08T20:58:29+0200,e401fd36-f4a8-45e5-ad91-bdd87731a7ba,2026-07-04T15:00:00Z,2026-07-04T17:00:00+0200,4825.486,MW,DE,DE_LU,actual_offshore_wind_generation,Wind Offshore,2026-07-08T18:59:57Z
2026-07-08T18:58:29Z,2026-07-08T20:58:29+0200,e401fd36-f4a8-45e5-ad91-bdd87731a7ba,2026-07-04T15:15:00Z,2026-07-04T17:15:00+0200,5270.752,MW,DE,DE_LU,actual_offshore_wind_generation,Wind Offshore,2026-07-08T18:59:57Z
2026-07-08T18:58:29Z,2026-07-08T20:58:29+0200,e401fd36-f4a8-45e5-ad91-bdd87731a7ba,2026-07-04T15:30:00Z,2026-07-04T17:30:00+0200,5580.496,MW,DE,DE_LU,actual_offshore_wind_generation,Wind Offshore,2026-07-08T18:59:57Z
2026-07-08T18:58:29Z,2026-07-08T20:58:29+0200,e401fd36-f4a8-45e5-ad91-bdd87731a7ba,2026-07-04T15:45:00Z,2026-07-04T17:45:00+0200,6267.715,MW,DE,DE_LU,actual_offshore_wind_generation,Wind Offshore,2026-07-08T18:59:57Z
2026-07-08T18:58:29Z,2026-07-08T20:58:29+0200,e401fd36-f4a8-45e5-ad91-bdd87731a7ba,2026-07-04T16:00:00Z,2026-07-04T18:00:00+0200,6556.429,MW,DE,DE_LU,actual_offshore_wind_generation,Wind Offshore,2026-07-08T18:59:57Z
2026-07-08T18:58:29Z,2026-07-08T20:58:29+0200,e401fd36-f4a8-45e5-ad91-bdd87731a7ba,2026-07-04T16:15:00Z,2026-07-04T18:15:00+0200,6257.426,MW,DE,DE_LU,actual_offshore_wind_generation,Wind Offshore,2026-07-08T18:59:57Z
2026-07-08T18:58:29Z,2026-07-08T20:58:29+0200,e401fd36-f4a8-45e5-ad91-bdd87731a7ba,2026-07-04T16:30:00Z,2026-07-04T18:30:00+0200,6007.859,MW,DE,DE_LU,actual_offshore_wind_generation,Wind Offshore,2026-07-08T18:59:57Z
2026-07-08T18:58:29Z,2026-07-08T20:58:29+0200,e401fd36-f4a8-45e5-ad91-bdd87731a7ba,2026-07-04T16:45:00Z,2026-07-04T18:45:00+0200,5758.665,MW,DE,DE_LU,actual_offshore_wind_generation,Wind Offshore,2026-07-08T18:59:57Z
2026-07-08T18:58:29Z,2026-07-08T20:58:29+0200,e401fd36-f4a8-45e5-ad91-bdd87731a7ba,2026-07-04T17:00:00Z,2026-07-04T19:00:00+0200,5996.031,MW,DE,DE_LU,actual_offshore_wind_generation,Wind Offshore,2026-07-08T18:59:57Z
2026-07-08T18:58:29Z,2026-07-08T20:58:29+0200,e401fd36-f4a8-45e5-ad91-bdd87731a7ba,2026-07-04T17:15:00Z,2026-07-04T19:15:00+0200,5867.967,MW,DE,DE_LU,actual_offshore_wind_generation,Wind Offshore,2026-07-08T18:59:57Z
2026-07-08T18:58:29Z,2026-07-08T20:58:29+0200,e401fd36-f4a8-45e5-ad91-bdd87731a7ba,2026-07-04T17:30:00Z,2026-07-04T19:30:00+0200,5938.238,MW,DE,DE_LU,actual_offshore_wind_generation,Wind Offshore,2026-07-08T18:59:57Z
2026-07-08T18:58:29Z,2026-07-08T20:58:29+0200,e401fd36-f4a8-45e5-ad91-bdd87731a7ba,2026-07-04T17:45:00Z,2026-07-04T19:45:00+0200,6044.181,MW,DE,DE_LU,actual_offshore_wind_generation,Wind Offshore,2026-07-08T18:59:57Z
2026-07-08T18:58:29Z,2026-07-08T20:58:29+0200,e401fd36-f4a8-45e5-ad91-bdd87731a7ba,2026-07-04T18:00:00Z,2026-07-04T20:00:00+0200,5997.998,MW,DE,DE_LU,actual_offshore_wind_generation,Wind Offshore,2026-07-08T18:59:57Z
2026-07-08T18:58:29Z,2026-07-08T20:58:29+0200,e401fd36-f4a8-45e5-ad91-bdd87731a7ba,2026-07-04T18:15:00Z,2026-07-04T20:15:00+0200,5870.921,MW,DE,DE_LU,actual_offshore_wind_generation,Wind Offshore,2026-07-08T18:59:57Z
2026-07-08T18:58:29Z,2026-07-08T20:58:29+0200,e401fd36-f4a8-45e5-ad91-bdd87731a7ba,2026-07-04T18:30:00Z,2026-07-04T20:30:00+0200,5583.893,MW,DE,DE_LU,actual_offshore_wind_generation,Wind Offshore,2026-07-08T18:59:57Z
2026-07-08T18:58:29Z,2026-07-08T20:58:29+0200,e401fd36-f4a8-45e5-ad91-bdd87731a7ba,2026-07-04T18:45:00Z,2026-07-04T20:45:00+0200,5414.509,MW,DE,DE_LU,actual_offshore_wind_generation,Wind Offshore,2026-07-08T18:59:57Z
2026-07-08T18:58:29Z,2026-07-08T20:58:29+0200,e401fd36-f4a8-45e5-ad91-bdd87731a7ba,2026-07-04T19:00:00Z,2026-07-04T21:00:00+0200,5178.423,MW,DE,DE_LU,actual_offshore_wind_generation,Wind Offshore,2026-07-08T18:59:57Z
2026-07-08T18:58:29Z,2026-07-08T20:58:29+0200,e401fd36-f4a8-45e5-ad91-bdd87731a7ba,2026-07-04T19:15:00Z,2026-07-04T21:15:00+0200,5090.693,MW,DE,DE_LU,actual_offshore_wind_generation,Wind Offshore,2026-07-08T18:59:57Z
2026-07-08T18:58:29Z,2026-07-08T20:58:29+0200,e401fd36-f4a8-45e5-ad91-bdd87731a7ba,2026-07-04T19:30:00Z,2026-07-04T21:30:00+0200,5142.064,MW,DE,DE_LU,actual_offshore_wind_generation,Wind Offshore,2026-07-08T18:59:57Z
2026-07-08T18:58:29Z,2026-07-08T20:58:29+0200,e401fd36-f4a8-45e5-ad91-bdd87731a7ba,2026-07-04T19:45:00Z,2026-07-04T21:45:00+0200,5271.676,MW,DE,DE_LU,actual_offshore_wind_generation,Wind Offshore,2026-07-08T18:59:57Z
2026-07-08T18:58:29Z,2026-07-08T20:58:29+0200,e401fd36-f4a8-45e5-ad91-bdd87731a7ba,2026-07-04T20:00:00Z,2026-07-04T22:00:00+0200,5522.242,MW,DE,DE_LU,actual_offshore_wind_generation,Wind Offshore,2026-07-08T18:59:57Z
2026-07-08T18:58:29Z,2026-07-08T20:58:29+0200,e401fd36-f4a8-45e5-ad91-bdd87731a7ba,2026-07-04T20:15:00Z,2026-07-04T22:15:00+0200,5972.528,MW,DE,DE_LU,actual_offshore_wind_generation,Wind Offshore,2026-07-08T18:59:57Z
2026-07-08T18:58:29Z,2026-07-08T20:58:29+0200,e401fd36-f4a8-45e5-ad91-bdd87731a7ba,2026-07-04T20:30:00Z,2026-07-04T22:30:00+0200,6369.474,MW,DE,DE_LU,actual_offshore_wind_generation,Wind Offshore,2026-07-08T18:59:57Z
2026-07-08T18:58:29Z,2026-07-08T20:58:29+0200,e401fd36-f4a8-45e5-ad91-bdd87731a7ba,2026-07-04T20:45:00Z,2026-07-04T22:45:00+0200,6601.761,MW,DE,DE_LU,actual_offshore_wind_generation,Wind Offshore,2026-07-08T18:59:57Z
2026-07-08T18:58:29Z,2026-07-08T20:58:29+0200,e401fd36-f4a8-45e5-ad91-bdd87731a7ba,2026-07-04T21:00:00Z,2026-07-04T23:00:00+0200,6674.44,MW,DE,DE_LU,actual_offshore_wind_generation,Wind Offshore,2026-07-08T18:59:57Z
2026-07-08T18:58:29Z,2026-07-08T20:58:29+0200,e401fd36-f4a8-45e5-ad91-bdd87731a7ba,2026-07-04T21:15:00Z,2026-07-04T23:15:00+0200,6924.175,MW,DE,DE_LU,actual_offshore_wind_generation,Wind Offshore,2026-07-08T18:59:57Z
2026-07-08T18:58:29Z,2026-07-08T20:58:29+0200,e401fd36-f4a8-45e5-ad91-bdd87731a7ba,2026-07-04T21:30:00Z,2026-07-04T23:30:00+0200,6888.094,MW,DE,DE_LU,actual_offshore_wind_generation,Wind Offshore,2026-07-08T18:59:57Z
2026-07-08T18:58:29Z,2026-07-08T20:58:29+0200,e401fd36-f4a8-45e5-ad91-bdd87731a7ba,2026-07-04T21:45:00Z,2026-07-04T23:45:00+0200,6730.101,MW,DE,DE_LU,actual_offshore_wind_generation,Wind Offshore,2026-07-08T18:59:57Z
2026-07-08T18:58:29Z,2026-07-08T20:58:29+0200,e401fd36-f4a8-45e5-ad91-bdd87731a7ba,2026-07-04T22:00:00Z,2026-07-05T00:00:00+0200,6300.063,MW,DE,DE_LU,actual_offshore_wind_generation,Wind Offshore,2026-07-08T18:59:57Z
2026-07-08T18:58:29Z,2026-07-08T20:58:29+0200,e401fd36-f4a8-45e5-ad91-bdd87731a7ba,2026-07-04T22:15:00Z,2026-07-05T00:15:00+0200,6338.378,MW,DE,DE_LU,actual_offshore_wind_generation,Wind Offshore,2026-07-08T18:59:57Z
2026-07-08T18:58:29Z,2026-07-08T20:58:29+0200,e401fd36-f4a8-45e5-ad91-bdd87731a7ba,2026-07-04T22:30:00Z,2026-07-05T00:30:00+0200,6586.531,MW,DE,DE_LU,actual_offshore_wind_generation,Wind Offshore,2026-07-08T18:59:57Z
2026-07-08T18:58:29Z,2026-07-08T20:58:29+0200,e401fd36-f4a8-45e5-ad91-bdd87731a7ba,2026-07-04T22:45:00Z,2026-07-05T00:45:00+0200,6596.609,MW,DE,DE_LU,actual_offshore_wind_generation,Wind Offshore,2026-07-08T18:59:57Z
2026-07-08T18:58:29Z,2026-07-08T20:58:29+0200,e401fd36-f4a8-45e5-ad91-bdd87731a7ba,2026-07-04T23:00:00Z,2026-07-05T01:00:00+0200,6266.222,MW,DE,DE_LU,actual_offshore_wind_generation,Wind Offshore,2026-07-08T18:59:57Z
2026-07-08T18:58:29Z,2026-07-08T20:58:29+0200,e401fd36-f4a8-45e5-ad91-bdd87731a7ba,2026-07-04T23:15:00Z,2026-07-05T01:15:00+0200,6108.033,MW,DE,DE_LU,actual_offshore_wind_generation,Wind Offshore,2026-07-08T18:59:57Z
2026-07-08T18:58:29Z,2026-07-08T20:58:29+0200,e401fd36-f4a8-45e5-ad91-bdd87731a7ba,2026-07-04T23:30:00Z,2026-07-05T01:30:00+0200,6068.294,MW,DE,DE_LU,actual_offshore_wind_generation,Wind Offshore,2026-07-08T18:59:57Z
2026-07-08T18:58:29Z,2026-07-08T20:58:29+0200,e401fd36-f4a8-45e5-ad91-bdd87731a7ba,2026-07-04T23:45:00Z,2026-07-05T01:45:00+0200,6076.189,MW,DE,DE_LU,actual_offshore_wind_generation,Wind Offshore,2026-07-08T18:59:57Z
2026-07-08T18:58:29Z,2026-07-08T20:58:29+0200,e401fd36-f4a8-45e5-ad91-bdd87731a7ba,2026-07-05T00:00:00Z,2026-07-05T02:00:00+0200,5608.599,MW,DE,DE_LU,actual_offshore_wind_generation,Wind Offshore,2026-07-08T18:59:57Z
2026-07-08T18:58:29Z,2026-07-08T20:58:29+0200,e401fd36-f4a8-45e5-ad91-bdd87731a7ba,2026-07-05T00:15:00Z,2026-07-05T02:15:00+0200,5632.789,MW,DE,DE_LU,actual_offshore_wind_generation,Wind Offshore,2026-07-08T18:59:57Z
2026-07-08T18:58:29Z,2026-07-08T20:58:29+0200,e401fd36-f4a8-45e5-ad91-bdd87731a7ba,2026-07-05T00:30:00Z,2026-07-05T02:30:00+0200,5682.662,MW,DE,DE_LU,actual_offshore_wind_generation,Wind Offshore,2026-07-08T18:59:57Z
2026-07-08T18:58:29Z,2026-07-08T20:58:29+0200,e401fd36-f4a8-45e5-ad91-bdd87731a7ba,2026-07-05T00:45:00Z,2026-07-05T02:45:00+0200,5551.932,MW,DE,DE_LU,actual_offshore_wind_generation,Wind Offshore,2026-07-08T18:59:57Z
2026-07-08T18:58:29Z,2026-07-08T20:58:29+0200,e401fd36-f4a8-45e5-ad91-bdd87731a7ba,2026-07-05T01:00:00Z,2026-07-05T03:00:00+0200,5333.336,MW,DE,DE_LU,actual_offshore_wind_generation,Wind Offshore,2026-07-08T18:59:57Z
2026-07-08T18:58:29Z,2026-07-08T20:58:29+0200,e401fd36-f4a8-45e5-ad91-bdd87731a7ba,2026-07-05T01:15:00Z,2026-07-05T03:15:00+0200,5219.689,MW,DE,DE_LU,actual_offshore_wind_generation,Wind Offshore,2026-07-08T18:59:57Z
2026-07-08T18:58:29Z,2026-07-08T20:58:29+0200,e401fd36-f4a8-45e5-ad91-bdd87731a7ba,2026-07-05T01:30:00Z,2026-07-05T03:30:00+0200,4975.358,MW,DE,DE_LU,actual_offshore_wind_generation,Wind Offshore,2026-07-08T18:59:57Z
2026-07-08T18:58:29Z,2026-07-08T20:58:29+0200,e401fd36-f4a8-45e5-ad91-bdd87731a7ba,2026-07-05T01:45:00Z,2026-07-05T03:45:00+0200,4835.452,MW,DE,DE_LU,actual_offshore_wind_generation,Wind Offshore,2026-07-08T18:59:57Z
2026-07-08T18:58:29Z,2026-07-08T20:58:29+0200,e401fd36-f4a8-45e5-ad91-bdd87731a7ba,2026-07-05T02:00:00Z,2026-07-05T04:00:00+0200,5015.859,MW,DE,DE_LU,actual_offshore_wind_generation,Wind Offshore,2026-07-08T18:59:57Z
2026-07-08T18:58:29Z,2026-07-08T20:58:29+0200,e401fd36-f4a8-45e5-ad91-bdd87731a7ba,2026-07-05T02:15:00Z,2026-07-05T04:15:00+0200,4722.732,MW,DE,DE_LU,actual_offshore_wind_generation,Wind Offshore,2026-07-08T18:59:57Z
2026-07-08T18:58:29Z,2026-07-08T20:58:29+0200,e401fd36-f4a8-45e5-ad91-bdd87731a7ba,2026-07-05T02:30:00Z,2026-07-05T04:30:00+0200,4350.113,MW,DE,DE_LU,actual_offshore_wind_generation,Wind Offshore,2026-07-08T18:59:57Z
2026-07-08T18:58:29Z,2026-07-08T20:58:29+0200,e401fd36-f4a8-45e5-ad91-bdd87731a7ba,2026-07-05T02:45:00Z,2026-07-05T04:45:00+0200,3996.113,MW,DE,DE_LU,actual_offshore_wind_generation,Wind Offshore,2026-07-08T18:59:57Z
2026-07-08T18:58:29Z,2026-07-08T20:58:29+0200,e401fd36-f4a8-45e5-ad91-bdd87731a7ba,2026-07-05T03:00:00Z,2026-07-05T05:00:00+0200,3793.177,MW,DE,DE_LU,actual_offshore_wind_generation,Wind Offshore,2026-07-08T18:59:57Z
2026-07-08T18:58:29Z,2026-07-08T20:58:29+0200,e401fd36-f4a8-45e5-ad91-bdd87731a7ba,2026-07-05T03:15:00Z,2026-07-05T05:15:00+0200,3672.645,MW,DE,DE_LU,actual_offshore_wind_generation,Wind Offshore,2026-07-08T18:59:57Z
2026-07-08T18:58:29Z,2026-07-08T20:58:29+0200,e401fd36-f4a8-45e5-ad91-bdd87731a7ba,2026-07-05T03:30:00Z,2026-07-05T05:30:00+0200,3522.829,MW,DE,DE_LU,actual_offshore_wind_generation,Wind Offshore,2026-07-08T18:59:57Z
2026-07-08T18:58:29Z,2026-07-08T20:58:29+0200,e401fd36-f4a8-45e5-ad91-bdd87731a7ba,2026-07-05T03:45:00Z,2026-07-05T05:45:00+0200,3442.164,MW,DE,DE_LU,actual_offshore_wind_generation,Wind Offshore,2026-07-08T18:59:57Z
2026-07-08T18:58:29Z,2026-07-08T20:58:29+0200,e401fd36-f4a8-45e5-ad91-bdd87731a7ba,2026-07-05T04:00:00Z,2026-07-05T06:00:00+0200,3161.34,MW,DE,DE_LU,actual_offshore_wind_generation,Wind Offshore,2026-07-08T18:59:57Z
2026-07-08T18:58:29Z,2026-07-08T20:58:29+0200,e401fd36-f4a8-45e5-ad91-bdd87731a7ba,2026-07-05T04:15:00Z,2026-07-05T06:15:00+0200,3011.998,MW,DE,DE_LU,actual_offshore_wind_generation,Wind Offshore,2026-07-08T18:59:57Z
2026-07-08T18:58:29Z,2026-07-08T20:58:29+0200,e401fd36-f4a8-45e5-ad91-bdd87731a7ba,2026-07-05T04:30:00Z,2026-07-05T06:30:00+0200,2867.578,MW,DE,DE_LU,actual_offshore_wind_generation,Wind Offshore,2026-07-08T18:59:57Z
2026-07-08T18:58:29Z,2026-07-08T20:58:29+0200,e401fd36-f4a8-45e5-ad91-bdd87731a7ba,2026-07-05T04:45:00Z,2026-07-05T06:45:00+0200,2461.969,MW,DE,DE_LU,actual_offshore_wind_generation,Wind Offshore,2026-07-08T18:59:57Z
2026-07-08T18:58:29Z,2026-07-08T20:58:29+0200,e401fd36-f4a8-45e5-ad91-bdd87731a7ba,2026-07-05T05:00:00Z,2026-07-05T07:00:00+0200,2001.059,MW,DE,DE_LU,actual_offshore_wind_generation,Wind Offshore,2026-07-08T18:59:57Z
2026-07-08T18:58:29Z,2026-07-08T20:58:29+0200,e401fd36-f4a8-45e5-ad91-bdd87731a7ba,2026-07-05T05:15:00Z,2026-07-05T07:15:00+0200,2011.823,MW,DE,DE_LU,actual_offshore_wind_generation,Wind Offshore,2026-07-08T18:59:57Z
2026-07-08T18:58:29Z,2026-07-08T20:58:29+0200,e401fd36-f4a8-45e5-ad91-bdd87731a7ba,2026-07-05T05:30:00Z,2026-07-05T07:30:00+0200,1906.603,MW,DE,DE_LU,actual_offshore_wind_generation,Wind Offshore,2026-07-08T18:59:57Z
2026-07-08T18:58:29Z,2026-07-08T20:58:29+0200,e401fd36-f4a8-45e5-ad91-bdd87731a7ba,2026-07-05T05:45:00Z,2026-07-05T07:45:00+0200,1813.726,MW,DE,DE_LU,actual_offshore_wind_generation,Wind Offshore,2026-07-08T18:59:57Z
2026-07-08T18:58:29Z,2026-07-08T20:58:29+0200,e401fd36-f4a8-45e5-ad91-bdd87731a7ba,2026-07-05T06:00:00Z,2026-07-05T08:00:00+0200,2126.018,MW,DE,DE_LU,actual_offshore_wind_generation,Wind Offshore,2026-07-08T18:59:57Z
2026-07-08T18:58:29Z,2026-07-08T20:58:29+0200,e401fd36-f4a8-45e5-ad91-bdd87731a7ba,2026-07-05T06:15:00Z,2026-07-05T08:15:00+0200,2361.094,MW,DE,DE_LU,actual_offshore_wind_generation,Wind Offshore,2026-07-08T18:59:57Z
2026-07-08T18:58:29Z,2026-07-08T20:58:29+0200,e401fd36-f4a8-45e5-ad91-bdd87731a7ba,2026-07-05T06:30:00Z,2026-07-05T08:30:00+0200,2588.544,MW,DE,DE_LU,actual_offshore_wind_generation,Wind Offshore,2026-07-08T18:59:57Z
2026-07-08T18:58:29Z,2026-07-08T20:58:29+0200,e401fd36-f4a8-45e5-ad91-bdd87731a7ba,2026-07-05T06:45:00Z,2026-07-05T08:45:00+0200,2682.441,MW,DE,DE_LU,actual_offshore_wind_generation,Wind Offshore,2026-07-08T18:59:57Z
2026-07-08T18:58:29Z,2026-07-08T20:58:29+0200,e401fd36-f4a8-45e5-ad91-bdd87731a7ba,2026-07-05T07:00:00Z,2026-07-05T09:00:00+0200,2859.284,MW,DE,DE_LU,actual_offshore_wind_generation,Wind Offshore,2026-07-08T18:59:57Z
2026-07-08T18:58:29Z,2026-07-08T20:58:29+0200,e401fd36-f4a8-45e5-ad91-bdd87731a7ba,2026-07-05T07:15:00Z,2026-07-05T09:15:00+0200,3010.991,MW,DE,DE_LU,actual_offshore_wind_generation,Wind Offshore,2026-07-08T18:59:57Z
2026-07-08T18:58:29Z,2026-07-08T20:58:29+0200,e401fd36-f4a8-45e5-ad91-bdd87731a7ba,2026-07-05T07:30:00Z,2026-07-05T09:30:00+0200,3075.35,MW,DE,DE_LU,actual_offshore_wind_generation,Wind Offshore,2026-07-08T18:59:57Z
2026-07-08T18:58:29Z,2026-07-08T20:58:29+0200,e401fd36-f4a8-45e5-ad91-bdd87731a7ba,2026-07-05T07:45:00Z,2026-07-05T09:45:00+0200,3135.24,MW,DE,DE_LU,actual_offshore_wind_generation,Wind Offshore,2026-07-08T18:59:57Z
2026-07-08T18:58:29Z,2026-07-08T20:58:29+0200,e401fd36-f4a8-45e5-ad91-bdd87731a7ba,2026-07-05T08:00:00Z,2026-07-05T10:00:00+0200,2651.262,MW,DE,DE_LU,actual_offshore_wind_generation,Wind Offshore,2026-07-08T18:59:57Z
2026-07-08T18:58:29Z,2026-07-08T20:58:29+0200,e401fd36-f4a8-45e5-ad91-bdd87731a7ba,2026-07-05T08:15:00Z,2026-07-05T10:15:00+0200,2609.876,MW,DE,DE_LU,actual_offshore_wind_generation,Wind Offshore,2026-07-08T18:59:57Z
2026-07-08T18:58:29Z,2026-07-08T20:58:29+0200,e401fd36-f4a8-45e5-ad91-bdd87731a7ba,2026-07-05T08:30:00Z,2026-07-05T10:30:00+0200,2554.557,MW,DE,DE_LU,actual_offshore_wind_generation,Wind Offshore,2026-07-08T18:59:57Z
2026-07-08T18:58:29Z,2026-07-08T20:58:29+0200,e401fd36-f4a8-45e5-ad91-bdd87731a7ba,2026-07-05T08:45:00Z,2026-07-05T10:45:00+0200,2542.799,MW,DE,DE_LU,actual_offshore_wind_generation,Wind Offshore,2026-07-08T18:59:57Z
2026-07-08T18:58:29Z,2026-07-08T20:58:29+0200,e401fd36-f4a8-45e5-ad91-bdd87731a7ba,2026-07-05T09:00:00Z,2026-07-05T11:00:00+0200,2543.565,MW,DE,DE_LU,actual_offshore_wind_generation,Wind Offshore,2026-07-08T18:59:57Z
2026-07-08T18:58:29Z,2026-07-08T20:58:29+0200,e401fd36-f4a8-45e5-ad91-bdd87731a7ba,2026-07-05T09:15:00Z,2026-07-05T11:15:00+0200,2430.902,MW,DE,DE_LU,actual_offshore_wind_generation,Wind Offshore,2026-07-08T18:59:57Z
2026-07-08T18:58:29Z,2026-07-08T20:58:29+0200,e401fd36-f4a8-45e5-ad91-bdd87731a7ba,2026-07-05T09:30:00Z,2026-07-05T11:30:00+0200,2361.72,MW,DE,DE_LU,actual_offshore_wind_generation,Wind Offshore,2026-07-08T18:59:57Z
2026-07-08T18:58:29Z,2026-07-08T20:58:29+0200,e401fd36-f4a8-45e5-ad91-bdd87731a7ba,2026-07-05T09:45:00Z,2026-07-05T11:45:00+0200,2303.169,MW,DE,DE_LU,actual_offshore_wind_generation,Wind Offshore,2026-07-08T18:59:57Z
2026-07-08T18:58:29Z,2026-07-08T20:58:29+0200,e401fd36-f4a8-45e5-ad91-bdd87731a7ba,2026-07-05T10:00:00Z,2026-07-05T12:00:00+0200,2181.474,MW,DE,DE_LU,actual_offshore_wind_generation,Wind Offshore,2026-07-08T18:59:57Z
2026-07-08T18:58:29Z,2026-07-08T20:58:29+0200,e401fd36-f4a8-45e5-ad91-bdd87731a7ba,2026-07-05T10:15:00Z,2026-07-05T12:15:00+0200,2092.933,MW,DE,DE_LU,actual_offshore_wind_generation,Wind Offshore,2026-07-08T18:59:57Z
2026-07-08T18:58:29Z,2026-07-08T20:58:29+0200,e401fd36-f4a8-45e5-ad91-bdd87731a7ba,2026-07-05T10:30:00Z,2026-07-05T12:30:00+0200,2027.411,MW,DE,DE_LU,actual_offshore_wind_generation,Wind Offshore,2026-07-08T18:59:57Z
2026-07-08T18:58:29Z,2026-07-08T20:58:29+0200,e401fd36-f4a8-45e5-ad91-bdd87731a7ba,2026-07-05T10:45:00Z,2026-07-05T12:45:00+0200,1984.195,MW,DE,DE_LU,actual_offshore_wind_generation,Wind Offshore,2026-07-08T18:59:57Z
2026-07-08T18:58:29Z,2026-07-08T20:58:29+0200,e401fd36-f4a8-45e5-ad91-bdd87731a7ba,2026-07-05T11:00:00Z,2026-07-05T13:00:00+0200,1854.802,MW,DE,DE_LU,actual_offshore_wind_generation,Wind Offshore,2026-07-08T18:59:57Z
2026-07-08T18:58:29Z,2026-07-08T20:58:29+0200,e401fd36-f4a8-45e5-ad91-bdd87731a7ba,2026-07-05T11:15:00Z,2026-07-05T13:15:00+0200,2004.954,MW,DE,DE_LU,actual_offshore_wind_generation,Wind Offshore,2026-07-08T18:59:57Z
2026-07-08T18:58:29Z,2026-07-08T20:58:29+0200,e401fd36-f4a8-45e5-ad91-bdd87731a7ba,2026-07-05T11:30:00Z,2026-07-05T13:30:00+0200,2011.043,MW,DE,DE_LU,actual_offshore_wind_generation,Wind Offshore,2026-07-08T18:59:57Z
2026-07-08T18:58:29Z,2026-07-08T20:58:29+0200,e401fd36-f4a8-45e5-ad91-bdd87731a7ba,2026-07-05T11:45:00Z,2026-07-05T13:45:00+0200,2021.155,MW,DE,DE_LU,actual_offshore_wind_generation,Wind Offshore,2026-07-08T18:59:57Z
2026-07-08T18:58:29Z,2026-07-08T20:58:29+0200,e401fd36-f4a8-45e5-ad91-bdd87731a7ba,2026-07-05T12:00:00Z,2026-07-05T14:00:00+0200,1552.505,MW,DE,DE_LU,actual_offshore_wind_generation,Wind Offshore,2026-07-08T18:59:57Z
2026-07-08T18:58:29Z,2026-07-08T20:58:29+0200,e401fd36-f4a8-45e5-ad91-bdd87731a7ba,2026-07-05T12:15:00Z,2026-07-05T14:15:00+0200,1549.4,MW,DE,DE_LU,actual_offshore_wind_generation,Wind Offshore,2026-07-08T18:59:57Z
2026-07-08T18:58:29Z,2026-07-08T20:58:29+0200,e401fd36-f4a8-45e5-ad91-bdd87731a7ba,2026-07-05T12:30:00Z,2026-07-05T14:30:00+0200,1540.035,MW,DE,DE_LU,actual_offshore_wind_generation,Wind Offshore,2026-07-08T18:59:57Z
2026-07-08T18:58:29Z,2026-07-08T20:58:29+0200,e401fd36-f4a8-45e5-ad91-bdd87731a7ba,2026-07-05T12:45:00Z,2026-07-05T14:45:00+0200,1465.099,MW,DE,DE_LU,actual_offshore_wind_generation,Wind Offshore,2026-07-08T18:59:57Z
2026-07-08T18:58:29Z,2026-07-08T20:58:29+0200,e401fd36-f4a8-45e5-ad91-bdd87731a7ba,2026-07-05T13:00:00Z,2026-07-05T15:00:00+0200,1657.829,MW,DE,DE_LU,actual_offshore_wind_generation,Wind Offshore,2026-07-08T18:59:57Z
2026-07-08T18:58:29Z,2026-07-08T20:58:29+0200,e401fd36-f4a8-45e5-ad91-bdd87731a7ba,2026-07-05T13:15:00Z,2026-07-05T15:15:00+0200,1747.307,MW,DE,DE_LU,actual_offshore_wind_generation,Wind Offshore,2026-07-08T18:59:57Z
2026-07-08T18:58:29Z,2026-07-08T20:58:29+0200,e401fd36-f4a8-45e5-ad91-bdd87731a7ba,2026-07-05T13:30:00Z,2026-07-05T15:30:00+0200,1807.547,MW,DE,DE_LU,actual_offshore_wind_generation,Wind Offshore,2026-07-08T18:59:57Z
2026-07-08T18:58:29Z,2026-07-08T20:58:29+0200,e401fd36-f4a8-45e5-ad91-bdd87731a7ba,2026-07-05T13:45:00Z,2026-07-05T15:45:00+0200,1856.352,MW,DE,DE_LU,actual_offshore_wind_generation,Wind Offshore,2026-07-08T18:59:57Z
2026-07-08T18:58:29Z,2026-07-08T20:58:29+0200,e401fd36-f4a8-45e5-ad91-bdd87731a7ba,2026-07-05T14:00:00Z,2026-07-05T16:00:00+0200,1788.846,MW,DE,DE_LU,actual_offshore_wind_generation,Wind Offshore,2026-07-08T18:59:57Z
2026-07-08T18:58:29Z,2026-07-08T20:58:29+0200,e401fd36-f4a8-45e5-ad91-bdd87731a7ba,2026-07-05T14:15:00Z,2026-07-05T16:15:00+0200,1698.71,MW,DE,DE_LU,actual_offshore_wind_generation,Wind Offshore,2026-07-08T18:59:57Z
2026-07-08T18:58:29Z,2026-07-08T20:58:29+0200,e401fd36-f4a8-45e5-ad91-bdd87731a7ba,2026-07-05T14:30:00Z,2026-07-05T16:30:00+0200,1707.315,MW,DE,DE_LU,actual_offshore_wind_generation,Wind Offshore,2026-07-08T18:59:57Z
2026-07-08T18:58:29Z,2026-07-08T20:58:29+0200,e401fd36-f4a8-45e5-ad91-bdd87731a7ba,2026-07-05T14:45:00Z,2026-07-05T16:45:00+0200,1748.346,MW,DE,DE_LU,actual_offshore_wind_generation,Wind Offshore,2026-07-08T18:59:57Z
2026-07-08T18:58:29Z,2026-07-08T20:58:29+0200,e401fd36-f4a8-45e5-ad91-bdd87731a7ba,2026-07-05T15:00:00Z,2026-07-05T17:00:00+0200,2389.985,MW,DE,DE_LU,actual_offshore_wind_generation,Wind Offshore,2026-07-08T18:59:57Z
2026-07-08T18:58:29Z,2026-07-08T20:58:29+0200,e401fd36-f4a8-45e5-ad91-bdd87731a7ba,2026-07-05T15:15:00Z,2026-07-05T17:15:00+0200,2452.743,MW,DE,DE_LU,actual_offshore_wind_generation,Wind Offshore,2026-07-08T18:59:57Z
2026-07-08T18:58:29Z,2026-07-08T20:58:29+0200,e401fd36-f4a8-45e5-ad91-bdd87731a7ba,2026-07-05T15:30:00Z,2026-07-05T17:30:00+0200,2422.785,MW,DE,DE_LU,actual_offshore_wind_generation,Wind Offshore,2026-07-08T18:59:57Z
2026-07-08T18:58:29Z,2026-07-08T20:58:29+0200,e401fd36-f4a8-45e5-ad91-bdd87731a7ba,2026-07-05T15:45:00Z,2026-07-05T17:45:00+0200,2315.068,MW,DE,DE_LU,actual_offshore_wind_generation,Wind Offshore,2026-07-08T18:59:57Z
2026-07-08T18:58:29Z,2026-07-08T20:58:29+0200,e401fd36-f4a8-45e5-ad91-bdd87731a7ba,2026-07-05T16:00:00Z,2026-07-05T18:00:00+0200,2230.943,MW,DE,DE_LU,actual_offshore_wind_generation,Wind Offshore,2026-07-08T18:59:57Z
2026-07-08T18:58:29Z,2026-07-08T20:58:29+0200,e401fd36-f4a8-45e5-ad91-bdd87731a7ba,2026-07-05T16:15:00Z,2026-07-05T18:15:00+0200,2219.917,MW,DE,DE_LU,actual_offshore_wind_generation,Wind Offshore,2026-07-08T18:59:57Z
2026-07-08T18:58:29Z,2026-07-08T20:58:29+0200,e401fd36-f4a8-45e5-ad91-bdd87731a7ba,2026-07-05T16:30:00Z,2026-07-05T18:30:00+0200,2164.283,MW,DE,DE_LU,actual_offshore_wind_generation,Wind Offshore,2026-07-08T18:59:57Z
2026-07-08T18:58:29Z,2026-07-08T20:58:29+0200,e401fd36-f4a8-45e5-ad91-bdd87731a7ba,2026-07-05T16:45:00Z,2026-07-05T18:45:00+0200,2120.108,MW,DE,DE_LU,actual_offshore_wind_generation,Wind Offshore,2026-07-08T18:59:57Z
2026-07-08T18:58:29Z,2026-07-08T20:58:29+0200,e401fd36-f4a8-45e5-ad91-bdd87731a7ba,2026-07-05T17:00:00Z,2026-07-05T19:00:00+0200,2498.587,MW,DE,DE_LU,actual_offshore_wind_generation,Wind Offshore,2026-07-08T18:59:57Z
2026-07-08T18:58:29Z,2026-07-08T20:58:29+0200,e401fd36-f4a8-45e5-ad91-bdd87731a7ba,2026-07-05T17:15:00Z,2026-07-05T19:15:00+0200,2499.825,MW,DE,DE_LU,actual_offshore_wind_generation,Wind Offshore,2026-07-08T18:59:57Z
2026-07-08T18:58:29Z,2026-07-08T20:58:29+0200,e401fd36-f4a8-45e5-ad91-bdd87731a7ba,2026-07-05T17:30:00Z,2026-07-05T19:30:00+0200,2445.702,MW,DE,DE_LU,actual_offshore_wind_generation,Wind Offshore,2026-07-08T18:59:57Z
2026-07-08T18:58:29Z,2026-07-08T20:58:29+0200,e401fd36-f4a8-45e5-ad91-bdd87731a7ba,2026-07-05T17:45:00Z,2026-07-05T19:45:00+0200,2381.307,MW,DE,DE_LU,actual_offshore_wind_generation,Wind Offshore,2026-07-08T18:59:57Z
2026-07-08T18:58:29Z,2026-07-08T20:58:29+0200,e401fd36-f4a8-45e5-ad91-bdd87731a7ba,2026-07-05T18:00:00Z,2026-07-05T20:00:00+0200,2665.194,MW,DE,DE_LU,actual_offshore_wind_generation,Wind Offshore,2026-07-08T18:59:57Z
2026-07-08T18:58:29Z,2026-07-08T20:58:29+0200,e401fd36-f4a8-45e5-ad91-bdd87731a7ba,2026-07-05T18:15:00Z,2026-07-05T20:15:00+0200,2719.76,MW,DE,DE_LU,actual_offshore_wind_generation,Wind Offshore,2026-07-08T18:59:57Z
2026-07-08T18:58:29Z,2026-07-08T20:58:29+0200,e401fd36-f4a8-45e5-ad91-bdd87731a7ba,2026-07-05T18:30:00Z,2026-07-05T20:30:00+0200,2707.495,MW,DE,DE_LU,actual_offshore_wind_generation,Wind Offshore,2026-07-08T18:59:57Z
2026-07-08T18:58:29Z,2026-07-08T20:58:29+0200,e401fd36-f4a8-45e5-ad91-bdd87731a7ba,2026-07-05T18:45:00Z,2026-07-05T20:45:00+0200,2648.764,MW,DE,DE_LU,actual_offshore_wind_generation,Wind Offshore,2026-07-08T18:59:57Z
2026-07-08T18:58:29Z,2026-07-08T20:58:29+0200,e401fd36-f4a8-45e5-ad91-bdd87731a7ba,2026-07-05T19:00:00Z,2026-07-05T21:00:00+0200,2602.574,MW,DE,DE_LU,actual_offshore_wind_generation,Wind Offshore,2026-07-08T18:59:57Z
2026-07-08T18:58:29Z,2026-07-08T20:58:29+0200,e401fd36-f4a8-45e5-ad91-bdd87731a7ba,2026-07-05T19:15:00Z,2026-07-05T21:15:00+0200,2509.777,MW,DE,DE_LU,actual_offshore_wind_generation,Wind Offshore,2026-07-08T18:59:57Z
2026-07-08T18:58:29Z,2026-07-08T20:58:29+0200,e401fd36-f4a8-45e5-ad91-bdd87731a7ba,2026-07-05T19:30:00Z,2026-07-05T21:30:00+0200,2439.173,MW,DE,DE_LU,actual_offshore_wind_generation,Wind Offshore,2026-07-08T18:59:57Z
2026-07-08T18:58:29Z,2026-07-08T20:58:29+0200,e401fd36-f4a8-45e5-ad91-bdd87731a7ba,2026-07-05T19:45:00Z,2026-07-05T21:45:00+0200,2382.055,MW,DE,DE_LU,actual_offshore_wind_generation,Wind Offshore,2026-07-08T18:59:57Z
2026-07-08T18:58:29Z,2026-07-08T20:58:29+0200,e401fd36-f4a8-45e5-ad91-bdd87731a7ba,2026-07-05T20:00:00Z,2026-07-05T22:00:00+0200,2340.696,MW,DE,DE_LU,actual_offshore_wind_generation,Wind Offshore,2026-07-08T18:59:57Z
2026-07-08T18:58:29Z,2026-07-08T20:58:29+0200,e401fd36-f4a8-45e5-ad91-bdd87731a7ba,2026-07-05T20:15:00Z,2026-07-05T22:15:00+0200,2219.34,MW,DE,DE_LU,actual_offshore_wind_generation,Wind Offshore,2026-07-08T18:59:57Z
2026-07-08T18:58:29Z,2026-07-08T20:58:29+0200,e401fd36-f4a8-45e5-ad91-bdd87731a7ba,2026-07-05T20:30:00Z,2026-07-05T22:30:00+0200,2237.587,MW,DE,DE_LU,actual_offshore_wind_generation,Wind Offshore,2026-07-08T18:59:57Z
2026-07-08T18:58:29Z,2026-07-08T20:58:29+0200,e401fd36-f4a8-45e5-ad91-bdd87731a7ba,2026-07-05T20:45:00Z,2026-07-05T22:45:00+0200,2235.144,MW,DE,DE_LU,actual_offshore_wind_generation,Wind Offshore,2026-07-08T18:59:57Z
2026-07-08T18:58:29Z,2026-07-08T20:58:29+0200,e401fd36-f4a8-45e5-ad91-bdd87731a7ba,2026-07-05T21:00:00Z,2026-07-05T23:00:00+0200,2319.048,MW,DE,DE_LU,actual_offshore_wind_generation,Wind Offshore,2026-07-08T18:59:57Z
2026-07-08T18:58:29Z,2026-07-08T20:58:29+0200,e401fd36-f4a8-45e5-ad91-bdd87731a7ba,2026-07-05T21:15:00Z,2026-07-05T23:15:00+0200,2317.494,MW,DE,DE_LU,actual_offshore_wind_generation,Wind Offshore,2026-07-08T18:59:57Z
2026-07-08T18:58:29Z,2026-07-08T20:58:29+0200,e401fd36-f4a8-45e5-ad91-bdd87731a7ba,2026-07-05T21:30:00Z,2026-07-05T23:30:00+0200,2360.196,MW,DE,DE_LU,actual_offshore_wind_generation,Wind Offshore,2026-07-08T18:59:57Z
2026-07-08T18:58:29Z,2026-07-08T20:58:29+0200,e401fd36-f4a8-45e5-ad91-bdd87731a7ba,2026-07-05T21:45:00Z,2026-07-05T23:45:00+0200,2497.244,MW,DE,DE_LU,actual_offshore_wind_generation,Wind Offshore,2026-07-08T18:59:57Z
2026-07-08T18:58:29Z,2026-07-08T20:58:29+0200,e401fd36-f4a8-45e5-ad91-bdd87731a7ba,2026-07-05T22:00:00Z,2026-07-06T00:00:00+0200,2643.567,MW,DE,DE_LU,actual_offshore_wind_generation,Wind Offshore,2026-07-08T18:59:57Z
2026-07-08T18:58:29Z,2026-07-08T20:58:29+0200,e401fd36-f4a8-45e5-ad91-bdd87731a7ba,2026-07-05T22:15:00Z,2026-07-06T00:15:00+0200,2742.476,MW,DE,DE_LU,actual_offshore_wind_generation,Wind Offshore,2026-07-08T18:59:57Z
2026-07-08T18:58:29Z,2026-07-08T20:58:29+0200,e401fd36-f4a8-45e5-ad91-bdd87731a7ba,2026-07-05T22:30:00Z,2026-07-06T00:30:00+0200,2891.906,MW,DE,DE_LU,actual_offshore_wind_generation,Wind Offshore,2026-07-08T18:59:57Z
2026-07-08T18:58:29Z,2026-07-08T20:58:29+0200,e401fd36-f4a8-45e5-ad91-bdd87731a7ba,2026-07-05T22:45:00Z,2026-07-06T00:45:00+0200,2984.179,MW,DE,DE_LU,actual_offshore_wind_generation,Wind Offshore,2026-07-08T18:59:57Z
2026-07-08T18:58:29Z,2026-07-08T20:58:29+0200,e401fd36-f4a8-45e5-ad91-bdd87731a7ba,2026-07-05T23:00:00Z,2026-07-06T01:00:00+0200,3076.769,MW,DE,DE_LU,actual_offshore_wind_generation,Wind Offshore,2026-07-08T18:59:57Z
2026-07-08T18:58:29Z,2026-07-08T20:58:29+0200,e401fd36-f4a8-45e5-ad91-bdd87731a7ba,2026-07-05T23:15:00Z,2026-07-06T01:15:00+0200,3144.475,MW,DE,DE_LU,actual_offshore_wind_generation,Wind Offshore,2026-07-08T18:59:57Z
2026-07-08T18:58:29Z,2026-07-08T20:58:29+0200,e401fd36-f4a8-45e5-ad91-bdd87731a7ba,2026-07-05T23:30:00Z,2026-07-06T01:30:00+0200,3339.82,MW,DE,DE_LU,actual_offshore_wind_generation,Wind Offshore,2026-07-08T18:59:57Z
2026-07-08T18:58:29Z,2026-07-08T20:58:29+0200,e401fd36-f4a8-45e5-ad91-bdd87731a7ba,2026-07-05T23:45:00Z,2026-07-06T01:45:00+0200,3463.998,MW,DE,DE_LU,actual_offshore_wind_generation,Wind Offshore,2026-07-08T18:59:57Z
2026-07-08T18:58:29Z,2026-07-08T20:58:29+0200,e401fd36-f4a8-45e5-ad91-bdd87731a7ba,2026-07-06T00:00:00Z,2026-07-06T02:00:00+0200,3510.192,MW,DE,DE_LU,actual_offshore_wind_generation,Wind Offshore,2026-07-08T18:59:57Z
2026-07-08T18:58:29Z,2026-07-08T20:58:29+0200,e401fd36-f4a8-45e5-ad91-bdd87731a7ba,2026-07-06T00:15:00Z,2026-07-06T02:15:00+0200,3543.266,MW,DE,DE_LU,actual_offshore_wind_generation,Wind Offshore,2026-07-08T18:59:57Z
2026-07-08T18:58:29Z,2026-07-08T20:58:29+0200,e401fd36-f4a8-45e5-ad91-bdd87731a7ba,2026-07-06T00:30:00Z,2026-07-06T02:30:00+0200,3555.533,MW,DE,DE_LU,actual_offshore_wind_generation,Wind Offshore,2026-07-08T18:59:57Z
2026-07-08T18:58:29Z,2026-07-08T20:58:29+0200,e401fd36-f4a8-45e5-ad91-bdd87731a7ba,2026-07-06T00:45:00Z,2026-07-06T02:45:00+0200,3417.107,MW,DE,DE_LU,actual_offshore_wind_generation,Wind Offshore,2026-07-08T18:59:57Z
2026-07-08T18:58:29Z,2026-07-08T20:58:29+0200,e401fd36-f4a8-45e5-ad91-bdd87731a7ba,2026-07-06T01:00:00Z,2026-07-06T03:00:00+0200,3357.135,MW,DE,DE_LU,actual_offshore_wind_generation,Wind Offshore,2026-07-08T18:59:57Z
2026-07-08T18:58:29Z,2026-07-08T20:58:29+0200,e401fd36-f4a8-45e5-ad91-bdd87731a7ba,2026-07-06T01:15:00Z,2026-07-06T03:15:00+0200,3546.672,MW,DE,DE_LU,actual_offshore_wind_generation,Wind Offshore,2026-07-08T18:59:57Z
2026-07-08T18:58:29Z,2026-07-08T20:58:29+0200,e401fd36-f4a8-45e5-ad91-bdd87731a7ba,2026-07-06T01:30:00Z,2026-07-06T03:30:00+0200,3663.555,MW,DE,DE_LU,actual_offshore_wind_generation,Wind Offshore,2026-07-08T18:59:57Z
2026-07-08T18:58:29Z,2026-07-08T20:58:29+0200,e401fd36-f4a8-45e5-ad91-bdd87731a7ba,2026-07-06T01:45:00Z,2026-07-06T03:45:00+0200,3709.213,MW,DE,DE_LU,actual_offshore_wind_generation,Wind Offshore,2026-07-08T18:59:57Z
2026-07-08T18:58:29Z,2026-07-08T20:58:29+0200,e401fd36-f4a8-45e5-ad91-bdd87731a7ba,2026-07-06T02:00:00Z,2026-07-06T04:00:00+0200,3961.771,MW,DE,DE_LU,actual_offshore_wind_generation,Wind Offshore,2026-07-08T18:59:57Z
2026-07-08T18:58:29Z,2026-07-08T20:58:29+0200,e401fd36-f4a8-45e5-ad91-bdd87731a7ba,2026-07-06T02:15:00Z,2026-07-06T04:15:00+0200,4321.784,MW,DE,DE_LU,actual_offshore_wind_generation,Wind Offshore,2026-07-08T18:59:57Z
2026-07-08T18:58:29Z,2026-07-08T20:58:29+0200,e401fd36-f4a8-45e5-ad91-bdd87731a7ba,2026-07-06T02:30:00Z,2026-07-06T04:30:00+0200,4676.929,MW,DE,DE_LU,actual_offshore_wind_generation,Wind Offshore,2026-07-08T18:59:57Z
2026-07-08T18:58:29Z,2026-07-08T20:58:29+0200,e401fd36-f4a8-45e5-ad91-bdd87731a7ba,2026-07-06T02:45:00Z,2026-07-06T04:45:00+0200,5205.233,MW,DE,DE_LU,actual_offshore_wind_generation,Wind Offshore,2026-07-08T18:59:57Z
2026-07-08T18:58:29Z,2026-07-08T20:58:29+0200,e401fd36-f4a8-45e5-ad91-bdd87731a7ba,2026-07-06T03:00:00Z,2026-07-06T05:00:00+0200,5618.502,MW,DE,DE_LU,actual_offshore_wind_generation,Wind Offshore,2026-07-08T18:59:57Z
2026-07-08T18:58:29Z,2026-07-08T20:58:29+0200,e401fd36-f4a8-45e5-ad91-bdd87731a7ba,2026-07-06T03:15:00Z,2026-07-06T05:15:00+0200,5986.735,MW,DE,DE_LU,actual_offshore_wind_generation,Wind Offshore,2026-07-08T18:59:57Z
2026-07-08T18:58:29Z,2026-07-08T20:58:29+0200,e401fd36-f4a8-45e5-ad91-bdd87731a7ba,2026-07-06T03:30:00Z,2026-07-06T05:30:00+0200,6366.649,MW,DE,DE_LU,actual_offshore_wind_generation,Wind Offshore,2026-07-08T18:59:57Z
2026-07-08T18:58:29Z,2026-07-08T20:58:29+0200,e401fd36-f4a8-45e5-ad91-bdd87731a7ba,2026-07-06T03:45:00Z,2026-07-06T05:45:00+0200,6596.758,MW,DE,DE_LU,actual_offshore_wind_generation,Wind Offshore,2026-07-08T18:59:57Z
2026-07-08T18:58:29Z,2026-07-08T20:58:29+0200,e401fd36-f4a8-45e5-ad91-bdd87731a7ba,2026-07-06T04:00:00Z,2026-07-06T06:00:00+0200,6402.485,MW,DE,DE_LU,actual_offshore_wind_generation,Wind Offshore,2026-07-08T18:59:57Z
2026-07-08T18:58:29Z,2026-07-08T20:58:29+0200,e401fd36-f4a8-45e5-ad91-bdd87731a7ba,2026-07-06T04:15:00Z,2026-07-06T06:15:00+0200,6442.688,MW,DE,DE_LU,actual_offshore_wind_generation,Wind Offshore,2026-07-08T18:59:57Z
2026-07-08T18:58:29Z,2026-07-08T20:58:29+0200,e401fd36-f4a8-45e5-ad91-bdd87731a7ba,2026-07-06T04:30:00Z,2026-07-06T06:30:00+0200,6467.609,MW,DE,DE_LU,actual_offshore_wind_generation,Wind Offshore,2026-07-08T18:59:57Z
2026-07-08T18:58:29Z,2026-07-08T20:58:29+0200,e401fd36-f4a8-45e5-ad91-bdd87731a7ba,2026-07-06T04:45:00Z,2026-07-06T06:45:00+0200,6509.144,MW,DE,DE_LU,actual_offshore_wind_generation,Wind Offshore,2026-07-08T18:59:57Z
2026-07-08T18:58:29Z,2026-07-08T20:58:29+0200,e401fd36-f4a8-45e5-ad91-bdd87731a7ba,2026-07-06T05:00:00Z,2026-07-06T07:00:00+0200,6592.888,MW,DE,DE_LU,actual_offshore_wind_generation,Wind Offshore,2026-07-08T18:59:57Z
2026-07-08T18:58:29Z,2026-07-08T20:58:29+0200,e401fd36-f4a8-45e5-ad91-bdd87731a7ba,2026-07-06T05:15:00Z,2026-07-06T07:15:00+0200,6759.802,MW,DE,DE_LU,actual_offshore_wind_generation,Wind Offshore,2026-07-08T18:59:57Z
2026-07-08T18:58:29Z,2026-07-08T20:58:29+0200,e401fd36-f4a8-45e5-ad91-bdd87731a7ba,2026-07-06T05:30:00Z,2026-07-06T07:30:00+0200,6773.174,MW,DE,DE_LU,actual_offshore_wind_generation,Wind Offshore,2026-07-08T18:59:57Z
2026-07-08T18:58:29Z,2026-07-08T20:58:29+0200,e401fd36-f4a8-45e5-ad91-bdd87731a7ba,2026-07-06T05:45:00Z,2026-07-06T07:45:00+0200,6813.052,MW,DE,DE_LU,actual_offshore_wind_generation,Wind Offshore,2026-07-08T18:59:57Z
2026-07-08T18:58:29Z,2026-07-08T20:58:29+0200,e401fd36-f4a8-45e5-ad91-bdd87731a7ba,2026-07-06T06:00:00Z,2026-07-06T08:00:00+0200,6880.444,MW,DE,DE_LU,actual_offshore_wind_generation,Wind Offshore,2026-07-08T18:59:57Z
2026-07-08T18:58:29Z,2026-07-08T20:58:29+0200,e401fd36-f4a8-45e5-ad91-bdd87731a7ba,2026-07-06T06:15:00Z,2026-07-06T08:15:00+0200,6953.575,MW,DE,DE_LU,actual_offshore_wind_generation,Wind Offshore,2026-07-08T18:59:57Z
2026-07-08T18:58:29Z,2026-07-08T20:58:29+0200,e401fd36-f4a8-45e5-ad91-bdd87731a7ba,2026-07-06T06:30:00Z,2026-07-06T08:30:00+0200,7118.896,MW,DE,DE_LU,actual_offshore_wind_generation,Wind Offshore,2026-07-08T18:59:57Z
2026-07-08T18:58:29Z,2026-07-08T20:58:29+0200,e401fd36-f4a8-45e5-ad91-bdd87731a7ba,2026-07-06T06:45:00Z,2026-07-06T08:45:00+0200,7149.686,MW,DE,DE_LU,actual_offshore_wind_generation,Wind Offshore,2026-07-08T18:59:57Z
2026-07-08T18:58:29Z,2026-07-08T20:58:29+0200,e401fd36-f4a8-45e5-ad91-bdd87731a7ba,2026-07-06T07:00:00Z,2026-07-06T09:00:00+0200,7089.821,MW,DE,DE_LU,actual_offshore_wind_generation,Wind Offshore,2026-07-08T18:59:57Z
2026-07-08T18:58:29Z,2026-07-08T20:58:29+0200,e401fd36-f4a8-45e5-ad91-bdd87731a7ba,2026-07-06T07:15:00Z,2026-07-06T09:15:00+0200,7160.037,MW,DE,DE_LU,actual_offshore_wind_generation,Wind Offshore,2026-07-08T18:59:57Z
2026-07-08T18:58:29Z,2026-07-08T20:58:29+0200,e401fd36-f4a8-45e5-ad91-bdd87731a7ba,2026-07-06T07:30:00Z,2026-07-06T09:30:00+0200,7023.057,MW,DE,DE_LU,actual_offshore_wind_generation,Wind Offshore,2026-07-08T18:59:57Z
2026-07-08T18:58:29Z,2026-07-08T20:58:29+0200,e401fd36-f4a8-45e5-ad91-bdd87731a7ba,2026-07-06T07:45:00Z,2026-07-06T09:45:00+0200,6942.966,MW,DE,DE_LU,actual_offshore_wind_generation,Wind Offshore,2026-07-08T18:59:57Z
2026-07-08T18:58:29Z,2026-07-08T20:58:29+0200,e401fd36-f4a8-45e5-ad91-bdd87731a7ba,2026-07-06T08:00:00Z,2026-07-06T10:00:00+0200,6834.493,MW,DE,DE_LU,actual_offshore_wind_generation,Wind Offshore,2026-07-08T18:59:57Z
2026-07-08T18:58:29Z,2026-07-08T20:58:29+0200,e401fd36-f4a8-45e5-ad91-bdd87731a7ba,2026-07-06T08:15:00Z,2026-07-06T10:15:00+0200,7075.153,MW,DE,DE_LU,actual_offshore_wind_generation,Wind Offshore,2026-07-08T18:59:57Z
2026-07-08T18:58:29Z,2026-07-08T20:58:29+0200,e401fd36-f4a8-45e5-ad91-bdd87731a7ba,2026-07-06T08:30:00Z,2026-07-06T10:30:00+0200,7127.227,MW,DE,DE_LU,actual_offshore_wind_generation,Wind Offshore,2026-07-08T18:59:57Z
2026-07-08T18:58:29Z,2026-07-08T20:58:29+0200,e401fd36-f4a8-45e5-ad91-bdd87731a7ba,2026-07-06T08:45:00Z,2026-07-06T10:45:00+0200,7038.652,MW,DE,DE_LU,actual_offshore_wind_generation,Wind Offshore,2026-07-08T18:59:57Z
2026-07-08T18:58:29Z,2026-07-08T20:58:29+0200,e401fd36-f4a8-45e5-ad91-bdd87731a7ba,2026-07-06T09:00:00Z,2026-07-06T11:00:00+0200,7060.718,MW,DE,DE_LU,actual_offshore_wind_generation,Wind Offshore,2026-07-08T18:59:57Z
2026-07-08T18:58:29Z,2026-07-08T20:58:29+0200,e401fd36-f4a8-45e5-ad91-bdd87731a7ba,2026-07-06T09:15:00Z,2026-07-06T11:15:00+0200,7014.741,MW,DE,DE_LU,actual_offshore_wind_generation,Wind Offshore,2026-07-08T18:59:57Z
2026-07-08T18:58:29Z,2026-07-08T20:58:29+0200,e401fd36-f4a8-45e5-ad91-bdd87731a7ba,2026-07-06T09:30:00Z,2026-07-06T11:30:00+0200,6870.18,MW,DE,DE_LU,actual_offshore_wind_generation,Wind Offshore,2026-07-08T18:59:57Z
2026-07-08T18:58:29Z,2026-07-08T20:58:29+0200,e401fd36-f4a8-45e5-ad91-bdd87731a7ba,2026-07-06T09:45:00Z,2026-07-06T11:45:00+0200,6685.922,MW,DE,DE_LU,actual_offshore_wind_generation,Wind Offshore,2026-07-08T18:59:57Z
2026-07-08T18:58:29Z,2026-07-08T20:58:29+0200,e401fd36-f4a8-45e5-ad91-bdd87731a7ba,2026-07-06T10:00:00Z,2026-07-06T12:00:00+0200,6115.144,MW,DE,DE_LU,actual_offshore_wind_generation,Wind Offshore,2026-07-08T18:59:57Z
2026-07-08T18:58:29Z,2026-07-08T20:58:29+0200,e401fd36-f4a8-45e5-ad91-bdd87731a7ba,2026-07-06T10:15:00Z,2026-07-06T12:15:00+0200,5947.419,MW,DE,DE_LU,actual_offshore_wind_generation,Wind Offshore,2026-07-08T18:59:57Z
2026-07-08T18:58:29Z,2026-07-08T20:58:29+0200,e401fd36-f4a8-45e5-ad91-bdd87731a7ba,2026-07-06T10:30:00Z,2026-07-06T12:30:00+0200,5566.791,MW,DE,DE_LU,actual_offshore_wind_generation,Wind Offshore,2026-07-08T18:59:57Z
2026-07-08T18:58:29Z,2026-07-08T20:58:29+0200,e401fd36-f4a8-45e5-ad91-bdd87731a7ba,2026-07-06T10:45:00Z,2026-07-06T12:45:00+0200,5342.261,MW,DE,DE_LU,actual_offshore_wind_generation,Wind Offshore,2026-07-08T18:59:57Z
2026-07-08T18:58:29Z,2026-07-08T20:58:29+0200,e401fd36-f4a8-45e5-ad91-bdd87731a7ba,2026-07-06T11:00:00Z,2026-07-06T13:00:00+0200,5215.696,MW,DE,DE_LU,actual_offshore_wind_generation,Wind Offshore,2026-07-08T18:59:57Z
2026-07-08T18:58:29Z,2026-07-08T20:58:29+0200,e401fd36-f4a8-45e5-ad91-bdd87731a7ba,2026-07-06T11:15:00Z,2026-07-06T13:15:00+0200,5376.737,MW,DE,DE_LU,actual_offshore_wind_generation,Wind Offshore,2026-07-08T18:59:57Z
2026-07-08T18:58:29Z,2026-07-08T20:58:29+0200,e401fd36-f4a8-45e5-ad91-bdd87731a7ba,2026-07-06T11:30:00Z,2026-07-06T13:30:00+0200,5336.078,MW,DE,DE_LU,actual_offshore_wind_generation,Wind Offshore,2026-07-08T18:59:57Z
2026-07-08T18:58:29Z,2026-07-08T20:58:29+0200,e401fd36-f4a8-45e5-ad91-bdd87731a7ba,2026-07-06T11:45:00Z,2026-07-06T13:45:00+0200,5205.074,MW,DE,DE_LU,actual_offshore_wind_generation,Wind Offshore,2026-07-08T18:59:57Z
2026-07-08T18:58:29Z,2026-07-08T20:58:29+0200,e401fd36-f4a8-45e5-ad91-bdd87731a7ba,2026-07-06T12:00:00Z,2026-07-06T14:00:00+0200,4967.449,MW,DE,DE_LU,actual_offshore_wind_generation,Wind Offshore,2026-07-08T18:59:57Z
2026-07-08T18:58:29Z,2026-07-08T20:58:29+0200,e401fd36-f4a8-45e5-ad91-bdd87731a7ba,2026-07-06T12:15:00Z,2026-07-06T14:15:00+0200,5288.17,MW,DE,DE_LU,actual_offshore_wind_generation,Wind Offshore,2026-07-08T18:59:57Z
2026-07-08T18:58:29Z,2026-07-08T20:58:29+0200,e401fd36-f4a8-45e5-ad91-bdd87731a7ba,2026-07-06T12:30:00Z,2026-07-06T14:30:00+0200,5262.11,MW,DE,DE_LU,actual_offshore_wind_generation,Wind Offshore,2026-07-08T18:59:57Z
2026-07-08T18:58:29Z,2026-07-08T20:58:29+0200,e401fd36-f4a8-45e5-ad91-bdd87731a7ba,2026-07-06T12:45:00Z,2026-07-06T14:45:00+0200,5308.394,MW,DE,DE_LU,actual_offshore_wind_generation,Wind Offshore,2026-07-08T18:59:57Z
2026-07-08T18:58:29Z,2026-07-08T20:58:29+0200,e401fd36-f4a8-45e5-ad91-bdd87731a7ba,2026-07-06T13:00:00Z,2026-07-06T15:00:00+0200,5302.406,MW,DE,DE_LU,actual_offshore_wind_generation,Wind Offshore,2026-07-08T18:59:57Z
2026-07-08T18:58:29Z,2026-07-08T20:58:29+0200,e401fd36-f4a8-45e5-ad91-bdd87731a7ba,2026-07-06T13:15:00Z,2026-07-06T15:15:00+0200,5495.259,MW,DE,DE_LU,actual_offshore_wind_generation,Wind Offshore,2026-07-08T18:59:57Z
2026-07-08T18:58:29Z,2026-07-08T20:58:29+0200,e401fd36-f4a8-45e5-ad91-bdd87731a7ba,2026-07-06T13:30:00Z,2026-07-06T15:30:00+0200,5704.672,MW,DE,DE_LU,actual_offshore_wind_generation,Wind Offshore,2026-07-08T18:59:57Z
2026-07-08T18:58:29Z,2026-07-08T20:58:29+0200,e401fd36-f4a8-45e5-ad91-bdd87731a7ba,2026-07-06T13:45:00Z,2026-07-06T15:45:00+0200,5426.014,MW,DE,DE_LU,actual_offshore_wind_generation,Wind Offshore,2026-07-08T18:59:57Z
2026-07-08T18:58:29Z,2026-07-08T20:58:29+0200,e401fd36-f4a8-45e5-ad91-bdd87731a7ba,2026-07-06T14:00:00Z,2026-07-06T16:00:00+0200,5395.862,MW,DE,DE_LU,actual_offshore_wind_generation,Wind Offshore,2026-07-08T18:59:57Z
2026-07-08T18:58:29Z,2026-07-08T20:58:29+0200,e401fd36-f4a8-45e5-ad91-bdd87731a7ba,2026-07-06T14:15:00Z,2026-07-06T16:15:00+0200,5543.629,MW,DE,DE_LU,actual_offshore_wind_generation,Wind Offshore,2026-07-08T18:59:57Z
2026-07-08T18:58:29Z,2026-07-08T20:58:29+0200,e401fd36-f4a8-45e5-ad91-bdd87731a7ba,2026-07-06T14:30:00Z,2026-07-06T16:30:00+0200,5807.466,MW,DE,DE_LU,actual_offshore_wind_generation,Wind Offshore,2026-07-08T18:59:57Z
2026-07-08T18:58:29Z,2026-07-08T20:58:29+0200,e401fd36-f4a8-45e5-ad91-bdd87731a7ba,2026-07-06T14:45:00Z,2026-07-06T16:45:00+0200,5883.638,MW,DE,DE_LU,actual_offshore_wind_generation,Wind Offshore,2026-07-08T18:59:57Z
2026-07-08T18:58:29Z,2026-07-08T20:58:29+0200,e401fd36-f4a8-45e5-ad91-bdd87731a7ba,2026-07-06T15:00:00Z,2026-07-06T17:00:00+0200,6610.243,MW,DE,DE_LU,actual_offshore_wind_generation,Wind Offshore,2026-07-08T18:59:57Z
2026-07-08T18:58:29Z,2026-07-08T20:58:29+0200,e401fd36-f4a8-45e5-ad91-bdd87731a7ba,2026-07-06T15:15:00Z,2026-07-06T17:15:00+0200,6475.019,MW,DE,DE_LU,actual_offshore_wind_generation,Wind Offshore,2026-07-08T18:59:57Z
2026-07-08T18:58:29Z,2026-07-08T20:58:29+0200,e401fd36-f4a8-45e5-ad91-bdd87731a7ba,2026-07-06T15:30:00Z,2026-07-06T17:30:00+0200,6315.524,MW,DE,DE_LU,actual_offshore_wind_generation,Wind Offshore,2026-07-08T18:59:57Z
2026-07-08T18:58:29Z,2026-07-08T20:58:29+0200,e401fd36-f4a8-45e5-ad91-bdd87731a7ba,2026-07-06T15:45:00Z,2026-07-06T17:45:00+0200,6131.744,MW,DE,DE_LU,actual_offshore_wind_generation,Wind Offshore,2026-07-08T18:59:57Z
2026-07-08T18:58:29Z,2026-07-08T20:58:29+0200,e401fd36-f4a8-45e5-ad91-bdd87731a7ba,2026-07-06T16:00:00Z,2026-07-06T18:00:00+0200,6791.599,MW,DE,DE_LU,actual_offshore_wind_generation,Wind Offshore,2026-07-08T18:59:57Z
2026-07-08T18:58:29Z,2026-07-08T20:58:29+0200,e401fd36-f4a8-45e5-ad91-bdd87731a7ba,2026-07-06T16:15:00Z,2026-07-06T18:15:00+0200,6610.992,MW,DE,DE_LU,actual_offshore_wind_generation,Wind Offshore,2026-07-08T18:59:57Z
2026-07-08T18:58:29Z,2026-07-08T20:58:29+0200,e401fd36-f4a8-45e5-ad91-bdd87731a7ba,2026-07-06T16:30:00Z,2026-07-06T18:30:00+0200,6501.818,MW,DE,DE_LU,actual_offshore_wind_generation,Wind Offshore,2026-07-08T18:59:57Z
2026-07-08T18:58:29Z,2026-07-08T20:58:29+0200,e401fd36-f4a8-45e5-ad91-bdd87731a7ba,2026-07-06T16:45:00Z,2026-07-06T18:45:00+0200,6292.028,MW,DE,DE_LU,actual_offshore_wind_generation,Wind Offshore,2026-07-08T18:59:57Z
2026-07-08T18:58:29Z,2026-07-08T20:58:29+0200,e401fd36-f4a8-45e5-ad91-bdd87731a7ba,2026-07-06T17:00:00Z,2026-07-06T19:00:00+0200,6456.072,MW,DE,DE_LU,actual_offshore_wind_generation,Wind Offshore,2026-07-08T18:59:57Z
2026-07-08T18:58:29Z,2026-07-08T20:58:29+0200,e401fd36-f4a8-45e5-ad91-bdd87731a7ba,2026-07-06T17:15:00Z,2026-07-06T19:15:00+0200,6419.248,MW,DE,DE_LU,actual_offshore_wind_generation,Wind Offshore,2026-07-08T18:59:57Z
2026-07-08T18:58:29Z,2026-07-08T20:58:29+0200,e401fd36-f4a8-45e5-ad91-bdd87731a7ba,2026-07-06T17:30:00Z,2026-07-06T19:30:00+0200,6191.203,MW,DE,DE_LU,actual_offshore_wind_generation,Wind Offshore,2026-07-08T18:59:57Z
2026-07-08T18:58:29Z,2026-07-08T20:58:29+0200,e401fd36-f4a8-45e5-ad91-bdd87731a7ba,2026-07-06T17:45:00Z,2026-07-06T19:45:00+0200,5669.567,MW,DE,DE_LU,actual_offshore_wind_generation,Wind Offshore,2026-07-08T18:59:57Z
2026-07-08T18:58:29Z,2026-07-08T20:58:29+0200,e401fd36-f4a8-45e5-ad91-bdd87731a7ba,2026-07-06T18:00:00Z,2026-07-06T20:00:00+0200,5372.087,MW,DE,DE_LU,actual_offshore_wind_generation,Wind Offshore,2026-07-08T18:59:57Z
2026-07-08T18:58:29Z,2026-07-08T20:58:29+0200,e401fd36-f4a8-45e5-ad91-bdd87731a7ba,2026-07-06T18:15:00Z,2026-07-06T20:15:00+0200,5078.33,MW,DE,DE_LU,actual_offshore_wind_generation,Wind Offshore,2026-07-08T18:59:57Z
2026-07-08T18:58:29Z,2026-07-08T20:58:29+0200,e401fd36-f4a8-45e5-ad91-bdd87731a7ba,2026-07-06T18:30:00Z,2026-07-06T20:30:00+0200,4696.879,MW,DE,DE_LU,actual_offshore_wind_generation,Wind Offshore,2026-07-08T18:59:57Z
2026-07-08T18:58:29Z,2026-07-08T20:58:29+0200,e401fd36-f4a8-45e5-ad91-bdd87731a7ba,2026-07-06T18:45:00Z,2026-07-06T20:45:00+0200,4333.288,MW,DE,DE_LU,actual_offshore_wind_generation,Wind Offshore,2026-07-08T18:59:57Z
2026-07-08T18:58:29Z,2026-07-08T20:58:29+0200,e401fd36-f4a8-45e5-ad91-bdd87731a7ba,2026-07-06T19:00:00Z,2026-07-06T21:00:00+0200,4476.225,MW,DE,DE_LU,actual_offshore_wind_generation,Wind Offshore,2026-07-08T18:59:57Z
2026-07-08T18:58:29Z,2026-07-08T20:58:29+0200,e401fd36-f4a8-45e5-ad91-bdd87731a7ba,2026-07-06T19:15:00Z,2026-07-06T21:15:00+0200,4474.325,MW,DE,DE_LU,actual_offshore_wind_generation,Wind Offshore,2026-07-08T18:59:57Z
2026-07-08T18:58:29Z,2026-07-08T20:58:29+0200,e401fd36-f4a8-45e5-ad91-bdd87731a7ba,2026-07-06T19:30:00Z,2026-07-06T21:30:00+0200,4434.569,MW,DE,DE_LU,actual_offshore_wind_generation,Wind Offshore,2026-07-08T18:59:57Z
2026-07-08T18:58:29Z,2026-07-08T20:58:29+0200,e401fd36-f4a8-45e5-ad91-bdd87731a7ba,2026-07-06T19:45:00Z,2026-07-06T21:45:00+0200,4381.229,MW,DE,DE_LU,actual_offshore_wind_generation,Wind Offshore,2026-07-08T18:59:57Z
2026-07-08T18:58:29Z,2026-07-08T20:58:29+0200,e401fd36-f4a8-45e5-ad91-bdd87731a7ba,2026-07-06T20:00:00Z,2026-07-06T22:00:00+0200,4503.188,MW,DE,DE_LU,actual_offshore_wind_generation,Wind Offshore,2026-07-08T18:59:57Z
2026-07-08T18:58:29Z,2026-07-08T20:58:29+0200,e401fd36-f4a8-45e5-ad91-bdd87731a7ba,2026-07-06T20:15:00Z,2026-07-06T22:15:00+0200,4552.783,MW,DE,DE_LU,actual_offshore_wind_generation,Wind Offshore,2026-07-08T18:59:57Z
2026-07-08T18:58:29Z,2026-07-08T20:58:29+0200,e401fd36-f4a8-45e5-ad91-bdd87731a7ba,2026-07-06T20:30:00Z,2026-07-06T22:30:00+0200,4749.85,MW,DE,DE_LU,actual_offshore_wind_generation,Wind Offshore,2026-07-08T18:59:57Z
2026-07-08T18:58:29Z,2026-07-08T20:58:29+0200,e401fd36-f4a8-45e5-ad91-bdd87731a7ba,2026-07-06T20:45:00Z,2026-07-06T22:45:00+0200,4762.811,MW,DE,DE_LU,actual_offshore_wind_generation,Wind Offshore,2026-07-08T18:59:57Z
2026-07-08T18:58:29Z,2026-07-08T20:58:29+0200,e401fd36-f4a8-45e5-ad91-bdd87731a7ba,2026-07-06T21:00:00Z,2026-07-06T23:00:00+0200,4752.382,MW,DE,DE_LU,actual_offshore_wind_generation,Wind Offshore,2026-07-08T18:59:57Z
2026-07-08T18:58:29Z,2026-07-08T20:58:29+0200,e401fd36-f4a8-45e5-ad91-bdd87731a7ba,2026-07-06T21:15:00Z,2026-07-06T23:15:00+0200,4594.106,MW,DE,DE_LU,actual_offshore_wind_generation,Wind Offshore,2026-07-08T18:59:57Z
2026-07-08T18:58:29Z,2026-07-08T20:58:29+0200,e401fd36-f4a8-45e5-ad91-bdd87731a7ba,2026-07-06T21:30:00Z,2026-07-06T23:30:00+0200,4542.431,MW,DE,DE_LU,actual_offshore_wind_generation,Wind Offshore,2026-07-08T18:59:57Z
2026-07-08T18:58:29Z,2026-07-08T20:58:29+0200,e401fd36-f4a8-45e5-ad91-bdd87731a7ba,2026-07-06T21:45:00Z,2026-07-06T23:45:00+0200,4639.44,MW,DE,DE_LU,actual_offshore_wind_generation,Wind Offshore,2026-07-08T18:59:57Z
2026-07-08T18:58:29Z,2026-07-08T20:58:29+0200,e401fd36-f4a8-45e5-ad91-bdd87731a7ba,2026-07-06T22:00:00Z,2026-07-07T00:00:00+0200,4887.829,MW,DE,DE_LU,actual_offshore_wind_generation,Wind Offshore,2026-07-08T18:59:57Z
2026-07-08T18:58:29Z,2026-07-08T20:58:29+0200,e401fd36-f4a8-45e5-ad91-bdd87731a7ba,2026-07-06T22:15:00Z,2026-07-07T00:15:00+0200,5013.569,MW,DE,DE_LU,actual_offshore_wind_generation,Wind Offshore,2026-07-08T18:59:57Z
2026-07-08T18:58:29Z,2026-07-08T20:58:29+0200,e401fd36-f4a8-45e5-ad91-bdd87731a7ba,2026-07-06T22:30:00Z,2026-07-07T00:30:00+0200,5211.432,MW,DE,DE_LU,actual_offshore_wind_generation,Wind Offshore,2026-07-08T18:59:57Z
2026-07-08T18:58:29Z,2026-07-08T20:58:29+0200,e401fd36-f4a8-45e5-ad91-bdd87731a7ba,2026-07-06T22:45:00Z,2026-07-07T00:45:00+0200,5487.629,MW,DE,DE_LU,actual_offshore_wind_generation,Wind Offshore,2026-07-08T18:59:57Z
2026-07-08T18:58:29Z,2026-07-08T20:58:29+0200,e401fd36-f4a8-45e5-ad91-bdd87731a7ba,2026-07-06T23:00:00Z,2026-07-07T01:00:00+0200,5712.554,MW,DE,DE_LU,actual_offshore_wind_generation,Wind Offshore,2026-07-08T18:59:57Z
2026-07-08T18:58:29Z,2026-07-08T20:58:29+0200,e401fd36-f4a8-45e5-ad91-bdd87731a7ba,2026-07-06T23:15:00Z,2026-07-07T01:15:00+0200,6308.82,MW,DE,DE_LU,actual_offshore_wind_generation,Wind Offshore,2026-07-08T18:59:57Z
2026-07-08T18:58:29Z,2026-07-08T20:58:29+0200,e401fd36-f4a8-45e5-ad91-bdd87731a7ba,2026-07-06T23:30:00Z,2026-07-07T01:30:00+0200,6669.307,MW,DE,DE_LU,actual_offshore_wind_generation,Wind Offshore,2026-07-08T18:59:57Z
2026-07-08T18:58:29Z,2026-07-08T20:58:29+0200,e401fd36-f4a8-45e5-ad91-bdd87731a7ba,2026-07-06T23:45:00Z,2026-07-07T01:45:00+0200,6860.732,MW,DE,DE_LU,actual_offshore_wind_generation,Wind Offshore,2026-07-08T18:59:57Z
2026-07-08T18:58:29Z,2026-07-08T20:58:29+0200,e401fd36-f4a8-45e5-ad91-bdd87731a7ba,2026-07-07T00:00:00Z,2026-07-07T02:00:00+0200,6665.244,MW,DE,DE_LU,actual_offshore_wind_generation,Wind Offshore,2026-07-08T18:59:57Z
2026-07-08T18:58:29Z,2026-07-08T20:58:29+0200,e401fd36-f4a8-45e5-ad91-bdd87731a7ba,2026-07-07T00:15:00Z,2026-07-07T02:15:00+0200,6550.458,MW,DE,DE_LU,actual_offshore_wind_generation,Wind Offshore,2026-07-08T18:59:57Z
2026-07-08T18:58:29Z,2026-07-08T20:58:29+0200,e401fd36-f4a8-45e5-ad91-bdd87731a7ba,2026-07-07T00:30:00Z,2026-07-07T02:30:00+0200,6748.744,MW,DE,DE_LU,actual_offshore_wind_generation,Wind Offshore,2026-07-08T18:59:57Z
2026-07-08T18:58:29Z,2026-07-08T20:58:29+0200,e401fd36-f4a8-45e5-ad91-bdd87731a7ba,2026-07-07T00:45:00Z,2026-07-07T02:45:00+0200,6765.843,MW,DE,DE_LU,actual_offshore_wind_generation,Wind Offshore,2026-07-08T18:59:57Z
2026-07-08T18:58:29Z,2026-07-08T20:58:29+0200,e401fd36-f4a8-45e5-ad91-bdd87731a7ba,2026-07-07T01:00:00Z,2026-07-07T03:00:00+0200,6706.402,MW,DE,DE_LU,actual_offshore_wind_generation,Wind Offshore,2026-07-08T18:59:57Z
2026-07-08T18:58:29Z,2026-07-08T20:58:29+0200,e401fd36-f4a8-45e5-ad91-bdd87731a7ba,2026-07-07T01:15:00Z,2026-07-07T03:15:00+0200,6524.863,MW,DE,DE_LU,actual_offshore_wind_generation,Wind Offshore,2026-07-08T18:59:57Z
2026-07-08T18:58:29Z,2026-07-08T20:58:29+0200,e401fd36-f4a8-45e5-ad91-bdd87731a7ba,2026-07-07T01:30:00Z,2026-07-07T03:30:00+0200,6381.016,MW,DE,DE_LU,actual_offshore_wind_generation,Wind Offshore,2026-07-08T18:59:57Z
2026-07-08T18:58:29Z,2026-07-08T20:58:29+0200,e401fd36-f4a8-45e5-ad91-bdd87731a7ba,2026-07-07T01:45:00Z,2026-07-07T03:45:00+0200,6167.166,MW,DE,DE_LU,actual_offshore_wind_generation,Wind Offshore,2026-07-08T18:59:57Z
2026-07-08T18:58:29Z,2026-07-08T20:58:29+0200,e401fd36-f4a8-45e5-ad91-bdd87731a7ba,2026-07-07T02:00:00Z,2026-07-07T04:00:00+0200,5964.148,MW,DE,DE_LU,actual_offshore_wind_generation,Wind Offshore,2026-07-08T18:59:57Z
2026-07-08T18:58:29Z,2026-07-08T20:58:29+0200,e401fd36-f4a8-45e5-ad91-bdd87731a7ba,2026-07-07T02:15:00Z,2026-07-07T04:15:00+0200,5955.669,MW,DE,DE_LU,actual_offshore_wind_generation,Wind Offshore,2026-07-08T18:59:57Z
2026-07-08T18:58:29Z,2026-07-08T20:58:29+0200,e401fd36-f4a8-45e5-ad91-bdd87731a7ba,2026-07-07T02:30:00Z,2026-07-07T04:30:00+0200,6066.418,MW,DE,DE_LU,actual_offshore_wind_generation,Wind Offshore,2026-07-08T18:59:57Z
2026-07-08T18:58:29Z,2026-07-08T20:58:29+0200,e401fd36-f4a8-45e5-ad91-bdd87731a7ba,2026-07-07T02:45:00Z,2026-07-07T04:45:00+0200,6128.579,MW,DE,DE_LU,actual_offshore_wind_generation,Wind Offshore,2026-07-08T18:59:57Z
2026-07-08T18:58:29Z,2026-07-08T20:58:29+0200,e401fd36-f4a8-45e5-ad91-bdd87731a7ba,2026-07-07T03:00:00Z,2026-07-07T05:00:00+0200,5933.587,MW,DE,DE_LU,actual_offshore_wind_generation,Wind Offshore,2026-07-08T18:59:57Z
2026-07-08T18:58:29Z,2026-07-08T20:58:29+0200,e401fd36-f4a8-45e5-ad91-bdd87731a7ba,2026-07-07T03:15:00Z,2026-07-07T05:15:00+0200,5856.459,MW,DE,DE_LU,actual_offshore_wind_generation,Wind Offshore,2026-07-08T18:59:57Z
2026-07-08T18:58:29Z,2026-07-08T20:58:29+0200,e401fd36-f4a8-45e5-ad91-bdd87731a7ba,2026-07-07T03:30:00Z,2026-07-07T05:30:00+0200,5894.0,MW,DE,DE_LU,actual_offshore_wind_generation,Wind Offshore,2026-07-08T18:59:57Z
2026-07-08T18:58:29Z,2026-07-08T20:58:29+0200,e401fd36-f4a8-45e5-ad91-bdd87731a7ba,2026-07-07T03:45:00Z,2026-07-07T05:45:00+0200,5985.652,MW,DE,DE_LU,actual_offshore_wind_generation,Wind Offshore,2026-07-08T18:59:57Z
2026-07-08T18:58:29Z,2026-07-08T20:58:29+0200,e401fd36-f4a8-45e5-ad91-bdd87731a7ba,2026-07-07T04:00:00Z,2026-07-07T06:00:00+0200,5482.443,MW,DE,DE_LU,actual_offshore_wind_generation,Wind Offshore,2026-07-08T18:59:57Z
2026-07-08T18:58:29Z,2026-07-08T20:58:29+0200,e401fd36-f4a8-45e5-ad91-bdd87731a7ba,2026-07-07T04:15:00Z,2026-07-07T06:15:00+0200,5179.56,MW,DE,DE_LU,actual_offshore_wind_generation,Wind Offshore,2026-07-08T18:59:57Z
2026-07-08T18:58:29Z,2026-07-08T20:58:29+0200,e401fd36-f4a8-45e5-ad91-bdd87731a7ba,2026-07-07T04:30:00Z,2026-07-07T06:30:00+0200,5056.471,MW,DE,DE_LU,actual_offshore_wind_generation,Wind Offshore,2026-07-08T18:59:57Z
2026-07-08T18:58:29Z,2026-07-08T20:58:29+0200,e401fd36-f4a8-45e5-ad91-bdd87731a7ba,2026-07-07T04:45:00Z,2026-07-07T06:45:00+0200,4932.111,MW,DE,DE_LU,actual_offshore_wind_generation,Wind Offshore,2026-07-08T18:59:57Z
2026-07-08T18:58:29Z,2026-07-08T20:58:29+0200,e401fd36-f4a8-45e5-ad91-bdd87731a7ba,2026-07-07T05:00:00Z,2026-07-07T07:00:00+0200,5048.758,MW,DE,DE_LU,actual_offshore_wind_generation,Wind Offshore,2026-07-08T18:59:57Z
2026-07-08T18:58:29Z,2026-07-08T20:58:29+0200,e401fd36-f4a8-45e5-ad91-bdd87731a7ba,2026-07-07T05:15:00Z,2026-07-07T07:15:00+0200,5401.651,MW,DE,DE_LU,actual_offshore_wind_generation,Wind Offshore,2026-07-08T18:59:57Z
2026-07-08T18:58:29Z,2026-07-08T20:58:29+0200,e401fd36-f4a8-45e5-ad91-bdd87731a7ba,2026-07-07T05:30:00Z,2026-07-07T07:30:00+0200,5752.011,MW,DE,DE_LU,actual_offshore_wind_generation,Wind Offshore,2026-07-08T18:59:57Z
2026-07-08T18:58:29Z,2026-07-08T20:58:29+0200,e401fd36-f4a8-45e5-ad91-bdd87731a7ba,2026-07-07T05:45:00Z,2026-07-07T07:45:00+0200,5977.662,MW,DE,DE_LU,actual_offshore_wind_generation,Wind Offshore,2026-07-08T18:59:57Z
2026-07-08T18:58:29Z,2026-07-08T20:58:29+0200,e401fd36-f4a8-45e5-ad91-bdd87731a7ba,2026-07-07T06:00:00Z,2026-07-07T08:00:00+0200,5620.145,MW,DE,DE_LU,actual_offshore_wind_generation,Wind Offshore,2026-07-08T18:59:57Z
2026-07-08T18:58:29Z,2026-07-08T20:58:29+0200,e401fd36-f4a8-45e5-ad91-bdd87731a7ba,2026-07-07T06:15:00Z,2026-07-07T08:15:00+0200,5775.402,MW,DE,DE_LU,actual_offshore_wind_generation,Wind Offshore,2026-07-08T18:59:57Z
2026-07-08T18:58:29Z,2026-07-08T20:58:29+0200,e401fd36-f4a8-45e5-ad91-bdd87731a7ba,2026-07-07T06:30:00Z,2026-07-07T08:30:00+0200,5821.069,MW,DE,DE_LU,actual_offshore_wind_generation,Wind Offshore,2026-07-08T18:59:57Z
2026-07-08T18:58:29Z,2026-07-08T20:58:29+0200,e401fd36-f4a8-45e5-ad91-bdd87731a7ba,2026-07-07T06:45:00Z,2026-07-07T08:45:00+0200,6006.193,MW,DE,DE_LU,actual_offshore_wind_generation,Wind Offshore,2026-07-08T18:59:57Z
2026-07-08T18:58:29Z,2026-07-08T20:58:29+0200,e401fd36-f4a8-45e5-ad91-bdd87731a7ba,2026-07-07T07:00:00Z,2026-07-07T09:00:00+0200,5800.396,MW,DE,DE_LU,actual_offshore_wind_generation,Wind Offshore,2026-07-08T18:59:57Z
2026-07-08T18:58:29Z,2026-07-08T20:58:29+0200,e401fd36-f4a8-45e5-ad91-bdd87731a7ba,2026-07-07T07:15:00Z,2026-07-07T09:15:00+0200,6450.193,MW,DE,DE_LU,actual_offshore_wind_generation,Wind Offshore,2026-07-08T18:59:57Z
2026-07-08T18:58:29Z,2026-07-08T20:58:29+0200,e401fd36-f4a8-45e5-ad91-bdd87731a7ba,2026-07-07T07:30:00Z,2026-07-07T09:30:00+0200,6471.264,MW,DE,DE_LU,actual_offshore_wind_generation,Wind Offshore,2026-07-08T18:59:57Z
2026-07-08T18:58:29Z,2026-07-08T20:58:29+0200,e401fd36-f4a8-45e5-ad91-bdd87731a7ba,2026-07-07T07:45:00Z,2026-07-07T09:45:00+0200,6606.69,MW,DE,DE_LU,actual_offshore_wind_generation,Wind Offshore,2026-07-08T18:59:57Z
2026-07-08T18:58:29Z,2026-07-08T20:58:29+0200,e401fd36-f4a8-45e5-ad91-bdd87731a7ba,2026-07-07T08:00:00Z,2026-07-07T10:00:00+0200,6874.129,MW,DE,DE_LU,actual_offshore_wind_generation,Wind Offshore,2026-07-08T18:59:57Z
2026-07-08T18:58:29Z,2026-07-08T20:58:29+0200,e401fd36-f4a8-45e5-ad91-bdd87731a7ba,2026-07-07T08:15:00Z,2026-07-07T10:15:00+0200,7201.891,MW,DE,DE_LU,actual_offshore_wind_generation,Wind Offshore,2026-07-08T18:59:57Z
2026-07-08T18:58:29Z,2026-07-08T20:58:29+0200,e401fd36-f4a8-45e5-ad91-bdd87731a7ba,2026-07-07T08:30:00Z,2026-07-07T10:30:00+0200,7529.486,MW,DE,DE_LU,actual_offshore_wind_generation,Wind Offshore,2026-07-08T18:59:57Z
2026-07-08T18:58:29Z,2026-07-08T20:58:29+0200,e401fd36-f4a8-45e5-ad91-bdd87731a7ba,2026-07-07T08:45:00Z,2026-07-07T10:45:00+0200,7448.401,MW,DE,DE_LU,actual_offshore_wind_generation,Wind Offshore,2026-07-08T18:59:57Z
2026-07-08T18:58:29Z,2026-07-08T20:58:29+0200,e401fd36-f4a8-45e5-ad91-bdd87731a7ba,2026-07-07T09:00:00Z,2026-07-07T11:00:00+0200,6848.71,MW,DE,DE_LU,actual_offshore_wind_generation,Wind Offshore,2026-07-08T18:59:57Z
2026-07-08T18:58:29Z,2026-07-08T20:58:29+0200,e401fd36-f4a8-45e5-ad91-bdd87731a7ba,2026-07-07T09:15:00Z,2026-07-07T11:15:00+0200,6585.404,MW,DE,DE_LU,actual_offshore_wind_generation,Wind Offshore,2026-07-08T18:59:57Z
2026-07-08T18:58:29Z,2026-07-08T20:58:29+0200,e401fd36-f4a8-45e5-ad91-bdd87731a7ba,2026-07-07T09:30:00Z,2026-07-07T11:30:00+0200,6372.713,MW,DE,DE_LU,actual_offshore_wind_generation,Wind Offshore,2026-07-08T18:59:57Z
2026-07-08T18:58:29Z,2026-07-08T20:58:29+0200,e401fd36-f4a8-45e5-ad91-bdd87731a7ba,2026-07-07T09:45:00Z,2026-07-07T11:45:00+0200,6437.382,MW,DE,DE_LU,actual_offshore_wind_generation,Wind Offshore,2026-07-08T18:59:57Z
2026-07-08T18:58:29Z,2026-07-08T20:58:29+0200,e401fd36-f4a8-45e5-ad91-bdd87731a7ba,2026-07-07T10:00:00Z,2026-07-07T12:00:00+0200,5826.101,MW,DE,DE_LU,actual_offshore_wind_generation,Wind Offshore,2026-07-08T18:59:57Z
2026-07-08T18:58:29Z,2026-07-08T20:58:29+0200,e401fd36-f4a8-45e5-ad91-bdd87731a7ba,2026-07-07T10:15:00Z,2026-07-07T12:15:00+0200,5729.951,MW,DE,DE_LU,actual_offshore_wind_generation,Wind Offshore,2026-07-08T18:59:57Z
2026-07-08T18:58:29Z,2026-07-08T20:58:29+0200,e401fd36-f4a8-45e5-ad91-bdd87731a7ba,2026-07-07T10:30:00Z,2026-07-07T12:30:00+0200,5658.107,MW,DE,DE_LU,actual_offshore_wind_generation,Wind Offshore,2026-07-08T18:59:57Z
2026-07-08T18:58:29Z,2026-07-08T20:58:29+0200,e401fd36-f4a8-45e5-ad91-bdd87731a7ba,2026-07-07T10:45:00Z,2026-07-07T12:45:00+0200,5395.852,MW,DE,DE_LU,actual_offshore_wind_generation,Wind Offshore,2026-07-08T18:59:57Z
2026-07-08T18:58:29Z,2026-07-08T20:58:29+0200,e401fd36-f4a8-45e5-ad91-bdd87731a7ba,2026-07-07T11:00:00Z,2026-07-07T13:00:00+0200,5437.598,MW,DE,DE_LU,actual_offshore_wind_generation,Wind Offshore,2026-07-08T18:59:57Z
2026-07-08T18:58:29Z,2026-07-08T20:58:29+0200,e401fd36-f4a8-45e5-ad91-bdd87731a7ba,2026-07-07T11:15:00Z,2026-07-07T13:15:00+0200,5594.558,MW,DE,DE_LU,actual_offshore_wind_generation,Wind Offshore,2026-07-08T18:59:57Z
2026-07-08T18:58:29Z,2026-07-08T20:58:29+0200,e401fd36-f4a8-45e5-ad91-bdd87731a7ba,2026-07-07T11:30:00Z,2026-07-07T13:30:00+0200,5730.749,MW,DE,DE_LU,actual_offshore_wind_generation,Wind Offshore,2026-07-08T18:59:57Z
2026-07-08T18:58:29Z,2026-07-08T20:58:29+0200,e401fd36-f4a8-45e5-ad91-bdd87731a7ba,2026-07-07T11:45:00Z,2026-07-07T13:45:00+0200,5517.263,MW,DE,DE_LU,actual_offshore_wind_generation,Wind Offshore,2026-07-08T18:59:57Z
2026-07-08T18:58:29Z,2026-07-08T20:58:29+0200,e401fd36-f4a8-45e5-ad91-bdd87731a7ba,2026-07-07T12:00:00Z,2026-07-07T14:00:00+0200,5413.149,MW,DE,DE_LU,actual_offshore_wind_generation,Wind Offshore,2026-07-08T18:59:57Z
2026-07-08T18:58:29Z,2026-07-08T20:58:29+0200,e401fd36-f4a8-45e5-ad91-bdd87731a7ba,2026-07-07T12:15:00Z,2026-07-07T14:15:00+0200,5356.422,MW,DE,DE_LU,actual_offshore_wind_generation,Wind Offshore,2026-07-08T18:59:57Z
2026-07-08T18:58:29Z,2026-07-08T20:58:29+0200,e401fd36-f4a8-45e5-ad91-bdd87731a7ba,2026-07-07T12:30:00Z,2026-07-07T14:30:00+0200,5373.978,MW,DE,DE_LU,actual_offshore_wind_generation,Wind Offshore,2026-07-08T18:59:57Z
2026-07-08T18:58:29Z,2026-07-08T20:58:29+0200,e401fd36-f4a8-45e5-ad91-bdd87731a7ba,2026-07-07T12:45:00Z,2026-07-07T14:45:00+0200,5368.115,MW,DE,DE_LU,actual_offshore_wind_generation,Wind Offshore,2026-07-08T18:59:57Z
2026-07-08T18:58:29Z,2026-07-08T20:58:29+0200,e401fd36-f4a8-45e5-ad91-bdd87731a7ba,2026-07-07T13:00:00Z,2026-07-07T15:00:00+0200,5551.022,MW,DE,DE_LU,actual_offshore_wind_generation,Wind Offshore,2026-07-08T18:59:57Z
2026-07-08T18:58:29Z,2026-07-08T20:58:29+0200,e401fd36-f4a8-45e5-ad91-bdd87731a7ba,2026-07-07T13:15:00Z,2026-07-07T15:15:00+0200,5805.558,MW,DE,DE_LU,actual_offshore_wind_generation,Wind Offshore,2026-07-08T18:59:57Z
2026-07-08T18:58:29Z,2026-07-08T20:58:29+0200,e401fd36-f4a8-45e5-ad91-bdd87731a7ba,2026-07-07T13:30:00Z,2026-07-07T15:30:00+0200,5676.139,MW,DE,DE_LU,actual_offshore_wind_generation,Wind Offshore,2026-07-08T18:59:57Z
2026-07-08T18:58:29Z,2026-07-08T20:58:29+0200,e401fd36-f4a8-45e5-ad91-bdd87731a7ba,2026-07-07T13:45:00Z,2026-07-07T15:45:00+0200,5608.786,MW,DE,DE_LU,actual_offshore_wind_generation,Wind Offshore,2026-07-08T18:59:57Z
2026-07-08T18:58:29Z,2026-07-08T20:58:29+0200,e401fd36-f4a8-45e5-ad91-bdd87731a7ba,2026-07-07T14:00:00Z,2026-07-07T16:00:00+0200,5674.108,MW,DE,DE_LU,actual_offshore_wind_generation,Wind Offshore,2026-07-08T18:59:57Z
2026-07-08T18:58:29Z,2026-07-08T20:58:29+0200,e401fd36-f4a8-45e5-ad91-bdd87731a7ba,2026-07-07T14:15:00Z,2026-07-07T16:15:00+0200,5364.609,MW,DE,DE_LU,actual_offshore_wind_generation,Wind Offshore,2026-07-08T18:59:57Z
2026-07-08T18:58:29Z,2026-07-08T20:58:29+0200,e401fd36-f4a8-45e5-ad91-bdd87731a7ba,2026-07-07T14:30:00Z,2026-07-07T16:30:00+0200,5084.053,MW,DE,DE_LU,actual_offshore_wind_generation,Wind Offshore,2026-07-08T18:59:57Z
2026-07-08T18:58:29Z,2026-07-08T20:58:29+0200,e401fd36-f4a8-45e5-ad91-bdd87731a7ba,2026-07-07T14:45:00Z,2026-07-07T16:45:00+0200,4669.996,MW,DE,DE_LU,actual_offshore_wind_generation,Wind Offshore,2026-07-08T18:59:57Z
2026-07-08T18:58:29Z,2026-07-08T20:58:29+0200,e401fd36-f4a8-45e5-ad91-bdd87731a7ba,2026-07-07T15:00:00Z,2026-07-07T17:00:00+0200,4454.76,MW,DE,DE_LU,actual_offshore_wind_generation,Wind Offshore,2026-07-08T18:59:57Z
2026-07-08T18:58:29Z,2026-07-08T20:58:29+0200,e401fd36-f4a8-45e5-ad91-bdd87731a7ba,2026-07-07T15:15:00Z,2026-07-07T17:15:00+0200,4221.137,MW,DE,DE_LU,actual_offshore_wind_generation,Wind Offshore,2026-07-08T18:59:57Z
2026-07-08T18:58:29Z,2026-07-08T20:58:29+0200,e401fd36-f4a8-45e5-ad91-bdd87731a7ba,2026-07-07T15:30:00Z,2026-07-07T17:30:00+0200,4383.512,MW,DE,DE_LU,actual_offshore_wind_generation,Wind Offshore,2026-07-08T18:59:57Z
2026-07-08T18:58:29Z,2026-07-08T20:58:29+0200,e401fd36-f4a8-45e5-ad91-bdd87731a7ba,2026-07-07T15:45:00Z,2026-07-07T17:45:00+0200,3823.134,MW,DE,DE_LU,actual_offshore_wind_generation,Wind Offshore,2026-07-08T18:59:57Z
2026-07-08T18:58:29Z,2026-07-08T20:58:29+0200,e401fd36-f4a8-45e5-ad91-bdd87731a7ba,2026-07-07T16:00:00Z,2026-07-07T18:00:00+0200,3004.35,MW,DE,DE_LU,actual_offshore_wind_generation,Wind Offshore,2026-07-08T18:59:57Z
2026-07-08T18:58:29Z,2026-07-08T20:58:29+0200,e401fd36-f4a8-45e5-ad91-bdd87731a7ba,2026-07-07T16:15:00Z,2026-07-07T18:15:00+0200,2841.647,MW,DE,DE_LU,actual_offshore_wind_generation,Wind Offshore,2026-07-08T18:59:57Z
2026-07-08T18:58:29Z,2026-07-08T20:58:29+0200,e401fd36-f4a8-45e5-ad91-bdd87731a7ba,2026-07-07T16:30:00Z,2026-07-07T18:30:00+0200,2553.422,MW,DE,DE_LU,actual_offshore_wind_generation,Wind Offshore,2026-07-08T18:59:57Z
2026-07-08T18:58:29Z,2026-07-08T20:58:29+0200,e401fd36-f4a8-45e5-ad91-bdd87731a7ba,2026-07-07T16:45:00Z,2026-07-07T18:45:00+0200,2558.48,MW,DE,DE_LU,actual_offshore_wind_generation,Wind Offshore,2026-07-08T18:59:57Z
2026-07-08T18:58:29Z,2026-07-08T20:58:29+0200,e401fd36-f4a8-45e5-ad91-bdd87731a7ba,2026-07-07T17:00:00Z,2026-07-07T19:00:00+0200,3006.584,MW,DE,DE_LU,actual_offshore_wind_generation,Wind Offshore,2026-07-08T18:59:57Z
2026-07-08T18:58:29Z,2026-07-08T20:58:29+0200,e401fd36-f4a8-45e5-ad91-bdd87731a7ba,2026-07-07T17:15:00Z,2026-07-07T19:15:00+0200,3315.579,MW,DE,DE_LU,actual_offshore_wind_generation,Wind Offshore,2026-07-08T18:59:57Z
2026-07-08T18:58:29Z,2026-07-08T20:58:29+0200,e401fd36-f4a8-45e5-ad91-bdd87731a7ba,2026-07-07T17:30:00Z,2026-07-07T19:30:00+0200,3171.233,MW,DE,DE_LU,actual_offshore_wind_generation,Wind Offshore,2026-07-08T18:59:57Z
2026-07-08T18:58:29Z,2026-07-08T20:58:29+0200,e401fd36-f4a8-45e5-ad91-bdd87731a7ba,2026-07-07T17:45:00Z,2026-07-07T19:45:00+0200,3057.163,MW,DE,DE_LU,actual_offshore_wind_generation,Wind Offshore,2026-07-08T18:59:57Z
2026-07-08T18:58:29Z,2026-07-08T20:58:29+0200,e401fd36-f4a8-45e5-ad91-bdd87731a7ba,2026-07-07T18:00:00Z,2026-07-07T20:00:00+0200,3090.884,MW,DE,DE_LU,actual_offshore_wind_generation,Wind Offshore,2026-07-08T18:59:57Z
2026-07-08T18:58:29Z,2026-07-08T20:58:29+0200,e401fd36-f4a8-45e5-ad91-bdd87731a7ba,2026-07-07T18:15:00Z,2026-07-07T20:15:00+0200,3057.244,MW,DE,DE_LU,actual_offshore_wind_generation,Wind Offshore,2026-07-08T18:59:57Z
2026-07-08T18:58:29Z,2026-07-08T20:58:29+0200,e401fd36-f4a8-45e5-ad91-bdd87731a7ba,2026-07-07T18:30:00Z,2026-07-07T20:30:00+0200,3091.379,MW,DE,DE_LU,actual_offshore_wind_generation,Wind Offshore,2026-07-08T18:59:57Z
2026-07-08T18:58:29Z,2026-07-08T20:58:29+0200,e401fd36-f4a8-45e5-ad91-bdd87731a7ba,2026-07-07T18:45:00Z,2026-07-07T20:45:00+0200,3065.113,MW,DE,DE_LU,actual_offshore_wind_generation,Wind Offshore,2026-07-08T18:59:57Z
2026-07-08T18:58:29Z,2026-07-08T20:58:29+0200,e401fd36-f4a8-45e5-ad91-bdd87731a7ba,2026-07-07T19:00:00Z,2026-07-07T21:00:00+0200,3316.913,MW,DE,DE_LU,actual_offshore_wind_generation,Wind Offshore,2026-07-08T18:59:57Z
2026-07-08T18:58:29Z,2026-07-08T20:58:29+0200,e401fd36-f4a8-45e5-ad91-bdd87731a7ba,2026-07-07T19:15:00Z,2026-07-07T21:15:00+0200,3406.717,MW,DE,DE_LU,actual_offshore_wind_generation,Wind Offshore,2026-07-08T18:59:57Z
2026-07-08T18:58:29Z,2026-07-08T20:58:29+0200,e401fd36-f4a8-45e5-ad91-bdd87731a7ba,2026-07-07T19:30:00Z,2026-07-07T21:30:00+0200,3596.415,MW,DE,DE_LU,actual_offshore_wind_generation,Wind Offshore,2026-07-08T18:59:57Z
2026-07-08T18:58:29Z,2026-07-08T20:58:29+0200,e401fd36-f4a8-45e5-ad91-bdd87731a7ba,2026-07-07T19:45:00Z,2026-07-07T21:45:00+0200,3568.366,MW,DE,DE_LU,actual_offshore_wind_generation,Wind Offshore,2026-07-08T18:59:57Z
2026-07-08T18:58:29Z,2026-07-08T20:58:29+0200,e401fd36-f4a8-45e5-ad91-bdd87731a7ba,2026-07-07T20:00:00Z,2026-07-07T22:00:00+0200,4300.408,MW,DE,DE_LU,actual_offshore_wind_generation,Wind Offshore,2026-07-08T18:59:57Z
2026-07-08T18:58:29Z,2026-07-08T20:58:29+0200,e401fd36-f4a8-45e5-ad91-bdd87731a7ba,2026-07-07T20:15:00Z,2026-07-07T22:15:00+0200,4414.919,MW,DE,DE_LU,actual_offshore_wind_generation,Wind Offshore,2026-07-08T18:59:57Z
2026-07-08T18:58:29Z,2026-07-08T20:58:29+0200,e401fd36-f4a8-45e5-ad91-bdd87731a7ba,2026-07-07T20:30:00Z,2026-07-07T22:30:00+0200,4273.196,MW,DE,DE_LU,actual_offshore_wind_generation,Wind Offshore,2026-07-08T18:59:57Z
2026-07-08T18:58:29Z,2026-07-08T20:58:29+0200,e401fd36-f4a8-45e5-ad91-bdd87731a7ba,2026-07-07T20:45:00Z,2026-07-07T22:45:00+0200,4225.461,MW,DE,DE_LU,actual_offshore_wind_generation,Wind Offshore,2026-07-08T18:59:57Z
2026-07-08T18:58:29Z,2026-07-08T20:58:29+0200,e401fd36-f4a8-45e5-ad91-bdd87731a7ba,2026-07-07T21:00:00Z,2026-07-07T23:00:00+0200,4646.758,MW,DE,DE_LU,actual_offshore_wind_generation,Wind Offshore,2026-07-08T18:59:57Z
2026-07-08T18:58:29Z,2026-07-08T20:58:29+0200,e401fd36-f4a8-45e5-ad91-bdd87731a7ba,2026-07-07T21:15:00Z,2026-07-07T23:15:00+0200,4591.78,MW,DE,DE_LU,actual_offshore_wind_generation,Wind Offshore,2026-07-08T18:59:57Z
2026-07-08T18:58:29Z,2026-07-08T20:58:29+0200,e401fd36-f4a8-45e5-ad91-bdd87731a7ba,2026-07-07T21:30:00Z,2026-07-07T23:30:00+0200,4309.461,MW,DE,DE_LU,actual_offshore_wind_generation,Wind Offshore,2026-07-08T18:59:57Z
2026-07-08T18:58:29Z,2026-07-08T20:58:29+0200,e401fd36-f4a8-45e5-ad91-bdd87731a7ba,2026-07-07T21:45:00Z,2026-07-07T23:45:00+0200,4345.558,MW,DE,DE_LU,actual_offshore_wind_generation,Wind Offshore,2026-07-08T18:59:57Z
2026-07-08T18:58:29Z,2026-07-08T20:58:29+0200,e401fd36-f4a8-45e5-ad91-bdd87731a7ba,2026-07-07T22:00:00Z,2026-07-08T00:00:00+0200,5228.4,MW,DE,DE_LU,actual_offshore_wind_generation,Wind Offshore,2026-07-08T18:59:57Z
2026-07-08T18:58:29Z,2026-07-08T20:58:29+0200,e401fd36-f4a8-45e5-ad91-bdd87731a7ba,2026-07-07T22:15:00Z,2026-07-08T00:15:00+0200,5269.828,MW,DE,DE_LU,actual_offshore_wind_generation,Wind Offshore,2026-07-08T18:59:57Z
2026-07-08T18:58:29Z,2026-07-08T20:58:29+0200,e401fd36-f4a8-45e5-ad91-bdd87731a7ba,2026-07-07T22:30:00Z,2026-07-08T00:30:00+0200,5103.906,MW,DE,DE_LU,actual_offshore_wind_generation,Wind Offshore,2026-07-08T18:59:57Z
2026-07-08T18:58:29Z,2026-07-08T20:58:29+0200,e401fd36-f4a8-45e5-ad91-bdd87731a7ba,2026-07-07T22:45:00Z,2026-07-08T00:45:00+0200,5042.448,MW,DE,DE_LU,actual_offshore_wind_generation,Wind Offshore,2026-07-08T18:59:57Z
2026-07-08T18:58:29Z,2026-07-08T20:58:29+0200,e401fd36-f4a8-45e5-ad91-bdd87731a7ba,2026-07-07T23:00:00Z,2026-07-08T01:00:00+0200,5276.398,MW,DE,DE_LU,actual_offshore_wind_generation,Wind Offshore,2026-07-08T18:59:57Z
2026-07-08T18:58:29Z,2026-07-08T20:58:29+0200,e401fd36-f4a8-45e5-ad91-bdd87731a7ba,2026-07-07T23:15:00Z,2026-07-08T01:15:00+0200,5173.275,MW,DE,DE_LU,actual_offshore_wind_generation,Wind Offshore,2026-07-08T18:59:57Z
2026-07-08T18:58:29Z,2026-07-08T20:58:29+0200,e401fd36-f4a8-45e5-ad91-bdd87731a7ba,2026-07-07T23:30:00Z,2026-07-08T01:30:00+0200,5050.264,MW,DE,DE_LU,actual_offshore_wind_generation,Wind Offshore,2026-07-08T18:59:57Z
2026-07-08T18:58:29Z,2026-07-08T20:58:29+0200,e401fd36-f4a8-45e5-ad91-bdd87731a7ba,2026-07-07T23:45:00Z,2026-07-08T01:45:00+0200,4958.466,MW,DE,DE_LU,actual_offshore_wind_generation,Wind Offshore,2026-07-08T18:59:57Z
2026-07-08T18:58:29Z,2026-07-08T20:58:29+0200,e401fd36-f4a8-45e5-ad91-bdd87731a7ba,2026-07-08T00:00:00Z,2026-07-08T02:00:00+0200,4858.701,MW,DE,DE_LU,actual_offshore_wind_generation,Wind Offshore,2026-07-08T18:59:57Z
2026-07-08T18:58:29Z,2026-07-08T20:58:29+0200,e401fd36-f4a8-45e5-ad91-bdd87731a7ba,2026-07-08T00:15:00Z,2026-07-08T02:15:00+0200,4822.062,MW,DE,DE_LU,actual_offshore_wind_generation,Wind Offshore,2026-07-08T18:59:57Z
2026-07-08T18:58:29Z,2026-07-08T20:58:29+0200,e401fd36-f4a8-45e5-ad91-bdd87731a7ba,2026-07-08T00:30:00Z,2026-07-08T02:30:00+0200,4817.757,MW,DE,DE_LU,actual_offshore_wind_generation,Wind Offshore,2026-07-08T18:59:57Z
2026-07-08T18:58:29Z,2026-07-08T20:58:29+0200,e401fd36-f4a8-45e5-ad91-bdd87731a7ba,2026-07-08T00:45:00Z,2026-07-08T02:45:00+0200,4704.364,MW,DE,DE_LU,actual_offshore_wind_generation,Wind Offshore,2026-07-08T18:59:57Z
2026-07-08T18:58:29Z,2026-07-08T20:58:29+0200,e401fd36-f4a8-45e5-ad91-bdd87731a7ba,2026-07-08T01:00:00Z,2026-07-08T03:00:00+0200,4721.049,MW,DE,DE_LU,actual_offshore_wind_generation,Wind Offshore,2026-07-08T18:59:57Z
2026-07-08T18:58:29Z,2026-07-08T20:58:29+0200,e401fd36-f4a8-45e5-ad91-bdd87731a7ba,2026-07-08T01:15:00Z,2026-07-08T03:15:00+0200,4630.697,MW,DE,DE_LU,actual_offshore_wind_generation,Wind Offshore,2026-07-08T18:59:57Z
2026-07-08T18:58:29Z,2026-07-08T20:58:29+0200,e401fd36-f4a8-45e5-ad91-bdd87731a7ba,2026-07-08T01:30:00Z,2026-07-08T03:30:00+0200,4671.806,MW,DE,DE_LU,actual_offshore_wind_generation,Wind Offshore,2026-07-08T18:59:57Z
2026-07-08T18:58:29Z,2026-07-08T20:58:29+0200,e401fd36-f4a8-45e5-ad91-bdd87731a7ba,2026-07-08T01:45:00Z,2026-07-08T03:45:00+0200,4705.628,MW,DE,DE_LU,actual_offshore_wind_generation,Wind Offshore,2026-07-08T18:59:57Z
2026-07-08T18:58:29Z,2026-07-08T20:58:29+0200,e401fd36-f4a8-45e5-ad91-bdd87731a7ba,2026-07-08T02:00:00Z,2026-07-08T04:00:00+0200,4902.58,MW,DE,DE_LU,actual_offshore_wind_generation,Wind Offshore,2026-07-08T18:59:57Z
2026-07-08T18:58:29Z,2026-07-08T20:58:29+0200,e401fd36-f4a8-45e5-ad91-bdd87731a7ba,2026-07-08T02:15:00Z,2026-07-08T04:15:00+0200,4952.752,MW,DE,DE_LU,actual_offshore_wind_generation,Wind Offshore,2026-07-08T18:59:57Z
2026-07-08T18:58:29Z,2026-07-08T20:58:29+0200,e401fd36-f4a8-45e5-ad91-bdd87731a7ba,2026-07-08T02:30:00Z,2026-07-08T04:30:00+0200,4969.437,MW,DE,DE_LU,actual_offshore_wind_generation,Wind Offshore,2026-07-08T18:59:57Z
2026-07-08T18:58:29Z,2026-07-08T20:58:29+0200,e401fd36-f4a8-45e5-ad91-bdd87731a7ba,2026-07-08T02:45:00Z,2026-07-08T04:45:00+0200,4933.339,MW,DE,DE_LU,actual_offshore_wind_generation,Wind Offshore,2026-07-08T18:59:57Z
2026-07-08T18:58:29Z,2026-07-08T20:58:29+0200,e401fd36-f4a8-45e5-ad91-bdd87731a7ba,2026-07-08T03:00:00Z,2026-07-08T05:00:00+0200,4937.922,MW,DE,DE_LU,actual_offshore_wind_generation,Wind Offshore,2026-07-08T18:59:57Z
2026-07-08T18:58:29Z,2026-07-08T20:58:29+0200,e401fd36-f4a8-45e5-ad91-bdd87731a7ba,2026-07-08T03:15:00Z,2026-07-08T05:15:00+0200,4849.408,MW,DE,DE_LU,actual_offshore_wind_generation,Wind Offshore,2026-07-08T18:59:57Z
2026-07-08T18:58:29Z,2026-07-08T20:58:29+0200,e401fd36-f4a8-45e5-ad91-bdd87731a7ba,2026-07-08T03:30:00Z,2026-07-08T05:30:00+0200,4739.708,MW,DE,DE_LU,actual_offshore_wind_generation,Wind Offshore,2026-07-08T18:59:57Z
2026-07-08T18:58:29Z,2026-07-08T20:58:29+0200,e401fd36-f4a8-45e5-ad91-bdd87731a7ba,2026-07-08T03:45:00Z,2026-07-08T05:45:00+0200,4635.111,MW,DE,DE_LU,actual_offshore_wind_generation,Wind Offshore,2026-07-08T18:59:57Z
2026-07-08T18:58:29Z,2026-07-08T20:58:29+0200,e401fd36-f4a8-45e5-ad91-bdd87731a7ba,2026-07-08T04:00:00Z,2026-07-08T06:00:00+0200,4393.973,MW,DE,DE_LU,actual_offshore_wind_generation,Wind Offshore,2026-07-08T18:59:57Z
2026-07-08T18:58:29Z,2026-07-08T20:58:29+0200,e401fd36-f4a8-45e5-ad91-bdd87731a7ba,2026-07-08T04:15:00Z,2026-07-08T06:15:00+0200,4357.395,MW,DE,DE_LU,actual_offshore_wind_generation,Wind Offshore,2026-07-08T18:59:57Z
2026-07-08T18:58:29Z,2026-07-08T20:58:29+0200,e401fd36-f4a8-45e5-ad91-bdd87731a7ba,2026-07-08T04:30:00Z,2026-07-08T06:30:00+0200,4352.473,MW,DE,DE_LU,actual_offshore_wind_generation,Wind Offshore,2026-07-08T18:59:57Z
2026-07-08T18:58:29Z,2026-07-08T20:58:29+0200,e401fd36-f4a8-45e5-ad91-bdd87731a7ba,2026-07-08T04:45:00Z,2026-07-08T06:45:00+0200,4278.877,MW,DE,DE_LU,actual_offshore_wind_generation,Wind Offshore,2026-07-08T18:59:57Z
2026-07-08T18:58:29Z,2026-07-08T20:58:29+0200,e401fd36-f4a8-45e5-ad91-bdd87731a7ba,2026-07-08T05:00:00Z,2026-07-08T07:00:00+0200,4032.178,MW,DE,DE_LU,actual_offshore_wind_generation,Wind Offshore,2026-07-08T18:59:57Z
2026-07-08T18:58:29Z,2026-07-08T20:58:29+0200,e401fd36-f4a8-45e5-ad91-bdd87731a7ba,2026-07-08T05:15:00Z,2026-07-08T07:15:00+0200,3909.218,MW,DE,DE_LU,actual_offshore_wind_generation,Wind Offshore,2026-07-08T18:59:57Z
2026-07-08T18:58:29Z,2026-07-08T20:58:29+0200,e401fd36-f4a8-45e5-ad91-bdd87731a7ba,2026-07-08T05:30:00Z,2026-07-08T07:30:00+0200,3635.124,MW,DE,DE_LU,actual_offshore_wind_generation,Wind Offshore,2026-07-08T18:59:57Z
2026-07-08T18:58:29Z,2026-07-08T20:58:29+0200,e401fd36-f4a8-45e5-ad91-bdd87731a7ba,2026-07-08T05:45:00Z,2026-07-08T07:45:00+0200,3407.735,MW,DE,DE_LU,actual_offshore_wind_generation,Wind Offshore,2026-07-08T18:59:57Z
2026-07-08T18:58:29Z,2026-07-08T20:58:29+0200,e401fd36-f4a8-45e5-ad91-bdd87731a7ba,2026-07-08T06:00:00Z,2026-07-08T08:00:00+0200,3609.988,MW,DE,DE_LU,actual_offshore_wind_generation,Wind Offshore,2026-07-08T18:59:57Z
2026-07-08T18:58:29Z,2026-07-08T20:58:29+0200,e401fd36-f4a8-45e5-ad91-bdd87731a7ba,2026-07-08T06:15:00Z,2026-07-08T08:15:00+0200,3438.051,MW,DE,DE_LU,actual_offshore_wind_generation,Wind Offshore,2026-07-08T18:59:57Z
2026-07-08T18:58:29Z,2026-07-08T20:58:29+0200,e401fd36-f4a8-45e5-ad91-bdd87731a7ba,2026-07-08T06:30:00Z,2026-07-08T08:30:00+0200,3236.786,MW,DE,DE_LU,actual_offshore_wind_generation,Wind Offshore,2026-07-08T18:59:57Z
2026-07-08T18:58:29Z,2026-07-08T20:58:29+0200,e401fd36-f4a8-45e5-ad91-bdd87731a7ba,2026-07-08T06:45:00Z,2026-07-08T08:45:00+0200,3116.117,MW,DE,DE_LU,actual_offshore_wind_generation,Wind Offshore,2026-07-08T18:59:57Z
2026-07-08T18:58:29Z,2026-07-08T20:58:29+0200,e401fd36-f4a8-45e5-ad91-bdd87731a7ba,2026-07-08T07:00:00Z,2026-07-08T09:00:00+0200,2317.213,MW,DE,DE_LU,actual_offshore_wind_generation,Wind Offshore,2026-07-08T18:59:57Z
2026-07-08T18:58:29Z,2026-07-08T20:58:29+0200,e401fd36-f4a8-45e5-ad91-bdd87731a7ba,2026-07-08T07:15:00Z,2026-07-08T09:15:00+0200,2213.144,MW,DE,DE_LU,actual_offshore_wind_generation,Wind Offshore,2026-07-08T18:59:57Z
2026-07-08T18:58:29Z,2026-07-08T20:58:29+0200,e401fd36-f4a8-45e5-ad91-bdd87731a7ba,2026-07-08T07:30:00Z,2026-07-08T09:30:00+0200,2193.317,MW,DE,DE_LU,actual_offshore_wind_generation,Wind Offshore,2026-07-08T18:59:57Z
2026-07-08T18:58:29Z,2026-07-08T20:58:29+0200,e401fd36-f4a8-45e5-ad91-bdd87731a7ba,2026-07-08T07:45:00Z,2026-07-08T09:45:00+0200,2086.344,MW,DE,DE_LU,actual_offshore_wind_generation,Wind Offshore,2026-07-08T18:59:57Z
2026-07-08T18:58:29Z,2026-07-08T20:58:29+0200,e401fd36-f4a8-45e5-ad91-bdd87731a7ba,2026-07-08T08:00:00Z,2026-07-08T10:00:00+0200,946.222,MW,DE,DE_LU,actual_offshore_wind_generation,Wind Offshore,2026-07-08T18:59:57Z
2026-07-08T18:58:29Z,2026-07-08T20:58:29+0200,e401fd36-f4a8-45e5-ad91-bdd87731a7ba,2026-07-08T08:15:00Z,2026-07-08T10:15:00+0200,688.835,MW,DE,DE_LU,actual_offshore_wind_generation,Wind Offshore,2026-07-08T18:59:57Z
2026-07-08T18:58:29Z,2026-07-08T20:58:29+0200,e401fd36-f4a8-45e5-ad91-bdd87731a7ba,2026-07-08T08:30:00Z,2026-07-08T10:30:00+0200,688.34,MW,DE,DE_LU,actual_offshore_wind_generation,Wind Offshore,2026-07-08T18:59:57Z
2026-07-08T18:58:29Z,2026-07-08T20:58:29+0200,e401fd36-f4a8-45e5-ad91-bdd87731a7ba,2026-07-08T08:45:00Z,2026-07-08T10:45:00+0200,568.349,MW,DE,DE_LU,actual_offshore_wind_generation,Wind Offshore,2026-07-08T18:59:57Z
2026-07-08T18:58:29Z,2026-07-08T20:58:29+0200,e401fd36-f4a8-45e5-ad91-bdd87731a7ba,2026-07-08T09:00:00Z,2026-07-08T11:00:00+0200,408.597,MW,DE,DE_LU,actual_offshore_wind_generation,Wind Offshore,2026-07-08T18:59:57Z
2026-07-08T18:58:29Z,2026-07-08T20:58:29+0200,e401fd36-f4a8-45e5-ad91-bdd87731a7ba,2026-07-08T09:15:00Z,2026-07-08T11:15:00+0200,385.029,MW,DE,DE_LU,actual_offshore_wind_generation,Wind Offshore,2026-07-08T18:59:57Z
2026-07-08T18:58:29Z,2026-07-08T20:58:29+0200,e401fd36-f4a8-45e5-ad91-bdd87731a7ba,2026-07-08T09:30:00Z,2026-07-08T11:30:00+0200,375.097,MW,DE,DE_LU,actual_offshore_wind_generation,Wind Offshore,2026-07-08T18:59:57Z
2026-07-08T18:58:29Z,2026-07-08T20:58:29+0200,e401fd36-f4a8-45e5-ad91-bdd87731a7ba,2026-07-08T09:45:00Z,2026-07-08T11:45:00+0200,358.969,MW,DE,DE_LU,actual_offshore_wind_generation,Wind Offshore,2026-07-08T18:59:57Z
2026-07-08T18:58:29Z,2026-07-08T20:58:29+0200,e401fd36-f4a8-45e5-ad91-bdd87731a7ba,2026-07-08T10:00:00Z,2026-07-08T12:00:00+0200,234.243,MW,DE,DE_LU,actual_offshore_wind_generation,Wind Offshore,2026-07-08T18:59:57Z
2026-07-08T18:58:29Z,2026-07-08T20:58:29+0200,e401fd36-f4a8-45e5-ad91-bdd87731a7ba,2026-07-08T10:15:00Z,2026-07-08T12:15:00+0200,251.993,MW,DE,DE_LU,actual_offshore_wind_generation,Wind Offshore,2026-07-08T18:59:57Z
2026-07-08T18:58:29Z,2026-07-08T20:58:29+0200,e401fd36-f4a8-45e5-ad91-bdd87731a7ba,2026-07-08T10:30:00Z,2026-07-08T12:30:00+0200,283.564,MW,DE,DE_LU,actual_offshore_wind_generation,Wind Offshore,2026-07-08T18:59:57Z
2026-07-08T18:58:29Z,2026-07-08T20:58:29+0200,e401fd36-f4a8-45e5-ad91-bdd87731a7ba,2026-07-08T10:45:00Z,2026-07-08T12:45:00+0200,235.187,MW,DE,DE_LU,actual_offshore_wind_generation,Wind Offshore,2026-07-08T18:59:57Z
2026-07-08T18:58:29Z,2026-07-08T20:58:29+0200,e401fd36-f4a8-45e5-ad91-bdd87731a7ba,2026-07-08T11:00:00Z,2026-07-08T13:00:00+0200,184.634,MW,DE,DE_LU,actual_offshore_wind_generation,Wind Offshore,2026-07-08T18:59:57Z
2026-07-08T18:58:29Z,2026-07-08T20:58:29+0200,e401fd36-f4a8-45e5-ad91-bdd87731a7ba,2026-07-08T11:15:00Z,2026-07-08T13:15:00+0200,216.19,MW,DE,DE_LU,actual_offshore_wind_generation,Wind Offshore,2026-07-08T18:59:57Z
2026-07-08T18:58:29Z,2026-07-08T20:58:29+0200,e401fd36-f4a8-45e5-ad91-bdd87731a7ba,2026-07-08T11:30:00Z,2026-07-08T13:30:00+0200,226.945,MW,DE,DE_LU,actual_offshore_wind_generation,Wind Offshore,2026-07-08T18:59:57Z
2026-07-08T18:58:29Z,2026-07-08T20:58:29+0200,e401fd36-f4a8-45e5-ad91-bdd87731a7ba,2026-07-08T11:45:00Z,2026-07-08T13:45:00+0200,242.175,MW,DE,DE_LU,actual_offshore_wind_generation,Wind Offshore,2026-07-08T18:59:57Z
2026-07-08T18:58:29Z,2026-07-08T20:58:29+0200,e401fd36-f4a8-45e5-ad91-bdd87731a7ba,2026-07-08T12:00:00Z,2026-07-08T14:00:00+0200,540.207,MW,DE,DE_LU,actual_offshore_wind_generation,Wind Offshore,2026-07-08T18:59:57Z
2026-07-08T18:58:29Z,2026-07-08T20:58:29+0200,e401fd36-f4a8-45e5-ad91-bdd87731a7ba,2026-07-08T12:15:00Z,2026-07-08T14:15:00+0200,577.532,MW,DE,DE_LU,actual_offshore_wind_generation,Wind Offshore,2026-07-08T18:59:57Z
2026-07-08T18:58:29Z,2026-07-08T20:58:29+0200,e401fd36-f4a8-45e5-ad91-bdd87731a7ba,2026-07-08T12:30:00Z,2026-07-08T14:30:00+0200,612.599,MW,DE,DE_LU,actual_offshore_wind_generation,Wind Offshore,2026-07-08T18:59:57Z
2026-07-08T18:58:29Z,2026-07-08T20:58:29+0200,e401fd36-f4a8-45e5-ad91-bdd87731a7ba,2026-07-08T12:45:00Z,2026-07-08T14:45:00+0200,644.419,MW,DE,DE_LU,actual_offshore_wind_generation,Wind Offshore,2026-07-08T18:59:57Z
2026-07-08T18:58:29Z,2026-07-08T20:58:29+0200,e401fd36-f4a8-45e5-ad91-bdd87731a7ba,2026-07-08T13:00:00Z,2026-07-08T15:00:00+0200,830.72,MW,DE,DE_LU,actual_offshore_wind_generation,Wind Offshore,2026-07-08T18:59:57Z
2026-07-08T18:58:29Z,2026-07-08T20:58:29+0200,e401fd36-f4a8-45e5-ad91-bdd87731a7ba,2026-07-08T13:15:00Z,2026-07-08T15:15:00+0200,872.403,MW,DE,DE_LU,actual_offshore_wind_generation,Wind Offshore,2026-07-08T18:59:57Z
2026-07-08T18:58:29Z,2026-07-08T20:58:29+0200,e401fd36-f4a8-45e5-ad91-bdd87731a7ba,2026-07-08T13:30:00Z,2026-07-08T15:30:00+0200,864.315,MW,DE,DE_LU,actual_offshore_wind_generation,Wind Offshore,2026-07-08T18:59:57Z
2026-07-08T18:58:29Z,2026-07-08T20:58:29+0200,e401fd36-f4a8-45e5-ad91-bdd87731a7ba,2026-07-08T13:45:00Z,2026-07-08T15:45:00+0200,902.936,MW,DE,DE_LU,actual_offshore_wind_generation,Wind Offshore,2026-07-08T18:59:57Z
2026-07-08T18:58:29Z,2026-07-08T20:58:29+0200,e401fd36-f4a8-45e5-ad91-bdd87731a7ba,2026-07-08T14:00:00Z,2026-07-08T16:00:00+0200,847.585,MW,DE,DE_LU,actual_offshore_wind_generation,Wind Offshore,2026-07-08T18:59:57Z
2026-07-08T18:58:29Z,2026-07-08T20:58:29+0200,e401fd36-f4a8-45e5-ad91-bdd87731a7ba,2026-07-08T14:15:00Z,2026-07-08T16:15:00+0200,827.45,MW,DE,DE_LU,actual_offshore_wind_generation,Wind Offshore,2026-07-08T18:59:57Z
2026-07-08T18:58:29Z,2026-07-08T20:58:29+0200,e401fd36-f4a8-45e5-ad91-bdd87731a7ba,2026-07-08T14:30:00Z,2026-07-08T16:30:00+0200,803.025,MW,DE,DE_LU,actual_offshore_wind_generation,Wind Offshore,2026-07-08T18:59:57Z
2026-07-08T18:58:29Z,2026-07-08T20:58:29+0200,e401fd36-f4a8-45e5-ad91-bdd87731a7ba,2026-07-08T14:45:00Z,2026-07-08T16:45:00+0200,579.969,MW,DE,DE_LU,actual_offshore_wind_generation,Wind Offshore,2026-07-08T18:59:57Z
2026-07-08T18:58:29Z,2026-07-08T20:58:29+0200,e401fd36-f4a8-45e5-ad91-bdd87731a7ba,2026-07-08T15:00:00Z,2026-07-08T17:00:00+0200,1146.732,MW,DE,DE_LU,actual_offshore_wind_generation,Wind Offshore,2026-07-08T18:59:57Z
2026-07-08T18:58:29Z,2026-07-08T20:58:29+0200,e401fd36-f4a8-45e5-ad91-bdd87731a7ba,2026-07-08T15:15:00Z,2026-07-08T17:15:00+0200,1189.37,MW,DE,DE_LU,actual_offshore_wind_generation,Wind Offshore,2026-07-08T18:59:57Z
2026-07-08T18:58:29Z,2026-07-08T20:58:29+0200,e401fd36-f4a8-45e5-ad91-bdd87731a7ba,2026-07-08T15:30:00Z,2026-07-08T17:30:00+0200,1172.897,MW,DE,DE_LU,actual_offshore_wind_generation,Wind Offshore,2026-07-08T18:59:57Z
2026-07-08T18:58:29Z,2026-07-08T20:58:29+0200,e401fd36-f4a8-45e5-ad91-bdd87731a7ba,2026-07-08T15:45:00Z,2026-07-08T17:45:00+0200,1369.876,MW,DE,DE_LU,actual_offshore_wind_generation,Wind Offshore,2026-07-08T18:59:57Z
2026-07-08T18:58:29Z,2026-07-08T20:58:29+0200,e401fd36-f4a8-45e5-ad91-bdd87731a7ba,2026-07-08T16:00:00Z,2026-07-08T18:00:00+0200,2902.057,MW,DE,DE_LU,actual_offshore_wind_generation,Wind Offshore,2026-07-08T18:59:57Z
2026-07-08T18:58:29Z,2026-07-08T20:58:29+0200,e401fd36-f4a8-45e5-ad91-bdd87731a7ba,2026-07-08T16:15:00Z,2026-07-08T18:15:00+0200,3050.37,MW,DE,DE_LU,actual_offshore_wind_generation,Wind Offshore,2026-07-08T18:59:57Z
2026-07-08T18:58:29Z,2026-07-08T20:58:29+0200,e401fd36-f4a8-45e5-ad91-bdd87731a7ba,2026-07-08T16:30:00Z,2026-07-08T18:30:00+0200,3061.15,MW,DE,DE_LU,actual_offshore_wind_generation,Wind Offshore,2026-07-08T18:59:57Z
2026-07-08T18:58:29Z,2026-07-08T20:58:29+0200,e401fd36-f4a8-45e5-ad91-bdd87731a7ba,2026-07-08T16:45:00Z,2026-07-08T18:45:00+0200,3077.879,MW,DE,DE_LU,actual_offshore_wind_generation,Wind Offshore,2026-07-08T18:59:57Z
2026-07-08T18:58:29Z,2026-07-08T20:58:29+0200,e401fd36-f4a8-45e5-ad91-bdd87731a7ba,2026-07-08T17:00:00Z,2026-07-08T19:00:00+0200,3133.655,MW,DE,DE_LU,actual_offshore_wind_generation,Wind Offshore,2026-07-08T18:59:57Z
2026-07-08T18:58:29Z,2026-07-08T20:58:29+0200,e401fd36-f4a8-45e5-ad91-bdd87731a7ba,2026-07-08T17:15:00Z,2026-07-08T19:15:00+0200,3192.67,MW,DE,DE_LU,actual_offshore_wind_generation,Wind Offshore,2026-07-08T18:59:57Z
2026-07-08T18:58:29Z,2026-07-08T20:58:29+0200,e401fd36-f4a8-45e5-ad91-bdd87731a7ba,2026-07-08T17:30:00Z,2026-07-08T19:30:00+0200,3212.738,MW,DE,DE_LU,actual_offshore_wind_generation,Wind Offshore,2026-07-08T18:59:57Z
2026-07-08T18:58:29Z,2026-07-08T20:58:29+0200,e401fd36-f4a8-45e5-ad91-bdd87731a7ba,2026-07-08T17:45:00Z,2026-07-08T19:45:00+0200,3222.502,MW,DE,DE_LU,actual_offshore_wind_generation,Wind Offshore,2026-07-08T18:59:57Z
2026-07-08T18:58:29Z,2026-07-08T20:58:29+0200,e401fd36-f4a8-45e5-ad91-bdd87731a7ba,2026-07-08T18:00:00Z,2026-07-08T20:00:00+0200,3141.289,MW,DE,DE_LU,actual_offshore_wind_generation,Wind Offshore,2026-07-08T18:59:57Z
2026-07-08T18:58:29Z,2026-07-08T20:58:29+0200,e401fd36-f4a8-45e5-ad91-bdd87731a7ba,2026-07-08T18:15:00Z,2026-07-08T20:15:00+0200,3041.825,MW,DE,DE_LU,actual_offshore_wind_generation,Wind Offshore,2026-07-08T18:59:57Z
