collection_time_utc,collection_time_local,run_id,timestamp_utc,timestamp_local,value,unit,country,entsoe_area,variable,source,updated_at_utc
2026-07-29T16:36:25Z,2026-07-29T18:36:25+0200,288ee773-d794-4845-a128-ad60f322005b,2026-06-28T17:00:00Z,2026-06-28T19:00:00+0200,478.558794,MW,BE,BE,actual_onshore_wind_generation,Wind Onshore,2026-07-29T16:36:49Z
2026-07-29T16:36:25Z,2026-07-29T18:36:25+0200,288ee773-d794-4845-a128-ad60f322005b,2026-06-28T18:00:00Z,2026-06-28T20:00:00+0200,479.232138,MW,BE,BE,actual_onshore_wind_generation,Wind Onshore,2026-07-29T16:36:49Z
2026-07-29T16:36:25Z,2026-07-29T18:36:25+0200,288ee773-d794-4845-a128-ad60f322005b,2026-06-28T19:00:00Z,2026-06-28T21:00:00+0200,332.578334,MW,BE,BE,actual_onshore_wind_generation,Wind Onshore,2026-07-29T16:36:49Z
2026-07-29T16:36:25Z,2026-07-29T18:36:25+0200,288ee773-d794-4845-a128-ad60f322005b,2026-06-28T20:00:00Z,2026-06-28T22:00:00+0200,287.412797,MW,BE,BE,actual_onshore_wind_generation,Wind Onshore,2026-07-29T16:36:49Z
2026-07-29T16:36:25Z,2026-07-29T18:36:25+0200,288ee773-d794-4845-a128-ad60f322005b,2026-06-28T21:00:00Z,2026-06-28T23:00:00+0200,240.075022,MW,BE,BE,actual_onshore_wind_generation,Wind Onshore,2026-07-29T16:36:49Z
2026-07-29T16:36:25Z,2026-07-29T18:36:25+0200,288ee773-d794-4845-a128-ad60f322005b,2026-06-28T22:00:00Z,2026-06-29T00:00:00+0200,271.31408,MW,BE,BE,actual_onshore_wind_generation,Wind Onshore,2026-07-29T16:36:49Z
2026-07-29T16:36:25Z,2026-07-29T18:36:25+0200,288ee773-d794-4845-a128-ad60f322005b,2026-06-28T23:00:00Z,2026-06-29T01:00:00+0200,356.795277,MW,BE,BE,actual_onshore_wind_generation,Wind Onshore,2026-07-29T16:36:49Z
2026-07-29T16:36:25Z,2026-07-29T18:36:25+0200,288ee773-d794-4845-a128-ad60f322005b,2026-06-29T00:00:00Z,2026-06-29T02:00:00+0200,483.303151,MW,BE,BE,actual_onshore_wind_generation,Wind Onshore,2026-07-29T16:36:49Z
2026-07-29T16:36:25Z,2026-07-29T18:36:25+0200,288ee773-d794-4845-a128-ad60f322005b,2026-06-29T01:00:00Z,2026-06-29T03:00:00+0200,483.697372,MW,BE,BE,actual_onshore_wind_generation,Wind Onshore,2026-07-29T16:36:49Z
2026-07-29T16:36:25Z,2026-07-29T18:36:25+0200,288ee773-d794-4845-a128-ad60f322005b,2026-06-29T02:00:00Z,2026-06-29T04:00:00+0200,454.611176,MW,BE,BE,actual_onshore_wind_generation,Wind Onshore,2026-07-29T16:36:49Z
2026-07-29T16:36:25Z,2026-07-29T18:36:25+0200,288ee773-d794-4845-a128-ad60f322005b,2026-06-29T03:00:00Z,2026-06-29T05:00:00+0200,438.747196,MW,BE,BE,actual_onshore_wind_generation,Wind Onshore,2026-07-29T16:36:49Z
2026-07-29T16:36:25Z,2026-07-29T18:36:25+0200,288ee773-d794-4845-a128-ad60f322005b,2026-06-29T04:00:00Z,2026-06-29T06:00:00+0200,323.030006,MW,BE,BE,actual_onshore_wind_generation,Wind Onshore,2026-07-29T16:36:49Z
2026-07-29T16:36:25Z,2026-07-29T18:36:25+0200,288ee773-d794-4845-a128-ad60f322005b,2026-06-29T05:00:00Z,2026-06-29T07:00:00+0200,240.842185,MW,BE,BE,actual_onshore_wind_generation,Wind Onshore,2026-07-29T16:36:49Z
2026-07-29T16:36:25Z,2026-07-29T18:36:25+0200,288ee773-d794-4845-a128-ad60f322005b,2026-06-29T06:00:00Z,2026-06-29T08:00:00+0200,177.267969,MW,BE,BE,actual_onshore_wind_generation,Wind Onshore,2026-07-29T16:36:49Z
2026-07-29T16:36:25Z,2026-07-29T18:36:25+0200,288ee773-d794-4845-a128-ad60f322005b,2026-06-29T07:00:00Z,2026-06-29T09:00:00+0200,187.496641,MW,BE,BE,actual_onshore_wind_generation,Wind Onshore,2026-07-29T16:36:49Z
2026-07-29T16:36:25Z,2026-07-29T18:36:25+0200,288ee773-d794-4845-a128-ad60f322005b,2026-06-29T08:00:00Z,2026-06-29T10:00:00+0200,126.135909,MW,BE,BE,actual_onshore_wind_generation,Wind Onshore,2026-07-29T16:36:49Z
2026-07-29T16:36:25Z,2026-07-29T18:36:25+0200,288ee773-d794-4845-a128-ad60f322005b,2026-06-29T09:00:00Z,2026-06-29T11:00:00+0200,130.032136,MW,BE,BE,actual_onshore_wind_generation,Wind Onshore,2026-07-29T16:36:49Z
2026-07-29T16:36:25Z,2026-07-29T18:36:25+0200,288ee773-d794-4845-a128-ad60f322005b,2026-06-29T10:00:00Z,2026-06-29T12:00:00+0200,113.078549,MW,BE,BE,actual_onshore_wind_generation,Wind Onshore,2026-07-29T16:36:49Z
2026-07-29T16:36:25Z,2026-07-29T18:36:25+0200,288ee773-d794-4845-a128-ad60f322005b,2026-06-29T11:00:00Z,2026-06-29T13:00:00+0200,89.762654,MW,BE,BE,actual_onshore_wind_generation,Wind Onshore,2026-07-29T16:36:49Z
2026-07-29T16:36:25Z,2026-07-29T18:36:25+0200,288ee773-d794-4845-a128-ad60f322005b,2026-06-29T12:00:00Z,2026-06-29T14:00:00+0200,82.647209,MW,BE,BE,actual_onshore_wind_generation,Wind Onshore,2026-07-29T16:36:49Z
2026-07-29T16:36:25Z,2026-07-29T18:36:25+0200,288ee773-d794-4845-a128-ad60f322005b,2026-06-29T13:00:00Z,2026-06-29T15:00:00+0200,91.998072,MW,BE,BE,actual_onshore_wind_generation,Wind Onshore,2026-07-29T16:36:49Z
2026-07-29T16:36:25Z,2026-07-29T18:36:25+0200,288ee773-d794-4845-a128-ad60f322005b,2026-06-29T14:00:00Z,2026-06-29T16:00:00+0200,97.287284,MW,BE,BE,actual_onshore_wind_generation,Wind Onshore,2026-07-29T16:36:49Z
2026-07-29T16:36:25Z,2026-07-29T18:36:25+0200,288ee773-d794-4845-a128-ad60f322005b,2026-06-29T15:00:00Z,2026-06-29T17:00:00+0200,115.612296,MW,BE,BE,actual_onshore_wind_generation,Wind Onshore,2026-07-29T16:36:49Z
2026-07-29T16:36:25Z,2026-07-29T18:36:25+0200,288ee773-d794-4845-a128-ad60f322005b,2026-06-29T16:00:00Z,2026-06-29T18:00:00+0200,143.320925,MW,BE,BE,actual_onshore_wind_generation,Wind Onshore,2026-07-29T16:36:49Z
2026-07-29T16:36:25Z,2026-07-29T18:36:25+0200,288ee773-d794-4845-a128-ad60f322005b,2026-06-29T17:00:00Z,2026-06-29T19:00:00+0200,141.01849,MW,BE,BE,actual_onshore_wind_generation,Wind Onshore,2026-07-29T16:36:49Z
2026-07-29T16:36:25Z,2026-07-29T18:36:25+0200,288ee773-d794-4845-a128-ad60f322005b,2026-06-29T18:00:00Z,2026-06-29T20:00:00+0200,180.023789,MW,BE,BE,actual_onshore_wind_generation,Wind Onshore,2026-07-29T16:36:49Z
2026-07-29T16:36:25Z,2026-07-29T18:36:25+0200,288ee773-d794-4845-a128-ad60f322005b,2026-06-29T19:00:00Z,2026-06-29T21:00:00+0200,264.104186,MW,BE,BE,actual_onshore_wind_generation,Wind Onshore,2026-07-29T16:36:49Z
2026-07-29T16:36:25Z,2026-07-29T18:36:25+0200,288ee773-d794-4845-a128-ad60f322005b,2026-06-29T20:00:00Z,2026-06-29T22:00:00+0200,269.609761,MW,BE,BE,actual_onshore_wind_generation,Wind Onshore,2026-07-29T16:36:49Z
2026-07-29T16:36:25Z,2026-07-29T18:36:25+0200,288ee773-d794-4845-a128-ad60f322005b,2026-06-29T21:00:00Z,2026-06-29T23:00:00+0200,245.596896,MW,BE,BE,actual_onshore_wind_generation,Wind Onshore,2026-07-29T16:36:49Z
2026-07-29T16:36:25Z,2026-07-29T18:36:25+0200,288ee773-d794-4845-a128-ad60f322005b,2026-06-29T22:00:00Z,2026-06-30T00:00:00+0200,247.67503,MW,BE,BE,actual_onshore_wind_generation,Wind Onshore,2026-07-29T16:36:49Z
2026-07-29T16:36:25Z,2026-07-29T18:36:25+0200,288ee773-d794-4845-a128-ad60f322005b,2026-06-29T23:00:00Z,2026-06-30T01:00:00+0200,188.310478,MW,BE,BE,actual_onshore_wind_generation,Wind Onshore,2026-07-29T16:36:49Z
2026-07-29T16:36:25Z,2026-07-29T18:36:25+0200,288ee773-d794-4845-a128-ad60f322005b,2026-06-30T00:00:00Z,2026-06-30T02:00:00+0200,138.521648,MW,BE,BE,actual_onshore_wind_generation,Wind Onshore,2026-07-29T16:36:49Z
2026-07-29T16:36:25Z,2026-07-29T18:36:25+0200,288ee773-d794-4845-a128-ad60f322005b,2026-06-30T01:00:00Z,2026-06-30T03:00:00+0200,125.11995,MW,BE,BE,actual_onshore_wind_generation,Wind Onshore,2026-07-29T16:36:49Z
2026-07-29T16:36:25Z,2026-07-29T18:36:25+0200,288ee773-d794-4845-a128-ad60f322005b,2026-06-30T02:00:00Z,2026-06-30T04:00:00+0200,123.386012,MW,BE,BE,actual_onshore_wind_generation,Wind Onshore,2026-07-29T16:36:49Z
2026-07-29T16:36:25Z,2026-07-29T18:36:25+0200,288ee773-d794-4845-a128-ad60f322005b,2026-06-30T03:00:00Z,2026-06-30T05:00:00+0200,82.481002,MW,BE,BE,actual_onshore_wind_generation,Wind Onshore,2026-07-29T16:36:49Z
2026-07-29T16:36:25Z,2026-07-29T18:36:25+0200,288ee773-d794-4845-a128-ad60f322005b,2026-06-30T04:00:00Z,2026-06-30T06:00:00+0200,69.368058,MW,BE,BE,actual_onshore_wind_generation,Wind Onshore,2026-07-29T16:36:49Z
2026-07-29T16:36:25Z,2026-07-29T18:36:25+0200,288ee773-d794-4845-a128-ad60f322005b,2026-06-30T05:00:00Z,2026-06-30T07:00:00+0200,52.870378,MW,BE,BE,actual_onshore_wind_generation,Wind Onshore,2026-07-29T16:36:49Z
2026-07-29T16:36:25Z,2026-07-29T18:36:25+0200,288ee773-d794-4845-a128-ad60f322005b,2026-06-30T06:00:00Z,2026-06-30T08:00:00+0200,26.148091,MW,BE,BE,actual_onshore_wind_generation,Wind Onshore,2026-07-29T16:36:49Z
2026-07-29T16:36:25Z,2026-07-29T18:36:25+0200,288ee773-d794-4845-a128-ad60f322005b,2026-06-30T07:00:00Z,2026-06-30T09:00:00+0200,8.713497,MW,BE,BE,actual_onshore_wind_generation,Wind Onshore,2026-07-29T16:36:49Z
2026-07-29T16:36:25Z,2026-07-29T18:36:25+0200,288ee773-d794-4845-a128-ad60f322005b,2026-06-30T08:00:00Z,2026-06-30T10:00:00+0200,12.631872,MW,BE,BE,actual_onshore_wind_generation,Wind Onshore,2026-07-29T16:36:49Z
2026-07-29T16:36:25Z,2026-07-29T18:36:25+0200,288ee773-d794-4845-a128-ad60f322005b,2026-06-30T09:00:00Z,2026-06-30T11:00:00+0200,25.480022,MW,BE,BE,actual_onshore_wind_generation,Wind Onshore,2026-07-29T16:36:49Z
2026-07-29T16:36:25Z,2026-07-29T18:36:25+0200,288ee773-d794-4845-a128-ad60f322005b,2026-06-30T10:00:00Z,2026-06-30T12:00:00+0200,47.24561,MW,BE,BE,actual_onshore_wind_generation,Wind Onshore,2026-07-29T16:36:49Z
2026-07-29T16:36:25Z,2026-07-29T18:36:25+0200,288ee773-d794-4845-a128-ad60f322005b,2026-06-30T11:00:00Z,2026-06-30T13:00:00+0200,62.768979,MW,BE,BE,actual_onshore_wind_generation,Wind Onshore,2026-07-29T16:36:49Z
2026-07-29T16:36:25Z,2026-07-29T18:36:25+0200,288ee773-d794-4845-a128-ad60f322005b,2026-06-30T12:00:00Z,2026-06-30T14:00:00+0200,66.828477,MW,BE,BE,actual_onshore_wind_generation,Wind Onshore,2026-07-29T16:36:49Z
2026-07-29T16:36:25Z,2026-07-29T18:36:25+0200,288ee773-d794-4845-a128-ad60f322005b,2026-06-30T13:00:00Z,2026-06-30T15:00:00+0200,78.197561,MW,BE,BE,actual_onshore_wind_generation,Wind Onshore,2026-07-29T16:36:49Z
2026-07-29T16:36:25Z,2026-07-29T18:36:25+0200,288ee773-d794-4845-a128-ad60f322005b,2026-06-30T14:00:00Z,2026-06-30T16:00:00+0200,160.190536,MW,BE,BE,actual_onshore_wind_generation,Wind Onshore,2026-07-29T16:36:49Z
2026-07-29T16:36:25Z,2026-07-29T18:36:25+0200,288ee773-d794-4845-a128-ad60f322005b,2026-06-30T15:00:00Z,2026-06-30T17:00:00+0200,119.220121,MW,BE,BE,actual_onshore_wind_generation,Wind Onshore,2026-07-29T16:36:49Z
2026-07-29T16:36:25Z,2026-07-29T18:36:25+0200,288ee773-d794-4845-a128-ad60f322005b,2026-06-30T16:00:00Z,2026-06-30T18:00:00+0200,76.336778,MW,BE,BE,actual_onshore_wind_generation,Wind Onshore,2026-07-29T16:36:49Z
2026-07-29T16:36:25Z,2026-07-29T18:36:25+0200,288ee773-d794-4845-a128-ad60f322005b,2026-06-30T17:00:00Z,2026-06-30T19:00:00+0200,89.041931,MW,BE,BE,actual_onshore_wind_generation,Wind Onshore,2026-07-29T16:36:49Z
2026-07-29T16:36:25Z,2026-07-29T18:36:25+0200,288ee773-d794-4845-a128-ad60f322005b,2026-06-30T18:00:00Z,2026-06-30T20:00:00+0200,80.369338,MW,BE,BE,actual_onshore_wind_generation,Wind Onshore,2026-07-29T16:36:49Z
2026-07-29T16:36:25Z,2026-07-29T18:36:25+0200,288ee773-d794-4845-a128-ad60f322005b,2026-06-30T19:00:00Z,2026-06-30T21:00:00+0200,52.32818,MW,BE,BE,actual_onshore_wind_generation,Wind Onshore,2026-07-29T16:36:49Z
2026-07-29T16:36:25Z,2026-07-29T18:36:25+0200,288ee773-d794-4845-a128-ad60f322005b,2026-06-30T20:00:00Z,2026-06-30T22:00:00+0200,50.160291,MW,BE,BE,actual_onshore_wind_generation,Wind Onshore,2026-07-29T16:36:49Z
2026-07-29T16:36:25Z,2026-07-29T18:36:25+0200,288ee773-d794-4845-a128-ad60f322005b,2026-06-30T21:00:00Z,2026-06-30T23:00:00+0200,43.694202,MW,BE,BE,actual_onshore_wind_generation,Wind Onshore,2026-07-29T16:36:49Z
2026-07-29T16:36:25Z,2026-07-29T18:36:25+0200,288ee773-d794-4845-a128-ad60f322005b,2026-06-30T22:00:00Z,2026-07-01T00:00:00+0200,41.615021,MW,BE,BE,actual_onshore_wind_generation,Wind Onshore,2026-07-29T16:36:49Z
2026-07-29T16:36:25Z,2026-07-29T18:36:25+0200,288ee773-d794-4845-a128-ad60f322005b,2026-06-30T23:00:00Z,2026-07-01T01:00:00+0200,97.126969,MW,BE,BE,actual_onshore_wind_generation,Wind Onshore,2026-07-29T16:36:49Z
2026-07-29T16:36:25Z,2026-07-29T18:36:25+0200,288ee773-d794-4845-a128-ad60f322005b,2026-07-01T00:00:00Z,2026-07-01T02:00:00+0200,201.231834,MW,BE,BE,actual_onshore_wind_generation,Wind Onshore,2026-07-29T16:36:49Z
2026-07-29T16:36:25Z,2026-07-29T18:36:25+0200,288ee773-d794-4845-a128-ad60f322005b,2026-07-01T01:00:00Z,2026-07-01T03:00:00+0200,257.486417,MW,BE,BE,actual_onshore_wind_generation,Wind Onshore,2026-07-29T16:36:49Z
2026-07-29T16:36:25Z,2026-07-29T18:36:25+0200,288ee773-d794-4845-a128-ad60f322005b,2026-07-01T02:00:00Z,2026-07-01T04:00:00+0200,316.978629,MW,BE,BE,actual_onshore_wind_generation,Wind Onshore,2026-07-29T16:36:49Z
2026-07-29T16:36:25Z,2026-07-29T18:36:25+0200,288ee773-d794-4845-a128-ad60f322005b,2026-07-01T03:00:00Z,2026-07-01T05:00:00+0200,347.444632,MW,BE,BE,actual_onshore_wind_generation,Wind Onshore,2026-07-29T16:36:49Z
2026-07-29T16:36:25Z,2026-07-29T18:36:25+0200,288ee773-d794-4845-a128-ad60f322005b,2026-07-01T04:00:00Z,2026-07-01T06:00:00+0200,292.424073,MW,BE,BE,actual_onshore_wind_generation,Wind Onshore,2026-07-29T16:36:49Z
2026-07-29T16:36:25Z,2026-07-29T18:36:25+0200,288ee773-d794-4845-a128-ad60f322005b,2026-07-01T05:00:00Z,2026-07-01T07:00:00+0200,136.296955,MW,BE,BE,actual_onshore_wind_generation,Wind Onshore,2026-07-29T16:36:49Z
2026-07-29T16:36:25Z,2026-07-29T18:36:25+0200,288ee773-d794-4845-a128-ad60f322005b,2026-07-01T06:00:00Z,2026-07-01T08:00:00+0200,60.978197,MW,BE,BE,actual_onshore_wind_generation,Wind Onshore,2026-07-29T16:36:49Z
2026-07-29T16:36:25Z,2026-07-29T18:36:25+0200,288ee773-d794-4845-a128-ad60f322005b,2026-07-01T07:00:00Z,2026-07-01T09:00:00+0200,80.615249,MW,BE,BE,actual_onshore_wind_generation,Wind Onshore,2026-07-29T16:36:49Z
2026-07-29T16:36:25Z,2026-07-29T18:36:25+0200,288ee773-d794-4845-a128-ad60f322005b,2026-07-01T08:00:00Z,2026-07-01T10:00:00+0200,86.508404,MW,BE,BE,actual_onshore_wind_generation,Wind Onshore,2026-07-29T16:36:49Z
2026-07-29T16:36:25Z,2026-07-29T18:36:25+0200,288ee773-d794-4845-a128-ad60f322005b,2026-07-01T09:00:00Z,2026-07-01T11:00:00+0200,104.202649,MW,BE,BE,actual_onshore_wind_generation,Wind Onshore,2026-07-29T16:36:49Z
2026-07-29T16:36:25Z,2026-07-29T18:36:25+0200,288ee773-d794-4845-a128-ad60f322005b,2026-07-01T10:00:00Z,2026-07-01T12:00:00+0200,183.965303,MW,BE,BE,actual_onshore_wind_generation,Wind Onshore,2026-07-29T16:36:49Z
2026-07-29T16:36:25Z,2026-07-29T18:36:25+0200,288ee773-d794-4845-a128-ad60f322005b,2026-07-01T11:00:00Z,2026-07-01T13:00:00+0200,271.194136,MW,BE,BE,actual_onshore_wind_generation,Wind Onshore,2026-07-29T16:36:49Z
2026-07-29T16:36:25Z,2026-07-29T18:36:25+0200,288ee773-d794-4845-a128-ad60f322005b,2026-07-01T12:00:00Z,2026-07-01T14:00:00+0200,350.714144,MW,BE,BE,actual_onshore_wind_generation,Wind Onshore,2026-07-29T16:36:49Z
2026-07-29T16:36:25Z,2026-07-29T18:36:25+0200,288ee773-d794-4845-a128-ad60f322005b,2026-07-01T13:00:00Z,2026-07-01T15:00:00+0200,411.685007,MW,BE,BE,actual_onshore_wind_generation,Wind Onshore,2026-07-29T16:36:49Z
2026-07-29T16:36:25Z,2026-07-29T18:36:25+0200,288ee773-d794-4845-a128-ad60f322005b,2026-07-01T14:00:00Z,2026-07-01T16:00:00+0200,433.50925,MW,BE,BE,actual_onshore_wind_generation,Wind Onshore,2026-07-29T16:36:49Z
2026-07-29T16:36:25Z,2026-07-29T18:36:25+0200,288ee773-d794-4845-a128-ad60f322005b,2026-07-01T15:00:00Z,2026-07-01T17:00:00+0200,489.000448,MW,BE,BE,actual_onshore_wind_generation,Wind Onshore,2026-07-29T16:36:49Z
2026-07-29T16:36:25Z,2026-07-29T18:36:25+0200,288ee773-d794-4845-a128-ad60f322005b,2026-07-01T16:00:00Z,2026-07-01T18:00:00+0200,443.062166,MW,BE,BE,actual_onshore_wind_generation,Wind Onshore,2026-07-29T16:36:49Z
2026-07-29T16:36:25Z,2026-07-29T18:36:25+0200,288ee773-d794-4845-a128-ad60f322005b,2026-07-01T17:00:00Z,2026-07-01T19:00:00+0200,361.357872,MW,BE,BE,actual_onshore_wind_generation,Wind Onshore,2026-07-29T16:36:49Z
2026-07-29T16:36:25Z,2026-07-29T18:36:25+0200,288ee773-d794-4845-a128-ad60f322005b,2026-07-01T18:00:00Z,2026-07-01T20:00:00+0200,281.380667,MW,BE,BE,actual_onshore_wind_generation,Wind Onshore,2026-07-29T16:36:49Z
2026-07-29T16:36:25Z,2026-07-29T18:36:25+0200,288ee773-d794-4845-a128-ad60f322005b,2026-07-01T19:00:00Z,2026-07-01T21:00:00+0200,222.441125,MW,BE,BE,actual_onshore_wind_generation,Wind Onshore,2026-07-29T16:36:49Z
2026-07-29T16:36:25Z,2026-07-29T18:36:25+0200,288ee773-d794-4845-a128-ad60f322005b,2026-07-01T20:00:00Z,2026-07-01T22:00:00+0200,171.733541,MW,BE,BE,actual_onshore_wind_generation,Wind Onshore,2026-07-29T16:36:49Z
2026-07-29T16:36:25Z,2026-07-29T18:36:25+0200,288ee773-d794-4845-a128-ad60f322005b,2026-07-01T21:00:00Z,2026-07-01T23:00:00+0200,192.958356,MW,BE,BE,actual_onshore_wind_generation,Wind Onshore,2026-07-29T16:36:49Z
2026-07-29T16:36:25Z,2026-07-29T18:36:25+0200,288ee773-d794-4845-a128-ad60f322005b,2026-07-01T22:00:00Z,2026-07-02T00:00:00+0200,248.57721,MW,BE,BE,actual_onshore_wind_generation,Wind Onshore,2026-07-29T16:36:49Z
2026-07-29T16:36:25Z,2026-07-29T18:36:25+0200,288ee773-d794-4845-a128-ad60f322005b,2026-07-01T23:00:00Z,2026-07-02T01:00:00+0200,314.919903,MW,BE,BE,actual_onshore_wind_generation,Wind Onshore,2026-07-29T16:36:49Z
2026-07-29T16:36:25Z,2026-07-29T18:36:25+0200,288ee773-d794-4845-a128-ad60f322005b,2026-07-02T00:00:00Z,2026-07-02T02:00:00+0200,439.222306,MW,BE,BE,actual_onshore_wind_generation,Wind Onshore,2026-07-29T16:36:49Z
2026-07-29T16:36:25Z,2026-07-29T18:36:25+0200,288ee773-d794-4845-a128-ad60f322005b,2026-07-02T01:00:00Z,2026-07-02T03:00:00+0200,595.239333,MW,BE,BE,actual_onshore_wind_generation,Wind Onshore,2026-07-29T16:36:49Z
2026-07-29T16:36:25Z,2026-07-29T18:36:25+0200,288ee773-d794-4845-a128-ad60f322005b,2026-07-02T02:00:00Z,2026-07-02T04:00:00+0200,807.56312,MW,BE,BE,actual_onshore_wind_generation,Wind Onshore,2026-07-29T16:36:49Z
2026-07-29T16:36:25Z,2026-07-29T18:36:25+0200,288ee773-d794-4845-a128-ad60f322005b,2026-07-02T03:00:00Z,2026-07-02T05:00:00+0200,895.640302,MW,BE,BE,actual_onshore_wind_generation,Wind Onshore,2026-07-29T16:36:49Z
2026-07-29T16:36:25Z,2026-07-29T18:36:25+0200,288ee773-d794-4845-a128-ad60f322005b,2026-07-02T04:00:00Z,2026-07-02T06:00:00+0200,917.618053,MW,BE,BE,actual_onshore_wind_generation,Wind Onshore,2026-07-29T16:36:49Z
2026-07-29T16:36:25Z,2026-07-29T18:36:25+0200,288ee773-d794-4845-a128-ad60f322005b,2026-07-02T05:00:00Z,2026-07-02T07:00:00+0200,906.021343,MW,BE,BE,actual_onshore_wind_generation,Wind Onshore,2026-07-29T16:36:49Z
2026-07-29T16:36:25Z,2026-07-29T18:36:25+0200,288ee773-d794-4845-a128-ad60f322005b,2026-07-02T06:00:00Z,2026-07-02T08:00:00+0200,953.520152,MW,BE,BE,actual_onshore_wind_generation,Wind Onshore,2026-07-29T16:36:49Z
2026-07-29T16:36:25Z,2026-07-29T18:36:25+0200,288ee773-d794-4845-a128-ad60f322005b,2026-07-02T07:00:00Z,2026-07-02T09:00:00+0200,1245.948877,MW,BE,BE,actual_onshore_wind_generation,Wind Onshore,2026-07-29T16:36:49Z
2026-07-29T16:36:25Z,2026-07-29T18:36:25+0200,288ee773-d794-4845-a128-ad60f322005b,2026-07-02T08:00:00Z,2026-07-02T10:00:00+0200,1495.975248,MW,BE,BE,actual_onshore_wind_generation,Wind Onshore,2026-07-29T16:36:49Z
2026-07-29T16:36:25Z,2026-07-29T18:36:25+0200,288ee773-d794-4845-a128-ad60f322005b,2026-07-02T09:00:00Z,2026-07-02T11:00:00+0200,1561.487975,MW,BE,BE,actual_onshore_wind_generation,Wind Onshore,2026-07-29T16:36:49Z
2026-07-29T16:36:25Z,2026-07-29T18:36:25+0200,288ee773-d794-4845-a128-ad60f322005b,2026-07-02T10:00:00Z,2026-07-02T12:00:00+0200,1383.699964,MW,BE,BE,actual_onshore_wind_generation,Wind Onshore,2026-07-29T16:36:49Z
2026-07-29T16:36:25Z,2026-07-29T18:36:25+0200,288ee773-d794-4845-a128-ad60f322005b,2026-07-02T11:00:00Z,2026-07-02T13:00:00+0200,1202.775844,MW,BE,BE,actual_onshore_wind_generation,Wind Onshore,2026-07-29T16:36:49Z
2026-07-29T16:36:25Z,2026-07-29T18:36:25+0200,288ee773-d794-4845-a128-ad60f322005b,2026-07-02T12:00:00Z,2026-07-02T14:00:00+0200,1020.606642,MW,BE,BE,actual_onshore_wind_generation,Wind Onshore,2026-07-29T16:36:49Z
2026-07-29T16:36:25Z,2026-07-29T18:36:25+0200,288ee773-d794-4845-a128-ad60f322005b,2026-07-02T13:00:00Z,2026-07-02T15:00:00+0200,819.027438,MW,BE,BE,actual_onshore_wind_generation,Wind Onshore,2026-07-29T16:36:49Z
2026-07-29T16:36:25Z,2026-07-29T18:36:25+0200,288ee773-d794-4845-a128-ad60f322005b,2026-07-02T14:00:00Z,2026-07-02T16:00:00+0200,892.619451,MW,BE,BE,actual_onshore_wind_generation,Wind Onshore,2026-07-29T16:36:49Z
2026-07-29T16:36:25Z,2026-07-29T18:36:25+0200,288ee773-d794-4845-a128-ad60f322005b,2026-07-02T15:00:00Z,2026-07-02T17:00:00+0200,775.149679,MW,BE,BE,actual_onshore_wind_generation,Wind Onshore,2026-07-29T16:36:49Z
2026-07-29T16:36:25Z,2026-07-29T18:36:25+0200,288ee773-d794-4845-a128-ad60f322005b,2026-07-02T16:00:00Z,2026-07-02T18:00:00+0200,597.160389,MW,BE,BE,actual_onshore_wind_generation,Wind Onshore,2026-07-29T16:36:49Z
2026-07-29T16:36:25Z,2026-07-29T18:36:25+0200,288ee773-d794-4845-a128-ad60f322005b,2026-07-02T17:00:00Z,2026-07-02T19:00:00+0200,455.560397,MW,BE,BE,actual_onshore_wind_generation,Wind Onshore,2026-07-29T16:36:49Z
2026-07-29T16:36:25Z,2026-07-29T18:36:25+0200,288ee773-d794-4845-a128-ad60f322005b,2026-07-02T18:00:00Z,2026-07-02T20:00:00+0200,412.557596,MW,BE,BE,actual_onshore_wind_generation,Wind Onshore,2026-07-29T16:36:49Z
2026-07-29T16:36:25Z,2026-07-29T18:36:25+0200,288ee773-d794-4845-a128-ad60f322005b,2026-07-02T19:00:00Z,2026-07-02T21:00:00+0200,321.433838,MW,BE,BE,actual_onshore_wind_generation,Wind Onshore,2026-07-29T16:36:49Z
2026-07-29T16:36:25Z,2026-07-29T18:36:25+0200,288ee773-d794-4845-a128-ad60f322005b,2026-07-02T20:00:00Z,2026-07-02T22:00:00+0200,296.557452,MW,BE,BE,actual_onshore_wind_generation,Wind Onshore,2026-07-29T16:36:49Z
2026-07-29T16:36:25Z,2026-07-29T18:36:25+0200,288ee773-d794-4845-a128-ad60f322005b,2026-07-02T21:00:00Z,2026-07-02T23:00:00+0200,203.994545,MW,BE,BE,actual_onshore_wind_generation,Wind Onshore,2026-07-29T16:36:49Z
2026-07-29T16:36:25Z,2026-07-29T18:36:25+0200,288ee773-d794-4845-a128-ad60f322005b,2026-07-02T22:00:00Z,2026-07-03T00:00:00+0200,162.599436,MW,BE,BE,actual_onshore_wind_generation,Wind Onshore,2026-07-29T16:36:49Z
2026-07-29T16:36:25Z,2026-07-29T18:36:25+0200,288ee773-d794-4845-a128-ad60f322005b,2026-07-02T23:00:00Z,2026-07-03T01:00:00+0200,88.354746,MW,BE,BE,actual_onshore_wind_generation,Wind Onshore,2026-07-29T16:36:49Z
2026-07-29T16:36:25Z,2026-07-29T18:36:25+0200,288ee773-d794-4845-a128-ad60f322005b,2026-07-03T00:00:00Z,2026-07-03T02:00:00+0200,59.057932,MW,BE,BE,actual_onshore_wind_generation,Wind Onshore,2026-07-29T16:36:49Z
2026-07-29T16:36:25Z,2026-07-29T18:36:25+0200,288ee773-d794-4845-a128-ad60f322005b,2026-07-03T01:00:00Z,2026-07-03T03:00:00+0200,52.968131,MW,BE,BE,actual_onshore_wind_generation,Wind Onshore,2026-07-29T16:36:49Z
2026-07-29T16:36:25Z,2026-07-29T18:36:25+0200,288ee773-d794-4845-a128-ad60f322005b,2026-07-03T02:00:00Z,2026-07-03T04:00:00+0200,42.280249,MW,BE,BE,actual_onshore_wind_generation,Wind Onshore,2026-07-29T16:36:49Z
2026-07-29T16:36:25Z,2026-07-29T18:36:25+0200,288ee773-d794-4845-a128-ad60f322005b,2026-07-03T03:00:00Z,2026-07-03T05:00:00+0200,38.896529,MW,BE,BE,actual_onshore_wind_generation,Wind Onshore,2026-07-29T16:36:49Z
2026-07-29T16:36:25Z,2026-07-29T18:36:25+0200,288ee773-d794-4845-a128-ad60f322005b,2026-07-03T04:00:00Z,2026-07-03T06:00:00+0200,50.104225,MW,BE,BE,actual_onshore_wind_generation,Wind Onshore,2026-07-29T16:36:49Z
2026-07-29T16:36:25Z,2026-07-29T18:36:25+0200,288ee773-d794-4845-a128-ad60f322005b,2026-07-03T05:00:00Z,2026-07-03T07:00:00+0200,83.668354,MW,BE,BE,actual_onshore_wind_generation,Wind Onshore,2026-07-29T16:36:49Z
2026-07-29T16:36:25Z,2026-07-29T18:36:25+0200,288ee773-d794-4845-a128-ad60f322005b,2026-07-03T06:00:00Z,2026-07-03T08:00:00+0200,56.662231,MW,BE,BE,actual_onshore_wind_generation,Wind Onshore,2026-07-29T16:36:49Z
2026-07-29T16:36:25Z,2026-07-29T18:36:25+0200,288ee773-d794-4845-a128-ad60f322005b,2026-07-03T07:00:00Z,2026-07-03T09:00:00+0200,42.229474,MW,BE,BE,actual_onshore_wind_generation,Wind Onshore,2026-07-29T16:36:49Z
2026-07-29T16:36:25Z,2026-07-29T18:36:25+0200,288ee773-d794-4845-a128-ad60f322005b,2026-07-03T08:00:00Z,2026-07-03T10:00:00+0200,71.438876,MW,BE,BE,actual_onshore_wind_generation,Wind Onshore,2026-07-29T16:36:49Z
2026-07-29T16:36:25Z,2026-07-29T18:36:25+0200,288ee773-d794-4845-a128-ad60f322005b,2026-07-03T09:00:00Z,2026-07-03T11:00:00+0200,144.834681,MW,BE,BE,actual_onshore_wind_generation,Wind Onshore,2026-07-29T16:36:49Z
2026-07-29T16:36:25Z,2026-07-29T18:36:25+0200,288ee773-d794-4845-a128-ad60f322005b,2026-07-03T10:00:00Z,2026-07-03T12:00:00+0200,192.423986,MW,BE,BE,actual_onshore_wind_generation,Wind Onshore,2026-07-29T16:36:49Z
2026-07-29T16:36:25Z,2026-07-29T18:36:25+0200,288ee773-d794-4845-a128-ad60f322005b,2026-07-03T11:00:00Z,2026-07-03T13:00:00+0200,236.359358,MW,BE,BE,actual_onshore_wind_generation,Wind Onshore,2026-07-29T16:36:49Z
2026-07-29T16:36:25Z,2026-07-29T18:36:25+0200,288ee773-d794-4845-a128-ad60f322005b,2026-07-03T12:00:00Z,2026-07-03T14:00:00+0200,270.75677,MW,BE,BE,actual_onshore_wind_generation,Wind Onshore,2026-07-29T16:36:49Z
2026-07-29T16:36:25Z,2026-07-29T18:36:25+0200,288ee773-d794-4845-a128-ad60f322005b,2026-07-03T13:00:00Z,2026-07-03T15:00:00+0200,309.646805,MW,BE,BE,actual_onshore_wind_generation,Wind Onshore,2026-07-29T16:36:49Z
2026-07-29T16:36:25Z,2026-07-29T18:36:25+0200,288ee773-d794-4845-a128-ad60f322005b,2026-07-03T14:00:00Z,2026-07-03T16:00:00+0200,293.359308,MW,BE,BE,actual_onshore_wind_generation,Wind Onshore,2026-07-29T16:36:49Z
2026-07-29T16:36:25Z,2026-07-29T18:36:25+0200,288ee773-d794-4845-a128-ad60f322005b,2026-07-03T15:00:00Z,2026-07-03T17:00:00+0200,321.300376,MW,BE,BE,actual_onshore_wind_generation,Wind Onshore,2026-07-29T16:36:49Z
2026-07-29T16:36:25Z,2026-07-29T18:36:25+0200,288ee773-d794-4845-a128-ad60f322005b,2026-07-03T16:00:00Z,2026-07-03T18:00:00+0200,326.010739,MW,BE,BE,actual_onshore_wind_generation,Wind Onshore,2026-07-29T16:36:49Z
2026-07-29T16:36:25Z,2026-07-29T18:36:25+0200,288ee773-d794-4845-a128-ad60f322005b,2026-07-03T17:00:00Z,2026-07-03T19:00:00+0200,349.154435,MW,BE,BE,actual_onshore_wind_generation,Wind Onshore,2026-07-29T16:36:49Z
2026-07-29T16:36:25Z,2026-07-29T18:36:25+0200,288ee773-d794-4845-a128-ad60f322005b,2026-07-03T18:00:00Z,2026-07-03T20:00:00+0200,327.003418,MW,BE,BE,actual_onshore_wind_generation,Wind Onshore,2026-07-29T16:36:49Z
2026-07-29T16:36:25Z,2026-07-29T18:36:25+0200,288ee773-d794-4845-a128-ad60f322005b,2026-07-03T19:00:00Z,2026-07-03T21:00:00+0200,269.529045,MW,BE,BE,actual_onshore_wind_generation,Wind Onshore,2026-07-29T16:36:49Z
2026-07-29T16:36:25Z,2026-07-29T18:36:25+0200,288ee773-d794-4845-a128-ad60f322005b,2026-07-03T20:00:00Z,2026-07-03T22:00:00+0200,208.48487,MW,BE,BE,actual_onshore_wind_generation,Wind Onshore,2026-07-29T16:36:49Z
2026-07-29T16:36:25Z,2026-07-29T18:36:25+0200,288ee773-d794-4845-a128-ad60f322005b,2026-07-03T21:00:00Z,2026-07-03T23:00:00+0200,120.993086,MW,BE,BE,actual_onshore_wind_generation,Wind Onshore,2026-07-29T16:36:49Z
2026-07-29T16:36:25Z,2026-07-29T18:36:25+0200,288ee773-d794-4845-a128-ad60f322005b,2026-07-03T22:00:00Z,2026-07-04T00:00:00+0200,70.329647,MW,BE,BE,actual_onshore_wind_generation,Wind Onshore,2026-07-29T16:36:49Z
2026-07-29T16:36:25Z,2026-07-29T18:36:25+0200,288ee773-d794-4845-a128-ad60f322005b,2026-07-03T23:00:00Z,2026-07-04T01:00:00+0200,87.240285,MW,BE,BE,actual_onshore_wind_generation,Wind Onshore,2026-07-29T16:36:49Z
2026-07-29T16:36:25Z,2026-07-29T18:36:25+0200,288ee773-d794-4845-a128-ad60f322005b,2026-07-04T00:00:00Z,2026-07-04T02:00:00+0200,200.230494,MW,BE,BE,actual_onshore_wind_generation,Wind Onshore,2026-07-29T16:36:49Z
2026-07-29T16:36:25Z,2026-07-29T18:36:25+0200,288ee773-d794-4845-a128-ad60f322005b,2026-07-04T01:00:00Z,2026-07-04T03:00:00+0200,348.421423,MW,BE,BE,actual_onshore_wind_generation,Wind Onshore,2026-07-29T16:36:49Z
2026-07-29T16:36:25Z,2026-07-29T18:36:25+0200,288ee773-d794-4845-a128-ad60f322005b,2026-07-04T02:00:00Z,2026-07-04T04:00:00+0200,508.37788,MW,BE,BE,actual_onshore_wind_generation,Wind Onshore,2026-07-29T16:36:49Z
2026-07-29T16:36:25Z,2026-07-29T18:36:25+0200,288ee773-d794-4845-a128-ad60f322005b,2026-07-04T03:00:00Z,2026-07-04T05:00:00+0200,718.653982,MW,BE,BE,actual_onshore_wind_generation,Wind Onshore,2026-07-29T16:36:49Z
2026-07-29T16:36:25Z,2026-07-29T18:36:25+0200,288ee773-d794-4845-a128-ad60f322005b,2026-07-04T04:00:00Z,2026-07-04T06:00:00+0200,807.287156,MW,BE,BE,actual_onshore_wind_generation,Wind Onshore,2026-07-29T16:36:49Z
2026-07-29T16:36:25Z,2026-07-29T18:36:25+0200,288ee773-d794-4845-a128-ad60f322005b,2026-07-04T05:00:00Z,2026-07-04T07:00:00+0200,760.811608,MW,BE,BE,actual_onshore_wind_generation,Wind Onshore,2026-07-29T16:36:49Z
2026-07-29T16:36:25Z,2026-07-29T18:36:25+0200,288ee773-d794-4845-a128-ad60f322005b,2026-07-04T06:00:00Z,2026-07-04T08:00:00+0200,386.94837,MW,BE,BE,actual_onshore_wind_generation,Wind Onshore,2026-07-29T16:36:49Z
2026-07-29T16:36:25Z,2026-07-29T18:36:25+0200,288ee773-d794-4845-a128-ad60f322005b,2026-07-04T07:00:00Z,2026-07-04T09:00:00+0200,271.900052,MW,BE,BE,actual_onshore_wind_generation,Wind Onshore,2026-07-29T16:36:49Z
2026-07-29T16:36:25Z,2026-07-29T18:36:25+0200,288ee773-d794-4845-a128-ad60f322005b,2026-07-04T08:00:00Z,2026-07-04T10:00:00+0200,361.962646,MW,BE,BE,actual_onshore_wind_generation,Wind Onshore,2026-07-29T16:36:49Z
2026-07-29T16:36:25Z,2026-07-29T18:36:25+0200,288ee773-d794-4845-a128-ad60f322005b,2026-07-04T09:00:00Z,2026-07-04T11:00:00+0200,549.52052,MW,BE,BE,actual_onshore_wind_generation,Wind Onshore,2026-07-29T16:36:49Z
2026-07-29T16:36:25Z,2026-07-29T18:36:25+0200,288ee773-d794-4845-a128-ad60f322005b,2026-07-04T10:00:00Z,2026-07-04T12:00:00+0200,601.676284,MW,BE,BE,actual_onshore_wind_generation,Wind Onshore,2026-07-29T16:36:49Z
2026-07-29T16:36:25Z,2026-07-29T18:36:25+0200,288ee773-d794-4845-a128-ad60f322005b,2026-07-04T11:00:00Z,2026-07-04T13:00:00+0200,584.268406,MW,BE,BE,actual_onshore_wind_generation,Wind Onshore,2026-07-29T16:36:49Z
2026-07-29T16:36:25Z,2026-07-29T18:36:25+0200,288ee773-d794-4845-a128-ad60f322005b,2026-07-04T12:00:00Z,2026-07-04T14:00:00+0200,754.780345,MW,BE,BE,actual_onshore_wind_generation,Wind Onshore,2026-07-29T16:36:49Z
2026-07-29T16:36:25Z,2026-07-29T18:36:25+0200,288ee773-d794-4845-a128-ad60f322005b,2026-07-04T13:00:00Z,2026-07-04T15:00:00+0200,928.682668,MW,BE,BE,actual_onshore_wind_generation,Wind Onshore,2026-07-29T16:36:49Z
2026-07-29T16:36:25Z,2026-07-29T18:36:25+0200,288ee773-d794-4845-a128-ad60f322005b,2026-07-04T14:00:00Z,2026-07-04T16:00:00+0200,925.317419,MW,BE,BE,actual_onshore_wind_generation,Wind Onshore,2026-07-29T16:36:49Z
2026-07-29T16:36:25Z,2026-07-29T18:36:25+0200,288ee773-d794-4845-a128-ad60f322005b,2026-07-04T15:00:00Z,2026-07-04T17:00:00+0200,911.092375,MW,BE,BE,actual_onshore_wind_generation,Wind Onshore,2026-07-29T16:36:49Z
2026-07-29T16:36:25Z,2026-07-29T18:36:25+0200,288ee773-d794-4845-a128-ad60f322005b,2026-07-04T16:00:00Z,2026-07-04T18:00:00+0200,864.940737,MW,BE,BE,actual_onshore_wind_generation,Wind Onshore,2026-07-29T16:36:49Z
2026-07-29T16:36:25Z,2026-07-29T18:36:25+0200,288ee773-d794-4845-a128-ad60f322005b,2026-07-04T17:00:00Z,2026-07-04T19:00:00+0200,653.688119,MW,BE,BE,actual_onshore_wind_generation,Wind Onshore,2026-07-29T16:36:49Z
2026-07-29T16:36:25Z,2026-07-29T18:36:25+0200,288ee773-d794-4845-a128-ad60f322005b,2026-07-04T18:00:00Z,2026-07-04T20:00:00+0200,479.763577,MW,BE,BE,actual_onshore_wind_generation,Wind Onshore,2026-07-29T16:36:49Z
2026-07-29T16:36:25Z,2026-07-29T18:36:25+0200,288ee773-d794-4845-a128-ad60f322005b,2026-07-04T19:00:00Z,2026-07-04T21:00:00+0200,399.192948,MW,BE,BE,actual_onshore_wind_generation,Wind Onshore,2026-07-29T16:36:49Z
2026-07-29T16:36:25Z,2026-07-29T18:36:25+0200,288ee773-d794-4845-a128-ad60f322005b,2026-07-04T20:00:00Z,2026-07-04T22:00:00+0200,340.936989,MW,BE,BE,actual_onshore_wind_generation,Wind Onshore,2026-07-29T16:36:49Z
2026-07-29T16:36:25Z,2026-07-29T18:36:25+0200,288ee773-d794-4845-a128-ad60f322005b,2026-07-04T21:00:00Z,2026-07-04T23:00:00+0200,380.528191,MW,BE,BE,actual_onshore_wind_generation,Wind Onshore,2026-07-29T16:36:49Z
2026-07-29T16:36:25Z,2026-07-29T18:36:25+0200,288ee773-d794-4845-a128-ad60f322005b,2026-07-04T22:00:00Z,2026-07-05T00:00:00+0200,394.592785,MW,BE,BE,actual_onshore_wind_generation,Wind Onshore,2026-07-29T16:36:49Z
2026-07-29T16:36:25Z,2026-07-29T18:36:25+0200,288ee773-d794-4845-a128-ad60f322005b,2026-07-04T23:00:00Z,2026-07-05T01:00:00+0200,412.737669,MW,BE,BE,actual_onshore_wind_generation,Wind Onshore,2026-07-29T16:36:49Z
2026-07-29T16:36:25Z,2026-07-29T18:36:25+0200,288ee773-d794-4845-a128-ad60f322005b,2026-07-05T00:00:00Z,2026-07-05T02:00:00+0200,307.659223,MW,BE,BE,actual_onshore_wind_generation,Wind Onshore,2026-07-29T16:36:49Z
2026-07-29T16:36:25Z,2026-07-29T18:36:25+0200,288ee773-d794-4845-a128-ad60f322005b,2026-07-05T01:00:00Z,2026-07-05T03:00:00+0200,322.541364,MW,BE,BE,actual_onshore_wind_generation,Wind Onshore,2026-07-29T16:36:49Z
2026-07-29T16:36:25Z,2026-07-29T18:36:25+0200,288ee773-d794-4845-a128-ad60f322005b,2026-07-05T02:00:00Z,2026-07-05T04:00:00+0200,245.091128,MW,BE,BE,actual_onshore_wind_generation,Wind Onshore,2026-07-29T16:36:49Z
2026-07-29T16:36:25Z,2026-07-29T18:36:25+0200,288ee773-d794-4845-a128-ad60f322005b,2026-07-05T03:00:00Z,2026-07-05T05:00:00+0200,240.767718,MW,BE,BE,actual_onshore_wind_generation,Wind Onshore,2026-07-29T16:36:49Z
2026-07-29T16:36:25Z,2026-07-29T18:36:25+0200,288ee773-d794-4845-a128-ad60f322005b,2026-07-05T04:00:00Z,2026-07-05T06:00:00+0200,238.596531,MW,BE,BE,actual_onshore_wind_generation,Wind Onshore,2026-07-29T16:36:49Z
2026-07-29T16:36:25Z,2026-07-29T18:36:25+0200,288ee773-d794-4845-a128-ad60f322005b,2026-07-05T05:00:00Z,2026-07-05T07:00:00+0200,159.860001,MW,BE,BE,actual_onshore_wind_generation,Wind Onshore,2026-07-29T16:36:49Z
2026-07-29T16:36:25Z,2026-07-29T18:36:25+0200,288ee773-d794-4845-a128-ad60f322005b,2026-07-05T06:00:00Z,2026-07-05T08:00:00+0200,110.742954,MW,BE,BE,actual_onshore_wind_generation,Wind Onshore,2026-07-29T16:36:49Z
2026-07-29T16:36:25Z,2026-07-29T18:36:25+0200,288ee773-d794-4845-a128-ad60f322005b,2026-07-05T07:00:00Z,2026-07-05T09:00:00+0200,204.205716,MW,BE,BE,actual_onshore_wind_generation,Wind Onshore,2026-07-29T16:36:49Z
2026-07-29T16:36:25Z,2026-07-29T18:36:25+0200,288ee773-d794-4845-a128-ad60f322005b,2026-07-05T08:00:00Z,2026-07-05T10:00:00+0200,247.230706,MW,BE,BE,actual_onshore_wind_generation,Wind Onshore,2026-07-29T16:36:49Z
2026-07-29T16:36:25Z,2026-07-29T18:36:25+0200,288ee773-d794-4845-a128-ad60f322005b,2026-07-05T09:00:00Z,2026-07-05T11:00:00+0200,361.16884,MW,BE,BE,actual_onshore_wind_generation,Wind Onshore,2026-07-29T16:36:49Z
2026-07-29T16:36:25Z,2026-07-29T18:36:25+0200,288ee773-d794-4845-a128-ad60f322005b,2026-07-05T10:00:00Z,2026-07-05T12:00:00+0200,564.197231,MW,BE,BE,actual_onshore_wind_generation,Wind Onshore,2026-07-29T16:36:49Z
2026-07-29T16:36:25Z,2026-07-29T18:36:25+0200,288ee773-d794-4845-a128-ad60f322005b,2026-07-05T11:00:00Z,2026-07-05T13:00:00+0200,581.920369,MW,BE,BE,actual_onshore_wind_generation,Wind Onshore,2026-07-29T16:36:49Z
2026-07-29T16:36:25Z,2026-07-29T18:36:25+0200,288ee773-d794-4845-a128-ad60f322005b,2026-07-05T12:00:00Z,2026-07-05T14:00:00+0200,643.317352,MW,BE,BE,actual_onshore_wind_generation,Wind Onshore,2026-07-29T16:36:49Z
2026-07-29T16:36:25Z,2026-07-29T18:36:25+0200,288ee773-d794-4845-a128-ad60f322005b,2026-07-05T13:00:00Z,2026-07-05T15:00:00+0200,752.815156,MW,BE,BE,actual_onshore_wind_generation,Wind Onshore,2026-07-29T16:36:49Z
2026-07-29T16:36:25Z,2026-07-29T18:36:25+0200,288ee773-d794-4845-a128-ad60f322005b,2026-07-05T14:00:00Z,2026-07-05T16:00:00+0200,675.409061,MW,BE,BE,actual_onshore_wind_generation,Wind Onshore,2026-07-29T16:36:49Z
2026-07-29T16:36:25Z,2026-07-29T18:36:25+0200,288ee773-d794-4845-a128-ad60f322005b,2026-07-05T15:00:00Z,2026-07-05T17:00:00+0200,654.568403,MW,BE,BE,actual_onshore_wind_generation,Wind Onshore,2026-07-29T16:36:49Z
2026-07-29T16:36:25Z,2026-07-29T18:36:25+0200,288ee773-d794-4845-a128-ad60f322005b,2026-07-05T16:00:00Z,2026-07-05T18:00:00+0200,529.092731,MW,BE,BE,actual_onshore_wind_generation,Wind Onshore,2026-07-29T16:36:49Z
2026-07-29T16:36:25Z,2026-07-29T18:36:25+0200,288ee773-d794-4845-a128-ad60f322005b,2026-07-05T17:00:00Z,2026-07-05T19:00:00+0200,365.819237,MW,BE,BE,actual_onshore_wind_generation,Wind Onshore,2026-07-29T16:36:49Z
2026-07-29T16:36:25Z,2026-07-29T18:36:25+0200,288ee773-d794-4845-a128-ad60f322005b,2026-07-05T18:00:00Z,2026-07-05T20:00:00+0200,231.806277,MW,BE,BE,actual_onshore_wind_generation,Wind Onshore,2026-07-29T16:36:49Z
2026-07-29T16:36:25Z,2026-07-29T18:36:25+0200,288ee773-d794-4845-a128-ad60f322005b,2026-07-05T19:00:00Z,2026-07-05T21:00:00+0200,140.826809,MW,BE,BE,actual_onshore_wind_generation,Wind Onshore,2026-07-29T16:36:49Z
2026-07-29T16:36:25Z,2026-07-29T18:36:25+0200,288ee773-d794-4845-a128-ad60f322005b,2026-07-05T20:00:00Z,2026-07-05T22:00:00+0200,90.124024,MW,BE,BE,actual_onshore_wind_generation,Wind Onshore,2026-07-29T16:36:49Z
2026-07-29T16:36:25Z,2026-07-29T18:36:25+0200,288ee773-d794-4845-a128-ad60f322005b,2026-07-05T21:00:00Z,2026-07-05T23:00:00+0200,79.175464,MW,BE,BE,actual_onshore_wind_generation,Wind Onshore,2026-07-29T16:36:49Z
2026-07-29T16:36:25Z,2026-07-29T18:36:25+0200,288ee773-d794-4845-a128-ad60f322005b,2026-07-05T22:00:00Z,2026-07-06T00:00:00+0200,138.099606,MW,BE,BE,actual_onshore_wind_generation,Wind Onshore,2026-07-29T16:36:49Z
2026-07-29T16:36:25Z,2026-07-29T18:36:25+0200,288ee773-d794-4845-a128-ad60f322005b,2026-07-05T23:00:00Z,2026-07-06T01:00:00+0200,206.195111,MW,BE,BE,actual_onshore_wind_generation,Wind Onshore,2026-07-29T16:36:49Z
2026-07-29T16:36:25Z,2026-07-29T18:36:25+0200,288ee773-d794-4845-a128-ad60f322005b,2026-07-06T00:00:00Z,2026-07-06T02:00:00+0200,317.877618,MW,BE,BE,actual_onshore_wind_generation,Wind Onshore,2026-07-29T16:36:49Z
2026-07-29T16:36:25Z,2026-07-29T18:36:25+0200,288ee773-d794-4845-a128-ad60f322005b,2026-07-06T01:00:00Z,2026-07-06T03:00:00+0200,525.948138,MW,BE,BE,actual_onshore_wind_generation,Wind Onshore,2026-07-29T16:36:49Z
2026-07-29T16:36:25Z,2026-07-29T18:36:25+0200,288ee773-d794-4845-a128-ad60f322005b,2026-07-06T02:00:00Z,2026-07-06T04:00:00+0200,749.082774,MW,BE,BE,actual_onshore_wind_generation,Wind Onshore,2026-07-29T16:36:49Z
2026-07-29T16:36:25Z,2026-07-29T18:36:25+0200,288ee773-d794-4845-a128-ad60f322005b,2026-07-06T03:00:00Z,2026-07-06T05:00:00+0200,924.813763,MW,BE,BE,actual_onshore_wind_generation,Wind Onshore,2026-07-29T16:36:49Z
2026-07-29T16:36:25Z,2026-07-29T18:36:25+0200,288ee773-d794-4845-a128-ad60f322005b,2026-07-06T04:00:00Z,2026-07-06T06:00:00+0200,986.829206,MW,BE,BE,actual_onshore_wind_generation,Wind Onshore,2026-07-29T16:36:49Z
2026-07-29T16:36:25Z,2026-07-29T18:36:25+0200,288ee773-d794-4845-a128-ad60f322005b,2026-07-06T05:00:00Z,2026-07-06T07:00:00+0200,827.687669,MW,BE,BE,actual_onshore_wind_generation,Wind Onshore,2026-07-29T16:36:49Z
2026-07-29T16:36:25Z,2026-07-29T18:36:25+0200,288ee773-d794-4845-a128-ad60f322005b,2026-07-06T06:00:00Z,2026-07-06T08:00:00+0200,546.754608,MW,BE,BE,actual_onshore_wind_generation,Wind Onshore,2026-07-29T16:36:49Z
2026-07-29T16:36:25Z,2026-07-29T18:36:25+0200,288ee773-d794-4845-a128-ad60f322005b,2026-07-06T07:00:00Z,2026-07-06T09:00:00+0200,437.635484,MW,BE,BE,actual_onshore_wind_generation,Wind Onshore,2026-07-29T16:36:49Z
2026-07-29T16:36:25Z,2026-07-29T18:36:25+0200,288ee773-d794-4845-a128-ad60f322005b,2026-07-06T08:00:00Z,2026-07-06T10:00:00+0200,417.139927,MW,BE,BE,actual_onshore_wind_generation,Wind Onshore,2026-07-29T16:36:49Z
2026-07-29T16:36:25Z,2026-07-29T18:36:25+0200,288ee773-d794-4845-a128-ad60f322005b,2026-07-06T09:00:00Z,2026-07-06T11:00:00+0200,545.684051,MW,BE,BE,actual_onshore_wind_generation,Wind Onshore,2026-07-29T16:36:49Z
2026-07-29T16:36:25Z,2026-07-29T18:36:25+0200,288ee773-d794-4845-a128-ad60f322005b,2026-07-06T10:00:00Z,2026-07-06T12:00:00+0200,753.997823,MW,BE,BE,actual_onshore_wind_generation,Wind Onshore,2026-07-29T16:36:49Z
2026-07-29T16:36:25Z,2026-07-29T18:36:25+0200,288ee773-d794-4845-a128-ad60f322005b,2026-07-06T11:00:00Z,2026-07-06T13:00:00+0200,908.896152,MW,BE,BE,actual_onshore_wind_generation,Wind Onshore,2026-07-29T16:36:49Z
2026-07-29T16:36:25Z,2026-07-29T18:36:25+0200,288ee773-d794-4845-a128-ad60f322005b,2026-07-06T12:00:00Z,2026-07-06T14:00:00+0200,928.617473,MW,BE,BE,actual_onshore_wind_generation,Wind Onshore,2026-07-29T16:36:49Z
2026-07-29T16:36:25Z,2026-07-29T18:36:25+0200,288ee773-d794-4845-a128-ad60f322005b,2026-07-06T13:00:00Z,2026-07-06T15:00:00+0200,1051.648091,MW,BE,BE,actual_onshore_wind_generation,Wind Onshore,2026-07-29T16:36:49Z
2026-07-29T16:36:25Z,2026-07-29T18:36:25+0200,288ee773-d794-4845-a128-ad60f322005b,2026-07-06T14:00:00Z,2026-07-06T16:00:00+0200,940.159787,MW,BE,BE,actual_onshore_wind_generation,Wind Onshore,2026-07-29T16:36:49Z
2026-07-29T16:36:25Z,2026-07-29T18:36:25+0200,288ee773-d794-4845-a128-ad60f322005b,2026-07-06T15:00:00Z,2026-07-06T17:00:00+0200,1095.226446,MW,BE,BE,actual_onshore_wind_generation,Wind Onshore,2026-07-29T16:36:49Z
2026-07-29T16:36:25Z,2026-07-29T18:36:25+0200,288ee773-d794-4845-a128-ad60f322005b,2026-07-06T16:00:00Z,2026-07-06T18:00:00+0200,1219.051705,MW,BE,BE,actual_onshore_wind_generation,Wind Onshore,2026-07-29T16:36:49Z
2026-07-29T16:36:25Z,2026-07-29T18:36:25+0200,288ee773-d794-4845-a128-ad60f322005b,2026-07-06T17:00:00Z,2026-07-06T19:00:00+0200,1106.944832,MW,BE,BE,actual_onshore_wind_generation,Wind Onshore,2026-07-29T16:36:49Z
2026-07-29T16:36:25Z,2026-07-29T18:36:25+0200,288ee773-d794-4845-a128-ad60f322005b,2026-07-06T18:00:00Z,2026-07-06T20:00:00+0200,935.925873,MW,BE,BE,actual_onshore_wind_generation,Wind Onshore,2026-07-29T16:36:49Z
2026-07-29T16:36:25Z,2026-07-29T18:36:25+0200,288ee773-d794-4845-a128-ad60f322005b,2026-07-06T19:00:00Z,2026-07-06T21:00:00+0200,1143.682424,MW,BE,BE,actual_onshore_wind_generation,Wind Onshore,2026-07-29T16:36:49Z
2026-07-29T16:36:25Z,2026-07-29T18:36:25+0200,288ee773-d794-4845-a128-ad60f322005b,2026-07-06T20:00:00Z,2026-07-06T22:00:00+0200,1312.865281,MW,BE,BE,actual_onshore_wind_generation,Wind Onshore,2026-07-29T16:36:49Z
2026-07-29T16:36:25Z,2026-07-29T18:36:25+0200,288ee773-d794-4845-a128-ad60f322005b,2026-07-06T21:00:00Z,2026-07-06T23:00:00+0200,1443.884164,MW,BE,BE,actual_onshore_wind_generation,Wind Onshore,2026-07-29T16:36:49Z
2026-07-29T16:36:25Z,2026-07-29T18:36:25+0200,288ee773-d794-4845-a128-ad60f322005b,2026-07-06T22:00:00Z,2026-07-07T00:00:00+0200,1396.973498,MW,BE,BE,actual_onshore_wind_generation,Wind Onshore,2026-07-29T16:36:49Z
2026-07-29T16:36:25Z,2026-07-29T18:36:25+0200,288ee773-d794-4845-a128-ad60f322005b,2026-07-06T23:00:00Z,2026-07-07T01:00:00+0200,1313.233818,MW,BE,BE,actual_onshore_wind_generation,Wind Onshore,2026-07-29T16:36:49Z
2026-07-29T16:36:25Z,2026-07-29T18:36:25+0200,288ee773-d794-4845-a128-ad60f322005b,2026-07-07T00:00:00Z,2026-07-07T02:00:00+0200,1219.519708,MW,BE,BE,actual_onshore_wind_generation,Wind Onshore,2026-07-29T16:36:49Z
2026-07-29T16:36:25Z,2026-07-29T18:36:25+0200,288ee773-d794-4845-a128-ad60f322005b,2026-07-07T01:00:00Z,2026-07-07T03:00:00+0200,1147.566627,MW,BE,BE,actual_onshore_wind_generation,Wind Onshore,2026-07-29T16:36:49Z
2026-07-29T16:36:25Z,2026-07-29T18:36:25+0200,288ee773-d794-4845-a128-ad60f322005b,2026-07-07T02:00:00Z,2026-07-07T04:00:00+0200,1161.762907,MW,BE,BE,actual_onshore_wind_generation,Wind Onshore,2026-07-29T16:36:49Z
2026-07-29T16:36:25Z,2026-07-29T18:36:25+0200,288ee773-d794-4845-a128-ad60f322005b,2026-07-07T03:00:00Z,2026-07-07T05:00:00+0200,1102.824101,MW,BE,BE,actual_onshore_wind_generation,Wind Onshore,2026-07-29T16:36:49Z
2026-07-29T16:36:25Z,2026-07-29T18:36:25+0200,288ee773-d794-4845-a128-ad60f322005b,2026-07-07T04:00:00Z,2026-07-07T06:00:00+0200,1039.250965,MW,BE,BE,actual_onshore_wind_generation,Wind Onshore,2026-07-29T16:36:49Z
2026-07-29T16:36:25Z,2026-07-29T18:36:25+0200,288ee773-d794-4845-a128-ad60f322005b,2026-07-07T05:00:00Z,2026-07-07T07:00:00+0200,965.440307,MW,BE,BE,actual_onshore_wind_generation,Wind Onshore,2026-07-29T16:36:49Z
2026-07-29T16:36:25Z,2026-07-29T18:36:25+0200,288ee773-d794-4845-a128-ad60f322005b,2026-07-07T06:00:00Z,2026-07-07T08:00:00+0200,718.444379,MW,BE,BE,actual_onshore_wind_generation,Wind Onshore,2026-07-29T16:36:49Z
2026-07-29T16:36:25Z,2026-07-29T18:36:25+0200,288ee773-d794-4845-a128-ad60f322005b,2026-07-07T07:00:00Z,2026-07-07T09:00:00+0200,495.401167,MW,BE,BE,actual_onshore_wind_generation,Wind Onshore,2026-07-29T16:36:49Z
2026-07-29T16:36:25Z,2026-07-29T18:36:25+0200,288ee773-d794-4845-a128-ad60f322005b,2026-07-07T08:00:00Z,2026-07-07T10:00:00+0200,439.697864,MW,BE,BE,actual_onshore_wind_generation,Wind Onshore,2026-07-29T16:36:49Z
2026-07-29T16:36:25Z,2026-07-29T18:36:25+0200,288ee773-d794-4845-a128-ad60f322005b,2026-07-07T09:00:00Z,2026-07-07T11:00:00+0200,495.226891,MW,BE,BE,actual_onshore_wind_generation,Wind Onshore,2026-07-29T16:36:49Z
2026-07-29T16:36:25Z,2026-07-29T18:36:25+0200,288ee773-d794-4845-a128-ad60f322005b,2026-07-07T10:00:00Z,2026-07-07T12:00:00+0200,621.33448,MW,BE,BE,actual_onshore_wind_generation,Wind Onshore,2026-07-29T16:36:49Z
2026-07-29T16:36:25Z,2026-07-29T18:36:25+0200,288ee773-d794-4845-a128-ad60f322005b,2026-07-07T11:00:00Z,2026-07-07T13:00:00+0200,739.840789,MW,BE,BE,actual_onshore_wind_generation,Wind Onshore,2026-07-29T16:36:49Z
2026-07-29T16:36:25Z,2026-07-29T18:36:25+0200,288ee773-d794-4845-a128-ad60f322005b,2026-07-07T12:00:00Z,2026-07-07T14:00:00+0200,990.978096,MW,BE,BE,actual_onshore_wind_generation,Wind Onshore,2026-07-29T16:36:49Z
2026-07-29T16:36:25Z,2026-07-29T18:36:25+0200,288ee773-d794-4845-a128-ad60f322005b,2026-07-07T13:00:00Z,2026-07-07T15:00:00+0200,1341.92859,MW,BE,BE,actual_onshore_wind_generation,Wind Onshore,2026-07-29T16:36:49Z
2026-07-29T16:36:25Z,2026-07-29T18:36:25+0200,288ee773-d794-4845-a128-ad60f322005b,2026-07-07T14:00:00Z,2026-07-07T16:00:00+0200,1244.52116,MW,BE,BE,actual_onshore_wind_generation,Wind Onshore,2026-07-29T16:36:49Z
2026-07-29T16:36:25Z,2026-07-29T18:36:25+0200,288ee773-d794-4845-a128-ad60f322005b,2026-07-07T15:00:00Z,2026-07-07T17:00:00+0200,912.031478,MW,BE,BE,actual_onshore_wind_generation,Wind Onshore,2026-07-29T16:36:49Z
2026-07-29T16:36:25Z,2026-07-29T18:36:25+0200,288ee773-d794-4845-a128-ad60f322005b,2026-07-07T16:00:00Z,2026-07-07T18:00:00+0200,979.300286,MW,BE,BE,actual_onshore_wind_generation,Wind Onshore,2026-07-29T16:36:49Z
2026-07-29T16:36:25Z,2026-07-29T18:36:25+0200,288ee773-d794-4845-a128-ad60f322005b,2026-07-07T17:00:00Z,2026-07-07T19:00:00+0200,709.800543,MW,BE,BE,actual_onshore_wind_generation,Wind Onshore,2026-07-29T16:36:49Z
2026-07-29T16:36:25Z,2026-07-29T18:36:25+0200,288ee773-d794-4845-a128-ad60f322005b,2026-07-07T18:00:00Z,2026-07-07T20:00:00+0200,411.569113,MW,BE,BE,actual_onshore_wind_generation,Wind Onshore,2026-07-29T16:36:49Z
2026-07-29T16:36:25Z,2026-07-29T18:36:25+0200,288ee773-d794-4845-a128-ad60f322005b,2026-07-07T19:00:00Z,2026-07-07T21:00:00+0200,274.757046,MW,BE,BE,actual_onshore_wind_generation,Wind Onshore,2026-07-29T16:36:49Z
2026-07-29T16:36:25Z,2026-07-29T18:36:25+0200,288ee773-d794-4845-a128-ad60f322005b,2026-07-07T20:00:00Z,2026-07-07T22:00:00+0200,199.453016,MW,BE,BE,actual_onshore_wind_generation,Wind Onshore,2026-07-29T16:36:49Z
2026-07-29T16:36:25Z,2026-07-29T18:36:25+0200,288ee773-d794-4845-a128-ad60f322005b,2026-07-07T21:00:00Z,2026-07-07T23:00:00+0200,115.024635,MW,BE,BE,actual_onshore_wind_generation,Wind Onshore,2026-07-29T16:36:49Z
2026-07-29T16:36:25Z,2026-07-29T18:36:25+0200,288ee773-d794-4845-a128-ad60f322005b,2026-07-07T22:00:00Z,2026-07-08T00:00:00+0200,80.328359,MW,BE,BE,actual_onshore_wind_generation,Wind Onshore,2026-07-29T16:36:49Z
2026-07-29T16:36:25Z,2026-07-29T18:36:25+0200,288ee773-d794-4845-a128-ad60f322005b,2026-07-07T23:00:00Z,2026-07-08T01:00:00+0200,59.896596,MW,BE,BE,actual_onshore_wind_generation,Wind Onshore,2026-07-29T16:36:49Z
2026-07-29T16:36:25Z,2026-07-29T18:36:25+0200,288ee773-d794-4845-a128-ad60f322005b,2026-07-08T00:00:00Z,2026-07-08T02:00:00+0200,50.938936,MW,BE,BE,actual_onshore_wind_generation,Wind Onshore,2026-07-29T16:36:49Z
2026-07-29T16:36:25Z,2026-07-29T18:36:25+0200,288ee773-d794-4845-a128-ad60f322005b,2026-07-08T01:00:00Z,2026-07-08T03:00:00+0200,37.735985,MW,BE,BE,actual_onshore_wind_generation,Wind Onshore,2026-07-29T16:36:49Z
2026-07-29T16:36:25Z,2026-07-29T18:36:25+0200,288ee773-d794-4845-a128-ad60f322005b,2026-07-08T02:00:00Z,2026-07-08T04:00:00+0200,52.12023,MW,BE,BE,actual_onshore_wind_generation,Wind Onshore,2026-07-29T16:36:49Z
2026-07-29T16:36:25Z,2026-07-29T18:36:25+0200,288ee773-d794-4845-a128-ad60f322005b,2026-07-08T03:00:00Z,2026-07-08T05:00:00+0200,70.359738,MW,BE,BE,actual_onshore_wind_generation,Wind Onshore,2026-07-29T16:36:49Z
2026-07-29T16:36:25Z,2026-07-29T18:36:25+0200,288ee773-d794-4845-a128-ad60f322005b,2026-07-08T04:00:00Z,2026-07-08T06:00:00+0200,82.607525,MW,BE,BE,actual_onshore_wind_generation,Wind Onshore,2026-07-29T16:36:49Z
2026-07-29T16:36:25Z,2026-07-29T18:36:25+0200,288ee773-d794-4845-a128-ad60f322005b,2026-07-08T05:00:00Z,2026-07-08T07:00:00+0200,61.010203,MW,BE,BE,actual_onshore_wind_generation,Wind Onshore,2026-07-29T16:36:49Z
2026-07-29T16:36:25Z,2026-07-29T18:36:25+0200,288ee773-d794-4845-a128-ad60f322005b,2026-07-08T06:00:00Z,2026-07-08T08:00:00+0200,75.224319,MW,BE,BE,actual_onshore_wind_generation,Wind Onshore,2026-07-29T16:36:49Z
2026-07-29T16:36:25Z,2026-07-29T18:36:25+0200,288ee773-d794-4845-a128-ad60f322005b,2026-07-08T07:00:00Z,2026-07-08T09:00:00+0200,74.937858,MW,BE,BE,actual_onshore_wind_generation,Wind Onshore,2026-07-29T16:36:49Z
2026-07-29T16:36:25Z,2026-07-29T18:36:25+0200,288ee773-d794-4845-a128-ad60f322005b,2026-07-08T08:00:00Z,2026-07-08T10:00:00+0200,103.648143,MW,BE,BE,actual_onshore_wind_generation,Wind Onshore,2026-07-29T16:36:49Z
2026-07-29T16:36:25Z,2026-07-29T18:36:25+0200,288ee773-d794-4845-a128-ad60f322005b,2026-07-08T09:00:00Z,2026-07-08T11:00:00+0200,103.439598,MW,BE,BE,actual_onshore_wind_generation,Wind Onshore,2026-07-29T16:36:49Z
2026-07-29T16:36:25Z,2026-07-29T18:36:25+0200,288ee773-d794-4845-a128-ad60f322005b,2026-07-08T10:00:00Z,2026-07-08T12:00:00+0200,98.849981,MW,BE,BE,actual_onshore_wind_generation,Wind Onshore,2026-07-29T16:36:49Z
2026-07-29T16:36:25Z,2026-07-29T18:36:25+0200,288ee773-d794-4845-a128-ad60f322005b,2026-07-08T11:00:00Z,2026-07-08T13:00:00+0200,104.833561,MW,BE,BE,actual_onshore_wind_generation,Wind Onshore,2026-07-29T16:36:49Z
2026-07-29T16:36:25Z,2026-07-29T18:36:25+0200,288ee773-d794-4845-a128-ad60f322005b,2026-07-08T12:00:00Z,2026-07-08T14:00:00+0200,152.54669,MW,BE,BE,actual_onshore_wind_generation,Wind Onshore,2026-07-29T16:36:49Z
2026-07-29T16:36:25Z,2026-07-29T18:36:25+0200,288ee773-d794-4845-a128-ad60f322005b,2026-07-08T13:00:00Z,2026-07-08T15:00:00+0200,221.095872,MW,BE,BE,actual_onshore_wind_generation,Wind Onshore,2026-07-29T16:36:49Z
2026-07-29T16:36:25Z,2026-07-29T18:36:25+0200,288ee773-d794-4845-a128-ad60f322005b,2026-07-08T14:00:00Z,2026-07-08T16:00:00+0200,245.026813,MW,BE,BE,actual_onshore_wind_generation,Wind Onshore,2026-07-29T16:36:49Z
2026-07-29T16:36:25Z,2026-07-29T18:36:25+0200,288ee773-d794-4845-a128-ad60f322005b,2026-07-08T15:00:00Z,2026-07-08T17:00:00+0200,258.615824,MW,BE,BE,actual_onshore_wind_generation,Wind Onshore,2026-07-29T16:36:49Z
2026-07-29T16:36:25Z,2026-07-29T18:36:25+0200,288ee773-d794-4845-a128-ad60f322005b,2026-07-08T16:00:00Z,2026-07-08T18:00:00+0200,253.40109,MW,BE,BE,actual_onshore_wind_generation,Wind Onshore,2026-07-29T16:36:49Z
2026-07-29T16:36:25Z,2026-07-29T18:36:25+0200,288ee773-d794-4845-a128-ad60f322005b,2026-07-08T17:00:00Z,2026-07-08T19:00:00+0200,216.41445,MW,BE,BE,actual_onshore_wind_generation,Wind Onshore,2026-07-29T16:36:49Z
2026-07-29T16:36:25Z,2026-07-29T18:36:25+0200,288ee773-d794-4845-a128-ad60f322005b,2026-07-08T18:00:00Z,2026-07-08T20:00:00+0200,178.140226,MW,BE,BE,actual_onshore_wind_generation,Wind Onshore,2026-07-29T16:36:49Z
2026-07-29T16:36:25Z,2026-07-29T18:36:25+0200,288ee773-d794-4845-a128-ad60f322005b,2026-07-08T19:00:00Z,2026-07-08T21:00:00+0200,208.174079,MW,BE,BE,actual_onshore_wind_generation,Wind Onshore,2026-07-29T16:36:49Z
2026-07-29T16:36:25Z,2026-07-29T18:36:25+0200,288ee773-d794-4845-a128-ad60f322005b,2026-07-08T20:00:00Z,2026-07-08T22:00:00+0200,172.439184,MW,BE,BE,actual_onshore_wind_generation,Wind Onshore,2026-07-29T16:36:49Z
2026-07-29T16:36:25Z,2026-07-29T18:36:25+0200,288ee773-d794-4845-a128-ad60f322005b,2026-07-08T21:00:00Z,2026-07-08T23:00:00+0200,134.710202,MW,BE,BE,actual_onshore_wind_generation,Wind Onshore,2026-07-29T16:36:49Z
2026-07-29T16:36:25Z,2026-07-29T18:36:25+0200,288ee773-d794-4845-a128-ad60f322005b,2026-07-08T22:00:00Z,2026-07-09T00:00:00+0200,92.398791,MW,BE,BE,actual_onshore_wind_generation,Wind Onshore,2026-07-29T16:36:49Z
2026-07-29T16:36:25Z,2026-07-29T18:36:25+0200,288ee773-d794-4845-a128-ad60f322005b,2026-07-08T23:00:00Z,2026-07-09T01:00:00+0200,70.537655,MW,BE,BE,actual_onshore_wind_generation,Wind Onshore,2026-07-29T16:36:49Z
2026-07-29T16:36:25Z,2026-07-29T18:36:25+0200,288ee773-d794-4845-a128-ad60f322005b,2026-07-09T00:00:00Z,2026-07-09T02:00:00+0200,69.340134,MW,BE,BE,actual_onshore_wind_generation,Wind Onshore,2026-07-29T16:36:49Z
2026-07-29T16:36:25Z,2026-07-29T18:36:25+0200,288ee773-d794-4845-a128-ad60f322005b,2026-07-09T01:00:00Z,2026-07-09T03:00:00+0200,83.855747,MW,BE,BE,actual_onshore_wind_generation,Wind Onshore,2026-07-29T16:36:49Z
2026-07-29T16:36:25Z,2026-07-29T18:36:25+0200,288ee773-d794-4845-a128-ad60f322005b,2026-07-09T02:00:00Z,2026-07-09T04:00:00+0200,72.293793,MW,BE,BE,actual_onshore_wind_generation,Wind Onshore,2026-07-29T16:36:49Z
2026-07-29T16:36:25Z,2026-07-29T18:36:25+0200,288ee773-d794-4845-a128-ad60f322005b,2026-07-09T03:00:00Z,2026-07-09T05:00:00+0200,52.689268,MW,BE,BE,actual_onshore_wind_generation,Wind Onshore,2026-07-29T16:36:49Z
2026-07-29T16:36:25Z,2026-07-29T18:36:25+0200,288ee773-d794-4845-a128-ad60f322005b,2026-07-09T04:00:00Z,2026-07-09T06:00:00+0200,50.173236,MW,BE,BE,actual_onshore_wind_generation,Wind Onshore,2026-07-29T16:36:49Z
2026-07-29T16:36:25Z,2026-07-29T18:36:25+0200,288ee773-d794-4845-a128-ad60f322005b,2026-07-09T05:00:00Z,2026-07-09T07:00:00+0200,41.720427,MW,BE,BE,actual_onshore_wind_generation,Wind Onshore,2026-07-29T16:36:49Z
2026-07-29T16:36:25Z,2026-07-29T18:36:25+0200,288ee773-d794-4845-a128-ad60f322005b,2026-07-09T06:00:00Z,2026-07-09T08:00:00+0200,24.407705,MW,BE,BE,actual_onshore_wind_generation,Wind Onshore,2026-07-29T16:36:49Z
2026-07-29T16:36:25Z,2026-07-29T18:36:25+0200,288ee773-d794-4845-a128-ad60f322005b,2026-07-09T07:00:00Z,2026-07-09T09:00:00+0200,30.665287,MW,BE,BE,actual_onshore_wind_generation,Wind Onshore,2026-07-29T16:36:49Z
2026-07-29T16:36:25Z,2026-07-29T18:36:25+0200,288ee773-d794-4845-a128-ad60f322005b,2026-07-09T08:00:00Z,2026-07-09T10:00:00+0200,36.43869,MW,BE,BE,actual_onshore_wind_generation,Wind Onshore,2026-07-29T16:36:49Z
2026-07-29T16:36:25Z,2026-07-29T18:36:25+0200,288ee773-d794-4845-a128-ad60f322005b,2026-07-09T09:00:00Z,2026-07-09T11:00:00+0200,47.776356,MW,BE,BE,actual_onshore_wind_generation,Wind Onshore,2026-07-29T16:36:49Z
2026-07-29T16:36:25Z,2026-07-29T18:36:25+0200,288ee773-d794-4845-a128-ad60f322005b,2026-07-09T10:00:00Z,2026-07-09T12:00:00+0200,57.248516,MW,BE,BE,actual_onshore_wind_generation,Wind Onshore,2026-07-29T16:36:49Z
2026-07-29T16:36:25Z,2026-07-29T18:36:25+0200,288ee773-d794-4845-a128-ad60f322005b,2026-07-09T11:00:00Z,2026-07-09T13:00:00+0200,66.125589,MW,BE,BE,actual_onshore_wind_generation,Wind Onshore,2026-07-29T16:36:49Z
2026-07-29T16:36:25Z,2026-07-29T18:36:25+0200,288ee773-d794-4845-a128-ad60f322005b,2026-07-09T12:00:00Z,2026-07-09T14:00:00+0200,81.323405,MW,BE,BE,actual_onshore_wind_generation,Wind Onshore,2026-07-29T16:36:49Z
2026-07-29T16:36:25Z,2026-07-29T18:36:25+0200,288ee773-d794-4845-a128-ad60f322005b,2026-07-09T13:00:00Z,2026-07-09T15:00:00+0200,114.548327,MW,BE,BE,actual_onshore_wind_generation,Wind Onshore,2026-07-29T16:36:49Z
2026-07-29T16:36:25Z,2026-07-29T18:36:25+0200,288ee773-d794-4845-a128-ad60f322005b,2026-07-09T14:00:00Z,2026-07-09T16:00:00+0200,161.48783,MW,BE,BE,actual_onshore_wind_generation,Wind Onshore,2026-07-29T16:36:49Z
2026-07-29T16:36:25Z,2026-07-29T18:36:25+0200,288ee773-d794-4845-a128-ad60f322005b,2026-07-09T15:00:00Z,2026-07-09T17:00:00+0200,204.059915,MW,BE,BE,actual_onshore_wind_generation,Wind Onshore,2026-07-29T16:36:49Z
2026-07-29T16:36:25Z,2026-07-29T18:36:25+0200,288ee773-d794-4845-a128-ad60f322005b,2026-07-09T16:00:00Z,2026-07-09T18:00:00+0200,225.693394,MW,BE,BE,actual_onshore_wind_generation,Wind Onshore,2026-07-29T16:36:49Z
2026-07-29T16:36:25Z,2026-07-29T18:36:25+0200,288ee773-d794-4845-a128-ad60f322005b,2026-07-09T17:00:00Z,2026-07-09T19:00:00+0200,275.255826,MW,BE,BE,actual_onshore_wind_generation,Wind Onshore,2026-07-29T16:36:49Z
2026-07-29T16:36:25Z,2026-07-29T18:36:25+0200,288ee773-d794-4845-a128-ad60f322005b,2026-07-09T18:00:00Z,2026-07-09T20:00:00+0200,298.926642,MW,BE,BE,actual_onshore_wind_generation,Wind Onshore,2026-07-29T16:36:49Z
2026-07-29T16:36:25Z,2026-07-29T18:36:25+0200,288ee773-d794-4845-a128-ad60f322005b,2026-07-09T19:00:00Z,2026-07-09T21:00:00+0200,359.630161,MW,BE,BE,actual_onshore_wind_generation,Wind Onshore,2026-07-29T16:36:49Z
2026-07-29T16:36:25Z,2026-07-29T18:36:25+0200,288ee773-d794-4845-a128-ad60f322005b,2026-07-09T20:00:00Z,2026-07-09T22:00:00+0200,490.594073,MW,BE,BE,actual_onshore_wind_generation,Wind Onshore,2026-07-29T16:36:49Z
2026-07-29T16:36:25Z,2026-07-29T18:36:25+0200,288ee773-d794-4845-a128-ad60f322005b,2026-07-09T21:00:00Z,2026-07-09T23:00:00+0200,641.013266,MW,BE,BE,actual_onshore_wind_generation,Wind Onshore,2026-07-29T16:36:49Z
2026-07-29T16:36:25Z,2026-07-29T18:36:25+0200,288ee773-d794-4845-a128-ad60f322005b,2026-07-09T22:00:00Z,2026-07-10T00:00:00+0200,726.347841,MW,BE,BE,actual_onshore_wind_generation,Wind Onshore,2026-07-29T16:36:49Z
2026-07-29T16:36:25Z,2026-07-29T18:36:25+0200,288ee773-d794-4845-a128-ad60f322005b,2026-07-09T23:00:00Z,2026-07-10T01:00:00+0200,747.28453,MW,BE,BE,actual_onshore_wind_generation,Wind Onshore,2026-07-29T16:36:49Z
2026-07-29T16:36:25Z,2026-07-29T18:36:25+0200,288ee773-d794-4845-a128-ad60f322005b,2026-07-10T00:00:00Z,2026-07-10T02:00:00+0200,757.873563,MW,BE,BE,actual_onshore_wind_generation,Wind Onshore,2026-07-29T16:36:49Z
2026-07-29T16:36:25Z,2026-07-29T18:36:25+0200,288ee773-d794-4845-a128-ad60f322005b,2026-07-10T01:00:00Z,2026-07-10T03:00:00+0200,759.056014,MW,BE,BE,actual_onshore_wind_generation,Wind Onshore,2026-07-29T16:36:49Z
2026-07-29T16:36:25Z,2026-07-29T18:36:25+0200,288ee773-d794-4845-a128-ad60f322005b,2026-07-10T02:00:00Z,2026-07-10T04:00:00+0200,768.878844,MW,BE,BE,actual_onshore_wind_generation,Wind Onshore,2026-07-29T16:36:49Z
2026-07-29T16:36:25Z,2026-07-29T18:36:25+0200,288ee773-d794-4845-a128-ad60f322005b,2026-07-10T03:00:00Z,2026-07-10T05:00:00+0200,720.857168,MW,BE,BE,actual_onshore_wind_generation,Wind Onshore,2026-07-29T16:36:49Z
2026-07-29T16:36:25Z,2026-07-29T18:36:25+0200,288ee773-d794-4845-a128-ad60f322005b,2026-07-10T04:00:00Z,2026-07-10T06:00:00+0200,685.322487,MW,BE,BE,actual_onshore_wind_generation,Wind Onshore,2026-07-29T16:36:49Z
2026-07-29T16:36:25Z,2026-07-29T18:36:25+0200,288ee773-d794-4845-a128-ad60f322005b,2026-07-10T05:00:00Z,2026-07-10T07:00:00+0200,460.597937,MW,BE,BE,actual_onshore_wind_generation,Wind Onshore,2026-07-29T16:36:49Z
2026-07-29T16:36:25Z,2026-07-29T18:36:25+0200,288ee773-d794-4845-a128-ad60f322005b,2026-07-10T06:00:00Z,2026-07-10T08:00:00+0200,208.922024,MW,BE,BE,actual_onshore_wind_generation,Wind Onshore,2026-07-29T16:36:49Z
2026-07-29T16:36:25Z,2026-07-29T18:36:25+0200,288ee773-d794-4845-a128-ad60f322005b,2026-07-10T07:00:00Z,2026-07-10T09:00:00+0200,156.519119,MW,BE,BE,actual_onshore_wind_generation,Wind Onshore,2026-07-29T16:36:49Z
2026-07-29T16:36:25Z,2026-07-29T18:36:25+0200,288ee773-d794-4845-a128-ad60f322005b,2026-07-10T08:00:00Z,2026-07-10T10:00:00+0200,169.429027,MW,BE,BE,actual_onshore_wind_generation,Wind Onshore,2026-07-29T16:36:49Z
2026-07-29T16:36:25Z,2026-07-29T18:36:25+0200,288ee773-d794-4845-a128-ad60f322005b,2026-07-10T09:00:00Z,2026-07-10T11:00:00+0200,261.412515,MW,BE,BE,actual_onshore_wind_generation,Wind Onshore,2026-07-29T16:36:49Z
2026-07-29T16:36:25Z,2026-07-29T18:36:25+0200,288ee773-d794-4845-a128-ad60f322005b,2026-07-10T10:00:00Z,2026-07-10T12:00:00+0200,293.349196,MW,BE,BE,actual_onshore_wind_generation,Wind Onshore,2026-07-29T16:36:49Z
2026-07-29T16:36:25Z,2026-07-29T18:36:25+0200,288ee773-d794-4845-a128-ad60f322005b,2026-07-10T11:00:00Z,2026-07-10T13:00:00+0200,355.577582,MW,BE,BE,actual_onshore_wind_generation,Wind Onshore,2026-07-29T16:36:49Z
2026-07-29T16:36:25Z,2026-07-29T18:36:25+0200,288ee773-d794-4845-a128-ad60f322005b,2026-07-10T12:00:00Z,2026-07-10T14:00:00+0200,446.644978,MW,BE,BE,actual_onshore_wind_generation,Wind Onshore,2026-07-29T16:36:49Z
2026-07-29T16:36:25Z,2026-07-29T18:36:25+0200,288ee773-d794-4845-a128-ad60f322005b,2026-07-10T13:00:00Z,2026-07-10T15:00:00+0200,515.527088,MW,BE,BE,actual_onshore_wind_generation,Wind Onshore,2026-07-29T16:36:49Z
2026-07-29T16:36:25Z,2026-07-29T18:36:25+0200,288ee773-d794-4845-a128-ad60f322005b,2026-07-10T14:00:00Z,2026-07-10T16:00:00+0200,583.475284,MW,BE,BE,actual_onshore_wind_generation,Wind Onshore,2026-07-29T16:36:49Z
2026-07-29T16:36:25Z,2026-07-29T18:36:25+0200,288ee773-d794-4845-a128-ad60f322005b,2026-07-10T15:00:00Z,2026-07-10T17:00:00+0200,687.954537,MW,BE,BE,actual_onshore_wind_generation,Wind Onshore,2026-07-29T16:36:49Z
2026-07-29T16:36:25Z,2026-07-29T18:36:25+0200,288ee773-d794-4845-a128-ad60f322005b,2026-07-10T16:00:00Z,2026-07-10T18:00:00+0200,816.597387,MW,BE,BE,actual_onshore_wind_generation,Wind Onshore,2026-07-29T16:36:49Z
2026-07-29T16:36:25Z,2026-07-29T18:36:25+0200,288ee773-d794-4845-a128-ad60f322005b,2026-07-10T17:00:00Z,2026-07-10T19:00:00+0200,860.105198,MW,BE,BE,actual_onshore_wind_generation,Wind Onshore,2026-07-29T16:36:49Z
2026-07-29T16:36:25Z,2026-07-29T18:36:25+0200,288ee773-d794-4845-a128-ad60f322005b,2026-07-10T18:00:00Z,2026-07-10T20:00:00+0200,763.982646,MW,BE,BE,actual_onshore_wind_generation,Wind Onshore,2026-07-29T16:36:49Z
2026-07-29T16:36:25Z,2026-07-29T18:36:25+0200,288ee773-d794-4845-a128-ad60f322005b,2026-07-10T19:00:00Z,2026-07-10T21:00:00+0200,850.637909,MW,BE,BE,actual_onshore_wind_generation,Wind Onshore,2026-07-29T16:36:49Z
2026-07-29T16:36:25Z,2026-07-29T18:36:25+0200,288ee773-d794-4845-a128-ad60f322005b,2026-07-10T20:00:00Z,2026-07-10T22:00:00+0200,949.352307,MW,BE,BE,actual_onshore_wind_generation,Wind Onshore,2026-07-29T16:36:49Z
2026-07-29T16:36:25Z,2026-07-29T18:36:25+0200,288ee773-d794-4845-a128-ad60f322005b,2026-07-10T21:00:00Z,2026-07-10T23:00:00+0200,1095.562289,MW,BE,BE,actual_onshore_wind_generation,Wind Onshore,2026-07-29T16:36:49Z
2026-07-29T16:36:25Z,2026-07-29T18:36:25+0200,288ee773-d794-4845-a128-ad60f322005b,2026-07-10T22:00:00Z,2026-07-11T00:00:00+0200,1214.224324,MW,BE,BE,actual_onshore_wind_generation,Wind Onshore,2026-07-29T16:36:49Z
2026-07-29T16:36:25Z,2026-07-29T18:36:25+0200,288ee773-d794-4845-a128-ad60f322005b,2026-07-10T23:00:00Z,2026-07-11T01:00:00+0200,1214.208452,MW,BE,BE,actual_onshore_wind_generation,Wind Onshore,2026-07-29T16:36:49Z
2026-07-29T16:36:25Z,2026-07-29T18:36:25+0200,288ee773-d794-4845-a128-ad60f322005b,2026-07-11T00:00:00Z,2026-07-11T02:00:00+0200,1187.633419,MW,BE,BE,actual_onshore_wind_generation,Wind Onshore,2026-07-29T16:36:49Z
2026-07-29T16:36:25Z,2026-07-29T18:36:25+0200,288ee773-d794-4845-a128-ad60f322005b,2026-07-11T01:00:00Z,2026-07-11T03:00:00+0200,1017.884874,MW,BE,BE,actual_onshore_wind_generation,Wind Onshore,2026-07-29T16:36:49Z
2026-07-29T16:36:25Z,2026-07-29T18:36:25+0200,288ee773-d794-4845-a128-ad60f322005b,2026-07-11T02:00:00Z,2026-07-11T04:00:00+0200,916.735256,MW,BE,BE,actual_onshore_wind_generation,Wind Onshore,2026-07-29T16:36:49Z
2026-07-29T16:36:25Z,2026-07-29T18:36:25+0200,288ee773-d794-4845-a128-ad60f322005b,2026-07-11T03:00:00Z,2026-07-11T05:00:00+0200,880.425765,MW,BE,BE,actual_onshore_wind_generation,Wind Onshore,2026-07-29T16:36:49Z
2026-07-29T16:36:25Z,2026-07-29T18:36:25+0200,288ee773-d794-4845-a128-ad60f322005b,2026-07-11T04:00:00Z,2026-07-11T06:00:00+0200,763.327304,MW,BE,BE,actual_onshore_wind_generation,Wind Onshore,2026-07-29T16:36:49Z
2026-07-29T16:36:25Z,2026-07-29T18:36:25+0200,288ee773-d794-4845-a128-ad60f322005b,2026-07-11T05:00:00Z,2026-07-11T07:00:00+0200,538.953331,MW,BE,BE,actual_onshore_wind_generation,Wind Onshore,2026-07-29T16:36:49Z
2026-07-29T16:36:25Z,2026-07-29T18:36:25+0200,288ee773-d794-4845-a128-ad60f322005b,2026-07-11T06:00:00Z,2026-07-11T08:00:00+0200,249.713187,MW,BE,BE,actual_onshore_wind_generation,Wind Onshore,2026-07-29T16:36:49Z
2026-07-29T16:36:25Z,2026-07-29T18:36:25+0200,288ee773-d794-4845-a128-ad60f322005b,2026-07-11T07:00:00Z,2026-07-11T09:00:00+0200,202.087004,MW,BE,BE,actual_onshore_wind_generation,Wind Onshore,2026-07-29T16:36:49Z
2026-07-29T16:36:25Z,2026-07-29T18:36:25+0200,288ee773-d794-4845-a128-ad60f322005b,2026-07-11T08:00:00Z,2026-07-11T10:00:00+0200,236.152038,MW,BE,BE,actual_onshore_wind_generation,Wind Onshore,2026-07-29T16:36:49Z
2026-07-29T16:36:25Z,2026-07-29T18:36:25+0200,288ee773-d794-4845-a128-ad60f322005b,2026-07-11T09:00:00Z,2026-07-11T11:00:00+0200,376.125113,MW,BE,BE,actual_onshore_wind_generation,Wind Onshore,2026-07-29T16:36:49Z
2026-07-29T16:36:25Z,2026-07-29T18:36:25+0200,288ee773-d794-4845-a128-ad60f322005b,2026-07-11T10:00:00Z,2026-07-11T12:00:00+0200,370.866429,MW,BE,BE,actual_onshore_wind_generation,Wind Onshore,2026-07-29T16:36:49Z
2026-07-29T16:36:25Z,2026-07-29T18:36:25+0200,288ee773-d794-4845-a128-ad60f322005b,2026-07-11T11:00:00Z,2026-07-11T13:00:00+0200,402.091787,MW,BE,BE,actual_onshore_wind_generation,Wind Onshore,2026-07-29T16:36:49Z
2026-07-29T16:36:25Z,2026-07-29T18:36:25+0200,288ee773-d794-4845-a128-ad60f322005b,2026-07-11T12:00:00Z,2026-07-11T14:00:00+0200,358.487075,MW,BE,BE,actual_onshore_wind_generation,Wind Onshore,2026-07-29T16:36:49Z
2026-07-29T16:36:25Z,2026-07-29T18:36:25+0200,288ee773-d794-4845-a128-ad60f322005b,2026-07-11T13:00:00Z,2026-07-11T15:00:00+0200,333.904306,MW,BE,BE,actual_onshore_wind_generation,Wind Onshore,2026-07-29T16:36:49Z
2026-07-29T16:36:25Z,2026-07-29T18:36:25+0200,288ee773-d794-4845-a128-ad60f322005b,2026-07-11T14:00:00Z,2026-07-11T16:00:00+0200,480.397647,MW,BE,BE,actual_onshore_wind_generation,Wind Onshore,2026-07-29T16:36:49Z
2026-07-29T16:36:25Z,2026-07-29T18:36:25+0200,288ee773-d794-4845-a128-ad60f322005b,2026-07-11T15:00:00Z,2026-07-11T17:00:00+0200,576.499543,MW,BE,BE,actual_onshore_wind_generation,Wind Onshore,2026-07-29T16:36:49Z
2026-07-29T16:36:25Z,2026-07-29T18:36:25+0200,288ee773-d794-4845-a128-ad60f322005b,2026-07-11T16:00:00Z,2026-07-11T18:00:00+0200,780.747,MW,BE,BE,actual_onshore_wind_generation,Wind Onshore,2026-07-29T16:36:49Z
2026-07-29T16:36:25Z,2026-07-29T18:36:25+0200,288ee773-d794-4845-a128-ad60f322005b,2026-07-11T17:00:00Z,2026-07-11T19:00:00+0200,925.960715,MW,BE,BE,actual_onshore_wind_generation,Wind Onshore,2026-07-29T16:36:49Z
2026-07-29T16:36:25Z,2026-07-29T18:36:25+0200,288ee773-d794-4845-a128-ad60f322005b,2026-07-11T18:00:00Z,2026-07-11T20:00:00+0200,880.810836,MW,BE,BE,actual_onshore_wind_generation,Wind Onshore,2026-07-29T16:36:49Z
2026-07-29T16:36:25Z,2026-07-29T18:36:25+0200,288ee773-d794-4845-a128-ad60f322005b,2026-07-11T19:00:00Z,2026-07-11T21:00:00+0200,795.811794,MW,BE,BE,actual_onshore_wind_generation,Wind Onshore,2026-07-29T16:36:49Z
2026-07-29T16:36:25Z,2026-07-29T18:36:25+0200,288ee773-d794-4845-a128-ad60f322005b,2026-07-11T20:00:00Z,2026-07-11T22:00:00+0200,908.386208,MW,BE,BE,actual_onshore_wind_generation,Wind Onshore,2026-07-29T16:36:49Z
2026-07-29T16:36:25Z,2026-07-29T18:36:25+0200,288ee773-d794-4845-a128-ad60f322005b,2026-07-11T21:00:00Z,2026-07-11T23:00:00+0200,1034.243697,MW,BE,BE,actual_onshore_wind_generation,Wind Onshore,2026-07-29T16:36:49Z
2026-07-29T16:36:25Z,2026-07-29T18:36:25+0200,288ee773-d794-4845-a128-ad60f322005b,2026-07-11T22:00:00Z,2026-07-12T00:00:00+0200,1037.339779,MW,BE,BE,actual_onshore_wind_generation,Wind Onshore,2026-07-29T16:36:49Z
2026-07-29T16:36:25Z,2026-07-29T18:36:25+0200,288ee773-d794-4845-a128-ad60f322005b,2026-07-11T23:00:00Z,2026-07-12T01:00:00+0200,1078.17078,MW,BE,BE,actual_onshore_wind_generation,Wind Onshore,2026-07-29T16:36:49Z
2026-07-29T16:36:25Z,2026-07-29T18:36:25+0200,288ee773-d794-4845-a128-ad60f322005b,2026-07-12T00:00:00Z,2026-07-12T02:00:00+0200,1162.324587,MW,BE,BE,actual_onshore_wind_generation,Wind Onshore,2026-07-29T16:36:49Z
2026-07-29T16:36:25Z,2026-07-29T18:36:25+0200,288ee773-d794-4845-a128-ad60f322005b,2026-07-12T01:00:00Z,2026-07-12T03:00:00+0200,1063.502774,MW,BE,BE,actual_onshore_wind_generation,Wind Onshore,2026-07-29T16:36:49Z
2026-07-29T16:36:25Z,2026-07-29T18:36:25+0200,288ee773-d794-4845-a128-ad60f322005b,2026-07-12T02:00:00Z,2026-07-12T04:00:00+0200,1020.145687,MW,BE,BE,actual_onshore_wind_generation,Wind Onshore,2026-07-29T16:36:49Z
2026-07-29T16:36:25Z,2026-07-29T18:36:25+0200,288ee773-d794-4845-a128-ad60f322005b,2026-07-12T03:00:00Z,2026-07-12T05:00:00+0200,964.290224,MW,BE,BE,actual_onshore_wind_generation,Wind Onshore,2026-07-29T16:36:49Z
2026-07-29T16:36:25Z,2026-07-29T18:36:25+0200,288ee773-d794-4845-a128-ad60f322005b,2026-07-12T04:00:00Z,2026-07-12T06:00:00+0200,807.410261,MW,BE,BE,actual_onshore_wind_generation,Wind Onshore,2026-07-29T16:36:49Z
2026-07-29T16:36:25Z,2026-07-29T18:36:25+0200,288ee773-d794-4845-a128-ad60f322005b,2026-07-12T05:00:00Z,2026-07-12T07:00:00+0200,612.405183,MW,BE,BE,actual_onshore_wind_generation,Wind Onshore,2026-07-29T16:36:49Z
2026-07-29T16:36:25Z,2026-07-29T18:36:25+0200,288ee773-d794-4845-a128-ad60f322005b,2026-07-12T06:00:00Z,2026-07-12T08:00:00+0200,272.410446,MW,BE,BE,actual_onshore_wind_generation,Wind Onshore,2026-07-29T16:36:49Z
2026-07-29T16:36:25Z,2026-07-29T18:36:25+0200,288ee773-d794-4845-a128-ad60f322005b,2026-07-12T07:00:00Z,2026-07-12T09:00:00+0200,199.654359,MW,BE,BE,actual_onshore_wind_generation,Wind Onshore,2026-07-29T16:36:49Z
2026-07-29T16:36:25Z,2026-07-29T18:36:25+0200,288ee773-d794-4845-a128-ad60f322005b,2026-07-12T08:00:00Z,2026-07-12T10:00:00+0200,191.183717,MW,BE,BE,actual_onshore_wind_generation,Wind Onshore,2026-07-29T16:36:49Z
2026-07-29T16:36:25Z,2026-07-29T18:36:25+0200,288ee773-d794-4845-a128-ad60f322005b,2026-07-12T09:00:00Z,2026-07-12T11:00:00+0200,263.912807,MW,BE,BE,actual_onshore_wind_generation,Wind Onshore,2026-07-29T16:36:49Z
2026-07-29T16:36:25Z,2026-07-29T18:36:25+0200,288ee773-d794-4845-a128-ad60f322005b,2026-07-12T10:00:00Z,2026-07-12T12:00:00+0200,588.067052,MW,BE,BE,actual_onshore_wind_generation,Wind Onshore,2026-07-29T16:36:49Z
2026-07-29T16:36:25Z,2026-07-29T18:36:25+0200,288ee773-d794-4845-a128-ad60f322005b,2026-07-12T11:00:00Z,2026-07-12T13:00:00+0200,707.917559,MW,BE,BE,actual_onshore_wind_generation,Wind Onshore,2026-07-29T16:36:49Z
2026-07-29T16:36:25Z,2026-07-29T18:36:25+0200,288ee773-d794-4845-a128-ad60f322005b,2026-07-12T12:00:00Z,2026-07-12T14:00:00+0200,788.406018,MW,BE,BE,actual_onshore_wind_generation,Wind Onshore,2026-07-29T16:36:49Z
2026-07-29T16:36:25Z,2026-07-29T18:36:25+0200,288ee773-d794-4845-a128-ad60f322005b,2026-07-12T13:00:00Z,2026-07-12T15:00:00+0200,804.805573,MW,BE,BE,actual_onshore_wind_generation,Wind Onshore,2026-07-29T16:36:49Z
2026-07-29T16:36:25Z,2026-07-29T18:36:25+0200,288ee773-d794-4845-a128-ad60f322005b,2026-07-12T14:00:00Z,2026-07-12T16:00:00+0200,804.204245,MW,BE,BE,actual_onshore_wind_generation,Wind Onshore,2026-07-29T16:36:49Z
2026-07-29T16:36:25Z,2026-07-29T18:36:25+0200,288ee773-d794-4845-a128-ad60f322005b,2026-07-12T15:00:00Z,2026-07-12T17:00:00+0200,909.712836,MW,BE,BE,actual_onshore_wind_generation,Wind Onshore,2026-07-29T16:36:49Z
2026-07-29T16:36:25Z,2026-07-29T18:36:25+0200,288ee773-d794-4845-a128-ad60f322005b,2026-07-12T16:00:00Z,2026-07-12T18:00:00+0200,1363.148152,MW,BE,BE,actual_onshore_wind_generation,Wind Onshore,2026-07-29T16:36:49Z
2026-07-29T16:36:25Z,2026-07-29T18:36:25+0200,288ee773-d794-4845-a128-ad60f322005b,2026-07-12T17:00:00Z,2026-07-12T19:00:00+0200,1508.400867,MW,BE,BE,actual_onshore_wind_generation,Wind Onshore,2026-07-29T16:36:49Z
2026-07-29T16:36:25Z,2026-07-29T18:36:25+0200,288ee773-d794-4845-a128-ad60f322005b,2026-07-12T18:00:00Z,2026-07-12T20:00:00+0200,1495.205742,MW,BE,BE,actual_onshore_wind_generation,Wind Onshore,2026-07-29T16:36:49Z
2026-07-29T16:36:25Z,2026-07-29T18:36:25+0200,288ee773-d794-4845-a128-ad60f322005b,2026-07-12T19:00:00Z,2026-07-12T21:00:00+0200,1595.012303,MW,BE,BE,actual_onshore_wind_generation,Wind Onshore,2026-07-29T16:36:49Z
2026-07-29T16:36:25Z,2026-07-29T18:36:25+0200,288ee773-d794-4845-a128-ad60f322005b,2026-07-12T20:00:00Z,2026-07-12T22:00:00+0200,1615.391311,MW,BE,BE,actual_onshore_wind_generation,Wind Onshore,2026-07-29T16:36:49Z
2026-07-29T16:36:25Z,2026-07-29T18:36:25+0200,288ee773-d794-4845-a128-ad60f322005b,2026-07-12T21:00:00Z,2026-07-12T23:00:00+0200,1514.773644,MW,BE,BE,actual_onshore_wind_generation,Wind Onshore,2026-07-29T16:36:49Z
2026-07-29T16:36:25Z,2026-07-29T18:36:25+0200,288ee773-d794-4845-a128-ad60f322005b,2026-07-12T22:00:00Z,2026-07-13T00:00:00+0200,1502.373573,MW,BE,BE,actual_onshore_wind_generation,Wind Onshore,2026-07-29T16:36:49Z
2026-07-29T16:36:25Z,2026-07-29T18:36:25+0200,288ee773-d794-4845-a128-ad60f322005b,2026-07-12T23:00:00Z,2026-07-13T01:00:00+0200,1330.886571,MW,BE,BE,actual_onshore_wind_generation,Wind Onshore,2026-07-29T16:36:49Z
2026-07-29T16:36:25Z,2026-07-29T18:36:25+0200,288ee773-d794-4845-a128-ad60f322005b,2026-07-13T00:00:00Z,2026-07-13T02:00:00+0200,1170.075079,MW,BE,BE,actual_onshore_wind_generation,Wind Onshore,2026-07-29T16:36:49Z
2026-07-29T16:36:25Z,2026-07-29T18:36:25+0200,288ee773-d794-4845-a128-ad60f322005b,2026-07-13T01:00:00Z,2026-07-13T03:00:00+0200,1182.835747,MW,BE,BE,actual_onshore_wind_generation,Wind Onshore,2026-07-29T16:36:49Z
2026-07-29T16:36:25Z,2026-07-29T18:36:25+0200,288ee773-d794-4845-a128-ad60f322005b,2026-07-13T02:00:00Z,2026-07-13T04:00:00+0200,1228.700088,MW,BE,BE,actual_onshore_wind_generation,Wind Onshore,2026-07-29T16:36:49Z
2026-07-29T16:36:25Z,2026-07-29T18:36:25+0200,288ee773-d794-4845-a128-ad60f322005b,2026-07-13T03:00:00Z,2026-07-13T05:00:00+0200,1119.642845,MW,BE,BE,actual_onshore_wind_generation,Wind Onshore,2026-07-29T16:36:49Z
2026-07-29T16:36:25Z,2026-07-29T18:36:25+0200,288ee773-d794-4845-a128-ad60f322005b,2026-07-13T04:00:00Z,2026-07-13T06:00:00+0200,862.328529,MW,BE,BE,actual_onshore_wind_generation,Wind Onshore,2026-07-29T16:36:49Z
2026-07-29T16:36:25Z,2026-07-29T18:36:25+0200,288ee773-d794-4845-a128-ad60f322005b,2026-07-13T05:00:00Z,2026-07-13T07:00:00+0200,633.535217,MW,BE,BE,actual_onshore_wind_generation,Wind Onshore,2026-07-29T16:36:49Z
2026-07-29T16:36:25Z,2026-07-29T18:36:25+0200,288ee773-d794-4845-a128-ad60f322005b,2026-07-13T06:00:00Z,2026-07-13T08:00:00+0200,552.933228,MW,BE,BE,actual_onshore_wind_generation,Wind Onshore,2026-07-29T16:36:49Z
2026-07-29T16:36:25Z,2026-07-29T18:36:25+0200,288ee773-d794-4845-a128-ad60f322005b,2026-07-13T07:00:00Z,2026-07-13T09:00:00+0200,544.579234,MW,BE,BE,actual_onshore_wind_generation,Wind Onshore,2026-07-29T16:36:49Z
2026-07-29T16:36:25Z,2026-07-29T18:36:25+0200,288ee773-d794-4845-a128-ad60f322005b,2026-07-13T08:00:00Z,2026-07-13T10:00:00+0200,466.970236,MW,BE,BE,actual_onshore_wind_generation,Wind Onshore,2026-07-29T16:36:49Z
2026-07-29T16:36:25Z,2026-07-29T18:36:25+0200,288ee773-d794-4845-a128-ad60f322005b,2026-07-13T09:00:00Z,2026-07-13T11:00:00+0200,468.76892,MW,BE,BE,actual_onshore_wind_generation,Wind Onshore,2026-07-29T16:36:49Z
2026-07-29T16:36:25Z,2026-07-29T18:36:25+0200,288ee773-d794-4845-a128-ad60f322005b,2026-07-13T10:00:00Z,2026-07-13T12:00:00+0200,451.79,MW,BE,BE,actual_onshore_wind_generation,Wind Onshore,2026-07-29T16:36:49Z
2026-07-29T16:36:25Z,2026-07-29T18:36:25+0200,288ee773-d794-4845-a128-ad60f322005b,2026-07-13T11:00:00Z,2026-07-13T13:00:00+0200,463.807281,MW,BE,BE,actual_onshore_wind_generation,Wind Onshore,2026-07-29T16:36:49Z
2026-07-29T16:36:25Z,2026-07-29T18:36:25+0200,288ee773-d794-4845-a128-ad60f322005b,2026-07-13T12:00:00Z,2026-07-13T14:00:00+0200,529.643149,MW,BE,BE,actual_onshore_wind_generation,Wind Onshore,2026-07-29T16:36:49Z
2026-07-29T16:36:25Z,2026-07-29T18:36:25+0200,288ee773-d794-4845-a128-ad60f322005b,2026-07-13T13:00:00Z,2026-07-13T15:00:00+0200,648.299232,MW,BE,BE,actual_onshore_wind_generation,Wind Onshore,2026-07-29T16:36:49Z
2026-07-29T16:36:25Z,2026-07-29T18:36:25+0200,288ee773-d794-4845-a128-ad60f322005b,2026-07-13T14:00:00Z,2026-07-13T16:00:00+0200,982.982357,MW,BE,BE,actual_onshore_wind_generation,Wind Onshore,2026-07-29T16:36:49Z
2026-07-29T16:36:25Z,2026-07-29T18:36:25+0200,288ee773-d794-4845-a128-ad60f322005b,2026-07-13T15:00:00Z,2026-07-13T17:00:00+0200,942.468618,MW,BE,BE,actual_onshore_wind_generation,Wind Onshore,2026-07-29T16:36:49Z
2026-07-29T16:36:25Z,2026-07-29T18:36:25+0200,288ee773-d794-4845-a128-ad60f322005b,2026-07-13T16:00:00Z,2026-07-13T18:00:00+0200,852.261522,MW,BE,BE,actual_onshore_wind_generation,Wind Onshore,2026-07-29T16:36:49Z
2026-07-29T16:36:25Z,2026-07-29T18:36:25+0200,288ee773-d794-4845-a128-ad60f322005b,2026-07-13T17:00:00Z,2026-07-13T19:00:00+0200,864.197656,MW,BE,BE,actual_onshore_wind_generation,Wind Onshore,2026-07-29T16:36:49Z
2026-07-29T16:36:25Z,2026-07-29T18:36:25+0200,288ee773-d794-4845-a128-ad60f322005b,2026-07-13T18:00:00Z,2026-07-13T20:00:00+0200,766.697045,MW,BE,BE,actual_onshore_wind_generation,Wind Onshore,2026-07-29T16:36:49Z
2026-07-29T16:36:25Z,2026-07-29T18:36:25+0200,288ee773-d794-4845-a128-ad60f322005b,2026-07-13T19:00:00Z,2026-07-13T21:00:00+0200,735.451545,MW,BE,BE,actual_onshore_wind_generation,Wind Onshore,2026-07-29T16:36:49Z
2026-07-29T16:36:25Z,2026-07-29T18:36:25+0200,288ee773-d794-4845-a128-ad60f322005b,2026-07-13T20:00:00Z,2026-07-13T22:00:00+0200,851.52525,MW,BE,BE,actual_onshore_wind_generation,Wind Onshore,2026-07-29T16:36:49Z
2026-07-29T16:36:25Z,2026-07-29T18:36:25+0200,288ee773-d794-4845-a128-ad60f322005b,2026-07-13T21:00:00Z,2026-07-13T23:00:00+0200,909.91237,MW,BE,BE,actual_onshore_wind_generation,Wind Onshore,2026-07-29T16:36:49Z
2026-07-29T16:36:25Z,2026-07-29T18:36:25+0200,288ee773-d794-4845-a128-ad60f322005b,2026-07-13T22:00:00Z,2026-07-14T00:00:00+0200,894.963178,MW,BE,BE,actual_onshore_wind_generation,Wind Onshore,2026-07-29T16:36:49Z
2026-07-29T16:36:25Z,2026-07-29T18:36:25+0200,288ee773-d794-4845-a128-ad60f322005b,2026-07-13T23:00:00Z,2026-07-14T01:00:00+0200,736.974191,MW,BE,BE,actual_onshore_wind_generation,Wind Onshore,2026-07-29T16:36:49Z
2026-07-29T16:36:25Z,2026-07-29T18:36:25+0200,288ee773-d794-4845-a128-ad60f322005b,2026-07-14T00:00:00Z,2026-07-14T02:00:00+0200,611.352742,MW,BE,BE,actual_onshore_wind_generation,Wind Onshore,2026-07-29T16:36:49Z
2026-07-29T16:36:25Z,2026-07-29T18:36:25+0200,288ee773-d794-4845-a128-ad60f322005b,2026-07-14T01:00:00Z,2026-07-14T03:00:00+0200,496.149716,MW,BE,BE,actual_onshore_wind_generation,Wind Onshore,2026-07-29T16:36:49Z
2026-07-29T16:36:25Z,2026-07-29T18:36:25+0200,288ee773-d794-4845-a128-ad60f322005b,2026-07-14T02:00:00Z,2026-07-14T04:00:00+0200,462.181479,MW,BE,BE,actual_onshore_wind_generation,Wind Onshore,2026-07-29T16:36:49Z
2026-07-29T16:36:25Z,2026-07-29T18:36:25+0200,288ee773-d794-4845-a128-ad60f322005b,2026-07-14T03:00:00Z,2026-07-14T05:00:00+0200,486.569698,MW,BE,BE,actual_onshore_wind_generation,Wind Onshore,2026-07-29T16:36:49Z
2026-07-29T16:36:25Z,2026-07-29T18:36:25+0200,288ee773-d794-4845-a128-ad60f322005b,2026-07-14T04:00:00Z,2026-07-14T06:00:00+0200,416.714326,MW,BE,BE,actual_onshore_wind_generation,Wind Onshore,2026-07-29T16:36:49Z
2026-07-29T16:36:25Z,2026-07-29T18:36:25+0200,288ee773-d794-4845-a128-ad60f322005b,2026-07-14T05:00:00Z,2026-07-14T07:00:00+0200,272.523321,MW,BE,BE,actual_onshore_wind_generation,Wind Onshore,2026-07-29T16:36:49Z
2026-07-29T16:36:25Z,2026-07-29T18:36:25+0200,288ee773-d794-4845-a128-ad60f322005b,2026-07-14T06:00:00Z,2026-07-14T08:00:00+0200,145.223515,MW,BE,BE,actual_onshore_wind_generation,Wind Onshore,2026-07-29T16:36:49Z
2026-07-29T16:36:25Z,2026-07-29T18:36:25+0200,288ee773-d794-4845-a128-ad60f322005b,2026-07-14T07:00:00Z,2026-07-14T09:00:00+0200,131.183018,MW,BE,BE,actual_onshore_wind_generation,Wind Onshore,2026-07-29T16:36:49Z
2026-07-29T16:36:25Z,2026-07-29T18:36:25+0200,288ee773-d794-4845-a128-ad60f322005b,2026-07-14T08:00:00Z,2026-07-14T10:00:00+0200,145.161398,MW,BE,BE,actual_onshore_wind_generation,Wind Onshore,2026-07-29T16:36:49Z
2026-07-29T16:36:25Z,2026-07-29T18:36:25+0200,288ee773-d794-4845-a128-ad60f322005b,2026-07-14T09:00:00Z,2026-07-14T11:00:00+0200,233.232317,MW,BE,BE,actual_onshore_wind_generation,Wind Onshore,2026-07-29T16:36:49Z
2026-07-29T16:36:25Z,2026-07-29T18:36:25+0200,288ee773-d794-4845-a128-ad60f322005b,2026-07-14T10:00:00Z,2026-07-14T12:00:00+0200,422.229396,MW,BE,BE,actual_onshore_wind_generation,Wind Onshore,2026-07-29T16:36:49Z
2026-07-29T16:36:25Z,2026-07-29T18:36:25+0200,288ee773-d794-4845-a128-ad60f322005b,2026-07-14T11:00:00Z,2026-07-14T13:00:00+0200,498.405294,MW,BE,BE,actual_onshore_wind_generation,Wind Onshore,2026-07-29T16:36:49Z
2026-07-29T16:36:25Z,2026-07-29T18:36:25+0200,288ee773-d794-4845-a128-ad60f322005b,2026-07-14T12:00:00Z,2026-07-14T14:00:00+0200,526.228433,MW,BE,BE,actual_onshore_wind_generation,Wind Onshore,2026-07-29T16:36:49Z
2026-07-29T16:36:25Z,2026-07-29T18:36:25+0200,288ee773-d794-4845-a128-ad60f322005b,2026-07-14T13:00:00Z,2026-07-14T15:00:00+0200,541.18635,MW,BE,BE,actual_onshore_wind_generation,Wind Onshore,2026-07-29T16:36:49Z
2026-07-29T16:36:25Z,2026-07-29T18:36:25+0200,288ee773-d794-4845-a128-ad60f322005b,2026-07-14T14:00:00Z,2026-07-14T16:00:00+0200,632.204798,MW,BE,BE,actual_onshore_wind_generation,Wind Onshore,2026-07-29T16:36:49Z
2026-07-29T16:36:25Z,2026-07-29T18:36:25+0200,288ee773-d794-4845-a128-ad60f322005b,2026-07-14T15:00:00Z,2026-07-14T17:00:00+0200,746.254709,MW,BE,BE,actual_onshore_wind_generation,Wind Onshore,2026-07-29T16:36:49Z
2026-07-29T16:36:25Z,2026-07-29T18:36:25+0200,288ee773-d794-4845-a128-ad60f322005b,2026-07-14T16:00:00Z,2026-07-14T18:00:00+0200,839.262545,MW,BE,BE,actual_onshore_wind_generation,Wind Onshore,2026-07-29T16:36:49Z
2026-07-29T16:36:25Z,2026-07-29T18:36:25+0200,288ee773-d794-4845-a128-ad60f322005b,2026-07-14T17:00:00Z,2026-07-14T19:00:00+0200,920.417402,MW,BE,BE,actual_onshore_wind_generation,Wind Onshore,2026-07-29T16:36:49Z
2026-07-29T16:36:25Z,2026-07-29T18:36:25+0200,288ee773-d794-4845-a128-ad60f322005b,2026-07-14T18:00:00Z,2026-07-14T20:00:00+0200,922.174381,MW,BE,BE,actual_onshore_wind_generation,Wind Onshore,2026-07-29T16:36:49Z
2026-07-29T16:36:25Z,2026-07-29T18:36:25+0200,288ee773-d794-4845-a128-ad60f322005b,2026-07-14T19:00:00Z,2026-07-14T21:00:00+0200,1012.185792,MW,BE,BE,actual_onshore_wind_generation,Wind Onshore,2026-07-29T16:36:49Z
2026-07-29T16:36:25Z,2026-07-29T18:36:25+0200,288ee773-d794-4845-a128-ad60f322005b,2026-07-14T20:00:00Z,2026-07-14T22:00:00+0200,1211.793978,MW,BE,BE,actual_onshore_wind_generation,Wind Onshore,2026-07-29T16:36:49Z
2026-07-29T16:36:25Z,2026-07-29T18:36:25+0200,288ee773-d794-4845-a128-ad60f322005b,2026-07-14T21:00:00Z,2026-07-14T23:00:00+0200,1234.585088,MW,BE,BE,actual_onshore_wind_generation,Wind Onshore,2026-07-29T16:36:49Z
2026-07-29T16:36:25Z,2026-07-29T18:36:25+0200,288ee773-d794-4845-a128-ad60f322005b,2026-07-14T22:00:00Z,2026-07-15T00:00:00+0200,1172.570476,MW,BE,BE,actual_onshore_wind_generation,Wind Onshore,2026-07-29T16:36:49Z
2026-07-29T16:36:25Z,2026-07-29T18:36:25+0200,288ee773-d794-4845-a128-ad60f322005b,2026-07-14T23:00:00Z,2026-07-15T01:00:00+0200,1095.259485,MW,BE,BE,actual_onshore_wind_generation,Wind Onshore,2026-07-29T16:36:49Z
2026-07-29T16:36:25Z,2026-07-29T18:36:25+0200,288ee773-d794-4845-a128-ad60f322005b,2026-07-15T00:00:00Z,2026-07-15T02:00:00+0200,973.399473,MW,BE,BE,actual_onshore_wind_generation,Wind Onshore,2026-07-29T16:36:49Z
2026-07-29T16:36:25Z,2026-07-29T18:36:25+0200,288ee773-d794-4845-a128-ad60f322005b,2026-07-15T01:00:00Z,2026-07-15T03:00:00+0200,909.025515,MW,BE,BE,actual_onshore_wind_generation,Wind Onshore,2026-07-29T16:36:49Z
2026-07-29T16:36:25Z,2026-07-29T18:36:25+0200,288ee773-d794-4845-a128-ad60f322005b,2026-07-15T02:00:00Z,2026-07-15T04:00:00+0200,847.619058,MW,BE,BE,actual_onshore_wind_generation,Wind Onshore,2026-07-29T16:36:49Z
2026-07-29T16:36:25Z,2026-07-29T18:36:25+0200,288ee773-d794-4845-a128-ad60f322005b,2026-07-15T03:00:00Z,2026-07-15T05:00:00+0200,841.297027,MW,BE,BE,actual_onshore_wind_generation,Wind Onshore,2026-07-29T16:36:49Z
2026-07-29T16:36:25Z,2026-07-29T18:36:25+0200,288ee773-d794-4845-a128-ad60f322005b,2026-07-15T04:00:00Z,2026-07-15T06:00:00+0200,804.863024,MW,BE,BE,actual_onshore_wind_generation,Wind Onshore,2026-07-29T16:36:49Z
2026-07-29T16:36:25Z,2026-07-29T18:36:25+0200,288ee773-d794-4845-a128-ad60f322005b,2026-07-15T05:00:00Z,2026-07-15T07:00:00+0200,636.783663,MW,BE,BE,actual_onshore_wind_generation,Wind Onshore,2026-07-29T16:36:49Z
2026-07-29T16:36:25Z,2026-07-29T18:36:25+0200,288ee773-d794-4845-a128-ad60f322005b,2026-07-15T06:00:00Z,2026-07-15T08:00:00+0200,367.179067,MW,BE,BE,actual_onshore_wind_generation,Wind Onshore,2026-07-29T16:36:49Z
2026-07-29T16:36:25Z,2026-07-29T18:36:25+0200,288ee773-d794-4845-a128-ad60f322005b,2026-07-15T07:00:00Z,2026-07-15T09:00:00+0200,359.16437,MW,BE,BE,actual_onshore_wind_generation,Wind Onshore,2026-07-29T16:36:49Z
2026-07-29T16:36:25Z,2026-07-29T18:36:25+0200,288ee773-d794-4845-a128-ad60f322005b,2026-07-15T08:00:00Z,2026-07-15T10:00:00+0200,540.348339,MW,BE,BE,actual_onshore_wind_generation,Wind Onshore,2026-07-29T16:36:49Z
2026-07-29T16:36:25Z,2026-07-29T18:36:25+0200,288ee773-d794-4845-a128-ad60f322005b,2026-07-15T09:00:00Z,2026-07-15T11:00:00+0200,854.023471,MW,BE,BE,actual_onshore_wind_generation,Wind Onshore,2026-07-29T16:36:49Z
2026-07-29T16:36:25Z,2026-07-29T18:36:25+0200,288ee773-d794-4845-a128-ad60f322005b,2026-07-15T10:00:00Z,2026-07-15T12:00:00+0200,910.050995,MW,BE,BE,actual_onshore_wind_generation,Wind Onshore,2026-07-29T16:36:49Z
2026-07-29T16:36:25Z,2026-07-29T18:36:25+0200,288ee773-d794-4845-a128-ad60f322005b,2026-07-15T11:00:00Z,2026-07-15T13:00:00+0200,949.278345,MW,BE,BE,actual_onshore_wind_generation,Wind Onshore,2026-07-29T16:36:49Z
2026-07-29T16:36:25Z,2026-07-29T18:36:25+0200,288ee773-d794-4845-a128-ad60f322005b,2026-07-15T12:00:00Z,2026-07-15T14:00:00+0200,947.205463,MW,BE,BE,actual_onshore_wind_generation,Wind Onshore,2026-07-29T16:36:49Z
2026-07-29T16:36:25Z,2026-07-29T18:36:25+0200,288ee773-d794-4845-a128-ad60f322005b,2026-07-15T13:00:00Z,2026-07-15T15:00:00+0200,933.79226,MW,BE,BE,actual_onshore_wind_generation,Wind Onshore,2026-07-29T16:36:49Z
2026-07-29T16:36:25Z,2026-07-29T18:36:25+0200,288ee773-d794-4845-a128-ad60f322005b,2026-07-15T14:00:00Z,2026-07-15T16:00:00+0200,814.758189,MW,BE,BE,actual_onshore_wind_generation,Wind Onshore,2026-07-29T16:36:49Z
2026-07-29T16:36:25Z,2026-07-29T18:36:25+0200,288ee773-d794-4845-a128-ad60f322005b,2026-07-15T15:00:00Z,2026-07-15T17:00:00+0200,800.481408,MW,BE,BE,actual_onshore_wind_generation,Wind Onshore,2026-07-29T16:36:49Z
2026-07-29T16:36:25Z,2026-07-29T18:36:25+0200,288ee773-d794-4845-a128-ad60f322005b,2026-07-15T16:00:00Z,2026-07-15T18:00:00+0200,818.371746,MW,BE,BE,actual_onshore_wind_generation,Wind Onshore,2026-07-29T16:36:49Z
2026-07-29T16:36:25Z,2026-07-29T18:36:25+0200,288ee773-d794-4845-a128-ad60f322005b,2026-07-15T17:00:00Z,2026-07-15T19:00:00+0200,877.411579,MW,BE,BE,actual_onshore_wind_generation,Wind Onshore,2026-07-29T16:36:49Z
2026-07-29T16:36:25Z,2026-07-29T18:36:25+0200,288ee773-d794-4845-a128-ad60f322005b,2026-07-15T18:00:00Z,2026-07-15T20:00:00+0200,795.341566,MW,BE,BE,actual_onshore_wind_generation,Wind Onshore,2026-07-29T16:36:49Z
2026-07-29T16:36:25Z,2026-07-29T18:36:25+0200,288ee773-d794-4845-a128-ad60f322005b,2026-07-15T19:00:00Z,2026-07-15T21:00:00+0200,746.245879,MW,BE,BE,actual_onshore_wind_generation,Wind Onshore,2026-07-29T16:36:49Z
2026-07-29T16:36:25Z,2026-07-29T18:36:25+0200,288ee773-d794-4845-a128-ad60f322005b,2026-07-15T20:00:00Z,2026-07-15T22:00:00+0200,894.701704,MW,BE,BE,actual_onshore_wind_generation,Wind Onshore,2026-07-29T16:36:49Z
2026-07-29T16:36:25Z,2026-07-29T18:36:25+0200,288ee773-d794-4845-a128-ad60f322005b,2026-07-15T21:00:00Z,2026-07-15T23:00:00+0200,1215.670838,MW,BE,BE,actual_onshore_wind_generation,Wind Onshore,2026-07-29T16:36:49Z
2026-07-29T16:36:25Z,2026-07-29T18:36:25+0200,288ee773-d794-4845-a128-ad60f322005b,2026-07-15T22:00:00Z,2026-07-16T00:00:00+0200,1377.955687,MW,BE,BE,actual_onshore_wind_generation,Wind Onshore,2026-07-29T16:36:49Z
2026-07-29T16:36:25Z,2026-07-29T18:36:25+0200,288ee773-d794-4845-a128-ad60f322005b,2026-07-15T23:00:00Z,2026-07-16T01:00:00+0200,1128.230208,MW,BE,BE,actual_onshore_wind_generation,Wind Onshore,2026-07-29T16:36:49Z
2026-07-29T16:36:25Z,2026-07-29T18:36:25+0200,288ee773-d794-4845-a128-ad60f322005b,2026-07-16T00:00:00Z,2026-07-16T02:00:00+0200,961.96382,MW,BE,BE,actual_onshore_wind_generation,Wind Onshore,2026-07-29T16:36:49Z
2026-07-29T16:36:25Z,2026-07-29T18:36:25+0200,288ee773-d794-4845-a128-ad60f322005b,2026-07-16T01:00:00Z,2026-07-16T03:00:00+0200,868.750967,MW,BE,BE,actual_onshore_wind_generation,Wind Onshore,2026-07-29T16:36:49Z
2026-07-29T16:36:25Z,2026-07-29T18:36:25+0200,288ee773-d794-4845-a128-ad60f322005b,2026-07-16T02:00:00Z,2026-07-16T04:00:00+0200,803.941596,MW,BE,BE,actual_onshore_wind_generation,Wind Onshore,2026-07-29T16:36:49Z
2026-07-29T16:36:25Z,2026-07-29T18:36:25+0200,288ee773-d794-4845-a128-ad60f322005b,2026-07-16T03:00:00Z,2026-07-16T05:00:00+0200,745.189401,MW,BE,BE,actual_onshore_wind_generation,Wind Onshore,2026-07-29T16:36:49Z
2026-07-29T16:36:25Z,2026-07-29T18:36:25+0200,288ee773-d794-4845-a128-ad60f322005b,2026-07-16T04:00:00Z,2026-07-16T06:00:00+0200,640.556904,MW,BE,BE,actual_onshore_wind_generation,Wind Onshore,2026-07-29T16:36:49Z
2026-07-29T16:36:25Z,2026-07-29T18:36:25+0200,288ee773-d794-4845-a128-ad60f322005b,2026-07-16T05:00:00Z,2026-07-16T07:00:00+0200,427.955899,MW,BE,BE,actual_onshore_wind_generation,Wind Onshore,2026-07-29T16:36:49Z
2026-07-29T16:36:25Z,2026-07-29T18:36:25+0200,288ee773-d794-4845-a128-ad60f322005b,2026-07-16T06:00:00Z,2026-07-16T08:00:00+0200,198.711986,MW,BE,BE,actual_onshore_wind_generation,Wind Onshore,2026-07-29T16:36:49Z
2026-07-29T16:36:25Z,2026-07-29T18:36:25+0200,288ee773-d794-4845-a128-ad60f322005b,2026-07-16T07:00:00Z,2026-07-16T09:00:00+0200,117.267853,MW,BE,BE,actual_onshore_wind_generation,Wind Onshore,2026-07-29T16:36:49Z
2026-07-29T16:36:25Z,2026-07-29T18:36:25+0200,288ee773-d794-4845-a128-ad60f322005b,2026-07-16T08:00:00Z,2026-07-16T10:00:00+0200,105.530978,MW,BE,BE,actual_onshore_wind_generation,Wind Onshore,2026-07-29T16:36:49Z
2026-07-29T16:36:25Z,2026-07-29T18:36:25+0200,288ee773-d794-4845-a128-ad60f322005b,2026-07-16T09:00:00Z,2026-07-16T11:00:00+0200,166.199307,MW,BE,BE,actual_onshore_wind_generation,Wind Onshore,2026-07-29T16:36:49Z
2026-07-29T16:36:25Z,2026-07-29T18:36:25+0200,288ee773-d794-4845-a128-ad60f322005b,2026-07-16T10:00:00Z,2026-07-16T12:00:00+0200,217.968826,MW,BE,BE,actual_onshore_wind_generation,Wind Onshore,2026-07-29T16:36:49Z
2026-07-29T16:36:25Z,2026-07-29T18:36:25+0200,288ee773-d794-4845-a128-ad60f322005b,2026-07-16T11:00:00Z,2026-07-16T13:00:00+0200,208.302293,MW,BE,BE,actual_onshore_wind_generation,Wind Onshore,2026-07-29T16:36:49Z
2026-07-29T16:36:25Z,2026-07-29T18:36:25+0200,288ee773-d794-4845-a128-ad60f322005b,2026-07-16T12:00:00Z,2026-07-16T14:00:00+0200,168.550188,MW,BE,BE,actual_onshore_wind_generation,Wind Onshore,2026-07-29T16:36:49Z
2026-07-29T16:36:25Z,2026-07-29T18:36:25+0200,288ee773-d794-4845-a128-ad60f322005b,2026-07-16T13:00:00Z,2026-07-16T15:00:00+0200,159.689283,MW,BE,BE,actual_onshore_wind_generation,Wind Onshore,2026-07-29T16:36:49Z
2026-07-29T16:36:25Z,2026-07-29T18:36:25+0200,288ee773-d794-4845-a128-ad60f322005b,2026-07-16T14:00:00Z,2026-07-16T16:00:00+0200,228.394921,MW,BE,BE,actual_onshore_wind_generation,Wind Onshore,2026-07-29T16:36:49Z
2026-07-29T16:36:25Z,2026-07-29T18:36:25+0200,288ee773-d794-4845-a128-ad60f322005b,2026-07-16T15:00:00Z,2026-07-16T17:00:00+0200,273.703377,MW,BE,BE,actual_onshore_wind_generation,Wind Onshore,2026-07-29T16:36:49Z
2026-07-29T16:36:25Z,2026-07-29T18:36:25+0200,288ee773-d794-4845-a128-ad60f322005b,2026-07-16T16:00:00Z,2026-07-16T18:00:00+0200,413.273188,MW,BE,BE,actual_onshore_wind_generation,Wind Onshore,2026-07-29T16:36:49Z
2026-07-29T16:36:25Z,2026-07-29T18:36:25+0200,288ee773-d794-4845-a128-ad60f322005b,2026-07-16T17:00:00Z,2026-07-16T19:00:00+0200,452.394549,MW,BE,BE,actual_onshore_wind_generation,Wind Onshore,2026-07-29T16:36:49Z
2026-07-29T16:36:25Z,2026-07-29T18:36:25+0200,288ee773-d794-4845-a128-ad60f322005b,2026-07-16T18:00:00Z,2026-07-16T20:00:00+0200,486.572477,MW,BE,BE,actual_onshore_wind_generation,Wind Onshore,2026-07-29T16:36:49Z
2026-07-29T16:36:25Z,2026-07-29T18:36:25+0200,288ee773-d794-4845-a128-ad60f322005b,2026-07-16T19:00:00Z,2026-07-16T21:00:00+0200,446.408014,MW,BE,BE,actual_onshore_wind_generation,Wind Onshore,2026-07-29T16:36:49Z
2026-07-29T16:36:25Z,2026-07-29T18:36:25+0200,288ee773-d794-4845-a128-ad60f322005b,2026-07-16T20:00:00Z,2026-07-16T22:00:00+0200,442.985525,MW,BE,BE,actual_onshore_wind_generation,Wind Onshore,2026-07-29T16:36:49Z
2026-07-29T16:36:25Z,2026-07-29T18:36:25+0200,288ee773-d794-4845-a128-ad60f322005b,2026-07-16T21:00:00Z,2026-07-16T23:00:00+0200,571.696637,MW,BE,BE,actual_onshore_wind_generation,Wind Onshore,2026-07-29T16:36:49Z
2026-07-29T16:36:25Z,2026-07-29T18:36:25+0200,288ee773-d794-4845-a128-ad60f322005b,2026-07-16T22:00:00Z,2026-07-17T00:00:00+0200,491.825253,MW,BE,BE,actual_onshore_wind_generation,Wind Onshore,2026-07-29T16:36:49Z
2026-07-29T16:36:25Z,2026-07-29T18:36:25+0200,288ee773-d794-4845-a128-ad60f322005b,2026-07-16T23:00:00Z,2026-07-17T01:00:00+0200,422.949875,MW,BE,BE,actual_onshore_wind_generation,Wind Onshore,2026-07-29T16:36:49Z
2026-07-29T16:36:25Z,2026-07-29T18:36:25+0200,288ee773-d794-4845-a128-ad60f322005b,2026-07-17T00:00:00Z,2026-07-17T02:00:00+0200,357.239446,MW,BE,BE,actual_onshore_wind_generation,Wind Onshore,2026-07-29T16:36:49Z
2026-07-29T16:36:25Z,2026-07-29T18:36:25+0200,288ee773-d794-4845-a128-ad60f322005b,2026-07-17T01:00:00Z,2026-07-17T03:00:00+0200,373.026789,MW,BE,BE,actual_onshore_wind_generation,Wind Onshore,2026-07-29T16:36:49Z
2026-07-29T16:36:25Z,2026-07-29T18:36:25+0200,288ee773-d794-4845-a128-ad60f322005b,2026-07-17T02:00:00Z,2026-07-17T04:00:00+0200,356.975547,MW,BE,BE,actual_onshore_wind_generation,Wind Onshore,2026-07-29T16:36:49Z
2026-07-29T16:36:25Z,2026-07-29T18:36:25+0200,288ee773-d794-4845-a128-ad60f322005b,2026-07-17T03:00:00Z,2026-07-17T05:00:00+0200,348.4064,MW,BE,BE,actual_onshore_wind_generation,Wind Onshore,2026-07-29T16:36:49Z
2026-07-29T16:36:25Z,2026-07-29T18:36:25+0200,288ee773-d794-4845-a128-ad60f322005b,2026-07-17T04:00:00Z,2026-07-17T06:00:00+0200,311.925909,MW,BE,BE,actual_onshore_wind_generation,Wind Onshore,2026-07-29T16:36:49Z
2026-07-29T16:36:25Z,2026-07-29T18:36:25+0200,288ee773-d794-4845-a128-ad60f322005b,2026-07-17T05:00:00Z,2026-07-17T07:00:00+0200,271.652459,MW,BE,BE,actual_onshore_wind_generation,Wind Onshore,2026-07-29T16:36:49Z
2026-07-29T16:36:25Z,2026-07-29T18:36:25+0200,288ee773-d794-4845-a128-ad60f322005b,2026-07-17T06:00:00Z,2026-07-17T08:00:00+0200,190.360867,MW,BE,BE,actual_onshore_wind_generation,Wind Onshore,2026-07-29T16:36:49Z
2026-07-29T16:36:25Z,2026-07-29T18:36:25+0200,288ee773-d794-4845-a128-ad60f322005b,2026-07-17T07:00:00Z,2026-07-17T09:00:00+0200,145.915616,MW,BE,BE,actual_onshore_wind_generation,Wind Onshore,2026-07-29T16:36:49Z
2026-07-29T16:36:25Z,2026-07-29T18:36:25+0200,288ee773-d794-4845-a128-ad60f322005b,2026-07-17T08:00:00Z,2026-07-17T10:00:00+0200,167.611306,MW,BE,BE,actual_onshore_wind_generation,Wind Onshore,2026-07-29T16:36:49Z
2026-07-29T16:36:25Z,2026-07-29T18:36:25+0200,288ee773-d794-4845-a128-ad60f322005b,2026-07-17T09:00:00Z,2026-07-17T11:00:00+0200,131.637243,MW,BE,BE,actual_onshore_wind_generation,Wind Onshore,2026-07-29T16:36:49Z
2026-07-29T16:36:25Z,2026-07-29T18:36:25+0200,288ee773-d794-4845-a128-ad60f322005b,2026-07-17T10:00:00Z,2026-07-17T12:00:00+0200,180.977791,MW,BE,BE,actual_onshore_wind_generation,Wind Onshore,2026-07-29T16:36:49Z
2026-07-29T16:36:25Z,2026-07-29T18:36:25+0200,288ee773-d794-4845-a128-ad60f322005b,2026-07-17T11:00:00Z,2026-07-17T13:00:00+0200,214.871689,MW,BE,BE,actual_onshore_wind_generation,Wind Onshore,2026-07-29T16:36:49Z
2026-07-29T16:36:25Z,2026-07-29T18:36:25+0200,288ee773-d794-4845-a128-ad60f322005b,2026-07-17T12:00:00Z,2026-07-17T14:00:00+0200,267.374403,MW,BE,BE,actual_onshore_wind_generation,Wind Onshore,2026-07-29T16:36:49Z
2026-07-29T16:36:25Z,2026-07-29T18:36:25+0200,288ee773-d794-4845-a128-ad60f322005b,2026-07-17T13:00:00Z,2026-07-17T15:00:00+0200,353.5922,MW,BE,BE,actual_onshore_wind_generation,Wind Onshore,2026-07-29T16:36:49Z
2026-07-29T16:36:25Z,2026-07-29T18:36:25+0200,288ee773-d794-4845-a128-ad60f322005b,2026-07-17T14:00:00Z,2026-07-17T16:00:00+0200,451.297729,MW,BE,BE,actual_onshore_wind_generation,Wind Onshore,2026-07-29T16:36:49Z
2026-07-29T16:36:25Z,2026-07-29T18:36:25+0200,288ee773-d794-4845-a128-ad60f322005b,2026-07-17T15:00:00Z,2026-07-17T17:00:00+0200,542.930584,MW,BE,BE,actual_onshore_wind_generation,Wind Onshore,2026-07-29T16:36:49Z
2026-07-29T16:36:25Z,2026-07-29T18:36:25+0200,288ee773-d794-4845-a128-ad60f322005b,2026-07-17T16:00:00Z,2026-07-17T18:00:00+0200,563.131901,MW,BE,BE,actual_onshore_wind_generation,Wind Onshore,2026-07-29T16:36:49Z
2026-07-29T16:36:25Z,2026-07-29T18:36:25+0200,288ee773-d794-4845-a128-ad60f322005b,2026-07-17T17:00:00Z,2026-07-17T19:00:00+0200,530.022575,MW,BE,BE,actual_onshore_wind_generation,Wind Onshore,2026-07-29T16:36:49Z
2026-07-29T16:36:25Z,2026-07-29T18:36:25+0200,288ee773-d794-4845-a128-ad60f322005b,2026-07-17T18:00:00Z,2026-07-17T20:00:00+0200,427.407404,MW,BE,BE,actual_onshore_wind_generation,Wind Onshore,2026-07-29T16:36:49Z
2026-07-29T16:36:25Z,2026-07-29T18:36:25+0200,288ee773-d794-4845-a128-ad60f322005b,2026-07-17T19:00:00Z,2026-07-17T21:00:00+0200,329.557769,MW,BE,BE,actual_onshore_wind_generation,Wind Onshore,2026-07-29T16:36:49Z
2026-07-29T16:36:25Z,2026-07-29T18:36:25+0200,288ee773-d794-4845-a128-ad60f322005b,2026-07-17T20:00:00Z,2026-07-17T22:00:00+0200,262.618957,MW,BE,BE,actual_onshore_wind_generation,Wind Onshore,2026-07-29T16:36:49Z
2026-07-29T16:36:25Z,2026-07-29T18:36:25+0200,288ee773-d794-4845-a128-ad60f322005b,2026-07-17T21:00:00Z,2026-07-17T23:00:00+0200,263.574721,MW,BE,BE,actual_onshore_wind_generation,Wind Onshore,2026-07-29T16:36:49Z
2026-07-29T16:36:25Z,2026-07-29T18:36:25+0200,288ee773-d794-4845-a128-ad60f322005b,2026-07-17T22:00:00Z,2026-07-18T00:00:00+0200,205.922818,MW,BE,BE,actual_onshore_wind_generation,Wind Onshore,2026-07-29T16:36:49Z
2026-07-29T16:36:25Z,2026-07-29T18:36:25+0200,288ee773-d794-4845-a128-ad60f322005b,2026-07-17T23:00:00Z,2026-07-18T01:00:00+0200,182.644185,MW,BE,BE,actual_onshore_wind_generation,Wind Onshore,2026-07-29T16:36:49Z
2026-07-29T16:36:25Z,2026-07-29T18:36:25+0200,288ee773-d794-4845-a128-ad60f322005b,2026-07-18T00:00:00Z,2026-07-18T02:00:00+0200,171.505402,MW,BE,BE,actual_onshore_wind_generation,Wind Onshore,2026-07-29T16:36:49Z
2026-07-29T16:36:25Z,2026-07-29T18:36:25+0200,288ee773-d794-4845-a128-ad60f322005b,2026-07-18T01:00:00Z,2026-07-18T03:00:00+0200,253.231319,MW,BE,BE,actual_onshore_wind_generation,Wind Onshore,2026-07-29T16:36:49Z
2026-07-29T16:36:25Z,2026-07-29T18:36:25+0200,288ee773-d794-4845-a128-ad60f322005b,2026-07-18T02:00:00Z,2026-07-18T04:00:00+0200,223.818811,MW,BE,BE,actual_onshore_wind_generation,Wind Onshore,2026-07-29T16:36:49Z
2026-07-29T16:36:25Z,2026-07-29T18:36:25+0200,288ee773-d794-4845-a128-ad60f322005b,2026-07-18T03:00:00Z,2026-07-18T05:00:00+0200,176.967626,MW,BE,BE,actual_onshore_wind_generation,Wind Onshore,2026-07-29T16:36:49Z
2026-07-29T16:36:25Z,2026-07-29T18:36:25+0200,288ee773-d794-4845-a128-ad60f322005b,2026-07-18T04:00:00Z,2026-07-18T06:00:00+0200,100.330789,MW,BE,BE,actual_onshore_wind_generation,Wind Onshore,2026-07-29T16:36:49Z
2026-07-29T16:36:25Z,2026-07-29T18:36:25+0200,288ee773-d794-4845-a128-ad60f322005b,2026-07-18T05:00:00Z,2026-07-18T07:00:00+0200,58.361256,MW,BE,BE,actual_onshore_wind_generation,Wind Onshore,2026-07-29T16:36:49Z
2026-07-29T16:36:25Z,2026-07-29T18:36:25+0200,288ee773-d794-4845-a128-ad60f322005b,2026-07-18T06:00:00Z,2026-07-18T08:00:00+0200,35.619494,MW,BE,BE,actual_onshore_wind_generation,Wind Onshore,2026-07-29T16:36:49Z
2026-07-29T16:36:25Z,2026-07-29T18:36:25+0200,288ee773-d794-4845-a128-ad60f322005b,2026-07-18T07:00:00Z,2026-07-18T09:00:00+0200,54.340142,MW,BE,BE,actual_onshore_wind_generation,Wind Onshore,2026-07-29T16:36:49Z
2026-07-29T16:36:25Z,2026-07-29T18:36:25+0200,288ee773-d794-4845-a128-ad60f322005b,2026-07-18T08:00:00Z,2026-07-18T10:00:00+0200,83.964587,MW,BE,BE,actual_onshore_wind_generation,Wind Onshore,2026-07-29T16:36:49Z
2026-07-29T16:36:25Z,2026-07-29T18:36:25+0200,288ee773-d794-4845-a128-ad60f322005b,2026-07-18T09:00:00Z,2026-07-18T11:00:00+0200,143.598506,MW,BE,BE,actual_onshore_wind_generation,Wind Onshore,2026-07-29T16:36:49Z
2026-07-29T16:36:25Z,2026-07-29T18:36:25+0200,288ee773-d794-4845-a128-ad60f322005b,2026-07-18T10:00:00Z,2026-07-18T12:00:00+0200,225.705786,MW,BE,BE,actual_onshore_wind_generation,Wind Onshore,2026-07-29T16:36:49Z
2026-07-29T16:36:25Z,2026-07-29T18:36:25+0200,288ee773-d794-4845-a128-ad60f322005b,2026-07-18T11:00:00Z,2026-07-18T13:00:00+0200,313.810525,MW,BE,BE,actual_onshore_wind_generation,Wind Onshore,2026-07-29T16:36:49Z
2026-07-29T16:36:25Z,2026-07-29T18:36:25+0200,288ee773-d794-4845-a128-ad60f322005b,2026-07-18T12:00:00Z,2026-07-18T14:00:00+0200,414.750188,MW,BE,BE,actual_onshore_wind_generation,Wind Onshore,2026-07-29T16:36:49Z
2026-07-29T16:36:25Z,2026-07-29T18:36:25+0200,288ee773-d794-4845-a128-ad60f322005b,2026-07-18T13:00:00Z,2026-07-18T15:00:00+0200,461.233861,MW,BE,BE,actual_onshore_wind_generation,Wind Onshore,2026-07-29T16:36:49Z
2026-07-29T16:36:25Z,2026-07-29T18:36:25+0200,288ee773-d794-4845-a128-ad60f322005b,2026-07-18T14:00:00Z,2026-07-18T16:00:00+0200,621.500469,MW,BE,BE,actual_onshore_wind_generation,Wind Onshore,2026-07-29T16:36:49Z
2026-07-29T16:36:25Z,2026-07-29T18:36:25+0200,288ee773-d794-4845-a128-ad60f322005b,2026-07-18T15:00:00Z,2026-07-18T17:00:00+0200,821.747919,MW,BE,BE,actual_onshore_wind_generation,Wind Onshore,2026-07-29T16:36:49Z
2026-07-29T16:36:25Z,2026-07-29T18:36:25+0200,288ee773-d794-4845-a128-ad60f322005b,2026-07-18T16:00:00Z,2026-07-18T18:00:00+0200,820.92796,MW,BE,BE,actual_onshore_wind_generation,Wind Onshore,2026-07-29T16:36:49Z
2026-07-29T16:36:25Z,2026-07-29T18:36:25+0200,288ee773-d794-4845-a128-ad60f322005b,2026-07-18T17:00:00Z,2026-07-18T19:00:00+0200,856.434469,MW,BE,BE,actual_onshore_wind_generation,Wind Onshore,2026-07-29T16:36:49Z
2026-07-29T16:36:25Z,2026-07-29T18:36:25+0200,288ee773-d794-4845-a128-ad60f322005b,2026-07-18T18:00:00Z,2026-07-18T20:00:00+0200,975.61875,MW,BE,BE,actual_onshore_wind_generation,Wind Onshore,2026-07-29T16:36:49Z
2026-07-29T16:36:25Z,2026-07-29T18:36:25+0200,288ee773-d794-4845-a128-ad60f322005b,2026-07-18T19:00:00Z,2026-07-18T21:00:00+0200,811.807968,MW,BE,BE,actual_onshore_wind_generation,Wind Onshore,2026-07-29T16:36:49Z
2026-07-29T16:36:25Z,2026-07-29T18:36:25+0200,288ee773-d794-4845-a128-ad60f322005b,2026-07-18T20:00:00Z,2026-07-18T22:00:00+0200,691.278378,MW,BE,BE,actual_onshore_wind_generation,Wind Onshore,2026-07-29T16:36:49Z
2026-07-29T16:36:25Z,2026-07-29T18:36:25+0200,288ee773-d794-4845-a128-ad60f322005b,2026-07-18T21:00:00Z,2026-07-18T23:00:00+0200,479.122623,MW,BE,BE,actual_onshore_wind_generation,Wind Onshore,2026-07-29T16:36:49Z
2026-07-29T16:36:25Z,2026-07-29T18:36:25+0200,288ee773-d794-4845-a128-ad60f322005b,2026-07-18T22:00:00Z,2026-07-19T00:00:00+0200,384.65139,MW,BE,BE,actual_onshore_wind_generation,Wind Onshore,2026-07-29T16:36:49Z
2026-07-29T16:36:25Z,2026-07-29T18:36:25+0200,288ee773-d794-4845-a128-ad60f322005b,2026-07-18T23:00:00Z,2026-07-19T01:00:00+0200,343.135335,MW,BE,BE,actual_onshore_wind_generation,Wind Onshore,2026-07-29T16:36:49Z
2026-07-29T16:36:25Z,2026-07-29T18:36:25+0200,288ee773-d794-4845-a128-ad60f322005b,2026-07-19T00:00:00Z,2026-07-19T02:00:00+0200,363.802037,MW,BE,BE,actual_onshore_wind_generation,Wind Onshore,2026-07-29T16:36:49Z
2026-07-29T16:36:25Z,2026-07-29T18:36:25+0200,288ee773-d794-4845-a128-ad60f322005b,2026-07-19T01:00:00Z,2026-07-19T03:00:00+0200,368.541216,MW,BE,BE,actual_onshore_wind_generation,Wind Onshore,2026-07-29T16:36:49Z
2026-07-29T16:36:25Z,2026-07-29T18:36:25+0200,288ee773-d794-4845-a128-ad60f322005b,2026-07-19T02:00:00Z,2026-07-19T04:00:00+0200,342.519723,MW,BE,BE,actual_onshore_wind_generation,Wind Onshore,2026-07-29T16:36:49Z
2026-07-29T16:36:25Z,2026-07-29T18:36:25+0200,288ee773-d794-4845-a128-ad60f322005b,2026-07-19T03:00:00Z,2026-07-19T05:00:00+0200,361.033544,MW,BE,BE,actual_onshore_wind_generation,Wind Onshore,2026-07-29T16:36:49Z
2026-07-29T16:36:25Z,2026-07-29T18:36:25+0200,288ee773-d794-4845-a128-ad60f322005b,2026-07-19T04:00:00Z,2026-07-19T06:00:00+0200,306.165988,MW,BE,BE,actual_onshore_wind_generation,Wind Onshore,2026-07-29T16:36:49Z
2026-07-29T16:36:25Z,2026-07-29T18:36:25+0200,288ee773-d794-4845-a128-ad60f322005b,2026-07-19T05:00:00Z,2026-07-19T07:00:00+0200,264.964768,MW,BE,BE,actual_onshore_wind_generation,Wind Onshore,2026-07-29T16:36:49Z
2026-07-29T16:36:25Z,2026-07-29T18:36:25+0200,288ee773-d794-4845-a128-ad60f322005b,2026-07-19T06:00:00Z,2026-07-19T08:00:00+0200,315.62078,MW,BE,BE,actual_onshore_wind_generation,Wind Onshore,2026-07-29T16:36:49Z
2026-07-29T16:36:25Z,2026-07-29T18:36:25+0200,288ee773-d794-4845-a128-ad60f322005b,2026-07-19T07:00:00Z,2026-07-19T09:00:00+0200,430.284286,MW,BE,BE,actual_onshore_wind_generation,Wind Onshore,2026-07-29T16:36:49Z
2026-07-29T16:36:25Z,2026-07-29T18:36:25+0200,288ee773-d794-4845-a128-ad60f322005b,2026-07-19T08:00:00Z,2026-07-19T10:00:00+0200,421.446053,MW,BE,BE,actual_onshore_wind_generation,Wind Onshore,2026-07-29T16:36:49Z
2026-07-29T16:36:25Z,2026-07-29T18:36:25+0200,288ee773-d794-4845-a128-ad60f322005b,2026-07-19T09:00:00Z,2026-07-19T11:00:00+0200,442.445029,MW,BE,BE,actual_onshore_wind_generation,Wind Onshore,2026-07-29T16:36:49Z
2026-07-29T16:36:25Z,2026-07-29T18:36:25+0200,288ee773-d794-4845-a128-ad60f322005b,2026-07-19T10:00:00Z,2026-07-19T12:00:00+0200,412.709514,MW,BE,BE,actual_onshore_wind_generation,Wind Onshore,2026-07-29T16:36:49Z
2026-07-29T16:36:25Z,2026-07-29T18:36:25+0200,288ee773-d794-4845-a128-ad60f322005b,2026-07-19T11:00:00Z,2026-07-19T13:00:00+0200,425.341033,MW,BE,BE,actual_onshore_wind_generation,Wind Onshore,2026-07-29T16:36:49Z
2026-07-29T16:36:25Z,2026-07-29T18:36:25+0200,288ee773-d794-4845-a128-ad60f322005b,2026-07-19T12:00:00Z,2026-07-19T14:00:00+0200,455.004505,MW,BE,BE,actual_onshore_wind_generation,Wind Onshore,2026-07-29T16:36:49Z
2026-07-29T16:36:25Z,2026-07-29T18:36:25+0200,288ee773-d794-4845-a128-ad60f322005b,2026-07-19T13:00:00Z,2026-07-19T15:00:00+0200,458.179397,MW,BE,BE,actual_onshore_wind_generation,Wind Onshore,2026-07-29T16:36:49Z
2026-07-29T16:36:25Z,2026-07-29T18:36:25+0200,288ee773-d794-4845-a128-ad60f322005b,2026-07-19T14:00:00Z,2026-07-19T16:00:00+0200,658.194076,MW,BE,BE,actual_onshore_wind_generation,Wind Onshore,2026-07-29T16:36:49Z
2026-07-29T16:36:25Z,2026-07-29T18:36:25+0200,288ee773-d794-4845-a128-ad60f322005b,2026-07-19T15:00:00Z,2026-07-19T17:00:00+0200,792.811618,MW,BE,BE,actual_onshore_wind_generation,Wind Onshore,2026-07-29T16:36:49Z
2026-07-29T16:36:25Z,2026-07-29T18:36:25+0200,288ee773-d794-4845-a128-ad60f322005b,2026-07-19T16:00:00Z,2026-07-19T18:00:00+0200,891.279173,MW,BE,BE,actual_onshore_wind_generation,Wind Onshore,2026-07-29T16:36:49Z
2026-07-29T16:36:25Z,2026-07-29T18:36:25+0200,288ee773-d794-4845-a128-ad60f322005b,2026-07-19T17:00:00Z,2026-07-19T19:00:00+0200,1046.379484,MW,BE,BE,actual_onshore_wind_generation,Wind Onshore,2026-07-29T16:36:49Z
2026-07-29T16:36:25Z,2026-07-29T18:36:25+0200,288ee773-d794-4845-a128-ad60f322005b,2026-07-19T18:00:00Z,2026-07-19T20:00:00+0200,975.073537,MW,BE,BE,actual_onshore_wind_generation,Wind Onshore,2026-07-29T16:36:49Z
2026-07-29T16:36:25Z,2026-07-29T18:36:25+0200,288ee773-d794-4845-a128-ad60f322005b,2026-07-19T19:00:00Z,2026-07-19T21:00:00+0200,843.282077,MW,BE,BE,actual_onshore_wind_generation,Wind Onshore,2026-07-29T16:36:49Z
2026-07-29T16:36:25Z,2026-07-29T18:36:25+0200,288ee773-d794-4845-a128-ad60f322005b,2026-07-19T20:00:00Z,2026-07-19T22:00:00+0200,651.410556,MW,BE,BE,actual_onshore_wind_generation,Wind Onshore,2026-07-29T16:36:49Z
2026-07-29T16:36:25Z,2026-07-29T18:36:25+0200,288ee773-d794-4845-a128-ad60f322005b,2026-07-19T21:00:00Z,2026-07-19T23:00:00+0200,569.230316,MW,BE,BE,actual_onshore_wind_generation,Wind Onshore,2026-07-29T16:36:49Z
2026-07-29T16:36:25Z,2026-07-29T18:36:25+0200,288ee773-d794-4845-a128-ad60f322005b,2026-07-19T22:00:00Z,2026-07-20T00:00:00+0200,440.929523,MW,BE,BE,actual_onshore_wind_generation,Wind Onshore,2026-07-29T16:36:49Z
2026-07-29T16:36:25Z,2026-07-29T18:36:25+0200,288ee773-d794-4845-a128-ad60f322005b,2026-07-19T23:00:00Z,2026-07-20T01:00:00+0200,367.048895,MW,BE,BE,actual_onshore_wind_generation,Wind Onshore,2026-07-29T16:36:49Z
2026-07-29T16:36:25Z,2026-07-29T18:36:25+0200,288ee773-d794-4845-a128-ad60f322005b,2026-07-20T00:00:00Z,2026-07-20T02:00:00+0200,319.4091,MW,BE,BE,actual_onshore_wind_generation,Wind Onshore,2026-07-29T16:36:49Z
2026-07-29T16:36:25Z,2026-07-29T18:36:25+0200,288ee773-d794-4845-a128-ad60f322005b,2026-07-20T01:00:00Z,2026-07-20T03:00:00+0200,229.026681,MW,BE,BE,actual_onshore_wind_generation,Wind Onshore,2026-07-29T16:36:49Z
2026-07-29T16:36:25Z,2026-07-29T18:36:25+0200,288ee773-d794-4845-a128-ad60f322005b,2026-07-20T02:00:00Z,2026-07-20T04:00:00+0200,208.683159,MW,BE,BE,actual_onshore_wind_generation,Wind Onshore,2026-07-29T16:36:49Z
2026-07-29T16:36:25Z,2026-07-29T18:36:25+0200,288ee773-d794-4845-a128-ad60f322005b,2026-07-20T03:00:00Z,2026-07-20T05:00:00+0200,233.419336,MW,BE,BE,actual_onshore_wind_generation,Wind Onshore,2026-07-29T16:36:49Z
2026-07-29T16:36:25Z,2026-07-29T18:36:25+0200,288ee773-d794-4845-a128-ad60f322005b,2026-07-20T04:00:00Z,2026-07-20T06:00:00+0200,319.560205,MW,BE,BE,actual_onshore_wind_generation,Wind Onshore,2026-07-29T16:36:49Z
2026-07-29T16:36:25Z,2026-07-29T18:36:25+0200,288ee773-d794-4845-a128-ad60f322005b,2026-07-20T05:00:00Z,2026-07-20T07:00:00+0200,224.253454,MW,BE,BE,actual_onshore_wind_generation,Wind Onshore,2026-07-29T16:36:49Z
2026-07-29T16:36:25Z,2026-07-29T18:36:25+0200,288ee773-d794-4845-a128-ad60f322005b,2026-07-20T06:00:00Z,2026-07-20T08:00:00+0200,189.356709,MW,BE,BE,actual_onshore_wind_generation,Wind Onshore,2026-07-29T16:36:49Z
2026-07-29T16:36:25Z,2026-07-29T18:36:25+0200,288ee773-d794-4845-a128-ad60f322005b,2026-07-20T07:00:00Z,2026-07-20T09:00:00+0200,302.28479,MW,BE,BE,actual_onshore_wind_generation,Wind Onshore,2026-07-29T16:36:49Z
2026-07-29T16:36:25Z,2026-07-29T18:36:25+0200,288ee773-d794-4845-a128-ad60f322005b,2026-07-20T08:00:00Z,2026-07-20T10:00:00+0200,367.624664,MW,BE,BE,actual_onshore_wind_generation,Wind Onshore,2026-07-29T16:36:49Z
2026-07-29T16:36:25Z,2026-07-29T18:36:25+0200,288ee773-d794-4845-a128-ad60f322005b,2026-07-20T09:00:00Z,2026-07-20T11:00:00+0200,352.601311,MW,BE,BE,actual_onshore_wind_generation,Wind Onshore,2026-07-29T16:36:49Z
2026-07-29T16:36:25Z,2026-07-29T18:36:25+0200,288ee773-d794-4845-a128-ad60f322005b,2026-07-20T10:00:00Z,2026-07-20T12:00:00+0200,456.966491,MW,BE,BE,actual_onshore_wind_generation,Wind Onshore,2026-07-29T16:36:49Z
2026-07-29T16:36:25Z,2026-07-29T18:36:25+0200,288ee773-d794-4845-a128-ad60f322005b,2026-07-20T11:00:00Z,2026-07-20T13:00:00+0200,555.118639,MW,BE,BE,actual_onshore_wind_generation,Wind Onshore,2026-07-29T16:36:49Z
2026-07-29T16:36:25Z,2026-07-29T18:36:25+0200,288ee773-d794-4845-a128-ad60f322005b,2026-07-20T12:00:00Z,2026-07-20T14:00:00+0200,594.530744,MW,BE,BE,actual_onshore_wind_generation,Wind Onshore,2026-07-29T16:36:49Z
2026-07-29T16:36:25Z,2026-07-29T18:36:25+0200,288ee773-d794-4845-a128-ad60f322005b,2026-07-20T13:00:00Z,2026-07-20T15:00:00+0200,628.370898,MW,BE,BE,actual_onshore_wind_generation,Wind Onshore,2026-07-29T16:36:49Z
2026-07-29T16:36:25Z,2026-07-29T18:36:25+0200,288ee773-d794-4845-a128-ad60f322005b,2026-07-20T14:00:00Z,2026-07-20T16:00:00+0200,585.322607,MW,BE,BE,actual_onshore_wind_generation,Wind Onshore,2026-07-29T16:36:49Z
2026-07-29T16:36:25Z,2026-07-29T18:36:25+0200,288ee773-d794-4845-a128-ad60f322005b,2026-07-20T15:00:00Z,2026-07-20T17:00:00+0200,507.281971,MW,BE,BE,actual_onshore_wind_generation,Wind Onshore,2026-07-29T16:36:49Z
2026-07-29T16:36:25Z,2026-07-29T18:36:25+0200,288ee773-d794-4845-a128-ad60f322005b,2026-07-20T16:00:00Z,2026-07-20T18:00:00+0200,561.833069,MW,BE,BE,actual_onshore_wind_generation,Wind Onshore,2026-07-29T16:36:49Z
2026-07-29T16:36:25Z,2026-07-29T18:36:25+0200,288ee773-d794-4845-a128-ad60f322005b,2026-07-20T17:00:00Z,2026-07-20T19:00:00+0200,525.125463,MW,BE,BE,actual_onshore_wind_generation,Wind Onshore,2026-07-29T16:36:49Z
2026-07-29T16:36:25Z,2026-07-29T18:36:25+0200,288ee773-d794-4845-a128-ad60f322005b,2026-07-20T18:00:00Z,2026-07-20T20:00:00+0200,582.286129,MW,BE,BE,actual_onshore_wind_generation,Wind Onshore,2026-07-29T16:36:49Z
2026-07-29T16:36:25Z,2026-07-29T18:36:25+0200,288ee773-d794-4845-a128-ad60f322005b,2026-07-20T19:00:00Z,2026-07-20T21:00:00+0200,660.552626,MW,BE,BE,actual_onshore_wind_generation,Wind Onshore,2026-07-29T16:36:49Z
2026-07-29T16:36:25Z,2026-07-29T18:36:25+0200,288ee773-d794-4845-a128-ad60f322005b,2026-07-20T20:00:00Z,2026-07-20T22:00:00+0200,693.542109,MW,BE,BE,actual_onshore_wind_generation,Wind Onshore,2026-07-29T16:36:49Z
2026-07-29T16:36:25Z,2026-07-29T18:36:25+0200,288ee773-d794-4845-a128-ad60f322005b,2026-07-20T21:00:00Z,2026-07-20T23:00:00+0200,669.399481,MW,BE,BE,actual_onshore_wind_generation,Wind Onshore,2026-07-29T16:36:49Z
2026-07-29T16:36:25Z,2026-07-29T18:36:25+0200,288ee773-d794-4845-a128-ad60f322005b,2026-07-20T22:00:00Z,2026-07-21T00:00:00+0200,540.10588,MW,BE,BE,actual_onshore_wind_generation,Wind Onshore,2026-07-29T16:36:49Z
2026-07-29T16:36:25Z,2026-07-29T18:36:25+0200,288ee773-d794-4845-a128-ad60f322005b,2026-07-20T23:00:00Z,2026-07-21T01:00:00+0200,530.990271,MW,BE,BE,actual_onshore_wind_generation,Wind Onshore,2026-07-29T16:36:49Z
2026-07-29T16:36:25Z,2026-07-29T18:36:25+0200,288ee773-d794-4845-a128-ad60f322005b,2026-07-21T00:00:00Z,2026-07-21T02:00:00+0200,444.844106,MW,BE,BE,actual_onshore_wind_generation,Wind Onshore,2026-07-29T16:36:49Z
2026-07-29T16:36:25Z,2026-07-29T18:36:25+0200,288ee773-d794-4845-a128-ad60f322005b,2026-07-21T01:00:00Z,2026-07-21T03:00:00+0200,338.170965,MW,BE,BE,actual_onshore_wind_generation,Wind Onshore,2026-07-29T16:36:49Z
2026-07-29T16:36:25Z,2026-07-29T18:36:25+0200,288ee773-d794-4845-a128-ad60f322005b,2026-07-21T02:00:00Z,2026-07-21T04:00:00+0200,269.224317,MW,BE,BE,actual_onshore_wind_generation,Wind Onshore,2026-07-29T16:36:49Z
2026-07-29T16:36:25Z,2026-07-29T18:36:25+0200,288ee773-d794-4845-a128-ad60f322005b,2026-07-21T03:00:00Z,2026-07-21T05:00:00+0200,243.603335,MW,BE,BE,actual_onshore_wind_generation,Wind Onshore,2026-07-29T16:36:49Z
2026-07-29T16:36:25Z,2026-07-29T18:36:25+0200,288ee773-d794-4845-a128-ad60f322005b,2026-07-21T04:00:00Z,2026-07-21T06:00:00+0200,190.418311,MW,BE,BE,actual_onshore_wind_generation,Wind Onshore,2026-07-29T16:36:49Z
2026-07-29T16:36:25Z,2026-07-29T18:36:25+0200,288ee773-d794-4845-a128-ad60f322005b,2026-07-21T05:00:00Z,2026-07-21T07:00:00+0200,119.299486,MW,BE,BE,actual_onshore_wind_generation,Wind Onshore,2026-07-29T16:36:49Z
2026-07-29T16:36:25Z,2026-07-29T18:36:25+0200,288ee773-d794-4845-a128-ad60f322005b,2026-07-21T06:00:00Z,2026-07-21T08:00:00+0200,39.316536,MW,BE,BE,actual_onshore_wind_generation,Wind Onshore,2026-07-29T16:36:49Z
2026-07-29T16:36:25Z,2026-07-29T18:36:25+0200,288ee773-d794-4845-a128-ad60f322005b,2026-07-21T07:00:00Z,2026-07-21T09:00:00+0200,71.013562,MW,BE,BE,actual_onshore_wind_generation,Wind Onshore,2026-07-29T16:36:49Z
2026-07-29T16:36:25Z,2026-07-29T18:36:25+0200,288ee773-d794-4845-a128-ad60f322005b,2026-07-21T08:00:00Z,2026-07-21T10:00:00+0200,153.730407,MW,BE,BE,actual_onshore_wind_generation,Wind Onshore,2026-07-29T16:36:49Z
2026-07-29T16:36:25Z,2026-07-29T18:36:25+0200,288ee773-d794-4845-a128-ad60f322005b,2026-07-21T09:00:00Z,2026-07-21T11:00:00+0200,151.813265,MW,BE,BE,actual_onshore_wind_generation,Wind Onshore,2026-07-29T16:36:49Z
2026-07-29T16:36:25Z,2026-07-29T18:36:25+0200,288ee773-d794-4845-a128-ad60f322005b,2026-07-21T10:00:00Z,2026-07-21T12:00:00+0200,85.343971,MW,BE,BE,actual_onshore_wind_generation,Wind Onshore,2026-07-29T16:36:49Z
2026-07-29T16:36:25Z,2026-07-29T18:36:25+0200,288ee773-d794-4845-a128-ad60f322005b,2026-07-21T11:00:00Z,2026-07-21T13:00:00+0200,112.728482,MW,BE,BE,actual_onshore_wind_generation,Wind Onshore,2026-07-29T16:36:49Z
2026-07-29T16:36:25Z,2026-07-29T18:36:25+0200,288ee773-d794-4845-a128-ad60f322005b,2026-07-21T12:00:00Z,2026-07-21T14:00:00+0200,157.151612,MW,BE,BE,actual_onshore_wind_generation,Wind Onshore,2026-07-29T16:36:49Z
2026-07-29T16:36:25Z,2026-07-29T18:36:25+0200,288ee773-d794-4845-a128-ad60f322005b,2026-07-21T13:00:00Z,2026-07-21T15:00:00+0200,178.041023,MW,BE,BE,actual_onshore_wind_generation,Wind Onshore,2026-07-29T16:36:49Z
2026-07-29T16:36:25Z,2026-07-29T18:36:25+0200,288ee773-d794-4845-a128-ad60f322005b,2026-07-21T14:00:00Z,2026-07-21T16:00:00+0200,287.195732,MW,BE,BE,actual_onshore_wind_generation,Wind Onshore,2026-07-29T16:36:49Z
2026-07-29T16:36:25Z,2026-07-29T18:36:25+0200,288ee773-d794-4845-a128-ad60f322005b,2026-07-21T15:00:00Z,2026-07-21T17:00:00+0200,390.875041,MW,BE,BE,actual_onshore_wind_generation,Wind Onshore,2026-07-29T16:36:49Z
2026-07-29T16:36:25Z,2026-07-29T18:36:25+0200,288ee773-d794-4845-a128-ad60f322005b,2026-07-21T16:00:00Z,2026-07-21T18:00:00+0200,487.715395,MW,BE,BE,actual_onshore_wind_generation,Wind Onshore,2026-07-29T16:36:49Z
2026-07-29T16:36:25Z,2026-07-29T18:36:25+0200,288ee773-d794-4845-a128-ad60f322005b,2026-07-21T17:00:00Z,2026-07-21T19:00:00+0200,498.178104,MW,BE,BE,actual_onshore_wind_generation,Wind Onshore,2026-07-29T16:36:49Z
2026-07-29T16:36:25Z,2026-07-29T18:36:25+0200,288ee773-d794-4845-a128-ad60f322005b,2026-07-21T18:00:00Z,2026-07-21T20:00:00+0200,562.391432,MW,BE,BE,actual_onshore_wind_generation,Wind Onshore,2026-07-29T16:36:49Z
2026-07-29T16:36:25Z,2026-07-29T18:36:25+0200,288ee773-d794-4845-a128-ad60f322005b,2026-07-21T19:00:00Z,2026-07-21T21:00:00+0200,568.565747,MW,BE,BE,actual_onshore_wind_generation,Wind Onshore,2026-07-29T16:36:49Z
2026-07-29T16:36:25Z,2026-07-29T18:36:25+0200,288ee773-d794-4845-a128-ad60f322005b,2026-07-21T20:00:00Z,2026-07-21T22:00:00+0200,513.599386,MW,BE,BE,actual_onshore_wind_generation,Wind Onshore,2026-07-29T16:36:49Z
2026-07-29T16:36:25Z,2026-07-29T18:36:25+0200,288ee773-d794-4845-a128-ad60f322005b,2026-07-21T21:00:00Z,2026-07-21T23:00:00+0200,422.254486,MW,BE,BE,actual_onshore_wind_generation,Wind Onshore,2026-07-29T16:36:49Z
2026-07-29T16:36:25Z,2026-07-29T18:36:25+0200,288ee773-d794-4845-a128-ad60f322005b,2026-07-21T22:00:00Z,2026-07-22T00:00:00+0200,260.762369,MW,BE,BE,actual_onshore_wind_generation,Wind Onshore,2026-07-29T16:36:49Z
2026-07-29T16:36:25Z,2026-07-29T18:36:25+0200,288ee773-d794-4845-a128-ad60f322005b,2026-07-21T23:00:00Z,2026-07-22T01:00:00+0200,183.7498,MW,BE,BE,actual_onshore_wind_generation,Wind Onshore,2026-07-29T16:36:49Z
2026-07-29T16:36:25Z,2026-07-29T18:36:25+0200,288ee773-d794-4845-a128-ad60f322005b,2026-07-22T00:00:00Z,2026-07-22T02:00:00+0200,124.239055,MW,BE,BE,actual_onshore_wind_generation,Wind Onshore,2026-07-29T16:36:49Z
2026-07-29T16:36:25Z,2026-07-29T18:36:25+0200,288ee773-d794-4845-a128-ad60f322005b,2026-07-22T01:00:00Z,2026-07-22T03:00:00+0200,91.216191,MW,BE,BE,actual_onshore_wind_generation,Wind Onshore,2026-07-29T16:36:49Z
2026-07-29T16:36:25Z,2026-07-29T18:36:25+0200,288ee773-d794-4845-a128-ad60f322005b,2026-07-22T02:00:00Z,2026-07-22T04:00:00+0200,100.947345,MW,BE,BE,actual_onshore_wind_generation,Wind Onshore,2026-07-29T16:36:49Z
2026-07-29T16:36:25Z,2026-07-29T18:36:25+0200,288ee773-d794-4845-a128-ad60f322005b,2026-07-22T03:00:00Z,2026-07-22T05:00:00+0200,111.702058,MW,BE,BE,actual_onshore_wind_generation,Wind Onshore,2026-07-29T16:36:49Z
2026-07-29T16:36:25Z,2026-07-29T18:36:25+0200,288ee773-d794-4845-a128-ad60f322005b,2026-07-22T04:00:00Z,2026-07-22T06:00:00+0200,127.169757,MW,BE,BE,actual_onshore_wind_generation,Wind Onshore,2026-07-29T16:36:49Z
2026-07-29T16:36:25Z,2026-07-29T18:36:25+0200,288ee773-d794-4845-a128-ad60f322005b,2026-07-22T05:00:00Z,2026-07-22T07:00:00+0200,143.841002,MW,BE,BE,actual_onshore_wind_generation,Wind Onshore,2026-07-29T16:36:49Z
2026-07-29T16:36:25Z,2026-07-29T18:36:25+0200,288ee773-d794-4845-a128-ad60f322005b,2026-07-22T06:00:00Z,2026-07-22T08:00:00+0200,90.512793,MW,BE,BE,actual_onshore_wind_generation,Wind Onshore,2026-07-29T16:36:49Z
2026-07-29T16:36:25Z,2026-07-29T18:36:25+0200,288ee773-d794-4845-a128-ad60f322005b,2026-07-22T07:00:00Z,2026-07-22T09:00:00+0200,132.343789,MW,BE,BE,actual_onshore_wind_generation,Wind Onshore,2026-07-29T16:36:49Z
2026-07-29T16:36:25Z,2026-07-29T18:36:25+0200,288ee773-d794-4845-a128-ad60f322005b,2026-07-22T08:00:00Z,2026-07-22T10:00:00+0200,179.998565,MW,BE,BE,actual_onshore_wind_generation,Wind Onshore,2026-07-29T16:36:49Z
2026-07-29T16:36:25Z,2026-07-29T18:36:25+0200,288ee773-d794-4845-a128-ad60f322005b,2026-07-22T09:00:00Z,2026-07-22T11:00:00+0200,185.491618,MW,BE,BE,actual_onshore_wind_generation,Wind Onshore,2026-07-29T16:36:49Z
2026-07-29T16:36:25Z,2026-07-29T18:36:25+0200,288ee773-d794-4845-a128-ad60f322005b,2026-07-22T10:00:00Z,2026-07-22T12:00:00+0200,235.201914,MW,BE,BE,actual_onshore_wind_generation,Wind Onshore,2026-07-29T16:36:49Z
2026-07-29T16:36:25Z,2026-07-29T18:36:25+0200,288ee773-d794-4845-a128-ad60f322005b,2026-07-22T11:00:00Z,2026-07-22T13:00:00+0200,292.351355,MW,BE,BE,actual_onshore_wind_generation,Wind Onshore,2026-07-29T16:36:49Z
2026-07-29T16:36:25Z,2026-07-29T18:36:25+0200,288ee773-d794-4845-a128-ad60f322005b,2026-07-22T12:00:00Z,2026-07-22T14:00:00+0200,482.642468,MW,BE,BE,actual_onshore_wind_generation,Wind Onshore,2026-07-29T16:36:49Z
2026-07-29T16:36:25Z,2026-07-29T18:36:25+0200,288ee773-d794-4845-a128-ad60f322005b,2026-07-22T13:00:00Z,2026-07-22T15:00:00+0200,601.278434,MW,BE,BE,actual_onshore_wind_generation,Wind Onshore,2026-07-29T16:36:49Z
2026-07-29T16:36:25Z,2026-07-29T18:36:25+0200,288ee773-d794-4845-a128-ad60f322005b,2026-07-22T14:00:00Z,2026-07-22T16:00:00+0200,633.304289,MW,BE,BE,actual_onshore_wind_generation,Wind Onshore,2026-07-29T16:36:49Z
2026-07-29T16:36:25Z,2026-07-29T18:36:25+0200,288ee773-d794-4845-a128-ad60f322005b,2026-07-22T15:00:00Z,2026-07-22T17:00:00+0200,825.72967,MW,BE,BE,actual_onshore_wind_generation,Wind Onshore,2026-07-29T16:36:49Z
2026-07-29T16:36:25Z,2026-07-29T18:36:25+0200,288ee773-d794-4845-a128-ad60f322005b,2026-07-22T16:00:00Z,2026-07-22T18:00:00+0200,968.895512,MW,BE,BE,actual_onshore_wind_generation,Wind Onshore,2026-07-29T16:36:49Z
2026-07-29T16:36:25Z,2026-07-29T18:36:25+0200,288ee773-d794-4845-a128-ad60f322005b,2026-07-22T17:00:00Z,2026-07-22T19:00:00+0200,871.79947,MW,BE,BE,actual_onshore_wind_generation,Wind Onshore,2026-07-29T16:36:49Z
2026-07-29T16:36:25Z,2026-07-29T18:36:25+0200,288ee773-d794-4845-a128-ad60f322005b,2026-07-22T18:00:00Z,2026-07-22T20:00:00+0200,757.06682,MW,BE,BE,actual_onshore_wind_generation,Wind Onshore,2026-07-29T16:36:49Z
2026-07-29T16:36:25Z,2026-07-29T18:36:25+0200,288ee773-d794-4845-a128-ad60f322005b,2026-07-22T19:00:00Z,2026-07-22T21:00:00+0200,538.713944,MW,BE,BE,actual_onshore_wind_generation,Wind Onshore,2026-07-29T16:36:49Z
2026-07-29T16:36:25Z,2026-07-29T18:36:25+0200,288ee773-d794-4845-a128-ad60f322005b,2026-07-22T20:00:00Z,2026-07-22T22:00:00+0200,426.021146,MW,BE,BE,actual_onshore_wind_generation,Wind Onshore,2026-07-29T16:36:49Z
2026-07-29T16:36:25Z,2026-07-29T18:36:25+0200,288ee773-d794-4845-a128-ad60f322005b,2026-07-22T21:00:00Z,2026-07-22T23:00:00+0200,374.119682,MW,BE,BE,actual_onshore_wind_generation,Wind Onshore,2026-07-29T16:36:49Z
2026-07-29T16:36:25Z,2026-07-29T18:36:25+0200,288ee773-d794-4845-a128-ad60f322005b,2026-07-22T22:00:00Z,2026-07-23T00:00:00+0200,436.49178,MW,BE,BE,actual_onshore_wind_generation,Wind Onshore,2026-07-29T16:36:49Z
2026-07-29T16:36:25Z,2026-07-29T18:36:25+0200,288ee773-d794-4845-a128-ad60f322005b,2026-07-22T23:00:00Z,2026-07-23T01:00:00+0200,329.04215,MW,BE,BE,actual_onshore_wind_generation,Wind Onshore,2026-07-29T16:36:49Z
2026-07-29T16:36:25Z,2026-07-29T18:36:25+0200,288ee773-d794-4845-a128-ad60f322005b,2026-07-23T00:00:00Z,2026-07-23T02:00:00+0200,247.821905,MW,BE,BE,actual_onshore_wind_generation,Wind Onshore,2026-07-29T16:36:49Z
2026-07-29T16:36:25Z,2026-07-29T18:36:25+0200,288ee773-d794-4845-a128-ad60f322005b,2026-07-23T01:00:00Z,2026-07-23T03:00:00+0200,204.995044,MW,BE,BE,actual_onshore_wind_generation,Wind Onshore,2026-07-29T16:36:49Z
2026-07-29T16:36:25Z,2026-07-29T18:36:25+0200,288ee773-d794-4845-a128-ad60f322005b,2026-07-23T02:00:00Z,2026-07-23T04:00:00+0200,183.454934,MW,BE,BE,actual_onshore_wind_generation,Wind Onshore,2026-07-29T16:36:49Z
2026-07-29T16:36:25Z,2026-07-29T18:36:25+0200,288ee773-d794-4845-a128-ad60f322005b,2026-07-23T03:00:00Z,2026-07-23T05:00:00+0200,172.171212,MW,BE,BE,actual_onshore_wind_generation,Wind Onshore,2026-07-29T16:36:49Z
2026-07-29T16:36:25Z,2026-07-29T18:36:25+0200,288ee773-d794-4845-a128-ad60f322005b,2026-07-23T04:00:00Z,2026-07-23T06:00:00+0200,171.085535,MW,BE,BE,actual_onshore_wind_generation,Wind Onshore,2026-07-29T16:36:49Z
2026-07-29T16:36:25Z,2026-07-29T18:36:25+0200,288ee773-d794-4845-a128-ad60f322005b,2026-07-23T05:00:00Z,2026-07-23T07:00:00+0200,150.949433,MW,BE,BE,actual_onshore_wind_generation,Wind Onshore,2026-07-29T16:36:49Z
2026-07-29T16:36:25Z,2026-07-29T18:36:25+0200,288ee773-d794-4845-a128-ad60f322005b,2026-07-23T06:00:00Z,2026-07-23T08:00:00+0200,116.386608,MW,BE,BE,actual_onshore_wind_generation,Wind Onshore,2026-07-29T16:36:49Z
2026-07-29T16:36:25Z,2026-07-29T18:36:25+0200,288ee773-d794-4845-a128-ad60f322005b,2026-07-23T07:00:00Z,2026-07-23T09:00:00+0200,177.477435,MW,BE,BE,actual_onshore_wind_generation,Wind Onshore,2026-07-29T16:36:49Z
2026-07-29T16:36:25Z,2026-07-29T18:36:25+0200,288ee773-d794-4845-a128-ad60f322005b,2026-07-23T08:00:00Z,2026-07-23T10:00:00+0200,289.812423,MW,BE,BE,actual_onshore_wind_generation,Wind Onshore,2026-07-29T16:36:49Z
2026-07-29T16:36:25Z,2026-07-29T18:36:25+0200,288ee773-d794-4845-a128-ad60f322005b,2026-07-23T09:00:00Z,2026-07-23T11:00:00+0200,310.573821,MW,BE,BE,actual_onshore_wind_generation,Wind Onshore,2026-07-29T16:36:49Z
2026-07-29T16:36:25Z,2026-07-29T18:36:25+0200,288ee773-d794-4845-a128-ad60f322005b,2026-07-23T10:00:00Z,2026-07-23T12:00:00+0200,283.636862,MW,BE,BE,actual_onshore_wind_generation,Wind Onshore,2026-07-29T16:36:49Z
2026-07-29T16:36:25Z,2026-07-29T18:36:25+0200,288ee773-d794-4845-a128-ad60f322005b,2026-07-23T11:00:00Z,2026-07-23T13:00:00+0200,352.019371,MW,BE,BE,actual_onshore_wind_generation,Wind Onshore,2026-07-29T16:36:49Z
2026-07-29T16:36:25Z,2026-07-29T18:36:25+0200,288ee773-d794-4845-a128-ad60f322005b,2026-07-23T12:00:00Z,2026-07-23T14:00:00+0200,442.430994,MW,BE,BE,actual_onshore_wind_generation,Wind Onshore,2026-07-29T16:36:49Z
2026-07-29T16:36:25Z,2026-07-29T18:36:25+0200,288ee773-d794-4845-a128-ad60f322005b,2026-07-23T13:00:00Z,2026-07-23T15:00:00+0200,521.813135,MW,BE,BE,actual_onshore_wind_generation,Wind Onshore,2026-07-29T16:36:49Z
2026-07-29T16:36:25Z,2026-07-29T18:36:25+0200,288ee773-d794-4845-a128-ad60f322005b,2026-07-23T14:00:00Z,2026-07-23T16:00:00+0200,601.437245,MW,BE,BE,actual_onshore_wind_generation,Wind Onshore,2026-07-29T16:36:49Z
2026-07-29T16:36:25Z,2026-07-29T18:36:25+0200,288ee773-d794-4845-a128-ad60f322005b,2026-07-23T15:00:00Z,2026-07-23T17:00:00+0200,687.126182,MW,BE,BE,actual_onshore_wind_generation,Wind Onshore,2026-07-29T16:36:49Z
2026-07-29T16:36:25Z,2026-07-29T18:36:25+0200,288ee773-d794-4845-a128-ad60f322005b,2026-07-23T16:00:00Z,2026-07-23T18:00:00+0200,605.359722,MW,BE,BE,actual_onshore_wind_generation,Wind Onshore,2026-07-29T16:36:49Z
2026-07-29T16:36:25Z,2026-07-29T18:36:25+0200,288ee773-d794-4845-a128-ad60f322005b,2026-07-23T17:00:00Z,2026-07-23T19:00:00+0200,491.348329,MW,BE,BE,actual_onshore_wind_generation,Wind Onshore,2026-07-29T16:36:49Z
2026-07-29T16:36:25Z,2026-07-29T18:36:25+0200,288ee773-d794-4845-a128-ad60f322005b,2026-07-23T18:00:00Z,2026-07-23T20:00:00+0200,345.049834,MW,BE,BE,actual_onshore_wind_generation,Wind Onshore,2026-07-29T16:36:49Z
2026-07-29T16:36:25Z,2026-07-29T18:36:25+0200,288ee773-d794-4845-a128-ad60f322005b,2026-07-23T19:00:00Z,2026-07-23T21:00:00+0200,237.354555,MW,BE,BE,actual_onshore_wind_generation,Wind Onshore,2026-07-29T16:36:49Z
2026-07-29T16:36:25Z,2026-07-29T18:36:25+0200,288ee773-d794-4845-a128-ad60f322005b,2026-07-23T20:00:00Z,2026-07-23T22:00:00+0200,201.716044,MW,BE,BE,actual_onshore_wind_generation,Wind Onshore,2026-07-29T16:36:49Z
2026-07-29T16:36:25Z,2026-07-29T18:36:25+0200,288ee773-d794-4845-a128-ad60f322005b,2026-07-23T21:00:00Z,2026-07-23T23:00:00+0200,219.213962,MW,BE,BE,actual_onshore_wind_generation,Wind Onshore,2026-07-29T16:36:49Z
2026-07-29T16:36:25Z,2026-07-29T18:36:25+0200,288ee773-d794-4845-a128-ad60f322005b,2026-07-23T22:00:00Z,2026-07-24T00:00:00+0200,163.974639,MW,BE,BE,actual_onshore_wind_generation,Wind Onshore,2026-07-29T16:36:49Z
2026-07-29T16:36:25Z,2026-07-29T18:36:25+0200,288ee773-d794-4845-a128-ad60f322005b,2026-07-23T23:00:00Z,2026-07-24T01:00:00+0200,113.47283,MW,BE,BE,actual_onshore_wind_generation,Wind Onshore,2026-07-29T16:36:49Z
2026-07-29T16:36:25Z,2026-07-29T18:36:25+0200,288ee773-d794-4845-a128-ad60f322005b,2026-07-24T00:00:00Z,2026-07-24T02:00:00+0200,70.928345,MW,BE,BE,actual_onshore_wind_generation,Wind Onshore,2026-07-29T16:36:49Z
2026-07-29T16:36:25Z,2026-07-29T18:36:25+0200,288ee773-d794-4845-a128-ad60f322005b,2026-07-24T01:00:00Z,2026-07-24T03:00:00+0200,32.380605,MW,BE,BE,actual_onshore_wind_generation,Wind Onshore,2026-07-29T16:36:49Z
2026-07-29T16:36:25Z,2026-07-29T18:36:25+0200,288ee773-d794-4845-a128-ad60f322005b,2026-07-24T02:00:00Z,2026-07-24T04:00:00+0200,25.711756,MW,BE,BE,actual_onshore_wind_generation,Wind Onshore,2026-07-29T16:36:49Z
2026-07-29T16:36:25Z,2026-07-29T18:36:25+0200,288ee773-d794-4845-a128-ad60f322005b,2026-07-24T03:00:00Z,2026-07-24T05:00:00+0200,17.247264,MW,BE,BE,actual_onshore_wind_generation,Wind Onshore,2026-07-29T16:36:49Z
2026-07-29T16:36:25Z,2026-07-29T18:36:25+0200,288ee773-d794-4845-a128-ad60f322005b,2026-07-24T04:00:00Z,2026-07-24T06:00:00+0200,22.803262,MW,BE,BE,actual_onshore_wind_generation,Wind Onshore,2026-07-29T16:36:49Z
2026-07-29T16:36:25Z,2026-07-29T18:36:25+0200,288ee773-d794-4845-a128-ad60f322005b,2026-07-24T05:00:00Z,2026-07-24T07:00:00+0200,43.226319,MW,BE,BE,actual_onshore_wind_generation,Wind Onshore,2026-07-29T16:36:49Z
2026-07-29T16:36:25Z,2026-07-29T18:36:25+0200,288ee773-d794-4845-a128-ad60f322005b,2026-07-24T06:00:00Z,2026-07-24T08:00:00+0200,38.308504,MW,BE,BE,actual_onshore_wind_generation,Wind Onshore,2026-07-29T16:36:49Z
2026-07-29T16:36:25Z,2026-07-29T18:36:25+0200,288ee773-d794-4845-a128-ad60f322005b,2026-07-24T07:00:00Z,2026-07-24T09:00:00+0200,24.87862,MW,BE,BE,actual_onshore_wind_generation,Wind Onshore,2026-07-29T16:36:49Z
2026-07-29T16:36:25Z,2026-07-29T18:36:25+0200,288ee773-d794-4845-a128-ad60f322005b,2026-07-24T08:00:00Z,2026-07-24T10:00:00+0200,37.857197,MW,BE,BE,actual_onshore_wind_generation,Wind Onshore,2026-07-29T16:36:49Z
2026-07-29T16:36:25Z,2026-07-29T18:36:25+0200,288ee773-d794-4845-a128-ad60f322005b,2026-07-24T09:00:00Z,2026-07-24T11:00:00+0200,36.73957,MW,BE,BE,actual_onshore_wind_generation,Wind Onshore,2026-07-29T16:36:49Z
2026-07-29T16:36:25Z,2026-07-29T18:36:25+0200,288ee773-d794-4845-a128-ad60f322005b,2026-07-24T10:00:00Z,2026-07-24T12:00:00+0200,41.504302,MW,BE,BE,actual_onshore_wind_generation,Wind Onshore,2026-07-29T16:36:49Z
2026-07-29T16:36:25Z,2026-07-29T18:36:25+0200,288ee773-d794-4845-a128-ad60f322005b,2026-07-24T11:00:00Z,2026-07-24T13:00:00+0200,35.863412,MW,BE,BE,actual_onshore_wind_generation,Wind Onshore,2026-07-29T16:36:49Z
2026-07-29T16:36:25Z,2026-07-29T18:36:25+0200,288ee773-d794-4845-a128-ad60f322005b,2026-07-24T12:00:00Z,2026-07-24T14:00:00+0200,44.475537,MW,BE,BE,actual_onshore_wind_generation,Wind Onshore,2026-07-29T16:36:49Z
2026-07-29T16:36:25Z,2026-07-29T18:36:25+0200,288ee773-d794-4845-a128-ad60f322005b,2026-07-24T13:00:00Z,2026-07-24T15:00:00+0200,21.795986,MW,BE,BE,actual_onshore_wind_generation,Wind Onshore,2026-07-29T16:36:49Z
2026-07-29T16:36:25Z,2026-07-29T18:36:25+0200,288ee773-d794-4845-a128-ad60f322005b,2026-07-24T14:00:00Z,2026-07-24T16:00:00+0200,21.038323,MW,BE,BE,actual_onshore_wind_generation,Wind Onshore,2026-07-29T16:36:49Z
2026-07-29T16:36:25Z,2026-07-29T18:36:25+0200,288ee773-d794-4845-a128-ad60f322005b,2026-07-24T15:00:00Z,2026-07-24T17:00:00+0200,21.908061,MW,BE,BE,actual_onshore_wind_generation,Wind Onshore,2026-07-29T16:36:49Z
2026-07-29T16:36:25Z,2026-07-29T18:36:25+0200,288ee773-d794-4845-a128-ad60f322005b,2026-07-24T16:00:00Z,2026-07-24T18:00:00+0200,20.488902,MW,BE,BE,actual_onshore_wind_generation,Wind Onshore,2026-07-29T16:36:49Z
2026-07-29T16:36:25Z,2026-07-29T18:36:25+0200,288ee773-d794-4845-a128-ad60f322005b,2026-07-24T17:00:00Z,2026-07-24T19:00:00+0200,23.049262,MW,BE,BE,actual_onshore_wind_generation,Wind Onshore,2026-07-29T16:36:49Z
2026-07-29T16:36:25Z,2026-07-29T18:36:25+0200,288ee773-d794-4845-a128-ad60f322005b,2026-07-24T18:00:00Z,2026-07-24T20:00:00+0200,36.838807,MW,BE,BE,actual_onshore_wind_generation,Wind Onshore,2026-07-29T16:36:49Z
2026-07-29T16:36:25Z,2026-07-29T18:36:25+0200,288ee773-d794-4845-a128-ad60f322005b,2026-07-24T19:00:00Z,2026-07-24T21:00:00+0200,49.668863,MW,BE,BE,actual_onshore_wind_generation,Wind Onshore,2026-07-29T16:36:49Z
2026-07-29T16:36:25Z,2026-07-29T18:36:25+0200,288ee773-d794-4845-a128-ad60f322005b,2026-07-24T20:00:00Z,2026-07-24T22:00:00+0200,52.593127,MW,BE,BE,actual_onshore_wind_generation,Wind Onshore,2026-07-29T16:36:49Z
2026-07-29T16:36:25Z,2026-07-29T18:36:25+0200,288ee773-d794-4845-a128-ad60f322005b,2026-07-24T21:00:00Z,2026-07-24T23:00:00+0200,64.966194,MW,BE,BE,actual_onshore_wind_generation,Wind Onshore,2026-07-29T16:36:49Z
2026-07-29T16:36:25Z,2026-07-29T18:36:25+0200,288ee773-d794-4845-a128-ad60f322005b,2026-07-24T22:00:00Z,2026-07-25T00:00:00+0200,71.306909,MW,BE,BE,actual_onshore_wind_generation,Wind Onshore,2026-07-29T16:36:49Z
2026-07-29T16:36:25Z,2026-07-29T18:36:25+0200,288ee773-d794-4845-a128-ad60f322005b,2026-07-24T23:00:00Z,2026-07-25T01:00:00+0200,62.918079,MW,BE,BE,actual_onshore_wind_generation,Wind Onshore,2026-07-29T16:36:49Z
2026-07-29T16:36:25Z,2026-07-29T18:36:25+0200,288ee773-d794-4845-a128-ad60f322005b,2026-07-25T00:00:00Z,2026-07-25T02:00:00+0200,59.925356,MW,BE,BE,actual_onshore_wind_generation,Wind Onshore,2026-07-29T16:36:49Z
2026-07-29T16:36:25Z,2026-07-29T18:36:25+0200,288ee773-d794-4845-a128-ad60f322005b,2026-07-25T01:00:00Z,2026-07-25T03:00:00+0200,53.713898,MW,BE,BE,actual_onshore_wind_generation,Wind Onshore,2026-07-29T16:36:49Z
2026-07-29T16:36:25Z,2026-07-29T18:36:25+0200,288ee773-d794-4845-a128-ad60f322005b,2026-07-25T02:00:00Z,2026-07-25T04:00:00+0200,38.423211,MW,BE,BE,actual_onshore_wind_generation,Wind Onshore,2026-07-29T16:36:49Z
2026-07-29T16:36:25Z,2026-07-29T18:36:25+0200,288ee773-d794-4845-a128-ad60f322005b,2026-07-25T03:00:00Z,2026-07-25T05:00:00+0200,40.894749,MW,BE,BE,actual_onshore_wind_generation,Wind Onshore,2026-07-29T16:36:49Z
2026-07-29T16:36:25Z,2026-07-29T18:36:25+0200,288ee773-d794-4845-a128-ad60f322005b,2026-07-25T04:00:00Z,2026-07-25T06:00:00+0200,69.041637,MW,BE,BE,actual_onshore_wind_generation,Wind Onshore,2026-07-29T16:36:49Z
2026-07-29T16:36:25Z,2026-07-29T18:36:25+0200,288ee773-d794-4845-a128-ad60f322005b,2026-07-25T05:00:00Z,2026-07-25T07:00:00+0200,90.83415,MW,BE,BE,actual_onshore_wind_generation,Wind Onshore,2026-07-29T16:36:49Z
2026-07-29T16:36:25Z,2026-07-29T18:36:25+0200,288ee773-d794-4845-a128-ad60f322005b,2026-07-25T06:00:00Z,2026-07-25T08:00:00+0200,58.94497,MW,BE,BE,actual_onshore_wind_generation,Wind Onshore,2026-07-29T16:36:49Z
2026-07-29T16:36:25Z,2026-07-29T18:36:25+0200,288ee773-d794-4845-a128-ad60f322005b,2026-07-25T07:00:00Z,2026-07-25T09:00:00+0200,32.543333,MW,BE,BE,actual_onshore_wind_generation,Wind Onshore,2026-07-29T16:36:49Z
2026-07-29T16:36:25Z,2026-07-29T18:36:25+0200,288ee773-d794-4845-a128-ad60f322005b,2026-07-25T08:00:00Z,2026-07-25T10:00:00+0200,28.256117,MW,BE,BE,actual_onshore_wind_generation,Wind Onshore,2026-07-29T16:36:49Z
2026-07-29T16:36:25Z,2026-07-29T18:36:25+0200,288ee773-d794-4845-a128-ad60f322005b,2026-07-25T09:00:00Z,2026-07-25T11:00:00+0200,62.757344,MW,BE,BE,actual_onshore_wind_generation,Wind Onshore,2026-07-29T16:36:49Z
2026-07-29T16:36:25Z,2026-07-29T18:36:25+0200,288ee773-d794-4845-a128-ad60f322005b,2026-07-25T10:00:00Z,2026-07-25T12:00:00+0200,82.825592,MW,BE,BE,actual_onshore_wind_generation,Wind Onshore,2026-07-29T16:36:49Z
2026-07-29T16:36:25Z,2026-07-29T18:36:25+0200,288ee773-d794-4845-a128-ad60f322005b,2026-07-25T11:00:00Z,2026-07-25T13:00:00+0200,154.21064,MW,BE,BE,actual_onshore_wind_generation,Wind Onshore,2026-07-29T16:36:49Z
2026-07-29T16:36:25Z,2026-07-29T18:36:25+0200,288ee773-d794-4845-a128-ad60f322005b,2026-07-25T12:00:00Z,2026-07-25T14:00:00+0200,233.146413,MW,BE,BE,actual_onshore_wind_generation,Wind Onshore,2026-07-29T16:36:49Z
2026-07-29T16:36:25Z,2026-07-29T18:36:25+0200,288ee773-d794-4845-a128-ad60f322005b,2026-07-25T13:00:00Z,2026-07-25T15:00:00+0200,168.906377,MW,BE,BE,actual_onshore_wind_generation,Wind Onshore,2026-07-29T16:36:49Z
2026-07-29T16:36:25Z,2026-07-29T18:36:25+0200,288ee773-d794-4845-a128-ad60f322005b,2026-07-25T14:00:00Z,2026-07-25T16:00:00+0200,232.448012,MW,BE,BE,actual_onshore_wind_generation,Wind Onshore,2026-07-29T16:36:49Z
2026-07-29T16:36:25Z,2026-07-29T18:36:25+0200,288ee773-d794-4845-a128-ad60f322005b,2026-07-25T15:00:00Z,2026-07-25T17:00:00+0200,349.474862,MW,BE,BE,actual_onshore_wind_generation,Wind Onshore,2026-07-29T16:36:49Z
2026-07-29T16:36:25Z,2026-07-29T18:36:25+0200,288ee773-d794-4845-a128-ad60f322005b,2026-07-25T16:00:00Z,2026-07-25T18:00:00+0200,415.709914,MW,BE,BE,actual_onshore_wind_generation,Wind Onshore,2026-07-29T16:36:49Z
2026-07-29T16:36:25Z,2026-07-29T18:36:25+0200,288ee773-d794-4845-a128-ad60f322005b,2026-07-25T17:00:00Z,2026-07-25T19:00:00+0200,414.055306,MW,BE,BE,actual_onshore_wind_generation,Wind Onshore,2026-07-29T16:36:49Z
2026-07-29T16:36:25Z,2026-07-29T18:36:25+0200,288ee773-d794-4845-a128-ad60f322005b,2026-07-25T18:00:00Z,2026-07-25T20:00:00+0200,339.263513,MW,BE,BE,actual_onshore_wind_generation,Wind Onshore,2026-07-29T16:36:49Z
2026-07-29T16:36:25Z,2026-07-29T18:36:25+0200,288ee773-d794-4845-a128-ad60f322005b,2026-07-25T19:00:00Z,2026-07-25T21:00:00+0200,364.112436,MW,BE,BE,actual_onshore_wind_generation,Wind Onshore,2026-07-29T16:36:49Z
2026-07-29T16:36:25Z,2026-07-29T18:36:25+0200,288ee773-d794-4845-a128-ad60f322005b,2026-07-25T20:00:00Z,2026-07-25T22:00:00+0200,427.947315,MW,BE,BE,actual_onshore_wind_generation,Wind Onshore,2026-07-29T16:36:49Z
2026-07-29T16:36:25Z,2026-07-29T18:36:25+0200,288ee773-d794-4845-a128-ad60f322005b,2026-07-25T21:00:00Z,2026-07-25T23:00:00+0200,592.154627,MW,BE,BE,actual_onshore_wind_generation,Wind Onshore,2026-07-29T16:36:49Z
2026-07-29T16:36:25Z,2026-07-29T18:36:25+0200,288ee773-d794-4845-a128-ad60f322005b,2026-07-25T22:00:00Z,2026-07-26T00:00:00+0200,795.840449,MW,BE,BE,actual_onshore_wind_generation,Wind Onshore,2026-07-29T16:36:49Z
2026-07-29T16:36:25Z,2026-07-29T18:36:25+0200,288ee773-d794-4845-a128-ad60f322005b,2026-07-25T23:00:00Z,2026-07-26T01:00:00+0200,1054.915183,MW,BE,BE,actual_onshore_wind_generation,Wind Onshore,2026-07-29T16:36:49Z
2026-07-29T16:36:25Z,2026-07-29T18:36:25+0200,288ee773-d794-4845-a128-ad60f322005b,2026-07-26T00:00:00Z,2026-07-26T02:00:00+0200,1155.265665,MW,BE,BE,actual_onshore_wind_generation,Wind Onshore,2026-07-29T16:36:49Z
2026-07-29T16:36:25Z,2026-07-29T18:36:25+0200,288ee773-d794-4845-a128-ad60f322005b,2026-07-26T01:00:00Z,2026-07-26T03:00:00+0200,1181.282837,MW,BE,BE,actual_onshore_wind_generation,Wind Onshore,2026-07-29T16:36:49Z
2026-07-29T16:36:25Z,2026-07-29T18:36:25+0200,288ee773-d794-4845-a128-ad60f322005b,2026-07-26T02:00:00Z,2026-07-26T04:00:00+0200,1260.090882,MW,BE,BE,actual_onshore_wind_generation,Wind Onshore,2026-07-29T16:36:49Z
2026-07-29T16:36:25Z,2026-07-29T18:36:25+0200,288ee773-d794-4845-a128-ad60f322005b,2026-07-26T03:00:00Z,2026-07-26T05:00:00+0200,1347.759341,MW,BE,BE,actual_onshore_wind_generation,Wind Onshore,2026-07-29T16:36:49Z
2026-07-29T16:36:25Z,2026-07-29T18:36:25+0200,288ee773-d794-4845-a128-ad60f322005b,2026-07-26T04:00:00Z,2026-07-26T06:00:00+0200,1408.474545,MW,BE,BE,actual_onshore_wind_generation,Wind Onshore,2026-07-29T16:36:49Z
2026-07-29T16:36:25Z,2026-07-29T18:36:25+0200,288ee773-d794-4845-a128-ad60f322005b,2026-07-26T05:00:00Z,2026-07-26T07:00:00+0200,1270.650148,MW,BE,BE,actual_onshore_wind_generation,Wind Onshore,2026-07-29T16:36:49Z
2026-07-29T16:36:25Z,2026-07-29T18:36:25+0200,288ee773-d794-4845-a128-ad60f322005b,2026-07-26T06:00:00Z,2026-07-26T08:00:00+0200,1059.351135,MW,BE,BE,actual_onshore_wind_generation,Wind Onshore,2026-07-29T16:36:49Z
2026-07-29T16:36:25Z,2026-07-29T18:36:25+0200,288ee773-d794-4845-a128-ad60f322005b,2026-07-26T07:00:00Z,2026-07-26T09:00:00+0200,1216.832254,MW,BE,BE,actual_onshore_wind_generation,Wind Onshore,2026-07-29T16:36:49Z
2026-07-29T16:36:25Z,2026-07-29T18:36:25+0200,288ee773-d794-4845-a128-ad60f322005b,2026-07-26T08:00:00Z,2026-07-26T10:00:00+0200,1442.341013,MW,BE,BE,actual_onshore_wind_generation,Wind Onshore,2026-07-29T16:36:49Z
2026-07-29T16:36:25Z,2026-07-29T18:36:25+0200,288ee773-d794-4845-a128-ad60f322005b,2026-07-26T09:00:00Z,2026-07-26T11:00:00+0200,1396.422268,MW,BE,BE,actual_onshore_wind_generation,Wind Onshore,2026-07-29T16:36:49Z
2026-07-29T16:36:25Z,2026-07-29T18:36:25+0200,288ee773-d794-4845-a128-ad60f322005b,2026-07-26T10:00:00Z,2026-07-26T12:00:00+0200,1455.883634,MW,BE,BE,actual_onshore_wind_generation,Wind Onshore,2026-07-29T16:36:49Z
2026-07-29T16:36:25Z,2026-07-29T18:36:25+0200,288ee773-d794-4845-a128-ad60f322005b,2026-07-26T11:00:00Z,2026-07-26T13:00:00+0200,1613.20968,MW,BE,BE,actual_onshore_wind_generation,Wind Onshore,2026-07-29T16:36:49Z
2026-07-29T16:36:25Z,2026-07-29T18:36:25+0200,288ee773-d794-4845-a128-ad60f322005b,2026-07-26T12:00:00Z,2026-07-26T14:00:00+0200,1802.990013,MW,BE,BE,actual_onshore_wind_generation,Wind Onshore,2026-07-29T16:36:49Z
2026-07-29T16:36:25Z,2026-07-29T18:36:25+0200,288ee773-d794-4845-a128-ad60f322005b,2026-07-26T13:00:00Z,2026-07-26T15:00:00+0200,1849.60138,MW,BE,BE,actual_onshore_wind_generation,Wind Onshore,2026-07-29T16:36:49Z
2026-07-29T16:36:25Z,2026-07-29T18:36:25+0200,288ee773-d794-4845-a128-ad60f322005b,2026-07-26T14:00:00Z,2026-07-26T16:00:00+0200,1533.537109,MW,BE,BE,actual_onshore_wind_generation,Wind Onshore,2026-07-29T16:36:49Z
2026-07-29T16:36:25Z,2026-07-29T18:36:25+0200,288ee773-d794-4845-a128-ad60f322005b,2026-07-26T15:00:00Z,2026-07-26T17:00:00+0200,1566.947374,MW,BE,BE,actual_onshore_wind_generation,Wind Onshore,2026-07-29T16:36:49Z
2026-07-29T16:36:25Z,2026-07-29T18:36:25+0200,288ee773-d794-4845-a128-ad60f322005b,2026-07-26T16:00:00Z,2026-07-26T18:00:00+0200,1708.705432,MW,BE,BE,actual_onshore_wind_generation,Wind Onshore,2026-07-29T16:36:49Z
2026-07-29T16:36:25Z,2026-07-29T18:36:25+0200,288ee773-d794-4845-a128-ad60f322005b,2026-07-26T17:00:00Z,2026-07-26T19:00:00+0200,1642.501985,MW,BE,BE,actual_onshore_wind_generation,Wind Onshore,2026-07-29T16:36:49Z
2026-07-29T16:36:25Z,2026-07-29T18:36:25+0200,288ee773-d794-4845-a128-ad60f322005b,2026-07-26T18:00:00Z,2026-07-26T20:00:00+0200,1505.517321,MW,BE,BE,actual_onshore_wind_generation,Wind Onshore,2026-07-29T16:36:49Z
2026-07-29T16:36:25Z,2026-07-29T18:36:25+0200,288ee773-d794-4845-a128-ad60f322005b,2026-07-26T19:00:00Z,2026-07-26T21:00:00+0200,1481.095791,MW,BE,BE,actual_onshore_wind_generation,Wind Onshore,2026-07-29T16:36:49Z
2026-07-29T16:36:25Z,2026-07-29T18:36:25+0200,288ee773-d794-4845-a128-ad60f322005b,2026-07-26T20:00:00Z,2026-07-26T22:00:00+0200,1261.174301,MW,BE,BE,actual_onshore_wind_generation,Wind Onshore,2026-07-29T16:36:49Z
2026-07-29T16:36:25Z,2026-07-29T18:36:25+0200,288ee773-d794-4845-a128-ad60f322005b,2026-07-26T21:00:00Z,2026-07-26T23:00:00+0200,1038.302933,MW,BE,BE,actual_onshore_wind_generation,Wind Onshore,2026-07-29T16:36:49Z
2026-07-29T16:36:25Z,2026-07-29T18:36:25+0200,288ee773-d794-4845-a128-ad60f322005b,2026-07-26T22:00:00Z,2026-07-27T00:00:00+0200,857.187719,MW,BE,BE,actual_onshore_wind_generation,Wind Onshore,2026-07-29T16:36:49Z
2026-07-29T16:36:25Z,2026-07-29T18:36:25+0200,288ee773-d794-4845-a128-ad60f322005b,2026-07-26T23:00:00Z,2026-07-27T01:00:00+0200,860.754097,MW,BE,BE,actual_onshore_wind_generation,Wind Onshore,2026-07-29T16:36:49Z
2026-07-29T16:36:25Z,2026-07-29T18:36:25+0200,288ee773-d794-4845-a128-ad60f322005b,2026-07-27T00:00:00Z,2026-07-27T02:00:00+0200,846.093062,MW,BE,BE,actual_onshore_wind_generation,Wind Onshore,2026-07-29T16:36:49Z
2026-07-29T16:36:25Z,2026-07-29T18:36:25+0200,288ee773-d794-4845-a128-ad60f322005b,2026-07-27T01:00:00Z,2026-07-27T03:00:00+0200,684.823766,MW,BE,BE,actual_onshore_wind_generation,Wind Onshore,2026-07-29T16:36:49Z
2026-07-29T16:36:25Z,2026-07-29T18:36:25+0200,288ee773-d794-4845-a128-ad60f322005b,2026-07-27T02:00:00Z,2026-07-27T04:00:00+0200,598.822266,MW,BE,BE,actual_onshore_wind_generation,Wind Onshore,2026-07-29T16:36:49Z
2026-07-29T16:36:25Z,2026-07-29T18:36:25+0200,288ee773-d794-4845-a128-ad60f322005b,2026-07-27T03:00:00Z,2026-07-27T05:00:00+0200,578.213351,MW,BE,BE,actual_onshore_wind_generation,Wind Onshore,2026-07-29T16:36:49Z
2026-07-29T16:36:25Z,2026-07-29T18:36:25+0200,288ee773-d794-4845-a128-ad60f322005b,2026-07-27T04:00:00Z,2026-07-27T06:00:00+0200,501.326549,MW,BE,BE,actual_onshore_wind_generation,Wind Onshore,2026-07-29T16:36:49Z
2026-07-29T16:36:25Z,2026-07-29T18:36:25+0200,288ee773-d794-4845-a128-ad60f322005b,2026-07-27T05:00:00Z,2026-07-27T07:00:00+0200,441.881285,MW,BE,BE,actual_onshore_wind_generation,Wind Onshore,2026-07-29T16:36:49Z
2026-07-29T16:36:25Z,2026-07-29T18:36:25+0200,288ee773-d794-4845-a128-ad60f322005b,2026-07-27T06:00:00Z,2026-07-27T08:00:00+0200,403.301725,MW,BE,BE,actual_onshore_wind_generation,Wind Onshore,2026-07-29T16:36:49Z
2026-07-29T16:36:25Z,2026-07-29T18:36:25+0200,288ee773-d794-4845-a128-ad60f322005b,2026-07-27T07:00:00Z,2026-07-27T09:00:00+0200,516.031981,MW,BE,BE,actual_onshore_wind_generation,Wind Onshore,2026-07-29T16:36:49Z
2026-07-29T16:36:25Z,2026-07-29T18:36:25+0200,288ee773-d794-4845-a128-ad60f322005b,2026-07-27T08:00:00Z,2026-07-27T10:00:00+0200,558.714194,MW,BE,BE,actual_onshore_wind_generation,Wind Onshore,2026-07-29T16:36:49Z
2026-07-29T16:36:25Z,2026-07-29T18:36:25+0200,288ee773-d794-4845-a128-ad60f322005b,2026-07-27T09:00:00Z,2026-07-27T11:00:00+0200,589.255289,MW,BE,BE,actual_onshore_wind_generation,Wind Onshore,2026-07-29T16:36:49Z
2026-07-29T16:36:25Z,2026-07-29T18:36:25+0200,288ee773-d794-4845-a128-ad60f322005b,2026-07-27T10:00:00Z,2026-07-27T12:00:00+0200,699.777628,MW,BE,BE,actual_onshore_wind_generation,Wind Onshore,2026-07-29T16:36:49Z
2026-07-29T16:36:25Z,2026-07-29T18:36:25+0200,288ee773-d794-4845-a128-ad60f322005b,2026-07-27T11:00:00Z,2026-07-27T13:00:00+0200,789.971394,MW,BE,BE,actual_onshore_wind_generation,Wind Onshore,2026-07-29T16:36:49Z
2026-07-29T16:36:25Z,2026-07-29T18:36:25+0200,288ee773-d794-4845-a128-ad60f322005b,2026-07-27T12:00:00Z,2026-07-27T14:00:00+0200,806.378852,MW,BE,BE,actual_onshore_wind_generation,Wind Onshore,2026-07-29T16:36:49Z
2026-07-29T16:36:25Z,2026-07-29T18:36:25+0200,288ee773-d794-4845-a128-ad60f322005b,2026-07-27T13:00:00Z,2026-07-27T15:00:00+0200,797.2975,MW,BE,BE,actual_onshore_wind_generation,Wind Onshore,2026-07-29T16:36:49Z
2026-07-29T16:36:25Z,2026-07-29T18:36:25+0200,288ee773-d794-4845-a128-ad60f322005b,2026-07-27T14:00:00Z,2026-07-27T16:00:00+0200,692.453962,MW,BE,BE,actual_onshore_wind_generation,Wind Onshore,2026-07-29T16:36:49Z
2026-07-29T16:36:25Z,2026-07-29T18:36:25+0200,288ee773-d794-4845-a128-ad60f322005b,2026-07-27T15:00:00Z,2026-07-27T17:00:00+0200,511.498427,MW,BE,BE,actual_onshore_wind_generation,Wind Onshore,2026-07-29T16:36:49Z
2026-07-29T16:36:25Z,2026-07-29T18:36:25+0200,288ee773-d794-4845-a128-ad60f322005b,2026-07-27T16:00:00Z,2026-07-27T18:00:00+0200,312.22983,MW,BE,BE,actual_onshore_wind_generation,Wind Onshore,2026-07-29T16:36:49Z
2026-07-29T16:36:25Z,2026-07-29T18:36:25+0200,288ee773-d794-4845-a128-ad60f322005b,2026-07-27T17:00:00Z,2026-07-27T19:00:00+0200,156.076439,MW,BE,BE,actual_onshore_wind_generation,Wind Onshore,2026-07-29T16:36:49Z
2026-07-29T16:36:25Z,2026-07-29T18:36:25+0200,288ee773-d794-4845-a128-ad60f322005b,2026-07-27T18:00:00Z,2026-07-27T20:00:00+0200,73.109553,MW,BE,BE,actual_onshore_wind_generation,Wind Onshore,2026-07-29T16:36:49Z
2026-07-29T16:36:25Z,2026-07-29T18:36:25+0200,288ee773-d794-4845-a128-ad60f322005b,2026-07-27T19:00:00Z,2026-07-27T21:00:00+0200,40.673828,MW,BE,BE,actual_onshore_wind_generation,Wind Onshore,2026-07-29T16:36:49Z
2026-07-29T16:36:25Z,2026-07-29T18:36:25+0200,288ee773-d794-4845-a128-ad60f322005b,2026-07-27T20:00:00Z,2026-07-27T22:00:00+0200,22.745403,MW,BE,BE,actual_onshore_wind_generation,Wind Onshore,2026-07-29T16:36:49Z
2026-07-29T16:36:25Z,2026-07-29T18:36:25+0200,288ee773-d794-4845-a128-ad60f322005b,2026-07-27T21:00:00Z,2026-07-27T23:00:00+0200,28.289511,MW,BE,BE,actual_onshore_wind_generation,Wind Onshore,2026-07-29T16:36:49Z
2026-07-29T16:36:25Z,2026-07-29T18:36:25+0200,288ee773-d794-4845-a128-ad60f322005b,2026-07-27T22:00:00Z,2026-07-28T00:00:00+0200,41.458535,MW,BE,BE,actual_onshore_wind_generation,Wind Onshore,2026-07-29T16:36:49Z
2026-07-29T16:36:25Z,2026-07-29T18:36:25+0200,288ee773-d794-4845-a128-ad60f322005b,2026-07-27T23:00:00Z,2026-07-28T01:00:00+0200,89.961062,MW,BE,BE,actual_onshore_wind_generation,Wind Onshore,2026-07-29T16:36:49Z
2026-07-29T16:36:25Z,2026-07-29T18:36:25+0200,288ee773-d794-4845-a128-ad60f322005b,2026-07-28T00:00:00Z,2026-07-28T02:00:00+0200,155.474806,MW,BE,BE,actual_onshore_wind_generation,Wind Onshore,2026-07-29T16:36:49Z
2026-07-29T16:36:25Z,2026-07-29T18:36:25+0200,288ee773-d794-4845-a128-ad60f322005b,2026-07-28T01:00:00Z,2026-07-28T03:00:00+0200,269.150097,MW,BE,BE,actual_onshore_wind_generation,Wind Onshore,2026-07-29T16:36:49Z
2026-07-29T16:36:25Z,2026-07-29T18:36:25+0200,288ee773-d794-4845-a128-ad60f322005b,2026-07-28T02:00:00Z,2026-07-28T04:00:00+0200,363.040346,MW,BE,BE,actual_onshore_wind_generation,Wind Onshore,2026-07-29T16:36:49Z
2026-07-29T16:36:25Z,2026-07-29T18:36:25+0200,288ee773-d794-4845-a128-ad60f322005b,2026-07-28T03:00:00Z,2026-07-28T05:00:00+0200,342.80864,MW,BE,BE,actual_onshore_wind_generation,Wind Onshore,2026-07-29T16:36:49Z
2026-07-29T16:36:25Z,2026-07-29T18:36:25+0200,288ee773-d794-4845-a128-ad60f322005b,2026-07-28T04:00:00Z,2026-07-28T06:00:00+0200,284.969805,MW,BE,BE,actual_onshore_wind_generation,Wind Onshore,2026-07-29T16:36:49Z
2026-07-29T16:36:25Z,2026-07-29T18:36:25+0200,288ee773-d794-4845-a128-ad60f322005b,2026-07-28T05:00:00Z,2026-07-28T07:00:00+0200,334.246622,MW,BE,BE,actual_onshore_wind_generation,Wind Onshore,2026-07-29T16:36:49Z
2026-07-29T16:36:25Z,2026-07-29T18:36:25+0200,288ee773-d794-4845-a128-ad60f322005b,2026-07-28T06:00:00Z,2026-07-28T08:00:00+0200,229.225934,MW,BE,BE,actual_onshore_wind_generation,Wind Onshore,2026-07-29T16:36:49Z
2026-07-29T16:36:25Z,2026-07-29T18:36:25+0200,288ee773-d794-4845-a128-ad60f322005b,2026-07-28T07:00:00Z,2026-07-28T09:00:00+0200,115.986299,MW,BE,BE,actual_onshore_wind_generation,Wind Onshore,2026-07-29T16:36:49Z
2026-07-29T16:36:25Z,2026-07-29T18:36:25+0200,288ee773-d794-4845-a128-ad60f322005b,2026-07-28T08:00:00Z,2026-07-28T10:00:00+0200,160.323862,MW,BE,BE,actual_onshore_wind_generation,Wind Onshore,2026-07-29T16:36:49Z
2026-07-29T16:36:25Z,2026-07-29T18:36:25+0200,288ee773-d794-4845-a128-ad60f322005b,2026-07-28T09:00:00Z,2026-07-28T11:00:00+0200,122.832046,MW,BE,BE,actual_onshore_wind_generation,Wind Onshore,2026-07-29T16:36:49Z
2026-07-29T16:36:25Z,2026-07-29T18:36:25+0200,288ee773-d794-4845-a128-ad60f322005b,2026-07-28T10:00:00Z,2026-07-28T12:00:00+0200,68.967558,MW,BE,BE,actual_onshore_wind_generation,Wind Onshore,2026-07-29T16:36:49Z
2026-07-29T16:36:25Z,2026-07-29T18:36:25+0200,288ee773-d794-4845-a128-ad60f322005b,2026-07-28T11:00:00Z,2026-07-28T13:00:00+0200,31.575079,MW,BE,BE,actual_onshore_wind_generation,Wind Onshore,2026-07-29T16:36:49Z
2026-07-29T16:36:25Z,2026-07-29T18:36:25+0200,288ee773-d794-4845-a128-ad60f322005b,2026-07-28T12:00:00Z,2026-07-28T14:00:00+0200,30.476453,MW,BE,BE,actual_onshore_wind_generation,Wind Onshore,2026-07-29T16:36:49Z
2026-07-29T16:36:25Z,2026-07-29T18:36:25+0200,288ee773-d794-4845-a128-ad60f322005b,2026-07-28T13:00:00Z,2026-07-28T15:00:00+0200,28.789116,MW,BE,BE,actual_onshore_wind_generation,Wind Onshore,2026-07-29T16:36:49Z
2026-07-29T16:36:25Z,2026-07-29T18:36:25+0200,288ee773-d794-4845-a128-ad60f322005b,2026-07-28T14:00:00Z,2026-07-28T16:00:00+0200,29.542579,MW,BE,BE,actual_onshore_wind_generation,Wind Onshore,2026-07-29T16:36:49Z
2026-07-29T16:36:25Z,2026-07-29T18:36:25+0200,288ee773-d794-4845-a128-ad60f322005b,2026-07-28T15:00:00Z,2026-07-28T17:00:00+0200,29.393081,MW,BE,BE,actual_onshore_wind_generation,Wind Onshore,2026-07-29T16:36:49Z
2026-07-29T16:36:25Z,2026-07-29T18:36:25+0200,288ee773-d794-4845-a128-ad60f322005b,2026-07-28T16:00:00Z,2026-07-28T18:00:00+0200,25.289893,MW,BE,BE,actual_onshore_wind_generation,Wind Onshore,2026-07-29T16:36:49Z
2026-07-29T16:36:25Z,2026-07-29T18:36:25+0200,288ee773-d794-4845-a128-ad60f322005b,2026-07-28T17:00:00Z,2026-07-28T19:00:00+0200,25.364744,MW,BE,BE,actual_onshore_wind_generation,Wind Onshore,2026-07-29T16:36:49Z
2026-07-29T16:36:25Z,2026-07-29T18:36:25+0200,288ee773-d794-4845-a128-ad60f322005b,2026-07-28T18:00:00Z,2026-07-28T20:00:00+0200,57.202407,MW,BE,BE,actual_onshore_wind_generation,Wind Onshore,2026-07-29T16:36:49Z
2026-07-29T16:36:25Z,2026-07-29T18:36:25+0200,288ee773-d794-4845-a128-ad60f322005b,2026-07-28T19:00:00Z,2026-07-28T21:00:00+0200,127.398465,MW,BE,BE,actual_onshore_wind_generation,Wind Onshore,2026-07-29T16:36:49Z
2026-07-29T16:36:25Z,2026-07-29T18:36:25+0200,288ee773-d794-4845-a128-ad60f322005b,2026-07-28T20:00:00Z,2026-07-28T22:00:00+0200,245.316162,MW,BE,BE,actual_onshore_wind_generation,Wind Onshore,2026-07-29T16:36:49Z
2026-07-29T16:36:25Z,2026-07-29T18:36:25+0200,288ee773-d794-4845-a128-ad60f322005b,2026-07-28T21:00:00Z,2026-07-28T23:00:00+0200,287.952627,MW,BE,BE,actual_onshore_wind_generation,Wind Onshore,2026-07-29T16:36:49Z
2026-07-29T16:36:25Z,2026-07-29T18:36:25+0200,288ee773-d794-4845-a128-ad60f322005b,2026-07-28T22:00:00Z,2026-07-29T00:00:00+0200,240.013808,MW,BE,BE,actual_onshore_wind_generation,Wind Onshore,2026-07-29T16:36:49Z
2026-07-29T16:36:25Z,2026-07-29T18:36:25+0200,288ee773-d794-4845-a128-ad60f322005b,2026-07-28T23:00:00Z,2026-07-29T01:00:00+0200,267.589254,MW,BE,BE,actual_onshore_wind_generation,Wind Onshore,2026-07-29T16:36:49Z
2026-07-29T16:36:25Z,2026-07-29T18:36:25+0200,288ee773-d794-4845-a128-ad60f322005b,2026-07-29T00:00:00Z,2026-07-29T02:00:00+0200,234.990414,MW,BE,BE,actual_onshore_wind_generation,Wind Onshore,2026-07-29T16:36:49Z
2026-07-29T16:36:25Z,2026-07-29T18:36:25+0200,288ee773-d794-4845-a128-ad60f322005b,2026-07-29T01:00:00Z,2026-07-29T03:00:00+0200,179.647839,MW,BE,BE,actual_onshore_wind_generation,Wind Onshore,2026-07-29T16:36:49Z
2026-07-29T16:36:25Z,2026-07-29T18:36:25+0200,288ee773-d794-4845-a128-ad60f322005b,2026-07-29T02:00:00Z,2026-07-29T04:00:00+0200,197.433354,MW,BE,BE,actual_onshore_wind_generation,Wind Onshore,2026-07-29T16:36:49Z
2026-07-29T16:36:25Z,2026-07-29T18:36:25+0200,288ee773-d794-4845-a128-ad60f322005b,2026-07-29T03:00:00Z,2026-07-29T05:00:00+0200,144.136739,MW,BE,BE,actual_onshore_wind_generation,Wind Onshore,2026-07-29T16:36:49Z
2026-07-29T16:36:25Z,2026-07-29T18:36:25+0200,288ee773-d794-4845-a128-ad60f322005b,2026-07-29T04:00:00Z,2026-07-29T06:00:00+0200,117.748916,MW,BE,BE,actual_onshore_wind_generation,Wind Onshore,2026-07-29T16:36:49Z
2026-07-29T16:36:25Z,2026-07-29T18:36:25+0200,288ee773-d794-4845-a128-ad60f322005b,2026-07-29T05:00:00Z,2026-07-29T07:00:00+0200,130.104181,MW,BE,BE,actual_onshore_wind_generation,Wind Onshore,2026-07-29T16:36:49Z
2026-07-29T16:36:25Z,2026-07-29T18:36:25+0200,288ee773-d794-4845-a128-ad60f322005b,2026-07-29T06:00:00Z,2026-07-29T08:00:00+0200,153.136974,MW,BE,BE,actual_onshore_wind_generation,Wind Onshore,2026-07-29T16:36:49Z
2026-07-29T16:36:25Z,2026-07-29T18:36:25+0200,288ee773-d794-4845-a128-ad60f322005b,2026-07-29T07:00:00Z,2026-07-29T09:00:00+0200,79.781067,MW,BE,BE,actual_onshore_wind_generation,Wind Onshore,2026-07-29T16:36:49Z
2026-07-29T16:36:25Z,2026-07-29T18:36:25+0200,288ee773-d794-4845-a128-ad60f322005b,2026-07-29T08:00:00Z,2026-07-29T10:00:00+0200,33.158811,MW,BE,BE,actual_onshore_wind_generation,Wind Onshore,2026-07-29T16:36:49Z
2026-07-29T16:36:25Z,2026-07-29T18:36:25+0200,288ee773-d794-4845-a128-ad60f322005b,2026-07-29T09:00:00Z,2026-07-29T11:00:00+0200,28.184336,MW,BE,BE,actual_onshore_wind_generation,Wind Onshore,2026-07-29T16:36:49Z
2026-07-29T16:36:25Z,2026-07-29T18:36:25+0200,288ee773-d794-4845-a128-ad60f322005b,2026-07-29T10:00:00Z,2026-07-29T12:00:00+0200,31.371313,MW,BE,BE,actual_onshore_wind_generation,Wind Onshore,2026-07-29T16:36:49Z
2026-07-29T16:36:25Z,2026-07-29T18:36:25+0200,288ee773-d794-4845-a128-ad60f322005b,2026-07-29T11:00:00Z,2026-07-29T13:00:00+0200,64.437659,MW,BE,BE,actual_onshore_wind_generation,Wind Onshore,2026-07-29T16:36:49Z
2026-07-29T16:36:25Z,2026-07-29T18:36:25+0200,288ee773-d794-4845-a128-ad60f322005b,2026-07-29T12:00:00Z,2026-07-29T14:00:00+0200,117.878167,MW,BE,BE,actual_onshore_wind_generation,Wind Onshore,2026-07-29T16:36:49Z
2026-07-29T16:36:25Z,2026-07-29T18:36:25+0200,288ee773-d794-4845-a128-ad60f322005b,2026-07-29T13:00:00Z,2026-07-29T15:00:00+0200,227.191947,MW,BE,BE,actual_onshore_wind_generation,Wind Onshore,2026-07-29T16:36:49Z
2026-07-29T16:36:25Z,2026-07-29T18:36:25+0200,288ee773-d794-4845-a128-ad60f322005b,2026-07-29T14:00:00Z,2026-07-29T16:00:00+0200,329.314854,MW,BE,BE,actual_onshore_wind_generation,Wind Onshore,2026-07-29T16:36:49Z
2026-07-29T16:36:25Z,2026-07-29T18:36:25+0200,288ee773-d794-4845-a128-ad60f322005b,2026-07-29T15:00:00Z,2026-07-29T17:00:00+0200,386.668656,MW,BE,BE,actual_onshore_wind_generation,Wind Onshore,2026-07-29T16:36:49Z
