collection_time_utc,collection_time_local,run_id,timestamp_utc,timestamp_local,value,unit,country,entsoe_area,variable,source,updated_at_utc
2026-09-17T06:26:14Z,2026-09-17T08:26:14+0200,6f4a8fec-ea51-4e84-bd8b-30a01fbc98bf,2026-09-10T06:30:00Z,2026-09-10T08:30:00+0200,122.0,MW,NL,NL,forecast_offshore_wind_generation,Wind Offshore,2026-09-17T06:28:35Z
2026-09-17T06:26:14Z,2026-09-17T08:26:14+0200,6f4a8fec-ea51-4e84-bd8b-30a01fbc98bf,2026-09-10T06:45:00Z,2026-09-10T08:45:00+0200,119.0,MW,NL,NL,forecast_offshore_wind_generation,Wind Offshore,2026-09-17T06:28:35Z
2026-09-17T06:26:14Z,2026-09-17T08:26:14+0200,6f4a8fec-ea51-4e84-bd8b-30a01fbc98bf,2026-09-10T07:00:00Z,2026-09-10T09:00:00+0200,117.0,MW,NL,NL,forecast_offshore_wind_generation,Wind Offshore,2026-09-17T06:28:35Z
2026-09-17T06:26:14Z,2026-09-17T08:26:14+0200,6f4a8fec-ea51-4e84-bd8b-30a01fbc98bf,2026-09-10T07:15:00Z,2026-09-10T09:15:00+0200,114.0,MW,NL,NL,forecast_offshore_wind_generation,Wind Offshore,2026-09-17T06:28:35Z
2026-09-17T06:26:14Z,2026-09-17T08:26:14+0200,6f4a8fec-ea51-4e84-bd8b-30a01fbc98bf,2026-09-10T07:30:00Z,2026-09-10T09:30:00+0200,110.0,MW,NL,NL,forecast_offshore_wind_generation,Wind Offshore,2026-09-17T06:28:35Z
2026-09-17T06:26:14Z,2026-09-17T08:26:14+0200,6f4a8fec-ea51-4e84-bd8b-30a01fbc98bf,2026-09-10T07:45:00Z,2026-09-10T09:45:00+0200,107.0,MW,NL,NL,forecast_offshore_wind_generation,Wind Offshore,2026-09-17T06:28:35Z
2026-09-17T06:26:14Z,2026-09-17T08:26:14+0200,6f4a8fec-ea51-4e84-bd8b-30a01fbc98bf,2026-09-10T08:00:00Z,2026-09-10T10:00:00+0200,103.0,MW,NL,NL,forecast_offshore_wind_generation,Wind Offshore,2026-09-17T06:28:35Z
2026-09-17T06:26:14Z,2026-09-17T08:26:14+0200,6f4a8fec-ea51-4e84-bd8b-30a01fbc98bf,2026-09-10T08:15:00Z,2026-09-10T10:15:00+0200,100.0,MW,NL,NL,forecast_offshore_wind_generation,Wind Offshore,2026-09-17T06:28:35Z
2026-09-17T06:26:14Z,2026-09-17T08:26:14+0200,6f4a8fec-ea51-4e84-bd8b-30a01fbc98bf,2026-09-10T08:30:00Z,2026-09-10T10:30:00+0200,97.0,MW,NL,NL,forecast_offshore_wind_generation,Wind Offshore,2026-09-17T06:28:35Z
2026-09-17T06:26:14Z,2026-09-17T08:26:14+0200,6f4a8fec-ea51-4e84-bd8b-30a01fbc98bf,2026-09-10T08:45:00Z,2026-09-10T10:45:00+0200,94.0,MW,NL,NL,forecast_offshore_wind_generation,Wind Offshore,2026-09-17T06:28:35Z
2026-09-17T06:26:14Z,2026-09-17T08:26:14+0200,6f4a8fec-ea51-4e84-bd8b-30a01fbc98bf,2026-09-10T09:00:00Z,2026-09-10T11:00:00+0200,91.0,MW,NL,NL,forecast_offshore_wind_generation,Wind Offshore,2026-09-17T06:28:35Z
2026-09-17T06:26:14Z,2026-09-17T08:26:14+0200,6f4a8fec-ea51-4e84-bd8b-30a01fbc98bf,2026-09-10T09:15:00Z,2026-09-10T11:15:00+0200,93.0,MW,NL,NL,forecast_offshore_wind_generation,Wind Offshore,2026-09-17T06:28:35Z
2026-09-17T06:26:14Z,2026-09-17T08:26:14+0200,6f4a8fec-ea51-4e84-bd8b-30a01fbc98bf,2026-09-10T09:30:00Z,2026-09-10T11:30:00+0200,101.0,MW,NL,NL,forecast_offshore_wind_generation,Wind Offshore,2026-09-17T06:28:35Z
2026-09-17T06:26:14Z,2026-09-17T08:26:14+0200,6f4a8fec-ea51-4e84-bd8b-30a01fbc98bf,2026-09-10T09:45:00Z,2026-09-10T11:45:00+0200,108.0,MW,NL,NL,forecast_offshore_wind_generation,Wind Offshore,2026-09-17T06:28:35Z
2026-09-17T06:26:14Z,2026-09-17T08:26:14+0200,6f4a8fec-ea51-4e84-bd8b-30a01fbc98bf,2026-09-10T10:00:00Z,2026-09-10T12:00:00+0200,116.0,MW,NL,NL,forecast_offshore_wind_generation,Wind Offshore,2026-09-17T06:28:35Z
2026-09-17T06:26:14Z,2026-09-17T08:26:14+0200,6f4a8fec-ea51-4e84-bd8b-30a01fbc98bf,2026-09-10T10:15:00Z,2026-09-10T12:15:00+0200,131.0,MW,NL,NL,forecast_offshore_wind_generation,Wind Offshore,2026-09-17T06:28:35Z
2026-09-17T06:26:14Z,2026-09-17T08:26:14+0200,6f4a8fec-ea51-4e84-bd8b-30a01fbc98bf,2026-09-10T10:30:00Z,2026-09-10T12:30:00+0200,153.0,MW,NL,NL,forecast_offshore_wind_generation,Wind Offshore,2026-09-17T06:28:35Z
2026-09-17T06:26:14Z,2026-09-17T08:26:14+0200,6f4a8fec-ea51-4e84-bd8b-30a01fbc98bf,2026-09-10T10:45:00Z,2026-09-10T12:45:00+0200,175.0,MW,NL,NL,forecast_offshore_wind_generation,Wind Offshore,2026-09-17T06:28:35Z
2026-09-17T06:26:14Z,2026-09-17T08:26:14+0200,6f4a8fec-ea51-4e84-bd8b-30a01fbc98bf,2026-09-10T11:00:00Z,2026-09-10T13:00:00+0200,197.0,MW,NL,NL,forecast_offshore_wind_generation,Wind Offshore,2026-09-17T06:28:35Z
2026-09-17T06:26:14Z,2026-09-17T08:26:14+0200,6f4a8fec-ea51-4e84-bd8b-30a01fbc98bf,2026-09-10T11:15:00Z,2026-09-10T13:15:00+0200,220.0,MW,NL,NL,forecast_offshore_wind_generation,Wind Offshore,2026-09-17T06:28:35Z
2026-09-17T06:26:14Z,2026-09-17T08:26:14+0200,6f4a8fec-ea51-4e84-bd8b-30a01fbc98bf,2026-09-10T11:30:00Z,2026-09-10T13:30:00+0200,243.0,MW,NL,NL,forecast_offshore_wind_generation,Wind Offshore,2026-09-17T06:28:35Z
2026-09-17T06:26:14Z,2026-09-17T08:26:14+0200,6f4a8fec-ea51-4e84-bd8b-30a01fbc98bf,2026-09-10T11:45:00Z,2026-09-10T13:45:00+0200,266.0,MW,NL,NL,forecast_offshore_wind_generation,Wind Offshore,2026-09-17T06:28:35Z
2026-09-17T06:26:14Z,2026-09-17T08:26:14+0200,6f4a8fec-ea51-4e84-bd8b-30a01fbc98bf,2026-09-10T12:00:00Z,2026-09-10T14:00:00+0200,289.0,MW,NL,NL,forecast_offshore_wind_generation,Wind Offshore,2026-09-17T06:28:35Z
2026-09-17T06:26:14Z,2026-09-17T08:26:14+0200,6f4a8fec-ea51-4e84-bd8b-30a01fbc98bf,2026-09-10T12:15:00Z,2026-09-10T14:15:00+0200,301.0,MW,NL,NL,forecast_offshore_wind_generation,Wind Offshore,2026-09-17T06:28:35Z
2026-09-17T06:26:14Z,2026-09-17T08:26:14+0200,6f4a8fec-ea51-4e84-bd8b-30a01fbc98bf,2026-09-10T12:30:00Z,2026-09-10T14:30:00+0200,303.0,MW,NL,NL,forecast_offshore_wind_generation,Wind Offshore,2026-09-17T06:28:35Z
2026-09-17T06:26:14Z,2026-09-17T08:26:14+0200,6f4a8fec-ea51-4e84-bd8b-30a01fbc98bf,2026-09-10T12:45:00Z,2026-09-10T14:45:00+0200,305.0,MW,NL,NL,forecast_offshore_wind_generation,Wind Offshore,2026-09-17T06:28:35Z
2026-09-17T06:26:14Z,2026-09-17T08:26:14+0200,6f4a8fec-ea51-4e84-bd8b-30a01fbc98bf,2026-09-10T13:00:00Z,2026-09-10T15:00:00+0200,307.0,MW,NL,NL,forecast_offshore_wind_generation,Wind Offshore,2026-09-17T06:28:35Z
2026-09-17T06:26:14Z,2026-09-17T08:26:14+0200,6f4a8fec-ea51-4e84-bd8b-30a01fbc98bf,2026-09-10T13:15:00Z,2026-09-10T15:15:00+0200,309.0,MW,NL,NL,forecast_offshore_wind_generation,Wind Offshore,2026-09-17T06:28:35Z
2026-09-17T06:26:14Z,2026-09-17T08:26:14+0200,6f4a8fec-ea51-4e84-bd8b-30a01fbc98bf,2026-09-10T13:30:00Z,2026-09-10T15:30:00+0200,311.0,MW,NL,NL,forecast_offshore_wind_generation,Wind Offshore,2026-09-17T06:28:35Z
2026-09-17T06:26:14Z,2026-09-17T08:26:14+0200,6f4a8fec-ea51-4e84-bd8b-30a01fbc98bf,2026-09-10T13:45:00Z,2026-09-10T15:45:00+0200,313.0,MW,NL,NL,forecast_offshore_wind_generation,Wind Offshore,2026-09-17T06:28:35Z
2026-09-17T06:26:14Z,2026-09-17T08:26:14+0200,6f4a8fec-ea51-4e84-bd8b-30a01fbc98bf,2026-09-10T14:00:00Z,2026-09-10T16:00:00+0200,315.0,MW,NL,NL,forecast_offshore_wind_generation,Wind Offshore,2026-09-17T06:28:35Z
2026-09-17T06:26:14Z,2026-09-17T08:26:14+0200,6f4a8fec-ea51-4e84-bd8b-30a01fbc98bf,2026-09-10T14:15:00Z,2026-09-10T16:15:00+0200,320.0,MW,NL,NL,forecast_offshore_wind_generation,Wind Offshore,2026-09-17T06:28:35Z
2026-09-17T06:26:14Z,2026-09-17T08:26:14+0200,6f4a8fec-ea51-4e84-bd8b-30a01fbc98bf,2026-09-10T14:30:00Z,2026-09-10T16:30:00+0200,326.0,MW,NL,NL,forecast_offshore_wind_generation,Wind Offshore,2026-09-17T06:28:35Z
2026-09-17T06:26:14Z,2026-09-17T08:26:14+0200,6f4a8fec-ea51-4e84-bd8b-30a01fbc98bf,2026-09-10T14:45:00Z,2026-09-10T16:45:00+0200,333.0,MW,NL,NL,forecast_offshore_wind_generation,Wind Offshore,2026-09-17T06:28:35Z
2026-09-17T06:26:14Z,2026-09-17T08:26:14+0200,6f4a8fec-ea51-4e84-bd8b-30a01fbc98bf,2026-09-10T15:00:00Z,2026-09-10T17:00:00+0200,340.0,MW,NL,NL,forecast_offshore_wind_generation,Wind Offshore,2026-09-17T06:28:35Z
2026-09-17T06:26:14Z,2026-09-17T08:26:14+0200,6f4a8fec-ea51-4e84-bd8b-30a01fbc98bf,2026-09-10T15:15:00Z,2026-09-10T17:15:00+0200,342.0,MW,NL,NL,forecast_offshore_wind_generation,Wind Offshore,2026-09-17T06:28:35Z
2026-09-17T06:26:14Z,2026-09-17T08:26:14+0200,6f4a8fec-ea51-4e84-bd8b-30a01fbc98bf,2026-09-10T15:30:00Z,2026-09-10T17:30:00+0200,340.0,MW,NL,NL,forecast_offshore_wind_generation,Wind Offshore,2026-09-17T06:28:35Z
2026-09-17T06:26:14Z,2026-09-17T08:26:14+0200,6f4a8fec-ea51-4e84-bd8b-30a01fbc98bf,2026-09-10T15:45:00Z,2026-09-10T17:45:00+0200,338.0,MW,NL,NL,forecast_offshore_wind_generation,Wind Offshore,2026-09-17T06:28:35Z
2026-09-17T06:26:14Z,2026-09-17T08:26:14+0200,6f4a8fec-ea51-4e84-bd8b-30a01fbc98bf,2026-09-10T16:00:00Z,2026-09-10T18:00:00+0200,336.0,MW,NL,NL,forecast_offshore_wind_generation,Wind Offshore,2026-09-17T06:28:35Z
2026-09-17T06:26:14Z,2026-09-17T08:26:14+0200,6f4a8fec-ea51-4e84-bd8b-30a01fbc98bf,2026-09-10T16:15:00Z,2026-09-10T18:15:00+0200,329.0,MW,NL,NL,forecast_offshore_wind_generation,Wind Offshore,2026-09-17T06:28:35Z
2026-09-17T06:26:14Z,2026-09-17T08:26:14+0200,6f4a8fec-ea51-4e84-bd8b-30a01fbc98bf,2026-09-10T16:30:00Z,2026-09-10T18:30:00+0200,316.0,MW,NL,NL,forecast_offshore_wind_generation,Wind Offshore,2026-09-17T06:28:35Z
2026-09-17T06:26:14Z,2026-09-17T08:26:14+0200,6f4a8fec-ea51-4e84-bd8b-30a01fbc98bf,2026-09-10T16:45:00Z,2026-09-10T18:45:00+0200,303.0,MW,NL,NL,forecast_offshore_wind_generation,Wind Offshore,2026-09-17T06:28:35Z
2026-09-17T06:26:14Z,2026-09-17T08:26:14+0200,6f4a8fec-ea51-4e84-bd8b-30a01fbc98bf,2026-09-10T17:00:00Z,2026-09-10T19:00:00+0200,291.0,MW,NL,NL,forecast_offshore_wind_generation,Wind Offshore,2026-09-17T06:28:35Z
2026-09-17T06:26:14Z,2026-09-17T08:26:14+0200,6f4a8fec-ea51-4e84-bd8b-30a01fbc98bf,2026-09-10T17:15:00Z,2026-09-10T19:15:00+0200,281.0,MW,NL,NL,forecast_offshore_wind_generation,Wind Offshore,2026-09-17T06:28:35Z
2026-09-17T06:26:14Z,2026-09-17T08:26:14+0200,6f4a8fec-ea51-4e84-bd8b-30a01fbc98bf,2026-09-10T17:30:00Z,2026-09-10T19:30:00+0200,274.0,MW,NL,NL,forecast_offshore_wind_generation,Wind Offshore,2026-09-17T06:28:35Z
2026-09-17T06:26:14Z,2026-09-17T08:26:14+0200,6f4a8fec-ea51-4e84-bd8b-30a01fbc98bf,2026-09-10T17:45:00Z,2026-09-10T19:45:00+0200,266.0,MW,NL,NL,forecast_offshore_wind_generation,Wind Offshore,2026-09-17T06:28:35Z
2026-09-17T06:26:14Z,2026-09-17T08:26:14+0200,6f4a8fec-ea51-4e84-bd8b-30a01fbc98bf,2026-09-10T18:00:00Z,2026-09-10T20:00:00+0200,259.0,MW,NL,NL,forecast_offshore_wind_generation,Wind Offshore,2026-09-17T06:28:35Z
2026-09-17T06:26:14Z,2026-09-17T08:26:14+0200,6f4a8fec-ea51-4e84-bd8b-30a01fbc98bf,2026-09-10T18:15:00Z,2026-09-10T20:15:00+0200,256.0,MW,NL,NL,forecast_offshore_wind_generation,Wind Offshore,2026-09-17T06:28:35Z
2026-09-17T06:26:14Z,2026-09-17T08:26:14+0200,6f4a8fec-ea51-4e84-bd8b-30a01fbc98bf,2026-09-10T18:30:00Z,2026-09-10T20:30:00+0200,259.0,MW,NL,NL,forecast_offshore_wind_generation,Wind Offshore,2026-09-17T06:28:35Z
2026-09-17T06:26:14Z,2026-09-17T08:26:14+0200,6f4a8fec-ea51-4e84-bd8b-30a01fbc98bf,2026-09-10T18:45:00Z,2026-09-10T20:45:00+0200,261.0,MW,NL,NL,forecast_offshore_wind_generation,Wind Offshore,2026-09-17T06:28:35Z
2026-09-17T06:26:14Z,2026-09-17T08:26:14+0200,6f4a8fec-ea51-4e84-bd8b-30a01fbc98bf,2026-09-10T19:00:00Z,2026-09-10T21:00:00+0200,263.0,MW,NL,NL,forecast_offshore_wind_generation,Wind Offshore,2026-09-17T06:28:35Z
2026-09-17T06:26:14Z,2026-09-17T08:26:14+0200,6f4a8fec-ea51-4e84-bd8b-30a01fbc98bf,2026-09-10T19:15:00Z,2026-09-10T21:15:00+0200,267.0,MW,NL,NL,forecast_offshore_wind_generation,Wind Offshore,2026-09-17T06:28:35Z
2026-09-17T06:26:14Z,2026-09-17T08:26:14+0200,6f4a8fec-ea51-4e84-bd8b-30a01fbc98bf,2026-09-10T19:30:00Z,2026-09-10T21:30:00+0200,273.0,MW,NL,NL,forecast_offshore_wind_generation,Wind Offshore,2026-09-17T06:28:35Z
2026-09-17T06:26:14Z,2026-09-17T08:26:14+0200,6f4a8fec-ea51-4e84-bd8b-30a01fbc98bf,2026-09-10T19:45:00Z,2026-09-10T21:45:00+0200,280.0,MW,NL,NL,forecast_offshore_wind_generation,Wind Offshore,2026-09-17T06:28:35Z
2026-09-17T06:26:14Z,2026-09-17T08:26:14+0200,6f4a8fec-ea51-4e84-bd8b-30a01fbc98bf,2026-09-10T20:00:00Z,2026-09-10T22:00:00+0200,286.0,MW,NL,NL,forecast_offshore_wind_generation,Wind Offshore,2026-09-17T06:28:35Z
2026-09-17T06:26:14Z,2026-09-17T08:26:14+0200,6f4a8fec-ea51-4e84-bd8b-30a01fbc98bf,2026-09-10T20:15:00Z,2026-09-10T22:15:00+0200,294.0,MW,NL,NL,forecast_offshore_wind_generation,Wind Offshore,2026-09-17T06:28:35Z
2026-09-17T06:26:14Z,2026-09-17T08:26:14+0200,6f4a8fec-ea51-4e84-bd8b-30a01fbc98bf,2026-09-10T20:30:00Z,2026-09-10T22:30:00+0200,304.0,MW,NL,NL,forecast_offshore_wind_generation,Wind Offshore,2026-09-17T06:28:35Z
2026-09-17T06:26:14Z,2026-09-17T08:26:14+0200,6f4a8fec-ea51-4e84-bd8b-30a01fbc98bf,2026-09-10T20:45:00Z,2026-09-10T22:45:00+0200,314.0,MW,NL,NL,forecast_offshore_wind_generation,Wind Offshore,2026-09-17T06:28:35Z
2026-09-17T06:26:14Z,2026-09-17T08:26:14+0200,6f4a8fec-ea51-4e84-bd8b-30a01fbc98bf,2026-09-10T21:00:00Z,2026-09-10T23:00:00+0200,324.0,MW,NL,NL,forecast_offshore_wind_generation,Wind Offshore,2026-09-17T06:28:35Z
2026-09-17T06:26:14Z,2026-09-17T08:26:14+0200,6f4a8fec-ea51-4e84-bd8b-30a01fbc98bf,2026-09-10T21:15:00Z,2026-09-10T23:15:00+0200,339.0,MW,NL,NL,forecast_offshore_wind_generation,Wind Offshore,2026-09-17T06:28:35Z
2026-09-17T06:26:14Z,2026-09-17T08:26:14+0200,6f4a8fec-ea51-4e84-bd8b-30a01fbc98bf,2026-09-10T21:30:00Z,2026-09-10T23:30:00+0200,358.0,MW,NL,NL,forecast_offshore_wind_generation,Wind Offshore,2026-09-17T06:28:35Z
2026-09-17T06:26:14Z,2026-09-17T08:26:14+0200,6f4a8fec-ea51-4e84-bd8b-30a01fbc98bf,2026-09-10T21:45:00Z,2026-09-10T23:45:00+0200,376.0,MW,NL,NL,forecast_offshore_wind_generation,Wind Offshore,2026-09-17T06:28:35Z
2026-09-17T06:26:14Z,2026-09-17T08:26:14+0200,6f4a8fec-ea51-4e84-bd8b-30a01fbc98bf,2026-09-10T22:00:00Z,2026-09-11T00:00:00+0200,437.0,MW,NL,NL,forecast_offshore_wind_generation,Wind Offshore,2026-09-17T06:28:35Z
2026-09-17T06:26:14Z,2026-09-17T08:26:14+0200,6f4a8fec-ea51-4e84-bd8b-30a01fbc98bf,2026-09-10T22:15:00Z,2026-09-11T00:15:00+0200,450.0,MW,NL,NL,forecast_offshore_wind_generation,Wind Offshore,2026-09-17T06:28:35Z
2026-09-17T06:26:14Z,2026-09-17T08:26:14+0200,6f4a8fec-ea51-4e84-bd8b-30a01fbc98bf,2026-09-10T22:30:00Z,2026-09-11T00:30:00+0200,469.0,MW,NL,NL,forecast_offshore_wind_generation,Wind Offshore,2026-09-17T06:28:35Z
2026-09-17T06:26:14Z,2026-09-17T08:26:14+0200,6f4a8fec-ea51-4e84-bd8b-30a01fbc98bf,2026-09-10T22:45:00Z,2026-09-11T00:45:00+0200,487.0,MW,NL,NL,forecast_offshore_wind_generation,Wind Offshore,2026-09-17T06:28:35Z
2026-09-17T06:26:14Z,2026-09-17T08:26:14+0200,6f4a8fec-ea51-4e84-bd8b-30a01fbc98bf,2026-09-10T23:00:00Z,2026-09-11T01:00:00+0200,506.0,MW,NL,NL,forecast_offshore_wind_generation,Wind Offshore,2026-09-17T06:28:35Z
2026-09-17T06:26:14Z,2026-09-17T08:26:14+0200,6f4a8fec-ea51-4e84-bd8b-30a01fbc98bf,2026-09-10T23:15:00Z,2026-09-11T01:15:00+0200,523.0,MW,NL,NL,forecast_offshore_wind_generation,Wind Offshore,2026-09-17T06:28:35Z
2026-09-17T06:26:14Z,2026-09-17T08:26:14+0200,6f4a8fec-ea51-4e84-bd8b-30a01fbc98bf,2026-09-10T23:30:00Z,2026-09-11T01:30:00+0200,540.0,MW,NL,NL,forecast_offshore_wind_generation,Wind Offshore,2026-09-17T06:28:35Z
2026-09-17T06:26:14Z,2026-09-17T08:26:14+0200,6f4a8fec-ea51-4e84-bd8b-30a01fbc98bf,2026-09-10T23:45:00Z,2026-09-11T01:45:00+0200,557.0,MW,NL,NL,forecast_offshore_wind_generation,Wind Offshore,2026-09-17T06:28:35Z
2026-09-17T06:26:14Z,2026-09-17T08:26:14+0200,6f4a8fec-ea51-4e84-bd8b-30a01fbc98bf,2026-09-11T00:00:00Z,2026-09-11T02:00:00+0200,574.0,MW,NL,NL,forecast_offshore_wind_generation,Wind Offshore,2026-09-17T06:28:35Z
2026-09-17T06:26:14Z,2026-09-17T08:26:14+0200,6f4a8fec-ea51-4e84-bd8b-30a01fbc98bf,2026-09-11T00:15:00Z,2026-09-11T02:15:00+0200,586.0,MW,NL,NL,forecast_offshore_wind_generation,Wind Offshore,2026-09-17T06:28:35Z
2026-09-17T06:26:14Z,2026-09-17T08:26:14+0200,6f4a8fec-ea51-4e84-bd8b-30a01fbc98bf,2026-09-11T00:30:00Z,2026-09-11T02:30:00+0200,593.0,MW,NL,NL,forecast_offshore_wind_generation,Wind Offshore,2026-09-17T06:28:35Z
2026-09-17T06:26:14Z,2026-09-17T08:26:14+0200,6f4a8fec-ea51-4e84-bd8b-30a01fbc98bf,2026-09-11T00:45:00Z,2026-09-11T02:45:00+0200,600.0,MW,NL,NL,forecast_offshore_wind_generation,Wind Offshore,2026-09-17T06:28:35Z
2026-09-17T06:26:14Z,2026-09-17T08:26:14+0200,6f4a8fec-ea51-4e84-bd8b-30a01fbc98bf,2026-09-11T01:00:00Z,2026-09-11T03:00:00+0200,607.0,MW,NL,NL,forecast_offshore_wind_generation,Wind Offshore,2026-09-17T06:28:35Z
2026-09-17T06:26:14Z,2026-09-17T08:26:14+0200,6f4a8fec-ea51-4e84-bd8b-30a01fbc98bf,2026-09-11T01:15:00Z,2026-09-11T03:15:00+0200,614.0,MW,NL,NL,forecast_offshore_wind_generation,Wind Offshore,2026-09-17T06:28:35Z
2026-09-17T06:26:14Z,2026-09-17T08:26:14+0200,6f4a8fec-ea51-4e84-bd8b-30a01fbc98bf,2026-09-11T01:30:00Z,2026-09-11T03:30:00+0200,622.0,MW,NL,NL,forecast_offshore_wind_generation,Wind Offshore,2026-09-17T06:28:35Z
2026-09-17T06:26:14Z,2026-09-17T08:26:14+0200,6f4a8fec-ea51-4e84-bd8b-30a01fbc98bf,2026-09-11T01:45:00Z,2026-09-11T03:45:00+0200,630.0,MW,NL,NL,forecast_offshore_wind_generation,Wind Offshore,2026-09-17T06:28:35Z
2026-09-17T06:26:14Z,2026-09-17T08:26:14+0200,6f4a8fec-ea51-4e84-bd8b-30a01fbc98bf,2026-09-11T02:00:00Z,2026-09-11T04:00:00+0200,638.0,MW,NL,NL,forecast_offshore_wind_generation,Wind Offshore,2026-09-17T06:28:35Z
2026-09-17T06:26:14Z,2026-09-17T08:26:14+0200,6f4a8fec-ea51-4e84-bd8b-30a01fbc98bf,2026-09-11T02:15:00Z,2026-09-11T04:15:00+0200,644.0,MW,NL,NL,forecast_offshore_wind_generation,Wind Offshore,2026-09-17T06:28:35Z
2026-09-17T06:26:14Z,2026-09-17T08:26:14+0200,6f4a8fec-ea51-4e84-bd8b-30a01fbc98bf,2026-09-11T02:30:00Z,2026-09-11T04:30:00+0200,648.0,MW,NL,NL,forecast_offshore_wind_generation,Wind Offshore,2026-09-17T06:28:35Z
2026-09-17T06:26:14Z,2026-09-17T08:26:14+0200,6f4a8fec-ea51-4e84-bd8b-30a01fbc98bf,2026-09-11T02:45:00Z,2026-09-11T04:45:00+0200,651.0,MW,NL,NL,forecast_offshore_wind_generation,Wind Offshore,2026-09-17T06:28:35Z
2026-09-17T06:26:14Z,2026-09-17T08:26:14+0200,6f4a8fec-ea51-4e84-bd8b-30a01fbc98bf,2026-09-11T03:00:00Z,2026-09-11T05:00:00+0200,655.0,MW,NL,NL,forecast_offshore_wind_generation,Wind Offshore,2026-09-17T06:28:35Z
2026-09-17T06:26:14Z,2026-09-17T08:26:14+0200,6f4a8fec-ea51-4e84-bd8b-30a01fbc98bf,2026-09-11T03:15:00Z,2026-09-11T05:15:00+0200,658.0,MW,NL,NL,forecast_offshore_wind_generation,Wind Offshore,2026-09-17T06:28:35Z
2026-09-17T06:26:14Z,2026-09-17T08:26:14+0200,6f4a8fec-ea51-4e84-bd8b-30a01fbc98bf,2026-09-11T03:30:00Z,2026-09-11T05:30:00+0200,659.0,MW,NL,NL,forecast_offshore_wind_generation,Wind Offshore,2026-09-17T06:28:35Z
2026-09-17T06:26:14Z,2026-09-17T08:26:14+0200,6f4a8fec-ea51-4e84-bd8b-30a01fbc98bf,2026-09-11T03:45:00Z,2026-09-11T05:45:00+0200,661.0,MW,NL,NL,forecast_offshore_wind_generation,Wind Offshore,2026-09-17T06:28:35Z
2026-09-17T06:26:14Z,2026-09-17T08:26:14+0200,6f4a8fec-ea51-4e84-bd8b-30a01fbc98bf,2026-09-11T04:00:00Z,2026-09-11T06:00:00+0200,663.0,MW,NL,NL,forecast_offshore_wind_generation,Wind Offshore,2026-09-17T06:28:35Z
2026-09-17T06:26:14Z,2026-09-17T08:26:14+0200,6f4a8fec-ea51-4e84-bd8b-30a01fbc98bf,2026-09-11T04:15:00Z,2026-09-11T06:15:00+0200,676.0,MW,NL,NL,forecast_offshore_wind_generation,Wind Offshore,2026-09-17T06:28:35Z
2026-09-17T06:26:14Z,2026-09-17T08:26:14+0200,6f4a8fec-ea51-4e84-bd8b-30a01fbc98bf,2026-09-11T04:30:00Z,2026-09-11T06:30:00+0200,700.0,MW,NL,NL,forecast_offshore_wind_generation,Wind Offshore,2026-09-17T06:28:35Z
2026-09-17T06:26:14Z,2026-09-17T08:26:14+0200,6f4a8fec-ea51-4e84-bd8b-30a01fbc98bf,2026-09-11T04:45:00Z,2026-09-11T06:45:00+0200,725.0,MW,NL,NL,forecast_offshore_wind_generation,Wind Offshore,2026-09-17T06:28:35Z
2026-09-17T06:26:14Z,2026-09-17T08:26:14+0200,6f4a8fec-ea51-4e84-bd8b-30a01fbc98bf,2026-09-11T05:00:00Z,2026-09-11T07:00:00+0200,749.0,MW,NL,NL,forecast_offshore_wind_generation,Wind Offshore,2026-09-17T06:28:35Z
2026-09-17T06:26:14Z,2026-09-17T08:26:14+0200,6f4a8fec-ea51-4e84-bd8b-30a01fbc98bf,2026-09-11T05:15:00Z,2026-09-11T07:15:00+0200,770.0,MW,NL,NL,forecast_offshore_wind_generation,Wind Offshore,2026-09-17T06:28:35Z
2026-09-17T06:26:14Z,2026-09-17T08:26:14+0200,6f4a8fec-ea51-4e84-bd8b-30a01fbc98bf,2026-09-11T05:30:00Z,2026-09-11T07:30:00+0200,788.0,MW,NL,NL,forecast_offshore_wind_generation,Wind Offshore,2026-09-17T06:28:35Z
2026-09-17T06:26:14Z,2026-09-17T08:26:14+0200,6f4a8fec-ea51-4e84-bd8b-30a01fbc98bf,2026-09-11T05:45:00Z,2026-09-11T07:45:00+0200,805.0,MW,NL,NL,forecast_offshore_wind_generation,Wind Offshore,2026-09-17T06:28:35Z
2026-09-17T06:26:14Z,2026-09-17T08:26:14+0200,6f4a8fec-ea51-4e84-bd8b-30a01fbc98bf,2026-09-11T06:00:00Z,2026-09-11T08:00:00+0200,823.0,MW,NL,NL,forecast_offshore_wind_generation,Wind Offshore,2026-09-17T06:28:35Z
2026-09-17T06:26:14Z,2026-09-17T08:26:14+0200,6f4a8fec-ea51-4e84-bd8b-30a01fbc98bf,2026-09-11T06:15:00Z,2026-09-11T08:15:00+0200,809.0,MW,NL,NL,forecast_offshore_wind_generation,Wind Offshore,2026-09-17T06:28:35Z
2026-09-17T06:26:14Z,2026-09-17T08:26:14+0200,6f4a8fec-ea51-4e84-bd8b-30a01fbc98bf,2026-09-11T06:30:00Z,2026-09-11T08:30:00+0200,763.0,MW,NL,NL,forecast_offshore_wind_generation,Wind Offshore,2026-09-17T06:28:35Z
2026-09-17T06:26:14Z,2026-09-17T08:26:14+0200,6f4a8fec-ea51-4e84-bd8b-30a01fbc98bf,2026-09-11T06:45:00Z,2026-09-11T08:45:00+0200,718.0,MW,NL,NL,forecast_offshore_wind_generation,Wind Offshore,2026-09-17T06:28:35Z
2026-09-17T06:26:14Z,2026-09-17T08:26:14+0200,6f4a8fec-ea51-4e84-bd8b-30a01fbc98bf,2026-09-11T07:00:00Z,2026-09-11T09:00:00+0200,672.0,MW,NL,NL,forecast_offshore_wind_generation,Wind Offshore,2026-09-17T06:28:35Z
2026-09-17T06:26:14Z,2026-09-17T08:26:14+0200,6f4a8fec-ea51-4e84-bd8b-30a01fbc98bf,2026-09-11T07:15:00Z,2026-09-11T09:15:00+0200,627.0,MW,NL,NL,forecast_offshore_wind_generation,Wind Offshore,2026-09-17T06:28:35Z
2026-09-17T06:26:14Z,2026-09-17T08:26:14+0200,6f4a8fec-ea51-4e84-bd8b-30a01fbc98bf,2026-09-11T07:30:00Z,2026-09-11T09:30:00+0200,581.0,MW,NL,NL,forecast_offshore_wind_generation,Wind Offshore,2026-09-17T06:28:35Z
2026-09-17T06:26:14Z,2026-09-17T08:26:14+0200,6f4a8fec-ea51-4e84-bd8b-30a01fbc98bf,2026-09-11T07:45:00Z,2026-09-11T09:45:00+0200,536.0,MW,NL,NL,forecast_offshore_wind_generation,Wind Offshore,2026-09-17T06:28:35Z
2026-09-17T06:26:14Z,2026-09-17T08:26:14+0200,6f4a8fec-ea51-4e84-bd8b-30a01fbc98bf,2026-09-11T08:00:00Z,2026-09-11T10:00:00+0200,490.0,MW,NL,NL,forecast_offshore_wind_generation,Wind Offshore,2026-09-17T06:28:35Z
2026-09-17T06:26:14Z,2026-09-17T08:26:14+0200,6f4a8fec-ea51-4e84-bd8b-30a01fbc98bf,2026-09-11T08:15:00Z,2026-09-11T10:15:00+0200,456.0,MW,NL,NL,forecast_offshore_wind_generation,Wind Offshore,2026-09-17T06:28:35Z
2026-09-17T06:26:14Z,2026-09-17T08:26:14+0200,6f4a8fec-ea51-4e84-bd8b-30a01fbc98bf,2026-09-11T08:30:00Z,2026-09-11T10:30:00+0200,434.0,MW,NL,NL,forecast_offshore_wind_generation,Wind Offshore,2026-09-17T06:28:35Z
2026-09-17T06:26:14Z,2026-09-17T08:26:14+0200,6f4a8fec-ea51-4e84-bd8b-30a01fbc98bf,2026-09-11T08:45:00Z,2026-09-11T10:45:00+0200,411.0,MW,NL,NL,forecast_offshore_wind_generation,Wind Offshore,2026-09-17T06:28:35Z
2026-09-17T06:26:14Z,2026-09-17T08:26:14+0200,6f4a8fec-ea51-4e84-bd8b-30a01fbc98bf,2026-09-11T09:00:00Z,2026-09-11T11:00:00+0200,389.0,MW,NL,NL,forecast_offshore_wind_generation,Wind Offshore,2026-09-17T06:28:35Z
2026-09-17T06:26:14Z,2026-09-17T08:26:14+0200,6f4a8fec-ea51-4e84-bd8b-30a01fbc98bf,2026-09-11T09:15:00Z,2026-09-11T11:15:00+0200,380.0,MW,NL,NL,forecast_offshore_wind_generation,Wind Offshore,2026-09-17T06:28:35Z
2026-09-17T06:26:14Z,2026-09-17T08:26:14+0200,6f4a8fec-ea51-4e84-bd8b-30a01fbc98bf,2026-09-11T09:30:00Z,2026-09-11T11:30:00+0200,386.0,MW,NL,NL,forecast_offshore_wind_generation,Wind Offshore,2026-09-17T06:28:35Z
2026-09-17T06:26:14Z,2026-09-17T08:26:14+0200,6f4a8fec-ea51-4e84-bd8b-30a01fbc98bf,2026-09-11T09:45:00Z,2026-09-11T11:45:00+0200,392.0,MW,NL,NL,forecast_offshore_wind_generation,Wind Offshore,2026-09-17T06:28:35Z
2026-09-17T06:26:14Z,2026-09-17T08:26:14+0200,6f4a8fec-ea51-4e84-bd8b-30a01fbc98bf,2026-09-11T10:00:00Z,2026-09-11T12:00:00+0200,397.0,MW,NL,NL,forecast_offshore_wind_generation,Wind Offshore,2026-09-17T06:28:35Z
2026-09-17T06:26:14Z,2026-09-17T08:26:14+0200,6f4a8fec-ea51-4e84-bd8b-30a01fbc98bf,2026-09-11T10:15:00Z,2026-09-11T12:15:00+0200,405.0,MW,NL,NL,forecast_offshore_wind_generation,Wind Offshore,2026-09-17T06:28:35Z
2026-09-17T06:26:14Z,2026-09-17T08:26:14+0200,6f4a8fec-ea51-4e84-bd8b-30a01fbc98bf,2026-09-11T10:30:00Z,2026-09-11T12:30:00+0200,414.0,MW,NL,NL,forecast_offshore_wind_generation,Wind Offshore,2026-09-17T06:28:35Z
2026-09-17T06:26:14Z,2026-09-17T08:26:14+0200,6f4a8fec-ea51-4e84-bd8b-30a01fbc98bf,2026-09-11T10:45:00Z,2026-09-11T12:45:00+0200,423.0,MW,NL,NL,forecast_offshore_wind_generation,Wind Offshore,2026-09-17T06:28:35Z
2026-09-17T06:26:14Z,2026-09-17T08:26:14+0200,6f4a8fec-ea51-4e84-bd8b-30a01fbc98bf,2026-09-11T11:00:00Z,2026-09-11T13:00:00+0200,432.0,MW,NL,NL,forecast_offshore_wind_generation,Wind Offshore,2026-09-17T06:28:35Z
2026-09-17T06:26:14Z,2026-09-17T08:26:14+0200,6f4a8fec-ea51-4e84-bd8b-30a01fbc98bf,2026-09-11T11:15:00Z,2026-09-11T13:15:00+0200,440.0,MW,NL,NL,forecast_offshore_wind_generation,Wind Offshore,2026-09-17T06:28:35Z
2026-09-17T06:26:14Z,2026-09-17T08:26:14+0200,6f4a8fec-ea51-4e84-bd8b-30a01fbc98bf,2026-09-11T11:30:00Z,2026-09-11T13:30:00+0200,447.0,MW,NL,NL,forecast_offshore_wind_generation,Wind Offshore,2026-09-17T06:28:35Z
2026-09-17T06:26:14Z,2026-09-17T08:26:14+0200,6f4a8fec-ea51-4e84-bd8b-30a01fbc98bf,2026-09-11T11:45:00Z,2026-09-11T13:45:00+0200,455.0,MW,NL,NL,forecast_offshore_wind_generation,Wind Offshore,2026-09-17T06:28:35Z
2026-09-17T06:26:14Z,2026-09-17T08:26:14+0200,6f4a8fec-ea51-4e84-bd8b-30a01fbc98bf,2026-09-11T12:00:00Z,2026-09-11T14:00:00+0200,463.0,MW,NL,NL,forecast_offshore_wind_generation,Wind Offshore,2026-09-17T06:28:35Z
2026-09-17T06:26:14Z,2026-09-17T08:26:14+0200,6f4a8fec-ea51-4e84-bd8b-30a01fbc98bf,2026-09-11T12:15:00Z,2026-09-11T14:15:00+0200,463.0,MW,NL,NL,forecast_offshore_wind_generation,Wind Offshore,2026-09-17T06:28:35Z
2026-09-17T06:26:14Z,2026-09-17T08:26:14+0200,6f4a8fec-ea51-4e84-bd8b-30a01fbc98bf,2026-09-11T12:30:00Z,2026-09-11T14:30:00+0200,457.0,MW,NL,NL,forecast_offshore_wind_generation,Wind Offshore,2026-09-17T06:28:35Z
2026-09-17T06:26:14Z,2026-09-17T08:26:14+0200,6f4a8fec-ea51-4e84-bd8b-30a01fbc98bf,2026-09-11T12:45:00Z,2026-09-11T14:45:00+0200,451.0,MW,NL,NL,forecast_offshore_wind_generation,Wind Offshore,2026-09-17T06:28:35Z
2026-09-17T06:26:14Z,2026-09-17T08:26:14+0200,6f4a8fec-ea51-4e84-bd8b-30a01fbc98bf,2026-09-11T13:00:00Z,2026-09-11T15:00:00+0200,444.0,MW,NL,NL,forecast_offshore_wind_generation,Wind Offshore,2026-09-17T06:28:35Z
2026-09-17T06:26:14Z,2026-09-17T08:26:14+0200,6f4a8fec-ea51-4e84-bd8b-30a01fbc98bf,2026-09-11T13:15:00Z,2026-09-11T15:15:00+0200,437.0,MW,NL,NL,forecast_offshore_wind_generation,Wind Offshore,2026-09-17T06:28:35Z
2026-09-17T06:26:14Z,2026-09-17T08:26:14+0200,6f4a8fec-ea51-4e84-bd8b-30a01fbc98bf,2026-09-11T13:30:00Z,2026-09-11T15:30:00+0200,430.0,MW,NL,NL,forecast_offshore_wind_generation,Wind Offshore,2026-09-17T06:28:35Z
2026-09-17T06:26:14Z,2026-09-17T08:26:14+0200,6f4a8fec-ea51-4e84-bd8b-30a01fbc98bf,2026-09-11T13:45:00Z,2026-09-11T15:45:00+0200,422.0,MW,NL,NL,forecast_offshore_wind_generation,Wind Offshore,2026-09-17T06:28:35Z
2026-09-17T06:26:14Z,2026-09-17T08:26:14+0200,6f4a8fec-ea51-4e84-bd8b-30a01fbc98bf,2026-09-11T14:00:00Z,2026-09-11T16:00:00+0200,414.0,MW,NL,NL,forecast_offshore_wind_generation,Wind Offshore,2026-09-17T06:28:35Z
2026-09-17T06:26:14Z,2026-09-17T08:26:14+0200,6f4a8fec-ea51-4e84-bd8b-30a01fbc98bf,2026-09-11T14:15:00Z,2026-09-11T16:15:00+0200,405.0,MW,NL,NL,forecast_offshore_wind_generation,Wind Offshore,2026-09-17T06:28:35Z
2026-09-17T06:26:14Z,2026-09-17T08:26:14+0200,6f4a8fec-ea51-4e84-bd8b-30a01fbc98bf,2026-09-11T14:30:00Z,2026-09-11T16:30:00+0200,393.0,MW,NL,NL,forecast_offshore_wind_generation,Wind Offshore,2026-09-17T06:28:35Z
2026-09-17T06:26:14Z,2026-09-17T08:26:14+0200,6f4a8fec-ea51-4e84-bd8b-30a01fbc98bf,2026-09-11T14:45:00Z,2026-09-11T16:45:00+0200,382.0,MW,NL,NL,forecast_offshore_wind_generation,Wind Offshore,2026-09-17T06:28:35Z
2026-09-17T06:26:14Z,2026-09-17T08:26:14+0200,6f4a8fec-ea51-4e84-bd8b-30a01fbc98bf,2026-09-11T15:00:00Z,2026-09-11T17:00:00+0200,371.0,MW,NL,NL,forecast_offshore_wind_generation,Wind Offshore,2026-09-17T06:28:35Z
2026-09-17T06:26:14Z,2026-09-17T08:26:14+0200,6f4a8fec-ea51-4e84-bd8b-30a01fbc98bf,2026-09-11T15:15:00Z,2026-09-11T17:15:00+0200,359.0,MW,NL,NL,forecast_offshore_wind_generation,Wind Offshore,2026-09-17T06:28:35Z
2026-09-17T06:26:14Z,2026-09-17T08:26:14+0200,6f4a8fec-ea51-4e84-bd8b-30a01fbc98bf,2026-09-11T15:30:00Z,2026-09-11T17:30:00+0200,346.0,MW,NL,NL,forecast_offshore_wind_generation,Wind Offshore,2026-09-17T06:28:35Z
2026-09-17T06:26:14Z,2026-09-17T08:26:14+0200,6f4a8fec-ea51-4e84-bd8b-30a01fbc98bf,2026-09-11T15:45:00Z,2026-09-11T17:45:00+0200,334.0,MW,NL,NL,forecast_offshore_wind_generation,Wind Offshore,2026-09-17T06:28:35Z
2026-09-17T06:26:14Z,2026-09-17T08:26:14+0200,6f4a8fec-ea51-4e84-bd8b-30a01fbc98bf,2026-09-11T16:00:00Z,2026-09-11T18:00:00+0200,322.0,MW,NL,NL,forecast_offshore_wind_generation,Wind Offshore,2026-09-17T06:28:35Z
2026-09-17T06:26:14Z,2026-09-17T08:26:14+0200,6f4a8fec-ea51-4e84-bd8b-30a01fbc98bf,2026-09-11T16:15:00Z,2026-09-11T18:15:00+0200,308.0,MW,NL,NL,forecast_offshore_wind_generation,Wind Offshore,2026-09-17T06:28:35Z
2026-09-17T06:26:14Z,2026-09-17T08:26:14+0200,6f4a8fec-ea51-4e84-bd8b-30a01fbc98bf,2026-09-11T16:30:00Z,2026-09-11T18:30:00+0200,292.0,MW,NL,NL,forecast_offshore_wind_generation,Wind Offshore,2026-09-17T06:28:35Z
2026-09-17T06:26:14Z,2026-09-17T08:26:14+0200,6f4a8fec-ea51-4e84-bd8b-30a01fbc98bf,2026-09-11T16:45:00Z,2026-09-11T18:45:00+0200,277.0,MW,NL,NL,forecast_offshore_wind_generation,Wind Offshore,2026-09-17T06:28:35Z
2026-09-17T06:26:14Z,2026-09-17T08:26:14+0200,6f4a8fec-ea51-4e84-bd8b-30a01fbc98bf,2026-09-11T17:00:00Z,2026-09-11T19:00:00+0200,261.0,MW,NL,NL,forecast_offshore_wind_generation,Wind Offshore,2026-09-17T06:28:35Z
2026-09-17T06:26:14Z,2026-09-17T08:26:14+0200,6f4a8fec-ea51-4e84-bd8b-30a01fbc98bf,2026-09-11T17:15:00Z,2026-09-11T19:15:00+0200,250.0,MW,NL,NL,forecast_offshore_wind_generation,Wind Offshore,2026-09-17T06:28:35Z
2026-09-17T06:26:14Z,2026-09-17T08:26:14+0200,6f4a8fec-ea51-4e84-bd8b-30a01fbc98bf,2026-09-11T17:30:00Z,2026-09-11T19:30:00+0200,242.0,MW,NL,NL,forecast_offshore_wind_generation,Wind Offshore,2026-09-17T06:28:35Z
2026-09-17T06:26:14Z,2026-09-17T08:26:14+0200,6f4a8fec-ea51-4e84-bd8b-30a01fbc98bf,2026-09-11T17:45:00Z,2026-09-11T19:45:00+0200,234.0,MW,NL,NL,forecast_offshore_wind_generation,Wind Offshore,2026-09-17T06:28:35Z
2026-09-17T06:26:14Z,2026-09-17T08:26:14+0200,6f4a8fec-ea51-4e84-bd8b-30a01fbc98bf,2026-09-11T18:00:00Z,2026-09-11T20:00:00+0200,226.0,MW,NL,NL,forecast_offshore_wind_generation,Wind Offshore,2026-09-17T06:28:35Z
2026-09-17T06:26:14Z,2026-09-17T08:26:14+0200,6f4a8fec-ea51-4e84-bd8b-30a01fbc98bf,2026-09-11T18:15:00Z,2026-09-11T20:15:00+0200,223.0,MW,NL,NL,forecast_offshore_wind_generation,Wind Offshore,2026-09-17T06:28:35Z
2026-09-17T06:26:14Z,2026-09-17T08:26:14+0200,6f4a8fec-ea51-4e84-bd8b-30a01fbc98bf,2026-09-11T18:30:00Z,2026-09-11T20:30:00+0200,223.0,MW,NL,NL,forecast_offshore_wind_generation,Wind Offshore,2026-09-17T06:28:35Z
2026-09-17T06:26:14Z,2026-09-17T08:26:14+0200,6f4a8fec-ea51-4e84-bd8b-30a01fbc98bf,2026-09-11T18:45:00Z,2026-09-11T20:45:00+0200,224.0,MW,NL,NL,forecast_offshore_wind_generation,Wind Offshore,2026-09-17T06:28:35Z
2026-09-17T06:26:14Z,2026-09-17T08:26:14+0200,6f4a8fec-ea51-4e84-bd8b-30a01fbc98bf,2026-09-11T19:00:00Z,2026-09-11T21:00:00+0200,224.0,MW,NL,NL,forecast_offshore_wind_generation,Wind Offshore,2026-09-17T06:28:35Z
2026-09-17T06:26:14Z,2026-09-17T08:26:14+0200,6f4a8fec-ea51-4e84-bd8b-30a01fbc98bf,2026-09-11T19:15:00Z,2026-09-11T21:15:00+0200,217.0,MW,NL,NL,forecast_offshore_wind_generation,Wind Offshore,2026-09-17T06:28:35Z
2026-09-17T06:26:14Z,2026-09-17T08:26:14+0200,6f4a8fec-ea51-4e84-bd8b-30a01fbc98bf,2026-09-11T19:30:00Z,2026-09-11T21:30:00+0200,202.0,MW,NL,NL,forecast_offshore_wind_generation,Wind Offshore,2026-09-17T06:28:35Z
2026-09-17T06:26:14Z,2026-09-17T08:26:14+0200,6f4a8fec-ea51-4e84-bd8b-30a01fbc98bf,2026-09-11T19:45:00Z,2026-09-11T21:45:00+0200,188.0,MW,NL,NL,forecast_offshore_wind_generation,Wind Offshore,2026-09-17T06:28:35Z
2026-09-17T06:26:14Z,2026-09-17T08:26:14+0200,6f4a8fec-ea51-4e84-bd8b-30a01fbc98bf,2026-09-11T20:00:00Z,2026-09-11T22:00:00+0200,173.0,MW,NL,NL,forecast_offshore_wind_generation,Wind Offshore,2026-09-17T06:28:35Z
2026-09-17T06:26:14Z,2026-09-17T08:26:14+0200,6f4a8fec-ea51-4e84-bd8b-30a01fbc98bf,2026-09-11T20:15:00Z,2026-09-11T22:15:00+0200,162.0,MW,NL,NL,forecast_offshore_wind_generation,Wind Offshore,2026-09-17T06:28:35Z
2026-09-17T06:26:14Z,2026-09-17T08:26:14+0200,6f4a8fec-ea51-4e84-bd8b-30a01fbc98bf,2026-09-11T20:30:00Z,2026-09-11T22:30:00+0200,155.0,MW,NL,NL,forecast_offshore_wind_generation,Wind Offshore,2026-09-17T06:28:35Z
2026-09-17T06:26:14Z,2026-09-17T08:26:14+0200,6f4a8fec-ea51-4e84-bd8b-30a01fbc98bf,2026-09-11T20:45:00Z,2026-09-11T22:45:00+0200,147.0,MW,NL,NL,forecast_offshore_wind_generation,Wind Offshore,2026-09-17T06:28:35Z
2026-09-17T06:26:14Z,2026-09-17T08:26:14+0200,6f4a8fec-ea51-4e84-bd8b-30a01fbc98bf,2026-09-11T21:00:00Z,2026-09-11T23:00:00+0200,140.0,MW,NL,NL,forecast_offshore_wind_generation,Wind Offshore,2026-09-17T06:28:35Z
2026-09-17T06:26:14Z,2026-09-17T08:26:14+0200,6f4a8fec-ea51-4e84-bd8b-30a01fbc98bf,2026-09-11T21:15:00Z,2026-09-11T23:15:00+0200,131.0,MW,NL,NL,forecast_offshore_wind_generation,Wind Offshore,2026-09-17T06:28:35Z
2026-09-17T06:26:14Z,2026-09-17T08:26:14+0200,6f4a8fec-ea51-4e84-bd8b-30a01fbc98bf,2026-09-11T21:30:00Z,2026-09-11T23:30:00+0200,120.0,MW,NL,NL,forecast_offshore_wind_generation,Wind Offshore,2026-09-17T06:28:35Z
2026-09-17T06:26:14Z,2026-09-17T08:26:14+0200,6f4a8fec-ea51-4e84-bd8b-30a01fbc98bf,2026-09-11T21:45:00Z,2026-09-11T23:45:00+0200,110.0,MW,NL,NL,forecast_offshore_wind_generation,Wind Offshore,2026-09-17T06:28:35Z
2026-09-17T06:26:14Z,2026-09-17T08:26:14+0200,6f4a8fec-ea51-4e84-bd8b-30a01fbc98bf,2026-09-11T22:00:00Z,2026-09-12T00:00:00+0200,60.0,MW,NL,NL,forecast_offshore_wind_generation,Wind Offshore,2026-09-17T06:28:35Z
2026-09-17T06:26:14Z,2026-09-17T08:26:14+0200,6f4a8fec-ea51-4e84-bd8b-30a01fbc98bf,2026-09-11T22:15:00Z,2026-09-12T00:15:00+0200,55.0,MW,NL,NL,forecast_offshore_wind_generation,Wind Offshore,2026-09-17T06:28:35Z
2026-09-17T06:26:14Z,2026-09-17T08:26:14+0200,6f4a8fec-ea51-4e84-bd8b-30a01fbc98bf,2026-09-11T22:30:00Z,2026-09-12T00:30:00+0200,50.0,MW,NL,NL,forecast_offshore_wind_generation,Wind Offshore,2026-09-17T06:28:35Z
2026-09-17T06:26:14Z,2026-09-17T08:26:14+0200,6f4a8fec-ea51-4e84-bd8b-30a01fbc98bf,2026-09-11T22:45:00Z,2026-09-12T00:45:00+0200,46.0,MW,NL,NL,forecast_offshore_wind_generation,Wind Offshore,2026-09-17T06:28:35Z
2026-09-17T06:26:14Z,2026-09-17T08:26:14+0200,6f4a8fec-ea51-4e84-bd8b-30a01fbc98bf,2026-09-11T23:00:00Z,2026-09-12T01:00:00+0200,41.0,MW,NL,NL,forecast_offshore_wind_generation,Wind Offshore,2026-09-17T06:28:35Z
2026-09-17T06:26:14Z,2026-09-17T08:26:14+0200,6f4a8fec-ea51-4e84-bd8b-30a01fbc98bf,2026-09-11T23:15:00Z,2026-09-12T01:15:00+0200,37.0,MW,NL,NL,forecast_offshore_wind_generation,Wind Offshore,2026-09-17T06:28:35Z
2026-09-17T06:26:14Z,2026-09-17T08:26:14+0200,6f4a8fec-ea51-4e84-bd8b-30a01fbc98bf,2026-09-11T23:30:00Z,2026-09-12T01:30:00+0200,35.0,MW,NL,NL,forecast_offshore_wind_generation,Wind Offshore,2026-09-17T06:28:35Z
2026-09-17T06:26:14Z,2026-09-17T08:26:14+0200,6f4a8fec-ea51-4e84-bd8b-30a01fbc98bf,2026-09-11T23:45:00Z,2026-09-12T01:45:00+0200,32.0,MW,NL,NL,forecast_offshore_wind_generation,Wind Offshore,2026-09-17T06:28:35Z
2026-09-17T06:26:14Z,2026-09-17T08:26:14+0200,6f4a8fec-ea51-4e84-bd8b-30a01fbc98bf,2026-09-12T00:00:00Z,2026-09-12T02:00:00+0200,29.0,MW,NL,NL,forecast_offshore_wind_generation,Wind Offshore,2026-09-17T06:28:35Z
2026-09-17T06:26:14Z,2026-09-17T08:26:14+0200,6f4a8fec-ea51-4e84-bd8b-30a01fbc98bf,2026-09-12T00:15:00Z,2026-09-12T02:15:00+0200,30.0,MW,NL,NL,forecast_offshore_wind_generation,Wind Offshore,2026-09-17T06:28:35Z
2026-09-17T06:26:14Z,2026-09-17T08:26:14+0200,6f4a8fec-ea51-4e84-bd8b-30a01fbc98bf,2026-09-12T00:30:00Z,2026-09-12T02:30:00+0200,32.0,MW,NL,NL,forecast_offshore_wind_generation,Wind Offshore,2026-09-17T06:28:35Z
2026-09-17T06:26:14Z,2026-09-17T08:26:14+0200,6f4a8fec-ea51-4e84-bd8b-30a01fbc98bf,2026-09-12T00:45:00Z,2026-09-12T02:45:00+0200,35.0,MW,NL,NL,forecast_offshore_wind_generation,Wind Offshore,2026-09-17T06:28:35Z
2026-09-17T06:26:14Z,2026-09-17T08:26:14+0200,6f4a8fec-ea51-4e84-bd8b-30a01fbc98bf,2026-09-12T01:00:00Z,2026-09-12T03:00:00+0200,38.0,MW,NL,NL,forecast_offshore_wind_generation,Wind Offshore,2026-09-17T06:28:35Z
2026-09-17T06:26:14Z,2026-09-17T08:26:14+0200,6f4a8fec-ea51-4e84-bd8b-30a01fbc98bf,2026-09-12T01:15:00Z,2026-09-12T03:15:00+0200,43.0,MW,NL,NL,forecast_offshore_wind_generation,Wind Offshore,2026-09-17T06:28:35Z
2026-09-17T06:26:14Z,2026-09-17T08:26:14+0200,6f4a8fec-ea51-4e84-bd8b-30a01fbc98bf,2026-09-12T01:30:00Z,2026-09-12T03:30:00+0200,51.0,MW,NL,NL,forecast_offshore_wind_generation,Wind Offshore,2026-09-17T06:28:35Z
2026-09-17T06:26:14Z,2026-09-17T08:26:14+0200,6f4a8fec-ea51-4e84-bd8b-30a01fbc98bf,2026-09-12T01:45:00Z,2026-09-12T03:45:00+0200,59.0,MW,NL,NL,forecast_offshore_wind_generation,Wind Offshore,2026-09-17T06:28:35Z
2026-09-17T06:26:14Z,2026-09-17T08:26:14+0200,6f4a8fec-ea51-4e84-bd8b-30a01fbc98bf,2026-09-12T02:00:00Z,2026-09-12T04:00:00+0200,66.0,MW,NL,NL,forecast_offshore_wind_generation,Wind Offshore,2026-09-17T06:28:35Z
2026-09-17T06:26:14Z,2026-09-17T08:26:14+0200,6f4a8fec-ea51-4e84-bd8b-30a01fbc98bf,2026-09-12T02:15:00Z,2026-09-12T04:15:00+0200,76.0,MW,NL,NL,forecast_offshore_wind_generation,Wind Offshore,2026-09-17T06:28:35Z
2026-09-17T06:26:14Z,2026-09-17T08:26:14+0200,6f4a8fec-ea51-4e84-bd8b-30a01fbc98bf,2026-09-12T02:30:00Z,2026-09-12T04:30:00+0200,88.0,MW,NL,NL,forecast_offshore_wind_generation,Wind Offshore,2026-09-17T06:28:35Z
2026-09-17T06:26:14Z,2026-09-17T08:26:14+0200,6f4a8fec-ea51-4e84-bd8b-30a01fbc98bf,2026-09-12T02:45:00Z,2026-09-12T04:45:00+0200,100.0,MW,NL,NL,forecast_offshore_wind_generation,Wind Offshore,2026-09-17T06:28:35Z
2026-09-17T06:26:14Z,2026-09-17T08:26:14+0200,6f4a8fec-ea51-4e84-bd8b-30a01fbc98bf,2026-09-12T03:00:00Z,2026-09-12T05:00:00+0200,112.0,MW,NL,NL,forecast_offshore_wind_generation,Wind Offshore,2026-09-17T06:28:35Z
2026-09-17T06:26:14Z,2026-09-17T08:26:14+0200,6f4a8fec-ea51-4e84-bd8b-30a01fbc98bf,2026-09-12T03:15:00Z,2026-09-12T05:15:00+0200,120.0,MW,NL,NL,forecast_offshore_wind_generation,Wind Offshore,2026-09-17T06:28:35Z
2026-09-17T06:26:14Z,2026-09-17T08:26:14+0200,6f4a8fec-ea51-4e84-bd8b-30a01fbc98bf,2026-09-12T03:30:00Z,2026-09-12T05:30:00+0200,124.0,MW,NL,NL,forecast_offshore_wind_generation,Wind Offshore,2026-09-17T06:28:35Z
2026-09-17T06:26:14Z,2026-09-17T08:26:14+0200,6f4a8fec-ea51-4e84-bd8b-30a01fbc98bf,2026-09-12T03:45:00Z,2026-09-12T05:45:00+0200,128.0,MW,NL,NL,forecast_offshore_wind_generation,Wind Offshore,2026-09-17T06:28:35Z
2026-09-17T06:26:14Z,2026-09-17T08:26:14+0200,6f4a8fec-ea51-4e84-bd8b-30a01fbc98bf,2026-09-12T04:00:00Z,2026-09-12T06:00:00+0200,132.0,MW,NL,NL,forecast_offshore_wind_generation,Wind Offshore,2026-09-17T06:28:35Z
2026-09-17T06:26:14Z,2026-09-17T08:26:14+0200,6f4a8fec-ea51-4e84-bd8b-30a01fbc98bf,2026-09-12T04:15:00Z,2026-09-12T06:15:00+0200,136.0,MW,NL,NL,forecast_offshore_wind_generation,Wind Offshore,2026-09-17T06:28:35Z
2026-09-17T06:26:14Z,2026-09-17T08:26:14+0200,6f4a8fec-ea51-4e84-bd8b-30a01fbc98bf,2026-09-12T04:30:00Z,2026-09-12T06:30:00+0200,141.0,MW,NL,NL,forecast_offshore_wind_generation,Wind Offshore,2026-09-17T06:28:35Z
2026-09-17T06:26:14Z,2026-09-17T08:26:14+0200,6f4a8fec-ea51-4e84-bd8b-30a01fbc98bf,2026-09-12T04:45:00Z,2026-09-12T06:45:00+0200,145.0,MW,NL,NL,forecast_offshore_wind_generation,Wind Offshore,2026-09-17T06:28:35Z
2026-09-17T06:26:14Z,2026-09-17T08:26:14+0200,6f4a8fec-ea51-4e84-bd8b-30a01fbc98bf,2026-09-12T05:00:00Z,2026-09-12T07:00:00+0200,150.0,MW,NL,NL,forecast_offshore_wind_generation,Wind Offshore,2026-09-17T06:28:35Z
2026-09-17T06:26:14Z,2026-09-17T08:26:14+0200,6f4a8fec-ea51-4e84-bd8b-30a01fbc98bf,2026-09-12T05:15:00Z,2026-09-12T07:15:00+0200,157.0,MW,NL,NL,forecast_offshore_wind_generation,Wind Offshore,2026-09-17T06:28:35Z
2026-09-17T06:26:14Z,2026-09-17T08:26:14+0200,6f4a8fec-ea51-4e84-bd8b-30a01fbc98bf,2026-09-12T05:30:00Z,2026-09-12T07:30:00+0200,165.0,MW,NL,NL,forecast_offshore_wind_generation,Wind Offshore,2026-09-17T06:28:35Z
2026-09-17T06:26:14Z,2026-09-17T08:26:14+0200,6f4a8fec-ea51-4e84-bd8b-30a01fbc98bf,2026-09-12T05:45:00Z,2026-09-12T07:45:00+0200,174.0,MW,NL,NL,forecast_offshore_wind_generation,Wind Offshore,2026-09-17T06:28:35Z
2026-09-17T06:26:14Z,2026-09-17T08:26:14+0200,6f4a8fec-ea51-4e84-bd8b-30a01fbc98bf,2026-09-12T06:00:00Z,2026-09-12T08:00:00+0200,183.0,MW,NL,NL,forecast_offshore_wind_generation,Wind Offshore,2026-09-17T06:28:35Z
2026-09-17T06:26:14Z,2026-09-17T08:26:14+0200,6f4a8fec-ea51-4e84-bd8b-30a01fbc98bf,2026-09-12T06:15:00Z,2026-09-12T08:15:00+0200,192.0,MW,NL,NL,forecast_offshore_wind_generation,Wind Offshore,2026-09-17T06:28:35Z
2026-09-17T06:26:14Z,2026-09-17T08:26:14+0200,6f4a8fec-ea51-4e84-bd8b-30a01fbc98bf,2026-09-12T06:30:00Z,2026-09-12T08:30:00+0200,200.0,MW,NL,NL,forecast_offshore_wind_generation,Wind Offshore,2026-09-17T06:28:35Z
2026-09-17T06:26:14Z,2026-09-17T08:26:14+0200,6f4a8fec-ea51-4e84-bd8b-30a01fbc98bf,2026-09-12T06:45:00Z,2026-09-12T08:45:00+0200,209.0,MW,NL,NL,forecast_offshore_wind_generation,Wind Offshore,2026-09-17T06:28:35Z
2026-09-17T06:26:14Z,2026-09-17T08:26:14+0200,6f4a8fec-ea51-4e84-bd8b-30a01fbc98bf,2026-09-12T07:00:00Z,2026-09-12T09:00:00+0200,217.0,MW,NL,NL,forecast_offshore_wind_generation,Wind Offshore,2026-09-17T06:28:35Z
2026-09-17T06:26:14Z,2026-09-17T08:26:14+0200,6f4a8fec-ea51-4e84-bd8b-30a01fbc98bf,2026-09-12T07:15:00Z,2026-09-12T09:15:00+0200,226.0,MW,NL,NL,forecast_offshore_wind_generation,Wind Offshore,2026-09-17T06:28:35Z
2026-09-17T06:26:14Z,2026-09-17T08:26:14+0200,6f4a8fec-ea51-4e84-bd8b-30a01fbc98bf,2026-09-12T07:30:00Z,2026-09-12T09:30:00+0200,234.0,MW,NL,NL,forecast_offshore_wind_generation,Wind Offshore,2026-09-17T06:28:35Z
2026-09-17T06:26:14Z,2026-09-17T08:26:14+0200,6f4a8fec-ea51-4e84-bd8b-30a01fbc98bf,2026-09-12T07:45:00Z,2026-09-12T09:45:00+0200,242.0,MW,NL,NL,forecast_offshore_wind_generation,Wind Offshore,2026-09-17T06:28:35Z
2026-09-17T06:26:14Z,2026-09-17T08:26:14+0200,6f4a8fec-ea51-4e84-bd8b-30a01fbc98bf,2026-09-12T08:00:00Z,2026-09-12T10:00:00+0200,251.0,MW,NL,NL,forecast_offshore_wind_generation,Wind Offshore,2026-09-17T06:28:35Z
2026-09-17T06:26:14Z,2026-09-17T08:26:14+0200,6f4a8fec-ea51-4e84-bd8b-30a01fbc98bf,2026-09-12T08:15:00Z,2026-09-12T10:15:00+0200,263.0,MW,NL,NL,forecast_offshore_wind_generation,Wind Offshore,2026-09-17T06:28:35Z
2026-09-17T06:26:14Z,2026-09-17T08:26:14+0200,6f4a8fec-ea51-4e84-bd8b-30a01fbc98bf,2026-09-12T08:30:00Z,2026-09-12T10:30:00+0200,278.0,MW,NL,NL,forecast_offshore_wind_generation,Wind Offshore,2026-09-17T06:28:35Z
2026-09-17T06:26:14Z,2026-09-17T08:26:14+0200,6f4a8fec-ea51-4e84-bd8b-30a01fbc98bf,2026-09-12T08:45:00Z,2026-09-12T10:45:00+0200,294.0,MW,NL,NL,forecast_offshore_wind_generation,Wind Offshore,2026-09-17T06:28:35Z
2026-09-17T06:26:14Z,2026-09-17T08:26:14+0200,6f4a8fec-ea51-4e84-bd8b-30a01fbc98bf,2026-09-12T09:00:00Z,2026-09-12T11:00:00+0200,310.0,MW,NL,NL,forecast_offshore_wind_generation,Wind Offshore,2026-09-17T06:28:35Z
2026-09-17T06:26:14Z,2026-09-17T08:26:14+0200,6f4a8fec-ea51-4e84-bd8b-30a01fbc98bf,2026-09-12T09:15:00Z,2026-09-12T11:15:00+0200,338.0,MW,NL,NL,forecast_offshore_wind_generation,Wind Offshore,2026-09-17T06:28:35Z
2026-09-17T06:26:14Z,2026-09-17T08:26:14+0200,6f4a8fec-ea51-4e84-bd8b-30a01fbc98bf,2026-09-12T09:30:00Z,2026-09-12T11:30:00+0200,379.0,MW,NL,NL,forecast_offshore_wind_generation,Wind Offshore,2026-09-17T06:28:35Z
2026-09-17T06:26:14Z,2026-09-17T08:26:14+0200,6f4a8fec-ea51-4e84-bd8b-30a01fbc98bf,2026-09-12T09:45:00Z,2026-09-12T11:45:00+0200,420.0,MW,NL,NL,forecast_offshore_wind_generation,Wind Offshore,2026-09-17T06:28:35Z
2026-09-17T06:26:14Z,2026-09-17T08:26:14+0200,6f4a8fec-ea51-4e84-bd8b-30a01fbc98bf,2026-09-12T10:00:00Z,2026-09-12T12:00:00+0200,461.0,MW,NL,NL,forecast_offshore_wind_generation,Wind Offshore,2026-09-17T06:28:35Z
2026-09-17T06:26:14Z,2026-09-17T08:26:14+0200,6f4a8fec-ea51-4e84-bd8b-30a01fbc98bf,2026-09-12T10:15:00Z,2026-09-12T12:15:00+0200,507.0,MW,NL,NL,forecast_offshore_wind_generation,Wind Offshore,2026-09-17T06:28:35Z
2026-09-17T06:26:14Z,2026-09-17T08:26:14+0200,6f4a8fec-ea51-4e84-bd8b-30a01fbc98bf,2026-09-12T10:30:00Z,2026-09-12T12:30:00+0200,557.0,MW,NL,NL,forecast_offshore_wind_generation,Wind Offshore,2026-09-17T06:28:35Z
2026-09-17T06:26:14Z,2026-09-17T08:26:14+0200,6f4a8fec-ea51-4e84-bd8b-30a01fbc98bf,2026-09-12T10:45:00Z,2026-09-12T12:45:00+0200,607.0,MW,NL,NL,forecast_offshore_wind_generation,Wind Offshore,2026-09-17T06:28:35Z
2026-09-17T06:26:14Z,2026-09-17T08:26:14+0200,6f4a8fec-ea51-4e84-bd8b-30a01fbc98bf,2026-09-12T11:00:00Z,2026-09-12T13:00:00+0200,657.0,MW,NL,NL,forecast_offshore_wind_generation,Wind Offshore,2026-09-17T06:28:35Z
2026-09-17T06:26:14Z,2026-09-17T08:26:14+0200,6f4a8fec-ea51-4e84-bd8b-30a01fbc98bf,2026-09-12T11:15:00Z,2026-09-12T13:15:00+0200,711.0,MW,NL,NL,forecast_offshore_wind_generation,Wind Offshore,2026-09-17T06:28:35Z
2026-09-17T06:26:14Z,2026-09-17T08:26:14+0200,6f4a8fec-ea51-4e84-bd8b-30a01fbc98bf,2026-09-12T11:30:00Z,2026-09-12T13:30:00+0200,771.0,MW,NL,NL,forecast_offshore_wind_generation,Wind Offshore,2026-09-17T06:28:35Z
2026-09-17T06:26:14Z,2026-09-17T08:26:14+0200,6f4a8fec-ea51-4e84-bd8b-30a01fbc98bf,2026-09-12T11:45:00Z,2026-09-12T13:45:00+0200,830.0,MW,NL,NL,forecast_offshore_wind_generation,Wind Offshore,2026-09-17T06:28:35Z
2026-09-17T06:26:14Z,2026-09-17T08:26:14+0200,6f4a8fec-ea51-4e84-bd8b-30a01fbc98bf,2026-09-12T12:00:00Z,2026-09-12T14:00:00+0200,889.0,MW,NL,NL,forecast_offshore_wind_generation,Wind Offshore,2026-09-17T06:28:35Z
2026-09-17T06:26:14Z,2026-09-17T08:26:14+0200,6f4a8fec-ea51-4e84-bd8b-30a01fbc98bf,2026-09-12T12:15:00Z,2026-09-12T14:15:00+0200,923.0,MW,NL,NL,forecast_offshore_wind_generation,Wind Offshore,2026-09-17T06:28:35Z
2026-09-17T06:26:14Z,2026-09-17T08:26:14+0200,6f4a8fec-ea51-4e84-bd8b-30a01fbc98bf,2026-09-12T12:30:00Z,2026-09-12T14:30:00+0200,931.0,MW,NL,NL,forecast_offshore_wind_generation,Wind Offshore,2026-09-17T06:28:35Z
2026-09-17T06:26:14Z,2026-09-17T08:26:14+0200,6f4a8fec-ea51-4e84-bd8b-30a01fbc98bf,2026-09-12T12:45:00Z,2026-09-12T14:45:00+0200,938.0,MW,NL,NL,forecast_offshore_wind_generation,Wind Offshore,2026-09-17T06:28:35Z
2026-09-17T06:26:14Z,2026-09-17T08:26:14+0200,6f4a8fec-ea51-4e84-bd8b-30a01fbc98bf,2026-09-12T13:00:00Z,2026-09-12T15:00:00+0200,946.0,MW,NL,NL,forecast_offshore_wind_generation,Wind Offshore,2026-09-17T06:28:35Z
2026-09-17T06:26:14Z,2026-09-17T08:26:14+0200,6f4a8fec-ea51-4e84-bd8b-30a01fbc98bf,2026-09-12T13:15:00Z,2026-09-12T15:15:00+0200,945.0,MW,NL,NL,forecast_offshore_wind_generation,Wind Offshore,2026-09-17T06:28:35Z
2026-09-17T06:26:14Z,2026-09-17T08:26:14+0200,6f4a8fec-ea51-4e84-bd8b-30a01fbc98bf,2026-09-12T13:30:00Z,2026-09-12T15:30:00+0200,936.0,MW,NL,NL,forecast_offshore_wind_generation,Wind Offshore,2026-09-17T06:28:35Z
2026-09-17T06:26:14Z,2026-09-17T08:26:14+0200,6f4a8fec-ea51-4e84-bd8b-30a01fbc98bf,2026-09-12T13:45:00Z,2026-09-12T15:45:00+0200,927.0,MW,NL,NL,forecast_offshore_wind_generation,Wind Offshore,2026-09-17T06:28:35Z
2026-09-17T06:26:14Z,2026-09-17T08:26:14+0200,6f4a8fec-ea51-4e84-bd8b-30a01fbc98bf,2026-09-12T14:00:00Z,2026-09-12T16:00:00+0200,918.0,MW,NL,NL,forecast_offshore_wind_generation,Wind Offshore,2026-09-17T06:28:35Z
2026-09-17T06:26:14Z,2026-09-17T08:26:14+0200,6f4a8fec-ea51-4e84-bd8b-30a01fbc98bf,2026-09-12T14:15:00Z,2026-09-12T16:15:00+0200,908.0,MW,NL,NL,forecast_offshore_wind_generation,Wind Offshore,2026-09-17T06:28:35Z
2026-09-17T06:26:14Z,2026-09-17T08:26:14+0200,6f4a8fec-ea51-4e84-bd8b-30a01fbc98bf,2026-09-12T14:30:00Z,2026-09-12T16:30:00+0200,897.0,MW,NL,NL,forecast_offshore_wind_generation,Wind Offshore,2026-09-17T06:28:35Z
2026-09-17T06:26:14Z,2026-09-17T08:26:14+0200,6f4a8fec-ea51-4e84-bd8b-30a01fbc98bf,2026-09-12T14:45:00Z,2026-09-12T16:45:00+0200,886.0,MW,NL,NL,forecast_offshore_wind_generation,Wind Offshore,2026-09-17T06:28:35Z
2026-09-17T06:26:14Z,2026-09-17T08:26:14+0200,6f4a8fec-ea51-4e84-bd8b-30a01fbc98bf,2026-09-12T15:00:00Z,2026-09-12T17:00:00+0200,875.0,MW,NL,NL,forecast_offshore_wind_generation,Wind Offshore,2026-09-17T06:28:35Z
2026-09-17T06:26:14Z,2026-09-17T08:26:14+0200,6f4a8fec-ea51-4e84-bd8b-30a01fbc98bf,2026-09-12T15:15:00Z,2026-09-12T17:15:00+0200,878.0,MW,NL,NL,forecast_offshore_wind_generation,Wind Offshore,2026-09-17T06:28:35Z
2026-09-17T06:26:14Z,2026-09-17T08:26:14+0200,6f4a8fec-ea51-4e84-bd8b-30a01fbc98bf,2026-09-12T15:30:00Z,2026-09-12T17:30:00+0200,895.0,MW,NL,NL,forecast_offshore_wind_generation,Wind Offshore,2026-09-17T06:28:35Z
2026-09-17T06:26:14Z,2026-09-17T08:26:14+0200,6f4a8fec-ea51-4e84-bd8b-30a01fbc98bf,2026-09-12T15:45:00Z,2026-09-12T17:45:00+0200,912.0,MW,NL,NL,forecast_offshore_wind_generation,Wind Offshore,2026-09-17T06:28:35Z
2026-09-17T06:26:14Z,2026-09-17T08:26:14+0200,6f4a8fec-ea51-4e84-bd8b-30a01fbc98bf,2026-09-12T16:00:00Z,2026-09-12T18:00:00+0200,928.0,MW,NL,NL,forecast_offshore_wind_generation,Wind Offshore,2026-09-17T06:28:35Z
2026-09-17T06:26:14Z,2026-09-17T08:26:14+0200,6f4a8fec-ea51-4e84-bd8b-30a01fbc98bf,2026-09-12T16:15:00Z,2026-09-12T18:15:00+0200,949.0,MW,NL,NL,forecast_offshore_wind_generation,Wind Offshore,2026-09-17T06:28:35Z
2026-09-17T06:26:14Z,2026-09-17T08:26:14+0200,6f4a8fec-ea51-4e84-bd8b-30a01fbc98bf,2026-09-12T16:30:00Z,2026-09-12T18:30:00+0200,973.0,MW,NL,NL,forecast_offshore_wind_generation,Wind Offshore,2026-09-17T06:28:35Z
2026-09-17T06:26:14Z,2026-09-17T08:26:14+0200,6f4a8fec-ea51-4e84-bd8b-30a01fbc98bf,2026-09-12T16:45:00Z,2026-09-12T18:45:00+0200,998.0,MW,NL,NL,forecast_offshore_wind_generation,Wind Offshore,2026-09-17T06:28:35Z
2026-09-17T06:26:14Z,2026-09-17T08:26:14+0200,6f4a8fec-ea51-4e84-bd8b-30a01fbc98bf,2026-09-12T17:00:00Z,2026-09-12T19:00:00+0200,1022.0,MW,NL,NL,forecast_offshore_wind_generation,Wind Offshore,2026-09-17T06:28:35Z
2026-09-17T06:26:14Z,2026-09-17T08:26:14+0200,6f4a8fec-ea51-4e84-bd8b-30a01fbc98bf,2026-09-12T17:15:00Z,2026-09-12T19:15:00+0200,1042.0,MW,NL,NL,forecast_offshore_wind_generation,Wind Offshore,2026-09-17T06:28:35Z
2026-09-17T06:26:14Z,2026-09-17T08:26:14+0200,6f4a8fec-ea51-4e84-bd8b-30a01fbc98bf,2026-09-12T17:30:00Z,2026-09-12T19:30:00+0200,1058.0,MW,NL,NL,forecast_offshore_wind_generation,Wind Offshore,2026-09-17T06:28:35Z
2026-09-17T06:26:14Z,2026-09-17T08:26:14+0200,6f4a8fec-ea51-4e84-bd8b-30a01fbc98bf,2026-09-12T17:45:00Z,2026-09-12T19:45:00+0200,1074.0,MW,NL,NL,forecast_offshore_wind_generation,Wind Offshore,2026-09-17T06:28:35Z
2026-09-17T06:26:14Z,2026-09-17T08:26:14+0200,6f4a8fec-ea51-4e84-bd8b-30a01fbc98bf,2026-09-12T18:00:00Z,2026-09-12T20:00:00+0200,1090.0,MW,NL,NL,forecast_offshore_wind_generation,Wind Offshore,2026-09-17T06:28:35Z
2026-09-17T06:26:14Z,2026-09-17T08:26:14+0200,6f4a8fec-ea51-4e84-bd8b-30a01fbc98bf,2026-09-12T18:15:00Z,2026-09-12T20:15:00+0200,1100.0,MW,NL,NL,forecast_offshore_wind_generation,Wind Offshore,2026-09-17T06:28:35Z
2026-09-17T06:26:14Z,2026-09-17T08:26:14+0200,6f4a8fec-ea51-4e84-bd8b-30a01fbc98bf,2026-09-12T18:30:00Z,2026-09-12T20:30:00+0200,1104.0,MW,NL,NL,forecast_offshore_wind_generation,Wind Offshore,2026-09-17T06:28:35Z
2026-09-17T06:26:14Z,2026-09-17T08:26:14+0200,6f4a8fec-ea51-4e84-bd8b-30a01fbc98bf,2026-09-12T18:45:00Z,2026-09-12T20:45:00+0200,1107.0,MW,NL,NL,forecast_offshore_wind_generation,Wind Offshore,2026-09-17T06:28:35Z
2026-09-17T06:26:14Z,2026-09-17T08:26:14+0200,6f4a8fec-ea51-4e84-bd8b-30a01fbc98bf,2026-09-12T19:00:00Z,2026-09-12T21:00:00+0200,1111.0,MW,NL,NL,forecast_offshore_wind_generation,Wind Offshore,2026-09-17T06:28:35Z
2026-09-17T06:26:14Z,2026-09-17T08:26:14+0200,6f4a8fec-ea51-4e84-bd8b-30a01fbc98bf,2026-09-12T19:15:00Z,2026-09-12T21:15:00+0200,1115.0,MW,NL,NL,forecast_offshore_wind_generation,Wind Offshore,2026-09-17T06:28:35Z
2026-09-17T06:26:14Z,2026-09-17T08:26:14+0200,6f4a8fec-ea51-4e84-bd8b-30a01fbc98bf,2026-09-12T19:30:00Z,2026-09-12T21:30:00+0200,1119.0,MW,NL,NL,forecast_offshore_wind_generation,Wind Offshore,2026-09-17T06:28:35Z
2026-09-17T06:26:14Z,2026-09-17T08:26:14+0200,6f4a8fec-ea51-4e84-bd8b-30a01fbc98bf,2026-09-12T19:45:00Z,2026-09-12T21:45:00+0200,1123.0,MW,NL,NL,forecast_offshore_wind_generation,Wind Offshore,2026-09-17T06:28:35Z
2026-09-17T06:26:14Z,2026-09-17T08:26:14+0200,6f4a8fec-ea51-4e84-bd8b-30a01fbc98bf,2026-09-12T20:00:00Z,2026-09-12T22:00:00+0200,1127.0,MW,NL,NL,forecast_offshore_wind_generation,Wind Offshore,2026-09-17T06:28:35Z
2026-09-17T06:26:14Z,2026-09-17T08:26:14+0200,6f4a8fec-ea51-4e84-bd8b-30a01fbc98bf,2026-09-12T20:15:00Z,2026-09-12T22:15:00+0200,1130.0,MW,NL,NL,forecast_offshore_wind_generation,Wind Offshore,2026-09-17T06:28:35Z
2026-09-17T06:26:14Z,2026-09-17T08:26:14+0200,6f4a8fec-ea51-4e84-bd8b-30a01fbc98bf,2026-09-12T20:30:00Z,2026-09-12T22:30:00+0200,1132.0,MW,NL,NL,forecast_offshore_wind_generation,Wind Offshore,2026-09-17T06:28:35Z
2026-09-17T06:26:14Z,2026-09-17T08:26:14+0200,6f4a8fec-ea51-4e84-bd8b-30a01fbc98bf,2026-09-12T20:45:00Z,2026-09-12T22:45:00+0200,1133.0,MW,NL,NL,forecast_offshore_wind_generation,Wind Offshore,2026-09-17T06:28:35Z
2026-09-17T06:26:14Z,2026-09-17T08:26:14+0200,6f4a8fec-ea51-4e84-bd8b-30a01fbc98bf,2026-09-12T21:00:00Z,2026-09-12T23:00:00+0200,1135.0,MW,NL,NL,forecast_offshore_wind_generation,Wind Offshore,2026-09-17T06:28:35Z
2026-09-17T06:26:14Z,2026-09-17T08:26:14+0200,6f4a8fec-ea51-4e84-bd8b-30a01fbc98bf,2026-09-12T21:15:00Z,2026-09-12T23:15:00+0200,1137.0,MW,NL,NL,forecast_offshore_wind_generation,Wind Offshore,2026-09-17T06:28:35Z
2026-09-17T06:26:14Z,2026-09-17T08:26:14+0200,6f4a8fec-ea51-4e84-bd8b-30a01fbc98bf,2026-09-12T21:30:00Z,2026-09-12T23:30:00+0200,1138.0,MW,NL,NL,forecast_offshore_wind_generation,Wind Offshore,2026-09-17T06:28:35Z
2026-09-17T06:26:14Z,2026-09-17T08:26:14+0200,6f4a8fec-ea51-4e84-bd8b-30a01fbc98bf,2026-09-12T21:45:00Z,2026-09-12T23:45:00+0200,1140.0,MW,NL,NL,forecast_offshore_wind_generation,Wind Offshore,2026-09-17T06:28:35Z
2026-09-17T06:26:14Z,2026-09-17T08:26:14+0200,6f4a8fec-ea51-4e84-bd8b-30a01fbc98bf,2026-09-12T22:00:00Z,2026-09-13T00:00:00+0200,1203.0,MW,NL,NL,forecast_offshore_wind_generation,Wind Offshore,2026-09-17T06:28:35Z
2026-09-17T06:26:14Z,2026-09-17T08:26:14+0200,6f4a8fec-ea51-4e84-bd8b-30a01fbc98bf,2026-09-12T22:15:00Z,2026-09-13T00:15:00+0200,1197.0,MW,NL,NL,forecast_offshore_wind_generation,Wind Offshore,2026-09-17T06:28:35Z
2026-09-17T06:26:14Z,2026-09-17T08:26:14+0200,6f4a8fec-ea51-4e84-bd8b-30a01fbc98bf,2026-09-12T22:30:00Z,2026-09-13T00:30:00+0200,1191.0,MW,NL,NL,forecast_offshore_wind_generation,Wind Offshore,2026-09-17T06:28:35Z
2026-09-17T06:26:14Z,2026-09-17T08:26:14+0200,6f4a8fec-ea51-4e84-bd8b-30a01fbc98bf,2026-09-12T22:45:00Z,2026-09-13T00:45:00+0200,1185.0,MW,NL,NL,forecast_offshore_wind_generation,Wind Offshore,2026-09-17T06:28:35Z
2026-09-17T06:26:14Z,2026-09-17T08:26:14+0200,6f4a8fec-ea51-4e84-bd8b-30a01fbc98bf,2026-09-12T23:00:00Z,2026-09-13T01:00:00+0200,1179.0,MW,NL,NL,forecast_offshore_wind_generation,Wind Offshore,2026-09-17T06:28:35Z
2026-09-17T06:26:14Z,2026-09-17T08:26:14+0200,6f4a8fec-ea51-4e84-bd8b-30a01fbc98bf,2026-09-12T23:15:00Z,2026-09-13T01:15:00+0200,1171.0,MW,NL,NL,forecast_offshore_wind_generation,Wind Offshore,2026-09-17T06:28:35Z
2026-09-17T06:26:14Z,2026-09-17T08:26:14+0200,6f4a8fec-ea51-4e84-bd8b-30a01fbc98bf,2026-09-12T23:30:00Z,2026-09-13T01:30:00+0200,1162.0,MW,NL,NL,forecast_offshore_wind_generation,Wind Offshore,2026-09-17T06:28:35Z
2026-09-17T06:26:14Z,2026-09-17T08:26:14+0200,6f4a8fec-ea51-4e84-bd8b-30a01fbc98bf,2026-09-12T23:45:00Z,2026-09-13T01:45:00+0200,1152.0,MW,NL,NL,forecast_offshore_wind_generation,Wind Offshore,2026-09-17T06:28:35Z
2026-09-17T06:26:14Z,2026-09-17T08:26:14+0200,6f4a8fec-ea51-4e84-bd8b-30a01fbc98bf,2026-09-13T00:00:00Z,2026-09-13T02:00:00+0200,1142.0,MW,NL,NL,forecast_offshore_wind_generation,Wind Offshore,2026-09-17T06:28:35Z
2026-09-17T06:26:14Z,2026-09-17T08:26:14+0200,6f4a8fec-ea51-4e84-bd8b-30a01fbc98bf,2026-09-13T00:15:00Z,2026-09-13T02:15:00+0200,1127.0,MW,NL,NL,forecast_offshore_wind_generation,Wind Offshore,2026-09-17T06:28:35Z
2026-09-17T06:26:14Z,2026-09-17T08:26:14+0200,6f4a8fec-ea51-4e84-bd8b-30a01fbc98bf,2026-09-13T00:30:00Z,2026-09-13T02:30:00+0200,1108.0,MW,NL,NL,forecast_offshore_wind_generation,Wind Offshore,2026-09-17T06:28:35Z
2026-09-17T06:26:14Z,2026-09-17T08:26:14+0200,6f4a8fec-ea51-4e84-bd8b-30a01fbc98bf,2026-09-13T00:45:00Z,2026-09-13T02:45:00+0200,1088.0,MW,NL,NL,forecast_offshore_wind_generation,Wind Offshore,2026-09-17T06:28:35Z
2026-09-17T06:26:14Z,2026-09-17T08:26:14+0200,6f4a8fec-ea51-4e84-bd8b-30a01fbc98bf,2026-09-13T01:00:00Z,2026-09-13T03:00:00+0200,1069.0,MW,NL,NL,forecast_offshore_wind_generation,Wind Offshore,2026-09-17T06:28:35Z
2026-09-17T06:26:14Z,2026-09-17T08:26:14+0200,6f4a8fec-ea51-4e84-bd8b-30a01fbc98bf,2026-09-13T01:15:00Z,2026-09-13T03:15:00+0200,1050.0,MW,NL,NL,forecast_offshore_wind_generation,Wind Offshore,2026-09-17T06:28:35Z
2026-09-17T06:26:14Z,2026-09-17T08:26:14+0200,6f4a8fec-ea51-4e84-bd8b-30a01fbc98bf,2026-09-13T01:30:00Z,2026-09-13T03:30:00+0200,1031.0,MW,NL,NL,forecast_offshore_wind_generation,Wind Offshore,2026-09-17T06:28:35Z
2026-09-17T06:26:14Z,2026-09-17T08:26:14+0200,6f4a8fec-ea51-4e84-bd8b-30a01fbc98bf,2026-09-13T01:45:00Z,2026-09-13T03:45:00+0200,1013.0,MW,NL,NL,forecast_offshore_wind_generation,Wind Offshore,2026-09-17T06:28:35Z
2026-09-17T06:26:14Z,2026-09-17T08:26:14+0200,6f4a8fec-ea51-4e84-bd8b-30a01fbc98bf,2026-09-13T02:00:00Z,2026-09-13T04:00:00+0200,995.0,MW,NL,NL,forecast_offshore_wind_generation,Wind Offshore,2026-09-17T06:28:35Z
2026-09-17T06:26:14Z,2026-09-17T08:26:14+0200,6f4a8fec-ea51-4e84-bd8b-30a01fbc98bf,2026-09-13T02:15:00Z,2026-09-13T04:15:00+0200,975.0,MW,NL,NL,forecast_offshore_wind_generation,Wind Offshore,2026-09-17T06:28:35Z
2026-09-17T06:26:14Z,2026-09-17T08:26:14+0200,6f4a8fec-ea51-4e84-bd8b-30a01fbc98bf,2026-09-13T02:30:00Z,2026-09-13T04:30:00+0200,954.0,MW,NL,NL,forecast_offshore_wind_generation,Wind Offshore,2026-09-17T06:28:35Z
2026-09-17T06:26:14Z,2026-09-17T08:26:14+0200,6f4a8fec-ea51-4e84-bd8b-30a01fbc98bf,2026-09-13T02:45:00Z,2026-09-13T04:45:00+0200,932.0,MW,NL,NL,forecast_offshore_wind_generation,Wind Offshore,2026-09-17T06:28:35Z
2026-09-17T06:26:14Z,2026-09-17T08:26:14+0200,6f4a8fec-ea51-4e84-bd8b-30a01fbc98bf,2026-09-13T03:00:00Z,2026-09-13T05:00:00+0200,911.0,MW,NL,NL,forecast_offshore_wind_generation,Wind Offshore,2026-09-17T06:28:35Z
2026-09-17T06:26:14Z,2026-09-17T08:26:14+0200,6f4a8fec-ea51-4e84-bd8b-30a01fbc98bf,2026-09-13T03:15:00Z,2026-09-13T05:15:00+0200,891.0,MW,NL,NL,forecast_offshore_wind_generation,Wind Offshore,2026-09-17T06:28:35Z
2026-09-17T06:26:14Z,2026-09-17T08:26:14+0200,6f4a8fec-ea51-4e84-bd8b-30a01fbc98bf,2026-09-13T03:30:00Z,2026-09-13T05:30:00+0200,872.0,MW,NL,NL,forecast_offshore_wind_generation,Wind Offshore,2026-09-17T06:28:35Z
2026-09-17T06:26:14Z,2026-09-17T08:26:14+0200,6f4a8fec-ea51-4e84-bd8b-30a01fbc98bf,2026-09-13T03:45:00Z,2026-09-13T05:45:00+0200,853.0,MW,NL,NL,forecast_offshore_wind_generation,Wind Offshore,2026-09-17T06:28:35Z
2026-09-17T06:26:14Z,2026-09-17T08:26:14+0200,6f4a8fec-ea51-4e84-bd8b-30a01fbc98bf,2026-09-13T04:00:00Z,2026-09-13T06:00:00+0200,834.0,MW,NL,NL,forecast_offshore_wind_generation,Wind Offshore,2026-09-17T06:28:35Z
2026-09-17T06:26:14Z,2026-09-17T08:26:14+0200,6f4a8fec-ea51-4e84-bd8b-30a01fbc98bf,2026-09-13T04:15:00Z,2026-09-13T06:15:00+0200,812.0,MW,NL,NL,forecast_offshore_wind_generation,Wind Offshore,2026-09-17T06:28:35Z
2026-09-17T06:26:14Z,2026-09-17T08:26:14+0200,6f4a8fec-ea51-4e84-bd8b-30a01fbc98bf,2026-09-13T04:30:00Z,2026-09-13T06:30:00+0200,788.0,MW,NL,NL,forecast_offshore_wind_generation,Wind Offshore,2026-09-17T06:28:35Z
2026-09-17T06:26:14Z,2026-09-17T08:26:14+0200,6f4a8fec-ea51-4e84-bd8b-30a01fbc98bf,2026-09-13T04:45:00Z,2026-09-13T06:45:00+0200,763.0,MW,NL,NL,forecast_offshore_wind_generation,Wind Offshore,2026-09-17T06:28:35Z
2026-09-17T06:26:14Z,2026-09-17T08:26:14+0200,6f4a8fec-ea51-4e84-bd8b-30a01fbc98bf,2026-09-13T05:00:00Z,2026-09-13T07:00:00+0200,739.0,MW,NL,NL,forecast_offshore_wind_generation,Wind Offshore,2026-09-17T06:28:35Z
2026-09-17T06:26:14Z,2026-09-17T08:26:14+0200,6f4a8fec-ea51-4e84-bd8b-30a01fbc98bf,2026-09-13T05:15:00Z,2026-09-13T07:15:00+0200,715.0,MW,NL,NL,forecast_offshore_wind_generation,Wind Offshore,2026-09-17T06:28:35Z
2026-09-17T06:26:14Z,2026-09-17T08:26:14+0200,6f4a8fec-ea51-4e84-bd8b-30a01fbc98bf,2026-09-13T05:30:00Z,2026-09-13T07:30:00+0200,691.0,MW,NL,NL,forecast_offshore_wind_generation,Wind Offshore,2026-09-17T06:28:35Z
2026-09-17T06:26:14Z,2026-09-17T08:26:14+0200,6f4a8fec-ea51-4e84-bd8b-30a01fbc98bf,2026-09-13T05:45:00Z,2026-09-13T07:45:00+0200,667.0,MW,NL,NL,forecast_offshore_wind_generation,Wind Offshore,2026-09-17T06:28:35Z
2026-09-17T06:26:14Z,2026-09-17T08:26:14+0200,6f4a8fec-ea51-4e84-bd8b-30a01fbc98bf,2026-09-13T06:00:00Z,2026-09-13T08:00:00+0200,643.0,MW,NL,NL,forecast_offshore_wind_generation,Wind Offshore,2026-09-17T06:28:35Z
2026-09-17T06:26:14Z,2026-09-17T08:26:14+0200,6f4a8fec-ea51-4e84-bd8b-30a01fbc98bf,2026-09-13T06:15:00Z,2026-09-13T08:15:00+0200,621.0,MW,NL,NL,forecast_offshore_wind_generation,Wind Offshore,2026-09-17T06:28:35Z
2026-09-17T06:26:14Z,2026-09-17T08:26:14+0200,6f4a8fec-ea51-4e84-bd8b-30a01fbc98bf,2026-09-13T06:30:00Z,2026-09-13T08:30:00+0200,599.0,MW,NL,NL,forecast_offshore_wind_generation,Wind Offshore,2026-09-17T06:28:35Z
2026-09-17T06:26:14Z,2026-09-17T08:26:14+0200,6f4a8fec-ea51-4e84-bd8b-30a01fbc98bf,2026-09-13T06:45:00Z,2026-09-13T08:45:00+0200,577.0,MW,NL,NL,forecast_offshore_wind_generation,Wind Offshore,2026-09-17T06:28:35Z
2026-09-17T06:26:14Z,2026-09-17T08:26:14+0200,6f4a8fec-ea51-4e84-bd8b-30a01fbc98bf,2026-09-13T07:00:00Z,2026-09-13T09:00:00+0200,556.0,MW,NL,NL,forecast_offshore_wind_generation,Wind Offshore,2026-09-17T06:28:35Z
2026-09-17T06:26:14Z,2026-09-17T08:26:14+0200,6f4a8fec-ea51-4e84-bd8b-30a01fbc98bf,2026-09-13T07:15:00Z,2026-09-13T09:15:00+0200,535.0,MW,NL,NL,forecast_offshore_wind_generation,Wind Offshore,2026-09-17T06:28:35Z
2026-09-17T06:26:14Z,2026-09-17T08:26:14+0200,6f4a8fec-ea51-4e84-bd8b-30a01fbc98bf,2026-09-13T07:30:00Z,2026-09-13T09:30:00+0200,514.0,MW,NL,NL,forecast_offshore_wind_generation,Wind Offshore,2026-09-17T06:28:35Z
2026-09-17T06:26:14Z,2026-09-17T08:26:14+0200,6f4a8fec-ea51-4e84-bd8b-30a01fbc98bf,2026-09-13T07:45:00Z,2026-09-13T09:45:00+0200,493.0,MW,NL,NL,forecast_offshore_wind_generation,Wind Offshore,2026-09-17T06:28:35Z
2026-09-17T06:26:14Z,2026-09-17T08:26:14+0200,6f4a8fec-ea51-4e84-bd8b-30a01fbc98bf,2026-09-13T08:00:00Z,2026-09-13T10:00:00+0200,472.0,MW,NL,NL,forecast_offshore_wind_generation,Wind Offshore,2026-09-17T06:28:35Z
2026-09-17T06:26:14Z,2026-09-17T08:26:14+0200,6f4a8fec-ea51-4e84-bd8b-30a01fbc98bf,2026-09-13T08:15:00Z,2026-09-13T10:15:00+0200,455.0,MW,NL,NL,forecast_offshore_wind_generation,Wind Offshore,2026-09-17T06:28:35Z
2026-09-17T06:26:14Z,2026-09-17T08:26:14+0200,6f4a8fec-ea51-4e84-bd8b-30a01fbc98bf,2026-09-13T08:30:00Z,2026-09-13T10:30:00+0200,440.0,MW,NL,NL,forecast_offshore_wind_generation,Wind Offshore,2026-09-17T06:28:35Z
2026-09-17T06:26:14Z,2026-09-17T08:26:14+0200,6f4a8fec-ea51-4e84-bd8b-30a01fbc98bf,2026-09-13T08:45:00Z,2026-09-13T10:45:00+0200,425.0,MW,NL,NL,forecast_offshore_wind_generation,Wind Offshore,2026-09-17T06:28:35Z
2026-09-17T06:26:14Z,2026-09-17T08:26:14+0200,6f4a8fec-ea51-4e84-bd8b-30a01fbc98bf,2026-09-13T09:00:00Z,2026-09-13T11:00:00+0200,410.0,MW,NL,NL,forecast_offshore_wind_generation,Wind Offshore,2026-09-17T06:28:35Z
2026-09-17T06:26:14Z,2026-09-17T08:26:14+0200,6f4a8fec-ea51-4e84-bd8b-30a01fbc98bf,2026-09-13T09:15:00Z,2026-09-13T11:15:00+0200,395.0,MW,NL,NL,forecast_offshore_wind_generation,Wind Offshore,2026-09-17T06:28:35Z
2026-09-17T06:26:14Z,2026-09-17T08:26:14+0200,6f4a8fec-ea51-4e84-bd8b-30a01fbc98bf,2026-09-13T09:30:00Z,2026-09-13T11:30:00+0200,381.0,MW,NL,NL,forecast_offshore_wind_generation,Wind Offshore,2026-09-17T06:28:35Z
2026-09-17T06:26:14Z,2026-09-17T08:26:14+0200,6f4a8fec-ea51-4e84-bd8b-30a01fbc98bf,2026-09-13T09:45:00Z,2026-09-13T11:45:00+0200,366.0,MW,NL,NL,forecast_offshore_wind_generation,Wind Offshore,2026-09-17T06:28:35Z
2026-09-17T06:26:14Z,2026-09-17T08:26:14+0200,6f4a8fec-ea51-4e84-bd8b-30a01fbc98bf,2026-09-13T10:00:00Z,2026-09-13T12:00:00+0200,352.0,MW,NL,NL,forecast_offshore_wind_generation,Wind Offshore,2026-09-17T06:28:35Z
2026-09-17T06:26:14Z,2026-09-17T08:26:14+0200,6f4a8fec-ea51-4e84-bd8b-30a01fbc98bf,2026-09-13T10:15:00Z,2026-09-13T12:15:00+0200,337.0,MW,NL,NL,forecast_offshore_wind_generation,Wind Offshore,2026-09-17T06:28:35Z
2026-09-17T06:26:14Z,2026-09-17T08:26:14+0200,6f4a8fec-ea51-4e84-bd8b-30a01fbc98bf,2026-09-13T10:30:00Z,2026-09-13T12:30:00+0200,322.0,MW,NL,NL,forecast_offshore_wind_generation,Wind Offshore,2026-09-17T06:28:35Z
2026-09-17T06:26:14Z,2026-09-17T08:26:14+0200,6f4a8fec-ea51-4e84-bd8b-30a01fbc98bf,2026-09-13T10:45:00Z,2026-09-13T12:45:00+0200,306.0,MW,NL,NL,forecast_offshore_wind_generation,Wind Offshore,2026-09-17T06:28:35Z
2026-09-17T06:26:14Z,2026-09-17T08:26:14+0200,6f4a8fec-ea51-4e84-bd8b-30a01fbc98bf,2026-09-13T11:00:00Z,2026-09-13T13:00:00+0200,290.0,MW,NL,NL,forecast_offshore_wind_generation,Wind Offshore,2026-09-17T06:28:35Z
2026-09-17T06:26:14Z,2026-09-17T08:26:14+0200,6f4a8fec-ea51-4e84-bd8b-30a01fbc98bf,2026-09-13T11:15:00Z,2026-09-13T13:15:00+0200,279.0,MW,NL,NL,forecast_offshore_wind_generation,Wind Offshore,2026-09-17T06:28:35Z
2026-09-17T06:26:14Z,2026-09-17T08:26:14+0200,6f4a8fec-ea51-4e84-bd8b-30a01fbc98bf,2026-09-13T11:30:00Z,2026-09-13T13:30:00+0200,270.0,MW,NL,NL,forecast_offshore_wind_generation,Wind Offshore,2026-09-17T06:28:35Z
2026-09-17T06:26:14Z,2026-09-17T08:26:14+0200,6f4a8fec-ea51-4e84-bd8b-30a01fbc98bf,2026-09-13T11:45:00Z,2026-09-13T13:45:00+0200,262.0,MW,NL,NL,forecast_offshore_wind_generation,Wind Offshore,2026-09-17T06:28:35Z
2026-09-17T06:26:14Z,2026-09-17T08:26:14+0200,6f4a8fec-ea51-4e84-bd8b-30a01fbc98bf,2026-09-13T12:00:00Z,2026-09-13T14:00:00+0200,253.0,MW,NL,NL,forecast_offshore_wind_generation,Wind Offshore,2026-09-17T06:28:35Z
2026-09-17T06:26:14Z,2026-09-17T08:26:14+0200,6f4a8fec-ea51-4e84-bd8b-30a01fbc98bf,2026-09-13T12:15:00Z,2026-09-13T14:15:00+0200,243.0,MW,NL,NL,forecast_offshore_wind_generation,Wind Offshore,2026-09-17T06:28:35Z
2026-09-17T06:26:14Z,2026-09-17T08:26:14+0200,6f4a8fec-ea51-4e84-bd8b-30a01fbc98bf,2026-09-13T12:30:00Z,2026-09-13T14:30:00+0200,231.0,MW,NL,NL,forecast_offshore_wind_generation,Wind Offshore,2026-09-17T06:28:35Z
2026-09-17T06:26:14Z,2026-09-17T08:26:14+0200,6f4a8fec-ea51-4e84-bd8b-30a01fbc98bf,2026-09-13T12:45:00Z,2026-09-13T14:45:00+0200,220.0,MW,NL,NL,forecast_offshore_wind_generation,Wind Offshore,2026-09-17T06:28:35Z
2026-09-17T06:26:14Z,2026-09-17T08:26:14+0200,6f4a8fec-ea51-4e84-bd8b-30a01fbc98bf,2026-09-13T13:00:00Z,2026-09-13T15:00:00+0200,208.0,MW,NL,NL,forecast_offshore_wind_generation,Wind Offshore,2026-09-17T06:28:35Z
2026-09-17T06:26:14Z,2026-09-17T08:26:14+0200,6f4a8fec-ea51-4e84-bd8b-30a01fbc98bf,2026-09-13T13:15:00Z,2026-09-13T15:15:00+0200,198.0,MW,NL,NL,forecast_offshore_wind_generation,Wind Offshore,2026-09-17T06:28:35Z
2026-09-17T06:26:14Z,2026-09-17T08:26:14+0200,6f4a8fec-ea51-4e84-bd8b-30a01fbc98bf,2026-09-13T13:30:00Z,2026-09-13T15:30:00+0200,190.0,MW,NL,NL,forecast_offshore_wind_generation,Wind Offshore,2026-09-17T06:28:35Z
2026-09-17T06:26:14Z,2026-09-17T08:26:14+0200,6f4a8fec-ea51-4e84-bd8b-30a01fbc98bf,2026-09-13T13:45:00Z,2026-09-13T15:45:00+0200,183.0,MW,NL,NL,forecast_offshore_wind_generation,Wind Offshore,2026-09-17T06:28:35Z
2026-09-17T06:26:14Z,2026-09-17T08:26:14+0200,6f4a8fec-ea51-4e84-bd8b-30a01fbc98bf,2026-09-13T14:00:00Z,2026-09-13T16:00:00+0200,175.0,MW,NL,NL,forecast_offshore_wind_generation,Wind Offshore,2026-09-17T06:28:35Z
2026-09-17T06:26:14Z,2026-09-17T08:26:14+0200,6f4a8fec-ea51-4e84-bd8b-30a01fbc98bf,2026-09-13T14:15:00Z,2026-09-13T16:15:00+0200,170.0,MW,NL,NL,forecast_offshore_wind_generation,Wind Offshore,2026-09-17T06:28:35Z
2026-09-17T06:26:14Z,2026-09-17T08:26:14+0200,6f4a8fec-ea51-4e84-bd8b-30a01fbc98bf,2026-09-13T14:30:00Z,2026-09-13T16:30:00+0200,167.0,MW,NL,NL,forecast_offshore_wind_generation,Wind Offshore,2026-09-17T06:28:35Z
2026-09-17T06:26:14Z,2026-09-17T08:26:14+0200,6f4a8fec-ea51-4e84-bd8b-30a01fbc98bf,2026-09-13T14:45:00Z,2026-09-13T16:45:00+0200,165.0,MW,NL,NL,forecast_offshore_wind_generation,Wind Offshore,2026-09-17T06:28:35Z
2026-09-17T06:26:14Z,2026-09-17T08:26:14+0200,6f4a8fec-ea51-4e84-bd8b-30a01fbc98bf,2026-09-13T15:00:00Z,2026-09-13T17:00:00+0200,162.0,MW,NL,NL,forecast_offshore_wind_generation,Wind Offshore,2026-09-17T06:28:35Z
2026-09-17T06:26:14Z,2026-09-17T08:26:14+0200,6f4a8fec-ea51-4e84-bd8b-30a01fbc98bf,2026-09-13T15:15:00Z,2026-09-13T17:15:00+0200,156.0,MW,NL,NL,forecast_offshore_wind_generation,Wind Offshore,2026-09-17T06:28:35Z
2026-09-17T06:26:14Z,2026-09-17T08:26:14+0200,6f4a8fec-ea51-4e84-bd8b-30a01fbc98bf,2026-09-13T15:30:00Z,2026-09-13T17:30:00+0200,147.0,MW,NL,NL,forecast_offshore_wind_generation,Wind Offshore,2026-09-17T06:28:35Z
2026-09-17T06:26:14Z,2026-09-17T08:26:14+0200,6f4a8fec-ea51-4e84-bd8b-30a01fbc98bf,2026-09-13T15:45:00Z,2026-09-13T17:45:00+0200,138.0,MW,NL,NL,forecast_offshore_wind_generation,Wind Offshore,2026-09-17T06:28:35Z
2026-09-17T06:26:14Z,2026-09-17T08:26:14+0200,6f4a8fec-ea51-4e84-bd8b-30a01fbc98bf,2026-09-13T16:00:00Z,2026-09-13T18:00:00+0200,129.0,MW,NL,NL,forecast_offshore_wind_generation,Wind Offshore,2026-09-17T06:28:35Z
2026-09-17T06:26:14Z,2026-09-17T08:26:14+0200,6f4a8fec-ea51-4e84-bd8b-30a01fbc98bf,2026-09-13T16:15:00Z,2026-09-13T18:15:00+0200,119.0,MW,NL,NL,forecast_offshore_wind_generation,Wind Offshore,2026-09-17T06:28:35Z
2026-09-17T06:26:14Z,2026-09-17T08:26:14+0200,6f4a8fec-ea51-4e84-bd8b-30a01fbc98bf,2026-09-13T16:30:00Z,2026-09-13T18:30:00+0200,109.0,MW,NL,NL,forecast_offshore_wind_generation,Wind Offshore,2026-09-17T06:28:35Z
2026-09-17T06:26:14Z,2026-09-17T08:26:14+0200,6f4a8fec-ea51-4e84-bd8b-30a01fbc98bf,2026-09-13T16:45:00Z,2026-09-13T18:45:00+0200,100.0,MW,NL,NL,forecast_offshore_wind_generation,Wind Offshore,2026-09-17T06:28:35Z
2026-09-17T06:26:14Z,2026-09-17T08:26:14+0200,6f4a8fec-ea51-4e84-bd8b-30a01fbc98bf,2026-09-13T17:00:00Z,2026-09-13T19:00:00+0200,90.0,MW,NL,NL,forecast_offshore_wind_generation,Wind Offshore,2026-09-17T06:28:35Z
2026-09-17T06:26:14Z,2026-09-17T08:26:14+0200,6f4a8fec-ea51-4e84-bd8b-30a01fbc98bf,2026-09-13T17:15:00Z,2026-09-13T19:15:00+0200,83.0,MW,NL,NL,forecast_offshore_wind_generation,Wind Offshore,2026-09-17T06:28:35Z
2026-09-17T06:26:14Z,2026-09-17T08:26:14+0200,6f4a8fec-ea51-4e84-bd8b-30a01fbc98bf,2026-09-13T17:30:00Z,2026-09-13T19:30:00+0200,78.0,MW,NL,NL,forecast_offshore_wind_generation,Wind Offshore,2026-09-17T06:28:35Z
2026-09-17T06:26:14Z,2026-09-17T08:26:14+0200,6f4a8fec-ea51-4e84-bd8b-30a01fbc98bf,2026-09-13T17:45:00Z,2026-09-13T19:45:00+0200,73.0,MW,NL,NL,forecast_offshore_wind_generation,Wind Offshore,2026-09-17T06:28:35Z
2026-09-17T06:26:14Z,2026-09-17T08:26:14+0200,6f4a8fec-ea51-4e84-bd8b-30a01fbc98bf,2026-09-13T18:00:00Z,2026-09-13T20:00:00+0200,68.0,MW,NL,NL,forecast_offshore_wind_generation,Wind Offshore,2026-09-17T06:28:35Z
2026-09-17T06:26:14Z,2026-09-17T08:26:14+0200,6f4a8fec-ea51-4e84-bd8b-30a01fbc98bf,2026-09-13T18:15:00Z,2026-09-13T20:15:00+0200,66.0,MW,NL,NL,forecast_offshore_wind_generation,Wind Offshore,2026-09-17T06:28:35Z
2026-09-17T06:26:14Z,2026-09-17T08:26:14+0200,6f4a8fec-ea51-4e84-bd8b-30a01fbc98bf,2026-09-13T18:30:00Z,2026-09-13T20:30:00+0200,66.0,MW,NL,NL,forecast_offshore_wind_generation,Wind Offshore,2026-09-17T06:28:35Z
2026-09-17T06:26:14Z,2026-09-17T08:26:14+0200,6f4a8fec-ea51-4e84-bd8b-30a01fbc98bf,2026-09-13T18:45:00Z,2026-09-13T20:45:00+0200,67.0,MW,NL,NL,forecast_offshore_wind_generation,Wind Offshore,2026-09-17T06:28:35Z
2026-09-17T06:26:14Z,2026-09-17T08:26:14+0200,6f4a8fec-ea51-4e84-bd8b-30a01fbc98bf,2026-09-13T19:00:00Z,2026-09-13T21:00:00+0200,67.0,MW,NL,NL,forecast_offshore_wind_generation,Wind Offshore,2026-09-17T06:28:35Z
2026-09-17T06:26:14Z,2026-09-17T08:26:14+0200,6f4a8fec-ea51-4e84-bd8b-30a01fbc98bf,2026-09-13T19:15:00Z,2026-09-13T21:15:00+0200,67.0,MW,NL,NL,forecast_offshore_wind_generation,Wind Offshore,2026-09-17T06:28:35Z
2026-09-17T06:26:14Z,2026-09-17T08:26:14+0200,6f4a8fec-ea51-4e84-bd8b-30a01fbc98bf,2026-09-13T19:30:00Z,2026-09-13T21:30:00+0200,67.0,MW,NL,NL,forecast_offshore_wind_generation,Wind Offshore,2026-09-17T06:28:35Z
2026-09-17T06:26:14Z,2026-09-17T08:26:14+0200,6f4a8fec-ea51-4e84-bd8b-30a01fbc98bf,2026-09-13T19:45:00Z,2026-09-13T21:45:00+0200,67.0,MW,NL,NL,forecast_offshore_wind_generation,Wind Offshore,2026-09-17T06:28:35Z
2026-09-17T06:26:14Z,2026-09-17T08:26:14+0200,6f4a8fec-ea51-4e84-bd8b-30a01fbc98bf,2026-09-13T20:00:00Z,2026-09-13T22:00:00+0200,67.0,MW,NL,NL,forecast_offshore_wind_generation,Wind Offshore,2026-09-17T06:28:35Z
2026-09-17T06:26:14Z,2026-09-17T08:26:14+0200,6f4a8fec-ea51-4e84-bd8b-30a01fbc98bf,2026-09-13T20:15:00Z,2026-09-13T22:15:00+0200,68.0,MW,NL,NL,forecast_offshore_wind_generation,Wind Offshore,2026-09-17T06:28:35Z
2026-09-17T06:26:14Z,2026-09-17T08:26:14+0200,6f4a8fec-ea51-4e84-bd8b-30a01fbc98bf,2026-09-13T20:30:00Z,2026-09-13T22:30:00+0200,68.0,MW,NL,NL,forecast_offshore_wind_generation,Wind Offshore,2026-09-17T06:28:35Z
2026-09-17T06:26:14Z,2026-09-17T08:26:14+0200,6f4a8fec-ea51-4e84-bd8b-30a01fbc98bf,2026-09-13T20:45:00Z,2026-09-13T22:45:00+0200,69.0,MW,NL,NL,forecast_offshore_wind_generation,Wind Offshore,2026-09-17T06:28:35Z
2026-09-17T06:26:14Z,2026-09-17T08:26:14+0200,6f4a8fec-ea51-4e84-bd8b-30a01fbc98bf,2026-09-13T21:00:00Z,2026-09-13T23:00:00+0200,70.0,MW,NL,NL,forecast_offshore_wind_generation,Wind Offshore,2026-09-17T06:28:35Z
2026-09-17T06:26:14Z,2026-09-17T08:26:14+0200,6f4a8fec-ea51-4e84-bd8b-30a01fbc98bf,2026-09-13T21:15:00Z,2026-09-13T23:15:00+0200,70.0,MW,NL,NL,forecast_offshore_wind_generation,Wind Offshore,2026-09-17T06:28:35Z
2026-09-17T06:26:14Z,2026-09-17T08:26:14+0200,6f4a8fec-ea51-4e84-bd8b-30a01fbc98bf,2026-09-13T21:30:00Z,2026-09-13T23:30:00+0200,69.0,MW,NL,NL,forecast_offshore_wind_generation,Wind Offshore,2026-09-17T06:28:35Z
2026-09-17T06:26:14Z,2026-09-17T08:26:14+0200,6f4a8fec-ea51-4e84-bd8b-30a01fbc98bf,2026-09-13T21:45:00Z,2026-09-13T23:45:00+0200,68.0,MW,NL,NL,forecast_offshore_wind_generation,Wind Offshore,2026-09-17T06:28:35Z
2026-09-17T06:26:14Z,2026-09-17T08:26:14+0200,6f4a8fec-ea51-4e84-bd8b-30a01fbc98bf,2026-09-13T22:00:00Z,2026-09-14T00:00:00+0200,24.0,MW,NL,NL,forecast_offshore_wind_generation,Wind Offshore,2026-09-17T06:28:35Z
2026-09-17T06:26:14Z,2026-09-17T08:26:14+0200,6f4a8fec-ea51-4e84-bd8b-30a01fbc98bf,2026-09-13T22:15:00Z,2026-09-14T00:15:00+0200,22.0,MW,NL,NL,forecast_offshore_wind_generation,Wind Offshore,2026-09-17T06:28:35Z
2026-09-17T06:26:14Z,2026-09-17T08:26:14+0200,6f4a8fec-ea51-4e84-bd8b-30a01fbc98bf,2026-09-13T22:30:00Z,2026-09-14T00:30:00+0200,20.0,MW,NL,NL,forecast_offshore_wind_generation,Wind Offshore,2026-09-17T06:28:35Z
2026-09-17T06:26:14Z,2026-09-17T08:26:14+0200,6f4a8fec-ea51-4e84-bd8b-30a01fbc98bf,2026-09-13T22:45:00Z,2026-09-14T00:45:00+0200,18.0,MW,NL,NL,forecast_offshore_wind_generation,Wind Offshore,2026-09-17T06:28:35Z
2026-09-17T06:26:14Z,2026-09-17T08:26:14+0200,6f4a8fec-ea51-4e84-bd8b-30a01fbc98bf,2026-09-13T23:00:00Z,2026-09-14T01:00:00+0200,16.0,MW,NL,NL,forecast_offshore_wind_generation,Wind Offshore,2026-09-17T06:28:35Z
2026-09-17T06:26:14Z,2026-09-17T08:26:14+0200,6f4a8fec-ea51-4e84-bd8b-30a01fbc98bf,2026-09-13T23:15:00Z,2026-09-14T01:15:00+0200,15.0,MW,NL,NL,forecast_offshore_wind_generation,Wind Offshore,2026-09-17T06:28:35Z
2026-09-17T06:26:14Z,2026-09-17T08:26:14+0200,6f4a8fec-ea51-4e84-bd8b-30a01fbc98bf,2026-09-13T23:30:00Z,2026-09-14T01:30:00+0200,17.0,MW,NL,NL,forecast_offshore_wind_generation,Wind Offshore,2026-09-17T06:28:35Z
2026-09-17T06:26:14Z,2026-09-17T08:26:14+0200,6f4a8fec-ea51-4e84-bd8b-30a01fbc98bf,2026-09-13T23:45:00Z,2026-09-14T01:45:00+0200,18.0,MW,NL,NL,forecast_offshore_wind_generation,Wind Offshore,2026-09-17T06:28:35Z
2026-09-17T06:26:14Z,2026-09-17T08:26:14+0200,6f4a8fec-ea51-4e84-bd8b-30a01fbc98bf,2026-09-14T00:00:00Z,2026-09-14T02:00:00+0200,20.0,MW,NL,NL,forecast_offshore_wind_generation,Wind Offshore,2026-09-17T06:28:35Z
2026-09-17T06:26:14Z,2026-09-17T08:26:14+0200,6f4a8fec-ea51-4e84-bd8b-30a01fbc98bf,2026-09-14T00:15:00Z,2026-09-14T02:15:00+0200,21.0,MW,NL,NL,forecast_offshore_wind_generation,Wind Offshore,2026-09-17T06:28:35Z
2026-09-17T06:26:14Z,2026-09-17T08:26:14+0200,6f4a8fec-ea51-4e84-bd8b-30a01fbc98bf,2026-09-14T00:30:00Z,2026-09-14T02:30:00+0200,22.0,MW,NL,NL,forecast_offshore_wind_generation,Wind Offshore,2026-09-17T06:28:35Z
2026-09-17T06:26:14Z,2026-09-17T08:26:14+0200,6f4a8fec-ea51-4e84-bd8b-30a01fbc98bf,2026-09-14T00:45:00Z,2026-09-14T02:45:00+0200,23.0,MW,NL,NL,forecast_offshore_wind_generation,Wind Offshore,2026-09-17T06:28:35Z
2026-09-17T06:26:14Z,2026-09-17T08:26:14+0200,6f4a8fec-ea51-4e84-bd8b-30a01fbc98bf,2026-09-14T01:00:00Z,2026-09-14T03:00:00+0200,23.0,MW,NL,NL,forecast_offshore_wind_generation,Wind Offshore,2026-09-17T06:28:35Z
2026-09-17T06:26:14Z,2026-09-17T08:26:14+0200,6f4a8fec-ea51-4e84-bd8b-30a01fbc98bf,2026-09-14T01:15:00Z,2026-09-14T03:15:00+0200,24.0,MW,NL,NL,forecast_offshore_wind_generation,Wind Offshore,2026-09-17T06:28:35Z
2026-09-17T06:26:14Z,2026-09-17T08:26:14+0200,6f4a8fec-ea51-4e84-bd8b-30a01fbc98bf,2026-09-14T01:30:00Z,2026-09-14T03:30:00+0200,25.0,MW,NL,NL,forecast_offshore_wind_generation,Wind Offshore,2026-09-17T06:28:35Z
2026-09-17T06:26:14Z,2026-09-17T08:26:14+0200,6f4a8fec-ea51-4e84-bd8b-30a01fbc98bf,2026-09-14T01:45:00Z,2026-09-14T03:45:00+0200,26.0,MW,NL,NL,forecast_offshore_wind_generation,Wind Offshore,2026-09-17T06:28:35Z
2026-09-17T06:26:14Z,2026-09-17T08:26:14+0200,6f4a8fec-ea51-4e84-bd8b-30a01fbc98bf,2026-09-14T02:00:00Z,2026-09-14T04:00:00+0200,27.0,MW,NL,NL,forecast_offshore_wind_generation,Wind Offshore,2026-09-17T06:28:35Z
2026-09-17T06:26:14Z,2026-09-17T08:26:14+0200,6f4a8fec-ea51-4e84-bd8b-30a01fbc98bf,2026-09-14T02:15:00Z,2026-09-14T04:15:00+0200,28.0,MW,NL,NL,forecast_offshore_wind_generation,Wind Offshore,2026-09-17T06:28:35Z
2026-09-17T06:26:14Z,2026-09-17T08:26:14+0200,6f4a8fec-ea51-4e84-bd8b-30a01fbc98bf,2026-09-14T02:30:00Z,2026-09-14T04:30:00+0200,29.0,MW,NL,NL,forecast_offshore_wind_generation,Wind Offshore,2026-09-17T06:28:35Z
2026-09-17T06:26:14Z,2026-09-17T08:26:14+0200,6f4a8fec-ea51-4e84-bd8b-30a01fbc98bf,2026-09-14T02:45:00Z,2026-09-14T04:45:00+0200,30.0,MW,NL,NL,forecast_offshore_wind_generation,Wind Offshore,2026-09-17T06:28:35Z
2026-09-17T06:26:14Z,2026-09-17T08:26:14+0200,6f4a8fec-ea51-4e84-bd8b-30a01fbc98bf,2026-09-14T03:00:00Z,2026-09-14T05:00:00+0200,31.0,MW,NL,NL,forecast_offshore_wind_generation,Wind Offshore,2026-09-17T06:28:35Z
2026-09-17T06:26:14Z,2026-09-17T08:26:14+0200,6f4a8fec-ea51-4e84-bd8b-30a01fbc98bf,2026-09-14T03:15:00Z,2026-09-14T05:15:00+0200,33.0,MW,NL,NL,forecast_offshore_wind_generation,Wind Offshore,2026-09-17T06:28:35Z
2026-09-17T06:26:14Z,2026-09-17T08:26:14+0200,6f4a8fec-ea51-4e84-bd8b-30a01fbc98bf,2026-09-14T03:30:00Z,2026-09-14T05:30:00+0200,34.0,MW,NL,NL,forecast_offshore_wind_generation,Wind Offshore,2026-09-17T06:28:35Z
2026-09-17T06:26:14Z,2026-09-17T08:26:14+0200,6f4a8fec-ea51-4e84-bd8b-30a01fbc98bf,2026-09-14T03:45:00Z,2026-09-14T05:45:00+0200,35.0,MW,NL,NL,forecast_offshore_wind_generation,Wind Offshore,2026-09-17T06:28:35Z
2026-09-17T06:26:14Z,2026-09-17T08:26:14+0200,6f4a8fec-ea51-4e84-bd8b-30a01fbc98bf,2026-09-14T04:00:00Z,2026-09-14T06:00:00+0200,36.0,MW,NL,NL,forecast_offshore_wind_generation,Wind Offshore,2026-09-17T06:28:35Z
2026-09-17T06:26:14Z,2026-09-17T08:26:14+0200,6f4a8fec-ea51-4e84-bd8b-30a01fbc98bf,2026-09-14T04:15:00Z,2026-09-14T06:15:00+0200,38.0,MW,NL,NL,forecast_offshore_wind_generation,Wind Offshore,2026-09-17T06:28:35Z
2026-09-17T06:26:14Z,2026-09-17T08:26:14+0200,6f4a8fec-ea51-4e84-bd8b-30a01fbc98bf,2026-09-14T04:30:00Z,2026-09-14T06:30:00+0200,39.0,MW,NL,NL,forecast_offshore_wind_generation,Wind Offshore,2026-09-17T06:28:35Z
2026-09-17T06:26:14Z,2026-09-17T08:26:14+0200,6f4a8fec-ea51-4e84-bd8b-30a01fbc98bf,2026-09-14T04:45:00Z,2026-09-14T06:45:00+0200,40.0,MW,NL,NL,forecast_offshore_wind_generation,Wind Offshore,2026-09-17T06:28:35Z
2026-09-17T06:26:14Z,2026-09-17T08:26:14+0200,6f4a8fec-ea51-4e84-bd8b-30a01fbc98bf,2026-09-14T05:00:00Z,2026-09-14T07:00:00+0200,42.0,MW,NL,NL,forecast_offshore_wind_generation,Wind Offshore,2026-09-17T06:28:35Z
2026-09-17T06:26:14Z,2026-09-17T08:26:14+0200,6f4a8fec-ea51-4e84-bd8b-30a01fbc98bf,2026-09-14T05:15:00Z,2026-09-14T07:15:00+0200,45.0,MW,NL,NL,forecast_offshore_wind_generation,Wind Offshore,2026-09-17T06:28:35Z
2026-09-17T06:26:14Z,2026-09-17T08:26:14+0200,6f4a8fec-ea51-4e84-bd8b-30a01fbc98bf,2026-09-14T05:30:00Z,2026-09-14T07:30:00+0200,50.0,MW,NL,NL,forecast_offshore_wind_generation,Wind Offshore,2026-09-17T06:28:35Z
2026-09-17T06:26:14Z,2026-09-17T08:26:14+0200,6f4a8fec-ea51-4e84-bd8b-30a01fbc98bf,2026-09-14T05:45:00Z,2026-09-14T07:45:00+0200,54.0,MW,NL,NL,forecast_offshore_wind_generation,Wind Offshore,2026-09-17T06:28:35Z
2026-09-17T06:26:14Z,2026-09-17T08:26:14+0200,6f4a8fec-ea51-4e84-bd8b-30a01fbc98bf,2026-09-14T06:00:00Z,2026-09-14T08:00:00+0200,59.0,MW,NL,NL,forecast_offshore_wind_generation,Wind Offshore,2026-09-17T06:28:35Z
2026-09-17T06:26:14Z,2026-09-17T08:26:14+0200,6f4a8fec-ea51-4e84-bd8b-30a01fbc98bf,2026-09-14T06:15:00Z,2026-09-14T08:15:00+0200,60.0,MW,NL,NL,forecast_offshore_wind_generation,Wind Offshore,2026-09-17T06:28:35Z
2026-09-17T06:26:14Z,2026-09-17T08:26:14+0200,6f4a8fec-ea51-4e84-bd8b-30a01fbc98bf,2026-09-14T06:30:00Z,2026-09-14T08:30:00+0200,57.0,MW,NL,NL,forecast_offshore_wind_generation,Wind Offshore,2026-09-17T06:28:35Z
2026-09-17T06:26:14Z,2026-09-17T08:26:14+0200,6f4a8fec-ea51-4e84-bd8b-30a01fbc98bf,2026-09-14T06:45:00Z,2026-09-14T08:45:00+0200,53.0,MW,NL,NL,forecast_offshore_wind_generation,Wind Offshore,2026-09-17T06:28:35Z
2026-09-17T06:26:14Z,2026-09-17T08:26:14+0200,6f4a8fec-ea51-4e84-bd8b-30a01fbc98bf,2026-09-14T07:00:00Z,2026-09-14T09:00:00+0200,50.0,MW,NL,NL,forecast_offshore_wind_generation,Wind Offshore,2026-09-17T06:28:35Z
2026-09-17T06:26:14Z,2026-09-17T08:26:14+0200,6f4a8fec-ea51-4e84-bd8b-30a01fbc98bf,2026-09-14T07:15:00Z,2026-09-14T09:15:00+0200,47.0,MW,NL,NL,forecast_offshore_wind_generation,Wind Offshore,2026-09-17T06:28:35Z
2026-09-17T06:26:14Z,2026-09-17T08:26:14+0200,6f4a8fec-ea51-4e84-bd8b-30a01fbc98bf,2026-09-14T07:30:00Z,2026-09-14T09:30:00+0200,44.0,MW,NL,NL,forecast_offshore_wind_generation,Wind Offshore,2026-09-17T06:28:35Z
2026-09-17T06:26:14Z,2026-09-17T08:26:14+0200,6f4a8fec-ea51-4e84-bd8b-30a01fbc98bf,2026-09-14T07:45:00Z,2026-09-14T09:45:00+0200,42.0,MW,NL,NL,forecast_offshore_wind_generation,Wind Offshore,2026-09-17T06:28:35Z
2026-09-17T06:26:14Z,2026-09-17T08:26:14+0200,6f4a8fec-ea51-4e84-bd8b-30a01fbc98bf,2026-09-14T08:00:00Z,2026-09-14T10:00:00+0200,40.0,MW,NL,NL,forecast_offshore_wind_generation,Wind Offshore,2026-09-17T06:28:35Z
2026-09-17T06:26:14Z,2026-09-17T08:26:14+0200,6f4a8fec-ea51-4e84-bd8b-30a01fbc98bf,2026-09-14T08:15:00Z,2026-09-14T10:15:00+0200,38.0,MW,NL,NL,forecast_offshore_wind_generation,Wind Offshore,2026-09-17T06:28:35Z
2026-09-17T06:26:14Z,2026-09-17T08:26:14+0200,6f4a8fec-ea51-4e84-bd8b-30a01fbc98bf,2026-09-14T08:30:00Z,2026-09-14T10:30:00+0200,36.0,MW,NL,NL,forecast_offshore_wind_generation,Wind Offshore,2026-09-17T06:28:35Z
2026-09-17T06:26:14Z,2026-09-17T08:26:14+0200,6f4a8fec-ea51-4e84-bd8b-30a01fbc98bf,2026-09-14T08:45:00Z,2026-09-14T10:45:00+0200,34.0,MW,NL,NL,forecast_offshore_wind_generation,Wind Offshore,2026-09-17T06:28:35Z
2026-09-17T06:26:14Z,2026-09-17T08:26:14+0200,6f4a8fec-ea51-4e84-bd8b-30a01fbc98bf,2026-09-14T09:00:00Z,2026-09-14T11:00:00+0200,33.0,MW,NL,NL,forecast_offshore_wind_generation,Wind Offshore,2026-09-17T06:28:35Z
2026-09-17T06:26:14Z,2026-09-17T08:26:14+0200,6f4a8fec-ea51-4e84-bd8b-30a01fbc98bf,2026-09-14T09:15:00Z,2026-09-14T11:15:00+0200,34.0,MW,NL,NL,forecast_offshore_wind_generation,Wind Offshore,2026-09-17T06:28:35Z
2026-09-17T06:26:14Z,2026-09-17T08:26:14+0200,6f4a8fec-ea51-4e84-bd8b-30a01fbc98bf,2026-09-14T09:30:00Z,2026-09-14T11:30:00+0200,39.0,MW,NL,NL,forecast_offshore_wind_generation,Wind Offshore,2026-09-17T06:28:35Z
2026-09-17T06:26:14Z,2026-09-17T08:26:14+0200,6f4a8fec-ea51-4e84-bd8b-30a01fbc98bf,2026-09-14T09:45:00Z,2026-09-14T11:45:00+0200,45.0,MW,NL,NL,forecast_offshore_wind_generation,Wind Offshore,2026-09-17T06:28:35Z
2026-09-17T06:26:14Z,2026-09-17T08:26:14+0200,6f4a8fec-ea51-4e84-bd8b-30a01fbc98bf,2026-09-14T10:00:00Z,2026-09-14T12:00:00+0200,50.0,MW,NL,NL,forecast_offshore_wind_generation,Wind Offshore,2026-09-17T06:28:35Z
2026-09-17T06:26:14Z,2026-09-17T08:26:14+0200,6f4a8fec-ea51-4e84-bd8b-30a01fbc98bf,2026-09-14T10:15:00Z,2026-09-14T12:15:00+0200,57.0,MW,NL,NL,forecast_offshore_wind_generation,Wind Offshore,2026-09-17T06:28:35Z
2026-09-17T06:26:14Z,2026-09-17T08:26:14+0200,6f4a8fec-ea51-4e84-bd8b-30a01fbc98bf,2026-09-14T10:30:00Z,2026-09-14T12:30:00+0200,65.0,MW,NL,NL,forecast_offshore_wind_generation,Wind Offshore,2026-09-17T06:28:35Z
2026-09-17T06:26:14Z,2026-09-17T08:26:14+0200,6f4a8fec-ea51-4e84-bd8b-30a01fbc98bf,2026-09-14T10:45:00Z,2026-09-14T12:45:00+0200,73.0,MW,NL,NL,forecast_offshore_wind_generation,Wind Offshore,2026-09-17T06:28:35Z
2026-09-17T06:26:14Z,2026-09-17T08:26:14+0200,6f4a8fec-ea51-4e84-bd8b-30a01fbc98bf,2026-09-14T11:00:00Z,2026-09-14T13:00:00+0200,82.0,MW,NL,NL,forecast_offshore_wind_generation,Wind Offshore,2026-09-17T06:28:35Z
2026-09-17T06:26:14Z,2026-09-17T08:26:14+0200,6f4a8fec-ea51-4e84-bd8b-30a01fbc98bf,2026-09-14T11:15:00Z,2026-09-14T13:15:00+0200,90.0,MW,NL,NL,forecast_offshore_wind_generation,Wind Offshore,2026-09-17T06:28:35Z
2026-09-17T06:26:14Z,2026-09-17T08:26:14+0200,6f4a8fec-ea51-4e84-bd8b-30a01fbc98bf,2026-09-14T11:30:00Z,2026-09-14T13:30:00+0200,97.0,MW,NL,NL,forecast_offshore_wind_generation,Wind Offshore,2026-09-17T06:28:35Z
2026-09-17T06:26:14Z,2026-09-17T08:26:14+0200,6f4a8fec-ea51-4e84-bd8b-30a01fbc98bf,2026-09-14T11:45:00Z,2026-09-14T13:45:00+0200,104.0,MW,NL,NL,forecast_offshore_wind_generation,Wind Offshore,2026-09-17T06:28:35Z
2026-09-17T06:26:14Z,2026-09-17T08:26:14+0200,6f4a8fec-ea51-4e84-bd8b-30a01fbc98bf,2026-09-14T12:00:00Z,2026-09-14T14:00:00+0200,112.0,MW,NL,NL,forecast_offshore_wind_generation,Wind Offshore,2026-09-17T06:28:35Z
2026-09-17T06:26:14Z,2026-09-17T08:26:14+0200,6f4a8fec-ea51-4e84-bd8b-30a01fbc98bf,2026-09-14T12:15:00Z,2026-09-14T14:15:00+0200,116.0,MW,NL,NL,forecast_offshore_wind_generation,Wind Offshore,2026-09-17T06:28:35Z
2026-09-17T06:26:14Z,2026-09-17T08:26:14+0200,6f4a8fec-ea51-4e84-bd8b-30a01fbc98bf,2026-09-14T12:30:00Z,2026-09-14T14:30:00+0200,116.0,MW,NL,NL,forecast_offshore_wind_generation,Wind Offshore,2026-09-17T06:28:35Z
2026-09-17T06:26:14Z,2026-09-17T08:26:14+0200,6f4a8fec-ea51-4e84-bd8b-30a01fbc98bf,2026-09-14T12:45:00Z,2026-09-14T14:45:00+0200,117.0,MW,NL,NL,forecast_offshore_wind_generation,Wind Offshore,2026-09-17T06:28:35Z
2026-09-17T06:26:14Z,2026-09-17T08:26:14+0200,6f4a8fec-ea51-4e84-bd8b-30a01fbc98bf,2026-09-14T13:00:00Z,2026-09-14T15:00:00+0200,118.0,MW,NL,NL,forecast_offshore_wind_generation,Wind Offshore,2026-09-17T06:28:35Z
2026-09-17T06:26:14Z,2026-09-17T08:26:14+0200,6f4a8fec-ea51-4e84-bd8b-30a01fbc98bf,2026-09-14T13:15:00Z,2026-09-14T15:15:00+0200,119.0,MW,NL,NL,forecast_offshore_wind_generation,Wind Offshore,2026-09-17T06:28:35Z
2026-09-17T06:26:14Z,2026-09-17T08:26:14+0200,6f4a8fec-ea51-4e84-bd8b-30a01fbc98bf,2026-09-14T13:30:00Z,2026-09-14T15:30:00+0200,120.0,MW,NL,NL,forecast_offshore_wind_generation,Wind Offshore,2026-09-17T06:28:35Z
2026-09-17T06:26:14Z,2026-09-17T08:26:14+0200,6f4a8fec-ea51-4e84-bd8b-30a01fbc98bf,2026-09-14T13:45:00Z,2026-09-14T15:45:00+0200,122.0,MW,NL,NL,forecast_offshore_wind_generation,Wind Offshore,2026-09-17T06:28:35Z
2026-09-17T06:26:14Z,2026-09-17T08:26:14+0200,6f4a8fec-ea51-4e84-bd8b-30a01fbc98bf,2026-09-14T14:00:00Z,2026-09-14T16:00:00+0200,123.0,MW,NL,NL,forecast_offshore_wind_generation,Wind Offshore,2026-09-17T06:28:35Z
2026-09-17T06:26:14Z,2026-09-17T08:26:14+0200,6f4a8fec-ea51-4e84-bd8b-30a01fbc98bf,2026-09-14T14:15:00Z,2026-09-14T16:15:00+0200,125.0,MW,NL,NL,forecast_offshore_wind_generation,Wind Offshore,2026-09-17T06:28:35Z
2026-09-17T06:26:14Z,2026-09-17T08:26:14+0200,6f4a8fec-ea51-4e84-bd8b-30a01fbc98bf,2026-09-14T14:30:00Z,2026-09-14T16:30:00+0200,127.0,MW,NL,NL,forecast_offshore_wind_generation,Wind Offshore,2026-09-17T06:28:35Z
2026-09-17T06:26:14Z,2026-09-17T08:26:14+0200,6f4a8fec-ea51-4e84-bd8b-30a01fbc98bf,2026-09-14T14:45:00Z,2026-09-14T16:45:00+0200,129.0,MW,NL,NL,forecast_offshore_wind_generation,Wind Offshore,2026-09-17T06:28:35Z
2026-09-17T06:26:14Z,2026-09-17T08:26:14+0200,6f4a8fec-ea51-4e84-bd8b-30a01fbc98bf,2026-09-14T15:00:00Z,2026-09-14T17:00:00+0200,131.0,MW,NL,NL,forecast_offshore_wind_generation,Wind Offshore,2026-09-17T06:28:35Z
2026-09-17T06:26:14Z,2026-09-17T08:26:14+0200,6f4a8fec-ea51-4e84-bd8b-30a01fbc98bf,2026-09-14T15:15:00Z,2026-09-14T17:15:00+0200,132.0,MW,NL,NL,forecast_offshore_wind_generation,Wind Offshore,2026-09-17T06:28:35Z
2026-09-17T06:26:14Z,2026-09-17T08:26:14+0200,6f4a8fec-ea51-4e84-bd8b-30a01fbc98bf,2026-09-14T15:30:00Z,2026-09-14T17:30:00+0200,131.0,MW,NL,NL,forecast_offshore_wind_generation,Wind Offshore,2026-09-17T06:28:35Z
2026-09-17T06:26:14Z,2026-09-17T08:26:14+0200,6f4a8fec-ea51-4e84-bd8b-30a01fbc98bf,2026-09-14T15:45:00Z,2026-09-14T17:45:00+0200,129.0,MW,NL,NL,forecast_offshore_wind_generation,Wind Offshore,2026-09-17T06:28:35Z
2026-09-17T06:26:14Z,2026-09-17T08:26:14+0200,6f4a8fec-ea51-4e84-bd8b-30a01fbc98bf,2026-09-14T16:00:00Z,2026-09-14T18:00:00+0200,128.0,MW,NL,NL,forecast_offshore_wind_generation,Wind Offshore,2026-09-17T06:28:35Z
2026-09-17T06:26:14Z,2026-09-17T08:26:14+0200,6f4a8fec-ea51-4e84-bd8b-30a01fbc98bf,2026-09-14T16:15:00Z,2026-09-14T18:15:00+0200,127.0,MW,NL,NL,forecast_offshore_wind_generation,Wind Offshore,2026-09-17T06:28:35Z
2026-09-17T06:26:14Z,2026-09-17T08:26:14+0200,6f4a8fec-ea51-4e84-bd8b-30a01fbc98bf,2026-09-14T16:30:00Z,2026-09-14T18:30:00+0200,126.0,MW,NL,NL,forecast_offshore_wind_generation,Wind Offshore,2026-09-17T06:28:35Z
2026-09-17T06:26:14Z,2026-09-17T08:26:14+0200,6f4a8fec-ea51-4e84-bd8b-30a01fbc98bf,2026-09-14T16:45:00Z,2026-09-14T18:45:00+0200,125.0,MW,NL,NL,forecast_offshore_wind_generation,Wind Offshore,2026-09-17T06:28:35Z
2026-09-17T06:26:14Z,2026-09-17T08:26:14+0200,6f4a8fec-ea51-4e84-bd8b-30a01fbc98bf,2026-09-14T17:00:00Z,2026-09-14T19:00:00+0200,125.0,MW,NL,NL,forecast_offshore_wind_generation,Wind Offshore,2026-09-17T06:28:35Z
2026-09-17T06:26:14Z,2026-09-17T08:26:14+0200,6f4a8fec-ea51-4e84-bd8b-30a01fbc98bf,2026-09-14T17:15:00Z,2026-09-14T19:15:00+0200,125.0,MW,NL,NL,forecast_offshore_wind_generation,Wind Offshore,2026-09-17T06:28:35Z
2026-09-17T06:26:14Z,2026-09-17T08:26:14+0200,6f4a8fec-ea51-4e84-bd8b-30a01fbc98bf,2026-09-14T17:30:00Z,2026-09-14T19:30:00+0200,126.0,MW,NL,NL,forecast_offshore_wind_generation,Wind Offshore,2026-09-17T06:28:35Z
2026-09-17T06:26:14Z,2026-09-17T08:26:14+0200,6f4a8fec-ea51-4e84-bd8b-30a01fbc98bf,2026-09-14T17:45:00Z,2026-09-14T19:45:00+0200,128.0,MW,NL,NL,forecast_offshore_wind_generation,Wind Offshore,2026-09-17T06:28:35Z
2026-09-17T06:26:14Z,2026-09-17T08:26:14+0200,6f4a8fec-ea51-4e84-bd8b-30a01fbc98bf,2026-09-14T18:00:00Z,2026-09-14T20:00:00+0200,129.0,MW,NL,NL,forecast_offshore_wind_generation,Wind Offshore,2026-09-17T06:28:35Z
2026-09-17T06:26:14Z,2026-09-17T08:26:14+0200,6f4a8fec-ea51-4e84-bd8b-30a01fbc98bf,2026-09-14T18:15:00Z,2026-09-14T20:15:00+0200,135.0,MW,NL,NL,forecast_offshore_wind_generation,Wind Offshore,2026-09-17T06:28:35Z
2026-09-17T06:26:14Z,2026-09-17T08:26:14+0200,6f4a8fec-ea51-4e84-bd8b-30a01fbc98bf,2026-09-14T18:30:00Z,2026-09-14T20:30:00+0200,146.0,MW,NL,NL,forecast_offshore_wind_generation,Wind Offshore,2026-09-17T06:28:35Z
2026-09-17T06:26:14Z,2026-09-17T08:26:14+0200,6f4a8fec-ea51-4e84-bd8b-30a01fbc98bf,2026-09-14T18:45:00Z,2026-09-14T20:45:00+0200,157.0,MW,NL,NL,forecast_offshore_wind_generation,Wind Offshore,2026-09-17T06:28:35Z
2026-09-17T06:26:14Z,2026-09-17T08:26:14+0200,6f4a8fec-ea51-4e84-bd8b-30a01fbc98bf,2026-09-14T19:00:00Z,2026-09-14T21:00:00+0200,168.0,MW,NL,NL,forecast_offshore_wind_generation,Wind Offshore,2026-09-17T06:28:35Z
2026-09-17T06:26:14Z,2026-09-17T08:26:14+0200,6f4a8fec-ea51-4e84-bd8b-30a01fbc98bf,2026-09-14T19:15:00Z,2026-09-14T21:15:00+0200,178.0,MW,NL,NL,forecast_offshore_wind_generation,Wind Offshore,2026-09-17T06:28:35Z
2026-09-17T06:26:14Z,2026-09-17T08:26:14+0200,6f4a8fec-ea51-4e84-bd8b-30a01fbc98bf,2026-09-14T19:30:00Z,2026-09-14T21:30:00+0200,188.0,MW,NL,NL,forecast_offshore_wind_generation,Wind Offshore,2026-09-17T06:28:35Z
2026-09-17T06:26:14Z,2026-09-17T08:26:14+0200,6f4a8fec-ea51-4e84-bd8b-30a01fbc98bf,2026-09-14T19:45:00Z,2026-09-14T21:45:00+0200,197.0,MW,NL,NL,forecast_offshore_wind_generation,Wind Offshore,2026-09-17T06:28:35Z
2026-09-17T06:26:14Z,2026-09-17T08:26:14+0200,6f4a8fec-ea51-4e84-bd8b-30a01fbc98bf,2026-09-14T20:00:00Z,2026-09-14T22:00:00+0200,207.0,MW,NL,NL,forecast_offshore_wind_generation,Wind Offshore,2026-09-17T06:28:35Z
2026-09-17T06:26:14Z,2026-09-17T08:26:14+0200,6f4a8fec-ea51-4e84-bd8b-30a01fbc98bf,2026-09-14T20:15:00Z,2026-09-14T22:15:00+0200,218.0,MW,NL,NL,forecast_offshore_wind_generation,Wind Offshore,2026-09-17T06:28:35Z
2026-09-17T06:26:14Z,2026-09-17T08:26:14+0200,6f4a8fec-ea51-4e84-bd8b-30a01fbc98bf,2026-09-14T20:30:00Z,2026-09-14T22:30:00+0200,231.0,MW,NL,NL,forecast_offshore_wind_generation,Wind Offshore,2026-09-17T06:28:35Z
2026-09-17T06:26:14Z,2026-09-17T08:26:14+0200,6f4a8fec-ea51-4e84-bd8b-30a01fbc98bf,2026-09-14T20:45:00Z,2026-09-14T22:45:00+0200,244.0,MW,NL,NL,forecast_offshore_wind_generation,Wind Offshore,2026-09-17T06:28:35Z
2026-09-17T06:26:14Z,2026-09-17T08:26:14+0200,6f4a8fec-ea51-4e84-bd8b-30a01fbc98bf,2026-09-14T21:00:00Z,2026-09-14T23:00:00+0200,257.0,MW,NL,NL,forecast_offshore_wind_generation,Wind Offshore,2026-09-17T06:28:35Z
2026-09-17T06:26:14Z,2026-09-17T08:26:14+0200,6f4a8fec-ea51-4e84-bd8b-30a01fbc98bf,2026-09-14T21:15:00Z,2026-09-14T23:15:00+0200,264.0,MW,NL,NL,forecast_offshore_wind_generation,Wind Offshore,2026-09-17T06:28:35Z
2026-09-17T06:26:14Z,2026-09-17T08:26:14+0200,6f4a8fec-ea51-4e84-bd8b-30a01fbc98bf,2026-09-14T21:30:00Z,2026-09-14T23:30:00+0200,267.0,MW,NL,NL,forecast_offshore_wind_generation,Wind Offshore,2026-09-17T06:28:35Z
2026-09-17T06:26:14Z,2026-09-17T08:26:14+0200,6f4a8fec-ea51-4e84-bd8b-30a01fbc98bf,2026-09-14T21:45:00Z,2026-09-14T23:45:00+0200,270.0,MW,NL,NL,forecast_offshore_wind_generation,Wind Offshore,2026-09-17T06:28:35Z
2026-09-17T06:26:14Z,2026-09-17T08:26:14+0200,6f4a8fec-ea51-4e84-bd8b-30a01fbc98bf,2026-09-14T22:00:00Z,2026-09-15T00:00:00+0200,351.0,MW,NL,NL,forecast_offshore_wind_generation,Wind Offshore,2026-09-17T06:28:35Z
2026-09-17T06:26:14Z,2026-09-17T08:26:14+0200,6f4a8fec-ea51-4e84-bd8b-30a01fbc98bf,2026-09-14T22:15:00Z,2026-09-15T00:15:00+0200,353.0,MW,NL,NL,forecast_offshore_wind_generation,Wind Offshore,2026-09-17T06:28:35Z
2026-09-17T06:26:14Z,2026-09-17T08:26:14+0200,6f4a8fec-ea51-4e84-bd8b-30a01fbc98bf,2026-09-14T22:30:00Z,2026-09-15T00:30:00+0200,356.0,MW,NL,NL,forecast_offshore_wind_generation,Wind Offshore,2026-09-17T06:28:35Z
2026-09-17T06:26:14Z,2026-09-17T08:26:14+0200,6f4a8fec-ea51-4e84-bd8b-30a01fbc98bf,2026-09-14T22:45:00Z,2026-09-15T00:45:00+0200,358.0,MW,NL,NL,forecast_offshore_wind_generation,Wind Offshore,2026-09-17T06:28:35Z
2026-09-17T06:26:14Z,2026-09-17T08:26:14+0200,6f4a8fec-ea51-4e84-bd8b-30a01fbc98bf,2026-09-14T23:00:00Z,2026-09-15T01:00:00+0200,360.0,MW,NL,NL,forecast_offshore_wind_generation,Wind Offshore,2026-09-17T06:28:35Z
2026-09-17T06:26:14Z,2026-09-17T08:26:14+0200,6f4a8fec-ea51-4e84-bd8b-30a01fbc98bf,2026-09-14T23:15:00Z,2026-09-15T01:15:00+0200,365.0,MW,NL,NL,forecast_offshore_wind_generation,Wind Offshore,2026-09-17T06:28:35Z
2026-09-17T06:26:14Z,2026-09-17T08:26:14+0200,6f4a8fec-ea51-4e84-bd8b-30a01fbc98bf,2026-09-14T23:30:00Z,2026-09-15T01:30:00+0200,371.0,MW,NL,NL,forecast_offshore_wind_generation,Wind Offshore,2026-09-17T06:28:35Z
2026-09-17T06:26:14Z,2026-09-17T08:26:14+0200,6f4a8fec-ea51-4e84-bd8b-30a01fbc98bf,2026-09-14T23:45:00Z,2026-09-15T01:45:00+0200,378.0,MW,NL,NL,forecast_offshore_wind_generation,Wind Offshore,2026-09-17T06:28:35Z
2026-09-17T06:26:14Z,2026-09-17T08:26:14+0200,6f4a8fec-ea51-4e84-bd8b-30a01fbc98bf,2026-09-15T00:00:00Z,2026-09-15T02:00:00+0200,385.0,MW,NL,NL,forecast_offshore_wind_generation,Wind Offshore,2026-09-17T06:28:35Z
2026-09-17T06:26:14Z,2026-09-17T08:26:14+0200,6f4a8fec-ea51-4e84-bd8b-30a01fbc98bf,2026-09-15T00:15:00Z,2026-09-15T02:15:00+0200,390.0,MW,NL,NL,forecast_offshore_wind_generation,Wind Offshore,2026-09-17T06:28:35Z
2026-09-17T06:26:14Z,2026-09-17T08:26:14+0200,6f4a8fec-ea51-4e84-bd8b-30a01fbc98bf,2026-09-15T00:30:00Z,2026-09-15T02:30:00+0200,394.0,MW,NL,NL,forecast_offshore_wind_generation,Wind Offshore,2026-09-17T06:28:35Z
2026-09-17T06:26:14Z,2026-09-17T08:26:14+0200,6f4a8fec-ea51-4e84-bd8b-30a01fbc98bf,2026-09-15T00:45:00Z,2026-09-15T02:45:00+0200,398.0,MW,NL,NL,forecast_offshore_wind_generation,Wind Offshore,2026-09-17T06:28:35Z
2026-09-17T06:26:14Z,2026-09-17T08:26:14+0200,6f4a8fec-ea51-4e84-bd8b-30a01fbc98bf,2026-09-15T01:00:00Z,2026-09-15T03:00:00+0200,401.0,MW,NL,NL,forecast_offshore_wind_generation,Wind Offshore,2026-09-17T06:28:35Z
2026-09-17T06:26:14Z,2026-09-17T08:26:14+0200,6f4a8fec-ea51-4e84-bd8b-30a01fbc98bf,2026-09-15T01:15:00Z,2026-09-15T03:15:00+0200,407.0,MW,NL,NL,forecast_offshore_wind_generation,Wind Offshore,2026-09-17T06:28:35Z
2026-09-17T06:26:14Z,2026-09-17T08:26:14+0200,6f4a8fec-ea51-4e84-bd8b-30a01fbc98bf,2026-09-15T01:30:00Z,2026-09-15T03:30:00+0200,415.0,MW,NL,NL,forecast_offshore_wind_generation,Wind Offshore,2026-09-17T06:28:35Z
2026-09-17T06:26:14Z,2026-09-17T08:26:14+0200,6f4a8fec-ea51-4e84-bd8b-30a01fbc98bf,2026-09-15T01:45:00Z,2026-09-15T03:45:00+0200,423.0,MW,NL,NL,forecast_offshore_wind_generation,Wind Offshore,2026-09-17T06:28:35Z
2026-09-17T06:26:14Z,2026-09-17T08:26:14+0200,6f4a8fec-ea51-4e84-bd8b-30a01fbc98bf,2026-09-15T02:00:00Z,2026-09-15T04:00:00+0200,431.0,MW,NL,NL,forecast_offshore_wind_generation,Wind Offshore,2026-09-17T06:28:35Z
2026-09-17T06:26:14Z,2026-09-17T08:26:14+0200,6f4a8fec-ea51-4e84-bd8b-30a01fbc98bf,2026-09-15T02:15:00Z,2026-09-15T04:15:00+0200,441.0,MW,NL,NL,forecast_offshore_wind_generation,Wind Offshore,2026-09-17T06:28:35Z
2026-09-17T06:26:14Z,2026-09-17T08:26:14+0200,6f4a8fec-ea51-4e84-bd8b-30a01fbc98bf,2026-09-15T02:30:00Z,2026-09-15T04:30:00+0200,454.0,MW,NL,NL,forecast_offshore_wind_generation,Wind Offshore,2026-09-17T06:28:35Z
2026-09-17T06:26:14Z,2026-09-17T08:26:14+0200,6f4a8fec-ea51-4e84-bd8b-30a01fbc98bf,2026-09-15T02:45:00Z,2026-09-15T04:45:00+0200,466.0,MW,NL,NL,forecast_offshore_wind_generation,Wind Offshore,2026-09-17T06:28:35Z
2026-09-17T06:26:14Z,2026-09-17T08:26:14+0200,6f4a8fec-ea51-4e84-bd8b-30a01fbc98bf,2026-09-15T03:00:00Z,2026-09-15T05:00:00+0200,479.0,MW,NL,NL,forecast_offshore_wind_generation,Wind Offshore,2026-09-17T06:28:35Z
2026-09-17T06:26:14Z,2026-09-17T08:26:14+0200,6f4a8fec-ea51-4e84-bd8b-30a01fbc98bf,2026-09-15T03:15:00Z,2026-09-15T05:15:00+0200,488.0,MW,NL,NL,forecast_offshore_wind_generation,Wind Offshore,2026-09-17T06:28:35Z
2026-09-17T06:26:14Z,2026-09-17T08:26:14+0200,6f4a8fec-ea51-4e84-bd8b-30a01fbc98bf,2026-09-15T03:30:00Z,2026-09-15T05:30:00+0200,494.0,MW,NL,NL,forecast_offshore_wind_generation,Wind Offshore,2026-09-17T06:28:35Z
2026-09-17T06:26:14Z,2026-09-17T08:26:14+0200,6f4a8fec-ea51-4e84-bd8b-30a01fbc98bf,2026-09-15T03:45:00Z,2026-09-15T05:45:00+0200,499.0,MW,NL,NL,forecast_offshore_wind_generation,Wind Offshore,2026-09-17T06:28:35Z
2026-09-17T06:26:14Z,2026-09-17T08:26:14+0200,6f4a8fec-ea51-4e84-bd8b-30a01fbc98bf,2026-09-15T04:00:00Z,2026-09-15T06:00:00+0200,505.0,MW,NL,NL,forecast_offshore_wind_generation,Wind Offshore,2026-09-17T06:28:35Z
2026-09-17T06:26:14Z,2026-09-17T08:26:14+0200,6f4a8fec-ea51-4e84-bd8b-30a01fbc98bf,2026-09-15T04:15:00Z,2026-09-15T06:15:00+0200,506.0,MW,NL,NL,forecast_offshore_wind_generation,Wind Offshore,2026-09-17T06:28:35Z
2026-09-17T06:26:14Z,2026-09-17T08:26:14+0200,6f4a8fec-ea51-4e84-bd8b-30a01fbc98bf,2026-09-15T04:30:00Z,2026-09-15T06:30:00+0200,503.0,MW,NL,NL,forecast_offshore_wind_generation,Wind Offshore,2026-09-17T06:28:35Z
2026-09-17T06:26:14Z,2026-09-17T08:26:14+0200,6f4a8fec-ea51-4e84-bd8b-30a01fbc98bf,2026-09-15T04:45:00Z,2026-09-15T06:45:00+0200,499.0,MW,NL,NL,forecast_offshore_wind_generation,Wind Offshore,2026-09-17T06:28:35Z
2026-09-17T06:26:14Z,2026-09-17T08:26:14+0200,6f4a8fec-ea51-4e84-bd8b-30a01fbc98bf,2026-09-15T05:00:00Z,2026-09-15T07:00:00+0200,496.0,MW,NL,NL,forecast_offshore_wind_generation,Wind Offshore,2026-09-17T06:28:35Z
2026-09-17T06:26:14Z,2026-09-17T08:26:14+0200,6f4a8fec-ea51-4e84-bd8b-30a01fbc98bf,2026-09-15T05:15:00Z,2026-09-15T07:15:00+0200,493.0,MW,NL,NL,forecast_offshore_wind_generation,Wind Offshore,2026-09-17T06:28:35Z
2026-09-17T06:26:14Z,2026-09-17T08:26:14+0200,6f4a8fec-ea51-4e84-bd8b-30a01fbc98bf,2026-09-15T05:30:00Z,2026-09-15T07:30:00+0200,491.0,MW,NL,NL,forecast_offshore_wind_generation,Wind Offshore,2026-09-17T06:28:35Z
2026-09-17T06:26:14Z,2026-09-17T08:26:14+0200,6f4a8fec-ea51-4e84-bd8b-30a01fbc98bf,2026-09-15T05:45:00Z,2026-09-15T07:45:00+0200,489.0,MW,NL,NL,forecast_offshore_wind_generation,Wind Offshore,2026-09-17T06:28:35Z
2026-09-17T06:26:14Z,2026-09-17T08:26:14+0200,6f4a8fec-ea51-4e84-bd8b-30a01fbc98bf,2026-09-15T06:00:00Z,2026-09-15T08:00:00+0200,487.0,MW,NL,NL,forecast_offshore_wind_generation,Wind Offshore,2026-09-17T06:28:35Z
2026-09-17T06:26:14Z,2026-09-17T08:26:14+0200,6f4a8fec-ea51-4e84-bd8b-30a01fbc98bf,2026-09-15T06:15:00Z,2026-09-15T08:15:00+0200,497.0,MW,NL,NL,forecast_offshore_wind_generation,Wind Offshore,2026-09-17T06:28:35Z
2026-09-17T06:26:14Z,2026-09-17T08:26:14+0200,6f4a8fec-ea51-4e84-bd8b-30a01fbc98bf,2026-09-15T06:30:00Z,2026-09-15T08:30:00+0200,520.0,MW,NL,NL,forecast_offshore_wind_generation,Wind Offshore,2026-09-17T06:28:35Z
2026-09-17T06:26:14Z,2026-09-17T08:26:14+0200,6f4a8fec-ea51-4e84-bd8b-30a01fbc98bf,2026-09-15T06:45:00Z,2026-09-15T08:45:00+0200,543.0,MW,NL,NL,forecast_offshore_wind_generation,Wind Offshore,2026-09-17T06:28:35Z
2026-09-17T06:26:14Z,2026-09-17T08:26:14+0200,6f4a8fec-ea51-4e84-bd8b-30a01fbc98bf,2026-09-15T07:00:00Z,2026-09-15T09:00:00+0200,566.0,MW,NL,NL,forecast_offshore_wind_generation,Wind Offshore,2026-09-17T06:28:35Z
2026-09-17T06:26:14Z,2026-09-17T08:26:14+0200,6f4a8fec-ea51-4e84-bd8b-30a01fbc98bf,2026-09-15T07:15:00Z,2026-09-15T09:15:00+0200,587.0,MW,NL,NL,forecast_offshore_wind_generation,Wind Offshore,2026-09-17T06:28:35Z
2026-09-17T06:26:14Z,2026-09-17T08:26:14+0200,6f4a8fec-ea51-4e84-bd8b-30a01fbc98bf,2026-09-15T07:30:00Z,2026-09-15T09:30:00+0200,606.0,MW,NL,NL,forecast_offshore_wind_generation,Wind Offshore,2026-09-17T06:28:35Z
2026-09-17T06:26:14Z,2026-09-17T08:26:14+0200,6f4a8fec-ea51-4e84-bd8b-30a01fbc98bf,2026-09-15T07:45:00Z,2026-09-15T09:45:00+0200,625.0,MW,NL,NL,forecast_offshore_wind_generation,Wind Offshore,2026-09-17T06:28:35Z
2026-09-17T06:26:14Z,2026-09-17T08:26:14+0200,6f4a8fec-ea51-4e84-bd8b-30a01fbc98bf,2026-09-15T08:00:00Z,2026-09-15T10:00:00+0200,645.0,MW,NL,NL,forecast_offshore_wind_generation,Wind Offshore,2026-09-17T06:28:35Z
2026-09-17T06:26:14Z,2026-09-17T08:26:14+0200,6f4a8fec-ea51-4e84-bd8b-30a01fbc98bf,2026-09-15T08:15:00Z,2026-09-15T10:15:00+0200,669.0,MW,NL,NL,forecast_offshore_wind_generation,Wind Offshore,2026-09-17T06:28:35Z
2026-09-17T06:26:14Z,2026-09-17T08:26:14+0200,6f4a8fec-ea51-4e84-bd8b-30a01fbc98bf,2026-09-15T08:30:00Z,2026-09-15T10:30:00+0200,698.0,MW,NL,NL,forecast_offshore_wind_generation,Wind Offshore,2026-09-17T06:28:35Z
2026-09-17T06:26:14Z,2026-09-17T08:26:14+0200,6f4a8fec-ea51-4e84-bd8b-30a01fbc98bf,2026-09-15T08:45:00Z,2026-09-15T10:45:00+0200,726.0,MW,NL,NL,forecast_offshore_wind_generation,Wind Offshore,2026-09-17T06:28:35Z
2026-09-17T06:26:14Z,2026-09-17T08:26:14+0200,6f4a8fec-ea51-4e84-bd8b-30a01fbc98bf,2026-09-15T09:00:00Z,2026-09-15T11:00:00+0200,755.0,MW,NL,NL,forecast_offshore_wind_generation,Wind Offshore,2026-09-17T06:28:35Z
2026-09-17T06:26:14Z,2026-09-17T08:26:14+0200,6f4a8fec-ea51-4e84-bd8b-30a01fbc98bf,2026-09-15T09:15:00Z,2026-09-15T11:15:00+0200,766.0,MW,NL,NL,forecast_offshore_wind_generation,Wind Offshore,2026-09-17T06:28:35Z
2026-09-17T06:26:14Z,2026-09-17T08:26:14+0200,6f4a8fec-ea51-4e84-bd8b-30a01fbc98bf,2026-09-15T09:30:00Z,2026-09-15T11:30:00+0200,758.0,MW,NL,NL,forecast_offshore_wind_generation,Wind Offshore,2026-09-17T06:28:35Z
2026-09-17T06:26:14Z,2026-09-17T08:26:14+0200,6f4a8fec-ea51-4e84-bd8b-30a01fbc98bf,2026-09-15T09:45:00Z,2026-09-15T11:45:00+0200,751.0,MW,NL,NL,forecast_offshore_wind_generation,Wind Offshore,2026-09-17T06:28:35Z
2026-09-17T06:26:14Z,2026-09-17T08:26:14+0200,6f4a8fec-ea51-4e84-bd8b-30a01fbc98bf,2026-09-15T10:00:00Z,2026-09-15T12:00:00+0200,743.0,MW,NL,NL,forecast_offshore_wind_generation,Wind Offshore,2026-09-17T06:28:35Z
2026-09-17T06:26:14Z,2026-09-17T08:26:14+0200,6f4a8fec-ea51-4e84-bd8b-30a01fbc98bf,2026-09-15T10:15:00Z,2026-09-15T12:15:00+0200,734.0,MW,NL,NL,forecast_offshore_wind_generation,Wind Offshore,2026-09-17T06:28:35Z
2026-09-17T06:26:14Z,2026-09-17T08:26:14+0200,6f4a8fec-ea51-4e84-bd8b-30a01fbc98bf,2026-09-15T10:30:00Z,2026-09-15T12:30:00+0200,724.0,MW,NL,NL,forecast_offshore_wind_generation,Wind Offshore,2026-09-17T06:28:35Z
2026-09-17T06:26:14Z,2026-09-17T08:26:14+0200,6f4a8fec-ea51-4e84-bd8b-30a01fbc98bf,2026-09-15T10:45:00Z,2026-09-15T12:45:00+0200,714.0,MW,NL,NL,forecast_offshore_wind_generation,Wind Offshore,2026-09-17T06:28:35Z
2026-09-17T06:26:14Z,2026-09-17T08:26:14+0200,6f4a8fec-ea51-4e84-bd8b-30a01fbc98bf,2026-09-15T11:00:00Z,2026-09-15T13:00:00+0200,704.0,MW,NL,NL,forecast_offshore_wind_generation,Wind Offshore,2026-09-17T06:28:35Z
2026-09-17T06:26:14Z,2026-09-17T08:26:14+0200,6f4a8fec-ea51-4e84-bd8b-30a01fbc98bf,2026-09-15T11:15:00Z,2026-09-15T13:15:00+0200,692.0,MW,NL,NL,forecast_offshore_wind_generation,Wind Offshore,2026-09-17T06:28:35Z
2026-09-17T06:26:14Z,2026-09-17T08:26:14+0200,6f4a8fec-ea51-4e84-bd8b-30a01fbc98bf,2026-09-15T11:30:00Z,2026-09-15T13:30:00+0200,679.0,MW,NL,NL,forecast_offshore_wind_generation,Wind Offshore,2026-09-17T06:28:35Z
2026-09-17T06:26:14Z,2026-09-17T08:26:14+0200,6f4a8fec-ea51-4e84-bd8b-30a01fbc98bf,2026-09-15T11:45:00Z,2026-09-15T13:45:00+0200,666.0,MW,NL,NL,forecast_offshore_wind_generation,Wind Offshore,2026-09-17T06:28:35Z
2026-09-17T06:26:14Z,2026-09-17T08:26:14+0200,6f4a8fec-ea51-4e84-bd8b-30a01fbc98bf,2026-09-15T12:00:00Z,2026-09-15T14:00:00+0200,653.0,MW,NL,NL,forecast_offshore_wind_generation,Wind Offshore,2026-09-17T06:28:35Z
2026-09-17T06:26:14Z,2026-09-17T08:26:14+0200,6f4a8fec-ea51-4e84-bd8b-30a01fbc98bf,2026-09-15T12:15:00Z,2026-09-15T14:15:00+0200,641.0,MW,NL,NL,forecast_offshore_wind_generation,Wind Offshore,2026-09-17T06:28:35Z
2026-09-17T06:26:14Z,2026-09-17T08:26:14+0200,6f4a8fec-ea51-4e84-bd8b-30a01fbc98bf,2026-09-15T12:30:00Z,2026-09-15T14:30:00+0200,631.0,MW,NL,NL,forecast_offshore_wind_generation,Wind Offshore,2026-09-17T06:28:35Z
2026-09-17T06:26:14Z,2026-09-17T08:26:14+0200,6f4a8fec-ea51-4e84-bd8b-30a01fbc98bf,2026-09-15T12:45:00Z,2026-09-15T14:45:00+0200,620.0,MW,NL,NL,forecast_offshore_wind_generation,Wind Offshore,2026-09-17T06:28:35Z
2026-09-17T06:26:14Z,2026-09-17T08:26:14+0200,6f4a8fec-ea51-4e84-bd8b-30a01fbc98bf,2026-09-15T13:00:00Z,2026-09-15T15:00:00+0200,610.0,MW,NL,NL,forecast_offshore_wind_generation,Wind Offshore,2026-09-17T06:28:35Z
2026-09-17T06:26:14Z,2026-09-17T08:26:14+0200,6f4a8fec-ea51-4e84-bd8b-30a01fbc98bf,2026-09-15T13:15:00Z,2026-09-15T15:15:00+0200,594.0,MW,NL,NL,forecast_offshore_wind_generation,Wind Offshore,2026-09-17T06:28:35Z
2026-09-17T06:26:14Z,2026-09-17T08:26:14+0200,6f4a8fec-ea51-4e84-bd8b-30a01fbc98bf,2026-09-15T13:30:00Z,2026-09-15T15:30:00+0200,572.0,MW,NL,NL,forecast_offshore_wind_generation,Wind Offshore,2026-09-17T06:28:35Z
2026-09-17T06:26:14Z,2026-09-17T08:26:14+0200,6f4a8fec-ea51-4e84-bd8b-30a01fbc98bf,2026-09-15T13:45:00Z,2026-09-15T15:45:00+0200,551.0,MW,NL,NL,forecast_offshore_wind_generation,Wind Offshore,2026-09-17T06:28:35Z
2026-09-17T06:26:14Z,2026-09-17T08:26:14+0200,6f4a8fec-ea51-4e84-bd8b-30a01fbc98bf,2026-09-15T14:00:00Z,2026-09-15T16:00:00+0200,529.0,MW,NL,NL,forecast_offshore_wind_generation,Wind Offshore,2026-09-17T06:28:35Z
2026-09-17T06:26:14Z,2026-09-17T08:26:14+0200,6f4a8fec-ea51-4e84-bd8b-30a01fbc98bf,2026-09-15T14:15:00Z,2026-09-15T16:15:00+0200,503.0,MW,NL,NL,forecast_offshore_wind_generation,Wind Offshore,2026-09-17T06:28:35Z
2026-09-17T06:26:14Z,2026-09-17T08:26:14+0200,6f4a8fec-ea51-4e84-bd8b-30a01fbc98bf,2026-09-15T14:30:00Z,2026-09-15T16:30:00+0200,473.0,MW,NL,NL,forecast_offshore_wind_generation,Wind Offshore,2026-09-17T06:28:35Z
2026-09-17T06:26:14Z,2026-09-17T08:26:14+0200,6f4a8fec-ea51-4e84-bd8b-30a01fbc98bf,2026-09-15T14:45:00Z,2026-09-15T16:45:00+0200,442.0,MW,NL,NL,forecast_offshore_wind_generation,Wind Offshore,2026-09-17T06:28:35Z
2026-09-17T06:26:14Z,2026-09-17T08:26:14+0200,6f4a8fec-ea51-4e84-bd8b-30a01fbc98bf,2026-09-15T15:00:00Z,2026-09-15T17:00:00+0200,412.0,MW,NL,NL,forecast_offshore_wind_generation,Wind Offshore,2026-09-17T06:28:35Z
2026-09-17T06:26:14Z,2026-09-17T08:26:14+0200,6f4a8fec-ea51-4e84-bd8b-30a01fbc98bf,2026-09-15T15:15:00Z,2026-09-15T17:15:00+0200,409.0,MW,NL,NL,forecast_offshore_wind_generation,Wind Offshore,2026-09-17T06:28:35Z
2026-09-17T06:26:14Z,2026-09-17T08:26:14+0200,6f4a8fec-ea51-4e84-bd8b-30a01fbc98bf,2026-09-15T15:30:00Z,2026-09-15T17:30:00+0200,433.0,MW,NL,NL,forecast_offshore_wind_generation,Wind Offshore,2026-09-17T06:28:35Z
2026-09-17T06:26:14Z,2026-09-17T08:26:14+0200,6f4a8fec-ea51-4e84-bd8b-30a01fbc98bf,2026-09-15T15:45:00Z,2026-09-15T17:45:00+0200,457.0,MW,NL,NL,forecast_offshore_wind_generation,Wind Offshore,2026-09-17T06:28:35Z
2026-09-17T06:26:14Z,2026-09-17T08:26:14+0200,6f4a8fec-ea51-4e84-bd8b-30a01fbc98bf,2026-09-15T16:00:00Z,2026-09-15T18:00:00+0200,482.0,MW,NL,NL,forecast_offshore_wind_generation,Wind Offshore,2026-09-17T06:28:35Z
2026-09-17T06:26:14Z,2026-09-17T08:26:14+0200,6f4a8fec-ea51-4e84-bd8b-30a01fbc98bf,2026-09-15T16:15:00Z,2026-09-15T18:15:00+0200,501.0,MW,NL,NL,forecast_offshore_wind_generation,Wind Offshore,2026-09-17T06:28:35Z
2026-09-17T06:26:14Z,2026-09-17T08:26:14+0200,6f4a8fec-ea51-4e84-bd8b-30a01fbc98bf,2026-09-15T16:30:00Z,2026-09-15T18:30:00+0200,516.0,MW,NL,NL,forecast_offshore_wind_generation,Wind Offshore,2026-09-17T06:28:35Z
2026-09-17T06:26:14Z,2026-09-17T08:26:14+0200,6f4a8fec-ea51-4e84-bd8b-30a01fbc98bf,2026-09-15T16:45:00Z,2026-09-15T18:45:00+0200,530.0,MW,NL,NL,forecast_offshore_wind_generation,Wind Offshore,2026-09-17T06:28:35Z
2026-09-17T06:26:14Z,2026-09-17T08:26:14+0200,6f4a8fec-ea51-4e84-bd8b-30a01fbc98bf,2026-09-15T17:00:00Z,2026-09-15T19:00:00+0200,545.0,MW,NL,NL,forecast_offshore_wind_generation,Wind Offshore,2026-09-17T06:28:35Z
2026-09-17T06:26:14Z,2026-09-17T08:26:14+0200,6f4a8fec-ea51-4e84-bd8b-30a01fbc98bf,2026-09-15T17:15:00Z,2026-09-15T19:15:00+0200,560.0,MW,NL,NL,forecast_offshore_wind_generation,Wind Offshore,2026-09-17T06:28:35Z
2026-09-17T06:26:14Z,2026-09-17T08:26:14+0200,6f4a8fec-ea51-4e84-bd8b-30a01fbc98bf,2026-09-15T17:30:00Z,2026-09-15T19:30:00+0200,577.0,MW,NL,NL,forecast_offshore_wind_generation,Wind Offshore,2026-09-17T06:28:35Z
2026-09-17T06:26:14Z,2026-09-17T08:26:14+0200,6f4a8fec-ea51-4e84-bd8b-30a01fbc98bf,2026-09-15T17:45:00Z,2026-09-15T19:45:00+0200,593.0,MW,NL,NL,forecast_offshore_wind_generation,Wind Offshore,2026-09-17T06:28:35Z
2026-09-17T06:26:14Z,2026-09-17T08:26:14+0200,6f4a8fec-ea51-4e84-bd8b-30a01fbc98bf,2026-09-15T18:00:00Z,2026-09-15T20:00:00+0200,609.0,MW,NL,NL,forecast_offshore_wind_generation,Wind Offshore,2026-09-17T06:28:35Z
2026-09-17T06:26:14Z,2026-09-17T08:26:14+0200,6f4a8fec-ea51-4e84-bd8b-30a01fbc98bf,2026-09-15T18:15:00Z,2026-09-15T20:15:00+0200,610.0,MW,NL,NL,forecast_offshore_wind_generation,Wind Offshore,2026-09-17T06:28:35Z
2026-09-17T06:26:14Z,2026-09-17T08:26:14+0200,6f4a8fec-ea51-4e84-bd8b-30a01fbc98bf,2026-09-15T18:30:00Z,2026-09-15T20:30:00+0200,596.0,MW,NL,NL,forecast_offshore_wind_generation,Wind Offshore,2026-09-17T06:28:35Z
2026-09-17T06:26:14Z,2026-09-17T08:26:14+0200,6f4a8fec-ea51-4e84-bd8b-30a01fbc98bf,2026-09-15T18:45:00Z,2026-09-15T20:45:00+0200,581.0,MW,NL,NL,forecast_offshore_wind_generation,Wind Offshore,2026-09-17T06:28:35Z
2026-09-17T06:26:14Z,2026-09-17T08:26:14+0200,6f4a8fec-ea51-4e84-bd8b-30a01fbc98bf,2026-09-15T19:00:00Z,2026-09-15T21:00:00+0200,567.0,MW,NL,NL,forecast_offshore_wind_generation,Wind Offshore,2026-09-17T06:28:35Z
2026-09-17T06:26:14Z,2026-09-17T08:26:14+0200,6f4a8fec-ea51-4e84-bd8b-30a01fbc98bf,2026-09-15T19:15:00Z,2026-09-15T21:15:00+0200,558.0,MW,NL,NL,forecast_offshore_wind_generation,Wind Offshore,2026-09-17T06:28:35Z
2026-09-17T06:26:14Z,2026-09-17T08:26:14+0200,6f4a8fec-ea51-4e84-bd8b-30a01fbc98bf,2026-09-15T19:30:00Z,2026-09-15T21:30:00+0200,555.0,MW,NL,NL,forecast_offshore_wind_generation,Wind Offshore,2026-09-17T06:28:35Z
2026-09-17T06:26:14Z,2026-09-17T08:26:14+0200,6f4a8fec-ea51-4e84-bd8b-30a01fbc98bf,2026-09-15T19:45:00Z,2026-09-15T21:45:00+0200,552.0,MW,NL,NL,forecast_offshore_wind_generation,Wind Offshore,2026-09-17T06:28:35Z
2026-09-17T06:26:14Z,2026-09-17T08:26:14+0200,6f4a8fec-ea51-4e84-bd8b-30a01fbc98bf,2026-09-15T20:00:00Z,2026-09-15T22:00:00+0200,549.0,MW,NL,NL,forecast_offshore_wind_generation,Wind Offshore,2026-09-17T06:28:35Z
2026-09-17T06:26:14Z,2026-09-17T08:26:14+0200,6f4a8fec-ea51-4e84-bd8b-30a01fbc98bf,2026-09-15T20:15:00Z,2026-09-15T22:15:00+0200,542.0,MW,NL,NL,forecast_offshore_wind_generation,Wind Offshore,2026-09-17T06:28:35Z
2026-09-17T06:26:14Z,2026-09-17T08:26:14+0200,6f4a8fec-ea51-4e84-bd8b-30a01fbc98bf,2026-09-15T20:30:00Z,2026-09-15T22:30:00+0200,531.0,MW,NL,NL,forecast_offshore_wind_generation,Wind Offshore,2026-09-17T06:28:35Z
2026-09-17T06:26:14Z,2026-09-17T08:26:14+0200,6f4a8fec-ea51-4e84-bd8b-30a01fbc98bf,2026-09-15T20:45:00Z,2026-09-15T22:45:00+0200,520.0,MW,NL,NL,forecast_offshore_wind_generation,Wind Offshore,2026-09-17T06:28:35Z
2026-09-17T06:26:14Z,2026-09-17T08:26:14+0200,6f4a8fec-ea51-4e84-bd8b-30a01fbc98bf,2026-09-15T21:00:00Z,2026-09-15T23:00:00+0200,509.0,MW,NL,NL,forecast_offshore_wind_generation,Wind Offshore,2026-09-17T06:28:35Z
2026-09-17T06:26:14Z,2026-09-17T08:26:14+0200,6f4a8fec-ea51-4e84-bd8b-30a01fbc98bf,2026-09-15T21:15:00Z,2026-09-15T23:15:00+0200,490.0,MW,NL,NL,forecast_offshore_wind_generation,Wind Offshore,2026-09-17T06:28:35Z
2026-09-17T06:26:14Z,2026-09-17T08:26:14+0200,6f4a8fec-ea51-4e84-bd8b-30a01fbc98bf,2026-09-15T21:30:00Z,2026-09-15T23:30:00+0200,462.0,MW,NL,NL,forecast_offshore_wind_generation,Wind Offshore,2026-09-17T06:28:35Z
2026-09-17T06:26:14Z,2026-09-17T08:26:14+0200,6f4a8fec-ea51-4e84-bd8b-30a01fbc98bf,2026-09-15T21:45:00Z,2026-09-15T23:45:00+0200,434.0,MW,NL,NL,forecast_offshore_wind_generation,Wind Offshore,2026-09-17T06:28:35Z
2026-09-17T06:26:14Z,2026-09-17T08:26:14+0200,6f4a8fec-ea51-4e84-bd8b-30a01fbc98bf,2026-09-15T22:00:00Z,2026-09-16T00:00:00+0200,349.0,MW,NL,NL,forecast_offshore_wind_generation,Wind Offshore,2026-09-17T06:28:35Z
2026-09-17T06:26:14Z,2026-09-17T08:26:14+0200,6f4a8fec-ea51-4e84-bd8b-30a01fbc98bf,2026-09-15T22:15:00Z,2026-09-16T00:15:00+0200,347.0,MW,NL,NL,forecast_offshore_wind_generation,Wind Offshore,2026-09-17T06:28:35Z
2026-09-17T06:26:14Z,2026-09-17T08:26:14+0200,6f4a8fec-ea51-4e84-bd8b-30a01fbc98bf,2026-09-15T22:30:00Z,2026-09-16T00:30:00+0200,344.0,MW,NL,NL,forecast_offshore_wind_generation,Wind Offshore,2026-09-17T06:28:35Z
2026-09-17T06:26:14Z,2026-09-17T08:26:14+0200,6f4a8fec-ea51-4e84-bd8b-30a01fbc98bf,2026-09-15T22:45:00Z,2026-09-16T00:45:00+0200,341.0,MW,NL,NL,forecast_offshore_wind_generation,Wind Offshore,2026-09-17T06:28:35Z
2026-09-17T06:26:14Z,2026-09-17T08:26:14+0200,6f4a8fec-ea51-4e84-bd8b-30a01fbc98bf,2026-09-15T23:00:00Z,2026-09-16T01:00:00+0200,338.0,MW,NL,NL,forecast_offshore_wind_generation,Wind Offshore,2026-09-17T06:28:35Z
2026-09-17T06:26:14Z,2026-09-17T08:26:14+0200,6f4a8fec-ea51-4e84-bd8b-30a01fbc98bf,2026-09-15T23:15:00Z,2026-09-16T01:15:00+0200,336.0,MW,NL,NL,forecast_offshore_wind_generation,Wind Offshore,2026-09-17T06:28:35Z
2026-09-17T06:26:14Z,2026-09-17T08:26:14+0200,6f4a8fec-ea51-4e84-bd8b-30a01fbc98bf,2026-09-15T23:30:00Z,2026-09-16T01:30:00+0200,335.0,MW,NL,NL,forecast_offshore_wind_generation,Wind Offshore,2026-09-17T06:28:35Z
2026-09-17T06:26:14Z,2026-09-17T08:26:14+0200,6f4a8fec-ea51-4e84-bd8b-30a01fbc98bf,2026-09-15T23:45:00Z,2026-09-16T01:45:00+0200,334.0,MW,NL,NL,forecast_offshore_wind_generation,Wind Offshore,2026-09-17T06:28:35Z
2026-09-17T06:26:14Z,2026-09-17T08:26:14+0200,6f4a8fec-ea51-4e84-bd8b-30a01fbc98bf,2026-09-16T00:00:00Z,2026-09-16T02:00:00+0200,332.0,MW,NL,NL,forecast_offshore_wind_generation,Wind Offshore,2026-09-17T06:28:35Z
2026-09-17T06:26:14Z,2026-09-17T08:26:14+0200,6f4a8fec-ea51-4e84-bd8b-30a01fbc98bf,2026-09-16T00:15:00Z,2026-09-16T02:15:00+0200,331.0,MW,NL,NL,forecast_offshore_wind_generation,Wind Offshore,2026-09-17T06:28:35Z
2026-09-17T06:26:14Z,2026-09-17T08:26:14+0200,6f4a8fec-ea51-4e84-bd8b-30a01fbc98bf,2026-09-16T00:30:00Z,2026-09-16T02:30:00+0200,329.0,MW,NL,NL,forecast_offshore_wind_generation,Wind Offshore,2026-09-17T06:28:35Z
2026-09-17T06:26:14Z,2026-09-17T08:26:14+0200,6f4a8fec-ea51-4e84-bd8b-30a01fbc98bf,2026-09-16T00:45:00Z,2026-09-16T02:45:00+0200,327.0,MW,NL,NL,forecast_offshore_wind_generation,Wind Offshore,2026-09-17T06:28:35Z
2026-09-17T06:26:14Z,2026-09-17T08:26:14+0200,6f4a8fec-ea51-4e84-bd8b-30a01fbc98bf,2026-09-16T01:00:00Z,2026-09-16T03:00:00+0200,325.0,MW,NL,NL,forecast_offshore_wind_generation,Wind Offshore,2026-09-17T06:28:35Z
2026-09-17T06:26:14Z,2026-09-17T08:26:14+0200,6f4a8fec-ea51-4e84-bd8b-30a01fbc98bf,2026-09-16T01:15:00Z,2026-09-16T03:15:00+0200,324.0,MW,NL,NL,forecast_offshore_wind_generation,Wind Offshore,2026-09-17T06:28:35Z
2026-09-17T06:26:14Z,2026-09-17T08:26:14+0200,6f4a8fec-ea51-4e84-bd8b-30a01fbc98bf,2026-09-16T01:30:00Z,2026-09-16T03:30:00+0200,325.0,MW,NL,NL,forecast_offshore_wind_generation,Wind Offshore,2026-09-17T06:28:35Z
2026-09-17T06:26:14Z,2026-09-17T08:26:14+0200,6f4a8fec-ea51-4e84-bd8b-30a01fbc98bf,2026-09-16T01:45:00Z,2026-09-16T03:45:00+0200,325.0,MW,NL,NL,forecast_offshore_wind_generation,Wind Offshore,2026-09-17T06:28:35Z
2026-09-17T06:26:14Z,2026-09-17T08:26:14+0200,6f4a8fec-ea51-4e84-bd8b-30a01fbc98bf,2026-09-16T02:00:00Z,2026-09-16T04:00:00+0200,326.0,MW,NL,NL,forecast_offshore_wind_generation,Wind Offshore,2026-09-17T06:28:35Z
2026-09-17T06:26:14Z,2026-09-17T08:26:14+0200,6f4a8fec-ea51-4e84-bd8b-30a01fbc98bf,2026-09-16T02:15:00Z,2026-09-16T04:15:00+0200,326.0,MW,NL,NL,forecast_offshore_wind_generation,Wind Offshore,2026-09-17T06:28:35Z
2026-09-17T06:26:14Z,2026-09-17T08:26:14+0200,6f4a8fec-ea51-4e84-bd8b-30a01fbc98bf,2026-09-16T02:30:00Z,2026-09-16T04:30:00+0200,326.0,MW,NL,NL,forecast_offshore_wind_generation,Wind Offshore,2026-09-17T06:28:35Z
2026-09-17T06:26:14Z,2026-09-17T08:26:14+0200,6f4a8fec-ea51-4e84-bd8b-30a01fbc98bf,2026-09-16T02:45:00Z,2026-09-16T04:45:00+0200,327.0,MW,NL,NL,forecast_offshore_wind_generation,Wind Offshore,2026-09-17T06:28:35Z
2026-09-17T06:26:14Z,2026-09-17T08:26:14+0200,6f4a8fec-ea51-4e84-bd8b-30a01fbc98bf,2026-09-16T03:00:00Z,2026-09-16T05:00:00+0200,327.0,MW,NL,NL,forecast_offshore_wind_generation,Wind Offshore,2026-09-17T06:28:35Z
2026-09-17T06:26:14Z,2026-09-17T08:26:14+0200,6f4a8fec-ea51-4e84-bd8b-30a01fbc98bf,2026-09-16T03:15:00Z,2026-09-16T05:15:00+0200,326.0,MW,NL,NL,forecast_offshore_wind_generation,Wind Offshore,2026-09-17T06:28:35Z
2026-09-17T06:26:14Z,2026-09-17T08:26:14+0200,6f4a8fec-ea51-4e84-bd8b-30a01fbc98bf,2026-09-16T03:30:00Z,2026-09-16T05:30:00+0200,324.0,MW,NL,NL,forecast_offshore_wind_generation,Wind Offshore,2026-09-17T06:28:35Z
2026-09-17T06:26:14Z,2026-09-17T08:26:14+0200,6f4a8fec-ea51-4e84-bd8b-30a01fbc98bf,2026-09-16T03:45:00Z,2026-09-16T05:45:00+0200,322.0,MW,NL,NL,forecast_offshore_wind_generation,Wind Offshore,2026-09-17T06:28:35Z
2026-09-17T06:26:14Z,2026-09-17T08:26:14+0200,6f4a8fec-ea51-4e84-bd8b-30a01fbc98bf,2026-09-16T04:00:00Z,2026-09-16T06:00:00+0200,320.0,MW,NL,NL,forecast_offshore_wind_generation,Wind Offshore,2026-09-17T06:28:35Z
2026-09-17T06:26:14Z,2026-09-17T08:26:14+0200,6f4a8fec-ea51-4e84-bd8b-30a01fbc98bf,2026-09-16T04:15:00Z,2026-09-16T06:15:00+0200,320.0,MW,NL,NL,forecast_offshore_wind_generation,Wind Offshore,2026-09-17T06:28:35Z
2026-09-17T06:26:14Z,2026-09-17T08:26:14+0200,6f4a8fec-ea51-4e84-bd8b-30a01fbc98bf,2026-09-16T04:30:00Z,2026-09-16T06:30:00+0200,322.0,MW,NL,NL,forecast_offshore_wind_generation,Wind Offshore,2026-09-17T06:28:35Z
2026-09-17T06:26:14Z,2026-09-17T08:26:14+0200,6f4a8fec-ea51-4e84-bd8b-30a01fbc98bf,2026-09-16T04:45:00Z,2026-09-16T06:45:00+0200,324.0,MW,NL,NL,forecast_offshore_wind_generation,Wind Offshore,2026-09-17T06:28:35Z
2026-09-17T06:26:14Z,2026-09-17T08:26:14+0200,6f4a8fec-ea51-4e84-bd8b-30a01fbc98bf,2026-09-16T05:00:00Z,2026-09-16T07:00:00+0200,325.0,MW,NL,NL,forecast_offshore_wind_generation,Wind Offshore,2026-09-17T06:28:35Z
2026-09-17T06:26:14Z,2026-09-17T08:26:14+0200,6f4a8fec-ea51-4e84-bd8b-30a01fbc98bf,2026-09-16T05:15:00Z,2026-09-16T07:15:00+0200,327.0,MW,NL,NL,forecast_offshore_wind_generation,Wind Offshore,2026-09-17T06:28:35Z
2026-09-17T06:26:14Z,2026-09-17T08:26:14+0200,6f4a8fec-ea51-4e84-bd8b-30a01fbc98bf,2026-09-16T05:30:00Z,2026-09-16T07:30:00+0200,329.0,MW,NL,NL,forecast_offshore_wind_generation,Wind Offshore,2026-09-17T06:28:35Z
2026-09-17T06:26:14Z,2026-09-17T08:26:14+0200,6f4a8fec-ea51-4e84-bd8b-30a01fbc98bf,2026-09-16T05:45:00Z,2026-09-16T07:45:00+0200,330.0,MW,NL,NL,forecast_offshore_wind_generation,Wind Offshore,2026-09-17T06:28:35Z
2026-09-17T06:26:14Z,2026-09-17T08:26:14+0200,6f4a8fec-ea51-4e84-bd8b-30a01fbc98bf,2026-09-16T06:00:00Z,2026-09-16T08:00:00+0200,332.0,MW,NL,NL,forecast_offshore_wind_generation,Wind Offshore,2026-09-17T06:28:35Z
2026-09-17T06:26:14Z,2026-09-17T08:26:14+0200,6f4a8fec-ea51-4e84-bd8b-30a01fbc98bf,2026-09-16T06:15:00Z,2026-09-16T08:15:00+0200,330.0,MW,NL,NL,forecast_offshore_wind_generation,Wind Offshore,2026-09-17T06:28:35Z
2026-09-17T06:26:14Z,2026-09-17T08:26:14+0200,6f4a8fec-ea51-4e84-bd8b-30a01fbc98bf,2026-09-16T06:30:00Z,2026-09-16T08:30:00+0200,323.0,MW,NL,NL,forecast_offshore_wind_generation,Wind Offshore,2026-09-17T06:28:35Z
2026-09-17T06:26:14Z,2026-09-17T08:26:14+0200,6f4a8fec-ea51-4e84-bd8b-30a01fbc98bf,2026-09-16T06:45:00Z,2026-09-16T08:45:00+0200,317.0,MW,NL,NL,forecast_offshore_wind_generation,Wind Offshore,2026-09-17T06:28:35Z
2026-09-17T06:26:14Z,2026-09-17T08:26:14+0200,6f4a8fec-ea51-4e84-bd8b-30a01fbc98bf,2026-09-16T07:00:00Z,2026-09-16T09:00:00+0200,310.0,MW,NL,NL,forecast_offshore_wind_generation,Wind Offshore,2026-09-17T06:28:35Z
2026-09-17T06:26:14Z,2026-09-17T08:26:14+0200,6f4a8fec-ea51-4e84-bd8b-30a01fbc98bf,2026-09-16T07:15:00Z,2026-09-16T09:15:00+0200,302.0,MW,NL,NL,forecast_offshore_wind_generation,Wind Offshore,2026-09-17T06:28:35Z
2026-09-17T06:26:14Z,2026-09-17T08:26:14+0200,6f4a8fec-ea51-4e84-bd8b-30a01fbc98bf,2026-09-16T07:30:00Z,2026-09-16T09:30:00+0200,293.0,MW,NL,NL,forecast_offshore_wind_generation,Wind Offshore,2026-09-17T06:28:35Z
2026-09-17T06:26:14Z,2026-09-17T08:26:14+0200,6f4a8fec-ea51-4e84-bd8b-30a01fbc98bf,2026-09-16T07:45:00Z,2026-09-16T09:45:00+0200,284.0,MW,NL,NL,forecast_offshore_wind_generation,Wind Offshore,2026-09-17T06:28:35Z
2026-09-17T06:26:14Z,2026-09-17T08:26:14+0200,6f4a8fec-ea51-4e84-bd8b-30a01fbc98bf,2026-09-16T08:00:00Z,2026-09-16T10:00:00+0200,274.0,MW,NL,NL,forecast_offshore_wind_generation,Wind Offshore,2026-09-17T06:28:35Z
2026-09-17T06:26:14Z,2026-09-17T08:26:14+0200,6f4a8fec-ea51-4e84-bd8b-30a01fbc98bf,2026-09-16T08:15:00Z,2026-09-16T10:15:00+0200,265.0,MW,NL,NL,forecast_offshore_wind_generation,Wind Offshore,2026-09-17T06:28:35Z
2026-09-17T06:26:14Z,2026-09-17T08:26:14+0200,6f4a8fec-ea51-4e84-bd8b-30a01fbc98bf,2026-09-16T08:30:00Z,2026-09-16T10:30:00+0200,256.0,MW,NL,NL,forecast_offshore_wind_generation,Wind Offshore,2026-09-17T06:28:35Z
2026-09-17T06:26:14Z,2026-09-17T08:26:14+0200,6f4a8fec-ea51-4e84-bd8b-30a01fbc98bf,2026-09-16T08:45:00Z,2026-09-16T10:45:00+0200,247.0,MW,NL,NL,forecast_offshore_wind_generation,Wind Offshore,2026-09-17T06:28:35Z
2026-09-17T06:26:14Z,2026-09-17T08:26:14+0200,6f4a8fec-ea51-4e84-bd8b-30a01fbc98bf,2026-09-16T09:00:00Z,2026-09-16T11:00:00+0200,238.0,MW,NL,NL,forecast_offshore_wind_generation,Wind Offshore,2026-09-17T06:28:35Z
2026-09-17T06:26:14Z,2026-09-17T08:26:14+0200,6f4a8fec-ea51-4e84-bd8b-30a01fbc98bf,2026-09-16T09:15:00Z,2026-09-16T11:15:00+0200,243.0,MW,NL,NL,forecast_offshore_wind_generation,Wind Offshore,2026-09-17T06:28:35Z
2026-09-17T06:26:14Z,2026-09-17T08:26:14+0200,6f4a8fec-ea51-4e84-bd8b-30a01fbc98bf,2026-09-16T09:30:00Z,2026-09-16T11:30:00+0200,262.0,MW,NL,NL,forecast_offshore_wind_generation,Wind Offshore,2026-09-17T06:28:35Z
2026-09-17T06:26:14Z,2026-09-17T08:26:14+0200,6f4a8fec-ea51-4e84-bd8b-30a01fbc98bf,2026-09-16T09:45:00Z,2026-09-16T11:45:00+0200,282.0,MW,NL,NL,forecast_offshore_wind_generation,Wind Offshore,2026-09-17T06:28:35Z
2026-09-17T06:26:14Z,2026-09-17T08:26:14+0200,6f4a8fec-ea51-4e84-bd8b-30a01fbc98bf,2026-09-16T10:00:00Z,2026-09-16T12:00:00+0200,301.0,MW,NL,NL,forecast_offshore_wind_generation,Wind Offshore,2026-09-17T06:28:35Z
2026-09-17T06:26:14Z,2026-09-17T08:26:14+0200,6f4a8fec-ea51-4e84-bd8b-30a01fbc98bf,2026-09-16T10:15:00Z,2026-09-16T12:15:00+0200,319.0,MW,NL,NL,forecast_offshore_wind_generation,Wind Offshore,2026-09-17T06:28:35Z
2026-09-17T06:26:14Z,2026-09-17T08:26:14+0200,6f4a8fec-ea51-4e84-bd8b-30a01fbc98bf,2026-09-16T10:30:00Z,2026-09-16T12:30:00+0200,336.0,MW,NL,NL,forecast_offshore_wind_generation,Wind Offshore,2026-09-17T06:28:35Z
2026-09-17T06:26:14Z,2026-09-17T08:26:14+0200,6f4a8fec-ea51-4e84-bd8b-30a01fbc98bf,2026-09-16T10:45:00Z,2026-09-16T12:45:00+0200,353.0,MW,NL,NL,forecast_offshore_wind_generation,Wind Offshore,2026-09-17T06:28:35Z
2026-09-17T06:26:14Z,2026-09-17T08:26:14+0200,6f4a8fec-ea51-4e84-bd8b-30a01fbc98bf,2026-09-16T11:00:00Z,2026-09-16T13:00:00+0200,370.0,MW,NL,NL,forecast_offshore_wind_generation,Wind Offshore,2026-09-17T06:28:35Z
2026-09-17T06:26:14Z,2026-09-17T08:26:14+0200,6f4a8fec-ea51-4e84-bd8b-30a01fbc98bf,2026-09-16T11:15:00Z,2026-09-16T13:15:00+0200,384.0,MW,NL,NL,forecast_offshore_wind_generation,Wind Offshore,2026-09-17T06:28:35Z
2026-09-17T06:26:14Z,2026-09-17T08:26:14+0200,6f4a8fec-ea51-4e84-bd8b-30a01fbc98bf,2026-09-16T11:30:00Z,2026-09-16T13:30:00+0200,395.0,MW,NL,NL,forecast_offshore_wind_generation,Wind Offshore,2026-09-17T06:28:35Z
2026-09-17T06:26:14Z,2026-09-17T08:26:14+0200,6f4a8fec-ea51-4e84-bd8b-30a01fbc98bf,2026-09-16T11:45:00Z,2026-09-16T13:45:00+0200,406.0,MW,NL,NL,forecast_offshore_wind_generation,Wind Offshore,2026-09-17T06:28:35Z
2026-09-17T06:26:14Z,2026-09-17T08:26:14+0200,6f4a8fec-ea51-4e84-bd8b-30a01fbc98bf,2026-09-16T12:00:00Z,2026-09-16T14:00:00+0200,417.0,MW,NL,NL,forecast_offshore_wind_generation,Wind Offshore,2026-09-17T06:28:35Z
2026-09-17T06:26:14Z,2026-09-17T08:26:14+0200,6f4a8fec-ea51-4e84-bd8b-30a01fbc98bf,2026-09-16T12:15:00Z,2026-09-16T14:15:00+0200,426.0,MW,NL,NL,forecast_offshore_wind_generation,Wind Offshore,2026-09-17T06:28:35Z
2026-09-17T06:26:14Z,2026-09-17T08:26:14+0200,6f4a8fec-ea51-4e84-bd8b-30a01fbc98bf,2026-09-16T12:30:00Z,2026-09-16T14:30:00+0200,431.0,MW,NL,NL,forecast_offshore_wind_generation,Wind Offshore,2026-09-17T06:28:35Z
2026-09-17T06:26:14Z,2026-09-17T08:26:14+0200,6f4a8fec-ea51-4e84-bd8b-30a01fbc98bf,2026-09-16T12:45:00Z,2026-09-16T14:45:00+0200,437.0,MW,NL,NL,forecast_offshore_wind_generation,Wind Offshore,2026-09-17T06:28:35Z
2026-09-17T06:26:14Z,2026-09-17T08:26:14+0200,6f4a8fec-ea51-4e84-bd8b-30a01fbc98bf,2026-09-16T13:00:00Z,2026-09-16T15:00:00+0200,443.0,MW,NL,NL,forecast_offshore_wind_generation,Wind Offshore,2026-09-17T06:28:35Z
2026-09-17T06:26:14Z,2026-09-17T08:26:14+0200,6f4a8fec-ea51-4e84-bd8b-30a01fbc98bf,2026-09-16T13:15:00Z,2026-09-16T15:15:00+0200,451.0,MW,NL,NL,forecast_offshore_wind_generation,Wind Offshore,2026-09-17T06:28:35Z
2026-09-17T06:26:14Z,2026-09-17T08:26:14+0200,6f4a8fec-ea51-4e84-bd8b-30a01fbc98bf,2026-09-16T13:30:00Z,2026-09-16T15:30:00+0200,461.0,MW,NL,NL,forecast_offshore_wind_generation,Wind Offshore,2026-09-17T06:28:35Z
2026-09-17T06:26:14Z,2026-09-17T08:26:14+0200,6f4a8fec-ea51-4e84-bd8b-30a01fbc98bf,2026-09-16T13:45:00Z,2026-09-16T15:45:00+0200,471.0,MW,NL,NL,forecast_offshore_wind_generation,Wind Offshore,2026-09-17T06:28:35Z
2026-09-17T06:26:14Z,2026-09-17T08:26:14+0200,6f4a8fec-ea51-4e84-bd8b-30a01fbc98bf,2026-09-16T14:00:00Z,2026-09-16T16:00:00+0200,481.0,MW,NL,NL,forecast_offshore_wind_generation,Wind Offshore,2026-09-17T06:28:35Z
2026-09-17T06:26:14Z,2026-09-17T08:26:14+0200,6f4a8fec-ea51-4e84-bd8b-30a01fbc98bf,2026-09-16T14:15:00Z,2026-09-16T16:15:00+0200,487.0,MW,NL,NL,forecast_offshore_wind_generation,Wind Offshore,2026-09-17T06:28:35Z
2026-09-17T06:26:14Z,2026-09-17T08:26:14+0200,6f4a8fec-ea51-4e84-bd8b-30a01fbc98bf,2026-09-16T14:30:00Z,2026-09-16T16:30:00+0200,490.0,MW,NL,NL,forecast_offshore_wind_generation,Wind Offshore,2026-09-17T06:28:35Z
2026-09-17T06:26:14Z,2026-09-17T08:26:14+0200,6f4a8fec-ea51-4e84-bd8b-30a01fbc98bf,2026-09-16T14:45:00Z,2026-09-16T16:45:00+0200,493.0,MW,NL,NL,forecast_offshore_wind_generation,Wind Offshore,2026-09-17T06:28:35Z
2026-09-17T06:26:14Z,2026-09-17T08:26:14+0200,6f4a8fec-ea51-4e84-bd8b-30a01fbc98bf,2026-09-16T15:00:00Z,2026-09-16T17:00:00+0200,496.0,MW,NL,NL,forecast_offshore_wind_generation,Wind Offshore,2026-09-17T06:28:35Z
2026-09-17T06:26:14Z,2026-09-17T08:26:14+0200,6f4a8fec-ea51-4e84-bd8b-30a01fbc98bf,2026-09-16T15:15:00Z,2026-09-16T17:15:00+0200,490.0,MW,NL,NL,forecast_offshore_wind_generation,Wind Offshore,2026-09-17T06:28:35Z
2026-09-17T06:26:14Z,2026-09-17T08:26:14+0200,6f4a8fec-ea51-4e84-bd8b-30a01fbc98bf,2026-09-16T15:30:00Z,2026-09-16T17:30:00+0200,475.0,MW,NL,NL,forecast_offshore_wind_generation,Wind Offshore,2026-09-17T06:28:35Z
2026-09-17T06:26:14Z,2026-09-17T08:26:14+0200,6f4a8fec-ea51-4e84-bd8b-30a01fbc98bf,2026-09-16T15:45:00Z,2026-09-16T17:45:00+0200,460.0,MW,NL,NL,forecast_offshore_wind_generation,Wind Offshore,2026-09-17T06:28:35Z
2026-09-17T06:26:14Z,2026-09-17T08:26:14+0200,6f4a8fec-ea51-4e84-bd8b-30a01fbc98bf,2026-09-16T16:00:00Z,2026-09-16T18:00:00+0200,444.0,MW,NL,NL,forecast_offshore_wind_generation,Wind Offshore,2026-09-17T06:28:35Z
2026-09-17T06:26:14Z,2026-09-17T08:26:14+0200,6f4a8fec-ea51-4e84-bd8b-30a01fbc98bf,2026-09-16T16:15:00Z,2026-09-16T18:15:00+0200,428.0,MW,NL,NL,forecast_offshore_wind_generation,Wind Offshore,2026-09-17T06:28:35Z
2026-09-17T06:26:14Z,2026-09-17T08:26:14+0200,6f4a8fec-ea51-4e84-bd8b-30a01fbc98bf,2026-09-16T16:30:00Z,2026-09-16T18:30:00+0200,411.0,MW,NL,NL,forecast_offshore_wind_generation,Wind Offshore,2026-09-17T06:28:35Z
2026-09-17T06:26:14Z,2026-09-17T08:26:14+0200,6f4a8fec-ea51-4e84-bd8b-30a01fbc98bf,2026-09-16T16:45:00Z,2026-09-16T18:45:00+0200,394.0,MW,NL,NL,forecast_offshore_wind_generation,Wind Offshore,2026-09-17T06:28:35Z
2026-09-17T06:26:14Z,2026-09-17T08:26:14+0200,6f4a8fec-ea51-4e84-bd8b-30a01fbc98bf,2026-09-16T17:00:00Z,2026-09-16T19:00:00+0200,377.0,MW,NL,NL,forecast_offshore_wind_generation,Wind Offshore,2026-09-17T06:28:35Z
2026-09-17T06:26:14Z,2026-09-17T08:26:14+0200,6f4a8fec-ea51-4e84-bd8b-30a01fbc98bf,2026-09-16T17:15:00Z,2026-09-16T19:15:00+0200,364.0,MW,NL,NL,forecast_offshore_wind_generation,Wind Offshore,2026-09-17T06:28:35Z
2026-09-17T06:26:14Z,2026-09-17T08:26:14+0200,6f4a8fec-ea51-4e84-bd8b-30a01fbc98bf,2026-09-16T17:30:00Z,2026-09-16T19:30:00+0200,354.0,MW,NL,NL,forecast_offshore_wind_generation,Wind Offshore,2026-09-17T06:28:35Z
2026-09-17T06:26:14Z,2026-09-17T08:26:14+0200,6f4a8fec-ea51-4e84-bd8b-30a01fbc98bf,2026-09-16T17:45:00Z,2026-09-16T19:45:00+0200,343.0,MW,NL,NL,forecast_offshore_wind_generation,Wind Offshore,2026-09-17T06:28:35Z
2026-09-17T06:26:14Z,2026-09-17T08:26:14+0200,6f4a8fec-ea51-4e84-bd8b-30a01fbc98bf,2026-09-16T18:00:00Z,2026-09-16T20:00:00+0200,333.0,MW,NL,NL,forecast_offshore_wind_generation,Wind Offshore,2026-09-17T06:28:35Z
2026-09-17T06:26:14Z,2026-09-17T08:26:14+0200,6f4a8fec-ea51-4e84-bd8b-30a01fbc98bf,2026-09-16T18:15:00Z,2026-09-16T20:15:00+0200,316.0,MW,NL,NL,forecast_offshore_wind_generation,Wind Offshore,2026-09-17T06:28:35Z
2026-09-17T06:26:14Z,2026-09-17T08:26:14+0200,6f4a8fec-ea51-4e84-bd8b-30a01fbc98bf,2026-09-16T18:30:00Z,2026-09-16T20:30:00+0200,292.0,MW,NL,NL,forecast_offshore_wind_generation,Wind Offshore,2026-09-17T06:28:35Z
2026-09-17T06:26:14Z,2026-09-17T08:26:14+0200,6f4a8fec-ea51-4e84-bd8b-30a01fbc98bf,2026-09-16T18:45:00Z,2026-09-16T20:45:00+0200,268.0,MW,NL,NL,forecast_offshore_wind_generation,Wind Offshore,2026-09-17T06:28:35Z
2026-09-17T06:26:14Z,2026-09-17T08:26:14+0200,6f4a8fec-ea51-4e84-bd8b-30a01fbc98bf,2026-09-16T19:00:00Z,2026-09-16T21:00:00+0200,244.0,MW,NL,NL,forecast_offshore_wind_generation,Wind Offshore,2026-09-17T06:28:35Z
2026-09-17T06:26:14Z,2026-09-17T08:26:14+0200,6f4a8fec-ea51-4e84-bd8b-30a01fbc98bf,2026-09-16T19:15:00Z,2026-09-16T21:15:00+0200,233.0,MW,NL,NL,forecast_offshore_wind_generation,Wind Offshore,2026-09-17T06:28:35Z
2026-09-17T06:26:14Z,2026-09-17T08:26:14+0200,6f4a8fec-ea51-4e84-bd8b-30a01fbc98bf,2026-09-16T19:30:00Z,2026-09-16T21:30:00+0200,234.0,MW,NL,NL,forecast_offshore_wind_generation,Wind Offshore,2026-09-17T06:28:35Z
2026-09-17T06:26:14Z,2026-09-17T08:26:14+0200,6f4a8fec-ea51-4e84-bd8b-30a01fbc98bf,2026-09-16T19:45:00Z,2026-09-16T21:45:00+0200,235.0,MW,NL,NL,forecast_offshore_wind_generation,Wind Offshore,2026-09-17T06:28:35Z
2026-09-17T06:26:14Z,2026-09-17T08:26:14+0200,6f4a8fec-ea51-4e84-bd8b-30a01fbc98bf,2026-09-16T20:00:00Z,2026-09-16T22:00:00+0200,236.0,MW,NL,NL,forecast_offshore_wind_generation,Wind Offshore,2026-09-17T06:28:35Z
2026-09-17T06:26:14Z,2026-09-17T08:26:14+0200,6f4a8fec-ea51-4e84-bd8b-30a01fbc98bf,2026-09-16T20:15:00Z,2026-09-16T22:15:00+0200,227.0,MW,NL,NL,forecast_offshore_wind_generation,Wind Offshore,2026-09-17T06:28:35Z
2026-09-17T06:26:14Z,2026-09-17T08:26:14+0200,6f4a8fec-ea51-4e84-bd8b-30a01fbc98bf,2026-09-16T20:30:00Z,2026-09-16T22:30:00+0200,209.0,MW,NL,NL,forecast_offshore_wind_generation,Wind Offshore,2026-09-17T06:28:35Z
2026-09-17T06:26:14Z,2026-09-17T08:26:14+0200,6f4a8fec-ea51-4e84-bd8b-30a01fbc98bf,2026-09-16T20:45:00Z,2026-09-16T22:45:00+0200,191.0,MW,NL,NL,forecast_offshore_wind_generation,Wind Offshore,2026-09-17T06:28:35Z
2026-09-17T06:26:14Z,2026-09-17T08:26:14+0200,6f4a8fec-ea51-4e84-bd8b-30a01fbc98bf,2026-09-16T21:00:00Z,2026-09-16T23:00:00+0200,173.0,MW,NL,NL,forecast_offshore_wind_generation,Wind Offshore,2026-09-17T06:28:35Z
2026-09-17T06:26:14Z,2026-09-17T08:26:14+0200,6f4a8fec-ea51-4e84-bd8b-30a01fbc98bf,2026-09-16T21:15:00Z,2026-09-16T23:15:00+0200,170.0,MW,NL,NL,forecast_offshore_wind_generation,Wind Offshore,2026-09-17T06:28:35Z
2026-09-17T06:26:14Z,2026-09-17T08:26:14+0200,6f4a8fec-ea51-4e84-bd8b-30a01fbc98bf,2026-09-16T21:30:00Z,2026-09-16T23:30:00+0200,183.0,MW,NL,NL,forecast_offshore_wind_generation,Wind Offshore,2026-09-17T06:28:35Z
2026-09-17T06:26:14Z,2026-09-17T08:26:14+0200,6f4a8fec-ea51-4e84-bd8b-30a01fbc98bf,2026-09-16T21:45:00Z,2026-09-16T23:45:00+0200,195.0,MW,NL,NL,forecast_offshore_wind_generation,Wind Offshore,2026-09-17T06:28:35Z
2026-09-17T06:26:14Z,2026-09-17T08:26:14+0200,6f4a8fec-ea51-4e84-bd8b-30a01fbc98bf,2026-09-16T22:00:00Z,2026-09-17T00:00:00+0200,172.0,MW,NL,NL,forecast_offshore_wind_generation,Wind Offshore,2026-09-17T06:28:35Z
2026-09-17T06:26:14Z,2026-09-17T08:26:14+0200,6f4a8fec-ea51-4e84-bd8b-30a01fbc98bf,2026-09-16T22:15:00Z,2026-09-17T00:15:00+0200,188.0,MW,NL,NL,forecast_offshore_wind_generation,Wind Offshore,2026-09-17T06:28:35Z
2026-09-17T06:26:14Z,2026-09-17T08:26:14+0200,6f4a8fec-ea51-4e84-bd8b-30a01fbc98bf,2026-09-16T22:30:00Z,2026-09-17T00:30:00+0200,211.0,MW,NL,NL,forecast_offshore_wind_generation,Wind Offshore,2026-09-17T06:28:35Z
2026-09-17T06:26:14Z,2026-09-17T08:26:14+0200,6f4a8fec-ea51-4e84-bd8b-30a01fbc98bf,2026-09-16T22:45:00Z,2026-09-17T00:45:00+0200,235.0,MW,NL,NL,forecast_offshore_wind_generation,Wind Offshore,2026-09-17T06:28:35Z
2026-09-17T06:26:14Z,2026-09-17T08:26:14+0200,6f4a8fec-ea51-4e84-bd8b-30a01fbc98bf,2026-09-16T23:00:00Z,2026-09-17T01:00:00+0200,258.0,MW,NL,NL,forecast_offshore_wind_generation,Wind Offshore,2026-09-17T06:28:35Z
2026-09-17T06:26:14Z,2026-09-17T08:26:14+0200,6f4a8fec-ea51-4e84-bd8b-30a01fbc98bf,2026-09-16T23:15:00Z,2026-09-17T01:15:00+0200,278.0,MW,NL,NL,forecast_offshore_wind_generation,Wind Offshore,2026-09-17T06:28:35Z
2026-09-17T06:26:14Z,2026-09-17T08:26:14+0200,6f4a8fec-ea51-4e84-bd8b-30a01fbc98bf,2026-09-16T23:30:00Z,2026-09-17T01:30:00+0200,294.0,MW,NL,NL,forecast_offshore_wind_generation,Wind Offshore,2026-09-17T06:28:35Z
2026-09-17T06:26:14Z,2026-09-17T08:26:14+0200,6f4a8fec-ea51-4e84-bd8b-30a01fbc98bf,2026-09-16T23:45:00Z,2026-09-17T01:45:00+0200,309.0,MW,NL,NL,forecast_offshore_wind_generation,Wind Offshore,2026-09-17T06:28:35Z
2026-09-17T06:26:14Z,2026-09-17T08:26:14+0200,6f4a8fec-ea51-4e84-bd8b-30a01fbc98bf,2026-09-17T00:00:00Z,2026-09-17T02:00:00+0200,325.0,MW,NL,NL,forecast_offshore_wind_generation,Wind Offshore,2026-09-17T06:28:35Z
2026-09-17T06:26:14Z,2026-09-17T08:26:14+0200,6f4a8fec-ea51-4e84-bd8b-30a01fbc98bf,2026-09-17T00:15:00Z,2026-09-17T02:15:00+0200,347.0,MW,NL,NL,forecast_offshore_wind_generation,Wind Offshore,2026-09-17T06:28:35Z
2026-09-17T06:26:14Z,2026-09-17T08:26:14+0200,6f4a8fec-ea51-4e84-bd8b-30a01fbc98bf,2026-09-17T00:30:00Z,2026-09-17T02:30:00+0200,376.0,MW,NL,NL,forecast_offshore_wind_generation,Wind Offshore,2026-09-17T06:28:35Z
2026-09-17T06:26:14Z,2026-09-17T08:26:14+0200,6f4a8fec-ea51-4e84-bd8b-30a01fbc98bf,2026-09-17T00:45:00Z,2026-09-17T02:45:00+0200,404.0,MW,NL,NL,forecast_offshore_wind_generation,Wind Offshore,2026-09-17T06:28:35Z
2026-09-17T06:26:14Z,2026-09-17T08:26:14+0200,6f4a8fec-ea51-4e84-bd8b-30a01fbc98bf,2026-09-17T01:00:00Z,2026-09-17T03:00:00+0200,433.0,MW,NL,NL,forecast_offshore_wind_generation,Wind Offshore,2026-09-17T06:28:35Z
2026-09-17T06:26:14Z,2026-09-17T08:26:14+0200,6f4a8fec-ea51-4e84-bd8b-30a01fbc98bf,2026-09-17T01:15:00Z,2026-09-17T03:15:00+0200,463.0,MW,NL,NL,forecast_offshore_wind_generation,Wind Offshore,2026-09-17T06:28:35Z
2026-09-17T06:26:14Z,2026-09-17T08:26:14+0200,6f4a8fec-ea51-4e84-bd8b-30a01fbc98bf,2026-09-17T01:30:00Z,2026-09-17T03:30:00+0200,495.0,MW,NL,NL,forecast_offshore_wind_generation,Wind Offshore,2026-09-17T06:28:35Z
2026-09-17T06:26:14Z,2026-09-17T08:26:14+0200,6f4a8fec-ea51-4e84-bd8b-30a01fbc98bf,2026-09-17T01:45:00Z,2026-09-17T03:45:00+0200,527.0,MW,NL,NL,forecast_offshore_wind_generation,Wind Offshore,2026-09-17T06:28:35Z
2026-09-17T06:26:14Z,2026-09-17T08:26:14+0200,6f4a8fec-ea51-4e84-bd8b-30a01fbc98bf,2026-09-17T02:00:00Z,2026-09-17T04:00:00+0200,559.0,MW,NL,NL,forecast_offshore_wind_generation,Wind Offshore,2026-09-17T06:28:35Z
2026-09-17T06:26:14Z,2026-09-17T08:26:14+0200,6f4a8fec-ea51-4e84-bd8b-30a01fbc98bf,2026-09-17T02:15:00Z,2026-09-17T04:15:00+0200,589.0,MW,NL,NL,forecast_offshore_wind_generation,Wind Offshore,2026-09-17T06:28:35Z
2026-09-17T06:26:14Z,2026-09-17T08:26:14+0200,6f4a8fec-ea51-4e84-bd8b-30a01fbc98bf,2026-09-17T02:30:00Z,2026-09-17T04:30:00+0200,616.0,MW,NL,NL,forecast_offshore_wind_generation,Wind Offshore,2026-09-17T06:28:35Z
2026-09-17T06:26:14Z,2026-09-17T08:26:14+0200,6f4a8fec-ea51-4e84-bd8b-30a01fbc98bf,2026-09-17T02:45:00Z,2026-09-17T04:45:00+0200,644.0,MW,NL,NL,forecast_offshore_wind_generation,Wind Offshore,2026-09-17T06:28:35Z
2026-09-17T06:26:14Z,2026-09-17T08:26:14+0200,6f4a8fec-ea51-4e84-bd8b-30a01fbc98bf,2026-09-17T03:00:00Z,2026-09-17T05:00:00+0200,671.0,MW,NL,NL,forecast_offshore_wind_generation,Wind Offshore,2026-09-17T06:28:35Z
2026-09-17T06:26:14Z,2026-09-17T08:26:14+0200,6f4a8fec-ea51-4e84-bd8b-30a01fbc98bf,2026-09-17T03:15:00Z,2026-09-17T05:15:00+0200,698.0,MW,NL,NL,forecast_offshore_wind_generation,Wind Offshore,2026-09-17T06:28:35Z
2026-09-17T06:26:14Z,2026-09-17T08:26:14+0200,6f4a8fec-ea51-4e84-bd8b-30a01fbc98bf,2026-09-17T03:30:00Z,2026-09-17T05:30:00+0200,723.0,MW,NL,NL,forecast_offshore_wind_generation,Wind Offshore,2026-09-17T06:28:35Z
2026-09-17T06:26:14Z,2026-09-17T08:26:14+0200,6f4a8fec-ea51-4e84-bd8b-30a01fbc98bf,2026-09-17T03:45:00Z,2026-09-17T05:45:00+0200,749.0,MW,NL,NL,forecast_offshore_wind_generation,Wind Offshore,2026-09-17T06:28:35Z
2026-09-17T06:26:14Z,2026-09-17T08:26:14+0200,6f4a8fec-ea51-4e84-bd8b-30a01fbc98bf,2026-09-17T04:00:00Z,2026-09-17T06:00:00+0200,775.0,MW,NL,NL,forecast_offshore_wind_generation,Wind Offshore,2026-09-17T06:28:35Z
2026-09-17T06:26:14Z,2026-09-17T08:26:14+0200,6f4a8fec-ea51-4e84-bd8b-30a01fbc98bf,2026-09-17T04:15:00Z,2026-09-17T06:15:00+0200,797.0,MW,NL,NL,forecast_offshore_wind_generation,Wind Offshore,2026-09-17T06:28:35Z
2026-09-17T06:26:14Z,2026-09-17T08:26:14+0200,6f4a8fec-ea51-4e84-bd8b-30a01fbc98bf,2026-09-17T04:30:00Z,2026-09-17T06:30:00+0200,815.0,MW,NL,NL,forecast_offshore_wind_generation,Wind Offshore,2026-09-17T06:28:35Z
2026-09-17T06:26:14Z,2026-09-17T08:26:14+0200,6f4a8fec-ea51-4e84-bd8b-30a01fbc98bf,2026-09-17T04:45:00Z,2026-09-17T06:45:00+0200,832.0,MW,NL,NL,forecast_offshore_wind_generation,Wind Offshore,2026-09-17T06:28:35Z
2026-09-17T06:26:14Z,2026-09-17T08:26:14+0200,6f4a8fec-ea51-4e84-bd8b-30a01fbc98bf,2026-09-17T05:00:00Z,2026-09-17T07:00:00+0200,850.0,MW,NL,NL,forecast_offshore_wind_generation,Wind Offshore,2026-09-17T06:28:35Z
2026-09-17T06:26:14Z,2026-09-17T08:26:14+0200,6f4a8fec-ea51-4e84-bd8b-30a01fbc98bf,2026-09-17T05:15:00Z,2026-09-17T07:15:00+0200,868.0,MW,NL,NL,forecast_offshore_wind_generation,Wind Offshore,2026-09-17T06:28:35Z
2026-09-17T06:26:14Z,2026-09-17T08:26:14+0200,6f4a8fec-ea51-4e84-bd8b-30a01fbc98bf,2026-09-17T05:30:00Z,2026-09-17T07:30:00+0200,885.0,MW,NL,NL,forecast_offshore_wind_generation,Wind Offshore,2026-09-17T06:28:35Z
2026-09-17T06:26:14Z,2026-09-17T08:26:14+0200,6f4a8fec-ea51-4e84-bd8b-30a01fbc98bf,2026-09-17T05:45:00Z,2026-09-17T07:45:00+0200,902.0,MW,NL,NL,forecast_offshore_wind_generation,Wind Offshore,2026-09-17T06:28:35Z
2026-09-17T06:26:14Z,2026-09-17T08:26:14+0200,6f4a8fec-ea51-4e84-bd8b-30a01fbc98bf,2026-09-17T06:30:00Z,2026-09-17T08:30:00+0200,968.0,MW,NL,NL,forecast_offshore_wind_generation,Wind Offshore,2026-09-17T06:28:46Z
2026-09-17T06:26:14Z,2026-09-17T08:26:14+0200,6f4a8fec-ea51-4e84-bd8b-30a01fbc98bf,2026-09-17T06:45:00Z,2026-09-17T08:45:00+0200,996.0,MW,NL,NL,forecast_offshore_wind_generation,Wind Offshore,2026-09-17T06:28:46Z
2026-09-17T06:26:14Z,2026-09-17T08:26:14+0200,6f4a8fec-ea51-4e84-bd8b-30a01fbc98bf,2026-09-17T07:00:00Z,2026-09-17T09:00:00+0200,1023.0,MW,NL,NL,forecast_offshore_wind_generation,Wind Offshore,2026-09-17T06:28:46Z
2026-09-17T06:26:14Z,2026-09-17T08:26:14+0200,6f4a8fec-ea51-4e84-bd8b-30a01fbc98bf,2026-09-17T07:15:00Z,2026-09-17T09:15:00+0200,1050.0,MW,NL,NL,forecast_offshore_wind_generation,Wind Offshore,2026-09-17T06:28:46Z
2026-09-17T06:26:14Z,2026-09-17T08:26:14+0200,6f4a8fec-ea51-4e84-bd8b-30a01fbc98bf,2026-09-17T07:30:00Z,2026-09-17T09:30:00+0200,1075.0,MW,NL,NL,forecast_offshore_wind_generation,Wind Offshore,2026-09-17T06:28:46Z
2026-09-17T06:26:14Z,2026-09-17T08:26:14+0200,6f4a8fec-ea51-4e84-bd8b-30a01fbc98bf,2026-09-17T07:45:00Z,2026-09-17T09:45:00+0200,1101.0,MW,NL,NL,forecast_offshore_wind_generation,Wind Offshore,2026-09-17T06:28:46Z
2026-09-17T06:26:14Z,2026-09-17T08:26:14+0200,6f4a8fec-ea51-4e84-bd8b-30a01fbc98bf,2026-09-17T08:00:00Z,2026-09-17T10:00:00+0200,1126.0,MW,NL,NL,forecast_offshore_wind_generation,Wind Offshore,2026-09-17T06:28:46Z
2026-09-17T06:26:14Z,2026-09-17T08:26:14+0200,6f4a8fec-ea51-4e84-bd8b-30a01fbc98bf,2026-09-17T08:15:00Z,2026-09-17T10:15:00+0200,1147.0,MW,NL,NL,forecast_offshore_wind_generation,Wind Offshore,2026-09-17T06:28:46Z
2026-09-17T06:26:14Z,2026-09-17T08:26:14+0200,6f4a8fec-ea51-4e84-bd8b-30a01fbc98bf,2026-09-17T08:30:00Z,2026-09-17T10:30:00+0200,1162.0,MW,NL,NL,forecast_offshore_wind_generation,Wind Offshore,2026-09-17T06:28:46Z
2026-09-17T06:26:14Z,2026-09-17T08:26:14+0200,6f4a8fec-ea51-4e84-bd8b-30a01fbc98bf,2026-09-17T08:45:00Z,2026-09-17T10:45:00+0200,1177.0,MW,NL,NL,forecast_offshore_wind_generation,Wind Offshore,2026-09-17T06:28:46Z
2026-09-17T06:26:14Z,2026-09-17T08:26:14+0200,6f4a8fec-ea51-4e84-bd8b-30a01fbc98bf,2026-09-17T09:00:00Z,2026-09-17T11:00:00+0200,1193.0,MW,NL,NL,forecast_offshore_wind_generation,Wind Offshore,2026-09-17T06:28:46Z
2026-09-17T06:26:14Z,2026-09-17T08:26:14+0200,6f4a8fec-ea51-4e84-bd8b-30a01fbc98bf,2026-09-17T09:15:00Z,2026-09-17T11:15:00+0200,1199.0,MW,NL,NL,forecast_offshore_wind_generation,Wind Offshore,2026-09-17T06:28:46Z
2026-09-17T06:26:14Z,2026-09-17T08:26:14+0200,6f4a8fec-ea51-4e84-bd8b-30a01fbc98bf,2026-09-17T09:30:00Z,2026-09-17T11:30:00+0200,1195.0,MW,NL,NL,forecast_offshore_wind_generation,Wind Offshore,2026-09-17T06:28:46Z
2026-09-17T06:26:14Z,2026-09-17T08:26:14+0200,6f4a8fec-ea51-4e84-bd8b-30a01fbc98bf,2026-09-17T09:45:00Z,2026-09-17T11:45:00+0200,1190.0,MW,NL,NL,forecast_offshore_wind_generation,Wind Offshore,2026-09-17T06:28:46Z
2026-09-17T06:26:14Z,2026-09-17T08:26:14+0200,6f4a8fec-ea51-4e84-bd8b-30a01fbc98bf,2026-09-17T10:00:00Z,2026-09-17T12:00:00+0200,1186.0,MW,NL,NL,forecast_offshore_wind_generation,Wind Offshore,2026-09-17T06:28:46Z
2026-09-17T06:26:14Z,2026-09-17T08:26:14+0200,6f4a8fec-ea51-4e84-bd8b-30a01fbc98bf,2026-09-17T10:15:00Z,2026-09-17T12:15:00+0200,1185.0,MW,NL,NL,forecast_offshore_wind_generation,Wind Offshore,2026-09-17T06:28:46Z
2026-09-17T06:26:14Z,2026-09-17T08:26:14+0200,6f4a8fec-ea51-4e84-bd8b-30a01fbc98bf,2026-09-17T10:30:00Z,2026-09-17T12:30:00+0200,1187.0,MW,NL,NL,forecast_offshore_wind_generation,Wind Offshore,2026-09-17T06:28:46Z
2026-09-17T06:26:14Z,2026-09-17T08:26:14+0200,6f4a8fec-ea51-4e84-bd8b-30a01fbc98bf,2026-09-17T10:45:00Z,2026-09-17T12:45:00+0200,1189.0,MW,NL,NL,forecast_offshore_wind_generation,Wind Offshore,2026-09-17T06:28:46Z
2026-09-17T06:26:14Z,2026-09-17T08:26:14+0200,6f4a8fec-ea51-4e84-bd8b-30a01fbc98bf,2026-09-17T11:00:00Z,2026-09-17T13:00:00+0200,1192.0,MW,NL,NL,forecast_offshore_wind_generation,Wind Offshore,2026-09-17T06:28:46Z
2026-09-17T06:26:14Z,2026-09-17T08:26:14+0200,6f4a8fec-ea51-4e84-bd8b-30a01fbc98bf,2026-09-17T11:15:00Z,2026-09-17T13:15:00+0200,1193.0,MW,NL,NL,forecast_offshore_wind_generation,Wind Offshore,2026-09-17T06:28:46Z
2026-09-17T06:26:14Z,2026-09-17T08:26:14+0200,6f4a8fec-ea51-4e84-bd8b-30a01fbc98bf,2026-09-17T11:30:00Z,2026-09-17T13:30:00+0200,1195.0,MW,NL,NL,forecast_offshore_wind_generation,Wind Offshore,2026-09-17T06:28:46Z
2026-09-17T06:26:14Z,2026-09-17T08:26:14+0200,6f4a8fec-ea51-4e84-bd8b-30a01fbc98bf,2026-09-17T11:45:00Z,2026-09-17T13:45:00+0200,1197.0,MW,NL,NL,forecast_offshore_wind_generation,Wind Offshore,2026-09-17T06:28:46Z
2026-09-17T06:26:14Z,2026-09-17T08:26:14+0200,6f4a8fec-ea51-4e84-bd8b-30a01fbc98bf,2026-09-17T12:00:00Z,2026-09-17T14:00:00+0200,1198.0,MW,NL,NL,forecast_offshore_wind_generation,Wind Offshore,2026-09-17T06:28:46Z
2026-09-17T06:26:14Z,2026-09-17T08:26:14+0200,6f4a8fec-ea51-4e84-bd8b-30a01fbc98bf,2026-09-17T12:15:00Z,2026-09-17T14:15:00+0200,1200.0,MW,NL,NL,forecast_offshore_wind_generation,Wind Offshore,2026-09-17T06:28:46Z
2026-09-17T06:26:14Z,2026-09-17T08:26:14+0200,6f4a8fec-ea51-4e84-bd8b-30a01fbc98bf,2026-09-17T12:30:00Z,2026-09-17T14:30:00+0200,1201.0,MW,NL,NL,forecast_offshore_wind_generation,Wind Offshore,2026-09-17T06:28:46Z
2026-09-17T06:26:14Z,2026-09-17T08:26:14+0200,6f4a8fec-ea51-4e84-bd8b-30a01fbc98bf,2026-09-17T12:45:00Z,2026-09-17T14:45:00+0200,1203.0,MW,NL,NL,forecast_offshore_wind_generation,Wind Offshore,2026-09-17T06:28:46Z
2026-09-17T06:26:14Z,2026-09-17T08:26:14+0200,6f4a8fec-ea51-4e84-bd8b-30a01fbc98bf,2026-09-17T13:00:00Z,2026-09-17T15:00:00+0200,1204.0,MW,NL,NL,forecast_offshore_wind_generation,Wind Offshore,2026-09-17T06:28:46Z
2026-09-17T06:26:14Z,2026-09-17T08:26:14+0200,6f4a8fec-ea51-4e84-bd8b-30a01fbc98bf,2026-09-17T13:15:00Z,2026-09-17T15:15:00+0200,1207.0,MW,NL,NL,forecast_offshore_wind_generation,Wind Offshore,2026-09-17T06:28:46Z
2026-09-17T06:26:14Z,2026-09-17T08:26:14+0200,6f4a8fec-ea51-4e84-bd8b-30a01fbc98bf,2026-09-17T13:30:00Z,2026-09-17T15:30:00+0200,1211.0,MW,NL,NL,forecast_offshore_wind_generation,Wind Offshore,2026-09-17T06:28:46Z
2026-09-17T06:26:14Z,2026-09-17T08:26:14+0200,6f4a8fec-ea51-4e84-bd8b-30a01fbc98bf,2026-09-17T13:45:00Z,2026-09-17T15:45:00+0200,1216.0,MW,NL,NL,forecast_offshore_wind_generation,Wind Offshore,2026-09-17T06:28:46Z
2026-09-17T06:26:14Z,2026-09-17T08:26:14+0200,6f4a8fec-ea51-4e84-bd8b-30a01fbc98bf,2026-09-17T14:00:00Z,2026-09-17T16:00:00+0200,1220.0,MW,NL,NL,forecast_offshore_wind_generation,Wind Offshore,2026-09-17T06:28:46Z
2026-09-17T06:26:14Z,2026-09-17T08:26:14+0200,6f4a8fec-ea51-4e84-bd8b-30a01fbc98bf,2026-09-17T14:15:00Z,2026-09-17T16:15:00+0200,1223.0,MW,NL,NL,forecast_offshore_wind_generation,Wind Offshore,2026-09-17T06:28:46Z
2026-09-17T06:26:14Z,2026-09-17T08:26:14+0200,6f4a8fec-ea51-4e84-bd8b-30a01fbc98bf,2026-09-17T14:30:00Z,2026-09-17T16:30:00+0200,1226.0,MW,NL,NL,forecast_offshore_wind_generation,Wind Offshore,2026-09-17T06:28:46Z
2026-09-17T06:26:14Z,2026-09-17T08:26:14+0200,6f4a8fec-ea51-4e84-bd8b-30a01fbc98bf,2026-09-17T14:45:00Z,2026-09-17T16:45:00+0200,1228.0,MW,NL,NL,forecast_offshore_wind_generation,Wind Offshore,2026-09-17T06:28:46Z
2026-09-17T06:26:14Z,2026-09-17T08:26:14+0200,6f4a8fec-ea51-4e84-bd8b-30a01fbc98bf,2026-09-17T15:00:00Z,2026-09-17T17:00:00+0200,1230.0,MW,NL,NL,forecast_offshore_wind_generation,Wind Offshore,2026-09-17T06:28:46Z
2026-09-17T06:26:14Z,2026-09-17T08:26:14+0200,6f4a8fec-ea51-4e84-bd8b-30a01fbc98bf,2026-09-17T15:15:00Z,2026-09-17T17:15:00+0200,1227.0,MW,NL,NL,forecast_offshore_wind_generation,Wind Offshore,2026-09-17T06:28:46Z
2026-09-17T06:26:14Z,2026-09-17T08:26:14+0200,6f4a8fec-ea51-4e84-bd8b-30a01fbc98bf,2026-09-17T15:30:00Z,2026-09-17T17:30:00+0200,1219.0,MW,NL,NL,forecast_offshore_wind_generation,Wind Offshore,2026-09-17T06:28:46Z
2026-09-17T06:26:14Z,2026-09-17T08:26:14+0200,6f4a8fec-ea51-4e84-bd8b-30a01fbc98bf,2026-09-17T15:45:00Z,2026-09-17T17:45:00+0200,1211.0,MW,NL,NL,forecast_offshore_wind_generation,Wind Offshore,2026-09-17T06:28:46Z
2026-09-17T06:26:14Z,2026-09-17T08:26:14+0200,6f4a8fec-ea51-4e84-bd8b-30a01fbc98bf,2026-09-17T16:00:00Z,2026-09-17T18:00:00+0200,1203.0,MW,NL,NL,forecast_offshore_wind_generation,Wind Offshore,2026-09-17T06:28:46Z
2026-09-17T06:26:14Z,2026-09-17T08:26:14+0200,6f4a8fec-ea51-4e84-bd8b-30a01fbc98bf,2026-09-17T16:15:00Z,2026-09-17T18:15:00+0200,1195.0,MW,NL,NL,forecast_offshore_wind_generation,Wind Offshore,2026-09-17T06:28:46Z
2026-09-17T06:26:14Z,2026-09-17T08:26:14+0200,6f4a8fec-ea51-4e84-bd8b-30a01fbc98bf,2026-09-17T16:30:00Z,2026-09-17T18:30:00+0200,1188.0,MW,NL,NL,forecast_offshore_wind_generation,Wind Offshore,2026-09-17T06:28:46Z
2026-09-17T06:26:14Z,2026-09-17T08:26:14+0200,6f4a8fec-ea51-4e84-bd8b-30a01fbc98bf,2026-09-17T16:45:00Z,2026-09-17T18:45:00+0200,1181.0,MW,NL,NL,forecast_offshore_wind_generation,Wind Offshore,2026-09-17T06:28:46Z
2026-09-17T06:26:14Z,2026-09-17T08:26:14+0200,6f4a8fec-ea51-4e84-bd8b-30a01fbc98bf,2026-09-17T17:00:00Z,2026-09-17T19:00:00+0200,1173.0,MW,NL,NL,forecast_offshore_wind_generation,Wind Offshore,2026-09-17T06:28:46Z
2026-09-17T06:26:14Z,2026-09-17T08:26:14+0200,6f4a8fec-ea51-4e84-bd8b-30a01fbc98bf,2026-09-17T17:15:00Z,2026-09-17T19:15:00+0200,1161.0,MW,NL,NL,forecast_offshore_wind_generation,Wind Offshore,2026-09-17T06:28:46Z
2026-09-17T06:26:14Z,2026-09-17T08:26:14+0200,6f4a8fec-ea51-4e84-bd8b-30a01fbc98bf,2026-09-17T17:30:00Z,2026-09-17T19:30:00+0200,1144.0,MW,NL,NL,forecast_offshore_wind_generation,Wind Offshore,2026-09-17T06:28:46Z
2026-09-17T06:26:14Z,2026-09-17T08:26:14+0200,6f4a8fec-ea51-4e84-bd8b-30a01fbc98bf,2026-09-17T17:45:00Z,2026-09-17T19:45:00+0200,1127.0,MW,NL,NL,forecast_offshore_wind_generation,Wind Offshore,2026-09-17T06:28:46Z
2026-09-17T06:26:14Z,2026-09-17T08:26:14+0200,6f4a8fec-ea51-4e84-bd8b-30a01fbc98bf,2026-09-17T18:00:00Z,2026-09-17T20:00:00+0200,1110.0,MW,NL,NL,forecast_offshore_wind_generation,Wind Offshore,2026-09-17T06:28:46Z
2026-09-17T06:26:14Z,2026-09-17T08:26:14+0200,6f4a8fec-ea51-4e84-bd8b-30a01fbc98bf,2026-09-17T18:15:00Z,2026-09-17T20:15:00+0200,1114.0,MW,NL,NL,forecast_offshore_wind_generation,Wind Offshore,2026-09-17T06:28:46Z
2026-09-17T06:26:14Z,2026-09-17T08:26:14+0200,6f4a8fec-ea51-4e84-bd8b-30a01fbc98bf,2026-09-17T18:30:00Z,2026-09-17T20:30:00+0200,1139.0,MW,NL,NL,forecast_offshore_wind_generation,Wind Offshore,2026-09-17T06:28:46Z
2026-09-17T06:26:14Z,2026-09-17T08:26:14+0200,6f4a8fec-ea51-4e84-bd8b-30a01fbc98bf,2026-09-17T18:45:00Z,2026-09-17T20:45:00+0200,1164.0,MW,NL,NL,forecast_offshore_wind_generation,Wind Offshore,2026-09-17T06:28:46Z
2026-09-17T06:26:14Z,2026-09-17T08:26:14+0200,6f4a8fec-ea51-4e84-bd8b-30a01fbc98bf,2026-09-17T19:00:00Z,2026-09-17T21:00:00+0200,1189.0,MW,NL,NL,forecast_offshore_wind_generation,Wind Offshore,2026-09-17T06:28:46Z
2026-09-17T06:26:14Z,2026-09-17T08:26:14+0200,6f4a8fec-ea51-4e84-bd8b-30a01fbc98bf,2026-09-17T19:15:00Z,2026-09-17T21:15:00+0200,1169.0,MW,NL,NL,forecast_offshore_wind_generation,Wind Offshore,2026-09-17T06:28:46Z
2026-09-17T06:26:14Z,2026-09-17T08:26:14+0200,6f4a8fec-ea51-4e84-bd8b-30a01fbc98bf,2026-09-17T19:30:00Z,2026-09-17T21:30:00+0200,1102.0,MW,NL,NL,forecast_offshore_wind_generation,Wind Offshore,2026-09-17T06:28:46Z
2026-09-17T06:26:14Z,2026-09-17T08:26:14+0200,6f4a8fec-ea51-4e84-bd8b-30a01fbc98bf,2026-09-17T19:45:00Z,2026-09-17T21:45:00+0200,1036.0,MW,NL,NL,forecast_offshore_wind_generation,Wind Offshore,2026-09-17T06:28:46Z
2026-09-17T06:26:14Z,2026-09-17T08:26:14+0200,6f4a8fec-ea51-4e84-bd8b-30a01fbc98bf,2026-09-17T20:00:00Z,2026-09-17T22:00:00+0200,970.0,MW,NL,NL,forecast_offshore_wind_generation,Wind Offshore,2026-09-17T06:28:46Z
2026-09-17T06:26:14Z,2026-09-17T08:26:14+0200,6f4a8fec-ea51-4e84-bd8b-30a01fbc98bf,2026-09-17T20:15:00Z,2026-09-17T22:15:00+0200,901.0,MW,NL,NL,forecast_offshore_wind_generation,Wind Offshore,2026-09-17T06:28:46Z
2026-09-17T06:26:14Z,2026-09-17T08:26:14+0200,6f4a8fec-ea51-4e84-bd8b-30a01fbc98bf,2026-09-17T20:30:00Z,2026-09-17T22:30:00+0200,831.0,MW,NL,NL,forecast_offshore_wind_generation,Wind Offshore,2026-09-17T06:28:46Z
2026-09-17T06:26:14Z,2026-09-17T08:26:14+0200,6f4a8fec-ea51-4e84-bd8b-30a01fbc98bf,2026-09-17T20:45:00Z,2026-09-17T22:45:00+0200,760.0,MW,NL,NL,forecast_offshore_wind_generation,Wind Offshore,2026-09-17T06:28:46Z
2026-09-17T06:26:14Z,2026-09-17T08:26:14+0200,6f4a8fec-ea51-4e84-bd8b-30a01fbc98bf,2026-09-17T21:00:00Z,2026-09-17T23:00:00+0200,690.0,MW,NL,NL,forecast_offshore_wind_generation,Wind Offshore,2026-09-17T06:28:46Z
2026-09-17T06:26:14Z,2026-09-17T08:26:14+0200,6f4a8fec-ea51-4e84-bd8b-30a01fbc98bf,2026-09-17T21:15:00Z,2026-09-17T23:15:00+0200,650.0,MW,NL,NL,forecast_offshore_wind_generation,Wind Offshore,2026-09-17T06:28:46Z
2026-09-17T06:26:14Z,2026-09-17T08:26:14+0200,6f4a8fec-ea51-4e84-bd8b-30a01fbc98bf,2026-09-17T21:30:00Z,2026-09-17T23:30:00+0200,641.0,MW,NL,NL,forecast_offshore_wind_generation,Wind Offshore,2026-09-17T06:28:46Z
2026-09-17T06:26:14Z,2026-09-17T08:26:14+0200,6f4a8fec-ea51-4e84-bd8b-30a01fbc98bf,2026-09-17T21:45:00Z,2026-09-17T23:45:00+0200,632.0,MW,NL,NL,forecast_offshore_wind_generation,Wind Offshore,2026-09-17T06:28:46Z
