collection_time_utc,collection_time_local,run_id,timestamp_utc,timestamp_local,value,unit,country,entsoe_area,variable,source,updated_at_utc
2026-09-12T19:25:15Z,2026-09-12T21:25:15+0200,4e75698a-a1c7-49b7-b450-41a0b03d3474,2026-09-05T20:00:00Z,2026-09-05T22:00:00+0200,249.0,MW,NL,NL,forecast_offshore_wind_generation,Wind Offshore,2026-09-12T19:27:36Z
2026-09-12T19:25:15Z,2026-09-12T21:25:15+0200,4e75698a-a1c7-49b7-b450-41a0b03d3474,2026-09-05T20:15:00Z,2026-09-05T22:15:00+0200,231.0,MW,NL,NL,forecast_offshore_wind_generation,Wind Offshore,2026-09-12T19:27:36Z
2026-09-12T19:25:15Z,2026-09-12T21:25:15+0200,4e75698a-a1c7-49b7-b450-41a0b03d3474,2026-09-05T20:30:00Z,2026-09-05T22:30:00+0200,219.0,MW,NL,NL,forecast_offshore_wind_generation,Wind Offshore,2026-09-12T19:27:36Z
2026-09-12T19:25:15Z,2026-09-12T21:25:15+0200,4e75698a-a1c7-49b7-b450-41a0b03d3474,2026-09-05T20:45:00Z,2026-09-05T22:45:00+0200,208.0,MW,NL,NL,forecast_offshore_wind_generation,Wind Offshore,2026-09-12T19:27:36Z
2026-09-12T19:25:15Z,2026-09-12T21:25:15+0200,4e75698a-a1c7-49b7-b450-41a0b03d3474,2026-09-05T21:00:00Z,2026-09-05T23:00:00+0200,197.0,MW,NL,NL,forecast_offshore_wind_generation,Wind Offshore,2026-09-12T19:27:36Z
2026-09-12T19:25:15Z,2026-09-12T21:25:15+0200,4e75698a-a1c7-49b7-b450-41a0b03d3474,2026-09-05T21:15:00Z,2026-09-05T23:15:00+0200,187.0,MW,NL,NL,forecast_offshore_wind_generation,Wind Offshore,2026-09-12T19:27:36Z
2026-09-12T19:25:15Z,2026-09-12T21:25:15+0200,4e75698a-a1c7-49b7-b450-41a0b03d3474,2026-09-05T21:30:00Z,2026-09-05T23:30:00+0200,179.0,MW,NL,NL,forecast_offshore_wind_generation,Wind Offshore,2026-09-12T19:27:36Z
2026-09-12T19:25:15Z,2026-09-12T21:25:15+0200,4e75698a-a1c7-49b7-b450-41a0b03d3474,2026-09-05T21:45:00Z,2026-09-05T23:45:00+0200,171.0,MW,NL,NL,forecast_offshore_wind_generation,Wind Offshore,2026-09-12T19:27:36Z
2026-09-12T19:25:15Z,2026-09-12T21:25:15+0200,4e75698a-a1c7-49b7-b450-41a0b03d3474,2026-09-05T22:00:00Z,2026-09-06T00:00:00+0200,129.0,MW,NL,NL,forecast_offshore_wind_generation,Wind Offshore,2026-09-12T19:27:36Z
2026-09-12T19:25:15Z,2026-09-12T21:25:15+0200,4e75698a-a1c7-49b7-b450-41a0b03d3474,2026-09-05T22:15:00Z,2026-09-06T00:15:00+0200,122.0,MW,NL,NL,forecast_offshore_wind_generation,Wind Offshore,2026-09-12T19:27:36Z
2026-09-12T19:25:15Z,2026-09-12T21:25:15+0200,4e75698a-a1c7-49b7-b450-41a0b03d3474,2026-09-05T22:30:00Z,2026-09-06T00:30:00+0200,113.0,MW,NL,NL,forecast_offshore_wind_generation,Wind Offshore,2026-09-12T19:27:36Z
2026-09-12T19:25:15Z,2026-09-12T21:25:15+0200,4e75698a-a1c7-49b7-b450-41a0b03d3474,2026-09-05T22:45:00Z,2026-09-06T00:45:00+0200,104.0,MW,NL,NL,forecast_offshore_wind_generation,Wind Offshore,2026-09-12T19:27:36Z
2026-09-12T19:25:15Z,2026-09-12T21:25:15+0200,4e75698a-a1c7-49b7-b450-41a0b03d3474,2026-09-05T23:00:00Z,2026-09-06T01:00:00+0200,95.0,MW,NL,NL,forecast_offshore_wind_generation,Wind Offshore,2026-09-12T19:27:36Z
2026-09-12T19:25:15Z,2026-09-12T21:25:15+0200,4e75698a-a1c7-49b7-b450-41a0b03d3474,2026-09-05T23:15:00Z,2026-09-06T01:15:00+0200,89.0,MW,NL,NL,forecast_offshore_wind_generation,Wind Offshore,2026-09-12T19:27:36Z
2026-09-12T19:25:15Z,2026-09-12T21:25:15+0200,4e75698a-a1c7-49b7-b450-41a0b03d3474,2026-09-05T23:30:00Z,2026-09-06T01:30:00+0200,87.0,MW,NL,NL,forecast_offshore_wind_generation,Wind Offshore,2026-09-12T19:27:36Z
2026-09-12T19:25:15Z,2026-09-12T21:25:15+0200,4e75698a-a1c7-49b7-b450-41a0b03d3474,2026-09-05T23:45:00Z,2026-09-06T01:45:00+0200,85.0,MW,NL,NL,forecast_offshore_wind_generation,Wind Offshore,2026-09-12T19:27:36Z
2026-09-12T19:25:15Z,2026-09-12T21:25:15+0200,4e75698a-a1c7-49b7-b450-41a0b03d3474,2026-09-06T00:00:00Z,2026-09-06T02:00:00+0200,83.0,MW,NL,NL,forecast_offshore_wind_generation,Wind Offshore,2026-09-12T19:27:36Z
2026-09-12T19:25:15Z,2026-09-12T21:25:15+0200,4e75698a-a1c7-49b7-b450-41a0b03d3474,2026-09-06T00:15:00Z,2026-09-06T02:15:00+0200,85.0,MW,NL,NL,forecast_offshore_wind_generation,Wind Offshore,2026-09-12T19:27:36Z
2026-09-12T19:25:15Z,2026-09-12T21:25:15+0200,4e75698a-a1c7-49b7-b450-41a0b03d3474,2026-09-06T00:30:00Z,2026-09-06T02:30:00+0200,91.0,MW,NL,NL,forecast_offshore_wind_generation,Wind Offshore,2026-09-12T19:27:36Z
2026-09-12T19:25:15Z,2026-09-12T21:25:15+0200,4e75698a-a1c7-49b7-b450-41a0b03d3474,2026-09-06T00:45:00Z,2026-09-06T02:45:00+0200,97.0,MW,NL,NL,forecast_offshore_wind_generation,Wind Offshore,2026-09-12T19:27:36Z
2026-09-12T19:25:15Z,2026-09-12T21:25:15+0200,4e75698a-a1c7-49b7-b450-41a0b03d3474,2026-09-06T01:00:00Z,2026-09-06T03:00:00+0200,103.0,MW,NL,NL,forecast_offshore_wind_generation,Wind Offshore,2026-09-12T19:27:36Z
2026-09-12T19:25:15Z,2026-09-12T21:25:15+0200,4e75698a-a1c7-49b7-b450-41a0b03d3474,2026-09-06T01:15:00Z,2026-09-06T03:15:00+0200,109.0,MW,NL,NL,forecast_offshore_wind_generation,Wind Offshore,2026-09-12T19:27:36Z
2026-09-12T19:25:15Z,2026-09-12T21:25:15+0200,4e75698a-a1c7-49b7-b450-41a0b03d3474,2026-09-06T01:30:00Z,2026-09-06T03:30:00+0200,117.0,MW,NL,NL,forecast_offshore_wind_generation,Wind Offshore,2026-09-12T19:27:36Z
2026-09-12T19:25:15Z,2026-09-12T21:25:15+0200,4e75698a-a1c7-49b7-b450-41a0b03d3474,2026-09-06T01:45:00Z,2026-09-06T03:45:00+0200,125.0,MW,NL,NL,forecast_offshore_wind_generation,Wind Offshore,2026-09-12T19:27:36Z
2026-09-12T19:25:15Z,2026-09-12T21:25:15+0200,4e75698a-a1c7-49b7-b450-41a0b03d3474,2026-09-06T02:00:00Z,2026-09-06T04:00:00+0200,132.0,MW,NL,NL,forecast_offshore_wind_generation,Wind Offshore,2026-09-12T19:27:36Z
2026-09-12T19:25:15Z,2026-09-12T21:25:15+0200,4e75698a-a1c7-49b7-b450-41a0b03d3474,2026-09-06T02:15:00Z,2026-09-06T04:15:00+0200,138.0,MW,NL,NL,forecast_offshore_wind_generation,Wind Offshore,2026-09-12T19:27:36Z
2026-09-12T19:25:15Z,2026-09-12T21:25:15+0200,4e75698a-a1c7-49b7-b450-41a0b03d3474,2026-09-06T02:30:00Z,2026-09-06T04:30:00+0200,142.0,MW,NL,NL,forecast_offshore_wind_generation,Wind Offshore,2026-09-12T19:27:36Z
2026-09-12T19:25:15Z,2026-09-12T21:25:15+0200,4e75698a-a1c7-49b7-b450-41a0b03d3474,2026-09-06T02:45:00Z,2026-09-06T04:45:00+0200,145.0,MW,NL,NL,forecast_offshore_wind_generation,Wind Offshore,2026-09-12T19:27:36Z
2026-09-12T19:25:15Z,2026-09-12T21:25:15+0200,4e75698a-a1c7-49b7-b450-41a0b03d3474,2026-09-06T03:00:00Z,2026-09-06T05:00:00+0200,149.0,MW,NL,NL,forecast_offshore_wind_generation,Wind Offshore,2026-09-12T19:27:36Z
2026-09-12T19:25:15Z,2026-09-12T21:25:15+0200,4e75698a-a1c7-49b7-b450-41a0b03d3474,2026-09-06T03:15:00Z,2026-09-06T05:15:00+0200,157.0,MW,NL,NL,forecast_offshore_wind_generation,Wind Offshore,2026-09-12T19:27:36Z
2026-09-12T19:25:15Z,2026-09-12T21:25:15+0200,4e75698a-a1c7-49b7-b450-41a0b03d3474,2026-09-06T03:30:00Z,2026-09-06T05:30:00+0200,168.0,MW,NL,NL,forecast_offshore_wind_generation,Wind Offshore,2026-09-12T19:27:36Z
2026-09-12T19:25:15Z,2026-09-12T21:25:15+0200,4e75698a-a1c7-49b7-b450-41a0b03d3474,2026-09-06T03:45:00Z,2026-09-06T05:45:00+0200,180.0,MW,NL,NL,forecast_offshore_wind_generation,Wind Offshore,2026-09-12T19:27:36Z
2026-09-12T19:25:15Z,2026-09-12T21:25:15+0200,4e75698a-a1c7-49b7-b450-41a0b03d3474,2026-09-06T04:00:00Z,2026-09-06T06:00:00+0200,192.0,MW,NL,NL,forecast_offshore_wind_generation,Wind Offshore,2026-09-12T19:27:36Z
2026-09-12T19:25:15Z,2026-09-12T21:25:15+0200,4e75698a-a1c7-49b7-b450-41a0b03d3474,2026-09-06T04:15:00Z,2026-09-06T06:15:00+0200,202.0,MW,NL,NL,forecast_offshore_wind_generation,Wind Offshore,2026-09-12T19:27:36Z
2026-09-12T19:25:15Z,2026-09-12T21:25:15+0200,4e75698a-a1c7-49b7-b450-41a0b03d3474,2026-09-06T04:30:00Z,2026-09-06T06:30:00+0200,211.0,MW,NL,NL,forecast_offshore_wind_generation,Wind Offshore,2026-09-12T19:27:36Z
2026-09-12T19:25:15Z,2026-09-12T21:25:15+0200,4e75698a-a1c7-49b7-b450-41a0b03d3474,2026-09-06T04:45:00Z,2026-09-06T06:45:00+0200,219.0,MW,NL,NL,forecast_offshore_wind_generation,Wind Offshore,2026-09-12T19:27:36Z
2026-09-12T19:25:15Z,2026-09-12T21:25:15+0200,4e75698a-a1c7-49b7-b450-41a0b03d3474,2026-09-06T05:00:00Z,2026-09-06T07:00:00+0200,228.0,MW,NL,NL,forecast_offshore_wind_generation,Wind Offshore,2026-09-12T19:27:36Z
2026-09-12T19:25:15Z,2026-09-12T21:25:15+0200,4e75698a-a1c7-49b7-b450-41a0b03d3474,2026-09-06T05:15:00Z,2026-09-06T07:15:00+0200,245.0,MW,NL,NL,forecast_offshore_wind_generation,Wind Offshore,2026-09-12T19:27:36Z
2026-09-12T19:25:15Z,2026-09-12T21:25:15+0200,4e75698a-a1c7-49b7-b450-41a0b03d3474,2026-09-06T05:30:00Z,2026-09-06T07:30:00+0200,271.0,MW,NL,NL,forecast_offshore_wind_generation,Wind Offshore,2026-09-12T19:27:36Z
2026-09-12T19:25:15Z,2026-09-12T21:25:15+0200,4e75698a-a1c7-49b7-b450-41a0b03d3474,2026-09-06T05:45:00Z,2026-09-06T07:45:00+0200,296.0,MW,NL,NL,forecast_offshore_wind_generation,Wind Offshore,2026-09-12T19:27:36Z
2026-09-12T19:25:15Z,2026-09-12T21:25:15+0200,4e75698a-a1c7-49b7-b450-41a0b03d3474,2026-09-06T06:00:00Z,2026-09-06T08:00:00+0200,322.0,MW,NL,NL,forecast_offshore_wind_generation,Wind Offshore,2026-09-12T19:27:36Z
2026-09-12T19:25:15Z,2026-09-12T21:25:15+0200,4e75698a-a1c7-49b7-b450-41a0b03d3474,2026-09-06T06:15:00Z,2026-09-06T08:15:00+0200,327.0,MW,NL,NL,forecast_offshore_wind_generation,Wind Offshore,2026-09-12T19:27:36Z
2026-09-12T19:25:15Z,2026-09-12T21:25:15+0200,4e75698a-a1c7-49b7-b450-41a0b03d3474,2026-09-06T06:30:00Z,2026-09-06T08:30:00+0200,312.0,MW,NL,NL,forecast_offshore_wind_generation,Wind Offshore,2026-09-12T19:27:36Z
2026-09-12T19:25:15Z,2026-09-12T21:25:15+0200,4e75698a-a1c7-49b7-b450-41a0b03d3474,2026-09-06T06:45:00Z,2026-09-06T08:45:00+0200,297.0,MW,NL,NL,forecast_offshore_wind_generation,Wind Offshore,2026-09-12T19:27:36Z
2026-09-12T19:25:15Z,2026-09-12T21:25:15+0200,4e75698a-a1c7-49b7-b450-41a0b03d3474,2026-09-06T07:00:00Z,2026-09-06T09:00:00+0200,282.0,MW,NL,NL,forecast_offshore_wind_generation,Wind Offshore,2026-09-12T19:27:36Z
2026-09-12T19:25:15Z,2026-09-12T21:25:15+0200,4e75698a-a1c7-49b7-b450-41a0b03d3474,2026-09-06T07:15:00Z,2026-09-06T09:15:00+0200,269.0,MW,NL,NL,forecast_offshore_wind_generation,Wind Offshore,2026-09-12T19:27:36Z
2026-09-12T19:25:15Z,2026-09-12T21:25:15+0200,4e75698a-a1c7-49b7-b450-41a0b03d3474,2026-09-06T07:30:00Z,2026-09-06T09:30:00+0200,257.0,MW,NL,NL,forecast_offshore_wind_generation,Wind Offshore,2026-09-12T19:27:36Z
2026-09-12T19:25:15Z,2026-09-12T21:25:15+0200,4e75698a-a1c7-49b7-b450-41a0b03d3474,2026-09-06T07:45:00Z,2026-09-06T09:45:00+0200,246.0,MW,NL,NL,forecast_offshore_wind_generation,Wind Offshore,2026-09-12T19:27:36Z
2026-09-12T19:25:15Z,2026-09-12T21:25:15+0200,4e75698a-a1c7-49b7-b450-41a0b03d3474,2026-09-06T08:00:00Z,2026-09-06T10:00:00+0200,234.0,MW,NL,NL,forecast_offshore_wind_generation,Wind Offshore,2026-09-12T19:27:36Z
2026-09-12T19:25:15Z,2026-09-12T21:25:15+0200,4e75698a-a1c7-49b7-b450-41a0b03d3474,2026-09-06T08:15:00Z,2026-09-06T10:15:00+0200,225.0,MW,NL,NL,forecast_offshore_wind_generation,Wind Offshore,2026-09-12T19:27:36Z
2026-09-12T19:25:15Z,2026-09-12T21:25:15+0200,4e75698a-a1c7-49b7-b450-41a0b03d3474,2026-09-06T08:30:00Z,2026-09-06T10:30:00+0200,218.0,MW,NL,NL,forecast_offshore_wind_generation,Wind Offshore,2026-09-12T19:27:36Z
2026-09-12T19:25:15Z,2026-09-12T21:25:15+0200,4e75698a-a1c7-49b7-b450-41a0b03d3474,2026-09-06T08:45:00Z,2026-09-06T10:45:00+0200,212.0,MW,NL,NL,forecast_offshore_wind_generation,Wind Offshore,2026-09-12T19:27:36Z
2026-09-12T19:25:15Z,2026-09-12T21:25:15+0200,4e75698a-a1c7-49b7-b450-41a0b03d3474,2026-09-06T09:00:00Z,2026-09-06T11:00:00+0200,205.0,MW,NL,NL,forecast_offshore_wind_generation,Wind Offshore,2026-09-12T19:27:36Z
2026-09-12T19:25:15Z,2026-09-12T21:25:15+0200,4e75698a-a1c7-49b7-b450-41a0b03d3474,2026-09-06T09:15:00Z,2026-09-06T11:15:00+0200,203.0,MW,NL,NL,forecast_offshore_wind_generation,Wind Offshore,2026-09-12T19:27:36Z
2026-09-12T19:25:15Z,2026-09-12T21:25:15+0200,4e75698a-a1c7-49b7-b450-41a0b03d3474,2026-09-06T09:30:00Z,2026-09-06T11:30:00+0200,205.0,MW,NL,NL,forecast_offshore_wind_generation,Wind Offshore,2026-09-12T19:27:36Z
2026-09-12T19:25:15Z,2026-09-12T21:25:15+0200,4e75698a-a1c7-49b7-b450-41a0b03d3474,2026-09-06T09:45:00Z,2026-09-06T11:45:00+0200,207.0,MW,NL,NL,forecast_offshore_wind_generation,Wind Offshore,2026-09-12T19:27:36Z
2026-09-12T19:25:15Z,2026-09-12T21:25:15+0200,4e75698a-a1c7-49b7-b450-41a0b03d3474,2026-09-06T10:00:00Z,2026-09-06T12:00:00+0200,210.0,MW,NL,NL,forecast_offshore_wind_generation,Wind Offshore,2026-09-12T19:27:36Z
2026-09-12T19:25:15Z,2026-09-12T21:25:15+0200,4e75698a-a1c7-49b7-b450-41a0b03d3474,2026-09-06T10:15:00Z,2026-09-06T12:15:00+0200,212.0,MW,NL,NL,forecast_offshore_wind_generation,Wind Offshore,2026-09-12T19:27:36Z
2026-09-12T19:25:15Z,2026-09-12T21:25:15+0200,4e75698a-a1c7-49b7-b450-41a0b03d3474,2026-09-06T10:30:00Z,2026-09-06T12:30:00+0200,213.0,MW,NL,NL,forecast_offshore_wind_generation,Wind Offshore,2026-09-12T19:27:36Z
2026-09-12T19:25:15Z,2026-09-12T21:25:15+0200,4e75698a-a1c7-49b7-b450-41a0b03d3474,2026-09-06T10:45:00Z,2026-09-06T12:45:00+0200,215.0,MW,NL,NL,forecast_offshore_wind_generation,Wind Offshore,2026-09-12T19:27:36Z
2026-09-12T19:25:15Z,2026-09-12T21:25:15+0200,4e75698a-a1c7-49b7-b450-41a0b03d3474,2026-09-06T11:00:00Z,2026-09-06T13:00:00+0200,216.0,MW,NL,NL,forecast_offshore_wind_generation,Wind Offshore,2026-09-12T19:27:36Z
2026-09-12T19:25:15Z,2026-09-12T21:25:15+0200,4e75698a-a1c7-49b7-b450-41a0b03d3474,2026-09-06T11:15:00Z,2026-09-06T13:15:00+0200,218.0,MW,NL,NL,forecast_offshore_wind_generation,Wind Offshore,2026-09-12T19:27:36Z
2026-09-12T19:25:15Z,2026-09-12T21:25:15+0200,4e75698a-a1c7-49b7-b450-41a0b03d3474,2026-09-06T11:30:00Z,2026-09-06T13:30:00+0200,221.0,MW,NL,NL,forecast_offshore_wind_generation,Wind Offshore,2026-09-12T19:27:36Z
2026-09-12T19:25:15Z,2026-09-12T21:25:15+0200,4e75698a-a1c7-49b7-b450-41a0b03d3474,2026-09-06T11:45:00Z,2026-09-06T13:45:00+0200,224.0,MW,NL,NL,forecast_offshore_wind_generation,Wind Offshore,2026-09-12T19:27:36Z
2026-09-12T19:25:15Z,2026-09-12T21:25:15+0200,4e75698a-a1c7-49b7-b450-41a0b03d3474,2026-09-06T12:00:00Z,2026-09-06T14:00:00+0200,227.0,MW,NL,NL,forecast_offshore_wind_generation,Wind Offshore,2026-09-12T19:27:36Z
2026-09-12T19:25:15Z,2026-09-12T21:25:15+0200,4e75698a-a1c7-49b7-b450-41a0b03d3474,2026-09-06T12:15:00Z,2026-09-06T14:15:00+0200,227.0,MW,NL,NL,forecast_offshore_wind_generation,Wind Offshore,2026-09-12T19:27:36Z
2026-09-12T19:25:15Z,2026-09-12T21:25:15+0200,4e75698a-a1c7-49b7-b450-41a0b03d3474,2026-09-06T12:30:00Z,2026-09-06T14:30:00+0200,224.0,MW,NL,NL,forecast_offshore_wind_generation,Wind Offshore,2026-09-12T19:27:36Z
2026-09-12T19:25:15Z,2026-09-12T21:25:15+0200,4e75698a-a1c7-49b7-b450-41a0b03d3474,2026-09-06T12:45:00Z,2026-09-06T14:45:00+0200,221.0,MW,NL,NL,forecast_offshore_wind_generation,Wind Offshore,2026-09-12T19:27:36Z
2026-09-12T19:25:15Z,2026-09-12T21:25:15+0200,4e75698a-a1c7-49b7-b450-41a0b03d3474,2026-09-06T13:00:00Z,2026-09-06T15:00:00+0200,219.0,MW,NL,NL,forecast_offshore_wind_generation,Wind Offshore,2026-09-12T19:27:36Z
2026-09-12T19:25:15Z,2026-09-12T21:25:15+0200,4e75698a-a1c7-49b7-b450-41a0b03d3474,2026-09-06T13:15:00Z,2026-09-06T15:15:00+0200,216.0,MW,NL,NL,forecast_offshore_wind_generation,Wind Offshore,2026-09-12T19:27:36Z
2026-09-12T19:25:15Z,2026-09-12T21:25:15+0200,4e75698a-a1c7-49b7-b450-41a0b03d3474,2026-09-06T13:30:00Z,2026-09-06T15:30:00+0200,214.0,MW,NL,NL,forecast_offshore_wind_generation,Wind Offshore,2026-09-12T19:27:36Z
2026-09-12T19:25:15Z,2026-09-12T21:25:15+0200,4e75698a-a1c7-49b7-b450-41a0b03d3474,2026-09-06T13:45:00Z,2026-09-06T15:45:00+0200,212.0,MW,NL,NL,forecast_offshore_wind_generation,Wind Offshore,2026-09-12T19:27:36Z
2026-09-12T19:25:15Z,2026-09-12T21:25:15+0200,4e75698a-a1c7-49b7-b450-41a0b03d3474,2026-09-06T14:00:00Z,2026-09-06T16:00:00+0200,210.0,MW,NL,NL,forecast_offshore_wind_generation,Wind Offshore,2026-09-12T19:27:36Z
2026-09-12T19:25:15Z,2026-09-12T21:25:15+0200,4e75698a-a1c7-49b7-b450-41a0b03d3474,2026-09-06T14:15:00Z,2026-09-06T16:15:00+0200,209.0,MW,NL,NL,forecast_offshore_wind_generation,Wind Offshore,2026-09-12T19:27:36Z
2026-09-12T19:25:15Z,2026-09-12T21:25:15+0200,4e75698a-a1c7-49b7-b450-41a0b03d3474,2026-09-06T14:30:00Z,2026-09-06T16:30:00+0200,209.0,MW,NL,NL,forecast_offshore_wind_generation,Wind Offshore,2026-09-12T19:27:36Z
2026-09-12T19:25:15Z,2026-09-12T21:25:15+0200,4e75698a-a1c7-49b7-b450-41a0b03d3474,2026-09-06T14:45:00Z,2026-09-06T16:45:00+0200,209.0,MW,NL,NL,forecast_offshore_wind_generation,Wind Offshore,2026-09-12T19:27:36Z
2026-09-12T19:25:15Z,2026-09-12T21:25:15+0200,4e75698a-a1c7-49b7-b450-41a0b03d3474,2026-09-06T15:00:00Z,2026-09-06T17:00:00+0200,209.0,MW,NL,NL,forecast_offshore_wind_generation,Wind Offshore,2026-09-12T19:27:36Z
2026-09-12T19:25:15Z,2026-09-12T21:25:15+0200,4e75698a-a1c7-49b7-b450-41a0b03d3474,2026-09-06T15:15:00Z,2026-09-06T17:15:00+0200,215.0,MW,NL,NL,forecast_offshore_wind_generation,Wind Offshore,2026-09-12T19:27:36Z
2026-09-12T19:25:15Z,2026-09-12T21:25:15+0200,4e75698a-a1c7-49b7-b450-41a0b03d3474,2026-09-06T15:30:00Z,2026-09-06T17:30:00+0200,227.0,MW,NL,NL,forecast_offshore_wind_generation,Wind Offshore,2026-09-12T19:27:36Z
2026-09-12T19:25:15Z,2026-09-12T21:25:15+0200,4e75698a-a1c7-49b7-b450-41a0b03d3474,2026-09-06T15:45:00Z,2026-09-06T17:45:00+0200,238.0,MW,NL,NL,forecast_offshore_wind_generation,Wind Offshore,2026-09-12T19:27:36Z
2026-09-12T19:25:15Z,2026-09-12T21:25:15+0200,4e75698a-a1c7-49b7-b450-41a0b03d3474,2026-09-06T16:00:00Z,2026-09-06T18:00:00+0200,250.0,MW,NL,NL,forecast_offshore_wind_generation,Wind Offshore,2026-09-12T19:27:36Z
2026-09-12T19:25:15Z,2026-09-12T21:25:15+0200,4e75698a-a1c7-49b7-b450-41a0b03d3474,2026-09-06T16:15:00Z,2026-09-06T18:15:00+0200,258.0,MW,NL,NL,forecast_offshore_wind_generation,Wind Offshore,2026-09-12T19:27:36Z
2026-09-12T19:25:15Z,2026-09-12T21:25:15+0200,4e75698a-a1c7-49b7-b450-41a0b03d3474,2026-09-06T16:30:00Z,2026-09-06T18:30:00+0200,263.0,MW,NL,NL,forecast_offshore_wind_generation,Wind Offshore,2026-09-12T19:27:36Z
2026-09-12T19:25:15Z,2026-09-12T21:25:15+0200,4e75698a-a1c7-49b7-b450-41a0b03d3474,2026-09-06T16:45:00Z,2026-09-06T18:45:00+0200,269.0,MW,NL,NL,forecast_offshore_wind_generation,Wind Offshore,2026-09-12T19:27:36Z
2026-09-12T19:25:15Z,2026-09-12T21:25:15+0200,4e75698a-a1c7-49b7-b450-41a0b03d3474,2026-09-06T17:00:00Z,2026-09-06T19:00:00+0200,274.0,MW,NL,NL,forecast_offshore_wind_generation,Wind Offshore,2026-09-12T19:27:36Z
2026-09-12T19:25:15Z,2026-09-12T21:25:15+0200,4e75698a-a1c7-49b7-b450-41a0b03d3474,2026-09-06T17:15:00Z,2026-09-06T19:15:00+0200,282.0,MW,NL,NL,forecast_offshore_wind_generation,Wind Offshore,2026-09-12T19:27:36Z
2026-09-12T19:25:15Z,2026-09-12T21:25:15+0200,4e75698a-a1c7-49b7-b450-41a0b03d3474,2026-09-06T17:30:00Z,2026-09-06T19:30:00+0200,292.0,MW,NL,NL,forecast_offshore_wind_generation,Wind Offshore,2026-09-12T19:27:36Z
2026-09-12T19:25:15Z,2026-09-12T21:25:15+0200,4e75698a-a1c7-49b7-b450-41a0b03d3474,2026-09-06T17:45:00Z,2026-09-06T19:45:00+0200,302.0,MW,NL,NL,forecast_offshore_wind_generation,Wind Offshore,2026-09-12T19:27:36Z
2026-09-12T19:25:15Z,2026-09-12T21:25:15+0200,4e75698a-a1c7-49b7-b450-41a0b03d3474,2026-09-06T18:00:00Z,2026-09-06T20:00:00+0200,312.0,MW,NL,NL,forecast_offshore_wind_generation,Wind Offshore,2026-09-12T19:27:36Z
2026-09-12T19:25:15Z,2026-09-12T21:25:15+0200,4e75698a-a1c7-49b7-b450-41a0b03d3474,2026-09-06T18:15:00Z,2026-09-06T20:15:00+0200,330.0,MW,NL,NL,forecast_offshore_wind_generation,Wind Offshore,2026-09-12T19:27:36Z
2026-09-12T19:25:15Z,2026-09-12T21:25:15+0200,4e75698a-a1c7-49b7-b450-41a0b03d3474,2026-09-06T18:30:00Z,2026-09-06T20:30:00+0200,357.0,MW,NL,NL,forecast_offshore_wind_generation,Wind Offshore,2026-09-12T19:27:36Z
2026-09-12T19:25:15Z,2026-09-12T21:25:15+0200,4e75698a-a1c7-49b7-b450-41a0b03d3474,2026-09-06T18:45:00Z,2026-09-06T20:45:00+0200,384.0,MW,NL,NL,forecast_offshore_wind_generation,Wind Offshore,2026-09-12T19:27:36Z
2026-09-12T19:25:15Z,2026-09-12T21:25:15+0200,4e75698a-a1c7-49b7-b450-41a0b03d3474,2026-09-06T19:00:00Z,2026-09-06T21:00:00+0200,410.0,MW,NL,NL,forecast_offshore_wind_generation,Wind Offshore,2026-09-12T19:27:36Z
2026-09-12T19:25:15Z,2026-09-12T21:25:15+0200,4e75698a-a1c7-49b7-b450-41a0b03d3474,2026-09-06T19:15:00Z,2026-09-06T21:15:00+0200,426.0,MW,NL,NL,forecast_offshore_wind_generation,Wind Offshore,2026-09-12T19:27:36Z
2026-09-12T19:25:15Z,2026-09-12T21:25:15+0200,4e75698a-a1c7-49b7-b450-41a0b03d3474,2026-09-06T19:30:00Z,2026-09-06T21:30:00+0200,431.0,MW,NL,NL,forecast_offshore_wind_generation,Wind Offshore,2026-09-12T19:27:36Z
2026-09-12T19:25:15Z,2026-09-12T21:25:15+0200,4e75698a-a1c7-49b7-b450-41a0b03d3474,2026-09-06T19:45:00Z,2026-09-06T21:45:00+0200,435.0,MW,NL,NL,forecast_offshore_wind_generation,Wind Offshore,2026-09-12T19:27:36Z
2026-09-12T19:25:15Z,2026-09-12T21:25:15+0200,4e75698a-a1c7-49b7-b450-41a0b03d3474,2026-09-06T20:00:00Z,2026-09-06T22:00:00+0200,440.0,MW,NL,NL,forecast_offshore_wind_generation,Wind Offshore,2026-09-12T19:27:36Z
2026-09-12T19:25:15Z,2026-09-12T21:25:15+0200,4e75698a-a1c7-49b7-b450-41a0b03d3474,2026-09-06T20:15:00Z,2026-09-06T22:15:00+0200,451.0,MW,NL,NL,forecast_offshore_wind_generation,Wind Offshore,2026-09-12T19:27:36Z
2026-09-12T19:25:15Z,2026-09-12T21:25:15+0200,4e75698a-a1c7-49b7-b450-41a0b03d3474,2026-09-06T20:30:00Z,2026-09-06T22:30:00+0200,467.0,MW,NL,NL,forecast_offshore_wind_generation,Wind Offshore,2026-09-12T19:27:36Z
2026-09-12T19:25:15Z,2026-09-12T21:25:15+0200,4e75698a-a1c7-49b7-b450-41a0b03d3474,2026-09-06T20:45:00Z,2026-09-06T22:45:00+0200,483.0,MW,NL,NL,forecast_offshore_wind_generation,Wind Offshore,2026-09-12T19:27:36Z
2026-09-12T19:25:15Z,2026-09-12T21:25:15+0200,4e75698a-a1c7-49b7-b450-41a0b03d3474,2026-09-06T21:00:00Z,2026-09-06T23:00:00+0200,499.0,MW,NL,NL,forecast_offshore_wind_generation,Wind Offshore,2026-09-12T19:27:36Z
2026-09-12T19:25:15Z,2026-09-12T21:25:15+0200,4e75698a-a1c7-49b7-b450-41a0b03d3474,2026-09-06T21:15:00Z,2026-09-06T23:15:00+0200,499.0,MW,NL,NL,forecast_offshore_wind_generation,Wind Offshore,2026-09-12T19:27:36Z
2026-09-12T19:25:15Z,2026-09-12T21:25:15+0200,4e75698a-a1c7-49b7-b450-41a0b03d3474,2026-09-06T21:30:00Z,2026-09-06T23:30:00+0200,483.0,MW,NL,NL,forecast_offshore_wind_generation,Wind Offshore,2026-09-12T19:27:36Z
2026-09-12T19:25:15Z,2026-09-12T21:25:15+0200,4e75698a-a1c7-49b7-b450-41a0b03d3474,2026-09-06T21:45:00Z,2026-09-06T23:45:00+0200,467.0,MW,NL,NL,forecast_offshore_wind_generation,Wind Offshore,2026-09-12T19:27:36Z
2026-09-12T19:25:15Z,2026-09-12T21:25:15+0200,4e75698a-a1c7-49b7-b450-41a0b03d3474,2026-09-06T22:00:00Z,2026-09-07T00:00:00+0200,434.0,MW,NL,NL,forecast_offshore_wind_generation,Wind Offshore,2026-09-12T19:27:36Z
2026-09-12T19:25:15Z,2026-09-12T21:25:15+0200,4e75698a-a1c7-49b7-b450-41a0b03d3474,2026-09-06T22:15:00Z,2026-09-07T00:15:00+0200,425.0,MW,NL,NL,forecast_offshore_wind_generation,Wind Offshore,2026-09-12T19:27:36Z
2026-09-12T19:25:15Z,2026-09-12T21:25:15+0200,4e75698a-a1c7-49b7-b450-41a0b03d3474,2026-09-06T22:30:00Z,2026-09-07T00:30:00+0200,415.0,MW,NL,NL,forecast_offshore_wind_generation,Wind Offshore,2026-09-12T19:27:36Z
2026-09-12T19:25:15Z,2026-09-12T21:25:15+0200,4e75698a-a1c7-49b7-b450-41a0b03d3474,2026-09-06T22:45:00Z,2026-09-07T00:45:00+0200,405.0,MW,NL,NL,forecast_offshore_wind_generation,Wind Offshore,2026-09-12T19:27:36Z
2026-09-12T19:25:15Z,2026-09-12T21:25:15+0200,4e75698a-a1c7-49b7-b450-41a0b03d3474,2026-09-06T23:00:00Z,2026-09-07T01:00:00+0200,396.0,MW,NL,NL,forecast_offshore_wind_generation,Wind Offshore,2026-09-12T19:27:36Z
2026-09-12T19:25:15Z,2026-09-12T21:25:15+0200,4e75698a-a1c7-49b7-b450-41a0b03d3474,2026-09-06T23:15:00Z,2026-09-07T01:15:00+0200,382.0,MW,NL,NL,forecast_offshore_wind_generation,Wind Offshore,2026-09-12T19:27:36Z
2026-09-12T19:25:15Z,2026-09-12T21:25:15+0200,4e75698a-a1c7-49b7-b450-41a0b03d3474,2026-09-06T23:30:00Z,2026-09-07T01:30:00+0200,365.0,MW,NL,NL,forecast_offshore_wind_generation,Wind Offshore,2026-09-12T19:27:36Z
2026-09-12T19:25:15Z,2026-09-12T21:25:15+0200,4e75698a-a1c7-49b7-b450-41a0b03d3474,2026-09-06T23:45:00Z,2026-09-07T01:45:00+0200,347.0,MW,NL,NL,forecast_offshore_wind_generation,Wind Offshore,2026-09-12T19:27:36Z
2026-09-12T19:25:15Z,2026-09-12T21:25:15+0200,4e75698a-a1c7-49b7-b450-41a0b03d3474,2026-09-07T00:00:00Z,2026-09-07T02:00:00+0200,330.0,MW,NL,NL,forecast_offshore_wind_generation,Wind Offshore,2026-09-12T19:27:36Z
2026-09-12T19:25:15Z,2026-09-12T21:25:15+0200,4e75698a-a1c7-49b7-b450-41a0b03d3474,2026-09-07T00:15:00Z,2026-09-07T02:15:00+0200,324.0,MW,NL,NL,forecast_offshore_wind_generation,Wind Offshore,2026-09-12T19:27:36Z
2026-09-12T19:25:15Z,2026-09-12T21:25:15+0200,4e75698a-a1c7-49b7-b450-41a0b03d3474,2026-09-07T00:30:00Z,2026-09-07T02:30:00+0200,328.0,MW,NL,NL,forecast_offshore_wind_generation,Wind Offshore,2026-09-12T19:27:36Z
2026-09-12T19:25:15Z,2026-09-12T21:25:15+0200,4e75698a-a1c7-49b7-b450-41a0b03d3474,2026-09-07T00:45:00Z,2026-09-07T02:45:00+0200,332.0,MW,NL,NL,forecast_offshore_wind_generation,Wind Offshore,2026-09-12T19:27:36Z
2026-09-12T19:25:15Z,2026-09-12T21:25:15+0200,4e75698a-a1c7-49b7-b450-41a0b03d3474,2026-09-07T01:00:00Z,2026-09-07T03:00:00+0200,336.0,MW,NL,NL,forecast_offshore_wind_generation,Wind Offshore,2026-09-12T19:27:36Z
2026-09-12T19:25:15Z,2026-09-12T21:25:15+0200,4e75698a-a1c7-49b7-b450-41a0b03d3474,2026-09-07T01:15:00Z,2026-09-07T03:15:00+0200,344.0,MW,NL,NL,forecast_offshore_wind_generation,Wind Offshore,2026-09-12T19:27:36Z
2026-09-12T19:25:15Z,2026-09-12T21:25:15+0200,4e75698a-a1c7-49b7-b450-41a0b03d3474,2026-09-07T01:30:00Z,2026-09-07T03:30:00+0200,354.0,MW,NL,NL,forecast_offshore_wind_generation,Wind Offshore,2026-09-12T19:27:36Z
2026-09-12T19:25:15Z,2026-09-12T21:25:15+0200,4e75698a-a1c7-49b7-b450-41a0b03d3474,2026-09-07T01:45:00Z,2026-09-07T03:45:00+0200,364.0,MW,NL,NL,forecast_offshore_wind_generation,Wind Offshore,2026-09-12T19:27:36Z
2026-09-12T19:25:15Z,2026-09-12T21:25:15+0200,4e75698a-a1c7-49b7-b450-41a0b03d3474,2026-09-07T02:00:00Z,2026-09-07T04:00:00+0200,374.0,MW,NL,NL,forecast_offshore_wind_generation,Wind Offshore,2026-09-12T19:27:36Z
2026-09-12T19:25:15Z,2026-09-12T21:25:15+0200,4e75698a-a1c7-49b7-b450-41a0b03d3474,2026-09-07T02:15:00Z,2026-09-07T04:15:00+0200,386.0,MW,NL,NL,forecast_offshore_wind_generation,Wind Offshore,2026-09-12T19:27:36Z
2026-09-12T19:25:15Z,2026-09-12T21:25:15+0200,4e75698a-a1c7-49b7-b450-41a0b03d3474,2026-09-07T02:30:00Z,2026-09-07T04:30:00+0200,399.0,MW,NL,NL,forecast_offshore_wind_generation,Wind Offshore,2026-09-12T19:27:36Z
2026-09-12T19:25:15Z,2026-09-12T21:25:15+0200,4e75698a-a1c7-49b7-b450-41a0b03d3474,2026-09-07T02:45:00Z,2026-09-07T04:45:00+0200,412.0,MW,NL,NL,forecast_offshore_wind_generation,Wind Offshore,2026-09-12T19:27:36Z
2026-09-12T19:25:15Z,2026-09-12T21:25:15+0200,4e75698a-a1c7-49b7-b450-41a0b03d3474,2026-09-07T03:00:00Z,2026-09-07T05:00:00+0200,425.0,MW,NL,NL,forecast_offshore_wind_generation,Wind Offshore,2026-09-12T19:27:36Z
2026-09-12T19:25:15Z,2026-09-12T21:25:15+0200,4e75698a-a1c7-49b7-b450-41a0b03d3474,2026-09-07T03:15:00Z,2026-09-07T05:15:00+0200,441.0,MW,NL,NL,forecast_offshore_wind_generation,Wind Offshore,2026-09-12T19:27:36Z
2026-09-12T19:25:15Z,2026-09-12T21:25:15+0200,4e75698a-a1c7-49b7-b450-41a0b03d3474,2026-09-07T03:30:00Z,2026-09-07T05:30:00+0200,459.0,MW,NL,NL,forecast_offshore_wind_generation,Wind Offshore,2026-09-12T19:27:36Z
2026-09-12T19:25:15Z,2026-09-12T21:25:15+0200,4e75698a-a1c7-49b7-b450-41a0b03d3474,2026-09-07T03:45:00Z,2026-09-07T05:45:00+0200,478.0,MW,NL,NL,forecast_offshore_wind_generation,Wind Offshore,2026-09-12T19:27:36Z
2026-09-12T19:25:15Z,2026-09-12T21:25:15+0200,4e75698a-a1c7-49b7-b450-41a0b03d3474,2026-09-07T04:00:00Z,2026-09-07T06:00:00+0200,496.0,MW,NL,NL,forecast_offshore_wind_generation,Wind Offshore,2026-09-12T19:27:36Z
2026-09-12T19:25:15Z,2026-09-12T21:25:15+0200,4e75698a-a1c7-49b7-b450-41a0b03d3474,2026-09-07T04:15:00Z,2026-09-07T06:15:00+0200,512.0,MW,NL,NL,forecast_offshore_wind_generation,Wind Offshore,2026-09-12T19:27:36Z
2026-09-12T19:25:15Z,2026-09-12T21:25:15+0200,4e75698a-a1c7-49b7-b450-41a0b03d3474,2026-09-07T04:30:00Z,2026-09-07T06:30:00+0200,526.0,MW,NL,NL,forecast_offshore_wind_generation,Wind Offshore,2026-09-12T19:27:36Z
2026-09-12T19:25:15Z,2026-09-12T21:25:15+0200,4e75698a-a1c7-49b7-b450-41a0b03d3474,2026-09-07T04:45:00Z,2026-09-07T06:45:00+0200,540.0,MW,NL,NL,forecast_offshore_wind_generation,Wind Offshore,2026-09-12T19:27:36Z
2026-09-12T19:25:15Z,2026-09-12T21:25:15+0200,4e75698a-a1c7-49b7-b450-41a0b03d3474,2026-09-07T05:00:00Z,2026-09-07T07:00:00+0200,554.0,MW,NL,NL,forecast_offshore_wind_generation,Wind Offshore,2026-09-12T19:27:36Z
2026-09-12T19:25:15Z,2026-09-12T21:25:15+0200,4e75698a-a1c7-49b7-b450-41a0b03d3474,2026-09-07T05:15:00Z,2026-09-07T07:15:00+0200,567.0,MW,NL,NL,forecast_offshore_wind_generation,Wind Offshore,2026-09-12T19:27:36Z
2026-09-12T19:25:15Z,2026-09-12T21:25:15+0200,4e75698a-a1c7-49b7-b450-41a0b03d3474,2026-09-07T05:30:00Z,2026-09-07T07:30:00+0200,580.0,MW,NL,NL,forecast_offshore_wind_generation,Wind Offshore,2026-09-12T19:27:36Z
2026-09-12T19:25:15Z,2026-09-12T21:25:15+0200,4e75698a-a1c7-49b7-b450-41a0b03d3474,2026-09-07T05:45:00Z,2026-09-07T07:45:00+0200,592.0,MW,NL,NL,forecast_offshore_wind_generation,Wind Offshore,2026-09-12T19:27:36Z
2026-09-12T19:25:15Z,2026-09-12T21:25:15+0200,4e75698a-a1c7-49b7-b450-41a0b03d3474,2026-09-07T06:00:00Z,2026-09-07T08:00:00+0200,605.0,MW,NL,NL,forecast_offshore_wind_generation,Wind Offshore,2026-09-12T19:27:36Z
2026-09-12T19:25:15Z,2026-09-12T21:25:15+0200,4e75698a-a1c7-49b7-b450-41a0b03d3474,2026-09-07T06:15:00Z,2026-09-07T08:15:00+0200,604.0,MW,NL,NL,forecast_offshore_wind_generation,Wind Offshore,2026-09-12T19:27:36Z
2026-09-12T19:25:15Z,2026-09-12T21:25:15+0200,4e75698a-a1c7-49b7-b450-41a0b03d3474,2026-09-07T06:30:00Z,2026-09-07T08:30:00+0200,590.0,MW,NL,NL,forecast_offshore_wind_generation,Wind Offshore,2026-09-12T19:27:36Z
2026-09-12T19:25:15Z,2026-09-12T21:25:15+0200,4e75698a-a1c7-49b7-b450-41a0b03d3474,2026-09-07T06:45:00Z,2026-09-07T08:45:00+0200,577.0,MW,NL,NL,forecast_offshore_wind_generation,Wind Offshore,2026-09-12T19:27:36Z
2026-09-12T19:25:15Z,2026-09-12T21:25:15+0200,4e75698a-a1c7-49b7-b450-41a0b03d3474,2026-09-07T07:00:00Z,2026-09-07T09:00:00+0200,563.0,MW,NL,NL,forecast_offshore_wind_generation,Wind Offshore,2026-09-12T19:27:36Z
2026-09-12T19:25:15Z,2026-09-12T21:25:15+0200,4e75698a-a1c7-49b7-b450-41a0b03d3474,2026-09-07T07:15:00Z,2026-09-07T09:15:00+0200,548.0,MW,NL,NL,forecast_offshore_wind_generation,Wind Offshore,2026-09-12T19:27:36Z
2026-09-12T19:25:15Z,2026-09-12T21:25:15+0200,4e75698a-a1c7-49b7-b450-41a0b03d3474,2026-09-07T07:30:00Z,2026-09-07T09:30:00+0200,532.0,MW,NL,NL,forecast_offshore_wind_generation,Wind Offshore,2026-09-12T19:27:36Z
2026-09-12T19:25:15Z,2026-09-12T21:25:15+0200,4e75698a-a1c7-49b7-b450-41a0b03d3474,2026-09-07T07:45:00Z,2026-09-07T09:45:00+0200,516.0,MW,NL,NL,forecast_offshore_wind_generation,Wind Offshore,2026-09-12T19:27:36Z
2026-09-12T19:25:15Z,2026-09-12T21:25:15+0200,4e75698a-a1c7-49b7-b450-41a0b03d3474,2026-09-07T08:00:00Z,2026-09-07T10:00:00+0200,500.0,MW,NL,NL,forecast_offshore_wind_generation,Wind Offshore,2026-09-12T19:27:36Z
2026-09-12T19:25:15Z,2026-09-12T21:25:15+0200,4e75698a-a1c7-49b7-b450-41a0b03d3474,2026-09-07T08:15:00Z,2026-09-07T10:15:00+0200,488.0,MW,NL,NL,forecast_offshore_wind_generation,Wind Offshore,2026-09-12T19:27:36Z
2026-09-12T19:25:15Z,2026-09-12T21:25:15+0200,4e75698a-a1c7-49b7-b450-41a0b03d3474,2026-09-07T08:30:00Z,2026-09-07T10:30:00+0200,479.0,MW,NL,NL,forecast_offshore_wind_generation,Wind Offshore,2026-09-12T19:27:36Z
2026-09-12T19:25:15Z,2026-09-12T21:25:15+0200,4e75698a-a1c7-49b7-b450-41a0b03d3474,2026-09-07T08:45:00Z,2026-09-07T10:45:00+0200,471.0,MW,NL,NL,forecast_offshore_wind_generation,Wind Offshore,2026-09-12T19:27:36Z
2026-09-12T19:25:15Z,2026-09-12T21:25:15+0200,4e75698a-a1c7-49b7-b450-41a0b03d3474,2026-09-07T09:00:00Z,2026-09-07T11:00:00+0200,462.0,MW,NL,NL,forecast_offshore_wind_generation,Wind Offshore,2026-09-12T19:27:36Z
2026-09-12T19:25:15Z,2026-09-12T21:25:15+0200,4e75698a-a1c7-49b7-b450-41a0b03d3474,2026-09-07T09:15:00Z,2026-09-07T11:15:00+0200,468.0,MW,NL,NL,forecast_offshore_wind_generation,Wind Offshore,2026-09-12T19:27:36Z
2026-09-12T19:25:15Z,2026-09-12T21:25:15+0200,4e75698a-a1c7-49b7-b450-41a0b03d3474,2026-09-07T09:30:00Z,2026-09-07T11:30:00+0200,488.0,MW,NL,NL,forecast_offshore_wind_generation,Wind Offshore,2026-09-12T19:27:36Z
2026-09-12T19:25:15Z,2026-09-12T21:25:15+0200,4e75698a-a1c7-49b7-b450-41a0b03d3474,2026-09-07T09:45:00Z,2026-09-07T11:45:00+0200,508.0,MW,NL,NL,forecast_offshore_wind_generation,Wind Offshore,2026-09-12T19:27:36Z
2026-09-12T19:25:15Z,2026-09-12T21:25:15+0200,4e75698a-a1c7-49b7-b450-41a0b03d3474,2026-09-07T10:00:00Z,2026-09-07T12:00:00+0200,528.0,MW,NL,NL,forecast_offshore_wind_generation,Wind Offshore,2026-09-12T19:27:36Z
2026-09-12T19:25:15Z,2026-09-12T21:25:15+0200,4e75698a-a1c7-49b7-b450-41a0b03d3474,2026-09-07T10:15:00Z,2026-09-07T12:15:00+0200,555.0,MW,NL,NL,forecast_offshore_wind_generation,Wind Offshore,2026-09-12T19:27:36Z
2026-09-12T19:25:15Z,2026-09-12T21:25:15+0200,4e75698a-a1c7-49b7-b450-41a0b03d3474,2026-09-07T10:30:00Z,2026-09-07T12:30:00+0200,588.0,MW,NL,NL,forecast_offshore_wind_generation,Wind Offshore,2026-09-12T19:27:36Z
2026-09-12T19:25:15Z,2026-09-12T21:25:15+0200,4e75698a-a1c7-49b7-b450-41a0b03d3474,2026-09-07T10:45:00Z,2026-09-07T12:45:00+0200,621.0,MW,NL,NL,forecast_offshore_wind_generation,Wind Offshore,2026-09-12T19:27:36Z
2026-09-12T19:25:15Z,2026-09-12T21:25:15+0200,4e75698a-a1c7-49b7-b450-41a0b03d3474,2026-09-07T11:00:00Z,2026-09-07T13:00:00+0200,655.0,MW,NL,NL,forecast_offshore_wind_generation,Wind Offshore,2026-09-12T19:27:36Z
2026-09-12T19:25:15Z,2026-09-12T21:25:15+0200,4e75698a-a1c7-49b7-b450-41a0b03d3474,2026-09-07T11:15:00Z,2026-09-07T13:15:00+0200,692.0,MW,NL,NL,forecast_offshore_wind_generation,Wind Offshore,2026-09-12T19:27:36Z
2026-09-12T19:25:15Z,2026-09-12T21:25:15+0200,4e75698a-a1c7-49b7-b450-41a0b03d3474,2026-09-07T11:30:00Z,2026-09-07T13:30:00+0200,733.0,MW,NL,NL,forecast_offshore_wind_generation,Wind Offshore,2026-09-12T19:27:36Z
2026-09-12T19:25:15Z,2026-09-12T21:25:15+0200,4e75698a-a1c7-49b7-b450-41a0b03d3474,2026-09-07T11:45:00Z,2026-09-07T13:45:00+0200,773.0,MW,NL,NL,forecast_offshore_wind_generation,Wind Offshore,2026-09-12T19:27:36Z
2026-09-12T19:25:15Z,2026-09-12T21:25:15+0200,4e75698a-a1c7-49b7-b450-41a0b03d3474,2026-09-07T12:00:00Z,2026-09-07T14:00:00+0200,814.0,MW,NL,NL,forecast_offshore_wind_generation,Wind Offshore,2026-09-12T19:27:36Z
2026-09-12T19:25:15Z,2026-09-12T21:25:15+0200,4e75698a-a1c7-49b7-b450-41a0b03d3474,2026-09-07T12:15:00Z,2026-09-07T14:15:00+0200,840.0,MW,NL,NL,forecast_offshore_wind_generation,Wind Offshore,2026-09-12T19:27:36Z
2026-09-12T19:25:15Z,2026-09-12T21:25:15+0200,4e75698a-a1c7-49b7-b450-41a0b03d3474,2026-09-07T12:30:00Z,2026-09-07T14:30:00+0200,852.0,MW,NL,NL,forecast_offshore_wind_generation,Wind Offshore,2026-09-12T19:27:36Z
2026-09-12T19:25:15Z,2026-09-12T21:25:15+0200,4e75698a-a1c7-49b7-b450-41a0b03d3474,2026-09-07T12:45:00Z,2026-09-07T14:45:00+0200,863.0,MW,NL,NL,forecast_offshore_wind_generation,Wind Offshore,2026-09-12T19:27:36Z
2026-09-12T19:25:15Z,2026-09-12T21:25:15+0200,4e75698a-a1c7-49b7-b450-41a0b03d3474,2026-09-07T13:00:00Z,2026-09-07T15:00:00+0200,874.0,MW,NL,NL,forecast_offshore_wind_generation,Wind Offshore,2026-09-12T19:27:36Z
2026-09-12T19:25:15Z,2026-09-12T21:25:15+0200,4e75698a-a1c7-49b7-b450-41a0b03d3474,2026-09-07T13:15:00Z,2026-09-07T15:15:00+0200,886.0,MW,NL,NL,forecast_offshore_wind_generation,Wind Offshore,2026-09-12T19:27:36Z
2026-09-12T19:25:15Z,2026-09-12T21:25:15+0200,4e75698a-a1c7-49b7-b450-41a0b03d3474,2026-09-07T13:30:00Z,2026-09-07T15:30:00+0200,899.0,MW,NL,NL,forecast_offshore_wind_generation,Wind Offshore,2026-09-12T19:27:36Z
2026-09-12T19:25:15Z,2026-09-12T21:25:15+0200,4e75698a-a1c7-49b7-b450-41a0b03d3474,2026-09-07T13:45:00Z,2026-09-07T15:45:00+0200,912.0,MW,NL,NL,forecast_offshore_wind_generation,Wind Offshore,2026-09-12T19:27:36Z
2026-09-12T19:25:15Z,2026-09-12T21:25:15+0200,4e75698a-a1c7-49b7-b450-41a0b03d3474,2026-09-07T14:00:00Z,2026-09-07T16:00:00+0200,925.0,MW,NL,NL,forecast_offshore_wind_generation,Wind Offshore,2026-09-12T19:27:36Z
2026-09-12T19:25:15Z,2026-09-12T21:25:15+0200,4e75698a-a1c7-49b7-b450-41a0b03d3474,2026-09-07T14:15:00Z,2026-09-07T16:15:00+0200,942.0,MW,NL,NL,forecast_offshore_wind_generation,Wind Offshore,2026-09-12T19:27:36Z
2026-09-12T19:25:15Z,2026-09-12T21:25:15+0200,4e75698a-a1c7-49b7-b450-41a0b03d3474,2026-09-07T14:30:00Z,2026-09-07T16:30:00+0200,962.0,MW,NL,NL,forecast_offshore_wind_generation,Wind Offshore,2026-09-12T19:27:36Z
2026-09-12T19:25:15Z,2026-09-12T21:25:15+0200,4e75698a-a1c7-49b7-b450-41a0b03d3474,2026-09-07T14:45:00Z,2026-09-07T16:45:00+0200,982.0,MW,NL,NL,forecast_offshore_wind_generation,Wind Offshore,2026-09-12T19:27:36Z
2026-09-12T19:25:15Z,2026-09-12T21:25:15+0200,4e75698a-a1c7-49b7-b450-41a0b03d3474,2026-09-07T15:00:00Z,2026-09-07T17:00:00+0200,1002.0,MW,NL,NL,forecast_offshore_wind_generation,Wind Offshore,2026-09-12T19:27:36Z
2026-09-12T19:25:15Z,2026-09-12T21:25:15+0200,4e75698a-a1c7-49b7-b450-41a0b03d3474,2026-09-07T15:15:00Z,2026-09-07T17:15:00+0200,1022.0,MW,NL,NL,forecast_offshore_wind_generation,Wind Offshore,2026-09-12T19:27:36Z
2026-09-12T19:25:15Z,2026-09-12T21:25:15+0200,4e75698a-a1c7-49b7-b450-41a0b03d3474,2026-09-07T15:30:00Z,2026-09-07T17:30:00+0200,1043.0,MW,NL,NL,forecast_offshore_wind_generation,Wind Offshore,2026-09-12T19:27:36Z
2026-09-12T19:25:15Z,2026-09-12T21:25:15+0200,4e75698a-a1c7-49b7-b450-41a0b03d3474,2026-09-07T15:45:00Z,2026-09-07T17:45:00+0200,1063.0,MW,NL,NL,forecast_offshore_wind_generation,Wind Offshore,2026-09-12T19:27:36Z
2026-09-12T19:25:15Z,2026-09-12T21:25:15+0200,4e75698a-a1c7-49b7-b450-41a0b03d3474,2026-09-07T16:00:00Z,2026-09-07T18:00:00+0200,1083.0,MW,NL,NL,forecast_offshore_wind_generation,Wind Offshore,2026-09-12T19:27:36Z
2026-09-12T19:25:15Z,2026-09-12T21:25:15+0200,4e75698a-a1c7-49b7-b450-41a0b03d3474,2026-09-07T16:15:00Z,2026-09-07T18:15:00+0200,1092.0,MW,NL,NL,forecast_offshore_wind_generation,Wind Offshore,2026-09-12T19:27:36Z
2026-09-12T19:25:15Z,2026-09-12T21:25:15+0200,4e75698a-a1c7-49b7-b450-41a0b03d3474,2026-09-07T16:30:00Z,2026-09-07T18:30:00+0200,1090.0,MW,NL,NL,forecast_offshore_wind_generation,Wind Offshore,2026-09-12T19:27:36Z
2026-09-12T19:25:15Z,2026-09-12T21:25:15+0200,4e75698a-a1c7-49b7-b450-41a0b03d3474,2026-09-07T16:45:00Z,2026-09-07T18:45:00+0200,1088.0,MW,NL,NL,forecast_offshore_wind_generation,Wind Offshore,2026-09-12T19:27:36Z
2026-09-12T19:25:15Z,2026-09-12T21:25:15+0200,4e75698a-a1c7-49b7-b450-41a0b03d3474,2026-09-07T17:00:00Z,2026-09-07T19:00:00+0200,1086.0,MW,NL,NL,forecast_offshore_wind_generation,Wind Offshore,2026-09-12T19:27:36Z
2026-09-12T19:25:15Z,2026-09-12T21:25:15+0200,4e75698a-a1c7-49b7-b450-41a0b03d3474,2026-09-07T17:15:00Z,2026-09-07T19:15:00+0200,1083.0,MW,NL,NL,forecast_offshore_wind_generation,Wind Offshore,2026-09-12T19:27:36Z
2026-09-12T19:25:15Z,2026-09-12T21:25:15+0200,4e75698a-a1c7-49b7-b450-41a0b03d3474,2026-09-07T17:30:00Z,2026-09-07T19:30:00+0200,1081.0,MW,NL,NL,forecast_offshore_wind_generation,Wind Offshore,2026-09-12T19:27:36Z
2026-09-12T19:25:15Z,2026-09-12T21:25:15+0200,4e75698a-a1c7-49b7-b450-41a0b03d3474,2026-09-07T17:45:00Z,2026-09-07T19:45:00+0200,1078.0,MW,NL,NL,forecast_offshore_wind_generation,Wind Offshore,2026-09-12T19:27:36Z
2026-09-12T19:25:15Z,2026-09-12T21:25:15+0200,4e75698a-a1c7-49b7-b450-41a0b03d3474,2026-09-07T18:00:00Z,2026-09-07T20:00:00+0200,1076.0,MW,NL,NL,forecast_offshore_wind_generation,Wind Offshore,2026-09-12T19:27:36Z
2026-09-12T19:25:15Z,2026-09-12T21:25:15+0200,4e75698a-a1c7-49b7-b450-41a0b03d3474,2026-09-07T18:15:00Z,2026-09-07T20:15:00+0200,1077.0,MW,NL,NL,forecast_offshore_wind_generation,Wind Offshore,2026-09-12T19:27:36Z
2026-09-12T19:25:15Z,2026-09-12T21:25:15+0200,4e75698a-a1c7-49b7-b450-41a0b03d3474,2026-09-07T18:30:00Z,2026-09-07T20:30:00+0200,1082.0,MW,NL,NL,forecast_offshore_wind_generation,Wind Offshore,2026-09-12T19:27:36Z
2026-09-12T19:25:15Z,2026-09-12T21:25:15+0200,4e75698a-a1c7-49b7-b450-41a0b03d3474,2026-09-07T18:45:00Z,2026-09-07T20:45:00+0200,1086.0,MW,NL,NL,forecast_offshore_wind_generation,Wind Offshore,2026-09-12T19:27:36Z
2026-09-12T19:25:15Z,2026-09-12T21:25:15+0200,4e75698a-a1c7-49b7-b450-41a0b03d3474,2026-09-07T19:00:00Z,2026-09-07T21:00:00+0200,1091.0,MW,NL,NL,forecast_offshore_wind_generation,Wind Offshore,2026-09-12T19:27:36Z
2026-09-12T19:25:15Z,2026-09-12T21:25:15+0200,4e75698a-a1c7-49b7-b450-41a0b03d3474,2026-09-07T19:15:00Z,2026-09-07T21:15:00+0200,1097.0,MW,NL,NL,forecast_offshore_wind_generation,Wind Offshore,2026-09-12T19:27:36Z
2026-09-12T19:25:15Z,2026-09-12T21:25:15+0200,4e75698a-a1c7-49b7-b450-41a0b03d3474,2026-09-07T19:30:00Z,2026-09-07T21:30:00+0200,1102.0,MW,NL,NL,forecast_offshore_wind_generation,Wind Offshore,2026-09-12T19:27:36Z
2026-09-12T19:25:15Z,2026-09-12T21:25:15+0200,4e75698a-a1c7-49b7-b450-41a0b03d3474,2026-09-07T19:45:00Z,2026-09-07T21:45:00+0200,1108.0,MW,NL,NL,forecast_offshore_wind_generation,Wind Offshore,2026-09-12T19:27:36Z
2026-09-12T19:25:15Z,2026-09-12T21:25:15+0200,4e75698a-a1c7-49b7-b450-41a0b03d3474,2026-09-07T20:00:00Z,2026-09-07T22:00:00+0200,1114.0,MW,NL,NL,forecast_offshore_wind_generation,Wind Offshore,2026-09-12T19:27:36Z
2026-09-12T19:25:15Z,2026-09-12T21:25:15+0200,4e75698a-a1c7-49b7-b450-41a0b03d3474,2026-09-07T20:15:00Z,2026-09-07T22:15:00+0200,1120.0,MW,NL,NL,forecast_offshore_wind_generation,Wind Offshore,2026-09-12T19:27:36Z
2026-09-12T19:25:15Z,2026-09-12T21:25:15+0200,4e75698a-a1c7-49b7-b450-41a0b03d3474,2026-09-07T20:30:00Z,2026-09-07T22:30:00+0200,1124.0,MW,NL,NL,forecast_offshore_wind_generation,Wind Offshore,2026-09-12T19:27:36Z
2026-09-12T19:25:15Z,2026-09-12T21:25:15+0200,4e75698a-a1c7-49b7-b450-41a0b03d3474,2026-09-07T20:45:00Z,2026-09-07T22:45:00+0200,1129.0,MW,NL,NL,forecast_offshore_wind_generation,Wind Offshore,2026-09-12T19:27:36Z
2026-09-12T19:25:15Z,2026-09-12T21:25:15+0200,4e75698a-a1c7-49b7-b450-41a0b03d3474,2026-09-07T21:00:00Z,2026-09-07T23:00:00+0200,1134.0,MW,NL,NL,forecast_offshore_wind_generation,Wind Offshore,2026-09-12T19:27:36Z
2026-09-12T19:25:15Z,2026-09-12T21:25:15+0200,4e75698a-a1c7-49b7-b450-41a0b03d3474,2026-09-07T21:15:00Z,2026-09-07T23:15:00+0200,1148.0,MW,NL,NL,forecast_offshore_wind_generation,Wind Offshore,2026-09-12T19:27:36Z
2026-09-12T19:25:15Z,2026-09-12T21:25:15+0200,4e75698a-a1c7-49b7-b450-41a0b03d3474,2026-09-07T21:30:00Z,2026-09-07T23:30:00+0200,1170.0,MW,NL,NL,forecast_offshore_wind_generation,Wind Offshore,2026-09-12T19:27:36Z
2026-09-12T19:25:15Z,2026-09-12T21:25:15+0200,4e75698a-a1c7-49b7-b450-41a0b03d3474,2026-09-07T21:45:00Z,2026-09-07T23:45:00+0200,1192.0,MW,NL,NL,forecast_offshore_wind_generation,Wind Offshore,2026-09-12T19:27:36Z
2026-09-12T19:25:15Z,2026-09-12T21:25:15+0200,4e75698a-a1c7-49b7-b450-41a0b03d3474,2026-09-07T22:00:00Z,2026-09-08T00:00:00+0200,956.0,MW,NL,NL,forecast_offshore_wind_generation,Wind Offshore,2026-09-12T19:27:36Z
2026-09-12T19:25:15Z,2026-09-12T21:25:15+0200,4e75698a-a1c7-49b7-b450-41a0b03d3474,2026-09-07T22:15:00Z,2026-09-08T00:15:00+0200,973.0,MW,NL,NL,forecast_offshore_wind_generation,Wind Offshore,2026-09-12T19:27:36Z
2026-09-12T19:25:15Z,2026-09-12T21:25:15+0200,4e75698a-a1c7-49b7-b450-41a0b03d3474,2026-09-07T22:30:00Z,2026-09-08T00:30:00+0200,987.0,MW,NL,NL,forecast_offshore_wind_generation,Wind Offshore,2026-09-12T19:27:36Z
2026-09-12T19:25:15Z,2026-09-12T21:25:15+0200,4e75698a-a1c7-49b7-b450-41a0b03d3474,2026-09-07T22:45:00Z,2026-09-08T00:45:00+0200,1002.0,MW,NL,NL,forecast_offshore_wind_generation,Wind Offshore,2026-09-12T19:27:36Z
2026-09-12T19:25:15Z,2026-09-12T21:25:15+0200,4e75698a-a1c7-49b7-b450-41a0b03d3474,2026-09-07T23:00:00Z,2026-09-08T01:00:00+0200,1017.0,MW,NL,NL,forecast_offshore_wind_generation,Wind Offshore,2026-09-12T19:27:36Z
2026-09-12T19:25:15Z,2026-09-12T21:25:15+0200,4e75698a-a1c7-49b7-b450-41a0b03d3474,2026-09-07T23:15:00Z,2026-09-08T01:15:00+0200,1032.0,MW,NL,NL,forecast_offshore_wind_generation,Wind Offshore,2026-09-12T19:27:36Z
2026-09-12T19:25:15Z,2026-09-12T21:25:15+0200,4e75698a-a1c7-49b7-b450-41a0b03d3474,2026-09-07T23:30:00Z,2026-09-08T01:30:00+0200,1046.0,MW,NL,NL,forecast_offshore_wind_generation,Wind Offshore,2026-09-12T19:27:36Z
2026-09-12T19:25:15Z,2026-09-12T21:25:15+0200,4e75698a-a1c7-49b7-b450-41a0b03d3474,2026-09-07T23:45:00Z,2026-09-08T01:45:00+0200,1060.0,MW,NL,NL,forecast_offshore_wind_generation,Wind Offshore,2026-09-12T19:27:36Z
2026-09-12T19:25:15Z,2026-09-12T21:25:15+0200,4e75698a-a1c7-49b7-b450-41a0b03d3474,2026-09-08T00:00:00Z,2026-09-08T02:00:00+0200,1074.0,MW,NL,NL,forecast_offshore_wind_generation,Wind Offshore,2026-09-12T19:27:36Z
2026-09-12T19:25:15Z,2026-09-12T21:25:15+0200,4e75698a-a1c7-49b7-b450-41a0b03d3474,2026-09-08T00:15:00Z,2026-09-08T02:15:00+0200,1077.0,MW,NL,NL,forecast_offshore_wind_generation,Wind Offshore,2026-09-12T19:27:36Z
2026-09-12T19:25:15Z,2026-09-12T21:25:15+0200,4e75698a-a1c7-49b7-b450-41a0b03d3474,2026-09-08T00:30:00Z,2026-09-08T02:30:00+0200,1070.0,MW,NL,NL,forecast_offshore_wind_generation,Wind Offshore,2026-09-12T19:27:36Z
2026-09-12T19:25:15Z,2026-09-12T21:25:15+0200,4e75698a-a1c7-49b7-b450-41a0b03d3474,2026-09-08T00:45:00Z,2026-09-08T02:45:00+0200,1062.0,MW,NL,NL,forecast_offshore_wind_generation,Wind Offshore,2026-09-12T19:27:36Z
2026-09-12T19:25:15Z,2026-09-12T21:25:15+0200,4e75698a-a1c7-49b7-b450-41a0b03d3474,2026-09-08T01:00:00Z,2026-09-08T03:00:00+0200,1055.0,MW,NL,NL,forecast_offshore_wind_generation,Wind Offshore,2026-09-12T19:27:36Z
2026-09-12T19:25:15Z,2026-09-12T21:25:15+0200,4e75698a-a1c7-49b7-b450-41a0b03d3474,2026-09-08T01:15:00Z,2026-09-08T03:15:00+0200,1046.0,MW,NL,NL,forecast_offshore_wind_generation,Wind Offshore,2026-09-12T19:27:36Z
2026-09-12T19:25:15Z,2026-09-12T21:25:15+0200,4e75698a-a1c7-49b7-b450-41a0b03d3474,2026-09-08T01:30:00Z,2026-09-08T03:30:00+0200,1035.0,MW,NL,NL,forecast_offshore_wind_generation,Wind Offshore,2026-09-12T19:27:36Z
2026-09-12T19:25:15Z,2026-09-12T21:25:15+0200,4e75698a-a1c7-49b7-b450-41a0b03d3474,2026-09-08T01:45:00Z,2026-09-08T03:45:00+0200,1025.0,MW,NL,NL,forecast_offshore_wind_generation,Wind Offshore,2026-09-12T19:27:36Z
2026-09-12T19:25:15Z,2026-09-12T21:25:15+0200,4e75698a-a1c7-49b7-b450-41a0b03d3474,2026-09-08T02:00:00Z,2026-09-08T04:00:00+0200,1015.0,MW,NL,NL,forecast_offshore_wind_generation,Wind Offshore,2026-09-12T19:27:36Z
2026-09-12T19:25:15Z,2026-09-12T21:25:15+0200,4e75698a-a1c7-49b7-b450-41a0b03d3474,2026-09-08T02:15:00Z,2026-09-08T04:15:00+0200,1007.0,MW,NL,NL,forecast_offshore_wind_generation,Wind Offshore,2026-09-12T19:27:36Z
2026-09-12T19:25:15Z,2026-09-12T21:25:15+0200,4e75698a-a1c7-49b7-b450-41a0b03d3474,2026-09-08T02:30:00Z,2026-09-08T04:30:00+0200,1004.0,MW,NL,NL,forecast_offshore_wind_generation,Wind Offshore,2026-09-12T19:27:36Z
2026-09-12T19:25:15Z,2026-09-12T21:25:15+0200,4e75698a-a1c7-49b7-b450-41a0b03d3474,2026-09-08T02:45:00Z,2026-09-08T04:45:00+0200,1000.0,MW,NL,NL,forecast_offshore_wind_generation,Wind Offshore,2026-09-12T19:27:36Z
2026-09-12T19:25:15Z,2026-09-12T21:25:15+0200,4e75698a-a1c7-49b7-b450-41a0b03d3474,2026-09-08T03:00:00Z,2026-09-08T05:00:00+0200,996.0,MW,NL,NL,forecast_offshore_wind_generation,Wind Offshore,2026-09-12T19:27:36Z
2026-09-12T19:25:15Z,2026-09-12T21:25:15+0200,4e75698a-a1c7-49b7-b450-41a0b03d3474,2026-09-08T03:15:00Z,2026-09-08T05:15:00+0200,996.0,MW,NL,NL,forecast_offshore_wind_generation,Wind Offshore,2026-09-12T19:27:36Z
2026-09-12T19:25:15Z,2026-09-12T21:25:15+0200,4e75698a-a1c7-49b7-b450-41a0b03d3474,2026-09-08T03:30:00Z,2026-09-08T05:30:00+0200,1001.0,MW,NL,NL,forecast_offshore_wind_generation,Wind Offshore,2026-09-12T19:27:36Z
2026-09-12T19:25:15Z,2026-09-12T21:25:15+0200,4e75698a-a1c7-49b7-b450-41a0b03d3474,2026-09-08T03:45:00Z,2026-09-08T05:45:00+0200,1006.0,MW,NL,NL,forecast_offshore_wind_generation,Wind Offshore,2026-09-12T19:27:36Z
2026-09-12T19:25:15Z,2026-09-12T21:25:15+0200,4e75698a-a1c7-49b7-b450-41a0b03d3474,2026-09-08T04:00:00Z,2026-09-08T06:00:00+0200,1010.0,MW,NL,NL,forecast_offshore_wind_generation,Wind Offshore,2026-09-12T19:27:36Z
2026-09-12T19:25:15Z,2026-09-12T21:25:15+0200,4e75698a-a1c7-49b7-b450-41a0b03d3474,2026-09-08T04:15:00Z,2026-09-08T06:15:00+0200,1009.0,MW,NL,NL,forecast_offshore_wind_generation,Wind Offshore,2026-09-12T19:27:36Z
2026-09-12T19:25:15Z,2026-09-12T21:25:15+0200,4e75698a-a1c7-49b7-b450-41a0b03d3474,2026-09-08T04:30:00Z,2026-09-08T06:30:00+0200,1003.0,MW,NL,NL,forecast_offshore_wind_generation,Wind Offshore,2026-09-12T19:27:36Z
2026-09-12T19:25:15Z,2026-09-12T21:25:15+0200,4e75698a-a1c7-49b7-b450-41a0b03d3474,2026-09-08T04:45:00Z,2026-09-08T06:45:00+0200,996.0,MW,NL,NL,forecast_offshore_wind_generation,Wind Offshore,2026-09-12T19:27:36Z
2026-09-12T19:25:15Z,2026-09-12T21:25:15+0200,4e75698a-a1c7-49b7-b450-41a0b03d3474,2026-09-08T05:00:00Z,2026-09-08T07:00:00+0200,990.0,MW,NL,NL,forecast_offshore_wind_generation,Wind Offshore,2026-09-12T19:27:36Z
2026-09-12T19:25:15Z,2026-09-12T21:25:15+0200,4e75698a-a1c7-49b7-b450-41a0b03d3474,2026-09-08T05:15:00Z,2026-09-08T07:15:00+0200,987.0,MW,NL,NL,forecast_offshore_wind_generation,Wind Offshore,2026-09-12T19:27:36Z
2026-09-12T19:25:15Z,2026-09-12T21:25:15+0200,4e75698a-a1c7-49b7-b450-41a0b03d3474,2026-09-08T05:30:00Z,2026-09-08T07:30:00+0200,987.0,MW,NL,NL,forecast_offshore_wind_generation,Wind Offshore,2026-09-12T19:27:36Z
2026-09-12T19:25:15Z,2026-09-12T21:25:15+0200,4e75698a-a1c7-49b7-b450-41a0b03d3474,2026-09-08T05:45:00Z,2026-09-08T07:45:00+0200,988.0,MW,NL,NL,forecast_offshore_wind_generation,Wind Offshore,2026-09-12T19:27:36Z
2026-09-12T19:25:15Z,2026-09-12T21:25:15+0200,4e75698a-a1c7-49b7-b450-41a0b03d3474,2026-09-08T06:00:00Z,2026-09-08T08:00:00+0200,988.0,MW,NL,NL,forecast_offshore_wind_generation,Wind Offshore,2026-09-12T19:27:36Z
2026-09-12T19:25:15Z,2026-09-12T21:25:15+0200,4e75698a-a1c7-49b7-b450-41a0b03d3474,2026-09-08T06:15:00Z,2026-09-08T08:15:00+0200,986.0,MW,NL,NL,forecast_offshore_wind_generation,Wind Offshore,2026-09-12T19:27:36Z
2026-09-12T19:25:15Z,2026-09-12T21:25:15+0200,4e75698a-a1c7-49b7-b450-41a0b03d3474,2026-09-08T06:30:00Z,2026-09-08T08:30:00+0200,982.0,MW,NL,NL,forecast_offshore_wind_generation,Wind Offshore,2026-09-12T19:27:36Z
2026-09-12T19:25:15Z,2026-09-12T21:25:15+0200,4e75698a-a1c7-49b7-b450-41a0b03d3474,2026-09-08T06:45:00Z,2026-09-08T08:45:00+0200,977.0,MW,NL,NL,forecast_offshore_wind_generation,Wind Offshore,2026-09-12T19:27:36Z
2026-09-12T19:25:15Z,2026-09-12T21:25:15+0200,4e75698a-a1c7-49b7-b450-41a0b03d3474,2026-09-08T07:00:00Z,2026-09-08T09:00:00+0200,973.0,MW,NL,NL,forecast_offshore_wind_generation,Wind Offshore,2026-09-12T19:27:36Z
2026-09-12T19:25:15Z,2026-09-12T21:25:15+0200,4e75698a-a1c7-49b7-b450-41a0b03d3474,2026-09-08T07:15:00Z,2026-09-08T09:15:00+0200,970.0,MW,NL,NL,forecast_offshore_wind_generation,Wind Offshore,2026-09-12T19:27:36Z
2026-09-12T19:25:15Z,2026-09-12T21:25:15+0200,4e75698a-a1c7-49b7-b450-41a0b03d3474,2026-09-08T07:30:00Z,2026-09-08T09:30:00+0200,968.0,MW,NL,NL,forecast_offshore_wind_generation,Wind Offshore,2026-09-12T19:27:36Z
2026-09-12T19:25:15Z,2026-09-12T21:25:15+0200,4e75698a-a1c7-49b7-b450-41a0b03d3474,2026-09-08T07:45:00Z,2026-09-08T09:45:00+0200,966.0,MW,NL,NL,forecast_offshore_wind_generation,Wind Offshore,2026-09-12T19:27:36Z
2026-09-12T19:25:15Z,2026-09-12T21:25:15+0200,4e75698a-a1c7-49b7-b450-41a0b03d3474,2026-09-08T08:00:00Z,2026-09-08T10:00:00+0200,965.0,MW,NL,NL,forecast_offshore_wind_generation,Wind Offshore,2026-09-12T19:27:36Z
2026-09-12T19:25:15Z,2026-09-12T21:25:15+0200,4e75698a-a1c7-49b7-b450-41a0b03d3474,2026-09-08T08:15:00Z,2026-09-08T10:15:00+0200,965.0,MW,NL,NL,forecast_offshore_wind_generation,Wind Offshore,2026-09-12T19:27:36Z
2026-09-12T19:25:15Z,2026-09-12T21:25:15+0200,4e75698a-a1c7-49b7-b450-41a0b03d3474,2026-09-08T08:30:00Z,2026-09-08T10:30:00+0200,968.0,MW,NL,NL,forecast_offshore_wind_generation,Wind Offshore,2026-09-12T19:27:36Z
2026-09-12T19:25:15Z,2026-09-12T21:25:15+0200,4e75698a-a1c7-49b7-b450-41a0b03d3474,2026-09-08T08:45:00Z,2026-09-08T10:45:00+0200,970.0,MW,NL,NL,forecast_offshore_wind_generation,Wind Offshore,2026-09-12T19:27:36Z
2026-09-12T19:25:15Z,2026-09-12T21:25:15+0200,4e75698a-a1c7-49b7-b450-41a0b03d3474,2026-09-08T09:00:00Z,2026-09-08T11:00:00+0200,973.0,MW,NL,NL,forecast_offshore_wind_generation,Wind Offshore,2026-09-12T19:27:36Z
2026-09-12T19:25:15Z,2026-09-12T21:25:15+0200,4e75698a-a1c7-49b7-b450-41a0b03d3474,2026-09-08T09:15:00Z,2026-09-08T11:15:00+0200,974.0,MW,NL,NL,forecast_offshore_wind_generation,Wind Offshore,2026-09-12T19:27:36Z
2026-09-12T19:25:15Z,2026-09-12T21:25:15+0200,4e75698a-a1c7-49b7-b450-41a0b03d3474,2026-09-08T09:30:00Z,2026-09-08T11:30:00+0200,975.0,MW,NL,NL,forecast_offshore_wind_generation,Wind Offshore,2026-09-12T19:27:36Z
2026-09-12T19:25:15Z,2026-09-12T21:25:15+0200,4e75698a-a1c7-49b7-b450-41a0b03d3474,2026-09-08T09:45:00Z,2026-09-08T11:45:00+0200,975.0,MW,NL,NL,forecast_offshore_wind_generation,Wind Offshore,2026-09-12T19:27:36Z
2026-09-12T19:25:15Z,2026-09-12T21:25:15+0200,4e75698a-a1c7-49b7-b450-41a0b03d3474,2026-09-08T10:00:00Z,2026-09-08T12:00:00+0200,975.0,MW,NL,NL,forecast_offshore_wind_generation,Wind Offshore,2026-09-12T19:27:36Z
2026-09-12T19:25:15Z,2026-09-12T21:25:15+0200,4e75698a-a1c7-49b7-b450-41a0b03d3474,2026-09-08T10:15:00Z,2026-09-08T12:15:00+0200,977.0,MW,NL,NL,forecast_offshore_wind_generation,Wind Offshore,2026-09-12T19:27:36Z
2026-09-12T19:25:15Z,2026-09-12T21:25:15+0200,4e75698a-a1c7-49b7-b450-41a0b03d3474,2026-09-08T10:30:00Z,2026-09-08T12:30:00+0200,980.0,MW,NL,NL,forecast_offshore_wind_generation,Wind Offshore,2026-09-12T19:27:36Z
2026-09-12T19:25:15Z,2026-09-12T21:25:15+0200,4e75698a-a1c7-49b7-b450-41a0b03d3474,2026-09-08T10:45:00Z,2026-09-08T12:45:00+0200,983.0,MW,NL,NL,forecast_offshore_wind_generation,Wind Offshore,2026-09-12T19:27:36Z
2026-09-12T19:25:15Z,2026-09-12T21:25:15+0200,4e75698a-a1c7-49b7-b450-41a0b03d3474,2026-09-08T11:00:00Z,2026-09-08T13:00:00+0200,986.0,MW,NL,NL,forecast_offshore_wind_generation,Wind Offshore,2026-09-12T19:27:36Z
2026-09-12T19:25:15Z,2026-09-12T21:25:15+0200,4e75698a-a1c7-49b7-b450-41a0b03d3474,2026-09-08T11:15:00Z,2026-09-08T13:15:00+0200,988.0,MW,NL,NL,forecast_offshore_wind_generation,Wind Offshore,2026-09-12T19:27:36Z
2026-09-12T19:25:15Z,2026-09-12T21:25:15+0200,4e75698a-a1c7-49b7-b450-41a0b03d3474,2026-09-08T11:30:00Z,2026-09-08T13:30:00+0200,988.0,MW,NL,NL,forecast_offshore_wind_generation,Wind Offshore,2026-09-12T19:27:36Z
2026-09-12T19:25:15Z,2026-09-12T21:25:15+0200,4e75698a-a1c7-49b7-b450-41a0b03d3474,2026-09-08T11:45:00Z,2026-09-08T13:45:00+0200,989.0,MW,NL,NL,forecast_offshore_wind_generation,Wind Offshore,2026-09-12T19:27:36Z
2026-09-12T19:25:15Z,2026-09-12T21:25:15+0200,4e75698a-a1c7-49b7-b450-41a0b03d3474,2026-09-08T12:00:00Z,2026-09-08T14:00:00+0200,989.0,MW,NL,NL,forecast_offshore_wind_generation,Wind Offshore,2026-09-12T19:27:36Z
2026-09-12T19:25:15Z,2026-09-12T21:25:15+0200,4e75698a-a1c7-49b7-b450-41a0b03d3474,2026-09-08T12:15:00Z,2026-09-08T14:15:00+0200,992.0,MW,NL,NL,forecast_offshore_wind_generation,Wind Offshore,2026-09-12T19:27:36Z
2026-09-12T19:25:15Z,2026-09-12T21:25:15+0200,4e75698a-a1c7-49b7-b450-41a0b03d3474,2026-09-08T12:30:00Z,2026-09-08T14:30:00+0200,997.0,MW,NL,NL,forecast_offshore_wind_generation,Wind Offshore,2026-09-12T19:27:36Z
2026-09-12T19:25:15Z,2026-09-12T21:25:15+0200,4e75698a-a1c7-49b7-b450-41a0b03d3474,2026-09-08T12:45:00Z,2026-09-08T14:45:00+0200,1003.0,MW,NL,NL,forecast_offshore_wind_generation,Wind Offshore,2026-09-12T19:27:36Z
2026-09-12T19:25:15Z,2026-09-12T21:25:15+0200,4e75698a-a1c7-49b7-b450-41a0b03d3474,2026-09-08T13:00:00Z,2026-09-08T15:00:00+0200,1008.0,MW,NL,NL,forecast_offshore_wind_generation,Wind Offshore,2026-09-12T19:27:36Z
2026-09-12T19:25:15Z,2026-09-12T21:25:15+0200,4e75698a-a1c7-49b7-b450-41a0b03d3474,2026-09-08T13:15:00Z,2026-09-08T15:15:00+0200,1007.0,MW,NL,NL,forecast_offshore_wind_generation,Wind Offshore,2026-09-12T19:27:36Z
2026-09-12T19:25:15Z,2026-09-12T21:25:15+0200,4e75698a-a1c7-49b7-b450-41a0b03d3474,2026-09-08T13:30:00Z,2026-09-08T15:30:00+0200,998.0,MW,NL,NL,forecast_offshore_wind_generation,Wind Offshore,2026-09-12T19:27:36Z
2026-09-12T19:25:15Z,2026-09-12T21:25:15+0200,4e75698a-a1c7-49b7-b450-41a0b03d3474,2026-09-08T13:45:00Z,2026-09-08T15:45:00+0200,990.0,MW,NL,NL,forecast_offshore_wind_generation,Wind Offshore,2026-09-12T19:27:36Z
2026-09-12T19:25:15Z,2026-09-12T21:25:15+0200,4e75698a-a1c7-49b7-b450-41a0b03d3474,2026-09-08T14:00:00Z,2026-09-08T16:00:00+0200,981.0,MW,NL,NL,forecast_offshore_wind_generation,Wind Offshore,2026-09-12T19:27:36Z
2026-09-12T19:25:15Z,2026-09-12T21:25:15+0200,4e75698a-a1c7-49b7-b450-41a0b03d3474,2026-09-08T14:15:00Z,2026-09-08T16:15:00+0200,970.0,MW,NL,NL,forecast_offshore_wind_generation,Wind Offshore,2026-09-12T19:27:36Z
2026-09-12T19:25:15Z,2026-09-12T21:25:15+0200,4e75698a-a1c7-49b7-b450-41a0b03d3474,2026-09-08T14:30:00Z,2026-09-08T16:30:00+0200,957.0,MW,NL,NL,forecast_offshore_wind_generation,Wind Offshore,2026-09-12T19:27:36Z
2026-09-12T19:25:15Z,2026-09-12T21:25:15+0200,4e75698a-a1c7-49b7-b450-41a0b03d3474,2026-09-08T14:45:00Z,2026-09-08T16:45:00+0200,944.0,MW,NL,NL,forecast_offshore_wind_generation,Wind Offshore,2026-09-12T19:27:36Z
2026-09-12T19:25:15Z,2026-09-12T21:25:15+0200,4e75698a-a1c7-49b7-b450-41a0b03d3474,2026-09-08T15:00:00Z,2026-09-08T17:00:00+0200,930.0,MW,NL,NL,forecast_offshore_wind_generation,Wind Offshore,2026-09-12T19:27:36Z
2026-09-12T19:25:15Z,2026-09-12T21:25:15+0200,4e75698a-a1c7-49b7-b450-41a0b03d3474,2026-09-08T15:15:00Z,2026-09-08T17:15:00+0200,918.0,MW,NL,NL,forecast_offshore_wind_generation,Wind Offshore,2026-09-12T19:27:36Z
2026-09-12T19:25:15Z,2026-09-12T21:25:15+0200,4e75698a-a1c7-49b7-b450-41a0b03d3474,2026-09-08T15:30:00Z,2026-09-08T17:30:00+0200,907.0,MW,NL,NL,forecast_offshore_wind_generation,Wind Offshore,2026-09-12T19:27:36Z
2026-09-12T19:25:15Z,2026-09-12T21:25:15+0200,4e75698a-a1c7-49b7-b450-41a0b03d3474,2026-09-08T15:45:00Z,2026-09-08T17:45:00+0200,896.0,MW,NL,NL,forecast_offshore_wind_generation,Wind Offshore,2026-09-12T19:27:36Z
2026-09-12T19:25:15Z,2026-09-12T21:25:15+0200,4e75698a-a1c7-49b7-b450-41a0b03d3474,2026-09-08T16:00:00Z,2026-09-08T18:00:00+0200,885.0,MW,NL,NL,forecast_offshore_wind_generation,Wind Offshore,2026-09-12T19:27:36Z
2026-09-12T19:25:15Z,2026-09-12T21:25:15+0200,4e75698a-a1c7-49b7-b450-41a0b03d3474,2026-09-08T16:15:00Z,2026-09-08T18:15:00+0200,873.0,MW,NL,NL,forecast_offshore_wind_generation,Wind Offshore,2026-09-12T19:27:36Z
2026-09-12T19:25:15Z,2026-09-12T21:25:15+0200,4e75698a-a1c7-49b7-b450-41a0b03d3474,2026-09-08T16:30:00Z,2026-09-08T18:30:00+0200,858.0,MW,NL,NL,forecast_offshore_wind_generation,Wind Offshore,2026-09-12T19:27:36Z
2026-09-12T19:25:15Z,2026-09-12T21:25:15+0200,4e75698a-a1c7-49b7-b450-41a0b03d3474,2026-09-08T16:45:00Z,2026-09-08T18:45:00+0200,844.0,MW,NL,NL,forecast_offshore_wind_generation,Wind Offshore,2026-09-12T19:27:36Z
2026-09-12T19:25:15Z,2026-09-12T21:25:15+0200,4e75698a-a1c7-49b7-b450-41a0b03d3474,2026-09-08T17:00:00Z,2026-09-08T19:00:00+0200,829.0,MW,NL,NL,forecast_offshore_wind_generation,Wind Offshore,2026-09-12T19:27:36Z
2026-09-12T19:25:15Z,2026-09-12T21:25:15+0200,4e75698a-a1c7-49b7-b450-41a0b03d3474,2026-09-08T17:15:00Z,2026-09-08T19:15:00+0200,817.0,MW,NL,NL,forecast_offshore_wind_generation,Wind Offshore,2026-09-12T19:27:36Z
2026-09-12T19:25:15Z,2026-09-12T21:25:15+0200,4e75698a-a1c7-49b7-b450-41a0b03d3474,2026-09-08T17:30:00Z,2026-09-08T19:30:00+0200,807.0,MW,NL,NL,forecast_offshore_wind_generation,Wind Offshore,2026-09-12T19:27:36Z
2026-09-12T19:25:15Z,2026-09-12T21:25:15+0200,4e75698a-a1c7-49b7-b450-41a0b03d3474,2026-09-08T17:45:00Z,2026-09-08T19:45:00+0200,796.0,MW,NL,NL,forecast_offshore_wind_generation,Wind Offshore,2026-09-12T19:27:36Z
2026-09-12T19:25:15Z,2026-09-12T21:25:15+0200,4e75698a-a1c7-49b7-b450-41a0b03d3474,2026-09-08T18:00:00Z,2026-09-08T20:00:00+0200,786.0,MW,NL,NL,forecast_offshore_wind_generation,Wind Offshore,2026-09-12T19:27:36Z
2026-09-12T19:25:15Z,2026-09-12T21:25:15+0200,4e75698a-a1c7-49b7-b450-41a0b03d3474,2026-09-08T18:15:00Z,2026-09-08T20:15:00+0200,767.0,MW,NL,NL,forecast_offshore_wind_generation,Wind Offshore,2026-09-12T19:27:36Z
2026-09-12T19:25:15Z,2026-09-12T21:25:15+0200,4e75698a-a1c7-49b7-b450-41a0b03d3474,2026-09-08T18:30:00Z,2026-09-08T20:30:00+0200,739.0,MW,NL,NL,forecast_offshore_wind_generation,Wind Offshore,2026-09-12T19:27:36Z
2026-09-12T19:25:15Z,2026-09-12T21:25:15+0200,4e75698a-a1c7-49b7-b450-41a0b03d3474,2026-09-08T18:45:00Z,2026-09-08T20:45:00+0200,712.0,MW,NL,NL,forecast_offshore_wind_generation,Wind Offshore,2026-09-12T19:27:36Z
2026-09-12T19:25:15Z,2026-09-12T21:25:15+0200,4e75698a-a1c7-49b7-b450-41a0b03d3474,2026-09-08T19:00:00Z,2026-09-08T21:00:00+0200,684.0,MW,NL,NL,forecast_offshore_wind_generation,Wind Offshore,2026-09-12T19:27:36Z
2026-09-12T19:25:15Z,2026-09-12T21:25:15+0200,4e75698a-a1c7-49b7-b450-41a0b03d3474,2026-09-08T19:15:00Z,2026-09-08T21:15:00+0200,652.0,MW,NL,NL,forecast_offshore_wind_generation,Wind Offshore,2026-09-12T19:27:36Z
2026-09-12T19:25:15Z,2026-09-12T21:25:15+0200,4e75698a-a1c7-49b7-b450-41a0b03d3474,2026-09-08T19:30:00Z,2026-09-08T21:30:00+0200,616.0,MW,NL,NL,forecast_offshore_wind_generation,Wind Offshore,2026-09-12T19:27:36Z
2026-09-12T19:25:15Z,2026-09-12T21:25:15+0200,4e75698a-a1c7-49b7-b450-41a0b03d3474,2026-09-08T19:45:00Z,2026-09-08T21:45:00+0200,579.0,MW,NL,NL,forecast_offshore_wind_generation,Wind Offshore,2026-09-12T19:27:36Z
2026-09-12T19:25:15Z,2026-09-12T21:25:15+0200,4e75698a-a1c7-49b7-b450-41a0b03d3474,2026-09-08T20:00:00Z,2026-09-08T22:00:00+0200,542.0,MW,NL,NL,forecast_offshore_wind_generation,Wind Offshore,2026-09-12T19:27:36Z
2026-09-12T19:25:15Z,2026-09-12T21:25:15+0200,4e75698a-a1c7-49b7-b450-41a0b03d3474,2026-09-08T20:15:00Z,2026-09-08T22:15:00+0200,503.0,MW,NL,NL,forecast_offshore_wind_generation,Wind Offshore,2026-09-12T19:27:36Z
2026-09-12T19:25:15Z,2026-09-12T21:25:15+0200,4e75698a-a1c7-49b7-b450-41a0b03d3474,2026-09-08T20:30:00Z,2026-09-08T22:30:00+0200,463.0,MW,NL,NL,forecast_offshore_wind_generation,Wind Offshore,2026-09-12T19:27:36Z
2026-09-12T19:25:15Z,2026-09-12T21:25:15+0200,4e75698a-a1c7-49b7-b450-41a0b03d3474,2026-09-08T20:45:00Z,2026-09-08T22:45:00+0200,422.0,MW,NL,NL,forecast_offshore_wind_generation,Wind Offshore,2026-09-12T19:27:36Z
2026-09-12T19:25:15Z,2026-09-12T21:25:15+0200,4e75698a-a1c7-49b7-b450-41a0b03d3474,2026-09-08T21:00:00Z,2026-09-08T23:00:00+0200,381.0,MW,NL,NL,forecast_offshore_wind_generation,Wind Offshore,2026-09-12T19:27:36Z
2026-09-12T19:25:15Z,2026-09-12T21:25:15+0200,4e75698a-a1c7-49b7-b450-41a0b03d3474,2026-09-08T21:15:00Z,2026-09-08T23:15:00+0200,371.0,MW,NL,NL,forecast_offshore_wind_generation,Wind Offshore,2026-09-12T19:27:36Z
2026-09-12T19:25:15Z,2026-09-12T21:25:15+0200,4e75698a-a1c7-49b7-b450-41a0b03d3474,2026-09-08T21:30:00Z,2026-09-08T23:30:00+0200,392.0,MW,NL,NL,forecast_offshore_wind_generation,Wind Offshore,2026-09-12T19:27:36Z
2026-09-12T19:25:15Z,2026-09-12T21:25:15+0200,4e75698a-a1c7-49b7-b450-41a0b03d3474,2026-09-08T21:45:00Z,2026-09-08T23:45:00+0200,413.0,MW,NL,NL,forecast_offshore_wind_generation,Wind Offshore,2026-09-12T19:27:36Z
2026-09-12T19:25:15Z,2026-09-12T21:25:15+0200,4e75698a-a1c7-49b7-b450-41a0b03d3474,2026-09-08T22:00:00Z,2026-09-09T00:00:00+0200,1021.0,MW,NL,NL,forecast_offshore_wind_generation,Wind Offshore,2026-09-12T19:27:36Z
2026-09-12T19:25:15Z,2026-09-12T21:25:15+0200,4e75698a-a1c7-49b7-b450-41a0b03d3474,2026-09-08T22:15:00Z,2026-09-09T00:15:00+0200,1023.0,MW,NL,NL,forecast_offshore_wind_generation,Wind Offshore,2026-09-12T19:27:36Z
2026-09-12T19:25:15Z,2026-09-12T21:25:15+0200,4e75698a-a1c7-49b7-b450-41a0b03d3474,2026-09-08T22:30:00Z,2026-09-09T00:30:00+0200,1027.0,MW,NL,NL,forecast_offshore_wind_generation,Wind Offshore,2026-09-12T19:27:36Z
2026-09-12T19:25:15Z,2026-09-12T21:25:15+0200,4e75698a-a1c7-49b7-b450-41a0b03d3474,2026-09-08T22:45:00Z,2026-09-09T00:45:00+0200,1031.0,MW,NL,NL,forecast_offshore_wind_generation,Wind Offshore,2026-09-12T19:27:36Z
2026-09-12T19:25:15Z,2026-09-12T21:25:15+0200,4e75698a-a1c7-49b7-b450-41a0b03d3474,2026-09-08T23:00:00Z,2026-09-09T01:00:00+0200,1034.0,MW,NL,NL,forecast_offshore_wind_generation,Wind Offshore,2026-09-12T19:27:36Z
2026-09-12T19:25:15Z,2026-09-12T21:25:15+0200,4e75698a-a1c7-49b7-b450-41a0b03d3474,2026-09-08T23:15:00Z,2026-09-09T01:15:00+0200,1035.0,MW,NL,NL,forecast_offshore_wind_generation,Wind Offshore,2026-09-12T19:27:36Z
2026-09-12T19:25:15Z,2026-09-12T21:25:15+0200,4e75698a-a1c7-49b7-b450-41a0b03d3474,2026-09-08T23:30:00Z,2026-09-09T01:30:00+0200,1033.0,MW,NL,NL,forecast_offshore_wind_generation,Wind Offshore,2026-09-12T19:27:36Z
2026-09-12T19:25:15Z,2026-09-12T21:25:15+0200,4e75698a-a1c7-49b7-b450-41a0b03d3474,2026-09-08T23:45:00Z,2026-09-09T01:45:00+0200,1031.0,MW,NL,NL,forecast_offshore_wind_generation,Wind Offshore,2026-09-12T19:27:36Z
2026-09-12T19:25:15Z,2026-09-12T21:25:15+0200,4e75698a-a1c7-49b7-b450-41a0b03d3474,2026-09-09T00:00:00Z,2026-09-09T02:00:00+0200,1028.0,MW,NL,NL,forecast_offshore_wind_generation,Wind Offshore,2026-09-12T19:27:36Z
2026-09-12T19:25:15Z,2026-09-12T21:25:15+0200,4e75698a-a1c7-49b7-b450-41a0b03d3474,2026-09-09T00:15:00Z,2026-09-09T02:15:00+0200,1035.0,MW,NL,NL,forecast_offshore_wind_generation,Wind Offshore,2026-09-12T19:27:36Z
2026-09-12T19:25:15Z,2026-09-12T21:25:15+0200,4e75698a-a1c7-49b7-b450-41a0b03d3474,2026-09-09T00:30:00Z,2026-09-09T02:30:00+0200,1051.0,MW,NL,NL,forecast_offshore_wind_generation,Wind Offshore,2026-09-12T19:27:36Z
2026-09-12T19:25:15Z,2026-09-12T21:25:15+0200,4e75698a-a1c7-49b7-b450-41a0b03d3474,2026-09-09T00:45:00Z,2026-09-09T02:45:00+0200,1067.0,MW,NL,NL,forecast_offshore_wind_generation,Wind Offshore,2026-09-12T19:27:36Z
2026-09-12T19:25:15Z,2026-09-12T21:25:15+0200,4e75698a-a1c7-49b7-b450-41a0b03d3474,2026-09-09T01:00:00Z,2026-09-09T03:00:00+0200,1083.0,MW,NL,NL,forecast_offshore_wind_generation,Wind Offshore,2026-09-12T19:27:36Z
2026-09-12T19:25:15Z,2026-09-12T21:25:15+0200,4e75698a-a1c7-49b7-b450-41a0b03d3474,2026-09-09T01:15:00Z,2026-09-09T03:15:00+0200,1099.0,MW,NL,NL,forecast_offshore_wind_generation,Wind Offshore,2026-09-12T19:27:36Z
2026-09-12T19:25:15Z,2026-09-12T21:25:15+0200,4e75698a-a1c7-49b7-b450-41a0b03d3474,2026-09-09T01:30:00Z,2026-09-09T03:30:00+0200,1114.0,MW,NL,NL,forecast_offshore_wind_generation,Wind Offshore,2026-09-12T19:27:36Z
2026-09-12T19:25:15Z,2026-09-12T21:25:15+0200,4e75698a-a1c7-49b7-b450-41a0b03d3474,2026-09-09T01:45:00Z,2026-09-09T03:45:00+0200,1130.0,MW,NL,NL,forecast_offshore_wind_generation,Wind Offshore,2026-09-12T19:27:36Z
2026-09-12T19:25:15Z,2026-09-12T21:25:15+0200,4e75698a-a1c7-49b7-b450-41a0b03d3474,2026-09-09T02:00:00Z,2026-09-09T04:00:00+0200,1145.0,MW,NL,NL,forecast_offshore_wind_generation,Wind Offshore,2026-09-12T19:27:36Z
2026-09-12T19:25:15Z,2026-09-12T21:25:15+0200,4e75698a-a1c7-49b7-b450-41a0b03d3474,2026-09-09T02:15:00Z,2026-09-09T04:15:00+0200,1159.0,MW,NL,NL,forecast_offshore_wind_generation,Wind Offshore,2026-09-12T19:27:36Z
2026-09-12T19:25:15Z,2026-09-12T21:25:15+0200,4e75698a-a1c7-49b7-b450-41a0b03d3474,2026-09-09T02:30:00Z,2026-09-09T04:30:00+0200,1170.0,MW,NL,NL,forecast_offshore_wind_generation,Wind Offshore,2026-09-12T19:27:36Z
2026-09-12T19:25:15Z,2026-09-12T21:25:15+0200,4e75698a-a1c7-49b7-b450-41a0b03d3474,2026-09-09T02:45:00Z,2026-09-09T04:45:00+0200,1181.0,MW,NL,NL,forecast_offshore_wind_generation,Wind Offshore,2026-09-12T19:27:36Z
2026-09-12T19:25:15Z,2026-09-12T21:25:15+0200,4e75698a-a1c7-49b7-b450-41a0b03d3474,2026-09-09T03:00:00Z,2026-09-09T05:00:00+0200,1192.0,MW,NL,NL,forecast_offshore_wind_generation,Wind Offshore,2026-09-12T19:27:36Z
2026-09-12T19:25:15Z,2026-09-12T21:25:15+0200,4e75698a-a1c7-49b7-b450-41a0b03d3474,2026-09-09T03:15:00Z,2026-09-09T05:15:00+0200,1197.0,MW,NL,NL,forecast_offshore_wind_generation,Wind Offshore,2026-09-12T19:27:36Z
2026-09-12T19:25:15Z,2026-09-12T21:25:15+0200,4e75698a-a1c7-49b7-b450-41a0b03d3474,2026-09-09T03:30:00Z,2026-09-09T05:30:00+0200,1196.0,MW,NL,NL,forecast_offshore_wind_generation,Wind Offshore,2026-09-12T19:27:36Z
2026-09-12T19:25:15Z,2026-09-12T21:25:15+0200,4e75698a-a1c7-49b7-b450-41a0b03d3474,2026-09-09T03:45:00Z,2026-09-09T05:45:00+0200,1194.0,MW,NL,NL,forecast_offshore_wind_generation,Wind Offshore,2026-09-12T19:27:36Z
2026-09-12T19:25:15Z,2026-09-12T21:25:15+0200,4e75698a-a1c7-49b7-b450-41a0b03d3474,2026-09-09T04:00:00Z,2026-09-09T06:00:00+0200,1193.0,MW,NL,NL,forecast_offshore_wind_generation,Wind Offshore,2026-09-12T19:27:36Z
2026-09-12T19:25:15Z,2026-09-12T21:25:15+0200,4e75698a-a1c7-49b7-b450-41a0b03d3474,2026-09-09T04:15:00Z,2026-09-09T06:15:00+0200,1190.0,MW,NL,NL,forecast_offshore_wind_generation,Wind Offshore,2026-09-12T19:27:36Z
2026-09-12T19:25:15Z,2026-09-12T21:25:15+0200,4e75698a-a1c7-49b7-b450-41a0b03d3474,2026-09-09T04:30:00Z,2026-09-09T06:30:00+0200,1187.0,MW,NL,NL,forecast_offshore_wind_generation,Wind Offshore,2026-09-12T19:27:36Z
2026-09-12T19:25:15Z,2026-09-12T21:25:15+0200,4e75698a-a1c7-49b7-b450-41a0b03d3474,2026-09-09T04:45:00Z,2026-09-09T06:45:00+0200,1183.0,MW,NL,NL,forecast_offshore_wind_generation,Wind Offshore,2026-09-12T19:27:36Z
2026-09-12T19:25:15Z,2026-09-12T21:25:15+0200,4e75698a-a1c7-49b7-b450-41a0b03d3474,2026-09-09T05:00:00Z,2026-09-09T07:00:00+0200,1180.0,MW,NL,NL,forecast_offshore_wind_generation,Wind Offshore,2026-09-12T19:27:36Z
2026-09-12T19:25:15Z,2026-09-12T21:25:15+0200,4e75698a-a1c7-49b7-b450-41a0b03d3474,2026-09-09T05:15:00Z,2026-09-09T07:15:00+0200,1176.0,MW,NL,NL,forecast_offshore_wind_generation,Wind Offshore,2026-09-12T19:27:36Z
2026-09-12T19:25:15Z,2026-09-12T21:25:15+0200,4e75698a-a1c7-49b7-b450-41a0b03d3474,2026-09-09T05:30:00Z,2026-09-09T07:30:00+0200,1171.0,MW,NL,NL,forecast_offshore_wind_generation,Wind Offshore,2026-09-12T19:27:36Z
2026-09-12T19:25:15Z,2026-09-12T21:25:15+0200,4e75698a-a1c7-49b7-b450-41a0b03d3474,2026-09-09T05:45:00Z,2026-09-09T07:45:00+0200,1166.0,MW,NL,NL,forecast_offshore_wind_generation,Wind Offshore,2026-09-12T19:27:36Z
2026-09-12T19:25:15Z,2026-09-12T21:25:15+0200,4e75698a-a1c7-49b7-b450-41a0b03d3474,2026-09-09T06:00:00Z,2026-09-09T08:00:00+0200,1161.0,MW,NL,NL,forecast_offshore_wind_generation,Wind Offshore,2026-09-12T19:27:36Z
2026-09-12T19:25:15Z,2026-09-12T21:25:15+0200,4e75698a-a1c7-49b7-b450-41a0b03d3474,2026-09-09T06:15:00Z,2026-09-09T08:15:00+0200,1166.0,MW,NL,NL,forecast_offshore_wind_generation,Wind Offshore,2026-09-12T19:27:36Z
2026-09-12T19:25:15Z,2026-09-12T21:25:15+0200,4e75698a-a1c7-49b7-b450-41a0b03d3474,2026-09-09T06:30:00Z,2026-09-09T08:30:00+0200,1181.0,MW,NL,NL,forecast_offshore_wind_generation,Wind Offshore,2026-09-12T19:27:36Z
2026-09-12T19:25:15Z,2026-09-12T21:25:15+0200,4e75698a-a1c7-49b7-b450-41a0b03d3474,2026-09-09T06:45:00Z,2026-09-09T08:45:00+0200,1195.0,MW,NL,NL,forecast_offshore_wind_generation,Wind Offshore,2026-09-12T19:27:36Z
2026-09-12T19:25:15Z,2026-09-12T21:25:15+0200,4e75698a-a1c7-49b7-b450-41a0b03d3474,2026-09-09T07:00:00Z,2026-09-09T09:00:00+0200,1210.0,MW,NL,NL,forecast_offshore_wind_generation,Wind Offshore,2026-09-12T19:27:36Z
2026-09-12T19:25:15Z,2026-09-12T21:25:15+0200,4e75698a-a1c7-49b7-b450-41a0b03d3474,2026-09-09T07:15:00Z,2026-09-09T09:15:00+0200,1223.0,MW,NL,NL,forecast_offshore_wind_generation,Wind Offshore,2026-09-12T19:27:36Z
2026-09-12T19:25:15Z,2026-09-12T21:25:15+0200,4e75698a-a1c7-49b7-b450-41a0b03d3474,2026-09-09T07:30:00Z,2026-09-09T09:30:00+0200,1234.0,MW,NL,NL,forecast_offshore_wind_generation,Wind Offshore,2026-09-12T19:27:36Z
2026-09-12T19:25:15Z,2026-09-12T21:25:15+0200,4e75698a-a1c7-49b7-b450-41a0b03d3474,2026-09-09T07:45:00Z,2026-09-09T09:45:00+0200,1245.0,MW,NL,NL,forecast_offshore_wind_generation,Wind Offshore,2026-09-12T19:27:36Z
2026-09-12T19:25:15Z,2026-09-12T21:25:15+0200,4e75698a-a1c7-49b7-b450-41a0b03d3474,2026-09-09T08:00:00Z,2026-09-09T10:00:00+0200,1255.0,MW,NL,NL,forecast_offshore_wind_generation,Wind Offshore,2026-09-12T19:27:36Z
2026-09-12T19:25:15Z,2026-09-12T21:25:15+0200,4e75698a-a1c7-49b7-b450-41a0b03d3474,2026-09-09T08:15:00Z,2026-09-09T10:15:00+0200,1264.0,MW,NL,NL,forecast_offshore_wind_generation,Wind Offshore,2026-09-12T19:27:36Z
2026-09-12T19:25:15Z,2026-09-12T21:25:15+0200,4e75698a-a1c7-49b7-b450-41a0b03d3474,2026-09-09T08:30:00Z,2026-09-09T10:30:00+0200,1271.0,MW,NL,NL,forecast_offshore_wind_generation,Wind Offshore,2026-09-12T19:27:36Z
2026-09-12T19:25:15Z,2026-09-12T21:25:15+0200,4e75698a-a1c7-49b7-b450-41a0b03d3474,2026-09-09T08:45:00Z,2026-09-09T10:45:00+0200,1277.0,MW,NL,NL,forecast_offshore_wind_generation,Wind Offshore,2026-09-12T19:27:36Z
2026-09-12T19:25:15Z,2026-09-12T21:25:15+0200,4e75698a-a1c7-49b7-b450-41a0b03d3474,2026-09-09T09:00:00Z,2026-09-09T11:00:00+0200,1284.0,MW,NL,NL,forecast_offshore_wind_generation,Wind Offshore,2026-09-12T19:27:36Z
2026-09-12T19:25:15Z,2026-09-12T21:25:15+0200,4e75698a-a1c7-49b7-b450-41a0b03d3474,2026-09-09T09:15:00Z,2026-09-09T11:15:00+0200,1281.0,MW,NL,NL,forecast_offshore_wind_generation,Wind Offshore,2026-09-12T19:27:36Z
2026-09-12T19:25:15Z,2026-09-12T21:25:15+0200,4e75698a-a1c7-49b7-b450-41a0b03d3474,2026-09-09T09:30:00Z,2026-09-09T11:30:00+0200,1268.0,MW,NL,NL,forecast_offshore_wind_generation,Wind Offshore,2026-09-12T19:27:36Z
2026-09-12T19:25:15Z,2026-09-12T21:25:15+0200,4e75698a-a1c7-49b7-b450-41a0b03d3474,2026-09-09T09:45:00Z,2026-09-09T11:45:00+0200,1256.0,MW,NL,NL,forecast_offshore_wind_generation,Wind Offshore,2026-09-12T19:27:36Z
2026-09-12T19:25:15Z,2026-09-12T21:25:15+0200,4e75698a-a1c7-49b7-b450-41a0b03d3474,2026-09-09T10:00:00Z,2026-09-09T12:00:00+0200,1243.0,MW,NL,NL,forecast_offshore_wind_generation,Wind Offshore,2026-09-12T19:27:36Z
2026-09-12T19:25:15Z,2026-09-12T21:25:15+0200,4e75698a-a1c7-49b7-b450-41a0b03d3474,2026-09-09T10:15:00Z,2026-09-09T12:15:00+0200,1232.0,MW,NL,NL,forecast_offshore_wind_generation,Wind Offshore,2026-09-12T19:27:36Z
2026-09-12T19:25:15Z,2026-09-12T21:25:15+0200,4e75698a-a1c7-49b7-b450-41a0b03d3474,2026-09-09T10:30:00Z,2026-09-09T12:30:00+0200,1222.0,MW,NL,NL,forecast_offshore_wind_generation,Wind Offshore,2026-09-12T19:27:36Z
2026-09-12T19:25:15Z,2026-09-12T21:25:15+0200,4e75698a-a1c7-49b7-b450-41a0b03d3474,2026-09-09T10:45:00Z,2026-09-09T12:45:00+0200,1212.0,MW,NL,NL,forecast_offshore_wind_generation,Wind Offshore,2026-09-12T19:27:36Z
2026-09-12T19:25:15Z,2026-09-12T21:25:15+0200,4e75698a-a1c7-49b7-b450-41a0b03d3474,2026-09-09T11:00:00Z,2026-09-09T13:00:00+0200,1203.0,MW,NL,NL,forecast_offshore_wind_generation,Wind Offshore,2026-09-12T19:27:36Z
2026-09-12T19:25:15Z,2026-09-12T21:25:15+0200,4e75698a-a1c7-49b7-b450-41a0b03d3474,2026-09-09T11:15:00Z,2026-09-09T13:15:00+0200,1193.0,MW,NL,NL,forecast_offshore_wind_generation,Wind Offshore,2026-09-12T19:27:36Z
2026-09-12T19:25:15Z,2026-09-12T21:25:15+0200,4e75698a-a1c7-49b7-b450-41a0b03d3474,2026-09-09T11:30:00Z,2026-09-09T13:30:00+0200,1184.0,MW,NL,NL,forecast_offshore_wind_generation,Wind Offshore,2026-09-12T19:27:36Z
2026-09-12T19:25:15Z,2026-09-12T21:25:15+0200,4e75698a-a1c7-49b7-b450-41a0b03d3474,2026-09-09T11:45:00Z,2026-09-09T13:45:00+0200,1175.0,MW,NL,NL,forecast_offshore_wind_generation,Wind Offshore,2026-09-12T19:27:36Z
2026-09-12T19:25:15Z,2026-09-12T21:25:15+0200,4e75698a-a1c7-49b7-b450-41a0b03d3474,2026-09-09T12:00:00Z,2026-09-09T14:00:00+0200,1166.0,MW,NL,NL,forecast_offshore_wind_generation,Wind Offshore,2026-09-12T19:27:36Z
2026-09-12T19:25:15Z,2026-09-12T21:25:15+0200,4e75698a-a1c7-49b7-b450-41a0b03d3474,2026-09-09T12:15:00Z,2026-09-09T14:15:00+0200,1160.0,MW,NL,NL,forecast_offshore_wind_generation,Wind Offshore,2026-09-12T19:27:36Z
2026-09-12T19:25:15Z,2026-09-12T21:25:15+0200,4e75698a-a1c7-49b7-b450-41a0b03d3474,2026-09-09T12:30:00Z,2026-09-09T14:30:00+0200,1156.0,MW,NL,NL,forecast_offshore_wind_generation,Wind Offshore,2026-09-12T19:27:36Z
2026-09-12T19:25:15Z,2026-09-12T21:25:15+0200,4e75698a-a1c7-49b7-b450-41a0b03d3474,2026-09-09T12:45:00Z,2026-09-09T14:45:00+0200,1151.0,MW,NL,NL,forecast_offshore_wind_generation,Wind Offshore,2026-09-12T19:27:36Z
2026-09-12T19:25:15Z,2026-09-12T21:25:15+0200,4e75698a-a1c7-49b7-b450-41a0b03d3474,2026-09-09T13:00:00Z,2026-09-09T15:00:00+0200,1147.0,MW,NL,NL,forecast_offshore_wind_generation,Wind Offshore,2026-09-12T19:27:36Z
2026-09-12T19:25:15Z,2026-09-12T21:25:15+0200,4e75698a-a1c7-49b7-b450-41a0b03d3474,2026-09-09T13:15:00Z,2026-09-09T15:15:00+0200,1144.0,MW,NL,NL,forecast_offshore_wind_generation,Wind Offshore,2026-09-12T19:27:36Z
2026-09-12T19:25:15Z,2026-09-12T21:25:15+0200,4e75698a-a1c7-49b7-b450-41a0b03d3474,2026-09-09T13:30:00Z,2026-09-09T15:30:00+0200,1142.0,MW,NL,NL,forecast_offshore_wind_generation,Wind Offshore,2026-09-12T19:27:36Z
2026-09-12T19:25:15Z,2026-09-12T21:25:15+0200,4e75698a-a1c7-49b7-b450-41a0b03d3474,2026-09-09T13:45:00Z,2026-09-09T15:45:00+0200,1140.0,MW,NL,NL,forecast_offshore_wind_generation,Wind Offshore,2026-09-12T19:27:36Z
2026-09-12T19:25:15Z,2026-09-12T21:25:15+0200,4e75698a-a1c7-49b7-b450-41a0b03d3474,2026-09-09T14:00:00Z,2026-09-09T16:00:00+0200,1138.0,MW,NL,NL,forecast_offshore_wind_generation,Wind Offshore,2026-09-12T19:27:36Z
2026-09-12T19:25:15Z,2026-09-12T21:25:15+0200,4e75698a-a1c7-49b7-b450-41a0b03d3474,2026-09-09T14:15:00Z,2026-09-09T16:15:00+0200,1136.0,MW,NL,NL,forecast_offshore_wind_generation,Wind Offshore,2026-09-12T19:27:36Z
2026-09-12T19:25:15Z,2026-09-12T21:25:15+0200,4e75698a-a1c7-49b7-b450-41a0b03d3474,2026-09-09T14:30:00Z,2026-09-09T16:30:00+0200,1135.0,MW,NL,NL,forecast_offshore_wind_generation,Wind Offshore,2026-09-12T19:27:36Z
2026-09-12T19:25:15Z,2026-09-12T21:25:15+0200,4e75698a-a1c7-49b7-b450-41a0b03d3474,2026-09-09T14:45:00Z,2026-09-09T16:45:00+0200,1135.0,MW,NL,NL,forecast_offshore_wind_generation,Wind Offshore,2026-09-12T19:27:36Z
2026-09-12T19:25:15Z,2026-09-12T21:25:15+0200,4e75698a-a1c7-49b7-b450-41a0b03d3474,2026-09-09T15:00:00Z,2026-09-09T17:00:00+0200,1134.0,MW,NL,NL,forecast_offshore_wind_generation,Wind Offshore,2026-09-12T19:27:36Z
2026-09-12T19:25:15Z,2026-09-12T21:25:15+0200,4e75698a-a1c7-49b7-b450-41a0b03d3474,2026-09-09T15:15:00Z,2026-09-09T17:15:00+0200,1132.0,MW,NL,NL,forecast_offshore_wind_generation,Wind Offshore,2026-09-12T19:27:36Z
2026-09-12T19:25:15Z,2026-09-12T21:25:15+0200,4e75698a-a1c7-49b7-b450-41a0b03d3474,2026-09-09T15:30:00Z,2026-09-09T17:30:00+0200,1129.0,MW,NL,NL,forecast_offshore_wind_generation,Wind Offshore,2026-09-12T19:27:36Z
2026-09-12T19:25:15Z,2026-09-12T21:25:15+0200,4e75698a-a1c7-49b7-b450-41a0b03d3474,2026-09-09T15:45:00Z,2026-09-09T17:45:00+0200,1126.0,MW,NL,NL,forecast_offshore_wind_generation,Wind Offshore,2026-09-12T19:27:36Z
2026-09-12T19:25:15Z,2026-09-12T21:25:15+0200,4e75698a-a1c7-49b7-b450-41a0b03d3474,2026-09-09T16:00:00Z,2026-09-09T18:00:00+0200,1123.0,MW,NL,NL,forecast_offshore_wind_generation,Wind Offshore,2026-09-12T19:27:36Z
2026-09-12T19:25:15Z,2026-09-12T21:25:15+0200,4e75698a-a1c7-49b7-b450-41a0b03d3474,2026-09-09T16:15:00Z,2026-09-09T18:15:00+0200,1110.0,MW,NL,NL,forecast_offshore_wind_generation,Wind Offshore,2026-09-12T19:27:36Z
2026-09-12T19:25:15Z,2026-09-12T21:25:15+0200,4e75698a-a1c7-49b7-b450-41a0b03d3474,2026-09-09T16:30:00Z,2026-09-09T18:30:00+0200,1088.0,MW,NL,NL,forecast_offshore_wind_generation,Wind Offshore,2026-09-12T19:27:36Z
2026-09-12T19:25:15Z,2026-09-12T21:25:15+0200,4e75698a-a1c7-49b7-b450-41a0b03d3474,2026-09-09T16:45:00Z,2026-09-09T18:45:00+0200,1065.0,MW,NL,NL,forecast_offshore_wind_generation,Wind Offshore,2026-09-12T19:27:36Z
2026-09-12T19:25:15Z,2026-09-12T21:25:15+0200,4e75698a-a1c7-49b7-b450-41a0b03d3474,2026-09-09T17:00:00Z,2026-09-09T19:00:00+0200,1043.0,MW,NL,NL,forecast_offshore_wind_generation,Wind Offshore,2026-09-12T19:27:36Z
2026-09-12T19:25:15Z,2026-09-12T21:25:15+0200,4e75698a-a1c7-49b7-b450-41a0b03d3474,2026-09-09T17:15:00Z,2026-09-09T19:15:00+0200,1013.0,MW,NL,NL,forecast_offshore_wind_generation,Wind Offshore,2026-09-12T19:27:36Z
2026-09-12T19:25:15Z,2026-09-12T21:25:15+0200,4e75698a-a1c7-49b7-b450-41a0b03d3474,2026-09-09T17:30:00Z,2026-09-09T19:30:00+0200,976.0,MW,NL,NL,forecast_offshore_wind_generation,Wind Offshore,2026-09-12T19:27:36Z
2026-09-12T19:25:15Z,2026-09-12T21:25:15+0200,4e75698a-a1c7-49b7-b450-41a0b03d3474,2026-09-09T17:45:00Z,2026-09-09T19:45:00+0200,939.0,MW,NL,NL,forecast_offshore_wind_generation,Wind Offshore,2026-09-12T19:27:36Z
2026-09-12T19:25:15Z,2026-09-12T21:25:15+0200,4e75698a-a1c7-49b7-b450-41a0b03d3474,2026-09-09T18:00:00Z,2026-09-09T20:00:00+0200,902.0,MW,NL,NL,forecast_offshore_wind_generation,Wind Offshore,2026-09-12T19:27:36Z
2026-09-12T19:25:15Z,2026-09-12T21:25:15+0200,4e75698a-a1c7-49b7-b450-41a0b03d3474,2026-09-09T18:15:00Z,2026-09-09T20:15:00+0200,868.0,MW,NL,NL,forecast_offshore_wind_generation,Wind Offshore,2026-09-12T19:27:36Z
2026-09-12T19:25:15Z,2026-09-12T21:25:15+0200,4e75698a-a1c7-49b7-b450-41a0b03d3474,2026-09-09T18:30:00Z,2026-09-09T20:30:00+0200,837.0,MW,NL,NL,forecast_offshore_wind_generation,Wind Offshore,2026-09-12T19:27:36Z
2026-09-12T19:25:15Z,2026-09-12T21:25:15+0200,4e75698a-a1c7-49b7-b450-41a0b03d3474,2026-09-09T18:45:00Z,2026-09-09T20:45:00+0200,806.0,MW,NL,NL,forecast_offshore_wind_generation,Wind Offshore,2026-09-12T19:27:36Z
2026-09-12T19:25:15Z,2026-09-12T21:25:15+0200,4e75698a-a1c7-49b7-b450-41a0b03d3474,2026-09-09T19:00:00Z,2026-09-09T21:00:00+0200,775.0,MW,NL,NL,forecast_offshore_wind_generation,Wind Offshore,2026-09-12T19:27:36Z
2026-09-12T19:25:15Z,2026-09-12T21:25:15+0200,4e75698a-a1c7-49b7-b450-41a0b03d3474,2026-09-09T19:15:00Z,2026-09-09T21:15:00+0200,752.0,MW,NL,NL,forecast_offshore_wind_generation,Wind Offshore,2026-09-12T19:27:36Z
2026-09-12T19:25:15Z,2026-09-12T21:25:15+0200,4e75698a-a1c7-49b7-b450-41a0b03d3474,2026-09-09T19:30:00Z,2026-09-09T21:30:00+0200,736.0,MW,NL,NL,forecast_offshore_wind_generation,Wind Offshore,2026-09-12T19:27:36Z
2026-09-12T19:25:15Z,2026-09-12T21:25:15+0200,4e75698a-a1c7-49b7-b450-41a0b03d3474,2026-09-09T19:45:00Z,2026-09-09T21:45:00+0200,720.0,MW,NL,NL,forecast_offshore_wind_generation,Wind Offshore,2026-09-12T19:27:36Z
2026-09-12T19:25:15Z,2026-09-12T21:25:15+0200,4e75698a-a1c7-49b7-b450-41a0b03d3474,2026-09-09T20:00:00Z,2026-09-09T22:00:00+0200,705.0,MW,NL,NL,forecast_offshore_wind_generation,Wind Offshore,2026-09-12T19:27:36Z
2026-09-12T19:25:15Z,2026-09-12T21:25:15+0200,4e75698a-a1c7-49b7-b450-41a0b03d3474,2026-09-09T20:15:00Z,2026-09-09T22:15:00+0200,679.0,MW,NL,NL,forecast_offshore_wind_generation,Wind Offshore,2026-09-12T19:27:36Z
2026-09-12T19:25:15Z,2026-09-12T21:25:15+0200,4e75698a-a1c7-49b7-b450-41a0b03d3474,2026-09-09T20:30:00Z,2026-09-09T22:30:00+0200,644.0,MW,NL,NL,forecast_offshore_wind_generation,Wind Offshore,2026-09-12T19:27:36Z
2026-09-12T19:25:15Z,2026-09-12T21:25:15+0200,4e75698a-a1c7-49b7-b450-41a0b03d3474,2026-09-09T20:45:00Z,2026-09-09T22:45:00+0200,608.0,MW,NL,NL,forecast_offshore_wind_generation,Wind Offshore,2026-09-12T19:27:36Z
2026-09-12T19:25:15Z,2026-09-12T21:25:15+0200,4e75698a-a1c7-49b7-b450-41a0b03d3474,2026-09-09T21:00:00Z,2026-09-09T23:00:00+0200,573.0,MW,NL,NL,forecast_offshore_wind_generation,Wind Offshore,2026-09-12T19:27:36Z
2026-09-12T19:25:15Z,2026-09-12T21:25:15+0200,4e75698a-a1c7-49b7-b450-41a0b03d3474,2026-09-09T21:15:00Z,2026-09-09T23:15:00+0200,536.0,MW,NL,NL,forecast_offshore_wind_generation,Wind Offshore,2026-09-12T19:27:36Z
2026-09-12T19:25:15Z,2026-09-12T21:25:15+0200,4e75698a-a1c7-49b7-b450-41a0b03d3474,2026-09-09T21:30:00Z,2026-09-09T23:30:00+0200,499.0,MW,NL,NL,forecast_offshore_wind_generation,Wind Offshore,2026-09-12T19:27:36Z
2026-09-12T19:25:15Z,2026-09-12T21:25:15+0200,4e75698a-a1c7-49b7-b450-41a0b03d3474,2026-09-09T21:45:00Z,2026-09-09T23:45:00+0200,461.0,MW,NL,NL,forecast_offshore_wind_generation,Wind Offshore,2026-09-12T19:27:36Z
2026-09-12T19:25:15Z,2026-09-12T21:25:15+0200,4e75698a-a1c7-49b7-b450-41a0b03d3474,2026-09-09T22:00:00Z,2026-09-10T00:00:00+0200,205.0,MW,NL,NL,forecast_offshore_wind_generation,Wind Offshore,2026-09-12T19:27:36Z
2026-09-12T19:25:15Z,2026-09-12T21:25:15+0200,4e75698a-a1c7-49b7-b450-41a0b03d3474,2026-09-09T22:15:00Z,2026-09-10T00:15:00+0200,188.0,MW,NL,NL,forecast_offshore_wind_generation,Wind Offshore,2026-09-12T19:27:36Z
2026-09-12T19:25:15Z,2026-09-12T21:25:15+0200,4e75698a-a1c7-49b7-b450-41a0b03d3474,2026-09-09T22:30:00Z,2026-09-10T00:30:00+0200,176.0,MW,NL,NL,forecast_offshore_wind_generation,Wind Offshore,2026-09-12T19:27:36Z
2026-09-12T19:25:15Z,2026-09-12T21:25:15+0200,4e75698a-a1c7-49b7-b450-41a0b03d3474,2026-09-09T22:45:00Z,2026-09-10T00:45:00+0200,165.0,MW,NL,NL,forecast_offshore_wind_generation,Wind Offshore,2026-09-12T19:27:36Z
2026-09-12T19:25:15Z,2026-09-12T21:25:15+0200,4e75698a-a1c7-49b7-b450-41a0b03d3474,2026-09-09T23:00:00Z,2026-09-10T01:00:00+0200,153.0,MW,NL,NL,forecast_offshore_wind_generation,Wind Offshore,2026-09-12T19:27:36Z
2026-09-12T19:25:15Z,2026-09-12T21:25:15+0200,4e75698a-a1c7-49b7-b450-41a0b03d3474,2026-09-09T23:15:00Z,2026-09-10T01:15:00+0200,146.0,MW,NL,NL,forecast_offshore_wind_generation,Wind Offshore,2026-09-12T19:27:36Z
2026-09-12T19:25:15Z,2026-09-12T21:25:15+0200,4e75698a-a1c7-49b7-b450-41a0b03d3474,2026-09-09T23:30:00Z,2026-09-10T01:30:00+0200,144.0,MW,NL,NL,forecast_offshore_wind_generation,Wind Offshore,2026-09-12T19:27:36Z
2026-09-12T19:25:15Z,2026-09-12T21:25:15+0200,4e75698a-a1c7-49b7-b450-41a0b03d3474,2026-09-09T23:45:00Z,2026-09-10T01:45:00+0200,141.0,MW,NL,NL,forecast_offshore_wind_generation,Wind Offshore,2026-09-12T19:27:36Z
2026-09-12T19:25:15Z,2026-09-12T21:25:15+0200,4e75698a-a1c7-49b7-b450-41a0b03d3474,2026-09-10T00:00:00Z,2026-09-10T02:00:00+0200,139.0,MW,NL,NL,forecast_offshore_wind_generation,Wind Offshore,2026-09-12T19:27:36Z
2026-09-12T19:25:15Z,2026-09-12T21:25:15+0200,4e75698a-a1c7-49b7-b450-41a0b03d3474,2026-09-10T00:15:00Z,2026-09-10T02:15:00+0200,137.0,MW,NL,NL,forecast_offshore_wind_generation,Wind Offshore,2026-09-12T19:27:36Z
2026-09-12T19:25:15Z,2026-09-12T21:25:15+0200,4e75698a-a1c7-49b7-b450-41a0b03d3474,2026-09-10T00:30:00Z,2026-09-10T02:30:00+0200,134.0,MW,NL,NL,forecast_offshore_wind_generation,Wind Offshore,2026-09-12T19:27:36Z
2026-09-12T19:25:15Z,2026-09-12T21:25:15+0200,4e75698a-a1c7-49b7-b450-41a0b03d3474,2026-09-10T00:45:00Z,2026-09-10T02:45:00+0200,132.0,MW,NL,NL,forecast_offshore_wind_generation,Wind Offshore,2026-09-12T19:27:36Z
2026-09-12T19:25:15Z,2026-09-12T21:25:15+0200,4e75698a-a1c7-49b7-b450-41a0b03d3474,2026-09-10T01:00:00Z,2026-09-10T03:00:00+0200,130.0,MW,NL,NL,forecast_offshore_wind_generation,Wind Offshore,2026-09-12T19:27:36Z
2026-09-12T19:25:15Z,2026-09-12T21:25:15+0200,4e75698a-a1c7-49b7-b450-41a0b03d3474,2026-09-10T01:15:00Z,2026-09-10T03:15:00+0200,127.0,MW,NL,NL,forecast_offshore_wind_generation,Wind Offshore,2026-09-12T19:27:36Z
2026-09-12T19:25:15Z,2026-09-12T21:25:15+0200,4e75698a-a1c7-49b7-b450-41a0b03d3474,2026-09-10T01:30:00Z,2026-09-10T03:30:00+0200,124.0,MW,NL,NL,forecast_offshore_wind_generation,Wind Offshore,2026-09-12T19:27:36Z
2026-09-12T19:25:15Z,2026-09-12T21:25:15+0200,4e75698a-a1c7-49b7-b450-41a0b03d3474,2026-09-10T01:45:00Z,2026-09-10T03:45:00+0200,121.0,MW,NL,NL,forecast_offshore_wind_generation,Wind Offshore,2026-09-12T19:27:36Z
2026-09-12T19:25:15Z,2026-09-12T21:25:15+0200,4e75698a-a1c7-49b7-b450-41a0b03d3474,2026-09-10T02:00:00Z,2026-09-10T04:00:00+0200,118.0,MW,NL,NL,forecast_offshore_wind_generation,Wind Offshore,2026-09-12T19:27:36Z
2026-09-12T19:25:15Z,2026-09-12T21:25:15+0200,4e75698a-a1c7-49b7-b450-41a0b03d3474,2026-09-10T02:15:00Z,2026-09-10T04:15:00+0200,116.0,MW,NL,NL,forecast_offshore_wind_generation,Wind Offshore,2026-09-12T19:27:36Z
2026-09-12T19:25:15Z,2026-09-12T21:25:15+0200,4e75698a-a1c7-49b7-b450-41a0b03d3474,2026-09-10T02:30:00Z,2026-09-10T04:30:00+0200,115.0,MW,NL,NL,forecast_offshore_wind_generation,Wind Offshore,2026-09-12T19:27:36Z
2026-09-12T19:25:15Z,2026-09-12T21:25:15+0200,4e75698a-a1c7-49b7-b450-41a0b03d3474,2026-09-10T02:45:00Z,2026-09-10T04:45:00+0200,114.0,MW,NL,NL,forecast_offshore_wind_generation,Wind Offshore,2026-09-12T19:27:36Z
2026-09-12T19:25:15Z,2026-09-12T21:25:15+0200,4e75698a-a1c7-49b7-b450-41a0b03d3474,2026-09-10T03:00:00Z,2026-09-10T05:00:00+0200,113.0,MW,NL,NL,forecast_offshore_wind_generation,Wind Offshore,2026-09-12T19:27:36Z
2026-09-12T19:25:15Z,2026-09-12T21:25:15+0200,4e75698a-a1c7-49b7-b450-41a0b03d3474,2026-09-10T03:15:00Z,2026-09-10T05:15:00+0200,111.0,MW,NL,NL,forecast_offshore_wind_generation,Wind Offshore,2026-09-12T19:27:36Z
2026-09-12T19:25:15Z,2026-09-12T21:25:15+0200,4e75698a-a1c7-49b7-b450-41a0b03d3474,2026-09-10T03:30:00Z,2026-09-10T05:30:00+0200,110.0,MW,NL,NL,forecast_offshore_wind_generation,Wind Offshore,2026-09-12T19:27:36Z
2026-09-12T19:25:15Z,2026-09-12T21:25:15+0200,4e75698a-a1c7-49b7-b450-41a0b03d3474,2026-09-10T03:45:00Z,2026-09-10T05:45:00+0200,108.0,MW,NL,NL,forecast_offshore_wind_generation,Wind Offshore,2026-09-12T19:27:36Z
2026-09-12T19:25:15Z,2026-09-12T21:25:15+0200,4e75698a-a1c7-49b7-b450-41a0b03d3474,2026-09-10T04:00:00Z,2026-09-10T06:00:00+0200,106.0,MW,NL,NL,forecast_offshore_wind_generation,Wind Offshore,2026-09-12T19:27:36Z
2026-09-12T19:25:15Z,2026-09-12T21:25:15+0200,4e75698a-a1c7-49b7-b450-41a0b03d3474,2026-09-10T04:15:00Z,2026-09-10T06:15:00+0200,106.0,MW,NL,NL,forecast_offshore_wind_generation,Wind Offshore,2026-09-12T19:27:36Z
2026-09-12T19:25:15Z,2026-09-12T21:25:15+0200,4e75698a-a1c7-49b7-b450-41a0b03d3474,2026-09-10T04:30:00Z,2026-09-10T06:30:00+0200,109.0,MW,NL,NL,forecast_offshore_wind_generation,Wind Offshore,2026-09-12T19:27:36Z
2026-09-12T19:25:15Z,2026-09-12T21:25:15+0200,4e75698a-a1c7-49b7-b450-41a0b03d3474,2026-09-10T04:45:00Z,2026-09-10T06:45:00+0200,111.0,MW,NL,NL,forecast_offshore_wind_generation,Wind Offshore,2026-09-12T19:27:36Z
2026-09-12T19:25:15Z,2026-09-12T21:25:15+0200,4e75698a-a1c7-49b7-b450-41a0b03d3474,2026-09-10T05:00:00Z,2026-09-10T07:00:00+0200,113.0,MW,NL,NL,forecast_offshore_wind_generation,Wind Offshore,2026-09-12T19:27:36Z
2026-09-12T19:25:15Z,2026-09-12T21:25:15+0200,4e75698a-a1c7-49b7-b450-41a0b03d3474,2026-09-10T05:15:00Z,2026-09-10T07:15:00+0200,116.0,MW,NL,NL,forecast_offshore_wind_generation,Wind Offshore,2026-09-12T19:27:36Z
2026-09-12T19:25:15Z,2026-09-12T21:25:15+0200,4e75698a-a1c7-49b7-b450-41a0b03d3474,2026-09-10T05:30:00Z,2026-09-10T07:30:00+0200,118.0,MW,NL,NL,forecast_offshore_wind_generation,Wind Offshore,2026-09-12T19:27:36Z
2026-09-12T19:25:15Z,2026-09-12T21:25:15+0200,4e75698a-a1c7-49b7-b450-41a0b03d3474,2026-09-10T05:45:00Z,2026-09-10T07:45:00+0200,121.0,MW,NL,NL,forecast_offshore_wind_generation,Wind Offshore,2026-09-12T19:27:36Z
2026-09-12T19:25:15Z,2026-09-12T21:25:15+0200,4e75698a-a1c7-49b7-b450-41a0b03d3474,2026-09-10T06:00:00Z,2026-09-10T08:00:00+0200,124.0,MW,NL,NL,forecast_offshore_wind_generation,Wind Offshore,2026-09-12T19:27:36Z
2026-09-12T19:25:15Z,2026-09-12T21:25:15+0200,4e75698a-a1c7-49b7-b450-41a0b03d3474,2026-09-10T06:15:00Z,2026-09-10T08:15:00+0200,124.0,MW,NL,NL,forecast_offshore_wind_generation,Wind Offshore,2026-09-12T19:27:36Z
2026-09-12T19:25:15Z,2026-09-12T21:25:15+0200,4e75698a-a1c7-49b7-b450-41a0b03d3474,2026-09-10T06:30:00Z,2026-09-10T08:30:00+0200,122.0,MW,NL,NL,forecast_offshore_wind_generation,Wind Offshore,2026-09-12T19:27:36Z
2026-09-12T19:25:15Z,2026-09-12T21:25:15+0200,4e75698a-a1c7-49b7-b450-41a0b03d3474,2026-09-10T06:45:00Z,2026-09-10T08:45:00+0200,119.0,MW,NL,NL,forecast_offshore_wind_generation,Wind Offshore,2026-09-12T19:27:36Z
2026-09-12T19:25:15Z,2026-09-12T21:25:15+0200,4e75698a-a1c7-49b7-b450-41a0b03d3474,2026-09-10T07:00:00Z,2026-09-10T09:00:00+0200,117.0,MW,NL,NL,forecast_offshore_wind_generation,Wind Offshore,2026-09-12T19:27:36Z
2026-09-12T19:25:15Z,2026-09-12T21:25:15+0200,4e75698a-a1c7-49b7-b450-41a0b03d3474,2026-09-10T07:15:00Z,2026-09-10T09:15:00+0200,114.0,MW,NL,NL,forecast_offshore_wind_generation,Wind Offshore,2026-09-12T19:27:36Z
2026-09-12T19:25:15Z,2026-09-12T21:25:15+0200,4e75698a-a1c7-49b7-b450-41a0b03d3474,2026-09-10T07:30:00Z,2026-09-10T09:30:00+0200,110.0,MW,NL,NL,forecast_offshore_wind_generation,Wind Offshore,2026-09-12T19:27:36Z
2026-09-12T19:25:15Z,2026-09-12T21:25:15+0200,4e75698a-a1c7-49b7-b450-41a0b03d3474,2026-09-10T07:45:00Z,2026-09-10T09:45:00+0200,107.0,MW,NL,NL,forecast_offshore_wind_generation,Wind Offshore,2026-09-12T19:27:36Z
2026-09-12T19:25:15Z,2026-09-12T21:25:15+0200,4e75698a-a1c7-49b7-b450-41a0b03d3474,2026-09-10T08:00:00Z,2026-09-10T10:00:00+0200,103.0,MW,NL,NL,forecast_offshore_wind_generation,Wind Offshore,2026-09-12T19:27:36Z
2026-09-12T19:25:15Z,2026-09-12T21:25:15+0200,4e75698a-a1c7-49b7-b450-41a0b03d3474,2026-09-10T08:15:00Z,2026-09-10T10:15:00+0200,100.0,MW,NL,NL,forecast_offshore_wind_generation,Wind Offshore,2026-09-12T19:27:36Z
2026-09-12T19:25:15Z,2026-09-12T21:25:15+0200,4e75698a-a1c7-49b7-b450-41a0b03d3474,2026-09-10T08:30:00Z,2026-09-10T10:30:00+0200,97.0,MW,NL,NL,forecast_offshore_wind_generation,Wind Offshore,2026-09-12T19:27:36Z
2026-09-12T19:25:15Z,2026-09-12T21:25:15+0200,4e75698a-a1c7-49b7-b450-41a0b03d3474,2026-09-10T08:45:00Z,2026-09-10T10:45:00+0200,94.0,MW,NL,NL,forecast_offshore_wind_generation,Wind Offshore,2026-09-12T19:27:36Z
2026-09-12T19:25:15Z,2026-09-12T21:25:15+0200,4e75698a-a1c7-49b7-b450-41a0b03d3474,2026-09-10T09:00:00Z,2026-09-10T11:00:00+0200,91.0,MW,NL,NL,forecast_offshore_wind_generation,Wind Offshore,2026-09-12T19:27:36Z
2026-09-12T19:25:15Z,2026-09-12T21:25:15+0200,4e75698a-a1c7-49b7-b450-41a0b03d3474,2026-09-10T09:15:00Z,2026-09-10T11:15:00+0200,93.0,MW,NL,NL,forecast_offshore_wind_generation,Wind Offshore,2026-09-12T19:27:36Z
2026-09-12T19:25:15Z,2026-09-12T21:25:15+0200,4e75698a-a1c7-49b7-b450-41a0b03d3474,2026-09-10T09:30:00Z,2026-09-10T11:30:00+0200,101.0,MW,NL,NL,forecast_offshore_wind_generation,Wind Offshore,2026-09-12T19:27:36Z
2026-09-12T19:25:15Z,2026-09-12T21:25:15+0200,4e75698a-a1c7-49b7-b450-41a0b03d3474,2026-09-10T09:45:00Z,2026-09-10T11:45:00+0200,108.0,MW,NL,NL,forecast_offshore_wind_generation,Wind Offshore,2026-09-12T19:27:36Z
2026-09-12T19:25:15Z,2026-09-12T21:25:15+0200,4e75698a-a1c7-49b7-b450-41a0b03d3474,2026-09-10T10:00:00Z,2026-09-10T12:00:00+0200,116.0,MW,NL,NL,forecast_offshore_wind_generation,Wind Offshore,2026-09-12T19:27:36Z
2026-09-12T19:25:15Z,2026-09-12T21:25:15+0200,4e75698a-a1c7-49b7-b450-41a0b03d3474,2026-09-10T10:15:00Z,2026-09-10T12:15:00+0200,131.0,MW,NL,NL,forecast_offshore_wind_generation,Wind Offshore,2026-09-12T19:27:36Z
2026-09-12T19:25:15Z,2026-09-12T21:25:15+0200,4e75698a-a1c7-49b7-b450-41a0b03d3474,2026-09-10T10:30:00Z,2026-09-10T12:30:00+0200,153.0,MW,NL,NL,forecast_offshore_wind_generation,Wind Offshore,2026-09-12T19:27:36Z
2026-09-12T19:25:15Z,2026-09-12T21:25:15+0200,4e75698a-a1c7-49b7-b450-41a0b03d3474,2026-09-10T10:45:00Z,2026-09-10T12:45:00+0200,175.0,MW,NL,NL,forecast_offshore_wind_generation,Wind Offshore,2026-09-12T19:27:36Z
2026-09-12T19:25:15Z,2026-09-12T21:25:15+0200,4e75698a-a1c7-49b7-b450-41a0b03d3474,2026-09-10T11:00:00Z,2026-09-10T13:00:00+0200,197.0,MW,NL,NL,forecast_offshore_wind_generation,Wind Offshore,2026-09-12T19:27:36Z
2026-09-12T19:25:15Z,2026-09-12T21:25:15+0200,4e75698a-a1c7-49b7-b450-41a0b03d3474,2026-09-10T11:15:00Z,2026-09-10T13:15:00+0200,220.0,MW,NL,NL,forecast_offshore_wind_generation,Wind Offshore,2026-09-12T19:27:36Z
2026-09-12T19:25:15Z,2026-09-12T21:25:15+0200,4e75698a-a1c7-49b7-b450-41a0b03d3474,2026-09-10T11:30:00Z,2026-09-10T13:30:00+0200,243.0,MW,NL,NL,forecast_offshore_wind_generation,Wind Offshore,2026-09-12T19:27:36Z
2026-09-12T19:25:15Z,2026-09-12T21:25:15+0200,4e75698a-a1c7-49b7-b450-41a0b03d3474,2026-09-10T11:45:00Z,2026-09-10T13:45:00+0200,266.0,MW,NL,NL,forecast_offshore_wind_generation,Wind Offshore,2026-09-12T19:27:36Z
2026-09-12T19:25:15Z,2026-09-12T21:25:15+0200,4e75698a-a1c7-49b7-b450-41a0b03d3474,2026-09-10T12:00:00Z,2026-09-10T14:00:00+0200,289.0,MW,NL,NL,forecast_offshore_wind_generation,Wind Offshore,2026-09-12T19:27:36Z
2026-09-12T19:25:15Z,2026-09-12T21:25:15+0200,4e75698a-a1c7-49b7-b450-41a0b03d3474,2026-09-10T12:15:00Z,2026-09-10T14:15:00+0200,301.0,MW,NL,NL,forecast_offshore_wind_generation,Wind Offshore,2026-09-12T19:27:36Z
2026-09-12T19:25:15Z,2026-09-12T21:25:15+0200,4e75698a-a1c7-49b7-b450-41a0b03d3474,2026-09-10T12:30:00Z,2026-09-10T14:30:00+0200,303.0,MW,NL,NL,forecast_offshore_wind_generation,Wind Offshore,2026-09-12T19:27:36Z
2026-09-12T19:25:15Z,2026-09-12T21:25:15+0200,4e75698a-a1c7-49b7-b450-41a0b03d3474,2026-09-10T12:45:00Z,2026-09-10T14:45:00+0200,305.0,MW,NL,NL,forecast_offshore_wind_generation,Wind Offshore,2026-09-12T19:27:36Z
2026-09-12T19:25:15Z,2026-09-12T21:25:15+0200,4e75698a-a1c7-49b7-b450-41a0b03d3474,2026-09-10T13:00:00Z,2026-09-10T15:00:00+0200,307.0,MW,NL,NL,forecast_offshore_wind_generation,Wind Offshore,2026-09-12T19:27:36Z
2026-09-12T19:25:15Z,2026-09-12T21:25:15+0200,4e75698a-a1c7-49b7-b450-41a0b03d3474,2026-09-10T13:15:00Z,2026-09-10T15:15:00+0200,309.0,MW,NL,NL,forecast_offshore_wind_generation,Wind Offshore,2026-09-12T19:27:36Z
2026-09-12T19:25:15Z,2026-09-12T21:25:15+0200,4e75698a-a1c7-49b7-b450-41a0b03d3474,2026-09-10T13:30:00Z,2026-09-10T15:30:00+0200,311.0,MW,NL,NL,forecast_offshore_wind_generation,Wind Offshore,2026-09-12T19:27:36Z
2026-09-12T19:25:15Z,2026-09-12T21:25:15+0200,4e75698a-a1c7-49b7-b450-41a0b03d3474,2026-09-10T13:45:00Z,2026-09-10T15:45:00+0200,313.0,MW,NL,NL,forecast_offshore_wind_generation,Wind Offshore,2026-09-12T19:27:36Z
2026-09-12T19:25:15Z,2026-09-12T21:25:15+0200,4e75698a-a1c7-49b7-b450-41a0b03d3474,2026-09-10T14:00:00Z,2026-09-10T16:00:00+0200,315.0,MW,NL,NL,forecast_offshore_wind_generation,Wind Offshore,2026-09-12T19:27:36Z
2026-09-12T19:25:15Z,2026-09-12T21:25:15+0200,4e75698a-a1c7-49b7-b450-41a0b03d3474,2026-09-10T14:15:00Z,2026-09-10T16:15:00+0200,320.0,MW,NL,NL,forecast_offshore_wind_generation,Wind Offshore,2026-09-12T19:27:36Z
2026-09-12T19:25:15Z,2026-09-12T21:25:15+0200,4e75698a-a1c7-49b7-b450-41a0b03d3474,2026-09-10T14:30:00Z,2026-09-10T16:30:00+0200,326.0,MW,NL,NL,forecast_offshore_wind_generation,Wind Offshore,2026-09-12T19:27:36Z
2026-09-12T19:25:15Z,2026-09-12T21:25:15+0200,4e75698a-a1c7-49b7-b450-41a0b03d3474,2026-09-10T14:45:00Z,2026-09-10T16:45:00+0200,333.0,MW,NL,NL,forecast_offshore_wind_generation,Wind Offshore,2026-09-12T19:27:36Z
2026-09-12T19:25:15Z,2026-09-12T21:25:15+0200,4e75698a-a1c7-49b7-b450-41a0b03d3474,2026-09-10T15:00:00Z,2026-09-10T17:00:00+0200,340.0,MW,NL,NL,forecast_offshore_wind_generation,Wind Offshore,2026-09-12T19:27:36Z
2026-09-12T19:25:15Z,2026-09-12T21:25:15+0200,4e75698a-a1c7-49b7-b450-41a0b03d3474,2026-09-10T15:15:00Z,2026-09-10T17:15:00+0200,342.0,MW,NL,NL,forecast_offshore_wind_generation,Wind Offshore,2026-09-12T19:27:36Z
2026-09-12T19:25:15Z,2026-09-12T21:25:15+0200,4e75698a-a1c7-49b7-b450-41a0b03d3474,2026-09-10T15:30:00Z,2026-09-10T17:30:00+0200,340.0,MW,NL,NL,forecast_offshore_wind_generation,Wind Offshore,2026-09-12T19:27:36Z
2026-09-12T19:25:15Z,2026-09-12T21:25:15+0200,4e75698a-a1c7-49b7-b450-41a0b03d3474,2026-09-10T15:45:00Z,2026-09-10T17:45:00+0200,338.0,MW,NL,NL,forecast_offshore_wind_generation,Wind Offshore,2026-09-12T19:27:36Z
2026-09-12T19:25:15Z,2026-09-12T21:25:15+0200,4e75698a-a1c7-49b7-b450-41a0b03d3474,2026-09-10T16:00:00Z,2026-09-10T18:00:00+0200,336.0,MW,NL,NL,forecast_offshore_wind_generation,Wind Offshore,2026-09-12T19:27:36Z
2026-09-12T19:25:15Z,2026-09-12T21:25:15+0200,4e75698a-a1c7-49b7-b450-41a0b03d3474,2026-09-10T16:15:00Z,2026-09-10T18:15:00+0200,329.0,MW,NL,NL,forecast_offshore_wind_generation,Wind Offshore,2026-09-12T19:27:36Z
2026-09-12T19:25:15Z,2026-09-12T21:25:15+0200,4e75698a-a1c7-49b7-b450-41a0b03d3474,2026-09-10T16:30:00Z,2026-09-10T18:30:00+0200,316.0,MW,NL,NL,forecast_offshore_wind_generation,Wind Offshore,2026-09-12T19:27:36Z
2026-09-12T19:25:15Z,2026-09-12T21:25:15+0200,4e75698a-a1c7-49b7-b450-41a0b03d3474,2026-09-10T16:45:00Z,2026-09-10T18:45:00+0200,303.0,MW,NL,NL,forecast_offshore_wind_generation,Wind Offshore,2026-09-12T19:27:36Z
2026-09-12T19:25:15Z,2026-09-12T21:25:15+0200,4e75698a-a1c7-49b7-b450-41a0b03d3474,2026-09-10T17:00:00Z,2026-09-10T19:00:00+0200,291.0,MW,NL,NL,forecast_offshore_wind_generation,Wind Offshore,2026-09-12T19:27:36Z
2026-09-12T19:25:15Z,2026-09-12T21:25:15+0200,4e75698a-a1c7-49b7-b450-41a0b03d3474,2026-09-10T17:15:00Z,2026-09-10T19:15:00+0200,281.0,MW,NL,NL,forecast_offshore_wind_generation,Wind Offshore,2026-09-12T19:27:36Z
2026-09-12T19:25:15Z,2026-09-12T21:25:15+0200,4e75698a-a1c7-49b7-b450-41a0b03d3474,2026-09-10T17:30:00Z,2026-09-10T19:30:00+0200,274.0,MW,NL,NL,forecast_offshore_wind_generation,Wind Offshore,2026-09-12T19:27:36Z
2026-09-12T19:25:15Z,2026-09-12T21:25:15+0200,4e75698a-a1c7-49b7-b450-41a0b03d3474,2026-09-10T17:45:00Z,2026-09-10T19:45:00+0200,266.0,MW,NL,NL,forecast_offshore_wind_generation,Wind Offshore,2026-09-12T19:27:36Z
2026-09-12T19:25:15Z,2026-09-12T21:25:15+0200,4e75698a-a1c7-49b7-b450-41a0b03d3474,2026-09-10T18:00:00Z,2026-09-10T20:00:00+0200,259.0,MW,NL,NL,forecast_offshore_wind_generation,Wind Offshore,2026-09-12T19:27:36Z
2026-09-12T19:25:15Z,2026-09-12T21:25:15+0200,4e75698a-a1c7-49b7-b450-41a0b03d3474,2026-09-10T18:15:00Z,2026-09-10T20:15:00+0200,256.0,MW,NL,NL,forecast_offshore_wind_generation,Wind Offshore,2026-09-12T19:27:36Z
2026-09-12T19:25:15Z,2026-09-12T21:25:15+0200,4e75698a-a1c7-49b7-b450-41a0b03d3474,2026-09-10T18:30:00Z,2026-09-10T20:30:00+0200,259.0,MW,NL,NL,forecast_offshore_wind_generation,Wind Offshore,2026-09-12T19:27:36Z
2026-09-12T19:25:15Z,2026-09-12T21:25:15+0200,4e75698a-a1c7-49b7-b450-41a0b03d3474,2026-09-10T18:45:00Z,2026-09-10T20:45:00+0200,261.0,MW,NL,NL,forecast_offshore_wind_generation,Wind Offshore,2026-09-12T19:27:36Z
2026-09-12T19:25:15Z,2026-09-12T21:25:15+0200,4e75698a-a1c7-49b7-b450-41a0b03d3474,2026-09-10T19:00:00Z,2026-09-10T21:00:00+0200,263.0,MW,NL,NL,forecast_offshore_wind_generation,Wind Offshore,2026-09-12T19:27:36Z
2026-09-12T19:25:15Z,2026-09-12T21:25:15+0200,4e75698a-a1c7-49b7-b450-41a0b03d3474,2026-09-10T19:15:00Z,2026-09-10T21:15:00+0200,267.0,MW,NL,NL,forecast_offshore_wind_generation,Wind Offshore,2026-09-12T19:27:36Z
2026-09-12T19:25:15Z,2026-09-12T21:25:15+0200,4e75698a-a1c7-49b7-b450-41a0b03d3474,2026-09-10T19:30:00Z,2026-09-10T21:30:00+0200,273.0,MW,NL,NL,forecast_offshore_wind_generation,Wind Offshore,2026-09-12T19:27:36Z
2026-09-12T19:25:15Z,2026-09-12T21:25:15+0200,4e75698a-a1c7-49b7-b450-41a0b03d3474,2026-09-10T19:45:00Z,2026-09-10T21:45:00+0200,280.0,MW,NL,NL,forecast_offshore_wind_generation,Wind Offshore,2026-09-12T19:27:36Z
2026-09-12T19:25:15Z,2026-09-12T21:25:15+0200,4e75698a-a1c7-49b7-b450-41a0b03d3474,2026-09-10T20:00:00Z,2026-09-10T22:00:00+0200,286.0,MW,NL,NL,forecast_offshore_wind_generation,Wind Offshore,2026-09-12T19:27:36Z
2026-09-12T19:25:15Z,2026-09-12T21:25:15+0200,4e75698a-a1c7-49b7-b450-41a0b03d3474,2026-09-10T20:15:00Z,2026-09-10T22:15:00+0200,294.0,MW,NL,NL,forecast_offshore_wind_generation,Wind Offshore,2026-09-12T19:27:36Z
2026-09-12T19:25:15Z,2026-09-12T21:25:15+0200,4e75698a-a1c7-49b7-b450-41a0b03d3474,2026-09-10T20:30:00Z,2026-09-10T22:30:00+0200,304.0,MW,NL,NL,forecast_offshore_wind_generation,Wind Offshore,2026-09-12T19:27:36Z
2026-09-12T19:25:15Z,2026-09-12T21:25:15+0200,4e75698a-a1c7-49b7-b450-41a0b03d3474,2026-09-10T20:45:00Z,2026-09-10T22:45:00+0200,314.0,MW,NL,NL,forecast_offshore_wind_generation,Wind Offshore,2026-09-12T19:27:36Z
2026-09-12T19:25:15Z,2026-09-12T21:25:15+0200,4e75698a-a1c7-49b7-b450-41a0b03d3474,2026-09-10T21:00:00Z,2026-09-10T23:00:00+0200,324.0,MW,NL,NL,forecast_offshore_wind_generation,Wind Offshore,2026-09-12T19:27:36Z
2026-09-12T19:25:15Z,2026-09-12T21:25:15+0200,4e75698a-a1c7-49b7-b450-41a0b03d3474,2026-09-10T21:15:00Z,2026-09-10T23:15:00+0200,339.0,MW,NL,NL,forecast_offshore_wind_generation,Wind Offshore,2026-09-12T19:27:36Z
2026-09-12T19:25:15Z,2026-09-12T21:25:15+0200,4e75698a-a1c7-49b7-b450-41a0b03d3474,2026-09-10T21:30:00Z,2026-09-10T23:30:00+0200,358.0,MW,NL,NL,forecast_offshore_wind_generation,Wind Offshore,2026-09-12T19:27:36Z
2026-09-12T19:25:15Z,2026-09-12T21:25:15+0200,4e75698a-a1c7-49b7-b450-41a0b03d3474,2026-09-10T21:45:00Z,2026-09-10T23:45:00+0200,376.0,MW,NL,NL,forecast_offshore_wind_generation,Wind Offshore,2026-09-12T19:27:36Z
2026-09-12T19:25:15Z,2026-09-12T21:25:15+0200,4e75698a-a1c7-49b7-b450-41a0b03d3474,2026-09-10T22:00:00Z,2026-09-11T00:00:00+0200,437.0,MW,NL,NL,forecast_offshore_wind_generation,Wind Offshore,2026-09-12T19:27:36Z
2026-09-12T19:25:15Z,2026-09-12T21:25:15+0200,4e75698a-a1c7-49b7-b450-41a0b03d3474,2026-09-10T22:15:00Z,2026-09-11T00:15:00+0200,450.0,MW,NL,NL,forecast_offshore_wind_generation,Wind Offshore,2026-09-12T19:27:36Z
2026-09-12T19:25:15Z,2026-09-12T21:25:15+0200,4e75698a-a1c7-49b7-b450-41a0b03d3474,2026-09-10T22:30:00Z,2026-09-11T00:30:00+0200,469.0,MW,NL,NL,forecast_offshore_wind_generation,Wind Offshore,2026-09-12T19:27:36Z
2026-09-12T19:25:15Z,2026-09-12T21:25:15+0200,4e75698a-a1c7-49b7-b450-41a0b03d3474,2026-09-10T22:45:00Z,2026-09-11T00:45:00+0200,487.0,MW,NL,NL,forecast_offshore_wind_generation,Wind Offshore,2026-09-12T19:27:36Z
2026-09-12T19:25:15Z,2026-09-12T21:25:15+0200,4e75698a-a1c7-49b7-b450-41a0b03d3474,2026-09-10T23:00:00Z,2026-09-11T01:00:00+0200,506.0,MW,NL,NL,forecast_offshore_wind_generation,Wind Offshore,2026-09-12T19:27:36Z
2026-09-12T19:25:15Z,2026-09-12T21:25:15+0200,4e75698a-a1c7-49b7-b450-41a0b03d3474,2026-09-10T23:15:00Z,2026-09-11T01:15:00+0200,523.0,MW,NL,NL,forecast_offshore_wind_generation,Wind Offshore,2026-09-12T19:27:36Z
2026-09-12T19:25:15Z,2026-09-12T21:25:15+0200,4e75698a-a1c7-49b7-b450-41a0b03d3474,2026-09-10T23:30:00Z,2026-09-11T01:30:00+0200,540.0,MW,NL,NL,forecast_offshore_wind_generation,Wind Offshore,2026-09-12T19:27:36Z
2026-09-12T19:25:15Z,2026-09-12T21:25:15+0200,4e75698a-a1c7-49b7-b450-41a0b03d3474,2026-09-10T23:45:00Z,2026-09-11T01:45:00+0200,557.0,MW,NL,NL,forecast_offshore_wind_generation,Wind Offshore,2026-09-12T19:27:36Z
2026-09-12T19:25:15Z,2026-09-12T21:25:15+0200,4e75698a-a1c7-49b7-b450-41a0b03d3474,2026-09-11T00:00:00Z,2026-09-11T02:00:00+0200,574.0,MW,NL,NL,forecast_offshore_wind_generation,Wind Offshore,2026-09-12T19:27:36Z
2026-09-12T19:25:15Z,2026-09-12T21:25:15+0200,4e75698a-a1c7-49b7-b450-41a0b03d3474,2026-09-11T00:15:00Z,2026-09-11T02:15:00+0200,586.0,MW,NL,NL,forecast_offshore_wind_generation,Wind Offshore,2026-09-12T19:27:36Z
2026-09-12T19:25:15Z,2026-09-12T21:25:15+0200,4e75698a-a1c7-49b7-b450-41a0b03d3474,2026-09-11T00:30:00Z,2026-09-11T02:30:00+0200,593.0,MW,NL,NL,forecast_offshore_wind_generation,Wind Offshore,2026-09-12T19:27:36Z
2026-09-12T19:25:15Z,2026-09-12T21:25:15+0200,4e75698a-a1c7-49b7-b450-41a0b03d3474,2026-09-11T00:45:00Z,2026-09-11T02:45:00+0200,600.0,MW,NL,NL,forecast_offshore_wind_generation,Wind Offshore,2026-09-12T19:27:36Z
2026-09-12T19:25:15Z,2026-09-12T21:25:15+0200,4e75698a-a1c7-49b7-b450-41a0b03d3474,2026-09-11T01:00:00Z,2026-09-11T03:00:00+0200,607.0,MW,NL,NL,forecast_offshore_wind_generation,Wind Offshore,2026-09-12T19:27:36Z
2026-09-12T19:25:15Z,2026-09-12T21:25:15+0200,4e75698a-a1c7-49b7-b450-41a0b03d3474,2026-09-11T01:15:00Z,2026-09-11T03:15:00+0200,614.0,MW,NL,NL,forecast_offshore_wind_generation,Wind Offshore,2026-09-12T19:27:36Z
2026-09-12T19:25:15Z,2026-09-12T21:25:15+0200,4e75698a-a1c7-49b7-b450-41a0b03d3474,2026-09-11T01:30:00Z,2026-09-11T03:30:00+0200,622.0,MW,NL,NL,forecast_offshore_wind_generation,Wind Offshore,2026-09-12T19:27:36Z
2026-09-12T19:25:15Z,2026-09-12T21:25:15+0200,4e75698a-a1c7-49b7-b450-41a0b03d3474,2026-09-11T01:45:00Z,2026-09-11T03:45:00+0200,630.0,MW,NL,NL,forecast_offshore_wind_generation,Wind Offshore,2026-09-12T19:27:36Z
2026-09-12T19:25:15Z,2026-09-12T21:25:15+0200,4e75698a-a1c7-49b7-b450-41a0b03d3474,2026-09-11T02:00:00Z,2026-09-11T04:00:00+0200,638.0,MW,NL,NL,forecast_offshore_wind_generation,Wind Offshore,2026-09-12T19:27:36Z
2026-09-12T19:25:15Z,2026-09-12T21:25:15+0200,4e75698a-a1c7-49b7-b450-41a0b03d3474,2026-09-11T02:15:00Z,2026-09-11T04:15:00+0200,644.0,MW,NL,NL,forecast_offshore_wind_generation,Wind Offshore,2026-09-12T19:27:36Z
2026-09-12T19:25:15Z,2026-09-12T21:25:15+0200,4e75698a-a1c7-49b7-b450-41a0b03d3474,2026-09-11T02:30:00Z,2026-09-11T04:30:00+0200,648.0,MW,NL,NL,forecast_offshore_wind_generation,Wind Offshore,2026-09-12T19:27:36Z
2026-09-12T19:25:15Z,2026-09-12T21:25:15+0200,4e75698a-a1c7-49b7-b450-41a0b03d3474,2026-09-11T02:45:00Z,2026-09-11T04:45:00+0200,651.0,MW,NL,NL,forecast_offshore_wind_generation,Wind Offshore,2026-09-12T19:27:36Z
2026-09-12T19:25:15Z,2026-09-12T21:25:15+0200,4e75698a-a1c7-49b7-b450-41a0b03d3474,2026-09-11T03:00:00Z,2026-09-11T05:00:00+0200,655.0,MW,NL,NL,forecast_offshore_wind_generation,Wind Offshore,2026-09-12T19:27:36Z
2026-09-12T19:25:15Z,2026-09-12T21:25:15+0200,4e75698a-a1c7-49b7-b450-41a0b03d3474,2026-09-11T03:15:00Z,2026-09-11T05:15:00+0200,658.0,MW,NL,NL,forecast_offshore_wind_generation,Wind Offshore,2026-09-12T19:27:36Z
2026-09-12T19:25:15Z,2026-09-12T21:25:15+0200,4e75698a-a1c7-49b7-b450-41a0b03d3474,2026-09-11T03:30:00Z,2026-09-11T05:30:00+0200,659.0,MW,NL,NL,forecast_offshore_wind_generation,Wind Offshore,2026-09-12T19:27:36Z
2026-09-12T19:25:15Z,2026-09-12T21:25:15+0200,4e75698a-a1c7-49b7-b450-41a0b03d3474,2026-09-11T03:45:00Z,2026-09-11T05:45:00+0200,661.0,MW,NL,NL,forecast_offshore_wind_generation,Wind Offshore,2026-09-12T19:27:36Z
2026-09-12T19:25:15Z,2026-09-12T21:25:15+0200,4e75698a-a1c7-49b7-b450-41a0b03d3474,2026-09-11T04:00:00Z,2026-09-11T06:00:00+0200,663.0,MW,NL,NL,forecast_offshore_wind_generation,Wind Offshore,2026-09-12T19:27:36Z
2026-09-12T19:25:15Z,2026-09-12T21:25:15+0200,4e75698a-a1c7-49b7-b450-41a0b03d3474,2026-09-11T04:15:00Z,2026-09-11T06:15:00+0200,676.0,MW,NL,NL,forecast_offshore_wind_generation,Wind Offshore,2026-09-12T19:27:36Z
2026-09-12T19:25:15Z,2026-09-12T21:25:15+0200,4e75698a-a1c7-49b7-b450-41a0b03d3474,2026-09-11T04:30:00Z,2026-09-11T06:30:00+0200,700.0,MW,NL,NL,forecast_offshore_wind_generation,Wind Offshore,2026-09-12T19:27:36Z
2026-09-12T19:25:15Z,2026-09-12T21:25:15+0200,4e75698a-a1c7-49b7-b450-41a0b03d3474,2026-09-11T04:45:00Z,2026-09-11T06:45:00+0200,725.0,MW,NL,NL,forecast_offshore_wind_generation,Wind Offshore,2026-09-12T19:27:36Z
2026-09-12T19:25:15Z,2026-09-12T21:25:15+0200,4e75698a-a1c7-49b7-b450-41a0b03d3474,2026-09-11T05:00:00Z,2026-09-11T07:00:00+0200,749.0,MW,NL,NL,forecast_offshore_wind_generation,Wind Offshore,2026-09-12T19:27:36Z
2026-09-12T19:25:15Z,2026-09-12T21:25:15+0200,4e75698a-a1c7-49b7-b450-41a0b03d3474,2026-09-11T05:15:00Z,2026-09-11T07:15:00+0200,770.0,MW,NL,NL,forecast_offshore_wind_generation,Wind Offshore,2026-09-12T19:27:36Z
2026-09-12T19:25:15Z,2026-09-12T21:25:15+0200,4e75698a-a1c7-49b7-b450-41a0b03d3474,2026-09-11T05:30:00Z,2026-09-11T07:30:00+0200,788.0,MW,NL,NL,forecast_offshore_wind_generation,Wind Offshore,2026-09-12T19:27:36Z
2026-09-12T19:25:15Z,2026-09-12T21:25:15+0200,4e75698a-a1c7-49b7-b450-41a0b03d3474,2026-09-11T05:45:00Z,2026-09-11T07:45:00+0200,805.0,MW,NL,NL,forecast_offshore_wind_generation,Wind Offshore,2026-09-12T19:27:36Z
2026-09-12T19:25:15Z,2026-09-12T21:25:15+0200,4e75698a-a1c7-49b7-b450-41a0b03d3474,2026-09-11T06:00:00Z,2026-09-11T08:00:00+0200,823.0,MW,NL,NL,forecast_offshore_wind_generation,Wind Offshore,2026-09-12T19:27:36Z
2026-09-12T19:25:15Z,2026-09-12T21:25:15+0200,4e75698a-a1c7-49b7-b450-41a0b03d3474,2026-09-11T06:15:00Z,2026-09-11T08:15:00+0200,809.0,MW,NL,NL,forecast_offshore_wind_generation,Wind Offshore,2026-09-12T19:27:36Z
2026-09-12T19:25:15Z,2026-09-12T21:25:15+0200,4e75698a-a1c7-49b7-b450-41a0b03d3474,2026-09-11T06:30:00Z,2026-09-11T08:30:00+0200,763.0,MW,NL,NL,forecast_offshore_wind_generation,Wind Offshore,2026-09-12T19:27:36Z
2026-09-12T19:25:15Z,2026-09-12T21:25:15+0200,4e75698a-a1c7-49b7-b450-41a0b03d3474,2026-09-11T06:45:00Z,2026-09-11T08:45:00+0200,718.0,MW,NL,NL,forecast_offshore_wind_generation,Wind Offshore,2026-09-12T19:27:36Z
2026-09-12T19:25:15Z,2026-09-12T21:25:15+0200,4e75698a-a1c7-49b7-b450-41a0b03d3474,2026-09-11T07:00:00Z,2026-09-11T09:00:00+0200,672.0,MW,NL,NL,forecast_offshore_wind_generation,Wind Offshore,2026-09-12T19:27:36Z
2026-09-12T19:25:15Z,2026-09-12T21:25:15+0200,4e75698a-a1c7-49b7-b450-41a0b03d3474,2026-09-11T07:15:00Z,2026-09-11T09:15:00+0200,627.0,MW,NL,NL,forecast_offshore_wind_generation,Wind Offshore,2026-09-12T19:27:36Z
2026-09-12T19:25:15Z,2026-09-12T21:25:15+0200,4e75698a-a1c7-49b7-b450-41a0b03d3474,2026-09-11T07:30:00Z,2026-09-11T09:30:00+0200,581.0,MW,NL,NL,forecast_offshore_wind_generation,Wind Offshore,2026-09-12T19:27:36Z
2026-09-12T19:25:15Z,2026-09-12T21:25:15+0200,4e75698a-a1c7-49b7-b450-41a0b03d3474,2026-09-11T07:45:00Z,2026-09-11T09:45:00+0200,536.0,MW,NL,NL,forecast_offshore_wind_generation,Wind Offshore,2026-09-12T19:27:36Z
2026-09-12T19:25:15Z,2026-09-12T21:25:15+0200,4e75698a-a1c7-49b7-b450-41a0b03d3474,2026-09-11T08:00:00Z,2026-09-11T10:00:00+0200,490.0,MW,NL,NL,forecast_offshore_wind_generation,Wind Offshore,2026-09-12T19:27:36Z
2026-09-12T19:25:15Z,2026-09-12T21:25:15+0200,4e75698a-a1c7-49b7-b450-41a0b03d3474,2026-09-11T08:15:00Z,2026-09-11T10:15:00+0200,456.0,MW,NL,NL,forecast_offshore_wind_generation,Wind Offshore,2026-09-12T19:27:36Z
2026-09-12T19:25:15Z,2026-09-12T21:25:15+0200,4e75698a-a1c7-49b7-b450-41a0b03d3474,2026-09-11T08:30:00Z,2026-09-11T10:30:00+0200,434.0,MW,NL,NL,forecast_offshore_wind_generation,Wind Offshore,2026-09-12T19:27:36Z
2026-09-12T19:25:15Z,2026-09-12T21:25:15+0200,4e75698a-a1c7-49b7-b450-41a0b03d3474,2026-09-11T08:45:00Z,2026-09-11T10:45:00+0200,411.0,MW,NL,NL,forecast_offshore_wind_generation,Wind Offshore,2026-09-12T19:27:36Z
2026-09-12T19:25:15Z,2026-09-12T21:25:15+0200,4e75698a-a1c7-49b7-b450-41a0b03d3474,2026-09-11T09:00:00Z,2026-09-11T11:00:00+0200,389.0,MW,NL,NL,forecast_offshore_wind_generation,Wind Offshore,2026-09-12T19:27:36Z
2026-09-12T19:25:15Z,2026-09-12T21:25:15+0200,4e75698a-a1c7-49b7-b450-41a0b03d3474,2026-09-11T09:15:00Z,2026-09-11T11:15:00+0200,380.0,MW,NL,NL,forecast_offshore_wind_generation,Wind Offshore,2026-09-12T19:27:36Z
2026-09-12T19:25:15Z,2026-09-12T21:25:15+0200,4e75698a-a1c7-49b7-b450-41a0b03d3474,2026-09-11T09:30:00Z,2026-09-11T11:30:00+0200,386.0,MW,NL,NL,forecast_offshore_wind_generation,Wind Offshore,2026-09-12T19:27:36Z
2026-09-12T19:25:15Z,2026-09-12T21:25:15+0200,4e75698a-a1c7-49b7-b450-41a0b03d3474,2026-09-11T09:45:00Z,2026-09-11T11:45:00+0200,392.0,MW,NL,NL,forecast_offshore_wind_generation,Wind Offshore,2026-09-12T19:27:36Z
2026-09-12T19:25:15Z,2026-09-12T21:25:15+0200,4e75698a-a1c7-49b7-b450-41a0b03d3474,2026-09-11T10:00:00Z,2026-09-11T12:00:00+0200,397.0,MW,NL,NL,forecast_offshore_wind_generation,Wind Offshore,2026-09-12T19:27:36Z
2026-09-12T19:25:15Z,2026-09-12T21:25:15+0200,4e75698a-a1c7-49b7-b450-41a0b03d3474,2026-09-11T10:15:00Z,2026-09-11T12:15:00+0200,405.0,MW,NL,NL,forecast_offshore_wind_generation,Wind Offshore,2026-09-12T19:27:36Z
2026-09-12T19:25:15Z,2026-09-12T21:25:15+0200,4e75698a-a1c7-49b7-b450-41a0b03d3474,2026-09-11T10:30:00Z,2026-09-11T12:30:00+0200,414.0,MW,NL,NL,forecast_offshore_wind_generation,Wind Offshore,2026-09-12T19:27:36Z
2026-09-12T19:25:15Z,2026-09-12T21:25:15+0200,4e75698a-a1c7-49b7-b450-41a0b03d3474,2026-09-11T10:45:00Z,2026-09-11T12:45:00+0200,423.0,MW,NL,NL,forecast_offshore_wind_generation,Wind Offshore,2026-09-12T19:27:36Z
2026-09-12T19:25:15Z,2026-09-12T21:25:15+0200,4e75698a-a1c7-49b7-b450-41a0b03d3474,2026-09-11T11:00:00Z,2026-09-11T13:00:00+0200,432.0,MW,NL,NL,forecast_offshore_wind_generation,Wind Offshore,2026-09-12T19:27:36Z
2026-09-12T19:25:15Z,2026-09-12T21:25:15+0200,4e75698a-a1c7-49b7-b450-41a0b03d3474,2026-09-11T11:15:00Z,2026-09-11T13:15:00+0200,440.0,MW,NL,NL,forecast_offshore_wind_generation,Wind Offshore,2026-09-12T19:27:36Z
2026-09-12T19:25:15Z,2026-09-12T21:25:15+0200,4e75698a-a1c7-49b7-b450-41a0b03d3474,2026-09-11T11:30:00Z,2026-09-11T13:30:00+0200,447.0,MW,NL,NL,forecast_offshore_wind_generation,Wind Offshore,2026-09-12T19:27:36Z
2026-09-12T19:25:15Z,2026-09-12T21:25:15+0200,4e75698a-a1c7-49b7-b450-41a0b03d3474,2026-09-11T11:45:00Z,2026-09-11T13:45:00+0200,455.0,MW,NL,NL,forecast_offshore_wind_generation,Wind Offshore,2026-09-12T19:27:36Z
2026-09-12T19:25:15Z,2026-09-12T21:25:15+0200,4e75698a-a1c7-49b7-b450-41a0b03d3474,2026-09-11T12:00:00Z,2026-09-11T14:00:00+0200,463.0,MW,NL,NL,forecast_offshore_wind_generation,Wind Offshore,2026-09-12T19:27:36Z
2026-09-12T19:25:15Z,2026-09-12T21:25:15+0200,4e75698a-a1c7-49b7-b450-41a0b03d3474,2026-09-11T12:15:00Z,2026-09-11T14:15:00+0200,463.0,MW,NL,NL,forecast_offshore_wind_generation,Wind Offshore,2026-09-12T19:27:36Z
2026-09-12T19:25:15Z,2026-09-12T21:25:15+0200,4e75698a-a1c7-49b7-b450-41a0b03d3474,2026-09-11T12:30:00Z,2026-09-11T14:30:00+0200,457.0,MW,NL,NL,forecast_offshore_wind_generation,Wind Offshore,2026-09-12T19:27:36Z
2026-09-12T19:25:15Z,2026-09-12T21:25:15+0200,4e75698a-a1c7-49b7-b450-41a0b03d3474,2026-09-11T12:45:00Z,2026-09-11T14:45:00+0200,451.0,MW,NL,NL,forecast_offshore_wind_generation,Wind Offshore,2026-09-12T19:27:36Z
2026-09-12T19:25:15Z,2026-09-12T21:25:15+0200,4e75698a-a1c7-49b7-b450-41a0b03d3474,2026-09-11T13:00:00Z,2026-09-11T15:00:00+0200,444.0,MW,NL,NL,forecast_offshore_wind_generation,Wind Offshore,2026-09-12T19:27:36Z
2026-09-12T19:25:15Z,2026-09-12T21:25:15+0200,4e75698a-a1c7-49b7-b450-41a0b03d3474,2026-09-11T13:15:00Z,2026-09-11T15:15:00+0200,437.0,MW,NL,NL,forecast_offshore_wind_generation,Wind Offshore,2026-09-12T19:27:36Z
2026-09-12T19:25:15Z,2026-09-12T21:25:15+0200,4e75698a-a1c7-49b7-b450-41a0b03d3474,2026-09-11T13:30:00Z,2026-09-11T15:30:00+0200,430.0,MW,NL,NL,forecast_offshore_wind_generation,Wind Offshore,2026-09-12T19:27:36Z
2026-09-12T19:25:15Z,2026-09-12T21:25:15+0200,4e75698a-a1c7-49b7-b450-41a0b03d3474,2026-09-11T13:45:00Z,2026-09-11T15:45:00+0200,422.0,MW,NL,NL,forecast_offshore_wind_generation,Wind Offshore,2026-09-12T19:27:36Z
2026-09-12T19:25:15Z,2026-09-12T21:25:15+0200,4e75698a-a1c7-49b7-b450-41a0b03d3474,2026-09-11T14:00:00Z,2026-09-11T16:00:00+0200,414.0,MW,NL,NL,forecast_offshore_wind_generation,Wind Offshore,2026-09-12T19:27:36Z
2026-09-12T19:25:15Z,2026-09-12T21:25:15+0200,4e75698a-a1c7-49b7-b450-41a0b03d3474,2026-09-11T14:15:00Z,2026-09-11T16:15:00+0200,405.0,MW,NL,NL,forecast_offshore_wind_generation,Wind Offshore,2026-09-12T19:27:36Z
2026-09-12T19:25:15Z,2026-09-12T21:25:15+0200,4e75698a-a1c7-49b7-b450-41a0b03d3474,2026-09-11T14:30:00Z,2026-09-11T16:30:00+0200,393.0,MW,NL,NL,forecast_offshore_wind_generation,Wind Offshore,2026-09-12T19:27:36Z
2026-09-12T19:25:15Z,2026-09-12T21:25:15+0200,4e75698a-a1c7-49b7-b450-41a0b03d3474,2026-09-11T14:45:00Z,2026-09-11T16:45:00+0200,382.0,MW,NL,NL,forecast_offshore_wind_generation,Wind Offshore,2026-09-12T19:27:36Z
2026-09-12T19:25:15Z,2026-09-12T21:25:15+0200,4e75698a-a1c7-49b7-b450-41a0b03d3474,2026-09-11T15:00:00Z,2026-09-11T17:00:00+0200,371.0,MW,NL,NL,forecast_offshore_wind_generation,Wind Offshore,2026-09-12T19:27:36Z
2026-09-12T19:25:15Z,2026-09-12T21:25:15+0200,4e75698a-a1c7-49b7-b450-41a0b03d3474,2026-09-11T15:15:00Z,2026-09-11T17:15:00+0200,359.0,MW,NL,NL,forecast_offshore_wind_generation,Wind Offshore,2026-09-12T19:27:36Z
2026-09-12T19:25:15Z,2026-09-12T21:25:15+0200,4e75698a-a1c7-49b7-b450-41a0b03d3474,2026-09-11T15:30:00Z,2026-09-11T17:30:00+0200,346.0,MW,NL,NL,forecast_offshore_wind_generation,Wind Offshore,2026-09-12T19:27:36Z
2026-09-12T19:25:15Z,2026-09-12T21:25:15+0200,4e75698a-a1c7-49b7-b450-41a0b03d3474,2026-09-11T15:45:00Z,2026-09-11T17:45:00+0200,334.0,MW,NL,NL,forecast_offshore_wind_generation,Wind Offshore,2026-09-12T19:27:36Z
2026-09-12T19:25:15Z,2026-09-12T21:25:15+0200,4e75698a-a1c7-49b7-b450-41a0b03d3474,2026-09-11T16:00:00Z,2026-09-11T18:00:00+0200,322.0,MW,NL,NL,forecast_offshore_wind_generation,Wind Offshore,2026-09-12T19:27:36Z
2026-09-12T19:25:15Z,2026-09-12T21:25:15+0200,4e75698a-a1c7-49b7-b450-41a0b03d3474,2026-09-11T16:15:00Z,2026-09-11T18:15:00+0200,308.0,MW,NL,NL,forecast_offshore_wind_generation,Wind Offshore,2026-09-12T19:27:36Z
2026-09-12T19:25:15Z,2026-09-12T21:25:15+0200,4e75698a-a1c7-49b7-b450-41a0b03d3474,2026-09-11T16:30:00Z,2026-09-11T18:30:00+0200,292.0,MW,NL,NL,forecast_offshore_wind_generation,Wind Offshore,2026-09-12T19:27:36Z
2026-09-12T19:25:15Z,2026-09-12T21:25:15+0200,4e75698a-a1c7-49b7-b450-41a0b03d3474,2026-09-11T16:45:00Z,2026-09-11T18:45:00+0200,277.0,MW,NL,NL,forecast_offshore_wind_generation,Wind Offshore,2026-09-12T19:27:36Z
2026-09-12T19:25:15Z,2026-09-12T21:25:15+0200,4e75698a-a1c7-49b7-b450-41a0b03d3474,2026-09-11T17:00:00Z,2026-09-11T19:00:00+0200,261.0,MW,NL,NL,forecast_offshore_wind_generation,Wind Offshore,2026-09-12T19:27:36Z
2026-09-12T19:25:15Z,2026-09-12T21:25:15+0200,4e75698a-a1c7-49b7-b450-41a0b03d3474,2026-09-11T17:15:00Z,2026-09-11T19:15:00+0200,250.0,MW,NL,NL,forecast_offshore_wind_generation,Wind Offshore,2026-09-12T19:27:36Z
2026-09-12T19:25:15Z,2026-09-12T21:25:15+0200,4e75698a-a1c7-49b7-b450-41a0b03d3474,2026-09-11T17:30:00Z,2026-09-11T19:30:00+0200,242.0,MW,NL,NL,forecast_offshore_wind_generation,Wind Offshore,2026-09-12T19:27:36Z
2026-09-12T19:25:15Z,2026-09-12T21:25:15+0200,4e75698a-a1c7-49b7-b450-41a0b03d3474,2026-09-11T17:45:00Z,2026-09-11T19:45:00+0200,234.0,MW,NL,NL,forecast_offshore_wind_generation,Wind Offshore,2026-09-12T19:27:36Z
2026-09-12T19:25:15Z,2026-09-12T21:25:15+0200,4e75698a-a1c7-49b7-b450-41a0b03d3474,2026-09-11T18:00:00Z,2026-09-11T20:00:00+0200,226.0,MW,NL,NL,forecast_offshore_wind_generation,Wind Offshore,2026-09-12T19:27:36Z
2026-09-12T19:25:15Z,2026-09-12T21:25:15+0200,4e75698a-a1c7-49b7-b450-41a0b03d3474,2026-09-11T18:15:00Z,2026-09-11T20:15:00+0200,223.0,MW,NL,NL,forecast_offshore_wind_generation,Wind Offshore,2026-09-12T19:27:36Z
2026-09-12T19:25:15Z,2026-09-12T21:25:15+0200,4e75698a-a1c7-49b7-b450-41a0b03d3474,2026-09-11T18:30:00Z,2026-09-11T20:30:00+0200,223.0,MW,NL,NL,forecast_offshore_wind_generation,Wind Offshore,2026-09-12T19:27:36Z
2026-09-12T19:25:15Z,2026-09-12T21:25:15+0200,4e75698a-a1c7-49b7-b450-41a0b03d3474,2026-09-11T18:45:00Z,2026-09-11T20:45:00+0200,224.0,MW,NL,NL,forecast_offshore_wind_generation,Wind Offshore,2026-09-12T19:27:36Z
2026-09-12T19:25:15Z,2026-09-12T21:25:15+0200,4e75698a-a1c7-49b7-b450-41a0b03d3474,2026-09-11T19:00:00Z,2026-09-11T21:00:00+0200,224.0,MW,NL,NL,forecast_offshore_wind_generation,Wind Offshore,2026-09-12T19:27:36Z
2026-09-12T19:25:15Z,2026-09-12T21:25:15+0200,4e75698a-a1c7-49b7-b450-41a0b03d3474,2026-09-11T19:15:00Z,2026-09-11T21:15:00+0200,217.0,MW,NL,NL,forecast_offshore_wind_generation,Wind Offshore,2026-09-12T19:27:36Z
2026-09-12T19:25:15Z,2026-09-12T21:25:15+0200,4e75698a-a1c7-49b7-b450-41a0b03d3474,2026-09-11T19:30:00Z,2026-09-11T21:30:00+0200,202.0,MW,NL,NL,forecast_offshore_wind_generation,Wind Offshore,2026-09-12T19:27:36Z
2026-09-12T19:25:15Z,2026-09-12T21:25:15+0200,4e75698a-a1c7-49b7-b450-41a0b03d3474,2026-09-11T19:45:00Z,2026-09-11T21:45:00+0200,188.0,MW,NL,NL,forecast_offshore_wind_generation,Wind Offshore,2026-09-12T19:27:36Z
2026-09-12T19:25:15Z,2026-09-12T21:25:15+0200,4e75698a-a1c7-49b7-b450-41a0b03d3474,2026-09-11T20:00:00Z,2026-09-11T22:00:00+0200,173.0,MW,NL,NL,forecast_offshore_wind_generation,Wind Offshore,2026-09-12T19:27:36Z
2026-09-12T19:25:15Z,2026-09-12T21:25:15+0200,4e75698a-a1c7-49b7-b450-41a0b03d3474,2026-09-11T20:15:00Z,2026-09-11T22:15:00+0200,162.0,MW,NL,NL,forecast_offshore_wind_generation,Wind Offshore,2026-09-12T19:27:36Z
2026-09-12T19:25:15Z,2026-09-12T21:25:15+0200,4e75698a-a1c7-49b7-b450-41a0b03d3474,2026-09-11T20:30:00Z,2026-09-11T22:30:00+0200,155.0,MW,NL,NL,forecast_offshore_wind_generation,Wind Offshore,2026-09-12T19:27:36Z
2026-09-12T19:25:15Z,2026-09-12T21:25:15+0200,4e75698a-a1c7-49b7-b450-41a0b03d3474,2026-09-11T20:45:00Z,2026-09-11T22:45:00+0200,147.0,MW,NL,NL,forecast_offshore_wind_generation,Wind Offshore,2026-09-12T19:27:36Z
2026-09-12T19:25:15Z,2026-09-12T21:25:15+0200,4e75698a-a1c7-49b7-b450-41a0b03d3474,2026-09-11T21:00:00Z,2026-09-11T23:00:00+0200,140.0,MW,NL,NL,forecast_offshore_wind_generation,Wind Offshore,2026-09-12T19:27:36Z
2026-09-12T19:25:15Z,2026-09-12T21:25:15+0200,4e75698a-a1c7-49b7-b450-41a0b03d3474,2026-09-11T21:15:00Z,2026-09-11T23:15:00+0200,131.0,MW,NL,NL,forecast_offshore_wind_generation,Wind Offshore,2026-09-12T19:27:36Z
2026-09-12T19:25:15Z,2026-09-12T21:25:15+0200,4e75698a-a1c7-49b7-b450-41a0b03d3474,2026-09-11T21:30:00Z,2026-09-11T23:30:00+0200,120.0,MW,NL,NL,forecast_offshore_wind_generation,Wind Offshore,2026-09-12T19:27:36Z
2026-09-12T19:25:15Z,2026-09-12T21:25:15+0200,4e75698a-a1c7-49b7-b450-41a0b03d3474,2026-09-11T21:45:00Z,2026-09-11T23:45:00+0200,110.0,MW,NL,NL,forecast_offshore_wind_generation,Wind Offshore,2026-09-12T19:27:36Z
2026-09-12T19:25:15Z,2026-09-12T21:25:15+0200,4e75698a-a1c7-49b7-b450-41a0b03d3474,2026-09-11T22:00:00Z,2026-09-12T00:00:00+0200,60.0,MW,NL,NL,forecast_offshore_wind_generation,Wind Offshore,2026-09-12T19:27:36Z
2026-09-12T19:25:15Z,2026-09-12T21:25:15+0200,4e75698a-a1c7-49b7-b450-41a0b03d3474,2026-09-11T22:15:00Z,2026-09-12T00:15:00+0200,55.0,MW,NL,NL,forecast_offshore_wind_generation,Wind Offshore,2026-09-12T19:27:36Z
2026-09-12T19:25:15Z,2026-09-12T21:25:15+0200,4e75698a-a1c7-49b7-b450-41a0b03d3474,2026-09-11T22:30:00Z,2026-09-12T00:30:00+0200,50.0,MW,NL,NL,forecast_offshore_wind_generation,Wind Offshore,2026-09-12T19:27:36Z
2026-09-12T19:25:15Z,2026-09-12T21:25:15+0200,4e75698a-a1c7-49b7-b450-41a0b03d3474,2026-09-11T22:45:00Z,2026-09-12T00:45:00+0200,46.0,MW,NL,NL,forecast_offshore_wind_generation,Wind Offshore,2026-09-12T19:27:36Z
2026-09-12T19:25:15Z,2026-09-12T21:25:15+0200,4e75698a-a1c7-49b7-b450-41a0b03d3474,2026-09-11T23:00:00Z,2026-09-12T01:00:00+0200,41.0,MW,NL,NL,forecast_offshore_wind_generation,Wind Offshore,2026-09-12T19:27:36Z
2026-09-12T19:25:15Z,2026-09-12T21:25:15+0200,4e75698a-a1c7-49b7-b450-41a0b03d3474,2026-09-11T23:15:00Z,2026-09-12T01:15:00+0200,37.0,MW,NL,NL,forecast_offshore_wind_generation,Wind Offshore,2026-09-12T19:27:36Z
2026-09-12T19:25:15Z,2026-09-12T21:25:15+0200,4e75698a-a1c7-49b7-b450-41a0b03d3474,2026-09-11T23:30:00Z,2026-09-12T01:30:00+0200,35.0,MW,NL,NL,forecast_offshore_wind_generation,Wind Offshore,2026-09-12T19:27:36Z
2026-09-12T19:25:15Z,2026-09-12T21:25:15+0200,4e75698a-a1c7-49b7-b450-41a0b03d3474,2026-09-11T23:45:00Z,2026-09-12T01:45:00+0200,32.0,MW,NL,NL,forecast_offshore_wind_generation,Wind Offshore,2026-09-12T19:27:36Z
2026-09-12T19:25:15Z,2026-09-12T21:25:15+0200,4e75698a-a1c7-49b7-b450-41a0b03d3474,2026-09-12T00:00:00Z,2026-09-12T02:00:00+0200,29.0,MW,NL,NL,forecast_offshore_wind_generation,Wind Offshore,2026-09-12T19:27:36Z
2026-09-12T19:25:15Z,2026-09-12T21:25:15+0200,4e75698a-a1c7-49b7-b450-41a0b03d3474,2026-09-12T00:15:00Z,2026-09-12T02:15:00+0200,30.0,MW,NL,NL,forecast_offshore_wind_generation,Wind Offshore,2026-09-12T19:27:36Z
2026-09-12T19:25:15Z,2026-09-12T21:25:15+0200,4e75698a-a1c7-49b7-b450-41a0b03d3474,2026-09-12T00:30:00Z,2026-09-12T02:30:00+0200,32.0,MW,NL,NL,forecast_offshore_wind_generation,Wind Offshore,2026-09-12T19:27:36Z
2026-09-12T19:25:15Z,2026-09-12T21:25:15+0200,4e75698a-a1c7-49b7-b450-41a0b03d3474,2026-09-12T00:45:00Z,2026-09-12T02:45:00+0200,35.0,MW,NL,NL,forecast_offshore_wind_generation,Wind Offshore,2026-09-12T19:27:36Z
2026-09-12T19:25:15Z,2026-09-12T21:25:15+0200,4e75698a-a1c7-49b7-b450-41a0b03d3474,2026-09-12T01:00:00Z,2026-09-12T03:00:00+0200,38.0,MW,NL,NL,forecast_offshore_wind_generation,Wind Offshore,2026-09-12T19:27:36Z
2026-09-12T19:25:15Z,2026-09-12T21:25:15+0200,4e75698a-a1c7-49b7-b450-41a0b03d3474,2026-09-12T01:15:00Z,2026-09-12T03:15:00+0200,43.0,MW,NL,NL,forecast_offshore_wind_generation,Wind Offshore,2026-09-12T19:27:36Z
2026-09-12T19:25:15Z,2026-09-12T21:25:15+0200,4e75698a-a1c7-49b7-b450-41a0b03d3474,2026-09-12T01:30:00Z,2026-09-12T03:30:00+0200,51.0,MW,NL,NL,forecast_offshore_wind_generation,Wind Offshore,2026-09-12T19:27:36Z
2026-09-12T19:25:15Z,2026-09-12T21:25:15+0200,4e75698a-a1c7-49b7-b450-41a0b03d3474,2026-09-12T01:45:00Z,2026-09-12T03:45:00+0200,59.0,MW,NL,NL,forecast_offshore_wind_generation,Wind Offshore,2026-09-12T19:27:36Z
2026-09-12T19:25:15Z,2026-09-12T21:25:15+0200,4e75698a-a1c7-49b7-b450-41a0b03d3474,2026-09-12T02:00:00Z,2026-09-12T04:00:00+0200,66.0,MW,NL,NL,forecast_offshore_wind_generation,Wind Offshore,2026-09-12T19:27:36Z
2026-09-12T19:25:15Z,2026-09-12T21:25:15+0200,4e75698a-a1c7-49b7-b450-41a0b03d3474,2026-09-12T02:15:00Z,2026-09-12T04:15:00+0200,76.0,MW,NL,NL,forecast_offshore_wind_generation,Wind Offshore,2026-09-12T19:27:36Z
2026-09-12T19:25:15Z,2026-09-12T21:25:15+0200,4e75698a-a1c7-49b7-b450-41a0b03d3474,2026-09-12T02:30:00Z,2026-09-12T04:30:00+0200,88.0,MW,NL,NL,forecast_offshore_wind_generation,Wind Offshore,2026-09-12T19:27:36Z
2026-09-12T19:25:15Z,2026-09-12T21:25:15+0200,4e75698a-a1c7-49b7-b450-41a0b03d3474,2026-09-12T02:45:00Z,2026-09-12T04:45:00+0200,100.0,MW,NL,NL,forecast_offshore_wind_generation,Wind Offshore,2026-09-12T19:27:36Z
2026-09-12T19:25:15Z,2026-09-12T21:25:15+0200,4e75698a-a1c7-49b7-b450-41a0b03d3474,2026-09-12T03:00:00Z,2026-09-12T05:00:00+0200,112.0,MW,NL,NL,forecast_offshore_wind_generation,Wind Offshore,2026-09-12T19:27:36Z
2026-09-12T19:25:15Z,2026-09-12T21:25:15+0200,4e75698a-a1c7-49b7-b450-41a0b03d3474,2026-09-12T03:15:00Z,2026-09-12T05:15:00+0200,120.0,MW,NL,NL,forecast_offshore_wind_generation,Wind Offshore,2026-09-12T19:27:36Z
2026-09-12T19:25:15Z,2026-09-12T21:25:15+0200,4e75698a-a1c7-49b7-b450-41a0b03d3474,2026-09-12T03:30:00Z,2026-09-12T05:30:00+0200,124.0,MW,NL,NL,forecast_offshore_wind_generation,Wind Offshore,2026-09-12T19:27:36Z
2026-09-12T19:25:15Z,2026-09-12T21:25:15+0200,4e75698a-a1c7-49b7-b450-41a0b03d3474,2026-09-12T03:45:00Z,2026-09-12T05:45:00+0200,128.0,MW,NL,NL,forecast_offshore_wind_generation,Wind Offshore,2026-09-12T19:27:36Z
2026-09-12T19:25:15Z,2026-09-12T21:25:15+0200,4e75698a-a1c7-49b7-b450-41a0b03d3474,2026-09-12T04:00:00Z,2026-09-12T06:00:00+0200,132.0,MW,NL,NL,forecast_offshore_wind_generation,Wind Offshore,2026-09-12T19:27:36Z
2026-09-12T19:25:15Z,2026-09-12T21:25:15+0200,4e75698a-a1c7-49b7-b450-41a0b03d3474,2026-09-12T04:15:00Z,2026-09-12T06:15:00+0200,136.0,MW,NL,NL,forecast_offshore_wind_generation,Wind Offshore,2026-09-12T19:27:36Z
2026-09-12T19:25:15Z,2026-09-12T21:25:15+0200,4e75698a-a1c7-49b7-b450-41a0b03d3474,2026-09-12T04:30:00Z,2026-09-12T06:30:00+0200,141.0,MW,NL,NL,forecast_offshore_wind_generation,Wind Offshore,2026-09-12T19:27:36Z
2026-09-12T19:25:15Z,2026-09-12T21:25:15+0200,4e75698a-a1c7-49b7-b450-41a0b03d3474,2026-09-12T04:45:00Z,2026-09-12T06:45:00+0200,145.0,MW,NL,NL,forecast_offshore_wind_generation,Wind Offshore,2026-09-12T19:27:36Z
2026-09-12T19:25:15Z,2026-09-12T21:25:15+0200,4e75698a-a1c7-49b7-b450-41a0b03d3474,2026-09-12T05:00:00Z,2026-09-12T07:00:00+0200,150.0,MW,NL,NL,forecast_offshore_wind_generation,Wind Offshore,2026-09-12T19:27:36Z
2026-09-12T19:25:15Z,2026-09-12T21:25:15+0200,4e75698a-a1c7-49b7-b450-41a0b03d3474,2026-09-12T05:15:00Z,2026-09-12T07:15:00+0200,157.0,MW,NL,NL,forecast_offshore_wind_generation,Wind Offshore,2026-09-12T19:27:36Z
2026-09-12T19:25:15Z,2026-09-12T21:25:15+0200,4e75698a-a1c7-49b7-b450-41a0b03d3474,2026-09-12T05:30:00Z,2026-09-12T07:30:00+0200,165.0,MW,NL,NL,forecast_offshore_wind_generation,Wind Offshore,2026-09-12T19:27:36Z
2026-09-12T19:25:15Z,2026-09-12T21:25:15+0200,4e75698a-a1c7-49b7-b450-41a0b03d3474,2026-09-12T05:45:00Z,2026-09-12T07:45:00+0200,174.0,MW,NL,NL,forecast_offshore_wind_generation,Wind Offshore,2026-09-12T19:27:36Z
2026-09-12T19:25:15Z,2026-09-12T21:25:15+0200,4e75698a-a1c7-49b7-b450-41a0b03d3474,2026-09-12T06:00:00Z,2026-09-12T08:00:00+0200,183.0,MW,NL,NL,forecast_offshore_wind_generation,Wind Offshore,2026-09-12T19:27:36Z
2026-09-12T19:25:15Z,2026-09-12T21:25:15+0200,4e75698a-a1c7-49b7-b450-41a0b03d3474,2026-09-12T06:15:00Z,2026-09-12T08:15:00+0200,192.0,MW,NL,NL,forecast_offshore_wind_generation,Wind Offshore,2026-09-12T19:27:36Z
2026-09-12T19:25:15Z,2026-09-12T21:25:15+0200,4e75698a-a1c7-49b7-b450-41a0b03d3474,2026-09-12T06:30:00Z,2026-09-12T08:30:00+0200,200.0,MW,NL,NL,forecast_offshore_wind_generation,Wind Offshore,2026-09-12T19:27:36Z
2026-09-12T19:25:15Z,2026-09-12T21:25:15+0200,4e75698a-a1c7-49b7-b450-41a0b03d3474,2026-09-12T06:45:00Z,2026-09-12T08:45:00+0200,209.0,MW,NL,NL,forecast_offshore_wind_generation,Wind Offshore,2026-09-12T19:27:36Z
2026-09-12T19:25:15Z,2026-09-12T21:25:15+0200,4e75698a-a1c7-49b7-b450-41a0b03d3474,2026-09-12T07:00:00Z,2026-09-12T09:00:00+0200,217.0,MW,NL,NL,forecast_offshore_wind_generation,Wind Offshore,2026-09-12T19:27:36Z
2026-09-12T19:25:15Z,2026-09-12T21:25:15+0200,4e75698a-a1c7-49b7-b450-41a0b03d3474,2026-09-12T07:15:00Z,2026-09-12T09:15:00+0200,226.0,MW,NL,NL,forecast_offshore_wind_generation,Wind Offshore,2026-09-12T19:27:36Z
2026-09-12T19:25:15Z,2026-09-12T21:25:15+0200,4e75698a-a1c7-49b7-b450-41a0b03d3474,2026-09-12T07:30:00Z,2026-09-12T09:30:00+0200,234.0,MW,NL,NL,forecast_offshore_wind_generation,Wind Offshore,2026-09-12T19:27:36Z
2026-09-12T19:25:15Z,2026-09-12T21:25:15+0200,4e75698a-a1c7-49b7-b450-41a0b03d3474,2026-09-12T07:45:00Z,2026-09-12T09:45:00+0200,242.0,MW,NL,NL,forecast_offshore_wind_generation,Wind Offshore,2026-09-12T19:27:36Z
2026-09-12T19:25:15Z,2026-09-12T21:25:15+0200,4e75698a-a1c7-49b7-b450-41a0b03d3474,2026-09-12T08:00:00Z,2026-09-12T10:00:00+0200,251.0,MW,NL,NL,forecast_offshore_wind_generation,Wind Offshore,2026-09-12T19:27:36Z
2026-09-12T19:25:15Z,2026-09-12T21:25:15+0200,4e75698a-a1c7-49b7-b450-41a0b03d3474,2026-09-12T08:15:00Z,2026-09-12T10:15:00+0200,263.0,MW,NL,NL,forecast_offshore_wind_generation,Wind Offshore,2026-09-12T19:27:36Z
2026-09-12T19:25:15Z,2026-09-12T21:25:15+0200,4e75698a-a1c7-49b7-b450-41a0b03d3474,2026-09-12T08:30:00Z,2026-09-12T10:30:00+0200,278.0,MW,NL,NL,forecast_offshore_wind_generation,Wind Offshore,2026-09-12T19:27:36Z
2026-09-12T19:25:15Z,2026-09-12T21:25:15+0200,4e75698a-a1c7-49b7-b450-41a0b03d3474,2026-09-12T08:45:00Z,2026-09-12T10:45:00+0200,294.0,MW,NL,NL,forecast_offshore_wind_generation,Wind Offshore,2026-09-12T19:27:36Z
2026-09-12T19:25:15Z,2026-09-12T21:25:15+0200,4e75698a-a1c7-49b7-b450-41a0b03d3474,2026-09-12T09:00:00Z,2026-09-12T11:00:00+0200,310.0,MW,NL,NL,forecast_offshore_wind_generation,Wind Offshore,2026-09-12T19:27:36Z
2026-09-12T19:25:15Z,2026-09-12T21:25:15+0200,4e75698a-a1c7-49b7-b450-41a0b03d3474,2026-09-12T09:15:00Z,2026-09-12T11:15:00+0200,338.0,MW,NL,NL,forecast_offshore_wind_generation,Wind Offshore,2026-09-12T19:27:36Z
2026-09-12T19:25:15Z,2026-09-12T21:25:15+0200,4e75698a-a1c7-49b7-b450-41a0b03d3474,2026-09-12T09:30:00Z,2026-09-12T11:30:00+0200,379.0,MW,NL,NL,forecast_offshore_wind_generation,Wind Offshore,2026-09-12T19:27:36Z
2026-09-12T19:25:15Z,2026-09-12T21:25:15+0200,4e75698a-a1c7-49b7-b450-41a0b03d3474,2026-09-12T09:45:00Z,2026-09-12T11:45:00+0200,420.0,MW,NL,NL,forecast_offshore_wind_generation,Wind Offshore,2026-09-12T19:27:36Z
2026-09-12T19:25:15Z,2026-09-12T21:25:15+0200,4e75698a-a1c7-49b7-b450-41a0b03d3474,2026-09-12T10:00:00Z,2026-09-12T12:00:00+0200,461.0,MW,NL,NL,forecast_offshore_wind_generation,Wind Offshore,2026-09-12T19:27:36Z
2026-09-12T19:25:15Z,2026-09-12T21:25:15+0200,4e75698a-a1c7-49b7-b450-41a0b03d3474,2026-09-12T10:15:00Z,2026-09-12T12:15:00+0200,507.0,MW,NL,NL,forecast_offshore_wind_generation,Wind Offshore,2026-09-12T19:27:36Z
2026-09-12T19:25:15Z,2026-09-12T21:25:15+0200,4e75698a-a1c7-49b7-b450-41a0b03d3474,2026-09-12T10:30:00Z,2026-09-12T12:30:00+0200,557.0,MW,NL,NL,forecast_offshore_wind_generation,Wind Offshore,2026-09-12T19:27:36Z
2026-09-12T19:25:15Z,2026-09-12T21:25:15+0200,4e75698a-a1c7-49b7-b450-41a0b03d3474,2026-09-12T10:45:00Z,2026-09-12T12:45:00+0200,607.0,MW,NL,NL,forecast_offshore_wind_generation,Wind Offshore,2026-09-12T19:27:36Z
2026-09-12T19:25:15Z,2026-09-12T21:25:15+0200,4e75698a-a1c7-49b7-b450-41a0b03d3474,2026-09-12T11:00:00Z,2026-09-12T13:00:00+0200,657.0,MW,NL,NL,forecast_offshore_wind_generation,Wind Offshore,2026-09-12T19:27:36Z
2026-09-12T19:25:15Z,2026-09-12T21:25:15+0200,4e75698a-a1c7-49b7-b450-41a0b03d3474,2026-09-12T11:15:00Z,2026-09-12T13:15:00+0200,711.0,MW,NL,NL,forecast_offshore_wind_generation,Wind Offshore,2026-09-12T19:27:36Z
2026-09-12T19:25:15Z,2026-09-12T21:25:15+0200,4e75698a-a1c7-49b7-b450-41a0b03d3474,2026-09-12T11:30:00Z,2026-09-12T13:30:00+0200,771.0,MW,NL,NL,forecast_offshore_wind_generation,Wind Offshore,2026-09-12T19:27:36Z
2026-09-12T19:25:15Z,2026-09-12T21:25:15+0200,4e75698a-a1c7-49b7-b450-41a0b03d3474,2026-09-12T11:45:00Z,2026-09-12T13:45:00+0200,830.0,MW,NL,NL,forecast_offshore_wind_generation,Wind Offshore,2026-09-12T19:27:36Z
2026-09-12T19:25:15Z,2026-09-12T21:25:15+0200,4e75698a-a1c7-49b7-b450-41a0b03d3474,2026-09-12T12:00:00Z,2026-09-12T14:00:00+0200,889.0,MW,NL,NL,forecast_offshore_wind_generation,Wind Offshore,2026-09-12T19:27:36Z
2026-09-12T19:25:15Z,2026-09-12T21:25:15+0200,4e75698a-a1c7-49b7-b450-41a0b03d3474,2026-09-12T12:15:00Z,2026-09-12T14:15:00+0200,923.0,MW,NL,NL,forecast_offshore_wind_generation,Wind Offshore,2026-09-12T19:27:36Z
2026-09-12T19:25:15Z,2026-09-12T21:25:15+0200,4e75698a-a1c7-49b7-b450-41a0b03d3474,2026-09-12T12:30:00Z,2026-09-12T14:30:00+0200,931.0,MW,NL,NL,forecast_offshore_wind_generation,Wind Offshore,2026-09-12T19:27:36Z
2026-09-12T19:25:15Z,2026-09-12T21:25:15+0200,4e75698a-a1c7-49b7-b450-41a0b03d3474,2026-09-12T12:45:00Z,2026-09-12T14:45:00+0200,938.0,MW,NL,NL,forecast_offshore_wind_generation,Wind Offshore,2026-09-12T19:27:36Z
2026-09-12T19:25:15Z,2026-09-12T21:25:15+0200,4e75698a-a1c7-49b7-b450-41a0b03d3474,2026-09-12T13:00:00Z,2026-09-12T15:00:00+0200,946.0,MW,NL,NL,forecast_offshore_wind_generation,Wind Offshore,2026-09-12T19:27:36Z
2026-09-12T19:25:15Z,2026-09-12T21:25:15+0200,4e75698a-a1c7-49b7-b450-41a0b03d3474,2026-09-12T13:15:00Z,2026-09-12T15:15:00+0200,945.0,MW,NL,NL,forecast_offshore_wind_generation,Wind Offshore,2026-09-12T19:27:36Z
2026-09-12T19:25:15Z,2026-09-12T21:25:15+0200,4e75698a-a1c7-49b7-b450-41a0b03d3474,2026-09-12T13:30:00Z,2026-09-12T15:30:00+0200,936.0,MW,NL,NL,forecast_offshore_wind_generation,Wind Offshore,2026-09-12T19:27:36Z
2026-09-12T19:25:15Z,2026-09-12T21:25:15+0200,4e75698a-a1c7-49b7-b450-41a0b03d3474,2026-09-12T13:45:00Z,2026-09-12T15:45:00+0200,927.0,MW,NL,NL,forecast_offshore_wind_generation,Wind Offshore,2026-09-12T19:27:36Z
2026-09-12T19:25:15Z,2026-09-12T21:25:15+0200,4e75698a-a1c7-49b7-b450-41a0b03d3474,2026-09-12T14:00:00Z,2026-09-12T16:00:00+0200,918.0,MW,NL,NL,forecast_offshore_wind_generation,Wind Offshore,2026-09-12T19:27:36Z
2026-09-12T19:25:15Z,2026-09-12T21:25:15+0200,4e75698a-a1c7-49b7-b450-41a0b03d3474,2026-09-12T14:15:00Z,2026-09-12T16:15:00+0200,908.0,MW,NL,NL,forecast_offshore_wind_generation,Wind Offshore,2026-09-12T19:27:36Z
2026-09-12T19:25:15Z,2026-09-12T21:25:15+0200,4e75698a-a1c7-49b7-b450-41a0b03d3474,2026-09-12T14:30:00Z,2026-09-12T16:30:00+0200,897.0,MW,NL,NL,forecast_offshore_wind_generation,Wind Offshore,2026-09-12T19:27:36Z
2026-09-12T19:25:15Z,2026-09-12T21:25:15+0200,4e75698a-a1c7-49b7-b450-41a0b03d3474,2026-09-12T14:45:00Z,2026-09-12T16:45:00+0200,886.0,MW,NL,NL,forecast_offshore_wind_generation,Wind Offshore,2026-09-12T19:27:36Z
2026-09-12T19:25:15Z,2026-09-12T21:25:15+0200,4e75698a-a1c7-49b7-b450-41a0b03d3474,2026-09-12T15:00:00Z,2026-09-12T17:00:00+0200,875.0,MW,NL,NL,forecast_offshore_wind_generation,Wind Offshore,2026-09-12T19:27:36Z
2026-09-12T19:25:15Z,2026-09-12T21:25:15+0200,4e75698a-a1c7-49b7-b450-41a0b03d3474,2026-09-12T15:15:00Z,2026-09-12T17:15:00+0200,878.0,MW,NL,NL,forecast_offshore_wind_generation,Wind Offshore,2026-09-12T19:27:36Z
2026-09-12T19:25:15Z,2026-09-12T21:25:15+0200,4e75698a-a1c7-49b7-b450-41a0b03d3474,2026-09-12T15:30:00Z,2026-09-12T17:30:00+0200,895.0,MW,NL,NL,forecast_offshore_wind_generation,Wind Offshore,2026-09-12T19:27:36Z
2026-09-12T19:25:15Z,2026-09-12T21:25:15+0200,4e75698a-a1c7-49b7-b450-41a0b03d3474,2026-09-12T15:45:00Z,2026-09-12T17:45:00+0200,912.0,MW,NL,NL,forecast_offshore_wind_generation,Wind Offshore,2026-09-12T19:27:36Z
2026-09-12T19:25:15Z,2026-09-12T21:25:15+0200,4e75698a-a1c7-49b7-b450-41a0b03d3474,2026-09-12T16:00:00Z,2026-09-12T18:00:00+0200,928.0,MW,NL,NL,forecast_offshore_wind_generation,Wind Offshore,2026-09-12T19:27:36Z
2026-09-12T19:25:15Z,2026-09-12T21:25:15+0200,4e75698a-a1c7-49b7-b450-41a0b03d3474,2026-09-12T16:15:00Z,2026-09-12T18:15:00+0200,949.0,MW,NL,NL,forecast_offshore_wind_generation,Wind Offshore,2026-09-12T19:27:36Z
2026-09-12T19:25:15Z,2026-09-12T21:25:15+0200,4e75698a-a1c7-49b7-b450-41a0b03d3474,2026-09-12T16:30:00Z,2026-09-12T18:30:00+0200,973.0,MW,NL,NL,forecast_offshore_wind_generation,Wind Offshore,2026-09-12T19:27:36Z
2026-09-12T19:25:15Z,2026-09-12T21:25:15+0200,4e75698a-a1c7-49b7-b450-41a0b03d3474,2026-09-12T16:45:00Z,2026-09-12T18:45:00+0200,998.0,MW,NL,NL,forecast_offshore_wind_generation,Wind Offshore,2026-09-12T19:27:36Z
2026-09-12T19:25:15Z,2026-09-12T21:25:15+0200,4e75698a-a1c7-49b7-b450-41a0b03d3474,2026-09-12T17:00:00Z,2026-09-12T19:00:00+0200,1022.0,MW,NL,NL,forecast_offshore_wind_generation,Wind Offshore,2026-09-12T19:27:36Z
2026-09-12T19:25:15Z,2026-09-12T21:25:15+0200,4e75698a-a1c7-49b7-b450-41a0b03d3474,2026-09-12T17:15:00Z,2026-09-12T19:15:00+0200,1042.0,MW,NL,NL,forecast_offshore_wind_generation,Wind Offshore,2026-09-12T19:27:36Z
2026-09-12T19:25:15Z,2026-09-12T21:25:15+0200,4e75698a-a1c7-49b7-b450-41a0b03d3474,2026-09-12T17:30:00Z,2026-09-12T19:30:00+0200,1058.0,MW,NL,NL,forecast_offshore_wind_generation,Wind Offshore,2026-09-12T19:27:36Z
2026-09-12T19:25:15Z,2026-09-12T21:25:15+0200,4e75698a-a1c7-49b7-b450-41a0b03d3474,2026-09-12T17:45:00Z,2026-09-12T19:45:00+0200,1074.0,MW,NL,NL,forecast_offshore_wind_generation,Wind Offshore,2026-09-12T19:27:36Z
2026-09-12T19:25:15Z,2026-09-12T21:25:15+0200,4e75698a-a1c7-49b7-b450-41a0b03d3474,2026-09-12T18:00:00Z,2026-09-12T20:00:00+0200,1090.0,MW,NL,NL,forecast_offshore_wind_generation,Wind Offshore,2026-09-12T19:27:36Z
2026-09-12T19:25:15Z,2026-09-12T21:25:15+0200,4e75698a-a1c7-49b7-b450-41a0b03d3474,2026-09-12T18:15:00Z,2026-09-12T20:15:00+0200,1100.0,MW,NL,NL,forecast_offshore_wind_generation,Wind Offshore,2026-09-12T19:27:36Z
2026-09-12T19:25:15Z,2026-09-12T21:25:15+0200,4e75698a-a1c7-49b7-b450-41a0b03d3474,2026-09-12T18:30:00Z,2026-09-12T20:30:00+0200,1104.0,MW,NL,NL,forecast_offshore_wind_generation,Wind Offshore,2026-09-12T19:27:36Z
2026-09-12T19:25:15Z,2026-09-12T21:25:15+0200,4e75698a-a1c7-49b7-b450-41a0b03d3474,2026-09-12T18:45:00Z,2026-09-12T20:45:00+0200,1107.0,MW,NL,NL,forecast_offshore_wind_generation,Wind Offshore,2026-09-12T19:27:36Z
2026-09-12T19:25:15Z,2026-09-12T21:25:15+0200,4e75698a-a1c7-49b7-b450-41a0b03d3474,2026-09-12T19:00:00Z,2026-09-12T21:00:00+0200,1111.0,MW,NL,NL,forecast_offshore_wind_generation,Wind Offshore,2026-09-12T19:27:36Z
2026-09-12T19:25:15Z,2026-09-12T21:25:15+0200,4e75698a-a1c7-49b7-b450-41a0b03d3474,2026-09-12T19:15:00Z,2026-09-12T21:15:00+0200,1115.0,MW,NL,NL,forecast_offshore_wind_generation,Wind Offshore,2026-09-12T19:27:36Z
2026-09-12T19:25:15Z,2026-09-12T21:25:15+0200,4e75698a-a1c7-49b7-b450-41a0b03d3474,2026-09-12T19:30:00Z,2026-09-12T21:30:00+0200,1119.0,MW,NL,NL,forecast_offshore_wind_generation,Wind Offshore,2026-09-12T19:27:36Z
2026-09-12T19:25:15Z,2026-09-12T21:25:15+0200,4e75698a-a1c7-49b7-b450-41a0b03d3474,2026-09-12T20:00:00Z,2026-09-12T22:00:00+0200,1127.0,MW,NL,NL,forecast_offshore_wind_generation,Wind Offshore,2026-09-12T19:27:42Z
2026-09-12T19:25:15Z,2026-09-12T21:25:15+0200,4e75698a-a1c7-49b7-b450-41a0b03d3474,2026-09-12T20:15:00Z,2026-09-12T22:15:00+0200,1130.0,MW,NL,NL,forecast_offshore_wind_generation,Wind Offshore,2026-09-12T19:27:42Z
2026-09-12T19:25:15Z,2026-09-12T21:25:15+0200,4e75698a-a1c7-49b7-b450-41a0b03d3474,2026-09-12T20:30:00Z,2026-09-12T22:30:00+0200,1132.0,MW,NL,NL,forecast_offshore_wind_generation,Wind Offshore,2026-09-12T19:27:42Z
2026-09-12T19:25:15Z,2026-09-12T21:25:15+0200,4e75698a-a1c7-49b7-b450-41a0b03d3474,2026-09-12T20:45:00Z,2026-09-12T22:45:00+0200,1133.0,MW,NL,NL,forecast_offshore_wind_generation,Wind Offshore,2026-09-12T19:27:42Z
2026-09-12T19:25:15Z,2026-09-12T21:25:15+0200,4e75698a-a1c7-49b7-b450-41a0b03d3474,2026-09-12T21:00:00Z,2026-09-12T23:00:00+0200,1135.0,MW,NL,NL,forecast_offshore_wind_generation,Wind Offshore,2026-09-12T19:27:42Z
2026-09-12T19:25:15Z,2026-09-12T21:25:15+0200,4e75698a-a1c7-49b7-b450-41a0b03d3474,2026-09-12T21:15:00Z,2026-09-12T23:15:00+0200,1137.0,MW,NL,NL,forecast_offshore_wind_generation,Wind Offshore,2026-09-12T19:27:42Z
2026-09-12T19:25:15Z,2026-09-12T21:25:15+0200,4e75698a-a1c7-49b7-b450-41a0b03d3474,2026-09-12T21:30:00Z,2026-09-12T23:30:00+0200,1138.0,MW,NL,NL,forecast_offshore_wind_generation,Wind Offshore,2026-09-12T19:27:42Z
2026-09-12T19:25:15Z,2026-09-12T21:25:15+0200,4e75698a-a1c7-49b7-b450-41a0b03d3474,2026-09-12T21:45:00Z,2026-09-12T23:45:00+0200,1140.0,MW,NL,NL,forecast_offshore_wind_generation,Wind Offshore,2026-09-12T19:27:42Z
2026-09-12T19:25:15Z,2026-09-12T21:25:15+0200,4e75698a-a1c7-49b7-b450-41a0b03d3474,2026-09-12T22:00:00Z,2026-09-13T00:00:00+0200,1203.0,MW,NL,NL,forecast_offshore_wind_generation,Wind Offshore,2026-09-12T19:27:42Z
2026-09-12T19:25:15Z,2026-09-12T21:25:15+0200,4e75698a-a1c7-49b7-b450-41a0b03d3474,2026-09-12T22:15:00Z,2026-09-13T00:15:00+0200,1197.0,MW,NL,NL,forecast_offshore_wind_generation,Wind Offshore,2026-09-12T19:27:42Z
2026-09-12T19:25:15Z,2026-09-12T21:25:15+0200,4e75698a-a1c7-49b7-b450-41a0b03d3474,2026-09-12T22:30:00Z,2026-09-13T00:30:00+0200,1191.0,MW,NL,NL,forecast_offshore_wind_generation,Wind Offshore,2026-09-12T19:27:42Z
2026-09-12T19:25:15Z,2026-09-12T21:25:15+0200,4e75698a-a1c7-49b7-b450-41a0b03d3474,2026-09-12T22:45:00Z,2026-09-13T00:45:00+0200,1185.0,MW,NL,NL,forecast_offshore_wind_generation,Wind Offshore,2026-09-12T19:27:42Z
2026-09-12T19:25:15Z,2026-09-12T21:25:15+0200,4e75698a-a1c7-49b7-b450-41a0b03d3474,2026-09-12T23:00:00Z,2026-09-13T01:00:00+0200,1179.0,MW,NL,NL,forecast_offshore_wind_generation,Wind Offshore,2026-09-12T19:27:42Z
2026-09-12T19:25:15Z,2026-09-12T21:25:15+0200,4e75698a-a1c7-49b7-b450-41a0b03d3474,2026-09-12T23:15:00Z,2026-09-13T01:15:00+0200,1171.0,MW,NL,NL,forecast_offshore_wind_generation,Wind Offshore,2026-09-12T19:27:42Z
2026-09-12T19:25:15Z,2026-09-12T21:25:15+0200,4e75698a-a1c7-49b7-b450-41a0b03d3474,2026-09-12T23:30:00Z,2026-09-13T01:30:00+0200,1162.0,MW,NL,NL,forecast_offshore_wind_generation,Wind Offshore,2026-09-12T19:27:42Z
2026-09-12T19:25:15Z,2026-09-12T21:25:15+0200,4e75698a-a1c7-49b7-b450-41a0b03d3474,2026-09-12T23:45:00Z,2026-09-13T01:45:00+0200,1152.0,MW,NL,NL,forecast_offshore_wind_generation,Wind Offshore,2026-09-12T19:27:42Z
2026-09-12T19:25:15Z,2026-09-12T21:25:15+0200,4e75698a-a1c7-49b7-b450-41a0b03d3474,2026-09-13T00:00:00Z,2026-09-13T02:00:00+0200,1142.0,MW,NL,NL,forecast_offshore_wind_generation,Wind Offshore,2026-09-12T19:27:42Z
2026-09-12T19:25:15Z,2026-09-12T21:25:15+0200,4e75698a-a1c7-49b7-b450-41a0b03d3474,2026-09-13T00:15:00Z,2026-09-13T02:15:00+0200,1127.0,MW,NL,NL,forecast_offshore_wind_generation,Wind Offshore,2026-09-12T19:27:42Z
2026-09-12T19:25:15Z,2026-09-12T21:25:15+0200,4e75698a-a1c7-49b7-b450-41a0b03d3474,2026-09-13T00:30:00Z,2026-09-13T02:30:00+0200,1108.0,MW,NL,NL,forecast_offshore_wind_generation,Wind Offshore,2026-09-12T19:27:42Z
2026-09-12T19:25:15Z,2026-09-12T21:25:15+0200,4e75698a-a1c7-49b7-b450-41a0b03d3474,2026-09-13T00:45:00Z,2026-09-13T02:45:00+0200,1088.0,MW,NL,NL,forecast_offshore_wind_generation,Wind Offshore,2026-09-12T19:27:42Z
2026-09-12T19:25:15Z,2026-09-12T21:25:15+0200,4e75698a-a1c7-49b7-b450-41a0b03d3474,2026-09-13T01:00:00Z,2026-09-13T03:00:00+0200,1069.0,MW,NL,NL,forecast_offshore_wind_generation,Wind Offshore,2026-09-12T19:27:42Z
2026-09-12T19:25:15Z,2026-09-12T21:25:15+0200,4e75698a-a1c7-49b7-b450-41a0b03d3474,2026-09-13T01:15:00Z,2026-09-13T03:15:00+0200,1050.0,MW,NL,NL,forecast_offshore_wind_generation,Wind Offshore,2026-09-12T19:27:42Z
2026-09-12T19:25:15Z,2026-09-12T21:25:15+0200,4e75698a-a1c7-49b7-b450-41a0b03d3474,2026-09-13T01:30:00Z,2026-09-13T03:30:00+0200,1031.0,MW,NL,NL,forecast_offshore_wind_generation,Wind Offshore,2026-09-12T19:27:42Z
2026-09-12T19:25:15Z,2026-09-12T21:25:15+0200,4e75698a-a1c7-49b7-b450-41a0b03d3474,2026-09-13T01:45:00Z,2026-09-13T03:45:00+0200,1013.0,MW,NL,NL,forecast_offshore_wind_generation,Wind Offshore,2026-09-12T19:27:42Z
2026-09-12T19:25:15Z,2026-09-12T21:25:15+0200,4e75698a-a1c7-49b7-b450-41a0b03d3474,2026-09-13T02:00:00Z,2026-09-13T04:00:00+0200,995.0,MW,NL,NL,forecast_offshore_wind_generation,Wind Offshore,2026-09-12T19:27:42Z
2026-09-12T19:25:15Z,2026-09-12T21:25:15+0200,4e75698a-a1c7-49b7-b450-41a0b03d3474,2026-09-13T02:15:00Z,2026-09-13T04:15:00+0200,975.0,MW,NL,NL,forecast_offshore_wind_generation,Wind Offshore,2026-09-12T19:27:42Z
2026-09-12T19:25:15Z,2026-09-12T21:25:15+0200,4e75698a-a1c7-49b7-b450-41a0b03d3474,2026-09-13T02:30:00Z,2026-09-13T04:30:00+0200,954.0,MW,NL,NL,forecast_offshore_wind_generation,Wind Offshore,2026-09-12T19:27:42Z
2026-09-12T19:25:15Z,2026-09-12T21:25:15+0200,4e75698a-a1c7-49b7-b450-41a0b03d3474,2026-09-13T02:45:00Z,2026-09-13T04:45:00+0200,932.0,MW,NL,NL,forecast_offshore_wind_generation,Wind Offshore,2026-09-12T19:27:42Z
2026-09-12T19:25:15Z,2026-09-12T21:25:15+0200,4e75698a-a1c7-49b7-b450-41a0b03d3474,2026-09-13T03:00:00Z,2026-09-13T05:00:00+0200,911.0,MW,NL,NL,forecast_offshore_wind_generation,Wind Offshore,2026-09-12T19:27:42Z
2026-09-12T19:25:15Z,2026-09-12T21:25:15+0200,4e75698a-a1c7-49b7-b450-41a0b03d3474,2026-09-13T03:15:00Z,2026-09-13T05:15:00+0200,891.0,MW,NL,NL,forecast_offshore_wind_generation,Wind Offshore,2026-09-12T19:27:42Z
2026-09-12T19:25:15Z,2026-09-12T21:25:15+0200,4e75698a-a1c7-49b7-b450-41a0b03d3474,2026-09-13T03:30:00Z,2026-09-13T05:30:00+0200,872.0,MW,NL,NL,forecast_offshore_wind_generation,Wind Offshore,2026-09-12T19:27:42Z
2026-09-12T19:25:15Z,2026-09-12T21:25:15+0200,4e75698a-a1c7-49b7-b450-41a0b03d3474,2026-09-13T03:45:00Z,2026-09-13T05:45:00+0200,853.0,MW,NL,NL,forecast_offshore_wind_generation,Wind Offshore,2026-09-12T19:27:42Z
2026-09-12T19:25:15Z,2026-09-12T21:25:15+0200,4e75698a-a1c7-49b7-b450-41a0b03d3474,2026-09-13T04:00:00Z,2026-09-13T06:00:00+0200,834.0,MW,NL,NL,forecast_offshore_wind_generation,Wind Offshore,2026-09-12T19:27:42Z
2026-09-12T19:25:15Z,2026-09-12T21:25:15+0200,4e75698a-a1c7-49b7-b450-41a0b03d3474,2026-09-13T04:15:00Z,2026-09-13T06:15:00+0200,812.0,MW,NL,NL,forecast_offshore_wind_generation,Wind Offshore,2026-09-12T19:27:42Z
2026-09-12T19:25:15Z,2026-09-12T21:25:15+0200,4e75698a-a1c7-49b7-b450-41a0b03d3474,2026-09-13T04:30:00Z,2026-09-13T06:30:00+0200,788.0,MW,NL,NL,forecast_offshore_wind_generation,Wind Offshore,2026-09-12T19:27:42Z
2026-09-12T19:25:15Z,2026-09-12T21:25:15+0200,4e75698a-a1c7-49b7-b450-41a0b03d3474,2026-09-13T04:45:00Z,2026-09-13T06:45:00+0200,763.0,MW,NL,NL,forecast_offshore_wind_generation,Wind Offshore,2026-09-12T19:27:42Z
2026-09-12T19:25:15Z,2026-09-12T21:25:15+0200,4e75698a-a1c7-49b7-b450-41a0b03d3474,2026-09-13T05:00:00Z,2026-09-13T07:00:00+0200,739.0,MW,NL,NL,forecast_offshore_wind_generation,Wind Offshore,2026-09-12T19:27:42Z
2026-09-12T19:25:15Z,2026-09-12T21:25:15+0200,4e75698a-a1c7-49b7-b450-41a0b03d3474,2026-09-13T05:15:00Z,2026-09-13T07:15:00+0200,715.0,MW,NL,NL,forecast_offshore_wind_generation,Wind Offshore,2026-09-12T19:27:42Z
2026-09-12T19:25:15Z,2026-09-12T21:25:15+0200,4e75698a-a1c7-49b7-b450-41a0b03d3474,2026-09-13T05:30:00Z,2026-09-13T07:30:00+0200,691.0,MW,NL,NL,forecast_offshore_wind_generation,Wind Offshore,2026-09-12T19:27:42Z
2026-09-12T19:25:15Z,2026-09-12T21:25:15+0200,4e75698a-a1c7-49b7-b450-41a0b03d3474,2026-09-13T05:45:00Z,2026-09-13T07:45:00+0200,667.0,MW,NL,NL,forecast_offshore_wind_generation,Wind Offshore,2026-09-12T19:27:42Z
2026-09-12T19:25:15Z,2026-09-12T21:25:15+0200,4e75698a-a1c7-49b7-b450-41a0b03d3474,2026-09-13T06:00:00Z,2026-09-13T08:00:00+0200,643.0,MW,NL,NL,forecast_offshore_wind_generation,Wind Offshore,2026-09-12T19:27:42Z
2026-09-12T19:25:15Z,2026-09-12T21:25:15+0200,4e75698a-a1c7-49b7-b450-41a0b03d3474,2026-09-13T06:15:00Z,2026-09-13T08:15:00+0200,621.0,MW,NL,NL,forecast_offshore_wind_generation,Wind Offshore,2026-09-12T19:27:42Z
2026-09-12T19:25:15Z,2026-09-12T21:25:15+0200,4e75698a-a1c7-49b7-b450-41a0b03d3474,2026-09-13T06:30:00Z,2026-09-13T08:30:00+0200,599.0,MW,NL,NL,forecast_offshore_wind_generation,Wind Offshore,2026-09-12T19:27:42Z
2026-09-12T19:25:15Z,2026-09-12T21:25:15+0200,4e75698a-a1c7-49b7-b450-41a0b03d3474,2026-09-13T06:45:00Z,2026-09-13T08:45:00+0200,577.0,MW,NL,NL,forecast_offshore_wind_generation,Wind Offshore,2026-09-12T19:27:42Z
2026-09-12T19:25:15Z,2026-09-12T21:25:15+0200,4e75698a-a1c7-49b7-b450-41a0b03d3474,2026-09-13T07:00:00Z,2026-09-13T09:00:00+0200,556.0,MW,NL,NL,forecast_offshore_wind_generation,Wind Offshore,2026-09-12T19:27:42Z
2026-09-12T19:25:15Z,2026-09-12T21:25:15+0200,4e75698a-a1c7-49b7-b450-41a0b03d3474,2026-09-13T07:15:00Z,2026-09-13T09:15:00+0200,535.0,MW,NL,NL,forecast_offshore_wind_generation,Wind Offshore,2026-09-12T19:27:42Z
2026-09-12T19:25:15Z,2026-09-12T21:25:15+0200,4e75698a-a1c7-49b7-b450-41a0b03d3474,2026-09-13T07:30:00Z,2026-09-13T09:30:00+0200,514.0,MW,NL,NL,forecast_offshore_wind_generation,Wind Offshore,2026-09-12T19:27:42Z
2026-09-12T19:25:15Z,2026-09-12T21:25:15+0200,4e75698a-a1c7-49b7-b450-41a0b03d3474,2026-09-13T07:45:00Z,2026-09-13T09:45:00+0200,493.0,MW,NL,NL,forecast_offshore_wind_generation,Wind Offshore,2026-09-12T19:27:42Z
2026-09-12T19:25:15Z,2026-09-12T21:25:15+0200,4e75698a-a1c7-49b7-b450-41a0b03d3474,2026-09-13T08:00:00Z,2026-09-13T10:00:00+0200,472.0,MW,NL,NL,forecast_offshore_wind_generation,Wind Offshore,2026-09-12T19:27:42Z
2026-09-12T19:25:15Z,2026-09-12T21:25:15+0200,4e75698a-a1c7-49b7-b450-41a0b03d3474,2026-09-13T08:15:00Z,2026-09-13T10:15:00+0200,455.0,MW,NL,NL,forecast_offshore_wind_generation,Wind Offshore,2026-09-12T19:27:42Z
2026-09-12T19:25:15Z,2026-09-12T21:25:15+0200,4e75698a-a1c7-49b7-b450-41a0b03d3474,2026-09-13T08:30:00Z,2026-09-13T10:30:00+0200,440.0,MW,NL,NL,forecast_offshore_wind_generation,Wind Offshore,2026-09-12T19:27:42Z
2026-09-12T19:25:15Z,2026-09-12T21:25:15+0200,4e75698a-a1c7-49b7-b450-41a0b03d3474,2026-09-13T08:45:00Z,2026-09-13T10:45:00+0200,425.0,MW,NL,NL,forecast_offshore_wind_generation,Wind Offshore,2026-09-12T19:27:42Z
2026-09-12T19:25:15Z,2026-09-12T21:25:15+0200,4e75698a-a1c7-49b7-b450-41a0b03d3474,2026-09-13T09:00:00Z,2026-09-13T11:00:00+0200,410.0,MW,NL,NL,forecast_offshore_wind_generation,Wind Offshore,2026-09-12T19:27:42Z
2026-09-12T19:25:15Z,2026-09-12T21:25:15+0200,4e75698a-a1c7-49b7-b450-41a0b03d3474,2026-09-13T09:15:00Z,2026-09-13T11:15:00+0200,395.0,MW,NL,NL,forecast_offshore_wind_generation,Wind Offshore,2026-09-12T19:27:42Z
2026-09-12T19:25:15Z,2026-09-12T21:25:15+0200,4e75698a-a1c7-49b7-b450-41a0b03d3474,2026-09-13T09:30:00Z,2026-09-13T11:30:00+0200,381.0,MW,NL,NL,forecast_offshore_wind_generation,Wind Offshore,2026-09-12T19:27:42Z
2026-09-12T19:25:15Z,2026-09-12T21:25:15+0200,4e75698a-a1c7-49b7-b450-41a0b03d3474,2026-09-13T09:45:00Z,2026-09-13T11:45:00+0200,366.0,MW,NL,NL,forecast_offshore_wind_generation,Wind Offshore,2026-09-12T19:27:42Z
2026-09-12T19:25:15Z,2026-09-12T21:25:15+0200,4e75698a-a1c7-49b7-b450-41a0b03d3474,2026-09-13T10:00:00Z,2026-09-13T12:00:00+0200,352.0,MW,NL,NL,forecast_offshore_wind_generation,Wind Offshore,2026-09-12T19:27:42Z
2026-09-12T19:25:15Z,2026-09-12T21:25:15+0200,4e75698a-a1c7-49b7-b450-41a0b03d3474,2026-09-13T10:15:00Z,2026-09-13T12:15:00+0200,337.0,MW,NL,NL,forecast_offshore_wind_generation,Wind Offshore,2026-09-12T19:27:42Z
2026-09-12T19:25:15Z,2026-09-12T21:25:15+0200,4e75698a-a1c7-49b7-b450-41a0b03d3474,2026-09-13T10:30:00Z,2026-09-13T12:30:00+0200,322.0,MW,NL,NL,forecast_offshore_wind_generation,Wind Offshore,2026-09-12T19:27:42Z
2026-09-12T19:25:15Z,2026-09-12T21:25:15+0200,4e75698a-a1c7-49b7-b450-41a0b03d3474,2026-09-13T10:45:00Z,2026-09-13T12:45:00+0200,306.0,MW,NL,NL,forecast_offshore_wind_generation,Wind Offshore,2026-09-12T19:27:42Z
2026-09-12T19:25:15Z,2026-09-12T21:25:15+0200,4e75698a-a1c7-49b7-b450-41a0b03d3474,2026-09-13T11:00:00Z,2026-09-13T13:00:00+0200,290.0,MW,NL,NL,forecast_offshore_wind_generation,Wind Offshore,2026-09-12T19:27:42Z
2026-09-12T19:25:15Z,2026-09-12T21:25:15+0200,4e75698a-a1c7-49b7-b450-41a0b03d3474,2026-09-13T11:15:00Z,2026-09-13T13:15:00+0200,279.0,MW,NL,NL,forecast_offshore_wind_generation,Wind Offshore,2026-09-12T19:27:42Z
2026-09-12T19:25:15Z,2026-09-12T21:25:15+0200,4e75698a-a1c7-49b7-b450-41a0b03d3474,2026-09-13T11:30:00Z,2026-09-13T13:30:00+0200,270.0,MW,NL,NL,forecast_offshore_wind_generation,Wind Offshore,2026-09-12T19:27:42Z
2026-09-12T19:25:15Z,2026-09-12T21:25:15+0200,4e75698a-a1c7-49b7-b450-41a0b03d3474,2026-09-13T11:45:00Z,2026-09-13T13:45:00+0200,262.0,MW,NL,NL,forecast_offshore_wind_generation,Wind Offshore,2026-09-12T19:27:42Z
2026-09-12T19:25:15Z,2026-09-12T21:25:15+0200,4e75698a-a1c7-49b7-b450-41a0b03d3474,2026-09-13T12:00:00Z,2026-09-13T14:00:00+0200,253.0,MW,NL,NL,forecast_offshore_wind_generation,Wind Offshore,2026-09-12T19:27:42Z
2026-09-12T19:25:15Z,2026-09-12T21:25:15+0200,4e75698a-a1c7-49b7-b450-41a0b03d3474,2026-09-13T12:15:00Z,2026-09-13T14:15:00+0200,243.0,MW,NL,NL,forecast_offshore_wind_generation,Wind Offshore,2026-09-12T19:27:42Z
2026-09-12T19:25:15Z,2026-09-12T21:25:15+0200,4e75698a-a1c7-49b7-b450-41a0b03d3474,2026-09-13T12:30:00Z,2026-09-13T14:30:00+0200,231.0,MW,NL,NL,forecast_offshore_wind_generation,Wind Offshore,2026-09-12T19:27:42Z
2026-09-12T19:25:15Z,2026-09-12T21:25:15+0200,4e75698a-a1c7-49b7-b450-41a0b03d3474,2026-09-13T12:45:00Z,2026-09-13T14:45:00+0200,220.0,MW,NL,NL,forecast_offshore_wind_generation,Wind Offshore,2026-09-12T19:27:42Z
2026-09-12T19:25:15Z,2026-09-12T21:25:15+0200,4e75698a-a1c7-49b7-b450-41a0b03d3474,2026-09-13T13:00:00Z,2026-09-13T15:00:00+0200,208.0,MW,NL,NL,forecast_offshore_wind_generation,Wind Offshore,2026-09-12T19:27:42Z
2026-09-12T19:25:15Z,2026-09-12T21:25:15+0200,4e75698a-a1c7-49b7-b450-41a0b03d3474,2026-09-13T13:15:00Z,2026-09-13T15:15:00+0200,198.0,MW,NL,NL,forecast_offshore_wind_generation,Wind Offshore,2026-09-12T19:27:42Z
2026-09-12T19:25:15Z,2026-09-12T21:25:15+0200,4e75698a-a1c7-49b7-b450-41a0b03d3474,2026-09-13T13:30:00Z,2026-09-13T15:30:00+0200,190.0,MW,NL,NL,forecast_offshore_wind_generation,Wind Offshore,2026-09-12T19:27:42Z
2026-09-12T19:25:15Z,2026-09-12T21:25:15+0200,4e75698a-a1c7-49b7-b450-41a0b03d3474,2026-09-13T13:45:00Z,2026-09-13T15:45:00+0200,183.0,MW,NL,NL,forecast_offshore_wind_generation,Wind Offshore,2026-09-12T19:27:42Z
2026-09-12T19:25:15Z,2026-09-12T21:25:15+0200,4e75698a-a1c7-49b7-b450-41a0b03d3474,2026-09-13T14:00:00Z,2026-09-13T16:00:00+0200,175.0,MW,NL,NL,forecast_offshore_wind_generation,Wind Offshore,2026-09-12T19:27:42Z
2026-09-12T19:25:15Z,2026-09-12T21:25:15+0200,4e75698a-a1c7-49b7-b450-41a0b03d3474,2026-09-13T14:15:00Z,2026-09-13T16:15:00+0200,170.0,MW,NL,NL,forecast_offshore_wind_generation,Wind Offshore,2026-09-12T19:27:42Z
2026-09-12T19:25:15Z,2026-09-12T21:25:15+0200,4e75698a-a1c7-49b7-b450-41a0b03d3474,2026-09-13T14:30:00Z,2026-09-13T16:30:00+0200,167.0,MW,NL,NL,forecast_offshore_wind_generation,Wind Offshore,2026-09-12T19:27:42Z
2026-09-12T19:25:15Z,2026-09-12T21:25:15+0200,4e75698a-a1c7-49b7-b450-41a0b03d3474,2026-09-13T14:45:00Z,2026-09-13T16:45:00+0200,165.0,MW,NL,NL,forecast_offshore_wind_generation,Wind Offshore,2026-09-12T19:27:42Z
2026-09-12T19:25:15Z,2026-09-12T21:25:15+0200,4e75698a-a1c7-49b7-b450-41a0b03d3474,2026-09-13T15:00:00Z,2026-09-13T17:00:00+0200,162.0,MW,NL,NL,forecast_offshore_wind_generation,Wind Offshore,2026-09-12T19:27:42Z
2026-09-12T19:25:15Z,2026-09-12T21:25:15+0200,4e75698a-a1c7-49b7-b450-41a0b03d3474,2026-09-13T15:15:00Z,2026-09-13T17:15:00+0200,156.0,MW,NL,NL,forecast_offshore_wind_generation,Wind Offshore,2026-09-12T19:27:42Z
2026-09-12T19:25:15Z,2026-09-12T21:25:15+0200,4e75698a-a1c7-49b7-b450-41a0b03d3474,2026-09-13T15:30:00Z,2026-09-13T17:30:00+0200,147.0,MW,NL,NL,forecast_offshore_wind_generation,Wind Offshore,2026-09-12T19:27:42Z
2026-09-12T19:25:15Z,2026-09-12T21:25:15+0200,4e75698a-a1c7-49b7-b450-41a0b03d3474,2026-09-13T15:45:00Z,2026-09-13T17:45:00+0200,138.0,MW,NL,NL,forecast_offshore_wind_generation,Wind Offshore,2026-09-12T19:27:42Z
2026-09-12T19:25:15Z,2026-09-12T21:25:15+0200,4e75698a-a1c7-49b7-b450-41a0b03d3474,2026-09-13T16:00:00Z,2026-09-13T18:00:00+0200,129.0,MW,NL,NL,forecast_offshore_wind_generation,Wind Offshore,2026-09-12T19:27:42Z
2026-09-12T19:25:15Z,2026-09-12T21:25:15+0200,4e75698a-a1c7-49b7-b450-41a0b03d3474,2026-09-13T16:15:00Z,2026-09-13T18:15:00+0200,119.0,MW,NL,NL,forecast_offshore_wind_generation,Wind Offshore,2026-09-12T19:27:42Z
2026-09-12T19:25:15Z,2026-09-12T21:25:15+0200,4e75698a-a1c7-49b7-b450-41a0b03d3474,2026-09-13T16:30:00Z,2026-09-13T18:30:00+0200,109.0,MW,NL,NL,forecast_offshore_wind_generation,Wind Offshore,2026-09-12T19:27:42Z
2026-09-12T19:25:15Z,2026-09-12T21:25:15+0200,4e75698a-a1c7-49b7-b450-41a0b03d3474,2026-09-13T16:45:00Z,2026-09-13T18:45:00+0200,100.0,MW,NL,NL,forecast_offshore_wind_generation,Wind Offshore,2026-09-12T19:27:42Z
2026-09-12T19:25:15Z,2026-09-12T21:25:15+0200,4e75698a-a1c7-49b7-b450-41a0b03d3474,2026-09-13T17:00:00Z,2026-09-13T19:00:00+0200,90.0,MW,NL,NL,forecast_offshore_wind_generation,Wind Offshore,2026-09-12T19:27:42Z
2026-09-12T19:25:15Z,2026-09-12T21:25:15+0200,4e75698a-a1c7-49b7-b450-41a0b03d3474,2026-09-13T17:15:00Z,2026-09-13T19:15:00+0200,83.0,MW,NL,NL,forecast_offshore_wind_generation,Wind Offshore,2026-09-12T19:27:42Z
2026-09-12T19:25:15Z,2026-09-12T21:25:15+0200,4e75698a-a1c7-49b7-b450-41a0b03d3474,2026-09-13T17:30:00Z,2026-09-13T19:30:00+0200,78.0,MW,NL,NL,forecast_offshore_wind_generation,Wind Offshore,2026-09-12T19:27:42Z
2026-09-12T19:25:15Z,2026-09-12T21:25:15+0200,4e75698a-a1c7-49b7-b450-41a0b03d3474,2026-09-13T17:45:00Z,2026-09-13T19:45:00+0200,73.0,MW,NL,NL,forecast_offshore_wind_generation,Wind Offshore,2026-09-12T19:27:42Z
2026-09-12T19:25:15Z,2026-09-12T21:25:15+0200,4e75698a-a1c7-49b7-b450-41a0b03d3474,2026-09-13T18:00:00Z,2026-09-13T20:00:00+0200,68.0,MW,NL,NL,forecast_offshore_wind_generation,Wind Offshore,2026-09-12T19:27:42Z
2026-09-12T19:25:15Z,2026-09-12T21:25:15+0200,4e75698a-a1c7-49b7-b450-41a0b03d3474,2026-09-13T18:15:00Z,2026-09-13T20:15:00+0200,66.0,MW,NL,NL,forecast_offshore_wind_generation,Wind Offshore,2026-09-12T19:27:42Z
2026-09-12T19:25:15Z,2026-09-12T21:25:15+0200,4e75698a-a1c7-49b7-b450-41a0b03d3474,2026-09-13T18:30:00Z,2026-09-13T20:30:00+0200,66.0,MW,NL,NL,forecast_offshore_wind_generation,Wind Offshore,2026-09-12T19:27:42Z
2026-09-12T19:25:15Z,2026-09-12T21:25:15+0200,4e75698a-a1c7-49b7-b450-41a0b03d3474,2026-09-13T18:45:00Z,2026-09-13T20:45:00+0200,67.0,MW,NL,NL,forecast_offshore_wind_generation,Wind Offshore,2026-09-12T19:27:42Z
2026-09-12T19:25:15Z,2026-09-12T21:25:15+0200,4e75698a-a1c7-49b7-b450-41a0b03d3474,2026-09-13T19:00:00Z,2026-09-13T21:00:00+0200,67.0,MW,NL,NL,forecast_offshore_wind_generation,Wind Offshore,2026-09-12T19:27:42Z
2026-09-12T19:25:15Z,2026-09-12T21:25:15+0200,4e75698a-a1c7-49b7-b450-41a0b03d3474,2026-09-13T19:15:00Z,2026-09-13T21:15:00+0200,67.0,MW,NL,NL,forecast_offshore_wind_generation,Wind Offshore,2026-09-12T19:27:42Z
2026-09-12T19:25:15Z,2026-09-12T21:25:15+0200,4e75698a-a1c7-49b7-b450-41a0b03d3474,2026-09-13T19:30:00Z,2026-09-13T21:30:00+0200,67.0,MW,NL,NL,forecast_offshore_wind_generation,Wind Offshore,2026-09-12T19:27:42Z
2026-09-12T19:25:15Z,2026-09-12T21:25:15+0200,4e75698a-a1c7-49b7-b450-41a0b03d3474,2026-09-13T19:45:00Z,2026-09-13T21:45:00+0200,67.0,MW,NL,NL,forecast_offshore_wind_generation,Wind Offshore,2026-09-12T19:27:42Z
2026-09-12T19:25:15Z,2026-09-12T21:25:15+0200,4e75698a-a1c7-49b7-b450-41a0b03d3474,2026-09-13T20:00:00Z,2026-09-13T22:00:00+0200,67.0,MW,NL,NL,forecast_offshore_wind_generation,Wind Offshore,2026-09-12T19:27:42Z
2026-09-12T19:25:15Z,2026-09-12T21:25:15+0200,4e75698a-a1c7-49b7-b450-41a0b03d3474,2026-09-13T20:15:00Z,2026-09-13T22:15:00+0200,68.0,MW,NL,NL,forecast_offshore_wind_generation,Wind Offshore,2026-09-12T19:27:42Z
2026-09-12T19:25:15Z,2026-09-12T21:25:15+0200,4e75698a-a1c7-49b7-b450-41a0b03d3474,2026-09-13T20:30:00Z,2026-09-13T22:30:00+0200,68.0,MW,NL,NL,forecast_offshore_wind_generation,Wind Offshore,2026-09-12T19:27:42Z
2026-09-12T19:25:15Z,2026-09-12T21:25:15+0200,4e75698a-a1c7-49b7-b450-41a0b03d3474,2026-09-13T20:45:00Z,2026-09-13T22:45:00+0200,69.0,MW,NL,NL,forecast_offshore_wind_generation,Wind Offshore,2026-09-12T19:27:42Z
2026-09-12T19:25:15Z,2026-09-12T21:25:15+0200,4e75698a-a1c7-49b7-b450-41a0b03d3474,2026-09-13T21:00:00Z,2026-09-13T23:00:00+0200,70.0,MW,NL,NL,forecast_offshore_wind_generation,Wind Offshore,2026-09-12T19:27:42Z
2026-09-12T19:25:15Z,2026-09-12T21:25:15+0200,4e75698a-a1c7-49b7-b450-41a0b03d3474,2026-09-13T21:15:00Z,2026-09-13T23:15:00+0200,70.0,MW,NL,NL,forecast_offshore_wind_generation,Wind Offshore,2026-09-12T19:27:42Z
2026-09-12T19:25:15Z,2026-09-12T21:25:15+0200,4e75698a-a1c7-49b7-b450-41a0b03d3474,2026-09-13T21:30:00Z,2026-09-13T23:30:00+0200,69.0,MW,NL,NL,forecast_offshore_wind_generation,Wind Offshore,2026-09-12T19:27:42Z
2026-09-12T19:25:15Z,2026-09-12T21:25:15+0200,4e75698a-a1c7-49b7-b450-41a0b03d3474,2026-09-13T21:45:00Z,2026-09-13T23:45:00+0200,68.0,MW,NL,NL,forecast_offshore_wind_generation,Wind Offshore,2026-09-12T19:27:42Z
