collection_time_utc,collection_time_local,run_id,timestamp_utc,timestamp_local,value,unit,country,entsoe_area,variable,source,updated_at_utc
2026-08-15T23:21:10Z,2026-08-16T01:21:10+0200,30cb418c-e56a-40a4-8689-fc8db64f26d1,2026-07-16T00:00:00Z,2026-07-16T02:00:00+0200,47653.88898,MW,DE,DE_LU,actual_load,Actual Load,2026-08-15T23:22:55Z
2026-08-15T23:21:10Z,2026-08-16T01:21:10+0200,30cb418c-e56a-40a4-8689-fc8db64f26d1,2026-07-16T00:15:00Z,2026-07-16T02:15:00+0200,47564.81386,MW,DE,DE_LU,actual_load,Actual Load,2026-08-15T23:22:55Z
2026-08-15T23:21:10Z,2026-08-16T01:21:10+0200,30cb418c-e56a-40a4-8689-fc8db64f26d1,2026-07-16T00:30:00Z,2026-07-16T02:30:00+0200,47788.57323,MW,DE,DE_LU,actual_load,Actual Load,2026-08-15T23:22:55Z
2026-08-15T23:21:10Z,2026-08-16T01:21:10+0200,30cb418c-e56a-40a4-8689-fc8db64f26d1,2026-07-16T00:45:00Z,2026-07-16T02:45:00+0200,47814.17169,MW,DE,DE_LU,actual_load,Actual Load,2026-08-15T23:22:55Z
2026-08-15T23:21:10Z,2026-08-16T01:21:10+0200,30cb418c-e56a-40a4-8689-fc8db64f26d1,2026-07-16T01:00:00Z,2026-07-16T03:00:00+0200,48098.1275,MW,DE,DE_LU,actual_load,Actual Load,2026-08-15T23:22:55Z
2026-08-15T23:21:10Z,2026-08-16T01:21:10+0200,30cb418c-e56a-40a4-8689-fc8db64f26d1,2026-07-16T01:15:00Z,2026-07-16T03:15:00+0200,47882.88415,MW,DE,DE_LU,actual_load,Actual Load,2026-08-15T23:22:55Z
2026-08-15T23:21:10Z,2026-08-16T01:21:10+0200,30cb418c-e56a-40a4-8689-fc8db64f26d1,2026-07-16T01:30:00Z,2026-07-16T03:30:00+0200,47874.52155,MW,DE,DE_LU,actual_load,Actual Load,2026-08-15T23:22:55Z
2026-08-15T23:21:10Z,2026-08-16T01:21:10+0200,30cb418c-e56a-40a4-8689-fc8db64f26d1,2026-07-16T01:45:00Z,2026-07-16T03:45:00+0200,47976.83481,MW,DE,DE_LU,actual_load,Actual Load,2026-08-15T23:22:55Z
2026-08-15T23:21:10Z,2026-08-16T01:21:10+0200,30cb418c-e56a-40a4-8689-fc8db64f26d1,2026-07-16T02:00:00Z,2026-07-16T04:00:00+0200,48713.14238,MW,DE,DE_LU,actual_load,Actual Load,2026-08-15T23:22:55Z
2026-08-15T23:21:10Z,2026-08-16T01:21:10+0200,30cb418c-e56a-40a4-8689-fc8db64f26d1,2026-07-16T02:15:00Z,2026-07-16T04:15:00+0200,48904.29442,MW,DE,DE_LU,actual_load,Actual Load,2026-08-15T23:22:55Z
2026-08-15T23:21:10Z,2026-08-16T01:21:10+0200,30cb418c-e56a-40a4-8689-fc8db64f26d1,2026-07-16T02:30:00Z,2026-07-16T04:30:00+0200,49000.09575,MW,DE,DE_LU,actual_load,Actual Load,2026-08-15T23:22:55Z
2026-08-15T23:21:10Z,2026-08-16T01:21:10+0200,30cb418c-e56a-40a4-8689-fc8db64f26d1,2026-07-16T02:45:00Z,2026-07-16T04:45:00+0200,49397.4045,MW,DE,DE_LU,actual_load,Actual Load,2026-08-15T23:22:55Z
2026-08-15T23:21:10Z,2026-08-16T01:21:10+0200,30cb418c-e56a-40a4-8689-fc8db64f26d1,2026-07-16T03:00:00Z,2026-07-16T05:00:00+0200,50155.34259,MW,DE,DE_LU,actual_load,Actual Load,2026-08-15T23:22:55Z
2026-08-15T23:21:10Z,2026-08-16T01:21:10+0200,30cb418c-e56a-40a4-8689-fc8db64f26d1,2026-07-16T03:15:00Z,2026-07-16T05:15:00+0200,50589.096,MW,DE,DE_LU,actual_load,Actual Load,2026-08-15T23:22:55Z
2026-08-15T23:21:10Z,2026-08-16T01:21:10+0200,30cb418c-e56a-40a4-8689-fc8db64f26d1,2026-07-16T03:30:00Z,2026-07-16T05:30:00+0200,51094.83837,MW,DE,DE_LU,actual_load,Actual Load,2026-08-15T23:22:55Z
2026-08-15T23:21:10Z,2026-08-16T01:21:10+0200,30cb418c-e56a-40a4-8689-fc8db64f26d1,2026-07-16T03:45:00Z,2026-07-16T05:45:00+0200,51896.53609,MW,DE,DE_LU,actual_load,Actual Load,2026-08-15T23:22:55Z
2026-08-15T23:21:10Z,2026-08-16T01:21:10+0200,30cb418c-e56a-40a4-8689-fc8db64f26d1,2026-07-16T04:00:00Z,2026-07-16T06:00:00+0200,54263.07176,MW,DE,DE_LU,actual_load,Actual Load,2026-08-15T23:22:55Z
2026-08-15T23:21:10Z,2026-08-16T01:21:10+0200,30cb418c-e56a-40a4-8689-fc8db64f26d1,2026-07-16T04:15:00Z,2026-07-16T06:15:00+0200,55833.77144,MW,DE,DE_LU,actual_load,Actual Load,2026-08-15T23:22:55Z
2026-08-15T23:21:10Z,2026-08-16T01:21:10+0200,30cb418c-e56a-40a4-8689-fc8db64f26d1,2026-07-16T04:30:00Z,2026-07-16T06:30:00+0200,57324.75157,MW,DE,DE_LU,actual_load,Actual Load,2026-08-15T23:22:55Z
2026-08-15T23:21:10Z,2026-08-16T01:21:10+0200,30cb418c-e56a-40a4-8689-fc8db64f26d1,2026-07-16T04:45:00Z,2026-07-16T06:45:00+0200,58368.90828,MW,DE,DE_LU,actual_load,Actual Load,2026-08-15T23:22:55Z
2026-08-15T23:21:10Z,2026-08-16T01:21:10+0200,30cb418c-e56a-40a4-8689-fc8db64f26d1,2026-07-16T05:00:00Z,2026-07-16T07:00:00+0200,59018.45433,MW,DE,DE_LU,actual_load,Actual Load,2026-08-15T23:22:55Z
2026-08-15T23:21:10Z,2026-08-16T01:21:10+0200,30cb418c-e56a-40a4-8689-fc8db64f26d1,2026-07-16T05:15:00Z,2026-07-16T07:15:00+0200,60595.39031,MW,DE,DE_LU,actual_load,Actual Load,2026-08-15T23:22:55Z
2026-08-15T23:21:10Z,2026-08-16T01:21:10+0200,30cb418c-e56a-40a4-8689-fc8db64f26d1,2026-07-16T05:30:00Z,2026-07-16T07:30:00+0200,61779.50886,MW,DE,DE_LU,actual_load,Actual Load,2026-08-15T23:22:55Z
2026-08-15T23:21:10Z,2026-08-16T01:21:10+0200,30cb418c-e56a-40a4-8689-fc8db64f26d1,2026-07-16T05:45:00Z,2026-07-16T07:45:00+0200,62785.78317,MW,DE,DE_LU,actual_load,Actual Load,2026-08-15T23:22:55Z
2026-08-15T23:21:10Z,2026-08-16T01:21:10+0200,30cb418c-e56a-40a4-8689-fc8db64f26d1,2026-07-16T06:00:00Z,2026-07-16T08:00:00+0200,62683.16779,MW,DE,DE_LU,actual_load,Actual Load,2026-08-15T23:22:55Z
2026-08-15T23:21:10Z,2026-08-16T01:21:10+0200,30cb418c-e56a-40a4-8689-fc8db64f26d1,2026-07-16T06:15:00Z,2026-07-16T08:15:00+0200,63326.17967,MW,DE,DE_LU,actual_load,Actual Load,2026-08-15T23:22:55Z
2026-08-15T23:21:10Z,2026-08-16T01:21:10+0200,30cb418c-e56a-40a4-8689-fc8db64f26d1,2026-07-16T06:30:00Z,2026-07-16T08:30:00+0200,63624.5204,MW,DE,DE_LU,actual_load,Actual Load,2026-08-15T23:22:55Z
2026-08-15T23:21:10Z,2026-08-16T01:21:10+0200,30cb418c-e56a-40a4-8689-fc8db64f26d1,2026-07-16T06:45:00Z,2026-07-16T08:45:00+0200,63518.36353,MW,DE,DE_LU,actual_load,Actual Load,2026-08-15T23:22:55Z
2026-08-15T23:21:10Z,2026-08-16T01:21:10+0200,30cb418c-e56a-40a4-8689-fc8db64f26d1,2026-07-16T07:00:00Z,2026-07-16T09:00:00+0200,62449.94654,MW,DE,DE_LU,actual_load,Actual Load,2026-08-15T23:22:55Z
2026-08-15T23:21:10Z,2026-08-16T01:21:10+0200,30cb418c-e56a-40a4-8689-fc8db64f26d1,2026-07-16T07:15:00Z,2026-07-16T09:15:00+0200,62825.37413,MW,DE,DE_LU,actual_load,Actual Load,2026-08-15T23:22:55Z
2026-08-15T23:21:10Z,2026-08-16T01:21:10+0200,30cb418c-e56a-40a4-8689-fc8db64f26d1,2026-07-16T07:30:00Z,2026-07-16T09:30:00+0200,63193.6576,MW,DE,DE_LU,actual_load,Actual Load,2026-08-15T23:22:55Z
2026-08-15T23:21:10Z,2026-08-16T01:21:10+0200,30cb418c-e56a-40a4-8689-fc8db64f26d1,2026-07-16T07:45:00Z,2026-07-16T09:45:00+0200,62930.66674,MW,DE,DE_LU,actual_load,Actual Load,2026-08-15T23:22:55Z
2026-08-15T23:21:10Z,2026-08-16T01:21:10+0200,30cb418c-e56a-40a4-8689-fc8db64f26d1,2026-07-16T08:00:00Z,2026-07-16T10:00:00+0200,61970.12745,MW,DE,DE_LU,actual_load,Actual Load,2026-08-15T23:22:55Z
2026-08-15T23:21:10Z,2026-08-16T01:21:10+0200,30cb418c-e56a-40a4-8689-fc8db64f26d1,2026-07-16T08:15:00Z,2026-07-16T10:15:00+0200,61434.47376,MW,DE,DE_LU,actual_load,Actual Load,2026-08-15T23:22:55Z
2026-08-15T23:21:10Z,2026-08-16T01:21:10+0200,30cb418c-e56a-40a4-8689-fc8db64f26d1,2026-07-16T08:30:00Z,2026-07-16T10:30:00+0200,61270.19238,MW,DE,DE_LU,actual_load,Actual Load,2026-08-15T23:22:55Z
2026-08-15T23:21:10Z,2026-08-16T01:21:10+0200,30cb418c-e56a-40a4-8689-fc8db64f26d1,2026-07-16T08:45:00Z,2026-07-16T10:45:00+0200,61481.19094,MW,DE,DE_LU,actual_load,Actual Load,2026-08-15T23:22:55Z
2026-08-15T23:21:10Z,2026-08-16T01:21:10+0200,30cb418c-e56a-40a4-8689-fc8db64f26d1,2026-07-16T09:00:00Z,2026-07-16T11:00:00+0200,61374.9536,MW,DE,DE_LU,actual_load,Actual Load,2026-08-15T23:22:55Z
2026-08-15T23:21:10Z,2026-08-16T01:21:10+0200,30cb418c-e56a-40a4-8689-fc8db64f26d1,2026-07-16T09:15:00Z,2026-07-16T11:15:00+0200,61002.20768,MW,DE,DE_LU,actual_load,Actual Load,2026-08-15T23:22:55Z
2026-08-15T23:21:10Z,2026-08-16T01:21:10+0200,30cb418c-e56a-40a4-8689-fc8db64f26d1,2026-07-16T09:30:00Z,2026-07-16T11:30:00+0200,60349.09952,MW,DE,DE_LU,actual_load,Actual Load,2026-08-15T23:22:55Z
2026-08-15T23:21:10Z,2026-08-16T01:21:10+0200,30cb418c-e56a-40a4-8689-fc8db64f26d1,2026-07-16T09:45:00Z,2026-07-16T11:45:00+0200,60019.00983,MW,DE,DE_LU,actual_load,Actual Load,2026-08-15T23:22:55Z
2026-08-15T23:21:10Z,2026-08-16T01:21:10+0200,30cb418c-e56a-40a4-8689-fc8db64f26d1,2026-07-16T10:00:00Z,2026-07-16T12:00:00+0200,59291.83572,MW,DE,DE_LU,actual_load,Actual Load,2026-08-15T23:22:55Z
2026-08-15T23:21:10Z,2026-08-16T01:21:10+0200,30cb418c-e56a-40a4-8689-fc8db64f26d1,2026-07-16T10:15:00Z,2026-07-16T12:15:00+0200,58933.2563,MW,DE,DE_LU,actual_load,Actual Load,2026-08-15T23:22:55Z
2026-08-15T23:21:10Z,2026-08-16T01:21:10+0200,30cb418c-e56a-40a4-8689-fc8db64f26d1,2026-07-16T10:30:00Z,2026-07-16T12:30:00+0200,58956.04105,MW,DE,DE_LU,actual_load,Actual Load,2026-08-15T23:22:55Z
2026-08-15T23:21:10Z,2026-08-16T01:21:10+0200,30cb418c-e56a-40a4-8689-fc8db64f26d1,2026-07-16T10:45:00Z,2026-07-16T12:45:00+0200,58804.83872,MW,DE,DE_LU,actual_load,Actual Load,2026-08-15T23:22:55Z
2026-08-15T23:21:10Z,2026-08-16T01:21:10+0200,30cb418c-e56a-40a4-8689-fc8db64f26d1,2026-07-16T11:00:00Z,2026-07-16T13:00:00+0200,59867.53235,MW,DE,DE_LU,actual_load,Actual Load,2026-08-15T23:22:55Z
2026-08-15T23:21:10Z,2026-08-16T01:21:10+0200,30cb418c-e56a-40a4-8689-fc8db64f26d1,2026-07-16T11:15:00Z,2026-07-16T13:15:00+0200,59338.56268,MW,DE,DE_LU,actual_load,Actual Load,2026-08-15T23:22:55Z
2026-08-15T23:21:10Z,2026-08-16T01:21:10+0200,30cb418c-e56a-40a4-8689-fc8db64f26d1,2026-07-16T11:30:00Z,2026-07-16T13:30:00+0200,58822.36975,MW,DE,DE_LU,actual_load,Actual Load,2026-08-15T23:22:55Z
2026-08-15T23:21:10Z,2026-08-16T01:21:10+0200,30cb418c-e56a-40a4-8689-fc8db64f26d1,2026-07-16T11:45:00Z,2026-07-16T13:45:00+0200,58203.61659,MW,DE,DE_LU,actual_load,Actual Load,2026-08-15T23:22:55Z
2026-08-15T23:21:10Z,2026-08-16T01:21:10+0200,30cb418c-e56a-40a4-8689-fc8db64f26d1,2026-07-16T12:00:00Z,2026-07-16T14:00:00+0200,58932.91728,MW,DE,DE_LU,actual_load,Actual Load,2026-08-15T23:22:55Z
2026-08-15T23:21:10Z,2026-08-16T01:21:10+0200,30cb418c-e56a-40a4-8689-fc8db64f26d1,2026-07-16T12:15:00Z,2026-07-16T14:15:00+0200,58529.41356,MW,DE,DE_LU,actual_load,Actual Load,2026-08-15T23:22:55Z
2026-08-15T23:21:10Z,2026-08-16T01:21:10+0200,30cb418c-e56a-40a4-8689-fc8db64f26d1,2026-07-16T12:30:00Z,2026-07-16T14:30:00+0200,58159.98501,MW,DE,DE_LU,actual_load,Actual Load,2026-08-15T23:22:55Z
2026-08-15T23:21:10Z,2026-08-16T01:21:10+0200,30cb418c-e56a-40a4-8689-fc8db64f26d1,2026-07-16T12:45:00Z,2026-07-16T14:45:00+0200,57450.48175,MW,DE,DE_LU,actual_load,Actual Load,2026-08-15T23:22:55Z
2026-08-15T23:21:10Z,2026-08-16T01:21:10+0200,30cb418c-e56a-40a4-8689-fc8db64f26d1,2026-07-16T13:00:00Z,2026-07-16T15:00:00+0200,58590.74427,MW,DE,DE_LU,actual_load,Actual Load,2026-08-15T23:22:55Z
2026-08-15T23:21:10Z,2026-08-16T01:21:10+0200,30cb418c-e56a-40a4-8689-fc8db64f26d1,2026-07-16T13:15:00Z,2026-07-16T15:15:00+0200,58706.61574,MW,DE,DE_LU,actual_load,Actual Load,2026-08-15T23:22:55Z
2026-08-15T23:21:10Z,2026-08-16T01:21:10+0200,30cb418c-e56a-40a4-8689-fc8db64f26d1,2026-07-16T13:30:00Z,2026-07-16T15:30:00+0200,58256.70443,MW,DE,DE_LU,actual_load,Actual Load,2026-08-15T23:22:55Z
2026-08-15T23:21:10Z,2026-08-16T01:21:10+0200,30cb418c-e56a-40a4-8689-fc8db64f26d1,2026-07-16T13:45:00Z,2026-07-16T15:45:00+0200,58749.7762,MW,DE,DE_LU,actual_load,Actual Load,2026-08-15T23:22:55Z
2026-08-15T23:21:10Z,2026-08-16T01:21:10+0200,30cb418c-e56a-40a4-8689-fc8db64f26d1,2026-07-16T14:00:00Z,2026-07-16T16:00:00+0200,59173.92137,MW,DE,DE_LU,actual_load,Actual Load,2026-08-15T23:22:55Z
2026-08-15T23:21:10Z,2026-08-16T01:21:10+0200,30cb418c-e56a-40a4-8689-fc8db64f26d1,2026-07-16T14:15:00Z,2026-07-16T16:15:00+0200,59230.11382,MW,DE,DE_LU,actual_load,Actual Load,2026-08-15T23:22:55Z
2026-08-15T23:21:10Z,2026-08-16T01:21:10+0200,30cb418c-e56a-40a4-8689-fc8db64f26d1,2026-07-16T14:30:00Z,2026-07-16T16:30:00+0200,58855.6442,MW,DE,DE_LU,actual_load,Actual Load,2026-08-15T23:22:55Z
2026-08-15T23:21:10Z,2026-08-16T01:21:10+0200,30cb418c-e56a-40a4-8689-fc8db64f26d1,2026-07-16T14:45:00Z,2026-07-16T16:45:00+0200,59179.71522,MW,DE,DE_LU,actual_load,Actual Load,2026-08-15T23:22:55Z
2026-08-15T23:21:10Z,2026-08-16T01:21:10+0200,30cb418c-e56a-40a4-8689-fc8db64f26d1,2026-07-16T15:00:00Z,2026-07-16T17:00:00+0200,59743.66679,MW,DE,DE_LU,actual_load,Actual Load,2026-08-15T23:22:55Z
2026-08-15T23:21:10Z,2026-08-16T01:21:10+0200,30cb418c-e56a-40a4-8689-fc8db64f26d1,2026-07-16T15:15:00Z,2026-07-16T17:15:00+0200,60288.92717,MW,DE,DE_LU,actual_load,Actual Load,2026-08-15T23:22:55Z
2026-08-15T23:21:10Z,2026-08-16T01:21:10+0200,30cb418c-e56a-40a4-8689-fc8db64f26d1,2026-07-16T15:30:00Z,2026-07-16T17:30:00+0200,59968.22407,MW,DE,DE_LU,actual_load,Actual Load,2026-08-15T23:22:55Z
2026-08-15T23:21:10Z,2026-08-16T01:21:10+0200,30cb418c-e56a-40a4-8689-fc8db64f26d1,2026-07-16T15:45:00Z,2026-07-16T17:45:00+0200,60269.0082,MW,DE,DE_LU,actual_load,Actual Load,2026-08-15T23:22:55Z
2026-08-15T23:21:10Z,2026-08-16T01:21:10+0200,30cb418c-e56a-40a4-8689-fc8db64f26d1,2026-07-16T16:00:00Z,2026-07-16T18:00:00+0200,61398.88762,MW,DE,DE_LU,actual_load,Actual Load,2026-08-15T23:22:55Z
2026-08-15T23:21:10Z,2026-08-16T01:21:10+0200,30cb418c-e56a-40a4-8689-fc8db64f26d1,2026-07-16T16:15:00Z,2026-07-16T18:15:00+0200,60580.04046,MW,DE,DE_LU,actual_load,Actual Load,2026-08-15T23:22:55Z
2026-08-15T23:21:10Z,2026-08-16T01:21:10+0200,30cb418c-e56a-40a4-8689-fc8db64f26d1,2026-07-16T16:30:00Z,2026-07-16T18:30:00+0200,61041.86519,MW,DE,DE_LU,actual_load,Actual Load,2026-08-15T23:22:55Z
2026-08-15T23:21:10Z,2026-08-16T01:21:10+0200,30cb418c-e56a-40a4-8689-fc8db64f26d1,2026-07-16T16:45:00Z,2026-07-16T18:45:00+0200,60888.69583,MW,DE,DE_LU,actual_load,Actual Load,2026-08-15T23:22:55Z
2026-08-15T23:21:10Z,2026-08-16T01:21:10+0200,30cb418c-e56a-40a4-8689-fc8db64f26d1,2026-07-16T17:00:00Z,2026-07-16T19:00:00+0200,61490.95357,MW,DE,DE_LU,actual_load,Actual Load,2026-08-15T23:22:55Z
2026-08-15T23:21:10Z,2026-08-16T01:21:10+0200,30cb418c-e56a-40a4-8689-fc8db64f26d1,2026-07-16T17:15:00Z,2026-07-16T19:15:00+0200,60877.3232,MW,DE,DE_LU,actual_load,Actual Load,2026-08-15T23:22:55Z
2026-08-15T23:21:10Z,2026-08-16T01:21:10+0200,30cb418c-e56a-40a4-8689-fc8db64f26d1,2026-07-16T17:30:00Z,2026-07-16T19:30:00+0200,60313.45437,MW,DE,DE_LU,actual_load,Actual Load,2026-08-15T23:22:55Z
2026-08-15T23:21:10Z,2026-08-16T01:21:10+0200,30cb418c-e56a-40a4-8689-fc8db64f26d1,2026-07-16T17:45:00Z,2026-07-16T19:45:00+0200,59504.55903,MW,DE,DE_LU,actual_load,Actual Load,2026-08-15T23:22:55Z
2026-08-15T23:21:10Z,2026-08-16T01:21:10+0200,30cb418c-e56a-40a4-8689-fc8db64f26d1,2026-07-16T18:00:00Z,2026-07-16T20:00:00+0200,59191.49601,MW,DE,DE_LU,actual_load,Actual Load,2026-08-15T23:22:55Z
2026-08-15T23:21:10Z,2026-08-16T01:21:10+0200,30cb418c-e56a-40a4-8689-fc8db64f26d1,2026-07-16T18:15:00Z,2026-07-16T20:15:00+0200,58612.38072,MW,DE,DE_LU,actual_load,Actual Load,2026-08-15T23:22:55Z
2026-08-15T23:21:10Z,2026-08-16T01:21:10+0200,30cb418c-e56a-40a4-8689-fc8db64f26d1,2026-07-16T18:30:00Z,2026-07-16T20:30:00+0200,58050.21179,MW,DE,DE_LU,actual_load,Actual Load,2026-08-15T23:22:55Z
2026-08-15T23:21:10Z,2026-08-16T01:21:10+0200,30cb418c-e56a-40a4-8689-fc8db64f26d1,2026-07-16T18:45:00Z,2026-07-16T20:45:00+0200,57562.46407,MW,DE,DE_LU,actual_load,Actual Load,2026-08-15T23:22:55Z
2026-08-15T23:21:10Z,2026-08-16T01:21:10+0200,30cb418c-e56a-40a4-8689-fc8db64f26d1,2026-07-16T19:00:00Z,2026-07-16T21:00:00+0200,56347.79742,MW,DE,DE_LU,actual_load,Actual Load,2026-08-15T23:22:55Z
2026-08-15T23:21:10Z,2026-08-16T01:21:10+0200,30cb418c-e56a-40a4-8689-fc8db64f26d1,2026-07-16T19:15:00Z,2026-07-16T21:15:00+0200,56309.62293,MW,DE,DE_LU,actual_load,Actual Load,2026-08-15T23:22:55Z
2026-08-15T23:21:10Z,2026-08-16T01:21:10+0200,30cb418c-e56a-40a4-8689-fc8db64f26d1,2026-07-16T19:30:00Z,2026-07-16T21:30:00+0200,56284.93617,MW,DE,DE_LU,actual_load,Actual Load,2026-08-15T23:22:55Z
2026-08-15T23:21:10Z,2026-08-16T01:21:10+0200,30cb418c-e56a-40a4-8689-fc8db64f26d1,2026-07-16T19:45:00Z,2026-07-16T21:45:00+0200,56043.76282,MW,DE,DE_LU,actual_load,Actual Load,2026-08-15T23:22:55Z
2026-08-15T23:21:10Z,2026-08-16T01:21:10+0200,30cb418c-e56a-40a4-8689-fc8db64f26d1,2026-07-16T20:00:00Z,2026-07-16T22:00:00+0200,54533.09269,MW,DE,DE_LU,actual_load,Actual Load,2026-08-15T23:22:55Z
2026-08-15T23:21:10Z,2026-08-16T01:21:10+0200,30cb418c-e56a-40a4-8689-fc8db64f26d1,2026-07-16T20:15:00Z,2026-07-16T22:15:00+0200,54071.72225,MW,DE,DE_LU,actual_load,Actual Load,2026-08-15T23:22:55Z
2026-08-15T23:21:10Z,2026-08-16T01:21:10+0200,30cb418c-e56a-40a4-8689-fc8db64f26d1,2026-07-16T20:30:00Z,2026-07-16T22:30:00+0200,53188.73961,MW,DE,DE_LU,actual_load,Actual Load,2026-08-15T23:22:55Z
2026-08-15T23:21:10Z,2026-08-16T01:21:10+0200,30cb418c-e56a-40a4-8689-fc8db64f26d1,2026-07-16T20:45:00Z,2026-07-16T22:45:00+0200,52610.70073,MW,DE,DE_LU,actual_load,Actual Load,2026-08-15T23:22:55Z
2026-08-15T23:21:10Z,2026-08-16T01:21:10+0200,30cb418c-e56a-40a4-8689-fc8db64f26d1,2026-07-16T21:00:00Z,2026-07-16T23:00:00+0200,51032.42542,MW,DE,DE_LU,actual_load,Actual Load,2026-08-15T23:22:55Z
2026-08-15T23:21:10Z,2026-08-16T01:21:10+0200,30cb418c-e56a-40a4-8689-fc8db64f26d1,2026-07-16T21:15:00Z,2026-07-16T23:15:00+0200,51001.30855,MW,DE,DE_LU,actual_load,Actual Load,2026-08-15T23:22:55Z
2026-08-15T23:21:10Z,2026-08-16T01:21:10+0200,30cb418c-e56a-40a4-8689-fc8db64f26d1,2026-07-16T21:30:00Z,2026-07-16T23:30:00+0200,49926.63149,MW,DE,DE_LU,actual_load,Actual Load,2026-08-15T23:22:55Z
2026-08-15T23:21:10Z,2026-08-16T01:21:10+0200,30cb418c-e56a-40a4-8689-fc8db64f26d1,2026-07-16T21:45:00Z,2026-07-16T23:45:00+0200,49808.43523,MW,DE,DE_LU,actual_load,Actual Load,2026-08-15T23:22:55Z
2026-08-15T23:21:10Z,2026-08-16T01:21:10+0200,30cb418c-e56a-40a4-8689-fc8db64f26d1,2026-07-16T22:00:00Z,2026-07-17T00:00:00+0200,49139.09951,MW,DE,DE_LU,actual_load,Actual Load,2026-08-15T23:22:55Z
2026-08-15T23:21:10Z,2026-08-16T01:21:10+0200,30cb418c-e56a-40a4-8689-fc8db64f26d1,2026-07-16T22:15:00Z,2026-07-17T00:15:00+0200,48452.96032,MW,DE,DE_LU,actual_load,Actual Load,2026-08-15T23:22:55Z
2026-08-15T23:21:10Z,2026-08-16T01:21:10+0200,30cb418c-e56a-40a4-8689-fc8db64f26d1,2026-07-16T22:30:00Z,2026-07-17T00:30:00+0200,48502.76311,MW,DE,DE_LU,actual_load,Actual Load,2026-08-15T23:22:55Z
2026-08-15T23:21:10Z,2026-08-16T01:21:10+0200,30cb418c-e56a-40a4-8689-fc8db64f26d1,2026-07-16T22:45:00Z,2026-07-17T00:45:00+0200,47926.75523,MW,DE,DE_LU,actual_load,Actual Load,2026-08-15T23:22:55Z
2026-08-15T23:21:10Z,2026-08-16T01:21:10+0200,30cb418c-e56a-40a4-8689-fc8db64f26d1,2026-07-16T23:00:00Z,2026-07-17T01:00:00+0200,47668.49731,MW,DE,DE_LU,actual_load,Actual Load,2026-08-15T23:22:55Z
2026-08-15T23:21:10Z,2026-08-16T01:21:10+0200,30cb418c-e56a-40a4-8689-fc8db64f26d1,2026-07-16T23:15:00Z,2026-07-17T01:15:00+0200,47227.08174,MW,DE,DE_LU,actual_load,Actual Load,2026-08-15T23:22:55Z
2026-08-15T23:21:10Z,2026-08-16T01:21:10+0200,30cb418c-e56a-40a4-8689-fc8db64f26d1,2026-07-16T23:30:00Z,2026-07-17T01:30:00+0200,47003.83686,MW,DE,DE_LU,actual_load,Actual Load,2026-08-15T23:22:55Z
2026-08-15T23:21:10Z,2026-08-16T01:21:10+0200,30cb418c-e56a-40a4-8689-fc8db64f26d1,2026-07-16T23:45:00Z,2026-07-17T01:45:00+0200,46969.94155,MW,DE,DE_LU,actual_load,Actual Load,2026-08-15T23:22:55Z
2026-08-15T23:21:10Z,2026-08-16T01:21:10+0200,30cb418c-e56a-40a4-8689-fc8db64f26d1,2026-07-17T00:00:00Z,2026-07-17T02:00:00+0200,47163.49818,MW,DE,DE_LU,actual_load,Actual Load,2026-08-15T23:22:55Z
2026-08-15T23:21:10Z,2026-08-16T01:21:10+0200,30cb418c-e56a-40a4-8689-fc8db64f26d1,2026-07-17T00:15:00Z,2026-07-17T02:15:00+0200,47160.02484,MW,DE,DE_LU,actual_load,Actual Load,2026-08-15T23:22:55Z
2026-08-15T23:21:10Z,2026-08-16T01:21:10+0200,30cb418c-e56a-40a4-8689-fc8db64f26d1,2026-07-17T00:30:00Z,2026-07-17T02:30:00+0200,46953.84643,MW,DE,DE_LU,actual_load,Actual Load,2026-08-15T23:22:55Z
2026-08-15T23:21:10Z,2026-08-16T01:21:10+0200,30cb418c-e56a-40a4-8689-fc8db64f26d1,2026-07-17T00:45:00Z,2026-07-17T02:45:00+0200,46762.71596,MW,DE,DE_LU,actual_load,Actual Load,2026-08-15T23:22:55Z
2026-08-15T23:21:10Z,2026-08-16T01:21:10+0200,30cb418c-e56a-40a4-8689-fc8db64f26d1,2026-07-17T01:00:00Z,2026-07-17T03:00:00+0200,46453.36075,MW,DE,DE_LU,actual_load,Actual Load,2026-08-15T23:22:55Z
2026-08-15T23:21:10Z,2026-08-16T01:21:10+0200,30cb418c-e56a-40a4-8689-fc8db64f26d1,2026-07-17T01:15:00Z,2026-07-17T03:15:00+0200,46502.24532,MW,DE,DE_LU,actual_load,Actual Load,2026-08-15T23:22:55Z
2026-08-15T23:21:10Z,2026-08-16T01:21:10+0200,30cb418c-e56a-40a4-8689-fc8db64f26d1,2026-07-17T01:30:00Z,2026-07-17T03:30:00+0200,47062.51451,MW,DE,DE_LU,actual_load,Actual Load,2026-08-15T23:22:55Z
2026-08-15T23:21:10Z,2026-08-16T01:21:10+0200,30cb418c-e56a-40a4-8689-fc8db64f26d1,2026-07-17T01:45:00Z,2026-07-17T03:45:00+0200,47089.52655,MW,DE,DE_LU,actual_load,Actual Load,2026-08-15T23:22:55Z
2026-08-15T23:21:10Z,2026-08-16T01:21:10+0200,30cb418c-e56a-40a4-8689-fc8db64f26d1,2026-07-17T02:00:00Z,2026-07-17T04:00:00+0200,47968.11747,MW,DE,DE_LU,actual_load,Actual Load,2026-08-15T23:22:55Z
2026-08-15T23:21:10Z,2026-08-16T01:21:10+0200,30cb418c-e56a-40a4-8689-fc8db64f26d1,2026-07-17T02:15:00Z,2026-07-17T04:15:00+0200,47770.67913,MW,DE,DE_LU,actual_load,Actual Load,2026-08-15T23:22:55Z
2026-08-15T23:21:10Z,2026-08-16T01:21:10+0200,30cb418c-e56a-40a4-8689-fc8db64f26d1,2026-07-17T02:30:00Z,2026-07-17T04:30:00+0200,48332.07105,MW,DE,DE_LU,actual_load,Actual Load,2026-08-15T23:22:55Z
2026-08-15T23:21:10Z,2026-08-16T01:21:10+0200,30cb418c-e56a-40a4-8689-fc8db64f26d1,2026-07-17T02:45:00Z,2026-07-17T04:45:00+0200,48791.52304,MW,DE,DE_LU,actual_load,Actual Load,2026-08-15T23:22:55Z
2026-08-15T23:21:10Z,2026-08-16T01:21:10+0200,30cb418c-e56a-40a4-8689-fc8db64f26d1,2026-07-17T03:00:00Z,2026-07-17T05:00:00+0200,48711.61825,MW,DE,DE_LU,actual_load,Actual Load,2026-08-15T23:22:55Z
2026-08-15T23:21:10Z,2026-08-16T01:21:10+0200,30cb418c-e56a-40a4-8689-fc8db64f26d1,2026-07-17T03:15:00Z,2026-07-17T05:15:00+0200,49341.1892,MW,DE,DE_LU,actual_load,Actual Load,2026-08-15T23:22:55Z
2026-08-15T23:21:10Z,2026-08-16T01:21:10+0200,30cb418c-e56a-40a4-8689-fc8db64f26d1,2026-07-17T03:30:00Z,2026-07-17T05:30:00+0200,49612.95572,MW,DE,DE_LU,actual_load,Actual Load,2026-08-15T23:22:55Z
2026-08-15T23:21:10Z,2026-08-16T01:21:10+0200,30cb418c-e56a-40a4-8689-fc8db64f26d1,2026-07-17T03:45:00Z,2026-07-17T05:45:00+0200,50691.72742,MW,DE,DE_LU,actual_load,Actual Load,2026-08-15T23:22:55Z
2026-08-15T23:21:10Z,2026-08-16T01:21:10+0200,30cb418c-e56a-40a4-8689-fc8db64f26d1,2026-07-17T04:00:00Z,2026-07-17T06:00:00+0200,53002.3269,MW,DE,DE_LU,actual_load,Actual Load,2026-08-15T23:22:55Z
2026-08-15T23:21:10Z,2026-08-16T01:21:10+0200,30cb418c-e56a-40a4-8689-fc8db64f26d1,2026-07-17T04:15:00Z,2026-07-17T06:15:00+0200,54264.10941,MW,DE,DE_LU,actual_load,Actual Load,2026-08-15T23:22:55Z
2026-08-15T23:21:10Z,2026-08-16T01:21:10+0200,30cb418c-e56a-40a4-8689-fc8db64f26d1,2026-07-17T04:30:00Z,2026-07-17T06:30:00+0200,55665.43802,MW,DE,DE_LU,actual_load,Actual Load,2026-08-15T23:22:55Z
2026-08-15T23:21:10Z,2026-08-16T01:21:10+0200,30cb418c-e56a-40a4-8689-fc8db64f26d1,2026-07-17T04:45:00Z,2026-07-17T06:45:00+0200,56813.892,MW,DE,DE_LU,actual_load,Actual Load,2026-08-15T23:22:55Z
2026-08-15T23:21:10Z,2026-08-16T01:21:10+0200,30cb418c-e56a-40a4-8689-fc8db64f26d1,2026-07-17T05:00:00Z,2026-07-17T07:00:00+0200,57770.75536,MW,DE,DE_LU,actual_load,Actual Load,2026-08-15T23:22:55Z
2026-08-15T23:21:10Z,2026-08-16T01:21:10+0200,30cb418c-e56a-40a4-8689-fc8db64f26d1,2026-07-17T05:15:00Z,2026-07-17T07:15:00+0200,58796.79778,MW,DE,DE_LU,actual_load,Actual Load,2026-08-15T23:22:55Z
2026-08-15T23:21:10Z,2026-08-16T01:21:10+0200,30cb418c-e56a-40a4-8689-fc8db64f26d1,2026-07-17T05:30:00Z,2026-07-17T07:30:00+0200,59817.38498,MW,DE,DE_LU,actual_load,Actual Load,2026-08-15T23:22:55Z
2026-08-15T23:21:10Z,2026-08-16T01:21:10+0200,30cb418c-e56a-40a4-8689-fc8db64f26d1,2026-07-17T05:45:00Z,2026-07-17T07:45:00+0200,60573.34723,MW,DE,DE_LU,actual_load,Actual Load,2026-08-15T23:22:55Z
2026-08-15T23:21:10Z,2026-08-16T01:21:10+0200,30cb418c-e56a-40a4-8689-fc8db64f26d1,2026-07-17T06:00:00Z,2026-07-17T08:00:00+0200,61117.95737,MW,DE,DE_LU,actual_load,Actual Load,2026-08-15T23:22:55Z
2026-08-15T23:21:10Z,2026-08-16T01:21:10+0200,30cb418c-e56a-40a4-8689-fc8db64f26d1,2026-07-17T06:15:00Z,2026-07-17T08:15:00+0200,61960.32688,MW,DE,DE_LU,actual_load,Actual Load,2026-08-15T23:22:55Z
2026-08-15T23:21:10Z,2026-08-16T01:21:10+0200,30cb418c-e56a-40a4-8689-fc8db64f26d1,2026-07-17T06:30:00Z,2026-07-17T08:30:00+0200,63234.80563,MW,DE,DE_LU,actual_load,Actual Load,2026-08-15T23:22:55Z
2026-08-15T23:21:10Z,2026-08-16T01:21:10+0200,30cb418c-e56a-40a4-8689-fc8db64f26d1,2026-07-17T06:45:00Z,2026-07-17T08:45:00+0200,63050.57961,MW,DE,DE_LU,actual_load,Actual Load,2026-08-15T23:22:55Z
2026-08-15T23:21:10Z,2026-08-16T01:21:10+0200,30cb418c-e56a-40a4-8689-fc8db64f26d1,2026-07-17T07:00:00Z,2026-07-17T09:00:00+0200,62326.29601,MW,DE,DE_LU,actual_load,Actual Load,2026-08-15T23:22:55Z
2026-08-15T23:21:10Z,2026-08-16T01:21:10+0200,30cb418c-e56a-40a4-8689-fc8db64f26d1,2026-07-17T07:15:00Z,2026-07-17T09:15:00+0200,62663.15316,MW,DE,DE_LU,actual_load,Actual Load,2026-08-15T23:22:55Z
2026-08-15T23:21:10Z,2026-08-16T01:21:10+0200,30cb418c-e56a-40a4-8689-fc8db64f26d1,2026-07-17T07:30:00Z,2026-07-17T09:30:00+0200,63234.48867,MW,DE,DE_LU,actual_load,Actual Load,2026-08-15T23:22:55Z
2026-08-15T23:21:10Z,2026-08-16T01:21:10+0200,30cb418c-e56a-40a4-8689-fc8db64f26d1,2026-07-17T07:45:00Z,2026-07-17T09:45:00+0200,63487.51219,MW,DE,DE_LU,actual_load,Actual Load,2026-08-15T23:22:55Z
2026-08-15T23:21:10Z,2026-08-16T01:21:10+0200,30cb418c-e56a-40a4-8689-fc8db64f26d1,2026-07-17T08:00:00Z,2026-07-17T10:00:00+0200,62703.41619,MW,DE,DE_LU,actual_load,Actual Load,2026-08-15T23:22:55Z
2026-08-15T23:21:10Z,2026-08-16T01:21:10+0200,30cb418c-e56a-40a4-8689-fc8db64f26d1,2026-07-17T08:15:00Z,2026-07-17T10:15:00+0200,62779.4662,MW,DE,DE_LU,actual_load,Actual Load,2026-08-15T23:22:55Z
2026-08-15T23:21:10Z,2026-08-16T01:21:10+0200,30cb418c-e56a-40a4-8689-fc8db64f26d1,2026-07-17T08:30:00Z,2026-07-17T10:30:00+0200,63318.52733,MW,DE,DE_LU,actual_load,Actual Load,2026-08-15T23:22:55Z
2026-08-15T23:21:10Z,2026-08-16T01:21:10+0200,30cb418c-e56a-40a4-8689-fc8db64f26d1,2026-07-17T08:45:00Z,2026-07-17T10:45:00+0200,62920.4438,MW,DE,DE_LU,actual_load,Actual Load,2026-08-15T23:22:55Z
2026-08-15T23:21:10Z,2026-08-16T01:21:10+0200,30cb418c-e56a-40a4-8689-fc8db64f26d1,2026-07-17T09:00:00Z,2026-07-17T11:00:00+0200,62551.11543,MW,DE,DE_LU,actual_load,Actual Load,2026-08-15T23:22:55Z
2026-08-15T23:21:10Z,2026-08-16T01:21:10+0200,30cb418c-e56a-40a4-8689-fc8db64f26d1,2026-07-17T09:15:00Z,2026-07-17T11:15:00+0200,62462.73918,MW,DE,DE_LU,actual_load,Actual Load,2026-08-15T23:22:55Z
2026-08-15T23:21:10Z,2026-08-16T01:21:10+0200,30cb418c-e56a-40a4-8689-fc8db64f26d1,2026-07-17T09:30:00Z,2026-07-17T11:30:00+0200,61966.15768,MW,DE,DE_LU,actual_load,Actual Load,2026-08-15T23:22:55Z
2026-08-15T23:21:10Z,2026-08-16T01:21:10+0200,30cb418c-e56a-40a4-8689-fc8db64f26d1,2026-07-17T09:45:00Z,2026-07-17T11:45:00+0200,61953.16537,MW,DE,DE_LU,actual_load,Actual Load,2026-08-15T23:22:55Z
2026-08-15T23:21:10Z,2026-08-16T01:21:10+0200,30cb418c-e56a-40a4-8689-fc8db64f26d1,2026-07-17T10:00:00Z,2026-07-17T12:00:00+0200,60606.98555,MW,DE,DE_LU,actual_load,Actual Load,2026-08-15T23:22:55Z
2026-08-15T23:21:10Z,2026-08-16T01:21:10+0200,30cb418c-e56a-40a4-8689-fc8db64f26d1,2026-07-17T10:15:00Z,2026-07-17T12:15:00+0200,60585.20283,MW,DE,DE_LU,actual_load,Actual Load,2026-08-15T23:22:55Z
2026-08-15T23:21:10Z,2026-08-16T01:21:10+0200,30cb418c-e56a-40a4-8689-fc8db64f26d1,2026-07-17T10:30:00Z,2026-07-17T12:30:00+0200,60466.01238,MW,DE,DE_LU,actual_load,Actual Load,2026-08-15T23:22:55Z
2026-08-15T23:21:10Z,2026-08-16T01:21:10+0200,30cb418c-e56a-40a4-8689-fc8db64f26d1,2026-07-17T10:45:00Z,2026-07-17T12:45:00+0200,60448.36691,MW,DE,DE_LU,actual_load,Actual Load,2026-08-15T23:22:55Z
2026-08-15T23:21:10Z,2026-08-16T01:21:10+0200,30cb418c-e56a-40a4-8689-fc8db64f26d1,2026-07-17T11:00:00Z,2026-07-17T13:00:00+0200,59800.37134,MW,DE,DE_LU,actual_load,Actual Load,2026-08-15T23:22:55Z
2026-08-15T23:21:10Z,2026-08-16T01:21:10+0200,30cb418c-e56a-40a4-8689-fc8db64f26d1,2026-07-17T11:15:00Z,2026-07-17T13:15:00+0200,59341.3183,MW,DE,DE_LU,actual_load,Actual Load,2026-08-15T23:22:55Z
2026-08-15T23:21:10Z,2026-08-16T01:21:10+0200,30cb418c-e56a-40a4-8689-fc8db64f26d1,2026-07-17T11:30:00Z,2026-07-17T13:30:00+0200,58984.26924,MW,DE,DE_LU,actual_load,Actual Load,2026-08-15T23:22:55Z
2026-08-15T23:21:10Z,2026-08-16T01:21:10+0200,30cb418c-e56a-40a4-8689-fc8db64f26d1,2026-07-17T11:45:00Z,2026-07-17T13:45:00+0200,58202.96039,MW,DE,DE_LU,actual_load,Actual Load,2026-08-15T23:22:55Z
2026-08-15T23:21:10Z,2026-08-16T01:21:10+0200,30cb418c-e56a-40a4-8689-fc8db64f26d1,2026-07-17T12:00:00Z,2026-07-17T14:00:00+0200,58080.47582,MW,DE,DE_LU,actual_load,Actual Load,2026-08-15T23:22:55Z
2026-08-15T23:21:10Z,2026-08-16T01:21:10+0200,30cb418c-e56a-40a4-8689-fc8db64f26d1,2026-07-17T12:15:00Z,2026-07-17T14:15:00+0200,57879.67278,MW,DE,DE_LU,actual_load,Actual Load,2026-08-15T23:22:55Z
2026-08-15T23:21:10Z,2026-08-16T01:21:10+0200,30cb418c-e56a-40a4-8689-fc8db64f26d1,2026-07-17T12:30:00Z,2026-07-17T14:30:00+0200,57502.82194,MW,DE,DE_LU,actual_load,Actual Load,2026-08-15T23:22:55Z
2026-08-15T23:21:10Z,2026-08-16T01:21:10+0200,30cb418c-e56a-40a4-8689-fc8db64f26d1,2026-07-17T12:45:00Z,2026-07-17T14:45:00+0200,57117.96674,MW,DE,DE_LU,actual_load,Actual Load,2026-08-15T23:22:55Z
2026-08-15T23:21:10Z,2026-08-16T01:21:10+0200,30cb418c-e56a-40a4-8689-fc8db64f26d1,2026-07-17T13:00:00Z,2026-07-17T15:00:00+0200,57114.02188,MW,DE,DE_LU,actual_load,Actual Load,2026-08-15T23:22:55Z
2026-08-15T23:21:10Z,2026-08-16T01:21:10+0200,30cb418c-e56a-40a4-8689-fc8db64f26d1,2026-07-17T13:15:00Z,2026-07-17T15:15:00+0200,56786.82472,MW,DE,DE_LU,actual_load,Actual Load,2026-08-15T23:22:55Z
2026-08-15T23:21:10Z,2026-08-16T01:21:10+0200,30cb418c-e56a-40a4-8689-fc8db64f26d1,2026-07-17T13:30:00Z,2026-07-17T15:30:00+0200,57914.23057,MW,DE,DE_LU,actual_load,Actual Load,2026-08-15T23:22:55Z
2026-08-15T23:21:10Z,2026-08-16T01:21:10+0200,30cb418c-e56a-40a4-8689-fc8db64f26d1,2026-07-17T13:45:00Z,2026-07-17T15:45:00+0200,58069.8209,MW,DE,DE_LU,actual_load,Actual Load,2026-08-15T23:22:55Z
2026-08-15T23:21:10Z,2026-08-16T01:21:10+0200,30cb418c-e56a-40a4-8689-fc8db64f26d1,2026-07-17T14:00:00Z,2026-07-17T16:00:00+0200,58383.2781,MW,DE,DE_LU,actual_load,Actual Load,2026-08-15T23:22:55Z
2026-08-15T23:21:10Z,2026-08-16T01:21:10+0200,30cb418c-e56a-40a4-8689-fc8db64f26d1,2026-07-17T14:15:00Z,2026-07-17T16:15:00+0200,58027.85027,MW,DE,DE_LU,actual_load,Actual Load,2026-08-15T23:22:55Z
2026-08-15T23:21:10Z,2026-08-16T01:21:10+0200,30cb418c-e56a-40a4-8689-fc8db64f26d1,2026-07-17T14:30:00Z,2026-07-17T16:30:00+0200,57718.46144,MW,DE,DE_LU,actual_load,Actual Load,2026-08-15T23:22:55Z
2026-08-15T23:21:10Z,2026-08-16T01:21:10+0200,30cb418c-e56a-40a4-8689-fc8db64f26d1,2026-07-17T14:45:00Z,2026-07-17T16:45:00+0200,57640.41341,MW,DE,DE_LU,actual_load,Actual Load,2026-08-15T23:22:55Z
2026-08-15T23:21:10Z,2026-08-16T01:21:10+0200,30cb418c-e56a-40a4-8689-fc8db64f26d1,2026-07-17T15:00:00Z,2026-07-17T17:00:00+0200,58304.29271,MW,DE,DE_LU,actual_load,Actual Load,2026-08-15T23:22:55Z
2026-08-15T23:21:10Z,2026-08-16T01:21:10+0200,30cb418c-e56a-40a4-8689-fc8db64f26d1,2026-07-17T15:15:00Z,2026-07-17T17:15:00+0200,57985.0262,MW,DE,DE_LU,actual_load,Actual Load,2026-08-15T23:22:55Z
2026-08-15T23:21:10Z,2026-08-16T01:21:10+0200,30cb418c-e56a-40a4-8689-fc8db64f26d1,2026-07-17T15:30:00Z,2026-07-17T17:30:00+0200,58667.60243,MW,DE,DE_LU,actual_load,Actual Load,2026-08-15T23:22:55Z
2026-08-15T23:21:10Z,2026-08-16T01:21:10+0200,30cb418c-e56a-40a4-8689-fc8db64f26d1,2026-07-17T15:45:00Z,2026-07-17T17:45:00+0200,58555.36505,MW,DE,DE_LU,actual_load,Actual Load,2026-08-15T23:22:55Z
2026-08-15T23:21:10Z,2026-08-16T01:21:10+0200,30cb418c-e56a-40a4-8689-fc8db64f26d1,2026-07-17T16:00:00Z,2026-07-17T18:00:00+0200,58890.68872,MW,DE,DE_LU,actual_load,Actual Load,2026-08-15T23:22:55Z
2026-08-15T23:21:10Z,2026-08-16T01:21:10+0200,30cb418c-e56a-40a4-8689-fc8db64f26d1,2026-07-17T16:15:00Z,2026-07-17T18:15:00+0200,58901.41389,MW,DE,DE_LU,actual_load,Actual Load,2026-08-15T23:22:55Z
2026-08-15T23:21:10Z,2026-08-16T01:21:10+0200,30cb418c-e56a-40a4-8689-fc8db64f26d1,2026-07-17T16:30:00Z,2026-07-17T18:30:00+0200,58902.95475,MW,DE,DE_LU,actual_load,Actual Load,2026-08-15T23:22:55Z
2026-08-15T23:21:10Z,2026-08-16T01:21:10+0200,30cb418c-e56a-40a4-8689-fc8db64f26d1,2026-07-17T16:45:00Z,2026-07-17T18:45:00+0200,59151.42488,MW,DE,DE_LU,actual_load,Actual Load,2026-08-15T23:22:55Z
2026-08-15T23:21:10Z,2026-08-16T01:21:10+0200,30cb418c-e56a-40a4-8689-fc8db64f26d1,2026-07-17T17:00:00Z,2026-07-17T19:00:00+0200,58503.8161,MW,DE,DE_LU,actual_load,Actual Load,2026-08-15T23:22:55Z
2026-08-15T23:21:10Z,2026-08-16T01:21:10+0200,30cb418c-e56a-40a4-8689-fc8db64f26d1,2026-07-17T17:15:00Z,2026-07-17T19:15:00+0200,57792.67612,MW,DE,DE_LU,actual_load,Actual Load,2026-08-15T23:22:55Z
2026-08-15T23:21:10Z,2026-08-16T01:21:10+0200,30cb418c-e56a-40a4-8689-fc8db64f26d1,2026-07-17T17:30:00Z,2026-07-17T19:30:00+0200,57246.69906,MW,DE,DE_LU,actual_load,Actual Load,2026-08-15T23:22:55Z
2026-08-15T23:21:10Z,2026-08-16T01:21:10+0200,30cb418c-e56a-40a4-8689-fc8db64f26d1,2026-07-17T17:45:00Z,2026-07-17T19:45:00+0200,56562.4393,MW,DE,DE_LU,actual_load,Actual Load,2026-08-15T23:22:55Z
2026-08-15T23:21:10Z,2026-08-16T01:21:10+0200,30cb418c-e56a-40a4-8689-fc8db64f26d1,2026-07-17T18:00:00Z,2026-07-17T20:00:00+0200,56140.12263,MW,DE,DE_LU,actual_load,Actual Load,2026-08-15T23:22:55Z
2026-08-15T23:21:10Z,2026-08-16T01:21:10+0200,30cb418c-e56a-40a4-8689-fc8db64f26d1,2026-07-17T18:15:00Z,2026-07-17T20:15:00+0200,55105.32457,MW,DE,DE_LU,actual_load,Actual Load,2026-08-15T23:22:55Z
2026-08-15T23:21:10Z,2026-08-16T01:21:10+0200,30cb418c-e56a-40a4-8689-fc8db64f26d1,2026-07-17T18:30:00Z,2026-07-17T20:30:00+0200,54991.57981,MW,DE,DE_LU,actual_load,Actual Load,2026-08-15T23:22:55Z
2026-08-15T23:21:10Z,2026-08-16T01:21:10+0200,30cb418c-e56a-40a4-8689-fc8db64f26d1,2026-07-17T18:45:00Z,2026-07-17T20:45:00+0200,54418.52123,MW,DE,DE_LU,actual_load,Actual Load,2026-08-15T23:22:55Z
2026-08-15T23:21:10Z,2026-08-16T01:21:10+0200,30cb418c-e56a-40a4-8689-fc8db64f26d1,2026-07-17T19:00:00Z,2026-07-17T21:00:00+0200,53792.46852,MW,DE,DE_LU,actual_load,Actual Load,2026-08-15T23:22:55Z
2026-08-15T23:21:10Z,2026-08-16T01:21:10+0200,30cb418c-e56a-40a4-8689-fc8db64f26d1,2026-07-17T19:15:00Z,2026-07-17T21:15:00+0200,53073.69135,MW,DE,DE_LU,actual_load,Actual Load,2026-08-15T23:22:55Z
2026-08-15T23:21:10Z,2026-08-16T01:21:10+0200,30cb418c-e56a-40a4-8689-fc8db64f26d1,2026-07-17T19:30:00Z,2026-07-17T21:30:00+0200,53161.85664,MW,DE,DE_LU,actual_load,Actual Load,2026-08-15T23:22:55Z
2026-08-15T23:21:10Z,2026-08-16T01:21:10+0200,30cb418c-e56a-40a4-8689-fc8db64f26d1,2026-07-17T19:45:00Z,2026-07-17T21:45:00+0200,52900.74025,MW,DE,DE_LU,actual_load,Actual Load,2026-08-15T23:22:55Z
2026-08-15T23:21:10Z,2026-08-16T01:21:10+0200,30cb418c-e56a-40a4-8689-fc8db64f26d1,2026-07-17T20:00:00Z,2026-07-17T22:00:00+0200,51990.94939,MW,DE,DE_LU,actual_load,Actual Load,2026-08-15T23:22:55Z
2026-08-15T23:21:10Z,2026-08-16T01:21:10+0200,30cb418c-e56a-40a4-8689-fc8db64f26d1,2026-07-17T20:15:00Z,2026-07-17T22:15:00+0200,51578.84704,MW,DE,DE_LU,actual_load,Actual Load,2026-08-15T23:22:55Z
2026-08-15T23:21:10Z,2026-08-16T01:21:10+0200,30cb418c-e56a-40a4-8689-fc8db64f26d1,2026-07-17T20:30:00Z,2026-07-17T22:30:00+0200,51348.91025,MW,DE,DE_LU,actual_load,Actual Load,2026-08-15T23:22:55Z
2026-08-15T23:21:10Z,2026-08-16T01:21:10+0200,30cb418c-e56a-40a4-8689-fc8db64f26d1,2026-07-17T20:45:00Z,2026-07-17T22:45:00+0200,50637.80874,MW,DE,DE_LU,actual_load,Actual Load,2026-08-15T23:22:55Z
2026-08-15T23:21:10Z,2026-08-16T01:21:10+0200,30cb418c-e56a-40a4-8689-fc8db64f26d1,2026-07-17T21:00:00Z,2026-07-17T23:00:00+0200,49266.3814,MW,DE,DE_LU,actual_load,Actual Load,2026-08-15T23:22:55Z
2026-08-15T23:21:10Z,2026-08-16T01:21:10+0200,30cb418c-e56a-40a4-8689-fc8db64f26d1,2026-07-17T21:15:00Z,2026-07-17T23:15:00+0200,49016.3553,MW,DE,DE_LU,actual_load,Actual Load,2026-08-15T23:22:55Z
2026-08-15T23:21:10Z,2026-08-16T01:21:10+0200,30cb418c-e56a-40a4-8689-fc8db64f26d1,2026-07-17T21:30:00Z,2026-07-17T23:30:00+0200,48759.16684,MW,DE,DE_LU,actual_load,Actual Load,2026-08-15T23:22:55Z
2026-08-15T23:21:10Z,2026-08-16T01:21:10+0200,30cb418c-e56a-40a4-8689-fc8db64f26d1,2026-07-17T21:45:00Z,2026-07-17T23:45:00+0200,48210.39872,MW,DE,DE_LU,actual_load,Actual Load,2026-08-15T23:22:55Z
2026-08-15T23:21:10Z,2026-08-16T01:21:10+0200,30cb418c-e56a-40a4-8689-fc8db64f26d1,2026-07-17T22:00:00Z,2026-07-18T00:00:00+0200,46671.32348,MW,DE,DE_LU,actual_load,Actual Load,2026-08-15T23:22:55Z
2026-08-15T23:21:10Z,2026-08-16T01:21:10+0200,30cb418c-e56a-40a4-8689-fc8db64f26d1,2026-07-17T22:15:00Z,2026-07-18T00:15:00+0200,45863.14648,MW,DE,DE_LU,actual_load,Actual Load,2026-08-15T23:22:55Z
2026-08-15T23:21:10Z,2026-08-16T01:21:10+0200,30cb418c-e56a-40a4-8689-fc8db64f26d1,2026-07-17T22:30:00Z,2026-07-18T00:30:00+0200,45976.95022,MW,DE,DE_LU,actual_load,Actual Load,2026-08-15T23:22:55Z
2026-08-15T23:21:10Z,2026-08-16T01:21:10+0200,30cb418c-e56a-40a4-8689-fc8db64f26d1,2026-07-17T22:45:00Z,2026-07-18T00:45:00+0200,45678.19703,MW,DE,DE_LU,actual_load,Actual Load,2026-08-15T23:22:55Z
2026-08-15T23:21:10Z,2026-08-16T01:21:10+0200,30cb418c-e56a-40a4-8689-fc8db64f26d1,2026-07-17T23:00:00Z,2026-07-18T01:00:00+0200,44907.59809,MW,DE,DE_LU,actual_load,Actual Load,2026-08-15T23:22:55Z
2026-08-15T23:21:10Z,2026-08-16T01:21:10+0200,30cb418c-e56a-40a4-8689-fc8db64f26d1,2026-07-17T23:15:00Z,2026-07-18T01:15:00+0200,44025.26791,MW,DE,DE_LU,actual_load,Actual Load,2026-08-15T23:22:55Z
2026-08-15T23:21:10Z,2026-08-16T01:21:10+0200,30cb418c-e56a-40a4-8689-fc8db64f26d1,2026-07-17T23:30:00Z,2026-07-18T01:30:00+0200,43955.28091,MW,DE,DE_LU,actual_load,Actual Load,2026-08-15T23:22:55Z
2026-08-15T23:21:10Z,2026-08-16T01:21:10+0200,30cb418c-e56a-40a4-8689-fc8db64f26d1,2026-07-17T23:45:00Z,2026-07-18T01:45:00+0200,44244.62449,MW,DE,DE_LU,actual_load,Actual Load,2026-08-15T23:22:55Z
2026-08-15T23:21:10Z,2026-08-16T01:21:10+0200,30cb418c-e56a-40a4-8689-fc8db64f26d1,2026-07-18T00:00:00Z,2026-07-18T02:00:00+0200,43856.47613,MW,DE,DE_LU,actual_load,Actual Load,2026-08-15T23:22:55Z
2026-08-15T23:21:10Z,2026-08-16T01:21:10+0200,30cb418c-e56a-40a4-8689-fc8db64f26d1,2026-07-18T00:15:00Z,2026-07-18T02:15:00+0200,43389.67565,MW,DE,DE_LU,actual_load,Actual Load,2026-08-15T23:22:55Z
2026-08-15T23:21:10Z,2026-08-16T01:21:10+0200,30cb418c-e56a-40a4-8689-fc8db64f26d1,2026-07-18T00:30:00Z,2026-07-18T02:30:00+0200,43352.12097,MW,DE,DE_LU,actual_load,Actual Load,2026-08-15T23:22:55Z
2026-08-15T23:21:10Z,2026-08-16T01:21:10+0200,30cb418c-e56a-40a4-8689-fc8db64f26d1,2026-07-18T00:45:00Z,2026-07-18T02:45:00+0200,43297.63962,MW,DE,DE_LU,actual_load,Actual Load,2026-08-15T23:22:55Z
2026-08-15T23:21:10Z,2026-08-16T01:21:10+0200,30cb418c-e56a-40a4-8689-fc8db64f26d1,2026-07-18T01:00:00Z,2026-07-18T03:00:00+0200,42608.62738,MW,DE,DE_LU,actual_load,Actual Load,2026-08-15T23:22:55Z
2026-08-15T23:21:10Z,2026-08-16T01:21:10+0200,30cb418c-e56a-40a4-8689-fc8db64f26d1,2026-07-18T01:15:00Z,2026-07-18T03:15:00+0200,42620.60437,MW,DE,DE_LU,actual_load,Actual Load,2026-08-15T23:22:55Z
2026-08-15T23:21:10Z,2026-08-16T01:21:10+0200,30cb418c-e56a-40a4-8689-fc8db64f26d1,2026-07-18T01:30:00Z,2026-07-18T03:30:00+0200,42687.02199,MW,DE,DE_LU,actual_load,Actual Load,2026-08-15T23:22:55Z
2026-08-15T23:21:10Z,2026-08-16T01:21:10+0200,30cb418c-e56a-40a4-8689-fc8db64f26d1,2026-07-18T01:45:00Z,2026-07-18T03:45:00+0200,42582.5509,MW,DE,DE_LU,actual_load,Actual Load,2026-08-15T23:22:55Z
2026-08-15T23:21:10Z,2026-08-16T01:21:10+0200,30cb418c-e56a-40a4-8689-fc8db64f26d1,2026-07-18T02:00:00Z,2026-07-18T04:00:00+0200,42351.21911,MW,DE,DE_LU,actual_load,Actual Load,2026-08-15T23:22:55Z
2026-08-15T23:21:10Z,2026-08-16T01:21:10+0200,30cb418c-e56a-40a4-8689-fc8db64f26d1,2026-07-18T02:15:00Z,2026-07-18T04:15:00+0200,42213.09598,MW,DE,DE_LU,actual_load,Actual Load,2026-08-15T23:22:55Z
2026-08-15T23:21:10Z,2026-08-16T01:21:10+0200,30cb418c-e56a-40a4-8689-fc8db64f26d1,2026-07-18T02:30:00Z,2026-07-18T04:30:00+0200,42413.47823,MW,DE,DE_LU,actual_load,Actual Load,2026-08-15T23:22:55Z
2026-08-15T23:21:10Z,2026-08-16T01:21:10+0200,30cb418c-e56a-40a4-8689-fc8db64f26d1,2026-07-18T02:45:00Z,2026-07-18T04:45:00+0200,42429.17531,MW,DE,DE_LU,actual_load,Actual Load,2026-08-15T23:22:55Z
2026-08-15T23:21:10Z,2026-08-16T01:21:10+0200,30cb418c-e56a-40a4-8689-fc8db64f26d1,2026-07-18T03:00:00Z,2026-07-18T05:00:00+0200,42831.75241,MW,DE,DE_LU,actual_load,Actual Load,2026-08-15T23:22:55Z
2026-08-15T23:21:10Z,2026-08-16T01:21:10+0200,30cb418c-e56a-40a4-8689-fc8db64f26d1,2026-07-18T03:15:00Z,2026-07-18T05:15:00+0200,42628.7023,MW,DE,DE_LU,actual_load,Actual Load,2026-08-15T23:22:55Z
2026-08-15T23:21:10Z,2026-08-16T01:21:10+0200,30cb418c-e56a-40a4-8689-fc8db64f26d1,2026-07-18T03:30:00Z,2026-07-18T05:30:00+0200,42039.67298,MW,DE,DE_LU,actual_load,Actual Load,2026-08-15T23:22:55Z
2026-08-15T23:21:10Z,2026-08-16T01:21:10+0200,30cb418c-e56a-40a4-8689-fc8db64f26d1,2026-07-18T03:45:00Z,2026-07-18T05:45:00+0200,41959.32226,MW,DE,DE_LU,actual_load,Actual Load,2026-08-15T23:22:55Z
2026-08-15T23:21:10Z,2026-08-16T01:21:10+0200,30cb418c-e56a-40a4-8689-fc8db64f26d1,2026-07-18T04:00:00Z,2026-07-18T06:00:00+0200,42540.63969,MW,DE,DE_LU,actual_load,Actual Load,2026-08-15T23:22:55Z
2026-08-15T23:21:10Z,2026-08-16T01:21:10+0200,30cb418c-e56a-40a4-8689-fc8db64f26d1,2026-07-18T04:15:00Z,2026-07-18T06:15:00+0200,43147.69484,MW,DE,DE_LU,actual_load,Actual Load,2026-08-15T23:22:55Z
2026-08-15T23:21:10Z,2026-08-16T01:21:10+0200,30cb418c-e56a-40a4-8689-fc8db64f26d1,2026-07-18T04:30:00Z,2026-07-18T06:30:00+0200,43299.48024,MW,DE,DE_LU,actual_load,Actual Load,2026-08-15T23:22:55Z
2026-08-15T23:21:10Z,2026-08-16T01:21:10+0200,30cb418c-e56a-40a4-8689-fc8db64f26d1,2026-07-18T04:45:00Z,2026-07-18T06:45:00+0200,43887.23354,MW,DE,DE_LU,actual_load,Actual Load,2026-08-15T23:22:55Z
2026-08-15T23:21:10Z,2026-08-16T01:21:10+0200,30cb418c-e56a-40a4-8689-fc8db64f26d1,2026-07-18T05:00:00Z,2026-07-18T07:00:00+0200,44087.51102,MW,DE,DE_LU,actual_load,Actual Load,2026-08-15T23:22:55Z
2026-08-15T23:21:10Z,2026-08-16T01:21:10+0200,30cb418c-e56a-40a4-8689-fc8db64f26d1,2026-07-18T05:15:00Z,2026-07-18T07:15:00+0200,45000.62587,MW,DE,DE_LU,actual_load,Actual Load,2026-08-15T23:22:55Z
2026-08-15T23:21:10Z,2026-08-16T01:21:10+0200,30cb418c-e56a-40a4-8689-fc8db64f26d1,2026-07-18T05:30:00Z,2026-07-18T07:30:00+0200,45740.22146,MW,DE,DE_LU,actual_load,Actual Load,2026-08-15T23:22:55Z
2026-08-15T23:21:10Z,2026-08-16T01:21:10+0200,30cb418c-e56a-40a4-8689-fc8db64f26d1,2026-07-18T05:45:00Z,2026-07-18T07:45:00+0200,46681.92652,MW,DE,DE_LU,actual_load,Actual Load,2026-08-15T23:22:55Z
2026-08-15T23:21:10Z,2026-08-16T01:21:10+0200,30cb418c-e56a-40a4-8689-fc8db64f26d1,2026-07-18T06:00:00Z,2026-07-18T08:00:00+0200,46264.30343,MW,DE,DE_LU,actual_load,Actual Load,2026-08-15T23:22:55Z
2026-08-15T23:21:10Z,2026-08-16T01:21:10+0200,30cb418c-e56a-40a4-8689-fc8db64f26d1,2026-07-18T06:15:00Z,2026-07-18T08:15:00+0200,47896.6328,MW,DE,DE_LU,actual_load,Actual Load,2026-08-15T23:22:55Z
2026-08-15T23:21:10Z,2026-08-16T01:21:10+0200,30cb418c-e56a-40a4-8689-fc8db64f26d1,2026-07-18T06:30:00Z,2026-07-18T08:30:00+0200,48737.68375,MW,DE,DE_LU,actual_load,Actual Load,2026-08-15T23:22:55Z
2026-08-15T23:21:10Z,2026-08-16T01:21:10+0200,30cb418c-e56a-40a4-8689-fc8db64f26d1,2026-07-18T06:45:00Z,2026-07-18T08:45:00+0200,49615.71991,MW,DE,DE_LU,actual_load,Actual Load,2026-08-15T23:22:55Z
2026-08-15T23:21:10Z,2026-08-16T01:21:10+0200,30cb418c-e56a-40a4-8689-fc8db64f26d1,2026-07-18T07:00:00Z,2026-07-18T09:00:00+0200,49983.33055,MW,DE,DE_LU,actual_load,Actual Load,2026-08-15T23:22:55Z
2026-08-15T23:21:10Z,2026-08-16T01:21:10+0200,30cb418c-e56a-40a4-8689-fc8db64f26d1,2026-07-18T07:15:00Z,2026-07-18T09:15:00+0200,49926.72676,MW,DE,DE_LU,actual_load,Actual Load,2026-08-15T23:22:55Z
2026-08-15T23:21:10Z,2026-08-16T01:21:10+0200,30cb418c-e56a-40a4-8689-fc8db64f26d1,2026-07-18T07:30:00Z,2026-07-18T09:30:00+0200,50360.26777,MW,DE,DE_LU,actual_load,Actual Load,2026-08-15T23:22:55Z
2026-08-15T23:21:10Z,2026-08-16T01:21:10+0200,30cb418c-e56a-40a4-8689-fc8db64f26d1,2026-07-18T07:45:00Z,2026-07-18T09:45:00+0200,51081.34791,MW,DE,DE_LU,actual_load,Actual Load,2026-08-15T23:22:55Z
2026-08-15T23:21:10Z,2026-08-16T01:21:10+0200,30cb418c-e56a-40a4-8689-fc8db64f26d1,2026-07-18T08:00:00Z,2026-07-18T10:00:00+0200,51123.68613,MW,DE,DE_LU,actual_load,Actual Load,2026-08-15T23:22:55Z
2026-08-15T23:21:10Z,2026-08-16T01:21:10+0200,30cb418c-e56a-40a4-8689-fc8db64f26d1,2026-07-18T08:15:00Z,2026-07-18T10:15:00+0200,51027.14647,MW,DE,DE_LU,actual_load,Actual Load,2026-08-15T23:22:55Z
2026-08-15T23:21:10Z,2026-08-16T01:21:10+0200,30cb418c-e56a-40a4-8689-fc8db64f26d1,2026-07-18T08:30:00Z,2026-07-18T10:30:00+0200,51428.20708,MW,DE,DE_LU,actual_load,Actual Load,2026-08-15T23:22:55Z
2026-08-15T23:21:10Z,2026-08-16T01:21:10+0200,30cb418c-e56a-40a4-8689-fc8db64f26d1,2026-07-18T08:45:00Z,2026-07-18T10:45:00+0200,50718.05273,MW,DE,DE_LU,actual_load,Actual Load,2026-08-15T23:22:55Z
2026-08-15T23:21:10Z,2026-08-16T01:21:10+0200,30cb418c-e56a-40a4-8689-fc8db64f26d1,2026-07-18T09:00:00Z,2026-07-18T11:00:00+0200,50787.28844,MW,DE,DE_LU,actual_load,Actual Load,2026-08-15T23:22:55Z
2026-08-15T23:21:10Z,2026-08-16T01:21:10+0200,30cb418c-e56a-40a4-8689-fc8db64f26d1,2026-07-18T09:15:00Z,2026-07-18T11:15:00+0200,50932.73818,MW,DE,DE_LU,actual_load,Actual Load,2026-08-15T23:22:55Z
2026-08-15T23:21:10Z,2026-08-16T01:21:10+0200,30cb418c-e56a-40a4-8689-fc8db64f26d1,2026-07-18T09:30:00Z,2026-07-18T11:30:00+0200,50442.97735,MW,DE,DE_LU,actual_load,Actual Load,2026-08-15T23:22:55Z
2026-08-15T23:21:10Z,2026-08-16T01:21:10+0200,30cb418c-e56a-40a4-8689-fc8db64f26d1,2026-07-18T09:45:00Z,2026-07-18T11:45:00+0200,50835.11854,MW,DE,DE_LU,actual_load,Actual Load,2026-08-15T23:22:55Z
2026-08-15T23:21:10Z,2026-08-16T01:21:10+0200,30cb418c-e56a-40a4-8689-fc8db64f26d1,2026-07-18T10:00:00Z,2026-07-18T12:00:00+0200,50076.74277,MW,DE,DE_LU,actual_load,Actual Load,2026-08-15T23:22:55Z
2026-08-15T23:21:10Z,2026-08-16T01:21:10+0200,30cb418c-e56a-40a4-8689-fc8db64f26d1,2026-07-18T10:15:00Z,2026-07-18T12:15:00+0200,49631.13758,MW,DE,DE_LU,actual_load,Actual Load,2026-08-15T23:22:55Z
2026-08-15T23:21:10Z,2026-08-16T01:21:10+0200,30cb418c-e56a-40a4-8689-fc8db64f26d1,2026-07-18T10:30:00Z,2026-07-18T12:30:00+0200,49544.34622,MW,DE,DE_LU,actual_load,Actual Load,2026-08-15T23:22:55Z
2026-08-15T23:21:10Z,2026-08-16T01:21:10+0200,30cb418c-e56a-40a4-8689-fc8db64f26d1,2026-07-18T10:45:00Z,2026-07-18T12:45:00+0200,49119.97352,MW,DE,DE_LU,actual_load,Actual Load,2026-08-15T23:22:55Z
2026-08-15T23:21:10Z,2026-08-16T01:21:10+0200,30cb418c-e56a-40a4-8689-fc8db64f26d1,2026-07-18T11:00:00Z,2026-07-18T13:00:00+0200,48939.65841,MW,DE,DE_LU,actual_load,Actual Load,2026-08-15T23:22:55Z
2026-08-15T23:21:10Z,2026-08-16T01:21:10+0200,30cb418c-e56a-40a4-8689-fc8db64f26d1,2026-07-18T11:15:00Z,2026-07-18T13:15:00+0200,48597.55775,MW,DE,DE_LU,actual_load,Actual Load,2026-08-15T23:22:55Z
2026-08-15T23:21:10Z,2026-08-16T01:21:10+0200,30cb418c-e56a-40a4-8689-fc8db64f26d1,2026-07-18T11:30:00Z,2026-07-18T13:30:00+0200,47836.77021,MW,DE,DE_LU,actual_load,Actual Load,2026-08-15T23:22:55Z
2026-08-15T23:21:10Z,2026-08-16T01:21:10+0200,30cb418c-e56a-40a4-8689-fc8db64f26d1,2026-07-18T11:45:00Z,2026-07-18T13:45:00+0200,47235.62929,MW,DE,DE_LU,actual_load,Actual Load,2026-08-15T23:22:55Z
2026-08-15T23:21:10Z,2026-08-16T01:21:10+0200,30cb418c-e56a-40a4-8689-fc8db64f26d1,2026-07-18T12:00:00Z,2026-07-18T14:00:00+0200,47624.95698,MW,DE,DE_LU,actual_load,Actual Load,2026-08-15T23:22:55Z
2026-08-15T23:21:10Z,2026-08-16T01:21:10+0200,30cb418c-e56a-40a4-8689-fc8db64f26d1,2026-07-18T12:15:00Z,2026-07-18T14:15:00+0200,46626.61009,MW,DE,DE_LU,actual_load,Actual Load,2026-08-15T23:22:55Z
2026-08-15T23:21:10Z,2026-08-16T01:21:10+0200,30cb418c-e56a-40a4-8689-fc8db64f26d1,2026-07-18T12:30:00Z,2026-07-18T14:30:00+0200,46844.75308,MW,DE,DE_LU,actual_load,Actual Load,2026-08-15T23:22:55Z
2026-08-15T23:21:10Z,2026-08-16T01:21:10+0200,30cb418c-e56a-40a4-8689-fc8db64f26d1,2026-07-18T12:45:00Z,2026-07-18T14:45:00+0200,46275.18477,MW,DE,DE_LU,actual_load,Actual Load,2026-08-15T23:22:55Z
2026-08-15T23:21:10Z,2026-08-16T01:21:10+0200,30cb418c-e56a-40a4-8689-fc8db64f26d1,2026-07-18T13:00:00Z,2026-07-18T15:00:00+0200,46384.02901,MW,DE,DE_LU,actual_load,Actual Load,2026-08-15T23:22:55Z
2026-08-15T23:21:10Z,2026-08-16T01:21:10+0200,30cb418c-e56a-40a4-8689-fc8db64f26d1,2026-07-18T13:15:00Z,2026-07-18T15:15:00+0200,46080.38411,MW,DE,DE_LU,actual_load,Actual Load,2026-08-15T23:22:55Z
2026-08-15T23:21:10Z,2026-08-16T01:21:10+0200,30cb418c-e56a-40a4-8689-fc8db64f26d1,2026-07-18T13:30:00Z,2026-07-18T15:30:00+0200,45793.84711,MW,DE,DE_LU,actual_load,Actual Load,2026-08-15T23:22:55Z
2026-08-15T23:21:10Z,2026-08-16T01:21:10+0200,30cb418c-e56a-40a4-8689-fc8db64f26d1,2026-07-18T13:45:00Z,2026-07-18T15:45:00+0200,45889.09633,MW,DE,DE_LU,actual_load,Actual Load,2026-08-15T23:22:55Z
2026-08-15T23:21:10Z,2026-08-16T01:21:10+0200,30cb418c-e56a-40a4-8689-fc8db64f26d1,2026-07-18T14:00:00Z,2026-07-18T16:00:00+0200,46504.29319,MW,DE,DE_LU,actual_load,Actual Load,2026-08-15T23:22:55Z
2026-08-15T23:21:10Z,2026-08-16T01:21:10+0200,30cb418c-e56a-40a4-8689-fc8db64f26d1,2026-07-18T14:15:00Z,2026-07-18T16:15:00+0200,46548.25325,MW,DE,DE_LU,actual_load,Actual Load,2026-08-15T23:22:55Z
2026-08-15T23:21:10Z,2026-08-16T01:21:10+0200,30cb418c-e56a-40a4-8689-fc8db64f26d1,2026-07-18T14:30:00Z,2026-07-18T16:30:00+0200,46470.41235,MW,DE,DE_LU,actual_load,Actual Load,2026-08-15T23:22:55Z
2026-08-15T23:21:10Z,2026-08-16T01:21:10+0200,30cb418c-e56a-40a4-8689-fc8db64f26d1,2026-07-18T14:45:00Z,2026-07-18T16:45:00+0200,46518.03792,MW,DE,DE_LU,actual_load,Actual Load,2026-08-15T23:22:55Z
2026-08-15T23:21:10Z,2026-08-16T01:21:10+0200,30cb418c-e56a-40a4-8689-fc8db64f26d1,2026-07-18T15:00:00Z,2026-07-18T17:00:00+0200,47197.44008,MW,DE,DE_LU,actual_load,Actual Load,2026-08-15T23:22:55Z
2026-08-15T23:21:10Z,2026-08-16T01:21:10+0200,30cb418c-e56a-40a4-8689-fc8db64f26d1,2026-07-18T15:15:00Z,2026-07-18T17:15:00+0200,47327.50066,MW,DE,DE_LU,actual_load,Actual Load,2026-08-15T23:22:55Z
2026-08-15T23:21:10Z,2026-08-16T01:21:10+0200,30cb418c-e56a-40a4-8689-fc8db64f26d1,2026-07-18T15:30:00Z,2026-07-18T17:30:00+0200,47336.2965,MW,DE,DE_LU,actual_load,Actual Load,2026-08-15T23:22:55Z
2026-08-15T23:21:10Z,2026-08-16T01:21:10+0200,30cb418c-e56a-40a4-8689-fc8db64f26d1,2026-07-18T15:45:00Z,2026-07-18T17:45:00+0200,47127.64466,MW,DE,DE_LU,actual_load,Actual Load,2026-08-15T23:22:55Z
2026-08-15T23:21:10Z,2026-08-16T01:21:10+0200,30cb418c-e56a-40a4-8689-fc8db64f26d1,2026-07-18T16:00:00Z,2026-07-18T18:00:00+0200,47347.42726,MW,DE,DE_LU,actual_load,Actual Load,2026-08-15T23:22:55Z
2026-08-15T23:21:10Z,2026-08-16T01:21:10+0200,30cb418c-e56a-40a4-8689-fc8db64f26d1,2026-07-18T16:15:00Z,2026-07-18T18:15:00+0200,47436.39933,MW,DE,DE_LU,actual_load,Actual Load,2026-08-15T23:22:55Z
2026-08-15T23:21:10Z,2026-08-16T01:21:10+0200,30cb418c-e56a-40a4-8689-fc8db64f26d1,2026-07-18T16:30:00Z,2026-07-18T18:30:00+0200,47578.90954,MW,DE,DE_LU,actual_load,Actual Load,2026-08-15T23:22:55Z
2026-08-15T23:21:10Z,2026-08-16T01:21:10+0200,30cb418c-e56a-40a4-8689-fc8db64f26d1,2026-07-18T16:45:00Z,2026-07-18T18:45:00+0200,48313.05356,MW,DE,DE_LU,actual_load,Actual Load,2026-08-15T23:22:55Z
2026-08-15T23:21:10Z,2026-08-16T01:21:10+0200,30cb418c-e56a-40a4-8689-fc8db64f26d1,2026-07-18T17:00:00Z,2026-07-18T19:00:00+0200,47974.04004,MW,DE,DE_LU,actual_load,Actual Load,2026-08-15T23:22:55Z
2026-08-15T23:21:10Z,2026-08-16T01:21:10+0200,30cb418c-e56a-40a4-8689-fc8db64f26d1,2026-07-18T17:15:00Z,2026-07-18T19:15:00+0200,47659.12386,MW,DE,DE_LU,actual_load,Actual Load,2026-08-15T23:22:55Z
2026-08-15T23:21:10Z,2026-08-16T01:21:10+0200,30cb418c-e56a-40a4-8689-fc8db64f26d1,2026-07-18T17:30:00Z,2026-07-18T19:30:00+0200,47571.70609,MW,DE,DE_LU,actual_load,Actual Load,2026-08-15T23:22:55Z
2026-08-15T23:21:10Z,2026-08-16T01:21:10+0200,30cb418c-e56a-40a4-8689-fc8db64f26d1,2026-07-18T17:45:00Z,2026-07-18T19:45:00+0200,47236.0488,MW,DE,DE_LU,actual_load,Actual Load,2026-08-15T23:22:55Z
2026-08-15T23:21:10Z,2026-08-16T01:21:10+0200,30cb418c-e56a-40a4-8689-fc8db64f26d1,2026-07-18T18:00:00Z,2026-07-18T20:00:00+0200,47617.72606,MW,DE,DE_LU,actual_load,Actual Load,2026-08-15T23:22:55Z
2026-08-15T23:21:10Z,2026-08-16T01:21:10+0200,30cb418c-e56a-40a4-8689-fc8db64f26d1,2026-07-18T18:15:00Z,2026-07-18T20:15:00+0200,47196.91252,MW,DE,DE_LU,actual_load,Actual Load,2026-08-15T23:22:55Z
2026-08-15T23:21:10Z,2026-08-16T01:21:10+0200,30cb418c-e56a-40a4-8689-fc8db64f26d1,2026-07-18T18:30:00Z,2026-07-18T20:30:00+0200,46077.10348,MW,DE,DE_LU,actual_load,Actual Load,2026-08-15T23:22:55Z
2026-08-15T23:21:10Z,2026-08-16T01:21:10+0200,30cb418c-e56a-40a4-8689-fc8db64f26d1,2026-07-18T18:45:00Z,2026-07-18T20:45:00+0200,45219.84637,MW,DE,DE_LU,actual_load,Actual Load,2026-08-15T23:22:55Z
2026-08-15T23:21:10Z,2026-08-16T01:21:10+0200,30cb418c-e56a-40a4-8689-fc8db64f26d1,2026-07-18T19:00:00Z,2026-07-18T21:00:00+0200,44572.24288,MW,DE,DE_LU,actual_load,Actual Load,2026-08-15T23:22:55Z
2026-08-15T23:21:10Z,2026-08-16T01:21:10+0200,30cb418c-e56a-40a4-8689-fc8db64f26d1,2026-07-18T19:15:00Z,2026-07-18T21:15:00+0200,44357.48746,MW,DE,DE_LU,actual_load,Actual Load,2026-08-15T23:22:55Z
2026-08-15T23:21:10Z,2026-08-16T01:21:10+0200,30cb418c-e56a-40a4-8689-fc8db64f26d1,2026-07-18T19:30:00Z,2026-07-18T21:30:00+0200,44995.47809,MW,DE,DE_LU,actual_load,Actual Load,2026-08-15T23:22:55Z
2026-08-15T23:21:10Z,2026-08-16T01:21:10+0200,30cb418c-e56a-40a4-8689-fc8db64f26d1,2026-07-18T19:45:00Z,2026-07-18T21:45:00+0200,45234.96427,MW,DE,DE_LU,actual_load,Actual Load,2026-08-15T23:22:55Z
2026-08-15T23:21:10Z,2026-08-16T01:21:10+0200,30cb418c-e56a-40a4-8689-fc8db64f26d1,2026-07-18T20:00:00Z,2026-07-18T22:00:00+0200,44547.03972,MW,DE,DE_LU,actual_load,Actual Load,2026-08-15T23:22:55Z
2026-08-15T23:21:10Z,2026-08-16T01:21:10+0200,30cb418c-e56a-40a4-8689-fc8db64f26d1,2026-07-18T20:15:00Z,2026-07-18T22:15:00+0200,44613.90473,MW,DE,DE_LU,actual_load,Actual Load,2026-08-15T23:22:55Z
2026-08-15T23:21:10Z,2026-08-16T01:21:10+0200,30cb418c-e56a-40a4-8689-fc8db64f26d1,2026-07-18T20:30:00Z,2026-07-18T22:30:00+0200,43720.97059,MW,DE,DE_LU,actual_load,Actual Load,2026-08-15T23:22:55Z
2026-08-15T23:21:10Z,2026-08-16T01:21:10+0200,30cb418c-e56a-40a4-8689-fc8db64f26d1,2026-07-18T20:45:00Z,2026-07-18T22:45:00+0200,43513.58753,MW,DE,DE_LU,actual_load,Actual Load,2026-08-15T23:22:55Z
2026-08-15T23:21:10Z,2026-08-16T01:21:10+0200,30cb418c-e56a-40a4-8689-fc8db64f26d1,2026-07-18T21:00:00Z,2026-07-18T23:00:00+0200,42916.24243,MW,DE,DE_LU,actual_load,Actual Load,2026-08-15T23:22:55Z
2026-08-15T23:21:10Z,2026-08-16T01:21:10+0200,30cb418c-e56a-40a4-8689-fc8db64f26d1,2026-07-18T21:15:00Z,2026-07-18T23:15:00+0200,43215.3683,MW,DE,DE_LU,actual_load,Actual Load,2026-08-15T23:22:55Z
2026-08-15T23:21:10Z,2026-08-16T01:21:10+0200,30cb418c-e56a-40a4-8689-fc8db64f26d1,2026-07-18T21:30:00Z,2026-07-18T23:30:00+0200,42586.80951,MW,DE,DE_LU,actual_load,Actual Load,2026-08-15T23:22:55Z
2026-08-15T23:21:10Z,2026-08-16T01:21:10+0200,30cb418c-e56a-40a4-8689-fc8db64f26d1,2026-07-18T21:45:00Z,2026-07-18T23:45:00+0200,42013.34778,MW,DE,DE_LU,actual_load,Actual Load,2026-08-15T23:22:55Z
2026-08-15T23:21:10Z,2026-08-16T01:21:10+0200,30cb418c-e56a-40a4-8689-fc8db64f26d1,2026-07-18T22:00:00Z,2026-07-19T00:00:00+0200,41732.54777,MW,DE,DE_LU,actual_load,Actual Load,2026-08-15T23:22:55Z
2026-08-15T23:21:10Z,2026-08-16T01:21:10+0200,30cb418c-e56a-40a4-8689-fc8db64f26d1,2026-07-18T22:15:00Z,2026-07-19T00:15:00+0200,41228.82224,MW,DE,DE_LU,actual_load,Actual Load,2026-08-15T23:22:55Z
2026-08-15T23:21:10Z,2026-08-16T01:21:10+0200,30cb418c-e56a-40a4-8689-fc8db64f26d1,2026-07-18T22:30:00Z,2026-07-19T00:30:00+0200,40944.45041,MW,DE,DE_LU,actual_load,Actual Load,2026-08-15T23:22:55Z
2026-08-15T23:21:10Z,2026-08-16T01:21:10+0200,30cb418c-e56a-40a4-8689-fc8db64f26d1,2026-07-18T22:45:00Z,2026-07-19T00:45:00+0200,40350.09342,MW,DE,DE_LU,actual_load,Actual Load,2026-08-15T23:22:55Z
2026-08-15T23:21:10Z,2026-08-16T01:21:10+0200,30cb418c-e56a-40a4-8689-fc8db64f26d1,2026-07-18T23:00:00Z,2026-07-19T01:00:00+0200,39494.87543,MW,DE,DE_LU,actual_load,Actual Load,2026-08-15T23:22:55Z
2026-08-15T23:21:10Z,2026-08-16T01:21:10+0200,30cb418c-e56a-40a4-8689-fc8db64f26d1,2026-07-18T23:15:00Z,2026-07-19T01:15:00+0200,39455.06267,MW,DE,DE_LU,actual_load,Actual Load,2026-08-15T23:22:55Z
2026-08-15T23:21:10Z,2026-08-16T01:21:10+0200,30cb418c-e56a-40a4-8689-fc8db64f26d1,2026-07-18T23:30:00Z,2026-07-19T01:30:00+0200,38922.22757,MW,DE,DE_LU,actual_load,Actual Load,2026-08-15T23:22:55Z
2026-08-15T23:21:10Z,2026-08-16T01:21:10+0200,30cb418c-e56a-40a4-8689-fc8db64f26d1,2026-07-18T23:45:00Z,2026-07-19T01:45:00+0200,38454.6541,MW,DE,DE_LU,actual_load,Actual Load,2026-08-15T23:22:55Z
2026-08-15T23:21:10Z,2026-08-16T01:21:10+0200,30cb418c-e56a-40a4-8689-fc8db64f26d1,2026-07-19T00:00:00Z,2026-07-19T02:00:00+0200,38258.38556,MW,DE,DE_LU,actual_load,Actual Load,2026-08-15T23:22:55Z
2026-08-15T23:21:10Z,2026-08-16T01:21:10+0200,30cb418c-e56a-40a4-8689-fc8db64f26d1,2026-07-19T00:15:00Z,2026-07-19T02:15:00+0200,38320.68009,MW,DE,DE_LU,actual_load,Actual Load,2026-08-15T23:22:55Z
2026-08-15T23:21:10Z,2026-08-16T01:21:10+0200,30cb418c-e56a-40a4-8689-fc8db64f26d1,2026-07-19T00:30:00Z,2026-07-19T02:30:00+0200,38054.89808,MW,DE,DE_LU,actual_load,Actual Load,2026-08-15T23:22:55Z
2026-08-15T23:21:10Z,2026-08-16T01:21:10+0200,30cb418c-e56a-40a4-8689-fc8db64f26d1,2026-07-19T00:45:00Z,2026-07-19T02:45:00+0200,37491.70536,MW,DE,DE_LU,actual_load,Actual Load,2026-08-15T23:22:55Z
2026-08-15T23:21:10Z,2026-08-16T01:21:10+0200,30cb418c-e56a-40a4-8689-fc8db64f26d1,2026-07-19T01:00:00Z,2026-07-19T03:00:00+0200,37591.72358,MW,DE,DE_LU,actual_load,Actual Load,2026-08-15T23:22:55Z
2026-08-15T23:21:10Z,2026-08-16T01:21:10+0200,30cb418c-e56a-40a4-8689-fc8db64f26d1,2026-07-19T01:15:00Z,2026-07-19T03:15:00+0200,37816.75136,MW,DE,DE_LU,actual_load,Actual Load,2026-08-15T23:22:55Z
2026-08-15T23:21:10Z,2026-08-16T01:21:10+0200,30cb418c-e56a-40a4-8689-fc8db64f26d1,2026-07-19T01:30:00Z,2026-07-19T03:30:00+0200,38061.49267,MW,DE,DE_LU,actual_load,Actual Load,2026-08-15T23:22:55Z
2026-08-15T23:21:10Z,2026-08-16T01:21:10+0200,30cb418c-e56a-40a4-8689-fc8db64f26d1,2026-07-19T01:45:00Z,2026-07-19T03:45:00+0200,37957.08504,MW,DE,DE_LU,actual_load,Actual Load,2026-08-15T23:22:55Z
2026-08-15T23:21:10Z,2026-08-16T01:21:10+0200,30cb418c-e56a-40a4-8689-fc8db64f26d1,2026-07-19T02:00:00Z,2026-07-19T04:00:00+0200,37918.58077,MW,DE,DE_LU,actual_load,Actual Load,2026-08-15T23:22:55Z
2026-08-15T23:21:10Z,2026-08-16T01:21:10+0200,30cb418c-e56a-40a4-8689-fc8db64f26d1,2026-07-19T02:15:00Z,2026-07-19T04:15:00+0200,37984.37963,MW,DE,DE_LU,actual_load,Actual Load,2026-08-15T23:22:55Z
2026-08-15T23:21:10Z,2026-08-16T01:21:10+0200,30cb418c-e56a-40a4-8689-fc8db64f26d1,2026-07-19T02:30:00Z,2026-07-19T04:30:00+0200,37697.50749,MW,DE,DE_LU,actual_load,Actual Load,2026-08-15T23:22:55Z
2026-08-15T23:21:10Z,2026-08-16T01:21:10+0200,30cb418c-e56a-40a4-8689-fc8db64f26d1,2026-07-19T02:45:00Z,2026-07-19T04:45:00+0200,37969.20597,MW,DE,DE_LU,actual_load,Actual Load,2026-08-15T23:22:55Z
2026-08-15T23:21:10Z,2026-08-16T01:21:10+0200,30cb418c-e56a-40a4-8689-fc8db64f26d1,2026-07-19T03:00:00Z,2026-07-19T05:00:00+0200,37809.65278,MW,DE,DE_LU,actual_load,Actual Load,2026-08-15T23:22:55Z
2026-08-15T23:21:10Z,2026-08-16T01:21:10+0200,30cb418c-e56a-40a4-8689-fc8db64f26d1,2026-07-19T03:15:00Z,2026-07-19T05:15:00+0200,37918.38243,MW,DE,DE_LU,actual_load,Actual Load,2026-08-15T23:22:55Z
2026-08-15T23:21:10Z,2026-08-16T01:21:10+0200,30cb418c-e56a-40a4-8689-fc8db64f26d1,2026-07-19T03:30:00Z,2026-07-19T05:30:00+0200,37969.06487,MW,DE,DE_LU,actual_load,Actual Load,2026-08-15T23:22:55Z
2026-08-15T23:21:10Z,2026-08-16T01:21:10+0200,30cb418c-e56a-40a4-8689-fc8db64f26d1,2026-07-19T03:45:00Z,2026-07-19T05:45:00+0200,38244.25057,MW,DE,DE_LU,actual_load,Actual Load,2026-08-15T23:22:55Z
2026-08-15T23:21:10Z,2026-08-16T01:21:10+0200,30cb418c-e56a-40a4-8689-fc8db64f26d1,2026-07-19T04:00:00Z,2026-07-19T06:00:00+0200,39172.09516,MW,DE,DE_LU,actual_load,Actual Load,2026-08-15T23:22:55Z
2026-08-15T23:21:10Z,2026-08-16T01:21:10+0200,30cb418c-e56a-40a4-8689-fc8db64f26d1,2026-07-19T04:15:00Z,2026-07-19T06:15:00+0200,39484.80581,MW,DE,DE_LU,actual_load,Actual Load,2026-08-15T23:22:55Z
2026-08-15T23:21:10Z,2026-08-16T01:21:10+0200,30cb418c-e56a-40a4-8689-fc8db64f26d1,2026-07-19T04:30:00Z,2026-07-19T06:30:00+0200,39761.39268,MW,DE,DE_LU,actual_load,Actual Load,2026-08-15T23:22:55Z
2026-08-15T23:21:10Z,2026-08-16T01:21:10+0200,30cb418c-e56a-40a4-8689-fc8db64f26d1,2026-07-19T04:45:00Z,2026-07-19T06:45:00+0200,40041.80998,MW,DE,DE_LU,actual_load,Actual Load,2026-08-15T23:22:55Z
2026-08-15T23:21:10Z,2026-08-16T01:21:10+0200,30cb418c-e56a-40a4-8689-fc8db64f26d1,2026-07-19T05:00:00Z,2026-07-19T07:00:00+0200,40288.90004,MW,DE,DE_LU,actual_load,Actual Load,2026-08-15T23:22:55Z
2026-08-15T23:21:10Z,2026-08-16T01:21:10+0200,30cb418c-e56a-40a4-8689-fc8db64f26d1,2026-07-19T05:15:00Z,2026-07-19T07:15:00+0200,40168.54059,MW,DE,DE_LU,actual_load,Actual Load,2026-08-15T23:22:55Z
2026-08-15T23:21:10Z,2026-08-16T01:21:10+0200,30cb418c-e56a-40a4-8689-fc8db64f26d1,2026-07-19T05:30:00Z,2026-07-19T07:30:00+0200,40737.7954,MW,DE,DE_LU,actual_load,Actual Load,2026-08-15T23:22:55Z
2026-08-15T23:21:10Z,2026-08-16T01:21:10+0200,30cb418c-e56a-40a4-8689-fc8db64f26d1,2026-07-19T05:45:00Z,2026-07-19T07:45:00+0200,40979.28328,MW,DE,DE_LU,actual_load,Actual Load,2026-08-15T23:22:55Z
2026-08-15T23:21:10Z,2026-08-16T01:21:10+0200,30cb418c-e56a-40a4-8689-fc8db64f26d1,2026-07-19T06:00:00Z,2026-07-19T08:00:00+0200,40879.58666,MW,DE,DE_LU,actual_load,Actual Load,2026-08-15T23:22:55Z
2026-08-15T23:21:10Z,2026-08-16T01:21:10+0200,30cb418c-e56a-40a4-8689-fc8db64f26d1,2026-07-19T06:15:00Z,2026-07-19T08:15:00+0200,41994.82849,MW,DE,DE_LU,actual_load,Actual Load,2026-08-15T23:22:55Z
2026-08-15T23:21:10Z,2026-08-16T01:21:10+0200,30cb418c-e56a-40a4-8689-fc8db64f26d1,2026-07-19T06:30:00Z,2026-07-19T08:30:00+0200,43002.01192,MW,DE,DE_LU,actual_load,Actual Load,2026-08-15T23:22:55Z
2026-08-15T23:21:10Z,2026-08-16T01:21:10+0200,30cb418c-e56a-40a4-8689-fc8db64f26d1,2026-07-19T06:45:00Z,2026-07-19T08:45:00+0200,43708.94818,MW,DE,DE_LU,actual_load,Actual Load,2026-08-15T23:22:55Z
2026-08-15T23:21:10Z,2026-08-16T01:21:10+0200,30cb418c-e56a-40a4-8689-fc8db64f26d1,2026-07-19T07:00:00Z,2026-07-19T09:00:00+0200,44101.63132,MW,DE,DE_LU,actual_load,Actual Load,2026-08-15T23:22:55Z
2026-08-15T23:21:10Z,2026-08-16T01:21:10+0200,30cb418c-e56a-40a4-8689-fc8db64f26d1,2026-07-19T07:15:00Z,2026-07-19T09:15:00+0200,44602.51863,MW,DE,DE_LU,actual_load,Actual Load,2026-08-15T23:22:55Z
2026-08-15T23:21:10Z,2026-08-16T01:21:10+0200,30cb418c-e56a-40a4-8689-fc8db64f26d1,2026-07-19T07:30:00Z,2026-07-19T09:30:00+0200,44719.29439,MW,DE,DE_LU,actual_load,Actual Load,2026-08-15T23:22:55Z
2026-08-15T23:21:10Z,2026-08-16T01:21:10+0200,30cb418c-e56a-40a4-8689-fc8db64f26d1,2026-07-19T07:45:00Z,2026-07-19T09:45:00+0200,44989.97093,MW,DE,DE_LU,actual_load,Actual Load,2026-08-15T23:22:55Z
2026-08-15T23:21:10Z,2026-08-16T01:21:10+0200,30cb418c-e56a-40a4-8689-fc8db64f26d1,2026-07-19T08:00:00Z,2026-07-19T10:00:00+0200,45320.02787,MW,DE,DE_LU,actual_load,Actual Load,2026-08-15T23:22:55Z
2026-08-15T23:21:10Z,2026-08-16T01:21:10+0200,30cb418c-e56a-40a4-8689-fc8db64f26d1,2026-07-19T08:15:00Z,2026-07-19T10:15:00+0200,46017.24736,MW,DE,DE_LU,actual_load,Actual Load,2026-08-15T23:22:55Z
2026-08-15T23:21:10Z,2026-08-16T01:21:10+0200,30cb418c-e56a-40a4-8689-fc8db64f26d1,2026-07-19T08:30:00Z,2026-07-19T10:30:00+0200,46370.2437,MW,DE,DE_LU,actual_load,Actual Load,2026-08-15T23:22:55Z
2026-08-15T23:21:10Z,2026-08-16T01:21:10+0200,30cb418c-e56a-40a4-8689-fc8db64f26d1,2026-07-19T08:45:00Z,2026-07-19T10:45:00+0200,46997.42939,MW,DE,DE_LU,actual_load,Actual Load,2026-08-15T23:22:55Z
2026-08-15T23:21:10Z,2026-08-16T01:21:10+0200,30cb418c-e56a-40a4-8689-fc8db64f26d1,2026-07-19T09:00:00Z,2026-07-19T11:00:00+0200,46579.08799,MW,DE,DE_LU,actual_load,Actual Load,2026-08-15T23:22:55Z
2026-08-15T23:21:10Z,2026-08-16T01:21:10+0200,30cb418c-e56a-40a4-8689-fc8db64f26d1,2026-07-19T09:15:00Z,2026-07-19T11:15:00+0200,47509.87157,MW,DE,DE_LU,actual_load,Actual Load,2026-08-15T23:22:55Z
2026-08-15T23:21:10Z,2026-08-16T01:21:10+0200,30cb418c-e56a-40a4-8689-fc8db64f26d1,2026-07-19T09:30:00Z,2026-07-19T11:30:00+0200,47636.84602,MW,DE,DE_LU,actual_load,Actual Load,2026-08-15T23:22:55Z
2026-08-15T23:21:10Z,2026-08-16T01:21:10+0200,30cb418c-e56a-40a4-8689-fc8db64f26d1,2026-07-19T09:45:00Z,2026-07-19T11:45:00+0200,47593.42904,MW,DE,DE_LU,actual_load,Actual Load,2026-08-15T23:22:55Z
2026-08-15T23:21:10Z,2026-08-16T01:21:10+0200,30cb418c-e56a-40a4-8689-fc8db64f26d1,2026-07-19T10:00:00Z,2026-07-19T12:00:00+0200,47471.18084,MW,DE,DE_LU,actual_load,Actual Load,2026-08-15T23:22:55Z
2026-08-15T23:21:10Z,2026-08-16T01:21:10+0200,30cb418c-e56a-40a4-8689-fc8db64f26d1,2026-07-19T10:15:00Z,2026-07-19T12:15:00+0200,46757.54773,MW,DE,DE_LU,actual_load,Actual Load,2026-08-15T23:22:55Z
2026-08-15T23:21:10Z,2026-08-16T01:21:10+0200,30cb418c-e56a-40a4-8689-fc8db64f26d1,2026-07-19T10:30:00Z,2026-07-19T12:30:00+0200,45747.08216,MW,DE,DE_LU,actual_load,Actual Load,2026-08-15T23:22:55Z
2026-08-15T23:21:10Z,2026-08-16T01:21:10+0200,30cb418c-e56a-40a4-8689-fc8db64f26d1,2026-07-19T10:45:00Z,2026-07-19T12:45:00+0200,45781.97295,MW,DE,DE_LU,actual_load,Actual Load,2026-08-15T23:22:55Z
2026-08-15T23:21:10Z,2026-08-16T01:21:10+0200,30cb418c-e56a-40a4-8689-fc8db64f26d1,2026-07-19T11:00:00Z,2026-07-19T13:00:00+0200,45366.24214,MW,DE,DE_LU,actual_load,Actual Load,2026-08-15T23:22:55Z
2026-08-15T23:21:10Z,2026-08-16T01:21:10+0200,30cb418c-e56a-40a4-8689-fc8db64f26d1,2026-07-19T11:15:00Z,2026-07-19T13:15:00+0200,44944.69076,MW,DE,DE_LU,actual_load,Actual Load,2026-08-15T23:22:55Z
2026-08-15T23:21:10Z,2026-08-16T01:21:10+0200,30cb418c-e56a-40a4-8689-fc8db64f26d1,2026-07-19T11:30:00Z,2026-07-19T13:30:00+0200,44399.59427,MW,DE,DE_LU,actual_load,Actual Load,2026-08-15T23:22:55Z
2026-08-15T23:21:10Z,2026-08-16T01:21:10+0200,30cb418c-e56a-40a4-8689-fc8db64f26d1,2026-07-19T11:45:00Z,2026-07-19T13:45:00+0200,43793.38108,MW,DE,DE_LU,actual_load,Actual Load,2026-08-15T23:22:55Z
2026-08-15T23:21:10Z,2026-08-16T01:21:10+0200,30cb418c-e56a-40a4-8689-fc8db64f26d1,2026-07-19T12:00:00Z,2026-07-19T14:00:00+0200,42865.42663,MW,DE,DE_LU,actual_load,Actual Load,2026-08-15T23:22:55Z
2026-08-15T23:21:10Z,2026-08-16T01:21:10+0200,30cb418c-e56a-40a4-8689-fc8db64f26d1,2026-07-19T12:15:00Z,2026-07-19T14:15:00+0200,42960.81256,MW,DE,DE_LU,actual_load,Actual Load,2026-08-15T23:22:55Z
2026-08-15T23:21:10Z,2026-08-16T01:21:10+0200,30cb418c-e56a-40a4-8689-fc8db64f26d1,2026-07-19T12:30:00Z,2026-07-19T14:30:00+0200,41954.59894,MW,DE,DE_LU,actual_load,Actual Load,2026-08-15T23:22:55Z
2026-08-15T23:21:10Z,2026-08-16T01:21:10+0200,30cb418c-e56a-40a4-8689-fc8db64f26d1,2026-07-19T12:45:00Z,2026-07-19T14:45:00+0200,41273.2833,MW,DE,DE_LU,actual_load,Actual Load,2026-08-15T23:22:55Z
2026-08-15T23:21:10Z,2026-08-16T01:21:10+0200,30cb418c-e56a-40a4-8689-fc8db64f26d1,2026-07-19T13:00:00Z,2026-07-19T15:00:00+0200,41891.00215,MW,DE,DE_LU,actual_load,Actual Load,2026-08-15T23:22:55Z
2026-08-15T23:21:10Z,2026-08-16T01:21:10+0200,30cb418c-e56a-40a4-8689-fc8db64f26d1,2026-07-19T13:15:00Z,2026-07-19T15:15:00+0200,41898.49313,MW,DE,DE_LU,actual_load,Actual Load,2026-08-15T23:22:55Z
2026-08-15T23:21:10Z,2026-08-16T01:21:10+0200,30cb418c-e56a-40a4-8689-fc8db64f26d1,2026-07-19T13:30:00Z,2026-07-19T15:30:00+0200,41657.70262,MW,DE,DE_LU,actual_load,Actual Load,2026-08-15T23:22:55Z
2026-08-15T23:21:10Z,2026-08-16T01:21:10+0200,30cb418c-e56a-40a4-8689-fc8db64f26d1,2026-07-19T13:45:00Z,2026-07-19T15:45:00+0200,41901.65908,MW,DE,DE_LU,actual_load,Actual Load,2026-08-15T23:22:55Z
2026-08-15T23:21:10Z,2026-08-16T01:21:10+0200,30cb418c-e56a-40a4-8689-fc8db64f26d1,2026-07-19T14:00:00Z,2026-07-19T16:00:00+0200,42211.78883,MW,DE,DE_LU,actual_load,Actual Load,2026-08-15T23:22:55Z
2026-08-15T23:21:10Z,2026-08-16T01:21:10+0200,30cb418c-e56a-40a4-8689-fc8db64f26d1,2026-07-19T14:15:00Z,2026-07-19T16:15:00+0200,42051.35049,MW,DE,DE_LU,actual_load,Actual Load,2026-08-15T23:22:55Z
2026-08-15T23:21:10Z,2026-08-16T01:21:10+0200,30cb418c-e56a-40a4-8689-fc8db64f26d1,2026-07-19T14:30:00Z,2026-07-19T16:30:00+0200,42466.96127,MW,DE,DE_LU,actual_load,Actual Load,2026-08-15T23:22:55Z
2026-08-15T23:21:10Z,2026-08-16T01:21:10+0200,30cb418c-e56a-40a4-8689-fc8db64f26d1,2026-07-19T14:45:00Z,2026-07-19T16:45:00+0200,42173.18914,MW,DE,DE_LU,actual_load,Actual Load,2026-08-15T23:22:55Z
2026-08-15T23:21:10Z,2026-08-16T01:21:10+0200,30cb418c-e56a-40a4-8689-fc8db64f26d1,2026-07-19T15:00:00Z,2026-07-19T17:00:00+0200,42079.79559,MW,DE,DE_LU,actual_load,Actual Load,2026-08-15T23:22:55Z
2026-08-15T23:21:10Z,2026-08-16T01:21:10+0200,30cb418c-e56a-40a4-8689-fc8db64f26d1,2026-07-19T15:15:00Z,2026-07-19T17:15:00+0200,42994.08447,MW,DE,DE_LU,actual_load,Actual Load,2026-08-15T23:22:55Z
2026-08-15T23:21:10Z,2026-08-16T01:21:10+0200,30cb418c-e56a-40a4-8689-fc8db64f26d1,2026-07-19T15:30:00Z,2026-07-19T17:30:00+0200,43813.79046,MW,DE,DE_LU,actual_load,Actual Load,2026-08-15T23:22:55Z
2026-08-15T23:21:10Z,2026-08-16T01:21:10+0200,30cb418c-e56a-40a4-8689-fc8db64f26d1,2026-07-19T15:45:00Z,2026-07-19T17:45:00+0200,43769.37725,MW,DE,DE_LU,actual_load,Actual Load,2026-08-15T23:22:55Z
2026-08-15T23:21:10Z,2026-08-16T01:21:10+0200,30cb418c-e56a-40a4-8689-fc8db64f26d1,2026-07-19T16:00:00Z,2026-07-19T18:00:00+0200,44356.01521,MW,DE,DE_LU,actual_load,Actual Load,2026-08-15T23:22:55Z
2026-08-15T23:21:10Z,2026-08-16T01:21:10+0200,30cb418c-e56a-40a4-8689-fc8db64f26d1,2026-07-19T16:15:00Z,2026-07-19T18:15:00+0200,45159.33451,MW,DE,DE_LU,actual_load,Actual Load,2026-08-15T23:22:55Z
2026-08-15T23:21:10Z,2026-08-16T01:21:10+0200,30cb418c-e56a-40a4-8689-fc8db64f26d1,2026-07-19T16:30:00Z,2026-07-19T18:30:00+0200,45483.3897,MW,DE,DE_LU,actual_load,Actual Load,2026-08-15T23:22:55Z
2026-08-15T23:21:10Z,2026-08-16T01:21:10+0200,30cb418c-e56a-40a4-8689-fc8db64f26d1,2026-07-19T16:45:00Z,2026-07-19T18:45:00+0200,45069.16111,MW,DE,DE_LU,actual_load,Actual Load,2026-08-15T23:22:55Z
2026-08-15T23:21:10Z,2026-08-16T01:21:10+0200,30cb418c-e56a-40a4-8689-fc8db64f26d1,2026-07-19T17:00:00Z,2026-07-19T19:00:00+0200,44918.8739,MW,DE,DE_LU,actual_load,Actual Load,2026-08-15T23:22:55Z
2026-08-15T23:21:10Z,2026-08-16T01:21:10+0200,30cb418c-e56a-40a4-8689-fc8db64f26d1,2026-07-19T17:15:00Z,2026-07-19T19:15:00+0200,44541.61947,MW,DE,DE_LU,actual_load,Actual Load,2026-08-15T23:22:55Z
2026-08-15T23:21:10Z,2026-08-16T01:21:10+0200,30cb418c-e56a-40a4-8689-fc8db64f26d1,2026-07-19T17:30:00Z,2026-07-19T19:30:00+0200,44494.6932,MW,DE,DE_LU,actual_load,Actual Load,2026-08-15T23:22:55Z
2026-08-15T23:21:10Z,2026-08-16T01:21:10+0200,30cb418c-e56a-40a4-8689-fc8db64f26d1,2026-07-19T17:45:00Z,2026-07-19T19:45:00+0200,44729.63217,MW,DE,DE_LU,actual_load,Actual Load,2026-08-15T23:22:55Z
2026-08-15T23:21:10Z,2026-08-16T01:21:10+0200,30cb418c-e56a-40a4-8689-fc8db64f26d1,2026-07-19T18:00:00Z,2026-07-19T20:00:00+0200,45726.5893,MW,DE,DE_LU,actual_load,Actual Load,2026-08-15T23:22:55Z
2026-08-15T23:21:10Z,2026-08-16T01:21:10+0200,30cb418c-e56a-40a4-8689-fc8db64f26d1,2026-07-19T18:15:00Z,2026-07-19T20:15:00+0200,45114.34251,MW,DE,DE_LU,actual_load,Actual Load,2026-08-15T23:22:55Z
2026-08-15T23:21:10Z,2026-08-16T01:21:10+0200,30cb418c-e56a-40a4-8689-fc8db64f26d1,2026-07-19T18:30:00Z,2026-07-19T20:30:00+0200,44487.8339,MW,DE,DE_LU,actual_load,Actual Load,2026-08-15T23:22:55Z
2026-08-15T23:21:10Z,2026-08-16T01:21:10+0200,30cb418c-e56a-40a4-8689-fc8db64f26d1,2026-07-19T18:45:00Z,2026-07-19T20:45:00+0200,43751.76086,MW,DE,DE_LU,actual_load,Actual Load,2026-08-15T23:22:55Z
2026-08-15T23:21:10Z,2026-08-16T01:21:10+0200,30cb418c-e56a-40a4-8689-fc8db64f26d1,2026-07-19T19:00:00Z,2026-07-19T21:00:00+0200,43754.75344,MW,DE,DE_LU,actual_load,Actual Load,2026-08-15T23:22:55Z
2026-08-15T23:21:10Z,2026-08-16T01:21:10+0200,30cb418c-e56a-40a4-8689-fc8db64f26d1,2026-07-19T19:15:00Z,2026-07-19T21:15:00+0200,44093.71976,MW,DE,DE_LU,actual_load,Actual Load,2026-08-15T23:22:55Z
2026-08-15T23:21:10Z,2026-08-16T01:21:10+0200,30cb418c-e56a-40a4-8689-fc8db64f26d1,2026-07-19T19:30:00Z,2026-07-19T21:30:00+0200,44622.1968,MW,DE,DE_LU,actual_load,Actual Load,2026-08-15T23:22:55Z
2026-08-15T23:21:10Z,2026-08-16T01:21:10+0200,30cb418c-e56a-40a4-8689-fc8db64f26d1,2026-07-19T19:45:00Z,2026-07-19T21:45:00+0200,44498.2893,MW,DE,DE_LU,actual_load,Actual Load,2026-08-15T23:22:55Z
2026-08-15T23:21:10Z,2026-08-16T01:21:10+0200,30cb418c-e56a-40a4-8689-fc8db64f26d1,2026-07-19T20:00:00Z,2026-07-19T22:00:00+0200,45512.63604,MW,DE,DE_LU,actual_load,Actual Load,2026-08-15T23:22:55Z
2026-08-15T23:21:10Z,2026-08-16T01:21:10+0200,30cb418c-e56a-40a4-8689-fc8db64f26d1,2026-07-19T20:15:00Z,2026-07-19T22:15:00+0200,45437.20111,MW,DE,DE_LU,actual_load,Actual Load,2026-08-15T23:22:55Z
2026-08-15T23:21:10Z,2026-08-16T01:21:10+0200,30cb418c-e56a-40a4-8689-fc8db64f26d1,2026-07-19T20:30:00Z,2026-07-19T22:30:00+0200,44739.61011,MW,DE,DE_LU,actual_load,Actual Load,2026-08-15T23:22:55Z
2026-08-15T23:21:10Z,2026-08-16T01:21:10+0200,30cb418c-e56a-40a4-8689-fc8db64f26d1,2026-07-19T20:45:00Z,2026-07-19T22:45:00+0200,44134.80701,MW,DE,DE_LU,actual_load,Actual Load,2026-08-15T23:22:55Z
2026-08-15T23:21:10Z,2026-08-16T01:21:10+0200,30cb418c-e56a-40a4-8689-fc8db64f26d1,2026-07-19T21:00:00Z,2026-07-19T23:00:00+0200,42737.81988,MW,DE,DE_LU,actual_load,Actual Load,2026-08-15T23:22:55Z
2026-08-15T23:21:10Z,2026-08-16T01:21:10+0200,30cb418c-e56a-40a4-8689-fc8db64f26d1,2026-07-19T21:15:00Z,2026-07-19T23:15:00+0200,42610.13477,MW,DE,DE_LU,actual_load,Actual Load,2026-08-15T23:22:55Z
2026-08-15T23:21:10Z,2026-08-16T01:21:10+0200,30cb418c-e56a-40a4-8689-fc8db64f26d1,2026-07-19T21:30:00Z,2026-07-19T23:30:00+0200,42183.62943,MW,DE,DE_LU,actual_load,Actual Load,2026-08-15T23:22:55Z
2026-08-15T23:21:10Z,2026-08-16T01:21:10+0200,30cb418c-e56a-40a4-8689-fc8db64f26d1,2026-07-19T21:45:00Z,2026-07-19T23:45:00+0200,41898.52811,MW,DE,DE_LU,actual_load,Actual Load,2026-08-15T23:22:55Z
2026-08-15T23:21:10Z,2026-08-16T01:21:10+0200,30cb418c-e56a-40a4-8689-fc8db64f26d1,2026-07-19T22:00:00Z,2026-07-20T00:00:00+0200,41040.48638,MW,DE,DE_LU,actual_load,Actual Load,2026-08-15T23:22:55Z
2026-08-15T23:21:10Z,2026-08-16T01:21:10+0200,30cb418c-e56a-40a4-8689-fc8db64f26d1,2026-07-19T22:15:00Z,2026-07-20T00:15:00+0200,41661.49177,MW,DE,DE_LU,actual_load,Actual Load,2026-08-15T23:22:55Z
2026-08-15T23:21:10Z,2026-08-16T01:21:10+0200,30cb418c-e56a-40a4-8689-fc8db64f26d1,2026-07-19T22:30:00Z,2026-07-20T00:30:00+0200,41422.65792,MW,DE,DE_LU,actual_load,Actual Load,2026-08-15T23:22:55Z
2026-08-15T23:21:10Z,2026-08-16T01:21:10+0200,30cb418c-e56a-40a4-8689-fc8db64f26d1,2026-07-19T22:45:00Z,2026-07-20T00:45:00+0200,41214.25796,MW,DE,DE_LU,actual_load,Actual Load,2026-08-15T23:22:55Z
2026-08-15T23:21:10Z,2026-08-16T01:21:10+0200,30cb418c-e56a-40a4-8689-fc8db64f26d1,2026-07-19T23:00:00Z,2026-07-20T01:00:00+0200,40887.42954,MW,DE,DE_LU,actual_load,Actual Load,2026-08-15T23:22:55Z
2026-08-15T23:21:10Z,2026-08-16T01:21:10+0200,30cb418c-e56a-40a4-8689-fc8db64f26d1,2026-07-19T23:15:00Z,2026-07-20T01:15:00+0200,40671.97298,MW,DE,DE_LU,actual_load,Actual Load,2026-08-15T23:22:55Z
2026-08-15T23:21:10Z,2026-08-16T01:21:10+0200,30cb418c-e56a-40a4-8689-fc8db64f26d1,2026-07-19T23:30:00Z,2026-07-20T01:30:00+0200,39988.73785,MW,DE,DE_LU,actual_load,Actual Load,2026-08-15T23:22:55Z
2026-08-15T23:21:10Z,2026-08-16T01:21:10+0200,30cb418c-e56a-40a4-8689-fc8db64f26d1,2026-07-19T23:45:00Z,2026-07-20T01:45:00+0200,39688.9265,MW,DE,DE_LU,actual_load,Actual Load,2026-08-15T23:22:55Z
2026-08-15T23:21:10Z,2026-08-16T01:21:10+0200,30cb418c-e56a-40a4-8689-fc8db64f26d1,2026-07-20T00:00:00Z,2026-07-20T02:00:00+0200,38946.9192,MW,DE,DE_LU,actual_load,Actual Load,2026-08-15T23:22:55Z
2026-08-15T23:21:10Z,2026-08-16T01:21:10+0200,30cb418c-e56a-40a4-8689-fc8db64f26d1,2026-07-20T00:15:00Z,2026-07-20T02:15:00+0200,38842.37055,MW,DE,DE_LU,actual_load,Actual Load,2026-08-15T23:22:55Z
2026-08-15T23:21:10Z,2026-08-16T01:21:10+0200,30cb418c-e56a-40a4-8689-fc8db64f26d1,2026-07-20T00:30:00Z,2026-07-20T02:30:00+0200,39366.26007,MW,DE,DE_LU,actual_load,Actual Load,2026-08-15T23:22:55Z
2026-08-15T23:21:10Z,2026-08-16T01:21:10+0200,30cb418c-e56a-40a4-8689-fc8db64f26d1,2026-07-20T00:45:00Z,2026-07-20T02:45:00+0200,39335.92372,MW,DE,DE_LU,actual_load,Actual Load,2026-08-15T23:22:55Z
2026-08-15T23:21:10Z,2026-08-16T01:21:10+0200,30cb418c-e56a-40a4-8689-fc8db64f26d1,2026-07-20T01:00:00Z,2026-07-20T03:00:00+0200,39748.5134,MW,DE,DE_LU,actual_load,Actual Load,2026-08-15T23:22:55Z
2026-08-15T23:21:10Z,2026-08-16T01:21:10+0200,30cb418c-e56a-40a4-8689-fc8db64f26d1,2026-07-20T01:15:00Z,2026-07-20T03:15:00+0200,39622.38052,MW,DE,DE_LU,actual_load,Actual Load,2026-08-15T23:22:55Z
2026-08-15T23:21:10Z,2026-08-16T01:21:10+0200,30cb418c-e56a-40a4-8689-fc8db64f26d1,2026-07-20T01:30:00Z,2026-07-20T03:30:00+0200,39571.98374,MW,DE,DE_LU,actual_load,Actual Load,2026-08-15T23:22:55Z
2026-08-15T23:21:10Z,2026-08-16T01:21:10+0200,30cb418c-e56a-40a4-8689-fc8db64f26d1,2026-07-20T01:45:00Z,2026-07-20T03:45:00+0200,39460.58866,MW,DE,DE_LU,actual_load,Actual Load,2026-08-15T23:22:55Z
2026-08-15T23:21:10Z,2026-08-16T01:21:10+0200,30cb418c-e56a-40a4-8689-fc8db64f26d1,2026-07-20T02:00:00Z,2026-07-20T04:00:00+0200,39812.38736,MW,DE,DE_LU,actual_load,Actual Load,2026-08-15T23:22:55Z
2026-08-15T23:21:10Z,2026-08-16T01:21:10+0200,30cb418c-e56a-40a4-8689-fc8db64f26d1,2026-07-20T02:15:00Z,2026-07-20T04:15:00+0200,40398.82769,MW,DE,DE_LU,actual_load,Actual Load,2026-08-15T23:22:55Z
2026-08-15T23:21:10Z,2026-08-16T01:21:10+0200,30cb418c-e56a-40a4-8689-fc8db64f26d1,2026-07-20T02:30:00Z,2026-07-20T04:30:00+0200,41321.97659,MW,DE,DE_LU,actual_load,Actual Load,2026-08-15T23:22:55Z
2026-08-15T23:21:10Z,2026-08-16T01:21:10+0200,30cb418c-e56a-40a4-8689-fc8db64f26d1,2026-07-20T02:45:00Z,2026-07-20T04:45:00+0200,41345.76674,MW,DE,DE_LU,actual_load,Actual Load,2026-08-15T23:22:55Z
2026-08-15T23:21:10Z,2026-08-16T01:21:10+0200,30cb418c-e56a-40a4-8689-fc8db64f26d1,2026-07-20T03:00:00Z,2026-07-20T05:00:00+0200,41991.91238,MW,DE,DE_LU,actual_load,Actual Load,2026-08-15T23:22:55Z
2026-08-15T23:21:10Z,2026-08-16T01:21:10+0200,30cb418c-e56a-40a4-8689-fc8db64f26d1,2026-07-20T03:15:00Z,2026-07-20T05:15:00+0200,42884.50353,MW,DE,DE_LU,actual_load,Actual Load,2026-08-15T23:22:55Z
2026-08-15T23:21:10Z,2026-08-16T01:21:10+0200,30cb418c-e56a-40a4-8689-fc8db64f26d1,2026-07-20T03:30:00Z,2026-07-20T05:30:00+0200,44002.82795,MW,DE,DE_LU,actual_load,Actual Load,2026-08-15T23:22:55Z
2026-08-15T23:21:10Z,2026-08-16T01:21:10+0200,30cb418c-e56a-40a4-8689-fc8db64f26d1,2026-07-20T03:45:00Z,2026-07-20T05:45:00+0200,45098.24703,MW,DE,DE_LU,actual_load,Actual Load,2026-08-15T23:22:55Z
2026-08-15T23:21:10Z,2026-08-16T01:21:10+0200,30cb418c-e56a-40a4-8689-fc8db64f26d1,2026-07-20T04:00:00Z,2026-07-20T06:00:00+0200,47225.09457,MW,DE,DE_LU,actual_load,Actual Load,2026-08-15T23:22:55Z
2026-08-15T23:21:10Z,2026-08-16T01:21:10+0200,30cb418c-e56a-40a4-8689-fc8db64f26d1,2026-07-20T04:15:00Z,2026-07-20T06:15:00+0200,48712.75153,MW,DE,DE_LU,actual_load,Actual Load,2026-08-15T23:22:55Z
2026-08-15T23:21:10Z,2026-08-16T01:21:10+0200,30cb418c-e56a-40a4-8689-fc8db64f26d1,2026-07-20T04:30:00Z,2026-07-20T06:30:00+0200,50478.89591,MW,DE,DE_LU,actual_load,Actual Load,2026-08-15T23:22:55Z
2026-08-15T23:21:10Z,2026-08-16T01:21:10+0200,30cb418c-e56a-40a4-8689-fc8db64f26d1,2026-07-20T04:45:00Z,2026-07-20T06:45:00+0200,51621.94707,MW,DE,DE_LU,actual_load,Actual Load,2026-08-15T23:22:55Z
2026-08-15T23:21:10Z,2026-08-16T01:21:10+0200,30cb418c-e56a-40a4-8689-fc8db64f26d1,2026-07-20T05:00:00Z,2026-07-20T07:00:00+0200,52590.52091,MW,DE,DE_LU,actual_load,Actual Load,2026-08-15T23:22:55Z
2026-08-15T23:21:10Z,2026-08-16T01:21:10+0200,30cb418c-e56a-40a4-8689-fc8db64f26d1,2026-07-20T05:15:00Z,2026-07-20T07:15:00+0200,54013.27314,MW,DE,DE_LU,actual_load,Actual Load,2026-08-15T23:22:55Z
2026-08-15T23:21:10Z,2026-08-16T01:21:10+0200,30cb418c-e56a-40a4-8689-fc8db64f26d1,2026-07-20T05:30:00Z,2026-07-20T07:30:00+0200,55206.63109,MW,DE,DE_LU,actual_load,Actual Load,2026-08-15T23:22:55Z
2026-08-15T23:21:10Z,2026-08-16T01:21:10+0200,30cb418c-e56a-40a4-8689-fc8db64f26d1,2026-07-20T05:45:00Z,2026-07-20T07:45:00+0200,56581.80322,MW,DE,DE_LU,actual_load,Actual Load,2026-08-15T23:22:55Z
2026-08-15T23:21:10Z,2026-08-16T01:21:10+0200,30cb418c-e56a-40a4-8689-fc8db64f26d1,2026-07-20T06:00:00Z,2026-07-20T08:00:00+0200,56918.1613,MW,DE,DE_LU,actual_load,Actual Load,2026-08-15T23:22:55Z
2026-08-15T23:21:10Z,2026-08-16T01:21:10+0200,30cb418c-e56a-40a4-8689-fc8db64f26d1,2026-07-20T06:15:00Z,2026-07-20T08:15:00+0200,58502.83394,MW,DE,DE_LU,actual_load,Actual Load,2026-08-15T23:22:55Z
2026-08-15T23:21:10Z,2026-08-16T01:21:10+0200,30cb418c-e56a-40a4-8689-fc8db64f26d1,2026-07-20T06:30:00Z,2026-07-20T08:30:00+0200,59319.1054,MW,DE,DE_LU,actual_load,Actual Load,2026-08-15T23:22:55Z
2026-08-15T23:21:10Z,2026-08-16T01:21:10+0200,30cb418c-e56a-40a4-8689-fc8db64f26d1,2026-07-20T06:45:00Z,2026-07-20T08:45:00+0200,59277.47222,MW,DE,DE_LU,actual_load,Actual Load,2026-08-15T23:22:55Z
2026-08-15T23:21:10Z,2026-08-16T01:21:10+0200,30cb418c-e56a-40a4-8689-fc8db64f26d1,2026-07-20T07:00:00Z,2026-07-20T09:00:00+0200,59244.51378,MW,DE,DE_LU,actual_load,Actual Load,2026-08-15T23:22:55Z
2026-08-15T23:21:10Z,2026-08-16T01:21:10+0200,30cb418c-e56a-40a4-8689-fc8db64f26d1,2026-07-20T07:15:00Z,2026-07-20T09:15:00+0200,60077.96856,MW,DE,DE_LU,actual_load,Actual Load,2026-08-15T23:22:55Z
2026-08-15T23:21:10Z,2026-08-16T01:21:10+0200,30cb418c-e56a-40a4-8689-fc8db64f26d1,2026-07-20T07:30:00Z,2026-07-20T09:30:00+0200,60507.75191,MW,DE,DE_LU,actual_load,Actual Load,2026-08-15T23:22:55Z
2026-08-15T23:21:10Z,2026-08-16T01:21:10+0200,30cb418c-e56a-40a4-8689-fc8db64f26d1,2026-07-20T07:45:00Z,2026-07-20T09:45:00+0200,60195.55318,MW,DE,DE_LU,actual_load,Actual Load,2026-08-15T23:22:55Z
2026-08-15T23:21:10Z,2026-08-16T01:21:10+0200,30cb418c-e56a-40a4-8689-fc8db64f26d1,2026-07-20T08:00:00Z,2026-07-20T10:00:00+0200,60072.70693,MW,DE,DE_LU,actual_load,Actual Load,2026-08-15T23:22:55Z
2026-08-15T23:21:10Z,2026-08-16T01:21:10+0200,30cb418c-e56a-40a4-8689-fc8db64f26d1,2026-07-20T08:15:00Z,2026-07-20T10:15:00+0200,59718.57098,MW,DE,DE_LU,actual_load,Actual Load,2026-08-15T23:22:55Z
2026-08-15T23:21:10Z,2026-08-16T01:21:10+0200,30cb418c-e56a-40a4-8689-fc8db64f26d1,2026-07-20T08:30:00Z,2026-07-20T10:30:00+0200,59147.07419,MW,DE,DE_LU,actual_load,Actual Load,2026-08-15T23:22:55Z
2026-08-15T23:21:10Z,2026-08-16T01:21:10+0200,30cb418c-e56a-40a4-8689-fc8db64f26d1,2026-07-20T08:45:00Z,2026-07-20T10:45:00+0200,59483.04909,MW,DE,DE_LU,actual_load,Actual Load,2026-08-15T23:22:55Z
2026-08-15T23:21:10Z,2026-08-16T01:21:10+0200,30cb418c-e56a-40a4-8689-fc8db64f26d1,2026-07-20T09:00:00Z,2026-07-20T11:00:00+0200,59419.42864,MW,DE,DE_LU,actual_load,Actual Load,2026-08-15T23:22:55Z
2026-08-15T23:21:10Z,2026-08-16T01:21:10+0200,30cb418c-e56a-40a4-8689-fc8db64f26d1,2026-07-20T09:15:00Z,2026-07-20T11:15:00+0200,59495.40103,MW,DE,DE_LU,actual_load,Actual Load,2026-08-15T23:22:55Z
2026-08-15T23:21:10Z,2026-08-16T01:21:10+0200,30cb418c-e56a-40a4-8689-fc8db64f26d1,2026-07-20T09:30:00Z,2026-07-20T11:30:00+0200,59759.90052,MW,DE,DE_LU,actual_load,Actual Load,2026-08-15T23:22:55Z
2026-08-15T23:21:10Z,2026-08-16T01:21:10+0200,30cb418c-e56a-40a4-8689-fc8db64f26d1,2026-07-20T09:45:00Z,2026-07-20T11:45:00+0200,59718.71927,MW,DE,DE_LU,actual_load,Actual Load,2026-08-15T23:22:55Z
2026-08-15T23:21:10Z,2026-08-16T01:21:10+0200,30cb418c-e56a-40a4-8689-fc8db64f26d1,2026-07-20T10:00:00Z,2026-07-20T12:00:00+0200,58525.41731,MW,DE,DE_LU,actual_load,Actual Load,2026-08-15T23:22:55Z
2026-08-15T23:21:10Z,2026-08-16T01:21:10+0200,30cb418c-e56a-40a4-8689-fc8db64f26d1,2026-07-20T10:15:00Z,2026-07-20T12:15:00+0200,58090.43152,MW,DE,DE_LU,actual_load,Actual Load,2026-08-15T23:22:55Z
2026-08-15T23:21:10Z,2026-08-16T01:21:10+0200,30cb418c-e56a-40a4-8689-fc8db64f26d1,2026-07-20T10:30:00Z,2026-07-20T12:30:00+0200,57560.32197,MW,DE,DE_LU,actual_load,Actual Load,2026-08-15T23:22:55Z
2026-08-15T23:21:10Z,2026-08-16T01:21:10+0200,30cb418c-e56a-40a4-8689-fc8db64f26d1,2026-07-20T10:45:00Z,2026-07-20T12:45:00+0200,57278.05097,MW,DE,DE_LU,actual_load,Actual Load,2026-08-15T23:22:55Z
2026-08-15T23:21:10Z,2026-08-16T01:21:10+0200,30cb418c-e56a-40a4-8689-fc8db64f26d1,2026-07-20T11:00:00Z,2026-07-20T13:00:00+0200,58258.32388,MW,DE,DE_LU,actual_load,Actual Load,2026-08-15T23:22:55Z
2026-08-15T23:21:10Z,2026-08-16T01:21:10+0200,30cb418c-e56a-40a4-8689-fc8db64f26d1,2026-07-20T11:15:00Z,2026-07-20T13:15:00+0200,58628.53756,MW,DE,DE_LU,actual_load,Actual Load,2026-08-15T23:22:55Z
2026-08-15T23:21:10Z,2026-08-16T01:21:10+0200,30cb418c-e56a-40a4-8689-fc8db64f26d1,2026-07-20T11:30:00Z,2026-07-20T13:30:00+0200,57006.13812,MW,DE,DE_LU,actual_load,Actual Load,2026-08-15T23:22:55Z
2026-08-15T23:21:10Z,2026-08-16T01:21:10+0200,30cb418c-e56a-40a4-8689-fc8db64f26d1,2026-07-20T11:45:00Z,2026-07-20T13:45:00+0200,57278.11566,MW,DE,DE_LU,actual_load,Actual Load,2026-08-15T23:22:55Z
2026-08-15T23:21:10Z,2026-08-16T01:21:10+0200,30cb418c-e56a-40a4-8689-fc8db64f26d1,2026-07-20T12:00:00Z,2026-07-20T14:00:00+0200,57304.99594,MW,DE,DE_LU,actual_load,Actual Load,2026-08-15T23:22:55Z
2026-08-15T23:21:10Z,2026-08-16T01:21:10+0200,30cb418c-e56a-40a4-8689-fc8db64f26d1,2026-07-20T12:15:00Z,2026-07-20T14:15:00+0200,57132.73846,MW,DE,DE_LU,actual_load,Actual Load,2026-08-15T23:22:55Z
2026-08-15T23:21:10Z,2026-08-16T01:21:10+0200,30cb418c-e56a-40a4-8689-fc8db64f26d1,2026-07-20T12:30:00Z,2026-07-20T14:30:00+0200,55883.18381,MW,DE,DE_LU,actual_load,Actual Load,2026-08-15T23:22:55Z
2026-08-15T23:21:10Z,2026-08-16T01:21:10+0200,30cb418c-e56a-40a4-8689-fc8db64f26d1,2026-07-20T12:45:00Z,2026-07-20T14:45:00+0200,55704.00048,MW,DE,DE_LU,actual_load,Actual Load,2026-08-15T23:22:55Z
2026-08-15T23:21:10Z,2026-08-16T01:21:10+0200,30cb418c-e56a-40a4-8689-fc8db64f26d1,2026-07-20T13:00:00Z,2026-07-20T15:00:00+0200,56601.55684,MW,DE,DE_LU,actual_load,Actual Load,2026-08-15T23:22:55Z
2026-08-15T23:21:10Z,2026-08-16T01:21:10+0200,30cb418c-e56a-40a4-8689-fc8db64f26d1,2026-07-20T13:15:00Z,2026-07-20T15:15:00+0200,56056.73371,MW,DE,DE_LU,actual_load,Actual Load,2026-08-15T23:22:55Z
2026-08-15T23:21:10Z,2026-08-16T01:21:10+0200,30cb418c-e56a-40a4-8689-fc8db64f26d1,2026-07-20T13:30:00Z,2026-07-20T15:30:00+0200,55336.93603,MW,DE,DE_LU,actual_load,Actual Load,2026-08-15T23:22:55Z
2026-08-15T23:21:10Z,2026-08-16T01:21:10+0200,30cb418c-e56a-40a4-8689-fc8db64f26d1,2026-07-20T13:45:00Z,2026-07-20T15:45:00+0200,54549.44925,MW,DE,DE_LU,actual_load,Actual Load,2026-08-15T23:22:55Z
2026-08-15T23:21:10Z,2026-08-16T01:21:10+0200,30cb418c-e56a-40a4-8689-fc8db64f26d1,2026-07-20T14:00:00Z,2026-07-20T16:00:00+0200,54956.21022,MW,DE,DE_LU,actual_load,Actual Load,2026-08-15T23:22:55Z
2026-08-15T23:21:10Z,2026-08-16T01:21:10+0200,30cb418c-e56a-40a4-8689-fc8db64f26d1,2026-07-20T14:15:00Z,2026-07-20T16:15:00+0200,54718.99608,MW,DE,DE_LU,actual_load,Actual Load,2026-08-15T23:22:55Z
2026-08-15T23:21:10Z,2026-08-16T01:21:10+0200,30cb418c-e56a-40a4-8689-fc8db64f26d1,2026-07-20T14:30:00Z,2026-07-20T16:30:00+0200,54075.09925,MW,DE,DE_LU,actual_load,Actual Load,2026-08-15T23:22:55Z
2026-08-15T23:21:10Z,2026-08-16T01:21:10+0200,30cb418c-e56a-40a4-8689-fc8db64f26d1,2026-07-20T14:45:00Z,2026-07-20T16:45:00+0200,54610.39216,MW,DE,DE_LU,actual_load,Actual Load,2026-08-15T23:22:55Z
2026-08-15T23:21:10Z,2026-08-16T01:21:10+0200,30cb418c-e56a-40a4-8689-fc8db64f26d1,2026-07-20T15:00:00Z,2026-07-20T17:00:00+0200,54278.8203,MW,DE,DE_LU,actual_load,Actual Load,2026-08-15T23:22:55Z
2026-08-15T23:21:10Z,2026-08-16T01:21:10+0200,30cb418c-e56a-40a4-8689-fc8db64f26d1,2026-07-20T15:15:00Z,2026-07-20T17:15:00+0200,54192.71259,MW,DE,DE_LU,actual_load,Actual Load,2026-08-15T23:22:55Z
2026-08-15T23:21:10Z,2026-08-16T01:21:10+0200,30cb418c-e56a-40a4-8689-fc8db64f26d1,2026-07-20T15:30:00Z,2026-07-20T17:30:00+0200,54522.84047,MW,DE,DE_LU,actual_load,Actual Load,2026-08-15T23:22:55Z
2026-08-15T23:21:10Z,2026-08-16T01:21:10+0200,30cb418c-e56a-40a4-8689-fc8db64f26d1,2026-07-20T15:45:00Z,2026-07-20T17:45:00+0200,54365.59414,MW,DE,DE_LU,actual_load,Actual Load,2026-08-15T23:22:55Z
2026-08-15T23:21:10Z,2026-08-16T01:21:10+0200,30cb418c-e56a-40a4-8689-fc8db64f26d1,2026-07-20T16:00:00Z,2026-07-20T18:00:00+0200,54231.51704,MW,DE,DE_LU,actual_load,Actual Load,2026-08-15T23:22:55Z
2026-08-15T23:21:10Z,2026-08-16T01:21:10+0200,30cb418c-e56a-40a4-8689-fc8db64f26d1,2026-07-20T16:15:00Z,2026-07-20T18:15:00+0200,54487.72915,MW,DE,DE_LU,actual_load,Actual Load,2026-08-15T23:22:55Z
2026-08-15T23:21:10Z,2026-08-16T01:21:10+0200,30cb418c-e56a-40a4-8689-fc8db64f26d1,2026-07-20T16:30:00Z,2026-07-20T18:30:00+0200,55307.44385,MW,DE,DE_LU,actual_load,Actual Load,2026-08-15T23:22:55Z
2026-08-15T23:21:10Z,2026-08-16T01:21:10+0200,30cb418c-e56a-40a4-8689-fc8db64f26d1,2026-07-20T16:45:00Z,2026-07-20T18:45:00+0200,55768.6348,MW,DE,DE_LU,actual_load,Actual Load,2026-08-15T23:22:55Z
2026-08-15T23:21:10Z,2026-08-16T01:21:10+0200,30cb418c-e56a-40a4-8689-fc8db64f26d1,2026-07-20T17:00:00Z,2026-07-20T19:00:00+0200,56103.68133,MW,DE,DE_LU,actual_load,Actual Load,2026-08-15T23:22:55Z
2026-08-15T23:21:10Z,2026-08-16T01:21:10+0200,30cb418c-e56a-40a4-8689-fc8db64f26d1,2026-07-20T17:15:00Z,2026-07-20T19:15:00+0200,55881.24891,MW,DE,DE_LU,actual_load,Actual Load,2026-08-15T23:22:55Z
2026-08-15T23:21:10Z,2026-08-16T01:21:10+0200,30cb418c-e56a-40a4-8689-fc8db64f26d1,2026-07-20T17:30:00Z,2026-07-20T19:30:00+0200,56152.69012,MW,DE,DE_LU,actual_load,Actual Load,2026-08-15T23:22:55Z
2026-08-15T23:21:10Z,2026-08-16T01:21:10+0200,30cb418c-e56a-40a4-8689-fc8db64f26d1,2026-07-20T17:45:00Z,2026-07-20T19:45:00+0200,55538.81502,MW,DE,DE_LU,actual_load,Actual Load,2026-08-15T23:22:55Z
2026-08-15T23:21:10Z,2026-08-16T01:21:10+0200,30cb418c-e56a-40a4-8689-fc8db64f26d1,2026-07-20T18:00:00Z,2026-07-20T20:00:00+0200,55650.04124,MW,DE,DE_LU,actual_load,Actual Load,2026-08-15T23:22:55Z
2026-08-15T23:21:10Z,2026-08-16T01:21:10+0200,30cb418c-e56a-40a4-8689-fc8db64f26d1,2026-07-20T18:15:00Z,2026-07-20T20:15:00+0200,55065.63562,MW,DE,DE_LU,actual_load,Actual Load,2026-08-15T23:22:55Z
2026-08-15T23:21:10Z,2026-08-16T01:21:10+0200,30cb418c-e56a-40a4-8689-fc8db64f26d1,2026-07-20T18:30:00Z,2026-07-20T20:30:00+0200,54395.78819,MW,DE,DE_LU,actual_load,Actual Load,2026-08-15T23:22:55Z
2026-08-15T23:21:10Z,2026-08-16T01:21:10+0200,30cb418c-e56a-40a4-8689-fc8db64f26d1,2026-07-20T18:45:00Z,2026-07-20T20:45:00+0200,53866.80984,MW,DE,DE_LU,actual_load,Actual Load,2026-08-15T23:22:55Z
2026-08-15T23:21:10Z,2026-08-16T01:21:10+0200,30cb418c-e56a-40a4-8689-fc8db64f26d1,2026-07-20T19:00:00Z,2026-07-20T21:00:00+0200,53325.14902,MW,DE,DE_LU,actual_load,Actual Load,2026-08-15T23:22:55Z
2026-08-15T23:21:10Z,2026-08-16T01:21:10+0200,30cb418c-e56a-40a4-8689-fc8db64f26d1,2026-07-20T19:15:00Z,2026-07-20T21:15:00+0200,52773.42908,MW,DE,DE_LU,actual_load,Actual Load,2026-08-15T23:22:55Z
2026-08-15T23:21:10Z,2026-08-16T01:21:10+0200,30cb418c-e56a-40a4-8689-fc8db64f26d1,2026-07-20T19:30:00Z,2026-07-20T21:30:00+0200,52466.46223,MW,DE,DE_LU,actual_load,Actual Load,2026-08-15T23:22:55Z
2026-08-15T23:21:10Z,2026-08-16T01:21:10+0200,30cb418c-e56a-40a4-8689-fc8db64f26d1,2026-07-20T19:45:00Z,2026-07-20T21:45:00+0200,52527.52337,MW,DE,DE_LU,actual_load,Actual Load,2026-08-15T23:22:55Z
2026-08-15T23:21:10Z,2026-08-16T01:21:10+0200,30cb418c-e56a-40a4-8689-fc8db64f26d1,2026-07-20T20:00:00Z,2026-07-20T22:00:00+0200,52031.31992,MW,DE,DE_LU,actual_load,Actual Load,2026-08-15T23:22:55Z
2026-08-15T23:21:10Z,2026-08-16T01:21:10+0200,30cb418c-e56a-40a4-8689-fc8db64f26d1,2026-07-20T20:15:00Z,2026-07-20T22:15:00+0200,51410.14096,MW,DE,DE_LU,actual_load,Actual Load,2026-08-15T23:22:55Z
2026-08-15T23:21:10Z,2026-08-16T01:21:10+0200,30cb418c-e56a-40a4-8689-fc8db64f26d1,2026-07-20T20:30:00Z,2026-07-20T22:30:00+0200,50303.58947,MW,DE,DE_LU,actual_load,Actual Load,2026-08-15T23:22:55Z
2026-08-15T23:21:10Z,2026-08-16T01:21:10+0200,30cb418c-e56a-40a4-8689-fc8db64f26d1,2026-07-20T20:45:00Z,2026-07-20T22:45:00+0200,49769.41827,MW,DE,DE_LU,actual_load,Actual Load,2026-08-15T23:22:55Z
2026-08-15T23:21:10Z,2026-08-16T01:21:10+0200,30cb418c-e56a-40a4-8689-fc8db64f26d1,2026-07-20T21:00:00Z,2026-07-20T23:00:00+0200,48542.2529,MW,DE,DE_LU,actual_load,Actual Load,2026-08-15T23:22:55Z
2026-08-15T23:21:10Z,2026-08-16T01:21:10+0200,30cb418c-e56a-40a4-8689-fc8db64f26d1,2026-07-20T21:15:00Z,2026-07-20T23:15:00+0200,48762.52917,MW,DE,DE_LU,actual_load,Actual Load,2026-08-15T23:22:55Z
2026-08-15T23:21:10Z,2026-08-16T01:21:10+0200,30cb418c-e56a-40a4-8689-fc8db64f26d1,2026-07-20T21:30:00Z,2026-07-20T23:30:00+0200,47894.19412,MW,DE,DE_LU,actual_load,Actual Load,2026-08-15T23:22:55Z
2026-08-15T23:21:10Z,2026-08-16T01:21:10+0200,30cb418c-e56a-40a4-8689-fc8db64f26d1,2026-07-20T21:45:00Z,2026-07-20T23:45:00+0200,47237.05415,MW,DE,DE_LU,actual_load,Actual Load,2026-08-15T23:22:55Z
2026-08-15T23:21:10Z,2026-08-16T01:21:10+0200,30cb418c-e56a-40a4-8689-fc8db64f26d1,2026-07-20T22:00:00Z,2026-07-21T00:00:00+0200,46038.60904,MW,DE,DE_LU,actual_load,Actual Load,2026-08-15T23:22:55Z
2026-08-15T23:21:10Z,2026-08-16T01:21:10+0200,30cb418c-e56a-40a4-8689-fc8db64f26d1,2026-07-20T22:15:00Z,2026-07-21T00:15:00+0200,45746.95764,MW,DE,DE_LU,actual_load,Actual Load,2026-08-15T23:22:55Z
2026-08-15T23:21:10Z,2026-08-16T01:21:10+0200,30cb418c-e56a-40a4-8689-fc8db64f26d1,2026-07-20T22:30:00Z,2026-07-21T00:30:00+0200,45410.70218,MW,DE,DE_LU,actual_load,Actual Load,2026-08-15T23:22:55Z
2026-08-15T23:21:10Z,2026-08-16T01:21:10+0200,30cb418c-e56a-40a4-8689-fc8db64f26d1,2026-07-20T22:45:00Z,2026-07-21T00:45:00+0200,45138.90438,MW,DE,DE_LU,actual_load,Actual Load,2026-08-15T23:22:55Z
2026-08-15T23:21:10Z,2026-08-16T01:21:10+0200,30cb418c-e56a-40a4-8689-fc8db64f26d1,2026-07-20T23:00:00Z,2026-07-21T01:00:00+0200,44614.1353,MW,DE,DE_LU,actual_load,Actual Load,2026-08-15T23:22:55Z
2026-08-15T23:21:10Z,2026-08-16T01:21:10+0200,30cb418c-e56a-40a4-8689-fc8db64f26d1,2026-07-20T23:15:00Z,2026-07-21T01:15:00+0200,44328.19209,MW,DE,DE_LU,actual_load,Actual Load,2026-08-15T23:22:55Z
2026-08-15T23:21:10Z,2026-08-16T01:21:10+0200,30cb418c-e56a-40a4-8689-fc8db64f26d1,2026-07-20T23:30:00Z,2026-07-21T01:30:00+0200,44001.97259,MW,DE,DE_LU,actual_load,Actual Load,2026-08-15T23:22:55Z
2026-08-15T23:21:10Z,2026-08-16T01:21:10+0200,30cb418c-e56a-40a4-8689-fc8db64f26d1,2026-07-20T23:45:00Z,2026-07-21T01:45:00+0200,43688.77819,MW,DE,DE_LU,actual_load,Actual Load,2026-08-15T23:22:55Z
2026-08-15T23:21:10Z,2026-08-16T01:21:10+0200,30cb418c-e56a-40a4-8689-fc8db64f26d1,2026-07-21T00:00:00Z,2026-07-21T02:00:00+0200,43505.10061,MW,DE,DE_LU,actual_load,Actual Load,2026-08-15T23:22:55Z
2026-08-15T23:21:10Z,2026-08-16T01:21:10+0200,30cb418c-e56a-40a4-8689-fc8db64f26d1,2026-07-21T00:15:00Z,2026-07-21T02:15:00+0200,43257.21771,MW,DE,DE_LU,actual_load,Actual Load,2026-08-15T23:22:55Z
2026-08-15T23:21:10Z,2026-08-16T01:21:10+0200,30cb418c-e56a-40a4-8689-fc8db64f26d1,2026-07-21T00:30:00Z,2026-07-21T02:30:00+0200,43353.90443,MW,DE,DE_LU,actual_load,Actual Load,2026-08-15T23:22:55Z
2026-08-15T23:21:10Z,2026-08-16T01:21:10+0200,30cb418c-e56a-40a4-8689-fc8db64f26d1,2026-07-21T00:45:00Z,2026-07-21T02:45:00+0200,43233.25475,MW,DE,DE_LU,actual_load,Actual Load,2026-08-15T23:22:55Z
2026-08-15T23:21:10Z,2026-08-16T01:21:10+0200,30cb418c-e56a-40a4-8689-fc8db64f26d1,2026-07-21T01:00:00Z,2026-07-21T03:00:00+0200,43240.49199,MW,DE,DE_LU,actual_load,Actual Load,2026-08-15T23:22:55Z
2026-08-15T23:21:10Z,2026-08-16T01:21:10+0200,30cb418c-e56a-40a4-8689-fc8db64f26d1,2026-07-21T01:15:00Z,2026-07-21T03:15:00+0200,43438.60692,MW,DE,DE_LU,actual_load,Actual Load,2026-08-15T23:22:55Z
2026-08-15T23:21:10Z,2026-08-16T01:21:10+0200,30cb418c-e56a-40a4-8689-fc8db64f26d1,2026-07-21T01:30:00Z,2026-07-21T03:30:00+0200,43439.19848,MW,DE,DE_LU,actual_load,Actual Load,2026-08-15T23:22:55Z
2026-08-15T23:21:10Z,2026-08-16T01:21:10+0200,30cb418c-e56a-40a4-8689-fc8db64f26d1,2026-07-21T01:45:00Z,2026-07-21T03:45:00+0200,43551.39016,MW,DE,DE_LU,actual_load,Actual Load,2026-08-15T23:22:55Z
2026-08-15T23:21:10Z,2026-08-16T01:21:10+0200,30cb418c-e56a-40a4-8689-fc8db64f26d1,2026-07-21T02:00:00Z,2026-07-21T04:00:00+0200,44001.41276,MW,DE,DE_LU,actual_load,Actual Load,2026-08-15T23:22:55Z
2026-08-15T23:21:10Z,2026-08-16T01:21:10+0200,30cb418c-e56a-40a4-8689-fc8db64f26d1,2026-07-21T02:15:00Z,2026-07-21T04:15:00+0200,44239.6011,MW,DE,DE_LU,actual_load,Actual Load,2026-08-15T23:22:55Z
2026-08-15T23:21:10Z,2026-08-16T01:21:10+0200,30cb418c-e56a-40a4-8689-fc8db64f26d1,2026-07-21T02:30:00Z,2026-07-21T04:30:00+0200,44636.92666,MW,DE,DE_LU,actual_load,Actual Load,2026-08-15T23:22:55Z
2026-08-15T23:21:10Z,2026-08-16T01:21:10+0200,30cb418c-e56a-40a4-8689-fc8db64f26d1,2026-07-21T02:45:00Z,2026-07-21T04:45:00+0200,45156.57176,MW,DE,DE_LU,actual_load,Actual Load,2026-08-15T23:22:55Z
2026-08-15T23:21:10Z,2026-08-16T01:21:10+0200,30cb418c-e56a-40a4-8689-fc8db64f26d1,2026-07-21T03:00:00Z,2026-07-21T05:00:00+0200,46393.17921,MW,DE,DE_LU,actual_load,Actual Load,2026-08-15T23:22:55Z
2026-08-15T23:21:10Z,2026-08-16T01:21:10+0200,30cb418c-e56a-40a4-8689-fc8db64f26d1,2026-07-21T03:15:00Z,2026-07-21T05:15:00+0200,46656.69992,MW,DE,DE_LU,actual_load,Actual Load,2026-08-15T23:22:55Z
2026-08-15T23:21:10Z,2026-08-16T01:21:10+0200,30cb418c-e56a-40a4-8689-fc8db64f26d1,2026-07-21T03:30:00Z,2026-07-21T05:30:00+0200,47156.51552,MW,DE,DE_LU,actual_load,Actual Load,2026-08-15T23:22:55Z
2026-08-15T23:21:10Z,2026-08-16T01:21:10+0200,30cb418c-e56a-40a4-8689-fc8db64f26d1,2026-07-21T03:45:00Z,2026-07-21T05:45:00+0200,48407.48516,MW,DE,DE_LU,actual_load,Actual Load,2026-08-15T23:22:55Z
2026-08-15T23:21:10Z,2026-08-16T01:21:10+0200,30cb418c-e56a-40a4-8689-fc8db64f26d1,2026-07-21T04:00:00Z,2026-07-21T06:00:00+0200,50781.80423,MW,DE,DE_LU,actual_load,Actual Load,2026-08-15T23:22:55Z
2026-08-15T23:21:10Z,2026-08-16T01:21:10+0200,30cb418c-e56a-40a4-8689-fc8db64f26d1,2026-07-21T04:15:00Z,2026-07-21T06:15:00+0200,52727.23245,MW,DE,DE_LU,actual_load,Actual Load,2026-08-15T23:22:55Z
2026-08-15T23:21:10Z,2026-08-16T01:21:10+0200,30cb418c-e56a-40a4-8689-fc8db64f26d1,2026-07-21T04:30:00Z,2026-07-21T06:30:00+0200,53803.23498,MW,DE,DE_LU,actual_load,Actual Load,2026-08-15T23:22:55Z
2026-08-15T23:21:10Z,2026-08-16T01:21:10+0200,30cb418c-e56a-40a4-8689-fc8db64f26d1,2026-07-21T04:45:00Z,2026-07-21T06:45:00+0200,54779.56036,MW,DE,DE_LU,actual_load,Actual Load,2026-08-15T23:22:55Z
2026-08-15T23:21:10Z,2026-08-16T01:21:10+0200,30cb418c-e56a-40a4-8689-fc8db64f26d1,2026-07-21T05:00:00Z,2026-07-21T07:00:00+0200,55871.06393,MW,DE,DE_LU,actual_load,Actual Load,2026-08-15T23:22:55Z
2026-08-15T23:21:10Z,2026-08-16T01:21:10+0200,30cb418c-e56a-40a4-8689-fc8db64f26d1,2026-07-21T05:15:00Z,2026-07-21T07:15:00+0200,57833.13946,MW,DE,DE_LU,actual_load,Actual Load,2026-08-15T23:22:55Z
2026-08-15T23:21:10Z,2026-08-16T01:21:10+0200,30cb418c-e56a-40a4-8689-fc8db64f26d1,2026-07-21T05:30:00Z,2026-07-21T07:30:00+0200,58428.77254,MW,DE,DE_LU,actual_load,Actual Load,2026-08-15T23:22:55Z
2026-08-15T23:21:10Z,2026-08-16T01:21:10+0200,30cb418c-e56a-40a4-8689-fc8db64f26d1,2026-07-21T05:45:00Z,2026-07-21T07:45:00+0200,59087.36719,MW,DE,DE_LU,actual_load,Actual Load,2026-08-15T23:22:55Z
2026-08-15T23:21:10Z,2026-08-16T01:21:10+0200,30cb418c-e56a-40a4-8689-fc8db64f26d1,2026-07-21T06:00:00Z,2026-07-21T08:00:00+0200,58573.40083,MW,DE,DE_LU,actual_load,Actual Load,2026-08-15T23:22:55Z
2026-08-15T23:21:10Z,2026-08-16T01:21:10+0200,30cb418c-e56a-40a4-8689-fc8db64f26d1,2026-07-21T06:15:00Z,2026-07-21T08:15:00+0200,59236.76566,MW,DE,DE_LU,actual_load,Actual Load,2026-08-15T23:22:55Z
2026-08-15T23:21:10Z,2026-08-16T01:21:10+0200,30cb418c-e56a-40a4-8689-fc8db64f26d1,2026-07-21T06:30:00Z,2026-07-21T08:30:00+0200,59386.96075,MW,DE,DE_LU,actual_load,Actual Load,2026-08-15T23:22:55Z
2026-08-15T23:21:10Z,2026-08-16T01:21:10+0200,30cb418c-e56a-40a4-8689-fc8db64f26d1,2026-07-21T06:45:00Z,2026-07-21T08:45:00+0200,59154.2726,MW,DE,DE_LU,actual_load,Actual Load,2026-08-15T23:22:55Z
2026-08-15T23:21:10Z,2026-08-16T01:21:10+0200,30cb418c-e56a-40a4-8689-fc8db64f26d1,2026-07-21T07:00:00Z,2026-07-21T09:00:00+0200,58199.56066,MW,DE,DE_LU,actual_load,Actual Load,2026-08-15T23:22:55Z
2026-08-15T23:21:10Z,2026-08-16T01:21:10+0200,30cb418c-e56a-40a4-8689-fc8db64f26d1,2026-07-21T07:15:00Z,2026-07-21T09:15:00+0200,58376.27845,MW,DE,DE_LU,actual_load,Actual Load,2026-08-15T23:22:55Z
2026-08-15T23:21:10Z,2026-08-16T01:21:10+0200,30cb418c-e56a-40a4-8689-fc8db64f26d1,2026-07-21T07:30:00Z,2026-07-21T09:30:00+0200,57874.40868,MW,DE,DE_LU,actual_load,Actual Load,2026-08-15T23:22:55Z
2026-08-15T23:21:10Z,2026-08-16T01:21:10+0200,30cb418c-e56a-40a4-8689-fc8db64f26d1,2026-07-21T07:45:00Z,2026-07-21T09:45:00+0200,57898.00697,MW,DE,DE_LU,actual_load,Actual Load,2026-08-15T23:22:55Z
2026-08-15T23:21:10Z,2026-08-16T01:21:10+0200,30cb418c-e56a-40a4-8689-fc8db64f26d1,2026-07-21T08:00:00Z,2026-07-21T10:00:00+0200,57464.11079,MW,DE,DE_LU,actual_load,Actual Load,2026-08-15T23:22:55Z
2026-08-15T23:21:10Z,2026-08-16T01:21:10+0200,30cb418c-e56a-40a4-8689-fc8db64f26d1,2026-07-21T08:15:00Z,2026-07-21T10:15:00+0200,57057.49468,MW,DE,DE_LU,actual_load,Actual Load,2026-08-15T23:22:55Z
2026-08-15T23:21:10Z,2026-08-16T01:21:10+0200,30cb418c-e56a-40a4-8689-fc8db64f26d1,2026-07-21T08:30:00Z,2026-07-21T10:30:00+0200,56810.05687,MW,DE,DE_LU,actual_load,Actual Load,2026-08-15T23:22:55Z
2026-08-15T23:21:10Z,2026-08-16T01:21:10+0200,30cb418c-e56a-40a4-8689-fc8db64f26d1,2026-07-21T08:45:00Z,2026-07-21T10:45:00+0200,57119.47182,MW,DE,DE_LU,actual_load,Actual Load,2026-08-15T23:22:55Z
2026-08-15T23:21:10Z,2026-08-16T01:21:10+0200,30cb418c-e56a-40a4-8689-fc8db64f26d1,2026-07-21T09:00:00Z,2026-07-21T11:00:00+0200,56821.82975,MW,DE,DE_LU,actual_load,Actual Load,2026-08-15T23:22:55Z
2026-08-15T23:21:10Z,2026-08-16T01:21:10+0200,30cb418c-e56a-40a4-8689-fc8db64f26d1,2026-07-21T09:15:00Z,2026-07-21T11:15:00+0200,56515.54074,MW,DE,DE_LU,actual_load,Actual Load,2026-08-15T23:22:55Z
2026-08-15T23:21:10Z,2026-08-16T01:21:10+0200,30cb418c-e56a-40a4-8689-fc8db64f26d1,2026-07-21T09:30:00Z,2026-07-21T11:30:00+0200,56706.73468,MW,DE,DE_LU,actual_load,Actual Load,2026-08-15T23:22:55Z
2026-08-15T23:21:10Z,2026-08-16T01:21:10+0200,30cb418c-e56a-40a4-8689-fc8db64f26d1,2026-07-21T09:45:00Z,2026-07-21T11:45:00+0200,56328.6077,MW,DE,DE_LU,actual_load,Actual Load,2026-08-15T23:22:55Z
2026-08-15T23:21:10Z,2026-08-16T01:21:10+0200,30cb418c-e56a-40a4-8689-fc8db64f26d1,2026-07-21T10:00:00Z,2026-07-21T12:00:00+0200,55671.42001,MW,DE,DE_LU,actual_load,Actual Load,2026-08-15T23:22:55Z
2026-08-15T23:21:10Z,2026-08-16T01:21:10+0200,30cb418c-e56a-40a4-8689-fc8db64f26d1,2026-07-21T10:15:00Z,2026-07-21T12:15:00+0200,55065.48814,MW,DE,DE_LU,actual_load,Actual Load,2026-08-15T23:22:55Z
2026-08-15T23:21:10Z,2026-08-16T01:21:10+0200,30cb418c-e56a-40a4-8689-fc8db64f26d1,2026-07-21T10:30:00Z,2026-07-21T12:30:00+0200,54868.24375,MW,DE,DE_LU,actual_load,Actual Load,2026-08-15T23:22:55Z
2026-08-15T23:21:10Z,2026-08-16T01:21:10+0200,30cb418c-e56a-40a4-8689-fc8db64f26d1,2026-07-21T10:45:00Z,2026-07-21T12:45:00+0200,55143.84407,MW,DE,DE_LU,actual_load,Actual Load,2026-08-15T23:22:55Z
2026-08-15T23:21:10Z,2026-08-16T01:21:10+0200,30cb418c-e56a-40a4-8689-fc8db64f26d1,2026-07-21T11:00:00Z,2026-07-21T13:00:00+0200,54965.47622,MW,DE,DE_LU,actual_load,Actual Load,2026-08-15T23:22:55Z
2026-08-15T23:21:10Z,2026-08-16T01:21:10+0200,30cb418c-e56a-40a4-8689-fc8db64f26d1,2026-07-21T11:15:00Z,2026-07-21T13:15:00+0200,54835.00424,MW,DE,DE_LU,actual_load,Actual Load,2026-08-15T23:22:55Z
2026-08-15T23:21:10Z,2026-08-16T01:21:10+0200,30cb418c-e56a-40a4-8689-fc8db64f26d1,2026-07-21T11:30:00Z,2026-07-21T13:30:00+0200,53682.57666,MW,DE,DE_LU,actual_load,Actual Load,2026-08-15T23:22:55Z
2026-08-15T23:21:10Z,2026-08-16T01:21:10+0200,30cb418c-e56a-40a4-8689-fc8db64f26d1,2026-07-21T11:45:00Z,2026-07-21T13:45:00+0200,53524.31389,MW,DE,DE_LU,actual_load,Actual Load,2026-08-15T23:22:55Z
2026-08-15T23:21:10Z,2026-08-16T01:21:10+0200,30cb418c-e56a-40a4-8689-fc8db64f26d1,2026-07-21T12:00:00Z,2026-07-21T14:00:00+0200,53125.40923,MW,DE,DE_LU,actual_load,Actual Load,2026-08-15T23:22:55Z
2026-08-15T23:21:10Z,2026-08-16T01:21:10+0200,30cb418c-e56a-40a4-8689-fc8db64f26d1,2026-07-21T12:15:00Z,2026-07-21T14:15:00+0200,52870.89773,MW,DE,DE_LU,actual_load,Actual Load,2026-08-15T23:22:55Z
2026-08-15T23:21:10Z,2026-08-16T01:21:10+0200,30cb418c-e56a-40a4-8689-fc8db64f26d1,2026-07-21T12:30:00Z,2026-07-21T14:30:00+0200,52851.56635,MW,DE,DE_LU,actual_load,Actual Load,2026-08-15T23:22:55Z
2026-08-15T23:21:10Z,2026-08-16T01:21:10+0200,30cb418c-e56a-40a4-8689-fc8db64f26d1,2026-07-21T12:45:00Z,2026-07-21T14:45:00+0200,52992.51413,MW,DE,DE_LU,actual_load,Actual Load,2026-08-15T23:22:55Z
2026-08-15T23:21:10Z,2026-08-16T01:21:10+0200,30cb418c-e56a-40a4-8689-fc8db64f26d1,2026-07-21T13:00:00Z,2026-07-21T15:00:00+0200,53107.98285,MW,DE,DE_LU,actual_load,Actual Load,2026-08-15T23:22:55Z
2026-08-15T23:21:10Z,2026-08-16T01:21:10+0200,30cb418c-e56a-40a4-8689-fc8db64f26d1,2026-07-21T13:15:00Z,2026-07-21T15:15:00+0200,52716.46687,MW,DE,DE_LU,actual_load,Actual Load,2026-08-15T23:22:55Z
2026-08-15T23:21:10Z,2026-08-16T01:21:10+0200,30cb418c-e56a-40a4-8689-fc8db64f26d1,2026-07-21T13:30:00Z,2026-07-21T15:30:00+0200,52541.32478,MW,DE,DE_LU,actual_load,Actual Load,2026-08-15T23:22:55Z
2026-08-15T23:21:10Z,2026-08-16T01:21:10+0200,30cb418c-e56a-40a4-8689-fc8db64f26d1,2026-07-21T13:45:00Z,2026-07-21T15:45:00+0200,52792.04431,MW,DE,DE_LU,actual_load,Actual Load,2026-08-15T23:22:55Z
2026-08-15T23:21:10Z,2026-08-16T01:21:10+0200,30cb418c-e56a-40a4-8689-fc8db64f26d1,2026-07-21T14:00:00Z,2026-07-21T16:00:00+0200,53468.38861,MW,DE,DE_LU,actual_load,Actual Load,2026-08-15T23:22:55Z
2026-08-15T23:21:10Z,2026-08-16T01:21:10+0200,30cb418c-e56a-40a4-8689-fc8db64f26d1,2026-07-21T14:15:00Z,2026-07-21T16:15:00+0200,53390.57103,MW,DE,DE_LU,actual_load,Actual Load,2026-08-15T23:22:55Z
2026-08-15T23:21:10Z,2026-08-16T01:21:10+0200,30cb418c-e56a-40a4-8689-fc8db64f26d1,2026-07-21T14:30:00Z,2026-07-21T16:30:00+0200,53174.93542,MW,DE,DE_LU,actual_load,Actual Load,2026-08-15T23:22:55Z
2026-08-15T23:21:10Z,2026-08-16T01:21:10+0200,30cb418c-e56a-40a4-8689-fc8db64f26d1,2026-07-21T14:45:00Z,2026-07-21T16:45:00+0200,53391.17774,MW,DE,DE_LU,actual_load,Actual Load,2026-08-15T23:22:55Z
2026-08-15T23:21:10Z,2026-08-16T01:21:10+0200,30cb418c-e56a-40a4-8689-fc8db64f26d1,2026-07-21T15:00:00Z,2026-07-21T17:00:00+0200,54094.22807,MW,DE,DE_LU,actual_load,Actual Load,2026-08-15T23:22:55Z
2026-08-15T23:21:10Z,2026-08-16T01:21:10+0200,30cb418c-e56a-40a4-8689-fc8db64f26d1,2026-07-21T15:15:00Z,2026-07-21T17:15:00+0200,54213.73745,MW,DE,DE_LU,actual_load,Actual Load,2026-08-15T23:22:55Z
2026-08-15T23:21:10Z,2026-08-16T01:21:10+0200,30cb418c-e56a-40a4-8689-fc8db64f26d1,2026-07-21T15:30:00Z,2026-07-21T17:30:00+0200,54454.59787,MW,DE,DE_LU,actual_load,Actual Load,2026-08-15T23:22:55Z
2026-08-15T23:21:10Z,2026-08-16T01:21:10+0200,30cb418c-e56a-40a4-8689-fc8db64f26d1,2026-07-21T15:45:00Z,2026-07-21T17:45:00+0200,54946.91258,MW,DE,DE_LU,actual_load,Actual Load,2026-08-15T23:22:55Z
2026-08-15T23:21:10Z,2026-08-16T01:21:10+0200,30cb418c-e56a-40a4-8689-fc8db64f26d1,2026-07-21T16:00:00Z,2026-07-21T18:00:00+0200,55161.67167,MW,DE,DE_LU,actual_load,Actual Load,2026-08-15T23:22:55Z
2026-08-15T23:21:10Z,2026-08-16T01:21:10+0200,30cb418c-e56a-40a4-8689-fc8db64f26d1,2026-07-21T16:15:00Z,2026-07-21T18:15:00+0200,55352.01071,MW,DE,DE_LU,actual_load,Actual Load,2026-08-15T23:22:55Z
2026-08-15T23:21:10Z,2026-08-16T01:21:10+0200,30cb418c-e56a-40a4-8689-fc8db64f26d1,2026-07-21T16:30:00Z,2026-07-21T18:30:00+0200,55771.39504,MW,DE,DE_LU,actual_load,Actual Load,2026-08-15T23:22:55Z
2026-08-15T23:21:10Z,2026-08-16T01:21:10+0200,30cb418c-e56a-40a4-8689-fc8db64f26d1,2026-07-21T16:45:00Z,2026-07-21T18:45:00+0200,56053.0078,MW,DE,DE_LU,actual_load,Actual Load,2026-08-15T23:22:55Z
2026-08-15T23:21:10Z,2026-08-16T01:21:10+0200,30cb418c-e56a-40a4-8689-fc8db64f26d1,2026-07-21T17:00:00Z,2026-07-21T19:00:00+0200,56149.45294,MW,DE,DE_LU,actual_load,Actual Load,2026-08-15T23:22:55Z
2026-08-15T23:21:10Z,2026-08-16T01:21:10+0200,30cb418c-e56a-40a4-8689-fc8db64f26d1,2026-07-21T17:15:00Z,2026-07-21T19:15:00+0200,55877.29725,MW,DE,DE_LU,actual_load,Actual Load,2026-08-15T23:22:55Z
2026-08-15T23:21:10Z,2026-08-16T01:21:10+0200,30cb418c-e56a-40a4-8689-fc8db64f26d1,2026-07-21T17:30:00Z,2026-07-21T19:30:00+0200,55796.6539,MW,DE,DE_LU,actual_load,Actual Load,2026-08-15T23:22:55Z
2026-08-15T23:21:10Z,2026-08-16T01:21:10+0200,30cb418c-e56a-40a4-8689-fc8db64f26d1,2026-07-21T17:45:00Z,2026-07-21T19:45:00+0200,55238.07931,MW,DE,DE_LU,actual_load,Actual Load,2026-08-15T23:22:55Z
2026-08-15T23:21:10Z,2026-08-16T01:21:10+0200,30cb418c-e56a-40a4-8689-fc8db64f26d1,2026-07-21T18:00:00Z,2026-07-21T20:00:00+0200,55428.92313,MW,DE,DE_LU,actual_load,Actual Load,2026-08-15T23:22:55Z
2026-08-15T23:21:10Z,2026-08-16T01:21:10+0200,30cb418c-e56a-40a4-8689-fc8db64f26d1,2026-07-21T18:15:00Z,2026-07-21T20:15:00+0200,54795.01984,MW,DE,DE_LU,actual_load,Actual Load,2026-08-15T23:22:55Z
2026-08-15T23:21:10Z,2026-08-16T01:21:10+0200,30cb418c-e56a-40a4-8689-fc8db64f26d1,2026-07-21T18:30:00Z,2026-07-21T20:30:00+0200,54079.36804,MW,DE,DE_LU,actual_load,Actual Load,2026-08-15T23:22:55Z
2026-08-15T23:21:10Z,2026-08-16T01:21:10+0200,30cb418c-e56a-40a4-8689-fc8db64f26d1,2026-07-21T18:45:00Z,2026-07-21T20:45:00+0200,53016.24039,MW,DE,DE_LU,actual_load,Actual Load,2026-08-15T23:22:55Z
2026-08-15T23:21:10Z,2026-08-16T01:21:10+0200,30cb418c-e56a-40a4-8689-fc8db64f26d1,2026-07-21T19:00:00Z,2026-07-21T21:00:00+0200,52511.26371,MW,DE,DE_LU,actual_load,Actual Load,2026-08-15T23:22:55Z
2026-08-15T23:21:10Z,2026-08-16T01:21:10+0200,30cb418c-e56a-40a4-8689-fc8db64f26d1,2026-07-21T19:15:00Z,2026-07-21T21:15:00+0200,52465.72589,MW,DE,DE_LU,actual_load,Actual Load,2026-08-15T23:22:55Z
2026-08-15T23:21:10Z,2026-08-16T01:21:10+0200,30cb418c-e56a-40a4-8689-fc8db64f26d1,2026-07-21T19:30:00Z,2026-07-21T21:30:00+0200,52867.66528,MW,DE,DE_LU,actual_load,Actual Load,2026-08-15T23:22:55Z
2026-08-15T23:21:10Z,2026-08-16T01:21:10+0200,30cb418c-e56a-40a4-8689-fc8db64f26d1,2026-07-21T19:45:00Z,2026-07-21T21:45:00+0200,52605.23423,MW,DE,DE_LU,actual_load,Actual Load,2026-08-15T23:22:55Z
2026-08-15T23:21:10Z,2026-08-16T01:21:10+0200,30cb418c-e56a-40a4-8689-fc8db64f26d1,2026-07-21T20:00:00Z,2026-07-21T22:00:00+0200,50768.13058,MW,DE,DE_LU,actual_load,Actual Load,2026-08-15T23:22:55Z
2026-08-15T23:21:10Z,2026-08-16T01:21:10+0200,30cb418c-e56a-40a4-8689-fc8db64f26d1,2026-07-21T20:15:00Z,2026-07-21T22:15:00+0200,50068.05078,MW,DE,DE_LU,actual_load,Actual Load,2026-08-15T23:22:55Z
2026-08-15T23:21:10Z,2026-08-16T01:21:10+0200,30cb418c-e56a-40a4-8689-fc8db64f26d1,2026-07-21T20:30:00Z,2026-07-21T22:30:00+0200,49589.21191,MW,DE,DE_LU,actual_load,Actual Load,2026-08-15T23:22:55Z
2026-08-15T23:21:10Z,2026-08-16T01:21:10+0200,30cb418c-e56a-40a4-8689-fc8db64f26d1,2026-07-21T20:45:00Z,2026-07-21T22:45:00+0200,49240.36716,MW,DE,DE_LU,actual_load,Actual Load,2026-08-15T23:22:55Z
2026-08-15T23:21:10Z,2026-08-16T01:21:10+0200,30cb418c-e56a-40a4-8689-fc8db64f26d1,2026-07-21T21:00:00Z,2026-07-21T23:00:00+0200,48225.47021,MW,DE,DE_LU,actual_load,Actual Load,2026-08-15T23:22:55Z
2026-08-15T23:21:10Z,2026-08-16T01:21:10+0200,30cb418c-e56a-40a4-8689-fc8db64f26d1,2026-07-21T21:15:00Z,2026-07-21T23:15:00+0200,47464.99348,MW,DE,DE_LU,actual_load,Actual Load,2026-08-15T23:22:55Z
2026-08-15T23:21:10Z,2026-08-16T01:21:10+0200,30cb418c-e56a-40a4-8689-fc8db64f26d1,2026-07-21T21:30:00Z,2026-07-21T23:30:00+0200,46944.64291,MW,DE,DE_LU,actual_load,Actual Load,2026-08-15T23:22:55Z
2026-08-15T23:21:10Z,2026-08-16T01:21:10+0200,30cb418c-e56a-40a4-8689-fc8db64f26d1,2026-07-21T21:45:00Z,2026-07-21T23:45:00+0200,46739.6933,MW,DE,DE_LU,actual_load,Actual Load,2026-08-15T23:22:55Z
2026-08-15T23:21:10Z,2026-08-16T01:21:10+0200,30cb418c-e56a-40a4-8689-fc8db64f26d1,2026-07-21T22:00:00Z,2026-07-22T00:00:00+0200,46116.63932,MW,DE,DE_LU,actual_load,Actual Load,2026-08-15T23:22:55Z
2026-08-15T23:21:10Z,2026-08-16T01:21:10+0200,30cb418c-e56a-40a4-8689-fc8db64f26d1,2026-07-21T22:15:00Z,2026-07-22T00:15:00+0200,45743.76357,MW,DE,DE_LU,actual_load,Actual Load,2026-08-15T23:22:55Z
2026-08-15T23:21:10Z,2026-08-16T01:21:10+0200,30cb418c-e56a-40a4-8689-fc8db64f26d1,2026-07-21T22:30:00Z,2026-07-22T00:30:00+0200,45644.60695,MW,DE,DE_LU,actual_load,Actual Load,2026-08-15T23:22:55Z
2026-08-15T23:21:10Z,2026-08-16T01:21:10+0200,30cb418c-e56a-40a4-8689-fc8db64f26d1,2026-07-21T22:45:00Z,2026-07-22T00:45:00+0200,45338.92962,MW,DE,DE_LU,actual_load,Actual Load,2026-08-15T23:22:55Z
2026-08-15T23:21:10Z,2026-08-16T01:21:10+0200,30cb418c-e56a-40a4-8689-fc8db64f26d1,2026-07-21T23:00:00Z,2026-07-22T01:00:00+0200,44613.91907,MW,DE,DE_LU,actual_load,Actual Load,2026-08-15T23:22:55Z
2026-08-15T23:21:10Z,2026-08-16T01:21:10+0200,30cb418c-e56a-40a4-8689-fc8db64f26d1,2026-07-21T23:15:00Z,2026-07-22T01:15:00+0200,44457.488,MW,DE,DE_LU,actual_load,Actual Load,2026-08-15T23:22:55Z
2026-08-15T23:21:10Z,2026-08-16T01:21:10+0200,30cb418c-e56a-40a4-8689-fc8db64f26d1,2026-07-21T23:30:00Z,2026-07-22T01:30:00+0200,44269.1856,MW,DE,DE_LU,actual_load,Actual Load,2026-08-15T23:22:55Z
2026-08-15T23:21:10Z,2026-08-16T01:21:10+0200,30cb418c-e56a-40a4-8689-fc8db64f26d1,2026-07-21T23:45:00Z,2026-07-22T01:45:00+0200,44346.91317,MW,DE,DE_LU,actual_load,Actual Load,2026-08-15T23:22:55Z
2026-08-15T23:21:10Z,2026-08-16T01:21:10+0200,30cb418c-e56a-40a4-8689-fc8db64f26d1,2026-07-22T00:00:00Z,2026-07-22T02:00:00+0200,43866.22577,MW,DE,DE_LU,actual_load,Actual Load,2026-08-15T23:22:55Z
2026-08-15T23:21:10Z,2026-08-16T01:21:10+0200,30cb418c-e56a-40a4-8689-fc8db64f26d1,2026-07-22T00:15:00Z,2026-07-22T02:15:00+0200,43895.91475,MW,DE,DE_LU,actual_load,Actual Load,2026-08-15T23:22:55Z
2026-08-15T23:21:10Z,2026-08-16T01:21:10+0200,30cb418c-e56a-40a4-8689-fc8db64f26d1,2026-07-22T00:30:00Z,2026-07-22T02:30:00+0200,44110.83171,MW,DE,DE_LU,actual_load,Actual Load,2026-08-15T23:22:55Z
2026-08-15T23:21:10Z,2026-08-16T01:21:10+0200,30cb418c-e56a-40a4-8689-fc8db64f26d1,2026-07-22T00:45:00Z,2026-07-22T02:45:00+0200,44313.92102,MW,DE,DE_LU,actual_load,Actual Load,2026-08-15T23:22:55Z
2026-08-15T23:21:10Z,2026-08-16T01:21:10+0200,30cb418c-e56a-40a4-8689-fc8db64f26d1,2026-07-22T01:00:00Z,2026-07-22T03:00:00+0200,43828.91711,MW,DE,DE_LU,actual_load,Actual Load,2026-08-15T23:22:55Z
2026-08-15T23:21:10Z,2026-08-16T01:21:10+0200,30cb418c-e56a-40a4-8689-fc8db64f26d1,2026-07-22T01:15:00Z,2026-07-22T03:15:00+0200,43915.11564,MW,DE,DE_LU,actual_load,Actual Load,2026-08-15T23:22:55Z
2026-08-15T23:21:10Z,2026-08-16T01:21:10+0200,30cb418c-e56a-40a4-8689-fc8db64f26d1,2026-07-22T01:30:00Z,2026-07-22T03:30:00+0200,43834.64016,MW,DE,DE_LU,actual_load,Actual Load,2026-08-15T23:22:55Z
2026-08-15T23:21:10Z,2026-08-16T01:21:10+0200,30cb418c-e56a-40a4-8689-fc8db64f26d1,2026-07-22T01:45:00Z,2026-07-22T03:45:00+0200,44328.22965,MW,DE,DE_LU,actual_load,Actual Load,2026-08-15T23:22:55Z
2026-08-15T23:21:10Z,2026-08-16T01:21:10+0200,30cb418c-e56a-40a4-8689-fc8db64f26d1,2026-07-22T02:00:00Z,2026-07-22T04:00:00+0200,44240.97657,MW,DE,DE_LU,actual_load,Actual Load,2026-08-15T23:22:55Z
2026-08-15T23:21:10Z,2026-08-16T01:21:10+0200,30cb418c-e56a-40a4-8689-fc8db64f26d1,2026-07-22T02:15:00Z,2026-07-22T04:15:00+0200,44357.70715,MW,DE,DE_LU,actual_load,Actual Load,2026-08-15T23:22:55Z
2026-08-15T23:21:10Z,2026-08-16T01:21:10+0200,30cb418c-e56a-40a4-8689-fc8db64f26d1,2026-07-22T02:30:00Z,2026-07-22T04:30:00+0200,44747.87086,MW,DE,DE_LU,actual_load,Actual Load,2026-08-15T23:22:55Z
2026-08-15T23:21:10Z,2026-08-16T01:21:10+0200,30cb418c-e56a-40a4-8689-fc8db64f26d1,2026-07-22T02:45:00Z,2026-07-22T04:45:00+0200,45446.15745,MW,DE,DE_LU,actual_load,Actual Load,2026-08-15T23:22:55Z
2026-08-15T23:21:10Z,2026-08-16T01:21:10+0200,30cb418c-e56a-40a4-8689-fc8db64f26d1,2026-07-22T03:00:00Z,2026-07-22T05:00:00+0200,46410.2254,MW,DE,DE_LU,actual_load,Actual Load,2026-08-15T23:22:55Z
2026-08-15T23:21:10Z,2026-08-16T01:21:10+0200,30cb418c-e56a-40a4-8689-fc8db64f26d1,2026-07-22T03:15:00Z,2026-07-22T05:15:00+0200,46788.61448,MW,DE,DE_LU,actual_load,Actual Load,2026-08-15T23:22:55Z
2026-08-15T23:21:10Z,2026-08-16T01:21:10+0200,30cb418c-e56a-40a4-8689-fc8db64f26d1,2026-07-22T03:30:00Z,2026-07-22T05:30:00+0200,47381.46884,MW,DE,DE_LU,actual_load,Actual Load,2026-08-15T23:22:55Z
2026-08-15T23:21:10Z,2026-08-16T01:21:10+0200,30cb418c-e56a-40a4-8689-fc8db64f26d1,2026-07-22T03:45:00Z,2026-07-22T05:45:00+0200,48199.83595,MW,DE,DE_LU,actual_load,Actual Load,2026-08-15T23:22:55Z
2026-08-15T23:21:10Z,2026-08-16T01:21:10+0200,30cb418c-e56a-40a4-8689-fc8db64f26d1,2026-07-22T04:00:00Z,2026-07-22T06:00:00+0200,50714.62376,MW,DE,DE_LU,actual_load,Actual Load,2026-08-15T23:22:55Z
2026-08-15T23:21:10Z,2026-08-16T01:21:10+0200,30cb418c-e56a-40a4-8689-fc8db64f26d1,2026-07-22T04:15:00Z,2026-07-22T06:15:00+0200,52279.04737,MW,DE,DE_LU,actual_load,Actual Load,2026-08-15T23:22:55Z
2026-08-15T23:21:10Z,2026-08-16T01:21:10+0200,30cb418c-e56a-40a4-8689-fc8db64f26d1,2026-07-22T04:30:00Z,2026-07-22T06:30:00+0200,53465.37072,MW,DE,DE_LU,actual_load,Actual Load,2026-08-15T23:22:55Z
2026-08-15T23:21:10Z,2026-08-16T01:21:10+0200,30cb418c-e56a-40a4-8689-fc8db64f26d1,2026-07-22T04:45:00Z,2026-07-22T06:45:00+0200,54855.68083,MW,DE,DE_LU,actual_load,Actual Load,2026-08-15T23:22:55Z
2026-08-15T23:21:10Z,2026-08-16T01:21:10+0200,30cb418c-e56a-40a4-8689-fc8db64f26d1,2026-07-22T05:00:00Z,2026-07-22T07:00:00+0200,55757.06184,MW,DE,DE_LU,actual_load,Actual Load,2026-08-15T23:22:55Z
2026-08-15T23:21:10Z,2026-08-16T01:21:10+0200,30cb418c-e56a-40a4-8689-fc8db64f26d1,2026-07-22T05:15:00Z,2026-07-22T07:15:00+0200,56289.1025,MW,DE,DE_LU,actual_load,Actual Load,2026-08-15T23:22:55Z
2026-08-15T23:21:10Z,2026-08-16T01:21:10+0200,30cb418c-e56a-40a4-8689-fc8db64f26d1,2026-07-22T05:30:00Z,2026-07-22T07:30:00+0200,57886.21213,MW,DE,DE_LU,actual_load,Actual Load,2026-08-15T23:22:55Z
2026-08-15T23:21:10Z,2026-08-16T01:21:10+0200,30cb418c-e56a-40a4-8689-fc8db64f26d1,2026-07-22T05:45:00Z,2026-07-22T07:45:00+0200,58860.16584,MW,DE,DE_LU,actual_load,Actual Load,2026-08-15T23:22:55Z
2026-08-15T23:21:10Z,2026-08-16T01:21:10+0200,30cb418c-e56a-40a4-8689-fc8db64f26d1,2026-07-22T06:00:00Z,2026-07-22T08:00:00+0200,59813.1746,MW,DE,DE_LU,actual_load,Actual Load,2026-08-15T23:22:55Z
2026-08-15T23:21:10Z,2026-08-16T01:21:10+0200,30cb418c-e56a-40a4-8689-fc8db64f26d1,2026-07-22T06:15:00Z,2026-07-22T08:15:00+0200,60168.94393,MW,DE,DE_LU,actual_load,Actual Load,2026-08-15T23:22:55Z
2026-08-15T23:21:10Z,2026-08-16T01:21:10+0200,30cb418c-e56a-40a4-8689-fc8db64f26d1,2026-07-22T06:30:00Z,2026-07-22T08:30:00+0200,61189.53498,MW,DE,DE_LU,actual_load,Actual Load,2026-08-15T23:22:55Z
2026-08-15T23:21:10Z,2026-08-16T01:21:10+0200,30cb418c-e56a-40a4-8689-fc8db64f26d1,2026-07-22T06:45:00Z,2026-07-22T08:45:00+0200,60657.0716,MW,DE,DE_LU,actual_load,Actual Load,2026-08-15T23:22:55Z
2026-08-15T23:21:10Z,2026-08-16T01:21:10+0200,30cb418c-e56a-40a4-8689-fc8db64f26d1,2026-07-22T07:00:00Z,2026-07-22T09:00:00+0200,59754.16366,MW,DE,DE_LU,actual_load,Actual Load,2026-08-15T23:22:55Z
2026-08-15T23:21:10Z,2026-08-16T01:21:10+0200,30cb418c-e56a-40a4-8689-fc8db64f26d1,2026-07-22T07:15:00Z,2026-07-22T09:15:00+0200,59888.97212,MW,DE,DE_LU,actual_load,Actual Load,2026-08-15T23:22:55Z
2026-08-15T23:21:10Z,2026-08-16T01:21:10+0200,30cb418c-e56a-40a4-8689-fc8db64f26d1,2026-07-22T07:30:00Z,2026-07-22T09:30:00+0200,60241.03793,MW,DE,DE_LU,actual_load,Actual Load,2026-08-15T23:22:55Z
2026-08-15T23:21:10Z,2026-08-16T01:21:10+0200,30cb418c-e56a-40a4-8689-fc8db64f26d1,2026-07-22T07:45:00Z,2026-07-22T09:45:00+0200,60292.46377,MW,DE,DE_LU,actual_load,Actual Load,2026-08-15T23:22:55Z
2026-08-15T23:21:10Z,2026-08-16T01:21:10+0200,30cb418c-e56a-40a4-8689-fc8db64f26d1,2026-07-22T08:00:00Z,2026-07-22T10:00:00+0200,60222.33609,MW,DE,DE_LU,actual_load,Actual Load,2026-08-15T23:22:55Z
2026-08-15T23:21:10Z,2026-08-16T01:21:10+0200,30cb418c-e56a-40a4-8689-fc8db64f26d1,2026-07-22T08:15:00Z,2026-07-22T10:15:00+0200,60748.65944,MW,DE,DE_LU,actual_load,Actual Load,2026-08-15T23:22:55Z
2026-08-15T23:21:10Z,2026-08-16T01:21:10+0200,30cb418c-e56a-40a4-8689-fc8db64f26d1,2026-07-22T08:30:00Z,2026-07-22T10:30:00+0200,61140.97092,MW,DE,DE_LU,actual_load,Actual Load,2026-08-15T23:22:55Z
2026-08-15T23:21:10Z,2026-08-16T01:21:10+0200,30cb418c-e56a-40a4-8689-fc8db64f26d1,2026-07-22T08:45:00Z,2026-07-22T10:45:00+0200,60851.31313,MW,DE,DE_LU,actual_load,Actual Load,2026-08-15T23:22:55Z
2026-08-15T23:21:10Z,2026-08-16T01:21:10+0200,30cb418c-e56a-40a4-8689-fc8db64f26d1,2026-07-22T09:00:00Z,2026-07-22T11:00:00+0200,60491.69585,MW,DE,DE_LU,actual_load,Actual Load,2026-08-15T23:22:55Z
2026-08-15T23:21:10Z,2026-08-16T01:21:10+0200,30cb418c-e56a-40a4-8689-fc8db64f26d1,2026-07-22T09:15:00Z,2026-07-22T11:15:00+0200,60966.77457,MW,DE,DE_LU,actual_load,Actual Load,2026-08-15T23:22:55Z
2026-08-15T23:21:10Z,2026-08-16T01:21:10+0200,30cb418c-e56a-40a4-8689-fc8db64f26d1,2026-07-22T09:30:00Z,2026-07-22T11:30:00+0200,60909.69853,MW,DE,DE_LU,actual_load,Actual Load,2026-08-15T23:22:55Z
2026-08-15T23:21:10Z,2026-08-16T01:21:10+0200,30cb418c-e56a-40a4-8689-fc8db64f26d1,2026-07-22T09:45:00Z,2026-07-22T11:45:00+0200,61133.46675,MW,DE,DE_LU,actual_load,Actual Load,2026-08-15T23:22:55Z
2026-08-15T23:21:10Z,2026-08-16T01:21:10+0200,30cb418c-e56a-40a4-8689-fc8db64f26d1,2026-07-22T10:00:00Z,2026-07-22T12:00:00+0200,60849.91835,MW,DE,DE_LU,actual_load,Actual Load,2026-08-15T23:22:55Z
2026-08-15T23:21:10Z,2026-08-16T01:21:10+0200,30cb418c-e56a-40a4-8689-fc8db64f26d1,2026-07-22T10:15:00Z,2026-07-22T12:15:00+0200,60856.83219,MW,DE,DE_LU,actual_load,Actual Load,2026-08-15T23:22:55Z
2026-08-15T23:21:10Z,2026-08-16T01:21:10+0200,30cb418c-e56a-40a4-8689-fc8db64f26d1,2026-07-22T10:30:00Z,2026-07-22T12:30:00+0200,60793.80996,MW,DE,DE_LU,actual_load,Actual Load,2026-08-15T23:22:55Z
2026-08-15T23:21:10Z,2026-08-16T01:21:10+0200,30cb418c-e56a-40a4-8689-fc8db64f26d1,2026-07-22T10:45:00Z,2026-07-22T12:45:00+0200,60895.90991,MW,DE,DE_LU,actual_load,Actual Load,2026-08-15T23:22:55Z
2026-08-15T23:21:10Z,2026-08-16T01:21:10+0200,30cb418c-e56a-40a4-8689-fc8db64f26d1,2026-07-22T11:00:00Z,2026-07-22T13:00:00+0200,60178.89709,MW,DE,DE_LU,actual_load,Actual Load,2026-08-15T23:22:55Z
2026-08-15T23:21:10Z,2026-08-16T01:21:10+0200,30cb418c-e56a-40a4-8689-fc8db64f26d1,2026-07-22T11:15:00Z,2026-07-22T13:15:00+0200,60452.18121,MW,DE,DE_LU,actual_load,Actual Load,2026-08-15T23:22:55Z
2026-08-15T23:21:10Z,2026-08-16T01:21:10+0200,30cb418c-e56a-40a4-8689-fc8db64f26d1,2026-07-22T11:30:00Z,2026-07-22T13:30:00+0200,59220.11814,MW,DE,DE_LU,actual_load,Actual Load,2026-08-15T23:22:55Z
2026-08-15T23:21:10Z,2026-08-16T01:21:10+0200,30cb418c-e56a-40a4-8689-fc8db64f26d1,2026-07-22T11:45:00Z,2026-07-22T13:45:00+0200,58177.69944,MW,DE,DE_LU,actual_load,Actual Load,2026-08-15T23:22:55Z
2026-08-15T23:21:10Z,2026-08-16T01:21:10+0200,30cb418c-e56a-40a4-8689-fc8db64f26d1,2026-07-22T12:00:00Z,2026-07-22T14:00:00+0200,58019.41178,MW,DE,DE_LU,actual_load,Actual Load,2026-08-15T23:22:55Z
2026-08-15T23:21:10Z,2026-08-16T01:21:10+0200,30cb418c-e56a-40a4-8689-fc8db64f26d1,2026-07-22T12:15:00Z,2026-07-22T14:15:00+0200,57617.35311,MW,DE,DE_LU,actual_load,Actual Load,2026-08-15T23:22:55Z
2026-08-15T23:21:10Z,2026-08-16T01:21:10+0200,30cb418c-e56a-40a4-8689-fc8db64f26d1,2026-07-22T12:30:00Z,2026-07-22T14:30:00+0200,58296.40733,MW,DE,DE_LU,actual_load,Actual Load,2026-08-15T23:22:55Z
2026-08-15T23:21:10Z,2026-08-16T01:21:10+0200,30cb418c-e56a-40a4-8689-fc8db64f26d1,2026-07-22T12:45:00Z,2026-07-22T14:45:00+0200,57060.55134,MW,DE,DE_LU,actual_load,Actual Load,2026-08-15T23:22:55Z
2026-08-15T23:21:10Z,2026-08-16T01:21:10+0200,30cb418c-e56a-40a4-8689-fc8db64f26d1,2026-07-22T13:00:00Z,2026-07-22T15:00:00+0200,56493.38377,MW,DE,DE_LU,actual_load,Actual Load,2026-08-15T23:22:55Z
2026-08-15T23:21:10Z,2026-08-16T01:21:10+0200,30cb418c-e56a-40a4-8689-fc8db64f26d1,2026-07-22T13:15:00Z,2026-07-22T15:15:00+0200,55482.80304,MW,DE,DE_LU,actual_load,Actual Load,2026-08-15T23:22:55Z
2026-08-15T23:21:10Z,2026-08-16T01:21:10+0200,30cb418c-e56a-40a4-8689-fc8db64f26d1,2026-07-22T13:30:00Z,2026-07-22T15:30:00+0200,55077.23925,MW,DE,DE_LU,actual_load,Actual Load,2026-08-15T23:22:55Z
2026-08-15T23:21:10Z,2026-08-16T01:21:10+0200,30cb418c-e56a-40a4-8689-fc8db64f26d1,2026-07-22T13:45:00Z,2026-07-22T15:45:00+0200,54798.26602,MW,DE,DE_LU,actual_load,Actual Load,2026-08-15T23:22:55Z
2026-08-15T23:21:10Z,2026-08-16T01:21:10+0200,30cb418c-e56a-40a4-8689-fc8db64f26d1,2026-07-22T14:00:00Z,2026-07-22T16:00:00+0200,55015.97162,MW,DE,DE_LU,actual_load,Actual Load,2026-08-15T23:22:55Z
2026-08-15T23:21:10Z,2026-08-16T01:21:10+0200,30cb418c-e56a-40a4-8689-fc8db64f26d1,2026-07-22T14:15:00Z,2026-07-22T16:15:00+0200,55181.52073,MW,DE,DE_LU,actual_load,Actual Load,2026-08-15T23:22:55Z
2026-08-15T23:21:10Z,2026-08-16T01:21:10+0200,30cb418c-e56a-40a4-8689-fc8db64f26d1,2026-07-22T14:30:00Z,2026-07-22T16:30:00+0200,55124.99819,MW,DE,DE_LU,actual_load,Actual Load,2026-08-15T23:22:55Z
2026-08-15T23:21:10Z,2026-08-16T01:21:10+0200,30cb418c-e56a-40a4-8689-fc8db64f26d1,2026-07-22T14:45:00Z,2026-07-22T16:45:00+0200,55401.31284,MW,DE,DE_LU,actual_load,Actual Load,2026-08-15T23:22:55Z
2026-08-15T23:21:10Z,2026-08-16T01:21:10+0200,30cb418c-e56a-40a4-8689-fc8db64f26d1,2026-07-22T15:00:00Z,2026-07-22T17:00:00+0200,55918.96225,MW,DE,DE_LU,actual_load,Actual Load,2026-08-15T23:22:55Z
2026-08-15T23:21:10Z,2026-08-16T01:21:10+0200,30cb418c-e56a-40a4-8689-fc8db64f26d1,2026-07-22T15:15:00Z,2026-07-22T17:15:00+0200,55966.21248,MW,DE,DE_LU,actual_load,Actual Load,2026-08-15T23:22:55Z
2026-08-15T23:21:10Z,2026-08-16T01:21:10+0200,30cb418c-e56a-40a4-8689-fc8db64f26d1,2026-07-22T15:30:00Z,2026-07-22T17:30:00+0200,56322.41219,MW,DE,DE_LU,actual_load,Actual Load,2026-08-15T23:22:55Z
2026-08-15T23:21:10Z,2026-08-16T01:21:10+0200,30cb418c-e56a-40a4-8689-fc8db64f26d1,2026-07-22T15:45:00Z,2026-07-22T17:45:00+0200,56515.06292,MW,DE,DE_LU,actual_load,Actual Load,2026-08-15T23:22:55Z
2026-08-15T23:21:10Z,2026-08-16T01:21:10+0200,30cb418c-e56a-40a4-8689-fc8db64f26d1,2026-07-22T16:00:00Z,2026-07-22T18:00:00+0200,57068.40233,MW,DE,DE_LU,actual_load,Actual Load,2026-08-15T23:22:55Z
2026-08-15T23:21:10Z,2026-08-16T01:21:10+0200,30cb418c-e56a-40a4-8689-fc8db64f26d1,2026-07-22T16:15:00Z,2026-07-22T18:15:00+0200,56480.4686,MW,DE,DE_LU,actual_load,Actual Load,2026-08-15T23:22:55Z
2026-08-15T23:21:10Z,2026-08-16T01:21:10+0200,30cb418c-e56a-40a4-8689-fc8db64f26d1,2026-07-22T16:30:00Z,2026-07-22T18:30:00+0200,56937.31007,MW,DE,DE_LU,actual_load,Actual Load,2026-08-15T23:22:55Z
2026-08-15T23:21:10Z,2026-08-16T01:21:10+0200,30cb418c-e56a-40a4-8689-fc8db64f26d1,2026-07-22T16:45:00Z,2026-07-22T18:45:00+0200,56724.61922,MW,DE,DE_LU,actual_load,Actual Load,2026-08-15T23:22:55Z
2026-08-15T23:21:10Z,2026-08-16T01:21:10+0200,30cb418c-e56a-40a4-8689-fc8db64f26d1,2026-07-22T17:00:00Z,2026-07-22T19:00:00+0200,57506.06674,MW,DE,DE_LU,actual_load,Actual Load,2026-08-15T23:22:55Z
2026-08-15T23:21:10Z,2026-08-16T01:21:10+0200,30cb418c-e56a-40a4-8689-fc8db64f26d1,2026-07-22T17:15:00Z,2026-07-22T19:15:00+0200,56769.13779,MW,DE,DE_LU,actual_load,Actual Load,2026-08-15T23:22:55Z
2026-08-15T23:21:10Z,2026-08-16T01:21:10+0200,30cb418c-e56a-40a4-8689-fc8db64f26d1,2026-07-22T17:30:00Z,2026-07-22T19:30:00+0200,56283.24199,MW,DE,DE_LU,actual_load,Actual Load,2026-08-15T23:22:55Z
2026-08-15T23:21:10Z,2026-08-16T01:21:10+0200,30cb418c-e56a-40a4-8689-fc8db64f26d1,2026-07-22T17:45:00Z,2026-07-22T19:45:00+0200,56323.90504,MW,DE,DE_LU,actual_load,Actual Load,2026-08-15T23:22:55Z
2026-08-15T23:21:10Z,2026-08-16T01:21:10+0200,30cb418c-e56a-40a4-8689-fc8db64f26d1,2026-07-22T18:00:00Z,2026-07-22T20:00:00+0200,56271.28587,MW,DE,DE_LU,actual_load,Actual Load,2026-08-15T23:22:55Z
2026-08-15T23:21:10Z,2026-08-16T01:21:10+0200,30cb418c-e56a-40a4-8689-fc8db64f26d1,2026-07-22T18:15:00Z,2026-07-22T20:15:00+0200,54928.05897,MW,DE,DE_LU,actual_load,Actual Load,2026-08-15T23:22:55Z
2026-08-15T23:21:10Z,2026-08-16T01:21:10+0200,30cb418c-e56a-40a4-8689-fc8db64f26d1,2026-07-22T18:30:00Z,2026-07-22T20:30:00+0200,54666.6634,MW,DE,DE_LU,actual_load,Actual Load,2026-08-15T23:22:55Z
2026-08-15T23:21:10Z,2026-08-16T01:21:10+0200,30cb418c-e56a-40a4-8689-fc8db64f26d1,2026-07-22T18:45:00Z,2026-07-22T20:45:00+0200,54165.55836,MW,DE,DE_LU,actual_load,Actual Load,2026-08-15T23:22:55Z
2026-08-15T23:21:10Z,2026-08-16T01:21:10+0200,30cb418c-e56a-40a4-8689-fc8db64f26d1,2026-07-22T19:00:00Z,2026-07-22T21:00:00+0200,53997.15469,MW,DE,DE_LU,actual_load,Actual Load,2026-08-15T23:22:55Z
2026-08-15T23:21:10Z,2026-08-16T01:21:10+0200,30cb418c-e56a-40a4-8689-fc8db64f26d1,2026-07-22T19:15:00Z,2026-07-22T21:15:00+0200,53600.28257,MW,DE,DE_LU,actual_load,Actual Load,2026-08-15T23:22:55Z
2026-08-15T23:21:10Z,2026-08-16T01:21:10+0200,30cb418c-e56a-40a4-8689-fc8db64f26d1,2026-07-22T19:30:00Z,2026-07-22T21:30:00+0200,53192.63566,MW,DE,DE_LU,actual_load,Actual Load,2026-08-15T23:22:55Z
2026-08-15T23:21:10Z,2026-08-16T01:21:10+0200,30cb418c-e56a-40a4-8689-fc8db64f26d1,2026-07-22T19:45:00Z,2026-07-22T21:45:00+0200,53086.40486,MW,DE,DE_LU,actual_load,Actual Load,2026-08-15T23:22:55Z
2026-08-15T23:21:10Z,2026-08-16T01:21:10+0200,30cb418c-e56a-40a4-8689-fc8db64f26d1,2026-07-22T20:00:00Z,2026-07-22T22:00:00+0200,52246.27296,MW,DE,DE_LU,actual_load,Actual Load,2026-08-15T23:22:55Z
2026-08-15T23:21:10Z,2026-08-16T01:21:10+0200,30cb418c-e56a-40a4-8689-fc8db64f26d1,2026-07-22T20:15:00Z,2026-07-22T22:15:00+0200,51681.91651,MW,DE,DE_LU,actual_load,Actual Load,2026-08-15T23:22:55Z
2026-08-15T23:21:10Z,2026-08-16T01:21:10+0200,30cb418c-e56a-40a4-8689-fc8db64f26d1,2026-07-22T20:30:00Z,2026-07-22T22:30:00+0200,51388.07331,MW,DE,DE_LU,actual_load,Actual Load,2026-08-15T23:22:55Z
2026-08-15T23:21:10Z,2026-08-16T01:21:10+0200,30cb418c-e56a-40a4-8689-fc8db64f26d1,2026-07-22T20:45:00Z,2026-07-22T22:45:00+0200,50532.70942,MW,DE,DE_LU,actual_load,Actual Load,2026-08-15T23:22:55Z
2026-08-15T23:21:10Z,2026-08-16T01:21:10+0200,30cb418c-e56a-40a4-8689-fc8db64f26d1,2026-07-22T21:00:00Z,2026-07-22T23:00:00+0200,49038.11903,MW,DE,DE_LU,actual_load,Actual Load,2026-08-15T23:22:55Z
2026-08-15T23:21:10Z,2026-08-16T01:21:10+0200,30cb418c-e56a-40a4-8689-fc8db64f26d1,2026-07-22T21:15:00Z,2026-07-22T23:15:00+0200,48557.67085,MW,DE,DE_LU,actual_load,Actual Load,2026-08-15T23:22:55Z
2026-08-15T23:21:10Z,2026-08-16T01:21:10+0200,30cb418c-e56a-40a4-8689-fc8db64f26d1,2026-07-22T21:30:00Z,2026-07-22T23:30:00+0200,48317.49397,MW,DE,DE_LU,actual_load,Actual Load,2026-08-15T23:22:55Z
2026-08-15T23:21:10Z,2026-08-16T01:21:10+0200,30cb418c-e56a-40a4-8689-fc8db64f26d1,2026-07-22T21:45:00Z,2026-07-22T23:45:00+0200,47426.47791,MW,DE,DE_LU,actual_load,Actual Load,2026-08-15T23:22:55Z
2026-08-15T23:21:10Z,2026-08-16T01:21:10+0200,30cb418c-e56a-40a4-8689-fc8db64f26d1,2026-07-22T22:00:00Z,2026-07-23T00:00:00+0200,46809.33447,MW,DE,DE_LU,actual_load,Actual Load,2026-08-15T23:22:55Z
2026-08-15T23:21:10Z,2026-08-16T01:21:10+0200,30cb418c-e56a-40a4-8689-fc8db64f26d1,2026-07-22T22:15:00Z,2026-07-23T00:15:00+0200,46767.58683,MW,DE,DE_LU,actual_load,Actual Load,2026-08-15T23:22:55Z
2026-08-15T23:21:10Z,2026-08-16T01:21:10+0200,30cb418c-e56a-40a4-8689-fc8db64f26d1,2026-07-22T22:30:00Z,2026-07-23T00:30:00+0200,46514.84825,MW,DE,DE_LU,actual_load,Actual Load,2026-08-15T23:22:55Z
2026-08-15T23:21:10Z,2026-08-16T01:21:10+0200,30cb418c-e56a-40a4-8689-fc8db64f26d1,2026-07-22T22:45:00Z,2026-07-23T00:45:00+0200,46034.69212,MW,DE,DE_LU,actual_load,Actual Load,2026-08-15T23:22:55Z
2026-08-15T23:21:10Z,2026-08-16T01:21:10+0200,30cb418c-e56a-40a4-8689-fc8db64f26d1,2026-07-22T23:00:00Z,2026-07-23T01:00:00+0200,44986.32204,MW,DE,DE_LU,actual_load,Actual Load,2026-08-15T23:22:55Z
2026-08-15T23:21:10Z,2026-08-16T01:21:10+0200,30cb418c-e56a-40a4-8689-fc8db64f26d1,2026-07-22T23:15:00Z,2026-07-23T01:15:00+0200,45099.67213,MW,DE,DE_LU,actual_load,Actual Load,2026-08-15T23:22:55Z
2026-08-15T23:21:10Z,2026-08-16T01:21:10+0200,30cb418c-e56a-40a4-8689-fc8db64f26d1,2026-07-22T23:30:00Z,2026-07-23T01:30:00+0200,44994.4831,MW,DE,DE_LU,actual_load,Actual Load,2026-08-15T23:22:55Z
2026-08-15T23:21:10Z,2026-08-16T01:21:10+0200,30cb418c-e56a-40a4-8689-fc8db64f26d1,2026-07-22T23:45:00Z,2026-07-23T01:45:00+0200,44590.0707,MW,DE,DE_LU,actual_load,Actual Load,2026-08-15T23:22:55Z
2026-08-15T23:21:10Z,2026-08-16T01:21:10+0200,30cb418c-e56a-40a4-8689-fc8db64f26d1,2026-07-23T00:00:00Z,2026-07-23T02:00:00+0200,43610.99957,MW,DE,DE_LU,actual_load,Actual Load,2026-08-15T23:22:55Z
2026-08-15T23:21:10Z,2026-08-16T01:21:10+0200,30cb418c-e56a-40a4-8689-fc8db64f26d1,2026-07-23T00:15:00Z,2026-07-23T02:15:00+0200,43392.75419,MW,DE,DE_LU,actual_load,Actual Load,2026-08-15T23:22:55Z
2026-08-15T23:21:10Z,2026-08-16T01:21:10+0200,30cb418c-e56a-40a4-8689-fc8db64f26d1,2026-07-23T00:30:00Z,2026-07-23T02:30:00+0200,43252.30857,MW,DE,DE_LU,actual_load,Actual Load,2026-08-15T23:22:55Z
2026-08-15T23:21:10Z,2026-08-16T01:21:10+0200,30cb418c-e56a-40a4-8689-fc8db64f26d1,2026-07-23T00:45:00Z,2026-07-23T02:45:00+0200,43523.33341,MW,DE,DE_LU,actual_load,Actual Load,2026-08-15T23:22:55Z
2026-08-15T23:21:10Z,2026-08-16T01:21:10+0200,30cb418c-e56a-40a4-8689-fc8db64f26d1,2026-07-23T01:00:00Z,2026-07-23T03:00:00+0200,43186.48307,MW,DE,DE_LU,actual_load,Actual Load,2026-08-15T23:22:55Z
2026-08-15T23:21:10Z,2026-08-16T01:21:10+0200,30cb418c-e56a-40a4-8689-fc8db64f26d1,2026-07-23T01:15:00Z,2026-07-23T03:15:00+0200,42991.99424,MW,DE,DE_LU,actual_load,Actual Load,2026-08-15T23:22:55Z
2026-08-15T23:21:10Z,2026-08-16T01:21:10+0200,30cb418c-e56a-40a4-8689-fc8db64f26d1,2026-07-23T01:30:00Z,2026-07-23T03:30:00+0200,42874.22297,MW,DE,DE_LU,actual_load,Actual Load,2026-08-15T23:22:55Z
2026-08-15T23:21:10Z,2026-08-16T01:21:10+0200,30cb418c-e56a-40a4-8689-fc8db64f26d1,2026-07-23T01:45:00Z,2026-07-23T03:45:00+0200,42713.1215,MW,DE,DE_LU,actual_load,Actual Load,2026-08-15T23:22:55Z
2026-08-15T23:21:10Z,2026-08-16T01:21:10+0200,30cb418c-e56a-40a4-8689-fc8db64f26d1,2026-07-23T02:00:00Z,2026-07-23T04:00:00+0200,42951.32918,MW,DE,DE_LU,actual_load,Actual Load,2026-08-15T23:22:55Z
2026-08-15T23:21:10Z,2026-08-16T01:21:10+0200,30cb418c-e56a-40a4-8689-fc8db64f26d1,2026-07-23T02:15:00Z,2026-07-23T04:15:00+0200,43480.35165,MW,DE,DE_LU,actual_load,Actual Load,2026-08-15T23:22:55Z
2026-08-15T23:21:10Z,2026-08-16T01:21:10+0200,30cb418c-e56a-40a4-8689-fc8db64f26d1,2026-07-23T02:30:00Z,2026-07-23T04:30:00+0200,43989.80652,MW,DE,DE_LU,actual_load,Actual Load,2026-08-15T23:22:55Z
2026-08-15T23:21:10Z,2026-08-16T01:21:10+0200,30cb418c-e56a-40a4-8689-fc8db64f26d1,2026-07-23T02:45:00Z,2026-07-23T04:45:00+0200,44146.32119,MW,DE,DE_LU,actual_load,Actual Load,2026-08-15T23:22:55Z
2026-08-15T23:21:10Z,2026-08-16T01:21:10+0200,30cb418c-e56a-40a4-8689-fc8db64f26d1,2026-07-23T03:00:00Z,2026-07-23T05:00:00+0200,45265.00769,MW,DE,DE_LU,actual_load,Actual Load,2026-08-15T23:22:55Z
2026-08-15T23:21:10Z,2026-08-16T01:21:10+0200,30cb418c-e56a-40a4-8689-fc8db64f26d1,2026-07-23T03:15:00Z,2026-07-23T05:15:00+0200,46390.30413,MW,DE,DE_LU,actual_load,Actual Load,2026-08-15T23:22:55Z
2026-08-15T23:21:10Z,2026-08-16T01:21:10+0200,30cb418c-e56a-40a4-8689-fc8db64f26d1,2026-07-23T03:30:00Z,2026-07-23T05:30:00+0200,47482.72794,MW,DE,DE_LU,actual_load,Actual Load,2026-08-15T23:22:55Z
2026-08-15T23:21:10Z,2026-08-16T01:21:10+0200,30cb418c-e56a-40a4-8689-fc8db64f26d1,2026-07-23T03:45:00Z,2026-07-23T05:45:00+0200,48113.08598,MW,DE,DE_LU,actual_load,Actual Load,2026-08-15T23:22:55Z
2026-08-15T23:21:10Z,2026-08-16T01:21:10+0200,30cb418c-e56a-40a4-8689-fc8db64f26d1,2026-07-23T04:00:00Z,2026-07-23T06:00:00+0200,50027.29815,MW,DE,DE_LU,actual_load,Actual Load,2026-08-15T23:22:55Z
2026-08-15T23:21:10Z,2026-08-16T01:21:10+0200,30cb418c-e56a-40a4-8689-fc8db64f26d1,2026-07-23T04:15:00Z,2026-07-23T06:15:00+0200,51608.63352,MW,DE,DE_LU,actual_load,Actual Load,2026-08-15T23:22:55Z
2026-08-15T23:21:10Z,2026-08-16T01:21:10+0200,30cb418c-e56a-40a4-8689-fc8db64f26d1,2026-07-23T04:30:00Z,2026-07-23T06:30:00+0200,52726.67919,MW,DE,DE_LU,actual_load,Actual Load,2026-08-15T23:22:55Z
2026-08-15T23:21:10Z,2026-08-16T01:21:10+0200,30cb418c-e56a-40a4-8689-fc8db64f26d1,2026-07-23T04:45:00Z,2026-07-23T06:45:00+0200,54114.02264,MW,DE,DE_LU,actual_load,Actual Load,2026-08-15T23:22:55Z
2026-08-15T23:21:10Z,2026-08-16T01:21:10+0200,30cb418c-e56a-40a4-8689-fc8db64f26d1,2026-07-23T05:00:00Z,2026-07-23T07:00:00+0200,55520.52445,MW,DE,DE_LU,actual_load,Actual Load,2026-08-15T23:22:55Z
2026-08-15T23:21:10Z,2026-08-16T01:21:10+0200,30cb418c-e56a-40a4-8689-fc8db64f26d1,2026-07-23T05:15:00Z,2026-07-23T07:15:00+0200,56543.69309,MW,DE,DE_LU,actual_load,Actual Load,2026-08-15T23:22:55Z
2026-08-15T23:21:10Z,2026-08-16T01:21:10+0200,30cb418c-e56a-40a4-8689-fc8db64f26d1,2026-07-23T05:30:00Z,2026-07-23T07:30:00+0200,57414.94102,MW,DE,DE_LU,actual_load,Actual Load,2026-08-15T23:22:55Z
2026-08-15T23:21:10Z,2026-08-16T01:21:10+0200,30cb418c-e56a-40a4-8689-fc8db64f26d1,2026-07-23T05:45:00Z,2026-07-23T07:45:00+0200,58273.39784,MW,DE,DE_LU,actual_load,Actual Load,2026-08-15T23:22:55Z
2026-08-15T23:21:10Z,2026-08-16T01:21:10+0200,30cb418c-e56a-40a4-8689-fc8db64f26d1,2026-07-23T06:00:00Z,2026-07-23T08:00:00+0200,58563.66806,MW,DE,DE_LU,actual_load,Actual Load,2026-08-15T23:22:55Z
2026-08-15T23:21:10Z,2026-08-16T01:21:10+0200,30cb418c-e56a-40a4-8689-fc8db64f26d1,2026-07-23T06:15:00Z,2026-07-23T08:15:00+0200,59090.02971,MW,DE,DE_LU,actual_load,Actual Load,2026-08-15T23:22:55Z
2026-08-15T23:21:10Z,2026-08-16T01:21:10+0200,30cb418c-e56a-40a4-8689-fc8db64f26d1,2026-07-23T06:30:00Z,2026-07-23T08:30:00+0200,59972.41739,MW,DE,DE_LU,actual_load,Actual Load,2026-08-15T23:22:55Z
2026-08-15T23:21:10Z,2026-08-16T01:21:10+0200,30cb418c-e56a-40a4-8689-fc8db64f26d1,2026-07-23T06:45:00Z,2026-07-23T08:45:00+0200,59988.93625,MW,DE,DE_LU,actual_load,Actual Load,2026-08-15T23:22:55Z
2026-08-15T23:21:10Z,2026-08-16T01:21:10+0200,30cb418c-e56a-40a4-8689-fc8db64f26d1,2026-07-23T07:00:00Z,2026-07-23T09:00:00+0200,60287.18285,MW,DE,DE_LU,actual_load,Actual Load,2026-08-15T23:22:55Z
2026-08-15T23:21:10Z,2026-08-16T01:21:10+0200,30cb418c-e56a-40a4-8689-fc8db64f26d1,2026-07-23T07:15:00Z,2026-07-23T09:15:00+0200,60720.32863,MW,DE,DE_LU,actual_load,Actual Load,2026-08-15T23:22:55Z
2026-08-15T23:21:10Z,2026-08-16T01:21:10+0200,30cb418c-e56a-40a4-8689-fc8db64f26d1,2026-07-23T07:30:00Z,2026-07-23T09:30:00+0200,61021.57753,MW,DE,DE_LU,actual_load,Actual Load,2026-08-15T23:22:55Z
2026-08-15T23:21:10Z,2026-08-16T01:21:10+0200,30cb418c-e56a-40a4-8689-fc8db64f26d1,2026-07-23T07:45:00Z,2026-07-23T09:45:00+0200,60632.55178,MW,DE,DE_LU,actual_load,Actual Load,2026-08-15T23:22:55Z
2026-08-15T23:21:10Z,2026-08-16T01:21:10+0200,30cb418c-e56a-40a4-8689-fc8db64f26d1,2026-07-23T08:00:00Z,2026-07-23T10:00:00+0200,61028.20808,MW,DE,DE_LU,actual_load,Actual Load,2026-08-15T23:22:55Z
2026-08-15T23:21:10Z,2026-08-16T01:21:10+0200,30cb418c-e56a-40a4-8689-fc8db64f26d1,2026-07-23T08:15:00Z,2026-07-23T10:15:00+0200,61232.5581,MW,DE,DE_LU,actual_load,Actual Load,2026-08-15T23:22:55Z
2026-08-15T23:21:10Z,2026-08-16T01:21:10+0200,30cb418c-e56a-40a4-8689-fc8db64f26d1,2026-07-23T08:30:00Z,2026-07-23T10:30:00+0200,61514.93028,MW,DE,DE_LU,actual_load,Actual Load,2026-08-15T23:22:55Z
2026-08-15T23:21:10Z,2026-08-16T01:21:10+0200,30cb418c-e56a-40a4-8689-fc8db64f26d1,2026-07-23T08:45:00Z,2026-07-23T10:45:00+0200,61268.6744,MW,DE,DE_LU,actual_load,Actual Load,2026-08-15T23:22:55Z
2026-08-15T23:21:10Z,2026-08-16T01:21:10+0200,30cb418c-e56a-40a4-8689-fc8db64f26d1,2026-07-23T09:00:00Z,2026-07-23T11:00:00+0200,60976.3485,MW,DE,DE_LU,actual_load,Actual Load,2026-08-15T23:22:55Z
2026-08-15T23:21:10Z,2026-08-16T01:21:10+0200,30cb418c-e56a-40a4-8689-fc8db64f26d1,2026-07-23T09:15:00Z,2026-07-23T11:15:00+0200,60760.87886,MW,DE,DE_LU,actual_load,Actual Load,2026-08-15T23:22:55Z
2026-08-15T23:21:10Z,2026-08-16T01:21:10+0200,30cb418c-e56a-40a4-8689-fc8db64f26d1,2026-07-23T09:30:00Z,2026-07-23T11:30:00+0200,60873.36961,MW,DE,DE_LU,actual_load,Actual Load,2026-08-15T23:22:55Z
2026-08-15T23:21:10Z,2026-08-16T01:21:10+0200,30cb418c-e56a-40a4-8689-fc8db64f26d1,2026-07-23T09:45:00Z,2026-07-23T11:45:00+0200,60100.67896,MW,DE,DE_LU,actual_load,Actual Load,2026-08-15T23:22:55Z
2026-08-15T23:21:10Z,2026-08-16T01:21:10+0200,30cb418c-e56a-40a4-8689-fc8db64f26d1,2026-07-23T10:00:00Z,2026-07-23T12:00:00+0200,59576.98598,MW,DE,DE_LU,actual_load,Actual Load,2026-08-15T23:22:55Z
2026-08-15T23:21:10Z,2026-08-16T01:21:10+0200,30cb418c-e56a-40a4-8689-fc8db64f26d1,2026-07-23T10:15:00Z,2026-07-23T12:15:00+0200,59193.49619,MW,DE,DE_LU,actual_load,Actual Load,2026-08-15T23:22:55Z
2026-08-15T23:21:10Z,2026-08-16T01:21:10+0200,30cb418c-e56a-40a4-8689-fc8db64f26d1,2026-07-23T10:30:00Z,2026-07-23T12:30:00+0200,59259.65998,MW,DE,DE_LU,actual_load,Actual Load,2026-08-15T23:22:55Z
2026-08-15T23:21:10Z,2026-08-16T01:21:10+0200,30cb418c-e56a-40a4-8689-fc8db64f26d1,2026-07-23T10:45:00Z,2026-07-23T12:45:00+0200,58028.81347,MW,DE,DE_LU,actual_load,Actual Load,2026-08-15T23:22:55Z
2026-08-15T23:21:10Z,2026-08-16T01:21:10+0200,30cb418c-e56a-40a4-8689-fc8db64f26d1,2026-07-23T11:00:00Z,2026-07-23T13:00:00+0200,56573.91376,MW,DE,DE_LU,actual_load,Actual Load,2026-08-15T23:22:55Z
2026-08-15T23:21:10Z,2026-08-16T01:21:10+0200,30cb418c-e56a-40a4-8689-fc8db64f26d1,2026-07-23T11:15:00Z,2026-07-23T13:15:00+0200,57303.28581,MW,DE,DE_LU,actual_load,Actual Load,2026-08-15T23:22:55Z
2026-08-15T23:21:10Z,2026-08-16T01:21:10+0200,30cb418c-e56a-40a4-8689-fc8db64f26d1,2026-07-23T11:30:00Z,2026-07-23T13:30:00+0200,56838.71273,MW,DE,DE_LU,actual_load,Actual Load,2026-08-15T23:22:55Z
2026-08-15T23:21:10Z,2026-08-16T01:21:10+0200,30cb418c-e56a-40a4-8689-fc8db64f26d1,2026-07-23T11:45:00Z,2026-07-23T13:45:00+0200,56013.95693,MW,DE,DE_LU,actual_load,Actual Load,2026-08-15T23:22:55Z
2026-08-15T23:21:10Z,2026-08-16T01:21:10+0200,30cb418c-e56a-40a4-8689-fc8db64f26d1,2026-07-23T12:00:00Z,2026-07-23T14:00:00+0200,55845.98384,MW,DE,DE_LU,actual_load,Actual Load,2026-08-15T23:22:55Z
2026-08-15T23:21:10Z,2026-08-16T01:21:10+0200,30cb418c-e56a-40a4-8689-fc8db64f26d1,2026-07-23T12:15:00Z,2026-07-23T14:15:00+0200,55610.70272,MW,DE,DE_LU,actual_load,Actual Load,2026-08-15T23:22:55Z
2026-08-15T23:21:10Z,2026-08-16T01:21:10+0200,30cb418c-e56a-40a4-8689-fc8db64f26d1,2026-07-23T12:30:00Z,2026-07-23T14:30:00+0200,54928.8315,MW,DE,DE_LU,actual_load,Actual Load,2026-08-15T23:22:55Z
2026-08-15T23:21:10Z,2026-08-16T01:21:10+0200,30cb418c-e56a-40a4-8689-fc8db64f26d1,2026-07-23T12:45:00Z,2026-07-23T14:45:00+0200,54389.67196,MW,DE,DE_LU,actual_load,Actual Load,2026-08-15T23:22:55Z
2026-08-15T23:21:10Z,2026-08-16T01:21:10+0200,30cb418c-e56a-40a4-8689-fc8db64f26d1,2026-07-23T13:00:00Z,2026-07-23T15:00:00+0200,54306.66466,MW,DE,DE_LU,actual_load,Actual Load,2026-08-15T23:22:55Z
2026-08-15T23:21:10Z,2026-08-16T01:21:10+0200,30cb418c-e56a-40a4-8689-fc8db64f26d1,2026-07-23T13:15:00Z,2026-07-23T15:15:00+0200,53300.76055,MW,DE,DE_LU,actual_load,Actual Load,2026-08-15T23:22:55Z
2026-08-15T23:21:10Z,2026-08-16T01:21:10+0200,30cb418c-e56a-40a4-8689-fc8db64f26d1,2026-07-23T13:30:00Z,2026-07-23T15:30:00+0200,53036.83645,MW,DE,DE_LU,actual_load,Actual Load,2026-08-15T23:22:55Z
2026-08-15T23:21:10Z,2026-08-16T01:21:10+0200,30cb418c-e56a-40a4-8689-fc8db64f26d1,2026-07-23T13:45:00Z,2026-07-23T15:45:00+0200,52705.34558,MW,DE,DE_LU,actual_load,Actual Load,2026-08-15T23:22:55Z
2026-08-15T23:21:10Z,2026-08-16T01:21:10+0200,30cb418c-e56a-40a4-8689-fc8db64f26d1,2026-07-23T14:00:00Z,2026-07-23T16:00:00+0200,53354.1125,MW,DE,DE_LU,actual_load,Actual Load,2026-08-15T23:22:55Z
2026-08-15T23:21:10Z,2026-08-16T01:21:10+0200,30cb418c-e56a-40a4-8689-fc8db64f26d1,2026-07-23T14:15:00Z,2026-07-23T16:15:00+0200,52671.54329,MW,DE,DE_LU,actual_load,Actual Load,2026-08-15T23:22:55Z
2026-08-15T23:21:10Z,2026-08-16T01:21:10+0200,30cb418c-e56a-40a4-8689-fc8db64f26d1,2026-07-23T14:30:00Z,2026-07-23T16:30:00+0200,52427.69035,MW,DE,DE_LU,actual_load,Actual Load,2026-08-15T23:22:55Z
2026-08-15T23:21:10Z,2026-08-16T01:21:10+0200,30cb418c-e56a-40a4-8689-fc8db64f26d1,2026-07-23T14:45:00Z,2026-07-23T16:45:00+0200,52408.14891,MW,DE,DE_LU,actual_load,Actual Load,2026-08-15T23:22:55Z
2026-08-15T23:21:10Z,2026-08-16T01:21:10+0200,30cb418c-e56a-40a4-8689-fc8db64f26d1,2026-07-23T15:00:00Z,2026-07-23T17:00:00+0200,52288.53865,MW,DE,DE_LU,actual_load,Actual Load,2026-08-15T23:22:55Z
2026-08-15T23:21:10Z,2026-08-16T01:21:10+0200,30cb418c-e56a-40a4-8689-fc8db64f26d1,2026-07-23T15:15:00Z,2026-07-23T17:15:00+0200,52450.31823,MW,DE,DE_LU,actual_load,Actual Load,2026-08-15T23:22:55Z
2026-08-15T23:21:10Z,2026-08-16T01:21:10+0200,30cb418c-e56a-40a4-8689-fc8db64f26d1,2026-07-23T15:30:00Z,2026-07-23T17:30:00+0200,53496.64464,MW,DE,DE_LU,actual_load,Actual Load,2026-08-15T23:22:55Z
2026-08-15T23:21:10Z,2026-08-16T01:21:10+0200,30cb418c-e56a-40a4-8689-fc8db64f26d1,2026-07-23T15:45:00Z,2026-07-23T17:45:00+0200,53872.44673,MW,DE,DE_LU,actual_load,Actual Load,2026-08-15T23:22:55Z
2026-08-15T23:21:10Z,2026-08-16T01:21:10+0200,30cb418c-e56a-40a4-8689-fc8db64f26d1,2026-07-23T16:00:00Z,2026-07-23T18:00:00+0200,55409.97087,MW,DE,DE_LU,actual_load,Actual Load,2026-08-15T23:22:55Z
2026-08-15T23:21:10Z,2026-08-16T01:21:10+0200,30cb418c-e56a-40a4-8689-fc8db64f26d1,2026-07-23T16:15:00Z,2026-07-23T18:15:00+0200,55372.6445,MW,DE,DE_LU,actual_load,Actual Load,2026-08-15T23:22:55Z
2026-08-15T23:21:10Z,2026-08-16T01:21:10+0200,30cb418c-e56a-40a4-8689-fc8db64f26d1,2026-07-23T16:30:00Z,2026-07-23T18:30:00+0200,55984.2568,MW,DE,DE_LU,actual_load,Actual Load,2026-08-15T23:22:55Z
2026-08-15T23:21:10Z,2026-08-16T01:21:10+0200,30cb418c-e56a-40a4-8689-fc8db64f26d1,2026-07-23T16:45:00Z,2026-07-23T18:45:00+0200,56639.22656,MW,DE,DE_LU,actual_load,Actual Load,2026-08-15T23:22:55Z
2026-08-15T23:21:10Z,2026-08-16T01:21:10+0200,30cb418c-e56a-40a4-8689-fc8db64f26d1,2026-07-23T17:00:00Z,2026-07-23T19:00:00+0200,57510.96342,MW,DE,DE_LU,actual_load,Actual Load,2026-08-15T23:22:55Z
2026-08-15T23:21:10Z,2026-08-16T01:21:10+0200,30cb418c-e56a-40a4-8689-fc8db64f26d1,2026-07-23T17:15:00Z,2026-07-23T19:15:00+0200,57425.38244,MW,DE,DE_LU,actual_load,Actual Load,2026-08-15T23:22:55Z
2026-08-15T23:21:10Z,2026-08-16T01:21:10+0200,30cb418c-e56a-40a4-8689-fc8db64f26d1,2026-07-23T17:30:00Z,2026-07-23T19:30:00+0200,57250.72249,MW,DE,DE_LU,actual_load,Actual Load,2026-08-15T23:22:55Z
2026-08-15T23:21:10Z,2026-08-16T01:21:10+0200,30cb418c-e56a-40a4-8689-fc8db64f26d1,2026-07-23T17:45:00Z,2026-07-23T19:45:00+0200,56976.73733,MW,DE,DE_LU,actual_load,Actual Load,2026-08-15T23:22:55Z
2026-08-15T23:21:10Z,2026-08-16T01:21:10+0200,30cb418c-e56a-40a4-8689-fc8db64f26d1,2026-07-23T18:00:00Z,2026-07-23T20:00:00+0200,56557.23912,MW,DE,DE_LU,actual_load,Actual Load,2026-08-15T23:22:55Z
2026-08-15T23:21:10Z,2026-08-16T01:21:10+0200,30cb418c-e56a-40a4-8689-fc8db64f26d1,2026-07-23T18:15:00Z,2026-07-23T20:15:00+0200,55933.04712,MW,DE,DE_LU,actual_load,Actual Load,2026-08-15T23:22:55Z
2026-08-15T23:21:10Z,2026-08-16T01:21:10+0200,30cb418c-e56a-40a4-8689-fc8db64f26d1,2026-07-23T18:30:00Z,2026-07-23T20:30:00+0200,55237.20336,MW,DE,DE_LU,actual_load,Actual Load,2026-08-15T23:22:55Z
2026-08-15T23:21:10Z,2026-08-16T01:21:10+0200,30cb418c-e56a-40a4-8689-fc8db64f26d1,2026-07-23T18:45:00Z,2026-07-23T20:45:00+0200,54755.64097,MW,DE,DE_LU,actual_load,Actual Load,2026-08-15T23:22:55Z
2026-08-15T23:21:10Z,2026-08-16T01:21:10+0200,30cb418c-e56a-40a4-8689-fc8db64f26d1,2026-07-23T19:00:00Z,2026-07-23T21:00:00+0200,53974.74245,MW,DE,DE_LU,actual_load,Actual Load,2026-08-15T23:22:55Z
2026-08-15T23:21:10Z,2026-08-16T01:21:10+0200,30cb418c-e56a-40a4-8689-fc8db64f26d1,2026-07-23T19:15:00Z,2026-07-23T21:15:00+0200,54164.17916,MW,DE,DE_LU,actual_load,Actual Load,2026-08-15T23:22:55Z
2026-08-15T23:21:10Z,2026-08-16T01:21:10+0200,30cb418c-e56a-40a4-8689-fc8db64f26d1,2026-07-23T19:30:00Z,2026-07-23T21:30:00+0200,54302.45593,MW,DE,DE_LU,actual_load,Actual Load,2026-08-15T23:22:55Z
2026-08-15T23:21:10Z,2026-08-16T01:21:10+0200,30cb418c-e56a-40a4-8689-fc8db64f26d1,2026-07-23T19:45:00Z,2026-07-23T21:45:00+0200,53859.91145,MW,DE,DE_LU,actual_load,Actual Load,2026-08-15T23:22:55Z
2026-08-15T23:21:10Z,2026-08-16T01:21:10+0200,30cb418c-e56a-40a4-8689-fc8db64f26d1,2026-07-23T20:00:00Z,2026-07-23T22:00:00+0200,52381.96817,MW,DE,DE_LU,actual_load,Actual Load,2026-08-15T23:22:55Z
2026-08-15T23:21:10Z,2026-08-16T01:21:10+0200,30cb418c-e56a-40a4-8689-fc8db64f26d1,2026-07-23T20:15:00Z,2026-07-23T22:15:00+0200,52318.74368,MW,DE,DE_LU,actual_load,Actual Load,2026-08-15T23:22:55Z
2026-08-15T23:21:10Z,2026-08-16T01:21:10+0200,30cb418c-e56a-40a4-8689-fc8db64f26d1,2026-07-23T20:30:00Z,2026-07-23T22:30:00+0200,51868.17128,MW,DE,DE_LU,actual_load,Actual Load,2026-08-15T23:22:55Z
2026-08-15T23:21:10Z,2026-08-16T01:21:10+0200,30cb418c-e56a-40a4-8689-fc8db64f26d1,2026-07-23T20:45:00Z,2026-07-23T22:45:00+0200,50654.27364,MW,DE,DE_LU,actual_load,Actual Load,2026-08-15T23:22:55Z
2026-08-15T23:21:10Z,2026-08-16T01:21:10+0200,30cb418c-e56a-40a4-8689-fc8db64f26d1,2026-07-23T21:00:00Z,2026-07-23T23:00:00+0200,49376.45223,MW,DE,DE_LU,actual_load,Actual Load,2026-08-15T23:22:55Z
2026-08-15T23:21:10Z,2026-08-16T01:21:10+0200,30cb418c-e56a-40a4-8689-fc8db64f26d1,2026-07-23T21:15:00Z,2026-07-23T23:15:00+0200,49294.77011,MW,DE,DE_LU,actual_load,Actual Load,2026-08-15T23:22:55Z
2026-08-15T23:21:10Z,2026-08-16T01:21:10+0200,30cb418c-e56a-40a4-8689-fc8db64f26d1,2026-07-23T21:30:00Z,2026-07-23T23:30:00+0200,48837.30615,MW,DE,DE_LU,actual_load,Actual Load,2026-08-15T23:22:55Z
2026-08-15T23:21:10Z,2026-08-16T01:21:10+0200,30cb418c-e56a-40a4-8689-fc8db64f26d1,2026-07-23T21:45:00Z,2026-07-23T23:45:00+0200,48149.44875,MW,DE,DE_LU,actual_load,Actual Load,2026-08-15T23:22:55Z
2026-08-15T23:21:10Z,2026-08-16T01:21:10+0200,30cb418c-e56a-40a4-8689-fc8db64f26d1,2026-07-23T22:00:00Z,2026-07-24T00:00:00+0200,47373.51265,MW,DE,DE_LU,actual_load,Actual Load,2026-08-15T23:22:55Z
2026-08-15T23:21:10Z,2026-08-16T01:21:10+0200,30cb418c-e56a-40a4-8689-fc8db64f26d1,2026-07-23T22:15:00Z,2026-07-24T00:15:00+0200,46845.84864,MW,DE,DE_LU,actual_load,Actual Load,2026-08-15T23:22:55Z
2026-08-15T23:21:10Z,2026-08-16T01:21:10+0200,30cb418c-e56a-40a4-8689-fc8db64f26d1,2026-07-23T22:30:00Z,2026-07-24T00:30:00+0200,46724.58979,MW,DE,DE_LU,actual_load,Actual Load,2026-08-15T23:22:55Z
2026-08-15T23:21:10Z,2026-08-16T01:21:10+0200,30cb418c-e56a-40a4-8689-fc8db64f26d1,2026-07-23T22:45:00Z,2026-07-24T00:45:00+0200,46371.48315,MW,DE,DE_LU,actual_load,Actual Load,2026-08-15T23:22:55Z
2026-08-15T23:21:10Z,2026-08-16T01:21:10+0200,30cb418c-e56a-40a4-8689-fc8db64f26d1,2026-07-23T23:00:00Z,2026-07-24T01:00:00+0200,45768.79078,MW,DE,DE_LU,actual_load,Actual Load,2026-08-15T23:22:55Z
2026-08-15T23:21:10Z,2026-08-16T01:21:10+0200,30cb418c-e56a-40a4-8689-fc8db64f26d1,2026-07-23T23:15:00Z,2026-07-24T01:15:00+0200,45492.80595,MW,DE,DE_LU,actual_load,Actual Load,2026-08-15T23:22:55Z
2026-08-15T23:21:10Z,2026-08-16T01:21:10+0200,30cb418c-e56a-40a4-8689-fc8db64f26d1,2026-07-23T23:30:00Z,2026-07-24T01:30:00+0200,44864.88011,MW,DE,DE_LU,actual_load,Actual Load,2026-08-15T23:22:55Z
2026-08-15T23:21:10Z,2026-08-16T01:21:10+0200,30cb418c-e56a-40a4-8689-fc8db64f26d1,2026-07-23T23:45:00Z,2026-07-24T01:45:00+0200,44563.25816,MW,DE,DE_LU,actual_load,Actual Load,2026-08-15T23:22:55Z
2026-08-15T23:21:10Z,2026-08-16T01:21:10+0200,30cb418c-e56a-40a4-8689-fc8db64f26d1,2026-07-24T00:00:00Z,2026-07-24T02:00:00+0200,44449.35141,MW,DE,DE_LU,actual_load,Actual Load,2026-08-15T23:22:55Z
2026-08-15T23:21:10Z,2026-08-16T01:21:10+0200,30cb418c-e56a-40a4-8689-fc8db64f26d1,2026-07-24T00:15:00Z,2026-07-24T02:15:00+0200,44564.23238,MW,DE,DE_LU,actual_load,Actual Load,2026-08-15T23:22:55Z
2026-08-15T23:21:10Z,2026-08-16T01:21:10+0200,30cb418c-e56a-40a4-8689-fc8db64f26d1,2026-07-24T00:30:00Z,2026-07-24T02:30:00+0200,44386.08107,MW,DE,DE_LU,actual_load,Actual Load,2026-08-15T23:22:55Z
2026-08-15T23:21:10Z,2026-08-16T01:21:10+0200,30cb418c-e56a-40a4-8689-fc8db64f26d1,2026-07-24T00:45:00Z,2026-07-24T02:45:00+0200,44715.24589,MW,DE,DE_LU,actual_load,Actual Load,2026-08-15T23:22:55Z
2026-08-15T23:21:10Z,2026-08-16T01:21:10+0200,30cb418c-e56a-40a4-8689-fc8db64f26d1,2026-07-24T01:00:00Z,2026-07-24T03:00:00+0200,44746.61837,MW,DE,DE_LU,actual_load,Actual Load,2026-08-15T23:22:55Z
2026-08-15T23:21:10Z,2026-08-16T01:21:10+0200,30cb418c-e56a-40a4-8689-fc8db64f26d1,2026-07-24T01:15:00Z,2026-07-24T03:15:00+0200,44557.63686,MW,DE,DE_LU,actual_load,Actual Load,2026-08-15T23:22:55Z
2026-08-15T23:21:10Z,2026-08-16T01:21:10+0200,30cb418c-e56a-40a4-8689-fc8db64f26d1,2026-07-24T01:30:00Z,2026-07-24T03:30:00+0200,44498.88459,MW,DE,DE_LU,actual_load,Actual Load,2026-08-15T23:22:55Z
2026-08-15T23:21:10Z,2026-08-16T01:21:10+0200,30cb418c-e56a-40a4-8689-fc8db64f26d1,2026-07-24T01:45:00Z,2026-07-24T03:45:00+0200,45020.4127,MW,DE,DE_LU,actual_load,Actual Load,2026-08-15T23:22:55Z
2026-08-15T23:21:10Z,2026-08-16T01:21:10+0200,30cb418c-e56a-40a4-8689-fc8db64f26d1,2026-07-24T02:00:00Z,2026-07-24T04:00:00+0200,45509.75622,MW,DE,DE_LU,actual_load,Actual Load,2026-08-15T23:22:55Z
2026-08-15T23:21:10Z,2026-08-16T01:21:10+0200,30cb418c-e56a-40a4-8689-fc8db64f26d1,2026-07-24T02:15:00Z,2026-07-24T04:15:00+0200,45615.72216,MW,DE,DE_LU,actual_load,Actual Load,2026-08-15T23:22:55Z
2026-08-15T23:21:10Z,2026-08-16T01:21:10+0200,30cb418c-e56a-40a4-8689-fc8db64f26d1,2026-07-24T02:30:00Z,2026-07-24T04:30:00+0200,45621.11624,MW,DE,DE_LU,actual_load,Actual Load,2026-08-15T23:22:55Z
2026-08-15T23:21:10Z,2026-08-16T01:21:10+0200,30cb418c-e56a-40a4-8689-fc8db64f26d1,2026-07-24T02:45:00Z,2026-07-24T04:45:00+0200,46170.63804,MW,DE,DE_LU,actual_load,Actual Load,2026-08-15T23:22:55Z
2026-08-15T23:21:10Z,2026-08-16T01:21:10+0200,30cb418c-e56a-40a4-8689-fc8db64f26d1,2026-07-24T03:00:00Z,2026-07-24T05:00:00+0200,47415.50643,MW,DE,DE_LU,actual_load,Actual Load,2026-08-15T23:22:55Z
2026-08-15T23:21:10Z,2026-08-16T01:21:10+0200,30cb418c-e56a-40a4-8689-fc8db64f26d1,2026-07-24T03:15:00Z,2026-07-24T05:15:00+0200,47563.55803,MW,DE,DE_LU,actual_load,Actual Load,2026-08-15T23:22:55Z
2026-08-15T23:21:10Z,2026-08-16T01:21:10+0200,30cb418c-e56a-40a4-8689-fc8db64f26d1,2026-07-24T03:30:00Z,2026-07-24T05:30:00+0200,48115.91179,MW,DE,DE_LU,actual_load,Actual Load,2026-08-15T23:22:55Z
2026-08-15T23:21:10Z,2026-08-16T01:21:10+0200,30cb418c-e56a-40a4-8689-fc8db64f26d1,2026-07-24T03:45:00Z,2026-07-24T05:45:00+0200,49304.7148,MW,DE,DE_LU,actual_load,Actual Load,2026-08-15T23:22:55Z
2026-08-15T23:21:10Z,2026-08-16T01:21:10+0200,30cb418c-e56a-40a4-8689-fc8db64f26d1,2026-07-24T04:00:00Z,2026-07-24T06:00:00+0200,51522.71746,MW,DE,DE_LU,actual_load,Actual Load,2026-08-15T23:22:55Z
2026-08-15T23:21:10Z,2026-08-16T01:21:10+0200,30cb418c-e56a-40a4-8689-fc8db64f26d1,2026-07-24T04:15:00Z,2026-07-24T06:15:00+0200,52963.3345,MW,DE,DE_LU,actual_load,Actual Load,2026-08-15T23:22:55Z
2026-08-15T23:21:10Z,2026-08-16T01:21:10+0200,30cb418c-e56a-40a4-8689-fc8db64f26d1,2026-07-24T04:30:00Z,2026-07-24T06:30:00+0200,53835.96599,MW,DE,DE_LU,actual_load,Actual Load,2026-08-15T23:22:55Z
2026-08-15T23:21:10Z,2026-08-16T01:21:10+0200,30cb418c-e56a-40a4-8689-fc8db64f26d1,2026-07-24T04:45:00Z,2026-07-24T06:45:00+0200,54871.80032,MW,DE,DE_LU,actual_load,Actual Load,2026-08-15T23:22:55Z
2026-08-15T23:21:10Z,2026-08-16T01:21:10+0200,30cb418c-e56a-40a4-8689-fc8db64f26d1,2026-07-24T05:00:00Z,2026-07-24T07:00:00+0200,56349.81801,MW,DE,DE_LU,actual_load,Actual Load,2026-08-15T23:22:55Z
2026-08-15T23:21:10Z,2026-08-16T01:21:10+0200,30cb418c-e56a-40a4-8689-fc8db64f26d1,2026-07-24T05:15:00Z,2026-07-24T07:15:00+0200,57420.23715,MW,DE,DE_LU,actual_load,Actual Load,2026-08-15T23:22:55Z
2026-08-15T23:21:10Z,2026-08-16T01:21:10+0200,30cb418c-e56a-40a4-8689-fc8db64f26d1,2026-07-24T05:30:00Z,2026-07-24T07:30:00+0200,58784.81718,MW,DE,DE_LU,actual_load,Actual Load,2026-08-15T23:22:55Z
2026-08-15T23:21:10Z,2026-08-16T01:21:10+0200,30cb418c-e56a-40a4-8689-fc8db64f26d1,2026-07-24T05:45:00Z,2026-07-24T07:45:00+0200,59691.49778,MW,DE,DE_LU,actual_load,Actual Load,2026-08-15T23:22:55Z
2026-08-15T23:21:10Z,2026-08-16T01:21:10+0200,30cb418c-e56a-40a4-8689-fc8db64f26d1,2026-07-24T06:00:00Z,2026-07-24T08:00:00+0200,59944.94189,MW,DE,DE_LU,actual_load,Actual Load,2026-08-15T23:22:55Z
2026-08-15T23:21:10Z,2026-08-16T01:21:10+0200,30cb418c-e56a-40a4-8689-fc8db64f26d1,2026-07-24T06:15:00Z,2026-07-24T08:15:00+0200,60281.01163,MW,DE,DE_LU,actual_load,Actual Load,2026-08-15T23:22:55Z
2026-08-15T23:21:10Z,2026-08-16T01:21:10+0200,30cb418c-e56a-40a4-8689-fc8db64f26d1,2026-07-24T06:30:00Z,2026-07-24T08:30:00+0200,61212.57658,MW,DE,DE_LU,actual_load,Actual Load,2026-08-15T23:22:55Z
2026-08-15T23:21:10Z,2026-08-16T01:21:10+0200,30cb418c-e56a-40a4-8689-fc8db64f26d1,2026-07-24T06:45:00Z,2026-07-24T08:45:00+0200,61404.06223,MW,DE,DE_LU,actual_load,Actual Load,2026-08-15T23:22:55Z
2026-08-15T23:21:10Z,2026-08-16T01:21:10+0200,30cb418c-e56a-40a4-8689-fc8db64f26d1,2026-07-24T07:00:00Z,2026-07-24T09:00:00+0200,59606.65989,MW,DE,DE_LU,actual_load,Actual Load,2026-08-15T23:22:55Z
2026-08-15T23:21:10Z,2026-08-16T01:21:10+0200,30cb418c-e56a-40a4-8689-fc8db64f26d1,2026-07-24T07:15:00Z,2026-07-24T09:15:00+0200,59800.189,MW,DE,DE_LU,actual_load,Actual Load,2026-08-15T23:22:55Z
2026-08-15T23:21:10Z,2026-08-16T01:21:10+0200,30cb418c-e56a-40a4-8689-fc8db64f26d1,2026-07-24T07:30:00Z,2026-07-24T09:30:00+0200,59648.23701,MW,DE,DE_LU,actual_load,Actual Load,2026-08-15T23:22:55Z
2026-08-15T23:21:10Z,2026-08-16T01:21:10+0200,30cb418c-e56a-40a4-8689-fc8db64f26d1,2026-07-24T07:45:00Z,2026-07-24T09:45:00+0200,58876.83884,MW,DE,DE_LU,actual_load,Actual Load,2026-08-15T23:22:55Z
2026-08-15T23:21:10Z,2026-08-16T01:21:10+0200,30cb418c-e56a-40a4-8689-fc8db64f26d1,2026-07-24T08:00:00Z,2026-07-24T10:00:00+0200,58852.55733,MW,DE,DE_LU,actual_load,Actual Load,2026-08-15T23:22:55Z
2026-08-15T23:21:10Z,2026-08-16T01:21:10+0200,30cb418c-e56a-40a4-8689-fc8db64f26d1,2026-07-24T08:15:00Z,2026-07-24T10:15:00+0200,58544.20371,MW,DE,DE_LU,actual_load,Actual Load,2026-08-15T23:22:55Z
2026-08-15T23:21:10Z,2026-08-16T01:21:10+0200,30cb418c-e56a-40a4-8689-fc8db64f26d1,2026-07-24T08:30:00Z,2026-07-24T10:30:00+0200,58239.01943,MW,DE,DE_LU,actual_load,Actual Load,2026-08-15T23:22:55Z
2026-08-15T23:21:10Z,2026-08-16T01:21:10+0200,30cb418c-e56a-40a4-8689-fc8db64f26d1,2026-07-24T08:45:00Z,2026-07-24T10:45:00+0200,58125.05209,MW,DE,DE_LU,actual_load,Actual Load,2026-08-15T23:22:55Z
2026-08-15T23:21:10Z,2026-08-16T01:21:10+0200,30cb418c-e56a-40a4-8689-fc8db64f26d1,2026-07-24T09:00:00Z,2026-07-24T11:00:00+0200,57754.78264,MW,DE,DE_LU,actual_load,Actual Load,2026-08-15T23:22:55Z
2026-08-15T23:21:10Z,2026-08-16T01:21:10+0200,30cb418c-e56a-40a4-8689-fc8db64f26d1,2026-07-24T09:15:00Z,2026-07-24T11:15:00+0200,57390.62203,MW,DE,DE_LU,actual_load,Actual Load,2026-08-15T23:22:55Z
2026-08-15T23:21:10Z,2026-08-16T01:21:10+0200,30cb418c-e56a-40a4-8689-fc8db64f26d1,2026-07-24T09:30:00Z,2026-07-24T11:30:00+0200,57532.91575,MW,DE,DE_LU,actual_load,Actual Load,2026-08-15T23:22:55Z
2026-08-15T23:21:10Z,2026-08-16T01:21:10+0200,30cb418c-e56a-40a4-8689-fc8db64f26d1,2026-07-24T09:45:00Z,2026-07-24T11:45:00+0200,56927.36911,MW,DE,DE_LU,actual_load,Actual Load,2026-08-15T23:22:55Z
2026-08-15T23:21:10Z,2026-08-16T01:21:10+0200,30cb418c-e56a-40a4-8689-fc8db64f26d1,2026-07-24T10:00:00Z,2026-07-24T12:00:00+0200,56399.90833,MW,DE,DE_LU,actual_load,Actual Load,2026-08-15T23:22:55Z
2026-08-15T23:21:10Z,2026-08-16T01:21:10+0200,30cb418c-e56a-40a4-8689-fc8db64f26d1,2026-07-24T10:15:00Z,2026-07-24T12:15:00+0200,56803.3485,MW,DE,DE_LU,actual_load,Actual Load,2026-08-15T23:22:55Z
2026-08-15T23:21:10Z,2026-08-16T01:21:10+0200,30cb418c-e56a-40a4-8689-fc8db64f26d1,2026-07-24T10:30:00Z,2026-07-24T12:30:00+0200,56578.76496,MW,DE,DE_LU,actual_load,Actual Load,2026-08-15T23:22:55Z
2026-08-15T23:21:10Z,2026-08-16T01:21:10+0200,30cb418c-e56a-40a4-8689-fc8db64f26d1,2026-07-24T10:45:00Z,2026-07-24T12:45:00+0200,56496.46763,MW,DE,DE_LU,actual_load,Actual Load,2026-08-15T23:22:55Z
2026-08-15T23:21:10Z,2026-08-16T01:21:10+0200,30cb418c-e56a-40a4-8689-fc8db64f26d1,2026-07-24T11:00:00Z,2026-07-24T13:00:00+0200,55227.67925,MW,DE,DE_LU,actual_load,Actual Load,2026-08-15T23:22:55Z
2026-08-15T23:21:10Z,2026-08-16T01:21:10+0200,30cb418c-e56a-40a4-8689-fc8db64f26d1,2026-07-24T11:15:00Z,2026-07-24T13:15:00+0200,54490.68927,MW,DE,DE_LU,actual_load,Actual Load,2026-08-15T23:22:55Z
2026-08-15T23:21:10Z,2026-08-16T01:21:10+0200,30cb418c-e56a-40a4-8689-fc8db64f26d1,2026-07-24T11:30:00Z,2026-07-24T13:30:00+0200,54546.0856,MW,DE,DE_LU,actual_load,Actual Load,2026-08-15T23:22:55Z
2026-08-15T23:21:10Z,2026-08-16T01:21:10+0200,30cb418c-e56a-40a4-8689-fc8db64f26d1,2026-07-24T11:45:00Z,2026-07-24T13:45:00+0200,54262.0459,MW,DE,DE_LU,actual_load,Actual Load,2026-08-15T23:22:55Z
2026-08-15T23:21:10Z,2026-08-16T01:21:10+0200,30cb418c-e56a-40a4-8689-fc8db64f26d1,2026-07-24T12:00:00Z,2026-07-24T14:00:00+0200,53116.08718,MW,DE,DE_LU,actual_load,Actual Load,2026-08-15T23:22:55Z
2026-08-15T23:21:10Z,2026-08-16T01:21:10+0200,30cb418c-e56a-40a4-8689-fc8db64f26d1,2026-07-24T12:15:00Z,2026-07-24T14:15:00+0200,52712.69021,MW,DE,DE_LU,actual_load,Actual Load,2026-08-15T23:22:55Z
2026-08-15T23:21:10Z,2026-08-16T01:21:10+0200,30cb418c-e56a-40a4-8689-fc8db64f26d1,2026-07-24T12:30:00Z,2026-07-24T14:30:00+0200,52344.02785,MW,DE,DE_LU,actual_load,Actual Load,2026-08-15T23:22:55Z
2026-08-15T23:21:10Z,2026-08-16T01:21:10+0200,30cb418c-e56a-40a4-8689-fc8db64f26d1,2026-07-24T12:45:00Z,2026-07-24T14:45:00+0200,52196.34326,MW,DE,DE_LU,actual_load,Actual Load,2026-08-15T23:22:55Z
2026-08-15T23:21:10Z,2026-08-16T01:21:10+0200,30cb418c-e56a-40a4-8689-fc8db64f26d1,2026-07-24T13:00:00Z,2026-07-24T15:00:00+0200,52404.6563,MW,DE,DE_LU,actual_load,Actual Load,2026-08-15T23:22:55Z
2026-08-15T23:21:10Z,2026-08-16T01:21:10+0200,30cb418c-e56a-40a4-8689-fc8db64f26d1,2026-07-24T13:15:00Z,2026-07-24T15:15:00+0200,51987.62575,MW,DE,DE_LU,actual_load,Actual Load,2026-08-15T23:22:55Z
2026-08-15T23:21:10Z,2026-08-16T01:21:10+0200,30cb418c-e56a-40a4-8689-fc8db64f26d1,2026-07-24T13:30:00Z,2026-07-24T15:30:00+0200,51361.47154,MW,DE,DE_LU,actual_load,Actual Load,2026-08-15T23:22:55Z
2026-08-15T23:21:10Z,2026-08-16T01:21:10+0200,30cb418c-e56a-40a4-8689-fc8db64f26d1,2026-07-24T13:45:00Z,2026-07-24T15:45:00+0200,51185.27566,MW,DE,DE_LU,actual_load,Actual Load,2026-08-15T23:22:55Z
2026-08-15T23:21:10Z,2026-08-16T01:21:10+0200,30cb418c-e56a-40a4-8689-fc8db64f26d1,2026-07-24T14:00:00Z,2026-07-24T16:00:00+0200,51710.47429,MW,DE,DE_LU,actual_load,Actual Load,2026-08-15T23:22:55Z
2026-08-15T23:21:10Z,2026-08-16T01:21:10+0200,30cb418c-e56a-40a4-8689-fc8db64f26d1,2026-07-24T14:15:00Z,2026-07-24T16:15:00+0200,51422.13191,MW,DE,DE_LU,actual_load,Actual Load,2026-08-15T23:22:55Z
2026-08-15T23:21:10Z,2026-08-16T01:21:10+0200,30cb418c-e56a-40a4-8689-fc8db64f26d1,2026-07-24T14:30:00Z,2026-07-24T16:30:00+0200,52048.53607,MW,DE,DE_LU,actual_load,Actual Load,2026-08-15T23:22:55Z
2026-08-15T23:21:10Z,2026-08-16T01:21:10+0200,30cb418c-e56a-40a4-8689-fc8db64f26d1,2026-07-24T14:45:00Z,2026-07-24T16:45:00+0200,52045.43487,MW,DE,DE_LU,actual_load,Actual Load,2026-08-15T23:22:55Z
2026-08-15T23:21:10Z,2026-08-16T01:21:10+0200,30cb418c-e56a-40a4-8689-fc8db64f26d1,2026-07-24T15:00:00Z,2026-07-24T17:00:00+0200,52514.40877,MW,DE,DE_LU,actual_load,Actual Load,2026-08-15T23:22:55Z
2026-08-15T23:21:10Z,2026-08-16T01:21:10+0200,30cb418c-e56a-40a4-8689-fc8db64f26d1,2026-07-24T15:15:00Z,2026-07-24T17:15:00+0200,52250.30286,MW,DE,DE_LU,actual_load,Actual Load,2026-08-15T23:22:55Z
2026-08-15T23:21:10Z,2026-08-16T01:21:10+0200,30cb418c-e56a-40a4-8689-fc8db64f26d1,2026-07-24T15:30:00Z,2026-07-24T17:30:00+0200,53314.55295,MW,DE,DE_LU,actual_load,Actual Load,2026-08-15T23:22:55Z
2026-08-15T23:21:10Z,2026-08-16T01:21:10+0200,30cb418c-e56a-40a4-8689-fc8db64f26d1,2026-07-24T15:45:00Z,2026-07-24T17:45:00+0200,53897.27407,MW,DE,DE_LU,actual_load,Actual Load,2026-08-15T23:22:55Z
2026-08-15T23:21:10Z,2026-08-16T01:21:10+0200,30cb418c-e56a-40a4-8689-fc8db64f26d1,2026-07-24T16:00:00Z,2026-07-24T18:00:00+0200,54624.41608,MW,DE,DE_LU,actual_load,Actual Load,2026-08-15T23:22:55Z
2026-08-15T23:21:10Z,2026-08-16T01:21:10+0200,30cb418c-e56a-40a4-8689-fc8db64f26d1,2026-07-24T16:15:00Z,2026-07-24T18:15:00+0200,54447.62513,MW,DE,DE_LU,actual_load,Actual Load,2026-08-15T23:22:55Z
2026-08-15T23:21:10Z,2026-08-16T01:21:10+0200,30cb418c-e56a-40a4-8689-fc8db64f26d1,2026-07-24T16:30:00Z,2026-07-24T18:30:00+0200,55241.52876,MW,DE,DE_LU,actual_load,Actual Load,2026-08-15T23:22:55Z
2026-08-15T23:21:10Z,2026-08-16T01:21:10+0200,30cb418c-e56a-40a4-8689-fc8db64f26d1,2026-07-24T16:45:00Z,2026-07-24T18:45:00+0200,55574.17869,MW,DE,DE_LU,actual_load,Actual Load,2026-08-15T23:22:55Z
2026-08-15T23:21:10Z,2026-08-16T01:21:10+0200,30cb418c-e56a-40a4-8689-fc8db64f26d1,2026-07-24T17:00:00Z,2026-07-24T19:00:00+0200,56736.93524,MW,DE,DE_LU,actual_load,Actual Load,2026-08-15T23:22:55Z
2026-08-15T23:21:10Z,2026-08-16T01:21:10+0200,30cb418c-e56a-40a4-8689-fc8db64f26d1,2026-07-24T17:15:00Z,2026-07-24T19:15:00+0200,55841.58758,MW,DE,DE_LU,actual_load,Actual Load,2026-08-15T23:22:55Z
2026-08-15T23:21:10Z,2026-08-16T01:21:10+0200,30cb418c-e56a-40a4-8689-fc8db64f26d1,2026-07-24T17:30:00Z,2026-07-24T19:30:00+0200,55742.32246,MW,DE,DE_LU,actual_load,Actual Load,2026-08-15T23:22:55Z
2026-08-15T23:21:10Z,2026-08-16T01:21:10+0200,30cb418c-e56a-40a4-8689-fc8db64f26d1,2026-07-24T17:45:00Z,2026-07-24T19:45:00+0200,55239.09612,MW,DE,DE_LU,actual_load,Actual Load,2026-08-15T23:22:55Z
2026-08-15T23:21:10Z,2026-08-16T01:21:10+0200,30cb418c-e56a-40a4-8689-fc8db64f26d1,2026-07-24T18:00:00Z,2026-07-24T20:00:00+0200,55090.44113,MW,DE,DE_LU,actual_load,Actual Load,2026-08-15T23:22:55Z
2026-08-15T23:21:10Z,2026-08-16T01:21:10+0200,30cb418c-e56a-40a4-8689-fc8db64f26d1,2026-07-24T18:15:00Z,2026-07-24T20:15:00+0200,54326.31194,MW,DE,DE_LU,actual_load,Actual Load,2026-08-15T23:22:55Z
2026-08-15T23:21:10Z,2026-08-16T01:21:10+0200,30cb418c-e56a-40a4-8689-fc8db64f26d1,2026-07-24T18:30:00Z,2026-07-24T20:30:00+0200,53569.33784,MW,DE,DE_LU,actual_load,Actual Load,2026-08-15T23:22:55Z
2026-08-15T23:21:10Z,2026-08-16T01:21:10+0200,30cb418c-e56a-40a4-8689-fc8db64f26d1,2026-07-24T18:45:00Z,2026-07-24T20:45:00+0200,52943.04855,MW,DE,DE_LU,actual_load,Actual Load,2026-08-15T23:22:55Z
2026-08-15T23:21:10Z,2026-08-16T01:21:10+0200,30cb418c-e56a-40a4-8689-fc8db64f26d1,2026-07-24T19:00:00Z,2026-07-24T21:00:00+0200,52018.00785,MW,DE,DE_LU,actual_load,Actual Load,2026-08-15T23:22:55Z
2026-08-15T23:21:10Z,2026-08-16T01:21:10+0200,30cb418c-e56a-40a4-8689-fc8db64f26d1,2026-07-24T19:15:00Z,2026-07-24T21:15:00+0200,52243.83581,MW,DE,DE_LU,actual_load,Actual Load,2026-08-15T23:22:55Z
2026-08-15T23:21:10Z,2026-08-16T01:21:10+0200,30cb418c-e56a-40a4-8689-fc8db64f26d1,2026-07-24T19:30:00Z,2026-07-24T21:30:00+0200,51839.38897,MW,DE,DE_LU,actual_load,Actual Load,2026-08-15T23:22:55Z
2026-08-15T23:21:10Z,2026-08-16T01:21:10+0200,30cb418c-e56a-40a4-8689-fc8db64f26d1,2026-07-24T19:45:00Z,2026-07-24T21:45:00+0200,51951.26566,MW,DE,DE_LU,actual_load,Actual Load,2026-08-15T23:22:55Z
2026-08-15T23:21:10Z,2026-08-16T01:21:10+0200,30cb418c-e56a-40a4-8689-fc8db64f26d1,2026-07-24T20:00:00Z,2026-07-24T22:00:00+0200,50125.84096,MW,DE,DE_LU,actual_load,Actual Load,2026-08-15T23:22:55Z
2026-08-15T23:21:10Z,2026-08-16T01:21:10+0200,30cb418c-e56a-40a4-8689-fc8db64f26d1,2026-07-24T20:15:00Z,2026-07-24T22:15:00+0200,50092.94998,MW,DE,DE_LU,actual_load,Actual Load,2026-08-15T23:22:55Z
2026-08-15T23:21:10Z,2026-08-16T01:21:10+0200,30cb418c-e56a-40a4-8689-fc8db64f26d1,2026-07-24T20:30:00Z,2026-07-24T22:30:00+0200,49564.28874,MW,DE,DE_LU,actual_load,Actual Load,2026-08-15T23:22:55Z
2026-08-15T23:21:10Z,2026-08-16T01:21:10+0200,30cb418c-e56a-40a4-8689-fc8db64f26d1,2026-07-24T20:45:00Z,2026-07-24T22:45:00+0200,49118.68352,MW,DE,DE_LU,actual_load,Actual Load,2026-08-15T23:22:55Z
2026-08-15T23:21:10Z,2026-08-16T01:21:10+0200,30cb418c-e56a-40a4-8689-fc8db64f26d1,2026-07-24T21:00:00Z,2026-07-24T23:00:00+0200,47492.58269,MW,DE,DE_LU,actual_load,Actual Load,2026-08-15T23:22:55Z
2026-08-15T23:21:10Z,2026-08-16T01:21:10+0200,30cb418c-e56a-40a4-8689-fc8db64f26d1,2026-07-24T21:15:00Z,2026-07-24T23:15:00+0200,47182.76695,MW,DE,DE_LU,actual_load,Actual Load,2026-08-15T23:22:55Z
2026-08-15T23:21:10Z,2026-08-16T01:21:10+0200,30cb418c-e56a-40a4-8689-fc8db64f26d1,2026-07-24T21:30:00Z,2026-07-24T23:30:00+0200,46640.09821,MW,DE,DE_LU,actual_load,Actual Load,2026-08-15T23:22:55Z
2026-08-15T23:21:10Z,2026-08-16T01:21:10+0200,30cb418c-e56a-40a4-8689-fc8db64f26d1,2026-07-24T21:45:00Z,2026-07-24T23:45:00+0200,45806.83839,MW,DE,DE_LU,actual_load,Actual Load,2026-08-15T23:22:55Z
2026-08-15T23:21:10Z,2026-08-16T01:21:10+0200,30cb418c-e56a-40a4-8689-fc8db64f26d1,2026-07-24T22:00:00Z,2026-07-25T00:00:00+0200,45130.79754,MW,DE,DE_LU,actual_load,Actual Load,2026-08-15T23:22:55Z
2026-08-15T23:21:10Z,2026-08-16T01:21:10+0200,30cb418c-e56a-40a4-8689-fc8db64f26d1,2026-07-24T22:15:00Z,2026-07-25T00:15:00+0200,45124.23603,MW,DE,DE_LU,actual_load,Actual Load,2026-08-15T23:22:55Z
2026-08-15T23:21:10Z,2026-08-16T01:21:10+0200,30cb418c-e56a-40a4-8689-fc8db64f26d1,2026-07-24T22:30:00Z,2026-07-25T00:30:00+0200,44981.47441,MW,DE,DE_LU,actual_load,Actual Load,2026-08-15T23:22:55Z
2026-08-15T23:21:10Z,2026-08-16T01:21:10+0200,30cb418c-e56a-40a4-8689-fc8db64f26d1,2026-07-24T22:45:00Z,2026-07-25T00:45:00+0200,44754.91678,MW,DE,DE_LU,actual_load,Actual Load,2026-08-15T23:22:55Z
2026-08-15T23:21:10Z,2026-08-16T01:21:10+0200,30cb418c-e56a-40a4-8689-fc8db64f26d1,2026-07-24T23:00:00Z,2026-07-25T01:00:00+0200,43887.22162,MW,DE,DE_LU,actual_load,Actual Load,2026-08-15T23:22:55Z
2026-08-15T23:21:10Z,2026-08-16T01:21:10+0200,30cb418c-e56a-40a4-8689-fc8db64f26d1,2026-07-24T23:15:00Z,2026-07-25T01:15:00+0200,43547.18982,MW,DE,DE_LU,actual_load,Actual Load,2026-08-15T23:22:55Z
2026-08-15T23:21:10Z,2026-08-16T01:21:10+0200,30cb418c-e56a-40a4-8689-fc8db64f26d1,2026-07-24T23:30:00Z,2026-07-25T01:30:00+0200,43111.31001,MW,DE,DE_LU,actual_load,Actual Load,2026-08-15T23:22:55Z
2026-08-15T23:21:10Z,2026-08-16T01:21:10+0200,30cb418c-e56a-40a4-8689-fc8db64f26d1,2026-07-24T23:45:00Z,2026-07-25T01:45:00+0200,42454.89959,MW,DE,DE_LU,actual_load,Actual Load,2026-08-15T23:22:55Z
2026-08-15T23:21:10Z,2026-08-16T01:21:10+0200,30cb418c-e56a-40a4-8689-fc8db64f26d1,2026-07-25T00:00:00Z,2026-07-25T02:00:00+0200,42195.27466,MW,DE,DE_LU,actual_load,Actual Load,2026-08-15T23:22:55Z
2026-08-15T23:21:10Z,2026-08-16T01:21:10+0200,30cb418c-e56a-40a4-8689-fc8db64f26d1,2026-07-25T00:15:00Z,2026-07-25T02:15:00+0200,42178.05347,MW,DE,DE_LU,actual_load,Actual Load,2026-08-15T23:22:55Z
2026-08-15T23:21:10Z,2026-08-16T01:21:10+0200,30cb418c-e56a-40a4-8689-fc8db64f26d1,2026-07-25T00:30:00Z,2026-07-25T02:30:00+0200,42280.17025,MW,DE,DE_LU,actual_load,Actual Load,2026-08-15T23:22:55Z
2026-08-15T23:21:10Z,2026-08-16T01:21:10+0200,30cb418c-e56a-40a4-8689-fc8db64f26d1,2026-07-25T00:45:00Z,2026-07-25T02:45:00+0200,42556.62979,MW,DE,DE_LU,actual_load,Actual Load,2026-08-15T23:22:55Z
2026-08-15T23:21:10Z,2026-08-16T01:21:10+0200,30cb418c-e56a-40a4-8689-fc8db64f26d1,2026-07-25T01:00:00Z,2026-07-25T03:00:00+0200,42075.1645,MW,DE,DE_LU,actual_load,Actual Load,2026-08-15T23:22:55Z
2026-08-15T23:21:10Z,2026-08-16T01:21:10+0200,30cb418c-e56a-40a4-8689-fc8db64f26d1,2026-07-25T01:15:00Z,2026-07-25T03:15:00+0200,41975.24443,MW,DE,DE_LU,actual_load,Actual Load,2026-08-15T23:22:55Z
2026-08-15T23:21:10Z,2026-08-16T01:21:10+0200,30cb418c-e56a-40a4-8689-fc8db64f26d1,2026-07-25T01:30:00Z,2026-07-25T03:30:00+0200,41907.19015,MW,DE,DE_LU,actual_load,Actual Load,2026-08-15T23:22:55Z
2026-08-15T23:21:10Z,2026-08-16T01:21:10+0200,30cb418c-e56a-40a4-8689-fc8db64f26d1,2026-07-25T01:45:00Z,2026-07-25T03:45:00+0200,41998.2829,MW,DE,DE_LU,actual_load,Actual Load,2026-08-15T23:22:55Z
2026-08-15T23:21:10Z,2026-08-16T01:21:10+0200,30cb418c-e56a-40a4-8689-fc8db64f26d1,2026-07-25T02:00:00Z,2026-07-25T04:00:00+0200,41543.43832,MW,DE,DE_LU,actual_load,Actual Load,2026-08-15T23:22:55Z
2026-08-15T23:21:10Z,2026-08-16T01:21:10+0200,30cb418c-e56a-40a4-8689-fc8db64f26d1,2026-07-25T02:15:00Z,2026-07-25T04:15:00+0200,41331.73121,MW,DE,DE_LU,actual_load,Actual Load,2026-08-15T23:22:55Z
2026-08-15T23:21:10Z,2026-08-16T01:21:10+0200,30cb418c-e56a-40a4-8689-fc8db64f26d1,2026-07-25T02:30:00Z,2026-07-25T04:30:00+0200,41295.7669,MW,DE,DE_LU,actual_load,Actual Load,2026-08-15T23:22:55Z
2026-08-15T23:21:10Z,2026-08-16T01:21:10+0200,30cb418c-e56a-40a4-8689-fc8db64f26d1,2026-07-25T02:45:00Z,2026-07-25T04:45:00+0200,41436.06392,MW,DE,DE_LU,actual_load,Actual Load,2026-08-15T23:22:55Z
2026-08-15T23:21:10Z,2026-08-16T01:21:10+0200,30cb418c-e56a-40a4-8689-fc8db64f26d1,2026-07-25T03:00:00Z,2026-07-25T05:00:00+0200,41851.64945,MW,DE,DE_LU,actual_load,Actual Load,2026-08-15T23:22:55Z
2026-08-15T23:21:10Z,2026-08-16T01:21:10+0200,30cb418c-e56a-40a4-8689-fc8db64f26d1,2026-07-25T03:15:00Z,2026-07-25T05:15:00+0200,41676.45239,MW,DE,DE_LU,actual_load,Actual Load,2026-08-15T23:22:55Z
2026-08-15T23:21:10Z,2026-08-16T01:21:10+0200,30cb418c-e56a-40a4-8689-fc8db64f26d1,2026-07-25T03:30:00Z,2026-07-25T05:30:00+0200,41402.81089,MW,DE,DE_LU,actual_load,Actual Load,2026-08-15T23:22:55Z
2026-08-15T23:21:10Z,2026-08-16T01:21:10+0200,30cb418c-e56a-40a4-8689-fc8db64f26d1,2026-07-25T03:45:00Z,2026-07-25T05:45:00+0200,41528.97051,MW,DE,DE_LU,actual_load,Actual Load,2026-08-15T23:22:55Z
2026-08-15T23:21:10Z,2026-08-16T01:21:10+0200,30cb418c-e56a-40a4-8689-fc8db64f26d1,2026-07-25T04:00:00Z,2026-07-25T06:00:00+0200,42344.03386,MW,DE,DE_LU,actual_load,Actual Load,2026-08-15T23:22:55Z
2026-08-15T23:21:10Z,2026-08-16T01:21:10+0200,30cb418c-e56a-40a4-8689-fc8db64f26d1,2026-07-25T04:15:00Z,2026-07-25T06:15:00+0200,42541.3736,MW,DE,DE_LU,actual_load,Actual Load,2026-08-15T23:22:55Z
2026-08-15T23:21:10Z,2026-08-16T01:21:10+0200,30cb418c-e56a-40a4-8689-fc8db64f26d1,2026-07-25T04:30:00Z,2026-07-25T06:30:00+0200,43093.12877,MW,DE,DE_LU,actual_load,Actual Load,2026-08-15T23:22:55Z
2026-08-15T23:21:10Z,2026-08-16T01:21:10+0200,30cb418c-e56a-40a4-8689-fc8db64f26d1,2026-07-25T04:45:00Z,2026-07-25T06:45:00+0200,43732.53924,MW,DE,DE_LU,actual_load,Actual Load,2026-08-15T23:22:55Z
2026-08-15T23:21:10Z,2026-08-16T01:21:10+0200,30cb418c-e56a-40a4-8689-fc8db64f26d1,2026-07-25T05:00:00Z,2026-07-25T07:00:00+0200,44064.37742,MW,DE,DE_LU,actual_load,Actual Load,2026-08-15T23:22:55Z
2026-08-15T23:21:10Z,2026-08-16T01:21:10+0200,30cb418c-e56a-40a4-8689-fc8db64f26d1,2026-07-25T05:15:00Z,2026-07-25T07:15:00+0200,44899.94572,MW,DE,DE_LU,actual_load,Actual Load,2026-08-15T23:22:55Z
2026-08-15T23:21:10Z,2026-08-16T01:21:10+0200,30cb418c-e56a-40a4-8689-fc8db64f26d1,2026-07-25T05:30:00Z,2026-07-25T07:30:00+0200,45313.65239,MW,DE,DE_LU,actual_load,Actual Load,2026-08-15T23:22:55Z
2026-08-15T23:21:10Z,2026-08-16T01:21:10+0200,30cb418c-e56a-40a4-8689-fc8db64f26d1,2026-07-25T05:45:00Z,2026-07-25T07:45:00+0200,46287.13439,MW,DE,DE_LU,actual_load,Actual Load,2026-08-15T23:22:55Z
2026-08-15T23:21:10Z,2026-08-16T01:21:10+0200,30cb418c-e56a-40a4-8689-fc8db64f26d1,2026-07-25T06:00:00Z,2026-07-25T08:00:00+0200,45692.45975,MW,DE,DE_LU,actual_load,Actual Load,2026-08-15T23:22:55Z
2026-08-15T23:21:10Z,2026-08-16T01:21:10+0200,30cb418c-e56a-40a4-8689-fc8db64f26d1,2026-07-25T06:15:00Z,2026-07-25T08:15:00+0200,46399.1571,MW,DE,DE_LU,actual_load,Actual Load,2026-08-15T23:22:55Z
2026-08-15T23:21:10Z,2026-08-16T01:21:10+0200,30cb418c-e56a-40a4-8689-fc8db64f26d1,2026-07-25T06:30:00Z,2026-07-25T08:30:00+0200,46868.50063,MW,DE,DE_LU,actual_load,Actual Load,2026-08-15T23:22:55Z
2026-08-15T23:21:10Z,2026-08-16T01:21:10+0200,30cb418c-e56a-40a4-8689-fc8db64f26d1,2026-07-25T06:45:00Z,2026-07-25T08:45:00+0200,47552.98265,MW,DE,DE_LU,actual_load,Actual Load,2026-08-15T23:22:55Z
2026-08-15T23:21:10Z,2026-08-16T01:21:10+0200,30cb418c-e56a-40a4-8689-fc8db64f26d1,2026-07-25T07:00:00Z,2026-07-25T09:00:00+0200,47345.25974,MW,DE,DE_LU,actual_load,Actual Load,2026-08-15T23:22:55Z
2026-08-15T23:21:10Z,2026-08-16T01:21:10+0200,30cb418c-e56a-40a4-8689-fc8db64f26d1,2026-07-25T07:15:00Z,2026-07-25T09:15:00+0200,47332.79155,MW,DE,DE_LU,actual_load,Actual Load,2026-08-15T23:22:55Z
2026-08-15T23:21:10Z,2026-08-16T01:21:10+0200,30cb418c-e56a-40a4-8689-fc8db64f26d1,2026-07-25T07:30:00Z,2026-07-25T09:30:00+0200,47268.50254,MW,DE,DE_LU,actual_load,Actual Load,2026-08-15T23:22:55Z
2026-08-15T23:21:10Z,2026-08-16T01:21:10+0200,30cb418c-e56a-40a4-8689-fc8db64f26d1,2026-07-25T07:45:00Z,2026-07-25T09:45:00+0200,47447.54517,MW,DE,DE_LU,actual_load,Actual Load,2026-08-15T23:22:55Z
2026-08-15T23:21:10Z,2026-08-16T01:21:10+0200,30cb418c-e56a-40a4-8689-fc8db64f26d1,2026-07-25T08:00:00Z,2026-07-25T10:00:00+0200,47938.8626,MW,DE,DE_LU,actual_load,Actual Load,2026-08-15T23:22:55Z
2026-08-15T23:21:10Z,2026-08-16T01:21:10+0200,30cb418c-e56a-40a4-8689-fc8db64f26d1,2026-07-25T08:15:00Z,2026-07-25T10:15:00+0200,48261.74779,MW,DE,DE_LU,actual_load,Actual Load,2026-08-15T23:22:55Z
2026-08-15T23:21:10Z,2026-08-16T01:21:10+0200,30cb418c-e56a-40a4-8689-fc8db64f26d1,2026-07-25T08:30:00Z,2026-07-25T10:30:00+0200,48187.47132,MW,DE,DE_LU,actual_load,Actual Load,2026-08-15T23:22:55Z
2026-08-15T23:21:10Z,2026-08-16T01:21:10+0200,30cb418c-e56a-40a4-8689-fc8db64f26d1,2026-07-25T08:45:00Z,2026-07-25T10:45:00+0200,48053.04606,MW,DE,DE_LU,actual_load,Actual Load,2026-08-15T23:22:55Z
2026-08-15T23:21:10Z,2026-08-16T01:21:10+0200,30cb418c-e56a-40a4-8689-fc8db64f26d1,2026-07-25T09:00:00Z,2026-07-25T11:00:00+0200,48022.90483,MW,DE,DE_LU,actual_load,Actual Load,2026-08-15T23:22:55Z
2026-08-15T23:21:10Z,2026-08-16T01:21:10+0200,30cb418c-e56a-40a4-8689-fc8db64f26d1,2026-07-25T09:15:00Z,2026-07-25T11:15:00+0200,48001.28352,MW,DE,DE_LU,actual_load,Actual Load,2026-08-15T23:22:55Z
2026-08-15T23:21:10Z,2026-08-16T01:21:10+0200,30cb418c-e56a-40a4-8689-fc8db64f26d1,2026-07-25T09:30:00Z,2026-07-25T11:30:00+0200,47851.80505,MW,DE,DE_LU,actual_load,Actual Load,2026-08-15T23:22:55Z
2026-08-15T23:21:10Z,2026-08-16T01:21:10+0200,30cb418c-e56a-40a4-8689-fc8db64f26d1,2026-07-25T09:45:00Z,2026-07-25T11:45:00+0200,47534.37454,MW,DE,DE_LU,actual_load,Actual Load,2026-08-15T23:22:55Z
2026-08-15T23:21:10Z,2026-08-16T01:21:10+0200,30cb418c-e56a-40a4-8689-fc8db64f26d1,2026-07-25T10:00:00Z,2026-07-25T12:00:00+0200,47182.03632,MW,DE,DE_LU,actual_load,Actual Load,2026-08-15T23:22:55Z
2026-08-15T23:21:10Z,2026-08-16T01:21:10+0200,30cb418c-e56a-40a4-8689-fc8db64f26d1,2026-07-25T10:15:00Z,2026-07-25T12:15:00+0200,46715.3932,MW,DE,DE_LU,actual_load,Actual Load,2026-08-15T23:22:55Z
2026-08-15T23:21:10Z,2026-08-16T01:21:10+0200,30cb418c-e56a-40a4-8689-fc8db64f26d1,2026-07-25T10:30:00Z,2026-07-25T12:30:00+0200,46428.34875,MW,DE,DE_LU,actual_load,Actual Load,2026-08-15T23:22:55Z
2026-08-15T23:21:10Z,2026-08-16T01:21:10+0200,30cb418c-e56a-40a4-8689-fc8db64f26d1,2026-07-25T10:45:00Z,2026-07-25T12:45:00+0200,46424.07062,MW,DE,DE_LU,actual_load,Actual Load,2026-08-15T23:22:55Z
2026-08-15T23:21:10Z,2026-08-16T01:21:10+0200,30cb418c-e56a-40a4-8689-fc8db64f26d1,2026-07-25T11:00:00Z,2026-07-25T13:00:00+0200,46137.39038,MW,DE,DE_LU,actual_load,Actual Load,2026-08-15T23:22:55Z
2026-08-15T23:21:10Z,2026-08-16T01:21:10+0200,30cb418c-e56a-40a4-8689-fc8db64f26d1,2026-07-25T11:15:00Z,2026-07-25T13:15:00+0200,45872.21847,MW,DE,DE_LU,actual_load,Actual Load,2026-08-15T23:22:55Z
2026-08-15T23:21:10Z,2026-08-16T01:21:10+0200,30cb418c-e56a-40a4-8689-fc8db64f26d1,2026-07-25T11:30:00Z,2026-07-25T13:30:00+0200,46115.16002,MW,DE,DE_LU,actual_load,Actual Load,2026-08-15T23:22:55Z
2026-08-15T23:21:10Z,2026-08-16T01:21:10+0200,30cb418c-e56a-40a4-8689-fc8db64f26d1,2026-07-25T11:45:00Z,2026-07-25T13:45:00+0200,45850.07609,MW,DE,DE_LU,actual_load,Actual Load,2026-08-15T23:22:55Z
2026-08-15T23:21:10Z,2026-08-16T01:21:10+0200,30cb418c-e56a-40a4-8689-fc8db64f26d1,2026-07-25T12:00:00Z,2026-07-25T14:00:00+0200,45599.19563,MW,DE,DE_LU,actual_load,Actual Load,2026-08-15T23:22:55Z
2026-08-15T23:21:10Z,2026-08-16T01:21:10+0200,30cb418c-e56a-40a4-8689-fc8db64f26d1,2026-07-25T12:15:00Z,2026-07-25T14:15:00+0200,44929.45171,MW,DE,DE_LU,actual_load,Actual Load,2026-08-15T23:22:55Z
2026-08-15T23:21:10Z,2026-08-16T01:21:10+0200,30cb418c-e56a-40a4-8689-fc8db64f26d1,2026-07-25T12:30:00Z,2026-07-25T14:30:00+0200,44705.15905,MW,DE,DE_LU,actual_load,Actual Load,2026-08-15T23:22:55Z
2026-08-15T23:21:10Z,2026-08-16T01:21:10+0200,30cb418c-e56a-40a4-8689-fc8db64f26d1,2026-07-25T12:45:00Z,2026-07-25T14:45:00+0200,45018.67031,MW,DE,DE_LU,actual_load,Actual Load,2026-08-15T23:22:55Z
2026-08-15T23:21:10Z,2026-08-16T01:21:10+0200,30cb418c-e56a-40a4-8689-fc8db64f26d1,2026-07-25T13:00:00Z,2026-07-25T15:00:00+0200,44562.73225,MW,DE,DE_LU,actual_load,Actual Load,2026-08-15T23:22:55Z
2026-08-15T23:21:10Z,2026-08-16T01:21:10+0200,30cb418c-e56a-40a4-8689-fc8db64f26d1,2026-07-25T13:15:00Z,2026-07-25T15:15:00+0200,44862.17817,MW,DE,DE_LU,actual_load,Actual Load,2026-08-15T23:22:55Z
2026-08-15T23:21:10Z,2026-08-16T01:21:10+0200,30cb418c-e56a-40a4-8689-fc8db64f26d1,2026-07-25T13:30:00Z,2026-07-25T15:30:00+0200,45004.51318,MW,DE,DE_LU,actual_load,Actual Load,2026-08-15T23:22:55Z
2026-08-15T23:21:10Z,2026-08-16T01:21:10+0200,30cb418c-e56a-40a4-8689-fc8db64f26d1,2026-07-25T13:45:00Z,2026-07-25T15:45:00+0200,44614.91337,MW,DE,DE_LU,actual_load,Actual Load,2026-08-15T23:22:55Z
2026-08-15T23:21:10Z,2026-08-16T01:21:10+0200,30cb418c-e56a-40a4-8689-fc8db64f26d1,2026-07-25T14:00:00Z,2026-07-25T16:00:00+0200,45125.56203,MW,DE,DE_LU,actual_load,Actual Load,2026-08-15T23:22:55Z
2026-08-15T23:21:10Z,2026-08-16T01:21:10+0200,30cb418c-e56a-40a4-8689-fc8db64f26d1,2026-07-25T14:15:00Z,2026-07-25T16:15:00+0200,44908.39617,MW,DE,DE_LU,actual_load,Actual Load,2026-08-15T23:22:55Z
2026-08-15T23:21:10Z,2026-08-16T01:21:10+0200,30cb418c-e56a-40a4-8689-fc8db64f26d1,2026-07-25T14:30:00Z,2026-07-25T16:30:00+0200,44784.34437,MW,DE,DE_LU,actual_load,Actual Load,2026-08-15T23:22:55Z
2026-08-15T23:21:10Z,2026-08-16T01:21:10+0200,30cb418c-e56a-40a4-8689-fc8db64f26d1,2026-07-25T14:45:00Z,2026-07-25T16:45:00+0200,45358.88157,MW,DE,DE_LU,actual_load,Actual Load,2026-08-15T23:22:55Z
2026-08-15T23:21:10Z,2026-08-16T01:21:10+0200,30cb418c-e56a-40a4-8689-fc8db64f26d1,2026-07-25T15:00:00Z,2026-07-25T17:00:00+0200,45189.97146,MW,DE,DE_LU,actual_load,Actual Load,2026-08-15T23:22:55Z
2026-08-15T23:21:10Z,2026-08-16T01:21:10+0200,30cb418c-e56a-40a4-8689-fc8db64f26d1,2026-07-25T15:15:00Z,2026-07-25T17:15:00+0200,45465.57253,MW,DE,DE_LU,actual_load,Actual Load,2026-08-15T23:22:55Z
2026-08-15T23:21:10Z,2026-08-16T01:21:10+0200,30cb418c-e56a-40a4-8689-fc8db64f26d1,2026-07-25T15:30:00Z,2026-07-25T17:30:00+0200,45910.92751,MW,DE,DE_LU,actual_load,Actual Load,2026-08-15T23:22:55Z
2026-08-15T23:21:10Z,2026-08-16T01:21:10+0200,30cb418c-e56a-40a4-8689-fc8db64f26d1,2026-07-25T15:45:00Z,2026-07-25T17:45:00+0200,46077.47831,MW,DE,DE_LU,actual_load,Actual Load,2026-08-15T23:22:55Z
2026-08-15T23:21:10Z,2026-08-16T01:21:10+0200,30cb418c-e56a-40a4-8689-fc8db64f26d1,2026-07-25T16:00:00Z,2026-07-25T18:00:00+0200,46791.53706,MW,DE,DE_LU,actual_load,Actual Load,2026-08-15T23:22:55Z
2026-08-15T23:21:10Z,2026-08-16T01:21:10+0200,30cb418c-e56a-40a4-8689-fc8db64f26d1,2026-07-25T16:15:00Z,2026-07-25T18:15:00+0200,47379.99215,MW,DE,DE_LU,actual_load,Actual Load,2026-08-15T23:22:55Z
2026-08-15T23:21:10Z,2026-08-16T01:21:10+0200,30cb418c-e56a-40a4-8689-fc8db64f26d1,2026-07-25T16:30:00Z,2026-07-25T18:30:00+0200,47969.40007,MW,DE,DE_LU,actual_load,Actual Load,2026-08-15T23:22:55Z
2026-08-15T23:21:10Z,2026-08-16T01:21:10+0200,30cb418c-e56a-40a4-8689-fc8db64f26d1,2026-07-25T16:45:00Z,2026-07-25T18:45:00+0200,48276.80604,MW,DE,DE_LU,actual_load,Actual Load,2026-08-15T23:22:55Z
2026-08-15T23:21:10Z,2026-08-16T01:21:10+0200,30cb418c-e56a-40a4-8689-fc8db64f26d1,2026-07-25T17:00:00Z,2026-07-25T19:00:00+0200,48840.91695,MW,DE,DE_LU,actual_load,Actual Load,2026-08-15T23:22:55Z
2026-08-15T23:21:10Z,2026-08-16T01:21:10+0200,30cb418c-e56a-40a4-8689-fc8db64f26d1,2026-07-25T17:15:00Z,2026-07-25T19:15:00+0200,48468.0674,MW,DE,DE_LU,actual_load,Actual Load,2026-08-15T23:22:55Z
2026-08-15T23:21:10Z,2026-08-16T01:21:10+0200,30cb418c-e56a-40a4-8689-fc8db64f26d1,2026-07-25T17:30:00Z,2026-07-25T19:30:00+0200,48612.86468,MW,DE,DE_LU,actual_load,Actual Load,2026-08-15T23:22:55Z
2026-08-15T23:21:10Z,2026-08-16T01:21:10+0200,30cb418c-e56a-40a4-8689-fc8db64f26d1,2026-07-25T17:45:00Z,2026-07-25T19:45:00+0200,48812.84851,MW,DE,DE_LU,actual_load,Actual Load,2026-08-15T23:22:55Z
2026-08-15T23:21:10Z,2026-08-16T01:21:10+0200,30cb418c-e56a-40a4-8689-fc8db64f26d1,2026-07-25T18:00:00Z,2026-07-25T20:00:00+0200,49250.18937,MW,DE,DE_LU,actual_load,Actual Load,2026-08-15T23:22:55Z
2026-08-15T23:21:10Z,2026-08-16T01:21:10+0200,30cb418c-e56a-40a4-8689-fc8db64f26d1,2026-07-25T18:15:00Z,2026-07-25T20:15:00+0200,48247.29356,MW,DE,DE_LU,actual_load,Actual Load,2026-08-15T23:22:55Z
2026-08-15T23:21:10Z,2026-08-16T01:21:10+0200,30cb418c-e56a-40a4-8689-fc8db64f26d1,2026-07-25T18:30:00Z,2026-07-25T20:30:00+0200,47735.50886,MW,DE,DE_LU,actual_load,Actual Load,2026-08-15T23:22:55Z
2026-08-15T23:21:10Z,2026-08-16T01:21:10+0200,30cb418c-e56a-40a4-8689-fc8db64f26d1,2026-07-25T18:45:00Z,2026-07-25T20:45:00+0200,46930.82384,MW,DE,DE_LU,actual_load,Actual Load,2026-08-15T23:22:55Z
2026-08-15T23:21:10Z,2026-08-16T01:21:10+0200,30cb418c-e56a-40a4-8689-fc8db64f26d1,2026-07-25T19:00:00Z,2026-07-25T21:00:00+0200,45454.66113,MW,DE,DE_LU,actual_load,Actual Load,2026-08-15T23:22:55Z
2026-08-15T23:21:10Z,2026-08-16T01:21:10+0200,30cb418c-e56a-40a4-8689-fc8db64f26d1,2026-07-25T19:15:00Z,2026-07-25T21:15:00+0200,45613.3252,MW,DE,DE_LU,actual_load,Actual Load,2026-08-15T23:22:55Z
2026-08-15T23:21:10Z,2026-08-16T01:21:10+0200,30cb418c-e56a-40a4-8689-fc8db64f26d1,2026-07-25T19:30:00Z,2026-07-25T21:30:00+0200,45527.09272,MW,DE,DE_LU,actual_load,Actual Load,2026-08-15T23:22:55Z
2026-08-15T23:21:10Z,2026-08-16T01:21:10+0200,30cb418c-e56a-40a4-8689-fc8db64f26d1,2026-07-25T19:45:00Z,2026-07-25T21:45:00+0200,45607.84778,MW,DE,DE_LU,actual_load,Actual Load,2026-08-15T23:22:55Z
2026-08-15T23:21:10Z,2026-08-16T01:21:10+0200,30cb418c-e56a-40a4-8689-fc8db64f26d1,2026-07-25T20:00:00Z,2026-07-25T22:00:00+0200,44960.24478,MW,DE,DE_LU,actual_load,Actual Load,2026-08-15T23:22:55Z
2026-08-15T23:21:10Z,2026-08-16T01:21:10+0200,30cb418c-e56a-40a4-8689-fc8db64f26d1,2026-07-25T20:15:00Z,2026-07-25T22:15:00+0200,44758.93772,MW,DE,DE_LU,actual_load,Actual Load,2026-08-15T23:22:55Z
2026-08-15T23:21:10Z,2026-08-16T01:21:10+0200,30cb418c-e56a-40a4-8689-fc8db64f26d1,2026-07-25T20:30:00Z,2026-07-25T22:30:00+0200,44313.42656,MW,DE,DE_LU,actual_load,Actual Load,2026-08-15T23:22:55Z
2026-08-15T23:21:10Z,2026-08-16T01:21:10+0200,30cb418c-e56a-40a4-8689-fc8db64f26d1,2026-07-25T20:45:00Z,2026-07-25T22:45:00+0200,44160.5568,MW,DE,DE_LU,actual_load,Actual Load,2026-08-15T23:22:55Z
2026-08-15T23:21:10Z,2026-08-16T01:21:10+0200,30cb418c-e56a-40a4-8689-fc8db64f26d1,2026-07-25T21:00:00Z,2026-07-25T23:00:00+0200,43198.28021,MW,DE,DE_LU,actual_load,Actual Load,2026-08-15T23:22:55Z
2026-08-15T23:21:10Z,2026-08-16T01:21:10+0200,30cb418c-e56a-40a4-8689-fc8db64f26d1,2026-07-25T21:15:00Z,2026-07-25T23:15:00+0200,43090.22953,MW,DE,DE_LU,actual_load,Actual Load,2026-08-15T23:22:55Z
2026-08-15T23:21:10Z,2026-08-16T01:21:10+0200,30cb418c-e56a-40a4-8689-fc8db64f26d1,2026-07-25T21:30:00Z,2026-07-25T23:30:00+0200,42794.37812,MW,DE,DE_LU,actual_load,Actual Load,2026-08-15T23:22:55Z
2026-08-15T23:21:10Z,2026-08-16T01:21:10+0200,30cb418c-e56a-40a4-8689-fc8db64f26d1,2026-07-25T21:45:00Z,2026-07-25T23:45:00+0200,42183.21716,MW,DE,DE_LU,actual_load,Actual Load,2026-08-15T23:22:55Z
2026-08-15T23:21:10Z,2026-08-16T01:21:10+0200,30cb418c-e56a-40a4-8689-fc8db64f26d1,2026-07-25T22:00:00Z,2026-07-26T00:00:00+0200,42026.38749,MW,DE,DE_LU,actual_load,Actual Load,2026-08-15T23:22:55Z
2026-08-15T23:21:10Z,2026-08-16T01:21:10+0200,30cb418c-e56a-40a4-8689-fc8db64f26d1,2026-07-25T22:15:00Z,2026-07-26T00:15:00+0200,41771.48977,MW,DE,DE_LU,actual_load,Actual Load,2026-08-15T23:22:55Z
2026-08-15T23:21:10Z,2026-08-16T01:21:10+0200,30cb418c-e56a-40a4-8689-fc8db64f26d1,2026-07-25T22:30:00Z,2026-07-26T00:30:00+0200,40784.11408,MW,DE,DE_LU,actual_load,Actual Load,2026-08-15T23:22:55Z
2026-08-15T23:21:10Z,2026-08-16T01:21:10+0200,30cb418c-e56a-40a4-8689-fc8db64f26d1,2026-07-25T22:45:00Z,2026-07-26T00:45:00+0200,40201.58637,MW,DE,DE_LU,actual_load,Actual Load,2026-08-15T23:22:55Z
2026-08-15T23:21:10Z,2026-08-16T01:21:10+0200,30cb418c-e56a-40a4-8689-fc8db64f26d1,2026-07-25T23:00:00Z,2026-07-26T01:00:00+0200,39891.03807,MW,DE,DE_LU,actual_load,Actual Load,2026-08-15T23:22:55Z
2026-08-15T23:21:10Z,2026-08-16T01:21:10+0200,30cb418c-e56a-40a4-8689-fc8db64f26d1,2026-07-25T23:15:00Z,2026-07-26T01:15:00+0200,39634.25719,MW,DE,DE_LU,actual_load,Actual Load,2026-08-15T23:22:55Z
2026-08-15T23:21:10Z,2026-08-16T01:21:10+0200,30cb418c-e56a-40a4-8689-fc8db64f26d1,2026-07-25T23:30:00Z,2026-07-26T01:30:00+0200,39468.14247,MW,DE,DE_LU,actual_load,Actual Load,2026-08-15T23:22:55Z
2026-08-15T23:21:10Z,2026-08-16T01:21:10+0200,30cb418c-e56a-40a4-8689-fc8db64f26d1,2026-07-25T23:45:00Z,2026-07-26T01:45:00+0200,39041.02394,MW,DE,DE_LU,actual_load,Actual Load,2026-08-15T23:22:55Z
2026-08-15T23:21:10Z,2026-08-16T01:21:10+0200,30cb418c-e56a-40a4-8689-fc8db64f26d1,2026-07-26T00:00:00Z,2026-07-26T02:00:00+0200,39215.76891,MW,DE,DE_LU,actual_load,Actual Load,2026-08-15T23:22:55Z
2026-08-15T23:21:10Z,2026-08-16T01:21:10+0200,30cb418c-e56a-40a4-8689-fc8db64f26d1,2026-07-26T00:15:00Z,2026-07-26T02:15:00+0200,38909.02467,MW,DE,DE_LU,actual_load,Actual Load,2026-08-15T23:22:55Z
2026-08-15T23:21:10Z,2026-08-16T01:21:10+0200,30cb418c-e56a-40a4-8689-fc8db64f26d1,2026-07-26T00:30:00Z,2026-07-26T02:30:00+0200,38641.77827,MW,DE,DE_LU,actual_load,Actual Load,2026-08-15T23:22:55Z
2026-08-15T23:21:10Z,2026-08-16T01:21:10+0200,30cb418c-e56a-40a4-8689-fc8db64f26d1,2026-07-26T00:45:00Z,2026-07-26T02:45:00+0200,38182.03441,MW,DE,DE_LU,actual_load,Actual Load,2026-08-15T23:22:55Z
2026-08-15T23:21:10Z,2026-08-16T01:21:10+0200,30cb418c-e56a-40a4-8689-fc8db64f26d1,2026-07-26T01:00:00Z,2026-07-26T03:00:00+0200,38589.88531,MW,DE,DE_LU,actual_load,Actual Load,2026-08-15T23:22:55Z
2026-08-15T23:21:10Z,2026-08-16T01:21:10+0200,30cb418c-e56a-40a4-8689-fc8db64f26d1,2026-07-26T01:15:00Z,2026-07-26T03:15:00+0200,38421.99203,MW,DE,DE_LU,actual_load,Actual Load,2026-08-15T23:22:55Z
2026-08-15T23:21:10Z,2026-08-16T01:21:10+0200,30cb418c-e56a-40a4-8689-fc8db64f26d1,2026-07-26T01:30:00Z,2026-07-26T03:30:00+0200,38117.05947,MW,DE,DE_LU,actual_load,Actual Load,2026-08-15T23:22:55Z
2026-08-15T23:21:10Z,2026-08-16T01:21:10+0200,30cb418c-e56a-40a4-8689-fc8db64f26d1,2026-07-26T01:45:00Z,2026-07-26T03:45:00+0200,37990.52243,MW,DE,DE_LU,actual_load,Actual Load,2026-08-15T23:22:55Z
2026-08-15T23:21:10Z,2026-08-16T01:21:10+0200,30cb418c-e56a-40a4-8689-fc8db64f26d1,2026-07-26T02:00:00Z,2026-07-26T04:00:00+0200,38033.52298,MW,DE,DE_LU,actual_load,Actual Load,2026-08-15T23:22:55Z
2026-08-15T23:21:10Z,2026-08-16T01:21:10+0200,30cb418c-e56a-40a4-8689-fc8db64f26d1,2026-07-26T02:15:00Z,2026-07-26T04:15:00+0200,37784.00458,MW,DE,DE_LU,actual_load,Actual Load,2026-08-15T23:22:55Z
2026-08-15T23:21:10Z,2026-08-16T01:21:10+0200,30cb418c-e56a-40a4-8689-fc8db64f26d1,2026-07-26T02:30:00Z,2026-07-26T04:30:00+0200,37738.74293,MW,DE,DE_LU,actual_load,Actual Load,2026-08-15T23:22:55Z
2026-08-15T23:21:10Z,2026-08-16T01:21:10+0200,30cb418c-e56a-40a4-8689-fc8db64f26d1,2026-07-26T02:45:00Z,2026-07-26T04:45:00+0200,37741.51691,MW,DE,DE_LU,actual_load,Actual Load,2026-08-15T23:22:55Z
2026-08-15T23:21:10Z,2026-08-16T01:21:10+0200,30cb418c-e56a-40a4-8689-fc8db64f26d1,2026-07-26T03:00:00Z,2026-07-26T05:00:00+0200,37915.94864,MW,DE,DE_LU,actual_load,Actual Load,2026-08-15T23:22:55Z
2026-08-15T23:21:10Z,2026-08-16T01:21:10+0200,30cb418c-e56a-40a4-8689-fc8db64f26d1,2026-07-26T03:15:00Z,2026-07-26T05:15:00+0200,37727.52819,MW,DE,DE_LU,actual_load,Actual Load,2026-08-15T23:22:55Z
2026-08-15T23:21:10Z,2026-08-16T01:21:10+0200,30cb418c-e56a-40a4-8689-fc8db64f26d1,2026-07-26T03:30:00Z,2026-07-26T05:30:00+0200,37603.02425,MW,DE,DE_LU,actual_load,Actual Load,2026-08-15T23:22:55Z
2026-08-15T23:21:10Z,2026-08-16T01:21:10+0200,30cb418c-e56a-40a4-8689-fc8db64f26d1,2026-07-26T03:45:00Z,2026-07-26T05:45:00+0200,37627.46522,MW,DE,DE_LU,actual_load,Actual Load,2026-08-15T23:22:55Z
2026-08-15T23:21:10Z,2026-08-16T01:21:10+0200,30cb418c-e56a-40a4-8689-fc8db64f26d1,2026-07-26T04:00:00Z,2026-07-26T06:00:00+0200,38284.00971,MW,DE,DE_LU,actual_load,Actual Load,2026-08-15T23:22:55Z
2026-08-15T23:21:10Z,2026-08-16T01:21:10+0200,30cb418c-e56a-40a4-8689-fc8db64f26d1,2026-07-26T04:15:00Z,2026-07-26T06:15:00+0200,38682.24683,MW,DE,DE_LU,actual_load,Actual Load,2026-08-15T23:22:55Z
2026-08-15T23:21:10Z,2026-08-16T01:21:10+0200,30cb418c-e56a-40a4-8689-fc8db64f26d1,2026-07-26T04:30:00Z,2026-07-26T06:30:00+0200,38990.56012,MW,DE,DE_LU,actual_load,Actual Load,2026-08-15T23:22:55Z
2026-08-15T23:21:10Z,2026-08-16T01:21:10+0200,30cb418c-e56a-40a4-8689-fc8db64f26d1,2026-07-26T04:45:00Z,2026-07-26T06:45:00+0200,39332.39221,MW,DE,DE_LU,actual_load,Actual Load,2026-08-15T23:22:55Z
2026-08-15T23:21:10Z,2026-08-16T01:21:10+0200,30cb418c-e56a-40a4-8689-fc8db64f26d1,2026-07-26T05:00:00Z,2026-07-26T07:00:00+0200,39507.62592,MW,DE,DE_LU,actual_load,Actual Load,2026-08-15T23:22:55Z
2026-08-15T23:21:10Z,2026-08-16T01:21:10+0200,30cb418c-e56a-40a4-8689-fc8db64f26d1,2026-07-26T05:15:00Z,2026-07-26T07:15:00+0200,39795.58521,MW,DE,DE_LU,actual_load,Actual Load,2026-08-15T23:22:55Z
2026-08-15T23:21:10Z,2026-08-16T01:21:10+0200,30cb418c-e56a-40a4-8689-fc8db64f26d1,2026-07-26T05:30:00Z,2026-07-26T07:30:00+0200,40399.11404,MW,DE,DE_LU,actual_load,Actual Load,2026-08-15T23:22:55Z
2026-08-15T23:21:10Z,2026-08-16T01:21:10+0200,30cb418c-e56a-40a4-8689-fc8db64f26d1,2026-07-26T05:45:00Z,2026-07-26T07:45:00+0200,40822.61468,MW,DE,DE_LU,actual_load,Actual Load,2026-08-15T23:22:55Z
2026-08-15T23:21:10Z,2026-08-16T01:21:10+0200,30cb418c-e56a-40a4-8689-fc8db64f26d1,2026-07-26T06:00:00Z,2026-07-26T08:00:00+0200,41811.52917,MW,DE,DE_LU,actual_load,Actual Load,2026-08-15T23:22:55Z
2026-08-15T23:21:10Z,2026-08-16T01:21:10+0200,30cb418c-e56a-40a4-8689-fc8db64f26d1,2026-07-26T06:15:00Z,2026-07-26T08:15:00+0200,42886.75414,MW,DE,DE_LU,actual_load,Actual Load,2026-08-15T23:22:55Z
2026-08-15T23:21:10Z,2026-08-16T01:21:10+0200,30cb418c-e56a-40a4-8689-fc8db64f26d1,2026-07-26T06:30:00Z,2026-07-26T08:30:00+0200,43298.97901,MW,DE,DE_LU,actual_load,Actual Load,2026-08-15T23:22:55Z
2026-08-15T23:21:10Z,2026-08-16T01:21:10+0200,30cb418c-e56a-40a4-8689-fc8db64f26d1,2026-07-26T06:45:00Z,2026-07-26T08:45:00+0200,44061.42263,MW,DE,DE_LU,actual_load,Actual Load,2026-08-15T23:22:55Z
2026-08-15T23:21:10Z,2026-08-16T01:21:10+0200,30cb418c-e56a-40a4-8689-fc8db64f26d1,2026-07-26T07:00:00Z,2026-07-26T09:00:00+0200,43180.63923,MW,DE,DE_LU,actual_load,Actual Load,2026-08-15T23:22:55Z
2026-08-15T23:21:10Z,2026-08-16T01:21:10+0200,30cb418c-e56a-40a4-8689-fc8db64f26d1,2026-07-26T07:15:00Z,2026-07-26T09:15:00+0200,43801.60248,MW,DE,DE_LU,actual_load,Actual Load,2026-08-15T23:22:55Z
2026-08-15T23:21:10Z,2026-08-16T01:21:10+0200,30cb418c-e56a-40a4-8689-fc8db64f26d1,2026-07-26T07:30:00Z,2026-07-26T09:30:00+0200,43694.31178,MW,DE,DE_LU,actual_load,Actual Load,2026-08-15T23:22:55Z
2026-08-15T23:21:10Z,2026-08-16T01:21:10+0200,30cb418c-e56a-40a4-8689-fc8db64f26d1,2026-07-26T07:45:00Z,2026-07-26T09:45:00+0200,43508.65925,MW,DE,DE_LU,actual_load,Actual Load,2026-08-15T23:22:55Z
2026-08-15T23:21:10Z,2026-08-16T01:21:10+0200,30cb418c-e56a-40a4-8689-fc8db64f26d1,2026-07-26T08:00:00Z,2026-07-26T10:00:00+0200,44334.00057,MW,DE,DE_LU,actual_load,Actual Load,2026-08-15T23:22:55Z
2026-08-15T23:21:10Z,2026-08-16T01:21:10+0200,30cb418c-e56a-40a4-8689-fc8db64f26d1,2026-07-26T08:15:00Z,2026-07-26T10:15:00+0200,44352.06591,MW,DE,DE_LU,actual_load,Actual Load,2026-08-15T23:22:55Z
2026-08-15T23:21:10Z,2026-08-16T01:21:10+0200,30cb418c-e56a-40a4-8689-fc8db64f26d1,2026-07-26T08:30:00Z,2026-07-26T10:30:00+0200,44484.58592,MW,DE,DE_LU,actual_load,Actual Load,2026-08-15T23:22:55Z
2026-08-15T23:21:10Z,2026-08-16T01:21:10+0200,30cb418c-e56a-40a4-8689-fc8db64f26d1,2026-07-26T08:45:00Z,2026-07-26T10:45:00+0200,44611.27813,MW,DE,DE_LU,actual_load,Actual Load,2026-08-15T23:22:55Z
2026-08-15T23:21:10Z,2026-08-16T01:21:10+0200,30cb418c-e56a-40a4-8689-fc8db64f26d1,2026-07-26T09:00:00Z,2026-07-26T11:00:00+0200,45558.42768,MW,DE,DE_LU,actual_load,Actual Load,2026-08-15T23:22:55Z
2026-08-15T23:21:10Z,2026-08-16T01:21:10+0200,30cb418c-e56a-40a4-8689-fc8db64f26d1,2026-07-26T09:15:00Z,2026-07-26T11:15:00+0200,46149.9912,MW,DE,DE_LU,actual_load,Actual Load,2026-08-15T23:22:55Z
2026-08-15T23:21:10Z,2026-08-16T01:21:10+0200,30cb418c-e56a-40a4-8689-fc8db64f26d1,2026-07-26T09:30:00Z,2026-07-26T11:30:00+0200,46894.80733,MW,DE,DE_LU,actual_load,Actual Load,2026-08-15T23:22:55Z
2026-08-15T23:21:10Z,2026-08-16T01:21:10+0200,30cb418c-e56a-40a4-8689-fc8db64f26d1,2026-07-26T09:45:00Z,2026-07-26T11:45:00+0200,46774.20399,MW,DE,DE_LU,actual_load,Actual Load,2026-08-15T23:22:55Z
2026-08-15T23:21:10Z,2026-08-16T01:21:10+0200,30cb418c-e56a-40a4-8689-fc8db64f26d1,2026-07-26T10:00:00Z,2026-07-26T12:00:00+0200,46077.77866,MW,DE,DE_LU,actual_load,Actual Load,2026-08-15T23:22:55Z
2026-08-15T23:21:10Z,2026-08-16T01:21:10+0200,30cb418c-e56a-40a4-8689-fc8db64f26d1,2026-07-26T10:15:00Z,2026-07-26T12:15:00+0200,47169.53278,MW,DE,DE_LU,actual_load,Actual Load,2026-08-15T23:22:55Z
2026-08-15T23:21:10Z,2026-08-16T01:21:10+0200,30cb418c-e56a-40a4-8689-fc8db64f26d1,2026-07-26T10:30:00Z,2026-07-26T12:30:00+0200,47284.92145,MW,DE,DE_LU,actual_load,Actual Load,2026-08-15T23:22:55Z
2026-08-15T23:21:10Z,2026-08-16T01:21:10+0200,30cb418c-e56a-40a4-8689-fc8db64f26d1,2026-07-26T10:45:00Z,2026-07-26T12:45:00+0200,47263.67929,MW,DE,DE_LU,actual_load,Actual Load,2026-08-15T23:22:55Z
2026-08-15T23:21:10Z,2026-08-16T01:21:10+0200,30cb418c-e56a-40a4-8689-fc8db64f26d1,2026-07-26T11:00:00Z,2026-07-26T13:00:00+0200,45819.52595,MW,DE,DE_LU,actual_load,Actual Load,2026-08-15T23:22:55Z
2026-08-15T23:21:10Z,2026-08-16T01:21:10+0200,30cb418c-e56a-40a4-8689-fc8db64f26d1,2026-07-26T11:15:00Z,2026-07-26T13:15:00+0200,45371.48935,MW,DE,DE_LU,actual_load,Actual Load,2026-08-15T23:22:55Z
2026-08-15T23:21:10Z,2026-08-16T01:21:10+0200,30cb418c-e56a-40a4-8689-fc8db64f26d1,2026-07-26T11:30:00Z,2026-07-26T13:30:00+0200,45660.76387,MW,DE,DE_LU,actual_load,Actual Load,2026-08-15T23:22:55Z
2026-08-15T23:21:10Z,2026-08-16T01:21:10+0200,30cb418c-e56a-40a4-8689-fc8db64f26d1,2026-07-26T11:45:00Z,2026-07-26T13:45:00+0200,45835.73759,MW,DE,DE_LU,actual_load,Actual Load,2026-08-15T23:22:55Z
2026-08-15T23:21:10Z,2026-08-16T01:21:10+0200,30cb418c-e56a-40a4-8689-fc8db64f26d1,2026-07-26T12:00:00Z,2026-07-26T14:00:00+0200,46303.2854,MW,DE,DE_LU,actual_load,Actual Load,2026-08-15T23:22:55Z
2026-08-15T23:21:10Z,2026-08-16T01:21:10+0200,30cb418c-e56a-40a4-8689-fc8db64f26d1,2026-07-26T12:15:00Z,2026-07-26T14:15:00+0200,46455.36246,MW,DE,DE_LU,actual_load,Actual Load,2026-08-15T23:22:55Z
2026-08-15T23:21:10Z,2026-08-16T01:21:10+0200,30cb418c-e56a-40a4-8689-fc8db64f26d1,2026-07-26T12:30:00Z,2026-07-26T14:30:00+0200,46172.87821,MW,DE,DE_LU,actual_load,Actual Load,2026-08-15T23:22:55Z
2026-08-15T23:21:10Z,2026-08-16T01:21:10+0200,30cb418c-e56a-40a4-8689-fc8db64f26d1,2026-07-26T12:45:00Z,2026-07-26T14:45:00+0200,45218.26366,MW,DE,DE_LU,actual_load,Actual Load,2026-08-15T23:22:55Z
2026-08-15T23:21:10Z,2026-08-16T01:21:10+0200,30cb418c-e56a-40a4-8689-fc8db64f26d1,2026-07-26T13:00:00Z,2026-07-26T15:00:00+0200,45338.94237,MW,DE,DE_LU,actual_load,Actual Load,2026-08-15T23:22:55Z
2026-08-15T23:21:10Z,2026-08-16T01:21:10+0200,30cb418c-e56a-40a4-8689-fc8db64f26d1,2026-07-26T13:15:00Z,2026-07-26T15:15:00+0200,45338.06208,MW,DE,DE_LU,actual_load,Actual Load,2026-08-15T23:22:55Z
2026-08-15T23:21:10Z,2026-08-16T01:21:10+0200,30cb418c-e56a-40a4-8689-fc8db64f26d1,2026-07-26T13:30:00Z,2026-07-26T15:30:00+0200,45249.91965,MW,DE,DE_LU,actual_load,Actual Load,2026-08-15T23:22:55Z
2026-08-15T23:21:10Z,2026-08-16T01:21:10+0200,30cb418c-e56a-40a4-8689-fc8db64f26d1,2026-07-26T13:45:00Z,2026-07-26T15:45:00+0200,44958.8475,MW,DE,DE_LU,actual_load,Actual Load,2026-08-15T23:22:55Z
2026-08-15T23:21:10Z,2026-08-16T01:21:10+0200,30cb418c-e56a-40a4-8689-fc8db64f26d1,2026-07-26T14:00:00Z,2026-07-26T16:00:00+0200,45059.10107,MW,DE,DE_LU,actual_load,Actual Load,2026-08-15T23:22:55Z
2026-08-15T23:21:10Z,2026-08-16T01:21:10+0200,30cb418c-e56a-40a4-8689-fc8db64f26d1,2026-07-26T14:15:00Z,2026-07-26T16:15:00+0200,44341.04431,MW,DE,DE_LU,actual_load,Actual Load,2026-08-15T23:22:55Z
2026-08-15T23:21:10Z,2026-08-16T01:21:10+0200,30cb418c-e56a-40a4-8689-fc8db64f26d1,2026-07-26T14:30:00Z,2026-07-26T16:30:00+0200,44574.31035,MW,DE,DE_LU,actual_load,Actual Load,2026-08-15T23:22:55Z
2026-08-15T23:21:10Z,2026-08-16T01:21:10+0200,30cb418c-e56a-40a4-8689-fc8db64f26d1,2026-07-26T14:45:00Z,2026-07-26T16:45:00+0200,45133.69523,MW,DE,DE_LU,actual_load,Actual Load,2026-08-15T23:22:55Z
2026-08-15T23:21:10Z,2026-08-16T01:21:10+0200,30cb418c-e56a-40a4-8689-fc8db64f26d1,2026-07-26T15:00:00Z,2026-07-26T17:00:00+0200,46393.05386,MW,DE,DE_LU,actual_load,Actual Load,2026-08-15T23:22:55Z
2026-08-15T23:21:10Z,2026-08-16T01:21:10+0200,30cb418c-e56a-40a4-8689-fc8db64f26d1,2026-07-26T15:15:00Z,2026-07-26T17:15:00+0200,47099.66388,MW,DE,DE_LU,actual_load,Actual Load,2026-08-15T23:22:55Z
2026-08-15T23:21:10Z,2026-08-16T01:21:10+0200,30cb418c-e56a-40a4-8689-fc8db64f26d1,2026-07-26T15:30:00Z,2026-07-26T17:30:00+0200,47123.15816,MW,DE,DE_LU,actual_load,Actual Load,2026-08-15T23:22:55Z
2026-08-15T23:21:10Z,2026-08-16T01:21:10+0200,30cb418c-e56a-40a4-8689-fc8db64f26d1,2026-07-26T15:45:00Z,2026-07-26T17:45:00+0200,47734.99333,MW,DE,DE_LU,actual_load,Actual Load,2026-08-15T23:22:55Z
2026-08-15T23:21:10Z,2026-08-16T01:21:10+0200,30cb418c-e56a-40a4-8689-fc8db64f26d1,2026-07-26T16:00:00Z,2026-07-26T18:00:00+0200,48378.04026,MW,DE,DE_LU,actual_load,Actual Load,2026-08-15T23:22:55Z
2026-08-15T23:21:10Z,2026-08-16T01:21:10+0200,30cb418c-e56a-40a4-8689-fc8db64f26d1,2026-07-26T16:15:00Z,2026-07-26T18:15:00+0200,47962.95416,MW,DE,DE_LU,actual_load,Actual Load,2026-08-15T23:22:55Z
2026-08-15T23:21:10Z,2026-08-16T01:21:10+0200,30cb418c-e56a-40a4-8689-fc8db64f26d1,2026-07-26T16:30:00Z,2026-07-26T18:30:00+0200,48022.32233,MW,DE,DE_LU,actual_load,Actual Load,2026-08-15T23:22:55Z
2026-08-15T23:21:10Z,2026-08-16T01:21:10+0200,30cb418c-e56a-40a4-8689-fc8db64f26d1,2026-07-26T16:45:00Z,2026-07-26T18:45:00+0200,47451.21459,MW,DE,DE_LU,actual_load,Actual Load,2026-08-15T23:22:55Z
2026-08-15T23:21:10Z,2026-08-16T01:21:10+0200,30cb418c-e56a-40a4-8689-fc8db64f26d1,2026-07-26T17:00:00Z,2026-07-26T19:00:00+0200,47682.57062,MW,DE,DE_LU,actual_load,Actual Load,2026-08-15T23:22:55Z
2026-08-15T23:21:10Z,2026-08-16T01:21:10+0200,30cb418c-e56a-40a4-8689-fc8db64f26d1,2026-07-26T17:15:00Z,2026-07-26T19:15:00+0200,47570.19607,MW,DE,DE_LU,actual_load,Actual Load,2026-08-15T23:22:55Z
2026-08-15T23:21:10Z,2026-08-16T01:21:10+0200,30cb418c-e56a-40a4-8689-fc8db64f26d1,2026-07-26T17:30:00Z,2026-07-26T19:30:00+0200,47904.67655,MW,DE,DE_LU,actual_load,Actual Load,2026-08-15T23:22:55Z
2026-08-15T23:21:10Z,2026-08-16T01:21:10+0200,30cb418c-e56a-40a4-8689-fc8db64f26d1,2026-07-26T17:45:00Z,2026-07-26T19:45:00+0200,47592.62266,MW,DE,DE_LU,actual_load,Actual Load,2026-08-15T23:22:55Z
2026-08-15T23:21:10Z,2026-08-16T01:21:10+0200,30cb418c-e56a-40a4-8689-fc8db64f26d1,2026-07-26T18:00:00Z,2026-07-26T20:00:00+0200,47347.14276,MW,DE,DE_LU,actual_load,Actual Load,2026-08-15T23:22:55Z
2026-08-15T23:21:10Z,2026-08-16T01:21:10+0200,30cb418c-e56a-40a4-8689-fc8db64f26d1,2026-07-26T18:15:00Z,2026-07-26T20:15:00+0200,46713.50253,MW,DE,DE_LU,actual_load,Actual Load,2026-08-15T23:22:55Z
2026-08-15T23:21:10Z,2026-08-16T01:21:10+0200,30cb418c-e56a-40a4-8689-fc8db64f26d1,2026-07-26T18:30:00Z,2026-07-26T20:30:00+0200,46803.48496,MW,DE,DE_LU,actual_load,Actual Load,2026-08-15T23:22:55Z
2026-08-15T23:21:10Z,2026-08-16T01:21:10+0200,30cb418c-e56a-40a4-8689-fc8db64f26d1,2026-07-26T18:45:00Z,2026-07-26T20:45:00+0200,45710.59317,MW,DE,DE_LU,actual_load,Actual Load,2026-08-15T23:22:55Z
2026-08-15T23:21:10Z,2026-08-16T01:21:10+0200,30cb418c-e56a-40a4-8689-fc8db64f26d1,2026-07-26T19:00:00Z,2026-07-26T21:00:00+0200,45346.78433,MW,DE,DE_LU,actual_load,Actual Load,2026-08-15T23:22:55Z
2026-08-15T23:21:10Z,2026-08-16T01:21:10+0200,30cb418c-e56a-40a4-8689-fc8db64f26d1,2026-07-26T19:15:00Z,2026-07-26T21:15:00+0200,46170.09639,MW,DE,DE_LU,actual_load,Actual Load,2026-08-15T23:22:55Z
2026-08-15T23:21:10Z,2026-08-16T01:21:10+0200,30cb418c-e56a-40a4-8689-fc8db64f26d1,2026-07-26T19:30:00Z,2026-07-26T21:30:00+0200,45948.20756,MW,DE,DE_LU,actual_load,Actual Load,2026-08-15T23:22:55Z
2026-08-15T23:21:10Z,2026-08-16T01:21:10+0200,30cb418c-e56a-40a4-8689-fc8db64f26d1,2026-07-26T19:45:00Z,2026-07-26T21:45:00+0200,45613.95088,MW,DE,DE_LU,actual_load,Actual Load,2026-08-15T23:22:55Z
2026-08-15T23:21:10Z,2026-08-16T01:21:10+0200,30cb418c-e56a-40a4-8689-fc8db64f26d1,2026-07-26T20:00:00Z,2026-07-26T22:00:00+0200,44926.55929,MW,DE,DE_LU,actual_load,Actual Load,2026-08-15T23:22:55Z
2026-08-15T23:21:10Z,2026-08-16T01:21:10+0200,30cb418c-e56a-40a4-8689-fc8db64f26d1,2026-07-26T20:15:00Z,2026-07-26T22:15:00+0200,44890.52674,MW,DE,DE_LU,actual_load,Actual Load,2026-08-15T23:22:55Z
2026-08-15T23:21:10Z,2026-08-16T01:21:10+0200,30cb418c-e56a-40a4-8689-fc8db64f26d1,2026-07-26T20:30:00Z,2026-07-26T22:30:00+0200,44130.4056,MW,DE,DE_LU,actual_load,Actual Load,2026-08-15T23:22:55Z
2026-08-15T23:21:10Z,2026-08-16T01:21:10+0200,30cb418c-e56a-40a4-8689-fc8db64f26d1,2026-07-26T20:45:00Z,2026-07-26T22:45:00+0200,43691.8077,MW,DE,DE_LU,actual_load,Actual Load,2026-08-15T23:22:55Z
2026-08-15T23:21:10Z,2026-08-16T01:21:10+0200,30cb418c-e56a-40a4-8689-fc8db64f26d1,2026-07-26T21:00:00Z,2026-07-26T23:00:00+0200,43490.05626,MW,DE,DE_LU,actual_load,Actual Load,2026-08-15T23:22:55Z
2026-08-15T23:21:10Z,2026-08-16T01:21:10+0200,30cb418c-e56a-40a4-8689-fc8db64f26d1,2026-07-26T21:15:00Z,2026-07-26T23:15:00+0200,43282.25217,MW,DE,DE_LU,actual_load,Actual Load,2026-08-15T23:22:55Z
2026-08-15T23:21:10Z,2026-08-16T01:21:10+0200,30cb418c-e56a-40a4-8689-fc8db64f26d1,2026-07-26T21:30:00Z,2026-07-26T23:30:00+0200,42500.00135,MW,DE,DE_LU,actual_load,Actual Load,2026-08-15T23:22:55Z
2026-08-15T23:21:10Z,2026-08-16T01:21:10+0200,30cb418c-e56a-40a4-8689-fc8db64f26d1,2026-07-26T21:45:00Z,2026-07-26T23:45:00+0200,41952.10364,MW,DE,DE_LU,actual_load,Actual Load,2026-08-15T23:22:55Z
2026-08-15T23:21:10Z,2026-08-16T01:21:10+0200,30cb418c-e56a-40a4-8689-fc8db64f26d1,2026-07-26T22:00:00Z,2026-07-27T00:00:00+0200,41251.38096,MW,DE,DE_LU,actual_load,Actual Load,2026-08-15T23:22:55Z
2026-08-15T23:21:10Z,2026-08-16T01:21:10+0200,30cb418c-e56a-40a4-8689-fc8db64f26d1,2026-07-26T22:15:00Z,2026-07-27T00:15:00+0200,41213.63948,MW,DE,DE_LU,actual_load,Actual Load,2026-08-15T23:22:55Z
2026-08-15T23:21:10Z,2026-08-16T01:21:10+0200,30cb418c-e56a-40a4-8689-fc8db64f26d1,2026-07-26T22:30:00Z,2026-07-27T00:30:00+0200,41201.98721,MW,DE,DE_LU,actual_load,Actual Load,2026-08-15T23:22:55Z
2026-08-15T23:21:10Z,2026-08-16T01:21:10+0200,30cb418c-e56a-40a4-8689-fc8db64f26d1,2026-07-26T22:45:00Z,2026-07-27T00:45:00+0200,41104.50425,MW,DE,DE_LU,actual_load,Actual Load,2026-08-15T23:22:55Z
2026-08-15T23:21:10Z,2026-08-16T01:21:10+0200,30cb418c-e56a-40a4-8689-fc8db64f26d1,2026-07-26T23:00:00Z,2026-07-27T01:00:00+0200,39908.83409,MW,DE,DE_LU,actual_load,Actual Load,2026-08-15T23:22:55Z
2026-08-15T23:21:10Z,2026-08-16T01:21:10+0200,30cb418c-e56a-40a4-8689-fc8db64f26d1,2026-07-26T23:15:00Z,2026-07-27T01:15:00+0200,39778.25952,MW,DE,DE_LU,actual_load,Actual Load,2026-08-15T23:22:55Z
2026-08-15T23:21:10Z,2026-08-16T01:21:10+0200,30cb418c-e56a-40a4-8689-fc8db64f26d1,2026-07-26T23:30:00Z,2026-07-27T01:30:00+0200,39228.0532,MW,DE,DE_LU,actual_load,Actual Load,2026-08-15T23:22:55Z
2026-08-15T23:21:10Z,2026-08-16T01:21:10+0200,30cb418c-e56a-40a4-8689-fc8db64f26d1,2026-07-26T23:45:00Z,2026-07-27T01:45:00+0200,38977.45871,MW,DE,DE_LU,actual_load,Actual Load,2026-08-15T23:22:55Z
2026-08-15T23:21:10Z,2026-08-16T01:21:10+0200,30cb418c-e56a-40a4-8689-fc8db64f26d1,2026-07-27T00:00:00Z,2026-07-27T02:00:00+0200,38162.98272,MW,DE,DE_LU,actual_load,Actual Load,2026-08-15T23:22:55Z
2026-08-15T23:21:10Z,2026-08-16T01:21:10+0200,30cb418c-e56a-40a4-8689-fc8db64f26d1,2026-07-27T00:15:00Z,2026-07-27T02:15:00+0200,38225.87129,MW,DE,DE_LU,actual_load,Actual Load,2026-08-15T23:22:55Z
2026-08-15T23:21:10Z,2026-08-16T01:21:10+0200,30cb418c-e56a-40a4-8689-fc8db64f26d1,2026-07-27T00:30:00Z,2026-07-27T02:30:00+0200,38825.93339,MW,DE,DE_LU,actual_load,Actual Load,2026-08-15T23:22:55Z
2026-08-15T23:21:10Z,2026-08-16T01:21:10+0200,30cb418c-e56a-40a4-8689-fc8db64f26d1,2026-07-27T00:45:00Z,2026-07-27T02:45:00+0200,39217.26816,MW,DE,DE_LU,actual_load,Actual Load,2026-08-15T23:22:55Z
2026-08-15T23:21:10Z,2026-08-16T01:21:10+0200,30cb418c-e56a-40a4-8689-fc8db64f26d1,2026-07-27T01:00:00Z,2026-07-27T03:00:00+0200,39191.15825,MW,DE,DE_LU,actual_load,Actual Load,2026-08-15T23:22:55Z
2026-08-15T23:21:10Z,2026-08-16T01:21:10+0200,30cb418c-e56a-40a4-8689-fc8db64f26d1,2026-07-27T01:15:00Z,2026-07-27T03:15:00+0200,38629.53909,MW,DE,DE_LU,actual_load,Actual Load,2026-08-15T23:22:55Z
2026-08-15T23:21:10Z,2026-08-16T01:21:10+0200,30cb418c-e56a-40a4-8689-fc8db64f26d1,2026-07-27T01:30:00Z,2026-07-27T03:30:00+0200,38790.48602,MW,DE,DE_LU,actual_load,Actual Load,2026-08-15T23:22:55Z
2026-08-15T23:21:10Z,2026-08-16T01:21:10+0200,30cb418c-e56a-40a4-8689-fc8db64f26d1,2026-07-27T01:45:00Z,2026-07-27T03:45:00+0200,38646.61928,MW,DE,DE_LU,actual_load,Actual Load,2026-08-15T23:22:55Z
2026-08-15T23:21:10Z,2026-08-16T01:21:10+0200,30cb418c-e56a-40a4-8689-fc8db64f26d1,2026-07-27T02:00:00Z,2026-07-27T04:00:00+0200,38894.39628,MW,DE,DE_LU,actual_load,Actual Load,2026-08-15T23:22:55Z
2026-08-15T23:21:10Z,2026-08-16T01:21:10+0200,30cb418c-e56a-40a4-8689-fc8db64f26d1,2026-07-27T02:15:00Z,2026-07-27T04:15:00+0200,39332.63006,MW,DE,DE_LU,actual_load,Actual Load,2026-08-15T23:22:55Z
2026-08-15T23:21:10Z,2026-08-16T01:21:10+0200,30cb418c-e56a-40a4-8689-fc8db64f26d1,2026-07-27T02:30:00Z,2026-07-27T04:30:00+0200,39275.60303,MW,DE,DE_LU,actual_load,Actual Load,2026-08-15T23:22:55Z
2026-08-15T23:21:10Z,2026-08-16T01:21:10+0200,30cb418c-e56a-40a4-8689-fc8db64f26d1,2026-07-27T02:45:00Z,2026-07-27T04:45:00+0200,39778.92613,MW,DE,DE_LU,actual_load,Actual Load,2026-08-15T23:22:55Z
2026-08-15T23:21:10Z,2026-08-16T01:21:10+0200,30cb418c-e56a-40a4-8689-fc8db64f26d1,2026-07-27T03:00:00Z,2026-07-27T05:00:00+0200,41678.71549,MW,DE,DE_LU,actual_load,Actual Load,2026-08-15T23:22:55Z
2026-08-15T23:21:10Z,2026-08-16T01:21:10+0200,30cb418c-e56a-40a4-8689-fc8db64f26d1,2026-07-27T03:15:00Z,2026-07-27T05:15:00+0200,42615.74997,MW,DE,DE_LU,actual_load,Actual Load,2026-08-15T23:22:55Z
2026-08-15T23:21:10Z,2026-08-16T01:21:10+0200,30cb418c-e56a-40a4-8689-fc8db64f26d1,2026-07-27T03:30:00Z,2026-07-27T05:30:00+0200,43743.52401,MW,DE,DE_LU,actual_load,Actual Load,2026-08-15T23:22:55Z
2026-08-15T23:21:10Z,2026-08-16T01:21:10+0200,30cb418c-e56a-40a4-8689-fc8db64f26d1,2026-07-27T03:45:00Z,2026-07-27T05:45:00+0200,45064.8028,MW,DE,DE_LU,actual_load,Actual Load,2026-08-15T23:22:55Z
2026-08-15T23:21:10Z,2026-08-16T01:21:10+0200,30cb418c-e56a-40a4-8689-fc8db64f26d1,2026-07-27T04:00:00Z,2026-07-27T06:00:00+0200,46855.46249,MW,DE,DE_LU,actual_load,Actual Load,2026-08-15T23:22:55Z
2026-08-15T23:21:10Z,2026-08-16T01:21:10+0200,30cb418c-e56a-40a4-8689-fc8db64f26d1,2026-07-27T04:15:00Z,2026-07-27T06:15:00+0200,48885.78963,MW,DE,DE_LU,actual_load,Actual Load,2026-08-15T23:22:55Z
2026-08-15T23:21:10Z,2026-08-16T01:21:10+0200,30cb418c-e56a-40a4-8689-fc8db64f26d1,2026-07-27T04:30:00Z,2026-07-27T06:30:00+0200,50041.70237,MW,DE,DE_LU,actual_load,Actual Load,2026-08-15T23:22:55Z
2026-08-15T23:21:10Z,2026-08-16T01:21:10+0200,30cb418c-e56a-40a4-8689-fc8db64f26d1,2026-07-27T04:45:00Z,2026-07-27T06:45:00+0200,51006.73964,MW,DE,DE_LU,actual_load,Actual Load,2026-08-15T23:22:55Z
2026-08-15T23:21:10Z,2026-08-16T01:21:10+0200,30cb418c-e56a-40a4-8689-fc8db64f26d1,2026-07-27T05:00:00Z,2026-07-27T07:00:00+0200,51870.944,MW,DE,DE_LU,actual_load,Actual Load,2026-08-15T23:22:55Z
2026-08-15T23:21:10Z,2026-08-16T01:21:10+0200,30cb418c-e56a-40a4-8689-fc8db64f26d1,2026-07-27T05:15:00Z,2026-07-27T07:15:00+0200,52549.25932,MW,DE,DE_LU,actual_load,Actual Load,2026-08-15T23:22:55Z
2026-08-15T23:21:10Z,2026-08-16T01:21:10+0200,30cb418c-e56a-40a4-8689-fc8db64f26d1,2026-07-27T05:30:00Z,2026-07-27T07:30:00+0200,54069.7953,MW,DE,DE_LU,actual_load,Actual Load,2026-08-15T23:22:55Z
2026-08-15T23:21:10Z,2026-08-16T01:21:10+0200,30cb418c-e56a-40a4-8689-fc8db64f26d1,2026-07-27T05:45:00Z,2026-07-27T07:45:00+0200,55171.94283,MW,DE,DE_LU,actual_load,Actual Load,2026-08-15T23:22:55Z
2026-08-15T23:21:10Z,2026-08-16T01:21:10+0200,30cb418c-e56a-40a4-8689-fc8db64f26d1,2026-07-27T06:00:00Z,2026-07-27T08:00:00+0200,55539.74668,MW,DE,DE_LU,actual_load,Actual Load,2026-08-15T23:22:55Z
2026-08-15T23:21:10Z,2026-08-16T01:21:10+0200,30cb418c-e56a-40a4-8689-fc8db64f26d1,2026-07-27T06:15:00Z,2026-07-27T08:15:00+0200,56429.6808,MW,DE,DE_LU,actual_load,Actual Load,2026-08-15T23:22:55Z
2026-08-15T23:21:10Z,2026-08-16T01:21:10+0200,30cb418c-e56a-40a4-8689-fc8db64f26d1,2026-07-27T06:30:00Z,2026-07-27T08:30:00+0200,57764.18504,MW,DE,DE_LU,actual_load,Actual Load,2026-08-15T23:22:55Z
2026-08-15T23:21:10Z,2026-08-16T01:21:10+0200,30cb418c-e56a-40a4-8689-fc8db64f26d1,2026-07-27T06:45:00Z,2026-07-27T08:45:00+0200,58614.23615,MW,DE,DE_LU,actual_load,Actual Load,2026-08-15T23:22:55Z
2026-08-15T23:21:10Z,2026-08-16T01:21:10+0200,30cb418c-e56a-40a4-8689-fc8db64f26d1,2026-07-27T07:00:00Z,2026-07-27T09:00:00+0200,58103.82454,MW,DE,DE_LU,actual_load,Actual Load,2026-08-15T23:22:55Z
2026-08-15T23:21:10Z,2026-08-16T01:21:10+0200,30cb418c-e56a-40a4-8689-fc8db64f26d1,2026-07-27T07:15:00Z,2026-07-27T09:15:00+0200,58956.65534,MW,DE,DE_LU,actual_load,Actual Load,2026-08-15T23:22:55Z
2026-08-15T23:21:10Z,2026-08-16T01:21:10+0200,30cb418c-e56a-40a4-8689-fc8db64f26d1,2026-07-27T07:30:00Z,2026-07-27T09:30:00+0200,59768.2063,MW,DE,DE_LU,actual_load,Actual Load,2026-08-15T23:22:55Z
2026-08-15T23:21:10Z,2026-08-16T01:21:10+0200,30cb418c-e56a-40a4-8689-fc8db64f26d1,2026-07-27T07:45:00Z,2026-07-27T09:45:00+0200,59483.38517,MW,DE,DE_LU,actual_load,Actual Load,2026-08-15T23:22:55Z
2026-08-15T23:21:10Z,2026-08-16T01:21:10+0200,30cb418c-e56a-40a4-8689-fc8db64f26d1,2026-07-27T08:00:00Z,2026-07-27T10:00:00+0200,59931.7527,MW,DE,DE_LU,actual_load,Actual Load,2026-08-15T23:22:55Z
2026-08-15T23:21:10Z,2026-08-16T01:21:10+0200,30cb418c-e56a-40a4-8689-fc8db64f26d1,2026-07-27T08:15:00Z,2026-07-27T10:15:00+0200,59673.82598,MW,DE,DE_LU,actual_load,Actual Load,2026-08-15T23:22:55Z
2026-08-15T23:21:10Z,2026-08-16T01:21:10+0200,30cb418c-e56a-40a4-8689-fc8db64f26d1,2026-07-27T08:30:00Z,2026-07-27T10:30:00+0200,59747.99116,MW,DE,DE_LU,actual_load,Actual Load,2026-08-15T23:22:55Z
2026-08-15T23:21:10Z,2026-08-16T01:21:10+0200,30cb418c-e56a-40a4-8689-fc8db64f26d1,2026-07-27T08:45:00Z,2026-07-27T10:45:00+0200,59037.68129,MW,DE,DE_LU,actual_load,Actual Load,2026-08-15T23:22:55Z
2026-08-15T23:21:10Z,2026-08-16T01:21:10+0200,30cb418c-e56a-40a4-8689-fc8db64f26d1,2026-07-27T09:00:00Z,2026-07-27T11:00:00+0200,59228.06062,MW,DE,DE_LU,actual_load,Actual Load,2026-08-15T23:22:55Z
2026-08-15T23:21:10Z,2026-08-16T01:21:10+0200,30cb418c-e56a-40a4-8689-fc8db64f26d1,2026-07-27T09:15:00Z,2026-07-27T11:15:00+0200,59109.25271,MW,DE,DE_LU,actual_load,Actual Load,2026-08-15T23:22:55Z
2026-08-15T23:21:10Z,2026-08-16T01:21:10+0200,30cb418c-e56a-40a4-8689-fc8db64f26d1,2026-07-27T09:30:00Z,2026-07-27T11:30:00+0200,59375.75326,MW,DE,DE_LU,actual_load,Actual Load,2026-08-15T23:22:55Z
2026-08-15T23:21:10Z,2026-08-16T01:21:10+0200,30cb418c-e56a-40a4-8689-fc8db64f26d1,2026-07-27T09:45:00Z,2026-07-27T11:45:00+0200,59274.92823,MW,DE,DE_LU,actual_load,Actual Load,2026-08-15T23:22:55Z
2026-08-15T23:21:10Z,2026-08-16T01:21:10+0200,30cb418c-e56a-40a4-8689-fc8db64f26d1,2026-07-27T10:00:00Z,2026-07-27T12:00:00+0200,58276.5695,MW,DE,DE_LU,actual_load,Actual Load,2026-08-15T23:22:55Z
2026-08-15T23:21:10Z,2026-08-16T01:21:10+0200,30cb418c-e56a-40a4-8689-fc8db64f26d1,2026-07-27T10:15:00Z,2026-07-27T12:15:00+0200,58455.25003,MW,DE,DE_LU,actual_load,Actual Load,2026-08-15T23:22:55Z
2026-08-15T23:21:10Z,2026-08-16T01:21:10+0200,30cb418c-e56a-40a4-8689-fc8db64f26d1,2026-07-27T10:30:00Z,2026-07-27T12:30:00+0200,58664.97437,MW,DE,DE_LU,actual_load,Actual Load,2026-08-15T23:22:55Z
2026-08-15T23:21:10Z,2026-08-16T01:21:10+0200,30cb418c-e56a-40a4-8689-fc8db64f26d1,2026-07-27T10:45:00Z,2026-07-27T12:45:00+0200,58798.44973,MW,DE,DE_LU,actual_load,Actual Load,2026-08-15T23:22:55Z
2026-08-15T23:21:10Z,2026-08-16T01:21:10+0200,30cb418c-e56a-40a4-8689-fc8db64f26d1,2026-07-27T11:00:00Z,2026-07-27T13:00:00+0200,58056.93892,MW,DE,DE_LU,actual_load,Actual Load,2026-08-15T23:22:55Z
2026-08-15T23:21:10Z,2026-08-16T01:21:10+0200,30cb418c-e56a-40a4-8689-fc8db64f26d1,2026-07-27T11:15:00Z,2026-07-27T13:15:00+0200,57914.82292,MW,DE,DE_LU,actual_load,Actual Load,2026-08-15T23:22:55Z
2026-08-15T23:21:10Z,2026-08-16T01:21:10+0200,30cb418c-e56a-40a4-8689-fc8db64f26d1,2026-07-27T11:30:00Z,2026-07-27T13:30:00+0200,57218.08812,MW,DE,DE_LU,actual_load,Actual Load,2026-08-15T23:22:55Z
2026-08-15T23:21:10Z,2026-08-16T01:21:10+0200,30cb418c-e56a-40a4-8689-fc8db64f26d1,2026-07-27T11:45:00Z,2026-07-27T13:45:00+0200,57049.1376,MW,DE,DE_LU,actual_load,Actual Load,2026-08-15T23:22:55Z
2026-08-15T23:21:10Z,2026-08-16T01:21:10+0200,30cb418c-e56a-40a4-8689-fc8db64f26d1,2026-07-27T12:00:00Z,2026-07-27T14:00:00+0200,56657.27345,MW,DE,DE_LU,actual_load,Actual Load,2026-08-15T23:22:55Z
2026-08-15T23:21:10Z,2026-08-16T01:21:10+0200,30cb418c-e56a-40a4-8689-fc8db64f26d1,2026-07-27T12:15:00Z,2026-07-27T14:15:00+0200,57321.77652,MW,DE,DE_LU,actual_load,Actual Load,2026-08-15T23:22:55Z
2026-08-15T23:21:10Z,2026-08-16T01:21:10+0200,30cb418c-e56a-40a4-8689-fc8db64f26d1,2026-07-27T12:30:00Z,2026-07-27T14:30:00+0200,57469.88813,MW,DE,DE_LU,actual_load,Actual Load,2026-08-15T23:22:55Z
2026-08-15T23:21:10Z,2026-08-16T01:21:10+0200,30cb418c-e56a-40a4-8689-fc8db64f26d1,2026-07-27T12:45:00Z,2026-07-27T14:45:00+0200,56848.70584,MW,DE,DE_LU,actual_load,Actual Load,2026-08-15T23:22:55Z
2026-08-15T23:21:10Z,2026-08-16T01:21:10+0200,30cb418c-e56a-40a4-8689-fc8db64f26d1,2026-07-27T13:00:00Z,2026-07-27T15:00:00+0200,56622.84613,MW,DE,DE_LU,actual_load,Actual Load,2026-08-15T23:22:55Z
2026-08-15T23:21:10Z,2026-08-16T01:21:10+0200,30cb418c-e56a-40a4-8689-fc8db64f26d1,2026-07-27T13:15:00Z,2026-07-27T15:15:00+0200,56160.26948,MW,DE,DE_LU,actual_load,Actual Load,2026-08-15T23:22:55Z
2026-08-15T23:21:10Z,2026-08-16T01:21:10+0200,30cb418c-e56a-40a4-8689-fc8db64f26d1,2026-07-27T13:30:00Z,2026-07-27T15:30:00+0200,55110.08014,MW,DE,DE_LU,actual_load,Actual Load,2026-08-15T23:22:55Z
2026-08-15T23:21:10Z,2026-08-16T01:21:10+0200,30cb418c-e56a-40a4-8689-fc8db64f26d1,2026-07-27T13:45:00Z,2026-07-27T15:45:00+0200,55500.92025,MW,DE,DE_LU,actual_load,Actual Load,2026-08-15T23:22:55Z
2026-08-15T23:21:10Z,2026-08-16T01:21:10+0200,30cb418c-e56a-40a4-8689-fc8db64f26d1,2026-07-27T14:00:00Z,2026-07-27T16:00:00+0200,56185.52302,MW,DE,DE_LU,actual_load,Actual Load,2026-08-15T23:22:55Z
2026-08-15T23:21:10Z,2026-08-16T01:21:10+0200,30cb418c-e56a-40a4-8689-fc8db64f26d1,2026-07-27T14:15:00Z,2026-07-27T16:15:00+0200,55855.42403,MW,DE,DE_LU,actual_load,Actual Load,2026-08-15T23:22:55Z
2026-08-15T23:21:10Z,2026-08-16T01:21:10+0200,30cb418c-e56a-40a4-8689-fc8db64f26d1,2026-07-27T14:30:00Z,2026-07-27T16:30:00+0200,55557.62015,MW,DE,DE_LU,actual_load,Actual Load,2026-08-15T23:22:55Z
2026-08-15T23:21:10Z,2026-08-16T01:21:10+0200,30cb418c-e56a-40a4-8689-fc8db64f26d1,2026-07-27T14:45:00Z,2026-07-27T16:45:00+0200,54507.36791,MW,DE,DE_LU,actual_load,Actual Load,2026-08-15T23:22:55Z
2026-08-15T23:21:10Z,2026-08-16T01:21:10+0200,30cb418c-e56a-40a4-8689-fc8db64f26d1,2026-07-27T15:00:00Z,2026-07-27T17:00:00+0200,54600.63159,MW,DE,DE_LU,actual_load,Actual Load,2026-08-15T23:22:55Z
2026-08-15T23:21:10Z,2026-08-16T01:21:10+0200,30cb418c-e56a-40a4-8689-fc8db64f26d1,2026-07-27T15:15:00Z,2026-07-27T17:15:00+0200,54713.62041,MW,DE,DE_LU,actual_load,Actual Load,2026-08-15T23:22:55Z
2026-08-15T23:21:10Z,2026-08-16T01:21:10+0200,30cb418c-e56a-40a4-8689-fc8db64f26d1,2026-07-27T15:30:00Z,2026-07-27T17:30:00+0200,54978.99493,MW,DE,DE_LU,actual_load,Actual Load,2026-08-15T23:22:55Z
2026-08-15T23:21:10Z,2026-08-16T01:21:10+0200,30cb418c-e56a-40a4-8689-fc8db64f26d1,2026-07-27T15:45:00Z,2026-07-27T17:45:00+0200,55572.70334,MW,DE,DE_LU,actual_load,Actual Load,2026-08-15T23:22:55Z
2026-08-15T23:21:10Z,2026-08-16T01:21:10+0200,30cb418c-e56a-40a4-8689-fc8db64f26d1,2026-07-27T16:00:00Z,2026-07-27T18:00:00+0200,55828.91288,MW,DE,DE_LU,actual_load,Actual Load,2026-08-15T23:22:55Z
2026-08-15T23:21:10Z,2026-08-16T01:21:10+0200,30cb418c-e56a-40a4-8689-fc8db64f26d1,2026-07-27T16:15:00Z,2026-07-27T18:15:00+0200,55757.18729,MW,DE,DE_LU,actual_load,Actual Load,2026-08-15T23:22:55Z
2026-08-15T23:21:10Z,2026-08-16T01:21:10+0200,30cb418c-e56a-40a4-8689-fc8db64f26d1,2026-07-27T16:30:00Z,2026-07-27T18:30:00+0200,55749.56359,MW,DE,DE_LU,actual_load,Actual Load,2026-08-15T23:22:55Z
2026-08-15T23:21:10Z,2026-08-16T01:21:10+0200,30cb418c-e56a-40a4-8689-fc8db64f26d1,2026-07-27T16:45:00Z,2026-07-27T18:45:00+0200,56076.47511,MW,DE,DE_LU,actual_load,Actual Load,2026-08-15T23:22:55Z
2026-08-15T23:21:10Z,2026-08-16T01:21:10+0200,30cb418c-e56a-40a4-8689-fc8db64f26d1,2026-07-27T17:00:00Z,2026-07-27T19:00:00+0200,56519.7677,MW,DE,DE_LU,actual_load,Actual Load,2026-08-15T23:22:55Z
2026-08-15T23:21:10Z,2026-08-16T01:21:10+0200,30cb418c-e56a-40a4-8689-fc8db64f26d1,2026-07-27T17:15:00Z,2026-07-27T19:15:00+0200,56373.32898,MW,DE,DE_LU,actual_load,Actual Load,2026-08-15T23:22:55Z
2026-08-15T23:21:10Z,2026-08-16T01:21:10+0200,30cb418c-e56a-40a4-8689-fc8db64f26d1,2026-07-27T17:30:00Z,2026-07-27T19:30:00+0200,56318.04526,MW,DE,DE_LU,actual_load,Actual Load,2026-08-15T23:22:55Z
2026-08-15T23:21:10Z,2026-08-16T01:21:10+0200,30cb418c-e56a-40a4-8689-fc8db64f26d1,2026-07-27T17:45:00Z,2026-07-27T19:45:00+0200,55380.75159,MW,DE,DE_LU,actual_load,Actual Load,2026-08-15T23:22:55Z
2026-08-15T23:21:10Z,2026-08-16T01:21:10+0200,30cb418c-e56a-40a4-8689-fc8db64f26d1,2026-07-27T18:00:00Z,2026-07-27T20:00:00+0200,55767.29621,MW,DE,DE_LU,actual_load,Actual Load,2026-08-15T23:22:55Z
2026-08-15T23:21:10Z,2026-08-16T01:21:10+0200,30cb418c-e56a-40a4-8689-fc8db64f26d1,2026-07-27T18:15:00Z,2026-07-27T20:15:00+0200,54980.87865,MW,DE,DE_LU,actual_load,Actual Load,2026-08-15T23:22:55Z
2026-08-15T23:21:10Z,2026-08-16T01:21:10+0200,30cb418c-e56a-40a4-8689-fc8db64f26d1,2026-07-27T18:30:00Z,2026-07-27T20:30:00+0200,54500.85318,MW,DE,DE_LU,actual_load,Actual Load,2026-08-15T23:22:55Z
2026-08-15T23:21:10Z,2026-08-16T01:21:10+0200,30cb418c-e56a-40a4-8689-fc8db64f26d1,2026-07-27T18:45:00Z,2026-07-27T20:45:00+0200,53638.35755,MW,DE,DE_LU,actual_load,Actual Load,2026-08-15T23:22:55Z
2026-08-15T23:21:10Z,2026-08-16T01:21:10+0200,30cb418c-e56a-40a4-8689-fc8db64f26d1,2026-07-27T19:00:00Z,2026-07-27T21:00:00+0200,53544.51737,MW,DE,DE_LU,actual_load,Actual Load,2026-08-15T23:22:55Z
2026-08-15T23:21:10Z,2026-08-16T01:21:10+0200,30cb418c-e56a-40a4-8689-fc8db64f26d1,2026-07-27T19:15:00Z,2026-07-27T21:15:00+0200,53356.98551,MW,DE,DE_LU,actual_load,Actual Load,2026-08-15T23:22:55Z
2026-08-15T23:21:10Z,2026-08-16T01:21:10+0200,30cb418c-e56a-40a4-8689-fc8db64f26d1,2026-07-27T19:30:00Z,2026-07-27T21:30:00+0200,53045.14605,MW,DE,DE_LU,actual_load,Actual Load,2026-08-15T23:22:55Z
2026-08-15T23:21:10Z,2026-08-16T01:21:10+0200,30cb418c-e56a-40a4-8689-fc8db64f26d1,2026-07-27T19:45:00Z,2026-07-27T21:45:00+0200,53171.39735,MW,DE,DE_LU,actual_load,Actual Load,2026-08-15T23:22:55Z
2026-08-15T23:21:10Z,2026-08-16T01:21:10+0200,30cb418c-e56a-40a4-8689-fc8db64f26d1,2026-07-27T20:00:00Z,2026-07-27T22:00:00+0200,51637.60275,MW,DE,DE_LU,actual_load,Actual Load,2026-08-15T23:22:55Z
2026-08-15T23:21:10Z,2026-08-16T01:21:10+0200,30cb418c-e56a-40a4-8689-fc8db64f26d1,2026-07-27T20:15:00Z,2026-07-27T22:15:00+0200,51193.04135,MW,DE,DE_LU,actual_load,Actual Load,2026-08-15T23:22:55Z
2026-08-15T23:21:10Z,2026-08-16T01:21:10+0200,30cb418c-e56a-40a4-8689-fc8db64f26d1,2026-07-27T20:30:00Z,2026-07-27T22:30:00+0200,50557.26669,MW,DE,DE_LU,actual_load,Actual Load,2026-08-15T23:22:55Z
2026-08-15T23:21:10Z,2026-08-16T01:21:10+0200,30cb418c-e56a-40a4-8689-fc8db64f26d1,2026-07-27T20:45:00Z,2026-07-27T22:45:00+0200,49882.59791,MW,DE,DE_LU,actual_load,Actual Load,2026-08-15T23:22:55Z
2026-08-15T23:21:10Z,2026-08-16T01:21:10+0200,30cb418c-e56a-40a4-8689-fc8db64f26d1,2026-07-27T21:00:00Z,2026-07-27T23:00:00+0200,48920.33222,MW,DE,DE_LU,actual_load,Actual Load,2026-08-15T23:22:55Z
2026-08-15T23:21:10Z,2026-08-16T01:21:10+0200,30cb418c-e56a-40a4-8689-fc8db64f26d1,2026-07-27T21:15:00Z,2026-07-27T23:15:00+0200,48220.4649,MW,DE,DE_LU,actual_load,Actual Load,2026-08-15T23:22:55Z
2026-08-15T23:21:10Z,2026-08-16T01:21:10+0200,30cb418c-e56a-40a4-8689-fc8db64f26d1,2026-07-27T21:30:00Z,2026-07-27T23:30:00+0200,47686.96342,MW,DE,DE_LU,actual_load,Actual Load,2026-08-15T23:22:55Z
2026-08-15T23:21:10Z,2026-08-16T01:21:10+0200,30cb418c-e56a-40a4-8689-fc8db64f26d1,2026-07-27T21:45:00Z,2026-07-27T23:45:00+0200,47168.08726,MW,DE,DE_LU,actual_load,Actual Load,2026-08-15T23:22:55Z
2026-08-15T23:21:10Z,2026-08-16T01:21:10+0200,30cb418c-e56a-40a4-8689-fc8db64f26d1,2026-07-27T22:00:00Z,2026-07-28T00:00:00+0200,46268.8819,MW,DE,DE_LU,actual_load,Actual Load,2026-08-15T23:22:55Z
2026-08-15T23:21:10Z,2026-08-16T01:21:10+0200,30cb418c-e56a-40a4-8689-fc8db64f26d1,2026-07-27T22:15:00Z,2026-07-28T00:15:00+0200,45749.86239,MW,DE,DE_LU,actual_load,Actual Load,2026-08-15T23:22:55Z
2026-08-15T23:21:10Z,2026-08-16T01:21:10+0200,30cb418c-e56a-40a4-8689-fc8db64f26d1,2026-07-27T22:30:00Z,2026-07-28T00:30:00+0200,45935.37436,MW,DE,DE_LU,actual_load,Actual Load,2026-08-15T23:22:55Z
2026-08-15T23:21:10Z,2026-08-16T01:21:10+0200,30cb418c-e56a-40a4-8689-fc8db64f26d1,2026-07-27T22:45:00Z,2026-07-28T00:45:00+0200,46016.66759,MW,DE,DE_LU,actual_load,Actual Load,2026-08-15T23:22:55Z
2026-08-15T23:21:10Z,2026-08-16T01:21:10+0200,30cb418c-e56a-40a4-8689-fc8db64f26d1,2026-07-27T23:00:00Z,2026-07-28T01:00:00+0200,44841.55694,MW,DE,DE_LU,actual_load,Actual Load,2026-08-15T23:22:55Z
2026-08-15T23:21:10Z,2026-08-16T01:21:10+0200,30cb418c-e56a-40a4-8689-fc8db64f26d1,2026-07-27T23:15:00Z,2026-07-28T01:15:00+0200,45071.59898,MW,DE,DE_LU,actual_load,Actual Load,2026-08-15T23:22:55Z
2026-08-15T23:21:10Z,2026-08-16T01:21:10+0200,30cb418c-e56a-40a4-8689-fc8db64f26d1,2026-07-27T23:30:00Z,2026-07-28T01:30:00+0200,44732.09748,MW,DE,DE_LU,actual_load,Actual Load,2026-08-15T23:22:55Z
2026-08-15T23:21:10Z,2026-08-16T01:21:10+0200,30cb418c-e56a-40a4-8689-fc8db64f26d1,2026-07-27T23:45:00Z,2026-07-28T01:45:00+0200,44735.12342,MW,DE,DE_LU,actual_load,Actual Load,2026-08-15T23:22:55Z
2026-08-15T23:21:10Z,2026-08-16T01:21:10+0200,30cb418c-e56a-40a4-8689-fc8db64f26d1,2026-07-28T00:00:00Z,2026-07-28T02:00:00+0200,44346.8168,MW,DE,DE_LU,actual_load,Actual Load,2026-08-15T23:22:55Z
2026-08-15T23:21:10Z,2026-08-16T01:21:10+0200,30cb418c-e56a-40a4-8689-fc8db64f26d1,2026-07-28T00:15:00Z,2026-07-28T02:15:00+0200,43965.31897,MW,DE,DE_LU,actual_load,Actual Load,2026-08-15T23:22:55Z
2026-08-15T23:21:10Z,2026-08-16T01:21:10+0200,30cb418c-e56a-40a4-8689-fc8db64f26d1,2026-07-28T00:30:00Z,2026-07-28T02:30:00+0200,44012.80126,MW,DE,DE_LU,actual_load,Actual Load,2026-08-15T23:22:55Z
2026-08-15T23:21:10Z,2026-08-16T01:21:10+0200,30cb418c-e56a-40a4-8689-fc8db64f26d1,2026-07-28T00:45:00Z,2026-07-28T02:45:00+0200,43804.31905,MW,DE,DE_LU,actual_load,Actual Load,2026-08-15T23:22:55Z
2026-08-15T23:21:10Z,2026-08-16T01:21:10+0200,30cb418c-e56a-40a4-8689-fc8db64f26d1,2026-07-28T01:00:00Z,2026-07-28T03:00:00+0200,44012.42196,MW,DE,DE_LU,actual_load,Actual Load,2026-08-15T23:22:55Z
2026-08-15T23:21:10Z,2026-08-16T01:21:10+0200,30cb418c-e56a-40a4-8689-fc8db64f26d1,2026-07-28T01:15:00Z,2026-07-28T03:15:00+0200,43919.03725,MW,DE,DE_LU,actual_load,Actual Load,2026-08-15T23:22:55Z
2026-08-15T23:21:10Z,2026-08-16T01:21:10+0200,30cb418c-e56a-40a4-8689-fc8db64f26d1,2026-07-28T01:30:00Z,2026-07-28T03:30:00+0200,43852.49508,MW,DE,DE_LU,actual_load,Actual Load,2026-08-15T23:22:55Z
2026-08-15T23:21:10Z,2026-08-16T01:21:10+0200,30cb418c-e56a-40a4-8689-fc8db64f26d1,2026-07-28T01:45:00Z,2026-07-28T03:45:00+0200,43863.87046,MW,DE,DE_LU,actual_load,Actual Load,2026-08-15T23:22:55Z
2026-08-15T23:21:10Z,2026-08-16T01:21:10+0200,30cb418c-e56a-40a4-8689-fc8db64f26d1,2026-07-28T02:00:00Z,2026-07-28T04:00:00+0200,44549.43594,MW,DE,DE_LU,actual_load,Actual Load,2026-08-15T23:22:55Z
2026-08-15T23:21:10Z,2026-08-16T01:21:10+0200,30cb418c-e56a-40a4-8689-fc8db64f26d1,2026-07-28T02:15:00Z,2026-07-28T04:15:00+0200,44416.07389,MW,DE,DE_LU,actual_load,Actual Load,2026-08-15T23:22:55Z
2026-08-15T23:21:10Z,2026-08-16T01:21:10+0200,30cb418c-e56a-40a4-8689-fc8db64f26d1,2026-07-28T02:30:00Z,2026-07-28T04:30:00+0200,44339.13959,MW,DE,DE_LU,actual_load,Actual Load,2026-08-15T23:22:55Z
2026-08-15T23:21:10Z,2026-08-16T01:21:10+0200,30cb418c-e56a-40a4-8689-fc8db64f26d1,2026-07-28T02:45:00Z,2026-07-28T04:45:00+0200,45072.79883,MW,DE,DE_LU,actual_load,Actual Load,2026-08-15T23:22:55Z
2026-08-15T23:21:10Z,2026-08-16T01:21:10+0200,30cb418c-e56a-40a4-8689-fc8db64f26d1,2026-07-28T03:00:00Z,2026-07-28T05:00:00+0200,46826.64073,MW,DE,DE_LU,actual_load,Actual Load,2026-08-15T23:22:55Z
2026-08-15T23:21:10Z,2026-08-16T01:21:10+0200,30cb418c-e56a-40a4-8689-fc8db64f26d1,2026-07-28T03:15:00Z,2026-07-28T05:15:00+0200,47152.7826,MW,DE,DE_LU,actual_load,Actual Load,2026-08-15T23:22:55Z
2026-08-15T23:21:10Z,2026-08-16T01:21:10+0200,30cb418c-e56a-40a4-8689-fc8db64f26d1,2026-07-28T03:30:00Z,2026-07-28T05:30:00+0200,47736.94478,MW,DE,DE_LU,actual_load,Actual Load,2026-08-15T23:22:55Z
2026-08-15T23:21:10Z,2026-08-16T01:21:10+0200,30cb418c-e56a-40a4-8689-fc8db64f26d1,2026-07-28T03:45:00Z,2026-07-28T05:45:00+0200,47995.9103,MW,DE,DE_LU,actual_load,Actual Load,2026-08-15T23:22:55Z
2026-08-15T23:21:10Z,2026-08-16T01:21:10+0200,30cb418c-e56a-40a4-8689-fc8db64f26d1,2026-07-28T04:00:00Z,2026-07-28T06:00:00+0200,50102.36257,MW,DE,DE_LU,actual_load,Actual Load,2026-08-15T23:22:55Z
2026-08-15T23:21:10Z,2026-08-16T01:21:10+0200,30cb418c-e56a-40a4-8689-fc8db64f26d1,2026-07-28T04:15:00Z,2026-07-28T06:15:00+0200,51620.19149,MW,DE,DE_LU,actual_load,Actual Load,2026-08-15T23:22:55Z
2026-08-15T23:21:10Z,2026-08-16T01:21:10+0200,30cb418c-e56a-40a4-8689-fc8db64f26d1,2026-07-28T04:30:00Z,2026-07-28T06:30:00+0200,52629.20839,MW,DE,DE_LU,actual_load,Actual Load,2026-08-15T23:22:55Z
2026-08-15T23:21:10Z,2026-08-16T01:21:10+0200,30cb418c-e56a-40a4-8689-fc8db64f26d1,2026-07-28T04:45:00Z,2026-07-28T06:45:00+0200,53725.12375,MW,DE,DE_LU,actual_load,Actual Load,2026-08-15T23:22:55Z
2026-08-15T23:21:10Z,2026-08-16T01:21:10+0200,30cb418c-e56a-40a4-8689-fc8db64f26d1,2026-07-28T05:00:00Z,2026-07-28T07:00:00+0200,55406.08233,MW,DE,DE_LU,actual_load,Actual Load,2026-08-15T23:22:55Z
2026-08-15T23:21:10Z,2026-08-16T01:21:10+0200,30cb418c-e56a-40a4-8689-fc8db64f26d1,2026-07-28T05:15:00Z,2026-07-28T07:15:00+0200,57048.69666,MW,DE,DE_LU,actual_load,Actual Load,2026-08-15T23:22:55Z
2026-08-15T23:21:10Z,2026-08-16T01:21:10+0200,30cb418c-e56a-40a4-8689-fc8db64f26d1,2026-07-28T05:30:00Z,2026-07-28T07:30:00+0200,57913.97354,MW,DE,DE_LU,actual_load,Actual Load,2026-08-15T23:22:55Z
2026-08-15T23:21:10Z,2026-08-16T01:21:10+0200,30cb418c-e56a-40a4-8689-fc8db64f26d1,2026-07-28T05:45:00Z,2026-07-28T07:45:00+0200,59199.93598,MW,DE,DE_LU,actual_load,Actual Load,2026-08-15T23:22:55Z
2026-08-15T23:21:10Z,2026-08-16T01:21:10+0200,30cb418c-e56a-40a4-8689-fc8db64f26d1,2026-07-28T06:00:00Z,2026-07-28T08:00:00+0200,59242.30334,MW,DE,DE_LU,actual_load,Actual Load,2026-08-15T23:22:55Z
2026-08-15T23:21:10Z,2026-08-16T01:21:10+0200,30cb418c-e56a-40a4-8689-fc8db64f26d1,2026-07-28T06:15:00Z,2026-07-28T08:15:00+0200,59288.85905,MW,DE,DE_LU,actual_load,Actual Load,2026-08-15T23:22:55Z
2026-08-15T23:21:10Z,2026-08-16T01:21:10+0200,30cb418c-e56a-40a4-8689-fc8db64f26d1,2026-07-28T06:30:00Z,2026-07-28T08:30:00+0200,59906.7962,MW,DE,DE_LU,actual_load,Actual Load,2026-08-15T23:22:55Z
2026-08-15T23:21:10Z,2026-08-16T01:21:10+0200,30cb418c-e56a-40a4-8689-fc8db64f26d1,2026-07-28T06:45:00Z,2026-07-28T08:45:00+0200,59975.71284,MW,DE,DE_LU,actual_load,Actual Load,2026-08-15T23:22:55Z
2026-08-15T23:21:10Z,2026-08-16T01:21:10+0200,30cb418c-e56a-40a4-8689-fc8db64f26d1,2026-07-28T07:00:00Z,2026-07-28T09:00:00+0200,59603.02176,MW,DE,DE_LU,actual_load,Actual Load,2026-08-15T23:22:55Z
2026-08-15T23:21:10Z,2026-08-16T01:21:10+0200,30cb418c-e56a-40a4-8689-fc8db64f26d1,2026-07-28T07:15:00Z,2026-07-28T09:15:00+0200,59298.93828,MW,DE,DE_LU,actual_load,Actual Load,2026-08-15T23:22:55Z
2026-08-15T23:21:10Z,2026-08-16T01:21:10+0200,30cb418c-e56a-40a4-8689-fc8db64f26d1,2026-07-28T07:30:00Z,2026-07-28T09:30:00+0200,60091.81054,MW,DE,DE_LU,actual_load,Actual Load,2026-08-15T23:22:55Z
2026-08-15T23:21:10Z,2026-08-16T01:21:10+0200,30cb418c-e56a-40a4-8689-fc8db64f26d1,2026-07-28T07:45:00Z,2026-07-28T09:45:00+0200,59411.87188,MW,DE,DE_LU,actual_load,Actual Load,2026-08-15T23:22:55Z
2026-08-15T23:21:10Z,2026-08-16T01:21:10+0200,30cb418c-e56a-40a4-8689-fc8db64f26d1,2026-07-28T08:00:00Z,2026-07-28T10:00:00+0200,58740.4971,MW,DE,DE_LU,actual_load,Actual Load,2026-08-15T23:22:55Z
2026-08-15T23:21:10Z,2026-08-16T01:21:10+0200,30cb418c-e56a-40a4-8689-fc8db64f26d1,2026-07-28T08:15:00Z,2026-07-28T10:15:00+0200,57900.4737,MW,DE,DE_LU,actual_load,Actual Load,2026-08-15T23:22:55Z
2026-08-15T23:21:10Z,2026-08-16T01:21:10+0200,30cb418c-e56a-40a4-8689-fc8db64f26d1,2026-07-28T08:30:00Z,2026-07-28T10:30:00+0200,57964.58745,MW,DE,DE_LU,actual_load,Actual Load,2026-08-15T23:22:55Z
2026-08-15T23:21:10Z,2026-08-16T01:21:10+0200,30cb418c-e56a-40a4-8689-fc8db64f26d1,2026-07-28T08:45:00Z,2026-07-28T10:45:00+0200,57477.05383,MW,DE,DE_LU,actual_load,Actual Load,2026-08-15T23:22:55Z
2026-08-15T23:21:10Z,2026-08-16T01:21:10+0200,30cb418c-e56a-40a4-8689-fc8db64f26d1,2026-07-28T09:00:00Z,2026-07-28T11:00:00+0200,57378.41222,MW,DE,DE_LU,actual_load,Actual Load,2026-08-15T23:22:55Z
2026-08-15T23:21:10Z,2026-08-16T01:21:10+0200,30cb418c-e56a-40a4-8689-fc8db64f26d1,2026-07-28T09:15:00Z,2026-07-28T11:15:00+0200,57581.0373,MW,DE,DE_LU,actual_load,Actual Load,2026-08-15T23:22:55Z
2026-08-15T23:21:10Z,2026-08-16T01:21:10+0200,30cb418c-e56a-40a4-8689-fc8db64f26d1,2026-07-28T09:30:00Z,2026-07-28T11:30:00+0200,57121.7421,MW,DE,DE_LU,actual_load,Actual Load,2026-08-15T23:22:55Z
2026-08-15T23:21:10Z,2026-08-16T01:21:10+0200,30cb418c-e56a-40a4-8689-fc8db64f26d1,2026-07-28T09:45:00Z,2026-07-28T11:45:00+0200,57566.3284,MW,DE,DE_LU,actual_load,Actual Load,2026-08-15T23:22:55Z
2026-08-15T23:21:10Z,2026-08-16T01:21:10+0200,30cb418c-e56a-40a4-8689-fc8db64f26d1,2026-07-28T10:00:00Z,2026-07-28T12:00:00+0200,57679.30086,MW,DE,DE_LU,actual_load,Actual Load,2026-08-15T23:22:55Z
2026-08-15T23:21:10Z,2026-08-16T01:21:10+0200,30cb418c-e56a-40a4-8689-fc8db64f26d1,2026-07-28T10:15:00Z,2026-07-28T12:15:00+0200,57643.6847,MW,DE,DE_LU,actual_load,Actual Load,2026-08-15T23:22:55Z
2026-08-15T23:21:10Z,2026-08-16T01:21:10+0200,30cb418c-e56a-40a4-8689-fc8db64f26d1,2026-07-28T10:30:00Z,2026-07-28T12:30:00+0200,57803.48703,MW,DE,DE_LU,actual_load,Actual Load,2026-08-15T23:22:55Z
2026-08-15T23:21:10Z,2026-08-16T01:21:10+0200,30cb418c-e56a-40a4-8689-fc8db64f26d1,2026-07-28T10:45:00Z,2026-07-28T12:45:00+0200,57130.79548,MW,DE,DE_LU,actual_load,Actual Load,2026-08-15T23:22:55Z
2026-08-15T23:21:10Z,2026-08-16T01:21:10+0200,30cb418c-e56a-40a4-8689-fc8db64f26d1,2026-07-28T11:00:00Z,2026-07-28T13:00:00+0200,56905.02792,MW,DE,DE_LU,actual_load,Actual Load,2026-08-15T23:22:55Z
2026-08-15T23:21:10Z,2026-08-16T01:21:10+0200,30cb418c-e56a-40a4-8689-fc8db64f26d1,2026-07-28T11:15:00Z,2026-07-28T13:15:00+0200,56644.21374,MW,DE,DE_LU,actual_load,Actual Load,2026-08-15T23:22:55Z
2026-08-15T23:21:10Z,2026-08-16T01:21:10+0200,30cb418c-e56a-40a4-8689-fc8db64f26d1,2026-07-28T11:30:00Z,2026-07-28T13:30:00+0200,56461.56822,MW,DE,DE_LU,actual_load,Actual Load,2026-08-15T23:22:55Z
2026-08-15T23:21:10Z,2026-08-16T01:21:10+0200,30cb418c-e56a-40a4-8689-fc8db64f26d1,2026-07-28T11:45:00Z,2026-07-28T13:45:00+0200,56111.92528,MW,DE,DE_LU,actual_load,Actual Load,2026-08-15T23:22:55Z
2026-08-15T23:21:10Z,2026-08-16T01:21:10+0200,30cb418c-e56a-40a4-8689-fc8db64f26d1,2026-07-28T12:00:00Z,2026-07-28T14:00:00+0200,54700.84602,MW,DE,DE_LU,actual_load,Actual Load,2026-08-15T23:22:55Z
2026-08-15T23:21:10Z,2026-08-16T01:21:10+0200,30cb418c-e56a-40a4-8689-fc8db64f26d1,2026-07-28T12:15:00Z,2026-07-28T14:15:00+0200,55080.75926,MW,DE,DE_LU,actual_load,Actual Load,2026-08-15T23:22:55Z
2026-08-15T23:21:10Z,2026-08-16T01:21:10+0200,30cb418c-e56a-40a4-8689-fc8db64f26d1,2026-07-28T12:30:00Z,2026-07-28T14:30:00+0200,54914.58712,MW,DE,DE_LU,actual_load,Actual Load,2026-08-15T23:22:55Z
2026-08-15T23:21:10Z,2026-08-16T01:21:10+0200,30cb418c-e56a-40a4-8689-fc8db64f26d1,2026-07-28T12:45:00Z,2026-07-28T14:45:00+0200,54462.09162,MW,DE,DE_LU,actual_load,Actual Load,2026-08-15T23:22:55Z
2026-08-15T23:21:10Z,2026-08-16T01:21:10+0200,30cb418c-e56a-40a4-8689-fc8db64f26d1,2026-07-28T13:00:00Z,2026-07-28T15:00:00+0200,54241.06374,MW,DE,DE_LU,actual_load,Actual Load,2026-08-15T23:22:55Z
2026-08-15T23:21:10Z,2026-08-16T01:21:10+0200,30cb418c-e56a-40a4-8689-fc8db64f26d1,2026-07-28T13:15:00Z,2026-07-28T15:15:00+0200,53668.27164,MW,DE,DE_LU,actual_load,Actual Load,2026-08-15T23:22:55Z
2026-08-15T23:21:10Z,2026-08-16T01:21:10+0200,30cb418c-e56a-40a4-8689-fc8db64f26d1,2026-07-28T13:30:00Z,2026-07-28T15:30:00+0200,52968.241,MW,DE,DE_LU,actual_load,Actual Load,2026-08-15T23:22:55Z
2026-08-15T23:21:10Z,2026-08-16T01:21:10+0200,30cb418c-e56a-40a4-8689-fc8db64f26d1,2026-07-28T13:45:00Z,2026-07-28T15:45:00+0200,53136.26559,MW,DE,DE_LU,actual_load,Actual Load,2026-08-15T23:22:55Z
2026-08-15T23:21:10Z,2026-08-16T01:21:10+0200,30cb418c-e56a-40a4-8689-fc8db64f26d1,2026-07-28T14:00:00Z,2026-07-28T16:00:00+0200,52898.46413,MW,DE,DE_LU,actual_load,Actual Load,2026-08-15T23:22:55Z
2026-08-15T23:21:10Z,2026-08-16T01:21:10+0200,30cb418c-e56a-40a4-8689-fc8db64f26d1,2026-07-28T14:15:00Z,2026-07-28T16:15:00+0200,53048.14423,MW,DE,DE_LU,actual_load,Actual Load,2026-08-15T23:22:55Z
2026-08-15T23:21:10Z,2026-08-16T01:21:10+0200,30cb418c-e56a-40a4-8689-fc8db64f26d1,2026-07-28T14:30:00Z,2026-07-28T16:30:00+0200,52839.77205,MW,DE,DE_LU,actual_load,Actual Load,2026-08-15T23:22:55Z
2026-08-15T23:21:10Z,2026-08-16T01:21:10+0200,30cb418c-e56a-40a4-8689-fc8db64f26d1,2026-07-28T14:45:00Z,2026-07-28T16:45:00+0200,53040.08179,MW,DE,DE_LU,actual_load,Actual Load,2026-08-15T23:22:55Z
2026-08-15T23:21:10Z,2026-08-16T01:21:10+0200,30cb418c-e56a-40a4-8689-fc8db64f26d1,2026-07-28T15:00:00Z,2026-07-28T17:00:00+0200,53473.77716,MW,DE,DE_LU,actual_load,Actual Load,2026-08-15T23:22:55Z
2026-08-15T23:21:10Z,2026-08-16T01:21:10+0200,30cb418c-e56a-40a4-8689-fc8db64f26d1,2026-07-28T15:15:00Z,2026-07-28T17:15:00+0200,53935.67475,MW,DE,DE_LU,actual_load,Actual Load,2026-08-15T23:22:55Z
2026-08-15T23:21:10Z,2026-08-16T01:21:10+0200,30cb418c-e56a-40a4-8689-fc8db64f26d1,2026-07-28T15:30:00Z,2026-07-28T17:30:00+0200,55054.03891,MW,DE,DE_LU,actual_load,Actual Load,2026-08-15T23:22:55Z
2026-08-15T23:21:10Z,2026-08-16T01:21:10+0200,30cb418c-e56a-40a4-8689-fc8db64f26d1,2026-07-28T15:45:00Z,2026-07-28T17:45:00+0200,56132.09423,MW,DE,DE_LU,actual_load,Actual Load,2026-08-15T23:22:55Z
2026-08-15T23:21:10Z,2026-08-16T01:21:10+0200,30cb418c-e56a-40a4-8689-fc8db64f26d1,2026-07-28T16:00:00Z,2026-07-28T18:00:00+0200,56805.56489,MW,DE,DE_LU,actual_load,Actual Load,2026-08-15T23:22:55Z
2026-08-15T23:21:10Z,2026-08-16T01:21:10+0200,30cb418c-e56a-40a4-8689-fc8db64f26d1,2026-07-28T16:15:00Z,2026-07-28T18:15:00+0200,57788.66523,MW,DE,DE_LU,actual_load,Actual Load,2026-08-15T23:22:55Z
2026-08-15T23:21:10Z,2026-08-16T01:21:10+0200,30cb418c-e56a-40a4-8689-fc8db64f26d1,2026-07-28T16:30:00Z,2026-07-28T18:30:00+0200,58436.27469,MW,DE,DE_LU,actual_load,Actual Load,2026-08-15T23:22:55Z
2026-08-15T23:21:10Z,2026-08-16T01:21:10+0200,30cb418c-e56a-40a4-8689-fc8db64f26d1,2026-07-28T16:45:00Z,2026-07-28T18:45:00+0200,59109.14444,MW,DE,DE_LU,actual_load,Actual Load,2026-08-15T23:22:55Z
2026-08-15T23:21:10Z,2026-08-16T01:21:10+0200,30cb418c-e56a-40a4-8689-fc8db64f26d1,2026-07-28T17:00:00Z,2026-07-28T19:00:00+0200,59605.19841,MW,DE,DE_LU,actual_load,Actual Load,2026-08-15T23:22:55Z
2026-08-15T23:21:10Z,2026-08-16T01:21:10+0200,30cb418c-e56a-40a4-8689-fc8db64f26d1,2026-07-28T17:15:00Z,2026-07-28T19:15:00+0200,59404.96826,MW,DE,DE_LU,actual_load,Actual Load,2026-08-15T23:22:55Z
2026-08-15T23:21:10Z,2026-08-16T01:21:10+0200,30cb418c-e56a-40a4-8689-fc8db64f26d1,2026-07-28T17:30:00Z,2026-07-28T19:30:00+0200,58947.10314,MW,DE,DE_LU,actual_load,Actual Load,2026-08-15T23:22:55Z
2026-08-15T23:21:10Z,2026-08-16T01:21:10+0200,30cb418c-e56a-40a4-8689-fc8db64f26d1,2026-07-28T17:45:00Z,2026-07-28T19:45:00+0200,58944.72351,MW,DE,DE_LU,actual_load,Actual Load,2026-08-15T23:22:55Z
2026-08-15T23:21:10Z,2026-08-16T01:21:10+0200,30cb418c-e56a-40a4-8689-fc8db64f26d1,2026-07-28T18:00:00Z,2026-07-28T20:00:00+0200,59113.62449,MW,DE,DE_LU,actual_load,Actual Load,2026-08-15T23:22:55Z
2026-08-15T23:21:10Z,2026-08-16T01:21:10+0200,30cb418c-e56a-40a4-8689-fc8db64f26d1,2026-07-28T18:15:00Z,2026-07-28T20:15:00+0200,58142.02212,MW,DE,DE_LU,actual_load,Actual Load,2026-08-15T23:22:55Z
2026-08-15T23:21:10Z,2026-08-16T01:21:10+0200,30cb418c-e56a-40a4-8689-fc8db64f26d1,2026-07-28T18:30:00Z,2026-07-28T20:30:00+0200,57195.31972,MW,DE,DE_LU,actual_load,Actual Load,2026-08-15T23:22:55Z
2026-08-15T23:21:10Z,2026-08-16T01:21:10+0200,30cb418c-e56a-40a4-8689-fc8db64f26d1,2026-07-28T18:45:00Z,2026-07-28T20:45:00+0200,56258.03289,MW,DE,DE_LU,actual_load,Actual Load,2026-08-15T23:22:55Z
2026-08-15T23:21:10Z,2026-08-16T01:21:10+0200,30cb418c-e56a-40a4-8689-fc8db64f26d1,2026-07-28T19:00:00Z,2026-07-28T21:00:00+0200,55839.9671,MW,DE,DE_LU,actual_load,Actual Load,2026-08-15T23:22:55Z
2026-08-15T23:21:10Z,2026-08-16T01:21:10+0200,30cb418c-e56a-40a4-8689-fc8db64f26d1,2026-07-28T19:15:00Z,2026-07-28T21:15:00+0200,55710.30253,MW,DE,DE_LU,actual_load,Actual Load,2026-08-15T23:22:55Z
2026-08-15T23:21:10Z,2026-08-16T01:21:10+0200,30cb418c-e56a-40a4-8689-fc8db64f26d1,2026-07-28T19:30:00Z,2026-07-28T21:30:00+0200,55611.83298,MW,DE,DE_LU,actual_load,Actual Load,2026-08-15T23:22:55Z
2026-08-15T23:21:10Z,2026-08-16T01:21:10+0200,30cb418c-e56a-40a4-8689-fc8db64f26d1,2026-07-28T19:45:00Z,2026-07-28T21:45:00+0200,55206.31943,MW,DE,DE_LU,actual_load,Actual Load,2026-08-15T23:22:55Z
2026-08-15T23:21:10Z,2026-08-16T01:21:10+0200,30cb418c-e56a-40a4-8689-fc8db64f26d1,2026-07-28T20:00:00Z,2026-07-28T22:00:00+0200,54080.58487,MW,DE,DE_LU,actual_load,Actual Load,2026-08-15T23:22:55Z
2026-08-15T23:21:10Z,2026-08-16T01:21:10+0200,30cb418c-e56a-40a4-8689-fc8db64f26d1,2026-07-28T20:15:00Z,2026-07-28T22:15:00+0200,53045.68869,MW,DE,DE_LU,actual_load,Actual Load,2026-08-15T23:22:55Z
2026-08-15T23:21:10Z,2026-08-16T01:21:10+0200,30cb418c-e56a-40a4-8689-fc8db64f26d1,2026-07-28T20:30:00Z,2026-07-28T22:30:00+0200,52476.27171,MW,DE,DE_LU,actual_load,Actual Load,2026-08-15T23:22:55Z
2026-08-15T23:21:10Z,2026-08-16T01:21:10+0200,30cb418c-e56a-40a4-8689-fc8db64f26d1,2026-07-28T20:45:00Z,2026-07-28T22:45:00+0200,51991.59251,MW,DE,DE_LU,actual_load,Actual Load,2026-08-15T23:22:55Z
2026-08-15T23:21:10Z,2026-08-16T01:21:10+0200,30cb418c-e56a-40a4-8689-fc8db64f26d1,2026-07-28T21:00:00Z,2026-07-28T23:00:00+0200,50896.88546,MW,DE,DE_LU,actual_load,Actual Load,2026-08-15T23:22:55Z
2026-08-15T23:21:10Z,2026-08-16T01:21:10+0200,30cb418c-e56a-40a4-8689-fc8db64f26d1,2026-07-28T21:15:00Z,2026-07-28T23:15:00+0200,50148.92776,MW,DE,DE_LU,actual_load,Actual Load,2026-08-15T23:22:55Z
2026-08-15T23:21:10Z,2026-08-16T01:21:10+0200,30cb418c-e56a-40a4-8689-fc8db64f26d1,2026-07-28T21:30:00Z,2026-07-28T23:30:00+0200,48997.65123,MW,DE,DE_LU,actual_load,Actual Load,2026-08-15T23:22:55Z
2026-08-15T23:21:10Z,2026-08-16T01:21:10+0200,30cb418c-e56a-40a4-8689-fc8db64f26d1,2026-07-28T21:45:00Z,2026-07-28T23:45:00+0200,48226.14024,MW,DE,DE_LU,actual_load,Actual Load,2026-08-15T23:22:55Z
2026-08-15T23:21:10Z,2026-08-16T01:21:10+0200,30cb418c-e56a-40a4-8689-fc8db64f26d1,2026-07-28T22:00:00Z,2026-07-29T00:00:00+0200,47642.89152,MW,DE,DE_LU,actual_load,Actual Load,2026-08-15T23:22:55Z
2026-08-15T23:21:10Z,2026-08-16T01:21:10+0200,30cb418c-e56a-40a4-8689-fc8db64f26d1,2026-07-28T22:15:00Z,2026-07-29T00:15:00+0200,47465.45202,MW,DE,DE_LU,actual_load,Actual Load,2026-08-15T23:22:55Z
2026-08-15T23:21:10Z,2026-08-16T01:21:10+0200,30cb418c-e56a-40a4-8689-fc8db64f26d1,2026-07-28T22:30:00Z,2026-07-29T00:30:00+0200,47362.22892,MW,DE,DE_LU,actual_load,Actual Load,2026-08-15T23:22:55Z
2026-08-15T23:21:10Z,2026-08-16T01:21:10+0200,30cb418c-e56a-40a4-8689-fc8db64f26d1,2026-07-28T22:45:00Z,2026-07-29T00:45:00+0200,47231.63509,MW,DE,DE_LU,actual_load,Actual Load,2026-08-15T23:22:55Z
2026-08-15T23:21:10Z,2026-08-16T01:21:10+0200,30cb418c-e56a-40a4-8689-fc8db64f26d1,2026-07-28T23:00:00Z,2026-07-29T01:00:00+0200,46235.10391,MW,DE,DE_LU,actual_load,Actual Load,2026-08-15T23:22:55Z
2026-08-15T23:21:10Z,2026-08-16T01:21:10+0200,30cb418c-e56a-40a4-8689-fc8db64f26d1,2026-07-28T23:15:00Z,2026-07-29T01:15:00+0200,46203.78844,MW,DE,DE_LU,actual_load,Actual Load,2026-08-15T23:22:55Z
2026-08-15T23:21:10Z,2026-08-16T01:21:10+0200,30cb418c-e56a-40a4-8689-fc8db64f26d1,2026-07-28T23:30:00Z,2026-07-29T01:30:00+0200,46393.73555,MW,DE,DE_LU,actual_load,Actual Load,2026-08-15T23:22:55Z
2026-08-15T23:21:10Z,2026-08-16T01:21:10+0200,30cb418c-e56a-40a4-8689-fc8db64f26d1,2026-07-28T23:45:00Z,2026-07-29T01:45:00+0200,46807.37921,MW,DE,DE_LU,actual_load,Actual Load,2026-08-15T23:22:55Z
2026-08-15T23:21:10Z,2026-08-16T01:21:10+0200,30cb418c-e56a-40a4-8689-fc8db64f26d1,2026-07-29T00:00:00Z,2026-07-29T02:00:00+0200,46104.57222,MW,DE,DE_LU,actual_load,Actual Load,2026-08-15T23:22:55Z
2026-08-15T23:21:10Z,2026-08-16T01:21:10+0200,30cb418c-e56a-40a4-8689-fc8db64f26d1,2026-07-29T00:15:00Z,2026-07-29T02:15:00+0200,45729.07812,MW,DE,DE_LU,actual_load,Actual Load,2026-08-15T23:22:55Z
2026-08-15T23:21:10Z,2026-08-16T01:21:10+0200,30cb418c-e56a-40a4-8689-fc8db64f26d1,2026-07-29T00:30:00Z,2026-07-29T02:30:00+0200,45851.68307,MW,DE,DE_LU,actual_load,Actual Load,2026-08-15T23:22:55Z
2026-08-15T23:21:10Z,2026-08-16T01:21:10+0200,30cb418c-e56a-40a4-8689-fc8db64f26d1,2026-07-29T00:45:00Z,2026-07-29T02:45:00+0200,46087.69066,MW,DE,DE_LU,actual_load,Actual Load,2026-08-15T23:22:55Z
2026-08-15T23:21:10Z,2026-08-16T01:21:10+0200,30cb418c-e56a-40a4-8689-fc8db64f26d1,2026-07-29T01:00:00Z,2026-07-29T03:00:00+0200,45390.32382,MW,DE,DE_LU,actual_load,Actual Load,2026-08-15T23:22:55Z
2026-08-15T23:21:10Z,2026-08-16T01:21:10+0200,30cb418c-e56a-40a4-8689-fc8db64f26d1,2026-07-29T01:15:00Z,2026-07-29T03:15:00+0200,45017.41712,MW,DE,DE_LU,actual_load,Actual Load,2026-08-15T23:22:55Z
2026-08-15T23:21:10Z,2026-08-16T01:21:10+0200,30cb418c-e56a-40a4-8689-fc8db64f26d1,2026-07-29T01:30:00Z,2026-07-29T03:30:00+0200,45062.76326,MW,DE,DE_LU,actual_load,Actual Load,2026-08-15T23:22:55Z
2026-08-15T23:21:10Z,2026-08-16T01:21:10+0200,30cb418c-e56a-40a4-8689-fc8db64f26d1,2026-07-29T01:45:00Z,2026-07-29T03:45:00+0200,45047.1781,MW,DE,DE_LU,actual_load,Actual Load,2026-08-15T23:22:55Z
2026-08-15T23:21:10Z,2026-08-16T01:21:10+0200,30cb418c-e56a-40a4-8689-fc8db64f26d1,2026-07-29T02:00:00Z,2026-07-29T04:00:00+0200,45338.05337,MW,DE,DE_LU,actual_load,Actual Load,2026-08-15T23:22:55Z
2026-08-15T23:21:10Z,2026-08-16T01:21:10+0200,30cb418c-e56a-40a4-8689-fc8db64f26d1,2026-07-29T02:15:00Z,2026-07-29T04:15:00+0200,45704.41712,MW,DE,DE_LU,actual_load,Actual Load,2026-08-15T23:22:55Z
2026-08-15T23:21:10Z,2026-08-16T01:21:10+0200,30cb418c-e56a-40a4-8689-fc8db64f26d1,2026-07-29T02:30:00Z,2026-07-29T04:30:00+0200,45957.82058,MW,DE,DE_LU,actual_load,Actual Load,2026-08-15T23:22:55Z
2026-08-15T23:21:10Z,2026-08-16T01:21:10+0200,30cb418c-e56a-40a4-8689-fc8db64f26d1,2026-07-29T02:45:00Z,2026-07-29T04:45:00+0200,46397.20055,MW,DE,DE_LU,actual_load,Actual Load,2026-08-15T23:22:55Z
2026-08-15T23:21:10Z,2026-08-16T01:21:10+0200,30cb418c-e56a-40a4-8689-fc8db64f26d1,2026-07-29T03:00:00Z,2026-07-29T05:00:00+0200,47489.35254,MW,DE,DE_LU,actual_load,Actual Load,2026-08-15T23:22:55Z
2026-08-15T23:21:10Z,2026-08-16T01:21:10+0200,30cb418c-e56a-40a4-8689-fc8db64f26d1,2026-07-29T03:15:00Z,2026-07-29T05:15:00+0200,47779.20655,MW,DE,DE_LU,actual_load,Actual Load,2026-08-15T23:22:55Z
2026-08-15T23:21:10Z,2026-08-16T01:21:10+0200,30cb418c-e56a-40a4-8689-fc8db64f26d1,2026-07-29T03:30:00Z,2026-07-29T05:30:00+0200,48830.42582,MW,DE,DE_LU,actual_load,Actual Load,2026-08-15T23:22:55Z
2026-08-15T23:21:10Z,2026-08-16T01:21:10+0200,30cb418c-e56a-40a4-8689-fc8db64f26d1,2026-07-29T03:45:00Z,2026-07-29T05:45:00+0200,49887.14003,MW,DE,DE_LU,actual_load,Actual Load,2026-08-15T23:22:55Z
2026-08-15T23:21:10Z,2026-08-16T01:21:10+0200,30cb418c-e56a-40a4-8689-fc8db64f26d1,2026-07-29T04:00:00Z,2026-07-29T06:00:00+0200,51495.61192,MW,DE,DE_LU,actual_load,Actual Load,2026-08-15T23:22:55Z
2026-08-15T23:21:10Z,2026-08-16T01:21:10+0200,30cb418c-e56a-40a4-8689-fc8db64f26d1,2026-07-29T04:15:00Z,2026-07-29T06:15:00+0200,53311.22124,MW,DE,DE_LU,actual_load,Actual Load,2026-08-15T23:22:55Z
2026-08-15T23:21:10Z,2026-08-16T01:21:10+0200,30cb418c-e56a-40a4-8689-fc8db64f26d1,2026-07-29T04:30:00Z,2026-07-29T06:30:00+0200,54476.74882,MW,DE,DE_LU,actual_load,Actual Load,2026-08-15T23:22:55Z
2026-08-15T23:21:10Z,2026-08-16T01:21:10+0200,30cb418c-e56a-40a4-8689-fc8db64f26d1,2026-07-29T04:45:00Z,2026-07-29T06:45:00+0200,55838.43793,MW,DE,DE_LU,actual_load,Actual Load,2026-08-15T23:22:55Z
2026-08-15T23:21:10Z,2026-08-16T01:21:10+0200,30cb418c-e56a-40a4-8689-fc8db64f26d1,2026-07-29T05:00:00Z,2026-07-29T07:00:00+0200,56764.66993,MW,DE,DE_LU,actual_load,Actual Load,2026-08-15T23:22:55Z
2026-08-15T23:21:10Z,2026-08-16T01:21:10+0200,30cb418c-e56a-40a4-8689-fc8db64f26d1,2026-07-29T05:15:00Z,2026-07-29T07:15:00+0200,57858.12395,MW,DE,DE_LU,actual_load,Actual Load,2026-08-15T23:22:55Z
2026-08-15T23:21:10Z,2026-08-16T01:21:10+0200,30cb418c-e56a-40a4-8689-fc8db64f26d1,2026-07-29T05:30:00Z,2026-07-29T07:30:00+0200,58973.53104,MW,DE,DE_LU,actual_load,Actual Load,2026-08-15T23:22:55Z
2026-08-15T23:21:10Z,2026-08-16T01:21:10+0200,30cb418c-e56a-40a4-8689-fc8db64f26d1,2026-07-29T05:45:00Z,2026-07-29T07:45:00+0200,59854.28844,MW,DE,DE_LU,actual_load,Actual Load,2026-08-15T23:22:55Z
2026-08-15T23:21:10Z,2026-08-16T01:21:10+0200,30cb418c-e56a-40a4-8689-fc8db64f26d1,2026-07-29T06:00:00Z,2026-07-29T08:00:00+0200,59703.63943,MW,DE,DE_LU,actual_load,Actual Load,2026-08-15T23:22:55Z
2026-08-15T23:21:10Z,2026-08-16T01:21:10+0200,30cb418c-e56a-40a4-8689-fc8db64f26d1,2026-07-29T06:15:00Z,2026-07-29T08:15:00+0200,59572.1418,MW,DE,DE_LU,actual_load,Actual Load,2026-08-15T23:22:55Z
2026-08-15T23:21:10Z,2026-08-16T01:21:10+0200,30cb418c-e56a-40a4-8689-fc8db64f26d1,2026-07-29T06:30:00Z,2026-07-29T08:30:00+0200,59788.33752,MW,DE,DE_LU,actual_load,Actual Load,2026-08-15T23:22:55Z
2026-08-15T23:21:10Z,2026-08-16T01:21:10+0200,30cb418c-e56a-40a4-8689-fc8db64f26d1,2026-07-29T06:45:00Z,2026-07-29T08:45:00+0200,59595.67395,MW,DE,DE_LU,actual_load,Actual Load,2026-08-15T23:22:55Z
2026-08-15T23:21:10Z,2026-08-16T01:21:10+0200,30cb418c-e56a-40a4-8689-fc8db64f26d1,2026-07-29T07:00:00Z,2026-07-29T09:00:00+0200,59303.54016,MW,DE,DE_LU,actual_load,Actual Load,2026-08-15T23:22:55Z
2026-08-15T23:21:10Z,2026-08-16T01:21:10+0200,30cb418c-e56a-40a4-8689-fc8db64f26d1,2026-07-29T07:15:00Z,2026-07-29T09:15:00+0200,59321.58938,MW,DE,DE_LU,actual_load,Actual Load,2026-08-15T23:22:55Z
2026-08-15T23:21:10Z,2026-08-16T01:21:10+0200,30cb418c-e56a-40a4-8689-fc8db64f26d1,2026-07-29T07:30:00Z,2026-07-29T09:30:00+0200,58912.365,MW,DE,DE_LU,actual_load,Actual Load,2026-08-15T23:22:55Z
2026-08-15T23:21:10Z,2026-08-16T01:21:10+0200,30cb418c-e56a-40a4-8689-fc8db64f26d1,2026-07-29T07:45:00Z,2026-07-29T09:45:00+0200,58748.25382,MW,DE,DE_LU,actual_load,Actual Load,2026-08-15T23:22:55Z
2026-08-15T23:21:10Z,2026-08-16T01:21:10+0200,30cb418c-e56a-40a4-8689-fc8db64f26d1,2026-07-29T08:00:00Z,2026-07-29T10:00:00+0200,58101.98441,MW,DE,DE_LU,actual_load,Actual Load,2026-08-15T23:22:55Z
2026-08-15T23:21:10Z,2026-08-16T01:21:10+0200,30cb418c-e56a-40a4-8689-fc8db64f26d1,2026-07-29T08:15:00Z,2026-07-29T10:15:00+0200,57625.03807,MW,DE,DE_LU,actual_load,Actual Load,2026-08-15T23:22:55Z
2026-08-15T23:21:10Z,2026-08-16T01:21:10+0200,30cb418c-e56a-40a4-8689-fc8db64f26d1,2026-07-29T08:30:00Z,2026-07-29T10:30:00+0200,57743.14052,MW,DE,DE_LU,actual_load,Actual Load,2026-08-15T23:22:55Z
2026-08-15T23:21:10Z,2026-08-16T01:21:10+0200,30cb418c-e56a-40a4-8689-fc8db64f26d1,2026-07-29T08:45:00Z,2026-07-29T10:45:00+0200,58324.58887,MW,DE,DE_LU,actual_load,Actual Load,2026-08-15T23:22:55Z
2026-08-15T23:21:10Z,2026-08-16T01:21:10+0200,30cb418c-e56a-40a4-8689-fc8db64f26d1,2026-07-29T09:00:00Z,2026-07-29T11:00:00+0200,57715.13072,MW,DE,DE_LU,actual_load,Actual Load,2026-08-15T23:22:55Z
2026-08-15T23:21:10Z,2026-08-16T01:21:10+0200,30cb418c-e56a-40a4-8689-fc8db64f26d1,2026-07-29T09:15:00Z,2026-07-29T11:15:00+0200,57480.28346,MW,DE,DE_LU,actual_load,Actual Load,2026-08-15T23:22:55Z
2026-08-15T23:21:10Z,2026-08-16T01:21:10+0200,30cb418c-e56a-40a4-8689-fc8db64f26d1,2026-07-29T09:30:00Z,2026-07-29T11:30:00+0200,57567.20434,MW,DE,DE_LU,actual_load,Actual Load,2026-08-15T23:22:55Z
2026-08-15T23:21:10Z,2026-08-16T01:21:10+0200,30cb418c-e56a-40a4-8689-fc8db64f26d1,2026-07-29T09:45:00Z,2026-07-29T11:45:00+0200,57547.99204,MW,DE,DE_LU,actual_load,Actual Load,2026-08-15T23:22:55Z
2026-08-15T23:21:10Z,2026-08-16T01:21:10+0200,30cb418c-e56a-40a4-8689-fc8db64f26d1,2026-07-29T10:00:00Z,2026-07-29T12:00:00+0200,57664.07922,MW,DE,DE_LU,actual_load,Actual Load,2026-08-15T23:22:55Z
2026-08-15T23:21:10Z,2026-08-16T01:21:10+0200,30cb418c-e56a-40a4-8689-fc8db64f26d1,2026-07-29T10:15:00Z,2026-07-29T12:15:00+0200,56982.30413,MW,DE,DE_LU,actual_load,Actual Load,2026-08-15T23:22:55Z
2026-08-15T23:21:10Z,2026-08-16T01:21:10+0200,30cb418c-e56a-40a4-8689-fc8db64f26d1,2026-07-29T10:30:00Z,2026-07-29T12:30:00+0200,57869.02111,MW,DE,DE_LU,actual_load,Actual Load,2026-08-15T23:22:55Z
2026-08-15T23:21:10Z,2026-08-16T01:21:10+0200,30cb418c-e56a-40a4-8689-fc8db64f26d1,2026-07-29T10:45:00Z,2026-07-29T12:45:00+0200,58219.27352,MW,DE,DE_LU,actual_load,Actual Load,2026-08-15T23:22:55Z
2026-08-15T23:21:10Z,2026-08-16T01:21:10+0200,30cb418c-e56a-40a4-8689-fc8db64f26d1,2026-07-29T11:00:00Z,2026-07-29T13:00:00+0200,57626.13398,MW,DE,DE_LU,actual_load,Actual Load,2026-08-15T23:22:55Z
2026-08-15T23:21:10Z,2026-08-16T01:21:10+0200,30cb418c-e56a-40a4-8689-fc8db64f26d1,2026-07-29T11:15:00Z,2026-07-29T13:15:00+0200,57122.17187,MW,DE,DE_LU,actual_load,Actual Load,2026-08-15T23:22:55Z
2026-08-15T23:21:10Z,2026-08-16T01:21:10+0200,30cb418c-e56a-40a4-8689-fc8db64f26d1,2026-07-29T11:30:00Z,2026-07-29T13:30:00+0200,57276.44719,MW,DE,DE_LU,actual_load,Actual Load,2026-08-15T23:22:55Z
2026-08-15T23:21:10Z,2026-08-16T01:21:10+0200,30cb418c-e56a-40a4-8689-fc8db64f26d1,2026-07-29T11:45:00Z,2026-07-29T13:45:00+0200,56881.66175,MW,DE,DE_LU,actual_load,Actual Load,2026-08-15T23:22:55Z
2026-08-15T23:21:10Z,2026-08-16T01:21:10+0200,30cb418c-e56a-40a4-8689-fc8db64f26d1,2026-07-29T12:00:00Z,2026-07-29T14:00:00+0200,56456.67905,MW,DE,DE_LU,actual_load,Actual Load,2026-08-15T23:22:55Z
2026-08-15T23:21:10Z,2026-08-16T01:21:10+0200,30cb418c-e56a-40a4-8689-fc8db64f26d1,2026-07-29T12:15:00Z,2026-07-29T14:15:00+0200,56107.94871,MW,DE,DE_LU,actual_load,Actual Load,2026-08-15T23:22:55Z
2026-08-15T23:21:10Z,2026-08-16T01:21:10+0200,30cb418c-e56a-40a4-8689-fc8db64f26d1,2026-07-29T12:30:00Z,2026-07-29T14:30:00+0200,55392.62815,MW,DE,DE_LU,actual_load,Actual Load,2026-08-15T23:22:55Z
2026-08-15T23:21:10Z,2026-08-16T01:21:10+0200,30cb418c-e56a-40a4-8689-fc8db64f26d1,2026-07-29T12:45:00Z,2026-07-29T14:45:00+0200,55291.66476,MW,DE,DE_LU,actual_load,Actual Load,2026-08-15T23:22:55Z
2026-08-15T23:21:10Z,2026-08-16T01:21:10+0200,30cb418c-e56a-40a4-8689-fc8db64f26d1,2026-07-29T13:00:00Z,2026-07-29T15:00:00+0200,54812.60459,MW,DE,DE_LU,actual_load,Actual Load,2026-08-15T23:22:55Z
2026-08-15T23:21:10Z,2026-08-16T01:21:10+0200,30cb418c-e56a-40a4-8689-fc8db64f26d1,2026-07-29T13:15:00Z,2026-07-29T15:15:00+0200,54599.19629,MW,DE,DE_LU,actual_load,Actual Load,2026-08-15T23:22:55Z
2026-08-15T23:21:10Z,2026-08-16T01:21:10+0200,30cb418c-e56a-40a4-8689-fc8db64f26d1,2026-07-29T13:30:00Z,2026-07-29T15:30:00+0200,54702.35262,MW,DE,DE_LU,actual_load,Actual Load,2026-08-15T23:22:55Z
2026-08-15T23:21:10Z,2026-08-16T01:21:10+0200,30cb418c-e56a-40a4-8689-fc8db64f26d1,2026-07-29T13:45:00Z,2026-07-29T15:45:00+0200,54647.89653,MW,DE,DE_LU,actual_load,Actual Load,2026-08-15T23:22:55Z
2026-08-15T23:21:10Z,2026-08-16T01:21:10+0200,30cb418c-e56a-40a4-8689-fc8db64f26d1,2026-07-29T14:00:00Z,2026-07-29T16:00:00+0200,55528.36963,MW,DE,DE_LU,actual_load,Actual Load,2026-08-15T23:22:55Z
2026-08-15T23:21:10Z,2026-08-16T01:21:10+0200,30cb418c-e56a-40a4-8689-fc8db64f26d1,2026-07-29T14:15:00Z,2026-07-29T16:15:00+0200,55155.0733,MW,DE,DE_LU,actual_load,Actual Load,2026-08-15T23:22:55Z
2026-08-15T23:21:10Z,2026-08-16T01:21:10+0200,30cb418c-e56a-40a4-8689-fc8db64f26d1,2026-07-29T14:30:00Z,2026-07-29T16:30:00+0200,55485.36038,MW,DE,DE_LU,actual_load,Actual Load,2026-08-15T23:22:55Z
2026-08-15T23:21:10Z,2026-08-16T01:21:10+0200,30cb418c-e56a-40a4-8689-fc8db64f26d1,2026-07-29T14:45:00Z,2026-07-29T16:45:00+0200,55550.40102,MW,DE,DE_LU,actual_load,Actual Load,2026-08-15T23:22:55Z
2026-08-15T23:21:10Z,2026-08-16T01:21:10+0200,30cb418c-e56a-40a4-8689-fc8db64f26d1,2026-07-29T15:00:00Z,2026-07-29T17:00:00+0200,57064.04746,MW,DE,DE_LU,actual_load,Actual Load,2026-08-15T23:22:55Z
2026-08-15T23:21:10Z,2026-08-16T01:21:10+0200,30cb418c-e56a-40a4-8689-fc8db64f26d1,2026-07-29T15:15:00Z,2026-07-29T17:15:00+0200,57228.43373,MW,DE,DE_LU,actual_load,Actual Load,2026-08-15T23:22:55Z
2026-08-15T23:21:10Z,2026-08-16T01:21:10+0200,30cb418c-e56a-40a4-8689-fc8db64f26d1,2026-07-29T15:30:00Z,2026-07-29T17:30:00+0200,57176.17259,MW,DE,DE_LU,actual_load,Actual Load,2026-08-15T23:22:55Z
2026-08-15T23:21:10Z,2026-08-16T01:21:10+0200,30cb418c-e56a-40a4-8689-fc8db64f26d1,2026-07-29T15:45:00Z,2026-07-29T17:45:00+0200,57390.03208,MW,DE,DE_LU,actual_load,Actual Load,2026-08-15T23:22:55Z
2026-08-15T23:21:10Z,2026-08-16T01:21:10+0200,30cb418c-e56a-40a4-8689-fc8db64f26d1,2026-07-29T16:00:00Z,2026-07-29T18:00:00+0200,59008.6887,MW,DE,DE_LU,actual_load,Actual Load,2026-08-15T23:22:55Z
2026-08-15T23:21:10Z,2026-08-16T01:21:10+0200,30cb418c-e56a-40a4-8689-fc8db64f26d1,2026-07-29T16:15:00Z,2026-07-29T18:15:00+0200,59573.25922,MW,DE,DE_LU,actual_load,Actual Load,2026-08-15T23:22:55Z
2026-08-15T23:21:10Z,2026-08-16T01:21:10+0200,30cb418c-e56a-40a4-8689-fc8db64f26d1,2026-07-29T16:30:00Z,2026-07-29T18:30:00+0200,60514.28984,MW,DE,DE_LU,actual_load,Actual Load,2026-08-15T23:22:55Z
2026-08-15T23:21:10Z,2026-08-16T01:21:10+0200,30cb418c-e56a-40a4-8689-fc8db64f26d1,2026-07-29T16:45:00Z,2026-07-29T18:45:00+0200,60824.60917,MW,DE,DE_LU,actual_load,Actual Load,2026-08-15T23:22:55Z
2026-08-15T23:21:10Z,2026-08-16T01:21:10+0200,30cb418c-e56a-40a4-8689-fc8db64f26d1,2026-07-29T17:00:00Z,2026-07-29T19:00:00+0200,60780.3412,MW,DE,DE_LU,actual_load,Actual Load,2026-08-15T23:22:55Z
2026-08-15T23:21:10Z,2026-08-16T01:21:10+0200,30cb418c-e56a-40a4-8689-fc8db64f26d1,2026-07-29T17:15:00Z,2026-07-29T19:15:00+0200,60390.44005,MW,DE,DE_LU,actual_load,Actual Load,2026-08-15T23:22:55Z
2026-08-15T23:21:10Z,2026-08-16T01:21:10+0200,30cb418c-e56a-40a4-8689-fc8db64f26d1,2026-07-29T17:30:00Z,2026-07-29T19:30:00+0200,59467.24218,MW,DE,DE_LU,actual_load,Actual Load,2026-08-15T23:22:55Z
2026-08-15T23:21:10Z,2026-08-16T01:21:10+0200,30cb418c-e56a-40a4-8689-fc8db64f26d1,2026-07-29T17:45:00Z,2026-07-29T19:45:00+0200,59381.00292,MW,DE,DE_LU,actual_load,Actual Load,2026-08-15T23:22:55Z
2026-08-15T23:21:10Z,2026-08-16T01:21:10+0200,30cb418c-e56a-40a4-8689-fc8db64f26d1,2026-07-29T18:00:00Z,2026-07-29T20:00:00+0200,59052.4086,MW,DE,DE_LU,actual_load,Actual Load,2026-08-15T23:22:55Z
2026-08-15T23:21:10Z,2026-08-16T01:21:10+0200,30cb418c-e56a-40a4-8689-fc8db64f26d1,2026-07-29T18:15:00Z,2026-07-29T20:15:00+0200,57708.6434,MW,DE,DE_LU,actual_load,Actual Load,2026-08-15T23:22:55Z
2026-08-15T23:21:10Z,2026-08-16T01:21:10+0200,30cb418c-e56a-40a4-8689-fc8db64f26d1,2026-07-29T18:30:00Z,2026-07-29T20:30:00+0200,57144.79228,MW,DE,DE_LU,actual_load,Actual Load,2026-08-15T23:22:55Z
2026-08-15T23:21:10Z,2026-08-16T01:21:10+0200,30cb418c-e56a-40a4-8689-fc8db64f26d1,2026-07-29T18:45:00Z,2026-07-29T20:45:00+0200,56986.88928,MW,DE,DE_LU,actual_load,Actual Load,2026-08-15T23:22:55Z
2026-08-15T23:21:10Z,2026-08-16T01:21:10+0200,30cb418c-e56a-40a4-8689-fc8db64f26d1,2026-07-29T19:00:00Z,2026-07-29T21:00:00+0200,56963.96746,MW,DE,DE_LU,actual_load,Actual Load,2026-08-15T23:22:55Z
2026-08-15T23:21:10Z,2026-08-16T01:21:10+0200,30cb418c-e56a-40a4-8689-fc8db64f26d1,2026-07-29T19:15:00Z,2026-07-29T21:15:00+0200,56637.95947,MW,DE,DE_LU,actual_load,Actual Load,2026-08-15T23:22:55Z
2026-08-15T23:21:10Z,2026-08-16T01:21:10+0200,30cb418c-e56a-40a4-8689-fc8db64f26d1,2026-07-29T19:30:00Z,2026-07-29T21:30:00+0200,56708.61439,MW,DE,DE_LU,actual_load,Actual Load,2026-08-15T23:22:55Z
2026-08-15T23:21:10Z,2026-08-16T01:21:10+0200,30cb418c-e56a-40a4-8689-fc8db64f26d1,2026-07-29T19:45:00Z,2026-07-29T21:45:00+0200,56229.66053,MW,DE,DE_LU,actual_load,Actual Load,2026-08-15T23:22:55Z
2026-08-15T23:21:10Z,2026-08-16T01:21:10+0200,30cb418c-e56a-40a4-8689-fc8db64f26d1,2026-07-29T20:00:00Z,2026-07-29T22:00:00+0200,55201.63141,MW,DE,DE_LU,actual_load,Actual Load,2026-08-15T23:22:55Z
2026-08-15T23:21:10Z,2026-08-16T01:21:10+0200,30cb418c-e56a-40a4-8689-fc8db64f26d1,2026-07-29T20:15:00Z,2026-07-29T22:15:00+0200,54524.93054,MW,DE,DE_LU,actual_load,Actual Load,2026-08-15T23:22:55Z
2026-08-15T23:21:10Z,2026-08-16T01:21:10+0200,30cb418c-e56a-40a4-8689-fc8db64f26d1,2026-07-29T20:30:00Z,2026-07-29T22:30:00+0200,54372.80495,MW,DE,DE_LU,actual_load,Actual Load,2026-08-15T23:22:55Z
2026-08-15T23:21:10Z,2026-08-16T01:21:10+0200,30cb418c-e56a-40a4-8689-fc8db64f26d1,2026-07-29T20:45:00Z,2026-07-29T22:45:00+0200,53807.09116,MW,DE,DE_LU,actual_load,Actual Load,2026-08-15T23:22:55Z
2026-08-15T23:21:10Z,2026-08-16T01:21:10+0200,30cb418c-e56a-40a4-8689-fc8db64f26d1,2026-07-29T21:00:00Z,2026-07-29T23:00:00+0200,52562.90879,MW,DE,DE_LU,actual_load,Actual Load,2026-08-15T23:22:55Z
2026-08-15T23:21:10Z,2026-08-16T01:21:10+0200,30cb418c-e56a-40a4-8689-fc8db64f26d1,2026-07-29T21:15:00Z,2026-07-29T23:15:00+0200,51833.8709,MW,DE,DE_LU,actual_load,Actual Load,2026-08-15T23:22:55Z
2026-08-15T23:21:10Z,2026-08-16T01:21:10+0200,30cb418c-e56a-40a4-8689-fc8db64f26d1,2026-07-29T21:30:00Z,2026-07-29T23:30:00+0200,50923.75422,MW,DE,DE_LU,actual_load,Actual Load,2026-08-15T23:22:55Z
2026-08-15T23:21:10Z,2026-08-16T01:21:10+0200,30cb418c-e56a-40a4-8689-fc8db64f26d1,2026-07-29T21:45:00Z,2026-07-29T23:45:00+0200,50549.79217,MW,DE,DE_LU,actual_load,Actual Load,2026-08-15T23:22:55Z
2026-08-15T23:21:10Z,2026-08-16T01:21:10+0200,30cb418c-e56a-40a4-8689-fc8db64f26d1,2026-07-29T22:00:00Z,2026-07-30T00:00:00+0200,49106.74958,MW,DE,DE_LU,actual_load,Actual Load,2026-08-15T23:22:55Z
2026-08-15T23:21:10Z,2026-08-16T01:21:10+0200,30cb418c-e56a-40a4-8689-fc8db64f26d1,2026-07-29T22:15:00Z,2026-07-30T00:15:00+0200,48327.85387,MW,DE,DE_LU,actual_load,Actual Load,2026-08-15T23:22:55Z
2026-08-15T23:21:10Z,2026-08-16T01:21:10+0200,30cb418c-e56a-40a4-8689-fc8db64f26d1,2026-07-29T22:30:00Z,2026-07-30T00:30:00+0200,48224.82796,MW,DE,DE_LU,actual_load,Actual Load,2026-08-15T23:22:55Z
2026-08-15T23:21:10Z,2026-08-16T01:21:10+0200,30cb418c-e56a-40a4-8689-fc8db64f26d1,2026-07-29T22:45:00Z,2026-07-30T00:45:00+0200,47994.4731,MW,DE,DE_LU,actual_load,Actual Load,2026-08-15T23:22:55Z
2026-08-15T23:21:10Z,2026-08-16T01:21:10+0200,30cb418c-e56a-40a4-8689-fc8db64f26d1,2026-07-29T23:00:00Z,2026-07-30T01:00:00+0200,47199.95296,MW,DE,DE_LU,actual_load,Actual Load,2026-08-15T23:22:55Z
2026-08-15T23:21:10Z,2026-08-16T01:21:10+0200,30cb418c-e56a-40a4-8689-fc8db64f26d1,2026-07-29T23:15:00Z,2026-07-30T01:15:00+0200,46746.30009,MW,DE,DE_LU,actual_load,Actual Load,2026-08-15T23:22:55Z
2026-08-15T23:21:10Z,2026-08-16T01:21:10+0200,30cb418c-e56a-40a4-8689-fc8db64f26d1,2026-07-29T23:30:00Z,2026-07-30T01:30:00+0200,46300.19689,MW,DE,DE_LU,actual_load,Actual Load,2026-08-15T23:22:55Z
2026-08-15T23:21:10Z,2026-08-16T01:21:10+0200,30cb418c-e56a-40a4-8689-fc8db64f26d1,2026-07-29T23:45:00Z,2026-07-30T01:45:00+0200,46050.41572,MW,DE,DE_LU,actual_load,Actual Load,2026-08-15T23:22:55Z
2026-08-15T23:21:10Z,2026-08-16T01:21:10+0200,30cb418c-e56a-40a4-8689-fc8db64f26d1,2026-07-30T00:00:00Z,2026-07-30T02:00:00+0200,45506.92983,MW,DE,DE_LU,actual_load,Actual Load,2026-08-15T23:22:55Z
2026-08-15T23:21:10Z,2026-08-16T01:21:10+0200,30cb418c-e56a-40a4-8689-fc8db64f26d1,2026-07-30T00:15:00Z,2026-07-30T02:15:00+0200,45197.96877,MW,DE,DE_LU,actual_load,Actual Load,2026-08-15T23:22:55Z
2026-08-15T23:21:10Z,2026-08-16T01:21:10+0200,30cb418c-e56a-40a4-8689-fc8db64f26d1,2026-07-30T00:30:00Z,2026-07-30T02:30:00+0200,45066.46165,MW,DE,DE_LU,actual_load,Actual Load,2026-08-15T23:22:55Z
2026-08-15T23:21:10Z,2026-08-16T01:21:10+0200,30cb418c-e56a-40a4-8689-fc8db64f26d1,2026-07-30T00:45:00Z,2026-07-30T02:45:00+0200,44871.57343,MW,DE,DE_LU,actual_load,Actual Load,2026-08-15T23:22:55Z
2026-08-15T23:21:10Z,2026-08-16T01:21:10+0200,30cb418c-e56a-40a4-8689-fc8db64f26d1,2026-07-30T01:00:00Z,2026-07-30T03:00:00+0200,45341.73002,MW,DE,DE_LU,actual_load,Actual Load,2026-08-15T23:22:55Z
2026-08-15T23:21:10Z,2026-08-16T01:21:10+0200,30cb418c-e56a-40a4-8689-fc8db64f26d1,2026-07-30T01:15:00Z,2026-07-30T03:15:00+0200,45737.39511,MW,DE,DE_LU,actual_load,Actual Load,2026-08-15T23:22:55Z
2026-08-15T23:21:10Z,2026-08-16T01:21:10+0200,30cb418c-e56a-40a4-8689-fc8db64f26d1,2026-07-30T01:30:00Z,2026-07-30T03:30:00+0200,45665.02954,MW,DE,DE_LU,actual_load,Actual Load,2026-08-15T23:22:55Z
2026-08-15T23:21:10Z,2026-08-16T01:21:10+0200,30cb418c-e56a-40a4-8689-fc8db64f26d1,2026-07-30T01:45:00Z,2026-07-30T03:45:00+0200,45151.7592,MW,DE,DE_LU,actual_load,Actual Load,2026-08-15T23:22:55Z
2026-08-15T23:21:10Z,2026-08-16T01:21:10+0200,30cb418c-e56a-40a4-8689-fc8db64f26d1,2026-07-30T02:00:00Z,2026-07-30T04:00:00+0200,44976.18926,MW,DE,DE_LU,actual_load,Actual Load,2026-08-15T23:22:55Z
2026-08-15T23:21:10Z,2026-08-16T01:21:10+0200,30cb418c-e56a-40a4-8689-fc8db64f26d1,2026-07-30T02:15:00Z,2026-07-30T04:15:00+0200,45130.94333,MW,DE,DE_LU,actual_load,Actual Load,2026-08-15T23:22:55Z
2026-08-15T23:21:10Z,2026-08-16T01:21:10+0200,30cb418c-e56a-40a4-8689-fc8db64f26d1,2026-07-30T02:30:00Z,2026-07-30T04:30:00+0200,45918.95616,MW,DE,DE_LU,actual_load,Actual Load,2026-08-15T23:22:55Z
2026-08-15T23:21:10Z,2026-08-16T01:21:10+0200,30cb418c-e56a-40a4-8689-fc8db64f26d1,2026-07-30T02:45:00Z,2026-07-30T04:45:00+0200,46427.34869,MW,DE,DE_LU,actual_load,Actual Load,2026-08-15T23:22:55Z
2026-08-15T23:21:10Z,2026-08-16T01:21:10+0200,30cb418c-e56a-40a4-8689-fc8db64f26d1,2026-07-30T03:00:00Z,2026-07-30T05:00:00+0200,47524.67523,MW,DE,DE_LU,actual_load,Actual Load,2026-08-15T23:22:55Z
2026-08-15T23:21:10Z,2026-08-16T01:21:10+0200,30cb418c-e56a-40a4-8689-fc8db64f26d1,2026-07-30T03:15:00Z,2026-07-30T05:15:00+0200,48427.18487,MW,DE,DE_LU,actual_load,Actual Load,2026-08-15T23:22:55Z
2026-08-15T23:21:10Z,2026-08-16T01:21:10+0200,30cb418c-e56a-40a4-8689-fc8db64f26d1,2026-07-30T03:30:00Z,2026-07-30T05:30:00+0200,49183.0725,MW,DE,DE_LU,actual_load,Actual Load,2026-08-15T23:22:55Z
2026-08-15T23:21:10Z,2026-08-16T01:21:10+0200,30cb418c-e56a-40a4-8689-fc8db64f26d1,2026-07-30T03:45:00Z,2026-07-30T05:45:00+0200,50191.04983,MW,DE,DE_LU,actual_load,Actual Load,2026-08-15T23:22:55Z
2026-08-15T23:21:10Z,2026-08-16T01:21:10+0200,30cb418c-e56a-40a4-8689-fc8db64f26d1,2026-07-30T04:00:00Z,2026-07-30T06:00:00+0200,52453.79603,MW,DE,DE_LU,actual_load,Actual Load,2026-08-15T23:22:55Z
2026-08-15T23:21:10Z,2026-08-16T01:21:10+0200,30cb418c-e56a-40a4-8689-fc8db64f26d1,2026-07-30T04:15:00Z,2026-07-30T06:15:00+0200,53945.73755,MW,DE,DE_LU,actual_load,Actual Load,2026-08-15T23:22:55Z
2026-08-15T23:21:10Z,2026-08-16T01:21:10+0200,30cb418c-e56a-40a4-8689-fc8db64f26d1,2026-07-30T04:30:00Z,2026-07-30T06:30:00+0200,55076.115,MW,DE,DE_LU,actual_load,Actual Load,2026-08-15T23:22:55Z
2026-08-15T23:21:10Z,2026-08-16T01:21:10+0200,30cb418c-e56a-40a4-8689-fc8db64f26d1,2026-07-30T04:45:00Z,2026-07-30T06:45:00+0200,55596.80079,MW,DE,DE_LU,actual_load,Actual Load,2026-08-15T23:22:55Z
2026-08-15T23:21:10Z,2026-08-16T01:21:10+0200,30cb418c-e56a-40a4-8689-fc8db64f26d1,2026-07-30T05:00:00Z,2026-07-30T07:00:00+0200,55997.75468,MW,DE,DE_LU,actual_load,Actual Load,2026-08-15T23:22:55Z
2026-08-15T23:21:10Z,2026-08-16T01:21:10+0200,30cb418c-e56a-40a4-8689-fc8db64f26d1,2026-07-30T05:15:00Z,2026-07-30T07:15:00+0200,57290.58991,MW,DE,DE_LU,actual_load,Actual Load,2026-08-15T23:22:55Z
2026-08-15T23:21:10Z,2026-08-16T01:21:10+0200,30cb418c-e56a-40a4-8689-fc8db64f26d1,2026-07-30T05:30:00Z,2026-07-30T07:30:00+0200,58452.64983,MW,DE,DE_LU,actual_load,Actual Load,2026-08-15T23:22:55Z
2026-08-15T23:21:10Z,2026-08-16T01:21:10+0200,30cb418c-e56a-40a4-8689-fc8db64f26d1,2026-07-30T05:45:00Z,2026-07-30T07:45:00+0200,59505.11441,MW,DE,DE_LU,actual_load,Actual Load,2026-08-15T23:22:55Z
2026-08-15T23:21:10Z,2026-08-16T01:21:10+0200,30cb418c-e56a-40a4-8689-fc8db64f26d1,2026-07-30T06:00:00Z,2026-07-30T08:00:00+0200,59139.40738,MW,DE,DE_LU,actual_load,Actual Load,2026-08-15T23:22:55Z
2026-08-15T23:21:10Z,2026-08-16T01:21:10+0200,30cb418c-e56a-40a4-8689-fc8db64f26d1,2026-07-30T06:15:00Z,2026-07-30T08:15:00+0200,60089.09433,MW,DE,DE_LU,actual_load,Actual Load,2026-08-15T23:22:55Z
2026-08-15T23:21:10Z,2026-08-16T01:21:10+0200,30cb418c-e56a-40a4-8689-fc8db64f26d1,2026-07-30T06:30:00Z,2026-07-30T08:30:00+0200,60868.21304,MW,DE,DE_LU,actual_load,Actual Load,2026-08-15T23:22:55Z
2026-08-15T23:21:10Z,2026-08-16T01:21:10+0200,30cb418c-e56a-40a4-8689-fc8db64f26d1,2026-07-30T06:45:00Z,2026-07-30T08:45:00+0200,61551.54696,MW,DE,DE_LU,actual_load,Actual Load,2026-08-15T23:22:55Z
2026-08-15T23:21:10Z,2026-08-16T01:21:10+0200,30cb418c-e56a-40a4-8689-fc8db64f26d1,2026-07-30T07:00:00Z,2026-07-30T09:00:00+0200,60560.61985,MW,DE,DE_LU,actual_load,Actual Load,2026-08-15T23:22:55Z
2026-08-15T23:21:10Z,2026-08-16T01:21:10+0200,30cb418c-e56a-40a4-8689-fc8db64f26d1,2026-07-30T07:15:00Z,2026-07-30T09:15:00+0200,61217.96132,MW,DE,DE_LU,actual_load,Actual Load,2026-08-15T23:22:55Z
2026-08-15T23:21:10Z,2026-08-16T01:21:10+0200,30cb418c-e56a-40a4-8689-fc8db64f26d1,2026-07-30T07:30:00Z,2026-07-30T09:30:00+0200,61565.0034,MW,DE,DE_LU,actual_load,Actual Load,2026-08-15T23:22:55Z
2026-08-15T23:21:10Z,2026-08-16T01:21:10+0200,30cb418c-e56a-40a4-8689-fc8db64f26d1,2026-07-30T07:45:00Z,2026-07-30T09:45:00+0200,61516.55884,MW,DE,DE_LU,actual_load,Actual Load,2026-08-15T23:22:55Z
2026-08-15T23:21:10Z,2026-08-16T01:21:10+0200,30cb418c-e56a-40a4-8689-fc8db64f26d1,2026-07-30T08:00:00Z,2026-07-30T10:00:00+0200,61223.74069,MW,DE,DE_LU,actual_load,Actual Load,2026-08-15T23:22:55Z
2026-08-15T23:21:10Z,2026-08-16T01:21:10+0200,30cb418c-e56a-40a4-8689-fc8db64f26d1,2026-07-30T08:15:00Z,2026-07-30T10:15:00+0200,60560.13192,MW,DE,DE_LU,actual_load,Actual Load,2026-08-15T23:22:55Z
2026-08-15T23:21:10Z,2026-08-16T01:21:10+0200,30cb418c-e56a-40a4-8689-fc8db64f26d1,2026-07-30T08:30:00Z,2026-07-30T10:30:00+0200,60234.69997,MW,DE,DE_LU,actual_load,Actual Load,2026-08-15T23:22:55Z
2026-08-15T23:21:10Z,2026-08-16T01:21:10+0200,30cb418c-e56a-40a4-8689-fc8db64f26d1,2026-07-30T08:45:00Z,2026-07-30T10:45:00+0200,60339.36042,MW,DE,DE_LU,actual_load,Actual Load,2026-08-15T23:22:55Z
2026-08-15T23:21:10Z,2026-08-16T01:21:10+0200,30cb418c-e56a-40a4-8689-fc8db64f26d1,2026-07-30T09:00:00Z,2026-07-30T11:00:00+0200,60028.13216,MW,DE,DE_LU,actual_load,Actual Load,2026-08-15T23:22:55Z
2026-08-15T23:21:10Z,2026-08-16T01:21:10+0200,30cb418c-e56a-40a4-8689-fc8db64f26d1,2026-07-30T09:15:00Z,2026-07-30T11:15:00+0200,60773.47692,MW,DE,DE_LU,actual_load,Actual Load,2026-08-15T23:22:55Z
2026-08-15T23:21:10Z,2026-08-16T01:21:10+0200,30cb418c-e56a-40a4-8689-fc8db64f26d1,2026-07-30T09:30:00Z,2026-07-30T11:30:00+0200,60915.89234,MW,DE,DE_LU,actual_load,Actual Load,2026-08-15T23:22:55Z
2026-08-15T23:21:10Z,2026-08-16T01:21:10+0200,30cb418c-e56a-40a4-8689-fc8db64f26d1,2026-07-30T09:45:00Z,2026-07-30T11:45:00+0200,61311.16762,MW,DE,DE_LU,actual_load,Actual Load,2026-08-15T23:22:55Z
2026-08-15T23:21:10Z,2026-08-16T01:21:10+0200,30cb418c-e56a-40a4-8689-fc8db64f26d1,2026-07-30T10:00:00Z,2026-07-30T12:00:00+0200,60607.53732,MW,DE,DE_LU,actual_load,Actual Load,2026-08-15T23:22:55Z
2026-08-15T23:21:10Z,2026-08-16T01:21:10+0200,30cb418c-e56a-40a4-8689-fc8db64f26d1,2026-07-30T10:15:00Z,2026-07-30T12:15:00+0200,60451.91146,MW,DE,DE_LU,actual_load,Actual Load,2026-08-15T23:22:55Z
2026-08-15T23:21:10Z,2026-08-16T01:21:10+0200,30cb418c-e56a-40a4-8689-fc8db64f26d1,2026-07-30T10:30:00Z,2026-07-30T12:30:00+0200,60592.40192,MW,DE,DE_LU,actual_load,Actual Load,2026-08-15T23:22:55Z
2026-08-15T23:21:10Z,2026-08-16T01:21:10+0200,30cb418c-e56a-40a4-8689-fc8db64f26d1,2026-07-30T10:45:00Z,2026-07-30T12:45:00+0200,61078.40173,MW,DE,DE_LU,actual_load,Actual Load,2026-08-15T23:22:55Z
2026-08-15T23:21:10Z,2026-08-16T01:21:10+0200,30cb418c-e56a-40a4-8689-fc8db64f26d1,2026-07-30T11:00:00Z,2026-07-30T13:00:00+0200,60936.18754,MW,DE,DE_LU,actual_load,Actual Load,2026-08-15T23:22:55Z
2026-08-15T23:21:10Z,2026-08-16T01:21:10+0200,30cb418c-e56a-40a4-8689-fc8db64f26d1,2026-07-30T11:15:00Z,2026-07-30T13:15:00+0200,60558.61389,MW,DE,DE_LU,actual_load,Actual Load,2026-08-15T23:22:55Z
2026-08-15T23:21:10Z,2026-08-16T01:21:10+0200,30cb418c-e56a-40a4-8689-fc8db64f26d1,2026-07-30T11:30:00Z,2026-07-30T13:30:00+0200,59385.47982,MW,DE,DE_LU,actual_load,Actual Load,2026-08-15T23:22:55Z
2026-08-15T23:21:10Z,2026-08-16T01:21:10+0200,30cb418c-e56a-40a4-8689-fc8db64f26d1,2026-07-30T11:45:00Z,2026-07-30T13:45:00+0200,58384.44878,MW,DE,DE_LU,actual_load,Actual Load,2026-08-15T23:22:55Z
2026-08-15T23:21:10Z,2026-08-16T01:21:10+0200,30cb418c-e56a-40a4-8689-fc8db64f26d1,2026-07-30T12:00:00Z,2026-07-30T14:00:00+0200,58387.49645,MW,DE,DE_LU,actual_load,Actual Load,2026-08-15T23:22:55Z
2026-08-15T23:21:10Z,2026-08-16T01:21:10+0200,30cb418c-e56a-40a4-8689-fc8db64f26d1,2026-07-30T12:15:00Z,2026-07-30T14:15:00+0200,58531.02001,MW,DE,DE_LU,actual_load,Actual Load,2026-08-15T23:22:55Z
2026-08-15T23:21:10Z,2026-08-16T01:21:10+0200,30cb418c-e56a-40a4-8689-fc8db64f26d1,2026-07-30T12:30:00Z,2026-07-30T14:30:00+0200,58074.56836,MW,DE,DE_LU,actual_load,Actual Load,2026-08-15T23:22:55Z
2026-08-15T23:21:10Z,2026-08-16T01:21:10+0200,30cb418c-e56a-40a4-8689-fc8db64f26d1,2026-07-30T12:45:00Z,2026-07-30T14:45:00+0200,57695.79152,MW,DE,DE_LU,actual_load,Actual Load,2026-08-15T23:22:55Z
2026-08-15T23:21:10Z,2026-08-16T01:21:10+0200,30cb418c-e56a-40a4-8689-fc8db64f26d1,2026-07-30T13:00:00Z,2026-07-30T15:00:00+0200,57345.6547,MW,DE,DE_LU,actual_load,Actual Load,2026-08-15T23:22:55Z
2026-08-15T23:21:10Z,2026-08-16T01:21:10+0200,30cb418c-e56a-40a4-8689-fc8db64f26d1,2026-07-30T13:15:00Z,2026-07-30T15:15:00+0200,57406.94681,MW,DE,DE_LU,actual_load,Actual Load,2026-08-15T23:22:55Z
2026-08-15T23:21:10Z,2026-08-16T01:21:10+0200,30cb418c-e56a-40a4-8689-fc8db64f26d1,2026-07-30T13:30:00Z,2026-07-30T15:30:00+0200,57549.52155,MW,DE,DE_LU,actual_load,Actual Load,2026-08-15T23:22:55Z
2026-08-15T23:21:10Z,2026-08-16T01:21:10+0200,30cb418c-e56a-40a4-8689-fc8db64f26d1,2026-07-30T13:45:00Z,2026-07-30T15:45:00+0200,57354.24674,MW,DE,DE_LU,actual_load,Actual Load,2026-08-15T23:22:55Z
2026-08-15T23:21:10Z,2026-08-16T01:21:10+0200,30cb418c-e56a-40a4-8689-fc8db64f26d1,2026-07-30T14:00:00Z,2026-07-30T16:00:00+0200,59116.3184,MW,DE,DE_LU,actual_load,Actual Load,2026-08-15T23:22:55Z
2026-08-15T23:21:10Z,2026-08-16T01:21:10+0200,30cb418c-e56a-40a4-8689-fc8db64f26d1,2026-07-30T14:15:00Z,2026-07-30T16:15:00+0200,59454.47206,MW,DE,DE_LU,actual_load,Actual Load,2026-08-15T23:22:55Z
2026-08-15T23:21:10Z,2026-08-16T01:21:10+0200,30cb418c-e56a-40a4-8689-fc8db64f26d1,2026-07-30T14:30:00Z,2026-07-30T16:30:00+0200,59796.06498,MW,DE,DE_LU,actual_load,Actual Load,2026-08-15T23:22:55Z
2026-08-15T23:21:10Z,2026-08-16T01:21:10+0200,30cb418c-e56a-40a4-8689-fc8db64f26d1,2026-07-30T14:45:00Z,2026-07-30T16:45:00+0200,60096.32626,MW,DE,DE_LU,actual_load,Actual Load,2026-08-15T23:22:55Z
2026-08-15T23:21:10Z,2026-08-16T01:21:10+0200,30cb418c-e56a-40a4-8689-fc8db64f26d1,2026-07-30T15:00:00Z,2026-07-30T17:00:00+0200,60971.98411,MW,DE,DE_LU,actual_load,Actual Load,2026-08-15T23:22:55Z
2026-08-15T23:21:10Z,2026-08-16T01:21:10+0200,30cb418c-e56a-40a4-8689-fc8db64f26d1,2026-07-30T15:15:00Z,2026-07-30T17:15:00+0200,60989.95807,MW,DE,DE_LU,actual_load,Actual Load,2026-08-15T23:22:55Z
2026-08-15T23:21:10Z,2026-08-16T01:21:10+0200,30cb418c-e56a-40a4-8689-fc8db64f26d1,2026-07-30T15:30:00Z,2026-07-30T17:30:00+0200,60351.76292,MW,DE,DE_LU,actual_load,Actual Load,2026-08-15T23:22:55Z
2026-08-15T23:21:10Z,2026-08-16T01:21:10+0200,30cb418c-e56a-40a4-8689-fc8db64f26d1,2026-07-30T15:45:00Z,2026-07-30T17:45:00+0200,60856.24788,MW,DE,DE_LU,actual_load,Actual Load,2026-08-15T23:22:55Z
2026-08-15T23:21:10Z,2026-08-16T01:21:10+0200,30cb418c-e56a-40a4-8689-fc8db64f26d1,2026-07-30T16:00:00Z,2026-07-30T18:00:00+0200,61940.2438,MW,DE,DE_LU,actual_load,Actual Load,2026-08-15T23:22:55Z
2026-08-15T23:21:10Z,2026-08-16T01:21:10+0200,30cb418c-e56a-40a4-8689-fc8db64f26d1,2026-07-30T16:15:00Z,2026-07-30T18:15:00+0200,62254.0756,MW,DE,DE_LU,actual_load,Actual Load,2026-08-15T23:22:55Z
2026-08-15T23:21:10Z,2026-08-16T01:21:10+0200,30cb418c-e56a-40a4-8689-fc8db64f26d1,2026-07-30T16:30:00Z,2026-07-30T18:30:00+0200,62887.93493,MW,DE,DE_LU,actual_load,Actual Load,2026-08-15T23:22:55Z
2026-08-15T23:21:10Z,2026-08-16T01:21:10+0200,30cb418c-e56a-40a4-8689-fc8db64f26d1,2026-07-30T16:45:00Z,2026-07-30T18:45:00+0200,62945.09913,MW,DE,DE_LU,actual_load,Actual Load,2026-08-15T23:22:55Z
2026-08-15T23:21:10Z,2026-08-16T01:21:10+0200,30cb418c-e56a-40a4-8689-fc8db64f26d1,2026-07-30T17:00:00Z,2026-07-30T19:00:00+0200,62428.77373,MW,DE,DE_LU,actual_load,Actual Load,2026-08-15T23:22:55Z
2026-08-15T23:21:10Z,2026-08-16T01:21:10+0200,30cb418c-e56a-40a4-8689-fc8db64f26d1,2026-07-30T17:15:00Z,2026-07-30T19:15:00+0200,61580.97861,MW,DE,DE_LU,actual_load,Actual Load,2026-08-15T23:22:55Z
2026-08-15T23:21:10Z,2026-08-16T01:21:10+0200,30cb418c-e56a-40a4-8689-fc8db64f26d1,2026-07-30T17:30:00Z,2026-07-30T19:30:00+0200,60947.6246,MW,DE,DE_LU,actual_load,Actual Load,2026-08-15T23:22:55Z
2026-08-15T23:21:10Z,2026-08-16T01:21:10+0200,30cb418c-e56a-40a4-8689-fc8db64f26d1,2026-07-30T17:45:00Z,2026-07-30T19:45:00+0200,59796.31161,MW,DE,DE_LU,actual_load,Actual Load,2026-08-15T23:22:55Z
2026-08-15T23:21:10Z,2026-08-16T01:21:10+0200,30cb418c-e56a-40a4-8689-fc8db64f26d1,2026-07-30T18:00:00Z,2026-07-30T20:00:00+0200,59365.12788,MW,DE,DE_LU,actual_load,Actual Load,2026-08-15T23:22:55Z
2026-08-15T23:21:10Z,2026-08-16T01:21:10+0200,30cb418c-e56a-40a4-8689-fc8db64f26d1,2026-07-30T18:15:00Z,2026-07-30T20:15:00+0200,58938.3848,MW,DE,DE_LU,actual_load,Actual Load,2026-08-15T23:22:55Z
2026-08-15T23:21:10Z,2026-08-16T01:21:10+0200,30cb418c-e56a-40a4-8689-fc8db64f26d1,2026-07-30T18:30:00Z,2026-07-30T20:30:00+0200,58598.87982,MW,DE,DE_LU,actual_load,Actual Load,2026-08-15T23:22:55Z
2026-08-15T23:21:10Z,2026-08-16T01:21:10+0200,30cb418c-e56a-40a4-8689-fc8db64f26d1,2026-07-30T18:45:00Z,2026-07-30T20:45:00+0200,58311.19178,MW,DE,DE_LU,actual_load,Actual Load,2026-08-15T23:22:55Z
2026-08-15T23:21:10Z,2026-08-16T01:21:10+0200,30cb418c-e56a-40a4-8689-fc8db64f26d1,2026-07-30T19:00:00Z,2026-07-30T21:00:00+0200,57713.11149,MW,DE,DE_LU,actual_load,Actual Load,2026-08-15T23:22:55Z
2026-08-15T23:21:10Z,2026-08-16T01:21:10+0200,30cb418c-e56a-40a4-8689-fc8db64f26d1,2026-07-30T19:15:00Z,2026-07-30T21:15:00+0200,58104.32056,MW,DE,DE_LU,actual_load,Actual Load,2026-08-15T23:22:55Z
2026-08-15T23:21:10Z,2026-08-16T01:21:10+0200,30cb418c-e56a-40a4-8689-fc8db64f26d1,2026-07-30T19:30:00Z,2026-07-30T21:30:00+0200,58116.67945,MW,DE,DE_LU,actual_load,Actual Load,2026-08-15T23:22:55Z
2026-08-15T23:21:10Z,2026-08-16T01:21:10+0200,30cb418c-e56a-40a4-8689-fc8db64f26d1,2026-07-30T19:45:00Z,2026-07-30T21:45:00+0200,57061.30693,MW,DE,DE_LU,actual_load,Actual Load,2026-08-15T23:22:55Z
2026-08-15T23:21:10Z,2026-08-16T01:21:10+0200,30cb418c-e56a-40a4-8689-fc8db64f26d1,2026-07-30T20:00:00Z,2026-07-30T22:00:00+0200,55388.41485,MW,DE,DE_LU,actual_load,Actual Load,2026-08-15T23:22:55Z
2026-08-15T23:21:10Z,2026-08-16T01:21:10+0200,30cb418c-e56a-40a4-8689-fc8db64f26d1,2026-07-30T20:15:00Z,2026-07-30T22:15:00+0200,53898.65433,MW,DE,DE_LU,actual_load,Actual Load,2026-08-15T23:22:55Z
2026-08-15T23:21:10Z,2026-08-16T01:21:10+0200,30cb418c-e56a-40a4-8689-fc8db64f26d1,2026-07-30T20:30:00Z,2026-07-30T22:30:00+0200,52722.69708,MW,DE,DE_LU,actual_load,Actual Load,2026-08-15T23:22:55Z
2026-08-15T23:21:10Z,2026-08-16T01:21:10+0200,30cb418c-e56a-40a4-8689-fc8db64f26d1,2026-07-30T20:45:00Z,2026-07-30T22:45:00+0200,52006.02722,MW,DE,DE_LU,actual_load,Actual Load,2026-08-15T23:22:55Z
2026-08-15T23:21:10Z,2026-08-16T01:21:10+0200,30cb418c-e56a-40a4-8689-fc8db64f26d1,2026-07-30T21:00:00Z,2026-07-30T23:00:00+0200,51076.64878,MW,DE,DE_LU,actual_load,Actual Load,2026-08-15T23:22:55Z
2026-08-15T23:21:10Z,2026-08-16T01:21:10+0200,30cb418c-e56a-40a4-8689-fc8db64f26d1,2026-07-30T21:15:00Z,2026-07-30T23:15:00+0200,50459.17127,MW,DE,DE_LU,actual_load,Actual Load,2026-08-15T23:22:55Z
2026-08-15T23:21:10Z,2026-08-16T01:21:10+0200,30cb418c-e56a-40a4-8689-fc8db64f26d1,2026-07-30T21:30:00Z,2026-07-30T23:30:00+0200,49439.7931,MW,DE,DE_LU,actual_load,Actual Load,2026-08-15T23:22:55Z
2026-08-15T23:21:10Z,2026-08-16T01:21:10+0200,30cb418c-e56a-40a4-8689-fc8db64f26d1,2026-07-30T21:45:00Z,2026-07-30T23:45:00+0200,48673.08257,MW,DE,DE_LU,actual_load,Actual Load,2026-08-15T23:22:55Z
2026-08-15T23:21:10Z,2026-08-16T01:21:10+0200,30cb418c-e56a-40a4-8689-fc8db64f26d1,2026-07-30T22:00:00Z,2026-07-31T00:00:00+0200,47523.34725,MW,DE,DE_LU,actual_load,Actual Load,2026-08-15T23:22:55Z
2026-08-15T23:21:10Z,2026-08-16T01:21:10+0200,30cb418c-e56a-40a4-8689-fc8db64f26d1,2026-07-30T22:15:00Z,2026-07-31T00:15:00+0200,47388.51794,MW,DE,DE_LU,actual_load,Actual Load,2026-08-15T23:22:55Z
2026-08-15T23:21:10Z,2026-08-16T01:21:10+0200,30cb418c-e56a-40a4-8689-fc8db64f26d1,2026-07-30T22:30:00Z,2026-07-31T00:30:00+0200,47482.32693,MW,DE,DE_LU,actual_load,Actual Load,2026-08-15T23:22:55Z
2026-08-15T23:21:10Z,2026-08-16T01:21:10+0200,30cb418c-e56a-40a4-8689-fc8db64f26d1,2026-07-30T22:45:00Z,2026-07-31T00:45:00+0200,47570.94676,MW,DE,DE_LU,actual_load,Actual Load,2026-08-15T23:22:55Z
2026-08-15T23:21:10Z,2026-08-16T01:21:10+0200,30cb418c-e56a-40a4-8689-fc8db64f26d1,2026-07-30T23:00:00Z,2026-07-31T01:00:00+0200,46949.78543,MW,DE,DE_LU,actual_load,Actual Load,2026-08-15T23:22:55Z
2026-08-15T23:21:10Z,2026-08-16T01:21:10+0200,30cb418c-e56a-40a4-8689-fc8db64f26d1,2026-07-30T23:15:00Z,2026-07-31T01:15:00+0200,46560.53593,MW,DE,DE_LU,actual_load,Actual Load,2026-08-15T23:22:55Z
2026-08-15T23:21:10Z,2026-08-16T01:21:10+0200,30cb418c-e56a-40a4-8689-fc8db64f26d1,2026-07-30T23:30:00Z,2026-07-31T01:30:00+0200,45854.10305,MW,DE,DE_LU,actual_load,Actual Load,2026-08-15T23:22:55Z
2026-08-15T23:21:10Z,2026-08-16T01:21:10+0200,30cb418c-e56a-40a4-8689-fc8db64f26d1,2026-07-30T23:45:00Z,2026-07-31T01:45:00+0200,45646.90368,MW,DE,DE_LU,actual_load,Actual Load,2026-08-15T23:22:55Z
2026-08-15T23:21:10Z,2026-08-16T01:21:10+0200,30cb418c-e56a-40a4-8689-fc8db64f26d1,2026-07-31T00:00:00Z,2026-07-31T02:00:00+0200,45403.25525,MW,DE,DE_LU,actual_load,Actual Load,2026-08-15T23:22:55Z
2026-08-15T23:21:10Z,2026-08-16T01:21:10+0200,30cb418c-e56a-40a4-8689-fc8db64f26d1,2026-07-31T00:15:00Z,2026-07-31T02:15:00+0200,45718.35937,MW,DE,DE_LU,actual_load,Actual Load,2026-08-15T23:22:55Z
2026-08-15T23:21:10Z,2026-08-16T01:21:10+0200,30cb418c-e56a-40a4-8689-fc8db64f26d1,2026-07-31T00:30:00Z,2026-07-31T02:30:00+0200,45845.21369,MW,DE,DE_LU,actual_load,Actual Load,2026-08-15T23:22:55Z
2026-08-15T23:21:10Z,2026-08-16T01:21:10+0200,30cb418c-e56a-40a4-8689-fc8db64f26d1,2026-07-31T00:45:00Z,2026-07-31T02:45:00+0200,45583.73437,MW,DE,DE_LU,actual_load,Actual Load,2026-08-15T23:22:55Z
2026-08-15T23:21:10Z,2026-08-16T01:21:10+0200,30cb418c-e56a-40a4-8689-fc8db64f26d1,2026-07-31T01:00:00Z,2026-07-31T03:00:00+0200,45720.46865,MW,DE,DE_LU,actual_load,Actual Load,2026-08-15T23:22:55Z
2026-08-15T23:21:10Z,2026-08-16T01:21:10+0200,30cb418c-e56a-40a4-8689-fc8db64f26d1,2026-07-31T01:15:00Z,2026-07-31T03:15:00+0200,45719.70186,MW,DE,DE_LU,actual_load,Actual Load,2026-08-15T23:22:55Z
2026-08-15T23:21:10Z,2026-08-16T01:21:10+0200,30cb418c-e56a-40a4-8689-fc8db64f26d1,2026-07-31T01:30:00Z,2026-07-31T03:30:00+0200,45518.6283,MW,DE,DE_LU,actual_load,Actual Load,2026-08-15T23:22:55Z
2026-08-15T23:21:10Z,2026-08-16T01:21:10+0200,30cb418c-e56a-40a4-8689-fc8db64f26d1,2026-07-31T01:45:00Z,2026-07-31T03:45:00+0200,45805.75734,MW,DE,DE_LU,actual_load,Actual Load,2026-08-15T23:22:55Z
2026-08-15T23:21:10Z,2026-08-16T01:21:10+0200,30cb418c-e56a-40a4-8689-fc8db64f26d1,2026-07-31T02:00:00Z,2026-07-31T04:00:00+0200,46423.32605,MW,DE,DE_LU,actual_load,Actual Load,2026-08-15T23:22:55Z
2026-08-15T23:21:10Z,2026-08-16T01:21:10+0200,30cb418c-e56a-40a4-8689-fc8db64f26d1,2026-07-31T02:15:00Z,2026-07-31T04:15:00+0200,46536.57919,MW,DE,DE_LU,actual_load,Actual Load,2026-08-15T23:22:55Z
2026-08-15T23:21:10Z,2026-08-16T01:21:10+0200,30cb418c-e56a-40a4-8689-fc8db64f26d1,2026-07-31T02:30:00Z,2026-07-31T04:30:00+0200,46445.37957,MW,DE,DE_LU,actual_load,Actual Load,2026-08-15T23:22:55Z
2026-08-15T23:21:10Z,2026-08-16T01:21:10+0200,30cb418c-e56a-40a4-8689-fc8db64f26d1,2026-07-31T02:45:00Z,2026-07-31T04:45:00+0200,46495.38501,MW,DE,DE_LU,actual_load,Actual Load,2026-08-15T23:22:55Z
2026-08-15T23:21:10Z,2026-08-16T01:21:10+0200,30cb418c-e56a-40a4-8689-fc8db64f26d1,2026-07-31T03:00:00Z,2026-07-31T05:00:00+0200,47283.93727,MW,DE,DE_LU,actual_load,Actual Load,2026-08-15T23:22:55Z
2026-08-15T23:21:10Z,2026-08-16T01:21:10+0200,30cb418c-e56a-40a4-8689-fc8db64f26d1,2026-07-31T03:15:00Z,2026-07-31T05:15:00+0200,47601.07842,MW,DE,DE_LU,actual_load,Actual Load,2026-08-15T23:22:55Z
2026-08-15T23:21:10Z,2026-08-16T01:21:10+0200,30cb418c-e56a-40a4-8689-fc8db64f26d1,2026-07-31T03:30:00Z,2026-07-31T05:30:00+0200,48649.38969,MW,DE,DE_LU,actual_load,Actual Load,2026-08-15T23:22:55Z
2026-08-15T23:21:10Z,2026-08-16T01:21:10+0200,30cb418c-e56a-40a4-8689-fc8db64f26d1,2026-07-31T03:45:00Z,2026-07-31T05:45:00+0200,49781.61247,MW,DE,DE_LU,actual_load,Actual Load,2026-08-15T23:22:55Z
2026-08-15T23:21:10Z,2026-08-16T01:21:10+0200,30cb418c-e56a-40a4-8689-fc8db64f26d1,2026-07-31T04:00:00Z,2026-07-31T06:00:00+0200,51842.73076,MW,DE,DE_LU,actual_load,Actual Load,2026-08-15T23:22:55Z
2026-08-15T23:21:10Z,2026-08-16T01:21:10+0200,30cb418c-e56a-40a4-8689-fc8db64f26d1,2026-07-31T04:15:00Z,2026-07-31T06:15:00+0200,53308.31981,MW,DE,DE_LU,actual_load,Actual Load,2026-08-15T23:22:55Z
2026-08-15T23:21:10Z,2026-08-16T01:21:10+0200,30cb418c-e56a-40a4-8689-fc8db64f26d1,2026-07-31T04:30:00Z,2026-07-31T06:30:00+0200,54190.67458,MW,DE,DE_LU,actual_load,Actual Load,2026-08-15T23:22:55Z
2026-08-15T23:21:10Z,2026-08-16T01:21:10+0200,30cb418c-e56a-40a4-8689-fc8db64f26d1,2026-07-31T04:45:00Z,2026-07-31T06:45:00+0200,55203.27565,MW,DE,DE_LU,actual_load,Actual Load,2026-08-15T23:22:55Z
2026-08-15T23:21:10Z,2026-08-16T01:21:10+0200,30cb418c-e56a-40a4-8689-fc8db64f26d1,2026-07-31T05:00:00Z,2026-07-31T07:00:00+0200,55897.43058,MW,DE,DE_LU,actual_load,Actual Load,2026-08-15T23:22:55Z
2026-08-15T23:21:10Z,2026-08-16T01:21:10+0200,30cb418c-e56a-40a4-8689-fc8db64f26d1,2026-07-31T05:15:00Z,2026-07-31T07:15:00+0200,57500.91003,MW,DE,DE_LU,actual_load,Actual Load,2026-08-15T23:22:55Z
2026-08-15T23:21:10Z,2026-08-16T01:21:10+0200,30cb418c-e56a-40a4-8689-fc8db64f26d1,2026-07-31T05:30:00Z,2026-07-31T07:30:00+0200,58538.45916,MW,DE,DE_LU,actual_load,Actual Load,2026-08-15T23:22:55Z
2026-08-15T23:21:10Z,2026-08-16T01:21:10+0200,30cb418c-e56a-40a4-8689-fc8db64f26d1,2026-07-31T05:45:00Z,2026-07-31T07:45:00+0200,58558.8361,MW,DE,DE_LU,actual_load,Actual Load,2026-08-15T23:22:55Z
2026-08-15T23:21:10Z,2026-08-16T01:21:10+0200,30cb418c-e56a-40a4-8689-fc8db64f26d1,2026-07-31T06:00:00Z,2026-07-31T08:00:00+0200,58535.11487,MW,DE,DE_LU,actual_load,Actual Load,2026-08-15T23:22:55Z
2026-08-15T23:21:10Z,2026-08-16T01:21:10+0200,30cb418c-e56a-40a4-8689-fc8db64f26d1,2026-07-31T06:15:00Z,2026-07-31T08:15:00+0200,59880.31924,MW,DE,DE_LU,actual_load,Actual Load,2026-08-15T23:22:55Z
2026-08-15T23:21:10Z,2026-08-16T01:21:10+0200,30cb418c-e56a-40a4-8689-fc8db64f26d1,2026-07-31T06:30:00Z,2026-07-31T08:30:00+0200,60914.44591,MW,DE,DE_LU,actual_load,Actual Load,2026-08-15T23:22:55Z
2026-08-15T23:21:10Z,2026-08-16T01:21:10+0200,30cb418c-e56a-40a4-8689-fc8db64f26d1,2026-07-31T06:45:00Z,2026-07-31T08:45:00+0200,61339.53588,MW,DE,DE_LU,actual_load,Actual Load,2026-08-15T23:22:55Z
2026-08-15T23:21:10Z,2026-08-16T01:21:10+0200,30cb418c-e56a-40a4-8689-fc8db64f26d1,2026-07-31T07:00:00Z,2026-07-31T09:00:00+0200,59536.40555,MW,DE,DE_LU,actual_load,Actual Load,2026-08-15T23:22:55Z
2026-08-15T23:21:10Z,2026-08-16T01:21:10+0200,30cb418c-e56a-40a4-8689-fc8db64f26d1,2026-07-31T07:15:00Z,2026-07-31T09:15:00+0200,59596.73525,MW,DE,DE_LU,actual_load,Actual Load,2026-08-15T23:22:55Z
2026-08-15T23:21:10Z,2026-08-16T01:21:10+0200,30cb418c-e56a-40a4-8689-fc8db64f26d1,2026-07-31T07:30:00Z,2026-07-31T09:30:00+0200,60466.33913,MW,DE,DE_LU,actual_load,Actual Load,2026-08-15T23:22:55Z
2026-08-15T23:21:10Z,2026-08-16T01:21:10+0200,30cb418c-e56a-40a4-8689-fc8db64f26d1,2026-07-31T07:45:00Z,2026-07-31T09:45:00+0200,59972.77741,MW,DE,DE_LU,actual_load,Actual Load,2026-08-15T23:22:55Z
2026-08-15T23:21:10Z,2026-08-16T01:21:10+0200,30cb418c-e56a-40a4-8689-fc8db64f26d1,2026-07-31T08:00:00Z,2026-07-31T10:00:00+0200,59084.53344,MW,DE,DE_LU,actual_load,Actual Load,2026-08-15T23:22:55Z
2026-08-15T23:21:10Z,2026-08-16T01:21:10+0200,30cb418c-e56a-40a4-8689-fc8db64f26d1,2026-07-31T08:15:00Z,2026-07-31T10:15:00+0200,58705.424,MW,DE,DE_LU,actual_load,Actual Load,2026-08-15T23:22:55Z
2026-08-15T23:21:10Z,2026-08-16T01:21:10+0200,30cb418c-e56a-40a4-8689-fc8db64f26d1,2026-07-31T08:30:00Z,2026-07-31T10:30:00+0200,58572.31966,MW,DE,DE_LU,actual_load,Actual Load,2026-08-15T23:22:55Z
2026-08-15T23:21:10Z,2026-08-16T01:21:10+0200,30cb418c-e56a-40a4-8689-fc8db64f26d1,2026-07-31T08:45:00Z,2026-07-31T10:45:00+0200,58233.96488,MW,DE,DE_LU,actual_load,Actual Load,2026-08-15T23:22:55Z
2026-08-15T23:21:10Z,2026-08-16T01:21:10+0200,30cb418c-e56a-40a4-8689-fc8db64f26d1,2026-07-31T09:00:00Z,2026-07-31T11:00:00+0200,57440.11701,MW,DE,DE_LU,actual_load,Actual Load,2026-08-15T23:22:55Z
2026-08-15T23:21:10Z,2026-08-16T01:21:10+0200,30cb418c-e56a-40a4-8689-fc8db64f26d1,2026-07-31T09:15:00Z,2026-07-31T11:15:00+0200,57015.55033,MW,DE,DE_LU,actual_load,Actual Load,2026-08-15T23:22:55Z
2026-08-15T23:21:10Z,2026-08-16T01:21:10+0200,30cb418c-e56a-40a4-8689-fc8db64f26d1,2026-07-31T09:30:00Z,2026-07-31T11:30:00+0200,57029.36395,MW,DE,DE_LU,actual_load,Actual Load,2026-08-15T23:22:55Z
2026-08-15T23:21:10Z,2026-08-16T01:21:10+0200,30cb418c-e56a-40a4-8689-fc8db64f26d1,2026-07-31T09:45:00Z,2026-07-31T11:45:00+0200,56765.78909,MW,DE,DE_LU,actual_load,Actual Load,2026-08-15T23:22:55Z
2026-08-15T23:21:10Z,2026-08-16T01:21:10+0200,30cb418c-e56a-40a4-8689-fc8db64f26d1,2026-07-31T10:00:00Z,2026-07-31T12:00:00+0200,56060.9764,MW,DE,DE_LU,actual_load,Actual Load,2026-08-15T23:22:55Z
2026-08-15T23:21:10Z,2026-08-16T01:21:10+0200,30cb418c-e56a-40a4-8689-fc8db64f26d1,2026-07-31T10:15:00Z,2026-07-31T12:15:00+0200,55571.52945,MW,DE,DE_LU,actual_load,Actual Load,2026-08-15T23:22:55Z
2026-08-15T23:21:10Z,2026-08-16T01:21:10+0200,30cb418c-e56a-40a4-8689-fc8db64f26d1,2026-07-31T10:30:00Z,2026-07-31T12:30:00+0200,55306.15272,MW,DE,DE_LU,actual_load,Actual Load,2026-08-15T23:22:55Z
2026-08-15T23:21:10Z,2026-08-16T01:21:10+0200,30cb418c-e56a-40a4-8689-fc8db64f26d1,2026-07-31T10:45:00Z,2026-07-31T12:45:00+0200,55330.87672,MW,DE,DE_LU,actual_load,Actual Load,2026-08-15T23:22:55Z
2026-08-15T23:21:10Z,2026-08-16T01:21:10+0200,30cb418c-e56a-40a4-8689-fc8db64f26d1,2026-07-31T11:00:00Z,2026-07-31T13:00:00+0200,54894.52467,MW,DE,DE_LU,actual_load,Actual Load,2026-08-15T23:22:55Z
2026-08-15T23:21:10Z,2026-08-16T01:21:10+0200,30cb418c-e56a-40a4-8689-fc8db64f26d1,2026-07-31T11:15:00Z,2026-07-31T13:15:00+0200,54746.45771,MW,DE,DE_LU,actual_load,Actual Load,2026-08-15T23:22:55Z
2026-08-15T23:21:10Z,2026-08-16T01:21:10+0200,30cb418c-e56a-40a4-8689-fc8db64f26d1,2026-07-31T11:30:00Z,2026-07-31T13:30:00+0200,54509.86035,MW,DE,DE_LU,actual_load,Actual Load,2026-08-15T23:22:55Z
2026-08-15T23:21:10Z,2026-08-16T01:21:10+0200,30cb418c-e56a-40a4-8689-fc8db64f26d1,2026-07-31T11:45:00Z,2026-07-31T13:45:00+0200,54015.92016,MW,DE,DE_LU,actual_load,Actual Load,2026-08-15T23:22:55Z
2026-08-15T23:21:10Z,2026-08-16T01:21:10+0200,30cb418c-e56a-40a4-8689-fc8db64f26d1,2026-07-31T12:00:00Z,2026-07-31T14:00:00+0200,54140.96923,MW,DE,DE_LU,actual_load,Actual Load,2026-08-15T23:22:55Z
2026-08-15T23:21:10Z,2026-08-16T01:21:10+0200,30cb418c-e56a-40a4-8689-fc8db64f26d1,2026-07-31T12:15:00Z,2026-07-31T14:15:00+0200,53850.63913,MW,DE,DE_LU,actual_load,Actual Load,2026-08-15T23:22:55Z
2026-08-15T23:21:10Z,2026-08-16T01:21:10+0200,30cb418c-e56a-40a4-8689-fc8db64f26d1,2026-07-31T12:30:00Z,2026-07-31T14:30:00+0200,53647.60028,MW,DE,DE_LU,actual_load,Actual Load,2026-08-15T23:22:55Z
2026-08-15T23:21:10Z,2026-08-16T01:21:10+0200,30cb418c-e56a-40a4-8689-fc8db64f26d1,2026-07-31T12:45:00Z,2026-07-31T14:45:00+0200,53726.42134,MW,DE,DE_LU,actual_load,Actual Load,2026-08-15T23:22:55Z
2026-08-15T23:21:10Z,2026-08-16T01:21:10+0200,30cb418c-e56a-40a4-8689-fc8db64f26d1,2026-07-31T13:00:00Z,2026-07-31T15:00:00+0200,54136.50597,MW,DE,DE_LU,actual_load,Actual Load,2026-08-15T23:22:55Z
2026-08-15T23:21:10Z,2026-08-16T01:21:10+0200,30cb418c-e56a-40a4-8689-fc8db64f26d1,2026-07-31T13:15:00Z,2026-07-31T15:15:00+0200,54123.92969,MW,DE,DE_LU,actual_load,Actual Load,2026-08-15T23:22:55Z
2026-08-15T23:21:10Z,2026-08-16T01:21:10+0200,30cb418c-e56a-40a4-8689-fc8db64f26d1,2026-07-31T13:30:00Z,2026-07-31T15:30:00+0200,54503.9066,MW,DE,DE_LU,actual_load,Actual Load,2026-08-15T23:22:55Z
2026-08-15T23:21:10Z,2026-08-16T01:21:10+0200,30cb418c-e56a-40a4-8689-fc8db64f26d1,2026-07-31T13:45:00Z,2026-07-31T15:45:00+0200,54267.43312,MW,DE,DE_LU,actual_load,Actual Load,2026-08-15T23:22:55Z
2026-08-15T23:21:10Z,2026-08-16T01:21:10+0200,30cb418c-e56a-40a4-8689-fc8db64f26d1,2026-07-31T14:00:00Z,2026-07-31T16:00:00+0200,55362.17434,MW,DE,DE_LU,actual_load,Actual Load,2026-08-15T23:22:55Z
2026-08-15T23:21:10Z,2026-08-16T01:21:10+0200,30cb418c-e56a-40a4-8689-fc8db64f26d1,2026-07-31T14:15:00Z,2026-07-31T16:15:00+0200,54700.82692,MW,DE,DE_LU,actual_load,Actual Load,2026-08-15T23:22:55Z
2026-08-15T23:21:10Z,2026-08-16T01:21:10+0200,30cb418c-e56a-40a4-8689-fc8db64f26d1,2026-07-31T14:30:00Z,2026-07-31T16:30:00+0200,54892.7105,MW,DE,DE_LU,actual_load,Actual Load,2026-08-15T23:22:55Z
2026-08-15T23:21:10Z,2026-08-16T01:21:10+0200,30cb418c-e56a-40a4-8689-fc8db64f26d1,2026-07-31T14:45:00Z,2026-07-31T16:45:00+0200,55925.52284,MW,DE,DE_LU,actual_load,Actual Load,2026-08-15T23:22:55Z
2026-08-15T23:21:10Z,2026-08-16T01:21:10+0200,30cb418c-e56a-40a4-8689-fc8db64f26d1,2026-07-31T15:00:00Z,2026-07-31T17:00:00+0200,56968.74195,MW,DE,DE_LU,actual_load,Actual Load,2026-08-15T23:22:55Z
2026-08-15T23:21:10Z,2026-08-16T01:21:10+0200,30cb418c-e56a-40a4-8689-fc8db64f26d1,2026-07-31T15:15:00Z,2026-07-31T17:15:00+0200,56899.91422,MW,DE,DE_LU,actual_load,Actual Load,2026-08-15T23:22:55Z
2026-08-15T23:21:10Z,2026-08-16T01:21:10+0200,30cb418c-e56a-40a4-8689-fc8db64f26d1,2026-07-31T15:30:00Z,2026-07-31T17:30:00+0200,57934.32799,MW,DE,DE_LU,actual_load,Actual Load,2026-08-15T23:22:55Z
2026-08-15T23:21:10Z,2026-08-16T01:21:10+0200,30cb418c-e56a-40a4-8689-fc8db64f26d1,2026-07-31T15:45:00Z,2026-07-31T17:45:00+0200,57758.37008,MW,DE,DE_LU,actual_load,Actual Load,2026-08-15T23:22:55Z
2026-08-15T23:21:10Z,2026-08-16T01:21:10+0200,30cb418c-e56a-40a4-8689-fc8db64f26d1,2026-07-31T16:00:00Z,2026-07-31T18:00:00+0200,58027.43229,MW,DE,DE_LU,actual_load,Actual Load,2026-08-15T23:22:55Z
2026-08-15T23:21:10Z,2026-08-16T01:21:10+0200,30cb418c-e56a-40a4-8689-fc8db64f26d1,2026-07-31T16:15:00Z,2026-07-31T18:15:00+0200,58079.45731,MW,DE,DE_LU,actual_load,Actual Load,2026-08-15T23:22:55Z
2026-08-15T23:21:10Z,2026-08-16T01:21:10+0200,30cb418c-e56a-40a4-8689-fc8db64f26d1,2026-07-31T16:30:00Z,2026-07-31T18:30:00+0200,58342.46863,MW,DE,DE_LU,actual_load,Actual Load,2026-08-15T23:22:55Z
2026-08-15T23:21:10Z,2026-08-16T01:21:10+0200,30cb418c-e56a-40a4-8689-fc8db64f26d1,2026-07-31T16:45:00Z,2026-07-31T18:45:00+0200,57645.4598,MW,DE,DE_LU,actual_load,Actual Load,2026-08-15T23:22:55Z
2026-08-15T23:21:10Z,2026-08-16T01:21:10+0200,30cb418c-e56a-40a4-8689-fc8db64f26d1,2026-07-31T17:00:00Z,2026-07-31T19:00:00+0200,57670.18182,MW,DE,DE_LU,actual_load,Actual Load,2026-08-15T23:22:55Z
2026-08-15T23:21:10Z,2026-08-16T01:21:10+0200,30cb418c-e56a-40a4-8689-fc8db64f26d1,2026-07-31T17:15:00Z,2026-07-31T19:15:00+0200,57305.62457,MW,DE,DE_LU,actual_load,Actual Load,2026-08-15T23:22:55Z
2026-08-15T23:21:10Z,2026-08-16T01:21:10+0200,30cb418c-e56a-40a4-8689-fc8db64f26d1,2026-07-31T17:30:00Z,2026-07-31T19:30:00+0200,56440.90466,MW,DE,DE_LU,actual_load,Actual Load,2026-08-15T23:22:55Z
2026-08-15T23:21:10Z,2026-08-16T01:21:10+0200,30cb418c-e56a-40a4-8689-fc8db64f26d1,2026-07-31T17:45:00Z,2026-07-31T19:45:00+0200,55610.28431,MW,DE,DE_LU,actual_load,Actual Load,2026-08-15T23:22:55Z
2026-08-15T23:21:10Z,2026-08-16T01:21:10+0200,30cb418c-e56a-40a4-8689-fc8db64f26d1,2026-07-31T18:00:00Z,2026-07-31T20:00:00+0200,56310.27353,MW,DE,DE_LU,actual_load,Actual Load,2026-08-15T23:22:55Z
2026-08-15T23:21:10Z,2026-08-16T01:21:10+0200,30cb418c-e56a-40a4-8689-fc8db64f26d1,2026-07-31T18:15:00Z,2026-07-31T20:15:00+0200,55629.22513,MW,DE,DE_LU,actual_load,Actual Load,2026-08-15T23:22:55Z
2026-08-15T23:21:10Z,2026-08-16T01:21:10+0200,30cb418c-e56a-40a4-8689-fc8db64f26d1,2026-07-31T18:30:00Z,2026-07-31T20:30:00+0200,54773.9108,MW,DE,DE_LU,actual_load,Actual Load,2026-08-15T23:22:55Z
2026-08-15T23:21:10Z,2026-08-16T01:21:10+0200,30cb418c-e56a-40a4-8689-fc8db64f26d1,2026-07-31T18:45:00Z,2026-07-31T20:45:00+0200,54073.24872,MW,DE,DE_LU,actual_load,Actual Load,2026-08-15T23:22:55Z
2026-08-15T23:21:10Z,2026-08-16T01:21:10+0200,30cb418c-e56a-40a4-8689-fc8db64f26d1,2026-07-31T19:00:00Z,2026-07-31T21:00:00+0200,54062.96048,MW,DE,DE_LU,actual_load,Actual Load,2026-08-15T23:22:55Z
2026-08-15T23:21:10Z,2026-08-16T01:21:10+0200,30cb418c-e56a-40a4-8689-fc8db64f26d1,2026-07-31T19:15:00Z,2026-07-31T21:15:00+0200,54050.73935,MW,DE,DE_LU,actual_load,Actual Load,2026-08-15T23:22:55Z
2026-08-15T23:21:10Z,2026-08-16T01:21:10+0200,30cb418c-e56a-40a4-8689-fc8db64f26d1,2026-07-31T19:30:00Z,2026-07-31T21:30:00+0200,53549.99954,MW,DE,DE_LU,actual_load,Actual Load,2026-08-15T23:22:55Z
2026-08-15T23:21:10Z,2026-08-16T01:21:10+0200,30cb418c-e56a-40a4-8689-fc8db64f26d1,2026-07-31T19:45:00Z,2026-07-31T21:45:00+0200,52835.55122,MW,DE,DE_LU,actual_load,Actual Load,2026-08-15T23:22:55Z
2026-08-15T23:21:10Z,2026-08-16T01:21:10+0200,30cb418c-e56a-40a4-8689-fc8db64f26d1,2026-07-31T20:00:00Z,2026-07-31T22:00:00+0200,51645.16375,MW,DE,DE_LU,actual_load,Actual Load,2026-08-15T23:22:55Z
2026-08-15T23:21:10Z,2026-08-16T01:21:10+0200,30cb418c-e56a-40a4-8689-fc8db64f26d1,2026-07-31T20:15:00Z,2026-07-31T22:15:00+0200,51365.97561,MW,DE,DE_LU,actual_load,Actual Load,2026-08-15T23:22:55Z
2026-08-15T23:21:10Z,2026-08-16T01:21:10+0200,30cb418c-e56a-40a4-8689-fc8db64f26d1,2026-07-31T20:30:00Z,2026-07-31T22:30:00+0200,50198.62709,MW,DE,DE_LU,actual_load,Actual Load,2026-08-15T23:22:55Z
2026-08-15T23:21:10Z,2026-08-16T01:21:10+0200,30cb418c-e56a-40a4-8689-fc8db64f26d1,2026-07-31T20:45:00Z,2026-07-31T22:45:00+0200,49316.89111,MW,DE,DE_LU,actual_load,Actual Load,2026-08-15T23:22:55Z
2026-08-15T23:21:10Z,2026-08-16T01:21:10+0200,30cb418c-e56a-40a4-8689-fc8db64f26d1,2026-07-31T21:00:00Z,2026-07-31T23:00:00+0200,48609.79346,MW,DE,DE_LU,actual_load,Actual Load,2026-08-15T23:22:55Z
2026-08-15T23:21:10Z,2026-08-16T01:21:10+0200,30cb418c-e56a-40a4-8689-fc8db64f26d1,2026-07-31T21:15:00Z,2026-07-31T23:15:00+0200,47991.57515,MW,DE,DE_LU,actual_load,Actual Load,2026-08-15T23:22:55Z
2026-08-15T23:21:10Z,2026-08-16T01:21:10+0200,30cb418c-e56a-40a4-8689-fc8db64f26d1,2026-07-31T21:30:00Z,2026-07-31T23:30:00+0200,46824.90995,MW,DE,DE_LU,actual_load,Actual Load,2026-08-15T23:22:55Z
2026-08-15T23:21:10Z,2026-08-16T01:21:10+0200,30cb418c-e56a-40a4-8689-fc8db64f26d1,2026-07-31T21:45:00Z,2026-07-31T23:45:00+0200,46729.34155,MW,DE,DE_LU,actual_load,Actual Load,2026-08-15T23:22:55Z
2026-08-15T23:21:10Z,2026-08-16T01:21:10+0200,30cb418c-e56a-40a4-8689-fc8db64f26d1,2026-07-31T22:00:00Z,2026-08-01T00:00:00+0200,46592.73849,MW,DE,DE_LU,actual_load,Actual Load,2026-08-15T23:22:55Z
2026-08-15T23:21:10Z,2026-08-16T01:21:10+0200,30cb418c-e56a-40a4-8689-fc8db64f26d1,2026-07-31T22:15:00Z,2026-08-01T00:15:00+0200,45421.44825,MW,DE,DE_LU,actual_load,Actual Load,2026-08-15T23:22:55Z
2026-08-15T23:21:10Z,2026-08-16T01:21:10+0200,30cb418c-e56a-40a4-8689-fc8db64f26d1,2026-07-31T22:30:00Z,2026-08-01T00:30:00+0200,45519.64104,MW,DE,DE_LU,actual_load,Actual Load,2026-08-15T23:22:55Z
2026-08-15T23:21:10Z,2026-08-16T01:21:10+0200,30cb418c-e56a-40a4-8689-fc8db64f26d1,2026-07-31T22:45:00Z,2026-08-01T00:45:00+0200,45136.83466,MW,DE,DE_LU,actual_load,Actual Load,2026-08-15T23:22:55Z
2026-08-15T23:21:10Z,2026-08-16T01:21:10+0200,30cb418c-e56a-40a4-8689-fc8db64f26d1,2026-07-31T23:00:00Z,2026-08-01T01:00:00+0200,44546.22918,MW,DE,DE_LU,actual_load,Actual Load,2026-08-15T23:22:55Z
2026-08-15T23:21:10Z,2026-08-16T01:21:10+0200,30cb418c-e56a-40a4-8689-fc8db64f26d1,2026-07-31T23:15:00Z,2026-08-01T01:15:00+0200,44622.08719,MW,DE,DE_LU,actual_load,Actual Load,2026-08-15T23:22:55Z
2026-08-15T23:21:10Z,2026-08-16T01:21:10+0200,30cb418c-e56a-40a4-8689-fc8db64f26d1,2026-07-31T23:30:00Z,2026-08-01T01:30:00+0200,44466.64494,MW,DE,DE_LU,actual_load,Actual Load,2026-08-15T23:22:55Z
2026-08-15T23:21:10Z,2026-08-16T01:21:10+0200,30cb418c-e56a-40a4-8689-fc8db64f26d1,2026-07-31T23:45:00Z,2026-08-01T01:45:00+0200,44076.42137,MW,DE,DE_LU,actual_load,Actual Load,2026-08-15T23:22:55Z
2026-08-15T23:21:10Z,2026-08-16T01:21:10+0200,30cb418c-e56a-40a4-8689-fc8db64f26d1,2026-08-01T00:00:00Z,2026-08-01T02:00:00+0200,43726.14186,MW,DE,DE_LU,actual_load,Actual Load,2026-08-15T23:22:55Z
2026-08-15T23:21:10Z,2026-08-16T01:21:10+0200,30cb418c-e56a-40a4-8689-fc8db64f26d1,2026-08-01T00:15:00Z,2026-08-01T02:15:00+0200,43820.65163,MW,DE,DE_LU,actual_load,Actual Load,2026-08-15T23:22:55Z
2026-08-15T23:21:10Z,2026-08-16T01:21:10+0200,30cb418c-e56a-40a4-8689-fc8db64f26d1,2026-08-01T00:30:00Z,2026-08-01T02:30:00+0200,43723.97925,MW,DE,DE_LU,actual_load,Actual Load,2026-08-15T23:22:55Z
2026-08-15T23:21:10Z,2026-08-16T01:21:10+0200,30cb418c-e56a-40a4-8689-fc8db64f26d1,2026-08-01T00:45:00Z,2026-08-01T02:45:00+0200,43516.94115,MW,DE,DE_LU,actual_load,Actual Load,2026-08-15T23:22:55Z
2026-08-15T23:21:10Z,2026-08-16T01:21:10+0200,30cb418c-e56a-40a4-8689-fc8db64f26d1,2026-08-01T01:00:00Z,2026-08-01T03:00:00+0200,42689.71984,MW,DE,DE_LU,actual_load,Actual Load,2026-08-15T23:22:55Z
2026-08-15T23:21:10Z,2026-08-16T01:21:10+0200,30cb418c-e56a-40a4-8689-fc8db64f26d1,2026-08-01T01:15:00Z,2026-08-01T03:15:00+0200,42230.6184,MW,DE,DE_LU,actual_load,Actual Load,2026-08-15T23:22:55Z
2026-08-15T23:21:10Z,2026-08-16T01:21:10+0200,30cb418c-e56a-40a4-8689-fc8db64f26d1,2026-08-01T01:30:00Z,2026-08-01T03:30:00+0200,41881.29791,MW,DE,DE_LU,actual_load,Actual Load,2026-08-15T23:22:55Z
2026-08-15T23:21:10Z,2026-08-16T01:21:10+0200,30cb418c-e56a-40a4-8689-fc8db64f26d1,2026-08-01T01:45:00Z,2026-08-01T03:45:00+0200,42119.78807,MW,DE,DE_LU,actual_load,Actual Load,2026-08-15T23:22:55Z
2026-08-15T23:21:10Z,2026-08-16T01:21:10+0200,30cb418c-e56a-40a4-8689-fc8db64f26d1,2026-08-01T02:00:00Z,2026-08-01T04:00:00+0200,42001.1954,MW,DE,DE_LU,actual_load,Actual Load,2026-08-15T23:22:55Z
2026-08-15T23:21:10Z,2026-08-16T01:21:10+0200,30cb418c-e56a-40a4-8689-fc8db64f26d1,2026-08-01T02:15:00Z,2026-08-01T04:15:00+0200,42116.32435,MW,DE,DE_LU,actual_load,Actual Load,2026-08-15T23:22:55Z
2026-08-15T23:21:10Z,2026-08-16T01:21:10+0200,30cb418c-e56a-40a4-8689-fc8db64f26d1,2026-08-01T02:30:00Z,2026-08-01T04:30:00+0200,42439.48643,MW,DE,DE_LU,actual_load,Actual Load,2026-08-15T23:22:55Z
2026-08-15T23:21:10Z,2026-08-16T01:21:10+0200,30cb418c-e56a-40a4-8689-fc8db64f26d1,2026-08-01T02:45:00Z,2026-08-01T04:45:00+0200,42502.72548,MW,DE,DE_LU,actual_load,Actual Load,2026-08-15T23:22:55Z
2026-08-15T23:21:10Z,2026-08-16T01:21:10+0200,30cb418c-e56a-40a4-8689-fc8db64f26d1,2026-08-01T03:00:00Z,2026-08-01T05:00:00+0200,42725.19733,MW,DE,DE_LU,actual_load,Actual Load,2026-08-15T23:22:55Z
2026-08-15T23:21:10Z,2026-08-16T01:21:10+0200,30cb418c-e56a-40a4-8689-fc8db64f26d1,2026-08-01T03:15:00Z,2026-08-01T05:15:00+0200,42363.20359,MW,DE,DE_LU,actual_load,Actual Load,2026-08-15T23:22:55Z
2026-08-15T23:21:10Z,2026-08-16T01:21:10+0200,30cb418c-e56a-40a4-8689-fc8db64f26d1,2026-08-01T03:30:00Z,2026-08-01T05:30:00+0200,42103.51951,MW,DE,DE_LU,actual_load,Actual Load,2026-08-15T23:22:55Z
2026-08-15T23:21:10Z,2026-08-16T01:21:10+0200,30cb418c-e56a-40a4-8689-fc8db64f26d1,2026-08-01T03:45:00Z,2026-08-01T05:45:00+0200,41758.86919,MW,DE,DE_LU,actual_load,Actual Load,2026-08-15T23:22:55Z
2026-08-15T23:21:10Z,2026-08-16T01:21:10+0200,30cb418c-e56a-40a4-8689-fc8db64f26d1,2026-08-01T04:00:00Z,2026-08-01T06:00:00+0200,41618.92901,MW,DE,DE_LU,actual_load,Actual Load,2026-08-15T23:22:55Z
2026-08-15T23:21:10Z,2026-08-16T01:21:10+0200,30cb418c-e56a-40a4-8689-fc8db64f26d1,2026-08-01T04:15:00Z,2026-08-01T06:15:00+0200,42239.13016,MW,DE,DE_LU,actual_load,Actual Load,2026-08-15T23:22:55Z
2026-08-15T23:21:10Z,2026-08-16T01:21:10+0200,30cb418c-e56a-40a4-8689-fc8db64f26d1,2026-08-01T04:30:00Z,2026-08-01T06:30:00+0200,43067.56166,MW,DE,DE_LU,actual_load,Actual Load,2026-08-15T23:22:55Z
2026-08-15T23:21:10Z,2026-08-16T01:21:10+0200,30cb418c-e56a-40a4-8689-fc8db64f26d1,2026-08-01T04:45:00Z,2026-08-01T06:45:00+0200,43249.49313,MW,DE,DE_LU,actual_load,Actual Load,2026-08-15T23:22:55Z
2026-08-15T23:21:10Z,2026-08-16T01:21:10+0200,30cb418c-e56a-40a4-8689-fc8db64f26d1,2026-08-01T05:00:00Z,2026-08-01T07:00:00+0200,43358.762,MW,DE,DE_LU,actual_load,Actual Load,2026-08-15T23:22:55Z
2026-08-15T23:21:10Z,2026-08-16T01:21:10+0200,30cb418c-e56a-40a4-8689-fc8db64f26d1,2026-08-01T05:15:00Z,2026-08-01T07:15:00+0200,44221.36885,MW,DE,DE_LU,actual_load,Actual Load,2026-08-15T23:22:55Z
2026-08-15T23:21:10Z,2026-08-16T01:21:10+0200,30cb418c-e56a-40a4-8689-fc8db64f26d1,2026-08-01T05:30:00Z,2026-08-01T07:30:00+0200,45135.21544,MW,DE,DE_LU,actual_load,Actual Load,2026-08-15T23:22:55Z
2026-08-15T23:21:10Z,2026-08-16T01:21:10+0200,30cb418c-e56a-40a4-8689-fc8db64f26d1,2026-08-01T05:45:00Z,2026-08-01T07:45:00+0200,45791.67625,MW,DE,DE_LU,actual_load,Actual Load,2026-08-15T23:22:55Z
2026-08-15T23:21:10Z,2026-08-16T01:21:10+0200,30cb418c-e56a-40a4-8689-fc8db64f26d1,2026-08-01T06:00:00Z,2026-08-01T08:00:00+0200,46373.56418,MW,DE,DE_LU,actual_load,Actual Load,2026-08-15T23:22:55Z
2026-08-15T23:21:10Z,2026-08-16T01:21:10+0200,30cb418c-e56a-40a4-8689-fc8db64f26d1,2026-08-01T06:15:00Z,2026-08-01T08:15:00+0200,47430.49791,MW,DE,DE_LU,actual_load,Actual Load,2026-08-15T23:22:55Z
2026-08-15T23:21:10Z,2026-08-16T01:21:10+0200,30cb418c-e56a-40a4-8689-fc8db64f26d1,2026-08-01T06:30:00Z,2026-08-01T08:30:00+0200,48150.80264,MW,DE,DE_LU,actual_load,Actual Load,2026-08-15T23:22:55Z
2026-08-15T23:21:10Z,2026-08-16T01:21:10+0200,30cb418c-e56a-40a4-8689-fc8db64f26d1,2026-08-01T06:45:00Z,2026-08-01T08:45:00+0200,49330.53577,MW,DE,DE_LU,actual_load,Actual Load,2026-08-15T23:22:55Z
2026-08-15T23:21:10Z,2026-08-16T01:21:10+0200,30cb418c-e56a-40a4-8689-fc8db64f26d1,2026-08-01T07:00:00Z,2026-08-01T09:00:00+0200,49592.06017,MW,DE,DE_LU,actual_load,Actual Load,2026-08-15T23:22:55Z
2026-08-15T23:21:10Z,2026-08-16T01:21:10+0200,30cb418c-e56a-40a4-8689-fc8db64f26d1,2026-08-01T07:15:00Z,2026-08-01T09:15:00+0200,49884.01506,MW,DE,DE_LU,actual_load,Actual Load,2026-08-15T23:22:55Z
2026-08-15T23:21:10Z,2026-08-16T01:21:10+0200,30cb418c-e56a-40a4-8689-fc8db64f26d1,2026-08-01T07:30:00Z,2026-08-01T09:30:00+0200,50378.47164,MW,DE,DE_LU,actual_load,Actual Load,2026-08-15T23:22:55Z
2026-08-15T23:21:10Z,2026-08-16T01:21:10+0200,30cb418c-e56a-40a4-8689-fc8db64f26d1,2026-08-01T07:45:00Z,2026-08-01T09:45:00+0200,50896.00648,MW,DE,DE_LU,actual_load,Actual Load,2026-08-15T23:22:55Z
2026-08-15T23:21:10Z,2026-08-16T01:21:10+0200,30cb418c-e56a-40a4-8689-fc8db64f26d1,2026-08-01T08:00:00Z,2026-08-01T10:00:00+0200,49813.16995,MW,DE,DE_LU,actual_load,Actual Load,2026-08-15T23:22:55Z
2026-08-15T23:21:10Z,2026-08-16T01:21:10+0200,30cb418c-e56a-40a4-8689-fc8db64f26d1,2026-08-01T08:15:00Z,2026-08-01T10:15:00+0200,49673.80864,MW,DE,DE_LU,actual_load,Actual Load,2026-08-15T23:22:55Z
2026-08-15T23:21:10Z,2026-08-16T01:21:10+0200,30cb418c-e56a-40a4-8689-fc8db64f26d1,2026-08-01T08:30:00Z,2026-08-01T10:30:00+0200,49830.36468,MW,DE,DE_LU,actual_load,Actual Load,2026-08-15T23:22:55Z
2026-08-15T23:21:10Z,2026-08-16T01:21:10+0200,30cb418c-e56a-40a4-8689-fc8db64f26d1,2026-08-01T08:45:00Z,2026-08-01T10:45:00+0200,49958.62153,MW,DE,DE_LU,actual_load,Actual Load,2026-08-15T23:22:55Z
2026-08-15T23:21:10Z,2026-08-16T01:21:10+0200,30cb418c-e56a-40a4-8689-fc8db64f26d1,2026-08-01T09:00:00Z,2026-08-01T11:00:00+0200,49391.73318,MW,DE,DE_LU,actual_load,Actual Load,2026-08-15T23:22:55Z
2026-08-15T23:21:10Z,2026-08-16T01:21:10+0200,30cb418c-e56a-40a4-8689-fc8db64f26d1,2026-08-01T09:15:00Z,2026-08-01T11:15:00+0200,49909.574,MW,DE,DE_LU,actual_load,Actual Load,2026-08-15T23:22:55Z
2026-08-15T23:21:10Z,2026-08-16T01:21:10+0200,30cb418c-e56a-40a4-8689-fc8db64f26d1,2026-08-01T09:30:00Z,2026-08-01T11:30:00+0200,49744.8796,MW,DE,DE_LU,actual_load,Actual Load,2026-08-15T23:22:55Z
2026-08-15T23:21:10Z,2026-08-16T01:21:10+0200,30cb418c-e56a-40a4-8689-fc8db64f26d1,2026-08-01T09:45:00Z,2026-08-01T11:45:00+0200,49841.34845,MW,DE,DE_LU,actual_load,Actual Load,2026-08-15T23:22:55Z
2026-08-15T23:21:10Z,2026-08-16T01:21:10+0200,30cb418c-e56a-40a4-8689-fc8db64f26d1,2026-08-01T10:00:00Z,2026-08-01T12:00:00+0200,48650.85743,MW,DE,DE_LU,actual_load,Actual Load,2026-08-15T23:22:55Z
2026-08-15T23:21:10Z,2026-08-16T01:21:10+0200,30cb418c-e56a-40a4-8689-fc8db64f26d1,2026-08-01T10:15:00Z,2026-08-01T12:15:00+0200,48249.02311,MW,DE,DE_LU,actual_load,Actual Load,2026-08-15T23:22:55Z
2026-08-15T23:21:10Z,2026-08-16T01:21:10+0200,30cb418c-e56a-40a4-8689-fc8db64f26d1,2026-08-01T10:30:00Z,2026-08-01T12:30:00+0200,48078.20614,MW,DE,DE_LU,actual_load,Actual Load,2026-08-15T23:22:55Z
2026-08-15T23:21:10Z,2026-08-16T01:21:10+0200,30cb418c-e56a-40a4-8689-fc8db64f26d1,2026-08-01T10:45:00Z,2026-08-01T12:45:00+0200,47519.64827,MW,DE,DE_LU,actual_load,Actual Load,2026-08-15T23:22:55Z
2026-08-15T23:21:10Z,2026-08-16T01:21:10+0200,30cb418c-e56a-40a4-8689-fc8db64f26d1,2026-08-01T11:00:00Z,2026-08-01T13:00:00+0200,47434.26724,MW,DE,DE_LU,actual_load,Actual Load,2026-08-15T23:22:55Z
2026-08-15T23:21:10Z,2026-08-16T01:21:10+0200,30cb418c-e56a-40a4-8689-fc8db64f26d1,2026-08-01T11:15:00Z,2026-08-01T13:15:00+0200,47476.11564,MW,DE,DE_LU,actual_load,Actual Load,2026-08-15T23:22:55Z
2026-08-15T23:21:10Z,2026-08-16T01:21:10+0200,30cb418c-e56a-40a4-8689-fc8db64f26d1,2026-08-01T11:30:00Z,2026-08-01T13:30:00+0200,46753.89198,MW,DE,DE_LU,actual_load,Actual Load,2026-08-15T23:22:55Z
2026-08-15T23:21:10Z,2026-08-16T01:21:10+0200,30cb418c-e56a-40a4-8689-fc8db64f26d1,2026-08-01T11:45:00Z,2026-08-01T13:45:00+0200,46460.41217,MW,DE,DE_LU,actual_load,Actual Load,2026-08-15T23:22:55Z
2026-08-15T23:21:10Z,2026-08-16T01:21:10+0200,30cb418c-e56a-40a4-8689-fc8db64f26d1,2026-08-01T12:00:00Z,2026-08-01T14:00:00+0200,46072.22251,MW,DE,DE_LU,actual_load,Actual Load,2026-08-15T23:22:55Z
2026-08-15T23:21:10Z,2026-08-16T01:21:10+0200,30cb418c-e56a-40a4-8689-fc8db64f26d1,2026-08-01T12:15:00Z,2026-08-01T14:15:00+0200,45442.56519,MW,DE,DE_LU,actual_load,Actual Load,2026-08-15T23:22:55Z
2026-08-15T23:21:10Z,2026-08-16T01:21:10+0200,30cb418c-e56a-40a4-8689-fc8db64f26d1,2026-08-01T12:30:00Z,2026-08-01T14:30:00+0200,44856.81192,MW,DE,DE_LU,actual_load,Actual Load,2026-08-15T23:22:55Z
2026-08-15T23:21:10Z,2026-08-16T01:21:10+0200,30cb418c-e56a-40a4-8689-fc8db64f26d1,2026-08-01T12:45:00Z,2026-08-01T14:45:00+0200,44133.34949,MW,DE,DE_LU,actual_load,Actual Load,2026-08-15T23:22:55Z
2026-08-15T23:21:10Z,2026-08-16T01:21:10+0200,30cb418c-e56a-40a4-8689-fc8db64f26d1,2026-08-01T13:00:00Z,2026-08-01T15:00:00+0200,44103.16813,MW,DE,DE_LU,actual_load,Actual Load,2026-08-15T23:22:55Z
2026-08-15T23:21:10Z,2026-08-16T01:21:10+0200,30cb418c-e56a-40a4-8689-fc8db64f26d1,2026-08-01T13:15:00Z,2026-08-01T15:15:00+0200,43879.65928,MW,DE,DE_LU,actual_load,Actual Load,2026-08-15T23:22:55Z
2026-08-15T23:21:10Z,2026-08-16T01:21:10+0200,30cb418c-e56a-40a4-8689-fc8db64f26d1,2026-08-01T13:30:00Z,2026-08-01T15:30:00+0200,43548.0649,MW,DE,DE_LU,actual_load,Actual Load,2026-08-15T23:22:55Z
2026-08-15T23:21:10Z,2026-08-16T01:21:10+0200,30cb418c-e56a-40a4-8689-fc8db64f26d1,2026-08-01T13:45:00Z,2026-08-01T15:45:00+0200,43156.57022,MW,DE,DE_LU,actual_load,Actual Load,2026-08-15T23:22:55Z
2026-08-15T23:21:10Z,2026-08-16T01:21:10+0200,30cb418c-e56a-40a4-8689-fc8db64f26d1,2026-08-01T14:00:00Z,2026-08-01T16:00:00+0200,44311.42514,MW,DE,DE_LU,actual_load,Actual Load,2026-08-15T23:22:55Z
2026-08-15T23:21:10Z,2026-08-16T01:21:10+0200,30cb418c-e56a-40a4-8689-fc8db64f26d1,2026-08-01T14:15:00Z,2026-08-01T16:15:00+0200,43715.57944,MW,DE,DE_LU,actual_load,Actual Load,2026-08-15T23:22:55Z
2026-08-15T23:21:10Z,2026-08-16T01:21:10+0200,30cb418c-e56a-40a4-8689-fc8db64f26d1,2026-08-01T14:30:00Z,2026-08-01T16:30:00+0200,43372.28953,MW,DE,DE_LU,actual_load,Actual Load,2026-08-15T23:22:55Z
2026-08-15T23:21:10Z,2026-08-16T01:21:10+0200,30cb418c-e56a-40a4-8689-fc8db64f26d1,2026-08-01T14:45:00Z,2026-08-01T16:45:00+0200,43500.41274,MW,DE,DE_LU,actual_load,Actual Load,2026-08-15T23:22:55Z
2026-08-15T23:21:10Z,2026-08-16T01:21:10+0200,30cb418c-e56a-40a4-8689-fc8db64f26d1,2026-08-01T15:00:00Z,2026-08-01T17:00:00+0200,44393.2658,MW,DE,DE_LU,actual_load,Actual Load,2026-08-15T23:22:55Z
2026-08-15T23:21:10Z,2026-08-16T01:21:10+0200,30cb418c-e56a-40a4-8689-fc8db64f26d1,2026-08-01T15:15:00Z,2026-08-01T17:15:00+0200,44456.92304,MW,DE,DE_LU,actual_load,Actual Load,2026-08-15T23:22:55Z
2026-08-15T23:21:10Z,2026-08-16T01:21:10+0200,30cb418c-e56a-40a4-8689-fc8db64f26d1,2026-08-01T15:30:00Z,2026-08-01T17:30:00+0200,45124.48885,MW,DE,DE_LU,actual_load,Actual Load,2026-08-15T23:22:55Z
2026-08-15T23:21:10Z,2026-08-16T01:21:10+0200,30cb418c-e56a-40a4-8689-fc8db64f26d1,2026-08-01T15:45:00Z,2026-08-01T17:45:00+0200,45737.99214,MW,DE,DE_LU,actual_load,Actual Load,2026-08-15T23:22:55Z
2026-08-15T23:21:10Z,2026-08-16T01:21:10+0200,30cb418c-e56a-40a4-8689-fc8db64f26d1,2026-08-01T16:00:00Z,2026-08-01T18:00:00+0200,47032.31443,MW,DE,DE_LU,actual_load,Actual Load,2026-08-15T23:22:55Z
2026-08-15T23:21:10Z,2026-08-16T01:21:10+0200,30cb418c-e56a-40a4-8689-fc8db64f26d1,2026-08-01T16:15:00Z,2026-08-01T18:15:00+0200,47129.10792,MW,DE,DE_LU,actual_load,Actual Load,2026-08-15T23:22:55Z
2026-08-15T23:21:10Z,2026-08-16T01:21:10+0200,30cb418c-e56a-40a4-8689-fc8db64f26d1,2026-08-01T16:30:00Z,2026-08-01T18:30:00+0200,47883.84305,MW,DE,DE_LU,actual_load,Actual Load,2026-08-15T23:22:55Z
2026-08-15T23:21:10Z,2026-08-16T01:21:10+0200,30cb418c-e56a-40a4-8689-fc8db64f26d1,2026-08-01T16:45:00Z,2026-08-01T18:45:00+0200,48401.00267,MW,DE,DE_LU,actual_load,Actual Load,2026-08-15T23:22:55Z
2026-08-15T23:21:10Z,2026-08-16T01:21:10+0200,30cb418c-e56a-40a4-8689-fc8db64f26d1,2026-08-01T17:00:00Z,2026-08-01T19:00:00+0200,48898.42777,MW,DE,DE_LU,actual_load,Actual Load,2026-08-15T23:22:55Z
2026-08-15T23:21:10Z,2026-08-16T01:21:10+0200,30cb418c-e56a-40a4-8689-fc8db64f26d1,2026-08-01T17:15:00Z,2026-08-01T19:15:00+0200,49063.92359,MW,DE,DE_LU,actual_load,Actual Load,2026-08-15T23:22:55Z
2026-08-15T23:21:10Z,2026-08-16T01:21:10+0200,30cb418c-e56a-40a4-8689-fc8db64f26d1,2026-08-01T17:30:00Z,2026-08-01T19:30:00+0200,48420.41299,MW,DE,DE_LU,actual_load,Actual Load,2026-08-15T23:22:55Z
2026-08-15T23:21:10Z,2026-08-16T01:21:10+0200,30cb418c-e56a-40a4-8689-fc8db64f26d1,2026-08-01T17:45:00Z,2026-08-01T19:45:00+0200,47624.25778,MW,DE,DE_LU,actual_load,Actual Load,2026-08-15T23:22:55Z
2026-08-15T23:21:10Z,2026-08-16T01:21:10+0200,30cb418c-e56a-40a4-8689-fc8db64f26d1,2026-08-01T18:00:00Z,2026-08-01T20:00:00+0200,48466.46636,MW,DE,DE_LU,actual_load,Actual Load,2026-08-15T23:22:55Z
2026-08-15T23:21:10Z,2026-08-16T01:21:10+0200,30cb418c-e56a-40a4-8689-fc8db64f26d1,2026-08-01T18:15:00Z,2026-08-01T20:15:00+0200,47739.98392,MW,DE,DE_LU,actual_load,Actual Load,2026-08-15T23:22:55Z
2026-08-15T23:21:10Z,2026-08-16T01:21:10+0200,30cb418c-e56a-40a4-8689-fc8db64f26d1,2026-08-01T18:30:00Z,2026-08-01T20:30:00+0200,46601.44963,MW,DE,DE_LU,actual_load,Actual Load,2026-08-15T23:22:55Z
2026-08-15T23:21:10Z,2026-08-16T01:21:10+0200,30cb418c-e56a-40a4-8689-fc8db64f26d1,2026-08-01T18:45:00Z,2026-08-01T20:45:00+0200,46102.7935,MW,DE,DE_LU,actual_load,Actual Load,2026-08-15T23:22:55Z
2026-08-15T23:21:10Z,2026-08-16T01:21:10+0200,30cb418c-e56a-40a4-8689-fc8db64f26d1,2026-08-01T19:00:00Z,2026-08-01T21:00:00+0200,45829.89459,MW,DE,DE_LU,actual_load,Actual Load,2026-08-15T23:22:55Z
2026-08-15T23:21:10Z,2026-08-16T01:21:10+0200,30cb418c-e56a-40a4-8689-fc8db64f26d1,2026-08-01T19:15:00Z,2026-08-01T21:15:00+0200,45955.63732,MW,DE,DE_LU,actual_load,Actual Load,2026-08-15T23:22:55Z
2026-08-15T23:21:10Z,2026-08-16T01:21:10+0200,30cb418c-e56a-40a4-8689-fc8db64f26d1,2026-08-01T19:30:00Z,2026-08-01T21:30:00+0200,46378.30844,MW,DE,DE_LU,actual_load,Actual Load,2026-08-15T23:22:55Z
2026-08-15T23:21:10Z,2026-08-16T01:21:10+0200,30cb418c-e56a-40a4-8689-fc8db64f26d1,2026-08-01T19:45:00Z,2026-08-01T21:45:00+0200,46297.65083,MW,DE,DE_LU,actual_load,Actual Load,2026-08-15T23:22:55Z
2026-08-15T23:21:10Z,2026-08-16T01:21:10+0200,30cb418c-e56a-40a4-8689-fc8db64f26d1,2026-08-01T20:00:00Z,2026-08-01T22:00:00+0200,44985.69899,MW,DE,DE_LU,actual_load,Actual Load,2026-08-15T23:22:55Z
2026-08-15T23:21:10Z,2026-08-16T01:21:10+0200,30cb418c-e56a-40a4-8689-fc8db64f26d1,2026-08-01T20:15:00Z,2026-08-01T22:15:00+0200,45014.88697,MW,DE,DE_LU,actual_load,Actual Load,2026-08-15T23:22:55Z
2026-08-15T23:21:10Z,2026-08-16T01:21:10+0200,30cb418c-e56a-40a4-8689-fc8db64f26d1,2026-08-01T20:30:00Z,2026-08-01T22:30:00+0200,44583.15414,MW,DE,DE_LU,actual_load,Actual Load,2026-08-15T23:22:55Z
2026-08-15T23:21:10Z,2026-08-16T01:21:10+0200,30cb418c-e56a-40a4-8689-fc8db64f26d1,2026-08-01T20:45:00Z,2026-08-01T22:45:00+0200,44183.587,MW,DE,DE_LU,actual_load,Actual Load,2026-08-15T23:22:55Z
2026-08-15T23:21:10Z,2026-08-16T01:21:10+0200,30cb418c-e56a-40a4-8689-fc8db64f26d1,2026-08-01T21:00:00Z,2026-08-01T23:00:00+0200,43070.12945,MW,DE,DE_LU,actual_load,Actual Load,2026-08-15T23:22:55Z
2026-08-15T23:21:10Z,2026-08-16T01:21:10+0200,30cb418c-e56a-40a4-8689-fc8db64f26d1,2026-08-01T21:15:00Z,2026-08-01T23:15:00+0200,42413.23869,MW,DE,DE_LU,actual_load,Actual Load,2026-08-15T23:22:55Z
2026-08-15T23:21:10Z,2026-08-16T01:21:10+0200,30cb418c-e56a-40a4-8689-fc8db64f26d1,2026-08-01T21:30:00Z,2026-08-01T23:30:00+0200,41891.67882,MW,DE,DE_LU,actual_load,Actual Load,2026-08-15T23:22:55Z
2026-08-15T23:21:10Z,2026-08-16T01:21:10+0200,30cb418c-e56a-40a4-8689-fc8db64f26d1,2026-08-01T21:45:00Z,2026-08-01T23:45:00+0200,42027.49122,MW,DE,DE_LU,actual_load,Actual Load,2026-08-15T23:22:55Z
2026-08-15T23:21:10Z,2026-08-16T01:21:10+0200,30cb418c-e56a-40a4-8689-fc8db64f26d1,2026-08-01T22:00:00Z,2026-08-02T00:00:00+0200,41531.75437,MW,DE,DE_LU,actual_load,Actual Load,2026-08-15T23:22:55Z
2026-08-15T23:21:10Z,2026-08-16T01:21:10+0200,30cb418c-e56a-40a4-8689-fc8db64f26d1,2026-08-01T22:15:00Z,2026-08-02T00:15:00+0200,40530.96319,MW,DE,DE_LU,actual_load,Actual Load,2026-08-15T23:22:55Z
2026-08-15T23:21:10Z,2026-08-16T01:21:10+0200,30cb418c-e56a-40a4-8689-fc8db64f26d1,2026-08-01T22:30:00Z,2026-08-02T00:30:00+0200,40206.47358,MW,DE,DE_LU,actual_load,Actual Load,2026-08-15T23:22:55Z
2026-08-15T23:21:10Z,2026-08-16T01:21:10+0200,30cb418c-e56a-40a4-8689-fc8db64f26d1,2026-08-01T22:45:00Z,2026-08-02T00:45:00+0200,40104.9622,MW,DE,DE_LU,actual_load,Actual Load,2026-08-15T23:22:55Z
2026-08-15T23:21:10Z,2026-08-16T01:21:10+0200,30cb418c-e56a-40a4-8689-fc8db64f26d1,2026-08-01T23:00:00Z,2026-08-02T01:00:00+0200,39103.4836,MW,DE,DE_LU,actual_load,Actual Load,2026-08-15T23:22:55Z
2026-08-15T23:21:10Z,2026-08-16T01:21:10+0200,30cb418c-e56a-40a4-8689-fc8db64f26d1,2026-08-01T23:15:00Z,2026-08-02T01:15:00+0200,38963.30843,MW,DE,DE_LU,actual_load,Actual Load,2026-08-15T23:22:55Z
2026-08-15T23:21:10Z,2026-08-16T01:21:10+0200,30cb418c-e56a-40a4-8689-fc8db64f26d1,2026-08-01T23:30:00Z,2026-08-02T01:30:00+0200,38414.83833,MW,DE,DE_LU,actual_load,Actual Load,2026-08-15T23:22:55Z
2026-08-15T23:21:10Z,2026-08-16T01:21:10+0200,30cb418c-e56a-40a4-8689-fc8db64f26d1,2026-08-01T23:45:00Z,2026-08-02T01:45:00+0200,38188.33479,MW,DE,DE_LU,actual_load,Actual Load,2026-08-15T23:22:55Z
2026-08-15T23:21:10Z,2026-08-16T01:21:10+0200,30cb418c-e56a-40a4-8689-fc8db64f26d1,2026-08-02T00:00:00Z,2026-08-02T02:00:00+0200,38243.56541,MW,DE,DE_LU,actual_load,Actual Load,2026-08-15T23:22:55Z
2026-08-15T23:21:10Z,2026-08-16T01:21:10+0200,30cb418c-e56a-40a4-8689-fc8db64f26d1,2026-08-02T00:15:00Z,2026-08-02T02:15:00+0200,37945.59666,MW,DE,DE_LU,actual_load,Actual Load,2026-08-15T23:22:55Z
2026-08-15T23:21:10Z,2026-08-16T01:21:10+0200,30cb418c-e56a-40a4-8689-fc8db64f26d1,2026-08-02T00:30:00Z,2026-08-02T02:30:00+0200,37426.71072,MW,DE,DE_LU,actual_load,Actual Load,2026-08-15T23:22:55Z
2026-08-15T23:21:10Z,2026-08-16T01:21:10+0200,30cb418c-e56a-40a4-8689-fc8db64f26d1,2026-08-02T00:45:00Z,2026-08-02T02:45:00+0200,37376.08685,MW,DE,DE_LU,actual_load,Actual Load,2026-08-15T23:22:55Z
2026-08-15T23:21:10Z,2026-08-16T01:21:10+0200,30cb418c-e56a-40a4-8689-fc8db64f26d1,2026-08-02T01:00:00Z,2026-08-02T03:00:00+0200,37541.48667,MW,DE,DE_LU,actual_load,Actual Load,2026-08-15T23:22:55Z
2026-08-15T23:21:10Z,2026-08-16T01:21:10+0200,30cb418c-e56a-40a4-8689-fc8db64f26d1,2026-08-02T01:15:00Z,2026-08-02T03:15:00+0200,37296.04198,MW,DE,DE_LU,actual_load,Actual Load,2026-08-15T23:22:55Z
2026-08-15T23:21:10Z,2026-08-16T01:21:10+0200,30cb418c-e56a-40a4-8689-fc8db64f26d1,2026-08-02T01:30:00Z,2026-08-02T03:30:00+0200,37261.27869,MW,DE,DE_LU,actual_load,Actual Load,2026-08-15T23:22:55Z
2026-08-15T23:21:10Z,2026-08-16T01:21:10+0200,30cb418c-e56a-40a4-8689-fc8db64f26d1,2026-08-02T01:45:00Z,2026-08-02T03:45:00+0200,37100.9835,MW,DE,DE_LU,actual_load,Actual Load,2026-08-15T23:22:55Z
2026-08-15T23:21:10Z,2026-08-16T01:21:10+0200,30cb418c-e56a-40a4-8689-fc8db64f26d1,2026-08-02T02:00:00Z,2026-08-02T04:00:00+0200,37238.77629,MW,DE,DE_LU,actual_load,Actual Load,2026-08-15T23:22:55Z
2026-08-15T23:21:10Z,2026-08-16T01:21:10+0200,30cb418c-e56a-40a4-8689-fc8db64f26d1,2026-08-02T02:15:00Z,2026-08-02T04:15:00+0200,37114.66309,MW,DE,DE_LU,actual_load,Actual Load,2026-08-15T23:22:55Z
2026-08-15T23:21:10Z,2026-08-16T01:21:10+0200,30cb418c-e56a-40a4-8689-fc8db64f26d1,2026-08-02T02:30:00Z,2026-08-02T04:30:00+0200,37415.42751,MW,DE,DE_LU,actual_load,Actual Load,2026-08-15T23:22:55Z
2026-08-15T23:21:10Z,2026-08-16T01:21:10+0200,30cb418c-e56a-40a4-8689-fc8db64f26d1,2026-08-02T02:45:00Z,2026-08-02T04:45:00+0200,37086.12696,MW,DE,DE_LU,actual_load,Actual Load,2026-08-15T23:22:55Z
2026-08-15T23:21:10Z,2026-08-16T01:21:10+0200,30cb418c-e56a-40a4-8689-fc8db64f26d1,2026-08-02T03:00:00Z,2026-08-02T05:00:00+0200,36997.38472,MW,DE,DE_LU,actual_load,Actual Load,2026-08-15T23:22:55Z
2026-08-15T23:21:10Z,2026-08-16T01:21:10+0200,30cb418c-e56a-40a4-8689-fc8db64f26d1,2026-08-02T03:15:00Z,2026-08-02T05:15:00+0200,37092.27469,MW,DE,DE_LU,actual_load,Actual Load,2026-08-15T23:22:55Z
2026-08-15T23:21:10Z,2026-08-16T01:21:10+0200,30cb418c-e56a-40a4-8689-fc8db64f26d1,2026-08-02T03:30:00Z,2026-08-02T05:30:00+0200,37350.39412,MW,DE,DE_LU,actual_load,Actual Load,2026-08-15T23:22:55Z
2026-08-15T23:21:10Z,2026-08-16T01:21:10+0200,30cb418c-e56a-40a4-8689-fc8db64f26d1,2026-08-02T03:45:00Z,2026-08-02T05:45:00+0200,37424.95868,MW,DE,DE_LU,actual_load,Actual Load,2026-08-15T23:22:55Z
2026-08-15T23:21:10Z,2026-08-16T01:21:10+0200,30cb418c-e56a-40a4-8689-fc8db64f26d1,2026-08-02T04:00:00Z,2026-08-02T06:00:00+0200,37215.38389,MW,DE,DE_LU,actual_load,Actual Load,2026-08-15T23:22:55Z
2026-08-15T23:21:10Z,2026-08-16T01:21:10+0200,30cb418c-e56a-40a4-8689-fc8db64f26d1,2026-08-02T04:15:00Z,2026-08-02T06:15:00+0200,37517.07083,MW,DE,DE_LU,actual_load,Actual Load,2026-08-15T23:22:55Z
2026-08-15T23:21:10Z,2026-08-16T01:21:10+0200,30cb418c-e56a-40a4-8689-fc8db64f26d1,2026-08-02T04:30:00Z,2026-08-02T06:30:00+0200,37772.03331,MW,DE,DE_LU,actual_load,Actual Load,2026-08-15T23:22:55Z
2026-08-15T23:21:10Z,2026-08-16T01:21:10+0200,30cb418c-e56a-40a4-8689-fc8db64f26d1,2026-08-02T04:45:00Z,2026-08-02T06:45:00+0200,38543.80534,MW,DE,DE_LU,actual_load,Actual Load,2026-08-15T23:22:55Z
2026-08-15T23:21:10Z,2026-08-16T01:21:10+0200,30cb418c-e56a-40a4-8689-fc8db64f26d1,2026-08-02T05:00:00Z,2026-08-02T07:00:00+0200,38416.89511,MW,DE,DE_LU,actual_load,Actual Load,2026-08-15T23:22:55Z
2026-08-15T23:21:10Z,2026-08-16T01:21:10+0200,30cb418c-e56a-40a4-8689-fc8db64f26d1,2026-08-02T05:15:00Z,2026-08-02T07:15:00+0200,38652.13814,MW,DE,DE_LU,actual_load,Actual Load,2026-08-15T23:22:55Z
2026-08-15T23:21:10Z,2026-08-16T01:21:10+0200,30cb418c-e56a-40a4-8689-fc8db64f26d1,2026-08-02T05:30:00Z,2026-08-02T07:30:00+0200,39148.90276,MW,DE,DE_LU,actual_load,Actual Load,2026-08-15T23:22:55Z
2026-08-15T23:21:10Z,2026-08-16T01:21:10+0200,30cb418c-e56a-40a4-8689-fc8db64f26d1,2026-08-02T05:45:00Z,2026-08-02T07:45:00+0200,39871.86582,MW,DE,DE_LU,actual_load,Actual Load,2026-08-15T23:22:55Z
2026-08-15T23:21:10Z,2026-08-16T01:21:10+0200,30cb418c-e56a-40a4-8689-fc8db64f26d1,2026-08-02T06:00:00Z,2026-08-02T08:00:00+0200,39883.93607,MW,DE,DE_LU,actual_load,Actual Load,2026-08-15T23:22:55Z
2026-08-15T23:21:10Z,2026-08-16T01:21:10+0200,30cb418c-e56a-40a4-8689-fc8db64f26d1,2026-08-02T06:15:00Z,2026-08-02T08:15:00+0200,40464.79389,MW,DE,DE_LU,actual_load,Actual Load,2026-08-15T23:22:55Z
2026-08-15T23:21:10Z,2026-08-16T01:21:10+0200,30cb418c-e56a-40a4-8689-fc8db64f26d1,2026-08-02T06:30:00Z,2026-08-02T08:30:00+0200,40584.09089,MW,DE,DE_LU,actual_load,Actual Load,2026-08-15T23:22:55Z
2026-08-15T23:21:10Z,2026-08-16T01:21:10+0200,30cb418c-e56a-40a4-8689-fc8db64f26d1,2026-08-02T06:45:00Z,2026-08-02T08:45:00+0200,41961.15606,MW,DE,DE_LU,actual_load,Actual Load,2026-08-15T23:22:55Z
2026-08-15T23:21:10Z,2026-08-16T01:21:10+0200,30cb418c-e56a-40a4-8689-fc8db64f26d1,2026-08-02T07:00:00Z,2026-08-02T09:00:00+0200,42332.97983,MW,DE,DE_LU,actual_load,Actual Load,2026-08-15T23:22:55Z
2026-08-15T23:21:10Z,2026-08-16T01:21:10+0200,30cb418c-e56a-40a4-8689-fc8db64f26d1,2026-08-02T07:15:00Z,2026-08-02T09:15:00+0200,42377.33393,MW,DE,DE_LU,actual_load,Actual Load,2026-08-15T23:22:55Z
2026-08-15T23:21:10Z,2026-08-16T01:21:10+0200,30cb418c-e56a-40a4-8689-fc8db64f26d1,2026-08-02T07:30:00Z,2026-08-02T09:30:00+0200,42859.70447,MW,DE,DE_LU,actual_load,Actual Load,2026-08-15T23:22:55Z
2026-08-15T23:21:10Z,2026-08-16T01:21:10+0200,30cb418c-e56a-40a4-8689-fc8db64f26d1,2026-08-02T07:45:00Z,2026-08-02T09:45:00+0200,42855.60187,MW,DE,DE_LU,actual_load,Actual Load,2026-08-15T23:22:55Z
2026-08-15T23:21:10Z,2026-08-16T01:21:10+0200,30cb418c-e56a-40a4-8689-fc8db64f26d1,2026-08-02T08:00:00Z,2026-08-02T10:00:00+0200,42630.65283,MW,DE,DE_LU,actual_load,Actual Load,2026-08-15T23:22:55Z
2026-08-15T23:21:10Z,2026-08-16T01:21:10+0200,30cb418c-e56a-40a4-8689-fc8db64f26d1,2026-08-02T08:15:00Z,2026-08-02T10:15:00+0200,42548.8168,MW,DE,DE_LU,actual_load,Actual Load,2026-08-15T23:22:55Z
2026-08-15T23:21:10Z,2026-08-16T01:21:10+0200,30cb418c-e56a-40a4-8689-fc8db64f26d1,2026-08-02T08:30:00Z,2026-08-02T10:30:00+0200,43401.03135,MW,DE,DE_LU,actual_load,Actual Load,2026-08-15T23:22:55Z
2026-08-15T23:21:10Z,2026-08-16T01:21:10+0200,30cb418c-e56a-40a4-8689-fc8db64f26d1,2026-08-02T08:45:00Z,2026-08-02T10:45:00+0200,43281.32128,MW,DE,DE_LU,actual_load,Actual Load,2026-08-15T23:22:55Z
2026-08-15T23:21:10Z,2026-08-16T01:21:10+0200,30cb418c-e56a-40a4-8689-fc8db64f26d1,2026-08-02T09:00:00Z,2026-08-02T11:00:00+0200,43179.23705,MW,DE,DE_LU,actual_load,Actual Load,2026-08-15T23:22:55Z
2026-08-15T23:21:10Z,2026-08-16T01:21:10+0200,30cb418c-e56a-40a4-8689-fc8db64f26d1,2026-08-02T09:15:00Z,2026-08-02T11:15:00+0200,44167.94101,MW,DE,DE_LU,actual_load,Actual Load,2026-08-15T23:22:55Z
2026-08-15T23:21:10Z,2026-08-16T01:21:10+0200,30cb418c-e56a-40a4-8689-fc8db64f26d1,2026-08-02T09:30:00Z,2026-08-02T11:30:00+0200,44527.7003,MW,DE,DE_LU,actual_load,Actual Load,2026-08-15T23:22:55Z
2026-08-15T23:21:10Z,2026-08-16T01:21:10+0200,30cb418c-e56a-40a4-8689-fc8db64f26d1,2026-08-02T09:45:00Z,2026-08-02T11:45:00+0200,44156.81718,MW,DE,DE_LU,actual_load,Actual Load,2026-08-15T23:22:55Z
2026-08-15T23:21:10Z,2026-08-16T01:21:10+0200,30cb418c-e56a-40a4-8689-fc8db64f26d1,2026-08-02T10:00:00Z,2026-08-02T12:00:00+0200,44114.63017,MW,DE,DE_LU,actual_load,Actual Load,2026-08-15T23:22:55Z
2026-08-15T23:21:10Z,2026-08-16T01:21:10+0200,30cb418c-e56a-40a4-8689-fc8db64f26d1,2026-08-02T10:15:00Z,2026-08-02T12:15:00+0200,44056.18194,MW,DE,DE_LU,actual_load,Actual Load,2026-08-15T23:22:55Z
2026-08-15T23:21:10Z,2026-08-16T01:21:10+0200,30cb418c-e56a-40a4-8689-fc8db64f26d1,2026-08-02T10:30:00Z,2026-08-02T12:30:00+0200,43927.33207,MW,DE,DE_LU,actual_load,Actual Load,2026-08-15T23:22:55Z
2026-08-15T23:21:10Z,2026-08-16T01:21:10+0200,30cb418c-e56a-40a4-8689-fc8db64f26d1,2026-08-02T10:45:00Z,2026-08-02T12:45:00+0200,43603.87305,MW,DE,DE_LU,actual_load,Actual Load,2026-08-15T23:22:55Z
2026-08-15T23:21:10Z,2026-08-16T01:21:10+0200,30cb418c-e56a-40a4-8689-fc8db64f26d1,2026-08-02T11:00:00Z,2026-08-02T13:00:00+0200,43874.30898,MW,DE,DE_LU,actual_load,Actual Load,2026-08-15T23:22:55Z
2026-08-15T23:21:10Z,2026-08-16T01:21:10+0200,30cb418c-e56a-40a4-8689-fc8db64f26d1,2026-08-02T11:15:00Z,2026-08-02T13:15:00+0200,43491.69371,MW,DE,DE_LU,actual_load,Actual Load,2026-08-15T23:22:55Z
2026-08-15T23:21:10Z,2026-08-16T01:21:10+0200,30cb418c-e56a-40a4-8689-fc8db64f26d1,2026-08-02T11:30:00Z,2026-08-02T13:30:00+0200,42895.68405,MW,DE,DE_LU,actual_load,Actual Load,2026-08-15T23:22:55Z
2026-08-15T23:21:10Z,2026-08-16T01:21:10+0200,30cb418c-e56a-40a4-8689-fc8db64f26d1,2026-08-02T11:45:00Z,2026-08-02T13:45:00+0200,42516.19126,MW,DE,DE_LU,actual_load,Actual Load,2026-08-15T23:22:55Z
2026-08-15T23:21:10Z,2026-08-16T01:21:10+0200,30cb418c-e56a-40a4-8689-fc8db64f26d1,2026-08-02T12:00:00Z,2026-08-02T14:00:00+0200,41679.7693,MW,DE,DE_LU,actual_load,Actual Load,2026-08-15T23:22:55Z
2026-08-15T23:21:10Z,2026-08-16T01:21:10+0200,30cb418c-e56a-40a4-8689-fc8db64f26d1,2026-08-02T12:15:00Z,2026-08-02T14:15:00+0200,41359.4233,MW,DE,DE_LU,actual_load,Actual Load,2026-08-15T23:22:55Z
2026-08-15T23:21:10Z,2026-08-16T01:21:10+0200,30cb418c-e56a-40a4-8689-fc8db64f26d1,2026-08-02T12:30:00Z,2026-08-02T14:30:00+0200,41002.39021,MW,DE,DE_LU,actual_load,Actual Load,2026-08-15T23:22:55Z
2026-08-15T23:21:10Z,2026-08-16T01:21:10+0200,30cb418c-e56a-40a4-8689-fc8db64f26d1,2026-08-02T12:45:00Z,2026-08-02T14:45:00+0200,41179.72055,MW,DE,DE_LU,actual_load,Actual Load,2026-08-15T23:22:55Z
2026-08-15T23:21:10Z,2026-08-16T01:21:10+0200,30cb418c-e56a-40a4-8689-fc8db64f26d1,2026-08-02T13:00:00Z,2026-08-02T15:00:00+0200,40848.75853,MW,DE,DE_LU,actual_load,Actual Load,2026-08-15T23:22:55Z
2026-08-15T23:21:10Z,2026-08-16T01:21:10+0200,30cb418c-e56a-40a4-8689-fc8db64f26d1,2026-08-02T13:15:00Z,2026-08-02T15:15:00+0200,40375.96286,MW,DE,DE_LU,actual_load,Actual Load,2026-08-15T23:22:55Z
2026-08-15T23:21:10Z,2026-08-16T01:21:10+0200,30cb418c-e56a-40a4-8689-fc8db64f26d1,2026-08-02T13:30:00Z,2026-08-02T15:30:00+0200,39899.96954,MW,DE,DE_LU,actual_load,Actual Load,2026-08-15T23:22:55Z
2026-08-15T23:21:10Z,2026-08-16T01:21:10+0200,30cb418c-e56a-40a4-8689-fc8db64f26d1,2026-08-02T13:45:00Z,2026-08-02T15:45:00+0200,40868.24665,MW,DE,DE_LU,actual_load,Actual Load,2026-08-15T23:22:55Z
2026-08-15T23:21:10Z,2026-08-16T01:21:10+0200,30cb418c-e56a-40a4-8689-fc8db64f26d1,2026-08-02T14:00:00Z,2026-08-02T16:00:00+0200,41542.39027,MW,DE,DE_LU,actual_load,Actual Load,2026-08-15T23:22:55Z
2026-08-15T23:21:10Z,2026-08-16T01:21:10+0200,30cb418c-e56a-40a4-8689-fc8db64f26d1,2026-08-02T14:15:00Z,2026-08-02T16:15:00+0200,40592.03018,MW,DE,DE_LU,actual_load,Actual Load,2026-08-15T23:22:55Z
2026-08-15T23:21:10Z,2026-08-16T01:21:10+0200,30cb418c-e56a-40a4-8689-fc8db64f26d1,2026-08-02T14:30:00Z,2026-08-02T16:30:00+0200,40288.77541,MW,DE,DE_LU,actual_load,Actual Load,2026-08-15T23:22:55Z
2026-08-15T23:21:10Z,2026-08-16T01:21:10+0200,30cb418c-e56a-40a4-8689-fc8db64f26d1,2026-08-02T14:45:00Z,2026-08-02T16:45:00+0200,40157.50741,MW,DE,DE_LU,actual_load,Actual Load,2026-08-15T23:22:55Z
2026-08-15T23:21:10Z,2026-08-16T01:21:10+0200,30cb418c-e56a-40a4-8689-fc8db64f26d1,2026-08-02T15:00:00Z,2026-08-02T17:00:00+0200,41878.6544,MW,DE,DE_LU,actual_load,Actual Load,2026-08-15T23:22:55Z
2026-08-15T23:21:10Z,2026-08-16T01:21:10+0200,30cb418c-e56a-40a4-8689-fc8db64f26d1,2026-08-02T15:15:00Z,2026-08-02T17:15:00+0200,41621.85314,MW,DE,DE_LU,actual_load,Actual Load,2026-08-15T23:22:55Z
2026-08-15T23:21:10Z,2026-08-16T01:21:10+0200,30cb418c-e56a-40a4-8689-fc8db64f26d1,2026-08-02T15:30:00Z,2026-08-02T17:30:00+0200,42137.43792,MW,DE,DE_LU,actual_load,Actual Load,2026-08-15T23:22:55Z
2026-08-15T23:21:10Z,2026-08-16T01:21:10+0200,30cb418c-e56a-40a4-8689-fc8db64f26d1,2026-08-02T15:45:00Z,2026-08-02T17:45:00+0200,42978.21051,MW,DE,DE_LU,actual_load,Actual Load,2026-08-15T23:22:55Z
2026-08-15T23:21:10Z,2026-08-16T01:21:10+0200,30cb418c-e56a-40a4-8689-fc8db64f26d1,2026-08-02T16:00:00Z,2026-08-02T18:00:00+0200,43917.6715,MW,DE,DE_LU,actual_load,Actual Load,2026-08-15T23:22:55Z
2026-08-15T23:21:10Z,2026-08-16T01:21:10+0200,30cb418c-e56a-40a4-8689-fc8db64f26d1,2026-08-02T16:15:00Z,2026-08-02T18:15:00+0200,44455.79605,MW,DE,DE_LU,actual_load,Actual Load,2026-08-15T23:22:55Z
2026-08-15T23:21:10Z,2026-08-16T01:21:10+0200,30cb418c-e56a-40a4-8689-fc8db64f26d1,2026-08-02T16:30:00Z,2026-08-02T18:30:00+0200,45239.20744,MW,DE,DE_LU,actual_load,Actual Load,2026-08-15T23:22:55Z
2026-08-15T23:21:10Z,2026-08-16T01:21:10+0200,30cb418c-e56a-40a4-8689-fc8db64f26d1,2026-08-02T16:45:00Z,2026-08-02T18:45:00+0200,45485.07515,MW,DE,DE_LU,actual_load,Actual Load,2026-08-15T23:22:55Z
2026-08-15T23:21:10Z,2026-08-16T01:21:10+0200,30cb418c-e56a-40a4-8689-fc8db64f26d1,2026-08-02T17:00:00Z,2026-08-02T19:00:00+0200,46141.86289,MW,DE,DE_LU,actual_load,Actual Load,2026-08-15T23:22:55Z
2026-08-15T23:21:10Z,2026-08-16T01:21:10+0200,30cb418c-e56a-40a4-8689-fc8db64f26d1,2026-08-02T17:15:00Z,2026-08-02T19:15:00+0200,46684.13147,MW,DE,DE_LU,actual_load,Actual Load,2026-08-15T23:22:55Z
2026-08-15T23:21:10Z,2026-08-16T01:21:10+0200,30cb418c-e56a-40a4-8689-fc8db64f26d1,2026-08-02T17:30:00Z,2026-08-02T19:30:00+0200,46483.7413,MW,DE,DE_LU,actual_load,Actual Load,2026-08-15T23:22:55Z
2026-08-15T23:21:10Z,2026-08-16T01:21:10+0200,30cb418c-e56a-40a4-8689-fc8db64f26d1,2026-08-02T17:45:00Z,2026-08-02T19:45:00+0200,46353.96857,MW,DE,DE_LU,actual_load,Actual Load,2026-08-15T23:22:55Z
2026-08-15T23:21:10Z,2026-08-16T01:21:10+0200,30cb418c-e56a-40a4-8689-fc8db64f26d1,2026-08-02T18:00:00Z,2026-08-02T20:00:00+0200,47525.54515,MW,DE,DE_LU,actual_load,Actual Load,2026-08-15T23:22:55Z
2026-08-15T23:21:10Z,2026-08-16T01:21:10+0200,30cb418c-e56a-40a4-8689-fc8db64f26d1,2026-08-02T18:15:00Z,2026-08-02T20:15:00+0200,47177.71282,MW,DE,DE_LU,actual_load,Actual Load,2026-08-15T23:22:55Z
2026-08-15T23:21:10Z,2026-08-16T01:21:10+0200,30cb418c-e56a-40a4-8689-fc8db64f26d1,2026-08-02T18:30:00Z,2026-08-02T20:30:00+0200,46223.51661,MW,DE,DE_LU,actual_load,Actual Load,2026-08-15T23:22:55Z
2026-08-15T23:21:10Z,2026-08-16T01:21:10+0200,30cb418c-e56a-40a4-8689-fc8db64f26d1,2026-08-02T18:45:00Z,2026-08-02T20:45:00+0200,45652.9606,MW,DE,DE_LU,actual_load,Actual Load,2026-08-15T23:22:55Z
2026-08-15T23:21:10Z,2026-08-16T01:21:10+0200,30cb418c-e56a-40a4-8689-fc8db64f26d1,2026-08-02T19:00:00Z,2026-08-02T21:00:00+0200,44820.42255,MW,DE,DE_LU,actual_load,Actual Load,2026-08-15T23:22:55Z
2026-08-15T23:21:10Z,2026-08-16T01:21:10+0200,30cb418c-e56a-40a4-8689-fc8db64f26d1,2026-08-02T19:15:00Z,2026-08-02T21:15:00+0200,45169.47115,MW,DE,DE_LU,actual_load,Actual Load,2026-08-15T23:22:55Z
2026-08-15T23:21:10Z,2026-08-16T01:21:10+0200,30cb418c-e56a-40a4-8689-fc8db64f26d1,2026-08-02T19:30:00Z,2026-08-02T21:30:00+0200,45584.10039,MW,DE,DE_LU,actual_load,Actual Load,2026-08-15T23:22:55Z
2026-08-15T23:21:10Z,2026-08-16T01:21:10+0200,30cb418c-e56a-40a4-8689-fc8db64f26d1,2026-08-02T19:45:00Z,2026-08-02T21:45:00+0200,45506.9696,MW,DE,DE_LU,actual_load,Actual Load,2026-08-15T23:22:55Z
2026-08-15T23:21:10Z,2026-08-16T01:21:10+0200,30cb418c-e56a-40a4-8689-fc8db64f26d1,2026-08-02T20:00:00Z,2026-08-02T22:00:00+0200,44843.52831,MW,DE,DE_LU,actual_load,Actual Load,2026-08-15T23:22:55Z
2026-08-15T23:21:10Z,2026-08-16T01:21:10+0200,30cb418c-e56a-40a4-8689-fc8db64f26d1,2026-08-02T20:15:00Z,2026-08-02T22:15:00+0200,44669.13261,MW,DE,DE_LU,actual_load,Actual Load,2026-08-15T23:22:55Z
2026-08-15T23:21:10Z,2026-08-16T01:21:10+0200,30cb418c-e56a-40a4-8689-fc8db64f26d1,2026-08-02T20:30:00Z,2026-08-02T22:30:00+0200,44555.63443,MW,DE,DE_LU,actual_load,Actual Load,2026-08-15T23:22:55Z
2026-08-15T23:21:10Z,2026-08-16T01:21:10+0200,30cb418c-e56a-40a4-8689-fc8db64f26d1,2026-08-02T20:45:00Z,2026-08-02T22:45:00+0200,44045.23843,MW,DE,DE_LU,actual_load,Actual Load,2026-08-15T23:22:55Z
2026-08-15T23:21:10Z,2026-08-16T01:21:10+0200,30cb418c-e56a-40a4-8689-fc8db64f26d1,2026-08-02T21:00:00Z,2026-08-02T23:00:00+0200,42704.46244,MW,DE,DE_LU,actual_load,Actual Load,2026-08-15T23:22:55Z
2026-08-15T23:21:10Z,2026-08-16T01:21:10+0200,30cb418c-e56a-40a4-8689-fc8db64f26d1,2026-08-02T21:15:00Z,2026-08-02T23:15:00+0200,42499.81144,MW,DE,DE_LU,actual_load,Actual Load,2026-08-15T23:22:55Z
2026-08-15T23:21:10Z,2026-08-16T01:21:10+0200,30cb418c-e56a-40a4-8689-fc8db64f26d1,2026-08-02T21:30:00Z,2026-08-02T23:30:00+0200,41864.24358,MW,DE,DE_LU,actual_load,Actual Load,2026-08-15T23:22:55Z
2026-08-15T23:21:10Z,2026-08-16T01:21:10+0200,30cb418c-e56a-40a4-8689-fc8db64f26d1,2026-08-02T21:45:00Z,2026-08-02T23:45:00+0200,41571.98659,MW,DE,DE_LU,actual_load,Actual Load,2026-08-15T23:22:55Z
2026-08-15T23:21:10Z,2026-08-16T01:21:10+0200,30cb418c-e56a-40a4-8689-fc8db64f26d1,2026-08-02T22:00:00Z,2026-08-03T00:00:00+0200,40505.5942,MW,DE,DE_LU,actual_load,Actual Load,2026-08-15T23:22:55Z
2026-08-15T23:21:10Z,2026-08-16T01:21:10+0200,30cb418c-e56a-40a4-8689-fc8db64f26d1,2026-08-02T22:15:00Z,2026-08-03T00:15:00+0200,40117.46335,MW,DE,DE_LU,actual_load,Actual Load,2026-08-15T23:22:55Z
2026-08-15T23:21:10Z,2026-08-16T01:21:10+0200,30cb418c-e56a-40a4-8689-fc8db64f26d1,2026-08-02T22:30:00Z,2026-08-03T00:30:00+0200,39928.84771,MW,DE,DE_LU,actual_load,Actual Load,2026-08-15T23:22:55Z
2026-08-15T23:21:10Z,2026-08-16T01:21:10+0200,30cb418c-e56a-40a4-8689-fc8db64f26d1,2026-08-02T22:45:00Z,2026-08-03T00:45:00+0200,39730.01261,MW,DE,DE_LU,actual_load,Actual Load,2026-08-15T23:22:55Z
2026-08-15T23:21:10Z,2026-08-16T01:21:10+0200,30cb418c-e56a-40a4-8689-fc8db64f26d1,2026-08-02T23:00:00Z,2026-08-03T01:00:00+0200,39583.0976,MW,DE,DE_LU,actual_load,Actual Load,2026-08-15T23:22:55Z
2026-08-15T23:21:10Z,2026-08-16T01:21:10+0200,30cb418c-e56a-40a4-8689-fc8db64f26d1,2026-08-02T23:15:00Z,2026-08-03T01:15:00+0200,39302.98231,MW,DE,DE_LU,actual_load,Actual Load,2026-08-15T23:22:55Z
2026-08-15T23:21:10Z,2026-08-16T01:21:10+0200,30cb418c-e56a-40a4-8689-fc8db64f26d1,2026-08-02T23:30:00Z,2026-08-03T01:30:00+0200,38762.81086,MW,DE,DE_LU,actual_load,Actual Load,2026-08-15T23:22:55Z
2026-08-15T23:21:10Z,2026-08-16T01:21:10+0200,30cb418c-e56a-40a4-8689-fc8db64f26d1,2026-08-02T23:45:00Z,2026-08-03T01:45:00+0200,38664.44282,MW,DE,DE_LU,actual_load,Actual Load,2026-08-15T23:22:55Z
2026-08-15T23:21:10Z,2026-08-16T01:21:10+0200,30cb418c-e56a-40a4-8689-fc8db64f26d1,2026-08-03T00:00:00Z,2026-08-03T02:00:00+0200,38814.9553,MW,DE,DE_LU,actual_load,Actual Load,2026-08-15T23:22:55Z
2026-08-15T23:21:10Z,2026-08-16T01:21:10+0200,30cb418c-e56a-40a4-8689-fc8db64f26d1,2026-08-03T00:15:00Z,2026-08-03T02:15:00+0200,38845.38772,MW,DE,DE_LU,actual_load,Actual Load,2026-08-15T23:22:55Z
2026-08-15T23:21:10Z,2026-08-16T01:21:10+0200,30cb418c-e56a-40a4-8689-fc8db64f26d1,2026-08-03T00:30:00Z,2026-08-03T02:30:00+0200,38458.94909,MW,DE,DE_LU,actual_load,Actual Load,2026-08-15T23:22:55Z
2026-08-15T23:21:10Z,2026-08-16T01:21:10+0200,30cb418c-e56a-40a4-8689-fc8db64f26d1,2026-08-03T00:45:00Z,2026-08-03T02:45:00+0200,38375.06069,MW,DE,DE_LU,actual_load,Actual Load,2026-08-15T23:22:55Z
2026-08-15T23:21:10Z,2026-08-16T01:21:10+0200,30cb418c-e56a-40a4-8689-fc8db64f26d1,2026-08-03T01:00:00Z,2026-08-03T03:00:00+0200,38721.39485,MW,DE,DE_LU,actual_load,Actual Load,2026-08-15T23:22:55Z
2026-08-15T23:21:10Z,2026-08-16T01:21:10+0200,30cb418c-e56a-40a4-8689-fc8db64f26d1,2026-08-03T01:15:00Z,2026-08-03T03:15:00+0200,38568.45576,MW,DE,DE_LU,actual_load,Actual Load,2026-08-15T23:22:55Z
2026-08-15T23:21:10Z,2026-08-16T01:21:10+0200,30cb418c-e56a-40a4-8689-fc8db64f26d1,2026-08-03T01:30:00Z,2026-08-03T03:30:00+0200,38561.21407,MW,DE,DE_LU,actual_load,Actual Load,2026-08-15T23:22:55Z
2026-08-15T23:21:10Z,2026-08-16T01:21:10+0200,30cb418c-e56a-40a4-8689-fc8db64f26d1,2026-08-03T01:45:00Z,2026-08-03T03:45:00+0200,38407.63591,MW,DE,DE_LU,actual_load,Actual Load,2026-08-15T23:22:55Z
2026-08-15T23:21:10Z,2026-08-16T01:21:10+0200,30cb418c-e56a-40a4-8689-fc8db64f26d1,2026-08-03T02:00:00Z,2026-08-03T04:00:00+0200,38875.11604,MW,DE,DE_LU,actual_load,Actual Load,2026-08-15T23:22:55Z
2026-08-15T23:21:10Z,2026-08-16T01:21:10+0200,30cb418c-e56a-40a4-8689-fc8db64f26d1,2026-08-03T02:15:00Z,2026-08-03T04:15:00+0200,39261.12106,MW,DE,DE_LU,actual_load,Actual Load,2026-08-15T23:22:55Z
2026-08-15T23:21:10Z,2026-08-16T01:21:10+0200,30cb418c-e56a-40a4-8689-fc8db64f26d1,2026-08-03T02:30:00Z,2026-08-03T04:30:00+0200,39574.38813,MW,DE,DE_LU,actual_load,Actual Load,2026-08-15T23:22:55Z
2026-08-15T23:21:10Z,2026-08-16T01:21:10+0200,30cb418c-e56a-40a4-8689-fc8db64f26d1,2026-08-03T02:45:00Z,2026-08-03T04:45:00+0200,40106.17208,MW,DE,DE_LU,actual_load,Actual Load,2026-08-15T23:22:55Z
2026-08-15T23:21:10Z,2026-08-16T01:21:10+0200,30cb418c-e56a-40a4-8689-fc8db64f26d1,2026-08-03T03:00:00Z,2026-08-03T05:00:00+0200,41313.67902,MW,DE,DE_LU,actual_load,Actual Load,2026-08-15T23:22:55Z
2026-08-15T23:21:10Z,2026-08-16T01:21:10+0200,30cb418c-e56a-40a4-8689-fc8db64f26d1,2026-08-03T03:15:00Z,2026-08-03T05:15:00+0200,42179.86689,MW,DE,DE_LU,actual_load,Actual Load,2026-08-15T23:22:55Z
2026-08-15T23:21:10Z,2026-08-16T01:21:10+0200,30cb418c-e56a-40a4-8689-fc8db64f26d1,2026-08-03T03:30:00Z,2026-08-03T05:30:00+0200,43165.75616,MW,DE,DE_LU,actual_load,Actual Load,2026-08-15T23:22:55Z
2026-08-15T23:21:10Z,2026-08-16T01:21:10+0200,30cb418c-e56a-40a4-8689-fc8db64f26d1,2026-08-03T03:45:00Z,2026-08-03T05:45:00+0200,44157.97917,MW,DE,DE_LU,actual_load,Actual Load,2026-08-15T23:22:55Z
2026-08-15T23:21:10Z,2026-08-16T01:21:10+0200,30cb418c-e56a-40a4-8689-fc8db64f26d1,2026-08-03T04:00:00Z,2026-08-03T06:00:00+0200,46381.9678,MW,DE,DE_LU,actual_load,Actual Load,2026-08-15T23:22:55Z
2026-08-15T23:21:10Z,2026-08-16T01:21:10+0200,30cb418c-e56a-40a4-8689-fc8db64f26d1,2026-08-03T04:15:00Z,2026-08-03T06:15:00+0200,48751.96239,MW,DE,DE_LU,actual_load,Actual Load,2026-08-15T23:22:55Z
2026-08-15T23:21:10Z,2026-08-16T01:21:10+0200,30cb418c-e56a-40a4-8689-fc8db64f26d1,2026-08-03T04:30:00Z,2026-08-03T06:30:00+0200,50100.19639,MW,DE,DE_LU,actual_load,Actual Load,2026-08-15T23:22:55Z
2026-08-15T23:21:10Z,2026-08-16T01:21:10+0200,30cb418c-e56a-40a4-8689-fc8db64f26d1,2026-08-03T04:45:00Z,2026-08-03T06:45:00+0200,51193.20556,MW,DE,DE_LU,actual_load,Actual Load,2026-08-15T23:22:55Z
2026-08-15T23:21:10Z,2026-08-16T01:21:10+0200,30cb418c-e56a-40a4-8689-fc8db64f26d1,2026-08-03T05:00:00Z,2026-08-03T07:00:00+0200,52073.69711,MW,DE,DE_LU,actual_load,Actual Load,2026-08-15T23:22:55Z
2026-08-15T23:21:10Z,2026-08-16T01:21:10+0200,30cb418c-e56a-40a4-8689-fc8db64f26d1,2026-08-03T05:15:00Z,2026-08-03T07:15:00+0200,53323.86893,MW,DE,DE_LU,actual_load,Actual Load,2026-08-15T23:22:55Z
2026-08-15T23:21:10Z,2026-08-16T01:21:10+0200,30cb418c-e56a-40a4-8689-fc8db64f26d1,2026-08-03T05:30:00Z,2026-08-03T07:30:00+0200,54324.0757,MW,DE,DE_LU,actual_load,Actual Load,2026-08-15T23:22:55Z
2026-08-15T23:21:10Z,2026-08-16T01:21:10+0200,30cb418c-e56a-40a4-8689-fc8db64f26d1,2026-08-03T05:45:00Z,2026-08-03T07:45:00+0200,55915.4531,MW,DE,DE_LU,actual_load,Actual Load,2026-08-15T23:22:55Z
2026-08-15T23:21:10Z,2026-08-16T01:21:10+0200,30cb418c-e56a-40a4-8689-fc8db64f26d1,2026-08-03T06:00:00Z,2026-08-03T08:00:00+0200,56013.75965,MW,DE,DE_LU,actual_load,Actual Load,2026-08-15T23:22:55Z
2026-08-15T23:21:10Z,2026-08-16T01:21:10+0200,30cb418c-e56a-40a4-8689-fc8db64f26d1,2026-08-03T06:15:00Z,2026-08-03T08:15:00+0200,56552.0343,MW,DE,DE_LU,actual_load,Actual Load,2026-08-15T23:22:55Z
2026-08-15T23:21:10Z,2026-08-16T01:21:10+0200,30cb418c-e56a-40a4-8689-fc8db64f26d1,2026-08-03T06:30:00Z,2026-08-03T08:30:00+0200,57477.23031,MW,DE,DE_LU,actual_load,Actual Load,2026-08-15T23:22:55Z
2026-08-15T23:21:10Z,2026-08-16T01:21:10+0200,30cb418c-e56a-40a4-8689-fc8db64f26d1,2026-08-03T06:45:00Z,2026-08-03T08:45:00+0200,57651.69309,MW,DE,DE_LU,actual_load,Actual Load,2026-08-15T23:22:55Z
2026-08-15T23:21:10Z,2026-08-16T01:21:10+0200,30cb418c-e56a-40a4-8689-fc8db64f26d1,2026-08-03T07:00:00Z,2026-08-03T09:00:00+0200,56674.40136,MW,DE,DE_LU,actual_load,Actual Load,2026-08-15T23:22:55Z
2026-08-15T23:21:10Z,2026-08-16T01:21:10+0200,30cb418c-e56a-40a4-8689-fc8db64f26d1,2026-08-03T07:15:00Z,2026-08-03T09:15:00+0200,57161.64367,MW,DE,DE_LU,actual_load,Actual Load,2026-08-15T23:22:55Z
2026-08-15T23:21:10Z,2026-08-16T01:21:10+0200,30cb418c-e56a-40a4-8689-fc8db64f26d1,2026-08-03T07:30:00Z,2026-08-03T09:30:00+0200,57732.13644,MW,DE,DE_LU,actual_load,Actual Load,2026-08-15T23:22:55Z
2026-08-15T23:21:10Z,2026-08-16T01:21:10+0200,30cb418c-e56a-40a4-8689-fc8db64f26d1,2026-08-03T07:45:00Z,2026-08-03T09:45:00+0200,57773.54055,MW,DE,DE_LU,actual_load,Actual Load,2026-08-15T23:22:55Z
2026-08-15T23:21:10Z,2026-08-16T01:21:10+0200,30cb418c-e56a-40a4-8689-fc8db64f26d1,2026-08-03T08:00:00Z,2026-08-03T10:00:00+0200,57170.41608,MW,DE,DE_LU,actual_load,Actual Load,2026-08-15T23:22:55Z
2026-08-15T23:21:10Z,2026-08-16T01:21:10+0200,30cb418c-e56a-40a4-8689-fc8db64f26d1,2026-08-03T08:15:00Z,2026-08-03T10:15:00+0200,56781.56968,MW,DE,DE_LU,actual_load,Actual Load,2026-08-15T23:22:55Z
2026-08-15T23:21:10Z,2026-08-16T01:21:10+0200,30cb418c-e56a-40a4-8689-fc8db64f26d1,2026-08-03T08:30:00Z,2026-08-03T10:30:00+0200,56766.79982,MW,DE,DE_LU,actual_load,Actual Load,2026-08-15T23:22:55Z
2026-08-15T23:21:10Z,2026-08-16T01:21:10+0200,30cb418c-e56a-40a4-8689-fc8db64f26d1,2026-08-03T08:45:00Z,2026-08-03T10:45:00+0200,56825.11647,MW,DE,DE_LU,actual_load,Actual Load,2026-08-15T23:22:55Z
2026-08-15T23:21:10Z,2026-08-16T01:21:10+0200,30cb418c-e56a-40a4-8689-fc8db64f26d1,2026-08-03T09:00:00Z,2026-08-03T11:00:00+0200,56817.93772,MW,DE,DE_LU,actual_load,Actual Load,2026-08-15T23:22:55Z
2026-08-15T23:21:10Z,2026-08-16T01:21:10+0200,30cb418c-e56a-40a4-8689-fc8db64f26d1,2026-08-03T09:15:00Z,2026-08-03T11:15:00+0200,57036.10141,MW,DE,DE_LU,actual_load,Actual Load,2026-08-15T23:22:55Z
2026-08-15T23:21:10Z,2026-08-16T01:21:10+0200,30cb418c-e56a-40a4-8689-fc8db64f26d1,2026-08-03T09:30:00Z,2026-08-03T11:30:00+0200,57440.08898,MW,DE,DE_LU,actual_load,Actual Load,2026-08-15T23:22:55Z
2026-08-15T23:21:10Z,2026-08-16T01:21:10+0200,30cb418c-e56a-40a4-8689-fc8db64f26d1,2026-08-03T09:45:00Z,2026-08-03T11:45:00+0200,57226.69823,MW,DE,DE_LU,actual_load,Actual Load,2026-08-15T23:22:55Z
2026-08-15T23:21:10Z,2026-08-16T01:21:10+0200,30cb418c-e56a-40a4-8689-fc8db64f26d1,2026-08-03T10:00:00Z,2026-08-03T12:00:00+0200,55961.82161,MW,DE,DE_LU,actual_load,Actual Load,2026-08-15T23:22:55Z
2026-08-15T23:21:10Z,2026-08-16T01:21:10+0200,30cb418c-e56a-40a4-8689-fc8db64f26d1,2026-08-03T10:15:00Z,2026-08-03T12:15:00+0200,56127.08872,MW,DE,DE_LU,actual_load,Actual Load,2026-08-15T23:22:55Z
2026-08-15T23:21:10Z,2026-08-16T01:21:10+0200,30cb418c-e56a-40a4-8689-fc8db64f26d1,2026-08-03T10:30:00Z,2026-08-03T12:30:00+0200,56474.61764,MW,DE,DE_LU,actual_load,Actual Load,2026-08-15T23:22:55Z
2026-08-15T23:21:10Z,2026-08-16T01:21:10+0200,30cb418c-e56a-40a4-8689-fc8db64f26d1,2026-08-03T10:45:00Z,2026-08-03T12:45:00+0200,56339.28322,MW,DE,DE_LU,actual_load,Actual Load,2026-08-15T23:22:55Z
2026-08-15T23:21:10Z,2026-08-16T01:21:10+0200,30cb418c-e56a-40a4-8689-fc8db64f26d1,2026-08-03T11:00:00Z,2026-08-03T13:00:00+0200,56239.04447,MW,DE,DE_LU,actual_load,Actual Load,2026-08-15T23:22:55Z
2026-08-15T23:21:10Z,2026-08-16T01:21:10+0200,30cb418c-e56a-40a4-8689-fc8db64f26d1,2026-08-03T11:15:00Z,2026-08-03T13:15:00+0200,56038.81311,MW,DE,DE_LU,actual_load,Actual Load,2026-08-15T23:22:55Z
2026-08-15T23:21:10Z,2026-08-16T01:21:10+0200,30cb418c-e56a-40a4-8689-fc8db64f26d1,2026-08-03T11:30:00Z,2026-08-03T13:30:00+0200,55825.28544,MW,DE,DE_LU,actual_load,Actual Load,2026-08-15T23:22:55Z
2026-08-15T23:21:10Z,2026-08-16T01:21:10+0200,30cb418c-e56a-40a4-8689-fc8db64f26d1,2026-08-03T11:45:00Z,2026-08-03T13:45:00+0200,55581.67951,MW,DE,DE_LU,actual_load,Actual Load,2026-08-15T23:22:55Z
2026-08-15T23:21:10Z,2026-08-16T01:21:10+0200,30cb418c-e56a-40a4-8689-fc8db64f26d1,2026-08-03T12:00:00Z,2026-08-03T14:00:00+0200,55424.74062,MW,DE,DE_LU,actual_load,Actual Load,2026-08-15T23:22:55Z
2026-08-15T23:21:10Z,2026-08-16T01:21:10+0200,30cb418c-e56a-40a4-8689-fc8db64f26d1,2026-08-03T12:15:00Z,2026-08-03T14:15:00+0200,55196.61613,MW,DE,DE_LU,actual_load,Actual Load,2026-08-15T23:22:55Z
2026-08-15T23:21:10Z,2026-08-16T01:21:10+0200,30cb418c-e56a-40a4-8689-fc8db64f26d1,2026-08-03T12:30:00Z,2026-08-03T14:30:00+0200,55159.26187,MW,DE,DE_LU,actual_load,Actual Load,2026-08-15T23:22:55Z
2026-08-15T23:21:10Z,2026-08-16T01:21:10+0200,30cb418c-e56a-40a4-8689-fc8db64f26d1,2026-08-03T12:45:00Z,2026-08-03T14:45:00+0200,55149.05905,MW,DE,DE_LU,actual_load,Actual Load,2026-08-15T23:22:55Z
2026-08-15T23:21:10Z,2026-08-16T01:21:10+0200,30cb418c-e56a-40a4-8689-fc8db64f26d1,2026-08-03T13:00:00Z,2026-08-03T15:00:00+0200,55430.94703,MW,DE,DE_LU,actual_load,Actual Load,2026-08-15T23:22:55Z
2026-08-15T23:21:10Z,2026-08-16T01:21:10+0200,30cb418c-e56a-40a4-8689-fc8db64f26d1,2026-08-03T13:15:00Z,2026-08-03T15:15:00+0200,55444.47069,MW,DE,DE_LU,actual_load,Actual Load,2026-08-15T23:22:55Z
2026-08-15T23:21:10Z,2026-08-16T01:21:10+0200,30cb418c-e56a-40a4-8689-fc8db64f26d1,2026-08-03T13:30:00Z,2026-08-03T15:30:00+0200,55727.25139,MW,DE,DE_LU,actual_load,Actual Load,2026-08-15T23:22:55Z
2026-08-15T23:21:10Z,2026-08-16T01:21:10+0200,30cb418c-e56a-40a4-8689-fc8db64f26d1,2026-08-03T13:45:00Z,2026-08-03T15:45:00+0200,55530.80147,MW,DE,DE_LU,actual_load,Actual Load,2026-08-15T23:22:55Z
2026-08-15T23:21:10Z,2026-08-16T01:21:10+0200,30cb418c-e56a-40a4-8689-fc8db64f26d1,2026-08-03T14:00:00Z,2026-08-03T16:00:00+0200,56398.71063,MW,DE,DE_LU,actual_load,Actual Load,2026-08-15T23:22:55Z
2026-08-15T23:21:10Z,2026-08-16T01:21:10+0200,30cb418c-e56a-40a4-8689-fc8db64f26d1,2026-08-03T14:15:00Z,2026-08-03T16:15:00+0200,56284.91566,MW,DE,DE_LU,actual_load,Actual Load,2026-08-15T23:22:55Z
2026-08-15T23:21:10Z,2026-08-16T01:21:10+0200,30cb418c-e56a-40a4-8689-fc8db64f26d1,2026-08-03T14:30:00Z,2026-08-03T16:30:00+0200,56011.42855,MW,DE,DE_LU,actual_load,Actual Load,2026-08-15T23:22:55Z
2026-08-15T23:21:10Z,2026-08-16T01:21:10+0200,30cb418c-e56a-40a4-8689-fc8db64f26d1,2026-08-03T14:45:00Z,2026-08-03T16:45:00+0200,56658.84955,MW,DE,DE_LU,actual_load,Actual Load,2026-08-15T23:22:55Z
2026-08-15T23:21:10Z,2026-08-16T01:21:10+0200,30cb418c-e56a-40a4-8689-fc8db64f26d1,2026-08-03T15:00:00Z,2026-08-03T17:00:00+0200,57727.31257,MW,DE,DE_LU,actual_load,Actual Load,2026-08-15T23:22:55Z
2026-08-15T23:21:10Z,2026-08-16T01:21:10+0200,30cb418c-e56a-40a4-8689-fc8db64f26d1,2026-08-03T15:15:00Z,2026-08-03T17:15:00+0200,57504.62277,MW,DE,DE_LU,actual_load,Actual Load,2026-08-15T23:22:55Z
2026-08-15T23:21:10Z,2026-08-16T01:21:10+0200,30cb418c-e56a-40a4-8689-fc8db64f26d1,2026-08-03T15:30:00Z,2026-08-03T17:30:00+0200,57652.61148,MW,DE,DE_LU,actual_load,Actual Load,2026-08-15T23:22:55Z
2026-08-15T23:21:10Z,2026-08-16T01:21:10+0200,30cb418c-e56a-40a4-8689-fc8db64f26d1,2026-08-03T15:45:00Z,2026-08-03T17:45:00+0200,57737.83223,MW,DE,DE_LU,actual_load,Actual Load,2026-08-15T23:22:55Z
2026-08-15T23:21:10Z,2026-08-16T01:21:10+0200,30cb418c-e56a-40a4-8689-fc8db64f26d1,2026-08-03T16:00:00Z,2026-08-03T18:00:00+0200,58400.78541,MW,DE,DE_LU,actual_load,Actual Load,2026-08-15T23:22:55Z
2026-08-15T23:21:10Z,2026-08-16T01:21:10+0200,30cb418c-e56a-40a4-8689-fc8db64f26d1,2026-08-03T16:15:00Z,2026-08-03T18:15:00+0200,58229.86448,MW,DE,DE_LU,actual_load,Actual Load,2026-08-15T23:22:55Z
2026-08-15T23:21:10Z,2026-08-16T01:21:10+0200,30cb418c-e56a-40a4-8689-fc8db64f26d1,2026-08-03T16:30:00Z,2026-08-03T18:30:00+0200,58303.60199,MW,DE,DE_LU,actual_load,Actual Load,2026-08-15T23:22:55Z
2026-08-15T23:21:10Z,2026-08-16T01:21:10+0200,30cb418c-e56a-40a4-8689-fc8db64f26d1,2026-08-03T16:45:00Z,2026-08-03T18:45:00+0200,58477.85463,MW,DE,DE_LU,actual_load,Actual Load,2026-08-15T23:22:55Z
2026-08-15T23:21:10Z,2026-08-16T01:21:10+0200,30cb418c-e56a-40a4-8689-fc8db64f26d1,2026-08-03T17:00:00Z,2026-08-03T19:00:00+0200,58766.69777,MW,DE,DE_LU,actual_load,Actual Load,2026-08-15T23:22:55Z
2026-08-15T23:21:10Z,2026-08-16T01:21:10+0200,30cb418c-e56a-40a4-8689-fc8db64f26d1,2026-08-03T17:15:00Z,2026-08-03T19:15:00+0200,58020.10565,MW,DE,DE_LU,actual_load,Actual Load,2026-08-15T23:22:55Z
2026-08-15T23:21:10Z,2026-08-16T01:21:10+0200,30cb418c-e56a-40a4-8689-fc8db64f26d1,2026-08-03T17:30:00Z,2026-08-03T19:30:00+0200,57239.98831,MW,DE,DE_LU,actual_load,Actual Load,2026-08-15T23:22:55Z
2026-08-15T23:21:10Z,2026-08-16T01:21:10+0200,30cb418c-e56a-40a4-8689-fc8db64f26d1,2026-08-03T17:45:00Z,2026-08-03T19:45:00+0200,56513.76914,MW,DE,DE_LU,actual_load,Actual Load,2026-08-15T23:22:55Z
2026-08-15T23:21:10Z,2026-08-16T01:21:10+0200,30cb418c-e56a-40a4-8689-fc8db64f26d1,2026-08-03T18:00:00Z,2026-08-03T20:00:00+0200,56702.2924,MW,DE,DE_LU,actual_load,Actual Load,2026-08-15T23:22:55Z
2026-08-15T23:21:10Z,2026-08-16T01:21:10+0200,30cb418c-e56a-40a4-8689-fc8db64f26d1,2026-08-03T18:15:00Z,2026-08-03T20:15:00+0200,56045.33137,MW,DE,DE_LU,actual_load,Actual Load,2026-08-15T23:22:55Z
2026-08-15T23:21:10Z,2026-08-16T01:21:10+0200,30cb418c-e56a-40a4-8689-fc8db64f26d1,2026-08-03T18:30:00Z,2026-08-03T20:30:00+0200,55054.96821,MW,DE,DE_LU,actual_load,Actual Load,2026-08-15T23:22:55Z
2026-08-15T23:21:10Z,2026-08-16T01:21:10+0200,30cb418c-e56a-40a4-8689-fc8db64f26d1,2026-08-03T18:45:00Z,2026-08-03T20:45:00+0200,54560.2044,MW,DE,DE_LU,actual_load,Actual Load,2026-08-15T23:22:55Z
2026-08-15T23:21:10Z,2026-08-16T01:21:10+0200,30cb418c-e56a-40a4-8689-fc8db64f26d1,2026-08-03T19:00:00Z,2026-08-03T21:00:00+0200,54200.8625,MW,DE,DE_LU,actual_load,Actual Load,2026-08-15T23:22:55Z
2026-08-15T23:21:10Z,2026-08-16T01:21:10+0200,30cb418c-e56a-40a4-8689-fc8db64f26d1,2026-08-03T19:15:00Z,2026-08-03T21:15:00+0200,54197.40791,MW,DE,DE_LU,actual_load,Actual Load,2026-08-15T23:22:55Z
2026-08-15T23:21:10Z,2026-08-16T01:21:10+0200,30cb418c-e56a-40a4-8689-fc8db64f26d1,2026-08-03T19:30:00Z,2026-08-03T21:30:00+0200,53709.77001,MW,DE,DE_LU,actual_load,Actual Load,2026-08-15T23:22:55Z
2026-08-15T23:21:10Z,2026-08-16T01:21:10+0200,30cb418c-e56a-40a4-8689-fc8db64f26d1,2026-08-03T19:45:00Z,2026-08-03T21:45:00+0200,53319.66034,MW,DE,DE_LU,actual_load,Actual Load,2026-08-15T23:22:55Z
2026-08-15T23:21:10Z,2026-08-16T01:21:10+0200,30cb418c-e56a-40a4-8689-fc8db64f26d1,2026-08-03T20:00:00Z,2026-08-03T22:00:00+0200,51465.30246,MW,DE,DE_LU,actual_load,Actual Load,2026-08-15T23:22:55Z
2026-08-15T23:21:10Z,2026-08-16T01:21:10+0200,30cb418c-e56a-40a4-8689-fc8db64f26d1,2026-08-03T20:15:00Z,2026-08-03T22:15:00+0200,50579.82426,MW,DE,DE_LU,actual_load,Actual Load,2026-08-15T23:22:55Z
2026-08-15T23:21:10Z,2026-08-16T01:21:10+0200,30cb418c-e56a-40a4-8689-fc8db64f26d1,2026-08-03T20:30:00Z,2026-08-03T22:30:00+0200,50014.18968,MW,DE,DE_LU,actual_load,Actual Load,2026-08-15T23:22:55Z
2026-08-15T23:21:10Z,2026-08-16T01:21:10+0200,30cb418c-e56a-40a4-8689-fc8db64f26d1,2026-08-03T20:45:00Z,2026-08-03T22:45:00+0200,49300.27322,MW,DE,DE_LU,actual_load,Actual Load,2026-08-15T23:22:55Z
2026-08-15T23:21:10Z,2026-08-16T01:21:10+0200,30cb418c-e56a-40a4-8689-fc8db64f26d1,2026-08-03T21:00:00Z,2026-08-03T23:00:00+0200,48254.37125,MW,DE,DE_LU,actual_load,Actual Load,2026-08-15T23:22:55Z
2026-08-15T23:21:10Z,2026-08-16T01:21:10+0200,30cb418c-e56a-40a4-8689-fc8db64f26d1,2026-08-03T21:15:00Z,2026-08-03T23:15:00+0200,47601.64088,MW,DE,DE_LU,actual_load,Actual Load,2026-08-15T23:22:55Z
2026-08-15T23:21:10Z,2026-08-16T01:21:10+0200,30cb418c-e56a-40a4-8689-fc8db64f26d1,2026-08-03T21:30:00Z,2026-08-03T23:30:00+0200,47396.76473,MW,DE,DE_LU,actual_load,Actual Load,2026-08-15T23:22:55Z
2026-08-15T23:21:10Z,2026-08-16T01:21:10+0200,30cb418c-e56a-40a4-8689-fc8db64f26d1,2026-08-03T21:45:00Z,2026-08-03T23:45:00+0200,46763.15775,MW,DE,DE_LU,actual_load,Actual Load,2026-08-15T23:22:55Z
2026-08-15T23:21:10Z,2026-08-16T01:21:10+0200,30cb418c-e56a-40a4-8689-fc8db64f26d1,2026-08-03T22:00:00Z,2026-08-04T00:00:00+0200,46155.20817,MW,DE,DE_LU,actual_load,Actual Load,2026-08-15T23:22:55Z
2026-08-15T23:21:10Z,2026-08-16T01:21:10+0200,30cb418c-e56a-40a4-8689-fc8db64f26d1,2026-08-03T22:15:00Z,2026-08-04T00:15:00+0200,45720.46809,MW,DE,DE_LU,actual_load,Actual Load,2026-08-15T23:22:55Z
2026-08-15T23:21:10Z,2026-08-16T01:21:10+0200,30cb418c-e56a-40a4-8689-fc8db64f26d1,2026-08-03T22:30:00Z,2026-08-04T00:30:00+0200,45184.29019,MW,DE,DE_LU,actual_load,Actual Load,2026-08-15T23:22:55Z
2026-08-15T23:21:10Z,2026-08-16T01:21:10+0200,30cb418c-e56a-40a4-8689-fc8db64f26d1,2026-08-03T22:45:00Z,2026-08-04T00:45:00+0200,45440.05882,MW,DE,DE_LU,actual_load,Actual Load,2026-08-15T23:22:55Z
2026-08-15T23:21:10Z,2026-08-16T01:21:10+0200,30cb418c-e56a-40a4-8689-fc8db64f26d1,2026-08-03T23:00:00Z,2026-08-04T01:00:00+0200,45184.86735,MW,DE,DE_LU,actual_load,Actual Load,2026-08-15T23:22:55Z
2026-08-15T23:21:10Z,2026-08-16T01:21:10+0200,30cb418c-e56a-40a4-8689-fc8db64f26d1,2026-08-03T23:15:00Z,2026-08-04T01:15:00+0200,44661.2741,MW,DE,DE_LU,actual_load,Actual Load,2026-08-15T23:22:55Z
2026-08-15T23:21:10Z,2026-08-16T01:21:10+0200,30cb418c-e56a-40a4-8689-fc8db64f26d1,2026-08-03T23:30:00Z,2026-08-04T01:30:00+0200,44572.77613,MW,DE,DE_LU,actual_load,Actual Load,2026-08-15T23:22:55Z
2026-08-15T23:21:10Z,2026-08-16T01:21:10+0200,30cb418c-e56a-40a4-8689-fc8db64f26d1,2026-08-03T23:45:00Z,2026-08-04T01:45:00+0200,44449.27425,MW,DE,DE_LU,actual_load,Actual Load,2026-08-15T23:22:55Z
2026-08-15T23:21:10Z,2026-08-16T01:21:10+0200,30cb418c-e56a-40a4-8689-fc8db64f26d1,2026-08-04T00:00:00Z,2026-08-04T02:00:00+0200,44393.69863,MW,DE,DE_LU,actual_load,Actual Load,2026-08-15T23:22:55Z
2026-08-15T23:21:10Z,2026-08-16T01:21:10+0200,30cb418c-e56a-40a4-8689-fc8db64f26d1,2026-08-04T00:15:00Z,2026-08-04T02:15:00+0200,44685.52108,MW,DE,DE_LU,actual_load,Actual Load,2026-08-15T23:22:55Z
2026-08-15T23:21:10Z,2026-08-16T01:21:10+0200,30cb418c-e56a-40a4-8689-fc8db64f26d1,2026-08-04T00:30:00Z,2026-08-04T02:30:00+0200,44254.15466,MW,DE,DE_LU,actual_load,Actual Load,2026-08-15T23:22:55Z
2026-08-15T23:21:10Z,2026-08-16T01:21:10+0200,30cb418c-e56a-40a4-8689-fc8db64f26d1,2026-08-04T00:45:00Z,2026-08-04T02:45:00+0200,43754.25623,MW,DE,DE_LU,actual_load,Actual Load,2026-08-15T23:22:55Z
2026-08-15T23:21:10Z,2026-08-16T01:21:10+0200,30cb418c-e56a-40a4-8689-fc8db64f26d1,2026-08-04T01:00:00Z,2026-08-04T03:00:00+0200,43942.1563,MW,DE,DE_LU,actual_load,Actual Load,2026-08-15T23:22:55Z
2026-08-15T23:21:10Z,2026-08-16T01:21:10+0200,30cb418c-e56a-40a4-8689-fc8db64f26d1,2026-08-04T01:15:00Z,2026-08-04T03:15:00+0200,43950.01515,MW,DE,DE_LU,actual_load,Actual Load,2026-08-15T23:22:55Z
2026-08-15T23:21:10Z,2026-08-16T01:21:10+0200,30cb418c-e56a-40a4-8689-fc8db64f26d1,2026-08-04T01:30:00Z,2026-08-04T03:30:00+0200,43385.04515,MW,DE,DE_LU,actual_load,Actual Load,2026-08-15T23:22:55Z
2026-08-15T23:21:10Z,2026-08-16T01:21:10+0200,30cb418c-e56a-40a4-8689-fc8db64f26d1,2026-08-04T01:45:00Z,2026-08-04T03:45:00+0200,43558.51189,MW,DE,DE_LU,actual_load,Actual Load,2026-08-15T23:22:55Z
2026-08-15T23:21:10Z,2026-08-16T01:21:10+0200,30cb418c-e56a-40a4-8689-fc8db64f26d1,2026-08-04T02:00:00Z,2026-08-04T04:00:00+0200,44064.375,MW,DE,DE_LU,actual_load,Actual Load,2026-08-15T23:22:55Z
2026-08-15T23:21:10Z,2026-08-16T01:21:10+0200,30cb418c-e56a-40a4-8689-fc8db64f26d1,2026-08-04T02:15:00Z,2026-08-04T04:15:00+0200,43818.0453,MW,DE,DE_LU,actual_load,Actual Load,2026-08-15T23:22:55Z
2026-08-15T23:21:10Z,2026-08-16T01:21:10+0200,30cb418c-e56a-40a4-8689-fc8db64f26d1,2026-08-04T02:30:00Z,2026-08-04T04:30:00+0200,43613.25432,MW,DE,DE_LU,actual_load,Actual Load,2026-08-15T23:22:55Z
2026-08-15T23:21:10Z,2026-08-16T01:21:10+0200,30cb418c-e56a-40a4-8689-fc8db64f26d1,2026-08-04T02:45:00Z,2026-08-04T04:45:00+0200,44110.02976,MW,DE,DE_LU,actual_load,Actual Load,2026-08-15T23:22:55Z
2026-08-15T23:21:10Z,2026-08-16T01:21:10+0200,30cb418c-e56a-40a4-8689-fc8db64f26d1,2026-08-04T03:00:00Z,2026-08-04T05:00:00+0200,44672.07132,MW,DE,DE_LU,actual_load,Actual Load,2026-08-15T23:22:55Z
2026-08-15T23:21:10Z,2026-08-16T01:21:10+0200,30cb418c-e56a-40a4-8689-fc8db64f26d1,2026-08-04T03:15:00Z,2026-08-04T05:15:00+0200,45697.78824,MW,DE,DE_LU,actual_load,Actual Load,2026-08-15T23:22:55Z
2026-08-15T23:21:10Z,2026-08-16T01:21:10+0200,30cb418c-e56a-40a4-8689-fc8db64f26d1,2026-08-04T03:30:00Z,2026-08-04T05:30:00+0200,46068.05565,MW,DE,DE_LU,actual_load,Actual Load,2026-08-15T23:22:55Z
2026-08-15T23:21:10Z,2026-08-16T01:21:10+0200,30cb418c-e56a-40a4-8689-fc8db64f26d1,2026-08-04T03:45:00Z,2026-08-04T05:45:00+0200,46579.81462,MW,DE,DE_LU,actual_load,Actual Load,2026-08-15T23:22:55Z
2026-08-15T23:21:10Z,2026-08-16T01:21:10+0200,30cb418c-e56a-40a4-8689-fc8db64f26d1,2026-08-04T04:00:00Z,2026-08-04T06:00:00+0200,48294.96566,MW,DE,DE_LU,actual_load,Actual Load,2026-08-15T23:22:55Z
2026-08-15T23:21:10Z,2026-08-16T01:21:10+0200,30cb418c-e56a-40a4-8689-fc8db64f26d1,2026-08-04T04:15:00Z,2026-08-04T06:15:00+0200,49636.36354,MW,DE,DE_LU,actual_load,Actual Load,2026-08-15T23:22:55Z
2026-08-15T23:21:10Z,2026-08-16T01:21:10+0200,30cb418c-e56a-40a4-8689-fc8db64f26d1,2026-08-04T04:30:00Z,2026-08-04T06:30:00+0200,51231.61487,MW,DE,DE_LU,actual_load,Actual Load,2026-08-15T23:22:55Z
2026-08-15T23:21:10Z,2026-08-16T01:21:10+0200,30cb418c-e56a-40a4-8689-fc8db64f26d1,2026-08-04T04:45:00Z,2026-08-04T06:45:00+0200,52655.80836,MW,DE,DE_LU,actual_load,Actual Load,2026-08-15T23:22:55Z
2026-08-15T23:21:10Z,2026-08-16T01:21:10+0200,30cb418c-e56a-40a4-8689-fc8db64f26d1,2026-08-04T05:00:00Z,2026-08-04T07:00:00+0200,54314.93175,MW,DE,DE_LU,actual_load,Actual Load,2026-08-15T23:22:55Z
2026-08-15T23:21:10Z,2026-08-16T01:21:10+0200,30cb418c-e56a-40a4-8689-fc8db64f26d1,2026-08-04T05:15:00Z,2026-08-04T07:15:00+0200,56039.80214,MW,DE,DE_LU,actual_load,Actual Load,2026-08-15T23:22:55Z
2026-08-15T23:21:10Z,2026-08-16T01:21:10+0200,30cb418c-e56a-40a4-8689-fc8db64f26d1,2026-08-04T05:30:00Z,2026-08-04T07:30:00+0200,57355.11008,MW,DE,DE_LU,actual_load,Actual Load,2026-08-15T23:22:55Z
2026-08-15T23:21:10Z,2026-08-16T01:21:10+0200,30cb418c-e56a-40a4-8689-fc8db64f26d1,2026-08-04T05:45:00Z,2026-08-04T07:45:00+0200,58206.86043,MW,DE,DE_LU,actual_load,Actual Load,2026-08-15T23:22:55Z
2026-08-15T23:21:10Z,2026-08-16T01:21:10+0200,30cb418c-e56a-40a4-8689-fc8db64f26d1,2026-08-04T06:00:00Z,2026-08-04T08:00:00+0200,59532.60015,MW,DE,DE_LU,actual_load,Actual Load,2026-08-15T23:22:55Z
2026-08-15T23:21:10Z,2026-08-16T01:21:10+0200,30cb418c-e56a-40a4-8689-fc8db64f26d1,2026-08-04T06:15:00Z,2026-08-04T08:15:00+0200,61223.60278,MW,DE,DE_LU,actual_load,Actual Load,2026-08-15T23:22:55Z
2026-08-15T23:21:10Z,2026-08-16T01:21:10+0200,30cb418c-e56a-40a4-8689-fc8db64f26d1,2026-08-04T06:30:00Z,2026-08-04T08:30:00+0200,60909.42696,MW,DE,DE_LU,actual_load,Actual Load,2026-08-15T23:22:55Z
2026-08-15T23:21:10Z,2026-08-16T01:21:10+0200,30cb418c-e56a-40a4-8689-fc8db64f26d1,2026-08-04T06:45:00Z,2026-08-04T08:45:00+0200,61050.95937,MW,DE,DE_LU,actual_load,Actual Load,2026-08-15T23:22:55Z
2026-08-15T23:21:10Z,2026-08-16T01:21:10+0200,30cb418c-e56a-40a4-8689-fc8db64f26d1,2026-08-04T07:00:00Z,2026-08-04T09:00:00+0200,61019.88304,MW,DE,DE_LU,actual_load,Actual Load,2026-08-15T23:22:55Z
2026-08-15T23:21:10Z,2026-08-16T01:21:10+0200,30cb418c-e56a-40a4-8689-fc8db64f26d1,2026-08-04T07:15:00Z,2026-08-04T09:15:00+0200,61124.95487,MW,DE,DE_LU,actual_load,Actual Load,2026-08-15T23:22:55Z
2026-08-15T23:21:10Z,2026-08-16T01:21:10+0200,30cb418c-e56a-40a4-8689-fc8db64f26d1,2026-08-04T07:30:00Z,2026-08-04T09:30:00+0200,61503.70859,MW,DE,DE_LU,actual_load,Actual Load,2026-08-15T23:22:55Z
2026-08-15T23:21:10Z,2026-08-16T01:21:10+0200,30cb418c-e56a-40a4-8689-fc8db64f26d1,2026-08-04T07:45:00Z,2026-08-04T09:45:00+0200,61730.73818,MW,DE,DE_LU,actual_load,Actual Load,2026-08-15T23:22:55Z
2026-08-15T23:21:10Z,2026-08-16T01:21:10+0200,30cb418c-e56a-40a4-8689-fc8db64f26d1,2026-08-04T08:00:00Z,2026-08-04T10:00:00+0200,60845.74011,MW,DE,DE_LU,actual_load,Actual Load,2026-08-15T23:22:55Z
2026-08-15T23:21:10Z,2026-08-16T01:21:10+0200,30cb418c-e56a-40a4-8689-fc8db64f26d1,2026-08-04T08:15:00Z,2026-08-04T10:15:00+0200,60595.65825,MW,DE,DE_LU,actual_load,Actual Load,2026-08-15T23:22:55Z
2026-08-15T23:21:10Z,2026-08-16T01:21:10+0200,30cb418c-e56a-40a4-8689-fc8db64f26d1,2026-08-04T08:30:00Z,2026-08-04T10:30:00+0200,60383.59272,MW,DE,DE_LU,actual_load,Actual Load,2026-08-15T23:22:55Z
2026-08-15T23:21:10Z,2026-08-16T01:21:10+0200,30cb418c-e56a-40a4-8689-fc8db64f26d1,2026-08-04T08:45:00Z,2026-08-04T10:45:00+0200,60042.93274,MW,DE,DE_LU,actual_load,Actual Load,2026-08-15T23:22:55Z
2026-08-15T23:21:10Z,2026-08-16T01:21:10+0200,30cb418c-e56a-40a4-8689-fc8db64f26d1,2026-08-04T09:00:00Z,2026-08-04T11:00:00+0200,59565.79891,MW,DE,DE_LU,actual_load,Actual Load,2026-08-15T23:22:55Z
2026-08-15T23:21:10Z,2026-08-16T01:21:10+0200,30cb418c-e56a-40a4-8689-fc8db64f26d1,2026-08-04T09:15:00Z,2026-08-04T11:15:00+0200,59708.44353,MW,DE,DE_LU,actual_load,Actual Load,2026-08-15T23:22:55Z
2026-08-15T23:21:10Z,2026-08-16T01:21:10+0200,30cb418c-e56a-40a4-8689-fc8db64f26d1,2026-08-04T09:30:00Z,2026-08-04T11:30:00+0200,59675.20468,MW,DE,DE_LU,actual_load,Actual Load,2026-08-15T23:22:55Z
2026-08-15T23:21:10Z,2026-08-16T01:21:10+0200,30cb418c-e56a-40a4-8689-fc8db64f26d1,2026-08-04T09:45:00Z,2026-08-04T11:45:00+0200,59529.63357,MW,DE,DE_LU,actual_load,Actual Load,2026-08-15T23:22:55Z
2026-08-15T23:21:10Z,2026-08-16T01:21:10+0200,30cb418c-e56a-40a4-8689-fc8db64f26d1,2026-08-04T10:00:00Z,2026-08-04T12:00:00+0200,59658.58706,MW,DE,DE_LU,actual_load,Actual Load,2026-08-15T23:22:55Z
2026-08-15T23:21:10Z,2026-08-16T01:21:10+0200,30cb418c-e56a-40a4-8689-fc8db64f26d1,2026-08-04T10:15:00Z,2026-08-04T12:15:00+0200,60078.04261,MW,DE,DE_LU,actual_load,Actual Load,2026-08-15T23:22:55Z
2026-08-15T23:21:10Z,2026-08-16T01:21:10+0200,30cb418c-e56a-40a4-8689-fc8db64f26d1,2026-08-04T10:30:00Z,2026-08-04T12:30:00+0200,59986.1454,MW,DE,DE_LU,actual_load,Actual Load,2026-08-15T23:22:55Z
2026-08-15T23:21:10Z,2026-08-16T01:21:10+0200,30cb418c-e56a-40a4-8689-fc8db64f26d1,2026-08-04T10:45:00Z,2026-08-04T12:45:00+0200,59739.1121,MW,DE,DE_LU,actual_load,Actual Load,2026-08-15T23:22:55Z
2026-08-15T23:21:10Z,2026-08-16T01:21:10+0200,30cb418c-e56a-40a4-8689-fc8db64f26d1,2026-08-04T11:00:00Z,2026-08-04T13:00:00+0200,59348.27176,MW,DE,DE_LU,actual_load,Actual Load,2026-08-15T23:22:55Z
2026-08-15T23:21:10Z,2026-08-16T01:21:10+0200,30cb418c-e56a-40a4-8689-fc8db64f26d1,2026-08-04T11:15:00Z,2026-08-04T13:15:00+0200,58898.40406,MW,DE,DE_LU,actual_load,Actual Load,2026-08-15T23:22:55Z
2026-08-15T23:21:10Z,2026-08-16T01:21:10+0200,30cb418c-e56a-40a4-8689-fc8db64f26d1,2026-08-04T11:30:00Z,2026-08-04T13:30:00+0200,58299.36225,MW,DE,DE_LU,actual_load,Actual Load,2026-08-15T23:22:55Z
2026-08-15T23:21:10Z,2026-08-16T01:21:10+0200,30cb418c-e56a-40a4-8689-fc8db64f26d1,2026-08-04T11:45:00Z,2026-08-04T13:45:00+0200,58128.48717,MW,DE,DE_LU,actual_load,Actual Load,2026-08-15T23:22:55Z
2026-08-15T23:21:10Z,2026-08-16T01:21:10+0200,30cb418c-e56a-40a4-8689-fc8db64f26d1,2026-08-04T12:00:00Z,2026-08-04T14:00:00+0200,57459.67517,MW,DE,DE_LU,actual_load,Actual Load,2026-08-15T23:22:55Z
2026-08-15T23:21:10Z,2026-08-16T01:21:10+0200,30cb418c-e56a-40a4-8689-fc8db64f26d1,2026-08-04T12:15:00Z,2026-08-04T14:15:00+0200,57104.02513,MW,DE,DE_LU,actual_load,Actual Load,2026-08-15T23:22:55Z
2026-08-15T23:21:10Z,2026-08-16T01:21:10+0200,30cb418c-e56a-40a4-8689-fc8db64f26d1,2026-08-04T12:30:00Z,2026-08-04T14:30:00+0200,56815.11123,MW,DE,DE_LU,actual_load,Actual Load,2026-08-15T23:22:55Z
2026-08-15T23:21:10Z,2026-08-16T01:21:10+0200,30cb418c-e56a-40a4-8689-fc8db64f26d1,2026-08-04T12:45:00Z,2026-08-04T14:45:00+0200,56565.91354,MW,DE,DE_LU,actual_load,Actual Load,2026-08-15T23:22:55Z
2026-08-15T23:21:10Z,2026-08-16T01:21:10+0200,30cb418c-e56a-40a4-8689-fc8db64f26d1,2026-08-04T13:00:00Z,2026-08-04T15:00:00+0200,56086.80153,MW,DE,DE_LU,actual_load,Actual Load,2026-08-15T23:22:55Z
2026-08-15T23:21:10Z,2026-08-16T01:21:10+0200,30cb418c-e56a-40a4-8689-fc8db64f26d1,2026-08-04T13:15:00Z,2026-08-04T15:15:00+0200,55248.99604,MW,DE,DE_LU,actual_load,Actual Load,2026-08-15T23:22:55Z
2026-08-15T23:21:10Z,2026-08-16T01:21:10+0200,30cb418c-e56a-40a4-8689-fc8db64f26d1,2026-08-04T13:30:00Z,2026-08-04T15:30:00+0200,54862.04858,MW,DE,DE_LU,actual_load,Actual Load,2026-08-15T23:22:55Z
2026-08-15T23:21:10Z,2026-08-16T01:21:10+0200,30cb418c-e56a-40a4-8689-fc8db64f26d1,2026-08-04T13:45:00Z,2026-08-04T15:45:00+0200,54813.21797,MW,DE,DE_LU,actual_load,Actual Load,2026-08-15T23:22:55Z
2026-08-15T23:21:10Z,2026-08-16T01:21:10+0200,30cb418c-e56a-40a4-8689-fc8db64f26d1,2026-08-04T14:00:00Z,2026-08-04T16:00:00+0200,55696.75811,MW,DE,DE_LU,actual_load,Actual Load,2026-08-15T23:22:55Z
2026-08-15T23:21:10Z,2026-08-16T01:21:10+0200,30cb418c-e56a-40a4-8689-fc8db64f26d1,2026-08-04T14:15:00Z,2026-08-04T16:15:00+0200,55678.84283,MW,DE,DE_LU,actual_load,Actual Load,2026-08-15T23:22:55Z
2026-08-15T23:21:10Z,2026-08-16T01:21:10+0200,30cb418c-e56a-40a4-8689-fc8db64f26d1,2026-08-04T14:30:00Z,2026-08-04T16:30:00+0200,55360.59231,MW,DE,DE_LU,actual_load,Actual Load,2026-08-15T23:22:55Z
2026-08-15T23:21:10Z,2026-08-16T01:21:10+0200,30cb418c-e56a-40a4-8689-fc8db64f26d1,2026-08-04T14:45:00Z,2026-08-04T16:45:00+0200,55194.89816,MW,DE,DE_LU,actual_load,Actual Load,2026-08-15T23:22:55Z
2026-08-15T23:21:10Z,2026-08-16T01:21:10+0200,30cb418c-e56a-40a4-8689-fc8db64f26d1,2026-08-04T15:00:00Z,2026-08-04T17:00:00+0200,55978.28648,MW,DE,DE_LU,actual_load,Actual Load,2026-08-15T23:22:55Z
2026-08-15T23:21:10Z,2026-08-16T01:21:10+0200,30cb418c-e56a-40a4-8689-fc8db64f26d1,2026-08-04T15:15:00Z,2026-08-04T17:15:00+0200,56409.25541,MW,DE,DE_LU,actual_load,Actual Load,2026-08-15T23:22:55Z
2026-08-15T23:21:10Z,2026-08-16T01:21:10+0200,30cb418c-e56a-40a4-8689-fc8db64f26d1,2026-08-04T15:30:00Z,2026-08-04T17:30:00+0200,56059.41037,MW,DE,DE_LU,actual_load,Actual Load,2026-08-15T23:22:55Z
2026-08-15T23:21:10Z,2026-08-16T01:21:10+0200,30cb418c-e56a-40a4-8689-fc8db64f26d1,2026-08-04T15:45:00Z,2026-08-04T17:45:00+0200,56315.91507,MW,DE,DE_LU,actual_load,Actual Load,2026-08-15T23:22:55Z
2026-08-15T23:21:10Z,2026-08-16T01:21:10+0200,30cb418c-e56a-40a4-8689-fc8db64f26d1,2026-08-04T16:00:00Z,2026-08-04T18:00:00+0200,56894.07416,MW,DE,DE_LU,actual_load,Actual Load,2026-08-15T23:22:55Z
2026-08-15T23:21:10Z,2026-08-16T01:21:10+0200,30cb418c-e56a-40a4-8689-fc8db64f26d1,2026-08-04T16:15:00Z,2026-08-04T18:15:00+0200,56963.03339,MW,DE,DE_LU,actual_load,Actual Load,2026-08-15T23:22:55Z
2026-08-15T23:21:10Z,2026-08-16T01:21:10+0200,30cb418c-e56a-40a4-8689-fc8db64f26d1,2026-08-04T16:30:00Z,2026-08-04T18:30:00+0200,57222.87579,MW,DE,DE_LU,actual_load,Actual Load,2026-08-15T23:22:55Z
2026-08-15T23:21:10Z,2026-08-16T01:21:10+0200,30cb418c-e56a-40a4-8689-fc8db64f26d1,2026-08-04T16:45:00Z,2026-08-04T18:45:00+0200,57629.08054,MW,DE,DE_LU,actual_load,Actual Load,2026-08-15T23:22:55Z
2026-08-15T23:21:10Z,2026-08-16T01:21:10+0200,30cb418c-e56a-40a4-8689-fc8db64f26d1,2026-08-04T17:00:00Z,2026-08-04T19:00:00+0200,57593.47664,MW,DE,DE_LU,actual_load,Actual Load,2026-08-15T23:22:55Z
2026-08-15T23:21:10Z,2026-08-16T01:21:10+0200,30cb418c-e56a-40a4-8689-fc8db64f26d1,2026-08-04T17:15:00Z,2026-08-04T19:15:00+0200,56769.32486,MW,DE,DE_LU,actual_load,Actual Load,2026-08-15T23:22:55Z
2026-08-15T23:21:10Z,2026-08-16T01:21:10+0200,30cb418c-e56a-40a4-8689-fc8db64f26d1,2026-08-04T17:30:00Z,2026-08-04T19:30:00+0200,55882.59595,MW,DE,DE_LU,actual_load,Actual Load,2026-08-15T23:22:55Z
2026-08-15T23:21:10Z,2026-08-16T01:21:10+0200,30cb418c-e56a-40a4-8689-fc8db64f26d1,2026-08-04T17:45:00Z,2026-08-04T19:45:00+0200,55578.99386,MW,DE,DE_LU,actual_load,Actual Load,2026-08-15T23:22:55Z
2026-08-15T23:21:10Z,2026-08-16T01:21:10+0200,30cb418c-e56a-40a4-8689-fc8db64f26d1,2026-08-04T18:00:00Z,2026-08-04T20:00:00+0200,55452.51321,MW,DE,DE_LU,actual_load,Actual Load,2026-08-15T23:22:55Z
2026-08-15T23:21:10Z,2026-08-16T01:21:10+0200,30cb418c-e56a-40a4-8689-fc8db64f26d1,2026-08-04T18:15:00Z,2026-08-04T20:15:00+0200,54656.30776,MW,DE,DE_LU,actual_load,Actual Load,2026-08-15T23:22:55Z
2026-08-15T23:21:10Z,2026-08-16T01:21:10+0200,30cb418c-e56a-40a4-8689-fc8db64f26d1,2026-08-04T18:30:00Z,2026-08-04T20:30:00+0200,54243.68958,MW,DE,DE_LU,actual_load,Actual Load,2026-08-15T23:22:55Z
2026-08-15T23:21:10Z,2026-08-16T01:21:10+0200,30cb418c-e56a-40a4-8689-fc8db64f26d1,2026-08-04T18:45:00Z,2026-08-04T20:45:00+0200,54531.25148,MW,DE,DE_LU,actual_load,Actual Load,2026-08-15T23:22:55Z
2026-08-15T23:21:10Z,2026-08-16T01:21:10+0200,30cb418c-e56a-40a4-8689-fc8db64f26d1,2026-08-04T19:00:00Z,2026-08-04T21:00:00+0200,54307.95189,MW,DE,DE_LU,actual_load,Actual Load,2026-08-15T23:22:55Z
2026-08-15T23:21:10Z,2026-08-16T01:21:10+0200,30cb418c-e56a-40a4-8689-fc8db64f26d1,2026-08-04T19:15:00Z,2026-08-04T21:15:00+0200,54283.5513,MW,DE,DE_LU,actual_load,Actual Load,2026-08-15T23:22:55Z
2026-08-15T23:21:10Z,2026-08-16T01:21:10+0200,30cb418c-e56a-40a4-8689-fc8db64f26d1,2026-08-04T19:30:00Z,2026-08-04T21:30:00+0200,53892.56791,MW,DE,DE_LU,actual_load,Actual Load,2026-08-15T23:22:55Z
2026-08-15T23:21:10Z,2026-08-16T01:21:10+0200,30cb418c-e56a-40a4-8689-fc8db64f26d1,2026-08-04T19:45:00Z,2026-08-04T21:45:00+0200,53088.44878,MW,DE,DE_LU,actual_load,Actual Load,2026-08-15T23:22:55Z
2026-08-15T23:21:10Z,2026-08-16T01:21:10+0200,30cb418c-e56a-40a4-8689-fc8db64f26d1,2026-08-04T20:00:00Z,2026-08-04T22:00:00+0200,51519.3103,MW,DE,DE_LU,actual_load,Actual Load,2026-08-15T23:22:55Z
2026-08-15T23:21:10Z,2026-08-16T01:21:10+0200,30cb418c-e56a-40a4-8689-fc8db64f26d1,2026-08-04T20:15:00Z,2026-08-04T22:15:00+0200,51129.41176,MW,DE,DE_LU,actual_load,Actual Load,2026-08-15T23:22:55Z
2026-08-15T23:21:10Z,2026-08-16T01:21:10+0200,30cb418c-e56a-40a4-8689-fc8db64f26d1,2026-08-04T20:30:00Z,2026-08-04T22:30:00+0200,49852.70276,MW,DE,DE_LU,actual_load,Actual Load,2026-08-15T23:22:55Z
2026-08-15T23:21:10Z,2026-08-16T01:21:10+0200,30cb418c-e56a-40a4-8689-fc8db64f26d1,2026-08-04T20:45:00Z,2026-08-04T22:45:00+0200,48734.81123,MW,DE,DE_LU,actual_load,Actual Load,2026-08-15T23:22:55Z
2026-08-15T23:21:10Z,2026-08-16T01:21:10+0200,30cb418c-e56a-40a4-8689-fc8db64f26d1,2026-08-04T21:00:00Z,2026-08-04T23:00:00+0200,47675.17564,MW,DE,DE_LU,actual_load,Actual Load,2026-08-15T23:22:55Z
2026-08-15T23:21:10Z,2026-08-16T01:21:10+0200,30cb418c-e56a-40a4-8689-fc8db64f26d1,2026-08-04T21:15:00Z,2026-08-04T23:15:00+0200,47418.08749,MW,DE,DE_LU,actual_load,Actual Load,2026-08-15T23:22:55Z
2026-08-15T23:21:10Z,2026-08-16T01:21:10+0200,30cb418c-e56a-40a4-8689-fc8db64f26d1,2026-08-04T21:30:00Z,2026-08-04T23:30:00+0200,46237.94693,MW,DE,DE_LU,actual_load,Actual Load,2026-08-15T23:22:55Z
2026-08-15T23:21:10Z,2026-08-16T01:21:10+0200,30cb418c-e56a-40a4-8689-fc8db64f26d1,2026-08-04T21:45:00Z,2026-08-04T23:45:00+0200,45959.4423,MW,DE,DE_LU,actual_load,Actual Load,2026-08-15T23:22:55Z
2026-08-15T23:21:10Z,2026-08-16T01:21:10+0200,30cb418c-e56a-40a4-8689-fc8db64f26d1,2026-08-04T22:00:00Z,2026-08-05T00:00:00+0200,45105.67388,MW,DE,DE_LU,actual_load,Actual Load,2026-08-15T23:22:55Z
2026-08-15T23:21:10Z,2026-08-16T01:21:10+0200,30cb418c-e56a-40a4-8689-fc8db64f26d1,2026-08-04T22:15:00Z,2026-08-05T00:15:00+0200,44826.51593,MW,DE,DE_LU,actual_load,Actual Load,2026-08-15T23:22:55Z
2026-08-15T23:21:10Z,2026-08-16T01:21:10+0200,30cb418c-e56a-40a4-8689-fc8db64f26d1,2026-08-04T22:30:00Z,2026-08-05T00:30:00+0200,44475.68428,MW,DE,DE_LU,actual_load,Actual Load,2026-08-15T23:22:55Z
2026-08-15T23:21:10Z,2026-08-16T01:21:10+0200,30cb418c-e56a-40a4-8689-fc8db64f26d1,2026-08-04T22:45:00Z,2026-08-05T00:45:00+0200,44704.18719,MW,DE,DE_LU,actual_load,Actual Load,2026-08-15T23:22:55Z
2026-08-15T23:21:10Z,2026-08-16T01:21:10+0200,30cb418c-e56a-40a4-8689-fc8db64f26d1,2026-08-04T23:00:00Z,2026-08-05T01:00:00+0200,43432.13906,MW,DE,DE_LU,actual_load,Actual Load,2026-08-15T23:22:55Z
2026-08-15T23:21:10Z,2026-08-16T01:21:10+0200,30cb418c-e56a-40a4-8689-fc8db64f26d1,2026-08-04T23:15:00Z,2026-08-05T01:15:00+0200,42831.08776,MW,DE,DE_LU,actual_load,Actual Load,2026-08-15T23:22:55Z
2026-08-15T23:21:10Z,2026-08-16T01:21:10+0200,30cb418c-e56a-40a4-8689-fc8db64f26d1,2026-08-04T23:30:00Z,2026-08-05T01:30:00+0200,43162.79364,MW,DE,DE_LU,actual_load,Actual Load,2026-08-15T23:22:55Z
2026-08-15T23:21:10Z,2026-08-16T01:21:10+0200,30cb418c-e56a-40a4-8689-fc8db64f26d1,2026-08-04T23:45:00Z,2026-08-05T01:45:00+0200,43626.85165,MW,DE,DE_LU,actual_load,Actual Load,2026-08-15T23:22:55Z
2026-08-15T23:21:10Z,2026-08-16T01:21:10+0200,30cb418c-e56a-40a4-8689-fc8db64f26d1,2026-08-05T00:00:00Z,2026-08-05T02:00:00+0200,43058.84589,MW,DE,DE_LU,actual_load,Actual Load,2026-08-15T23:22:55Z
2026-08-15T23:21:10Z,2026-08-16T01:21:10+0200,30cb418c-e56a-40a4-8689-fc8db64f26d1,2026-08-05T00:15:00Z,2026-08-05T02:15:00+0200,42519.56638,MW,DE,DE_LU,actual_load,Actual Load,2026-08-15T23:22:55Z
2026-08-15T23:21:10Z,2026-08-16T01:21:10+0200,30cb418c-e56a-40a4-8689-fc8db64f26d1,2026-08-05T00:30:00Z,2026-08-05T02:30:00+0200,42616.98073,MW,DE,DE_LU,actual_load,Actual Load,2026-08-15T23:22:55Z
2026-08-15T23:21:10Z,2026-08-16T01:21:10+0200,30cb418c-e56a-40a4-8689-fc8db64f26d1,2026-08-05T00:45:00Z,2026-08-05T02:45:00+0200,42354.51569,MW,DE,DE_LU,actual_load,Actual Load,2026-08-15T23:22:55Z
2026-08-15T23:21:10Z,2026-08-16T01:21:10+0200,30cb418c-e56a-40a4-8689-fc8db64f26d1,2026-08-05T01:00:00Z,2026-08-05T03:00:00+0200,41614.00163,MW,DE,DE_LU,actual_load,Actual Load,2026-08-15T23:22:55Z
2026-08-15T23:21:10Z,2026-08-16T01:21:10+0200,30cb418c-e56a-40a4-8689-fc8db64f26d1,2026-08-05T01:15:00Z,2026-08-05T03:15:00+0200,41464.84416,MW,DE,DE_LU,actual_load,Actual Load,2026-08-15T23:22:55Z
2026-08-15T23:21:10Z,2026-08-16T01:21:10+0200,30cb418c-e56a-40a4-8689-fc8db64f26d1,2026-08-05T01:30:00Z,2026-08-05T03:30:00+0200,41823.81188,MW,DE,DE_LU,actual_load,Actual Load,2026-08-15T23:22:55Z
2026-08-15T23:21:10Z,2026-08-16T01:21:10+0200,30cb418c-e56a-40a4-8689-fc8db64f26d1,2026-08-05T01:45:00Z,2026-08-05T03:45:00+0200,42233.25809,MW,DE,DE_LU,actual_load,Actual Load,2026-08-15T23:22:55Z
2026-08-15T23:21:10Z,2026-08-16T01:21:10+0200,30cb418c-e56a-40a4-8689-fc8db64f26d1,2026-08-05T02:00:00Z,2026-08-05T04:00:00+0200,42479.04884,MW,DE,DE_LU,actual_load,Actual Load,2026-08-15T23:22:55Z
2026-08-15T23:21:10Z,2026-08-16T01:21:10+0200,30cb418c-e56a-40a4-8689-fc8db64f26d1,2026-08-05T02:15:00Z,2026-08-05T04:15:00+0200,42750.25884,MW,DE,DE_LU,actual_load,Actual Load,2026-08-15T23:22:55Z
2026-08-15T23:21:10Z,2026-08-16T01:21:10+0200,30cb418c-e56a-40a4-8689-fc8db64f26d1,2026-08-05T02:30:00Z,2026-08-05T04:30:00+0200,43296.90489,MW,DE,DE_LU,actual_load,Actual Load,2026-08-15T23:22:55Z
2026-08-15T23:21:10Z,2026-08-16T01:21:10+0200,30cb418c-e56a-40a4-8689-fc8db64f26d1,2026-08-05T02:45:00Z,2026-08-05T04:45:00+0200,43633.84484,MW,DE,DE_LU,actual_load,Actual Load,2026-08-15T23:22:55Z
2026-08-15T23:21:10Z,2026-08-16T01:21:10+0200,30cb418c-e56a-40a4-8689-fc8db64f26d1,2026-08-05T03:00:00Z,2026-08-05T05:00:00+0200,44540.67964,MW,DE,DE_LU,actual_load,Actual Load,2026-08-15T23:22:55Z
2026-08-15T23:21:10Z,2026-08-16T01:21:10+0200,30cb418c-e56a-40a4-8689-fc8db64f26d1,2026-08-05T03:15:00Z,2026-08-05T05:15:00+0200,44706.29373,MW,DE,DE_LU,actual_load,Actual Load,2026-08-15T23:22:55Z
2026-08-15T23:21:10Z,2026-08-16T01:21:10+0200,30cb418c-e56a-40a4-8689-fc8db64f26d1,2026-08-05T03:30:00Z,2026-08-05T05:30:00+0200,45976.59892,MW,DE,DE_LU,actual_load,Actual Load,2026-08-15T23:22:55Z
2026-08-15T23:21:10Z,2026-08-16T01:21:10+0200,30cb418c-e56a-40a4-8689-fc8db64f26d1,2026-08-05T03:45:00Z,2026-08-05T05:45:00+0200,46520.3823,MW,DE,DE_LU,actual_load,Actual Load,2026-08-15T23:22:55Z
2026-08-15T23:21:10Z,2026-08-16T01:21:10+0200,30cb418c-e56a-40a4-8689-fc8db64f26d1,2026-08-05T04:00:00Z,2026-08-05T06:00:00+0200,47881.50635,MW,DE,DE_LU,actual_load,Actual Load,2026-08-15T23:22:55Z
2026-08-15T23:21:10Z,2026-08-16T01:21:10+0200,30cb418c-e56a-40a4-8689-fc8db64f26d1,2026-08-05T04:15:00Z,2026-08-05T06:15:00+0200,48886.00692,MW,DE,DE_LU,actual_load,Actual Load,2026-08-15T23:22:55Z
2026-08-15T23:21:10Z,2026-08-16T01:21:10+0200,30cb418c-e56a-40a4-8689-fc8db64f26d1,2026-08-05T04:30:00Z,2026-08-05T06:30:00+0200,50111.56677,MW,DE,DE_LU,actual_load,Actual Load,2026-08-15T23:22:55Z
2026-08-15T23:21:10Z,2026-08-16T01:21:10+0200,30cb418c-e56a-40a4-8689-fc8db64f26d1,2026-08-05T04:45:00Z,2026-08-05T06:45:00+0200,51220.08942,MW,DE,DE_LU,actual_load,Actual Load,2026-08-15T23:22:55Z
2026-08-15T23:21:10Z,2026-08-16T01:21:10+0200,30cb418c-e56a-40a4-8689-fc8db64f26d1,2026-08-05T05:00:00Z,2026-08-05T07:00:00+0200,52142.10956,MW,DE,DE_LU,actual_load,Actual Load,2026-08-15T23:22:55Z
2026-08-15T23:21:10Z,2026-08-16T01:21:10+0200,30cb418c-e56a-40a4-8689-fc8db64f26d1,2026-08-05T05:15:00Z,2026-08-05T07:15:00+0200,54103.17281,MW,DE,DE_LU,actual_load,Actual Load,2026-08-15T23:22:55Z
2026-08-15T23:21:10Z,2026-08-16T01:21:10+0200,30cb418c-e56a-40a4-8689-fc8db64f26d1,2026-08-05T05:30:00Z,2026-08-05T07:30:00+0200,55336.79595,MW,DE,DE_LU,actual_load,Actual Load,2026-08-15T23:22:55Z
2026-08-15T23:21:10Z,2026-08-16T01:21:10+0200,30cb418c-e56a-40a4-8689-fc8db64f26d1,2026-08-05T05:45:00Z,2026-08-05T07:45:00+0200,56598.21144,MW,DE,DE_LU,actual_load,Actual Load,2026-08-15T23:22:55Z
2026-08-15T23:21:10Z,2026-08-16T01:21:10+0200,30cb418c-e56a-40a4-8689-fc8db64f26d1,2026-08-05T06:00:00Z,2026-08-05T08:00:00+0200,56725.03574,MW,DE,DE_LU,actual_load,Actual Load,2026-08-15T23:22:55Z
2026-08-15T23:21:10Z,2026-08-16T01:21:10+0200,30cb418c-e56a-40a4-8689-fc8db64f26d1,2026-08-05T06:15:00Z,2026-08-05T08:15:00+0200,57261.19537,MW,DE,DE_LU,actual_load,Actual Load,2026-08-15T23:22:55Z
2026-08-15T23:21:10Z,2026-08-16T01:21:10+0200,30cb418c-e56a-40a4-8689-fc8db64f26d1,2026-08-05T06:30:00Z,2026-08-05T08:30:00+0200,57807.5484,MW,DE,DE_LU,actual_load,Actual Load,2026-08-15T23:22:55Z
2026-08-15T23:21:10Z,2026-08-16T01:21:10+0200,30cb418c-e56a-40a4-8689-fc8db64f26d1,2026-08-05T06:45:00Z,2026-08-05T08:45:00+0200,58439.54306,MW,DE,DE_LU,actual_load,Actual Load,2026-08-15T23:22:55Z
2026-08-15T23:21:10Z,2026-08-16T01:21:10+0200,30cb418c-e56a-40a4-8689-fc8db64f26d1,2026-08-05T07:00:00Z,2026-08-05T09:00:00+0200,59465.17594,MW,DE,DE_LU,actual_load,Actual Load,2026-08-15T23:22:55Z
2026-08-15T23:21:10Z,2026-08-16T01:21:10+0200,30cb418c-e56a-40a4-8689-fc8db64f26d1,2026-08-05T07:15:00Z,2026-08-05T09:15:00+0200,59005.33574,MW,DE,DE_LU,actual_load,Actual Load,2026-08-15T23:22:55Z
2026-08-15T23:21:10Z,2026-08-16T01:21:10+0200,30cb418c-e56a-40a4-8689-fc8db64f26d1,2026-08-05T07:30:00Z,2026-08-05T09:30:00+0200,58993.86178,MW,DE,DE_LU,actual_load,Actual Load,2026-08-15T23:22:55Z
2026-08-15T23:21:10Z,2026-08-16T01:21:10+0200,30cb418c-e56a-40a4-8689-fc8db64f26d1,2026-08-05T07:45:00Z,2026-08-05T09:45:00+0200,59347.08733,MW,DE,DE_LU,actual_load,Actual Load,2026-08-15T23:22:55Z
2026-08-15T23:21:10Z,2026-08-16T01:21:10+0200,30cb418c-e56a-40a4-8689-fc8db64f26d1,2026-08-05T08:00:00Z,2026-08-05T10:00:00+0200,59206.40822,MW,DE,DE_LU,actual_load,Actual Load,2026-08-15T23:22:55Z
2026-08-15T23:21:10Z,2026-08-16T01:21:10+0200,30cb418c-e56a-40a4-8689-fc8db64f26d1,2026-08-05T08:15:00Z,2026-08-05T10:15:00+0200,59187.17002,MW,DE,DE_LU,actual_load,Actual Load,2026-08-15T23:22:55Z
2026-08-15T23:21:10Z,2026-08-16T01:21:10+0200,30cb418c-e56a-40a4-8689-fc8db64f26d1,2026-08-05T08:30:00Z,2026-08-05T10:30:00+0200,60112.47909,MW,DE,DE_LU,actual_load,Actual Load,2026-08-15T23:22:55Z
2026-08-15T23:21:10Z,2026-08-16T01:21:10+0200,30cb418c-e56a-40a4-8689-fc8db64f26d1,2026-08-05T08:45:00Z,2026-08-05T10:45:00+0200,60201.17091,MW,DE,DE_LU,actual_load,Actual Load,2026-08-15T23:22:55Z
2026-08-15T23:21:10Z,2026-08-16T01:21:10+0200,30cb418c-e56a-40a4-8689-fc8db64f26d1,2026-08-05T09:00:00Z,2026-08-05T11:00:00+0200,59948.43363,MW,DE,DE_LU,actual_load,Actual Load,2026-08-15T23:22:55Z
2026-08-15T23:21:10Z,2026-08-16T01:21:10+0200,30cb418c-e56a-40a4-8689-fc8db64f26d1,2026-08-05T09:15:00Z,2026-08-05T11:15:00+0200,59694.87566,MW,DE,DE_LU,actual_load,Actual Load,2026-08-15T23:22:55Z
2026-08-15T23:21:10Z,2026-08-16T01:21:10+0200,30cb418c-e56a-40a4-8689-fc8db64f26d1,2026-08-05T09:30:00Z,2026-08-05T11:30:00+0200,59729.68007,MW,DE,DE_LU,actual_load,Actual Load,2026-08-15T23:22:55Z
2026-08-15T23:21:10Z,2026-08-16T01:21:10+0200,30cb418c-e56a-40a4-8689-fc8db64f26d1,2026-08-05T09:45:00Z,2026-08-05T11:45:00+0200,60193.10475,MW,DE,DE_LU,actual_load,Actual Load,2026-08-15T23:22:55Z
2026-08-15T23:21:10Z,2026-08-16T01:21:10+0200,30cb418c-e56a-40a4-8689-fc8db64f26d1,2026-08-05T10:00:00Z,2026-08-05T12:00:00+0200,60548.76296,MW,DE,DE_LU,actual_load,Actual Load,2026-08-15T23:22:55Z
2026-08-15T23:21:10Z,2026-08-16T01:21:10+0200,30cb418c-e56a-40a4-8689-fc8db64f26d1,2026-08-05T10:15:00Z,2026-08-05T12:15:00+0200,60788.10784,MW,DE,DE_LU,actual_load,Actual Load,2026-08-15T23:22:55Z
2026-08-15T23:21:10Z,2026-08-16T01:21:10+0200,30cb418c-e56a-40a4-8689-fc8db64f26d1,2026-08-05T10:30:00Z,2026-08-05T12:30:00+0200,61209.28759,MW,DE,DE_LU,actual_load,Actual Load,2026-08-15T23:22:55Z
2026-08-15T23:21:10Z,2026-08-16T01:21:10+0200,30cb418c-e56a-40a4-8689-fc8db64f26d1,2026-08-05T10:45:00Z,2026-08-05T12:45:00+0200,61058.73007,MW,DE,DE_LU,actual_load,Actual Load,2026-08-15T23:22:55Z
2026-08-15T23:21:10Z,2026-08-16T01:21:10+0200,30cb418c-e56a-40a4-8689-fc8db64f26d1,2026-08-05T11:00:00Z,2026-08-05T13:00:00+0200,61253.3014,MW,DE,DE_LU,actual_load,Actual Load,2026-08-15T23:22:55Z
2026-08-15T23:21:10Z,2026-08-16T01:21:10+0200,30cb418c-e56a-40a4-8689-fc8db64f26d1,2026-08-05T11:15:00Z,2026-08-05T13:15:00+0200,61490.84483,MW,DE,DE_LU,actual_load,Actual Load,2026-08-15T23:22:55Z
2026-08-15T23:21:10Z,2026-08-16T01:21:10+0200,30cb418c-e56a-40a4-8689-fc8db64f26d1,2026-08-05T11:30:00Z,2026-08-05T13:30:00+0200,61100.19957,MW,DE,DE_LU,actual_load,Actual Load,2026-08-15T23:22:55Z
2026-08-15T23:21:10Z,2026-08-16T01:21:10+0200,30cb418c-e56a-40a4-8689-fc8db64f26d1,2026-08-05T11:45:00Z,2026-08-05T13:45:00+0200,60513.15865,MW,DE,DE_LU,actual_load,Actual Load,2026-08-15T23:22:55Z
2026-08-15T23:21:10Z,2026-08-16T01:21:10+0200,30cb418c-e56a-40a4-8689-fc8db64f26d1,2026-08-05T12:00:00Z,2026-08-05T14:00:00+0200,59999.08388,MW,DE,DE_LU,actual_load,Actual Load,2026-08-15T23:22:55Z
2026-08-15T23:21:10Z,2026-08-16T01:21:10+0200,30cb418c-e56a-40a4-8689-fc8db64f26d1,2026-08-05T12:15:00Z,2026-08-05T14:15:00+0200,59503.93679,MW,DE,DE_LU,actual_load,Actual Load,2026-08-15T23:22:55Z
2026-08-15T23:21:10Z,2026-08-16T01:21:10+0200,30cb418c-e56a-40a4-8689-fc8db64f26d1,2026-08-05T12:30:00Z,2026-08-05T14:30:00+0200,58822.26963,MW,DE,DE_LU,actual_load,Actual Load,2026-08-15T23:22:55Z
2026-08-15T23:21:10Z,2026-08-16T01:21:10+0200,30cb418c-e56a-40a4-8689-fc8db64f26d1,2026-08-05T12:45:00Z,2026-08-05T14:45:00+0200,58712.1863,MW,DE,DE_LU,actual_load,Actual Load,2026-08-15T23:22:55Z
2026-08-15T23:21:10Z,2026-08-16T01:21:10+0200,30cb418c-e56a-40a4-8689-fc8db64f26d1,2026-08-05T13:00:00Z,2026-08-05T15:00:00+0200,58204.455,MW,DE,DE_LU,actual_load,Actual Load,2026-08-15T23:22:55Z
2026-08-15T23:21:10Z,2026-08-16T01:21:10+0200,30cb418c-e56a-40a4-8689-fc8db64f26d1,2026-08-05T13:15:00Z,2026-08-05T15:15:00+0200,57536.19106,MW,DE,DE_LU,actual_load,Actual Load,2026-08-15T23:22:55Z
2026-08-15T23:21:10Z,2026-08-16T01:21:10+0200,30cb418c-e56a-40a4-8689-fc8db64f26d1,2026-08-05T13:30:00Z,2026-08-05T15:30:00+0200,57871.41512,MW,DE,DE_LU,actual_load,Actual Load,2026-08-15T23:22:55Z
2026-08-15T23:21:10Z,2026-08-16T01:21:10+0200,30cb418c-e56a-40a4-8689-fc8db64f26d1,2026-08-05T13:45:00Z,2026-08-05T15:45:00+0200,57500.79856,MW,DE,DE_LU,actual_load,Actual Load,2026-08-15T23:22:55Z
2026-08-15T23:21:10Z,2026-08-16T01:21:10+0200,30cb418c-e56a-40a4-8689-fc8db64f26d1,2026-08-05T14:00:00Z,2026-08-05T16:00:00+0200,57967.67242,MW,DE,DE_LU,actual_load,Actual Load,2026-08-15T23:22:55Z
2026-08-15T23:21:10Z,2026-08-16T01:21:10+0200,30cb418c-e56a-40a4-8689-fc8db64f26d1,2026-08-05T14:15:00Z,2026-08-05T16:15:00+0200,57624.94551,MW,DE,DE_LU,actual_load,Actual Load,2026-08-15T23:22:55Z
2026-08-15T23:21:10Z,2026-08-16T01:21:10+0200,30cb418c-e56a-40a4-8689-fc8db64f26d1,2026-08-05T14:30:00Z,2026-08-05T16:30:00+0200,57698.54261,MW,DE,DE_LU,actual_load,Actual Load,2026-08-15T23:22:55Z
2026-08-15T23:21:10Z,2026-08-16T01:21:10+0200,30cb418c-e56a-40a4-8689-fc8db64f26d1,2026-08-05T14:45:00Z,2026-08-05T16:45:00+0200,57249.42713,MW,DE,DE_LU,actual_load,Actual Load,2026-08-15T23:22:55Z
2026-08-15T23:21:10Z,2026-08-16T01:21:10+0200,30cb418c-e56a-40a4-8689-fc8db64f26d1,2026-08-05T15:00:00Z,2026-08-05T17:00:00+0200,57483.86166,MW,DE,DE_LU,actual_load,Actual Load,2026-08-15T23:22:55Z
2026-08-15T23:21:10Z,2026-08-16T01:21:10+0200,30cb418c-e56a-40a4-8689-fc8db64f26d1,2026-08-05T15:15:00Z,2026-08-05T17:15:00+0200,57549.48402,MW,DE,DE_LU,actual_load,Actual Load,2026-08-15T23:22:55Z
2026-08-15T23:21:10Z,2026-08-16T01:21:10+0200,30cb418c-e56a-40a4-8689-fc8db64f26d1,2026-08-05T15:30:00Z,2026-08-05T17:30:00+0200,57360.98284,MW,DE,DE_LU,actual_load,Actual Load,2026-08-15T23:22:55Z
2026-08-15T23:21:10Z,2026-08-16T01:21:10+0200,30cb418c-e56a-40a4-8689-fc8db64f26d1,2026-08-05T15:45:00Z,2026-08-05T17:45:00+0200,56908.5234,MW,DE,DE_LU,actual_load,Actual Load,2026-08-15T23:22:55Z
2026-08-15T23:21:10Z,2026-08-16T01:21:10+0200,30cb418c-e56a-40a4-8689-fc8db64f26d1,2026-08-05T16:00:00Z,2026-08-05T18:00:00+0200,57014.62201,MW,DE,DE_LU,actual_load,Actual Load,2026-08-15T23:22:55Z
2026-08-15T23:21:10Z,2026-08-16T01:21:10+0200,30cb418c-e56a-40a4-8689-fc8db64f26d1,2026-08-05T16:15:00Z,2026-08-05T18:15:00+0200,56623.97672,MW,DE,DE_LU,actual_load,Actual Load,2026-08-15T23:22:55Z
2026-08-15T23:21:10Z,2026-08-16T01:21:10+0200,30cb418c-e56a-40a4-8689-fc8db64f26d1,2026-08-05T16:30:00Z,2026-08-05T18:30:00+0200,56854.66341,MW,DE,DE_LU,actual_load,Actual Load,2026-08-15T23:22:55Z
2026-08-15T23:21:10Z,2026-08-16T01:21:10+0200,30cb418c-e56a-40a4-8689-fc8db64f26d1,2026-08-05T16:45:00Z,2026-08-05T18:45:00+0200,56987.27352,MW,DE,DE_LU,actual_load,Actual Load,2026-08-15T23:22:55Z
2026-08-15T23:21:10Z,2026-08-16T01:21:10+0200,30cb418c-e56a-40a4-8689-fc8db64f26d1,2026-08-05T17:00:00Z,2026-08-05T19:00:00+0200,56902.22847,MW,DE,DE_LU,actual_load,Actual Load,2026-08-15T23:22:55Z
2026-08-15T23:21:10Z,2026-08-16T01:21:10+0200,30cb418c-e56a-40a4-8689-fc8db64f26d1,2026-08-05T17:15:00Z,2026-08-05T19:15:00+0200,56501.89199,MW,DE,DE_LU,actual_load,Actual Load,2026-08-15T23:22:55Z
2026-08-15T23:21:10Z,2026-08-16T01:21:10+0200,30cb418c-e56a-40a4-8689-fc8db64f26d1,2026-08-05T17:30:00Z,2026-08-05T19:30:00+0200,56182.03295,MW,DE,DE_LU,actual_load,Actual Load,2026-08-15T23:22:55Z
2026-08-15T23:21:10Z,2026-08-16T01:21:10+0200,30cb418c-e56a-40a4-8689-fc8db64f26d1,2026-08-05T17:45:00Z,2026-08-05T19:45:00+0200,55360.21857,MW,DE,DE_LU,actual_load,Actual Load,2026-08-15T23:22:55Z
2026-08-15T23:21:10Z,2026-08-16T01:21:10+0200,30cb418c-e56a-40a4-8689-fc8db64f26d1,2026-08-05T18:00:00Z,2026-08-05T20:00:00+0200,55741.1302,MW,DE,DE_LU,actual_load,Actual Load,2026-08-15T23:22:55Z
2026-08-15T23:21:10Z,2026-08-16T01:21:10+0200,30cb418c-e56a-40a4-8689-fc8db64f26d1,2026-08-05T18:15:00Z,2026-08-05T20:15:00+0200,54897.35043,MW,DE,DE_LU,actual_load,Actual Load,2026-08-15T23:22:55Z
2026-08-15T23:21:10Z,2026-08-16T01:21:10+0200,30cb418c-e56a-40a4-8689-fc8db64f26d1,2026-08-05T18:30:00Z,2026-08-05T20:30:00+0200,54050.00868,MW,DE,DE_LU,actual_load,Actual Load,2026-08-15T23:22:55Z
2026-08-15T23:21:10Z,2026-08-16T01:21:10+0200,30cb418c-e56a-40a4-8689-fc8db64f26d1,2026-08-05T18:45:00Z,2026-08-05T20:45:00+0200,53242.0785,MW,DE,DE_LU,actual_load,Actual Load,2026-08-15T23:22:55Z
2026-08-15T23:21:10Z,2026-08-16T01:21:10+0200,30cb418c-e56a-40a4-8689-fc8db64f26d1,2026-08-05T19:00:00Z,2026-08-05T21:00:00+0200,53096.62206,MW,DE,DE_LU,actual_load,Actual Load,2026-08-15T23:22:55Z
2026-08-15T23:21:10Z,2026-08-16T01:21:10+0200,30cb418c-e56a-40a4-8689-fc8db64f26d1,2026-08-05T19:15:00Z,2026-08-05T21:15:00+0200,52695.44181,MW,DE,DE_LU,actual_load,Actual Load,2026-08-15T23:22:55Z
2026-08-15T23:21:10Z,2026-08-16T01:21:10+0200,30cb418c-e56a-40a4-8689-fc8db64f26d1,2026-08-05T19:30:00Z,2026-08-05T21:30:00+0200,51928.062,MW,DE,DE_LU,actual_load,Actual Load,2026-08-15T23:22:55Z
2026-08-15T23:21:10Z,2026-08-16T01:21:10+0200,30cb418c-e56a-40a4-8689-fc8db64f26d1,2026-08-05T19:45:00Z,2026-08-05T21:45:00+0200,51217.12691,MW,DE,DE_LU,actual_load,Actual Load,2026-08-15T23:22:55Z
2026-08-15T23:21:10Z,2026-08-16T01:21:10+0200,30cb418c-e56a-40a4-8689-fc8db64f26d1,2026-08-05T20:00:00Z,2026-08-05T22:00:00+0200,50134.92091,MW,DE,DE_LU,actual_load,Actual Load,2026-08-15T23:22:55Z
2026-08-15T23:21:10Z,2026-08-16T01:21:10+0200,30cb418c-e56a-40a4-8689-fc8db64f26d1,2026-08-05T20:15:00Z,2026-08-05T22:15:00+0200,49775.38221,MW,DE,DE_LU,actual_load,Actual Load,2026-08-15T23:22:55Z
2026-08-15T23:21:10Z,2026-08-16T01:21:10+0200,30cb418c-e56a-40a4-8689-fc8db64f26d1,2026-08-05T20:30:00Z,2026-08-05T22:30:00+0200,48737.9274,MW,DE,DE_LU,actual_load,Actual Load,2026-08-15T23:22:55Z
2026-08-15T23:21:10Z,2026-08-16T01:21:10+0200,30cb418c-e56a-40a4-8689-fc8db64f26d1,2026-08-05T20:45:00Z,2026-08-05T22:45:00+0200,48338.03105,MW,DE,DE_LU,actual_load,Actual Load,2026-08-15T23:22:55Z
2026-08-15T23:21:10Z,2026-08-16T01:21:10+0200,30cb418c-e56a-40a4-8689-fc8db64f26d1,2026-08-05T21:00:00Z,2026-08-05T23:00:00+0200,47421.66708,MW,DE,DE_LU,actual_load,Actual Load,2026-08-15T23:22:55Z
2026-08-15T23:21:10Z,2026-08-16T01:21:10+0200,30cb418c-e56a-40a4-8689-fc8db64f26d1,2026-08-05T21:15:00Z,2026-08-05T23:15:00+0200,46622.03276,MW,DE,DE_LU,actual_load,Actual Load,2026-08-15T23:22:55Z
2026-08-15T23:21:10Z,2026-08-16T01:21:10+0200,30cb418c-e56a-40a4-8689-fc8db64f26d1,2026-08-05T21:30:00Z,2026-08-05T23:30:00+0200,45834.85299,MW,DE,DE_LU,actual_load,Actual Load,2026-08-15T23:22:55Z
2026-08-15T23:21:10Z,2026-08-16T01:21:10+0200,30cb418c-e56a-40a4-8689-fc8db64f26d1,2026-08-05T21:45:00Z,2026-08-05T23:45:00+0200,45573.24974,MW,DE,DE_LU,actual_load,Actual Load,2026-08-15T23:22:55Z
2026-08-15T23:21:10Z,2026-08-16T01:21:10+0200,30cb418c-e56a-40a4-8689-fc8db64f26d1,2026-08-05T22:00:00Z,2026-08-06T00:00:00+0200,44983.31887,MW,DE,DE_LU,actual_load,Actual Load,2026-08-15T23:22:55Z
2026-08-15T23:21:10Z,2026-08-16T01:21:10+0200,30cb418c-e56a-40a4-8689-fc8db64f26d1,2026-08-05T22:15:00Z,2026-08-06T00:15:00+0200,44342.93901,MW,DE,DE_LU,actual_load,Actual Load,2026-08-15T23:22:55Z
2026-08-15T23:21:10Z,2026-08-16T01:21:10+0200,30cb418c-e56a-40a4-8689-fc8db64f26d1,2026-08-05T22:30:00Z,2026-08-06T00:30:00+0200,44263.42792,MW,DE,DE_LU,actual_load,Actual Load,2026-08-15T23:22:55Z
2026-08-15T23:21:10Z,2026-08-16T01:21:10+0200,30cb418c-e56a-40a4-8689-fc8db64f26d1,2026-08-05T22:45:00Z,2026-08-06T00:45:00+0200,43972.27058,MW,DE,DE_LU,actual_load,Actual Load,2026-08-15T23:22:55Z
2026-08-15T23:21:10Z,2026-08-16T01:21:10+0200,30cb418c-e56a-40a4-8689-fc8db64f26d1,2026-08-05T23:00:00Z,2026-08-06T01:00:00+0200,43172.89351,MW,DE,DE_LU,actual_load,Actual Load,2026-08-15T23:22:55Z
2026-08-15T23:21:10Z,2026-08-16T01:21:10+0200,30cb418c-e56a-40a4-8689-fc8db64f26d1,2026-08-05T23:15:00Z,2026-08-06T01:15:00+0200,43066.65543,MW,DE,DE_LU,actual_load,Actual Load,2026-08-15T23:22:55Z
2026-08-15T23:21:10Z,2026-08-16T01:21:10+0200,30cb418c-e56a-40a4-8689-fc8db64f26d1,2026-08-05T23:30:00Z,2026-08-06T01:30:00+0200,42928.08069,MW,DE,DE_LU,actual_load,Actual Load,2026-08-15T23:22:55Z
2026-08-15T23:21:10Z,2026-08-16T01:21:10+0200,30cb418c-e56a-40a4-8689-fc8db64f26d1,2026-08-05T23:45:00Z,2026-08-06T01:45:00+0200,42698.40145,MW,DE,DE_LU,actual_load,Actual Load,2026-08-15T23:22:55Z
2026-08-15T23:21:10Z,2026-08-16T01:21:10+0200,30cb418c-e56a-40a4-8689-fc8db64f26d1,2026-08-06T00:00:00Z,2026-08-06T02:00:00+0200,42269.21483,MW,DE,DE_LU,actual_load,Actual Load,2026-08-15T23:22:55Z
2026-08-15T23:21:10Z,2026-08-16T01:21:10+0200,30cb418c-e56a-40a4-8689-fc8db64f26d1,2026-08-06T00:15:00Z,2026-08-06T02:15:00+0200,42355.48734,MW,DE,DE_LU,actual_load,Actual Load,2026-08-15T23:22:55Z
2026-08-15T23:21:10Z,2026-08-16T01:21:10+0200,30cb418c-e56a-40a4-8689-fc8db64f26d1,2026-08-06T00:30:00Z,2026-08-06T02:30:00+0200,42425.37225,MW,DE,DE_LU,actual_load,Actual Load,2026-08-15T23:22:55Z
2026-08-15T23:21:10Z,2026-08-16T01:21:10+0200,30cb418c-e56a-40a4-8689-fc8db64f26d1,2026-08-06T00:45:00Z,2026-08-06T02:45:00+0200,42386.54552,MW,DE,DE_LU,actual_load,Actual Load,2026-08-15T23:22:55Z
2026-08-15T23:21:10Z,2026-08-16T01:21:10+0200,30cb418c-e56a-40a4-8689-fc8db64f26d1,2026-08-06T01:00:00Z,2026-08-06T03:00:00+0200,42328.58287,MW,DE,DE_LU,actual_load,Actual Load,2026-08-15T23:22:55Z
2026-08-15T23:21:10Z,2026-08-16T01:21:10+0200,30cb418c-e56a-40a4-8689-fc8db64f26d1,2026-08-06T01:15:00Z,2026-08-06T03:15:00+0200,42215.16207,MW,DE,DE_LU,actual_load,Actual Load,2026-08-15T23:22:55Z
2026-08-15T23:21:10Z,2026-08-16T01:21:10+0200,30cb418c-e56a-40a4-8689-fc8db64f26d1,2026-08-06T01:30:00Z,2026-08-06T03:30:00+0200,42091.2725,MW,DE,DE_LU,actual_load,Actual Load,2026-08-15T23:22:55Z
2026-08-15T23:21:10Z,2026-08-16T01:21:10+0200,30cb418c-e56a-40a4-8689-fc8db64f26d1,2026-08-06T01:45:00Z,2026-08-06T03:45:00+0200,42295.7004,MW,DE,DE_LU,actual_load,Actual Load,2026-08-15T23:22:55Z
2026-08-15T23:21:10Z,2026-08-16T01:21:10+0200,30cb418c-e56a-40a4-8689-fc8db64f26d1,2026-08-06T02:00:00Z,2026-08-06T04:00:00+0200,41948.59336,MW,DE,DE_LU,actual_load,Actual Load,2026-08-15T23:22:55Z
2026-08-15T23:21:10Z,2026-08-16T01:21:10+0200,30cb418c-e56a-40a4-8689-fc8db64f26d1,2026-08-06T02:15:00Z,2026-08-06T04:15:00+0200,42396.84802,MW,DE,DE_LU,actual_load,Actual Load,2026-08-15T23:22:55Z
2026-08-15T23:21:10Z,2026-08-16T01:21:10+0200,30cb418c-e56a-40a4-8689-fc8db64f26d1,2026-08-06T02:30:00Z,2026-08-06T04:30:00+0200,43027.93693,MW,DE,DE_LU,actual_load,Actual Load,2026-08-15T23:22:55Z
2026-08-15T23:21:10Z,2026-08-16T01:21:10+0200,30cb418c-e56a-40a4-8689-fc8db64f26d1,2026-08-06T02:45:00Z,2026-08-06T04:45:00+0200,43462.53304,MW,DE,DE_LU,actual_load,Actual Load,2026-08-15T23:22:55Z
2026-08-15T23:21:10Z,2026-08-16T01:21:10+0200,30cb418c-e56a-40a4-8689-fc8db64f26d1,2026-08-06T03:00:00Z,2026-08-06T05:00:00+0200,43806.39282,MW,DE,DE_LU,actual_load,Actual Load,2026-08-15T23:22:55Z
2026-08-15T23:21:10Z,2026-08-16T01:21:10+0200,30cb418c-e56a-40a4-8689-fc8db64f26d1,2026-08-06T03:15:00Z,2026-08-06T05:15:00+0200,44302.48084,MW,DE,DE_LU,actual_load,Actual Load,2026-08-15T23:22:55Z
2026-08-15T23:21:10Z,2026-08-16T01:21:10+0200,30cb418c-e56a-40a4-8689-fc8db64f26d1,2026-08-06T03:30:00Z,2026-08-06T05:30:00+0200,45139.69904,MW,DE,DE_LU,actual_load,Actual Load,2026-08-15T23:22:55Z
2026-08-15T23:21:10Z,2026-08-16T01:21:10+0200,30cb418c-e56a-40a4-8689-fc8db64f26d1,2026-08-06T03:45:00Z,2026-08-06T05:45:00+0200,45963.37819,MW,DE,DE_LU,actual_load,Actual Load,2026-08-15T23:22:55Z
2026-08-15T23:21:10Z,2026-08-16T01:21:10+0200,30cb418c-e56a-40a4-8689-fc8db64f26d1,2026-08-06T04:00:00Z,2026-08-06T06:00:00+0200,46968.92144,MW,DE,DE_LU,actual_load,Actual Load,2026-08-15T23:22:55Z
2026-08-15T23:21:10Z,2026-08-16T01:21:10+0200,30cb418c-e56a-40a4-8689-fc8db64f26d1,2026-08-06T04:15:00Z,2026-08-06T06:15:00+0200,48180.59335,MW,DE,DE_LU,actual_load,Actual Load,2026-08-15T23:22:55Z
2026-08-15T23:21:10Z,2026-08-16T01:21:10+0200,30cb418c-e56a-40a4-8689-fc8db64f26d1,2026-08-06T04:30:00Z,2026-08-06T06:30:00+0200,49634.2275,MW,DE,DE_LU,actual_load,Actual Load,2026-08-15T23:22:55Z
2026-08-15T23:21:10Z,2026-08-16T01:21:10+0200,30cb418c-e56a-40a4-8689-fc8db64f26d1,2026-08-06T04:45:00Z,2026-08-06T06:45:00+0200,50822.21932,MW,DE,DE_LU,actual_load,Actual Load,2026-08-15T23:22:55Z
2026-08-15T23:21:10Z,2026-08-16T01:21:10+0200,30cb418c-e56a-40a4-8689-fc8db64f26d1,2026-08-06T05:00:00Z,2026-08-06T07:00:00+0200,52021.73087,MW,DE,DE_LU,actual_load,Actual Load,2026-08-15T23:22:55Z
2026-08-15T23:21:10Z,2026-08-16T01:21:10+0200,30cb418c-e56a-40a4-8689-fc8db64f26d1,2026-08-06T05:15:00Z,2026-08-06T07:15:00+0200,53907.61814,MW,DE,DE_LU,actual_load,Actual Load,2026-08-15T23:22:55Z
2026-08-15T23:21:10Z,2026-08-16T01:21:10+0200,30cb418c-e56a-40a4-8689-fc8db64f26d1,2026-08-06T05:30:00Z,2026-08-06T07:30:00+0200,55556.76153,MW,DE,DE_LU,actual_load,Actual Load,2026-08-15T23:22:55Z
2026-08-15T23:21:10Z,2026-08-16T01:21:10+0200,30cb418c-e56a-40a4-8689-fc8db64f26d1,2026-08-06T05:45:00Z,2026-08-06T07:45:00+0200,56565.80931,MW,DE,DE_LU,actual_load,Actual Load,2026-08-15T23:22:55Z
2026-08-15T23:21:10Z,2026-08-16T01:21:10+0200,30cb418c-e56a-40a4-8689-fc8db64f26d1,2026-08-06T06:00:00Z,2026-08-06T08:00:00+0200,56367.75266,MW,DE,DE_LU,actual_load,Actual Load,2026-08-15T23:22:55Z
2026-08-15T23:21:10Z,2026-08-16T01:21:10+0200,30cb418c-e56a-40a4-8689-fc8db64f26d1,2026-08-06T06:15:00Z,2026-08-06T08:15:00+0200,57691.38236,MW,DE,DE_LU,actual_load,Actual Load,2026-08-15T23:22:55Z
2026-08-15T23:21:10Z,2026-08-16T01:21:10+0200,30cb418c-e56a-40a4-8689-fc8db64f26d1,2026-08-06T06:30:00Z,2026-08-06T08:30:00+0200,59096.71583,MW,DE,DE_LU,actual_load,Actual Load,2026-08-15T23:22:55Z
2026-08-15T23:21:10Z,2026-08-16T01:21:10+0200,30cb418c-e56a-40a4-8689-fc8db64f26d1,2026-08-06T06:45:00Z,2026-08-06T08:45:00+0200,60124.80435,MW,DE,DE_LU,actual_load,Actual Load,2026-08-15T23:22:55Z
2026-08-15T23:21:10Z,2026-08-16T01:21:10+0200,30cb418c-e56a-40a4-8689-fc8db64f26d1,2026-08-06T07:00:00Z,2026-08-06T09:00:00+0200,58955.44388,MW,DE,DE_LU,actual_load,Actual Load,2026-08-15T23:22:55Z
2026-08-15T23:21:10Z,2026-08-16T01:21:10+0200,30cb418c-e56a-40a4-8689-fc8db64f26d1,2026-08-06T07:15:00Z,2026-08-06T09:15:00+0200,59389.61241,MW,DE,DE_LU,actual_load,Actual Load,2026-08-15T23:22:55Z
2026-08-15T23:21:10Z,2026-08-16T01:21:10+0200,30cb418c-e56a-40a4-8689-fc8db64f26d1,2026-08-06T07:30:00Z,2026-08-06T09:30:00+0200,59338.47098,MW,DE,DE_LU,actual_load,Actual Load,2026-08-15T23:22:55Z
2026-08-15T23:21:10Z,2026-08-16T01:21:10+0200,30cb418c-e56a-40a4-8689-fc8db64f26d1,2026-08-06T07:45:00Z,2026-08-06T09:45:00+0200,59855.98295,MW,DE,DE_LU,actual_load,Actual Load,2026-08-15T23:22:55Z
2026-08-15T23:21:10Z,2026-08-16T01:21:10+0200,30cb418c-e56a-40a4-8689-fc8db64f26d1,2026-08-06T08:00:00Z,2026-08-06T10:00:00+0200,59748.81047,MW,DE,DE_LU,actual_load,Actual Load,2026-08-15T23:22:55Z
2026-08-15T23:21:10Z,2026-08-16T01:21:10+0200,30cb418c-e56a-40a4-8689-fc8db64f26d1,2026-08-06T08:15:00Z,2026-08-06T10:15:00+0200,59991.87863,MW,DE,DE_LU,actual_load,Actual Load,2026-08-15T23:22:55Z
2026-08-15T23:21:10Z,2026-08-16T01:21:10+0200,30cb418c-e56a-40a4-8689-fc8db64f26d1,2026-08-06T08:30:00Z,2026-08-06T10:30:00+0200,59605.76782,MW,DE,DE_LU,actual_load,Actual Load,2026-08-15T23:22:55Z
2026-08-15T23:21:10Z,2026-08-16T01:21:10+0200,30cb418c-e56a-40a4-8689-fc8db64f26d1,2026-08-06T08:45:00Z,2026-08-06T10:45:00+0200,59597.19828,MW,DE,DE_LU,actual_load,Actual Load,2026-08-15T23:22:55Z
2026-08-15T23:21:10Z,2026-08-16T01:21:10+0200,30cb418c-e56a-40a4-8689-fc8db64f26d1,2026-08-06T09:00:00Z,2026-08-06T11:00:00+0200,59433.08216,MW,DE,DE_LU,actual_load,Actual Load,2026-08-15T23:22:55Z
2026-08-15T23:21:10Z,2026-08-16T01:21:10+0200,30cb418c-e56a-40a4-8689-fc8db64f26d1,2026-08-06T09:15:00Z,2026-08-06T11:15:00+0200,60518.18282,MW,DE,DE_LU,actual_load,Actual Load,2026-08-15T23:22:55Z
2026-08-15T23:21:10Z,2026-08-16T01:21:10+0200,30cb418c-e56a-40a4-8689-fc8db64f26d1,2026-08-06T09:30:00Z,2026-08-06T11:30:00+0200,60247.72258,MW,DE,DE_LU,actual_load,Actual Load,2026-08-15T23:22:55Z
2026-08-15T23:21:10Z,2026-08-16T01:21:10+0200,30cb418c-e56a-40a4-8689-fc8db64f26d1,2026-08-06T09:45:00Z,2026-08-06T11:45:00+0200,60820.09502,MW,DE,DE_LU,actual_load,Actual Load,2026-08-15T23:22:55Z
2026-08-15T23:21:10Z,2026-08-16T01:21:10+0200,30cb418c-e56a-40a4-8689-fc8db64f26d1,2026-08-06T10:00:00Z,2026-08-06T12:00:00+0200,60462.29569,MW,DE,DE_LU,actual_load,Actual Load,2026-08-15T23:22:55Z
2026-08-15T23:21:10Z,2026-08-16T01:21:10+0200,30cb418c-e56a-40a4-8689-fc8db64f26d1,2026-08-06T10:15:00Z,2026-08-06T12:15:00+0200,60167.80086,MW,DE,DE_LU,actual_load,Actual Load,2026-08-15T23:22:55Z
2026-08-15T23:21:10Z,2026-08-16T01:21:10+0200,30cb418c-e56a-40a4-8689-fc8db64f26d1,2026-08-06T10:30:00Z,2026-08-06T12:30:00+0200,59714.38262,MW,DE,DE_LU,actual_load,Actual Load,2026-08-15T23:22:55Z
2026-08-15T23:21:10Z,2026-08-16T01:21:10+0200,30cb418c-e56a-40a4-8689-fc8db64f26d1,2026-08-06T10:45:00Z,2026-08-06T12:45:00+0200,60017.0112,MW,DE,DE_LU,actual_load,Actual Load,2026-08-15T23:22:55Z
2026-08-15T23:21:10Z,2026-08-16T01:21:10+0200,30cb418c-e56a-40a4-8689-fc8db64f26d1,2026-08-06T11:00:00Z,2026-08-06T13:00:00+0200,59233.23184,MW,DE,DE_LU,actual_load,Actual Load,2026-08-15T23:22:55Z
2026-08-15T23:21:10Z,2026-08-16T01:21:10+0200,30cb418c-e56a-40a4-8689-fc8db64f26d1,2026-08-06T11:15:00Z,2026-08-06T13:15:00+0200,59470.41715,MW,DE,DE_LU,actual_load,Actual Load,2026-08-15T23:22:55Z
2026-08-15T23:21:10Z,2026-08-16T01:21:10+0200,30cb418c-e56a-40a4-8689-fc8db64f26d1,2026-08-06T11:30:00Z,2026-08-06T13:30:00+0200,58429.3889,MW,DE,DE_LU,actual_load,Actual Load,2026-08-15T23:22:55Z
2026-08-15T23:21:10Z,2026-08-16T01:21:10+0200,30cb418c-e56a-40a4-8689-fc8db64f26d1,2026-08-06T11:45:00Z,2026-08-06T13:45:00+0200,57955.2473,MW,DE,DE_LU,actual_load,Actual Load,2026-08-15T23:22:55Z
2026-08-15T23:21:10Z,2026-08-16T01:21:10+0200,30cb418c-e56a-40a4-8689-fc8db64f26d1,2026-08-06T12:00:00Z,2026-08-06T14:00:00+0200,57961.35441,MW,DE,DE_LU,actual_load,Actual Load,2026-08-15T23:22:55Z
2026-08-15T23:21:10Z,2026-08-16T01:21:10+0200,30cb418c-e56a-40a4-8689-fc8db64f26d1,2026-08-06T12:15:00Z,2026-08-06T14:15:00+0200,57958.04257,MW,DE,DE_LU,actual_load,Actual Load,2026-08-15T23:22:55Z
2026-08-15T23:21:10Z,2026-08-16T01:21:10+0200,30cb418c-e56a-40a4-8689-fc8db64f26d1,2026-08-06T12:30:00Z,2026-08-06T14:30:00+0200,57594.80835,MW,DE,DE_LU,actual_load,Actual Load,2026-08-15T23:22:55Z
2026-08-15T23:21:10Z,2026-08-16T01:21:10+0200,30cb418c-e56a-40a4-8689-fc8db64f26d1,2026-08-06T12:45:00Z,2026-08-06T14:45:00+0200,57157.30388,MW,DE,DE_LU,actual_load,Actual Load,2026-08-15T23:22:55Z
2026-08-15T23:21:10Z,2026-08-16T01:21:10+0200,30cb418c-e56a-40a4-8689-fc8db64f26d1,2026-08-06T13:00:00Z,2026-08-06T15:00:00+0200,57087.92459,MW,DE,DE_LU,actual_load,Actual Load,2026-08-15T23:22:55Z
2026-08-15T23:21:10Z,2026-08-16T01:21:10+0200,30cb418c-e56a-40a4-8689-fc8db64f26d1,2026-08-06T13:15:00Z,2026-08-06T15:15:00+0200,56876.159,MW,DE,DE_LU,actual_load,Actual Load,2026-08-15T23:22:55Z
2026-08-15T23:21:10Z,2026-08-16T01:21:10+0200,30cb418c-e56a-40a4-8689-fc8db64f26d1,2026-08-06T13:30:00Z,2026-08-06T15:30:00+0200,56312.2378,MW,DE,DE_LU,actual_load,Actual Load,2026-08-15T23:22:55Z
2026-08-15T23:21:10Z,2026-08-16T01:21:10+0200,30cb418c-e56a-40a4-8689-fc8db64f26d1,2026-08-06T13:45:00Z,2026-08-06T15:45:00+0200,55547.81208,MW,DE,DE_LU,actual_load,Actual Load,2026-08-15T23:22:55Z
2026-08-15T23:21:10Z,2026-08-16T01:21:10+0200,30cb418c-e56a-40a4-8689-fc8db64f26d1,2026-08-06T14:00:00Z,2026-08-06T16:00:00+0200,55709.72705,MW,DE,DE_LU,actual_load,Actual Load,2026-08-15T23:22:55Z
2026-08-15T23:21:10Z,2026-08-16T01:21:10+0200,30cb418c-e56a-40a4-8689-fc8db64f26d1,2026-08-06T14:15:00Z,2026-08-06T16:15:00+0200,55643.02328,MW,DE,DE_LU,actual_load,Actual Load,2026-08-15T23:22:55Z
2026-08-15T23:21:10Z,2026-08-16T01:21:10+0200,30cb418c-e56a-40a4-8689-fc8db64f26d1,2026-08-06T14:30:00Z,2026-08-06T16:30:00+0200,55302.06991,MW,DE,DE_LU,actual_load,Actual Load,2026-08-15T23:22:55Z
2026-08-15T23:21:10Z,2026-08-16T01:21:10+0200,30cb418c-e56a-40a4-8689-fc8db64f26d1,2026-08-06T14:45:00Z,2026-08-06T16:45:00+0200,54384.16281,MW,DE,DE_LU,actual_load,Actual Load,2026-08-15T23:22:55Z
2026-08-15T23:21:10Z,2026-08-16T01:21:10+0200,30cb418c-e56a-40a4-8689-fc8db64f26d1,2026-08-06T15:00:00Z,2026-08-06T17:00:00+0200,55407.94177,MW,DE,DE_LU,actual_load,Actual Load,2026-08-15T23:22:55Z
2026-08-15T23:21:10Z,2026-08-16T01:21:10+0200,30cb418c-e56a-40a4-8689-fc8db64f26d1,2026-08-06T15:15:00Z,2026-08-06T17:15:00+0200,55437.55434,MW,DE,DE_LU,actual_load,Actual Load,2026-08-15T23:22:55Z
2026-08-15T23:21:10Z,2026-08-16T01:21:10+0200,30cb418c-e56a-40a4-8689-fc8db64f26d1,2026-08-06T15:30:00Z,2026-08-06T17:30:00+0200,55963.72277,MW,DE,DE_LU,actual_load,Actual Load,2026-08-15T23:22:55Z
2026-08-15T23:21:10Z,2026-08-16T01:21:10+0200,30cb418c-e56a-40a4-8689-fc8db64f26d1,2026-08-06T15:45:00Z,2026-08-06T17:45:00+0200,55668.18629,MW,DE,DE_LU,actual_load,Actual Load,2026-08-15T23:22:55Z
2026-08-15T23:21:10Z,2026-08-16T01:21:10+0200,30cb418c-e56a-40a4-8689-fc8db64f26d1,2026-08-06T16:00:00Z,2026-08-06T18:00:00+0200,54867.23555,MW,DE,DE_LU,actual_load,Actual Load,2026-08-15T23:22:55Z
2026-08-15T23:21:10Z,2026-08-16T01:21:10+0200,30cb418c-e56a-40a4-8689-fc8db64f26d1,2026-08-06T16:15:00Z,2026-08-06T18:15:00+0200,54510.44662,MW,DE,DE_LU,actual_load,Actual Load,2026-08-15T23:22:55Z
2026-08-15T23:21:10Z,2026-08-16T01:21:10+0200,30cb418c-e56a-40a4-8689-fc8db64f26d1,2026-08-06T16:30:00Z,2026-08-06T18:30:00+0200,54783.17834,MW,DE,DE_LU,actual_load,Actual Load,2026-08-15T23:22:55Z
2026-08-15T23:21:10Z,2026-08-16T01:21:10+0200,30cb418c-e56a-40a4-8689-fc8db64f26d1,2026-08-06T16:45:00Z,2026-08-06T18:45:00+0200,54366.3449,MW,DE,DE_LU,actual_load,Actual Load,2026-08-15T23:22:55Z
2026-08-15T23:21:10Z,2026-08-16T01:21:10+0200,30cb418c-e56a-40a4-8689-fc8db64f26d1,2026-08-06T17:00:00Z,2026-08-06T19:00:00+0200,54848.74843,MW,DE,DE_LU,actual_load,Actual Load,2026-08-15T23:22:55Z
2026-08-15T23:21:10Z,2026-08-16T01:21:10+0200,30cb418c-e56a-40a4-8689-fc8db64f26d1,2026-08-06T17:15:00Z,2026-08-06T19:15:00+0200,54196.04872,MW,DE,DE_LU,actual_load,Actual Load,2026-08-15T23:22:55Z
2026-08-15T23:21:10Z,2026-08-16T01:21:10+0200,30cb418c-e56a-40a4-8689-fc8db64f26d1,2026-08-06T17:30:00Z,2026-08-06T19:30:00+0200,54005.08099,MW,DE,DE_LU,actual_load,Actual Load,2026-08-15T23:22:55Z
2026-08-15T23:21:10Z,2026-08-16T01:21:10+0200,30cb418c-e56a-40a4-8689-fc8db64f26d1,2026-08-06T17:45:00Z,2026-08-06T19:45:00+0200,53137.92045,MW,DE,DE_LU,actual_load,Actual Load,2026-08-15T23:22:55Z
2026-08-15T23:21:10Z,2026-08-16T01:21:10+0200,30cb418c-e56a-40a4-8689-fc8db64f26d1,2026-08-06T18:00:00Z,2026-08-06T20:00:00+0200,52249.93648,MW,DE,DE_LU,actual_load,Actual Load,2026-08-15T23:22:55Z
2026-08-15T23:21:10Z,2026-08-16T01:21:10+0200,30cb418c-e56a-40a4-8689-fc8db64f26d1,2026-08-06T18:15:00Z,2026-08-06T20:15:00+0200,50975.8156,MW,DE,DE_LU,actual_load,Actual Load,2026-08-15T23:22:55Z
2026-08-15T23:21:10Z,2026-08-16T01:21:10+0200,30cb418c-e56a-40a4-8689-fc8db64f26d1,2026-08-06T18:30:00Z,2026-08-06T20:30:00+0200,49773.2833,MW,DE,DE_LU,actual_load,Actual Load,2026-08-15T23:22:55Z
2026-08-15T23:21:10Z,2026-08-16T01:21:10+0200,30cb418c-e56a-40a4-8689-fc8db64f26d1,2026-08-06T18:45:00Z,2026-08-06T20:45:00+0200,48880.04134,MW,DE,DE_LU,actual_load,Actual Load,2026-08-15T23:22:55Z
2026-08-15T23:21:10Z,2026-08-16T01:21:10+0200,30cb418c-e56a-40a4-8689-fc8db64f26d1,2026-08-06T19:00:00Z,2026-08-06T21:00:00+0200,49434.93329,MW,DE,DE_LU,actual_load,Actual Load,2026-08-15T23:22:55Z
2026-08-15T23:21:10Z,2026-08-16T01:21:10+0200,30cb418c-e56a-40a4-8689-fc8db64f26d1,2026-08-06T19:15:00Z,2026-08-06T21:15:00+0200,49325.51035,MW,DE,DE_LU,actual_load,Actual Load,2026-08-15T23:22:55Z
2026-08-15T23:21:10Z,2026-08-16T01:21:10+0200,30cb418c-e56a-40a4-8689-fc8db64f26d1,2026-08-06T19:30:00Z,2026-08-06T21:30:00+0200,49100.45534,MW,DE,DE_LU,actual_load,Actual Load,2026-08-15T23:22:55Z
2026-08-15T23:21:10Z,2026-08-16T01:21:10+0200,30cb418c-e56a-40a4-8689-fc8db64f26d1,2026-08-06T19:45:00Z,2026-08-06T21:45:00+0200,48248.03841,MW,DE,DE_LU,actual_load,Actual Load,2026-08-15T23:22:55Z
2026-08-15T23:21:10Z,2026-08-16T01:21:10+0200,30cb418c-e56a-40a4-8689-fc8db64f26d1,2026-08-06T20:00:00Z,2026-08-06T22:00:00+0200,47365.90816,MW,DE,DE_LU,actual_load,Actual Load,2026-08-15T23:22:55Z
2026-08-15T23:21:10Z,2026-08-16T01:21:10+0200,30cb418c-e56a-40a4-8689-fc8db64f26d1,2026-08-06T20:15:00Z,2026-08-06T22:15:00+0200,46803.534,MW,DE,DE_LU,actual_load,Actual Load,2026-08-15T23:22:55Z
2026-08-15T23:21:10Z,2026-08-16T01:21:10+0200,30cb418c-e56a-40a4-8689-fc8db64f26d1,2026-08-06T20:30:00Z,2026-08-06T22:30:00+0200,46262.39618,MW,DE,DE_LU,actual_load,Actual Load,2026-08-15T23:22:55Z
2026-08-15T23:21:10Z,2026-08-16T01:21:10+0200,30cb418c-e56a-40a4-8689-fc8db64f26d1,2026-08-06T20:45:00Z,2026-08-06T22:45:00+0200,45258.47228,MW,DE,DE_LU,actual_load,Actual Load,2026-08-15T23:22:55Z
2026-08-15T23:21:10Z,2026-08-16T01:21:10+0200,30cb418c-e56a-40a4-8689-fc8db64f26d1,2026-08-06T21:00:00Z,2026-08-06T23:00:00+0200,43767.63405,MW,DE,DE_LU,actual_load,Actual Load,2026-08-15T23:22:55Z
2026-08-15T23:21:10Z,2026-08-16T01:21:10+0200,30cb418c-e56a-40a4-8689-fc8db64f26d1,2026-08-06T21:15:00Z,2026-08-06T23:15:00+0200,43586.09118,MW,DE,DE_LU,actual_load,Actual Load,2026-08-15T23:22:55Z
2026-08-15T23:21:10Z,2026-08-16T01:21:10+0200,30cb418c-e56a-40a4-8689-fc8db64f26d1,2026-08-06T21:30:00Z,2026-08-06T23:30:00+0200,42836.48464,MW,DE,DE_LU,actual_load,Actual Load,2026-08-15T23:22:55Z
2026-08-15T23:21:10Z,2026-08-16T01:21:10+0200,30cb418c-e56a-40a4-8689-fc8db64f26d1,2026-08-06T21:45:00Z,2026-08-06T23:45:00+0200,42474.7202,MW,DE,DE_LU,actual_load,Actual Load,2026-08-15T23:22:55Z
2026-08-15T23:21:10Z,2026-08-16T01:21:10+0200,30cb418c-e56a-40a4-8689-fc8db64f26d1,2026-08-06T22:00:00Z,2026-08-07T00:00:00+0200,42187.35092,MW,DE,DE_LU,actual_load,Actual Load,2026-08-15T23:22:55Z
2026-08-15T23:21:10Z,2026-08-16T01:21:10+0200,30cb418c-e56a-40a4-8689-fc8db64f26d1,2026-08-06T22:15:00Z,2026-08-07T00:15:00+0200,41441.5008,MW,DE,DE_LU,actual_load,Actual Load,2026-08-15T23:22:55Z
2026-08-15T23:21:10Z,2026-08-16T01:21:10+0200,30cb418c-e56a-40a4-8689-fc8db64f26d1,2026-08-06T22:30:00Z,2026-08-07T00:30:00+0200,41170.49179,MW,DE,DE_LU,actual_load,Actual Load,2026-08-15T23:22:55Z
2026-08-15T23:21:10Z,2026-08-16T01:21:10+0200,30cb418c-e56a-40a4-8689-fc8db64f26d1,2026-08-06T22:45:00Z,2026-08-07T00:45:00+0200,41045.55073,MW,DE,DE_LU,actual_load,Actual Load,2026-08-15T23:22:55Z
2026-08-15T23:21:10Z,2026-08-16T01:21:10+0200,30cb418c-e56a-40a4-8689-fc8db64f26d1,2026-08-06T23:00:00Z,2026-08-07T01:00:00+0200,40754.90098,MW,DE,DE_LU,actual_load,Actual Load,2026-08-15T23:22:55Z
2026-08-15T23:21:10Z,2026-08-16T01:21:10+0200,30cb418c-e56a-40a4-8689-fc8db64f26d1,2026-08-06T23:15:00Z,2026-08-07T01:15:00+0200,41283.11704,MW,DE,DE_LU,actual_load,Actual Load,2026-08-15T23:22:55Z
2026-08-15T23:21:10Z,2026-08-16T01:21:10+0200,30cb418c-e56a-40a4-8689-fc8db64f26d1,2026-08-06T23:30:00Z,2026-08-07T01:30:00+0200,41163.40062,MW,DE,DE_LU,actual_load,Actual Load,2026-08-15T23:22:55Z
2026-08-15T23:21:10Z,2026-08-16T01:21:10+0200,30cb418c-e56a-40a4-8689-fc8db64f26d1,2026-08-06T23:45:00Z,2026-08-07T01:45:00+0200,40727.91644,MW,DE,DE_LU,actual_load,Actual Load,2026-08-15T23:22:55Z
2026-08-15T23:21:10Z,2026-08-16T01:21:10+0200,30cb418c-e56a-40a4-8689-fc8db64f26d1,2026-08-07T00:00:00Z,2026-08-07T02:00:00+0200,40308.898,MW,DE,DE_LU,actual_load,Actual Load,2026-08-15T23:22:55Z
2026-08-15T23:21:10Z,2026-08-16T01:21:10+0200,30cb418c-e56a-40a4-8689-fc8db64f26d1,2026-08-07T00:15:00Z,2026-08-07T02:15:00+0200,40125.24348,MW,DE,DE_LU,actual_load,Actual Load,2026-08-15T23:22:55Z
2026-08-15T23:21:10Z,2026-08-16T01:21:10+0200,30cb418c-e56a-40a4-8689-fc8db64f26d1,2026-08-07T00:30:00Z,2026-08-07T02:30:00+0200,39937.99824,MW,DE,DE_LU,actual_load,Actual Load,2026-08-15T23:22:55Z
2026-08-15T23:21:10Z,2026-08-16T01:21:10+0200,30cb418c-e56a-40a4-8689-fc8db64f26d1,2026-08-07T00:45:00Z,2026-08-07T02:45:00+0200,40143.91531,MW,DE,DE_LU,actual_load,Actual Load,2026-08-15T23:22:55Z
2026-08-15T23:21:10Z,2026-08-16T01:21:10+0200,30cb418c-e56a-40a4-8689-fc8db64f26d1,2026-08-07T01:00:00Z,2026-08-07T03:00:00+0200,39903.22532,MW,DE,DE_LU,actual_load,Actual Load,2026-08-15T23:22:55Z
2026-08-15T23:21:10Z,2026-08-16T01:21:10+0200,30cb418c-e56a-40a4-8689-fc8db64f26d1,2026-08-07T01:15:00Z,2026-08-07T03:15:00+0200,40166.08271,MW,DE,DE_LU,actual_load,Actual Load,2026-08-15T23:22:55Z
2026-08-15T23:21:10Z,2026-08-16T01:21:10+0200,30cb418c-e56a-40a4-8689-fc8db64f26d1,2026-08-07T01:30:00Z,2026-08-07T03:30:00+0200,40051.13059,MW,DE,DE_LU,actual_load,Actual Load,2026-08-15T23:22:55Z
2026-08-15T23:21:10Z,2026-08-16T01:21:10+0200,30cb418c-e56a-40a4-8689-fc8db64f26d1,2026-08-07T01:45:00Z,2026-08-07T03:45:00+0200,40527.01225,MW,DE,DE_LU,actual_load,Actual Load,2026-08-15T23:22:55Z
2026-08-15T23:21:10Z,2026-08-16T01:21:10+0200,30cb418c-e56a-40a4-8689-fc8db64f26d1,2026-08-07T02:00:00Z,2026-08-07T04:00:00+0200,41118.44877,MW,DE,DE_LU,actual_load,Actual Load,2026-08-15T23:22:55Z
2026-08-15T23:21:10Z,2026-08-16T01:21:10+0200,30cb418c-e56a-40a4-8689-fc8db64f26d1,2026-08-07T02:15:00Z,2026-08-07T04:15:00+0200,41172.66623,MW,DE,DE_LU,actual_load,Actual Load,2026-08-15T23:22:55Z
2026-08-15T23:21:10Z,2026-08-16T01:21:10+0200,30cb418c-e56a-40a4-8689-fc8db64f26d1,2026-08-07T02:30:00Z,2026-08-07T04:30:00+0200,41182.94425,MW,DE,DE_LU,actual_load,Actual Load,2026-08-15T23:22:55Z
2026-08-15T23:21:10Z,2026-08-16T01:21:10+0200,30cb418c-e56a-40a4-8689-fc8db64f26d1,2026-08-07T02:45:00Z,2026-08-07T04:45:00+0200,41519.68499,MW,DE,DE_LU,actual_load,Actual Load,2026-08-15T23:22:55Z
2026-08-15T23:21:10Z,2026-08-16T01:21:10+0200,30cb418c-e56a-40a4-8689-fc8db64f26d1,2026-08-07T03:00:00Z,2026-08-07T05:00:00+0200,42636.94081,MW,DE,DE_LU,actual_load,Actual Load,2026-08-15T23:22:55Z
2026-08-15T23:21:10Z,2026-08-16T01:21:10+0200,30cb418c-e56a-40a4-8689-fc8db64f26d1,2026-08-07T03:15:00Z,2026-08-07T05:15:00+0200,42744.01068,MW,DE,DE_LU,actual_load,Actual Load,2026-08-15T23:22:55Z
2026-08-15T23:21:10Z,2026-08-16T01:21:10+0200,30cb418c-e56a-40a4-8689-fc8db64f26d1,2026-08-07T03:30:00Z,2026-08-07T05:30:00+0200,43565.84856,MW,DE,DE_LU,actual_load,Actual Load,2026-08-15T23:22:55Z
2026-08-15T23:21:10Z,2026-08-16T01:21:10+0200,30cb418c-e56a-40a4-8689-fc8db64f26d1,2026-08-07T03:45:00Z,2026-08-07T05:45:00+0200,44211.87079,MW,DE,DE_LU,actual_load,Actual Load,2026-08-15T23:22:55Z
2026-08-15T23:21:10Z,2026-08-16T01:21:10+0200,30cb418c-e56a-40a4-8689-fc8db64f26d1,2026-08-07T04:00:00Z,2026-08-07T06:00:00+0200,45996.58934,MW,DE,DE_LU,actual_load,Actual Load,2026-08-15T23:22:55Z
2026-08-15T23:21:10Z,2026-08-16T01:21:10+0200,30cb418c-e56a-40a4-8689-fc8db64f26d1,2026-08-07T04:15:00Z,2026-08-07T06:15:00+0200,47288.27809,MW,DE,DE_LU,actual_load,Actual Load,2026-08-15T23:22:55Z
2026-08-15T23:21:10Z,2026-08-16T01:21:10+0200,30cb418c-e56a-40a4-8689-fc8db64f26d1,2026-08-07T04:30:00Z,2026-08-07T06:30:00+0200,48395.19347,MW,DE,DE_LU,actual_load,Actual Load,2026-08-15T23:22:55Z
2026-08-15T23:21:10Z,2026-08-16T01:21:10+0200,30cb418c-e56a-40a4-8689-fc8db64f26d1,2026-08-07T04:45:00Z,2026-08-07T06:45:00+0200,49264.79617,MW,DE,DE_LU,actual_load,Actual Load,2026-08-15T23:22:55Z
2026-08-15T23:21:10Z,2026-08-16T01:21:10+0200,30cb418c-e56a-40a4-8689-fc8db64f26d1,2026-08-07T05:00:00Z,2026-08-07T07:00:00+0200,50739.30741,MW,DE,DE_LU,actual_load,Actual Load,2026-08-15T23:22:55Z
2026-08-15T23:21:10Z,2026-08-16T01:21:10+0200,30cb418c-e56a-40a4-8689-fc8db64f26d1,2026-08-07T05:15:00Z,2026-08-07T07:15:00+0200,51937.51214,MW,DE,DE_LU,actual_load,Actual Load,2026-08-15T23:22:55Z
2026-08-15T23:21:10Z,2026-08-16T01:21:10+0200,30cb418c-e56a-40a4-8689-fc8db64f26d1,2026-08-07T05:30:00Z,2026-08-07T07:30:00+0200,52810.5675,MW,DE,DE_LU,actual_load,Actual Load,2026-08-15T23:22:55Z
2026-08-15T23:21:10Z,2026-08-16T01:21:10+0200,30cb418c-e56a-40a4-8689-fc8db64f26d1,2026-08-07T05:45:00Z,2026-08-07T07:45:00+0200,53971.24846,MW,DE,DE_LU,actual_load,Actual Load,2026-08-15T23:22:55Z
2026-08-15T23:21:10Z,2026-08-16T01:21:10+0200,30cb418c-e56a-40a4-8689-fc8db64f26d1,2026-08-07T06:00:00Z,2026-08-07T08:00:00+0200,53810.29098,MW,DE,DE_LU,actual_load,Actual Load,2026-08-15T23:22:55Z
2026-08-15T23:21:10Z,2026-08-16T01:21:10+0200,30cb418c-e56a-40a4-8689-fc8db64f26d1,2026-08-07T06:15:00Z,2026-08-07T08:15:00+0200,54889.14456,MW,DE,DE_LU,actual_load,Actual Load,2026-08-15T23:22:55Z
2026-08-15T23:21:10Z,2026-08-16T01:21:10+0200,30cb418c-e56a-40a4-8689-fc8db64f26d1,2026-08-07T06:30:00Z,2026-08-07T08:30:00+0200,55465.60251,MW,DE,DE_LU,actual_load,Actual Load,2026-08-15T23:22:55Z
2026-08-15T23:21:10Z,2026-08-16T01:21:10+0200,30cb418c-e56a-40a4-8689-fc8db64f26d1,2026-08-07T06:45:00Z,2026-08-07T08:45:00+0200,56607.94662,MW,DE,DE_LU,actual_load,Actual Load,2026-08-15T23:22:55Z
2026-08-15T23:21:10Z,2026-08-16T01:21:10+0200,30cb418c-e56a-40a4-8689-fc8db64f26d1,2026-08-07T07:00:00Z,2026-08-07T09:00:00+0200,57494.77838,MW,DE,DE_LU,actual_load,Actual Load,2026-08-15T23:22:55Z
2026-08-15T23:21:10Z,2026-08-16T01:21:10+0200,30cb418c-e56a-40a4-8689-fc8db64f26d1,2026-08-07T07:15:00Z,2026-08-07T09:15:00+0200,58263.63966,MW,DE,DE_LU,actual_load,Actual Load,2026-08-15T23:22:55Z
2026-08-15T23:21:10Z,2026-08-16T01:21:10+0200,30cb418c-e56a-40a4-8689-fc8db64f26d1,2026-08-07T07:30:00Z,2026-08-07T09:30:00+0200,58592.84855,MW,DE,DE_LU,actual_load,Actual Load,2026-08-15T23:22:55Z
2026-08-15T23:21:10Z,2026-08-16T01:21:10+0200,30cb418c-e56a-40a4-8689-fc8db64f26d1,2026-08-07T07:45:00Z,2026-08-07T09:45:00+0200,58040.57052,MW,DE,DE_LU,actual_load,Actual Load,2026-08-15T23:22:55Z
2026-08-15T23:21:10Z,2026-08-16T01:21:10+0200,30cb418c-e56a-40a4-8689-fc8db64f26d1,2026-08-07T08:00:00Z,2026-08-07T10:00:00+0200,58032.26857,MW,DE,DE_LU,actual_load,Actual Load,2026-08-15T23:22:55Z
2026-08-15T23:21:10Z,2026-08-16T01:21:10+0200,30cb418c-e56a-40a4-8689-fc8db64f26d1,2026-08-07T08:15:00Z,2026-08-07T10:15:00+0200,57759.95849,MW,DE,DE_LU,actual_load,Actual Load,2026-08-15T23:22:55Z
2026-08-15T23:21:10Z,2026-08-16T01:21:10+0200,30cb418c-e56a-40a4-8689-fc8db64f26d1,2026-08-07T08:30:00Z,2026-08-07T10:30:00+0200,57895.9737,MW,DE,DE_LU,actual_load,Actual Load,2026-08-15T23:22:55Z
2026-08-15T23:21:10Z,2026-08-16T01:21:10+0200,30cb418c-e56a-40a4-8689-fc8db64f26d1,2026-08-07T08:45:00Z,2026-08-07T10:45:00+0200,57315.56891,MW,DE,DE_LU,actual_load,Actual Load,2026-08-15T23:22:55Z
2026-08-15T23:21:10Z,2026-08-16T01:21:10+0200,30cb418c-e56a-40a4-8689-fc8db64f26d1,2026-08-07T09:00:00Z,2026-08-07T11:00:00+0200,57502.34982,MW,DE,DE_LU,actual_load,Actual Load,2026-08-15T23:22:55Z
2026-08-15T23:21:10Z,2026-08-16T01:21:10+0200,30cb418c-e56a-40a4-8689-fc8db64f26d1,2026-08-07T09:15:00Z,2026-08-07T11:15:00+0200,55956.86376,MW,DE,DE_LU,actual_load,Actual Load,2026-08-15T23:22:55Z
2026-08-15T23:21:10Z,2026-08-16T01:21:10+0200,30cb418c-e56a-40a4-8689-fc8db64f26d1,2026-08-07T09:30:00Z,2026-08-07T11:30:00+0200,55984.77583,MW,DE,DE_LU,actual_load,Actual Load,2026-08-15T23:22:55Z
2026-08-15T23:21:10Z,2026-08-16T01:21:10+0200,30cb418c-e56a-40a4-8689-fc8db64f26d1,2026-08-07T09:45:00Z,2026-08-07T11:45:00+0200,55533.38584,MW,DE,DE_LU,actual_load,Actual Load,2026-08-15T23:22:55Z
2026-08-15T23:21:10Z,2026-08-16T01:21:10+0200,30cb418c-e56a-40a4-8689-fc8db64f26d1,2026-08-07T10:00:00Z,2026-08-07T12:00:00+0200,55857.95415,MW,DE,DE_LU,actual_load,Actual Load,2026-08-15T23:22:55Z
2026-08-15T23:21:10Z,2026-08-16T01:21:10+0200,30cb418c-e56a-40a4-8689-fc8db64f26d1,2026-08-07T10:15:00Z,2026-08-07T12:15:00+0200,55608.81465,MW,DE,DE_LU,actual_load,Actual Load,2026-08-15T23:22:55Z
2026-08-15T23:21:10Z,2026-08-16T01:21:10+0200,30cb418c-e56a-40a4-8689-fc8db64f26d1,2026-08-07T10:30:00Z,2026-08-07T12:30:00+0200,55513.55178,MW,DE,DE_LU,actual_load,Actual Load,2026-08-15T23:22:55Z
2026-08-15T23:21:10Z,2026-08-16T01:21:10+0200,30cb418c-e56a-40a4-8689-fc8db64f26d1,2026-08-07T10:45:00Z,2026-08-07T12:45:00+0200,54755.84577,MW,DE,DE_LU,actual_load,Actual Load,2026-08-15T23:22:55Z
2026-08-15T23:21:10Z,2026-08-16T01:21:10+0200,30cb418c-e56a-40a4-8689-fc8db64f26d1,2026-08-07T11:00:00Z,2026-08-07T13:00:00+0200,54238.17788,MW,DE,DE_LU,actual_load,Actual Load,2026-08-15T23:22:55Z
2026-08-15T23:21:10Z,2026-08-16T01:21:10+0200,30cb418c-e56a-40a4-8689-fc8db64f26d1,2026-08-07T11:15:00Z,2026-08-07T13:15:00+0200,53715.77209,MW,DE,DE_LU,actual_load,Actual Load,2026-08-15T23:22:55Z
2026-08-15T23:21:10Z,2026-08-16T01:21:10+0200,30cb418c-e56a-40a4-8689-fc8db64f26d1,2026-08-07T11:30:00Z,2026-08-07T13:30:00+0200,53473.25513,MW,DE,DE_LU,actual_load,Actual Load,2026-08-15T23:22:55Z
2026-08-15T23:21:10Z,2026-08-16T01:21:10+0200,30cb418c-e56a-40a4-8689-fc8db64f26d1,2026-08-07T11:45:00Z,2026-08-07T13:45:00+0200,54126.99396,MW,DE,DE_LU,actual_load,Actual Load,2026-08-15T23:22:55Z
2026-08-15T23:21:10Z,2026-08-16T01:21:10+0200,30cb418c-e56a-40a4-8689-fc8db64f26d1,2026-08-07T12:00:00Z,2026-08-07T14:00:00+0200,53808.47646,MW,DE,DE_LU,actual_load,Actual Load,2026-08-15T23:22:55Z
2026-08-15T23:21:10Z,2026-08-16T01:21:10+0200,30cb418c-e56a-40a4-8689-fc8db64f26d1,2026-08-07T12:15:00Z,2026-08-07T14:15:00+0200,53168.88702,MW,DE,DE_LU,actual_load,Actual Load,2026-08-15T23:22:55Z
2026-08-15T23:21:10Z,2026-08-16T01:21:10+0200,30cb418c-e56a-40a4-8689-fc8db64f26d1,2026-08-07T12:30:00Z,2026-08-07T14:30:00+0200,52486.77877,MW,DE,DE_LU,actual_load,Actual Load,2026-08-15T23:22:55Z
2026-08-15T23:21:10Z,2026-08-16T01:21:10+0200,30cb418c-e56a-40a4-8689-fc8db64f26d1,2026-08-07T12:45:00Z,2026-08-07T14:45:00+0200,52247.10493,MW,DE,DE_LU,actual_load,Actual Load,2026-08-15T23:22:55Z
2026-08-15T23:21:10Z,2026-08-16T01:21:10+0200,30cb418c-e56a-40a4-8689-fc8db64f26d1,2026-08-07T13:00:00Z,2026-08-07T15:00:00+0200,52472.60826,MW,DE,DE_LU,actual_load,Actual Load,2026-08-15T23:22:55Z
2026-08-15T23:21:10Z,2026-08-16T01:21:10+0200,30cb418c-e56a-40a4-8689-fc8db64f26d1,2026-08-07T13:15:00Z,2026-08-07T15:15:00+0200,52196.61485,MW,DE,DE_LU,actual_load,Actual Load,2026-08-15T23:22:55Z
2026-08-15T23:21:10Z,2026-08-16T01:21:10+0200,30cb418c-e56a-40a4-8689-fc8db64f26d1,2026-08-07T13:30:00Z,2026-08-07T15:30:00+0200,51440.00488,MW,DE,DE_LU,actual_load,Actual Load,2026-08-15T23:22:55Z
2026-08-15T23:21:10Z,2026-08-16T01:21:10+0200,30cb418c-e56a-40a4-8689-fc8db64f26d1,2026-08-07T13:45:00Z,2026-08-07T15:45:00+0200,51424.32367,MW,DE,DE_LU,actual_load,Actual Load,2026-08-15T23:22:55Z
2026-08-15T23:21:10Z,2026-08-16T01:21:10+0200,30cb418c-e56a-40a4-8689-fc8db64f26d1,2026-08-07T14:00:00Z,2026-08-07T16:00:00+0200,52447.35036,MW,DE,DE_LU,actual_load,Actual Load,2026-08-15T23:22:55Z
2026-08-15T23:21:10Z,2026-08-16T01:21:10+0200,30cb418c-e56a-40a4-8689-fc8db64f26d1,2026-08-07T14:15:00Z,2026-08-07T16:15:00+0200,52436.3475,MW,DE,DE_LU,actual_load,Actual Load,2026-08-15T23:22:55Z
2026-08-15T23:21:10Z,2026-08-16T01:21:10+0200,30cb418c-e56a-40a4-8689-fc8db64f26d1,2026-08-07T14:30:00Z,2026-08-07T16:30:00+0200,52084.69132,MW,DE,DE_LU,actual_load,Actual Load,2026-08-15T23:22:55Z
2026-08-15T23:21:10Z,2026-08-16T01:21:10+0200,30cb418c-e56a-40a4-8689-fc8db64f26d1,2026-08-07T14:45:00Z,2026-08-07T16:45:00+0200,51441.26208,MW,DE,DE_LU,actual_load,Actual Load,2026-08-15T23:22:55Z
2026-08-15T23:21:10Z,2026-08-16T01:21:10+0200,30cb418c-e56a-40a4-8689-fc8db64f26d1,2026-08-07T15:00:00Z,2026-08-07T17:00:00+0200,51778.27891,MW,DE,DE_LU,actual_load,Actual Load,2026-08-15T23:22:55Z
2026-08-15T23:21:10Z,2026-08-16T01:21:10+0200,30cb418c-e56a-40a4-8689-fc8db64f26d1,2026-08-07T15:15:00Z,2026-08-07T17:15:00+0200,51621.0217,MW,DE,DE_LU,actual_load,Actual Load,2026-08-15T23:22:55Z
2026-08-15T23:21:10Z,2026-08-16T01:21:10+0200,30cb418c-e56a-40a4-8689-fc8db64f26d1,2026-08-07T15:30:00Z,2026-08-07T17:30:00+0200,53148.76229,MW,DE,DE_LU,actual_load,Actual Load,2026-08-15T23:22:55Z
2026-08-15T23:21:10Z,2026-08-16T01:21:10+0200,30cb418c-e56a-40a4-8689-fc8db64f26d1,2026-08-07T15:45:00Z,2026-08-07T17:45:00+0200,51543.46765,MW,DE,DE_LU,actual_load,Actual Load,2026-08-15T23:22:55Z
2026-08-15T23:21:10Z,2026-08-16T01:21:10+0200,30cb418c-e56a-40a4-8689-fc8db64f26d1,2026-08-07T16:00:00Z,2026-08-07T18:00:00+0200,52480.00856,MW,DE,DE_LU,actual_load,Actual Load,2026-08-15T23:22:55Z
2026-08-15T23:21:10Z,2026-08-16T01:21:10+0200,30cb418c-e56a-40a4-8689-fc8db64f26d1,2026-08-07T16:15:00Z,2026-08-07T18:15:00+0200,52359.88736,MW,DE,DE_LU,actual_load,Actual Load,2026-08-15T23:22:55Z
2026-08-15T23:21:10Z,2026-08-16T01:21:10+0200,30cb418c-e56a-40a4-8689-fc8db64f26d1,2026-08-07T16:30:00Z,2026-08-07T18:30:00+0200,53048.73768,MW,DE,DE_LU,actual_load,Actual Load,2026-08-15T23:22:55Z
2026-08-15T23:21:10Z,2026-08-16T01:21:10+0200,30cb418c-e56a-40a4-8689-fc8db64f26d1,2026-08-07T16:45:00Z,2026-08-07T18:45:00+0200,54766.27466,MW,DE,DE_LU,actual_load,Actual Load,2026-08-15T23:22:55Z
2026-08-15T23:21:10Z,2026-08-16T01:21:10+0200,30cb418c-e56a-40a4-8689-fc8db64f26d1,2026-08-07T17:00:00Z,2026-08-07T19:00:00+0200,56969.67489,MW,DE,DE_LU,actual_load,Actual Load,2026-08-15T23:22:55Z
2026-08-15T23:21:10Z,2026-08-16T01:21:10+0200,30cb418c-e56a-40a4-8689-fc8db64f26d1,2026-08-07T17:15:00Z,2026-08-07T19:15:00+0200,54951.84002,MW,DE,DE_LU,actual_load,Actual Load,2026-08-15T23:22:55Z
2026-08-15T23:21:10Z,2026-08-16T01:21:10+0200,30cb418c-e56a-40a4-8689-fc8db64f26d1,2026-08-07T17:30:00Z,2026-08-07T19:30:00+0200,53727.9856,MW,DE,DE_LU,actual_load,Actual Load,2026-08-15T23:22:55Z
2026-08-15T23:21:10Z,2026-08-16T01:21:10+0200,30cb418c-e56a-40a4-8689-fc8db64f26d1,2026-08-07T17:45:00Z,2026-08-07T19:45:00+0200,51140.35738,MW,DE,DE_LU,actual_load,Actual Load,2026-08-15T23:22:55Z
2026-08-15T23:21:10Z,2026-08-16T01:21:10+0200,30cb418c-e56a-40a4-8689-fc8db64f26d1,2026-08-07T18:00:00Z,2026-08-07T20:00:00+0200,50499.505,MW,DE,DE_LU,actual_load,Actual Load,2026-08-15T23:22:55Z
2026-08-15T23:21:10Z,2026-08-16T01:21:10+0200,30cb418c-e56a-40a4-8689-fc8db64f26d1,2026-08-07T18:15:00Z,2026-08-07T20:15:00+0200,49708.32776,MW,DE,DE_LU,actual_load,Actual Load,2026-08-15T23:22:55Z
2026-08-15T23:21:10Z,2026-08-16T01:21:10+0200,30cb418c-e56a-40a4-8689-fc8db64f26d1,2026-08-07T18:30:00Z,2026-08-07T20:30:00+0200,48275.33328,MW,DE,DE_LU,actual_load,Actual Load,2026-08-15T23:22:55Z
2026-08-15T23:21:10Z,2026-08-16T01:21:10+0200,30cb418c-e56a-40a4-8689-fc8db64f26d1,2026-08-07T18:45:00Z,2026-08-07T20:45:00+0200,47937.33726,MW,DE,DE_LU,actual_load,Actual Load,2026-08-15T23:22:55Z
2026-08-15T23:21:10Z,2026-08-16T01:21:10+0200,30cb418c-e56a-40a4-8689-fc8db64f26d1,2026-08-07T19:00:00Z,2026-08-07T21:00:00+0200,47440.53745,MW,DE,DE_LU,actual_load,Actual Load,2026-08-15T23:22:55Z
2026-08-15T23:21:10Z,2026-08-16T01:21:10+0200,30cb418c-e56a-40a4-8689-fc8db64f26d1,2026-08-07T19:15:00Z,2026-08-07T21:15:00+0200,47153.78303,MW,DE,DE_LU,actual_load,Actual Load,2026-08-15T23:22:55Z
2026-08-15T23:21:10Z,2026-08-16T01:21:10+0200,30cb418c-e56a-40a4-8689-fc8db64f26d1,2026-08-07T19:30:00Z,2026-08-07T21:30:00+0200,47149.12969,MW,DE,DE_LU,actual_load,Actual Load,2026-08-15T23:22:55Z
2026-08-15T23:21:10Z,2026-08-16T01:21:10+0200,30cb418c-e56a-40a4-8689-fc8db64f26d1,2026-08-07T19:45:00Z,2026-08-07T21:45:00+0200,46351.80856,MW,DE,DE_LU,actual_load,Actual Load,2026-08-15T23:22:55Z
2026-08-15T23:21:10Z,2026-08-16T01:21:10+0200,30cb418c-e56a-40a4-8689-fc8db64f26d1,2026-08-07T20:00:00Z,2026-08-07T22:00:00+0200,44946.88757,MW,DE,DE_LU,actual_load,Actual Load,2026-08-15T23:22:55Z
2026-08-15T23:21:10Z,2026-08-16T01:21:10+0200,30cb418c-e56a-40a4-8689-fc8db64f26d1,2026-08-07T20:15:00Z,2026-08-07T22:15:00+0200,44734.72249,MW,DE,DE_LU,actual_load,Actual Load,2026-08-15T23:22:55Z
2026-08-15T23:21:10Z,2026-08-16T01:21:10+0200,30cb418c-e56a-40a4-8689-fc8db64f26d1,2026-08-07T20:30:00Z,2026-08-07T22:30:00+0200,43730.12873,MW,DE,DE_LU,actual_load,Actual Load,2026-08-15T23:22:55Z
2026-08-15T23:21:10Z,2026-08-16T01:21:10+0200,30cb418c-e56a-40a4-8689-fc8db64f26d1,2026-08-07T20:45:00Z,2026-08-07T22:45:00+0200,43145.95874,MW,DE,DE_LU,actual_load,Actual Load,2026-08-15T23:22:55Z
2026-08-15T23:21:10Z,2026-08-16T01:21:10+0200,30cb418c-e56a-40a4-8689-fc8db64f26d1,2026-08-07T21:00:00Z,2026-08-07T23:00:00+0200,42192.78293,MW,DE,DE_LU,actual_load,Actual Load,2026-08-15T23:22:55Z
2026-08-15T23:21:10Z,2026-08-16T01:21:10+0200,30cb418c-e56a-40a4-8689-fc8db64f26d1,2026-08-07T21:15:00Z,2026-08-07T23:15:00+0200,42359.64587,MW,DE,DE_LU,actual_load,Actual Load,2026-08-15T23:22:55Z
2026-08-15T23:21:10Z,2026-08-16T01:21:10+0200,30cb418c-e56a-40a4-8689-fc8db64f26d1,2026-08-07T21:30:00Z,2026-08-07T23:30:00+0200,41601.47136,MW,DE,DE_LU,actual_load,Actual Load,2026-08-15T23:22:55Z
2026-08-15T23:21:10Z,2026-08-16T01:21:10+0200,30cb418c-e56a-40a4-8689-fc8db64f26d1,2026-08-07T21:45:00Z,2026-08-07T23:45:00+0200,41782.51191,MW,DE,DE_LU,actual_load,Actual Load,2026-08-15T23:22:55Z
2026-08-15T23:21:10Z,2026-08-16T01:21:10+0200,30cb418c-e56a-40a4-8689-fc8db64f26d1,2026-08-07T22:00:00Z,2026-08-08T00:00:00+0200,40833.76221,MW,DE,DE_LU,actual_load,Actual Load,2026-08-15T23:22:55Z
2026-08-15T23:21:10Z,2026-08-16T01:21:10+0200,30cb418c-e56a-40a4-8689-fc8db64f26d1,2026-08-07T22:15:00Z,2026-08-08T00:15:00+0200,40674.83868,MW,DE,DE_LU,actual_load,Actual Load,2026-08-15T23:22:55Z
2026-08-15T23:21:10Z,2026-08-16T01:21:10+0200,30cb418c-e56a-40a4-8689-fc8db64f26d1,2026-08-07T22:30:00Z,2026-08-08T00:30:00+0200,40652.39914,MW,DE,DE_LU,actual_load,Actual Load,2026-08-15T23:22:55Z
2026-08-15T23:21:10Z,2026-08-16T01:21:10+0200,30cb418c-e56a-40a4-8689-fc8db64f26d1,2026-08-07T22:45:00Z,2026-08-08T00:45:00+0200,40537.17519,MW,DE,DE_LU,actual_load,Actual Load,2026-08-15T23:22:55Z
2026-08-15T23:21:10Z,2026-08-16T01:21:10+0200,30cb418c-e56a-40a4-8689-fc8db64f26d1,2026-08-07T23:00:00Z,2026-08-08T01:00:00+0200,39648.1957,MW,DE,DE_LU,actual_load,Actual Load,2026-08-15T23:22:55Z
2026-08-15T23:21:10Z,2026-08-16T01:21:10+0200,30cb418c-e56a-40a4-8689-fc8db64f26d1,2026-08-07T23:15:00Z,2026-08-08T01:15:00+0200,39842.77758,MW,DE,DE_LU,actual_load,Actual Load,2026-08-15T23:22:55Z
2026-08-15T23:21:10Z,2026-08-16T01:21:10+0200,30cb418c-e56a-40a4-8689-fc8db64f26d1,2026-08-07T23:30:00Z,2026-08-08T01:30:00+0200,39604.1479,MW,DE,DE_LU,actual_load,Actual Load,2026-08-15T23:22:55Z
2026-08-15T23:21:10Z,2026-08-16T01:21:10+0200,30cb418c-e56a-40a4-8689-fc8db64f26d1,2026-08-07T23:45:00Z,2026-08-08T01:45:00+0200,39693.37814,MW,DE,DE_LU,actual_load,Actual Load,2026-08-15T23:22:55Z
2026-08-15T23:21:10Z,2026-08-16T01:21:10+0200,30cb418c-e56a-40a4-8689-fc8db64f26d1,2026-08-08T00:00:00Z,2026-08-08T02:00:00+0200,38607.86216,MW,DE,DE_LU,actual_load,Actual Load,2026-08-15T23:22:55Z
2026-08-15T23:21:10Z,2026-08-16T01:21:10+0200,30cb418c-e56a-40a4-8689-fc8db64f26d1,2026-08-08T00:15:00Z,2026-08-08T02:15:00+0200,38508.35074,MW,DE,DE_LU,actual_load,Actual Load,2026-08-15T23:22:55Z
2026-08-15T23:21:10Z,2026-08-16T01:21:10+0200,30cb418c-e56a-40a4-8689-fc8db64f26d1,2026-08-08T00:30:00Z,2026-08-08T02:30:00+0200,38418.30048,MW,DE,DE_LU,actual_load,Actual Load,2026-08-15T23:22:55Z
2026-08-15T23:21:10Z,2026-08-16T01:21:10+0200,30cb418c-e56a-40a4-8689-fc8db64f26d1,2026-08-08T00:45:00Z,2026-08-08T02:45:00+0200,38394.9528,MW,DE,DE_LU,actual_load,Actual Load,2026-08-15T23:22:55Z
2026-08-15T23:21:10Z,2026-08-16T01:21:10+0200,30cb418c-e56a-40a4-8689-fc8db64f26d1,2026-08-08T01:00:00Z,2026-08-08T03:00:00+0200,38101.39076,MW,DE,DE_LU,actual_load,Actual Load,2026-08-15T23:22:55Z
2026-08-15T23:21:10Z,2026-08-16T01:21:10+0200,30cb418c-e56a-40a4-8689-fc8db64f26d1,2026-08-08T01:15:00Z,2026-08-08T03:15:00+0200,37974.74386,MW,DE,DE_LU,actual_load,Actual Load,2026-08-15T23:22:55Z
2026-08-15T23:21:10Z,2026-08-16T01:21:10+0200,30cb418c-e56a-40a4-8689-fc8db64f26d1,2026-08-08T01:30:00Z,2026-08-08T03:30:00+0200,38022.06392,MW,DE,DE_LU,actual_load,Actual Load,2026-08-15T23:22:55Z
2026-08-15T23:21:10Z,2026-08-16T01:21:10+0200,30cb418c-e56a-40a4-8689-fc8db64f26d1,2026-08-08T01:45:00Z,2026-08-08T03:45:00+0200,38012.50891,MW,DE,DE_LU,actual_load,Actual Load,2026-08-15T23:22:55Z
2026-08-15T23:21:10Z,2026-08-16T01:21:10+0200,30cb418c-e56a-40a4-8689-fc8db64f26d1,2026-08-08T02:00:00Z,2026-08-08T04:00:00+0200,38208.53606,MW,DE,DE_LU,actual_load,Actual Load,2026-08-15T23:22:55Z
2026-08-15T23:21:10Z,2026-08-16T01:21:10+0200,30cb418c-e56a-40a4-8689-fc8db64f26d1,2026-08-08T02:15:00Z,2026-08-08T04:15:00+0200,38259.4392,MW,DE,DE_LU,actual_load,Actual Load,2026-08-15T23:22:55Z
2026-08-15T23:21:10Z,2026-08-16T01:21:10+0200,30cb418c-e56a-40a4-8689-fc8db64f26d1,2026-08-08T02:30:00Z,2026-08-08T04:30:00+0200,38239.6646,MW,DE,DE_LU,actual_load,Actual Load,2026-08-15T23:22:55Z
2026-08-15T23:21:10Z,2026-08-16T01:21:10+0200,30cb418c-e56a-40a4-8689-fc8db64f26d1,2026-08-08T02:45:00Z,2026-08-08T04:45:00+0200,38197.37525,MW,DE,DE_LU,actual_load,Actual Load,2026-08-15T23:22:55Z
2026-08-15T23:21:10Z,2026-08-16T01:21:10+0200,30cb418c-e56a-40a4-8689-fc8db64f26d1,2026-08-08T03:00:00Z,2026-08-08T05:00:00+0200,38715.21226,MW,DE,DE_LU,actual_load,Actual Load,2026-08-15T23:22:55Z
2026-08-15T23:21:10Z,2026-08-16T01:21:10+0200,30cb418c-e56a-40a4-8689-fc8db64f26d1,2026-08-08T03:15:00Z,2026-08-08T05:15:00+0200,39092.4926,MW,DE,DE_LU,actual_load,Actual Load,2026-08-15T23:22:55Z
2026-08-15T23:21:10Z,2026-08-16T01:21:10+0200,30cb418c-e56a-40a4-8689-fc8db64f26d1,2026-08-08T03:30:00Z,2026-08-08T05:30:00+0200,39385.28326,MW,DE,DE_LU,actual_load,Actual Load,2026-08-15T23:22:55Z
2026-08-15T23:21:10Z,2026-08-16T01:21:10+0200,30cb418c-e56a-40a4-8689-fc8db64f26d1,2026-08-08T03:45:00Z,2026-08-08T05:45:00+0200,39297.46525,MW,DE,DE_LU,actual_load,Actual Load,2026-08-15T23:22:55Z
2026-08-15T23:21:10Z,2026-08-16T01:21:10+0200,30cb418c-e56a-40a4-8689-fc8db64f26d1,2026-08-08T04:00:00Z,2026-08-08T06:00:00+0200,39824.55446,MW,DE,DE_LU,actual_load,Actual Load,2026-08-15T23:22:55Z
2026-08-15T23:21:10Z,2026-08-16T01:21:10+0200,30cb418c-e56a-40a4-8689-fc8db64f26d1,2026-08-08T04:15:00Z,2026-08-08T06:15:00+0200,39813.22002,MW,DE,DE_LU,actual_load,Actual Load,2026-08-15T23:22:55Z
2026-08-15T23:21:10Z,2026-08-16T01:21:10+0200,30cb418c-e56a-40a4-8689-fc8db64f26d1,2026-08-08T04:30:00Z,2026-08-08T06:30:00+0200,40482.12284,MW,DE,DE_LU,actual_load,Actual Load,2026-08-15T23:22:55Z
2026-08-15T23:21:10Z,2026-08-16T01:21:10+0200,30cb418c-e56a-40a4-8689-fc8db64f26d1,2026-08-08T04:45:00Z,2026-08-08T06:45:00+0200,41281.827,MW,DE,DE_LU,actual_load,Actual Load,2026-08-15T23:22:55Z
2026-08-15T23:21:10Z,2026-08-16T01:21:10+0200,30cb418c-e56a-40a4-8689-fc8db64f26d1,2026-08-08T05:00:00Z,2026-08-08T07:00:00+0200,41229.22703,MW,DE,DE_LU,actual_load,Actual Load,2026-08-15T23:22:55Z
2026-08-15T23:21:10Z,2026-08-16T01:21:10+0200,30cb418c-e56a-40a4-8689-fc8db64f26d1,2026-08-08T05:15:00Z,2026-08-08T07:15:00+0200,42123.52315,MW,DE,DE_LU,actual_load,Actual Load,2026-08-15T23:22:55Z
2026-08-15T23:21:10Z,2026-08-16T01:21:10+0200,30cb418c-e56a-40a4-8689-fc8db64f26d1,2026-08-08T05:30:00Z,2026-08-08T07:30:00+0200,42969.17641,MW,DE,DE_LU,actual_load,Actual Load,2026-08-15T23:22:55Z
2026-08-15T23:21:10Z,2026-08-16T01:21:10+0200,30cb418c-e56a-40a4-8689-fc8db64f26d1,2026-08-08T05:45:00Z,2026-08-08T07:45:00+0200,43873.16008,MW,DE,DE_LU,actual_load,Actual Load,2026-08-15T23:22:55Z
2026-08-15T23:21:10Z,2026-08-16T01:21:10+0200,30cb418c-e56a-40a4-8689-fc8db64f26d1,2026-08-08T06:00:00Z,2026-08-08T08:00:00+0200,43840.59002,MW,DE,DE_LU,actual_load,Actual Load,2026-08-15T23:22:55Z
2026-08-15T23:21:10Z,2026-08-16T01:21:10+0200,30cb418c-e56a-40a4-8689-fc8db64f26d1,2026-08-08T06:15:00Z,2026-08-08T08:15:00+0200,44735.63742,MW,DE,DE_LU,actual_load,Actual Load,2026-08-15T23:22:55Z
2026-08-15T23:21:10Z,2026-08-16T01:21:10+0200,30cb418c-e56a-40a4-8689-fc8db64f26d1,2026-08-08T06:30:00Z,2026-08-08T08:30:00+0200,45809.99578,MW,DE,DE_LU,actual_load,Actual Load,2026-08-15T23:22:55Z
2026-08-15T23:21:10Z,2026-08-16T01:21:10+0200,30cb418c-e56a-40a4-8689-fc8db64f26d1,2026-08-08T06:45:00Z,2026-08-08T08:45:00+0200,46080.84154,MW,DE,DE_LU,actual_load,Actual Load,2026-08-15T23:22:55Z
2026-08-15T23:21:10Z,2026-08-16T01:21:10+0200,30cb418c-e56a-40a4-8689-fc8db64f26d1,2026-08-08T07:00:00Z,2026-08-08T09:00:00+0200,45395.29352,MW,DE,DE_LU,actual_load,Actual Load,2026-08-15T23:22:55Z
2026-08-15T23:21:10Z,2026-08-16T01:21:10+0200,30cb418c-e56a-40a4-8689-fc8db64f26d1,2026-08-08T07:15:00Z,2026-08-08T09:15:00+0200,45412.36311,MW,DE,DE_LU,actual_load,Actual Load,2026-08-15T23:22:55Z
2026-08-15T23:21:10Z,2026-08-16T01:21:10+0200,30cb418c-e56a-40a4-8689-fc8db64f26d1,2026-08-08T07:30:00Z,2026-08-08T09:30:00+0200,45934.73803,MW,DE,DE_LU,actual_load,Actual Load,2026-08-15T23:22:55Z
2026-08-15T23:21:10Z,2026-08-16T01:21:10+0200,30cb418c-e56a-40a4-8689-fc8db64f26d1,2026-08-08T07:45:00Z,2026-08-08T09:45:00+0200,46109.33091,MW,DE,DE_LU,actual_load,Actual Load,2026-08-15T23:22:55Z
2026-08-15T23:21:10Z,2026-08-16T01:21:10+0200,30cb418c-e56a-40a4-8689-fc8db64f26d1,2026-08-08T08:00:00Z,2026-08-08T10:00:00+0200,45755.97869,MW,DE,DE_LU,actual_load,Actual Load,2026-08-15T23:22:55Z
2026-08-15T23:21:10Z,2026-08-16T01:21:10+0200,30cb418c-e56a-40a4-8689-fc8db64f26d1,2026-08-08T08:15:00Z,2026-08-08T10:15:00+0200,45570.48324,MW,DE,DE_LU,actual_load,Actual Load,2026-08-15T23:22:55Z
2026-08-15T23:21:10Z,2026-08-16T01:21:10+0200,30cb418c-e56a-40a4-8689-fc8db64f26d1,2026-08-08T08:30:00Z,2026-08-08T10:30:00+0200,45604.93186,MW,DE,DE_LU,actual_load,Actual Load,2026-08-15T23:22:55Z
2026-08-15T23:21:10Z,2026-08-16T01:21:10+0200,30cb418c-e56a-40a4-8689-fc8db64f26d1,2026-08-08T08:45:00Z,2026-08-08T10:45:00+0200,45916.30844,MW,DE,DE_LU,actual_load,Actual Load,2026-08-15T23:22:55Z
2026-08-15T23:21:10Z,2026-08-16T01:21:10+0200,30cb418c-e56a-40a4-8689-fc8db64f26d1,2026-08-08T09:00:00Z,2026-08-08T11:00:00+0200,46482.77171,MW,DE,DE_LU,actual_load,Actual Load,2026-08-15T23:22:55Z
2026-08-15T23:21:10Z,2026-08-16T01:21:10+0200,30cb418c-e56a-40a4-8689-fc8db64f26d1,2026-08-08T09:15:00Z,2026-08-08T11:15:00+0200,46862.18428,MW,DE,DE_LU,actual_load,Actual Load,2026-08-15T23:22:55Z
2026-08-15T23:21:10Z,2026-08-16T01:21:10+0200,30cb418c-e56a-40a4-8689-fc8db64f26d1,2026-08-08T09:30:00Z,2026-08-08T11:30:00+0200,47218.16175,MW,DE,DE_LU,actual_load,Actual Load,2026-08-15T23:22:55Z
2026-08-15T23:21:10Z,2026-08-16T01:21:10+0200,30cb418c-e56a-40a4-8689-fc8db64f26d1,2026-08-08T09:45:00Z,2026-08-08T11:45:00+0200,46747.09516,MW,DE,DE_LU,actual_load,Actual Load,2026-08-15T23:22:55Z
2026-08-15T23:21:10Z,2026-08-16T01:21:10+0200,30cb418c-e56a-40a4-8689-fc8db64f26d1,2026-08-08T10:00:00Z,2026-08-08T12:00:00+0200,46186.0487,MW,DE,DE_LU,actual_load,Actual Load,2026-08-15T23:22:55Z
2026-08-15T23:21:10Z,2026-08-16T01:21:10+0200,30cb418c-e56a-40a4-8689-fc8db64f26d1,2026-08-08T10:15:00Z,2026-08-08T12:15:00+0200,46011.60745,MW,DE,DE_LU,actual_load,Actual Load,2026-08-15T23:22:55Z
2026-08-15T23:21:10Z,2026-08-16T01:21:10+0200,30cb418c-e56a-40a4-8689-fc8db64f26d1,2026-08-08T10:30:00Z,2026-08-08T12:30:00+0200,46019.95872,MW,DE,DE_LU,actual_load,Actual Load,2026-08-15T23:22:55Z
2026-08-15T23:21:10Z,2026-08-16T01:21:10+0200,30cb418c-e56a-40a4-8689-fc8db64f26d1,2026-08-08T10:45:00Z,2026-08-08T12:45:00+0200,45911.8313,MW,DE,DE_LU,actual_load,Actual Load,2026-08-15T23:22:55Z
2026-08-15T23:21:10Z,2026-08-16T01:21:10+0200,30cb418c-e56a-40a4-8689-fc8db64f26d1,2026-08-08T11:00:00Z,2026-08-08T13:00:00+0200,45373.9718,MW,DE,DE_LU,actual_load,Actual Load,2026-08-15T23:22:55Z
2026-08-15T23:21:10Z,2026-08-16T01:21:10+0200,30cb418c-e56a-40a4-8689-fc8db64f26d1,2026-08-08T11:15:00Z,2026-08-08T13:15:00+0200,45181.79736,MW,DE,DE_LU,actual_load,Actual Load,2026-08-15T23:22:55Z
2026-08-15T23:21:10Z,2026-08-16T01:21:10+0200,30cb418c-e56a-40a4-8689-fc8db64f26d1,2026-08-08T11:30:00Z,2026-08-08T13:30:00+0200,45055.43876,MW,DE,DE_LU,actual_load,Actual Load,2026-08-15T23:22:55Z
2026-08-15T23:21:10Z,2026-08-16T01:21:10+0200,30cb418c-e56a-40a4-8689-fc8db64f26d1,2026-08-08T11:45:00Z,2026-08-08T13:45:00+0200,44945.96607,MW,DE,DE_LU,actual_load,Actual Load,2026-08-15T23:22:55Z
2026-08-15T23:21:10Z,2026-08-16T01:21:10+0200,30cb418c-e56a-40a4-8689-fc8db64f26d1,2026-08-08T12:00:00Z,2026-08-08T14:00:00+0200,44648.54674,MW,DE,DE_LU,actual_load,Actual Load,2026-08-15T23:22:55Z
2026-08-15T23:21:10Z,2026-08-16T01:21:10+0200,30cb418c-e56a-40a4-8689-fc8db64f26d1,2026-08-08T12:15:00Z,2026-08-08T14:15:00+0200,44170.26183,MW,DE,DE_LU,actual_load,Actual Load,2026-08-15T23:22:55Z
2026-08-15T23:21:10Z,2026-08-16T01:21:10+0200,30cb418c-e56a-40a4-8689-fc8db64f26d1,2026-08-08T12:30:00Z,2026-08-08T14:30:00+0200,44057.73508,MW,DE,DE_LU,actual_load,Actual Load,2026-08-15T23:22:55Z
2026-08-15T23:21:10Z,2026-08-16T01:21:10+0200,30cb418c-e56a-40a4-8689-fc8db64f26d1,2026-08-08T12:45:00Z,2026-08-08T14:45:00+0200,43790.64509,MW,DE,DE_LU,actual_load,Actual Load,2026-08-15T23:22:55Z
2026-08-15T23:21:10Z,2026-08-16T01:21:10+0200,30cb418c-e56a-40a4-8689-fc8db64f26d1,2026-08-08T13:00:00Z,2026-08-08T15:00:00+0200,43592.37634,MW,DE,DE_LU,actual_load,Actual Load,2026-08-15T23:22:55Z
2026-08-15T23:21:10Z,2026-08-16T01:21:10+0200,30cb418c-e56a-40a4-8689-fc8db64f26d1,2026-08-08T13:15:00Z,2026-08-08T15:15:00+0200,43642.89196,MW,DE,DE_LU,actual_load,Actual Load,2026-08-15T23:22:55Z
2026-08-15T23:21:10Z,2026-08-16T01:21:10+0200,30cb418c-e56a-40a4-8689-fc8db64f26d1,2026-08-08T13:30:00Z,2026-08-08T15:30:00+0200,43592.66589,MW,DE,DE_LU,actual_load,Actual Load,2026-08-15T23:22:55Z
2026-08-15T23:21:10Z,2026-08-16T01:21:10+0200,30cb418c-e56a-40a4-8689-fc8db64f26d1,2026-08-08T13:45:00Z,2026-08-08T15:45:00+0200,43178.38907,MW,DE,DE_LU,actual_load,Actual Load,2026-08-15T23:22:55Z
2026-08-15T23:21:10Z,2026-08-16T01:21:10+0200,30cb418c-e56a-40a4-8689-fc8db64f26d1,2026-08-08T14:00:00Z,2026-08-08T16:00:00+0200,44050.57748,MW,DE,DE_LU,actual_load,Actual Load,2026-08-15T23:22:55Z
2026-08-15T23:21:10Z,2026-08-16T01:21:10+0200,30cb418c-e56a-40a4-8689-fc8db64f26d1,2026-08-08T14:15:00Z,2026-08-08T16:15:00+0200,43520.26112,MW,DE,DE_LU,actual_load,Actual Load,2026-08-15T23:22:55Z
2026-08-15T23:21:10Z,2026-08-16T01:21:10+0200,30cb418c-e56a-40a4-8689-fc8db64f26d1,2026-08-08T14:30:00Z,2026-08-08T16:30:00+0200,44260.80064,MW,DE,DE_LU,actual_load,Actual Load,2026-08-15T23:22:55Z
2026-08-15T23:21:10Z,2026-08-16T01:21:10+0200,30cb418c-e56a-40a4-8689-fc8db64f26d1,2026-08-08T14:45:00Z,2026-08-08T16:45:00+0200,43616.21977,MW,DE,DE_LU,actual_load,Actual Load,2026-08-15T23:22:55Z
2026-08-15T23:21:10Z,2026-08-16T01:21:10+0200,30cb418c-e56a-40a4-8689-fc8db64f26d1,2026-08-08T15:00:00Z,2026-08-08T17:00:00+0200,43914.64503,MW,DE,DE_LU,actual_load,Actual Load,2026-08-15T23:22:55Z
2026-08-15T23:21:10Z,2026-08-16T01:21:10+0200,30cb418c-e56a-40a4-8689-fc8db64f26d1,2026-08-08T15:15:00Z,2026-08-08T17:15:00+0200,44291.2962,MW,DE,DE_LU,actual_load,Actual Load,2026-08-15T23:22:55Z
2026-08-15T23:21:10Z,2026-08-16T01:21:10+0200,30cb418c-e56a-40a4-8689-fc8db64f26d1,2026-08-08T15:30:00Z,2026-08-08T17:30:00+0200,44727.07553,MW,DE,DE_LU,actual_load,Actual Load,2026-08-15T23:22:55Z
2026-08-15T23:21:10Z,2026-08-16T01:21:10+0200,30cb418c-e56a-40a4-8689-fc8db64f26d1,2026-08-08T15:45:00Z,2026-08-08T17:45:00+0200,45196.20098,MW,DE,DE_LU,actual_load,Actual Load,2026-08-15T23:22:55Z
2026-08-15T23:21:10Z,2026-08-16T01:21:10+0200,30cb418c-e56a-40a4-8689-fc8db64f26d1,2026-08-08T16:00:00Z,2026-08-08T18:00:00+0200,45877.54752,MW,DE,DE_LU,actual_load,Actual Load,2026-08-15T23:22:55Z
2026-08-15T23:21:10Z,2026-08-16T01:21:10+0200,30cb418c-e56a-40a4-8689-fc8db64f26d1,2026-08-08T16:15:00Z,2026-08-08T18:15:00+0200,45540.56896,MW,DE,DE_LU,actual_load,Actual Load,2026-08-15T23:22:55Z
2026-08-15T23:21:10Z,2026-08-16T01:21:10+0200,30cb418c-e56a-40a4-8689-fc8db64f26d1,2026-08-08T16:30:00Z,2026-08-08T18:30:00+0200,46142.44811,MW,DE,DE_LU,actual_load,Actual Load,2026-08-15T23:22:55Z
2026-08-15T23:21:10Z,2026-08-16T01:21:10+0200,30cb418c-e56a-40a4-8689-fc8db64f26d1,2026-08-08T16:45:00Z,2026-08-08T18:45:00+0200,46034.20069,MW,DE,DE_LU,actual_load,Actual Load,2026-08-15T23:22:55Z
2026-08-15T23:21:10Z,2026-08-16T01:21:10+0200,30cb418c-e56a-40a4-8689-fc8db64f26d1,2026-08-08T17:00:00Z,2026-08-08T19:00:00+0200,47656.5551,MW,DE,DE_LU,actual_load,Actual Load,2026-08-15T23:22:55Z
2026-08-15T23:21:10Z,2026-08-16T01:21:10+0200,30cb418c-e56a-40a4-8689-fc8db64f26d1,2026-08-08T17:15:00Z,2026-08-08T19:15:00+0200,47347.19711,MW,DE,DE_LU,actual_load,Actual Load,2026-08-15T23:22:55Z
2026-08-15T23:21:10Z,2026-08-16T01:21:10+0200,30cb418c-e56a-40a4-8689-fc8db64f26d1,2026-08-08T17:30:00Z,2026-08-08T19:30:00+0200,47364.67499,MW,DE,DE_LU,actual_load,Actual Load,2026-08-15T23:22:55Z
2026-08-15T23:21:10Z,2026-08-16T01:21:10+0200,30cb418c-e56a-40a4-8689-fc8db64f26d1,2026-08-08T17:45:00Z,2026-08-08T19:45:00+0200,46390.61929,MW,DE,DE_LU,actual_load,Actual Load,2026-08-15T23:22:55Z
2026-08-15T23:21:10Z,2026-08-16T01:21:10+0200,30cb418c-e56a-40a4-8689-fc8db64f26d1,2026-08-08T18:00:00Z,2026-08-08T20:00:00+0200,46926.47661,MW,DE,DE_LU,actual_load,Actual Load,2026-08-15T23:22:55Z
2026-08-15T23:21:10Z,2026-08-16T01:21:10+0200,30cb418c-e56a-40a4-8689-fc8db64f26d1,2026-08-08T18:15:00Z,2026-08-08T20:15:00+0200,46311.7164,MW,DE,DE_LU,actual_load,Actual Load,2026-08-15T23:22:55Z
2026-08-15T23:21:10Z,2026-08-16T01:21:10+0200,30cb418c-e56a-40a4-8689-fc8db64f26d1,2026-08-08T18:30:00Z,2026-08-08T20:30:00+0200,45565.45028,MW,DE,DE_LU,actual_load,Actual Load,2026-08-15T23:22:55Z
2026-08-15T23:21:10Z,2026-08-16T01:21:10+0200,30cb418c-e56a-40a4-8689-fc8db64f26d1,2026-08-08T18:45:00Z,2026-08-08T20:45:00+0200,44473.47716,MW,DE,DE_LU,actual_load,Actual Load,2026-08-15T23:22:55Z
2026-08-15T23:21:10Z,2026-08-16T01:21:10+0200,30cb418c-e56a-40a4-8689-fc8db64f26d1,2026-08-08T19:00:00Z,2026-08-08T21:00:00+0200,44475.6991,MW,DE,DE_LU,actual_load,Actual Load,2026-08-15T23:22:55Z
2026-08-15T23:21:10Z,2026-08-16T01:21:10+0200,30cb418c-e56a-40a4-8689-fc8db64f26d1,2026-08-08T19:15:00Z,2026-08-08T21:15:00+0200,44055.1002,MW,DE,DE_LU,actual_load,Actual Load,2026-08-15T23:22:55Z
2026-08-15T23:21:10Z,2026-08-16T01:21:10+0200,30cb418c-e56a-40a4-8689-fc8db64f26d1,2026-08-08T19:30:00Z,2026-08-08T21:30:00+0200,43385.01567,MW,DE,DE_LU,actual_load,Actual Load,2026-08-15T23:22:55Z
2026-08-15T23:21:10Z,2026-08-16T01:21:10+0200,30cb418c-e56a-40a4-8689-fc8db64f26d1,2026-08-08T19:45:00Z,2026-08-08T21:45:00+0200,43220.97458,MW,DE,DE_LU,actual_load,Actual Load,2026-08-15T23:22:55Z
2026-08-15T23:21:10Z,2026-08-16T01:21:10+0200,30cb418c-e56a-40a4-8689-fc8db64f26d1,2026-08-08T20:00:00Z,2026-08-08T22:00:00+0200,42397.90719,MW,DE,DE_LU,actual_load,Actual Load,2026-08-15T23:22:55Z
2026-08-15T23:21:10Z,2026-08-16T01:21:10+0200,30cb418c-e56a-40a4-8689-fc8db64f26d1,2026-08-08T20:15:00Z,2026-08-08T22:15:00+0200,41786.64223,MW,DE,DE_LU,actual_load,Actual Load,2026-08-15T23:22:55Z
2026-08-15T23:21:10Z,2026-08-16T01:21:10+0200,30cb418c-e56a-40a4-8689-fc8db64f26d1,2026-08-08T20:30:00Z,2026-08-08T22:30:00+0200,41600.88567,MW,DE,DE_LU,actual_load,Actual Load,2026-08-15T23:22:55Z
2026-08-15T23:21:10Z,2026-08-16T01:21:10+0200,30cb418c-e56a-40a4-8689-fc8db64f26d1,2026-08-08T20:45:00Z,2026-08-08T22:45:00+0200,40890.22452,MW,DE,DE_LU,actual_load,Actual Load,2026-08-15T23:22:55Z
2026-08-15T23:21:10Z,2026-08-16T01:21:10+0200,30cb418c-e56a-40a4-8689-fc8db64f26d1,2026-08-08T21:00:00Z,2026-08-08T23:00:00+0200,40054.17157,MW,DE,DE_LU,actual_load,Actual Load,2026-08-15T23:22:55Z
2026-08-15T23:21:10Z,2026-08-16T01:21:10+0200,30cb418c-e56a-40a4-8689-fc8db64f26d1,2026-08-08T21:15:00Z,2026-08-08T23:15:00+0200,39790.53978,MW,DE,DE_LU,actual_load,Actual Load,2026-08-15T23:22:55Z
2026-08-15T23:21:10Z,2026-08-16T01:21:10+0200,30cb418c-e56a-40a4-8689-fc8db64f26d1,2026-08-08T21:30:00Z,2026-08-08T23:30:00+0200,39821.40989,MW,DE,DE_LU,actual_load,Actual Load,2026-08-15T23:22:55Z
2026-08-15T23:21:10Z,2026-08-16T01:21:10+0200,30cb418c-e56a-40a4-8689-fc8db64f26d1,2026-08-08T21:45:00Z,2026-08-08T23:45:00+0200,39478.6224,MW,DE,DE_LU,actual_load,Actual Load,2026-08-15T23:22:55Z
2026-08-15T23:21:10Z,2026-08-16T01:21:10+0200,30cb418c-e56a-40a4-8689-fc8db64f26d1,2026-08-08T22:00:00Z,2026-08-09T00:00:00+0200,38437.53487,MW,DE,DE_LU,actual_load,Actual Load,2026-08-15T23:22:55Z
2026-08-15T23:21:10Z,2026-08-16T01:21:10+0200,30cb418c-e56a-40a4-8689-fc8db64f26d1,2026-08-08T22:15:00Z,2026-08-09T00:15:00+0200,37866.36099,MW,DE,DE_LU,actual_load,Actual Load,2026-08-15T23:22:55Z
2026-08-15T23:21:10Z,2026-08-16T01:21:10+0200,30cb418c-e56a-40a4-8689-fc8db64f26d1,2026-08-08T22:30:00Z,2026-08-09T00:30:00+0200,37848.61152,MW,DE,DE_LU,actual_load,Actual Load,2026-08-15T23:22:55Z
2026-08-15T23:21:10Z,2026-08-16T01:21:10+0200,30cb418c-e56a-40a4-8689-fc8db64f26d1,2026-08-08T22:45:00Z,2026-08-09T00:45:00+0200,37345.33816,MW,DE,DE_LU,actual_load,Actual Load,2026-08-15T23:22:55Z
2026-08-15T23:21:10Z,2026-08-16T01:21:10+0200,30cb418c-e56a-40a4-8689-fc8db64f26d1,2026-08-08T23:00:00Z,2026-08-09T01:00:00+0200,36682.84356,MW,DE,DE_LU,actual_load,Actual Load,2026-08-15T23:22:55Z
2026-08-15T23:21:10Z,2026-08-16T01:21:10+0200,30cb418c-e56a-40a4-8689-fc8db64f26d1,2026-08-08T23:15:00Z,2026-08-09T01:15:00+0200,36968.16572,MW,DE,DE_LU,actual_load,Actual Load,2026-08-15T23:22:55Z
2026-08-15T23:21:10Z,2026-08-16T01:21:10+0200,30cb418c-e56a-40a4-8689-fc8db64f26d1,2026-08-08T23:30:00Z,2026-08-09T01:30:00+0200,37279.15549,MW,DE,DE_LU,actual_load,Actual Load,2026-08-15T23:22:55Z
2026-08-15T23:21:10Z,2026-08-16T01:21:10+0200,30cb418c-e56a-40a4-8689-fc8db64f26d1,2026-08-08T23:45:00Z,2026-08-09T01:45:00+0200,36926.58009,MW,DE,DE_LU,actual_load,Actual Load,2026-08-15T23:22:55Z
2026-08-15T23:21:10Z,2026-08-16T01:21:10+0200,30cb418c-e56a-40a4-8689-fc8db64f26d1,2026-08-09T00:00:00Z,2026-08-09T02:00:00+0200,36124.05183,MW,DE,DE_LU,actual_load,Actual Load,2026-08-15T23:22:55Z
2026-08-15T23:21:10Z,2026-08-16T01:21:10+0200,30cb418c-e56a-40a4-8689-fc8db64f26d1,2026-08-09T00:15:00Z,2026-08-09T02:15:00+0200,36094.40244,MW,DE,DE_LU,actual_load,Actual Load,2026-08-15T23:22:55Z
2026-08-15T23:21:10Z,2026-08-16T01:21:10+0200,30cb418c-e56a-40a4-8689-fc8db64f26d1,2026-08-09T00:30:00Z,2026-08-09T02:30:00+0200,36036.71261,MW,DE,DE_LU,actual_load,Actual Load,2026-08-15T23:22:55Z
2026-08-15T23:21:10Z,2026-08-16T01:21:10+0200,30cb418c-e56a-40a4-8689-fc8db64f26d1,2026-08-09T00:45:00Z,2026-08-09T02:45:00+0200,36227.30497,MW,DE,DE_LU,actual_load,Actual Load,2026-08-15T23:22:55Z
2026-08-15T23:21:10Z,2026-08-16T01:21:10+0200,30cb418c-e56a-40a4-8689-fc8db64f26d1,2026-08-09T01:00:00Z,2026-08-09T03:00:00+0200,35650.55081,MW,DE,DE_LU,actual_load,Actual Load,2026-08-15T23:22:55Z
2026-08-15T23:21:10Z,2026-08-16T01:21:10+0200,30cb418c-e56a-40a4-8689-fc8db64f26d1,2026-08-09T01:15:00Z,2026-08-09T03:15:00+0200,35725.73376,MW,DE,DE_LU,actual_load,Actual Load,2026-08-15T23:22:55Z
2026-08-15T23:21:10Z,2026-08-16T01:21:10+0200,30cb418c-e56a-40a4-8689-fc8db64f26d1,2026-08-09T01:30:00Z,2026-08-09T03:30:00+0200,35482.35654,MW,DE,DE_LU,actual_load,Actual Load,2026-08-15T23:22:55Z
2026-08-15T23:21:10Z,2026-08-16T01:21:10+0200,30cb418c-e56a-40a4-8689-fc8db64f26d1,2026-08-09T01:45:00Z,2026-08-09T03:45:00+0200,35479.77155,MW,DE,DE_LU,actual_load,Actual Load,2026-08-15T23:22:55Z
2026-08-15T23:21:10Z,2026-08-16T01:21:10+0200,30cb418c-e56a-40a4-8689-fc8db64f26d1,2026-08-09T02:00:00Z,2026-08-09T04:00:00+0200,35654.34934,MW,DE,DE_LU,actual_load,Actual Load,2026-08-15T23:22:55Z
2026-08-15T23:21:10Z,2026-08-16T01:21:10+0200,30cb418c-e56a-40a4-8689-fc8db64f26d1,2026-08-09T02:15:00Z,2026-08-09T04:15:00+0200,35687.09582,MW,DE,DE_LU,actual_load,Actual Load,2026-08-15T23:22:55Z
2026-08-15T23:21:10Z,2026-08-16T01:21:10+0200,30cb418c-e56a-40a4-8689-fc8db64f26d1,2026-08-09T02:30:00Z,2026-08-09T04:30:00+0200,35633.35358,MW,DE,DE_LU,actual_load,Actual Load,2026-08-15T23:22:55Z
2026-08-15T23:21:10Z,2026-08-16T01:21:10+0200,30cb418c-e56a-40a4-8689-fc8db64f26d1,2026-08-09T02:45:00Z,2026-08-09T04:45:00+0200,35816.37182,MW,DE,DE_LU,actual_load,Actual Load,2026-08-15T23:22:55Z
2026-08-15T23:21:10Z,2026-08-16T01:21:10+0200,30cb418c-e56a-40a4-8689-fc8db64f26d1,2026-08-09T03:00:00Z,2026-08-09T05:00:00+0200,35696.9721,MW,DE,DE_LU,actual_load,Actual Load,2026-08-15T23:22:55Z
2026-08-15T23:21:10Z,2026-08-16T01:21:10+0200,30cb418c-e56a-40a4-8689-fc8db64f26d1,2026-08-09T03:15:00Z,2026-08-09T05:15:00+0200,35736.84736,MW,DE,DE_LU,actual_load,Actual Load,2026-08-15T23:22:55Z
2026-08-15T23:21:10Z,2026-08-16T01:21:10+0200,30cb418c-e56a-40a4-8689-fc8db64f26d1,2026-08-09T03:30:00Z,2026-08-09T05:30:00+0200,35685.49292,MW,DE,DE_LU,actual_load,Actual Load,2026-08-15T23:22:55Z
2026-08-15T23:21:10Z,2026-08-16T01:21:10+0200,30cb418c-e56a-40a4-8689-fc8db64f26d1,2026-08-09T03:45:00Z,2026-08-09T05:45:00+0200,35659.94775,MW,DE,DE_LU,actual_load,Actual Load,2026-08-15T23:22:55Z
2026-08-15T23:21:10Z,2026-08-16T01:21:10+0200,30cb418c-e56a-40a4-8689-fc8db64f26d1,2026-08-09T04:00:00Z,2026-08-09T06:00:00+0200,35673.60106,MW,DE,DE_LU,actual_load,Actual Load,2026-08-15T23:22:55Z
2026-08-15T23:21:10Z,2026-08-16T01:21:10+0200,30cb418c-e56a-40a4-8689-fc8db64f26d1,2026-08-09T04:15:00Z,2026-08-09T06:15:00+0200,36216.29701,MW,DE,DE_LU,actual_load,Actual Load,2026-08-15T23:22:55Z
2026-08-15T23:21:10Z,2026-08-16T01:21:10+0200,30cb418c-e56a-40a4-8689-fc8db64f26d1,2026-08-09T04:30:00Z,2026-08-09T06:30:00+0200,36381.53682,MW,DE,DE_LU,actual_load,Actual Load,2026-08-15T23:22:55Z
2026-08-15T23:21:10Z,2026-08-16T01:21:10+0200,30cb418c-e56a-40a4-8689-fc8db64f26d1,2026-08-09T04:45:00Z,2026-08-09T06:45:00+0200,36904.93726,MW,DE,DE_LU,actual_load,Actual Load,2026-08-15T23:22:55Z
2026-08-15T23:21:10Z,2026-08-16T01:21:10+0200,30cb418c-e56a-40a4-8689-fc8db64f26d1,2026-08-09T05:00:00Z,2026-08-09T07:00:00+0200,37263.26289,MW,DE,DE_LU,actual_load,Actual Load,2026-08-15T23:22:55Z
2026-08-15T23:21:10Z,2026-08-16T01:21:10+0200,30cb418c-e56a-40a4-8689-fc8db64f26d1,2026-08-09T05:15:00Z,2026-08-09T07:15:00+0200,37670.99402,MW,DE,DE_LU,actual_load,Actual Load,2026-08-15T23:22:55Z
2026-08-15T23:21:10Z,2026-08-16T01:21:10+0200,30cb418c-e56a-40a4-8689-fc8db64f26d1,2026-08-09T05:30:00Z,2026-08-09T07:30:00+0200,38634.42218,MW,DE,DE_LU,actual_load,Actual Load,2026-08-15T23:22:55Z
2026-08-15T23:21:10Z,2026-08-16T01:21:10+0200,30cb418c-e56a-40a4-8689-fc8db64f26d1,2026-08-09T05:45:00Z,2026-08-09T07:45:00+0200,39273.80936,MW,DE,DE_LU,actual_load,Actual Load,2026-08-15T23:22:55Z
2026-08-15T23:21:10Z,2026-08-16T01:21:10+0200,30cb418c-e56a-40a4-8689-fc8db64f26d1,2026-08-09T06:00:00Z,2026-08-09T08:00:00+0200,39020.76542,MW,DE,DE_LU,actual_load,Actual Load,2026-08-15T23:22:55Z
2026-08-15T23:21:10Z,2026-08-16T01:21:10+0200,30cb418c-e56a-40a4-8689-fc8db64f26d1,2026-08-09T06:15:00Z,2026-08-09T08:15:00+0200,39638.76275,MW,DE,DE_LU,actual_load,Actual Load,2026-08-15T23:22:55Z
2026-08-15T23:21:10Z,2026-08-16T01:21:10+0200,30cb418c-e56a-40a4-8689-fc8db64f26d1,2026-08-09T06:30:00Z,2026-08-09T08:30:00+0200,40676.95273,MW,DE,DE_LU,actual_load,Actual Load,2026-08-15T23:22:55Z
2026-08-15T23:21:10Z,2026-08-16T01:21:10+0200,30cb418c-e56a-40a4-8689-fc8db64f26d1,2026-08-09T06:45:00Z,2026-08-09T08:45:00+0200,41732.6735,MW,DE,DE_LU,actual_load,Actual Load,2026-08-15T23:22:55Z
2026-08-15T23:21:10Z,2026-08-16T01:21:10+0200,30cb418c-e56a-40a4-8689-fc8db64f26d1,2026-08-09T07:00:00Z,2026-08-09T09:00:00+0200,41548.435,MW,DE,DE_LU,actual_load,Actual Load,2026-08-15T23:22:55Z
2026-08-15T23:21:10Z,2026-08-16T01:21:10+0200,30cb418c-e56a-40a4-8689-fc8db64f26d1,2026-08-09T07:15:00Z,2026-08-09T09:15:00+0200,42214.95736,MW,DE,DE_LU,actual_load,Actual Load,2026-08-15T23:22:55Z
2026-08-15T23:21:10Z,2026-08-16T01:21:10+0200,30cb418c-e56a-40a4-8689-fc8db64f26d1,2026-08-09T07:30:00Z,2026-08-09T09:30:00+0200,42192.90448,MW,DE,DE_LU,actual_load,Actual Load,2026-08-15T23:22:55Z
2026-08-15T23:21:10Z,2026-08-16T01:21:10+0200,30cb418c-e56a-40a4-8689-fc8db64f26d1,2026-08-09T07:45:00Z,2026-08-09T09:45:00+0200,42334.70779,MW,DE,DE_LU,actual_load,Actual Load,2026-08-15T23:22:55Z
2026-08-15T23:21:10Z,2026-08-16T01:21:10+0200,30cb418c-e56a-40a4-8689-fc8db64f26d1,2026-08-09T08:00:00Z,2026-08-09T10:00:00+0200,42585.57711,MW,DE,DE_LU,actual_load,Actual Load,2026-08-15T23:22:55Z
2026-08-15T23:21:10Z,2026-08-16T01:21:10+0200,30cb418c-e56a-40a4-8689-fc8db64f26d1,2026-08-09T08:15:00Z,2026-08-09T10:15:00+0200,42747.26825,MW,DE,DE_LU,actual_load,Actual Load,2026-08-15T23:22:55Z
2026-08-15T23:21:10Z,2026-08-16T01:21:10+0200,30cb418c-e56a-40a4-8689-fc8db64f26d1,2026-08-09T08:30:00Z,2026-08-09T10:30:00+0200,42733.25882,MW,DE,DE_LU,actual_load,Actual Load,2026-08-15T23:22:55Z
2026-08-15T23:21:10Z,2026-08-16T01:21:10+0200,30cb418c-e56a-40a4-8689-fc8db64f26d1,2026-08-09T08:45:00Z,2026-08-09T10:45:00+0200,43385.01287,MW,DE,DE_LU,actual_load,Actual Load,2026-08-15T23:22:55Z
2026-08-15T23:21:10Z,2026-08-16T01:21:10+0200,30cb418c-e56a-40a4-8689-fc8db64f26d1,2026-08-09T09:00:00Z,2026-08-09T11:00:00+0200,44113.91204,MW,DE,DE_LU,actual_load,Actual Load,2026-08-15T23:22:55Z
2026-08-15T23:21:10Z,2026-08-16T01:21:10+0200,30cb418c-e56a-40a4-8689-fc8db64f26d1,2026-08-09T09:15:00Z,2026-08-09T11:15:00+0200,43985.07558,MW,DE,DE_LU,actual_load,Actual Load,2026-08-15T23:22:55Z
2026-08-15T23:21:10Z,2026-08-16T01:21:10+0200,30cb418c-e56a-40a4-8689-fc8db64f26d1,2026-08-09T09:30:00Z,2026-08-09T11:30:00+0200,44508.2655,MW,DE,DE_LU,actual_load,Actual Load,2026-08-15T23:22:55Z
2026-08-15T23:21:10Z,2026-08-16T01:21:10+0200,30cb418c-e56a-40a4-8689-fc8db64f26d1,2026-08-09T09:45:00Z,2026-08-09T11:45:00+0200,44392.09607,MW,DE,DE_LU,actual_load,Actual Load,2026-08-15T23:22:55Z
2026-08-15T23:21:10Z,2026-08-16T01:21:10+0200,30cb418c-e56a-40a4-8689-fc8db64f26d1,2026-08-09T10:00:00Z,2026-08-09T12:00:00+0200,44060.60845,MW,DE,DE_LU,actual_load,Actual Load,2026-08-15T23:22:55Z
2026-08-15T23:21:10Z,2026-08-16T01:21:10+0200,30cb418c-e56a-40a4-8689-fc8db64f26d1,2026-08-09T10:15:00Z,2026-08-09T12:15:00+0200,44003.6906,MW,DE,DE_LU,actual_load,Actual Load,2026-08-15T23:22:55Z
2026-08-15T23:21:10Z,2026-08-16T01:21:10+0200,30cb418c-e56a-40a4-8689-fc8db64f26d1,2026-08-09T10:30:00Z,2026-08-09T12:30:00+0200,43654.62089,MW,DE,DE_LU,actual_load,Actual Load,2026-08-15T23:22:55Z
2026-08-15T23:21:10Z,2026-08-16T01:21:10+0200,30cb418c-e56a-40a4-8689-fc8db64f26d1,2026-08-09T10:45:00Z,2026-08-09T12:45:00+0200,43411.61478,MW,DE,DE_LU,actual_load,Actual Load,2026-08-15T23:22:55Z
2026-08-15T23:21:10Z,2026-08-16T01:21:10+0200,30cb418c-e56a-40a4-8689-fc8db64f26d1,2026-08-09T11:00:00Z,2026-08-09T13:00:00+0200,43258.15206,MW,DE,DE_LU,actual_load,Actual Load,2026-08-15T23:22:55Z
2026-08-15T23:21:10Z,2026-08-16T01:21:10+0200,30cb418c-e56a-40a4-8689-fc8db64f26d1,2026-08-09T11:15:00Z,2026-08-09T13:15:00+0200,43356.55967,MW,DE,DE_LU,actual_load,Actual Load,2026-08-15T23:22:55Z
2026-08-15T23:21:10Z,2026-08-16T01:21:10+0200,30cb418c-e56a-40a4-8689-fc8db64f26d1,2026-08-09T11:30:00Z,2026-08-09T13:30:00+0200,42993.61111,MW,DE,DE_LU,actual_load,Actual Load,2026-08-15T23:22:55Z
2026-08-15T23:21:10Z,2026-08-16T01:21:10+0200,30cb418c-e56a-40a4-8689-fc8db64f26d1,2026-08-09T11:45:00Z,2026-08-09T13:45:00+0200,42669.48207,MW,DE,DE_LU,actual_load,Actual Load,2026-08-15T23:22:55Z
2026-08-15T23:21:10Z,2026-08-16T01:21:10+0200,30cb418c-e56a-40a4-8689-fc8db64f26d1,2026-08-09T12:00:00Z,2026-08-09T14:00:00+0200,41794.51167,MW,DE,DE_LU,actual_load,Actual Load,2026-08-15T23:22:55Z
2026-08-15T23:21:10Z,2026-08-16T01:21:10+0200,30cb418c-e56a-40a4-8689-fc8db64f26d1,2026-08-09T12:15:00Z,2026-08-09T14:15:00+0200,41059.90146,MW,DE,DE_LU,actual_load,Actual Load,2026-08-15T23:22:55Z
2026-08-15T23:21:10Z,2026-08-16T01:21:10+0200,30cb418c-e56a-40a4-8689-fc8db64f26d1,2026-08-09T12:30:00Z,2026-08-09T14:30:00+0200,41022.87458,MW,DE,DE_LU,actual_load,Actual Load,2026-08-15T23:22:55Z
2026-08-15T23:21:10Z,2026-08-16T01:21:10+0200,30cb418c-e56a-40a4-8689-fc8db64f26d1,2026-08-09T12:45:00Z,2026-08-09T14:45:00+0200,40699.55081,MW,DE,DE_LU,actual_load,Actual Load,2026-08-15T23:22:55Z
2026-08-15T23:21:10Z,2026-08-16T01:21:10+0200,30cb418c-e56a-40a4-8689-fc8db64f26d1,2026-08-09T13:00:00Z,2026-08-09T15:00:00+0200,40596.43525,MW,DE,DE_LU,actual_load,Actual Load,2026-08-15T23:22:55Z
2026-08-15T23:21:10Z,2026-08-16T01:21:10+0200,30cb418c-e56a-40a4-8689-fc8db64f26d1,2026-08-09T13:15:00Z,2026-08-09T15:15:00+0200,40504.67242,MW,DE,DE_LU,actual_load,Actual Load,2026-08-15T23:22:55Z
2026-08-15T23:21:10Z,2026-08-16T01:21:10+0200,30cb418c-e56a-40a4-8689-fc8db64f26d1,2026-08-09T13:30:00Z,2026-08-09T15:30:00+0200,40966.19847,MW,DE,DE_LU,actual_load,Actual Load,2026-08-15T23:22:55Z
2026-08-15T23:21:10Z,2026-08-16T01:21:10+0200,30cb418c-e56a-40a4-8689-fc8db64f26d1,2026-08-09T13:45:00Z,2026-08-09T15:45:00+0200,41131.44671,MW,DE,DE_LU,actual_load,Actual Load,2026-08-15T23:22:55Z
2026-08-15T23:21:10Z,2026-08-16T01:21:10+0200,30cb418c-e56a-40a4-8689-fc8db64f26d1,2026-08-09T14:00:00Z,2026-08-09T16:00:00+0200,41739.47705,MW,DE,DE_LU,actual_load,Actual Load,2026-08-15T23:22:55Z
2026-08-15T23:21:10Z,2026-08-16T01:21:10+0200,30cb418c-e56a-40a4-8689-fc8db64f26d1,2026-08-09T14:15:00Z,2026-08-09T16:15:00+0200,41909.2842,MW,DE,DE_LU,actual_load,Actual Load,2026-08-15T23:22:55Z
2026-08-15T23:21:10Z,2026-08-16T01:21:10+0200,30cb418c-e56a-40a4-8689-fc8db64f26d1,2026-08-09T14:30:00Z,2026-08-09T16:30:00+0200,41777.13016,MW,DE,DE_LU,actual_load,Actual Load,2026-08-15T23:22:55Z
2026-08-15T23:21:10Z,2026-08-16T01:21:10+0200,30cb418c-e56a-40a4-8689-fc8db64f26d1,2026-08-09T14:45:00Z,2026-08-09T16:45:00+0200,41895.39638,MW,DE,DE_LU,actual_load,Actual Load,2026-08-15T23:22:55Z
2026-08-15T23:21:10Z,2026-08-16T01:21:10+0200,30cb418c-e56a-40a4-8689-fc8db64f26d1,2026-08-09T15:00:00Z,2026-08-09T17:00:00+0200,42387.19795,MW,DE,DE_LU,actual_load,Actual Load,2026-08-15T23:22:55Z
2026-08-15T23:21:10Z,2026-08-16T01:21:10+0200,30cb418c-e56a-40a4-8689-fc8db64f26d1,2026-08-09T15:15:00Z,2026-08-09T17:15:00+0200,43001.93625,MW,DE,DE_LU,actual_load,Actual Load,2026-08-15T23:22:55Z
2026-08-15T23:21:10Z,2026-08-16T01:21:10+0200,30cb418c-e56a-40a4-8689-fc8db64f26d1,2026-08-09T15:30:00Z,2026-08-09T17:30:00+0200,43594.90806,MW,DE,DE_LU,actual_load,Actual Load,2026-08-15T23:22:55Z
2026-08-15T23:21:10Z,2026-08-16T01:21:10+0200,30cb418c-e56a-40a4-8689-fc8db64f26d1,2026-08-09T15:45:00Z,2026-08-09T17:45:00+0200,44119.93987,MW,DE,DE_LU,actual_load,Actual Load,2026-08-15T23:22:55Z
2026-08-15T23:21:10Z,2026-08-16T01:21:10+0200,30cb418c-e56a-40a4-8689-fc8db64f26d1,2026-08-09T16:00:00Z,2026-08-09T18:00:00+0200,45802.94218,MW,DE,DE_LU,actual_load,Actual Load,2026-08-15T23:22:55Z
2026-08-15T23:21:10Z,2026-08-16T01:21:10+0200,30cb418c-e56a-40a4-8689-fc8db64f26d1,2026-08-09T16:15:00Z,2026-08-09T18:15:00+0200,46058.36014,MW,DE,DE_LU,actual_load,Actual Load,2026-08-15T23:22:55Z
2026-08-15T23:21:10Z,2026-08-16T01:21:10+0200,30cb418c-e56a-40a4-8689-fc8db64f26d1,2026-08-09T16:30:00Z,2026-08-09T18:30:00+0200,46126.4021,MW,DE,DE_LU,actual_load,Actual Load,2026-08-15T23:22:55Z
2026-08-15T23:21:10Z,2026-08-16T01:21:10+0200,30cb418c-e56a-40a4-8689-fc8db64f26d1,2026-08-09T16:45:00Z,2026-08-09T18:45:00+0200,46834.80926,MW,DE,DE_LU,actual_load,Actual Load,2026-08-15T23:22:55Z
2026-08-15T23:21:10Z,2026-08-16T01:21:10+0200,30cb418c-e56a-40a4-8689-fc8db64f26d1,2026-08-09T17:00:00Z,2026-08-09T19:00:00+0200,47130.65511,MW,DE,DE_LU,actual_load,Actual Load,2026-08-15T23:22:55Z
2026-08-15T23:21:10Z,2026-08-16T01:21:10+0200,30cb418c-e56a-40a4-8689-fc8db64f26d1,2026-08-09T17:15:00Z,2026-08-09T19:15:00+0200,46128.36116,MW,DE,DE_LU,actual_load,Actual Load,2026-08-15T23:22:55Z
2026-08-15T23:21:10Z,2026-08-16T01:21:10+0200,30cb418c-e56a-40a4-8689-fc8db64f26d1,2026-08-09T17:30:00Z,2026-08-09T19:30:00+0200,45137.25855,MW,DE,DE_LU,actual_load,Actual Load,2026-08-15T23:22:55Z
2026-08-15T23:21:10Z,2026-08-16T01:21:10+0200,30cb418c-e56a-40a4-8689-fc8db64f26d1,2026-08-09T17:45:00Z,2026-08-09T19:45:00+0200,45513.76299,MW,DE,DE_LU,actual_load,Actual Load,2026-08-15T23:22:55Z
2026-08-15T23:21:10Z,2026-08-16T01:21:10+0200,30cb418c-e56a-40a4-8689-fc8db64f26d1,2026-08-09T18:00:00Z,2026-08-09T20:00:00+0200,45911.18815,MW,DE,DE_LU,actual_load,Actual Load,2026-08-15T23:22:55Z
2026-08-15T23:21:10Z,2026-08-16T01:21:10+0200,30cb418c-e56a-40a4-8689-fc8db64f26d1,2026-08-09T18:15:00Z,2026-08-09T20:15:00+0200,45376.78349,MW,DE,DE_LU,actual_load,Actual Load,2026-08-15T23:22:55Z
2026-08-15T23:21:10Z,2026-08-16T01:21:10+0200,30cb418c-e56a-40a4-8689-fc8db64f26d1,2026-08-09T18:30:00Z,2026-08-09T20:30:00+0200,45225.85739,MW,DE,DE_LU,actual_load,Actual Load,2026-08-15T23:22:55Z
2026-08-15T23:21:10Z,2026-08-16T01:21:10+0200,30cb418c-e56a-40a4-8689-fc8db64f26d1,2026-08-09T18:45:00Z,2026-08-09T20:45:00+0200,45188.11707,MW,DE,DE_LU,actual_load,Actual Load,2026-08-15T23:22:55Z
2026-08-15T23:21:10Z,2026-08-16T01:21:10+0200,30cb418c-e56a-40a4-8689-fc8db64f26d1,2026-08-09T19:00:00Z,2026-08-09T21:00:00+0200,44531.70761,MW,DE,DE_LU,actual_load,Actual Load,2026-08-15T23:22:55Z
2026-08-15T23:21:10Z,2026-08-16T01:21:10+0200,30cb418c-e56a-40a4-8689-fc8db64f26d1,2026-08-09T19:15:00Z,2026-08-09T21:15:00+0200,44519.54659,MW,DE,DE_LU,actual_load,Actual Load,2026-08-15T23:22:55Z
2026-08-15T23:21:10Z,2026-08-16T01:21:10+0200,30cb418c-e56a-40a4-8689-fc8db64f26d1,2026-08-09T19:30:00Z,2026-08-09T21:30:00+0200,43958.21806,MW,DE,DE_LU,actual_load,Actual Load,2026-08-15T23:22:55Z
2026-08-15T23:21:10Z,2026-08-16T01:21:10+0200,30cb418c-e56a-40a4-8689-fc8db64f26d1,2026-08-09T19:45:00Z,2026-08-09T21:45:00+0200,44252.21802,MW,DE,DE_LU,actual_load,Actual Load,2026-08-15T23:22:55Z
2026-08-15T23:21:10Z,2026-08-16T01:21:10+0200,30cb418c-e56a-40a4-8689-fc8db64f26d1,2026-08-09T20:00:00Z,2026-08-09T22:00:00+0200,43662.53328,MW,DE,DE_LU,actual_load,Actual Load,2026-08-15T23:22:55Z
2026-08-15T23:21:10Z,2026-08-16T01:21:10+0200,30cb418c-e56a-40a4-8689-fc8db64f26d1,2026-08-09T20:15:00Z,2026-08-09T22:15:00+0200,43405.29974,MW,DE,DE_LU,actual_load,Actual Load,2026-08-15T23:22:55Z
2026-08-15T23:21:10Z,2026-08-16T01:21:10+0200,30cb418c-e56a-40a4-8689-fc8db64f26d1,2026-08-09T20:30:00Z,2026-08-09T22:30:00+0200,43264.78158,MW,DE,DE_LU,actual_load,Actual Load,2026-08-15T23:22:55Z
2026-08-15T23:21:10Z,2026-08-16T01:21:10+0200,30cb418c-e56a-40a4-8689-fc8db64f26d1,2026-08-09T20:45:00Z,2026-08-09T22:45:00+0200,42811.79434,MW,DE,DE_LU,actual_load,Actual Load,2026-08-15T23:22:55Z
2026-08-15T23:21:10Z,2026-08-16T01:21:10+0200,30cb418c-e56a-40a4-8689-fc8db64f26d1,2026-08-09T21:00:00Z,2026-08-09T23:00:00+0200,41617.7148,MW,DE,DE_LU,actual_load,Actual Load,2026-08-15T23:22:55Z
2026-08-15T23:21:10Z,2026-08-16T01:21:10+0200,30cb418c-e56a-40a4-8689-fc8db64f26d1,2026-08-09T21:15:00Z,2026-08-09T23:15:00+0200,41360.55493,MW,DE,DE_LU,actual_load,Actual Load,2026-08-15T23:22:55Z
2026-08-15T23:21:10Z,2026-08-16T01:21:10+0200,30cb418c-e56a-40a4-8689-fc8db64f26d1,2026-08-09T21:30:00Z,2026-08-09T23:30:00+0200,41105.03623,MW,DE,DE_LU,actual_load,Actual Load,2026-08-15T23:22:55Z
2026-08-15T23:21:10Z,2026-08-16T01:21:10+0200,30cb418c-e56a-40a4-8689-fc8db64f26d1,2026-08-09T21:45:00Z,2026-08-09T23:45:00+0200,40723.75469,MW,DE,DE_LU,actual_load,Actual Load,2026-08-15T23:22:55Z
2026-08-15T23:21:10Z,2026-08-16T01:21:10+0200,30cb418c-e56a-40a4-8689-fc8db64f26d1,2026-08-09T22:00:00Z,2026-08-10T00:00:00+0200,40621.2857,MW,DE,DE_LU,actual_load,Actual Load,2026-08-15T23:22:55Z
2026-08-15T23:21:10Z,2026-08-16T01:21:10+0200,30cb418c-e56a-40a4-8689-fc8db64f26d1,2026-08-09T22:15:00Z,2026-08-10T00:15:00+0200,40551.31753,MW,DE,DE_LU,actual_load,Actual Load,2026-08-15T23:22:55Z
2026-08-15T23:21:10Z,2026-08-16T01:21:10+0200,30cb418c-e56a-40a4-8689-fc8db64f26d1,2026-08-09T22:30:00Z,2026-08-10T00:30:00+0200,40626.55176,MW,DE,DE_LU,actual_load,Actual Load,2026-08-15T23:22:55Z
2026-08-15T23:21:10Z,2026-08-16T01:21:10+0200,30cb418c-e56a-40a4-8689-fc8db64f26d1,2026-08-09T22:45:00Z,2026-08-10T00:45:00+0200,40268.74764,MW,DE,DE_LU,actual_load,Actual Load,2026-08-15T23:22:55Z
2026-08-15T23:21:10Z,2026-08-16T01:21:10+0200,30cb418c-e56a-40a4-8689-fc8db64f26d1,2026-08-09T23:00:00Z,2026-08-10T01:00:00+0200,39729.45934,MW,DE,DE_LU,actual_load,Actual Load,2026-08-15T23:22:55Z
2026-08-15T23:21:10Z,2026-08-16T01:21:10+0200,30cb418c-e56a-40a4-8689-fc8db64f26d1,2026-08-09T23:15:00Z,2026-08-10T01:15:00+0200,39657.5258,MW,DE,DE_LU,actual_load,Actual Load,2026-08-15T23:22:55Z
2026-08-15T23:21:10Z,2026-08-16T01:21:10+0200,30cb418c-e56a-40a4-8689-fc8db64f26d1,2026-08-09T23:30:00Z,2026-08-10T01:30:00+0200,39185.33953,MW,DE,DE_LU,actual_load,Actual Load,2026-08-15T23:22:55Z
2026-08-15T23:21:10Z,2026-08-16T01:21:10+0200,30cb418c-e56a-40a4-8689-fc8db64f26d1,2026-08-09T23:45:00Z,2026-08-10T01:45:00+0200,39102.69672,MW,DE,DE_LU,actual_load,Actual Load,2026-08-15T23:22:55Z
2026-08-15T23:21:10Z,2026-08-16T01:21:10+0200,30cb418c-e56a-40a4-8689-fc8db64f26d1,2026-08-10T00:00:00Z,2026-08-10T02:00:00+0200,38029.78805,MW,DE,DE_LU,actual_load,Actual Load,2026-08-15T23:22:55Z
2026-08-15T23:21:10Z,2026-08-16T01:21:10+0200,30cb418c-e56a-40a4-8689-fc8db64f26d1,2026-08-10T00:15:00Z,2026-08-10T02:15:00+0200,38042.67732,MW,DE,DE_LU,actual_load,Actual Load,2026-08-15T23:22:55Z
2026-08-15T23:21:10Z,2026-08-16T01:21:10+0200,30cb418c-e56a-40a4-8689-fc8db64f26d1,2026-08-10T00:30:00Z,2026-08-10T02:30:00+0200,38231.33636,MW,DE,DE_LU,actual_load,Actual Load,2026-08-15T23:22:55Z
2026-08-15T23:21:10Z,2026-08-16T01:21:10+0200,30cb418c-e56a-40a4-8689-fc8db64f26d1,2026-08-10T00:45:00Z,2026-08-10T02:45:00+0200,38564.90767,MW,DE,DE_LU,actual_load,Actual Load,2026-08-15T23:22:55Z
2026-08-15T23:21:10Z,2026-08-16T01:21:10+0200,30cb418c-e56a-40a4-8689-fc8db64f26d1,2026-08-10T01:00:00Z,2026-08-10T03:00:00+0200,38545.0573,MW,DE,DE_LU,actual_load,Actual Load,2026-08-15T23:22:55Z
2026-08-15T23:21:10Z,2026-08-16T01:21:10+0200,30cb418c-e56a-40a4-8689-fc8db64f26d1,2026-08-10T01:15:00Z,2026-08-10T03:15:00+0200,38853.7147,MW,DE,DE_LU,actual_load,Actual Load,2026-08-15T23:22:55Z
2026-08-15T23:21:10Z,2026-08-16T01:21:10+0200,30cb418c-e56a-40a4-8689-fc8db64f26d1,2026-08-10T01:30:00Z,2026-08-10T03:30:00+0200,38647.48563,MW,DE,DE_LU,actual_load,Actual Load,2026-08-15T23:22:55Z
2026-08-15T23:21:10Z,2026-08-16T01:21:10+0200,30cb418c-e56a-40a4-8689-fc8db64f26d1,2026-08-10T01:45:00Z,2026-08-10T03:45:00+0200,38923.14606,MW,DE,DE_LU,actual_load,Actual Load,2026-08-15T23:22:55Z
2026-08-15T23:21:10Z,2026-08-16T01:21:10+0200,30cb418c-e56a-40a4-8689-fc8db64f26d1,2026-08-10T02:00:00Z,2026-08-10T04:00:00+0200,39211.2422,MW,DE,DE_LU,actual_load,Actual Load,2026-08-15T23:22:55Z
2026-08-15T23:21:10Z,2026-08-16T01:21:10+0200,30cb418c-e56a-40a4-8689-fc8db64f26d1,2026-08-10T02:15:00Z,2026-08-10T04:15:00+0200,38887.57048,MW,DE,DE_LU,actual_load,Actual Load,2026-08-15T23:22:55Z
2026-08-15T23:21:10Z,2026-08-16T01:21:10+0200,30cb418c-e56a-40a4-8689-fc8db64f26d1,2026-08-10T02:30:00Z,2026-08-10T04:30:00+0200,38799.10312,MW,DE,DE_LU,actual_load,Actual Load,2026-08-15T23:22:55Z
2026-08-15T23:21:10Z,2026-08-16T01:21:10+0200,30cb418c-e56a-40a4-8689-fc8db64f26d1,2026-08-10T02:45:00Z,2026-08-10T04:45:00+0200,39584.40667,MW,DE,DE_LU,actual_load,Actual Load,2026-08-15T23:22:55Z
2026-08-15T23:21:10Z,2026-08-16T01:21:10+0200,30cb418c-e56a-40a4-8689-fc8db64f26d1,2026-08-10T03:00:00Z,2026-08-10T05:00:00+0200,41061.54269,MW,DE,DE_LU,actual_load,Actual Load,2026-08-15T23:22:55Z
2026-08-15T23:21:10Z,2026-08-16T01:21:10+0200,30cb418c-e56a-40a4-8689-fc8db64f26d1,2026-08-10T03:15:00Z,2026-08-10T05:15:00+0200,41162.82598,MW,DE,DE_LU,actual_load,Actual Load,2026-08-15T23:22:55Z
2026-08-15T23:21:10Z,2026-08-16T01:21:10+0200,30cb418c-e56a-40a4-8689-fc8db64f26d1,2026-08-10T03:30:00Z,2026-08-10T05:30:00+0200,41882.49365,MW,DE,DE_LU,actual_load,Actual Load,2026-08-15T23:22:55Z
2026-08-15T23:21:10Z,2026-08-16T01:21:10+0200,30cb418c-e56a-40a4-8689-fc8db64f26d1,2026-08-10T03:45:00Z,2026-08-10T05:45:00+0200,42991.31213,MW,DE,DE_LU,actual_load,Actual Load,2026-08-15T23:22:55Z
2026-08-15T23:21:10Z,2026-08-16T01:21:10+0200,30cb418c-e56a-40a4-8689-fc8db64f26d1,2026-08-10T04:00:00Z,2026-08-10T06:00:00+0200,45378.85558,MW,DE,DE_LU,actual_load,Actual Load,2026-08-15T23:22:55Z
2026-08-15T23:21:10Z,2026-08-16T01:21:10+0200,30cb418c-e56a-40a4-8689-fc8db64f26d1,2026-08-10T04:15:00Z,2026-08-10T06:15:00+0200,46634.48802,MW,DE,DE_LU,actual_load,Actual Load,2026-08-15T23:22:55Z
2026-08-15T23:21:10Z,2026-08-16T01:21:10+0200,30cb418c-e56a-40a4-8689-fc8db64f26d1,2026-08-10T04:30:00Z,2026-08-10T06:30:00+0200,47929.03468,MW,DE,DE_LU,actual_load,Actual Load,2026-08-15T23:22:55Z
2026-08-15T23:21:10Z,2026-08-16T01:21:10+0200,30cb418c-e56a-40a4-8689-fc8db64f26d1,2026-08-10T04:45:00Z,2026-08-10T06:45:00+0200,49358.6337,MW,DE,DE_LU,actual_load,Actual Load,2026-08-15T23:22:55Z
2026-08-15T23:21:10Z,2026-08-16T01:21:10+0200,30cb418c-e56a-40a4-8689-fc8db64f26d1,2026-08-10T05:00:00Z,2026-08-10T07:00:00+0200,50355.62695,MW,DE,DE_LU,actual_load,Actual Load,2026-08-15T23:22:55Z
2026-08-15T23:21:10Z,2026-08-16T01:21:10+0200,30cb418c-e56a-40a4-8689-fc8db64f26d1,2026-08-10T05:15:00Z,2026-08-10T07:15:00+0200,51369.55318,MW,DE,DE_LU,actual_load,Actual Load,2026-08-15T23:22:55Z
2026-08-15T23:21:10Z,2026-08-16T01:21:10+0200,30cb418c-e56a-40a4-8689-fc8db64f26d1,2026-08-10T05:30:00Z,2026-08-10T07:30:00+0200,52800.02775,MW,DE,DE_LU,actual_load,Actual Load,2026-08-15T23:22:55Z
2026-08-15T23:21:10Z,2026-08-16T01:21:10+0200,30cb418c-e56a-40a4-8689-fc8db64f26d1,2026-08-10T05:45:00Z,2026-08-10T07:45:00+0200,53675.53877,MW,DE,DE_LU,actual_load,Actual Load,2026-08-15T23:22:55Z
2026-08-15T23:21:10Z,2026-08-16T01:21:10+0200,30cb418c-e56a-40a4-8689-fc8db64f26d1,2026-08-10T06:00:00Z,2026-08-10T08:00:00+0200,53567.35729,MW,DE,DE_LU,actual_load,Actual Load,2026-08-15T23:22:55Z
2026-08-15T23:21:10Z,2026-08-16T01:21:10+0200,30cb418c-e56a-40a4-8689-fc8db64f26d1,2026-08-10T06:15:00Z,2026-08-10T08:15:00+0200,54569.11268,MW,DE,DE_LU,actual_load,Actual Load,2026-08-15T23:22:55Z
2026-08-15T23:21:10Z,2026-08-16T01:21:10+0200,30cb418c-e56a-40a4-8689-fc8db64f26d1,2026-08-10T06:30:00Z,2026-08-10T08:30:00+0200,55783.0304,MW,DE,DE_LU,actual_load,Actual Load,2026-08-15T23:22:55Z
2026-08-15T23:21:10Z,2026-08-16T01:21:10+0200,30cb418c-e56a-40a4-8689-fc8db64f26d1,2026-08-10T06:45:00Z,2026-08-10T08:45:00+0200,57263.3508,MW,DE,DE_LU,actual_load,Actual Load,2026-08-15T23:22:55Z
2026-08-15T23:21:10Z,2026-08-16T01:21:10+0200,30cb418c-e56a-40a4-8689-fc8db64f26d1,2026-08-10T07:00:00Z,2026-08-10T09:00:00+0200,56643.00297,MW,DE,DE_LU,actual_load,Actual Load,2026-08-15T23:22:55Z
2026-08-15T23:21:10Z,2026-08-16T01:21:10+0200,30cb418c-e56a-40a4-8689-fc8db64f26d1,2026-08-10T07:15:00Z,2026-08-10T09:15:00+0200,56623.88425,MW,DE,DE_LU,actual_load,Actual Load,2026-08-15T23:22:55Z
2026-08-15T23:21:10Z,2026-08-16T01:21:10+0200,30cb418c-e56a-40a4-8689-fc8db64f26d1,2026-08-10T07:30:00Z,2026-08-10T09:30:00+0200,56841.33939,MW,DE,DE_LU,actual_load,Actual Load,2026-08-15T23:22:55Z
2026-08-15T23:21:10Z,2026-08-16T01:21:10+0200,30cb418c-e56a-40a4-8689-fc8db64f26d1,2026-08-10T07:45:00Z,2026-08-10T09:45:00+0200,57275.40704,MW,DE,DE_LU,actual_load,Actual Load,2026-08-15T23:22:55Z
2026-08-15T23:21:10Z,2026-08-16T01:21:10+0200,30cb418c-e56a-40a4-8689-fc8db64f26d1,2026-08-10T08:00:00Z,2026-08-10T10:00:00+0200,57294.45376,MW,DE,DE_LU,actual_load,Actual Load,2026-08-15T23:22:55Z
2026-08-15T23:21:10Z,2026-08-16T01:21:10+0200,30cb418c-e56a-40a4-8689-fc8db64f26d1,2026-08-10T08:15:00Z,2026-08-10T10:15:00+0200,57945.82026,MW,DE,DE_LU,actual_load,Actual Load,2026-08-15T23:22:55Z
2026-08-15T23:21:10Z,2026-08-16T01:21:10+0200,30cb418c-e56a-40a4-8689-fc8db64f26d1,2026-08-10T08:30:00Z,2026-08-10T10:30:00+0200,58190.38622,MW,DE,DE_LU,actual_load,Actual Load,2026-08-15T23:22:55Z
2026-08-15T23:21:10Z,2026-08-16T01:21:10+0200,30cb418c-e56a-40a4-8689-fc8db64f26d1,2026-08-10T08:45:00Z,2026-08-10T10:45:00+0200,58170.41499,MW,DE,DE_LU,actual_load,Actual Load,2026-08-15T23:22:55Z
2026-08-15T23:21:10Z,2026-08-16T01:21:10+0200,30cb418c-e56a-40a4-8689-fc8db64f26d1,2026-08-10T09:00:00Z,2026-08-10T11:00:00+0200,58368.50426,MW,DE,DE_LU,actual_load,Actual Load,2026-08-15T23:22:55Z
2026-08-15T23:21:10Z,2026-08-16T01:21:10+0200,30cb418c-e56a-40a4-8689-fc8db64f26d1,2026-08-10T09:15:00Z,2026-08-10T11:15:00+0200,59384.60269,MW,DE,DE_LU,actual_load,Actual Load,2026-08-15T23:22:55Z
2026-08-15T23:21:10Z,2026-08-16T01:21:10+0200,30cb418c-e56a-40a4-8689-fc8db64f26d1,2026-08-10T09:30:00Z,2026-08-10T11:30:00+0200,59468.19716,MW,DE,DE_LU,actual_load,Actual Load,2026-08-15T23:22:55Z
2026-08-15T23:21:10Z,2026-08-16T01:21:10+0200,30cb418c-e56a-40a4-8689-fc8db64f26d1,2026-08-10T09:45:00Z,2026-08-10T11:45:00+0200,58811.6635,MW,DE,DE_LU,actual_load,Actual Load,2026-08-15T23:22:55Z
2026-08-15T23:21:10Z,2026-08-16T01:21:10+0200,30cb418c-e56a-40a4-8689-fc8db64f26d1,2026-08-10T10:00:00Z,2026-08-10T12:00:00+0200,58053.80685,MW,DE,DE_LU,actual_load,Actual Load,2026-08-15T23:22:55Z
2026-08-15T23:21:10Z,2026-08-16T01:21:10+0200,30cb418c-e56a-40a4-8689-fc8db64f26d1,2026-08-10T10:15:00Z,2026-08-10T12:15:00+0200,58349.11713,MW,DE,DE_LU,actual_load,Actual Load,2026-08-15T23:22:55Z
2026-08-15T23:21:10Z,2026-08-16T01:21:10+0200,30cb418c-e56a-40a4-8689-fc8db64f26d1,2026-08-10T10:30:00Z,2026-08-10T12:30:00+0200,57865.86223,MW,DE,DE_LU,actual_load,Actual Load,2026-08-15T23:22:55Z
2026-08-15T23:21:10Z,2026-08-16T01:21:10+0200,30cb418c-e56a-40a4-8689-fc8db64f26d1,2026-08-10T10:45:00Z,2026-08-10T12:45:00+0200,57947.8873,MW,DE,DE_LU,actual_load,Actual Load,2026-08-15T23:22:55Z
2026-08-15T23:21:10Z,2026-08-16T01:21:10+0200,30cb418c-e56a-40a4-8689-fc8db64f26d1,2026-08-10T11:00:00Z,2026-08-10T13:00:00+0200,59245.21057,MW,DE,DE_LU,actual_load,Actual Load,2026-08-15T23:22:55Z
2026-08-15T23:21:10Z,2026-08-16T01:21:10+0200,30cb418c-e56a-40a4-8689-fc8db64f26d1,2026-08-10T11:15:00Z,2026-08-10T13:15:00+0200,59245.30573,MW,DE,DE_LU,actual_load,Actual Load,2026-08-15T23:22:55Z
2026-08-15T23:21:10Z,2026-08-16T01:21:10+0200,30cb418c-e56a-40a4-8689-fc8db64f26d1,2026-08-10T11:30:00Z,2026-08-10T13:30:00+0200,58560.56051,MW,DE,DE_LU,actual_load,Actual Load,2026-08-15T23:22:55Z
2026-08-15T23:21:10Z,2026-08-16T01:21:10+0200,30cb418c-e56a-40a4-8689-fc8db64f26d1,2026-08-10T11:45:00Z,2026-08-10T13:45:00+0200,57582.24513,MW,DE,DE_LU,actual_load,Actual Load,2026-08-15T23:22:55Z
2026-08-15T23:21:10Z,2026-08-16T01:21:10+0200,30cb418c-e56a-40a4-8689-fc8db64f26d1,2026-08-10T12:00:00Z,2026-08-10T14:00:00+0200,57816.21543,MW,DE,DE_LU,actual_load,Actual Load,2026-08-15T23:22:55Z
2026-08-15T23:21:10Z,2026-08-16T01:21:10+0200,30cb418c-e56a-40a4-8689-fc8db64f26d1,2026-08-10T12:15:00Z,2026-08-10T14:15:00+0200,57685.98244,MW,DE,DE_LU,actual_load,Actual Load,2026-08-15T23:22:55Z
2026-08-15T23:21:10Z,2026-08-16T01:21:10+0200,30cb418c-e56a-40a4-8689-fc8db64f26d1,2026-08-10T12:30:00Z,2026-08-10T14:30:00+0200,57848.6655,MW,DE,DE_LU,actual_load,Actual Load,2026-08-15T23:22:55Z
2026-08-15T23:21:10Z,2026-08-16T01:21:10+0200,30cb418c-e56a-40a4-8689-fc8db64f26d1,2026-08-10T12:45:00Z,2026-08-10T14:45:00+0200,57731.26316,MW,DE,DE_LU,actual_load,Actual Load,2026-08-15T23:22:55Z
2026-08-15T23:21:10Z,2026-08-16T01:21:10+0200,30cb418c-e56a-40a4-8689-fc8db64f26d1,2026-08-10T13:00:00Z,2026-08-10T15:00:00+0200,57661.08285,MW,DE,DE_LU,actual_load,Actual Load,2026-08-15T23:22:55Z
2026-08-15T23:21:10Z,2026-08-16T01:21:10+0200,30cb418c-e56a-40a4-8689-fc8db64f26d1,2026-08-10T13:15:00Z,2026-08-10T15:15:00+0200,57421.6445,MW,DE,DE_LU,actual_load,Actual Load,2026-08-15T23:22:55Z
2026-08-15T23:21:10Z,2026-08-16T01:21:10+0200,30cb418c-e56a-40a4-8689-fc8db64f26d1,2026-08-10T13:30:00Z,2026-08-10T15:30:00+0200,57534.25818,MW,DE,DE_LU,actual_load,Actual Load,2026-08-15T23:22:55Z
2026-08-15T23:21:10Z,2026-08-16T01:21:10+0200,30cb418c-e56a-40a4-8689-fc8db64f26d1,2026-08-10T13:45:00Z,2026-08-10T15:45:00+0200,57087.92186,MW,DE,DE_LU,actual_load,Actual Load,2026-08-15T23:22:55Z
2026-08-15T23:21:10Z,2026-08-16T01:21:10+0200,30cb418c-e56a-40a4-8689-fc8db64f26d1,2026-08-10T14:00:00Z,2026-08-10T16:00:00+0200,56160.29843,MW,DE,DE_LU,actual_load,Actual Load,2026-08-15T23:22:55Z
2026-08-15T23:21:10Z,2026-08-16T01:21:10+0200,30cb418c-e56a-40a4-8689-fc8db64f26d1,2026-08-10T14:15:00Z,2026-08-10T16:15:00+0200,56483.73778,MW,DE,DE_LU,actual_load,Actual Load,2026-08-15T23:22:55Z
2026-08-15T23:21:10Z,2026-08-16T01:21:10+0200,30cb418c-e56a-40a4-8689-fc8db64f26d1,2026-08-10T14:30:00Z,2026-08-10T16:30:00+0200,56064.45532,MW,DE,DE_LU,actual_load,Actual Load,2026-08-15T23:22:55Z
2026-08-15T23:21:10Z,2026-08-16T01:21:10+0200,30cb418c-e56a-40a4-8689-fc8db64f26d1,2026-08-10T14:45:00Z,2026-08-10T16:45:00+0200,56368.48151,MW,DE,DE_LU,actual_load,Actual Load,2026-08-15T23:22:55Z
2026-08-15T23:21:10Z,2026-08-16T01:21:10+0200,30cb418c-e56a-40a4-8689-fc8db64f26d1,2026-08-10T15:00:00Z,2026-08-10T17:00:00+0200,56660.63517,MW,DE,DE_LU,actual_load,Actual Load,2026-08-15T23:22:55Z
2026-08-15T23:21:10Z,2026-08-16T01:21:10+0200,30cb418c-e56a-40a4-8689-fc8db64f26d1,2026-08-10T15:15:00Z,2026-08-10T17:15:00+0200,55843.33423,MW,DE,DE_LU,actual_load,Actual Load,2026-08-15T23:22:55Z
2026-08-15T23:21:10Z,2026-08-16T01:21:10+0200,30cb418c-e56a-40a4-8689-fc8db64f26d1,2026-08-10T15:30:00Z,2026-08-10T17:30:00+0200,55329.38208,MW,DE,DE_LU,actual_load,Actual Load,2026-08-15T23:22:55Z
2026-08-15T23:21:10Z,2026-08-16T01:21:10+0200,30cb418c-e56a-40a4-8689-fc8db64f26d1,2026-08-10T15:45:00Z,2026-08-10T17:45:00+0200,54550.46253,MW,DE,DE_LU,actual_load,Actual Load,2026-08-15T23:22:55Z
2026-08-15T23:21:10Z,2026-08-16T01:21:10+0200,30cb418c-e56a-40a4-8689-fc8db64f26d1,2026-08-10T16:00:00Z,2026-08-10T18:00:00+0200,54800.61422,MW,DE,DE_LU,actual_load,Actual Load,2026-08-15T23:22:55Z
2026-08-15T23:21:10Z,2026-08-16T01:21:10+0200,30cb418c-e56a-40a4-8689-fc8db64f26d1,2026-08-10T16:15:00Z,2026-08-10T18:15:00+0200,54109.68269,MW,DE,DE_LU,actual_load,Actual Load,2026-08-15T23:22:55Z
2026-08-15T23:21:10Z,2026-08-16T01:21:10+0200,30cb418c-e56a-40a4-8689-fc8db64f26d1,2026-08-10T16:30:00Z,2026-08-10T18:30:00+0200,54660.51339,MW,DE,DE_LU,actual_load,Actual Load,2026-08-15T23:22:55Z
2026-08-15T23:21:10Z,2026-08-16T01:21:10+0200,30cb418c-e56a-40a4-8689-fc8db64f26d1,2026-08-10T16:45:00Z,2026-08-10T18:45:00+0200,54875.85398,MW,DE,DE_LU,actual_load,Actual Load,2026-08-15T23:22:55Z
2026-08-15T23:21:10Z,2026-08-16T01:21:10+0200,30cb418c-e56a-40a4-8689-fc8db64f26d1,2026-08-10T17:00:00Z,2026-08-10T19:00:00+0200,55702.17731,MW,DE,DE_LU,actual_load,Actual Load,2026-08-15T23:22:55Z
2026-08-15T23:21:10Z,2026-08-16T01:21:10+0200,30cb418c-e56a-40a4-8689-fc8db64f26d1,2026-08-10T17:15:00Z,2026-08-10T19:15:00+0200,54085.24352,MW,DE,DE_LU,actual_load,Actual Load,2026-08-15T23:22:55Z
2026-08-15T23:21:10Z,2026-08-16T01:21:10+0200,30cb418c-e56a-40a4-8689-fc8db64f26d1,2026-08-10T17:30:00Z,2026-08-10T19:30:00+0200,53365.74717,MW,DE,DE_LU,actual_load,Actual Load,2026-08-15T23:22:55Z
2026-08-15T23:21:10Z,2026-08-16T01:21:10+0200,30cb418c-e56a-40a4-8689-fc8db64f26d1,2026-08-10T17:45:00Z,2026-08-10T19:45:00+0200,53085.78456,MW,DE,DE_LU,actual_load,Actual Load,2026-08-15T23:22:55Z
2026-08-15T23:21:10Z,2026-08-16T01:21:10+0200,30cb418c-e56a-40a4-8689-fc8db64f26d1,2026-08-10T18:00:00Z,2026-08-10T20:00:00+0200,51668.02066,MW,DE,DE_LU,actual_load,Actual Load,2026-08-15T23:22:55Z
2026-08-15T23:21:10Z,2026-08-16T01:21:10+0200,30cb418c-e56a-40a4-8689-fc8db64f26d1,2026-08-10T18:15:00Z,2026-08-10T20:15:00+0200,51265.4048,MW,DE,DE_LU,actual_load,Actual Load,2026-08-15T23:22:55Z
2026-08-15T23:21:10Z,2026-08-16T01:21:10+0200,30cb418c-e56a-40a4-8689-fc8db64f26d1,2026-08-10T18:30:00Z,2026-08-10T20:30:00+0200,51032.5581,MW,DE,DE_LU,actual_load,Actual Load,2026-08-15T23:22:55Z
2026-08-15T23:21:10Z,2026-08-16T01:21:10+0200,30cb418c-e56a-40a4-8689-fc8db64f26d1,2026-08-10T18:45:00Z,2026-08-10T20:45:00+0200,51029.97529,MW,DE,DE_LU,actual_load,Actual Load,2026-08-15T23:22:55Z
2026-08-15T23:21:10Z,2026-08-16T01:21:10+0200,30cb418c-e56a-40a4-8689-fc8db64f26d1,2026-08-10T19:00:00Z,2026-08-10T21:00:00+0200,51216.24494,MW,DE,DE_LU,actual_load,Actual Load,2026-08-15T23:22:55Z
2026-08-15T23:21:10Z,2026-08-16T01:21:10+0200,30cb418c-e56a-40a4-8689-fc8db64f26d1,2026-08-10T19:15:00Z,2026-08-10T21:15:00+0200,50870.48071,MW,DE,DE_LU,actual_load,Actual Load,2026-08-15T23:22:55Z
2026-08-15T23:21:10Z,2026-08-16T01:21:10+0200,30cb418c-e56a-40a4-8689-fc8db64f26d1,2026-08-10T19:30:00Z,2026-08-10T21:30:00+0200,50082.38949,MW,DE,DE_LU,actual_load,Actual Load,2026-08-15T23:22:55Z
2026-08-15T23:21:10Z,2026-08-16T01:21:10+0200,30cb418c-e56a-40a4-8689-fc8db64f26d1,2026-08-10T19:45:00Z,2026-08-10T21:45:00+0200,50160.83428,MW,DE,DE_LU,actual_load,Actual Load,2026-08-15T23:22:55Z
2026-08-15T23:21:10Z,2026-08-16T01:21:10+0200,30cb418c-e56a-40a4-8689-fc8db64f26d1,2026-08-10T20:00:00Z,2026-08-10T22:00:00+0200,49413.27587,MW,DE,DE_LU,actual_load,Actual Load,2026-08-15T23:22:55Z
2026-08-15T23:21:10Z,2026-08-16T01:21:10+0200,30cb418c-e56a-40a4-8689-fc8db64f26d1,2026-08-10T20:15:00Z,2026-08-10T22:15:00+0200,49080.21307,MW,DE,DE_LU,actual_load,Actual Load,2026-08-15T23:22:55Z
2026-08-15T23:21:10Z,2026-08-16T01:21:10+0200,30cb418c-e56a-40a4-8689-fc8db64f26d1,2026-08-10T20:30:00Z,2026-08-10T22:30:00+0200,48430.33395,MW,DE,DE_LU,actual_load,Actual Load,2026-08-15T23:22:55Z
2026-08-15T23:21:10Z,2026-08-16T01:21:10+0200,30cb418c-e56a-40a4-8689-fc8db64f26d1,2026-08-10T20:45:00Z,2026-08-10T22:45:00+0200,47454.86426,MW,DE,DE_LU,actual_load,Actual Load,2026-08-15T23:22:55Z
2026-08-15T23:21:10Z,2026-08-16T01:21:10+0200,30cb418c-e56a-40a4-8689-fc8db64f26d1,2026-08-10T21:00:00Z,2026-08-10T23:00:00+0200,46287.63641,MW,DE,DE_LU,actual_load,Actual Load,2026-08-15T23:22:55Z
2026-08-15T23:21:10Z,2026-08-16T01:21:10+0200,30cb418c-e56a-40a4-8689-fc8db64f26d1,2026-08-10T21:15:00Z,2026-08-10T23:15:00+0200,45770.51068,MW,DE,DE_LU,actual_load,Actual Load,2026-08-15T23:22:55Z
2026-08-15T23:21:10Z,2026-08-16T01:21:10+0200,30cb418c-e56a-40a4-8689-fc8db64f26d1,2026-08-10T21:30:00Z,2026-08-10T23:30:00+0200,45458.47747,MW,DE,DE_LU,actual_load,Actual Load,2026-08-15T23:22:55Z
2026-08-15T23:21:10Z,2026-08-16T01:21:10+0200,30cb418c-e56a-40a4-8689-fc8db64f26d1,2026-08-10T21:45:00Z,2026-08-10T23:45:00+0200,45196.28615,MW,DE,DE_LU,actual_load,Actual Load,2026-08-15T23:22:55Z
2026-08-15T23:21:10Z,2026-08-16T01:21:10+0200,30cb418c-e56a-40a4-8689-fc8db64f26d1,2026-08-10T22:00:00Z,2026-08-11T00:00:00+0200,44621.826,MW,DE,DE_LU,actual_load,Actual Load,2026-08-15T23:22:55Z
2026-08-15T23:21:10Z,2026-08-16T01:21:10+0200,30cb418c-e56a-40a4-8689-fc8db64f26d1,2026-08-10T22:15:00Z,2026-08-11T00:15:00+0200,44238.10226,MW,DE,DE_LU,actual_load,Actual Load,2026-08-15T23:22:55Z
2026-08-15T23:21:10Z,2026-08-16T01:21:10+0200,30cb418c-e56a-40a4-8689-fc8db64f26d1,2026-08-10T22:30:00Z,2026-08-11T00:30:00+0200,44075.87602,MW,DE,DE_LU,actual_load,Actual Load,2026-08-15T23:22:55Z
2026-08-15T23:21:10Z,2026-08-16T01:21:10+0200,30cb418c-e56a-40a4-8689-fc8db64f26d1,2026-08-10T22:45:00Z,2026-08-11T00:45:00+0200,43767.86633,MW,DE,DE_LU,actual_load,Actual Load,2026-08-15T23:22:55Z
2026-08-15T23:21:10Z,2026-08-16T01:21:10+0200,30cb418c-e56a-40a4-8689-fc8db64f26d1,2026-08-10T23:00:00Z,2026-08-11T01:00:00+0200,43019.29259,MW,DE,DE_LU,actual_load,Actual Load,2026-08-15T23:22:55Z
2026-08-15T23:21:10Z,2026-08-16T01:21:10+0200,30cb418c-e56a-40a4-8689-fc8db64f26d1,2026-08-10T23:15:00Z,2026-08-11T01:15:00+0200,42755.24295,MW,DE,DE_LU,actual_load,Actual Load,2026-08-15T23:22:55Z
2026-08-15T23:21:10Z,2026-08-16T01:21:10+0200,30cb418c-e56a-40a4-8689-fc8db64f26d1,2026-08-10T23:30:00Z,2026-08-11T01:30:00+0200,42491.22653,MW,DE,DE_LU,actual_load,Actual Load,2026-08-15T23:22:55Z
2026-08-15T23:21:10Z,2026-08-16T01:21:10+0200,30cb418c-e56a-40a4-8689-fc8db64f26d1,2026-08-10T23:45:00Z,2026-08-11T01:45:00+0200,42296.82387,MW,DE,DE_LU,actual_load,Actual Load,2026-08-15T23:22:55Z
2026-08-15T23:21:10Z,2026-08-16T01:21:10+0200,30cb418c-e56a-40a4-8689-fc8db64f26d1,2026-08-11T00:00:00Z,2026-08-11T02:00:00+0200,41905.70849,MW,DE,DE_LU,actual_load,Actual Load,2026-08-15T23:22:55Z
2026-08-15T23:21:10Z,2026-08-16T01:21:10+0200,30cb418c-e56a-40a4-8689-fc8db64f26d1,2026-08-11T00:15:00Z,2026-08-11T02:15:00+0200,41733.62215,MW,DE,DE_LU,actual_load,Actual Load,2026-08-15T23:22:55Z
2026-08-15T23:21:10Z,2026-08-16T01:21:10+0200,30cb418c-e56a-40a4-8689-fc8db64f26d1,2026-08-11T00:30:00Z,2026-08-11T02:30:00+0200,41982.12739,MW,DE,DE_LU,actual_load,Actual Load,2026-08-15T23:22:55Z
2026-08-15T23:21:10Z,2026-08-16T01:21:10+0200,30cb418c-e56a-40a4-8689-fc8db64f26d1,2026-08-11T00:45:00Z,2026-08-11T02:45:00+0200,42182.62905,MW,DE,DE_LU,actual_load,Actual Load,2026-08-15T23:22:55Z
2026-08-15T23:21:10Z,2026-08-16T01:21:10+0200,30cb418c-e56a-40a4-8689-fc8db64f26d1,2026-08-11T01:00:00Z,2026-08-11T03:00:00+0200,42036.40919,MW,DE,DE_LU,actual_load,Actual Load,2026-08-15T23:22:55Z
2026-08-15T23:21:10Z,2026-08-16T01:21:10+0200,30cb418c-e56a-40a4-8689-fc8db64f26d1,2026-08-11T01:15:00Z,2026-08-11T03:15:00+0200,42032.45237,MW,DE,DE_LU,actual_load,Actual Load,2026-08-15T23:22:55Z
2026-08-15T23:21:10Z,2026-08-16T01:21:10+0200,30cb418c-e56a-40a4-8689-fc8db64f26d1,2026-08-11T01:30:00Z,2026-08-11T03:30:00+0200,41454.98736,MW,DE,DE_LU,actual_load,Actual Load,2026-08-15T23:22:55Z
2026-08-15T23:21:10Z,2026-08-16T01:21:10+0200,30cb418c-e56a-40a4-8689-fc8db64f26d1,2026-08-11T01:45:00Z,2026-08-11T03:45:00+0200,41483.05827,MW,DE,DE_LU,actual_load,Actual Load,2026-08-15T23:22:55Z
2026-08-15T23:21:10Z,2026-08-16T01:21:10+0200,30cb418c-e56a-40a4-8689-fc8db64f26d1,2026-08-11T02:00:00Z,2026-08-11T04:00:00+0200,41805.73621,MW,DE,DE_LU,actual_load,Actual Load,2026-08-15T23:22:55Z
2026-08-15T23:21:10Z,2026-08-16T01:21:10+0200,30cb418c-e56a-40a4-8689-fc8db64f26d1,2026-08-11T02:15:00Z,2026-08-11T04:15:00+0200,42101.66153,MW,DE,DE_LU,actual_load,Actual Load,2026-08-15T23:22:55Z
2026-08-15T23:21:10Z,2026-08-16T01:21:10+0200,30cb418c-e56a-40a4-8689-fc8db64f26d1,2026-08-11T02:30:00Z,2026-08-11T04:30:00+0200,42421.66743,MW,DE,DE_LU,actual_load,Actual Load,2026-08-15T23:22:55Z
2026-08-15T23:21:10Z,2026-08-16T01:21:10+0200,30cb418c-e56a-40a4-8689-fc8db64f26d1,2026-08-11T02:45:00Z,2026-08-11T04:45:00+0200,42797.20715,MW,DE,DE_LU,actual_load,Actual Load,2026-08-15T23:22:55Z
2026-08-15T23:21:10Z,2026-08-16T01:21:10+0200,30cb418c-e56a-40a4-8689-fc8db64f26d1,2026-08-11T03:00:00Z,2026-08-11T05:00:00+0200,43804.11675,MW,DE,DE_LU,actual_load,Actual Load,2026-08-15T23:22:55Z
2026-08-15T23:21:10Z,2026-08-16T01:21:10+0200,30cb418c-e56a-40a4-8689-fc8db64f26d1,2026-08-11T03:15:00Z,2026-08-11T05:15:00+0200,44202.03131,MW,DE,DE_LU,actual_load,Actual Load,2026-08-15T23:22:55Z
2026-08-15T23:21:10Z,2026-08-16T01:21:10+0200,30cb418c-e56a-40a4-8689-fc8db64f26d1,2026-08-11T03:30:00Z,2026-08-11T05:30:00+0200,44957.86205,MW,DE,DE_LU,actual_load,Actual Load,2026-08-15T23:22:55Z
2026-08-15T23:21:10Z,2026-08-16T01:21:10+0200,30cb418c-e56a-40a4-8689-fc8db64f26d1,2026-08-11T03:45:00Z,2026-08-11T05:45:00+0200,45748.0421,MW,DE,DE_LU,actual_load,Actual Load,2026-08-15T23:22:55Z
2026-08-15T23:21:10Z,2026-08-16T01:21:10+0200,30cb418c-e56a-40a4-8689-fc8db64f26d1,2026-08-11T04:00:00Z,2026-08-11T06:00:00+0200,47371.52386,MW,DE,DE_LU,actual_load,Actual Load,2026-08-15T23:22:55Z
2026-08-15T23:21:10Z,2026-08-16T01:21:10+0200,30cb418c-e56a-40a4-8689-fc8db64f26d1,2026-08-11T04:15:00Z,2026-08-11T06:15:00+0200,48621.58284,MW,DE,DE_LU,actual_load,Actual Load,2026-08-15T23:22:55Z
2026-08-15T23:21:10Z,2026-08-16T01:21:10+0200,30cb418c-e56a-40a4-8689-fc8db64f26d1,2026-08-11T04:30:00Z,2026-08-11T06:30:00+0200,50035.41977,MW,DE,DE_LU,actual_load,Actual Load,2026-08-15T23:22:55Z
2026-08-15T23:21:10Z,2026-08-16T01:21:10+0200,30cb418c-e56a-40a4-8689-fc8db64f26d1,2026-08-11T04:45:00Z,2026-08-11T06:45:00+0200,51493.30827,MW,DE,DE_LU,actual_load,Actual Load,2026-08-15T23:22:55Z
2026-08-15T23:21:10Z,2026-08-16T01:21:10+0200,30cb418c-e56a-40a4-8689-fc8db64f26d1,2026-08-11T05:00:00Z,2026-08-11T07:00:00+0200,52474.73226,MW,DE,DE_LU,actual_load,Actual Load,2026-08-15T23:22:55Z
2026-08-15T23:21:10Z,2026-08-16T01:21:10+0200,30cb418c-e56a-40a4-8689-fc8db64f26d1,2026-08-11T05:15:00Z,2026-08-11T07:15:00+0200,53252.19028,MW,DE,DE_LU,actual_load,Actual Load,2026-08-15T23:22:55Z
2026-08-15T23:21:10Z,2026-08-16T01:21:10+0200,30cb418c-e56a-40a4-8689-fc8db64f26d1,2026-08-11T05:30:00Z,2026-08-11T07:30:00+0200,53877.86979,MW,DE,DE_LU,actual_load,Actual Load,2026-08-15T23:22:55Z
2026-08-15T23:21:10Z,2026-08-16T01:21:10+0200,30cb418c-e56a-40a4-8689-fc8db64f26d1,2026-08-11T05:45:00Z,2026-08-11T07:45:00+0200,54866.70349,MW,DE,DE_LU,actual_load,Actual Load,2026-08-15T23:22:55Z
2026-08-15T23:21:10Z,2026-08-16T01:21:10+0200,30cb418c-e56a-40a4-8689-fc8db64f26d1,2026-08-11T06:00:00Z,2026-08-11T08:00:00+0200,54928.30836,MW,DE,DE_LU,actual_load,Actual Load,2026-08-15T23:22:55Z
2026-08-15T23:21:10Z,2026-08-16T01:21:10+0200,30cb418c-e56a-40a4-8689-fc8db64f26d1,2026-08-11T06:15:00Z,2026-08-11T08:15:00+0200,55868.96435,MW,DE,DE_LU,actual_load,Actual Load,2026-08-15T23:22:55Z
2026-08-15T23:21:10Z,2026-08-16T01:21:10+0200,30cb418c-e56a-40a4-8689-fc8db64f26d1,2026-08-11T06:30:00Z,2026-08-11T08:30:00+0200,56699.53812,MW,DE,DE_LU,actual_load,Actual Load,2026-08-15T23:22:55Z
2026-08-15T23:21:10Z,2026-08-16T01:21:10+0200,30cb418c-e56a-40a4-8689-fc8db64f26d1,2026-08-11T06:45:00Z,2026-08-11T08:45:00+0200,56811.09352,MW,DE,DE_LU,actual_load,Actual Load,2026-08-15T23:22:55Z
2026-08-15T23:21:10Z,2026-08-16T01:21:10+0200,30cb418c-e56a-40a4-8689-fc8db64f26d1,2026-08-11T07:00:00Z,2026-08-11T09:00:00+0200,55572.49735,MW,DE,DE_LU,actual_load,Actual Load,2026-08-15T23:22:55Z
2026-08-15T23:21:10Z,2026-08-16T01:21:10+0200,30cb418c-e56a-40a4-8689-fc8db64f26d1,2026-08-11T07:15:00Z,2026-08-11T09:15:00+0200,56201.30655,MW,DE,DE_LU,actual_load,Actual Load,2026-08-15T23:22:55Z
2026-08-15T23:21:10Z,2026-08-16T01:21:10+0200,30cb418c-e56a-40a4-8689-fc8db64f26d1,2026-08-11T07:30:00Z,2026-08-11T09:30:00+0200,56570.08154,MW,DE,DE_LU,actual_load,Actual Load,2026-08-15T23:22:55Z
2026-08-15T23:21:10Z,2026-08-16T01:21:10+0200,30cb418c-e56a-40a4-8689-fc8db64f26d1,2026-08-11T07:45:00Z,2026-08-11T09:45:00+0200,56369.13243,MW,DE,DE_LU,actual_load,Actual Load,2026-08-15T23:22:55Z
2026-08-15T23:21:10Z,2026-08-16T01:21:10+0200,30cb418c-e56a-40a4-8689-fc8db64f26d1,2026-08-11T08:00:00Z,2026-08-11T10:00:00+0200,56156.87428,MW,DE,DE_LU,actual_load,Actual Load,2026-08-15T23:22:55Z
2026-08-15T23:21:10Z,2026-08-16T01:21:10+0200,30cb418c-e56a-40a4-8689-fc8db64f26d1,2026-08-11T08:15:00Z,2026-08-11T10:15:00+0200,56501.77637,MW,DE,DE_LU,actual_load,Actual Load,2026-08-15T23:22:55Z
2026-08-15T23:21:10Z,2026-08-16T01:21:10+0200,30cb418c-e56a-40a4-8689-fc8db64f26d1,2026-08-11T08:30:00Z,2026-08-11T10:30:00+0200,56959.27911,MW,DE,DE_LU,actual_load,Actual Load,2026-08-15T23:22:55Z
2026-08-15T23:21:10Z,2026-08-16T01:21:10+0200,30cb418c-e56a-40a4-8689-fc8db64f26d1,2026-08-11T08:45:00Z,2026-08-11T10:45:00+0200,56505.45099,MW,DE,DE_LU,actual_load,Actual Load,2026-08-15T23:22:55Z
2026-08-15T23:21:10Z,2026-08-16T01:21:10+0200,30cb418c-e56a-40a4-8689-fc8db64f26d1,2026-08-11T09:00:00Z,2026-08-11T11:00:00+0200,57102.08801,MW,DE,DE_LU,actual_load,Actual Load,2026-08-15T23:22:55Z
2026-08-15T23:21:10Z,2026-08-16T01:21:10+0200,30cb418c-e56a-40a4-8689-fc8db64f26d1,2026-08-11T09:15:00Z,2026-08-11T11:15:00+0200,56825.95262,MW,DE,DE_LU,actual_load,Actual Load,2026-08-15T23:22:55Z
2026-08-15T23:21:10Z,2026-08-16T01:21:10+0200,30cb418c-e56a-40a4-8689-fc8db64f26d1,2026-08-11T09:30:00Z,2026-08-11T11:30:00+0200,56547.96803,MW,DE,DE_LU,actual_load,Actual Load,2026-08-15T23:22:55Z
2026-08-15T23:21:10Z,2026-08-16T01:21:10+0200,30cb418c-e56a-40a4-8689-fc8db64f26d1,2026-08-11T09:45:00Z,2026-08-11T11:45:00+0200,56525.13453,MW,DE,DE_LU,actual_load,Actual Load,2026-08-15T23:22:55Z
2026-08-15T23:21:10Z,2026-08-16T01:21:10+0200,30cb418c-e56a-40a4-8689-fc8db64f26d1,2026-08-11T10:00:00Z,2026-08-11T12:00:00+0200,56274.10182,MW,DE,DE_LU,actual_load,Actual Load,2026-08-15T23:22:55Z
2026-08-15T23:21:10Z,2026-08-16T01:21:10+0200,30cb418c-e56a-40a4-8689-fc8db64f26d1,2026-08-11T10:15:00Z,2026-08-11T12:15:00+0200,56159.38994,MW,DE,DE_LU,actual_load,Actual Load,2026-08-15T23:22:55Z
2026-08-15T23:21:10Z,2026-08-16T01:21:10+0200,30cb418c-e56a-40a4-8689-fc8db64f26d1,2026-08-11T10:30:00Z,2026-08-11T12:30:00+0200,56194.25663,MW,DE,DE_LU,actual_load,Actual Load,2026-08-15T23:22:55Z
2026-08-15T23:21:10Z,2026-08-16T01:21:10+0200,30cb418c-e56a-40a4-8689-fc8db64f26d1,2026-08-11T10:45:00Z,2026-08-11T12:45:00+0200,56094.72386,MW,DE,DE_LU,actual_load,Actual Load,2026-08-15T23:22:55Z
2026-08-15T23:21:10Z,2026-08-16T01:21:10+0200,30cb418c-e56a-40a4-8689-fc8db64f26d1,2026-08-11T11:00:00Z,2026-08-11T13:00:00+0200,56591.4805,MW,DE,DE_LU,actual_load,Actual Load,2026-08-15T23:22:55Z
2026-08-15T23:21:10Z,2026-08-16T01:21:10+0200,30cb418c-e56a-40a4-8689-fc8db64f26d1,2026-08-11T11:15:00Z,2026-08-11T13:15:00+0200,56096.42123,MW,DE,DE_LU,actual_load,Actual Load,2026-08-15T23:22:55Z
2026-08-15T23:21:10Z,2026-08-16T01:21:10+0200,30cb418c-e56a-40a4-8689-fc8db64f26d1,2026-08-11T11:30:00Z,2026-08-11T13:30:00+0200,55575.97452,MW,DE,DE_LU,actual_load,Actual Load,2026-08-15T23:22:55Z
2026-08-15T23:21:10Z,2026-08-16T01:21:10+0200,30cb418c-e56a-40a4-8689-fc8db64f26d1,2026-08-11T11:45:00Z,2026-08-11T13:45:00+0200,55200.88499,MW,DE,DE_LU,actual_load,Actual Load,2026-08-15T23:22:55Z
2026-08-15T23:21:10Z,2026-08-16T01:21:10+0200,30cb418c-e56a-40a4-8689-fc8db64f26d1,2026-08-11T12:00:00Z,2026-08-11T14:00:00+0200,54149.56073,MW,DE,DE_LU,actual_load,Actual Load,2026-08-15T23:22:55Z
2026-08-15T23:21:10Z,2026-08-16T01:21:10+0200,30cb418c-e56a-40a4-8689-fc8db64f26d1,2026-08-11T12:15:00Z,2026-08-11T14:15:00+0200,53375.58466,MW,DE,DE_LU,actual_load,Actual Load,2026-08-15T23:22:55Z
2026-08-15T23:21:10Z,2026-08-16T01:21:10+0200,30cb418c-e56a-40a4-8689-fc8db64f26d1,2026-08-11T12:30:00Z,2026-08-11T14:30:00+0200,52557.49249,MW,DE,DE_LU,actual_load,Actual Load,2026-08-15T23:22:55Z
2026-08-15T23:21:10Z,2026-08-16T01:21:10+0200,30cb418c-e56a-40a4-8689-fc8db64f26d1,2026-08-11T12:45:00Z,2026-08-11T14:45:00+0200,52360.10008,MW,DE,DE_LU,actual_load,Actual Load,2026-08-15T23:22:55Z
2026-08-15T23:21:10Z,2026-08-16T01:21:10+0200,30cb418c-e56a-40a4-8689-fc8db64f26d1,2026-08-11T13:00:00Z,2026-08-11T15:00:00+0200,51916.05198,MW,DE,DE_LU,actual_load,Actual Load,2026-08-15T23:22:55Z
2026-08-15T23:21:10Z,2026-08-16T01:21:10+0200,30cb418c-e56a-40a4-8689-fc8db64f26d1,2026-08-11T13:15:00Z,2026-08-11T15:15:00+0200,51870.37308,MW,DE,DE_LU,actual_load,Actual Load,2026-08-15T23:22:55Z
2026-08-15T23:21:10Z,2026-08-16T01:21:10+0200,30cb418c-e56a-40a4-8689-fc8db64f26d1,2026-08-11T13:30:00Z,2026-08-11T15:30:00+0200,51484.58544,MW,DE,DE_LU,actual_load,Actual Load,2026-08-15T23:22:55Z
2026-08-15T23:21:10Z,2026-08-16T01:21:10+0200,30cb418c-e56a-40a4-8689-fc8db64f26d1,2026-08-11T13:45:00Z,2026-08-11T15:45:00+0200,51884.12673,MW,DE,DE_LU,actual_load,Actual Load,2026-08-15T23:22:55Z
2026-08-15T23:21:10Z,2026-08-16T01:21:10+0200,30cb418c-e56a-40a4-8689-fc8db64f26d1,2026-08-11T14:00:00Z,2026-08-11T16:00:00+0200,52243.70979,MW,DE,DE_LU,actual_load,Actual Load,2026-08-15T23:22:55Z
2026-08-15T23:21:10Z,2026-08-16T01:21:10+0200,30cb418c-e56a-40a4-8689-fc8db64f26d1,2026-08-11T14:15:00Z,2026-08-11T16:15:00+0200,51868.56628,MW,DE,DE_LU,actual_load,Actual Load,2026-08-15T23:22:55Z
2026-08-15T23:21:10Z,2026-08-16T01:21:10+0200,30cb418c-e56a-40a4-8689-fc8db64f26d1,2026-08-11T14:30:00Z,2026-08-11T16:30:00+0200,52151.33199,MW,DE,DE_LU,actual_load,Actual Load,2026-08-15T23:22:55Z
2026-08-15T23:21:10Z,2026-08-16T01:21:10+0200,30cb418c-e56a-40a4-8689-fc8db64f26d1,2026-08-11T14:45:00Z,2026-08-11T16:45:00+0200,51937.07778,MW,DE,DE_LU,actual_load,Actual Load,2026-08-15T23:22:55Z
2026-08-15T23:21:10Z,2026-08-16T01:21:10+0200,30cb418c-e56a-40a4-8689-fc8db64f26d1,2026-08-11T15:00:00Z,2026-08-11T17:00:00+0200,51988.1016,MW,DE,DE_LU,actual_load,Actual Load,2026-08-15T23:22:55Z
2026-08-15T23:21:10Z,2026-08-16T01:21:10+0200,30cb418c-e56a-40a4-8689-fc8db64f26d1,2026-08-11T15:15:00Z,2026-08-11T17:15:00+0200,51727.8788,MW,DE,DE_LU,actual_load,Actual Load,2026-08-15T23:22:55Z
2026-08-15T23:21:10Z,2026-08-16T01:21:10+0200,30cb418c-e56a-40a4-8689-fc8db64f26d1,2026-08-11T15:30:00Z,2026-08-11T17:30:00+0200,52110.74961,MW,DE,DE_LU,actual_load,Actual Load,2026-08-15T23:22:55Z
2026-08-15T23:21:10Z,2026-08-16T01:21:10+0200,30cb418c-e56a-40a4-8689-fc8db64f26d1,2026-08-11T15:45:00Z,2026-08-11T17:45:00+0200,52174.36085,MW,DE,DE_LU,actual_load,Actual Load,2026-08-15T23:22:55Z
2026-08-15T23:21:10Z,2026-08-16T01:21:10+0200,30cb418c-e56a-40a4-8689-fc8db64f26d1,2026-08-11T16:00:00Z,2026-08-11T18:00:00+0200,53126.84895,MW,DE,DE_LU,actual_load,Actual Load,2026-08-15T23:22:55Z
2026-08-15T23:21:10Z,2026-08-16T01:21:10+0200,30cb418c-e56a-40a4-8689-fc8db64f26d1,2026-08-11T16:15:00Z,2026-08-11T18:15:00+0200,53169.34553,MW,DE,DE_LU,actual_load,Actual Load,2026-08-15T23:22:55Z
2026-08-15T23:21:10Z,2026-08-16T01:21:10+0200,30cb418c-e56a-40a4-8689-fc8db64f26d1,2026-08-11T16:30:00Z,2026-08-11T18:30:00+0200,53507.23246,MW,DE,DE_LU,actual_load,Actual Load,2026-08-15T23:22:55Z
2026-08-15T23:21:10Z,2026-08-16T01:21:10+0200,30cb418c-e56a-40a4-8689-fc8db64f26d1,2026-08-11T16:45:00Z,2026-08-11T18:45:00+0200,53728.83311,MW,DE,DE_LU,actual_load,Actual Load,2026-08-15T23:22:55Z
2026-08-15T23:21:10Z,2026-08-16T01:21:10+0200,30cb418c-e56a-40a4-8689-fc8db64f26d1,2026-08-11T17:00:00Z,2026-08-11T19:00:00+0200,53800.65081,MW,DE,DE_LU,actual_load,Actual Load,2026-08-15T23:22:55Z
2026-08-15T23:21:10Z,2026-08-16T01:21:10+0200,30cb418c-e56a-40a4-8689-fc8db64f26d1,2026-08-11T17:15:00Z,2026-08-11T19:15:00+0200,53514.27762,MW,DE,DE_LU,actual_load,Actual Load,2026-08-15T23:22:55Z
2026-08-15T23:21:10Z,2026-08-16T01:21:10+0200,30cb418c-e56a-40a4-8689-fc8db64f26d1,2026-08-11T17:30:00Z,2026-08-11T19:30:00+0200,52547.1464,MW,DE,DE_LU,actual_load,Actual Load,2026-08-15T23:22:55Z
2026-08-15T23:21:10Z,2026-08-16T01:21:10+0200,30cb418c-e56a-40a4-8689-fc8db64f26d1,2026-08-11T17:45:00Z,2026-08-11T19:45:00+0200,52330.78241,MW,DE,DE_LU,actual_load,Actual Load,2026-08-15T23:22:55Z
2026-08-15T23:21:10Z,2026-08-16T01:21:10+0200,30cb418c-e56a-40a4-8689-fc8db64f26d1,2026-08-11T18:00:00Z,2026-08-11T20:00:00+0200,52673.71531,MW,DE,DE_LU,actual_load,Actual Load,2026-08-15T23:22:55Z
2026-08-15T23:21:10Z,2026-08-16T01:21:10+0200,30cb418c-e56a-40a4-8689-fc8db64f26d1,2026-08-11T18:15:00Z,2026-08-11T20:15:00+0200,51841.33244,MW,DE,DE_LU,actual_load,Actual Load,2026-08-15T23:22:55Z
2026-08-15T23:21:10Z,2026-08-16T01:21:10+0200,30cb418c-e56a-40a4-8689-fc8db64f26d1,2026-08-11T18:30:00Z,2026-08-11T20:30:00+0200,51070.06678,MW,DE,DE_LU,actual_load,Actual Load,2026-08-15T23:22:55Z
2026-08-15T23:21:10Z,2026-08-16T01:21:10+0200,30cb418c-e56a-40a4-8689-fc8db64f26d1,2026-08-11T18:45:00Z,2026-08-11T20:45:00+0200,50983.27018,MW,DE,DE_LU,actual_load,Actual Load,2026-08-15T23:22:55Z
2026-08-15T23:21:10Z,2026-08-16T01:21:10+0200,30cb418c-e56a-40a4-8689-fc8db64f26d1,2026-08-11T19:00:00Z,2026-08-11T21:00:00+0200,50640.41498,MW,DE,DE_LU,actual_load,Actual Load,2026-08-15T23:22:55Z
2026-08-15T23:21:10Z,2026-08-16T01:21:10+0200,30cb418c-e56a-40a4-8689-fc8db64f26d1,2026-08-11T19:15:00Z,2026-08-11T21:15:00+0200,50116.81056,MW,DE,DE_LU,actual_load,Actual Load,2026-08-15T23:22:55Z
2026-08-15T23:21:10Z,2026-08-16T01:21:10+0200,30cb418c-e56a-40a4-8689-fc8db64f26d1,2026-08-11T19:30:00Z,2026-08-11T21:30:00+0200,49634.05039,MW,DE,DE_LU,actual_load,Actual Load,2026-08-15T23:22:55Z
2026-08-15T23:21:10Z,2026-08-16T01:21:10+0200,30cb418c-e56a-40a4-8689-fc8db64f26d1,2026-08-11T19:45:00Z,2026-08-11T21:45:00+0200,49462.6173,MW,DE,DE_LU,actual_load,Actual Load,2026-08-15T23:22:55Z
2026-08-15T23:21:10Z,2026-08-16T01:21:10+0200,30cb418c-e56a-40a4-8689-fc8db64f26d1,2026-08-11T20:00:00Z,2026-08-11T22:00:00+0200,48324.24062,MW,DE,DE_LU,actual_load,Actual Load,2026-08-15T23:22:55Z
2026-08-15T23:21:10Z,2026-08-16T01:21:10+0200,30cb418c-e56a-40a4-8689-fc8db64f26d1,2026-08-11T20:15:00Z,2026-08-11T22:15:00+0200,47971.02392,MW,DE,DE_LU,actual_load,Actual Load,2026-08-15T23:22:55Z
2026-08-15T23:21:10Z,2026-08-16T01:21:10+0200,30cb418c-e56a-40a4-8689-fc8db64f26d1,2026-08-11T20:30:00Z,2026-08-11T22:30:00+0200,47020.14736,MW,DE,DE_LU,actual_load,Actual Load,2026-08-15T23:22:55Z
2026-08-15T23:21:10Z,2026-08-16T01:21:10+0200,30cb418c-e56a-40a4-8689-fc8db64f26d1,2026-08-11T20:45:00Z,2026-08-11T22:45:00+0200,46077.45253,MW,DE,DE_LU,actual_load,Actual Load,2026-08-15T23:22:55Z
2026-08-15T23:21:10Z,2026-08-16T01:21:10+0200,30cb418c-e56a-40a4-8689-fc8db64f26d1,2026-08-11T21:00:00Z,2026-08-11T23:00:00+0200,45185.18246,MW,DE,DE_LU,actual_load,Actual Load,2026-08-15T23:22:55Z
2026-08-15T23:21:10Z,2026-08-16T01:21:10+0200,30cb418c-e56a-40a4-8689-fc8db64f26d1,2026-08-11T21:15:00Z,2026-08-11T23:15:00+0200,44513.27371,MW,DE,DE_LU,actual_load,Actual Load,2026-08-15T23:22:55Z
2026-08-15T23:21:10Z,2026-08-16T01:21:10+0200,30cb418c-e56a-40a4-8689-fc8db64f26d1,2026-08-11T21:30:00Z,2026-08-11T23:30:00+0200,44074.11843,MW,DE,DE_LU,actual_load,Actual Load,2026-08-15T23:22:55Z
2026-08-15T23:21:10Z,2026-08-16T01:21:10+0200,30cb418c-e56a-40a4-8689-fc8db64f26d1,2026-08-11T21:45:00Z,2026-08-11T23:45:00+0200,43300.52572,MW,DE,DE_LU,actual_load,Actual Load,2026-08-15T23:22:55Z
2026-08-15T23:21:10Z,2026-08-16T01:21:10+0200,30cb418c-e56a-40a4-8689-fc8db64f26d1,2026-08-11T22:00:00Z,2026-08-12T00:00:00+0200,42897.67567,MW,DE,DE_LU,actual_load,Actual Load,2026-08-15T23:22:55Z
2026-08-15T23:21:10Z,2026-08-16T01:21:10+0200,30cb418c-e56a-40a4-8689-fc8db64f26d1,2026-08-11T22:15:00Z,2026-08-12T00:15:00+0200,42436.86063,MW,DE,DE_LU,actual_load,Actual Load,2026-08-15T23:22:55Z
2026-08-15T23:21:10Z,2026-08-16T01:21:10+0200,30cb418c-e56a-40a4-8689-fc8db64f26d1,2026-08-11T22:30:00Z,2026-08-12T00:30:00+0200,42434.07158,MW,DE,DE_LU,actual_load,Actual Load,2026-08-15T23:22:55Z
2026-08-15T23:21:10Z,2026-08-16T01:21:10+0200,30cb418c-e56a-40a4-8689-fc8db64f26d1,2026-08-11T22:45:00Z,2026-08-12T00:45:00+0200,41945.74338,MW,DE,DE_LU,actual_load,Actual Load,2026-08-15T23:22:55Z
2026-08-15T23:21:10Z,2026-08-16T01:21:10+0200,30cb418c-e56a-40a4-8689-fc8db64f26d1,2026-08-11T23:00:00Z,2026-08-12T01:00:00+0200,41367.60768,MW,DE,DE_LU,actual_load,Actual Load,2026-08-15T23:22:55Z
2026-08-15T23:21:10Z,2026-08-16T01:21:10+0200,30cb418c-e56a-40a4-8689-fc8db64f26d1,2026-08-11T23:15:00Z,2026-08-12T01:15:00+0200,41163.35615,MW,DE,DE_LU,actual_load,Actual Load,2026-08-15T23:22:55Z
2026-08-15T23:21:10Z,2026-08-16T01:21:10+0200,30cb418c-e56a-40a4-8689-fc8db64f26d1,2026-08-11T23:30:00Z,2026-08-12T01:30:00+0200,40577.15692,MW,DE,DE_LU,actual_load,Actual Load,2026-08-15T23:22:55Z
2026-08-15T23:21:10Z,2026-08-16T01:21:10+0200,30cb418c-e56a-40a4-8689-fc8db64f26d1,2026-08-11T23:45:00Z,2026-08-12T01:45:00+0200,40389.33844,MW,DE,DE_LU,actual_load,Actual Load,2026-08-15T23:22:55Z
2026-08-15T23:21:10Z,2026-08-16T01:21:10+0200,30cb418c-e56a-40a4-8689-fc8db64f26d1,2026-08-12T00:00:00Z,2026-08-12T02:00:00+0200,39991.5298,MW,DE,DE_LU,actual_load,Actual Load,2026-08-15T23:22:55Z
2026-08-15T23:21:10Z,2026-08-16T01:21:10+0200,30cb418c-e56a-40a4-8689-fc8db64f26d1,2026-08-12T00:15:00Z,2026-08-12T02:15:00+0200,40416.80105,MW,DE,DE_LU,actual_load,Actual Load,2026-08-15T23:22:55Z
2026-08-15T23:21:10Z,2026-08-16T01:21:10+0200,30cb418c-e56a-40a4-8689-fc8db64f26d1,2026-08-12T00:30:00Z,2026-08-12T02:30:00+0200,40140.48984,MW,DE,DE_LU,actual_load,Actual Load,2026-08-15T23:22:55Z
2026-08-15T23:21:10Z,2026-08-16T01:21:10+0200,30cb418c-e56a-40a4-8689-fc8db64f26d1,2026-08-12T00:45:00Z,2026-08-12T02:45:00+0200,40079.72742,MW,DE,DE_LU,actual_load,Actual Load,2026-08-15T23:22:55Z
2026-08-15T23:21:10Z,2026-08-16T01:21:10+0200,30cb418c-e56a-40a4-8689-fc8db64f26d1,2026-08-12T01:00:00Z,2026-08-12T03:00:00+0200,40210.95538,MW,DE,DE_LU,actual_load,Actual Load,2026-08-15T23:22:55Z
2026-08-15T23:21:10Z,2026-08-16T01:21:10+0200,30cb418c-e56a-40a4-8689-fc8db64f26d1,2026-08-12T01:15:00Z,2026-08-12T03:15:00+0200,40392.84131,MW,DE,DE_LU,actual_load,Actual Load,2026-08-15T23:22:55Z
2026-08-15T23:21:10Z,2026-08-16T01:21:10+0200,30cb418c-e56a-40a4-8689-fc8db64f26d1,2026-08-12T01:30:00Z,2026-08-12T03:30:00+0200,39879.9978,MW,DE,DE_LU,actual_load,Actual Load,2026-08-15T23:22:55Z
2026-08-15T23:21:10Z,2026-08-16T01:21:10+0200,30cb418c-e56a-40a4-8689-fc8db64f26d1,2026-08-12T01:45:00Z,2026-08-12T03:45:00+0200,40117.66469,MW,DE,DE_LU,actual_load,Actual Load,2026-08-15T23:22:55Z
2026-08-15T23:21:10Z,2026-08-16T01:21:10+0200,30cb418c-e56a-40a4-8689-fc8db64f26d1,2026-08-12T02:00:00Z,2026-08-12T04:00:00+0200,41117.59846,MW,DE,DE_LU,actual_load,Actual Load,2026-08-15T23:22:55Z
2026-08-15T23:21:10Z,2026-08-16T01:21:10+0200,30cb418c-e56a-40a4-8689-fc8db64f26d1,2026-08-12T02:15:00Z,2026-08-12T04:15:00+0200,40897.37567,MW,DE,DE_LU,actual_load,Actual Load,2026-08-15T23:22:55Z
2026-08-15T23:21:10Z,2026-08-16T01:21:10+0200,30cb418c-e56a-40a4-8689-fc8db64f26d1,2026-08-12T02:30:00Z,2026-08-12T04:30:00+0200,40783.76901,MW,DE,DE_LU,actual_load,Actual Load,2026-08-15T23:22:55Z
2026-08-15T23:21:10Z,2026-08-16T01:21:10+0200,30cb418c-e56a-40a4-8689-fc8db64f26d1,2026-08-12T02:45:00Z,2026-08-12T04:45:00+0200,40901.04684,MW,DE,DE_LU,actual_load,Actual Load,2026-08-15T23:22:55Z
2026-08-15T23:21:10Z,2026-08-16T01:21:10+0200,30cb418c-e56a-40a4-8689-fc8db64f26d1,2026-08-12T03:00:00Z,2026-08-12T05:00:00+0200,41982.14191,MW,DE,DE_LU,actual_load,Actual Load,2026-08-15T23:22:55Z
2026-08-15T23:21:10Z,2026-08-16T01:21:10+0200,30cb418c-e56a-40a4-8689-fc8db64f26d1,2026-08-12T03:15:00Z,2026-08-12T05:15:00+0200,42681.83359,MW,DE,DE_LU,actual_load,Actual Load,2026-08-15T23:22:55Z
2026-08-15T23:21:10Z,2026-08-16T01:21:10+0200,30cb418c-e56a-40a4-8689-fc8db64f26d1,2026-08-12T03:30:00Z,2026-08-12T05:30:00+0200,43583.66294,MW,DE,DE_LU,actual_load,Actual Load,2026-08-15T23:22:55Z
2026-08-15T23:21:10Z,2026-08-16T01:21:10+0200,30cb418c-e56a-40a4-8689-fc8db64f26d1,2026-08-12T03:45:00Z,2026-08-12T05:45:00+0200,44648.23525,MW,DE,DE_LU,actual_load,Actual Load,2026-08-15T23:22:55Z
2026-08-15T23:21:10Z,2026-08-16T01:21:10+0200,30cb418c-e56a-40a4-8689-fc8db64f26d1,2026-08-12T04:00:00Z,2026-08-12T06:00:00+0200,46578.14968,MW,DE,DE_LU,actual_load,Actual Load,2026-08-15T23:22:55Z
2026-08-15T23:21:10Z,2026-08-16T01:21:10+0200,30cb418c-e56a-40a4-8689-fc8db64f26d1,2026-08-12T04:15:00Z,2026-08-12T06:15:00+0200,48261.65442,MW,DE,DE_LU,actual_load,Actual Load,2026-08-15T23:22:55Z
2026-08-15T23:21:10Z,2026-08-16T01:21:10+0200,30cb418c-e56a-40a4-8689-fc8db64f26d1,2026-08-12T04:30:00Z,2026-08-12T06:30:00+0200,49637.72957,MW,DE,DE_LU,actual_load,Actual Load,2026-08-15T23:22:55Z
2026-08-15T23:21:10Z,2026-08-16T01:21:10+0200,30cb418c-e56a-40a4-8689-fc8db64f26d1,2026-08-12T04:45:00Z,2026-08-12T06:45:00+0200,50774.69803,MW,DE,DE_LU,actual_load,Actual Load,2026-08-15T23:22:55Z
2026-08-15T23:21:10Z,2026-08-16T01:21:10+0200,30cb418c-e56a-40a4-8689-fc8db64f26d1,2026-08-12T05:00:00Z,2026-08-12T07:00:00+0200,51093.91896,MW,DE,DE_LU,actual_load,Actual Load,2026-08-15T23:22:55Z
2026-08-15T23:21:10Z,2026-08-16T01:21:10+0200,30cb418c-e56a-40a4-8689-fc8db64f26d1,2026-08-12T05:15:00Z,2026-08-12T07:15:00+0200,51934.52511,MW,DE,DE_LU,actual_load,Actual Load,2026-08-15T23:22:55Z
2026-08-15T23:21:10Z,2026-08-16T01:21:10+0200,30cb418c-e56a-40a4-8689-fc8db64f26d1,2026-08-12T05:30:00Z,2026-08-12T07:30:00+0200,53263.72675,MW,DE,DE_LU,actual_load,Actual Load,2026-08-15T23:22:55Z
2026-08-15T23:21:10Z,2026-08-16T01:21:10+0200,30cb418c-e56a-40a4-8689-fc8db64f26d1,2026-08-12T05:45:00Z,2026-08-12T07:45:00+0200,54421.50833,MW,DE,DE_LU,actual_load,Actual Load,2026-08-15T23:22:55Z
2026-08-15T23:21:10Z,2026-08-16T01:21:10+0200,30cb418c-e56a-40a4-8689-fc8db64f26d1,2026-08-12T06:00:00Z,2026-08-12T08:00:00+0200,53749.85722,MW,DE,DE_LU,actual_load,Actual Load,2026-08-15T23:22:55Z
2026-08-15T23:21:10Z,2026-08-16T01:21:10+0200,30cb418c-e56a-40a4-8689-fc8db64f26d1,2026-08-12T06:15:00Z,2026-08-12T08:15:00+0200,54753.18672,MW,DE,DE_LU,actual_load,Actual Load,2026-08-15T23:22:55Z
2026-08-15T23:21:10Z,2026-08-16T01:21:10+0200,30cb418c-e56a-40a4-8689-fc8db64f26d1,2026-08-12T06:30:00Z,2026-08-12T08:30:00+0200,55906.62834,MW,DE,DE_LU,actual_load,Actual Load,2026-08-15T23:22:55Z
2026-08-15T23:21:10Z,2026-08-16T01:21:10+0200,30cb418c-e56a-40a4-8689-fc8db64f26d1,2026-08-12T06:45:00Z,2026-08-12T08:45:00+0200,56357.70312,MW,DE,DE_LU,actual_load,Actual Load,2026-08-15T23:22:55Z
2026-08-15T23:21:10Z,2026-08-16T01:21:10+0200,30cb418c-e56a-40a4-8689-fc8db64f26d1,2026-08-12T07:00:00Z,2026-08-12T09:00:00+0200,55389.65471,MW,DE,DE_LU,actual_load,Actual Load,2026-08-15T23:22:55Z
2026-08-15T23:21:10Z,2026-08-16T01:21:10+0200,30cb418c-e56a-40a4-8689-fc8db64f26d1,2026-08-12T07:15:00Z,2026-08-12T09:15:00+0200,57912.46426,MW,DE,DE_LU,actual_load,Actual Load,2026-08-15T23:22:55Z
2026-08-15T23:21:10Z,2026-08-16T01:21:10+0200,30cb418c-e56a-40a4-8689-fc8db64f26d1,2026-08-12T07:30:00Z,2026-08-12T09:30:00+0200,57873.52246,MW,DE,DE_LU,actual_load,Actual Load,2026-08-15T23:22:55Z
2026-08-15T23:21:10Z,2026-08-16T01:21:10+0200,30cb418c-e56a-40a4-8689-fc8db64f26d1,2026-08-12T07:45:00Z,2026-08-12T09:45:00+0200,57570.28623,MW,DE,DE_LU,actual_load,Actual Load,2026-08-15T23:22:55Z
2026-08-15T23:21:10Z,2026-08-16T01:21:10+0200,30cb418c-e56a-40a4-8689-fc8db64f26d1,2026-08-12T08:00:00Z,2026-08-12T10:00:00+0200,56504.40304,MW,DE,DE_LU,actual_load,Actual Load,2026-08-15T23:22:55Z
2026-08-15T23:21:10Z,2026-08-16T01:21:10+0200,30cb418c-e56a-40a4-8689-fc8db64f26d1,2026-08-12T08:15:00Z,2026-08-12T10:15:00+0200,56747.29125,MW,DE,DE_LU,actual_load,Actual Load,2026-08-15T23:22:55Z
2026-08-15T23:21:10Z,2026-08-16T01:21:10+0200,30cb418c-e56a-40a4-8689-fc8db64f26d1,2026-08-12T08:30:00Z,2026-08-12T10:30:00+0200,56159.87622,MW,DE,DE_LU,actual_load,Actual Load,2026-08-15T23:22:55Z
2026-08-15T23:21:10Z,2026-08-16T01:21:10+0200,30cb418c-e56a-40a4-8689-fc8db64f26d1,2026-08-12T08:45:00Z,2026-08-12T10:45:00+0200,56061.18881,MW,DE,DE_LU,actual_load,Actual Load,2026-08-15T23:22:55Z
2026-08-15T23:21:10Z,2026-08-16T01:21:10+0200,30cb418c-e56a-40a4-8689-fc8db64f26d1,2026-08-12T09:00:00Z,2026-08-12T11:00:00+0200,56052.23163,MW,DE,DE_LU,actual_load,Actual Load,2026-08-15T23:22:55Z
2026-08-15T23:21:10Z,2026-08-16T01:21:10+0200,30cb418c-e56a-40a4-8689-fc8db64f26d1,2026-08-12T09:15:00Z,2026-08-12T11:15:00+0200,56716.56315,MW,DE,DE_LU,actual_load,Actual Load,2026-08-15T23:22:55Z
2026-08-15T23:21:10Z,2026-08-16T01:21:10+0200,30cb418c-e56a-40a4-8689-fc8db64f26d1,2026-08-12T09:30:00Z,2026-08-12T11:30:00+0200,56894.26549,MW,DE,DE_LU,actual_load,Actual Load,2026-08-15T23:22:55Z
2026-08-15T23:21:10Z,2026-08-16T01:21:10+0200,30cb418c-e56a-40a4-8689-fc8db64f26d1,2026-08-12T09:45:00Z,2026-08-12T11:45:00+0200,56565.56109,MW,DE,DE_LU,actual_load,Actual Load,2026-08-15T23:22:55Z
2026-08-15T23:21:10Z,2026-08-16T01:21:10+0200,30cb418c-e56a-40a4-8689-fc8db64f26d1,2026-08-12T10:00:00Z,2026-08-12T12:00:00+0200,56337.08209,MW,DE,DE_LU,actual_load,Actual Load,2026-08-15T23:22:55Z
2026-08-15T23:21:10Z,2026-08-16T01:21:10+0200,30cb418c-e56a-40a4-8689-fc8db64f26d1,2026-08-12T10:15:00Z,2026-08-12T12:15:00+0200,55687.76927,MW,DE,DE_LU,actual_load,Actual Load,2026-08-15T23:22:55Z
2026-08-15T23:21:10Z,2026-08-16T01:21:10+0200,30cb418c-e56a-40a4-8689-fc8db64f26d1,2026-08-12T10:30:00Z,2026-08-12T12:30:00+0200,55714.98212,MW,DE,DE_LU,actual_load,Actual Load,2026-08-15T23:22:55Z
2026-08-15T23:21:10Z,2026-08-16T01:21:10+0200,30cb418c-e56a-40a4-8689-fc8db64f26d1,2026-08-12T10:45:00Z,2026-08-12T12:45:00+0200,55355.96925,MW,DE,DE_LU,actual_load,Actual Load,2026-08-15T23:22:55Z
2026-08-15T23:21:10Z,2026-08-16T01:21:10+0200,30cb418c-e56a-40a4-8689-fc8db64f26d1,2026-08-12T11:00:00Z,2026-08-12T13:00:00+0200,54968.46348,MW,DE,DE_LU,actual_load,Actual Load,2026-08-15T23:22:55Z
2026-08-15T23:21:10Z,2026-08-16T01:21:10+0200,30cb418c-e56a-40a4-8689-fc8db64f26d1,2026-08-12T11:15:00Z,2026-08-12T13:15:00+0200,54761.58716,MW,DE,DE_LU,actual_load,Actual Load,2026-08-15T23:22:55Z
2026-08-15T23:21:10Z,2026-08-16T01:21:10+0200,30cb418c-e56a-40a4-8689-fc8db64f26d1,2026-08-12T11:30:00Z,2026-08-12T13:30:00+0200,54472.65144,MW,DE,DE_LU,actual_load,Actual Load,2026-08-15T23:22:55Z
2026-08-15T23:21:10Z,2026-08-16T01:21:10+0200,30cb418c-e56a-40a4-8689-fc8db64f26d1,2026-08-12T11:45:00Z,2026-08-12T13:45:00+0200,54104.92554,MW,DE,DE_LU,actual_load,Actual Load,2026-08-15T23:22:55Z
2026-08-15T23:21:10Z,2026-08-16T01:21:10+0200,30cb418c-e56a-40a4-8689-fc8db64f26d1,2026-08-12T12:00:00Z,2026-08-12T14:00:00+0200,53520.25197,MW,DE,DE_LU,actual_load,Actual Load,2026-08-15T23:22:55Z
2026-08-15T23:21:10Z,2026-08-16T01:21:10+0200,30cb418c-e56a-40a4-8689-fc8db64f26d1,2026-08-12T12:15:00Z,2026-08-12T14:15:00+0200,53368.54453,MW,DE,DE_LU,actual_load,Actual Load,2026-08-15T23:22:55Z
2026-08-15T23:21:10Z,2026-08-16T01:21:10+0200,30cb418c-e56a-40a4-8689-fc8db64f26d1,2026-08-12T12:30:00Z,2026-08-12T14:30:00+0200,53139.02884,MW,DE,DE_LU,actual_load,Actual Load,2026-08-15T23:22:55Z
2026-08-15T23:21:10Z,2026-08-16T01:21:10+0200,30cb418c-e56a-40a4-8689-fc8db64f26d1,2026-08-12T12:45:00Z,2026-08-12T14:45:00+0200,53116.14885,MW,DE,DE_LU,actual_load,Actual Load,2026-08-15T23:22:55Z
2026-08-15T23:21:10Z,2026-08-16T01:21:10+0200,30cb418c-e56a-40a4-8689-fc8db64f26d1,2026-08-12T13:00:00Z,2026-08-12T15:00:00+0200,52872.71515,MW,DE,DE_LU,actual_load,Actual Load,2026-08-15T23:22:55Z
2026-08-15T23:21:10Z,2026-08-16T01:21:10+0200,30cb418c-e56a-40a4-8689-fc8db64f26d1,2026-08-12T13:15:00Z,2026-08-12T15:15:00+0200,52877.98553,MW,DE,DE_LU,actual_load,Actual Load,2026-08-15T23:22:55Z
2026-08-15T23:21:10Z,2026-08-16T01:21:10+0200,30cb418c-e56a-40a4-8689-fc8db64f26d1,2026-08-12T13:30:00Z,2026-08-12T15:30:00+0200,52754.89586,MW,DE,DE_LU,actual_load,Actual Load,2026-08-15T23:22:55Z
2026-08-15T23:21:10Z,2026-08-16T01:21:10+0200,30cb418c-e56a-40a4-8689-fc8db64f26d1,2026-08-12T13:45:00Z,2026-08-12T15:45:00+0200,52424.1032,MW,DE,DE_LU,actual_load,Actual Load,2026-08-15T23:22:55Z
2026-08-15T23:21:10Z,2026-08-16T01:21:10+0200,30cb418c-e56a-40a4-8689-fc8db64f26d1,2026-08-12T14:00:00Z,2026-08-12T16:00:00+0200,53152.11702,MW,DE,DE_LU,actual_load,Actual Load,2026-08-15T23:22:55Z
2026-08-15T23:21:10Z,2026-08-16T01:21:10+0200,30cb418c-e56a-40a4-8689-fc8db64f26d1,2026-08-12T14:15:00Z,2026-08-12T16:15:00+0200,53173.09047,MW,DE,DE_LU,actual_load,Actual Load,2026-08-15T23:22:55Z
2026-08-15T23:21:10Z,2026-08-16T01:21:10+0200,30cb418c-e56a-40a4-8689-fc8db64f26d1,2026-08-12T14:30:00Z,2026-08-12T16:30:00+0200,52885.22945,MW,DE,DE_LU,actual_load,Actual Load,2026-08-15T23:22:55Z
2026-08-15T23:21:10Z,2026-08-16T01:21:10+0200,30cb418c-e56a-40a4-8689-fc8db64f26d1,2026-08-12T14:45:00Z,2026-08-12T16:45:00+0200,52531.02824,MW,DE,DE_LU,actual_load,Actual Load,2026-08-15T23:22:55Z
2026-08-15T23:21:10Z,2026-08-16T01:21:10+0200,30cb418c-e56a-40a4-8689-fc8db64f26d1,2026-08-12T15:00:00Z,2026-08-12T17:00:00+0200,53605.30142,MW,DE,DE_LU,actual_load,Actual Load,2026-08-15T23:22:55Z
2026-08-15T23:21:10Z,2026-08-16T01:21:10+0200,30cb418c-e56a-40a4-8689-fc8db64f26d1,2026-08-12T15:15:00Z,2026-08-12T17:15:00+0200,53887.35227,MW,DE,DE_LU,actual_load,Actual Load,2026-08-15T23:22:55Z
2026-08-15T23:21:10Z,2026-08-16T01:21:10+0200,30cb418c-e56a-40a4-8689-fc8db64f26d1,2026-08-12T15:30:00Z,2026-08-12T17:30:00+0200,53974.31755,MW,DE,DE_LU,actual_load,Actual Load,2026-08-15T23:22:55Z
2026-08-15T23:21:10Z,2026-08-16T01:21:10+0200,30cb418c-e56a-40a4-8689-fc8db64f26d1,2026-08-12T15:45:00Z,2026-08-12T17:45:00+0200,53482.21574,MW,DE,DE_LU,actual_load,Actual Load,2026-08-15T23:22:55Z
2026-08-15T23:21:10Z,2026-08-16T01:21:10+0200,30cb418c-e56a-40a4-8689-fc8db64f26d1,2026-08-12T16:00:00Z,2026-08-12T18:00:00+0200,54325.4029,MW,DE,DE_LU,actual_load,Actual Load,2026-08-15T23:22:55Z
2026-08-15T23:21:10Z,2026-08-16T01:21:10+0200,30cb418c-e56a-40a4-8689-fc8db64f26d1,2026-08-12T16:15:00Z,2026-08-12T18:15:00+0200,54442.42776,MW,DE,DE_LU,actual_load,Actual Load,2026-08-15T23:22:55Z
2026-08-15T23:21:10Z,2026-08-16T01:21:10+0200,30cb418c-e56a-40a4-8689-fc8db64f26d1,2026-08-12T16:30:00Z,2026-08-12T18:30:00+0200,54360.24642,MW,DE,DE_LU,actual_load,Actual Load,2026-08-15T23:22:55Z
2026-08-15T23:21:10Z,2026-08-16T01:21:10+0200,30cb418c-e56a-40a4-8689-fc8db64f26d1,2026-08-12T16:45:00Z,2026-08-12T18:45:00+0200,54532.56444,MW,DE,DE_LU,actual_load,Actual Load,2026-08-15T23:22:55Z
2026-08-15T23:21:10Z,2026-08-16T01:21:10+0200,30cb418c-e56a-40a4-8689-fc8db64f26d1,2026-08-12T17:00:00Z,2026-08-12T19:00:00+0200,54662.13734,MW,DE,DE_LU,actual_load,Actual Load,2026-08-15T23:22:55Z
2026-08-15T23:21:10Z,2026-08-16T01:21:10+0200,30cb418c-e56a-40a4-8689-fc8db64f26d1,2026-08-12T17:15:00Z,2026-08-12T19:15:00+0200,54045.24854,MW,DE,DE_LU,actual_load,Actual Load,2026-08-15T23:22:55Z
2026-08-15T23:21:10Z,2026-08-16T01:21:10+0200,30cb418c-e56a-40a4-8689-fc8db64f26d1,2026-08-12T17:30:00Z,2026-08-12T19:30:00+0200,53709.93528,MW,DE,DE_LU,actual_load,Actual Load,2026-08-15T23:22:55Z
2026-08-15T23:21:10Z,2026-08-16T01:21:10+0200,30cb418c-e56a-40a4-8689-fc8db64f26d1,2026-08-12T17:45:00Z,2026-08-12T19:45:00+0200,53251.01103,MW,DE,DE_LU,actual_load,Actual Load,2026-08-15T23:22:55Z
2026-08-15T23:21:10Z,2026-08-16T01:21:10+0200,30cb418c-e56a-40a4-8689-fc8db64f26d1,2026-08-12T18:00:00Z,2026-08-12T20:00:00+0200,52507.52409,MW,DE,DE_LU,actual_load,Actual Load,2026-08-15T23:22:55Z
2026-08-15T23:21:10Z,2026-08-16T01:21:10+0200,30cb418c-e56a-40a4-8689-fc8db64f26d1,2026-08-12T18:15:00Z,2026-08-12T20:15:00+0200,52041.87995,MW,DE,DE_LU,actual_load,Actual Load,2026-08-15T23:22:55Z
2026-08-15T23:21:10Z,2026-08-16T01:21:10+0200,30cb418c-e56a-40a4-8689-fc8db64f26d1,2026-08-12T18:30:00Z,2026-08-12T20:30:00+0200,51853.87429,MW,DE,DE_LU,actual_load,Actual Load,2026-08-15T23:22:55Z
2026-08-15T23:21:10Z,2026-08-16T01:21:10+0200,30cb418c-e56a-40a4-8689-fc8db64f26d1,2026-08-12T18:45:00Z,2026-08-12T20:45:00+0200,51510.4869,MW,DE,DE_LU,actual_load,Actual Load,2026-08-15T23:22:55Z
2026-08-15T23:21:10Z,2026-08-16T01:21:10+0200,30cb418c-e56a-40a4-8689-fc8db64f26d1,2026-08-12T19:00:00Z,2026-08-12T21:00:00+0200,50963.80439,MW,DE,DE_LU,actual_load,Actual Load,2026-08-15T23:22:55Z
2026-08-15T23:21:10Z,2026-08-16T01:21:10+0200,30cb418c-e56a-40a4-8689-fc8db64f26d1,2026-08-12T19:15:00Z,2026-08-12T21:15:00+0200,50479.99203,MW,DE,DE_LU,actual_load,Actual Load,2026-08-15T23:22:55Z
2026-08-15T23:21:10Z,2026-08-16T01:21:10+0200,30cb418c-e56a-40a4-8689-fc8db64f26d1,2026-08-12T19:30:00Z,2026-08-12T21:30:00+0200,50257.66322,MW,DE,DE_LU,actual_load,Actual Load,2026-08-15T23:22:55Z
2026-08-15T23:21:10Z,2026-08-16T01:21:10+0200,30cb418c-e56a-40a4-8689-fc8db64f26d1,2026-08-12T19:45:00Z,2026-08-12T21:45:00+0200,49266.38473,MW,DE,DE_LU,actual_load,Actual Load,2026-08-15T23:22:55Z
2026-08-15T23:21:10Z,2026-08-16T01:21:10+0200,30cb418c-e56a-40a4-8689-fc8db64f26d1,2026-08-12T20:00:00Z,2026-08-12T22:00:00+0200,48460.17336,MW,DE,DE_LU,actual_load,Actual Load,2026-08-15T23:22:55Z
2026-08-15T23:21:10Z,2026-08-16T01:21:10+0200,30cb418c-e56a-40a4-8689-fc8db64f26d1,2026-08-12T20:15:00Z,2026-08-12T22:15:00+0200,48238.10432,MW,DE,DE_LU,actual_load,Actual Load,2026-08-15T23:22:55Z
2026-08-15T23:21:10Z,2026-08-16T01:21:10+0200,30cb418c-e56a-40a4-8689-fc8db64f26d1,2026-08-12T20:30:00Z,2026-08-12T22:30:00+0200,47428.60437,MW,DE,DE_LU,actual_load,Actual Load,2026-08-15T23:22:55Z
2026-08-15T23:21:10Z,2026-08-16T01:21:10+0200,30cb418c-e56a-40a4-8689-fc8db64f26d1,2026-08-12T20:45:00Z,2026-08-12T22:45:00+0200,46756.80476,MW,DE,DE_LU,actual_load,Actual Load,2026-08-15T23:22:55Z
2026-08-15T23:21:10Z,2026-08-16T01:21:10+0200,30cb418c-e56a-40a4-8689-fc8db64f26d1,2026-08-12T21:00:00Z,2026-08-12T23:00:00+0200,46060.62449,MW,DE,DE_LU,actual_load,Actual Load,2026-08-15T23:22:55Z
2026-08-15T23:21:10Z,2026-08-16T01:21:10+0200,30cb418c-e56a-40a4-8689-fc8db64f26d1,2026-08-12T21:15:00Z,2026-08-12T23:15:00+0200,45317.90551,MW,DE,DE_LU,actual_load,Actual Load,2026-08-15T23:22:55Z
2026-08-15T23:21:10Z,2026-08-16T01:21:10+0200,30cb418c-e56a-40a4-8689-fc8db64f26d1,2026-08-12T21:30:00Z,2026-08-12T23:30:00+0200,45212.90489,MW,DE,DE_LU,actual_load,Actual Load,2026-08-15T23:22:55Z
2026-08-15T23:21:10Z,2026-08-16T01:21:10+0200,30cb418c-e56a-40a4-8689-fc8db64f26d1,2026-08-12T21:45:00Z,2026-08-12T23:45:00+0200,45112.76352,MW,DE,DE_LU,actual_load,Actual Load,2026-08-15T23:22:55Z
2026-08-15T23:21:10Z,2026-08-16T01:21:10+0200,30cb418c-e56a-40a4-8689-fc8db64f26d1,2026-08-12T22:00:00Z,2026-08-13T00:00:00+0200,43961.19164,MW,DE,DE_LU,actual_load,Actual Load,2026-08-15T23:22:55Z
2026-08-15T23:21:10Z,2026-08-16T01:21:10+0200,30cb418c-e56a-40a4-8689-fc8db64f26d1,2026-08-12T22:15:00Z,2026-08-13T00:15:00+0200,44225.15284,MW,DE,DE_LU,actual_load,Actual Load,2026-08-15T23:22:55Z
2026-08-15T23:21:10Z,2026-08-16T01:21:10+0200,30cb418c-e56a-40a4-8689-fc8db64f26d1,2026-08-12T22:30:00Z,2026-08-13T00:30:00+0200,44306.4003,MW,DE,DE_LU,actual_load,Actual Load,2026-08-15T23:22:55Z
2026-08-15T23:21:10Z,2026-08-16T01:21:10+0200,30cb418c-e56a-40a4-8689-fc8db64f26d1,2026-08-12T22:45:00Z,2026-08-13T00:45:00+0200,44354.73838,MW,DE,DE_LU,actual_load,Actual Load,2026-08-15T23:22:55Z
2026-08-15T23:21:10Z,2026-08-16T01:21:10+0200,30cb418c-e56a-40a4-8689-fc8db64f26d1,2026-08-12T23:00:00Z,2026-08-13T01:00:00+0200,43290.46434,MW,DE,DE_LU,actual_load,Actual Load,2026-08-15T23:22:55Z
2026-08-15T23:21:10Z,2026-08-16T01:21:10+0200,30cb418c-e56a-40a4-8689-fc8db64f26d1,2026-08-12T23:15:00Z,2026-08-13T01:15:00+0200,43078.09771,MW,DE,DE_LU,actual_load,Actual Load,2026-08-15T23:22:55Z
2026-08-15T23:21:10Z,2026-08-16T01:21:10+0200,30cb418c-e56a-40a4-8689-fc8db64f26d1,2026-08-12T23:30:00Z,2026-08-13T01:30:00+0200,43205.00346,MW,DE,DE_LU,actual_load,Actual Load,2026-08-15T23:22:55Z
2026-08-15T23:21:10Z,2026-08-16T01:21:10+0200,30cb418c-e56a-40a4-8689-fc8db64f26d1,2026-08-12T23:45:00Z,2026-08-13T01:45:00+0200,43266.14852,MW,DE,DE_LU,actual_load,Actual Load,2026-08-15T23:22:55Z
2026-08-15T23:21:10Z,2026-08-16T01:21:10+0200,30cb418c-e56a-40a4-8689-fc8db64f26d1,2026-08-13T00:00:00Z,2026-08-13T02:00:00+0200,41980.18646,MW,DE,DE_LU,actual_load,Actual Load,2026-08-15T23:22:55Z
2026-08-15T23:21:10Z,2026-08-16T01:21:10+0200,30cb418c-e56a-40a4-8689-fc8db64f26d1,2026-08-13T00:15:00Z,2026-08-13T02:15:00+0200,41718.01841,MW,DE,DE_LU,actual_load,Actual Load,2026-08-15T23:22:55Z
2026-08-15T23:21:10Z,2026-08-16T01:21:10+0200,30cb418c-e56a-40a4-8689-fc8db64f26d1,2026-08-13T00:30:00Z,2026-08-13T02:30:00+0200,41441.36352,MW,DE,DE_LU,actual_load,Actual Load,2026-08-15T23:22:55Z
2026-08-15T23:21:10Z,2026-08-16T01:21:10+0200,30cb418c-e56a-40a4-8689-fc8db64f26d1,2026-08-13T00:45:00Z,2026-08-13T02:45:00+0200,41579.11596,MW,DE,DE_LU,actual_load,Actual Load,2026-08-15T23:22:55Z
2026-08-15T23:21:10Z,2026-08-16T01:21:10+0200,30cb418c-e56a-40a4-8689-fc8db64f26d1,2026-08-13T01:00:00Z,2026-08-13T03:00:00+0200,41889.24189,MW,DE,DE_LU,actual_load,Actual Load,2026-08-15T23:22:55Z
2026-08-15T23:21:10Z,2026-08-16T01:21:10+0200,30cb418c-e56a-40a4-8689-fc8db64f26d1,2026-08-13T01:15:00Z,2026-08-13T03:15:00+0200,41915.83946,MW,DE,DE_LU,actual_load,Actual Load,2026-08-15T23:22:55Z
2026-08-15T23:21:10Z,2026-08-16T01:21:10+0200,30cb418c-e56a-40a4-8689-fc8db64f26d1,2026-08-13T01:30:00Z,2026-08-13T03:30:00+0200,41789.81965,MW,DE,DE_LU,actual_load,Actual Load,2026-08-15T23:22:55Z
2026-08-15T23:21:10Z,2026-08-16T01:21:10+0200,30cb418c-e56a-40a4-8689-fc8db64f26d1,2026-08-13T01:45:00Z,2026-08-13T03:45:00+0200,41768.37068,MW,DE,DE_LU,actual_load,Actual Load,2026-08-15T23:22:55Z
2026-08-15T23:21:10Z,2026-08-16T01:21:10+0200,30cb418c-e56a-40a4-8689-fc8db64f26d1,2026-08-13T02:00:00Z,2026-08-13T04:00:00+0200,42124.91505,MW,DE,DE_LU,actual_load,Actual Load,2026-08-15T23:22:55Z
2026-08-15T23:21:10Z,2026-08-16T01:21:10+0200,30cb418c-e56a-40a4-8689-fc8db64f26d1,2026-08-13T02:15:00Z,2026-08-13T04:15:00+0200,42158.28023,MW,DE,DE_LU,actual_load,Actual Load,2026-08-15T23:22:55Z
2026-08-15T23:21:10Z,2026-08-16T01:21:10+0200,30cb418c-e56a-40a4-8689-fc8db64f26d1,2026-08-13T02:30:00Z,2026-08-13T04:30:00+0200,42613.33691,MW,DE,DE_LU,actual_load,Actual Load,2026-08-15T23:22:55Z
2026-08-15T23:21:10Z,2026-08-16T01:21:10+0200,30cb418c-e56a-40a4-8689-fc8db64f26d1,2026-08-13T02:45:00Z,2026-08-13T04:45:00+0200,42748.31834,MW,DE,DE_LU,actual_load,Actual Load,2026-08-15T23:22:55Z
2026-08-15T23:21:10Z,2026-08-16T01:21:10+0200,30cb418c-e56a-40a4-8689-fc8db64f26d1,2026-08-13T03:00:00Z,2026-08-13T05:00:00+0200,43626.44003,MW,DE,DE_LU,actual_load,Actual Load,2026-08-15T23:22:55Z
2026-08-15T23:21:10Z,2026-08-16T01:21:10+0200,30cb418c-e56a-40a4-8689-fc8db64f26d1,2026-08-13T03:15:00Z,2026-08-13T05:15:00+0200,43868.9601,MW,DE,DE_LU,actual_load,Actual Load,2026-08-15T23:22:55Z
2026-08-15T23:21:10Z,2026-08-16T01:21:10+0200,30cb418c-e56a-40a4-8689-fc8db64f26d1,2026-08-13T03:30:00Z,2026-08-13T05:30:00+0200,44236.02182,MW,DE,DE_LU,actual_load,Actual Load,2026-08-15T23:22:55Z
2026-08-15T23:21:10Z,2026-08-16T01:21:10+0200,30cb418c-e56a-40a4-8689-fc8db64f26d1,2026-08-13T03:45:00Z,2026-08-13T05:45:00+0200,45060.96038,MW,DE,DE_LU,actual_load,Actual Load,2026-08-15T23:22:55Z
2026-08-15T23:21:10Z,2026-08-16T01:21:10+0200,30cb418c-e56a-40a4-8689-fc8db64f26d1,2026-08-13T04:00:00Z,2026-08-13T06:00:00+0200,46647.93057,MW,DE,DE_LU,actual_load,Actual Load,2026-08-15T23:22:55Z
2026-08-15T23:21:10Z,2026-08-16T01:21:10+0200,30cb418c-e56a-40a4-8689-fc8db64f26d1,2026-08-13T04:15:00Z,2026-08-13T06:15:00+0200,48183.85057,MW,DE,DE_LU,actual_load,Actual Load,2026-08-15T23:22:55Z
2026-08-15T23:21:10Z,2026-08-16T01:21:10+0200,30cb418c-e56a-40a4-8689-fc8db64f26d1,2026-08-13T04:30:00Z,2026-08-13T06:30:00+0200,49338.95639,MW,DE,DE_LU,actual_load,Actual Load,2026-08-15T23:22:55Z
2026-08-15T23:21:10Z,2026-08-16T01:21:10+0200,30cb418c-e56a-40a4-8689-fc8db64f26d1,2026-08-13T04:45:00Z,2026-08-13T06:45:00+0200,50375.92625,MW,DE,DE_LU,actual_load,Actual Load,2026-08-15T23:22:55Z
2026-08-15T23:21:10Z,2026-08-16T01:21:10+0200,30cb418c-e56a-40a4-8689-fc8db64f26d1,2026-08-13T05:00:00Z,2026-08-13T07:00:00+0200,51041.46547,MW,DE,DE_LU,actual_load,Actual Load,2026-08-15T23:22:55Z
2026-08-15T23:21:10Z,2026-08-16T01:21:10+0200,30cb418c-e56a-40a4-8689-fc8db64f26d1,2026-08-13T05:15:00Z,2026-08-13T07:15:00+0200,52331.44304,MW,DE,DE_LU,actual_load,Actual Load,2026-08-15T23:22:55Z
2026-08-15T23:21:10Z,2026-08-16T01:21:10+0200,30cb418c-e56a-40a4-8689-fc8db64f26d1,2026-08-13T05:30:00Z,2026-08-13T07:30:00+0200,51389.01402,MW,DE,DE_LU,actual_load,Actual Load,2026-08-15T23:22:55Z
2026-08-15T23:21:10Z,2026-08-16T01:21:10+0200,30cb418c-e56a-40a4-8689-fc8db64f26d1,2026-08-13T05:45:00Z,2026-08-13T07:45:00+0200,52327.40206,MW,DE,DE_LU,actual_load,Actual Load,2026-08-15T23:22:55Z
2026-08-15T23:21:10Z,2026-08-16T01:21:10+0200,30cb418c-e56a-40a4-8689-fc8db64f26d1,2026-08-13T06:00:00Z,2026-08-13T08:00:00+0200,52756.0738,MW,DE,DE_LU,actual_load,Actual Load,2026-08-15T23:22:55Z
2026-08-15T23:21:10Z,2026-08-16T01:21:10+0200,30cb418c-e56a-40a4-8689-fc8db64f26d1,2026-08-13T06:15:00Z,2026-08-13T08:15:00+0200,54082.89757,MW,DE,DE_LU,actual_load,Actual Load,2026-08-15T23:22:55Z
2026-08-15T23:21:10Z,2026-08-16T01:21:10+0200,30cb418c-e56a-40a4-8689-fc8db64f26d1,2026-08-13T06:30:00Z,2026-08-13T08:30:00+0200,54939.59061,MW,DE,DE_LU,actual_load,Actual Load,2026-08-15T23:22:55Z
2026-08-15T23:21:10Z,2026-08-16T01:21:10+0200,30cb418c-e56a-40a4-8689-fc8db64f26d1,2026-08-13T06:45:00Z,2026-08-13T08:45:00+0200,55519.75052,MW,DE,DE_LU,actual_load,Actual Load,2026-08-15T23:22:55Z
2026-08-15T23:21:10Z,2026-08-16T01:21:10+0200,30cb418c-e56a-40a4-8689-fc8db64f26d1,2026-08-13T07:00:00Z,2026-08-13T09:00:00+0200,55753.08241,MW,DE,DE_LU,actual_load,Actual Load,2026-08-15T23:22:55Z
2026-08-15T23:21:10Z,2026-08-16T01:21:10+0200,30cb418c-e56a-40a4-8689-fc8db64f26d1,2026-08-13T07:15:00Z,2026-08-13T09:15:00+0200,55582.065,MW,DE,DE_LU,actual_load,Actual Load,2026-08-15T23:22:55Z
2026-08-15T23:21:10Z,2026-08-16T01:21:10+0200,30cb418c-e56a-40a4-8689-fc8db64f26d1,2026-08-13T07:30:00Z,2026-08-13T09:30:00+0200,55885.9533,MW,DE,DE_LU,actual_load,Actual Load,2026-08-15T23:22:55Z
2026-08-15T23:21:10Z,2026-08-16T01:21:10+0200,30cb418c-e56a-40a4-8689-fc8db64f26d1,2026-08-13T07:45:00Z,2026-08-13T09:45:00+0200,55457.98691,MW,DE,DE_LU,actual_load,Actual Load,2026-08-15T23:22:55Z
2026-08-15T23:21:10Z,2026-08-16T01:21:10+0200,30cb418c-e56a-40a4-8689-fc8db64f26d1,2026-08-13T08:00:00Z,2026-08-13T10:00:00+0200,55578.03881,MW,DE,DE_LU,actual_load,Actual Load,2026-08-15T23:22:55Z
2026-08-15T23:21:10Z,2026-08-16T01:21:10+0200,30cb418c-e56a-40a4-8689-fc8db64f26d1,2026-08-13T08:15:00Z,2026-08-13T10:15:00+0200,55657.0048,MW,DE,DE_LU,actual_load,Actual Load,2026-08-15T23:22:55Z
2026-08-15T23:21:10Z,2026-08-16T01:21:10+0200,30cb418c-e56a-40a4-8689-fc8db64f26d1,2026-08-13T08:30:00Z,2026-08-13T10:30:00+0200,55782.4182,MW,DE,DE_LU,actual_load,Actual Load,2026-08-15T23:22:55Z
2026-08-15T23:21:10Z,2026-08-16T01:21:10+0200,30cb418c-e56a-40a4-8689-fc8db64f26d1,2026-08-13T08:45:00Z,2026-08-13T10:45:00+0200,55696.49398,MW,DE,DE_LU,actual_load,Actual Load,2026-08-15T23:22:55Z
2026-08-15T23:21:10Z,2026-08-16T01:21:10+0200,30cb418c-e56a-40a4-8689-fc8db64f26d1,2026-08-13T09:00:00Z,2026-08-13T11:00:00+0200,55000.62146,MW,DE,DE_LU,actual_load,Actual Load,2026-08-15T23:22:55Z
2026-08-15T23:21:10Z,2026-08-16T01:21:10+0200,30cb418c-e56a-40a4-8689-fc8db64f26d1,2026-08-13T09:15:00Z,2026-08-13T11:15:00+0200,55337.7777,MW,DE,DE_LU,actual_load,Actual Load,2026-08-15T23:22:55Z
2026-08-15T23:21:10Z,2026-08-16T01:21:10+0200,30cb418c-e56a-40a4-8689-fc8db64f26d1,2026-08-13T09:30:00Z,2026-08-13T11:30:00+0200,55845.96197,MW,DE,DE_LU,actual_load,Actual Load,2026-08-15T23:22:55Z
2026-08-15T23:21:10Z,2026-08-16T01:21:10+0200,30cb418c-e56a-40a4-8689-fc8db64f26d1,2026-08-13T09:45:00Z,2026-08-13T11:45:00+0200,56003.76974,MW,DE,DE_LU,actual_load,Actual Load,2026-08-15T23:22:55Z
2026-08-15T23:21:10Z,2026-08-16T01:21:10+0200,30cb418c-e56a-40a4-8689-fc8db64f26d1,2026-08-13T10:00:00Z,2026-08-13T12:00:00+0200,56526.04389,MW,DE,DE_LU,actual_load,Actual Load,2026-08-15T23:22:55Z
2026-08-15T23:21:10Z,2026-08-16T01:21:10+0200,30cb418c-e56a-40a4-8689-fc8db64f26d1,2026-08-13T10:15:00Z,2026-08-13T12:15:00+0200,56427.75772,MW,DE,DE_LU,actual_load,Actual Load,2026-08-15T23:22:55Z
2026-08-15T23:21:10Z,2026-08-16T01:21:10+0200,30cb418c-e56a-40a4-8689-fc8db64f26d1,2026-08-13T10:30:00Z,2026-08-13T12:30:00+0200,56708.6549,MW,DE,DE_LU,actual_load,Actual Load,2026-08-15T23:22:55Z
2026-08-15T23:21:10Z,2026-08-16T01:21:10+0200,30cb418c-e56a-40a4-8689-fc8db64f26d1,2026-08-13T10:45:00Z,2026-08-13T12:45:00+0200,56894.91496,MW,DE,DE_LU,actual_load,Actual Load,2026-08-15T23:22:55Z
2026-08-15T23:21:10Z,2026-08-16T01:21:10+0200,30cb418c-e56a-40a4-8689-fc8db64f26d1,2026-08-13T11:00:00Z,2026-08-13T13:00:00+0200,56808.57324,MW,DE,DE_LU,actual_load,Actual Load,2026-08-15T23:22:55Z
2026-08-15T23:21:10Z,2026-08-16T01:21:10+0200,30cb418c-e56a-40a4-8689-fc8db64f26d1,2026-08-13T11:15:00Z,2026-08-13T13:15:00+0200,56329.32211,MW,DE,DE_LU,actual_load,Actual Load,2026-08-15T23:22:55Z
2026-08-15T23:21:10Z,2026-08-16T01:21:10+0200,30cb418c-e56a-40a4-8689-fc8db64f26d1,2026-08-13T11:30:00Z,2026-08-13T13:30:00+0200,55499.15713,MW,DE,DE_LU,actual_load,Actual Load,2026-08-15T23:22:55Z
2026-08-15T23:21:10Z,2026-08-16T01:21:10+0200,30cb418c-e56a-40a4-8689-fc8db64f26d1,2026-08-13T11:45:00Z,2026-08-13T13:45:00+0200,55031.11699,MW,DE,DE_LU,actual_load,Actual Load,2026-08-15T23:22:55Z
2026-08-15T23:21:10Z,2026-08-16T01:21:10+0200,30cb418c-e56a-40a4-8689-fc8db64f26d1,2026-08-13T12:00:00Z,2026-08-13T14:00:00+0200,54387.74818,MW,DE,DE_LU,actual_load,Actual Load,2026-08-15T23:22:55Z
2026-08-15T23:21:10Z,2026-08-16T01:21:10+0200,30cb418c-e56a-40a4-8689-fc8db64f26d1,2026-08-13T12:15:00Z,2026-08-13T14:15:00+0200,54340.10259,MW,DE,DE_LU,actual_load,Actual Load,2026-08-15T23:22:55Z
2026-08-15T23:21:10Z,2026-08-16T01:21:10+0200,30cb418c-e56a-40a4-8689-fc8db64f26d1,2026-08-13T12:30:00Z,2026-08-13T14:30:00+0200,53505.60912,MW,DE,DE_LU,actual_load,Actual Load,2026-08-15T23:22:55Z
2026-08-15T23:21:10Z,2026-08-16T01:21:10+0200,30cb418c-e56a-40a4-8689-fc8db64f26d1,2026-08-13T12:45:00Z,2026-08-13T14:45:00+0200,53421.78057,MW,DE,DE_LU,actual_load,Actual Load,2026-08-15T23:22:55Z
2026-08-15T23:21:10Z,2026-08-16T01:21:10+0200,30cb418c-e56a-40a4-8689-fc8db64f26d1,2026-08-13T13:00:00Z,2026-08-13T15:00:00+0200,53339.22899,MW,DE,DE_LU,actual_load,Actual Load,2026-08-15T23:22:55Z
2026-08-15T23:21:10Z,2026-08-16T01:21:10+0200,30cb418c-e56a-40a4-8689-fc8db64f26d1,2026-08-13T13:15:00Z,2026-08-13T15:15:00+0200,53168.77944,MW,DE,DE_LU,actual_load,Actual Load,2026-08-15T23:22:55Z
2026-08-15T23:21:10Z,2026-08-16T01:21:10+0200,30cb418c-e56a-40a4-8689-fc8db64f26d1,2026-08-13T13:30:00Z,2026-08-13T15:30:00+0200,53177.33127,MW,DE,DE_LU,actual_load,Actual Load,2026-08-15T23:22:55Z
2026-08-15T23:21:10Z,2026-08-16T01:21:10+0200,30cb418c-e56a-40a4-8689-fc8db64f26d1,2026-08-13T13:45:00Z,2026-08-13T15:45:00+0200,52800.64585,MW,DE,DE_LU,actual_load,Actual Load,2026-08-15T23:22:55Z
2026-08-15T23:21:10Z,2026-08-16T01:21:10+0200,30cb418c-e56a-40a4-8689-fc8db64f26d1,2026-08-13T14:00:00Z,2026-08-13T16:00:00+0200,53290.01893,MW,DE,DE_LU,actual_load,Actual Load,2026-08-15T23:22:55Z
2026-08-15T23:21:10Z,2026-08-16T01:21:10+0200,30cb418c-e56a-40a4-8689-fc8db64f26d1,2026-08-13T14:15:00Z,2026-08-13T16:15:00+0200,53200.70789,MW,DE,DE_LU,actual_load,Actual Load,2026-08-15T23:22:55Z
2026-08-15T23:21:10Z,2026-08-16T01:21:10+0200,30cb418c-e56a-40a4-8689-fc8db64f26d1,2026-08-13T14:30:00Z,2026-08-13T16:30:00+0200,53751.77353,MW,DE,DE_LU,actual_load,Actual Load,2026-08-15T23:22:55Z
2026-08-15T23:21:10Z,2026-08-16T01:21:10+0200,30cb418c-e56a-40a4-8689-fc8db64f26d1,2026-08-13T14:45:00Z,2026-08-13T16:45:00+0200,53924.4737,MW,DE,DE_LU,actual_load,Actual Load,2026-08-15T23:22:55Z
2026-08-15T23:21:10Z,2026-08-16T01:21:10+0200,30cb418c-e56a-40a4-8689-fc8db64f26d1,2026-08-13T15:00:00Z,2026-08-13T17:00:00+0200,54418.2254,MW,DE,DE_LU,actual_load,Actual Load,2026-08-15T23:22:55Z
2026-08-15T23:21:10Z,2026-08-16T01:21:10+0200,30cb418c-e56a-40a4-8689-fc8db64f26d1,2026-08-13T15:15:00Z,2026-08-13T17:15:00+0200,54460.5986,MW,DE,DE_LU,actual_load,Actual Load,2026-08-15T23:22:55Z
2026-08-15T23:21:10Z,2026-08-16T01:21:10+0200,30cb418c-e56a-40a4-8689-fc8db64f26d1,2026-08-13T15:30:00Z,2026-08-13T17:30:00+0200,54312.34567,MW,DE,DE_LU,actual_load,Actual Load,2026-08-15T23:22:55Z
2026-08-15T23:21:10Z,2026-08-16T01:21:10+0200,30cb418c-e56a-40a4-8689-fc8db64f26d1,2026-08-13T15:45:00Z,2026-08-13T17:45:00+0200,54315.23187,MW,DE,DE_LU,actual_load,Actual Load,2026-08-15T23:22:55Z
2026-08-15T23:21:10Z,2026-08-16T01:21:10+0200,30cb418c-e56a-40a4-8689-fc8db64f26d1,2026-08-13T16:00:00Z,2026-08-13T18:00:00+0200,54836.04672,MW,DE,DE_LU,actual_load,Actual Load,2026-08-15T23:22:55Z
2026-08-15T23:21:10Z,2026-08-16T01:21:10+0200,30cb418c-e56a-40a4-8689-fc8db64f26d1,2026-08-13T16:15:00Z,2026-08-13T18:15:00+0200,54797.63576,MW,DE,DE_LU,actual_load,Actual Load,2026-08-15T23:22:55Z
2026-08-15T23:21:10Z,2026-08-16T01:21:10+0200,30cb418c-e56a-40a4-8689-fc8db64f26d1,2026-08-13T16:30:00Z,2026-08-13T18:30:00+0200,54807.21983,MW,DE,DE_LU,actual_load,Actual Load,2026-08-15T23:22:55Z
2026-08-15T23:21:10Z,2026-08-16T01:21:10+0200,30cb418c-e56a-40a4-8689-fc8db64f26d1,2026-08-13T16:45:00Z,2026-08-13T18:45:00+0200,54395.93176,MW,DE,DE_LU,actual_load,Actual Load,2026-08-15T23:22:55Z
2026-08-15T23:21:10Z,2026-08-16T01:21:10+0200,30cb418c-e56a-40a4-8689-fc8db64f26d1,2026-08-13T17:00:00Z,2026-08-13T19:00:00+0200,54575.83984,MW,DE,DE_LU,actual_load,Actual Load,2026-08-15T23:22:55Z
2026-08-15T23:21:10Z,2026-08-16T01:21:10+0200,30cb418c-e56a-40a4-8689-fc8db64f26d1,2026-08-13T17:15:00Z,2026-08-13T19:15:00+0200,53887.78625,MW,DE,DE_LU,actual_load,Actual Load,2026-08-15T23:22:55Z
2026-08-15T23:21:10Z,2026-08-16T01:21:10+0200,30cb418c-e56a-40a4-8689-fc8db64f26d1,2026-08-13T17:30:00Z,2026-08-13T19:30:00+0200,53448.7671,MW,DE,DE_LU,actual_load,Actual Load,2026-08-15T23:22:55Z
2026-08-15T23:21:10Z,2026-08-16T01:21:10+0200,30cb418c-e56a-40a4-8689-fc8db64f26d1,2026-08-13T17:45:00Z,2026-08-13T19:45:00+0200,53055.38216,MW,DE,DE_LU,actual_load,Actual Load,2026-08-15T23:22:55Z
2026-08-15T23:21:10Z,2026-08-16T01:21:10+0200,30cb418c-e56a-40a4-8689-fc8db64f26d1,2026-08-13T18:00:00Z,2026-08-13T20:00:00+0200,52082.8004,MW,DE,DE_LU,actual_load,Actual Load,2026-08-15T23:22:55Z
2026-08-15T23:21:10Z,2026-08-16T01:21:10+0200,30cb418c-e56a-40a4-8689-fc8db64f26d1,2026-08-13T18:15:00Z,2026-08-13T20:15:00+0200,51474.43682,MW,DE,DE_LU,actual_load,Actual Load,2026-08-15T23:22:55Z
2026-08-15T23:21:10Z,2026-08-16T01:21:10+0200,30cb418c-e56a-40a4-8689-fc8db64f26d1,2026-08-13T18:30:00Z,2026-08-13T20:30:00+0200,51305.42252,MW,DE,DE_LU,actual_load,Actual Load,2026-08-15T23:22:55Z
2026-08-15T23:21:10Z,2026-08-16T01:21:10+0200,30cb418c-e56a-40a4-8689-fc8db64f26d1,2026-08-13T18:45:00Z,2026-08-13T20:45:00+0200,51593.76805,MW,DE,DE_LU,actual_load,Actual Load,2026-08-15T23:22:55Z
2026-08-15T23:21:10Z,2026-08-16T01:21:10+0200,30cb418c-e56a-40a4-8689-fc8db64f26d1,2026-08-13T19:00:00Z,2026-08-13T21:00:00+0200,50668.53867,MW,DE,DE_LU,actual_load,Actual Load,2026-08-15T23:22:55Z
2026-08-15T23:21:10Z,2026-08-16T01:21:10+0200,30cb418c-e56a-40a4-8689-fc8db64f26d1,2026-08-13T19:15:00Z,2026-08-13T21:15:00+0200,50366.33277,MW,DE,DE_LU,actual_load,Actual Load,2026-08-15T23:22:55Z
2026-08-15T23:21:10Z,2026-08-16T01:21:10+0200,30cb418c-e56a-40a4-8689-fc8db64f26d1,2026-08-13T19:30:00Z,2026-08-13T21:30:00+0200,50255.6566,MW,DE,DE_LU,actual_load,Actual Load,2026-08-15T23:22:55Z
2026-08-15T23:21:10Z,2026-08-16T01:21:10+0200,30cb418c-e56a-40a4-8689-fc8db64f26d1,2026-08-13T19:45:00Z,2026-08-13T21:45:00+0200,49816.1609,MW,DE,DE_LU,actual_load,Actual Load,2026-08-15T23:22:55Z
2026-08-15T23:21:10Z,2026-08-16T01:21:10+0200,30cb418c-e56a-40a4-8689-fc8db64f26d1,2026-08-13T20:00:00Z,2026-08-13T22:00:00+0200,47953.68498,MW,DE,DE_LU,actual_load,Actual Load,2026-08-15T23:22:55Z
2026-08-15T23:21:10Z,2026-08-16T01:21:10+0200,30cb418c-e56a-40a4-8689-fc8db64f26d1,2026-08-13T20:15:00Z,2026-08-13T22:15:00+0200,47680.24831,MW,DE,DE_LU,actual_load,Actual Load,2026-08-15T23:22:55Z
2026-08-15T23:21:10Z,2026-08-16T01:21:10+0200,30cb418c-e56a-40a4-8689-fc8db64f26d1,2026-08-13T20:30:00Z,2026-08-13T22:30:00+0200,47182.43924,MW,DE,DE_LU,actual_load,Actual Load,2026-08-15T23:22:55Z
2026-08-15T23:21:10Z,2026-08-16T01:21:10+0200,30cb418c-e56a-40a4-8689-fc8db64f26d1,2026-08-13T20:45:00Z,2026-08-13T22:45:00+0200,46418.01777,MW,DE,DE_LU,actual_load,Actual Load,2026-08-15T23:22:55Z
2026-08-15T23:21:10Z,2026-08-16T01:21:10+0200,30cb418c-e56a-40a4-8689-fc8db64f26d1,2026-08-13T21:00:00Z,2026-08-13T23:00:00+0200,46309.81346,MW,DE,DE_LU,actual_load,Actual Load,2026-08-15T23:22:55Z
2026-08-15T23:21:10Z,2026-08-16T01:21:10+0200,30cb418c-e56a-40a4-8689-fc8db64f26d1,2026-08-13T21:15:00Z,2026-08-13T23:15:00+0200,45334.28667,MW,DE,DE_LU,actual_load,Actual Load,2026-08-15T23:22:55Z
2026-08-15T23:21:10Z,2026-08-16T01:21:10+0200,30cb418c-e56a-40a4-8689-fc8db64f26d1,2026-08-13T21:30:00Z,2026-08-13T23:30:00+0200,44965.28585,MW,DE,DE_LU,actual_load,Actual Load,2026-08-15T23:22:55Z
2026-08-15T23:21:10Z,2026-08-16T01:21:10+0200,30cb418c-e56a-40a4-8689-fc8db64f26d1,2026-08-13T21:45:00Z,2026-08-13T23:45:00+0200,44822.748,MW,DE,DE_LU,actual_load,Actual Load,2026-08-15T23:22:55Z
2026-08-15T23:21:10Z,2026-08-16T01:21:10+0200,30cb418c-e56a-40a4-8689-fc8db64f26d1,2026-08-13T22:00:00Z,2026-08-14T00:00:00+0200,43173.583109,MW,DE,DE_LU,actual_load,Actual Load,2026-08-15T23:22:55Z
2026-08-15T23:21:10Z,2026-08-16T01:21:10+0200,30cb418c-e56a-40a4-8689-fc8db64f26d1,2026-08-13T22:15:00Z,2026-08-14T00:15:00+0200,42786.97922,MW,DE,DE_LU,actual_load,Actual Load,2026-08-15T23:22:55Z
2026-08-15T23:21:10Z,2026-08-16T01:21:10+0200,30cb418c-e56a-40a4-8689-fc8db64f26d1,2026-08-13T22:30:00Z,2026-08-14T00:30:00+0200,42992.91285,MW,DE,DE_LU,actual_load,Actual Load,2026-08-15T23:22:55Z
2026-08-15T23:21:10Z,2026-08-16T01:21:10+0200,30cb418c-e56a-40a4-8689-fc8db64f26d1,2026-08-13T22:45:00Z,2026-08-14T00:45:00+0200,42535.32199,MW,DE,DE_LU,actual_load,Actual Load,2026-08-15T23:22:55Z
2026-08-15T23:21:10Z,2026-08-16T01:21:10+0200,30cb418c-e56a-40a4-8689-fc8db64f26d1,2026-08-13T23:00:00Z,2026-08-14T01:00:00+0200,42081.309519,MW,DE,DE_LU,actual_load,Actual Load,2026-08-15T23:22:55Z
2026-08-15T23:21:10Z,2026-08-16T01:21:10+0200,30cb418c-e56a-40a4-8689-fc8db64f26d1,2026-08-13T23:15:00Z,2026-08-14T01:15:00+0200,42105.87269,MW,DE,DE_LU,actual_load,Actual Load,2026-08-15T23:22:55Z
2026-08-15T23:21:10Z,2026-08-16T01:21:10+0200,30cb418c-e56a-40a4-8689-fc8db64f26d1,2026-08-13T23:30:00Z,2026-08-14T01:30:00+0200,42341.87282,MW,DE,DE_LU,actual_load,Actual Load,2026-08-15T23:22:55Z
2026-08-15T23:21:10Z,2026-08-16T01:21:10+0200,30cb418c-e56a-40a4-8689-fc8db64f26d1,2026-08-13T23:45:00Z,2026-08-14T01:45:00+0200,42606.09065,MW,DE,DE_LU,actual_load,Actual Load,2026-08-15T23:22:55Z
2026-08-15T23:21:10Z,2026-08-16T01:21:10+0200,30cb418c-e56a-40a4-8689-fc8db64f26d1,2026-08-14T00:00:00Z,2026-08-14T02:00:00+0200,42245.646649,MW,DE,DE_LU,actual_load,Actual Load,2026-08-15T23:22:55Z
2026-08-15T23:21:10Z,2026-08-16T01:21:10+0200,30cb418c-e56a-40a4-8689-fc8db64f26d1,2026-08-14T00:15:00Z,2026-08-14T02:15:00+0200,42437.71464,MW,DE,DE_LU,actual_load,Actual Load,2026-08-15T23:22:55Z
2026-08-15T23:21:10Z,2026-08-16T01:21:10+0200,30cb418c-e56a-40a4-8689-fc8db64f26d1,2026-08-14T00:30:00Z,2026-08-14T02:30:00+0200,42537.38476,MW,DE,DE_LU,actual_load,Actual Load,2026-08-15T23:22:55Z
2026-08-15T23:21:10Z,2026-08-16T01:21:10+0200,30cb418c-e56a-40a4-8689-fc8db64f26d1,2026-08-14T00:45:00Z,2026-08-14T02:45:00+0200,41785.00155,MW,DE,DE_LU,actual_load,Actual Load,2026-08-15T23:22:55Z
2026-08-15T23:21:10Z,2026-08-16T01:21:10+0200,30cb418c-e56a-40a4-8689-fc8db64f26d1,2026-08-14T01:00:00Z,2026-08-14T03:00:00+0200,41267.10159,MW,DE,DE_LU,actual_load,Actual Load,2026-08-15T23:22:55Z
2026-08-15T23:21:10Z,2026-08-16T01:21:10+0200,30cb418c-e56a-40a4-8689-fc8db64f26d1,2026-08-14T01:15:00Z,2026-08-14T03:15:00+0200,40857.97909,MW,DE,DE_LU,actual_load,Actual Load,2026-08-15T23:22:55Z
2026-08-15T23:21:10Z,2026-08-16T01:21:10+0200,30cb418c-e56a-40a4-8689-fc8db64f26d1,2026-08-14T01:30:00Z,2026-08-14T03:30:00+0200,40367.11656,MW,DE,DE_LU,actual_load,Actual Load,2026-08-15T23:22:55Z
2026-08-15T23:21:10Z,2026-08-16T01:21:10+0200,30cb418c-e56a-40a4-8689-fc8db64f26d1,2026-08-14T01:45:00Z,2026-08-14T03:45:00+0200,40314.33043,MW,DE,DE_LU,actual_load,Actual Load,2026-08-15T23:22:55Z
2026-08-15T23:21:10Z,2026-08-16T01:21:10+0200,30cb418c-e56a-40a4-8689-fc8db64f26d1,2026-08-14T02:00:00Z,2026-08-14T04:00:00+0200,40827.61417,MW,DE,DE_LU,actual_load,Actual Load,2026-08-15T23:22:55Z
2026-08-15T23:21:10Z,2026-08-16T01:21:10+0200,30cb418c-e56a-40a4-8689-fc8db64f26d1,2026-08-14T02:15:00Z,2026-08-14T04:15:00+0200,40685.546489,MW,DE,DE_LU,actual_load,Actual Load,2026-08-15T23:22:55Z
2026-08-15T23:21:10Z,2026-08-16T01:21:10+0200,30cb418c-e56a-40a4-8689-fc8db64f26d1,2026-08-14T02:30:00Z,2026-08-14T04:30:00+0200,40799.28333,MW,DE,DE_LU,actual_load,Actual Load,2026-08-15T23:22:55Z
2026-08-15T23:21:10Z,2026-08-16T01:21:10+0200,30cb418c-e56a-40a4-8689-fc8db64f26d1,2026-08-14T02:45:00Z,2026-08-14T04:45:00+0200,41138.38063,MW,DE,DE_LU,actual_load,Actual Load,2026-08-15T23:22:55Z
2026-08-15T23:21:10Z,2026-08-16T01:21:10+0200,30cb418c-e56a-40a4-8689-fc8db64f26d1,2026-08-14T03:00:00Z,2026-08-14T05:00:00+0200,42276.229269,MW,DE,DE_LU,actual_load,Actual Load,2026-08-15T23:22:55Z
2026-08-15T23:21:10Z,2026-08-16T01:21:10+0200,30cb418c-e56a-40a4-8689-fc8db64f26d1,2026-08-14T03:15:00Z,2026-08-14T05:15:00+0200,42915.45092,MW,DE,DE_LU,actual_load,Actual Load,2026-08-15T23:22:55Z
2026-08-15T23:21:10Z,2026-08-16T01:21:10+0200,30cb418c-e56a-40a4-8689-fc8db64f26d1,2026-08-14T03:30:00Z,2026-08-14T05:30:00+0200,43453.60419,MW,DE,DE_LU,actual_load,Actual Load,2026-08-15T23:22:55Z
2026-08-15T23:21:10Z,2026-08-16T01:21:10+0200,30cb418c-e56a-40a4-8689-fc8db64f26d1,2026-08-14T03:45:00Z,2026-08-14T05:45:00+0200,44410.48181,MW,DE,DE_LU,actual_load,Actual Load,2026-08-15T23:22:55Z
2026-08-15T23:21:10Z,2026-08-16T01:21:10+0200,30cb418c-e56a-40a4-8689-fc8db64f26d1,2026-08-14T04:00:00Z,2026-08-14T06:00:00+0200,46174.68735,MW,DE,DE_LU,actual_load,Actual Load,2026-08-15T23:22:55Z
2026-08-15T23:21:10Z,2026-08-16T01:21:10+0200,30cb418c-e56a-40a4-8689-fc8db64f26d1,2026-08-14T04:15:00Z,2026-08-14T06:15:00+0200,47378.72705,MW,DE,DE_LU,actual_load,Actual Load,2026-08-15T23:22:55Z
2026-08-15T23:21:10Z,2026-08-16T01:21:10+0200,30cb418c-e56a-40a4-8689-fc8db64f26d1,2026-08-14T04:30:00Z,2026-08-14T06:30:00+0200,48476.84096,MW,DE,DE_LU,actual_load,Actual Load,2026-08-15T23:22:55Z
2026-08-15T23:21:10Z,2026-08-16T01:21:10+0200,30cb418c-e56a-40a4-8689-fc8db64f26d1,2026-08-14T04:45:00Z,2026-08-14T06:45:00+0200,49870.174709,MW,DE,DE_LU,actual_load,Actual Load,2026-08-15T23:22:55Z
2026-08-15T23:21:10Z,2026-08-16T01:21:10+0200,30cb418c-e56a-40a4-8689-fc8db64f26d1,2026-08-14T05:00:00Z,2026-08-14T07:00:00+0200,50723.994679,MW,DE,DE_LU,actual_load,Actual Load,2026-08-15T23:22:55Z
2026-08-15T23:21:10Z,2026-08-16T01:21:10+0200,30cb418c-e56a-40a4-8689-fc8db64f26d1,2026-08-14T05:15:00Z,2026-08-14T07:15:00+0200,51807.35406,MW,DE,DE_LU,actual_load,Actual Load,2026-08-15T23:22:55Z
2026-08-15T23:21:10Z,2026-08-16T01:21:10+0200,30cb418c-e56a-40a4-8689-fc8db64f26d1,2026-08-14T05:30:00Z,2026-08-14T07:30:00+0200,53405.9994,MW,DE,DE_LU,actual_load,Actual Load,2026-08-15T23:22:55Z
2026-08-15T23:21:10Z,2026-08-16T01:21:10+0200,30cb418c-e56a-40a4-8689-fc8db64f26d1,2026-08-14T05:45:00Z,2026-08-14T07:45:00+0200,54308.00013,MW,DE,DE_LU,actual_load,Actual Load,2026-08-15T23:22:55Z
2026-08-15T23:21:10Z,2026-08-16T01:21:10+0200,30cb418c-e56a-40a4-8689-fc8db64f26d1,2026-08-14T06:00:00Z,2026-08-14T08:00:00+0200,54266.60665,MW,DE,DE_LU,actual_load,Actual Load,2026-08-15T23:22:55Z
2026-08-15T23:21:10Z,2026-08-16T01:21:10+0200,30cb418c-e56a-40a4-8689-fc8db64f26d1,2026-08-14T06:15:00Z,2026-08-14T08:15:00+0200,55043.27062,MW,DE,DE_LU,actual_load,Actual Load,2026-08-15T23:22:55Z
2026-08-15T23:21:10Z,2026-08-16T01:21:10+0200,30cb418c-e56a-40a4-8689-fc8db64f26d1,2026-08-14T06:30:00Z,2026-08-14T08:30:00+0200,55968.80893,MW,DE,DE_LU,actual_load,Actual Load,2026-08-15T23:22:55Z
2026-08-15T23:21:10Z,2026-08-16T01:21:10+0200,30cb418c-e56a-40a4-8689-fc8db64f26d1,2026-08-14T06:45:00Z,2026-08-14T08:45:00+0200,56562.01787,MW,DE,DE_LU,actual_load,Actual Load,2026-08-15T23:22:55Z
2026-08-15T23:21:10Z,2026-08-16T01:21:10+0200,30cb418c-e56a-40a4-8689-fc8db64f26d1,2026-08-14T07:00:00Z,2026-08-14T09:00:00+0200,57052.36773,MW,DE,DE_LU,actual_load,Actual Load,2026-08-15T23:22:55Z
2026-08-15T23:21:10Z,2026-08-16T01:21:10+0200,30cb418c-e56a-40a4-8689-fc8db64f26d1,2026-08-14T07:15:00Z,2026-08-14T09:15:00+0200,56731.70181,MW,DE,DE_LU,actual_load,Actual Load,2026-08-15T23:22:55Z
2026-08-15T23:21:10Z,2026-08-16T01:21:10+0200,30cb418c-e56a-40a4-8689-fc8db64f26d1,2026-08-14T07:30:00Z,2026-08-14T09:30:00+0200,57517.62166,MW,DE,DE_LU,actual_load,Actual Load,2026-08-15T23:22:55Z
2026-08-15T23:21:10Z,2026-08-16T01:21:10+0200,30cb418c-e56a-40a4-8689-fc8db64f26d1,2026-08-14T07:45:00Z,2026-08-14T09:45:00+0200,58090.26071,MW,DE,DE_LU,actual_load,Actual Load,2026-08-15T23:22:55Z
2026-08-15T23:21:10Z,2026-08-16T01:21:10+0200,30cb418c-e56a-40a4-8689-fc8db64f26d1,2026-08-14T08:00:00Z,2026-08-14T10:00:00+0200,57344.29553,MW,DE,DE_LU,actual_load,Actual Load,2026-08-15T23:22:55Z
2026-08-15T23:21:10Z,2026-08-16T01:21:10+0200,30cb418c-e56a-40a4-8689-fc8db64f26d1,2026-08-14T08:15:00Z,2026-08-14T10:15:00+0200,57233.71633,MW,DE,DE_LU,actual_load,Actual Load,2026-08-15T23:22:55Z
2026-08-15T23:21:10Z,2026-08-16T01:21:10+0200,30cb418c-e56a-40a4-8689-fc8db64f26d1,2026-08-14T08:30:00Z,2026-08-14T10:30:00+0200,56797.63033,MW,DE,DE_LU,actual_load,Actual Load,2026-08-15T23:22:55Z
2026-08-15T23:21:10Z,2026-08-16T01:21:10+0200,30cb418c-e56a-40a4-8689-fc8db64f26d1,2026-08-14T08:45:00Z,2026-08-14T10:45:00+0200,56734.28566,MW,DE,DE_LU,actual_load,Actual Load,2026-08-15T23:22:55Z
2026-08-15T23:21:10Z,2026-08-16T01:21:10+0200,30cb418c-e56a-40a4-8689-fc8db64f26d1,2026-08-14T09:00:00Z,2026-08-14T11:00:00+0200,57182.68353,MW,DE,DE_LU,actual_load,Actual Load,2026-08-15T23:22:55Z
2026-08-15T23:21:10Z,2026-08-16T01:21:10+0200,30cb418c-e56a-40a4-8689-fc8db64f26d1,2026-08-14T09:15:00Z,2026-08-14T11:15:00+0200,57104.56647,MW,DE,DE_LU,actual_load,Actual Load,2026-08-15T23:22:55Z
2026-08-15T23:21:10Z,2026-08-16T01:21:10+0200,30cb418c-e56a-40a4-8689-fc8db64f26d1,2026-08-14T09:30:00Z,2026-08-14T11:30:00+0200,57208.35559,MW,DE,DE_LU,actual_load,Actual Load,2026-08-15T23:22:55Z
2026-08-15T23:21:10Z,2026-08-16T01:21:10+0200,30cb418c-e56a-40a4-8689-fc8db64f26d1,2026-08-14T09:45:00Z,2026-08-14T11:45:00+0200,57312.60736,MW,DE,DE_LU,actual_load,Actual Load,2026-08-15T23:22:55Z
2026-08-15T23:21:10Z,2026-08-16T01:21:10+0200,30cb418c-e56a-40a4-8689-fc8db64f26d1,2026-08-14T10:00:00Z,2026-08-14T12:00:00+0200,56968.42569,MW,DE,DE_LU,actual_load,Actual Load,2026-08-15T23:22:55Z
2026-08-15T23:21:10Z,2026-08-16T01:21:10+0200,30cb418c-e56a-40a4-8689-fc8db64f26d1,2026-08-14T10:15:00Z,2026-08-14T12:15:00+0200,56515.10102,MW,DE,DE_LU,actual_load,Actual Load,2026-08-15T23:22:55Z
2026-08-15T23:21:10Z,2026-08-16T01:21:10+0200,30cb418c-e56a-40a4-8689-fc8db64f26d1,2026-08-14T10:30:00Z,2026-08-14T12:30:00+0200,56878.44113,MW,DE,DE_LU,actual_load,Actual Load,2026-08-15T23:22:55Z
2026-08-15T23:21:10Z,2026-08-16T01:21:10+0200,30cb418c-e56a-40a4-8689-fc8db64f26d1,2026-08-14T10:45:00Z,2026-08-14T12:45:00+0200,57127.99794,MW,DE,DE_LU,actual_load,Actual Load,2026-08-15T23:22:55Z
2026-08-15T23:21:10Z,2026-08-16T01:21:10+0200,30cb418c-e56a-40a4-8689-fc8db64f26d1,2026-08-14T11:00:00Z,2026-08-14T13:00:00+0200,56977.871869,MW,DE,DE_LU,actual_load,Actual Load,2026-08-15T23:22:55Z
2026-08-15T23:21:10Z,2026-08-16T01:21:10+0200,30cb418c-e56a-40a4-8689-fc8db64f26d1,2026-08-14T11:15:00Z,2026-08-14T13:15:00+0200,55895.05458,MW,DE,DE_LU,actual_load,Actual Load,2026-08-15T23:22:55Z
2026-08-15T23:21:10Z,2026-08-16T01:21:10+0200,30cb418c-e56a-40a4-8689-fc8db64f26d1,2026-08-14T11:30:00Z,2026-08-14T13:30:00+0200,55607.41652,MW,DE,DE_LU,actual_load,Actual Load,2026-08-15T23:22:55Z
2026-08-15T23:21:10Z,2026-08-16T01:21:10+0200,30cb418c-e56a-40a4-8689-fc8db64f26d1,2026-08-14T11:45:00Z,2026-08-14T13:45:00+0200,55236.73875,MW,DE,DE_LU,actual_load,Actual Load,2026-08-15T23:22:55Z
2026-08-15T23:21:10Z,2026-08-16T01:21:10+0200,30cb418c-e56a-40a4-8689-fc8db64f26d1,2026-08-14T12:00:00Z,2026-08-14T14:00:00+0200,54842.77892,MW,DE,DE_LU,actual_load,Actual Load,2026-08-15T23:22:55Z
2026-08-15T23:21:10Z,2026-08-16T01:21:10+0200,30cb418c-e56a-40a4-8689-fc8db64f26d1,2026-08-14T12:15:00Z,2026-08-14T14:15:00+0200,54611.36198,MW,DE,DE_LU,actual_load,Actual Load,2026-08-15T23:22:55Z
2026-08-15T23:21:10Z,2026-08-16T01:21:10+0200,30cb418c-e56a-40a4-8689-fc8db64f26d1,2026-08-14T12:30:00Z,2026-08-14T14:30:00+0200,54265.86109,MW,DE,DE_LU,actual_load,Actual Load,2026-08-15T23:22:55Z
2026-08-15T23:21:10Z,2026-08-16T01:21:10+0200,30cb418c-e56a-40a4-8689-fc8db64f26d1,2026-08-14T12:45:00Z,2026-08-14T14:45:00+0200,53885.86614,MW,DE,DE_LU,actual_load,Actual Load,2026-08-15T23:22:55Z
2026-08-15T23:21:10Z,2026-08-16T01:21:10+0200,30cb418c-e56a-40a4-8689-fc8db64f26d1,2026-08-14T13:00:00Z,2026-08-14T15:00:00+0200,53959.48492,MW,DE,DE_LU,actual_load,Actual Load,2026-08-15T23:22:55Z
2026-08-15T23:21:10Z,2026-08-16T01:21:10+0200,30cb418c-e56a-40a4-8689-fc8db64f26d1,2026-08-14T13:15:00Z,2026-08-14T15:15:00+0200,53200.48361,MW,DE,DE_LU,actual_load,Actual Load,2026-08-15T23:22:55Z
2026-08-15T23:21:10Z,2026-08-16T01:21:10+0200,30cb418c-e56a-40a4-8689-fc8db64f26d1,2026-08-14T13:30:00Z,2026-08-14T15:30:00+0200,53019.38144,MW,DE,DE_LU,actual_load,Actual Load,2026-08-15T23:22:55Z
2026-08-15T23:21:10Z,2026-08-16T01:21:10+0200,30cb418c-e56a-40a4-8689-fc8db64f26d1,2026-08-14T13:45:00Z,2026-08-14T15:45:00+0200,53359.615009,MW,DE,DE_LU,actual_load,Actual Load,2026-08-15T23:22:55Z
2026-08-15T23:21:10Z,2026-08-16T01:21:10+0200,30cb418c-e56a-40a4-8689-fc8db64f26d1,2026-08-14T14:00:00Z,2026-08-14T16:00:00+0200,54073.60115,MW,DE,DE_LU,actual_load,Actual Load,2026-08-15T23:22:55Z
2026-08-15T23:21:10Z,2026-08-16T01:21:10+0200,30cb418c-e56a-40a4-8689-fc8db64f26d1,2026-08-14T14:15:00Z,2026-08-14T16:15:00+0200,53774.44033,MW,DE,DE_LU,actual_load,Actual Load,2026-08-15T23:22:55Z
2026-08-15T23:21:10Z,2026-08-16T01:21:10+0200,30cb418c-e56a-40a4-8689-fc8db64f26d1,2026-08-14T14:30:00Z,2026-08-14T16:30:00+0200,53514.40244,MW,DE,DE_LU,actual_load,Actual Load,2026-08-15T23:22:55Z
2026-08-15T23:21:10Z,2026-08-16T01:21:10+0200,30cb418c-e56a-40a4-8689-fc8db64f26d1,2026-08-14T14:45:00Z,2026-08-14T16:45:00+0200,53429.74478,MW,DE,DE_LU,actual_load,Actual Load,2026-08-15T23:22:55Z
2026-08-15T23:21:10Z,2026-08-16T01:21:10+0200,30cb418c-e56a-40a4-8689-fc8db64f26d1,2026-08-14T15:00:00Z,2026-08-14T17:00:00+0200,53548.65593,MW,DE,DE_LU,actual_load,Actual Load,2026-08-15T23:22:55Z
2026-08-15T23:21:10Z,2026-08-16T01:21:10+0200,30cb418c-e56a-40a4-8689-fc8db64f26d1,2026-08-14T15:15:00Z,2026-08-14T17:15:00+0200,52748.70257,MW,DE,DE_LU,actual_load,Actual Load,2026-08-15T23:22:55Z
2026-08-15T23:21:10Z,2026-08-16T01:21:10+0200,30cb418c-e56a-40a4-8689-fc8db64f26d1,2026-08-14T15:30:00Z,2026-08-14T17:30:00+0200,52756.46858,MW,DE,DE_LU,actual_load,Actual Load,2026-08-15T23:22:55Z
2026-08-15T23:21:10Z,2026-08-16T01:21:10+0200,30cb418c-e56a-40a4-8689-fc8db64f26d1,2026-08-14T15:45:00Z,2026-08-14T17:45:00+0200,52950.85554,MW,DE,DE_LU,actual_load,Actual Load,2026-08-15T23:22:55Z
2026-08-15T23:21:10Z,2026-08-16T01:21:10+0200,30cb418c-e56a-40a4-8689-fc8db64f26d1,2026-08-14T16:00:00Z,2026-08-14T18:00:00+0200,53801.40637,MW,DE,DE_LU,actual_load,Actual Load,2026-08-15T23:22:55Z
2026-08-15T23:21:10Z,2026-08-16T01:21:10+0200,30cb418c-e56a-40a4-8689-fc8db64f26d1,2026-08-14T16:15:00Z,2026-08-14T18:15:00+0200,53642.523929,MW,DE,DE_LU,actual_load,Actual Load,2026-08-15T23:22:55Z
2026-08-15T23:21:10Z,2026-08-16T01:21:10+0200,30cb418c-e56a-40a4-8689-fc8db64f26d1,2026-08-14T16:30:00Z,2026-08-14T18:30:00+0200,53821.67819,MW,DE,DE_LU,actual_load,Actual Load,2026-08-15T23:22:55Z
2026-08-15T23:21:10Z,2026-08-16T01:21:10+0200,30cb418c-e56a-40a4-8689-fc8db64f26d1,2026-08-14T16:45:00Z,2026-08-14T18:45:00+0200,54276.07866,MW,DE,DE_LU,actual_load,Actual Load,2026-08-15T23:22:55Z
2026-08-15T23:21:10Z,2026-08-16T01:21:10+0200,30cb418c-e56a-40a4-8689-fc8db64f26d1,2026-08-14T17:00:00Z,2026-08-14T19:00:00+0200,54408.815169,MW,DE,DE_LU,actual_load,Actual Load,2026-08-15T23:22:55Z
2026-08-15T23:21:10Z,2026-08-16T01:21:10+0200,30cb418c-e56a-40a4-8689-fc8db64f26d1,2026-08-14T17:15:00Z,2026-08-14T19:15:00+0200,53866.38251,MW,DE,DE_LU,actual_load,Actual Load,2026-08-15T23:22:55Z
2026-08-15T23:21:10Z,2026-08-16T01:21:10+0200,30cb418c-e56a-40a4-8689-fc8db64f26d1,2026-08-14T17:30:00Z,2026-08-14T19:30:00+0200,53376.30837,MW,DE,DE_LU,actual_load,Actual Load,2026-08-15T23:22:55Z
2026-08-15T23:21:10Z,2026-08-16T01:21:10+0200,30cb418c-e56a-40a4-8689-fc8db64f26d1,2026-08-14T17:45:00Z,2026-08-14T19:45:00+0200,52433.90312,MW,DE,DE_LU,actual_load,Actual Load,2026-08-15T23:22:55Z
2026-08-15T23:21:10Z,2026-08-16T01:21:10+0200,30cb418c-e56a-40a4-8689-fc8db64f26d1,2026-08-14T18:00:00Z,2026-08-14T20:00:00+0200,52271.86641,MW,DE,DE_LU,actual_load,Actual Load,2026-08-15T23:22:55Z
2026-08-15T23:21:10Z,2026-08-16T01:21:10+0200,30cb418c-e56a-40a4-8689-fc8db64f26d1,2026-08-14T18:15:00Z,2026-08-14T20:15:00+0200,51526.31559,MW,DE,DE_LU,actual_load,Actual Load,2026-08-15T23:22:55Z
2026-08-15T23:21:10Z,2026-08-16T01:21:10+0200,30cb418c-e56a-40a4-8689-fc8db64f26d1,2026-08-14T18:30:00Z,2026-08-14T20:30:00+0200,50957.721439,MW,DE,DE_LU,actual_load,Actual Load,2026-08-15T23:22:55Z
2026-08-15T23:21:10Z,2026-08-16T01:21:10+0200,30cb418c-e56a-40a4-8689-fc8db64f26d1,2026-08-14T18:45:00Z,2026-08-14T20:45:00+0200,50592.377259,MW,DE,DE_LU,actual_load,Actual Load,2026-08-15T23:22:55Z
2026-08-15T23:21:10Z,2026-08-16T01:21:10+0200,30cb418c-e56a-40a4-8689-fc8db64f26d1,2026-08-14T19:00:00Z,2026-08-14T21:00:00+0200,49619.60692,MW,DE,DE_LU,actual_load,Actual Load,2026-08-15T23:22:55Z
2026-08-15T23:21:10Z,2026-08-16T01:21:10+0200,30cb418c-e56a-40a4-8689-fc8db64f26d1,2026-08-14T19:15:00Z,2026-08-14T21:15:00+0200,49369.713,MW,DE,DE_LU,actual_load,Actual Load,2026-08-15T23:22:55Z
2026-08-15T23:21:10Z,2026-08-16T01:21:10+0200,30cb418c-e56a-40a4-8689-fc8db64f26d1,2026-08-14T19:30:00Z,2026-08-14T21:30:00+0200,48994.32081,MW,DE,DE_LU,actual_load,Actual Load,2026-08-15T23:22:55Z
2026-08-15T23:21:10Z,2026-08-16T01:21:10+0200,30cb418c-e56a-40a4-8689-fc8db64f26d1,2026-08-14T19:45:00Z,2026-08-14T21:45:00+0200,48283.5687,MW,DE,DE_LU,actual_load,Actual Load,2026-08-15T23:22:55Z
2026-08-15T23:21:10Z,2026-08-16T01:21:10+0200,30cb418c-e56a-40a4-8689-fc8db64f26d1,2026-08-14T20:00:00Z,2026-08-14T22:00:00+0200,46488.9089,MW,DE,DE_LU,actual_load,Actual Load,2026-08-15T23:22:55Z
2026-08-15T23:21:10Z,2026-08-16T01:21:10+0200,30cb418c-e56a-40a4-8689-fc8db64f26d1,2026-08-14T20:15:00Z,2026-08-14T22:15:00+0200,46276.57481,MW,DE,DE_LU,actual_load,Actual Load,2026-08-15T23:22:55Z
2026-08-15T23:21:10Z,2026-08-16T01:21:10+0200,30cb418c-e56a-40a4-8689-fc8db64f26d1,2026-08-14T20:30:00Z,2026-08-14T22:30:00+0200,45745.98432,MW,DE,DE_LU,actual_load,Actual Load,2026-08-15T23:22:55Z
2026-08-15T23:21:10Z,2026-08-16T01:21:10+0200,30cb418c-e56a-40a4-8689-fc8db64f26d1,2026-08-14T20:45:00Z,2026-08-14T22:45:00+0200,45618.90032,MW,DE,DE_LU,actual_load,Actual Load,2026-08-15T23:22:55Z
2026-08-15T23:21:10Z,2026-08-16T01:21:10+0200,30cb418c-e56a-40a4-8689-fc8db64f26d1,2026-08-14T21:00:00Z,2026-08-14T23:00:00+0200,44732.50844,MW,DE,DE_LU,actual_load,Actual Load,2026-08-15T23:22:55Z
2026-08-15T23:21:10Z,2026-08-16T01:21:10+0200,30cb418c-e56a-40a4-8689-fc8db64f26d1,2026-08-14T21:15:00Z,2026-08-14T23:15:00+0200,44549.54263,MW,DE,DE_LU,actual_load,Actual Load,2026-08-15T23:22:55Z
2026-08-15T23:21:10Z,2026-08-16T01:21:10+0200,30cb418c-e56a-40a4-8689-fc8db64f26d1,2026-08-14T21:30:00Z,2026-08-14T23:30:00+0200,43985.28813,MW,DE,DE_LU,actual_load,Actual Load,2026-08-15T23:22:55Z
2026-08-15T23:21:10Z,2026-08-16T01:21:10+0200,30cb418c-e56a-40a4-8689-fc8db64f26d1,2026-08-14T21:45:00Z,2026-08-14T23:45:00+0200,43404.135799,MW,DE,DE_LU,actual_load,Actual Load,2026-08-15T23:22:55Z
2026-08-15T23:21:10Z,2026-08-16T01:21:10+0200,30cb418c-e56a-40a4-8689-fc8db64f26d1,2026-08-14T22:00:00Z,2026-08-15T00:00:00+0200,41563.63083,MW,DE,DE_LU,actual_load,Actual Load,2026-08-15T23:22:55Z
2026-08-15T23:21:10Z,2026-08-16T01:21:10+0200,30cb418c-e56a-40a4-8689-fc8db64f26d1,2026-08-14T22:15:00Z,2026-08-15T00:15:00+0200,40779.79145,MW,DE,DE_LU,actual_load,Actual Load,2026-08-15T23:22:55Z
2026-08-15T23:21:10Z,2026-08-16T01:21:10+0200,30cb418c-e56a-40a4-8689-fc8db64f26d1,2026-08-14T22:30:00Z,2026-08-15T00:30:00+0200,40561.64699,MW,DE,DE_LU,actual_load,Actual Load,2026-08-15T23:22:55Z
2026-08-15T23:21:10Z,2026-08-16T01:21:10+0200,30cb418c-e56a-40a4-8689-fc8db64f26d1,2026-08-14T22:45:00Z,2026-08-15T00:45:00+0200,40429.682049,MW,DE,DE_LU,actual_load,Actual Load,2026-08-15T23:22:55Z
2026-08-15T23:21:10Z,2026-08-16T01:21:10+0200,30cb418c-e56a-40a4-8689-fc8db64f26d1,2026-08-14T23:00:00Z,2026-08-15T01:00:00+0200,39564.04009,MW,DE,DE_LU,actual_load,Actual Load,2026-08-15T23:22:55Z
2026-08-15T23:21:10Z,2026-08-16T01:21:10+0200,30cb418c-e56a-40a4-8689-fc8db64f26d1,2026-08-14T23:15:00Z,2026-08-15T01:15:00+0200,39181.45315,MW,DE,DE_LU,actual_load,Actual Load,2026-08-15T23:22:55Z
2026-08-15T23:21:10Z,2026-08-16T01:21:10+0200,30cb418c-e56a-40a4-8689-fc8db64f26d1,2026-08-14T23:30:00Z,2026-08-15T01:30:00+0200,38675.42326,MW,DE,DE_LU,actual_load,Actual Load,2026-08-15T23:22:55Z
2026-08-15T23:21:10Z,2026-08-16T01:21:10+0200,30cb418c-e56a-40a4-8689-fc8db64f26d1,2026-08-14T23:45:00Z,2026-08-15T01:45:00+0200,38432.66992,MW,DE,DE_LU,actual_load,Actual Load,2026-08-15T23:22:55Z
2026-08-15T23:21:10Z,2026-08-16T01:21:10+0200,30cb418c-e56a-40a4-8689-fc8db64f26d1,2026-08-15T00:00:00Z,2026-08-15T02:00:00+0200,38242.66041,MW,DE,DE_LU,actual_load,Actual Load,2026-08-15T23:22:55Z
2026-08-15T23:21:10Z,2026-08-16T01:21:10+0200,30cb418c-e56a-40a4-8689-fc8db64f26d1,2026-08-15T00:15:00Z,2026-08-15T02:15:00+0200,38129.78353,MW,DE,DE_LU,actual_load,Actual Load,2026-08-15T23:22:55Z
2026-08-15T23:21:10Z,2026-08-16T01:21:10+0200,30cb418c-e56a-40a4-8689-fc8db64f26d1,2026-08-15T00:30:00Z,2026-08-15T02:30:00+0200,37880.77253,MW,DE,DE_LU,actual_load,Actual Load,2026-08-15T23:22:55Z
2026-08-15T23:21:10Z,2026-08-16T01:21:10+0200,30cb418c-e56a-40a4-8689-fc8db64f26d1,2026-08-15T00:45:00Z,2026-08-15T02:45:00+0200,37811.20288,MW,DE,DE_LU,actual_load,Actual Load,2026-08-15T23:22:55Z
2026-08-15T23:21:10Z,2026-08-16T01:21:10+0200,30cb418c-e56a-40a4-8689-fc8db64f26d1,2026-08-15T01:00:00Z,2026-08-15T03:00:00+0200,37966.42653,MW,DE,DE_LU,actual_load,Actual Load,2026-08-15T23:22:55Z
2026-08-15T23:21:10Z,2026-08-16T01:21:10+0200,30cb418c-e56a-40a4-8689-fc8db64f26d1,2026-08-15T01:15:00Z,2026-08-15T03:15:00+0200,37619.32679,MW,DE,DE_LU,actual_load,Actual Load,2026-08-15T23:22:55Z
2026-08-15T23:21:10Z,2026-08-16T01:21:10+0200,30cb418c-e56a-40a4-8689-fc8db64f26d1,2026-08-15T01:30:00Z,2026-08-15T03:30:00+0200,37556.49136,MW,DE,DE_LU,actual_load,Actual Load,2026-08-15T23:22:55Z
2026-08-15T23:21:10Z,2026-08-16T01:21:10+0200,30cb418c-e56a-40a4-8689-fc8db64f26d1,2026-08-15T01:45:00Z,2026-08-15T03:45:00+0200,37592.78786,MW,DE,DE_LU,actual_load,Actual Load,2026-08-15T23:22:55Z
2026-08-15T23:21:10Z,2026-08-16T01:21:10+0200,30cb418c-e56a-40a4-8689-fc8db64f26d1,2026-08-15T02:00:00Z,2026-08-15T04:00:00+0200,37409.8941,MW,DE,DE_LU,actual_load,Actual Load,2026-08-15T23:22:55Z
2026-08-15T23:21:10Z,2026-08-16T01:21:10+0200,30cb418c-e56a-40a4-8689-fc8db64f26d1,2026-08-15T02:15:00Z,2026-08-15T04:15:00+0200,37356.97811,MW,DE,DE_LU,actual_load,Actual Load,2026-08-15T23:22:55Z
2026-08-15T23:21:10Z,2026-08-16T01:21:10+0200,30cb418c-e56a-40a4-8689-fc8db64f26d1,2026-08-15T02:30:00Z,2026-08-15T04:30:00+0200,37568.2233,MW,DE,DE_LU,actual_load,Actual Load,2026-08-15T23:22:55Z
2026-08-15T23:21:10Z,2026-08-16T01:21:10+0200,30cb418c-e56a-40a4-8689-fc8db64f26d1,2026-08-15T02:45:00Z,2026-08-15T04:45:00+0200,37429.68626,MW,DE,DE_LU,actual_load,Actual Load,2026-08-15T23:22:55Z
2026-08-15T23:21:10Z,2026-08-16T01:21:10+0200,30cb418c-e56a-40a4-8689-fc8db64f26d1,2026-08-15T03:00:00Z,2026-08-15T05:00:00+0200,37711.84071,MW,DE,DE_LU,actual_load,Actual Load,2026-08-15T23:22:55Z
2026-08-15T23:21:10Z,2026-08-16T01:21:10+0200,30cb418c-e56a-40a4-8689-fc8db64f26d1,2026-08-15T03:15:00Z,2026-08-15T05:15:00+0200,37857.55769,MW,DE,DE_LU,actual_load,Actual Load,2026-08-15T23:22:55Z
2026-08-15T23:21:10Z,2026-08-16T01:21:10+0200,30cb418c-e56a-40a4-8689-fc8db64f26d1,2026-08-15T03:30:00Z,2026-08-15T05:30:00+0200,38275.30215,MW,DE,DE_LU,actual_load,Actual Load,2026-08-15T23:22:55Z
2026-08-15T23:21:10Z,2026-08-16T01:21:10+0200,30cb418c-e56a-40a4-8689-fc8db64f26d1,2026-08-15T03:45:00Z,2026-08-15T05:45:00+0200,38354.5278,MW,DE,DE_LU,actual_load,Actual Load,2026-08-15T23:22:55Z
2026-08-15T23:21:10Z,2026-08-16T01:21:10+0200,30cb418c-e56a-40a4-8689-fc8db64f26d1,2026-08-15T04:00:00Z,2026-08-15T06:00:00+0200,38350.10219,MW,DE,DE_LU,actual_load,Actual Load,2026-08-15T23:22:55Z
2026-08-15T23:21:10Z,2026-08-16T01:21:10+0200,30cb418c-e56a-40a4-8689-fc8db64f26d1,2026-08-15T04:15:00Z,2026-08-15T06:15:00+0200,38895.5631,MW,DE,DE_LU,actual_load,Actual Load,2026-08-15T23:22:55Z
2026-08-15T23:21:10Z,2026-08-16T01:21:10+0200,30cb418c-e56a-40a4-8689-fc8db64f26d1,2026-08-15T04:30:00Z,2026-08-15T06:30:00+0200,40078.609139,MW,DE,DE_LU,actual_load,Actual Load,2026-08-15T23:22:55Z
2026-08-15T23:21:10Z,2026-08-16T01:21:10+0200,30cb418c-e56a-40a4-8689-fc8db64f26d1,2026-08-15T04:45:00Z,2026-08-15T06:45:00+0200,40415.71072,MW,DE,DE_LU,actual_load,Actual Load,2026-08-15T23:22:55Z
2026-08-15T23:21:10Z,2026-08-16T01:21:10+0200,30cb418c-e56a-40a4-8689-fc8db64f26d1,2026-08-15T05:00:00Z,2026-08-15T07:00:00+0200,40341.91832,MW,DE,DE_LU,actual_load,Actual Load,2026-08-15T23:22:55Z
2026-08-15T23:21:10Z,2026-08-16T01:21:10+0200,30cb418c-e56a-40a4-8689-fc8db64f26d1,2026-08-15T05:15:00Z,2026-08-15T07:15:00+0200,41830.09002,MW,DE,DE_LU,actual_load,Actual Load,2026-08-15T23:22:55Z
2026-08-15T23:21:10Z,2026-08-16T01:21:10+0200,30cb418c-e56a-40a4-8689-fc8db64f26d1,2026-08-15T05:30:00Z,2026-08-15T07:30:00+0200,43854.1423,MW,DE,DE_LU,actual_load,Actual Load,2026-08-15T23:22:55Z
2026-08-15T23:21:10Z,2026-08-16T01:21:10+0200,30cb418c-e56a-40a4-8689-fc8db64f26d1,2026-08-15T05:45:00Z,2026-08-15T07:45:00+0200,45416.12219,MW,DE,DE_LU,actual_load,Actual Load,2026-08-15T23:22:55Z
2026-08-15T23:21:10Z,2026-08-16T01:21:10+0200,30cb418c-e56a-40a4-8689-fc8db64f26d1,2026-08-15T06:00:00Z,2026-08-15T08:00:00+0200,44492.38879,MW,DE,DE_LU,actual_load,Actual Load,2026-08-15T23:22:55Z
2026-08-15T23:21:10Z,2026-08-16T01:21:10+0200,30cb418c-e56a-40a4-8689-fc8db64f26d1,2026-08-15T06:15:00Z,2026-08-15T08:15:00+0200,45787.82206,MW,DE,DE_LU,actual_load,Actual Load,2026-08-15T23:22:55Z
2026-08-15T23:21:10Z,2026-08-16T01:21:10+0200,30cb418c-e56a-40a4-8689-fc8db64f26d1,2026-08-15T06:30:00Z,2026-08-15T08:30:00+0200,46641.19373,MW,DE,DE_LU,actual_load,Actual Load,2026-08-15T23:22:55Z
2026-08-15T23:21:10Z,2026-08-16T01:21:10+0200,30cb418c-e56a-40a4-8689-fc8db64f26d1,2026-08-15T06:45:00Z,2026-08-15T08:45:00+0200,47204.793809,MW,DE,DE_LU,actual_load,Actual Load,2026-08-15T23:22:55Z
2026-08-15T23:21:10Z,2026-08-16T01:21:10+0200,30cb418c-e56a-40a4-8689-fc8db64f26d1,2026-08-15T07:00:00Z,2026-08-15T09:00:00+0200,47841.376049,MW,DE,DE_LU,actual_load,Actual Load,2026-08-15T23:22:55Z
2026-08-15T23:21:10Z,2026-08-16T01:21:10+0200,30cb418c-e56a-40a4-8689-fc8db64f26d1,2026-08-15T07:15:00Z,2026-08-15T09:15:00+0200,48604.53341,MW,DE,DE_LU,actual_load,Actual Load,2026-08-15T23:22:55Z
2026-08-15T23:21:10Z,2026-08-16T01:21:10+0200,30cb418c-e56a-40a4-8689-fc8db64f26d1,2026-08-15T07:30:00Z,2026-08-15T09:30:00+0200,48845.81923,MW,DE,DE_LU,actual_load,Actual Load,2026-08-15T23:22:55Z
2026-08-15T23:21:10Z,2026-08-16T01:21:10+0200,30cb418c-e56a-40a4-8689-fc8db64f26d1,2026-08-15T07:45:00Z,2026-08-15T09:45:00+0200,48917.15369,MW,DE,DE_LU,actual_load,Actual Load,2026-08-15T23:22:55Z
2026-08-15T23:21:10Z,2026-08-16T01:21:10+0200,30cb418c-e56a-40a4-8689-fc8db64f26d1,2026-08-15T08:00:00Z,2026-08-15T10:00:00+0200,48878.01117,MW,DE,DE_LU,actual_load,Actual Load,2026-08-15T23:22:55Z
2026-08-15T23:21:10Z,2026-08-16T01:21:10+0200,30cb418c-e56a-40a4-8689-fc8db64f26d1,2026-08-15T08:15:00Z,2026-08-15T10:15:00+0200,49078.01447,MW,DE,DE_LU,actual_load,Actual Load,2026-08-15T23:22:55Z
2026-08-15T23:21:10Z,2026-08-16T01:21:10+0200,30cb418c-e56a-40a4-8689-fc8db64f26d1,2026-08-15T08:30:00Z,2026-08-15T10:30:00+0200,49292.70573,MW,DE,DE_LU,actual_load,Actual Load,2026-08-15T23:22:55Z
2026-08-15T23:21:10Z,2026-08-16T01:21:10+0200,30cb418c-e56a-40a4-8689-fc8db64f26d1,2026-08-15T08:45:00Z,2026-08-15T10:45:00+0200,49698.45159,MW,DE,DE_LU,actual_load,Actual Load,2026-08-15T23:22:55Z
2026-08-15T23:21:10Z,2026-08-16T01:21:10+0200,30cb418c-e56a-40a4-8689-fc8db64f26d1,2026-08-15T09:00:00Z,2026-08-15T11:00:00+0200,50078.98053,MW,DE,DE_LU,actual_load,Actual Load,2026-08-15T23:22:55Z
2026-08-15T23:21:10Z,2026-08-16T01:21:10+0200,30cb418c-e56a-40a4-8689-fc8db64f26d1,2026-08-15T09:15:00Z,2026-08-15T11:15:00+0200,50134.58571,MW,DE,DE_LU,actual_load,Actual Load,2026-08-15T23:22:55Z
2026-08-15T23:21:10Z,2026-08-16T01:21:10+0200,30cb418c-e56a-40a4-8689-fc8db64f26d1,2026-08-15T09:30:00Z,2026-08-15T11:30:00+0200,49766.308169,MW,DE,DE_LU,actual_load,Actual Load,2026-08-15T23:22:55Z
2026-08-15T23:21:10Z,2026-08-16T01:21:10+0200,30cb418c-e56a-40a4-8689-fc8db64f26d1,2026-08-15T09:45:00Z,2026-08-15T11:45:00+0200,49337.47047,MW,DE,DE_LU,actual_load,Actual Load,2026-08-15T23:22:55Z
2026-08-15T23:21:10Z,2026-08-16T01:21:10+0200,30cb418c-e56a-40a4-8689-fc8db64f26d1,2026-08-15T10:00:00Z,2026-08-15T12:00:00+0200,48905.97355,MW,DE,DE_LU,actual_load,Actual Load,2026-08-15T23:22:55Z
2026-08-15T23:21:10Z,2026-08-16T01:21:10+0200,30cb418c-e56a-40a4-8689-fc8db64f26d1,2026-08-15T10:15:00Z,2026-08-15T12:15:00+0200,49375.64384,MW,DE,DE_LU,actual_load,Actual Load,2026-08-15T23:22:55Z
2026-08-15T23:21:10Z,2026-08-16T01:21:10+0200,30cb418c-e56a-40a4-8689-fc8db64f26d1,2026-08-15T10:30:00Z,2026-08-15T12:30:00+0200,49221.73359,MW,DE,DE_LU,actual_load,Actual Load,2026-08-15T23:22:55Z
2026-08-15T23:21:10Z,2026-08-16T01:21:10+0200,30cb418c-e56a-40a4-8689-fc8db64f26d1,2026-08-15T10:45:00Z,2026-08-15T12:45:00+0200,48739.19119,MW,DE,DE_LU,actual_load,Actual Load,2026-08-15T23:22:55Z
2026-08-15T23:21:10Z,2026-08-16T01:21:10+0200,30cb418c-e56a-40a4-8689-fc8db64f26d1,2026-08-15T11:00:00Z,2026-08-15T13:00:00+0200,48906.07211,MW,DE,DE_LU,actual_load,Actual Load,2026-08-15T23:22:55Z
2026-08-15T23:21:10Z,2026-08-16T01:21:10+0200,30cb418c-e56a-40a4-8689-fc8db64f26d1,2026-08-15T11:15:00Z,2026-08-15T13:15:00+0200,48478.38946,MW,DE,DE_LU,actual_load,Actual Load,2026-08-15T23:22:55Z
2026-08-15T23:21:10Z,2026-08-16T01:21:10+0200,30cb418c-e56a-40a4-8689-fc8db64f26d1,2026-08-15T11:30:00Z,2026-08-15T13:30:00+0200,47843.03441,MW,DE,DE_LU,actual_load,Actual Load,2026-08-15T23:22:55Z
2026-08-15T23:21:10Z,2026-08-16T01:21:10+0200,30cb418c-e56a-40a4-8689-fc8db64f26d1,2026-08-15T11:45:00Z,2026-08-15T13:45:00+0200,47469.77786,MW,DE,DE_LU,actual_load,Actual Load,2026-08-15T23:22:55Z
2026-08-15T23:21:10Z,2026-08-16T01:21:10+0200,30cb418c-e56a-40a4-8689-fc8db64f26d1,2026-08-15T12:00:00Z,2026-08-15T14:00:00+0200,48205.32986,MW,DE,DE_LU,actual_load,Actual Load,2026-08-15T23:22:55Z
2026-08-15T23:21:10Z,2026-08-16T01:21:10+0200,30cb418c-e56a-40a4-8689-fc8db64f26d1,2026-08-15T12:15:00Z,2026-08-15T14:15:00+0200,48601.50405,MW,DE,DE_LU,actual_load,Actual Load,2026-08-15T23:22:55Z
2026-08-15T23:21:10Z,2026-08-16T01:21:10+0200,30cb418c-e56a-40a4-8689-fc8db64f26d1,2026-08-15T12:30:00Z,2026-08-15T14:30:00+0200,48189.147219,MW,DE,DE_LU,actual_load,Actual Load,2026-08-15T23:22:55Z
2026-08-15T23:21:10Z,2026-08-16T01:21:10+0200,30cb418c-e56a-40a4-8689-fc8db64f26d1,2026-08-15T12:45:00Z,2026-08-15T14:45:00+0200,48439.28891,MW,DE,DE_LU,actual_load,Actual Load,2026-08-15T23:22:55Z
2026-08-15T23:21:10Z,2026-08-16T01:21:10+0200,30cb418c-e56a-40a4-8689-fc8db64f26d1,2026-08-15T13:00:00Z,2026-08-15T15:00:00+0200,48453.39056,MW,DE,DE_LU,actual_load,Actual Load,2026-08-15T23:22:55Z
2026-08-15T23:21:10Z,2026-08-16T01:21:10+0200,30cb418c-e56a-40a4-8689-fc8db64f26d1,2026-08-15T13:15:00Z,2026-08-15T15:15:00+0200,48489.882239,MW,DE,DE_LU,actual_load,Actual Load,2026-08-15T23:22:55Z
2026-08-15T23:21:10Z,2026-08-16T01:21:10+0200,30cb418c-e56a-40a4-8689-fc8db64f26d1,2026-08-15T13:30:00Z,2026-08-15T15:30:00+0200,48576.91503,MW,DE,DE_LU,actual_load,Actual Load,2026-08-15T23:22:55Z
2026-08-15T23:21:10Z,2026-08-16T01:21:10+0200,30cb418c-e56a-40a4-8689-fc8db64f26d1,2026-08-15T13:45:00Z,2026-08-15T15:45:00+0200,48476.85269,MW,DE,DE_LU,actual_load,Actual Load,2026-08-15T23:22:55Z
2026-08-15T23:21:10Z,2026-08-16T01:21:10+0200,30cb418c-e56a-40a4-8689-fc8db64f26d1,2026-08-15T14:00:00Z,2026-08-15T16:00:00+0200,49266.79955,MW,DE,DE_LU,actual_load,Actual Load,2026-08-15T23:22:55Z
2026-08-15T23:21:10Z,2026-08-16T01:21:10+0200,30cb418c-e56a-40a4-8689-fc8db64f26d1,2026-08-15T14:15:00Z,2026-08-15T16:15:00+0200,49160.68603,MW,DE,DE_LU,actual_load,Actual Load,2026-08-15T23:22:55Z
2026-08-15T23:21:10Z,2026-08-16T01:21:10+0200,30cb418c-e56a-40a4-8689-fc8db64f26d1,2026-08-15T14:30:00Z,2026-08-15T16:30:00+0200,50153.848989,MW,DE,DE_LU,actual_load,Actual Load,2026-08-15T23:22:55Z
2026-08-15T23:21:10Z,2026-08-16T01:21:10+0200,30cb418c-e56a-40a4-8689-fc8db64f26d1,2026-08-15T14:45:00Z,2026-08-15T16:45:00+0200,49596.11658,MW,DE,DE_LU,actual_load,Actual Load,2026-08-15T23:22:55Z
2026-08-15T23:21:10Z,2026-08-16T01:21:10+0200,30cb418c-e56a-40a4-8689-fc8db64f26d1,2026-08-15T15:00:00Z,2026-08-15T17:00:00+0200,49813.98002,MW,DE,DE_LU,actual_load,Actual Load,2026-08-15T23:22:55Z
2026-08-15T23:21:10Z,2026-08-16T01:21:10+0200,30cb418c-e56a-40a4-8689-fc8db64f26d1,2026-08-15T15:15:00Z,2026-08-15T17:15:00+0200,49034.85588,MW,DE,DE_LU,actual_load,Actual Load,2026-08-15T23:22:55Z
2026-08-15T23:21:10Z,2026-08-16T01:21:10+0200,30cb418c-e56a-40a4-8689-fc8db64f26d1,2026-08-15T15:30:00Z,2026-08-15T17:30:00+0200,48747.62594,MW,DE,DE_LU,actual_load,Actual Load,2026-08-15T23:22:55Z
2026-08-15T23:21:10Z,2026-08-16T01:21:10+0200,30cb418c-e56a-40a4-8689-fc8db64f26d1,2026-08-15T15:45:00Z,2026-08-15T17:45:00+0200,48628.4922,MW,DE,DE_LU,actual_load,Actual Load,2026-08-15T23:22:55Z
2026-08-15T23:21:10Z,2026-08-16T01:21:10+0200,30cb418c-e56a-40a4-8689-fc8db64f26d1,2026-08-15T16:00:00Z,2026-08-15T18:00:00+0200,49198.15618,MW,DE,DE_LU,actual_load,Actual Load,2026-08-15T23:22:55Z
2026-08-15T23:21:10Z,2026-08-16T01:21:10+0200,30cb418c-e56a-40a4-8689-fc8db64f26d1,2026-08-15T16:15:00Z,2026-08-15T18:15:00+0200,49293.42493,MW,DE,DE_LU,actual_load,Actual Load,2026-08-15T23:22:55Z
2026-08-15T23:21:10Z,2026-08-16T01:21:10+0200,30cb418c-e56a-40a4-8689-fc8db64f26d1,2026-08-15T16:30:00Z,2026-08-15T18:30:00+0200,49367.92959,MW,DE,DE_LU,actual_load,Actual Load,2026-08-15T23:22:55Z
2026-08-15T23:21:10Z,2026-08-16T01:21:10+0200,30cb418c-e56a-40a4-8689-fc8db64f26d1,2026-08-15T16:45:00Z,2026-08-15T18:45:00+0200,49634.21564,MW,DE,DE_LU,actual_load,Actual Load,2026-08-15T23:22:55Z
2026-08-15T23:21:10Z,2026-08-16T01:21:10+0200,30cb418c-e56a-40a4-8689-fc8db64f26d1,2026-08-15T17:00:00Z,2026-08-15T19:00:00+0200,49778.40952,MW,DE,DE_LU,actual_load,Actual Load,2026-08-15T23:22:55Z
2026-08-15T23:21:10Z,2026-08-16T01:21:10+0200,30cb418c-e56a-40a4-8689-fc8db64f26d1,2026-08-15T17:15:00Z,2026-08-15T19:15:00+0200,49372.22365,MW,DE,DE_LU,actual_load,Actual Load,2026-08-15T23:22:55Z
2026-08-15T23:21:10Z,2026-08-16T01:21:10+0200,30cb418c-e56a-40a4-8689-fc8db64f26d1,2026-08-15T17:30:00Z,2026-08-15T19:30:00+0200,49291.42554,MW,DE,DE_LU,actual_load,Actual Load,2026-08-15T23:22:55Z
2026-08-15T23:21:10Z,2026-08-16T01:21:10+0200,30cb418c-e56a-40a4-8689-fc8db64f26d1,2026-08-15T17:45:00Z,2026-08-15T19:45:00+0200,48196.692,MW,DE,DE_LU,actual_load,Actual Load,2026-08-15T23:22:55Z
2026-08-15T23:21:10Z,2026-08-16T01:21:10+0200,30cb418c-e56a-40a4-8689-fc8db64f26d1,2026-08-15T18:00:00Z,2026-08-15T20:00:00+0200,48286.63652,MW,DE,DE_LU,actual_load,Actual Load,2026-08-15T23:22:55Z
2026-08-15T23:21:10Z,2026-08-16T01:21:10+0200,30cb418c-e56a-40a4-8689-fc8db64f26d1,2026-08-15T18:15:00Z,2026-08-15T20:15:00+0200,47437.93534,MW,DE,DE_LU,actual_load,Actual Load,2026-08-15T23:22:55Z
2026-08-15T23:21:10Z,2026-08-16T01:21:10+0200,30cb418c-e56a-40a4-8689-fc8db64f26d1,2026-08-15T18:30:00Z,2026-08-15T20:30:00+0200,47066.895879,MW,DE,DE_LU,actual_load,Actual Load,2026-08-15T23:22:55Z
2026-08-15T23:21:10Z,2026-08-16T01:21:10+0200,30cb418c-e56a-40a4-8689-fc8db64f26d1,2026-08-15T18:45:00Z,2026-08-15T20:45:00+0200,47387.76523,MW,DE,DE_LU,actual_load,Actual Load,2026-08-15T23:22:55Z
2026-08-15T23:21:10Z,2026-08-16T01:21:10+0200,30cb418c-e56a-40a4-8689-fc8db64f26d1,2026-08-15T19:00:00Z,2026-08-15T21:00:00+0200,45429.03038,MW,DE,DE_LU,actual_load,Actual Load,2026-08-15T23:22:55Z
2026-08-15T23:21:10Z,2026-08-16T01:21:10+0200,30cb418c-e56a-40a4-8689-fc8db64f26d1,2026-08-15T19:15:00Z,2026-08-15T21:15:00+0200,43704.220669,MW,DE,DE_LU,actual_load,Actual Load,2026-08-15T23:22:55Z
2026-08-15T23:21:10Z,2026-08-16T01:21:10+0200,30cb418c-e56a-40a4-8689-fc8db64f26d1,2026-08-15T19:30:00Z,2026-08-15T21:30:00+0200,42063.44872,MW,DE,DE_LU,actual_load,Actual Load,2026-08-15T23:22:55Z
2026-08-15T23:21:10Z,2026-08-16T01:21:10+0200,30cb418c-e56a-40a4-8689-fc8db64f26d1,2026-08-15T19:45:00Z,2026-08-15T21:45:00+0200,42089.77368,MW,DE,DE_LU,actual_load,Actual Load,2026-08-15T23:22:55Z
2026-08-15T23:21:10Z,2026-08-16T01:21:10+0200,30cb418c-e56a-40a4-8689-fc8db64f26d1,2026-08-15T20:00:00Z,2026-08-15T22:00:00+0200,45154.01829,MW,DE,DE_LU,actual_load,Actual Load,2026-08-15T23:22:55Z
2026-08-15T23:21:10Z,2026-08-16T01:21:10+0200,30cb418c-e56a-40a4-8689-fc8db64f26d1,2026-08-15T20:15:00Z,2026-08-15T22:15:00+0200,45083.24078,MW,DE,DE_LU,actual_load,Actual Load,2026-08-15T23:22:55Z
2026-08-15T23:21:10Z,2026-08-16T01:21:10+0200,30cb418c-e56a-40a4-8689-fc8db64f26d1,2026-08-15T20:30:00Z,2026-08-15T22:30:00+0200,44330.01907,MW,DE,DE_LU,actual_load,Actual Load,2026-08-15T23:22:55Z
2026-08-15T23:21:10Z,2026-08-16T01:21:10+0200,30cb418c-e56a-40a4-8689-fc8db64f26d1,2026-08-15T20:45:00Z,2026-08-15T22:45:00+0200,44074.65917,MW,DE,DE_LU,actual_load,Actual Load,2026-08-15T23:22:55Z
2026-08-15T23:21:10Z,2026-08-16T01:21:10+0200,30cb418c-e56a-40a4-8689-fc8db64f26d1,2026-08-15T21:00:00Z,2026-08-15T23:00:00+0200,43732.41374,MW,DE,DE_LU,actual_load,Actual Load,2026-08-15T23:22:55Z
2026-08-15T23:21:10Z,2026-08-16T01:21:10+0200,30cb418c-e56a-40a4-8689-fc8db64f26d1,2026-08-15T21:15:00Z,2026-08-15T23:15:00+0200,43354.00301,MW,DE,DE_LU,actual_load,Actual Load,2026-08-15T23:22:55Z
2026-08-15T23:21:10Z,2026-08-16T01:21:10+0200,30cb418c-e56a-40a4-8689-fc8db64f26d1,2026-08-15T21:30:00Z,2026-08-15T23:30:00+0200,43025.80722,MW,DE,DE_LU,actual_load,Actual Load,2026-08-15T23:22:55Z
2026-08-15T23:21:10Z,2026-08-16T01:21:10+0200,30cb418c-e56a-40a4-8689-fc8db64f26d1,2026-08-15T21:45:00Z,2026-08-15T23:45:00+0200,42554.09808,MW,DE,DE_LU,actual_load,Actual Load,2026-08-15T23:22:55Z
2026-08-15T23:21:10Z,2026-08-16T01:21:10+0200,30cb418c-e56a-40a4-8689-fc8db64f26d1,2026-08-15T22:00:00Z,2026-08-16T00:00:00+0200,42208.13888,MW,DE,DE_LU,actual_load,Actual Load,2026-08-15T23:22:55Z
2026-08-15T23:21:10Z,2026-08-16T01:21:10+0200,30cb418c-e56a-40a4-8689-fc8db64f26d1,2026-08-15T22:15:00Z,2026-08-16T00:15:00+0200,42125.15933,MW,DE,DE_LU,actual_load,Actual Load,2026-08-15T23:22:55Z
