collection_time_utc,collection_time_local,run_id,timestamp_utc,timestamp_local,value,unit,country,entsoe_area,variable,source,updated_at_utc
2026-09-02T16:42:57Z,2026-09-02T18:42:57+0200,9e3a6020-c1dd-465f-a1f2-1481c073f385,2026-08-26T17:00:00Z,2026-08-26T19:00:00+0200,638.166666,MW,DK1,DK_1,forecast_onshore_wind_generation,Wind Onshore,2026-09-02T16:45:54Z
2026-09-02T16:42:57Z,2026-09-02T18:42:57+0200,9e3a6020-c1dd-465f-a1f2-1481c073f385,2026-08-26T17:15:00Z,2026-08-26T19:15:00+0200,605.5,MW,DK1,DK_1,forecast_onshore_wind_generation,Wind Onshore,2026-09-02T16:45:54Z
2026-09-02T16:42:57Z,2026-09-02T18:42:57+0200,9e3a6020-c1dd-465f-a1f2-1481c073f385,2026-08-26T17:30:00Z,2026-08-26T19:30:00+0200,582.333333,MW,DK1,DK_1,forecast_onshore_wind_generation,Wind Onshore,2026-09-02T16:45:54Z
2026-09-02T16:42:57Z,2026-09-02T18:42:57+0200,9e3a6020-c1dd-465f-a1f2-1481c073f385,2026-08-26T17:45:00Z,2026-08-26T19:45:00+0200,557.5,MW,DK1,DK_1,forecast_onshore_wind_generation,Wind Onshore,2026-09-02T16:45:54Z
2026-09-02T16:42:57Z,2026-09-02T18:42:57+0200,9e3a6020-c1dd-465f-a1f2-1481c073f385,2026-08-26T18:00:00Z,2026-08-26T20:00:00+0200,544.0,MW,DK1,DK_1,forecast_onshore_wind_generation,Wind Onshore,2026-09-02T16:45:54Z
2026-09-02T16:42:57Z,2026-09-02T18:42:57+0200,9e3a6020-c1dd-465f-a1f2-1481c073f385,2026-08-26T18:15:00Z,2026-08-26T20:15:00+0200,556.333333,MW,DK1,DK_1,forecast_onshore_wind_generation,Wind Onshore,2026-09-02T16:45:54Z
2026-09-02T16:42:57Z,2026-09-02T18:42:57+0200,9e3a6020-c1dd-465f-a1f2-1481c073f385,2026-08-26T18:30:00Z,2026-08-26T20:30:00+0200,590.833333,MW,DK1,DK_1,forecast_onshore_wind_generation,Wind Onshore,2026-09-02T16:45:54Z
2026-09-02T16:42:57Z,2026-09-02T18:42:57+0200,9e3a6020-c1dd-465f-a1f2-1481c073f385,2026-08-26T18:45:00Z,2026-08-26T20:45:00+0200,615.166666,MW,DK1,DK_1,forecast_onshore_wind_generation,Wind Onshore,2026-09-02T16:45:54Z
2026-09-02T16:42:57Z,2026-09-02T18:42:57+0200,9e3a6020-c1dd-465f-a1f2-1481c073f385,2026-08-26T19:00:00Z,2026-08-26T21:00:00+0200,637.833333,MW,DK1,DK_1,forecast_onshore_wind_generation,Wind Onshore,2026-09-02T16:45:54Z
2026-09-02T16:42:57Z,2026-09-02T18:42:57+0200,9e3a6020-c1dd-465f-a1f2-1481c073f385,2026-08-26T19:15:00Z,2026-08-26T21:15:00+0200,664.166666,MW,DK1,DK_1,forecast_onshore_wind_generation,Wind Onshore,2026-09-02T16:45:54Z
2026-09-02T16:42:57Z,2026-09-02T18:42:57+0200,9e3a6020-c1dd-465f-a1f2-1481c073f385,2026-08-26T19:30:00Z,2026-08-26T21:30:00+0200,691.5,MW,DK1,DK_1,forecast_onshore_wind_generation,Wind Onshore,2026-09-02T16:45:54Z
2026-09-02T16:42:57Z,2026-09-02T18:42:57+0200,9e3a6020-c1dd-465f-a1f2-1481c073f385,2026-08-26T19:45:00Z,2026-08-26T21:45:00+0200,713.5,MW,DK1,DK_1,forecast_onshore_wind_generation,Wind Onshore,2026-09-02T16:45:54Z
2026-09-02T16:42:57Z,2026-09-02T18:42:57+0200,9e3a6020-c1dd-465f-a1f2-1481c073f385,2026-08-26T20:00:00Z,2026-08-26T22:00:00+0200,726.166666,MW,DK1,DK_1,forecast_onshore_wind_generation,Wind Onshore,2026-09-02T16:45:54Z
2026-09-02T16:42:57Z,2026-09-02T18:42:57+0200,9e3a6020-c1dd-465f-a1f2-1481c073f385,2026-08-26T20:15:00Z,2026-08-26T22:15:00+0200,730.5,MW,DK1,DK_1,forecast_onshore_wind_generation,Wind Onshore,2026-09-02T16:45:54Z
2026-09-02T16:42:57Z,2026-09-02T18:42:57+0200,9e3a6020-c1dd-465f-a1f2-1481c073f385,2026-08-26T20:30:00Z,2026-08-26T22:30:00+0200,732.666666,MW,DK1,DK_1,forecast_onshore_wind_generation,Wind Onshore,2026-09-02T16:45:54Z
2026-09-02T16:42:57Z,2026-09-02T18:42:57+0200,9e3a6020-c1dd-465f-a1f2-1481c073f385,2026-08-26T20:45:00Z,2026-08-26T22:45:00+0200,735.333333,MW,DK1,DK_1,forecast_onshore_wind_generation,Wind Onshore,2026-09-02T16:45:54Z
2026-09-02T16:42:57Z,2026-09-02T18:42:57+0200,9e3a6020-c1dd-465f-a1f2-1481c073f385,2026-08-26T21:00:00Z,2026-08-26T23:00:00+0200,731.333333,MW,DK1,DK_1,forecast_onshore_wind_generation,Wind Onshore,2026-09-02T16:45:54Z
2026-09-02T16:42:57Z,2026-09-02T18:42:57+0200,9e3a6020-c1dd-465f-a1f2-1481c073f385,2026-08-26T21:15:00Z,2026-08-26T23:15:00+0200,722.5,MW,DK1,DK_1,forecast_onshore_wind_generation,Wind Onshore,2026-09-02T16:45:54Z
2026-09-02T16:42:57Z,2026-09-02T18:42:57+0200,9e3a6020-c1dd-465f-a1f2-1481c073f385,2026-08-26T21:30:00Z,2026-08-26T23:30:00+0200,712.833333,MW,DK1,DK_1,forecast_onshore_wind_generation,Wind Onshore,2026-09-02T16:45:54Z
2026-09-02T16:42:57Z,2026-09-02T18:42:57+0200,9e3a6020-c1dd-465f-a1f2-1481c073f385,2026-08-26T21:45:00Z,2026-08-26T23:45:00+0200,707.5,MW,DK1,DK_1,forecast_onshore_wind_generation,Wind Onshore,2026-09-02T16:45:54Z
2026-09-02T16:42:57Z,2026-09-02T18:42:57+0200,9e3a6020-c1dd-465f-a1f2-1481c073f385,2026-08-26T22:00:00Z,2026-08-27T00:00:00+0200,750.833333,MW,DK1,DK_1,forecast_onshore_wind_generation,Wind Onshore,2026-09-02T16:45:54Z
2026-09-02T16:42:57Z,2026-09-02T18:42:57+0200,9e3a6020-c1dd-465f-a1f2-1481c073f385,2026-08-26T22:15:00Z,2026-08-27T00:15:00+0200,736.333333,MW,DK1,DK_1,forecast_onshore_wind_generation,Wind Onshore,2026-09-02T16:45:54Z
2026-09-02T16:42:57Z,2026-09-02T18:42:57+0200,9e3a6020-c1dd-465f-a1f2-1481c073f385,2026-08-26T22:30:00Z,2026-08-27T00:30:00+0200,730.833333,MW,DK1,DK_1,forecast_onshore_wind_generation,Wind Onshore,2026-09-02T16:45:54Z
2026-09-02T16:42:57Z,2026-09-02T18:42:57+0200,9e3a6020-c1dd-465f-a1f2-1481c073f385,2026-08-26T22:45:00Z,2026-08-27T00:45:00+0200,729.333333,MW,DK1,DK_1,forecast_onshore_wind_generation,Wind Onshore,2026-09-02T16:45:54Z
2026-09-02T16:42:57Z,2026-09-02T18:42:57+0200,9e3a6020-c1dd-465f-a1f2-1481c073f385,2026-08-26T23:00:00Z,2026-08-27T01:00:00+0200,732.166666,MW,DK1,DK_1,forecast_onshore_wind_generation,Wind Onshore,2026-09-02T16:45:54Z
2026-09-02T16:42:57Z,2026-09-02T18:42:57+0200,9e3a6020-c1dd-465f-a1f2-1481c073f385,2026-08-26T23:15:00Z,2026-08-27T01:15:00+0200,739.5,MW,DK1,DK_1,forecast_onshore_wind_generation,Wind Onshore,2026-09-02T16:45:54Z
2026-09-02T16:42:57Z,2026-09-02T18:42:57+0200,9e3a6020-c1dd-465f-a1f2-1481c073f385,2026-08-26T23:30:00Z,2026-08-27T01:30:00+0200,748.166666,MW,DK1,DK_1,forecast_onshore_wind_generation,Wind Onshore,2026-09-02T16:45:54Z
2026-09-02T16:42:57Z,2026-09-02T18:42:57+0200,9e3a6020-c1dd-465f-a1f2-1481c073f385,2026-08-26T23:45:00Z,2026-08-27T01:45:00+0200,758.333333,MW,DK1,DK_1,forecast_onshore_wind_generation,Wind Onshore,2026-09-02T16:45:54Z
2026-09-02T16:42:57Z,2026-09-02T18:42:57+0200,9e3a6020-c1dd-465f-a1f2-1481c073f385,2026-08-27T00:00:00Z,2026-08-27T02:00:00+0200,773.5,MW,DK1,DK_1,forecast_onshore_wind_generation,Wind Onshore,2026-09-02T16:45:54Z
2026-09-02T16:42:57Z,2026-09-02T18:42:57+0200,9e3a6020-c1dd-465f-a1f2-1481c073f385,2026-08-27T00:15:00Z,2026-08-27T02:15:00+0200,789.666666,MW,DK1,DK_1,forecast_onshore_wind_generation,Wind Onshore,2026-09-02T16:45:54Z
2026-09-02T16:42:57Z,2026-09-02T18:42:57+0200,9e3a6020-c1dd-465f-a1f2-1481c073f385,2026-08-27T00:30:00Z,2026-08-27T02:30:00+0200,805.5,MW,DK1,DK_1,forecast_onshore_wind_generation,Wind Onshore,2026-09-02T16:45:54Z
2026-09-02T16:42:57Z,2026-09-02T18:42:57+0200,9e3a6020-c1dd-465f-a1f2-1481c073f385,2026-08-27T00:45:00Z,2026-08-27T02:45:00+0200,818.833333,MW,DK1,DK_1,forecast_onshore_wind_generation,Wind Onshore,2026-09-02T16:45:54Z
2026-09-02T16:42:57Z,2026-09-02T18:42:57+0200,9e3a6020-c1dd-465f-a1f2-1481c073f385,2026-08-27T01:00:00Z,2026-08-27T03:00:00+0200,828.833333,MW,DK1,DK_1,forecast_onshore_wind_generation,Wind Onshore,2026-09-02T16:45:54Z
2026-09-02T16:42:57Z,2026-09-02T18:42:57+0200,9e3a6020-c1dd-465f-a1f2-1481c073f385,2026-08-27T01:15:00Z,2026-08-27T03:15:00+0200,842.333333,MW,DK1,DK_1,forecast_onshore_wind_generation,Wind Onshore,2026-09-02T16:45:54Z
2026-09-02T16:42:57Z,2026-09-02T18:42:57+0200,9e3a6020-c1dd-465f-a1f2-1481c073f385,2026-08-27T01:30:00Z,2026-08-27T03:30:00+0200,855.0,MW,DK1,DK_1,forecast_onshore_wind_generation,Wind Onshore,2026-09-02T16:45:54Z
2026-09-02T16:42:57Z,2026-09-02T18:42:57+0200,9e3a6020-c1dd-465f-a1f2-1481c073f385,2026-08-27T01:45:00Z,2026-08-27T03:45:00+0200,860.5,MW,DK1,DK_1,forecast_onshore_wind_generation,Wind Onshore,2026-09-02T16:45:54Z
2026-09-02T16:42:57Z,2026-09-02T18:42:57+0200,9e3a6020-c1dd-465f-a1f2-1481c073f385,2026-08-27T02:00:00Z,2026-08-27T04:00:00+0200,865.5,MW,DK1,DK_1,forecast_onshore_wind_generation,Wind Onshore,2026-09-02T16:45:54Z
2026-09-02T16:42:57Z,2026-09-02T18:42:57+0200,9e3a6020-c1dd-465f-a1f2-1481c073f385,2026-08-27T02:15:00Z,2026-08-27T04:15:00+0200,872.0,MW,DK1,DK_1,forecast_onshore_wind_generation,Wind Onshore,2026-09-02T16:45:54Z
2026-09-02T16:42:57Z,2026-09-02T18:42:57+0200,9e3a6020-c1dd-465f-a1f2-1481c073f385,2026-08-27T02:30:00Z,2026-08-27T04:30:00+0200,876.333333,MW,DK1,DK_1,forecast_onshore_wind_generation,Wind Onshore,2026-09-02T16:45:54Z
2026-09-02T16:42:57Z,2026-09-02T18:42:57+0200,9e3a6020-c1dd-465f-a1f2-1481c073f385,2026-08-27T02:45:00Z,2026-08-27T04:45:00+0200,879.333333,MW,DK1,DK_1,forecast_onshore_wind_generation,Wind Onshore,2026-09-02T16:45:54Z
2026-09-02T16:42:57Z,2026-09-02T18:42:57+0200,9e3a6020-c1dd-465f-a1f2-1481c073f385,2026-08-27T03:00:00Z,2026-08-27T05:00:00+0200,883.333333,MW,DK1,DK_1,forecast_onshore_wind_generation,Wind Onshore,2026-09-02T16:45:54Z
2026-09-02T16:42:57Z,2026-09-02T18:42:57+0200,9e3a6020-c1dd-465f-a1f2-1481c073f385,2026-08-27T03:15:00Z,2026-08-27T05:15:00+0200,884.333333,MW,DK1,DK_1,forecast_onshore_wind_generation,Wind Onshore,2026-09-02T16:45:54Z
2026-09-02T16:42:57Z,2026-09-02T18:42:57+0200,9e3a6020-c1dd-465f-a1f2-1481c073f385,2026-08-27T03:30:00Z,2026-08-27T05:30:00+0200,878.0,MW,DK1,DK_1,forecast_onshore_wind_generation,Wind Onshore,2026-09-02T16:45:54Z
2026-09-02T16:42:57Z,2026-09-02T18:42:57+0200,9e3a6020-c1dd-465f-a1f2-1481c073f385,2026-08-27T03:45:00Z,2026-08-27T05:45:00+0200,872.0,MW,DK1,DK_1,forecast_onshore_wind_generation,Wind Onshore,2026-09-02T16:45:54Z
2026-09-02T16:42:57Z,2026-09-02T18:42:57+0200,9e3a6020-c1dd-465f-a1f2-1481c073f385,2026-08-27T04:00:00Z,2026-08-27T06:00:00+0200,866.5,MW,DK1,DK_1,forecast_onshore_wind_generation,Wind Onshore,2026-09-02T16:45:54Z
2026-09-02T16:42:57Z,2026-09-02T18:42:57+0200,9e3a6020-c1dd-465f-a1f2-1481c073f385,2026-08-27T04:15:00Z,2026-08-27T06:15:00+0200,863.833333,MW,DK1,DK_1,forecast_onshore_wind_generation,Wind Onshore,2026-09-02T16:45:54Z
2026-09-02T16:42:57Z,2026-09-02T18:42:57+0200,9e3a6020-c1dd-465f-a1f2-1481c073f385,2026-08-27T04:30:00Z,2026-08-27T06:30:00+0200,865.333333,MW,DK1,DK_1,forecast_onshore_wind_generation,Wind Onshore,2026-09-02T16:45:54Z
2026-09-02T16:42:57Z,2026-09-02T18:42:57+0200,9e3a6020-c1dd-465f-a1f2-1481c073f385,2026-08-27T04:45:00Z,2026-08-27T06:45:00+0200,865.833333,MW,DK1,DK_1,forecast_onshore_wind_generation,Wind Onshore,2026-09-02T16:45:54Z
2026-09-02T16:42:57Z,2026-09-02T18:42:57+0200,9e3a6020-c1dd-465f-a1f2-1481c073f385,2026-08-27T05:00:00Z,2026-08-27T07:00:00+0200,859.5,MW,DK1,DK_1,forecast_onshore_wind_generation,Wind Onshore,2026-09-02T16:45:54Z
2026-09-02T16:42:57Z,2026-09-02T18:42:57+0200,9e3a6020-c1dd-465f-a1f2-1481c073f385,2026-08-27T05:15:00Z,2026-08-27T07:15:00+0200,856.166666,MW,DK1,DK_1,forecast_onshore_wind_generation,Wind Onshore,2026-09-02T16:45:54Z
2026-09-02T16:42:57Z,2026-09-02T18:42:57+0200,9e3a6020-c1dd-465f-a1f2-1481c073f385,2026-08-27T05:30:00Z,2026-08-27T07:30:00+0200,853.333333,MW,DK1,DK_1,forecast_onshore_wind_generation,Wind Onshore,2026-09-02T16:45:54Z
2026-09-02T16:42:57Z,2026-09-02T18:42:57+0200,9e3a6020-c1dd-465f-a1f2-1481c073f385,2026-08-27T05:45:00Z,2026-08-27T07:45:00+0200,845.833333,MW,DK1,DK_1,forecast_onshore_wind_generation,Wind Onshore,2026-09-02T16:45:54Z
2026-09-02T16:42:57Z,2026-09-02T18:42:57+0200,9e3a6020-c1dd-465f-a1f2-1481c073f385,2026-08-27T06:00:00Z,2026-08-27T08:00:00+0200,838.5,MW,DK1,DK_1,forecast_onshore_wind_generation,Wind Onshore,2026-09-02T16:45:54Z
2026-09-02T16:42:57Z,2026-09-02T18:42:57+0200,9e3a6020-c1dd-465f-a1f2-1481c073f385,2026-08-27T06:15:00Z,2026-08-27T08:15:00+0200,840.166666,MW,DK1,DK_1,forecast_onshore_wind_generation,Wind Onshore,2026-09-02T16:45:54Z
2026-09-02T16:42:57Z,2026-09-02T18:42:57+0200,9e3a6020-c1dd-465f-a1f2-1481c073f385,2026-08-27T06:30:00Z,2026-08-27T08:30:00+0200,855.0,MW,DK1,DK_1,forecast_onshore_wind_generation,Wind Onshore,2026-09-02T16:45:54Z
2026-09-02T16:42:57Z,2026-09-02T18:42:57+0200,9e3a6020-c1dd-465f-a1f2-1481c073f385,2026-08-27T06:45:00Z,2026-08-27T08:45:00+0200,889.0,MW,DK1,DK_1,forecast_onshore_wind_generation,Wind Onshore,2026-09-02T16:45:54Z
2026-09-02T16:42:57Z,2026-09-02T18:42:57+0200,9e3a6020-c1dd-465f-a1f2-1481c073f385,2026-08-27T07:00:00Z,2026-08-27T09:00:00+0200,945.5,MW,DK1,DK_1,forecast_onshore_wind_generation,Wind Onshore,2026-09-02T16:45:54Z
2026-09-02T16:42:57Z,2026-09-02T18:42:57+0200,9e3a6020-c1dd-465f-a1f2-1481c073f385,2026-08-27T07:15:00Z,2026-08-27T09:15:00+0200,986.166666,MW,DK1,DK_1,forecast_onshore_wind_generation,Wind Onshore,2026-09-02T16:45:54Z
2026-09-02T16:42:57Z,2026-09-02T18:42:57+0200,9e3a6020-c1dd-465f-a1f2-1481c073f385,2026-08-27T07:30:00Z,2026-08-27T09:30:00+0200,1014.333333,MW,DK1,DK_1,forecast_onshore_wind_generation,Wind Onshore,2026-09-02T16:45:54Z
2026-09-02T16:42:57Z,2026-09-02T18:42:57+0200,9e3a6020-c1dd-465f-a1f2-1481c073f385,2026-08-27T07:45:00Z,2026-08-27T09:45:00+0200,1048.333333,MW,DK1,DK_1,forecast_onshore_wind_generation,Wind Onshore,2026-09-02T16:45:54Z
2026-09-02T16:42:57Z,2026-09-02T18:42:57+0200,9e3a6020-c1dd-465f-a1f2-1481c073f385,2026-08-27T08:00:00Z,2026-08-27T10:00:00+0200,1085.5,MW,DK1,DK_1,forecast_onshore_wind_generation,Wind Onshore,2026-09-02T16:45:54Z
2026-09-02T16:42:57Z,2026-09-02T18:42:57+0200,9e3a6020-c1dd-465f-a1f2-1481c073f385,2026-08-27T08:15:00Z,2026-08-27T10:15:00+0200,1107.833333,MW,DK1,DK_1,forecast_onshore_wind_generation,Wind Onshore,2026-09-02T16:45:54Z
2026-09-02T16:42:57Z,2026-09-02T18:42:57+0200,9e3a6020-c1dd-465f-a1f2-1481c073f385,2026-08-27T08:30:00Z,2026-08-27T10:30:00+0200,1113.833333,MW,DK1,DK_1,forecast_onshore_wind_generation,Wind Onshore,2026-09-02T16:45:54Z
2026-09-02T16:42:57Z,2026-09-02T18:42:57+0200,9e3a6020-c1dd-465f-a1f2-1481c073f385,2026-08-27T08:45:00Z,2026-08-27T10:45:00+0200,1128.0,MW,DK1,DK_1,forecast_onshore_wind_generation,Wind Onshore,2026-09-02T16:45:54Z
2026-09-02T16:42:57Z,2026-09-02T18:42:57+0200,9e3a6020-c1dd-465f-a1f2-1481c073f385,2026-08-27T09:00:00Z,2026-08-27T11:00:00+0200,1153.0,MW,DK1,DK_1,forecast_onshore_wind_generation,Wind Onshore,2026-09-02T16:45:54Z
2026-09-02T16:42:57Z,2026-09-02T18:42:57+0200,9e3a6020-c1dd-465f-a1f2-1481c073f385,2026-08-27T09:15:00Z,2026-08-27T11:15:00+0200,1191.333333,MW,DK1,DK_1,forecast_onshore_wind_generation,Wind Onshore,2026-09-02T16:45:54Z
2026-09-02T16:42:57Z,2026-09-02T18:42:57+0200,9e3a6020-c1dd-465f-a1f2-1481c073f385,2026-08-27T09:30:00Z,2026-08-27T11:30:00+0200,1230.666666,MW,DK1,DK_1,forecast_onshore_wind_generation,Wind Onshore,2026-09-02T16:45:54Z
2026-09-02T16:42:57Z,2026-09-02T18:42:57+0200,9e3a6020-c1dd-465f-a1f2-1481c073f385,2026-08-27T09:45:00Z,2026-08-27T11:45:00+0200,1224.166666,MW,DK1,DK_1,forecast_onshore_wind_generation,Wind Onshore,2026-09-02T16:45:54Z
2026-09-02T16:42:57Z,2026-09-02T18:42:57+0200,9e3a6020-c1dd-465f-a1f2-1481c073f385,2026-08-27T10:00:00Z,2026-08-27T12:00:00+0200,1137.5,MW,DK1,DK_1,forecast_onshore_wind_generation,Wind Onshore,2026-09-02T16:45:54Z
2026-09-02T16:42:57Z,2026-09-02T18:42:57+0200,9e3a6020-c1dd-465f-a1f2-1481c073f385,2026-08-27T10:15:00Z,2026-08-27T12:15:00+0200,1146.833333,MW,DK1,DK_1,forecast_onshore_wind_generation,Wind Onshore,2026-09-02T16:45:54Z
2026-09-02T16:42:57Z,2026-09-02T18:42:57+0200,9e3a6020-c1dd-465f-a1f2-1481c073f385,2026-08-27T10:30:00Z,2026-08-27T12:30:00+0200,1159.0,MW,DK1,DK_1,forecast_onshore_wind_generation,Wind Onshore,2026-09-02T16:45:54Z
2026-09-02T16:42:57Z,2026-09-02T18:42:57+0200,9e3a6020-c1dd-465f-a1f2-1481c073f385,2026-08-27T10:45:00Z,2026-08-27T12:45:00+0200,1168.333333,MW,DK1,DK_1,forecast_onshore_wind_generation,Wind Onshore,2026-09-02T16:45:54Z
2026-09-02T16:42:57Z,2026-09-02T18:42:57+0200,9e3a6020-c1dd-465f-a1f2-1481c073f385,2026-08-27T11:00:00Z,2026-08-27T13:00:00+0200,1186.166666,MW,DK1,DK_1,forecast_onshore_wind_generation,Wind Onshore,2026-09-02T16:45:54Z
2026-09-02T16:42:57Z,2026-09-02T18:42:57+0200,9e3a6020-c1dd-465f-a1f2-1481c073f385,2026-08-27T11:15:00Z,2026-08-27T13:15:00+0200,1211.833333,MW,DK1,DK_1,forecast_onshore_wind_generation,Wind Onshore,2026-09-02T16:45:54Z
2026-09-02T16:42:57Z,2026-09-02T18:42:57+0200,9e3a6020-c1dd-465f-a1f2-1481c073f385,2026-08-27T11:30:00Z,2026-08-27T13:30:00+0200,1239.0,MW,DK1,DK_1,forecast_onshore_wind_generation,Wind Onshore,2026-09-02T16:45:54Z
2026-09-02T16:42:57Z,2026-09-02T18:42:57+0200,9e3a6020-c1dd-465f-a1f2-1481c073f385,2026-08-27T11:45:00Z,2026-08-27T13:45:00+0200,1247.0,MW,DK1,DK_1,forecast_onshore_wind_generation,Wind Onshore,2026-09-02T16:45:54Z
2026-09-02T16:42:57Z,2026-09-02T18:42:57+0200,9e3a6020-c1dd-465f-a1f2-1481c073f385,2026-08-27T12:00:00Z,2026-08-27T14:00:00+0200,1241.0,MW,DK1,DK_1,forecast_onshore_wind_generation,Wind Onshore,2026-09-02T16:45:54Z
2026-09-02T16:42:57Z,2026-09-02T18:42:57+0200,9e3a6020-c1dd-465f-a1f2-1481c073f385,2026-08-27T12:15:00Z,2026-08-27T14:15:00+0200,1240.333333,MW,DK1,DK_1,forecast_onshore_wind_generation,Wind Onshore,2026-09-02T16:45:54Z
2026-09-02T16:42:57Z,2026-09-02T18:42:57+0200,9e3a6020-c1dd-465f-a1f2-1481c073f385,2026-08-27T12:30:00Z,2026-08-27T14:30:00+0200,1246.0,MW,DK1,DK_1,forecast_onshore_wind_generation,Wind Onshore,2026-09-02T16:45:54Z
2026-09-02T16:42:57Z,2026-09-02T18:42:57+0200,9e3a6020-c1dd-465f-a1f2-1481c073f385,2026-08-27T12:45:00Z,2026-08-27T14:45:00+0200,1253.666666,MW,DK1,DK_1,forecast_onshore_wind_generation,Wind Onshore,2026-09-02T16:45:54Z
2026-09-02T16:42:57Z,2026-09-02T18:42:57+0200,9e3a6020-c1dd-465f-a1f2-1481c073f385,2026-08-27T13:00:00Z,2026-08-27T15:00:00+0200,1318.0,MW,DK1,DK_1,forecast_onshore_wind_generation,Wind Onshore,2026-09-02T16:45:54Z
2026-09-02T16:42:57Z,2026-09-02T18:42:57+0200,9e3a6020-c1dd-465f-a1f2-1481c073f385,2026-08-27T13:15:00Z,2026-08-27T15:15:00+0200,1531.666666,MW,DK1,DK_1,forecast_onshore_wind_generation,Wind Onshore,2026-09-02T16:45:54Z
2026-09-02T16:42:57Z,2026-09-02T18:42:57+0200,9e3a6020-c1dd-465f-a1f2-1481c073f385,2026-08-27T13:30:00Z,2026-08-27T15:30:00+0200,1582.666666,MW,DK1,DK_1,forecast_onshore_wind_generation,Wind Onshore,2026-09-02T16:45:54Z
2026-09-02T16:42:57Z,2026-09-02T18:42:57+0200,9e3a6020-c1dd-465f-a1f2-1481c073f385,2026-08-27T13:45:00Z,2026-08-27T15:45:00+0200,1600.333333,MW,DK1,DK_1,forecast_onshore_wind_generation,Wind Onshore,2026-09-02T16:45:54Z
2026-09-02T16:42:57Z,2026-09-02T18:42:57+0200,9e3a6020-c1dd-465f-a1f2-1481c073f385,2026-08-27T14:00:00Z,2026-08-27T16:00:00+0200,1618.166666,MW,DK1,DK_1,forecast_onshore_wind_generation,Wind Onshore,2026-09-02T16:45:54Z
2026-09-02T16:42:57Z,2026-09-02T18:42:57+0200,9e3a6020-c1dd-465f-a1f2-1481c073f385,2026-08-27T14:15:00Z,2026-08-27T16:15:00+0200,1634.166666,MW,DK1,DK_1,forecast_onshore_wind_generation,Wind Onshore,2026-09-02T16:45:54Z
2026-09-02T16:42:57Z,2026-09-02T18:42:57+0200,9e3a6020-c1dd-465f-a1f2-1481c073f385,2026-08-27T14:30:00Z,2026-08-27T16:30:00+0200,1648.166666,MW,DK1,DK_1,forecast_onshore_wind_generation,Wind Onshore,2026-09-02T16:45:54Z
2026-09-02T16:42:57Z,2026-09-02T18:42:57+0200,9e3a6020-c1dd-465f-a1f2-1481c073f385,2026-08-27T14:45:00Z,2026-08-27T16:45:00+0200,1655.833333,MW,DK1,DK_1,forecast_onshore_wind_generation,Wind Onshore,2026-09-02T16:45:54Z
2026-09-02T16:42:57Z,2026-09-02T18:42:57+0200,9e3a6020-c1dd-465f-a1f2-1481c073f385,2026-08-27T15:00:00Z,2026-08-27T17:00:00+0200,1679.5,MW,DK1,DK_1,forecast_onshore_wind_generation,Wind Onshore,2026-09-02T16:45:54Z
2026-09-02T16:42:57Z,2026-09-02T18:42:57+0200,9e3a6020-c1dd-465f-a1f2-1481c073f385,2026-08-27T15:15:00Z,2026-08-27T17:15:00+0200,1691.666666,MW,DK1,DK_1,forecast_onshore_wind_generation,Wind Onshore,2026-09-02T16:45:54Z
2026-09-02T16:42:57Z,2026-09-02T18:42:57+0200,9e3a6020-c1dd-465f-a1f2-1481c073f385,2026-08-27T15:30:00Z,2026-08-27T17:30:00+0200,1702.333333,MW,DK1,DK_1,forecast_onshore_wind_generation,Wind Onshore,2026-09-02T16:45:54Z
2026-09-02T16:42:57Z,2026-09-02T18:42:57+0200,9e3a6020-c1dd-465f-a1f2-1481c073f385,2026-08-27T15:45:00Z,2026-08-27T17:45:00+0200,1720.333333,MW,DK1,DK_1,forecast_onshore_wind_generation,Wind Onshore,2026-09-02T16:45:54Z
2026-09-02T16:42:57Z,2026-09-02T18:42:57+0200,9e3a6020-c1dd-465f-a1f2-1481c073f385,2026-08-27T16:00:00Z,2026-08-27T18:00:00+0200,1730.166666,MW,DK1,DK_1,forecast_onshore_wind_generation,Wind Onshore,2026-09-02T16:45:54Z
2026-09-02T16:42:57Z,2026-09-02T18:42:57+0200,9e3a6020-c1dd-465f-a1f2-1481c073f385,2026-08-27T16:15:00Z,2026-08-27T18:15:00+0200,1721.166666,MW,DK1,DK_1,forecast_onshore_wind_generation,Wind Onshore,2026-09-02T16:45:54Z
2026-09-02T16:42:57Z,2026-09-02T18:42:57+0200,9e3a6020-c1dd-465f-a1f2-1481c073f385,2026-08-27T16:30:00Z,2026-08-27T18:30:00+0200,1700.5,MW,DK1,DK_1,forecast_onshore_wind_generation,Wind Onshore,2026-09-02T16:45:54Z
2026-09-02T16:42:57Z,2026-09-02T18:42:57+0200,9e3a6020-c1dd-465f-a1f2-1481c073f385,2026-08-27T16:45:00Z,2026-08-27T18:45:00+0200,1680.166666,MW,DK1,DK_1,forecast_onshore_wind_generation,Wind Onshore,2026-09-02T16:45:54Z
2026-09-02T16:42:57Z,2026-09-02T18:42:57+0200,9e3a6020-c1dd-465f-a1f2-1481c073f385,2026-08-27T17:00:00Z,2026-08-27T19:00:00+0200,1648.333333,MW,DK1,DK_1,forecast_onshore_wind_generation,Wind Onshore,2026-09-02T16:45:54Z
2026-09-02T16:42:57Z,2026-09-02T18:42:57+0200,9e3a6020-c1dd-465f-a1f2-1481c073f385,2026-08-27T17:15:00Z,2026-08-27T19:15:00+0200,1600.833333,MW,DK1,DK_1,forecast_onshore_wind_generation,Wind Onshore,2026-09-02T16:45:54Z
2026-09-02T16:42:57Z,2026-09-02T18:42:57+0200,9e3a6020-c1dd-465f-a1f2-1481c073f385,2026-08-27T17:30:00Z,2026-08-27T19:30:00+0200,1556.666666,MW,DK1,DK_1,forecast_onshore_wind_generation,Wind Onshore,2026-09-02T16:45:54Z
2026-09-02T16:42:57Z,2026-09-02T18:42:57+0200,9e3a6020-c1dd-465f-a1f2-1481c073f385,2026-08-27T17:45:00Z,2026-08-27T19:45:00+0200,1546.0,MW,DK1,DK_1,forecast_onshore_wind_generation,Wind Onshore,2026-09-02T16:45:54Z
2026-09-02T16:42:57Z,2026-09-02T18:42:57+0200,9e3a6020-c1dd-465f-a1f2-1481c073f385,2026-08-27T18:00:00Z,2026-08-27T20:00:00+0200,1559.666666,MW,DK1,DK_1,forecast_onshore_wind_generation,Wind Onshore,2026-09-02T16:45:54Z
2026-09-02T16:42:57Z,2026-09-02T18:42:57+0200,9e3a6020-c1dd-465f-a1f2-1481c073f385,2026-08-27T18:15:00Z,2026-08-27T20:15:00+0200,1566.166666,MW,DK1,DK_1,forecast_onshore_wind_generation,Wind Onshore,2026-09-02T16:45:54Z
2026-09-02T16:42:57Z,2026-09-02T18:42:57+0200,9e3a6020-c1dd-465f-a1f2-1481c073f385,2026-08-27T18:30:00Z,2026-08-27T20:30:00+0200,1552.333333,MW,DK1,DK_1,forecast_onshore_wind_generation,Wind Onshore,2026-09-02T16:45:54Z
2026-09-02T16:42:57Z,2026-09-02T18:42:57+0200,9e3a6020-c1dd-465f-a1f2-1481c073f385,2026-08-27T18:45:00Z,2026-08-27T20:45:00+0200,1558.0,MW,DK1,DK_1,forecast_onshore_wind_generation,Wind Onshore,2026-09-02T16:45:54Z
2026-09-02T16:42:57Z,2026-09-02T18:42:57+0200,9e3a6020-c1dd-465f-a1f2-1481c073f385,2026-08-27T19:00:00Z,2026-08-27T21:00:00+0200,1579.166666,MW,DK1,DK_1,forecast_onshore_wind_generation,Wind Onshore,2026-09-02T16:45:54Z
2026-09-02T16:42:57Z,2026-09-02T18:42:57+0200,9e3a6020-c1dd-465f-a1f2-1481c073f385,2026-08-27T19:15:00Z,2026-08-27T21:15:00+0200,1598.166666,MW,DK1,DK_1,forecast_onshore_wind_generation,Wind Onshore,2026-09-02T16:45:54Z
2026-09-02T16:42:57Z,2026-09-02T18:42:57+0200,9e3a6020-c1dd-465f-a1f2-1481c073f385,2026-08-27T19:30:00Z,2026-08-27T21:30:00+0200,1628.5,MW,DK1,DK_1,forecast_onshore_wind_generation,Wind Onshore,2026-09-02T16:45:54Z
2026-09-02T16:42:57Z,2026-09-02T18:42:57+0200,9e3a6020-c1dd-465f-a1f2-1481c073f385,2026-08-27T19:45:00Z,2026-08-27T21:45:00+0200,1668.0,MW,DK1,DK_1,forecast_onshore_wind_generation,Wind Onshore,2026-09-02T16:45:54Z
2026-09-02T16:42:57Z,2026-09-02T18:42:57+0200,9e3a6020-c1dd-465f-a1f2-1481c073f385,2026-08-27T20:00:00Z,2026-08-27T22:00:00+0200,1707.166666,MW,DK1,DK_1,forecast_onshore_wind_generation,Wind Onshore,2026-09-02T16:45:54Z
2026-09-02T16:42:57Z,2026-09-02T18:42:57+0200,9e3a6020-c1dd-465f-a1f2-1481c073f385,2026-08-27T20:15:00Z,2026-08-27T22:15:00+0200,1729.166666,MW,DK1,DK_1,forecast_onshore_wind_generation,Wind Onshore,2026-09-02T16:45:54Z
2026-09-02T16:42:57Z,2026-09-02T18:42:57+0200,9e3a6020-c1dd-465f-a1f2-1481c073f385,2026-08-27T20:30:00Z,2026-08-27T22:30:00+0200,1741.0,MW,DK1,DK_1,forecast_onshore_wind_generation,Wind Onshore,2026-09-02T16:45:54Z
2026-09-02T16:42:57Z,2026-09-02T18:42:57+0200,9e3a6020-c1dd-465f-a1f2-1481c073f385,2026-08-27T20:45:00Z,2026-08-27T22:45:00+0200,1747.333333,MW,DK1,DK_1,forecast_onshore_wind_generation,Wind Onshore,2026-09-02T16:45:54Z
2026-09-02T16:42:57Z,2026-09-02T18:42:57+0200,9e3a6020-c1dd-465f-a1f2-1481c073f385,2026-08-27T21:00:00Z,2026-08-27T23:00:00+0200,1740.0,MW,DK1,DK_1,forecast_onshore_wind_generation,Wind Onshore,2026-09-02T16:45:54Z
2026-09-02T16:42:57Z,2026-09-02T18:42:57+0200,9e3a6020-c1dd-465f-a1f2-1481c073f385,2026-08-27T21:15:00Z,2026-08-27T23:15:00+0200,1734.0,MW,DK1,DK_1,forecast_onshore_wind_generation,Wind Onshore,2026-09-02T16:45:54Z
2026-09-02T16:42:57Z,2026-09-02T18:42:57+0200,9e3a6020-c1dd-465f-a1f2-1481c073f385,2026-08-27T21:30:00Z,2026-08-27T23:30:00+0200,1732.0,MW,DK1,DK_1,forecast_onshore_wind_generation,Wind Onshore,2026-09-02T16:45:54Z
2026-09-02T16:42:57Z,2026-09-02T18:42:57+0200,9e3a6020-c1dd-465f-a1f2-1481c073f385,2026-08-27T21:45:00Z,2026-08-27T23:45:00+0200,1735.166666,MW,DK1,DK_1,forecast_onshore_wind_generation,Wind Onshore,2026-09-02T16:45:54Z
2026-09-02T16:42:57Z,2026-09-02T18:42:57+0200,9e3a6020-c1dd-465f-a1f2-1481c073f385,2026-08-27T22:00:00Z,2026-08-28T00:00:00+0200,2115.0,MW,DK1,DK_1,forecast_onshore_wind_generation,Wind Onshore,2026-09-02T16:45:54Z
2026-09-02T16:42:57Z,2026-09-02T18:42:57+0200,9e3a6020-c1dd-465f-a1f2-1481c073f385,2026-08-27T22:15:00Z,2026-08-28T00:15:00+0200,2122.333333,MW,DK1,DK_1,forecast_onshore_wind_generation,Wind Onshore,2026-09-02T16:45:54Z
2026-09-02T16:42:57Z,2026-09-02T18:42:57+0200,9e3a6020-c1dd-465f-a1f2-1481c073f385,2026-08-27T22:30:00Z,2026-08-28T00:30:00+0200,2127.5,MW,DK1,DK_1,forecast_onshore_wind_generation,Wind Onshore,2026-09-02T16:45:54Z
2026-09-02T16:42:57Z,2026-09-02T18:42:57+0200,9e3a6020-c1dd-465f-a1f2-1481c073f385,2026-08-27T22:45:00Z,2026-08-28T00:45:00+0200,2113.833333,MW,DK1,DK_1,forecast_onshore_wind_generation,Wind Onshore,2026-09-02T16:45:54Z
2026-09-02T16:42:57Z,2026-09-02T18:42:57+0200,9e3a6020-c1dd-465f-a1f2-1481c073f385,2026-08-27T23:00:00Z,2026-08-28T01:00:00+0200,2089.833333,MW,DK1,DK_1,forecast_onshore_wind_generation,Wind Onshore,2026-09-02T16:45:54Z
2026-09-02T16:42:57Z,2026-09-02T18:42:57+0200,9e3a6020-c1dd-465f-a1f2-1481c073f385,2026-08-27T23:15:00Z,2026-08-28T01:15:00+0200,2080.5,MW,DK1,DK_1,forecast_onshore_wind_generation,Wind Onshore,2026-09-02T16:45:54Z
2026-09-02T16:42:57Z,2026-09-02T18:42:57+0200,9e3a6020-c1dd-465f-a1f2-1481c073f385,2026-08-27T23:30:00Z,2026-08-28T01:30:00+0200,2085.166666,MW,DK1,DK_1,forecast_onshore_wind_generation,Wind Onshore,2026-09-02T16:45:54Z
2026-09-02T16:42:57Z,2026-09-02T18:42:57+0200,9e3a6020-c1dd-465f-a1f2-1481c073f385,2026-08-27T23:45:00Z,2026-08-28T01:45:00+0200,2088.666666,MW,DK1,DK_1,forecast_onshore_wind_generation,Wind Onshore,2026-09-02T16:45:54Z
2026-09-02T16:42:57Z,2026-09-02T18:42:57+0200,9e3a6020-c1dd-465f-a1f2-1481c073f385,2026-08-28T00:00:00Z,2026-08-28T02:00:00+0200,2093.5,MW,DK1,DK_1,forecast_onshore_wind_generation,Wind Onshore,2026-09-02T16:45:54Z
2026-09-02T16:42:57Z,2026-09-02T18:42:57+0200,9e3a6020-c1dd-465f-a1f2-1481c073f385,2026-08-28T00:15:00Z,2026-08-28T02:15:00+0200,2085.166666,MW,DK1,DK_1,forecast_onshore_wind_generation,Wind Onshore,2026-09-02T16:45:54Z
2026-09-02T16:42:57Z,2026-09-02T18:42:57+0200,9e3a6020-c1dd-465f-a1f2-1481c073f385,2026-08-28T00:30:00Z,2026-08-28T02:30:00+0200,2068.666666,MW,DK1,DK_1,forecast_onshore_wind_generation,Wind Onshore,2026-09-02T16:45:54Z
2026-09-02T16:42:57Z,2026-09-02T18:42:57+0200,9e3a6020-c1dd-465f-a1f2-1481c073f385,2026-08-28T00:45:00Z,2026-08-28T02:45:00+0200,2058.333333,MW,DK1,DK_1,forecast_onshore_wind_generation,Wind Onshore,2026-09-02T16:45:54Z
2026-09-02T16:42:57Z,2026-09-02T18:42:57+0200,9e3a6020-c1dd-465f-a1f2-1481c073f385,2026-08-28T01:00:00Z,2026-08-28T03:00:00+0200,2053.0,MW,DK1,DK_1,forecast_onshore_wind_generation,Wind Onshore,2026-09-02T16:45:54Z
2026-09-02T16:42:57Z,2026-09-02T18:42:57+0200,9e3a6020-c1dd-465f-a1f2-1481c073f385,2026-08-28T01:15:00Z,2026-08-28T03:15:00+0200,2043.5,MW,DK1,DK_1,forecast_onshore_wind_generation,Wind Onshore,2026-09-02T16:45:54Z
2026-09-02T16:42:57Z,2026-09-02T18:42:57+0200,9e3a6020-c1dd-465f-a1f2-1481c073f385,2026-08-28T01:30:00Z,2026-08-28T03:30:00+0200,2037.833333,MW,DK1,DK_1,forecast_onshore_wind_generation,Wind Onshore,2026-09-02T16:45:54Z
2026-09-02T16:42:57Z,2026-09-02T18:42:57+0200,9e3a6020-c1dd-465f-a1f2-1481c073f385,2026-08-28T01:45:00Z,2026-08-28T03:45:00+0200,2032.333333,MW,DK1,DK_1,forecast_onshore_wind_generation,Wind Onshore,2026-09-02T16:45:54Z
2026-09-02T16:42:57Z,2026-09-02T18:42:57+0200,9e3a6020-c1dd-465f-a1f2-1481c073f385,2026-08-28T02:00:00Z,2026-08-28T04:00:00+0200,2016.166666,MW,DK1,DK_1,forecast_onshore_wind_generation,Wind Onshore,2026-09-02T16:45:54Z
2026-09-02T16:42:57Z,2026-09-02T18:42:57+0200,9e3a6020-c1dd-465f-a1f2-1481c073f385,2026-08-28T02:15:00Z,2026-08-28T04:15:00+0200,1994.833333,MW,DK1,DK_1,forecast_onshore_wind_generation,Wind Onshore,2026-09-02T16:45:54Z
2026-09-02T16:42:57Z,2026-09-02T18:42:57+0200,9e3a6020-c1dd-465f-a1f2-1481c073f385,2026-08-28T02:30:00Z,2026-08-28T04:30:00+0200,1972.166666,MW,DK1,DK_1,forecast_onshore_wind_generation,Wind Onshore,2026-09-02T16:45:54Z
2026-09-02T16:42:57Z,2026-09-02T18:42:57+0200,9e3a6020-c1dd-465f-a1f2-1481c073f385,2026-08-28T02:45:00Z,2026-08-28T04:45:00+0200,1965.333333,MW,DK1,DK_1,forecast_onshore_wind_generation,Wind Onshore,2026-09-02T16:45:54Z
2026-09-02T16:42:57Z,2026-09-02T18:42:57+0200,9e3a6020-c1dd-465f-a1f2-1481c073f385,2026-08-28T03:00:00Z,2026-08-28T05:00:00+0200,1956.333333,MW,DK1,DK_1,forecast_onshore_wind_generation,Wind Onshore,2026-09-02T16:45:54Z
2026-09-02T16:42:57Z,2026-09-02T18:42:57+0200,9e3a6020-c1dd-465f-a1f2-1481c073f385,2026-08-28T03:15:00Z,2026-08-28T05:15:00+0200,1941.333333,MW,DK1,DK_1,forecast_onshore_wind_generation,Wind Onshore,2026-09-02T16:45:54Z
2026-09-02T16:42:57Z,2026-09-02T18:42:57+0200,9e3a6020-c1dd-465f-a1f2-1481c073f385,2026-08-28T03:30:00Z,2026-08-28T05:30:00+0200,1911.166666,MW,DK1,DK_1,forecast_onshore_wind_generation,Wind Onshore,2026-09-02T16:45:54Z
2026-09-02T16:42:57Z,2026-09-02T18:42:57+0200,9e3a6020-c1dd-465f-a1f2-1481c073f385,2026-08-28T03:45:00Z,2026-08-28T05:45:00+0200,1881.666666,MW,DK1,DK_1,forecast_onshore_wind_generation,Wind Onshore,2026-09-02T16:45:54Z
2026-09-02T16:42:57Z,2026-09-02T18:42:57+0200,9e3a6020-c1dd-465f-a1f2-1481c073f385,2026-08-28T04:00:00Z,2026-08-28T06:00:00+0200,1854.333333,MW,DK1,DK_1,forecast_onshore_wind_generation,Wind Onshore,2026-09-02T16:45:54Z
2026-09-02T16:42:57Z,2026-09-02T18:42:57+0200,9e3a6020-c1dd-465f-a1f2-1481c073f385,2026-08-28T04:15:00Z,2026-08-28T06:15:00+0200,1829.5,MW,DK1,DK_1,forecast_onshore_wind_generation,Wind Onshore,2026-09-02T16:45:54Z
2026-09-02T16:42:57Z,2026-09-02T18:42:57+0200,9e3a6020-c1dd-465f-a1f2-1481c073f385,2026-08-28T04:30:00Z,2026-08-28T06:30:00+0200,1809.666666,MW,DK1,DK_1,forecast_onshore_wind_generation,Wind Onshore,2026-09-02T16:45:54Z
2026-09-02T16:42:57Z,2026-09-02T18:42:57+0200,9e3a6020-c1dd-465f-a1f2-1481c073f385,2026-08-28T04:45:00Z,2026-08-28T06:45:00+0200,1786.166666,MW,DK1,DK_1,forecast_onshore_wind_generation,Wind Onshore,2026-09-02T16:45:54Z
2026-09-02T16:42:57Z,2026-09-02T18:42:57+0200,9e3a6020-c1dd-465f-a1f2-1481c073f385,2026-08-28T05:00:00Z,2026-08-28T07:00:00+0200,1748.833333,MW,DK1,DK_1,forecast_onshore_wind_generation,Wind Onshore,2026-09-02T16:45:54Z
2026-09-02T16:42:57Z,2026-09-02T18:42:57+0200,9e3a6020-c1dd-465f-a1f2-1481c073f385,2026-08-28T05:15:00Z,2026-08-28T07:15:00+0200,1708.333333,MW,DK1,DK_1,forecast_onshore_wind_generation,Wind Onshore,2026-09-02T16:45:54Z
2026-09-02T16:42:57Z,2026-09-02T18:42:57+0200,9e3a6020-c1dd-465f-a1f2-1481c073f385,2026-08-28T05:30:00Z,2026-08-28T07:30:00+0200,1669.0,MW,DK1,DK_1,forecast_onshore_wind_generation,Wind Onshore,2026-09-02T16:45:54Z
2026-09-02T16:42:57Z,2026-09-02T18:42:57+0200,9e3a6020-c1dd-465f-a1f2-1481c073f385,2026-08-28T05:45:00Z,2026-08-28T07:45:00+0200,1633.0,MW,DK1,DK_1,forecast_onshore_wind_generation,Wind Onshore,2026-09-02T16:45:54Z
2026-09-02T16:42:57Z,2026-09-02T18:42:57+0200,9e3a6020-c1dd-465f-a1f2-1481c073f385,2026-08-28T06:00:00Z,2026-08-28T08:00:00+0200,1605.333333,MW,DK1,DK_1,forecast_onshore_wind_generation,Wind Onshore,2026-09-02T16:45:54Z
2026-09-02T16:42:57Z,2026-09-02T18:42:57+0200,9e3a6020-c1dd-465f-a1f2-1481c073f385,2026-08-28T06:15:00Z,2026-08-28T08:15:00+0200,1584.333333,MW,DK1,DK_1,forecast_onshore_wind_generation,Wind Onshore,2026-09-02T16:45:54Z
2026-09-02T16:42:57Z,2026-09-02T18:42:57+0200,9e3a6020-c1dd-465f-a1f2-1481c073f385,2026-08-28T06:30:00Z,2026-08-28T08:30:00+0200,1588.666666,MW,DK1,DK_1,forecast_onshore_wind_generation,Wind Onshore,2026-09-02T16:45:54Z
2026-09-02T16:42:57Z,2026-09-02T18:42:57+0200,9e3a6020-c1dd-465f-a1f2-1481c073f385,2026-08-28T06:45:00Z,2026-08-28T08:45:00+0200,1640.833333,MW,DK1,DK_1,forecast_onshore_wind_generation,Wind Onshore,2026-09-02T16:45:54Z
2026-09-02T16:42:57Z,2026-09-02T18:42:57+0200,9e3a6020-c1dd-465f-a1f2-1481c073f385,2026-08-28T07:00:00Z,2026-08-28T09:00:00+0200,1743.666666,MW,DK1,DK_1,forecast_onshore_wind_generation,Wind Onshore,2026-09-02T16:45:54Z
2026-09-02T16:42:57Z,2026-09-02T18:42:57+0200,9e3a6020-c1dd-465f-a1f2-1481c073f385,2026-08-28T07:15:00Z,2026-08-28T09:15:00+0200,1798.166666,MW,DK1,DK_1,forecast_onshore_wind_generation,Wind Onshore,2026-09-02T16:45:54Z
2026-09-02T16:42:57Z,2026-09-02T18:42:57+0200,9e3a6020-c1dd-465f-a1f2-1481c073f385,2026-08-28T07:30:00Z,2026-08-28T09:30:00+0200,1818.0,MW,DK1,DK_1,forecast_onshore_wind_generation,Wind Onshore,2026-09-02T16:45:54Z
2026-09-02T16:42:57Z,2026-09-02T18:42:57+0200,9e3a6020-c1dd-465f-a1f2-1481c073f385,2026-08-28T07:45:00Z,2026-08-28T09:45:00+0200,1842.833333,MW,DK1,DK_1,forecast_onshore_wind_generation,Wind Onshore,2026-09-02T16:45:54Z
2026-09-02T16:42:57Z,2026-09-02T18:42:57+0200,9e3a6020-c1dd-465f-a1f2-1481c073f385,2026-08-28T08:00:00Z,2026-08-28T10:00:00+0200,1867.833333,MW,DK1,DK_1,forecast_onshore_wind_generation,Wind Onshore,2026-09-02T16:45:54Z
2026-09-02T16:42:57Z,2026-09-02T18:42:57+0200,9e3a6020-c1dd-465f-a1f2-1481c073f385,2026-08-28T08:15:00Z,2026-08-28T10:15:00+0200,1870.166666,MW,DK1,DK_1,forecast_onshore_wind_generation,Wind Onshore,2026-09-02T16:45:54Z
2026-09-02T16:42:57Z,2026-09-02T18:42:57+0200,9e3a6020-c1dd-465f-a1f2-1481c073f385,2026-08-28T08:30:00Z,2026-08-28T10:30:00+0200,1840.333333,MW,DK1,DK_1,forecast_onshore_wind_generation,Wind Onshore,2026-09-02T16:45:54Z
2026-09-02T16:42:57Z,2026-09-02T18:42:57+0200,9e3a6020-c1dd-465f-a1f2-1481c073f385,2026-08-28T08:45:00Z,2026-08-28T10:45:00+0200,1793.666666,MW,DK1,DK_1,forecast_onshore_wind_generation,Wind Onshore,2026-09-02T16:45:54Z
2026-09-02T16:42:57Z,2026-09-02T18:42:57+0200,9e3a6020-c1dd-465f-a1f2-1481c073f385,2026-08-28T09:00:00Z,2026-08-28T11:00:00+0200,1730.333333,MW,DK1,DK_1,forecast_onshore_wind_generation,Wind Onshore,2026-09-02T16:45:54Z
2026-09-02T16:42:57Z,2026-09-02T18:42:57+0200,9e3a6020-c1dd-465f-a1f2-1481c073f385,2026-08-28T09:15:00Z,2026-08-28T11:15:00+0200,1675.0,MW,DK1,DK_1,forecast_onshore_wind_generation,Wind Onshore,2026-09-02T16:45:54Z
2026-09-02T16:42:57Z,2026-09-02T18:42:57+0200,9e3a6020-c1dd-465f-a1f2-1481c073f385,2026-08-28T09:30:00Z,2026-08-28T11:30:00+0200,1633.166666,MW,DK1,DK_1,forecast_onshore_wind_generation,Wind Onshore,2026-09-02T16:45:54Z
2026-09-02T16:42:57Z,2026-09-02T18:42:57+0200,9e3a6020-c1dd-465f-a1f2-1481c073f385,2026-08-28T09:45:00Z,2026-08-28T11:45:00+0200,1625.166666,MW,DK1,DK_1,forecast_onshore_wind_generation,Wind Onshore,2026-09-02T16:45:54Z
2026-09-02T16:42:57Z,2026-09-02T18:42:57+0200,9e3a6020-c1dd-465f-a1f2-1481c073f385,2026-08-28T10:00:00Z,2026-08-28T12:00:00+0200,1615.666666,MW,DK1,DK_1,forecast_onshore_wind_generation,Wind Onshore,2026-09-02T16:45:54Z
2026-09-02T16:42:57Z,2026-09-02T18:42:57+0200,9e3a6020-c1dd-465f-a1f2-1481c073f385,2026-08-28T10:15:00Z,2026-08-28T12:15:00+0200,1555.5,MW,DK1,DK_1,forecast_onshore_wind_generation,Wind Onshore,2026-09-02T16:45:54Z
2026-09-02T16:42:57Z,2026-09-02T18:42:57+0200,9e3a6020-c1dd-465f-a1f2-1481c073f385,2026-08-28T10:30:00Z,2026-08-28T12:30:00+0200,1483.833333,MW,DK1,DK_1,forecast_onshore_wind_generation,Wind Onshore,2026-09-02T16:45:54Z
2026-09-02T16:42:57Z,2026-09-02T18:42:57+0200,9e3a6020-c1dd-465f-a1f2-1481c073f385,2026-08-28T10:45:00Z,2026-08-28T12:45:00+0200,1409.166666,MW,DK1,DK_1,forecast_onshore_wind_generation,Wind Onshore,2026-09-02T16:45:54Z
2026-09-02T16:42:57Z,2026-09-02T18:42:57+0200,9e3a6020-c1dd-465f-a1f2-1481c073f385,2026-08-28T11:00:00Z,2026-08-28T13:00:00+0200,1338.0,MW,DK1,DK_1,forecast_onshore_wind_generation,Wind Onshore,2026-09-02T16:45:54Z
2026-09-02T16:42:57Z,2026-09-02T18:42:57+0200,9e3a6020-c1dd-465f-a1f2-1481c073f385,2026-08-28T11:15:00Z,2026-08-28T13:15:00+0200,1274.333333,MW,DK1,DK_1,forecast_onshore_wind_generation,Wind Onshore,2026-09-02T16:45:54Z
2026-09-02T16:42:57Z,2026-09-02T18:42:57+0200,9e3a6020-c1dd-465f-a1f2-1481c073f385,2026-08-28T11:30:00Z,2026-08-28T13:30:00+0200,1225.333333,MW,DK1,DK_1,forecast_onshore_wind_generation,Wind Onshore,2026-09-02T16:45:54Z
2026-09-02T16:42:57Z,2026-09-02T18:42:57+0200,9e3a6020-c1dd-465f-a1f2-1481c073f385,2026-08-28T11:45:00Z,2026-08-28T13:45:00+0200,1170.333333,MW,DK1,DK_1,forecast_onshore_wind_generation,Wind Onshore,2026-09-02T16:45:54Z
2026-09-02T16:42:57Z,2026-09-02T18:42:57+0200,9e3a6020-c1dd-465f-a1f2-1481c073f385,2026-08-28T12:00:00Z,2026-08-28T14:00:00+0200,1111.5,MW,DK1,DK_1,forecast_onshore_wind_generation,Wind Onshore,2026-09-02T16:45:54Z
2026-09-02T16:42:57Z,2026-09-02T18:42:57+0200,9e3a6020-c1dd-465f-a1f2-1481c073f385,2026-08-28T12:15:00Z,2026-08-28T14:15:00+0200,1057.5,MW,DK1,DK_1,forecast_onshore_wind_generation,Wind Onshore,2026-09-02T16:45:54Z
2026-09-02T16:42:57Z,2026-09-02T18:42:57+0200,9e3a6020-c1dd-465f-a1f2-1481c073f385,2026-08-28T12:30:00Z,2026-08-28T14:30:00+0200,1011.166666,MW,DK1,DK_1,forecast_onshore_wind_generation,Wind Onshore,2026-09-02T16:45:54Z
2026-09-02T16:42:57Z,2026-09-02T18:42:57+0200,9e3a6020-c1dd-465f-a1f2-1481c073f385,2026-08-28T12:45:00Z,2026-08-28T14:45:00+0200,964.666666,MW,DK1,DK_1,forecast_onshore_wind_generation,Wind Onshore,2026-09-02T16:45:54Z
2026-09-02T16:42:57Z,2026-09-02T18:42:57+0200,9e3a6020-c1dd-465f-a1f2-1481c073f385,2026-08-28T13:00:00Z,2026-08-28T15:00:00+0200,925.666666,MW,DK1,DK_1,forecast_onshore_wind_generation,Wind Onshore,2026-09-02T16:45:54Z
2026-09-02T16:42:57Z,2026-09-02T18:42:57+0200,9e3a6020-c1dd-465f-a1f2-1481c073f385,2026-08-28T13:15:00Z,2026-08-28T15:15:00+0200,869.833333,MW,DK1,DK_1,forecast_onshore_wind_generation,Wind Onshore,2026-09-02T16:45:54Z
2026-09-02T16:42:57Z,2026-09-02T18:42:57+0200,9e3a6020-c1dd-465f-a1f2-1481c073f385,2026-08-28T13:30:00Z,2026-08-28T15:30:00+0200,818.333333,MW,DK1,DK_1,forecast_onshore_wind_generation,Wind Onshore,2026-09-02T16:45:54Z
2026-09-02T16:42:57Z,2026-09-02T18:42:57+0200,9e3a6020-c1dd-465f-a1f2-1481c073f385,2026-08-28T13:45:00Z,2026-08-28T15:45:00+0200,790.0,MW,DK1,DK_1,forecast_onshore_wind_generation,Wind Onshore,2026-09-02T16:45:54Z
2026-09-02T16:42:57Z,2026-09-02T18:42:57+0200,9e3a6020-c1dd-465f-a1f2-1481c073f385,2026-08-28T14:00:00Z,2026-08-28T16:00:00+0200,781.833333,MW,DK1,DK_1,forecast_onshore_wind_generation,Wind Onshore,2026-09-02T16:45:54Z
2026-09-02T16:42:57Z,2026-09-02T18:42:57+0200,9e3a6020-c1dd-465f-a1f2-1481c073f385,2026-08-28T14:15:00Z,2026-08-28T16:15:00+0200,776.666666,MW,DK1,DK_1,forecast_onshore_wind_generation,Wind Onshore,2026-09-02T16:45:54Z
2026-09-02T16:42:57Z,2026-09-02T18:42:57+0200,9e3a6020-c1dd-465f-a1f2-1481c073f385,2026-08-28T14:30:00Z,2026-08-28T16:30:00+0200,772.166666,MW,DK1,DK_1,forecast_onshore_wind_generation,Wind Onshore,2026-09-02T16:45:54Z
2026-09-02T16:42:57Z,2026-09-02T18:42:57+0200,9e3a6020-c1dd-465f-a1f2-1481c073f385,2026-08-28T14:45:00Z,2026-08-28T16:45:00+0200,766.5,MW,DK1,DK_1,forecast_onshore_wind_generation,Wind Onshore,2026-09-02T16:45:54Z
2026-09-02T16:42:57Z,2026-09-02T18:42:57+0200,9e3a6020-c1dd-465f-a1f2-1481c073f385,2026-08-28T15:00:00Z,2026-08-28T17:00:00+0200,756.0,MW,DK1,DK_1,forecast_onshore_wind_generation,Wind Onshore,2026-09-02T16:45:54Z
2026-09-02T16:42:57Z,2026-09-02T18:42:57+0200,9e3a6020-c1dd-465f-a1f2-1481c073f385,2026-08-28T15:15:00Z,2026-08-28T17:15:00+0200,728.0,MW,DK1,DK_1,forecast_onshore_wind_generation,Wind Onshore,2026-09-02T16:45:54Z
2026-09-02T16:42:57Z,2026-09-02T18:42:57+0200,9e3a6020-c1dd-465f-a1f2-1481c073f385,2026-08-28T15:30:00Z,2026-08-28T17:30:00+0200,690.166666,MW,DK1,DK_1,forecast_onshore_wind_generation,Wind Onshore,2026-09-02T16:45:54Z
2026-09-02T16:42:57Z,2026-09-02T18:42:57+0200,9e3a6020-c1dd-465f-a1f2-1481c073f385,2026-08-28T15:45:00Z,2026-08-28T17:45:00+0200,654.166666,MW,DK1,DK_1,forecast_onshore_wind_generation,Wind Onshore,2026-09-02T16:45:54Z
2026-09-02T16:42:57Z,2026-09-02T18:42:57+0200,9e3a6020-c1dd-465f-a1f2-1481c073f385,2026-08-28T16:00:00Z,2026-08-28T18:00:00+0200,619.833333,MW,DK1,DK_1,forecast_onshore_wind_generation,Wind Onshore,2026-09-02T16:45:54Z
2026-09-02T16:42:57Z,2026-09-02T18:42:57+0200,9e3a6020-c1dd-465f-a1f2-1481c073f385,2026-08-28T16:15:00Z,2026-08-28T18:15:00+0200,579.666666,MW,DK1,DK_1,forecast_onshore_wind_generation,Wind Onshore,2026-09-02T16:45:54Z
2026-09-02T16:42:57Z,2026-09-02T18:42:57+0200,9e3a6020-c1dd-465f-a1f2-1481c073f385,2026-08-28T16:30:00Z,2026-08-28T18:30:00+0200,544.833333,MW,DK1,DK_1,forecast_onshore_wind_generation,Wind Onshore,2026-09-02T16:45:54Z
2026-09-02T16:42:57Z,2026-09-02T18:42:57+0200,9e3a6020-c1dd-465f-a1f2-1481c073f385,2026-08-28T16:45:00Z,2026-08-28T18:45:00+0200,519.833333,MW,DK1,DK_1,forecast_onshore_wind_generation,Wind Onshore,2026-09-02T16:45:54Z
2026-09-02T16:42:57Z,2026-09-02T18:42:57+0200,9e3a6020-c1dd-465f-a1f2-1481c073f385,2026-08-28T17:00:00Z,2026-08-28T19:00:00+0200,491.333333,MW,DK1,DK_1,forecast_onshore_wind_generation,Wind Onshore,2026-09-02T16:45:54Z
2026-09-02T16:42:57Z,2026-09-02T18:42:57+0200,9e3a6020-c1dd-465f-a1f2-1481c073f385,2026-08-28T17:15:00Z,2026-08-28T19:15:00+0200,460.166666,MW,DK1,DK_1,forecast_onshore_wind_generation,Wind Onshore,2026-09-02T16:45:54Z
2026-09-02T16:42:57Z,2026-09-02T18:42:57+0200,9e3a6020-c1dd-465f-a1f2-1481c073f385,2026-08-28T17:30:00Z,2026-08-28T19:30:00+0200,434.833333,MW,DK1,DK_1,forecast_onshore_wind_generation,Wind Onshore,2026-09-02T16:45:54Z
2026-09-02T16:42:57Z,2026-09-02T18:42:57+0200,9e3a6020-c1dd-465f-a1f2-1481c073f385,2026-08-28T17:45:00Z,2026-08-28T19:45:00+0200,417.333333,MW,DK1,DK_1,forecast_onshore_wind_generation,Wind Onshore,2026-09-02T16:45:54Z
2026-09-02T16:42:57Z,2026-09-02T18:42:57+0200,9e3a6020-c1dd-465f-a1f2-1481c073f385,2026-08-28T18:00:00Z,2026-08-28T20:00:00+0200,408.166666,MW,DK1,DK_1,forecast_onshore_wind_generation,Wind Onshore,2026-09-02T16:45:54Z
2026-09-02T16:42:57Z,2026-09-02T18:42:57+0200,9e3a6020-c1dd-465f-a1f2-1481c073f385,2026-08-28T18:15:00Z,2026-08-28T20:15:00+0200,413.833333,MW,DK1,DK_1,forecast_onshore_wind_generation,Wind Onshore,2026-09-02T16:45:54Z
2026-09-02T16:42:57Z,2026-09-02T18:42:57+0200,9e3a6020-c1dd-465f-a1f2-1481c073f385,2026-08-28T18:30:00Z,2026-08-28T20:30:00+0200,434.333333,MW,DK1,DK_1,forecast_onshore_wind_generation,Wind Onshore,2026-09-02T16:45:54Z
2026-09-02T16:42:57Z,2026-09-02T18:42:57+0200,9e3a6020-c1dd-465f-a1f2-1481c073f385,2026-08-28T18:45:00Z,2026-08-28T20:45:00+0200,450.5,MW,DK1,DK_1,forecast_onshore_wind_generation,Wind Onshore,2026-09-02T16:45:54Z
2026-09-02T16:42:57Z,2026-09-02T18:42:57+0200,9e3a6020-c1dd-465f-a1f2-1481c073f385,2026-08-28T19:00:00Z,2026-08-28T21:00:00+0200,468.333333,MW,DK1,DK_1,forecast_onshore_wind_generation,Wind Onshore,2026-09-02T16:45:54Z
2026-09-02T16:42:57Z,2026-09-02T18:42:57+0200,9e3a6020-c1dd-465f-a1f2-1481c073f385,2026-08-28T19:15:00Z,2026-08-28T21:15:00+0200,495.0,MW,DK1,DK_1,forecast_onshore_wind_generation,Wind Onshore,2026-09-02T16:45:54Z
2026-09-02T16:42:57Z,2026-09-02T18:42:57+0200,9e3a6020-c1dd-465f-a1f2-1481c073f385,2026-08-28T19:30:00Z,2026-08-28T21:30:00+0200,529.0,MW,DK1,DK_1,forecast_onshore_wind_generation,Wind Onshore,2026-09-02T16:45:54Z
2026-09-02T16:42:57Z,2026-09-02T18:42:57+0200,9e3a6020-c1dd-465f-a1f2-1481c073f385,2026-08-28T19:45:00Z,2026-08-28T21:45:00+0200,560.833333,MW,DK1,DK_1,forecast_onshore_wind_generation,Wind Onshore,2026-09-02T16:45:54Z
2026-09-02T16:42:57Z,2026-09-02T18:42:57+0200,9e3a6020-c1dd-465f-a1f2-1481c073f385,2026-08-28T20:00:00Z,2026-08-28T22:00:00+0200,590.333333,MW,DK1,DK_1,forecast_onshore_wind_generation,Wind Onshore,2026-09-02T16:45:54Z
2026-09-02T16:42:57Z,2026-09-02T18:42:57+0200,9e3a6020-c1dd-465f-a1f2-1481c073f385,2026-08-28T20:15:00Z,2026-08-28T22:15:00+0200,621.666666,MW,DK1,DK_1,forecast_onshore_wind_generation,Wind Onshore,2026-09-02T16:45:54Z
2026-09-02T16:42:57Z,2026-09-02T18:42:57+0200,9e3a6020-c1dd-465f-a1f2-1481c073f385,2026-08-28T20:30:00Z,2026-08-28T22:30:00+0200,652.666666,MW,DK1,DK_1,forecast_onshore_wind_generation,Wind Onshore,2026-09-02T16:45:54Z
2026-09-02T16:42:57Z,2026-09-02T18:42:57+0200,9e3a6020-c1dd-465f-a1f2-1481c073f385,2026-08-28T20:45:00Z,2026-08-28T22:45:00+0200,674.833333,MW,DK1,DK_1,forecast_onshore_wind_generation,Wind Onshore,2026-09-02T16:45:54Z
2026-09-02T16:42:57Z,2026-09-02T18:42:57+0200,9e3a6020-c1dd-465f-a1f2-1481c073f385,2026-08-28T21:00:00Z,2026-08-28T23:00:00+0200,686.166666,MW,DK1,DK_1,forecast_onshore_wind_generation,Wind Onshore,2026-09-02T16:45:54Z
2026-09-02T16:42:57Z,2026-09-02T18:42:57+0200,9e3a6020-c1dd-465f-a1f2-1481c073f385,2026-08-28T21:15:00Z,2026-08-28T23:15:00+0200,702.166666,MW,DK1,DK_1,forecast_onshore_wind_generation,Wind Onshore,2026-09-02T16:45:54Z
2026-09-02T16:42:57Z,2026-09-02T18:42:57+0200,9e3a6020-c1dd-465f-a1f2-1481c073f385,2026-08-28T21:30:00Z,2026-08-28T23:30:00+0200,721.833333,MW,DK1,DK_1,forecast_onshore_wind_generation,Wind Onshore,2026-09-02T16:45:54Z
2026-09-02T16:42:57Z,2026-09-02T18:42:57+0200,9e3a6020-c1dd-465f-a1f2-1481c073f385,2026-08-28T21:45:00Z,2026-08-28T23:45:00+0200,739.833333,MW,DK1,DK_1,forecast_onshore_wind_generation,Wind Onshore,2026-09-02T16:45:54Z
2026-09-02T16:42:57Z,2026-09-02T18:42:57+0200,9e3a6020-c1dd-465f-a1f2-1481c073f385,2026-08-28T22:00:00Z,2026-08-29T00:00:00+0200,458.333333,MW,DK1,DK_1,forecast_onshore_wind_generation,Wind Onshore,2026-09-02T16:45:54Z
2026-09-02T16:42:57Z,2026-09-02T18:42:57+0200,9e3a6020-c1dd-465f-a1f2-1481c073f385,2026-08-28T22:15:00Z,2026-08-29T00:15:00+0200,480.666666,MW,DK1,DK_1,forecast_onshore_wind_generation,Wind Onshore,2026-09-02T16:45:54Z
2026-09-02T16:42:57Z,2026-09-02T18:42:57+0200,9e3a6020-c1dd-465f-a1f2-1481c073f385,2026-08-28T22:30:00Z,2026-08-29T00:30:00+0200,507.833333,MW,DK1,DK_1,forecast_onshore_wind_generation,Wind Onshore,2026-09-02T16:45:54Z
2026-09-02T16:42:57Z,2026-09-02T18:42:57+0200,9e3a6020-c1dd-465f-a1f2-1481c073f385,2026-08-28T22:45:00Z,2026-08-29T00:45:00+0200,527.333333,MW,DK1,DK_1,forecast_onshore_wind_generation,Wind Onshore,2026-09-02T16:45:54Z
2026-09-02T16:42:57Z,2026-09-02T18:42:57+0200,9e3a6020-c1dd-465f-a1f2-1481c073f385,2026-08-28T23:00:00Z,2026-08-29T01:00:00+0200,532.333333,MW,DK1,DK_1,forecast_onshore_wind_generation,Wind Onshore,2026-09-02T16:45:54Z
2026-09-02T16:42:57Z,2026-09-02T18:42:57+0200,9e3a6020-c1dd-465f-a1f2-1481c073f385,2026-08-28T23:15:00Z,2026-08-29T01:15:00+0200,529.0,MW,DK1,DK_1,forecast_onshore_wind_generation,Wind Onshore,2026-09-02T16:45:54Z
2026-09-02T16:42:57Z,2026-09-02T18:42:57+0200,9e3a6020-c1dd-465f-a1f2-1481c073f385,2026-08-28T23:30:00Z,2026-08-29T01:30:00+0200,524.666666,MW,DK1,DK_1,forecast_onshore_wind_generation,Wind Onshore,2026-09-02T16:45:54Z
2026-09-02T16:42:57Z,2026-09-02T18:42:57+0200,9e3a6020-c1dd-465f-a1f2-1481c073f385,2026-08-28T23:45:00Z,2026-08-29T01:45:00+0200,526.833333,MW,DK1,DK_1,forecast_onshore_wind_generation,Wind Onshore,2026-09-02T16:45:54Z
2026-09-02T16:42:57Z,2026-09-02T18:42:57+0200,9e3a6020-c1dd-465f-a1f2-1481c073f385,2026-08-29T00:00:00Z,2026-08-29T02:00:00+0200,534.0,MW,DK1,DK_1,forecast_onshore_wind_generation,Wind Onshore,2026-09-02T16:45:54Z
2026-09-02T16:42:57Z,2026-09-02T18:42:57+0200,9e3a6020-c1dd-465f-a1f2-1481c073f385,2026-08-29T00:15:00Z,2026-08-29T02:15:00+0200,538.666666,MW,DK1,DK_1,forecast_onshore_wind_generation,Wind Onshore,2026-09-02T16:45:54Z
2026-09-02T16:42:57Z,2026-09-02T18:42:57+0200,9e3a6020-c1dd-465f-a1f2-1481c073f385,2026-08-29T00:30:00Z,2026-08-29T02:30:00+0200,547.833333,MW,DK1,DK_1,forecast_onshore_wind_generation,Wind Onshore,2026-09-02T16:45:54Z
2026-09-02T16:42:57Z,2026-09-02T18:42:57+0200,9e3a6020-c1dd-465f-a1f2-1481c073f385,2026-08-29T00:45:00Z,2026-08-29T02:45:00+0200,566.0,MW,DK1,DK_1,forecast_onshore_wind_generation,Wind Onshore,2026-09-02T16:45:54Z
2026-09-02T16:42:57Z,2026-09-02T18:42:57+0200,9e3a6020-c1dd-465f-a1f2-1481c073f385,2026-08-29T01:00:00Z,2026-08-29T03:00:00+0200,594.5,MW,DK1,DK_1,forecast_onshore_wind_generation,Wind Onshore,2026-09-02T16:45:54Z
2026-09-02T16:42:57Z,2026-09-02T18:42:57+0200,9e3a6020-c1dd-465f-a1f2-1481c073f385,2026-08-29T01:15:00Z,2026-08-29T03:15:00+0200,634.833333,MW,DK1,DK_1,forecast_onshore_wind_generation,Wind Onshore,2026-09-02T16:45:54Z
2026-09-02T16:42:57Z,2026-09-02T18:42:57+0200,9e3a6020-c1dd-465f-a1f2-1481c073f385,2026-08-29T01:30:00Z,2026-08-29T03:30:00+0200,682.333333,MW,DK1,DK_1,forecast_onshore_wind_generation,Wind Onshore,2026-09-02T16:45:54Z
2026-09-02T16:42:57Z,2026-09-02T18:42:57+0200,9e3a6020-c1dd-465f-a1f2-1481c073f385,2026-08-29T01:45:00Z,2026-08-29T03:45:00+0200,729.166666,MW,DK1,DK_1,forecast_onshore_wind_generation,Wind Onshore,2026-09-02T16:45:54Z
2026-09-02T16:42:57Z,2026-09-02T18:42:57+0200,9e3a6020-c1dd-465f-a1f2-1481c073f385,2026-08-29T02:00:00Z,2026-08-29T04:00:00+0200,780.166666,MW,DK1,DK_1,forecast_onshore_wind_generation,Wind Onshore,2026-09-02T16:45:54Z
2026-09-02T16:42:57Z,2026-09-02T18:42:57+0200,9e3a6020-c1dd-465f-a1f2-1481c073f385,2026-08-29T02:15:00Z,2026-08-29T04:15:00+0200,836.333333,MW,DK1,DK_1,forecast_onshore_wind_generation,Wind Onshore,2026-09-02T16:45:54Z
2026-09-02T16:42:57Z,2026-09-02T18:42:57+0200,9e3a6020-c1dd-465f-a1f2-1481c073f385,2026-08-29T02:30:00Z,2026-08-29T04:30:00+0200,892.0,MW,DK1,DK_1,forecast_onshore_wind_generation,Wind Onshore,2026-09-02T16:45:54Z
2026-09-02T16:42:57Z,2026-09-02T18:42:57+0200,9e3a6020-c1dd-465f-a1f2-1481c073f385,2026-08-29T02:45:00Z,2026-08-29T04:45:00+0200,949.333333,MW,DK1,DK_1,forecast_onshore_wind_generation,Wind Onshore,2026-09-02T16:45:54Z
2026-09-02T16:42:57Z,2026-09-02T18:42:57+0200,9e3a6020-c1dd-465f-a1f2-1481c073f385,2026-08-29T03:00:00Z,2026-08-29T05:00:00+0200,995.833333,MW,DK1,DK_1,forecast_onshore_wind_generation,Wind Onshore,2026-09-02T16:45:54Z
2026-09-02T16:42:57Z,2026-09-02T18:42:57+0200,9e3a6020-c1dd-465f-a1f2-1481c073f385,2026-08-29T03:15:00Z,2026-08-29T05:15:00+0200,1034.5,MW,DK1,DK_1,forecast_onshore_wind_generation,Wind Onshore,2026-09-02T16:45:54Z
2026-09-02T16:42:57Z,2026-09-02T18:42:57+0200,9e3a6020-c1dd-465f-a1f2-1481c073f385,2026-08-29T03:30:00Z,2026-08-29T05:30:00+0200,1059.833333,MW,DK1,DK_1,forecast_onshore_wind_generation,Wind Onshore,2026-09-02T16:45:54Z
2026-09-02T16:42:57Z,2026-09-02T18:42:57+0200,9e3a6020-c1dd-465f-a1f2-1481c073f385,2026-08-29T03:45:00Z,2026-08-29T05:45:00+0200,1082.0,MW,DK1,DK_1,forecast_onshore_wind_generation,Wind Onshore,2026-09-02T16:45:54Z
2026-09-02T16:42:57Z,2026-09-02T18:42:57+0200,9e3a6020-c1dd-465f-a1f2-1481c073f385,2026-08-29T04:00:00Z,2026-08-29T06:00:00+0200,1102.833333,MW,DK1,DK_1,forecast_onshore_wind_generation,Wind Onshore,2026-09-02T16:45:54Z
2026-09-02T16:42:57Z,2026-09-02T18:42:57+0200,9e3a6020-c1dd-465f-a1f2-1481c073f385,2026-08-29T04:15:00Z,2026-08-29T06:15:00+0200,1121.333333,MW,DK1,DK_1,forecast_onshore_wind_generation,Wind Onshore,2026-09-02T16:45:54Z
2026-09-02T16:42:57Z,2026-09-02T18:42:57+0200,9e3a6020-c1dd-465f-a1f2-1481c073f385,2026-08-29T04:30:00Z,2026-08-29T06:30:00+0200,1140.166666,MW,DK1,DK_1,forecast_onshore_wind_generation,Wind Onshore,2026-09-02T16:45:54Z
2026-09-02T16:42:57Z,2026-09-02T18:42:57+0200,9e3a6020-c1dd-465f-a1f2-1481c073f385,2026-08-29T04:45:00Z,2026-08-29T06:45:00+0200,1153.5,MW,DK1,DK_1,forecast_onshore_wind_generation,Wind Onshore,2026-09-02T16:45:54Z
2026-09-02T16:42:57Z,2026-09-02T18:42:57+0200,9e3a6020-c1dd-465f-a1f2-1481c073f385,2026-08-29T05:00:00Z,2026-08-29T07:00:00+0200,1152.5,MW,DK1,DK_1,forecast_onshore_wind_generation,Wind Onshore,2026-09-02T16:45:54Z
2026-09-02T16:42:57Z,2026-09-02T18:42:57+0200,9e3a6020-c1dd-465f-a1f2-1481c073f385,2026-08-29T05:15:00Z,2026-08-29T07:15:00+0200,1148.833333,MW,DK1,DK_1,forecast_onshore_wind_generation,Wind Onshore,2026-09-02T16:45:54Z
2026-09-02T16:42:57Z,2026-09-02T18:42:57+0200,9e3a6020-c1dd-465f-a1f2-1481c073f385,2026-08-29T05:30:00Z,2026-08-29T07:30:00+0200,1138.0,MW,DK1,DK_1,forecast_onshore_wind_generation,Wind Onshore,2026-09-02T16:45:54Z
2026-09-02T16:42:57Z,2026-09-02T18:42:57+0200,9e3a6020-c1dd-465f-a1f2-1481c073f385,2026-08-29T05:45:00Z,2026-08-29T07:45:00+0200,1122.5,MW,DK1,DK_1,forecast_onshore_wind_generation,Wind Onshore,2026-09-02T16:45:54Z
2026-09-02T16:42:57Z,2026-09-02T18:42:57+0200,9e3a6020-c1dd-465f-a1f2-1481c073f385,2026-08-29T06:00:00Z,2026-08-29T08:00:00+0200,1108.666666,MW,DK1,DK_1,forecast_onshore_wind_generation,Wind Onshore,2026-09-02T16:45:54Z
2026-09-02T16:42:57Z,2026-09-02T18:42:57+0200,9e3a6020-c1dd-465f-a1f2-1481c073f385,2026-08-29T06:15:00Z,2026-08-29T08:15:00+0200,1099.833333,MW,DK1,DK_1,forecast_onshore_wind_generation,Wind Onshore,2026-09-02T16:45:54Z
2026-09-02T16:42:57Z,2026-09-02T18:42:57+0200,9e3a6020-c1dd-465f-a1f2-1481c073f385,2026-08-29T06:30:00Z,2026-08-29T08:30:00+0200,1102.5,MW,DK1,DK_1,forecast_onshore_wind_generation,Wind Onshore,2026-09-02T16:45:54Z
2026-09-02T16:42:57Z,2026-09-02T18:42:57+0200,9e3a6020-c1dd-465f-a1f2-1481c073f385,2026-08-29T06:45:00Z,2026-08-29T08:45:00+0200,1133.666666,MW,DK1,DK_1,forecast_onshore_wind_generation,Wind Onshore,2026-09-02T16:45:54Z
2026-09-02T16:42:57Z,2026-09-02T18:42:57+0200,9e3a6020-c1dd-465f-a1f2-1481c073f385,2026-08-29T07:00:00Z,2026-08-29T09:00:00+0200,1185.333333,MW,DK1,DK_1,forecast_onshore_wind_generation,Wind Onshore,2026-09-02T16:45:54Z
2026-09-02T16:42:57Z,2026-09-02T18:42:57+0200,9e3a6020-c1dd-465f-a1f2-1481c073f385,2026-08-29T07:15:00Z,2026-08-29T09:15:00+0200,1090.0,MW,DK1,DK_1,forecast_onshore_wind_generation,Wind Onshore,2026-09-02T16:45:54Z
2026-09-02T16:42:57Z,2026-09-02T18:42:57+0200,9e3a6020-c1dd-465f-a1f2-1481c073f385,2026-08-29T07:30:00Z,2026-08-29T09:30:00+0200,1094.333333,MW,DK1,DK_1,forecast_onshore_wind_generation,Wind Onshore,2026-09-02T16:45:54Z
2026-09-02T16:42:57Z,2026-09-02T18:42:57+0200,9e3a6020-c1dd-465f-a1f2-1481c073f385,2026-08-29T07:45:00Z,2026-08-29T09:45:00+0200,1118.0,MW,DK1,DK_1,forecast_onshore_wind_generation,Wind Onshore,2026-09-02T16:45:54Z
2026-09-02T16:42:57Z,2026-09-02T18:42:57+0200,9e3a6020-c1dd-465f-a1f2-1481c073f385,2026-08-29T08:00:00Z,2026-08-29T10:00:00+0200,1133.0,MW,DK1,DK_1,forecast_onshore_wind_generation,Wind Onshore,2026-09-02T16:45:54Z
2026-09-02T16:42:57Z,2026-09-02T18:42:57+0200,9e3a6020-c1dd-465f-a1f2-1481c073f385,2026-08-29T08:15:00Z,2026-08-29T10:15:00+0200,1142.333333,MW,DK1,DK_1,forecast_onshore_wind_generation,Wind Onshore,2026-09-02T16:45:54Z
2026-09-02T16:42:57Z,2026-09-02T18:42:57+0200,9e3a6020-c1dd-465f-a1f2-1481c073f385,2026-08-29T08:30:00Z,2026-08-29T10:30:00+0200,1117.0,MW,DK1,DK_1,forecast_onshore_wind_generation,Wind Onshore,2026-09-02T16:45:54Z
2026-09-02T16:42:57Z,2026-09-02T18:42:57+0200,9e3a6020-c1dd-465f-a1f2-1481c073f385,2026-08-29T08:45:00Z,2026-08-29T10:45:00+0200,1110.333333,MW,DK1,DK_1,forecast_onshore_wind_generation,Wind Onshore,2026-09-02T16:45:54Z
2026-09-02T16:42:57Z,2026-09-02T18:42:57+0200,9e3a6020-c1dd-465f-a1f2-1481c073f385,2026-08-29T09:00:00Z,2026-08-29T11:00:00+0200,1091.5,MW,DK1,DK_1,forecast_onshore_wind_generation,Wind Onshore,2026-09-02T16:45:54Z
2026-09-02T16:42:57Z,2026-09-02T18:42:57+0200,9e3a6020-c1dd-465f-a1f2-1481c073f385,2026-08-29T09:15:00Z,2026-08-29T11:15:00+0200,1093.5,MW,DK1,DK_1,forecast_onshore_wind_generation,Wind Onshore,2026-09-02T16:45:54Z
2026-09-02T16:42:57Z,2026-09-02T18:42:57+0200,9e3a6020-c1dd-465f-a1f2-1481c073f385,2026-08-29T09:30:00Z,2026-08-29T11:30:00+0200,1109.333333,MW,DK1,DK_1,forecast_onshore_wind_generation,Wind Onshore,2026-09-02T16:45:54Z
2026-09-02T16:42:57Z,2026-09-02T18:42:57+0200,9e3a6020-c1dd-465f-a1f2-1481c073f385,2026-08-29T09:45:00Z,2026-08-29T11:45:00+0200,1151.166666,MW,DK1,DK_1,forecast_onshore_wind_generation,Wind Onshore,2026-09-02T16:45:54Z
2026-09-02T16:42:57Z,2026-09-02T18:42:57+0200,9e3a6020-c1dd-465f-a1f2-1481c073f385,2026-08-29T10:00:00Z,2026-08-29T12:00:00+0200,1199.333333,MW,DK1,DK_1,forecast_onshore_wind_generation,Wind Onshore,2026-09-02T16:45:54Z
2026-09-02T16:42:57Z,2026-09-02T18:42:57+0200,9e3a6020-c1dd-465f-a1f2-1481c073f385,2026-08-29T10:15:00Z,2026-08-29T12:15:00+0200,1234.666666,MW,DK1,DK_1,forecast_onshore_wind_generation,Wind Onshore,2026-09-02T16:45:54Z
2026-09-02T16:42:57Z,2026-09-02T18:42:57+0200,9e3a6020-c1dd-465f-a1f2-1481c073f385,2026-08-29T10:30:00Z,2026-08-29T12:30:00+0200,1259.166666,MW,DK1,DK_1,forecast_onshore_wind_generation,Wind Onshore,2026-09-02T16:45:54Z
2026-09-02T16:42:57Z,2026-09-02T18:42:57+0200,9e3a6020-c1dd-465f-a1f2-1481c073f385,2026-08-29T10:45:00Z,2026-08-29T12:45:00+0200,1258.666666,MW,DK1,DK_1,forecast_onshore_wind_generation,Wind Onshore,2026-09-02T16:45:54Z
2026-09-02T16:42:57Z,2026-09-02T18:42:57+0200,9e3a6020-c1dd-465f-a1f2-1481c073f385,2026-08-29T11:00:00Z,2026-08-29T13:00:00+0200,1251.833333,MW,DK1,DK_1,forecast_onshore_wind_generation,Wind Onshore,2026-09-02T16:45:54Z
2026-09-02T16:42:57Z,2026-09-02T18:42:57+0200,9e3a6020-c1dd-465f-a1f2-1481c073f385,2026-08-29T11:15:00Z,2026-08-29T13:15:00+0200,1271.0,MW,DK1,DK_1,forecast_onshore_wind_generation,Wind Onshore,2026-09-02T16:45:54Z
2026-09-02T16:42:57Z,2026-09-02T18:42:57+0200,9e3a6020-c1dd-465f-a1f2-1481c073f385,2026-08-29T11:30:00Z,2026-08-29T13:30:00+0200,1292.0,MW,DK1,DK_1,forecast_onshore_wind_generation,Wind Onshore,2026-09-02T16:45:54Z
2026-09-02T16:42:57Z,2026-09-02T18:42:57+0200,9e3a6020-c1dd-465f-a1f2-1481c073f385,2026-08-29T11:45:00Z,2026-08-29T13:45:00+0200,1285.5,MW,DK1,DK_1,forecast_onshore_wind_generation,Wind Onshore,2026-09-02T16:45:54Z
2026-09-02T16:42:57Z,2026-09-02T18:42:57+0200,9e3a6020-c1dd-465f-a1f2-1481c073f385,2026-08-29T12:00:00Z,2026-08-29T14:00:00+0200,1261.333333,MW,DK1,DK_1,forecast_onshore_wind_generation,Wind Onshore,2026-09-02T16:45:54Z
2026-09-02T16:42:57Z,2026-09-02T18:42:57+0200,9e3a6020-c1dd-465f-a1f2-1481c073f385,2026-08-29T12:15:00Z,2026-08-29T14:15:00+0200,1244.833333,MW,DK1,DK_1,forecast_onshore_wind_generation,Wind Onshore,2026-09-02T16:45:54Z
2026-09-02T16:42:57Z,2026-09-02T18:42:57+0200,9e3a6020-c1dd-465f-a1f2-1481c073f385,2026-08-29T12:30:00Z,2026-08-29T14:30:00+0200,1239.0,MW,DK1,DK_1,forecast_onshore_wind_generation,Wind Onshore,2026-09-02T16:45:54Z
2026-09-02T16:42:57Z,2026-09-02T18:42:57+0200,9e3a6020-c1dd-465f-a1f2-1481c073f385,2026-08-29T12:45:00Z,2026-08-29T14:45:00+0200,1226.0,MW,DK1,DK_1,forecast_onshore_wind_generation,Wind Onshore,2026-09-02T16:45:54Z
2026-09-02T16:42:57Z,2026-09-02T18:42:57+0200,9e3a6020-c1dd-465f-a1f2-1481c073f385,2026-08-29T13:00:00Z,2026-08-29T15:00:00+0200,1224.166666,MW,DK1,DK_1,forecast_onshore_wind_generation,Wind Onshore,2026-09-02T16:45:54Z
2026-09-02T16:42:57Z,2026-09-02T18:42:57+0200,9e3a6020-c1dd-465f-a1f2-1481c073f385,2026-08-29T13:15:00Z,2026-08-29T15:15:00+0200,1218.666666,MW,DK1,DK_1,forecast_onshore_wind_generation,Wind Onshore,2026-09-02T16:45:54Z
2026-09-02T16:42:57Z,2026-09-02T18:42:57+0200,9e3a6020-c1dd-465f-a1f2-1481c073f385,2026-08-29T13:30:00Z,2026-08-29T15:30:00+0200,1249.5,MW,DK1,DK_1,forecast_onshore_wind_generation,Wind Onshore,2026-09-02T16:45:54Z
2026-09-02T16:42:57Z,2026-09-02T18:42:57+0200,9e3a6020-c1dd-465f-a1f2-1481c073f385,2026-08-29T13:45:00Z,2026-08-29T15:45:00+0200,1351.5,MW,DK1,DK_1,forecast_onshore_wind_generation,Wind Onshore,2026-09-02T16:45:54Z
2026-09-02T16:42:57Z,2026-09-02T18:42:57+0200,9e3a6020-c1dd-465f-a1f2-1481c073f385,2026-08-29T14:00:00Z,2026-08-29T16:00:00+0200,1274.833333,MW,DK1,DK_1,forecast_onshore_wind_generation,Wind Onshore,2026-09-02T16:45:54Z
2026-09-02T16:42:57Z,2026-09-02T18:42:57+0200,9e3a6020-c1dd-465f-a1f2-1481c073f385,2026-08-29T14:15:00Z,2026-08-29T16:15:00+0200,1427.333333,MW,DK1,DK_1,forecast_onshore_wind_generation,Wind Onshore,2026-09-02T16:45:54Z
2026-09-02T16:42:57Z,2026-09-02T18:42:57+0200,9e3a6020-c1dd-465f-a1f2-1481c073f385,2026-08-29T14:30:00Z,2026-08-29T16:30:00+0200,1550.333333,MW,DK1,DK_1,forecast_onshore_wind_generation,Wind Onshore,2026-09-02T16:45:54Z
2026-09-02T16:42:57Z,2026-09-02T18:42:57+0200,9e3a6020-c1dd-465f-a1f2-1481c073f385,2026-08-29T14:45:00Z,2026-08-29T16:45:00+0200,1542.166666,MW,DK1,DK_1,forecast_onshore_wind_generation,Wind Onshore,2026-09-02T16:45:54Z
2026-09-02T16:42:57Z,2026-09-02T18:42:57+0200,9e3a6020-c1dd-465f-a1f2-1481c073f385,2026-08-29T15:00:00Z,2026-08-29T17:00:00+0200,1538.833333,MW,DK1,DK_1,forecast_onshore_wind_generation,Wind Onshore,2026-09-02T16:45:54Z
2026-09-02T16:42:57Z,2026-09-02T18:42:57+0200,9e3a6020-c1dd-465f-a1f2-1481c073f385,2026-08-29T15:15:00Z,2026-08-29T17:15:00+0200,1505.666666,MW,DK1,DK_1,forecast_onshore_wind_generation,Wind Onshore,2026-09-02T16:45:54Z
2026-09-02T16:42:57Z,2026-09-02T18:42:57+0200,9e3a6020-c1dd-465f-a1f2-1481c073f385,2026-08-29T15:30:00Z,2026-08-29T17:30:00+0200,1464.0,MW,DK1,DK_1,forecast_onshore_wind_generation,Wind Onshore,2026-09-02T16:45:54Z
2026-09-02T16:42:57Z,2026-09-02T18:42:57+0200,9e3a6020-c1dd-465f-a1f2-1481c073f385,2026-08-29T15:45:00Z,2026-08-29T17:45:00+0200,1427.666666,MW,DK1,DK_1,forecast_onshore_wind_generation,Wind Onshore,2026-09-02T16:45:54Z
2026-09-02T16:42:57Z,2026-09-02T18:42:57+0200,9e3a6020-c1dd-465f-a1f2-1481c073f385,2026-08-29T16:00:00Z,2026-08-29T18:00:00+0200,1379.833333,MW,DK1,DK_1,forecast_onshore_wind_generation,Wind Onshore,2026-09-02T16:45:54Z
2026-09-02T16:42:57Z,2026-09-02T18:42:57+0200,9e3a6020-c1dd-465f-a1f2-1481c073f385,2026-08-29T16:15:00Z,2026-08-29T18:15:00+0200,1313.5,MW,DK1,DK_1,forecast_onshore_wind_generation,Wind Onshore,2026-09-02T16:45:54Z
2026-09-02T16:42:57Z,2026-09-02T18:42:57+0200,9e3a6020-c1dd-465f-a1f2-1481c073f385,2026-08-29T16:30:00Z,2026-08-29T18:30:00+0200,1243.666666,MW,DK1,DK_1,forecast_onshore_wind_generation,Wind Onshore,2026-09-02T16:45:54Z
2026-09-02T16:42:57Z,2026-09-02T18:42:57+0200,9e3a6020-c1dd-465f-a1f2-1481c073f385,2026-08-29T16:45:00Z,2026-08-29T18:45:00+0200,1175.833333,MW,DK1,DK_1,forecast_onshore_wind_generation,Wind Onshore,2026-09-02T16:45:54Z
2026-09-02T16:42:57Z,2026-09-02T18:42:57+0200,9e3a6020-c1dd-465f-a1f2-1481c073f385,2026-08-29T17:00:00Z,2026-08-29T19:00:00+0200,1102.0,MW,DK1,DK_1,forecast_onshore_wind_generation,Wind Onshore,2026-09-02T16:45:54Z
2026-09-02T16:42:57Z,2026-09-02T18:42:57+0200,9e3a6020-c1dd-465f-a1f2-1481c073f385,2026-08-29T17:15:00Z,2026-08-29T19:15:00+0200,1032.166666,MW,DK1,DK_1,forecast_onshore_wind_generation,Wind Onshore,2026-09-02T16:45:54Z
2026-09-02T16:42:57Z,2026-09-02T18:42:57+0200,9e3a6020-c1dd-465f-a1f2-1481c073f385,2026-08-29T17:30:00Z,2026-08-29T19:30:00+0200,980.0,MW,DK1,DK_1,forecast_onshore_wind_generation,Wind Onshore,2026-09-02T16:45:54Z
2026-09-02T16:42:57Z,2026-09-02T18:42:57+0200,9e3a6020-c1dd-465f-a1f2-1481c073f385,2026-08-29T17:45:00Z,2026-08-29T19:45:00+0200,935.833333,MW,DK1,DK_1,forecast_onshore_wind_generation,Wind Onshore,2026-09-02T16:45:54Z
2026-09-02T16:42:57Z,2026-09-02T18:42:57+0200,9e3a6020-c1dd-465f-a1f2-1481c073f385,2026-08-29T18:00:00Z,2026-08-29T20:00:00+0200,908.5,MW,DK1,DK_1,forecast_onshore_wind_generation,Wind Onshore,2026-09-02T16:45:54Z
2026-09-02T16:42:57Z,2026-09-02T18:42:57+0200,9e3a6020-c1dd-465f-a1f2-1481c073f385,2026-08-29T18:15:00Z,2026-08-29T20:15:00+0200,898.166666,MW,DK1,DK_1,forecast_onshore_wind_generation,Wind Onshore,2026-09-02T16:45:54Z
2026-09-02T16:42:57Z,2026-09-02T18:42:57+0200,9e3a6020-c1dd-465f-a1f2-1481c073f385,2026-08-29T18:30:00Z,2026-08-29T20:30:00+0200,893.5,MW,DK1,DK_1,forecast_onshore_wind_generation,Wind Onshore,2026-09-02T16:45:54Z
2026-09-02T16:42:57Z,2026-09-02T18:42:57+0200,9e3a6020-c1dd-465f-a1f2-1481c073f385,2026-08-29T18:45:00Z,2026-08-29T20:45:00+0200,882.666666,MW,DK1,DK_1,forecast_onshore_wind_generation,Wind Onshore,2026-09-02T16:45:54Z
2026-09-02T16:42:57Z,2026-09-02T18:42:57+0200,9e3a6020-c1dd-465f-a1f2-1481c073f385,2026-08-29T19:00:00Z,2026-08-29T21:00:00+0200,868.333333,MW,DK1,DK_1,forecast_onshore_wind_generation,Wind Onshore,2026-09-02T16:45:54Z
2026-09-02T16:42:57Z,2026-09-02T18:42:57+0200,9e3a6020-c1dd-465f-a1f2-1481c073f385,2026-08-29T19:15:00Z,2026-08-29T21:15:00+0200,848.166666,MW,DK1,DK_1,forecast_onshore_wind_generation,Wind Onshore,2026-09-02T16:45:54Z
2026-09-02T16:42:57Z,2026-09-02T18:42:57+0200,9e3a6020-c1dd-465f-a1f2-1481c073f385,2026-08-29T19:30:00Z,2026-08-29T21:30:00+0200,829.166666,MW,DK1,DK_1,forecast_onshore_wind_generation,Wind Onshore,2026-09-02T16:45:54Z
2026-09-02T16:42:57Z,2026-09-02T18:42:57+0200,9e3a6020-c1dd-465f-a1f2-1481c073f385,2026-08-29T19:45:00Z,2026-08-29T21:45:00+0200,809.833333,MW,DK1,DK_1,forecast_onshore_wind_generation,Wind Onshore,2026-09-02T16:45:54Z
2026-09-02T16:42:57Z,2026-09-02T18:42:57+0200,9e3a6020-c1dd-465f-a1f2-1481c073f385,2026-08-29T20:00:00Z,2026-08-29T22:00:00+0200,788.166666,MW,DK1,DK_1,forecast_onshore_wind_generation,Wind Onshore,2026-09-02T16:45:54Z
2026-09-02T16:42:57Z,2026-09-02T18:42:57+0200,9e3a6020-c1dd-465f-a1f2-1481c073f385,2026-08-29T20:15:00Z,2026-08-29T22:15:00+0200,755.666666,MW,DK1,DK_1,forecast_onshore_wind_generation,Wind Onshore,2026-09-02T16:45:54Z
2026-09-02T16:42:57Z,2026-09-02T18:42:57+0200,9e3a6020-c1dd-465f-a1f2-1481c073f385,2026-08-29T20:30:00Z,2026-08-29T22:30:00+0200,723.833333,MW,DK1,DK_1,forecast_onshore_wind_generation,Wind Onshore,2026-09-02T16:45:54Z
2026-09-02T16:42:57Z,2026-09-02T18:42:57+0200,9e3a6020-c1dd-465f-a1f2-1481c073f385,2026-08-29T20:45:00Z,2026-08-29T22:45:00+0200,697.5,MW,DK1,DK_1,forecast_onshore_wind_generation,Wind Onshore,2026-09-02T16:45:54Z
2026-09-02T16:42:57Z,2026-09-02T18:42:57+0200,9e3a6020-c1dd-465f-a1f2-1481c073f385,2026-08-29T21:00:00Z,2026-08-29T23:00:00+0200,667.833333,MW,DK1,DK_1,forecast_onshore_wind_generation,Wind Onshore,2026-09-02T16:45:54Z
2026-09-02T16:42:57Z,2026-09-02T18:42:57+0200,9e3a6020-c1dd-465f-a1f2-1481c073f385,2026-08-29T21:15:00Z,2026-08-29T23:15:00+0200,636.0,MW,DK1,DK_1,forecast_onshore_wind_generation,Wind Onshore,2026-09-02T16:45:54Z
2026-09-02T16:42:57Z,2026-09-02T18:42:57+0200,9e3a6020-c1dd-465f-a1f2-1481c073f385,2026-08-29T21:30:00Z,2026-08-29T23:30:00+0200,606.833333,MW,DK1,DK_1,forecast_onshore_wind_generation,Wind Onshore,2026-09-02T16:45:54Z
2026-09-02T16:42:57Z,2026-09-02T18:42:57+0200,9e3a6020-c1dd-465f-a1f2-1481c073f385,2026-08-29T21:45:00Z,2026-08-29T23:45:00+0200,585.333333,MW,DK1,DK_1,forecast_onshore_wind_generation,Wind Onshore,2026-09-02T16:45:54Z
2026-09-02T16:42:57Z,2026-09-02T18:42:57+0200,9e3a6020-c1dd-465f-a1f2-1481c073f385,2026-08-29T22:00:00Z,2026-08-30T00:00:00+0200,768.666666,MW,DK1,DK_1,forecast_onshore_wind_generation,Wind Onshore,2026-09-02T16:45:54Z
2026-09-02T16:42:57Z,2026-09-02T18:42:57+0200,9e3a6020-c1dd-465f-a1f2-1481c073f385,2026-08-29T22:15:00Z,2026-08-30T00:15:00+0200,751.166666,MW,DK1,DK_1,forecast_onshore_wind_generation,Wind Onshore,2026-09-02T16:45:54Z
2026-09-02T16:42:57Z,2026-09-02T18:42:57+0200,9e3a6020-c1dd-465f-a1f2-1481c073f385,2026-08-29T22:30:00Z,2026-08-30T00:30:00+0200,739.333333,MW,DK1,DK_1,forecast_onshore_wind_generation,Wind Onshore,2026-09-02T16:45:54Z
2026-09-02T16:42:57Z,2026-09-02T18:42:57+0200,9e3a6020-c1dd-465f-a1f2-1481c073f385,2026-08-29T22:45:00Z,2026-08-30T00:45:00+0200,727.333333,MW,DK1,DK_1,forecast_onshore_wind_generation,Wind Onshore,2026-09-02T16:45:54Z
2026-09-02T16:42:57Z,2026-09-02T18:42:57+0200,9e3a6020-c1dd-465f-a1f2-1481c073f385,2026-08-29T23:00:00Z,2026-08-30T01:00:00+0200,710.166666,MW,DK1,DK_1,forecast_onshore_wind_generation,Wind Onshore,2026-09-02T16:45:54Z
2026-09-02T16:42:57Z,2026-09-02T18:42:57+0200,9e3a6020-c1dd-465f-a1f2-1481c073f385,2026-08-29T23:15:00Z,2026-08-30T01:15:00+0200,694.5,MW,DK1,DK_1,forecast_onshore_wind_generation,Wind Onshore,2026-09-02T16:45:54Z
2026-09-02T16:42:57Z,2026-09-02T18:42:57+0200,9e3a6020-c1dd-465f-a1f2-1481c073f385,2026-08-29T23:30:00Z,2026-08-30T01:30:00+0200,680.0,MW,DK1,DK_1,forecast_onshore_wind_generation,Wind Onshore,2026-09-02T16:45:54Z
2026-09-02T16:42:57Z,2026-09-02T18:42:57+0200,9e3a6020-c1dd-465f-a1f2-1481c073f385,2026-08-29T23:45:00Z,2026-08-30T01:45:00+0200,665.833333,MW,DK1,DK_1,forecast_onshore_wind_generation,Wind Onshore,2026-09-02T16:45:54Z
2026-09-02T16:42:57Z,2026-09-02T18:42:57+0200,9e3a6020-c1dd-465f-a1f2-1481c073f385,2026-08-30T00:00:00Z,2026-08-30T02:00:00+0200,651.833333,MW,DK1,DK_1,forecast_onshore_wind_generation,Wind Onshore,2026-09-02T16:45:54Z
2026-09-02T16:42:57Z,2026-09-02T18:42:57+0200,9e3a6020-c1dd-465f-a1f2-1481c073f385,2026-08-30T00:15:00Z,2026-08-30T02:15:00+0200,632.5,MW,DK1,DK_1,forecast_onshore_wind_generation,Wind Onshore,2026-09-02T16:45:54Z
2026-09-02T16:42:57Z,2026-09-02T18:42:57+0200,9e3a6020-c1dd-465f-a1f2-1481c073f385,2026-08-30T00:30:00Z,2026-08-30T02:30:00+0200,612.166666,MW,DK1,DK_1,forecast_onshore_wind_generation,Wind Onshore,2026-09-02T16:45:54Z
2026-09-02T16:42:57Z,2026-09-02T18:42:57+0200,9e3a6020-c1dd-465f-a1f2-1481c073f385,2026-08-30T00:45:00Z,2026-08-30T02:45:00+0200,596.5,MW,DK1,DK_1,forecast_onshore_wind_generation,Wind Onshore,2026-09-02T16:45:54Z
2026-09-02T16:42:57Z,2026-09-02T18:42:57+0200,9e3a6020-c1dd-465f-a1f2-1481c073f385,2026-08-30T01:00:00Z,2026-08-30T03:00:00+0200,587.5,MW,DK1,DK_1,forecast_onshore_wind_generation,Wind Onshore,2026-09-02T16:45:54Z
2026-09-02T16:42:57Z,2026-09-02T18:42:57+0200,9e3a6020-c1dd-465f-a1f2-1481c073f385,2026-08-30T01:15:00Z,2026-08-30T03:15:00+0200,578.0,MW,DK1,DK_1,forecast_onshore_wind_generation,Wind Onshore,2026-09-02T16:45:54Z
2026-09-02T16:42:57Z,2026-09-02T18:42:57+0200,9e3a6020-c1dd-465f-a1f2-1481c073f385,2026-08-30T01:30:00Z,2026-08-30T03:30:00+0200,567.166666,MW,DK1,DK_1,forecast_onshore_wind_generation,Wind Onshore,2026-09-02T16:45:54Z
2026-09-02T16:42:57Z,2026-09-02T18:42:57+0200,9e3a6020-c1dd-465f-a1f2-1481c073f385,2026-08-30T01:45:00Z,2026-08-30T03:45:00+0200,554.166666,MW,DK1,DK_1,forecast_onshore_wind_generation,Wind Onshore,2026-09-02T16:45:54Z
2026-09-02T16:42:57Z,2026-09-02T18:42:57+0200,9e3a6020-c1dd-465f-a1f2-1481c073f385,2026-08-30T02:00:00Z,2026-08-30T04:00:00+0200,532.333333,MW,DK1,DK_1,forecast_onshore_wind_generation,Wind Onshore,2026-09-02T16:45:54Z
2026-09-02T16:42:57Z,2026-09-02T18:42:57+0200,9e3a6020-c1dd-465f-a1f2-1481c073f385,2026-08-30T02:15:00Z,2026-08-30T04:15:00+0200,509.666666,MW,DK1,DK_1,forecast_onshore_wind_generation,Wind Onshore,2026-09-02T16:45:54Z
2026-09-02T16:42:57Z,2026-09-02T18:42:57+0200,9e3a6020-c1dd-465f-a1f2-1481c073f385,2026-08-30T02:30:00Z,2026-08-30T04:30:00+0200,487.833333,MW,DK1,DK_1,forecast_onshore_wind_generation,Wind Onshore,2026-09-02T16:45:54Z
2026-09-02T16:42:57Z,2026-09-02T18:42:57+0200,9e3a6020-c1dd-465f-a1f2-1481c073f385,2026-08-30T02:45:00Z,2026-08-30T04:45:00+0200,459.5,MW,DK1,DK_1,forecast_onshore_wind_generation,Wind Onshore,2026-09-02T16:45:54Z
2026-09-02T16:42:57Z,2026-09-02T18:42:57+0200,9e3a6020-c1dd-465f-a1f2-1481c073f385,2026-08-30T03:00:00Z,2026-08-30T05:00:00+0200,430.833333,MW,DK1,DK_1,forecast_onshore_wind_generation,Wind Onshore,2026-09-02T16:45:54Z
2026-09-02T16:42:57Z,2026-09-02T18:42:57+0200,9e3a6020-c1dd-465f-a1f2-1481c073f385,2026-08-30T03:15:00Z,2026-08-30T05:15:00+0200,401.833333,MW,DK1,DK_1,forecast_onshore_wind_generation,Wind Onshore,2026-09-02T16:45:54Z
2026-09-02T16:42:57Z,2026-09-02T18:42:57+0200,9e3a6020-c1dd-465f-a1f2-1481c073f385,2026-08-30T03:30:00Z,2026-08-30T05:30:00+0200,374.333333,MW,DK1,DK_1,forecast_onshore_wind_generation,Wind Onshore,2026-09-02T16:45:54Z
2026-09-02T16:42:57Z,2026-09-02T18:42:57+0200,9e3a6020-c1dd-465f-a1f2-1481c073f385,2026-08-30T03:45:00Z,2026-08-30T05:45:00+0200,354.166666,MW,DK1,DK_1,forecast_onshore_wind_generation,Wind Onshore,2026-09-02T16:45:54Z
2026-09-02T16:42:57Z,2026-09-02T18:42:57+0200,9e3a6020-c1dd-465f-a1f2-1481c073f385,2026-08-30T04:00:00Z,2026-08-30T06:00:00+0200,341.5,MW,DK1,DK_1,forecast_onshore_wind_generation,Wind Onshore,2026-09-02T16:45:54Z
2026-09-02T16:42:57Z,2026-09-02T18:42:57+0200,9e3a6020-c1dd-465f-a1f2-1481c073f385,2026-08-30T04:15:00Z,2026-08-30T06:15:00+0200,335.333333,MW,DK1,DK_1,forecast_onshore_wind_generation,Wind Onshore,2026-09-02T16:45:54Z
2026-09-02T16:42:57Z,2026-09-02T18:42:57+0200,9e3a6020-c1dd-465f-a1f2-1481c073f385,2026-08-30T04:30:00Z,2026-08-30T06:30:00+0200,331.5,MW,DK1,DK_1,forecast_onshore_wind_generation,Wind Onshore,2026-09-02T16:45:54Z
2026-09-02T16:42:57Z,2026-09-02T18:42:57+0200,9e3a6020-c1dd-465f-a1f2-1481c073f385,2026-08-30T04:45:00Z,2026-08-30T06:45:00+0200,329.0,MW,DK1,DK_1,forecast_onshore_wind_generation,Wind Onshore,2026-09-02T16:45:54Z
2026-09-02T16:42:57Z,2026-09-02T18:42:57+0200,9e3a6020-c1dd-465f-a1f2-1481c073f385,2026-08-30T05:00:00Z,2026-08-30T07:00:00+0200,325.0,MW,DK1,DK_1,forecast_onshore_wind_generation,Wind Onshore,2026-09-02T16:45:54Z
2026-09-02T16:42:57Z,2026-09-02T18:42:57+0200,9e3a6020-c1dd-465f-a1f2-1481c073f385,2026-08-30T05:15:00Z,2026-08-30T07:15:00+0200,318.833333,MW,DK1,DK_1,forecast_onshore_wind_generation,Wind Onshore,2026-09-02T16:45:54Z
2026-09-02T16:42:57Z,2026-09-02T18:42:57+0200,9e3a6020-c1dd-465f-a1f2-1481c073f385,2026-08-30T05:30:00Z,2026-08-30T07:30:00+0200,310.5,MW,DK1,DK_1,forecast_onshore_wind_generation,Wind Onshore,2026-09-02T16:45:54Z
2026-09-02T16:42:57Z,2026-09-02T18:42:57+0200,9e3a6020-c1dd-465f-a1f2-1481c073f385,2026-08-30T05:45:00Z,2026-08-30T07:45:00+0200,299.833333,MW,DK1,DK_1,forecast_onshore_wind_generation,Wind Onshore,2026-09-02T16:45:54Z
2026-09-02T16:42:57Z,2026-09-02T18:42:57+0200,9e3a6020-c1dd-465f-a1f2-1481c073f385,2026-08-30T06:00:00Z,2026-08-30T08:00:00+0200,288.333333,MW,DK1,DK_1,forecast_onshore_wind_generation,Wind Onshore,2026-09-02T16:45:54Z
2026-09-02T16:42:57Z,2026-09-02T18:42:57+0200,9e3a6020-c1dd-465f-a1f2-1481c073f385,2026-08-30T06:15:00Z,2026-08-30T08:15:00+0200,275.666666,MW,DK1,DK_1,forecast_onshore_wind_generation,Wind Onshore,2026-09-02T16:45:54Z
2026-09-02T16:42:57Z,2026-09-02T18:42:57+0200,9e3a6020-c1dd-465f-a1f2-1481c073f385,2026-08-30T06:30:00Z,2026-08-30T08:30:00+0200,262.166666,MW,DK1,DK_1,forecast_onshore_wind_generation,Wind Onshore,2026-09-02T16:45:54Z
2026-09-02T16:42:57Z,2026-09-02T18:42:57+0200,9e3a6020-c1dd-465f-a1f2-1481c073f385,2026-08-30T06:45:00Z,2026-08-30T08:45:00+0200,251.333333,MW,DK1,DK_1,forecast_onshore_wind_generation,Wind Onshore,2026-09-02T16:45:54Z
2026-09-02T16:42:57Z,2026-09-02T18:42:57+0200,9e3a6020-c1dd-465f-a1f2-1481c073f385,2026-08-30T07:00:00Z,2026-08-30T09:00:00+0200,269.5,MW,DK1,DK_1,forecast_onshore_wind_generation,Wind Onshore,2026-09-02T16:45:54Z
2026-09-02T16:42:57Z,2026-09-02T18:42:57+0200,9e3a6020-c1dd-465f-a1f2-1481c073f385,2026-08-30T07:15:00Z,2026-08-30T09:15:00+0200,269.5,MW,DK1,DK_1,forecast_onshore_wind_generation,Wind Onshore,2026-09-02T16:45:54Z
2026-09-02T16:42:57Z,2026-09-02T18:42:57+0200,9e3a6020-c1dd-465f-a1f2-1481c073f385,2026-08-30T07:30:00Z,2026-08-30T09:30:00+0200,269.166666,MW,DK1,DK_1,forecast_onshore_wind_generation,Wind Onshore,2026-09-02T16:45:54Z
2026-09-02T16:42:57Z,2026-09-02T18:42:57+0200,9e3a6020-c1dd-465f-a1f2-1481c073f385,2026-08-30T07:45:00Z,2026-08-30T09:45:00+0200,272.333333,MW,DK1,DK_1,forecast_onshore_wind_generation,Wind Onshore,2026-09-02T16:45:54Z
2026-09-02T16:42:57Z,2026-09-02T18:42:57+0200,9e3a6020-c1dd-465f-a1f2-1481c073f385,2026-08-30T08:00:00Z,2026-08-30T10:00:00+0200,279.666666,MW,DK1,DK_1,forecast_onshore_wind_generation,Wind Onshore,2026-09-02T16:45:54Z
2026-09-02T16:42:57Z,2026-09-02T18:42:57+0200,9e3a6020-c1dd-465f-a1f2-1481c073f385,2026-08-30T08:15:00Z,2026-08-30T10:15:00+0200,288.0,MW,DK1,DK_1,forecast_onshore_wind_generation,Wind Onshore,2026-09-02T16:45:54Z
2026-09-02T16:42:57Z,2026-09-02T18:42:57+0200,9e3a6020-c1dd-465f-a1f2-1481c073f385,2026-08-30T08:30:00Z,2026-08-30T10:30:00+0200,295.0,MW,DK1,DK_1,forecast_onshore_wind_generation,Wind Onshore,2026-09-02T16:45:54Z
2026-09-02T16:42:57Z,2026-09-02T18:42:57+0200,9e3a6020-c1dd-465f-a1f2-1481c073f385,2026-08-30T08:45:00Z,2026-08-30T10:45:00+0200,304.5,MW,DK1,DK_1,forecast_onshore_wind_generation,Wind Onshore,2026-09-02T16:45:54Z
2026-09-02T16:42:57Z,2026-09-02T18:42:57+0200,9e3a6020-c1dd-465f-a1f2-1481c073f385,2026-08-30T09:00:00Z,2026-08-30T11:00:00+0200,313.0,MW,DK1,DK_1,forecast_onshore_wind_generation,Wind Onshore,2026-09-02T16:45:54Z
2026-09-02T16:42:57Z,2026-09-02T18:42:57+0200,9e3a6020-c1dd-465f-a1f2-1481c073f385,2026-08-30T09:15:00Z,2026-08-30T11:15:00+0200,318.166666,MW,DK1,DK_1,forecast_onshore_wind_generation,Wind Onshore,2026-09-02T16:45:54Z
2026-09-02T16:42:57Z,2026-09-02T18:42:57+0200,9e3a6020-c1dd-465f-a1f2-1481c073f385,2026-08-30T09:30:00Z,2026-08-30T11:30:00+0200,324.5,MW,DK1,DK_1,forecast_onshore_wind_generation,Wind Onshore,2026-09-02T16:45:54Z
2026-09-02T16:42:57Z,2026-09-02T18:42:57+0200,9e3a6020-c1dd-465f-a1f2-1481c073f385,2026-08-30T09:45:00Z,2026-08-30T11:45:00+0200,327.833333,MW,DK1,DK_1,forecast_onshore_wind_generation,Wind Onshore,2026-09-02T16:45:54Z
2026-09-02T16:42:57Z,2026-09-02T18:42:57+0200,9e3a6020-c1dd-465f-a1f2-1481c073f385,2026-08-30T10:00:00Z,2026-08-30T12:00:00+0200,328.666666,MW,DK1,DK_1,forecast_onshore_wind_generation,Wind Onshore,2026-09-02T16:45:54Z
2026-09-02T16:42:57Z,2026-09-02T18:42:57+0200,9e3a6020-c1dd-465f-a1f2-1481c073f385,2026-08-30T10:15:00Z,2026-08-30T12:15:00+0200,342.5,MW,DK1,DK_1,forecast_onshore_wind_generation,Wind Onshore,2026-09-02T16:45:54Z
2026-09-02T16:42:57Z,2026-09-02T18:42:57+0200,9e3a6020-c1dd-465f-a1f2-1481c073f385,2026-08-30T10:30:00Z,2026-08-30T12:30:00+0200,366.333333,MW,DK1,DK_1,forecast_onshore_wind_generation,Wind Onshore,2026-09-02T16:45:54Z
2026-09-02T16:42:57Z,2026-09-02T18:42:57+0200,9e3a6020-c1dd-465f-a1f2-1481c073f385,2026-08-30T10:45:00Z,2026-08-30T12:45:00+0200,404.5,MW,DK1,DK_1,forecast_onshore_wind_generation,Wind Onshore,2026-09-02T16:45:54Z
2026-09-02T16:42:57Z,2026-09-02T18:42:57+0200,9e3a6020-c1dd-465f-a1f2-1481c073f385,2026-08-30T11:00:00Z,2026-08-30T13:00:00+0200,451.833333,MW,DK1,DK_1,forecast_onshore_wind_generation,Wind Onshore,2026-09-02T16:45:54Z
2026-09-02T16:42:57Z,2026-09-02T18:42:57+0200,9e3a6020-c1dd-465f-a1f2-1481c073f385,2026-08-30T11:15:00Z,2026-08-30T13:15:00+0200,511.5,MW,DK1,DK_1,forecast_onshore_wind_generation,Wind Onshore,2026-09-02T16:45:54Z
2026-09-02T16:42:57Z,2026-09-02T18:42:57+0200,9e3a6020-c1dd-465f-a1f2-1481c073f385,2026-08-30T11:30:00Z,2026-08-30T13:30:00+0200,580.666666,MW,DK1,DK_1,forecast_onshore_wind_generation,Wind Onshore,2026-09-02T16:45:54Z
2026-09-02T16:42:57Z,2026-09-02T18:42:57+0200,9e3a6020-c1dd-465f-a1f2-1481c073f385,2026-08-30T11:45:00Z,2026-08-30T13:45:00+0200,635.5,MW,DK1,DK_1,forecast_onshore_wind_generation,Wind Onshore,2026-09-02T16:45:54Z
2026-09-02T16:42:57Z,2026-09-02T18:42:57+0200,9e3a6020-c1dd-465f-a1f2-1481c073f385,2026-08-30T12:00:00Z,2026-08-30T14:00:00+0200,667.0,MW,DK1,DK_1,forecast_onshore_wind_generation,Wind Onshore,2026-09-02T16:45:54Z
2026-09-02T16:42:57Z,2026-09-02T18:42:57+0200,9e3a6020-c1dd-465f-a1f2-1481c073f385,2026-08-30T12:15:00Z,2026-08-30T14:15:00+0200,700.833333,MW,DK1,DK_1,forecast_onshore_wind_generation,Wind Onshore,2026-09-02T16:45:54Z
2026-09-02T16:42:57Z,2026-09-02T18:42:57+0200,9e3a6020-c1dd-465f-a1f2-1481c073f385,2026-08-30T12:30:00Z,2026-08-30T14:30:00+0200,731.833333,MW,DK1,DK_1,forecast_onshore_wind_generation,Wind Onshore,2026-09-02T16:45:54Z
2026-09-02T16:42:57Z,2026-09-02T18:42:57+0200,9e3a6020-c1dd-465f-a1f2-1481c073f385,2026-08-30T12:45:00Z,2026-08-30T14:45:00+0200,739.833333,MW,DK1,DK_1,forecast_onshore_wind_generation,Wind Onshore,2026-09-02T16:45:54Z
2026-09-02T16:42:57Z,2026-09-02T18:42:57+0200,9e3a6020-c1dd-465f-a1f2-1481c073f385,2026-08-30T13:00:00Z,2026-08-30T15:00:00+0200,719.166666,MW,DK1,DK_1,forecast_onshore_wind_generation,Wind Onshore,2026-09-02T16:45:54Z
2026-09-02T16:42:57Z,2026-09-02T18:42:57+0200,9e3a6020-c1dd-465f-a1f2-1481c073f385,2026-08-30T13:15:00Z,2026-08-30T15:15:00+0200,718.5,MW,DK1,DK_1,forecast_onshore_wind_generation,Wind Onshore,2026-09-02T16:45:54Z
2026-09-02T16:42:57Z,2026-09-02T18:42:57+0200,9e3a6020-c1dd-465f-a1f2-1481c073f385,2026-08-30T13:30:00Z,2026-08-30T15:30:00+0200,722.5,MW,DK1,DK_1,forecast_onshore_wind_generation,Wind Onshore,2026-09-02T16:45:54Z
2026-09-02T16:42:57Z,2026-09-02T18:42:57+0200,9e3a6020-c1dd-465f-a1f2-1481c073f385,2026-08-30T13:45:00Z,2026-08-30T15:45:00+0200,760.666666,MW,DK1,DK_1,forecast_onshore_wind_generation,Wind Onshore,2026-09-02T16:45:54Z
2026-09-02T16:42:57Z,2026-09-02T18:42:57+0200,9e3a6020-c1dd-465f-a1f2-1481c073f385,2026-08-30T14:00:00Z,2026-08-30T16:00:00+0200,721.5,MW,DK1,DK_1,forecast_onshore_wind_generation,Wind Onshore,2026-09-02T16:45:54Z
2026-09-02T16:42:57Z,2026-09-02T18:42:57+0200,9e3a6020-c1dd-465f-a1f2-1481c073f385,2026-08-30T14:15:00Z,2026-08-30T16:15:00+0200,779.333333,MW,DK1,DK_1,forecast_onshore_wind_generation,Wind Onshore,2026-09-02T16:45:54Z
2026-09-02T16:42:57Z,2026-09-02T18:42:57+0200,9e3a6020-c1dd-465f-a1f2-1481c073f385,2026-08-30T14:30:00Z,2026-08-30T16:30:00+0200,961.833333,MW,DK1,DK_1,forecast_onshore_wind_generation,Wind Onshore,2026-09-02T16:45:54Z
2026-09-02T16:42:57Z,2026-09-02T18:42:57+0200,9e3a6020-c1dd-465f-a1f2-1481c073f385,2026-08-30T14:45:00Z,2026-08-30T16:45:00+0200,1005.833333,MW,DK1,DK_1,forecast_onshore_wind_generation,Wind Onshore,2026-09-02T16:45:54Z
2026-09-02T16:42:57Z,2026-09-02T18:42:57+0200,9e3a6020-c1dd-465f-a1f2-1481c073f385,2026-08-30T15:00:00Z,2026-08-30T17:00:00+0200,974.666666,MW,DK1,DK_1,forecast_onshore_wind_generation,Wind Onshore,2026-09-02T16:45:54Z
2026-09-02T16:42:57Z,2026-09-02T18:42:57+0200,9e3a6020-c1dd-465f-a1f2-1481c073f385,2026-08-30T15:15:00Z,2026-08-30T17:15:00+0200,1018.666666,MW,DK1,DK_1,forecast_onshore_wind_generation,Wind Onshore,2026-09-02T16:45:54Z
2026-09-02T16:42:57Z,2026-09-02T18:42:57+0200,9e3a6020-c1dd-465f-a1f2-1481c073f385,2026-08-30T15:30:00Z,2026-08-30T17:30:00+0200,999.666666,MW,DK1,DK_1,forecast_onshore_wind_generation,Wind Onshore,2026-09-02T16:45:54Z
2026-09-02T16:42:57Z,2026-09-02T18:42:57+0200,9e3a6020-c1dd-465f-a1f2-1481c073f385,2026-08-30T15:45:00Z,2026-08-30T17:45:00+0200,985.0,MW,DK1,DK_1,forecast_onshore_wind_generation,Wind Onshore,2026-09-02T16:45:54Z
2026-09-02T16:42:57Z,2026-09-02T18:42:57+0200,9e3a6020-c1dd-465f-a1f2-1481c073f385,2026-08-30T16:00:00Z,2026-08-30T18:00:00+0200,973.666666,MW,DK1,DK_1,forecast_onshore_wind_generation,Wind Onshore,2026-09-02T16:45:54Z
2026-09-02T16:42:57Z,2026-09-02T18:42:57+0200,9e3a6020-c1dd-465f-a1f2-1481c073f385,2026-08-30T16:15:00Z,2026-08-30T18:15:00+0200,958.833333,MW,DK1,DK_1,forecast_onshore_wind_generation,Wind Onshore,2026-09-02T16:45:54Z
2026-09-02T16:42:57Z,2026-09-02T18:42:57+0200,9e3a6020-c1dd-465f-a1f2-1481c073f385,2026-08-30T16:30:00Z,2026-08-30T18:30:00+0200,942.166666,MW,DK1,DK_1,forecast_onshore_wind_generation,Wind Onshore,2026-09-02T16:45:54Z
2026-09-02T16:42:57Z,2026-09-02T18:42:57+0200,9e3a6020-c1dd-465f-a1f2-1481c073f385,2026-08-30T16:45:00Z,2026-08-30T18:45:00+0200,932.333333,MW,DK1,DK_1,forecast_onshore_wind_generation,Wind Onshore,2026-09-02T16:45:54Z
2026-09-02T16:42:57Z,2026-09-02T18:42:57+0200,9e3a6020-c1dd-465f-a1f2-1481c073f385,2026-08-30T17:00:00Z,2026-08-30T19:00:00+0200,918.5,MW,DK1,DK_1,forecast_onshore_wind_generation,Wind Onshore,2026-09-02T16:45:54Z
2026-09-02T16:42:57Z,2026-09-02T18:42:57+0200,9e3a6020-c1dd-465f-a1f2-1481c073f385,2026-08-30T17:15:00Z,2026-08-30T19:15:00+0200,894.0,MW,DK1,DK_1,forecast_onshore_wind_generation,Wind Onshore,2026-09-02T16:45:54Z
2026-09-02T16:42:57Z,2026-09-02T18:42:57+0200,9e3a6020-c1dd-465f-a1f2-1481c073f385,2026-08-30T17:30:00Z,2026-08-30T19:30:00+0200,864.0,MW,DK1,DK_1,forecast_onshore_wind_generation,Wind Onshore,2026-09-02T16:45:54Z
2026-09-02T16:42:57Z,2026-09-02T18:42:57+0200,9e3a6020-c1dd-465f-a1f2-1481c073f385,2026-08-30T17:45:00Z,2026-08-30T19:45:00+0200,855.833333,MW,DK1,DK_1,forecast_onshore_wind_generation,Wind Onshore,2026-09-02T16:45:54Z
2026-09-02T16:42:57Z,2026-09-02T18:42:57+0200,9e3a6020-c1dd-465f-a1f2-1481c073f385,2026-08-30T18:00:00Z,2026-08-30T20:00:00+0200,857.166666,MW,DK1,DK_1,forecast_onshore_wind_generation,Wind Onshore,2026-09-02T16:45:54Z
2026-09-02T16:42:57Z,2026-09-02T18:42:57+0200,9e3a6020-c1dd-465f-a1f2-1481c073f385,2026-08-30T18:15:00Z,2026-08-30T20:15:00+0200,837.5,MW,DK1,DK_1,forecast_onshore_wind_generation,Wind Onshore,2026-09-02T16:45:54Z
2026-09-02T16:42:57Z,2026-09-02T18:42:57+0200,9e3a6020-c1dd-465f-a1f2-1481c073f385,2026-08-30T18:30:00Z,2026-08-30T20:30:00+0200,795.0,MW,DK1,DK_1,forecast_onshore_wind_generation,Wind Onshore,2026-09-02T16:45:54Z
2026-09-02T16:42:57Z,2026-09-02T18:42:57+0200,9e3a6020-c1dd-465f-a1f2-1481c073f385,2026-08-30T18:45:00Z,2026-08-30T20:45:00+0200,773.666666,MW,DK1,DK_1,forecast_onshore_wind_generation,Wind Onshore,2026-09-02T16:45:54Z
2026-09-02T16:42:57Z,2026-09-02T18:42:57+0200,9e3a6020-c1dd-465f-a1f2-1481c073f385,2026-08-30T19:00:00Z,2026-08-30T21:00:00+0200,766.5,MW,DK1,DK_1,forecast_onshore_wind_generation,Wind Onshore,2026-09-02T16:45:54Z
2026-09-02T16:42:57Z,2026-09-02T18:42:57+0200,9e3a6020-c1dd-465f-a1f2-1481c073f385,2026-08-30T19:15:00Z,2026-08-30T21:15:00+0200,754.666666,MW,DK1,DK_1,forecast_onshore_wind_generation,Wind Onshore,2026-09-02T16:45:54Z
2026-09-02T16:42:57Z,2026-09-02T18:42:57+0200,9e3a6020-c1dd-465f-a1f2-1481c073f385,2026-08-30T19:30:00Z,2026-08-30T21:30:00+0200,750.833333,MW,DK1,DK_1,forecast_onshore_wind_generation,Wind Onshore,2026-09-02T16:45:54Z
2026-09-02T16:42:57Z,2026-09-02T18:42:57+0200,9e3a6020-c1dd-465f-a1f2-1481c073f385,2026-08-30T19:45:00Z,2026-08-30T21:45:00+0200,754.833333,MW,DK1,DK_1,forecast_onshore_wind_generation,Wind Onshore,2026-09-02T16:45:54Z
2026-09-02T16:42:57Z,2026-09-02T18:42:57+0200,9e3a6020-c1dd-465f-a1f2-1481c073f385,2026-08-30T20:00:00Z,2026-08-30T22:00:00+0200,757.166666,MW,DK1,DK_1,forecast_onshore_wind_generation,Wind Onshore,2026-09-02T16:45:54Z
2026-09-02T16:42:57Z,2026-09-02T18:42:57+0200,9e3a6020-c1dd-465f-a1f2-1481c073f385,2026-08-30T20:15:00Z,2026-08-30T22:15:00+0200,745.166666,MW,DK1,DK_1,forecast_onshore_wind_generation,Wind Onshore,2026-09-02T16:45:54Z
2026-09-02T16:42:57Z,2026-09-02T18:42:57+0200,9e3a6020-c1dd-465f-a1f2-1481c073f385,2026-08-30T20:30:00Z,2026-08-30T22:30:00+0200,727.0,MW,DK1,DK_1,forecast_onshore_wind_generation,Wind Onshore,2026-09-02T16:45:54Z
2026-09-02T16:42:57Z,2026-09-02T18:42:57+0200,9e3a6020-c1dd-465f-a1f2-1481c073f385,2026-08-30T20:45:00Z,2026-08-30T22:45:00+0200,707.5,MW,DK1,DK_1,forecast_onshore_wind_generation,Wind Onshore,2026-09-02T16:45:54Z
2026-09-02T16:42:57Z,2026-09-02T18:42:57+0200,9e3a6020-c1dd-465f-a1f2-1481c073f385,2026-08-30T21:00:00Z,2026-08-30T23:00:00+0200,679.0,MW,DK1,DK_1,forecast_onshore_wind_generation,Wind Onshore,2026-09-02T16:45:54Z
2026-09-02T16:42:57Z,2026-09-02T18:42:57+0200,9e3a6020-c1dd-465f-a1f2-1481c073f385,2026-08-30T21:15:00Z,2026-08-30T23:15:00+0200,643.5,MW,DK1,DK_1,forecast_onshore_wind_generation,Wind Onshore,2026-09-02T16:45:54Z
2026-09-02T16:42:57Z,2026-09-02T18:42:57+0200,9e3a6020-c1dd-465f-a1f2-1481c073f385,2026-08-30T21:30:00Z,2026-08-30T23:30:00+0200,611.333333,MW,DK1,DK_1,forecast_onshore_wind_generation,Wind Onshore,2026-09-02T16:45:54Z
2026-09-02T16:42:57Z,2026-09-02T18:42:57+0200,9e3a6020-c1dd-465f-a1f2-1481c073f385,2026-08-30T21:45:00Z,2026-08-30T23:45:00+0200,587.0,MW,DK1,DK_1,forecast_onshore_wind_generation,Wind Onshore,2026-09-02T16:45:54Z
2026-09-02T16:42:57Z,2026-09-02T18:42:57+0200,9e3a6020-c1dd-465f-a1f2-1481c073f385,2026-08-31T22:00:00Z,2026-09-01T00:00:00+0200,233.0,MW,DK1,DK_1,forecast_onshore_wind_generation,Wind Onshore,2026-09-02T16:45:54Z
2026-09-02T16:42:57Z,2026-09-02T18:42:57+0200,9e3a6020-c1dd-465f-a1f2-1481c073f385,2026-08-31T22:15:00Z,2026-09-01T00:15:00+0200,247.166666,MW,DK1,DK_1,forecast_onshore_wind_generation,Wind Onshore,2026-09-02T16:45:54Z
2026-09-02T16:42:57Z,2026-09-02T18:42:57+0200,9e3a6020-c1dd-465f-a1f2-1481c073f385,2026-08-31T22:30:00Z,2026-09-01T00:30:00+0200,264.666666,MW,DK1,DK_1,forecast_onshore_wind_generation,Wind Onshore,2026-09-02T16:45:54Z
2026-09-02T16:42:57Z,2026-09-02T18:42:57+0200,9e3a6020-c1dd-465f-a1f2-1481c073f385,2026-08-31T22:45:00Z,2026-09-01T00:45:00+0200,278.0,MW,DK1,DK_1,forecast_onshore_wind_generation,Wind Onshore,2026-09-02T16:45:54Z
2026-09-02T16:42:57Z,2026-09-02T18:42:57+0200,9e3a6020-c1dd-465f-a1f2-1481c073f385,2026-08-31T23:00:00Z,2026-09-01T01:00:00+0200,289.0,MW,DK1,DK_1,forecast_onshore_wind_generation,Wind Onshore,2026-09-02T16:45:54Z
2026-09-02T16:42:57Z,2026-09-02T18:42:57+0200,9e3a6020-c1dd-465f-a1f2-1481c073f385,2026-08-31T23:15:00Z,2026-09-01T01:15:00+0200,300.0,MW,DK1,DK_1,forecast_onshore_wind_generation,Wind Onshore,2026-09-02T16:45:54Z
2026-09-02T16:42:57Z,2026-09-02T18:42:57+0200,9e3a6020-c1dd-465f-a1f2-1481c073f385,2026-08-31T23:30:00Z,2026-09-01T01:30:00+0200,310.666666,MW,DK1,DK_1,forecast_onshore_wind_generation,Wind Onshore,2026-09-02T16:45:54Z
2026-09-02T16:42:57Z,2026-09-02T18:42:57+0200,9e3a6020-c1dd-465f-a1f2-1481c073f385,2026-08-31T23:45:00Z,2026-09-01T01:45:00+0200,320.333333,MW,DK1,DK_1,forecast_onshore_wind_generation,Wind Onshore,2026-09-02T16:45:54Z
2026-09-02T16:42:57Z,2026-09-02T18:42:57+0200,9e3a6020-c1dd-465f-a1f2-1481c073f385,2026-09-01T00:00:00Z,2026-09-01T02:00:00+0200,328.666666,MW,DK1,DK_1,forecast_onshore_wind_generation,Wind Onshore,2026-09-02T16:45:54Z
2026-09-02T16:42:57Z,2026-09-02T18:42:57+0200,9e3a6020-c1dd-465f-a1f2-1481c073f385,2026-09-01T00:15:00Z,2026-09-01T02:15:00+0200,338.666666,MW,DK1,DK_1,forecast_onshore_wind_generation,Wind Onshore,2026-09-02T16:45:54Z
2026-09-02T16:42:57Z,2026-09-02T18:42:57+0200,9e3a6020-c1dd-465f-a1f2-1481c073f385,2026-09-01T00:30:00Z,2026-09-01T02:30:00+0200,349.333333,MW,DK1,DK_1,forecast_onshore_wind_generation,Wind Onshore,2026-09-02T16:45:54Z
2026-09-02T16:42:57Z,2026-09-02T18:42:57+0200,9e3a6020-c1dd-465f-a1f2-1481c073f385,2026-09-01T00:45:00Z,2026-09-01T02:45:00+0200,356.833333,MW,DK1,DK_1,forecast_onshore_wind_generation,Wind Onshore,2026-09-02T16:45:54Z
2026-09-02T16:42:57Z,2026-09-02T18:42:57+0200,9e3a6020-c1dd-465f-a1f2-1481c073f385,2026-09-01T01:00:00Z,2026-09-01T03:00:00+0200,359.166666,MW,DK1,DK_1,forecast_onshore_wind_generation,Wind Onshore,2026-09-02T16:45:54Z
2026-09-02T16:42:57Z,2026-09-02T18:42:57+0200,9e3a6020-c1dd-465f-a1f2-1481c073f385,2026-09-01T01:15:00Z,2026-09-01T03:15:00+0200,360.166666,MW,DK1,DK_1,forecast_onshore_wind_generation,Wind Onshore,2026-09-02T16:45:54Z
2026-09-02T16:42:57Z,2026-09-02T18:42:57+0200,9e3a6020-c1dd-465f-a1f2-1481c073f385,2026-09-01T01:30:00Z,2026-09-01T03:30:00+0200,364.0,MW,DK1,DK_1,forecast_onshore_wind_generation,Wind Onshore,2026-09-02T16:45:54Z
2026-09-02T16:42:57Z,2026-09-02T18:42:57+0200,9e3a6020-c1dd-465f-a1f2-1481c073f385,2026-09-01T01:45:00Z,2026-09-01T03:45:00+0200,372.166666,MW,DK1,DK_1,forecast_onshore_wind_generation,Wind Onshore,2026-09-02T16:45:54Z
2026-09-02T16:42:57Z,2026-09-02T18:42:57+0200,9e3a6020-c1dd-465f-a1f2-1481c073f385,2026-09-01T02:00:00Z,2026-09-01T04:00:00+0200,383.5,MW,DK1,DK_1,forecast_onshore_wind_generation,Wind Onshore,2026-09-02T16:45:54Z
2026-09-02T16:42:57Z,2026-09-02T18:42:57+0200,9e3a6020-c1dd-465f-a1f2-1481c073f385,2026-09-01T02:15:00Z,2026-09-01T04:15:00+0200,393.5,MW,DK1,DK_1,forecast_onshore_wind_generation,Wind Onshore,2026-09-02T16:45:54Z
2026-09-02T16:42:57Z,2026-09-02T18:42:57+0200,9e3a6020-c1dd-465f-a1f2-1481c073f385,2026-09-01T02:30:00Z,2026-09-01T04:30:00+0200,403.333333,MW,DK1,DK_1,forecast_onshore_wind_generation,Wind Onshore,2026-09-02T16:45:54Z
2026-09-02T16:42:57Z,2026-09-02T18:42:57+0200,9e3a6020-c1dd-465f-a1f2-1481c073f385,2026-09-01T02:45:00Z,2026-09-01T04:45:00+0200,421.333333,MW,DK1,DK_1,forecast_onshore_wind_generation,Wind Onshore,2026-09-02T16:45:54Z
2026-09-02T16:42:57Z,2026-09-02T18:42:57+0200,9e3a6020-c1dd-465f-a1f2-1481c073f385,2026-09-01T03:00:00Z,2026-09-01T05:00:00+0200,439.5,MW,DK1,DK_1,forecast_onshore_wind_generation,Wind Onshore,2026-09-02T16:45:54Z
2026-09-02T16:42:57Z,2026-09-02T18:42:57+0200,9e3a6020-c1dd-465f-a1f2-1481c073f385,2026-09-01T03:15:00Z,2026-09-01T05:15:00+0200,456.5,MW,DK1,DK_1,forecast_onshore_wind_generation,Wind Onshore,2026-09-02T16:45:54Z
2026-09-02T16:42:57Z,2026-09-02T18:42:57+0200,9e3a6020-c1dd-465f-a1f2-1481c073f385,2026-09-01T03:30:00Z,2026-09-01T05:30:00+0200,465.666666,MW,DK1,DK_1,forecast_onshore_wind_generation,Wind Onshore,2026-09-02T16:45:54Z
2026-09-02T16:42:57Z,2026-09-02T18:42:57+0200,9e3a6020-c1dd-465f-a1f2-1481c073f385,2026-09-01T03:45:00Z,2026-09-01T05:45:00+0200,473.0,MW,DK1,DK_1,forecast_onshore_wind_generation,Wind Onshore,2026-09-02T16:45:54Z
2026-09-02T16:42:57Z,2026-09-02T18:42:57+0200,9e3a6020-c1dd-465f-a1f2-1481c073f385,2026-09-01T04:00:00Z,2026-09-01T06:00:00+0200,477.5,MW,DK1,DK_1,forecast_onshore_wind_generation,Wind Onshore,2026-09-02T16:45:54Z
2026-09-02T16:42:57Z,2026-09-02T18:42:57+0200,9e3a6020-c1dd-465f-a1f2-1481c073f385,2026-09-01T04:15:00Z,2026-09-01T06:15:00+0200,481.0,MW,DK1,DK_1,forecast_onshore_wind_generation,Wind Onshore,2026-09-02T16:45:54Z
2026-09-02T16:42:57Z,2026-09-02T18:42:57+0200,9e3a6020-c1dd-465f-a1f2-1481c073f385,2026-09-01T04:30:00Z,2026-09-01T06:30:00+0200,487.5,MW,DK1,DK_1,forecast_onshore_wind_generation,Wind Onshore,2026-09-02T16:45:54Z
2026-09-02T16:42:57Z,2026-09-02T18:42:57+0200,9e3a6020-c1dd-465f-a1f2-1481c073f385,2026-09-01T04:45:00Z,2026-09-01T06:45:00+0200,491.666666,MW,DK1,DK_1,forecast_onshore_wind_generation,Wind Onshore,2026-09-02T16:45:54Z
2026-09-02T16:42:57Z,2026-09-02T18:42:57+0200,9e3a6020-c1dd-465f-a1f2-1481c073f385,2026-09-01T05:00:00Z,2026-09-01T07:00:00+0200,489.666666,MW,DK1,DK_1,forecast_onshore_wind_generation,Wind Onshore,2026-09-02T16:45:54Z
2026-09-02T16:42:57Z,2026-09-02T18:42:57+0200,9e3a6020-c1dd-465f-a1f2-1481c073f385,2026-09-01T05:15:00Z,2026-09-01T07:15:00+0200,489.0,MW,DK1,DK_1,forecast_onshore_wind_generation,Wind Onshore,2026-09-02T16:45:54Z
2026-09-02T16:42:57Z,2026-09-02T18:42:57+0200,9e3a6020-c1dd-465f-a1f2-1481c073f385,2026-09-01T05:30:00Z,2026-09-01T07:30:00+0200,490.0,MW,DK1,DK_1,forecast_onshore_wind_generation,Wind Onshore,2026-09-02T16:45:54Z
2026-09-02T16:42:57Z,2026-09-02T18:42:57+0200,9e3a6020-c1dd-465f-a1f2-1481c073f385,2026-09-01T05:45:00Z,2026-09-01T07:45:00+0200,489.5,MW,DK1,DK_1,forecast_onshore_wind_generation,Wind Onshore,2026-09-02T16:45:54Z
2026-09-02T16:42:57Z,2026-09-02T18:42:57+0200,9e3a6020-c1dd-465f-a1f2-1481c073f385,2026-09-01T06:00:00Z,2026-09-01T08:00:00+0200,489.833333,MW,DK1,DK_1,forecast_onshore_wind_generation,Wind Onshore,2026-09-02T16:45:54Z
2026-09-02T16:42:57Z,2026-09-02T18:42:57+0200,9e3a6020-c1dd-465f-a1f2-1481c073f385,2026-09-01T06:15:00Z,2026-09-01T08:15:00+0200,497.333333,MW,DK1,DK_1,forecast_onshore_wind_generation,Wind Onshore,2026-09-02T16:45:54Z
2026-09-02T16:42:57Z,2026-09-02T18:42:57+0200,9e3a6020-c1dd-465f-a1f2-1481c073f385,2026-09-01T06:30:00Z,2026-09-01T08:30:00+0200,514.0,MW,DK1,DK_1,forecast_onshore_wind_generation,Wind Onshore,2026-09-02T16:45:54Z
2026-09-02T16:42:57Z,2026-09-02T18:42:57+0200,9e3a6020-c1dd-465f-a1f2-1481c073f385,2026-09-01T06:45:00Z,2026-09-01T08:45:00+0200,539.666666,MW,DK1,DK_1,forecast_onshore_wind_generation,Wind Onshore,2026-09-02T16:45:54Z
2026-09-02T16:42:57Z,2026-09-02T18:42:57+0200,9e3a6020-c1dd-465f-a1f2-1481c073f385,2026-09-01T07:00:00Z,2026-09-01T09:00:00+0200,579.833333,MW,DK1,DK_1,forecast_onshore_wind_generation,Wind Onshore,2026-09-02T16:45:54Z
2026-09-02T16:42:57Z,2026-09-02T18:42:57+0200,9e3a6020-c1dd-465f-a1f2-1481c073f385,2026-09-01T07:15:00Z,2026-09-01T09:15:00+0200,618.666666,MW,DK1,DK_1,forecast_onshore_wind_generation,Wind Onshore,2026-09-02T16:45:54Z
2026-09-02T16:42:57Z,2026-09-02T18:42:57+0200,9e3a6020-c1dd-465f-a1f2-1481c073f385,2026-09-01T07:30:00Z,2026-09-01T09:30:00+0200,651.833333,MW,DK1,DK_1,forecast_onshore_wind_generation,Wind Onshore,2026-09-02T16:45:54Z
2026-09-02T16:42:57Z,2026-09-02T18:42:57+0200,9e3a6020-c1dd-465f-a1f2-1481c073f385,2026-09-01T07:45:00Z,2026-09-01T09:45:00+0200,689.166666,MW,DK1,DK_1,forecast_onshore_wind_generation,Wind Onshore,2026-09-02T16:45:54Z
2026-09-02T16:42:57Z,2026-09-02T18:42:57+0200,9e3a6020-c1dd-465f-a1f2-1481c073f385,2026-09-01T08:00:00Z,2026-09-01T10:00:00+0200,730.166666,MW,DK1,DK_1,forecast_onshore_wind_generation,Wind Onshore,2026-09-02T16:45:54Z
2026-09-02T16:42:57Z,2026-09-02T18:42:57+0200,9e3a6020-c1dd-465f-a1f2-1481c073f385,2026-09-01T08:15:00Z,2026-09-01T10:15:00+0200,764.166666,MW,DK1,DK_1,forecast_onshore_wind_generation,Wind Onshore,2026-09-02T16:45:54Z
2026-09-02T16:42:57Z,2026-09-02T18:42:57+0200,9e3a6020-c1dd-465f-a1f2-1481c073f385,2026-09-01T08:30:00Z,2026-09-01T10:30:00+0200,786.0,MW,DK1,DK_1,forecast_onshore_wind_generation,Wind Onshore,2026-09-02T16:45:54Z
2026-09-02T16:42:57Z,2026-09-02T18:42:57+0200,9e3a6020-c1dd-465f-a1f2-1481c073f385,2026-09-01T08:45:00Z,2026-09-01T10:45:00+0200,806.666666,MW,DK1,DK_1,forecast_onshore_wind_generation,Wind Onshore,2026-09-02T16:45:54Z
2026-09-02T16:42:57Z,2026-09-02T18:42:57+0200,9e3a6020-c1dd-465f-a1f2-1481c073f385,2026-09-01T09:00:00Z,2026-09-01T11:00:00+0200,822.833333,MW,DK1,DK_1,forecast_onshore_wind_generation,Wind Onshore,2026-09-02T16:45:54Z
2026-09-02T16:42:57Z,2026-09-02T18:42:57+0200,9e3a6020-c1dd-465f-a1f2-1481c073f385,2026-09-01T09:15:00Z,2026-09-01T11:15:00+0200,845.666666,MW,DK1,DK_1,forecast_onshore_wind_generation,Wind Onshore,2026-09-02T16:45:54Z
2026-09-02T16:42:57Z,2026-09-02T18:42:57+0200,9e3a6020-c1dd-465f-a1f2-1481c073f385,2026-09-01T09:30:00Z,2026-09-01T11:30:00+0200,877.333333,MW,DK1,DK_1,forecast_onshore_wind_generation,Wind Onshore,2026-09-02T16:45:54Z
2026-09-02T16:42:57Z,2026-09-02T18:42:57+0200,9e3a6020-c1dd-465f-a1f2-1481c073f385,2026-09-01T09:45:00Z,2026-09-01T11:45:00+0200,922.666666,MW,DK1,DK_1,forecast_onshore_wind_generation,Wind Onshore,2026-09-02T16:45:54Z
2026-09-02T16:42:57Z,2026-09-02T18:42:57+0200,9e3a6020-c1dd-465f-a1f2-1481c073f385,2026-09-01T10:00:00Z,2026-09-01T12:00:00+0200,971.666666,MW,DK1,DK_1,forecast_onshore_wind_generation,Wind Onshore,2026-09-02T16:45:54Z
2026-09-02T16:42:57Z,2026-09-02T18:42:57+0200,9e3a6020-c1dd-465f-a1f2-1481c073f385,2026-09-01T10:15:00Z,2026-09-01T12:15:00+0200,1003.666666,MW,DK1,DK_1,forecast_onshore_wind_generation,Wind Onshore,2026-09-02T16:45:54Z
2026-09-02T16:42:57Z,2026-09-02T18:42:57+0200,9e3a6020-c1dd-465f-a1f2-1481c073f385,2026-09-01T10:30:00Z,2026-09-01T12:30:00+0200,1029.666666,MW,DK1,DK_1,forecast_onshore_wind_generation,Wind Onshore,2026-09-02T16:45:54Z
2026-09-02T16:42:57Z,2026-09-02T18:42:57+0200,9e3a6020-c1dd-465f-a1f2-1481c073f385,2026-09-01T10:45:00Z,2026-09-01T12:45:00+0200,1041.5,MW,DK1,DK_1,forecast_onshore_wind_generation,Wind Onshore,2026-09-02T16:45:54Z
2026-09-02T16:42:57Z,2026-09-02T18:42:57+0200,9e3a6020-c1dd-465f-a1f2-1481c073f385,2026-09-01T11:00:00Z,2026-09-01T13:00:00+0200,1052.5,MW,DK1,DK_1,forecast_onshore_wind_generation,Wind Onshore,2026-09-02T16:45:54Z
2026-09-02T16:42:57Z,2026-09-02T18:42:57+0200,9e3a6020-c1dd-465f-a1f2-1481c073f385,2026-09-01T11:15:00Z,2026-09-01T13:15:00+0200,1077.333333,MW,DK1,DK_1,forecast_onshore_wind_generation,Wind Onshore,2026-09-02T16:45:54Z
2026-09-02T16:42:57Z,2026-09-02T18:42:57+0200,9e3a6020-c1dd-465f-a1f2-1481c073f385,2026-09-01T11:30:00Z,2026-09-01T13:30:00+0200,1108.166666,MW,DK1,DK_1,forecast_onshore_wind_generation,Wind Onshore,2026-09-02T16:45:54Z
2026-09-02T16:42:57Z,2026-09-02T18:42:57+0200,9e3a6020-c1dd-465f-a1f2-1481c073f385,2026-09-01T11:45:00Z,2026-09-01T13:45:00+0200,1116.0,MW,DK1,DK_1,forecast_onshore_wind_generation,Wind Onshore,2026-09-02T16:45:54Z
2026-09-02T16:42:57Z,2026-09-02T18:42:57+0200,9e3a6020-c1dd-465f-a1f2-1481c073f385,2026-09-01T12:00:00Z,2026-09-01T14:00:00+0200,1108.666666,MW,DK1,DK_1,forecast_onshore_wind_generation,Wind Onshore,2026-09-02T16:45:54Z
2026-09-02T16:42:57Z,2026-09-02T18:42:57+0200,9e3a6020-c1dd-465f-a1f2-1481c073f385,2026-09-01T12:15:00Z,2026-09-01T14:15:00+0200,1114.333333,MW,DK1,DK_1,forecast_onshore_wind_generation,Wind Onshore,2026-09-02T16:45:54Z
2026-09-02T16:42:57Z,2026-09-02T18:42:57+0200,9e3a6020-c1dd-465f-a1f2-1481c073f385,2026-09-01T12:30:00Z,2026-09-01T14:30:00+0200,1133.166666,MW,DK1,DK_1,forecast_onshore_wind_generation,Wind Onshore,2026-09-02T16:45:54Z
2026-09-02T16:42:57Z,2026-09-02T18:42:57+0200,9e3a6020-c1dd-465f-a1f2-1481c073f385,2026-09-01T12:45:00Z,2026-09-01T14:45:00+0200,1143.166666,MW,DK1,DK_1,forecast_onshore_wind_generation,Wind Onshore,2026-09-02T16:45:54Z
2026-09-02T16:42:57Z,2026-09-02T18:42:57+0200,9e3a6020-c1dd-465f-a1f2-1481c073f385,2026-09-01T13:00:00Z,2026-09-01T15:00:00+0200,1153.5,MW,DK1,DK_1,forecast_onshore_wind_generation,Wind Onshore,2026-09-02T16:45:54Z
2026-09-02T16:42:57Z,2026-09-02T18:42:57+0200,9e3a6020-c1dd-465f-a1f2-1481c073f385,2026-09-01T13:15:00Z,2026-09-01T15:15:00+0200,1154.5,MW,DK1,DK_1,forecast_onshore_wind_generation,Wind Onshore,2026-09-02T16:45:54Z
2026-09-02T16:42:57Z,2026-09-02T18:42:57+0200,9e3a6020-c1dd-465f-a1f2-1481c073f385,2026-09-01T13:30:00Z,2026-09-01T15:30:00+0200,1158.166666,MW,DK1,DK_1,forecast_onshore_wind_generation,Wind Onshore,2026-09-02T16:45:54Z
2026-09-02T16:42:57Z,2026-09-02T18:42:57+0200,9e3a6020-c1dd-465f-a1f2-1481c073f385,2026-09-01T13:45:00Z,2026-09-01T15:45:00+0200,1169.0,MW,DK1,DK_1,forecast_onshore_wind_generation,Wind Onshore,2026-09-02T16:45:54Z
2026-09-02T16:42:57Z,2026-09-02T18:42:57+0200,9e3a6020-c1dd-465f-a1f2-1481c073f385,2026-09-01T14:00:00Z,2026-09-01T16:00:00+0200,1186.833333,MW,DK1,DK_1,forecast_onshore_wind_generation,Wind Onshore,2026-09-02T16:45:54Z
2026-09-02T16:42:57Z,2026-09-02T18:42:57+0200,9e3a6020-c1dd-465f-a1f2-1481c073f385,2026-09-01T14:15:00Z,2026-09-01T16:15:00+0200,1205.0,MW,DK1,DK_1,forecast_onshore_wind_generation,Wind Onshore,2026-09-02T16:45:54Z
2026-09-02T16:42:57Z,2026-09-02T18:42:57+0200,9e3a6020-c1dd-465f-a1f2-1481c073f385,2026-09-01T14:30:00Z,2026-09-01T16:30:00+0200,1218.166666,MW,DK1,DK_1,forecast_onshore_wind_generation,Wind Onshore,2026-09-02T16:45:54Z
2026-09-02T16:42:57Z,2026-09-02T18:42:57+0200,9e3a6020-c1dd-465f-a1f2-1481c073f385,2026-09-01T14:45:00Z,2026-09-01T16:45:00+0200,1228.5,MW,DK1,DK_1,forecast_onshore_wind_generation,Wind Onshore,2026-09-02T16:45:54Z
2026-09-02T16:42:57Z,2026-09-02T18:42:57+0200,9e3a6020-c1dd-465f-a1f2-1481c073f385,2026-09-01T15:00:00Z,2026-09-01T17:00:00+0200,1243.0,MW,DK1,DK_1,forecast_onshore_wind_generation,Wind Onshore,2026-09-02T16:45:54Z
2026-09-02T16:42:57Z,2026-09-02T18:42:57+0200,9e3a6020-c1dd-465f-a1f2-1481c073f385,2026-09-01T15:15:00Z,2026-09-01T17:15:00+0200,1242.833333,MW,DK1,DK_1,forecast_onshore_wind_generation,Wind Onshore,2026-09-02T16:45:54Z
2026-09-02T16:42:57Z,2026-09-02T18:42:57+0200,9e3a6020-c1dd-465f-a1f2-1481c073f385,2026-09-01T15:30:00Z,2026-09-01T17:30:00+0200,1236.166666,MW,DK1,DK_1,forecast_onshore_wind_generation,Wind Onshore,2026-09-02T16:45:54Z
2026-09-02T16:42:57Z,2026-09-02T18:42:57+0200,9e3a6020-c1dd-465f-a1f2-1481c073f385,2026-09-01T15:45:00Z,2026-09-01T17:45:00+0200,1227.666666,MW,DK1,DK_1,forecast_onshore_wind_generation,Wind Onshore,2026-09-02T16:45:54Z
2026-09-02T16:42:57Z,2026-09-02T18:42:57+0200,9e3a6020-c1dd-465f-a1f2-1481c073f385,2026-09-01T16:00:00Z,2026-09-01T18:00:00+0200,1210.333333,MW,DK1,DK_1,forecast_onshore_wind_generation,Wind Onshore,2026-09-02T16:45:54Z
2026-09-02T16:42:57Z,2026-09-02T18:42:57+0200,9e3a6020-c1dd-465f-a1f2-1481c073f385,2026-09-01T16:15:00Z,2026-09-01T18:15:00+0200,1185.0,MW,DK1,DK_1,forecast_onshore_wind_generation,Wind Onshore,2026-09-02T16:45:54Z
2026-09-02T16:42:57Z,2026-09-02T18:42:57+0200,9e3a6020-c1dd-465f-a1f2-1481c073f385,2026-09-01T16:30:00Z,2026-09-01T18:30:00+0200,1159.166666,MW,DK1,DK_1,forecast_onshore_wind_generation,Wind Onshore,2026-09-02T16:45:54Z
2026-09-02T16:42:57Z,2026-09-02T18:42:57+0200,9e3a6020-c1dd-465f-a1f2-1481c073f385,2026-09-01T16:45:00Z,2026-09-01T18:45:00+0200,1133.666666,MW,DK1,DK_1,forecast_onshore_wind_generation,Wind Onshore,2026-09-02T16:45:54Z
2026-09-02T16:42:57Z,2026-09-02T18:42:57+0200,9e3a6020-c1dd-465f-a1f2-1481c073f385,2026-09-01T17:00:00Z,2026-09-01T19:00:00+0200,1095.333333,MW,DK1,DK_1,forecast_onshore_wind_generation,Wind Onshore,2026-09-02T16:45:54Z
2026-09-02T16:42:57Z,2026-09-02T18:42:57+0200,9e3a6020-c1dd-465f-a1f2-1481c073f385,2026-09-01T17:15:00Z,2026-09-01T19:15:00+0200,1048.666666,MW,DK1,DK_1,forecast_onshore_wind_generation,Wind Onshore,2026-09-02T16:45:54Z
2026-09-02T16:42:57Z,2026-09-02T18:42:57+0200,9e3a6020-c1dd-465f-a1f2-1481c073f385,2026-09-01T17:30:00Z,2026-09-01T19:30:00+0200,1006.0,MW,DK1,DK_1,forecast_onshore_wind_generation,Wind Onshore,2026-09-02T16:45:54Z
2026-09-02T16:42:57Z,2026-09-02T18:42:57+0200,9e3a6020-c1dd-465f-a1f2-1481c073f385,2026-09-01T17:45:00Z,2026-09-01T19:45:00+0200,968.166666,MW,DK1,DK_1,forecast_onshore_wind_generation,Wind Onshore,2026-09-02T16:45:54Z
2026-09-02T16:42:57Z,2026-09-02T18:42:57+0200,9e3a6020-c1dd-465f-a1f2-1481c073f385,2026-09-01T18:00:00Z,2026-09-01T20:00:00+0200,938.166666,MW,DK1,DK_1,forecast_onshore_wind_generation,Wind Onshore,2026-09-02T16:45:54Z
2026-09-02T16:42:57Z,2026-09-02T18:42:57+0200,9e3a6020-c1dd-465f-a1f2-1481c073f385,2026-09-01T18:15:00Z,2026-09-01T20:15:00+0200,920.666666,MW,DK1,DK_1,forecast_onshore_wind_generation,Wind Onshore,2026-09-02T16:45:54Z
2026-09-02T16:42:57Z,2026-09-02T18:42:57+0200,9e3a6020-c1dd-465f-a1f2-1481c073f385,2026-09-01T18:30:00Z,2026-09-01T20:30:00+0200,918.333333,MW,DK1,DK_1,forecast_onshore_wind_generation,Wind Onshore,2026-09-02T16:45:54Z
2026-09-02T16:42:57Z,2026-09-02T18:42:57+0200,9e3a6020-c1dd-465f-a1f2-1481c073f385,2026-09-01T18:45:00Z,2026-09-01T20:45:00+0200,912.166666,MW,DK1,DK_1,forecast_onshore_wind_generation,Wind Onshore,2026-09-02T16:45:54Z
2026-09-02T16:42:57Z,2026-09-02T18:42:57+0200,9e3a6020-c1dd-465f-a1f2-1481c073f385,2026-09-01T19:00:00Z,2026-09-01T21:00:00+0200,907.166666,MW,DK1,DK_1,forecast_onshore_wind_generation,Wind Onshore,2026-09-02T16:45:54Z
2026-09-02T16:42:57Z,2026-09-02T18:42:57+0200,9e3a6020-c1dd-465f-a1f2-1481c073f385,2026-09-01T19:15:00Z,2026-09-01T21:15:00+0200,903.333333,MW,DK1,DK_1,forecast_onshore_wind_generation,Wind Onshore,2026-09-02T16:45:54Z
2026-09-02T16:42:57Z,2026-09-02T18:42:57+0200,9e3a6020-c1dd-465f-a1f2-1481c073f385,2026-09-01T19:30:00Z,2026-09-01T21:30:00+0200,903.166666,MW,DK1,DK_1,forecast_onshore_wind_generation,Wind Onshore,2026-09-02T16:45:54Z
2026-09-02T16:42:57Z,2026-09-02T18:42:57+0200,9e3a6020-c1dd-465f-a1f2-1481c073f385,2026-09-01T19:45:00Z,2026-09-01T21:45:00+0200,902.666666,MW,DK1,DK_1,forecast_onshore_wind_generation,Wind Onshore,2026-09-02T16:45:54Z
2026-09-02T16:42:57Z,2026-09-02T18:42:57+0200,9e3a6020-c1dd-465f-a1f2-1481c073f385,2026-09-01T20:00:00Z,2026-09-01T22:00:00+0200,902.166666,MW,DK1,DK_1,forecast_onshore_wind_generation,Wind Onshore,2026-09-02T16:45:54Z
2026-09-02T16:42:57Z,2026-09-02T18:42:57+0200,9e3a6020-c1dd-465f-a1f2-1481c073f385,2026-09-01T20:15:00Z,2026-09-01T22:15:00+0200,898.833333,MW,DK1,DK_1,forecast_onshore_wind_generation,Wind Onshore,2026-09-02T16:45:54Z
2026-09-02T16:42:57Z,2026-09-02T18:42:57+0200,9e3a6020-c1dd-465f-a1f2-1481c073f385,2026-09-01T20:30:00Z,2026-09-01T22:30:00+0200,895.666666,MW,DK1,DK_1,forecast_onshore_wind_generation,Wind Onshore,2026-09-02T16:45:54Z
2026-09-02T16:42:57Z,2026-09-02T18:42:57+0200,9e3a6020-c1dd-465f-a1f2-1481c073f385,2026-09-01T20:45:00Z,2026-09-01T22:45:00+0200,891.666666,MW,DK1,DK_1,forecast_onshore_wind_generation,Wind Onshore,2026-09-02T16:45:54Z
2026-09-02T16:42:57Z,2026-09-02T18:42:57+0200,9e3a6020-c1dd-465f-a1f2-1481c073f385,2026-09-01T21:00:00Z,2026-09-01T23:00:00+0200,880.833333,MW,DK1,DK_1,forecast_onshore_wind_generation,Wind Onshore,2026-09-02T16:45:54Z
2026-09-02T16:42:57Z,2026-09-02T18:42:57+0200,9e3a6020-c1dd-465f-a1f2-1481c073f385,2026-09-01T21:15:00Z,2026-09-01T23:15:00+0200,870.166666,MW,DK1,DK_1,forecast_onshore_wind_generation,Wind Onshore,2026-09-02T16:45:54Z
2026-09-02T16:42:57Z,2026-09-02T18:42:57+0200,9e3a6020-c1dd-465f-a1f2-1481c073f385,2026-09-01T21:30:00Z,2026-09-01T23:30:00+0200,860.666666,MW,DK1,DK_1,forecast_onshore_wind_generation,Wind Onshore,2026-09-02T16:45:54Z
2026-09-02T16:42:57Z,2026-09-02T18:42:57+0200,9e3a6020-c1dd-465f-a1f2-1481c073f385,2026-09-01T21:45:00Z,2026-09-01T23:45:00+0200,855.333333,MW,DK1,DK_1,forecast_onshore_wind_generation,Wind Onshore,2026-09-02T16:45:54Z
2026-09-02T16:42:57Z,2026-09-02T18:42:57+0200,9e3a6020-c1dd-465f-a1f2-1481c073f385,2026-09-01T22:00:00Z,2026-09-02T00:00:00+0200,959.333333,MW,DK1,DK_1,forecast_onshore_wind_generation,Wind Onshore,2026-09-02T16:45:54Z
2026-09-02T16:42:57Z,2026-09-02T18:42:57+0200,9e3a6020-c1dd-465f-a1f2-1481c073f385,2026-09-01T22:15:00Z,2026-09-02T00:15:00+0200,975.833333,MW,DK1,DK_1,forecast_onshore_wind_generation,Wind Onshore,2026-09-02T16:45:54Z
2026-09-02T16:42:57Z,2026-09-02T18:42:57+0200,9e3a6020-c1dd-465f-a1f2-1481c073f385,2026-09-01T22:30:00Z,2026-09-02T00:30:00+0200,990.666666,MW,DK1,DK_1,forecast_onshore_wind_generation,Wind Onshore,2026-09-02T16:45:54Z
2026-09-02T16:42:57Z,2026-09-02T18:42:57+0200,9e3a6020-c1dd-465f-a1f2-1481c073f385,2026-09-01T22:45:00Z,2026-09-02T00:45:00+0200,990.666666,MW,DK1,DK_1,forecast_onshore_wind_generation,Wind Onshore,2026-09-02T16:45:54Z
2026-09-02T16:42:57Z,2026-09-02T18:42:57+0200,9e3a6020-c1dd-465f-a1f2-1481c073f385,2026-09-01T23:00:00Z,2026-09-02T01:00:00+0200,990.666666,MW,DK1,DK_1,forecast_onshore_wind_generation,Wind Onshore,2026-09-02T16:45:54Z
2026-09-02T16:42:57Z,2026-09-02T18:42:57+0200,9e3a6020-c1dd-465f-a1f2-1481c073f385,2026-09-01T23:15:00Z,2026-09-02T01:15:00+0200,1004.5,MW,DK1,DK_1,forecast_onshore_wind_generation,Wind Onshore,2026-09-02T16:45:54Z
2026-09-02T16:42:57Z,2026-09-02T18:42:57+0200,9e3a6020-c1dd-465f-a1f2-1481c073f385,2026-09-01T23:30:00Z,2026-09-02T01:30:00+0200,1027.5,MW,DK1,DK_1,forecast_onshore_wind_generation,Wind Onshore,2026-09-02T16:45:54Z
2026-09-02T16:42:57Z,2026-09-02T18:42:57+0200,9e3a6020-c1dd-465f-a1f2-1481c073f385,2026-09-01T23:45:00Z,2026-09-02T01:45:00+0200,1050.0,MW,DK1,DK_1,forecast_onshore_wind_generation,Wind Onshore,2026-09-02T16:45:54Z
2026-09-02T16:42:57Z,2026-09-02T18:42:57+0200,9e3a6020-c1dd-465f-a1f2-1481c073f385,2026-09-02T00:00:00Z,2026-09-02T02:00:00+0200,1069.833333,MW,DK1,DK_1,forecast_onshore_wind_generation,Wind Onshore,2026-09-02T16:45:54Z
2026-09-02T16:42:57Z,2026-09-02T18:42:57+0200,9e3a6020-c1dd-465f-a1f2-1481c073f385,2026-09-02T00:15:00Z,2026-09-02T02:15:00+0200,1081.166666,MW,DK1,DK_1,forecast_onshore_wind_generation,Wind Onshore,2026-09-02T16:45:54Z
2026-09-02T16:42:57Z,2026-09-02T18:42:57+0200,9e3a6020-c1dd-465f-a1f2-1481c073f385,2026-09-02T00:30:00Z,2026-09-02T02:30:00+0200,1084.333333,MW,DK1,DK_1,forecast_onshore_wind_generation,Wind Onshore,2026-09-02T16:45:54Z
2026-09-02T16:42:57Z,2026-09-02T18:42:57+0200,9e3a6020-c1dd-465f-a1f2-1481c073f385,2026-09-02T00:45:00Z,2026-09-02T02:45:00+0200,1084.333333,MW,DK1,DK_1,forecast_onshore_wind_generation,Wind Onshore,2026-09-02T16:45:54Z
2026-09-02T16:42:57Z,2026-09-02T18:42:57+0200,9e3a6020-c1dd-465f-a1f2-1481c073f385,2026-09-02T01:00:00Z,2026-09-02T03:00:00+0200,1075.5,MW,DK1,DK_1,forecast_onshore_wind_generation,Wind Onshore,2026-09-02T16:45:54Z
2026-09-02T16:42:57Z,2026-09-02T18:42:57+0200,9e3a6020-c1dd-465f-a1f2-1481c073f385,2026-09-02T01:15:00Z,2026-09-02T03:15:00+0200,1055.5,MW,DK1,DK_1,forecast_onshore_wind_generation,Wind Onshore,2026-09-02T16:45:54Z
2026-09-02T16:42:57Z,2026-09-02T18:42:57+0200,9e3a6020-c1dd-465f-a1f2-1481c073f385,2026-09-02T01:30:00Z,2026-09-02T03:30:00+0200,1039.333333,MW,DK1,DK_1,forecast_onshore_wind_generation,Wind Onshore,2026-09-02T16:45:54Z
2026-09-02T16:42:57Z,2026-09-02T18:42:57+0200,9e3a6020-c1dd-465f-a1f2-1481c073f385,2026-09-02T01:45:00Z,2026-09-02T03:45:00+0200,1028.5,MW,DK1,DK_1,forecast_onshore_wind_generation,Wind Onshore,2026-09-02T16:45:54Z
2026-09-02T16:42:57Z,2026-09-02T18:42:57+0200,9e3a6020-c1dd-465f-a1f2-1481c073f385,2026-09-02T02:00:00Z,2026-09-02T04:00:00+0200,1019.666666,MW,DK1,DK_1,forecast_onshore_wind_generation,Wind Onshore,2026-09-02T16:45:54Z
2026-09-02T16:42:57Z,2026-09-02T18:42:57+0200,9e3a6020-c1dd-465f-a1f2-1481c073f385,2026-09-02T02:15:00Z,2026-09-02T04:15:00+0200,1005.333333,MW,DK1,DK_1,forecast_onshore_wind_generation,Wind Onshore,2026-09-02T16:45:54Z
2026-09-02T16:42:57Z,2026-09-02T18:42:57+0200,9e3a6020-c1dd-465f-a1f2-1481c073f385,2026-09-02T02:30:00Z,2026-09-02T04:30:00+0200,988.0,MW,DK1,DK_1,forecast_onshore_wind_generation,Wind Onshore,2026-09-02T16:45:54Z
2026-09-02T16:42:57Z,2026-09-02T18:42:57+0200,9e3a6020-c1dd-465f-a1f2-1481c073f385,2026-09-02T02:45:00Z,2026-09-02T04:45:00+0200,973.833333,MW,DK1,DK_1,forecast_onshore_wind_generation,Wind Onshore,2026-09-02T16:45:54Z
2026-09-02T16:42:57Z,2026-09-02T18:42:57+0200,9e3a6020-c1dd-465f-a1f2-1481c073f385,2026-09-02T03:00:00Z,2026-09-02T05:00:00+0200,955.833333,MW,DK1,DK_1,forecast_onshore_wind_generation,Wind Onshore,2026-09-02T16:45:54Z
2026-09-02T16:42:57Z,2026-09-02T18:42:57+0200,9e3a6020-c1dd-465f-a1f2-1481c073f385,2026-09-02T03:15:00Z,2026-09-02T05:15:00+0200,933.333333,MW,DK1,DK_1,forecast_onshore_wind_generation,Wind Onshore,2026-09-02T16:45:54Z
2026-09-02T16:42:57Z,2026-09-02T18:42:57+0200,9e3a6020-c1dd-465f-a1f2-1481c073f385,2026-09-02T03:30:00Z,2026-09-02T05:30:00+0200,903.0,MW,DK1,DK_1,forecast_onshore_wind_generation,Wind Onshore,2026-09-02T16:45:54Z
2026-09-02T16:42:57Z,2026-09-02T18:42:57+0200,9e3a6020-c1dd-465f-a1f2-1481c073f385,2026-09-02T03:45:00Z,2026-09-02T05:45:00+0200,874.166666,MW,DK1,DK_1,forecast_onshore_wind_generation,Wind Onshore,2026-09-02T16:45:54Z
2026-09-02T16:42:57Z,2026-09-02T18:42:57+0200,9e3a6020-c1dd-465f-a1f2-1481c073f385,2026-09-02T04:00:00Z,2026-09-02T06:00:00+0200,849.666666,MW,DK1,DK_1,forecast_onshore_wind_generation,Wind Onshore,2026-09-02T16:45:54Z
2026-09-02T16:42:57Z,2026-09-02T18:42:57+0200,9e3a6020-c1dd-465f-a1f2-1481c073f385,2026-09-02T04:15:00Z,2026-09-02T06:15:00+0200,830.333333,MW,DK1,DK_1,forecast_onshore_wind_generation,Wind Onshore,2026-09-02T16:45:54Z
2026-09-02T16:42:57Z,2026-09-02T18:42:57+0200,9e3a6020-c1dd-465f-a1f2-1481c073f385,2026-09-02T04:30:00Z,2026-09-02T06:30:00+0200,815.5,MW,DK1,DK_1,forecast_onshore_wind_generation,Wind Onshore,2026-09-02T16:45:54Z
2026-09-02T16:42:57Z,2026-09-02T18:42:57+0200,9e3a6020-c1dd-465f-a1f2-1481c073f385,2026-09-02T04:45:00Z,2026-09-02T06:45:00+0200,802.5,MW,DK1,DK_1,forecast_onshore_wind_generation,Wind Onshore,2026-09-02T16:45:54Z
2026-09-02T16:42:57Z,2026-09-02T18:42:57+0200,9e3a6020-c1dd-465f-a1f2-1481c073f385,2026-09-02T05:00:00Z,2026-09-02T07:00:00+0200,783.5,MW,DK1,DK_1,forecast_onshore_wind_generation,Wind Onshore,2026-09-02T16:45:54Z
2026-09-02T16:42:57Z,2026-09-02T18:42:57+0200,9e3a6020-c1dd-465f-a1f2-1481c073f385,2026-09-02T05:15:00Z,2026-09-02T07:15:00+0200,767.833333,MW,DK1,DK_1,forecast_onshore_wind_generation,Wind Onshore,2026-09-02T16:45:54Z
2026-09-02T16:42:57Z,2026-09-02T18:42:57+0200,9e3a6020-c1dd-465f-a1f2-1481c073f385,2026-09-02T05:30:00Z,2026-09-02T07:30:00+0200,756.0,MW,DK1,DK_1,forecast_onshore_wind_generation,Wind Onshore,2026-09-02T16:45:54Z
2026-09-02T16:42:57Z,2026-09-02T18:42:57+0200,9e3a6020-c1dd-465f-a1f2-1481c073f385,2026-09-02T05:45:00Z,2026-09-02T07:45:00+0200,741.0,MW,DK1,DK_1,forecast_onshore_wind_generation,Wind Onshore,2026-09-02T16:45:54Z
2026-09-02T16:42:57Z,2026-09-02T18:42:57+0200,9e3a6020-c1dd-465f-a1f2-1481c073f385,2026-09-02T06:00:00Z,2026-09-02T08:00:00+0200,727.666666,MW,DK1,DK_1,forecast_onshore_wind_generation,Wind Onshore,2026-09-02T16:45:54Z
2026-09-02T16:42:57Z,2026-09-02T18:42:57+0200,9e3a6020-c1dd-465f-a1f2-1481c073f385,2026-09-02T06:15:00Z,2026-09-02T08:15:00+0200,719.666666,MW,DK1,DK_1,forecast_onshore_wind_generation,Wind Onshore,2026-09-02T16:45:54Z
2026-09-02T16:42:57Z,2026-09-02T18:42:57+0200,9e3a6020-c1dd-465f-a1f2-1481c073f385,2026-09-02T06:30:00Z,2026-09-02T08:30:00+0200,724.333333,MW,DK1,DK_1,forecast_onshore_wind_generation,Wind Onshore,2026-09-02T16:45:54Z
2026-09-02T16:42:57Z,2026-09-02T18:42:57+0200,9e3a6020-c1dd-465f-a1f2-1481c073f385,2026-09-02T06:45:00Z,2026-09-02T08:45:00+0200,748.833333,MW,DK1,DK_1,forecast_onshore_wind_generation,Wind Onshore,2026-09-02T16:45:54Z
2026-09-02T16:42:57Z,2026-09-02T18:42:57+0200,9e3a6020-c1dd-465f-a1f2-1481c073f385,2026-09-02T07:00:00Z,2026-09-02T09:00:00+0200,797.5,MW,DK1,DK_1,forecast_onshore_wind_generation,Wind Onshore,2026-09-02T16:45:54Z
2026-09-02T16:42:57Z,2026-09-02T18:42:57+0200,9e3a6020-c1dd-465f-a1f2-1481c073f385,2026-09-02T07:15:00Z,2026-09-02T09:15:00+0200,835.666666,MW,DK1,DK_1,forecast_onshore_wind_generation,Wind Onshore,2026-09-02T16:45:54Z
2026-09-02T16:42:57Z,2026-09-02T18:42:57+0200,9e3a6020-c1dd-465f-a1f2-1481c073f385,2026-09-02T07:30:00Z,2026-09-02T09:30:00+0200,864.0,MW,DK1,DK_1,forecast_onshore_wind_generation,Wind Onshore,2026-09-02T16:45:54Z
2026-09-02T16:42:57Z,2026-09-02T18:42:57+0200,9e3a6020-c1dd-465f-a1f2-1481c073f385,2026-09-02T07:45:00Z,2026-09-02T09:45:00+0200,891.5,MW,DK1,DK_1,forecast_onshore_wind_generation,Wind Onshore,2026-09-02T16:45:54Z
2026-09-02T16:42:57Z,2026-09-02T18:42:57+0200,9e3a6020-c1dd-465f-a1f2-1481c073f385,2026-09-02T08:00:00Z,2026-09-02T10:00:00+0200,920.0,MW,DK1,DK_1,forecast_onshore_wind_generation,Wind Onshore,2026-09-02T16:45:54Z
2026-09-02T16:42:57Z,2026-09-02T18:42:57+0200,9e3a6020-c1dd-465f-a1f2-1481c073f385,2026-09-02T08:15:00Z,2026-09-02T10:15:00+0200,934.166666,MW,DK1,DK_1,forecast_onshore_wind_generation,Wind Onshore,2026-09-02T16:45:54Z
2026-09-02T16:42:57Z,2026-09-02T18:42:57+0200,9e3a6020-c1dd-465f-a1f2-1481c073f385,2026-09-02T08:30:00Z,2026-09-02T10:30:00+0200,932.166666,MW,DK1,DK_1,forecast_onshore_wind_generation,Wind Onshore,2026-09-02T16:45:54Z
2026-09-02T16:42:57Z,2026-09-02T18:42:57+0200,9e3a6020-c1dd-465f-a1f2-1481c073f385,2026-09-02T08:45:00Z,2026-09-02T10:45:00+0200,940.166666,MW,DK1,DK_1,forecast_onshore_wind_generation,Wind Onshore,2026-09-02T16:45:54Z
2026-09-02T16:42:57Z,2026-09-02T18:42:57+0200,9e3a6020-c1dd-465f-a1f2-1481c073f385,2026-09-02T09:00:00Z,2026-09-02T11:00:00+0200,936.166666,MW,DK1,DK_1,forecast_onshore_wind_generation,Wind Onshore,2026-09-02T16:45:54Z
2026-09-02T16:42:57Z,2026-09-02T18:42:57+0200,9e3a6020-c1dd-465f-a1f2-1481c073f385,2026-09-02T09:15:00Z,2026-09-02T11:15:00+0200,912.166666,MW,DK1,DK_1,forecast_onshore_wind_generation,Wind Onshore,2026-09-02T16:45:54Z
2026-09-02T16:42:57Z,2026-09-02T18:42:57+0200,9e3a6020-c1dd-465f-a1f2-1481c073f385,2026-09-02T09:30:00Z,2026-09-02T11:30:00+0200,895.5,MW,DK1,DK_1,forecast_onshore_wind_generation,Wind Onshore,2026-09-02T16:45:54Z
2026-09-02T16:42:57Z,2026-09-02T18:42:57+0200,9e3a6020-c1dd-465f-a1f2-1481c073f385,2026-09-02T09:45:00Z,2026-09-02T11:45:00+0200,900.0,MW,DK1,DK_1,forecast_onshore_wind_generation,Wind Onshore,2026-09-02T16:45:54Z
2026-09-02T16:42:57Z,2026-09-02T18:42:57+0200,9e3a6020-c1dd-465f-a1f2-1481c073f385,2026-09-02T10:00:00Z,2026-09-02T12:00:00+0200,914.166666,MW,DK1,DK_1,forecast_onshore_wind_generation,Wind Onshore,2026-09-02T16:45:54Z
2026-09-02T16:42:57Z,2026-09-02T18:42:57+0200,9e3a6020-c1dd-465f-a1f2-1481c073f385,2026-09-02T10:15:00Z,2026-09-02T12:15:00+0200,926.833333,MW,DK1,DK_1,forecast_onshore_wind_generation,Wind Onshore,2026-09-02T16:45:54Z
2026-09-02T16:42:57Z,2026-09-02T18:42:57+0200,9e3a6020-c1dd-465f-a1f2-1481c073f385,2026-09-02T10:30:00Z,2026-09-02T12:30:00+0200,941.0,MW,DK1,DK_1,forecast_onshore_wind_generation,Wind Onshore,2026-09-02T16:45:54Z
2026-09-02T16:42:57Z,2026-09-02T18:42:57+0200,9e3a6020-c1dd-465f-a1f2-1481c073f385,2026-09-02T10:45:00Z,2026-09-02T12:45:00+0200,951.666666,MW,DK1,DK_1,forecast_onshore_wind_generation,Wind Onshore,2026-09-02T16:45:54Z
2026-09-02T16:42:57Z,2026-09-02T18:42:57+0200,9e3a6020-c1dd-465f-a1f2-1481c073f385,2026-09-02T11:00:00Z,2026-09-02T13:00:00+0200,954.0,MW,DK1,DK_1,forecast_onshore_wind_generation,Wind Onshore,2026-09-02T16:45:54Z
2026-09-02T16:42:57Z,2026-09-02T18:42:57+0200,9e3a6020-c1dd-465f-a1f2-1481c073f385,2026-09-02T11:15:00Z,2026-09-02T13:15:00+0200,954.5,MW,DK1,DK_1,forecast_onshore_wind_generation,Wind Onshore,2026-09-02T16:45:54Z
2026-09-02T16:42:57Z,2026-09-02T18:42:57+0200,9e3a6020-c1dd-465f-a1f2-1481c073f385,2026-09-02T11:30:00Z,2026-09-02T13:30:00+0200,961.666666,MW,DK1,DK_1,forecast_onshore_wind_generation,Wind Onshore,2026-09-02T16:45:54Z
2026-09-02T16:42:57Z,2026-09-02T18:42:57+0200,9e3a6020-c1dd-465f-a1f2-1481c073f385,2026-09-02T11:45:00Z,2026-09-02T13:45:00+0200,962.333333,MW,DK1,DK_1,forecast_onshore_wind_generation,Wind Onshore,2026-09-02T16:45:54Z
2026-09-02T16:42:57Z,2026-09-02T18:42:57+0200,9e3a6020-c1dd-465f-a1f2-1481c073f385,2026-09-02T12:00:00Z,2026-09-02T14:00:00+0200,960.0,MW,DK1,DK_1,forecast_onshore_wind_generation,Wind Onshore,2026-09-02T16:45:54Z
2026-09-02T16:42:57Z,2026-09-02T18:42:57+0200,9e3a6020-c1dd-465f-a1f2-1481c073f385,2026-09-02T12:15:00Z,2026-09-02T14:15:00+0200,967.833333,MW,DK1,DK_1,forecast_onshore_wind_generation,Wind Onshore,2026-09-02T16:45:54Z
2026-09-02T16:42:57Z,2026-09-02T18:42:57+0200,9e3a6020-c1dd-465f-a1f2-1481c073f385,2026-09-02T12:30:00Z,2026-09-02T14:30:00+0200,984.166666,MW,DK1,DK_1,forecast_onshore_wind_generation,Wind Onshore,2026-09-02T16:45:54Z
2026-09-02T16:42:57Z,2026-09-02T18:42:57+0200,9e3a6020-c1dd-465f-a1f2-1481c073f385,2026-09-02T12:45:00Z,2026-09-02T14:45:00+0200,989.0,MW,DK1,DK_1,forecast_onshore_wind_generation,Wind Onshore,2026-09-02T16:45:54Z
2026-09-02T16:42:57Z,2026-09-02T18:42:57+0200,9e3a6020-c1dd-465f-a1f2-1481c073f385,2026-09-02T13:00:00Z,2026-09-02T15:00:00+0200,987.0,MW,DK1,DK_1,forecast_onshore_wind_generation,Wind Onshore,2026-09-02T16:45:54Z
2026-09-02T16:42:57Z,2026-09-02T18:42:57+0200,9e3a6020-c1dd-465f-a1f2-1481c073f385,2026-09-02T13:15:00Z,2026-09-02T15:15:00+0200,966.166666,MW,DK1,DK_1,forecast_onshore_wind_generation,Wind Onshore,2026-09-02T16:45:54Z
2026-09-02T16:42:57Z,2026-09-02T18:42:57+0200,9e3a6020-c1dd-465f-a1f2-1481c073f385,2026-09-02T13:30:00Z,2026-09-02T15:30:00+0200,951.666666,MW,DK1,DK_1,forecast_onshore_wind_generation,Wind Onshore,2026-09-02T16:45:54Z
2026-09-02T16:42:57Z,2026-09-02T18:42:57+0200,9e3a6020-c1dd-465f-a1f2-1481c073f385,2026-09-02T13:45:00Z,2026-09-02T15:45:00+0200,953.333333,MW,DK1,DK_1,forecast_onshore_wind_generation,Wind Onshore,2026-09-02T16:45:54Z
2026-09-02T16:42:57Z,2026-09-02T18:42:57+0200,9e3a6020-c1dd-465f-a1f2-1481c073f385,2026-09-02T14:00:00Z,2026-09-02T16:00:00+0200,969.0,MW,DK1,DK_1,forecast_onshore_wind_generation,Wind Onshore,2026-09-02T16:45:54Z
2026-09-02T16:42:57Z,2026-09-02T18:42:57+0200,9e3a6020-c1dd-465f-a1f2-1481c073f385,2026-09-02T14:15:00Z,2026-09-02T16:15:00+0200,989.666666,MW,DK1,DK_1,forecast_onshore_wind_generation,Wind Onshore,2026-09-02T16:45:54Z
2026-09-02T16:42:57Z,2026-09-02T18:42:57+0200,9e3a6020-c1dd-465f-a1f2-1481c073f385,2026-09-02T14:30:00Z,2026-09-02T16:30:00+0200,1012.333333,MW,DK1,DK_1,forecast_onshore_wind_generation,Wind Onshore,2026-09-02T16:45:54Z
2026-09-02T16:42:57Z,2026-09-02T18:42:57+0200,9e3a6020-c1dd-465f-a1f2-1481c073f385,2026-09-02T14:45:00Z,2026-09-02T16:45:00+0200,1025.666666,MW,DK1,DK_1,forecast_onshore_wind_generation,Wind Onshore,2026-09-02T16:45:54Z
2026-09-02T16:42:57Z,2026-09-02T18:42:57+0200,9e3a6020-c1dd-465f-a1f2-1481c073f385,2026-09-02T15:00:00Z,2026-09-02T17:00:00+0200,1023.5,MW,DK1,DK_1,forecast_onshore_wind_generation,Wind Onshore,2026-09-02T16:45:54Z
2026-09-02T16:42:57Z,2026-09-02T18:42:57+0200,9e3a6020-c1dd-465f-a1f2-1481c073f385,2026-09-02T15:15:00Z,2026-09-02T17:15:00+0200,988.666666,MW,DK1,DK_1,forecast_onshore_wind_generation,Wind Onshore,2026-09-02T16:45:54Z
2026-09-02T16:42:57Z,2026-09-02T18:42:57+0200,9e3a6020-c1dd-465f-a1f2-1481c073f385,2026-09-02T15:30:00Z,2026-09-02T17:30:00+0200,943.0,MW,DK1,DK_1,forecast_onshore_wind_generation,Wind Onshore,2026-09-02T16:45:54Z
2026-09-02T16:42:57Z,2026-09-02T18:42:57+0200,9e3a6020-c1dd-465f-a1f2-1481c073f385,2026-09-02T15:45:00Z,2026-09-02T17:45:00+0200,902.833333,MW,DK1,DK_1,forecast_onshore_wind_generation,Wind Onshore,2026-09-02T16:45:54Z
2026-09-02T16:42:57Z,2026-09-02T18:42:57+0200,9e3a6020-c1dd-465f-a1f2-1481c073f385,2026-09-02T16:00:00Z,2026-09-02T18:00:00+0200,864.166666,MW,DK1,DK_1,forecast_onshore_wind_generation,Wind Onshore,2026-09-02T16:45:54Z
2026-09-02T16:42:57Z,2026-09-02T18:42:57+0200,9e3a6020-c1dd-465f-a1f2-1481c073f385,2026-09-02T16:15:00Z,2026-09-02T18:15:00+0200,826.666666,MW,DK1,DK_1,forecast_onshore_wind_generation,Wind Onshore,2026-09-02T16:45:54Z
2026-09-02T16:42:57Z,2026-09-02T18:42:57+0200,9e3a6020-c1dd-465f-a1f2-1481c073f385,2026-09-02T16:30:00Z,2026-09-02T18:30:00+0200,794.166666,MW,DK1,DK_1,forecast_onshore_wind_generation,Wind Onshore,2026-09-02T16:45:54Z
2026-09-02T16:42:57Z,2026-09-02T18:42:57+0200,9e3a6020-c1dd-465f-a1f2-1481c073f385,2026-09-02T16:45:00Z,2026-09-02T18:45:00+0200,764.166666,MW,DK1,DK_1,forecast_onshore_wind_generation,Wind Onshore,2026-09-02T16:45:54Z
