timestamp_utc,timestamp_local,value,unit,country,entsoe_area,variable,source,updated_at_utc
2023-01-01T00:00:00Z,2023-01-01T01:00:00+0100,-1.46,EUR/MWh,NL,NL,day_ahead_price,value,2026-08-05T16:10:29Z
2023-01-01T01:00:00Z,2023-01-01T02:00:00+0100,-1.52,EUR/MWh,NL,NL,day_ahead_price,value,2026-08-05T16:10:29Z
2023-01-01T02:00:00Z,2023-01-01T03:00:00+0100,-5.0,EUR/MWh,NL,NL,day_ahead_price,value,2026-08-05T16:10:29Z
2023-01-01T03:00:00Z,2023-01-01T04:00:00+0100,-4.6,EUR/MWh,NL,NL,day_ahead_price,value,2026-08-05T16:10:29Z
2023-01-01T04:00:00Z,2023-01-01T05:00:00+0100,-4.05,EUR/MWh,NL,NL,day_ahead_price,value,2026-08-05T16:10:29Z
2023-01-01T05:00:00Z,2023-01-01T06:00:00+0100,-3.6,EUR/MWh,NL,NL,day_ahead_price,value,2026-08-05T16:10:29Z
2023-01-01T06:00:00Z,2023-01-01T07:00:00+0100,0.0,EUR/MWh,NL,NL,day_ahead_price,value,2026-08-05T16:10:29Z
2023-01-01T07:00:00Z,2023-01-01T08:00:00+0100,0.0,EUR/MWh,NL,NL,day_ahead_price,value,2026-08-05T16:10:29Z
2023-01-01T08:00:00Z,2023-01-01T09:00:00+0100,0.0,EUR/MWh,NL,NL,day_ahead_price,value,2026-08-05T16:10:29Z
2023-01-01T09:00:00Z,2023-01-01T10:00:00+0100,0.99,EUR/MWh,NL,NL,day_ahead_price,value,2026-08-05T16:10:29Z
2023-01-01T10:00:00Z,2023-01-01T11:00:00+0100,0.58,EUR/MWh,NL,NL,day_ahead_price,value,2026-08-05T16:10:29Z
2023-01-01T11:00:00Z,2023-01-01T12:00:00+0100,0.04,EUR/MWh,NL,NL,day_ahead_price,value,2026-08-05T16:10:29Z
2023-01-01T12:00:00Z,2023-01-01T13:00:00+0100,0.0,EUR/MWh,NL,NL,day_ahead_price,value,2026-08-05T16:10:29Z
2023-01-01T13:00:00Z,2023-01-01T14:00:00+0100,0.85,EUR/MWh,NL,NL,day_ahead_price,value,2026-08-05T16:10:29Z
2023-01-01T14:00:00Z,2023-01-01T15:00:00+0100,23.53,EUR/MWh,NL,NL,day_ahead_price,value,2026-08-05T16:10:29Z
2023-01-01T15:00:00Z,2023-01-01T16:00:00+0100,36.54,EUR/MWh,NL,NL,day_ahead_price,value,2026-08-05T16:10:29Z
2023-01-01T16:00:00Z,2023-01-01T17:00:00+0100,46.03,EUR/MWh,NL,NL,day_ahead_price,value,2026-08-05T16:10:29Z
2023-01-01T17:00:00Z,2023-01-01T18:00:00+0100,99.9,EUR/MWh,NL,NL,day_ahead_price,value,2026-08-05T16:10:29Z
2023-01-01T18:00:00Z,2023-01-01T19:00:00+0100,54.95,EUR/MWh,NL,NL,day_ahead_price,value,2026-08-05T16:10:29Z
2023-01-01T19:00:00Z,2023-01-01T20:00:00+0100,62.0,EUR/MWh,NL,NL,day_ahead_price,value,2026-08-05T16:10:29Z
2023-01-01T20:00:00Z,2023-01-01T21:00:00+0100,52.93,EUR/MWh,NL,NL,day_ahead_price,value,2026-08-05T16:10:29Z
2023-01-01T21:00:00Z,2023-01-01T22:00:00+0100,45.96,EUR/MWh,NL,NL,day_ahead_price,value,2026-08-05T16:10:29Z
2023-01-01T22:00:00Z,2023-01-01T23:00:00+0100,35.0,EUR/MWh,NL,NL,day_ahead_price,value,2026-08-05T16:10:29Z
2023-01-01T23:00:00Z,2023-01-02T00:00:00+0100,109.9,EUR/MWh,NL,NL,day_ahead_price,value,2026-08-05T16:10:29Z
2023-01-02T00:00:00Z,2023-01-02T01:00:00+0100,94.9,EUR/MWh,NL,NL,day_ahead_price,value,2026-08-05T16:10:29Z
2023-01-02T01:00:00Z,2023-01-02T02:00:00+0100,52.93,EUR/MWh,NL,NL,day_ahead_price,value,2026-08-05T16:10:29Z
2023-01-02T02:00:00Z,2023-01-02T03:00:00+0100,44.16,EUR/MWh,NL,NL,day_ahead_price,value,2026-08-05T16:10:29Z
2023-01-02T03:00:00Z,2023-01-02T04:00:00+0100,50.08,EUR/MWh,NL,NL,day_ahead_price,value,2026-08-05T16:10:29Z
2023-01-02T04:00:00Z,2023-01-02T05:00:00+0100,77.09,EUR/MWh,NL,NL,day_ahead_price,value,2026-08-05T16:10:29Z
2023-01-02T05:00:00Z,2023-01-02T06:00:00+0100,105.08,EUR/MWh,NL,NL,day_ahead_price,value,2026-08-05T16:10:29Z
2023-01-02T06:00:00Z,2023-01-02T07:00:00+0100,140.64,EUR/MWh,NL,NL,day_ahead_price,value,2026-08-05T16:10:29Z
2023-01-02T07:00:00Z,2023-01-02T08:00:00+0100,162.44,EUR/MWh,NL,NL,day_ahead_price,value,2026-08-05T16:10:29Z
2023-01-02T08:00:00Z,2023-01-02T09:00:00+0100,180.0,EUR/MWh,NL,NL,day_ahead_price,value,2026-08-05T16:10:29Z
2023-01-02T09:00:00Z,2023-01-02T10:00:00+0100,145.61,EUR/MWh,NL,NL,day_ahead_price,value,2026-08-05T16:10:29Z
2023-01-02T10:00:00Z,2023-01-02T11:00:00+0100,143.35,EUR/MWh,NL,NL,day_ahead_price,value,2026-08-05T16:10:29Z
2023-01-02T11:00:00Z,2023-01-02T12:00:00+0100,144.38,EUR/MWh,NL,NL,day_ahead_price,value,2026-08-05T16:10:29Z
2023-01-02T12:00:00Z,2023-01-02T13:00:00+0100,143.76,EUR/MWh,NL,NL,day_ahead_price,value,2026-08-05T16:10:29Z
2023-01-02T13:00:00Z,2023-01-02T14:00:00+0100,148.2,EUR/MWh,NL,NL,day_ahead_price,value,2026-08-05T16:10:29Z
2023-01-02T14:00:00Z,2023-01-02T15:00:00+0100,155.34,EUR/MWh,NL,NL,day_ahead_price,value,2026-08-05T16:10:29Z
2023-01-02T15:00:00Z,2023-01-02T16:00:00+0100,164.0,EUR/MWh,NL,NL,day_ahead_price,value,2026-08-05T16:10:29Z
2023-01-02T16:00:00Z,2023-01-02T17:00:00+0100,185.68,EUR/MWh,NL,NL,day_ahead_price,value,2026-08-05T16:10:29Z
2023-01-02T17:00:00Z,2023-01-02T18:00:00+0100,174.74,EUR/MWh,NL,NL,day_ahead_price,value,2026-08-05T16:10:29Z
2023-01-02T18:00:00Z,2023-01-02T19:00:00+0100,169.9,EUR/MWh,NL,NL,day_ahead_price,value,2026-08-05T16:10:29Z
2023-01-02T19:00:00Z,2023-01-02T20:00:00+0100,153.0,EUR/MWh,NL,NL,day_ahead_price,value,2026-08-05T16:10:29Z
2023-01-02T20:00:00Z,2023-01-02T21:00:00+0100,141.67,EUR/MWh,NL,NL,day_ahead_price,value,2026-08-05T16:10:29Z
2023-01-02T21:00:00Z,2023-01-02T22:00:00+0100,134.91,EUR/MWh,NL,NL,day_ahead_price,value,2026-08-05T16:10:29Z
2023-01-02T22:00:00Z,2023-01-02T23:00:00+0100,124.22,EUR/MWh,NL,NL,day_ahead_price,value,2026-08-05T16:10:29Z
2023-01-02T23:00:00Z,2023-01-03T00:00:00+0100,130.01,EUR/MWh,NL,NL,day_ahead_price,value,2026-08-05T16:10:29Z
2023-01-03T00:00:00Z,2023-01-03T01:00:00+0100,120.0,EUR/MWh,NL,NL,day_ahead_price,value,2026-08-05T16:10:29Z
2023-01-03T01:00:00Z,2023-01-03T02:00:00+0100,118.76,EUR/MWh,NL,NL,day_ahead_price,value,2026-08-05T16:10:29Z
2023-01-03T02:00:00Z,2023-01-03T03:00:00+0100,115.0,EUR/MWh,NL,NL,day_ahead_price,value,2026-08-05T16:10:29Z
2023-01-03T03:00:00Z,2023-01-03T04:00:00+0100,113.63,EUR/MWh,NL,NL,day_ahead_price,value,2026-08-05T16:10:29Z
2023-01-03T04:00:00Z,2023-01-03T05:00:00+0100,116.27,EUR/MWh,NL,NL,day_ahead_price,value,2026-08-05T16:10:29Z
2023-01-03T05:00:00Z,2023-01-03T06:00:00+0100,138.92,EUR/MWh,NL,NL,day_ahead_price,value,2026-08-05T16:10:29Z
2023-01-03T06:00:00Z,2023-01-03T07:00:00+0100,159.92,EUR/MWh,NL,NL,day_ahead_price,value,2026-08-05T16:10:29Z
2023-01-03T07:00:00Z,2023-01-03T08:00:00+0100,169.17,EUR/MWh,NL,NL,day_ahead_price,value,2026-08-05T16:10:29Z
2023-01-03T08:00:00Z,2023-01-03T09:00:00+0100,171.18,EUR/MWh,NL,NL,day_ahead_price,value,2026-08-05T16:10:29Z
2023-01-03T09:00:00Z,2023-01-03T10:00:00+0100,168.57,EUR/MWh,NL,NL,day_ahead_price,value,2026-08-05T16:10:29Z
2023-01-03T10:00:00Z,2023-01-03T11:00:00+0100,169.49,EUR/MWh,NL,NL,day_ahead_price,value,2026-08-05T16:10:29Z
2023-01-03T11:00:00Z,2023-01-03T12:00:00+0100,164.5,EUR/MWh,NL,NL,day_ahead_price,value,2026-08-05T16:10:29Z
2023-01-03T12:00:00Z,2023-01-03T13:00:00+0100,160.91,EUR/MWh,NL,NL,day_ahead_price,value,2026-08-05T16:10:29Z
2023-01-03T13:00:00Z,2023-01-03T14:00:00+0100,163.06,EUR/MWh,NL,NL,day_ahead_price,value,2026-08-05T16:10:29Z
2023-01-03T14:00:00Z,2023-01-03T15:00:00+0100,166.79,EUR/MWh,NL,NL,day_ahead_price,value,2026-08-05T16:10:29Z
2023-01-03T15:00:00Z,2023-01-03T16:00:00+0100,166.57,EUR/MWh,NL,NL,day_ahead_price,value,2026-08-05T16:10:29Z
2023-01-03T16:00:00Z,2023-01-03T17:00:00+0100,170.82,EUR/MWh,NL,NL,day_ahead_price,value,2026-08-05T16:10:29Z
2023-01-03T17:00:00Z,2023-01-03T18:00:00+0100,168.95,EUR/MWh,NL,NL,day_ahead_price,value,2026-08-05T16:10:29Z
2023-01-03T18:00:00Z,2023-01-03T19:00:00+0100,160.99,EUR/MWh,NL,NL,day_ahead_price,value,2026-08-05T16:10:29Z
2023-01-03T19:00:00Z,2023-01-03T20:00:00+0100,149.62,EUR/MWh,NL,NL,day_ahead_price,value,2026-08-05T16:10:29Z
2023-01-03T20:00:00Z,2023-01-03T21:00:00+0100,130.63,EUR/MWh,NL,NL,day_ahead_price,value,2026-08-05T16:10:29Z
2023-01-03T21:00:00Z,2023-01-03T22:00:00+0100,114.42,EUR/MWh,NL,NL,day_ahead_price,value,2026-08-05T16:10:29Z
2023-01-03T22:00:00Z,2023-01-03T23:00:00+0100,92.48,EUR/MWh,NL,NL,day_ahead_price,value,2026-08-05T16:10:29Z
2023-01-03T23:00:00Z,2023-01-04T00:00:00+0100,80.07,EUR/MWh,NL,NL,day_ahead_price,value,2026-08-05T16:10:29Z
2023-01-04T00:00:00Z,2023-01-04T01:00:00+0100,68.44,EUR/MWh,NL,NL,day_ahead_price,value,2026-08-05T16:10:29Z
2023-01-04T01:00:00Z,2023-01-04T02:00:00+0100,37.92,EUR/MWh,NL,NL,day_ahead_price,value,2026-08-05T16:10:29Z
2023-01-04T02:00:00Z,2023-01-04T03:00:00+0100,0.0,EUR/MWh,NL,NL,day_ahead_price,value,2026-08-05T16:10:29Z
2023-01-04T03:00:00Z,2023-01-04T04:00:00+0100,0.0,EUR/MWh,NL,NL,day_ahead_price,value,2026-08-05T16:10:29Z
2023-01-04T04:00:00Z,2023-01-04T05:00:00+0100,6.33,EUR/MWh,NL,NL,day_ahead_price,value,2026-08-05T16:10:29Z
2023-01-04T05:00:00Z,2023-01-04T06:00:00+0100,54.9,EUR/MWh,NL,NL,day_ahead_price,value,2026-08-05T16:10:29Z
2023-01-04T06:00:00Z,2023-01-04T07:00:00+0100,85.32,EUR/MWh,NL,NL,day_ahead_price,value,2026-08-05T16:10:29Z
2023-01-04T07:00:00Z,2023-01-04T08:00:00+0100,150.0,EUR/MWh,NL,NL,day_ahead_price,value,2026-08-05T16:10:29Z
2023-01-04T08:00:00Z,2023-01-04T09:00:00+0100,146.0,EUR/MWh,NL,NL,day_ahead_price,value,2026-08-05T16:10:29Z
2023-01-04T09:00:00Z,2023-01-04T10:00:00+0100,131.19,EUR/MWh,NL,NL,day_ahead_price,value,2026-08-05T16:10:29Z
2023-01-04T10:00:00Z,2023-01-04T11:00:00+0100,130.53,EUR/MWh,NL,NL,day_ahead_price,value,2026-08-05T16:10:29Z
2023-01-04T11:00:00Z,2023-01-04T12:00:00+0100,127.87,EUR/MWh,NL,NL,day_ahead_price,value,2026-08-05T16:10:29Z
2023-01-04T12:00:00Z,2023-01-04T13:00:00+0100,119.08,EUR/MWh,NL,NL,day_ahead_price,value,2026-08-05T16:10:29Z
2023-01-04T13:00:00Z,2023-01-04T14:00:00+0100,116.55,EUR/MWh,NL,NL,day_ahead_price,value,2026-08-05T16:10:29Z
2023-01-04T14:00:00Z,2023-01-04T15:00:00+0100,127.99,EUR/MWh,NL,NL,day_ahead_price,value,2026-08-05T16:10:29Z
2023-01-04T15:00:00Z,2023-01-04T16:00:00+0100,131.25,EUR/MWh,NL,NL,day_ahead_price,value,2026-08-05T16:10:29Z
2023-01-04T16:00:00Z,2023-01-04T17:00:00+0100,150.2,EUR/MWh,NL,NL,day_ahead_price,value,2026-08-05T16:10:29Z
2023-01-04T17:00:00Z,2023-01-04T18:00:00+0100,137.5,EUR/MWh,NL,NL,day_ahead_price,value,2026-08-05T16:10:29Z
2023-01-04T18:00:00Z,2023-01-04T19:00:00+0100,129.49,EUR/MWh,NL,NL,day_ahead_price,value,2026-08-05T16:10:29Z
2023-01-04T19:00:00Z,2023-01-04T20:00:00+0100,122.4,EUR/MWh,NL,NL,day_ahead_price,value,2026-08-05T16:10:29Z
2023-01-04T20:00:00Z,2023-01-04T21:00:00+0100,129.39,EUR/MWh,NL,NL,day_ahead_price,value,2026-08-05T16:10:29Z
2023-01-04T21:00:00Z,2023-01-04T22:00:00+0100,108.96,EUR/MWh,NL,NL,day_ahead_price,value,2026-08-05T16:10:29Z
2023-01-04T22:00:00Z,2023-01-04T23:00:00+0100,106.0,EUR/MWh,NL,NL,day_ahead_price,value,2026-08-05T16:10:29Z
2023-01-04T23:00:00Z,2023-01-05T00:00:00+0100,5.4,EUR/MWh,NL,NL,day_ahead_price,value,2026-08-05T16:10:29Z
2023-01-05T00:00:00Z,2023-01-05T01:00:00+0100,3.63,EUR/MWh,NL,NL,day_ahead_price,value,2026-08-05T16:10:29Z
2023-01-05T01:00:00Z,2023-01-05T02:00:00+0100,4.9,EUR/MWh,NL,NL,day_ahead_price,value,2026-08-05T16:10:29Z
2023-01-05T02:00:00Z,2023-01-05T03:00:00+0100,0.0,EUR/MWh,NL,NL,day_ahead_price,value,2026-08-05T16:10:29Z
2023-01-05T03:00:00Z,2023-01-05T04:00:00+0100,6.87,EUR/MWh,NL,NL,day_ahead_price,value,2026-08-05T16:10:29Z
2023-01-05T04:00:00Z,2023-01-05T05:00:00+0100,16.32,EUR/MWh,NL,NL,day_ahead_price,value,2026-08-05T16:10:29Z
2023-01-05T05:00:00Z,2023-01-05T06:00:00+0100,67.8,EUR/MWh,NL,NL,day_ahead_price,value,2026-08-05T16:10:29Z
2023-01-05T06:00:00Z,2023-01-05T07:00:00+0100,119.9,EUR/MWh,NL,NL,day_ahead_price,value,2026-08-05T16:10:29Z
2023-01-05T07:00:00Z,2023-01-05T08:00:00+0100,179.0,EUR/MWh,NL,NL,day_ahead_price,value,2026-08-05T16:10:29Z
2023-01-05T08:00:00Z,2023-01-05T09:00:00+0100,171.04,EUR/MWh,NL,NL,day_ahead_price,value,2026-08-05T16:10:29Z
2023-01-05T09:00:00Z,2023-01-05T10:00:00+0100,169.47,EUR/MWh,NL,NL,day_ahead_price,value,2026-08-05T16:10:29Z
2023-01-05T10:00:00Z,2023-01-05T11:00:00+0100,154.0,EUR/MWh,NL,NL,day_ahead_price,value,2026-08-05T16:10:29Z
2023-01-05T11:00:00Z,2023-01-05T12:00:00+0100,146.0,EUR/MWh,NL,NL,day_ahead_price,value,2026-08-05T16:10:29Z
2023-01-05T12:00:00Z,2023-01-05T13:00:00+0100,145.1,EUR/MWh,NL,NL,day_ahead_price,value,2026-08-05T16:10:29Z
2023-01-05T13:00:00Z,2023-01-05T14:00:00+0100,151.03,EUR/MWh,NL,NL,day_ahead_price,value,2026-08-05T16:10:29Z
2023-01-05T14:00:00Z,2023-01-05T15:00:00+0100,159.48,EUR/MWh,NL,NL,day_ahead_price,value,2026-08-05T16:10:29Z
2023-01-05T15:00:00Z,2023-01-05T16:00:00+0100,172.73,EUR/MWh,NL,NL,day_ahead_price,value,2026-08-05T16:10:29Z
2023-01-05T16:00:00Z,2023-01-05T17:00:00+0100,222.1,EUR/MWh,NL,NL,day_ahead_price,value,2026-08-05T16:10:29Z
2023-01-05T17:00:00Z,2023-01-05T18:00:00+0100,194.67,EUR/MWh,NL,NL,day_ahead_price,value,2026-08-05T16:10:29Z
2023-01-05T18:00:00Z,2023-01-05T19:00:00+0100,177.98,EUR/MWh,NL,NL,day_ahead_price,value,2026-08-05T16:10:29Z
2023-01-05T19:00:00Z,2023-01-05T20:00:00+0100,163.99,EUR/MWh,NL,NL,day_ahead_price,value,2026-08-05T16:10:29Z
2023-01-05T20:00:00Z,2023-01-05T21:00:00+0100,152.0,EUR/MWh,NL,NL,day_ahead_price,value,2026-08-05T16:10:29Z
2023-01-05T21:00:00Z,2023-01-05T22:00:00+0100,144.64,EUR/MWh,NL,NL,day_ahead_price,value,2026-08-05T16:10:29Z
2023-01-05T22:00:00Z,2023-01-05T23:00:00+0100,127.0,EUR/MWh,NL,NL,day_ahead_price,value,2026-08-05T16:10:29Z
2023-01-05T23:00:00Z,2023-01-06T00:00:00+0100,107.21,EUR/MWh,NL,NL,day_ahead_price,value,2026-08-05T16:10:29Z
2023-01-06T00:00:00Z,2023-01-06T01:00:00+0100,101.1,EUR/MWh,NL,NL,day_ahead_price,value,2026-08-05T16:10:29Z
2023-01-06T01:00:00Z,2023-01-06T02:00:00+0100,96.73,EUR/MWh,NL,NL,day_ahead_price,value,2026-08-05T16:10:29Z
2023-01-06T02:00:00Z,2023-01-06T03:00:00+0100,81.42,EUR/MWh,NL,NL,day_ahead_price,value,2026-08-05T16:10:29Z
2023-01-06T03:00:00Z,2023-01-06T04:00:00+0100,74.45,EUR/MWh,NL,NL,day_ahead_price,value,2026-08-05T16:10:29Z
2023-01-06T04:00:00Z,2023-01-06T05:00:00+0100,78.32,EUR/MWh,NL,NL,day_ahead_price,value,2026-08-05T16:10:29Z
2023-01-06T05:00:00Z,2023-01-06T06:00:00+0100,96.89,EUR/MWh,NL,NL,day_ahead_price,value,2026-08-05T16:10:29Z
2023-01-06T06:00:00Z,2023-01-06T07:00:00+0100,107.02,EUR/MWh,NL,NL,day_ahead_price,value,2026-08-05T16:10:29Z
2023-01-06T07:00:00Z,2023-01-06T08:00:00+0100,122.94,EUR/MWh,NL,NL,day_ahead_price,value,2026-08-05T16:10:29Z
2023-01-06T08:00:00Z,2023-01-06T09:00:00+0100,166.4,EUR/MWh,NL,NL,day_ahead_price,value,2026-08-05T16:10:29Z
2023-01-06T09:00:00Z,2023-01-06T10:00:00+0100,182.4,EUR/MWh,NL,NL,day_ahead_price,value,2026-08-05T16:10:29Z
2023-01-06T10:00:00Z,2023-01-06T11:00:00+0100,163.67,EUR/MWh,NL,NL,day_ahead_price,value,2026-08-05T16:10:29Z
2023-01-06T11:00:00Z,2023-01-06T12:00:00+0100,140.2,EUR/MWh,NL,NL,day_ahead_price,value,2026-08-05T16:10:29Z
2023-01-06T12:00:00Z,2023-01-06T13:00:00+0100,135.0,EUR/MWh,NL,NL,day_ahead_price,value,2026-08-05T16:10:29Z
2023-01-06T13:00:00Z,2023-01-06T14:00:00+0100,158.0,EUR/MWh,NL,NL,day_ahead_price,value,2026-08-05T16:10:29Z
2023-01-06T14:00:00Z,2023-01-06T15:00:00+0100,170.4,EUR/MWh,NL,NL,day_ahead_price,value,2026-08-05T16:10:29Z
2023-01-06T15:00:00Z,2023-01-06T16:00:00+0100,140.1,EUR/MWh,NL,NL,day_ahead_price,value,2026-08-05T16:10:29Z
2023-01-06T16:00:00Z,2023-01-06T17:00:00+0100,155.93,EUR/MWh,NL,NL,day_ahead_price,value,2026-08-05T16:10:29Z
2023-01-06T17:00:00Z,2023-01-06T18:00:00+0100,163.5,EUR/MWh,NL,NL,day_ahead_price,value,2026-08-05T16:10:29Z
2023-01-06T18:00:00Z,2023-01-06T19:00:00+0100,146.74,EUR/MWh,NL,NL,day_ahead_price,value,2026-08-05T16:10:29Z
2023-01-06T19:00:00Z,2023-01-06T20:00:00+0100,139.39,EUR/MWh,NL,NL,day_ahead_price,value,2026-08-05T16:10:29Z
2023-01-06T20:00:00Z,2023-01-06T21:00:00+0100,131.84,EUR/MWh,NL,NL,day_ahead_price,value,2026-08-05T16:10:29Z
2023-01-06T21:00:00Z,2023-01-06T22:00:00+0100,129.94,EUR/MWh,NL,NL,day_ahead_price,value,2026-08-05T16:10:29Z
2023-01-06T22:00:00Z,2023-01-06T23:00:00+0100,121.31,EUR/MWh,NL,NL,day_ahead_price,value,2026-08-05T16:10:29Z
2023-01-06T23:00:00Z,2023-01-07T00:00:00+0100,97.28,EUR/MWh,NL,NL,day_ahead_price,value,2026-08-05T16:10:29Z
2023-01-07T00:00:00Z,2023-01-07T01:00:00+0100,98.16,EUR/MWh,NL,NL,day_ahead_price,value,2026-08-05T16:10:29Z
2023-01-07T01:00:00Z,2023-01-07T02:00:00+0100,94.96,EUR/MWh,NL,NL,day_ahead_price,value,2026-08-05T16:10:29Z
2023-01-07T02:00:00Z,2023-01-07T03:00:00+0100,83.86,EUR/MWh,NL,NL,day_ahead_price,value,2026-08-05T16:10:29Z
2023-01-07T03:00:00Z,2023-01-07T04:00:00+0100,76.66,EUR/MWh,NL,NL,day_ahead_price,value,2026-08-05T16:10:29Z
2023-01-07T04:00:00Z,2023-01-07T05:00:00+0100,69.88,EUR/MWh,NL,NL,day_ahead_price,value,2026-08-05T16:10:29Z
2023-01-07T05:00:00Z,2023-01-07T06:00:00+0100,76.49,EUR/MWh,NL,NL,day_ahead_price,value,2026-08-05T16:10:29Z
2023-01-07T06:00:00Z,2023-01-07T07:00:00+0100,92.53,EUR/MWh,NL,NL,day_ahead_price,value,2026-08-05T16:10:29Z
2023-01-07T07:00:00Z,2023-01-07T08:00:00+0100,109.94,EUR/MWh,NL,NL,day_ahead_price,value,2026-08-05T16:10:29Z
2023-01-07T08:00:00Z,2023-01-07T09:00:00+0100,112.87,EUR/MWh,NL,NL,day_ahead_price,value,2026-08-05T16:10:29Z
2023-01-07T09:00:00Z,2023-01-07T10:00:00+0100,100.69,EUR/MWh,NL,NL,day_ahead_price,value,2026-08-05T16:10:29Z
2023-01-07T10:00:00Z,2023-01-07T11:00:00+0100,88.32,EUR/MWh,NL,NL,day_ahead_price,value,2026-08-05T16:10:29Z
2023-01-07T11:00:00Z,2023-01-07T12:00:00+0100,87.9,EUR/MWh,NL,NL,day_ahead_price,value,2026-08-05T16:10:29Z
2023-01-07T12:00:00Z,2023-01-07T13:00:00+0100,74.29,EUR/MWh,NL,NL,day_ahead_price,value,2026-08-05T16:10:29Z
2023-01-07T13:00:00Z,2023-01-07T14:00:00+0100,90.0,EUR/MWh,NL,NL,day_ahead_price,value,2026-08-05T16:10:29Z
2023-01-07T14:00:00Z,2023-01-07T15:00:00+0100,86.9,EUR/MWh,NL,NL,day_ahead_price,value,2026-08-05T16:10:29Z
2023-01-07T15:00:00Z,2023-01-07T16:00:00+0100,94.31,EUR/MWh,NL,NL,day_ahead_price,value,2026-08-05T16:10:29Z
2023-01-07T16:00:00Z,2023-01-07T17:00:00+0100,98.32,EUR/MWh,NL,NL,day_ahead_price,value,2026-08-05T16:10:29Z
2023-01-07T17:00:00Z,2023-01-07T18:00:00+0100,100.96,EUR/MWh,NL,NL,day_ahead_price,value,2026-08-05T16:10:29Z
2023-01-07T18:00:00Z,2023-01-07T19:00:00+0100,96.0,EUR/MWh,NL,NL,day_ahead_price,value,2026-08-05T16:10:29Z
2023-01-07T19:00:00Z,2023-01-07T20:00:00+0100,89.1,EUR/MWh,NL,NL,day_ahead_price,value,2026-08-05T16:10:29Z
2023-01-07T20:00:00Z,2023-01-07T21:00:00+0100,62.98,EUR/MWh,NL,NL,day_ahead_price,value,2026-08-05T16:10:29Z
2023-01-07T21:00:00Z,2023-01-07T22:00:00+0100,51.2,EUR/MWh,NL,NL,day_ahead_price,value,2026-08-05T16:10:29Z
2023-01-07T22:00:00Z,2023-01-07T23:00:00+0100,38.79,EUR/MWh,NL,NL,day_ahead_price,value,2026-08-05T16:10:29Z
2023-01-07T23:00:00Z,2023-01-08T00:00:00+0100,11.55,EUR/MWh,NL,NL,day_ahead_price,value,2026-08-05T16:10:29Z
2023-01-08T00:00:00Z,2023-01-08T01:00:00+0100,9.07,EUR/MWh,NL,NL,day_ahead_price,value,2026-08-05T16:10:29Z
2023-01-08T01:00:00Z,2023-01-08T02:00:00+0100,9.1,EUR/MWh,NL,NL,day_ahead_price,value,2026-08-05T16:10:29Z
2023-01-08T02:00:00Z,2023-01-08T03:00:00+0100,3.46,EUR/MWh,NL,NL,day_ahead_price,value,2026-08-05T16:10:29Z
2023-01-08T03:00:00Z,2023-01-08T04:00:00+0100,2.8,EUR/MWh,NL,NL,day_ahead_price,value,2026-08-05T16:10:29Z
2023-01-08T04:00:00Z,2023-01-08T05:00:00+0100,5.08,EUR/MWh,NL,NL,day_ahead_price,value,2026-08-05T16:10:29Z
2023-01-08T05:00:00Z,2023-01-08T06:00:00+0100,9.02,EUR/MWh,NL,NL,day_ahead_price,value,2026-08-05T16:10:29Z
2023-01-08T06:00:00Z,2023-01-08T07:00:00+0100,16.47,EUR/MWh,NL,NL,day_ahead_price,value,2026-08-05T16:10:29Z
2023-01-08T07:00:00Z,2023-01-08T08:00:00+0100,50.23,EUR/MWh,NL,NL,day_ahead_price,value,2026-08-05T16:10:29Z
2023-01-08T08:00:00Z,2023-01-08T09:00:00+0100,83.02,EUR/MWh,NL,NL,day_ahead_price,value,2026-08-05T16:10:29Z
2023-01-08T09:00:00Z,2023-01-08T10:00:00+0100,93.88,EUR/MWh,NL,NL,day_ahead_price,value,2026-08-05T16:10:29Z
2023-01-08T10:00:00Z,2023-01-08T11:00:00+0100,103.87,EUR/MWh,NL,NL,day_ahead_price,value,2026-08-05T16:10:29Z
2023-01-08T11:00:00Z,2023-01-08T12:00:00+0100,101.69,EUR/MWh,NL,NL,day_ahead_price,value,2026-08-05T16:10:29Z
2023-01-08T12:00:00Z,2023-01-08T13:00:00+0100,99.0,EUR/MWh,NL,NL,day_ahead_price,value,2026-08-05T16:10:29Z
2023-01-08T13:00:00Z,2023-01-08T14:00:00+0100,104.29,EUR/MWh,NL,NL,day_ahead_price,value,2026-08-05T16:10:29Z
2023-01-08T14:00:00Z,2023-01-08T15:00:00+0100,103.33,EUR/MWh,NL,NL,day_ahead_price,value,2026-08-05T16:10:29Z
2023-01-08T15:00:00Z,2023-01-08T16:00:00+0100,108.43,EUR/MWh,NL,NL,day_ahead_price,value,2026-08-05T16:10:29Z
2023-01-08T16:00:00Z,2023-01-08T17:00:00+0100,118.72,EUR/MWh,NL,NL,day_ahead_price,value,2026-08-05T16:10:29Z
2023-01-08T17:00:00Z,2023-01-08T18:00:00+0100,122.76,EUR/MWh,NL,NL,day_ahead_price,value,2026-08-05T16:10:29Z
2023-01-08T18:00:00Z,2023-01-08T19:00:00+0100,109.44,EUR/MWh,NL,NL,day_ahead_price,value,2026-08-05T16:10:29Z
2023-01-08T19:00:00Z,2023-01-08T20:00:00+0100,104.41,EUR/MWh,NL,NL,day_ahead_price,value,2026-08-05T16:10:29Z
2023-01-08T20:00:00Z,2023-01-08T21:00:00+0100,98.65,EUR/MWh,NL,NL,day_ahead_price,value,2026-08-05T16:10:29Z
2023-01-08T21:00:00Z,2023-01-08T22:00:00+0100,99.38,EUR/MWh,NL,NL,day_ahead_price,value,2026-08-05T16:10:29Z
2023-01-08T22:00:00Z,2023-01-08T23:00:00+0100,81.34,EUR/MWh,NL,NL,day_ahead_price,value,2026-08-05T16:10:29Z
2023-01-08T23:00:00Z,2023-01-09T00:00:00+0100,75.13,EUR/MWh,NL,NL,day_ahead_price,value,2026-08-05T16:10:29Z
2023-01-09T00:00:00Z,2023-01-09T01:00:00+0100,64.38,EUR/MWh,NL,NL,day_ahead_price,value,2026-08-05T16:10:29Z
2023-01-09T01:00:00Z,2023-01-09T02:00:00+0100,60.28,EUR/MWh,NL,NL,day_ahead_price,value,2026-08-05T16:10:29Z
2023-01-09T02:00:00Z,2023-01-09T03:00:00+0100,39.41,EUR/MWh,NL,NL,day_ahead_price,value,2026-08-05T16:10:29Z
2023-01-09T03:00:00Z,2023-01-09T04:00:00+0100,43.12,EUR/MWh,NL,NL,day_ahead_price,value,2026-08-05T16:10:29Z
2023-01-09T04:00:00Z,2023-01-09T05:00:00+0100,69.07,EUR/MWh,NL,NL,day_ahead_price,value,2026-08-05T16:10:29Z
2023-01-09T05:00:00Z,2023-01-09T06:00:00+0100,107.13,EUR/MWh,NL,NL,day_ahead_price,value,2026-08-05T16:10:29Z
2023-01-09T06:00:00Z,2023-01-09T07:00:00+0100,160.0,EUR/MWh,NL,NL,day_ahead_price,value,2026-08-05T16:10:29Z
2023-01-09T07:00:00Z,2023-01-09T08:00:00+0100,180.0,EUR/MWh,NL,NL,day_ahead_price,value,2026-08-05T16:10:29Z
2023-01-09T08:00:00Z,2023-01-09T09:00:00+0100,177.16,EUR/MWh,NL,NL,day_ahead_price,value,2026-08-05T16:10:29Z
2023-01-09T09:00:00Z,2023-01-09T10:00:00+0100,159.13,EUR/MWh,NL,NL,day_ahead_price,value,2026-08-05T16:10:29Z
2023-01-09T10:00:00Z,2023-01-09T11:00:00+0100,160.78,EUR/MWh,NL,NL,day_ahead_price,value,2026-08-05T16:10:29Z
2023-01-09T11:00:00Z,2023-01-09T12:00:00+0100,141.0,EUR/MWh,NL,NL,day_ahead_price,value,2026-08-05T16:10:29Z
2023-01-09T12:00:00Z,2023-01-09T13:00:00+0100,142.07,EUR/MWh,NL,NL,day_ahead_price,value,2026-08-05T16:10:29Z
2023-01-09T13:00:00Z,2023-01-09T14:00:00+0100,138.97,EUR/MWh,NL,NL,day_ahead_price,value,2026-08-05T16:10:29Z
2023-01-09T14:00:00Z,2023-01-09T15:00:00+0100,151.23,EUR/MWh,NL,NL,day_ahead_price,value,2026-08-05T16:10:29Z
2023-01-09T15:00:00Z,2023-01-09T16:00:00+0100,162.04,EUR/MWh,NL,NL,day_ahead_price,value,2026-08-05T16:10:29Z
2023-01-09T16:00:00Z,2023-01-09T17:00:00+0100,174.27,EUR/MWh,NL,NL,day_ahead_price,value,2026-08-05T16:10:29Z
2023-01-09T17:00:00Z,2023-01-09T18:00:00+0100,182.18,EUR/MWh,NL,NL,day_ahead_price,value,2026-08-05T16:10:29Z
2023-01-09T18:00:00Z,2023-01-09T19:00:00+0100,170.24,EUR/MWh,NL,NL,day_ahead_price,value,2026-08-05T16:10:29Z
2023-01-09T19:00:00Z,2023-01-09T20:00:00+0100,160.51,EUR/MWh,NL,NL,day_ahead_price,value,2026-08-05T16:10:29Z
2023-01-09T20:00:00Z,2023-01-09T21:00:00+0100,138.93,EUR/MWh,NL,NL,day_ahead_price,value,2026-08-05T16:10:29Z
2023-01-09T21:00:00Z,2023-01-09T22:00:00+0100,132.0,EUR/MWh,NL,NL,day_ahead_price,value,2026-08-05T16:10:29Z
2023-01-09T22:00:00Z,2023-01-09T23:00:00+0100,108.31,EUR/MWh,NL,NL,day_ahead_price,value,2026-08-05T16:10:29Z
2023-01-09T23:00:00Z,2023-01-10T00:00:00+0100,106.01,EUR/MWh,NL,NL,day_ahead_price,value,2026-08-05T16:10:29Z
2023-01-10T00:00:00Z,2023-01-10T01:00:00+0100,96.72,EUR/MWh,NL,NL,day_ahead_price,value,2026-08-05T16:10:29Z
2023-01-10T01:00:00Z,2023-01-10T02:00:00+0100,95.15,EUR/MWh,NL,NL,day_ahead_price,value,2026-08-05T16:10:29Z
2023-01-10T02:00:00Z,2023-01-10T03:00:00+0100,90.33,EUR/MWh,NL,NL,day_ahead_price,value,2026-08-05T16:10:29Z
2023-01-10T03:00:00Z,2023-01-10T04:00:00+0100,95.61,EUR/MWh,NL,NL,day_ahead_price,value,2026-08-05T16:10:29Z
2023-01-10T04:00:00Z,2023-01-10T05:00:00+0100,108.6,EUR/MWh,NL,NL,day_ahead_price,value,2026-08-05T16:10:29Z
2023-01-10T05:00:00Z,2023-01-10T06:00:00+0100,138.13,EUR/MWh,NL,NL,day_ahead_price,value,2026-08-05T16:10:29Z
2023-01-10T06:00:00Z,2023-01-10T07:00:00+0100,156.0,EUR/MWh,NL,NL,day_ahead_price,value,2026-08-05T16:10:29Z
2023-01-10T07:00:00Z,2023-01-10T08:00:00+0100,220.0,EUR/MWh,NL,NL,day_ahead_price,value,2026-08-05T16:10:29Z
2023-01-10T08:00:00Z,2023-01-10T09:00:00+0100,222.0,EUR/MWh,NL,NL,day_ahead_price,value,2026-08-05T16:10:29Z
2023-01-10T09:00:00Z,2023-01-10T10:00:00+0100,163.52,EUR/MWh,NL,NL,day_ahead_price,value,2026-08-05T16:10:29Z
2023-01-10T10:00:00Z,2023-01-10T11:00:00+0100,147.6,EUR/MWh,NL,NL,day_ahead_price,value,2026-08-05T16:10:29Z
2023-01-10T11:00:00Z,2023-01-10T12:00:00+0100,141.25,EUR/MWh,NL,NL,day_ahead_price,value,2026-08-05T16:10:29Z
2023-01-10T12:00:00Z,2023-01-10T13:00:00+0100,141.68,EUR/MWh,NL,NL,day_ahead_price,value,2026-08-05T16:10:29Z
2023-01-10T13:00:00Z,2023-01-10T14:00:00+0100,145.41,EUR/MWh,NL,NL,day_ahead_price,value,2026-08-05T16:10:29Z
2023-01-10T14:00:00Z,2023-01-10T15:00:00+0100,145.92,EUR/MWh,NL,NL,day_ahead_price,value,2026-08-05T16:10:29Z
2023-01-10T15:00:00Z,2023-01-10T16:00:00+0100,140.11,EUR/MWh,NL,NL,day_ahead_price,value,2026-08-05T16:10:29Z
2023-01-10T16:00:00Z,2023-01-10T17:00:00+0100,147.9,EUR/MWh,NL,NL,day_ahead_price,value,2026-08-05T16:10:29Z
2023-01-10T17:00:00Z,2023-01-10T18:00:00+0100,144.74,EUR/MWh,NL,NL,day_ahead_price,value,2026-08-05T16:10:29Z
2023-01-10T18:00:00Z,2023-01-10T19:00:00+0100,130.1,EUR/MWh,NL,NL,day_ahead_price,value,2026-08-05T16:10:29Z
2023-01-10T19:00:00Z,2023-01-10T20:00:00+0100,122.81,EUR/MWh,NL,NL,day_ahead_price,value,2026-08-05T16:10:29Z
2023-01-10T20:00:00Z,2023-01-10T21:00:00+0100,101.9,EUR/MWh,NL,NL,day_ahead_price,value,2026-08-05T16:10:29Z
2023-01-10T21:00:00Z,2023-01-10T22:00:00+0100,82.0,EUR/MWh,NL,NL,day_ahead_price,value,2026-08-05T16:10:29Z
2023-01-10T22:00:00Z,2023-01-10T23:00:00+0100,42.96,EUR/MWh,NL,NL,day_ahead_price,value,2026-08-05T16:10:29Z
2023-01-10T23:00:00Z,2023-01-11T00:00:00+0100,5.0,EUR/MWh,NL,NL,day_ahead_price,value,2026-08-05T16:10:29Z
2023-01-11T00:00:00Z,2023-01-11T01:00:00+0100,0.0,EUR/MWh,NL,NL,day_ahead_price,value,2026-08-05T16:10:29Z
2023-01-11T01:00:00Z,2023-01-11T02:00:00+0100,-0.33,EUR/MWh,NL,NL,day_ahead_price,value,2026-08-05T16:10:29Z
2023-01-11T02:00:00Z,2023-01-11T03:00:00+0100,-0.23,EUR/MWh,NL,NL,day_ahead_price,value,2026-08-05T16:10:29Z
2023-01-11T03:00:00Z,2023-01-11T04:00:00+0100,0.0,EUR/MWh,NL,NL,day_ahead_price,value,2026-08-05T16:10:29Z
2023-01-11T04:00:00Z,2023-01-11T05:00:00+0100,2.59,EUR/MWh,NL,NL,day_ahead_price,value,2026-08-05T16:10:29Z
2023-01-11T05:00:00Z,2023-01-11T06:00:00+0100,57.31,EUR/MWh,NL,NL,day_ahead_price,value,2026-08-05T16:10:29Z
2023-01-11T06:00:00Z,2023-01-11T07:00:00+0100,91.11,EUR/MWh,NL,NL,day_ahead_price,value,2026-08-05T16:10:29Z
2023-01-11T07:00:00Z,2023-01-11T08:00:00+0100,163.58,EUR/MWh,NL,NL,day_ahead_price,value,2026-08-05T16:10:29Z
2023-01-11T08:00:00Z,2023-01-11T09:00:00+0100,155.6,EUR/MWh,NL,NL,day_ahead_price,value,2026-08-05T16:10:29Z
2023-01-11T09:00:00Z,2023-01-11T10:00:00+0100,131.78,EUR/MWh,NL,NL,day_ahead_price,value,2026-08-05T16:10:29Z
2023-01-11T10:00:00Z,2023-01-11T11:00:00+0100,130.6,EUR/MWh,NL,NL,day_ahead_price,value,2026-08-05T16:10:29Z
2023-01-11T11:00:00Z,2023-01-11T12:00:00+0100,117.82,EUR/MWh,NL,NL,day_ahead_price,value,2026-08-05T16:10:29Z
2023-01-11T12:00:00Z,2023-01-11T13:00:00+0100,110.54,EUR/MWh,NL,NL,day_ahead_price,value,2026-08-05T16:10:29Z
2023-01-11T13:00:00Z,2023-01-11T14:00:00+0100,115.74,EUR/MWh,NL,NL,day_ahead_price,value,2026-08-05T16:10:29Z
2023-01-11T14:00:00Z,2023-01-11T15:00:00+0100,118.83,EUR/MWh,NL,NL,day_ahead_price,value,2026-08-05T16:10:29Z
2023-01-11T15:00:00Z,2023-01-11T16:00:00+0100,120.81,EUR/MWh,NL,NL,day_ahead_price,value,2026-08-05T16:10:29Z
2023-01-11T16:00:00Z,2023-01-11T17:00:00+0100,133.79,EUR/MWh,NL,NL,day_ahead_price,value,2026-08-05T16:10:29Z
2023-01-11T17:00:00Z,2023-01-11T18:00:00+0100,133.87,EUR/MWh,NL,NL,day_ahead_price,value,2026-08-05T16:10:29Z
2023-01-11T18:00:00Z,2023-01-11T19:00:00+0100,129.9,EUR/MWh,NL,NL,day_ahead_price,value,2026-08-05T16:10:29Z
2023-01-11T19:00:00Z,2023-01-11T20:00:00+0100,118.53,EUR/MWh,NL,NL,day_ahead_price,value,2026-08-05T16:10:29Z
2023-01-11T20:00:00Z,2023-01-11T21:00:00+0100,94.87,EUR/MWh,NL,NL,day_ahead_price,value,2026-08-05T16:10:29Z
2023-01-11T21:00:00Z,2023-01-11T22:00:00+0100,92.03,EUR/MWh,NL,NL,day_ahead_price,value,2026-08-05T16:10:29Z
2023-01-11T22:00:00Z,2023-01-11T23:00:00+0100,69.23,EUR/MWh,NL,NL,day_ahead_price,value,2026-08-05T16:10:29Z
2023-01-11T23:00:00Z,2023-01-12T00:00:00+0100,21.74,EUR/MWh,NL,NL,day_ahead_price,value,2026-08-05T16:10:29Z
2023-01-12T00:00:00Z,2023-01-12T01:00:00+0100,5.92,EUR/MWh,NL,NL,day_ahead_price,value,2026-08-05T16:10:29Z
2023-01-12T01:00:00Z,2023-01-12T02:00:00+0100,5.66,EUR/MWh,NL,NL,day_ahead_price,value,2026-08-05T16:10:29Z
2023-01-12T02:00:00Z,2023-01-12T03:00:00+0100,0.1,EUR/MWh,NL,NL,day_ahead_price,value,2026-08-05T16:10:29Z
2023-01-12T03:00:00Z,2023-01-12T04:00:00+0100,2.73,EUR/MWh,NL,NL,day_ahead_price,value,2026-08-05T16:10:29Z
2023-01-12T04:00:00Z,2023-01-12T05:00:00+0100,25.55,EUR/MWh,NL,NL,day_ahead_price,value,2026-08-05T16:10:29Z
2023-01-12T05:00:00Z,2023-01-12T06:00:00+0100,85.72,EUR/MWh,NL,NL,day_ahead_price,value,2026-08-05T16:10:29Z
2023-01-12T06:00:00Z,2023-01-12T07:00:00+0100,115.35,EUR/MWh,NL,NL,day_ahead_price,value,2026-08-05T16:10:29Z
2023-01-12T07:00:00Z,2023-01-12T08:00:00+0100,138.6,EUR/MWh,NL,NL,day_ahead_price,value,2026-08-05T16:10:29Z
2023-01-12T08:00:00Z,2023-01-12T09:00:00+0100,156.6,EUR/MWh,NL,NL,day_ahead_price,value,2026-08-05T16:10:29Z
2023-01-12T09:00:00Z,2023-01-12T10:00:00+0100,110.0,EUR/MWh,NL,NL,day_ahead_price,value,2026-08-05T16:10:29Z
2023-01-12T10:00:00Z,2023-01-12T11:00:00+0100,111.92,EUR/MWh,NL,NL,day_ahead_price,value,2026-08-05T16:10:29Z
2023-01-12T11:00:00Z,2023-01-12T12:00:00+0100,106.7,EUR/MWh,NL,NL,day_ahead_price,value,2026-08-05T16:10:29Z
2023-01-12T12:00:00Z,2023-01-12T13:00:00+0100,102.87,EUR/MWh,NL,NL,day_ahead_price,value,2026-08-05T16:10:29Z
2023-01-12T13:00:00Z,2023-01-12T14:00:00+0100,110.24,EUR/MWh,NL,NL,day_ahead_price,value,2026-08-05T16:10:29Z
2023-01-12T14:00:00Z,2023-01-12T15:00:00+0100,108.66,EUR/MWh,NL,NL,day_ahead_price,value,2026-08-05T16:10:29Z
2023-01-12T15:00:00Z,2023-01-12T16:00:00+0100,107.91,EUR/MWh,NL,NL,day_ahead_price,value,2026-08-05T16:10:29Z
2023-01-12T16:00:00Z,2023-01-12T17:00:00+0100,130.0,EUR/MWh,NL,NL,day_ahead_price,value,2026-08-05T16:10:29Z
2023-01-12T17:00:00Z,2023-01-12T18:00:00+0100,144.5,EUR/MWh,NL,NL,day_ahead_price,value,2026-08-05T16:10:29Z
2023-01-12T18:00:00Z,2023-01-12T19:00:00+0100,130.0,EUR/MWh,NL,NL,day_ahead_price,value,2026-08-05T16:10:29Z
2023-01-12T19:00:00Z,2023-01-12T20:00:00+0100,131.14,EUR/MWh,NL,NL,day_ahead_price,value,2026-08-05T16:10:29Z
2023-01-12T20:00:00Z,2023-01-12T21:00:00+0100,86.0,EUR/MWh,NL,NL,day_ahead_price,value,2026-08-05T16:10:29Z
2023-01-12T21:00:00Z,2023-01-12T22:00:00+0100,74.1,EUR/MWh,NL,NL,day_ahead_price,value,2026-08-05T16:10:29Z
2023-01-12T22:00:00Z,2023-01-12T23:00:00+0100,40.41,EUR/MWh,NL,NL,day_ahead_price,value,2026-08-05T16:10:29Z
2023-01-12T23:00:00Z,2023-01-13T00:00:00+0100,32.92,EUR/MWh,NL,NL,day_ahead_price,value,2026-08-05T16:10:29Z
2023-01-13T00:00:00Z,2023-01-13T01:00:00+0100,17.2,EUR/MWh,NL,NL,day_ahead_price,value,2026-08-05T16:10:29Z
2023-01-13T01:00:00Z,2023-01-13T02:00:00+0100,10.43,EUR/MWh,NL,NL,day_ahead_price,value,2026-08-05T16:10:29Z
2023-01-13T02:00:00Z,2023-01-13T03:00:00+0100,2.65,EUR/MWh,NL,NL,day_ahead_price,value,2026-08-05T16:10:29Z
2023-01-13T03:00:00Z,2023-01-13T04:00:00+0100,3.35,EUR/MWh,NL,NL,day_ahead_price,value,2026-08-05T16:10:29Z
2023-01-13T04:00:00Z,2023-01-13T05:00:00+0100,25.7,EUR/MWh,NL,NL,day_ahead_price,value,2026-08-05T16:10:29Z
2023-01-13T05:00:00Z,2023-01-13T06:00:00+0100,55.5,EUR/MWh,NL,NL,day_ahead_price,value,2026-08-05T16:10:29Z
2023-01-13T06:00:00Z,2023-01-13T07:00:00+0100,88.65,EUR/MWh,NL,NL,day_ahead_price,value,2026-08-05T16:10:29Z
2023-01-13T07:00:00Z,2023-01-13T08:00:00+0100,112.43,EUR/MWh,NL,NL,day_ahead_price,value,2026-08-05T16:10:29Z
2023-01-13T08:00:00Z,2023-01-13T09:00:00+0100,107.07,EUR/MWh,NL,NL,day_ahead_price,value,2026-08-05T16:10:29Z
2023-01-13T09:00:00Z,2023-01-13T10:00:00+0100,97.1,EUR/MWh,NL,NL,day_ahead_price,value,2026-08-05T16:10:29Z
2023-01-13T10:00:00Z,2023-01-13T11:00:00+0100,89.03,EUR/MWh,NL,NL,day_ahead_price,value,2026-08-05T16:10:29Z
2023-01-13T11:00:00Z,2023-01-13T12:00:00+0100,76.77,EUR/MWh,NL,NL,day_ahead_price,value,2026-08-05T16:10:29Z
2023-01-13T12:00:00Z,2023-01-13T13:00:00+0100,70.24,EUR/MWh,NL,NL,day_ahead_price,value,2026-08-05T16:10:29Z
2023-01-13T13:00:00Z,2023-01-13T14:00:00+0100,74.23,EUR/MWh,NL,NL,day_ahead_price,value,2026-08-05T16:10:29Z
2023-01-13T14:00:00Z,2023-01-13T15:00:00+0100,80.6,EUR/MWh,NL,NL,day_ahead_price,value,2026-08-05T16:10:29Z
2023-01-13T15:00:00Z,2023-01-13T16:00:00+0100,87.58,EUR/MWh,NL,NL,day_ahead_price,value,2026-08-05T16:10:29Z
2023-01-13T16:00:00Z,2023-01-13T17:00:00+0100,141.83,EUR/MWh,NL,NL,day_ahead_price,value,2026-08-05T16:10:29Z
2023-01-13T17:00:00Z,2023-01-13T18:00:00+0100,155.0,EUR/MWh,NL,NL,day_ahead_price,value,2026-08-05T16:10:29Z
2023-01-13T18:00:00Z,2023-01-13T19:00:00+0100,144.2,EUR/MWh,NL,NL,day_ahead_price,value,2026-08-05T16:10:29Z
2023-01-13T19:00:00Z,2023-01-13T20:00:00+0100,121.77,EUR/MWh,NL,NL,day_ahead_price,value,2026-08-05T16:10:29Z
2023-01-13T20:00:00Z,2023-01-13T21:00:00+0100,125.4,EUR/MWh,NL,NL,day_ahead_price,value,2026-08-05T16:10:29Z
2023-01-13T21:00:00Z,2023-01-13T22:00:00+0100,120.0,EUR/MWh,NL,NL,day_ahead_price,value,2026-08-05T16:10:29Z
2023-01-13T22:00:00Z,2023-01-13T23:00:00+0100,97.29,EUR/MWh,NL,NL,day_ahead_price,value,2026-08-05T16:10:29Z
2023-01-13T23:00:00Z,2023-01-14T00:00:00+0100,135.0,EUR/MWh,NL,NL,day_ahead_price,value,2026-08-05T16:10:29Z
2023-01-14T00:00:00Z,2023-01-14T01:00:00+0100,117.2,EUR/MWh,NL,NL,day_ahead_price,value,2026-08-05T16:10:29Z
2023-01-14T01:00:00Z,2023-01-14T02:00:00+0100,98.67,EUR/MWh,NL,NL,day_ahead_price,value,2026-08-05T16:10:29Z
2023-01-14T02:00:00Z,2023-01-14T03:00:00+0100,57.45,EUR/MWh,NL,NL,day_ahead_price,value,2026-08-05T16:10:29Z
2023-01-14T03:00:00Z,2023-01-14T04:00:00+0100,40.85,EUR/MWh,NL,NL,day_ahead_price,value,2026-08-05T16:10:29Z
2023-01-14T04:00:00Z,2023-01-14T05:00:00+0100,41.02,EUR/MWh,NL,NL,day_ahead_price,value,2026-08-05T16:10:29Z
2023-01-14T05:00:00Z,2023-01-14T06:00:00+0100,45.1,EUR/MWh,NL,NL,day_ahead_price,value,2026-08-05T16:10:29Z
2023-01-14T06:00:00Z,2023-01-14T07:00:00+0100,54.9,EUR/MWh,NL,NL,day_ahead_price,value,2026-08-05T16:10:29Z
2023-01-14T07:00:00Z,2023-01-14T08:00:00+0100,77.15,EUR/MWh,NL,NL,day_ahead_price,value,2026-08-05T16:10:29Z
2023-01-14T08:00:00Z,2023-01-14T09:00:00+0100,100.1,EUR/MWh,NL,NL,day_ahead_price,value,2026-08-05T16:10:29Z
2023-01-14T09:00:00Z,2023-01-14T10:00:00+0100,96.73,EUR/MWh,NL,NL,day_ahead_price,value,2026-08-05T16:10:29Z
2023-01-14T10:00:00Z,2023-01-14T11:00:00+0100,99.2,EUR/MWh,NL,NL,day_ahead_price,value,2026-08-05T16:10:29Z
2023-01-14T11:00:00Z,2023-01-14T12:00:00+0100,104.97,EUR/MWh,NL,NL,day_ahead_price,value,2026-08-05T16:10:29Z
2023-01-14T12:00:00Z,2023-01-14T13:00:00+0100,93.86,EUR/MWh,NL,NL,day_ahead_price,value,2026-08-05T16:10:29Z
2023-01-14T13:00:00Z,2023-01-14T14:00:00+0100,93.85,EUR/MWh,NL,NL,day_ahead_price,value,2026-08-05T16:10:29Z
2023-01-14T14:00:00Z,2023-01-14T15:00:00+0100,100.0,EUR/MWh,NL,NL,day_ahead_price,value,2026-08-05T16:10:29Z
2023-01-14T15:00:00Z,2023-01-14T16:00:00+0100,100.0,EUR/MWh,NL,NL,day_ahead_price,value,2026-08-05T16:10:29Z
2023-01-14T16:00:00Z,2023-01-14T17:00:00+0100,134.26,EUR/MWh,NL,NL,day_ahead_price,value,2026-08-05T16:10:29Z
2023-01-14T17:00:00Z,2023-01-14T18:00:00+0100,144.2,EUR/MWh,NL,NL,day_ahead_price,value,2026-08-05T16:10:29Z
2023-01-14T18:00:00Z,2023-01-14T19:00:00+0100,127.0,EUR/MWh,NL,NL,day_ahead_price,value,2026-08-05T16:10:29Z
2023-01-14T19:00:00Z,2023-01-14T20:00:00+0100,143.51,EUR/MWh,NL,NL,day_ahead_price,value,2026-08-05T16:10:29Z
2023-01-14T20:00:00Z,2023-01-14T21:00:00+0100,99.37,EUR/MWh,NL,NL,day_ahead_price,value,2026-08-05T16:10:29Z
2023-01-14T21:00:00Z,2023-01-14T22:00:00+0100,93.42,EUR/MWh,NL,NL,day_ahead_price,value,2026-08-05T16:10:29Z
2023-01-14T22:00:00Z,2023-01-14T23:00:00+0100,69.1,EUR/MWh,NL,NL,day_ahead_price,value,2026-08-05T16:10:29Z
2023-01-14T23:00:00Z,2023-01-15T00:00:00+0100,60.01,EUR/MWh,NL,NL,day_ahead_price,value,2026-08-05T16:10:29Z
2023-01-15T00:00:00Z,2023-01-15T01:00:00+0100,29.4,EUR/MWh,NL,NL,day_ahead_price,value,2026-08-05T16:10:29Z
2023-01-15T01:00:00Z,2023-01-15T02:00:00+0100,27.93,EUR/MWh,NL,NL,day_ahead_price,value,2026-08-05T16:10:29Z
2023-01-15T02:00:00Z,2023-01-15T03:00:00+0100,6.94,EUR/MWh,NL,NL,day_ahead_price,value,2026-08-05T16:10:29Z
2023-01-15T03:00:00Z,2023-01-15T04:00:00+0100,2.93,EUR/MWh,NL,NL,day_ahead_price,value,2026-08-05T16:10:29Z
2023-01-15T04:00:00Z,2023-01-15T05:00:00+0100,4.05,EUR/MWh,NL,NL,day_ahead_price,value,2026-08-05T16:10:29Z
2023-01-15T05:00:00Z,2023-01-15T06:00:00+0100,1.58,EUR/MWh,NL,NL,day_ahead_price,value,2026-08-05T16:10:29Z
2023-01-15T06:00:00Z,2023-01-15T07:00:00+0100,1.81,EUR/MWh,NL,NL,day_ahead_price,value,2026-08-05T16:10:29Z
2023-01-15T07:00:00Z,2023-01-15T08:00:00+0100,11.2,EUR/MWh,NL,NL,day_ahead_price,value,2026-08-05T16:10:29Z
2023-01-15T08:00:00Z,2023-01-15T09:00:00+0100,37.4,EUR/MWh,NL,NL,day_ahead_price,value,2026-08-05T16:10:29Z
2023-01-15T09:00:00Z,2023-01-15T10:00:00+0100,38.86,EUR/MWh,NL,NL,day_ahead_price,value,2026-08-05T16:10:29Z
2023-01-15T10:00:00Z,2023-01-15T11:00:00+0100,74.9,EUR/MWh,NL,NL,day_ahead_price,value,2026-08-05T16:10:29Z
2023-01-15T11:00:00Z,2023-01-15T12:00:00+0100,80.0,EUR/MWh,NL,NL,day_ahead_price,value,2026-08-05T16:10:29Z
2023-01-15T12:00:00Z,2023-01-15T13:00:00+0100,65.01,EUR/MWh,NL,NL,day_ahead_price,value,2026-08-05T16:10:29Z
2023-01-15T13:00:00Z,2023-01-15T14:00:00+0100,80.15,EUR/MWh,NL,NL,day_ahead_price,value,2026-08-05T16:10:29Z
2023-01-15T14:00:00Z,2023-01-15T15:00:00+0100,86.02,EUR/MWh,NL,NL,day_ahead_price,value,2026-08-05T16:10:29Z
2023-01-15T15:00:00Z,2023-01-15T16:00:00+0100,95.0,EUR/MWh,NL,NL,day_ahead_price,value,2026-08-05T16:10:29Z
2023-01-15T16:00:00Z,2023-01-15T17:00:00+0100,139.64,EUR/MWh,NL,NL,day_ahead_price,value,2026-08-05T16:10:29Z
2023-01-15T17:00:00Z,2023-01-15T18:00:00+0100,174.6,EUR/MWh,NL,NL,day_ahead_price,value,2026-08-05T16:10:29Z
2023-01-15T18:00:00Z,2023-01-15T19:00:00+0100,197.7,EUR/MWh,NL,NL,day_ahead_price,value,2026-08-05T16:10:29Z
2023-01-15T19:00:00Z,2023-01-15T20:00:00+0100,199.9,EUR/MWh,NL,NL,day_ahead_price,value,2026-08-05T16:10:29Z
2023-01-15T20:00:00Z,2023-01-15T21:00:00+0100,168.34,EUR/MWh,NL,NL,day_ahead_price,value,2026-08-05T16:10:29Z
2023-01-15T21:00:00Z,2023-01-15T22:00:00+0100,160.0,EUR/MWh,NL,NL,day_ahead_price,value,2026-08-05T16:10:29Z
2023-01-15T22:00:00Z,2023-01-15T23:00:00+0100,133.0,EUR/MWh,NL,NL,day_ahead_price,value,2026-08-05T16:10:29Z
2023-01-15T23:00:00Z,2023-01-16T00:00:00+0100,60.01,EUR/MWh,NL,NL,day_ahead_price,value,2026-08-05T16:10:29Z
2023-01-16T00:00:00Z,2023-01-16T01:00:00+0100,60.01,EUR/MWh,NL,NL,day_ahead_price,value,2026-08-05T16:10:29Z
2023-01-16T01:00:00Z,2023-01-16T02:00:00+0100,62.72,EUR/MWh,NL,NL,day_ahead_price,value,2026-08-05T16:10:29Z
2023-01-16T02:00:00Z,2023-01-16T03:00:00+0100,56.1,EUR/MWh,NL,NL,day_ahead_price,value,2026-08-05T16:10:29Z
2023-01-16T03:00:00Z,2023-01-16T04:00:00+0100,63.3,EUR/MWh,NL,NL,day_ahead_price,value,2026-08-05T16:10:29Z
2023-01-16T04:00:00Z,2023-01-16T05:00:00+0100,87.0,EUR/MWh,NL,NL,day_ahead_price,value,2026-08-05T16:10:29Z
2023-01-16T05:00:00Z,2023-01-16T06:00:00+0100,154.63,EUR/MWh,NL,NL,day_ahead_price,value,2026-08-05T16:10:29Z
2023-01-16T06:00:00Z,2023-01-16T07:00:00+0100,175.11,EUR/MWh,NL,NL,day_ahead_price,value,2026-08-05T16:10:29Z
2023-01-16T07:00:00Z,2023-01-16T08:00:00+0100,185.99,EUR/MWh,NL,NL,day_ahead_price,value,2026-08-05T16:10:29Z
2023-01-16T08:00:00Z,2023-01-16T09:00:00+0100,170.0,EUR/MWh,NL,NL,day_ahead_price,value,2026-08-05T16:10:29Z
2023-01-16T09:00:00Z,2023-01-16T10:00:00+0100,200.1,EUR/MWh,NL,NL,day_ahead_price,value,2026-08-05T16:10:29Z
2023-01-16T10:00:00Z,2023-01-16T11:00:00+0100,165.6,EUR/MWh,NL,NL,day_ahead_price,value,2026-08-05T16:10:29Z
2023-01-16T11:00:00Z,2023-01-16T12:00:00+0100,148.59,EUR/MWh,NL,NL,day_ahead_price,value,2026-08-05T16:10:29Z
2023-01-16T12:00:00Z,2023-01-16T13:00:00+0100,145.47,EUR/MWh,NL,NL,day_ahead_price,value,2026-08-05T16:10:29Z
2023-01-16T13:00:00Z,2023-01-16T14:00:00+0100,146.1,EUR/MWh,NL,NL,day_ahead_price,value,2026-08-05T16:10:29Z
2023-01-16T14:00:00Z,2023-01-16T15:00:00+0100,149.9,EUR/MWh,NL,NL,day_ahead_price,value,2026-08-05T16:10:29Z
2023-01-16T15:00:00Z,2023-01-16T16:00:00+0100,151.45,EUR/MWh,NL,NL,day_ahead_price,value,2026-08-05T16:10:29Z
2023-01-16T16:00:00Z,2023-01-16T17:00:00+0100,166.79,EUR/MWh,NL,NL,day_ahead_price,value,2026-08-05T16:10:29Z
2023-01-16T17:00:00Z,2023-01-16T18:00:00+0100,173.72,EUR/MWh,NL,NL,day_ahead_price,value,2026-08-05T16:10:29Z
2023-01-16T18:00:00Z,2023-01-16T19:00:00+0100,150.5,EUR/MWh,NL,NL,day_ahead_price,value,2026-08-05T16:10:29Z
2023-01-16T19:00:00Z,2023-01-16T20:00:00+0100,145.9,EUR/MWh,NL,NL,day_ahead_price,value,2026-08-05T16:10:29Z
2023-01-16T20:00:00Z,2023-01-16T21:00:00+0100,131.97,EUR/MWh,NL,NL,day_ahead_price,value,2026-08-05T16:10:29Z
2023-01-16T21:00:00Z,2023-01-16T22:00:00+0100,127.31,EUR/MWh,NL,NL,day_ahead_price,value,2026-08-05T16:10:29Z
2023-01-16T22:00:00Z,2023-01-16T23:00:00+0100,120.0,EUR/MWh,NL,NL,day_ahead_price,value,2026-08-05T16:10:29Z
2023-01-16T23:00:00Z,2023-01-17T00:00:00+0100,101.19,EUR/MWh,NL,NL,day_ahead_price,value,2026-08-05T16:10:29Z
2023-01-17T00:00:00Z,2023-01-17T01:00:00+0100,95.45,EUR/MWh,NL,NL,day_ahead_price,value,2026-08-05T16:10:29Z
2023-01-17T01:00:00Z,2023-01-17T02:00:00+0100,97.98,EUR/MWh,NL,NL,day_ahead_price,value,2026-08-05T16:10:29Z
2023-01-17T02:00:00Z,2023-01-17T03:00:00+0100,100.0,EUR/MWh,NL,NL,day_ahead_price,value,2026-08-05T16:10:29Z
2023-01-17T03:00:00Z,2023-01-17T04:00:00+0100,101.09,EUR/MWh,NL,NL,day_ahead_price,value,2026-08-05T16:10:29Z
2023-01-17T04:00:00Z,2023-01-17T05:00:00+0100,113.55,EUR/MWh,NL,NL,day_ahead_price,value,2026-08-05T16:10:29Z
2023-01-17T05:00:00Z,2023-01-17T06:00:00+0100,131.05,EUR/MWh,NL,NL,day_ahead_price,value,2026-08-05T16:10:29Z
2023-01-17T06:00:00Z,2023-01-17T07:00:00+0100,140.8,EUR/MWh,NL,NL,day_ahead_price,value,2026-08-05T16:10:29Z
2023-01-17T07:00:00Z,2023-01-17T08:00:00+0100,200.0,EUR/MWh,NL,NL,day_ahead_price,value,2026-08-05T16:10:29Z
2023-01-17T08:00:00Z,2023-01-17T09:00:00+0100,232.8,EUR/MWh,NL,NL,day_ahead_price,value,2026-08-05T16:10:29Z
2023-01-17T09:00:00Z,2023-01-17T10:00:00+0100,128.92,EUR/MWh,NL,NL,day_ahead_price,value,2026-08-05T16:10:29Z
2023-01-17T10:00:00Z,2023-01-17T11:00:00+0100,120.0,EUR/MWh,NL,NL,day_ahead_price,value,2026-08-05T16:10:29Z
2023-01-17T11:00:00Z,2023-01-17T12:00:00+0100,115.95,EUR/MWh,NL,NL,day_ahead_price,value,2026-08-05T16:10:29Z
2023-01-17T12:00:00Z,2023-01-17T13:00:00+0100,112.9,EUR/MWh,NL,NL,day_ahead_price,value,2026-08-05T16:10:29Z
2023-01-17T13:00:00Z,2023-01-17T14:00:00+0100,115.93,EUR/MWh,NL,NL,day_ahead_price,value,2026-08-05T16:10:29Z
2023-01-17T14:00:00Z,2023-01-17T15:00:00+0100,147.72,EUR/MWh,NL,NL,day_ahead_price,value,2026-08-05T16:10:29Z
2023-01-17T15:00:00Z,2023-01-17T16:00:00+0100,171.0,EUR/MWh,NL,NL,day_ahead_price,value,2026-08-05T16:10:29Z
2023-01-17T16:00:00Z,2023-01-17T17:00:00+0100,184.73,EUR/MWh,NL,NL,day_ahead_price,value,2026-08-05T16:10:29Z
2023-01-17T17:00:00Z,2023-01-17T18:00:00+0100,162.19,EUR/MWh,NL,NL,day_ahead_price,value,2026-08-05T16:10:29Z
2023-01-17T18:00:00Z,2023-01-17T19:00:00+0100,150.1,EUR/MWh,NL,NL,day_ahead_price,value,2026-08-05T16:10:29Z
2023-01-17T19:00:00Z,2023-01-17T20:00:00+0100,144.43,EUR/MWh,NL,NL,day_ahead_price,value,2026-08-05T16:10:29Z
2023-01-17T20:00:00Z,2023-01-17T21:00:00+0100,141.41,EUR/MWh,NL,NL,day_ahead_price,value,2026-08-05T16:10:29Z
2023-01-17T21:00:00Z,2023-01-17T22:00:00+0100,132.8,EUR/MWh,NL,NL,day_ahead_price,value,2026-08-05T16:10:29Z
2023-01-17T22:00:00Z,2023-01-17T23:00:00+0100,131.4,EUR/MWh,NL,NL,day_ahead_price,value,2026-08-05T16:10:29Z
2023-01-17T23:00:00Z,2023-01-18T00:00:00+0100,119.8,EUR/MWh,NL,NL,day_ahead_price,value,2026-08-05T16:10:29Z
2023-01-18T00:00:00Z,2023-01-18T01:00:00+0100,120.1,EUR/MWh,NL,NL,day_ahead_price,value,2026-08-05T16:10:29Z
2023-01-18T01:00:00Z,2023-01-18T02:00:00+0100,123.9,EUR/MWh,NL,NL,day_ahead_price,value,2026-08-05T16:10:29Z
2023-01-18T02:00:00Z,2023-01-18T03:00:00+0100,122.87,EUR/MWh,NL,NL,day_ahead_price,value,2026-08-05T16:10:29Z
2023-01-18T03:00:00Z,2023-01-18T04:00:00+0100,120.48,EUR/MWh,NL,NL,day_ahead_price,value,2026-08-05T16:10:29Z
2023-01-18T04:00:00Z,2023-01-18T05:00:00+0100,121.91,EUR/MWh,NL,NL,day_ahead_price,value,2026-08-05T16:10:29Z
2023-01-18T05:00:00Z,2023-01-18T06:00:00+0100,130.39,EUR/MWh,NL,NL,day_ahead_price,value,2026-08-05T16:10:29Z
2023-01-18T06:00:00Z,2023-01-18T07:00:00+0100,166.4,EUR/MWh,NL,NL,day_ahead_price,value,2026-08-05T16:10:29Z
2023-01-18T07:00:00Z,2023-01-18T08:00:00+0100,181.5,EUR/MWh,NL,NL,day_ahead_price,value,2026-08-05T16:10:29Z
2023-01-18T08:00:00Z,2023-01-18T09:00:00+0100,176.56,EUR/MWh,NL,NL,day_ahead_price,value,2026-08-05T16:10:29Z
2023-01-18T09:00:00Z,2023-01-18T10:00:00+0100,140.0,EUR/MWh,NL,NL,day_ahead_price,value,2026-08-05T16:10:29Z
2023-01-18T10:00:00Z,2023-01-18T11:00:00+0100,123.05,EUR/MWh,NL,NL,day_ahead_price,value,2026-08-05T16:10:29Z
2023-01-18T11:00:00Z,2023-01-18T12:00:00+0100,119.31,EUR/MWh,NL,NL,day_ahead_price,value,2026-08-05T16:10:29Z
2023-01-18T12:00:00Z,2023-01-18T13:00:00+0100,115.75,EUR/MWh,NL,NL,day_ahead_price,value,2026-08-05T16:10:29Z
2023-01-18T13:00:00Z,2023-01-18T14:00:00+0100,117.08,EUR/MWh,NL,NL,day_ahead_price,value,2026-08-05T16:10:29Z
2023-01-18T14:00:00Z,2023-01-18T15:00:00+0100,140.0,EUR/MWh,NL,NL,day_ahead_price,value,2026-08-05T16:10:29Z
2023-01-18T15:00:00Z,2023-01-18T16:00:00+0100,147.97,EUR/MWh,NL,NL,day_ahead_price,value,2026-08-05T16:10:29Z
2023-01-18T16:00:00Z,2023-01-18T17:00:00+0100,160.0,EUR/MWh,NL,NL,day_ahead_price,value,2026-08-05T16:10:29Z
2023-01-18T17:00:00Z,2023-01-18T18:00:00+0100,127.08,EUR/MWh,NL,NL,day_ahead_price,value,2026-08-05T16:10:29Z
2023-01-18T18:00:00Z,2023-01-18T19:00:00+0100,123.07,EUR/MWh,NL,NL,day_ahead_price,value,2026-08-05T16:10:29Z
2023-01-18T19:00:00Z,2023-01-18T20:00:00+0100,117.09,EUR/MWh,NL,NL,day_ahead_price,value,2026-08-05T16:10:29Z
2023-01-18T20:00:00Z,2023-01-18T21:00:00+0100,119.9,EUR/MWh,NL,NL,day_ahead_price,value,2026-08-05T16:10:29Z
2023-01-18T21:00:00Z,2023-01-18T22:00:00+0100,117.51,EUR/MWh,NL,NL,day_ahead_price,value,2026-08-05T16:10:29Z
2023-01-18T22:00:00Z,2023-01-18T23:00:00+0100,111.46,EUR/MWh,NL,NL,day_ahead_price,value,2026-08-05T16:10:29Z
2023-01-18T23:00:00Z,2023-01-19T00:00:00+0100,111.53,EUR/MWh,NL,NL,day_ahead_price,value,2026-08-05T16:10:29Z
2023-01-19T00:00:00Z,2023-01-19T01:00:00+0100,106.98,EUR/MWh,NL,NL,day_ahead_price,value,2026-08-05T16:10:29Z
2023-01-19T01:00:00Z,2023-01-19T02:00:00+0100,104.97,EUR/MWh,NL,NL,day_ahead_price,value,2026-08-05T16:10:29Z
2023-01-19T02:00:00Z,2023-01-19T03:00:00+0100,101.72,EUR/MWh,NL,NL,day_ahead_price,value,2026-08-05T16:10:29Z
2023-01-19T03:00:00Z,2023-01-19T04:00:00+0100,107.23,EUR/MWh,NL,NL,day_ahead_price,value,2026-08-05T16:10:29Z
2023-01-19T04:00:00Z,2023-01-19T05:00:00+0100,114.62,EUR/MWh,NL,NL,day_ahead_price,value,2026-08-05T16:10:29Z
2023-01-19T05:00:00Z,2023-01-19T06:00:00+0100,118.94,EUR/MWh,NL,NL,day_ahead_price,value,2026-08-05T16:10:29Z
2023-01-19T06:00:00Z,2023-01-19T07:00:00+0100,159.9,EUR/MWh,NL,NL,day_ahead_price,value,2026-08-05T16:10:29Z
2023-01-19T07:00:00Z,2023-01-19T08:00:00+0100,164.0,EUR/MWh,NL,NL,day_ahead_price,value,2026-08-05T16:10:29Z
2023-01-19T08:00:00Z,2023-01-19T09:00:00+0100,171.69,EUR/MWh,NL,NL,day_ahead_price,value,2026-08-05T16:10:29Z
2023-01-19T09:00:00Z,2023-01-19T10:00:00+0100,139.0,EUR/MWh,NL,NL,day_ahead_price,value,2026-08-05T16:10:29Z
2023-01-19T10:00:00Z,2023-01-19T11:00:00+0100,136.35,EUR/MWh,NL,NL,day_ahead_price,value,2026-08-05T16:10:29Z
2023-01-19T11:00:00Z,2023-01-19T12:00:00+0100,129.6,EUR/MWh,NL,NL,day_ahead_price,value,2026-08-05T16:10:29Z
2023-01-19T12:00:00Z,2023-01-19T13:00:00+0100,154.87,EUR/MWh,NL,NL,day_ahead_price,value,2026-08-05T16:10:29Z
2023-01-19T13:00:00Z,2023-01-19T14:00:00+0100,160.49,EUR/MWh,NL,NL,day_ahead_price,value,2026-08-05T16:10:29Z
2023-01-19T14:00:00Z,2023-01-19T15:00:00+0100,175.96,EUR/MWh,NL,NL,day_ahead_price,value,2026-08-05T16:10:29Z
2023-01-19T15:00:00Z,2023-01-19T16:00:00+0100,186.29,EUR/MWh,NL,NL,day_ahead_price,value,2026-08-05T16:10:29Z
2023-01-19T16:00:00Z,2023-01-19T17:00:00+0100,203.94,EUR/MWh,NL,NL,day_ahead_price,value,2026-08-05T16:10:29Z
2023-01-19T17:00:00Z,2023-01-19T18:00:00+0100,197.57,EUR/MWh,NL,NL,day_ahead_price,value,2026-08-05T16:10:29Z
2023-01-19T18:00:00Z,2023-01-19T19:00:00+0100,171.43,EUR/MWh,NL,NL,day_ahead_price,value,2026-08-05T16:10:29Z
2023-01-19T19:00:00Z,2023-01-19T20:00:00+0100,150.0,EUR/MWh,NL,NL,day_ahead_price,value,2026-08-05T16:10:29Z
2023-01-19T20:00:00Z,2023-01-19T21:00:00+0100,148.41,EUR/MWh,NL,NL,day_ahead_price,value,2026-08-05T16:10:29Z
2023-01-19T21:00:00Z,2023-01-19T22:00:00+0100,149.34,EUR/MWh,NL,NL,day_ahead_price,value,2026-08-05T16:10:29Z
2023-01-19T22:00:00Z,2023-01-19T23:00:00+0100,139.0,EUR/MWh,NL,NL,day_ahead_price,value,2026-08-05T16:10:29Z
2023-01-19T23:00:00Z,2023-01-20T00:00:00+0100,149.9,EUR/MWh,NL,NL,day_ahead_price,value,2026-08-05T16:10:29Z
2023-01-20T00:00:00Z,2023-01-20T01:00:00+0100,144.5,EUR/MWh,NL,NL,day_ahead_price,value,2026-08-05T16:10:29Z
2023-01-20T01:00:00Z,2023-01-20T02:00:00+0100,142.44,EUR/MWh,NL,NL,day_ahead_price,value,2026-08-05T16:10:29Z
2023-01-20T02:00:00Z,2023-01-20T03:00:00+0100,142.8,EUR/MWh,NL,NL,day_ahead_price,value,2026-08-05T16:10:29Z
2023-01-20T03:00:00Z,2023-01-20T04:00:00+0100,144.98,EUR/MWh,NL,NL,day_ahead_price,value,2026-08-05T16:10:29Z
2023-01-20T04:00:00Z,2023-01-20T05:00:00+0100,150.01,EUR/MWh,NL,NL,day_ahead_price,value,2026-08-05T16:10:29Z
2023-01-20T05:00:00Z,2023-01-20T06:00:00+0100,169.9,EUR/MWh,NL,NL,day_ahead_price,value,2026-08-05T16:10:29Z
2023-01-20T06:00:00Z,2023-01-20T07:00:00+0100,208.07,EUR/MWh,NL,NL,day_ahead_price,value,2026-08-05T16:10:29Z
2023-01-20T07:00:00Z,2023-01-20T08:00:00+0100,235.06,EUR/MWh,NL,NL,day_ahead_price,value,2026-08-05T16:10:29Z
2023-01-20T08:00:00Z,2023-01-20T09:00:00+0100,221.7,EUR/MWh,NL,NL,day_ahead_price,value,2026-08-05T16:10:29Z
2023-01-20T09:00:00Z,2023-01-20T10:00:00+0100,209.77,EUR/MWh,NL,NL,day_ahead_price,value,2026-08-05T16:10:29Z
2023-01-20T10:00:00Z,2023-01-20T11:00:00+0100,199.42,EUR/MWh,NL,NL,day_ahead_price,value,2026-08-05T16:10:29Z
2023-01-20T11:00:00Z,2023-01-20T12:00:00+0100,187.49,EUR/MWh,NL,NL,day_ahead_price,value,2026-08-05T16:10:29Z
2023-01-20T12:00:00Z,2023-01-20T13:00:00+0100,181.62,EUR/MWh,NL,NL,day_ahead_price,value,2026-08-05T16:10:29Z
2023-01-20T13:00:00Z,2023-01-20T14:00:00+0100,179.6,EUR/MWh,NL,NL,day_ahead_price,value,2026-08-05T16:10:29Z
2023-01-20T14:00:00Z,2023-01-20T15:00:00+0100,192.0,EUR/MWh,NL,NL,day_ahead_price,value,2026-08-05T16:10:29Z
2023-01-20T15:00:00Z,2023-01-20T16:00:00+0100,200.0,EUR/MWh,NL,NL,day_ahead_price,value,2026-08-05T16:10:29Z
2023-01-20T16:00:00Z,2023-01-20T17:00:00+0100,208.22,EUR/MWh,NL,NL,day_ahead_price,value,2026-08-05T16:10:29Z
2023-01-20T17:00:00Z,2023-01-20T18:00:00+0100,208.4,EUR/MWh,NL,NL,day_ahead_price,value,2026-08-05T16:10:29Z
2023-01-20T18:00:00Z,2023-01-20T19:00:00+0100,183.68,EUR/MWh,NL,NL,day_ahead_price,value,2026-08-05T16:10:29Z
2023-01-20T19:00:00Z,2023-01-20T20:00:00+0100,151.39,EUR/MWh,NL,NL,day_ahead_price,value,2026-08-05T16:10:29Z
2023-01-20T20:00:00Z,2023-01-20T21:00:00+0100,155.3,EUR/MWh,NL,NL,day_ahead_price,value,2026-08-05T16:10:29Z
2023-01-20T21:00:00Z,2023-01-20T22:00:00+0100,153.65,EUR/MWh,NL,NL,day_ahead_price,value,2026-08-05T16:10:29Z
2023-01-20T22:00:00Z,2023-01-20T23:00:00+0100,147.55,EUR/MWh,NL,NL,day_ahead_price,value,2026-08-05T16:10:29Z
2023-01-20T23:00:00Z,2023-01-21T00:00:00+0100,152.2,EUR/MWh,NL,NL,day_ahead_price,value,2026-08-05T16:10:29Z
2023-01-21T00:00:00Z,2023-01-21T01:00:00+0100,147.86,EUR/MWh,NL,NL,day_ahead_price,value,2026-08-05T16:10:29Z
2023-01-21T01:00:00Z,2023-01-21T02:00:00+0100,142.22,EUR/MWh,NL,NL,day_ahead_price,value,2026-08-05T16:10:29Z
2023-01-21T02:00:00Z,2023-01-21T03:00:00+0100,135.88,EUR/MWh,NL,NL,day_ahead_price,value,2026-08-05T16:10:29Z
2023-01-21T03:00:00Z,2023-01-21T04:00:00+0100,132.91,EUR/MWh,NL,NL,day_ahead_price,value,2026-08-05T16:10:29Z
2023-01-21T04:00:00Z,2023-01-21T05:00:00+0100,134.84,EUR/MWh,NL,NL,day_ahead_price,value,2026-08-05T16:10:29Z
2023-01-21T05:00:00Z,2023-01-21T06:00:00+0100,131.5,EUR/MWh,NL,NL,day_ahead_price,value,2026-08-05T16:10:29Z
2023-01-21T06:00:00Z,2023-01-21T07:00:00+0100,140.77,EUR/MWh,NL,NL,day_ahead_price,value,2026-08-05T16:10:29Z
2023-01-21T07:00:00Z,2023-01-21T08:00:00+0100,155.26,EUR/MWh,NL,NL,day_ahead_price,value,2026-08-05T16:10:29Z
2023-01-21T08:00:00Z,2023-01-21T09:00:00+0100,171.84,EUR/MWh,NL,NL,day_ahead_price,value,2026-08-05T16:10:29Z
2023-01-21T09:00:00Z,2023-01-21T10:00:00+0100,170.01,EUR/MWh,NL,NL,day_ahead_price,value,2026-08-05T16:10:29Z
2023-01-21T10:00:00Z,2023-01-21T11:00:00+0100,156.94,EUR/MWh,NL,NL,day_ahead_price,value,2026-08-05T16:10:29Z
2023-01-21T11:00:00Z,2023-01-21T12:00:00+0100,147.91,EUR/MWh,NL,NL,day_ahead_price,value,2026-08-05T16:10:29Z
2023-01-21T12:00:00Z,2023-01-21T13:00:00+0100,137.02,EUR/MWh,NL,NL,day_ahead_price,value,2026-08-05T16:10:29Z
2023-01-21T13:00:00Z,2023-01-21T14:00:00+0100,136.58,EUR/MWh,NL,NL,day_ahead_price,value,2026-08-05T16:10:29Z
2023-01-21T14:00:00Z,2023-01-21T15:00:00+0100,135.9,EUR/MWh,NL,NL,day_ahead_price,value,2026-08-05T16:10:29Z
2023-01-21T15:00:00Z,2023-01-21T16:00:00+0100,144.22,EUR/MWh,NL,NL,day_ahead_price,value,2026-08-05T16:10:29Z
2023-01-21T16:00:00Z,2023-01-21T17:00:00+0100,173.92,EUR/MWh,NL,NL,day_ahead_price,value,2026-08-05T16:10:29Z
2023-01-21T17:00:00Z,2023-01-21T18:00:00+0100,179.62,EUR/MWh,NL,NL,day_ahead_price,value,2026-08-05T16:10:29Z
2023-01-21T18:00:00Z,2023-01-21T19:00:00+0100,159.41,EUR/MWh,NL,NL,day_ahead_price,value,2026-08-05T16:10:29Z
2023-01-21T19:00:00Z,2023-01-21T20:00:00+0100,165.88,EUR/MWh,NL,NL,day_ahead_price,value,2026-08-05T16:10:29Z
2023-01-21T20:00:00Z,2023-01-21T21:00:00+0100,147.74,EUR/MWh,NL,NL,day_ahead_price,value,2026-08-05T16:10:29Z
2023-01-21T21:00:00Z,2023-01-21T22:00:00+0100,143.86,EUR/MWh,NL,NL,day_ahead_price,value,2026-08-05T16:10:29Z
2023-01-21T22:00:00Z,2023-01-21T23:00:00+0100,132.58,EUR/MWh,NL,NL,day_ahead_price,value,2026-08-05T16:10:29Z
2023-01-21T23:00:00Z,2023-01-22T00:00:00+0100,140.0,EUR/MWh,NL,NL,day_ahead_price,value,2026-08-05T16:10:29Z
2023-01-22T00:00:00Z,2023-01-22T01:00:00+0100,122.94,EUR/MWh,NL,NL,day_ahead_price,value,2026-08-05T16:10:29Z
2023-01-22T01:00:00Z,2023-01-22T02:00:00+0100,127.0,EUR/MWh,NL,NL,day_ahead_price,value,2026-08-05T16:10:29Z
2023-01-22T02:00:00Z,2023-01-22T03:00:00+0100,130.99,EUR/MWh,NL,NL,day_ahead_price,value,2026-08-05T16:10:29Z
2023-01-22T03:00:00Z,2023-01-22T04:00:00+0100,122.12,EUR/MWh,NL,NL,day_ahead_price,value,2026-08-05T16:10:29Z
2023-01-22T04:00:00Z,2023-01-22T05:00:00+0100,121.68,EUR/MWh,NL,NL,day_ahead_price,value,2026-08-05T16:10:29Z
2023-01-22T05:00:00Z,2023-01-22T06:00:00+0100,132.39,EUR/MWh,NL,NL,day_ahead_price,value,2026-08-05T16:10:29Z
2023-01-22T06:00:00Z,2023-01-22T07:00:00+0100,127.6,EUR/MWh,NL,NL,day_ahead_price,value,2026-08-05T16:10:29Z
2023-01-22T07:00:00Z,2023-01-22T08:00:00+0100,139.9,EUR/MWh,NL,NL,day_ahead_price,value,2026-08-05T16:10:29Z
2023-01-22T08:00:00Z,2023-01-22T09:00:00+0100,150.71,EUR/MWh,NL,NL,day_ahead_price,value,2026-08-05T16:10:29Z
2023-01-22T09:00:00Z,2023-01-22T10:00:00+0100,146.4,EUR/MWh,NL,NL,day_ahead_price,value,2026-08-05T16:10:29Z
2023-01-22T10:00:00Z,2023-01-22T11:00:00+0100,153.1,EUR/MWh,NL,NL,day_ahead_price,value,2026-08-05T16:10:29Z
2023-01-22T11:00:00Z,2023-01-22T12:00:00+0100,146.3,EUR/MWh,NL,NL,day_ahead_price,value,2026-08-05T16:10:29Z
2023-01-22T12:00:00Z,2023-01-22T13:00:00+0100,150.0,EUR/MWh,NL,NL,day_ahead_price,value,2026-08-05T16:10:29Z
2023-01-22T13:00:00Z,2023-01-22T14:00:00+0100,154.9,EUR/MWh,NL,NL,day_ahead_price,value,2026-08-05T16:10:29Z
2023-01-22T14:00:00Z,2023-01-22T15:00:00+0100,157.49,EUR/MWh,NL,NL,day_ahead_price,value,2026-08-05T16:10:29Z
2023-01-22T15:00:00Z,2023-01-22T16:00:00+0100,171.03,EUR/MWh,NL,NL,day_ahead_price,value,2026-08-05T16:10:29Z
2023-01-22T16:00:00Z,2023-01-22T17:00:00+0100,191.99,EUR/MWh,NL,NL,day_ahead_price,value,2026-08-05T16:10:29Z
2023-01-22T17:00:00Z,2023-01-22T18:00:00+0100,203.66,EUR/MWh,NL,NL,day_ahead_price,value,2026-08-05T16:10:29Z
2023-01-22T18:00:00Z,2023-01-22T19:00:00+0100,197.58,EUR/MWh,NL,NL,day_ahead_price,value,2026-08-05T16:10:29Z
2023-01-22T19:00:00Z,2023-01-22T20:00:00+0100,170.87,EUR/MWh,NL,NL,day_ahead_price,value,2026-08-05T16:10:29Z
2023-01-22T20:00:00Z,2023-01-22T21:00:00+0100,166.4,EUR/MWh,NL,NL,day_ahead_price,value,2026-08-05T16:10:29Z
2023-01-22T21:00:00Z,2023-01-22T22:00:00+0100,157.25,EUR/MWh,NL,NL,day_ahead_price,value,2026-08-05T16:10:29Z
2023-01-22T22:00:00Z,2023-01-22T23:00:00+0100,148.3,EUR/MWh,NL,NL,day_ahead_price,value,2026-08-05T16:10:29Z
2023-01-22T23:00:00Z,2023-01-23T00:00:00+0100,149.24,EUR/MWh,NL,NL,day_ahead_price,value,2026-08-05T16:10:29Z
2023-01-23T00:00:00Z,2023-01-23T01:00:00+0100,149.0,EUR/MWh,NL,NL,day_ahead_price,value,2026-08-05T16:10:29Z
2023-01-23T01:00:00Z,2023-01-23T02:00:00+0100,148.4,EUR/MWh,NL,NL,day_ahead_price,value,2026-08-05T16:10:29Z
2023-01-23T02:00:00Z,2023-01-23T03:00:00+0100,147.59,EUR/MWh,NL,NL,day_ahead_price,value,2026-08-05T16:10:29Z
2023-01-23T03:00:00Z,2023-01-23T04:00:00+0100,148.3,EUR/MWh,NL,NL,day_ahead_price,value,2026-08-05T16:10:29Z
2023-01-23T04:00:00Z,2023-01-23T05:00:00+0100,144.9,EUR/MWh,NL,NL,day_ahead_price,value,2026-08-05T16:10:29Z
2023-01-23T05:00:00Z,2023-01-23T06:00:00+0100,189.9,EUR/MWh,NL,NL,day_ahead_price,value,2026-08-05T16:10:29Z
2023-01-23T06:00:00Z,2023-01-23T07:00:00+0100,226.54,EUR/MWh,NL,NL,day_ahead_price,value,2026-08-05T16:10:29Z
2023-01-23T07:00:00Z,2023-01-23T08:00:00+0100,257.91,EUR/MWh,NL,NL,day_ahead_price,value,2026-08-05T16:10:29Z
2023-01-23T08:00:00Z,2023-01-23T09:00:00+0100,270.2,EUR/MWh,NL,NL,day_ahead_price,value,2026-08-05T16:10:29Z
2023-01-23T09:00:00Z,2023-01-23T10:00:00+0100,249.9,EUR/MWh,NL,NL,day_ahead_price,value,2026-08-05T16:10:29Z
2023-01-23T10:00:00Z,2023-01-23T11:00:00+0100,230.2,EUR/MWh,NL,NL,day_ahead_price,value,2026-08-05T16:10:29Z
2023-01-23T11:00:00Z,2023-01-23T12:00:00+0100,220.93,EUR/MWh,NL,NL,day_ahead_price,value,2026-08-05T16:10:29Z
2023-01-23T12:00:00Z,2023-01-23T13:00:00+0100,219.16,EUR/MWh,NL,NL,day_ahead_price,value,2026-08-05T16:10:29Z
2023-01-23T13:00:00Z,2023-01-23T14:00:00+0100,219.67,EUR/MWh,NL,NL,day_ahead_price,value,2026-08-05T16:10:29Z
2023-01-23T14:00:00Z,2023-01-23T15:00:00+0100,218.99,EUR/MWh,NL,NL,day_ahead_price,value,2026-08-05T16:10:29Z
2023-01-23T15:00:00Z,2023-01-23T16:00:00+0100,224.58,EUR/MWh,NL,NL,day_ahead_price,value,2026-08-05T16:10:29Z
2023-01-23T16:00:00Z,2023-01-23T17:00:00+0100,248.9,EUR/MWh,NL,NL,day_ahead_price,value,2026-08-05T16:10:29Z
2023-01-23T17:00:00Z,2023-01-23T18:00:00+0100,248.07,EUR/MWh,NL,NL,day_ahead_price,value,2026-08-05T16:10:29Z
2023-01-23T18:00:00Z,2023-01-23T19:00:00+0100,223.19,EUR/MWh,NL,NL,day_ahead_price,value,2026-08-05T16:10:29Z
2023-01-23T19:00:00Z,2023-01-23T20:00:00+0100,201.39,EUR/MWh,NL,NL,day_ahead_price,value,2026-08-05T16:10:29Z
2023-01-23T20:00:00Z,2023-01-23T21:00:00+0100,183.95,EUR/MWh,NL,NL,day_ahead_price,value,2026-08-05T16:10:29Z
2023-01-23T21:00:00Z,2023-01-23T22:00:00+0100,167.6,EUR/MWh,NL,NL,day_ahead_price,value,2026-08-05T16:10:29Z
2023-01-23T22:00:00Z,2023-01-23T23:00:00+0100,157.01,EUR/MWh,NL,NL,day_ahead_price,value,2026-08-05T16:10:29Z
2023-01-23T23:00:00Z,2023-01-24T00:00:00+0100,164.85,EUR/MWh,NL,NL,day_ahead_price,value,2026-08-05T16:10:29Z
2023-01-24T00:00:00Z,2023-01-24T01:00:00+0100,160.05,EUR/MWh,NL,NL,day_ahead_price,value,2026-08-05T16:10:29Z
2023-01-24T01:00:00Z,2023-01-24T02:00:00+0100,145.9,EUR/MWh,NL,NL,day_ahead_price,value,2026-08-05T16:10:29Z
2023-01-24T02:00:00Z,2023-01-24T03:00:00+0100,142.4,EUR/MWh,NL,NL,day_ahead_price,value,2026-08-05T16:10:29Z
2023-01-24T03:00:00Z,2023-01-24T04:00:00+0100,153.62,EUR/MWh,NL,NL,day_ahead_price,value,2026-08-05T16:10:29Z
2023-01-24T04:00:00Z,2023-01-24T05:00:00+0100,156.7,EUR/MWh,NL,NL,day_ahead_price,value,2026-08-05T16:10:29Z
2023-01-24T05:00:00Z,2023-01-24T06:00:00+0100,183.61,EUR/MWh,NL,NL,day_ahead_price,value,2026-08-05T16:10:29Z
2023-01-24T06:00:00Z,2023-01-24T07:00:00+0100,210.06,EUR/MWh,NL,NL,day_ahead_price,value,2026-08-05T16:10:29Z
2023-01-24T07:00:00Z,2023-01-24T08:00:00+0100,251.1,EUR/MWh,NL,NL,day_ahead_price,value,2026-08-05T16:10:29Z
2023-01-24T08:00:00Z,2023-01-24T09:00:00+0100,256.43,EUR/MWh,NL,NL,day_ahead_price,value,2026-08-05T16:10:29Z
2023-01-24T09:00:00Z,2023-01-24T10:00:00+0100,238.66,EUR/MWh,NL,NL,day_ahead_price,value,2026-08-05T16:10:29Z
2023-01-24T10:00:00Z,2023-01-24T11:00:00+0100,229.96,EUR/MWh,NL,NL,day_ahead_price,value,2026-08-05T16:10:29Z
2023-01-24T11:00:00Z,2023-01-24T12:00:00+0100,217.85,EUR/MWh,NL,NL,day_ahead_price,value,2026-08-05T16:10:29Z
2023-01-24T12:00:00Z,2023-01-24T13:00:00+0100,205.99,EUR/MWh,NL,NL,day_ahead_price,value,2026-08-05T16:10:29Z
2023-01-24T13:00:00Z,2023-01-24T14:00:00+0100,215.28,EUR/MWh,NL,NL,day_ahead_price,value,2026-08-05T16:10:29Z
2023-01-24T14:00:00Z,2023-01-24T15:00:00+0100,217.98,EUR/MWh,NL,NL,day_ahead_price,value,2026-08-05T16:10:29Z
2023-01-24T15:00:00Z,2023-01-24T16:00:00+0100,224.58,EUR/MWh,NL,NL,day_ahead_price,value,2026-08-05T16:10:29Z
2023-01-24T16:00:00Z,2023-01-24T17:00:00+0100,250.0,EUR/MWh,NL,NL,day_ahead_price,value,2026-08-05T16:10:29Z
2023-01-24T17:00:00Z,2023-01-24T18:00:00+0100,250.0,EUR/MWh,NL,NL,day_ahead_price,value,2026-08-05T16:10:29Z
2023-01-24T18:00:00Z,2023-01-24T19:00:00+0100,231.14,EUR/MWh,NL,NL,day_ahead_price,value,2026-08-05T16:10:29Z
2023-01-24T19:00:00Z,2023-01-24T20:00:00+0100,207.29,EUR/MWh,NL,NL,day_ahead_price,value,2026-08-05T16:10:29Z
2023-01-24T20:00:00Z,2023-01-24T21:00:00+0100,182.75,EUR/MWh,NL,NL,day_ahead_price,value,2026-08-05T16:10:29Z
2023-01-24T21:00:00Z,2023-01-24T22:00:00+0100,149.9,EUR/MWh,NL,NL,day_ahead_price,value,2026-08-05T16:10:29Z
2023-01-24T22:00:00Z,2023-01-24T23:00:00+0100,147.34,EUR/MWh,NL,NL,day_ahead_price,value,2026-08-05T16:10:29Z
2023-01-24T23:00:00Z,2023-01-25T00:00:00+0100,138.2,EUR/MWh,NL,NL,day_ahead_price,value,2026-08-05T16:10:29Z
2023-01-25T00:00:00Z,2023-01-25T01:00:00+0100,146.18,EUR/MWh,NL,NL,day_ahead_price,value,2026-08-05T16:10:29Z
2023-01-25T01:00:00Z,2023-01-25T02:00:00+0100,145.26,EUR/MWh,NL,NL,day_ahead_price,value,2026-08-05T16:10:29Z
2023-01-25T02:00:00Z,2023-01-25T03:00:00+0100,146.7,EUR/MWh,NL,NL,day_ahead_price,value,2026-08-05T16:10:29Z
2023-01-25T03:00:00Z,2023-01-25T04:00:00+0100,146.8,EUR/MWh,NL,NL,day_ahead_price,value,2026-08-05T16:10:29Z
2023-01-25T04:00:00Z,2023-01-25T05:00:00+0100,150.9,EUR/MWh,NL,NL,day_ahead_price,value,2026-08-05T16:10:29Z
2023-01-25T05:00:00Z,2023-01-25T06:00:00+0100,160.0,EUR/MWh,NL,NL,day_ahead_price,value,2026-08-05T16:10:29Z
2023-01-25T06:00:00Z,2023-01-25T07:00:00+0100,195.46,EUR/MWh,NL,NL,day_ahead_price,value,2026-08-05T16:10:29Z
2023-01-25T07:00:00Z,2023-01-25T08:00:00+0100,225.04,EUR/MWh,NL,NL,day_ahead_price,value,2026-08-05T16:10:29Z
2023-01-25T08:00:00Z,2023-01-25T09:00:00+0100,225.0,EUR/MWh,NL,NL,day_ahead_price,value,2026-08-05T16:10:29Z
2023-01-25T09:00:00Z,2023-01-25T10:00:00+0100,212.42,EUR/MWh,NL,NL,day_ahead_price,value,2026-08-05T16:10:29Z
2023-01-25T10:00:00Z,2023-01-25T11:00:00+0100,200.98,EUR/MWh,NL,NL,day_ahead_price,value,2026-08-05T16:10:29Z
2023-01-25T11:00:00Z,2023-01-25T12:00:00+0100,193.2,EUR/MWh,NL,NL,day_ahead_price,value,2026-08-05T16:10:29Z
2023-01-25T12:00:00Z,2023-01-25T13:00:00+0100,185.2,EUR/MWh,NL,NL,day_ahead_price,value,2026-08-05T16:10:29Z
2023-01-25T13:00:00Z,2023-01-25T14:00:00+0100,190.8,EUR/MWh,NL,NL,day_ahead_price,value,2026-08-05T16:10:29Z
2023-01-25T14:00:00Z,2023-01-25T15:00:00+0100,197.3,EUR/MWh,NL,NL,day_ahead_price,value,2026-08-05T16:10:29Z
2023-01-25T15:00:00Z,2023-01-25T16:00:00+0100,199.19,EUR/MWh,NL,NL,day_ahead_price,value,2026-08-05T16:10:29Z
2023-01-25T16:00:00Z,2023-01-25T17:00:00+0100,206.35,EUR/MWh,NL,NL,day_ahead_price,value,2026-08-05T16:10:29Z
2023-01-25T17:00:00Z,2023-01-25T18:00:00+0100,200.1,EUR/MWh,NL,NL,day_ahead_price,value,2026-08-05T16:10:29Z
2023-01-25T18:00:00Z,2023-01-25T19:00:00+0100,170.41,EUR/MWh,NL,NL,day_ahead_price,value,2026-08-05T16:10:29Z
2023-01-25T19:00:00Z,2023-01-25T20:00:00+0100,150.0,EUR/MWh,NL,NL,day_ahead_price,value,2026-08-05T16:10:29Z
2023-01-25T20:00:00Z,2023-01-25T21:00:00+0100,144.3,EUR/MWh,NL,NL,day_ahead_price,value,2026-08-05T16:10:29Z
2023-01-25T21:00:00Z,2023-01-25T22:00:00+0100,145.08,EUR/MWh,NL,NL,day_ahead_price,value,2026-08-05T16:10:29Z
2023-01-25T22:00:00Z,2023-01-25T23:00:00+0100,135.0,EUR/MWh,NL,NL,day_ahead_price,value,2026-08-05T16:10:29Z
2023-01-25T23:00:00Z,2023-01-26T00:00:00+0100,150.0,EUR/MWh,NL,NL,day_ahead_price,value,2026-08-05T16:10:29Z
2023-01-26T00:00:00Z,2023-01-26T01:00:00+0100,129.38,EUR/MWh,NL,NL,day_ahead_price,value,2026-08-05T16:10:29Z
2023-01-26T01:00:00Z,2023-01-26T02:00:00+0100,128.48,EUR/MWh,NL,NL,day_ahead_price,value,2026-08-05T16:10:29Z
2023-01-26T02:00:00Z,2023-01-26T03:00:00+0100,126.61,EUR/MWh,NL,NL,day_ahead_price,value,2026-08-05T16:10:29Z
2023-01-26T03:00:00Z,2023-01-26T04:00:00+0100,128.94,EUR/MWh,NL,NL,day_ahead_price,value,2026-08-05T16:10:29Z
2023-01-26T04:00:00Z,2023-01-26T05:00:00+0100,124.0,EUR/MWh,NL,NL,day_ahead_price,value,2026-08-05T16:10:29Z
2023-01-26T05:00:00Z,2023-01-26T06:00:00+0100,160.39,EUR/MWh,NL,NL,day_ahead_price,value,2026-08-05T16:10:29Z
2023-01-26T06:00:00Z,2023-01-26T07:00:00+0100,182.49,EUR/MWh,NL,NL,day_ahead_price,value,2026-08-05T16:10:29Z
2023-01-26T07:00:00Z,2023-01-26T08:00:00+0100,198.95,EUR/MWh,NL,NL,day_ahead_price,value,2026-08-05T16:10:29Z
2023-01-26T08:00:00Z,2023-01-26T09:00:00+0100,199.06,EUR/MWh,NL,NL,day_ahead_price,value,2026-08-05T16:10:29Z
2023-01-26T09:00:00Z,2023-01-26T10:00:00+0100,192.38,EUR/MWh,NL,NL,day_ahead_price,value,2026-08-05T16:10:29Z
2023-01-26T10:00:00Z,2023-01-26T11:00:00+0100,140.1,EUR/MWh,NL,NL,day_ahead_price,value,2026-08-05T16:10:29Z
2023-01-26T11:00:00Z,2023-01-26T12:00:00+0100,136.44,EUR/MWh,NL,NL,day_ahead_price,value,2026-08-05T16:10:29Z
2023-01-26T12:00:00Z,2023-01-26T13:00:00+0100,130.0,EUR/MWh,NL,NL,day_ahead_price,value,2026-08-05T16:10:29Z
2023-01-26T13:00:00Z,2023-01-26T14:00:00+0100,127.96,EUR/MWh,NL,NL,day_ahead_price,value,2026-08-05T16:10:29Z
2023-01-26T14:00:00Z,2023-01-26T15:00:00+0100,135.48,EUR/MWh,NL,NL,day_ahead_price,value,2026-08-05T16:10:29Z
2023-01-26T15:00:00Z,2023-01-26T16:00:00+0100,153.0,EUR/MWh,NL,NL,day_ahead_price,value,2026-08-05T16:10:29Z
2023-01-26T16:00:00Z,2023-01-26T17:00:00+0100,186.2,EUR/MWh,NL,NL,day_ahead_price,value,2026-08-05T16:10:29Z
2023-01-26T17:00:00Z,2023-01-26T18:00:00+0100,150.0,EUR/MWh,NL,NL,day_ahead_price,value,2026-08-05T16:10:29Z
2023-01-26T18:00:00Z,2023-01-26T19:00:00+0100,133.92,EUR/MWh,NL,NL,day_ahead_price,value,2026-08-05T16:10:29Z
2023-01-26T19:00:00Z,2023-01-26T20:00:00+0100,128.49,EUR/MWh,NL,NL,day_ahead_price,value,2026-08-05T16:10:29Z
2023-01-26T20:00:00Z,2023-01-26T21:00:00+0100,149.4,EUR/MWh,NL,NL,day_ahead_price,value,2026-08-05T16:10:29Z
2023-01-26T21:00:00Z,2023-01-26T22:00:00+0100,130.0,EUR/MWh,NL,NL,day_ahead_price,value,2026-08-05T16:10:29Z
2023-01-26T22:00:00Z,2023-01-26T23:00:00+0100,130.0,EUR/MWh,NL,NL,day_ahead_price,value,2026-08-05T16:10:29Z
2023-01-26T23:00:00Z,2023-01-27T00:00:00+0100,124.12,EUR/MWh,NL,NL,day_ahead_price,value,2026-08-05T16:10:29Z
2023-01-27T00:00:00Z,2023-01-27T01:00:00+0100,114.61,EUR/MWh,NL,NL,day_ahead_price,value,2026-08-05T16:10:29Z
2023-01-27T01:00:00Z,2023-01-27T02:00:00+0100,119.74,EUR/MWh,NL,NL,day_ahead_price,value,2026-08-05T16:10:29Z
2023-01-27T02:00:00Z,2023-01-27T03:00:00+0100,116.0,EUR/MWh,NL,NL,day_ahead_price,value,2026-08-05T16:10:29Z
2023-01-27T03:00:00Z,2023-01-27T04:00:00+0100,124.08,EUR/MWh,NL,NL,day_ahead_price,value,2026-08-05T16:10:29Z
2023-01-27T04:00:00Z,2023-01-27T05:00:00+0100,127.26,EUR/MWh,NL,NL,day_ahead_price,value,2026-08-05T16:10:29Z
2023-01-27T05:00:00Z,2023-01-27T06:00:00+0100,149.7,EUR/MWh,NL,NL,day_ahead_price,value,2026-08-05T16:10:29Z
2023-01-27T06:00:00Z,2023-01-27T07:00:00+0100,176.1,EUR/MWh,NL,NL,day_ahead_price,value,2026-08-05T16:10:29Z
2023-01-27T07:00:00Z,2023-01-27T08:00:00+0100,195.0,EUR/MWh,NL,NL,day_ahead_price,value,2026-08-05T16:10:29Z
2023-01-27T08:00:00Z,2023-01-27T09:00:00+0100,199.19,EUR/MWh,NL,NL,day_ahead_price,value,2026-08-05T16:10:29Z
2023-01-27T09:00:00Z,2023-01-27T10:00:00+0100,195.0,EUR/MWh,NL,NL,day_ahead_price,value,2026-08-05T16:10:29Z
2023-01-27T10:00:00Z,2023-01-27T11:00:00+0100,190.0,EUR/MWh,NL,NL,day_ahead_price,value,2026-08-05T16:10:29Z
2023-01-27T11:00:00Z,2023-01-27T12:00:00+0100,183.06,EUR/MWh,NL,NL,day_ahead_price,value,2026-08-05T16:10:29Z
2023-01-27T12:00:00Z,2023-01-27T13:00:00+0100,180.0,EUR/MWh,NL,NL,day_ahead_price,value,2026-08-05T16:10:29Z
2023-01-27T13:00:00Z,2023-01-27T14:00:00+0100,181.5,EUR/MWh,NL,NL,day_ahead_price,value,2026-08-05T16:10:29Z
2023-01-27T14:00:00Z,2023-01-27T15:00:00+0100,185.0,EUR/MWh,NL,NL,day_ahead_price,value,2026-08-05T16:10:29Z
2023-01-27T15:00:00Z,2023-01-27T16:00:00+0100,188.0,EUR/MWh,NL,NL,day_ahead_price,value,2026-08-05T16:10:29Z
2023-01-27T16:00:00Z,2023-01-27T17:00:00+0100,198.05,EUR/MWh,NL,NL,day_ahead_price,value,2026-08-05T16:10:29Z
2023-01-27T17:00:00Z,2023-01-27T18:00:00+0100,200.7,EUR/MWh,NL,NL,day_ahead_price,value,2026-08-05T16:10:29Z
2023-01-27T18:00:00Z,2023-01-27T19:00:00+0100,193.7,EUR/MWh,NL,NL,day_ahead_price,value,2026-08-05T16:10:29Z
2023-01-27T19:00:00Z,2023-01-27T20:00:00+0100,181.13,EUR/MWh,NL,NL,day_ahead_price,value,2026-08-05T16:10:29Z
2023-01-27T20:00:00Z,2023-01-27T21:00:00+0100,161.86,EUR/MWh,NL,NL,day_ahead_price,value,2026-08-05T16:10:29Z
2023-01-27T21:00:00Z,2023-01-27T22:00:00+0100,145.32,EUR/MWh,NL,NL,day_ahead_price,value,2026-08-05T16:10:29Z
2023-01-27T22:00:00Z,2023-01-27T23:00:00+0100,146.0,EUR/MWh,NL,NL,day_ahead_price,value,2026-08-05T16:10:29Z
2023-01-27T23:00:00Z,2023-01-28T00:00:00+0100,139.9,EUR/MWh,NL,NL,day_ahead_price,value,2026-08-05T16:10:29Z
2023-01-28T00:00:00Z,2023-01-28T01:00:00+0100,135.0,EUR/MWh,NL,NL,day_ahead_price,value,2026-08-05T16:10:29Z
2023-01-28T01:00:00Z,2023-01-28T02:00:00+0100,133.32,EUR/MWh,NL,NL,day_ahead_price,value,2026-08-05T16:10:29Z
2023-01-28T02:00:00Z,2023-01-28T03:00:00+0100,129.47,EUR/MWh,NL,NL,day_ahead_price,value,2026-08-05T16:10:29Z
2023-01-28T03:00:00Z,2023-01-28T04:00:00+0100,125.22,EUR/MWh,NL,NL,day_ahead_price,value,2026-08-05T16:10:29Z
2023-01-28T04:00:00Z,2023-01-28T05:00:00+0100,122.82,EUR/MWh,NL,NL,day_ahead_price,value,2026-08-05T16:10:29Z
2023-01-28T05:00:00Z,2023-01-28T06:00:00+0100,128.8,EUR/MWh,NL,NL,day_ahead_price,value,2026-08-05T16:10:29Z
2023-01-28T06:00:00Z,2023-01-28T07:00:00+0100,136.26,EUR/MWh,NL,NL,day_ahead_price,value,2026-08-05T16:10:29Z
2023-01-28T07:00:00Z,2023-01-28T08:00:00+0100,145.43,EUR/MWh,NL,NL,day_ahead_price,value,2026-08-05T16:10:29Z
2023-01-28T08:00:00Z,2023-01-28T09:00:00+0100,160.14,EUR/MWh,NL,NL,day_ahead_price,value,2026-08-05T16:10:29Z
2023-01-28T09:00:00Z,2023-01-28T10:00:00+0100,161.55,EUR/MWh,NL,NL,day_ahead_price,value,2026-08-05T16:10:29Z
2023-01-28T10:00:00Z,2023-01-28T11:00:00+0100,153.92,EUR/MWh,NL,NL,day_ahead_price,value,2026-08-05T16:10:29Z
2023-01-28T11:00:00Z,2023-01-28T12:00:00+0100,126.0,EUR/MWh,NL,NL,day_ahead_price,value,2026-08-05T16:10:29Z
2023-01-28T12:00:00Z,2023-01-28T13:00:00+0100,119.9,EUR/MWh,NL,NL,day_ahead_price,value,2026-08-05T16:10:29Z
2023-01-28T13:00:00Z,2023-01-28T14:00:00+0100,129.9,EUR/MWh,NL,NL,day_ahead_price,value,2026-08-05T16:10:29Z
2023-01-28T14:00:00Z,2023-01-28T15:00:00+0100,123.0,EUR/MWh,NL,NL,day_ahead_price,value,2026-08-05T16:10:29Z
2023-01-28T15:00:00Z,2023-01-28T16:00:00+0100,154.27,EUR/MWh,NL,NL,day_ahead_price,value,2026-08-05T16:10:29Z
2023-01-28T16:00:00Z,2023-01-28T17:00:00+0100,164.93,EUR/MWh,NL,NL,day_ahead_price,value,2026-08-05T16:10:29Z
2023-01-28T17:00:00Z,2023-01-28T18:00:00+0100,168.0,EUR/MWh,NL,NL,day_ahead_price,value,2026-08-05T16:10:29Z
2023-01-28T18:00:00Z,2023-01-28T19:00:00+0100,150.0,EUR/MWh,NL,NL,day_ahead_price,value,2026-08-05T16:10:29Z
2023-01-28T19:00:00Z,2023-01-28T20:00:00+0100,138.94,EUR/MWh,NL,NL,day_ahead_price,value,2026-08-05T16:10:29Z
2023-01-28T20:00:00Z,2023-01-28T21:00:00+0100,143.84,EUR/MWh,NL,NL,day_ahead_price,value,2026-08-05T16:10:29Z
2023-01-28T21:00:00Z,2023-01-28T22:00:00+0100,139.6,EUR/MWh,NL,NL,day_ahead_price,value,2026-08-05T16:10:29Z
2023-01-28T22:00:00Z,2023-01-28T23:00:00+0100,124.1,EUR/MWh,NL,NL,day_ahead_price,value,2026-08-05T16:10:29Z
2023-01-28T23:00:00Z,2023-01-29T00:00:00+0100,150.4,EUR/MWh,NL,NL,day_ahead_price,value,2026-08-05T16:10:29Z
2023-01-29T00:00:00Z,2023-01-29T01:00:00+0100,139.03,EUR/MWh,NL,NL,day_ahead_price,value,2026-08-05T16:10:29Z
2023-01-29T01:00:00Z,2023-01-29T02:00:00+0100,119.4,EUR/MWh,NL,NL,day_ahead_price,value,2026-08-05T16:10:29Z
2023-01-29T02:00:00Z,2023-01-29T03:00:00+0100,125.22,EUR/MWh,NL,NL,day_ahead_price,value,2026-08-05T16:10:29Z
2023-01-29T03:00:00Z,2023-01-29T04:00:00+0100,123.76,EUR/MWh,NL,NL,day_ahead_price,value,2026-08-05T16:10:29Z
2023-01-29T04:00:00Z,2023-01-29T05:00:00+0100,123.58,EUR/MWh,NL,NL,day_ahead_price,value,2026-08-05T16:10:29Z
2023-01-29T05:00:00Z,2023-01-29T06:00:00+0100,125.84,EUR/MWh,NL,NL,day_ahead_price,value,2026-08-05T16:10:29Z
2023-01-29T06:00:00Z,2023-01-29T07:00:00+0100,133.22,EUR/MWh,NL,NL,day_ahead_price,value,2026-08-05T16:10:29Z
2023-01-29T07:00:00Z,2023-01-29T08:00:00+0100,147.87,EUR/MWh,NL,NL,day_ahead_price,value,2026-08-05T16:10:29Z
2023-01-29T08:00:00Z,2023-01-29T09:00:00+0100,149.9,EUR/MWh,NL,NL,day_ahead_price,value,2026-08-05T16:10:29Z
2023-01-29T09:00:00Z,2023-01-29T10:00:00+0100,154.8,EUR/MWh,NL,NL,day_ahead_price,value,2026-08-05T16:10:29Z
2023-01-29T10:00:00Z,2023-01-29T11:00:00+0100,122.0,EUR/MWh,NL,NL,day_ahead_price,value,2026-08-05T16:10:29Z
2023-01-29T11:00:00Z,2023-01-29T12:00:00+0100,132.0,EUR/MWh,NL,NL,day_ahead_price,value,2026-08-05T16:10:29Z
2023-01-29T12:00:00Z,2023-01-29T13:00:00+0100,120.8,EUR/MWh,NL,NL,day_ahead_price,value,2026-08-05T16:10:29Z
2023-01-29T13:00:00Z,2023-01-29T14:00:00+0100,121.27,EUR/MWh,NL,NL,day_ahead_price,value,2026-08-05T16:10:29Z
2023-01-29T14:00:00Z,2023-01-29T15:00:00+0100,125.37,EUR/MWh,NL,NL,day_ahead_price,value,2026-08-05T16:10:29Z
2023-01-29T15:00:00Z,2023-01-29T16:00:00+0100,130.0,EUR/MWh,NL,NL,day_ahead_price,value,2026-08-05T16:10:29Z
2023-01-29T16:00:00Z,2023-01-29T17:00:00+0100,155.8,EUR/MWh,NL,NL,day_ahead_price,value,2026-08-05T16:10:29Z
2023-01-29T17:00:00Z,2023-01-29T18:00:00+0100,149.9,EUR/MWh,NL,NL,day_ahead_price,value,2026-08-05T16:10:29Z
2023-01-29T18:00:00Z,2023-01-29T19:00:00+0100,118.0,EUR/MWh,NL,NL,day_ahead_price,value,2026-08-05T16:10:29Z
2023-01-29T19:00:00Z,2023-01-29T20:00:00+0100,120.0,EUR/MWh,NL,NL,day_ahead_price,value,2026-08-05T16:10:29Z
2023-01-29T20:00:00Z,2023-01-29T21:00:00+0100,101.61,EUR/MWh,NL,NL,day_ahead_price,value,2026-08-05T16:10:29Z
2023-01-29T21:00:00Z,2023-01-29T22:00:00+0100,98.0,EUR/MWh,NL,NL,day_ahead_price,value,2026-08-05T16:10:29Z
2023-01-29T22:00:00Z,2023-01-29T23:00:00+0100,73.11,EUR/MWh,NL,NL,day_ahead_price,value,2026-08-05T16:10:29Z
2023-01-29T23:00:00Z,2023-01-30T00:00:00+0100,49.67,EUR/MWh,NL,NL,day_ahead_price,value,2026-08-05T16:10:29Z
2023-01-30T00:00:00Z,2023-01-30T01:00:00+0100,9.46,EUR/MWh,NL,NL,day_ahead_price,value,2026-08-05T16:10:29Z
2023-01-30T01:00:00Z,2023-01-30T02:00:00+0100,5.07,EUR/MWh,NL,NL,day_ahead_price,value,2026-08-05T16:10:29Z
2023-01-30T02:00:00Z,2023-01-30T03:00:00+0100,2.03,EUR/MWh,NL,NL,day_ahead_price,value,2026-08-05T16:10:29Z
2023-01-30T03:00:00Z,2023-01-30T04:00:00+0100,9.03,EUR/MWh,NL,NL,day_ahead_price,value,2026-08-05T16:10:29Z
2023-01-30T04:00:00Z,2023-01-30T05:00:00+0100,37.5,EUR/MWh,NL,NL,day_ahead_price,value,2026-08-05T16:10:29Z
2023-01-30T05:00:00Z,2023-01-30T06:00:00+0100,88.76,EUR/MWh,NL,NL,day_ahead_price,value,2026-08-05T16:10:29Z
2023-01-30T06:00:00Z,2023-01-30T07:00:00+0100,150.0,EUR/MWh,NL,NL,day_ahead_price,value,2026-08-05T16:10:29Z
2023-01-30T07:00:00Z,2023-01-30T08:00:00+0100,182.0,EUR/MWh,NL,NL,day_ahead_price,value,2026-08-05T16:10:29Z
2023-01-30T08:00:00Z,2023-01-30T09:00:00+0100,142.0,EUR/MWh,NL,NL,day_ahead_price,value,2026-08-05T16:10:29Z
2023-01-30T09:00:00Z,2023-01-30T10:00:00+0100,103.49,EUR/MWh,NL,NL,day_ahead_price,value,2026-08-05T16:10:29Z
2023-01-30T10:00:00Z,2023-01-30T11:00:00+0100,88.23,EUR/MWh,NL,NL,day_ahead_price,value,2026-08-05T16:10:29Z
2023-01-30T11:00:00Z,2023-01-30T12:00:00+0100,84.9,EUR/MWh,NL,NL,day_ahead_price,value,2026-08-05T16:10:29Z
2023-01-30T12:00:00Z,2023-01-30T13:00:00+0100,83.38,EUR/MWh,NL,NL,day_ahead_price,value,2026-08-05T16:10:29Z
2023-01-30T13:00:00Z,2023-01-30T14:00:00+0100,87.55,EUR/MWh,NL,NL,day_ahead_price,value,2026-08-05T16:10:29Z
2023-01-30T14:00:00Z,2023-01-30T15:00:00+0100,99.92,EUR/MWh,NL,NL,day_ahead_price,value,2026-08-05T16:10:29Z
2023-01-30T15:00:00Z,2023-01-30T16:00:00+0100,120.0,EUR/MWh,NL,NL,day_ahead_price,value,2026-08-05T16:10:29Z
2023-01-30T16:00:00Z,2023-01-30T17:00:00+0100,167.5,EUR/MWh,NL,NL,day_ahead_price,value,2026-08-05T16:10:29Z
2023-01-30T17:00:00Z,2023-01-30T18:00:00+0100,180.0,EUR/MWh,NL,NL,day_ahead_price,value,2026-08-05T16:10:29Z
2023-01-30T18:00:00Z,2023-01-30T19:00:00+0100,180.0,EUR/MWh,NL,NL,day_ahead_price,value,2026-08-05T16:10:29Z
2023-01-30T19:00:00Z,2023-01-30T20:00:00+0100,171.0,EUR/MWh,NL,NL,day_ahead_price,value,2026-08-05T16:10:29Z
2023-01-30T20:00:00Z,2023-01-30T21:00:00+0100,150.0,EUR/MWh,NL,NL,day_ahead_price,value,2026-08-05T16:10:29Z
2023-01-30T21:00:00Z,2023-01-30T22:00:00+0100,149.9,EUR/MWh,NL,NL,day_ahead_price,value,2026-08-05T16:10:29Z
2023-01-30T22:00:00Z,2023-01-30T23:00:00+0100,137.3,EUR/MWh,NL,NL,day_ahead_price,value,2026-08-05T16:10:29Z
2023-01-30T23:00:00Z,2023-01-31T00:00:00+0100,151.8,EUR/MWh,NL,NL,day_ahead_price,value,2026-08-05T16:10:29Z
2023-01-31T00:00:00Z,2023-01-31T01:00:00+0100,106.63,EUR/MWh,NL,NL,day_ahead_price,value,2026-08-05T16:10:29Z
2023-01-31T01:00:00Z,2023-01-31T02:00:00+0100,108.63,EUR/MWh,NL,NL,day_ahead_price,value,2026-08-05T16:10:29Z
2023-01-31T02:00:00Z,2023-01-31T03:00:00+0100,102.97,EUR/MWh,NL,NL,day_ahead_price,value,2026-08-05T16:10:29Z
2023-01-31T03:00:00Z,2023-01-31T04:00:00+0100,105.8,EUR/MWh,NL,NL,day_ahead_price,value,2026-08-05T16:10:29Z
2023-01-31T04:00:00Z,2023-01-31T05:00:00+0100,109.9,EUR/MWh,NL,NL,day_ahead_price,value,2026-08-05T16:10:29Z
2023-01-31T05:00:00Z,2023-01-31T06:00:00+0100,141.35,EUR/MWh,NL,NL,day_ahead_price,value,2026-08-05T16:10:29Z
2023-01-31T06:00:00Z,2023-01-31T07:00:00+0100,171.44,EUR/MWh,NL,NL,day_ahead_price,value,2026-08-05T16:10:29Z
2023-01-31T07:00:00Z,2023-01-31T08:00:00+0100,182.8,EUR/MWh,NL,NL,day_ahead_price,value,2026-08-05T16:10:29Z
2023-01-31T08:00:00Z,2023-01-31T09:00:00+0100,170.5,EUR/MWh,NL,NL,day_ahead_price,value,2026-08-05T16:10:29Z
2023-01-31T09:00:00Z,2023-01-31T10:00:00+0100,165.3,EUR/MWh,NL,NL,day_ahead_price,value,2026-08-05T16:10:29Z
2023-01-31T10:00:00Z,2023-01-31T11:00:00+0100,146.0,EUR/MWh,NL,NL,day_ahead_price,value,2026-08-05T16:10:29Z
2023-01-31T11:00:00Z,2023-01-31T12:00:00+0100,118.67,EUR/MWh,NL,NL,day_ahead_price,value,2026-08-05T16:10:29Z
2023-01-31T12:00:00Z,2023-01-31T13:00:00+0100,113.06,EUR/MWh,NL,NL,day_ahead_price,value,2026-08-05T16:10:29Z
2023-01-31T13:00:00Z,2023-01-31T14:00:00+0100,113.59,EUR/MWh,NL,NL,day_ahead_price,value,2026-08-05T16:10:29Z
2023-01-31T14:00:00Z,2023-01-31T15:00:00+0100,125.0,EUR/MWh,NL,NL,day_ahead_price,value,2026-08-05T16:10:29Z
2023-01-31T15:00:00Z,2023-01-31T16:00:00+0100,141.4,EUR/MWh,NL,NL,day_ahead_price,value,2026-08-05T16:10:29Z
2023-01-31T16:00:00Z,2023-01-31T17:00:00+0100,166.37,EUR/MWh,NL,NL,day_ahead_price,value,2026-08-05T16:10:29Z
2023-01-31T17:00:00Z,2023-01-31T18:00:00+0100,200.0,EUR/MWh,NL,NL,day_ahead_price,value,2026-08-05T16:10:29Z
2023-01-31T18:00:00Z,2023-01-31T19:00:00+0100,147.93,EUR/MWh,NL,NL,day_ahead_price,value,2026-08-05T16:10:29Z
2023-01-31T19:00:00Z,2023-01-31T20:00:00+0100,124.3,EUR/MWh,NL,NL,day_ahead_price,value,2026-08-05T16:10:29Z
2023-01-31T20:00:00Z,2023-01-31T21:00:00+0100,127.6,EUR/MWh,NL,NL,day_ahead_price,value,2026-08-05T16:10:29Z
2023-01-31T21:00:00Z,2023-01-31T22:00:00+0100,122.7,EUR/MWh,NL,NL,day_ahead_price,value,2026-08-05T16:10:29Z
2023-01-31T22:00:00Z,2023-01-31T23:00:00+0100,87.52,EUR/MWh,NL,NL,day_ahead_price,value,2026-08-05T16:10:29Z
2023-01-31T23:00:00Z,2023-02-01T00:00:00+0100,85.03,EUR/MWh,NL,NL,day_ahead_price,value,2026-08-05T16:11:06Z
2023-02-01T00:00:00Z,2023-02-01T01:00:00+0100,80.02,EUR/MWh,NL,NL,day_ahead_price,value,2026-08-05T16:11:06Z
2023-02-01T01:00:00Z,2023-02-01T02:00:00+0100,71.67,EUR/MWh,NL,NL,day_ahead_price,value,2026-08-05T16:11:06Z
2023-02-01T02:00:00Z,2023-02-01T03:00:00+0100,71.05,EUR/MWh,NL,NL,day_ahead_price,value,2026-08-05T16:11:06Z
2023-02-01T03:00:00Z,2023-02-01T04:00:00+0100,79.21,EUR/MWh,NL,NL,day_ahead_price,value,2026-08-05T16:11:06Z
2023-02-01T04:00:00Z,2023-02-01T05:00:00+0100,83.93,EUR/MWh,NL,NL,day_ahead_price,value,2026-08-05T16:11:06Z
2023-02-01T05:00:00Z,2023-02-01T06:00:00+0100,99.5,EUR/MWh,NL,NL,day_ahead_price,value,2026-08-05T16:11:06Z
2023-02-01T06:00:00Z,2023-02-01T07:00:00+0100,130.0,EUR/MWh,NL,NL,day_ahead_price,value,2026-08-05T16:11:06Z
2023-02-01T07:00:00Z,2023-02-01T08:00:00+0100,163.7,EUR/MWh,NL,NL,day_ahead_price,value,2026-08-05T16:11:06Z
2023-02-01T08:00:00Z,2023-02-01T09:00:00+0100,120.1,EUR/MWh,NL,NL,day_ahead_price,value,2026-08-05T16:11:06Z
2023-02-01T09:00:00Z,2023-02-01T10:00:00+0100,108.51,EUR/MWh,NL,NL,day_ahead_price,value,2026-08-05T16:11:06Z
2023-02-01T10:00:00Z,2023-02-01T11:00:00+0100,104.81,EUR/MWh,NL,NL,day_ahead_price,value,2026-08-05T16:11:06Z
2023-02-01T11:00:00Z,2023-02-01T12:00:00+0100,102.63,EUR/MWh,NL,NL,day_ahead_price,value,2026-08-05T16:11:06Z
2023-02-01T12:00:00Z,2023-02-01T13:00:00+0100,101.79,EUR/MWh,NL,NL,day_ahead_price,value,2026-08-05T16:11:06Z
2023-02-01T13:00:00Z,2023-02-01T14:00:00+0100,101.58,EUR/MWh,NL,NL,day_ahead_price,value,2026-08-05T16:11:06Z
2023-02-01T14:00:00Z,2023-02-01T15:00:00+0100,101.82,EUR/MWh,NL,NL,day_ahead_price,value,2026-08-05T16:11:06Z
2023-02-01T15:00:00Z,2023-02-01T16:00:00+0100,130.0,EUR/MWh,NL,NL,day_ahead_price,value,2026-08-05T16:11:06Z
2023-02-01T16:00:00Z,2023-02-01T17:00:00+0100,167.62,EUR/MWh,NL,NL,day_ahead_price,value,2026-08-05T16:11:06Z
2023-02-01T17:00:00Z,2023-02-01T18:00:00+0100,179.69,EUR/MWh,NL,NL,day_ahead_price,value,2026-08-05T16:11:06Z
2023-02-01T18:00:00Z,2023-02-01T19:00:00+0100,126.0,EUR/MWh,NL,NL,day_ahead_price,value,2026-08-05T16:11:06Z
2023-02-01T19:00:00Z,2023-02-01T20:00:00+0100,100.88,EUR/MWh,NL,NL,day_ahead_price,value,2026-08-05T16:11:06Z
2023-02-01T20:00:00Z,2023-02-01T21:00:00+0100,117.0,EUR/MWh,NL,NL,day_ahead_price,value,2026-08-05T16:11:06Z
2023-02-01T21:00:00Z,2023-02-01T22:00:00+0100,99.9,EUR/MWh,NL,NL,day_ahead_price,value,2026-08-05T16:11:06Z
2023-02-01T22:00:00Z,2023-02-01T23:00:00+0100,94.9,EUR/MWh,NL,NL,day_ahead_price,value,2026-08-05T16:11:06Z
2023-02-01T23:00:00Z,2023-02-02T00:00:00+0100,83.46,EUR/MWh,NL,NL,day_ahead_price,value,2026-08-05T16:11:06Z
2023-02-02T00:00:00Z,2023-02-02T01:00:00+0100,89.96,EUR/MWh,NL,NL,day_ahead_price,value,2026-08-05T16:11:06Z
2023-02-02T01:00:00Z,2023-02-02T02:00:00+0100,85.57,EUR/MWh,NL,NL,day_ahead_price,value,2026-08-05T16:11:06Z
2023-02-02T02:00:00Z,2023-02-02T03:00:00+0100,88.27,EUR/MWh,NL,NL,day_ahead_price,value,2026-08-05T16:11:06Z
2023-02-02T03:00:00Z,2023-02-02T04:00:00+0100,94.4,EUR/MWh,NL,NL,day_ahead_price,value,2026-08-05T16:11:06Z
2023-02-02T04:00:00Z,2023-02-02T05:00:00+0100,99.92,EUR/MWh,NL,NL,day_ahead_price,value,2026-08-05T16:11:06Z
2023-02-02T05:00:00Z,2023-02-02T06:00:00+0100,116.62,EUR/MWh,NL,NL,day_ahead_price,value,2026-08-05T16:11:06Z
2023-02-02T06:00:00Z,2023-02-02T07:00:00+0100,140.96,EUR/MWh,NL,NL,day_ahead_price,value,2026-08-05T16:11:06Z
2023-02-02T07:00:00Z,2023-02-02T08:00:00+0100,170.13,EUR/MWh,NL,NL,day_ahead_price,value,2026-08-05T16:11:06Z
2023-02-02T08:00:00Z,2023-02-02T09:00:00+0100,178.2,EUR/MWh,NL,NL,day_ahead_price,value,2026-08-05T16:11:06Z
2023-02-02T09:00:00Z,2023-02-02T10:00:00+0100,170.09,EUR/MWh,NL,NL,day_ahead_price,value,2026-08-05T16:11:06Z
2023-02-02T10:00:00Z,2023-02-02T11:00:00+0100,167.21,EUR/MWh,NL,NL,day_ahead_price,value,2026-08-05T16:11:06Z
2023-02-02T11:00:00Z,2023-02-02T12:00:00+0100,156.86,EUR/MWh,NL,NL,day_ahead_price,value,2026-08-05T16:11:06Z
2023-02-02T12:00:00Z,2023-02-02T13:00:00+0100,152.74,EUR/MWh,NL,NL,day_ahead_price,value,2026-08-05T16:11:06Z
2023-02-02T13:00:00Z,2023-02-02T14:00:00+0100,161.44,EUR/MWh,NL,NL,day_ahead_price,value,2026-08-05T16:11:06Z
2023-02-02T14:00:00Z,2023-02-02T15:00:00+0100,163.39,EUR/MWh,NL,NL,day_ahead_price,value,2026-08-05T16:11:06Z
2023-02-02T15:00:00Z,2023-02-02T16:00:00+0100,167.28,EUR/MWh,NL,NL,day_ahead_price,value,2026-08-05T16:11:06Z
2023-02-02T16:00:00Z,2023-02-02T17:00:00+0100,178.17,EUR/MWh,NL,NL,day_ahead_price,value,2026-08-05T16:11:06Z
2023-02-02T17:00:00Z,2023-02-02T18:00:00+0100,183.12,EUR/MWh,NL,NL,day_ahead_price,value,2026-08-05T16:11:06Z
2023-02-02T18:00:00Z,2023-02-02T19:00:00+0100,167.41,EUR/MWh,NL,NL,day_ahead_price,value,2026-08-05T16:11:06Z
2023-02-02T19:00:00Z,2023-02-02T20:00:00+0100,146.86,EUR/MWh,NL,NL,day_ahead_price,value,2026-08-05T16:11:06Z
2023-02-02T20:00:00Z,2023-02-02T21:00:00+0100,143.54,EUR/MWh,NL,NL,day_ahead_price,value,2026-08-05T16:11:06Z
2023-02-02T21:00:00Z,2023-02-02T22:00:00+0100,130.15,EUR/MWh,NL,NL,day_ahead_price,value,2026-08-05T16:11:06Z
2023-02-02T22:00:00Z,2023-02-02T23:00:00+0100,106.3,EUR/MWh,NL,NL,day_ahead_price,value,2026-08-05T16:11:06Z
2023-02-02T23:00:00Z,2023-02-03T00:00:00+0100,110.1,EUR/MWh,NL,NL,day_ahead_price,value,2026-08-05T16:11:06Z
2023-02-03T00:00:00Z,2023-02-03T01:00:00+0100,102.99,EUR/MWh,NL,NL,day_ahead_price,value,2026-08-05T16:11:06Z
2023-02-03T01:00:00Z,2023-02-03T02:00:00+0100,96.55,EUR/MWh,NL,NL,day_ahead_price,value,2026-08-05T16:11:06Z
2023-02-03T02:00:00Z,2023-02-03T03:00:00+0100,90.1,EUR/MWh,NL,NL,day_ahead_price,value,2026-08-05T16:11:06Z
2023-02-03T03:00:00Z,2023-02-03T04:00:00+0100,82.4,EUR/MWh,NL,NL,day_ahead_price,value,2026-08-05T16:11:06Z
2023-02-03T04:00:00Z,2023-02-03T05:00:00+0100,89.02,EUR/MWh,NL,NL,day_ahead_price,value,2026-08-05T16:11:06Z
2023-02-03T05:00:00Z,2023-02-03T06:00:00+0100,103.23,EUR/MWh,NL,NL,day_ahead_price,value,2026-08-05T16:11:06Z
2023-02-03T06:00:00Z,2023-02-03T07:00:00+0100,147.12,EUR/MWh,NL,NL,day_ahead_price,value,2026-08-05T16:11:06Z
2023-02-03T07:00:00Z,2023-02-03T08:00:00+0100,173.32,EUR/MWh,NL,NL,day_ahead_price,value,2026-08-05T16:11:06Z
2023-02-03T08:00:00Z,2023-02-03T09:00:00+0100,166.59,EUR/MWh,NL,NL,day_ahead_price,value,2026-08-05T16:11:06Z
2023-02-03T09:00:00Z,2023-02-03T10:00:00+0100,139.9,EUR/MWh,NL,NL,day_ahead_price,value,2026-08-05T16:11:06Z
2023-02-03T10:00:00Z,2023-02-03T11:00:00+0100,113.0,EUR/MWh,NL,NL,day_ahead_price,value,2026-08-05T16:11:06Z
2023-02-03T11:00:00Z,2023-02-03T12:00:00+0100,130.0,EUR/MWh,NL,NL,day_ahead_price,value,2026-08-05T16:11:06Z
2023-02-03T12:00:00Z,2023-02-03T13:00:00+0100,131.2,EUR/MWh,NL,NL,day_ahead_price,value,2026-08-05T16:11:06Z
2023-02-03T13:00:00Z,2023-02-03T14:00:00+0100,143.38,EUR/MWh,NL,NL,day_ahead_price,value,2026-08-05T16:11:06Z
2023-02-03T14:00:00Z,2023-02-03T15:00:00+0100,150.0,EUR/MWh,NL,NL,day_ahead_price,value,2026-08-05T16:11:06Z
2023-02-03T15:00:00Z,2023-02-03T16:00:00+0100,149.9,EUR/MWh,NL,NL,day_ahead_price,value,2026-08-05T16:11:06Z
2023-02-03T16:00:00Z,2023-02-03T17:00:00+0100,184.0,EUR/MWh,NL,NL,day_ahead_price,value,2026-08-05T16:11:06Z
2023-02-03T17:00:00Z,2023-02-03T18:00:00+0100,194.4,EUR/MWh,NL,NL,day_ahead_price,value,2026-08-05T16:11:06Z
2023-02-03T18:00:00Z,2023-02-03T19:00:00+0100,180.0,EUR/MWh,NL,NL,day_ahead_price,value,2026-08-05T16:11:06Z
2023-02-03T19:00:00Z,2023-02-03T20:00:00+0100,166.7,EUR/MWh,NL,NL,day_ahead_price,value,2026-08-05T16:11:06Z
2023-02-03T20:00:00Z,2023-02-03T21:00:00+0100,181.0,EUR/MWh,NL,NL,day_ahead_price,value,2026-08-05T16:11:06Z
2023-02-03T21:00:00Z,2023-02-03T22:00:00+0100,143.9,EUR/MWh,NL,NL,day_ahead_price,value,2026-08-05T16:11:06Z
2023-02-03T22:00:00Z,2023-02-03T23:00:00+0100,153.01,EUR/MWh,NL,NL,day_ahead_price,value,2026-08-05T16:11:06Z
2023-02-03T23:00:00Z,2023-02-04T00:00:00+0100,152.53,EUR/MWh,NL,NL,day_ahead_price,value,2026-08-05T16:11:06Z
2023-02-04T00:00:00Z,2023-02-04T01:00:00+0100,159.9,EUR/MWh,NL,NL,day_ahead_price,value,2026-08-05T16:11:06Z
2023-02-04T01:00:00Z,2023-02-04T02:00:00+0100,124.68,EUR/MWh,NL,NL,day_ahead_price,value,2026-08-05T16:11:06Z
2023-02-04T02:00:00Z,2023-02-04T03:00:00+0100,124.5,EUR/MWh,NL,NL,day_ahead_price,value,2026-08-05T16:11:06Z
2023-02-04T03:00:00Z,2023-02-04T04:00:00+0100,127.28,EUR/MWh,NL,NL,day_ahead_price,value,2026-08-05T16:11:06Z
2023-02-04T04:00:00Z,2023-02-04T05:00:00+0100,131.29,EUR/MWh,NL,NL,day_ahead_price,value,2026-08-05T16:11:06Z
2023-02-04T05:00:00Z,2023-02-04T06:00:00+0100,139.61,EUR/MWh,NL,NL,day_ahead_price,value,2026-08-05T16:11:06Z
2023-02-04T06:00:00Z,2023-02-04T07:00:00+0100,156.31,EUR/MWh,NL,NL,day_ahead_price,value,2026-08-05T16:11:06Z
2023-02-04T07:00:00Z,2023-02-04T08:00:00+0100,164.19,EUR/MWh,NL,NL,day_ahead_price,value,2026-08-05T16:11:06Z
2023-02-04T08:00:00Z,2023-02-04T09:00:00+0100,169.83,EUR/MWh,NL,NL,day_ahead_price,value,2026-08-05T16:11:06Z
2023-02-04T09:00:00Z,2023-02-04T10:00:00+0100,164.11,EUR/MWh,NL,NL,day_ahead_price,value,2026-08-05T16:11:06Z
2023-02-04T10:00:00Z,2023-02-04T11:00:00+0100,156.39,EUR/MWh,NL,NL,day_ahead_price,value,2026-08-05T16:11:06Z
2023-02-04T11:00:00Z,2023-02-04T12:00:00+0100,148.84,EUR/MWh,NL,NL,day_ahead_price,value,2026-08-05T16:11:06Z
2023-02-04T12:00:00Z,2023-02-04T13:00:00+0100,133.37,EUR/MWh,NL,NL,day_ahead_price,value,2026-08-05T16:11:06Z
2023-02-04T13:00:00Z,2023-02-04T14:00:00+0100,134.09,EUR/MWh,NL,NL,day_ahead_price,value,2026-08-05T16:11:06Z
2023-02-04T14:00:00Z,2023-02-04T15:00:00+0100,141.61,EUR/MWh,NL,NL,day_ahead_price,value,2026-08-05T16:11:06Z
2023-02-04T15:00:00Z,2023-02-04T16:00:00+0100,155.36,EUR/MWh,NL,NL,day_ahead_price,value,2026-08-05T16:11:06Z
2023-02-04T16:00:00Z,2023-02-04T17:00:00+0100,170.29,EUR/MWh,NL,NL,day_ahead_price,value,2026-08-05T16:11:06Z
2023-02-04T17:00:00Z,2023-02-04T18:00:00+0100,184.16,EUR/MWh,NL,NL,day_ahead_price,value,2026-08-05T16:11:06Z
2023-02-04T18:00:00Z,2023-02-04T19:00:00+0100,179.96,EUR/MWh,NL,NL,day_ahead_price,value,2026-08-05T16:11:06Z
2023-02-04T19:00:00Z,2023-02-04T20:00:00+0100,167.88,EUR/MWh,NL,NL,day_ahead_price,value,2026-08-05T16:11:06Z
2023-02-04T20:00:00Z,2023-02-04T21:00:00+0100,158.13,EUR/MWh,NL,NL,day_ahead_price,value,2026-08-05T16:11:06Z
2023-02-04T21:00:00Z,2023-02-04T22:00:00+0100,152.38,EUR/MWh,NL,NL,day_ahead_price,value,2026-08-05T16:11:06Z
2023-02-04T22:00:00Z,2023-02-04T23:00:00+0100,136.63,EUR/MWh,NL,NL,day_ahead_price,value,2026-08-05T16:11:06Z
2023-02-04T23:00:00Z,2023-02-05T00:00:00+0100,146.92,EUR/MWh,NL,NL,day_ahead_price,value,2026-08-05T16:11:06Z
2023-02-05T00:00:00Z,2023-02-05T01:00:00+0100,141.11,EUR/MWh,NL,NL,day_ahead_price,value,2026-08-05T16:11:06Z
2023-02-05T01:00:00Z,2023-02-05T02:00:00+0100,148.56,EUR/MWh,NL,NL,day_ahead_price,value,2026-08-05T16:11:06Z
2023-02-05T02:00:00Z,2023-02-05T03:00:00+0100,130.61,EUR/MWh,NL,NL,day_ahead_price,value,2026-08-05T16:11:06Z
2023-02-05T03:00:00Z,2023-02-05T04:00:00+0100,115.9,EUR/MWh,NL,NL,day_ahead_price,value,2026-08-05T16:11:06Z
2023-02-05T04:00:00Z,2023-02-05T05:00:00+0100,113.23,EUR/MWh,NL,NL,day_ahead_price,value,2026-08-05T16:11:06Z
2023-02-05T05:00:00Z,2023-02-05T06:00:00+0100,114.16,EUR/MWh,NL,NL,day_ahead_price,value,2026-08-05T16:11:06Z
2023-02-05T06:00:00Z,2023-02-05T07:00:00+0100,115.58,EUR/MWh,NL,NL,day_ahead_price,value,2026-08-05T16:11:06Z
2023-02-05T07:00:00Z,2023-02-05T08:00:00+0100,110.1,EUR/MWh,NL,NL,day_ahead_price,value,2026-08-05T16:11:06Z
2023-02-05T08:00:00Z,2023-02-05T09:00:00+0100,111.85,EUR/MWh,NL,NL,day_ahead_price,value,2026-08-05T16:11:06Z
2023-02-05T09:00:00Z,2023-02-05T10:00:00+0100,108.54,EUR/MWh,NL,NL,day_ahead_price,value,2026-08-05T16:11:06Z
2023-02-05T10:00:00Z,2023-02-05T11:00:00+0100,107.07,EUR/MWh,NL,NL,day_ahead_price,value,2026-08-05T16:11:06Z
2023-02-05T11:00:00Z,2023-02-05T12:00:00+0100,101.62,EUR/MWh,NL,NL,day_ahead_price,value,2026-08-05T16:11:06Z
2023-02-05T12:00:00Z,2023-02-05T13:00:00+0100,100.69,EUR/MWh,NL,NL,day_ahead_price,value,2026-08-05T16:11:06Z
2023-02-05T13:00:00Z,2023-02-05T14:00:00+0100,103.81,EUR/MWh,NL,NL,day_ahead_price,value,2026-08-05T16:11:06Z
2023-02-05T14:00:00Z,2023-02-05T15:00:00+0100,115.25,EUR/MWh,NL,NL,day_ahead_price,value,2026-08-05T16:11:06Z
2023-02-05T15:00:00Z,2023-02-05T16:00:00+0100,125.13,EUR/MWh,NL,NL,day_ahead_price,value,2026-08-05T16:11:06Z
2023-02-05T16:00:00Z,2023-02-05T17:00:00+0100,147.56,EUR/MWh,NL,NL,day_ahead_price,value,2026-08-05T16:11:06Z
2023-02-05T17:00:00Z,2023-02-05T18:00:00+0100,171.49,EUR/MWh,NL,NL,day_ahead_price,value,2026-08-05T16:11:06Z
2023-02-05T18:00:00Z,2023-02-05T19:00:00+0100,185.33,EUR/MWh,NL,NL,day_ahead_price,value,2026-08-05T16:11:06Z
2023-02-05T19:00:00Z,2023-02-05T20:00:00+0100,172.03,EUR/MWh,NL,NL,day_ahead_price,value,2026-08-05T16:11:06Z
2023-02-05T20:00:00Z,2023-02-05T21:00:00+0100,153.67,EUR/MWh,NL,NL,day_ahead_price,value,2026-08-05T16:11:06Z
2023-02-05T21:00:00Z,2023-02-05T22:00:00+0100,155.77,EUR/MWh,NL,NL,day_ahead_price,value,2026-08-05T16:11:06Z
2023-02-05T22:00:00Z,2023-02-05T23:00:00+0100,144.18,EUR/MWh,NL,NL,day_ahead_price,value,2026-08-05T16:11:06Z
2023-02-05T23:00:00Z,2023-02-06T00:00:00+0100,145.0,EUR/MWh,NL,NL,day_ahead_price,value,2026-08-05T16:11:06Z
2023-02-06T00:00:00Z,2023-02-06T01:00:00+0100,143.73,EUR/MWh,NL,NL,day_ahead_price,value,2026-08-05T16:11:06Z
2023-02-06T01:00:00Z,2023-02-06T02:00:00+0100,145.44,EUR/MWh,NL,NL,day_ahead_price,value,2026-08-05T16:11:06Z
2023-02-06T02:00:00Z,2023-02-06T03:00:00+0100,142.13,EUR/MWh,NL,NL,day_ahead_price,value,2026-08-05T16:11:06Z
2023-02-06T03:00:00Z,2023-02-06T04:00:00+0100,140.1,EUR/MWh,NL,NL,day_ahead_price,value,2026-08-05T16:11:06Z
2023-02-06T04:00:00Z,2023-02-06T05:00:00+0100,148.93,EUR/MWh,NL,NL,day_ahead_price,value,2026-08-05T16:11:06Z
2023-02-06T05:00:00Z,2023-02-06T06:00:00+0100,175.67,EUR/MWh,NL,NL,day_ahead_price,value,2026-08-05T16:11:06Z
2023-02-06T06:00:00Z,2023-02-06T07:00:00+0100,200.65,EUR/MWh,NL,NL,day_ahead_price,value,2026-08-05T16:11:06Z
2023-02-06T07:00:00Z,2023-02-06T08:00:00+0100,213.39,EUR/MWh,NL,NL,day_ahead_price,value,2026-08-05T16:11:06Z
2023-02-06T08:00:00Z,2023-02-06T09:00:00+0100,200.63,EUR/MWh,NL,NL,day_ahead_price,value,2026-08-05T16:11:06Z
2023-02-06T09:00:00Z,2023-02-06T10:00:00+0100,185.08,EUR/MWh,NL,NL,day_ahead_price,value,2026-08-05T16:11:06Z
2023-02-06T10:00:00Z,2023-02-06T11:00:00+0100,163.54,EUR/MWh,NL,NL,day_ahead_price,value,2026-08-05T16:11:06Z
2023-02-06T11:00:00Z,2023-02-06T12:00:00+0100,129.8,EUR/MWh,NL,NL,day_ahead_price,value,2026-08-05T16:11:06Z
2023-02-06T12:00:00Z,2023-02-06T13:00:00+0100,129.55,EUR/MWh,NL,NL,day_ahead_price,value,2026-08-05T16:11:06Z
2023-02-06T13:00:00Z,2023-02-06T14:00:00+0100,135.48,EUR/MWh,NL,NL,day_ahead_price,value,2026-08-05T16:11:06Z
2023-02-06T14:00:00Z,2023-02-06T15:00:00+0100,149.6,EUR/MWh,NL,NL,day_ahead_price,value,2026-08-05T16:11:06Z
2023-02-06T15:00:00Z,2023-02-06T16:00:00+0100,181.8,EUR/MWh,NL,NL,day_ahead_price,value,2026-08-05T16:11:06Z
2023-02-06T16:00:00Z,2023-02-06T17:00:00+0100,198.94,EUR/MWh,NL,NL,day_ahead_price,value,2026-08-05T16:11:06Z
2023-02-06T17:00:00Z,2023-02-06T18:00:00+0100,213.5,EUR/MWh,NL,NL,day_ahead_price,value,2026-08-05T16:11:06Z
2023-02-06T18:00:00Z,2023-02-06T19:00:00+0100,205.38,EUR/MWh,NL,NL,day_ahead_price,value,2026-08-05T16:11:06Z
2023-02-06T19:00:00Z,2023-02-06T20:00:00+0100,186.21,EUR/MWh,NL,NL,day_ahead_price,value,2026-08-05T16:11:06Z
2023-02-06T20:00:00Z,2023-02-06T21:00:00+0100,166.48,EUR/MWh,NL,NL,day_ahead_price,value,2026-08-05T16:11:06Z
2023-02-06T21:00:00Z,2023-02-06T22:00:00+0100,152.5,EUR/MWh,NL,NL,day_ahead_price,value,2026-08-05T16:11:06Z
2023-02-06T22:00:00Z,2023-02-06T23:00:00+0100,154.0,EUR/MWh,NL,NL,day_ahead_price,value,2026-08-05T16:11:06Z
2023-02-06T23:00:00Z,2023-02-07T00:00:00+0100,145.72,EUR/MWh,NL,NL,day_ahead_price,value,2026-08-05T16:11:06Z
2023-02-07T00:00:00Z,2023-02-07T01:00:00+0100,142.12,EUR/MWh,NL,NL,day_ahead_price,value,2026-08-05T16:11:06Z
2023-02-07T01:00:00Z,2023-02-07T02:00:00+0100,140.31,EUR/MWh,NL,NL,day_ahead_price,value,2026-08-05T16:11:06Z
2023-02-07T02:00:00Z,2023-02-07T03:00:00+0100,139.36,EUR/MWh,NL,NL,day_ahead_price,value,2026-08-05T16:11:06Z
2023-02-07T03:00:00Z,2023-02-07T04:00:00+0100,141.6,EUR/MWh,NL,NL,day_ahead_price,value,2026-08-05T16:11:06Z
2023-02-07T04:00:00Z,2023-02-07T05:00:00+0100,143.44,EUR/MWh,NL,NL,day_ahead_price,value,2026-08-05T16:11:06Z
2023-02-07T05:00:00Z,2023-02-07T06:00:00+0100,170.54,EUR/MWh,NL,NL,day_ahead_price,value,2026-08-05T16:11:06Z
2023-02-07T06:00:00Z,2023-02-07T07:00:00+0100,198.03,EUR/MWh,NL,NL,day_ahead_price,value,2026-08-05T16:11:06Z
2023-02-07T07:00:00Z,2023-02-07T08:00:00+0100,214.16,EUR/MWh,NL,NL,day_ahead_price,value,2026-08-05T16:11:06Z
2023-02-07T08:00:00Z,2023-02-07T09:00:00+0100,191.85,EUR/MWh,NL,NL,day_ahead_price,value,2026-08-05T16:11:06Z
2023-02-07T09:00:00Z,2023-02-07T10:00:00+0100,168.38,EUR/MWh,NL,NL,day_ahead_price,value,2026-08-05T16:11:06Z
2023-02-07T10:00:00Z,2023-02-07T11:00:00+0100,125.76,EUR/MWh,NL,NL,day_ahead_price,value,2026-08-05T16:11:06Z
2023-02-07T11:00:00Z,2023-02-07T12:00:00+0100,123.57,EUR/MWh,NL,NL,day_ahead_price,value,2026-08-05T16:11:06Z
2023-02-07T12:00:00Z,2023-02-07T13:00:00+0100,125.6,EUR/MWh,NL,NL,day_ahead_price,value,2026-08-05T16:11:06Z
2023-02-07T13:00:00Z,2023-02-07T14:00:00+0100,139.93,EUR/MWh,NL,NL,day_ahead_price,value,2026-08-05T16:11:06Z
2023-02-07T14:00:00Z,2023-02-07T15:00:00+0100,171.81,EUR/MWh,NL,NL,day_ahead_price,value,2026-08-05T16:11:06Z
2023-02-07T15:00:00Z,2023-02-07T16:00:00+0100,189.98,EUR/MWh,NL,NL,day_ahead_price,value,2026-08-05T16:11:06Z
2023-02-07T16:00:00Z,2023-02-07T17:00:00+0100,222.26,EUR/MWh,NL,NL,day_ahead_price,value,2026-08-05T16:11:06Z
2023-02-07T17:00:00Z,2023-02-07T18:00:00+0100,245.6,EUR/MWh,NL,NL,day_ahead_price,value,2026-08-05T16:11:06Z
2023-02-07T18:00:00Z,2023-02-07T19:00:00+0100,229.0,EUR/MWh,NL,NL,day_ahead_price,value,2026-08-05T16:11:06Z
2023-02-07T19:00:00Z,2023-02-07T20:00:00+0100,199.03,EUR/MWh,NL,NL,day_ahead_price,value,2026-08-05T16:11:06Z
2023-02-07T20:00:00Z,2023-02-07T21:00:00+0100,188.18,EUR/MWh,NL,NL,day_ahead_price,value,2026-08-05T16:11:06Z
2023-02-07T21:00:00Z,2023-02-07T22:00:00+0100,173.34,EUR/MWh,NL,NL,day_ahead_price,value,2026-08-05T16:11:06Z
2023-02-07T22:00:00Z,2023-02-07T23:00:00+0100,163.07,EUR/MWh,NL,NL,day_ahead_price,value,2026-08-05T16:11:06Z
2023-02-07T23:00:00Z,2023-02-08T00:00:00+0100,160.04,EUR/MWh,NL,NL,day_ahead_price,value,2026-08-05T16:11:06Z
2023-02-08T00:00:00Z,2023-02-08T01:00:00+0100,155.15,EUR/MWh,NL,NL,day_ahead_price,value,2026-08-05T16:11:06Z
2023-02-08T01:00:00Z,2023-02-08T02:00:00+0100,150.0,EUR/MWh,NL,NL,day_ahead_price,value,2026-08-05T16:11:06Z
2023-02-08T02:00:00Z,2023-02-08T03:00:00+0100,147.97,EUR/MWh,NL,NL,day_ahead_price,value,2026-08-05T16:11:06Z
2023-02-08T03:00:00Z,2023-02-08T04:00:00+0100,145.97,EUR/MWh,NL,NL,day_ahead_price,value,2026-08-05T16:11:06Z
2023-02-08T04:00:00Z,2023-02-08T05:00:00+0100,149.1,EUR/MWh,NL,NL,day_ahead_price,value,2026-08-05T16:11:06Z
2023-02-08T05:00:00Z,2023-02-08T06:00:00+0100,175.69,EUR/MWh,NL,NL,day_ahead_price,value,2026-08-05T16:11:06Z
2023-02-08T06:00:00Z,2023-02-08T07:00:00+0100,196.64,EUR/MWh,NL,NL,day_ahead_price,value,2026-08-05T16:11:06Z
2023-02-08T07:00:00Z,2023-02-08T08:00:00+0100,216.19,EUR/MWh,NL,NL,day_ahead_price,value,2026-08-05T16:11:06Z
2023-02-08T08:00:00Z,2023-02-08T09:00:00+0100,176.0,EUR/MWh,NL,NL,day_ahead_price,value,2026-08-05T16:11:06Z
2023-02-08T09:00:00Z,2023-02-08T10:00:00+0100,128.0,EUR/MWh,NL,NL,day_ahead_price,value,2026-08-05T16:11:06Z
2023-02-08T10:00:00Z,2023-02-08T11:00:00+0100,116.0,EUR/MWh,NL,NL,day_ahead_price,value,2026-08-05T16:11:06Z
2023-02-08T11:00:00Z,2023-02-08T12:00:00+0100,115.61,EUR/MWh,NL,NL,day_ahead_price,value,2026-08-05T16:11:06Z
2023-02-08T12:00:00Z,2023-02-08T13:00:00+0100,114.88,EUR/MWh,NL,NL,day_ahead_price,value,2026-08-05T16:11:06Z
2023-02-08T13:00:00Z,2023-02-08T14:00:00+0100,114.24,EUR/MWh,NL,NL,day_ahead_price,value,2026-08-05T16:11:06Z
2023-02-08T14:00:00Z,2023-02-08T15:00:00+0100,125.39,EUR/MWh,NL,NL,day_ahead_price,value,2026-08-05T16:11:06Z
2023-02-08T15:00:00Z,2023-02-08T16:00:00+0100,156.78,EUR/MWh,NL,NL,day_ahead_price,value,2026-08-05T16:11:06Z
2023-02-08T16:00:00Z,2023-02-08T17:00:00+0100,183.99,EUR/MWh,NL,NL,day_ahead_price,value,2026-08-05T16:11:06Z
2023-02-08T17:00:00Z,2023-02-08T18:00:00+0100,192.45,EUR/MWh,NL,NL,day_ahead_price,value,2026-08-05T16:11:06Z
2023-02-08T18:00:00Z,2023-02-08T19:00:00+0100,153.0,EUR/MWh,NL,NL,day_ahead_price,value,2026-08-05T16:11:06Z
2023-02-08T19:00:00Z,2023-02-08T20:00:00+0100,145.0,EUR/MWh,NL,NL,day_ahead_price,value,2026-08-05T16:11:06Z
2023-02-08T20:00:00Z,2023-02-08T21:00:00+0100,163.6,EUR/MWh,NL,NL,day_ahead_price,value,2026-08-05T16:11:06Z
2023-02-08T21:00:00Z,2023-02-08T22:00:00+0100,170.6,EUR/MWh,NL,NL,day_ahead_price,value,2026-08-05T16:11:06Z
2023-02-08T22:00:00Z,2023-02-08T23:00:00+0100,149.85,EUR/MWh,NL,NL,day_ahead_price,value,2026-08-05T16:11:06Z
2023-02-08T23:00:00Z,2023-02-09T00:00:00+0100,134.11,EUR/MWh,NL,NL,day_ahead_price,value,2026-08-05T16:11:06Z
2023-02-09T00:00:00Z,2023-02-09T01:00:00+0100,128.85,EUR/MWh,NL,NL,day_ahead_price,value,2026-08-05T16:11:06Z
2023-02-09T01:00:00Z,2023-02-09T02:00:00+0100,128.2,EUR/MWh,NL,NL,day_ahead_price,value,2026-08-05T16:11:06Z
2023-02-09T02:00:00Z,2023-02-09T03:00:00+0100,124.49,EUR/MWh,NL,NL,day_ahead_price,value,2026-08-05T16:11:06Z
2023-02-09T03:00:00Z,2023-02-09T04:00:00+0100,115.71,EUR/MWh,NL,NL,day_ahead_price,value,2026-08-05T16:11:06Z
2023-02-09T04:00:00Z,2023-02-09T05:00:00+0100,124.49,EUR/MWh,NL,NL,day_ahead_price,value,2026-08-05T16:11:06Z
2023-02-09T05:00:00Z,2023-02-09T06:00:00+0100,146.57,EUR/MWh,NL,NL,day_ahead_price,value,2026-08-05T16:11:06Z
2023-02-09T06:00:00Z,2023-02-09T07:00:00+0100,167.84,EUR/MWh,NL,NL,day_ahead_price,value,2026-08-05T16:11:06Z
2023-02-09T07:00:00Z,2023-02-09T08:00:00+0100,181.99,EUR/MWh,NL,NL,day_ahead_price,value,2026-08-05T16:11:06Z
2023-02-09T08:00:00Z,2023-02-09T09:00:00+0100,137.0,EUR/MWh,NL,NL,day_ahead_price,value,2026-08-05T16:11:06Z
2023-02-09T09:00:00Z,2023-02-09T10:00:00+0100,125.0,EUR/MWh,NL,NL,day_ahead_price,value,2026-08-05T16:11:06Z
2023-02-09T10:00:00Z,2023-02-09T11:00:00+0100,111.8,EUR/MWh,NL,NL,day_ahead_price,value,2026-08-05T16:11:06Z
2023-02-09T11:00:00Z,2023-02-09T12:00:00+0100,125.43,EUR/MWh,NL,NL,day_ahead_price,value,2026-08-05T16:11:06Z
2023-02-09T12:00:00Z,2023-02-09T13:00:00+0100,125.08,EUR/MWh,NL,NL,day_ahead_price,value,2026-08-05T16:11:06Z
2023-02-09T13:00:00Z,2023-02-09T14:00:00+0100,135.59,EUR/MWh,NL,NL,day_ahead_price,value,2026-08-05T16:11:06Z
2023-02-09T14:00:00Z,2023-02-09T15:00:00+0100,160.45,EUR/MWh,NL,NL,day_ahead_price,value,2026-08-05T16:11:06Z
2023-02-09T15:00:00Z,2023-02-09T16:00:00+0100,165.04,EUR/MWh,NL,NL,day_ahead_price,value,2026-08-05T16:11:06Z
2023-02-09T16:00:00Z,2023-02-09T17:00:00+0100,173.25,EUR/MWh,NL,NL,day_ahead_price,value,2026-08-05T16:11:06Z
2023-02-09T17:00:00Z,2023-02-09T18:00:00+0100,198.0,EUR/MWh,NL,NL,day_ahead_price,value,2026-08-05T16:11:06Z
2023-02-09T18:00:00Z,2023-02-09T19:00:00+0100,161.51,EUR/MWh,NL,NL,day_ahead_price,value,2026-08-05T16:11:06Z
2023-02-09T19:00:00Z,2023-02-09T20:00:00+0100,150.0,EUR/MWh,NL,NL,day_ahead_price,value,2026-08-05T16:11:06Z
2023-02-09T20:00:00Z,2023-02-09T21:00:00+0100,143.94,EUR/MWh,NL,NL,day_ahead_price,value,2026-08-05T16:11:06Z
2023-02-09T21:00:00Z,2023-02-09T22:00:00+0100,132.69,EUR/MWh,NL,NL,day_ahead_price,value,2026-08-05T16:11:06Z
2023-02-09T22:00:00Z,2023-02-09T23:00:00+0100,128.8,EUR/MWh,NL,NL,day_ahead_price,value,2026-08-05T16:11:06Z
2023-02-09T23:00:00Z,2023-02-10T00:00:00+0100,123.0,EUR/MWh,NL,NL,day_ahead_price,value,2026-08-05T16:11:06Z
2023-02-10T00:00:00Z,2023-02-10T01:00:00+0100,119.5,EUR/MWh,NL,NL,day_ahead_price,value,2026-08-05T16:11:06Z
2023-02-10T01:00:00Z,2023-02-10T02:00:00+0100,121.24,EUR/MWh,NL,NL,day_ahead_price,value,2026-08-05T16:11:06Z
2023-02-10T02:00:00Z,2023-02-10T03:00:00+0100,122.87,EUR/MWh,NL,NL,day_ahead_price,value,2026-08-05T16:11:06Z
2023-02-10T03:00:00Z,2023-02-10T04:00:00+0100,124.59,EUR/MWh,NL,NL,day_ahead_price,value,2026-08-05T16:11:06Z
2023-02-10T04:00:00Z,2023-02-10T05:00:00+0100,130.06,EUR/MWh,NL,NL,day_ahead_price,value,2026-08-05T16:11:06Z
2023-02-10T05:00:00Z,2023-02-10T06:00:00+0100,151.89,EUR/MWh,NL,NL,day_ahead_price,value,2026-08-05T16:11:06Z
2023-02-10T06:00:00Z,2023-02-10T07:00:00+0100,185.56,EUR/MWh,NL,NL,day_ahead_price,value,2026-08-05T16:11:06Z
2023-02-10T07:00:00Z,2023-02-10T08:00:00+0100,202.0,EUR/MWh,NL,NL,day_ahead_price,value,2026-08-05T16:11:06Z
2023-02-10T08:00:00Z,2023-02-10T09:00:00+0100,165.81,EUR/MWh,NL,NL,day_ahead_price,value,2026-08-05T16:11:06Z
2023-02-10T09:00:00Z,2023-02-10T10:00:00+0100,142.0,EUR/MWh,NL,NL,day_ahead_price,value,2026-08-05T16:11:06Z
2023-02-10T10:00:00Z,2023-02-10T11:00:00+0100,138.64,EUR/MWh,NL,NL,day_ahead_price,value,2026-08-05T16:11:06Z
2023-02-10T11:00:00Z,2023-02-10T12:00:00+0100,119.18,EUR/MWh,NL,NL,day_ahead_price,value,2026-08-05T16:11:06Z
2023-02-10T12:00:00Z,2023-02-10T13:00:00+0100,119.7,EUR/MWh,NL,NL,day_ahead_price,value,2026-08-05T16:11:06Z
2023-02-10T13:00:00Z,2023-02-10T14:00:00+0100,114.42,EUR/MWh,NL,NL,day_ahead_price,value,2026-08-05T16:11:06Z
2023-02-10T14:00:00Z,2023-02-10T15:00:00+0100,128.45,EUR/MWh,NL,NL,day_ahead_price,value,2026-08-05T16:11:06Z
2023-02-10T15:00:00Z,2023-02-10T16:00:00+0100,128.0,EUR/MWh,NL,NL,day_ahead_price,value,2026-08-05T16:11:06Z
2023-02-10T16:00:00Z,2023-02-10T17:00:00+0100,162.65,EUR/MWh,NL,NL,day_ahead_price,value,2026-08-05T16:11:06Z
2023-02-10T17:00:00Z,2023-02-10T18:00:00+0100,162.1,EUR/MWh,NL,NL,day_ahead_price,value,2026-08-05T16:11:06Z
2023-02-10T18:00:00Z,2023-02-10T19:00:00+0100,127.16,EUR/MWh,NL,NL,day_ahead_price,value,2026-08-05T16:11:06Z
2023-02-10T19:00:00Z,2023-02-10T20:00:00+0100,111.29,EUR/MWh,NL,NL,day_ahead_price,value,2026-08-05T16:11:06Z
2023-02-10T20:00:00Z,2023-02-10T21:00:00+0100,94.9,EUR/MWh,NL,NL,day_ahead_price,value,2026-08-05T16:11:06Z
2023-02-10T21:00:00Z,2023-02-10T22:00:00+0100,100.0,EUR/MWh,NL,NL,day_ahead_price,value,2026-08-05T16:11:06Z
2023-02-10T22:00:00Z,2023-02-10T23:00:00+0100,100.0,EUR/MWh,NL,NL,day_ahead_price,value,2026-08-05T16:11:06Z
2023-02-10T23:00:00Z,2023-02-11T00:00:00+0100,120.6,EUR/MWh,NL,NL,day_ahead_price,value,2026-08-05T16:11:06Z
2023-02-11T00:00:00Z,2023-02-11T01:00:00+0100,119.9,EUR/MWh,NL,NL,day_ahead_price,value,2026-08-05T16:11:06Z
2023-02-11T01:00:00Z,2023-02-11T02:00:00+0100,118.24,EUR/MWh,NL,NL,day_ahead_price,value,2026-08-05T16:11:06Z
2023-02-11T02:00:00Z,2023-02-11T03:00:00+0100,118.28,EUR/MWh,NL,NL,day_ahead_price,value,2026-08-05T16:11:06Z
2023-02-11T03:00:00Z,2023-02-11T04:00:00+0100,111.95,EUR/MWh,NL,NL,day_ahead_price,value,2026-08-05T16:11:06Z
2023-02-11T04:00:00Z,2023-02-11T05:00:00+0100,102.74,EUR/MWh,NL,NL,day_ahead_price,value,2026-08-05T16:11:06Z
2023-02-11T05:00:00Z,2023-02-11T06:00:00+0100,119.98,EUR/MWh,NL,NL,day_ahead_price,value,2026-08-05T16:11:06Z
2023-02-11T06:00:00Z,2023-02-11T07:00:00+0100,127.3,EUR/MWh,NL,NL,day_ahead_price,value,2026-08-05T16:11:06Z
2023-02-11T07:00:00Z,2023-02-11T08:00:00+0100,150.1,EUR/MWh,NL,NL,day_ahead_price,value,2026-08-05T16:11:06Z
2023-02-11T08:00:00Z,2023-02-11T09:00:00+0100,149.94,EUR/MWh,NL,NL,day_ahead_price,value,2026-08-05T16:11:06Z
2023-02-11T09:00:00Z,2023-02-11T10:00:00+0100,130.1,EUR/MWh,NL,NL,day_ahead_price,value,2026-08-05T16:11:06Z
2023-02-11T10:00:00Z,2023-02-11T11:00:00+0100,130.6,EUR/MWh,NL,NL,day_ahead_price,value,2026-08-05T16:11:06Z
2023-02-11T11:00:00Z,2023-02-11T12:00:00+0100,134.3,EUR/MWh,NL,NL,day_ahead_price,value,2026-08-05T16:11:06Z
2023-02-11T12:00:00Z,2023-02-11T13:00:00+0100,122.0,EUR/MWh,NL,NL,day_ahead_price,value,2026-08-05T16:11:06Z
2023-02-11T13:00:00Z,2023-02-11T14:00:00+0100,140.0,EUR/MWh,NL,NL,day_ahead_price,value,2026-08-05T16:11:06Z
2023-02-11T14:00:00Z,2023-02-11T15:00:00+0100,144.0,EUR/MWh,NL,NL,day_ahead_price,value,2026-08-05T16:11:06Z
2023-02-11T15:00:00Z,2023-02-11T16:00:00+0100,141.1,EUR/MWh,NL,NL,day_ahead_price,value,2026-08-05T16:11:06Z
2023-02-11T16:00:00Z,2023-02-11T17:00:00+0100,153.85,EUR/MWh,NL,NL,day_ahead_price,value,2026-08-05T16:11:06Z
2023-02-11T17:00:00Z,2023-02-11T18:00:00+0100,182.4,EUR/MWh,NL,NL,day_ahead_price,value,2026-08-05T16:11:06Z
2023-02-11T18:00:00Z,2023-02-11T19:00:00+0100,183.5,EUR/MWh,NL,NL,day_ahead_price,value,2026-08-05T16:11:06Z
2023-02-11T19:00:00Z,2023-02-11T20:00:00+0100,172.94,EUR/MWh,NL,NL,day_ahead_price,value,2026-08-05T16:11:06Z
2023-02-11T20:00:00Z,2023-02-11T21:00:00+0100,144.76,EUR/MWh,NL,NL,day_ahead_price,value,2026-08-05T16:11:06Z
2023-02-11T21:00:00Z,2023-02-11T22:00:00+0100,147.54,EUR/MWh,NL,NL,day_ahead_price,value,2026-08-05T16:11:06Z
2023-02-11T22:00:00Z,2023-02-11T23:00:00+0100,138.0,EUR/MWh,NL,NL,day_ahead_price,value,2026-08-05T16:11:06Z
2023-02-11T23:00:00Z,2023-02-12T00:00:00+0100,159.46,EUR/MWh,NL,NL,day_ahead_price,value,2026-08-05T16:11:06Z
2023-02-12T00:00:00Z,2023-02-12T01:00:00+0100,149.9,EUR/MWh,NL,NL,day_ahead_price,value,2026-08-05T16:11:06Z
2023-02-12T01:00:00Z,2023-02-12T02:00:00+0100,132.1,EUR/MWh,NL,NL,day_ahead_price,value,2026-08-05T16:11:06Z
2023-02-12T02:00:00Z,2023-02-12T03:00:00+0100,127.85,EUR/MWh,NL,NL,day_ahead_price,value,2026-08-05T16:11:06Z
2023-02-12T03:00:00Z,2023-02-12T04:00:00+0100,124.02,EUR/MWh,NL,NL,day_ahead_price,value,2026-08-05T16:11:06Z
2023-02-12T04:00:00Z,2023-02-12T05:00:00+0100,128.4,EUR/MWh,NL,NL,day_ahead_price,value,2026-08-05T16:11:06Z
2023-02-12T05:00:00Z,2023-02-12T06:00:00+0100,128.8,EUR/MWh,NL,NL,day_ahead_price,value,2026-08-05T16:11:06Z
2023-02-12T06:00:00Z,2023-02-12T07:00:00+0100,148.67,EUR/MWh,NL,NL,day_ahead_price,value,2026-08-05T16:11:06Z
2023-02-12T07:00:00Z,2023-02-12T08:00:00+0100,149.4,EUR/MWh,NL,NL,day_ahead_price,value,2026-08-05T16:11:06Z
2023-02-12T08:00:00Z,2023-02-12T09:00:00+0100,156.93,EUR/MWh,NL,NL,day_ahead_price,value,2026-08-05T16:11:06Z
2023-02-12T09:00:00Z,2023-02-12T10:00:00+0100,145.56,EUR/MWh,NL,NL,day_ahead_price,value,2026-08-05T16:11:06Z
2023-02-12T10:00:00Z,2023-02-12T11:00:00+0100,140.07,EUR/MWh,NL,NL,day_ahead_price,value,2026-08-05T16:11:06Z
2023-02-12T11:00:00Z,2023-02-12T12:00:00+0100,129.89,EUR/MWh,NL,NL,day_ahead_price,value,2026-08-05T16:11:06Z
2023-02-12T12:00:00Z,2023-02-12T13:00:00+0100,120.0,EUR/MWh,NL,NL,day_ahead_price,value,2026-08-05T16:11:06Z
2023-02-12T13:00:00Z,2023-02-12T14:00:00+0100,120.0,EUR/MWh,NL,NL,day_ahead_price,value,2026-08-05T16:11:06Z
2023-02-12T14:00:00Z,2023-02-12T15:00:00+0100,124.63,EUR/MWh,NL,NL,day_ahead_price,value,2026-08-05T16:11:06Z
2023-02-12T15:00:00Z,2023-02-12T16:00:00+0100,135.16,EUR/MWh,NL,NL,day_ahead_price,value,2026-08-05T16:11:06Z
2023-02-12T16:00:00Z,2023-02-12T17:00:00+0100,158.54,EUR/MWh,NL,NL,day_ahead_price,value,2026-08-05T16:11:06Z
2023-02-12T17:00:00Z,2023-02-12T18:00:00+0100,185.66,EUR/MWh,NL,NL,day_ahead_price,value,2026-08-05T16:11:06Z
2023-02-12T18:00:00Z,2023-02-12T19:00:00+0100,167.32,EUR/MWh,NL,NL,day_ahead_price,value,2026-08-05T16:11:06Z
2023-02-12T19:00:00Z,2023-02-12T20:00:00+0100,156.38,EUR/MWh,NL,NL,day_ahead_price,value,2026-08-05T16:11:06Z
2023-02-12T20:00:00Z,2023-02-12T21:00:00+0100,142.32,EUR/MWh,NL,NL,day_ahead_price,value,2026-08-05T16:11:06Z
2023-02-12T21:00:00Z,2023-02-12T22:00:00+0100,151.39,EUR/MWh,NL,NL,day_ahead_price,value,2026-08-05T16:11:06Z
2023-02-12T22:00:00Z,2023-02-12T23:00:00+0100,131.4,EUR/MWh,NL,NL,day_ahead_price,value,2026-08-05T16:11:06Z
2023-02-12T23:00:00Z,2023-02-13T00:00:00+0100,138.64,EUR/MWh,NL,NL,day_ahead_price,value,2026-08-05T16:11:06Z
2023-02-13T00:00:00Z,2023-02-13T01:00:00+0100,135.3,EUR/MWh,NL,NL,day_ahead_price,value,2026-08-05T16:11:06Z
2023-02-13T01:00:00Z,2023-02-13T02:00:00+0100,134.04,EUR/MWh,NL,NL,day_ahead_price,value,2026-08-05T16:11:06Z
2023-02-13T02:00:00Z,2023-02-13T03:00:00+0100,129.04,EUR/MWh,NL,NL,day_ahead_price,value,2026-08-05T16:11:06Z
2023-02-13T03:00:00Z,2023-02-13T04:00:00+0100,130.84,EUR/MWh,NL,NL,day_ahead_price,value,2026-08-05T16:11:06Z
2023-02-13T04:00:00Z,2023-02-13T05:00:00+0100,137.37,EUR/MWh,NL,NL,day_ahead_price,value,2026-08-05T16:11:06Z
2023-02-13T05:00:00Z,2023-02-13T06:00:00+0100,163.19,EUR/MWh,NL,NL,day_ahead_price,value,2026-08-05T16:11:06Z
2023-02-13T06:00:00Z,2023-02-13T07:00:00+0100,196.08,EUR/MWh,NL,NL,day_ahead_price,value,2026-08-05T16:11:06Z
2023-02-13T07:00:00Z,2023-02-13T08:00:00+0100,202.2,EUR/MWh,NL,NL,day_ahead_price,value,2026-08-05T16:11:06Z
2023-02-13T08:00:00Z,2023-02-13T09:00:00+0100,196.2,EUR/MWh,NL,NL,day_ahead_price,value,2026-08-05T16:11:06Z
2023-02-13T09:00:00Z,2023-02-13T10:00:00+0100,173.35,EUR/MWh,NL,NL,day_ahead_price,value,2026-08-05T16:11:06Z
2023-02-13T10:00:00Z,2023-02-13T11:00:00+0100,141.0,EUR/MWh,NL,NL,day_ahead_price,value,2026-08-05T16:11:06Z
2023-02-13T11:00:00Z,2023-02-13T12:00:00+0100,123.1,EUR/MWh,NL,NL,day_ahead_price,value,2026-08-05T16:11:06Z
2023-02-13T12:00:00Z,2023-02-13T13:00:00+0100,120.0,EUR/MWh,NL,NL,day_ahead_price,value,2026-08-05T16:11:06Z
2023-02-13T13:00:00Z,2023-02-13T14:00:00+0100,120.0,EUR/MWh,NL,NL,day_ahead_price,value,2026-08-05T16:11:06Z
2023-02-13T14:00:00Z,2023-02-13T15:00:00+0100,121.0,EUR/MWh,NL,NL,day_ahead_price,value,2026-08-05T16:11:06Z
2023-02-13T15:00:00Z,2023-02-13T16:00:00+0100,150.23,EUR/MWh,NL,NL,day_ahead_price,value,2026-08-05T16:11:06Z
2023-02-13T16:00:00Z,2023-02-13T17:00:00+0100,188.06,EUR/MWh,NL,NL,day_ahead_price,value,2026-08-05T16:11:06Z
2023-02-13T17:00:00Z,2023-02-13T18:00:00+0100,221.8,EUR/MWh,NL,NL,day_ahead_price,value,2026-08-05T16:11:06Z
2023-02-13T18:00:00Z,2023-02-13T19:00:00+0100,206.6,EUR/MWh,NL,NL,day_ahead_price,value,2026-08-05T16:11:06Z
2023-02-13T19:00:00Z,2023-02-13T20:00:00+0100,187.86,EUR/MWh,NL,NL,day_ahead_price,value,2026-08-05T16:11:06Z
2023-02-13T20:00:00Z,2023-02-13T21:00:00+0100,168.92,EUR/MWh,NL,NL,day_ahead_price,value,2026-08-05T16:11:06Z
2023-02-13T21:00:00Z,2023-02-13T22:00:00+0100,160.97,EUR/MWh,NL,NL,day_ahead_price,value,2026-08-05T16:11:06Z
2023-02-13T22:00:00Z,2023-02-13T23:00:00+0100,150.12,EUR/MWh,NL,NL,day_ahead_price,value,2026-08-05T16:11:06Z
2023-02-13T23:00:00Z,2023-02-14T00:00:00+0100,135.62,EUR/MWh,NL,NL,day_ahead_price,value,2026-08-05T16:11:06Z
2023-02-14T00:00:00Z,2023-02-14T01:00:00+0100,132.32,EUR/MWh,NL,NL,day_ahead_price,value,2026-08-05T16:11:06Z
2023-02-14T01:00:00Z,2023-02-14T02:00:00+0100,132.16,EUR/MWh,NL,NL,day_ahead_price,value,2026-08-05T16:11:06Z
2023-02-14T02:00:00Z,2023-02-14T03:00:00+0100,132.12,EUR/MWh,NL,NL,day_ahead_price,value,2026-08-05T16:11:06Z
2023-02-14T03:00:00Z,2023-02-14T04:00:00+0100,132.32,EUR/MWh,NL,NL,day_ahead_price,value,2026-08-05T16:11:06Z
2023-02-14T04:00:00Z,2023-02-14T05:00:00+0100,141.93,EUR/MWh,NL,NL,day_ahead_price,value,2026-08-05T16:11:06Z
2023-02-14T05:00:00Z,2023-02-14T06:00:00+0100,156.7,EUR/MWh,NL,NL,day_ahead_price,value,2026-08-05T16:11:06Z
2023-02-14T06:00:00Z,2023-02-14T07:00:00+0100,199.99,EUR/MWh,NL,NL,day_ahead_price,value,2026-08-05T16:11:06Z
2023-02-14T07:00:00Z,2023-02-14T08:00:00+0100,206.98,EUR/MWh,NL,NL,day_ahead_price,value,2026-08-05T16:11:06Z
2023-02-14T08:00:00Z,2023-02-14T09:00:00+0100,180.6,EUR/MWh,NL,NL,day_ahead_price,value,2026-08-05T16:11:06Z
2023-02-14T09:00:00Z,2023-02-14T10:00:00+0100,125.69,EUR/MWh,NL,NL,day_ahead_price,value,2026-08-05T16:11:06Z
2023-02-14T10:00:00Z,2023-02-14T11:00:00+0100,125.18,EUR/MWh,NL,NL,day_ahead_price,value,2026-08-05T16:11:06Z
2023-02-14T11:00:00Z,2023-02-14T12:00:00+0100,130.0,EUR/MWh,NL,NL,day_ahead_price,value,2026-08-05T16:11:06Z
2023-02-14T12:00:00Z,2023-02-14T13:00:00+0100,122.98,EUR/MWh,NL,NL,day_ahead_price,value,2026-08-05T16:11:06Z
2023-02-14T13:00:00Z,2023-02-14T14:00:00+0100,126.04,EUR/MWh,NL,NL,day_ahead_price,value,2026-08-05T16:11:06Z
2023-02-14T14:00:00Z,2023-02-14T15:00:00+0100,121.43,EUR/MWh,NL,NL,day_ahead_price,value,2026-08-05T16:11:06Z
2023-02-14T15:00:00Z,2023-02-14T16:00:00+0100,146.97,EUR/MWh,NL,NL,day_ahead_price,value,2026-08-05T16:11:06Z
2023-02-14T16:00:00Z,2023-02-14T17:00:00+0100,180.8,EUR/MWh,NL,NL,day_ahead_price,value,2026-08-05T16:11:06Z
2023-02-14T17:00:00Z,2023-02-14T18:00:00+0100,199.99,EUR/MWh,NL,NL,day_ahead_price,value,2026-08-05T16:11:06Z
2023-02-14T18:00:00Z,2023-02-14T19:00:00+0100,192.97,EUR/MWh,NL,NL,day_ahead_price,value,2026-08-05T16:11:06Z
2023-02-14T19:00:00Z,2023-02-14T20:00:00+0100,175.81,EUR/MWh,NL,NL,day_ahead_price,value,2026-08-05T16:11:06Z
2023-02-14T20:00:00Z,2023-02-14T21:00:00+0100,160.09,EUR/MWh,NL,NL,day_ahead_price,value,2026-08-05T16:11:06Z
2023-02-14T21:00:00Z,2023-02-14T22:00:00+0100,151.03,EUR/MWh,NL,NL,day_ahead_price,value,2026-08-05T16:11:06Z
2023-02-14T22:00:00Z,2023-02-14T23:00:00+0100,141.73,EUR/MWh,NL,NL,day_ahead_price,value,2026-08-05T16:11:06Z
2023-02-14T23:00:00Z,2023-02-15T00:00:00+0100,134.74,EUR/MWh,NL,NL,day_ahead_price,value,2026-08-05T16:11:06Z
2023-02-15T00:00:00Z,2023-02-15T01:00:00+0100,130.95,EUR/MWh,NL,NL,day_ahead_price,value,2026-08-05T16:11:06Z
2023-02-15T01:00:00Z,2023-02-15T02:00:00+0100,130.0,EUR/MWh,NL,NL,day_ahead_price,value,2026-08-05T16:11:06Z
2023-02-15T02:00:00Z,2023-02-15T03:00:00+0100,130.01,EUR/MWh,NL,NL,day_ahead_price,value,2026-08-05T16:11:06Z
2023-02-15T03:00:00Z,2023-02-15T04:00:00+0100,125.8,EUR/MWh,NL,NL,day_ahead_price,value,2026-08-05T16:11:06Z
2023-02-15T04:00:00Z,2023-02-15T05:00:00+0100,132.4,EUR/MWh,NL,NL,day_ahead_price,value,2026-08-05T16:11:06Z
2023-02-15T05:00:00Z,2023-02-15T06:00:00+0100,132.8,EUR/MWh,NL,NL,day_ahead_price,value,2026-08-05T16:11:06Z
2023-02-15T06:00:00Z,2023-02-15T07:00:00+0100,185.0,EUR/MWh,NL,NL,day_ahead_price,value,2026-08-05T16:11:06Z
2023-02-15T07:00:00Z,2023-02-15T08:00:00+0100,188.76,EUR/MWh,NL,NL,day_ahead_price,value,2026-08-05T16:11:06Z
2023-02-15T08:00:00Z,2023-02-15T09:00:00+0100,171.22,EUR/MWh,NL,NL,day_ahead_price,value,2026-08-05T16:11:06Z
2023-02-15T09:00:00Z,2023-02-15T10:00:00+0100,146.35,EUR/MWh,NL,NL,day_ahead_price,value,2026-08-05T16:11:06Z
2023-02-15T10:00:00Z,2023-02-15T11:00:00+0100,124.65,EUR/MWh,NL,NL,day_ahead_price,value,2026-08-05T16:11:06Z
2023-02-15T11:00:00Z,2023-02-15T12:00:00+0100,117.28,EUR/MWh,NL,NL,day_ahead_price,value,2026-08-05T16:11:06Z
2023-02-15T12:00:00Z,2023-02-15T13:00:00+0100,116.6,EUR/MWh,NL,NL,day_ahead_price,value,2026-08-05T16:11:06Z
2023-02-15T13:00:00Z,2023-02-15T14:00:00+0100,120.47,EUR/MWh,NL,NL,day_ahead_price,value,2026-08-05T16:11:06Z
2023-02-15T14:00:00Z,2023-02-15T15:00:00+0100,120.0,EUR/MWh,NL,NL,day_ahead_price,value,2026-08-05T16:11:06Z
2023-02-15T15:00:00Z,2023-02-15T16:00:00+0100,142.78,EUR/MWh,NL,NL,day_ahead_price,value,2026-08-05T16:11:06Z
2023-02-15T16:00:00Z,2023-02-15T17:00:00+0100,159.23,EUR/MWh,NL,NL,day_ahead_price,value,2026-08-05T16:11:06Z
2023-02-15T17:00:00Z,2023-02-15T18:00:00+0100,174.22,EUR/MWh,NL,NL,day_ahead_price,value,2026-08-05T16:11:06Z
2023-02-15T18:00:00Z,2023-02-15T19:00:00+0100,159.21,EUR/MWh,NL,NL,day_ahead_price,value,2026-08-05T16:11:06Z
2023-02-15T19:00:00Z,2023-02-15T20:00:00+0100,120.1,EUR/MWh,NL,NL,day_ahead_price,value,2026-08-05T16:11:06Z
2023-02-15T20:00:00Z,2023-02-15T21:00:00+0100,119.4,EUR/MWh,NL,NL,day_ahead_price,value,2026-08-05T16:11:06Z
2023-02-15T21:00:00Z,2023-02-15T22:00:00+0100,116.7,EUR/MWh,NL,NL,day_ahead_price,value,2026-08-05T16:11:06Z
2023-02-15T22:00:00Z,2023-02-15T23:00:00+0100,105.1,EUR/MWh,NL,NL,day_ahead_price,value,2026-08-05T16:11:06Z
2023-02-15T23:00:00Z,2023-02-16T00:00:00+0100,91.02,EUR/MWh,NL,NL,day_ahead_price,value,2026-08-05T16:11:06Z
2023-02-16T00:00:00Z,2023-02-16T01:00:00+0100,102.07,EUR/MWh,NL,NL,day_ahead_price,value,2026-08-05T16:11:06Z
2023-02-16T01:00:00Z,2023-02-16T02:00:00+0100,107.9,EUR/MWh,NL,NL,day_ahead_price,value,2026-08-05T16:11:06Z
2023-02-16T02:00:00Z,2023-02-16T03:00:00+0100,102.03,EUR/MWh,NL,NL,day_ahead_price,value,2026-08-05T16:11:06Z
2023-02-16T03:00:00Z,2023-02-16T04:00:00+0100,106.79,EUR/MWh,NL,NL,day_ahead_price,value,2026-08-05T16:11:06Z
2023-02-16T04:00:00Z,2023-02-16T05:00:00+0100,117.7,EUR/MWh,NL,NL,day_ahead_price,value,2026-08-05T16:11:06Z
2023-02-16T05:00:00Z,2023-02-16T06:00:00+0100,139.9,EUR/MWh,NL,NL,day_ahead_price,value,2026-08-05T16:11:06Z
2023-02-16T06:00:00Z,2023-02-16T07:00:00+0100,166.61,EUR/MWh,NL,NL,day_ahead_price,value,2026-08-05T16:11:06Z
2023-02-16T07:00:00Z,2023-02-16T08:00:00+0100,175.41,EUR/MWh,NL,NL,day_ahead_price,value,2026-08-05T16:11:06Z
2023-02-16T08:00:00Z,2023-02-16T09:00:00+0100,168.13,EUR/MWh,NL,NL,day_ahead_price,value,2026-08-05T16:11:06Z
2023-02-16T09:00:00Z,2023-02-16T10:00:00+0100,154.38,EUR/MWh,NL,NL,day_ahead_price,value,2026-08-05T16:11:06Z
2023-02-16T10:00:00Z,2023-02-16T11:00:00+0100,142.15,EUR/MWh,NL,NL,day_ahead_price,value,2026-08-05T16:11:06Z
2023-02-16T11:00:00Z,2023-02-16T12:00:00+0100,127.77,EUR/MWh,NL,NL,day_ahead_price,value,2026-08-05T16:11:06Z
2023-02-16T12:00:00Z,2023-02-16T13:00:00+0100,120.27,EUR/MWh,NL,NL,day_ahead_price,value,2026-08-05T16:11:06Z
2023-02-16T13:00:00Z,2023-02-16T14:00:00+0100,127.93,EUR/MWh,NL,NL,day_ahead_price,value,2026-08-05T16:11:06Z
2023-02-16T14:00:00Z,2023-02-16T15:00:00+0100,134.95,EUR/MWh,NL,NL,day_ahead_price,value,2026-08-05T16:11:06Z
2023-02-16T15:00:00Z,2023-02-16T16:00:00+0100,140.96,EUR/MWh,NL,NL,day_ahead_price,value,2026-08-05T16:11:06Z
2023-02-16T16:00:00Z,2023-02-16T17:00:00+0100,166.0,EUR/MWh,NL,NL,day_ahead_price,value,2026-08-05T16:11:06Z
2023-02-16T17:00:00Z,2023-02-16T18:00:00+0100,166.53,EUR/MWh,NL,NL,day_ahead_price,value,2026-08-05T16:11:06Z
2023-02-16T18:00:00Z,2023-02-16T19:00:00+0100,154.65,EUR/MWh,NL,NL,day_ahead_price,value,2026-08-05T16:11:06Z
2023-02-16T19:00:00Z,2023-02-16T20:00:00+0100,129.9,EUR/MWh,NL,NL,day_ahead_price,value,2026-08-05T16:11:06Z
2023-02-16T20:00:00Z,2023-02-16T21:00:00+0100,131.14,EUR/MWh,NL,NL,day_ahead_price,value,2026-08-05T16:11:06Z
2023-02-16T21:00:00Z,2023-02-16T22:00:00+0100,124.5,EUR/MWh,NL,NL,day_ahead_price,value,2026-08-05T16:11:06Z
2023-02-16T22:00:00Z,2023-02-16T23:00:00+0100,111.61,EUR/MWh,NL,NL,day_ahead_price,value,2026-08-05T16:11:06Z
2023-02-16T23:00:00Z,2023-02-17T00:00:00+0100,104.09,EUR/MWh,NL,NL,day_ahead_price,value,2026-08-05T16:11:06Z
2023-02-17T00:00:00Z,2023-02-17T01:00:00+0100,98.52,EUR/MWh,NL,NL,day_ahead_price,value,2026-08-05T16:11:06Z
2023-02-17T01:00:00Z,2023-02-17T02:00:00+0100,92.74,EUR/MWh,NL,NL,day_ahead_price,value,2026-08-05T16:11:06Z
2023-02-17T02:00:00Z,2023-02-17T03:00:00+0100,86.31,EUR/MWh,NL,NL,day_ahead_price,value,2026-08-05T16:11:06Z
2023-02-17T03:00:00Z,2023-02-17T04:00:00+0100,81.27,EUR/MWh,NL,NL,day_ahead_price,value,2026-08-05T16:11:06Z
2023-02-17T04:00:00Z,2023-02-17T05:00:00+0100,85.95,EUR/MWh,NL,NL,day_ahead_price,value,2026-08-05T16:11:06Z
2023-02-17T05:00:00Z,2023-02-17T06:00:00+0100,100.0,EUR/MWh,NL,NL,day_ahead_price,value,2026-08-05T16:11:06Z
2023-02-17T06:00:00Z,2023-02-17T07:00:00+0100,120.1,EUR/MWh,NL,NL,day_ahead_price,value,2026-08-05T16:11:06Z
2023-02-17T07:00:00Z,2023-02-17T08:00:00+0100,129.9,EUR/MWh,NL,NL,day_ahead_price,value,2026-08-05T16:11:06Z
2023-02-17T08:00:00Z,2023-02-17T09:00:00+0100,113.8,EUR/MWh,NL,NL,day_ahead_price,value,2026-08-05T16:11:06Z
2023-02-17T09:00:00Z,2023-02-17T10:00:00+0100,109.4,EUR/MWh,NL,NL,day_ahead_price,value,2026-08-05T16:11:06Z
2023-02-17T10:00:00Z,2023-02-17T11:00:00+0100,109.4,EUR/MWh,NL,NL,day_ahead_price,value,2026-08-05T16:11:06Z
2023-02-17T11:00:00Z,2023-02-17T12:00:00+0100,105.66,EUR/MWh,NL,NL,day_ahead_price,value,2026-08-05T16:11:06Z
2023-02-17T12:00:00Z,2023-02-17T13:00:00+0100,89.41,EUR/MWh,NL,NL,day_ahead_price,value,2026-08-05T16:11:06Z
2023-02-17T13:00:00Z,2023-02-17T14:00:00+0100,82.56,EUR/MWh,NL,NL,day_ahead_price,value,2026-08-05T16:11:06Z
2023-02-17T14:00:00Z,2023-02-17T15:00:00+0100,95.0,EUR/MWh,NL,NL,day_ahead_price,value,2026-08-05T16:11:06Z
2023-02-17T15:00:00Z,2023-02-17T16:00:00+0100,100.0,EUR/MWh,NL,NL,day_ahead_price,value,2026-08-05T16:11:06Z
2023-02-17T16:00:00Z,2023-02-17T17:00:00+0100,115.0,EUR/MWh,NL,NL,day_ahead_price,value,2026-08-05T16:11:06Z
2023-02-17T17:00:00Z,2023-02-17T18:00:00+0100,130.0,EUR/MWh,NL,NL,day_ahead_price,value,2026-08-05T16:11:06Z
2023-02-17T18:00:00Z,2023-02-17T19:00:00+0100,125.56,EUR/MWh,NL,NL,day_ahead_price,value,2026-08-05T16:11:06Z
2023-02-17T19:00:00Z,2023-02-17T20:00:00+0100,120.0,EUR/MWh,NL,NL,day_ahead_price,value,2026-08-05T16:11:06Z
2023-02-17T20:00:00Z,2023-02-17T21:00:00+0100,109.4,EUR/MWh,NL,NL,day_ahead_price,value,2026-08-05T16:11:06Z
2023-02-17T21:00:00Z,2023-02-17T22:00:00+0100,117.0,EUR/MWh,NL,NL,day_ahead_price,value,2026-08-05T16:11:06Z
2023-02-17T22:00:00Z,2023-02-17T23:00:00+0100,101.79,EUR/MWh,NL,NL,day_ahead_price,value,2026-08-05T16:11:06Z
2023-02-17T23:00:00Z,2023-02-18T00:00:00+0100,110.0,EUR/MWh,NL,NL,day_ahead_price,value,2026-08-05T16:11:06Z
2023-02-18T00:00:00Z,2023-02-18T01:00:00+0100,70.1,EUR/MWh,NL,NL,day_ahead_price,value,2026-08-05T16:11:06Z
2023-02-18T01:00:00Z,2023-02-18T02:00:00+0100,60.0,EUR/MWh,NL,NL,day_ahead_price,value,2026-08-05T16:11:06Z
2023-02-18T02:00:00Z,2023-02-18T03:00:00+0100,59.33,EUR/MWh,NL,NL,day_ahead_price,value,2026-08-05T16:11:06Z
2023-02-18T03:00:00Z,2023-02-18T04:00:00+0100,67.14,EUR/MWh,NL,NL,day_ahead_price,value,2026-08-05T16:11:06Z
2023-02-18T04:00:00Z,2023-02-18T05:00:00+0100,70.1,EUR/MWh,NL,NL,day_ahead_price,value,2026-08-05T16:11:06Z
2023-02-18T05:00:00Z,2023-02-18T06:00:00+0100,82.26,EUR/MWh,NL,NL,day_ahead_price,value,2026-08-05T16:11:06Z
2023-02-18T06:00:00Z,2023-02-18T07:00:00+0100,91.14,EUR/MWh,NL,NL,day_ahead_price,value,2026-08-05T16:11:06Z
2023-02-18T07:00:00Z,2023-02-18T08:00:00+0100,109.66,EUR/MWh,NL,NL,day_ahead_price,value,2026-08-05T16:11:06Z
2023-02-18T08:00:00Z,2023-02-18T09:00:00+0100,118.2,EUR/MWh,NL,NL,day_ahead_price,value,2026-08-05T16:11:06Z
2023-02-18T09:00:00Z,2023-02-18T10:00:00+0100,108.23,EUR/MWh,NL,NL,day_ahead_price,value,2026-08-05T16:11:06Z
2023-02-18T10:00:00Z,2023-02-18T11:00:00+0100,103.27,EUR/MWh,NL,NL,day_ahead_price,value,2026-08-05T16:11:06Z
2023-02-18T11:00:00Z,2023-02-18T12:00:00+0100,94.75,EUR/MWh,NL,NL,day_ahead_price,value,2026-08-05T16:11:06Z
2023-02-18T12:00:00Z,2023-02-18T13:00:00+0100,83.01,EUR/MWh,NL,NL,day_ahead_price,value,2026-08-05T16:11:06Z
2023-02-18T13:00:00Z,2023-02-18T14:00:00+0100,86.37,EUR/MWh,NL,NL,day_ahead_price,value,2026-08-05T16:11:06Z
2023-02-18T14:00:00Z,2023-02-18T15:00:00+0100,96.68,EUR/MWh,NL,NL,day_ahead_price,value,2026-08-05T16:11:06Z
2023-02-18T15:00:00Z,2023-02-18T16:00:00+0100,110.0,EUR/MWh,NL,NL,day_ahead_price,value,2026-08-05T16:11:06Z
2023-02-18T16:00:00Z,2023-02-18T17:00:00+0100,128.7,EUR/MWh,NL,NL,day_ahead_price,value,2026-08-05T16:11:06Z
2023-02-18T17:00:00Z,2023-02-18T18:00:00+0100,146.87,EUR/MWh,NL,NL,day_ahead_price,value,2026-08-05T16:11:06Z
2023-02-18T18:00:00Z,2023-02-18T19:00:00+0100,150.46,EUR/MWh,NL,NL,day_ahead_price,value,2026-08-05T16:11:06Z
2023-02-18T19:00:00Z,2023-02-18T20:00:00+0100,135.29,EUR/MWh,NL,NL,day_ahead_price,value,2026-08-05T16:11:06Z
2023-02-18T20:00:00Z,2023-02-18T21:00:00+0100,120.55,EUR/MWh,NL,NL,day_ahead_price,value,2026-08-05T16:11:06Z
2023-02-18T21:00:00Z,2023-02-18T22:00:00+0100,117.0,EUR/MWh,NL,NL,day_ahead_price,value,2026-08-05T16:11:06Z
2023-02-18T22:00:00Z,2023-02-18T23:00:00+0100,113.68,EUR/MWh,NL,NL,day_ahead_price,value,2026-08-05T16:11:06Z
2023-02-18T23:00:00Z,2023-02-19T00:00:00+0100,110.82,EUR/MWh,NL,NL,day_ahead_price,value,2026-08-05T16:11:06Z
2023-02-19T00:00:00Z,2023-02-19T01:00:00+0100,105.37,EUR/MWh,NL,NL,day_ahead_price,value,2026-08-05T16:11:06Z
2023-02-19T01:00:00Z,2023-02-19T02:00:00+0100,100.63,EUR/MWh,NL,NL,day_ahead_price,value,2026-08-05T16:11:06Z
2023-02-19T02:00:00Z,2023-02-19T03:00:00+0100,93.0,EUR/MWh,NL,NL,day_ahead_price,value,2026-08-05T16:11:06Z
2023-02-19T03:00:00Z,2023-02-19T04:00:00+0100,92.55,EUR/MWh,NL,NL,day_ahead_price,value,2026-08-05T16:11:06Z
2023-02-19T04:00:00Z,2023-02-19T05:00:00+0100,97.78,EUR/MWh,NL,NL,day_ahead_price,value,2026-08-05T16:11:06Z
2023-02-19T05:00:00Z,2023-02-19T06:00:00+0100,101.32,EUR/MWh,NL,NL,day_ahead_price,value,2026-08-05T16:11:06Z
2023-02-19T06:00:00Z,2023-02-19T07:00:00+0100,109.96,EUR/MWh,NL,NL,day_ahead_price,value,2026-08-05T16:11:06Z
2023-02-19T07:00:00Z,2023-02-19T08:00:00+0100,115.33,EUR/MWh,NL,NL,day_ahead_price,value,2026-08-05T16:11:06Z
2023-02-19T08:00:00Z,2023-02-19T09:00:00+0100,118.44,EUR/MWh,NL,NL,day_ahead_price,value,2026-08-05T16:11:06Z
2023-02-19T09:00:00Z,2023-02-19T10:00:00+0100,116.08,EUR/MWh,NL,NL,day_ahead_price,value,2026-08-05T16:11:06Z
2023-02-19T10:00:00Z,2023-02-19T11:00:00+0100,113.7,EUR/MWh,NL,NL,day_ahead_price,value,2026-08-05T16:11:06Z
2023-02-19T11:00:00Z,2023-02-19T12:00:00+0100,112.75,EUR/MWh,NL,NL,day_ahead_price,value,2026-08-05T16:11:06Z
2023-02-19T12:00:00Z,2023-02-19T13:00:00+0100,115.7,EUR/MWh,NL,NL,day_ahead_price,value,2026-08-05T16:11:06Z
2023-02-19T13:00:00Z,2023-02-19T14:00:00+0100,114.1,EUR/MWh,NL,NL,day_ahead_price,value,2026-08-05T16:11:06Z
2023-02-19T14:00:00Z,2023-02-19T15:00:00+0100,107.66,EUR/MWh,NL,NL,day_ahead_price,value,2026-08-05T16:11:06Z
2023-02-19T15:00:00Z,2023-02-19T16:00:00+0100,120.0,EUR/MWh,NL,NL,day_ahead_price,value,2026-08-05T16:11:06Z
2023-02-19T16:00:00Z,2023-02-19T17:00:00+0100,141.0,EUR/MWh,NL,NL,day_ahead_price,value,2026-08-05T16:11:06Z
2023-02-19T17:00:00Z,2023-02-19T18:00:00+0100,158.5,EUR/MWh,NL,NL,day_ahead_price,value,2026-08-05T16:11:06Z
2023-02-19T18:00:00Z,2023-02-19T19:00:00+0100,158.18,EUR/MWh,NL,NL,day_ahead_price,value,2026-08-05T16:11:06Z
2023-02-19T19:00:00Z,2023-02-19T20:00:00+0100,142.67,EUR/MWh,NL,NL,day_ahead_price,value,2026-08-05T16:11:06Z
2023-02-19T20:00:00Z,2023-02-19T21:00:00+0100,134.17,EUR/MWh,NL,NL,day_ahead_price,value,2026-08-05T16:11:06Z
2023-02-19T21:00:00Z,2023-02-19T22:00:00+0100,128.14,EUR/MWh,NL,NL,day_ahead_price,value,2026-08-05T16:11:06Z
2023-02-19T22:00:00Z,2023-02-19T23:00:00+0100,100.6,EUR/MWh,NL,NL,day_ahead_price,value,2026-08-05T16:11:06Z
2023-02-19T23:00:00Z,2023-02-20T00:00:00+0100,78.87,EUR/MWh,NL,NL,day_ahead_price,value,2026-08-05T16:11:06Z
2023-02-20T00:00:00Z,2023-02-20T01:00:00+0100,64.9,EUR/MWh,NL,NL,day_ahead_price,value,2026-08-05T16:11:06Z
2023-02-20T01:00:00Z,2023-02-20T02:00:00+0100,48.86,EUR/MWh,NL,NL,day_ahead_price,value,2026-08-05T16:11:06Z
2023-02-20T02:00:00Z,2023-02-20T03:00:00+0100,34.0,EUR/MWh,NL,NL,day_ahead_price,value,2026-08-05T16:11:06Z
2023-02-20T03:00:00Z,2023-02-20T04:00:00+0100,29.13,EUR/MWh,NL,NL,day_ahead_price,value,2026-08-05T16:11:06Z
2023-02-20T04:00:00Z,2023-02-20T05:00:00+0100,38.24,EUR/MWh,NL,NL,day_ahead_price,value,2026-08-05T16:11:06Z
2023-02-20T05:00:00Z,2023-02-20T06:00:00+0100,72.3,EUR/MWh,NL,NL,day_ahead_price,value,2026-08-05T16:11:06Z
2023-02-20T06:00:00Z,2023-02-20T07:00:00+0100,100.0,EUR/MWh,NL,NL,day_ahead_price,value,2026-08-05T16:11:06Z
2023-02-20T07:00:00Z,2023-02-20T08:00:00+0100,110.0,EUR/MWh,NL,NL,day_ahead_price,value,2026-08-05T16:11:06Z
2023-02-20T08:00:00Z,2023-02-20T09:00:00+0100,111.9,EUR/MWh,NL,NL,day_ahead_price,value,2026-08-05T16:11:06Z
2023-02-20T09:00:00Z,2023-02-20T10:00:00+0100,106.38,EUR/MWh,NL,NL,day_ahead_price,value,2026-08-05T16:11:06Z
2023-02-20T10:00:00Z,2023-02-20T11:00:00+0100,94.0,EUR/MWh,NL,NL,day_ahead_price,value,2026-08-05T16:11:06Z
2023-02-20T11:00:00Z,2023-02-20T12:00:00+0100,102.77,EUR/MWh,NL,NL,day_ahead_price,value,2026-08-05T16:11:06Z
2023-02-20T12:00:00Z,2023-02-20T13:00:00+0100,84.9,EUR/MWh,NL,NL,day_ahead_price,value,2026-08-05T16:11:06Z
2023-02-20T13:00:00Z,2023-02-20T14:00:00+0100,99.0,EUR/MWh,NL,NL,day_ahead_price,value,2026-08-05T16:11:06Z
2023-02-20T14:00:00Z,2023-02-20T15:00:00+0100,109.0,EUR/MWh,NL,NL,day_ahead_price,value,2026-08-05T16:11:06Z
2023-02-20T15:00:00Z,2023-02-20T16:00:00+0100,91.1,EUR/MWh,NL,NL,day_ahead_price,value,2026-08-05T16:11:06Z
2023-02-20T16:00:00Z,2023-02-20T17:00:00+0100,129.0,EUR/MWh,NL,NL,day_ahead_price,value,2026-08-05T16:11:06Z
2023-02-20T17:00:00Z,2023-02-20T18:00:00+0100,173.1,EUR/MWh,NL,NL,day_ahead_price,value,2026-08-05T16:11:06Z
2023-02-20T18:00:00Z,2023-02-20T19:00:00+0100,146.0,EUR/MWh,NL,NL,day_ahead_price,value,2026-08-05T16:11:06Z
2023-02-20T19:00:00Z,2023-02-20T20:00:00+0100,148.4,EUR/MWh,NL,NL,day_ahead_price,value,2026-08-05T16:11:06Z
2023-02-20T20:00:00Z,2023-02-20T21:00:00+0100,130.0,EUR/MWh,NL,NL,day_ahead_price,value,2026-08-05T16:11:06Z
2023-02-20T21:00:00Z,2023-02-20T22:00:00+0100,125.4,EUR/MWh,NL,NL,day_ahead_price,value,2026-08-05T16:11:06Z
2023-02-20T22:00:00Z,2023-02-20T23:00:00+0100,108.8,EUR/MWh,NL,NL,day_ahead_price,value,2026-08-05T16:11:06Z
2023-02-20T23:00:00Z,2023-02-21T00:00:00+0100,106.0,EUR/MWh,NL,NL,day_ahead_price,value,2026-08-05T16:11:06Z
2023-02-21T00:00:00Z,2023-02-21T01:00:00+0100,108.0,EUR/MWh,NL,NL,day_ahead_price,value,2026-08-05T16:11:06Z
2023-02-21T01:00:00Z,2023-02-21T02:00:00+0100,93.24,EUR/MWh,NL,NL,day_ahead_price,value,2026-08-05T16:11:06Z
2023-02-21T02:00:00Z,2023-02-21T03:00:00+0100,121.5,EUR/MWh,NL,NL,day_ahead_price,value,2026-08-05T16:11:06Z
2023-02-21T03:00:00Z,2023-02-21T04:00:00+0100,108.3,EUR/MWh,NL,NL,day_ahead_price,value,2026-08-05T16:11:06Z
2023-02-21T04:00:00Z,2023-02-21T05:00:00+0100,99.9,EUR/MWh,NL,NL,day_ahead_price,value,2026-08-05T16:11:06Z
2023-02-21T05:00:00Z,2023-02-21T06:00:00+0100,133.7,EUR/MWh,NL,NL,day_ahead_price,value,2026-08-05T16:11:06Z
2023-02-21T06:00:00Z,2023-02-21T07:00:00+0100,146.88,EUR/MWh,NL,NL,day_ahead_price,value,2026-08-05T16:11:06Z
2023-02-21T07:00:00Z,2023-02-21T08:00:00+0100,152.08,EUR/MWh,NL,NL,day_ahead_price,value,2026-08-05T16:11:06Z
2023-02-21T08:00:00Z,2023-02-21T09:00:00+0100,167.93,EUR/MWh,NL,NL,day_ahead_price,value,2026-08-05T16:11:06Z
2023-02-21T09:00:00Z,2023-02-21T10:00:00+0100,150.0,EUR/MWh,NL,NL,day_ahead_price,value,2026-08-05T16:11:06Z
2023-02-21T10:00:00Z,2023-02-21T11:00:00+0100,128.52,EUR/MWh,NL,NL,day_ahead_price,value,2026-08-05T16:11:06Z
2023-02-21T11:00:00Z,2023-02-21T12:00:00+0100,122.94,EUR/MWh,NL,NL,day_ahead_price,value,2026-08-05T16:11:06Z
2023-02-21T12:00:00Z,2023-02-21T13:00:00+0100,120.16,EUR/MWh,NL,NL,day_ahead_price,value,2026-08-05T16:11:06Z
2023-02-21T13:00:00Z,2023-02-21T14:00:00+0100,124.79,EUR/MWh,NL,NL,day_ahead_price,value,2026-08-05T16:11:06Z
2023-02-21T14:00:00Z,2023-02-21T15:00:00+0100,130.56,EUR/MWh,NL,NL,day_ahead_price,value,2026-08-05T16:11:06Z
2023-02-21T15:00:00Z,2023-02-21T16:00:00+0100,148.98,EUR/MWh,NL,NL,day_ahead_price,value,2026-08-05T16:11:06Z
2023-02-21T16:00:00Z,2023-02-21T17:00:00+0100,164.85,EUR/MWh,NL,NL,day_ahead_price,value,2026-08-05T16:11:06Z
2023-02-21T17:00:00Z,2023-02-21T18:00:00+0100,178.13,EUR/MWh,NL,NL,day_ahead_price,value,2026-08-05T16:11:06Z
2023-02-21T18:00:00Z,2023-02-21T19:00:00+0100,177.1,EUR/MWh,NL,NL,day_ahead_price,value,2026-08-05T16:11:06Z
2023-02-21T19:00:00Z,2023-02-21T20:00:00+0100,170.0,EUR/MWh,NL,NL,day_ahead_price,value,2026-08-05T16:11:06Z
2023-02-21T20:00:00Z,2023-02-21T21:00:00+0100,158.8,EUR/MWh,NL,NL,day_ahead_price,value,2026-08-05T16:11:06Z
2023-02-21T21:00:00Z,2023-02-21T22:00:00+0100,153.2,EUR/MWh,NL,NL,day_ahead_price,value,2026-08-05T16:11:06Z
2023-02-21T22:00:00Z,2023-02-21T23:00:00+0100,142.58,EUR/MWh,NL,NL,day_ahead_price,value,2026-08-05T16:11:06Z
2023-02-21T23:00:00Z,2023-02-22T00:00:00+0100,139.9,EUR/MWh,NL,NL,day_ahead_price,value,2026-08-05T16:11:06Z
2023-02-22T00:00:00Z,2023-02-22T01:00:00+0100,125.2,EUR/MWh,NL,NL,day_ahead_price,value,2026-08-05T16:11:06Z
2023-02-22T01:00:00Z,2023-02-22T02:00:00+0100,125.3,EUR/MWh,NL,NL,day_ahead_price,value,2026-08-05T16:11:06Z
2023-02-22T02:00:00Z,2023-02-22T03:00:00+0100,117.28,EUR/MWh,NL,NL,day_ahead_price,value,2026-08-05T16:11:06Z
2023-02-22T03:00:00Z,2023-02-22T04:00:00+0100,117.31,EUR/MWh,NL,NL,day_ahead_price,value,2026-08-05T16:11:06Z
2023-02-22T04:00:00Z,2023-02-22T05:00:00+0100,116.4,EUR/MWh,NL,NL,day_ahead_price,value,2026-08-05T16:11:06Z
2023-02-22T05:00:00Z,2023-02-22T06:00:00+0100,148.0,EUR/MWh,NL,NL,day_ahead_price,value,2026-08-05T16:11:06Z
2023-02-22T06:00:00Z,2023-02-22T07:00:00+0100,173.13,EUR/MWh,NL,NL,day_ahead_price,value,2026-08-05T16:11:06Z
2023-02-22T07:00:00Z,2023-02-22T08:00:00+0100,176.34,EUR/MWh,NL,NL,day_ahead_price,value,2026-08-05T16:11:06Z
2023-02-22T08:00:00Z,2023-02-22T09:00:00+0100,164.55,EUR/MWh,NL,NL,day_ahead_price,value,2026-08-05T16:11:06Z
2023-02-22T09:00:00Z,2023-02-22T10:00:00+0100,151.24,EUR/MWh,NL,NL,day_ahead_price,value,2026-08-05T16:11:06Z
2023-02-22T10:00:00Z,2023-02-22T11:00:00+0100,123.96,EUR/MWh,NL,NL,day_ahead_price,value,2026-08-05T16:11:06Z
2023-02-22T11:00:00Z,2023-02-22T12:00:00+0100,118.67,EUR/MWh,NL,NL,day_ahead_price,value,2026-08-05T16:11:06Z
2023-02-22T12:00:00Z,2023-02-22T13:00:00+0100,126.0,EUR/MWh,NL,NL,day_ahead_price,value,2026-08-05T16:11:06Z
2023-02-22T13:00:00Z,2023-02-22T14:00:00+0100,136.0,EUR/MWh,NL,NL,day_ahead_price,value,2026-08-05T16:11:06Z
2023-02-22T14:00:00Z,2023-02-22T15:00:00+0100,150.9,EUR/MWh,NL,NL,day_ahead_price,value,2026-08-05T16:11:06Z
2023-02-22T15:00:00Z,2023-02-22T16:00:00+0100,156.95,EUR/MWh,NL,NL,day_ahead_price,value,2026-08-05T16:11:06Z
2023-02-22T16:00:00Z,2023-02-22T17:00:00+0100,165.01,EUR/MWh,NL,NL,day_ahead_price,value,2026-08-05T16:11:06Z
2023-02-22T17:00:00Z,2023-02-22T18:00:00+0100,175.0,EUR/MWh,NL,NL,day_ahead_price,value,2026-08-05T16:11:06Z
2023-02-22T18:00:00Z,2023-02-22T19:00:00+0100,172.73,EUR/MWh,NL,NL,day_ahead_price,value,2026-08-05T16:11:06Z
2023-02-22T19:00:00Z,2023-02-22T20:00:00+0100,162.06,EUR/MWh,NL,NL,day_ahead_price,value,2026-08-05T16:11:06Z
2023-02-22T20:00:00Z,2023-02-22T21:00:00+0100,154.02,EUR/MWh,NL,NL,day_ahead_price,value,2026-08-05T16:11:06Z
2023-02-22T21:00:00Z,2023-02-22T22:00:00+0100,144.84,EUR/MWh,NL,NL,day_ahead_price,value,2026-08-05T16:11:06Z
2023-02-22T22:00:00Z,2023-02-22T23:00:00+0100,134.45,EUR/MWh,NL,NL,day_ahead_price,value,2026-08-05T16:11:06Z
2023-02-22T23:00:00Z,2023-02-23T00:00:00+0100,134.67,EUR/MWh,NL,NL,day_ahead_price,value,2026-08-05T16:11:06Z
2023-02-23T00:00:00Z,2023-02-23T01:00:00+0100,131.39,EUR/MWh,NL,NL,day_ahead_price,value,2026-08-05T16:11:06Z
2023-02-23T01:00:00Z,2023-02-23T02:00:00+0100,128.99,EUR/MWh,NL,NL,day_ahead_price,value,2026-08-05T16:11:06Z
2023-02-23T02:00:00Z,2023-02-23T03:00:00+0100,124.78,EUR/MWh,NL,NL,day_ahead_price,value,2026-08-05T16:11:06Z
2023-02-23T03:00:00Z,2023-02-23T04:00:00+0100,125.18,EUR/MWh,NL,NL,day_ahead_price,value,2026-08-05T16:11:06Z
2023-02-23T04:00:00Z,2023-02-23T05:00:00+0100,129.93,EUR/MWh,NL,NL,day_ahead_price,value,2026-08-05T16:11:06Z
2023-02-23T05:00:00Z,2023-02-23T06:00:00+0100,153.98,EUR/MWh,NL,NL,day_ahead_price,value,2026-08-05T16:11:06Z
2023-02-23T06:00:00Z,2023-02-23T07:00:00+0100,170.0,EUR/MWh,NL,NL,day_ahead_price,value,2026-08-05T16:11:06Z
2023-02-23T07:00:00Z,2023-02-23T08:00:00+0100,178.06,EUR/MWh,NL,NL,day_ahead_price,value,2026-08-05T16:11:06Z
2023-02-23T08:00:00Z,2023-02-23T09:00:00+0100,163.96,EUR/MWh,NL,NL,day_ahead_price,value,2026-08-05T16:11:06Z
2023-02-23T09:00:00Z,2023-02-23T10:00:00+0100,139.9,EUR/MWh,NL,NL,day_ahead_price,value,2026-08-05T16:11:06Z
2023-02-23T10:00:00Z,2023-02-23T11:00:00+0100,130.0,EUR/MWh,NL,NL,day_ahead_price,value,2026-08-05T16:11:06Z
2023-02-23T11:00:00Z,2023-02-23T12:00:00+0100,131.75,EUR/MWh,NL,NL,day_ahead_price,value,2026-08-05T16:11:06Z
2023-02-23T12:00:00Z,2023-02-23T13:00:00+0100,124.23,EUR/MWh,NL,NL,day_ahead_price,value,2026-08-05T16:11:06Z
2023-02-23T13:00:00Z,2023-02-23T14:00:00+0100,128.97,EUR/MWh,NL,NL,day_ahead_price,value,2026-08-05T16:11:06Z
2023-02-23T14:00:00Z,2023-02-23T15:00:00+0100,118.0,EUR/MWh,NL,NL,day_ahead_price,value,2026-08-05T16:11:06Z
2023-02-23T15:00:00Z,2023-02-23T16:00:00+0100,127.55,EUR/MWh,NL,NL,day_ahead_price,value,2026-08-05T16:11:06Z
2023-02-23T16:00:00Z,2023-02-23T17:00:00+0100,151.89,EUR/MWh,NL,NL,day_ahead_price,value,2026-08-05T16:11:06Z
2023-02-23T17:00:00Z,2023-02-23T18:00:00+0100,165.22,EUR/MWh,NL,NL,day_ahead_price,value,2026-08-05T16:11:06Z
2023-02-23T18:00:00Z,2023-02-23T19:00:00+0100,165.0,EUR/MWh,NL,NL,day_ahead_price,value,2026-08-05T16:11:06Z
2023-02-23T19:00:00Z,2023-02-23T20:00:00+0100,149.9,EUR/MWh,NL,NL,day_ahead_price,value,2026-08-05T16:11:06Z
2023-02-23T20:00:00Z,2023-02-23T21:00:00+0100,151.14,EUR/MWh,NL,NL,day_ahead_price,value,2026-08-05T16:11:06Z
2023-02-23T21:00:00Z,2023-02-23T22:00:00+0100,141.5,EUR/MWh,NL,NL,day_ahead_price,value,2026-08-05T16:11:06Z
2023-02-23T22:00:00Z,2023-02-23T23:00:00+0100,132.94,EUR/MWh,NL,NL,day_ahead_price,value,2026-08-05T16:11:06Z
2023-02-23T23:00:00Z,2023-02-24T00:00:00+0100,133.65,EUR/MWh,NL,NL,day_ahead_price,value,2026-08-05T16:11:06Z
2023-02-24T00:00:00Z,2023-02-24T01:00:00+0100,153.0,EUR/MWh,NL,NL,day_ahead_price,value,2026-08-05T16:11:06Z
2023-02-24T01:00:00Z,2023-02-24T02:00:00+0100,125.8,EUR/MWh,NL,NL,day_ahead_price,value,2026-08-05T16:11:06Z
2023-02-24T02:00:00Z,2023-02-24T03:00:00+0100,128.96,EUR/MWh,NL,NL,day_ahead_price,value,2026-08-05T16:11:06Z
2023-02-24T03:00:00Z,2023-02-24T04:00:00+0100,117.55,EUR/MWh,NL,NL,day_ahead_price,value,2026-08-05T16:11:06Z
2023-02-24T04:00:00Z,2023-02-24T05:00:00+0100,110.62,EUR/MWh,NL,NL,day_ahead_price,value,2026-08-05T16:11:06Z
2023-02-24T05:00:00Z,2023-02-24T06:00:00+0100,120.0,EUR/MWh,NL,NL,day_ahead_price,value,2026-08-05T16:11:06Z
2023-02-24T06:00:00Z,2023-02-24T07:00:00+0100,144.0,EUR/MWh,NL,NL,day_ahead_price,value,2026-08-05T16:11:06Z
2023-02-24T07:00:00Z,2023-02-24T08:00:00+0100,171.0,EUR/MWh,NL,NL,day_ahead_price,value,2026-08-05T16:11:06Z
2023-02-24T08:00:00Z,2023-02-24T09:00:00+0100,168.6,EUR/MWh,NL,NL,day_ahead_price,value,2026-08-05T16:11:06Z
2023-02-24T09:00:00Z,2023-02-24T10:00:00+0100,150.1,EUR/MWh,NL,NL,day_ahead_price,value,2026-08-05T16:11:06Z
2023-02-24T10:00:00Z,2023-02-24T11:00:00+0100,135.74,EUR/MWh,NL,NL,day_ahead_price,value,2026-08-05T16:11:06Z
2023-02-24T11:00:00Z,2023-02-24T12:00:00+0100,125.96,EUR/MWh,NL,NL,day_ahead_price,value,2026-08-05T16:11:06Z
2023-02-24T12:00:00Z,2023-02-24T13:00:00+0100,120.0,EUR/MWh,NL,NL,day_ahead_price,value,2026-08-05T16:11:06Z
2023-02-24T13:00:00Z,2023-02-24T14:00:00+0100,108.64,EUR/MWh,NL,NL,day_ahead_price,value,2026-08-05T16:11:06Z
2023-02-24T14:00:00Z,2023-02-24T15:00:00+0100,109.9,EUR/MWh,NL,NL,day_ahead_price,value,2026-08-05T16:11:06Z
2023-02-24T15:00:00Z,2023-02-24T16:00:00+0100,113.2,EUR/MWh,NL,NL,day_ahead_price,value,2026-08-05T16:11:06Z
2023-02-24T16:00:00Z,2023-02-24T17:00:00+0100,124.86,EUR/MWh,NL,NL,day_ahead_price,value,2026-08-05T16:11:06Z
2023-02-24T17:00:00Z,2023-02-24T18:00:00+0100,150.1,EUR/MWh,NL,NL,day_ahead_price,value,2026-08-05T16:11:06Z
2023-02-24T18:00:00Z,2023-02-24T19:00:00+0100,115.1,EUR/MWh,NL,NL,day_ahead_price,value,2026-08-05T16:11:06Z
2023-02-24T19:00:00Z,2023-02-24T20:00:00+0100,129.9,EUR/MWh,NL,NL,day_ahead_price,value,2026-08-05T16:11:06Z
2023-02-24T20:00:00Z,2023-02-24T21:00:00+0100,104.91,EUR/MWh,NL,NL,day_ahead_price,value,2026-08-05T16:11:06Z
2023-02-24T21:00:00Z,2023-02-24T22:00:00+0100,107.46,EUR/MWh,NL,NL,day_ahead_price,value,2026-08-05T16:11:06Z
2023-02-24T22:00:00Z,2023-02-24T23:00:00+0100,83.95,EUR/MWh,NL,NL,day_ahead_price,value,2026-08-05T16:11:06Z
2023-02-24T23:00:00Z,2023-02-25T00:00:00+0100,115.02,EUR/MWh,NL,NL,day_ahead_price,value,2026-08-05T16:11:06Z
2023-02-25T00:00:00Z,2023-02-25T01:00:00+0100,106.91,EUR/MWh,NL,NL,day_ahead_price,value,2026-08-05T16:11:06Z
2023-02-25T01:00:00Z,2023-02-25T02:00:00+0100,103.14,EUR/MWh,NL,NL,day_ahead_price,value,2026-08-05T16:11:06Z
2023-02-25T02:00:00Z,2023-02-25T03:00:00+0100,97.03,EUR/MWh,NL,NL,day_ahead_price,value,2026-08-05T16:11:06Z
2023-02-25T03:00:00Z,2023-02-25T04:00:00+0100,87.0,EUR/MWh,NL,NL,day_ahead_price,value,2026-08-05T16:11:06Z
2023-02-25T04:00:00Z,2023-02-25T05:00:00+0100,95.41,EUR/MWh,NL,NL,day_ahead_price,value,2026-08-05T16:11:06Z
2023-02-25T05:00:00Z,2023-02-25T06:00:00+0100,100.1,EUR/MWh,NL,NL,day_ahead_price,value,2026-08-05T16:11:06Z
2023-02-25T06:00:00Z,2023-02-25T07:00:00+0100,95.3,EUR/MWh,NL,NL,day_ahead_price,value,2026-08-05T16:11:06Z
2023-02-25T07:00:00Z,2023-02-25T08:00:00+0100,119.9,EUR/MWh,NL,NL,day_ahead_price,value,2026-08-05T16:11:06Z
2023-02-25T08:00:00Z,2023-02-25T09:00:00+0100,105.07,EUR/MWh,NL,NL,day_ahead_price,value,2026-08-05T16:11:06Z
2023-02-25T09:00:00Z,2023-02-25T10:00:00+0100,74.4,EUR/MWh,NL,NL,day_ahead_price,value,2026-08-05T16:11:06Z
2023-02-25T10:00:00Z,2023-02-25T11:00:00+0100,54.9,EUR/MWh,NL,NL,day_ahead_price,value,2026-08-05T16:11:06Z
2023-02-25T11:00:00Z,2023-02-25T12:00:00+0100,47.35,EUR/MWh,NL,NL,day_ahead_price,value,2026-08-05T16:11:06Z
2023-02-25T12:00:00Z,2023-02-25T13:00:00+0100,35.05,EUR/MWh,NL,NL,day_ahead_price,value,2026-08-05T16:11:06Z
2023-02-25T13:00:00Z,2023-02-25T14:00:00+0100,52.35,EUR/MWh,NL,NL,day_ahead_price,value,2026-08-05T16:11:06Z
2023-02-25T14:00:00Z,2023-02-25T15:00:00+0100,84.9,EUR/MWh,NL,NL,day_ahead_price,value,2026-08-05T16:11:06Z
2023-02-25T15:00:00Z,2023-02-25T16:00:00+0100,93.9,EUR/MWh,NL,NL,day_ahead_price,value,2026-08-05T16:11:06Z
2023-02-25T16:00:00Z,2023-02-25T17:00:00+0100,124.8,EUR/MWh,NL,NL,day_ahead_price,value,2026-08-05T16:11:06Z
2023-02-25T17:00:00Z,2023-02-25T18:00:00+0100,172.0,EUR/MWh,NL,NL,day_ahead_price,value,2026-08-05T16:11:06Z
2023-02-25T18:00:00Z,2023-02-25T19:00:00+0100,186.6,EUR/MWh,NL,NL,day_ahead_price,value,2026-08-05T16:11:06Z
2023-02-25T19:00:00Z,2023-02-25T20:00:00+0100,170.0,EUR/MWh,NL,NL,day_ahead_price,value,2026-08-05T16:11:06Z
2023-02-25T20:00:00Z,2023-02-25T21:00:00+0100,166.92,EUR/MWh,NL,NL,day_ahead_price,value,2026-08-05T16:11:06Z
2023-02-25T21:00:00Z,2023-02-25T22:00:00+0100,149.2,EUR/MWh,NL,NL,day_ahead_price,value,2026-08-05T16:11:06Z
2023-02-25T22:00:00Z,2023-02-25T23:00:00+0100,125.6,EUR/MWh,NL,NL,day_ahead_price,value,2026-08-05T16:11:06Z
2023-02-25T23:00:00Z,2023-02-26T00:00:00+0100,140.1,EUR/MWh,NL,NL,day_ahead_price,value,2026-08-05T16:11:06Z
2023-02-26T00:00:00Z,2023-02-26T01:00:00+0100,116.2,EUR/MWh,NL,NL,day_ahead_price,value,2026-08-05T16:11:06Z
2023-02-26T01:00:00Z,2023-02-26T02:00:00+0100,119.9,EUR/MWh,NL,NL,day_ahead_price,value,2026-08-05T16:11:06Z
2023-02-26T02:00:00Z,2023-02-26T03:00:00+0100,107.78,EUR/MWh,NL,NL,day_ahead_price,value,2026-08-05T16:11:06Z
2023-02-26T03:00:00Z,2023-02-26T04:00:00+0100,108.26,EUR/MWh,NL,NL,day_ahead_price,value,2026-08-05T16:11:06Z
2023-02-26T04:00:00Z,2023-02-26T05:00:00+0100,105.7,EUR/MWh,NL,NL,day_ahead_price,value,2026-08-05T16:11:06Z
2023-02-26T05:00:00Z,2023-02-26T06:00:00+0100,107.04,EUR/MWh,NL,NL,day_ahead_price,value,2026-08-05T16:11:06Z
2023-02-26T06:00:00Z,2023-02-26T07:00:00+0100,109.9,EUR/MWh,NL,NL,day_ahead_price,value,2026-08-05T16:11:06Z
2023-02-26T07:00:00Z,2023-02-26T08:00:00+0100,115.27,EUR/MWh,NL,NL,day_ahead_price,value,2026-08-05T16:11:06Z
2023-02-26T08:00:00Z,2023-02-26T09:00:00+0100,113.92,EUR/MWh,NL,NL,day_ahead_price,value,2026-08-05T16:11:06Z
2023-02-26T09:00:00Z,2023-02-26T10:00:00+0100,96.9,EUR/MWh,NL,NL,day_ahead_price,value,2026-08-05T16:11:06Z
2023-02-26T10:00:00Z,2023-02-26T11:00:00+0100,92.33,EUR/MWh,NL,NL,day_ahead_price,value,2026-08-05T16:11:06Z
2023-02-26T11:00:00Z,2023-02-26T12:00:00+0100,84.14,EUR/MWh,NL,NL,day_ahead_price,value,2026-08-05T16:11:06Z
2023-02-26T12:00:00Z,2023-02-26T13:00:00+0100,54.63,EUR/MWh,NL,NL,day_ahead_price,value,2026-08-05T16:11:06Z
2023-02-26T13:00:00Z,2023-02-26T14:00:00+0100,54.9,EUR/MWh,NL,NL,day_ahead_price,value,2026-08-05T16:11:06Z
2023-02-26T14:00:00Z,2023-02-26T15:00:00+0100,85.0,EUR/MWh,NL,NL,day_ahead_price,value,2026-08-05T16:11:06Z
2023-02-26T15:00:00Z,2023-02-26T16:00:00+0100,98.92,EUR/MWh,NL,NL,day_ahead_price,value,2026-08-05T16:11:06Z
2023-02-26T16:00:00Z,2023-02-26T17:00:00+0100,129.9,EUR/MWh,NL,NL,day_ahead_price,value,2026-08-05T16:11:06Z
2023-02-26T17:00:00Z,2023-02-26T18:00:00+0100,153.7,EUR/MWh,NL,NL,day_ahead_price,value,2026-08-05T16:11:06Z
2023-02-26T18:00:00Z,2023-02-26T19:00:00+0100,156.91,EUR/MWh,NL,NL,day_ahead_price,value,2026-08-05T16:11:06Z
2023-02-26T19:00:00Z,2023-02-26T20:00:00+0100,153.64,EUR/MWh,NL,NL,day_ahead_price,value,2026-08-05T16:11:06Z
2023-02-26T20:00:00Z,2023-02-26T21:00:00+0100,141.64,EUR/MWh,NL,NL,day_ahead_price,value,2026-08-05T16:11:06Z
2023-02-26T21:00:00Z,2023-02-26T22:00:00+0100,138.29,EUR/MWh,NL,NL,day_ahead_price,value,2026-08-05T16:11:06Z
2023-02-26T22:00:00Z,2023-02-26T23:00:00+0100,132.98,EUR/MWh,NL,NL,day_ahead_price,value,2026-08-05T16:11:06Z
2023-02-26T23:00:00Z,2023-02-27T00:00:00+0100,122.83,EUR/MWh,NL,NL,day_ahead_price,value,2026-08-05T16:11:06Z
2023-02-27T00:00:00Z,2023-02-27T01:00:00+0100,133.0,EUR/MWh,NL,NL,day_ahead_price,value,2026-08-05T16:11:06Z
2023-02-27T01:00:00Z,2023-02-27T02:00:00+0100,132.92,EUR/MWh,NL,NL,day_ahead_price,value,2026-08-05T16:11:06Z
2023-02-27T02:00:00Z,2023-02-27T03:00:00+0100,125.03,EUR/MWh,NL,NL,day_ahead_price,value,2026-08-05T16:11:06Z
2023-02-27T03:00:00Z,2023-02-27T04:00:00+0100,120.07,EUR/MWh,NL,NL,day_ahead_price,value,2026-08-05T16:11:06Z
2023-02-27T04:00:00Z,2023-02-27T05:00:00+0100,139.83,EUR/MWh,NL,NL,day_ahead_price,value,2026-08-05T16:11:06Z
2023-02-27T05:00:00Z,2023-02-27T06:00:00+0100,152.3,EUR/MWh,NL,NL,day_ahead_price,value,2026-08-05T16:11:06Z
2023-02-27T06:00:00Z,2023-02-27T07:00:00+0100,186.66,EUR/MWh,NL,NL,day_ahead_price,value,2026-08-05T16:11:06Z
2023-02-27T07:00:00Z,2023-02-27T08:00:00+0100,190.25,EUR/MWh,NL,NL,day_ahead_price,value,2026-08-05T16:11:06Z
2023-02-27T08:00:00Z,2023-02-27T09:00:00+0100,169.94,EUR/MWh,NL,NL,day_ahead_price,value,2026-08-05T16:11:06Z
2023-02-27T09:00:00Z,2023-02-27T10:00:00+0100,128.01,EUR/MWh,NL,NL,day_ahead_price,value,2026-08-05T16:11:06Z
2023-02-27T10:00:00Z,2023-02-27T11:00:00+0100,109.99,EUR/MWh,NL,NL,day_ahead_price,value,2026-08-05T16:11:06Z
2023-02-27T11:00:00Z,2023-02-27T12:00:00+0100,110.0,EUR/MWh,NL,NL,day_ahead_price,value,2026-08-05T16:11:06Z
2023-02-27T12:00:00Z,2023-02-27T13:00:00+0100,101.01,EUR/MWh,NL,NL,day_ahead_price,value,2026-08-05T16:11:06Z
2023-02-27T13:00:00Z,2023-02-27T14:00:00+0100,104.64,EUR/MWh,NL,NL,day_ahead_price,value,2026-08-05T16:11:06Z
2023-02-27T14:00:00Z,2023-02-27T15:00:00+0100,100.0,EUR/MWh,NL,NL,day_ahead_price,value,2026-08-05T16:11:06Z
2023-02-27T15:00:00Z,2023-02-27T16:00:00+0100,116.36,EUR/MWh,NL,NL,day_ahead_price,value,2026-08-05T16:11:06Z
2023-02-27T16:00:00Z,2023-02-27T17:00:00+0100,131.65,EUR/MWh,NL,NL,day_ahead_price,value,2026-08-05T16:11:06Z
2023-02-27T17:00:00Z,2023-02-27T18:00:00+0100,188.0,EUR/MWh,NL,NL,day_ahead_price,value,2026-08-05T16:11:06Z
2023-02-27T18:00:00Z,2023-02-27T19:00:00+0100,174.5,EUR/MWh,NL,NL,day_ahead_price,value,2026-08-05T16:11:06Z
2023-02-27T19:00:00Z,2023-02-27T20:00:00+0100,174.49,EUR/MWh,NL,NL,day_ahead_price,value,2026-08-05T16:11:06Z
2023-02-27T20:00:00Z,2023-02-27T21:00:00+0100,160.3,EUR/MWh,NL,NL,day_ahead_price,value,2026-08-05T16:11:06Z
2023-02-27T21:00:00Z,2023-02-27T22:00:00+0100,153.46,EUR/MWh,NL,NL,day_ahead_price,value,2026-08-05T16:11:06Z
2023-02-27T22:00:00Z,2023-02-27T23:00:00+0100,149.46,EUR/MWh,NL,NL,day_ahead_price,value,2026-08-05T16:11:06Z
2023-02-27T23:00:00Z,2023-02-28T00:00:00+0100,134.0,EUR/MWh,NL,NL,day_ahead_price,value,2026-08-05T16:11:06Z
2023-02-28T00:00:00Z,2023-02-28T01:00:00+0100,124.82,EUR/MWh,NL,NL,day_ahead_price,value,2026-08-05T16:11:06Z
2023-02-28T01:00:00Z,2023-02-28T02:00:00+0100,123.83,EUR/MWh,NL,NL,day_ahead_price,value,2026-08-05T16:11:06Z
2023-02-28T02:00:00Z,2023-02-28T03:00:00+0100,124.59,EUR/MWh,NL,NL,day_ahead_price,value,2026-08-05T16:11:06Z
2023-02-28T03:00:00Z,2023-02-28T04:00:00+0100,120.1,EUR/MWh,NL,NL,day_ahead_price,value,2026-08-05T16:11:06Z
2023-02-28T04:00:00Z,2023-02-28T05:00:00+0100,129.0,EUR/MWh,NL,NL,day_ahead_price,value,2026-08-05T16:11:06Z
2023-02-28T05:00:00Z,2023-02-28T06:00:00+0100,161.94,EUR/MWh,NL,NL,day_ahead_price,value,2026-08-05T16:11:06Z
2023-02-28T06:00:00Z,2023-02-28T07:00:00+0100,177.6,EUR/MWh,NL,NL,day_ahead_price,value,2026-08-05T16:11:06Z
2023-02-28T07:00:00Z,2023-02-28T08:00:00+0100,189.28,EUR/MWh,NL,NL,day_ahead_price,value,2026-08-05T16:11:06Z
2023-02-28T08:00:00Z,2023-02-28T09:00:00+0100,163.0,EUR/MWh,NL,NL,day_ahead_price,value,2026-08-05T16:11:06Z
2023-02-28T09:00:00Z,2023-02-28T10:00:00+0100,120.93,EUR/MWh,NL,NL,day_ahead_price,value,2026-08-05T16:11:06Z
2023-02-28T10:00:00Z,2023-02-28T11:00:00+0100,117.97,EUR/MWh,NL,NL,day_ahead_price,value,2026-08-05T16:11:06Z
2023-02-28T11:00:00Z,2023-02-28T12:00:00+0100,116.71,EUR/MWh,NL,NL,day_ahead_price,value,2026-08-05T16:11:06Z
2023-02-28T12:00:00Z,2023-02-28T13:00:00+0100,116.33,EUR/MWh,NL,NL,day_ahead_price,value,2026-08-05T16:11:06Z
2023-02-28T13:00:00Z,2023-02-28T14:00:00+0100,116.75,EUR/MWh,NL,NL,day_ahead_price,value,2026-08-05T16:11:06Z
2023-02-28T14:00:00Z,2023-02-28T15:00:00+0100,130.0,EUR/MWh,NL,NL,day_ahead_price,value,2026-08-05T16:11:06Z
2023-02-28T15:00:00Z,2023-02-28T16:00:00+0100,132.0,EUR/MWh,NL,NL,day_ahead_price,value,2026-08-05T16:11:06Z
2023-02-28T16:00:00Z,2023-02-28T17:00:00+0100,173.13,EUR/MWh,NL,NL,day_ahead_price,value,2026-08-05T16:11:06Z
2023-02-28T17:00:00Z,2023-02-28T18:00:00+0100,193.87,EUR/MWh,NL,NL,day_ahead_price,value,2026-08-05T16:11:06Z
2023-02-28T18:00:00Z,2023-02-28T19:00:00+0100,192.46,EUR/MWh,NL,NL,day_ahead_price,value,2026-08-05T16:11:06Z
2023-02-28T19:00:00Z,2023-02-28T20:00:00+0100,174.73,EUR/MWh,NL,NL,day_ahead_price,value,2026-08-05T16:11:06Z
2023-02-28T20:00:00Z,2023-02-28T21:00:00+0100,153.88,EUR/MWh,NL,NL,day_ahead_price,value,2026-08-05T16:11:06Z
2023-02-28T21:00:00Z,2023-02-28T22:00:00+0100,150.49,EUR/MWh,NL,NL,day_ahead_price,value,2026-08-05T16:11:06Z
2023-02-28T22:00:00Z,2023-02-28T23:00:00+0100,129.9,EUR/MWh,NL,NL,day_ahead_price,value,2026-08-05T16:11:06Z
2023-02-28T23:00:00Z,2023-03-01T00:00:00+0100,125.23,EUR/MWh,NL,NL,day_ahead_price,value,2026-08-05T16:11:06Z
2023-03-01T00:00:00Z,2023-03-01T01:00:00+0100,119.9,EUR/MWh,NL,NL,day_ahead_price,value,2026-08-05T16:11:06Z
2023-03-01T01:00:00Z,2023-03-01T02:00:00+0100,124.96,EUR/MWh,NL,NL,day_ahead_price,value,2026-08-05T16:11:06Z
2023-03-01T02:00:00Z,2023-03-01T03:00:00+0100,116.31,EUR/MWh,NL,NL,day_ahead_price,value,2026-08-05T16:11:06Z
2023-03-01T03:00:00Z,2023-03-01T04:00:00+0100,130.0,EUR/MWh,NL,NL,day_ahead_price,value,2026-08-05T16:11:06Z
2023-03-01T04:00:00Z,2023-03-01T05:00:00+0100,136.0,EUR/MWh,NL,NL,day_ahead_price,value,2026-08-05T16:11:06Z
2023-03-01T05:00:00Z,2023-03-01T06:00:00+0100,160.0,EUR/MWh,NL,NL,day_ahead_price,value,2026-08-05T16:11:06Z
2023-03-01T06:00:00Z,2023-03-01T07:00:00+0100,180.71,EUR/MWh,NL,NL,day_ahead_price,value,2026-08-05T16:11:06Z
2023-03-01T07:00:00Z,2023-03-01T08:00:00+0100,186.03,EUR/MWh,NL,NL,day_ahead_price,value,2026-08-05T16:11:06Z
2023-03-01T08:00:00Z,2023-03-01T09:00:00+0100,152.9,EUR/MWh,NL,NL,day_ahead_price,value,2026-08-05T16:11:06Z
2023-03-01T09:00:00Z,2023-03-01T10:00:00+0100,116.6,EUR/MWh,NL,NL,day_ahead_price,value,2026-08-05T16:11:06Z
2023-03-01T10:00:00Z,2023-03-01T11:00:00+0100,116.6,EUR/MWh,NL,NL,day_ahead_price,value,2026-08-05T16:11:06Z
2023-03-01T11:00:00Z,2023-03-01T12:00:00+0100,113.96,EUR/MWh,NL,NL,day_ahead_price,value,2026-08-05T16:11:06Z
2023-03-01T12:00:00Z,2023-03-01T13:00:00+0100,107.72,EUR/MWh,NL,NL,day_ahead_price,value,2026-08-05T16:11:06Z
2023-03-01T13:00:00Z,2023-03-01T14:00:00+0100,108.0,EUR/MWh,NL,NL,day_ahead_price,value,2026-08-05T16:11:06Z
2023-03-01T14:00:00Z,2023-03-01T15:00:00+0100,119.86,EUR/MWh,NL,NL,day_ahead_price,value,2026-08-05T16:11:06Z
2023-03-01T15:00:00Z,2023-03-01T16:00:00+0100,127.58,EUR/MWh,NL,NL,day_ahead_price,value,2026-08-05T16:11:06Z
2023-03-01T16:00:00Z,2023-03-01T17:00:00+0100,144.32,EUR/MWh,NL,NL,day_ahead_price,value,2026-08-05T16:11:06Z
2023-03-01T17:00:00Z,2023-03-01T18:00:00+0100,182.18,EUR/MWh,NL,NL,day_ahead_price,value,2026-08-05T16:11:06Z
2023-03-01T18:00:00Z,2023-03-01T19:00:00+0100,176.44,EUR/MWh,NL,NL,day_ahead_price,value,2026-08-05T16:11:06Z
2023-03-01T19:00:00Z,2023-03-01T20:00:00+0100,153.84,EUR/MWh,NL,NL,day_ahead_price,value,2026-08-05T16:11:06Z
2023-03-01T20:00:00Z,2023-03-01T21:00:00+0100,140.65,EUR/MWh,NL,NL,day_ahead_price,value,2026-08-05T16:11:06Z
2023-03-01T21:00:00Z,2023-03-01T22:00:00+0100,130.0,EUR/MWh,NL,NL,day_ahead_price,value,2026-08-05T16:11:06Z
2023-03-01T22:00:00Z,2023-03-01T23:00:00+0100,125.5,EUR/MWh,NL,NL,day_ahead_price,value,2026-08-05T16:11:06Z
2023-03-01T23:00:00Z,2023-03-02T00:00:00+0100,111.79,EUR/MWh,NL,NL,day_ahead_price,value,2026-08-05T16:11:06Z
2023-03-02T00:00:00Z,2023-03-02T01:00:00+0100,111.1,EUR/MWh,NL,NL,day_ahead_price,value,2026-08-05T16:11:06Z
2023-03-02T01:00:00Z,2023-03-02T02:00:00+0100,114.0,EUR/MWh,NL,NL,day_ahead_price,value,2026-08-05T16:11:06Z
2023-03-02T02:00:00Z,2023-03-02T03:00:00+0100,130.1,EUR/MWh,NL,NL,day_ahead_price,value,2026-08-05T16:11:06Z
2023-03-02T03:00:00Z,2023-03-02T04:00:00+0100,120.0,EUR/MWh,NL,NL,day_ahead_price,value,2026-08-05T16:11:06Z
2023-03-02T04:00:00Z,2023-03-02T05:00:00+0100,126.0,EUR/MWh,NL,NL,day_ahead_price,value,2026-08-05T16:11:06Z
2023-03-02T05:00:00Z,2023-03-02T06:00:00+0100,146.0,EUR/MWh,NL,NL,day_ahead_price,value,2026-08-05T16:11:06Z
2023-03-02T06:00:00Z,2023-03-02T07:00:00+0100,178.69,EUR/MWh,NL,NL,day_ahead_price,value,2026-08-05T16:11:06Z
2023-03-02T07:00:00Z,2023-03-02T08:00:00+0100,189.56,EUR/MWh,NL,NL,day_ahead_price,value,2026-08-05T16:11:06Z
2023-03-02T08:00:00Z,2023-03-02T09:00:00+0100,141.44,EUR/MWh,NL,NL,day_ahead_price,value,2026-08-05T16:11:06Z
2023-03-02T09:00:00Z,2023-03-02T10:00:00+0100,107.1,EUR/MWh,NL,NL,day_ahead_price,value,2026-08-05T16:11:06Z
2023-03-02T10:00:00Z,2023-03-02T11:00:00+0100,116.4,EUR/MWh,NL,NL,day_ahead_price,value,2026-08-05T16:11:06Z
2023-03-02T11:00:00Z,2023-03-02T12:00:00+0100,105.06,EUR/MWh,NL,NL,day_ahead_price,value,2026-08-05T16:11:06Z
2023-03-02T12:00:00Z,2023-03-02T13:00:00+0100,102.05,EUR/MWh,NL,NL,day_ahead_price,value,2026-08-05T16:11:06Z
2023-03-02T13:00:00Z,2023-03-02T14:00:00+0100,94.83,EUR/MWh,NL,NL,day_ahead_price,value,2026-08-05T16:11:06Z
2023-03-02T14:00:00Z,2023-03-02T15:00:00+0100,116.05,EUR/MWh,NL,NL,day_ahead_price,value,2026-08-05T16:11:06Z
2023-03-02T15:00:00Z,2023-03-02T16:00:00+0100,120.0,EUR/MWh,NL,NL,day_ahead_price,value,2026-08-05T16:11:06Z
2023-03-02T16:00:00Z,2023-03-02T17:00:00+0100,165.81,EUR/MWh,NL,NL,day_ahead_price,value,2026-08-05T16:11:06Z
2023-03-02T17:00:00Z,2023-03-02T18:00:00+0100,184.5,EUR/MWh,NL,NL,day_ahead_price,value,2026-08-05T16:11:06Z
2023-03-02T18:00:00Z,2023-03-02T19:00:00+0100,159.44,EUR/MWh,NL,NL,day_ahead_price,value,2026-08-05T16:11:06Z
2023-03-02T19:00:00Z,2023-03-02T20:00:00+0100,152.08,EUR/MWh,NL,NL,day_ahead_price,value,2026-08-05T16:11:06Z
2023-03-02T20:00:00Z,2023-03-02T21:00:00+0100,157.56,EUR/MWh,NL,NL,day_ahead_price,value,2026-08-05T16:11:06Z
2023-03-02T21:00:00Z,2023-03-02T22:00:00+0100,144.91,EUR/MWh,NL,NL,day_ahead_price,value,2026-08-05T16:11:06Z
2023-03-02T22:00:00Z,2023-03-02T23:00:00+0100,139.9,EUR/MWh,NL,NL,day_ahead_price,value,2026-08-05T16:11:06Z
2023-03-02T23:00:00Z,2023-03-03T00:00:00+0100,139.31,EUR/MWh,NL,NL,day_ahead_price,value,2026-08-05T16:11:06Z
2023-03-03T00:00:00Z,2023-03-03T01:00:00+0100,128.02,EUR/MWh,NL,NL,day_ahead_price,value,2026-08-05T16:11:06Z
2023-03-03T01:00:00Z,2023-03-03T02:00:00+0100,128.79,EUR/MWh,NL,NL,day_ahead_price,value,2026-08-05T16:11:06Z
2023-03-03T02:00:00Z,2023-03-03T03:00:00+0100,109.9,EUR/MWh,NL,NL,day_ahead_price,value,2026-08-05T16:11:06Z
2023-03-03T03:00:00Z,2023-03-03T04:00:00+0100,110.4,EUR/MWh,NL,NL,day_ahead_price,value,2026-08-05T16:11:06Z
2023-03-03T04:00:00Z,2023-03-03T05:00:00+0100,122.21,EUR/MWh,NL,NL,day_ahead_price,value,2026-08-05T16:11:06Z
2023-03-03T05:00:00Z,2023-03-03T06:00:00+0100,162.19,EUR/MWh,NL,NL,day_ahead_price,value,2026-08-05T16:11:06Z
2023-03-03T06:00:00Z,2023-03-03T07:00:00+0100,187.03,EUR/MWh,NL,NL,day_ahead_price,value,2026-08-05T16:11:06Z
2023-03-03T07:00:00Z,2023-03-03T08:00:00+0100,198.2,EUR/MWh,NL,NL,day_ahead_price,value,2026-08-05T16:11:06Z
2023-03-03T08:00:00Z,2023-03-03T09:00:00+0100,163.67,EUR/MWh,NL,NL,day_ahead_price,value,2026-08-05T16:11:06Z
2023-03-03T09:00:00Z,2023-03-03T10:00:00+0100,131.12,EUR/MWh,NL,NL,day_ahead_price,value,2026-08-05T16:11:06Z
2023-03-03T10:00:00Z,2023-03-03T11:00:00+0100,130.0,EUR/MWh,NL,NL,day_ahead_price,value,2026-08-05T16:11:06Z
2023-03-03T11:00:00Z,2023-03-03T12:00:00+0100,112.58,EUR/MWh,NL,NL,day_ahead_price,value,2026-08-05T16:11:06Z
2023-03-03T12:00:00Z,2023-03-03T13:00:00+0100,112.69,EUR/MWh,NL,NL,day_ahead_price,value,2026-08-05T16:11:06Z
2023-03-03T13:00:00Z,2023-03-03T14:00:00+0100,114.64,EUR/MWh,NL,NL,day_ahead_price,value,2026-08-05T16:11:06Z
2023-03-03T14:00:00Z,2023-03-03T15:00:00+0100,107.83,EUR/MWh,NL,NL,day_ahead_price,value,2026-08-05T16:11:06Z
2023-03-03T15:00:00Z,2023-03-03T16:00:00+0100,132.0,EUR/MWh,NL,NL,day_ahead_price,value,2026-08-05T16:11:06Z
2023-03-03T16:00:00Z,2023-03-03T17:00:00+0100,155.99,EUR/MWh,NL,NL,day_ahead_price,value,2026-08-05T16:11:06Z
2023-03-03T17:00:00Z,2023-03-03T18:00:00+0100,165.0,EUR/MWh,NL,NL,day_ahead_price,value,2026-08-05T16:11:06Z
2023-03-03T18:00:00Z,2023-03-03T19:00:00+0100,132.0,EUR/MWh,NL,NL,day_ahead_price,value,2026-08-05T16:11:06Z
2023-03-03T19:00:00Z,2023-03-03T20:00:00+0100,126.72,EUR/MWh,NL,NL,day_ahead_price,value,2026-08-05T16:11:06Z
2023-03-03T20:00:00Z,2023-03-03T21:00:00+0100,126.25,EUR/MWh,NL,NL,day_ahead_price,value,2026-08-05T16:11:06Z
2023-03-03T21:00:00Z,2023-03-03T22:00:00+0100,121.68,EUR/MWh,NL,NL,day_ahead_price,value,2026-08-05T16:11:06Z
2023-03-03T22:00:00Z,2023-03-03T23:00:00+0100,114.5,EUR/MWh,NL,NL,day_ahead_price,value,2026-08-05T16:11:06Z
2023-03-03T23:00:00Z,2023-03-04T00:00:00+0100,116.07,EUR/MWh,NL,NL,day_ahead_price,value,2026-08-05T16:11:36Z
2023-03-04T00:00:00Z,2023-03-04T01:00:00+0100,123.91,EUR/MWh,NL,NL,day_ahead_price,value,2026-08-05T16:11:36Z
2023-03-04T01:00:00Z,2023-03-04T02:00:00+0100,126.58,EUR/MWh,NL,NL,day_ahead_price,value,2026-08-05T16:11:36Z
2023-03-04T02:00:00Z,2023-03-04T03:00:00+0100,125.93,EUR/MWh,NL,NL,day_ahead_price,value,2026-08-05T16:11:36Z
2023-03-04T03:00:00Z,2023-03-04T04:00:00+0100,128.0,EUR/MWh,NL,NL,day_ahead_price,value,2026-08-05T16:11:36Z
2023-03-04T04:00:00Z,2023-03-04T05:00:00+0100,100.19,EUR/MWh,NL,NL,day_ahead_price,value,2026-08-05T16:11:36Z
2023-03-04T05:00:00Z,2023-03-04T06:00:00+0100,115.7,EUR/MWh,NL,NL,day_ahead_price,value,2026-08-05T16:11:36Z
2023-03-04T06:00:00Z,2023-03-04T07:00:00+0100,112.1,EUR/MWh,NL,NL,day_ahead_price,value,2026-08-05T16:11:36Z
2023-03-04T07:00:00Z,2023-03-04T08:00:00+0100,120.0,EUR/MWh,NL,NL,day_ahead_price,value,2026-08-05T16:11:36Z
2023-03-04T08:00:00Z,2023-03-04T09:00:00+0100,120.1,EUR/MWh,NL,NL,day_ahead_price,value,2026-08-05T16:11:36Z
2023-03-04T09:00:00Z,2023-03-04T10:00:00+0100,134.0,EUR/MWh,NL,NL,day_ahead_price,value,2026-08-05T16:11:36Z
2023-03-04T10:00:00Z,2023-03-04T11:00:00+0100,119.9,EUR/MWh,NL,NL,day_ahead_price,value,2026-08-05T16:11:36Z
2023-03-04T11:00:00Z,2023-03-04T12:00:00+0100,117.0,EUR/MWh,NL,NL,day_ahead_price,value,2026-08-05T16:11:36Z
2023-03-04T12:00:00Z,2023-03-04T13:00:00+0100,111.0,EUR/MWh,NL,NL,day_ahead_price,value,2026-08-05T16:11:36Z
2023-03-04T13:00:00Z,2023-03-04T14:00:00+0100,105.95,EUR/MWh,NL,NL,day_ahead_price,value,2026-08-05T16:11:36Z
2023-03-04T14:00:00Z,2023-03-04T15:00:00+0100,108.6,EUR/MWh,NL,NL,day_ahead_price,value,2026-08-05T16:11:36Z
2023-03-04T15:00:00Z,2023-03-04T16:00:00+0100,111.6,EUR/MWh,NL,NL,day_ahead_price,value,2026-08-05T16:11:36Z
2023-03-04T16:00:00Z,2023-03-04T17:00:00+0100,140.0,EUR/MWh,NL,NL,day_ahead_price,value,2026-08-05T16:11:36Z
2023-03-04T17:00:00Z,2023-03-04T18:00:00+0100,159.65,EUR/MWh,NL,NL,day_ahead_price,value,2026-08-05T16:11:36Z
2023-03-04T18:00:00Z,2023-03-04T19:00:00+0100,151.4,EUR/MWh,NL,NL,day_ahead_price,value,2026-08-05T16:11:36Z
2023-03-04T19:00:00Z,2023-03-04T20:00:00+0100,131.4,EUR/MWh,NL,NL,day_ahead_price,value,2026-08-05T16:11:36Z
2023-03-04T20:00:00Z,2023-03-04T21:00:00+0100,139.96,EUR/MWh,NL,NL,day_ahead_price,value,2026-08-05T16:11:36Z
2023-03-04T21:00:00Z,2023-03-04T22:00:00+0100,131.47,EUR/MWh,NL,NL,day_ahead_price,value,2026-08-05T16:11:36Z
2023-03-04T22:00:00Z,2023-03-04T23:00:00+0100,113.83,EUR/MWh,NL,NL,day_ahead_price,value,2026-08-05T16:11:36Z
2023-03-04T23:00:00Z,2023-03-05T00:00:00+0100,119.9,EUR/MWh,NL,NL,day_ahead_price,value,2026-08-05T16:11:36Z
2023-03-05T00:00:00Z,2023-03-05T01:00:00+0100,108.4,EUR/MWh,NL,NL,day_ahead_price,value,2026-08-05T16:11:36Z
2023-03-05T01:00:00Z,2023-03-05T02:00:00+0100,110.0,EUR/MWh,NL,NL,day_ahead_price,value,2026-08-05T16:11:36Z
2023-03-05T02:00:00Z,2023-03-05T03:00:00+0100,107.43,EUR/MWh,NL,NL,day_ahead_price,value,2026-08-05T16:11:36Z
2023-03-05T03:00:00Z,2023-03-05T04:00:00+0100,106.54,EUR/MWh,NL,NL,day_ahead_price,value,2026-08-05T16:11:36Z
2023-03-05T04:00:00Z,2023-03-05T05:00:00+0100,106.53,EUR/MWh,NL,NL,day_ahead_price,value,2026-08-05T16:11:36Z
2023-03-05T05:00:00Z,2023-03-05T06:00:00+0100,108.5,EUR/MWh,NL,NL,day_ahead_price,value,2026-08-05T16:11:36Z
2023-03-05T06:00:00Z,2023-03-05T07:00:00+0100,109.28,EUR/MWh,NL,NL,day_ahead_price,value,2026-08-05T16:11:36Z
2023-03-05T07:00:00Z,2023-03-05T08:00:00+0100,116.22,EUR/MWh,NL,NL,day_ahead_price,value,2026-08-05T16:11:36Z
2023-03-05T08:00:00Z,2023-03-05T09:00:00+0100,119.94,EUR/MWh,NL,NL,day_ahead_price,value,2026-08-05T16:11:36Z
2023-03-05T09:00:00Z,2023-03-05T10:00:00+0100,110.0,EUR/MWh,NL,NL,day_ahead_price,value,2026-08-05T16:11:36Z
2023-03-05T10:00:00Z,2023-03-05T11:00:00+0100,107.55,EUR/MWh,NL,NL,day_ahead_price,value,2026-08-05T16:11:36Z
2023-03-05T11:00:00Z,2023-03-05T12:00:00+0100,107.35,EUR/MWh,NL,NL,day_ahead_price,value,2026-08-05T16:11:36Z
2023-03-05T12:00:00Z,2023-03-05T13:00:00+0100,108.62,EUR/MWh,NL,NL,day_ahead_price,value,2026-08-05T16:11:36Z
2023-03-05T13:00:00Z,2023-03-05T14:00:00+0100,109.7,EUR/MWh,NL,NL,day_ahead_price,value,2026-08-05T16:11:36Z
2023-03-05T14:00:00Z,2023-03-05T15:00:00+0100,111.55,EUR/MWh,NL,NL,day_ahead_price,value,2026-08-05T16:11:36Z
2023-03-05T15:00:00Z,2023-03-05T16:00:00+0100,120.12,EUR/MWh,NL,NL,day_ahead_price,value,2026-08-05T16:11:36Z
2023-03-05T16:00:00Z,2023-03-05T17:00:00+0100,145.14,EUR/MWh,NL,NL,day_ahead_price,value,2026-08-05T16:11:36Z
2023-03-05T17:00:00Z,2023-03-05T18:00:00+0100,166.67,EUR/MWh,NL,NL,day_ahead_price,value,2026-08-05T16:11:36Z
2023-03-05T18:00:00Z,2023-03-05T19:00:00+0100,170.14,EUR/MWh,NL,NL,day_ahead_price,value,2026-08-05T16:11:36Z
2023-03-05T19:00:00Z,2023-03-05T20:00:00+0100,152.55,EUR/MWh,NL,NL,day_ahead_price,value,2026-08-05T16:11:36Z
2023-03-05T20:00:00Z,2023-03-05T21:00:00+0100,149.78,EUR/MWh,NL,NL,day_ahead_price,value,2026-08-05T16:11:36Z
2023-03-05T21:00:00Z,2023-03-05T22:00:00+0100,141.5,EUR/MWh,NL,NL,day_ahead_price,value,2026-08-05T16:11:36Z
2023-03-05T22:00:00Z,2023-03-05T23:00:00+0100,125.48,EUR/MWh,NL,NL,day_ahead_price,value,2026-08-05T16:11:36Z
2023-03-05T23:00:00Z,2023-03-06T00:00:00+0100,134.5,EUR/MWh,NL,NL,day_ahead_price,value,2026-08-05T16:11:36Z
2023-03-06T00:00:00Z,2023-03-06T01:00:00+0100,122.44,EUR/MWh,NL,NL,day_ahead_price,value,2026-08-05T16:11:36Z
2023-03-06T01:00:00Z,2023-03-06T02:00:00+0100,119.96,EUR/MWh,NL,NL,day_ahead_price,value,2026-08-05T16:11:36Z
2023-03-06T02:00:00Z,2023-03-06T03:00:00+0100,121.11,EUR/MWh,NL,NL,day_ahead_price,value,2026-08-05T16:11:36Z
2023-03-06T03:00:00Z,2023-03-06T04:00:00+0100,122.41,EUR/MWh,NL,NL,day_ahead_price,value,2026-08-05T16:11:36Z
2023-03-06T04:00:00Z,2023-03-06T05:00:00+0100,135.59,EUR/MWh,NL,NL,day_ahead_price,value,2026-08-05T16:11:36Z
2023-03-06T05:00:00Z,2023-03-06T06:00:00+0100,159.8,EUR/MWh,NL,NL,day_ahead_price,value,2026-08-05T16:11:36Z
2023-03-06T06:00:00Z,2023-03-06T07:00:00+0100,185.0,EUR/MWh,NL,NL,day_ahead_price,value,2026-08-05T16:11:36Z
2023-03-06T07:00:00Z,2023-03-06T08:00:00+0100,217.09,EUR/MWh,NL,NL,day_ahead_price,value,2026-08-05T16:11:36Z
2023-03-06T08:00:00Z,2023-03-06T09:00:00+0100,186.35,EUR/MWh,NL,NL,day_ahead_price,value,2026-08-05T16:11:36Z
2023-03-06T09:00:00Z,2023-03-06T10:00:00+0100,170.26,EUR/MWh,NL,NL,day_ahead_price,value,2026-08-05T16:11:36Z
2023-03-06T10:00:00Z,2023-03-06T11:00:00+0100,160.84,EUR/MWh,NL,NL,day_ahead_price,value,2026-08-05T16:11:36Z
2023-03-06T11:00:00Z,2023-03-06T12:00:00+0100,149.9,EUR/MWh,NL,NL,day_ahead_price,value,2026-08-05T16:11:36Z
2023-03-06T12:00:00Z,2023-03-06T13:00:00+0100,144.93,EUR/MWh,NL,NL,day_ahead_price,value,2026-08-05T16:11:36Z
2023-03-06T13:00:00Z,2023-03-06T14:00:00+0100,120.0,EUR/MWh,NL,NL,day_ahead_price,value,2026-08-05T16:11:36Z
2023-03-06T14:00:00Z,2023-03-06T15:00:00+0100,116.12,EUR/MWh,NL,NL,day_ahead_price,value,2026-08-05T16:11:36Z
2023-03-06T15:00:00Z,2023-03-06T16:00:00+0100,107.64,EUR/MWh,NL,NL,day_ahead_price,value,2026-08-05T16:11:36Z
2023-03-06T16:00:00Z,2023-03-06T17:00:00+0100,135.0,EUR/MWh,NL,NL,day_ahead_price,value,2026-08-05T16:11:36Z
2023-03-06T17:00:00Z,2023-03-06T18:00:00+0100,160.0,EUR/MWh,NL,NL,day_ahead_price,value,2026-08-05T16:11:36Z
2023-03-06T18:00:00Z,2023-03-06T19:00:00+0100,150.3,EUR/MWh,NL,NL,day_ahead_price,value,2026-08-05T16:11:36Z
2023-03-06T19:00:00Z,2023-03-06T20:00:00+0100,120.0,EUR/MWh,NL,NL,day_ahead_price,value,2026-08-05T16:11:36Z
2023-03-06T20:00:00Z,2023-03-06T21:00:00+0100,115.72,EUR/MWh,NL,NL,day_ahead_price,value,2026-08-05T16:11:36Z
2023-03-06T21:00:00Z,2023-03-06T22:00:00+0100,120.0,EUR/MWh,NL,NL,day_ahead_price,value,2026-08-05T16:11:36Z
2023-03-06T22:00:00Z,2023-03-06T23:00:00+0100,114.93,EUR/MWh,NL,NL,day_ahead_price,value,2026-08-05T16:11:36Z
2023-03-06T23:00:00Z,2023-03-07T00:00:00+0100,100.1,EUR/MWh,NL,NL,day_ahead_price,value,2026-08-05T16:11:36Z
2023-03-07T00:00:00Z,2023-03-07T01:00:00+0100,104.49,EUR/MWh,NL,NL,day_ahead_price,value,2026-08-05T16:11:36Z
2023-03-07T01:00:00Z,2023-03-07T02:00:00+0100,100.0,EUR/MWh,NL,NL,day_ahead_price,value,2026-08-05T16:11:36Z
2023-03-07T02:00:00Z,2023-03-07T03:00:00+0100,99.9,EUR/MWh,NL,NL,day_ahead_price,value,2026-08-05T16:11:36Z
2023-03-07T03:00:00Z,2023-03-07T04:00:00+0100,109.1,EUR/MWh,NL,NL,day_ahead_price,value,2026-08-05T16:11:36Z
2023-03-07T04:00:00Z,2023-03-07T05:00:00+0100,98.87,EUR/MWh,NL,NL,day_ahead_price,value,2026-08-05T16:11:36Z
2023-03-07T05:00:00Z,2023-03-07T06:00:00+0100,105.5,EUR/MWh,NL,NL,day_ahead_price,value,2026-08-05T16:11:36Z
2023-03-07T06:00:00Z,2023-03-07T07:00:00+0100,110.1,EUR/MWh,NL,NL,day_ahead_price,value,2026-08-05T16:11:36Z
2023-03-07T07:00:00Z,2023-03-07T08:00:00+0100,129.9,EUR/MWh,NL,NL,day_ahead_price,value,2026-08-05T16:11:36Z
2023-03-07T08:00:00Z,2023-03-07T09:00:00+0100,174.76,EUR/MWh,NL,NL,day_ahead_price,value,2026-08-05T16:11:36Z
2023-03-07T09:00:00Z,2023-03-07T10:00:00+0100,153.24,EUR/MWh,NL,NL,day_ahead_price,value,2026-08-05T16:11:36Z
2023-03-07T10:00:00Z,2023-03-07T11:00:00+0100,132.0,EUR/MWh,NL,NL,day_ahead_price,value,2026-08-05T16:11:36Z
2023-03-07T11:00:00Z,2023-03-07T12:00:00+0100,109.9,EUR/MWh,NL,NL,day_ahead_price,value,2026-08-05T16:11:36Z
2023-03-07T12:00:00Z,2023-03-07T13:00:00+0100,110.0,EUR/MWh,NL,NL,day_ahead_price,value,2026-08-05T16:11:36Z
2023-03-07T13:00:00Z,2023-03-07T14:00:00+0100,106.0,EUR/MWh,NL,NL,day_ahead_price,value,2026-08-05T16:11:36Z
2023-03-07T14:00:00Z,2023-03-07T15:00:00+0100,103.82,EUR/MWh,NL,NL,day_ahead_price,value,2026-08-05T16:11:36Z
2023-03-07T15:00:00Z,2023-03-07T16:00:00+0100,111.27,EUR/MWh,NL,NL,day_ahead_price,value,2026-08-05T16:11:36Z
2023-03-07T16:00:00Z,2023-03-07T17:00:00+0100,144.22,EUR/MWh,NL,NL,day_ahead_price,value,2026-08-05T16:11:36Z
2023-03-07T17:00:00Z,2023-03-07T18:00:00+0100,165.9,EUR/MWh,NL,NL,day_ahead_price,value,2026-08-05T16:11:36Z
2023-03-07T18:00:00Z,2023-03-07T19:00:00+0100,143.91,EUR/MWh,NL,NL,day_ahead_price,value,2026-08-05T16:11:36Z
2023-03-07T19:00:00Z,2023-03-07T20:00:00+0100,155.02,EUR/MWh,NL,NL,day_ahead_price,value,2026-08-05T16:11:36Z
2023-03-07T20:00:00Z,2023-03-07T21:00:00+0100,139.13,EUR/MWh,NL,NL,day_ahead_price,value,2026-08-05T16:11:36Z
2023-03-07T21:00:00Z,2023-03-07T22:00:00+0100,127.89,EUR/MWh,NL,NL,day_ahead_price,value,2026-08-05T16:11:36Z
2023-03-07T22:00:00Z,2023-03-07T23:00:00+0100,121.14,EUR/MWh,NL,NL,day_ahead_price,value,2026-08-05T16:11:36Z
2023-03-07T23:00:00Z,2023-03-08T00:00:00+0100,117.01,EUR/MWh,NL,NL,day_ahead_price,value,2026-08-05T16:11:36Z
2023-03-08T00:00:00Z,2023-03-08T01:00:00+0100,114.49,EUR/MWh,NL,NL,day_ahead_price,value,2026-08-05T16:11:36Z
2023-03-08T01:00:00Z,2023-03-08T02:00:00+0100,114.33,EUR/MWh,NL,NL,day_ahead_price,value,2026-08-05T16:11:36Z
2023-03-08T02:00:00Z,2023-03-08T03:00:00+0100,111.0,EUR/MWh,NL,NL,day_ahead_price,value,2026-08-05T16:11:36Z
2023-03-08T03:00:00Z,2023-03-08T04:00:00+0100,111.0,EUR/MWh,NL,NL,day_ahead_price,value,2026-08-05T16:11:36Z
2023-03-08T04:00:00Z,2023-03-08T05:00:00+0100,118.23,EUR/MWh,NL,NL,day_ahead_price,value,2026-08-05T16:11:36Z
2023-03-08T05:00:00Z,2023-03-08T06:00:00+0100,140.68,EUR/MWh,NL,NL,day_ahead_price,value,2026-08-05T16:11:36Z
2023-03-08T06:00:00Z,2023-03-08T07:00:00+0100,158.53,EUR/MWh,NL,NL,day_ahead_price,value,2026-08-05T16:11:36Z
2023-03-08T07:00:00Z,2023-03-08T08:00:00+0100,173.1,EUR/MWh,NL,NL,day_ahead_price,value,2026-08-05T16:11:36Z
2023-03-08T08:00:00Z,2023-03-08T09:00:00+0100,162.99,EUR/MWh,NL,NL,day_ahead_price,value,2026-08-05T16:11:36Z
2023-03-08T09:00:00Z,2023-03-08T10:00:00+0100,152.99,EUR/MWh,NL,NL,day_ahead_price,value,2026-08-05T16:11:36Z
2023-03-08T10:00:00Z,2023-03-08T11:00:00+0100,144.18,EUR/MWh,NL,NL,day_ahead_price,value,2026-08-05T16:11:36Z
2023-03-08T11:00:00Z,2023-03-08T12:00:00+0100,137.19,EUR/MWh,NL,NL,day_ahead_price,value,2026-08-05T16:11:36Z
2023-03-08T12:00:00Z,2023-03-08T13:00:00+0100,135.08,EUR/MWh,NL,NL,day_ahead_price,value,2026-08-05T16:11:36Z
2023-03-08T13:00:00Z,2023-03-08T14:00:00+0100,137.42,EUR/MWh,NL,NL,day_ahead_price,value,2026-08-05T16:11:36Z
2023-03-08T14:00:00Z,2023-03-08T15:00:00+0100,141.08,EUR/MWh,NL,NL,day_ahead_price,value,2026-08-05T16:11:36Z
2023-03-08T15:00:00Z,2023-03-08T16:00:00+0100,144.47,EUR/MWh,NL,NL,day_ahead_price,value,2026-08-05T16:11:36Z
2023-03-08T16:00:00Z,2023-03-08T17:00:00+0100,153.01,EUR/MWh,NL,NL,day_ahead_price,value,2026-08-05T16:11:36Z
2023-03-08T17:00:00Z,2023-03-08T18:00:00+0100,166.89,EUR/MWh,NL,NL,day_ahead_price,value,2026-08-05T16:11:36Z
2023-03-08T18:00:00Z,2023-03-08T19:00:00+0100,170.02,EUR/MWh,NL,NL,day_ahead_price,value,2026-08-05T16:11:36Z
2023-03-08T19:00:00Z,2023-03-08T20:00:00+0100,153.77,EUR/MWh,NL,NL,day_ahead_price,value,2026-08-05T16:11:36Z
2023-03-08T20:00:00Z,2023-03-08T21:00:00+0100,134.39,EUR/MWh,NL,NL,day_ahead_price,value,2026-08-05T16:11:36Z
2023-03-08T21:00:00Z,2023-03-08T22:00:00+0100,128.65,EUR/MWh,NL,NL,day_ahead_price,value,2026-08-05T16:11:36Z
2023-03-08T22:00:00Z,2023-03-08T23:00:00+0100,119.0,EUR/MWh,NL,NL,day_ahead_price,value,2026-08-05T16:11:36Z
2023-03-08T23:00:00Z,2023-03-09T00:00:00+0100,113.66,EUR/MWh,NL,NL,day_ahead_price,value,2026-08-05T16:11:36Z
2023-03-09T00:00:00Z,2023-03-09T01:00:00+0100,111.39,EUR/MWh,NL,NL,day_ahead_price,value,2026-08-05T16:11:36Z
2023-03-09T01:00:00Z,2023-03-09T02:00:00+0100,111.02,EUR/MWh,NL,NL,day_ahead_price,value,2026-08-05T16:11:36Z
2023-03-09T02:00:00Z,2023-03-09T03:00:00+0100,109.38,EUR/MWh,NL,NL,day_ahead_price,value,2026-08-05T16:11:36Z
2023-03-09T03:00:00Z,2023-03-09T04:00:00+0100,111.22,EUR/MWh,NL,NL,day_ahead_price,value,2026-08-05T16:11:36Z
2023-03-09T04:00:00Z,2023-03-09T05:00:00+0100,113.02,EUR/MWh,NL,NL,day_ahead_price,value,2026-08-05T16:11:36Z
2023-03-09T05:00:00Z,2023-03-09T06:00:00+0100,137.39,EUR/MWh,NL,NL,day_ahead_price,value,2026-08-05T16:11:36Z
2023-03-09T06:00:00Z,2023-03-09T07:00:00+0100,149.88,EUR/MWh,NL,NL,day_ahead_price,value,2026-08-05T16:11:36Z
2023-03-09T07:00:00Z,2023-03-09T08:00:00+0100,158.99,EUR/MWh,NL,NL,day_ahead_price,value,2026-08-05T16:11:36Z
2023-03-09T08:00:00Z,2023-03-09T09:00:00+0100,150.95,EUR/MWh,NL,NL,day_ahead_price,value,2026-08-05T16:11:36Z
2023-03-09T09:00:00Z,2023-03-09T10:00:00+0100,142.34,EUR/MWh,NL,NL,day_ahead_price,value,2026-08-05T16:11:36Z
2023-03-09T10:00:00Z,2023-03-09T11:00:00+0100,131.8,EUR/MWh,NL,NL,day_ahead_price,value,2026-08-05T16:11:36Z
2023-03-09T11:00:00Z,2023-03-09T12:00:00+0100,122.0,EUR/MWh,NL,NL,day_ahead_price,value,2026-08-05T16:11:36Z
2023-03-09T12:00:00Z,2023-03-09T13:00:00+0100,116.44,EUR/MWh,NL,NL,day_ahead_price,value,2026-08-05T16:11:36Z
2023-03-09T13:00:00Z,2023-03-09T14:00:00+0100,116.16,EUR/MWh,NL,NL,day_ahead_price,value,2026-08-05T16:11:36Z
2023-03-09T14:00:00Z,2023-03-09T15:00:00+0100,116.35,EUR/MWh,NL,NL,day_ahead_price,value,2026-08-05T16:11:36Z
2023-03-09T15:00:00Z,2023-03-09T16:00:00+0100,118.0,EUR/MWh,NL,NL,day_ahead_price,value,2026-08-05T16:11:36Z
2023-03-09T16:00:00Z,2023-03-09T17:00:00+0100,135.4,EUR/MWh,NL,NL,day_ahead_price,value,2026-08-05T16:11:36Z
2023-03-09T17:00:00Z,2023-03-09T18:00:00+0100,146.92,EUR/MWh,NL,NL,day_ahead_price,value,2026-08-05T16:11:36Z
2023-03-09T18:00:00Z,2023-03-09T19:00:00+0100,144.65,EUR/MWh,NL,NL,day_ahead_price,value,2026-08-05T16:11:36Z
2023-03-09T19:00:00Z,2023-03-09T20:00:00+0100,134.56,EUR/MWh,NL,NL,day_ahead_price,value,2026-08-05T16:11:36Z
2023-03-09T20:00:00Z,2023-03-09T21:00:00+0100,124.84,EUR/MWh,NL,NL,day_ahead_price,value,2026-08-05T16:11:36Z
2023-03-09T21:00:00Z,2023-03-09T22:00:00+0100,123.82,EUR/MWh,NL,NL,day_ahead_price,value,2026-08-05T16:11:36Z
2023-03-09T22:00:00Z,2023-03-09T23:00:00+0100,109.7,EUR/MWh,NL,NL,day_ahead_price,value,2026-08-05T16:11:36Z
2023-03-09T23:00:00Z,2023-03-10T00:00:00+0100,102.89,EUR/MWh,NL,NL,day_ahead_price,value,2026-08-05T16:11:36Z
2023-03-10T00:00:00Z,2023-03-10T01:00:00+0100,100.68,EUR/MWh,NL,NL,day_ahead_price,value,2026-08-05T16:11:36Z
2023-03-10T01:00:00Z,2023-03-10T02:00:00+0100,99.06,EUR/MWh,NL,NL,day_ahead_price,value,2026-08-05T16:11:36Z
2023-03-10T02:00:00Z,2023-03-10T03:00:00+0100,98.84,EUR/MWh,NL,NL,day_ahead_price,value,2026-08-05T16:11:36Z
2023-03-10T03:00:00Z,2023-03-10T04:00:00+0100,99.09,EUR/MWh,NL,NL,day_ahead_price,value,2026-08-05T16:11:36Z
2023-03-10T04:00:00Z,2023-03-10T05:00:00+0100,105.0,EUR/MWh,NL,NL,day_ahead_price,value,2026-08-05T16:11:36Z
2023-03-10T05:00:00Z,2023-03-10T06:00:00+0100,119.81,EUR/MWh,NL,NL,day_ahead_price,value,2026-08-05T16:11:36Z
2023-03-10T06:00:00Z,2023-03-10T07:00:00+0100,136.9,EUR/MWh,NL,NL,day_ahead_price,value,2026-08-05T16:11:36Z
2023-03-10T07:00:00Z,2023-03-10T08:00:00+0100,140.91,EUR/MWh,NL,NL,day_ahead_price,value,2026-08-05T16:11:36Z
2023-03-10T08:00:00Z,2023-03-10T09:00:00+0100,136.61,EUR/MWh,NL,NL,day_ahead_price,value,2026-08-05T16:11:36Z
2023-03-10T09:00:00Z,2023-03-10T10:00:00+0100,131.89,EUR/MWh,NL,NL,day_ahead_price,value,2026-08-05T16:11:36Z
2023-03-10T10:00:00Z,2023-03-10T11:00:00+0100,125.1,EUR/MWh,NL,NL,day_ahead_price,value,2026-08-05T16:11:36Z
2023-03-10T11:00:00Z,2023-03-10T12:00:00+0100,116.41,EUR/MWh,NL,NL,day_ahead_price,value,2026-08-05T16:11:36Z
2023-03-10T12:00:00Z,2023-03-10T13:00:00+0100,112.83,EUR/MWh,NL,NL,day_ahead_price,value,2026-08-05T16:11:36Z
2023-03-10T13:00:00Z,2023-03-10T14:00:00+0100,114.72,EUR/MWh,NL,NL,day_ahead_price,value,2026-08-05T16:11:36Z
2023-03-10T14:00:00Z,2023-03-10T15:00:00+0100,112.22,EUR/MWh,NL,NL,day_ahead_price,value,2026-08-05T16:11:36Z
2023-03-10T15:00:00Z,2023-03-10T16:00:00+0100,109.49,EUR/MWh,NL,NL,day_ahead_price,value,2026-08-05T16:11:36Z
2023-03-10T16:00:00Z,2023-03-10T17:00:00+0100,128.95,EUR/MWh,NL,NL,day_ahead_price,value,2026-08-05T16:11:36Z
2023-03-10T17:00:00Z,2023-03-10T18:00:00+0100,135.01,EUR/MWh,NL,NL,day_ahead_price,value,2026-08-05T16:11:36Z
2023-03-10T18:00:00Z,2023-03-10T19:00:00+0100,128.97,EUR/MWh,NL,NL,day_ahead_price,value,2026-08-05T16:11:36Z
2023-03-10T19:00:00Z,2023-03-10T20:00:00+0100,110.0,EUR/MWh,NL,NL,day_ahead_price,value,2026-08-05T16:11:36Z
2023-03-10T20:00:00Z,2023-03-10T21:00:00+0100,108.96,EUR/MWh,NL,NL,day_ahead_price,value,2026-08-05T16:11:36Z
2023-03-10T21:00:00Z,2023-03-10T22:00:00+0100,110.0,EUR/MWh,NL,NL,day_ahead_price,value,2026-08-05T16:11:36Z
2023-03-10T22:00:00Z,2023-03-10T23:00:00+0100,102.0,EUR/MWh,NL,NL,day_ahead_price,value,2026-08-05T16:11:36Z
2023-03-10T23:00:00Z,2023-03-11T00:00:00+0100,109.36,EUR/MWh,NL,NL,day_ahead_price,value,2026-08-05T16:11:36Z
2023-03-11T00:00:00Z,2023-03-11T01:00:00+0100,108.0,EUR/MWh,NL,NL,day_ahead_price,value,2026-08-05T16:11:36Z
2023-03-11T01:00:00Z,2023-03-11T02:00:00+0100,107.0,EUR/MWh,NL,NL,day_ahead_price,value,2026-08-05T16:11:36Z
2023-03-11T02:00:00Z,2023-03-11T03:00:00+0100,109.02,EUR/MWh,NL,NL,day_ahead_price,value,2026-08-05T16:11:36Z
2023-03-11T03:00:00Z,2023-03-11T04:00:00+0100,109.0,EUR/MWh,NL,NL,day_ahead_price,value,2026-08-05T16:11:36Z
2023-03-11T04:00:00Z,2023-03-11T05:00:00+0100,114.97,EUR/MWh,NL,NL,day_ahead_price,value,2026-08-05T16:11:36Z
2023-03-11T05:00:00Z,2023-03-11T06:00:00+0100,146.1,EUR/MWh,NL,NL,day_ahead_price,value,2026-08-05T16:11:36Z
2023-03-11T06:00:00Z,2023-03-11T07:00:00+0100,145.35,EUR/MWh,NL,NL,day_ahead_price,value,2026-08-05T16:11:36Z
2023-03-11T07:00:00Z,2023-03-11T08:00:00+0100,119.99,EUR/MWh,NL,NL,day_ahead_price,value,2026-08-05T16:11:36Z
2023-03-11T08:00:00Z,2023-03-11T09:00:00+0100,110.44,EUR/MWh,NL,NL,day_ahead_price,value,2026-08-05T16:11:36Z
2023-03-11T09:00:00Z,2023-03-11T10:00:00+0100,99.17,EUR/MWh,NL,NL,day_ahead_price,value,2026-08-05T16:11:36Z
2023-03-11T10:00:00Z,2023-03-11T11:00:00+0100,87.1,EUR/MWh,NL,NL,day_ahead_price,value,2026-08-05T16:11:36Z
2023-03-11T11:00:00Z,2023-03-11T12:00:00+0100,78.66,EUR/MWh,NL,NL,day_ahead_price,value,2026-08-05T16:11:36Z
2023-03-11T12:00:00Z,2023-03-11T13:00:00+0100,60.0,EUR/MWh,NL,NL,day_ahead_price,value,2026-08-05T16:11:36Z
2023-03-11T13:00:00Z,2023-03-11T14:00:00+0100,60.38,EUR/MWh,NL,NL,day_ahead_price,value,2026-08-05T16:11:36Z
2023-03-11T14:00:00Z,2023-03-11T15:00:00+0100,85.95,EUR/MWh,NL,NL,day_ahead_price,value,2026-08-05T16:11:36Z
2023-03-11T15:00:00Z,2023-03-11T16:00:00+0100,108.1,EUR/MWh,NL,NL,day_ahead_price,value,2026-08-05T16:11:36Z
2023-03-11T16:00:00Z,2023-03-11T17:00:00+0100,130.02,EUR/MWh,NL,NL,day_ahead_price,value,2026-08-05T16:11:36Z
2023-03-11T17:00:00Z,2023-03-11T18:00:00+0100,144.95,EUR/MWh,NL,NL,day_ahead_price,value,2026-08-05T16:11:36Z
2023-03-11T18:00:00Z,2023-03-11T19:00:00+0100,195.18,EUR/MWh,NL,NL,day_ahead_price,value,2026-08-05T16:11:36Z
2023-03-11T19:00:00Z,2023-03-11T20:00:00+0100,131.54,EUR/MWh,NL,NL,day_ahead_price,value,2026-08-05T16:11:36Z
2023-03-11T20:00:00Z,2023-03-11T21:00:00+0100,119.96,EUR/MWh,NL,NL,day_ahead_price,value,2026-08-05T16:11:36Z
2023-03-11T21:00:00Z,2023-03-11T22:00:00+0100,124.08,EUR/MWh,NL,NL,day_ahead_price,value,2026-08-05T16:11:36Z
2023-03-11T22:00:00Z,2023-03-11T23:00:00+0100,115.3,EUR/MWh,NL,NL,day_ahead_price,value,2026-08-05T16:11:36Z
2023-03-11T23:00:00Z,2023-03-12T00:00:00+0100,120.88,EUR/MWh,NL,NL,day_ahead_price,value,2026-08-05T16:11:36Z
2023-03-12T00:00:00Z,2023-03-12T01:00:00+0100,101.05,EUR/MWh,NL,NL,day_ahead_price,value,2026-08-05T16:11:36Z
2023-03-12T01:00:00Z,2023-03-12T02:00:00+0100,101.0,EUR/MWh,NL,NL,day_ahead_price,value,2026-08-05T16:11:36Z
2023-03-12T02:00:00Z,2023-03-12T03:00:00+0100,90.3,EUR/MWh,NL,NL,day_ahead_price,value,2026-08-05T16:11:36Z
2023-03-12T03:00:00Z,2023-03-12T04:00:00+0100,91.7,EUR/MWh,NL,NL,day_ahead_price,value,2026-08-05T16:11:36Z
2023-03-12T04:00:00Z,2023-03-12T05:00:00+0100,91.98,EUR/MWh,NL,NL,day_ahead_price,value,2026-08-05T16:11:36Z
2023-03-12T05:00:00Z,2023-03-12T06:00:00+0100,90.55,EUR/MWh,NL,NL,day_ahead_price,value,2026-08-05T16:11:36Z
2023-03-12T06:00:00Z,2023-03-12T07:00:00+0100,88.78,EUR/MWh,NL,NL,day_ahead_price,value,2026-08-05T16:11:36Z
2023-03-12T07:00:00Z,2023-03-12T08:00:00+0100,90.22,EUR/MWh,NL,NL,day_ahead_price,value,2026-08-05T16:11:36Z
2023-03-12T08:00:00Z,2023-03-12T09:00:00+0100,93.71,EUR/MWh,NL,NL,day_ahead_price,value,2026-08-05T16:11:36Z
2023-03-12T09:00:00Z,2023-03-12T10:00:00+0100,91.98,EUR/MWh,NL,NL,day_ahead_price,value,2026-08-05T16:11:36Z
2023-03-12T10:00:00Z,2023-03-12T11:00:00+0100,87.79,EUR/MWh,NL,NL,day_ahead_price,value,2026-08-05T16:11:36Z
2023-03-12T11:00:00Z,2023-03-12T12:00:00+0100,79.73,EUR/MWh,NL,NL,day_ahead_price,value,2026-08-05T16:11:36Z
2023-03-12T12:00:00Z,2023-03-12T13:00:00+0100,68.96,EUR/MWh,NL,NL,day_ahead_price,value,2026-08-05T16:11:36Z
2023-03-12T13:00:00Z,2023-03-12T14:00:00+0100,70.0,EUR/MWh,NL,NL,day_ahead_price,value,2026-08-05T16:11:36Z
2023-03-12T14:00:00Z,2023-03-12T15:00:00+0100,74.9,EUR/MWh,NL,NL,day_ahead_price,value,2026-08-05T16:11:36Z
2023-03-12T15:00:00Z,2023-03-12T16:00:00+0100,85.05,EUR/MWh,NL,NL,day_ahead_price,value,2026-08-05T16:11:36Z
2023-03-12T16:00:00Z,2023-03-12T17:00:00+0100,100.95,EUR/MWh,NL,NL,day_ahead_price,value,2026-08-05T16:11:36Z
2023-03-12T17:00:00Z,2023-03-12T18:00:00+0100,120.05,EUR/MWh,NL,NL,day_ahead_price,value,2026-08-05T16:11:36Z
2023-03-12T18:00:00Z,2023-03-12T19:00:00+0100,141.04,EUR/MWh,NL,NL,day_ahead_price,value,2026-08-05T16:11:36Z
2023-03-12T19:00:00Z,2023-03-12T20:00:00+0100,129.97,EUR/MWh,NL,NL,day_ahead_price,value,2026-08-05T16:11:36Z
2023-03-12T20:00:00Z,2023-03-12T21:00:00+0100,104.31,EUR/MWh,NL,NL,day_ahead_price,value,2026-08-05T16:11:36Z
2023-03-12T21:00:00Z,2023-03-12T22:00:00+0100,94.9,EUR/MWh,NL,NL,day_ahead_price,value,2026-08-05T16:11:36Z
2023-03-12T22:00:00Z,2023-03-12T23:00:00+0100,80.78,EUR/MWh,NL,NL,day_ahead_price,value,2026-08-05T16:11:36Z
2023-03-12T23:00:00Z,2023-03-13T00:00:00+0100,46.36,EUR/MWh,NL,NL,day_ahead_price,value,2026-08-05T16:11:36Z
2023-03-13T00:00:00Z,2023-03-13T01:00:00+0100,37.33,EUR/MWh,NL,NL,day_ahead_price,value,2026-08-05T16:11:36Z
2023-03-13T01:00:00Z,2023-03-13T02:00:00+0100,33.4,EUR/MWh,NL,NL,day_ahead_price,value,2026-08-05T16:11:36Z
2023-03-13T02:00:00Z,2023-03-13T03:00:00+0100,16.89,EUR/MWh,NL,NL,day_ahead_price,value,2026-08-05T16:11:36Z
2023-03-13T03:00:00Z,2023-03-13T04:00:00+0100,7.51,EUR/MWh,NL,NL,day_ahead_price,value,2026-08-05T16:11:36Z
2023-03-13T04:00:00Z,2023-03-13T05:00:00+0100,16.89,EUR/MWh,NL,NL,day_ahead_price,value,2026-08-05T16:11:36Z
2023-03-13T05:00:00Z,2023-03-13T06:00:00+0100,38.49,EUR/MWh,NL,NL,day_ahead_price,value,2026-08-05T16:11:36Z
2023-03-13T06:00:00Z,2023-03-13T07:00:00+0100,77.71,EUR/MWh,NL,NL,day_ahead_price,value,2026-08-05T16:11:36Z
2023-03-13T07:00:00Z,2023-03-13T08:00:00+0100,94.43,EUR/MWh,NL,NL,day_ahead_price,value,2026-08-05T16:11:36Z
2023-03-13T08:00:00Z,2023-03-13T09:00:00+0100,89.97,EUR/MWh,NL,NL,day_ahead_price,value,2026-08-05T16:11:36Z
2023-03-13T09:00:00Z,2023-03-13T10:00:00+0100,64.8,EUR/MWh,NL,NL,day_ahead_price,value,2026-08-05T16:11:36Z
2023-03-13T10:00:00Z,2023-03-13T11:00:00+0100,23.33,EUR/MWh,NL,NL,day_ahead_price,value,2026-08-05T16:11:36Z
2023-03-13T11:00:00Z,2023-03-13T12:00:00+0100,1.06,EUR/MWh,NL,NL,day_ahead_price,value,2026-08-05T16:11:36Z
2023-03-13T12:00:00Z,2023-03-13T13:00:00+0100,-0.98,EUR/MWh,NL,NL,day_ahead_price,value,2026-08-05T16:11:36Z
2023-03-13T13:00:00Z,2023-03-13T14:00:00+0100,-0.46,EUR/MWh,NL,NL,day_ahead_price,value,2026-08-05T16:11:36Z
2023-03-13T14:00:00Z,2023-03-13T15:00:00+0100,0.26,EUR/MWh,NL,NL,day_ahead_price,value,2026-08-05T16:11:36Z
2023-03-13T15:00:00Z,2023-03-13T16:00:00+0100,9.03,EUR/MWh,NL,NL,day_ahead_price,value,2026-08-05T16:11:36Z
2023-03-13T16:00:00Z,2023-03-13T17:00:00+0100,54.99,EUR/MWh,NL,NL,day_ahead_price,value,2026-08-05T16:11:36Z
2023-03-13T17:00:00Z,2023-03-13T18:00:00+0100,91.43,EUR/MWh,NL,NL,day_ahead_price,value,2026-08-05T16:11:36Z
2023-03-13T18:00:00Z,2023-03-13T19:00:00+0100,100.0,EUR/MWh,NL,NL,day_ahead_price,value,2026-08-05T16:11:36Z
2023-03-13T19:00:00Z,2023-03-13T20:00:00+0100,83.53,EUR/MWh,NL,NL,day_ahead_price,value,2026-08-05T16:11:36Z
2023-03-13T20:00:00Z,2023-03-13T21:00:00+0100,72.08,EUR/MWh,NL,NL,day_ahead_price,value,2026-08-05T16:11:36Z
2023-03-13T21:00:00Z,2023-03-13T22:00:00+0100,35.45,EUR/MWh,NL,NL,day_ahead_price,value,2026-08-05T16:11:36Z
2023-03-13T22:00:00Z,2023-03-13T23:00:00+0100,23.32,EUR/MWh,NL,NL,day_ahead_price,value,2026-08-05T16:11:36Z
2023-03-13T23:00:00Z,2023-03-14T00:00:00+0100,9.57,EUR/MWh,NL,NL,day_ahead_price,value,2026-08-05T16:11:36Z
2023-03-14T00:00:00Z,2023-03-14T01:00:00+0100,4.48,EUR/MWh,NL,NL,day_ahead_price,value,2026-08-05T16:11:36Z
2023-03-14T01:00:00Z,2023-03-14T02:00:00+0100,4.04,EUR/MWh,NL,NL,day_ahead_price,value,2026-08-05T16:11:36Z
2023-03-14T02:00:00Z,2023-03-14T03:00:00+0100,1.95,EUR/MWh,NL,NL,day_ahead_price,value,2026-08-05T16:11:36Z
2023-03-14T03:00:00Z,2023-03-14T04:00:00+0100,3.64,EUR/MWh,NL,NL,day_ahead_price,value,2026-08-05T16:11:36Z
2023-03-14T04:00:00Z,2023-03-14T05:00:00+0100,9.8,EUR/MWh,NL,NL,day_ahead_price,value,2026-08-05T16:11:36Z
2023-03-14T05:00:00Z,2023-03-14T06:00:00+0100,42.93,EUR/MWh,NL,NL,day_ahead_price,value,2026-08-05T16:11:36Z
2023-03-14T06:00:00Z,2023-03-14T07:00:00+0100,94.36,EUR/MWh,NL,NL,day_ahead_price,value,2026-08-05T16:11:36Z
2023-03-14T07:00:00Z,2023-03-14T08:00:00+0100,100.11,EUR/MWh,NL,NL,day_ahead_price,value,2026-08-05T16:11:36Z
2023-03-14T08:00:00Z,2023-03-14T09:00:00+0100,108.86,EUR/MWh,NL,NL,day_ahead_price,value,2026-08-05T16:11:36Z
2023-03-14T09:00:00Z,2023-03-14T10:00:00+0100,82.83,EUR/MWh,NL,NL,day_ahead_price,value,2026-08-05T16:11:36Z
2023-03-14T10:00:00Z,2023-03-14T11:00:00+0100,60.95,EUR/MWh,NL,NL,day_ahead_price,value,2026-08-05T16:11:36Z
2023-03-14T11:00:00Z,2023-03-14T12:00:00+0100,46.48,EUR/MWh,NL,NL,day_ahead_price,value,2026-08-05T16:11:36Z
2023-03-14T12:00:00Z,2023-03-14T13:00:00+0100,56.42,EUR/MWh,NL,NL,day_ahead_price,value,2026-08-05T16:11:36Z
2023-03-14T13:00:00Z,2023-03-14T14:00:00+0100,65.51,EUR/MWh,NL,NL,day_ahead_price,value,2026-08-05T16:11:36Z
2023-03-14T14:00:00Z,2023-03-14T15:00:00+0100,59.82,EUR/MWh,NL,NL,day_ahead_price,value,2026-08-05T16:11:36Z
2023-03-14T15:00:00Z,2023-03-14T16:00:00+0100,78.83,EUR/MWh,NL,NL,day_ahead_price,value,2026-08-05T16:11:36Z
2023-03-14T16:00:00Z,2023-03-14T17:00:00+0100,131.55,EUR/MWh,NL,NL,day_ahead_price,value,2026-08-05T16:11:36Z
2023-03-14T17:00:00Z,2023-03-14T18:00:00+0100,162.0,EUR/MWh,NL,NL,day_ahead_price,value,2026-08-05T16:11:36Z
2023-03-14T18:00:00Z,2023-03-14T19:00:00+0100,203.0,EUR/MWh,NL,NL,day_ahead_price,value,2026-08-05T16:11:36Z
2023-03-14T19:00:00Z,2023-03-14T20:00:00+0100,199.45,EUR/MWh,NL,NL,day_ahead_price,value,2026-08-05T16:11:36Z
2023-03-14T20:00:00Z,2023-03-14T21:00:00+0100,151.2,EUR/MWh,NL,NL,day_ahead_price,value,2026-08-05T16:11:36Z
2023-03-14T21:00:00Z,2023-03-14T22:00:00+0100,133.5,EUR/MWh,NL,NL,day_ahead_price,value,2026-08-05T16:11:36Z
2023-03-14T22:00:00Z,2023-03-14T23:00:00+0100,144.6,EUR/MWh,NL,NL,day_ahead_price,value,2026-08-05T16:11:36Z
2023-03-14T23:00:00Z,2023-03-15T00:00:00+0100,155.8,EUR/MWh,NL,NL,day_ahead_price,value,2026-08-05T16:11:36Z
2023-03-15T00:00:00Z,2023-03-15T01:00:00+0100,114.2,EUR/MWh,NL,NL,day_ahead_price,value,2026-08-05T16:11:36Z
2023-03-15T01:00:00Z,2023-03-15T02:00:00+0100,115.9,EUR/MWh,NL,NL,day_ahead_price,value,2026-08-05T16:11:36Z
2023-03-15T02:00:00Z,2023-03-15T03:00:00+0100,108.21,EUR/MWh,NL,NL,day_ahead_price,value,2026-08-05T16:11:36Z
2023-03-15T03:00:00Z,2023-03-15T04:00:00+0100,108.54,EUR/MWh,NL,NL,day_ahead_price,value,2026-08-05T16:11:36Z
2023-03-15T04:00:00Z,2023-03-15T05:00:00+0100,123.45,EUR/MWh,NL,NL,day_ahead_price,value,2026-08-05T16:11:36Z
2023-03-15T05:00:00Z,2023-03-15T06:00:00+0100,143.6,EUR/MWh,NL,NL,day_ahead_price,value,2026-08-05T16:11:36Z
2023-03-15T06:00:00Z,2023-03-15T07:00:00+0100,200.0,EUR/MWh,NL,NL,day_ahead_price,value,2026-08-05T16:11:36Z
2023-03-15T07:00:00Z,2023-03-15T08:00:00+0100,219.0,EUR/MWh,NL,NL,day_ahead_price,value,2026-08-05T16:11:36Z
2023-03-15T08:00:00Z,2023-03-15T09:00:00+0100,145.93,EUR/MWh,NL,NL,day_ahead_price,value,2026-08-05T16:11:36Z
2023-03-15T09:00:00Z,2023-03-15T10:00:00+0100,110.7,EUR/MWh,NL,NL,day_ahead_price,value,2026-08-05T16:11:36Z
2023-03-15T10:00:00Z,2023-03-15T11:00:00+0100,77.94,EUR/MWh,NL,NL,day_ahead_price,value,2026-08-05T16:11:36Z
2023-03-15T11:00:00Z,2023-03-15T12:00:00+0100,74.9,EUR/MWh,NL,NL,day_ahead_price,value,2026-08-05T16:11:36Z
2023-03-15T12:00:00Z,2023-03-15T13:00:00+0100,62.71,EUR/MWh,NL,NL,day_ahead_price,value,2026-08-05T16:11:36Z
2023-03-15T13:00:00Z,2023-03-15T14:00:00+0100,74.9,EUR/MWh,NL,NL,day_ahead_price,value,2026-08-05T16:11:36Z
2023-03-15T14:00:00Z,2023-03-15T15:00:00+0100,100.1,EUR/MWh,NL,NL,day_ahead_price,value,2026-08-05T16:11:36Z
2023-03-15T15:00:00Z,2023-03-15T16:00:00+0100,114.51,EUR/MWh,NL,NL,day_ahead_price,value,2026-08-05T16:11:36Z
2023-03-15T16:00:00Z,2023-03-15T17:00:00+0100,150.8,EUR/MWh,NL,NL,day_ahead_price,value,2026-08-05T16:11:36Z
2023-03-15T17:00:00Z,2023-03-15T18:00:00+0100,182.3,EUR/MWh,NL,NL,day_ahead_price,value,2026-08-05T16:11:36Z
2023-03-15T18:00:00Z,2023-03-15T19:00:00+0100,199.11,EUR/MWh,NL,NL,day_ahead_price,value,2026-08-05T16:11:36Z
2023-03-15T19:00:00Z,2023-03-15T20:00:00+0100,165.34,EUR/MWh,NL,NL,day_ahead_price,value,2026-08-05T16:11:36Z
2023-03-15T20:00:00Z,2023-03-15T21:00:00+0100,147.36,EUR/MWh,NL,NL,day_ahead_price,value,2026-08-05T16:11:36Z
2023-03-15T21:00:00Z,2023-03-15T22:00:00+0100,139.35,EUR/MWh,NL,NL,day_ahead_price,value,2026-08-05T16:11:36Z
2023-03-15T22:00:00Z,2023-03-15T23:00:00+0100,127.63,EUR/MWh,NL,NL,day_ahead_price,value,2026-08-05T16:11:36Z
2023-03-15T23:00:00Z,2023-03-16T00:00:00+0100,117.39,EUR/MWh,NL,NL,day_ahead_price,value,2026-08-05T16:11:36Z
2023-03-16T00:00:00Z,2023-03-16T01:00:00+0100,107.2,EUR/MWh,NL,NL,day_ahead_price,value,2026-08-05T16:11:36Z
2023-03-16T01:00:00Z,2023-03-16T02:00:00+0100,103.8,EUR/MWh,NL,NL,day_ahead_price,value,2026-08-05T16:11:36Z
2023-03-16T02:00:00Z,2023-03-16T03:00:00+0100,100.0,EUR/MWh,NL,NL,day_ahead_price,value,2026-08-05T16:11:36Z
2023-03-16T03:00:00Z,2023-03-16T04:00:00+0100,98.07,EUR/MWh,NL,NL,day_ahead_price,value,2026-08-05T16:11:36Z
2023-03-16T04:00:00Z,2023-03-16T05:00:00+0100,103.6,EUR/MWh,NL,NL,day_ahead_price,value,2026-08-05T16:11:36Z
2023-03-16T05:00:00Z,2023-03-16T06:00:00+0100,110.57,EUR/MWh,NL,NL,day_ahead_price,value,2026-08-05T16:11:36Z
2023-03-16T06:00:00Z,2023-03-16T07:00:00+0100,142.35,EUR/MWh,NL,NL,day_ahead_price,value,2026-08-05T16:11:36Z
2023-03-16T07:00:00Z,2023-03-16T08:00:00+0100,138.03,EUR/MWh,NL,NL,day_ahead_price,value,2026-08-05T16:11:36Z
2023-03-16T08:00:00Z,2023-03-16T09:00:00+0100,117.12,EUR/MWh,NL,NL,day_ahead_price,value,2026-08-05T16:11:36Z
2023-03-16T09:00:00Z,2023-03-16T10:00:00+0100,103.2,EUR/MWh,NL,NL,day_ahead_price,value,2026-08-05T16:11:36Z
2023-03-16T10:00:00Z,2023-03-16T11:00:00+0100,91.51,EUR/MWh,NL,NL,day_ahead_price,value,2026-08-05T16:11:36Z
2023-03-16T11:00:00Z,2023-03-16T12:00:00+0100,85.41,EUR/MWh,NL,NL,day_ahead_price,value,2026-08-05T16:11:36Z
2023-03-16T12:00:00Z,2023-03-16T13:00:00+0100,78.51,EUR/MWh,NL,NL,day_ahead_price,value,2026-08-05T16:11:36Z
2023-03-16T13:00:00Z,2023-03-16T14:00:00+0100,80.47,EUR/MWh,NL,NL,day_ahead_price,value,2026-08-05T16:11:36Z
2023-03-16T14:00:00Z,2023-03-16T15:00:00+0100,84.9,EUR/MWh,NL,NL,day_ahead_price,value,2026-08-05T16:11:36Z
2023-03-16T15:00:00Z,2023-03-16T16:00:00+0100,95.46,EUR/MWh,NL,NL,day_ahead_price,value,2026-08-05T16:11:36Z
2023-03-16T16:00:00Z,2023-03-16T17:00:00+0100,119.23,EUR/MWh,NL,NL,day_ahead_price,value,2026-08-05T16:11:36Z
2023-03-16T17:00:00Z,2023-03-16T18:00:00+0100,131.88,EUR/MWh,NL,NL,day_ahead_price,value,2026-08-05T16:11:36Z
2023-03-16T18:00:00Z,2023-03-16T19:00:00+0100,130.02,EUR/MWh,NL,NL,day_ahead_price,value,2026-08-05T16:11:36Z
2023-03-16T19:00:00Z,2023-03-16T20:00:00+0100,102.5,EUR/MWh,NL,NL,day_ahead_price,value,2026-08-05T16:11:36Z
2023-03-16T20:00:00Z,2023-03-16T21:00:00+0100,101.8,EUR/MWh,NL,NL,day_ahead_price,value,2026-08-05T16:11:36Z
2023-03-16T21:00:00Z,2023-03-16T22:00:00+0100,88.2,EUR/MWh,NL,NL,day_ahead_price,value,2026-08-05T16:11:36Z
2023-03-16T22:00:00Z,2023-03-16T23:00:00+0100,81.7,EUR/MWh,NL,NL,day_ahead_price,value,2026-08-05T16:11:36Z
2023-03-16T23:00:00Z,2023-03-17T00:00:00+0100,90.0,EUR/MWh,NL,NL,day_ahead_price,value,2026-08-05T16:11:36Z
2023-03-17T00:00:00Z,2023-03-17T01:00:00+0100,90.0,EUR/MWh,NL,NL,day_ahead_price,value,2026-08-05T16:11:36Z
2023-03-17T01:00:00Z,2023-03-17T02:00:00+0100,89.35,EUR/MWh,NL,NL,day_ahead_price,value,2026-08-05T16:11:36Z
2023-03-17T02:00:00Z,2023-03-17T03:00:00+0100,75.55,EUR/MWh,NL,NL,day_ahead_price,value,2026-08-05T16:11:36Z
2023-03-17T03:00:00Z,2023-03-17T04:00:00+0100,79.0,EUR/MWh,NL,NL,day_ahead_price,value,2026-08-05T16:11:36Z
2023-03-17T04:00:00Z,2023-03-17T05:00:00+0100,81.59,EUR/MWh,NL,NL,day_ahead_price,value,2026-08-05T16:11:36Z
2023-03-17T05:00:00Z,2023-03-17T06:00:00+0100,119.24,EUR/MWh,NL,NL,day_ahead_price,value,2026-08-05T16:11:36Z
2023-03-17T06:00:00Z,2023-03-17T07:00:00+0100,140.6,EUR/MWh,NL,NL,day_ahead_price,value,2026-08-05T16:11:36Z
2023-03-17T07:00:00Z,2023-03-17T08:00:00+0100,134.0,EUR/MWh,NL,NL,day_ahead_price,value,2026-08-05T16:11:36Z
2023-03-17T08:00:00Z,2023-03-17T09:00:00+0100,103.9,EUR/MWh,NL,NL,day_ahead_price,value,2026-08-05T16:11:36Z
2023-03-17T09:00:00Z,2023-03-17T10:00:00+0100,97.7,EUR/MWh,NL,NL,day_ahead_price,value,2026-08-05T16:11:36Z
2023-03-17T10:00:00Z,2023-03-17T11:00:00+0100,92.4,EUR/MWh,NL,NL,day_ahead_price,value,2026-08-05T16:11:36Z
2023-03-17T11:00:00Z,2023-03-17T12:00:00+0100,78.15,EUR/MWh,NL,NL,day_ahead_price,value,2026-08-05T16:11:36Z
2023-03-17T12:00:00Z,2023-03-17T13:00:00+0100,90.63,EUR/MWh,NL,NL,day_ahead_price,value,2026-08-05T16:11:36Z
2023-03-17T13:00:00Z,2023-03-17T14:00:00+0100,89.51,EUR/MWh,NL,NL,day_ahead_price,value,2026-08-05T16:11:36Z
2023-03-17T14:00:00Z,2023-03-17T15:00:00+0100,99.03,EUR/MWh,NL,NL,day_ahead_price,value,2026-08-05T16:11:36Z
2023-03-17T15:00:00Z,2023-03-17T16:00:00+0100,109.54,EUR/MWh,NL,NL,day_ahead_price,value,2026-08-05T16:11:36Z
2023-03-17T16:00:00Z,2023-03-17T17:00:00+0100,126.76,EUR/MWh,NL,NL,day_ahead_price,value,2026-08-05T16:11:36Z
2023-03-17T17:00:00Z,2023-03-17T18:00:00+0100,139.9,EUR/MWh,NL,NL,day_ahead_price,value,2026-08-05T16:11:36Z
2023-03-17T18:00:00Z,2023-03-17T19:00:00+0100,163.71,EUR/MWh,NL,NL,day_ahead_price,value,2026-08-05T16:11:36Z
2023-03-17T19:00:00Z,2023-03-17T20:00:00+0100,139.9,EUR/MWh,NL,NL,day_ahead_price,value,2026-08-05T16:11:36Z
2023-03-17T20:00:00Z,2023-03-17T21:00:00+0100,129.19,EUR/MWh,NL,NL,day_ahead_price,value,2026-08-05T16:11:36Z
2023-03-17T21:00:00Z,2023-03-17T22:00:00+0100,119.9,EUR/MWh,NL,NL,day_ahead_price,value,2026-08-05T16:11:36Z
2023-03-17T22:00:00Z,2023-03-17T23:00:00+0100,128.75,EUR/MWh,NL,NL,day_ahead_price,value,2026-08-05T16:11:36Z
2023-03-17T23:00:00Z,2023-03-18T00:00:00+0100,120.16,EUR/MWh,NL,NL,day_ahead_price,value,2026-08-05T16:11:36Z
2023-03-18T00:00:00Z,2023-03-18T01:00:00+0100,119.1,EUR/MWh,NL,NL,day_ahead_price,value,2026-08-05T16:11:36Z
2023-03-18T01:00:00Z,2023-03-18T02:00:00+0100,100.0,EUR/MWh,NL,NL,day_ahead_price,value,2026-08-05T16:11:36Z
2023-03-18T02:00:00Z,2023-03-18T03:00:00+0100,95.0,EUR/MWh,NL,NL,day_ahead_price,value,2026-08-05T16:11:36Z
2023-03-18T03:00:00Z,2023-03-18T04:00:00+0100,96.18,EUR/MWh,NL,NL,day_ahead_price,value,2026-08-05T16:11:36Z
2023-03-18T04:00:00Z,2023-03-18T05:00:00+0100,99.8,EUR/MWh,NL,NL,day_ahead_price,value,2026-08-05T16:11:36Z
2023-03-18T05:00:00Z,2023-03-18T06:00:00+0100,103.5,EUR/MWh,NL,NL,day_ahead_price,value,2026-08-05T16:11:36Z
2023-03-18T06:00:00Z,2023-03-18T07:00:00+0100,105.43,EUR/MWh,NL,NL,day_ahead_price,value,2026-08-05T16:11:36Z
2023-03-18T07:00:00Z,2023-03-18T08:00:00+0100,100.76,EUR/MWh,NL,NL,day_ahead_price,value,2026-08-05T16:11:36Z
2023-03-18T08:00:00Z,2023-03-18T09:00:00+0100,102.65,EUR/MWh,NL,NL,day_ahead_price,value,2026-08-05T16:11:36Z
2023-03-18T09:00:00Z,2023-03-18T10:00:00+0100,97.02,EUR/MWh,NL,NL,day_ahead_price,value,2026-08-05T16:11:36Z
2023-03-18T10:00:00Z,2023-03-18T11:00:00+0100,91.15,EUR/MWh,NL,NL,day_ahead_price,value,2026-08-05T16:11:36Z
2023-03-18T11:00:00Z,2023-03-18T12:00:00+0100,84.06,EUR/MWh,NL,NL,day_ahead_price,value,2026-08-05T16:11:36Z
2023-03-18T12:00:00Z,2023-03-18T13:00:00+0100,80.42,EUR/MWh,NL,NL,day_ahead_price,value,2026-08-05T16:11:36Z
2023-03-18T13:00:00Z,2023-03-18T14:00:00+0100,87.52,EUR/MWh,NL,NL,day_ahead_price,value,2026-08-05T16:11:36Z
2023-03-18T14:00:00Z,2023-03-18T15:00:00+0100,92.08,EUR/MWh,NL,NL,day_ahead_price,value,2026-08-05T16:11:36Z
2023-03-18T15:00:00Z,2023-03-18T16:00:00+0100,104.43,EUR/MWh,NL,NL,day_ahead_price,value,2026-08-05T16:11:36Z
2023-03-18T16:00:00Z,2023-03-18T17:00:00+0100,130.74,EUR/MWh,NL,NL,day_ahead_price,value,2026-08-05T16:11:36Z
2023-03-18T17:00:00Z,2023-03-18T18:00:00+0100,156.95,EUR/MWh,NL,NL,day_ahead_price,value,2026-08-05T16:11:36Z
2023-03-18T18:00:00Z,2023-03-18T19:00:00+0100,169.54,EUR/MWh,NL,NL,day_ahead_price,value,2026-08-05T16:11:36Z
2023-03-18T19:00:00Z,2023-03-18T20:00:00+0100,144.15,EUR/MWh,NL,NL,day_ahead_price,value,2026-08-05T16:11:36Z
2023-03-18T20:00:00Z,2023-03-18T21:00:00+0100,132.92,EUR/MWh,NL,NL,day_ahead_price,value,2026-08-05T16:11:36Z
2023-03-18T21:00:00Z,2023-03-18T22:00:00+0100,129.95,EUR/MWh,NL,NL,day_ahead_price,value,2026-08-05T16:11:36Z
2023-03-18T22:00:00Z,2023-03-18T23:00:00+0100,118.46,EUR/MWh,NL,NL,day_ahead_price,value,2026-08-05T16:11:36Z
2023-03-18T23:00:00Z,2023-03-19T00:00:00+0100,110.03,EUR/MWh,NL,NL,day_ahead_price,value,2026-08-05T16:11:36Z
2023-03-19T00:00:00Z,2023-03-19T01:00:00+0100,106.0,EUR/MWh,NL,NL,day_ahead_price,value,2026-08-05T16:11:36Z
2023-03-19T01:00:00Z,2023-03-19T02:00:00+0100,99.6,EUR/MWh,NL,NL,day_ahead_price,value,2026-08-05T16:11:36Z
2023-03-19T02:00:00Z,2023-03-19T03:00:00+0100,99.18,EUR/MWh,NL,NL,day_ahead_price,value,2026-08-05T16:11:36Z
2023-03-19T03:00:00Z,2023-03-19T04:00:00+0100,98.74,EUR/MWh,NL,NL,day_ahead_price,value,2026-08-05T16:11:36Z
2023-03-19T04:00:00Z,2023-03-19T05:00:00+0100,103.36,EUR/MWh,NL,NL,day_ahead_price,value,2026-08-05T16:11:36Z
2023-03-19T05:00:00Z,2023-03-19T06:00:00+0100,100.0,EUR/MWh,NL,NL,day_ahead_price,value,2026-08-05T16:11:36Z
2023-03-19T06:00:00Z,2023-03-19T07:00:00+0100,102.45,EUR/MWh,NL,NL,day_ahead_price,value,2026-08-05T16:11:36Z
2023-03-19T07:00:00Z,2023-03-19T08:00:00+0100,101.44,EUR/MWh,NL,NL,day_ahead_price,value,2026-08-05T16:11:36Z
2023-03-19T08:00:00Z,2023-03-19T09:00:00+0100,102.26,EUR/MWh,NL,NL,day_ahead_price,value,2026-08-05T16:11:36Z
2023-03-19T09:00:00Z,2023-03-19T10:00:00+0100,100.56,EUR/MWh,NL,NL,day_ahead_price,value,2026-08-05T16:11:36Z
2023-03-19T10:00:00Z,2023-03-19T11:00:00+0100,99.29,EUR/MWh,NL,NL,day_ahead_price,value,2026-08-05T16:11:36Z
2023-03-19T11:00:00Z,2023-03-19T12:00:00+0100,97.46,EUR/MWh,NL,NL,day_ahead_price,value,2026-08-05T16:11:36Z
2023-03-19T12:00:00Z,2023-03-19T13:00:00+0100,94.04,EUR/MWh,NL,NL,day_ahead_price,value,2026-08-05T16:11:36Z
2023-03-19T13:00:00Z,2023-03-19T14:00:00+0100,95.01,EUR/MWh,NL,NL,day_ahead_price,value,2026-08-05T16:11:36Z
2023-03-19T14:00:00Z,2023-03-19T15:00:00+0100,98.67,EUR/MWh,NL,NL,day_ahead_price,value,2026-08-05T16:11:36Z
2023-03-19T15:00:00Z,2023-03-19T16:00:00+0100,106.09,EUR/MWh,NL,NL,day_ahead_price,value,2026-08-05T16:11:36Z
2023-03-19T16:00:00Z,2023-03-19T17:00:00+0100,134.62,EUR/MWh,NL,NL,day_ahead_price,value,2026-08-05T16:11:36Z
2023-03-19T17:00:00Z,2023-03-19T18:00:00+0100,145.0,EUR/MWh,NL,NL,day_ahead_price,value,2026-08-05T16:11:36Z
2023-03-19T18:00:00Z,2023-03-19T19:00:00+0100,152.91,EUR/MWh,NL,NL,day_ahead_price,value,2026-08-05T16:11:36Z
2023-03-19T19:00:00Z,2023-03-19T20:00:00+0100,144.71,EUR/MWh,NL,NL,day_ahead_price,value,2026-08-05T16:11:36Z
2023-03-19T20:00:00Z,2023-03-19T21:00:00+0100,135.27,EUR/MWh,NL,NL,day_ahead_price,value,2026-08-05T16:11:36Z
2023-03-19T21:00:00Z,2023-03-19T22:00:00+0100,132.9,EUR/MWh,NL,NL,day_ahead_price,value,2026-08-05T16:11:36Z
2023-03-19T22:00:00Z,2023-03-19T23:00:00+0100,130.0,EUR/MWh,NL,NL,day_ahead_price,value,2026-08-05T16:11:36Z
2023-03-19T23:00:00Z,2023-03-20T00:00:00+0100,124.0,EUR/MWh,NL,NL,day_ahead_price,value,2026-08-05T16:11:36Z
2023-03-20T00:00:00Z,2023-03-20T01:00:00+0100,114.94,EUR/MWh,NL,NL,day_ahead_price,value,2026-08-05T16:11:36Z
2023-03-20T01:00:00Z,2023-03-20T02:00:00+0100,113.06,EUR/MWh,NL,NL,day_ahead_price,value,2026-08-05T16:11:36Z
2023-03-20T02:00:00Z,2023-03-20T03:00:00+0100,110.18,EUR/MWh,NL,NL,day_ahead_price,value,2026-08-05T16:11:36Z
2023-03-20T03:00:00Z,2023-03-20T04:00:00+0100,110.25,EUR/MWh,NL,NL,day_ahead_price,value,2026-08-05T16:11:36Z
2023-03-20T04:00:00Z,2023-03-20T05:00:00+0100,116.4,EUR/MWh,NL,NL,day_ahead_price,value,2026-08-05T16:11:36Z
2023-03-20T05:00:00Z,2023-03-20T06:00:00+0100,135.77,EUR/MWh,NL,NL,day_ahead_price,value,2026-08-05T16:11:36Z
2023-03-20T06:00:00Z,2023-03-20T07:00:00+0100,148.43,EUR/MWh,NL,NL,day_ahead_price,value,2026-08-05T16:11:36Z
2023-03-20T07:00:00Z,2023-03-20T08:00:00+0100,148.51,EUR/MWh,NL,NL,day_ahead_price,value,2026-08-05T16:11:36Z
2023-03-20T08:00:00Z,2023-03-20T09:00:00+0100,137.56,EUR/MWh,NL,NL,day_ahead_price,value,2026-08-05T16:11:36Z
2023-03-20T09:00:00Z,2023-03-20T10:00:00+0100,122.75,EUR/MWh,NL,NL,day_ahead_price,value,2026-08-05T16:11:36Z
2023-03-20T10:00:00Z,2023-03-20T11:00:00+0100,115.79,EUR/MWh,NL,NL,day_ahead_price,value,2026-08-05T16:11:36Z
2023-03-20T11:00:00Z,2023-03-20T12:00:00+0100,104.58,EUR/MWh,NL,NL,day_ahead_price,value,2026-08-05T16:11:36Z
2023-03-20T12:00:00Z,2023-03-20T13:00:00+0100,99.94,EUR/MWh,NL,NL,day_ahead_price,value,2026-08-05T16:11:36Z
2023-03-20T13:00:00Z,2023-03-20T14:00:00+0100,101.69,EUR/MWh,NL,NL,day_ahead_price,value,2026-08-05T16:11:36Z
2023-03-20T14:00:00Z,2023-03-20T15:00:00+0100,104.72,EUR/MWh,NL,NL,day_ahead_price,value,2026-08-05T16:11:36Z
2023-03-20T15:00:00Z,2023-03-20T16:00:00+0100,113.82,EUR/MWh,NL,NL,day_ahead_price,value,2026-08-05T16:11:36Z
2023-03-20T16:00:00Z,2023-03-20T17:00:00+0100,132.82,EUR/MWh,NL,NL,day_ahead_price,value,2026-08-05T16:11:36Z
2023-03-20T17:00:00Z,2023-03-20T18:00:00+0100,150.96,EUR/MWh,NL,NL,day_ahead_price,value,2026-08-05T16:11:36Z
2023-03-20T18:00:00Z,2023-03-20T19:00:00+0100,165.47,EUR/MWh,NL,NL,day_ahead_price,value,2026-08-05T16:11:36Z
2023-03-20T19:00:00Z,2023-03-20T20:00:00+0100,152.36,EUR/MWh,NL,NL,day_ahead_price,value,2026-08-05T16:11:36Z
2023-03-20T20:00:00Z,2023-03-20T21:00:00+0100,135.49,EUR/MWh,NL,NL,day_ahead_price,value,2026-08-05T16:11:36Z
2023-03-20T21:00:00Z,2023-03-20T22:00:00+0100,127.5,EUR/MWh,NL,NL,day_ahead_price,value,2026-08-05T16:11:36Z
2023-03-20T22:00:00Z,2023-03-20T23:00:00+0100,117.04,EUR/MWh,NL,NL,day_ahead_price,value,2026-08-05T16:11:36Z
2023-03-20T23:00:00Z,2023-03-21T00:00:00+0100,120.79,EUR/MWh,NL,NL,day_ahead_price,value,2026-08-05T16:11:36Z
2023-03-21T00:00:00Z,2023-03-21T01:00:00+0100,112.28,EUR/MWh,NL,NL,day_ahead_price,value,2026-08-05T16:11:36Z
2023-03-21T01:00:00Z,2023-03-21T02:00:00+0100,111.56,EUR/MWh,NL,NL,day_ahead_price,value,2026-08-05T16:11:36Z
2023-03-21T02:00:00Z,2023-03-21T03:00:00+0100,108.65,EUR/MWh,NL,NL,day_ahead_price,value,2026-08-05T16:11:36Z
2023-03-21T03:00:00Z,2023-03-21T04:00:00+0100,110.0,EUR/MWh,NL,NL,day_ahead_price,value,2026-08-05T16:11:36Z
2023-03-21T04:00:00Z,2023-03-21T05:00:00+0100,118.21,EUR/MWh,NL,NL,day_ahead_price,value,2026-08-05T16:11:36Z
2023-03-21T05:00:00Z,2023-03-21T06:00:00+0100,129.79,EUR/MWh,NL,NL,day_ahead_price,value,2026-08-05T16:11:36Z
2023-03-21T06:00:00Z,2023-03-21T07:00:00+0100,145.47,EUR/MWh,NL,NL,day_ahead_price,value,2026-08-05T16:11:36Z
2023-03-21T07:00:00Z,2023-03-21T08:00:00+0100,143.43,EUR/MWh,NL,NL,day_ahead_price,value,2026-08-05T16:11:36Z
2023-03-21T08:00:00Z,2023-03-21T09:00:00+0100,128.5,EUR/MWh,NL,NL,day_ahead_price,value,2026-08-05T16:11:36Z
2023-03-21T09:00:00Z,2023-03-21T10:00:00+0100,115.0,EUR/MWh,NL,NL,day_ahead_price,value,2026-08-05T16:11:36Z
2023-03-21T10:00:00Z,2023-03-21T11:00:00+0100,106.67,EUR/MWh,NL,NL,day_ahead_price,value,2026-08-05T16:11:36Z
2023-03-21T11:00:00Z,2023-03-21T12:00:00+0100,101.91,EUR/MWh,NL,NL,day_ahead_price,value,2026-08-05T16:11:36Z
2023-03-21T12:00:00Z,2023-03-21T13:00:00+0100,99.48,EUR/MWh,NL,NL,day_ahead_price,value,2026-08-05T16:11:36Z
2023-03-21T13:00:00Z,2023-03-21T14:00:00+0100,96.09,EUR/MWh,NL,NL,day_ahead_price,value,2026-08-05T16:11:36Z
2023-03-21T14:00:00Z,2023-03-21T15:00:00+0100,98.25,EUR/MWh,NL,NL,day_ahead_price,value,2026-08-05T16:11:36Z
2023-03-21T15:00:00Z,2023-03-21T16:00:00+0100,101.12,EUR/MWh,NL,NL,day_ahead_price,value,2026-08-05T16:11:36Z
2023-03-21T16:00:00Z,2023-03-21T17:00:00+0100,112.94,EUR/MWh,NL,NL,day_ahead_price,value,2026-08-05T16:11:36Z
2023-03-21T17:00:00Z,2023-03-21T18:00:00+0100,132.04,EUR/MWh,NL,NL,day_ahead_price,value,2026-08-05T16:11:36Z
2023-03-21T18:00:00Z,2023-03-21T19:00:00+0100,143.26,EUR/MWh,NL,NL,day_ahead_price,value,2026-08-05T16:11:36Z
2023-03-21T19:00:00Z,2023-03-21T20:00:00+0100,112.34,EUR/MWh,NL,NL,day_ahead_price,value,2026-08-05T16:11:36Z
2023-03-21T20:00:00Z,2023-03-21T21:00:00+0100,101.0,EUR/MWh,NL,NL,day_ahead_price,value,2026-08-05T16:11:36Z
2023-03-21T21:00:00Z,2023-03-21T22:00:00+0100,92.18,EUR/MWh,NL,NL,day_ahead_price,value,2026-08-05T16:11:36Z
2023-03-21T22:00:00Z,2023-03-21T23:00:00+0100,90.36,EUR/MWh,NL,NL,day_ahead_price,value,2026-08-05T16:11:36Z
2023-03-21T23:00:00Z,2023-03-22T00:00:00+0100,77.06,EUR/MWh,NL,NL,day_ahead_price,value,2026-08-05T16:11:36Z
2023-03-22T00:00:00Z,2023-03-22T01:00:00+0100,73.19,EUR/MWh,NL,NL,day_ahead_price,value,2026-08-05T16:11:36Z
2023-03-22T01:00:00Z,2023-03-22T02:00:00+0100,73.39,EUR/MWh,NL,NL,day_ahead_price,value,2026-08-05T16:11:36Z
2023-03-22T02:00:00Z,2023-03-22T03:00:00+0100,68.81,EUR/MWh,NL,NL,day_ahead_price,value,2026-08-05T16:11:36Z
2023-03-22T03:00:00Z,2023-03-22T04:00:00+0100,66.48,EUR/MWh,NL,NL,day_ahead_price,value,2026-08-05T16:11:36Z
2023-03-22T04:00:00Z,2023-03-22T05:00:00+0100,71.91,EUR/MWh,NL,NL,day_ahead_price,value,2026-08-05T16:11:36Z
2023-03-22T05:00:00Z,2023-03-22T06:00:00+0100,84.48,EUR/MWh,NL,NL,day_ahead_price,value,2026-08-05T16:11:36Z
2023-03-22T06:00:00Z,2023-03-22T07:00:00+0100,102.54,EUR/MWh,NL,NL,day_ahead_price,value,2026-08-05T16:11:36Z
2023-03-22T07:00:00Z,2023-03-22T08:00:00+0100,107.54,EUR/MWh,NL,NL,day_ahead_price,value,2026-08-05T16:11:36Z
2023-03-22T08:00:00Z,2023-03-22T09:00:00+0100,92.6,EUR/MWh,NL,NL,day_ahead_price,value,2026-08-05T16:11:36Z
2023-03-22T09:00:00Z,2023-03-22T10:00:00+0100,78.76,EUR/MWh,NL,NL,day_ahead_price,value,2026-08-05T16:11:36Z
2023-03-22T10:00:00Z,2023-03-22T11:00:00+0100,81.52,EUR/MWh,NL,NL,day_ahead_price,value,2026-08-05T16:11:36Z
2023-03-22T11:00:00Z,2023-03-22T12:00:00+0100,73.04,EUR/MWh,NL,NL,day_ahead_price,value,2026-08-05T16:11:36Z
2023-03-22T12:00:00Z,2023-03-22T13:00:00+0100,71.1,EUR/MWh,NL,NL,day_ahead_price,value,2026-08-05T16:11:36Z
2023-03-22T13:00:00Z,2023-03-22T14:00:00+0100,78.57,EUR/MWh,NL,NL,day_ahead_price,value,2026-08-05T16:11:36Z
2023-03-22T14:00:00Z,2023-03-22T15:00:00+0100,69.95,EUR/MWh,NL,NL,day_ahead_price,value,2026-08-05T16:11:36Z
2023-03-22T15:00:00Z,2023-03-22T16:00:00+0100,81.84,EUR/MWh,NL,NL,day_ahead_price,value,2026-08-05T16:11:36Z
2023-03-22T16:00:00Z,2023-03-22T17:00:00+0100,100.62,EUR/MWh,NL,NL,day_ahead_price,value,2026-08-05T16:11:36Z
2023-03-22T17:00:00Z,2023-03-22T18:00:00+0100,118.72,EUR/MWh,NL,NL,day_ahead_price,value,2026-08-05T16:11:36Z
2023-03-22T18:00:00Z,2023-03-22T19:00:00+0100,139.78,EUR/MWh,NL,NL,day_ahead_price,value,2026-08-05T16:11:36Z
2023-03-22T19:00:00Z,2023-03-22T20:00:00+0100,125.14,EUR/MWh,NL,NL,day_ahead_price,value,2026-08-05T16:11:36Z
2023-03-22T20:00:00Z,2023-03-22T21:00:00+0100,108.37,EUR/MWh,NL,NL,day_ahead_price,value,2026-08-05T16:11:36Z
2023-03-22T21:00:00Z,2023-03-22T22:00:00+0100,99.9,EUR/MWh,NL,NL,day_ahead_price,value,2026-08-05T16:11:36Z
2023-03-22T22:00:00Z,2023-03-22T23:00:00+0100,83.51,EUR/MWh,NL,NL,day_ahead_price,value,2026-08-05T16:11:36Z
2023-03-22T23:00:00Z,2023-03-23T00:00:00+0100,67.93,EUR/MWh,NL,NL,day_ahead_price,value,2026-08-05T16:11:36Z
2023-03-23T00:00:00Z,2023-03-23T01:00:00+0100,65.93,EUR/MWh,NL,NL,day_ahead_price,value,2026-08-05T16:11:36Z
2023-03-23T01:00:00Z,2023-03-23T02:00:00+0100,55.66,EUR/MWh,NL,NL,day_ahead_price,value,2026-08-05T16:11:36Z
2023-03-23T02:00:00Z,2023-03-23T03:00:00+0100,46.65,EUR/MWh,NL,NL,day_ahead_price,value,2026-08-05T16:11:36Z
2023-03-23T03:00:00Z,2023-03-23T04:00:00+0100,32.46,EUR/MWh,NL,NL,day_ahead_price,value,2026-08-05T16:11:36Z
2023-03-23T04:00:00Z,2023-03-23T05:00:00+0100,55.79,EUR/MWh,NL,NL,day_ahead_price,value,2026-08-05T16:11:36Z
2023-03-23T05:00:00Z,2023-03-23T06:00:00+0100,80.58,EUR/MWh,NL,NL,day_ahead_price,value,2026-08-05T16:11:36Z
2023-03-23T06:00:00Z,2023-03-23T07:00:00+0100,92.22,EUR/MWh,NL,NL,day_ahead_price,value,2026-08-05T16:11:36Z
2023-03-23T07:00:00Z,2023-03-23T08:00:00+0100,95.0,EUR/MWh,NL,NL,day_ahead_price,value,2026-08-05T16:11:36Z
2023-03-23T08:00:00Z,2023-03-23T09:00:00+0100,74.9,EUR/MWh,NL,NL,day_ahead_price,value,2026-08-05T16:11:36Z
2023-03-23T09:00:00Z,2023-03-23T10:00:00+0100,41.4,EUR/MWh,NL,NL,day_ahead_price,value,2026-08-05T16:11:36Z
2023-03-23T10:00:00Z,2023-03-23T11:00:00+0100,35.03,EUR/MWh,NL,NL,day_ahead_price,value,2026-08-05T16:11:36Z
2023-03-23T11:00:00Z,2023-03-23T12:00:00+0100,35.37,EUR/MWh,NL,NL,day_ahead_price,value,2026-08-05T16:11:36Z
2023-03-23T12:00:00Z,2023-03-23T13:00:00+0100,36.41,EUR/MWh,NL,NL,day_ahead_price,value,2026-08-05T16:11:36Z
2023-03-23T13:00:00Z,2023-03-23T14:00:00+0100,50.9,EUR/MWh,NL,NL,day_ahead_price,value,2026-08-05T16:11:36Z
2023-03-23T14:00:00Z,2023-03-23T15:00:00+0100,54.0,EUR/MWh,NL,NL,day_ahead_price,value,2026-08-05T16:11:36Z
2023-03-23T15:00:00Z,2023-03-23T16:00:00+0100,89.39,EUR/MWh,NL,NL,day_ahead_price,value,2026-08-05T16:11:36Z
2023-03-23T16:00:00Z,2023-03-23T17:00:00+0100,119.47,EUR/MWh,NL,NL,day_ahead_price,value,2026-08-05T16:11:36Z
2023-03-23T17:00:00Z,2023-03-23T18:00:00+0100,136.86,EUR/MWh,NL,NL,day_ahead_price,value,2026-08-05T16:11:36Z
2023-03-23T18:00:00Z,2023-03-23T19:00:00+0100,144.37,EUR/MWh,NL,NL,day_ahead_price,value,2026-08-05T16:11:36Z
2023-03-23T19:00:00Z,2023-03-23T20:00:00+0100,122.04,EUR/MWh,NL,NL,day_ahead_price,value,2026-08-05T16:11:36Z
2023-03-23T20:00:00Z,2023-03-23T21:00:00+0100,92.03,EUR/MWh,NL,NL,day_ahead_price,value,2026-08-05T16:11:36Z
2023-03-23T21:00:00Z,2023-03-23T22:00:00+0100,88.85,EUR/MWh,NL,NL,day_ahead_price,value,2026-08-05T16:11:36Z
2023-03-23T22:00:00Z,2023-03-23T23:00:00+0100,77.54,EUR/MWh,NL,NL,day_ahead_price,value,2026-08-05T16:11:36Z
2023-03-23T23:00:00Z,2023-03-24T00:00:00+0100,54.98,EUR/MWh,NL,NL,day_ahead_price,value,2026-08-05T16:11:36Z
2023-03-24T00:00:00Z,2023-03-24T01:00:00+0100,43.8,EUR/MWh,NL,NL,day_ahead_price,value,2026-08-05T16:11:36Z
2023-03-24T01:00:00Z,2023-03-24T02:00:00+0100,40.67,EUR/MWh,NL,NL,day_ahead_price,value,2026-08-05T16:11:36Z
2023-03-24T02:00:00Z,2023-03-24T03:00:00+0100,39.92,EUR/MWh,NL,NL,day_ahead_price,value,2026-08-05T16:11:36Z
2023-03-24T03:00:00Z,2023-03-24T04:00:00+0100,35.07,EUR/MWh,NL,NL,day_ahead_price,value,2026-08-05T16:11:36Z
2023-03-24T04:00:00Z,2023-03-24T05:00:00+0100,40.19,EUR/MWh,NL,NL,day_ahead_price,value,2026-08-05T16:11:36Z
2023-03-24T05:00:00Z,2023-03-24T06:00:00+0100,62.44,EUR/MWh,NL,NL,day_ahead_price,value,2026-08-05T16:11:36Z
2023-03-24T06:00:00Z,2023-03-24T07:00:00+0100,81.23,EUR/MWh,NL,NL,day_ahead_price,value,2026-08-05T16:11:36Z
2023-03-24T07:00:00Z,2023-03-24T08:00:00+0100,81.23,EUR/MWh,NL,NL,day_ahead_price,value,2026-08-05T16:11:36Z
2023-03-24T08:00:00Z,2023-03-24T09:00:00+0100,62.36,EUR/MWh,NL,NL,day_ahead_price,value,2026-08-05T16:11:36Z
2023-03-24T09:00:00Z,2023-03-24T10:00:00+0100,21.3,EUR/MWh,NL,NL,day_ahead_price,value,2026-08-05T16:11:36Z
2023-03-24T10:00:00Z,2023-03-24T11:00:00+0100,0.0,EUR/MWh,NL,NL,day_ahead_price,value,2026-08-05T16:11:36Z
2023-03-24T11:00:00Z,2023-03-24T12:00:00+0100,-10.0,EUR/MWh,NL,NL,day_ahead_price,value,2026-08-05T16:11:36Z
2023-03-24T12:00:00Z,2023-03-24T13:00:00+0100,-11.4,EUR/MWh,NL,NL,day_ahead_price,value,2026-08-05T16:11:36Z
2023-03-24T13:00:00Z,2023-03-24T14:00:00+0100,-4.66,EUR/MWh,NL,NL,day_ahead_price,value,2026-08-05T16:11:36Z
2023-03-24T14:00:00Z,2023-03-24T15:00:00+0100,4.9,EUR/MWh,NL,NL,day_ahead_price,value,2026-08-05T16:11:36Z
2023-03-24T15:00:00Z,2023-03-24T16:00:00+0100,29.32,EUR/MWh,NL,NL,day_ahead_price,value,2026-08-05T16:11:36Z
2023-03-24T16:00:00Z,2023-03-24T17:00:00+0100,79.43,EUR/MWh,NL,NL,day_ahead_price,value,2026-08-05T16:11:36Z
2023-03-24T17:00:00Z,2023-03-24T18:00:00+0100,100.8,EUR/MWh,NL,NL,day_ahead_price,value,2026-08-05T16:11:36Z
2023-03-24T18:00:00Z,2023-03-24T19:00:00+0100,116.23,EUR/MWh,NL,NL,day_ahead_price,value,2026-08-05T16:11:36Z
2023-03-24T19:00:00Z,2023-03-24T20:00:00+0100,96.7,EUR/MWh,NL,NL,day_ahead_price,value,2026-08-05T16:11:36Z
2023-03-24T20:00:00Z,2023-03-24T21:00:00+0100,82.47,EUR/MWh,NL,NL,day_ahead_price,value,2026-08-05T16:11:36Z
2023-03-24T21:00:00Z,2023-03-24T22:00:00+0100,76.2,EUR/MWh,NL,NL,day_ahead_price,value,2026-08-05T16:11:36Z
2023-03-24T22:00:00Z,2023-03-24T23:00:00+0100,64.9,EUR/MWh,NL,NL,day_ahead_price,value,2026-08-05T16:11:36Z
2023-03-24T23:00:00Z,2023-03-25T00:00:00+0100,15.3,EUR/MWh,NL,NL,day_ahead_price,value,2026-08-05T16:11:36Z
2023-03-25T00:00:00Z,2023-03-25T01:00:00+0100,0.1,EUR/MWh,NL,NL,day_ahead_price,value,2026-08-05T16:11:36Z
2023-03-25T01:00:00Z,2023-03-25T02:00:00+0100,-3.0,EUR/MWh,NL,NL,day_ahead_price,value,2026-08-05T16:11:36Z
2023-03-25T02:00:00Z,2023-03-25T03:00:00+0100,-0.21,EUR/MWh,NL,NL,day_ahead_price,value,2026-08-05T16:11:36Z
2023-03-25T03:00:00Z,2023-03-25T04:00:00+0100,-1.15,EUR/MWh,NL,NL,day_ahead_price,value,2026-08-05T16:11:36Z
2023-03-25T04:00:00Z,2023-03-25T05:00:00+0100,-1.99,EUR/MWh,NL,NL,day_ahead_price,value,2026-08-05T16:11:36Z
2023-03-25T05:00:00Z,2023-03-25T06:00:00+0100,-2.37,EUR/MWh,NL,NL,day_ahead_price,value,2026-08-05T16:11:36Z
2023-03-25T06:00:00Z,2023-03-25T07:00:00+0100,0.0,EUR/MWh,NL,NL,day_ahead_price,value,2026-08-05T16:11:36Z
2023-03-25T07:00:00Z,2023-03-25T08:00:00+0100,0.0,EUR/MWh,NL,NL,day_ahead_price,value,2026-08-05T16:11:36Z
2023-03-25T08:00:00Z,2023-03-25T09:00:00+0100,-3.94,EUR/MWh,NL,NL,day_ahead_price,value,2026-08-05T16:11:36Z
2023-03-25T09:00:00Z,2023-03-25T10:00:00+0100,-7.99,EUR/MWh,NL,NL,day_ahead_price,value,2026-08-05T16:11:36Z
2023-03-25T10:00:00Z,2023-03-25T11:00:00+0100,-2.18,EUR/MWh,NL,NL,day_ahead_price,value,2026-08-05T16:11:36Z
2023-03-25T11:00:00Z,2023-03-25T12:00:00+0100,-6.67,EUR/MWh,NL,NL,day_ahead_price,value,2026-08-05T16:11:36Z
2023-03-25T12:00:00Z,2023-03-25T13:00:00+0100,-9.71,EUR/MWh,NL,NL,day_ahead_price,value,2026-08-05T16:11:36Z
2023-03-25T13:00:00Z,2023-03-25T14:00:00+0100,-9.53,EUR/MWh,NL,NL,day_ahead_price,value,2026-08-05T16:11:36Z
2023-03-25T14:00:00Z,2023-03-25T15:00:00+0100,-1.75,EUR/MWh,NL,NL,day_ahead_price,value,2026-08-05T16:11:36Z
2023-03-25T15:00:00Z,2023-03-25T16:00:00+0100,-1.01,EUR/MWh,NL,NL,day_ahead_price,value,2026-08-05T16:11:36Z
2023-03-25T16:00:00Z,2023-03-25T17:00:00+0100,31.92,EUR/MWh,NL,NL,day_ahead_price,value,2026-08-05T16:11:36Z
2023-03-25T17:00:00Z,2023-03-25T18:00:00+0100,75.0,EUR/MWh,NL,NL,day_ahead_price,value,2026-08-05T16:11:36Z
2023-03-25T18:00:00Z,2023-03-25T19:00:00+0100,99.98,EUR/MWh,NL,NL,day_ahead_price,value,2026-08-05T16:11:36Z
2023-03-25T19:00:00Z,2023-03-25T20:00:00+0100,99.9,EUR/MWh,NL,NL,day_ahead_price,value,2026-08-05T16:11:36Z
2023-03-25T20:00:00Z,2023-03-25T21:00:00+0100,97.55,EUR/MWh,NL,NL,day_ahead_price,value,2026-08-05T16:11:36Z
2023-03-25T21:00:00Z,2023-03-25T22:00:00+0100,98.0,EUR/MWh,NL,NL,day_ahead_price,value,2026-08-05T16:11:36Z
2023-03-25T22:00:00Z,2023-03-25T23:00:00+0100,97.6,EUR/MWh,NL,NL,day_ahead_price,value,2026-08-05T16:11:36Z
2023-03-25T23:00:00Z,2023-03-26T00:00:00+0100,94.57,EUR/MWh,NL,NL,day_ahead_price,value,2026-08-05T16:11:36Z
2023-03-26T00:00:00Z,2023-03-26T01:00:00+0100,80.0,EUR/MWh,NL,NL,day_ahead_price,value,2026-08-05T16:11:36Z
2023-03-26T01:00:00Z,2023-03-26T03:00:00+0200,84.9,EUR/MWh,NL,NL,day_ahead_price,value,2026-08-05T16:11:36Z
2023-03-26T02:00:00Z,2023-03-26T04:00:00+0200,73.62,EUR/MWh,NL,NL,day_ahead_price,value,2026-08-05T16:11:36Z
2023-03-26T03:00:00Z,2023-03-26T05:00:00+0200,73.65,EUR/MWh,NL,NL,day_ahead_price,value,2026-08-05T16:11:36Z
2023-03-26T04:00:00Z,2023-03-26T06:00:00+0200,63.49,EUR/MWh,NL,NL,day_ahead_price,value,2026-08-05T16:11:36Z
2023-03-26T05:00:00Z,2023-03-26T07:00:00+0200,73.09,EUR/MWh,NL,NL,day_ahead_price,value,2026-08-05T16:11:36Z
2023-03-26T06:00:00Z,2023-03-26T08:00:00+0200,78.35,EUR/MWh,NL,NL,day_ahead_price,value,2026-08-05T16:11:36Z
2023-03-26T07:00:00Z,2023-03-26T09:00:00+0200,84.69,EUR/MWh,NL,NL,day_ahead_price,value,2026-08-05T16:11:36Z
2023-03-26T08:00:00Z,2023-03-26T10:00:00+0200,88.7,EUR/MWh,NL,NL,day_ahead_price,value,2026-08-05T16:11:36Z
2023-03-26T09:00:00Z,2023-03-26T11:00:00+0200,84.9,EUR/MWh,NL,NL,day_ahead_price,value,2026-08-05T16:11:36Z
2023-03-26T10:00:00Z,2023-03-26T12:00:00+0200,74.9,EUR/MWh,NL,NL,day_ahead_price,value,2026-08-05T16:11:36Z
2023-03-26T11:00:00Z,2023-03-26T13:00:00+0200,61.67,EUR/MWh,NL,NL,day_ahead_price,value,2026-08-05T16:11:36Z
2023-03-26T12:00:00Z,2023-03-26T14:00:00+0200,50.46,EUR/MWh,NL,NL,day_ahead_price,value,2026-08-05T16:11:36Z
2023-03-26T13:00:00Z,2023-03-26T15:00:00+0200,45.57,EUR/MWh,NL,NL,day_ahead_price,value,2026-08-05T16:11:36Z
2023-03-26T14:00:00Z,2023-03-26T16:00:00+0200,48.35,EUR/MWh,NL,NL,day_ahead_price,value,2026-08-05T16:11:36Z
2023-03-26T15:00:00Z,2023-03-26T17:00:00+0200,77.09,EUR/MWh,NL,NL,day_ahead_price,value,2026-08-05T16:11:36Z
2023-03-26T16:00:00Z,2023-03-26T18:00:00+0200,106.65,EUR/MWh,NL,NL,day_ahead_price,value,2026-08-05T16:11:36Z
2023-03-26T17:00:00Z,2023-03-26T19:00:00+0200,117.86,EUR/MWh,NL,NL,day_ahead_price,value,2026-08-05T16:11:36Z
2023-03-26T18:00:00Z,2023-03-26T20:00:00+0200,112.59,EUR/MWh,NL,NL,day_ahead_price,value,2026-08-05T16:11:36Z
2023-03-26T19:00:00Z,2023-03-26T21:00:00+0200,104.63,EUR/MWh,NL,NL,day_ahead_price,value,2026-08-05T16:11:36Z
2023-03-26T20:00:00Z,2023-03-26T22:00:00+0200,99.42,EUR/MWh,NL,NL,day_ahead_price,value,2026-08-05T16:11:36Z
2023-03-26T21:00:00Z,2023-03-26T23:00:00+0200,94.64,EUR/MWh,NL,NL,day_ahead_price,value,2026-08-05T16:11:36Z
2023-03-26T22:00:00Z,2023-03-27T00:00:00+0200,96.0,EUR/MWh,NL,NL,day_ahead_price,value,2026-08-05T16:11:36Z
2023-03-26T23:00:00Z,2023-03-27T01:00:00+0200,91.71,EUR/MWh,NL,NL,day_ahead_price,value,2026-08-05T16:11:36Z
2023-03-27T00:00:00Z,2023-03-27T02:00:00+0200,87.48,EUR/MWh,NL,NL,day_ahead_price,value,2026-08-05T16:11:36Z
2023-03-27T01:00:00Z,2023-03-27T03:00:00+0200,83.99,EUR/MWh,NL,NL,day_ahead_price,value,2026-08-05T16:11:36Z
2023-03-27T02:00:00Z,2023-03-27T04:00:00+0200,84.9,EUR/MWh,NL,NL,day_ahead_price,value,2026-08-05T16:11:36Z
2023-03-27T03:00:00Z,2023-03-27T05:00:00+0200,86.59,EUR/MWh,NL,NL,day_ahead_price,value,2026-08-05T16:11:36Z
2023-03-27T04:00:00Z,2023-03-27T06:00:00+0200,115.0,EUR/MWh,NL,NL,day_ahead_price,value,2026-08-05T16:11:36Z
2023-03-27T05:00:00Z,2023-03-27T07:00:00+0200,142.99,EUR/MWh,NL,NL,day_ahead_price,value,2026-08-05T16:11:36Z
2023-03-27T06:00:00Z,2023-03-27T08:00:00+0200,149.38,EUR/MWh,NL,NL,day_ahead_price,value,2026-08-05T16:11:36Z
2023-03-27T07:00:00Z,2023-03-27T09:00:00+0200,85.0,EUR/MWh,NL,NL,day_ahead_price,value,2026-08-05T16:11:36Z
2023-03-27T08:00:00Z,2023-03-27T10:00:00+0200,60.1,EUR/MWh,NL,NL,day_ahead_price,value,2026-08-05T16:11:36Z
2023-03-27T09:00:00Z,2023-03-27T11:00:00+0200,50.75,EUR/MWh,NL,NL,day_ahead_price,value,2026-08-05T16:11:36Z
2023-03-27T10:00:00Z,2023-03-27T12:00:00+0200,0.0,EUR/MWh,NL,NL,day_ahead_price,value,2026-08-05T16:11:36Z
2023-03-27T11:00:00Z,2023-03-27T13:00:00+0200,0.0,EUR/MWh,NL,NL,day_ahead_price,value,2026-08-05T16:11:36Z
2023-03-27T12:00:00Z,2023-03-27T14:00:00+0200,-10.02,EUR/MWh,NL,NL,day_ahead_price,value,2026-08-05T16:11:36Z
2023-03-27T13:00:00Z,2023-03-27T15:00:00+0200,-20.02,EUR/MWh,NL,NL,day_ahead_price,value,2026-08-05T16:11:36Z
2023-03-27T14:00:00Z,2023-03-27T16:00:00+0200,0.0,EUR/MWh,NL,NL,day_ahead_price,value,2026-08-05T16:11:36Z
2023-03-27T15:00:00Z,2023-03-27T17:00:00+0200,63.98,EUR/MWh,NL,NL,day_ahead_price,value,2026-08-05T16:11:36Z
2023-03-27T16:00:00Z,2023-03-27T18:00:00+0200,100.4,EUR/MWh,NL,NL,day_ahead_price,value,2026-08-05T16:11:36Z
2023-03-27T17:00:00Z,2023-03-27T19:00:00+0200,135.91,EUR/MWh,NL,NL,day_ahead_price,value,2026-08-05T16:11:36Z
2023-03-27T18:00:00Z,2023-03-27T20:00:00+0200,189.0,EUR/MWh,NL,NL,day_ahead_price,value,2026-08-05T16:11:36Z
2023-03-27T19:00:00Z,2023-03-27T21:00:00+0200,144.7,EUR/MWh,NL,NL,day_ahead_price,value,2026-08-05T16:11:36Z
2023-03-27T20:00:00Z,2023-03-27T22:00:00+0200,113.58,EUR/MWh,NL,NL,day_ahead_price,value,2026-08-05T16:11:36Z
2023-03-27T21:00:00Z,2023-03-27T23:00:00+0200,94.8,EUR/MWh,NL,NL,day_ahead_price,value,2026-08-05T16:11:36Z
2023-03-27T22:00:00Z,2023-03-28T00:00:00+0200,99.9,EUR/MWh,NL,NL,day_ahead_price,value,2026-08-05T16:11:36Z
2023-03-27T23:00:00Z,2023-03-28T01:00:00+0200,104.5,EUR/MWh,NL,NL,day_ahead_price,value,2026-08-05T16:11:36Z
2023-03-28T00:00:00Z,2023-03-28T02:00:00+0200,100.1,EUR/MWh,NL,NL,day_ahead_price,value,2026-08-05T16:11:36Z
2023-03-28T01:00:00Z,2023-03-28T03:00:00+0200,96.1,EUR/MWh,NL,NL,day_ahead_price,value,2026-08-05T16:11:36Z
2023-03-28T02:00:00Z,2023-03-28T04:00:00+0200,95.4,EUR/MWh,NL,NL,day_ahead_price,value,2026-08-05T16:11:36Z
2023-03-28T03:00:00Z,2023-03-28T05:00:00+0200,100.77,EUR/MWh,NL,NL,day_ahead_price,value,2026-08-05T16:11:36Z
2023-03-28T04:00:00Z,2023-03-28T06:00:00+0200,130.04,EUR/MWh,NL,NL,day_ahead_price,value,2026-08-05T16:11:36Z
2023-03-28T05:00:00Z,2023-03-28T07:00:00+0200,160.07,EUR/MWh,NL,NL,day_ahead_price,value,2026-08-05T16:11:36Z
2023-03-28T06:00:00Z,2023-03-28T08:00:00+0200,159.77,EUR/MWh,NL,NL,day_ahead_price,value,2026-08-05T16:11:36Z
2023-03-28T07:00:00Z,2023-03-28T09:00:00+0200,125.21,EUR/MWh,NL,NL,day_ahead_price,value,2026-08-05T16:11:36Z
2023-03-28T08:00:00Z,2023-03-28T10:00:00+0200,104.28,EUR/MWh,NL,NL,day_ahead_price,value,2026-08-05T16:11:36Z
2023-03-28T09:00:00Z,2023-03-28T11:00:00+0200,94.89,EUR/MWh,NL,NL,day_ahead_price,value,2026-08-05T16:11:36Z
2023-03-28T10:00:00Z,2023-03-28T12:00:00+0200,91.3,EUR/MWh,NL,NL,day_ahead_price,value,2026-08-05T16:11:36Z
2023-03-28T11:00:00Z,2023-03-28T13:00:00+0200,86.87,EUR/MWh,NL,NL,day_ahead_price,value,2026-08-05T16:11:36Z
2023-03-28T12:00:00Z,2023-03-28T14:00:00+0200,90.0,EUR/MWh,NL,NL,day_ahead_price,value,2026-08-05T16:11:36Z
2023-03-28T13:00:00Z,2023-03-28T15:00:00+0200,94.32,EUR/MWh,NL,NL,day_ahead_price,value,2026-08-05T16:11:36Z
2023-03-28T14:00:00Z,2023-03-28T16:00:00+0200,96.08,EUR/MWh,NL,NL,day_ahead_price,value,2026-08-05T16:11:36Z
2023-03-28T15:00:00Z,2023-03-28T17:00:00+0200,108.59,EUR/MWh,NL,NL,day_ahead_price,value,2026-08-05T16:11:36Z
2023-03-28T16:00:00Z,2023-03-28T18:00:00+0200,136.87,EUR/MWh,NL,NL,day_ahead_price,value,2026-08-05T16:11:36Z
2023-03-28T17:00:00Z,2023-03-28T19:00:00+0200,160.98,EUR/MWh,NL,NL,day_ahead_price,value,2026-08-05T16:11:36Z
2023-03-28T18:00:00Z,2023-03-28T20:00:00+0200,135.94,EUR/MWh,NL,NL,day_ahead_price,value,2026-08-05T16:11:36Z
2023-03-28T19:00:00Z,2023-03-28T21:00:00+0200,132.0,EUR/MWh,NL,NL,day_ahead_price,value,2026-08-05T16:11:36Z
2023-03-28T20:00:00Z,2023-03-28T22:00:00+0200,125.01,EUR/MWh,NL,NL,day_ahead_price,value,2026-08-05T16:11:36Z
2023-03-28T21:00:00Z,2023-03-28T23:00:00+0200,110.39,EUR/MWh,NL,NL,day_ahead_price,value,2026-08-05T16:11:36Z
2023-03-28T22:00:00Z,2023-03-29T00:00:00+0200,96.65,EUR/MWh,NL,NL,day_ahead_price,value,2026-08-05T16:11:36Z
2023-03-28T23:00:00Z,2023-03-29T01:00:00+0200,95.0,EUR/MWh,NL,NL,day_ahead_price,value,2026-08-05T16:11:36Z
2023-03-29T00:00:00Z,2023-03-29T02:00:00+0200,95.4,EUR/MWh,NL,NL,day_ahead_price,value,2026-08-05T16:11:36Z
2023-03-29T01:00:00Z,2023-03-29T03:00:00+0200,98.04,EUR/MWh,NL,NL,day_ahead_price,value,2026-08-05T16:11:36Z
2023-03-29T02:00:00Z,2023-03-29T04:00:00+0200,98.0,EUR/MWh,NL,NL,day_ahead_price,value,2026-08-05T16:11:36Z
2023-03-29T03:00:00Z,2023-03-29T05:00:00+0200,99.2,EUR/MWh,NL,NL,day_ahead_price,value,2026-08-05T16:11:36Z
2023-03-29T04:00:00Z,2023-03-29T06:00:00+0200,117.04,EUR/MWh,NL,NL,day_ahead_price,value,2026-08-05T16:11:36Z
2023-03-29T05:00:00Z,2023-03-29T07:00:00+0200,144.13,EUR/MWh,NL,NL,day_ahead_price,value,2026-08-05T16:11:36Z
2023-03-29T06:00:00Z,2023-03-29T08:00:00+0200,152.0,EUR/MWh,NL,NL,day_ahead_price,value,2026-08-05T16:11:36Z
2023-03-29T07:00:00Z,2023-03-29T09:00:00+0200,144.17,EUR/MWh,NL,NL,day_ahead_price,value,2026-08-05T16:11:36Z
2023-03-29T08:00:00Z,2023-03-29T10:00:00+0200,130.0,EUR/MWh,NL,NL,day_ahead_price,value,2026-08-05T16:11:36Z
2023-03-29T09:00:00Z,2023-03-29T11:00:00+0200,119.0,EUR/MWh,NL,NL,day_ahead_price,value,2026-08-05T16:11:36Z
2023-03-29T10:00:00Z,2023-03-29T12:00:00+0200,110.98,EUR/MWh,NL,NL,day_ahead_price,value,2026-08-05T16:11:36Z
2023-03-29T11:00:00Z,2023-03-29T13:00:00+0200,105.6,EUR/MWh,NL,NL,day_ahead_price,value,2026-08-05T16:11:36Z
2023-03-29T12:00:00Z,2023-03-29T14:00:00+0200,101.55,EUR/MWh,NL,NL,day_ahead_price,value,2026-08-05T16:11:36Z
2023-03-29T13:00:00Z,2023-03-29T15:00:00+0200,104.94,EUR/MWh,NL,NL,day_ahead_price,value,2026-08-05T16:11:36Z
2023-03-29T14:00:00Z,2023-03-29T16:00:00+0200,105.9,EUR/MWh,NL,NL,day_ahead_price,value,2026-08-05T16:11:36Z
2023-03-29T15:00:00Z,2023-03-29T17:00:00+0200,125.79,EUR/MWh,NL,NL,day_ahead_price,value,2026-08-05T16:11:36Z
2023-03-29T16:00:00Z,2023-03-29T18:00:00+0200,143.19,EUR/MWh,NL,NL,day_ahead_price,value,2026-08-05T16:11:36Z
2023-03-29T17:00:00Z,2023-03-29T19:00:00+0200,149.83,EUR/MWh,NL,NL,day_ahead_price,value,2026-08-05T16:11:36Z
2023-03-29T18:00:00Z,2023-03-29T20:00:00+0200,132.26,EUR/MWh,NL,NL,day_ahead_price,value,2026-08-05T16:11:36Z
2023-03-29T19:00:00Z,2023-03-29T21:00:00+0200,114.92,EUR/MWh,NL,NL,day_ahead_price,value,2026-08-05T16:11:36Z
2023-03-29T20:00:00Z,2023-03-29T22:00:00+0200,109.9,EUR/MWh,NL,NL,day_ahead_price,value,2026-08-05T16:11:36Z
2023-03-29T21:00:00Z,2023-03-29T23:00:00+0200,94.8,EUR/MWh,NL,NL,day_ahead_price,value,2026-08-05T16:11:36Z
2023-03-29T22:00:00Z,2023-03-30T00:00:00+0200,89.71,EUR/MWh,NL,NL,day_ahead_price,value,2026-08-05T16:11:36Z
2023-03-29T23:00:00Z,2023-03-30T01:00:00+0200,82.29,EUR/MWh,NL,NL,day_ahead_price,value,2026-08-05T16:11:36Z
2023-03-30T00:00:00Z,2023-03-30T02:00:00+0200,80.78,EUR/MWh,NL,NL,day_ahead_price,value,2026-08-05T16:11:36Z
2023-03-30T01:00:00Z,2023-03-30T03:00:00+0200,78.77,EUR/MWh,NL,NL,day_ahead_price,value,2026-08-05T16:11:36Z
2023-03-30T02:00:00Z,2023-03-30T04:00:00+0200,77.91,EUR/MWh,NL,NL,day_ahead_price,value,2026-08-05T16:11:36Z
2023-03-30T03:00:00Z,2023-03-30T05:00:00+0200,76.8,EUR/MWh,NL,NL,day_ahead_price,value,2026-08-05T16:11:36Z
2023-03-30T04:00:00Z,2023-03-30T06:00:00+0200,88.64,EUR/MWh,NL,NL,day_ahead_price,value,2026-08-05T16:11:36Z
2023-03-30T05:00:00Z,2023-03-30T07:00:00+0200,118.88,EUR/MWh,NL,NL,day_ahead_price,value,2026-08-05T16:11:36Z
2023-03-30T06:00:00Z,2023-03-30T08:00:00+0200,129.3,EUR/MWh,NL,NL,day_ahead_price,value,2026-08-05T16:11:36Z
2023-03-30T07:00:00Z,2023-03-30T09:00:00+0200,110.0,EUR/MWh,NL,NL,day_ahead_price,value,2026-08-05T16:11:36Z
2023-03-30T08:00:00Z,2023-03-30T10:00:00+0200,90.66,EUR/MWh,NL,NL,day_ahead_price,value,2026-08-05T16:11:36Z
2023-03-30T09:00:00Z,2023-03-30T11:00:00+0200,79.93,EUR/MWh,NL,NL,day_ahead_price,value,2026-08-05T16:11:36Z
2023-03-30T10:00:00Z,2023-03-30T12:00:00+0200,64.55,EUR/MWh,NL,NL,day_ahead_price,value,2026-08-05T16:11:36Z
2023-03-30T11:00:00Z,2023-03-30T13:00:00+0200,25.31,EUR/MWh,NL,NL,day_ahead_price,value,2026-08-05T16:11:36Z
2023-03-30T12:00:00Z,2023-03-30T14:00:00+0200,5.1,EUR/MWh,NL,NL,day_ahead_price,value,2026-08-05T16:11:36Z
2023-03-30T13:00:00Z,2023-03-30T15:00:00+0200,8.53,EUR/MWh,NL,NL,day_ahead_price,value,2026-08-05T16:11:36Z
2023-03-30T14:00:00Z,2023-03-30T16:00:00+0200,38.26,EUR/MWh,NL,NL,day_ahead_price,value,2026-08-05T16:11:36Z
2023-03-30T15:00:00Z,2023-03-30T17:00:00+0200,72.44,EUR/MWh,NL,NL,day_ahead_price,value,2026-08-05T16:11:36Z
2023-03-30T16:00:00Z,2023-03-30T18:00:00+0200,97.55,EUR/MWh,NL,NL,day_ahead_price,value,2026-08-05T16:11:36Z
2023-03-30T17:00:00Z,2023-03-30T19:00:00+0200,119.7,EUR/MWh,NL,NL,day_ahead_price,value,2026-08-05T16:11:36Z
2023-03-30T18:00:00Z,2023-03-30T20:00:00+0200,119.37,EUR/MWh,NL,NL,day_ahead_price,value,2026-08-05T16:11:36Z
2023-03-30T19:00:00Z,2023-03-30T21:00:00+0200,103.28,EUR/MWh,NL,NL,day_ahead_price,value,2026-08-05T16:11:36Z
2023-03-30T20:00:00Z,2023-03-30T22:00:00+0200,100.07,EUR/MWh,NL,NL,day_ahead_price,value,2026-08-05T16:11:36Z
2023-03-30T21:00:00Z,2023-03-30T23:00:00+0200,90.76,EUR/MWh,NL,NL,day_ahead_price,value,2026-08-05T16:11:36Z
2023-03-30T22:00:00Z,2023-03-31T00:00:00+0200,65.13,EUR/MWh,NL,NL,day_ahead_price,value,2026-08-05T16:11:36Z
2023-03-30T23:00:00Z,2023-03-31T01:00:00+0200,64.9,EUR/MWh,NL,NL,day_ahead_price,value,2026-08-05T16:11:36Z
2023-03-31T00:00:00Z,2023-03-31T02:00:00+0200,57.1,EUR/MWh,NL,NL,day_ahead_price,value,2026-08-05T16:11:36Z
2023-03-31T01:00:00Z,2023-03-31T03:00:00+0200,48.62,EUR/MWh,NL,NL,day_ahead_price,value,2026-08-05T16:11:36Z
2023-03-31T02:00:00Z,2023-03-31T04:00:00+0200,64.9,EUR/MWh,NL,NL,day_ahead_price,value,2026-08-05T16:11:36Z
2023-03-31T03:00:00Z,2023-03-31T05:00:00+0200,73.96,EUR/MWh,NL,NL,day_ahead_price,value,2026-08-05T16:11:36Z
2023-03-31T04:00:00Z,2023-03-31T06:00:00+0200,109.22,EUR/MWh,NL,NL,day_ahead_price,value,2026-08-05T16:11:36Z
2023-03-31T05:00:00Z,2023-03-31T07:00:00+0200,121.37,EUR/MWh,NL,NL,day_ahead_price,value,2026-08-05T16:11:36Z
2023-03-31T06:00:00Z,2023-03-31T08:00:00+0200,124.55,EUR/MWh,NL,NL,day_ahead_price,value,2026-08-05T16:11:36Z
2023-03-31T07:00:00Z,2023-03-31T09:00:00+0200,132.0,EUR/MWh,NL,NL,day_ahead_price,value,2026-08-05T16:11:36Z
2023-03-31T08:00:00Z,2023-03-31T10:00:00+0200,105.18,EUR/MWh,NL,NL,day_ahead_price,value,2026-08-05T16:11:36Z
2023-03-31T09:00:00Z,2023-03-31T11:00:00+0200,105.68,EUR/MWh,NL,NL,day_ahead_price,value,2026-08-05T16:11:36Z
2023-03-31T10:00:00Z,2023-03-31T12:00:00+0200,89.47,EUR/MWh,NL,NL,day_ahead_price,value,2026-08-05T16:11:36Z
2023-03-31T11:00:00Z,2023-03-31T13:00:00+0200,76.94,EUR/MWh,NL,NL,day_ahead_price,value,2026-08-05T16:11:36Z
2023-03-31T12:00:00Z,2023-03-31T14:00:00+0200,81.3,EUR/MWh,NL,NL,day_ahead_price,value,2026-08-05T16:11:36Z
2023-03-31T13:00:00Z,2023-03-31T15:00:00+0200,78.17,EUR/MWh,NL,NL,day_ahead_price,value,2026-08-05T16:11:36Z
2023-03-31T14:00:00Z,2023-03-31T16:00:00+0200,77.64,EUR/MWh,NL,NL,day_ahead_price,value,2026-08-05T16:11:36Z
2023-03-31T15:00:00Z,2023-03-31T17:00:00+0200,99.05,EUR/MWh,NL,NL,day_ahead_price,value,2026-08-05T16:11:36Z
2023-03-31T16:00:00Z,2023-03-31T18:00:00+0200,112.61,EUR/MWh,NL,NL,day_ahead_price,value,2026-08-05T16:11:36Z
2023-03-31T17:00:00Z,2023-03-31T19:00:00+0200,114.53,EUR/MWh,NL,NL,day_ahead_price,value,2026-08-05T16:11:36Z
2023-03-31T18:00:00Z,2023-03-31T20:00:00+0200,109.67,EUR/MWh,NL,NL,day_ahead_price,value,2026-08-05T16:11:36Z
2023-03-31T19:00:00Z,2023-03-31T21:00:00+0200,98.83,EUR/MWh,NL,NL,day_ahead_price,value,2026-08-05T16:11:36Z
2023-03-31T20:00:00Z,2023-03-31T22:00:00+0200,86.73,EUR/MWh,NL,NL,day_ahead_price,value,2026-08-05T16:11:36Z
2023-03-31T21:00:00Z,2023-03-31T23:00:00+0200,80.0,EUR/MWh,NL,NL,day_ahead_price,value,2026-08-05T16:11:36Z
2023-03-31T22:00:00Z,2023-04-01T00:00:00+0200,82.19,EUR/MWh,NL,NL,day_ahead_price,value,2026-08-05T16:11:36Z
2023-03-31T23:00:00Z,2023-04-01T01:00:00+0200,63.9,EUR/MWh,NL,NL,day_ahead_price,value,2026-08-05T16:11:36Z
2023-04-01T00:00:00Z,2023-04-01T02:00:00+0200,53.84,EUR/MWh,NL,NL,day_ahead_price,value,2026-08-05T16:11:36Z
2023-04-01T01:00:00Z,2023-04-01T03:00:00+0200,53.99,EUR/MWh,NL,NL,day_ahead_price,value,2026-08-05T16:11:36Z
2023-04-01T02:00:00Z,2023-04-01T04:00:00+0200,55.01,EUR/MWh,NL,NL,day_ahead_price,value,2026-08-05T16:11:36Z
2023-04-01T03:00:00Z,2023-04-01T05:00:00+0200,70.0,EUR/MWh,NL,NL,day_ahead_price,value,2026-08-05T16:11:36Z
2023-04-01T04:00:00Z,2023-04-01T06:00:00+0200,80.58,EUR/MWh,NL,NL,day_ahead_price,value,2026-08-05T16:11:36Z
2023-04-01T05:00:00Z,2023-04-01T07:00:00+0200,85.0,EUR/MWh,NL,NL,day_ahead_price,value,2026-08-05T16:11:36Z
2023-04-01T06:00:00Z,2023-04-01T08:00:00+0200,90.0,EUR/MWh,NL,NL,day_ahead_price,value,2026-08-05T16:11:36Z
2023-04-01T07:00:00Z,2023-04-01T09:00:00+0200,86.7,EUR/MWh,NL,NL,day_ahead_price,value,2026-08-05T16:11:36Z
2023-04-01T08:00:00Z,2023-04-01T10:00:00+0200,86.2,EUR/MWh,NL,NL,day_ahead_price,value,2026-08-05T16:11:36Z
2023-04-01T09:00:00Z,2023-04-01T11:00:00+0200,84.37,EUR/MWh,NL,NL,day_ahead_price,value,2026-08-05T16:11:36Z
2023-04-01T10:00:00Z,2023-04-01T12:00:00+0200,80.0,EUR/MWh,NL,NL,day_ahead_price,value,2026-08-05T16:11:36Z
2023-04-01T11:00:00Z,2023-04-01T13:00:00+0200,54.9,EUR/MWh,NL,NL,day_ahead_price,value,2026-08-05T16:11:36Z
2023-04-01T12:00:00Z,2023-04-01T14:00:00+0200,43.24,EUR/MWh,NL,NL,day_ahead_price,value,2026-08-05T16:11:36Z
2023-04-01T13:00:00Z,2023-04-01T15:00:00+0200,42.0,EUR/MWh,NL,NL,day_ahead_price,value,2026-08-05T16:11:36Z
2023-04-01T14:00:00Z,2023-04-01T16:00:00+0200,70.0,EUR/MWh,NL,NL,day_ahead_price,value,2026-08-05T16:11:36Z
2023-04-01T15:00:00Z,2023-04-01T17:00:00+0200,84.9,EUR/MWh,NL,NL,day_ahead_price,value,2026-08-05T16:11:36Z
2023-04-01T16:00:00Z,2023-04-01T18:00:00+0200,99.3,EUR/MWh,NL,NL,day_ahead_price,value,2026-08-05T16:11:36Z
2023-04-01T17:00:00Z,2023-04-01T19:00:00+0200,97.65,EUR/MWh,NL,NL,day_ahead_price,value,2026-08-05T16:11:36Z
2023-04-01T18:00:00Z,2023-04-01T20:00:00+0200,110.95,EUR/MWh,NL,NL,day_ahead_price,value,2026-08-05T16:11:36Z
2023-04-01T19:00:00Z,2023-04-01T21:00:00+0200,91.16,EUR/MWh,NL,NL,day_ahead_price,value,2026-08-05T16:11:36Z
2023-04-01T20:00:00Z,2023-04-01T22:00:00+0200,81.77,EUR/MWh,NL,NL,day_ahead_price,value,2026-08-05T16:11:36Z
2023-04-01T21:00:00Z,2023-04-01T23:00:00+0200,68.9,EUR/MWh,NL,NL,day_ahead_price,value,2026-08-05T16:11:36Z
2023-04-01T22:00:00Z,2023-04-02T00:00:00+0200,81.0,EUR/MWh,NL,NL,day_ahead_price,value,2026-08-05T16:11:36Z
2023-04-01T23:00:00Z,2023-04-02T01:00:00+0200,69.9,EUR/MWh,NL,NL,day_ahead_price,value,2026-08-05T16:11:36Z
2023-04-02T00:00:00Z,2023-04-02T02:00:00+0200,58.51,EUR/MWh,NL,NL,day_ahead_price,value,2026-08-05T16:11:36Z
2023-04-02T01:00:00Z,2023-04-02T03:00:00+0200,60.46,EUR/MWh,NL,NL,day_ahead_price,value,2026-08-05T16:11:36Z
2023-04-02T02:00:00Z,2023-04-02T04:00:00+0200,58.51,EUR/MWh,NL,NL,day_ahead_price,value,2026-08-05T16:11:36Z
2023-04-02T03:00:00Z,2023-04-02T05:00:00+0200,60.46,EUR/MWh,NL,NL,day_ahead_price,value,2026-08-05T16:11:36Z
2023-04-02T04:00:00Z,2023-04-02T06:00:00+0200,58.72,EUR/MWh,NL,NL,day_ahead_price,value,2026-08-05T16:11:36Z
2023-04-02T05:00:00Z,2023-04-02T07:00:00+0200,70.08,EUR/MWh,NL,NL,day_ahead_price,value,2026-08-05T16:11:36Z
2023-04-02T06:00:00Z,2023-04-02T08:00:00+0200,75.55,EUR/MWh,NL,NL,day_ahead_price,value,2026-08-05T16:11:36Z
2023-04-02T07:00:00Z,2023-04-02T09:00:00+0200,66.09,EUR/MWh,NL,NL,day_ahead_price,value,2026-08-05T16:11:36Z
2023-04-02T08:00:00Z,2023-04-02T10:00:00+0200,40.01,EUR/MWh,NL,NL,day_ahead_price,value,2026-08-05T16:11:36Z
2023-04-02T09:00:00Z,2023-04-02T11:00:00+0200,23.3,EUR/MWh,NL,NL,day_ahead_price,value,2026-08-05T16:11:36Z
2023-04-02T10:00:00Z,2023-04-02T12:00:00+0200,-1.0,EUR/MWh,NL,NL,day_ahead_price,value,2026-08-05T16:11:36Z
2023-04-02T11:00:00Z,2023-04-02T13:00:00+0200,-3.99,EUR/MWh,NL,NL,day_ahead_price,value,2026-08-05T16:11:36Z
2023-04-02T12:00:00Z,2023-04-02T14:00:00+0200,-3.99,EUR/MWh,NL,NL,day_ahead_price,value,2026-08-05T16:11:36Z
2023-04-02T13:00:00Z,2023-04-02T15:00:00+0200,0.0,EUR/MWh,NL,NL,day_ahead_price,value,2026-08-05T16:11:36Z
2023-04-02T14:00:00Z,2023-04-02T16:00:00+0200,12.8,EUR/MWh,NL,NL,day_ahead_price,value,2026-08-05T16:11:36Z
2023-04-02T15:00:00Z,2023-04-02T17:00:00+0200,41.74,EUR/MWh,NL,NL,day_ahead_price,value,2026-08-05T16:11:36Z
2023-04-02T16:00:00Z,2023-04-02T18:00:00+0200,100.41,EUR/MWh,NL,NL,day_ahead_price,value,2026-08-05T16:11:36Z
2023-04-02T17:00:00Z,2023-04-02T19:00:00+0200,130.0,EUR/MWh,NL,NL,day_ahead_price,value,2026-08-05T16:11:36Z
2023-04-02T18:00:00Z,2023-04-02T20:00:00+0200,132.12,EUR/MWh,NL,NL,day_ahead_price,value,2026-08-05T16:11:36Z
2023-04-02T19:00:00Z,2023-04-02T21:00:00+0200,121.65,EUR/MWh,NL,NL,day_ahead_price,value,2026-08-05T16:11:36Z
2023-04-02T20:00:00Z,2023-04-02T22:00:00+0200,115.55,EUR/MWh,NL,NL,day_ahead_price,value,2026-08-05T16:11:36Z
2023-04-02T21:00:00Z,2023-04-02T23:00:00+0200,109.12,EUR/MWh,NL,NL,day_ahead_price,value,2026-08-05T16:11:36Z
2023-04-02T22:00:00Z,2023-04-03T00:00:00+0200,115.22,EUR/MWh,NL,NL,day_ahead_price,value,2026-08-05T16:11:36Z
2023-04-02T23:00:00Z,2023-04-03T01:00:00+0200,112.72,EUR/MWh,NL,NL,day_ahead_price,value,2026-08-05T16:11:36Z
2023-04-03T00:00:00Z,2023-04-03T02:00:00+0200,113.89,EUR/MWh,NL,NL,day_ahead_price,value,2026-08-05T16:11:36Z
2023-04-03T01:00:00Z,2023-04-03T03:00:00+0200,108.53,EUR/MWh,NL,NL,day_ahead_price,value,2026-08-05T16:11:36Z
2023-04-03T02:00:00Z,2023-04-03T04:00:00+0200,100.43,EUR/MWh,NL,NL,day_ahead_price,value,2026-08-05T16:11:36Z
2023-04-03T03:00:00Z,2023-04-03T05:00:00+0200,110.07,EUR/MWh,NL,NL,day_ahead_price,value,2026-08-05T16:11:36Z
2023-04-03T04:00:00Z,2023-04-03T06:00:00+0200,139.63,EUR/MWh,NL,NL,day_ahead_price,value,2026-08-05T16:11:36Z
2023-04-03T05:00:00Z,2023-04-03T07:00:00+0200,168.99,EUR/MWh,NL,NL,day_ahead_price,value,2026-08-05T16:11:36Z
2023-04-03T06:00:00Z,2023-04-03T08:00:00+0200,179.84,EUR/MWh,NL,NL,day_ahead_price,value,2026-08-05T16:11:36Z
2023-04-03T07:00:00Z,2023-04-03T09:00:00+0200,140.0,EUR/MWh,NL,NL,day_ahead_price,value,2026-08-05T16:11:36Z
2023-04-03T08:00:00Z,2023-04-03T10:00:00+0200,92.18,EUR/MWh,NL,NL,day_ahead_price,value,2026-08-05T16:11:36Z
2023-04-03T09:00:00Z,2023-04-03T11:00:00+0200,68.14,EUR/MWh,NL,NL,day_ahead_price,value,2026-08-05T16:11:36Z
2023-04-03T10:00:00Z,2023-04-03T12:00:00+0200,71.61,EUR/MWh,NL,NL,day_ahead_price,value,2026-08-05T16:11:36Z
2023-04-03T11:00:00Z,2023-04-03T13:00:00+0200,49.2,EUR/MWh,NL,NL,day_ahead_price,value,2026-08-05T16:11:36Z
2023-04-03T12:00:00Z,2023-04-03T14:00:00+0200,71.58,EUR/MWh,NL,NL,day_ahead_price,value,2026-08-05T16:11:36Z
2023-04-03T13:00:00Z,2023-04-03T15:00:00+0200,78.91,EUR/MWh,NL,NL,day_ahead_price,value,2026-08-05T16:11:36Z
2023-04-03T14:00:00Z,2023-04-03T16:00:00+0200,82.0,EUR/MWh,NL,NL,day_ahead_price,value,2026-08-05T16:11:36Z
2023-04-03T15:00:00Z,2023-04-03T17:00:00+0200,100.35,EUR/MWh,NL,NL,day_ahead_price,value,2026-08-05T16:11:36Z
2023-04-03T16:00:00Z,2023-04-03T18:00:00+0200,133.77,EUR/MWh,NL,NL,day_ahead_price,value,2026-08-05T16:11:36Z
2023-04-03T17:00:00Z,2023-04-03T19:00:00+0200,158.11,EUR/MWh,NL,NL,day_ahead_price,value,2026-08-05T16:11:36Z
2023-04-03T18:00:00Z,2023-04-03T20:00:00+0200,165.89,EUR/MWh,NL,NL,day_ahead_price,value,2026-08-05T16:11:36Z
2023-04-03T19:00:00Z,2023-04-03T21:00:00+0200,148.79,EUR/MWh,NL,NL,day_ahead_price,value,2026-08-05T16:11:36Z
2023-04-03T20:00:00Z,2023-04-03T22:00:00+0200,132.07,EUR/MWh,NL,NL,day_ahead_price,value,2026-08-05T16:11:36Z
2023-04-03T21:00:00Z,2023-04-03T23:00:00+0200,113.12,EUR/MWh,NL,NL,day_ahead_price,value,2026-08-05T16:11:36Z
2023-04-03T22:00:00Z,2023-04-04T00:00:00+0200,110.85,EUR/MWh,NL,NL,day_ahead_price,value,2026-08-05T16:11:36Z
2023-04-03T23:00:00Z,2023-04-04T01:00:00+0200,110.14,EUR/MWh,NL,NL,day_ahead_price,value,2026-08-05T16:12:02Z
2023-04-04T00:00:00Z,2023-04-04T02:00:00+0200,115.83,EUR/MWh,NL,NL,day_ahead_price,value,2026-08-05T16:12:02Z
2023-04-04T01:00:00Z,2023-04-04T03:00:00+0200,115.61,EUR/MWh,NL,NL,day_ahead_price,value,2026-08-05T16:12:02Z
2023-04-04T02:00:00Z,2023-04-04T04:00:00+0200,116.71,EUR/MWh,NL,NL,day_ahead_price,value,2026-08-05T16:12:02Z
2023-04-04T03:00:00Z,2023-04-04T05:00:00+0200,121.91,EUR/MWh,NL,NL,day_ahead_price,value,2026-08-05T16:12:02Z
2023-04-04T04:00:00Z,2023-04-04T06:00:00+0200,145.35,EUR/MWh,NL,NL,day_ahead_price,value,2026-08-05T16:12:02Z
2023-04-04T05:00:00Z,2023-04-04T07:00:00+0200,180.57,EUR/MWh,NL,NL,day_ahead_price,value,2026-08-05T16:12:02Z
2023-04-04T06:00:00Z,2023-04-04T08:00:00+0200,190.61,EUR/MWh,NL,NL,day_ahead_price,value,2026-08-05T16:12:02Z
2023-04-04T07:00:00Z,2023-04-04T09:00:00+0200,158.27,EUR/MWh,NL,NL,day_ahead_price,value,2026-08-05T16:12:02Z
2023-04-04T08:00:00Z,2023-04-04T10:00:00+0200,107.79,EUR/MWh,NL,NL,day_ahead_price,value,2026-08-05T16:12:02Z
2023-04-04T09:00:00Z,2023-04-04T11:00:00+0200,112.02,EUR/MWh,NL,NL,day_ahead_price,value,2026-08-05T16:12:02Z
2023-04-04T10:00:00Z,2023-04-04T12:00:00+0200,102.94,EUR/MWh,NL,NL,day_ahead_price,value,2026-08-05T16:12:02Z
2023-04-04T11:00:00Z,2023-04-04T13:00:00+0200,107.2,EUR/MWh,NL,NL,day_ahead_price,value,2026-08-05T16:12:02Z
2023-04-04T12:00:00Z,2023-04-04T14:00:00+0200,107.31,EUR/MWh,NL,NL,day_ahead_price,value,2026-08-05T16:12:02Z
2023-04-04T13:00:00Z,2023-04-04T15:00:00+0200,108.71,EUR/MWh,NL,NL,day_ahead_price,value,2026-08-05T16:12:02Z
2023-04-04T14:00:00Z,2023-04-04T16:00:00+0200,112.73,EUR/MWh,NL,NL,day_ahead_price,value,2026-08-05T16:12:02Z
2023-04-04T15:00:00Z,2023-04-04T17:00:00+0200,122.0,EUR/MWh,NL,NL,day_ahead_price,value,2026-08-05T16:12:02Z
2023-04-04T16:00:00Z,2023-04-04T18:00:00+0200,147.1,EUR/MWh,NL,NL,day_ahead_price,value,2026-08-05T16:12:02Z
2023-04-04T17:00:00Z,2023-04-04T19:00:00+0200,180.0,EUR/MWh,NL,NL,day_ahead_price,value,2026-08-05T16:12:02Z
2023-04-04T18:00:00Z,2023-04-04T20:00:00+0200,177.32,EUR/MWh,NL,NL,day_ahead_price,value,2026-08-05T16:12:02Z
2023-04-04T19:00:00Z,2023-04-04T21:00:00+0200,156.04,EUR/MWh,NL,NL,day_ahead_price,value,2026-08-05T16:12:02Z
2023-04-04T20:00:00Z,2023-04-04T22:00:00+0200,141.39,EUR/MWh,NL,NL,day_ahead_price,value,2026-08-05T16:12:02Z
2023-04-04T21:00:00Z,2023-04-04T23:00:00+0200,129.9,EUR/MWh,NL,NL,day_ahead_price,value,2026-08-05T16:12:02Z
2023-04-04T22:00:00Z,2023-04-05T00:00:00+0200,127.34,EUR/MWh,NL,NL,day_ahead_price,value,2026-08-05T16:12:02Z
2023-04-04T23:00:00Z,2023-04-05T01:00:00+0200,118.13,EUR/MWh,NL,NL,day_ahead_price,value,2026-08-05T16:12:02Z
2023-04-05T00:00:00Z,2023-04-05T02:00:00+0200,119.54,EUR/MWh,NL,NL,day_ahead_price,value,2026-08-05T16:12:02Z
2023-04-05T01:00:00Z,2023-04-05T03:00:00+0200,118.18,EUR/MWh,NL,NL,day_ahead_price,value,2026-08-05T16:12:02Z
2023-04-05T02:00:00Z,2023-04-05T04:00:00+0200,124.8,EUR/MWh,NL,NL,day_ahead_price,value,2026-08-05T16:12:02Z
2023-04-05T03:00:00Z,2023-04-05T05:00:00+0200,134.29,EUR/MWh,NL,NL,day_ahead_price,value,2026-08-05T16:12:02Z
2023-04-05T04:00:00Z,2023-04-05T06:00:00+0200,165.99,EUR/MWh,NL,NL,day_ahead_price,value,2026-08-05T16:12:02Z
2023-04-05T05:00:00Z,2023-04-05T07:00:00+0200,207.92,EUR/MWh,NL,NL,day_ahead_price,value,2026-08-05T16:12:02Z
2023-04-05T06:00:00Z,2023-04-05T08:00:00+0200,180.75,EUR/MWh,NL,NL,day_ahead_price,value,2026-08-05T16:12:02Z
2023-04-05T07:00:00Z,2023-04-05T09:00:00+0200,144.53,EUR/MWh,NL,NL,day_ahead_price,value,2026-08-05T16:12:02Z
2023-04-05T08:00:00Z,2023-04-05T10:00:00+0200,112.0,EUR/MWh,NL,NL,day_ahead_price,value,2026-08-05T16:12:02Z
2023-04-05T09:00:00Z,2023-04-05T11:00:00+0200,113.89,EUR/MWh,NL,NL,day_ahead_price,value,2026-08-05T16:12:02Z
2023-04-05T10:00:00Z,2023-04-05T12:00:00+0200,111.17,EUR/MWh,NL,NL,day_ahead_price,value,2026-08-05T16:12:02Z
2023-04-05T11:00:00Z,2023-04-05T13:00:00+0200,109.66,EUR/MWh,NL,NL,day_ahead_price,value,2026-08-05T16:12:02Z
2023-04-05T12:00:00Z,2023-04-05T14:00:00+0200,111.04,EUR/MWh,NL,NL,day_ahead_price,value,2026-08-05T16:12:02Z
2023-04-05T13:00:00Z,2023-04-05T15:00:00+0200,110.96,EUR/MWh,NL,NL,day_ahead_price,value,2026-08-05T16:12:02Z
2023-04-05T14:00:00Z,2023-04-05T16:00:00+0200,116.29,EUR/MWh,NL,NL,day_ahead_price,value,2026-08-05T16:12:02Z
2023-04-05T15:00:00Z,2023-04-05T17:00:00+0200,135.6,EUR/MWh,NL,NL,day_ahead_price,value,2026-08-05T16:12:02Z
2023-04-05T16:00:00Z,2023-04-05T18:00:00+0200,156.52,EUR/MWh,NL,NL,day_ahead_price,value,2026-08-05T16:12:02Z
2023-04-05T17:00:00Z,2023-04-05T19:00:00+0200,199.56,EUR/MWh,NL,NL,day_ahead_price,value,2026-08-05T16:12:02Z
2023-04-05T18:00:00Z,2023-04-05T20:00:00+0200,191.68,EUR/MWh,NL,NL,day_ahead_price,value,2026-08-05T16:12:02Z
2023-04-05T19:00:00Z,2023-04-05T21:00:00+0200,164.98,EUR/MWh,NL,NL,day_ahead_price,value,2026-08-05T16:12:02Z
2023-04-05T20:00:00Z,2023-04-05T22:00:00+0200,151.39,EUR/MWh,NL,NL,day_ahead_price,value,2026-08-05T16:12:02Z
2023-04-05T21:00:00Z,2023-04-05T23:00:00+0200,139.13,EUR/MWh,NL,NL,day_ahead_price,value,2026-08-05T16:12:02Z
2023-04-05T22:00:00Z,2023-04-06T00:00:00+0200,135.54,EUR/MWh,NL,NL,day_ahead_price,value,2026-08-05T16:12:02Z
2023-04-05T23:00:00Z,2023-04-06T01:00:00+0200,124.12,EUR/MWh,NL,NL,day_ahead_price,value,2026-08-05T16:12:02Z
2023-04-06T00:00:00Z,2023-04-06T02:00:00+0200,120.0,EUR/MWh,NL,NL,day_ahead_price,value,2026-08-05T16:12:02Z
2023-04-06T01:00:00Z,2023-04-06T03:00:00+0200,115.33,EUR/MWh,NL,NL,day_ahead_price,value,2026-08-05T16:12:02Z
2023-04-06T02:00:00Z,2023-04-06T04:00:00+0200,114.85,EUR/MWh,NL,NL,day_ahead_price,value,2026-08-05T16:12:02Z
2023-04-06T03:00:00Z,2023-04-06T05:00:00+0200,124.91,EUR/MWh,NL,NL,day_ahead_price,value,2026-08-05T16:12:02Z
2023-04-06T04:00:00Z,2023-04-06T06:00:00+0200,142.51,EUR/MWh,NL,NL,day_ahead_price,value,2026-08-05T16:12:02Z
2023-04-06T05:00:00Z,2023-04-06T07:00:00+0200,161.63,EUR/MWh,NL,NL,day_ahead_price,value,2026-08-05T16:12:02Z
2023-04-06T06:00:00Z,2023-04-06T08:00:00+0200,159.52,EUR/MWh,NL,NL,day_ahead_price,value,2026-08-05T16:12:02Z
2023-04-06T07:00:00Z,2023-04-06T09:00:00+0200,129.93,EUR/MWh,NL,NL,day_ahead_price,value,2026-08-05T16:12:02Z
2023-04-06T08:00:00Z,2023-04-06T10:00:00+0200,126.01,EUR/MWh,NL,NL,day_ahead_price,value,2026-08-05T16:12:02Z
2023-04-06T09:00:00Z,2023-04-06T11:00:00+0200,117.02,EUR/MWh,NL,NL,day_ahead_price,value,2026-08-05T16:12:02Z
2023-04-06T10:00:00Z,2023-04-06T12:00:00+0200,109.36,EUR/MWh,NL,NL,day_ahead_price,value,2026-08-05T16:12:02Z
2023-04-06T11:00:00Z,2023-04-06T13:00:00+0200,108.44,EUR/MWh,NL,NL,day_ahead_price,value,2026-08-05T16:12:02Z
2023-04-06T12:00:00Z,2023-04-06T14:00:00+0200,106.89,EUR/MWh,NL,NL,day_ahead_price,value,2026-08-05T16:12:02Z
2023-04-06T13:00:00Z,2023-04-06T15:00:00+0200,108.13,EUR/MWh,NL,NL,day_ahead_price,value,2026-08-05T16:12:02Z
2023-04-06T14:00:00Z,2023-04-06T16:00:00+0200,109.87,EUR/MWh,NL,NL,day_ahead_price,value,2026-08-05T16:12:02Z
2023-04-06T15:00:00Z,2023-04-06T17:00:00+0200,121.17,EUR/MWh,NL,NL,day_ahead_price,value,2026-08-05T16:12:02Z
2023-04-06T16:00:00Z,2023-04-06T18:00:00+0200,140.0,EUR/MWh,NL,NL,day_ahead_price,value,2026-08-05T16:12:02Z
2023-04-06T17:00:00Z,2023-04-06T19:00:00+0200,150.23,EUR/MWh,NL,NL,day_ahead_price,value,2026-08-05T16:12:02Z
2023-04-06T18:00:00Z,2023-04-06T20:00:00+0200,144.24,EUR/MWh,NL,NL,day_ahead_price,value,2026-08-05T16:12:02Z
2023-04-06T19:00:00Z,2023-04-06T21:00:00+0200,152.0,EUR/MWh,NL,NL,day_ahead_price,value,2026-08-05T16:12:02Z
2023-04-06T20:00:00Z,2023-04-06T22:00:00+0200,139.8,EUR/MWh,NL,NL,day_ahead_price,value,2026-08-05T16:12:02Z
2023-04-06T21:00:00Z,2023-04-06T23:00:00+0200,123.3,EUR/MWh,NL,NL,day_ahead_price,value,2026-08-05T16:12:02Z
2023-04-06T22:00:00Z,2023-04-07T00:00:00+0200,129.6,EUR/MWh,NL,NL,day_ahead_price,value,2026-08-05T16:12:02Z
2023-04-06T23:00:00Z,2023-04-07T01:00:00+0200,124.5,EUR/MWh,NL,NL,day_ahead_price,value,2026-08-05T16:12:02Z
2023-04-07T00:00:00Z,2023-04-07T02:00:00+0200,114.95,EUR/MWh,NL,NL,day_ahead_price,value,2026-08-05T16:12:02Z
2023-04-07T01:00:00Z,2023-04-07T03:00:00+0200,108.6,EUR/MWh,NL,NL,day_ahead_price,value,2026-08-05T16:12:02Z
2023-04-07T02:00:00Z,2023-04-07T04:00:00+0200,109.2,EUR/MWh,NL,NL,day_ahead_price,value,2026-08-05T16:12:02Z
2023-04-07T03:00:00Z,2023-04-07T05:00:00+0200,117.68,EUR/MWh,NL,NL,day_ahead_price,value,2026-08-05T16:12:02Z
2023-04-07T04:00:00Z,2023-04-07T06:00:00+0200,110.07,EUR/MWh,NL,NL,day_ahead_price,value,2026-08-05T16:12:02Z
2023-04-07T05:00:00Z,2023-04-07T07:00:00+0200,118.0,EUR/MWh,NL,NL,day_ahead_price,value,2026-08-05T16:12:02Z
2023-04-07T06:00:00Z,2023-04-07T08:00:00+0200,159.99,EUR/MWh,NL,NL,day_ahead_price,value,2026-08-05T16:12:02Z
2023-04-07T07:00:00Z,2023-04-07T09:00:00+0200,150.0,EUR/MWh,NL,NL,day_ahead_price,value,2026-08-05T16:12:02Z
2023-04-07T08:00:00Z,2023-04-07T10:00:00+0200,149.17,EUR/MWh,NL,NL,day_ahead_price,value,2026-08-05T16:12:02Z
2023-04-07T09:00:00Z,2023-04-07T11:00:00+0200,131.97,EUR/MWh,NL,NL,day_ahead_price,value,2026-08-05T16:12:02Z
2023-04-07T10:00:00Z,2023-04-07T12:00:00+0200,119.9,EUR/MWh,NL,NL,day_ahead_price,value,2026-08-05T16:12:02Z
2023-04-07T11:00:00Z,2023-04-07T13:00:00+0200,110.6,EUR/MWh,NL,NL,day_ahead_price,value,2026-08-05T16:12:02Z
2023-04-07T12:00:00Z,2023-04-07T14:00:00+0200,107.2,EUR/MWh,NL,NL,day_ahead_price,value,2026-08-05T16:12:02Z
2023-04-07T13:00:00Z,2023-04-07T15:00:00+0200,104.42,EUR/MWh,NL,NL,day_ahead_price,value,2026-08-05T16:12:02Z
2023-04-07T14:00:00Z,2023-04-07T16:00:00+0200,110.4,EUR/MWh,NL,NL,day_ahead_price,value,2026-08-05T16:12:02Z
2023-04-07T15:00:00Z,2023-04-07T17:00:00+0200,116.0,EUR/MWh,NL,NL,day_ahead_price,value,2026-08-05T16:12:02Z
2023-04-07T16:00:00Z,2023-04-07T18:00:00+0200,127.78,EUR/MWh,NL,NL,day_ahead_price,value,2026-08-05T16:12:02Z
2023-04-07T17:00:00Z,2023-04-07T19:00:00+0200,145.88,EUR/MWh,NL,NL,day_ahead_price,value,2026-08-05T16:12:02Z
2023-04-07T18:00:00Z,2023-04-07T20:00:00+0200,159.48,EUR/MWh,NL,NL,day_ahead_price,value,2026-08-05T16:12:02Z
2023-04-07T19:00:00Z,2023-04-07T21:00:00+0200,146.81,EUR/MWh,NL,NL,day_ahead_price,value,2026-08-05T16:12:02Z
2023-04-07T20:00:00Z,2023-04-07T22:00:00+0200,136.32,EUR/MWh,NL,NL,day_ahead_price,value,2026-08-05T16:12:02Z
2023-04-07T21:00:00Z,2023-04-07T23:00:00+0200,126.07,EUR/MWh,NL,NL,day_ahead_price,value,2026-08-05T16:12:02Z
2023-04-07T22:00:00Z,2023-04-08T00:00:00+0200,119.9,EUR/MWh,NL,NL,day_ahead_price,value,2026-08-05T16:12:02Z
2023-04-07T23:00:00Z,2023-04-08T01:00:00+0200,111.51,EUR/MWh,NL,NL,day_ahead_price,value,2026-08-05T16:12:02Z
2023-04-08T00:00:00Z,2023-04-08T02:00:00+0200,112.65,EUR/MWh,NL,NL,day_ahead_price,value,2026-08-05T16:12:02Z
2023-04-08T01:00:00Z,2023-04-08T03:00:00+0200,110.75,EUR/MWh,NL,NL,day_ahead_price,value,2026-08-05T16:12:02Z
2023-04-08T02:00:00Z,2023-04-08T04:00:00+0200,110.78,EUR/MWh,NL,NL,day_ahead_price,value,2026-08-05T16:12:02Z
2023-04-08T03:00:00Z,2023-04-08T05:00:00+0200,112.16,EUR/MWh,NL,NL,day_ahead_price,value,2026-08-05T16:12:02Z
2023-04-08T04:00:00Z,2023-04-08T06:00:00+0200,112.56,EUR/MWh,NL,NL,day_ahead_price,value,2026-08-05T16:12:02Z
2023-04-08T05:00:00Z,2023-04-08T07:00:00+0200,129.35,EUR/MWh,NL,NL,day_ahead_price,value,2026-08-05T16:12:02Z
2023-04-08T06:00:00Z,2023-04-08T08:00:00+0200,130.75,EUR/MWh,NL,NL,day_ahead_price,value,2026-08-05T16:12:02Z
2023-04-08T07:00:00Z,2023-04-08T09:00:00+0200,125.59,EUR/MWh,NL,NL,day_ahead_price,value,2026-08-05T16:12:02Z
2023-04-08T08:00:00Z,2023-04-08T10:00:00+0200,108.07,EUR/MWh,NL,NL,day_ahead_price,value,2026-08-05T16:12:02Z
2023-04-08T09:00:00Z,2023-04-08T11:00:00+0200,104.27,EUR/MWh,NL,NL,day_ahead_price,value,2026-08-05T16:12:02Z
2023-04-08T10:00:00Z,2023-04-08T12:00:00+0200,88.6,EUR/MWh,NL,NL,day_ahead_price,value,2026-08-05T16:12:02Z
2023-04-08T11:00:00Z,2023-04-08T13:00:00+0200,77.0,EUR/MWh,NL,NL,day_ahead_price,value,2026-08-05T16:12:02Z
2023-04-08T12:00:00Z,2023-04-08T14:00:00+0200,70.1,EUR/MWh,NL,NL,day_ahead_price,value,2026-08-05T16:12:02Z
2023-04-08T13:00:00Z,2023-04-08T15:00:00+0200,83.39,EUR/MWh,NL,NL,day_ahead_price,value,2026-08-05T16:12:02Z
2023-04-08T14:00:00Z,2023-04-08T16:00:00+0200,95.98,EUR/MWh,NL,NL,day_ahead_price,value,2026-08-05T16:12:02Z
2023-04-08T15:00:00Z,2023-04-08T17:00:00+0200,104.47,EUR/MWh,NL,NL,day_ahead_price,value,2026-08-05T16:12:02Z
2023-04-08T16:00:00Z,2023-04-08T18:00:00+0200,117.47,EUR/MWh,NL,NL,day_ahead_price,value,2026-08-05T16:12:02Z
2023-04-08T17:00:00Z,2023-04-08T19:00:00+0200,135.01,EUR/MWh,NL,NL,day_ahead_price,value,2026-08-05T16:12:02Z
2023-04-08T18:00:00Z,2023-04-08T20:00:00+0200,139.97,EUR/MWh,NL,NL,day_ahead_price,value,2026-08-05T16:12:02Z
2023-04-08T19:00:00Z,2023-04-08T21:00:00+0200,137.31,EUR/MWh,NL,NL,day_ahead_price,value,2026-08-05T16:12:02Z
2023-04-08T20:00:00Z,2023-04-08T22:00:00+0200,134.9,EUR/MWh,NL,NL,day_ahead_price,value,2026-08-05T16:12:02Z
2023-04-08T21:00:00Z,2023-04-08T23:00:00+0200,126.98,EUR/MWh,NL,NL,day_ahead_price,value,2026-08-05T16:12:02Z
2023-04-08T22:00:00Z,2023-04-09T00:00:00+0200,127.99,EUR/MWh,NL,NL,day_ahead_price,value,2026-08-05T16:12:02Z
2023-04-08T23:00:00Z,2023-04-09T01:00:00+0200,117.86,EUR/MWh,NL,NL,day_ahead_price,value,2026-08-05T16:12:02Z
2023-04-09T00:00:00Z,2023-04-09T02:00:00+0200,119.83,EUR/MWh,NL,NL,day_ahead_price,value,2026-08-05T16:12:02Z
2023-04-09T01:00:00Z,2023-04-09T03:00:00+0200,117.99,EUR/MWh,NL,NL,day_ahead_price,value,2026-08-05T16:12:02Z
2023-04-09T02:00:00Z,2023-04-09T04:00:00+0200,118.24,EUR/MWh,NL,NL,day_ahead_price,value,2026-08-05T16:12:02Z
2023-04-09T03:00:00Z,2023-04-09T05:00:00+0200,117.86,EUR/MWh,NL,NL,day_ahead_price,value,2026-08-05T16:12:02Z
2023-04-09T04:00:00Z,2023-04-09T06:00:00+0200,120.0,EUR/MWh,NL,NL,day_ahead_price,value,2026-08-05T16:12:02Z
2023-04-09T05:00:00Z,2023-04-09T07:00:00+0200,118.9,EUR/MWh,NL,NL,day_ahead_price,value,2026-08-05T16:12:02Z
2023-04-09T06:00:00Z,2023-04-09T08:00:00+0200,122.98,EUR/MWh,NL,NL,day_ahead_price,value,2026-08-05T16:12:02Z
2023-04-09T07:00:00Z,2023-04-09T09:00:00+0200,112.21,EUR/MWh,NL,NL,day_ahead_price,value,2026-08-05T16:12:02Z
2023-04-09T08:00:00Z,2023-04-09T10:00:00+0200,100.0,EUR/MWh,NL,NL,day_ahead_price,value,2026-08-05T16:12:02Z
2023-04-09T09:00:00Z,2023-04-09T11:00:00+0200,87.0,EUR/MWh,NL,NL,day_ahead_price,value,2026-08-05T16:12:02Z
2023-04-09T10:00:00Z,2023-04-09T12:00:00+0200,81.96,EUR/MWh,NL,NL,day_ahead_price,value,2026-08-05T16:12:02Z
2023-04-09T11:00:00Z,2023-04-09T13:00:00+0200,60.01,EUR/MWh,NL,NL,day_ahead_price,value,2026-08-05T16:12:02Z
2023-04-09T12:00:00Z,2023-04-09T14:00:00+0200,55.0,EUR/MWh,NL,NL,day_ahead_price,value,2026-08-05T16:12:02Z
2023-04-09T13:00:00Z,2023-04-09T15:00:00+0200,56.0,EUR/MWh,NL,NL,day_ahead_price,value,2026-08-05T16:12:02Z
2023-04-09T14:00:00Z,2023-04-09T16:00:00+0200,74.0,EUR/MWh,NL,NL,day_ahead_price,value,2026-08-05T16:12:02Z
2023-04-09T15:00:00Z,2023-04-09T17:00:00+0200,86.35,EUR/MWh,NL,NL,day_ahead_price,value,2026-08-05T16:12:02Z
2023-04-09T16:00:00Z,2023-04-09T18:00:00+0200,115.2,EUR/MWh,NL,NL,day_ahead_price,value,2026-08-05T16:12:02Z
2023-04-09T17:00:00Z,2023-04-09T19:00:00+0200,129.97,EUR/MWh,NL,NL,day_ahead_price,value,2026-08-05T16:12:02Z
2023-04-09T18:00:00Z,2023-04-09T20:00:00+0200,133.46,EUR/MWh,NL,NL,day_ahead_price,value,2026-08-05T16:12:02Z
2023-04-09T19:00:00Z,2023-04-09T21:00:00+0200,126.39,EUR/MWh,NL,NL,day_ahead_price,value,2026-08-05T16:12:02Z
2023-04-09T20:00:00Z,2023-04-09T22:00:00+0200,115.0,EUR/MWh,NL,NL,day_ahead_price,value,2026-08-05T16:12:02Z
2023-04-09T21:00:00Z,2023-04-09T23:00:00+0200,106.94,EUR/MWh,NL,NL,day_ahead_price,value,2026-08-05T16:12:02Z
2023-04-09T22:00:00Z,2023-04-10T00:00:00+0200,98.21,EUR/MWh,NL,NL,day_ahead_price,value,2026-08-05T16:12:02Z
2023-04-09T23:00:00Z,2023-04-10T01:00:00+0200,81.85,EUR/MWh,NL,NL,day_ahead_price,value,2026-08-05T16:12:02Z
2023-04-10T00:00:00Z,2023-04-10T02:00:00+0200,78.14,EUR/MWh,NL,NL,day_ahead_price,value,2026-08-05T16:12:02Z
2023-04-10T01:00:00Z,2023-04-10T03:00:00+0200,71.9,EUR/MWh,NL,NL,day_ahead_price,value,2026-08-05T16:12:02Z
2023-04-10T02:00:00Z,2023-04-10T04:00:00+0200,70.0,EUR/MWh,NL,NL,day_ahead_price,value,2026-08-05T16:12:02Z
2023-04-10T03:00:00Z,2023-04-10T05:00:00+0200,72.96,EUR/MWh,NL,NL,day_ahead_price,value,2026-08-05T16:12:02Z
2023-04-10T04:00:00Z,2023-04-10T06:00:00+0200,80.0,EUR/MWh,NL,NL,day_ahead_price,value,2026-08-05T16:12:02Z
2023-04-10T05:00:00Z,2023-04-10T07:00:00+0200,77.65,EUR/MWh,NL,NL,day_ahead_price,value,2026-08-05T16:12:02Z
2023-04-10T06:00:00Z,2023-04-10T08:00:00+0200,69.49,EUR/MWh,NL,NL,day_ahead_price,value,2026-08-05T16:12:02Z
2023-04-10T07:00:00Z,2023-04-10T09:00:00+0200,54.9,EUR/MWh,NL,NL,day_ahead_price,value,2026-08-05T16:12:02Z
2023-04-10T08:00:00Z,2023-04-10T10:00:00+0200,24.58,EUR/MWh,NL,NL,day_ahead_price,value,2026-08-05T16:12:02Z
2023-04-10T09:00:00Z,2023-04-10T11:00:00+0200,0.2,EUR/MWh,NL,NL,day_ahead_price,value,2026-08-05T16:12:02Z
2023-04-10T10:00:00Z,2023-04-10T12:00:00+0200,-1.01,EUR/MWh,NL,NL,day_ahead_price,value,2026-08-05T16:12:02Z
2023-04-10T11:00:00Z,2023-04-10T13:00:00+0200,-7.84,EUR/MWh,NL,NL,day_ahead_price,value,2026-08-05T16:12:02Z
2023-04-10T12:00:00Z,2023-04-10T14:00:00+0200,-7.33,EUR/MWh,NL,NL,day_ahead_price,value,2026-08-05T16:12:02Z
2023-04-10T13:00:00Z,2023-04-10T15:00:00+0200,-3.1,EUR/MWh,NL,NL,day_ahead_price,value,2026-08-05T16:12:02Z
2023-04-10T14:00:00Z,2023-04-10T16:00:00+0200,-0.02,EUR/MWh,NL,NL,day_ahead_price,value,2026-08-05T16:12:02Z
2023-04-10T15:00:00Z,2023-04-10T17:00:00+0200,20.22,EUR/MWh,NL,NL,day_ahead_price,value,2026-08-05T16:12:02Z
2023-04-10T16:00:00Z,2023-04-10T18:00:00+0200,51.28,EUR/MWh,NL,NL,day_ahead_price,value,2026-08-05T16:12:02Z
2023-04-10T17:00:00Z,2023-04-10T19:00:00+0200,80.0,EUR/MWh,NL,NL,day_ahead_price,value,2026-08-05T16:12:02Z
2023-04-10T18:00:00Z,2023-04-10T20:00:00+0200,81.6,EUR/MWh,NL,NL,day_ahead_price,value,2026-08-05T16:12:02Z
2023-04-10T19:00:00Z,2023-04-10T21:00:00+0200,74.9,EUR/MWh,NL,NL,day_ahead_price,value,2026-08-05T16:12:02Z
2023-04-10T20:00:00Z,2023-04-10T22:00:00+0200,68.64,EUR/MWh,NL,NL,day_ahead_price,value,2026-08-05T16:12:02Z
2023-04-10T21:00:00Z,2023-04-10T23:00:00+0200,45.0,EUR/MWh,NL,NL,day_ahead_price,value,2026-08-05T16:12:02Z
2023-04-10T22:00:00Z,2023-04-11T00:00:00+0200,13.08,EUR/MWh,NL,NL,day_ahead_price,value,2026-08-05T16:12:02Z
2023-04-10T23:00:00Z,2023-04-11T01:00:00+0200,1.16,EUR/MWh,NL,NL,day_ahead_price,value,2026-08-05T16:12:02Z
2023-04-11T00:00:00Z,2023-04-11T02:00:00+0200,0.76,EUR/MWh,NL,NL,day_ahead_price,value,2026-08-05T16:12:02Z
2023-04-11T01:00:00Z,2023-04-11T03:00:00+0200,1.09,EUR/MWh,NL,NL,day_ahead_price,value,2026-08-05T16:12:02Z
2023-04-11T02:00:00Z,2023-04-11T04:00:00+0200,6.1,EUR/MWh,NL,NL,day_ahead_price,value,2026-08-05T16:12:02Z
2023-04-11T03:00:00Z,2023-04-11T05:00:00+0200,34.51,EUR/MWh,NL,NL,day_ahead_price,value,2026-08-05T16:12:02Z
2023-04-11T04:00:00Z,2023-04-11T06:00:00+0200,94.18,EUR/MWh,NL,NL,day_ahead_price,value,2026-08-05T16:12:02Z
2023-04-11T05:00:00Z,2023-04-11T07:00:00+0200,115.98,EUR/MWh,NL,NL,day_ahead_price,value,2026-08-05T16:12:02Z
2023-04-11T06:00:00Z,2023-04-11T08:00:00+0200,123.26,EUR/MWh,NL,NL,day_ahead_price,value,2026-08-05T16:12:02Z
2023-04-11T07:00:00Z,2023-04-11T09:00:00+0200,93.8,EUR/MWh,NL,NL,day_ahead_price,value,2026-08-05T16:12:02Z
2023-04-11T08:00:00Z,2023-04-11T10:00:00+0200,54.25,EUR/MWh,NL,NL,day_ahead_price,value,2026-08-05T16:12:02Z
2023-04-11T09:00:00Z,2023-04-11T11:00:00+0200,9.03,EUR/MWh,NL,NL,day_ahead_price,value,2026-08-05T16:12:02Z
2023-04-11T10:00:00Z,2023-04-11T12:00:00+0200,-16.0,EUR/MWh,NL,NL,day_ahead_price,value,2026-08-05T16:12:02Z
2023-04-11T11:00:00Z,2023-04-11T13:00:00+0200,-18.0,EUR/MWh,NL,NL,day_ahead_price,value,2026-08-05T16:12:02Z
2023-04-11T12:00:00Z,2023-04-11T14:00:00+0200,-30.0,EUR/MWh,NL,NL,day_ahead_price,value,2026-08-05T16:12:02Z
2023-04-11T13:00:00Z,2023-04-11T15:00:00+0200,-4.6,EUR/MWh,NL,NL,day_ahead_price,value,2026-08-05T16:12:02Z
2023-04-11T14:00:00Z,2023-04-11T16:00:00+0200,6.61,EUR/MWh,NL,NL,day_ahead_price,value,2026-08-05T16:12:02Z
2023-04-11T15:00:00Z,2023-04-11T17:00:00+0200,82.2,EUR/MWh,NL,NL,day_ahead_price,value,2026-08-05T16:12:02Z
2023-04-11T16:00:00Z,2023-04-11T18:00:00+0200,130.8,EUR/MWh,NL,NL,day_ahead_price,value,2026-08-05T16:12:02Z
2023-04-11T17:00:00Z,2023-04-11T19:00:00+0200,162.46,EUR/MWh,NL,NL,day_ahead_price,value,2026-08-05T16:12:02Z
2023-04-11T18:00:00Z,2023-04-11T20:00:00+0200,165.38,EUR/MWh,NL,NL,day_ahead_price,value,2026-08-05T16:12:02Z
2023-04-11T19:00:00Z,2023-04-11T21:00:00+0200,141.39,EUR/MWh,NL,NL,day_ahead_price,value,2026-08-05T16:12:02Z
2023-04-11T20:00:00Z,2023-04-11T22:00:00+0200,130.8,EUR/MWh,NL,NL,day_ahead_price,value,2026-08-05T16:12:02Z
2023-04-11T21:00:00Z,2023-04-11T23:00:00+0200,111.0,EUR/MWh,NL,NL,day_ahead_price,value,2026-08-05T16:12:02Z
2023-04-11T22:00:00Z,2023-04-12T00:00:00+0200,95.3,EUR/MWh,NL,NL,day_ahead_price,value,2026-08-05T16:12:02Z
2023-04-11T23:00:00Z,2023-04-12T01:00:00+0200,77.2,EUR/MWh,NL,NL,day_ahead_price,value,2026-08-05T16:12:02Z
2023-04-12T00:00:00Z,2023-04-12T02:00:00+0200,59.06,EUR/MWh,NL,NL,day_ahead_price,value,2026-08-05T16:12:02Z
2023-04-12T01:00:00Z,2023-04-12T03:00:00+0200,46.32,EUR/MWh,NL,NL,day_ahead_price,value,2026-08-05T16:12:02Z
2023-04-12T02:00:00Z,2023-04-12T04:00:00+0200,45.5,EUR/MWh,NL,NL,day_ahead_price,value,2026-08-05T16:12:02Z
2023-04-12T03:00:00Z,2023-04-12T05:00:00+0200,80.29,EUR/MWh,NL,NL,day_ahead_price,value,2026-08-05T16:12:02Z
2023-04-12T04:00:00Z,2023-04-12T06:00:00+0200,106.45,EUR/MWh,NL,NL,day_ahead_price,value,2026-08-05T16:12:02Z
2023-04-12T05:00:00Z,2023-04-12T07:00:00+0200,123.35,EUR/MWh,NL,NL,day_ahead_price,value,2026-08-05T16:12:02Z
2023-04-12T06:00:00Z,2023-04-12T08:00:00+0200,136.41,EUR/MWh,NL,NL,day_ahead_price,value,2026-08-05T16:12:02Z
2023-04-12T07:00:00Z,2023-04-12T09:00:00+0200,131.99,EUR/MWh,NL,NL,day_ahead_price,value,2026-08-05T16:12:02Z
2023-04-12T08:00:00Z,2023-04-12T10:00:00+0200,120.0,EUR/MWh,NL,NL,day_ahead_price,value,2026-08-05T16:12:02Z
2023-04-12T09:00:00Z,2023-04-12T11:00:00+0200,111.56,EUR/MWh,NL,NL,day_ahead_price,value,2026-08-05T16:12:02Z
2023-04-12T10:00:00Z,2023-04-12T12:00:00+0200,100.6,EUR/MWh,NL,NL,day_ahead_price,value,2026-08-05T16:12:02Z
2023-04-12T11:00:00Z,2023-04-12T13:00:00+0200,97.36,EUR/MWh,NL,NL,day_ahead_price,value,2026-08-05T16:12:02Z
2023-04-12T12:00:00Z,2023-04-12T14:00:00+0200,97.62,EUR/MWh,NL,NL,day_ahead_price,value,2026-08-05T16:12:02Z
2023-04-12T13:00:00Z,2023-04-12T15:00:00+0200,97.07,EUR/MWh,NL,NL,day_ahead_price,value,2026-08-05T16:12:02Z
2023-04-12T14:00:00Z,2023-04-12T16:00:00+0200,100.34,EUR/MWh,NL,NL,day_ahead_price,value,2026-08-05T16:12:02Z
2023-04-12T15:00:00Z,2023-04-12T17:00:00+0200,109.3,EUR/MWh,NL,NL,day_ahead_price,value,2026-08-05T16:12:02Z
2023-04-12T16:00:00Z,2023-04-12T18:00:00+0200,106.62,EUR/MWh,NL,NL,day_ahead_price,value,2026-08-05T16:12:02Z
2023-04-12T17:00:00Z,2023-04-12T19:00:00+0200,111.53,EUR/MWh,NL,NL,day_ahead_price,value,2026-08-05T16:12:02Z
2023-04-12T18:00:00Z,2023-04-12T20:00:00+0200,125.0,EUR/MWh,NL,NL,day_ahead_price,value,2026-08-05T16:12:02Z
2023-04-12T19:00:00Z,2023-04-12T21:00:00+0200,112.11,EUR/MWh,NL,NL,day_ahead_price,value,2026-08-05T16:12:02Z
2023-04-12T20:00:00Z,2023-04-12T22:00:00+0200,109.3,EUR/MWh,NL,NL,day_ahead_price,value,2026-08-05T16:12:02Z
2023-04-12T21:00:00Z,2023-04-12T23:00:00+0200,97.95,EUR/MWh,NL,NL,day_ahead_price,value,2026-08-05T16:12:02Z
2023-04-12T22:00:00Z,2023-04-13T00:00:00+0200,97.23,EUR/MWh,NL,NL,day_ahead_price,value,2026-08-05T16:12:02Z
2023-04-12T23:00:00Z,2023-04-13T01:00:00+0200,85.09,EUR/MWh,NL,NL,day_ahead_price,value,2026-08-05T16:12:02Z
2023-04-13T00:00:00Z,2023-04-13T02:00:00+0200,79.49,EUR/MWh,NL,NL,day_ahead_price,value,2026-08-05T16:12:02Z
2023-04-13T01:00:00Z,2023-04-13T03:00:00+0200,72.86,EUR/MWh,NL,NL,day_ahead_price,value,2026-08-05T16:12:02Z
2023-04-13T02:00:00Z,2023-04-13T04:00:00+0200,71.12,EUR/MWh,NL,NL,day_ahead_price,value,2026-08-05T16:12:02Z
2023-04-13T03:00:00Z,2023-04-13T05:00:00+0200,82.5,EUR/MWh,NL,NL,day_ahead_price,value,2026-08-05T16:12:02Z
2023-04-13T04:00:00Z,2023-04-13T06:00:00+0200,102.06,EUR/MWh,NL,NL,day_ahead_price,value,2026-08-05T16:12:02Z
2023-04-13T05:00:00Z,2023-04-13T07:00:00+0200,115.04,EUR/MWh,NL,NL,day_ahead_price,value,2026-08-05T16:12:02Z
2023-04-13T06:00:00Z,2023-04-13T08:00:00+0200,122.15,EUR/MWh,NL,NL,day_ahead_price,value,2026-08-05T16:12:02Z
2023-04-13T07:00:00Z,2023-04-13T09:00:00+0200,105.39,EUR/MWh,NL,NL,day_ahead_price,value,2026-08-05T16:12:02Z
2023-04-13T08:00:00Z,2023-04-13T10:00:00+0200,83.4,EUR/MWh,NL,NL,day_ahead_price,value,2026-08-05T16:12:02Z
2023-04-13T09:00:00Z,2023-04-13T11:00:00+0200,34.9,EUR/MWh,NL,NL,day_ahead_price,value,2026-08-05T16:12:02Z
2023-04-13T10:00:00Z,2023-04-13T12:00:00+0200,-4.5,EUR/MWh,NL,NL,day_ahead_price,value,2026-08-05T16:12:02Z
2023-04-13T11:00:00Z,2023-04-13T13:00:00+0200,-50.0,EUR/MWh,NL,NL,day_ahead_price,value,2026-08-05T16:12:02Z
2023-04-13T12:00:00Z,2023-04-13T14:00:00+0200,-50.07,EUR/MWh,NL,NL,day_ahead_price,value,2026-08-05T16:12:02Z
2023-04-13T13:00:00Z,2023-04-13T15:00:00+0200,-50.0,EUR/MWh,NL,NL,day_ahead_price,value,2026-08-05T16:12:02Z
2023-04-13T14:00:00Z,2023-04-13T16:00:00+0200,-0.9,EUR/MWh,NL,NL,day_ahead_price,value,2026-08-05T16:12:02Z
2023-04-13T15:00:00Z,2023-04-13T17:00:00+0200,108.1,EUR/MWh,NL,NL,day_ahead_price,value,2026-08-05T16:12:02Z
2023-04-13T16:00:00Z,2023-04-13T18:00:00+0200,128.1,EUR/MWh,NL,NL,day_ahead_price,value,2026-08-05T16:12:02Z
2023-04-13T17:00:00Z,2023-04-13T19:00:00+0200,151.0,EUR/MWh,NL,NL,day_ahead_price,value,2026-08-05T16:12:02Z
2023-04-13T18:00:00Z,2023-04-13T20:00:00+0200,155.2,EUR/MWh,NL,NL,day_ahead_price,value,2026-08-05T16:12:02Z
2023-04-13T19:00:00Z,2023-04-13T21:00:00+0200,152.0,EUR/MWh,NL,NL,day_ahead_price,value,2026-08-05T16:12:02Z
2023-04-13T20:00:00Z,2023-04-13T22:00:00+0200,134.04,EUR/MWh,NL,NL,day_ahead_price,value,2026-08-05T16:12:02Z
2023-04-13T21:00:00Z,2023-04-13T23:00:00+0200,120.1,EUR/MWh,NL,NL,day_ahead_price,value,2026-08-05T16:12:02Z
2023-04-13T22:00:00Z,2023-04-14T00:00:00+0200,118.09,EUR/MWh,NL,NL,day_ahead_price,value,2026-08-05T16:12:02Z
2023-04-13T23:00:00Z,2023-04-14T01:00:00+0200,112.8,EUR/MWh,NL,NL,day_ahead_price,value,2026-08-05T16:12:02Z
2023-04-14T00:00:00Z,2023-04-14T02:00:00+0200,116.54,EUR/MWh,NL,NL,day_ahead_price,value,2026-08-05T16:12:02Z
2023-04-14T01:00:00Z,2023-04-14T03:00:00+0200,112.8,EUR/MWh,NL,NL,day_ahead_price,value,2026-08-05T16:12:02Z
2023-04-14T02:00:00Z,2023-04-14T04:00:00+0200,113.14,EUR/MWh,NL,NL,day_ahead_price,value,2026-08-05T16:12:02Z
2023-04-14T03:00:00Z,2023-04-14T05:00:00+0200,127.4,EUR/MWh,NL,NL,day_ahead_price,value,2026-08-05T16:12:02Z
2023-04-14T04:00:00Z,2023-04-14T06:00:00+0200,144.74,EUR/MWh,NL,NL,day_ahead_price,value,2026-08-05T16:12:02Z
2023-04-14T05:00:00Z,2023-04-14T07:00:00+0200,171.74,EUR/MWh,NL,NL,day_ahead_price,value,2026-08-05T16:12:02Z
2023-04-14T06:00:00Z,2023-04-14T08:00:00+0200,176.16,EUR/MWh,NL,NL,day_ahead_price,value,2026-08-05T16:12:02Z
2023-04-14T07:00:00Z,2023-04-14T09:00:00+0200,149.94,EUR/MWh,NL,NL,day_ahead_price,value,2026-08-05T16:12:02Z
2023-04-14T08:00:00Z,2023-04-14T10:00:00+0200,107.7,EUR/MWh,NL,NL,day_ahead_price,value,2026-08-05T16:12:02Z
2023-04-14T09:00:00Z,2023-04-14T11:00:00+0200,109.5,EUR/MWh,NL,NL,day_ahead_price,value,2026-08-05T16:12:02Z
2023-04-14T10:00:00Z,2023-04-14T12:00:00+0200,104.7,EUR/MWh,NL,NL,day_ahead_price,value,2026-08-05T16:12:02Z
2023-04-14T11:00:00Z,2023-04-14T13:00:00+0200,101.12,EUR/MWh,NL,NL,day_ahead_price,value,2026-08-05T16:12:02Z
2023-04-14T12:00:00Z,2023-04-14T14:00:00+0200,102.6,EUR/MWh,NL,NL,day_ahead_price,value,2026-08-05T16:12:02Z
2023-04-14T13:00:00Z,2023-04-14T15:00:00+0200,94.4,EUR/MWh,NL,NL,day_ahead_price,value,2026-08-05T16:12:02Z
2023-04-14T14:00:00Z,2023-04-14T16:00:00+0200,105.16,EUR/MWh,NL,NL,day_ahead_price,value,2026-08-05T16:12:02Z
2023-04-14T15:00:00Z,2023-04-14T17:00:00+0200,113.4,EUR/MWh,NL,NL,day_ahead_price,value,2026-08-05T16:12:02Z
2023-04-14T16:00:00Z,2023-04-14T18:00:00+0200,138.16,EUR/MWh,NL,NL,day_ahead_price,value,2026-08-05T16:12:02Z
2023-04-14T17:00:00Z,2023-04-14T19:00:00+0200,151.69,EUR/MWh,NL,NL,day_ahead_price,value,2026-08-05T16:12:02Z
2023-04-14T18:00:00Z,2023-04-14T20:00:00+0200,152.42,EUR/MWh,NL,NL,day_ahead_price,value,2026-08-05T16:12:02Z
2023-04-14T19:00:00Z,2023-04-14T21:00:00+0200,151.0,EUR/MWh,NL,NL,day_ahead_price,value,2026-08-05T16:12:02Z
2023-04-14T20:00:00Z,2023-04-14T22:00:00+0200,134.73,EUR/MWh,NL,NL,day_ahead_price,value,2026-08-05T16:12:02Z
2023-04-14T21:00:00Z,2023-04-14T23:00:00+0200,120.29,EUR/MWh,NL,NL,day_ahead_price,value,2026-08-05T16:12:02Z
2023-04-14T22:00:00Z,2023-04-15T00:00:00+0200,123.9,EUR/MWh,NL,NL,day_ahead_price,value,2026-08-05T16:12:02Z
2023-04-14T23:00:00Z,2023-04-15T01:00:00+0200,112.0,EUR/MWh,NL,NL,day_ahead_price,value,2026-08-05T16:12:02Z
2023-04-15T00:00:00Z,2023-04-15T02:00:00+0200,114.38,EUR/MWh,NL,NL,day_ahead_price,value,2026-08-05T16:12:02Z
2023-04-15T01:00:00Z,2023-04-15T03:00:00+0200,108.0,EUR/MWh,NL,NL,day_ahead_price,value,2026-08-05T16:12:02Z
2023-04-15T02:00:00Z,2023-04-15T04:00:00+0200,105.14,EUR/MWh,NL,NL,day_ahead_price,value,2026-08-05T16:12:02Z
2023-04-15T03:00:00Z,2023-04-15T05:00:00+0200,103.55,EUR/MWh,NL,NL,day_ahead_price,value,2026-08-05T16:12:02Z
2023-04-15T04:00:00Z,2023-04-15T06:00:00+0200,105.56,EUR/MWh,NL,NL,day_ahead_price,value,2026-08-05T16:12:02Z
2023-04-15T05:00:00Z,2023-04-15T07:00:00+0200,104.85,EUR/MWh,NL,NL,day_ahead_price,value,2026-08-05T16:12:02Z
2023-04-15T06:00:00Z,2023-04-15T08:00:00+0200,106.21,EUR/MWh,NL,NL,day_ahead_price,value,2026-08-05T16:12:02Z
2023-04-15T07:00:00Z,2023-04-15T09:00:00+0200,101.1,EUR/MWh,NL,NL,day_ahead_price,value,2026-08-05T16:12:02Z
2023-04-15T08:00:00Z,2023-04-15T10:00:00+0200,94.92,EUR/MWh,NL,NL,day_ahead_price,value,2026-08-05T16:12:02Z
2023-04-15T09:00:00Z,2023-04-15T11:00:00+0200,93.94,EUR/MWh,NL,NL,day_ahead_price,value,2026-08-05T16:12:02Z
2023-04-15T10:00:00Z,2023-04-15T12:00:00+0200,77.64,EUR/MWh,NL,NL,day_ahead_price,value,2026-08-05T16:12:02Z
2023-04-15T11:00:00Z,2023-04-15T13:00:00+0200,15.0,EUR/MWh,NL,NL,day_ahead_price,value,2026-08-05T16:12:02Z
2023-04-15T12:00:00Z,2023-04-15T14:00:00+0200,0.92,EUR/MWh,NL,NL,day_ahead_price,value,2026-08-05T16:12:02Z
2023-04-15T13:00:00Z,2023-04-15T15:00:00+0200,61.0,EUR/MWh,NL,NL,day_ahead_price,value,2026-08-05T16:12:02Z
2023-04-15T14:00:00Z,2023-04-15T16:00:00+0200,72.29,EUR/MWh,NL,NL,day_ahead_price,value,2026-08-05T16:12:02Z
2023-04-15T15:00:00Z,2023-04-15T17:00:00+0200,98.81,EUR/MWh,NL,NL,day_ahead_price,value,2026-08-05T16:12:02Z
2023-04-15T16:00:00Z,2023-04-15T18:00:00+0200,112.66,EUR/MWh,NL,NL,day_ahead_price,value,2026-08-05T16:12:02Z
2023-04-15T17:00:00Z,2023-04-15T19:00:00+0200,132.79,EUR/MWh,NL,NL,day_ahead_price,value,2026-08-05T16:12:02Z
2023-04-15T18:00:00Z,2023-04-15T20:00:00+0200,134.51,EUR/MWh,NL,NL,day_ahead_price,value,2026-08-05T16:12:02Z
2023-04-15T19:00:00Z,2023-04-15T21:00:00+0200,127.8,EUR/MWh,NL,NL,day_ahead_price,value,2026-08-05T16:12:02Z
2023-04-15T20:00:00Z,2023-04-15T22:00:00+0200,127.71,EUR/MWh,NL,NL,day_ahead_price,value,2026-08-05T16:12:02Z
2023-04-15T21:00:00Z,2023-04-15T23:00:00+0200,119.3,EUR/MWh,NL,NL,day_ahead_price,value,2026-08-05T16:12:02Z
2023-04-15T22:00:00Z,2023-04-16T00:00:00+0200,111.55,EUR/MWh,NL,NL,day_ahead_price,value,2026-08-05T16:12:02Z
2023-04-15T23:00:00Z,2023-04-16T01:00:00+0200,103.49,EUR/MWh,NL,NL,day_ahead_price,value,2026-08-05T16:12:02Z
2023-04-16T00:00:00Z,2023-04-16T02:00:00+0200,102.68,EUR/MWh,NL,NL,day_ahead_price,value,2026-08-05T16:12:02Z
2023-04-16T01:00:00Z,2023-04-16T03:00:00+0200,101.09,EUR/MWh,NL,NL,day_ahead_price,value,2026-08-05T16:12:02Z
2023-04-16T02:00:00Z,2023-04-16T04:00:00+0200,102.63,EUR/MWh,NL,NL,day_ahead_price,value,2026-08-05T16:12:02Z
2023-04-16T03:00:00Z,2023-04-16T05:00:00+0200,103.5,EUR/MWh,NL,NL,day_ahead_price,value,2026-08-05T16:12:02Z
2023-04-16T04:00:00Z,2023-04-16T06:00:00+0200,103.5,EUR/MWh,NL,NL,day_ahead_price,value,2026-08-05T16:12:02Z
2023-04-16T05:00:00Z,2023-04-16T07:00:00+0200,103.37,EUR/MWh,NL,NL,day_ahead_price,value,2026-08-05T16:12:02Z
2023-04-16T06:00:00Z,2023-04-16T08:00:00+0200,110.43,EUR/MWh,NL,NL,day_ahead_price,value,2026-08-05T16:12:02Z
2023-04-16T07:00:00Z,2023-04-16T09:00:00+0200,114.68,EUR/MWh,NL,NL,day_ahead_price,value,2026-08-05T16:12:02Z
2023-04-16T08:00:00Z,2023-04-16T10:00:00+0200,111.04,EUR/MWh,NL,NL,day_ahead_price,value,2026-08-05T16:12:02Z
2023-04-16T09:00:00Z,2023-04-16T11:00:00+0200,107.83,EUR/MWh,NL,NL,day_ahead_price,value,2026-08-05T16:12:02Z
2023-04-16T10:00:00Z,2023-04-16T12:00:00+0200,104.05,EUR/MWh,NL,NL,day_ahead_price,value,2026-08-05T16:12:02Z
2023-04-16T11:00:00Z,2023-04-16T13:00:00+0200,98.16,EUR/MWh,NL,NL,day_ahead_price,value,2026-08-05T16:12:02Z
2023-04-16T12:00:00Z,2023-04-16T14:00:00+0200,94.74,EUR/MWh,NL,NL,day_ahead_price,value,2026-08-05T16:12:02Z
2023-04-16T13:00:00Z,2023-04-16T15:00:00+0200,94.27,EUR/MWh,NL,NL,day_ahead_price,value,2026-08-05T16:12:02Z
2023-04-16T14:00:00Z,2023-04-16T16:00:00+0200,96.06,EUR/MWh,NL,NL,day_ahead_price,value,2026-08-05T16:12:02Z
2023-04-16T15:00:00Z,2023-04-16T17:00:00+0200,101.0,EUR/MWh,NL,NL,day_ahead_price,value,2026-08-05T16:12:02Z
2023-04-16T16:00:00Z,2023-04-16T18:00:00+0200,115.21,EUR/MWh,NL,NL,day_ahead_price,value,2026-08-05T16:12:02Z
2023-04-16T17:00:00Z,2023-04-16T19:00:00+0200,132.88,EUR/MWh,NL,NL,day_ahead_price,value,2026-08-05T16:12:02Z
2023-04-16T18:00:00Z,2023-04-16T20:00:00+0200,140.0,EUR/MWh,NL,NL,day_ahead_price,value,2026-08-05T16:12:02Z
2023-04-16T19:00:00Z,2023-04-16T21:00:00+0200,135.0,EUR/MWh,NL,NL,day_ahead_price,value,2026-08-05T16:12:02Z
2023-04-16T20:00:00Z,2023-04-16T22:00:00+0200,129.97,EUR/MWh,NL,NL,day_ahead_price,value,2026-08-05T16:12:02Z
2023-04-16T21:00:00Z,2023-04-16T23:00:00+0200,125.35,EUR/MWh,NL,NL,day_ahead_price,value,2026-08-05T16:12:02Z
2023-04-16T22:00:00Z,2023-04-17T00:00:00+0200,114.75,EUR/MWh,NL,NL,day_ahead_price,value,2026-08-05T16:12:02Z
2023-04-16T23:00:00Z,2023-04-17T01:00:00+0200,111.14,EUR/MWh,NL,NL,day_ahead_price,value,2026-08-05T16:12:02Z
2023-04-17T00:00:00Z,2023-04-17T02:00:00+0200,108.96,EUR/MWh,NL,NL,day_ahead_price,value,2026-08-05T16:12:02Z
2023-04-17T01:00:00Z,2023-04-17T03:00:00+0200,110.1,EUR/MWh,NL,NL,day_ahead_price,value,2026-08-05T16:12:02Z
2023-04-17T02:00:00Z,2023-04-17T04:00:00+0200,110.0,EUR/MWh,NL,NL,day_ahead_price,value,2026-08-05T16:12:02Z
2023-04-17T03:00:00Z,2023-04-17T05:00:00+0200,114.91,EUR/MWh,NL,NL,day_ahead_price,value,2026-08-05T16:12:02Z
2023-04-17T04:00:00Z,2023-04-17T06:00:00+0200,140.78,EUR/MWh,NL,NL,day_ahead_price,value,2026-08-05T16:12:02Z
2023-04-17T05:00:00Z,2023-04-17T07:00:00+0200,178.38,EUR/MWh,NL,NL,day_ahead_price,value,2026-08-05T16:12:02Z
2023-04-17T06:00:00Z,2023-04-17T08:00:00+0200,199.29,EUR/MWh,NL,NL,day_ahead_price,value,2026-08-05T16:12:02Z
2023-04-17T07:00:00Z,2023-04-17T09:00:00+0200,162.62,EUR/MWh,NL,NL,day_ahead_price,value,2026-08-05T16:12:02Z
2023-04-17T08:00:00Z,2023-04-17T10:00:00+0200,135.61,EUR/MWh,NL,NL,day_ahead_price,value,2026-08-05T16:12:02Z
2023-04-17T09:00:00Z,2023-04-17T11:00:00+0200,117.6,EUR/MWh,NL,NL,day_ahead_price,value,2026-08-05T16:12:02Z
2023-04-17T10:00:00Z,2023-04-17T12:00:00+0200,105.13,EUR/MWh,NL,NL,day_ahead_price,value,2026-08-05T16:12:02Z
2023-04-17T11:00:00Z,2023-04-17T13:00:00+0200,100.92,EUR/MWh,NL,NL,day_ahead_price,value,2026-08-05T16:12:02Z
2023-04-17T12:00:00Z,2023-04-17T14:00:00+0200,96.99,EUR/MWh,NL,NL,day_ahead_price,value,2026-08-05T16:12:02Z
2023-04-17T13:00:00Z,2023-04-17T15:00:00+0200,92.75,EUR/MWh,NL,NL,day_ahead_price,value,2026-08-05T16:12:02Z
2023-04-17T14:00:00Z,2023-04-17T16:00:00+0200,96.76,EUR/MWh,NL,NL,day_ahead_price,value,2026-08-05T16:12:02Z
2023-04-17T15:00:00Z,2023-04-17T17:00:00+0200,100.99,EUR/MWh,NL,NL,day_ahead_price,value,2026-08-05T16:12:02Z
2023-04-17T16:00:00Z,2023-04-17T18:00:00+0200,122.33,EUR/MWh,NL,NL,day_ahead_price,value,2026-08-05T16:12:02Z
2023-04-17T17:00:00Z,2023-04-17T19:00:00+0200,143.61,EUR/MWh,NL,NL,day_ahead_price,value,2026-08-05T16:12:02Z
2023-04-17T18:00:00Z,2023-04-17T20:00:00+0200,142.78,EUR/MWh,NL,NL,day_ahead_price,value,2026-08-05T16:12:02Z
2023-04-17T19:00:00Z,2023-04-17T21:00:00+0200,134.25,EUR/MWh,NL,NL,day_ahead_price,value,2026-08-05T16:12:02Z
2023-04-17T20:00:00Z,2023-04-17T22:00:00+0200,122.82,EUR/MWh,NL,NL,day_ahead_price,value,2026-08-05T16:12:02Z
2023-04-17T21:00:00Z,2023-04-17T23:00:00+0200,109.16,EUR/MWh,NL,NL,day_ahead_price,value,2026-08-05T16:12:02Z
2023-04-17T22:00:00Z,2023-04-18T00:00:00+0200,105.31,EUR/MWh,NL,NL,day_ahead_price,value,2026-08-05T16:12:02Z
2023-04-17T23:00:00Z,2023-04-18T01:00:00+0200,102.07,EUR/MWh,NL,NL,day_ahead_price,value,2026-08-05T16:12:02Z
2023-04-18T00:00:00Z,2023-04-18T02:00:00+0200,101.1,EUR/MWh,NL,NL,day_ahead_price,value,2026-08-05T16:12:02Z
2023-04-18T01:00:00Z,2023-04-18T03:00:00+0200,101.29,EUR/MWh,NL,NL,day_ahead_price,value,2026-08-05T16:12:02Z
2023-04-18T02:00:00Z,2023-04-18T04:00:00+0200,100.55,EUR/MWh,NL,NL,day_ahead_price,value,2026-08-05T16:12:02Z
2023-04-18T03:00:00Z,2023-04-18T05:00:00+0200,101.27,EUR/MWh,NL,NL,day_ahead_price,value,2026-08-05T16:12:02Z
2023-04-18T04:00:00Z,2023-04-18T06:00:00+0200,127.0,EUR/MWh,NL,NL,day_ahead_price,value,2026-08-05T16:12:02Z
2023-04-18T05:00:00Z,2023-04-18T07:00:00+0200,140.27,EUR/MWh,NL,NL,day_ahead_price,value,2026-08-05T16:12:02Z
2023-04-18T06:00:00Z,2023-04-18T08:00:00+0200,154.88,EUR/MWh,NL,NL,day_ahead_price,value,2026-08-05T16:12:02Z
2023-04-18T07:00:00Z,2023-04-18T09:00:00+0200,133.99,EUR/MWh,NL,NL,day_ahead_price,value,2026-08-05T16:12:02Z
2023-04-18T08:00:00Z,2023-04-18T10:00:00+0200,106.21,EUR/MWh,NL,NL,day_ahead_price,value,2026-08-05T16:12:02Z
2023-04-18T09:00:00Z,2023-04-18T11:00:00+0200,99.59,EUR/MWh,NL,NL,day_ahead_price,value,2026-08-05T16:12:02Z
2023-04-18T10:00:00Z,2023-04-18T12:00:00+0200,90.08,EUR/MWh,NL,NL,day_ahead_price,value,2026-08-05T16:12:02Z
2023-04-18T11:00:00Z,2023-04-18T13:00:00+0200,84.0,EUR/MWh,NL,NL,day_ahead_price,value,2026-08-05T16:12:02Z
2023-04-18T12:00:00Z,2023-04-18T14:00:00+0200,78.79,EUR/MWh,NL,NL,day_ahead_price,value,2026-08-05T16:12:02Z
2023-04-18T13:00:00Z,2023-04-18T15:00:00+0200,77.95,EUR/MWh,NL,NL,day_ahead_price,value,2026-08-05T16:12:02Z
2023-04-18T14:00:00Z,2023-04-18T16:00:00+0200,79.5,EUR/MWh,NL,NL,day_ahead_price,value,2026-08-05T16:12:02Z
2023-04-18T15:00:00Z,2023-04-18T17:00:00+0200,94.41,EUR/MWh,NL,NL,day_ahead_price,value,2026-08-05T16:12:02Z
2023-04-18T16:00:00Z,2023-04-18T18:00:00+0200,108.21,EUR/MWh,NL,NL,day_ahead_price,value,2026-08-05T16:12:02Z
2023-04-18T17:00:00Z,2023-04-18T19:00:00+0200,130.46,EUR/MWh,NL,NL,day_ahead_price,value,2026-08-05T16:12:02Z
2023-04-18T18:00:00Z,2023-04-18T20:00:00+0200,139.9,EUR/MWh,NL,NL,day_ahead_price,value,2026-08-05T16:12:02Z
2023-04-18T19:00:00Z,2023-04-18T21:00:00+0200,134.28,EUR/MWh,NL,NL,day_ahead_price,value,2026-08-05T16:12:02Z
2023-04-18T20:00:00Z,2023-04-18T22:00:00+0200,105.8,EUR/MWh,NL,NL,day_ahead_price,value,2026-08-05T16:12:02Z
2023-04-18T21:00:00Z,2023-04-18T23:00:00+0200,96.9,EUR/MWh,NL,NL,day_ahead_price,value,2026-08-05T16:12:02Z
2023-04-18T22:00:00Z,2023-04-19T00:00:00+0200,102.2,EUR/MWh,NL,NL,day_ahead_price,value,2026-08-05T16:12:02Z
2023-04-18T23:00:00Z,2023-04-19T01:00:00+0200,97.54,EUR/MWh,NL,NL,day_ahead_price,value,2026-08-05T16:12:02Z
2023-04-19T00:00:00Z,2023-04-19T02:00:00+0200,99.92,EUR/MWh,NL,NL,day_ahead_price,value,2026-08-05T16:12:02Z
2023-04-19T01:00:00Z,2023-04-19T03:00:00+0200,98.95,EUR/MWh,NL,NL,day_ahead_price,value,2026-08-05T16:12:02Z
2023-04-19T02:00:00Z,2023-04-19T04:00:00+0200,101.33,EUR/MWh,NL,NL,day_ahead_price,value,2026-08-05T16:12:02Z
2023-04-19T03:00:00Z,2023-04-19T05:00:00+0200,105.87,EUR/MWh,NL,NL,day_ahead_price,value,2026-08-05T16:12:02Z
2023-04-19T04:00:00Z,2023-04-19T06:00:00+0200,130.0,EUR/MWh,NL,NL,day_ahead_price,value,2026-08-05T16:12:02Z
2023-04-19T05:00:00Z,2023-04-19T07:00:00+0200,138.94,EUR/MWh,NL,NL,day_ahead_price,value,2026-08-05T16:12:02Z
2023-04-19T06:00:00Z,2023-04-19T08:00:00+0200,137.0,EUR/MWh,NL,NL,day_ahead_price,value,2026-08-05T16:12:02Z
2023-04-19T07:00:00Z,2023-04-19T09:00:00+0200,104.1,EUR/MWh,NL,NL,day_ahead_price,value,2026-08-05T16:12:02Z
2023-04-19T08:00:00Z,2023-04-19T10:00:00+0200,70.0,EUR/MWh,NL,NL,day_ahead_price,value,2026-08-05T16:12:02Z
2023-04-19T09:00:00Z,2023-04-19T11:00:00+0200,-3.9,EUR/MWh,NL,NL,day_ahead_price,value,2026-08-05T16:12:02Z
2023-04-19T10:00:00Z,2023-04-19T12:00:00+0200,-94.79,EUR/MWh,NL,NL,day_ahead_price,value,2026-08-05T16:12:02Z
2023-04-19T11:00:00Z,2023-04-19T13:00:00+0200,-194.2,EUR/MWh,NL,NL,day_ahead_price,value,2026-08-05T16:12:02Z
2023-04-19T12:00:00Z,2023-04-19T14:00:00+0200,-195.41,EUR/MWh,NL,NL,day_ahead_price,value,2026-08-05T16:12:02Z
2023-04-19T13:00:00Z,2023-04-19T15:00:00+0200,-150.0,EUR/MWh,NL,NL,day_ahead_price,value,2026-08-05T16:12:02Z
2023-04-19T14:00:00Z,2023-04-19T16:00:00+0200,-30.0,EUR/MWh,NL,NL,day_ahead_price,value,2026-08-05T16:12:02Z
2023-04-19T15:00:00Z,2023-04-19T17:00:00+0200,66.56,EUR/MWh,NL,NL,day_ahead_price,value,2026-08-05T16:12:02Z
2023-04-19T16:00:00Z,2023-04-19T18:00:00+0200,90.97,EUR/MWh,NL,NL,day_ahead_price,value,2026-08-05T16:12:02Z
2023-04-19T17:00:00Z,2023-04-19T19:00:00+0200,120.11,EUR/MWh,NL,NL,day_ahead_price,value,2026-08-05T16:12:02Z
2023-04-19T18:00:00Z,2023-04-19T20:00:00+0200,128.38,EUR/MWh,NL,NL,day_ahead_price,value,2026-08-05T16:12:02Z
2023-04-19T19:00:00Z,2023-04-19T21:00:00+0200,122.82,EUR/MWh,NL,NL,day_ahead_price,value,2026-08-05T16:12:02Z
2023-04-19T20:00:00Z,2023-04-19T22:00:00+0200,109.9,EUR/MWh,NL,NL,day_ahead_price,value,2026-08-05T16:12:02Z
2023-04-19T21:00:00Z,2023-04-19T23:00:00+0200,101.66,EUR/MWh,NL,NL,day_ahead_price,value,2026-08-05T16:12:02Z
2023-04-19T22:00:00Z,2023-04-20T00:00:00+0200,100.19,EUR/MWh,NL,NL,day_ahead_price,value,2026-08-05T16:12:02Z
2023-04-19T23:00:00Z,2023-04-20T01:00:00+0200,94.35,EUR/MWh,NL,NL,day_ahead_price,value,2026-08-05T16:12:02Z
2023-04-20T00:00:00Z,2023-04-20T02:00:00+0200,96.76,EUR/MWh,NL,NL,day_ahead_price,value,2026-08-05T16:12:02Z
2023-04-20T01:00:00Z,2023-04-20T03:00:00+0200,94.98,EUR/MWh,NL,NL,day_ahead_price,value,2026-08-05T16:12:02Z
2023-04-20T02:00:00Z,2023-04-20T04:00:00+0200,97.18,EUR/MWh,NL,NL,day_ahead_price,value,2026-08-05T16:12:02Z
2023-04-20T03:00:00Z,2023-04-20T05:00:00+0200,102.78,EUR/MWh,NL,NL,day_ahead_price,value,2026-08-05T16:12:02Z
2023-04-20T04:00:00Z,2023-04-20T06:00:00+0200,127.97,EUR/MWh,NL,NL,day_ahead_price,value,2026-08-05T16:12:02Z
2023-04-20T05:00:00Z,2023-04-20T07:00:00+0200,144.48,EUR/MWh,NL,NL,day_ahead_price,value,2026-08-05T16:12:02Z
2023-04-20T06:00:00Z,2023-04-20T08:00:00+0200,144.7,EUR/MWh,NL,NL,day_ahead_price,value,2026-08-05T16:12:02Z
2023-04-20T07:00:00Z,2023-04-20T09:00:00+0200,130.04,EUR/MWh,NL,NL,day_ahead_price,value,2026-08-05T16:12:02Z
2023-04-20T08:00:00Z,2023-04-20T10:00:00+0200,102.2,EUR/MWh,NL,NL,day_ahead_price,value,2026-08-05T16:12:02Z
2023-04-20T09:00:00Z,2023-04-20T11:00:00+0200,96.94,EUR/MWh,NL,NL,day_ahead_price,value,2026-08-05T16:12:02Z
2023-04-20T10:00:00Z,2023-04-20T12:00:00+0200,94.23,EUR/MWh,NL,NL,day_ahead_price,value,2026-08-05T16:12:02Z
2023-04-20T11:00:00Z,2023-04-20T13:00:00+0200,89.61,EUR/MWh,NL,NL,day_ahead_price,value,2026-08-05T16:12:02Z
2023-04-20T12:00:00Z,2023-04-20T14:00:00+0200,88.71,EUR/MWh,NL,NL,day_ahead_price,value,2026-08-05T16:12:02Z
2023-04-20T13:00:00Z,2023-04-20T15:00:00+0200,86.68,EUR/MWh,NL,NL,day_ahead_price,value,2026-08-05T16:12:02Z
2023-04-20T14:00:00Z,2023-04-20T16:00:00+0200,92.09,EUR/MWh,NL,NL,day_ahead_price,value,2026-08-05T16:12:02Z
2023-04-20T15:00:00Z,2023-04-20T17:00:00+0200,103.76,EUR/MWh,NL,NL,day_ahead_price,value,2026-08-05T16:12:02Z
2023-04-20T16:00:00Z,2023-04-20T18:00:00+0200,128.99,EUR/MWh,NL,NL,day_ahead_price,value,2026-08-05T16:12:02Z
2023-04-20T17:00:00Z,2023-04-20T19:00:00+0200,142.46,EUR/MWh,NL,NL,day_ahead_price,value,2026-08-05T16:12:02Z
2023-04-20T18:00:00Z,2023-04-20T20:00:00+0200,147.06,EUR/MWh,NL,NL,day_ahead_price,value,2026-08-05T16:12:02Z
2023-04-20T19:00:00Z,2023-04-20T21:00:00+0200,139.24,EUR/MWh,NL,NL,day_ahead_price,value,2026-08-05T16:12:02Z
2023-04-20T20:00:00Z,2023-04-20T22:00:00+0200,125.0,EUR/MWh,NL,NL,day_ahead_price,value,2026-08-05T16:12:02Z
2023-04-20T21:00:00Z,2023-04-20T23:00:00+0200,115.86,EUR/MWh,NL,NL,day_ahead_price,value,2026-08-05T16:12:02Z
2023-04-20T22:00:00Z,2023-04-21T00:00:00+0200,104.9,EUR/MWh,NL,NL,day_ahead_price,value,2026-08-05T16:12:02Z
2023-04-20T23:00:00Z,2023-04-21T01:00:00+0200,94.92,EUR/MWh,NL,NL,day_ahead_price,value,2026-08-05T16:12:02Z
2023-04-21T00:00:00Z,2023-04-21T02:00:00+0200,99.08,EUR/MWh,NL,NL,day_ahead_price,value,2026-08-05T16:12:02Z
2023-04-21T01:00:00Z,2023-04-21T03:00:00+0200,98.0,EUR/MWh,NL,NL,day_ahead_price,value,2026-08-05T16:12:02Z
2023-04-21T02:00:00Z,2023-04-21T04:00:00+0200,92.6,EUR/MWh,NL,NL,day_ahead_price,value,2026-08-05T16:12:02Z
2023-04-21T03:00:00Z,2023-04-21T05:00:00+0200,98.37,EUR/MWh,NL,NL,day_ahead_price,value,2026-08-05T16:12:02Z
2023-04-21T04:00:00Z,2023-04-21T06:00:00+0200,111.21,EUR/MWh,NL,NL,day_ahead_price,value,2026-08-05T16:12:02Z
2023-04-21T05:00:00Z,2023-04-21T07:00:00+0200,132.61,EUR/MWh,NL,NL,day_ahead_price,value,2026-08-05T16:12:02Z
2023-04-21T06:00:00Z,2023-04-21T08:00:00+0200,134.7,EUR/MWh,NL,NL,day_ahead_price,value,2026-08-05T16:12:02Z
2023-04-21T07:00:00Z,2023-04-21T09:00:00+0200,106.25,EUR/MWh,NL,NL,day_ahead_price,value,2026-08-05T16:12:02Z
2023-04-21T08:00:00Z,2023-04-21T10:00:00+0200,103.16,EUR/MWh,NL,NL,day_ahead_price,value,2026-08-05T16:12:02Z
2023-04-21T09:00:00Z,2023-04-21T11:00:00+0200,86.39,EUR/MWh,NL,NL,day_ahead_price,value,2026-08-05T16:12:02Z
2023-04-21T10:00:00Z,2023-04-21T12:00:00+0200,55.17,EUR/MWh,NL,NL,day_ahead_price,value,2026-08-05T16:12:02Z
2023-04-21T11:00:00Z,2023-04-21T13:00:00+0200,44.9,EUR/MWh,NL,NL,day_ahead_price,value,2026-08-05T16:12:02Z
2023-04-21T12:00:00Z,2023-04-21T14:00:00+0200,50.0,EUR/MWh,NL,NL,day_ahead_price,value,2026-08-05T16:12:02Z
2023-04-21T13:00:00Z,2023-04-21T15:00:00+0200,60.0,EUR/MWh,NL,NL,day_ahead_price,value,2026-08-05T16:12:02Z
2023-04-21T14:00:00Z,2023-04-21T16:00:00+0200,77.23,EUR/MWh,NL,NL,day_ahead_price,value,2026-08-05T16:12:02Z
2023-04-21T15:00:00Z,2023-04-21T17:00:00+0200,98.0,EUR/MWh,NL,NL,day_ahead_price,value,2026-08-05T16:12:02Z
2023-04-21T16:00:00Z,2023-04-21T18:00:00+0200,123.0,EUR/MWh,NL,NL,day_ahead_price,value,2026-08-05T16:12:02Z
2023-04-21T17:00:00Z,2023-04-21T19:00:00+0200,140.61,EUR/MWh,NL,NL,day_ahead_price,value,2026-08-05T16:12:02Z
2023-04-21T18:00:00Z,2023-04-21T20:00:00+0200,143.95,EUR/MWh,NL,NL,day_ahead_price,value,2026-08-05T16:12:02Z
2023-04-21T19:00:00Z,2023-04-21T21:00:00+0200,142.67,EUR/MWh,NL,NL,day_ahead_price,value,2026-08-05T16:12:02Z
2023-04-21T20:00:00Z,2023-04-21T22:00:00+0200,120.1,EUR/MWh,NL,NL,day_ahead_price,value,2026-08-05T16:12:02Z
2023-04-21T21:00:00Z,2023-04-21T23:00:00+0200,110.5,EUR/MWh,NL,NL,day_ahead_price,value,2026-08-05T16:12:02Z
2023-04-21T22:00:00Z,2023-04-22T00:00:00+0200,102.5,EUR/MWh,NL,NL,day_ahead_price,value,2026-08-05T16:12:02Z
2023-04-21T23:00:00Z,2023-04-22T01:00:00+0200,95.48,EUR/MWh,NL,NL,day_ahead_price,value,2026-08-05T16:12:02Z
2023-04-22T00:00:00Z,2023-04-22T02:00:00+0200,96.34,EUR/MWh,NL,NL,day_ahead_price,value,2026-08-05T16:12:02Z
2023-04-22T01:00:00Z,2023-04-22T03:00:00+0200,93.43,EUR/MWh,NL,NL,day_ahead_price,value,2026-08-05T16:12:02Z
2023-04-22T02:00:00Z,2023-04-22T04:00:00+0200,91.38,EUR/MWh,NL,NL,day_ahead_price,value,2026-08-05T16:12:02Z
2023-04-22T03:00:00Z,2023-04-22T05:00:00+0200,96.09,EUR/MWh,NL,NL,day_ahead_price,value,2026-08-05T16:12:02Z
2023-04-22T04:00:00Z,2023-04-22T06:00:00+0200,99.82,EUR/MWh,NL,NL,day_ahead_price,value,2026-08-05T16:12:02Z
2023-04-22T05:00:00Z,2023-04-22T07:00:00+0200,108.94,EUR/MWh,NL,NL,day_ahead_price,value,2026-08-05T16:12:02Z
2023-04-22T06:00:00Z,2023-04-22T08:00:00+0200,116.64,EUR/MWh,NL,NL,day_ahead_price,value,2026-08-05T16:12:02Z
2023-04-22T07:00:00Z,2023-04-22T09:00:00+0200,86.0,EUR/MWh,NL,NL,day_ahead_price,value,2026-08-05T16:12:02Z
2023-04-22T08:00:00Z,2023-04-22T10:00:00+0200,74.67,EUR/MWh,NL,NL,day_ahead_price,value,2026-08-05T16:12:02Z
2023-04-22T09:00:00Z,2023-04-22T11:00:00+0200,45.06,EUR/MWh,NL,NL,day_ahead_price,value,2026-08-05T16:12:02Z
2023-04-22T10:00:00Z,2023-04-22T12:00:00+0200,26.2,EUR/MWh,NL,NL,day_ahead_price,value,2026-08-05T16:12:02Z
2023-04-22T11:00:00Z,2023-04-22T13:00:00+0200,16.0,EUR/MWh,NL,NL,day_ahead_price,value,2026-08-05T16:12:02Z
2023-04-22T12:00:00Z,2023-04-22T14:00:00+0200,69.93,EUR/MWh,NL,NL,day_ahead_price,value,2026-08-05T16:12:02Z
2023-04-22T13:00:00Z,2023-04-22T15:00:00+0200,89.0,EUR/MWh,NL,NL,day_ahead_price,value,2026-08-05T16:12:02Z
2023-04-22T14:00:00Z,2023-04-22T16:00:00+0200,90.59,EUR/MWh,NL,NL,day_ahead_price,value,2026-08-05T16:12:02Z
2023-04-22T15:00:00Z,2023-04-22T17:00:00+0200,95.0,EUR/MWh,NL,NL,day_ahead_price,value,2026-08-05T16:12:02Z
2023-04-22T16:00:00Z,2023-04-22T18:00:00+0200,112.97,EUR/MWh,NL,NL,day_ahead_price,value,2026-08-05T16:12:02Z
2023-04-22T17:00:00Z,2023-04-22T19:00:00+0200,131.95,EUR/MWh,NL,NL,day_ahead_price,value,2026-08-05T16:12:02Z
2023-04-22T18:00:00Z,2023-04-22T20:00:00+0200,130.5,EUR/MWh,NL,NL,day_ahead_price,value,2026-08-05T16:12:02Z
2023-04-22T19:00:00Z,2023-04-22T21:00:00+0200,127.0,EUR/MWh,NL,NL,day_ahead_price,value,2026-08-05T16:12:02Z
2023-04-22T20:00:00Z,2023-04-22T22:00:00+0200,121.04,EUR/MWh,NL,NL,day_ahead_price,value,2026-08-05T16:12:02Z
2023-04-22T21:00:00Z,2023-04-22T23:00:00+0200,102.5,EUR/MWh,NL,NL,day_ahead_price,value,2026-08-05T16:12:02Z
2023-04-22T22:00:00Z,2023-04-23T00:00:00+0200,110.87,EUR/MWh,NL,NL,day_ahead_price,value,2026-08-05T16:12:02Z
2023-04-22T23:00:00Z,2023-04-23T01:00:00+0200,97.66,EUR/MWh,NL,NL,day_ahead_price,value,2026-08-05T16:12:02Z
2023-04-23T00:00:00Z,2023-04-23T02:00:00+0200,94.99,EUR/MWh,NL,NL,day_ahead_price,value,2026-08-05T16:12:02Z
2023-04-23T01:00:00Z,2023-04-23T03:00:00+0200,89.4,EUR/MWh,NL,NL,day_ahead_price,value,2026-08-05T16:12:02Z
2023-04-23T02:00:00Z,2023-04-23T04:00:00+0200,86.64,EUR/MWh,NL,NL,day_ahead_price,value,2026-08-05T16:12:02Z
2023-04-23T03:00:00Z,2023-04-23T05:00:00+0200,88.77,EUR/MWh,NL,NL,day_ahead_price,value,2026-08-05T16:12:02Z
2023-04-23T04:00:00Z,2023-04-23T06:00:00+0200,89.9,EUR/MWh,NL,NL,day_ahead_price,value,2026-08-05T16:12:02Z
2023-04-23T05:00:00Z,2023-04-23T07:00:00+0200,93.82,EUR/MWh,NL,NL,day_ahead_price,value,2026-08-05T16:12:02Z
2023-04-23T06:00:00Z,2023-04-23T08:00:00+0200,93.46,EUR/MWh,NL,NL,day_ahead_price,value,2026-08-05T16:12:02Z
2023-04-23T07:00:00Z,2023-04-23T09:00:00+0200,90.38,EUR/MWh,NL,NL,day_ahead_price,value,2026-08-05T16:12:02Z
2023-04-23T08:00:00Z,2023-04-23T10:00:00+0200,79.28,EUR/MWh,NL,NL,day_ahead_price,value,2026-08-05T16:12:02Z
2023-04-23T09:00:00Z,2023-04-23T11:00:00+0200,48.16,EUR/MWh,NL,NL,day_ahead_price,value,2026-08-05T16:12:02Z
2023-04-23T10:00:00Z,2023-04-23T12:00:00+0200,35.48,EUR/MWh,NL,NL,day_ahead_price,value,2026-08-05T16:12:02Z
2023-04-23T11:00:00Z,2023-04-23T13:00:00+0200,10.01,EUR/MWh,NL,NL,day_ahead_price,value,2026-08-05T16:12:02Z
2023-04-23T12:00:00Z,2023-04-23T14:00:00+0200,4.88,EUR/MWh,NL,NL,day_ahead_price,value,2026-08-05T16:12:02Z
2023-04-23T13:00:00Z,2023-04-23T15:00:00+0200,34.71,EUR/MWh,NL,NL,day_ahead_price,value,2026-08-05T16:12:02Z
2023-04-23T14:00:00Z,2023-04-23T16:00:00+0200,64.14,EUR/MWh,NL,NL,day_ahead_price,value,2026-08-05T16:12:02Z
2023-04-23T15:00:00Z,2023-04-23T17:00:00+0200,100.26,EUR/MWh,NL,NL,day_ahead_price,value,2026-08-05T16:12:02Z
2023-04-23T16:00:00Z,2023-04-23T18:00:00+0200,123.81,EUR/MWh,NL,NL,day_ahead_price,value,2026-08-05T16:12:02Z
2023-04-23T17:00:00Z,2023-04-23T19:00:00+0200,140.9,EUR/MWh,NL,NL,day_ahead_price,value,2026-08-05T16:12:02Z
2023-04-23T18:00:00Z,2023-04-23T20:00:00+0200,140.36,EUR/MWh,NL,NL,day_ahead_price,value,2026-08-05T16:12:02Z
2023-04-23T19:00:00Z,2023-04-23T21:00:00+0200,125.02,EUR/MWh,NL,NL,day_ahead_price,value,2026-08-05T16:12:02Z
2023-04-23T20:00:00Z,2023-04-23T22:00:00+0200,116.95,EUR/MWh,NL,NL,day_ahead_price,value,2026-08-05T16:12:02Z
2023-04-23T21:00:00Z,2023-04-23T23:00:00+0200,109.65,EUR/MWh,NL,NL,day_ahead_price,value,2026-08-05T16:12:02Z
2023-04-23T22:00:00Z,2023-04-24T00:00:00+0200,87.7,EUR/MWh,NL,NL,day_ahead_price,value,2026-08-05T16:12:02Z
2023-04-23T23:00:00Z,2023-04-24T01:00:00+0200,83.58,EUR/MWh,NL,NL,day_ahead_price,value,2026-08-05T16:12:02Z
2023-04-24T00:00:00Z,2023-04-24T02:00:00+0200,82.09,EUR/MWh,NL,NL,day_ahead_price,value,2026-08-05T16:12:02Z
2023-04-24T01:00:00Z,2023-04-24T03:00:00+0200,76.4,EUR/MWh,NL,NL,day_ahead_price,value,2026-08-05T16:12:02Z
2023-04-24T02:00:00Z,2023-04-24T04:00:00+0200,75.08,EUR/MWh,NL,NL,day_ahead_price,value,2026-08-05T16:12:02Z
2023-04-24T03:00:00Z,2023-04-24T05:00:00+0200,86.55,EUR/MWh,NL,NL,day_ahead_price,value,2026-08-05T16:12:02Z
2023-04-24T04:00:00Z,2023-04-24T06:00:00+0200,114.6,EUR/MWh,NL,NL,day_ahead_price,value,2026-08-05T16:12:02Z
2023-04-24T05:00:00Z,2023-04-24T07:00:00+0200,133.8,EUR/MWh,NL,NL,day_ahead_price,value,2026-08-05T16:12:02Z
2023-04-24T06:00:00Z,2023-04-24T08:00:00+0200,135.0,EUR/MWh,NL,NL,day_ahead_price,value,2026-08-05T16:12:02Z
2023-04-24T07:00:00Z,2023-04-24T09:00:00+0200,126.92,EUR/MWh,NL,NL,day_ahead_price,value,2026-08-05T16:12:02Z
2023-04-24T08:00:00Z,2023-04-24T10:00:00+0200,110.81,EUR/MWh,NL,NL,day_ahead_price,value,2026-08-05T16:12:02Z
2023-04-24T09:00:00Z,2023-04-24T11:00:00+0200,108.01,EUR/MWh,NL,NL,day_ahead_price,value,2026-08-05T16:12:02Z
2023-04-24T10:00:00Z,2023-04-24T12:00:00+0200,98.07,EUR/MWh,NL,NL,day_ahead_price,value,2026-08-05T16:12:02Z
2023-04-24T11:00:00Z,2023-04-24T13:00:00+0200,94.9,EUR/MWh,NL,NL,day_ahead_price,value,2026-08-05T16:12:02Z
2023-04-24T12:00:00Z,2023-04-24T14:00:00+0200,86.99,EUR/MWh,NL,NL,day_ahead_price,value,2026-08-05T16:12:02Z
2023-04-24T13:00:00Z,2023-04-24T15:00:00+0200,84.9,EUR/MWh,NL,NL,day_ahead_price,value,2026-08-05T16:12:02Z
2023-04-24T14:00:00Z,2023-04-24T16:00:00+0200,86.21,EUR/MWh,NL,NL,day_ahead_price,value,2026-08-05T16:12:02Z
2023-04-24T15:00:00Z,2023-04-24T17:00:00+0200,97.8,EUR/MWh,NL,NL,day_ahead_price,value,2026-08-05T16:12:02Z
2023-04-24T16:00:00Z,2023-04-24T18:00:00+0200,117.41,EUR/MWh,NL,NL,day_ahead_price,value,2026-08-05T16:12:02Z
2023-04-24T17:00:00Z,2023-04-24T19:00:00+0200,134.57,EUR/MWh,NL,NL,day_ahead_price,value,2026-08-05T16:12:02Z
2023-04-24T18:00:00Z,2023-04-24T20:00:00+0200,135.97,EUR/MWh,NL,NL,day_ahead_price,value,2026-08-05T16:12:02Z
2023-04-24T19:00:00Z,2023-04-24T21:00:00+0200,129.06,EUR/MWh,NL,NL,day_ahead_price,value,2026-08-05T16:12:02Z
2023-04-24T20:00:00Z,2023-04-24T22:00:00+0200,110.8,EUR/MWh,NL,NL,day_ahead_price,value,2026-08-05T16:12:02Z
2023-04-24T21:00:00Z,2023-04-24T23:00:00+0200,100.9,EUR/MWh,NL,NL,day_ahead_price,value,2026-08-05T16:12:02Z
2023-04-24T22:00:00Z,2023-04-25T00:00:00+0200,100.0,EUR/MWh,NL,NL,day_ahead_price,value,2026-08-05T16:12:02Z
2023-04-24T23:00:00Z,2023-04-25T01:00:00+0200,98.6,EUR/MWh,NL,NL,day_ahead_price,value,2026-08-05T16:12:02Z
2023-04-25T00:00:00Z,2023-04-25T02:00:00+0200,99.3,EUR/MWh,NL,NL,day_ahead_price,value,2026-08-05T16:12:02Z
2023-04-25T01:00:00Z,2023-04-25T03:00:00+0200,92.12,EUR/MWh,NL,NL,day_ahead_price,value,2026-08-05T16:12:02Z
2023-04-25T02:00:00Z,2023-04-25T04:00:00+0200,91.8,EUR/MWh,NL,NL,day_ahead_price,value,2026-08-05T16:12:02Z
2023-04-25T03:00:00Z,2023-04-25T05:00:00+0200,97.36,EUR/MWh,NL,NL,day_ahead_price,value,2026-08-05T16:12:02Z
2023-04-25T04:00:00Z,2023-04-25T06:00:00+0200,121.6,EUR/MWh,NL,NL,day_ahead_price,value,2026-08-05T16:12:02Z
2023-04-25T05:00:00Z,2023-04-25T07:00:00+0200,134.1,EUR/MWh,NL,NL,day_ahead_price,value,2026-08-05T16:12:02Z
2023-04-25T06:00:00Z,2023-04-25T08:00:00+0200,134.93,EUR/MWh,NL,NL,day_ahead_price,value,2026-08-05T16:12:02Z
2023-04-25T07:00:00Z,2023-04-25T09:00:00+0200,99.1,EUR/MWh,NL,NL,day_ahead_price,value,2026-08-05T16:12:02Z
2023-04-25T08:00:00Z,2023-04-25T10:00:00+0200,75.62,EUR/MWh,NL,NL,day_ahead_price,value,2026-08-05T16:12:02Z
2023-04-25T09:00:00Z,2023-04-25T11:00:00+0200,64.28,EUR/MWh,NL,NL,day_ahead_price,value,2026-08-05T16:12:02Z
2023-04-25T10:00:00Z,2023-04-25T12:00:00+0200,34.9,EUR/MWh,NL,NL,day_ahead_price,value,2026-08-05T16:12:02Z
2023-04-25T11:00:00Z,2023-04-25T13:00:00+0200,24.9,EUR/MWh,NL,NL,day_ahead_price,value,2026-08-05T16:12:02Z
2023-04-25T12:00:00Z,2023-04-25T14:00:00+0200,13.88,EUR/MWh,NL,NL,day_ahead_price,value,2026-08-05T16:12:02Z
2023-04-25T13:00:00Z,2023-04-25T15:00:00+0200,14.24,EUR/MWh,NL,NL,day_ahead_price,value,2026-08-05T16:12:02Z
2023-04-25T14:00:00Z,2023-04-25T16:00:00+0200,50.1,EUR/MWh,NL,NL,day_ahead_price,value,2026-08-05T16:12:02Z
2023-04-25T15:00:00Z,2023-04-25T17:00:00+0200,68.41,EUR/MWh,NL,NL,day_ahead_price,value,2026-08-05T16:12:02Z
2023-04-25T16:00:00Z,2023-04-25T18:00:00+0200,91.96,EUR/MWh,NL,NL,day_ahead_price,value,2026-08-05T16:12:02Z
2023-04-25T17:00:00Z,2023-04-25T19:00:00+0200,127.03,EUR/MWh,NL,NL,day_ahead_price,value,2026-08-05T16:12:02Z
2023-04-25T18:00:00Z,2023-04-25T20:00:00+0200,144.16,EUR/MWh,NL,NL,day_ahead_price,value,2026-08-05T16:12:02Z
2023-04-25T19:00:00Z,2023-04-25T21:00:00+0200,141.98,EUR/MWh,NL,NL,day_ahead_price,value,2026-08-05T16:12:02Z
2023-04-25T20:00:00Z,2023-04-25T22:00:00+0200,135.0,EUR/MWh,NL,NL,day_ahead_price,value,2026-08-05T16:12:02Z
2023-04-25T21:00:00Z,2023-04-25T23:00:00+0200,127.97,EUR/MWh,NL,NL,day_ahead_price,value,2026-08-05T16:12:02Z
2023-04-25T22:00:00Z,2023-04-26T00:00:00+0200,98.5,EUR/MWh,NL,NL,day_ahead_price,value,2026-08-05T16:12:02Z
2023-04-25T23:00:00Z,2023-04-26T01:00:00+0200,90.1,EUR/MWh,NL,NL,day_ahead_price,value,2026-08-05T16:12:02Z
2023-04-26T00:00:00Z,2023-04-26T02:00:00+0200,95.0,EUR/MWh,NL,NL,day_ahead_price,value,2026-08-05T16:12:02Z
2023-04-26T01:00:00Z,2023-04-26T03:00:00+0200,92.49,EUR/MWh,NL,NL,day_ahead_price,value,2026-08-05T16:12:02Z
2023-04-26T02:00:00Z,2023-04-26T04:00:00+0200,93.33,EUR/MWh,NL,NL,day_ahead_price,value,2026-08-05T16:12:02Z
2023-04-26T03:00:00Z,2023-04-26T05:00:00+0200,99.2,EUR/MWh,NL,NL,day_ahead_price,value,2026-08-05T16:12:02Z
2023-04-26T04:00:00Z,2023-04-26T06:00:00+0200,125.16,EUR/MWh,NL,NL,day_ahead_price,value,2026-08-05T16:12:02Z
2023-04-26T05:00:00Z,2023-04-26T07:00:00+0200,139.91,EUR/MWh,NL,NL,day_ahead_price,value,2026-08-05T16:12:02Z
2023-04-26T06:00:00Z,2023-04-26T08:00:00+0200,135.0,EUR/MWh,NL,NL,day_ahead_price,value,2026-08-05T16:12:02Z
2023-04-26T07:00:00Z,2023-04-26T09:00:00+0200,106.0,EUR/MWh,NL,NL,day_ahead_price,value,2026-08-05T16:12:02Z
2023-04-26T08:00:00Z,2023-04-26T10:00:00+0200,98.23,EUR/MWh,NL,NL,day_ahead_price,value,2026-08-05T16:12:02Z
2023-04-26T09:00:00Z,2023-04-26T11:00:00+0200,99.2,EUR/MWh,NL,NL,day_ahead_price,value,2026-08-05T16:12:02Z
2023-04-26T10:00:00Z,2023-04-26T12:00:00+0200,90.03,EUR/MWh,NL,NL,day_ahead_price,value,2026-08-05T16:12:02Z
2023-04-26T11:00:00Z,2023-04-26T13:00:00+0200,94.54,EUR/MWh,NL,NL,day_ahead_price,value,2026-08-05T16:12:02Z
2023-04-26T12:00:00Z,2023-04-26T14:00:00+0200,88.0,EUR/MWh,NL,NL,day_ahead_price,value,2026-08-05T16:12:02Z
2023-04-26T13:00:00Z,2023-04-26T15:00:00+0200,92.85,EUR/MWh,NL,NL,day_ahead_price,value,2026-08-05T16:12:02Z
2023-04-26T14:00:00Z,2023-04-26T16:00:00+0200,98.2,EUR/MWh,NL,NL,day_ahead_price,value,2026-08-05T16:12:02Z
2023-04-26T15:00:00Z,2023-04-26T17:00:00+0200,110.0,EUR/MWh,NL,NL,day_ahead_price,value,2026-08-05T16:12:02Z
2023-04-26T16:00:00Z,2023-04-26T18:00:00+0200,125.08,EUR/MWh,NL,NL,day_ahead_price,value,2026-08-05T16:12:02Z
2023-04-26T17:00:00Z,2023-04-26T19:00:00+0200,148.11,EUR/MWh,NL,NL,day_ahead_price,value,2026-08-05T16:12:02Z
2023-04-26T18:00:00Z,2023-04-26T20:00:00+0200,154.97,EUR/MWh,NL,NL,day_ahead_price,value,2026-08-05T16:12:02Z
2023-04-26T19:00:00Z,2023-04-26T21:00:00+0200,146.03,EUR/MWh,NL,NL,day_ahead_price,value,2026-08-05T16:12:02Z
2023-04-26T20:00:00Z,2023-04-26T22:00:00+0200,124.42,EUR/MWh,NL,NL,day_ahead_price,value,2026-08-05T16:12:02Z
2023-04-26T21:00:00Z,2023-04-26T23:00:00+0200,120.58,EUR/MWh,NL,NL,day_ahead_price,value,2026-08-05T16:12:02Z
2023-04-26T22:00:00Z,2023-04-27T00:00:00+0200,107.12,EUR/MWh,NL,NL,day_ahead_price,value,2026-08-05T16:12:02Z
2023-04-26T23:00:00Z,2023-04-27T01:00:00+0200,100.47,EUR/MWh,NL,NL,day_ahead_price,value,2026-08-05T16:12:02Z
2023-04-27T00:00:00Z,2023-04-27T02:00:00+0200,97.92,EUR/MWh,NL,NL,day_ahead_price,value,2026-08-05T16:12:02Z
2023-04-27T01:00:00Z,2023-04-27T03:00:00+0200,96.4,EUR/MWh,NL,NL,day_ahead_price,value,2026-08-05T16:12:02Z
2023-04-27T02:00:00Z,2023-04-27T04:00:00+0200,97.37,EUR/MWh,NL,NL,day_ahead_price,value,2026-08-05T16:12:02Z
2023-04-27T03:00:00Z,2023-04-27T05:00:00+0200,107.09,EUR/MWh,NL,NL,day_ahead_price,value,2026-08-05T16:12:02Z
2023-04-27T04:00:00Z,2023-04-27T06:00:00+0200,116.86,EUR/MWh,NL,NL,day_ahead_price,value,2026-08-05T16:12:02Z
2023-04-27T05:00:00Z,2023-04-27T07:00:00+0200,142.75,EUR/MWh,NL,NL,day_ahead_price,value,2026-08-05T16:12:02Z
2023-04-27T06:00:00Z,2023-04-27T08:00:00+0200,134.97,EUR/MWh,NL,NL,day_ahead_price,value,2026-08-05T16:12:02Z
2023-04-27T07:00:00Z,2023-04-27T09:00:00+0200,102.75,EUR/MWh,NL,NL,day_ahead_price,value,2026-08-05T16:12:02Z
2023-04-27T08:00:00Z,2023-04-27T10:00:00+0200,90.6,EUR/MWh,NL,NL,day_ahead_price,value,2026-08-05T16:12:02Z
2023-04-27T09:00:00Z,2023-04-27T11:00:00+0200,45.0,EUR/MWh,NL,NL,day_ahead_price,value,2026-08-05T16:12:02Z
2023-04-27T10:00:00Z,2023-04-27T12:00:00+0200,50.1,EUR/MWh,NL,NL,day_ahead_price,value,2026-08-05T16:12:02Z
2023-04-27T11:00:00Z,2023-04-27T13:00:00+0200,50.0,EUR/MWh,NL,NL,day_ahead_price,value,2026-08-05T16:12:02Z
2023-04-27T12:00:00Z,2023-04-27T14:00:00+0200,44.9,EUR/MWh,NL,NL,day_ahead_price,value,2026-08-05T16:12:02Z
2023-04-27T13:00:00Z,2023-04-27T15:00:00+0200,60.0,EUR/MWh,NL,NL,day_ahead_price,value,2026-08-05T16:12:02Z
2023-04-27T14:00:00Z,2023-04-27T16:00:00+0200,79.68,EUR/MWh,NL,NL,day_ahead_price,value,2026-08-05T16:12:02Z
2023-04-27T15:00:00Z,2023-04-27T17:00:00+0200,96.9,EUR/MWh,NL,NL,day_ahead_price,value,2026-08-05T16:12:02Z
2023-04-27T16:00:00Z,2023-04-27T18:00:00+0200,109.27,EUR/MWh,NL,NL,day_ahead_price,value,2026-08-05T16:12:02Z
2023-04-27T17:00:00Z,2023-04-27T19:00:00+0200,113.91,EUR/MWh,NL,NL,day_ahead_price,value,2026-08-05T16:12:02Z
2023-04-27T18:00:00Z,2023-04-27T20:00:00+0200,120.0,EUR/MWh,NL,NL,day_ahead_price,value,2026-08-05T16:12:02Z
2023-04-27T19:00:00Z,2023-04-27T21:00:00+0200,115.0,EUR/MWh,NL,NL,day_ahead_price,value,2026-08-05T16:12:02Z
2023-04-27T20:00:00Z,2023-04-27T22:00:00+0200,103.8,EUR/MWh,NL,NL,day_ahead_price,value,2026-08-05T16:12:02Z
2023-04-27T21:00:00Z,2023-04-27T23:00:00+0200,96.8,EUR/MWh,NL,NL,day_ahead_price,value,2026-08-05T16:12:02Z
2023-04-27T22:00:00Z,2023-04-28T00:00:00+0200,102.03,EUR/MWh,NL,NL,day_ahead_price,value,2026-08-05T16:12:02Z
2023-04-27T23:00:00Z,2023-04-28T01:00:00+0200,92.97,EUR/MWh,NL,NL,day_ahead_price,value,2026-08-05T16:12:02Z
2023-04-28T00:00:00Z,2023-04-28T02:00:00+0200,90.35,EUR/MWh,NL,NL,day_ahead_price,value,2026-08-05T16:12:02Z
2023-04-28T01:00:00Z,2023-04-28T03:00:00+0200,91.78,EUR/MWh,NL,NL,day_ahead_price,value,2026-08-05T16:12:02Z
2023-04-28T02:00:00Z,2023-04-28T04:00:00+0200,92.82,EUR/MWh,NL,NL,day_ahead_price,value,2026-08-05T16:12:02Z
2023-04-28T03:00:00Z,2023-04-28T05:00:00+0200,95.85,EUR/MWh,NL,NL,day_ahead_price,value,2026-08-05T16:12:02Z
2023-04-28T04:00:00Z,2023-04-28T06:00:00+0200,113.25,EUR/MWh,NL,NL,day_ahead_price,value,2026-08-05T16:12:02Z
2023-04-28T05:00:00Z,2023-04-28T07:00:00+0200,123.81,EUR/MWh,NL,NL,day_ahead_price,value,2026-08-05T16:12:02Z
2023-04-28T06:00:00Z,2023-04-28T08:00:00+0200,126.73,EUR/MWh,NL,NL,day_ahead_price,value,2026-08-05T16:12:02Z
2023-04-28T07:00:00Z,2023-04-28T09:00:00+0200,120.63,EUR/MWh,NL,NL,day_ahead_price,value,2026-08-05T16:12:02Z
2023-04-28T08:00:00Z,2023-04-28T10:00:00+0200,113.13,EUR/MWh,NL,NL,day_ahead_price,value,2026-08-05T16:12:02Z
2023-04-28T09:00:00Z,2023-04-28T11:00:00+0200,106.12,EUR/MWh,NL,NL,day_ahead_price,value,2026-08-05T16:12:02Z
2023-04-28T10:00:00Z,2023-04-28T12:00:00+0200,102.0,EUR/MWh,NL,NL,day_ahead_price,value,2026-08-05T16:12:02Z
2023-04-28T11:00:00Z,2023-04-28T13:00:00+0200,93.04,EUR/MWh,NL,NL,day_ahead_price,value,2026-08-05T16:12:02Z
2023-04-28T12:00:00Z,2023-04-28T14:00:00+0200,90.14,EUR/MWh,NL,NL,day_ahead_price,value,2026-08-05T16:12:02Z
2023-04-28T13:00:00Z,2023-04-28T15:00:00+0200,88.26,EUR/MWh,NL,NL,day_ahead_price,value,2026-08-05T16:12:02Z
2023-04-28T14:00:00Z,2023-04-28T16:00:00+0200,90.6,EUR/MWh,NL,NL,day_ahead_price,value,2026-08-05T16:12:02Z
2023-04-28T15:00:00Z,2023-04-28T17:00:00+0200,99.45,EUR/MWh,NL,NL,day_ahead_price,value,2026-08-05T16:12:02Z
2023-04-28T16:00:00Z,2023-04-28T18:00:00+0200,115.42,EUR/MWh,NL,NL,day_ahead_price,value,2026-08-05T16:12:02Z
2023-04-28T17:00:00Z,2023-04-28T19:00:00+0200,120.04,EUR/MWh,NL,NL,day_ahead_price,value,2026-08-05T16:12:02Z
2023-04-28T18:00:00Z,2023-04-28T20:00:00+0200,125.43,EUR/MWh,NL,NL,day_ahead_price,value,2026-08-05T16:12:02Z
2023-04-28T19:00:00Z,2023-04-28T21:00:00+0200,124.34,EUR/MWh,NL,NL,day_ahead_price,value,2026-08-05T16:12:02Z
2023-04-28T20:00:00Z,2023-04-28T22:00:00+0200,116.71,EUR/MWh,NL,NL,day_ahead_price,value,2026-08-05T16:12:02Z
2023-04-28T21:00:00Z,2023-04-28T23:00:00+0200,105.48,EUR/MWh,NL,NL,day_ahead_price,value,2026-08-05T16:12:02Z
2023-04-28T22:00:00Z,2023-04-29T00:00:00+0200,115.59,EUR/MWh,NL,NL,day_ahead_price,value,2026-08-05T16:12:02Z
2023-04-28T23:00:00Z,2023-04-29T01:00:00+0200,108.56,EUR/MWh,NL,NL,day_ahead_price,value,2026-08-05T16:12:02Z
2023-04-29T00:00:00Z,2023-04-29T02:00:00+0200,106.1,EUR/MWh,NL,NL,day_ahead_price,value,2026-08-05T16:12:02Z
2023-04-29T01:00:00Z,2023-04-29T03:00:00+0200,105.0,EUR/MWh,NL,NL,day_ahead_price,value,2026-08-05T16:12:02Z
2023-04-29T02:00:00Z,2023-04-29T04:00:00+0200,101.24,EUR/MWh,NL,NL,day_ahead_price,value,2026-08-05T16:12:02Z
2023-04-29T03:00:00Z,2023-04-29T05:00:00+0200,102.75,EUR/MWh,NL,NL,day_ahead_price,value,2026-08-05T16:12:02Z
2023-04-29T04:00:00Z,2023-04-29T06:00:00+0200,103.24,EUR/MWh,NL,NL,day_ahead_price,value,2026-08-05T16:12:02Z
2023-04-29T05:00:00Z,2023-04-29T07:00:00+0200,109.4,EUR/MWh,NL,NL,day_ahead_price,value,2026-08-05T16:12:02Z
2023-04-29T06:00:00Z,2023-04-29T08:00:00+0200,115.64,EUR/MWh,NL,NL,day_ahead_price,value,2026-08-05T16:12:02Z
2023-04-29T07:00:00Z,2023-04-29T09:00:00+0200,106.61,EUR/MWh,NL,NL,day_ahead_price,value,2026-08-05T16:12:02Z
2023-04-29T08:00:00Z,2023-04-29T10:00:00+0200,103.59,EUR/MWh,NL,NL,day_ahead_price,value,2026-08-05T16:12:02Z
2023-04-29T09:00:00Z,2023-04-29T11:00:00+0200,92.87,EUR/MWh,NL,NL,day_ahead_price,value,2026-08-05T16:12:02Z
2023-04-29T10:00:00Z,2023-04-29T12:00:00+0200,82.23,EUR/MWh,NL,NL,day_ahead_price,value,2026-08-05T16:12:02Z
2023-04-29T11:00:00Z,2023-04-29T13:00:00+0200,75.29,EUR/MWh,NL,NL,day_ahead_price,value,2026-08-05T16:12:02Z
2023-04-29T12:00:00Z,2023-04-29T14:00:00+0200,66.2,EUR/MWh,NL,NL,day_ahead_price,value,2026-08-05T16:12:02Z
2023-04-29T13:00:00Z,2023-04-29T15:00:00+0200,69.05,EUR/MWh,NL,NL,day_ahead_price,value,2026-08-05T16:12:02Z
2023-04-29T14:00:00Z,2023-04-29T16:00:00+0200,80.0,EUR/MWh,NL,NL,day_ahead_price,value,2026-08-05T16:12:02Z
2023-04-29T15:00:00Z,2023-04-29T17:00:00+0200,85.0,EUR/MWh,NL,NL,day_ahead_price,value,2026-08-05T16:12:02Z
2023-04-29T16:00:00Z,2023-04-29T18:00:00+0200,100.1,EUR/MWh,NL,NL,day_ahead_price,value,2026-08-05T16:12:02Z
2023-04-29T17:00:00Z,2023-04-29T19:00:00+0200,118.18,EUR/MWh,NL,NL,day_ahead_price,value,2026-08-05T16:12:02Z
2023-04-29T18:00:00Z,2023-04-29T20:00:00+0200,119.12,EUR/MWh,NL,NL,day_ahead_price,value,2026-08-05T16:12:02Z
2023-04-29T19:00:00Z,2023-04-29T21:00:00+0200,120.0,EUR/MWh,NL,NL,day_ahead_price,value,2026-08-05T16:12:02Z
2023-04-29T20:00:00Z,2023-04-29T22:00:00+0200,115.57,EUR/MWh,NL,NL,day_ahead_price,value,2026-08-05T16:12:02Z
2023-04-29T21:00:00Z,2023-04-29T23:00:00+0200,110.0,EUR/MWh,NL,NL,day_ahead_price,value,2026-08-05T16:12:02Z
2023-04-29T22:00:00Z,2023-04-30T00:00:00+0200,99.28,EUR/MWh,NL,NL,day_ahead_price,value,2026-08-05T16:12:02Z
2023-04-29T23:00:00Z,2023-04-30T01:00:00+0200,91.09,EUR/MWh,NL,NL,day_ahead_price,value,2026-08-05T16:12:02Z
2023-04-30T00:00:00Z,2023-04-30T02:00:00+0200,88.38,EUR/MWh,NL,NL,day_ahead_price,value,2026-08-05T16:12:02Z
2023-04-30T01:00:00Z,2023-04-30T03:00:00+0200,86.8,EUR/MWh,NL,NL,day_ahead_price,value,2026-08-05T16:12:02Z
2023-04-30T02:00:00Z,2023-04-30T04:00:00+0200,86.45,EUR/MWh,NL,NL,day_ahead_price,value,2026-08-05T16:12:02Z
2023-04-30T03:00:00Z,2023-04-30T05:00:00+0200,88.27,EUR/MWh,NL,NL,day_ahead_price,value,2026-08-05T16:12:02Z
2023-04-30T04:00:00Z,2023-04-30T06:00:00+0200,85.84,EUR/MWh,NL,NL,day_ahead_price,value,2026-08-05T16:12:02Z
2023-04-30T05:00:00Z,2023-04-30T07:00:00+0200,82.0,EUR/MWh,NL,NL,day_ahead_price,value,2026-08-05T16:12:02Z
2023-04-30T06:00:00Z,2023-04-30T08:00:00+0200,75.0,EUR/MWh,NL,NL,day_ahead_price,value,2026-08-05T16:12:02Z
2023-04-30T07:00:00Z,2023-04-30T09:00:00+0200,50.0,EUR/MWh,NL,NL,day_ahead_price,value,2026-08-05T16:12:02Z
2023-04-30T08:00:00Z,2023-04-30T10:00:00+0200,27.7,EUR/MWh,NL,NL,day_ahead_price,value,2026-08-05T16:12:02Z
2023-04-30T09:00:00Z,2023-04-30T11:00:00+0200,-41.11,EUR/MWh,NL,NL,day_ahead_price,value,2026-08-05T16:12:02Z
2023-04-30T10:00:00Z,2023-04-30T12:00:00+0200,-99.6,EUR/MWh,NL,NL,day_ahead_price,value,2026-08-05T16:12:02Z
2023-04-30T11:00:00Z,2023-04-30T13:00:00+0200,-59.0,EUR/MWh,NL,NL,day_ahead_price,value,2026-08-05T16:12:02Z
2023-04-30T12:00:00Z,2023-04-30T14:00:00+0200,-34.9,EUR/MWh,NL,NL,day_ahead_price,value,2026-08-05T16:12:02Z
2023-04-30T13:00:00Z,2023-04-30T15:00:00+0200,0.64,EUR/MWh,NL,NL,day_ahead_price,value,2026-08-05T16:12:02Z
2023-04-30T14:00:00Z,2023-04-30T16:00:00+0200,14.0,EUR/MWh,NL,NL,day_ahead_price,value,2026-08-05T16:12:02Z
2023-04-30T15:00:00Z,2023-04-30T17:00:00+0200,70.57,EUR/MWh,NL,NL,day_ahead_price,value,2026-08-05T16:12:02Z
2023-04-30T16:00:00Z,2023-04-30T18:00:00+0200,105.96,EUR/MWh,NL,NL,day_ahead_price,value,2026-08-05T16:12:02Z
2023-04-30T17:00:00Z,2023-04-30T19:00:00+0200,119.75,EUR/MWh,NL,NL,day_ahead_price,value,2026-08-05T16:12:02Z
2023-04-30T18:00:00Z,2023-04-30T20:00:00+0200,125.01,EUR/MWh,NL,NL,day_ahead_price,value,2026-08-05T16:12:02Z
2023-04-30T19:00:00Z,2023-04-30T21:00:00+0200,122.2,EUR/MWh,NL,NL,day_ahead_price,value,2026-08-05T16:12:02Z
2023-04-30T20:00:00Z,2023-04-30T22:00:00+0200,117.12,EUR/MWh,NL,NL,day_ahead_price,value,2026-08-05T16:12:02Z
2023-04-30T21:00:00Z,2023-04-30T23:00:00+0200,108.71,EUR/MWh,NL,NL,day_ahead_price,value,2026-08-05T16:12:02Z
2023-04-30T22:00:00Z,2023-05-01T00:00:00+0200,109.9,EUR/MWh,NL,NL,day_ahead_price,value,2026-08-05T16:12:02Z
2023-04-30T23:00:00Z,2023-05-01T01:00:00+0200,99.9,EUR/MWh,NL,NL,day_ahead_price,value,2026-08-05T16:12:02Z
2023-05-01T00:00:00Z,2023-05-01T02:00:00+0200,95.49,EUR/MWh,NL,NL,day_ahead_price,value,2026-08-05T16:12:02Z
2023-05-01T01:00:00Z,2023-05-01T03:00:00+0200,92.5,EUR/MWh,NL,NL,day_ahead_price,value,2026-08-05T16:12:02Z
2023-05-01T02:00:00Z,2023-05-01T04:00:00+0200,88.5,EUR/MWh,NL,NL,day_ahead_price,value,2026-08-05T16:12:02Z
2023-05-01T03:00:00Z,2023-05-01T05:00:00+0200,88.0,EUR/MWh,NL,NL,day_ahead_price,value,2026-08-05T16:12:02Z
2023-05-01T04:00:00Z,2023-05-01T06:00:00+0200,87.7,EUR/MWh,NL,NL,day_ahead_price,value,2026-08-05T16:12:02Z
2023-05-01T05:00:00Z,2023-05-01T07:00:00+0200,98.0,EUR/MWh,NL,NL,day_ahead_price,value,2026-08-05T16:12:02Z
2023-05-01T06:00:00Z,2023-05-01T08:00:00+0200,96.18,EUR/MWh,NL,NL,day_ahead_price,value,2026-08-05T16:12:02Z
2023-05-01T07:00:00Z,2023-05-01T09:00:00+0200,101.2,EUR/MWh,NL,NL,day_ahead_price,value,2026-08-05T16:12:02Z
2023-05-01T08:00:00Z,2023-05-01T10:00:00+0200,90.69,EUR/MWh,NL,NL,day_ahead_price,value,2026-08-05T16:12:02Z
2023-05-01T09:00:00Z,2023-05-01T11:00:00+0200,67.99,EUR/MWh,NL,NL,day_ahead_price,value,2026-08-05T16:12:02Z
2023-05-01T10:00:00Z,2023-05-01T12:00:00+0200,54.63,EUR/MWh,NL,NL,day_ahead_price,value,2026-08-05T16:12:02Z
2023-05-01T11:00:00Z,2023-05-01T13:00:00+0200,34.69,EUR/MWh,NL,NL,day_ahead_price,value,2026-08-05T16:12:02Z
2023-05-01T12:00:00Z,2023-05-01T14:00:00+0200,30.0,EUR/MWh,NL,NL,day_ahead_price,value,2026-08-05T16:12:02Z
2023-05-01T13:00:00Z,2023-05-01T15:00:00+0200,41.19,EUR/MWh,NL,NL,day_ahead_price,value,2026-08-05T16:12:02Z
2023-05-01T14:00:00Z,2023-05-01T16:00:00+0200,76.25,EUR/MWh,NL,NL,day_ahead_price,value,2026-08-05T16:12:02Z
2023-05-01T15:00:00Z,2023-05-01T17:00:00+0200,89.95,EUR/MWh,NL,NL,day_ahead_price,value,2026-08-05T16:12:02Z
2023-05-01T16:00:00Z,2023-05-01T18:00:00+0200,113.86,EUR/MWh,NL,NL,day_ahead_price,value,2026-08-05T16:12:02Z
2023-05-01T17:00:00Z,2023-05-01T19:00:00+0200,123.11,EUR/MWh,NL,NL,day_ahead_price,value,2026-08-05T16:12:02Z
2023-05-01T18:00:00Z,2023-05-01T20:00:00+0200,128.22,EUR/MWh,NL,NL,day_ahead_price,value,2026-08-05T16:12:02Z
2023-05-01T19:00:00Z,2023-05-01T21:00:00+0200,121.72,EUR/MWh,NL,NL,day_ahead_price,value,2026-08-05T16:12:02Z
2023-05-01T20:00:00Z,2023-05-01T22:00:00+0200,117.9,EUR/MWh,NL,NL,day_ahead_price,value,2026-08-05T16:12:02Z
2023-05-01T21:00:00Z,2023-05-01T23:00:00+0200,111.04,EUR/MWh,NL,NL,day_ahead_price,value,2026-08-05T16:12:02Z
2023-05-01T22:00:00Z,2023-05-02T00:00:00+0200,98.48,EUR/MWh,NL,NL,day_ahead_price,value,2026-08-05T16:12:02Z
2023-05-01T23:00:00Z,2023-05-02T01:00:00+0200,85.6,EUR/MWh,NL,NL,day_ahead_price,value,2026-08-05T16:12:02Z
2023-05-02T00:00:00Z,2023-05-02T02:00:00+0200,83.3,EUR/MWh,NL,NL,day_ahead_price,value,2026-08-05T16:12:02Z
2023-05-02T01:00:00Z,2023-05-02T03:00:00+0200,80.9,EUR/MWh,NL,NL,day_ahead_price,value,2026-08-05T16:12:02Z
2023-05-02T02:00:00Z,2023-05-02T04:00:00+0200,81.22,EUR/MWh,NL,NL,day_ahead_price,value,2026-08-05T16:12:02Z
2023-05-02T03:00:00Z,2023-05-02T05:00:00+0200,90.39,EUR/MWh,NL,NL,day_ahead_price,value,2026-08-05T16:12:02Z
2023-05-02T04:00:00Z,2023-05-02T06:00:00+0200,111.06,EUR/MWh,NL,NL,day_ahead_price,value,2026-08-05T16:12:02Z
2023-05-02T05:00:00Z,2023-05-02T07:00:00+0200,127.42,EUR/MWh,NL,NL,day_ahead_price,value,2026-08-05T16:12:02Z
2023-05-02T06:00:00Z,2023-05-02T08:00:00+0200,135.15,EUR/MWh,NL,NL,day_ahead_price,value,2026-08-05T16:12:02Z
2023-05-02T07:00:00Z,2023-05-02T09:00:00+0200,122.99,EUR/MWh,NL,NL,day_ahead_price,value,2026-08-05T16:12:02Z
2023-05-02T08:00:00Z,2023-05-02T10:00:00+0200,115.71,EUR/MWh,NL,NL,day_ahead_price,value,2026-08-05T16:12:02Z
2023-05-02T09:00:00Z,2023-05-02T11:00:00+0200,108.96,EUR/MWh,NL,NL,day_ahead_price,value,2026-08-05T16:12:02Z
2023-05-02T10:00:00Z,2023-05-02T12:00:00+0200,98.46,EUR/MWh,NL,NL,day_ahead_price,value,2026-08-05T16:12:02Z
2023-05-02T11:00:00Z,2023-05-02T13:00:00+0200,92.76,EUR/MWh,NL,NL,day_ahead_price,value,2026-08-05T16:12:02Z
2023-05-02T12:00:00Z,2023-05-02T14:00:00+0200,86.32,EUR/MWh,NL,NL,day_ahead_price,value,2026-08-05T16:12:02Z
2023-05-02T13:00:00Z,2023-05-02T15:00:00+0200,81.97,EUR/MWh,NL,NL,day_ahead_price,value,2026-08-05T16:12:02Z
2023-05-02T14:00:00Z,2023-05-02T16:00:00+0200,87.2,EUR/MWh,NL,NL,day_ahead_price,value,2026-08-05T16:12:02Z
2023-05-02T15:00:00Z,2023-05-02T17:00:00+0200,94.43,EUR/MWh,NL,NL,day_ahead_price,value,2026-08-05T16:12:02Z
2023-05-02T16:00:00Z,2023-05-02T18:00:00+0200,117.38,EUR/MWh,NL,NL,day_ahead_price,value,2026-08-05T16:12:02Z
2023-05-02T17:00:00Z,2023-05-02T19:00:00+0200,130.0,EUR/MWh,NL,NL,day_ahead_price,value,2026-08-05T16:12:02Z
2023-05-02T18:00:00Z,2023-05-02T20:00:00+0200,142.86,EUR/MWh,NL,NL,day_ahead_price,value,2026-08-05T16:12:02Z
2023-05-02T19:00:00Z,2023-05-02T21:00:00+0200,133.69,EUR/MWh,NL,NL,day_ahead_price,value,2026-08-05T16:12:02Z
2023-05-02T20:00:00Z,2023-05-02T22:00:00+0200,124.02,EUR/MWh,NL,NL,day_ahead_price,value,2026-08-05T16:12:02Z
2023-05-02T21:00:00Z,2023-05-02T23:00:00+0200,116.13,EUR/MWh,NL,NL,day_ahead_price,value,2026-08-05T16:12:02Z
2023-05-02T22:00:00Z,2023-05-03T00:00:00+0200,107.65,EUR/MWh,NL,NL,day_ahead_price,value,2026-08-05T16:12:02Z
2023-05-02T23:00:00Z,2023-05-03T01:00:00+0200,102.63,EUR/MWh,NL,NL,day_ahead_price,value,2026-08-05T16:12:02Z
2023-05-03T00:00:00Z,2023-05-03T02:00:00+0200,100.97,EUR/MWh,NL,NL,day_ahead_price,value,2026-08-05T16:12:02Z
2023-05-03T01:00:00Z,2023-05-03T03:00:00+0200,97.8,EUR/MWh,NL,NL,day_ahead_price,value,2026-08-05T16:12:02Z
2023-05-03T02:00:00Z,2023-05-03T04:00:00+0200,97.37,EUR/MWh,NL,NL,day_ahead_price,value,2026-08-05T16:12:02Z
2023-05-03T03:00:00Z,2023-05-03T05:00:00+0200,110.09,EUR/MWh,NL,NL,day_ahead_price,value,2026-08-05T16:12:02Z
2023-05-03T04:00:00Z,2023-05-03T06:00:00+0200,123.85,EUR/MWh,NL,NL,day_ahead_price,value,2026-08-05T16:12:02Z
2023-05-03T05:00:00Z,2023-05-03T07:00:00+0200,132.46,EUR/MWh,NL,NL,day_ahead_price,value,2026-08-05T16:12:02Z
2023-05-03T06:00:00Z,2023-05-03T08:00:00+0200,125.1,EUR/MWh,NL,NL,day_ahead_price,value,2026-08-05T16:12:02Z
2023-05-03T07:00:00Z,2023-05-03T09:00:00+0200,110.1,EUR/MWh,NL,NL,day_ahead_price,value,2026-08-05T16:12:02Z
2023-05-03T08:00:00Z,2023-05-03T10:00:00+0200,91.16,EUR/MWh,NL,NL,day_ahead_price,value,2026-08-05T16:12:02Z
2023-05-03T09:00:00Z,2023-05-03T11:00:00+0200,84.16,EUR/MWh,NL,NL,day_ahead_price,value,2026-08-05T16:12:02Z
2023-05-03T10:00:00Z,2023-05-03T12:00:00+0200,77.42,EUR/MWh,NL,NL,day_ahead_price,value,2026-08-05T16:12:02Z
2023-05-03T11:00:00Z,2023-05-03T13:00:00+0200,36.0,EUR/MWh,NL,NL,day_ahead_price,value,2026-08-05T16:12:02Z
2023-05-03T12:00:00Z,2023-05-03T14:00:00+0200,24.3,EUR/MWh,NL,NL,day_ahead_price,value,2026-08-05T16:12:02Z
2023-05-03T13:00:00Z,2023-05-03T15:00:00+0200,50.0,EUR/MWh,NL,NL,day_ahead_price,value,2026-08-05T16:12:02Z
2023-05-03T14:00:00Z,2023-05-03T16:00:00+0200,81.29,EUR/MWh,NL,NL,day_ahead_price,value,2026-08-05T16:12:02Z
2023-05-03T15:00:00Z,2023-05-03T17:00:00+0200,96.92,EUR/MWh,NL,NL,day_ahead_price,value,2026-08-05T16:12:02Z
2023-05-03T16:00:00Z,2023-05-03T18:00:00+0200,104.9,EUR/MWh,NL,NL,day_ahead_price,value,2026-08-05T16:12:02Z
2023-05-03T17:00:00Z,2023-05-03T19:00:00+0200,123.1,EUR/MWh,NL,NL,day_ahead_price,value,2026-08-05T16:12:02Z
2023-05-03T18:00:00Z,2023-05-03T20:00:00+0200,147.73,EUR/MWh,NL,NL,day_ahead_price,value,2026-08-05T16:12:02Z
2023-05-03T19:00:00Z,2023-05-03T21:00:00+0200,128.9,EUR/MWh,NL,NL,day_ahead_price,value,2026-08-05T16:12:02Z
2023-05-03T20:00:00Z,2023-05-03T22:00:00+0200,116.82,EUR/MWh,NL,NL,day_ahead_price,value,2026-08-05T16:12:02Z
2023-05-03T21:00:00Z,2023-05-03T23:00:00+0200,101.59,EUR/MWh,NL,NL,day_ahead_price,value,2026-08-05T16:12:02Z
2023-05-03T22:00:00Z,2023-05-04T00:00:00+0200,99.18,EUR/MWh,NL,NL,day_ahead_price,value,2026-08-05T16:12:02Z
2023-05-03T23:00:00Z,2023-05-04T01:00:00+0200,94.35,EUR/MWh,NL,NL,day_ahead_price,value,2026-08-05T16:12:02Z
2023-05-04T00:00:00Z,2023-05-04T02:00:00+0200,93.0,EUR/MWh,NL,NL,day_ahead_price,value,2026-08-05T16:12:02Z
2023-05-04T01:00:00Z,2023-05-04T03:00:00+0200,93.78,EUR/MWh,NL,NL,day_ahead_price,value,2026-08-05T16:12:02Z
2023-05-04T02:00:00Z,2023-05-04T04:00:00+0200,94.16,EUR/MWh,NL,NL,day_ahead_price,value,2026-08-05T16:12:02Z
2023-05-04T03:00:00Z,2023-05-04T05:00:00+0200,105.33,EUR/MWh,NL,NL,day_ahead_price,value,2026-08-05T16:12:02Z
2023-05-04T04:00:00Z,2023-05-04T06:00:00+0200,109.5,EUR/MWh,NL,NL,day_ahead_price,value,2026-08-05T16:12:02Z
2023-05-04T05:00:00Z,2023-05-04T07:00:00+0200,128.98,EUR/MWh,NL,NL,day_ahead_price,value,2026-08-05T16:12:02Z
2023-05-04T06:00:00Z,2023-05-04T08:00:00+0200,119.9,EUR/MWh,NL,NL,day_ahead_price,value,2026-08-05T16:12:02Z
2023-05-04T07:00:00Z,2023-05-04T09:00:00+0200,104.42,EUR/MWh,NL,NL,day_ahead_price,value,2026-08-05T16:12:02Z
2023-05-04T08:00:00Z,2023-05-04T10:00:00+0200,90.0,EUR/MWh,NL,NL,day_ahead_price,value,2026-08-05T16:12:02Z
2023-05-04T09:00:00Z,2023-05-04T11:00:00+0200,79.6,EUR/MWh,NL,NL,day_ahead_price,value,2026-08-05T16:12:02Z
2023-05-04T10:00:00Z,2023-05-04T12:00:00+0200,70.06,EUR/MWh,NL,NL,day_ahead_price,value,2026-08-05T16:12:02Z
2023-05-04T11:00:00Z,2023-05-04T13:00:00+0200,59.72,EUR/MWh,NL,NL,day_ahead_price,value,2026-08-05T16:12:02Z
2023-05-04T12:00:00Z,2023-05-04T14:00:00+0200,56.69,EUR/MWh,NL,NL,day_ahead_price,value,2026-08-05T16:12:02Z
2023-05-04T13:00:00Z,2023-05-04T15:00:00+0200,57.0,EUR/MWh,NL,NL,day_ahead_price,value,2026-08-05T16:12:02Z
2023-05-04T14:00:00Z,2023-05-04T16:00:00+0200,78.65,EUR/MWh,NL,NL,day_ahead_price,value,2026-08-05T16:12:02Z
2023-05-04T15:00:00Z,2023-05-04T17:00:00+0200,94.29,EUR/MWh,NL,NL,day_ahead_price,value,2026-08-05T16:12:02Z
2023-05-04T16:00:00Z,2023-05-04T18:00:00+0200,111.32,EUR/MWh,NL,NL,day_ahead_price,value,2026-08-05T16:12:02Z
2023-05-04T17:00:00Z,2023-05-04T19:00:00+0200,118.53,EUR/MWh,NL,NL,day_ahead_price,value,2026-08-05T16:12:02Z
2023-05-04T18:00:00Z,2023-05-04T20:00:00+0200,120.49,EUR/MWh,NL,NL,day_ahead_price,value,2026-08-05T16:12:02Z
2023-05-04T19:00:00Z,2023-05-04T21:00:00+0200,114.74,EUR/MWh,NL,NL,day_ahead_price,value,2026-08-05T16:12:02Z
2023-05-04T20:00:00Z,2023-05-04T22:00:00+0200,105.12,EUR/MWh,NL,NL,day_ahead_price,value,2026-08-05T16:12:02Z
2023-05-04T21:00:00Z,2023-05-04T23:00:00+0200,94.36,EUR/MWh,NL,NL,day_ahead_price,value,2026-08-05T16:12:02Z
2023-05-04T22:00:00Z,2023-05-05T00:00:00+0200,91.5,EUR/MWh,NL,NL,day_ahead_price,value,2026-08-05T16:12:02Z
2023-05-04T23:00:00Z,2023-05-05T01:00:00+0200,81.8,EUR/MWh,NL,NL,day_ahead_price,value,2026-08-05T16:12:12Z
2023-05-05T00:00:00Z,2023-05-05T02:00:00+0200,78.49,EUR/MWh,NL,NL,day_ahead_price,value,2026-08-05T16:12:12Z
2023-05-05T01:00:00Z,2023-05-05T03:00:00+0200,79.51,EUR/MWh,NL,NL,day_ahead_price,value,2026-08-05T16:12:12Z
2023-05-05T02:00:00Z,2023-05-05T04:00:00+0200,78.49,EUR/MWh,NL,NL,day_ahead_price,value,2026-08-05T16:12:12Z
2023-05-05T03:00:00Z,2023-05-05T05:00:00+0200,87.52,EUR/MWh,NL,NL,day_ahead_price,value,2026-08-05T16:12:12Z
2023-05-05T04:00:00Z,2023-05-05T06:00:00+0200,101.22,EUR/MWh,NL,NL,day_ahead_price,value,2026-08-05T16:12:12Z
2023-05-05T05:00:00Z,2023-05-05T07:00:00+0200,113.75,EUR/MWh,NL,NL,day_ahead_price,value,2026-08-05T16:12:12Z
2023-05-05T06:00:00Z,2023-05-05T08:00:00+0200,109.01,EUR/MWh,NL,NL,day_ahead_price,value,2026-08-05T16:12:12Z
2023-05-05T07:00:00Z,2023-05-05T09:00:00+0200,90.8,EUR/MWh,NL,NL,day_ahead_price,value,2026-08-05T16:12:12Z
2023-05-05T08:00:00Z,2023-05-05T10:00:00+0200,84.07,EUR/MWh,NL,NL,day_ahead_price,value,2026-08-05T16:12:12Z
2023-05-05T09:00:00Z,2023-05-05T11:00:00+0200,71.7,EUR/MWh,NL,NL,day_ahead_price,value,2026-08-05T16:12:12Z
2023-05-05T10:00:00Z,2023-05-05T12:00:00+0200,72.03,EUR/MWh,NL,NL,day_ahead_price,value,2026-08-05T16:12:12Z
2023-05-05T11:00:00Z,2023-05-05T13:00:00+0200,77.36,EUR/MWh,NL,NL,day_ahead_price,value,2026-08-05T16:12:12Z
2023-05-05T12:00:00Z,2023-05-05T14:00:00+0200,78.9,EUR/MWh,NL,NL,day_ahead_price,value,2026-08-05T16:12:12Z
2023-05-05T13:00:00Z,2023-05-05T15:00:00+0200,81.08,EUR/MWh,NL,NL,day_ahead_price,value,2026-08-05T16:12:12Z
2023-05-05T14:00:00Z,2023-05-05T16:00:00+0200,91.16,EUR/MWh,NL,NL,day_ahead_price,value,2026-08-05T16:12:12Z
2023-05-05T15:00:00Z,2023-05-05T17:00:00+0200,99.87,EUR/MWh,NL,NL,day_ahead_price,value,2026-08-05T16:12:12Z
2023-05-05T16:00:00Z,2023-05-05T18:00:00+0200,112.8,EUR/MWh,NL,NL,day_ahead_price,value,2026-08-05T16:12:12Z
2023-05-05T17:00:00Z,2023-05-05T19:00:00+0200,120.54,EUR/MWh,NL,NL,day_ahead_price,value,2026-08-05T16:12:12Z
2023-05-05T18:00:00Z,2023-05-05T20:00:00+0200,128.76,EUR/MWh,NL,NL,day_ahead_price,value,2026-08-05T16:12:12Z
2023-05-05T19:00:00Z,2023-05-05T21:00:00+0200,126.31,EUR/MWh,NL,NL,day_ahead_price,value,2026-08-05T16:12:12Z
2023-05-05T20:00:00Z,2023-05-05T22:00:00+0200,115.56,EUR/MWh,NL,NL,day_ahead_price,value,2026-08-05T16:12:12Z
2023-05-05T21:00:00Z,2023-05-05T23:00:00+0200,124.05,EUR/MWh,NL,NL,day_ahead_price,value,2026-08-05T16:12:12Z
2023-05-05T22:00:00Z,2023-05-06T00:00:00+0200,106.71,EUR/MWh,NL,NL,day_ahead_price,value,2026-08-05T16:12:12Z
2023-05-05T23:00:00Z,2023-05-06T01:00:00+0200,99.62,EUR/MWh,NL,NL,day_ahead_price,value,2026-08-05T16:12:12Z
2023-05-06T00:00:00Z,2023-05-06T02:00:00+0200,95.71,EUR/MWh,NL,NL,day_ahead_price,value,2026-08-05T16:12:12Z
2023-05-06T01:00:00Z,2023-05-06T03:00:00+0200,91.7,EUR/MWh,NL,NL,day_ahead_price,value,2026-08-05T16:12:12Z
2023-05-06T02:00:00Z,2023-05-06T04:00:00+0200,89.93,EUR/MWh,NL,NL,day_ahead_price,value,2026-08-05T16:12:12Z
2023-05-06T03:00:00Z,2023-05-06T05:00:00+0200,91.7,EUR/MWh,NL,NL,day_ahead_price,value,2026-08-05T16:12:12Z
2023-05-06T04:00:00Z,2023-05-06T06:00:00+0200,97.2,EUR/MWh,NL,NL,day_ahead_price,value,2026-08-05T16:12:12Z
2023-05-06T05:00:00Z,2023-05-06T07:00:00+0200,99.02,EUR/MWh,NL,NL,day_ahead_price,value,2026-08-05T16:12:12Z
2023-05-06T06:00:00Z,2023-05-06T08:00:00+0200,95.13,EUR/MWh,NL,NL,day_ahead_price,value,2026-08-05T16:12:12Z
2023-05-06T07:00:00Z,2023-05-06T09:00:00+0200,93.28,EUR/MWh,NL,NL,day_ahead_price,value,2026-08-05T16:12:12Z
2023-05-06T08:00:00Z,2023-05-06T10:00:00+0200,82.53,EUR/MWh,NL,NL,day_ahead_price,value,2026-08-05T16:12:12Z
2023-05-06T09:00:00Z,2023-05-06T11:00:00+0200,74.42,EUR/MWh,NL,NL,day_ahead_price,value,2026-08-05T16:12:12Z
2023-05-06T10:00:00Z,2023-05-06T12:00:00+0200,70.36,EUR/MWh,NL,NL,day_ahead_price,value,2026-08-05T16:12:12Z
2023-05-06T11:00:00Z,2023-05-06T13:00:00+0200,55.69,EUR/MWh,NL,NL,day_ahead_price,value,2026-08-05T16:12:12Z
2023-05-06T12:00:00Z,2023-05-06T14:00:00+0200,50.0,EUR/MWh,NL,NL,day_ahead_price,value,2026-08-05T16:12:12Z
2023-05-06T13:00:00Z,2023-05-06T15:00:00+0200,63.16,EUR/MWh,NL,NL,day_ahead_price,value,2026-08-05T16:12:12Z
2023-05-06T14:00:00Z,2023-05-06T16:00:00+0200,74.64,EUR/MWh,NL,NL,day_ahead_price,value,2026-08-05T16:12:12Z
2023-05-06T15:00:00Z,2023-05-06T17:00:00+0200,90.3,EUR/MWh,NL,NL,day_ahead_price,value,2026-08-05T16:12:12Z
2023-05-06T16:00:00Z,2023-05-06T18:00:00+0200,102.7,EUR/MWh,NL,NL,day_ahead_price,value,2026-08-05T16:12:12Z
2023-05-06T17:00:00Z,2023-05-06T19:00:00+0200,108.05,EUR/MWh,NL,NL,day_ahead_price,value,2026-08-05T16:12:12Z
2023-05-06T18:00:00Z,2023-05-06T20:00:00+0200,115.36,EUR/MWh,NL,NL,day_ahead_price,value,2026-08-05T16:12:12Z
2023-05-06T19:00:00Z,2023-05-06T21:00:00+0200,108.71,EUR/MWh,NL,NL,day_ahead_price,value,2026-08-05T16:12:12Z
2023-05-06T20:00:00Z,2023-05-06T22:00:00+0200,103.12,EUR/MWh,NL,NL,day_ahead_price,value,2026-08-05T16:12:12Z
2023-05-06T21:00:00Z,2023-05-06T23:00:00+0200,92.38,EUR/MWh,NL,NL,day_ahead_price,value,2026-08-05T16:12:12Z
2023-05-06T22:00:00Z,2023-05-07T00:00:00+0200,123.71,EUR/MWh,NL,NL,day_ahead_price,value,2026-08-05T16:12:12Z
2023-05-06T23:00:00Z,2023-05-07T01:00:00+0200,112.0,EUR/MWh,NL,NL,day_ahead_price,value,2026-08-05T16:12:12Z
2023-05-07T00:00:00Z,2023-05-07T02:00:00+0200,107.61,EUR/MWh,NL,NL,day_ahead_price,value,2026-08-05T16:12:12Z
2023-05-07T01:00:00Z,2023-05-07T03:00:00+0200,86.27,EUR/MWh,NL,NL,day_ahead_price,value,2026-08-05T16:12:12Z
2023-05-07T02:00:00Z,2023-05-07T04:00:00+0200,85.69,EUR/MWh,NL,NL,day_ahead_price,value,2026-08-05T16:12:12Z
2023-05-07T03:00:00Z,2023-05-07T05:00:00+0200,86.85,EUR/MWh,NL,NL,day_ahead_price,value,2026-08-05T16:12:12Z
2023-05-07T04:00:00Z,2023-05-07T06:00:00+0200,90.1,EUR/MWh,NL,NL,day_ahead_price,value,2026-08-05T16:12:12Z
2023-05-07T05:00:00Z,2023-05-07T07:00:00+0200,84.1,EUR/MWh,NL,NL,day_ahead_price,value,2026-08-05T16:12:12Z
2023-05-07T06:00:00Z,2023-05-07T08:00:00+0200,80.29,EUR/MWh,NL,NL,day_ahead_price,value,2026-08-05T16:12:12Z
2023-05-07T07:00:00Z,2023-05-07T09:00:00+0200,78.82,EUR/MWh,NL,NL,day_ahead_price,value,2026-08-05T16:12:12Z
2023-05-07T08:00:00Z,2023-05-07T10:00:00+0200,67.07,EUR/MWh,NL,NL,day_ahead_price,value,2026-08-05T16:12:12Z
2023-05-07T09:00:00Z,2023-05-07T11:00:00+0200,54.36,EUR/MWh,NL,NL,day_ahead_price,value,2026-08-05T16:12:12Z
2023-05-07T10:00:00Z,2023-05-07T12:00:00+0200,52.25,EUR/MWh,NL,NL,day_ahead_price,value,2026-08-05T16:12:12Z
2023-05-07T11:00:00Z,2023-05-07T13:00:00+0200,55.0,EUR/MWh,NL,NL,day_ahead_price,value,2026-08-05T16:12:12Z
2023-05-07T12:00:00Z,2023-05-07T14:00:00+0200,45.0,EUR/MWh,NL,NL,day_ahead_price,value,2026-08-05T16:12:12Z
2023-05-07T13:00:00Z,2023-05-07T15:00:00+0200,40.0,EUR/MWh,NL,NL,day_ahead_price,value,2026-08-05T16:12:12Z
2023-05-07T14:00:00Z,2023-05-07T16:00:00+0200,60.37,EUR/MWh,NL,NL,day_ahead_price,value,2026-08-05T16:12:12Z
2023-05-07T15:00:00Z,2023-05-07T17:00:00+0200,82.34,EUR/MWh,NL,NL,day_ahead_price,value,2026-08-05T16:12:12Z
2023-05-07T16:00:00Z,2023-05-07T18:00:00+0200,98.99,EUR/MWh,NL,NL,day_ahead_price,value,2026-08-05T16:12:12Z
2023-05-07T17:00:00Z,2023-05-07T19:00:00+0200,123.94,EUR/MWh,NL,NL,day_ahead_price,value,2026-08-05T16:12:12Z
2023-05-07T18:00:00Z,2023-05-07T20:00:00+0200,110.1,EUR/MWh,NL,NL,day_ahead_price,value,2026-08-05T16:12:12Z
2023-05-07T19:00:00Z,2023-05-07T21:00:00+0200,120.0,EUR/MWh,NL,NL,day_ahead_price,value,2026-08-05T16:12:12Z
2023-05-07T20:00:00Z,2023-05-07T22:00:00+0200,123.99,EUR/MWh,NL,NL,day_ahead_price,value,2026-08-05T16:12:12Z
2023-05-07T21:00:00Z,2023-05-07T23:00:00+0200,100.0,EUR/MWh,NL,NL,day_ahead_price,value,2026-08-05T16:12:12Z
2023-05-07T22:00:00Z,2023-05-08T00:00:00+0200,118.1,EUR/MWh,NL,NL,day_ahead_price,value,2026-08-05T16:12:12Z
2023-05-07T23:00:00Z,2023-05-08T01:00:00+0200,100.0,EUR/MWh,NL,NL,day_ahead_price,value,2026-08-05T16:12:12Z
2023-05-08T00:00:00Z,2023-05-08T02:00:00+0200,95.59,EUR/MWh,NL,NL,day_ahead_price,value,2026-08-05T16:12:12Z
2023-05-08T01:00:00Z,2023-05-08T03:00:00+0200,85.99,EUR/MWh,NL,NL,day_ahead_price,value,2026-08-05T16:12:12Z
2023-05-08T02:00:00Z,2023-05-08T04:00:00+0200,84.35,EUR/MWh,NL,NL,day_ahead_price,value,2026-08-05T16:12:12Z
2023-05-08T03:00:00Z,2023-05-08T05:00:00+0200,90.91,EUR/MWh,NL,NL,day_ahead_price,value,2026-08-05T16:12:12Z
2023-05-08T04:00:00Z,2023-05-08T06:00:00+0200,103.29,EUR/MWh,NL,NL,day_ahead_price,value,2026-08-05T16:12:12Z
2023-05-08T05:00:00Z,2023-05-08T07:00:00+0200,117.87,EUR/MWh,NL,NL,day_ahead_price,value,2026-08-05T16:12:12Z
2023-05-08T06:00:00Z,2023-05-08T08:00:00+0200,110.97,EUR/MWh,NL,NL,day_ahead_price,value,2026-08-05T16:12:12Z
2023-05-08T07:00:00Z,2023-05-08T09:00:00+0200,100.01,EUR/MWh,NL,NL,day_ahead_price,value,2026-08-05T16:12:12Z
2023-05-08T08:00:00Z,2023-05-08T10:00:00+0200,92.59,EUR/MWh,NL,NL,day_ahead_price,value,2026-08-05T16:12:12Z
2023-05-08T09:00:00Z,2023-05-08T11:00:00+0200,85.85,EUR/MWh,NL,NL,day_ahead_price,value,2026-08-05T16:12:12Z
2023-05-08T10:00:00Z,2023-05-08T12:00:00+0200,80.6,EUR/MWh,NL,NL,day_ahead_price,value,2026-08-05T16:12:12Z
2023-05-08T11:00:00Z,2023-05-08T13:00:00+0200,70.1,EUR/MWh,NL,NL,day_ahead_price,value,2026-08-05T16:12:12Z
2023-05-08T12:00:00Z,2023-05-08T14:00:00+0200,70.63,EUR/MWh,NL,NL,day_ahead_price,value,2026-08-05T16:12:12Z
2023-05-08T13:00:00Z,2023-05-08T15:00:00+0200,78.0,EUR/MWh,NL,NL,day_ahead_price,value,2026-08-05T16:12:12Z
2023-05-08T14:00:00Z,2023-05-08T16:00:00+0200,84.01,EUR/MWh,NL,NL,day_ahead_price,value,2026-08-05T16:12:12Z
2023-05-08T15:00:00Z,2023-05-08T17:00:00+0200,97.05,EUR/MWh,NL,NL,day_ahead_price,value,2026-08-05T16:12:12Z
2023-05-08T16:00:00Z,2023-05-08T18:00:00+0200,109.82,EUR/MWh,NL,NL,day_ahead_price,value,2026-08-05T16:12:12Z
2023-05-08T17:00:00Z,2023-05-08T19:00:00+0200,131.91,EUR/MWh,NL,NL,day_ahead_price,value,2026-08-05T16:12:12Z
2023-05-08T18:00:00Z,2023-05-08T20:00:00+0200,129.37,EUR/MWh,NL,NL,day_ahead_price,value,2026-08-05T16:12:12Z
2023-05-08T19:00:00Z,2023-05-08T21:00:00+0200,121.99,EUR/MWh,NL,NL,day_ahead_price,value,2026-08-05T16:12:12Z
2023-05-08T20:00:00Z,2023-05-08T22:00:00+0200,119.88,EUR/MWh,NL,NL,day_ahead_price,value,2026-08-05T16:12:12Z
2023-05-08T21:00:00Z,2023-05-08T23:00:00+0200,114.0,EUR/MWh,NL,NL,day_ahead_price,value,2026-08-05T16:12:12Z
2023-05-08T22:00:00Z,2023-05-09T00:00:00+0200,95.96,EUR/MWh,NL,NL,day_ahead_price,value,2026-08-05T16:12:12Z
2023-05-08T23:00:00Z,2023-05-09T01:00:00+0200,87.52,EUR/MWh,NL,NL,day_ahead_price,value,2026-08-05T16:12:12Z
2023-05-09T00:00:00Z,2023-05-09T02:00:00+0200,84.6,EUR/MWh,NL,NL,day_ahead_price,value,2026-08-05T16:12:12Z
2023-05-09T01:00:00Z,2023-05-09T03:00:00+0200,84.17,EUR/MWh,NL,NL,day_ahead_price,value,2026-08-05T16:12:12Z
2023-05-09T02:00:00Z,2023-05-09T04:00:00+0200,85.25,EUR/MWh,NL,NL,day_ahead_price,value,2026-08-05T16:12:12Z
2023-05-09T03:00:00Z,2023-05-09T05:00:00+0200,92.45,EUR/MWh,NL,NL,day_ahead_price,value,2026-08-05T16:12:12Z
2023-05-09T04:00:00Z,2023-05-09T06:00:00+0200,111.58,EUR/MWh,NL,NL,day_ahead_price,value,2026-08-05T16:12:12Z
2023-05-09T05:00:00Z,2023-05-09T07:00:00+0200,121.0,EUR/MWh,NL,NL,day_ahead_price,value,2026-08-05T16:12:12Z
2023-05-09T06:00:00Z,2023-05-09T08:00:00+0200,117.88,EUR/MWh,NL,NL,day_ahead_price,value,2026-08-05T16:12:12Z
2023-05-09T07:00:00Z,2023-05-09T09:00:00+0200,113.13,EUR/MWh,NL,NL,day_ahead_price,value,2026-08-05T16:12:12Z
2023-05-09T08:00:00Z,2023-05-09T10:00:00+0200,119.9,EUR/MWh,NL,NL,day_ahead_price,value,2026-08-05T16:12:12Z
2023-05-09T09:00:00Z,2023-05-09T11:00:00+0200,113.34,EUR/MWh,NL,NL,day_ahead_price,value,2026-08-05T16:12:12Z
2023-05-09T10:00:00Z,2023-05-09T12:00:00+0200,131.53,EUR/MWh,NL,NL,day_ahead_price,value,2026-08-05T16:12:12Z
2023-05-09T11:00:00Z,2023-05-09T13:00:00+0200,112.8,EUR/MWh,NL,NL,day_ahead_price,value,2026-08-05T16:12:12Z
2023-05-09T12:00:00Z,2023-05-09T14:00:00+0200,97.8,EUR/MWh,NL,NL,day_ahead_price,value,2026-08-05T16:12:12Z
2023-05-09T13:00:00Z,2023-05-09T15:00:00+0200,81.7,EUR/MWh,NL,NL,day_ahead_price,value,2026-08-05T16:12:12Z
2023-05-09T14:00:00Z,2023-05-09T16:00:00+0200,84.44,EUR/MWh,NL,NL,day_ahead_price,value,2026-08-05T16:12:12Z
2023-05-09T15:00:00Z,2023-05-09T17:00:00+0200,100.06,EUR/MWh,NL,NL,day_ahead_price,value,2026-08-05T16:12:12Z
2023-05-09T16:00:00Z,2023-05-09T18:00:00+0200,116.34,EUR/MWh,NL,NL,day_ahead_price,value,2026-08-05T16:12:12Z
2023-05-09T17:00:00Z,2023-05-09T19:00:00+0200,121.55,EUR/MWh,NL,NL,day_ahead_price,value,2026-08-05T16:12:12Z
2023-05-09T18:00:00Z,2023-05-09T20:00:00+0200,119.84,EUR/MWh,NL,NL,day_ahead_price,value,2026-08-05T16:12:12Z
2023-05-09T19:00:00Z,2023-05-09T21:00:00+0200,111.0,EUR/MWh,NL,NL,day_ahead_price,value,2026-08-05T16:12:12Z
2023-05-09T20:00:00Z,2023-05-09T22:00:00+0200,104.67,EUR/MWh,NL,NL,day_ahead_price,value,2026-08-05T16:12:12Z
2023-05-09T21:00:00Z,2023-05-09T23:00:00+0200,89.93,EUR/MWh,NL,NL,day_ahead_price,value,2026-08-05T16:12:12Z
2023-05-09T22:00:00Z,2023-05-10T00:00:00+0200,94.82,EUR/MWh,NL,NL,day_ahead_price,value,2026-08-05T16:12:12Z
2023-05-09T23:00:00Z,2023-05-10T01:00:00+0200,90.06,EUR/MWh,NL,NL,day_ahead_price,value,2026-08-05T16:12:12Z
2023-05-10T00:00:00Z,2023-05-10T02:00:00+0200,88.38,EUR/MWh,NL,NL,day_ahead_price,value,2026-08-05T16:12:12Z
2023-05-10T01:00:00Z,2023-05-10T03:00:00+0200,86.19,EUR/MWh,NL,NL,day_ahead_price,value,2026-08-05T16:12:12Z
2023-05-10T02:00:00Z,2023-05-10T04:00:00+0200,87.94,EUR/MWh,NL,NL,day_ahead_price,value,2026-08-05T16:12:12Z
2023-05-10T03:00:00Z,2023-05-10T05:00:00+0200,89.59,EUR/MWh,NL,NL,day_ahead_price,value,2026-08-05T16:12:12Z
2023-05-10T04:00:00Z,2023-05-10T06:00:00+0200,106.43,EUR/MWh,NL,NL,day_ahead_price,value,2026-08-05T16:12:12Z
2023-05-10T05:00:00Z,2023-05-10T07:00:00+0200,119.53,EUR/MWh,NL,NL,day_ahead_price,value,2026-08-05T16:12:12Z
2023-05-10T06:00:00Z,2023-05-10T08:00:00+0200,133.05,EUR/MWh,NL,NL,day_ahead_price,value,2026-08-05T16:12:12Z
2023-05-10T07:00:00Z,2023-05-10T09:00:00+0200,110.24,EUR/MWh,NL,NL,day_ahead_price,value,2026-08-05T16:12:12Z
2023-05-10T08:00:00Z,2023-05-10T10:00:00+0200,105.82,EUR/MWh,NL,NL,day_ahead_price,value,2026-08-05T16:12:12Z
2023-05-10T09:00:00Z,2023-05-10T11:00:00+0200,101.06,EUR/MWh,NL,NL,day_ahead_price,value,2026-08-05T16:12:12Z
2023-05-10T10:00:00Z,2023-05-10T12:00:00+0200,97.0,EUR/MWh,NL,NL,day_ahead_price,value,2026-08-05T16:12:12Z
2023-05-10T11:00:00Z,2023-05-10T13:00:00+0200,92.95,EUR/MWh,NL,NL,day_ahead_price,value,2026-08-05T16:12:12Z
2023-05-10T12:00:00Z,2023-05-10T14:00:00+0200,91.76,EUR/MWh,NL,NL,day_ahead_price,value,2026-08-05T16:12:12Z
2023-05-10T13:00:00Z,2023-05-10T15:00:00+0200,94.86,EUR/MWh,NL,NL,day_ahead_price,value,2026-08-05T16:12:12Z
2023-05-10T14:00:00Z,2023-05-10T16:00:00+0200,104.81,EUR/MWh,NL,NL,day_ahead_price,value,2026-08-05T16:12:12Z
2023-05-10T15:00:00Z,2023-05-10T17:00:00+0200,101.2,EUR/MWh,NL,NL,day_ahead_price,value,2026-08-05T16:12:12Z
2023-05-10T16:00:00Z,2023-05-10T18:00:00+0200,120.0,EUR/MWh,NL,NL,day_ahead_price,value,2026-08-05T16:12:12Z
2023-05-10T17:00:00Z,2023-05-10T19:00:00+0200,135.73,EUR/MWh,NL,NL,day_ahead_price,value,2026-08-05T16:12:12Z
2023-05-10T18:00:00Z,2023-05-10T20:00:00+0200,147.42,EUR/MWh,NL,NL,day_ahead_price,value,2026-08-05T16:12:12Z
2023-05-10T19:00:00Z,2023-05-10T21:00:00+0200,134.15,EUR/MWh,NL,NL,day_ahead_price,value,2026-08-05T16:12:12Z
2023-05-10T20:00:00Z,2023-05-10T22:00:00+0200,117.73,EUR/MWh,NL,NL,day_ahead_price,value,2026-08-05T16:12:12Z
2023-05-10T21:00:00Z,2023-05-10T23:00:00+0200,109.9,EUR/MWh,NL,NL,day_ahead_price,value,2026-08-05T16:12:12Z
2023-05-10T22:00:00Z,2023-05-11T00:00:00+0200,100.0,EUR/MWh,NL,NL,day_ahead_price,value,2026-08-05T16:12:12Z
2023-05-10T23:00:00Z,2023-05-11T01:00:00+0200,96.94,EUR/MWh,NL,NL,day_ahead_price,value,2026-08-05T16:12:12Z
2023-05-11T00:00:00Z,2023-05-11T02:00:00+0200,96.0,EUR/MWh,NL,NL,day_ahead_price,value,2026-08-05T16:12:12Z
2023-05-11T01:00:00Z,2023-05-11T03:00:00+0200,95.88,EUR/MWh,NL,NL,day_ahead_price,value,2026-08-05T16:12:12Z
2023-05-11T02:00:00Z,2023-05-11T04:00:00+0200,93.06,EUR/MWh,NL,NL,day_ahead_price,value,2026-08-05T16:12:12Z
2023-05-11T03:00:00Z,2023-05-11T05:00:00+0200,103.18,EUR/MWh,NL,NL,day_ahead_price,value,2026-08-05T16:12:12Z
2023-05-11T04:00:00Z,2023-05-11T06:00:00+0200,110.0,EUR/MWh,NL,NL,day_ahead_price,value,2026-08-05T16:12:12Z
2023-05-11T05:00:00Z,2023-05-11T07:00:00+0200,129.9,EUR/MWh,NL,NL,day_ahead_price,value,2026-08-05T16:12:12Z
2023-05-11T06:00:00Z,2023-05-11T08:00:00+0200,148.0,EUR/MWh,NL,NL,day_ahead_price,value,2026-08-05T16:12:12Z
2023-05-11T07:00:00Z,2023-05-11T09:00:00+0200,134.05,EUR/MWh,NL,NL,day_ahead_price,value,2026-08-05T16:12:12Z
2023-05-11T08:00:00Z,2023-05-11T10:00:00+0200,113.2,EUR/MWh,NL,NL,day_ahead_price,value,2026-08-05T16:12:12Z
2023-05-11T09:00:00Z,2023-05-11T11:00:00+0200,115.03,EUR/MWh,NL,NL,day_ahead_price,value,2026-08-05T16:12:12Z
2023-05-11T10:00:00Z,2023-05-11T12:00:00+0200,104.53,EUR/MWh,NL,NL,day_ahead_price,value,2026-08-05T16:12:12Z
2023-05-11T11:00:00Z,2023-05-11T13:00:00+0200,95.37,EUR/MWh,NL,NL,day_ahead_price,value,2026-08-05T16:12:12Z
2023-05-11T12:00:00Z,2023-05-11T14:00:00+0200,95.71,EUR/MWh,NL,NL,day_ahead_price,value,2026-08-05T16:12:12Z
2023-05-11T13:00:00Z,2023-05-11T15:00:00+0200,85.2,EUR/MWh,NL,NL,day_ahead_price,value,2026-08-05T16:12:12Z
2023-05-11T14:00:00Z,2023-05-11T16:00:00+0200,76.36,EUR/MWh,NL,NL,day_ahead_price,value,2026-08-05T16:12:12Z
2023-05-11T15:00:00Z,2023-05-11T17:00:00+0200,110.32,EUR/MWh,NL,NL,day_ahead_price,value,2026-08-05T16:12:12Z
2023-05-11T16:00:00Z,2023-05-11T18:00:00+0200,123.19,EUR/MWh,NL,NL,day_ahead_price,value,2026-08-05T16:12:12Z
2023-05-11T17:00:00Z,2023-05-11T19:00:00+0200,147.0,EUR/MWh,NL,NL,day_ahead_price,value,2026-08-05T16:12:12Z
2023-05-11T18:00:00Z,2023-05-11T20:00:00+0200,132.8,EUR/MWh,NL,NL,day_ahead_price,value,2026-08-05T16:12:12Z
2023-05-11T19:00:00Z,2023-05-11T21:00:00+0200,118.4,EUR/MWh,NL,NL,day_ahead_price,value,2026-08-05T16:12:12Z
2023-05-11T20:00:00Z,2023-05-11T22:00:00+0200,113.99,EUR/MWh,NL,NL,day_ahead_price,value,2026-08-05T16:12:12Z
2023-05-11T21:00:00Z,2023-05-11T23:00:00+0200,101.66,EUR/MWh,NL,NL,day_ahead_price,value,2026-08-05T16:12:12Z
2023-05-11T22:00:00Z,2023-05-12T00:00:00+0200,98.53,EUR/MWh,NL,NL,day_ahead_price,value,2026-08-05T16:12:12Z
2023-05-11T23:00:00Z,2023-05-12T01:00:00+0200,90.55,EUR/MWh,NL,NL,day_ahead_price,value,2026-08-05T16:12:12Z
2023-05-12T00:00:00Z,2023-05-12T02:00:00+0200,89.84,EUR/MWh,NL,NL,day_ahead_price,value,2026-08-05T16:12:12Z
2023-05-12T01:00:00Z,2023-05-12T03:00:00+0200,90.0,EUR/MWh,NL,NL,day_ahead_price,value,2026-08-05T16:12:12Z
2023-05-12T02:00:00Z,2023-05-12T04:00:00+0200,90.8,EUR/MWh,NL,NL,day_ahead_price,value,2026-08-05T16:12:12Z
2023-05-12T03:00:00Z,2023-05-12T05:00:00+0200,98.68,EUR/MWh,NL,NL,day_ahead_price,value,2026-08-05T16:12:12Z
2023-05-12T04:00:00Z,2023-05-12T06:00:00+0200,108.73,EUR/MWh,NL,NL,day_ahead_price,value,2026-08-05T16:12:12Z
2023-05-12T05:00:00Z,2023-05-12T07:00:00+0200,126.96,EUR/MWh,NL,NL,day_ahead_price,value,2026-08-05T16:12:12Z
2023-05-12T06:00:00Z,2023-05-12T08:00:00+0200,137.54,EUR/MWh,NL,NL,day_ahead_price,value,2026-08-05T16:12:12Z
2023-05-12T07:00:00Z,2023-05-12T09:00:00+0200,113.3,EUR/MWh,NL,NL,day_ahead_price,value,2026-08-05T16:12:12Z
2023-05-12T08:00:00Z,2023-05-12T10:00:00+0200,101.6,EUR/MWh,NL,NL,day_ahead_price,value,2026-08-05T16:12:12Z
2023-05-12T09:00:00Z,2023-05-12T11:00:00+0200,97.58,EUR/MWh,NL,NL,day_ahead_price,value,2026-08-05T16:12:12Z
2023-05-12T10:00:00Z,2023-05-12T12:00:00+0200,74.97,EUR/MWh,NL,NL,day_ahead_price,value,2026-08-05T16:12:12Z
2023-05-12T11:00:00Z,2023-05-12T13:00:00+0200,64.1,EUR/MWh,NL,NL,day_ahead_price,value,2026-08-05T16:12:12Z
2023-05-12T12:00:00Z,2023-05-12T14:00:00+0200,62.51,EUR/MWh,NL,NL,day_ahead_price,value,2026-08-05T16:12:12Z
2023-05-12T13:00:00Z,2023-05-12T15:00:00+0200,69.55,EUR/MWh,NL,NL,day_ahead_price,value,2026-08-05T16:12:12Z
2023-05-12T14:00:00Z,2023-05-12T16:00:00+0200,80.93,EUR/MWh,NL,NL,day_ahead_price,value,2026-08-05T16:12:12Z
2023-05-12T15:00:00Z,2023-05-12T17:00:00+0200,93.69,EUR/MWh,NL,NL,day_ahead_price,value,2026-08-05T16:12:12Z
2023-05-12T16:00:00Z,2023-05-12T18:00:00+0200,106.63,EUR/MWh,NL,NL,day_ahead_price,value,2026-08-05T16:12:12Z
2023-05-12T17:00:00Z,2023-05-12T19:00:00+0200,119.62,EUR/MWh,NL,NL,day_ahead_price,value,2026-08-05T16:12:12Z
2023-05-12T18:00:00Z,2023-05-12T20:00:00+0200,122.12,EUR/MWh,NL,NL,day_ahead_price,value,2026-08-05T16:12:12Z
2023-05-12T19:00:00Z,2023-05-12T21:00:00+0200,115.8,EUR/MWh,NL,NL,day_ahead_price,value,2026-08-05T16:12:12Z
2023-05-12T20:00:00Z,2023-05-12T22:00:00+0200,101.19,EUR/MWh,NL,NL,day_ahead_price,value,2026-08-05T16:12:12Z
2023-05-12T21:00:00Z,2023-05-12T23:00:00+0200,97.82,EUR/MWh,NL,NL,day_ahead_price,value,2026-08-05T16:12:12Z
2023-05-12T22:00:00Z,2023-05-13T00:00:00+0200,104.91,EUR/MWh,NL,NL,day_ahead_price,value,2026-08-05T16:12:12Z
2023-05-12T23:00:00Z,2023-05-13T01:00:00+0200,98.29,EUR/MWh,NL,NL,day_ahead_price,value,2026-08-05T16:12:12Z
2023-05-13T00:00:00Z,2023-05-13T02:00:00+0200,94.84,EUR/MWh,NL,NL,day_ahead_price,value,2026-08-05T16:12:12Z
2023-05-13T01:00:00Z,2023-05-13T03:00:00+0200,96.14,EUR/MWh,NL,NL,day_ahead_price,value,2026-08-05T16:12:12Z
2023-05-13T02:00:00Z,2023-05-13T04:00:00+0200,96.54,EUR/MWh,NL,NL,day_ahead_price,value,2026-08-05T16:12:12Z
2023-05-13T03:00:00Z,2023-05-13T05:00:00+0200,97.83,EUR/MWh,NL,NL,day_ahead_price,value,2026-08-05T16:12:12Z
2023-05-13T04:00:00Z,2023-05-13T06:00:00+0200,94.9,EUR/MWh,NL,NL,day_ahead_price,value,2026-08-05T16:12:12Z
2023-05-13T05:00:00Z,2023-05-13T07:00:00+0200,90.79,EUR/MWh,NL,NL,day_ahead_price,value,2026-08-05T16:12:12Z
2023-05-13T06:00:00Z,2023-05-13T08:00:00+0200,94.47,EUR/MWh,NL,NL,day_ahead_price,value,2026-08-05T16:12:12Z
2023-05-13T07:00:00Z,2023-05-13T09:00:00+0200,89.08,EUR/MWh,NL,NL,day_ahead_price,value,2026-08-05T16:12:12Z
2023-05-13T08:00:00Z,2023-05-13T10:00:00+0200,65.0,EUR/MWh,NL,NL,day_ahead_price,value,2026-08-05T16:12:12Z
2023-05-13T09:00:00Z,2023-05-13T11:00:00+0200,0.0,EUR/MWh,NL,NL,day_ahead_price,value,2026-08-05T16:12:12Z
2023-05-13T10:00:00Z,2023-05-13T12:00:00+0200,-48.99,EUR/MWh,NL,NL,day_ahead_price,value,2026-08-05T16:12:12Z
2023-05-13T11:00:00Z,2023-05-13T13:00:00+0200,-99.93,EUR/MWh,NL,NL,day_ahead_price,value,2026-08-05T16:12:12Z
2023-05-13T12:00:00Z,2023-05-13T14:00:00+0200,-40.0,EUR/MWh,NL,NL,day_ahead_price,value,2026-08-05T16:12:12Z
2023-05-13T13:00:00Z,2023-05-13T15:00:00+0200,-2.26,EUR/MWh,NL,NL,day_ahead_price,value,2026-08-05T16:12:12Z
2023-05-13T14:00:00Z,2023-05-13T16:00:00+0200,27.72,EUR/MWh,NL,NL,day_ahead_price,value,2026-08-05T16:12:12Z
2023-05-13T15:00:00Z,2023-05-13T17:00:00+0200,74.53,EUR/MWh,NL,NL,day_ahead_price,value,2026-08-05T16:12:12Z
2023-05-13T16:00:00Z,2023-05-13T18:00:00+0200,83.7,EUR/MWh,NL,NL,day_ahead_price,value,2026-08-05T16:12:12Z
2023-05-13T17:00:00Z,2023-05-13T19:00:00+0200,109.43,EUR/MWh,NL,NL,day_ahead_price,value,2026-08-05T16:12:12Z
2023-05-13T18:00:00Z,2023-05-13T20:00:00+0200,118.6,EUR/MWh,NL,NL,day_ahead_price,value,2026-08-05T16:12:12Z
2023-05-13T19:00:00Z,2023-05-13T21:00:00+0200,113.48,EUR/MWh,NL,NL,day_ahead_price,value,2026-08-05T16:12:12Z
2023-05-13T20:00:00Z,2023-05-13T22:00:00+0200,109.96,EUR/MWh,NL,NL,day_ahead_price,value,2026-08-05T16:12:12Z
2023-05-13T21:00:00Z,2023-05-13T23:00:00+0200,104.97,EUR/MWh,NL,NL,day_ahead_price,value,2026-08-05T16:12:12Z
2023-05-13T22:00:00Z,2023-05-14T00:00:00+0200,102.37,EUR/MWh,NL,NL,day_ahead_price,value,2026-08-05T16:12:12Z
2023-05-13T23:00:00Z,2023-05-14T01:00:00+0200,98.18,EUR/MWh,NL,NL,day_ahead_price,value,2026-08-05T16:12:12Z
2023-05-14T00:00:00Z,2023-05-14T02:00:00+0200,94.3,EUR/MWh,NL,NL,day_ahead_price,value,2026-08-05T16:12:12Z
2023-05-14T01:00:00Z,2023-05-14T03:00:00+0200,85.37,EUR/MWh,NL,NL,day_ahead_price,value,2026-08-05T16:12:12Z
2023-05-14T02:00:00Z,2023-05-14T04:00:00+0200,86.42,EUR/MWh,NL,NL,day_ahead_price,value,2026-08-05T16:12:12Z
2023-05-14T03:00:00Z,2023-05-14T05:00:00+0200,93.22,EUR/MWh,NL,NL,day_ahead_price,value,2026-08-05T16:12:12Z
2023-05-14T04:00:00Z,2023-05-14T06:00:00+0200,81.33,EUR/MWh,NL,NL,day_ahead_price,value,2026-08-05T16:12:12Z
2023-05-14T05:00:00Z,2023-05-14T07:00:00+0200,73.87,EUR/MWh,NL,NL,day_ahead_price,value,2026-08-05T16:12:12Z
2023-05-14T06:00:00Z,2023-05-14T08:00:00+0200,75.69,EUR/MWh,NL,NL,day_ahead_price,value,2026-08-05T16:12:12Z
2023-05-14T07:00:00Z,2023-05-14T09:00:00+0200,54.9,EUR/MWh,NL,NL,day_ahead_price,value,2026-08-05T16:12:12Z
2023-05-14T08:00:00Z,2023-05-14T10:00:00+0200,25.09,EUR/MWh,NL,NL,day_ahead_price,value,2026-08-05T16:12:12Z
2023-05-14T09:00:00Z,2023-05-14T11:00:00+0200,13.89,EUR/MWh,NL,NL,day_ahead_price,value,2026-08-05T16:12:12Z
2023-05-14T10:00:00Z,2023-05-14T12:00:00+0200,9.7,EUR/MWh,NL,NL,day_ahead_price,value,2026-08-05T16:12:12Z
2023-05-14T11:00:00Z,2023-05-14T13:00:00+0200,1.85,EUR/MWh,NL,NL,day_ahead_price,value,2026-08-05T16:12:12Z
2023-05-14T12:00:00Z,2023-05-14T14:00:00+0200,0.16,EUR/MWh,NL,NL,day_ahead_price,value,2026-08-05T16:12:12Z
2023-05-14T13:00:00Z,2023-05-14T15:00:00+0200,1.78,EUR/MWh,NL,NL,day_ahead_price,value,2026-08-05T16:12:12Z
2023-05-14T14:00:00Z,2023-05-14T16:00:00+0200,28.66,EUR/MWh,NL,NL,day_ahead_price,value,2026-08-05T16:12:12Z
2023-05-14T15:00:00Z,2023-05-14T17:00:00+0200,81.0,EUR/MWh,NL,NL,day_ahead_price,value,2026-08-05T16:12:12Z
2023-05-14T16:00:00Z,2023-05-14T18:00:00+0200,101.18,EUR/MWh,NL,NL,day_ahead_price,value,2026-08-05T16:12:12Z
2023-05-14T17:00:00Z,2023-05-14T19:00:00+0200,116.0,EUR/MWh,NL,NL,day_ahead_price,value,2026-08-05T16:12:12Z
2023-05-14T18:00:00Z,2023-05-14T20:00:00+0200,126.62,EUR/MWh,NL,NL,day_ahead_price,value,2026-08-05T16:12:12Z
2023-05-14T19:00:00Z,2023-05-14T21:00:00+0200,127.99,EUR/MWh,NL,NL,day_ahead_price,value,2026-08-05T16:12:12Z
2023-05-14T20:00:00Z,2023-05-14T22:00:00+0200,119.14,EUR/MWh,NL,NL,day_ahead_price,value,2026-08-05T16:12:12Z
2023-05-14T21:00:00Z,2023-05-14T23:00:00+0200,107.58,EUR/MWh,NL,NL,day_ahead_price,value,2026-08-05T16:12:12Z
2023-05-14T22:00:00Z,2023-05-15T00:00:00+0200,117.15,EUR/MWh,NL,NL,day_ahead_price,value,2026-08-05T16:12:12Z
2023-05-14T23:00:00Z,2023-05-15T01:00:00+0200,105.75,EUR/MWh,NL,NL,day_ahead_price,value,2026-08-05T16:12:12Z
2023-05-15T00:00:00Z,2023-05-15T02:00:00+0200,101.38,EUR/MWh,NL,NL,day_ahead_price,value,2026-08-05T16:12:12Z
2023-05-15T01:00:00Z,2023-05-15T03:00:00+0200,105.25,EUR/MWh,NL,NL,day_ahead_price,value,2026-08-05T16:12:12Z
2023-05-15T02:00:00Z,2023-05-15T04:00:00+0200,104.12,EUR/MWh,NL,NL,day_ahead_price,value,2026-08-05T16:12:12Z
2023-05-15T03:00:00Z,2023-05-15T05:00:00+0200,119.92,EUR/MWh,NL,NL,day_ahead_price,value,2026-08-05T16:12:12Z
2023-05-15T04:00:00Z,2023-05-15T06:00:00+0200,109.9,EUR/MWh,NL,NL,day_ahead_price,value,2026-08-05T16:12:12Z
2023-05-15T05:00:00Z,2023-05-15T07:00:00+0200,142.86,EUR/MWh,NL,NL,day_ahead_price,value,2026-08-05T16:12:12Z
2023-05-15T06:00:00Z,2023-05-15T08:00:00+0200,139.94,EUR/MWh,NL,NL,day_ahead_price,value,2026-08-05T16:12:12Z
2023-05-15T07:00:00Z,2023-05-15T09:00:00+0200,123.7,EUR/MWh,NL,NL,day_ahead_price,value,2026-08-05T16:12:12Z
2023-05-15T08:00:00Z,2023-05-15T10:00:00+0200,100.28,EUR/MWh,NL,NL,day_ahead_price,value,2026-08-05T16:12:12Z
2023-05-15T09:00:00Z,2023-05-15T11:00:00+0200,94.04,EUR/MWh,NL,NL,day_ahead_price,value,2026-08-05T16:12:12Z
2023-05-15T10:00:00Z,2023-05-15T12:00:00+0200,89.03,EUR/MWh,NL,NL,day_ahead_price,value,2026-08-05T16:12:12Z
2023-05-15T11:00:00Z,2023-05-15T13:00:00+0200,90.21,EUR/MWh,NL,NL,day_ahead_price,value,2026-08-05T16:12:12Z
2023-05-15T12:00:00Z,2023-05-15T14:00:00+0200,88.55,EUR/MWh,NL,NL,day_ahead_price,value,2026-08-05T16:12:12Z
2023-05-15T13:00:00Z,2023-05-15T15:00:00+0200,87.66,EUR/MWh,NL,NL,day_ahead_price,value,2026-08-05T16:12:12Z
2023-05-15T14:00:00Z,2023-05-15T16:00:00+0200,87.95,EUR/MWh,NL,NL,day_ahead_price,value,2026-08-05T16:12:12Z
2023-05-15T15:00:00Z,2023-05-15T17:00:00+0200,90.1,EUR/MWh,NL,NL,day_ahead_price,value,2026-08-05T16:12:12Z
2023-05-15T16:00:00Z,2023-05-15T18:00:00+0200,90.0,EUR/MWh,NL,NL,day_ahead_price,value,2026-08-05T16:12:12Z
2023-05-15T17:00:00Z,2023-05-15T19:00:00+0200,109.93,EUR/MWh,NL,NL,day_ahead_price,value,2026-08-05T16:12:12Z
2023-05-15T18:00:00Z,2023-05-15T20:00:00+0200,129.2,EUR/MWh,NL,NL,day_ahead_price,value,2026-08-05T16:12:12Z
2023-05-15T19:00:00Z,2023-05-15T21:00:00+0200,122.32,EUR/MWh,NL,NL,day_ahead_price,value,2026-08-05T16:12:12Z
2023-05-15T20:00:00Z,2023-05-15T22:00:00+0200,109.9,EUR/MWh,NL,NL,day_ahead_price,value,2026-08-05T16:12:12Z
2023-05-15T21:00:00Z,2023-05-15T23:00:00+0200,93.89,EUR/MWh,NL,NL,day_ahead_price,value,2026-08-05T16:12:12Z
2023-05-15T22:00:00Z,2023-05-16T00:00:00+0200,78.96,EUR/MWh,NL,NL,day_ahead_price,value,2026-08-05T16:12:12Z
2023-05-15T23:00:00Z,2023-05-16T01:00:00+0200,73.1,EUR/MWh,NL,NL,day_ahead_price,value,2026-08-05T16:12:12Z
2023-05-16T00:00:00Z,2023-05-16T02:00:00+0200,70.01,EUR/MWh,NL,NL,day_ahead_price,value,2026-08-05T16:12:12Z
2023-05-16T01:00:00Z,2023-05-16T03:00:00+0200,63.56,EUR/MWh,NL,NL,day_ahead_price,value,2026-08-05T16:12:12Z
2023-05-16T02:00:00Z,2023-05-16T04:00:00+0200,65.9,EUR/MWh,NL,NL,day_ahead_price,value,2026-08-05T16:12:12Z
2023-05-16T03:00:00Z,2023-05-16T05:00:00+0200,74.16,EUR/MWh,NL,NL,day_ahead_price,value,2026-08-05T16:12:12Z
2023-05-16T04:00:00Z,2023-05-16T06:00:00+0200,98.18,EUR/MWh,NL,NL,day_ahead_price,value,2026-08-05T16:12:12Z
2023-05-16T05:00:00Z,2023-05-16T07:00:00+0200,114.97,EUR/MWh,NL,NL,day_ahead_price,value,2026-08-05T16:12:12Z
2023-05-16T06:00:00Z,2023-05-16T08:00:00+0200,119.54,EUR/MWh,NL,NL,day_ahead_price,value,2026-08-05T16:12:12Z
2023-05-16T07:00:00Z,2023-05-16T09:00:00+0200,96.2,EUR/MWh,NL,NL,day_ahead_price,value,2026-08-05T16:12:12Z
2023-05-16T08:00:00Z,2023-05-16T10:00:00+0200,81.9,EUR/MWh,NL,NL,day_ahead_price,value,2026-08-05T16:12:12Z
2023-05-16T09:00:00Z,2023-05-16T11:00:00+0200,70.77,EUR/MWh,NL,NL,day_ahead_price,value,2026-08-05T16:12:12Z
2023-05-16T10:00:00Z,2023-05-16T12:00:00+0200,40.66,EUR/MWh,NL,NL,day_ahead_price,value,2026-08-05T16:12:12Z
2023-05-16T11:00:00Z,2023-05-16T13:00:00+0200,39.07,EUR/MWh,NL,NL,day_ahead_price,value,2026-08-05T16:12:12Z
2023-05-16T12:00:00Z,2023-05-16T14:00:00+0200,14.94,EUR/MWh,NL,NL,day_ahead_price,value,2026-08-05T16:12:12Z
2023-05-16T13:00:00Z,2023-05-16T15:00:00+0200,11.05,EUR/MWh,NL,NL,day_ahead_price,value,2026-08-05T16:12:12Z
2023-05-16T14:00:00Z,2023-05-16T16:00:00+0200,42.78,EUR/MWh,NL,NL,day_ahead_price,value,2026-08-05T16:12:12Z
2023-05-16T15:00:00Z,2023-05-16T17:00:00+0200,72.46,EUR/MWh,NL,NL,day_ahead_price,value,2026-08-05T16:12:12Z
2023-05-16T16:00:00Z,2023-05-16T18:00:00+0200,87.19,EUR/MWh,NL,NL,day_ahead_price,value,2026-08-05T16:12:12Z
2023-05-16T17:00:00Z,2023-05-16T19:00:00+0200,104.91,EUR/MWh,NL,NL,day_ahead_price,value,2026-08-05T16:12:12Z
2023-05-16T18:00:00Z,2023-05-16T20:00:00+0200,117.64,EUR/MWh,NL,NL,day_ahead_price,value,2026-08-05T16:12:12Z
2023-05-16T19:00:00Z,2023-05-16T21:00:00+0200,120.05,EUR/MWh,NL,NL,day_ahead_price,value,2026-08-05T16:12:12Z
2023-05-16T20:00:00Z,2023-05-16T22:00:00+0200,113.0,EUR/MWh,NL,NL,day_ahead_price,value,2026-08-05T16:12:12Z
2023-05-16T21:00:00Z,2023-05-16T23:00:00+0200,97.23,EUR/MWh,NL,NL,day_ahead_price,value,2026-08-05T16:12:12Z
2023-05-16T22:00:00Z,2023-05-17T00:00:00+0200,94.9,EUR/MWh,NL,NL,day_ahead_price,value,2026-08-05T16:12:12Z
2023-05-16T23:00:00Z,2023-05-17T01:00:00+0200,83.6,EUR/MWh,NL,NL,day_ahead_price,value,2026-08-05T16:12:12Z
2023-05-17T00:00:00Z,2023-05-17T02:00:00+0200,78.78,EUR/MWh,NL,NL,day_ahead_price,value,2026-08-05T16:12:12Z
2023-05-17T01:00:00Z,2023-05-17T03:00:00+0200,70.0,EUR/MWh,NL,NL,day_ahead_price,value,2026-08-05T16:12:12Z
2023-05-17T02:00:00Z,2023-05-17T04:00:00+0200,72.52,EUR/MWh,NL,NL,day_ahead_price,value,2026-08-05T16:12:12Z
2023-05-17T03:00:00Z,2023-05-17T05:00:00+0200,79.83,EUR/MWh,NL,NL,day_ahead_price,value,2026-08-05T16:12:12Z
2023-05-17T04:00:00Z,2023-05-17T06:00:00+0200,105.19,EUR/MWh,NL,NL,day_ahead_price,value,2026-08-05T16:12:12Z
2023-05-17T05:00:00Z,2023-05-17T07:00:00+0200,113.37,EUR/MWh,NL,NL,day_ahead_price,value,2026-08-05T16:12:12Z
2023-05-17T06:00:00Z,2023-05-17T08:00:00+0200,105.55,EUR/MWh,NL,NL,day_ahead_price,value,2026-08-05T16:12:12Z
2023-05-17T07:00:00Z,2023-05-17T09:00:00+0200,83.05,EUR/MWh,NL,NL,day_ahead_price,value,2026-08-05T16:12:12Z
2023-05-17T08:00:00Z,2023-05-17T10:00:00+0200,72.33,EUR/MWh,NL,NL,day_ahead_price,value,2026-08-05T16:12:12Z
2023-05-17T09:00:00Z,2023-05-17T11:00:00+0200,40.0,EUR/MWh,NL,NL,day_ahead_price,value,2026-08-05T16:12:12Z
2023-05-17T10:00:00Z,2023-05-17T12:00:00+0200,0.0,EUR/MWh,NL,NL,day_ahead_price,value,2026-08-05T16:12:12Z
2023-05-17T11:00:00Z,2023-05-17T13:00:00+0200,0.0,EUR/MWh,NL,NL,day_ahead_price,value,2026-08-05T16:12:12Z
2023-05-17T12:00:00Z,2023-05-17T14:00:00+0200,-3.91,EUR/MWh,NL,NL,day_ahead_price,value,2026-08-05T16:12:12Z
2023-05-17T13:00:00Z,2023-05-17T15:00:00+0200,6.01,EUR/MWh,NL,NL,day_ahead_price,value,2026-08-05T16:12:12Z
2023-05-17T14:00:00Z,2023-05-17T16:00:00+0200,34.67,EUR/MWh,NL,NL,day_ahead_price,value,2026-08-05T16:12:12Z
2023-05-17T15:00:00Z,2023-05-17T17:00:00+0200,79.09,EUR/MWh,NL,NL,day_ahead_price,value,2026-08-05T16:12:12Z
2023-05-17T16:00:00Z,2023-05-17T18:00:00+0200,101.59,EUR/MWh,NL,NL,day_ahead_price,value,2026-08-05T16:12:12Z
2023-05-17T17:00:00Z,2023-05-17T19:00:00+0200,109.9,EUR/MWh,NL,NL,day_ahead_price,value,2026-08-05T16:12:12Z
2023-05-17T18:00:00Z,2023-05-17T20:00:00+0200,132.91,EUR/MWh,NL,NL,day_ahead_price,value,2026-08-05T16:12:12Z
2023-05-17T19:00:00Z,2023-05-17T21:00:00+0200,128.15,EUR/MWh,NL,NL,day_ahead_price,value,2026-08-05T16:12:12Z
2023-05-17T20:00:00Z,2023-05-17T22:00:00+0200,111.0,EUR/MWh,NL,NL,day_ahead_price,value,2026-08-05T16:12:12Z
2023-05-17T21:00:00Z,2023-05-17T23:00:00+0200,102.49,EUR/MWh,NL,NL,day_ahead_price,value,2026-08-05T16:12:12Z
2023-05-17T22:00:00Z,2023-05-18T00:00:00+0200,100.59,EUR/MWh,NL,NL,day_ahead_price,value,2026-08-05T16:12:12Z
2023-05-17T23:00:00Z,2023-05-18T01:00:00+0200,94.9,EUR/MWh,NL,NL,day_ahead_price,value,2026-08-05T16:12:12Z
2023-05-18T00:00:00Z,2023-05-18T02:00:00+0200,89.24,EUR/MWh,NL,NL,day_ahead_price,value,2026-08-05T16:12:12Z
2023-05-18T01:00:00Z,2023-05-18T03:00:00+0200,88.92,EUR/MWh,NL,NL,day_ahead_price,value,2026-08-05T16:12:12Z
2023-05-18T02:00:00Z,2023-05-18T04:00:00+0200,94.38,EUR/MWh,NL,NL,day_ahead_price,value,2026-08-05T16:12:12Z
2023-05-18T03:00:00Z,2023-05-18T05:00:00+0200,98.4,EUR/MWh,NL,NL,day_ahead_price,value,2026-08-05T16:12:12Z
2023-05-18T04:00:00Z,2023-05-18T06:00:00+0200,98.38,EUR/MWh,NL,NL,day_ahead_price,value,2026-08-05T16:12:12Z
2023-05-18T05:00:00Z,2023-05-18T07:00:00+0200,94.9,EUR/MWh,NL,NL,day_ahead_price,value,2026-08-05T16:12:12Z
2023-05-18T06:00:00Z,2023-05-18T08:00:00+0200,90.48,EUR/MWh,NL,NL,day_ahead_price,value,2026-08-05T16:12:12Z
2023-05-18T07:00:00Z,2023-05-18T09:00:00+0200,81.45,EUR/MWh,NL,NL,day_ahead_price,value,2026-08-05T16:12:12Z
2023-05-18T08:00:00Z,2023-05-18T10:00:00+0200,72.64,EUR/MWh,NL,NL,day_ahead_price,value,2026-08-05T16:12:12Z
2023-05-18T09:00:00Z,2023-05-18T11:00:00+0200,65.03,EUR/MWh,NL,NL,day_ahead_price,value,2026-08-05T16:12:12Z
2023-05-18T10:00:00Z,2023-05-18T12:00:00+0200,62.87,EUR/MWh,NL,NL,day_ahead_price,value,2026-08-05T16:12:12Z
2023-05-18T11:00:00Z,2023-05-18T13:00:00+0200,43.52,EUR/MWh,NL,NL,day_ahead_price,value,2026-08-05T16:12:12Z
2023-05-18T12:00:00Z,2023-05-18T14:00:00+0200,29.41,EUR/MWh,NL,NL,day_ahead_price,value,2026-08-05T16:12:12Z
2023-05-18T13:00:00Z,2023-05-18T15:00:00+0200,43.08,EUR/MWh,NL,NL,day_ahead_price,value,2026-08-05T16:12:12Z
2023-05-18T14:00:00Z,2023-05-18T16:00:00+0200,71.56,EUR/MWh,NL,NL,day_ahead_price,value,2026-08-05T16:12:12Z
2023-05-18T15:00:00Z,2023-05-18T17:00:00+0200,84.55,EUR/MWh,NL,NL,day_ahead_price,value,2026-08-05T16:12:12Z
2023-05-18T16:00:00Z,2023-05-18T18:00:00+0200,102.66,EUR/MWh,NL,NL,day_ahead_price,value,2026-08-05T16:12:12Z
2023-05-18T17:00:00Z,2023-05-18T19:00:00+0200,115.44,EUR/MWh,NL,NL,day_ahead_price,value,2026-08-05T16:12:12Z
2023-05-18T18:00:00Z,2023-05-18T20:00:00+0200,125.81,EUR/MWh,NL,NL,day_ahead_price,value,2026-08-05T16:12:12Z
2023-05-18T19:00:00Z,2023-05-18T21:00:00+0200,116.89,EUR/MWh,NL,NL,day_ahead_price,value,2026-08-05T16:12:12Z
2023-05-18T20:00:00Z,2023-05-18T22:00:00+0200,109.61,EUR/MWh,NL,NL,day_ahead_price,value,2026-08-05T16:12:12Z
2023-05-18T21:00:00Z,2023-05-18T23:00:00+0200,98.76,EUR/MWh,NL,NL,day_ahead_price,value,2026-08-05T16:12:12Z
2023-05-18T22:00:00Z,2023-05-19T00:00:00+0200,93.02,EUR/MWh,NL,NL,day_ahead_price,value,2026-08-05T16:12:12Z
2023-05-18T23:00:00Z,2023-05-19T01:00:00+0200,83.2,EUR/MWh,NL,NL,day_ahead_price,value,2026-08-05T16:12:12Z
2023-05-19T00:00:00Z,2023-05-19T02:00:00+0200,80.23,EUR/MWh,NL,NL,day_ahead_price,value,2026-08-05T16:12:12Z
2023-05-19T01:00:00Z,2023-05-19T03:00:00+0200,77.03,EUR/MWh,NL,NL,day_ahead_price,value,2026-08-05T16:12:12Z
2023-05-19T02:00:00Z,2023-05-19T04:00:00+0200,83.2,EUR/MWh,NL,NL,day_ahead_price,value,2026-08-05T16:12:12Z
2023-05-19T03:00:00Z,2023-05-19T05:00:00+0200,97.92,EUR/MWh,NL,NL,day_ahead_price,value,2026-08-05T16:12:12Z
2023-05-19T04:00:00Z,2023-05-19T06:00:00+0200,107.75,EUR/MWh,NL,NL,day_ahead_price,value,2026-08-05T16:12:12Z
2023-05-19T05:00:00Z,2023-05-19T07:00:00+0200,109.32,EUR/MWh,NL,NL,day_ahead_price,value,2026-08-05T16:12:12Z
2023-05-19T06:00:00Z,2023-05-19T08:00:00+0200,106.0,EUR/MWh,NL,NL,day_ahead_price,value,2026-08-05T16:12:12Z
2023-05-19T07:00:00Z,2023-05-19T09:00:00+0200,93.29,EUR/MWh,NL,NL,day_ahead_price,value,2026-08-05T16:12:12Z
2023-05-19T08:00:00Z,2023-05-19T10:00:00+0200,69.43,EUR/MWh,NL,NL,day_ahead_price,value,2026-08-05T16:12:12Z
2023-05-19T09:00:00Z,2023-05-19T11:00:00+0200,59.2,EUR/MWh,NL,NL,day_ahead_price,value,2026-08-05T16:12:12Z
2023-05-19T10:00:00Z,2023-05-19T12:00:00+0200,57.17,EUR/MWh,NL,NL,day_ahead_price,value,2026-08-05T16:12:12Z
2023-05-19T11:00:00Z,2023-05-19T13:00:00+0200,57.79,EUR/MWh,NL,NL,day_ahead_price,value,2026-08-05T16:12:12Z
2023-05-19T12:00:00Z,2023-05-19T14:00:00+0200,57.93,EUR/MWh,NL,NL,day_ahead_price,value,2026-08-05T16:12:12Z
2023-05-19T13:00:00Z,2023-05-19T15:00:00+0200,63.62,EUR/MWh,NL,NL,day_ahead_price,value,2026-08-05T16:12:12Z
2023-05-19T14:00:00Z,2023-05-19T16:00:00+0200,70.12,EUR/MWh,NL,NL,day_ahead_price,value,2026-08-05T16:12:12Z
2023-05-19T15:00:00Z,2023-05-19T17:00:00+0200,85.3,EUR/MWh,NL,NL,day_ahead_price,value,2026-08-05T16:12:12Z
2023-05-19T16:00:00Z,2023-05-19T18:00:00+0200,100.95,EUR/MWh,NL,NL,day_ahead_price,value,2026-08-05T16:12:12Z
2023-05-19T17:00:00Z,2023-05-19T19:00:00+0200,114.21,EUR/MWh,NL,NL,day_ahead_price,value,2026-08-05T16:12:12Z
2023-05-19T18:00:00Z,2023-05-19T20:00:00+0200,114.51,EUR/MWh,NL,NL,day_ahead_price,value,2026-08-05T16:12:12Z
2023-05-19T19:00:00Z,2023-05-19T21:00:00+0200,104.22,EUR/MWh,NL,NL,day_ahead_price,value,2026-08-05T16:12:12Z
2023-05-19T20:00:00Z,2023-05-19T22:00:00+0200,99.79,EUR/MWh,NL,NL,day_ahead_price,value,2026-08-05T16:12:12Z
2023-05-19T21:00:00Z,2023-05-19T23:00:00+0200,85.78,EUR/MWh,NL,NL,day_ahead_price,value,2026-08-05T16:12:12Z
2023-05-19T22:00:00Z,2023-05-20T00:00:00+0200,78.74,EUR/MWh,NL,NL,day_ahead_price,value,2026-08-05T16:12:12Z
2023-05-19T23:00:00Z,2023-05-20T01:00:00+0200,74.0,EUR/MWh,NL,NL,day_ahead_price,value,2026-08-05T16:12:12Z
2023-05-20T00:00:00Z,2023-05-20T02:00:00+0200,68.07,EUR/MWh,NL,NL,day_ahead_price,value,2026-08-05T16:12:12Z
2023-05-20T01:00:00Z,2023-05-20T03:00:00+0200,65.33,EUR/MWh,NL,NL,day_ahead_price,value,2026-08-05T16:12:12Z
2023-05-20T02:00:00Z,2023-05-20T04:00:00+0200,64.65,EUR/MWh,NL,NL,day_ahead_price,value,2026-08-05T16:12:12Z
2023-05-20T03:00:00Z,2023-05-20T05:00:00+0200,64.9,EUR/MWh,NL,NL,day_ahead_price,value,2026-08-05T16:12:12Z
2023-05-20T04:00:00Z,2023-05-20T06:00:00+0200,62.08,EUR/MWh,NL,NL,day_ahead_price,value,2026-08-05T16:12:12Z
2023-05-20T05:00:00Z,2023-05-20T07:00:00+0200,62.46,EUR/MWh,NL,NL,day_ahead_price,value,2026-08-05T16:12:12Z
2023-05-20T06:00:00Z,2023-05-20T08:00:00+0200,59.76,EUR/MWh,NL,NL,day_ahead_price,value,2026-08-05T16:12:12Z
2023-05-20T07:00:00Z,2023-05-20T09:00:00+0200,40.04,EUR/MWh,NL,NL,day_ahead_price,value,2026-08-05T16:12:12Z
2023-05-20T08:00:00Z,2023-05-20T10:00:00+0200,1.94,EUR/MWh,NL,NL,day_ahead_price,value,2026-08-05T16:12:12Z
2023-05-20T09:00:00Z,2023-05-20T11:00:00+0200,-3.91,EUR/MWh,NL,NL,day_ahead_price,value,2026-08-05T16:12:12Z
2023-05-20T10:00:00Z,2023-05-20T12:00:00+0200,-12.83,EUR/MWh,NL,NL,day_ahead_price,value,2026-08-05T16:12:12Z
2023-05-20T11:00:00Z,2023-05-20T13:00:00+0200,-9.44,EUR/MWh,NL,NL,day_ahead_price,value,2026-08-05T16:12:12Z
2023-05-20T12:00:00Z,2023-05-20T14:00:00+0200,-0.17,EUR/MWh,NL,NL,day_ahead_price,value,2026-08-05T16:12:12Z
2023-05-20T13:00:00Z,2023-05-20T15:00:00+0200,0.0,EUR/MWh,NL,NL,day_ahead_price,value,2026-08-05T16:12:12Z
2023-05-20T14:00:00Z,2023-05-20T16:00:00+0200,1.32,EUR/MWh,NL,NL,day_ahead_price,value,2026-08-05T16:12:12Z
2023-05-20T15:00:00Z,2023-05-20T17:00:00+0200,25.94,EUR/MWh,NL,NL,day_ahead_price,value,2026-08-05T16:12:12Z
2023-05-20T16:00:00Z,2023-05-20T18:00:00+0200,53.68,EUR/MWh,NL,NL,day_ahead_price,value,2026-08-05T16:12:12Z
2023-05-20T17:00:00Z,2023-05-20T19:00:00+0200,78.44,EUR/MWh,NL,NL,day_ahead_price,value,2026-08-05T16:12:12Z
2023-05-20T18:00:00Z,2023-05-20T20:00:00+0200,87.69,EUR/MWh,NL,NL,day_ahead_price,value,2026-08-05T16:12:12Z
2023-05-20T19:00:00Z,2023-05-20T21:00:00+0200,81.06,EUR/MWh,NL,NL,day_ahead_price,value,2026-08-05T16:12:12Z
2023-05-20T20:00:00Z,2023-05-20T22:00:00+0200,78.6,EUR/MWh,NL,NL,day_ahead_price,value,2026-08-05T16:12:12Z
2023-05-20T21:00:00Z,2023-05-20T23:00:00+0200,73.02,EUR/MWh,NL,NL,day_ahead_price,value,2026-08-05T16:12:12Z
2023-05-20T22:00:00Z,2023-05-21T00:00:00+0200,52.2,EUR/MWh,NL,NL,day_ahead_price,value,2026-08-05T16:12:12Z
2023-05-20T23:00:00Z,2023-05-21T01:00:00+0200,40.04,EUR/MWh,NL,NL,day_ahead_price,value,2026-08-05T16:12:12Z
2023-05-21T00:00:00Z,2023-05-21T02:00:00+0200,33.88,EUR/MWh,NL,NL,day_ahead_price,value,2026-08-05T16:12:12Z
2023-05-21T01:00:00Z,2023-05-21T03:00:00+0200,28.77,EUR/MWh,NL,NL,day_ahead_price,value,2026-08-05T16:12:12Z
2023-05-21T02:00:00Z,2023-05-21T04:00:00+0200,29.96,EUR/MWh,NL,NL,day_ahead_price,value,2026-08-05T16:12:12Z
2023-05-21T03:00:00Z,2023-05-21T05:00:00+0200,28.25,EUR/MWh,NL,NL,day_ahead_price,value,2026-08-05T16:12:12Z
2023-05-21T04:00:00Z,2023-05-21T06:00:00+0200,30.79,EUR/MWh,NL,NL,day_ahead_price,value,2026-08-05T16:12:12Z
2023-05-21T05:00:00Z,2023-05-21T07:00:00+0200,27.55,EUR/MWh,NL,NL,day_ahead_price,value,2026-08-05T16:12:12Z
2023-05-21T06:00:00Z,2023-05-21T08:00:00+0200,20.0,EUR/MWh,NL,NL,day_ahead_price,value,2026-08-05T16:12:12Z
2023-05-21T07:00:00Z,2023-05-21T09:00:00+0200,2.14,EUR/MWh,NL,NL,day_ahead_price,value,2026-08-05T16:12:12Z
2023-05-21T08:00:00Z,2023-05-21T10:00:00+0200,0.0,EUR/MWh,NL,NL,day_ahead_price,value,2026-08-05T16:12:12Z
2023-05-21T09:00:00Z,2023-05-21T11:00:00+0200,-3.9,EUR/MWh,NL,NL,day_ahead_price,value,2026-08-05T16:12:12Z
2023-05-21T10:00:00Z,2023-05-21T12:00:00+0200,-76.0,EUR/MWh,NL,NL,day_ahead_price,value,2026-08-05T16:12:12Z
2023-05-21T11:00:00Z,2023-05-21T13:00:00+0200,-50.0,EUR/MWh,NL,NL,day_ahead_price,value,2026-08-05T16:12:12Z
2023-05-21T12:00:00Z,2023-05-21T14:00:00+0200,-58.32,EUR/MWh,NL,NL,day_ahead_price,value,2026-08-05T16:12:12Z
2023-05-21T13:00:00Z,2023-05-21T15:00:00+0200,-25.67,EUR/MWh,NL,NL,day_ahead_price,value,2026-08-05T16:12:12Z
2023-05-21T14:00:00Z,2023-05-21T16:00:00+0200,-0.41,EUR/MWh,NL,NL,day_ahead_price,value,2026-08-05T16:12:12Z
2023-05-21T15:00:00Z,2023-05-21T17:00:00+0200,2.22,EUR/MWh,NL,NL,day_ahead_price,value,2026-08-05T16:12:12Z
2023-05-21T16:00:00Z,2023-05-21T18:00:00+0200,41.34,EUR/MWh,NL,NL,day_ahead_price,value,2026-08-05T16:12:12Z
2023-05-21T17:00:00Z,2023-05-21T19:00:00+0200,85.49,EUR/MWh,NL,NL,day_ahead_price,value,2026-08-05T16:12:12Z
2023-05-21T18:00:00Z,2023-05-21T20:00:00+0200,90.87,EUR/MWh,NL,NL,day_ahead_price,value,2026-08-05T16:12:12Z
2023-05-21T19:00:00Z,2023-05-21T21:00:00+0200,91.0,EUR/MWh,NL,NL,day_ahead_price,value,2026-08-05T16:12:12Z
2023-05-21T20:00:00Z,2023-05-21T22:00:00+0200,89.94,EUR/MWh,NL,NL,day_ahead_price,value,2026-08-05T16:12:12Z
2023-05-21T21:00:00Z,2023-05-21T23:00:00+0200,83.5,EUR/MWh,NL,NL,day_ahead_price,value,2026-08-05T16:12:12Z
2023-05-21T22:00:00Z,2023-05-22T00:00:00+0200,88.29,EUR/MWh,NL,NL,day_ahead_price,value,2026-08-05T16:12:12Z
2023-05-21T23:00:00Z,2023-05-22T01:00:00+0200,80.06,EUR/MWh,NL,NL,day_ahead_price,value,2026-08-05T16:12:12Z
2023-05-22T00:00:00Z,2023-05-22T02:00:00+0200,78.31,EUR/MWh,NL,NL,day_ahead_price,value,2026-08-05T16:12:12Z
2023-05-22T01:00:00Z,2023-05-22T03:00:00+0200,77.8,EUR/MWh,NL,NL,day_ahead_price,value,2026-08-05T16:12:12Z
2023-05-22T02:00:00Z,2023-05-22T04:00:00+0200,81.0,EUR/MWh,NL,NL,day_ahead_price,value,2026-08-05T16:12:12Z
2023-05-22T03:00:00Z,2023-05-22T05:00:00+0200,97.88,EUR/MWh,NL,NL,day_ahead_price,value,2026-08-05T16:12:12Z
2023-05-22T04:00:00Z,2023-05-22T06:00:00+0200,110.26,EUR/MWh,NL,NL,day_ahead_price,value,2026-08-05T16:12:12Z
2023-05-22T05:00:00Z,2023-05-22T07:00:00+0200,118.31,EUR/MWh,NL,NL,day_ahead_price,value,2026-08-05T16:12:12Z
2023-05-22T06:00:00Z,2023-05-22T08:00:00+0200,113.42,EUR/MWh,NL,NL,day_ahead_price,value,2026-08-05T16:12:12Z
2023-05-22T07:00:00Z,2023-05-22T09:00:00+0200,102.31,EUR/MWh,NL,NL,day_ahead_price,value,2026-08-05T16:12:12Z
2023-05-22T08:00:00Z,2023-05-22T10:00:00+0200,86.97,EUR/MWh,NL,NL,day_ahead_price,value,2026-08-05T16:12:12Z
2023-05-22T09:00:00Z,2023-05-22T11:00:00+0200,74.24,EUR/MWh,NL,NL,day_ahead_price,value,2026-08-05T16:12:12Z
2023-05-22T10:00:00Z,2023-05-22T12:00:00+0200,57.33,EUR/MWh,NL,NL,day_ahead_price,value,2026-08-05T16:12:12Z
2023-05-22T11:00:00Z,2023-05-22T13:00:00+0200,55.97,EUR/MWh,NL,NL,day_ahead_price,value,2026-08-05T16:12:12Z
2023-05-22T12:00:00Z,2023-05-22T14:00:00+0200,67.6,EUR/MWh,NL,NL,day_ahead_price,value,2026-08-05T16:12:12Z
2023-05-22T13:00:00Z,2023-05-22T15:00:00+0200,68.25,EUR/MWh,NL,NL,day_ahead_price,value,2026-08-05T16:12:12Z
2023-05-22T14:00:00Z,2023-05-22T16:00:00+0200,70.8,EUR/MWh,NL,NL,day_ahead_price,value,2026-08-05T16:12:12Z
2023-05-22T15:00:00Z,2023-05-22T17:00:00+0200,78.7,EUR/MWh,NL,NL,day_ahead_price,value,2026-08-05T16:12:12Z
2023-05-22T16:00:00Z,2023-05-22T18:00:00+0200,90.0,EUR/MWh,NL,NL,day_ahead_price,value,2026-08-05T16:12:12Z
2023-05-22T17:00:00Z,2023-05-22T19:00:00+0200,105.42,EUR/MWh,NL,NL,day_ahead_price,value,2026-08-05T16:12:12Z
2023-05-22T18:00:00Z,2023-05-22T20:00:00+0200,119.0,EUR/MWh,NL,NL,day_ahead_price,value,2026-08-05T16:12:12Z
2023-05-22T19:00:00Z,2023-05-22T21:00:00+0200,112.8,EUR/MWh,NL,NL,day_ahead_price,value,2026-08-05T16:12:12Z
2023-05-22T20:00:00Z,2023-05-22T22:00:00+0200,104.24,EUR/MWh,NL,NL,day_ahead_price,value,2026-08-05T16:12:12Z
2023-05-22T21:00:00Z,2023-05-22T23:00:00+0200,84.48,EUR/MWh,NL,NL,day_ahead_price,value,2026-08-05T16:12:12Z
2023-05-22T22:00:00Z,2023-05-23T00:00:00+0200,91.14,EUR/MWh,NL,NL,day_ahead_price,value,2026-08-05T16:12:12Z
2023-05-22T23:00:00Z,2023-05-23T01:00:00+0200,77.66,EUR/MWh,NL,NL,day_ahead_price,value,2026-08-05T16:12:12Z
2023-05-23T00:00:00Z,2023-05-23T02:00:00+0200,76.02,EUR/MWh,NL,NL,day_ahead_price,value,2026-08-05T16:12:12Z
2023-05-23T01:00:00Z,2023-05-23T03:00:00+0200,68.32,EUR/MWh,NL,NL,day_ahead_price,value,2026-08-05T16:12:12Z
2023-05-23T02:00:00Z,2023-05-23T04:00:00+0200,66.97,EUR/MWh,NL,NL,day_ahead_price,value,2026-08-05T16:12:12Z
2023-05-23T03:00:00Z,2023-05-23T05:00:00+0200,75.78,EUR/MWh,NL,NL,day_ahead_price,value,2026-08-05T16:12:12Z
2023-05-23T04:00:00Z,2023-05-23T06:00:00+0200,97.5,EUR/MWh,NL,NL,day_ahead_price,value,2026-08-05T16:12:12Z
2023-05-23T05:00:00Z,2023-05-23T07:00:00+0200,104.14,EUR/MWh,NL,NL,day_ahead_price,value,2026-08-05T16:12:12Z
2023-05-23T06:00:00Z,2023-05-23T08:00:00+0200,101.0,EUR/MWh,NL,NL,day_ahead_price,value,2026-08-05T16:12:12Z
2023-05-23T07:00:00Z,2023-05-23T09:00:00+0200,90.0,EUR/MWh,NL,NL,day_ahead_price,value,2026-08-05T16:12:12Z
2023-05-23T08:00:00Z,2023-05-23T10:00:00+0200,61.6,EUR/MWh,NL,NL,day_ahead_price,value,2026-08-05T16:12:12Z
2023-05-23T09:00:00Z,2023-05-23T11:00:00+0200,25.0,EUR/MWh,NL,NL,day_ahead_price,value,2026-08-05T16:12:12Z
2023-05-23T10:00:00Z,2023-05-23T12:00:00+0200,7.1,EUR/MWh,NL,NL,day_ahead_price,value,2026-08-05T16:12:12Z
2023-05-23T11:00:00Z,2023-05-23T13:00:00+0200,-10.04,EUR/MWh,NL,NL,day_ahead_price,value,2026-08-05T16:12:12Z
2023-05-23T12:00:00Z,2023-05-23T14:00:00+0200,-20.0,EUR/MWh,NL,NL,day_ahead_price,value,2026-08-05T16:12:12Z
2023-05-23T13:00:00Z,2023-05-23T15:00:00+0200,-15.08,EUR/MWh,NL,NL,day_ahead_price,value,2026-08-05T16:12:12Z
2023-05-23T14:00:00Z,2023-05-23T16:00:00+0200,-10.0,EUR/MWh,NL,NL,day_ahead_price,value,2026-08-05T16:12:12Z
2023-05-23T15:00:00Z,2023-05-23T17:00:00+0200,56.54,EUR/MWh,NL,NL,day_ahead_price,value,2026-08-05T16:12:12Z
2023-05-23T16:00:00Z,2023-05-23T18:00:00+0200,71.8,EUR/MWh,NL,NL,day_ahead_price,value,2026-08-05T16:12:12Z
2023-05-23T17:00:00Z,2023-05-23T19:00:00+0200,95.88,EUR/MWh,NL,NL,day_ahead_price,value,2026-08-05T16:12:12Z
2023-05-23T18:00:00Z,2023-05-23T20:00:00+0200,101.58,EUR/MWh,NL,NL,day_ahead_price,value,2026-08-05T16:12:12Z
2023-05-23T19:00:00Z,2023-05-23T21:00:00+0200,103.2,EUR/MWh,NL,NL,day_ahead_price,value,2026-08-05T16:12:12Z
2023-05-23T20:00:00Z,2023-05-23T22:00:00+0200,100.21,EUR/MWh,NL,NL,day_ahead_price,value,2026-08-05T16:12:12Z
2023-05-23T21:00:00Z,2023-05-23T23:00:00+0200,93.78,EUR/MWh,NL,NL,day_ahead_price,value,2026-08-05T16:12:12Z
2023-05-23T22:00:00Z,2023-05-24T00:00:00+0200,83.0,EUR/MWh,NL,NL,day_ahead_price,value,2026-08-05T16:12:12Z
2023-05-23T23:00:00Z,2023-05-24T01:00:00+0200,76.09,EUR/MWh,NL,NL,day_ahead_price,value,2026-08-05T16:12:12Z
2023-05-24T00:00:00Z,2023-05-24T02:00:00+0200,75.13,EUR/MWh,NL,NL,day_ahead_price,value,2026-08-05T16:12:12Z
2023-05-24T01:00:00Z,2023-05-24T03:00:00+0200,76.02,EUR/MWh,NL,NL,day_ahead_price,value,2026-08-05T16:12:12Z
2023-05-24T02:00:00Z,2023-05-24T04:00:00+0200,76.44,EUR/MWh,NL,NL,day_ahead_price,value,2026-08-05T16:12:12Z
2023-05-24T03:00:00Z,2023-05-24T05:00:00+0200,85.53,EUR/MWh,NL,NL,day_ahead_price,value,2026-08-05T16:12:12Z
2023-05-24T04:00:00Z,2023-05-24T06:00:00+0200,105.58,EUR/MWh,NL,NL,day_ahead_price,value,2026-08-05T16:12:12Z
2023-05-24T05:00:00Z,2023-05-24T07:00:00+0200,121.47,EUR/MWh,NL,NL,day_ahead_price,value,2026-08-05T16:12:12Z
2023-05-24T06:00:00Z,2023-05-24T08:00:00+0200,109.66,EUR/MWh,NL,NL,day_ahead_price,value,2026-08-05T16:12:12Z
2023-05-24T07:00:00Z,2023-05-24T09:00:00+0200,97.7,EUR/MWh,NL,NL,day_ahead_price,value,2026-08-05T16:12:12Z
2023-05-24T08:00:00Z,2023-05-24T10:00:00+0200,85.92,EUR/MWh,NL,NL,day_ahead_price,value,2026-08-05T16:12:12Z
2023-05-24T09:00:00Z,2023-05-24T11:00:00+0200,81.0,EUR/MWh,NL,NL,day_ahead_price,value,2026-08-05T16:12:12Z
2023-05-24T10:00:00Z,2023-05-24T12:00:00+0200,80.58,EUR/MWh,NL,NL,day_ahead_price,value,2026-08-05T16:12:12Z
2023-05-24T11:00:00Z,2023-05-24T13:00:00+0200,71.08,EUR/MWh,NL,NL,day_ahead_price,value,2026-08-05T16:12:12Z
2023-05-24T12:00:00Z,2023-05-24T14:00:00+0200,75.21,EUR/MWh,NL,NL,day_ahead_price,value,2026-08-05T16:12:12Z
2023-05-24T13:00:00Z,2023-05-24T15:00:00+0200,67.6,EUR/MWh,NL,NL,day_ahead_price,value,2026-08-05T16:12:12Z
2023-05-24T14:00:00Z,2023-05-24T16:00:00+0200,80.0,EUR/MWh,NL,NL,day_ahead_price,value,2026-08-05T16:12:12Z
2023-05-24T15:00:00Z,2023-05-24T17:00:00+0200,78.97,EUR/MWh,NL,NL,day_ahead_price,value,2026-08-05T16:12:12Z
2023-05-24T16:00:00Z,2023-05-24T18:00:00+0200,109.97,EUR/MWh,NL,NL,day_ahead_price,value,2026-08-05T16:12:12Z
2023-05-24T17:00:00Z,2023-05-24T19:00:00+0200,136.0,EUR/MWh,NL,NL,day_ahead_price,value,2026-08-05T16:12:12Z
2023-05-24T18:00:00Z,2023-05-24T20:00:00+0200,142.0,EUR/MWh,NL,NL,day_ahead_price,value,2026-08-05T16:12:12Z
2023-05-24T19:00:00Z,2023-05-24T21:00:00+0200,148.4,EUR/MWh,NL,NL,day_ahead_price,value,2026-08-05T16:12:12Z
2023-05-24T20:00:00Z,2023-05-24T22:00:00+0200,114.64,EUR/MWh,NL,NL,day_ahead_price,value,2026-08-05T16:12:12Z
2023-05-24T21:00:00Z,2023-05-24T23:00:00+0200,102.96,EUR/MWh,NL,NL,day_ahead_price,value,2026-08-05T16:12:12Z
2023-05-24T22:00:00Z,2023-05-25T00:00:00+0200,102.1,EUR/MWh,NL,NL,day_ahead_price,value,2026-08-05T16:12:12Z
2023-05-24T23:00:00Z,2023-05-25T01:00:00+0200,89.78,EUR/MWh,NL,NL,day_ahead_price,value,2026-08-05T16:12:12Z
2023-05-25T00:00:00Z,2023-05-25T02:00:00+0200,82.0,EUR/MWh,NL,NL,day_ahead_price,value,2026-08-05T16:12:12Z
2023-05-25T01:00:00Z,2023-05-25T03:00:00+0200,87.27,EUR/MWh,NL,NL,day_ahead_price,value,2026-08-05T16:12:12Z
2023-05-25T02:00:00Z,2023-05-25T04:00:00+0200,76.8,EUR/MWh,NL,NL,day_ahead_price,value,2026-08-05T16:12:12Z
2023-05-25T03:00:00Z,2023-05-25T05:00:00+0200,80.1,EUR/MWh,NL,NL,day_ahead_price,value,2026-08-05T16:12:12Z
2023-05-25T04:00:00Z,2023-05-25T06:00:00+0200,101.2,EUR/MWh,NL,NL,day_ahead_price,value,2026-08-05T16:12:12Z
2023-05-25T05:00:00Z,2023-05-25T07:00:00+0200,119.49,EUR/MWh,NL,NL,day_ahead_price,value,2026-08-05T16:12:12Z
2023-05-25T06:00:00Z,2023-05-25T08:00:00+0200,104.0,EUR/MWh,NL,NL,day_ahead_price,value,2026-08-05T16:12:12Z
2023-05-25T07:00:00Z,2023-05-25T09:00:00+0200,83.35,EUR/MWh,NL,NL,day_ahead_price,value,2026-08-05T16:12:12Z
2023-05-25T08:00:00Z,2023-05-25T10:00:00+0200,70.85,EUR/MWh,NL,NL,day_ahead_price,value,2026-08-05T16:12:12Z
2023-05-25T09:00:00Z,2023-05-25T11:00:00+0200,45.0,EUR/MWh,NL,NL,day_ahead_price,value,2026-08-05T16:12:12Z
2023-05-25T10:00:00Z,2023-05-25T12:00:00+0200,32.76,EUR/MWh,NL,NL,day_ahead_price,value,2026-08-05T16:12:12Z
2023-05-25T11:00:00Z,2023-05-25T13:00:00+0200,13.0,EUR/MWh,NL,NL,day_ahead_price,value,2026-08-05T16:12:12Z
2023-05-25T12:00:00Z,2023-05-25T14:00:00+0200,-3.91,EUR/MWh,NL,NL,day_ahead_price,value,2026-08-05T16:12:12Z
2023-05-25T13:00:00Z,2023-05-25T15:00:00+0200,-0.13,EUR/MWh,NL,NL,day_ahead_price,value,2026-08-05T16:12:12Z
2023-05-25T14:00:00Z,2023-05-25T16:00:00+0200,-3.9,EUR/MWh,NL,NL,day_ahead_price,value,2026-08-05T16:12:12Z
2023-05-25T15:00:00Z,2023-05-25T17:00:00+0200,54.9,EUR/MWh,NL,NL,day_ahead_price,value,2026-08-05T16:12:12Z
2023-05-25T16:00:00Z,2023-05-25T18:00:00+0200,84.92,EUR/MWh,NL,NL,day_ahead_price,value,2026-08-05T16:12:12Z
2023-05-25T17:00:00Z,2023-05-25T19:00:00+0200,107.11,EUR/MWh,NL,NL,day_ahead_price,value,2026-08-05T16:12:12Z
2023-05-25T18:00:00Z,2023-05-25T20:00:00+0200,121.71,EUR/MWh,NL,NL,day_ahead_price,value,2026-08-05T16:12:12Z
2023-05-25T19:00:00Z,2023-05-25T21:00:00+0200,107.13,EUR/MWh,NL,NL,day_ahead_price,value,2026-08-05T16:12:12Z
2023-05-25T20:00:00Z,2023-05-25T22:00:00+0200,100.47,EUR/MWh,NL,NL,day_ahead_price,value,2026-08-05T16:12:12Z
2023-05-25T21:00:00Z,2023-05-25T23:00:00+0200,90.94,EUR/MWh,NL,NL,day_ahead_price,value,2026-08-05T16:12:12Z
2023-05-25T22:00:00Z,2023-05-26T00:00:00+0200,88.11,EUR/MWh,NL,NL,day_ahead_price,value,2026-08-05T16:12:12Z
2023-05-25T23:00:00Z,2023-05-26T01:00:00+0200,76.4,EUR/MWh,NL,NL,day_ahead_price,value,2026-08-05T16:12:12Z
2023-05-26T00:00:00Z,2023-05-26T02:00:00+0200,74.53,EUR/MWh,NL,NL,day_ahead_price,value,2026-08-05T16:12:12Z
2023-05-26T01:00:00Z,2023-05-26T03:00:00+0200,74.0,EUR/MWh,NL,NL,day_ahead_price,value,2026-08-05T16:12:12Z
2023-05-26T02:00:00Z,2023-05-26T04:00:00+0200,77.69,EUR/MWh,NL,NL,day_ahead_price,value,2026-08-05T16:12:12Z
2023-05-26T03:00:00Z,2023-05-26T05:00:00+0200,87.44,EUR/MWh,NL,NL,day_ahead_price,value,2026-08-05T16:12:12Z
2023-05-26T04:00:00Z,2023-05-26T06:00:00+0200,102.42,EUR/MWh,NL,NL,day_ahead_price,value,2026-08-05T16:12:12Z
2023-05-26T05:00:00Z,2023-05-26T07:00:00+0200,103.06,EUR/MWh,NL,NL,day_ahead_price,value,2026-08-05T16:12:12Z
2023-05-26T06:00:00Z,2023-05-26T08:00:00+0200,95.0,EUR/MWh,NL,NL,day_ahead_price,value,2026-08-05T16:12:12Z
2023-05-26T07:00:00Z,2023-05-26T09:00:00+0200,74.9,EUR/MWh,NL,NL,day_ahead_price,value,2026-08-05T16:12:12Z
2023-05-26T08:00:00Z,2023-05-26T10:00:00+0200,38.54,EUR/MWh,NL,NL,day_ahead_price,value,2026-08-05T16:12:12Z
2023-05-26T09:00:00Z,2023-05-26T11:00:00+0200,4.02,EUR/MWh,NL,NL,day_ahead_price,value,2026-08-05T16:12:12Z
2023-05-26T10:00:00Z,2023-05-26T12:00:00+0200,-3.91,EUR/MWh,NL,NL,day_ahead_price,value,2026-08-05T16:12:12Z
2023-05-26T11:00:00Z,2023-05-26T13:00:00+0200,-25.34,EUR/MWh,NL,NL,day_ahead_price,value,2026-08-05T16:12:12Z
2023-05-26T12:00:00Z,2023-05-26T14:00:00+0200,-19.9,EUR/MWh,NL,NL,day_ahead_price,value,2026-08-05T16:12:12Z
2023-05-26T13:00:00Z,2023-05-26T15:00:00+0200,-10.01,EUR/MWh,NL,NL,day_ahead_price,value,2026-08-05T16:12:12Z
2023-05-26T14:00:00Z,2023-05-26T16:00:00+0200,-3.9,EUR/MWh,NL,NL,day_ahead_price,value,2026-08-05T16:12:12Z
2023-05-26T15:00:00Z,2023-05-26T17:00:00+0200,44.9,EUR/MWh,NL,NL,day_ahead_price,value,2026-08-05T16:12:12Z
2023-05-26T16:00:00Z,2023-05-26T18:00:00+0200,80.9,EUR/MWh,NL,NL,day_ahead_price,value,2026-08-05T16:12:12Z
2023-05-26T17:00:00Z,2023-05-26T19:00:00+0200,80.49,EUR/MWh,NL,NL,day_ahead_price,value,2026-08-05T16:12:12Z
2023-05-26T18:00:00Z,2023-05-26T20:00:00+0200,113.98,EUR/MWh,NL,NL,day_ahead_price,value,2026-08-05T16:12:12Z
2023-05-26T19:00:00Z,2023-05-26T21:00:00+0200,109.46,EUR/MWh,NL,NL,day_ahead_price,value,2026-08-05T16:12:12Z
2023-05-26T20:00:00Z,2023-05-26T22:00:00+0200,99.5,EUR/MWh,NL,NL,day_ahead_price,value,2026-08-05T16:12:12Z
2023-05-26T21:00:00Z,2023-05-26T23:00:00+0200,92.5,EUR/MWh,NL,NL,day_ahead_price,value,2026-08-05T16:12:12Z
2023-05-26T22:00:00Z,2023-05-27T00:00:00+0200,89.72,EUR/MWh,NL,NL,day_ahead_price,value,2026-08-05T16:12:12Z
2023-05-26T23:00:00Z,2023-05-27T01:00:00+0200,83.51,EUR/MWh,NL,NL,day_ahead_price,value,2026-08-05T16:12:12Z
2023-05-27T00:00:00Z,2023-05-27T02:00:00+0200,84.73,EUR/MWh,NL,NL,day_ahead_price,value,2026-08-05T16:12:12Z
2023-05-27T01:00:00Z,2023-05-27T03:00:00+0200,86.0,EUR/MWh,NL,NL,day_ahead_price,value,2026-08-05T16:12:12Z
2023-05-27T02:00:00Z,2023-05-27T04:00:00+0200,89.82,EUR/MWh,NL,NL,day_ahead_price,value,2026-08-05T16:12:12Z
2023-05-27T03:00:00Z,2023-05-27T05:00:00+0200,88.62,EUR/MWh,NL,NL,day_ahead_price,value,2026-08-05T16:12:12Z
2023-05-27T04:00:00Z,2023-05-27T06:00:00+0200,82.7,EUR/MWh,NL,NL,day_ahead_price,value,2026-08-05T16:12:12Z
2023-05-27T05:00:00Z,2023-05-27T07:00:00+0200,82.99,EUR/MWh,NL,NL,day_ahead_price,value,2026-08-05T16:12:12Z
2023-05-27T06:00:00Z,2023-05-27T08:00:00+0200,72.61,EUR/MWh,NL,NL,day_ahead_price,value,2026-08-05T16:12:12Z
2023-05-27T07:00:00Z,2023-05-27T09:00:00+0200,55.06,EUR/MWh,NL,NL,day_ahead_price,value,2026-08-05T16:12:12Z
2023-05-27T08:00:00Z,2023-05-27T10:00:00+0200,16.37,EUR/MWh,NL,NL,day_ahead_price,value,2026-08-05T16:12:12Z
2023-05-27T09:00:00Z,2023-05-27T11:00:00+0200,1.45,EUR/MWh,NL,NL,day_ahead_price,value,2026-08-05T16:12:12Z
2023-05-27T10:00:00Z,2023-05-27T12:00:00+0200,0.0,EUR/MWh,NL,NL,day_ahead_price,value,2026-08-05T16:12:12Z
2023-05-27T11:00:00Z,2023-05-27T13:00:00+0200,-13.16,EUR/MWh,NL,NL,day_ahead_price,value,2026-08-05T16:12:12Z
2023-05-27T12:00:00Z,2023-05-27T14:00:00+0200,-26.36,EUR/MWh,NL,NL,day_ahead_price,value,2026-08-05T16:12:12Z
2023-05-27T13:00:00Z,2023-05-27T15:00:00+0200,-200.0,EUR/MWh,NL,NL,day_ahead_price,value,2026-08-05T16:12:12Z
2023-05-27T14:00:00Z,2023-05-27T16:00:00+0200,2.26,EUR/MWh,NL,NL,day_ahead_price,value,2026-08-05T16:12:12Z
2023-05-27T15:00:00Z,2023-05-27T17:00:00+0200,55.08,EUR/MWh,NL,NL,day_ahead_price,value,2026-08-05T16:12:12Z
2023-05-27T16:00:00Z,2023-05-27T18:00:00+0200,84.85,EUR/MWh,NL,NL,day_ahead_price,value,2026-08-05T16:12:12Z
2023-05-27T17:00:00Z,2023-05-27T19:00:00+0200,90.67,EUR/MWh,NL,NL,day_ahead_price,value,2026-08-05T16:12:12Z
2023-05-27T18:00:00Z,2023-05-27T20:00:00+0200,104.97,EUR/MWh,NL,NL,day_ahead_price,value,2026-08-05T16:12:12Z
2023-05-27T19:00:00Z,2023-05-27T21:00:00+0200,112.45,EUR/MWh,NL,NL,day_ahead_price,value,2026-08-05T16:12:12Z
2023-05-27T20:00:00Z,2023-05-27T22:00:00+0200,99.96,EUR/MWh,NL,NL,day_ahead_price,value,2026-08-05T16:12:12Z
2023-05-27T21:00:00Z,2023-05-27T23:00:00+0200,94.71,EUR/MWh,NL,NL,day_ahead_price,value,2026-08-05T16:12:12Z
2023-05-27T22:00:00Z,2023-05-28T00:00:00+0200,87.09,EUR/MWh,NL,NL,day_ahead_price,value,2026-08-05T16:12:12Z
2023-05-27T23:00:00Z,2023-05-28T01:00:00+0200,84.0,EUR/MWh,NL,NL,day_ahead_price,value,2026-08-05T16:12:12Z
2023-05-28T00:00:00Z,2023-05-28T02:00:00+0200,81.92,EUR/MWh,NL,NL,day_ahead_price,value,2026-08-05T16:12:12Z
2023-05-28T01:00:00Z,2023-05-28T03:00:00+0200,77.87,EUR/MWh,NL,NL,day_ahead_price,value,2026-08-05T16:12:12Z
2023-05-28T02:00:00Z,2023-05-28T04:00:00+0200,77.86,EUR/MWh,NL,NL,day_ahead_price,value,2026-08-05T16:12:12Z
2023-05-28T03:00:00Z,2023-05-28T05:00:00+0200,76.47,EUR/MWh,NL,NL,day_ahead_price,value,2026-08-05T16:12:12Z
2023-05-28T04:00:00Z,2023-05-28T06:00:00+0200,71.82,EUR/MWh,NL,NL,day_ahead_price,value,2026-08-05T16:12:12Z
2023-05-28T05:00:00Z,2023-05-28T07:00:00+0200,64.97,EUR/MWh,NL,NL,day_ahead_price,value,2026-08-05T16:12:12Z
2023-05-28T06:00:00Z,2023-05-28T08:00:00+0200,37.7,EUR/MWh,NL,NL,day_ahead_price,value,2026-08-05T16:12:12Z
2023-05-28T07:00:00Z,2023-05-28T09:00:00+0200,0.0,EUR/MWh,NL,NL,day_ahead_price,value,2026-08-05T16:12:12Z
2023-05-28T08:00:00Z,2023-05-28T10:00:00+0200,-4.89,EUR/MWh,NL,NL,day_ahead_price,value,2026-08-05T16:12:12Z
2023-05-28T09:00:00Z,2023-05-28T11:00:00+0200,-27.87,EUR/MWh,NL,NL,day_ahead_price,value,2026-08-05T16:12:12Z
2023-05-28T10:00:00Z,2023-05-28T12:00:00+0200,-101.6,EUR/MWh,NL,NL,day_ahead_price,value,2026-08-05T16:12:12Z
2023-05-28T11:00:00Z,2023-05-28T13:00:00+0200,-235.96,EUR/MWh,NL,NL,day_ahead_price,value,2026-08-05T16:12:12Z
2023-05-28T12:00:00Z,2023-05-28T14:00:00+0200,-400.0,EUR/MWh,NL,NL,day_ahead_price,value,2026-08-05T16:12:12Z
2023-05-28T13:00:00Z,2023-05-28T15:00:00+0200,-162.55,EUR/MWh,NL,NL,day_ahead_price,value,2026-08-05T16:12:12Z
2023-05-28T14:00:00Z,2023-05-28T16:00:00+0200,-23.51,EUR/MWh,NL,NL,day_ahead_price,value,2026-08-05T16:12:12Z
2023-05-28T15:00:00Z,2023-05-28T17:00:00+0200,-0.06,EUR/MWh,NL,NL,day_ahead_price,value,2026-08-05T16:12:12Z
2023-05-28T16:00:00Z,2023-05-28T18:00:00+0200,50.0,EUR/MWh,NL,NL,day_ahead_price,value,2026-08-05T16:12:12Z
2023-05-28T17:00:00Z,2023-05-28T19:00:00+0200,72.9,EUR/MWh,NL,NL,day_ahead_price,value,2026-08-05T16:12:12Z
2023-05-28T18:00:00Z,2023-05-28T20:00:00+0200,80.29,EUR/MWh,NL,NL,day_ahead_price,value,2026-08-05T16:12:12Z
2023-05-28T19:00:00Z,2023-05-28T21:00:00+0200,78.01,EUR/MWh,NL,NL,day_ahead_price,value,2026-08-05T16:12:12Z
2023-05-28T20:00:00Z,2023-05-28T22:00:00+0200,73.89,EUR/MWh,NL,NL,day_ahead_price,value,2026-08-05T16:12:12Z
2023-05-28T21:00:00Z,2023-05-28T23:00:00+0200,69.5,EUR/MWh,NL,NL,day_ahead_price,value,2026-08-05T16:12:12Z
2023-05-28T22:00:00Z,2023-05-29T00:00:00+0200,59.23,EUR/MWh,NL,NL,day_ahead_price,value,2026-08-05T16:12:12Z
2023-05-28T23:00:00Z,2023-05-29T01:00:00+0200,53.9,EUR/MWh,NL,NL,day_ahead_price,value,2026-08-05T16:12:12Z
2023-05-29T00:00:00Z,2023-05-29T02:00:00+0200,51.82,EUR/MWh,NL,NL,day_ahead_price,value,2026-08-05T16:12:12Z
2023-05-29T01:00:00Z,2023-05-29T03:00:00+0200,48.19,EUR/MWh,NL,NL,day_ahead_price,value,2026-08-05T16:12:12Z
2023-05-29T02:00:00Z,2023-05-29T04:00:00+0200,53.4,EUR/MWh,NL,NL,day_ahead_price,value,2026-08-05T16:12:12Z
2023-05-29T03:00:00Z,2023-05-29T05:00:00+0200,62.04,EUR/MWh,NL,NL,day_ahead_price,value,2026-08-05T16:12:12Z
2023-05-29T04:00:00Z,2023-05-29T06:00:00+0200,66.3,EUR/MWh,NL,NL,day_ahead_price,value,2026-08-05T16:12:12Z
2023-05-29T05:00:00Z,2023-05-29T07:00:00+0200,58.71,EUR/MWh,NL,NL,day_ahead_price,value,2026-08-05T16:12:12Z
2023-05-29T06:00:00Z,2023-05-29T08:00:00+0200,29.92,EUR/MWh,NL,NL,day_ahead_price,value,2026-08-05T16:12:12Z
2023-05-29T07:00:00Z,2023-05-29T09:00:00+0200,0.0,EUR/MWh,NL,NL,day_ahead_price,value,2026-08-05T16:12:12Z
2023-05-29T08:00:00Z,2023-05-29T10:00:00+0200,-2.11,EUR/MWh,NL,NL,day_ahead_price,value,2026-08-05T16:12:12Z
2023-05-29T09:00:00Z,2023-05-29T11:00:00+0200,-40.0,EUR/MWh,NL,NL,day_ahead_price,value,2026-08-05T16:12:12Z
2023-05-29T10:00:00Z,2023-05-29T12:00:00+0200,-97.12,EUR/MWh,NL,NL,day_ahead_price,value,2026-08-05T16:12:12Z
2023-05-29T11:00:00Z,2023-05-29T13:00:00+0200,-161.7,EUR/MWh,NL,NL,day_ahead_price,value,2026-08-05T16:12:12Z
2023-05-29T12:00:00Z,2023-05-29T14:00:00+0200,-185.86,EUR/MWh,NL,NL,day_ahead_price,value,2026-08-05T16:12:12Z
2023-05-29T13:00:00Z,2023-05-29T15:00:00+0200,-110.0,EUR/MWh,NL,NL,day_ahead_price,value,2026-08-05T16:12:12Z
2023-05-29T14:00:00Z,2023-05-29T16:00:00+0200,-19.97,EUR/MWh,NL,NL,day_ahead_price,value,2026-08-05T16:12:12Z
2023-05-29T15:00:00Z,2023-05-29T17:00:00+0200,-9.79,EUR/MWh,NL,NL,day_ahead_price,value,2026-08-05T16:12:12Z
2023-05-29T16:00:00Z,2023-05-29T18:00:00+0200,17.26,EUR/MWh,NL,NL,day_ahead_price,value,2026-08-05T16:12:12Z
2023-05-29T17:00:00Z,2023-05-29T19:00:00+0200,72.51,EUR/MWh,NL,NL,day_ahead_price,value,2026-08-05T16:12:12Z
2023-05-29T18:00:00Z,2023-05-29T20:00:00+0200,84.41,EUR/MWh,NL,NL,day_ahead_price,value,2026-08-05T16:12:12Z
2023-05-29T19:00:00Z,2023-05-29T21:00:00+0200,85.59,EUR/MWh,NL,NL,day_ahead_price,value,2026-08-05T16:12:12Z
2023-05-29T20:00:00Z,2023-05-29T22:00:00+0200,80.65,EUR/MWh,NL,NL,day_ahead_price,value,2026-08-05T16:12:12Z
2023-05-29T21:00:00Z,2023-05-29T23:00:00+0200,74.2,EUR/MWh,NL,NL,day_ahead_price,value,2026-08-05T16:12:12Z
2023-05-29T22:00:00Z,2023-05-30T00:00:00+0200,75.02,EUR/MWh,NL,NL,day_ahead_price,value,2026-08-05T16:12:12Z
2023-05-29T23:00:00Z,2023-05-30T01:00:00+0200,71.05,EUR/MWh,NL,NL,day_ahead_price,value,2026-08-05T16:12:12Z
2023-05-30T00:00:00Z,2023-05-30T02:00:00+0200,68.9,EUR/MWh,NL,NL,day_ahead_price,value,2026-08-05T16:12:12Z
2023-05-30T01:00:00Z,2023-05-30T03:00:00+0200,68.29,EUR/MWh,NL,NL,day_ahead_price,value,2026-08-05T16:12:12Z
2023-05-30T02:00:00Z,2023-05-30T04:00:00+0200,74.1,EUR/MWh,NL,NL,day_ahead_price,value,2026-08-05T16:12:12Z
2023-05-30T03:00:00Z,2023-05-30T05:00:00+0200,84.14,EUR/MWh,NL,NL,day_ahead_price,value,2026-08-05T16:12:12Z
2023-05-30T04:00:00Z,2023-05-30T06:00:00+0200,95.19,EUR/MWh,NL,NL,day_ahead_price,value,2026-08-05T16:12:12Z
2023-05-30T05:00:00Z,2023-05-30T07:00:00+0200,115.67,EUR/MWh,NL,NL,day_ahead_price,value,2026-08-05T16:12:12Z
2023-05-30T06:00:00Z,2023-05-30T08:00:00+0200,108.64,EUR/MWh,NL,NL,day_ahead_price,value,2026-08-05T16:12:12Z
2023-05-30T07:00:00Z,2023-05-30T09:00:00+0200,90.06,EUR/MWh,NL,NL,day_ahead_price,value,2026-08-05T16:12:12Z
2023-05-30T08:00:00Z,2023-05-30T10:00:00+0200,82.37,EUR/MWh,NL,NL,day_ahead_price,value,2026-08-05T16:12:12Z
2023-05-30T09:00:00Z,2023-05-30T11:00:00+0200,70.3,EUR/MWh,NL,NL,day_ahead_price,value,2026-08-05T16:12:12Z
2023-05-30T10:00:00Z,2023-05-30T12:00:00+0200,64.7,EUR/MWh,NL,NL,day_ahead_price,value,2026-08-05T16:12:12Z
2023-05-30T11:00:00Z,2023-05-30T13:00:00+0200,57.58,EUR/MWh,NL,NL,day_ahead_price,value,2026-08-05T16:12:12Z
2023-05-30T12:00:00Z,2023-05-30T14:00:00+0200,56.57,EUR/MWh,NL,NL,day_ahead_price,value,2026-08-05T16:12:12Z
2023-05-30T13:00:00Z,2023-05-30T15:00:00+0200,61.43,EUR/MWh,NL,NL,day_ahead_price,value,2026-08-05T16:12:12Z
2023-05-30T14:00:00Z,2023-05-30T16:00:00+0200,69.29,EUR/MWh,NL,NL,day_ahead_price,value,2026-08-05T16:12:12Z
2023-05-30T15:00:00Z,2023-05-30T17:00:00+0200,87.35,EUR/MWh,NL,NL,day_ahead_price,value,2026-08-05T16:12:12Z
2023-05-30T16:00:00Z,2023-05-30T18:00:00+0200,89.35,EUR/MWh,NL,NL,day_ahead_price,value,2026-08-05T16:12:12Z
2023-05-30T17:00:00Z,2023-05-30T19:00:00+0200,122.66,EUR/MWh,NL,NL,day_ahead_price,value,2026-08-05T16:12:12Z
2023-05-30T18:00:00Z,2023-05-30T20:00:00+0200,132.1,EUR/MWh,NL,NL,day_ahead_price,value,2026-08-05T16:12:12Z
2023-05-30T19:00:00Z,2023-05-30T21:00:00+0200,94.55,EUR/MWh,NL,NL,day_ahead_price,value,2026-08-05T16:12:12Z
2023-05-30T20:00:00Z,2023-05-30T22:00:00+0200,97.17,EUR/MWh,NL,NL,day_ahead_price,value,2026-08-05T16:12:12Z
2023-05-30T21:00:00Z,2023-05-30T23:00:00+0200,89.65,EUR/MWh,NL,NL,day_ahead_price,value,2026-08-05T16:12:12Z
2023-05-30T22:00:00Z,2023-05-31T00:00:00+0200,85.92,EUR/MWh,NL,NL,day_ahead_price,value,2026-08-05T16:12:12Z
2023-05-30T23:00:00Z,2023-05-31T01:00:00+0200,81.36,EUR/MWh,NL,NL,day_ahead_price,value,2026-08-05T16:12:12Z
2023-05-31T00:00:00Z,2023-05-31T02:00:00+0200,74.2,EUR/MWh,NL,NL,day_ahead_price,value,2026-08-05T16:12:12Z
2023-05-31T01:00:00Z,2023-05-31T03:00:00+0200,78.09,EUR/MWh,NL,NL,day_ahead_price,value,2026-08-05T16:12:12Z
2023-05-31T02:00:00Z,2023-05-31T04:00:00+0200,82.24,EUR/MWh,NL,NL,day_ahead_price,value,2026-08-05T16:12:12Z
2023-05-31T03:00:00Z,2023-05-31T05:00:00+0200,88.92,EUR/MWh,NL,NL,day_ahead_price,value,2026-08-05T16:12:12Z
2023-05-31T04:00:00Z,2023-05-31T06:00:00+0200,83.98,EUR/MWh,NL,NL,day_ahead_price,value,2026-08-05T16:12:12Z
2023-05-31T05:00:00Z,2023-05-31T07:00:00+0200,105.5,EUR/MWh,NL,NL,day_ahead_price,value,2026-08-05T16:12:12Z
2023-05-31T06:00:00Z,2023-05-31T08:00:00+0200,75.03,EUR/MWh,NL,NL,day_ahead_price,value,2026-08-05T16:12:12Z
2023-05-31T07:00:00Z,2023-05-31T09:00:00+0200,86.41,EUR/MWh,NL,NL,day_ahead_price,value,2026-08-05T16:12:12Z
2023-05-31T08:00:00Z,2023-05-31T10:00:00+0200,66.92,EUR/MWh,NL,NL,day_ahead_price,value,2026-08-05T16:12:12Z
2023-05-31T09:00:00Z,2023-05-31T11:00:00+0200,46.5,EUR/MWh,NL,NL,day_ahead_price,value,2026-08-05T16:12:12Z
2023-05-31T10:00:00Z,2023-05-31T12:00:00+0200,5.48,EUR/MWh,NL,NL,day_ahead_price,value,2026-08-05T16:12:12Z
2023-05-31T11:00:00Z,2023-05-31T13:00:00+0200,-3.89,EUR/MWh,NL,NL,day_ahead_price,value,2026-08-05T16:12:12Z
2023-05-31T12:00:00Z,2023-05-31T14:00:00+0200,-1.27,EUR/MWh,NL,NL,day_ahead_price,value,2026-08-05T16:12:12Z
2023-05-31T13:00:00Z,2023-05-31T15:00:00+0200,-0.77,EUR/MWh,NL,NL,day_ahead_price,value,2026-08-05T16:12:12Z
2023-05-31T14:00:00Z,2023-05-31T16:00:00+0200,20.2,EUR/MWh,NL,NL,day_ahead_price,value,2026-08-05T16:12:12Z
2023-05-31T15:00:00Z,2023-05-31T17:00:00+0200,51.87,EUR/MWh,NL,NL,day_ahead_price,value,2026-08-05T16:12:12Z
2023-05-31T16:00:00Z,2023-05-31T18:00:00+0200,74.9,EUR/MWh,NL,NL,day_ahead_price,value,2026-08-05T16:12:12Z
2023-05-31T17:00:00Z,2023-05-31T19:00:00+0200,87.0,EUR/MWh,NL,NL,day_ahead_price,value,2026-08-05T16:12:12Z
2023-05-31T18:00:00Z,2023-05-31T20:00:00+0200,105.5,EUR/MWh,NL,NL,day_ahead_price,value,2026-08-05T16:12:12Z
2023-05-31T19:00:00Z,2023-05-31T21:00:00+0200,103.08,EUR/MWh,NL,NL,day_ahead_price,value,2026-08-05T16:12:12Z
2023-05-31T20:00:00Z,2023-05-31T22:00:00+0200,94.29,EUR/MWh,NL,NL,day_ahead_price,value,2026-08-05T16:12:12Z
2023-05-31T21:00:00Z,2023-05-31T23:00:00+0200,81.9,EUR/MWh,NL,NL,day_ahead_price,value,2026-08-05T16:12:12Z
2023-05-31T22:00:00Z,2023-06-01T00:00:00+0200,84.15,EUR/MWh,NL,NL,day_ahead_price,value,2026-08-05T16:12:12Z
2023-05-31T23:00:00Z,2023-06-01T01:00:00+0200,74.3,EUR/MWh,NL,NL,day_ahead_price,value,2026-08-05T16:12:12Z
2023-06-01T00:00:00Z,2023-06-01T02:00:00+0200,70.1,EUR/MWh,NL,NL,day_ahead_price,value,2026-08-05T16:12:12Z
2023-06-01T01:00:00Z,2023-06-01T03:00:00+0200,66.51,EUR/MWh,NL,NL,day_ahead_price,value,2026-08-05T16:12:12Z
2023-06-01T02:00:00Z,2023-06-01T04:00:00+0200,67.66,EUR/MWh,NL,NL,day_ahead_price,value,2026-08-05T16:12:12Z
2023-06-01T03:00:00Z,2023-06-01T05:00:00+0200,79.8,EUR/MWh,NL,NL,day_ahead_price,value,2026-08-05T16:12:12Z
2023-06-01T04:00:00Z,2023-06-01T06:00:00+0200,95.89,EUR/MWh,NL,NL,day_ahead_price,value,2026-08-05T16:12:12Z
2023-06-01T05:00:00Z,2023-06-01T07:00:00+0200,104.45,EUR/MWh,NL,NL,day_ahead_price,value,2026-08-05T16:12:12Z
2023-06-01T06:00:00Z,2023-06-01T08:00:00+0200,99.07,EUR/MWh,NL,NL,day_ahead_price,value,2026-08-05T16:12:12Z
2023-06-01T07:00:00Z,2023-06-01T09:00:00+0200,87.3,EUR/MWh,NL,NL,day_ahead_price,value,2026-08-05T16:12:12Z
2023-06-01T08:00:00Z,2023-06-01T10:00:00+0200,68.19,EUR/MWh,NL,NL,day_ahead_price,value,2026-08-05T16:12:12Z
2023-06-01T09:00:00Z,2023-06-01T11:00:00+0200,59.92,EUR/MWh,NL,NL,day_ahead_price,value,2026-08-05T16:12:12Z
2023-06-01T10:00:00Z,2023-06-01T12:00:00+0200,35.4,EUR/MWh,NL,NL,day_ahead_price,value,2026-08-05T16:12:12Z
2023-06-01T11:00:00Z,2023-06-01T13:00:00+0200,9.34,EUR/MWh,NL,NL,day_ahead_price,value,2026-08-05T16:12:12Z
2023-06-01T12:00:00Z,2023-06-01T14:00:00+0200,2.97,EUR/MWh,NL,NL,day_ahead_price,value,2026-08-05T16:12:12Z
2023-06-01T13:00:00Z,2023-06-01T15:00:00+0200,0.1,EUR/MWh,NL,NL,day_ahead_price,value,2026-08-05T16:12:12Z
2023-06-01T14:00:00Z,2023-06-01T16:00:00+0200,55.6,EUR/MWh,NL,NL,day_ahead_price,value,2026-08-05T16:12:12Z
2023-06-01T15:00:00Z,2023-06-01T17:00:00+0200,71.99,EUR/MWh,NL,NL,day_ahead_price,value,2026-08-05T16:12:12Z
2023-06-01T16:00:00Z,2023-06-01T18:00:00+0200,76.1,EUR/MWh,NL,NL,day_ahead_price,value,2026-08-05T16:12:12Z
2023-06-01T17:00:00Z,2023-06-01T19:00:00+0200,87.94,EUR/MWh,NL,NL,day_ahead_price,value,2026-08-05T16:12:12Z
2023-06-01T18:00:00Z,2023-06-01T20:00:00+0200,114.2,EUR/MWh,NL,NL,day_ahead_price,value,2026-08-05T16:12:12Z
2023-06-01T19:00:00Z,2023-06-01T21:00:00+0200,103.43,EUR/MWh,NL,NL,day_ahead_price,value,2026-08-05T16:12:12Z
2023-06-01T20:00:00Z,2023-06-01T22:00:00+0200,95.41,EUR/MWh,NL,NL,day_ahead_price,value,2026-08-05T16:12:12Z
2023-06-01T21:00:00Z,2023-06-01T23:00:00+0200,86.53,EUR/MWh,NL,NL,day_ahead_price,value,2026-08-05T16:12:12Z
2023-06-01T22:00:00Z,2023-06-02T00:00:00+0200,83.59,EUR/MWh,NL,NL,day_ahead_price,value,2026-08-05T16:12:12Z
2023-06-01T23:00:00Z,2023-06-02T01:00:00+0200,79.4,EUR/MWh,NL,NL,day_ahead_price,value,2026-08-05T16:12:12Z
2023-06-02T00:00:00Z,2023-06-02T02:00:00+0200,79.5,EUR/MWh,NL,NL,day_ahead_price,value,2026-08-05T16:12:12Z
2023-06-02T01:00:00Z,2023-06-02T03:00:00+0200,76.62,EUR/MWh,NL,NL,day_ahead_price,value,2026-08-05T16:12:12Z
2023-06-02T02:00:00Z,2023-06-02T04:00:00+0200,80.1,EUR/MWh,NL,NL,day_ahead_price,value,2026-08-05T16:12:12Z
2023-06-02T03:00:00Z,2023-06-02T05:00:00+0200,88.74,EUR/MWh,NL,NL,day_ahead_price,value,2026-08-05T16:12:12Z
2023-06-02T04:00:00Z,2023-06-02T06:00:00+0200,101.5,EUR/MWh,NL,NL,day_ahead_price,value,2026-08-05T16:12:12Z
2023-06-02T05:00:00Z,2023-06-02T07:00:00+0200,103.34,EUR/MWh,NL,NL,day_ahead_price,value,2026-08-05T16:12:12Z
2023-06-02T06:00:00Z,2023-06-02T08:00:00+0200,95.9,EUR/MWh,NL,NL,day_ahead_price,value,2026-08-05T16:12:12Z
2023-06-02T07:00:00Z,2023-06-02T09:00:00+0200,84.37,EUR/MWh,NL,NL,day_ahead_price,value,2026-08-05T16:12:12Z
2023-06-02T08:00:00Z,2023-06-02T10:00:00+0200,72.09,EUR/MWh,NL,NL,day_ahead_price,value,2026-08-05T16:12:12Z
2023-06-02T09:00:00Z,2023-06-02T11:00:00+0200,63.15,EUR/MWh,NL,NL,day_ahead_price,value,2026-08-05T16:12:12Z
2023-06-02T10:00:00Z,2023-06-02T12:00:00+0200,56.06,EUR/MWh,NL,NL,day_ahead_price,value,2026-08-05T16:12:12Z
2023-06-02T11:00:00Z,2023-06-02T13:00:00+0200,42.61,EUR/MWh,NL,NL,day_ahead_price,value,2026-08-05T16:12:12Z
2023-06-02T12:00:00Z,2023-06-02T14:00:00+0200,36.82,EUR/MWh,NL,NL,day_ahead_price,value,2026-08-05T16:12:12Z
2023-06-02T13:00:00Z,2023-06-02T15:00:00+0200,44.9,EUR/MWh,NL,NL,day_ahead_price,value,2026-08-05T16:12:12Z
2023-06-02T14:00:00Z,2023-06-02T16:00:00+0200,58.27,EUR/MWh,NL,NL,day_ahead_price,value,2026-08-05T16:12:12Z
2023-06-02T15:00:00Z,2023-06-02T17:00:00+0200,76.62,EUR/MWh,NL,NL,day_ahead_price,value,2026-08-05T16:12:12Z
2023-06-02T16:00:00Z,2023-06-02T18:00:00+0200,85.2,EUR/MWh,NL,NL,day_ahead_price,value,2026-08-05T16:12:12Z
2023-06-02T17:00:00Z,2023-06-02T19:00:00+0200,98.7,EUR/MWh,NL,NL,day_ahead_price,value,2026-08-05T16:12:12Z
2023-06-02T18:00:00Z,2023-06-02T20:00:00+0200,107.74,EUR/MWh,NL,NL,day_ahead_price,value,2026-08-05T16:12:12Z
2023-06-02T19:00:00Z,2023-06-02T21:00:00+0200,101.09,EUR/MWh,NL,NL,day_ahead_price,value,2026-08-05T16:12:12Z
2023-06-02T20:00:00Z,2023-06-02T22:00:00+0200,92.56,EUR/MWh,NL,NL,day_ahead_price,value,2026-08-05T16:12:12Z
2023-06-02T21:00:00Z,2023-06-02T23:00:00+0200,85.06,EUR/MWh,NL,NL,day_ahead_price,value,2026-08-05T16:12:12Z
2023-06-02T22:00:00Z,2023-06-03T00:00:00+0200,84.95,EUR/MWh,NL,NL,day_ahead_price,value,2026-08-05T16:12:12Z
2023-06-02T23:00:00Z,2023-06-03T01:00:00+0200,80.3,EUR/MWh,NL,NL,day_ahead_price,value,2026-08-05T16:12:12Z
2023-06-03T00:00:00Z,2023-06-03T02:00:00+0200,77.79,EUR/MWh,NL,NL,day_ahead_price,value,2026-08-05T16:12:12Z
2023-06-03T01:00:00Z,2023-06-03T03:00:00+0200,75.2,EUR/MWh,NL,NL,day_ahead_price,value,2026-08-05T16:12:12Z
2023-06-03T02:00:00Z,2023-06-03T04:00:00+0200,80.35,EUR/MWh,NL,NL,day_ahead_price,value,2026-08-05T16:12:12Z
2023-06-03T03:00:00Z,2023-06-03T05:00:00+0200,78.51,EUR/MWh,NL,NL,day_ahead_price,value,2026-08-05T16:12:12Z
2023-06-03T04:00:00Z,2023-06-03T06:00:00+0200,77.64,EUR/MWh,NL,NL,day_ahead_price,value,2026-08-05T16:12:12Z
2023-06-03T05:00:00Z,2023-06-03T07:00:00+0200,73.63,EUR/MWh,NL,NL,day_ahead_price,value,2026-08-05T16:12:12Z
2023-06-03T06:00:00Z,2023-06-03T08:00:00+0200,70.0,EUR/MWh,NL,NL,day_ahead_price,value,2026-08-05T16:12:12Z
2023-06-03T07:00:00Z,2023-06-03T09:00:00+0200,59.97,EUR/MWh,NL,NL,day_ahead_price,value,2026-08-05T16:12:12Z
2023-06-03T08:00:00Z,2023-06-03T10:00:00+0200,27.36,EUR/MWh,NL,NL,day_ahead_price,value,2026-08-05T16:12:12Z
2023-06-03T09:00:00Z,2023-06-03T11:00:00+0200,5.0,EUR/MWh,NL,NL,day_ahead_price,value,2026-08-05T16:12:12Z
2023-06-03T10:00:00Z,2023-06-03T12:00:00+0200,-0.01,EUR/MWh,NL,NL,day_ahead_price,value,2026-08-05T16:12:12Z
2023-06-03T11:00:00Z,2023-06-03T13:00:00+0200,-10.0,EUR/MWh,NL,NL,day_ahead_price,value,2026-08-05T16:12:12Z
2023-06-03T12:00:00Z,2023-06-03T14:00:00+0200,-10.05,EUR/MWh,NL,NL,day_ahead_price,value,2026-08-05T16:12:12Z
2023-06-03T13:00:00Z,2023-06-03T15:00:00+0200,-3.8,EUR/MWh,NL,NL,day_ahead_price,value,2026-08-05T16:12:12Z
2023-06-03T14:00:00Z,2023-06-03T16:00:00+0200,0.01,EUR/MWh,NL,NL,day_ahead_price,value,2026-08-05T16:12:12Z
2023-06-03T15:00:00Z,2023-06-03T17:00:00+0200,45.66,EUR/MWh,NL,NL,day_ahead_price,value,2026-08-05T16:12:12Z
2023-06-03T16:00:00Z,2023-06-03T18:00:00+0200,75.0,EUR/MWh,NL,NL,day_ahead_price,value,2026-08-05T16:12:12Z
2023-06-03T17:00:00Z,2023-06-03T19:00:00+0200,83.48,EUR/MWh,NL,NL,day_ahead_price,value,2026-08-05T16:12:12Z
2023-06-03T18:00:00Z,2023-06-03T20:00:00+0200,94.08,EUR/MWh,NL,NL,day_ahead_price,value,2026-08-05T16:12:12Z
2023-06-03T19:00:00Z,2023-06-03T21:00:00+0200,93.68,EUR/MWh,NL,NL,day_ahead_price,value,2026-08-05T16:12:12Z
2023-06-03T20:00:00Z,2023-06-03T22:00:00+0200,87.23,EUR/MWh,NL,NL,day_ahead_price,value,2026-08-05T16:12:12Z
2023-06-03T21:00:00Z,2023-06-03T23:00:00+0200,81.17,EUR/MWh,NL,NL,day_ahead_price,value,2026-08-05T16:12:12Z
2023-06-03T22:00:00Z,2023-06-04T00:00:00+0200,81.12,EUR/MWh,NL,NL,day_ahead_price,value,2026-08-05T16:12:12Z
2023-06-03T23:00:00Z,2023-06-04T01:00:00+0200,74.9,EUR/MWh,NL,NL,day_ahead_price,value,2026-08-05T16:12:12Z
2023-06-04T00:00:00Z,2023-06-04T02:00:00+0200,72.51,EUR/MWh,NL,NL,day_ahead_price,value,2026-08-05T16:12:12Z
2023-06-04T01:00:00Z,2023-06-04T03:00:00+0200,71.61,EUR/MWh,NL,NL,day_ahead_price,value,2026-08-05T16:12:12Z
2023-06-04T02:00:00Z,2023-06-04T04:00:00+0200,73.0,EUR/MWh,NL,NL,day_ahead_price,value,2026-08-05T16:12:12Z
2023-06-04T03:00:00Z,2023-06-04T05:00:00+0200,72.11,EUR/MWh,NL,NL,day_ahead_price,value,2026-08-05T16:12:12Z
2023-06-04T04:00:00Z,2023-06-04T06:00:00+0200,68.97,EUR/MWh,NL,NL,day_ahead_price,value,2026-08-05T16:12:12Z
2023-06-04T05:00:00Z,2023-06-04T07:00:00+0200,64.77,EUR/MWh,NL,NL,day_ahead_price,value,2026-08-05T16:12:12Z
2023-06-04T06:00:00Z,2023-06-04T08:00:00+0200,50.81,EUR/MWh,NL,NL,day_ahead_price,value,2026-08-05T16:12:12Z
2023-06-04T07:00:00Z,2023-06-04T09:00:00+0200,21.93,EUR/MWh,NL,NL,day_ahead_price,value,2026-08-05T16:12:12Z
2023-06-04T08:00:00Z,2023-06-04T10:00:00+0200,5.11,EUR/MWh,NL,NL,day_ahead_price,value,2026-08-05T16:12:12Z
2023-06-04T09:00:00Z,2023-06-04T11:00:00+0200,0.0,EUR/MWh,NL,NL,day_ahead_price,value,2026-08-05T16:12:12Z
2023-06-04T10:00:00Z,2023-06-04T12:00:00+0200,-14.43,EUR/MWh,NL,NL,day_ahead_price,value,2026-08-05T16:12:12Z
2023-06-04T11:00:00Z,2023-06-04T13:00:00+0200,-81.54,EUR/MWh,NL,NL,day_ahead_price,value,2026-08-05T16:12:12Z
2023-06-04T12:00:00Z,2023-06-04T14:00:00+0200,-40.23,EUR/MWh,NL,NL,day_ahead_price,value,2026-08-05T16:12:12Z
2023-06-04T13:00:00Z,2023-06-04T15:00:00+0200,-25.0,EUR/MWh,NL,NL,day_ahead_price,value,2026-08-05T16:12:12Z
2023-06-04T14:00:00Z,2023-06-04T16:00:00+0200,0.0,EUR/MWh,NL,NL,day_ahead_price,value,2026-08-05T16:12:12Z
2023-06-04T15:00:00Z,2023-06-04T17:00:00+0200,34.5,EUR/MWh,NL,NL,day_ahead_price,value,2026-08-05T16:12:12Z
2023-06-04T16:00:00Z,2023-06-04T18:00:00+0200,78.21,EUR/MWh,NL,NL,day_ahead_price,value,2026-08-05T16:12:12Z
2023-06-04T17:00:00Z,2023-06-04T19:00:00+0200,82.0,EUR/MWh,NL,NL,day_ahead_price,value,2026-08-05T16:12:12Z
2023-06-04T18:00:00Z,2023-06-04T20:00:00+0200,94.0,EUR/MWh,NL,NL,day_ahead_price,value,2026-08-05T16:12:12Z
2023-06-04T19:00:00Z,2023-06-04T21:00:00+0200,100.0,EUR/MWh,NL,NL,day_ahead_price,value,2026-08-05T16:12:12Z
2023-06-04T20:00:00Z,2023-06-04T22:00:00+0200,97.66,EUR/MWh,NL,NL,day_ahead_price,value,2026-08-05T16:12:12Z
2023-06-04T21:00:00Z,2023-06-04T23:00:00+0200,86.98,EUR/MWh,NL,NL,day_ahead_price,value,2026-08-05T16:12:12Z
2023-06-04T22:00:00Z,2023-06-05T00:00:00+0200,78.71,EUR/MWh,NL,NL,day_ahead_price,value,2026-08-05T16:12:12Z
2023-06-04T23:00:00Z,2023-06-05T01:00:00+0200,71.1,EUR/MWh,NL,NL,day_ahead_price,value,2026-08-05T16:12:29Z
2023-06-05T00:00:00Z,2023-06-05T02:00:00+0200,70.07,EUR/MWh,NL,NL,day_ahead_price,value,2026-08-05T16:12:29Z
2023-06-05T01:00:00Z,2023-06-05T03:00:00+0200,71.03,EUR/MWh,NL,NL,day_ahead_price,value,2026-08-05T16:12:29Z
2023-06-05T02:00:00Z,2023-06-05T04:00:00+0200,74.07,EUR/MWh,NL,NL,day_ahead_price,value,2026-08-05T16:12:29Z
2023-06-05T03:00:00Z,2023-06-05T05:00:00+0200,77.0,EUR/MWh,NL,NL,day_ahead_price,value,2026-08-05T16:12:29Z
2023-06-05T04:00:00Z,2023-06-05T06:00:00+0200,84.9,EUR/MWh,NL,NL,day_ahead_price,value,2026-08-05T16:12:29Z
2023-06-05T05:00:00Z,2023-06-05T07:00:00+0200,97.91,EUR/MWh,NL,NL,day_ahead_price,value,2026-08-05T16:12:29Z
2023-06-05T06:00:00Z,2023-06-05T08:00:00+0200,99.95,EUR/MWh,NL,NL,day_ahead_price,value,2026-08-05T16:12:29Z
2023-06-05T07:00:00Z,2023-06-05T09:00:00+0200,83.55,EUR/MWh,NL,NL,day_ahead_price,value,2026-08-05T16:12:29Z
2023-06-05T08:00:00Z,2023-06-05T10:00:00+0200,75.0,EUR/MWh,NL,NL,day_ahead_price,value,2026-08-05T16:12:29Z
2023-06-05T09:00:00Z,2023-06-05T11:00:00+0200,70.08,EUR/MWh,NL,NL,day_ahead_price,value,2026-08-05T16:12:29Z
2023-06-05T10:00:00Z,2023-06-05T12:00:00+0200,68.35,EUR/MWh,NL,NL,day_ahead_price,value,2026-08-05T16:12:29Z
2023-06-05T11:00:00Z,2023-06-05T13:00:00+0200,61.75,EUR/MWh,NL,NL,day_ahead_price,value,2026-08-05T16:12:29Z
2023-06-05T12:00:00Z,2023-06-05T14:00:00+0200,62.0,EUR/MWh,NL,NL,day_ahead_price,value,2026-08-05T16:12:29Z
2023-06-05T13:00:00Z,2023-06-05T15:00:00+0200,64.0,EUR/MWh,NL,NL,day_ahead_price,value,2026-08-05T16:12:29Z
2023-06-05T14:00:00Z,2023-06-05T16:00:00+0200,65.3,EUR/MWh,NL,NL,day_ahead_price,value,2026-08-05T16:12:29Z
2023-06-05T15:00:00Z,2023-06-05T17:00:00+0200,81.71,EUR/MWh,NL,NL,day_ahead_price,value,2026-08-05T16:12:29Z
2023-06-05T16:00:00Z,2023-06-05T18:00:00+0200,76.12,EUR/MWh,NL,NL,day_ahead_price,value,2026-08-05T16:12:29Z
2023-06-05T17:00:00Z,2023-06-05T19:00:00+0200,84.9,EUR/MWh,NL,NL,day_ahead_price,value,2026-08-05T16:12:29Z
2023-06-05T18:00:00Z,2023-06-05T20:00:00+0200,119.0,EUR/MWh,NL,NL,day_ahead_price,value,2026-08-05T16:12:29Z
2023-06-05T19:00:00Z,2023-06-05T21:00:00+0200,120.5,EUR/MWh,NL,NL,day_ahead_price,value,2026-08-05T16:12:29Z
2023-06-05T20:00:00Z,2023-06-05T22:00:00+0200,101.02,EUR/MWh,NL,NL,day_ahead_price,value,2026-08-05T16:12:29Z
2023-06-05T21:00:00Z,2023-06-05T23:00:00+0200,88.0,EUR/MWh,NL,NL,day_ahead_price,value,2026-08-05T16:12:29Z
2023-06-05T22:00:00Z,2023-06-06T00:00:00+0200,80.23,EUR/MWh,NL,NL,day_ahead_price,value,2026-08-05T16:12:29Z
2023-06-05T23:00:00Z,2023-06-06T01:00:00+0200,79.12,EUR/MWh,NL,NL,day_ahead_price,value,2026-08-05T16:12:29Z
2023-06-06T00:00:00Z,2023-06-06T02:00:00+0200,78.62,EUR/MWh,NL,NL,day_ahead_price,value,2026-08-05T16:12:29Z
2023-06-06T01:00:00Z,2023-06-06T03:00:00+0200,81.0,EUR/MWh,NL,NL,day_ahead_price,value,2026-08-05T16:12:29Z
2023-06-06T02:00:00Z,2023-06-06T04:00:00+0200,65.0,EUR/MWh,NL,NL,day_ahead_price,value,2026-08-05T16:12:29Z
2023-06-06T03:00:00Z,2023-06-06T05:00:00+0200,79.34,EUR/MWh,NL,NL,day_ahead_price,value,2026-08-05T16:12:29Z
2023-06-06T04:00:00Z,2023-06-06T06:00:00+0200,72.6,EUR/MWh,NL,NL,day_ahead_price,value,2026-08-05T16:12:29Z
2023-06-06T05:00:00Z,2023-06-06T07:00:00+0200,108.7,EUR/MWh,NL,NL,day_ahead_price,value,2026-08-05T16:12:29Z
2023-06-06T06:00:00Z,2023-06-06T08:00:00+0200,111.8,EUR/MWh,NL,NL,day_ahead_price,value,2026-08-05T16:12:29Z
2023-06-06T07:00:00Z,2023-06-06T09:00:00+0200,94.9,EUR/MWh,NL,NL,day_ahead_price,value,2026-08-05T16:12:29Z
2023-06-06T08:00:00Z,2023-06-06T10:00:00+0200,84.38,EUR/MWh,NL,NL,day_ahead_price,value,2026-08-05T16:12:29Z
2023-06-06T09:00:00Z,2023-06-06T11:00:00+0200,82.05,EUR/MWh,NL,NL,day_ahead_price,value,2026-08-05T16:12:29Z
2023-06-06T10:00:00Z,2023-06-06T12:00:00+0200,74.36,EUR/MWh,NL,NL,day_ahead_price,value,2026-08-05T16:12:29Z
2023-06-06T11:00:00Z,2023-06-06T13:00:00+0200,43.1,EUR/MWh,NL,NL,day_ahead_price,value,2026-08-05T16:12:29Z
2023-06-06T12:00:00Z,2023-06-06T14:00:00+0200,64.57,EUR/MWh,NL,NL,day_ahead_price,value,2026-08-05T16:12:29Z
2023-06-06T13:00:00Z,2023-06-06T15:00:00+0200,49.87,EUR/MWh,NL,NL,day_ahead_price,value,2026-08-05T16:12:29Z
2023-06-06T14:00:00Z,2023-06-06T16:00:00+0200,61.84,EUR/MWh,NL,NL,day_ahead_price,value,2026-08-05T16:12:29Z
2023-06-06T15:00:00Z,2023-06-06T17:00:00+0200,79.83,EUR/MWh,NL,NL,day_ahead_price,value,2026-08-05T16:12:29Z
2023-06-06T16:00:00Z,2023-06-06T18:00:00+0200,91.97,EUR/MWh,NL,NL,day_ahead_price,value,2026-08-05T16:12:29Z
2023-06-06T17:00:00Z,2023-06-06T19:00:00+0200,78.24,EUR/MWh,NL,NL,day_ahead_price,value,2026-08-05T16:12:29Z
2023-06-06T18:00:00Z,2023-06-06T20:00:00+0200,84.9,EUR/MWh,NL,NL,day_ahead_price,value,2026-08-05T16:12:29Z
2023-06-06T19:00:00Z,2023-06-06T21:00:00+0200,114.41,EUR/MWh,NL,NL,day_ahead_price,value,2026-08-05T16:12:29Z
2023-06-06T20:00:00Z,2023-06-06T22:00:00+0200,98.97,EUR/MWh,NL,NL,day_ahead_price,value,2026-08-05T16:12:29Z
2023-06-06T21:00:00Z,2023-06-06T23:00:00+0200,89.99,EUR/MWh,NL,NL,day_ahead_price,value,2026-08-05T16:12:29Z
2023-06-06T22:00:00Z,2023-06-07T00:00:00+0200,89.66,EUR/MWh,NL,NL,day_ahead_price,value,2026-08-05T16:12:29Z
2023-06-06T23:00:00Z,2023-06-07T01:00:00+0200,78.36,EUR/MWh,NL,NL,day_ahead_price,value,2026-08-05T16:12:29Z
2023-06-07T00:00:00Z,2023-06-07T02:00:00+0200,72.4,EUR/MWh,NL,NL,day_ahead_price,value,2026-08-05T16:12:29Z
2023-06-07T01:00:00Z,2023-06-07T03:00:00+0200,88.76,EUR/MWh,NL,NL,day_ahead_price,value,2026-08-05T16:12:29Z
2023-06-07T02:00:00Z,2023-06-07T04:00:00+0200,79.86,EUR/MWh,NL,NL,day_ahead_price,value,2026-08-05T16:12:29Z
2023-06-07T03:00:00Z,2023-06-07T05:00:00+0200,80.19,EUR/MWh,NL,NL,day_ahead_price,value,2026-08-05T16:12:29Z
2023-06-07T04:00:00Z,2023-06-07T06:00:00+0200,76.0,EUR/MWh,NL,NL,day_ahead_price,value,2026-08-05T16:12:29Z
2023-06-07T05:00:00Z,2023-06-07T07:00:00+0200,97.2,EUR/MWh,NL,NL,day_ahead_price,value,2026-08-05T16:12:29Z
2023-06-07T06:00:00Z,2023-06-07T08:00:00+0200,111.25,EUR/MWh,NL,NL,day_ahead_price,value,2026-08-05T16:12:29Z
2023-06-07T07:00:00Z,2023-06-07T09:00:00+0200,94.22,EUR/MWh,NL,NL,day_ahead_price,value,2026-08-05T16:12:29Z
2023-06-07T08:00:00Z,2023-06-07T10:00:00+0200,91.6,EUR/MWh,NL,NL,day_ahead_price,value,2026-08-05T16:12:29Z
2023-06-07T09:00:00Z,2023-06-07T11:00:00+0200,85.69,EUR/MWh,NL,NL,day_ahead_price,value,2026-08-05T16:12:29Z
2023-06-07T10:00:00Z,2023-06-07T12:00:00+0200,79.95,EUR/MWh,NL,NL,day_ahead_price,value,2026-08-05T16:12:29Z
2023-06-07T11:00:00Z,2023-06-07T13:00:00+0200,70.3,EUR/MWh,NL,NL,day_ahead_price,value,2026-08-05T16:12:29Z
2023-06-07T12:00:00Z,2023-06-07T14:00:00+0200,73.2,EUR/MWh,NL,NL,day_ahead_price,value,2026-08-05T16:12:29Z
2023-06-07T13:00:00Z,2023-06-07T15:00:00+0200,72.26,EUR/MWh,NL,NL,day_ahead_price,value,2026-08-05T16:12:29Z
2023-06-07T14:00:00Z,2023-06-07T16:00:00+0200,78.8,EUR/MWh,NL,NL,day_ahead_price,value,2026-08-05T16:12:29Z
2023-06-07T15:00:00Z,2023-06-07T17:00:00+0200,75.7,EUR/MWh,NL,NL,day_ahead_price,value,2026-08-05T16:12:29Z
2023-06-07T16:00:00Z,2023-06-07T18:00:00+0200,97.0,EUR/MWh,NL,NL,day_ahead_price,value,2026-08-05T16:12:29Z
2023-06-07T17:00:00Z,2023-06-07T19:00:00+0200,99.93,EUR/MWh,NL,NL,day_ahead_price,value,2026-08-05T16:12:29Z
2023-06-07T18:00:00Z,2023-06-07T20:00:00+0200,117.8,EUR/MWh,NL,NL,day_ahead_price,value,2026-08-05T16:12:29Z
2023-06-07T19:00:00Z,2023-06-07T21:00:00+0200,112.3,EUR/MWh,NL,NL,day_ahead_price,value,2026-08-05T16:12:29Z
2023-06-07T20:00:00Z,2023-06-07T22:00:00+0200,104.89,EUR/MWh,NL,NL,day_ahead_price,value,2026-08-05T16:12:29Z
2023-06-07T21:00:00Z,2023-06-07T23:00:00+0200,94.9,EUR/MWh,NL,NL,day_ahead_price,value,2026-08-05T16:12:29Z
2023-06-07T22:00:00Z,2023-06-08T00:00:00+0200,93.93,EUR/MWh,NL,NL,day_ahead_price,value,2026-08-05T16:12:29Z
2023-06-07T23:00:00Z,2023-06-08T01:00:00+0200,89.26,EUR/MWh,NL,NL,day_ahead_price,value,2026-08-05T16:12:29Z
2023-06-08T00:00:00Z,2023-06-08T02:00:00+0200,82.0,EUR/MWh,NL,NL,day_ahead_price,value,2026-08-05T16:12:29Z
2023-06-08T01:00:00Z,2023-06-08T03:00:00+0200,72.92,EUR/MWh,NL,NL,day_ahead_price,value,2026-08-05T16:12:29Z
2023-06-08T02:00:00Z,2023-06-08T04:00:00+0200,70.98,EUR/MWh,NL,NL,day_ahead_price,value,2026-08-05T16:12:29Z
2023-06-08T03:00:00Z,2023-06-08T05:00:00+0200,80.94,EUR/MWh,NL,NL,day_ahead_price,value,2026-08-05T16:12:29Z
2023-06-08T04:00:00Z,2023-06-08T06:00:00+0200,83.56,EUR/MWh,NL,NL,day_ahead_price,value,2026-08-05T16:12:29Z
2023-06-08T05:00:00Z,2023-06-08T07:00:00+0200,90.9,EUR/MWh,NL,NL,day_ahead_price,value,2026-08-05T16:12:29Z
2023-06-08T06:00:00Z,2023-06-08T08:00:00+0200,91.4,EUR/MWh,NL,NL,day_ahead_price,value,2026-08-05T16:12:29Z
2023-06-08T07:00:00Z,2023-06-08T09:00:00+0200,83.77,EUR/MWh,NL,NL,day_ahead_price,value,2026-08-05T16:12:29Z
2023-06-08T08:00:00Z,2023-06-08T10:00:00+0200,74.64,EUR/MWh,NL,NL,day_ahead_price,value,2026-08-05T16:12:29Z
2023-06-08T09:00:00Z,2023-06-08T11:00:00+0200,68.5,EUR/MWh,NL,NL,day_ahead_price,value,2026-08-05T16:12:29Z
2023-06-08T10:00:00Z,2023-06-08T12:00:00+0200,64.22,EUR/MWh,NL,NL,day_ahead_price,value,2026-08-05T16:12:29Z
2023-06-08T11:00:00Z,2023-06-08T13:00:00+0200,63.3,EUR/MWh,NL,NL,day_ahead_price,value,2026-08-05T16:12:29Z
2023-06-08T12:00:00Z,2023-06-08T14:00:00+0200,64.06,EUR/MWh,NL,NL,day_ahead_price,value,2026-08-05T16:12:29Z
2023-06-08T13:00:00Z,2023-06-08T15:00:00+0200,67.93,EUR/MWh,NL,NL,day_ahead_price,value,2026-08-05T16:12:29Z
2023-06-08T14:00:00Z,2023-06-08T16:00:00+0200,71.17,EUR/MWh,NL,NL,day_ahead_price,value,2026-08-05T16:12:29Z
2023-06-08T15:00:00Z,2023-06-08T17:00:00+0200,76.1,EUR/MWh,NL,NL,day_ahead_price,value,2026-08-05T16:12:29Z
2023-06-08T16:00:00Z,2023-06-08T18:00:00+0200,85.65,EUR/MWh,NL,NL,day_ahead_price,value,2026-08-05T16:12:29Z
2023-06-08T17:00:00Z,2023-06-08T19:00:00+0200,99.94,EUR/MWh,NL,NL,day_ahead_price,value,2026-08-05T16:12:29Z
2023-06-08T18:00:00Z,2023-06-08T20:00:00+0200,113.82,EUR/MWh,NL,NL,day_ahead_price,value,2026-08-05T16:12:29Z
2023-06-08T19:00:00Z,2023-06-08T21:00:00+0200,105.02,EUR/MWh,NL,NL,day_ahead_price,value,2026-08-05T16:12:29Z
2023-06-08T20:00:00Z,2023-06-08T22:00:00+0200,96.58,EUR/MWh,NL,NL,day_ahead_price,value,2026-08-05T16:12:29Z
2023-06-08T21:00:00Z,2023-06-08T23:00:00+0200,91.0,EUR/MWh,NL,NL,day_ahead_price,value,2026-08-05T16:12:29Z
2023-06-08T22:00:00Z,2023-06-09T00:00:00+0200,95.0,EUR/MWh,NL,NL,day_ahead_price,value,2026-08-05T16:12:29Z
2023-06-08T23:00:00Z,2023-06-09T01:00:00+0200,89.7,EUR/MWh,NL,NL,day_ahead_price,value,2026-08-05T16:12:29Z
2023-06-09T00:00:00Z,2023-06-09T02:00:00+0200,79.73,EUR/MWh,NL,NL,day_ahead_price,value,2026-08-05T16:12:29Z
2023-06-09T01:00:00Z,2023-06-09T03:00:00+0200,76.0,EUR/MWh,NL,NL,day_ahead_price,value,2026-08-05T16:12:29Z
2023-06-09T02:00:00Z,2023-06-09T04:00:00+0200,76.26,EUR/MWh,NL,NL,day_ahead_price,value,2026-08-05T16:12:29Z
2023-06-09T03:00:00Z,2023-06-09T05:00:00+0200,88.66,EUR/MWh,NL,NL,day_ahead_price,value,2026-08-05T16:12:29Z
2023-06-09T04:00:00Z,2023-06-09T06:00:00+0200,99.75,EUR/MWh,NL,NL,day_ahead_price,value,2026-08-05T16:12:29Z
2023-06-09T05:00:00Z,2023-06-09T07:00:00+0200,103.97,EUR/MWh,NL,NL,day_ahead_price,value,2026-08-05T16:12:29Z
2023-06-09T06:00:00Z,2023-06-09T08:00:00+0200,103.94,EUR/MWh,NL,NL,day_ahead_price,value,2026-08-05T16:12:29Z
2023-06-09T07:00:00Z,2023-06-09T09:00:00+0200,91.39,EUR/MWh,NL,NL,day_ahead_price,value,2026-08-05T16:12:29Z
2023-06-09T08:00:00Z,2023-06-09T10:00:00+0200,82.26,EUR/MWh,NL,NL,day_ahead_price,value,2026-08-05T16:12:29Z
2023-06-09T09:00:00Z,2023-06-09T11:00:00+0200,75.43,EUR/MWh,NL,NL,day_ahead_price,value,2026-08-05T16:12:29Z
2023-06-09T10:00:00Z,2023-06-09T12:00:00+0200,70.03,EUR/MWh,NL,NL,day_ahead_price,value,2026-08-05T16:12:29Z
2023-06-09T11:00:00Z,2023-06-09T13:00:00+0200,61.11,EUR/MWh,NL,NL,day_ahead_price,value,2026-08-05T16:12:29Z
2023-06-09T12:00:00Z,2023-06-09T14:00:00+0200,64.06,EUR/MWh,NL,NL,day_ahead_price,value,2026-08-05T16:12:29Z
2023-06-09T13:00:00Z,2023-06-09T15:00:00+0200,68.39,EUR/MWh,NL,NL,day_ahead_price,value,2026-08-05T16:12:29Z
2023-06-09T14:00:00Z,2023-06-09T16:00:00+0200,72.64,EUR/MWh,NL,NL,day_ahead_price,value,2026-08-05T16:12:29Z
2023-06-09T15:00:00Z,2023-06-09T17:00:00+0200,80.63,EUR/MWh,NL,NL,day_ahead_price,value,2026-08-05T16:12:29Z
2023-06-09T16:00:00Z,2023-06-09T18:00:00+0200,95.0,EUR/MWh,NL,NL,day_ahead_price,value,2026-08-05T16:12:29Z
2023-06-09T17:00:00Z,2023-06-09T19:00:00+0200,104.12,EUR/MWh,NL,NL,day_ahead_price,value,2026-08-05T16:12:29Z
2023-06-09T18:00:00Z,2023-06-09T20:00:00+0200,106.45,EUR/MWh,NL,NL,day_ahead_price,value,2026-08-05T16:12:29Z
2023-06-09T19:00:00Z,2023-06-09T21:00:00+0200,104.12,EUR/MWh,NL,NL,day_ahead_price,value,2026-08-05T16:12:29Z
2023-06-09T20:00:00Z,2023-06-09T22:00:00+0200,97.48,EUR/MWh,NL,NL,day_ahead_price,value,2026-08-05T16:12:29Z
2023-06-09T21:00:00Z,2023-06-09T23:00:00+0200,86.0,EUR/MWh,NL,NL,day_ahead_price,value,2026-08-05T16:12:29Z
2023-06-09T22:00:00Z,2023-06-10T00:00:00+0200,89.03,EUR/MWh,NL,NL,day_ahead_price,value,2026-08-05T16:12:29Z
2023-06-09T23:00:00Z,2023-06-10T01:00:00+0200,84.1,EUR/MWh,NL,NL,day_ahead_price,value,2026-08-05T16:12:29Z
2023-06-10T00:00:00Z,2023-06-10T02:00:00+0200,84.13,EUR/MWh,NL,NL,day_ahead_price,value,2026-08-05T16:12:29Z
2023-06-10T01:00:00Z,2023-06-10T03:00:00+0200,80.32,EUR/MWh,NL,NL,day_ahead_price,value,2026-08-05T16:12:29Z
2023-06-10T02:00:00Z,2023-06-10T04:00:00+0200,77.44,EUR/MWh,NL,NL,day_ahead_price,value,2026-08-05T16:12:29Z
2023-06-10T03:00:00Z,2023-06-10T05:00:00+0200,79.87,EUR/MWh,NL,NL,day_ahead_price,value,2026-08-05T16:12:29Z
2023-06-10T04:00:00Z,2023-06-10T06:00:00+0200,79.43,EUR/MWh,NL,NL,day_ahead_price,value,2026-08-05T16:12:29Z
2023-06-10T05:00:00Z,2023-06-10T07:00:00+0200,85.0,EUR/MWh,NL,NL,day_ahead_price,value,2026-08-05T16:12:29Z
2023-06-10T06:00:00Z,2023-06-10T08:00:00+0200,81.81,EUR/MWh,NL,NL,day_ahead_price,value,2026-08-05T16:12:29Z
2023-06-10T07:00:00Z,2023-06-10T09:00:00+0200,59.71,EUR/MWh,NL,NL,day_ahead_price,value,2026-08-05T16:12:29Z
2023-06-10T08:00:00Z,2023-06-10T10:00:00+0200,10.06,EUR/MWh,NL,NL,day_ahead_price,value,2026-08-05T16:12:29Z
2023-06-10T09:00:00Z,2023-06-10T11:00:00+0200,-10.0,EUR/MWh,NL,NL,day_ahead_price,value,2026-08-05T16:12:29Z
2023-06-10T10:00:00Z,2023-06-10T12:00:00+0200,-22.01,EUR/MWh,NL,NL,day_ahead_price,value,2026-08-05T16:12:29Z
2023-06-10T11:00:00Z,2023-06-10T13:00:00+0200,-56.27,EUR/MWh,NL,NL,day_ahead_price,value,2026-08-05T16:12:29Z
2023-06-10T12:00:00Z,2023-06-10T14:00:00+0200,-50.05,EUR/MWh,NL,NL,day_ahead_price,value,2026-08-05T16:12:29Z
2023-06-10T13:00:00Z,2023-06-10T15:00:00+0200,-17.92,EUR/MWh,NL,NL,day_ahead_price,value,2026-08-05T16:12:29Z
2023-06-10T14:00:00Z,2023-06-10T16:00:00+0200,-3.5,EUR/MWh,NL,NL,day_ahead_price,value,2026-08-05T16:12:29Z
2023-06-10T15:00:00Z,2023-06-10T17:00:00+0200,44.5,EUR/MWh,NL,NL,day_ahead_price,value,2026-08-05T16:12:29Z
2023-06-10T16:00:00Z,2023-06-10T18:00:00+0200,74.97,EUR/MWh,NL,NL,day_ahead_price,value,2026-08-05T16:12:29Z
2023-06-10T17:00:00Z,2023-06-10T19:00:00+0200,86.16,EUR/MWh,NL,NL,day_ahead_price,value,2026-08-05T16:12:29Z
2023-06-10T18:00:00Z,2023-06-10T20:00:00+0200,107.4,EUR/MWh,NL,NL,day_ahead_price,value,2026-08-05T16:12:29Z
2023-06-10T19:00:00Z,2023-06-10T21:00:00+0200,112.49,EUR/MWh,NL,NL,day_ahead_price,value,2026-08-05T16:12:29Z
2023-06-10T20:00:00Z,2023-06-10T22:00:00+0200,98.0,EUR/MWh,NL,NL,day_ahead_price,value,2026-08-05T16:12:29Z
2023-06-10T21:00:00Z,2023-06-10T23:00:00+0200,87.3,EUR/MWh,NL,NL,day_ahead_price,value,2026-08-05T16:12:29Z
2023-06-10T22:00:00Z,2023-06-11T00:00:00+0200,102.43,EUR/MWh,NL,NL,day_ahead_price,value,2026-08-05T16:12:29Z
2023-06-10T23:00:00Z,2023-06-11T01:00:00+0200,90.0,EUR/MWh,NL,NL,day_ahead_price,value,2026-08-05T16:12:29Z
2023-06-11T00:00:00Z,2023-06-11T02:00:00+0200,89.9,EUR/MWh,NL,NL,day_ahead_price,value,2026-08-05T16:12:29Z
2023-06-11T01:00:00Z,2023-06-11T03:00:00+0200,77.0,EUR/MWh,NL,NL,day_ahead_price,value,2026-08-05T16:12:29Z
2023-06-11T02:00:00Z,2023-06-11T04:00:00+0200,73.0,EUR/MWh,NL,NL,day_ahead_price,value,2026-08-05T16:12:29Z
2023-06-11T03:00:00Z,2023-06-11T05:00:00+0200,73.0,EUR/MWh,NL,NL,day_ahead_price,value,2026-08-05T16:12:29Z
2023-06-11T04:00:00Z,2023-06-11T06:00:00+0200,60.1,EUR/MWh,NL,NL,day_ahead_price,value,2026-08-05T16:12:29Z
2023-06-11T05:00:00Z,2023-06-11T07:00:00+0200,48.92,EUR/MWh,NL,NL,day_ahead_price,value,2026-08-05T16:12:29Z
2023-06-11T06:00:00Z,2023-06-11T08:00:00+0200,28.44,EUR/MWh,NL,NL,day_ahead_price,value,2026-08-05T16:12:29Z
2023-06-11T07:00:00Z,2023-06-11T09:00:00+0200,15.9,EUR/MWh,NL,NL,day_ahead_price,value,2026-08-05T16:12:29Z
2023-06-11T08:00:00Z,2023-06-11T10:00:00+0200,0.0,EUR/MWh,NL,NL,day_ahead_price,value,2026-08-05T16:12:29Z
2023-06-11T09:00:00Z,2023-06-11T11:00:00+0200,-7.92,EUR/MWh,NL,NL,day_ahead_price,value,2026-08-05T16:12:29Z
2023-06-11T10:00:00Z,2023-06-11T12:00:00+0200,-39.95,EUR/MWh,NL,NL,day_ahead_price,value,2026-08-05T16:12:29Z
2023-06-11T11:00:00Z,2023-06-11T13:00:00+0200,-66.67,EUR/MWh,NL,NL,day_ahead_price,value,2026-08-05T16:12:29Z
2023-06-11T12:00:00Z,2023-06-11T14:00:00+0200,-56.89,EUR/MWh,NL,NL,day_ahead_price,value,2026-08-05T16:12:29Z
2023-06-11T13:00:00Z,2023-06-11T15:00:00+0200,-20.01,EUR/MWh,NL,NL,day_ahead_price,value,2026-08-05T16:12:29Z
2023-06-11T14:00:00Z,2023-06-11T16:00:00+0200,-0.1,EUR/MWh,NL,NL,day_ahead_price,value,2026-08-05T16:12:29Z
2023-06-11T15:00:00Z,2023-06-11T17:00:00+0200,27.92,EUR/MWh,NL,NL,day_ahead_price,value,2026-08-05T16:12:29Z
2023-06-11T16:00:00Z,2023-06-11T18:00:00+0200,83.82,EUR/MWh,NL,NL,day_ahead_price,value,2026-08-05T16:12:29Z
2023-06-11T17:00:00Z,2023-06-11T19:00:00+0200,99.91,EUR/MWh,NL,NL,day_ahead_price,value,2026-08-05T16:12:29Z
2023-06-11T18:00:00Z,2023-06-11T20:00:00+0200,110.6,EUR/MWh,NL,NL,day_ahead_price,value,2026-08-05T16:12:29Z
2023-06-11T19:00:00Z,2023-06-11T21:00:00+0200,125.6,EUR/MWh,NL,NL,day_ahead_price,value,2026-08-05T16:12:29Z
2023-06-11T20:00:00Z,2023-06-11T22:00:00+0200,119.0,EUR/MWh,NL,NL,day_ahead_price,value,2026-08-05T16:12:29Z
2023-06-11T21:00:00Z,2023-06-11T23:00:00+0200,98.9,EUR/MWh,NL,NL,day_ahead_price,value,2026-08-05T16:12:29Z
2023-06-11T22:00:00Z,2023-06-12T00:00:00+0200,94.33,EUR/MWh,NL,NL,day_ahead_price,value,2026-08-05T16:12:29Z
2023-06-11T23:00:00Z,2023-06-12T01:00:00+0200,85.08,EUR/MWh,NL,NL,day_ahead_price,value,2026-08-05T16:12:29Z
2023-06-12T00:00:00Z,2023-06-12T02:00:00+0200,85.02,EUR/MWh,NL,NL,day_ahead_price,value,2026-08-05T16:12:29Z
2023-06-12T01:00:00Z,2023-06-12T03:00:00+0200,81.63,EUR/MWh,NL,NL,day_ahead_price,value,2026-08-05T16:12:29Z
2023-06-12T02:00:00Z,2023-06-12T04:00:00+0200,83.95,EUR/MWh,NL,NL,day_ahead_price,value,2026-08-05T16:12:29Z
2023-06-12T03:00:00Z,2023-06-12T05:00:00+0200,95.08,EUR/MWh,NL,NL,day_ahead_price,value,2026-08-05T16:12:29Z
2023-06-12T04:00:00Z,2023-06-12T06:00:00+0200,107.2,EUR/MWh,NL,NL,day_ahead_price,value,2026-08-05T16:12:29Z
2023-06-12T05:00:00Z,2023-06-12T07:00:00+0200,126.36,EUR/MWh,NL,NL,day_ahead_price,value,2026-08-05T16:12:29Z
2023-06-12T06:00:00Z,2023-06-12T08:00:00+0200,124.39,EUR/MWh,NL,NL,day_ahead_price,value,2026-08-05T16:12:29Z
2023-06-12T07:00:00Z,2023-06-12T09:00:00+0200,106.01,EUR/MWh,NL,NL,day_ahead_price,value,2026-08-05T16:12:29Z
2023-06-12T08:00:00Z,2023-06-12T10:00:00+0200,86.03,EUR/MWh,NL,NL,day_ahead_price,value,2026-08-05T16:12:29Z
2023-06-12T09:00:00Z,2023-06-12T11:00:00+0200,64.41,EUR/MWh,NL,NL,day_ahead_price,value,2026-08-05T16:12:29Z
2023-06-12T10:00:00Z,2023-06-12T12:00:00+0200,50.0,EUR/MWh,NL,NL,day_ahead_price,value,2026-08-05T16:12:29Z
2023-06-12T11:00:00Z,2023-06-12T13:00:00+0200,42.56,EUR/MWh,NL,NL,day_ahead_price,value,2026-08-05T16:12:29Z
2023-06-12T12:00:00Z,2023-06-12T14:00:00+0200,50.37,EUR/MWh,NL,NL,day_ahead_price,value,2026-08-05T16:12:29Z
2023-06-12T13:00:00Z,2023-06-12T15:00:00+0200,71.04,EUR/MWh,NL,NL,day_ahead_price,value,2026-08-05T16:12:29Z
2023-06-12T14:00:00Z,2023-06-12T16:00:00+0200,84.82,EUR/MWh,NL,NL,day_ahead_price,value,2026-08-05T16:12:29Z
2023-06-12T15:00:00Z,2023-06-12T17:00:00+0200,97.6,EUR/MWh,NL,NL,day_ahead_price,value,2026-08-05T16:12:29Z
2023-06-12T16:00:00Z,2023-06-12T18:00:00+0200,109.68,EUR/MWh,NL,NL,day_ahead_price,value,2026-08-05T16:12:29Z
2023-06-12T17:00:00Z,2023-06-12T19:00:00+0200,133.04,EUR/MWh,NL,NL,day_ahead_price,value,2026-08-05T16:12:29Z
2023-06-12T18:00:00Z,2023-06-12T20:00:00+0200,141.78,EUR/MWh,NL,NL,day_ahead_price,value,2026-08-05T16:12:29Z
2023-06-12T19:00:00Z,2023-06-12T21:00:00+0200,116.93,EUR/MWh,NL,NL,day_ahead_price,value,2026-08-05T16:12:29Z
2023-06-12T20:00:00Z,2023-06-12T22:00:00+0200,107.0,EUR/MWh,NL,NL,day_ahead_price,value,2026-08-05T16:12:29Z
2023-06-12T21:00:00Z,2023-06-12T23:00:00+0200,98.1,EUR/MWh,NL,NL,day_ahead_price,value,2026-08-05T16:12:29Z
2023-06-12T22:00:00Z,2023-06-13T00:00:00+0200,89.11,EUR/MWh,NL,NL,day_ahead_price,value,2026-08-05T16:12:29Z
2023-06-12T23:00:00Z,2023-06-13T01:00:00+0200,82.78,EUR/MWh,NL,NL,day_ahead_price,value,2026-08-05T16:12:29Z
2023-06-13T00:00:00Z,2023-06-13T02:00:00+0200,83.29,EUR/MWh,NL,NL,day_ahead_price,value,2026-08-05T16:12:29Z
2023-06-13T01:00:00Z,2023-06-13T03:00:00+0200,82.75,EUR/MWh,NL,NL,day_ahead_price,value,2026-08-05T16:12:29Z
2023-06-13T02:00:00Z,2023-06-13T04:00:00+0200,84.77,EUR/MWh,NL,NL,day_ahead_price,value,2026-08-05T16:12:29Z
2023-06-13T03:00:00Z,2023-06-13T05:00:00+0200,90.04,EUR/MWh,NL,NL,day_ahead_price,value,2026-08-05T16:12:29Z
2023-06-13T04:00:00Z,2023-06-13T06:00:00+0200,95.6,EUR/MWh,NL,NL,day_ahead_price,value,2026-08-05T16:12:29Z
2023-06-13T05:00:00Z,2023-06-13T07:00:00+0200,117.2,EUR/MWh,NL,NL,day_ahead_price,value,2026-08-05T16:12:29Z
2023-06-13T06:00:00Z,2023-06-13T08:00:00+0200,120.04,EUR/MWh,NL,NL,day_ahead_price,value,2026-08-05T16:12:29Z
2023-06-13T07:00:00Z,2023-06-13T09:00:00+0200,103.12,EUR/MWh,NL,NL,day_ahead_price,value,2026-08-05T16:12:29Z
2023-06-13T08:00:00Z,2023-06-13T10:00:00+0200,85.08,EUR/MWh,NL,NL,day_ahead_price,value,2026-08-05T16:12:29Z
2023-06-13T09:00:00Z,2023-06-13T11:00:00+0200,74.99,EUR/MWh,NL,NL,day_ahead_price,value,2026-08-05T16:12:29Z
2023-06-13T10:00:00Z,2023-06-13T12:00:00+0200,40.0,EUR/MWh,NL,NL,day_ahead_price,value,2026-08-05T16:12:29Z
2023-06-13T11:00:00Z,2023-06-13T13:00:00+0200,30.43,EUR/MWh,NL,NL,day_ahead_price,value,2026-08-05T16:12:29Z
2023-06-13T12:00:00Z,2023-06-13T14:00:00+0200,31.55,EUR/MWh,NL,NL,day_ahead_price,value,2026-08-05T16:12:29Z
2023-06-13T13:00:00Z,2023-06-13T15:00:00+0200,60.04,EUR/MWh,NL,NL,day_ahead_price,value,2026-08-05T16:12:29Z
2023-06-13T14:00:00Z,2023-06-13T16:00:00+0200,73.08,EUR/MWh,NL,NL,day_ahead_price,value,2026-08-05T16:12:29Z
2023-06-13T15:00:00Z,2023-06-13T17:00:00+0200,84.6,EUR/MWh,NL,NL,day_ahead_price,value,2026-08-05T16:12:29Z
2023-06-13T16:00:00Z,2023-06-13T18:00:00+0200,101.17,EUR/MWh,NL,NL,day_ahead_price,value,2026-08-05T16:12:29Z
2023-06-13T17:00:00Z,2023-06-13T19:00:00+0200,111.95,EUR/MWh,NL,NL,day_ahead_price,value,2026-08-05T16:12:29Z
2023-06-13T18:00:00Z,2023-06-13T20:00:00+0200,120.18,EUR/MWh,NL,NL,day_ahead_price,value,2026-08-05T16:12:29Z
2023-06-13T19:00:00Z,2023-06-13T21:00:00+0200,114.81,EUR/MWh,NL,NL,day_ahead_price,value,2026-08-05T16:12:29Z
2023-06-13T20:00:00Z,2023-06-13T22:00:00+0200,105.0,EUR/MWh,NL,NL,day_ahead_price,value,2026-08-05T16:12:29Z
2023-06-13T21:00:00Z,2023-06-13T23:00:00+0200,98.38,EUR/MWh,NL,NL,day_ahead_price,value,2026-08-05T16:12:29Z
2023-06-13T22:00:00Z,2023-06-14T00:00:00+0200,96.28,EUR/MWh,NL,NL,day_ahead_price,value,2026-08-05T16:12:29Z
2023-06-13T23:00:00Z,2023-06-14T01:00:00+0200,88.68,EUR/MWh,NL,NL,day_ahead_price,value,2026-08-05T16:12:29Z
2023-06-14T00:00:00Z,2023-06-14T02:00:00+0200,86.98,EUR/MWh,NL,NL,day_ahead_price,value,2026-08-05T16:12:29Z
2023-06-14T01:00:00Z,2023-06-14T03:00:00+0200,86.25,EUR/MWh,NL,NL,day_ahead_price,value,2026-08-05T16:12:29Z
2023-06-14T02:00:00Z,2023-06-14T04:00:00+0200,88.08,EUR/MWh,NL,NL,day_ahead_price,value,2026-08-05T16:12:29Z
2023-06-14T03:00:00Z,2023-06-14T05:00:00+0200,97.66,EUR/MWh,NL,NL,day_ahead_price,value,2026-08-05T16:12:29Z
2023-06-14T04:00:00Z,2023-06-14T06:00:00+0200,104.78,EUR/MWh,NL,NL,day_ahead_price,value,2026-08-05T16:12:29Z
2023-06-14T05:00:00Z,2023-06-14T07:00:00+0200,135.08,EUR/MWh,NL,NL,day_ahead_price,value,2026-08-05T16:12:29Z
2023-06-14T06:00:00Z,2023-06-14T08:00:00+0200,128.0,EUR/MWh,NL,NL,day_ahead_price,value,2026-08-05T16:12:29Z
2023-06-14T07:00:00Z,2023-06-14T09:00:00+0200,103.32,EUR/MWh,NL,NL,day_ahead_price,value,2026-08-05T16:12:29Z
2023-06-14T08:00:00Z,2023-06-14T10:00:00+0200,87.66,EUR/MWh,NL,NL,day_ahead_price,value,2026-08-05T16:12:29Z
2023-06-14T09:00:00Z,2023-06-14T11:00:00+0200,77.79,EUR/MWh,NL,NL,day_ahead_price,value,2026-08-05T16:12:29Z
2023-06-14T10:00:00Z,2023-06-14T12:00:00+0200,72.8,EUR/MWh,NL,NL,day_ahead_price,value,2026-08-05T16:12:29Z
2023-06-14T11:00:00Z,2023-06-14T13:00:00+0200,74.8,EUR/MWh,NL,NL,day_ahead_price,value,2026-08-05T16:12:29Z
2023-06-14T12:00:00Z,2023-06-14T14:00:00+0200,77.24,EUR/MWh,NL,NL,day_ahead_price,value,2026-08-05T16:12:29Z
2023-06-14T13:00:00Z,2023-06-14T15:00:00+0200,76.51,EUR/MWh,NL,NL,day_ahead_price,value,2026-08-05T16:12:29Z
2023-06-14T14:00:00Z,2023-06-14T16:00:00+0200,81.74,EUR/MWh,NL,NL,day_ahead_price,value,2026-08-05T16:12:29Z
2023-06-14T15:00:00Z,2023-06-14T17:00:00+0200,96.3,EUR/MWh,NL,NL,day_ahead_price,value,2026-08-05T16:12:29Z
2023-06-14T16:00:00Z,2023-06-14T18:00:00+0200,114.61,EUR/MWh,NL,NL,day_ahead_price,value,2026-08-05T16:12:29Z
2023-06-14T17:00:00Z,2023-06-14T19:00:00+0200,130.0,EUR/MWh,NL,NL,day_ahead_price,value,2026-08-05T16:12:29Z
2023-06-14T18:00:00Z,2023-06-14T20:00:00+0200,143.2,EUR/MWh,NL,NL,day_ahead_price,value,2026-08-05T16:12:29Z
2023-06-14T19:00:00Z,2023-06-14T21:00:00+0200,138.03,EUR/MWh,NL,NL,day_ahead_price,value,2026-08-05T16:12:29Z
2023-06-14T20:00:00Z,2023-06-14T22:00:00+0200,119.11,EUR/MWh,NL,NL,day_ahead_price,value,2026-08-05T16:12:29Z
2023-06-14T21:00:00Z,2023-06-14T23:00:00+0200,108.41,EUR/MWh,NL,NL,day_ahead_price,value,2026-08-05T16:12:29Z
2023-06-14T22:00:00Z,2023-06-15T00:00:00+0200,107.12,EUR/MWh,NL,NL,day_ahead_price,value,2026-08-05T16:12:29Z
2023-06-14T23:00:00Z,2023-06-15T01:00:00+0200,102.77,EUR/MWh,NL,NL,day_ahead_price,value,2026-08-05T16:12:29Z
2023-06-15T00:00:00Z,2023-06-15T02:00:00+0200,100.62,EUR/MWh,NL,NL,day_ahead_price,value,2026-08-05T16:12:29Z
2023-06-15T01:00:00Z,2023-06-15T03:00:00+0200,100.38,EUR/MWh,NL,NL,day_ahead_price,value,2026-08-05T16:12:29Z
2023-06-15T02:00:00Z,2023-06-15T04:00:00+0200,100.37,EUR/MWh,NL,NL,day_ahead_price,value,2026-08-05T16:12:29Z
2023-06-15T03:00:00Z,2023-06-15T05:00:00+0200,99.9,EUR/MWh,NL,NL,day_ahead_price,value,2026-08-05T16:12:29Z
2023-06-15T04:00:00Z,2023-06-15T06:00:00+0200,119.8,EUR/MWh,NL,NL,day_ahead_price,value,2026-08-05T16:12:29Z
2023-06-15T05:00:00Z,2023-06-15T07:00:00+0200,135.94,EUR/MWh,NL,NL,day_ahead_price,value,2026-08-05T16:12:29Z
2023-06-15T06:00:00Z,2023-06-15T08:00:00+0200,140.07,EUR/MWh,NL,NL,day_ahead_price,value,2026-08-05T16:12:29Z
2023-06-15T07:00:00Z,2023-06-15T09:00:00+0200,116.0,EUR/MWh,NL,NL,day_ahead_price,value,2026-08-05T16:12:29Z
2023-06-15T08:00:00Z,2023-06-15T10:00:00+0200,103.66,EUR/MWh,NL,NL,day_ahead_price,value,2026-08-05T16:12:29Z
2023-06-15T09:00:00Z,2023-06-15T11:00:00+0200,98.02,EUR/MWh,NL,NL,day_ahead_price,value,2026-08-05T16:12:29Z
2023-06-15T10:00:00Z,2023-06-15T12:00:00+0200,92.24,EUR/MWh,NL,NL,day_ahead_price,value,2026-08-05T16:12:29Z
2023-06-15T11:00:00Z,2023-06-15T13:00:00+0200,90.0,EUR/MWh,NL,NL,day_ahead_price,value,2026-08-05T16:12:29Z
2023-06-15T12:00:00Z,2023-06-15T14:00:00+0200,90.0,EUR/MWh,NL,NL,day_ahead_price,value,2026-08-05T16:12:29Z
2023-06-15T13:00:00Z,2023-06-15T15:00:00+0200,92.01,EUR/MWh,NL,NL,day_ahead_price,value,2026-08-05T16:12:29Z
2023-06-15T14:00:00Z,2023-06-15T16:00:00+0200,96.75,EUR/MWh,NL,NL,day_ahead_price,value,2026-08-05T16:12:29Z
2023-06-15T15:00:00Z,2023-06-15T17:00:00+0200,104.9,EUR/MWh,NL,NL,day_ahead_price,value,2026-08-05T16:12:29Z
2023-06-15T16:00:00Z,2023-06-15T18:00:00+0200,125.39,EUR/MWh,NL,NL,day_ahead_price,value,2026-08-05T16:12:29Z
2023-06-15T17:00:00Z,2023-06-15T19:00:00+0200,155.0,EUR/MWh,NL,NL,day_ahead_price,value,2026-08-05T16:12:29Z
2023-06-15T18:00:00Z,2023-06-15T20:00:00+0200,175.76,EUR/MWh,NL,NL,day_ahead_price,value,2026-08-05T16:12:29Z
2023-06-15T19:00:00Z,2023-06-15T21:00:00+0200,169.42,EUR/MWh,NL,NL,day_ahead_price,value,2026-08-05T16:12:29Z
2023-06-15T20:00:00Z,2023-06-15T22:00:00+0200,149.63,EUR/MWh,NL,NL,day_ahead_price,value,2026-08-05T16:12:29Z
2023-06-15T21:00:00Z,2023-06-15T23:00:00+0200,125.0,EUR/MWh,NL,NL,day_ahead_price,value,2026-08-05T16:12:29Z
2023-06-15T22:00:00Z,2023-06-16T00:00:00+0200,126.16,EUR/MWh,NL,NL,day_ahead_price,value,2026-08-05T16:12:29Z
2023-06-15T23:00:00Z,2023-06-16T01:00:00+0200,121.61,EUR/MWh,NL,NL,day_ahead_price,value,2026-08-05T16:12:29Z
2023-06-16T00:00:00Z,2023-06-16T02:00:00+0200,115.59,EUR/MWh,NL,NL,day_ahead_price,value,2026-08-05T16:12:29Z
2023-06-16T01:00:00Z,2023-06-16T03:00:00+0200,112.69,EUR/MWh,NL,NL,day_ahead_price,value,2026-08-05T16:12:29Z
2023-06-16T02:00:00Z,2023-06-16T04:00:00+0200,113.08,EUR/MWh,NL,NL,day_ahead_price,value,2026-08-05T16:12:29Z
2023-06-16T03:00:00Z,2023-06-16T05:00:00+0200,117.76,EUR/MWh,NL,NL,day_ahead_price,value,2026-08-05T16:12:29Z
2023-06-16T04:00:00Z,2023-06-16T06:00:00+0200,141.97,EUR/MWh,NL,NL,day_ahead_price,value,2026-08-05T16:12:29Z
2023-06-16T05:00:00Z,2023-06-16T07:00:00+0200,153.56,EUR/MWh,NL,NL,day_ahead_price,value,2026-08-05T16:12:29Z
2023-06-16T06:00:00Z,2023-06-16T08:00:00+0200,145.59,EUR/MWh,NL,NL,day_ahead_price,value,2026-08-05T16:12:29Z
2023-06-16T07:00:00Z,2023-06-16T09:00:00+0200,124.16,EUR/MWh,NL,NL,day_ahead_price,value,2026-08-05T16:12:29Z
2023-06-16T08:00:00Z,2023-06-16T10:00:00+0200,112.2,EUR/MWh,NL,NL,day_ahead_price,value,2026-08-05T16:12:29Z
2023-06-16T09:00:00Z,2023-06-16T11:00:00+0200,108.99,EUR/MWh,NL,NL,day_ahead_price,value,2026-08-05T16:12:29Z
2023-06-16T10:00:00Z,2023-06-16T12:00:00+0200,107.35,EUR/MWh,NL,NL,day_ahead_price,value,2026-08-05T16:12:29Z
2023-06-16T11:00:00Z,2023-06-16T13:00:00+0200,95.31,EUR/MWh,NL,NL,day_ahead_price,value,2026-08-05T16:12:29Z
2023-06-16T12:00:00Z,2023-06-16T14:00:00+0200,94.79,EUR/MWh,NL,NL,day_ahead_price,value,2026-08-05T16:12:29Z
2023-06-16T13:00:00Z,2023-06-16T15:00:00+0200,101.65,EUR/MWh,NL,NL,day_ahead_price,value,2026-08-05T16:12:29Z
2023-06-16T14:00:00Z,2023-06-16T16:00:00+0200,108.46,EUR/MWh,NL,NL,day_ahead_price,value,2026-08-05T16:12:29Z
2023-06-16T15:00:00Z,2023-06-16T17:00:00+0200,115.04,EUR/MWh,NL,NL,day_ahead_price,value,2026-08-05T16:12:29Z
2023-06-16T16:00:00Z,2023-06-16T18:00:00+0200,135.35,EUR/MWh,NL,NL,day_ahead_price,value,2026-08-05T16:12:29Z
2023-06-16T17:00:00Z,2023-06-16T19:00:00+0200,161.17,EUR/MWh,NL,NL,day_ahead_price,value,2026-08-05T16:12:29Z
2023-06-16T18:00:00Z,2023-06-16T20:00:00+0200,175.1,EUR/MWh,NL,NL,day_ahead_price,value,2026-08-05T16:12:29Z
2023-06-16T19:00:00Z,2023-06-16T21:00:00+0200,170.39,EUR/MWh,NL,NL,day_ahead_price,value,2026-08-05T16:12:29Z
2023-06-16T20:00:00Z,2023-06-16T22:00:00+0200,152.0,EUR/MWh,NL,NL,day_ahead_price,value,2026-08-05T16:12:29Z
2023-06-16T21:00:00Z,2023-06-16T23:00:00+0200,138.71,EUR/MWh,NL,NL,day_ahead_price,value,2026-08-05T16:12:29Z
2023-06-16T22:00:00Z,2023-06-17T00:00:00+0200,130.81,EUR/MWh,NL,NL,day_ahead_price,value,2026-08-05T16:12:29Z
2023-06-16T23:00:00Z,2023-06-17T01:00:00+0200,122.8,EUR/MWh,NL,NL,day_ahead_price,value,2026-08-05T16:12:29Z
2023-06-17T00:00:00Z,2023-06-17T02:00:00+0200,120.0,EUR/MWh,NL,NL,day_ahead_price,value,2026-08-05T16:12:29Z
2023-06-17T01:00:00Z,2023-06-17T03:00:00+0200,116.44,EUR/MWh,NL,NL,day_ahead_price,value,2026-08-05T16:12:29Z
2023-06-17T02:00:00Z,2023-06-17T04:00:00+0200,111.07,EUR/MWh,NL,NL,day_ahead_price,value,2026-08-05T16:12:29Z
2023-06-17T03:00:00Z,2023-06-17T05:00:00+0200,110.0,EUR/MWh,NL,NL,day_ahead_price,value,2026-08-05T16:12:29Z
2023-06-17T04:00:00Z,2023-06-17T06:00:00+0200,110.3,EUR/MWh,NL,NL,day_ahead_price,value,2026-08-05T16:12:29Z
2023-06-17T05:00:00Z,2023-06-17T07:00:00+0200,108.04,EUR/MWh,NL,NL,day_ahead_price,value,2026-08-05T16:12:29Z
2023-06-17T06:00:00Z,2023-06-17T08:00:00+0200,101.0,EUR/MWh,NL,NL,day_ahead_price,value,2026-08-05T16:12:29Z
2023-06-17T07:00:00Z,2023-06-17T09:00:00+0200,95.6,EUR/MWh,NL,NL,day_ahead_price,value,2026-08-05T16:12:29Z
2023-06-17T08:00:00Z,2023-06-17T10:00:00+0200,85.0,EUR/MWh,NL,NL,day_ahead_price,value,2026-08-05T16:12:29Z
2023-06-17T09:00:00Z,2023-06-17T11:00:00+0200,69.99,EUR/MWh,NL,NL,day_ahead_price,value,2026-08-05T16:12:29Z
2023-06-17T10:00:00Z,2023-06-17T12:00:00+0200,59.36,EUR/MWh,NL,NL,day_ahead_price,value,2026-08-05T16:12:29Z
2023-06-17T11:00:00Z,2023-06-17T13:00:00+0200,48.4,EUR/MWh,NL,NL,day_ahead_price,value,2026-08-05T16:12:29Z
2023-06-17T12:00:00Z,2023-06-17T14:00:00+0200,39.38,EUR/MWh,NL,NL,day_ahead_price,value,2026-08-05T16:12:29Z
2023-06-17T13:00:00Z,2023-06-17T15:00:00+0200,56.08,EUR/MWh,NL,NL,day_ahead_price,value,2026-08-05T16:12:29Z
2023-06-17T14:00:00Z,2023-06-17T16:00:00+0200,85.0,EUR/MWh,NL,NL,day_ahead_price,value,2026-08-05T16:12:29Z
2023-06-17T15:00:00Z,2023-06-17T17:00:00+0200,101.52,EUR/MWh,NL,NL,day_ahead_price,value,2026-08-05T16:12:29Z
2023-06-17T16:00:00Z,2023-06-17T18:00:00+0200,115.31,EUR/MWh,NL,NL,day_ahead_price,value,2026-08-05T16:12:29Z
2023-06-17T17:00:00Z,2023-06-17T19:00:00+0200,137.79,EUR/MWh,NL,NL,day_ahead_price,value,2026-08-05T16:12:29Z
2023-06-17T18:00:00Z,2023-06-17T20:00:00+0200,146.97,EUR/MWh,NL,NL,day_ahead_price,value,2026-08-05T16:12:29Z
2023-06-17T19:00:00Z,2023-06-17T21:00:00+0200,154.2,EUR/MWh,NL,NL,day_ahead_price,value,2026-08-05T16:12:29Z
2023-06-17T20:00:00Z,2023-06-17T22:00:00+0200,146.07,EUR/MWh,NL,NL,day_ahead_price,value,2026-08-05T16:12:29Z
2023-06-17T21:00:00Z,2023-06-17T23:00:00+0200,136.65,EUR/MWh,NL,NL,day_ahead_price,value,2026-08-05T16:12:29Z
2023-06-17T22:00:00Z,2023-06-18T00:00:00+0200,128.48,EUR/MWh,NL,NL,day_ahead_price,value,2026-08-05T16:12:29Z
2023-06-17T23:00:00Z,2023-06-18T01:00:00+0200,117.85,EUR/MWh,NL,NL,day_ahead_price,value,2026-08-05T16:12:29Z
2023-06-18T00:00:00Z,2023-06-18T02:00:00+0200,110.44,EUR/MWh,NL,NL,day_ahead_price,value,2026-08-05T16:12:29Z
2023-06-18T01:00:00Z,2023-06-18T03:00:00+0200,108.86,EUR/MWh,NL,NL,day_ahead_price,value,2026-08-05T16:12:29Z
2023-06-18T02:00:00Z,2023-06-18T04:00:00+0200,104.0,EUR/MWh,NL,NL,day_ahead_price,value,2026-08-05T16:12:29Z
2023-06-18T03:00:00Z,2023-06-18T05:00:00+0200,102.59,EUR/MWh,NL,NL,day_ahead_price,value,2026-08-05T16:12:29Z
2023-06-18T04:00:00Z,2023-06-18T06:00:00+0200,98.34,EUR/MWh,NL,NL,day_ahead_price,value,2026-08-05T16:12:29Z
2023-06-18T05:00:00Z,2023-06-18T07:00:00+0200,92.06,EUR/MWh,NL,NL,day_ahead_price,value,2026-08-05T16:12:29Z
2023-06-18T06:00:00Z,2023-06-18T08:00:00+0200,85.0,EUR/MWh,NL,NL,day_ahead_price,value,2026-08-05T16:12:29Z
2023-06-18T07:00:00Z,2023-06-18T09:00:00+0200,78.17,EUR/MWh,NL,NL,day_ahead_price,value,2026-08-05T16:12:29Z
2023-06-18T08:00:00Z,2023-06-18T10:00:00+0200,63.36,EUR/MWh,NL,NL,day_ahead_price,value,2026-08-05T16:12:29Z
2023-06-18T09:00:00Z,2023-06-18T11:00:00+0200,53.65,EUR/MWh,NL,NL,day_ahead_price,value,2026-08-05T16:12:29Z
2023-06-18T10:00:00Z,2023-06-18T12:00:00+0200,45.8,EUR/MWh,NL,NL,day_ahead_price,value,2026-08-05T16:12:29Z
2023-06-18T11:00:00Z,2023-06-18T13:00:00+0200,29.38,EUR/MWh,NL,NL,day_ahead_price,value,2026-08-05T16:12:29Z
2023-06-18T12:00:00Z,2023-06-18T14:00:00+0200,25.0,EUR/MWh,NL,NL,day_ahead_price,value,2026-08-05T16:12:29Z
2023-06-18T13:00:00Z,2023-06-18T15:00:00+0200,49.0,EUR/MWh,NL,NL,day_ahead_price,value,2026-08-05T16:12:29Z
2023-06-18T14:00:00Z,2023-06-18T16:00:00+0200,75.0,EUR/MWh,NL,NL,day_ahead_price,value,2026-08-05T16:12:29Z
2023-06-18T15:00:00Z,2023-06-18T17:00:00+0200,93.63,EUR/MWh,NL,NL,day_ahead_price,value,2026-08-05T16:12:29Z
2023-06-18T16:00:00Z,2023-06-18T18:00:00+0200,107.23,EUR/MWh,NL,NL,day_ahead_price,value,2026-08-05T16:12:29Z
2023-06-18T17:00:00Z,2023-06-18T19:00:00+0200,129.9,EUR/MWh,NL,NL,day_ahead_price,value,2026-08-05T16:12:29Z
2023-06-18T18:00:00Z,2023-06-18T20:00:00+0200,138.71,EUR/MWh,NL,NL,day_ahead_price,value,2026-08-05T16:12:29Z
2023-06-18T19:00:00Z,2023-06-18T21:00:00+0200,137.11,EUR/MWh,NL,NL,day_ahead_price,value,2026-08-05T16:12:29Z
2023-06-18T20:00:00Z,2023-06-18T22:00:00+0200,137.38,EUR/MWh,NL,NL,day_ahead_price,value,2026-08-05T16:12:29Z
2023-06-18T21:00:00Z,2023-06-18T23:00:00+0200,117.6,EUR/MWh,NL,NL,day_ahead_price,value,2026-08-05T16:12:29Z
2023-06-18T22:00:00Z,2023-06-19T00:00:00+0200,99.95,EUR/MWh,NL,NL,day_ahead_price,value,2026-08-05T16:12:29Z
2023-06-18T23:00:00Z,2023-06-19T01:00:00+0200,93.66,EUR/MWh,NL,NL,day_ahead_price,value,2026-08-05T16:12:29Z
2023-06-19T00:00:00Z,2023-06-19T02:00:00+0200,88.57,EUR/MWh,NL,NL,day_ahead_price,value,2026-08-05T16:12:29Z
2023-06-19T01:00:00Z,2023-06-19T03:00:00+0200,89.66,EUR/MWh,NL,NL,day_ahead_price,value,2026-08-05T16:12:29Z
2023-06-19T02:00:00Z,2023-06-19T04:00:00+0200,93.8,EUR/MWh,NL,NL,day_ahead_price,value,2026-08-05T16:12:29Z
2023-06-19T03:00:00Z,2023-06-19T05:00:00+0200,95.87,EUR/MWh,NL,NL,day_ahead_price,value,2026-08-05T16:12:29Z
2023-06-19T04:00:00Z,2023-06-19T06:00:00+0200,117.01,EUR/MWh,NL,NL,day_ahead_price,value,2026-08-05T16:12:29Z
2023-06-19T05:00:00Z,2023-06-19T07:00:00+0200,133.85,EUR/MWh,NL,NL,day_ahead_price,value,2026-08-05T16:12:29Z
2023-06-19T06:00:00Z,2023-06-19T08:00:00+0200,132.58,EUR/MWh,NL,NL,day_ahead_price,value,2026-08-05T16:12:29Z
2023-06-19T07:00:00Z,2023-06-19T09:00:00+0200,115.62,EUR/MWh,NL,NL,day_ahead_price,value,2026-08-05T16:12:29Z
2023-06-19T08:00:00Z,2023-06-19T10:00:00+0200,104.09,EUR/MWh,NL,NL,day_ahead_price,value,2026-08-05T16:12:29Z
2023-06-19T09:00:00Z,2023-06-19T11:00:00+0200,97.24,EUR/MWh,NL,NL,day_ahead_price,value,2026-08-05T16:12:29Z
2023-06-19T10:00:00Z,2023-06-19T12:00:00+0200,93.3,EUR/MWh,NL,NL,day_ahead_price,value,2026-08-05T16:12:29Z
2023-06-19T11:00:00Z,2023-06-19T13:00:00+0200,90.01,EUR/MWh,NL,NL,day_ahead_price,value,2026-08-05T16:12:29Z
2023-06-19T12:00:00Z,2023-06-19T14:00:00+0200,88.35,EUR/MWh,NL,NL,day_ahead_price,value,2026-08-05T16:12:29Z
2023-06-19T13:00:00Z,2023-06-19T15:00:00+0200,94.21,EUR/MWh,NL,NL,day_ahead_price,value,2026-08-05T16:12:29Z
2023-06-19T14:00:00Z,2023-06-19T16:00:00+0200,98.16,EUR/MWh,NL,NL,day_ahead_price,value,2026-08-05T16:12:29Z
2023-06-19T15:00:00Z,2023-06-19T17:00:00+0200,110.08,EUR/MWh,NL,NL,day_ahead_price,value,2026-08-05T16:12:29Z
2023-06-19T16:00:00Z,2023-06-19T18:00:00+0200,137.0,EUR/MWh,NL,NL,day_ahead_price,value,2026-08-05T16:12:29Z
2023-06-19T17:00:00Z,2023-06-19T19:00:00+0200,170.07,EUR/MWh,NL,NL,day_ahead_price,value,2026-08-05T16:12:29Z
2023-06-19T18:00:00Z,2023-06-19T20:00:00+0200,197.77,EUR/MWh,NL,NL,day_ahead_price,value,2026-08-05T16:12:29Z
2023-06-19T19:00:00Z,2023-06-19T21:00:00+0200,175.78,EUR/MWh,NL,NL,day_ahead_price,value,2026-08-05T16:12:29Z
2023-06-19T20:00:00Z,2023-06-19T22:00:00+0200,149.94,EUR/MWh,NL,NL,day_ahead_price,value,2026-08-05T16:12:29Z
2023-06-19T21:00:00Z,2023-06-19T23:00:00+0200,135.0,EUR/MWh,NL,NL,day_ahead_price,value,2026-08-05T16:12:29Z
2023-06-19T22:00:00Z,2023-06-20T00:00:00+0200,121.19,EUR/MWh,NL,NL,day_ahead_price,value,2026-08-05T16:12:29Z
2023-06-19T23:00:00Z,2023-06-20T01:00:00+0200,110.63,EUR/MWh,NL,NL,day_ahead_price,value,2026-08-05T16:12:29Z
2023-06-20T00:00:00Z,2023-06-20T02:00:00+0200,104.15,EUR/MWh,NL,NL,day_ahead_price,value,2026-08-05T16:12:29Z
2023-06-20T01:00:00Z,2023-06-20T03:00:00+0200,101.29,EUR/MWh,NL,NL,day_ahead_price,value,2026-08-05T16:12:29Z
2023-06-20T02:00:00Z,2023-06-20T04:00:00+0200,100.89,EUR/MWh,NL,NL,day_ahead_price,value,2026-08-05T16:12:29Z
2023-06-20T03:00:00Z,2023-06-20T05:00:00+0200,101.07,EUR/MWh,NL,NL,day_ahead_price,value,2026-08-05T16:12:29Z
2023-06-20T04:00:00Z,2023-06-20T06:00:00+0200,121.64,EUR/MWh,NL,NL,day_ahead_price,value,2026-08-05T16:12:29Z
2023-06-20T05:00:00Z,2023-06-20T07:00:00+0200,143.34,EUR/MWh,NL,NL,day_ahead_price,value,2026-08-05T16:12:29Z
2023-06-20T06:00:00Z,2023-06-20T08:00:00+0200,146.71,EUR/MWh,NL,NL,day_ahead_price,value,2026-08-05T16:12:29Z
2023-06-20T07:00:00Z,2023-06-20T09:00:00+0200,130.94,EUR/MWh,NL,NL,day_ahead_price,value,2026-08-05T16:12:29Z
2023-06-20T08:00:00Z,2023-06-20T10:00:00+0200,114.09,EUR/MWh,NL,NL,day_ahead_price,value,2026-08-05T16:12:29Z
2023-06-20T09:00:00Z,2023-06-20T11:00:00+0200,101.98,EUR/MWh,NL,NL,day_ahead_price,value,2026-08-05T16:12:29Z
2023-06-20T10:00:00Z,2023-06-20T12:00:00+0200,100.02,EUR/MWh,NL,NL,day_ahead_price,value,2026-08-05T16:12:29Z
2023-06-20T11:00:00Z,2023-06-20T13:00:00+0200,89.9,EUR/MWh,NL,NL,day_ahead_price,value,2026-08-05T16:12:29Z
2023-06-20T12:00:00Z,2023-06-20T14:00:00+0200,92.26,EUR/MWh,NL,NL,day_ahead_price,value,2026-08-05T16:12:29Z
2023-06-20T13:00:00Z,2023-06-20T15:00:00+0200,99.9,EUR/MWh,NL,NL,day_ahead_price,value,2026-08-05T16:12:29Z
2023-06-20T14:00:00Z,2023-06-20T16:00:00+0200,105.34,EUR/MWh,NL,NL,day_ahead_price,value,2026-08-05T16:12:29Z
2023-06-20T15:00:00Z,2023-06-20T17:00:00+0200,118.63,EUR/MWh,NL,NL,day_ahead_price,value,2026-08-05T16:12:29Z
2023-06-20T16:00:00Z,2023-06-20T18:00:00+0200,140.0,EUR/MWh,NL,NL,day_ahead_price,value,2026-08-05T16:12:29Z
2023-06-20T17:00:00Z,2023-06-20T19:00:00+0200,160.59,EUR/MWh,NL,NL,day_ahead_price,value,2026-08-05T16:12:29Z
2023-06-20T18:00:00Z,2023-06-20T20:00:00+0200,165.08,EUR/MWh,NL,NL,day_ahead_price,value,2026-08-05T16:12:29Z
2023-06-20T19:00:00Z,2023-06-20T21:00:00+0200,150.0,EUR/MWh,NL,NL,day_ahead_price,value,2026-08-05T16:12:29Z
2023-06-20T20:00:00Z,2023-06-20T22:00:00+0200,138.0,EUR/MWh,NL,NL,day_ahead_price,value,2026-08-05T16:12:29Z
2023-06-20T21:00:00Z,2023-06-20T23:00:00+0200,120.24,EUR/MWh,NL,NL,day_ahead_price,value,2026-08-05T16:12:29Z
2023-06-20T22:00:00Z,2023-06-21T00:00:00+0200,119.7,EUR/MWh,NL,NL,day_ahead_price,value,2026-08-05T16:12:29Z
2023-06-20T23:00:00Z,2023-06-21T01:00:00+0200,110.77,EUR/MWh,NL,NL,day_ahead_price,value,2026-08-05T16:12:29Z
2023-06-21T00:00:00Z,2023-06-21T02:00:00+0200,104.8,EUR/MWh,NL,NL,day_ahead_price,value,2026-08-05T16:12:29Z
2023-06-21T01:00:00Z,2023-06-21T03:00:00+0200,103.92,EUR/MWh,NL,NL,day_ahead_price,value,2026-08-05T16:12:29Z
2023-06-21T02:00:00Z,2023-06-21T04:00:00+0200,103.76,EUR/MWh,NL,NL,day_ahead_price,value,2026-08-05T16:12:29Z
2023-06-21T03:00:00Z,2023-06-21T05:00:00+0200,107.02,EUR/MWh,NL,NL,day_ahead_price,value,2026-08-05T16:12:29Z
2023-06-21T04:00:00Z,2023-06-21T06:00:00+0200,126.56,EUR/MWh,NL,NL,day_ahead_price,value,2026-08-05T16:12:29Z
2023-06-21T05:00:00Z,2023-06-21T07:00:00+0200,137.67,EUR/MWh,NL,NL,day_ahead_price,value,2026-08-05T16:12:29Z
2023-06-21T06:00:00Z,2023-06-21T08:00:00+0200,144.55,EUR/MWh,NL,NL,day_ahead_price,value,2026-08-05T16:12:29Z
2023-06-21T07:00:00Z,2023-06-21T09:00:00+0200,126.16,EUR/MWh,NL,NL,day_ahead_price,value,2026-08-05T16:12:29Z
2023-06-21T08:00:00Z,2023-06-21T10:00:00+0200,103.02,EUR/MWh,NL,NL,day_ahead_price,value,2026-08-05T16:12:29Z
2023-06-21T09:00:00Z,2023-06-21T11:00:00+0200,91.16,EUR/MWh,NL,NL,day_ahead_price,value,2026-08-05T16:12:29Z
2023-06-21T10:00:00Z,2023-06-21T12:00:00+0200,89.12,EUR/MWh,NL,NL,day_ahead_price,value,2026-08-05T16:12:29Z
2023-06-21T11:00:00Z,2023-06-21T13:00:00+0200,86.5,EUR/MWh,NL,NL,day_ahead_price,value,2026-08-05T16:12:29Z
2023-06-21T12:00:00Z,2023-06-21T14:00:00+0200,86.64,EUR/MWh,NL,NL,day_ahead_price,value,2026-08-05T16:12:29Z
2023-06-21T13:00:00Z,2023-06-21T15:00:00+0200,94.6,EUR/MWh,NL,NL,day_ahead_price,value,2026-08-05T16:12:29Z
2023-06-21T14:00:00Z,2023-06-21T16:00:00+0200,100.16,EUR/MWh,NL,NL,day_ahead_price,value,2026-08-05T16:12:29Z
2023-06-21T15:00:00Z,2023-06-21T17:00:00+0200,113.62,EUR/MWh,NL,NL,day_ahead_price,value,2026-08-05T16:12:29Z
2023-06-21T16:00:00Z,2023-06-21T18:00:00+0200,138.17,EUR/MWh,NL,NL,day_ahead_price,value,2026-08-05T16:12:29Z
2023-06-21T17:00:00Z,2023-06-21T19:00:00+0200,167.5,EUR/MWh,NL,NL,day_ahead_price,value,2026-08-05T16:12:29Z
2023-06-21T18:00:00Z,2023-06-21T20:00:00+0200,190.24,EUR/MWh,NL,NL,day_ahead_price,value,2026-08-05T16:12:29Z
2023-06-21T19:00:00Z,2023-06-21T21:00:00+0200,180.66,EUR/MWh,NL,NL,day_ahead_price,value,2026-08-05T16:12:29Z
2023-06-21T20:00:00Z,2023-06-21T22:00:00+0200,155.57,EUR/MWh,NL,NL,day_ahead_price,value,2026-08-05T16:12:29Z
2023-06-21T21:00:00Z,2023-06-21T23:00:00+0200,134.86,EUR/MWh,NL,NL,day_ahead_price,value,2026-08-05T16:12:29Z
2023-06-21T22:00:00Z,2023-06-22T00:00:00+0200,132.91,EUR/MWh,NL,NL,day_ahead_price,value,2026-08-05T16:12:29Z
2023-06-21T23:00:00Z,2023-06-22T01:00:00+0200,123.42,EUR/MWh,NL,NL,day_ahead_price,value,2026-08-05T16:12:29Z
2023-06-22T00:00:00Z,2023-06-22T02:00:00+0200,115.4,EUR/MWh,NL,NL,day_ahead_price,value,2026-08-05T16:12:29Z
2023-06-22T01:00:00Z,2023-06-22T03:00:00+0200,111.33,EUR/MWh,NL,NL,day_ahead_price,value,2026-08-05T16:12:29Z
2023-06-22T02:00:00Z,2023-06-22T04:00:00+0200,107.02,EUR/MWh,NL,NL,day_ahead_price,value,2026-08-05T16:12:29Z
2023-06-22T03:00:00Z,2023-06-22T05:00:00+0200,115.19,EUR/MWh,NL,NL,day_ahead_price,value,2026-08-05T16:12:29Z
2023-06-22T04:00:00Z,2023-06-22T06:00:00+0200,136.02,EUR/MWh,NL,NL,day_ahead_price,value,2026-08-05T16:12:29Z
2023-06-22T05:00:00Z,2023-06-22T07:00:00+0200,151.72,EUR/MWh,NL,NL,day_ahead_price,value,2026-08-05T16:12:29Z
2023-06-22T06:00:00Z,2023-06-22T08:00:00+0200,153.43,EUR/MWh,NL,NL,day_ahead_price,value,2026-08-05T16:12:29Z
2023-06-22T07:00:00Z,2023-06-22T09:00:00+0200,130.08,EUR/MWh,NL,NL,day_ahead_price,value,2026-08-05T16:12:29Z
2023-06-22T08:00:00Z,2023-06-22T10:00:00+0200,116.0,EUR/MWh,NL,NL,day_ahead_price,value,2026-08-05T16:12:29Z
2023-06-22T09:00:00Z,2023-06-22T11:00:00+0200,104.49,EUR/MWh,NL,NL,day_ahead_price,value,2026-08-05T16:12:29Z
2023-06-22T10:00:00Z,2023-06-22T12:00:00+0200,102.91,EUR/MWh,NL,NL,day_ahead_price,value,2026-08-05T16:12:29Z
2023-06-22T11:00:00Z,2023-06-22T13:00:00+0200,106.79,EUR/MWh,NL,NL,day_ahead_price,value,2026-08-05T16:12:29Z
2023-06-22T12:00:00Z,2023-06-22T14:00:00+0200,106.46,EUR/MWh,NL,NL,day_ahead_price,value,2026-08-05T16:12:29Z
2023-06-22T13:00:00Z,2023-06-22T15:00:00+0200,106.79,EUR/MWh,NL,NL,day_ahead_price,value,2026-08-05T16:12:29Z
2023-06-22T14:00:00Z,2023-06-22T16:00:00+0200,108.19,EUR/MWh,NL,NL,day_ahead_price,value,2026-08-05T16:12:29Z
2023-06-22T15:00:00Z,2023-06-22T17:00:00+0200,125.77,EUR/MWh,NL,NL,day_ahead_price,value,2026-08-05T16:12:29Z
2023-06-22T16:00:00Z,2023-06-22T18:00:00+0200,137.3,EUR/MWh,NL,NL,day_ahead_price,value,2026-08-05T16:12:29Z
2023-06-22T17:00:00Z,2023-06-22T19:00:00+0200,157.43,EUR/MWh,NL,NL,day_ahead_price,value,2026-08-05T16:12:29Z
2023-06-22T18:00:00Z,2023-06-22T20:00:00+0200,155.23,EUR/MWh,NL,NL,day_ahead_price,value,2026-08-05T16:12:29Z
2023-06-22T19:00:00Z,2023-06-22T21:00:00+0200,147.18,EUR/MWh,NL,NL,day_ahead_price,value,2026-08-05T16:12:29Z
2023-06-22T20:00:00Z,2023-06-22T22:00:00+0200,134.34,EUR/MWh,NL,NL,day_ahead_price,value,2026-08-05T16:12:29Z
2023-06-22T21:00:00Z,2023-06-22T23:00:00+0200,120.86,EUR/MWh,NL,NL,day_ahead_price,value,2026-08-05T16:12:29Z
2023-06-22T22:00:00Z,2023-06-23T00:00:00+0200,103.86,EUR/MWh,NL,NL,day_ahead_price,value,2026-08-05T16:12:29Z
2023-06-22T23:00:00Z,2023-06-23T01:00:00+0200,95.2,EUR/MWh,NL,NL,day_ahead_price,value,2026-08-05T16:12:29Z
2023-06-23T00:00:00Z,2023-06-23T02:00:00+0200,91.79,EUR/MWh,NL,NL,day_ahead_price,value,2026-08-05T16:12:29Z
2023-06-23T01:00:00Z,2023-06-23T03:00:00+0200,91.28,EUR/MWh,NL,NL,day_ahead_price,value,2026-08-05T16:12:29Z
2023-06-23T02:00:00Z,2023-06-23T04:00:00+0200,90.94,EUR/MWh,NL,NL,day_ahead_price,value,2026-08-05T16:12:29Z
2023-06-23T03:00:00Z,2023-06-23T05:00:00+0200,94.56,EUR/MWh,NL,NL,day_ahead_price,value,2026-08-05T16:12:29Z
2023-06-23T04:00:00Z,2023-06-23T06:00:00+0200,115.09,EUR/MWh,NL,NL,day_ahead_price,value,2026-08-05T16:12:29Z
2023-06-23T05:00:00Z,2023-06-23T07:00:00+0200,128.86,EUR/MWh,NL,NL,day_ahead_price,value,2026-08-05T16:12:29Z
2023-06-23T06:00:00Z,2023-06-23T08:00:00+0200,130.87,EUR/MWh,NL,NL,day_ahead_price,value,2026-08-05T16:12:29Z
2023-06-23T07:00:00Z,2023-06-23T09:00:00+0200,121.65,EUR/MWh,NL,NL,day_ahead_price,value,2026-08-05T16:12:29Z
2023-06-23T08:00:00Z,2023-06-23T10:00:00+0200,106.27,EUR/MWh,NL,NL,day_ahead_price,value,2026-08-05T16:12:29Z
2023-06-23T09:00:00Z,2023-06-23T11:00:00+0200,98.1,EUR/MWh,NL,NL,day_ahead_price,value,2026-08-05T16:12:29Z
2023-06-23T10:00:00Z,2023-06-23T12:00:00+0200,92.89,EUR/MWh,NL,NL,day_ahead_price,value,2026-08-05T16:12:29Z
2023-06-23T11:00:00Z,2023-06-23T13:00:00+0200,86.71,EUR/MWh,NL,NL,day_ahead_price,value,2026-08-05T16:12:29Z
2023-06-23T12:00:00Z,2023-06-23T14:00:00+0200,79.07,EUR/MWh,NL,NL,day_ahead_price,value,2026-08-05T16:12:29Z
2023-06-23T13:00:00Z,2023-06-23T15:00:00+0200,78.33,EUR/MWh,NL,NL,day_ahead_price,value,2026-08-05T16:12:29Z
2023-06-23T14:00:00Z,2023-06-23T16:00:00+0200,85.84,EUR/MWh,NL,NL,day_ahead_price,value,2026-08-05T16:12:29Z
2023-06-23T15:00:00Z,2023-06-23T17:00:00+0200,96.24,EUR/MWh,NL,NL,day_ahead_price,value,2026-08-05T16:12:29Z
2023-06-23T16:00:00Z,2023-06-23T18:00:00+0200,107.55,EUR/MWh,NL,NL,day_ahead_price,value,2026-08-05T16:12:29Z
2023-06-23T17:00:00Z,2023-06-23T19:00:00+0200,129.68,EUR/MWh,NL,NL,day_ahead_price,value,2026-08-05T16:12:29Z
2023-06-23T18:00:00Z,2023-06-23T20:00:00+0200,137.1,EUR/MWh,NL,NL,day_ahead_price,value,2026-08-05T16:12:29Z
2023-06-23T19:00:00Z,2023-06-23T21:00:00+0200,134.99,EUR/MWh,NL,NL,day_ahead_price,value,2026-08-05T16:12:29Z
2023-06-23T20:00:00Z,2023-06-23T22:00:00+0200,130.54,EUR/MWh,NL,NL,day_ahead_price,value,2026-08-05T16:12:29Z
2023-06-23T21:00:00Z,2023-06-23T23:00:00+0200,122.22,EUR/MWh,NL,NL,day_ahead_price,value,2026-08-05T16:12:29Z
2023-06-23T22:00:00Z,2023-06-24T00:00:00+0200,117.34,EUR/MWh,NL,NL,day_ahead_price,value,2026-08-05T16:12:29Z
2023-06-23T23:00:00Z,2023-06-24T01:00:00+0200,109.72,EUR/MWh,NL,NL,day_ahead_price,value,2026-08-05T16:12:29Z
2023-06-24T00:00:00Z,2023-06-24T02:00:00+0200,102.89,EUR/MWh,NL,NL,day_ahead_price,value,2026-08-05T16:12:29Z
2023-06-24T01:00:00Z,2023-06-24T03:00:00+0200,100.31,EUR/MWh,NL,NL,day_ahead_price,value,2026-08-05T16:12:29Z
2023-06-24T02:00:00Z,2023-06-24T04:00:00+0200,94.33,EUR/MWh,NL,NL,day_ahead_price,value,2026-08-05T16:12:29Z
2023-06-24T03:00:00Z,2023-06-24T05:00:00+0200,92.51,EUR/MWh,NL,NL,day_ahead_price,value,2026-08-05T16:12:29Z
2023-06-24T04:00:00Z,2023-06-24T06:00:00+0200,92.29,EUR/MWh,NL,NL,day_ahead_price,value,2026-08-05T16:12:29Z
2023-06-24T05:00:00Z,2023-06-24T07:00:00+0200,92.3,EUR/MWh,NL,NL,day_ahead_price,value,2026-08-05T16:12:29Z
2023-06-24T06:00:00Z,2023-06-24T08:00:00+0200,90.57,EUR/MWh,NL,NL,day_ahead_price,value,2026-08-05T16:12:29Z
2023-06-24T07:00:00Z,2023-06-24T09:00:00+0200,81.69,EUR/MWh,NL,NL,day_ahead_price,value,2026-08-05T16:12:29Z
2023-06-24T08:00:00Z,2023-06-24T10:00:00+0200,57.64,EUR/MWh,NL,NL,day_ahead_price,value,2026-08-05T16:12:29Z
2023-06-24T09:00:00Z,2023-06-24T11:00:00+0200,25.0,EUR/MWh,NL,NL,day_ahead_price,value,2026-08-05T16:12:29Z
2023-06-24T10:00:00Z,2023-06-24T12:00:00+0200,14.99,EUR/MWh,NL,NL,day_ahead_price,value,2026-08-05T16:12:29Z
2023-06-24T11:00:00Z,2023-06-24T13:00:00+0200,1.9,EUR/MWh,NL,NL,day_ahead_price,value,2026-08-05T16:12:29Z
2023-06-24T12:00:00Z,2023-06-24T14:00:00+0200,0.31,EUR/MWh,NL,NL,day_ahead_price,value,2026-08-05T16:12:29Z
2023-06-24T13:00:00Z,2023-06-24T15:00:00+0200,10.0,EUR/MWh,NL,NL,day_ahead_price,value,2026-08-05T16:12:29Z
2023-06-24T14:00:00Z,2023-06-24T16:00:00+0200,28.2,EUR/MWh,NL,NL,day_ahead_price,value,2026-08-05T16:12:29Z
2023-06-24T15:00:00Z,2023-06-24T17:00:00+0200,80.98,EUR/MWh,NL,NL,day_ahead_price,value,2026-08-05T16:12:29Z
2023-06-24T16:00:00Z,2023-06-24T18:00:00+0200,98.74,EUR/MWh,NL,NL,day_ahead_price,value,2026-08-05T16:12:29Z
2023-06-24T17:00:00Z,2023-06-24T19:00:00+0200,127.01,EUR/MWh,NL,NL,day_ahead_price,value,2026-08-05T16:12:29Z
2023-06-24T18:00:00Z,2023-06-24T20:00:00+0200,138.65,EUR/MWh,NL,NL,day_ahead_price,value,2026-08-05T16:12:29Z
2023-06-24T19:00:00Z,2023-06-24T21:00:00+0200,146.2,EUR/MWh,NL,NL,day_ahead_price,value,2026-08-05T16:12:29Z
2023-06-24T20:00:00Z,2023-06-24T22:00:00+0200,130.14,EUR/MWh,NL,NL,day_ahead_price,value,2026-08-05T16:12:29Z
2023-06-24T21:00:00Z,2023-06-24T23:00:00+0200,118.31,EUR/MWh,NL,NL,day_ahead_price,value,2026-08-05T16:12:29Z
2023-06-24T22:00:00Z,2023-06-25T00:00:00+0200,121.06,EUR/MWh,NL,NL,day_ahead_price,value,2026-08-05T16:12:29Z
2023-06-24T23:00:00Z,2023-06-25T01:00:00+0200,111.9,EUR/MWh,NL,NL,day_ahead_price,value,2026-08-05T16:12:29Z
2023-06-25T00:00:00Z,2023-06-25T02:00:00+0200,106.8,EUR/MWh,NL,NL,day_ahead_price,value,2026-08-05T16:12:29Z
2023-06-25T01:00:00Z,2023-06-25T03:00:00+0200,105.47,EUR/MWh,NL,NL,day_ahead_price,value,2026-08-05T16:12:29Z
2023-06-25T02:00:00Z,2023-06-25T04:00:00+0200,101.12,EUR/MWh,NL,NL,day_ahead_price,value,2026-08-05T16:12:29Z
2023-06-25T03:00:00Z,2023-06-25T05:00:00+0200,99.5,EUR/MWh,NL,NL,day_ahead_price,value,2026-08-05T16:12:29Z
2023-06-25T04:00:00Z,2023-06-25T06:00:00+0200,86.14,EUR/MWh,NL,NL,day_ahead_price,value,2026-08-05T16:12:29Z
2023-06-25T05:00:00Z,2023-06-25T07:00:00+0200,78.0,EUR/MWh,NL,NL,day_ahead_price,value,2026-08-05T16:12:29Z
2023-06-25T06:00:00Z,2023-06-25T08:00:00+0200,54.0,EUR/MWh,NL,NL,day_ahead_price,value,2026-08-05T16:12:29Z
2023-06-25T07:00:00Z,2023-06-25T09:00:00+0200,32.55,EUR/MWh,NL,NL,day_ahead_price,value,2026-08-05T16:12:29Z
2023-06-25T08:00:00Z,2023-06-25T10:00:00+0200,9.69,EUR/MWh,NL,NL,day_ahead_price,value,2026-08-05T16:12:29Z
2023-06-25T09:00:00Z,2023-06-25T11:00:00+0200,0.1,EUR/MWh,NL,NL,day_ahead_price,value,2026-08-05T16:12:29Z
2023-06-25T10:00:00Z,2023-06-25T12:00:00+0200,0.0,EUR/MWh,NL,NL,day_ahead_price,value,2026-08-05T16:12:29Z
2023-06-25T11:00:00Z,2023-06-25T13:00:00+0200,-0.1,EUR/MWh,NL,NL,day_ahead_price,value,2026-08-05T16:12:29Z
2023-06-25T12:00:00Z,2023-06-25T14:00:00+0200,-0.1,EUR/MWh,NL,NL,day_ahead_price,value,2026-08-05T16:12:29Z
2023-06-25T13:00:00Z,2023-06-25T15:00:00+0200,0.0,EUR/MWh,NL,NL,day_ahead_price,value,2026-08-05T16:12:29Z
2023-06-25T14:00:00Z,2023-06-25T16:00:00+0200,9.69,EUR/MWh,NL,NL,day_ahead_price,value,2026-08-05T16:12:29Z
2023-06-25T15:00:00Z,2023-06-25T17:00:00+0200,71.05,EUR/MWh,NL,NL,day_ahead_price,value,2026-08-05T16:12:29Z
2023-06-25T16:00:00Z,2023-06-25T18:00:00+0200,105.09,EUR/MWh,NL,NL,day_ahead_price,value,2026-08-05T16:12:29Z
2023-06-25T17:00:00Z,2023-06-25T19:00:00+0200,122.85,EUR/MWh,NL,NL,day_ahead_price,value,2026-08-05T16:12:29Z
2023-06-25T18:00:00Z,2023-06-25T20:00:00+0200,153.81,EUR/MWh,NL,NL,day_ahead_price,value,2026-08-05T16:12:29Z
2023-06-25T19:00:00Z,2023-06-25T21:00:00+0200,163.44,EUR/MWh,NL,NL,day_ahead_price,value,2026-08-05T16:12:29Z
2023-06-25T20:00:00Z,2023-06-25T22:00:00+0200,143.25,EUR/MWh,NL,NL,day_ahead_price,value,2026-08-05T16:12:29Z
2023-06-25T21:00:00Z,2023-06-25T23:00:00+0200,118.98,EUR/MWh,NL,NL,day_ahead_price,value,2026-08-05T16:12:29Z
2023-06-25T22:00:00Z,2023-06-26T00:00:00+0200,115.14,EUR/MWh,NL,NL,day_ahead_price,value,2026-08-05T16:12:29Z
2023-06-25T23:00:00Z,2023-06-26T01:00:00+0200,106.0,EUR/MWh,NL,NL,day_ahead_price,value,2026-08-05T16:12:29Z
2023-06-26T00:00:00Z,2023-06-26T02:00:00+0200,93.3,EUR/MWh,NL,NL,day_ahead_price,value,2026-08-05T16:12:29Z
2023-06-26T01:00:00Z,2023-06-26T03:00:00+0200,83.71,EUR/MWh,NL,NL,day_ahead_price,value,2026-08-05T16:12:29Z
2023-06-26T02:00:00Z,2023-06-26T04:00:00+0200,83.63,EUR/MWh,NL,NL,day_ahead_price,value,2026-08-05T16:12:29Z
2023-06-26T03:00:00Z,2023-06-26T05:00:00+0200,99.21,EUR/MWh,NL,NL,day_ahead_price,value,2026-08-05T16:12:29Z
2023-06-26T04:00:00Z,2023-06-26T06:00:00+0200,104.97,EUR/MWh,NL,NL,day_ahead_price,value,2026-08-05T16:12:29Z
2023-06-26T05:00:00Z,2023-06-26T07:00:00+0200,130.34,EUR/MWh,NL,NL,day_ahead_price,value,2026-08-05T16:12:29Z
2023-06-26T06:00:00Z,2023-06-26T08:00:00+0200,119.95,EUR/MWh,NL,NL,day_ahead_price,value,2026-08-05T16:12:29Z
2023-06-26T07:00:00Z,2023-06-26T09:00:00+0200,101.52,EUR/MWh,NL,NL,day_ahead_price,value,2026-08-05T16:12:29Z
2023-06-26T08:00:00Z,2023-06-26T10:00:00+0200,87.9,EUR/MWh,NL,NL,day_ahead_price,value,2026-08-05T16:12:29Z
2023-06-26T09:00:00Z,2023-06-26T11:00:00+0200,81.4,EUR/MWh,NL,NL,day_ahead_price,value,2026-08-05T16:12:29Z
2023-06-26T10:00:00Z,2023-06-26T12:00:00+0200,25.0,EUR/MWh,NL,NL,day_ahead_price,value,2026-08-05T16:12:29Z
2023-06-26T11:00:00Z,2023-06-26T13:00:00+0200,30.0,EUR/MWh,NL,NL,day_ahead_price,value,2026-08-05T16:12:29Z
2023-06-26T12:00:00Z,2023-06-26T14:00:00+0200,44.51,EUR/MWh,NL,NL,day_ahead_price,value,2026-08-05T16:12:29Z
2023-06-26T13:00:00Z,2023-06-26T15:00:00+0200,38.03,EUR/MWh,NL,NL,day_ahead_price,value,2026-08-05T16:12:29Z
2023-06-26T14:00:00Z,2023-06-26T16:00:00+0200,62.37,EUR/MWh,NL,NL,day_ahead_price,value,2026-08-05T16:12:29Z
2023-06-26T15:00:00Z,2023-06-26T17:00:00+0200,83.48,EUR/MWh,NL,NL,day_ahead_price,value,2026-08-05T16:12:29Z
2023-06-26T16:00:00Z,2023-06-26T18:00:00+0200,97.0,EUR/MWh,NL,NL,day_ahead_price,value,2026-08-05T16:12:29Z
2023-06-26T17:00:00Z,2023-06-26T19:00:00+0200,109.43,EUR/MWh,NL,NL,day_ahead_price,value,2026-08-05T16:12:29Z
2023-06-26T18:00:00Z,2023-06-26T20:00:00+0200,119.9,EUR/MWh,NL,NL,day_ahead_price,value,2026-08-05T16:12:29Z
2023-06-26T19:00:00Z,2023-06-26T21:00:00+0200,130.0,EUR/MWh,NL,NL,day_ahead_price,value,2026-08-05T16:12:29Z
2023-06-26T20:00:00Z,2023-06-26T22:00:00+0200,129.54,EUR/MWh,NL,NL,day_ahead_price,value,2026-08-05T16:12:29Z
2023-06-26T21:00:00Z,2023-06-26T23:00:00+0200,118.04,EUR/MWh,NL,NL,day_ahead_price,value,2026-08-05T16:12:29Z
2023-06-26T22:00:00Z,2023-06-27T00:00:00+0200,114.28,EUR/MWh,NL,NL,day_ahead_price,value,2026-08-05T16:12:29Z
2023-06-26T23:00:00Z,2023-06-27T01:00:00+0200,100.14,EUR/MWh,NL,NL,day_ahead_price,value,2026-08-05T16:12:29Z
2023-06-27T00:00:00Z,2023-06-27T02:00:00+0200,93.03,EUR/MWh,NL,NL,day_ahead_price,value,2026-08-05T16:12:29Z
2023-06-27T01:00:00Z,2023-06-27T03:00:00+0200,93.59,EUR/MWh,NL,NL,day_ahead_price,value,2026-08-05T16:12:29Z
2023-06-27T02:00:00Z,2023-06-27T04:00:00+0200,89.2,EUR/MWh,NL,NL,day_ahead_price,value,2026-08-05T16:12:29Z
2023-06-27T03:00:00Z,2023-06-27T05:00:00+0200,92.0,EUR/MWh,NL,NL,day_ahead_price,value,2026-08-05T16:12:29Z
2023-06-27T04:00:00Z,2023-06-27T06:00:00+0200,115.29,EUR/MWh,NL,NL,day_ahead_price,value,2026-08-05T16:12:29Z
2023-06-27T05:00:00Z,2023-06-27T07:00:00+0200,130.0,EUR/MWh,NL,NL,day_ahead_price,value,2026-08-05T16:12:29Z
2023-06-27T06:00:00Z,2023-06-27T08:00:00+0200,127.04,EUR/MWh,NL,NL,day_ahead_price,value,2026-08-05T16:12:29Z
2023-06-27T07:00:00Z,2023-06-27T09:00:00+0200,102.24,EUR/MWh,NL,NL,day_ahead_price,value,2026-08-05T16:12:29Z
2023-06-27T08:00:00Z,2023-06-27T10:00:00+0200,90.0,EUR/MWh,NL,NL,day_ahead_price,value,2026-08-05T16:12:29Z
2023-06-27T09:00:00Z,2023-06-27T11:00:00+0200,80.27,EUR/MWh,NL,NL,day_ahead_price,value,2026-08-05T16:12:29Z
2023-06-27T10:00:00Z,2023-06-27T12:00:00+0200,73.05,EUR/MWh,NL,NL,day_ahead_price,value,2026-08-05T16:12:29Z
2023-06-27T11:00:00Z,2023-06-27T13:00:00+0200,63.46,EUR/MWh,NL,NL,day_ahead_price,value,2026-08-05T16:12:29Z
2023-06-27T12:00:00Z,2023-06-27T14:00:00+0200,68.12,EUR/MWh,NL,NL,day_ahead_price,value,2026-08-05T16:12:29Z
2023-06-27T13:00:00Z,2023-06-27T15:00:00+0200,80.28,EUR/MWh,NL,NL,day_ahead_price,value,2026-08-05T16:12:29Z
2023-06-27T14:00:00Z,2023-06-27T16:00:00+0200,89.05,EUR/MWh,NL,NL,day_ahead_price,value,2026-08-05T16:12:29Z
2023-06-27T15:00:00Z,2023-06-27T17:00:00+0200,96.4,EUR/MWh,NL,NL,day_ahead_price,value,2026-08-05T16:12:29Z
2023-06-27T16:00:00Z,2023-06-27T18:00:00+0200,113.57,EUR/MWh,NL,NL,day_ahead_price,value,2026-08-05T16:12:29Z
2023-06-27T17:00:00Z,2023-06-27T19:00:00+0200,130.41,EUR/MWh,NL,NL,day_ahead_price,value,2026-08-05T16:12:29Z
2023-06-27T18:00:00Z,2023-06-27T20:00:00+0200,134.53,EUR/MWh,NL,NL,day_ahead_price,value,2026-08-05T16:12:29Z
2023-06-27T19:00:00Z,2023-06-27T21:00:00+0200,130.3,EUR/MWh,NL,NL,day_ahead_price,value,2026-08-05T16:12:29Z
2023-06-27T20:00:00Z,2023-06-27T22:00:00+0200,125.06,EUR/MWh,NL,NL,day_ahead_price,value,2026-08-05T16:12:29Z
2023-06-27T21:00:00Z,2023-06-27T23:00:00+0200,116.16,EUR/MWh,NL,NL,day_ahead_price,value,2026-08-05T16:12:29Z
2023-06-27T22:00:00Z,2023-06-28T00:00:00+0200,98.05,EUR/MWh,NL,NL,day_ahead_price,value,2026-08-05T16:12:29Z
2023-06-27T23:00:00Z,2023-06-28T01:00:00+0200,90.58,EUR/MWh,NL,NL,day_ahead_price,value,2026-08-05T16:12:29Z
2023-06-28T00:00:00Z,2023-06-28T02:00:00+0200,87.07,EUR/MWh,NL,NL,day_ahead_price,value,2026-08-05T16:12:29Z
2023-06-28T01:00:00Z,2023-06-28T03:00:00+0200,86.22,EUR/MWh,NL,NL,day_ahead_price,value,2026-08-05T16:12:29Z
2023-06-28T02:00:00Z,2023-06-28T04:00:00+0200,87.12,EUR/MWh,NL,NL,day_ahead_price,value,2026-08-05T16:12:29Z
2023-06-28T03:00:00Z,2023-06-28T05:00:00+0200,93.95,EUR/MWh,NL,NL,day_ahead_price,value,2026-08-05T16:12:29Z
2023-06-28T04:00:00Z,2023-06-28T06:00:00+0200,113.8,EUR/MWh,NL,NL,day_ahead_price,value,2026-08-05T16:12:29Z
2023-06-28T05:00:00Z,2023-06-28T07:00:00+0200,130.27,EUR/MWh,NL,NL,day_ahead_price,value,2026-08-05T16:12:29Z
2023-06-28T06:00:00Z,2023-06-28T08:00:00+0200,127.71,EUR/MWh,NL,NL,day_ahead_price,value,2026-08-05T16:12:29Z
2023-06-28T07:00:00Z,2023-06-28T09:00:00+0200,113.65,EUR/MWh,NL,NL,day_ahead_price,value,2026-08-05T16:12:29Z
2023-06-28T08:00:00Z,2023-06-28T10:00:00+0200,101.89,EUR/MWh,NL,NL,day_ahead_price,value,2026-08-05T16:12:29Z
2023-06-28T09:00:00Z,2023-06-28T11:00:00+0200,99.3,EUR/MWh,NL,NL,day_ahead_price,value,2026-08-05T16:12:29Z
2023-06-28T10:00:00Z,2023-06-28T12:00:00+0200,101.18,EUR/MWh,NL,NL,day_ahead_price,value,2026-08-05T16:12:29Z
2023-06-28T11:00:00Z,2023-06-28T13:00:00+0200,97.42,EUR/MWh,NL,NL,day_ahead_price,value,2026-08-05T16:12:29Z
2023-06-28T12:00:00Z,2023-06-28T14:00:00+0200,95.59,EUR/MWh,NL,NL,day_ahead_price,value,2026-08-05T16:12:29Z
2023-06-28T13:00:00Z,2023-06-28T15:00:00+0200,95.39,EUR/MWh,NL,NL,day_ahead_price,value,2026-08-05T16:12:29Z
2023-06-28T14:00:00Z,2023-06-28T16:00:00+0200,97.6,EUR/MWh,NL,NL,day_ahead_price,value,2026-08-05T16:12:29Z
2023-06-28T15:00:00Z,2023-06-28T17:00:00+0200,107.08,EUR/MWh,NL,NL,day_ahead_price,value,2026-08-05T16:12:29Z
2023-06-28T16:00:00Z,2023-06-28T18:00:00+0200,128.14,EUR/MWh,NL,NL,day_ahead_price,value,2026-08-05T16:12:29Z
2023-06-28T17:00:00Z,2023-06-28T19:00:00+0200,153.25,EUR/MWh,NL,NL,day_ahead_price,value,2026-08-05T16:12:29Z
2023-06-28T18:00:00Z,2023-06-28T20:00:00+0200,167.62,EUR/MWh,NL,NL,day_ahead_price,value,2026-08-05T16:12:29Z
2023-06-28T19:00:00Z,2023-06-28T21:00:00+0200,159.1,EUR/MWh,NL,NL,day_ahead_price,value,2026-08-05T16:12:29Z
2023-06-28T20:00:00Z,2023-06-28T22:00:00+0200,140.0,EUR/MWh,NL,NL,day_ahead_price,value,2026-08-05T16:12:29Z
2023-06-28T21:00:00Z,2023-06-28T23:00:00+0200,121.1,EUR/MWh,NL,NL,day_ahead_price,value,2026-08-05T16:12:29Z
2023-06-28T22:00:00Z,2023-06-29T00:00:00+0200,119.46,EUR/MWh,NL,NL,day_ahead_price,value,2026-08-05T16:12:29Z
2023-06-28T23:00:00Z,2023-06-29T01:00:00+0200,110.06,EUR/MWh,NL,NL,day_ahead_price,value,2026-08-05T16:12:29Z
2023-06-29T00:00:00Z,2023-06-29T02:00:00+0200,101.72,EUR/MWh,NL,NL,day_ahead_price,value,2026-08-05T16:12:29Z
2023-06-29T01:00:00Z,2023-06-29T03:00:00+0200,98.04,EUR/MWh,NL,NL,day_ahead_price,value,2026-08-05T16:12:29Z
2023-06-29T02:00:00Z,2023-06-29T04:00:00+0200,99.64,EUR/MWh,NL,NL,day_ahead_price,value,2026-08-05T16:12:29Z
2023-06-29T03:00:00Z,2023-06-29T05:00:00+0200,104.23,EUR/MWh,NL,NL,day_ahead_price,value,2026-08-05T16:12:29Z
2023-06-29T04:00:00Z,2023-06-29T06:00:00+0200,121.06,EUR/MWh,NL,NL,day_ahead_price,value,2026-08-05T16:12:29Z
2023-06-29T05:00:00Z,2023-06-29T07:00:00+0200,130.48,EUR/MWh,NL,NL,day_ahead_price,value,2026-08-05T16:12:29Z
2023-06-29T06:00:00Z,2023-06-29T08:00:00+0200,130.31,EUR/MWh,NL,NL,day_ahead_price,value,2026-08-05T16:12:29Z
2023-06-29T07:00:00Z,2023-06-29T09:00:00+0200,116.39,EUR/MWh,NL,NL,day_ahead_price,value,2026-08-05T16:12:29Z
2023-06-29T08:00:00Z,2023-06-29T10:00:00+0200,105.95,EUR/MWh,NL,NL,day_ahead_price,value,2026-08-05T16:12:29Z
2023-06-29T09:00:00Z,2023-06-29T11:00:00+0200,98.6,EUR/MWh,NL,NL,day_ahead_price,value,2026-08-05T16:12:29Z
2023-06-29T10:00:00Z,2023-06-29T12:00:00+0200,90.0,EUR/MWh,NL,NL,day_ahead_price,value,2026-08-05T16:12:29Z
2023-06-29T11:00:00Z,2023-06-29T13:00:00+0200,92.75,EUR/MWh,NL,NL,day_ahead_price,value,2026-08-05T16:12:29Z
2023-06-29T12:00:00Z,2023-06-29T14:00:00+0200,98.6,EUR/MWh,NL,NL,day_ahead_price,value,2026-08-05T16:12:29Z
2023-06-29T13:00:00Z,2023-06-29T15:00:00+0200,100.0,EUR/MWh,NL,NL,day_ahead_price,value,2026-08-05T16:12:29Z
2023-06-29T14:00:00Z,2023-06-29T16:00:00+0200,101.12,EUR/MWh,NL,NL,day_ahead_price,value,2026-08-05T16:12:29Z
2023-06-29T15:00:00Z,2023-06-29T17:00:00+0200,112.03,EUR/MWh,NL,NL,day_ahead_price,value,2026-08-05T16:12:29Z
2023-06-29T16:00:00Z,2023-06-29T18:00:00+0200,129.91,EUR/MWh,NL,NL,day_ahead_price,value,2026-08-05T16:12:29Z
2023-06-29T17:00:00Z,2023-06-29T19:00:00+0200,134.9,EUR/MWh,NL,NL,day_ahead_price,value,2026-08-05T16:12:29Z
2023-06-29T18:00:00Z,2023-06-29T20:00:00+0200,165.66,EUR/MWh,NL,NL,day_ahead_price,value,2026-08-05T16:12:29Z
2023-06-29T19:00:00Z,2023-06-29T21:00:00+0200,151.31,EUR/MWh,NL,NL,day_ahead_price,value,2026-08-05T16:12:29Z
2023-06-29T20:00:00Z,2023-06-29T22:00:00+0200,139.87,EUR/MWh,NL,NL,day_ahead_price,value,2026-08-05T16:12:29Z
2023-06-29T21:00:00Z,2023-06-29T23:00:00+0200,120.25,EUR/MWh,NL,NL,day_ahead_price,value,2026-08-05T16:12:29Z
2023-06-29T22:00:00Z,2023-06-30T00:00:00+0200,115.53,EUR/MWh,NL,NL,day_ahead_price,value,2026-08-05T16:12:29Z
2023-06-29T23:00:00Z,2023-06-30T01:00:00+0200,103.4,EUR/MWh,NL,NL,day_ahead_price,value,2026-08-05T16:12:29Z
2023-06-30T00:00:00Z,2023-06-30T02:00:00+0200,96.55,EUR/MWh,NL,NL,day_ahead_price,value,2026-08-05T16:12:29Z
2023-06-30T01:00:00Z,2023-06-30T03:00:00+0200,96.34,EUR/MWh,NL,NL,day_ahead_price,value,2026-08-05T16:12:29Z
2023-06-30T02:00:00Z,2023-06-30T04:00:00+0200,94.75,EUR/MWh,NL,NL,day_ahead_price,value,2026-08-05T16:12:29Z
2023-06-30T03:00:00Z,2023-06-30T05:00:00+0200,105.34,EUR/MWh,NL,NL,day_ahead_price,value,2026-08-05T16:12:29Z
2023-06-30T04:00:00Z,2023-06-30T06:00:00+0200,123.22,EUR/MWh,NL,NL,day_ahead_price,value,2026-08-05T16:12:29Z
2023-06-30T05:00:00Z,2023-06-30T07:00:00+0200,124.94,EUR/MWh,NL,NL,day_ahead_price,value,2026-08-05T16:12:29Z
2023-06-30T06:00:00Z,2023-06-30T08:00:00+0200,114.0,EUR/MWh,NL,NL,day_ahead_price,value,2026-08-05T16:12:29Z
2023-06-30T07:00:00Z,2023-06-30T09:00:00+0200,84.9,EUR/MWh,NL,NL,day_ahead_price,value,2026-08-05T16:12:29Z
2023-06-30T08:00:00Z,2023-06-30T10:00:00+0200,97.93,EUR/MWh,NL,NL,day_ahead_price,value,2026-08-05T16:12:29Z
2023-06-30T09:00:00Z,2023-06-30T11:00:00+0200,90.1,EUR/MWh,NL,NL,day_ahead_price,value,2026-08-05T16:12:29Z
2023-06-30T10:00:00Z,2023-06-30T12:00:00+0200,88.35,EUR/MWh,NL,NL,day_ahead_price,value,2026-08-05T16:12:29Z
2023-06-30T11:00:00Z,2023-06-30T13:00:00+0200,90.1,EUR/MWh,NL,NL,day_ahead_price,value,2026-08-05T16:12:29Z
2023-06-30T12:00:00Z,2023-06-30T14:00:00+0200,88.46,EUR/MWh,NL,NL,day_ahead_price,value,2026-08-05T16:12:29Z
2023-06-30T13:00:00Z,2023-06-30T15:00:00+0200,78.02,EUR/MWh,NL,NL,day_ahead_price,value,2026-08-05T16:12:29Z
2023-06-30T14:00:00Z,2023-06-30T16:00:00+0200,82.67,EUR/MWh,NL,NL,day_ahead_price,value,2026-08-05T16:12:29Z
2023-06-30T15:00:00Z,2023-06-30T17:00:00+0200,79.0,EUR/MWh,NL,NL,day_ahead_price,value,2026-08-05T16:12:29Z
2023-06-30T16:00:00Z,2023-06-30T18:00:00+0200,101.99,EUR/MWh,NL,NL,day_ahead_price,value,2026-08-05T16:12:29Z
2023-06-30T17:00:00Z,2023-06-30T19:00:00+0200,110.1,EUR/MWh,NL,NL,day_ahead_price,value,2026-08-05T16:12:29Z
2023-06-30T18:00:00Z,2023-06-30T20:00:00+0200,131.52,EUR/MWh,NL,NL,day_ahead_price,value,2026-08-05T16:12:29Z
2023-06-30T19:00:00Z,2023-06-30T21:00:00+0200,128.84,EUR/MWh,NL,NL,day_ahead_price,value,2026-08-05T16:12:29Z
2023-06-30T20:00:00Z,2023-06-30T22:00:00+0200,121.24,EUR/MWh,NL,NL,day_ahead_price,value,2026-08-05T16:12:29Z
2023-06-30T21:00:00Z,2023-06-30T23:00:00+0200,109.47,EUR/MWh,NL,NL,day_ahead_price,value,2026-08-05T16:12:29Z
2023-06-30T22:00:00Z,2023-07-01T00:00:00+0200,101.56,EUR/MWh,NL,NL,day_ahead_price,value,2026-08-05T16:12:29Z
2023-06-30T23:00:00Z,2023-07-01T01:00:00+0200,99.5,EUR/MWh,NL,NL,day_ahead_price,value,2026-08-05T16:12:29Z
2023-07-01T00:00:00Z,2023-07-01T02:00:00+0200,83.28,EUR/MWh,NL,NL,day_ahead_price,value,2026-08-05T16:12:29Z
2023-07-01T01:00:00Z,2023-07-01T03:00:00+0200,66.89,EUR/MWh,NL,NL,day_ahead_price,value,2026-08-05T16:12:29Z
2023-07-01T02:00:00Z,2023-07-01T04:00:00+0200,60.03,EUR/MWh,NL,NL,day_ahead_price,value,2026-08-05T16:12:29Z
2023-07-01T03:00:00Z,2023-07-01T05:00:00+0200,53.64,EUR/MWh,NL,NL,day_ahead_price,value,2026-08-05T16:12:29Z
2023-07-01T04:00:00Z,2023-07-01T06:00:00+0200,54.27,EUR/MWh,NL,NL,day_ahead_price,value,2026-08-05T16:12:29Z
2023-07-01T05:00:00Z,2023-07-01T07:00:00+0200,55.12,EUR/MWh,NL,NL,day_ahead_price,value,2026-08-05T16:12:29Z
2023-07-01T06:00:00Z,2023-07-01T08:00:00+0200,76.09,EUR/MWh,NL,NL,day_ahead_price,value,2026-08-05T16:12:29Z
2023-07-01T07:00:00Z,2023-07-01T09:00:00+0200,64.9,EUR/MWh,NL,NL,day_ahead_price,value,2026-08-05T16:12:29Z
2023-07-01T08:00:00Z,2023-07-01T10:00:00+0200,44.3,EUR/MWh,NL,NL,day_ahead_price,value,2026-08-05T16:12:29Z
2023-07-01T09:00:00Z,2023-07-01T11:00:00+0200,24.61,EUR/MWh,NL,NL,day_ahead_price,value,2026-08-05T16:12:29Z
2023-07-01T10:00:00Z,2023-07-01T12:00:00+0200,16.83,EUR/MWh,NL,NL,day_ahead_price,value,2026-08-05T16:12:29Z
2023-07-01T11:00:00Z,2023-07-01T13:00:00+0200,4.43,EUR/MWh,NL,NL,day_ahead_price,value,2026-08-05T16:12:29Z
2023-07-01T12:00:00Z,2023-07-01T14:00:00+0200,0.07,EUR/MWh,NL,NL,day_ahead_price,value,2026-08-05T16:12:29Z
2023-07-01T13:00:00Z,2023-07-01T15:00:00+0200,0.89,EUR/MWh,NL,NL,day_ahead_price,value,2026-08-05T16:12:29Z
2023-07-01T14:00:00Z,2023-07-01T16:00:00+0200,11.11,EUR/MWh,NL,NL,day_ahead_price,value,2026-08-05T16:12:29Z
2023-07-01T15:00:00Z,2023-07-01T17:00:00+0200,49.9,EUR/MWh,NL,NL,day_ahead_price,value,2026-08-05T16:12:29Z
2023-07-01T16:00:00Z,2023-07-01T18:00:00+0200,71.88,EUR/MWh,NL,NL,day_ahead_price,value,2026-08-05T16:12:29Z
2023-07-01T17:00:00Z,2023-07-01T19:00:00+0200,78.7,EUR/MWh,NL,NL,day_ahead_price,value,2026-08-05T16:12:29Z
2023-07-01T18:00:00Z,2023-07-01T20:00:00+0200,87.0,EUR/MWh,NL,NL,day_ahead_price,value,2026-08-05T16:12:29Z
2023-07-01T19:00:00Z,2023-07-01T21:00:00+0200,92.79,EUR/MWh,NL,NL,day_ahead_price,value,2026-08-05T16:12:29Z
2023-07-01T20:00:00Z,2023-07-01T22:00:00+0200,98.8,EUR/MWh,NL,NL,day_ahead_price,value,2026-08-05T16:12:29Z
2023-07-01T21:00:00Z,2023-07-01T23:00:00+0200,89.86,EUR/MWh,NL,NL,day_ahead_price,value,2026-08-05T16:12:29Z
2023-07-01T22:00:00Z,2023-07-02T00:00:00+0200,16.45,EUR/MWh,NL,NL,day_ahead_price,value,2026-08-05T16:12:29Z
2023-07-01T23:00:00Z,2023-07-02T01:00:00+0200,3.17,EUR/MWh,NL,NL,day_ahead_price,value,2026-08-05T16:12:29Z
2023-07-02T00:00:00Z,2023-07-02T02:00:00+0200,0.01,EUR/MWh,NL,NL,day_ahead_price,value,2026-08-05T16:12:29Z
2023-07-02T01:00:00Z,2023-07-02T03:00:00+0200,0.0,EUR/MWh,NL,NL,day_ahead_price,value,2026-08-05T16:12:29Z
2023-07-02T02:00:00Z,2023-07-02T04:00:00+0200,-0.03,EUR/MWh,NL,NL,day_ahead_price,value,2026-08-05T16:12:29Z
2023-07-02T03:00:00Z,2023-07-02T05:00:00+0200,-0.05,EUR/MWh,NL,NL,day_ahead_price,value,2026-08-05T16:12:29Z
2023-07-02T04:00:00Z,2023-07-02T06:00:00+0200,-0.06,EUR/MWh,NL,NL,day_ahead_price,value,2026-08-05T16:12:29Z
2023-07-02T05:00:00Z,2023-07-02T07:00:00+0200,-0.51,EUR/MWh,NL,NL,day_ahead_price,value,2026-08-05T16:12:29Z
2023-07-02T06:00:00Z,2023-07-02T08:00:00+0200,-2.97,EUR/MWh,NL,NL,day_ahead_price,value,2026-08-05T16:12:29Z
2023-07-02T07:00:00Z,2023-07-02T09:00:00+0200,-16.9,EUR/MWh,NL,NL,day_ahead_price,value,2026-08-05T16:12:29Z
2023-07-02T08:00:00Z,2023-07-02T10:00:00+0200,-60.0,EUR/MWh,NL,NL,day_ahead_price,value,2026-08-05T16:12:29Z
2023-07-02T09:00:00Z,2023-07-02T11:00:00+0200,-252.92,EUR/MWh,NL,NL,day_ahead_price,value,2026-08-05T16:12:29Z
2023-07-02T10:00:00Z,2023-07-02T12:00:00+0200,-449.57,EUR/MWh,NL,NL,day_ahead_price,value,2026-08-05T16:12:29Z
2023-07-02T11:00:00Z,2023-07-02T13:00:00+0200,-500.0,EUR/MWh,NL,NL,day_ahead_price,value,2026-08-05T16:12:29Z
2023-07-02T12:00:00Z,2023-07-02T14:00:00+0200,-500.0,EUR/MWh,NL,NL,day_ahead_price,value,2026-08-05T16:12:29Z
2023-07-02T13:00:00Z,2023-07-02T15:00:00+0200,-500.0,EUR/MWh,NL,NL,day_ahead_price,value,2026-08-05T16:12:29Z
2023-07-02T14:00:00Z,2023-07-02T16:00:00+0200,-172.39,EUR/MWh,NL,NL,day_ahead_price,value,2026-08-05T16:12:29Z
2023-07-02T15:00:00Z,2023-07-02T17:00:00+0200,-35.18,EUR/MWh,NL,NL,day_ahead_price,value,2026-08-05T16:12:29Z
2023-07-02T16:00:00Z,2023-07-02T18:00:00+0200,-6.01,EUR/MWh,NL,NL,day_ahead_price,value,2026-08-05T16:12:29Z
2023-07-02T17:00:00Z,2023-07-02T19:00:00+0200,4.88,EUR/MWh,NL,NL,day_ahead_price,value,2026-08-05T16:12:29Z
2023-07-02T18:00:00Z,2023-07-02T20:00:00+0200,69.1,EUR/MWh,NL,NL,day_ahead_price,value,2026-08-05T16:12:29Z
2023-07-02T19:00:00Z,2023-07-02T21:00:00+0200,85.58,EUR/MWh,NL,NL,day_ahead_price,value,2026-08-05T16:12:29Z
2023-07-02T20:00:00Z,2023-07-02T22:00:00+0200,94.9,EUR/MWh,NL,NL,day_ahead_price,value,2026-08-05T16:12:29Z
2023-07-02T21:00:00Z,2023-07-02T23:00:00+0200,86.08,EUR/MWh,NL,NL,day_ahead_price,value,2026-08-05T16:12:29Z
2023-07-02T22:00:00Z,2023-07-03T00:00:00+0200,66.0,EUR/MWh,NL,NL,day_ahead_price,value,2026-08-05T16:12:29Z
2023-07-02T23:00:00Z,2023-07-03T01:00:00+0200,43.5,EUR/MWh,NL,NL,day_ahead_price,value,2026-08-05T16:12:29Z
2023-07-03T00:00:00Z,2023-07-03T02:00:00+0200,24.09,EUR/MWh,NL,NL,day_ahead_price,value,2026-08-05T16:12:29Z
2023-07-03T01:00:00Z,2023-07-03T03:00:00+0200,10.26,EUR/MWh,NL,NL,day_ahead_price,value,2026-08-05T16:12:29Z
2023-07-03T02:00:00Z,2023-07-03T04:00:00+0200,15.8,EUR/MWh,NL,NL,day_ahead_price,value,2026-08-05T16:12:29Z
2023-07-03T03:00:00Z,2023-07-03T05:00:00+0200,54.0,EUR/MWh,NL,NL,day_ahead_price,value,2026-08-05T16:12:29Z
2023-07-03T04:00:00Z,2023-07-03T06:00:00+0200,86.0,EUR/MWh,NL,NL,day_ahead_price,value,2026-08-05T16:12:29Z
2023-07-03T05:00:00Z,2023-07-03T07:00:00+0200,110.89,EUR/MWh,NL,NL,day_ahead_price,value,2026-08-05T16:12:29Z
2023-07-03T06:00:00Z,2023-07-03T08:00:00+0200,104.91,EUR/MWh,NL,NL,day_ahead_price,value,2026-08-05T16:12:29Z
2023-07-03T07:00:00Z,2023-07-03T09:00:00+0200,67.5,EUR/MWh,NL,NL,day_ahead_price,value,2026-08-05T16:12:29Z
2023-07-03T08:00:00Z,2023-07-03T10:00:00+0200,7.34,EUR/MWh,NL,NL,day_ahead_price,value,2026-08-05T16:12:29Z
2023-07-03T09:00:00Z,2023-07-03T11:00:00+0200,-0.06,EUR/MWh,NL,NL,day_ahead_price,value,2026-08-05T16:12:29Z
2023-07-03T10:00:00Z,2023-07-03T12:00:00+0200,-8.43,EUR/MWh,NL,NL,day_ahead_price,value,2026-08-05T16:12:29Z
2023-07-03T11:00:00Z,2023-07-03T13:00:00+0200,-10.0,EUR/MWh,NL,NL,day_ahead_price,value,2026-08-05T16:12:29Z
2023-07-03T12:00:00Z,2023-07-03T14:00:00+0200,-10.07,EUR/MWh,NL,NL,day_ahead_price,value,2026-08-05T16:12:29Z
2023-07-03T13:00:00Z,2023-07-03T15:00:00+0200,-10.0,EUR/MWh,NL,NL,day_ahead_price,value,2026-08-05T16:12:29Z
2023-07-03T14:00:00Z,2023-07-03T16:00:00+0200,-0.07,EUR/MWh,NL,NL,day_ahead_price,value,2026-08-05T16:12:29Z
2023-07-03T15:00:00Z,2023-07-03T17:00:00+0200,9.45,EUR/MWh,NL,NL,day_ahead_price,value,2026-08-05T16:12:29Z
2023-07-03T16:00:00Z,2023-07-03T18:00:00+0200,79.95,EUR/MWh,NL,NL,day_ahead_price,value,2026-08-05T16:12:29Z
2023-07-03T17:00:00Z,2023-07-03T19:00:00+0200,116.51,EUR/MWh,NL,NL,day_ahead_price,value,2026-08-05T16:12:29Z
2023-07-03T18:00:00Z,2023-07-03T20:00:00+0200,124.5,EUR/MWh,NL,NL,day_ahead_price,value,2026-08-05T16:12:29Z
2023-07-03T19:00:00Z,2023-07-03T21:00:00+0200,127.99,EUR/MWh,NL,NL,day_ahead_price,value,2026-08-05T16:12:29Z
2023-07-03T20:00:00Z,2023-07-03T22:00:00+0200,121.3,EUR/MWh,NL,NL,day_ahead_price,value,2026-08-05T16:12:29Z
2023-07-03T21:00:00Z,2023-07-03T23:00:00+0200,114.5,EUR/MWh,NL,NL,day_ahead_price,value,2026-08-05T16:12:29Z
2023-07-03T22:00:00Z,2023-07-04T00:00:00+0200,96.75,EUR/MWh,NL,NL,day_ahead_price,value,2026-08-05T16:12:29Z
2023-07-03T23:00:00Z,2023-07-04T01:00:00+0200,81.28,EUR/MWh,NL,NL,day_ahead_price,value,2026-08-05T16:12:29Z
2023-07-04T00:00:00Z,2023-07-04T02:00:00+0200,71.0,EUR/MWh,NL,NL,day_ahead_price,value,2026-08-05T16:12:29Z
2023-07-04T01:00:00Z,2023-07-04T03:00:00+0200,64.44,EUR/MWh,NL,NL,day_ahead_price,value,2026-08-05T16:12:29Z
2023-07-04T02:00:00Z,2023-07-04T04:00:00+0200,70.42,EUR/MWh,NL,NL,day_ahead_price,value,2026-08-05T16:12:29Z
2023-07-04T03:00:00Z,2023-07-04T05:00:00+0200,85.27,EUR/MWh,NL,NL,day_ahead_price,value,2026-08-05T16:12:29Z
2023-07-04T04:00:00Z,2023-07-04T06:00:00+0200,113.74,EUR/MWh,NL,NL,day_ahead_price,value,2026-08-05T16:12:29Z
2023-07-04T05:00:00Z,2023-07-04T07:00:00+0200,119.97,EUR/MWh,NL,NL,day_ahead_price,value,2026-08-05T16:12:29Z
2023-07-04T06:00:00Z,2023-07-04T08:00:00+0200,113.29,EUR/MWh,NL,NL,day_ahead_price,value,2026-08-05T16:12:29Z
2023-07-04T07:00:00Z,2023-07-04T09:00:00+0200,76.08,EUR/MWh,NL,NL,day_ahead_price,value,2026-08-05T16:12:29Z
2023-07-04T08:00:00Z,2023-07-04T10:00:00+0200,33.64,EUR/MWh,NL,NL,day_ahead_price,value,2026-08-05T16:12:29Z
2023-07-04T09:00:00Z,2023-07-04T11:00:00+0200,10.08,EUR/MWh,NL,NL,day_ahead_price,value,2026-08-05T16:12:29Z
2023-07-04T10:00:00Z,2023-07-04T12:00:00+0200,14.9,EUR/MWh,NL,NL,day_ahead_price,value,2026-08-05T16:12:29Z
2023-07-04T11:00:00Z,2023-07-04T13:00:00+0200,23.09,EUR/MWh,NL,NL,day_ahead_price,value,2026-08-05T16:12:29Z
2023-07-04T12:00:00Z,2023-07-04T14:00:00+0200,23.0,EUR/MWh,NL,NL,day_ahead_price,value,2026-08-05T16:12:29Z
2023-07-04T13:00:00Z,2023-07-04T15:00:00+0200,39.22,EUR/MWh,NL,NL,day_ahead_price,value,2026-08-05T16:12:29Z
2023-07-04T14:00:00Z,2023-07-04T16:00:00+0200,84.29,EUR/MWh,NL,NL,day_ahead_price,value,2026-08-05T16:12:29Z
2023-07-04T15:00:00Z,2023-07-04T17:00:00+0200,93.68,EUR/MWh,NL,NL,day_ahead_price,value,2026-08-05T16:12:29Z
2023-07-04T16:00:00Z,2023-07-04T18:00:00+0200,116.86,EUR/MWh,NL,NL,day_ahead_price,value,2026-08-05T16:12:29Z
2023-07-04T17:00:00Z,2023-07-04T19:00:00+0200,146.29,EUR/MWh,NL,NL,day_ahead_price,value,2026-08-05T16:12:29Z
2023-07-04T18:00:00Z,2023-07-04T20:00:00+0200,170.87,EUR/MWh,NL,NL,day_ahead_price,value,2026-08-05T16:12:29Z
2023-07-04T19:00:00Z,2023-07-04T21:00:00+0200,169.38,EUR/MWh,NL,NL,day_ahead_price,value,2026-08-05T16:12:29Z
2023-07-04T20:00:00Z,2023-07-04T22:00:00+0200,144.6,EUR/MWh,NL,NL,day_ahead_price,value,2026-08-05T16:12:29Z
2023-07-04T21:00:00Z,2023-07-04T23:00:00+0200,124.09,EUR/MWh,NL,NL,day_ahead_price,value,2026-08-05T16:12:29Z
2023-07-04T22:00:00Z,2023-07-05T00:00:00+0200,122.94,EUR/MWh,NL,NL,day_ahead_price,value,2026-08-05T16:12:29Z
2023-07-04T23:00:00Z,2023-07-05T01:00:00+0200,108.75,EUR/MWh,NL,NL,day_ahead_price,value,2026-08-05T16:12:29Z
2023-07-05T00:00:00Z,2023-07-05T02:00:00+0200,94.31,EUR/MWh,NL,NL,day_ahead_price,value,2026-08-05T16:12:29Z
2023-07-05T01:00:00Z,2023-07-05T03:00:00+0200,84.6,EUR/MWh,NL,NL,day_ahead_price,value,2026-08-05T16:12:29Z
2023-07-05T02:00:00Z,2023-07-05T04:00:00+0200,67.56,EUR/MWh,NL,NL,day_ahead_price,value,2026-08-05T16:12:29Z
2023-07-05T03:00:00Z,2023-07-05T05:00:00+0200,68.2,EUR/MWh,NL,NL,day_ahead_price,value,2026-08-05T16:12:29Z
2023-07-05T04:00:00Z,2023-07-05T06:00:00+0200,76.43,EUR/MWh,NL,NL,day_ahead_price,value,2026-08-05T16:12:29Z
2023-07-05T05:00:00Z,2023-07-05T07:00:00+0200,92.59,EUR/MWh,NL,NL,day_ahead_price,value,2026-08-05T16:12:29Z
2023-07-05T06:00:00Z,2023-07-05T08:00:00+0200,98.35,EUR/MWh,NL,NL,day_ahead_price,value,2026-08-05T16:12:29Z
2023-07-05T07:00:00Z,2023-07-05T09:00:00+0200,82.4,EUR/MWh,NL,NL,day_ahead_price,value,2026-08-05T16:12:29Z
2023-07-05T08:00:00Z,2023-07-05T10:00:00+0200,73.44,EUR/MWh,NL,NL,day_ahead_price,value,2026-08-05T16:12:29Z
2023-07-05T09:00:00Z,2023-07-05T11:00:00+0200,39.45,EUR/MWh,NL,NL,day_ahead_price,value,2026-08-05T16:12:29Z
2023-07-05T10:00:00Z,2023-07-05T12:00:00+0200,0.01,EUR/MWh,NL,NL,day_ahead_price,value,2026-08-05T16:12:29Z
2023-07-05T11:00:00Z,2023-07-05T13:00:00+0200,0.0,EUR/MWh,NL,NL,day_ahead_price,value,2026-08-05T16:12:29Z
2023-07-05T12:00:00Z,2023-07-05T14:00:00+0200,-5.5,EUR/MWh,NL,NL,day_ahead_price,value,2026-08-05T16:12:29Z
2023-07-05T13:00:00Z,2023-07-05T15:00:00+0200,-4.75,EUR/MWh,NL,NL,day_ahead_price,value,2026-08-05T16:12:29Z
2023-07-05T14:00:00Z,2023-07-05T16:00:00+0200,-3.52,EUR/MWh,NL,NL,day_ahead_price,value,2026-08-05T16:12:29Z
2023-07-05T15:00:00Z,2023-07-05T17:00:00+0200,39.1,EUR/MWh,NL,NL,day_ahead_price,value,2026-08-05T16:12:29Z
2023-07-05T16:00:00Z,2023-07-05T18:00:00+0200,92.24,EUR/MWh,NL,NL,day_ahead_price,value,2026-08-05T16:12:29Z
2023-07-05T17:00:00Z,2023-07-05T19:00:00+0200,104.71,EUR/MWh,NL,NL,day_ahead_price,value,2026-08-05T16:12:29Z
2023-07-05T18:00:00Z,2023-07-05T20:00:00+0200,118.1,EUR/MWh,NL,NL,day_ahead_price,value,2026-08-05T16:12:29Z
2023-07-05T19:00:00Z,2023-07-05T21:00:00+0200,122.78,EUR/MWh,NL,NL,day_ahead_price,value,2026-08-05T16:12:29Z
2023-07-05T20:00:00Z,2023-07-05T22:00:00+0200,121.71,EUR/MWh,NL,NL,day_ahead_price,value,2026-08-05T16:12:29Z
2023-07-05T21:00:00Z,2023-07-05T23:00:00+0200,114.89,EUR/MWh,NL,NL,day_ahead_price,value,2026-08-05T16:12:29Z
2023-07-05T22:00:00Z,2023-07-06T00:00:00+0200,91.62,EUR/MWh,NL,NL,day_ahead_price,value,2026-08-05T16:12:29Z
2023-07-05T23:00:00Z,2023-07-06T01:00:00+0200,84.0,EUR/MWh,NL,NL,day_ahead_price,value,2026-08-05T16:12:49Z
2023-07-06T00:00:00Z,2023-07-06T02:00:00+0200,82.4,EUR/MWh,NL,NL,day_ahead_price,value,2026-08-05T16:12:49Z
2023-07-06T01:00:00Z,2023-07-06T03:00:00+0200,83.05,EUR/MWh,NL,NL,day_ahead_price,value,2026-08-05T16:12:49Z
2023-07-06T02:00:00Z,2023-07-06T04:00:00+0200,85.01,EUR/MWh,NL,NL,day_ahead_price,value,2026-08-05T16:12:49Z
2023-07-06T03:00:00Z,2023-07-06T05:00:00+0200,94.37,EUR/MWh,NL,NL,day_ahead_price,value,2026-08-05T16:12:49Z
2023-07-06T04:00:00Z,2023-07-06T06:00:00+0200,113.75,EUR/MWh,NL,NL,day_ahead_price,value,2026-08-05T16:12:49Z
2023-07-06T05:00:00Z,2023-07-06T07:00:00+0200,126.17,EUR/MWh,NL,NL,day_ahead_price,value,2026-08-05T16:12:49Z
2023-07-06T06:00:00Z,2023-07-06T08:00:00+0200,124.85,EUR/MWh,NL,NL,day_ahead_price,value,2026-08-05T16:12:49Z
2023-07-06T07:00:00Z,2023-07-06T09:00:00+0200,110.97,EUR/MWh,NL,NL,day_ahead_price,value,2026-08-05T16:12:49Z
2023-07-06T08:00:00Z,2023-07-06T10:00:00+0200,94.42,EUR/MWh,NL,NL,day_ahead_price,value,2026-08-05T16:12:49Z
2023-07-06T09:00:00Z,2023-07-06T11:00:00+0200,86.38,EUR/MWh,NL,NL,day_ahead_price,value,2026-08-05T16:12:49Z
2023-07-06T10:00:00Z,2023-07-06T12:00:00+0200,56.54,EUR/MWh,NL,NL,day_ahead_price,value,2026-08-05T16:12:49Z
2023-07-06T11:00:00Z,2023-07-06T13:00:00+0200,69.23,EUR/MWh,NL,NL,day_ahead_price,value,2026-08-05T16:12:49Z
2023-07-06T12:00:00Z,2023-07-06T14:00:00+0200,67.44,EUR/MWh,NL,NL,day_ahead_price,value,2026-08-05T16:12:49Z
2023-07-06T13:00:00Z,2023-07-06T15:00:00+0200,84.05,EUR/MWh,NL,NL,day_ahead_price,value,2026-08-05T16:12:49Z
2023-07-06T14:00:00Z,2023-07-06T16:00:00+0200,88.1,EUR/MWh,NL,NL,day_ahead_price,value,2026-08-05T16:12:49Z
2023-07-06T15:00:00Z,2023-07-06T17:00:00+0200,98.82,EUR/MWh,NL,NL,day_ahead_price,value,2026-08-05T16:12:49Z
2023-07-06T16:00:00Z,2023-07-06T18:00:00+0200,102.98,EUR/MWh,NL,NL,day_ahead_price,value,2026-08-05T16:12:49Z
2023-07-06T17:00:00Z,2023-07-06T19:00:00+0200,119.4,EUR/MWh,NL,NL,day_ahead_price,value,2026-08-05T16:12:49Z
2023-07-06T18:00:00Z,2023-07-06T20:00:00+0200,175.88,EUR/MWh,NL,NL,day_ahead_price,value,2026-08-05T16:12:49Z
2023-07-06T19:00:00Z,2023-07-06T21:00:00+0200,175.1,EUR/MWh,NL,NL,day_ahead_price,value,2026-08-05T16:12:49Z
2023-07-06T20:00:00Z,2023-07-06T22:00:00+0200,137.57,EUR/MWh,NL,NL,day_ahead_price,value,2026-08-05T16:12:49Z
2023-07-06T21:00:00Z,2023-07-06T23:00:00+0200,118.98,EUR/MWh,NL,NL,day_ahead_price,value,2026-08-05T16:12:49Z
2023-07-06T22:00:00Z,2023-07-07T00:00:00+0200,114.0,EUR/MWh,NL,NL,day_ahead_price,value,2026-08-05T16:12:49Z
2023-07-06T23:00:00Z,2023-07-07T01:00:00+0200,103.38,EUR/MWh,NL,NL,day_ahead_price,value,2026-08-05T16:12:49Z
2023-07-07T00:00:00Z,2023-07-07T02:00:00+0200,97.6,EUR/MWh,NL,NL,day_ahead_price,value,2026-08-05T16:12:49Z
2023-07-07T01:00:00Z,2023-07-07T03:00:00+0200,89.0,EUR/MWh,NL,NL,day_ahead_price,value,2026-08-05T16:12:49Z
2023-07-07T02:00:00Z,2023-07-07T04:00:00+0200,86.42,EUR/MWh,NL,NL,day_ahead_price,value,2026-08-05T16:12:49Z
2023-07-07T03:00:00Z,2023-07-07T05:00:00+0200,90.93,EUR/MWh,NL,NL,day_ahead_price,value,2026-08-05T16:12:49Z
2023-07-07T04:00:00Z,2023-07-07T06:00:00+0200,94.8,EUR/MWh,NL,NL,day_ahead_price,value,2026-08-05T16:12:49Z
2023-07-07T05:00:00Z,2023-07-07T07:00:00+0200,109.2,EUR/MWh,NL,NL,day_ahead_price,value,2026-08-05T16:12:49Z
2023-07-07T06:00:00Z,2023-07-07T08:00:00+0200,107.13,EUR/MWh,NL,NL,day_ahead_price,value,2026-08-05T16:12:49Z
2023-07-07T07:00:00Z,2023-07-07T09:00:00+0200,91.79,EUR/MWh,NL,NL,day_ahead_price,value,2026-08-05T16:12:49Z
2023-07-07T08:00:00Z,2023-07-07T10:00:00+0200,84.0,EUR/MWh,NL,NL,day_ahead_price,value,2026-08-05T16:12:49Z
2023-07-07T09:00:00Z,2023-07-07T11:00:00+0200,79.12,EUR/MWh,NL,NL,day_ahead_price,value,2026-08-05T16:12:49Z
2023-07-07T10:00:00Z,2023-07-07T12:00:00+0200,74.9,EUR/MWh,NL,NL,day_ahead_price,value,2026-08-05T16:12:49Z
2023-07-07T11:00:00Z,2023-07-07T13:00:00+0200,66.57,EUR/MWh,NL,NL,day_ahead_price,value,2026-08-05T16:12:49Z
2023-07-07T12:00:00Z,2023-07-07T14:00:00+0200,64.98,EUR/MWh,NL,NL,day_ahead_price,value,2026-08-05T16:12:49Z
2023-07-07T13:00:00Z,2023-07-07T15:00:00+0200,66.18,EUR/MWh,NL,NL,day_ahead_price,value,2026-08-05T16:12:49Z
2023-07-07T14:00:00Z,2023-07-07T16:00:00+0200,80.29,EUR/MWh,NL,NL,day_ahead_price,value,2026-08-05T16:12:49Z
2023-07-07T15:00:00Z,2023-07-07T17:00:00+0200,90.0,EUR/MWh,NL,NL,day_ahead_price,value,2026-08-05T16:12:49Z
2023-07-07T16:00:00Z,2023-07-07T18:00:00+0200,94.99,EUR/MWh,NL,NL,day_ahead_price,value,2026-08-05T16:12:49Z
2023-07-07T17:00:00Z,2023-07-07T19:00:00+0200,141.98,EUR/MWh,NL,NL,day_ahead_price,value,2026-08-05T16:12:49Z
2023-07-07T18:00:00Z,2023-07-07T20:00:00+0200,166.56,EUR/MWh,NL,NL,day_ahead_price,value,2026-08-05T16:12:49Z
2023-07-07T19:00:00Z,2023-07-07T21:00:00+0200,137.66,EUR/MWh,NL,NL,day_ahead_price,value,2026-08-05T16:12:49Z
2023-07-07T20:00:00Z,2023-07-07T22:00:00+0200,117.27,EUR/MWh,NL,NL,day_ahead_price,value,2026-08-05T16:12:49Z
2023-07-07T21:00:00Z,2023-07-07T23:00:00+0200,101.56,EUR/MWh,NL,NL,day_ahead_price,value,2026-08-05T16:12:49Z
2023-07-07T22:00:00Z,2023-07-08T00:00:00+0200,100.27,EUR/MWh,NL,NL,day_ahead_price,value,2026-08-05T16:12:49Z
2023-07-07T23:00:00Z,2023-07-08T01:00:00+0200,91.96,EUR/MWh,NL,NL,day_ahead_price,value,2026-08-05T16:12:49Z
2023-07-08T00:00:00Z,2023-07-08T02:00:00+0200,89.97,EUR/MWh,NL,NL,day_ahead_price,value,2026-08-05T16:12:49Z
2023-07-08T01:00:00Z,2023-07-08T03:00:00+0200,86.59,EUR/MWh,NL,NL,day_ahead_price,value,2026-08-05T16:12:49Z
2023-07-08T02:00:00Z,2023-07-08T04:00:00+0200,87.19,EUR/MWh,NL,NL,day_ahead_price,value,2026-08-05T16:12:49Z
2023-07-08T03:00:00Z,2023-07-08T05:00:00+0200,87.28,EUR/MWh,NL,NL,day_ahead_price,value,2026-08-05T16:12:49Z
2023-07-08T04:00:00Z,2023-07-08T06:00:00+0200,84.42,EUR/MWh,NL,NL,day_ahead_price,value,2026-08-05T16:12:49Z
2023-07-08T05:00:00Z,2023-07-08T07:00:00+0200,85.23,EUR/MWh,NL,NL,day_ahead_price,value,2026-08-05T16:12:49Z
2023-07-08T06:00:00Z,2023-07-08T08:00:00+0200,83.76,EUR/MWh,NL,NL,day_ahead_price,value,2026-08-05T16:12:49Z
2023-07-08T07:00:00Z,2023-07-08T09:00:00+0200,76.04,EUR/MWh,NL,NL,day_ahead_price,value,2026-08-05T16:12:49Z
2023-07-08T08:00:00Z,2023-07-08T10:00:00+0200,60.9,EUR/MWh,NL,NL,day_ahead_price,value,2026-08-05T16:12:49Z
2023-07-08T09:00:00Z,2023-07-08T11:00:00+0200,46.32,EUR/MWh,NL,NL,day_ahead_price,value,2026-08-05T16:12:49Z
2023-07-08T10:00:00Z,2023-07-08T12:00:00+0200,30.69,EUR/MWh,NL,NL,day_ahead_price,value,2026-08-05T16:12:49Z
2023-07-08T11:00:00Z,2023-07-08T13:00:00+0200,-6.0,EUR/MWh,NL,NL,day_ahead_price,value,2026-08-05T16:12:49Z
2023-07-08T12:00:00Z,2023-07-08T14:00:00+0200,3.97,EUR/MWh,NL,NL,day_ahead_price,value,2026-08-05T16:12:49Z
2023-07-08T13:00:00Z,2023-07-08T15:00:00+0200,40.0,EUR/MWh,NL,NL,day_ahead_price,value,2026-08-05T16:12:49Z
2023-07-08T14:00:00Z,2023-07-08T16:00:00+0200,60.9,EUR/MWh,NL,NL,day_ahead_price,value,2026-08-05T16:12:49Z
2023-07-08T15:00:00Z,2023-07-08T17:00:00+0200,83.4,EUR/MWh,NL,NL,day_ahead_price,value,2026-08-05T16:12:49Z
2023-07-08T16:00:00Z,2023-07-08T18:00:00+0200,107.3,EUR/MWh,NL,NL,day_ahead_price,value,2026-08-05T16:12:49Z
2023-07-08T17:00:00Z,2023-07-08T19:00:00+0200,120.99,EUR/MWh,NL,NL,day_ahead_price,value,2026-08-05T16:12:49Z
2023-07-08T18:00:00Z,2023-07-08T20:00:00+0200,128.76,EUR/MWh,NL,NL,day_ahead_price,value,2026-08-05T16:12:49Z
2023-07-08T19:00:00Z,2023-07-08T21:00:00+0200,132.86,EUR/MWh,NL,NL,day_ahead_price,value,2026-08-05T16:12:49Z
2023-07-08T20:00:00Z,2023-07-08T22:00:00+0200,129.72,EUR/MWh,NL,NL,day_ahead_price,value,2026-08-05T16:12:49Z
2023-07-08T21:00:00Z,2023-07-08T23:00:00+0200,115.92,EUR/MWh,NL,NL,day_ahead_price,value,2026-08-05T16:12:49Z
2023-07-08T22:00:00Z,2023-07-09T00:00:00+0200,109.44,EUR/MWh,NL,NL,day_ahead_price,value,2026-08-05T16:12:49Z
2023-07-08T23:00:00Z,2023-07-09T01:00:00+0200,101.74,EUR/MWh,NL,NL,day_ahead_price,value,2026-08-05T16:12:49Z
2023-07-09T00:00:00Z,2023-07-09T02:00:00+0200,101.82,EUR/MWh,NL,NL,day_ahead_price,value,2026-08-05T16:12:49Z
2023-07-09T01:00:00Z,2023-07-09T03:00:00+0200,95.46,EUR/MWh,NL,NL,day_ahead_price,value,2026-08-05T16:12:49Z
2023-07-09T02:00:00Z,2023-07-09T04:00:00+0200,96.03,EUR/MWh,NL,NL,day_ahead_price,value,2026-08-05T16:12:49Z
2023-07-09T03:00:00Z,2023-07-09T05:00:00+0200,96.97,EUR/MWh,NL,NL,day_ahead_price,value,2026-08-05T16:12:49Z
2023-07-09T04:00:00Z,2023-07-09T06:00:00+0200,94.7,EUR/MWh,NL,NL,day_ahead_price,value,2026-08-05T16:12:49Z
2023-07-09T05:00:00Z,2023-07-09T07:00:00+0200,91.22,EUR/MWh,NL,NL,day_ahead_price,value,2026-08-05T16:12:49Z
2023-07-09T06:00:00Z,2023-07-09T08:00:00+0200,86.27,EUR/MWh,NL,NL,day_ahead_price,value,2026-08-05T16:12:49Z
2023-07-09T07:00:00Z,2023-07-09T09:00:00+0200,77.08,EUR/MWh,NL,NL,day_ahead_price,value,2026-08-05T16:12:49Z
2023-07-09T08:00:00Z,2023-07-09T10:00:00+0200,60.12,EUR/MWh,NL,NL,day_ahead_price,value,2026-08-05T16:12:49Z
2023-07-09T09:00:00Z,2023-07-09T11:00:00+0200,50.09,EUR/MWh,NL,NL,day_ahead_price,value,2026-08-05T16:12:49Z
2023-07-09T10:00:00Z,2023-07-09T12:00:00+0200,45.69,EUR/MWh,NL,NL,day_ahead_price,value,2026-08-05T16:12:49Z
2023-07-09T11:00:00Z,2023-07-09T13:00:00+0200,36.99,EUR/MWh,NL,NL,day_ahead_price,value,2026-08-05T16:12:49Z
2023-07-09T12:00:00Z,2023-07-09T14:00:00+0200,44.85,EUR/MWh,NL,NL,day_ahead_price,value,2026-08-05T16:12:49Z
2023-07-09T13:00:00Z,2023-07-09T15:00:00+0200,55.16,EUR/MWh,NL,NL,day_ahead_price,value,2026-08-05T16:12:49Z
2023-07-09T14:00:00Z,2023-07-09T16:00:00+0200,72.97,EUR/MWh,NL,NL,day_ahead_price,value,2026-08-05T16:12:49Z
2023-07-09T15:00:00Z,2023-07-09T17:00:00+0200,82.4,EUR/MWh,NL,NL,day_ahead_price,value,2026-08-05T16:12:49Z
2023-07-09T16:00:00Z,2023-07-09T18:00:00+0200,104.41,EUR/MWh,NL,NL,day_ahead_price,value,2026-08-05T16:12:49Z
2023-07-09T17:00:00Z,2023-07-09T19:00:00+0200,122.21,EUR/MWh,NL,NL,day_ahead_price,value,2026-08-05T16:12:49Z
2023-07-09T18:00:00Z,2023-07-09T20:00:00+0200,132.0,EUR/MWh,NL,NL,day_ahead_price,value,2026-08-05T16:12:49Z
2023-07-09T19:00:00Z,2023-07-09T21:00:00+0200,134.1,EUR/MWh,NL,NL,day_ahead_price,value,2026-08-05T16:12:49Z
2023-07-09T20:00:00Z,2023-07-09T22:00:00+0200,132.12,EUR/MWh,NL,NL,day_ahead_price,value,2026-08-05T16:12:49Z
2023-07-09T21:00:00Z,2023-07-09T23:00:00+0200,119.6,EUR/MWh,NL,NL,day_ahead_price,value,2026-08-05T16:12:49Z
2023-07-09T22:00:00Z,2023-07-10T00:00:00+0200,112.49,EUR/MWh,NL,NL,day_ahead_price,value,2026-08-05T16:12:49Z
2023-07-09T23:00:00Z,2023-07-10T01:00:00+0200,102.0,EUR/MWh,NL,NL,day_ahead_price,value,2026-08-05T16:12:49Z
2023-07-10T00:00:00Z,2023-07-10T02:00:00+0200,94.3,EUR/MWh,NL,NL,day_ahead_price,value,2026-08-05T16:12:49Z
2023-07-10T01:00:00Z,2023-07-10T03:00:00+0200,91.94,EUR/MWh,NL,NL,day_ahead_price,value,2026-08-05T16:12:49Z
2023-07-10T02:00:00Z,2023-07-10T04:00:00+0200,93.31,EUR/MWh,NL,NL,day_ahead_price,value,2026-08-05T16:12:49Z
2023-07-10T03:00:00Z,2023-07-10T05:00:00+0200,105.12,EUR/MWh,NL,NL,day_ahead_price,value,2026-08-05T16:12:49Z
2023-07-10T04:00:00Z,2023-07-10T06:00:00+0200,120.74,EUR/MWh,NL,NL,day_ahead_price,value,2026-08-05T16:12:49Z
2023-07-10T05:00:00Z,2023-07-10T07:00:00+0200,130.52,EUR/MWh,NL,NL,day_ahead_price,value,2026-08-05T16:12:49Z
2023-07-10T06:00:00Z,2023-07-10T08:00:00+0200,134.27,EUR/MWh,NL,NL,day_ahead_price,value,2026-08-05T16:12:49Z
2023-07-10T07:00:00Z,2023-07-10T09:00:00+0200,117.95,EUR/MWh,NL,NL,day_ahead_price,value,2026-08-05T16:12:49Z
2023-07-10T08:00:00Z,2023-07-10T10:00:00+0200,105.28,EUR/MWh,NL,NL,day_ahead_price,value,2026-08-05T16:12:49Z
2023-07-10T09:00:00Z,2023-07-10T11:00:00+0200,91.37,EUR/MWh,NL,NL,day_ahead_price,value,2026-08-05T16:12:49Z
2023-07-10T10:00:00Z,2023-07-10T12:00:00+0200,85.85,EUR/MWh,NL,NL,day_ahead_price,value,2026-08-05T16:12:49Z
2023-07-10T11:00:00Z,2023-07-10T13:00:00+0200,71.4,EUR/MWh,NL,NL,day_ahead_price,value,2026-08-05T16:12:49Z
2023-07-10T12:00:00Z,2023-07-10T14:00:00+0200,58.03,EUR/MWh,NL,NL,day_ahead_price,value,2026-08-05T16:12:49Z
2023-07-10T13:00:00Z,2023-07-10T15:00:00+0200,55.1,EUR/MWh,NL,NL,day_ahead_price,value,2026-08-05T16:12:49Z
2023-07-10T14:00:00Z,2023-07-10T16:00:00+0200,79.56,EUR/MWh,NL,NL,day_ahead_price,value,2026-08-05T16:12:49Z
2023-07-10T15:00:00Z,2023-07-10T17:00:00+0200,89.72,EUR/MWh,NL,NL,day_ahead_price,value,2026-08-05T16:12:49Z
2023-07-10T16:00:00Z,2023-07-10T18:00:00+0200,121.97,EUR/MWh,NL,NL,day_ahead_price,value,2026-08-05T16:12:49Z
2023-07-10T17:00:00Z,2023-07-10T19:00:00+0200,165.49,EUR/MWh,NL,NL,day_ahead_price,value,2026-08-05T16:12:49Z
2023-07-10T18:00:00Z,2023-07-10T20:00:00+0200,175.89,EUR/MWh,NL,NL,day_ahead_price,value,2026-08-05T16:12:49Z
2023-07-10T19:00:00Z,2023-07-10T21:00:00+0200,180.07,EUR/MWh,NL,NL,day_ahead_price,value,2026-08-05T16:12:49Z
2023-07-10T20:00:00Z,2023-07-10T22:00:00+0200,162.62,EUR/MWh,NL,NL,day_ahead_price,value,2026-08-05T16:12:49Z
2023-07-10T21:00:00Z,2023-07-10T23:00:00+0200,133.7,EUR/MWh,NL,NL,day_ahead_price,value,2026-08-05T16:12:49Z
2023-07-10T22:00:00Z,2023-07-11T00:00:00+0200,124.41,EUR/MWh,NL,NL,day_ahead_price,value,2026-08-05T16:12:49Z
2023-07-10T23:00:00Z,2023-07-11T01:00:00+0200,115.24,EUR/MWh,NL,NL,day_ahead_price,value,2026-08-05T16:12:49Z
2023-07-11T00:00:00Z,2023-07-11T02:00:00+0200,105.12,EUR/MWh,NL,NL,day_ahead_price,value,2026-08-05T16:12:49Z
2023-07-11T01:00:00Z,2023-07-11T03:00:00+0200,99.19,EUR/MWh,NL,NL,day_ahead_price,value,2026-08-05T16:12:49Z
2023-07-11T02:00:00Z,2023-07-11T04:00:00+0200,95.97,EUR/MWh,NL,NL,day_ahead_price,value,2026-08-05T16:12:49Z
2023-07-11T03:00:00Z,2023-07-11T05:00:00+0200,98.16,EUR/MWh,NL,NL,day_ahead_price,value,2026-08-05T16:12:49Z
2023-07-11T04:00:00Z,2023-07-11T06:00:00+0200,99.2,EUR/MWh,NL,NL,day_ahead_price,value,2026-08-05T16:12:49Z
2023-07-11T05:00:00Z,2023-07-11T07:00:00+0200,113.58,EUR/MWh,NL,NL,day_ahead_price,value,2026-08-05T16:12:49Z
2023-07-11T06:00:00Z,2023-07-11T08:00:00+0200,120.95,EUR/MWh,NL,NL,day_ahead_price,value,2026-08-05T16:12:49Z
2023-07-11T07:00:00Z,2023-07-11T09:00:00+0200,105.1,EUR/MWh,NL,NL,day_ahead_price,value,2026-08-05T16:12:49Z
2023-07-11T08:00:00Z,2023-07-11T10:00:00+0200,91.57,EUR/MWh,NL,NL,day_ahead_price,value,2026-08-05T16:12:49Z
2023-07-11T09:00:00Z,2023-07-11T11:00:00+0200,71.5,EUR/MWh,NL,NL,day_ahead_price,value,2026-08-05T16:12:49Z
2023-07-11T10:00:00Z,2023-07-11T12:00:00+0200,38.0,EUR/MWh,NL,NL,day_ahead_price,value,2026-08-05T16:12:49Z
2023-07-11T11:00:00Z,2023-07-11T13:00:00+0200,21.32,EUR/MWh,NL,NL,day_ahead_price,value,2026-08-05T16:12:49Z
2023-07-11T12:00:00Z,2023-07-11T14:00:00+0200,30.0,EUR/MWh,NL,NL,day_ahead_price,value,2026-08-05T16:12:49Z
2023-07-11T13:00:00Z,2023-07-11T15:00:00+0200,60.0,EUR/MWh,NL,NL,day_ahead_price,value,2026-08-05T16:12:49Z
2023-07-11T14:00:00Z,2023-07-11T16:00:00+0200,68.0,EUR/MWh,NL,NL,day_ahead_price,value,2026-08-05T16:12:49Z
2023-07-11T15:00:00Z,2023-07-11T17:00:00+0200,94.5,EUR/MWh,NL,NL,day_ahead_price,value,2026-08-05T16:12:49Z
2023-07-11T16:00:00Z,2023-07-11T18:00:00+0200,114.0,EUR/MWh,NL,NL,day_ahead_price,value,2026-08-05T16:12:49Z
2023-07-11T17:00:00Z,2023-07-11T19:00:00+0200,141.55,EUR/MWh,NL,NL,day_ahead_price,value,2026-08-05T16:12:49Z
2023-07-11T18:00:00Z,2023-07-11T20:00:00+0200,160.02,EUR/MWh,NL,NL,day_ahead_price,value,2026-08-05T16:12:49Z
2023-07-11T19:00:00Z,2023-07-11T21:00:00+0200,134.09,EUR/MWh,NL,NL,day_ahead_price,value,2026-08-05T16:12:49Z
2023-07-11T20:00:00Z,2023-07-11T22:00:00+0200,119.0,EUR/MWh,NL,NL,day_ahead_price,value,2026-08-05T16:12:49Z
2023-07-11T21:00:00Z,2023-07-11T23:00:00+0200,103.03,EUR/MWh,NL,NL,day_ahead_price,value,2026-08-05T16:12:49Z
2023-07-11T22:00:00Z,2023-07-12T00:00:00+0200,98.47,EUR/MWh,NL,NL,day_ahead_price,value,2026-08-05T16:12:49Z
2023-07-11T23:00:00Z,2023-07-12T01:00:00+0200,91.0,EUR/MWh,NL,NL,day_ahead_price,value,2026-08-05T16:12:49Z
2023-07-12T00:00:00Z,2023-07-12T02:00:00+0200,90.0,EUR/MWh,NL,NL,day_ahead_price,value,2026-08-05T16:12:49Z
2023-07-12T01:00:00Z,2023-07-12T03:00:00+0200,82.09,EUR/MWh,NL,NL,day_ahead_price,value,2026-08-05T16:12:49Z
2023-07-12T02:00:00Z,2023-07-12T04:00:00+0200,77.4,EUR/MWh,NL,NL,day_ahead_price,value,2026-08-05T16:12:49Z
2023-07-12T03:00:00Z,2023-07-12T05:00:00+0200,76.0,EUR/MWh,NL,NL,day_ahead_price,value,2026-08-05T16:12:49Z
2023-07-12T04:00:00Z,2023-07-12T06:00:00+0200,88.22,EUR/MWh,NL,NL,day_ahead_price,value,2026-08-05T16:12:49Z
2023-07-12T05:00:00Z,2023-07-12T07:00:00+0200,115.4,EUR/MWh,NL,NL,day_ahead_price,value,2026-08-05T16:12:49Z
2023-07-12T06:00:00Z,2023-07-12T08:00:00+0200,120.0,EUR/MWh,NL,NL,day_ahead_price,value,2026-08-05T16:12:49Z
2023-07-12T07:00:00Z,2023-07-12T09:00:00+0200,102.33,EUR/MWh,NL,NL,day_ahead_price,value,2026-08-05T16:12:49Z
2023-07-12T08:00:00Z,2023-07-12T10:00:00+0200,83.0,EUR/MWh,NL,NL,day_ahead_price,value,2026-08-05T16:12:49Z
2023-07-12T09:00:00Z,2023-07-12T11:00:00+0200,50.77,EUR/MWh,NL,NL,day_ahead_price,value,2026-08-05T16:12:49Z
2023-07-12T10:00:00Z,2023-07-12T12:00:00+0200,8.52,EUR/MWh,NL,NL,day_ahead_price,value,2026-08-05T16:12:49Z
2023-07-12T11:00:00Z,2023-07-12T13:00:00+0200,-7.81,EUR/MWh,NL,NL,day_ahead_price,value,2026-08-05T16:12:49Z
2023-07-12T12:00:00Z,2023-07-12T14:00:00+0200,-10.0,EUR/MWh,NL,NL,day_ahead_price,value,2026-08-05T16:12:49Z
2023-07-12T13:00:00Z,2023-07-12T15:00:00+0200,-8.07,EUR/MWh,NL,NL,day_ahead_price,value,2026-08-05T16:12:49Z
2023-07-12T14:00:00Z,2023-07-12T16:00:00+0200,3.4,EUR/MWh,NL,NL,day_ahead_price,value,2026-08-05T16:12:49Z
2023-07-12T15:00:00Z,2023-07-12T17:00:00+0200,69.91,EUR/MWh,NL,NL,day_ahead_price,value,2026-08-05T16:12:49Z
2023-07-12T16:00:00Z,2023-07-12T18:00:00+0200,84.72,EUR/MWh,NL,NL,day_ahead_price,value,2026-08-05T16:12:49Z
2023-07-12T17:00:00Z,2023-07-12T19:00:00+0200,101.41,EUR/MWh,NL,NL,day_ahead_price,value,2026-08-05T16:12:49Z
2023-07-12T18:00:00Z,2023-07-12T20:00:00+0200,117.95,EUR/MWh,NL,NL,day_ahead_price,value,2026-08-05T16:12:49Z
2023-07-12T19:00:00Z,2023-07-12T21:00:00+0200,125.2,EUR/MWh,NL,NL,day_ahead_price,value,2026-08-05T16:12:49Z
2023-07-12T20:00:00Z,2023-07-12T22:00:00+0200,126.0,EUR/MWh,NL,NL,day_ahead_price,value,2026-08-05T16:12:49Z
2023-07-12T21:00:00Z,2023-07-12T23:00:00+0200,113.92,EUR/MWh,NL,NL,day_ahead_price,value,2026-08-05T16:12:49Z
2023-07-12T22:00:00Z,2023-07-13T00:00:00+0200,104.92,EUR/MWh,NL,NL,day_ahead_price,value,2026-08-05T16:12:49Z
2023-07-12T23:00:00Z,2023-07-13T01:00:00+0200,85.66,EUR/MWh,NL,NL,day_ahead_price,value,2026-08-05T16:12:49Z
2023-07-13T00:00:00Z,2023-07-13T02:00:00+0200,79.0,EUR/MWh,NL,NL,day_ahead_price,value,2026-08-05T16:12:49Z
2023-07-13T01:00:00Z,2023-07-13T03:00:00+0200,75.09,EUR/MWh,NL,NL,day_ahead_price,value,2026-08-05T16:12:49Z
2023-07-13T02:00:00Z,2023-07-13T04:00:00+0200,76.0,EUR/MWh,NL,NL,day_ahead_price,value,2026-08-05T16:12:49Z
2023-07-13T03:00:00Z,2023-07-13T05:00:00+0200,88.51,EUR/MWh,NL,NL,day_ahead_price,value,2026-08-05T16:12:49Z
2023-07-13T04:00:00Z,2023-07-13T06:00:00+0200,102.23,EUR/MWh,NL,NL,day_ahead_price,value,2026-08-05T16:12:49Z
2023-07-13T05:00:00Z,2023-07-13T07:00:00+0200,110.47,EUR/MWh,NL,NL,day_ahead_price,value,2026-08-05T16:12:49Z
2023-07-13T06:00:00Z,2023-07-13T08:00:00+0200,119.1,EUR/MWh,NL,NL,day_ahead_price,value,2026-08-05T16:12:49Z
2023-07-13T07:00:00Z,2023-07-13T09:00:00+0200,89.98,EUR/MWh,NL,NL,day_ahead_price,value,2026-08-05T16:12:49Z
2023-07-13T08:00:00Z,2023-07-13T10:00:00+0200,88.1,EUR/MWh,NL,NL,day_ahead_price,value,2026-08-05T16:12:49Z
2023-07-13T09:00:00Z,2023-07-13T11:00:00+0200,80.0,EUR/MWh,NL,NL,day_ahead_price,value,2026-08-05T16:12:49Z
2023-07-13T10:00:00Z,2023-07-13T12:00:00+0200,75.0,EUR/MWh,NL,NL,day_ahead_price,value,2026-08-05T16:12:49Z
2023-07-13T11:00:00Z,2023-07-13T13:00:00+0200,46.5,EUR/MWh,NL,NL,day_ahead_price,value,2026-08-05T16:12:49Z
2023-07-13T12:00:00Z,2023-07-13T14:00:00+0200,46.36,EUR/MWh,NL,NL,day_ahead_price,value,2026-08-05T16:12:49Z
2023-07-13T13:00:00Z,2023-07-13T15:00:00+0200,46.9,EUR/MWh,NL,NL,day_ahead_price,value,2026-08-05T16:12:49Z
2023-07-13T14:00:00Z,2023-07-13T16:00:00+0200,74.25,EUR/MWh,NL,NL,day_ahead_price,value,2026-08-05T16:12:49Z
2023-07-13T15:00:00Z,2023-07-13T17:00:00+0200,85.0,EUR/MWh,NL,NL,day_ahead_price,value,2026-08-05T16:12:49Z
2023-07-13T16:00:00Z,2023-07-13T18:00:00+0200,88.98,EUR/MWh,NL,NL,day_ahead_price,value,2026-08-05T16:12:49Z
2023-07-13T17:00:00Z,2023-07-13T19:00:00+0200,116.49,EUR/MWh,NL,NL,day_ahead_price,value,2026-08-05T16:12:49Z
2023-07-13T18:00:00Z,2023-07-13T20:00:00+0200,130.0,EUR/MWh,NL,NL,day_ahead_price,value,2026-08-05T16:12:49Z
2023-07-13T19:00:00Z,2023-07-13T21:00:00+0200,137.22,EUR/MWh,NL,NL,day_ahead_price,value,2026-08-05T16:12:49Z
2023-07-13T20:00:00Z,2023-07-13T22:00:00+0200,129.03,EUR/MWh,NL,NL,day_ahead_price,value,2026-08-05T16:12:49Z
2023-07-13T21:00:00Z,2023-07-13T23:00:00+0200,117.72,EUR/MWh,NL,NL,day_ahead_price,value,2026-08-05T16:12:49Z
2023-07-13T22:00:00Z,2023-07-14T00:00:00+0200,101.0,EUR/MWh,NL,NL,day_ahead_price,value,2026-08-05T16:12:49Z
2023-07-13T23:00:00Z,2023-07-14T01:00:00+0200,96.36,EUR/MWh,NL,NL,day_ahead_price,value,2026-08-05T16:12:49Z
2023-07-14T00:00:00Z,2023-07-14T02:00:00+0200,84.55,EUR/MWh,NL,NL,day_ahead_price,value,2026-08-05T16:12:49Z
2023-07-14T01:00:00Z,2023-07-14T03:00:00+0200,78.14,EUR/MWh,NL,NL,day_ahead_price,value,2026-08-05T16:12:49Z
2023-07-14T02:00:00Z,2023-07-14T04:00:00+0200,80.0,EUR/MWh,NL,NL,day_ahead_price,value,2026-08-05T16:12:49Z
2023-07-14T03:00:00Z,2023-07-14T05:00:00+0200,75.0,EUR/MWh,NL,NL,day_ahead_price,value,2026-08-05T16:12:49Z
2023-07-14T04:00:00Z,2023-07-14T06:00:00+0200,79.93,EUR/MWh,NL,NL,day_ahead_price,value,2026-08-05T16:12:49Z
2023-07-14T05:00:00Z,2023-07-14T07:00:00+0200,89.4,EUR/MWh,NL,NL,day_ahead_price,value,2026-08-05T16:12:49Z
2023-07-14T06:00:00Z,2023-07-14T08:00:00+0200,84.95,EUR/MWh,NL,NL,day_ahead_price,value,2026-08-05T16:12:49Z
2023-07-14T07:00:00Z,2023-07-14T09:00:00+0200,85.07,EUR/MWh,NL,NL,day_ahead_price,value,2026-08-05T16:12:49Z
2023-07-14T08:00:00Z,2023-07-14T10:00:00+0200,79.71,EUR/MWh,NL,NL,day_ahead_price,value,2026-08-05T16:12:49Z
2023-07-14T09:00:00Z,2023-07-14T11:00:00+0200,71.8,EUR/MWh,NL,NL,day_ahead_price,value,2026-08-05T16:12:49Z
2023-07-14T10:00:00Z,2023-07-14T12:00:00+0200,73.8,EUR/MWh,NL,NL,day_ahead_price,value,2026-08-05T16:12:49Z
2023-07-14T11:00:00Z,2023-07-14T13:00:00+0200,69.2,EUR/MWh,NL,NL,day_ahead_price,value,2026-08-05T16:12:49Z
2023-07-14T12:00:00Z,2023-07-14T14:00:00+0200,72.18,EUR/MWh,NL,NL,day_ahead_price,value,2026-08-05T16:12:49Z
2023-07-14T13:00:00Z,2023-07-14T15:00:00+0200,77.7,EUR/MWh,NL,NL,day_ahead_price,value,2026-08-05T16:12:49Z
2023-07-14T14:00:00Z,2023-07-14T16:00:00+0200,77.55,EUR/MWh,NL,NL,day_ahead_price,value,2026-08-05T16:12:49Z
2023-07-14T15:00:00Z,2023-07-14T17:00:00+0200,76.9,EUR/MWh,NL,NL,day_ahead_price,value,2026-08-05T16:12:49Z
2023-07-14T16:00:00Z,2023-07-14T18:00:00+0200,84.9,EUR/MWh,NL,NL,day_ahead_price,value,2026-08-05T16:12:49Z
2023-07-14T17:00:00Z,2023-07-14T19:00:00+0200,105.95,EUR/MWh,NL,NL,day_ahead_price,value,2026-08-05T16:12:49Z
2023-07-14T18:00:00Z,2023-07-14T20:00:00+0200,110.0,EUR/MWh,NL,NL,day_ahead_price,value,2026-08-05T16:12:49Z
2023-07-14T19:00:00Z,2023-07-14T21:00:00+0200,110.0,EUR/MWh,NL,NL,day_ahead_price,value,2026-08-05T16:12:49Z
2023-07-14T20:00:00Z,2023-07-14T22:00:00+0200,94.73,EUR/MWh,NL,NL,day_ahead_price,value,2026-08-05T16:12:49Z
2023-07-14T21:00:00Z,2023-07-14T23:00:00+0200,79.69,EUR/MWh,NL,NL,day_ahead_price,value,2026-08-05T16:12:49Z
2023-07-14T22:00:00Z,2023-07-15T00:00:00+0200,71.07,EUR/MWh,NL,NL,day_ahead_price,value,2026-08-05T16:12:49Z
2023-07-14T23:00:00Z,2023-07-15T01:00:00+0200,51.94,EUR/MWh,NL,NL,day_ahead_price,value,2026-08-05T16:12:49Z
2023-07-15T00:00:00Z,2023-07-15T02:00:00+0200,29.15,EUR/MWh,NL,NL,day_ahead_price,value,2026-08-05T16:12:49Z
2023-07-15T01:00:00Z,2023-07-15T03:00:00+0200,19.95,EUR/MWh,NL,NL,day_ahead_price,value,2026-08-05T16:12:49Z
2023-07-15T02:00:00Z,2023-07-15T04:00:00+0200,16.98,EUR/MWh,NL,NL,day_ahead_price,value,2026-08-05T16:12:49Z
2023-07-15T03:00:00Z,2023-07-15T05:00:00+0200,13.69,EUR/MWh,NL,NL,day_ahead_price,value,2026-08-05T16:12:49Z
2023-07-15T04:00:00Z,2023-07-15T06:00:00+0200,19.9,EUR/MWh,NL,NL,day_ahead_price,value,2026-08-05T16:12:49Z
2023-07-15T05:00:00Z,2023-07-15T07:00:00+0200,22.6,EUR/MWh,NL,NL,day_ahead_price,value,2026-08-05T16:12:49Z
2023-07-15T06:00:00Z,2023-07-15T08:00:00+0200,29.95,EUR/MWh,NL,NL,day_ahead_price,value,2026-08-05T16:12:49Z
2023-07-15T07:00:00Z,2023-07-15T09:00:00+0200,17.41,EUR/MWh,NL,NL,day_ahead_price,value,2026-08-05T16:12:49Z
2023-07-15T08:00:00Z,2023-07-15T10:00:00+0200,4.6,EUR/MWh,NL,NL,day_ahead_price,value,2026-08-05T16:12:49Z
2023-07-15T09:00:00Z,2023-07-15T11:00:00+0200,0.0,EUR/MWh,NL,NL,day_ahead_price,value,2026-08-05T16:12:49Z
2023-07-15T10:00:00Z,2023-07-15T12:00:00+0200,-0.02,EUR/MWh,NL,NL,day_ahead_price,value,2026-08-05T16:12:49Z
2023-07-15T11:00:00Z,2023-07-15T13:00:00+0200,-0.16,EUR/MWh,NL,NL,day_ahead_price,value,2026-08-05T16:12:49Z
2023-07-15T12:00:00Z,2023-07-15T14:00:00+0200,-1.0,EUR/MWh,NL,NL,day_ahead_price,value,2026-08-05T16:12:49Z
2023-07-15T13:00:00Z,2023-07-15T15:00:00+0200,-0.1,EUR/MWh,NL,NL,day_ahead_price,value,2026-08-05T16:12:49Z
2023-07-15T14:00:00Z,2023-07-15T16:00:00+0200,0.02,EUR/MWh,NL,NL,day_ahead_price,value,2026-08-05T16:12:49Z
2023-07-15T15:00:00Z,2023-07-15T17:00:00+0200,5.0,EUR/MWh,NL,NL,day_ahead_price,value,2026-08-05T16:12:49Z
2023-07-15T16:00:00Z,2023-07-15T18:00:00+0200,68.13,EUR/MWh,NL,NL,day_ahead_price,value,2026-08-05T16:12:49Z
2023-07-15T17:00:00Z,2023-07-15T19:00:00+0200,79.27,EUR/MWh,NL,NL,day_ahead_price,value,2026-08-05T16:12:49Z
2023-07-15T18:00:00Z,2023-07-15T20:00:00+0200,88.58,EUR/MWh,NL,NL,day_ahead_price,value,2026-08-05T16:12:49Z
2023-07-15T19:00:00Z,2023-07-15T21:00:00+0200,83.8,EUR/MWh,NL,NL,day_ahead_price,value,2026-08-05T16:12:49Z
2023-07-15T20:00:00Z,2023-07-15T22:00:00+0200,83.03,EUR/MWh,NL,NL,day_ahead_price,value,2026-08-05T16:12:49Z
2023-07-15T21:00:00Z,2023-07-15T23:00:00+0200,71.82,EUR/MWh,NL,NL,day_ahead_price,value,2026-08-05T16:12:49Z
2023-07-15T22:00:00Z,2023-07-16T00:00:00+0200,57.04,EUR/MWh,NL,NL,day_ahead_price,value,2026-08-05T16:12:49Z
2023-07-15T23:00:00Z,2023-07-16T01:00:00+0200,19.69,EUR/MWh,NL,NL,day_ahead_price,value,2026-08-05T16:12:49Z
2023-07-16T00:00:00Z,2023-07-16T02:00:00+0200,1.45,EUR/MWh,NL,NL,day_ahead_price,value,2026-08-05T16:12:49Z
2023-07-16T01:00:00Z,2023-07-16T03:00:00+0200,-0.07,EUR/MWh,NL,NL,day_ahead_price,value,2026-08-05T16:12:49Z
2023-07-16T02:00:00Z,2023-07-16T04:00:00+0200,-0.14,EUR/MWh,NL,NL,day_ahead_price,value,2026-08-05T16:12:49Z
2023-07-16T03:00:00Z,2023-07-16T05:00:00+0200,-0.43,EUR/MWh,NL,NL,day_ahead_price,value,2026-08-05T16:12:49Z
2023-07-16T04:00:00Z,2023-07-16T06:00:00+0200,-4.1,EUR/MWh,NL,NL,day_ahead_price,value,2026-08-05T16:12:49Z
2023-07-16T05:00:00Z,2023-07-16T07:00:00+0200,-10.0,EUR/MWh,NL,NL,day_ahead_price,value,2026-08-05T16:12:49Z
2023-07-16T06:00:00Z,2023-07-16T08:00:00+0200,-10.05,EUR/MWh,NL,NL,day_ahead_price,value,2026-08-05T16:12:49Z
2023-07-16T07:00:00Z,2023-07-16T09:00:00+0200,-14.58,EUR/MWh,NL,NL,day_ahead_price,value,2026-08-05T16:12:49Z
2023-07-16T08:00:00Z,2023-07-16T10:00:00+0200,-20.0,EUR/MWh,NL,NL,day_ahead_price,value,2026-08-05T16:12:49Z
2023-07-16T09:00:00Z,2023-07-16T11:00:00+0200,-27.0,EUR/MWh,NL,NL,day_ahead_price,value,2026-08-05T16:12:49Z
2023-07-16T10:00:00Z,2023-07-16T12:00:00+0200,-53.75,EUR/MWh,NL,NL,day_ahead_price,value,2026-08-05T16:12:49Z
2023-07-16T11:00:00Z,2023-07-16T13:00:00+0200,-65.43,EUR/MWh,NL,NL,day_ahead_price,value,2026-08-05T16:12:49Z
2023-07-16T12:00:00Z,2023-07-16T14:00:00+0200,-73.76,EUR/MWh,NL,NL,day_ahead_price,value,2026-08-05T16:12:49Z
2023-07-16T13:00:00Z,2023-07-16T15:00:00+0200,-51.07,EUR/MWh,NL,NL,day_ahead_price,value,2026-08-05T16:12:49Z
2023-07-16T14:00:00Z,2023-07-16T16:00:00+0200,-30.05,EUR/MWh,NL,NL,day_ahead_price,value,2026-08-05T16:12:49Z
2023-07-16T15:00:00Z,2023-07-16T17:00:00+0200,-8.44,EUR/MWh,NL,NL,day_ahead_price,value,2026-08-05T16:12:49Z
2023-07-16T16:00:00Z,2023-07-16T18:00:00+0200,27.95,EUR/MWh,NL,NL,day_ahead_price,value,2026-08-05T16:12:49Z
2023-07-16T17:00:00Z,2023-07-16T19:00:00+0200,90.03,EUR/MWh,NL,NL,day_ahead_price,value,2026-08-05T16:12:49Z
2023-07-16T18:00:00Z,2023-07-16T20:00:00+0200,99.22,EUR/MWh,NL,NL,day_ahead_price,value,2026-08-05T16:12:49Z
2023-07-16T19:00:00Z,2023-07-16T21:00:00+0200,108.0,EUR/MWh,NL,NL,day_ahead_price,value,2026-08-05T16:12:49Z
2023-07-16T20:00:00Z,2023-07-16T22:00:00+0200,113.85,EUR/MWh,NL,NL,day_ahead_price,value,2026-08-05T16:12:49Z
2023-07-16T21:00:00Z,2023-07-16T23:00:00+0200,107.54,EUR/MWh,NL,NL,day_ahead_price,value,2026-08-05T16:12:49Z
2023-07-16T22:00:00Z,2023-07-17T00:00:00+0200,86.42,EUR/MWh,NL,NL,day_ahead_price,value,2026-08-05T16:12:49Z
2023-07-16T23:00:00Z,2023-07-17T01:00:00+0200,65.5,EUR/MWh,NL,NL,day_ahead_price,value,2026-08-05T16:12:49Z
2023-07-17T00:00:00Z,2023-07-17T02:00:00+0200,53.28,EUR/MWh,NL,NL,day_ahead_price,value,2026-08-05T16:12:49Z
2023-07-17T01:00:00Z,2023-07-17T03:00:00+0200,50.0,EUR/MWh,NL,NL,day_ahead_price,value,2026-08-05T16:12:49Z
2023-07-17T02:00:00Z,2023-07-17T04:00:00+0200,51.96,EUR/MWh,NL,NL,day_ahead_price,value,2026-08-05T16:12:49Z
2023-07-17T03:00:00Z,2023-07-17T05:00:00+0200,53.2,EUR/MWh,NL,NL,day_ahead_price,value,2026-08-05T16:12:49Z
2023-07-17T04:00:00Z,2023-07-17T06:00:00+0200,86.4,EUR/MWh,NL,NL,day_ahead_price,value,2026-08-05T16:12:49Z
2023-07-17T05:00:00Z,2023-07-17T07:00:00+0200,77.2,EUR/MWh,NL,NL,day_ahead_price,value,2026-08-05T16:12:49Z
2023-07-17T06:00:00Z,2023-07-17T08:00:00+0200,107.5,EUR/MWh,NL,NL,day_ahead_price,value,2026-08-05T16:12:49Z
2023-07-17T07:00:00Z,2023-07-17T09:00:00+0200,89.27,EUR/MWh,NL,NL,day_ahead_price,value,2026-08-05T16:12:49Z
2023-07-17T08:00:00Z,2023-07-17T10:00:00+0200,45.68,EUR/MWh,NL,NL,day_ahead_price,value,2026-08-05T16:12:49Z
2023-07-17T09:00:00Z,2023-07-17T11:00:00+0200,35.0,EUR/MWh,NL,NL,day_ahead_price,value,2026-08-05T16:12:49Z
2023-07-17T10:00:00Z,2023-07-17T12:00:00+0200,-52.65,EUR/MWh,NL,NL,day_ahead_price,value,2026-08-05T16:12:49Z
2023-07-17T11:00:00Z,2023-07-17T13:00:00+0200,-6.73,EUR/MWh,NL,NL,day_ahead_price,value,2026-08-05T16:12:49Z
2023-07-17T12:00:00Z,2023-07-17T14:00:00+0200,-10.0,EUR/MWh,NL,NL,day_ahead_price,value,2026-08-05T16:12:49Z
2023-07-17T13:00:00Z,2023-07-17T15:00:00+0200,-0.01,EUR/MWh,NL,NL,day_ahead_price,value,2026-08-05T16:12:49Z
2023-07-17T14:00:00Z,2023-07-17T16:00:00+0200,0.0,EUR/MWh,NL,NL,day_ahead_price,value,2026-08-05T16:12:49Z
2023-07-17T15:00:00Z,2023-07-17T17:00:00+0200,57.82,EUR/MWh,NL,NL,day_ahead_price,value,2026-08-05T16:12:49Z
2023-07-17T16:00:00Z,2023-07-17T18:00:00+0200,66.09,EUR/MWh,NL,NL,day_ahead_price,value,2026-08-05T16:12:49Z
2023-07-17T17:00:00Z,2023-07-17T19:00:00+0200,94.9,EUR/MWh,NL,NL,day_ahead_price,value,2026-08-05T16:12:49Z
2023-07-17T18:00:00Z,2023-07-17T20:00:00+0200,106.61,EUR/MWh,NL,NL,day_ahead_price,value,2026-08-05T16:12:49Z
2023-07-17T19:00:00Z,2023-07-17T21:00:00+0200,124.43,EUR/MWh,NL,NL,day_ahead_price,value,2026-08-05T16:12:49Z
2023-07-17T20:00:00Z,2023-07-17T22:00:00+0200,125.28,EUR/MWh,NL,NL,day_ahead_price,value,2026-08-05T16:12:49Z
2023-07-17T21:00:00Z,2023-07-17T23:00:00+0200,110.44,EUR/MWh,NL,NL,day_ahead_price,value,2026-08-05T16:12:49Z
2023-07-17T22:00:00Z,2023-07-18T00:00:00+0200,99.66,EUR/MWh,NL,NL,day_ahead_price,value,2026-08-05T16:12:49Z
2023-07-17T23:00:00Z,2023-07-18T01:00:00+0200,73.0,EUR/MWh,NL,NL,day_ahead_price,value,2026-08-05T16:12:49Z
2023-07-18T00:00:00Z,2023-07-18T02:00:00+0200,66.02,EUR/MWh,NL,NL,day_ahead_price,value,2026-08-05T16:12:49Z
2023-07-18T01:00:00Z,2023-07-18T03:00:00+0200,69.47,EUR/MWh,NL,NL,day_ahead_price,value,2026-08-05T16:12:49Z
2023-07-18T02:00:00Z,2023-07-18T04:00:00+0200,73.06,EUR/MWh,NL,NL,day_ahead_price,value,2026-08-05T16:12:49Z
2023-07-18T03:00:00Z,2023-07-18T05:00:00+0200,88.58,EUR/MWh,NL,NL,day_ahead_price,value,2026-08-05T16:12:49Z
2023-07-18T04:00:00Z,2023-07-18T06:00:00+0200,88.0,EUR/MWh,NL,NL,day_ahead_price,value,2026-08-05T16:12:49Z
2023-07-18T05:00:00Z,2023-07-18T07:00:00+0200,100.82,EUR/MWh,NL,NL,day_ahead_price,value,2026-08-05T16:12:49Z
2023-07-18T06:00:00Z,2023-07-18T08:00:00+0200,110.0,EUR/MWh,NL,NL,day_ahead_price,value,2026-08-05T16:12:49Z
2023-07-18T07:00:00Z,2023-07-18T09:00:00+0200,85.4,EUR/MWh,NL,NL,day_ahead_price,value,2026-08-05T16:12:49Z
2023-07-18T08:00:00Z,2023-07-18T10:00:00+0200,74.02,EUR/MWh,NL,NL,day_ahead_price,value,2026-08-05T16:12:49Z
2023-07-18T09:00:00Z,2023-07-18T11:00:00+0200,70.0,EUR/MWh,NL,NL,day_ahead_price,value,2026-08-05T16:12:49Z
2023-07-18T10:00:00Z,2023-07-18T12:00:00+0200,75.0,EUR/MWh,NL,NL,day_ahead_price,value,2026-08-05T16:12:49Z
2023-07-18T11:00:00Z,2023-07-18T13:00:00+0200,69.12,EUR/MWh,NL,NL,day_ahead_price,value,2026-08-05T16:12:49Z
2023-07-18T12:00:00Z,2023-07-18T14:00:00+0200,67.3,EUR/MWh,NL,NL,day_ahead_price,value,2026-08-05T16:12:49Z
2023-07-18T13:00:00Z,2023-07-18T15:00:00+0200,70.0,EUR/MWh,NL,NL,day_ahead_price,value,2026-08-05T16:12:49Z
2023-07-18T14:00:00Z,2023-07-18T16:00:00+0200,74.4,EUR/MWh,NL,NL,day_ahead_price,value,2026-08-05T16:12:49Z
2023-07-18T15:00:00Z,2023-07-18T17:00:00+0200,94.03,EUR/MWh,NL,NL,day_ahead_price,value,2026-08-05T16:12:49Z
2023-07-18T16:00:00Z,2023-07-18T18:00:00+0200,122.67,EUR/MWh,NL,NL,day_ahead_price,value,2026-08-05T16:12:49Z
2023-07-18T17:00:00Z,2023-07-18T19:00:00+0200,168.26,EUR/MWh,NL,NL,day_ahead_price,value,2026-08-05T16:12:49Z
2023-07-18T18:00:00Z,2023-07-18T20:00:00+0200,188.0,EUR/MWh,NL,NL,day_ahead_price,value,2026-08-05T16:12:49Z
2023-07-18T19:00:00Z,2023-07-18T21:00:00+0200,164.21,EUR/MWh,NL,NL,day_ahead_price,value,2026-08-05T16:12:49Z
2023-07-18T20:00:00Z,2023-07-18T22:00:00+0200,139.26,EUR/MWh,NL,NL,day_ahead_price,value,2026-08-05T16:12:49Z
2023-07-18T21:00:00Z,2023-07-18T23:00:00+0200,112.1,EUR/MWh,NL,NL,day_ahead_price,value,2026-08-05T16:12:49Z
2023-07-18T22:00:00Z,2023-07-19T00:00:00+0200,108.11,EUR/MWh,NL,NL,day_ahead_price,value,2026-08-05T16:12:49Z
2023-07-18T23:00:00Z,2023-07-19T01:00:00+0200,101.04,EUR/MWh,NL,NL,day_ahead_price,value,2026-08-05T16:12:49Z
2023-07-19T00:00:00Z,2023-07-19T02:00:00+0200,97.25,EUR/MWh,NL,NL,day_ahead_price,value,2026-08-05T16:12:49Z
2023-07-19T01:00:00Z,2023-07-19T03:00:00+0200,95.05,EUR/MWh,NL,NL,day_ahead_price,value,2026-08-05T16:12:49Z
2023-07-19T02:00:00Z,2023-07-19T04:00:00+0200,93.58,EUR/MWh,NL,NL,day_ahead_price,value,2026-08-05T16:12:49Z
2023-07-19T03:00:00Z,2023-07-19T05:00:00+0200,94.9,EUR/MWh,NL,NL,day_ahead_price,value,2026-08-05T16:12:49Z
2023-07-19T04:00:00Z,2023-07-19T06:00:00+0200,97.24,EUR/MWh,NL,NL,day_ahead_price,value,2026-08-05T16:12:49Z
2023-07-19T05:00:00Z,2023-07-19T07:00:00+0200,116.99,EUR/MWh,NL,NL,day_ahead_price,value,2026-08-05T16:12:49Z
2023-07-19T06:00:00Z,2023-07-19T08:00:00+0200,116.88,EUR/MWh,NL,NL,day_ahead_price,value,2026-08-05T16:12:49Z
2023-07-19T07:00:00Z,2023-07-19T09:00:00+0200,99.9,EUR/MWh,NL,NL,day_ahead_price,value,2026-08-05T16:12:49Z
2023-07-19T08:00:00Z,2023-07-19T10:00:00+0200,88.48,EUR/MWh,NL,NL,day_ahead_price,value,2026-08-05T16:12:49Z
2023-07-19T09:00:00Z,2023-07-19T11:00:00+0200,81.29,EUR/MWh,NL,NL,day_ahead_price,value,2026-08-05T16:12:49Z
2023-07-19T10:00:00Z,2023-07-19T12:00:00+0200,77.22,EUR/MWh,NL,NL,day_ahead_price,value,2026-08-05T16:12:49Z
2023-07-19T11:00:00Z,2023-07-19T13:00:00+0200,69.28,EUR/MWh,NL,NL,day_ahead_price,value,2026-08-05T16:12:49Z
2023-07-19T12:00:00Z,2023-07-19T14:00:00+0200,63.33,EUR/MWh,NL,NL,day_ahead_price,value,2026-08-05T16:12:49Z
2023-07-19T13:00:00Z,2023-07-19T15:00:00+0200,62.65,EUR/MWh,NL,NL,day_ahead_price,value,2026-08-05T16:12:49Z
2023-07-19T14:00:00Z,2023-07-19T16:00:00+0200,72.23,EUR/MWh,NL,NL,day_ahead_price,value,2026-08-05T16:12:49Z
2023-07-19T15:00:00Z,2023-07-19T17:00:00+0200,76.54,EUR/MWh,NL,NL,day_ahead_price,value,2026-08-05T16:12:49Z
2023-07-19T16:00:00Z,2023-07-19T18:00:00+0200,94.9,EUR/MWh,NL,NL,day_ahead_price,value,2026-08-05T16:12:49Z
2023-07-19T17:00:00Z,2023-07-19T19:00:00+0200,111.81,EUR/MWh,NL,NL,day_ahead_price,value,2026-08-05T16:12:49Z
2023-07-19T18:00:00Z,2023-07-19T20:00:00+0200,125.63,EUR/MWh,NL,NL,day_ahead_price,value,2026-08-05T16:12:49Z
2023-07-19T19:00:00Z,2023-07-19T21:00:00+0200,122.7,EUR/MWh,NL,NL,day_ahead_price,value,2026-08-05T16:12:49Z
2023-07-19T20:00:00Z,2023-07-19T22:00:00+0200,114.39,EUR/MWh,NL,NL,day_ahead_price,value,2026-08-05T16:12:49Z
2023-07-19T21:00:00Z,2023-07-19T23:00:00+0200,101.1,EUR/MWh,NL,NL,day_ahead_price,value,2026-08-05T16:12:49Z
2023-07-19T22:00:00Z,2023-07-20T00:00:00+0200,98.26,EUR/MWh,NL,NL,day_ahead_price,value,2026-08-05T16:12:49Z
2023-07-19T23:00:00Z,2023-07-20T01:00:00+0200,94.45,EUR/MWh,NL,NL,day_ahead_price,value,2026-08-05T16:12:49Z
2023-07-20T00:00:00Z,2023-07-20T02:00:00+0200,82.9,EUR/MWh,NL,NL,day_ahead_price,value,2026-08-05T16:12:49Z
2023-07-20T01:00:00Z,2023-07-20T03:00:00+0200,80.39,EUR/MWh,NL,NL,day_ahead_price,value,2026-08-05T16:12:49Z
2023-07-20T02:00:00Z,2023-07-20T04:00:00+0200,82.0,EUR/MWh,NL,NL,day_ahead_price,value,2026-08-05T16:12:49Z
2023-07-20T03:00:00Z,2023-07-20T05:00:00+0200,83.88,EUR/MWh,NL,NL,day_ahead_price,value,2026-08-05T16:12:49Z
2023-07-20T04:00:00Z,2023-07-20T06:00:00+0200,95.83,EUR/MWh,NL,NL,day_ahead_price,value,2026-08-05T16:12:49Z
2023-07-20T05:00:00Z,2023-07-20T07:00:00+0200,106.45,EUR/MWh,NL,NL,day_ahead_price,value,2026-08-05T16:12:49Z
2023-07-20T06:00:00Z,2023-07-20T08:00:00+0200,111.45,EUR/MWh,NL,NL,day_ahead_price,value,2026-08-05T16:12:49Z
2023-07-20T07:00:00Z,2023-07-20T09:00:00+0200,98.87,EUR/MWh,NL,NL,day_ahead_price,value,2026-08-05T16:12:49Z
2023-07-20T08:00:00Z,2023-07-20T10:00:00+0200,86.3,EUR/MWh,NL,NL,day_ahead_price,value,2026-08-05T16:12:49Z
2023-07-20T09:00:00Z,2023-07-20T11:00:00+0200,75.66,EUR/MWh,NL,NL,day_ahead_price,value,2026-08-05T16:12:49Z
2023-07-20T10:00:00Z,2023-07-20T12:00:00+0200,68.8,EUR/MWh,NL,NL,day_ahead_price,value,2026-08-05T16:12:49Z
2023-07-20T11:00:00Z,2023-07-20T13:00:00+0200,59.12,EUR/MWh,NL,NL,day_ahead_price,value,2026-08-05T16:12:49Z
2023-07-20T12:00:00Z,2023-07-20T14:00:00+0200,64.12,EUR/MWh,NL,NL,day_ahead_price,value,2026-08-05T16:12:49Z
2023-07-20T13:00:00Z,2023-07-20T15:00:00+0200,74.13,EUR/MWh,NL,NL,day_ahead_price,value,2026-08-05T16:12:49Z
2023-07-20T14:00:00Z,2023-07-20T16:00:00+0200,74.9,EUR/MWh,NL,NL,day_ahead_price,value,2026-08-05T16:12:49Z
2023-07-20T15:00:00Z,2023-07-20T17:00:00+0200,85.49,EUR/MWh,NL,NL,day_ahead_price,value,2026-08-05T16:12:49Z
2023-07-20T16:00:00Z,2023-07-20T18:00:00+0200,101.97,EUR/MWh,NL,NL,day_ahead_price,value,2026-08-05T16:12:49Z
2023-07-20T17:00:00Z,2023-07-20T19:00:00+0200,126.58,EUR/MWh,NL,NL,day_ahead_price,value,2026-08-05T16:12:49Z
2023-07-20T18:00:00Z,2023-07-20T20:00:00+0200,144.15,EUR/MWh,NL,NL,day_ahead_price,value,2026-08-05T16:12:49Z
2023-07-20T19:00:00Z,2023-07-20T21:00:00+0200,137.19,EUR/MWh,NL,NL,day_ahead_price,value,2026-08-05T16:12:49Z
2023-07-20T20:00:00Z,2023-07-20T22:00:00+0200,122.0,EUR/MWh,NL,NL,day_ahead_price,value,2026-08-05T16:12:49Z
2023-07-20T21:00:00Z,2023-07-20T23:00:00+0200,109.66,EUR/MWh,NL,NL,day_ahead_price,value,2026-08-05T16:12:49Z
2023-07-20T22:00:00Z,2023-07-21T00:00:00+0200,99.9,EUR/MWh,NL,NL,day_ahead_price,value,2026-08-05T16:12:49Z
2023-07-20T23:00:00Z,2023-07-21T01:00:00+0200,95.0,EUR/MWh,NL,NL,day_ahead_price,value,2026-08-05T16:12:49Z
2023-07-21T00:00:00Z,2023-07-21T02:00:00+0200,94.2,EUR/MWh,NL,NL,day_ahead_price,value,2026-08-05T16:12:49Z
2023-07-21T01:00:00Z,2023-07-21T03:00:00+0200,91.46,EUR/MWh,NL,NL,day_ahead_price,value,2026-08-05T16:12:49Z
2023-07-21T02:00:00Z,2023-07-21T04:00:00+0200,92.6,EUR/MWh,NL,NL,day_ahead_price,value,2026-08-05T16:12:49Z
2023-07-21T03:00:00Z,2023-07-21T05:00:00+0200,97.05,EUR/MWh,NL,NL,day_ahead_price,value,2026-08-05T16:12:49Z
2023-07-21T04:00:00Z,2023-07-21T06:00:00+0200,88.29,EUR/MWh,NL,NL,day_ahead_price,value,2026-08-05T16:12:49Z
2023-07-21T05:00:00Z,2023-07-21T07:00:00+0200,95.0,EUR/MWh,NL,NL,day_ahead_price,value,2026-08-05T16:12:49Z
2023-07-21T06:00:00Z,2023-07-21T08:00:00+0200,110.79,EUR/MWh,NL,NL,day_ahead_price,value,2026-08-05T16:12:49Z
2023-07-21T07:00:00Z,2023-07-21T09:00:00+0200,103.09,EUR/MWh,NL,NL,day_ahead_price,value,2026-08-05T16:12:49Z
2023-07-21T08:00:00Z,2023-07-21T10:00:00+0200,88.0,EUR/MWh,NL,NL,day_ahead_price,value,2026-08-05T16:12:49Z
2023-07-21T09:00:00Z,2023-07-21T11:00:00+0200,89.55,EUR/MWh,NL,NL,day_ahead_price,value,2026-08-05T16:12:49Z
2023-07-21T10:00:00Z,2023-07-21T12:00:00+0200,80.72,EUR/MWh,NL,NL,day_ahead_price,value,2026-08-05T16:12:49Z
2023-07-21T11:00:00Z,2023-07-21T13:00:00+0200,77.72,EUR/MWh,NL,NL,day_ahead_price,value,2026-08-05T16:12:49Z
2023-07-21T12:00:00Z,2023-07-21T14:00:00+0200,74.6,EUR/MWh,NL,NL,day_ahead_price,value,2026-08-05T16:12:49Z
2023-07-21T13:00:00Z,2023-07-21T15:00:00+0200,73.68,EUR/MWh,NL,NL,day_ahead_price,value,2026-08-05T16:12:49Z
2023-07-21T14:00:00Z,2023-07-21T16:00:00+0200,73.0,EUR/MWh,NL,NL,day_ahead_price,value,2026-08-05T16:12:49Z
2023-07-21T15:00:00Z,2023-07-21T17:00:00+0200,87.4,EUR/MWh,NL,NL,day_ahead_price,value,2026-08-05T16:12:49Z
2023-07-21T16:00:00Z,2023-07-21T18:00:00+0200,84.0,EUR/MWh,NL,NL,day_ahead_price,value,2026-08-05T16:12:49Z
2023-07-21T17:00:00Z,2023-07-21T19:00:00+0200,121.51,EUR/MWh,NL,NL,day_ahead_price,value,2026-08-05T16:12:49Z
2023-07-21T18:00:00Z,2023-07-21T20:00:00+0200,130.0,EUR/MWh,NL,NL,day_ahead_price,value,2026-08-05T16:12:49Z
2023-07-21T19:00:00Z,2023-07-21T21:00:00+0200,121.7,EUR/MWh,NL,NL,day_ahead_price,value,2026-08-05T16:12:49Z
2023-07-21T20:00:00Z,2023-07-21T22:00:00+0200,108.49,EUR/MWh,NL,NL,day_ahead_price,value,2026-08-05T16:12:49Z
2023-07-21T21:00:00Z,2023-07-21T23:00:00+0200,95.64,EUR/MWh,NL,NL,day_ahead_price,value,2026-08-05T16:12:49Z
2023-07-21T22:00:00Z,2023-07-22T00:00:00+0200,97.53,EUR/MWh,NL,NL,day_ahead_price,value,2026-08-05T16:12:49Z
2023-07-21T23:00:00Z,2023-07-22T01:00:00+0200,98.42,EUR/MWh,NL,NL,day_ahead_price,value,2026-08-05T16:12:49Z
2023-07-22T00:00:00Z,2023-07-22T02:00:00+0200,93.0,EUR/MWh,NL,NL,day_ahead_price,value,2026-08-05T16:12:49Z
2023-07-22T01:00:00Z,2023-07-22T03:00:00+0200,94.36,EUR/MWh,NL,NL,day_ahead_price,value,2026-08-05T16:12:49Z
2023-07-22T02:00:00Z,2023-07-22T04:00:00+0200,89.93,EUR/MWh,NL,NL,day_ahead_price,value,2026-08-05T16:12:49Z
2023-07-22T03:00:00Z,2023-07-22T05:00:00+0200,88.0,EUR/MWh,NL,NL,day_ahead_price,value,2026-08-05T16:12:49Z
2023-07-22T04:00:00Z,2023-07-22T06:00:00+0200,88.8,EUR/MWh,NL,NL,day_ahead_price,value,2026-08-05T16:12:49Z
2023-07-22T05:00:00Z,2023-07-22T07:00:00+0200,86.18,EUR/MWh,NL,NL,day_ahead_price,value,2026-08-05T16:12:49Z
2023-07-22T06:00:00Z,2023-07-22T08:00:00+0200,82.93,EUR/MWh,NL,NL,day_ahead_price,value,2026-08-05T16:12:49Z
2023-07-22T07:00:00Z,2023-07-22T09:00:00+0200,90.7,EUR/MWh,NL,NL,day_ahead_price,value,2026-08-05T16:12:49Z
2023-07-22T08:00:00Z,2023-07-22T10:00:00+0200,74.59,EUR/MWh,NL,NL,day_ahead_price,value,2026-08-05T16:12:49Z
2023-07-22T09:00:00Z,2023-07-22T11:00:00+0200,46.56,EUR/MWh,NL,NL,day_ahead_price,value,2026-08-05T16:12:49Z
2023-07-22T10:00:00Z,2023-07-22T12:00:00+0200,44.14,EUR/MWh,NL,NL,day_ahead_price,value,2026-08-05T16:12:49Z
2023-07-22T11:00:00Z,2023-07-22T13:00:00+0200,22.34,EUR/MWh,NL,NL,day_ahead_price,value,2026-08-05T16:12:49Z
2023-07-22T12:00:00Z,2023-07-22T14:00:00+0200,19.52,EUR/MWh,NL,NL,day_ahead_price,value,2026-08-05T16:12:49Z
2023-07-22T13:00:00Z,2023-07-22T15:00:00+0200,29.05,EUR/MWh,NL,NL,day_ahead_price,value,2026-08-05T16:12:49Z
2023-07-22T14:00:00Z,2023-07-22T16:00:00+0200,46.86,EUR/MWh,NL,NL,day_ahead_price,value,2026-08-05T16:12:49Z
2023-07-22T15:00:00Z,2023-07-22T17:00:00+0200,70.87,EUR/MWh,NL,NL,day_ahead_price,value,2026-08-05T16:12:49Z
2023-07-22T16:00:00Z,2023-07-22T18:00:00+0200,85.44,EUR/MWh,NL,NL,day_ahead_price,value,2026-08-05T16:12:49Z
2023-07-22T17:00:00Z,2023-07-22T19:00:00+0200,99.78,EUR/MWh,NL,NL,day_ahead_price,value,2026-08-05T16:12:49Z
2023-07-22T18:00:00Z,2023-07-22T20:00:00+0200,103.86,EUR/MWh,NL,NL,day_ahead_price,value,2026-08-05T16:12:49Z
2023-07-22T19:00:00Z,2023-07-22T21:00:00+0200,116.15,EUR/MWh,NL,NL,day_ahead_price,value,2026-08-05T16:12:49Z
2023-07-22T20:00:00Z,2023-07-22T22:00:00+0200,102.62,EUR/MWh,NL,NL,day_ahead_price,value,2026-08-05T16:12:49Z
2023-07-22T21:00:00Z,2023-07-22T23:00:00+0200,97.31,EUR/MWh,NL,NL,day_ahead_price,value,2026-08-05T16:12:49Z
2023-07-22T22:00:00Z,2023-07-23T00:00:00+0200,87.23,EUR/MWh,NL,NL,day_ahead_price,value,2026-08-05T16:12:49Z
2023-07-22T23:00:00Z,2023-07-23T01:00:00+0200,79.37,EUR/MWh,NL,NL,day_ahead_price,value,2026-08-05T16:12:49Z
2023-07-23T00:00:00Z,2023-07-23T02:00:00+0200,65.41,EUR/MWh,NL,NL,day_ahead_price,value,2026-08-05T16:12:49Z
2023-07-23T01:00:00Z,2023-07-23T03:00:00+0200,33.22,EUR/MWh,NL,NL,day_ahead_price,value,2026-08-05T16:12:49Z
2023-07-23T02:00:00Z,2023-07-23T04:00:00+0200,15.09,EUR/MWh,NL,NL,day_ahead_price,value,2026-08-05T16:12:49Z
2023-07-23T03:00:00Z,2023-07-23T05:00:00+0200,11.09,EUR/MWh,NL,NL,day_ahead_price,value,2026-08-05T16:12:49Z
2023-07-23T04:00:00Z,2023-07-23T06:00:00+0200,5.08,EUR/MWh,NL,NL,day_ahead_price,value,2026-08-05T16:12:49Z
2023-07-23T05:00:00Z,2023-07-23T07:00:00+0200,2.88,EUR/MWh,NL,NL,day_ahead_price,value,2026-08-05T16:12:49Z
2023-07-23T06:00:00Z,2023-07-23T08:00:00+0200,3.42,EUR/MWh,NL,NL,day_ahead_price,value,2026-08-05T16:12:49Z
2023-07-23T07:00:00Z,2023-07-23T09:00:00+0200,0.09,EUR/MWh,NL,NL,day_ahead_price,value,2026-08-05T16:12:49Z
2023-07-23T08:00:00Z,2023-07-23T10:00:00+0200,0.0,EUR/MWh,NL,NL,day_ahead_price,value,2026-08-05T16:12:49Z
2023-07-23T09:00:00Z,2023-07-23T11:00:00+0200,-0.03,EUR/MWh,NL,NL,day_ahead_price,value,2026-08-05T16:12:49Z
2023-07-23T10:00:00Z,2023-07-23T12:00:00+0200,-0.05,EUR/MWh,NL,NL,day_ahead_price,value,2026-08-05T16:12:49Z
2023-07-23T11:00:00Z,2023-07-23T13:00:00+0200,-10.08,EUR/MWh,NL,NL,day_ahead_price,value,2026-08-05T16:12:49Z
2023-07-23T12:00:00Z,2023-07-23T14:00:00+0200,-17.01,EUR/MWh,NL,NL,day_ahead_price,value,2026-08-05T16:12:49Z
2023-07-23T13:00:00Z,2023-07-23T15:00:00+0200,-9.61,EUR/MWh,NL,NL,day_ahead_price,value,2026-08-05T16:12:49Z
2023-07-23T14:00:00Z,2023-07-23T16:00:00+0200,-4.19,EUR/MWh,NL,NL,day_ahead_price,value,2026-08-05T16:12:49Z
2023-07-23T15:00:00Z,2023-07-23T17:00:00+0200,0.0,EUR/MWh,NL,NL,day_ahead_price,value,2026-08-05T16:12:49Z
2023-07-23T16:00:00Z,2023-07-23T18:00:00+0200,27.47,EUR/MWh,NL,NL,day_ahead_price,value,2026-08-05T16:12:49Z
2023-07-23T17:00:00Z,2023-07-23T19:00:00+0200,66.37,EUR/MWh,NL,NL,day_ahead_price,value,2026-08-05T16:12:49Z
2023-07-23T18:00:00Z,2023-07-23T20:00:00+0200,87.66,EUR/MWh,NL,NL,day_ahead_price,value,2026-08-05T16:12:49Z
2023-07-23T19:00:00Z,2023-07-23T21:00:00+0200,93.67,EUR/MWh,NL,NL,day_ahead_price,value,2026-08-05T16:12:49Z
2023-07-23T20:00:00Z,2023-07-23T22:00:00+0200,100.04,EUR/MWh,NL,NL,day_ahead_price,value,2026-08-05T16:12:49Z
2023-07-23T21:00:00Z,2023-07-23T23:00:00+0200,93.4,EUR/MWh,NL,NL,day_ahead_price,value,2026-08-05T16:12:49Z
2023-07-23T22:00:00Z,2023-07-24T00:00:00+0200,77.14,EUR/MWh,NL,NL,day_ahead_price,value,2026-08-05T16:12:49Z
2023-07-23T23:00:00Z,2023-07-24T01:00:00+0200,70.02,EUR/MWh,NL,NL,day_ahead_price,value,2026-08-05T16:12:49Z
2023-07-24T00:00:00Z,2023-07-24T02:00:00+0200,68.99,EUR/MWh,NL,NL,day_ahead_price,value,2026-08-05T16:12:49Z
2023-07-24T01:00:00Z,2023-07-24T03:00:00+0200,72.01,EUR/MWh,NL,NL,day_ahead_price,value,2026-08-05T16:12:49Z
2023-07-24T02:00:00Z,2023-07-24T04:00:00+0200,72.09,EUR/MWh,NL,NL,day_ahead_price,value,2026-08-05T16:12:49Z
2023-07-24T03:00:00Z,2023-07-24T05:00:00+0200,87.11,EUR/MWh,NL,NL,day_ahead_price,value,2026-08-05T16:12:49Z
2023-07-24T04:00:00Z,2023-07-24T06:00:00+0200,99.72,EUR/MWh,NL,NL,day_ahead_price,value,2026-08-05T16:12:49Z
2023-07-24T05:00:00Z,2023-07-24T07:00:00+0200,111.15,EUR/MWh,NL,NL,day_ahead_price,value,2026-08-05T16:12:49Z
2023-07-24T06:00:00Z,2023-07-24T08:00:00+0200,113.7,EUR/MWh,NL,NL,day_ahead_price,value,2026-08-05T16:12:49Z
2023-07-24T07:00:00Z,2023-07-24T09:00:00+0200,105.0,EUR/MWh,NL,NL,day_ahead_price,value,2026-08-05T16:12:49Z
2023-07-24T08:00:00Z,2023-07-24T10:00:00+0200,99.94,EUR/MWh,NL,NL,day_ahead_price,value,2026-08-05T16:12:49Z
2023-07-24T09:00:00Z,2023-07-24T11:00:00+0200,94.62,EUR/MWh,NL,NL,day_ahead_price,value,2026-08-05T16:12:49Z
2023-07-24T10:00:00Z,2023-07-24T12:00:00+0200,87.45,EUR/MWh,NL,NL,day_ahead_price,value,2026-08-05T16:12:49Z
2023-07-24T11:00:00Z,2023-07-24T13:00:00+0200,81.59,EUR/MWh,NL,NL,day_ahead_price,value,2026-08-05T16:12:49Z
2023-07-24T12:00:00Z,2023-07-24T14:00:00+0200,74.89,EUR/MWh,NL,NL,day_ahead_price,value,2026-08-05T16:12:49Z
2023-07-24T13:00:00Z,2023-07-24T15:00:00+0200,63.4,EUR/MWh,NL,NL,day_ahead_price,value,2026-08-05T16:12:49Z
2023-07-24T14:00:00Z,2023-07-24T16:00:00+0200,63.73,EUR/MWh,NL,NL,day_ahead_price,value,2026-08-05T16:12:49Z
2023-07-24T15:00:00Z,2023-07-24T17:00:00+0200,77.48,EUR/MWh,NL,NL,day_ahead_price,value,2026-08-05T16:12:49Z
2023-07-24T16:00:00Z,2023-07-24T18:00:00+0200,95.24,EUR/MWh,NL,NL,day_ahead_price,value,2026-08-05T16:12:49Z
2023-07-24T17:00:00Z,2023-07-24T19:00:00+0200,104.97,EUR/MWh,NL,NL,day_ahead_price,value,2026-08-05T16:12:49Z
2023-07-24T18:00:00Z,2023-07-24T20:00:00+0200,109.9,EUR/MWh,NL,NL,day_ahead_price,value,2026-08-05T16:12:49Z
2023-07-24T19:00:00Z,2023-07-24T21:00:00+0200,112.57,EUR/MWh,NL,NL,day_ahead_price,value,2026-08-05T16:12:49Z
2023-07-24T20:00:00Z,2023-07-24T22:00:00+0200,104.24,EUR/MWh,NL,NL,day_ahead_price,value,2026-08-05T16:12:49Z
2023-07-24T21:00:00Z,2023-07-24T23:00:00+0200,102.45,EUR/MWh,NL,NL,day_ahead_price,value,2026-08-05T16:12:49Z
2023-07-24T22:00:00Z,2023-07-25T00:00:00+0200,96.0,EUR/MWh,NL,NL,day_ahead_price,value,2026-08-05T16:12:49Z
2023-07-24T23:00:00Z,2023-07-25T01:00:00+0200,86.55,EUR/MWh,NL,NL,day_ahead_price,value,2026-08-05T16:12:49Z
2023-07-25T00:00:00Z,2023-07-25T02:00:00+0200,84.95,EUR/MWh,NL,NL,day_ahead_price,value,2026-08-05T16:12:49Z
2023-07-25T01:00:00Z,2023-07-25T03:00:00+0200,84.69,EUR/MWh,NL,NL,day_ahead_price,value,2026-08-05T16:12:49Z
2023-07-25T02:00:00Z,2023-07-25T04:00:00+0200,84.15,EUR/MWh,NL,NL,day_ahead_price,value,2026-08-05T16:12:49Z
2023-07-25T03:00:00Z,2023-07-25T05:00:00+0200,94.21,EUR/MWh,NL,NL,day_ahead_price,value,2026-08-05T16:12:49Z
2023-07-25T04:00:00Z,2023-07-25T06:00:00+0200,89.0,EUR/MWh,NL,NL,day_ahead_price,value,2026-08-05T16:12:49Z
2023-07-25T05:00:00Z,2023-07-25T07:00:00+0200,94.0,EUR/MWh,NL,NL,day_ahead_price,value,2026-08-05T16:12:49Z
2023-07-25T06:00:00Z,2023-07-25T08:00:00+0200,100.3,EUR/MWh,NL,NL,day_ahead_price,value,2026-08-05T16:12:49Z
2023-07-25T07:00:00Z,2023-07-25T09:00:00+0200,94.9,EUR/MWh,NL,NL,day_ahead_price,value,2026-08-05T16:12:49Z
2023-07-25T08:00:00Z,2023-07-25T10:00:00+0200,81.24,EUR/MWh,NL,NL,day_ahead_price,value,2026-08-05T16:12:49Z
2023-07-25T09:00:00Z,2023-07-25T11:00:00+0200,72.0,EUR/MWh,NL,NL,day_ahead_price,value,2026-08-05T16:12:49Z
2023-07-25T10:00:00Z,2023-07-25T12:00:00+0200,39.95,EUR/MWh,NL,NL,day_ahead_price,value,2026-08-05T16:12:49Z
2023-07-25T11:00:00Z,2023-07-25T13:00:00+0200,26.5,EUR/MWh,NL,NL,day_ahead_price,value,2026-08-05T16:12:49Z
2023-07-25T12:00:00Z,2023-07-25T14:00:00+0200,25.79,EUR/MWh,NL,NL,day_ahead_price,value,2026-08-05T16:12:49Z
2023-07-25T13:00:00Z,2023-07-25T15:00:00+0200,41.0,EUR/MWh,NL,NL,day_ahead_price,value,2026-08-05T16:12:49Z
2023-07-25T14:00:00Z,2023-07-25T16:00:00+0200,74.81,EUR/MWh,NL,NL,day_ahead_price,value,2026-08-05T16:12:49Z
2023-07-25T15:00:00Z,2023-07-25T17:00:00+0200,84.0,EUR/MWh,NL,NL,day_ahead_price,value,2026-08-05T16:12:49Z
2023-07-25T16:00:00Z,2023-07-25T18:00:00+0200,88.9,EUR/MWh,NL,NL,day_ahead_price,value,2026-08-05T16:12:49Z
2023-07-25T17:00:00Z,2023-07-25T19:00:00+0200,105.1,EUR/MWh,NL,NL,day_ahead_price,value,2026-08-05T16:12:49Z
2023-07-25T18:00:00Z,2023-07-25T20:00:00+0200,119.28,EUR/MWh,NL,NL,day_ahead_price,value,2026-08-05T16:12:49Z
2023-07-25T19:00:00Z,2023-07-25T21:00:00+0200,118.13,EUR/MWh,NL,NL,day_ahead_price,value,2026-08-05T16:12:49Z
2023-07-25T20:00:00Z,2023-07-25T22:00:00+0200,110.1,EUR/MWh,NL,NL,day_ahead_price,value,2026-08-05T16:12:49Z
2023-07-25T21:00:00Z,2023-07-25T23:00:00+0200,98.5,EUR/MWh,NL,NL,day_ahead_price,value,2026-08-05T16:12:49Z
2023-07-25T22:00:00Z,2023-07-26T00:00:00+0200,97.96,EUR/MWh,NL,NL,day_ahead_price,value,2026-08-05T16:12:49Z
2023-07-25T23:00:00Z,2023-07-26T01:00:00+0200,89.31,EUR/MWh,NL,NL,day_ahead_price,value,2026-08-05T16:12:49Z
2023-07-26T00:00:00Z,2023-07-26T02:00:00+0200,86.26,EUR/MWh,NL,NL,day_ahead_price,value,2026-08-05T16:12:49Z
2023-07-26T01:00:00Z,2023-07-26T03:00:00+0200,79.65,EUR/MWh,NL,NL,day_ahead_price,value,2026-08-05T16:12:49Z
2023-07-26T02:00:00Z,2023-07-26T04:00:00+0200,79.64,EUR/MWh,NL,NL,day_ahead_price,value,2026-08-05T16:12:49Z
2023-07-26T03:00:00Z,2023-07-26T05:00:00+0200,86.83,EUR/MWh,NL,NL,day_ahead_price,value,2026-08-05T16:12:49Z
2023-07-26T04:00:00Z,2023-07-26T06:00:00+0200,100.14,EUR/MWh,NL,NL,day_ahead_price,value,2026-08-05T16:12:49Z
2023-07-26T05:00:00Z,2023-07-26T07:00:00+0200,114.22,EUR/MWh,NL,NL,day_ahead_price,value,2026-08-05T16:12:49Z
2023-07-26T06:00:00Z,2023-07-26T08:00:00+0200,119.94,EUR/MWh,NL,NL,day_ahead_price,value,2026-08-05T16:12:49Z
2023-07-26T07:00:00Z,2023-07-26T09:00:00+0200,105.6,EUR/MWh,NL,NL,day_ahead_price,value,2026-08-05T16:12:49Z
2023-07-26T08:00:00Z,2023-07-26T10:00:00+0200,97.48,EUR/MWh,NL,NL,day_ahead_price,value,2026-08-05T16:12:49Z
2023-07-26T09:00:00Z,2023-07-26T11:00:00+0200,90.97,EUR/MWh,NL,NL,day_ahead_price,value,2026-08-05T16:12:49Z
2023-07-26T10:00:00Z,2023-07-26T12:00:00+0200,84.59,EUR/MWh,NL,NL,day_ahead_price,value,2026-08-05T16:12:49Z
2023-07-26T11:00:00Z,2023-07-26T13:00:00+0200,72.0,EUR/MWh,NL,NL,day_ahead_price,value,2026-08-05T16:12:49Z
2023-07-26T12:00:00Z,2023-07-26T14:00:00+0200,65.16,EUR/MWh,NL,NL,day_ahead_price,value,2026-08-05T16:12:49Z
2023-07-26T13:00:00Z,2023-07-26T15:00:00+0200,56.4,EUR/MWh,NL,NL,day_ahead_price,value,2026-08-05T16:12:49Z
2023-07-26T14:00:00Z,2023-07-26T16:00:00+0200,80.0,EUR/MWh,NL,NL,day_ahead_price,value,2026-08-05T16:12:49Z
2023-07-26T15:00:00Z,2023-07-26T17:00:00+0200,89.19,EUR/MWh,NL,NL,day_ahead_price,value,2026-08-05T16:12:49Z
2023-07-26T16:00:00Z,2023-07-26T18:00:00+0200,95.13,EUR/MWh,NL,NL,day_ahead_price,value,2026-08-05T16:12:49Z
2023-07-26T17:00:00Z,2023-07-26T19:00:00+0200,114.94,EUR/MWh,NL,NL,day_ahead_price,value,2026-08-05T16:12:49Z
2023-07-26T18:00:00Z,2023-07-26T20:00:00+0200,120.86,EUR/MWh,NL,NL,day_ahead_price,value,2026-08-05T16:12:49Z
2023-07-26T19:00:00Z,2023-07-26T21:00:00+0200,117.81,EUR/MWh,NL,NL,day_ahead_price,value,2026-08-05T16:12:49Z
2023-07-26T20:00:00Z,2023-07-26T22:00:00+0200,110.62,EUR/MWh,NL,NL,day_ahead_price,value,2026-08-05T16:12:49Z
2023-07-26T21:00:00Z,2023-07-26T23:00:00+0200,97.0,EUR/MWh,NL,NL,day_ahead_price,value,2026-08-05T16:12:49Z
2023-07-26T22:00:00Z,2023-07-27T00:00:00+0200,98.36,EUR/MWh,NL,NL,day_ahead_price,value,2026-08-05T16:12:49Z
2023-07-26T23:00:00Z,2023-07-27T01:00:00+0200,82.69,EUR/MWh,NL,NL,day_ahead_price,value,2026-08-05T16:12:49Z
2023-07-27T00:00:00Z,2023-07-27T02:00:00+0200,76.0,EUR/MWh,NL,NL,day_ahead_price,value,2026-08-05T16:12:49Z
2023-07-27T01:00:00Z,2023-07-27T03:00:00+0200,71.06,EUR/MWh,NL,NL,day_ahead_price,value,2026-08-05T16:12:49Z
2023-07-27T02:00:00Z,2023-07-27T04:00:00+0200,70.58,EUR/MWh,NL,NL,day_ahead_price,value,2026-08-05T16:12:49Z
2023-07-27T03:00:00Z,2023-07-27T05:00:00+0200,78.6,EUR/MWh,NL,NL,day_ahead_price,value,2026-08-05T16:12:49Z
2023-07-27T04:00:00Z,2023-07-27T06:00:00+0200,83.34,EUR/MWh,NL,NL,day_ahead_price,value,2026-08-05T16:12:49Z
2023-07-27T05:00:00Z,2023-07-27T07:00:00+0200,98.5,EUR/MWh,NL,NL,day_ahead_price,value,2026-08-05T16:12:49Z
2023-07-27T06:00:00Z,2023-07-27T08:00:00+0200,104.3,EUR/MWh,NL,NL,day_ahead_price,value,2026-08-05T16:12:49Z
2023-07-27T07:00:00Z,2023-07-27T09:00:00+0200,99.12,EUR/MWh,NL,NL,day_ahead_price,value,2026-08-05T16:12:49Z
2023-07-27T08:00:00Z,2023-07-27T10:00:00+0200,96.8,EUR/MWh,NL,NL,day_ahead_price,value,2026-08-05T16:12:49Z
2023-07-27T09:00:00Z,2023-07-27T11:00:00+0200,90.57,EUR/MWh,NL,NL,day_ahead_price,value,2026-08-05T16:12:49Z
2023-07-27T10:00:00Z,2023-07-27T12:00:00+0200,86.45,EUR/MWh,NL,NL,day_ahead_price,value,2026-08-05T16:12:49Z
2023-07-27T11:00:00Z,2023-07-27T13:00:00+0200,80.01,EUR/MWh,NL,NL,day_ahead_price,value,2026-08-05T16:12:49Z
2023-07-27T12:00:00Z,2023-07-27T14:00:00+0200,78.33,EUR/MWh,NL,NL,day_ahead_price,value,2026-08-05T16:12:49Z
2023-07-27T13:00:00Z,2023-07-27T15:00:00+0200,80.72,EUR/MWh,NL,NL,day_ahead_price,value,2026-08-05T16:12:49Z
2023-07-27T14:00:00Z,2023-07-27T16:00:00+0200,91.48,EUR/MWh,NL,NL,day_ahead_price,value,2026-08-05T16:12:49Z
2023-07-27T15:00:00Z,2023-07-27T17:00:00+0200,105.0,EUR/MWh,NL,NL,day_ahead_price,value,2026-08-05T16:12:49Z
2023-07-27T16:00:00Z,2023-07-27T18:00:00+0200,112.83,EUR/MWh,NL,NL,day_ahead_price,value,2026-08-05T16:12:49Z
2023-07-27T17:00:00Z,2023-07-27T19:00:00+0200,114.33,EUR/MWh,NL,NL,day_ahead_price,value,2026-08-05T16:12:49Z
2023-07-27T18:00:00Z,2023-07-27T20:00:00+0200,109.66,EUR/MWh,NL,NL,day_ahead_price,value,2026-08-05T16:12:49Z
2023-07-27T19:00:00Z,2023-07-27T21:00:00+0200,107.96,EUR/MWh,NL,NL,day_ahead_price,value,2026-08-05T16:12:49Z
2023-07-27T20:00:00Z,2023-07-27T22:00:00+0200,106.64,EUR/MWh,NL,NL,day_ahead_price,value,2026-08-05T16:12:49Z
2023-07-27T21:00:00Z,2023-07-27T23:00:00+0200,99.13,EUR/MWh,NL,NL,day_ahead_price,value,2026-08-05T16:12:49Z
2023-07-27T22:00:00Z,2023-07-28T00:00:00+0200,88.63,EUR/MWh,NL,NL,day_ahead_price,value,2026-08-05T16:12:49Z
2023-07-27T23:00:00Z,2023-07-28T01:00:00+0200,79.59,EUR/MWh,NL,NL,day_ahead_price,value,2026-08-05T16:12:49Z
2023-07-28T00:00:00Z,2023-07-28T02:00:00+0200,78.13,EUR/MWh,NL,NL,day_ahead_price,value,2026-08-05T16:12:49Z
2023-07-28T01:00:00Z,2023-07-28T03:00:00+0200,79.2,EUR/MWh,NL,NL,day_ahead_price,value,2026-08-05T16:12:49Z
2023-07-28T02:00:00Z,2023-07-28T04:00:00+0200,80.02,EUR/MWh,NL,NL,day_ahead_price,value,2026-08-05T16:12:49Z
2023-07-28T03:00:00Z,2023-07-28T05:00:00+0200,89.53,EUR/MWh,NL,NL,day_ahead_price,value,2026-08-05T16:12:49Z
2023-07-28T04:00:00Z,2023-07-28T06:00:00+0200,99.64,EUR/MWh,NL,NL,day_ahead_price,value,2026-08-05T16:12:49Z
2023-07-28T05:00:00Z,2023-07-28T07:00:00+0200,111.11,EUR/MWh,NL,NL,day_ahead_price,value,2026-08-05T16:12:49Z
2023-07-28T06:00:00Z,2023-07-28T08:00:00+0200,112.99,EUR/MWh,NL,NL,day_ahead_price,value,2026-08-05T16:12:49Z
2023-07-28T07:00:00Z,2023-07-28T09:00:00+0200,107.87,EUR/MWh,NL,NL,day_ahead_price,value,2026-08-05T16:12:49Z
2023-07-28T08:00:00Z,2023-07-28T10:00:00+0200,99.54,EUR/MWh,NL,NL,day_ahead_price,value,2026-08-05T16:12:49Z
2023-07-28T09:00:00Z,2023-07-28T11:00:00+0200,93.0,EUR/MWh,NL,NL,day_ahead_price,value,2026-08-05T16:12:49Z
2023-07-28T10:00:00Z,2023-07-28T12:00:00+0200,83.35,EUR/MWh,NL,NL,day_ahead_price,value,2026-08-05T16:12:49Z
2023-07-28T11:00:00Z,2023-07-28T13:00:00+0200,80.0,EUR/MWh,NL,NL,day_ahead_price,value,2026-08-05T16:12:49Z
2023-07-28T12:00:00Z,2023-07-28T14:00:00+0200,75.65,EUR/MWh,NL,NL,day_ahead_price,value,2026-08-05T16:12:49Z
2023-07-28T13:00:00Z,2023-07-28T15:00:00+0200,76.1,EUR/MWh,NL,NL,day_ahead_price,value,2026-08-05T16:12:49Z
2023-07-28T14:00:00Z,2023-07-28T16:00:00+0200,80.0,EUR/MWh,NL,NL,day_ahead_price,value,2026-08-05T16:12:49Z
2023-07-28T15:00:00Z,2023-07-28T17:00:00+0200,92.84,EUR/MWh,NL,NL,day_ahead_price,value,2026-08-05T16:12:49Z
2023-07-28T16:00:00Z,2023-07-28T18:00:00+0200,101.57,EUR/MWh,NL,NL,day_ahead_price,value,2026-08-05T16:12:49Z
2023-07-28T17:00:00Z,2023-07-28T19:00:00+0200,111.73,EUR/MWh,NL,NL,day_ahead_price,value,2026-08-05T16:12:49Z
2023-07-28T18:00:00Z,2023-07-28T20:00:00+0200,112.66,EUR/MWh,NL,NL,day_ahead_price,value,2026-08-05T16:12:49Z
2023-07-28T19:00:00Z,2023-07-28T21:00:00+0200,120.67,EUR/MWh,NL,NL,day_ahead_price,value,2026-08-05T16:12:49Z
2023-07-28T20:00:00Z,2023-07-28T22:00:00+0200,112.2,EUR/MWh,NL,NL,day_ahead_price,value,2026-08-05T16:12:49Z
2023-07-28T21:00:00Z,2023-07-28T23:00:00+0200,101.64,EUR/MWh,NL,NL,day_ahead_price,value,2026-08-05T16:12:49Z
2023-07-28T22:00:00Z,2023-07-29T00:00:00+0200,103.09,EUR/MWh,NL,NL,day_ahead_price,value,2026-08-05T16:12:49Z
2023-07-28T23:00:00Z,2023-07-29T01:00:00+0200,94.2,EUR/MWh,NL,NL,day_ahead_price,value,2026-08-05T16:12:49Z
2023-07-29T00:00:00Z,2023-07-29T02:00:00+0200,91.17,EUR/MWh,NL,NL,day_ahead_price,value,2026-08-05T16:12:49Z
2023-07-29T01:00:00Z,2023-07-29T03:00:00+0200,85.66,EUR/MWh,NL,NL,day_ahead_price,value,2026-08-05T16:12:49Z
2023-07-29T02:00:00Z,2023-07-29T04:00:00+0200,88.97,EUR/MWh,NL,NL,day_ahead_price,value,2026-08-05T16:12:49Z
2023-07-29T03:00:00Z,2023-07-29T05:00:00+0200,87.03,EUR/MWh,NL,NL,day_ahead_price,value,2026-08-05T16:12:49Z
2023-07-29T04:00:00Z,2023-07-29T06:00:00+0200,85.7,EUR/MWh,NL,NL,day_ahead_price,value,2026-08-05T16:12:49Z
2023-07-29T05:00:00Z,2023-07-29T07:00:00+0200,87.91,EUR/MWh,NL,NL,day_ahead_price,value,2026-08-05T16:12:49Z
2023-07-29T06:00:00Z,2023-07-29T08:00:00+0200,85.79,EUR/MWh,NL,NL,day_ahead_price,value,2026-08-05T16:12:49Z
2023-07-29T07:00:00Z,2023-07-29T09:00:00+0200,81.71,EUR/MWh,NL,NL,day_ahead_price,value,2026-08-05T16:12:49Z
2023-07-29T08:00:00Z,2023-07-29T10:00:00+0200,75.5,EUR/MWh,NL,NL,day_ahead_price,value,2026-08-05T16:12:49Z
2023-07-29T09:00:00Z,2023-07-29T11:00:00+0200,63.75,EUR/MWh,NL,NL,day_ahead_price,value,2026-08-05T16:12:49Z
2023-07-29T10:00:00Z,2023-07-29T12:00:00+0200,58.24,EUR/MWh,NL,NL,day_ahead_price,value,2026-08-05T16:12:49Z
2023-07-29T11:00:00Z,2023-07-29T13:00:00+0200,40.09,EUR/MWh,NL,NL,day_ahead_price,value,2026-08-05T16:12:49Z
2023-07-29T12:00:00Z,2023-07-29T14:00:00+0200,15.05,EUR/MWh,NL,NL,day_ahead_price,value,2026-08-05T16:12:49Z
2023-07-29T13:00:00Z,2023-07-29T15:00:00+0200,19.36,EUR/MWh,NL,NL,day_ahead_price,value,2026-08-05T16:12:49Z
2023-07-29T14:00:00Z,2023-07-29T16:00:00+0200,9.99,EUR/MWh,NL,NL,day_ahead_price,value,2026-08-05T16:12:49Z
2023-07-29T15:00:00Z,2023-07-29T17:00:00+0200,50.06,EUR/MWh,NL,NL,day_ahead_price,value,2026-08-05T16:12:49Z
2023-07-29T16:00:00Z,2023-07-29T18:00:00+0200,72.6,EUR/MWh,NL,NL,day_ahead_price,value,2026-08-05T16:12:49Z
2023-07-29T17:00:00Z,2023-07-29T19:00:00+0200,91.46,EUR/MWh,NL,NL,day_ahead_price,value,2026-08-05T16:12:49Z
2023-07-29T18:00:00Z,2023-07-29T20:00:00+0200,99.85,EUR/MWh,NL,NL,day_ahead_price,value,2026-08-05T16:12:49Z
2023-07-29T19:00:00Z,2023-07-29T21:00:00+0200,100.82,EUR/MWh,NL,NL,day_ahead_price,value,2026-08-05T16:12:49Z
2023-07-29T20:00:00Z,2023-07-29T22:00:00+0200,100.36,EUR/MWh,NL,NL,day_ahead_price,value,2026-08-05T16:12:49Z
2023-07-29T21:00:00Z,2023-07-29T23:00:00+0200,92.18,EUR/MWh,NL,NL,day_ahead_price,value,2026-08-05T16:12:49Z
2023-07-29T22:00:00Z,2023-07-30T00:00:00+0200,84.5,EUR/MWh,NL,NL,day_ahead_price,value,2026-08-05T16:12:49Z
2023-07-29T23:00:00Z,2023-07-30T01:00:00+0200,74.9,EUR/MWh,NL,NL,day_ahead_price,value,2026-08-05T16:12:49Z
2023-07-30T00:00:00Z,2023-07-30T02:00:00+0200,67.81,EUR/MWh,NL,NL,day_ahead_price,value,2026-08-05T16:12:49Z
2023-07-30T01:00:00Z,2023-07-30T03:00:00+0200,57.79,EUR/MWh,NL,NL,day_ahead_price,value,2026-08-05T16:12:49Z
2023-07-30T02:00:00Z,2023-07-30T04:00:00+0200,51.6,EUR/MWh,NL,NL,day_ahead_price,value,2026-08-05T16:12:49Z
2023-07-30T03:00:00Z,2023-07-30T05:00:00+0200,51.7,EUR/MWh,NL,NL,day_ahead_price,value,2026-08-05T16:12:49Z
2023-07-30T04:00:00Z,2023-07-30T06:00:00+0200,47.34,EUR/MWh,NL,NL,day_ahead_price,value,2026-08-05T16:12:49Z
2023-07-30T05:00:00Z,2023-07-30T07:00:00+0200,37.0,EUR/MWh,NL,NL,day_ahead_price,value,2026-08-05T16:12:49Z
2023-07-30T06:00:00Z,2023-07-30T08:00:00+0200,29.82,EUR/MWh,NL,NL,day_ahead_price,value,2026-08-05T16:12:49Z
2023-07-30T07:00:00Z,2023-07-30T09:00:00+0200,8.48,EUR/MWh,NL,NL,day_ahead_price,value,2026-08-05T16:12:49Z
2023-07-30T08:00:00Z,2023-07-30T10:00:00+0200,-0.01,EUR/MWh,NL,NL,day_ahead_price,value,2026-08-05T16:12:49Z
2023-07-30T09:00:00Z,2023-07-30T11:00:00+0200,-16.02,EUR/MWh,NL,NL,day_ahead_price,value,2026-08-05T16:12:49Z
2023-07-30T10:00:00Z,2023-07-30T12:00:00+0200,-22.33,EUR/MWh,NL,NL,day_ahead_price,value,2026-08-05T16:12:49Z
2023-07-30T11:00:00Z,2023-07-30T13:00:00+0200,-68.41,EUR/MWh,NL,NL,day_ahead_price,value,2026-08-05T16:12:49Z
2023-07-30T12:00:00Z,2023-07-30T14:00:00+0200,-88.03,EUR/MWh,NL,NL,day_ahead_price,value,2026-08-05T16:12:49Z
2023-07-30T13:00:00Z,2023-07-30T15:00:00+0200,-61.06,EUR/MWh,NL,NL,day_ahead_price,value,2026-08-05T16:12:49Z
2023-07-30T14:00:00Z,2023-07-30T16:00:00+0200,-30.32,EUR/MWh,NL,NL,day_ahead_price,value,2026-08-05T16:12:49Z
2023-07-30T15:00:00Z,2023-07-30T17:00:00+0200,-11.12,EUR/MWh,NL,NL,day_ahead_price,value,2026-08-05T16:12:49Z
2023-07-30T16:00:00Z,2023-07-30T18:00:00+0200,4.02,EUR/MWh,NL,NL,day_ahead_price,value,2026-08-05T16:12:49Z
2023-07-30T17:00:00Z,2023-07-30T19:00:00+0200,74.37,EUR/MWh,NL,NL,day_ahead_price,value,2026-08-05T16:12:49Z
2023-07-30T18:00:00Z,2023-07-30T20:00:00+0200,84.47,EUR/MWh,NL,NL,day_ahead_price,value,2026-08-05T16:12:49Z
2023-07-30T19:00:00Z,2023-07-30T21:00:00+0200,86.83,EUR/MWh,NL,NL,day_ahead_price,value,2026-08-05T16:12:49Z
2023-07-30T20:00:00Z,2023-07-30T22:00:00+0200,86.19,EUR/MWh,NL,NL,day_ahead_price,value,2026-08-05T16:12:49Z
2023-07-30T21:00:00Z,2023-07-30T23:00:00+0200,70.05,EUR/MWh,NL,NL,day_ahead_price,value,2026-08-05T16:12:49Z
2023-07-30T22:00:00Z,2023-07-31T00:00:00+0200,61.03,EUR/MWh,NL,NL,day_ahead_price,value,2026-08-05T16:12:49Z
2023-07-30T23:00:00Z,2023-07-31T01:00:00+0200,50.51,EUR/MWh,NL,NL,day_ahead_price,value,2026-08-05T16:12:49Z
2023-07-31T00:00:00Z,2023-07-31T02:00:00+0200,44.09,EUR/MWh,NL,NL,day_ahead_price,value,2026-08-05T16:12:49Z
2023-07-31T01:00:00Z,2023-07-31T03:00:00+0200,30.3,EUR/MWh,NL,NL,day_ahead_price,value,2026-08-05T16:12:49Z
2023-07-31T02:00:00Z,2023-07-31T04:00:00+0200,28.91,EUR/MWh,NL,NL,day_ahead_price,value,2026-08-05T16:12:49Z
2023-07-31T03:00:00Z,2023-07-31T05:00:00+0200,50.31,EUR/MWh,NL,NL,day_ahead_price,value,2026-08-05T16:12:49Z
2023-07-31T04:00:00Z,2023-07-31T06:00:00+0200,77.21,EUR/MWh,NL,NL,day_ahead_price,value,2026-08-05T16:12:49Z
2023-07-31T05:00:00Z,2023-07-31T07:00:00+0200,86.13,EUR/MWh,NL,NL,day_ahead_price,value,2026-08-05T16:12:49Z
2023-07-31T06:00:00Z,2023-07-31T08:00:00+0200,88.13,EUR/MWh,NL,NL,day_ahead_price,value,2026-08-05T16:12:49Z
2023-07-31T07:00:00Z,2023-07-31T09:00:00+0200,86.0,EUR/MWh,NL,NL,day_ahead_price,value,2026-08-05T16:12:49Z
2023-07-31T08:00:00Z,2023-07-31T10:00:00+0200,74.18,EUR/MWh,NL,NL,day_ahead_price,value,2026-08-05T16:12:49Z
2023-07-31T09:00:00Z,2023-07-31T11:00:00+0200,67.51,EUR/MWh,NL,NL,day_ahead_price,value,2026-08-05T16:12:49Z
2023-07-31T10:00:00Z,2023-07-31T12:00:00+0200,65.3,EUR/MWh,NL,NL,day_ahead_price,value,2026-08-05T16:12:49Z
2023-07-31T11:00:00Z,2023-07-31T13:00:00+0200,59.66,EUR/MWh,NL,NL,day_ahead_price,value,2026-08-05T16:12:49Z
2023-07-31T12:00:00Z,2023-07-31T14:00:00+0200,59.17,EUR/MWh,NL,NL,day_ahead_price,value,2026-08-05T16:12:49Z
2023-07-31T13:00:00Z,2023-07-31T15:00:00+0200,60.0,EUR/MWh,NL,NL,day_ahead_price,value,2026-08-05T16:12:49Z
2023-07-31T14:00:00Z,2023-07-31T16:00:00+0200,67.69,EUR/MWh,NL,NL,day_ahead_price,value,2026-08-05T16:12:49Z
2023-07-31T15:00:00Z,2023-07-31T17:00:00+0200,75.78,EUR/MWh,NL,NL,day_ahead_price,value,2026-08-05T16:12:49Z
2023-07-31T16:00:00Z,2023-07-31T18:00:00+0200,88.49,EUR/MWh,NL,NL,day_ahead_price,value,2026-08-05T16:12:49Z
2023-07-31T17:00:00Z,2023-07-31T19:00:00+0200,97.43,EUR/MWh,NL,NL,day_ahead_price,value,2026-08-05T16:12:49Z
2023-07-31T18:00:00Z,2023-07-31T20:00:00+0200,99.86,EUR/MWh,NL,NL,day_ahead_price,value,2026-08-05T16:12:49Z
2023-07-31T19:00:00Z,2023-07-31T21:00:00+0200,98.65,EUR/MWh,NL,NL,day_ahead_price,value,2026-08-05T16:12:49Z
2023-07-31T20:00:00Z,2023-07-31T22:00:00+0200,95.31,EUR/MWh,NL,NL,day_ahead_price,value,2026-08-05T16:12:49Z
2023-07-31T21:00:00Z,2023-07-31T23:00:00+0200,87.72,EUR/MWh,NL,NL,day_ahead_price,value,2026-08-05T16:12:49Z
2023-07-31T22:00:00Z,2023-08-01T00:00:00+0200,68.09,EUR/MWh,NL,NL,day_ahead_price,value,2026-08-05T16:12:49Z
2023-07-31T23:00:00Z,2023-08-01T01:00:00+0200,58.86,EUR/MWh,NL,NL,day_ahead_price,value,2026-08-05T16:12:49Z
2023-08-01T00:00:00Z,2023-08-01T02:00:00+0200,57.86,EUR/MWh,NL,NL,day_ahead_price,value,2026-08-05T16:12:49Z
2023-08-01T01:00:00Z,2023-08-01T03:00:00+0200,56.94,EUR/MWh,NL,NL,day_ahead_price,value,2026-08-05T16:12:49Z
2023-08-01T02:00:00Z,2023-08-01T04:00:00+0200,57.9,EUR/MWh,NL,NL,day_ahead_price,value,2026-08-05T16:12:49Z
2023-08-01T03:00:00Z,2023-08-01T05:00:00+0200,63.4,EUR/MWh,NL,NL,day_ahead_price,value,2026-08-05T16:12:49Z
2023-08-01T04:00:00Z,2023-08-01T06:00:00+0200,90.5,EUR/MWh,NL,NL,day_ahead_price,value,2026-08-05T16:12:49Z
2023-08-01T05:00:00Z,2023-08-01T07:00:00+0200,94.18,EUR/MWh,NL,NL,day_ahead_price,value,2026-08-05T16:12:49Z
2023-08-01T06:00:00Z,2023-08-01T08:00:00+0200,95.73,EUR/MWh,NL,NL,day_ahead_price,value,2026-08-05T16:12:49Z
2023-08-01T07:00:00Z,2023-08-01T09:00:00+0200,90.67,EUR/MWh,NL,NL,day_ahead_price,value,2026-08-05T16:12:49Z
2023-08-01T08:00:00Z,2023-08-01T10:00:00+0200,86.03,EUR/MWh,NL,NL,day_ahead_price,value,2026-08-05T16:12:49Z
2023-08-01T09:00:00Z,2023-08-01T11:00:00+0200,70.89,EUR/MWh,NL,NL,day_ahead_price,value,2026-08-05T16:12:49Z
2023-08-01T10:00:00Z,2023-08-01T12:00:00+0200,68.87,EUR/MWh,NL,NL,day_ahead_price,value,2026-08-05T16:12:49Z
2023-08-01T11:00:00Z,2023-08-01T13:00:00+0200,61.96,EUR/MWh,NL,NL,day_ahead_price,value,2026-08-05T16:12:49Z
2023-08-01T12:00:00Z,2023-08-01T14:00:00+0200,52.5,EUR/MWh,NL,NL,day_ahead_price,value,2026-08-05T16:12:49Z
2023-08-01T13:00:00Z,2023-08-01T15:00:00+0200,47.65,EUR/MWh,NL,NL,day_ahead_price,value,2026-08-05T16:12:49Z
2023-08-01T14:00:00Z,2023-08-01T16:00:00+0200,53.7,EUR/MWh,NL,NL,day_ahead_price,value,2026-08-05T16:12:49Z
2023-08-01T15:00:00Z,2023-08-01T17:00:00+0200,68.24,EUR/MWh,NL,NL,day_ahead_price,value,2026-08-05T16:12:49Z
2023-08-01T16:00:00Z,2023-08-01T18:00:00+0200,81.32,EUR/MWh,NL,NL,day_ahead_price,value,2026-08-05T16:12:49Z
2023-08-01T17:00:00Z,2023-08-01T19:00:00+0200,96.08,EUR/MWh,NL,NL,day_ahead_price,value,2026-08-05T16:12:49Z
2023-08-01T18:00:00Z,2023-08-01T20:00:00+0200,108.72,EUR/MWh,NL,NL,day_ahead_price,value,2026-08-05T16:12:49Z
2023-08-01T19:00:00Z,2023-08-01T21:00:00+0200,112.16,EUR/MWh,NL,NL,day_ahead_price,value,2026-08-05T16:12:49Z
2023-08-01T20:00:00Z,2023-08-01T22:00:00+0200,102.55,EUR/MWh,NL,NL,day_ahead_price,value,2026-08-05T16:12:49Z
2023-08-01T21:00:00Z,2023-08-01T23:00:00+0200,92.78,EUR/MWh,NL,NL,day_ahead_price,value,2026-08-05T16:12:49Z
2023-08-01T22:00:00Z,2023-08-02T00:00:00+0200,89.38,EUR/MWh,NL,NL,day_ahead_price,value,2026-08-05T16:12:49Z
2023-08-01T23:00:00Z,2023-08-02T01:00:00+0200,77.54,EUR/MWh,NL,NL,day_ahead_price,value,2026-08-05T16:12:49Z
2023-08-02T00:00:00Z,2023-08-02T02:00:00+0200,69.62,EUR/MWh,NL,NL,day_ahead_price,value,2026-08-05T16:12:49Z
2023-08-02T01:00:00Z,2023-08-02T03:00:00+0200,67.13,EUR/MWh,NL,NL,day_ahead_price,value,2026-08-05T16:12:49Z
2023-08-02T02:00:00Z,2023-08-02T04:00:00+0200,69.99,EUR/MWh,NL,NL,day_ahead_price,value,2026-08-05T16:12:49Z
2023-08-02T03:00:00Z,2023-08-02T05:00:00+0200,85.74,EUR/MWh,NL,NL,day_ahead_price,value,2026-08-05T16:12:49Z
2023-08-02T04:00:00Z,2023-08-02T06:00:00+0200,102.44,EUR/MWh,NL,NL,day_ahead_price,value,2026-08-05T16:12:49Z
2023-08-02T05:00:00Z,2023-08-02T07:00:00+0200,111.96,EUR/MWh,NL,NL,day_ahead_price,value,2026-08-05T16:12:49Z
2023-08-02T06:00:00Z,2023-08-02T08:00:00+0200,97.45,EUR/MWh,NL,NL,day_ahead_price,value,2026-08-05T16:12:49Z
2023-08-02T07:00:00Z,2023-08-02T09:00:00+0200,88.0,EUR/MWh,NL,NL,day_ahead_price,value,2026-08-05T16:12:49Z
2023-08-02T08:00:00Z,2023-08-02T10:00:00+0200,78.22,EUR/MWh,NL,NL,day_ahead_price,value,2026-08-05T16:12:49Z
2023-08-02T09:00:00Z,2023-08-02T11:00:00+0200,64.5,EUR/MWh,NL,NL,day_ahead_price,value,2026-08-05T16:12:49Z
2023-08-02T10:00:00Z,2023-08-02T12:00:00+0200,52.02,EUR/MWh,NL,NL,day_ahead_price,value,2026-08-05T16:12:49Z
2023-08-02T11:00:00Z,2023-08-02T13:00:00+0200,33.08,EUR/MWh,NL,NL,day_ahead_price,value,2026-08-05T16:12:49Z
2023-08-02T12:00:00Z,2023-08-02T14:00:00+0200,24.13,EUR/MWh,NL,NL,day_ahead_price,value,2026-08-05T16:12:49Z
2023-08-02T13:00:00Z,2023-08-02T15:00:00+0200,18.96,EUR/MWh,NL,NL,day_ahead_price,value,2026-08-05T16:12:49Z
2023-08-02T14:00:00Z,2023-08-02T16:00:00+0200,28.29,EUR/MWh,NL,NL,day_ahead_price,value,2026-08-05T16:12:49Z
2023-08-02T15:00:00Z,2023-08-02T17:00:00+0200,52.24,EUR/MWh,NL,NL,day_ahead_price,value,2026-08-05T16:12:49Z
2023-08-02T16:00:00Z,2023-08-02T18:00:00+0200,68.86,EUR/MWh,NL,NL,day_ahead_price,value,2026-08-05T16:12:49Z
2023-08-02T17:00:00Z,2023-08-02T19:00:00+0200,82.16,EUR/MWh,NL,NL,day_ahead_price,value,2026-08-05T16:12:49Z
2023-08-02T18:00:00Z,2023-08-02T20:00:00+0200,80.71,EUR/MWh,NL,NL,day_ahead_price,value,2026-08-05T16:12:49Z
2023-08-02T19:00:00Z,2023-08-02T21:00:00+0200,77.2,EUR/MWh,NL,NL,day_ahead_price,value,2026-08-05T16:12:49Z
2023-08-02T20:00:00Z,2023-08-02T22:00:00+0200,65.7,EUR/MWh,NL,NL,day_ahead_price,value,2026-08-05T16:12:49Z
2023-08-02T21:00:00Z,2023-08-02T23:00:00+0200,41.12,EUR/MWh,NL,NL,day_ahead_price,value,2026-08-05T16:12:49Z
2023-08-02T22:00:00Z,2023-08-03T00:00:00+0200,19.97,EUR/MWh,NL,NL,day_ahead_price,value,2026-08-05T16:12:49Z
2023-08-02T23:00:00Z,2023-08-03T01:00:00+0200,9.51,EUR/MWh,NL,NL,day_ahead_price,value,2026-08-05T16:12:49Z
2023-08-03T00:00:00Z,2023-08-03T02:00:00+0200,3.43,EUR/MWh,NL,NL,day_ahead_price,value,2026-08-05T16:12:49Z
2023-08-03T01:00:00Z,2023-08-03T03:00:00+0200,5.61,EUR/MWh,NL,NL,day_ahead_price,value,2026-08-05T16:12:49Z
2023-08-03T02:00:00Z,2023-08-03T04:00:00+0200,7.2,EUR/MWh,NL,NL,day_ahead_price,value,2026-08-05T16:12:49Z
2023-08-03T03:00:00Z,2023-08-03T05:00:00+0200,24.8,EUR/MWh,NL,NL,day_ahead_price,value,2026-08-05T16:12:49Z
2023-08-03T04:00:00Z,2023-08-03T06:00:00+0200,47.38,EUR/MWh,NL,NL,day_ahead_price,value,2026-08-05T16:12:49Z
2023-08-03T05:00:00Z,2023-08-03T07:00:00+0200,70.0,EUR/MWh,NL,NL,day_ahead_price,value,2026-08-05T16:12:49Z
2023-08-03T06:00:00Z,2023-08-03T08:00:00+0200,70.05,EUR/MWh,NL,NL,day_ahead_price,value,2026-08-05T16:12:49Z
2023-08-03T07:00:00Z,2023-08-03T09:00:00+0200,62.8,EUR/MWh,NL,NL,day_ahead_price,value,2026-08-05T16:12:49Z
2023-08-03T08:00:00Z,2023-08-03T10:00:00+0200,45.5,EUR/MWh,NL,NL,day_ahead_price,value,2026-08-05T16:12:49Z
2023-08-03T09:00:00Z,2023-08-03T11:00:00+0200,34.54,EUR/MWh,NL,NL,day_ahead_price,value,2026-08-05T16:12:49Z
2023-08-03T10:00:00Z,2023-08-03T12:00:00+0200,27.01,EUR/MWh,NL,NL,day_ahead_price,value,2026-08-05T16:12:49Z
2023-08-03T11:00:00Z,2023-08-03T13:00:00+0200,21.25,EUR/MWh,NL,NL,day_ahead_price,value,2026-08-05T16:12:49Z
2023-08-03T12:00:00Z,2023-08-03T14:00:00+0200,17.43,EUR/MWh,NL,NL,day_ahead_price,value,2026-08-05T16:12:49Z
2023-08-03T13:00:00Z,2023-08-03T15:00:00+0200,17.7,EUR/MWh,NL,NL,day_ahead_price,value,2026-08-05T16:12:49Z
2023-08-03T14:00:00Z,2023-08-03T16:00:00+0200,21.94,EUR/MWh,NL,NL,day_ahead_price,value,2026-08-05T16:12:49Z
2023-08-03T15:00:00Z,2023-08-03T17:00:00+0200,49.9,EUR/MWh,NL,NL,day_ahead_price,value,2026-08-05T16:12:49Z
2023-08-03T16:00:00Z,2023-08-03T18:00:00+0200,80.0,EUR/MWh,NL,NL,day_ahead_price,value,2026-08-05T16:12:49Z
2023-08-03T17:00:00Z,2023-08-03T19:00:00+0200,95.92,EUR/MWh,NL,NL,day_ahead_price,value,2026-08-05T16:12:49Z
2023-08-03T18:00:00Z,2023-08-03T20:00:00+0200,100.0,EUR/MWh,NL,NL,day_ahead_price,value,2026-08-05T16:12:49Z
2023-08-03T19:00:00Z,2023-08-03T21:00:00+0200,115.1,EUR/MWh,NL,NL,day_ahead_price,value,2026-08-05T16:12:49Z
2023-08-03T20:00:00Z,2023-08-03T22:00:00+0200,113.5,EUR/MWh,NL,NL,day_ahead_price,value,2026-08-05T16:12:49Z
2023-08-03T21:00:00Z,2023-08-03T23:00:00+0200,92.85,EUR/MWh,NL,NL,day_ahead_price,value,2026-08-05T16:12:49Z
2023-08-03T22:00:00Z,2023-08-04T00:00:00+0200,90.14,EUR/MWh,NL,NL,day_ahead_price,value,2026-08-05T16:12:49Z
2023-08-03T23:00:00Z,2023-08-04T01:00:00+0200,83.85,EUR/MWh,NL,NL,day_ahead_price,value,2026-08-05T16:12:49Z
2023-08-04T00:00:00Z,2023-08-04T02:00:00+0200,80.92,EUR/MWh,NL,NL,day_ahead_price,value,2026-08-05T16:12:49Z
2023-08-04T01:00:00Z,2023-08-04T03:00:00+0200,79.25,EUR/MWh,NL,NL,day_ahead_price,value,2026-08-05T16:12:49Z
2023-08-04T02:00:00Z,2023-08-04T04:00:00+0200,82.45,EUR/MWh,NL,NL,day_ahead_price,value,2026-08-05T16:12:49Z
2023-08-04T03:00:00Z,2023-08-04T05:00:00+0200,87.7,EUR/MWh,NL,NL,day_ahead_price,value,2026-08-05T16:12:49Z
2023-08-04T04:00:00Z,2023-08-04T06:00:00+0200,99.25,EUR/MWh,NL,NL,day_ahead_price,value,2026-08-05T16:12:49Z
2023-08-04T05:00:00Z,2023-08-04T07:00:00+0200,110.0,EUR/MWh,NL,NL,day_ahead_price,value,2026-08-05T16:12:49Z
2023-08-04T06:00:00Z,2023-08-04T08:00:00+0200,114.94,EUR/MWh,NL,NL,day_ahead_price,value,2026-08-05T16:12:49Z
2023-08-04T07:00:00Z,2023-08-04T09:00:00+0200,97.0,EUR/MWh,NL,NL,day_ahead_price,value,2026-08-05T16:12:49Z
2023-08-04T08:00:00Z,2023-08-04T10:00:00+0200,95.16,EUR/MWh,NL,NL,day_ahead_price,value,2026-08-05T16:12:49Z
2023-08-04T09:00:00Z,2023-08-04T11:00:00+0200,90.68,EUR/MWh,NL,NL,day_ahead_price,value,2026-08-05T16:12:49Z
2023-08-04T10:00:00Z,2023-08-04T12:00:00+0200,86.92,EUR/MWh,NL,NL,day_ahead_price,value,2026-08-05T16:12:49Z
2023-08-04T11:00:00Z,2023-08-04T13:00:00+0200,80.81,EUR/MWh,NL,NL,day_ahead_price,value,2026-08-05T16:12:49Z
2023-08-04T12:00:00Z,2023-08-04T14:00:00+0200,77.84,EUR/MWh,NL,NL,day_ahead_price,value,2026-08-05T16:12:49Z
2023-08-04T13:00:00Z,2023-08-04T15:00:00+0200,76.27,EUR/MWh,NL,NL,day_ahead_price,value,2026-08-05T16:12:49Z
2023-08-04T14:00:00Z,2023-08-04T16:00:00+0200,77.1,EUR/MWh,NL,NL,day_ahead_price,value,2026-08-05T16:12:49Z
2023-08-04T15:00:00Z,2023-08-04T17:00:00+0200,81.43,EUR/MWh,NL,NL,day_ahead_price,value,2026-08-05T16:12:49Z
2023-08-04T16:00:00Z,2023-08-04T18:00:00+0200,95.0,EUR/MWh,NL,NL,day_ahead_price,value,2026-08-05T16:12:49Z
2023-08-04T17:00:00Z,2023-08-04T19:00:00+0200,111.54,EUR/MWh,NL,NL,day_ahead_price,value,2026-08-05T16:12:49Z
2023-08-04T18:00:00Z,2023-08-04T20:00:00+0200,138.71,EUR/MWh,NL,NL,day_ahead_price,value,2026-08-05T16:12:49Z
2023-08-04T19:00:00Z,2023-08-04T21:00:00+0200,126.77,EUR/MWh,NL,NL,day_ahead_price,value,2026-08-05T16:12:49Z
2023-08-04T20:00:00Z,2023-08-04T22:00:00+0200,109.19,EUR/MWh,NL,NL,day_ahead_price,value,2026-08-05T16:12:49Z
2023-08-04T21:00:00Z,2023-08-04T23:00:00+0200,98.49,EUR/MWh,NL,NL,day_ahead_price,value,2026-08-05T16:12:49Z
2023-08-04T22:00:00Z,2023-08-05T00:00:00+0200,101.55,EUR/MWh,NL,NL,day_ahead_price,value,2026-08-05T16:12:49Z
2023-08-04T23:00:00Z,2023-08-05T01:00:00+0200,94.9,EUR/MWh,NL,NL,day_ahead_price,value,2026-08-05T16:12:49Z
2023-08-05T00:00:00Z,2023-08-05T02:00:00+0200,92.58,EUR/MWh,NL,NL,day_ahead_price,value,2026-08-05T16:12:49Z
2023-08-05T01:00:00Z,2023-08-05T03:00:00+0200,90.3,EUR/MWh,NL,NL,day_ahead_price,value,2026-08-05T16:12:49Z
2023-08-05T02:00:00Z,2023-08-05T04:00:00+0200,90.24,EUR/MWh,NL,NL,day_ahead_price,value,2026-08-05T16:12:49Z
2023-08-05T03:00:00Z,2023-08-05T05:00:00+0200,90.54,EUR/MWh,NL,NL,day_ahead_price,value,2026-08-05T16:12:49Z
2023-08-05T04:00:00Z,2023-08-05T06:00:00+0200,94.34,EUR/MWh,NL,NL,day_ahead_price,value,2026-08-05T16:12:49Z
2023-08-05T05:00:00Z,2023-08-05T07:00:00+0200,92.49,EUR/MWh,NL,NL,day_ahead_price,value,2026-08-05T16:12:49Z
2023-08-05T06:00:00Z,2023-08-05T08:00:00+0200,91.33,EUR/MWh,NL,NL,day_ahead_price,value,2026-08-05T16:12:49Z
2023-08-05T07:00:00Z,2023-08-05T09:00:00+0200,88.54,EUR/MWh,NL,NL,day_ahead_price,value,2026-08-05T16:12:49Z
2023-08-05T08:00:00Z,2023-08-05T10:00:00+0200,80.1,EUR/MWh,NL,NL,day_ahead_price,value,2026-08-05T16:12:49Z
2023-08-05T09:00:00Z,2023-08-05T11:00:00+0200,74.67,EUR/MWh,NL,NL,day_ahead_price,value,2026-08-05T16:12:49Z
2023-08-05T10:00:00Z,2023-08-05T12:00:00+0200,65.01,EUR/MWh,NL,NL,day_ahead_price,value,2026-08-05T16:12:49Z
2023-08-05T11:00:00Z,2023-08-05T13:00:00+0200,58.91,EUR/MWh,NL,NL,day_ahead_price,value,2026-08-05T16:12:49Z
2023-08-05T12:00:00Z,2023-08-05T14:00:00+0200,58.04,EUR/MWh,NL,NL,day_ahead_price,value,2026-08-05T16:12:49Z
2023-08-05T13:00:00Z,2023-08-05T15:00:00+0200,65.2,EUR/MWh,NL,NL,day_ahead_price,value,2026-08-05T16:12:49Z
2023-08-05T14:00:00Z,2023-08-05T16:00:00+0200,77.7,EUR/MWh,NL,NL,day_ahead_price,value,2026-08-05T16:12:49Z
2023-08-05T15:00:00Z,2023-08-05T17:00:00+0200,95.3,EUR/MWh,NL,NL,day_ahead_price,value,2026-08-05T16:12:49Z
2023-08-05T16:00:00Z,2023-08-05T18:00:00+0200,103.0,EUR/MWh,NL,NL,day_ahead_price,value,2026-08-05T16:12:49Z
2023-08-05T17:00:00Z,2023-08-05T19:00:00+0200,107.9,EUR/MWh,NL,NL,day_ahead_price,value,2026-08-05T16:12:49Z
2023-08-05T18:00:00Z,2023-08-05T20:00:00+0200,119.1,EUR/MWh,NL,NL,day_ahead_price,value,2026-08-05T16:12:49Z
2023-08-05T19:00:00Z,2023-08-05T21:00:00+0200,107.42,EUR/MWh,NL,NL,day_ahead_price,value,2026-08-05T16:12:49Z
2023-08-05T20:00:00Z,2023-08-05T22:00:00+0200,98.37,EUR/MWh,NL,NL,day_ahead_price,value,2026-08-05T16:12:49Z
2023-08-05T21:00:00Z,2023-08-05T23:00:00+0200,87.22,EUR/MWh,NL,NL,day_ahead_price,value,2026-08-05T16:12:49Z
2023-08-05T22:00:00Z,2023-08-06T00:00:00+0200,88.04,EUR/MWh,NL,NL,day_ahead_price,value,2026-08-05T16:12:49Z
2023-08-05T23:00:00Z,2023-08-06T01:00:00+0200,88.09,EUR/MWh,NL,NL,day_ahead_price,value,2026-08-05T16:12:57Z
2023-08-06T00:00:00Z,2023-08-06T02:00:00+0200,79.07,EUR/MWh,NL,NL,day_ahead_price,value,2026-08-05T16:12:57Z
2023-08-06T01:00:00Z,2023-08-06T03:00:00+0200,79.08,EUR/MWh,NL,NL,day_ahead_price,value,2026-08-05T16:12:57Z
2023-08-06T02:00:00Z,2023-08-06T04:00:00+0200,75.06,EUR/MWh,NL,NL,day_ahead_price,value,2026-08-05T16:12:57Z
2023-08-06T03:00:00Z,2023-08-06T05:00:00+0200,84.0,EUR/MWh,NL,NL,day_ahead_price,value,2026-08-05T16:12:57Z
2023-08-06T04:00:00Z,2023-08-06T06:00:00+0200,75.46,EUR/MWh,NL,NL,day_ahead_price,value,2026-08-05T16:12:57Z
2023-08-06T05:00:00Z,2023-08-06T07:00:00+0200,66.5,EUR/MWh,NL,NL,day_ahead_price,value,2026-08-05T16:12:57Z
2023-08-06T06:00:00Z,2023-08-06T08:00:00+0200,63.4,EUR/MWh,NL,NL,day_ahead_price,value,2026-08-05T16:12:57Z
2023-08-06T07:00:00Z,2023-08-06T09:00:00+0200,57.22,EUR/MWh,NL,NL,day_ahead_price,value,2026-08-05T16:12:57Z
2023-08-06T08:00:00Z,2023-08-06T10:00:00+0200,50.03,EUR/MWh,NL,NL,day_ahead_price,value,2026-08-05T16:12:57Z
2023-08-06T09:00:00Z,2023-08-06T11:00:00+0200,43.85,EUR/MWh,NL,NL,day_ahead_price,value,2026-08-05T16:12:57Z
2023-08-06T10:00:00Z,2023-08-06T12:00:00+0200,0.0,EUR/MWh,NL,NL,day_ahead_price,value,2026-08-05T16:12:57Z
2023-08-06T11:00:00Z,2023-08-06T13:00:00+0200,0.04,EUR/MWh,NL,NL,day_ahead_price,value,2026-08-05T16:12:57Z
2023-08-06T12:00:00Z,2023-08-06T14:00:00+0200,-4.75,EUR/MWh,NL,NL,day_ahead_price,value,2026-08-05T16:12:57Z
2023-08-06T13:00:00Z,2023-08-06T15:00:00+0200,-4.75,EUR/MWh,NL,NL,day_ahead_price,value,2026-08-05T16:12:57Z
2023-08-06T14:00:00Z,2023-08-06T16:00:00+0200,0.0,EUR/MWh,NL,NL,day_ahead_price,value,2026-08-05T16:12:57Z
2023-08-06T15:00:00Z,2023-08-06T17:00:00+0200,35.17,EUR/MWh,NL,NL,day_ahead_price,value,2026-08-05T16:12:57Z
2023-08-06T16:00:00Z,2023-08-06T18:00:00+0200,62.03,EUR/MWh,NL,NL,day_ahead_price,value,2026-08-05T16:12:57Z
2023-08-06T17:00:00Z,2023-08-06T19:00:00+0200,72.61,EUR/MWh,NL,NL,day_ahead_price,value,2026-08-05T16:12:57Z
2023-08-06T18:00:00Z,2023-08-06T20:00:00+0200,76.85,EUR/MWh,NL,NL,day_ahead_price,value,2026-08-05T16:12:57Z
2023-08-06T19:00:00Z,2023-08-06T21:00:00+0200,77.35,EUR/MWh,NL,NL,day_ahead_price,value,2026-08-05T16:12:57Z
2023-08-06T20:00:00Z,2023-08-06T22:00:00+0200,71.86,EUR/MWh,NL,NL,day_ahead_price,value,2026-08-05T16:12:57Z
2023-08-06T21:00:00Z,2023-08-06T23:00:00+0200,72.6,EUR/MWh,NL,NL,day_ahead_price,value,2026-08-05T16:12:57Z
2023-08-06T22:00:00Z,2023-08-07T00:00:00+0200,54.51,EUR/MWh,NL,NL,day_ahead_price,value,2026-08-05T16:12:57Z
2023-08-06T23:00:00Z,2023-08-07T01:00:00+0200,47.95,EUR/MWh,NL,NL,day_ahead_price,value,2026-08-05T16:12:57Z
2023-08-07T00:00:00Z,2023-08-07T02:00:00+0200,50.0,EUR/MWh,NL,NL,day_ahead_price,value,2026-08-05T16:12:57Z
2023-08-07T01:00:00Z,2023-08-07T03:00:00+0200,7.48,EUR/MWh,NL,NL,day_ahead_price,value,2026-08-05T16:12:57Z
2023-08-07T02:00:00Z,2023-08-07T04:00:00+0200,30.03,EUR/MWh,NL,NL,day_ahead_price,value,2026-08-05T16:12:57Z
2023-08-07T03:00:00Z,2023-08-07T05:00:00+0200,0.03,EUR/MWh,NL,NL,day_ahead_price,value,2026-08-05T16:12:57Z
2023-08-07T04:00:00Z,2023-08-07T06:00:00+0200,72.22,EUR/MWh,NL,NL,day_ahead_price,value,2026-08-05T16:12:57Z
2023-08-07T05:00:00Z,2023-08-07T07:00:00+0200,84.1,EUR/MWh,NL,NL,day_ahead_price,value,2026-08-05T16:12:57Z
2023-08-07T06:00:00Z,2023-08-07T08:00:00+0200,64.05,EUR/MWh,NL,NL,day_ahead_price,value,2026-08-05T16:12:57Z
2023-08-07T07:00:00Z,2023-08-07T09:00:00+0200,25.28,EUR/MWh,NL,NL,day_ahead_price,value,2026-08-05T16:12:57Z
2023-08-07T08:00:00Z,2023-08-07T10:00:00+0200,0.01,EUR/MWh,NL,NL,day_ahead_price,value,2026-08-05T16:12:57Z
2023-08-07T09:00:00Z,2023-08-07T11:00:00+0200,-4.75,EUR/MWh,NL,NL,day_ahead_price,value,2026-08-05T16:12:57Z
2023-08-07T10:00:00Z,2023-08-07T12:00:00+0200,-15.63,EUR/MWh,NL,NL,day_ahead_price,value,2026-08-05T16:12:57Z
2023-08-07T11:00:00Z,2023-08-07T13:00:00+0200,-27.06,EUR/MWh,NL,NL,day_ahead_price,value,2026-08-05T16:12:57Z
2023-08-07T12:00:00Z,2023-08-07T14:00:00+0200,-41.85,EUR/MWh,NL,NL,day_ahead_price,value,2026-08-05T16:12:57Z
2023-08-07T13:00:00Z,2023-08-07T15:00:00+0200,-20.02,EUR/MWh,NL,NL,day_ahead_price,value,2026-08-05T16:12:57Z
2023-08-07T14:00:00Z,2023-08-07T16:00:00+0200,-10.02,EUR/MWh,NL,NL,day_ahead_price,value,2026-08-05T16:12:57Z
2023-08-07T15:00:00Z,2023-08-07T17:00:00+0200,-0.04,EUR/MWh,NL,NL,day_ahead_price,value,2026-08-05T16:12:57Z
2023-08-07T16:00:00Z,2023-08-07T18:00:00+0200,11.0,EUR/MWh,NL,NL,day_ahead_price,value,2026-08-05T16:12:57Z
2023-08-07T17:00:00Z,2023-08-07T19:00:00+0200,74.9,EUR/MWh,NL,NL,day_ahead_price,value,2026-08-05T16:12:57Z
2023-08-07T18:00:00Z,2023-08-07T20:00:00+0200,112.0,EUR/MWh,NL,NL,day_ahead_price,value,2026-08-05T16:12:57Z
2023-08-07T19:00:00Z,2023-08-07T21:00:00+0200,118.0,EUR/MWh,NL,NL,day_ahead_price,value,2026-08-05T16:12:57Z
2023-08-07T20:00:00Z,2023-08-07T22:00:00+0200,114.0,EUR/MWh,NL,NL,day_ahead_price,value,2026-08-05T16:12:57Z
2023-08-07T21:00:00Z,2023-08-07T23:00:00+0200,84.9,EUR/MWh,NL,NL,day_ahead_price,value,2026-08-05T16:12:57Z
2023-08-07T22:00:00Z,2023-08-08T00:00:00+0200,92.7,EUR/MWh,NL,NL,day_ahead_price,value,2026-08-05T16:12:57Z
2023-08-07T23:00:00Z,2023-08-08T01:00:00+0200,88.0,EUR/MWh,NL,NL,day_ahead_price,value,2026-08-05T16:12:57Z
2023-08-08T00:00:00Z,2023-08-08T02:00:00+0200,85.0,EUR/MWh,NL,NL,day_ahead_price,value,2026-08-05T16:12:57Z
2023-08-08T01:00:00Z,2023-08-08T03:00:00+0200,80.0,EUR/MWh,NL,NL,day_ahead_price,value,2026-08-05T16:12:57Z
2023-08-08T02:00:00Z,2023-08-08T04:00:00+0200,75.77,EUR/MWh,NL,NL,day_ahead_price,value,2026-08-05T16:12:57Z
2023-08-08T03:00:00Z,2023-08-08T05:00:00+0200,68.84,EUR/MWh,NL,NL,day_ahead_price,value,2026-08-05T16:12:57Z
2023-08-08T04:00:00Z,2023-08-08T06:00:00+0200,98.87,EUR/MWh,NL,NL,day_ahead_price,value,2026-08-05T16:12:57Z
2023-08-08T05:00:00Z,2023-08-08T07:00:00+0200,80.5,EUR/MWh,NL,NL,day_ahead_price,value,2026-08-05T16:12:57Z
2023-08-08T06:00:00Z,2023-08-08T08:00:00+0200,4.9,EUR/MWh,NL,NL,day_ahead_price,value,2026-08-05T16:12:57Z
2023-08-08T07:00:00Z,2023-08-08T09:00:00+0200,-2.7,EUR/MWh,NL,NL,day_ahead_price,value,2026-08-05T16:12:57Z
2023-08-08T08:00:00Z,2023-08-08T10:00:00+0200,-10.03,EUR/MWh,NL,NL,day_ahead_price,value,2026-08-05T16:12:57Z
2023-08-08T09:00:00Z,2023-08-08T11:00:00+0200,-40.08,EUR/MWh,NL,NL,day_ahead_price,value,2026-08-05T16:12:57Z
2023-08-08T10:00:00Z,2023-08-08T12:00:00+0200,-51.58,EUR/MWh,NL,NL,day_ahead_price,value,2026-08-05T16:12:57Z
2023-08-08T11:00:00Z,2023-08-08T13:00:00+0200,-73.22,EUR/MWh,NL,NL,day_ahead_price,value,2026-08-05T16:12:57Z
2023-08-08T12:00:00Z,2023-08-08T14:00:00+0200,-79.22,EUR/MWh,NL,NL,day_ahead_price,value,2026-08-05T16:12:57Z
2023-08-08T13:00:00Z,2023-08-08T15:00:00+0200,-48.92,EUR/MWh,NL,NL,day_ahead_price,value,2026-08-05T16:12:57Z
2023-08-08T14:00:00Z,2023-08-08T16:00:00+0200,-10.71,EUR/MWh,NL,NL,day_ahead_price,value,2026-08-05T16:12:57Z
2023-08-08T15:00:00Z,2023-08-08T17:00:00+0200,-0.82,EUR/MWh,NL,NL,day_ahead_price,value,2026-08-05T16:12:57Z
2023-08-08T16:00:00Z,2023-08-08T18:00:00+0200,40.0,EUR/MWh,NL,NL,day_ahead_price,value,2026-08-05T16:12:57Z
2023-08-08T17:00:00Z,2023-08-08T19:00:00+0200,88.71,EUR/MWh,NL,NL,day_ahead_price,value,2026-08-05T16:12:57Z
2023-08-08T18:00:00Z,2023-08-08T20:00:00+0200,95.34,EUR/MWh,NL,NL,day_ahead_price,value,2026-08-05T16:12:57Z
2023-08-08T19:00:00Z,2023-08-08T21:00:00+0200,105.09,EUR/MWh,NL,NL,day_ahead_price,value,2026-08-05T16:12:57Z
2023-08-08T20:00:00Z,2023-08-08T22:00:00+0200,105.99,EUR/MWh,NL,NL,day_ahead_price,value,2026-08-05T16:12:57Z
2023-08-08T21:00:00Z,2023-08-08T23:00:00+0200,99.9,EUR/MWh,NL,NL,day_ahead_price,value,2026-08-05T16:12:57Z
2023-08-08T22:00:00Z,2023-08-09T00:00:00+0200,85.7,EUR/MWh,NL,NL,day_ahead_price,value,2026-08-05T16:12:57Z
2023-08-08T23:00:00Z,2023-08-09T01:00:00+0200,79.0,EUR/MWh,NL,NL,day_ahead_price,value,2026-08-05T16:12:57Z
2023-08-09T00:00:00Z,2023-08-09T02:00:00+0200,74.5,EUR/MWh,NL,NL,day_ahead_price,value,2026-08-05T16:12:57Z
2023-08-09T01:00:00Z,2023-08-09T03:00:00+0200,70.1,EUR/MWh,NL,NL,day_ahead_price,value,2026-08-05T16:12:57Z
2023-08-09T02:00:00Z,2023-08-09T04:00:00+0200,74.12,EUR/MWh,NL,NL,day_ahead_price,value,2026-08-05T16:12:57Z
2023-08-09T03:00:00Z,2023-08-09T05:00:00+0200,83.95,EUR/MWh,NL,NL,day_ahead_price,value,2026-08-05T16:12:57Z
2023-08-09T04:00:00Z,2023-08-09T06:00:00+0200,98.16,EUR/MWh,NL,NL,day_ahead_price,value,2026-08-05T16:12:57Z
2023-08-09T05:00:00Z,2023-08-09T07:00:00+0200,105.7,EUR/MWh,NL,NL,day_ahead_price,value,2026-08-05T16:12:57Z
2023-08-09T06:00:00Z,2023-08-09T08:00:00+0200,106.44,EUR/MWh,NL,NL,day_ahead_price,value,2026-08-05T16:12:57Z
2023-08-09T07:00:00Z,2023-08-09T09:00:00+0200,99.59,EUR/MWh,NL,NL,day_ahead_price,value,2026-08-05T16:12:57Z
2023-08-09T08:00:00Z,2023-08-09T10:00:00+0200,71.47,EUR/MWh,NL,NL,day_ahead_price,value,2026-08-05T16:12:57Z
2023-08-09T09:00:00Z,2023-08-09T11:00:00+0200,2.86,EUR/MWh,NL,NL,day_ahead_price,value,2026-08-05T16:12:57Z
2023-08-09T10:00:00Z,2023-08-09T12:00:00+0200,0.94,EUR/MWh,NL,NL,day_ahead_price,value,2026-08-05T16:12:57Z
2023-08-09T11:00:00Z,2023-08-09T13:00:00+0200,-0.6,EUR/MWh,NL,NL,day_ahead_price,value,2026-08-05T16:12:57Z
2023-08-09T12:00:00Z,2023-08-09T14:00:00+0200,3.25,EUR/MWh,NL,NL,day_ahead_price,value,2026-08-05T16:12:57Z
2023-08-09T13:00:00Z,2023-08-09T15:00:00+0200,0.1,EUR/MWh,NL,NL,day_ahead_price,value,2026-08-05T16:12:57Z
2023-08-09T14:00:00Z,2023-08-09T16:00:00+0200,4.9,EUR/MWh,NL,NL,day_ahead_price,value,2026-08-05T16:12:57Z
2023-08-09T15:00:00Z,2023-08-09T17:00:00+0200,64.9,EUR/MWh,NL,NL,day_ahead_price,value,2026-08-05T16:12:57Z
2023-08-09T16:00:00Z,2023-08-09T18:00:00+0200,94.3,EUR/MWh,NL,NL,day_ahead_price,value,2026-08-05T16:12:57Z
2023-08-09T17:00:00Z,2023-08-09T19:00:00+0200,114.4,EUR/MWh,NL,NL,day_ahead_price,value,2026-08-05T16:12:57Z
2023-08-09T18:00:00Z,2023-08-09T20:00:00+0200,134.58,EUR/MWh,NL,NL,day_ahead_price,value,2026-08-05T16:12:57Z
2023-08-09T19:00:00Z,2023-08-09T21:00:00+0200,131.35,EUR/MWh,NL,NL,day_ahead_price,value,2026-08-05T16:12:57Z
2023-08-09T20:00:00Z,2023-08-09T22:00:00+0200,122.47,EUR/MWh,NL,NL,day_ahead_price,value,2026-08-05T16:12:57Z
2023-08-09T21:00:00Z,2023-08-09T23:00:00+0200,100.96,EUR/MWh,NL,NL,day_ahead_price,value,2026-08-05T16:12:57Z
2023-08-09T22:00:00Z,2023-08-10T00:00:00+0200,96.27,EUR/MWh,NL,NL,day_ahead_price,value,2026-08-05T16:12:57Z
2023-08-09T23:00:00Z,2023-08-10T01:00:00+0200,91.99,EUR/MWh,NL,NL,day_ahead_price,value,2026-08-05T16:12:57Z
2023-08-10T00:00:00Z,2023-08-10T02:00:00+0200,89.15,EUR/MWh,NL,NL,day_ahead_price,value,2026-08-05T16:12:57Z
2023-08-10T01:00:00Z,2023-08-10T03:00:00+0200,79.98,EUR/MWh,NL,NL,day_ahead_price,value,2026-08-05T16:12:57Z
2023-08-10T02:00:00Z,2023-08-10T04:00:00+0200,84.85,EUR/MWh,NL,NL,day_ahead_price,value,2026-08-05T16:12:57Z
2023-08-10T03:00:00Z,2023-08-10T05:00:00+0200,86.1,EUR/MWh,NL,NL,day_ahead_price,value,2026-08-05T16:12:57Z
2023-08-10T04:00:00Z,2023-08-10T06:00:00+0200,99.9,EUR/MWh,NL,NL,day_ahead_price,value,2026-08-05T16:12:57Z
2023-08-10T05:00:00Z,2023-08-10T07:00:00+0200,103.32,EUR/MWh,NL,NL,day_ahead_price,value,2026-08-05T16:12:57Z
2023-08-10T06:00:00Z,2023-08-10T08:00:00+0200,104.2,EUR/MWh,NL,NL,day_ahead_price,value,2026-08-05T16:12:57Z
2023-08-10T07:00:00Z,2023-08-10T09:00:00+0200,96.0,EUR/MWh,NL,NL,day_ahead_price,value,2026-08-05T16:12:57Z
2023-08-10T08:00:00Z,2023-08-10T10:00:00+0200,70.2,EUR/MWh,NL,NL,day_ahead_price,value,2026-08-05T16:12:57Z
2023-08-10T09:00:00Z,2023-08-10T11:00:00+0200,43.91,EUR/MWh,NL,NL,day_ahead_price,value,2026-08-05T16:12:57Z
2023-08-10T10:00:00Z,2023-08-10T12:00:00+0200,18.25,EUR/MWh,NL,NL,day_ahead_price,value,2026-08-05T16:12:57Z
2023-08-10T11:00:00Z,2023-08-10T13:00:00+0200,18.01,EUR/MWh,NL,NL,day_ahead_price,value,2026-08-05T16:12:57Z
2023-08-10T12:00:00Z,2023-08-10T14:00:00+0200,16.77,EUR/MWh,NL,NL,day_ahead_price,value,2026-08-05T16:12:57Z
2023-08-10T13:00:00Z,2023-08-10T15:00:00+0200,30.69,EUR/MWh,NL,NL,day_ahead_price,value,2026-08-05T16:12:57Z
2023-08-10T14:00:00Z,2023-08-10T16:00:00+0200,66.15,EUR/MWh,NL,NL,day_ahead_price,value,2026-08-05T16:12:57Z
2023-08-10T15:00:00Z,2023-08-10T17:00:00+0200,87.7,EUR/MWh,NL,NL,day_ahead_price,value,2026-08-05T16:12:57Z
2023-08-10T16:00:00Z,2023-08-10T18:00:00+0200,97.08,EUR/MWh,NL,NL,day_ahead_price,value,2026-08-05T16:12:57Z
2023-08-10T17:00:00Z,2023-08-10T19:00:00+0200,103.46,EUR/MWh,NL,NL,day_ahead_price,value,2026-08-05T16:12:57Z
2023-08-10T18:00:00Z,2023-08-10T20:00:00+0200,164.91,EUR/MWh,NL,NL,day_ahead_price,value,2026-08-05T16:12:57Z
2023-08-10T19:00:00Z,2023-08-10T21:00:00+0200,142.02,EUR/MWh,NL,NL,day_ahead_price,value,2026-08-05T16:12:57Z
2023-08-10T20:00:00Z,2023-08-10T22:00:00+0200,115.49,EUR/MWh,NL,NL,day_ahead_price,value,2026-08-05T16:12:57Z
2023-08-10T21:00:00Z,2023-08-10T23:00:00+0200,101.11,EUR/MWh,NL,NL,day_ahead_price,value,2026-08-05T16:12:57Z
2023-08-10T22:00:00Z,2023-08-11T00:00:00+0200,111.3,EUR/MWh,NL,NL,day_ahead_price,value,2026-08-05T16:12:57Z
2023-08-10T23:00:00Z,2023-08-11T01:00:00+0200,106.27,EUR/MWh,NL,NL,day_ahead_price,value,2026-08-05T16:12:57Z
2023-08-11T00:00:00Z,2023-08-11T02:00:00+0200,102.86,EUR/MWh,NL,NL,day_ahead_price,value,2026-08-05T16:12:57Z
2023-08-11T01:00:00Z,2023-08-11T03:00:00+0200,98.35,EUR/MWh,NL,NL,day_ahead_price,value,2026-08-05T16:12:57Z
2023-08-11T02:00:00Z,2023-08-11T04:00:00+0200,87.59,EUR/MWh,NL,NL,day_ahead_price,value,2026-08-05T16:12:57Z
2023-08-11T03:00:00Z,2023-08-11T05:00:00+0200,93.0,EUR/MWh,NL,NL,day_ahead_price,value,2026-08-05T16:12:57Z
2023-08-11T04:00:00Z,2023-08-11T06:00:00+0200,116.38,EUR/MWh,NL,NL,day_ahead_price,value,2026-08-05T16:12:57Z
2023-08-11T05:00:00Z,2023-08-11T07:00:00+0200,120.3,EUR/MWh,NL,NL,day_ahead_price,value,2026-08-05T16:12:57Z
2023-08-11T06:00:00Z,2023-08-11T08:00:00+0200,114.97,EUR/MWh,NL,NL,day_ahead_price,value,2026-08-05T16:12:57Z
2023-08-11T07:00:00Z,2023-08-11T09:00:00+0200,99.71,EUR/MWh,NL,NL,day_ahead_price,value,2026-08-05T16:12:57Z
2023-08-11T08:00:00Z,2023-08-11T10:00:00+0200,85.0,EUR/MWh,NL,NL,day_ahead_price,value,2026-08-05T16:12:57Z
2023-08-11T09:00:00Z,2023-08-11T11:00:00+0200,74.3,EUR/MWh,NL,NL,day_ahead_price,value,2026-08-05T16:12:57Z
2023-08-11T10:00:00Z,2023-08-11T12:00:00+0200,30.1,EUR/MWh,NL,NL,day_ahead_price,value,2026-08-05T16:12:57Z
2023-08-11T11:00:00Z,2023-08-11T13:00:00+0200,16.63,EUR/MWh,NL,NL,day_ahead_price,value,2026-08-05T16:12:57Z
2023-08-11T12:00:00Z,2023-08-11T14:00:00+0200,24.9,EUR/MWh,NL,NL,day_ahead_price,value,2026-08-05T16:12:57Z
2023-08-11T13:00:00Z,2023-08-11T15:00:00+0200,58.01,EUR/MWh,NL,NL,day_ahead_price,value,2026-08-05T16:12:57Z
2023-08-11T14:00:00Z,2023-08-11T16:00:00+0200,84.58,EUR/MWh,NL,NL,day_ahead_price,value,2026-08-05T16:12:57Z
2023-08-11T15:00:00Z,2023-08-11T17:00:00+0200,97.98,EUR/MWh,NL,NL,day_ahead_price,value,2026-08-05T16:12:57Z
2023-08-11T16:00:00Z,2023-08-11T18:00:00+0200,108.3,EUR/MWh,NL,NL,day_ahead_price,value,2026-08-05T16:12:57Z
2023-08-11T17:00:00Z,2023-08-11T19:00:00+0200,130.0,EUR/MWh,NL,NL,day_ahead_price,value,2026-08-05T16:12:57Z
2023-08-11T18:00:00Z,2023-08-11T20:00:00+0200,138.87,EUR/MWh,NL,NL,day_ahead_price,value,2026-08-05T16:12:57Z
2023-08-11T19:00:00Z,2023-08-11T21:00:00+0200,132.59,EUR/MWh,NL,NL,day_ahead_price,value,2026-08-05T16:12:57Z
2023-08-11T20:00:00Z,2023-08-11T22:00:00+0200,118.0,EUR/MWh,NL,NL,day_ahead_price,value,2026-08-05T16:12:57Z
2023-08-11T21:00:00Z,2023-08-11T23:00:00+0200,104.06,EUR/MWh,NL,NL,day_ahead_price,value,2026-08-05T16:12:57Z
2023-08-11T22:00:00Z,2023-08-12T00:00:00+0200,103.54,EUR/MWh,NL,NL,day_ahead_price,value,2026-08-05T16:12:57Z
2023-08-11T23:00:00Z,2023-08-12T01:00:00+0200,98.2,EUR/MWh,NL,NL,day_ahead_price,value,2026-08-05T16:12:57Z
2023-08-12T00:00:00Z,2023-08-12T02:00:00+0200,97.7,EUR/MWh,NL,NL,day_ahead_price,value,2026-08-05T16:12:57Z
2023-08-12T01:00:00Z,2023-08-12T03:00:00+0200,95.73,EUR/MWh,NL,NL,day_ahead_price,value,2026-08-05T16:12:57Z
2023-08-12T02:00:00Z,2023-08-12T04:00:00+0200,93.91,EUR/MWh,NL,NL,day_ahead_price,value,2026-08-05T16:12:57Z
2023-08-12T03:00:00Z,2023-08-12T05:00:00+0200,98.06,EUR/MWh,NL,NL,day_ahead_price,value,2026-08-05T16:12:57Z
2023-08-12T04:00:00Z,2023-08-12T06:00:00+0200,95.11,EUR/MWh,NL,NL,day_ahead_price,value,2026-08-05T16:12:57Z
2023-08-12T05:00:00Z,2023-08-12T07:00:00+0200,99.31,EUR/MWh,NL,NL,day_ahead_price,value,2026-08-05T16:12:57Z
2023-08-12T06:00:00Z,2023-08-12T08:00:00+0200,101.78,EUR/MWh,NL,NL,day_ahead_price,value,2026-08-05T16:12:57Z
2023-08-12T07:00:00Z,2023-08-12T09:00:00+0200,88.5,EUR/MWh,NL,NL,day_ahead_price,value,2026-08-05T16:12:57Z
2023-08-12T08:00:00Z,2023-08-12T10:00:00+0200,77.61,EUR/MWh,NL,NL,day_ahead_price,value,2026-08-05T16:12:57Z
2023-08-12T09:00:00Z,2023-08-12T11:00:00+0200,64.76,EUR/MWh,NL,NL,day_ahead_price,value,2026-08-05T16:12:57Z
2023-08-12T10:00:00Z,2023-08-12T12:00:00+0200,50.0,EUR/MWh,NL,NL,day_ahead_price,value,2026-08-05T16:12:57Z
2023-08-12T11:00:00Z,2023-08-12T13:00:00+0200,23.72,EUR/MWh,NL,NL,day_ahead_price,value,2026-08-05T16:12:57Z
2023-08-12T12:00:00Z,2023-08-12T14:00:00+0200,6.0,EUR/MWh,NL,NL,day_ahead_price,value,2026-08-05T16:12:57Z
2023-08-12T13:00:00Z,2023-08-12T15:00:00+0200,6.92,EUR/MWh,NL,NL,day_ahead_price,value,2026-08-05T16:12:57Z
2023-08-12T14:00:00Z,2023-08-12T16:00:00+0200,20.4,EUR/MWh,NL,NL,day_ahead_price,value,2026-08-05T16:12:57Z
2023-08-12T15:00:00Z,2023-08-12T17:00:00+0200,65.12,EUR/MWh,NL,NL,day_ahead_price,value,2026-08-05T16:12:57Z
2023-08-12T16:00:00Z,2023-08-12T18:00:00+0200,89.43,EUR/MWh,NL,NL,day_ahead_price,value,2026-08-05T16:12:57Z
2023-08-12T17:00:00Z,2023-08-12T19:00:00+0200,106.47,EUR/MWh,NL,NL,day_ahead_price,value,2026-08-05T16:12:57Z
2023-08-12T18:00:00Z,2023-08-12T20:00:00+0200,111.16,EUR/MWh,NL,NL,day_ahead_price,value,2026-08-05T16:12:57Z
2023-08-12T19:00:00Z,2023-08-12T21:00:00+0200,112.28,EUR/MWh,NL,NL,day_ahead_price,value,2026-08-05T16:12:57Z
2023-08-12T20:00:00Z,2023-08-12T22:00:00+0200,108.05,EUR/MWh,NL,NL,day_ahead_price,value,2026-08-05T16:12:57Z
2023-08-12T21:00:00Z,2023-08-12T23:00:00+0200,101.66,EUR/MWh,NL,NL,day_ahead_price,value,2026-08-05T16:12:57Z
2023-08-12T22:00:00Z,2023-08-13T00:00:00+0200,90.1,EUR/MWh,NL,NL,day_ahead_price,value,2026-08-05T16:12:57Z
2023-08-12T23:00:00Z,2023-08-13T01:00:00+0200,84.67,EUR/MWh,NL,NL,day_ahead_price,value,2026-08-05T16:12:57Z
2023-08-13T00:00:00Z,2023-08-13T02:00:00+0200,78.8,EUR/MWh,NL,NL,day_ahead_price,value,2026-08-05T16:12:57Z
2023-08-13T01:00:00Z,2023-08-13T03:00:00+0200,69.66,EUR/MWh,NL,NL,day_ahead_price,value,2026-08-05T16:12:57Z
2023-08-13T02:00:00Z,2023-08-13T04:00:00+0200,69.0,EUR/MWh,NL,NL,day_ahead_price,value,2026-08-05T16:12:57Z
2023-08-13T03:00:00Z,2023-08-13T05:00:00+0200,72.02,EUR/MWh,NL,NL,day_ahead_price,value,2026-08-05T16:12:57Z
2023-08-13T04:00:00Z,2023-08-13T06:00:00+0200,77.73,EUR/MWh,NL,NL,day_ahead_price,value,2026-08-05T16:12:57Z
2023-08-13T05:00:00Z,2023-08-13T07:00:00+0200,76.64,EUR/MWh,NL,NL,day_ahead_price,value,2026-08-05T16:12:57Z
2023-08-13T06:00:00Z,2023-08-13T08:00:00+0200,69.93,EUR/MWh,NL,NL,day_ahead_price,value,2026-08-05T16:12:57Z
2023-08-13T07:00:00Z,2023-08-13T09:00:00+0200,47.89,EUR/MWh,NL,NL,day_ahead_price,value,2026-08-05T16:12:57Z
2023-08-13T08:00:00Z,2023-08-13T10:00:00+0200,27.42,EUR/MWh,NL,NL,day_ahead_price,value,2026-08-05T16:12:57Z
2023-08-13T09:00:00Z,2023-08-13T11:00:00+0200,13.7,EUR/MWh,NL,NL,day_ahead_price,value,2026-08-05T16:12:57Z
2023-08-13T10:00:00Z,2023-08-13T12:00:00+0200,0.01,EUR/MWh,NL,NL,day_ahead_price,value,2026-08-05T16:12:57Z
2023-08-13T11:00:00Z,2023-08-13T13:00:00+0200,-3.79,EUR/MWh,NL,NL,day_ahead_price,value,2026-08-05T16:12:57Z
2023-08-13T12:00:00Z,2023-08-13T14:00:00+0200,1.44,EUR/MWh,NL,NL,day_ahead_price,value,2026-08-05T16:12:57Z
2023-08-13T13:00:00Z,2023-08-13T15:00:00+0200,6.76,EUR/MWh,NL,NL,day_ahead_price,value,2026-08-05T16:12:57Z
2023-08-13T14:00:00Z,2023-08-13T16:00:00+0200,17.45,EUR/MWh,NL,NL,day_ahead_price,value,2026-08-05T16:12:57Z
2023-08-13T15:00:00Z,2023-08-13T17:00:00+0200,72.26,EUR/MWh,NL,NL,day_ahead_price,value,2026-08-05T16:12:57Z
2023-08-13T16:00:00Z,2023-08-13T18:00:00+0200,97.16,EUR/MWh,NL,NL,day_ahead_price,value,2026-08-05T16:12:57Z
2023-08-13T17:00:00Z,2023-08-13T19:00:00+0200,100.0,EUR/MWh,NL,NL,day_ahead_price,value,2026-08-05T16:12:57Z
2023-08-13T18:00:00Z,2023-08-13T20:00:00+0200,110.9,EUR/MWh,NL,NL,day_ahead_price,value,2026-08-05T16:12:57Z
2023-08-13T19:00:00Z,2023-08-13T21:00:00+0200,120.0,EUR/MWh,NL,NL,day_ahead_price,value,2026-08-05T16:12:57Z
2023-08-13T20:00:00Z,2023-08-13T22:00:00+0200,120.05,EUR/MWh,NL,NL,day_ahead_price,value,2026-08-05T16:12:57Z
2023-08-13T21:00:00Z,2023-08-13T23:00:00+0200,114.0,EUR/MWh,NL,NL,day_ahead_price,value,2026-08-05T16:12:57Z
2023-08-13T22:00:00Z,2023-08-14T00:00:00+0200,98.01,EUR/MWh,NL,NL,day_ahead_price,value,2026-08-05T16:12:57Z
2023-08-13T23:00:00Z,2023-08-14T01:00:00+0200,89.63,EUR/MWh,NL,NL,day_ahead_price,value,2026-08-05T16:12:57Z
2023-08-14T00:00:00Z,2023-08-14T02:00:00+0200,84.32,EUR/MWh,NL,NL,day_ahead_price,value,2026-08-05T16:12:57Z
2023-08-14T01:00:00Z,2023-08-14T03:00:00+0200,85.84,EUR/MWh,NL,NL,day_ahead_price,value,2026-08-05T16:12:57Z
2023-08-14T02:00:00Z,2023-08-14T04:00:00+0200,89.8,EUR/MWh,NL,NL,day_ahead_price,value,2026-08-05T16:12:57Z
2023-08-14T03:00:00Z,2023-08-14T05:00:00+0200,105.3,EUR/MWh,NL,NL,day_ahead_price,value,2026-08-05T16:12:57Z
2023-08-14T04:00:00Z,2023-08-14T06:00:00+0200,119.97,EUR/MWh,NL,NL,day_ahead_price,value,2026-08-05T16:12:57Z
2023-08-14T05:00:00Z,2023-08-14T07:00:00+0200,124.66,EUR/MWh,NL,NL,day_ahead_price,value,2026-08-05T16:12:57Z
2023-08-14T06:00:00Z,2023-08-14T08:00:00+0200,112.96,EUR/MWh,NL,NL,day_ahead_price,value,2026-08-05T16:12:57Z
2023-08-14T07:00:00Z,2023-08-14T09:00:00+0200,99.33,EUR/MWh,NL,NL,day_ahead_price,value,2026-08-05T16:12:57Z
2023-08-14T08:00:00Z,2023-08-14T10:00:00+0200,82.13,EUR/MWh,NL,NL,day_ahead_price,value,2026-08-05T16:12:57Z
2023-08-14T09:00:00Z,2023-08-14T11:00:00+0200,75.66,EUR/MWh,NL,NL,day_ahead_price,value,2026-08-05T16:12:57Z
2023-08-14T10:00:00Z,2023-08-14T12:00:00+0200,67.66,EUR/MWh,NL,NL,day_ahead_price,value,2026-08-05T16:12:57Z
2023-08-14T11:00:00Z,2023-08-14T13:00:00+0200,63.57,EUR/MWh,NL,NL,day_ahead_price,value,2026-08-05T16:12:57Z
2023-08-14T12:00:00Z,2023-08-14T14:00:00+0200,67.02,EUR/MWh,NL,NL,day_ahead_price,value,2026-08-05T16:12:57Z
2023-08-14T13:00:00Z,2023-08-14T15:00:00+0200,74.1,EUR/MWh,NL,NL,day_ahead_price,value,2026-08-05T16:12:57Z
2023-08-14T14:00:00Z,2023-08-14T16:00:00+0200,81.48,EUR/MWh,NL,NL,day_ahead_price,value,2026-08-05T16:12:57Z
2023-08-14T15:00:00Z,2023-08-14T17:00:00+0200,97.27,EUR/MWh,NL,NL,day_ahead_price,value,2026-08-05T16:12:57Z
2023-08-14T16:00:00Z,2023-08-14T18:00:00+0200,103.4,EUR/MWh,NL,NL,day_ahead_price,value,2026-08-05T16:12:57Z
2023-08-14T17:00:00Z,2023-08-14T19:00:00+0200,131.51,EUR/MWh,NL,NL,day_ahead_price,value,2026-08-05T16:12:57Z
2023-08-14T18:00:00Z,2023-08-14T20:00:00+0200,137.0,EUR/MWh,NL,NL,day_ahead_price,value,2026-08-05T16:12:57Z
2023-08-14T19:00:00Z,2023-08-14T21:00:00+0200,128.78,EUR/MWh,NL,NL,day_ahead_price,value,2026-08-05T16:12:57Z
2023-08-14T20:00:00Z,2023-08-14T22:00:00+0200,110.99,EUR/MWh,NL,NL,day_ahead_price,value,2026-08-05T16:12:57Z
2023-08-14T21:00:00Z,2023-08-14T23:00:00+0200,101.06,EUR/MWh,NL,NL,day_ahead_price,value,2026-08-05T16:12:57Z
2023-08-14T22:00:00Z,2023-08-15T00:00:00+0200,99.6,EUR/MWh,NL,NL,day_ahead_price,value,2026-08-05T16:12:57Z
2023-08-14T23:00:00Z,2023-08-15T01:00:00+0200,92.65,EUR/MWh,NL,NL,day_ahead_price,value,2026-08-05T16:12:57Z
2023-08-15T00:00:00Z,2023-08-15T02:00:00+0200,92.16,EUR/MWh,NL,NL,day_ahead_price,value,2026-08-05T16:12:57Z
2023-08-15T01:00:00Z,2023-08-15T03:00:00+0200,89.96,EUR/MWh,NL,NL,day_ahead_price,value,2026-08-05T16:12:57Z
2023-08-15T02:00:00Z,2023-08-15T04:00:00+0200,87.67,EUR/MWh,NL,NL,day_ahead_price,value,2026-08-05T16:12:57Z
2023-08-15T03:00:00Z,2023-08-15T05:00:00+0200,92.0,EUR/MWh,NL,NL,day_ahead_price,value,2026-08-05T16:12:57Z
2023-08-15T04:00:00Z,2023-08-15T06:00:00+0200,106.76,EUR/MWh,NL,NL,day_ahead_price,value,2026-08-05T16:12:57Z
2023-08-15T05:00:00Z,2023-08-15T07:00:00+0200,131.16,EUR/MWh,NL,NL,day_ahead_price,value,2026-08-05T16:12:57Z
2023-08-15T06:00:00Z,2023-08-15T08:00:00+0200,117.69,EUR/MWh,NL,NL,day_ahead_price,value,2026-08-05T16:12:57Z
2023-08-15T07:00:00Z,2023-08-15T09:00:00+0200,93.38,EUR/MWh,NL,NL,day_ahead_price,value,2026-08-05T16:12:57Z
2023-08-15T08:00:00Z,2023-08-15T10:00:00+0200,79.48,EUR/MWh,NL,NL,day_ahead_price,value,2026-08-05T16:12:57Z
2023-08-15T09:00:00Z,2023-08-15T11:00:00+0200,70.89,EUR/MWh,NL,NL,day_ahead_price,value,2026-08-05T16:12:57Z
2023-08-15T10:00:00Z,2023-08-15T12:00:00+0200,59.08,EUR/MWh,NL,NL,day_ahead_price,value,2026-08-05T16:12:57Z
2023-08-15T11:00:00Z,2023-08-15T13:00:00+0200,25.43,EUR/MWh,NL,NL,day_ahead_price,value,2026-08-05T16:12:57Z
2023-08-15T12:00:00Z,2023-08-15T14:00:00+0200,23.54,EUR/MWh,NL,NL,day_ahead_price,value,2026-08-05T16:12:57Z
2023-08-15T13:00:00Z,2023-08-15T15:00:00+0200,45.85,EUR/MWh,NL,NL,day_ahead_price,value,2026-08-05T16:12:57Z
2023-08-15T14:00:00Z,2023-08-15T16:00:00+0200,70.26,EUR/MWh,NL,NL,day_ahead_price,value,2026-08-05T16:12:57Z
2023-08-15T15:00:00Z,2023-08-15T17:00:00+0200,91.83,EUR/MWh,NL,NL,day_ahead_price,value,2026-08-05T16:12:57Z
2023-08-15T16:00:00Z,2023-08-15T18:00:00+0200,102.18,EUR/MWh,NL,NL,day_ahead_price,value,2026-08-05T16:12:57Z
2023-08-15T17:00:00Z,2023-08-15T19:00:00+0200,124.49,EUR/MWh,NL,NL,day_ahead_price,value,2026-08-05T16:12:57Z
2023-08-15T18:00:00Z,2023-08-15T20:00:00+0200,142.0,EUR/MWh,NL,NL,day_ahead_price,value,2026-08-05T16:12:57Z
2023-08-15T19:00:00Z,2023-08-15T21:00:00+0200,133.04,EUR/MWh,NL,NL,day_ahead_price,value,2026-08-05T16:12:57Z
2023-08-15T20:00:00Z,2023-08-15T22:00:00+0200,125.35,EUR/MWh,NL,NL,day_ahead_price,value,2026-08-05T16:12:57Z
2023-08-15T21:00:00Z,2023-08-15T23:00:00+0200,107.89,EUR/MWh,NL,NL,day_ahead_price,value,2026-08-05T16:12:57Z
2023-08-15T22:00:00Z,2023-08-16T00:00:00+0200,106.79,EUR/MWh,NL,NL,day_ahead_price,value,2026-08-05T16:12:57Z
2023-08-15T23:00:00Z,2023-08-16T01:00:00+0200,97.45,EUR/MWh,NL,NL,day_ahead_price,value,2026-08-05T16:12:57Z
2023-08-16T00:00:00Z,2023-08-16T02:00:00+0200,92.6,EUR/MWh,NL,NL,day_ahead_price,value,2026-08-05T16:12:57Z
2023-08-16T01:00:00Z,2023-08-16T03:00:00+0200,90.52,EUR/MWh,NL,NL,day_ahead_price,value,2026-08-05T16:12:57Z
2023-08-16T02:00:00Z,2023-08-16T04:00:00+0200,90.17,EUR/MWh,NL,NL,day_ahead_price,value,2026-08-05T16:12:57Z
2023-08-16T03:00:00Z,2023-08-16T05:00:00+0200,96.54,EUR/MWh,NL,NL,day_ahead_price,value,2026-08-05T16:12:57Z
2023-08-16T04:00:00Z,2023-08-16T06:00:00+0200,116.41,EUR/MWh,NL,NL,day_ahead_price,value,2026-08-05T16:12:57Z
2023-08-16T05:00:00Z,2023-08-16T07:00:00+0200,139.9,EUR/MWh,NL,NL,day_ahead_price,value,2026-08-05T16:12:57Z
2023-08-16T06:00:00Z,2023-08-16T08:00:00+0200,127.04,EUR/MWh,NL,NL,day_ahead_price,value,2026-08-05T16:12:57Z
2023-08-16T07:00:00Z,2023-08-16T09:00:00+0200,109.51,EUR/MWh,NL,NL,day_ahead_price,value,2026-08-05T16:12:57Z
2023-08-16T08:00:00Z,2023-08-16T10:00:00+0200,99.26,EUR/MWh,NL,NL,day_ahead_price,value,2026-08-05T16:12:57Z
2023-08-16T09:00:00Z,2023-08-16T11:00:00+0200,94.03,EUR/MWh,NL,NL,day_ahead_price,value,2026-08-05T16:12:57Z
2023-08-16T10:00:00Z,2023-08-16T12:00:00+0200,86.7,EUR/MWh,NL,NL,day_ahead_price,value,2026-08-05T16:12:57Z
2023-08-16T11:00:00Z,2023-08-16T13:00:00+0200,84.51,EUR/MWh,NL,NL,day_ahead_price,value,2026-08-05T16:12:57Z
2023-08-16T12:00:00Z,2023-08-16T14:00:00+0200,79.98,EUR/MWh,NL,NL,day_ahead_price,value,2026-08-05T16:12:57Z
2023-08-16T13:00:00Z,2023-08-16T15:00:00+0200,80.0,EUR/MWh,NL,NL,day_ahead_price,value,2026-08-05T16:12:57Z
2023-08-16T14:00:00Z,2023-08-16T16:00:00+0200,88.4,EUR/MWh,NL,NL,day_ahead_price,value,2026-08-05T16:12:57Z
2023-08-16T15:00:00Z,2023-08-16T17:00:00+0200,106.72,EUR/MWh,NL,NL,day_ahead_price,value,2026-08-05T16:12:57Z
2023-08-16T16:00:00Z,2023-08-16T18:00:00+0200,128.43,EUR/MWh,NL,NL,day_ahead_price,value,2026-08-05T16:12:57Z
2023-08-16T17:00:00Z,2023-08-16T19:00:00+0200,153.47,EUR/MWh,NL,NL,day_ahead_price,value,2026-08-05T16:12:57Z
2023-08-16T18:00:00Z,2023-08-16T20:00:00+0200,151.39,EUR/MWh,NL,NL,day_ahead_price,value,2026-08-05T16:12:57Z
2023-08-16T19:00:00Z,2023-08-16T21:00:00+0200,136.1,EUR/MWh,NL,NL,day_ahead_price,value,2026-08-05T16:12:57Z
2023-08-16T20:00:00Z,2023-08-16T22:00:00+0200,119.9,EUR/MWh,NL,NL,day_ahead_price,value,2026-08-05T16:12:57Z
2023-08-16T21:00:00Z,2023-08-16T23:00:00+0200,99.99,EUR/MWh,NL,NL,day_ahead_price,value,2026-08-05T16:12:57Z
2023-08-16T22:00:00Z,2023-08-17T00:00:00+0200,104.88,EUR/MWh,NL,NL,day_ahead_price,value,2026-08-05T16:12:57Z
2023-08-16T23:00:00Z,2023-08-17T01:00:00+0200,98.38,EUR/MWh,NL,NL,day_ahead_price,value,2026-08-05T16:12:57Z
2023-08-17T00:00:00Z,2023-08-17T02:00:00+0200,97.95,EUR/MWh,NL,NL,day_ahead_price,value,2026-08-05T16:12:57Z
2023-08-17T01:00:00Z,2023-08-17T03:00:00+0200,94.95,EUR/MWh,NL,NL,day_ahead_price,value,2026-08-05T16:12:57Z
2023-08-17T02:00:00Z,2023-08-17T04:00:00+0200,92.16,EUR/MWh,NL,NL,day_ahead_price,value,2026-08-05T16:12:57Z
2023-08-17T03:00:00Z,2023-08-17T05:00:00+0200,99.85,EUR/MWh,NL,NL,day_ahead_price,value,2026-08-05T16:12:57Z
2023-08-17T04:00:00Z,2023-08-17T06:00:00+0200,119.27,EUR/MWh,NL,NL,day_ahead_price,value,2026-08-05T16:12:57Z
2023-08-17T05:00:00Z,2023-08-17T07:00:00+0200,124.01,EUR/MWh,NL,NL,day_ahead_price,value,2026-08-05T16:12:57Z
2023-08-17T06:00:00Z,2023-08-17T08:00:00+0200,124.76,EUR/MWh,NL,NL,day_ahead_price,value,2026-08-05T16:12:57Z
2023-08-17T07:00:00Z,2023-08-17T09:00:00+0200,108.39,EUR/MWh,NL,NL,day_ahead_price,value,2026-08-05T16:12:57Z
2023-08-17T08:00:00Z,2023-08-17T10:00:00+0200,100.0,EUR/MWh,NL,NL,day_ahead_price,value,2026-08-05T16:12:57Z
2023-08-17T09:00:00Z,2023-08-17T11:00:00+0200,95.19,EUR/MWh,NL,NL,day_ahead_price,value,2026-08-05T16:12:57Z
2023-08-17T10:00:00Z,2023-08-17T12:00:00+0200,91.62,EUR/MWh,NL,NL,day_ahead_price,value,2026-08-05T16:12:57Z
2023-08-17T11:00:00Z,2023-08-17T13:00:00+0200,89.98,EUR/MWh,NL,NL,day_ahead_price,value,2026-08-05T16:12:57Z
2023-08-17T12:00:00Z,2023-08-17T14:00:00+0200,89.98,EUR/MWh,NL,NL,day_ahead_price,value,2026-08-05T16:12:57Z
2023-08-17T13:00:00Z,2023-08-17T15:00:00+0200,88.95,EUR/MWh,NL,NL,day_ahead_price,value,2026-08-05T16:12:57Z
2023-08-17T14:00:00Z,2023-08-17T16:00:00+0200,91.52,EUR/MWh,NL,NL,day_ahead_price,value,2026-08-05T16:12:57Z
2023-08-17T15:00:00Z,2023-08-17T17:00:00+0200,105.0,EUR/MWh,NL,NL,day_ahead_price,value,2026-08-05T16:12:57Z
2023-08-17T16:00:00Z,2023-08-17T18:00:00+0200,117.13,EUR/MWh,NL,NL,day_ahead_price,value,2026-08-05T16:12:57Z
2023-08-17T17:00:00Z,2023-08-17T19:00:00+0200,141.0,EUR/MWh,NL,NL,day_ahead_price,value,2026-08-05T16:12:57Z
2023-08-17T18:00:00Z,2023-08-17T20:00:00+0200,139.22,EUR/MWh,NL,NL,day_ahead_price,value,2026-08-05T16:12:57Z
2023-08-17T19:00:00Z,2023-08-17T21:00:00+0200,128.78,EUR/MWh,NL,NL,day_ahead_price,value,2026-08-05T16:12:57Z
2023-08-17T20:00:00Z,2023-08-17T22:00:00+0200,116.63,EUR/MWh,NL,NL,day_ahead_price,value,2026-08-05T16:12:57Z
2023-08-17T21:00:00Z,2023-08-17T23:00:00+0200,106.75,EUR/MWh,NL,NL,day_ahead_price,value,2026-08-05T16:12:57Z
2023-08-17T22:00:00Z,2023-08-18T00:00:00+0200,104.76,EUR/MWh,NL,NL,day_ahead_price,value,2026-08-05T16:12:57Z
2023-08-17T23:00:00Z,2023-08-18T01:00:00+0200,97.3,EUR/MWh,NL,NL,day_ahead_price,value,2026-08-05T16:12:57Z
2023-08-18T00:00:00Z,2023-08-18T02:00:00+0200,100.06,EUR/MWh,NL,NL,day_ahead_price,value,2026-08-05T16:12:57Z
2023-08-18T01:00:00Z,2023-08-18T03:00:00+0200,97.18,EUR/MWh,NL,NL,day_ahead_price,value,2026-08-05T16:12:57Z
2023-08-18T02:00:00Z,2023-08-18T04:00:00+0200,97.54,EUR/MWh,NL,NL,day_ahead_price,value,2026-08-05T16:12:57Z
2023-08-18T03:00:00Z,2023-08-18T05:00:00+0200,100.05,EUR/MWh,NL,NL,day_ahead_price,value,2026-08-05T16:12:57Z
2023-08-18T04:00:00Z,2023-08-18T06:00:00+0200,116.44,EUR/MWh,NL,NL,day_ahead_price,value,2026-08-05T16:12:57Z
2023-08-18T05:00:00Z,2023-08-18T07:00:00+0200,130.91,EUR/MWh,NL,NL,day_ahead_price,value,2026-08-05T16:12:57Z
2023-08-18T06:00:00Z,2023-08-18T08:00:00+0200,120.08,EUR/MWh,NL,NL,day_ahead_price,value,2026-08-05T16:12:57Z
2023-08-18T07:00:00Z,2023-08-18T09:00:00+0200,106.84,EUR/MWh,NL,NL,day_ahead_price,value,2026-08-05T16:12:57Z
2023-08-18T08:00:00Z,2023-08-18T10:00:00+0200,95.85,EUR/MWh,NL,NL,day_ahead_price,value,2026-08-05T16:12:57Z
2023-08-18T09:00:00Z,2023-08-18T11:00:00+0200,89.05,EUR/MWh,NL,NL,day_ahead_price,value,2026-08-05T16:12:57Z
2023-08-18T10:00:00Z,2023-08-18T12:00:00+0200,86.28,EUR/MWh,NL,NL,day_ahead_price,value,2026-08-05T16:12:57Z
2023-08-18T11:00:00Z,2023-08-18T13:00:00+0200,82.85,EUR/MWh,NL,NL,day_ahead_price,value,2026-08-05T16:12:57Z
2023-08-18T12:00:00Z,2023-08-18T14:00:00+0200,84.16,EUR/MWh,NL,NL,day_ahead_price,value,2026-08-05T16:12:57Z
2023-08-18T13:00:00Z,2023-08-18T15:00:00+0200,88.37,EUR/MWh,NL,NL,day_ahead_price,value,2026-08-05T16:12:57Z
2023-08-18T14:00:00Z,2023-08-18T16:00:00+0200,95.24,EUR/MWh,NL,NL,day_ahead_price,value,2026-08-05T16:12:57Z
2023-08-18T15:00:00Z,2023-08-18T17:00:00+0200,108.12,EUR/MWh,NL,NL,day_ahead_price,value,2026-08-05T16:12:57Z
2023-08-18T16:00:00Z,2023-08-18T18:00:00+0200,124.46,EUR/MWh,NL,NL,day_ahead_price,value,2026-08-05T16:12:57Z
2023-08-18T17:00:00Z,2023-08-18T19:00:00+0200,136.97,EUR/MWh,NL,NL,day_ahead_price,value,2026-08-05T16:12:57Z
2023-08-18T18:00:00Z,2023-08-18T20:00:00+0200,145.13,EUR/MWh,NL,NL,day_ahead_price,value,2026-08-05T16:12:57Z
2023-08-18T19:00:00Z,2023-08-18T21:00:00+0200,122.99,EUR/MWh,NL,NL,day_ahead_price,value,2026-08-05T16:12:57Z
2023-08-18T20:00:00Z,2023-08-18T22:00:00+0200,103.71,EUR/MWh,NL,NL,day_ahead_price,value,2026-08-05T16:12:57Z
2023-08-18T21:00:00Z,2023-08-18T23:00:00+0200,97.08,EUR/MWh,NL,NL,day_ahead_price,value,2026-08-05T16:12:57Z
2023-08-18T22:00:00Z,2023-08-19T00:00:00+0200,98.85,EUR/MWh,NL,NL,day_ahead_price,value,2026-08-05T16:12:57Z
2023-08-18T23:00:00Z,2023-08-19T01:00:00+0200,99.57,EUR/MWh,NL,NL,day_ahead_price,value,2026-08-05T16:12:57Z
2023-08-19T00:00:00Z,2023-08-19T02:00:00+0200,90.21,EUR/MWh,NL,NL,day_ahead_price,value,2026-08-05T16:12:57Z
2023-08-19T01:00:00Z,2023-08-19T03:00:00+0200,93.64,EUR/MWh,NL,NL,day_ahead_price,value,2026-08-05T16:12:57Z
2023-08-19T02:00:00Z,2023-08-19T04:00:00+0200,95.9,EUR/MWh,NL,NL,day_ahead_price,value,2026-08-05T16:12:57Z
2023-08-19T03:00:00Z,2023-08-19T05:00:00+0200,95.9,EUR/MWh,NL,NL,day_ahead_price,value,2026-08-05T16:12:57Z
2023-08-19T04:00:00Z,2023-08-19T06:00:00+0200,99.9,EUR/MWh,NL,NL,day_ahead_price,value,2026-08-05T16:12:57Z
2023-08-19T05:00:00Z,2023-08-19T07:00:00+0200,88.2,EUR/MWh,NL,NL,day_ahead_price,value,2026-08-05T16:12:57Z
2023-08-19T06:00:00Z,2023-08-19T08:00:00+0200,83.02,EUR/MWh,NL,NL,day_ahead_price,value,2026-08-05T16:12:57Z
2023-08-19T07:00:00Z,2023-08-19T09:00:00+0200,79.37,EUR/MWh,NL,NL,day_ahead_price,value,2026-08-05T16:12:57Z
2023-08-19T08:00:00Z,2023-08-19T10:00:00+0200,69.4,EUR/MWh,NL,NL,day_ahead_price,value,2026-08-05T16:12:57Z
2023-08-19T09:00:00Z,2023-08-19T11:00:00+0200,41.83,EUR/MWh,NL,NL,day_ahead_price,value,2026-08-05T16:12:57Z
2023-08-19T10:00:00Z,2023-08-19T12:00:00+0200,25.45,EUR/MWh,NL,NL,day_ahead_price,value,2026-08-05T16:12:57Z
2023-08-19T11:00:00Z,2023-08-19T13:00:00+0200,14.86,EUR/MWh,NL,NL,day_ahead_price,value,2026-08-05T16:12:57Z
2023-08-19T12:00:00Z,2023-08-19T14:00:00+0200,12.59,EUR/MWh,NL,NL,day_ahead_price,value,2026-08-05T16:12:57Z
2023-08-19T13:00:00Z,2023-08-19T15:00:00+0200,25.01,EUR/MWh,NL,NL,day_ahead_price,value,2026-08-05T16:12:57Z
2023-08-19T14:00:00Z,2023-08-19T16:00:00+0200,55.84,EUR/MWh,NL,NL,day_ahead_price,value,2026-08-05T16:12:57Z
2023-08-19T15:00:00Z,2023-08-19T17:00:00+0200,77.6,EUR/MWh,NL,NL,day_ahead_price,value,2026-08-05T16:12:57Z
2023-08-19T16:00:00Z,2023-08-19T18:00:00+0200,98.96,EUR/MWh,NL,NL,day_ahead_price,value,2026-08-05T16:12:57Z
2023-08-19T17:00:00Z,2023-08-19T19:00:00+0200,99.9,EUR/MWh,NL,NL,day_ahead_price,value,2026-08-05T16:12:57Z
2023-08-19T18:00:00Z,2023-08-19T20:00:00+0200,129.4,EUR/MWh,NL,NL,day_ahead_price,value,2026-08-05T16:12:57Z
2023-08-19T19:00:00Z,2023-08-19T21:00:00+0200,132.54,EUR/MWh,NL,NL,day_ahead_price,value,2026-08-05T16:12:57Z
2023-08-19T20:00:00Z,2023-08-19T22:00:00+0200,123.71,EUR/MWh,NL,NL,day_ahead_price,value,2026-08-05T16:12:57Z
2023-08-19T21:00:00Z,2023-08-19T23:00:00+0200,112.54,EUR/MWh,NL,NL,day_ahead_price,value,2026-08-05T16:12:57Z
2023-08-19T22:00:00Z,2023-08-20T00:00:00+0200,113.99,EUR/MWh,NL,NL,day_ahead_price,value,2026-08-05T16:12:57Z
2023-08-19T23:00:00Z,2023-08-20T01:00:00+0200,110.59,EUR/MWh,NL,NL,day_ahead_price,value,2026-08-05T16:12:57Z
2023-08-20T00:00:00Z,2023-08-20T02:00:00+0200,105.17,EUR/MWh,NL,NL,day_ahead_price,value,2026-08-05T16:12:57Z
2023-08-20T01:00:00Z,2023-08-20T03:00:00+0200,105.02,EUR/MWh,NL,NL,day_ahead_price,value,2026-08-05T16:12:57Z
2023-08-20T02:00:00Z,2023-08-20T04:00:00+0200,103.01,EUR/MWh,NL,NL,day_ahead_price,value,2026-08-05T16:12:57Z
2023-08-20T03:00:00Z,2023-08-20T05:00:00+0200,104.61,EUR/MWh,NL,NL,day_ahead_price,value,2026-08-05T16:12:57Z
2023-08-20T04:00:00Z,2023-08-20T06:00:00+0200,104.96,EUR/MWh,NL,NL,day_ahead_price,value,2026-08-05T16:12:57Z
2023-08-20T05:00:00Z,2023-08-20T07:00:00+0200,99.69,EUR/MWh,NL,NL,day_ahead_price,value,2026-08-05T16:12:57Z
2023-08-20T06:00:00Z,2023-08-20T08:00:00+0200,98.99,EUR/MWh,NL,NL,day_ahead_price,value,2026-08-05T16:12:57Z
2023-08-20T07:00:00Z,2023-08-20T09:00:00+0200,86.62,EUR/MWh,NL,NL,day_ahead_price,value,2026-08-05T16:12:57Z
2023-08-20T08:00:00Z,2023-08-20T10:00:00+0200,73.28,EUR/MWh,NL,NL,day_ahead_price,value,2026-08-05T16:12:57Z
2023-08-20T09:00:00Z,2023-08-20T11:00:00+0200,44.0,EUR/MWh,NL,NL,day_ahead_price,value,2026-08-05T16:12:57Z
2023-08-20T10:00:00Z,2023-08-20T12:00:00+0200,9.13,EUR/MWh,NL,NL,day_ahead_price,value,2026-08-05T16:12:57Z
2023-08-20T11:00:00Z,2023-08-20T13:00:00+0200,13.25,EUR/MWh,NL,NL,day_ahead_price,value,2026-08-05T16:12:57Z
2023-08-20T12:00:00Z,2023-08-20T14:00:00+0200,13.84,EUR/MWh,NL,NL,day_ahead_price,value,2026-08-05T16:12:57Z
2023-08-20T13:00:00Z,2023-08-20T15:00:00+0200,33.81,EUR/MWh,NL,NL,day_ahead_price,value,2026-08-05T16:12:57Z
2023-08-20T14:00:00Z,2023-08-20T16:00:00+0200,78.98,EUR/MWh,NL,NL,day_ahead_price,value,2026-08-05T16:12:57Z
2023-08-20T15:00:00Z,2023-08-20T17:00:00+0200,95.1,EUR/MWh,NL,NL,day_ahead_price,value,2026-08-05T16:12:57Z
2023-08-20T16:00:00Z,2023-08-20T18:00:00+0200,112.0,EUR/MWh,NL,NL,day_ahead_price,value,2026-08-05T16:12:57Z
2023-08-20T17:00:00Z,2023-08-20T19:00:00+0200,128.8,EUR/MWh,NL,NL,day_ahead_price,value,2026-08-05T16:12:57Z
2023-08-20T18:00:00Z,2023-08-20T20:00:00+0200,140.0,EUR/MWh,NL,NL,day_ahead_price,value,2026-08-05T16:12:57Z
2023-08-20T19:00:00Z,2023-08-20T21:00:00+0200,139.54,EUR/MWh,NL,NL,day_ahead_price,value,2026-08-05T16:12:57Z
2023-08-20T20:00:00Z,2023-08-20T22:00:00+0200,126.71,EUR/MWh,NL,NL,day_ahead_price,value,2026-08-05T16:12:57Z
2023-08-20T21:00:00Z,2023-08-20T23:00:00+0200,111.95,EUR/MWh,NL,NL,day_ahead_price,value,2026-08-05T16:12:57Z
2023-08-20T22:00:00Z,2023-08-21T00:00:00+0200,111.95,EUR/MWh,NL,NL,day_ahead_price,value,2026-08-05T16:12:57Z
2023-08-20T23:00:00Z,2023-08-21T01:00:00+0200,101.67,EUR/MWh,NL,NL,day_ahead_price,value,2026-08-05T16:12:57Z
2023-08-21T00:00:00Z,2023-08-21T02:00:00+0200,98.71,EUR/MWh,NL,NL,day_ahead_price,value,2026-08-05T16:12:57Z
2023-08-21T01:00:00Z,2023-08-21T03:00:00+0200,95.12,EUR/MWh,NL,NL,day_ahead_price,value,2026-08-05T16:12:57Z
2023-08-21T02:00:00Z,2023-08-21T04:00:00+0200,97.71,EUR/MWh,NL,NL,day_ahead_price,value,2026-08-05T16:12:57Z
2023-08-21T03:00:00Z,2023-08-21T05:00:00+0200,106.47,EUR/MWh,NL,NL,day_ahead_price,value,2026-08-05T16:12:57Z
2023-08-21T04:00:00Z,2023-08-21T06:00:00+0200,138.84,EUR/MWh,NL,NL,day_ahead_price,value,2026-08-05T16:12:57Z
2023-08-21T05:00:00Z,2023-08-21T07:00:00+0200,160.93,EUR/MWh,NL,NL,day_ahead_price,value,2026-08-05T16:12:57Z
2023-08-21T06:00:00Z,2023-08-21T08:00:00+0200,137.27,EUR/MWh,NL,NL,day_ahead_price,value,2026-08-05T16:12:57Z
2023-08-21T07:00:00Z,2023-08-21T09:00:00+0200,115.07,EUR/MWh,NL,NL,day_ahead_price,value,2026-08-05T16:12:57Z
2023-08-21T08:00:00Z,2023-08-21T10:00:00+0200,104.02,EUR/MWh,NL,NL,day_ahead_price,value,2026-08-05T16:12:57Z
2023-08-21T09:00:00Z,2023-08-21T11:00:00+0200,88.52,EUR/MWh,NL,NL,day_ahead_price,value,2026-08-05T16:12:57Z
2023-08-21T10:00:00Z,2023-08-21T12:00:00+0200,75.4,EUR/MWh,NL,NL,day_ahead_price,value,2026-08-05T16:12:57Z
2023-08-21T11:00:00Z,2023-08-21T13:00:00+0200,64.9,EUR/MWh,NL,NL,day_ahead_price,value,2026-08-05T16:12:57Z
2023-08-21T12:00:00Z,2023-08-21T14:00:00+0200,77.72,EUR/MWh,NL,NL,day_ahead_price,value,2026-08-05T16:12:57Z
2023-08-21T13:00:00Z,2023-08-21T15:00:00+0200,87.3,EUR/MWh,NL,NL,day_ahead_price,value,2026-08-05T16:12:57Z
2023-08-21T14:00:00Z,2023-08-21T16:00:00+0200,96.17,EUR/MWh,NL,NL,day_ahead_price,value,2026-08-05T16:12:57Z
2023-08-21T15:00:00Z,2023-08-21T17:00:00+0200,118.68,EUR/MWh,NL,NL,day_ahead_price,value,2026-08-05T16:12:57Z
2023-08-21T16:00:00Z,2023-08-21T18:00:00+0200,142.77,EUR/MWh,NL,NL,day_ahead_price,value,2026-08-05T16:12:57Z
2023-08-21T17:00:00Z,2023-08-21T19:00:00+0200,186.73,EUR/MWh,NL,NL,day_ahead_price,value,2026-08-05T16:12:57Z
2023-08-21T18:00:00Z,2023-08-21T20:00:00+0200,203.45,EUR/MWh,NL,NL,day_ahead_price,value,2026-08-05T16:12:57Z
2023-08-21T19:00:00Z,2023-08-21T21:00:00+0200,166.35,EUR/MWh,NL,NL,day_ahead_price,value,2026-08-05T16:12:57Z
2023-08-21T20:00:00Z,2023-08-21T22:00:00+0200,136.01,EUR/MWh,NL,NL,day_ahead_price,value,2026-08-05T16:12:57Z
2023-08-21T21:00:00Z,2023-08-21T23:00:00+0200,115.0,EUR/MWh,NL,NL,day_ahead_price,value,2026-08-05T16:12:57Z
2023-08-21T22:00:00Z,2023-08-22T00:00:00+0200,113.69,EUR/MWh,NL,NL,day_ahead_price,value,2026-08-05T16:12:57Z
2023-08-21T23:00:00Z,2023-08-22T01:00:00+0200,104.56,EUR/MWh,NL,NL,day_ahead_price,value,2026-08-05T16:12:57Z
2023-08-22T00:00:00Z,2023-08-22T02:00:00+0200,102.65,EUR/MWh,NL,NL,day_ahead_price,value,2026-08-05T16:12:57Z
2023-08-22T01:00:00Z,2023-08-22T03:00:00+0200,102.26,EUR/MWh,NL,NL,day_ahead_price,value,2026-08-05T16:12:57Z
2023-08-22T02:00:00Z,2023-08-22T04:00:00+0200,99.9,EUR/MWh,NL,NL,day_ahead_price,value,2026-08-05T16:12:57Z
2023-08-22T03:00:00Z,2023-08-22T05:00:00+0200,108.06,EUR/MWh,NL,NL,day_ahead_price,value,2026-08-05T16:12:57Z
2023-08-22T04:00:00Z,2023-08-22T06:00:00+0200,126.78,EUR/MWh,NL,NL,day_ahead_price,value,2026-08-05T16:12:57Z
2023-08-22T05:00:00Z,2023-08-22T07:00:00+0200,150.0,EUR/MWh,NL,NL,day_ahead_price,value,2026-08-05T16:12:57Z
2023-08-22T06:00:00Z,2023-08-22T08:00:00+0200,136.84,EUR/MWh,NL,NL,day_ahead_price,value,2026-08-05T16:12:57Z
2023-08-22T07:00:00Z,2023-08-22T09:00:00+0200,115.91,EUR/MWh,NL,NL,day_ahead_price,value,2026-08-05T16:12:57Z
2023-08-22T08:00:00Z,2023-08-22T10:00:00+0200,102.4,EUR/MWh,NL,NL,day_ahead_price,value,2026-08-05T16:12:57Z
2023-08-22T09:00:00Z,2023-08-22T11:00:00+0200,99.67,EUR/MWh,NL,NL,day_ahead_price,value,2026-08-05T16:12:57Z
2023-08-22T10:00:00Z,2023-08-22T12:00:00+0200,83.71,EUR/MWh,NL,NL,day_ahead_price,value,2026-08-05T16:12:57Z
2023-08-22T11:00:00Z,2023-08-22T13:00:00+0200,81.88,EUR/MWh,NL,NL,day_ahead_price,value,2026-08-05T16:12:57Z
2023-08-22T12:00:00Z,2023-08-22T14:00:00+0200,81.39,EUR/MWh,NL,NL,day_ahead_price,value,2026-08-05T16:12:57Z
2023-08-22T13:00:00Z,2023-08-22T15:00:00+0200,90.7,EUR/MWh,NL,NL,day_ahead_price,value,2026-08-05T16:12:57Z
2023-08-22T14:00:00Z,2023-08-22T16:00:00+0200,98.0,EUR/MWh,NL,NL,day_ahead_price,value,2026-08-05T16:12:57Z
2023-08-22T15:00:00Z,2023-08-22T17:00:00+0200,107.55,EUR/MWh,NL,NL,day_ahead_price,value,2026-08-05T16:12:57Z
2023-08-22T16:00:00Z,2023-08-22T18:00:00+0200,139.0,EUR/MWh,NL,NL,day_ahead_price,value,2026-08-05T16:12:57Z
2023-08-22T17:00:00Z,2023-08-22T19:00:00+0200,192.83,EUR/MWh,NL,NL,day_ahead_price,value,2026-08-05T16:12:57Z
2023-08-22T18:00:00Z,2023-08-22T20:00:00+0200,206.48,EUR/MWh,NL,NL,day_ahead_price,value,2026-08-05T16:12:57Z
2023-08-22T19:00:00Z,2023-08-22T21:00:00+0200,166.3,EUR/MWh,NL,NL,day_ahead_price,value,2026-08-05T16:12:57Z
2023-08-22T20:00:00Z,2023-08-22T22:00:00+0200,145.8,EUR/MWh,NL,NL,day_ahead_price,value,2026-08-05T16:12:57Z
2023-08-22T21:00:00Z,2023-08-22T23:00:00+0200,127.6,EUR/MWh,NL,NL,day_ahead_price,value,2026-08-05T16:12:57Z
2023-08-22T22:00:00Z,2023-08-23T00:00:00+0200,123.89,EUR/MWh,NL,NL,day_ahead_price,value,2026-08-05T16:12:57Z
2023-08-22T23:00:00Z,2023-08-23T01:00:00+0200,112.67,EUR/MWh,NL,NL,day_ahead_price,value,2026-08-05T16:12:57Z
2023-08-23T00:00:00Z,2023-08-23T02:00:00+0200,109.9,EUR/MWh,NL,NL,day_ahead_price,value,2026-08-05T16:12:57Z
2023-08-23T01:00:00Z,2023-08-23T03:00:00+0200,106.34,EUR/MWh,NL,NL,day_ahead_price,value,2026-08-05T16:12:57Z
2023-08-23T02:00:00Z,2023-08-23T04:00:00+0200,107.5,EUR/MWh,NL,NL,day_ahead_price,value,2026-08-05T16:12:57Z
2023-08-23T03:00:00Z,2023-08-23T05:00:00+0200,114.24,EUR/MWh,NL,NL,day_ahead_price,value,2026-08-05T16:12:57Z
2023-08-23T04:00:00Z,2023-08-23T06:00:00+0200,140.1,EUR/MWh,NL,NL,day_ahead_price,value,2026-08-05T16:12:57Z
2023-08-23T05:00:00Z,2023-08-23T07:00:00+0200,162.0,EUR/MWh,NL,NL,day_ahead_price,value,2026-08-05T16:12:57Z
2023-08-23T06:00:00Z,2023-08-23T08:00:00+0200,157.41,EUR/MWh,NL,NL,day_ahead_price,value,2026-08-05T16:12:57Z
2023-08-23T07:00:00Z,2023-08-23T09:00:00+0200,136.5,EUR/MWh,NL,NL,day_ahead_price,value,2026-08-05T16:12:57Z
2023-08-23T08:00:00Z,2023-08-23T10:00:00+0200,117.5,EUR/MWh,NL,NL,day_ahead_price,value,2026-08-05T16:12:57Z
2023-08-23T09:00:00Z,2023-08-23T11:00:00+0200,105.6,EUR/MWh,NL,NL,day_ahead_price,value,2026-08-05T16:12:57Z
2023-08-23T10:00:00Z,2023-08-23T12:00:00+0200,94.53,EUR/MWh,NL,NL,day_ahead_price,value,2026-08-05T16:12:57Z
2023-08-23T11:00:00Z,2023-08-23T13:00:00+0200,87.81,EUR/MWh,NL,NL,day_ahead_price,value,2026-08-05T16:12:57Z
2023-08-23T12:00:00Z,2023-08-23T14:00:00+0200,87.37,EUR/MWh,NL,NL,day_ahead_price,value,2026-08-05T16:12:57Z
2023-08-23T13:00:00Z,2023-08-23T15:00:00+0200,94.43,EUR/MWh,NL,NL,day_ahead_price,value,2026-08-05T16:12:57Z
2023-08-23T14:00:00Z,2023-08-23T16:00:00+0200,116.0,EUR/MWh,NL,NL,day_ahead_price,value,2026-08-05T16:12:57Z
2023-08-23T15:00:00Z,2023-08-23T17:00:00+0200,144.2,EUR/MWh,NL,NL,day_ahead_price,value,2026-08-05T16:12:57Z
2023-08-23T16:00:00Z,2023-08-23T18:00:00+0200,225.5,EUR/MWh,NL,NL,day_ahead_price,value,2026-08-05T16:12:57Z
2023-08-23T17:00:00Z,2023-08-23T19:00:00+0200,276.12,EUR/MWh,NL,NL,day_ahead_price,value,2026-08-05T16:12:57Z
2023-08-23T18:00:00Z,2023-08-23T20:00:00+0200,291.93,EUR/MWh,NL,NL,day_ahead_price,value,2026-08-05T16:12:57Z
2023-08-23T19:00:00Z,2023-08-23T21:00:00+0200,240.79,EUR/MWh,NL,NL,day_ahead_price,value,2026-08-05T16:12:57Z
2023-08-23T20:00:00Z,2023-08-23T22:00:00+0200,172.82,EUR/MWh,NL,NL,day_ahead_price,value,2026-08-05T16:12:57Z
2023-08-23T21:00:00Z,2023-08-23T23:00:00+0200,138.67,EUR/MWh,NL,NL,day_ahead_price,value,2026-08-05T16:12:57Z
2023-08-23T22:00:00Z,2023-08-24T00:00:00+0200,133.82,EUR/MWh,NL,NL,day_ahead_price,value,2026-08-05T16:12:57Z
2023-08-23T23:00:00Z,2023-08-24T01:00:00+0200,124.95,EUR/MWh,NL,NL,day_ahead_price,value,2026-08-05T16:12:57Z
2023-08-24T00:00:00Z,2023-08-24T02:00:00+0200,118.05,EUR/MWh,NL,NL,day_ahead_price,value,2026-08-05T16:12:57Z
2023-08-24T01:00:00Z,2023-08-24T03:00:00+0200,108.03,EUR/MWh,NL,NL,day_ahead_price,value,2026-08-05T16:12:57Z
2023-08-24T02:00:00Z,2023-08-24T04:00:00+0200,96.2,EUR/MWh,NL,NL,day_ahead_price,value,2026-08-05T16:12:57Z
2023-08-24T03:00:00Z,2023-08-24T05:00:00+0200,95.0,EUR/MWh,NL,NL,day_ahead_price,value,2026-08-05T16:12:57Z
2023-08-24T04:00:00Z,2023-08-24T06:00:00+0200,110.1,EUR/MWh,NL,NL,day_ahead_price,value,2026-08-05T16:12:57Z
2023-08-24T05:00:00Z,2023-08-24T07:00:00+0200,139.4,EUR/MWh,NL,NL,day_ahead_price,value,2026-08-05T16:12:57Z
2023-08-24T06:00:00Z,2023-08-24T08:00:00+0200,136.93,EUR/MWh,NL,NL,day_ahead_price,value,2026-08-05T16:12:57Z
2023-08-24T07:00:00Z,2023-08-24T09:00:00+0200,131.97,EUR/MWh,NL,NL,day_ahead_price,value,2026-08-05T16:12:57Z
2023-08-24T08:00:00Z,2023-08-24T10:00:00+0200,100.2,EUR/MWh,NL,NL,day_ahead_price,value,2026-08-05T16:12:57Z
2023-08-24T09:00:00Z,2023-08-24T11:00:00+0200,103.54,EUR/MWh,NL,NL,day_ahead_price,value,2026-08-05T16:12:57Z
2023-08-24T10:00:00Z,2023-08-24T12:00:00+0200,100.08,EUR/MWh,NL,NL,day_ahead_price,value,2026-08-05T16:12:57Z
2023-08-24T11:00:00Z,2023-08-24T13:00:00+0200,101.85,EUR/MWh,NL,NL,day_ahead_price,value,2026-08-05T16:12:57Z
2023-08-24T12:00:00Z,2023-08-24T14:00:00+0200,111.6,EUR/MWh,NL,NL,day_ahead_price,value,2026-08-05T16:12:57Z
2023-08-24T13:00:00Z,2023-08-24T15:00:00+0200,116.27,EUR/MWh,NL,NL,day_ahead_price,value,2026-08-05T16:12:57Z
2023-08-24T14:00:00Z,2023-08-24T16:00:00+0200,123.78,EUR/MWh,NL,NL,day_ahead_price,value,2026-08-05T16:12:57Z
2023-08-24T15:00:00Z,2023-08-24T17:00:00+0200,158.07,EUR/MWh,NL,NL,day_ahead_price,value,2026-08-05T16:12:57Z
2023-08-24T16:00:00Z,2023-08-24T18:00:00+0200,211.78,EUR/MWh,NL,NL,day_ahead_price,value,2026-08-05T16:12:57Z
2023-08-24T17:00:00Z,2023-08-24T19:00:00+0200,265.06,EUR/MWh,NL,NL,day_ahead_price,value,2026-08-05T16:12:57Z
2023-08-24T18:00:00Z,2023-08-24T20:00:00+0200,249.58,EUR/MWh,NL,NL,day_ahead_price,value,2026-08-05T16:12:57Z
2023-08-24T19:00:00Z,2023-08-24T21:00:00+0200,187.86,EUR/MWh,NL,NL,day_ahead_price,value,2026-08-05T16:12:57Z
2023-08-24T20:00:00Z,2023-08-24T22:00:00+0200,159.46,EUR/MWh,NL,NL,day_ahead_price,value,2026-08-05T16:12:57Z
2023-08-24T21:00:00Z,2023-08-24T23:00:00+0200,130.19,EUR/MWh,NL,NL,day_ahead_price,value,2026-08-05T16:12:57Z
2023-08-24T22:00:00Z,2023-08-25T00:00:00+0200,105.24,EUR/MWh,NL,NL,day_ahead_price,value,2026-08-05T16:12:57Z
2023-08-24T23:00:00Z,2023-08-25T01:00:00+0200,96.42,EUR/MWh,NL,NL,day_ahead_price,value,2026-08-05T16:12:57Z
2023-08-25T00:00:00Z,2023-08-25T02:00:00+0200,95.71,EUR/MWh,NL,NL,day_ahead_price,value,2026-08-05T16:12:57Z
2023-08-25T01:00:00Z,2023-08-25T03:00:00+0200,95.9,EUR/MWh,NL,NL,day_ahead_price,value,2026-08-05T16:12:57Z
2023-08-25T02:00:00Z,2023-08-25T04:00:00+0200,96.76,EUR/MWh,NL,NL,day_ahead_price,value,2026-08-05T16:12:57Z
2023-08-25T03:00:00Z,2023-08-25T05:00:00+0200,103.0,EUR/MWh,NL,NL,day_ahead_price,value,2026-08-05T16:12:57Z
2023-08-25T04:00:00Z,2023-08-25T06:00:00+0200,124.22,EUR/MWh,NL,NL,day_ahead_price,value,2026-08-05T16:12:57Z
2023-08-25T05:00:00Z,2023-08-25T07:00:00+0200,135.12,EUR/MWh,NL,NL,day_ahead_price,value,2026-08-05T16:12:57Z
2023-08-25T06:00:00Z,2023-08-25T08:00:00+0200,139.42,EUR/MWh,NL,NL,day_ahead_price,value,2026-08-05T16:12:57Z
2023-08-25T07:00:00Z,2023-08-25T09:00:00+0200,129.03,EUR/MWh,NL,NL,day_ahead_price,value,2026-08-05T16:12:57Z
2023-08-25T08:00:00Z,2023-08-25T10:00:00+0200,116.67,EUR/MWh,NL,NL,day_ahead_price,value,2026-08-05T16:12:57Z
2023-08-25T09:00:00Z,2023-08-25T11:00:00+0200,110.61,EUR/MWh,NL,NL,day_ahead_price,value,2026-08-05T16:12:57Z
2023-08-25T10:00:00Z,2023-08-25T12:00:00+0200,101.95,EUR/MWh,NL,NL,day_ahead_price,value,2026-08-05T16:12:57Z
2023-08-25T11:00:00Z,2023-08-25T13:00:00+0200,100.0,EUR/MWh,NL,NL,day_ahead_price,value,2026-08-05T16:12:57Z
2023-08-25T12:00:00Z,2023-08-25T14:00:00+0200,95.72,EUR/MWh,NL,NL,day_ahead_price,value,2026-08-05T16:12:57Z
2023-08-25T13:00:00Z,2023-08-25T15:00:00+0200,93.58,EUR/MWh,NL,NL,day_ahead_price,value,2026-08-05T16:12:57Z
2023-08-25T14:00:00Z,2023-08-25T16:00:00+0200,99.72,EUR/MWh,NL,NL,day_ahead_price,value,2026-08-05T16:12:57Z
2023-08-25T15:00:00Z,2023-08-25T17:00:00+0200,117.87,EUR/MWh,NL,NL,day_ahead_price,value,2026-08-05T16:12:57Z
2023-08-25T16:00:00Z,2023-08-25T18:00:00+0200,135.42,EUR/MWh,NL,NL,day_ahead_price,value,2026-08-05T16:12:57Z
2023-08-25T17:00:00Z,2023-08-25T19:00:00+0200,156.78,EUR/MWh,NL,NL,day_ahead_price,value,2026-08-05T16:12:57Z
2023-08-25T18:00:00Z,2023-08-25T20:00:00+0200,150.0,EUR/MWh,NL,NL,day_ahead_price,value,2026-08-05T16:12:57Z
2023-08-25T19:00:00Z,2023-08-25T21:00:00+0200,135.9,EUR/MWh,NL,NL,day_ahead_price,value,2026-08-05T16:12:57Z
2023-08-25T20:00:00Z,2023-08-25T22:00:00+0200,126.15,EUR/MWh,NL,NL,day_ahead_price,value,2026-08-05T16:12:57Z
2023-08-25T21:00:00Z,2023-08-25T23:00:00+0200,107.02,EUR/MWh,NL,NL,day_ahead_price,value,2026-08-05T16:12:57Z
2023-08-25T22:00:00Z,2023-08-26T00:00:00+0200,109.9,EUR/MWh,NL,NL,day_ahead_price,value,2026-08-05T16:12:57Z
2023-08-25T23:00:00Z,2023-08-26T01:00:00+0200,104.1,EUR/MWh,NL,NL,day_ahead_price,value,2026-08-05T16:12:57Z
2023-08-26T00:00:00Z,2023-08-26T02:00:00+0200,101.91,EUR/MWh,NL,NL,day_ahead_price,value,2026-08-05T16:12:57Z
2023-08-26T01:00:00Z,2023-08-26T03:00:00+0200,99.52,EUR/MWh,NL,NL,day_ahead_price,value,2026-08-05T16:12:57Z
2023-08-26T02:00:00Z,2023-08-26T04:00:00+0200,94.89,EUR/MWh,NL,NL,day_ahead_price,value,2026-08-05T16:12:57Z
2023-08-26T03:00:00Z,2023-08-26T05:00:00+0200,90.5,EUR/MWh,NL,NL,day_ahead_price,value,2026-08-05T16:12:57Z
2023-08-26T04:00:00Z,2023-08-26T06:00:00+0200,95.48,EUR/MWh,NL,NL,day_ahead_price,value,2026-08-05T16:12:57Z
2023-08-26T05:00:00Z,2023-08-26T07:00:00+0200,95.9,EUR/MWh,NL,NL,day_ahead_price,value,2026-08-05T16:12:57Z
2023-08-26T06:00:00Z,2023-08-26T08:00:00+0200,98.3,EUR/MWh,NL,NL,day_ahead_price,value,2026-08-05T16:12:57Z
2023-08-26T07:00:00Z,2023-08-26T09:00:00+0200,92.64,EUR/MWh,NL,NL,day_ahead_price,value,2026-08-05T16:12:57Z
2023-08-26T08:00:00Z,2023-08-26T10:00:00+0200,85.12,EUR/MWh,NL,NL,day_ahead_price,value,2026-08-05T16:12:57Z
2023-08-26T09:00:00Z,2023-08-26T11:00:00+0200,78.96,EUR/MWh,NL,NL,day_ahead_price,value,2026-08-05T16:12:57Z
2023-08-26T10:00:00Z,2023-08-26T12:00:00+0200,54.9,EUR/MWh,NL,NL,day_ahead_price,value,2026-08-05T16:12:57Z
2023-08-26T11:00:00Z,2023-08-26T13:00:00+0200,15.0,EUR/MWh,NL,NL,day_ahead_price,value,2026-08-05T16:12:57Z
2023-08-26T12:00:00Z,2023-08-26T14:00:00+0200,36.71,EUR/MWh,NL,NL,day_ahead_price,value,2026-08-05T16:12:57Z
2023-08-26T13:00:00Z,2023-08-26T15:00:00+0200,79.82,EUR/MWh,NL,NL,day_ahead_price,value,2026-08-05T16:12:57Z
2023-08-26T14:00:00Z,2023-08-26T16:00:00+0200,87.04,EUR/MWh,NL,NL,day_ahead_price,value,2026-08-05T16:12:57Z
2023-08-26T15:00:00Z,2023-08-26T17:00:00+0200,94.8,EUR/MWh,NL,NL,day_ahead_price,value,2026-08-05T16:12:57Z
2023-08-26T16:00:00Z,2023-08-26T18:00:00+0200,100.0,EUR/MWh,NL,NL,day_ahead_price,value,2026-08-05T16:12:57Z
2023-08-26T17:00:00Z,2023-08-26T19:00:00+0200,120.0,EUR/MWh,NL,NL,day_ahead_price,value,2026-08-05T16:12:57Z
2023-08-26T18:00:00Z,2023-08-26T20:00:00+0200,130.98,EUR/MWh,NL,NL,day_ahead_price,value,2026-08-05T16:12:57Z
2023-08-26T19:00:00Z,2023-08-26T21:00:00+0200,134.7,EUR/MWh,NL,NL,day_ahead_price,value,2026-08-05T16:12:57Z
2023-08-26T20:00:00Z,2023-08-26T22:00:00+0200,122.98,EUR/MWh,NL,NL,day_ahead_price,value,2026-08-05T16:12:57Z
2023-08-26T21:00:00Z,2023-08-26T23:00:00+0200,110.63,EUR/MWh,NL,NL,day_ahead_price,value,2026-08-05T16:12:57Z
2023-08-26T22:00:00Z,2023-08-27T00:00:00+0200,102.39,EUR/MWh,NL,NL,day_ahead_price,value,2026-08-05T16:12:57Z
2023-08-26T23:00:00Z,2023-08-27T01:00:00+0200,98.31,EUR/MWh,NL,NL,day_ahead_price,value,2026-08-05T16:12:57Z
2023-08-27T00:00:00Z,2023-08-27T02:00:00+0200,96.91,EUR/MWh,NL,NL,day_ahead_price,value,2026-08-05T16:12:57Z
2023-08-27T01:00:00Z,2023-08-27T03:00:00+0200,96.57,EUR/MWh,NL,NL,day_ahead_price,value,2026-08-05T16:12:57Z
2023-08-27T02:00:00Z,2023-08-27T04:00:00+0200,98.6,EUR/MWh,NL,NL,day_ahead_price,value,2026-08-05T16:12:57Z
2023-08-27T03:00:00Z,2023-08-27T05:00:00+0200,99.53,EUR/MWh,NL,NL,day_ahead_price,value,2026-08-05T16:12:57Z
2023-08-27T04:00:00Z,2023-08-27T06:00:00+0200,96.31,EUR/MWh,NL,NL,day_ahead_price,value,2026-08-05T16:12:57Z
2023-08-27T05:00:00Z,2023-08-27T07:00:00+0200,96.0,EUR/MWh,NL,NL,day_ahead_price,value,2026-08-05T16:12:57Z
2023-08-27T06:00:00Z,2023-08-27T08:00:00+0200,94.1,EUR/MWh,NL,NL,day_ahead_price,value,2026-08-05T16:12:57Z
2023-08-27T07:00:00Z,2023-08-27T09:00:00+0200,94.92,EUR/MWh,NL,NL,day_ahead_price,value,2026-08-05T16:12:57Z
2023-08-27T08:00:00Z,2023-08-27T10:00:00+0200,93.22,EUR/MWh,NL,NL,day_ahead_price,value,2026-08-05T16:12:57Z
2023-08-27T09:00:00Z,2023-08-27T11:00:00+0200,93.96,EUR/MWh,NL,NL,day_ahead_price,value,2026-08-05T16:12:57Z
2023-08-27T10:00:00Z,2023-08-27T12:00:00+0200,80.41,EUR/MWh,NL,NL,day_ahead_price,value,2026-08-05T16:12:57Z
2023-08-27T11:00:00Z,2023-08-27T13:00:00+0200,59.0,EUR/MWh,NL,NL,day_ahead_price,value,2026-08-05T16:12:57Z
2023-08-27T12:00:00Z,2023-08-27T14:00:00+0200,0.01,EUR/MWh,NL,NL,day_ahead_price,value,2026-08-05T16:12:57Z
2023-08-27T13:00:00Z,2023-08-27T15:00:00+0200,67.83,EUR/MWh,NL,NL,day_ahead_price,value,2026-08-05T16:12:57Z
2023-08-27T14:00:00Z,2023-08-27T16:00:00+0200,85.72,EUR/MWh,NL,NL,day_ahead_price,value,2026-08-05T16:12:57Z
2023-08-27T15:00:00Z,2023-08-27T17:00:00+0200,100.86,EUR/MWh,NL,NL,day_ahead_price,value,2026-08-05T16:12:57Z
2023-08-27T16:00:00Z,2023-08-27T18:00:00+0200,99.9,EUR/MWh,NL,NL,day_ahead_price,value,2026-08-05T16:12:57Z
2023-08-27T17:00:00Z,2023-08-27T19:00:00+0200,120.25,EUR/MWh,NL,NL,day_ahead_price,value,2026-08-05T16:12:57Z
2023-08-27T18:00:00Z,2023-08-27T20:00:00+0200,125.2,EUR/MWh,NL,NL,day_ahead_price,value,2026-08-05T16:12:57Z
2023-08-27T19:00:00Z,2023-08-27T21:00:00+0200,127.25,EUR/MWh,NL,NL,day_ahead_price,value,2026-08-05T16:12:57Z
2023-08-27T20:00:00Z,2023-08-27T22:00:00+0200,119.0,EUR/MWh,NL,NL,day_ahead_price,value,2026-08-05T16:12:57Z
2023-08-27T21:00:00Z,2023-08-27T23:00:00+0200,102.99,EUR/MWh,NL,NL,day_ahead_price,value,2026-08-05T16:12:57Z
2023-08-27T22:00:00Z,2023-08-28T00:00:00+0200,93.31,EUR/MWh,NL,NL,day_ahead_price,value,2026-08-05T16:12:57Z
2023-08-27T23:00:00Z,2023-08-28T01:00:00+0200,88.52,EUR/MWh,NL,NL,day_ahead_price,value,2026-08-05T16:12:57Z
2023-08-28T00:00:00Z,2023-08-28T02:00:00+0200,85.0,EUR/MWh,NL,NL,day_ahead_price,value,2026-08-05T16:12:57Z
2023-08-28T01:00:00Z,2023-08-28T03:00:00+0200,80.66,EUR/MWh,NL,NL,day_ahead_price,value,2026-08-05T16:12:57Z
2023-08-28T02:00:00Z,2023-08-28T04:00:00+0200,86.71,EUR/MWh,NL,NL,day_ahead_price,value,2026-08-05T16:12:57Z
2023-08-28T03:00:00Z,2023-08-28T05:00:00+0200,93.96,EUR/MWh,NL,NL,day_ahead_price,value,2026-08-05T16:12:57Z
2023-08-28T04:00:00Z,2023-08-28T06:00:00+0200,111.6,EUR/MWh,NL,NL,day_ahead_price,value,2026-08-05T16:12:57Z
2023-08-28T05:00:00Z,2023-08-28T07:00:00+0200,135.66,EUR/MWh,NL,NL,day_ahead_price,value,2026-08-05T16:12:57Z
2023-08-28T06:00:00Z,2023-08-28T08:00:00+0200,140.8,EUR/MWh,NL,NL,day_ahead_price,value,2026-08-05T16:12:57Z
2023-08-28T07:00:00Z,2023-08-28T09:00:00+0200,124.31,EUR/MWh,NL,NL,day_ahead_price,value,2026-08-05T16:12:57Z
2023-08-28T08:00:00Z,2023-08-28T10:00:00+0200,100.02,EUR/MWh,NL,NL,day_ahead_price,value,2026-08-05T16:12:57Z
2023-08-28T09:00:00Z,2023-08-28T11:00:00+0200,98.0,EUR/MWh,NL,NL,day_ahead_price,value,2026-08-05T16:12:57Z
2023-08-28T10:00:00Z,2023-08-28T12:00:00+0200,100.9,EUR/MWh,NL,NL,day_ahead_price,value,2026-08-05T16:12:57Z
2023-08-28T11:00:00Z,2023-08-28T13:00:00+0200,88.0,EUR/MWh,NL,NL,day_ahead_price,value,2026-08-05T16:12:57Z
2023-08-28T12:00:00Z,2023-08-28T14:00:00+0200,83.34,EUR/MWh,NL,NL,day_ahead_price,value,2026-08-05T16:12:57Z
2023-08-28T13:00:00Z,2023-08-28T15:00:00+0200,81.51,EUR/MWh,NL,NL,day_ahead_price,value,2026-08-05T16:12:57Z
2023-08-28T14:00:00Z,2023-08-28T16:00:00+0200,90.0,EUR/MWh,NL,NL,day_ahead_price,value,2026-08-05T16:12:57Z
2023-08-28T15:00:00Z,2023-08-28T17:00:00+0200,99.91,EUR/MWh,NL,NL,day_ahead_price,value,2026-08-05T16:12:57Z
2023-08-28T16:00:00Z,2023-08-28T18:00:00+0200,130.0,EUR/MWh,NL,NL,day_ahead_price,value,2026-08-05T16:12:57Z
2023-08-28T17:00:00Z,2023-08-28T19:00:00+0200,166.23,EUR/MWh,NL,NL,day_ahead_price,value,2026-08-05T16:12:57Z
2023-08-28T18:00:00Z,2023-08-28T20:00:00+0200,166.73,EUR/MWh,NL,NL,day_ahead_price,value,2026-08-05T16:12:57Z
2023-08-28T19:00:00Z,2023-08-28T21:00:00+0200,142.4,EUR/MWh,NL,NL,day_ahead_price,value,2026-08-05T16:12:57Z
2023-08-28T20:00:00Z,2023-08-28T22:00:00+0200,123.72,EUR/MWh,NL,NL,day_ahead_price,value,2026-08-05T16:12:57Z
2023-08-28T21:00:00Z,2023-08-28T23:00:00+0200,107.94,EUR/MWh,NL,NL,day_ahead_price,value,2026-08-05T16:12:57Z
2023-08-28T22:00:00Z,2023-08-29T00:00:00+0200,103.12,EUR/MWh,NL,NL,day_ahead_price,value,2026-08-05T16:12:57Z
2023-08-28T23:00:00Z,2023-08-29T01:00:00+0200,96.97,EUR/MWh,NL,NL,day_ahead_price,value,2026-08-05T16:12:57Z
2023-08-29T00:00:00Z,2023-08-29T02:00:00+0200,95.04,EUR/MWh,NL,NL,day_ahead_price,value,2026-08-05T16:12:57Z
2023-08-29T01:00:00Z,2023-08-29T03:00:00+0200,95.04,EUR/MWh,NL,NL,day_ahead_price,value,2026-08-05T16:12:57Z
2023-08-29T02:00:00Z,2023-08-29T04:00:00+0200,95.05,EUR/MWh,NL,NL,day_ahead_price,value,2026-08-05T16:12:57Z
2023-08-29T03:00:00Z,2023-08-29T05:00:00+0200,98.81,EUR/MWh,NL,NL,day_ahead_price,value,2026-08-05T16:12:57Z
2023-08-29T04:00:00Z,2023-08-29T06:00:00+0200,116.62,EUR/MWh,NL,NL,day_ahead_price,value,2026-08-05T16:12:57Z
2023-08-29T05:00:00Z,2023-08-29T07:00:00+0200,144.56,EUR/MWh,NL,NL,day_ahead_price,value,2026-08-05T16:12:57Z
2023-08-29T06:00:00Z,2023-08-29T08:00:00+0200,119.9,EUR/MWh,NL,NL,day_ahead_price,value,2026-08-05T16:12:57Z
2023-08-29T07:00:00Z,2023-08-29T09:00:00+0200,117.8,EUR/MWh,NL,NL,day_ahead_price,value,2026-08-05T16:12:57Z
2023-08-29T08:00:00Z,2023-08-29T10:00:00+0200,103.93,EUR/MWh,NL,NL,day_ahead_price,value,2026-08-05T16:12:57Z
2023-08-29T09:00:00Z,2023-08-29T11:00:00+0200,95.3,EUR/MWh,NL,NL,day_ahead_price,value,2026-08-05T16:12:57Z
2023-08-29T10:00:00Z,2023-08-29T12:00:00+0200,93.0,EUR/MWh,NL,NL,day_ahead_price,value,2026-08-05T16:12:57Z
2023-08-29T11:00:00Z,2023-08-29T13:00:00+0200,90.1,EUR/MWh,NL,NL,day_ahead_price,value,2026-08-05T16:12:57Z
2023-08-29T12:00:00Z,2023-08-29T14:00:00+0200,89.0,EUR/MWh,NL,NL,day_ahead_price,value,2026-08-05T16:12:57Z
2023-08-29T13:00:00Z,2023-08-29T15:00:00+0200,91.5,EUR/MWh,NL,NL,day_ahead_price,value,2026-08-05T16:12:57Z
2023-08-29T14:00:00Z,2023-08-29T16:00:00+0200,100.0,EUR/MWh,NL,NL,day_ahead_price,value,2026-08-05T16:12:57Z
2023-08-29T15:00:00Z,2023-08-29T17:00:00+0200,94.6,EUR/MWh,NL,NL,day_ahead_price,value,2026-08-05T16:12:57Z
2023-08-29T16:00:00Z,2023-08-29T18:00:00+0200,115.5,EUR/MWh,NL,NL,day_ahead_price,value,2026-08-05T16:12:57Z
2023-08-29T17:00:00Z,2023-08-29T19:00:00+0200,145.59,EUR/MWh,NL,NL,day_ahead_price,value,2026-08-05T16:12:57Z
2023-08-29T18:00:00Z,2023-08-29T20:00:00+0200,158.54,EUR/MWh,NL,NL,day_ahead_price,value,2026-08-05T16:12:57Z
2023-08-29T19:00:00Z,2023-08-29T21:00:00+0200,136.68,EUR/MWh,NL,NL,day_ahead_price,value,2026-08-05T16:12:57Z
2023-08-29T20:00:00Z,2023-08-29T22:00:00+0200,122.08,EUR/MWh,NL,NL,day_ahead_price,value,2026-08-05T16:12:57Z
2023-08-29T21:00:00Z,2023-08-29T23:00:00+0200,102.81,EUR/MWh,NL,NL,day_ahead_price,value,2026-08-05T16:12:57Z
2023-08-29T22:00:00Z,2023-08-30T00:00:00+0200,100.12,EUR/MWh,NL,NL,day_ahead_price,value,2026-08-05T16:12:57Z
2023-08-29T23:00:00Z,2023-08-30T01:00:00+0200,98.6,EUR/MWh,NL,NL,day_ahead_price,value,2026-08-05T16:12:57Z
2023-08-30T00:00:00Z,2023-08-30T02:00:00+0200,96.36,EUR/MWh,NL,NL,day_ahead_price,value,2026-08-05T16:12:57Z
2023-08-30T01:00:00Z,2023-08-30T03:00:00+0200,93.49,EUR/MWh,NL,NL,day_ahead_price,value,2026-08-05T16:12:57Z
2023-08-30T02:00:00Z,2023-08-30T04:00:00+0200,93.71,EUR/MWh,NL,NL,day_ahead_price,value,2026-08-05T16:12:57Z
2023-08-30T03:00:00Z,2023-08-30T05:00:00+0200,94.59,EUR/MWh,NL,NL,day_ahead_price,value,2026-08-05T16:12:57Z
2023-08-30T04:00:00Z,2023-08-30T06:00:00+0200,110.1,EUR/MWh,NL,NL,day_ahead_price,value,2026-08-05T16:12:57Z
2023-08-30T05:00:00Z,2023-08-30T07:00:00+0200,133.64,EUR/MWh,NL,NL,day_ahead_price,value,2026-08-05T16:12:57Z
2023-08-30T06:00:00Z,2023-08-30T08:00:00+0200,136.85,EUR/MWh,NL,NL,day_ahead_price,value,2026-08-05T16:12:57Z
2023-08-30T07:00:00Z,2023-08-30T09:00:00+0200,124.5,EUR/MWh,NL,NL,day_ahead_price,value,2026-08-05T16:12:57Z
2023-08-30T08:00:00Z,2023-08-30T10:00:00+0200,110.2,EUR/MWh,NL,NL,day_ahead_price,value,2026-08-05T16:12:57Z
2023-08-30T09:00:00Z,2023-08-30T11:00:00+0200,98.87,EUR/MWh,NL,NL,day_ahead_price,value,2026-08-05T16:12:57Z
2023-08-30T10:00:00Z,2023-08-30T12:00:00+0200,97.38,EUR/MWh,NL,NL,day_ahead_price,value,2026-08-05T16:12:57Z
2023-08-30T11:00:00Z,2023-08-30T13:00:00+0200,95.28,EUR/MWh,NL,NL,day_ahead_price,value,2026-08-05T16:12:57Z
2023-08-30T12:00:00Z,2023-08-30T14:00:00+0200,94.02,EUR/MWh,NL,NL,day_ahead_price,value,2026-08-05T16:12:57Z
2023-08-30T13:00:00Z,2023-08-30T15:00:00+0200,96.65,EUR/MWh,NL,NL,day_ahead_price,value,2026-08-05T16:12:57Z
2023-08-30T14:00:00Z,2023-08-30T16:00:00+0200,95.74,EUR/MWh,NL,NL,day_ahead_price,value,2026-08-05T16:12:57Z
2023-08-30T15:00:00Z,2023-08-30T17:00:00+0200,109.89,EUR/MWh,NL,NL,day_ahead_price,value,2026-08-05T16:12:57Z
2023-08-30T16:00:00Z,2023-08-30T18:00:00+0200,130.0,EUR/MWh,NL,NL,day_ahead_price,value,2026-08-05T16:12:57Z
2023-08-30T17:00:00Z,2023-08-30T19:00:00+0200,161.84,EUR/MWh,NL,NL,day_ahead_price,value,2026-08-05T16:12:57Z
2023-08-30T18:00:00Z,2023-08-30T20:00:00+0200,163.0,EUR/MWh,NL,NL,day_ahead_price,value,2026-08-05T16:12:57Z
2023-08-30T19:00:00Z,2023-08-30T21:00:00+0200,134.4,EUR/MWh,NL,NL,day_ahead_price,value,2026-08-05T16:12:57Z
2023-08-30T20:00:00Z,2023-08-30T22:00:00+0200,119.49,EUR/MWh,NL,NL,day_ahead_price,value,2026-08-05T16:12:57Z
2023-08-30T21:00:00Z,2023-08-30T23:00:00+0200,101.59,EUR/MWh,NL,NL,day_ahead_price,value,2026-08-05T16:12:57Z
2023-08-30T22:00:00Z,2023-08-31T00:00:00+0200,96.31,EUR/MWh,NL,NL,day_ahead_price,value,2026-08-05T16:12:57Z
2023-08-30T23:00:00Z,2023-08-31T01:00:00+0200,91.76,EUR/MWh,NL,NL,day_ahead_price,value,2026-08-05T16:12:57Z
2023-08-31T00:00:00Z,2023-08-31T02:00:00+0200,91.43,EUR/MWh,NL,NL,day_ahead_price,value,2026-08-05T16:12:57Z
2023-08-31T01:00:00Z,2023-08-31T03:00:00+0200,90.78,EUR/MWh,NL,NL,day_ahead_price,value,2026-08-05T16:12:57Z
2023-08-31T02:00:00Z,2023-08-31T04:00:00+0200,88.51,EUR/MWh,NL,NL,day_ahead_price,value,2026-08-05T16:12:57Z
2023-08-31T03:00:00Z,2023-08-31T05:00:00+0200,91.55,EUR/MWh,NL,NL,day_ahead_price,value,2026-08-05T16:12:57Z
2023-08-31T04:00:00Z,2023-08-31T06:00:00+0200,105.3,EUR/MWh,NL,NL,day_ahead_price,value,2026-08-05T16:12:57Z
2023-08-31T05:00:00Z,2023-08-31T07:00:00+0200,135.61,EUR/MWh,NL,NL,day_ahead_price,value,2026-08-05T16:12:57Z
2023-08-31T06:00:00Z,2023-08-31T08:00:00+0200,127.8,EUR/MWh,NL,NL,day_ahead_price,value,2026-08-05T16:12:57Z
2023-08-31T07:00:00Z,2023-08-31T09:00:00+0200,114.09,EUR/MWh,NL,NL,day_ahead_price,value,2026-08-05T16:12:57Z
2023-08-31T08:00:00Z,2023-08-31T10:00:00+0200,96.91,EUR/MWh,NL,NL,day_ahead_price,value,2026-08-05T16:12:57Z
2023-08-31T09:00:00Z,2023-08-31T11:00:00+0200,92.0,EUR/MWh,NL,NL,day_ahead_price,value,2026-08-05T16:12:57Z
2023-08-31T10:00:00Z,2023-08-31T12:00:00+0200,90.06,EUR/MWh,NL,NL,day_ahead_price,value,2026-08-05T16:12:57Z
2023-08-31T11:00:00Z,2023-08-31T13:00:00+0200,84.98,EUR/MWh,NL,NL,day_ahead_price,value,2026-08-05T16:12:57Z
2023-08-31T12:00:00Z,2023-08-31T14:00:00+0200,81.68,EUR/MWh,NL,NL,day_ahead_price,value,2026-08-05T16:12:57Z
2023-08-31T13:00:00Z,2023-08-31T15:00:00+0200,86.68,EUR/MWh,NL,NL,day_ahead_price,value,2026-08-05T16:12:57Z
2023-08-31T14:00:00Z,2023-08-31T16:00:00+0200,89.34,EUR/MWh,NL,NL,day_ahead_price,value,2026-08-05T16:12:57Z
2023-08-31T15:00:00Z,2023-08-31T17:00:00+0200,99.8,EUR/MWh,NL,NL,day_ahead_price,value,2026-08-05T16:12:57Z
2023-08-31T16:00:00Z,2023-08-31T18:00:00+0200,118.97,EUR/MWh,NL,NL,day_ahead_price,value,2026-08-05T16:12:57Z
2023-08-31T17:00:00Z,2023-08-31T19:00:00+0200,148.55,EUR/MWh,NL,NL,day_ahead_price,value,2026-08-05T16:12:57Z
2023-08-31T18:00:00Z,2023-08-31T20:00:00+0200,138.99,EUR/MWh,NL,NL,day_ahead_price,value,2026-08-05T16:12:57Z
2023-08-31T19:00:00Z,2023-08-31T21:00:00+0200,125.67,EUR/MWh,NL,NL,day_ahead_price,value,2026-08-05T16:12:57Z
2023-08-31T20:00:00Z,2023-08-31T22:00:00+0200,106.07,EUR/MWh,NL,NL,day_ahead_price,value,2026-08-05T16:12:57Z
2023-08-31T21:00:00Z,2023-08-31T23:00:00+0200,96.89,EUR/MWh,NL,NL,day_ahead_price,value,2026-08-05T16:12:57Z
2023-08-31T22:00:00Z,2023-09-01T00:00:00+0200,98.9,EUR/MWh,NL,NL,day_ahead_price,value,2026-08-05T16:12:57Z
2023-08-31T23:00:00Z,2023-09-01T01:00:00+0200,95.97,EUR/MWh,NL,NL,day_ahead_price,value,2026-08-05T16:12:57Z
2023-09-01T00:00:00Z,2023-09-01T02:00:00+0200,93.29,EUR/MWh,NL,NL,day_ahead_price,value,2026-08-05T16:12:57Z
2023-09-01T01:00:00Z,2023-09-01T03:00:00+0200,93.74,EUR/MWh,NL,NL,day_ahead_price,value,2026-08-05T16:12:57Z
2023-09-01T02:00:00Z,2023-09-01T04:00:00+0200,94.08,EUR/MWh,NL,NL,day_ahead_price,value,2026-08-05T16:12:57Z
2023-09-01T03:00:00Z,2023-09-01T05:00:00+0200,97.2,EUR/MWh,NL,NL,day_ahead_price,value,2026-08-05T16:12:57Z
2023-09-01T04:00:00Z,2023-09-01T06:00:00+0200,112.04,EUR/MWh,NL,NL,day_ahead_price,value,2026-08-05T16:12:57Z
2023-09-01T05:00:00Z,2023-09-01T07:00:00+0200,128.43,EUR/MWh,NL,NL,day_ahead_price,value,2026-08-05T16:12:57Z
2023-09-01T06:00:00Z,2023-09-01T08:00:00+0200,129.43,EUR/MWh,NL,NL,day_ahead_price,value,2026-08-05T16:12:57Z
2023-09-01T07:00:00Z,2023-09-01T09:00:00+0200,111.3,EUR/MWh,NL,NL,day_ahead_price,value,2026-08-05T16:12:57Z
2023-09-01T08:00:00Z,2023-09-01T10:00:00+0200,102.22,EUR/MWh,NL,NL,day_ahead_price,value,2026-08-05T16:12:57Z
2023-09-01T09:00:00Z,2023-09-01T11:00:00+0200,96.52,EUR/MWh,NL,NL,day_ahead_price,value,2026-08-05T16:12:57Z
2023-09-01T10:00:00Z,2023-09-01T12:00:00+0200,92.02,EUR/MWh,NL,NL,day_ahead_price,value,2026-08-05T16:12:57Z
2023-09-01T11:00:00Z,2023-09-01T13:00:00+0200,88.9,EUR/MWh,NL,NL,day_ahead_price,value,2026-08-05T16:12:57Z
2023-09-01T12:00:00Z,2023-09-01T14:00:00+0200,89.23,EUR/MWh,NL,NL,day_ahead_price,value,2026-08-05T16:12:57Z
2023-09-01T13:00:00Z,2023-09-01T15:00:00+0200,92.55,EUR/MWh,NL,NL,day_ahead_price,value,2026-08-05T16:12:57Z
2023-09-01T14:00:00Z,2023-09-01T16:00:00+0200,94.08,EUR/MWh,NL,NL,day_ahead_price,value,2026-08-05T16:12:57Z
2023-09-01T15:00:00Z,2023-09-01T17:00:00+0200,106.05,EUR/MWh,NL,NL,day_ahead_price,value,2026-08-05T16:12:57Z
2023-09-01T16:00:00Z,2023-09-01T18:00:00+0200,125.5,EUR/MWh,NL,NL,day_ahead_price,value,2026-08-05T16:12:57Z
2023-09-01T17:00:00Z,2023-09-01T19:00:00+0200,147.73,EUR/MWh,NL,NL,day_ahead_price,value,2026-08-05T16:12:57Z
2023-09-01T18:00:00Z,2023-09-01T20:00:00+0200,144.48,EUR/MWh,NL,NL,day_ahead_price,value,2026-08-05T16:12:57Z
2023-09-01T19:00:00Z,2023-09-01T21:00:00+0200,127.82,EUR/MWh,NL,NL,day_ahead_price,value,2026-08-05T16:12:57Z
2023-09-01T20:00:00Z,2023-09-01T22:00:00+0200,118.56,EUR/MWh,NL,NL,day_ahead_price,value,2026-08-05T16:12:57Z
2023-09-01T21:00:00Z,2023-09-01T23:00:00+0200,114.65,EUR/MWh,NL,NL,day_ahead_price,value,2026-08-05T16:12:57Z
2023-09-01T22:00:00Z,2023-09-02T00:00:00+0200,107.46,EUR/MWh,NL,NL,day_ahead_price,value,2026-08-05T16:12:57Z
2023-09-01T23:00:00Z,2023-09-02T01:00:00+0200,102.7,EUR/MWh,NL,NL,day_ahead_price,value,2026-08-05T16:12:57Z
2023-09-02T00:00:00Z,2023-09-02T02:00:00+0200,100.0,EUR/MWh,NL,NL,day_ahead_price,value,2026-08-05T16:12:57Z
2023-09-02T01:00:00Z,2023-09-02T03:00:00+0200,96.47,EUR/MWh,NL,NL,day_ahead_price,value,2026-08-05T16:12:57Z
2023-09-02T02:00:00Z,2023-09-02T04:00:00+0200,95.84,EUR/MWh,NL,NL,day_ahead_price,value,2026-08-05T16:12:57Z
2023-09-02T03:00:00Z,2023-09-02T05:00:00+0200,96.3,EUR/MWh,NL,NL,day_ahead_price,value,2026-08-05T16:12:57Z
2023-09-02T04:00:00Z,2023-09-02T06:00:00+0200,101.02,EUR/MWh,NL,NL,day_ahead_price,value,2026-08-05T16:12:57Z
2023-09-02T05:00:00Z,2023-09-02T07:00:00+0200,101.09,EUR/MWh,NL,NL,day_ahead_price,value,2026-08-05T16:12:57Z
2023-09-02T06:00:00Z,2023-09-02T08:00:00+0200,100.22,EUR/MWh,NL,NL,day_ahead_price,value,2026-08-05T16:12:57Z
2023-09-02T07:00:00Z,2023-09-02T09:00:00+0200,94.58,EUR/MWh,NL,NL,day_ahead_price,value,2026-08-05T16:12:57Z
2023-09-02T08:00:00Z,2023-09-02T10:00:00+0200,89.77,EUR/MWh,NL,NL,day_ahead_price,value,2026-08-05T16:12:57Z
2023-09-02T09:00:00Z,2023-09-02T11:00:00+0200,79.9,EUR/MWh,NL,NL,day_ahead_price,value,2026-08-05T16:12:57Z
2023-09-02T10:00:00Z,2023-09-02T12:00:00+0200,76.0,EUR/MWh,NL,NL,day_ahead_price,value,2026-08-05T16:12:57Z
2023-09-02T11:00:00Z,2023-09-02T13:00:00+0200,62.99,EUR/MWh,NL,NL,day_ahead_price,value,2026-08-05T16:12:57Z
2023-09-02T12:00:00Z,2023-09-02T14:00:00+0200,55.35,EUR/MWh,NL,NL,day_ahead_price,value,2026-08-05T16:12:57Z
2023-09-02T13:00:00Z,2023-09-02T15:00:00+0200,69.4,EUR/MWh,NL,NL,day_ahead_price,value,2026-08-05T16:12:57Z
2023-09-02T14:00:00Z,2023-09-02T16:00:00+0200,80.01,EUR/MWh,NL,NL,day_ahead_price,value,2026-08-05T16:12:57Z
2023-09-02T15:00:00Z,2023-09-02T17:00:00+0200,93.45,EUR/MWh,NL,NL,day_ahead_price,value,2026-08-05T16:12:57Z
2023-09-02T16:00:00Z,2023-09-02T18:00:00+0200,110.0,EUR/MWh,NL,NL,day_ahead_price,value,2026-08-05T16:12:57Z
2023-09-02T17:00:00Z,2023-09-02T19:00:00+0200,121.86,EUR/MWh,NL,NL,day_ahead_price,value,2026-08-05T16:12:57Z
2023-09-02T18:00:00Z,2023-09-02T20:00:00+0200,126.9,EUR/MWh,NL,NL,day_ahead_price,value,2026-08-05T16:12:57Z
2023-09-02T19:00:00Z,2023-09-02T21:00:00+0200,115.19,EUR/MWh,NL,NL,day_ahead_price,value,2026-08-05T16:12:57Z
2023-09-02T20:00:00Z,2023-09-02T22:00:00+0200,105.64,EUR/MWh,NL,NL,day_ahead_price,value,2026-08-05T16:12:57Z
2023-09-02T21:00:00Z,2023-09-02T23:00:00+0200,97.34,EUR/MWh,NL,NL,day_ahead_price,value,2026-08-05T16:12:57Z
2023-09-02T22:00:00Z,2023-09-03T00:00:00+0200,105.28,EUR/MWh,NL,NL,day_ahead_price,value,2026-08-05T16:12:57Z
2023-09-02T23:00:00Z,2023-09-03T01:00:00+0200,101.02,EUR/MWh,NL,NL,day_ahead_price,value,2026-08-05T16:12:57Z
2023-09-03T00:00:00Z,2023-09-03T02:00:00+0200,103.79,EUR/MWh,NL,NL,day_ahead_price,value,2026-08-05T16:12:57Z
2023-09-03T01:00:00Z,2023-09-03T03:00:00+0200,104.37,EUR/MWh,NL,NL,day_ahead_price,value,2026-08-05T16:12:57Z
2023-09-03T02:00:00Z,2023-09-03T04:00:00+0200,100.37,EUR/MWh,NL,NL,day_ahead_price,value,2026-08-05T16:12:57Z
2023-09-03T03:00:00Z,2023-09-03T05:00:00+0200,99.9,EUR/MWh,NL,NL,day_ahead_price,value,2026-08-05T16:12:57Z
2023-09-03T04:00:00Z,2023-09-03T06:00:00+0200,100.26,EUR/MWh,NL,NL,day_ahead_price,value,2026-08-05T16:12:57Z
2023-09-03T05:00:00Z,2023-09-03T07:00:00+0200,97.12,EUR/MWh,NL,NL,day_ahead_price,value,2026-08-05T16:12:57Z
2023-09-03T06:00:00Z,2023-09-03T08:00:00+0200,90.67,EUR/MWh,NL,NL,day_ahead_price,value,2026-08-05T16:12:57Z
2023-09-03T07:00:00Z,2023-09-03T09:00:00+0200,83.0,EUR/MWh,NL,NL,day_ahead_price,value,2026-08-05T16:12:57Z
2023-09-03T08:00:00Z,2023-09-03T10:00:00+0200,60.3,EUR/MWh,NL,NL,day_ahead_price,value,2026-08-05T16:12:57Z
2023-09-03T09:00:00Z,2023-09-03T11:00:00+0200,43.43,EUR/MWh,NL,NL,day_ahead_price,value,2026-08-05T16:12:57Z
2023-09-03T10:00:00Z,2023-09-03T12:00:00+0200,21.37,EUR/MWh,NL,NL,day_ahead_price,value,2026-08-05T16:12:57Z
2023-09-03T11:00:00Z,2023-09-03T13:00:00+0200,11.33,EUR/MWh,NL,NL,day_ahead_price,value,2026-08-05T16:12:57Z
2023-09-03T12:00:00Z,2023-09-03T14:00:00+0200,4.94,EUR/MWh,NL,NL,day_ahead_price,value,2026-08-05T16:12:57Z
2023-09-03T13:00:00Z,2023-09-03T15:00:00+0200,15.71,EUR/MWh,NL,NL,day_ahead_price,value,2026-08-05T16:12:57Z
2023-09-03T14:00:00Z,2023-09-03T16:00:00+0200,53.66,EUR/MWh,NL,NL,day_ahead_price,value,2026-08-05T16:12:57Z
2023-09-03T15:00:00Z,2023-09-03T17:00:00+0200,95.1,EUR/MWh,NL,NL,day_ahead_price,value,2026-08-05T16:12:57Z
2023-09-03T16:00:00Z,2023-09-03T18:00:00+0200,110.03,EUR/MWh,NL,NL,day_ahead_price,value,2026-08-05T16:12:57Z
2023-09-03T17:00:00Z,2023-09-03T19:00:00+0200,125.19,EUR/MWh,NL,NL,day_ahead_price,value,2026-08-05T16:12:57Z
2023-09-03T18:00:00Z,2023-09-03T20:00:00+0200,138.59,EUR/MWh,NL,NL,day_ahead_price,value,2026-08-05T16:12:57Z
2023-09-03T19:00:00Z,2023-09-03T21:00:00+0200,120.11,EUR/MWh,NL,NL,day_ahead_price,value,2026-08-05T16:12:57Z
2023-09-03T20:00:00Z,2023-09-03T22:00:00+0200,109.83,EUR/MWh,NL,NL,day_ahead_price,value,2026-08-05T16:12:57Z
2023-09-03T21:00:00Z,2023-09-03T23:00:00+0200,101.17,EUR/MWh,NL,NL,day_ahead_price,value,2026-08-05T16:12:57Z
2023-09-03T22:00:00Z,2023-09-04T00:00:00+0200,100.85,EUR/MWh,NL,NL,day_ahead_price,value,2026-08-05T16:12:57Z
2023-09-03T23:00:00Z,2023-09-04T01:00:00+0200,94.49,EUR/MWh,NL,NL,day_ahead_price,value,2026-08-05T16:12:57Z
2023-09-04T00:00:00Z,2023-09-04T02:00:00+0200,93.14,EUR/MWh,NL,NL,day_ahead_price,value,2026-08-05T16:12:57Z
2023-09-04T01:00:00Z,2023-09-04T03:00:00+0200,93.59,EUR/MWh,NL,NL,day_ahead_price,value,2026-08-05T16:12:57Z
2023-09-04T02:00:00Z,2023-09-04T04:00:00+0200,93.19,EUR/MWh,NL,NL,day_ahead_price,value,2026-08-05T16:12:57Z
2023-09-04T03:00:00Z,2023-09-04T05:00:00+0200,103.38,EUR/MWh,NL,NL,day_ahead_price,value,2026-08-05T16:12:57Z
2023-09-04T04:00:00Z,2023-09-04T06:00:00+0200,127.33,EUR/MWh,NL,NL,day_ahead_price,value,2026-08-05T16:12:57Z
2023-09-04T05:00:00Z,2023-09-04T07:00:00+0200,144.33,EUR/MWh,NL,NL,day_ahead_price,value,2026-08-05T16:12:57Z
2023-09-04T06:00:00Z,2023-09-04T08:00:00+0200,129.92,EUR/MWh,NL,NL,day_ahead_price,value,2026-08-05T16:12:57Z
2023-09-04T07:00:00Z,2023-09-04T09:00:00+0200,109.36,EUR/MWh,NL,NL,day_ahead_price,value,2026-08-05T16:12:57Z
2023-09-04T08:00:00Z,2023-09-04T10:00:00+0200,92.88,EUR/MWh,NL,NL,day_ahead_price,value,2026-08-05T16:12:57Z
2023-09-04T09:00:00Z,2023-09-04T11:00:00+0200,82.07,EUR/MWh,NL,NL,day_ahead_price,value,2026-08-05T16:12:57Z
2023-09-04T10:00:00Z,2023-09-04T12:00:00+0200,77.65,EUR/MWh,NL,NL,day_ahead_price,value,2026-08-05T16:12:57Z
2023-09-04T11:00:00Z,2023-09-04T13:00:00+0200,72.51,EUR/MWh,NL,NL,day_ahead_price,value,2026-08-05T16:12:57Z
2023-09-04T12:00:00Z,2023-09-04T14:00:00+0200,72.03,EUR/MWh,NL,NL,day_ahead_price,value,2026-08-05T16:12:57Z
2023-09-04T13:00:00Z,2023-09-04T15:00:00+0200,79.35,EUR/MWh,NL,NL,day_ahead_price,value,2026-08-05T16:12:57Z
2023-09-04T14:00:00Z,2023-09-04T16:00:00+0200,88.81,EUR/MWh,NL,NL,day_ahead_price,value,2026-08-05T16:12:57Z
2023-09-04T15:00:00Z,2023-09-04T17:00:00+0200,108.72,EUR/MWh,NL,NL,day_ahead_price,value,2026-08-05T16:12:57Z
2023-09-04T16:00:00Z,2023-09-04T18:00:00+0200,128.0,EUR/MWh,NL,NL,day_ahead_price,value,2026-08-05T16:12:57Z
2023-09-04T17:00:00Z,2023-09-04T19:00:00+0200,184.78,EUR/MWh,NL,NL,day_ahead_price,value,2026-08-05T16:12:57Z
2023-09-04T18:00:00Z,2023-09-04T20:00:00+0200,172.04,EUR/MWh,NL,NL,day_ahead_price,value,2026-08-05T16:12:57Z
2023-09-04T19:00:00Z,2023-09-04T21:00:00+0200,125.69,EUR/MWh,NL,NL,day_ahead_price,value,2026-08-05T16:12:57Z
2023-09-04T20:00:00Z,2023-09-04T22:00:00+0200,105.01,EUR/MWh,NL,NL,day_ahead_price,value,2026-08-05T16:12:57Z
2023-09-04T21:00:00Z,2023-09-04T23:00:00+0200,95.56,EUR/MWh,NL,NL,day_ahead_price,value,2026-08-05T16:12:57Z
2023-09-04T22:00:00Z,2023-09-05T00:00:00+0200,92.19,EUR/MWh,NL,NL,day_ahead_price,value,2026-08-05T16:12:57Z
2023-09-04T23:00:00Z,2023-09-05T01:00:00+0200,92.13,EUR/MWh,NL,NL,day_ahead_price,value,2026-08-05T16:12:57Z
2023-09-05T00:00:00Z,2023-09-05T02:00:00+0200,89.0,EUR/MWh,NL,NL,day_ahead_price,value,2026-08-05T16:12:57Z
2023-09-05T01:00:00Z,2023-09-05T03:00:00+0200,90.15,EUR/MWh,NL,NL,day_ahead_price,value,2026-08-05T16:12:57Z
2023-09-05T02:00:00Z,2023-09-05T04:00:00+0200,89.36,EUR/MWh,NL,NL,day_ahead_price,value,2026-08-05T16:12:57Z
2023-09-05T03:00:00Z,2023-09-05T05:00:00+0200,95.6,EUR/MWh,NL,NL,day_ahead_price,value,2026-08-05T16:12:57Z
2023-09-05T04:00:00Z,2023-09-05T06:00:00+0200,120.0,EUR/MWh,NL,NL,day_ahead_price,value,2026-08-05T16:12:57Z
2023-09-05T05:00:00Z,2023-09-05T07:00:00+0200,126.0,EUR/MWh,NL,NL,day_ahead_price,value,2026-08-05T16:12:57Z
2023-09-05T06:00:00Z,2023-09-05T08:00:00+0200,118.1,EUR/MWh,NL,NL,day_ahead_price,value,2026-08-05T16:12:57Z
2023-09-05T07:00:00Z,2023-09-05T09:00:00+0200,97.78,EUR/MWh,NL,NL,day_ahead_price,value,2026-08-05T16:12:57Z
2023-09-05T08:00:00Z,2023-09-05T10:00:00+0200,88.0,EUR/MWh,NL,NL,day_ahead_price,value,2026-08-05T16:12:57Z
2023-09-05T09:00:00Z,2023-09-05T11:00:00+0200,81.85,EUR/MWh,NL,NL,day_ahead_price,value,2026-08-05T16:12:57Z
2023-09-05T10:00:00Z,2023-09-05T12:00:00+0200,72.0,EUR/MWh,NL,NL,day_ahead_price,value,2026-08-05T16:12:57Z
2023-09-05T11:00:00Z,2023-09-05T13:00:00+0200,74.9,EUR/MWh,NL,NL,day_ahead_price,value,2026-08-05T16:12:57Z
2023-09-05T12:00:00Z,2023-09-05T14:00:00+0200,73.94,EUR/MWh,NL,NL,day_ahead_price,value,2026-08-05T16:12:57Z
2023-09-05T13:00:00Z,2023-09-05T15:00:00+0200,83.0,EUR/MWh,NL,NL,day_ahead_price,value,2026-08-05T16:12:57Z
2023-09-05T14:00:00Z,2023-09-05T16:00:00+0200,88.51,EUR/MWh,NL,NL,day_ahead_price,value,2026-08-05T16:12:57Z
2023-09-05T15:00:00Z,2023-09-05T17:00:00+0200,103.26,EUR/MWh,NL,NL,day_ahead_price,value,2026-08-05T16:12:57Z
2023-09-05T16:00:00Z,2023-09-05T18:00:00+0200,129.1,EUR/MWh,NL,NL,day_ahead_price,value,2026-08-05T16:12:57Z
2023-09-05T17:00:00Z,2023-09-05T19:00:00+0200,179.22,EUR/MWh,NL,NL,day_ahead_price,value,2026-08-05T16:12:57Z
2023-09-05T18:00:00Z,2023-09-05T20:00:00+0200,154.27,EUR/MWh,NL,NL,day_ahead_price,value,2026-08-05T16:12:57Z
2023-09-05T19:00:00Z,2023-09-05T21:00:00+0200,121.95,EUR/MWh,NL,NL,day_ahead_price,value,2026-08-05T16:12:57Z
2023-09-05T20:00:00Z,2023-09-05T22:00:00+0200,107.61,EUR/MWh,NL,NL,day_ahead_price,value,2026-08-05T16:12:57Z
2023-09-05T21:00:00Z,2023-09-05T23:00:00+0200,96.03,EUR/MWh,NL,NL,day_ahead_price,value,2026-08-05T16:12:57Z
2023-09-05T22:00:00Z,2023-09-06T00:00:00+0200,88.89,EUR/MWh,NL,NL,day_ahead_price,value,2026-08-05T16:12:57Z
2023-09-05T23:00:00Z,2023-09-06T01:00:00+0200,85.52,EUR/MWh,NL,NL,day_ahead_price,value,2026-08-05T16:13:14Z
2023-09-06T00:00:00Z,2023-09-06T02:00:00+0200,84.11,EUR/MWh,NL,NL,day_ahead_price,value,2026-08-05T16:13:14Z
2023-09-06T01:00:00Z,2023-09-06T03:00:00+0200,84.19,EUR/MWh,NL,NL,day_ahead_price,value,2026-08-05T16:13:14Z
2023-09-06T02:00:00Z,2023-09-06T04:00:00+0200,79.47,EUR/MWh,NL,NL,day_ahead_price,value,2026-08-05T16:13:14Z
2023-09-06T03:00:00Z,2023-09-06T05:00:00+0200,92.24,EUR/MWh,NL,NL,day_ahead_price,value,2026-08-05T16:13:14Z
2023-09-06T04:00:00Z,2023-09-06T06:00:00+0200,115.39,EUR/MWh,NL,NL,day_ahead_price,value,2026-08-05T16:13:14Z
2023-09-06T05:00:00Z,2023-09-06T07:00:00+0200,141.13,EUR/MWh,NL,NL,day_ahead_price,value,2026-08-05T16:13:14Z
2023-09-06T06:00:00Z,2023-09-06T08:00:00+0200,119.19,EUR/MWh,NL,NL,day_ahead_price,value,2026-08-05T16:13:14Z
2023-09-06T07:00:00Z,2023-09-06T09:00:00+0200,97.73,EUR/MWh,NL,NL,day_ahead_price,value,2026-08-05T16:13:14Z
2023-09-06T08:00:00Z,2023-09-06T10:00:00+0200,88.65,EUR/MWh,NL,NL,day_ahead_price,value,2026-08-05T16:13:14Z
2023-09-06T09:00:00Z,2023-09-06T11:00:00+0200,82.1,EUR/MWh,NL,NL,day_ahead_price,value,2026-08-05T16:13:14Z
2023-09-06T10:00:00Z,2023-09-06T12:00:00+0200,75.02,EUR/MWh,NL,NL,day_ahead_price,value,2026-08-05T16:13:14Z
2023-09-06T11:00:00Z,2023-09-06T13:00:00+0200,70.1,EUR/MWh,NL,NL,day_ahead_price,value,2026-08-05T16:13:14Z
2023-09-06T12:00:00Z,2023-09-06T14:00:00+0200,75.48,EUR/MWh,NL,NL,day_ahead_price,value,2026-08-05T16:13:14Z
2023-09-06T13:00:00Z,2023-09-06T15:00:00+0200,82.5,EUR/MWh,NL,NL,day_ahead_price,value,2026-08-05T16:13:14Z
2023-09-06T14:00:00Z,2023-09-06T16:00:00+0200,91.44,EUR/MWh,NL,NL,day_ahead_price,value,2026-08-05T16:13:14Z
2023-09-06T15:00:00Z,2023-09-06T17:00:00+0200,105.87,EUR/MWh,NL,NL,day_ahead_price,value,2026-08-05T16:13:14Z
2023-09-06T16:00:00Z,2023-09-06T18:00:00+0200,145.83,EUR/MWh,NL,NL,day_ahead_price,value,2026-08-05T16:13:14Z
2023-09-06T17:00:00Z,2023-09-06T19:00:00+0200,188.61,EUR/MWh,NL,NL,day_ahead_price,value,2026-08-05T16:13:14Z
2023-09-06T18:00:00Z,2023-09-06T20:00:00+0200,166.04,EUR/MWh,NL,NL,day_ahead_price,value,2026-08-05T16:13:14Z
2023-09-06T19:00:00Z,2023-09-06T21:00:00+0200,123.13,EUR/MWh,NL,NL,day_ahead_price,value,2026-08-05T16:13:14Z
2023-09-06T20:00:00Z,2023-09-06T22:00:00+0200,105.5,EUR/MWh,NL,NL,day_ahead_price,value,2026-08-05T16:13:14Z
2023-09-06T21:00:00Z,2023-09-06T23:00:00+0200,95.72,EUR/MWh,NL,NL,day_ahead_price,value,2026-08-05T16:13:14Z
2023-09-06T22:00:00Z,2023-09-07T00:00:00+0200,95.42,EUR/MWh,NL,NL,day_ahead_price,value,2026-08-05T16:13:14Z
2023-09-06T23:00:00Z,2023-09-07T01:00:00+0200,91.37,EUR/MWh,NL,NL,day_ahead_price,value,2026-08-05T16:13:14Z
2023-09-07T00:00:00Z,2023-09-07T02:00:00+0200,89.08,EUR/MWh,NL,NL,day_ahead_price,value,2026-08-05T16:13:14Z
2023-09-07T01:00:00Z,2023-09-07T03:00:00+0200,83.98,EUR/MWh,NL,NL,day_ahead_price,value,2026-08-05T16:13:14Z
2023-09-07T02:00:00Z,2023-09-07T04:00:00+0200,88.67,EUR/MWh,NL,NL,day_ahead_price,value,2026-08-05T16:13:14Z
2023-09-07T03:00:00Z,2023-09-07T05:00:00+0200,92.44,EUR/MWh,NL,NL,day_ahead_price,value,2026-08-05T16:13:14Z
2023-09-07T04:00:00Z,2023-09-07T06:00:00+0200,115.64,EUR/MWh,NL,NL,day_ahead_price,value,2026-08-05T16:13:14Z
2023-09-07T05:00:00Z,2023-09-07T07:00:00+0200,130.0,EUR/MWh,NL,NL,day_ahead_price,value,2026-08-05T16:13:14Z
2023-09-07T06:00:00Z,2023-09-07T08:00:00+0200,126.0,EUR/MWh,NL,NL,day_ahead_price,value,2026-08-05T16:13:14Z
2023-09-07T07:00:00Z,2023-09-07T09:00:00+0200,102.68,EUR/MWh,NL,NL,day_ahead_price,value,2026-08-05T16:13:14Z
2023-09-07T08:00:00Z,2023-09-07T10:00:00+0200,88.22,EUR/MWh,NL,NL,day_ahead_price,value,2026-08-05T16:13:14Z
2023-09-07T09:00:00Z,2023-09-07T11:00:00+0200,83.03,EUR/MWh,NL,NL,day_ahead_price,value,2026-08-05T16:13:14Z
2023-09-07T10:00:00Z,2023-09-07T12:00:00+0200,67.62,EUR/MWh,NL,NL,day_ahead_price,value,2026-08-05T16:13:14Z
2023-09-07T11:00:00Z,2023-09-07T13:00:00+0200,56.12,EUR/MWh,NL,NL,day_ahead_price,value,2026-08-05T16:13:14Z
2023-09-07T12:00:00Z,2023-09-07T14:00:00+0200,59.48,EUR/MWh,NL,NL,day_ahead_price,value,2026-08-05T16:13:14Z
2023-09-07T13:00:00Z,2023-09-07T15:00:00+0200,82.0,EUR/MWh,NL,NL,day_ahead_price,value,2026-08-05T16:13:14Z
2023-09-07T14:00:00Z,2023-09-07T16:00:00+0200,88.3,EUR/MWh,NL,NL,day_ahead_price,value,2026-08-05T16:13:14Z
2023-09-07T15:00:00Z,2023-09-07T17:00:00+0200,103.14,EUR/MWh,NL,NL,day_ahead_price,value,2026-08-05T16:13:14Z
2023-09-07T16:00:00Z,2023-09-07T18:00:00+0200,133.53,EUR/MWh,NL,NL,day_ahead_price,value,2026-08-05T16:13:14Z
2023-09-07T17:00:00Z,2023-09-07T19:00:00+0200,167.27,EUR/MWh,NL,NL,day_ahead_price,value,2026-08-05T16:13:14Z
2023-09-07T18:00:00Z,2023-09-07T20:00:00+0200,146.73,EUR/MWh,NL,NL,day_ahead_price,value,2026-08-05T16:13:14Z
2023-09-07T19:00:00Z,2023-09-07T21:00:00+0200,118.0,EUR/MWh,NL,NL,day_ahead_price,value,2026-08-05T16:13:14Z
2023-09-07T20:00:00Z,2023-09-07T22:00:00+0200,101.4,EUR/MWh,NL,NL,day_ahead_price,value,2026-08-05T16:13:14Z
2023-09-07T21:00:00Z,2023-09-07T23:00:00+0200,88.91,EUR/MWh,NL,NL,day_ahead_price,value,2026-08-05T16:13:14Z
2023-09-07T22:00:00Z,2023-09-08T00:00:00+0200,84.62,EUR/MWh,NL,NL,day_ahead_price,value,2026-08-05T16:13:14Z
2023-09-07T23:00:00Z,2023-09-08T01:00:00+0200,81.52,EUR/MWh,NL,NL,day_ahead_price,value,2026-08-05T16:13:14Z
2023-09-08T00:00:00Z,2023-09-08T02:00:00+0200,82.06,EUR/MWh,NL,NL,day_ahead_price,value,2026-08-05T16:13:14Z
2023-09-08T01:00:00Z,2023-09-08T03:00:00+0200,82.1,EUR/MWh,NL,NL,day_ahead_price,value,2026-08-05T16:13:14Z
2023-09-08T02:00:00Z,2023-09-08T04:00:00+0200,86.71,EUR/MWh,NL,NL,day_ahead_price,value,2026-08-05T16:13:14Z
2023-09-08T03:00:00Z,2023-09-08T05:00:00+0200,91.82,EUR/MWh,NL,NL,day_ahead_price,value,2026-08-05T16:13:14Z
2023-09-08T04:00:00Z,2023-09-08T06:00:00+0200,111.26,EUR/MWh,NL,NL,day_ahead_price,value,2026-08-05T16:13:14Z
2023-09-08T05:00:00Z,2023-09-08T07:00:00+0200,131.69,EUR/MWh,NL,NL,day_ahead_price,value,2026-08-05T16:13:14Z
2023-09-08T06:00:00Z,2023-09-08T08:00:00+0200,122.51,EUR/MWh,NL,NL,day_ahead_price,value,2026-08-05T16:13:14Z
2023-09-08T07:00:00Z,2023-09-08T09:00:00+0200,100.17,EUR/MWh,NL,NL,day_ahead_price,value,2026-08-05T16:13:14Z
2023-09-08T08:00:00Z,2023-09-08T10:00:00+0200,89.86,EUR/MWh,NL,NL,day_ahead_price,value,2026-08-05T16:13:14Z
2023-09-08T09:00:00Z,2023-09-08T11:00:00+0200,82.48,EUR/MWh,NL,NL,day_ahead_price,value,2026-08-05T16:13:14Z
2023-09-08T10:00:00Z,2023-09-08T12:00:00+0200,72.71,EUR/MWh,NL,NL,day_ahead_price,value,2026-08-05T16:13:14Z
2023-09-08T11:00:00Z,2023-09-08T13:00:00+0200,70.45,EUR/MWh,NL,NL,day_ahead_price,value,2026-08-05T16:13:14Z
2023-09-08T12:00:00Z,2023-09-08T14:00:00+0200,72.22,EUR/MWh,NL,NL,day_ahead_price,value,2026-08-05T16:13:14Z
2023-09-08T13:00:00Z,2023-09-08T15:00:00+0200,80.23,EUR/MWh,NL,NL,day_ahead_price,value,2026-08-05T16:13:14Z
2023-09-08T14:00:00Z,2023-09-08T16:00:00+0200,88.41,EUR/MWh,NL,NL,day_ahead_price,value,2026-08-05T16:13:14Z
2023-09-08T15:00:00Z,2023-09-08T17:00:00+0200,107.9,EUR/MWh,NL,NL,day_ahead_price,value,2026-08-05T16:13:14Z
2023-09-08T16:00:00Z,2023-09-08T18:00:00+0200,170.28,EUR/MWh,NL,NL,day_ahead_price,value,2026-08-05T16:13:14Z
2023-09-08T17:00:00Z,2023-09-08T19:00:00+0200,230.0,EUR/MWh,NL,NL,day_ahead_price,value,2026-08-05T16:13:14Z
2023-09-08T18:00:00Z,2023-09-08T20:00:00+0200,194.24,EUR/MWh,NL,NL,day_ahead_price,value,2026-08-05T16:13:14Z
2023-09-08T19:00:00Z,2023-09-08T21:00:00+0200,132.08,EUR/MWh,NL,NL,day_ahead_price,value,2026-08-05T16:13:14Z
2023-09-08T20:00:00Z,2023-09-08T22:00:00+0200,113.93,EUR/MWh,NL,NL,day_ahead_price,value,2026-08-05T16:13:14Z
2023-09-08T21:00:00Z,2023-09-08T23:00:00+0200,105.98,EUR/MWh,NL,NL,day_ahead_price,value,2026-08-05T16:13:14Z
2023-09-08T22:00:00Z,2023-09-09T00:00:00+0200,105.2,EUR/MWh,NL,NL,day_ahead_price,value,2026-08-05T16:13:14Z
2023-09-08T23:00:00Z,2023-09-09T01:00:00+0200,102.47,EUR/MWh,NL,NL,day_ahead_price,value,2026-08-05T16:13:14Z
2023-09-09T00:00:00Z,2023-09-09T02:00:00+0200,100.01,EUR/MWh,NL,NL,day_ahead_price,value,2026-08-05T16:13:14Z
2023-09-09T01:00:00Z,2023-09-09T03:00:00+0200,100.0,EUR/MWh,NL,NL,day_ahead_price,value,2026-08-05T16:13:14Z
2023-09-09T02:00:00Z,2023-09-09T04:00:00+0200,100.85,EUR/MWh,NL,NL,day_ahead_price,value,2026-08-05T16:13:14Z
2023-09-09T03:00:00Z,2023-09-09T05:00:00+0200,99.8,EUR/MWh,NL,NL,day_ahead_price,value,2026-08-05T16:13:14Z
2023-09-09T04:00:00Z,2023-09-09T06:00:00+0200,103.83,EUR/MWh,NL,NL,day_ahead_price,value,2026-08-05T16:13:14Z
2023-09-09T05:00:00Z,2023-09-09T07:00:00+0200,104.04,EUR/MWh,NL,NL,day_ahead_price,value,2026-08-05T16:13:14Z
2023-09-09T06:00:00Z,2023-09-09T08:00:00+0200,96.09,EUR/MWh,NL,NL,day_ahead_price,value,2026-08-05T16:13:14Z
2023-09-09T07:00:00Z,2023-09-09T09:00:00+0200,89.77,EUR/MWh,NL,NL,day_ahead_price,value,2026-08-05T16:13:14Z
2023-09-09T08:00:00Z,2023-09-09T10:00:00+0200,78.79,EUR/MWh,NL,NL,day_ahead_price,value,2026-08-05T16:13:14Z
2023-09-09T09:00:00Z,2023-09-09T11:00:00+0200,65.53,EUR/MWh,NL,NL,day_ahead_price,value,2026-08-05T16:13:14Z
2023-09-09T10:00:00Z,2023-09-09T12:00:00+0200,-2.16,EUR/MWh,NL,NL,day_ahead_price,value,2026-08-05T16:13:14Z
2023-09-09T11:00:00Z,2023-09-09T13:00:00+0200,-8.09,EUR/MWh,NL,NL,day_ahead_price,value,2026-08-05T16:13:14Z
2023-09-09T12:00:00Z,2023-09-09T14:00:00+0200,2.15,EUR/MWh,NL,NL,day_ahead_price,value,2026-08-05T16:13:14Z
2023-09-09T13:00:00Z,2023-09-09T15:00:00+0200,57.89,EUR/MWh,NL,NL,day_ahead_price,value,2026-08-05T16:13:14Z
2023-09-09T14:00:00Z,2023-09-09T16:00:00+0200,78.8,EUR/MWh,NL,NL,day_ahead_price,value,2026-08-05T16:13:14Z
2023-09-09T15:00:00Z,2023-09-09T17:00:00+0200,97.38,EUR/MWh,NL,NL,day_ahead_price,value,2026-08-05T16:13:14Z
2023-09-09T16:00:00Z,2023-09-09T18:00:00+0200,120.59,EUR/MWh,NL,NL,day_ahead_price,value,2026-08-05T16:13:14Z
2023-09-09T17:00:00Z,2023-09-09T19:00:00+0200,152.0,EUR/MWh,NL,NL,day_ahead_price,value,2026-08-05T16:13:14Z
2023-09-09T18:00:00Z,2023-09-09T20:00:00+0200,157.49,EUR/MWh,NL,NL,day_ahead_price,value,2026-08-05T16:13:14Z
2023-09-09T19:00:00Z,2023-09-09T21:00:00+0200,131.78,EUR/MWh,NL,NL,day_ahead_price,value,2026-08-05T16:13:14Z
2023-09-09T20:00:00Z,2023-09-09T22:00:00+0200,110.9,EUR/MWh,NL,NL,day_ahead_price,value,2026-08-05T16:13:14Z
2023-09-09T21:00:00Z,2023-09-09T23:00:00+0200,103.16,EUR/MWh,NL,NL,day_ahead_price,value,2026-08-05T16:13:14Z
2023-09-09T22:00:00Z,2023-09-10T00:00:00+0200,105.85,EUR/MWh,NL,NL,day_ahead_price,value,2026-08-05T16:13:14Z
2023-09-09T23:00:00Z,2023-09-10T01:00:00+0200,104.56,EUR/MWh,NL,NL,day_ahead_price,value,2026-08-05T16:13:14Z
2023-09-10T00:00:00Z,2023-09-10T02:00:00+0200,103.7,EUR/MWh,NL,NL,day_ahead_price,value,2026-08-05T16:13:14Z
2023-09-10T01:00:00Z,2023-09-10T03:00:00+0200,101.42,EUR/MWh,NL,NL,day_ahead_price,value,2026-08-05T16:13:14Z
2023-09-10T02:00:00Z,2023-09-10T04:00:00+0200,97.63,EUR/MWh,NL,NL,day_ahead_price,value,2026-08-05T16:13:14Z
2023-09-10T03:00:00Z,2023-09-10T05:00:00+0200,98.72,EUR/MWh,NL,NL,day_ahead_price,value,2026-08-05T16:13:14Z
2023-09-10T04:00:00Z,2023-09-10T06:00:00+0200,99.35,EUR/MWh,NL,NL,day_ahead_price,value,2026-08-05T16:13:14Z
2023-09-10T05:00:00Z,2023-09-10T07:00:00+0200,97.98,EUR/MWh,NL,NL,day_ahead_price,value,2026-08-05T16:13:14Z
2023-09-10T06:00:00Z,2023-09-10T08:00:00+0200,94.11,EUR/MWh,NL,NL,day_ahead_price,value,2026-08-05T16:13:14Z
2023-09-10T07:00:00Z,2023-09-10T09:00:00+0200,89.13,EUR/MWh,NL,NL,day_ahead_price,value,2026-08-05T16:13:14Z
2023-09-10T08:00:00Z,2023-09-10T10:00:00+0200,56.04,EUR/MWh,NL,NL,day_ahead_price,value,2026-08-05T16:13:14Z
2023-09-10T09:00:00Z,2023-09-10T11:00:00+0200,18.0,EUR/MWh,NL,NL,day_ahead_price,value,2026-08-05T16:13:14Z
2023-09-10T10:00:00Z,2023-09-10T12:00:00+0200,8.28,EUR/MWh,NL,NL,day_ahead_price,value,2026-08-05T16:13:14Z
2023-09-10T11:00:00Z,2023-09-10T13:00:00+0200,0.03,EUR/MWh,NL,NL,day_ahead_price,value,2026-08-05T16:13:14Z
2023-09-10T12:00:00Z,2023-09-10T14:00:00+0200,0.0,EUR/MWh,NL,NL,day_ahead_price,value,2026-08-05T16:13:14Z
2023-09-10T13:00:00Z,2023-09-10T15:00:00+0200,26.33,EUR/MWh,NL,NL,day_ahead_price,value,2026-08-05T16:13:14Z
2023-09-10T14:00:00Z,2023-09-10T16:00:00+0200,79.0,EUR/MWh,NL,NL,day_ahead_price,value,2026-08-05T16:13:14Z
2023-09-10T15:00:00Z,2023-09-10T17:00:00+0200,100.24,EUR/MWh,NL,NL,day_ahead_price,value,2026-08-05T16:13:14Z
2023-09-10T16:00:00Z,2023-09-10T18:00:00+0200,121.19,EUR/MWh,NL,NL,day_ahead_price,value,2026-08-05T16:13:14Z
2023-09-10T17:00:00Z,2023-09-10T19:00:00+0200,150.6,EUR/MWh,NL,NL,day_ahead_price,value,2026-08-05T16:13:14Z
2023-09-10T18:00:00Z,2023-09-10T20:00:00+0200,151.9,EUR/MWh,NL,NL,day_ahead_price,value,2026-08-05T16:13:14Z
2023-09-10T19:00:00Z,2023-09-10T21:00:00+0200,131.57,EUR/MWh,NL,NL,day_ahead_price,value,2026-08-05T16:13:14Z
2023-09-10T20:00:00Z,2023-09-10T22:00:00+0200,113.93,EUR/MWh,NL,NL,day_ahead_price,value,2026-08-05T16:13:14Z
2023-09-10T21:00:00Z,2023-09-10T23:00:00+0200,100.86,EUR/MWh,NL,NL,day_ahead_price,value,2026-08-05T16:13:14Z
2023-09-10T22:00:00Z,2023-09-11T00:00:00+0200,105.0,EUR/MWh,NL,NL,day_ahead_price,value,2026-08-05T16:13:14Z
2023-09-10T23:00:00Z,2023-09-11T01:00:00+0200,97.22,EUR/MWh,NL,NL,day_ahead_price,value,2026-08-05T16:13:14Z
2023-09-11T00:00:00Z,2023-09-11T02:00:00+0200,96.03,EUR/MWh,NL,NL,day_ahead_price,value,2026-08-05T16:13:14Z
2023-09-11T01:00:00Z,2023-09-11T03:00:00+0200,92.07,EUR/MWh,NL,NL,day_ahead_price,value,2026-08-05T16:13:14Z
2023-09-11T02:00:00Z,2023-09-11T04:00:00+0200,92.34,EUR/MWh,NL,NL,day_ahead_price,value,2026-08-05T16:13:14Z
2023-09-11T03:00:00Z,2023-09-11T05:00:00+0200,101.82,EUR/MWh,NL,NL,day_ahead_price,value,2026-08-05T16:13:14Z
2023-09-11T04:00:00Z,2023-09-11T06:00:00+0200,130.26,EUR/MWh,NL,NL,day_ahead_price,value,2026-08-05T16:13:14Z
2023-09-11T05:00:00Z,2023-09-11T07:00:00+0200,172.8,EUR/MWh,NL,NL,day_ahead_price,value,2026-08-05T16:13:14Z
2023-09-11T06:00:00Z,2023-09-11T08:00:00+0200,136.44,EUR/MWh,NL,NL,day_ahead_price,value,2026-08-05T16:13:14Z
2023-09-11T07:00:00Z,2023-09-11T09:00:00+0200,113.0,EUR/MWh,NL,NL,day_ahead_price,value,2026-08-05T16:13:14Z
2023-09-11T08:00:00Z,2023-09-11T10:00:00+0200,95.16,EUR/MWh,NL,NL,day_ahead_price,value,2026-08-05T16:13:14Z
2023-09-11T09:00:00Z,2023-09-11T11:00:00+0200,78.26,EUR/MWh,NL,NL,day_ahead_price,value,2026-08-05T16:13:14Z
2023-09-11T10:00:00Z,2023-09-11T12:00:00+0200,79.97,EUR/MWh,NL,NL,day_ahead_price,value,2026-08-05T16:13:14Z
2023-09-11T11:00:00Z,2023-09-11T13:00:00+0200,84.7,EUR/MWh,NL,NL,day_ahead_price,value,2026-08-05T16:13:14Z
2023-09-11T12:00:00Z,2023-09-11T14:00:00+0200,87.86,EUR/MWh,NL,NL,day_ahead_price,value,2026-08-05T16:13:14Z
2023-09-11T13:00:00Z,2023-09-11T15:00:00+0200,92.53,EUR/MWh,NL,NL,day_ahead_price,value,2026-08-05T16:13:14Z
2023-09-11T14:00:00Z,2023-09-11T16:00:00+0200,100.18,EUR/MWh,NL,NL,day_ahead_price,value,2026-08-05T16:13:14Z
2023-09-11T15:00:00Z,2023-09-11T17:00:00+0200,131.45,EUR/MWh,NL,NL,day_ahead_price,value,2026-08-05T16:13:14Z
2023-09-11T16:00:00Z,2023-09-11T18:00:00+0200,266.71,EUR/MWh,NL,NL,day_ahead_price,value,2026-08-05T16:13:14Z
2023-09-11T17:00:00Z,2023-09-11T19:00:00+0200,463.77,EUR/MWh,NL,NL,day_ahead_price,value,2026-08-05T16:13:14Z
2023-09-11T18:00:00Z,2023-09-11T20:00:00+0200,448.13,EUR/MWh,NL,NL,day_ahead_price,value,2026-08-05T16:13:14Z
2023-09-11T19:00:00Z,2023-09-11T21:00:00+0200,223.11,EUR/MWh,NL,NL,day_ahead_price,value,2026-08-05T16:13:14Z
2023-09-11T20:00:00Z,2023-09-11T22:00:00+0200,147.83,EUR/MWh,NL,NL,day_ahead_price,value,2026-08-05T16:13:14Z
2023-09-11T21:00:00Z,2023-09-11T23:00:00+0200,119.94,EUR/MWh,NL,NL,day_ahead_price,value,2026-08-05T16:13:14Z
2023-09-11T22:00:00Z,2023-09-12T00:00:00+0200,105.76,EUR/MWh,NL,NL,day_ahead_price,value,2026-08-05T16:13:14Z
2023-09-11T23:00:00Z,2023-09-12T01:00:00+0200,102.32,EUR/MWh,NL,NL,day_ahead_price,value,2026-08-05T16:13:14Z
2023-09-12T00:00:00Z,2023-09-12T02:00:00+0200,101.41,EUR/MWh,NL,NL,day_ahead_price,value,2026-08-05T16:13:14Z
2023-09-12T01:00:00Z,2023-09-12T03:00:00+0200,101.58,EUR/MWh,NL,NL,day_ahead_price,value,2026-08-05T16:13:14Z
2023-09-12T02:00:00Z,2023-09-12T04:00:00+0200,101.82,EUR/MWh,NL,NL,day_ahead_price,value,2026-08-05T16:13:14Z
2023-09-12T03:00:00Z,2023-09-12T05:00:00+0200,108.36,EUR/MWh,NL,NL,day_ahead_price,value,2026-08-05T16:13:14Z
2023-09-12T04:00:00Z,2023-09-12T06:00:00+0200,138.76,EUR/MWh,NL,NL,day_ahead_price,value,2026-08-05T16:13:14Z
2023-09-12T05:00:00Z,2023-09-12T07:00:00+0200,214.13,EUR/MWh,NL,NL,day_ahead_price,value,2026-08-05T16:13:14Z
2023-09-12T06:00:00Z,2023-09-12T08:00:00+0200,146.41,EUR/MWh,NL,NL,day_ahead_price,value,2026-08-05T16:13:14Z
2023-09-12T07:00:00Z,2023-09-12T09:00:00+0200,123.22,EUR/MWh,NL,NL,day_ahead_price,value,2026-08-05T16:13:14Z
2023-09-12T08:00:00Z,2023-09-12T10:00:00+0200,112.25,EUR/MWh,NL,NL,day_ahead_price,value,2026-08-05T16:13:14Z
2023-09-12T09:00:00Z,2023-09-12T11:00:00+0200,101.59,EUR/MWh,NL,NL,day_ahead_price,value,2026-08-05T16:13:14Z
2023-09-12T10:00:00Z,2023-09-12T12:00:00+0200,95.6,EUR/MWh,NL,NL,day_ahead_price,value,2026-08-05T16:13:14Z
2023-09-12T11:00:00Z,2023-09-12T13:00:00+0200,90.0,EUR/MWh,NL,NL,day_ahead_price,value,2026-08-05T16:13:14Z
2023-09-12T12:00:00Z,2023-09-12T14:00:00+0200,96.89,EUR/MWh,NL,NL,day_ahead_price,value,2026-08-05T16:13:14Z
2023-09-12T13:00:00Z,2023-09-12T15:00:00+0200,99.9,EUR/MWh,NL,NL,day_ahead_price,value,2026-08-05T16:13:14Z
2023-09-12T14:00:00Z,2023-09-12T16:00:00+0200,108.96,EUR/MWh,NL,NL,day_ahead_price,value,2026-08-05T16:13:14Z
2023-09-12T15:00:00Z,2023-09-12T17:00:00+0200,139.57,EUR/MWh,NL,NL,day_ahead_price,value,2026-08-05T16:13:14Z
2023-09-12T16:00:00Z,2023-09-12T18:00:00+0200,189.37,EUR/MWh,NL,NL,day_ahead_price,value,2026-08-05T16:13:14Z
2023-09-12T17:00:00Z,2023-09-12T19:00:00+0200,260.0,EUR/MWh,NL,NL,day_ahead_price,value,2026-08-05T16:13:14Z
2023-09-12T18:00:00Z,2023-09-12T20:00:00+0200,185.62,EUR/MWh,NL,NL,day_ahead_price,value,2026-08-05T16:13:14Z
2023-09-12T19:00:00Z,2023-09-12T21:00:00+0200,136.62,EUR/MWh,NL,NL,day_ahead_price,value,2026-08-05T16:13:14Z
2023-09-12T20:00:00Z,2023-09-12T22:00:00+0200,115.55,EUR/MWh,NL,NL,day_ahead_price,value,2026-08-05T16:13:14Z
2023-09-12T21:00:00Z,2023-09-12T23:00:00+0200,93.77,EUR/MWh,NL,NL,day_ahead_price,value,2026-08-05T16:13:14Z
2023-09-12T22:00:00Z,2023-09-13T00:00:00+0200,106.45,EUR/MWh,NL,NL,day_ahead_price,value,2026-08-05T16:13:14Z
2023-09-12T23:00:00Z,2023-09-13T01:00:00+0200,99.9,EUR/MWh,NL,NL,day_ahead_price,value,2026-08-05T16:13:14Z
2023-09-13T00:00:00Z,2023-09-13T02:00:00+0200,97.74,EUR/MWh,NL,NL,day_ahead_price,value,2026-08-05T16:13:14Z
2023-09-13T01:00:00Z,2023-09-13T03:00:00+0200,93.44,EUR/MWh,NL,NL,day_ahead_price,value,2026-08-05T16:13:14Z
2023-09-13T02:00:00Z,2023-09-13T04:00:00+0200,85.22,EUR/MWh,NL,NL,day_ahead_price,value,2026-08-05T16:13:14Z
2023-09-13T03:00:00Z,2023-09-13T05:00:00+0200,71.58,EUR/MWh,NL,NL,day_ahead_price,value,2026-08-05T16:13:14Z
2023-09-13T04:00:00Z,2023-09-13T06:00:00+0200,85.0,EUR/MWh,NL,NL,day_ahead_price,value,2026-08-05T16:13:14Z
2023-09-13T05:00:00Z,2023-09-13T07:00:00+0200,115.08,EUR/MWh,NL,NL,day_ahead_price,value,2026-08-05T16:13:14Z
2023-09-13T06:00:00Z,2023-09-13T08:00:00+0200,137.72,EUR/MWh,NL,NL,day_ahead_price,value,2026-08-05T16:13:14Z
2023-09-13T07:00:00Z,2023-09-13T09:00:00+0200,124.91,EUR/MWh,NL,NL,day_ahead_price,value,2026-08-05T16:13:14Z
2023-09-13T08:00:00Z,2023-09-13T10:00:00+0200,103.21,EUR/MWh,NL,NL,day_ahead_price,value,2026-08-05T16:13:14Z
2023-09-13T09:00:00Z,2023-09-13T11:00:00+0200,96.86,EUR/MWh,NL,NL,day_ahead_price,value,2026-08-05T16:13:14Z
2023-09-13T10:00:00Z,2023-09-13T12:00:00+0200,90.9,EUR/MWh,NL,NL,day_ahead_price,value,2026-08-05T16:13:14Z
2023-09-13T11:00:00Z,2023-09-13T13:00:00+0200,91.5,EUR/MWh,NL,NL,day_ahead_price,value,2026-08-05T16:13:14Z
2023-09-13T12:00:00Z,2023-09-13T14:00:00+0200,90.81,EUR/MWh,NL,NL,day_ahead_price,value,2026-08-05T16:13:14Z
2023-09-13T13:00:00Z,2023-09-13T15:00:00+0200,85.21,EUR/MWh,NL,NL,day_ahead_price,value,2026-08-05T16:13:14Z
2023-09-13T14:00:00Z,2023-09-13T16:00:00+0200,92.7,EUR/MWh,NL,NL,day_ahead_price,value,2026-08-05T16:13:14Z
2023-09-13T15:00:00Z,2023-09-13T17:00:00+0200,103.55,EUR/MWh,NL,NL,day_ahead_price,value,2026-08-05T16:13:14Z
2023-09-13T16:00:00Z,2023-09-13T18:00:00+0200,124.83,EUR/MWh,NL,NL,day_ahead_price,value,2026-08-05T16:13:14Z
2023-09-13T17:00:00Z,2023-09-13T19:00:00+0200,149.9,EUR/MWh,NL,NL,day_ahead_price,value,2026-08-05T16:13:14Z
2023-09-13T18:00:00Z,2023-09-13T20:00:00+0200,140.94,EUR/MWh,NL,NL,day_ahead_price,value,2026-08-05T16:13:14Z
2023-09-13T19:00:00Z,2023-09-13T21:00:00+0200,122.79,EUR/MWh,NL,NL,day_ahead_price,value,2026-08-05T16:13:14Z
2023-09-13T20:00:00Z,2023-09-13T22:00:00+0200,106.41,EUR/MWh,NL,NL,day_ahead_price,value,2026-08-05T16:13:14Z
2023-09-13T21:00:00Z,2023-09-13T23:00:00+0200,98.07,EUR/MWh,NL,NL,day_ahead_price,value,2026-08-05T16:13:14Z
2023-09-13T22:00:00Z,2023-09-14T00:00:00+0200,96.3,EUR/MWh,NL,NL,day_ahead_price,value,2026-08-05T16:13:14Z
2023-09-13T23:00:00Z,2023-09-14T01:00:00+0200,94.62,EUR/MWh,NL,NL,day_ahead_price,value,2026-08-05T16:13:14Z
2023-09-14T00:00:00Z,2023-09-14T02:00:00+0200,96.4,EUR/MWh,NL,NL,day_ahead_price,value,2026-08-05T16:13:14Z
2023-09-14T01:00:00Z,2023-09-14T03:00:00+0200,96.37,EUR/MWh,NL,NL,day_ahead_price,value,2026-08-05T16:13:14Z
2023-09-14T02:00:00Z,2023-09-14T04:00:00+0200,92.59,EUR/MWh,NL,NL,day_ahead_price,value,2026-08-05T16:13:14Z
2023-09-14T03:00:00Z,2023-09-14T05:00:00+0200,100.5,EUR/MWh,NL,NL,day_ahead_price,value,2026-08-05T16:13:14Z
2023-09-14T04:00:00Z,2023-09-14T06:00:00+0200,134.42,EUR/MWh,NL,NL,day_ahead_price,value,2026-08-05T16:13:14Z
2023-09-14T05:00:00Z,2023-09-14T07:00:00+0200,178.7,EUR/MWh,NL,NL,day_ahead_price,value,2026-08-05T16:13:14Z
2023-09-14T06:00:00Z,2023-09-14T08:00:00+0200,150.58,EUR/MWh,NL,NL,day_ahead_price,value,2026-08-05T16:13:14Z
2023-09-14T07:00:00Z,2023-09-14T09:00:00+0200,118.02,EUR/MWh,NL,NL,day_ahead_price,value,2026-08-05T16:13:14Z
2023-09-14T08:00:00Z,2023-09-14T10:00:00+0200,96.82,EUR/MWh,NL,NL,day_ahead_price,value,2026-08-05T16:13:14Z
2023-09-14T09:00:00Z,2023-09-14T11:00:00+0200,88.81,EUR/MWh,NL,NL,day_ahead_price,value,2026-08-05T16:13:14Z
2023-09-14T10:00:00Z,2023-09-14T12:00:00+0200,85.13,EUR/MWh,NL,NL,day_ahead_price,value,2026-08-05T16:13:14Z
2023-09-14T11:00:00Z,2023-09-14T13:00:00+0200,83.14,EUR/MWh,NL,NL,day_ahead_price,value,2026-08-05T16:13:14Z
2023-09-14T12:00:00Z,2023-09-14T14:00:00+0200,87.42,EUR/MWh,NL,NL,day_ahead_price,value,2026-08-05T16:13:14Z
2023-09-14T13:00:00Z,2023-09-14T15:00:00+0200,85.0,EUR/MWh,NL,NL,day_ahead_price,value,2026-08-05T16:13:14Z
2023-09-14T14:00:00Z,2023-09-14T16:00:00+0200,94.16,EUR/MWh,NL,NL,day_ahead_price,value,2026-08-05T16:13:14Z
2023-09-14T15:00:00Z,2023-09-14T17:00:00+0200,113.0,EUR/MWh,NL,NL,day_ahead_price,value,2026-08-05T16:13:14Z
2023-09-14T16:00:00Z,2023-09-14T18:00:00+0200,163.77,EUR/MWh,NL,NL,day_ahead_price,value,2026-08-05T16:13:14Z
2023-09-14T17:00:00Z,2023-09-14T19:00:00+0200,216.96,EUR/MWh,NL,NL,day_ahead_price,value,2026-08-05T16:13:14Z
2023-09-14T18:00:00Z,2023-09-14T20:00:00+0200,178.62,EUR/MWh,NL,NL,day_ahead_price,value,2026-08-05T16:13:14Z
2023-09-14T19:00:00Z,2023-09-14T21:00:00+0200,131.89,EUR/MWh,NL,NL,day_ahead_price,value,2026-08-05T16:13:14Z
2023-09-14T20:00:00Z,2023-09-14T22:00:00+0200,114.13,EUR/MWh,NL,NL,day_ahead_price,value,2026-08-05T16:13:14Z
2023-09-14T21:00:00Z,2023-09-14T23:00:00+0200,99.37,EUR/MWh,NL,NL,day_ahead_price,value,2026-08-05T16:13:14Z
2023-09-14T22:00:00Z,2023-09-15T00:00:00+0200,100.89,EUR/MWh,NL,NL,day_ahead_price,value,2026-08-05T16:13:14Z
2023-09-14T23:00:00Z,2023-09-15T01:00:00+0200,97.01,EUR/MWh,NL,NL,day_ahead_price,value,2026-08-05T16:13:14Z
2023-09-15T00:00:00Z,2023-09-15T02:00:00+0200,96.4,EUR/MWh,NL,NL,day_ahead_price,value,2026-08-05T16:13:14Z
2023-09-15T01:00:00Z,2023-09-15T03:00:00+0200,97.64,EUR/MWh,NL,NL,day_ahead_price,value,2026-08-05T16:13:14Z
2023-09-15T02:00:00Z,2023-09-15T04:00:00+0200,99.2,EUR/MWh,NL,NL,day_ahead_price,value,2026-08-05T16:13:14Z
2023-09-15T03:00:00Z,2023-09-15T05:00:00+0200,99.43,EUR/MWh,NL,NL,day_ahead_price,value,2026-08-05T16:13:14Z
2023-09-15T04:00:00Z,2023-09-15T06:00:00+0200,128.81,EUR/MWh,NL,NL,day_ahead_price,value,2026-08-05T16:13:14Z
2023-09-15T05:00:00Z,2023-09-15T07:00:00+0200,145.93,EUR/MWh,NL,NL,day_ahead_price,value,2026-08-05T16:13:14Z
2023-09-15T06:00:00Z,2023-09-15T08:00:00+0200,125.07,EUR/MWh,NL,NL,day_ahead_price,value,2026-08-05T16:13:14Z
2023-09-15T07:00:00Z,2023-09-15T09:00:00+0200,104.38,EUR/MWh,NL,NL,day_ahead_price,value,2026-08-05T16:13:14Z
2023-09-15T08:00:00Z,2023-09-15T10:00:00+0200,93.58,EUR/MWh,NL,NL,day_ahead_price,value,2026-08-05T16:13:14Z
2023-09-15T09:00:00Z,2023-09-15T11:00:00+0200,89.46,EUR/MWh,NL,NL,day_ahead_price,value,2026-08-05T16:13:14Z
2023-09-15T10:00:00Z,2023-09-15T12:00:00+0200,78.57,EUR/MWh,NL,NL,day_ahead_price,value,2026-08-05T16:13:14Z
2023-09-15T11:00:00Z,2023-09-15T13:00:00+0200,62.9,EUR/MWh,NL,NL,day_ahead_price,value,2026-08-05T16:13:14Z
2023-09-15T12:00:00Z,2023-09-15T14:00:00+0200,71.2,EUR/MWh,NL,NL,day_ahead_price,value,2026-08-05T16:13:14Z
2023-09-15T13:00:00Z,2023-09-15T15:00:00+0200,84.3,EUR/MWh,NL,NL,day_ahead_price,value,2026-08-05T16:13:14Z
2023-09-15T14:00:00Z,2023-09-15T16:00:00+0200,93.35,EUR/MWh,NL,NL,day_ahead_price,value,2026-08-05T16:13:14Z
2023-09-15T15:00:00Z,2023-09-15T17:00:00+0200,113.6,EUR/MWh,NL,NL,day_ahead_price,value,2026-08-05T16:13:14Z
2023-09-15T16:00:00Z,2023-09-15T18:00:00+0200,149.2,EUR/MWh,NL,NL,day_ahead_price,value,2026-08-05T16:13:14Z
2023-09-15T17:00:00Z,2023-09-15T19:00:00+0200,178.78,EUR/MWh,NL,NL,day_ahead_price,value,2026-08-05T16:13:14Z
2023-09-15T18:00:00Z,2023-09-15T20:00:00+0200,139.68,EUR/MWh,NL,NL,day_ahead_price,value,2026-08-05T16:13:14Z
2023-09-15T19:00:00Z,2023-09-15T21:00:00+0200,112.66,EUR/MWh,NL,NL,day_ahead_price,value,2026-08-05T16:13:14Z
2023-09-15T20:00:00Z,2023-09-15T22:00:00+0200,100.98,EUR/MWh,NL,NL,day_ahead_price,value,2026-08-05T16:13:14Z
2023-09-15T21:00:00Z,2023-09-15T23:00:00+0200,95.77,EUR/MWh,NL,NL,day_ahead_price,value,2026-08-05T16:13:14Z
2023-09-15T22:00:00Z,2023-09-16T00:00:00+0200,96.24,EUR/MWh,NL,NL,day_ahead_price,value,2026-08-05T16:13:14Z
2023-09-15T23:00:00Z,2023-09-16T01:00:00+0200,94.02,EUR/MWh,NL,NL,day_ahead_price,value,2026-08-05T16:13:14Z
2023-09-16T00:00:00Z,2023-09-16T02:00:00+0200,94.42,EUR/MWh,NL,NL,day_ahead_price,value,2026-08-05T16:13:14Z
2023-09-16T01:00:00Z,2023-09-16T03:00:00+0200,95.09,EUR/MWh,NL,NL,day_ahead_price,value,2026-08-05T16:13:14Z
2023-09-16T02:00:00Z,2023-09-16T04:00:00+0200,100.52,EUR/MWh,NL,NL,day_ahead_price,value,2026-08-05T16:13:14Z
2023-09-16T03:00:00Z,2023-09-16T05:00:00+0200,95.27,EUR/MWh,NL,NL,day_ahead_price,value,2026-08-05T16:13:14Z
2023-09-16T04:00:00Z,2023-09-16T06:00:00+0200,106.53,EUR/MWh,NL,NL,day_ahead_price,value,2026-08-05T16:13:14Z
2023-09-16T05:00:00Z,2023-09-16T07:00:00+0200,113.16,EUR/MWh,NL,NL,day_ahead_price,value,2026-08-05T16:13:14Z
2023-09-16T06:00:00Z,2023-09-16T08:00:00+0200,102.0,EUR/MWh,NL,NL,day_ahead_price,value,2026-08-05T16:13:14Z
2023-09-16T07:00:00Z,2023-09-16T09:00:00+0200,90.79,EUR/MWh,NL,NL,day_ahead_price,value,2026-08-05T16:13:14Z
2023-09-16T08:00:00Z,2023-09-16T10:00:00+0200,79.0,EUR/MWh,NL,NL,day_ahead_price,value,2026-08-05T16:13:14Z
2023-09-16T09:00:00Z,2023-09-16T11:00:00+0200,64.97,EUR/MWh,NL,NL,day_ahead_price,value,2026-08-05T16:13:14Z
2023-09-16T10:00:00Z,2023-09-16T12:00:00+0200,54.48,EUR/MWh,NL,NL,day_ahead_price,value,2026-08-05T16:13:14Z
2023-09-16T11:00:00Z,2023-09-16T13:00:00+0200,32.44,EUR/MWh,NL,NL,day_ahead_price,value,2026-08-05T16:13:14Z
2023-09-16T12:00:00Z,2023-09-16T14:00:00+0200,34.4,EUR/MWh,NL,NL,day_ahead_price,value,2026-08-05T16:13:14Z
2023-09-16T13:00:00Z,2023-09-16T15:00:00+0200,74.46,EUR/MWh,NL,NL,day_ahead_price,value,2026-08-05T16:13:14Z
2023-09-16T14:00:00Z,2023-09-16T16:00:00+0200,85.26,EUR/MWh,NL,NL,day_ahead_price,value,2026-08-05T16:13:14Z
2023-09-16T15:00:00Z,2023-09-16T17:00:00+0200,103.16,EUR/MWh,NL,NL,day_ahead_price,value,2026-08-05T16:13:14Z
2023-09-16T16:00:00Z,2023-09-16T18:00:00+0200,127.7,EUR/MWh,NL,NL,day_ahead_price,value,2026-08-05T16:13:14Z
2023-09-16T17:00:00Z,2023-09-16T19:00:00+0200,170.93,EUR/MWh,NL,NL,day_ahead_price,value,2026-08-05T16:13:14Z
2023-09-16T18:00:00Z,2023-09-16T20:00:00+0200,140.05,EUR/MWh,NL,NL,day_ahead_price,value,2026-08-05T16:13:14Z
2023-09-16T19:00:00Z,2023-09-16T21:00:00+0200,117.35,EUR/MWh,NL,NL,day_ahead_price,value,2026-08-05T16:13:14Z
2023-09-16T20:00:00Z,2023-09-16T22:00:00+0200,105.03,EUR/MWh,NL,NL,day_ahead_price,value,2026-08-05T16:13:14Z
2023-09-16T21:00:00Z,2023-09-16T23:00:00+0200,99.9,EUR/MWh,NL,NL,day_ahead_price,value,2026-08-05T16:13:14Z
2023-09-16T22:00:00Z,2023-09-17T00:00:00+0200,108.99,EUR/MWh,NL,NL,day_ahead_price,value,2026-08-05T16:13:14Z
2023-09-16T23:00:00Z,2023-09-17T01:00:00+0200,105.35,EUR/MWh,NL,NL,day_ahead_price,value,2026-08-05T16:13:14Z
2023-09-17T00:00:00Z,2023-09-17T02:00:00+0200,106.54,EUR/MWh,NL,NL,day_ahead_price,value,2026-08-05T16:13:14Z
2023-09-17T01:00:00Z,2023-09-17T03:00:00+0200,103.63,EUR/MWh,NL,NL,day_ahead_price,value,2026-08-05T16:13:14Z
2023-09-17T02:00:00Z,2023-09-17T04:00:00+0200,101.7,EUR/MWh,NL,NL,day_ahead_price,value,2026-08-05T16:13:14Z
2023-09-17T03:00:00Z,2023-09-17T05:00:00+0200,100.1,EUR/MWh,NL,NL,day_ahead_price,value,2026-08-05T16:13:14Z
2023-09-17T04:00:00Z,2023-09-17T06:00:00+0200,100.0,EUR/MWh,NL,NL,day_ahead_price,value,2026-08-05T16:13:14Z
2023-09-17T05:00:00Z,2023-09-17T07:00:00+0200,103.33,EUR/MWh,NL,NL,day_ahead_price,value,2026-08-05T16:13:14Z
2023-09-17T06:00:00Z,2023-09-17T08:00:00+0200,95.38,EUR/MWh,NL,NL,day_ahead_price,value,2026-08-05T16:13:14Z
2023-09-17T07:00:00Z,2023-09-17T09:00:00+0200,84.5,EUR/MWh,NL,NL,day_ahead_price,value,2026-08-05T16:13:14Z
2023-09-17T08:00:00Z,2023-09-17T10:00:00+0200,71.58,EUR/MWh,NL,NL,day_ahead_price,value,2026-08-05T16:13:14Z
2023-09-17T09:00:00Z,2023-09-17T11:00:00+0200,39.51,EUR/MWh,NL,NL,day_ahead_price,value,2026-08-05T16:13:14Z
2023-09-17T10:00:00Z,2023-09-17T12:00:00+0200,21.21,EUR/MWh,NL,NL,day_ahead_price,value,2026-08-05T16:13:14Z
2023-09-17T11:00:00Z,2023-09-17T13:00:00+0200,4.08,EUR/MWh,NL,NL,day_ahead_price,value,2026-08-05T16:13:14Z
2023-09-17T12:00:00Z,2023-09-17T14:00:00+0200,4.3,EUR/MWh,NL,NL,day_ahead_price,value,2026-08-05T16:13:14Z
2023-09-17T13:00:00Z,2023-09-17T15:00:00+0200,38.7,EUR/MWh,NL,NL,day_ahead_price,value,2026-08-05T16:13:14Z
2023-09-17T14:00:00Z,2023-09-17T16:00:00+0200,80.68,EUR/MWh,NL,NL,day_ahead_price,value,2026-08-05T16:13:14Z
2023-09-17T15:00:00Z,2023-09-17T17:00:00+0200,109.9,EUR/MWh,NL,NL,day_ahead_price,value,2026-08-05T16:13:14Z
2023-09-17T16:00:00Z,2023-09-17T18:00:00+0200,132.0,EUR/MWh,NL,NL,day_ahead_price,value,2026-08-05T16:13:14Z
2023-09-17T17:00:00Z,2023-09-17T19:00:00+0200,151.9,EUR/MWh,NL,NL,day_ahead_price,value,2026-08-05T16:13:14Z
2023-09-17T18:00:00Z,2023-09-17T20:00:00+0200,126.96,EUR/MWh,NL,NL,day_ahead_price,value,2026-08-05T16:13:14Z
2023-09-17T19:00:00Z,2023-09-17T21:00:00+0200,118.25,EUR/MWh,NL,NL,day_ahead_price,value,2026-08-05T16:13:14Z
2023-09-17T20:00:00Z,2023-09-17T22:00:00+0200,108.91,EUR/MWh,NL,NL,day_ahead_price,value,2026-08-05T16:13:14Z
2023-09-17T21:00:00Z,2023-09-17T23:00:00+0200,99.18,EUR/MWh,NL,NL,day_ahead_price,value,2026-08-05T16:13:14Z
2023-09-17T22:00:00Z,2023-09-18T00:00:00+0200,112.2,EUR/MWh,NL,NL,day_ahead_price,value,2026-08-05T16:13:14Z
2023-09-17T23:00:00Z,2023-09-18T01:00:00+0200,88.96,EUR/MWh,NL,NL,day_ahead_price,value,2026-08-05T16:13:14Z
2023-09-18T00:00:00Z,2023-09-18T02:00:00+0200,81.73,EUR/MWh,NL,NL,day_ahead_price,value,2026-08-05T16:13:14Z
2023-09-18T01:00:00Z,2023-09-18T03:00:00+0200,81.8,EUR/MWh,NL,NL,day_ahead_price,value,2026-08-05T16:13:14Z
2023-09-18T02:00:00Z,2023-09-18T04:00:00+0200,79.85,EUR/MWh,NL,NL,day_ahead_price,value,2026-08-05T16:13:14Z
2023-09-18T03:00:00Z,2023-09-18T05:00:00+0200,87.42,EUR/MWh,NL,NL,day_ahead_price,value,2026-08-05T16:13:14Z
2023-09-18T04:00:00Z,2023-09-18T06:00:00+0200,115.4,EUR/MWh,NL,NL,day_ahead_price,value,2026-08-05T16:13:14Z
2023-09-18T05:00:00Z,2023-09-18T07:00:00+0200,135.76,EUR/MWh,NL,NL,day_ahead_price,value,2026-08-05T16:13:14Z
2023-09-18T06:00:00Z,2023-09-18T08:00:00+0200,165.0,EUR/MWh,NL,NL,day_ahead_price,value,2026-08-05T16:13:14Z
2023-09-18T07:00:00Z,2023-09-18T09:00:00+0200,105.85,EUR/MWh,NL,NL,day_ahead_price,value,2026-08-05T16:13:14Z
2023-09-18T08:00:00Z,2023-09-18T10:00:00+0200,90.65,EUR/MWh,NL,NL,day_ahead_price,value,2026-08-05T16:13:14Z
2023-09-18T09:00:00Z,2023-09-18T11:00:00+0200,74.3,EUR/MWh,NL,NL,day_ahead_price,value,2026-08-05T16:13:14Z
2023-09-18T10:00:00Z,2023-09-18T12:00:00+0200,54.16,EUR/MWh,NL,NL,day_ahead_price,value,2026-08-05T16:13:14Z
2023-09-18T11:00:00Z,2023-09-18T13:00:00+0200,9.57,EUR/MWh,NL,NL,day_ahead_price,value,2026-08-05T16:13:14Z
2023-09-18T12:00:00Z,2023-09-18T14:00:00+0200,8.88,EUR/MWh,NL,NL,day_ahead_price,value,2026-08-05T16:13:14Z
2023-09-18T13:00:00Z,2023-09-18T15:00:00+0200,0.1,EUR/MWh,NL,NL,day_ahead_price,value,2026-08-05T16:13:14Z
2023-09-18T14:00:00Z,2023-09-18T16:00:00+0200,45.0,EUR/MWh,NL,NL,day_ahead_price,value,2026-08-05T16:13:14Z
2023-09-18T15:00:00Z,2023-09-18T17:00:00+0200,100.0,EUR/MWh,NL,NL,day_ahead_price,value,2026-08-05T16:13:14Z
2023-09-18T16:00:00Z,2023-09-18T18:00:00+0200,115.0,EUR/MWh,NL,NL,day_ahead_price,value,2026-08-05T16:13:14Z
2023-09-18T17:00:00Z,2023-09-18T19:00:00+0200,156.4,EUR/MWh,NL,NL,day_ahead_price,value,2026-08-05T16:13:14Z
2023-09-18T18:00:00Z,2023-09-18T20:00:00+0200,125.65,EUR/MWh,NL,NL,day_ahead_price,value,2026-08-05T16:13:14Z
2023-09-18T19:00:00Z,2023-09-18T21:00:00+0200,103.97,EUR/MWh,NL,NL,day_ahead_price,value,2026-08-05T16:13:14Z
2023-09-18T20:00:00Z,2023-09-18T22:00:00+0200,92.4,EUR/MWh,NL,NL,day_ahead_price,value,2026-08-05T16:13:14Z
2023-09-18T21:00:00Z,2023-09-18T23:00:00+0200,72.28,EUR/MWh,NL,NL,day_ahead_price,value,2026-08-05T16:13:14Z
2023-09-18T22:00:00Z,2023-09-19T00:00:00+0200,1.02,EUR/MWh,NL,NL,day_ahead_price,value,2026-08-05T16:13:14Z
2023-09-18T23:00:00Z,2023-09-19T01:00:00+0200,-0.09,EUR/MWh,NL,NL,day_ahead_price,value,2026-08-05T16:13:14Z
2023-09-19T00:00:00Z,2023-09-19T02:00:00+0200,-0.1,EUR/MWh,NL,NL,day_ahead_price,value,2026-08-05T16:13:14Z
2023-09-19T01:00:00Z,2023-09-19T03:00:00+0200,-0.13,EUR/MWh,NL,NL,day_ahead_price,value,2026-08-05T16:13:14Z
2023-09-19T02:00:00Z,2023-09-19T04:00:00+0200,-1.24,EUR/MWh,NL,NL,day_ahead_price,value,2026-08-05T16:13:14Z
2023-09-19T03:00:00Z,2023-09-19T05:00:00+0200,0.0,EUR/MWh,NL,NL,day_ahead_price,value,2026-08-05T16:13:14Z
2023-09-19T04:00:00Z,2023-09-19T06:00:00+0200,70.84,EUR/MWh,NL,NL,day_ahead_price,value,2026-08-05T16:13:14Z
2023-09-19T05:00:00Z,2023-09-19T07:00:00+0200,104.83,EUR/MWh,NL,NL,day_ahead_price,value,2026-08-05T16:13:14Z
2023-09-19T06:00:00Z,2023-09-19T08:00:00+0200,109.7,EUR/MWh,NL,NL,day_ahead_price,value,2026-08-05T16:13:14Z
2023-09-19T07:00:00Z,2023-09-19T09:00:00+0200,82.86,EUR/MWh,NL,NL,day_ahead_price,value,2026-08-05T16:13:14Z
2023-09-19T08:00:00Z,2023-09-19T10:00:00+0200,0.01,EUR/MWh,NL,NL,day_ahead_price,value,2026-08-05T16:13:14Z
2023-09-19T09:00:00Z,2023-09-19T11:00:00+0200,-0.08,EUR/MWh,NL,NL,day_ahead_price,value,2026-08-05T16:13:14Z
2023-09-19T10:00:00Z,2023-09-19T12:00:00+0200,-3.5,EUR/MWh,NL,NL,day_ahead_price,value,2026-08-05T16:13:14Z
2023-09-19T11:00:00Z,2023-09-19T13:00:00+0200,-5.34,EUR/MWh,NL,NL,day_ahead_price,value,2026-08-05T16:13:14Z
2023-09-19T12:00:00Z,2023-09-19T14:00:00+0200,-4.85,EUR/MWh,NL,NL,day_ahead_price,value,2026-08-05T16:13:14Z
2023-09-19T13:00:00Z,2023-09-19T15:00:00+0200,-2.95,EUR/MWh,NL,NL,day_ahead_price,value,2026-08-05T16:13:14Z
2023-09-19T14:00:00Z,2023-09-19T16:00:00+0200,0.0,EUR/MWh,NL,NL,day_ahead_price,value,2026-08-05T16:13:14Z
2023-09-19T15:00:00Z,2023-09-19T17:00:00+0200,48.17,EUR/MWh,NL,NL,day_ahead_price,value,2026-08-05T16:13:14Z
2023-09-19T16:00:00Z,2023-09-19T18:00:00+0200,97.51,EUR/MWh,NL,NL,day_ahead_price,value,2026-08-05T16:13:14Z
2023-09-19T17:00:00Z,2023-09-19T19:00:00+0200,116.48,EUR/MWh,NL,NL,day_ahead_price,value,2026-08-05T16:13:14Z
2023-09-19T18:00:00Z,2023-09-19T20:00:00+0200,110.23,EUR/MWh,NL,NL,day_ahead_price,value,2026-08-05T16:13:14Z
2023-09-19T19:00:00Z,2023-09-19T21:00:00+0200,87.16,EUR/MWh,NL,NL,day_ahead_price,value,2026-08-05T16:13:14Z
2023-09-19T20:00:00Z,2023-09-19T22:00:00+0200,66.81,EUR/MWh,NL,NL,day_ahead_price,value,2026-08-05T16:13:14Z
2023-09-19T21:00:00Z,2023-09-19T23:00:00+0200,16.35,EUR/MWh,NL,NL,day_ahead_price,value,2026-08-05T16:13:14Z
2023-09-19T22:00:00Z,2023-09-20T00:00:00+0200,0.79,EUR/MWh,NL,NL,day_ahead_price,value,2026-08-05T16:13:14Z
2023-09-19T23:00:00Z,2023-09-20T01:00:00+0200,0.0,EUR/MWh,NL,NL,day_ahead_price,value,2026-08-05T16:13:14Z
2023-09-20T00:00:00Z,2023-09-20T02:00:00+0200,-1.6,EUR/MWh,NL,NL,day_ahead_price,value,2026-08-05T16:13:14Z
2023-09-20T01:00:00Z,2023-09-20T03:00:00+0200,-2.91,EUR/MWh,NL,NL,day_ahead_price,value,2026-08-05T16:13:14Z
2023-09-20T02:00:00Z,2023-09-20T04:00:00+0200,-2.67,EUR/MWh,NL,NL,day_ahead_price,value,2026-08-05T16:13:14Z
2023-09-20T03:00:00Z,2023-09-20T05:00:00+0200,8.7,EUR/MWh,NL,NL,day_ahead_price,value,2026-08-05T16:13:14Z
2023-09-20T04:00:00Z,2023-09-20T06:00:00+0200,70.64,EUR/MWh,NL,NL,day_ahead_price,value,2026-08-05T16:13:14Z
2023-09-20T05:00:00Z,2023-09-20T07:00:00+0200,98.64,EUR/MWh,NL,NL,day_ahead_price,value,2026-08-05T16:13:14Z
2023-09-20T06:00:00Z,2023-09-20T08:00:00+0200,105.64,EUR/MWh,NL,NL,day_ahead_price,value,2026-08-05T16:13:14Z
2023-09-20T07:00:00Z,2023-09-20T09:00:00+0200,80.88,EUR/MWh,NL,NL,day_ahead_price,value,2026-08-05T16:13:14Z
2023-09-20T08:00:00Z,2023-09-20T10:00:00+0200,0.06,EUR/MWh,NL,NL,day_ahead_price,value,2026-08-05T16:13:14Z
2023-09-20T09:00:00Z,2023-09-20T11:00:00+0200,-0.89,EUR/MWh,NL,NL,day_ahead_price,value,2026-08-05T16:13:14Z
2023-09-20T10:00:00Z,2023-09-20T12:00:00+0200,-3.33,EUR/MWh,NL,NL,day_ahead_price,value,2026-08-05T16:13:14Z
2023-09-20T11:00:00Z,2023-09-20T13:00:00+0200,-5.34,EUR/MWh,NL,NL,day_ahead_price,value,2026-08-05T16:13:14Z
2023-09-20T12:00:00Z,2023-09-20T14:00:00+0200,-4.94,EUR/MWh,NL,NL,day_ahead_price,value,2026-08-05T16:13:14Z
2023-09-20T13:00:00Z,2023-09-20T15:00:00+0200,-1.83,EUR/MWh,NL,NL,day_ahead_price,value,2026-08-05T16:13:14Z
2023-09-20T14:00:00Z,2023-09-20T16:00:00+0200,0.95,EUR/MWh,NL,NL,day_ahead_price,value,2026-08-05T16:13:14Z
2023-09-20T15:00:00Z,2023-09-20T17:00:00+0200,82.26,EUR/MWh,NL,NL,day_ahead_price,value,2026-08-05T16:13:14Z
2023-09-20T16:00:00Z,2023-09-20T18:00:00+0200,123.61,EUR/MWh,NL,NL,day_ahead_price,value,2026-08-05T16:13:14Z
2023-09-20T17:00:00Z,2023-09-20T19:00:00+0200,169.9,EUR/MWh,NL,NL,day_ahead_price,value,2026-08-05T16:13:14Z
2023-09-20T18:00:00Z,2023-09-20T20:00:00+0200,122.0,EUR/MWh,NL,NL,day_ahead_price,value,2026-08-05T16:13:14Z
2023-09-20T19:00:00Z,2023-09-20T21:00:00+0200,95.74,EUR/MWh,NL,NL,day_ahead_price,value,2026-08-05T16:13:14Z
2023-09-20T20:00:00Z,2023-09-20T22:00:00+0200,86.65,EUR/MWh,NL,NL,day_ahead_price,value,2026-08-05T16:13:14Z
2023-09-20T21:00:00Z,2023-09-20T23:00:00+0200,76.47,EUR/MWh,NL,NL,day_ahead_price,value,2026-08-05T16:13:14Z
2023-09-20T22:00:00Z,2023-09-21T00:00:00+0200,74.55,EUR/MWh,NL,NL,day_ahead_price,value,2026-08-05T16:13:14Z
2023-09-20T23:00:00Z,2023-09-21T01:00:00+0200,65.61,EUR/MWh,NL,NL,day_ahead_price,value,2026-08-05T16:13:14Z
2023-09-21T00:00:00Z,2023-09-21T02:00:00+0200,48.89,EUR/MWh,NL,NL,day_ahead_price,value,2026-08-05T16:13:14Z
2023-09-21T01:00:00Z,2023-09-21T03:00:00+0200,26.51,EUR/MWh,NL,NL,day_ahead_price,value,2026-08-05T16:13:14Z
2023-09-21T02:00:00Z,2023-09-21T04:00:00+0200,42.78,EUR/MWh,NL,NL,day_ahead_price,value,2026-08-05T16:13:14Z
2023-09-21T03:00:00Z,2023-09-21T05:00:00+0200,66.3,EUR/MWh,NL,NL,day_ahead_price,value,2026-08-05T16:13:14Z
2023-09-21T04:00:00Z,2023-09-21T06:00:00+0200,94.9,EUR/MWh,NL,NL,day_ahead_price,value,2026-08-05T16:13:14Z
2023-09-21T05:00:00Z,2023-09-21T07:00:00+0200,116.34,EUR/MWh,NL,NL,day_ahead_price,value,2026-08-05T16:13:14Z
2023-09-21T06:00:00Z,2023-09-21T08:00:00+0200,115.82,EUR/MWh,NL,NL,day_ahead_price,value,2026-08-05T16:13:14Z
2023-09-21T07:00:00Z,2023-09-21T09:00:00+0200,102.74,EUR/MWh,NL,NL,day_ahead_price,value,2026-08-05T16:13:14Z
2023-09-21T08:00:00Z,2023-09-21T10:00:00+0200,97.71,EUR/MWh,NL,NL,day_ahead_price,value,2026-08-05T16:13:14Z
2023-09-21T09:00:00Z,2023-09-21T11:00:00+0200,101.3,EUR/MWh,NL,NL,day_ahead_price,value,2026-08-05T16:13:14Z
2023-09-21T10:00:00Z,2023-09-21T12:00:00+0200,96.3,EUR/MWh,NL,NL,day_ahead_price,value,2026-08-05T16:13:14Z
2023-09-21T11:00:00Z,2023-09-21T13:00:00+0200,95.6,EUR/MWh,NL,NL,day_ahead_price,value,2026-08-05T16:13:14Z
2023-09-21T12:00:00Z,2023-09-21T14:00:00+0200,100.0,EUR/MWh,NL,NL,day_ahead_price,value,2026-08-05T16:13:14Z
2023-09-21T13:00:00Z,2023-09-21T15:00:00+0200,93.8,EUR/MWh,NL,NL,day_ahead_price,value,2026-08-05T16:13:14Z
2023-09-21T14:00:00Z,2023-09-21T16:00:00+0200,105.82,EUR/MWh,NL,NL,day_ahead_price,value,2026-08-05T16:13:14Z
2023-09-21T15:00:00Z,2023-09-21T17:00:00+0200,124.04,EUR/MWh,NL,NL,day_ahead_price,value,2026-08-05T16:13:14Z
2023-09-21T16:00:00Z,2023-09-21T18:00:00+0200,179.01,EUR/MWh,NL,NL,day_ahead_price,value,2026-08-05T16:13:14Z
2023-09-21T17:00:00Z,2023-09-21T19:00:00+0200,245.21,EUR/MWh,NL,NL,day_ahead_price,value,2026-08-05T16:13:14Z
2023-09-21T18:00:00Z,2023-09-21T20:00:00+0200,148.29,EUR/MWh,NL,NL,day_ahead_price,value,2026-08-05T16:13:14Z
2023-09-21T19:00:00Z,2023-09-21T21:00:00+0200,114.8,EUR/MWh,NL,NL,day_ahead_price,value,2026-08-05T16:13:14Z
2023-09-21T20:00:00Z,2023-09-21T22:00:00+0200,100.1,EUR/MWh,NL,NL,day_ahead_price,value,2026-08-05T16:13:14Z
2023-09-21T21:00:00Z,2023-09-21T23:00:00+0200,94.75,EUR/MWh,NL,NL,day_ahead_price,value,2026-08-05T16:13:14Z
2023-09-21T22:00:00Z,2023-09-22T00:00:00+0200,90.1,EUR/MWh,NL,NL,day_ahead_price,value,2026-08-05T16:13:14Z
2023-09-21T23:00:00Z,2023-09-22T01:00:00+0200,87.16,EUR/MWh,NL,NL,day_ahead_price,value,2026-08-05T16:13:14Z
2023-09-22T00:00:00Z,2023-09-22T02:00:00+0200,91.54,EUR/MWh,NL,NL,day_ahead_price,value,2026-08-05T16:13:14Z
2023-09-22T01:00:00Z,2023-09-22T03:00:00+0200,95.15,EUR/MWh,NL,NL,day_ahead_price,value,2026-08-05T16:13:14Z
2023-09-22T02:00:00Z,2023-09-22T04:00:00+0200,99.61,EUR/MWh,NL,NL,day_ahead_price,value,2026-08-05T16:13:14Z
2023-09-22T03:00:00Z,2023-09-22T05:00:00+0200,95.53,EUR/MWh,NL,NL,day_ahead_price,value,2026-08-05T16:13:14Z
2023-09-22T04:00:00Z,2023-09-22T06:00:00+0200,110.0,EUR/MWh,NL,NL,day_ahead_price,value,2026-08-05T16:13:14Z
2023-09-22T05:00:00Z,2023-09-22T07:00:00+0200,139.0,EUR/MWh,NL,NL,day_ahead_price,value,2026-08-05T16:13:14Z
2023-09-22T06:00:00Z,2023-09-22T08:00:00+0200,134.79,EUR/MWh,NL,NL,day_ahead_price,value,2026-08-05T16:13:14Z
2023-09-22T07:00:00Z,2023-09-22T09:00:00+0200,118.28,EUR/MWh,NL,NL,day_ahead_price,value,2026-08-05T16:13:14Z
2023-09-22T08:00:00Z,2023-09-22T10:00:00+0200,99.64,EUR/MWh,NL,NL,day_ahead_price,value,2026-08-05T16:13:14Z
2023-09-22T09:00:00Z,2023-09-22T11:00:00+0200,90.93,EUR/MWh,NL,NL,day_ahead_price,value,2026-08-05T16:13:14Z
2023-09-22T10:00:00Z,2023-09-22T12:00:00+0200,85.65,EUR/MWh,NL,NL,day_ahead_price,value,2026-08-05T16:13:14Z
2023-09-22T11:00:00Z,2023-09-22T13:00:00+0200,76.49,EUR/MWh,NL,NL,day_ahead_price,value,2026-08-05T16:13:14Z
2023-09-22T12:00:00Z,2023-09-22T14:00:00+0200,70.89,EUR/MWh,NL,NL,day_ahead_price,value,2026-08-05T16:13:14Z
2023-09-22T13:00:00Z,2023-09-22T15:00:00+0200,73.26,EUR/MWh,NL,NL,day_ahead_price,value,2026-08-05T16:13:14Z
2023-09-22T14:00:00Z,2023-09-22T16:00:00+0200,85.27,EUR/MWh,NL,NL,day_ahead_price,value,2026-08-05T16:13:14Z
2023-09-22T15:00:00Z,2023-09-22T17:00:00+0200,99.9,EUR/MWh,NL,NL,day_ahead_price,value,2026-08-05T16:13:14Z
2023-09-22T16:00:00Z,2023-09-22T18:00:00+0200,130.23,EUR/MWh,NL,NL,day_ahead_price,value,2026-08-05T16:13:14Z
2023-09-22T17:00:00Z,2023-09-22T19:00:00+0200,152.27,EUR/MWh,NL,NL,day_ahead_price,value,2026-08-05T16:13:14Z
2023-09-22T18:00:00Z,2023-09-22T20:00:00+0200,133.46,EUR/MWh,NL,NL,day_ahead_price,value,2026-08-05T16:13:14Z
2023-09-22T19:00:00Z,2023-09-22T21:00:00+0200,114.63,EUR/MWh,NL,NL,day_ahead_price,value,2026-08-05T16:13:14Z
2023-09-22T20:00:00Z,2023-09-22T22:00:00+0200,105.93,EUR/MWh,NL,NL,day_ahead_price,value,2026-08-05T16:13:14Z
2023-09-22T21:00:00Z,2023-09-22T23:00:00+0200,103.06,EUR/MWh,NL,NL,day_ahead_price,value,2026-08-05T16:13:14Z
2023-09-22T22:00:00Z,2023-09-23T00:00:00+0200,109.04,EUR/MWh,NL,NL,day_ahead_price,value,2026-08-05T16:13:14Z
2023-09-22T23:00:00Z,2023-09-23T01:00:00+0200,101.86,EUR/MWh,NL,NL,day_ahead_price,value,2026-08-05T16:13:14Z
2023-09-23T00:00:00Z,2023-09-23T02:00:00+0200,97.05,EUR/MWh,NL,NL,day_ahead_price,value,2026-08-05T16:13:14Z
2023-09-23T01:00:00Z,2023-09-23T03:00:00+0200,91.72,EUR/MWh,NL,NL,day_ahead_price,value,2026-08-05T16:13:14Z
2023-09-23T02:00:00Z,2023-09-23T04:00:00+0200,89.43,EUR/MWh,NL,NL,day_ahead_price,value,2026-08-05T16:13:14Z
2023-09-23T03:00:00Z,2023-09-23T05:00:00+0200,91.78,EUR/MWh,NL,NL,day_ahead_price,value,2026-08-05T16:13:14Z
2023-09-23T04:00:00Z,2023-09-23T06:00:00+0200,98.88,EUR/MWh,NL,NL,day_ahead_price,value,2026-08-05T16:13:14Z
2023-09-23T05:00:00Z,2023-09-23T07:00:00+0200,107.2,EUR/MWh,NL,NL,day_ahead_price,value,2026-08-05T16:13:14Z
2023-09-23T06:00:00Z,2023-09-23T08:00:00+0200,109.99,EUR/MWh,NL,NL,day_ahead_price,value,2026-08-05T16:13:14Z
2023-09-23T07:00:00Z,2023-09-23T09:00:00+0200,104.68,EUR/MWh,NL,NL,day_ahead_price,value,2026-08-05T16:13:14Z
2023-09-23T08:00:00Z,2023-09-23T10:00:00+0200,90.75,EUR/MWh,NL,NL,day_ahead_price,value,2026-08-05T16:13:14Z
2023-09-23T09:00:00Z,2023-09-23T11:00:00+0200,84.9,EUR/MWh,NL,NL,day_ahead_price,value,2026-08-05T16:13:14Z
2023-09-23T10:00:00Z,2023-09-23T12:00:00+0200,79.89,EUR/MWh,NL,NL,day_ahead_price,value,2026-08-05T16:13:14Z
2023-09-23T11:00:00Z,2023-09-23T13:00:00+0200,70.55,EUR/MWh,NL,NL,day_ahead_price,value,2026-08-05T16:13:14Z
2023-09-23T12:00:00Z,2023-09-23T14:00:00+0200,53.09,EUR/MWh,NL,NL,day_ahead_price,value,2026-08-05T16:13:14Z
2023-09-23T13:00:00Z,2023-09-23T15:00:00+0200,71.2,EUR/MWh,NL,NL,day_ahead_price,value,2026-08-05T16:13:14Z
2023-09-23T14:00:00Z,2023-09-23T16:00:00+0200,78.23,EUR/MWh,NL,NL,day_ahead_price,value,2026-08-05T16:13:14Z
2023-09-23T15:00:00Z,2023-09-23T17:00:00+0200,99.09,EUR/MWh,NL,NL,day_ahead_price,value,2026-08-05T16:13:14Z
2023-09-23T16:00:00Z,2023-09-23T18:00:00+0200,130.99,EUR/MWh,NL,NL,day_ahead_price,value,2026-08-05T16:13:14Z
2023-09-23T17:00:00Z,2023-09-23T19:00:00+0200,156.19,EUR/MWh,NL,NL,day_ahead_price,value,2026-08-05T16:13:14Z
2023-09-23T18:00:00Z,2023-09-23T20:00:00+0200,145.0,EUR/MWh,NL,NL,day_ahead_price,value,2026-08-05T16:13:14Z
2023-09-23T19:00:00Z,2023-09-23T21:00:00+0200,117.91,EUR/MWh,NL,NL,day_ahead_price,value,2026-08-05T16:13:14Z
2023-09-23T20:00:00Z,2023-09-23T22:00:00+0200,106.92,EUR/MWh,NL,NL,day_ahead_price,value,2026-08-05T16:13:14Z
2023-09-23T21:00:00Z,2023-09-23T23:00:00+0200,110.0,EUR/MWh,NL,NL,day_ahead_price,value,2026-08-05T16:13:14Z
2023-09-23T22:00:00Z,2023-09-24T00:00:00+0200,98.71,EUR/MWh,NL,NL,day_ahead_price,value,2026-08-05T16:13:14Z
2023-09-23T23:00:00Z,2023-09-24T01:00:00+0200,87.24,EUR/MWh,NL,NL,day_ahead_price,value,2026-08-05T16:13:14Z
2023-09-24T00:00:00Z,2023-09-24T02:00:00+0200,77.73,EUR/MWh,NL,NL,day_ahead_price,value,2026-08-05T16:13:14Z
2023-09-24T01:00:00Z,2023-09-24T03:00:00+0200,74.2,EUR/MWh,NL,NL,day_ahead_price,value,2026-08-05T16:13:14Z
2023-09-24T02:00:00Z,2023-09-24T04:00:00+0200,78.05,EUR/MWh,NL,NL,day_ahead_price,value,2026-08-05T16:13:14Z
2023-09-24T03:00:00Z,2023-09-24T05:00:00+0200,82.52,EUR/MWh,NL,NL,day_ahead_price,value,2026-08-05T16:13:14Z
2023-09-24T04:00:00Z,2023-09-24T06:00:00+0200,87.5,EUR/MWh,NL,NL,day_ahead_price,value,2026-08-05T16:13:14Z
2023-09-24T05:00:00Z,2023-09-24T07:00:00+0200,91.0,EUR/MWh,NL,NL,day_ahead_price,value,2026-08-05T16:13:14Z
2023-09-24T06:00:00Z,2023-09-24T08:00:00+0200,81.28,EUR/MWh,NL,NL,day_ahead_price,value,2026-08-05T16:13:14Z
2023-09-24T07:00:00Z,2023-09-24T09:00:00+0200,59.36,EUR/MWh,NL,NL,day_ahead_price,value,2026-08-05T16:13:14Z
2023-09-24T08:00:00Z,2023-09-24T10:00:00+0200,1.06,EUR/MWh,NL,NL,day_ahead_price,value,2026-08-05T16:13:14Z
2023-09-24T09:00:00Z,2023-09-24T11:00:00+0200,0.85,EUR/MWh,NL,NL,day_ahead_price,value,2026-08-05T16:13:14Z
2023-09-24T10:00:00Z,2023-09-24T12:00:00+0200,-0.03,EUR/MWh,NL,NL,day_ahead_price,value,2026-08-05T16:13:14Z
2023-09-24T11:00:00Z,2023-09-24T13:00:00+0200,-4.2,EUR/MWh,NL,NL,day_ahead_price,value,2026-08-05T16:13:14Z
2023-09-24T12:00:00Z,2023-09-24T14:00:00+0200,-3.15,EUR/MWh,NL,NL,day_ahead_price,value,2026-08-05T16:13:14Z
2023-09-24T13:00:00Z,2023-09-24T15:00:00+0200,-0.22,EUR/MWh,NL,NL,day_ahead_price,value,2026-08-05T16:13:14Z
2023-09-24T14:00:00Z,2023-09-24T16:00:00+0200,3.2,EUR/MWh,NL,NL,day_ahead_price,value,2026-08-05T16:13:14Z
2023-09-24T15:00:00Z,2023-09-24T17:00:00+0200,79.65,EUR/MWh,NL,NL,day_ahead_price,value,2026-08-05T16:13:14Z
2023-09-24T16:00:00Z,2023-09-24T18:00:00+0200,130.0,EUR/MWh,NL,NL,day_ahead_price,value,2026-08-05T16:13:14Z
2023-09-24T17:00:00Z,2023-09-24T19:00:00+0200,157.09,EUR/MWh,NL,NL,day_ahead_price,value,2026-08-05T16:13:14Z
2023-09-24T18:00:00Z,2023-09-24T20:00:00+0200,134.98,EUR/MWh,NL,NL,day_ahead_price,value,2026-08-05T16:13:14Z
2023-09-24T19:00:00Z,2023-09-24T21:00:00+0200,105.0,EUR/MWh,NL,NL,day_ahead_price,value,2026-08-05T16:13:14Z
2023-09-24T20:00:00Z,2023-09-24T22:00:00+0200,90.19,EUR/MWh,NL,NL,day_ahead_price,value,2026-08-05T16:13:14Z
2023-09-24T21:00:00Z,2023-09-24T23:00:00+0200,72.19,EUR/MWh,NL,NL,day_ahead_price,value,2026-08-05T16:13:14Z
2023-09-24T22:00:00Z,2023-09-25T00:00:00+0200,34.63,EUR/MWh,NL,NL,day_ahead_price,value,2026-08-05T16:13:14Z
2023-09-24T23:00:00Z,2023-09-25T01:00:00+0200,10.0,EUR/MWh,NL,NL,day_ahead_price,value,2026-08-05T16:13:14Z
2023-09-25T00:00:00Z,2023-09-25T02:00:00+0200,1.09,EUR/MWh,NL,NL,day_ahead_price,value,2026-08-05T16:13:14Z
2023-09-25T01:00:00Z,2023-09-25T03:00:00+0200,0.0,EUR/MWh,NL,NL,day_ahead_price,value,2026-08-05T16:13:14Z
2023-09-25T02:00:00Z,2023-09-25T04:00:00+0200,0.49,EUR/MWh,NL,NL,day_ahead_price,value,2026-08-05T16:13:14Z
2023-09-25T03:00:00Z,2023-09-25T05:00:00+0200,42.25,EUR/MWh,NL,NL,day_ahead_price,value,2026-08-05T16:13:14Z
2023-09-25T04:00:00Z,2023-09-25T06:00:00+0200,98.9,EUR/MWh,NL,NL,day_ahead_price,value,2026-08-05T16:13:14Z
2023-09-25T05:00:00Z,2023-09-25T07:00:00+0200,139.15,EUR/MWh,NL,NL,day_ahead_price,value,2026-08-05T16:13:14Z
2023-09-25T06:00:00Z,2023-09-25T08:00:00+0200,143.0,EUR/MWh,NL,NL,day_ahead_price,value,2026-08-05T16:13:14Z
2023-09-25T07:00:00Z,2023-09-25T09:00:00+0200,118.32,EUR/MWh,NL,NL,day_ahead_price,value,2026-08-05T16:13:14Z
2023-09-25T08:00:00Z,2023-09-25T10:00:00+0200,90.33,EUR/MWh,NL,NL,day_ahead_price,value,2026-08-05T16:13:14Z
2023-09-25T09:00:00Z,2023-09-25T11:00:00+0200,89.01,EUR/MWh,NL,NL,day_ahead_price,value,2026-08-05T16:13:14Z
2023-09-25T10:00:00Z,2023-09-25T12:00:00+0200,66.51,EUR/MWh,NL,NL,day_ahead_price,value,2026-08-05T16:13:14Z
2023-09-25T11:00:00Z,2023-09-25T13:00:00+0200,76.11,EUR/MWh,NL,NL,day_ahead_price,value,2026-08-05T16:13:14Z
2023-09-25T12:00:00Z,2023-09-25T14:00:00+0200,84.09,EUR/MWh,NL,NL,day_ahead_price,value,2026-08-05T16:13:14Z
2023-09-25T13:00:00Z,2023-09-25T15:00:00+0200,92.06,EUR/MWh,NL,NL,day_ahead_price,value,2026-08-05T16:13:14Z
2023-09-25T14:00:00Z,2023-09-25T16:00:00+0200,97.46,EUR/MWh,NL,NL,day_ahead_price,value,2026-08-05T16:13:14Z
2023-09-25T15:00:00Z,2023-09-25T17:00:00+0200,124.22,EUR/MWh,NL,NL,day_ahead_price,value,2026-08-05T16:13:14Z
2023-09-25T16:00:00Z,2023-09-25T18:00:00+0200,200.09,EUR/MWh,NL,NL,day_ahead_price,value,2026-08-05T16:13:14Z
2023-09-25T17:00:00Z,2023-09-25T19:00:00+0200,379.59,EUR/MWh,NL,NL,day_ahead_price,value,2026-08-05T16:13:14Z
2023-09-25T18:00:00Z,2023-09-25T20:00:00+0200,237.48,EUR/MWh,NL,NL,day_ahead_price,value,2026-08-05T16:13:14Z
2023-09-25T19:00:00Z,2023-09-25T21:00:00+0200,135.97,EUR/MWh,NL,NL,day_ahead_price,value,2026-08-05T16:13:14Z
2023-09-25T20:00:00Z,2023-09-25T22:00:00+0200,122.16,EUR/MWh,NL,NL,day_ahead_price,value,2026-08-05T16:13:14Z
2023-09-25T21:00:00Z,2023-09-25T23:00:00+0200,110.13,EUR/MWh,NL,NL,day_ahead_price,value,2026-08-05T16:13:14Z
2023-09-25T22:00:00Z,2023-09-26T00:00:00+0200,114.13,EUR/MWh,NL,NL,day_ahead_price,value,2026-08-05T16:13:14Z
2023-09-25T23:00:00Z,2023-09-26T01:00:00+0200,107.99,EUR/MWh,NL,NL,day_ahead_price,value,2026-08-05T16:13:14Z
2023-09-26T00:00:00Z,2023-09-26T02:00:00+0200,104.93,EUR/MWh,NL,NL,day_ahead_price,value,2026-08-05T16:13:14Z
2023-09-26T01:00:00Z,2023-09-26T03:00:00+0200,104.58,EUR/MWh,NL,NL,day_ahead_price,value,2026-08-05T16:13:14Z
2023-09-26T02:00:00Z,2023-09-26T04:00:00+0200,105.0,EUR/MWh,NL,NL,day_ahead_price,value,2026-08-05T16:13:14Z
2023-09-26T03:00:00Z,2023-09-26T05:00:00+0200,107.99,EUR/MWh,NL,NL,day_ahead_price,value,2026-08-05T16:13:14Z
2023-09-26T04:00:00Z,2023-09-26T06:00:00+0200,147.8,EUR/MWh,NL,NL,day_ahead_price,value,2026-08-05T16:13:14Z
2023-09-26T05:00:00Z,2023-09-26T07:00:00+0200,253.63,EUR/MWh,NL,NL,day_ahead_price,value,2026-08-05T16:13:14Z
2023-09-26T06:00:00Z,2023-09-26T08:00:00+0200,161.95,EUR/MWh,NL,NL,day_ahead_price,value,2026-08-05T16:13:14Z
2023-09-26T07:00:00Z,2023-09-26T09:00:00+0200,117.83,EUR/MWh,NL,NL,day_ahead_price,value,2026-08-05T16:13:14Z
2023-09-26T08:00:00Z,2023-09-26T10:00:00+0200,100.59,EUR/MWh,NL,NL,day_ahead_price,value,2026-08-05T16:13:14Z
2023-09-26T09:00:00Z,2023-09-26T11:00:00+0200,95.52,EUR/MWh,NL,NL,day_ahead_price,value,2026-08-05T16:13:14Z
2023-09-26T10:00:00Z,2023-09-26T12:00:00+0200,91.28,EUR/MWh,NL,NL,day_ahead_price,value,2026-08-05T16:13:14Z
2023-09-26T11:00:00Z,2023-09-26T13:00:00+0200,82.95,EUR/MWh,NL,NL,day_ahead_price,value,2026-08-05T16:13:14Z
2023-09-26T12:00:00Z,2023-09-26T14:00:00+0200,90.0,EUR/MWh,NL,NL,day_ahead_price,value,2026-08-05T16:13:14Z
2023-09-26T13:00:00Z,2023-09-26T15:00:00+0200,98.02,EUR/MWh,NL,NL,day_ahead_price,value,2026-08-05T16:13:14Z
2023-09-26T14:00:00Z,2023-09-26T16:00:00+0200,104.51,EUR/MWh,NL,NL,day_ahead_price,value,2026-08-05T16:13:14Z
2023-09-26T15:00:00Z,2023-09-26T17:00:00+0200,133.0,EUR/MWh,NL,NL,day_ahead_price,value,2026-08-05T16:13:14Z
2023-09-26T16:00:00Z,2023-09-26T18:00:00+0200,171.24,EUR/MWh,NL,NL,day_ahead_price,value,2026-08-05T16:13:14Z
2023-09-26T17:00:00Z,2023-09-26T19:00:00+0200,228.02,EUR/MWh,NL,NL,day_ahead_price,value,2026-08-05T16:13:14Z
2023-09-26T18:00:00Z,2023-09-26T20:00:00+0200,160.34,EUR/MWh,NL,NL,day_ahead_price,value,2026-08-05T16:13:14Z
2023-09-26T19:00:00Z,2023-09-26T21:00:00+0200,126.27,EUR/MWh,NL,NL,day_ahead_price,value,2026-08-05T16:13:14Z
2023-09-26T20:00:00Z,2023-09-26T22:00:00+0200,108.06,EUR/MWh,NL,NL,day_ahead_price,value,2026-08-05T16:13:14Z
2023-09-26T21:00:00Z,2023-09-26T23:00:00+0200,101.28,EUR/MWh,NL,NL,day_ahead_price,value,2026-08-05T16:13:14Z
2023-09-26T22:00:00Z,2023-09-27T00:00:00+0200,105.51,EUR/MWh,NL,NL,day_ahead_price,value,2026-08-05T16:13:14Z
2023-09-26T23:00:00Z,2023-09-27T01:00:00+0200,102.0,EUR/MWh,NL,NL,day_ahead_price,value,2026-08-05T16:13:14Z
2023-09-27T00:00:00Z,2023-09-27T02:00:00+0200,102.52,EUR/MWh,NL,NL,day_ahead_price,value,2026-08-05T16:13:14Z
2023-09-27T01:00:00Z,2023-09-27T03:00:00+0200,101.89,EUR/MWh,NL,NL,day_ahead_price,value,2026-08-05T16:13:14Z
2023-09-27T02:00:00Z,2023-09-27T04:00:00+0200,100.43,EUR/MWh,NL,NL,day_ahead_price,value,2026-08-05T16:13:14Z
2023-09-27T03:00:00Z,2023-09-27T05:00:00+0200,107.79,EUR/MWh,NL,NL,day_ahead_price,value,2026-08-05T16:13:14Z
2023-09-27T04:00:00Z,2023-09-27T06:00:00+0200,137.57,EUR/MWh,NL,NL,day_ahead_price,value,2026-08-05T16:13:14Z
2023-09-27T05:00:00Z,2023-09-27T07:00:00+0200,234.9,EUR/MWh,NL,NL,day_ahead_price,value,2026-08-05T16:13:14Z
2023-09-27T06:00:00Z,2023-09-27T08:00:00+0200,168.88,EUR/MWh,NL,NL,day_ahead_price,value,2026-08-05T16:13:14Z
2023-09-27T07:00:00Z,2023-09-27T09:00:00+0200,128.7,EUR/MWh,NL,NL,day_ahead_price,value,2026-08-05T16:13:14Z
2023-09-27T08:00:00Z,2023-09-27T10:00:00+0200,102.33,EUR/MWh,NL,NL,day_ahead_price,value,2026-08-05T16:13:14Z
2023-09-27T09:00:00Z,2023-09-27T11:00:00+0200,93.26,EUR/MWh,NL,NL,day_ahead_price,value,2026-08-05T16:13:14Z
2023-09-27T10:00:00Z,2023-09-27T12:00:00+0200,90.2,EUR/MWh,NL,NL,day_ahead_price,value,2026-08-05T16:13:14Z
2023-09-27T11:00:00Z,2023-09-27T13:00:00+0200,87.34,EUR/MWh,NL,NL,day_ahead_price,value,2026-08-05T16:13:14Z
2023-09-27T12:00:00Z,2023-09-27T14:00:00+0200,87.8,EUR/MWh,NL,NL,day_ahead_price,value,2026-08-05T16:13:14Z
2023-09-27T13:00:00Z,2023-09-27T15:00:00+0200,90.9,EUR/MWh,NL,NL,day_ahead_price,value,2026-08-05T16:13:14Z
2023-09-27T14:00:00Z,2023-09-27T16:00:00+0200,111.58,EUR/MWh,NL,NL,day_ahead_price,value,2026-08-05T16:13:14Z
2023-09-27T15:00:00Z,2023-09-27T17:00:00+0200,149.91,EUR/MWh,NL,NL,day_ahead_price,value,2026-08-05T16:13:14Z
2023-09-27T16:00:00Z,2023-09-27T18:00:00+0200,179.9,EUR/MWh,NL,NL,day_ahead_price,value,2026-08-05T16:13:14Z
2023-09-27T17:00:00Z,2023-09-27T19:00:00+0200,174.44,EUR/MWh,NL,NL,day_ahead_price,value,2026-08-05T16:13:14Z
2023-09-27T18:00:00Z,2023-09-27T20:00:00+0200,132.66,EUR/MWh,NL,NL,day_ahead_price,value,2026-08-05T16:13:14Z
2023-09-27T19:00:00Z,2023-09-27T21:00:00+0200,107.07,EUR/MWh,NL,NL,day_ahead_price,value,2026-08-05T16:13:14Z
2023-09-27T20:00:00Z,2023-09-27T22:00:00+0200,96.38,EUR/MWh,NL,NL,day_ahead_price,value,2026-08-05T16:13:14Z
2023-09-27T21:00:00Z,2023-09-27T23:00:00+0200,86.61,EUR/MWh,NL,NL,day_ahead_price,value,2026-08-05T16:13:14Z
2023-09-27T22:00:00Z,2023-09-28T00:00:00+0200,86.67,EUR/MWh,NL,NL,day_ahead_price,value,2026-08-05T16:13:14Z
2023-09-27T23:00:00Z,2023-09-28T01:00:00+0200,80.47,EUR/MWh,NL,NL,day_ahead_price,value,2026-08-05T16:13:14Z
2023-09-28T00:00:00Z,2023-09-28T02:00:00+0200,70.0,EUR/MWh,NL,NL,day_ahead_price,value,2026-08-05T16:13:14Z
2023-09-28T01:00:00Z,2023-09-28T03:00:00+0200,62.0,EUR/MWh,NL,NL,day_ahead_price,value,2026-08-05T16:13:14Z
2023-09-28T02:00:00Z,2023-09-28T04:00:00+0200,58.47,EUR/MWh,NL,NL,day_ahead_price,value,2026-08-05T16:13:14Z
2023-09-28T03:00:00Z,2023-09-28T05:00:00+0200,85.84,EUR/MWh,NL,NL,day_ahead_price,value,2026-08-05T16:13:14Z
2023-09-28T04:00:00Z,2023-09-28T06:00:00+0200,100.94,EUR/MWh,NL,NL,day_ahead_price,value,2026-08-05T16:13:14Z
2023-09-28T05:00:00Z,2023-09-28T07:00:00+0200,126.25,EUR/MWh,NL,NL,day_ahead_price,value,2026-08-05T16:13:14Z
2023-09-28T06:00:00Z,2023-09-28T08:00:00+0200,129.56,EUR/MWh,NL,NL,day_ahead_price,value,2026-08-05T16:13:14Z
2023-09-28T07:00:00Z,2023-09-28T09:00:00+0200,110.85,EUR/MWh,NL,NL,day_ahead_price,value,2026-08-05T16:13:14Z
2023-09-28T08:00:00Z,2023-09-28T10:00:00+0200,93.36,EUR/MWh,NL,NL,day_ahead_price,value,2026-08-05T16:13:14Z
2023-09-28T09:00:00Z,2023-09-28T11:00:00+0200,88.56,EUR/MWh,NL,NL,day_ahead_price,value,2026-08-05T16:13:14Z
2023-09-28T10:00:00Z,2023-09-28T12:00:00+0200,83.46,EUR/MWh,NL,NL,day_ahead_price,value,2026-08-05T16:13:14Z
2023-09-28T11:00:00Z,2023-09-28T13:00:00+0200,81.99,EUR/MWh,NL,NL,day_ahead_price,value,2026-08-05T16:13:14Z
2023-09-28T12:00:00Z,2023-09-28T14:00:00+0200,87.7,EUR/MWh,NL,NL,day_ahead_price,value,2026-08-05T16:13:14Z
2023-09-28T13:00:00Z,2023-09-28T15:00:00+0200,92.02,EUR/MWh,NL,NL,day_ahead_price,value,2026-08-05T16:13:14Z
2023-09-28T14:00:00Z,2023-09-28T16:00:00+0200,99.89,EUR/MWh,NL,NL,day_ahead_price,value,2026-08-05T16:13:14Z
2023-09-28T15:00:00Z,2023-09-28T17:00:00+0200,132.63,EUR/MWh,NL,NL,day_ahead_price,value,2026-08-05T16:13:14Z
2023-09-28T16:00:00Z,2023-09-28T18:00:00+0200,172.0,EUR/MWh,NL,NL,day_ahead_price,value,2026-08-05T16:13:14Z
2023-09-28T17:00:00Z,2023-09-28T19:00:00+0200,239.75,EUR/MWh,NL,NL,day_ahead_price,value,2026-08-05T16:13:14Z
2023-09-28T18:00:00Z,2023-09-28T20:00:00+0200,156.51,EUR/MWh,NL,NL,day_ahead_price,value,2026-08-05T16:13:14Z
2023-09-28T19:00:00Z,2023-09-28T21:00:00+0200,127.57,EUR/MWh,NL,NL,day_ahead_price,value,2026-08-05T16:13:14Z
2023-09-28T20:00:00Z,2023-09-28T22:00:00+0200,117.82,EUR/MWh,NL,NL,day_ahead_price,value,2026-08-05T16:13:14Z
2023-09-28T21:00:00Z,2023-09-28T23:00:00+0200,110.4,EUR/MWh,NL,NL,day_ahead_price,value,2026-08-05T16:13:14Z
2023-09-28T22:00:00Z,2023-09-29T00:00:00+0200,108.5,EUR/MWh,NL,NL,day_ahead_price,value,2026-08-05T16:13:14Z
2023-09-28T23:00:00Z,2023-09-29T01:00:00+0200,96.34,EUR/MWh,NL,NL,day_ahead_price,value,2026-08-05T16:13:14Z
2023-09-29T00:00:00Z,2023-09-29T02:00:00+0200,86.59,EUR/MWh,NL,NL,day_ahead_price,value,2026-08-05T16:13:14Z
2023-09-29T01:00:00Z,2023-09-29T03:00:00+0200,82.17,EUR/MWh,NL,NL,day_ahead_price,value,2026-08-05T16:13:14Z
2023-09-29T02:00:00Z,2023-09-29T04:00:00+0200,38.99,EUR/MWh,NL,NL,day_ahead_price,value,2026-08-05T16:13:14Z
2023-09-29T03:00:00Z,2023-09-29T05:00:00+0200,68.11,EUR/MWh,NL,NL,day_ahead_price,value,2026-08-05T16:13:14Z
2023-09-29T04:00:00Z,2023-09-29T06:00:00+0200,105.26,EUR/MWh,NL,NL,day_ahead_price,value,2026-08-05T16:13:14Z
2023-09-29T05:00:00Z,2023-09-29T07:00:00+0200,132.92,EUR/MWh,NL,NL,day_ahead_price,value,2026-08-05T16:13:14Z
2023-09-29T06:00:00Z,2023-09-29T08:00:00+0200,130.05,EUR/MWh,NL,NL,day_ahead_price,value,2026-08-05T16:13:14Z
2023-09-29T07:00:00Z,2023-09-29T09:00:00+0200,106.82,EUR/MWh,NL,NL,day_ahead_price,value,2026-08-05T16:13:14Z
2023-09-29T08:00:00Z,2023-09-29T10:00:00+0200,92.07,EUR/MWh,NL,NL,day_ahead_price,value,2026-08-05T16:13:14Z
2023-09-29T09:00:00Z,2023-09-29T11:00:00+0200,87.37,EUR/MWh,NL,NL,day_ahead_price,value,2026-08-05T16:13:14Z
2023-09-29T10:00:00Z,2023-09-29T12:00:00+0200,82.05,EUR/MWh,NL,NL,day_ahead_price,value,2026-08-05T16:13:14Z
2023-09-29T11:00:00Z,2023-09-29T13:00:00+0200,72.44,EUR/MWh,NL,NL,day_ahead_price,value,2026-08-05T16:13:14Z
2023-09-29T12:00:00Z,2023-09-29T14:00:00+0200,77.04,EUR/MWh,NL,NL,day_ahead_price,value,2026-08-05T16:13:14Z
2023-09-29T13:00:00Z,2023-09-29T15:00:00+0200,90.7,EUR/MWh,NL,NL,day_ahead_price,value,2026-08-05T16:13:14Z
2023-09-29T14:00:00Z,2023-09-29T16:00:00+0200,96.22,EUR/MWh,NL,NL,day_ahead_price,value,2026-08-05T16:13:14Z
2023-09-29T15:00:00Z,2023-09-29T17:00:00+0200,112.12,EUR/MWh,NL,NL,day_ahead_price,value,2026-08-05T16:13:14Z
2023-09-29T16:00:00Z,2023-09-29T18:00:00+0200,132.9,EUR/MWh,NL,NL,day_ahead_price,value,2026-08-05T16:13:14Z
2023-09-29T17:00:00Z,2023-09-29T19:00:00+0200,140.58,EUR/MWh,NL,NL,day_ahead_price,value,2026-08-05T16:13:14Z
2023-09-29T18:00:00Z,2023-09-29T20:00:00+0200,132.96,EUR/MWh,NL,NL,day_ahead_price,value,2026-08-05T16:13:14Z
2023-09-29T19:00:00Z,2023-09-29T21:00:00+0200,113.4,EUR/MWh,NL,NL,day_ahead_price,value,2026-08-05T16:13:14Z
2023-09-29T20:00:00Z,2023-09-29T22:00:00+0200,106.57,EUR/MWh,NL,NL,day_ahead_price,value,2026-08-05T16:13:14Z
2023-09-29T21:00:00Z,2023-09-29T23:00:00+0200,101.07,EUR/MWh,NL,NL,day_ahead_price,value,2026-08-05T16:13:14Z
2023-09-29T22:00:00Z,2023-09-30T00:00:00+0200,99.91,EUR/MWh,NL,NL,day_ahead_price,value,2026-08-05T16:13:14Z
2023-09-29T23:00:00Z,2023-09-30T01:00:00+0200,93.64,EUR/MWh,NL,NL,day_ahead_price,value,2026-08-05T16:13:14Z
2023-09-30T00:00:00Z,2023-09-30T02:00:00+0200,90.0,EUR/MWh,NL,NL,day_ahead_price,value,2026-08-05T16:13:14Z
2023-09-30T01:00:00Z,2023-09-30T03:00:00+0200,88.72,EUR/MWh,NL,NL,day_ahead_price,value,2026-08-05T16:13:14Z
2023-09-30T02:00:00Z,2023-09-30T04:00:00+0200,88.28,EUR/MWh,NL,NL,day_ahead_price,value,2026-08-05T16:13:14Z
2023-09-30T03:00:00Z,2023-09-30T05:00:00+0200,92.1,EUR/MWh,NL,NL,day_ahead_price,value,2026-08-05T16:13:14Z
2023-09-30T04:00:00Z,2023-09-30T06:00:00+0200,105.3,EUR/MWh,NL,NL,day_ahead_price,value,2026-08-05T16:13:14Z
2023-09-30T05:00:00Z,2023-09-30T07:00:00+0200,109.46,EUR/MWh,NL,NL,day_ahead_price,value,2026-08-05T16:13:14Z
2023-09-30T06:00:00Z,2023-09-30T08:00:00+0200,115.0,EUR/MWh,NL,NL,day_ahead_price,value,2026-08-05T16:13:14Z
2023-09-30T07:00:00Z,2023-09-30T09:00:00+0200,105.25,EUR/MWh,NL,NL,day_ahead_price,value,2026-08-05T16:13:14Z
2023-09-30T08:00:00Z,2023-09-30T10:00:00+0200,87.51,EUR/MWh,NL,NL,day_ahead_price,value,2026-08-05T16:13:14Z
2023-09-30T09:00:00Z,2023-09-30T11:00:00+0200,70.53,EUR/MWh,NL,NL,day_ahead_price,value,2026-08-05T16:13:14Z
2023-09-30T10:00:00Z,2023-09-30T12:00:00+0200,42.76,EUR/MWh,NL,NL,day_ahead_price,value,2026-08-05T16:13:14Z
2023-09-30T11:00:00Z,2023-09-30T13:00:00+0200,5.0,EUR/MWh,NL,NL,day_ahead_price,value,2026-08-05T16:13:14Z
2023-09-30T12:00:00Z,2023-09-30T14:00:00+0200,15.04,EUR/MWh,NL,NL,day_ahead_price,value,2026-08-05T16:13:14Z
2023-09-30T13:00:00Z,2023-09-30T15:00:00+0200,56.0,EUR/MWh,NL,NL,day_ahead_price,value,2026-08-05T16:13:14Z
2023-09-30T14:00:00Z,2023-09-30T16:00:00+0200,85.01,EUR/MWh,NL,NL,day_ahead_price,value,2026-08-05T16:13:14Z
2023-09-30T15:00:00Z,2023-09-30T17:00:00+0200,107.24,EUR/MWh,NL,NL,day_ahead_price,value,2026-08-05T16:13:14Z
2023-09-30T16:00:00Z,2023-09-30T18:00:00+0200,133.73,EUR/MWh,NL,NL,day_ahead_price,value,2026-08-05T16:13:14Z
2023-09-30T17:00:00Z,2023-09-30T19:00:00+0200,159.08,EUR/MWh,NL,NL,day_ahead_price,value,2026-08-05T16:13:14Z
2023-09-30T18:00:00Z,2023-09-30T20:00:00+0200,134.1,EUR/MWh,NL,NL,day_ahead_price,value,2026-08-05T16:13:14Z
2023-09-30T19:00:00Z,2023-09-30T21:00:00+0200,111.81,EUR/MWh,NL,NL,day_ahead_price,value,2026-08-05T16:13:14Z
2023-09-30T20:00:00Z,2023-09-30T22:00:00+0200,107.4,EUR/MWh,NL,NL,day_ahead_price,value,2026-08-05T16:13:14Z
2023-09-30T21:00:00Z,2023-09-30T23:00:00+0200,101.04,EUR/MWh,NL,NL,day_ahead_price,value,2026-08-05T16:13:14Z
2023-09-30T22:00:00Z,2023-10-01T00:00:00+0200,102.73,EUR/MWh,NL,NL,day_ahead_price,value,2026-08-05T16:13:14Z
2023-09-30T23:00:00Z,2023-10-01T01:00:00+0200,94.14,EUR/MWh,NL,NL,day_ahead_price,value,2026-08-05T16:13:14Z
2023-10-01T00:00:00Z,2023-10-01T02:00:00+0200,88.6,EUR/MWh,NL,NL,day_ahead_price,value,2026-08-05T16:13:14Z
2023-10-01T01:00:00Z,2023-10-01T03:00:00+0200,80.42,EUR/MWh,NL,NL,day_ahead_price,value,2026-08-05T16:13:14Z
2023-10-01T02:00:00Z,2023-10-01T04:00:00+0200,84.89,EUR/MWh,NL,NL,day_ahead_price,value,2026-08-05T16:13:14Z
2023-10-01T03:00:00Z,2023-10-01T05:00:00+0200,81.54,EUR/MWh,NL,NL,day_ahead_price,value,2026-08-05T16:13:14Z
2023-10-01T04:00:00Z,2023-10-01T06:00:00+0200,82.12,EUR/MWh,NL,NL,day_ahead_price,value,2026-08-05T16:13:14Z
2023-10-01T05:00:00Z,2023-10-01T07:00:00+0200,88.08,EUR/MWh,NL,NL,day_ahead_price,value,2026-08-05T16:13:14Z
2023-10-01T06:00:00Z,2023-10-01T08:00:00+0200,82.1,EUR/MWh,NL,NL,day_ahead_price,value,2026-08-05T16:13:14Z
2023-10-01T07:00:00Z,2023-10-01T09:00:00+0200,62.73,EUR/MWh,NL,NL,day_ahead_price,value,2026-08-05T16:13:14Z
2023-10-01T08:00:00Z,2023-10-01T10:00:00+0200,40.0,EUR/MWh,NL,NL,day_ahead_price,value,2026-08-05T16:13:14Z
2023-10-01T09:00:00Z,2023-10-01T11:00:00+0200,8.99,EUR/MWh,NL,NL,day_ahead_price,value,2026-08-05T16:13:14Z
2023-10-01T10:00:00Z,2023-10-01T12:00:00+0200,-0.04,EUR/MWh,NL,NL,day_ahead_price,value,2026-08-05T16:13:14Z
2023-10-01T11:00:00Z,2023-10-01T13:00:00+0200,-3.1,EUR/MWh,NL,NL,day_ahead_price,value,2026-08-05T16:13:14Z
2023-10-01T12:00:00Z,2023-10-01T14:00:00+0200,-1.19,EUR/MWh,NL,NL,day_ahead_price,value,2026-08-05T16:13:14Z
2023-10-01T13:00:00Z,2023-10-01T15:00:00+0200,1.53,EUR/MWh,NL,NL,day_ahead_price,value,2026-08-05T16:13:14Z
2023-10-01T14:00:00Z,2023-10-01T16:00:00+0200,62.73,EUR/MWh,NL,NL,day_ahead_price,value,2026-08-05T16:13:14Z
2023-10-01T15:00:00Z,2023-10-01T17:00:00+0200,98.03,EUR/MWh,NL,NL,day_ahead_price,value,2026-08-05T16:13:14Z
2023-10-01T16:00:00Z,2023-10-01T18:00:00+0200,120.06,EUR/MWh,NL,NL,day_ahead_price,value,2026-08-05T16:13:14Z
2023-10-01T17:00:00Z,2023-10-01T19:00:00+0200,130.0,EUR/MWh,NL,NL,day_ahead_price,value,2026-08-05T16:13:14Z
2023-10-01T18:00:00Z,2023-10-01T20:00:00+0200,130.0,EUR/MWh,NL,NL,day_ahead_price,value,2026-08-05T16:13:14Z
2023-10-01T19:00:00Z,2023-10-01T21:00:00+0200,115.16,EUR/MWh,NL,NL,day_ahead_price,value,2026-08-05T16:13:14Z
2023-10-01T20:00:00Z,2023-10-01T22:00:00+0200,106.62,EUR/MWh,NL,NL,day_ahead_price,value,2026-08-05T16:13:14Z
2023-10-01T21:00:00Z,2023-10-01T23:00:00+0200,99.97,EUR/MWh,NL,NL,day_ahead_price,value,2026-08-05T16:13:14Z
2023-10-01T22:00:00Z,2023-10-02T00:00:00+0200,94.9,EUR/MWh,NL,NL,day_ahead_price,value,2026-08-05T16:13:14Z
2023-10-01T23:00:00Z,2023-10-02T01:00:00+0200,93.17,EUR/MWh,NL,NL,day_ahead_price,value,2026-08-05T16:13:14Z
2023-10-02T00:00:00Z,2023-10-02T02:00:00+0200,93.4,EUR/MWh,NL,NL,day_ahead_price,value,2026-08-05T16:13:14Z
2023-10-02T01:00:00Z,2023-10-02T03:00:00+0200,92.02,EUR/MWh,NL,NL,day_ahead_price,value,2026-08-05T16:13:14Z
2023-10-02T02:00:00Z,2023-10-02T04:00:00+0200,95.68,EUR/MWh,NL,NL,day_ahead_price,value,2026-08-05T16:13:14Z
2023-10-02T03:00:00Z,2023-10-02T05:00:00+0200,99.33,EUR/MWh,NL,NL,day_ahead_price,value,2026-08-05T16:13:14Z
2023-10-02T04:00:00Z,2023-10-02T06:00:00+0200,124.78,EUR/MWh,NL,NL,day_ahead_price,value,2026-08-05T16:13:14Z
2023-10-02T05:00:00Z,2023-10-02T07:00:00+0200,142.65,EUR/MWh,NL,NL,day_ahead_price,value,2026-08-05T16:13:14Z
2023-10-02T06:00:00Z,2023-10-02T08:00:00+0200,144.5,EUR/MWh,NL,NL,day_ahead_price,value,2026-08-05T16:13:14Z
2023-10-02T07:00:00Z,2023-10-02T09:00:00+0200,128.0,EUR/MWh,NL,NL,day_ahead_price,value,2026-08-05T16:13:14Z
2023-10-02T08:00:00Z,2023-10-02T10:00:00+0200,105.35,EUR/MWh,NL,NL,day_ahead_price,value,2026-08-05T16:13:14Z
2023-10-02T09:00:00Z,2023-10-02T11:00:00+0200,92.39,EUR/MWh,NL,NL,day_ahead_price,value,2026-08-05T16:13:14Z
2023-10-02T10:00:00Z,2023-10-02T12:00:00+0200,90.34,EUR/MWh,NL,NL,day_ahead_price,value,2026-08-05T16:13:14Z
2023-10-02T11:00:00Z,2023-10-02T13:00:00+0200,87.92,EUR/MWh,NL,NL,day_ahead_price,value,2026-08-05T16:13:14Z
2023-10-02T12:00:00Z,2023-10-02T14:00:00+0200,88.15,EUR/MWh,NL,NL,day_ahead_price,value,2026-08-05T16:13:14Z
2023-10-02T13:00:00Z,2023-10-02T15:00:00+0200,90.5,EUR/MWh,NL,NL,day_ahead_price,value,2026-08-05T16:13:14Z
2023-10-02T14:00:00Z,2023-10-02T16:00:00+0200,104.6,EUR/MWh,NL,NL,day_ahead_price,value,2026-08-05T16:13:14Z
2023-10-02T15:00:00Z,2023-10-02T17:00:00+0200,127.79,EUR/MWh,NL,NL,day_ahead_price,value,2026-08-05T16:13:14Z
2023-10-02T16:00:00Z,2023-10-02T18:00:00+0200,199.48,EUR/MWh,NL,NL,day_ahead_price,value,2026-08-05T16:13:14Z
2023-10-02T17:00:00Z,2023-10-02T19:00:00+0200,245.05,EUR/MWh,NL,NL,day_ahead_price,value,2026-08-05T16:13:14Z
2023-10-02T18:00:00Z,2023-10-02T20:00:00+0200,160.07,EUR/MWh,NL,NL,day_ahead_price,value,2026-08-05T16:13:14Z
2023-10-02T19:00:00Z,2023-10-02T21:00:00+0200,120.0,EUR/MWh,NL,NL,day_ahead_price,value,2026-08-05T16:13:14Z
2023-10-02T20:00:00Z,2023-10-02T22:00:00+0200,106.42,EUR/MWh,NL,NL,day_ahead_price,value,2026-08-05T16:13:14Z
2023-10-02T21:00:00Z,2023-10-02T23:00:00+0200,100.0,EUR/MWh,NL,NL,day_ahead_price,value,2026-08-05T16:13:14Z
2023-10-02T22:00:00Z,2023-10-03T00:00:00+0200,97.58,EUR/MWh,NL,NL,day_ahead_price,value,2026-08-05T16:13:14Z
2023-10-02T23:00:00Z,2023-10-03T01:00:00+0200,87.85,EUR/MWh,NL,NL,day_ahead_price,value,2026-08-05T16:13:14Z
2023-10-03T00:00:00Z,2023-10-03T02:00:00+0200,71.94,EUR/MWh,NL,NL,day_ahead_price,value,2026-08-05T16:13:14Z
2023-10-03T01:00:00Z,2023-10-03T03:00:00+0200,30.91,EUR/MWh,NL,NL,day_ahead_price,value,2026-08-05T16:13:14Z
2023-10-03T02:00:00Z,2023-10-03T04:00:00+0200,9.83,EUR/MWh,NL,NL,day_ahead_price,value,2026-08-05T16:13:14Z
2023-10-03T03:00:00Z,2023-10-03T05:00:00+0200,2.02,EUR/MWh,NL,NL,day_ahead_price,value,2026-08-05T16:13:14Z
2023-10-03T04:00:00Z,2023-10-03T06:00:00+0200,5.29,EUR/MWh,NL,NL,day_ahead_price,value,2026-08-05T16:13:14Z
2023-10-03T05:00:00Z,2023-10-03T07:00:00+0200,44.74,EUR/MWh,NL,NL,day_ahead_price,value,2026-08-05T16:13:14Z
2023-10-03T06:00:00Z,2023-10-03T08:00:00+0200,133.2,EUR/MWh,NL,NL,day_ahead_price,value,2026-08-05T16:13:14Z
2023-10-03T07:00:00Z,2023-10-03T09:00:00+0200,135.3,EUR/MWh,NL,NL,day_ahead_price,value,2026-08-05T16:13:14Z
2023-10-03T08:00:00Z,2023-10-03T10:00:00+0200,119.92,EUR/MWh,NL,NL,day_ahead_price,value,2026-08-05T16:13:14Z
2023-10-03T09:00:00Z,2023-10-03T11:00:00+0200,84.2,EUR/MWh,NL,NL,day_ahead_price,value,2026-08-05T16:13:14Z
2023-10-03T10:00:00Z,2023-10-03T12:00:00+0200,64.89,EUR/MWh,NL,NL,day_ahead_price,value,2026-08-05T16:13:14Z
2023-10-03T11:00:00Z,2023-10-03T13:00:00+0200,27.8,EUR/MWh,NL,NL,day_ahead_price,value,2026-08-05T16:13:14Z
2023-10-03T12:00:00Z,2023-10-03T14:00:00+0200,0.07,EUR/MWh,NL,NL,day_ahead_price,value,2026-08-05T16:13:14Z
2023-10-03T13:00:00Z,2023-10-03T15:00:00+0200,0.0,EUR/MWh,NL,NL,day_ahead_price,value,2026-08-05T16:13:14Z
2023-10-03T14:00:00Z,2023-10-03T16:00:00+0200,0.0,EUR/MWh,NL,NL,day_ahead_price,value,2026-08-05T16:13:14Z
2023-10-03T15:00:00Z,2023-10-03T17:00:00+0200,67.5,EUR/MWh,NL,NL,day_ahead_price,value,2026-08-05T16:13:14Z
2023-10-03T16:00:00Z,2023-10-03T18:00:00+0200,108.0,EUR/MWh,NL,NL,day_ahead_price,value,2026-08-05T16:13:14Z
2023-10-03T17:00:00Z,2023-10-03T19:00:00+0200,131.1,EUR/MWh,NL,NL,day_ahead_price,value,2026-08-05T16:13:14Z
2023-10-03T18:00:00Z,2023-10-03T20:00:00+0200,124.0,EUR/MWh,NL,NL,day_ahead_price,value,2026-08-05T16:13:14Z
2023-10-03T19:00:00Z,2023-10-03T21:00:00+0200,99.9,EUR/MWh,NL,NL,day_ahead_price,value,2026-08-05T16:13:14Z
2023-10-03T20:00:00Z,2023-10-03T22:00:00+0200,97.4,EUR/MWh,NL,NL,day_ahead_price,value,2026-08-05T16:13:14Z
2023-10-03T21:00:00Z,2023-10-03T23:00:00+0200,84.89,EUR/MWh,NL,NL,day_ahead_price,value,2026-08-05T16:13:14Z
2023-10-03T22:00:00Z,2023-10-04T00:00:00+0200,52.2,EUR/MWh,NL,NL,day_ahead_price,value,2026-08-05T16:13:14Z
2023-10-03T23:00:00Z,2023-10-04T01:00:00+0200,44.0,EUR/MWh,NL,NL,day_ahead_price,value,2026-08-05T16:13:14Z
2023-10-04T00:00:00Z,2023-10-04T02:00:00+0200,44.0,EUR/MWh,NL,NL,day_ahead_price,value,2026-08-05T16:13:14Z
2023-10-04T01:00:00Z,2023-10-04T03:00:00+0200,37.64,EUR/MWh,NL,NL,day_ahead_price,value,2026-08-05T16:13:14Z
2023-10-04T02:00:00Z,2023-10-04T04:00:00+0200,35.07,EUR/MWh,NL,NL,day_ahead_price,value,2026-08-05T16:13:14Z
2023-10-04T03:00:00Z,2023-10-04T05:00:00+0200,47.97,EUR/MWh,NL,NL,day_ahead_price,value,2026-08-05T16:13:14Z
2023-10-04T04:00:00Z,2023-10-04T06:00:00+0200,98.56,EUR/MWh,NL,NL,day_ahead_price,value,2026-08-05T16:13:14Z
2023-10-04T05:00:00Z,2023-10-04T07:00:00+0200,116.86,EUR/MWh,NL,NL,day_ahead_price,value,2026-08-05T16:13:14Z
2023-10-04T06:00:00Z,2023-10-04T08:00:00+0200,121.22,EUR/MWh,NL,NL,day_ahead_price,value,2026-08-05T16:13:14Z
2023-10-04T07:00:00Z,2023-10-04T09:00:00+0200,105.87,EUR/MWh,NL,NL,day_ahead_price,value,2026-08-05T16:13:14Z
2023-10-04T08:00:00Z,2023-10-04T10:00:00+0200,77.66,EUR/MWh,NL,NL,day_ahead_price,value,2026-08-05T16:13:14Z
2023-10-04T09:00:00Z,2023-10-04T11:00:00+0200,67.0,EUR/MWh,NL,NL,day_ahead_price,value,2026-08-05T16:13:14Z
2023-10-04T10:00:00Z,2023-10-04T12:00:00+0200,20.72,EUR/MWh,NL,NL,day_ahead_price,value,2026-08-05T16:13:14Z
2023-10-04T11:00:00Z,2023-10-04T13:00:00+0200,41.81,EUR/MWh,NL,NL,day_ahead_price,value,2026-08-05T16:13:14Z
2023-10-04T12:00:00Z,2023-10-04T14:00:00+0200,33.17,EUR/MWh,NL,NL,day_ahead_price,value,2026-08-05T16:13:14Z
2023-10-04T13:00:00Z,2023-10-04T15:00:00+0200,62.2,EUR/MWh,NL,NL,day_ahead_price,value,2026-08-05T16:13:14Z
2023-10-04T14:00:00Z,2023-10-04T16:00:00+0200,80.77,EUR/MWh,NL,NL,day_ahead_price,value,2026-08-05T16:13:14Z
2023-10-04T15:00:00Z,2023-10-04T17:00:00+0200,92.0,EUR/MWh,NL,NL,day_ahead_price,value,2026-08-05T16:13:14Z
2023-10-04T16:00:00Z,2023-10-04T18:00:00+0200,99.4,EUR/MWh,NL,NL,day_ahead_price,value,2026-08-05T16:13:14Z
2023-10-04T17:00:00Z,2023-10-04T19:00:00+0200,127.78,EUR/MWh,NL,NL,day_ahead_price,value,2026-08-05T16:13:14Z
2023-10-04T18:00:00Z,2023-10-04T20:00:00+0200,116.1,EUR/MWh,NL,NL,day_ahead_price,value,2026-08-05T16:13:14Z
2023-10-04T19:00:00Z,2023-10-04T21:00:00+0200,87.81,EUR/MWh,NL,NL,day_ahead_price,value,2026-08-05T16:13:14Z
2023-10-04T20:00:00Z,2023-10-04T22:00:00+0200,85.59,EUR/MWh,NL,NL,day_ahead_price,value,2026-08-05T16:13:14Z
2023-10-04T21:00:00Z,2023-10-04T23:00:00+0200,77.86,EUR/MWh,NL,NL,day_ahead_price,value,2026-08-05T16:13:14Z
2023-10-04T22:00:00Z,2023-10-05T00:00:00+0200,82.7,EUR/MWh,NL,NL,day_ahead_price,value,2026-08-05T16:13:14Z
2023-10-04T23:00:00Z,2023-10-05T01:00:00+0200,76.88,EUR/MWh,NL,NL,day_ahead_price,value,2026-08-05T16:13:14Z
2023-10-05T00:00:00Z,2023-10-05T02:00:00+0200,70.3,EUR/MWh,NL,NL,day_ahead_price,value,2026-08-05T16:13:14Z
2023-10-05T01:00:00Z,2023-10-05T03:00:00+0200,61.2,EUR/MWh,NL,NL,day_ahead_price,value,2026-08-05T16:13:14Z
2023-10-05T02:00:00Z,2023-10-05T04:00:00+0200,69.0,EUR/MWh,NL,NL,day_ahead_price,value,2026-08-05T16:13:14Z
2023-10-05T03:00:00Z,2023-10-05T05:00:00+0200,78.22,EUR/MWh,NL,NL,day_ahead_price,value,2026-08-05T16:13:14Z
2023-10-05T04:00:00Z,2023-10-05T06:00:00+0200,89.52,EUR/MWh,NL,NL,day_ahead_price,value,2026-08-05T16:13:14Z
2023-10-05T05:00:00Z,2023-10-05T07:00:00+0200,107.58,EUR/MWh,NL,NL,day_ahead_price,value,2026-08-05T16:13:14Z
2023-10-05T06:00:00Z,2023-10-05T08:00:00+0200,121.83,EUR/MWh,NL,NL,day_ahead_price,value,2026-08-05T16:13:14Z
2023-10-05T07:00:00Z,2023-10-05T09:00:00+0200,107.11,EUR/MWh,NL,NL,day_ahead_price,value,2026-08-05T16:13:14Z
2023-10-05T08:00:00Z,2023-10-05T10:00:00+0200,87.33,EUR/MWh,NL,NL,day_ahead_price,value,2026-08-05T16:13:14Z
2023-10-05T09:00:00Z,2023-10-05T11:00:00+0200,84.61,EUR/MWh,NL,NL,day_ahead_price,value,2026-08-05T16:13:14Z
2023-10-05T10:00:00Z,2023-10-05T12:00:00+0200,87.61,EUR/MWh,NL,NL,day_ahead_price,value,2026-08-05T16:13:14Z
2023-10-05T11:00:00Z,2023-10-05T13:00:00+0200,78.33,EUR/MWh,NL,NL,day_ahead_price,value,2026-08-05T16:13:14Z
2023-10-05T12:00:00Z,2023-10-05T14:00:00+0200,80.03,EUR/MWh,NL,NL,day_ahead_price,value,2026-08-05T16:13:14Z
2023-10-05T13:00:00Z,2023-10-05T15:00:00+0200,83.62,EUR/MWh,NL,NL,day_ahead_price,value,2026-08-05T16:13:14Z
2023-10-05T14:00:00Z,2023-10-05T16:00:00+0200,94.23,EUR/MWh,NL,NL,day_ahead_price,value,2026-08-05T16:13:14Z
2023-10-05T15:00:00Z,2023-10-05T17:00:00+0200,111.16,EUR/MWh,NL,NL,day_ahead_price,value,2026-08-05T16:13:14Z
2023-10-05T16:00:00Z,2023-10-05T18:00:00+0200,165.07,EUR/MWh,NL,NL,day_ahead_price,value,2026-08-05T16:13:14Z
2023-10-05T17:00:00Z,2023-10-05T19:00:00+0200,229.82,EUR/MWh,NL,NL,day_ahead_price,value,2026-08-05T16:13:14Z
2023-10-05T18:00:00Z,2023-10-05T20:00:00+0200,139.4,EUR/MWh,NL,NL,day_ahead_price,value,2026-08-05T16:13:14Z
2023-10-05T19:00:00Z,2023-10-05T21:00:00+0200,109.93,EUR/MWh,NL,NL,day_ahead_price,value,2026-08-05T16:13:14Z
2023-10-05T20:00:00Z,2023-10-05T22:00:00+0200,100.98,EUR/MWh,NL,NL,day_ahead_price,value,2026-08-05T16:13:14Z
2023-10-05T21:00:00Z,2023-10-05T23:00:00+0200,94.58,EUR/MWh,NL,NL,day_ahead_price,value,2026-08-05T16:13:14Z
2023-10-05T22:00:00Z,2023-10-06T00:00:00+0200,87.39,EUR/MWh,NL,NL,day_ahead_price,value,2026-08-05T16:13:14Z
2023-10-05T23:00:00Z,2023-10-06T01:00:00+0200,84.86,EUR/MWh,NL,NL,day_ahead_price,value,2026-08-05T16:13:14Z
2023-10-06T00:00:00Z,2023-10-06T02:00:00+0200,76.0,EUR/MWh,NL,NL,day_ahead_price,value,2026-08-05T16:13:14Z
2023-10-06T01:00:00Z,2023-10-06T03:00:00+0200,75.06,EUR/MWh,NL,NL,day_ahead_price,value,2026-08-05T16:13:14Z
2023-10-06T02:00:00Z,2023-10-06T04:00:00+0200,66.92,EUR/MWh,NL,NL,day_ahead_price,value,2026-08-05T16:13:14Z
2023-10-06T03:00:00Z,2023-10-06T05:00:00+0200,71.78,EUR/MWh,NL,NL,day_ahead_price,value,2026-08-05T16:13:14Z
2023-10-06T04:00:00Z,2023-10-06T06:00:00+0200,93.62,EUR/MWh,NL,NL,day_ahead_price,value,2026-08-05T16:13:14Z
2023-10-06T05:00:00Z,2023-10-06T07:00:00+0200,115.51,EUR/MWh,NL,NL,day_ahead_price,value,2026-08-05T16:13:14Z
2023-10-06T06:00:00Z,2023-10-06T08:00:00+0200,120.66,EUR/MWh,NL,NL,day_ahead_price,value,2026-08-05T16:13:14Z
2023-10-06T07:00:00Z,2023-10-06T09:00:00+0200,104.39,EUR/MWh,NL,NL,day_ahead_price,value,2026-08-05T16:13:14Z
2023-10-06T08:00:00Z,2023-10-06T10:00:00+0200,84.0,EUR/MWh,NL,NL,day_ahead_price,value,2026-08-05T16:13:14Z
2023-10-06T09:00:00Z,2023-10-06T11:00:00+0200,63.07,EUR/MWh,NL,NL,day_ahead_price,value,2026-08-05T16:13:14Z
2023-10-06T10:00:00Z,2023-10-06T12:00:00+0200,16.22,EUR/MWh,NL,NL,day_ahead_price,value,2026-08-05T16:13:14Z
2023-10-06T11:00:00Z,2023-10-06T13:00:00+0200,5.04,EUR/MWh,NL,NL,day_ahead_price,value,2026-08-05T16:13:14Z
2023-10-06T12:00:00Z,2023-10-06T14:00:00+0200,1.47,EUR/MWh,NL,NL,day_ahead_price,value,2026-08-05T16:13:14Z
2023-10-06T13:00:00Z,2023-10-06T15:00:00+0200,39.0,EUR/MWh,NL,NL,day_ahead_price,value,2026-08-05T16:13:14Z
2023-10-06T14:00:00Z,2023-10-06T16:00:00+0200,62.24,EUR/MWh,NL,NL,day_ahead_price,value,2026-08-05T16:13:14Z
2023-10-06T15:00:00Z,2023-10-06T17:00:00+0200,86.55,EUR/MWh,NL,NL,day_ahead_price,value,2026-08-05T16:13:14Z
2023-10-06T16:00:00Z,2023-10-06T18:00:00+0200,103.44,EUR/MWh,NL,NL,day_ahead_price,value,2026-08-05T16:13:14Z
2023-10-06T17:00:00Z,2023-10-06T19:00:00+0200,111.8,EUR/MWh,NL,NL,day_ahead_price,value,2026-08-05T16:13:14Z
2023-10-06T18:00:00Z,2023-10-06T20:00:00+0200,100.72,EUR/MWh,NL,NL,day_ahead_price,value,2026-08-05T16:13:14Z
2023-10-06T19:00:00Z,2023-10-06T21:00:00+0200,77.64,EUR/MWh,NL,NL,day_ahead_price,value,2026-08-05T16:13:14Z
2023-10-06T20:00:00Z,2023-10-06T22:00:00+0200,80.0,EUR/MWh,NL,NL,day_ahead_price,value,2026-08-05T16:13:14Z
2023-10-06T21:00:00Z,2023-10-06T23:00:00+0200,85.1,EUR/MWh,NL,NL,day_ahead_price,value,2026-08-05T16:13:14Z
2023-10-06T22:00:00Z,2023-10-07T00:00:00+0200,55.0,EUR/MWh,NL,NL,day_ahead_price,value,2026-08-05T16:13:14Z
2023-10-06T23:00:00Z,2023-10-07T01:00:00+0200,50.79,EUR/MWh,NL,NL,day_ahead_price,value,2026-08-05T16:13:31Z
2023-10-07T00:00:00Z,2023-10-07T02:00:00+0200,2.43,EUR/MWh,NL,NL,day_ahead_price,value,2026-08-05T16:13:31Z
2023-10-07T01:00:00Z,2023-10-07T03:00:00+0200,3.26,EUR/MWh,NL,NL,day_ahead_price,value,2026-08-05T16:13:31Z
2023-10-07T02:00:00Z,2023-10-07T04:00:00+0200,6.24,EUR/MWh,NL,NL,day_ahead_price,value,2026-08-05T16:13:31Z
2023-10-07T03:00:00Z,2023-10-07T05:00:00+0200,21.45,EUR/MWh,NL,NL,day_ahead_price,value,2026-08-05T16:13:31Z
2023-10-07T04:00:00Z,2023-10-07T06:00:00+0200,51.92,EUR/MWh,NL,NL,day_ahead_price,value,2026-08-05T16:13:31Z
2023-10-07T05:00:00Z,2023-10-07T07:00:00+0200,66.66,EUR/MWh,NL,NL,day_ahead_price,value,2026-08-05T16:13:31Z
2023-10-07T06:00:00Z,2023-10-07T08:00:00+0200,71.07,EUR/MWh,NL,NL,day_ahead_price,value,2026-08-05T16:13:31Z
2023-10-07T07:00:00Z,2023-10-07T09:00:00+0200,68.66,EUR/MWh,NL,NL,day_ahead_price,value,2026-08-05T16:13:31Z
2023-10-07T08:00:00Z,2023-10-07T10:00:00+0200,46.81,EUR/MWh,NL,NL,day_ahead_price,value,2026-08-05T16:13:31Z
2023-10-07T09:00:00Z,2023-10-07T11:00:00+0200,19.62,EUR/MWh,NL,NL,day_ahead_price,value,2026-08-05T16:13:31Z
2023-10-07T10:00:00Z,2023-10-07T12:00:00+0200,10.38,EUR/MWh,NL,NL,day_ahead_price,value,2026-08-05T16:13:31Z
2023-10-07T11:00:00Z,2023-10-07T13:00:00+0200,0.22,EUR/MWh,NL,NL,day_ahead_price,value,2026-08-05T16:13:31Z
2023-10-07T12:00:00Z,2023-10-07T14:00:00+0200,1.0,EUR/MWh,NL,NL,day_ahead_price,value,2026-08-05T16:13:31Z
2023-10-07T13:00:00Z,2023-10-07T15:00:00+0200,22.01,EUR/MWh,NL,NL,day_ahead_price,value,2026-08-05T16:13:31Z
2023-10-07T14:00:00Z,2023-10-07T16:00:00+0200,61.59,EUR/MWh,NL,NL,day_ahead_price,value,2026-08-05T16:13:31Z
2023-10-07T15:00:00Z,2023-10-07T17:00:00+0200,86.44,EUR/MWh,NL,NL,day_ahead_price,value,2026-08-05T16:13:31Z
2023-10-07T16:00:00Z,2023-10-07T18:00:00+0200,102.28,EUR/MWh,NL,NL,day_ahead_price,value,2026-08-05T16:13:31Z
2023-10-07T17:00:00Z,2023-10-07T19:00:00+0200,108.91,EUR/MWh,NL,NL,day_ahead_price,value,2026-08-05T16:13:31Z
2023-10-07T18:00:00Z,2023-10-07T20:00:00+0200,100.0,EUR/MWh,NL,NL,day_ahead_price,value,2026-08-05T16:13:31Z
2023-10-07T19:00:00Z,2023-10-07T21:00:00+0200,83.99,EUR/MWh,NL,NL,day_ahead_price,value,2026-08-05T16:13:31Z
2023-10-07T20:00:00Z,2023-10-07T22:00:00+0200,76.19,EUR/MWh,NL,NL,day_ahead_price,value,2026-08-05T16:13:31Z
2023-10-07T21:00:00Z,2023-10-07T23:00:00+0200,72.0,EUR/MWh,NL,NL,day_ahead_price,value,2026-08-05T16:13:31Z
2023-10-07T22:00:00Z,2023-10-08T00:00:00+0200,103.94,EUR/MWh,NL,NL,day_ahead_price,value,2026-08-05T16:13:31Z
2023-10-07T23:00:00Z,2023-10-08T01:00:00+0200,89.6,EUR/MWh,NL,NL,day_ahead_price,value,2026-08-05T16:13:31Z
2023-10-08T00:00:00Z,2023-10-08T02:00:00+0200,84.89,EUR/MWh,NL,NL,day_ahead_price,value,2026-08-05T16:13:31Z
2023-10-08T01:00:00Z,2023-10-08T03:00:00+0200,78.0,EUR/MWh,NL,NL,day_ahead_price,value,2026-08-05T16:13:31Z
2023-10-08T02:00:00Z,2023-10-08T04:00:00+0200,71.81,EUR/MWh,NL,NL,day_ahead_price,value,2026-08-05T16:13:31Z
2023-10-08T03:00:00Z,2023-10-08T05:00:00+0200,77.09,EUR/MWh,NL,NL,day_ahead_price,value,2026-08-05T16:13:31Z
2023-10-08T04:00:00Z,2023-10-08T06:00:00+0200,83.51,EUR/MWh,NL,NL,day_ahead_price,value,2026-08-05T16:13:31Z
2023-10-08T05:00:00Z,2023-10-08T07:00:00+0200,100.0,EUR/MWh,NL,NL,day_ahead_price,value,2026-08-05T16:13:31Z
2023-10-08T06:00:00Z,2023-10-08T08:00:00+0200,102.08,EUR/MWh,NL,NL,day_ahead_price,value,2026-08-05T16:13:31Z
2023-10-08T07:00:00Z,2023-10-08T09:00:00+0200,100.9,EUR/MWh,NL,NL,day_ahead_price,value,2026-08-05T16:13:31Z
2023-10-08T08:00:00Z,2023-10-08T10:00:00+0200,86.94,EUR/MWh,NL,NL,day_ahead_price,value,2026-08-05T16:13:31Z
2023-10-08T09:00:00Z,2023-10-08T11:00:00+0200,76.56,EUR/MWh,NL,NL,day_ahead_price,value,2026-08-05T16:13:31Z
2023-10-08T10:00:00Z,2023-10-08T12:00:00+0200,70.56,EUR/MWh,NL,NL,day_ahead_price,value,2026-08-05T16:13:31Z
2023-10-08T11:00:00Z,2023-10-08T13:00:00+0200,55.15,EUR/MWh,NL,NL,day_ahead_price,value,2026-08-05T16:13:31Z
2023-10-08T12:00:00Z,2023-10-08T14:00:00+0200,54.62,EUR/MWh,NL,NL,day_ahead_price,value,2026-08-05T16:13:31Z
2023-10-08T13:00:00Z,2023-10-08T15:00:00+0200,70.8,EUR/MWh,NL,NL,day_ahead_price,value,2026-08-05T16:13:31Z
2023-10-08T14:00:00Z,2023-10-08T16:00:00+0200,89.15,EUR/MWh,NL,NL,day_ahead_price,value,2026-08-05T16:13:31Z
2023-10-08T15:00:00Z,2023-10-08T17:00:00+0200,108.28,EUR/MWh,NL,NL,day_ahead_price,value,2026-08-05T16:13:31Z
2023-10-08T16:00:00Z,2023-10-08T18:00:00+0200,132.32,EUR/MWh,NL,NL,day_ahead_price,value,2026-08-05T16:13:31Z
2023-10-08T17:00:00Z,2023-10-08T19:00:00+0200,158.42,EUR/MWh,NL,NL,day_ahead_price,value,2026-08-05T16:13:31Z
2023-10-08T18:00:00Z,2023-10-08T20:00:00+0200,131.85,EUR/MWh,NL,NL,day_ahead_price,value,2026-08-05T16:13:31Z
2023-10-08T19:00:00Z,2023-10-08T21:00:00+0200,110.2,EUR/MWh,NL,NL,day_ahead_price,value,2026-08-05T16:13:31Z
2023-10-08T20:00:00Z,2023-10-08T22:00:00+0200,104.42,EUR/MWh,NL,NL,day_ahead_price,value,2026-08-05T16:13:31Z
2023-10-08T21:00:00Z,2023-10-08T23:00:00+0200,96.34,EUR/MWh,NL,NL,day_ahead_price,value,2026-08-05T16:13:31Z
2023-10-08T22:00:00Z,2023-10-09T00:00:00+0200,91.11,EUR/MWh,NL,NL,day_ahead_price,value,2026-08-05T16:13:31Z
2023-10-08T23:00:00Z,2023-10-09T01:00:00+0200,87.45,EUR/MWh,NL,NL,day_ahead_price,value,2026-08-05T16:13:31Z
2023-10-09T00:00:00Z,2023-10-09T02:00:00+0200,82.44,EUR/MWh,NL,NL,day_ahead_price,value,2026-08-05T16:13:31Z
2023-10-09T01:00:00Z,2023-10-09T03:00:00+0200,77.4,EUR/MWh,NL,NL,day_ahead_price,value,2026-08-05T16:13:31Z
2023-10-09T02:00:00Z,2023-10-09T04:00:00+0200,75.0,EUR/MWh,NL,NL,day_ahead_price,value,2026-08-05T16:13:31Z
2023-10-09T03:00:00Z,2023-10-09T05:00:00+0200,79.05,EUR/MWh,NL,NL,day_ahead_price,value,2026-08-05T16:13:31Z
2023-10-09T04:00:00Z,2023-10-09T06:00:00+0200,96.5,EUR/MWh,NL,NL,day_ahead_price,value,2026-08-05T16:13:31Z
2023-10-09T05:00:00Z,2023-10-09T07:00:00+0200,111.8,EUR/MWh,NL,NL,day_ahead_price,value,2026-08-05T16:13:31Z
2023-10-09T06:00:00Z,2023-10-09T08:00:00+0200,127.02,EUR/MWh,NL,NL,day_ahead_price,value,2026-08-05T16:13:31Z
2023-10-09T07:00:00Z,2023-10-09T09:00:00+0200,121.44,EUR/MWh,NL,NL,day_ahead_price,value,2026-08-05T16:13:31Z
2023-10-09T08:00:00Z,2023-10-09T10:00:00+0200,111.57,EUR/MWh,NL,NL,day_ahead_price,value,2026-08-05T16:13:31Z
2023-10-09T09:00:00Z,2023-10-09T11:00:00+0200,105.36,EUR/MWh,NL,NL,day_ahead_price,value,2026-08-05T16:13:31Z
2023-10-09T10:00:00Z,2023-10-09T12:00:00+0200,98.55,EUR/MWh,NL,NL,day_ahead_price,value,2026-08-05T16:13:31Z
2023-10-09T11:00:00Z,2023-10-09T13:00:00+0200,95.24,EUR/MWh,NL,NL,day_ahead_price,value,2026-08-05T16:13:31Z
2023-10-09T12:00:00Z,2023-10-09T14:00:00+0200,97.41,EUR/MWh,NL,NL,day_ahead_price,value,2026-08-05T16:13:31Z
2023-10-09T13:00:00Z,2023-10-09T15:00:00+0200,79.4,EUR/MWh,NL,NL,day_ahead_price,value,2026-08-05T16:13:31Z
2023-10-09T14:00:00Z,2023-10-09T16:00:00+0200,108.2,EUR/MWh,NL,NL,day_ahead_price,value,2026-08-05T16:13:31Z
2023-10-09T15:00:00Z,2023-10-09T17:00:00+0200,129.58,EUR/MWh,NL,NL,day_ahead_price,value,2026-08-05T16:13:31Z
2023-10-09T16:00:00Z,2023-10-09T18:00:00+0200,189.22,EUR/MWh,NL,NL,day_ahead_price,value,2026-08-05T16:13:31Z
2023-10-09T17:00:00Z,2023-10-09T19:00:00+0200,221.7,EUR/MWh,NL,NL,day_ahead_price,value,2026-08-05T16:13:31Z
2023-10-09T18:00:00Z,2023-10-09T20:00:00+0200,184.5,EUR/MWh,NL,NL,day_ahead_price,value,2026-08-05T16:13:31Z
2023-10-09T19:00:00Z,2023-10-09T21:00:00+0200,132.86,EUR/MWh,NL,NL,day_ahead_price,value,2026-08-05T16:13:31Z
2023-10-09T20:00:00Z,2023-10-09T22:00:00+0200,120.0,EUR/MWh,NL,NL,day_ahead_price,value,2026-08-05T16:13:31Z
2023-10-09T21:00:00Z,2023-10-09T23:00:00+0200,112.7,EUR/MWh,NL,NL,day_ahead_price,value,2026-08-05T16:13:31Z
2023-10-09T22:00:00Z,2023-10-10T00:00:00+0200,104.0,EUR/MWh,NL,NL,day_ahead_price,value,2026-08-05T16:13:31Z
2023-10-09T23:00:00Z,2023-10-10T01:00:00+0200,100.6,EUR/MWh,NL,NL,day_ahead_price,value,2026-08-05T16:13:31Z
2023-10-10T00:00:00Z,2023-10-10T02:00:00+0200,99.9,EUR/MWh,NL,NL,day_ahead_price,value,2026-08-05T16:13:31Z
2023-10-10T01:00:00Z,2023-10-10T03:00:00+0200,99.52,EUR/MWh,NL,NL,day_ahead_price,value,2026-08-05T16:13:31Z
2023-10-10T02:00:00Z,2023-10-10T04:00:00+0200,97.37,EUR/MWh,NL,NL,day_ahead_price,value,2026-08-05T16:13:31Z
2023-10-10T03:00:00Z,2023-10-10T05:00:00+0200,104.22,EUR/MWh,NL,NL,day_ahead_price,value,2026-08-05T16:13:31Z
2023-10-10T04:00:00Z,2023-10-10T06:00:00+0200,128.7,EUR/MWh,NL,NL,day_ahead_price,value,2026-08-05T16:13:31Z
2023-10-10T05:00:00Z,2023-10-10T07:00:00+0200,174.71,EUR/MWh,NL,NL,day_ahead_price,value,2026-08-05T16:13:31Z
2023-10-10T06:00:00Z,2023-10-10T08:00:00+0200,177.75,EUR/MWh,NL,NL,day_ahead_price,value,2026-08-05T16:13:31Z
2023-10-10T07:00:00Z,2023-10-10T09:00:00+0200,132.1,EUR/MWh,NL,NL,day_ahead_price,value,2026-08-05T16:13:31Z
2023-10-10T08:00:00Z,2023-10-10T10:00:00+0200,113.97,EUR/MWh,NL,NL,day_ahead_price,value,2026-08-05T16:13:31Z
2023-10-10T09:00:00Z,2023-10-10T11:00:00+0200,103.95,EUR/MWh,NL,NL,day_ahead_price,value,2026-08-05T16:13:31Z
2023-10-10T10:00:00Z,2023-10-10T12:00:00+0200,94.55,EUR/MWh,NL,NL,day_ahead_price,value,2026-08-05T16:13:31Z
2023-10-10T11:00:00Z,2023-10-10T13:00:00+0200,79.33,EUR/MWh,NL,NL,day_ahead_price,value,2026-08-05T16:13:31Z
2023-10-10T12:00:00Z,2023-10-10T14:00:00+0200,78.0,EUR/MWh,NL,NL,day_ahead_price,value,2026-08-05T16:13:31Z
2023-10-10T13:00:00Z,2023-10-10T15:00:00+0200,74.25,EUR/MWh,NL,NL,day_ahead_price,value,2026-08-05T16:13:31Z
2023-10-10T14:00:00Z,2023-10-10T16:00:00+0200,86.6,EUR/MWh,NL,NL,day_ahead_price,value,2026-08-05T16:13:31Z
2023-10-10T15:00:00Z,2023-10-10T17:00:00+0200,99.89,EUR/MWh,NL,NL,day_ahead_price,value,2026-08-05T16:13:31Z
2023-10-10T16:00:00Z,2023-10-10T18:00:00+0200,128.85,EUR/MWh,NL,NL,day_ahead_price,value,2026-08-05T16:13:31Z
2023-10-10T17:00:00Z,2023-10-10T19:00:00+0200,139.72,EUR/MWh,NL,NL,day_ahead_price,value,2026-08-05T16:13:31Z
2023-10-10T18:00:00Z,2023-10-10T20:00:00+0200,104.58,EUR/MWh,NL,NL,day_ahead_price,value,2026-08-05T16:13:31Z
2023-10-10T19:00:00Z,2023-10-10T21:00:00+0200,86.3,EUR/MWh,NL,NL,day_ahead_price,value,2026-08-05T16:13:31Z
2023-10-10T20:00:00Z,2023-10-10T22:00:00+0200,88.59,EUR/MWh,NL,NL,day_ahead_price,value,2026-08-05T16:13:31Z
2023-10-10T21:00:00Z,2023-10-10T23:00:00+0200,68.14,EUR/MWh,NL,NL,day_ahead_price,value,2026-08-05T16:13:31Z
2023-10-10T22:00:00Z,2023-10-11T00:00:00+0200,62.75,EUR/MWh,NL,NL,day_ahead_price,value,2026-08-05T16:13:31Z
2023-10-10T23:00:00Z,2023-10-11T01:00:00+0200,24.6,EUR/MWh,NL,NL,day_ahead_price,value,2026-08-05T16:13:31Z
2023-10-11T00:00:00Z,2023-10-11T02:00:00+0200,5.82,EUR/MWh,NL,NL,day_ahead_price,value,2026-08-05T16:13:31Z
2023-10-11T01:00:00Z,2023-10-11T03:00:00+0200,0.06,EUR/MWh,NL,NL,day_ahead_price,value,2026-08-05T16:13:31Z
2023-10-11T02:00:00Z,2023-10-11T04:00:00+0200,0.0,EUR/MWh,NL,NL,day_ahead_price,value,2026-08-05T16:13:31Z
2023-10-11T03:00:00Z,2023-10-11T05:00:00+0200,7.07,EUR/MWh,NL,NL,day_ahead_price,value,2026-08-05T16:13:31Z
2023-10-11T04:00:00Z,2023-10-11T06:00:00+0200,78.84,EUR/MWh,NL,NL,day_ahead_price,value,2026-08-05T16:13:31Z
2023-10-11T05:00:00Z,2023-10-11T07:00:00+0200,127.13,EUR/MWh,NL,NL,day_ahead_price,value,2026-08-05T16:13:31Z
2023-10-11T06:00:00Z,2023-10-11T08:00:00+0200,134.63,EUR/MWh,NL,NL,day_ahead_price,value,2026-08-05T16:13:31Z
2023-10-11T07:00:00Z,2023-10-11T09:00:00+0200,111.76,EUR/MWh,NL,NL,day_ahead_price,value,2026-08-05T16:13:31Z
2023-10-11T08:00:00Z,2023-10-11T10:00:00+0200,59.58,EUR/MWh,NL,NL,day_ahead_price,value,2026-08-05T16:13:31Z
2023-10-11T09:00:00Z,2023-10-11T11:00:00+0200,1.05,EUR/MWh,NL,NL,day_ahead_price,value,2026-08-05T16:13:31Z
2023-10-11T10:00:00Z,2023-10-11T12:00:00+0200,0.0,EUR/MWh,NL,NL,day_ahead_price,value,2026-08-05T16:13:31Z
2023-10-11T11:00:00Z,2023-10-11T13:00:00+0200,-0.06,EUR/MWh,NL,NL,day_ahead_price,value,2026-08-05T16:13:31Z
2023-10-11T12:00:00Z,2023-10-11T14:00:00+0200,-0.04,EUR/MWh,NL,NL,day_ahead_price,value,2026-08-05T16:13:31Z
2023-10-11T13:00:00Z,2023-10-11T15:00:00+0200,0.06,EUR/MWh,NL,NL,day_ahead_price,value,2026-08-05T16:13:31Z
2023-10-11T14:00:00Z,2023-10-11T16:00:00+0200,60.42,EUR/MWh,NL,NL,day_ahead_price,value,2026-08-05T16:13:31Z
2023-10-11T15:00:00Z,2023-10-11T17:00:00+0200,104.33,EUR/MWh,NL,NL,day_ahead_price,value,2026-08-05T16:13:31Z
2023-10-11T16:00:00Z,2023-10-11T18:00:00+0200,128.24,EUR/MWh,NL,NL,day_ahead_price,value,2026-08-05T16:13:31Z
2023-10-11T17:00:00Z,2023-10-11T19:00:00+0200,152.0,EUR/MWh,NL,NL,day_ahead_price,value,2026-08-05T16:13:31Z
2023-10-11T18:00:00Z,2023-10-11T20:00:00+0200,142.0,EUR/MWh,NL,NL,day_ahead_price,value,2026-08-05T16:13:31Z
2023-10-11T19:00:00Z,2023-10-11T21:00:00+0200,120.1,EUR/MWh,NL,NL,day_ahead_price,value,2026-08-05T16:13:31Z
2023-10-11T20:00:00Z,2023-10-11T22:00:00+0200,112.96,EUR/MWh,NL,NL,day_ahead_price,value,2026-08-05T16:13:31Z
2023-10-11T21:00:00Z,2023-10-11T23:00:00+0200,116.16,EUR/MWh,NL,NL,day_ahead_price,value,2026-08-05T16:13:31Z
2023-10-11T22:00:00Z,2023-10-12T00:00:00+0200,128.76,EUR/MWh,NL,NL,day_ahead_price,value,2026-08-05T16:13:31Z
2023-10-11T23:00:00Z,2023-10-12T01:00:00+0200,122.71,EUR/MWh,NL,NL,day_ahead_price,value,2026-08-05T16:13:31Z
2023-10-12T00:00:00Z,2023-10-12T02:00:00+0200,138.12,EUR/MWh,NL,NL,day_ahead_price,value,2026-08-05T16:13:31Z
2023-10-12T01:00:00Z,2023-10-12T03:00:00+0200,115.0,EUR/MWh,NL,NL,day_ahead_price,value,2026-08-05T16:13:31Z
2023-10-12T02:00:00Z,2023-10-12T04:00:00+0200,89.04,EUR/MWh,NL,NL,day_ahead_price,value,2026-08-05T16:13:31Z
2023-10-12T03:00:00Z,2023-10-12T05:00:00+0200,102.6,EUR/MWh,NL,NL,day_ahead_price,value,2026-08-05T16:13:31Z
2023-10-12T04:00:00Z,2023-10-12T06:00:00+0200,126.5,EUR/MWh,NL,NL,day_ahead_price,value,2026-08-05T16:13:31Z
2023-10-12T05:00:00Z,2023-10-12T07:00:00+0200,133.39,EUR/MWh,NL,NL,day_ahead_price,value,2026-08-05T16:13:31Z
2023-10-12T06:00:00Z,2023-10-12T08:00:00+0200,148.39,EUR/MWh,NL,NL,day_ahead_price,value,2026-08-05T16:13:31Z
2023-10-12T07:00:00Z,2023-10-12T09:00:00+0200,169.28,EUR/MWh,NL,NL,day_ahead_price,value,2026-08-05T16:13:31Z
2023-10-12T08:00:00Z,2023-10-12T10:00:00+0200,131.72,EUR/MWh,NL,NL,day_ahead_price,value,2026-08-05T16:13:31Z
2023-10-12T09:00:00Z,2023-10-12T11:00:00+0200,125.0,EUR/MWh,NL,NL,day_ahead_price,value,2026-08-05T16:13:31Z
2023-10-12T10:00:00Z,2023-10-12T12:00:00+0200,111.08,EUR/MWh,NL,NL,day_ahead_price,value,2026-08-05T16:13:31Z
2023-10-12T11:00:00Z,2023-10-12T13:00:00+0200,104.29,EUR/MWh,NL,NL,day_ahead_price,value,2026-08-05T16:13:31Z
2023-10-12T12:00:00Z,2023-10-12T14:00:00+0200,108.38,EUR/MWh,NL,NL,day_ahead_price,value,2026-08-05T16:13:31Z
2023-10-12T13:00:00Z,2023-10-12T15:00:00+0200,120.0,EUR/MWh,NL,NL,day_ahead_price,value,2026-08-05T16:13:31Z
2023-10-12T14:00:00Z,2023-10-12T16:00:00+0200,123.58,EUR/MWh,NL,NL,day_ahead_price,value,2026-08-05T16:13:31Z
2023-10-12T15:00:00Z,2023-10-12T17:00:00+0200,145.29,EUR/MWh,NL,NL,day_ahead_price,value,2026-08-05T16:13:31Z
2023-10-12T16:00:00Z,2023-10-12T18:00:00+0200,170.29,EUR/MWh,NL,NL,day_ahead_price,value,2026-08-05T16:13:31Z
2023-10-12T17:00:00Z,2023-10-12T19:00:00+0200,221.09,EUR/MWh,NL,NL,day_ahead_price,value,2026-08-05T16:13:31Z
2023-10-12T18:00:00Z,2023-10-12T20:00:00+0200,151.61,EUR/MWh,NL,NL,day_ahead_price,value,2026-08-05T16:13:31Z
2023-10-12T19:00:00Z,2023-10-12T21:00:00+0200,129.36,EUR/MWh,NL,NL,day_ahead_price,value,2026-08-05T16:13:31Z
2023-10-12T20:00:00Z,2023-10-12T22:00:00+0200,123.5,EUR/MWh,NL,NL,day_ahead_price,value,2026-08-05T16:13:31Z
2023-10-12T21:00:00Z,2023-10-12T23:00:00+0200,109.84,EUR/MWh,NL,NL,day_ahead_price,value,2026-08-05T16:13:31Z
2023-10-12T22:00:00Z,2023-10-13T00:00:00+0200,123.99,EUR/MWh,NL,NL,day_ahead_price,value,2026-08-05T16:13:31Z
2023-10-12T23:00:00Z,2023-10-13T01:00:00+0200,115.0,EUR/MWh,NL,NL,day_ahead_price,value,2026-08-05T16:13:31Z
2023-10-13T00:00:00Z,2023-10-13T02:00:00+0200,107.14,EUR/MWh,NL,NL,day_ahead_price,value,2026-08-05T16:13:31Z
2023-10-13T01:00:00Z,2023-10-13T03:00:00+0200,101.4,EUR/MWh,NL,NL,day_ahead_price,value,2026-08-05T16:13:31Z
2023-10-13T02:00:00Z,2023-10-13T04:00:00+0200,99.9,EUR/MWh,NL,NL,day_ahead_price,value,2026-08-05T16:13:31Z
2023-10-13T03:00:00Z,2023-10-13T05:00:00+0200,85.75,EUR/MWh,NL,NL,day_ahead_price,value,2026-08-05T16:13:31Z
2023-10-13T04:00:00Z,2023-10-13T06:00:00+0200,104.2,EUR/MWh,NL,NL,day_ahead_price,value,2026-08-05T16:13:31Z
2023-10-13T05:00:00Z,2023-10-13T07:00:00+0200,140.76,EUR/MWh,NL,NL,day_ahead_price,value,2026-08-05T16:13:31Z
2023-10-13T06:00:00Z,2023-10-13T08:00:00+0200,144.92,EUR/MWh,NL,NL,day_ahead_price,value,2026-08-05T16:13:31Z
2023-10-13T07:00:00Z,2023-10-13T09:00:00+0200,132.05,EUR/MWh,NL,NL,day_ahead_price,value,2026-08-05T16:13:31Z
2023-10-13T08:00:00Z,2023-10-13T10:00:00+0200,99.0,EUR/MWh,NL,NL,day_ahead_price,value,2026-08-05T16:13:31Z
2023-10-13T09:00:00Z,2023-10-13T11:00:00+0200,72.02,EUR/MWh,NL,NL,day_ahead_price,value,2026-08-05T16:13:31Z
2023-10-13T10:00:00Z,2023-10-13T12:00:00+0200,34.45,EUR/MWh,NL,NL,day_ahead_price,value,2026-08-05T16:13:31Z
2023-10-13T11:00:00Z,2023-10-13T13:00:00+0200,7.3,EUR/MWh,NL,NL,day_ahead_price,value,2026-08-05T16:13:31Z
2023-10-13T12:00:00Z,2023-10-13T14:00:00+0200,4.31,EUR/MWh,NL,NL,day_ahead_price,value,2026-08-05T16:13:31Z
2023-10-13T13:00:00Z,2023-10-13T15:00:00+0200,4.24,EUR/MWh,NL,NL,day_ahead_price,value,2026-08-05T16:13:31Z
2023-10-13T14:00:00Z,2023-10-13T16:00:00+0200,10.17,EUR/MWh,NL,NL,day_ahead_price,value,2026-08-05T16:13:31Z
2023-10-13T15:00:00Z,2023-10-13T17:00:00+0200,50.1,EUR/MWh,NL,NL,day_ahead_price,value,2026-08-05T16:13:31Z
2023-10-13T16:00:00Z,2023-10-13T18:00:00+0200,79.91,EUR/MWh,NL,NL,day_ahead_price,value,2026-08-05T16:13:31Z
2023-10-13T17:00:00Z,2023-10-13T19:00:00+0200,100.0,EUR/MWh,NL,NL,day_ahead_price,value,2026-08-05T16:13:31Z
2023-10-13T18:00:00Z,2023-10-13T20:00:00+0200,74.0,EUR/MWh,NL,NL,day_ahead_price,value,2026-08-05T16:13:31Z
2023-10-13T19:00:00Z,2023-10-13T21:00:00+0200,8.0,EUR/MWh,NL,NL,day_ahead_price,value,2026-08-05T16:13:31Z
2023-10-13T20:00:00Z,2023-10-13T22:00:00+0200,0.21,EUR/MWh,NL,NL,day_ahead_price,value,2026-08-05T16:13:31Z
2023-10-13T21:00:00Z,2023-10-13T23:00:00+0200,-0.81,EUR/MWh,NL,NL,day_ahead_price,value,2026-08-05T16:13:31Z
2023-10-13T22:00:00Z,2023-10-14T00:00:00+0200,-0.09,EUR/MWh,NL,NL,day_ahead_price,value,2026-08-05T16:13:31Z
2023-10-13T23:00:00Z,2023-10-14T01:00:00+0200,-2.57,EUR/MWh,NL,NL,day_ahead_price,value,2026-08-05T16:13:31Z
2023-10-14T00:00:00Z,2023-10-14T02:00:00+0200,-0.9,EUR/MWh,NL,NL,day_ahead_price,value,2026-08-05T16:13:31Z
2023-10-14T01:00:00Z,2023-10-14T03:00:00+0200,-1.03,EUR/MWh,NL,NL,day_ahead_price,value,2026-08-05T16:13:31Z
2023-10-14T02:00:00Z,2023-10-14T04:00:00+0200,-1.39,EUR/MWh,NL,NL,day_ahead_price,value,2026-08-05T16:13:31Z
2023-10-14T03:00:00Z,2023-10-14T05:00:00+0200,-1.27,EUR/MWh,NL,NL,day_ahead_price,value,2026-08-05T16:13:31Z
2023-10-14T04:00:00Z,2023-10-14T06:00:00+0200,-0.3,EUR/MWh,NL,NL,day_ahead_price,value,2026-08-05T16:13:31Z
2023-10-14T05:00:00Z,2023-10-14T07:00:00+0200,1.65,EUR/MWh,NL,NL,day_ahead_price,value,2026-08-05T16:13:31Z
2023-10-14T06:00:00Z,2023-10-14T08:00:00+0200,34.21,EUR/MWh,NL,NL,day_ahead_price,value,2026-08-05T16:13:31Z
2023-10-14T07:00:00Z,2023-10-14T09:00:00+0200,32.06,EUR/MWh,NL,NL,day_ahead_price,value,2026-08-05T16:13:31Z
2023-10-14T08:00:00Z,2023-10-14T10:00:00+0200,3.82,EUR/MWh,NL,NL,day_ahead_price,value,2026-08-05T16:13:31Z
2023-10-14T09:00:00Z,2023-10-14T11:00:00+0200,-0.01,EUR/MWh,NL,NL,day_ahead_price,value,2026-08-05T16:13:31Z
2023-10-14T10:00:00Z,2023-10-14T12:00:00+0200,-2.9,EUR/MWh,NL,NL,day_ahead_price,value,2026-08-05T16:13:31Z
2023-10-14T11:00:00Z,2023-10-14T13:00:00+0200,-2.62,EUR/MWh,NL,NL,day_ahead_price,value,2026-08-05T16:13:31Z
2023-10-14T12:00:00Z,2023-10-14T14:00:00+0200,-2.11,EUR/MWh,NL,NL,day_ahead_price,value,2026-08-05T16:13:31Z
2023-10-14T13:00:00Z,2023-10-14T15:00:00+0200,-0.08,EUR/MWh,NL,NL,day_ahead_price,value,2026-08-05T16:13:31Z
2023-10-14T14:00:00Z,2023-10-14T16:00:00+0200,0.6,EUR/MWh,NL,NL,day_ahead_price,value,2026-08-05T16:13:31Z
2023-10-14T15:00:00Z,2023-10-14T17:00:00+0200,68.13,EUR/MWh,NL,NL,day_ahead_price,value,2026-08-05T16:13:31Z
2023-10-14T16:00:00Z,2023-10-14T18:00:00+0200,120.0,EUR/MWh,NL,NL,day_ahead_price,value,2026-08-05T16:13:31Z
2023-10-14T17:00:00Z,2023-10-14T19:00:00+0200,166.0,EUR/MWh,NL,NL,day_ahead_price,value,2026-08-05T16:13:31Z
2023-10-14T18:00:00Z,2023-10-14T20:00:00+0200,179.89,EUR/MWh,NL,NL,day_ahead_price,value,2026-08-05T16:13:31Z
2023-10-14T19:00:00Z,2023-10-14T21:00:00+0200,128.0,EUR/MWh,NL,NL,day_ahead_price,value,2026-08-05T16:13:31Z
2023-10-14T20:00:00Z,2023-10-14T22:00:00+0200,117.8,EUR/MWh,NL,NL,day_ahead_price,value,2026-08-05T16:13:31Z
2023-10-14T21:00:00Z,2023-10-14T23:00:00+0200,111.0,EUR/MWh,NL,NL,day_ahead_price,value,2026-08-05T16:13:31Z
2023-10-14T22:00:00Z,2023-10-15T00:00:00+0200,69.0,EUR/MWh,NL,NL,day_ahead_price,value,2026-08-05T16:13:31Z
2023-10-14T23:00:00Z,2023-10-15T01:00:00+0200,34.0,EUR/MWh,NL,NL,day_ahead_price,value,2026-08-05T16:13:31Z
2023-10-15T00:00:00Z,2023-10-15T02:00:00+0200,5.83,EUR/MWh,NL,NL,day_ahead_price,value,2026-08-05T16:13:31Z
2023-10-15T01:00:00Z,2023-10-15T03:00:00+0200,9.11,EUR/MWh,NL,NL,day_ahead_price,value,2026-08-05T16:13:31Z
2023-10-15T02:00:00Z,2023-10-15T04:00:00+0200,5.76,EUR/MWh,NL,NL,day_ahead_price,value,2026-08-05T16:13:31Z
2023-10-15T03:00:00Z,2023-10-15T05:00:00+0200,7.67,EUR/MWh,NL,NL,day_ahead_price,value,2026-08-05T16:13:31Z
2023-10-15T04:00:00Z,2023-10-15T06:00:00+0200,5.79,EUR/MWh,NL,NL,day_ahead_price,value,2026-08-05T16:13:31Z
2023-10-15T05:00:00Z,2023-10-15T07:00:00+0200,46.83,EUR/MWh,NL,NL,day_ahead_price,value,2026-08-05T16:13:31Z
2023-10-15T06:00:00Z,2023-10-15T08:00:00+0200,69.04,EUR/MWh,NL,NL,day_ahead_price,value,2026-08-05T16:13:31Z
2023-10-15T07:00:00Z,2023-10-15T09:00:00+0200,78.0,EUR/MWh,NL,NL,day_ahead_price,value,2026-08-05T16:13:31Z
2023-10-15T08:00:00Z,2023-10-15T10:00:00+0200,41.11,EUR/MWh,NL,NL,day_ahead_price,value,2026-08-05T16:13:31Z
2023-10-15T09:00:00Z,2023-10-15T11:00:00+0200,-1.01,EUR/MWh,NL,NL,day_ahead_price,value,2026-08-05T16:13:31Z
2023-10-15T10:00:00Z,2023-10-15T12:00:00+0200,-4.39,EUR/MWh,NL,NL,day_ahead_price,value,2026-08-05T16:13:31Z
2023-10-15T11:00:00Z,2023-10-15T13:00:00+0200,-1.03,EUR/MWh,NL,NL,day_ahead_price,value,2026-08-05T16:13:31Z
2023-10-15T12:00:00Z,2023-10-15T14:00:00+0200,-7.1,EUR/MWh,NL,NL,day_ahead_price,value,2026-08-05T16:13:31Z
2023-10-15T13:00:00Z,2023-10-15T15:00:00+0200,4.86,EUR/MWh,NL,NL,day_ahead_price,value,2026-08-05T16:13:31Z
2023-10-15T14:00:00Z,2023-10-15T16:00:00+0200,33.64,EUR/MWh,NL,NL,day_ahead_price,value,2026-08-05T16:13:31Z
2023-10-15T15:00:00Z,2023-10-15T17:00:00+0200,111.6,EUR/MWh,NL,NL,day_ahead_price,value,2026-08-05T16:13:31Z
2023-10-15T16:00:00Z,2023-10-15T18:00:00+0200,160.83,EUR/MWh,NL,NL,day_ahead_price,value,2026-08-05T16:13:31Z
2023-10-15T17:00:00Z,2023-10-15T19:00:00+0200,187.63,EUR/MWh,NL,NL,day_ahead_price,value,2026-08-05T16:13:31Z
2023-10-15T18:00:00Z,2023-10-15T20:00:00+0200,194.0,EUR/MWh,NL,NL,day_ahead_price,value,2026-08-05T16:13:31Z
2023-10-15T19:00:00Z,2023-10-15T21:00:00+0200,145.0,EUR/MWh,NL,NL,day_ahead_price,value,2026-08-05T16:13:31Z
2023-10-15T20:00:00Z,2023-10-15T22:00:00+0200,136.8,EUR/MWh,NL,NL,day_ahead_price,value,2026-08-05T16:13:31Z
2023-10-15T21:00:00Z,2023-10-15T23:00:00+0200,135.6,EUR/MWh,NL,NL,day_ahead_price,value,2026-08-05T16:13:31Z
2023-10-15T22:00:00Z,2023-10-16T00:00:00+0200,120.2,EUR/MWh,NL,NL,day_ahead_price,value,2026-08-05T16:13:31Z
2023-10-15T23:00:00Z,2023-10-16T01:00:00+0200,116.6,EUR/MWh,NL,NL,day_ahead_price,value,2026-08-05T16:13:31Z
2023-10-16T00:00:00Z,2023-10-16T02:00:00+0200,110.7,EUR/MWh,NL,NL,day_ahead_price,value,2026-08-05T16:13:31Z
2023-10-16T01:00:00Z,2023-10-16T03:00:00+0200,110.1,EUR/MWh,NL,NL,day_ahead_price,value,2026-08-05T16:13:31Z
2023-10-16T02:00:00Z,2023-10-16T04:00:00+0200,107.0,EUR/MWh,NL,NL,day_ahead_price,value,2026-08-05T16:13:31Z
2023-10-16T03:00:00Z,2023-10-16T05:00:00+0200,110.0,EUR/MWh,NL,NL,day_ahead_price,value,2026-08-05T16:13:31Z
2023-10-16T04:00:00Z,2023-10-16T06:00:00+0200,139.56,EUR/MWh,NL,NL,day_ahead_price,value,2026-08-05T16:13:31Z
2023-10-16T05:00:00Z,2023-10-16T07:00:00+0200,159.37,EUR/MWh,NL,NL,day_ahead_price,value,2026-08-05T16:13:31Z
2023-10-16T06:00:00Z,2023-10-16T08:00:00+0200,204.0,EUR/MWh,NL,NL,day_ahead_price,value,2026-08-05T16:13:31Z
2023-10-16T07:00:00Z,2023-10-16T09:00:00+0200,164.3,EUR/MWh,NL,NL,day_ahead_price,value,2026-08-05T16:13:31Z
2023-10-16T08:00:00Z,2023-10-16T10:00:00+0200,167.99,EUR/MWh,NL,NL,day_ahead_price,value,2026-08-05T16:13:31Z
2023-10-16T09:00:00Z,2023-10-16T11:00:00+0200,120.3,EUR/MWh,NL,NL,day_ahead_price,value,2026-08-05T16:13:31Z
2023-10-16T10:00:00Z,2023-10-16T12:00:00+0200,113.76,EUR/MWh,NL,NL,day_ahead_price,value,2026-08-05T16:13:31Z
2023-10-16T11:00:00Z,2023-10-16T13:00:00+0200,106.26,EUR/MWh,NL,NL,day_ahead_price,value,2026-08-05T16:13:31Z
2023-10-16T12:00:00Z,2023-10-16T14:00:00+0200,109.49,EUR/MWh,NL,NL,day_ahead_price,value,2026-08-05T16:13:31Z
2023-10-16T13:00:00Z,2023-10-16T15:00:00+0200,116.75,EUR/MWh,NL,NL,day_ahead_price,value,2026-08-05T16:13:31Z
2023-10-16T14:00:00Z,2023-10-16T16:00:00+0200,138.96,EUR/MWh,NL,NL,day_ahead_price,value,2026-08-05T16:13:31Z
2023-10-16T15:00:00Z,2023-10-16T17:00:00+0200,170.23,EUR/MWh,NL,NL,day_ahead_price,value,2026-08-05T16:13:31Z
2023-10-16T16:00:00Z,2023-10-16T18:00:00+0200,214.4,EUR/MWh,NL,NL,day_ahead_price,value,2026-08-05T16:13:31Z
2023-10-16T17:00:00Z,2023-10-16T19:00:00+0200,240.0,EUR/MWh,NL,NL,day_ahead_price,value,2026-08-05T16:13:31Z
2023-10-16T18:00:00Z,2023-10-16T20:00:00+0200,160.64,EUR/MWh,NL,NL,day_ahead_price,value,2026-08-05T16:13:31Z
2023-10-16T19:00:00Z,2023-10-16T21:00:00+0200,145.44,EUR/MWh,NL,NL,day_ahead_price,value,2026-08-05T16:13:31Z
2023-10-16T20:00:00Z,2023-10-16T22:00:00+0200,135.2,EUR/MWh,NL,NL,day_ahead_price,value,2026-08-05T16:13:31Z
2023-10-16T21:00:00Z,2023-10-16T23:00:00+0200,119.22,EUR/MWh,NL,NL,day_ahead_price,value,2026-08-05T16:13:31Z
2023-10-16T22:00:00Z,2023-10-17T00:00:00+0200,127.58,EUR/MWh,NL,NL,day_ahead_price,value,2026-08-05T16:13:31Z
2023-10-16T23:00:00Z,2023-10-17T01:00:00+0200,114.04,EUR/MWh,NL,NL,day_ahead_price,value,2026-08-05T16:13:31Z
2023-10-17T00:00:00Z,2023-10-17T02:00:00+0200,108.4,EUR/MWh,NL,NL,day_ahead_price,value,2026-08-05T16:13:31Z
2023-10-17T01:00:00Z,2023-10-17T03:00:00+0200,106.57,EUR/MWh,NL,NL,day_ahead_price,value,2026-08-05T16:13:31Z
2023-10-17T02:00:00Z,2023-10-17T04:00:00+0200,105.44,EUR/MWh,NL,NL,day_ahead_price,value,2026-08-05T16:13:31Z
2023-10-17T03:00:00Z,2023-10-17T05:00:00+0200,113.85,EUR/MWh,NL,NL,day_ahead_price,value,2026-08-05T16:13:31Z
2023-10-17T04:00:00Z,2023-10-17T06:00:00+0200,133.0,EUR/MWh,NL,NL,day_ahead_price,value,2026-08-05T16:13:31Z
2023-10-17T05:00:00Z,2023-10-17T07:00:00+0200,161.78,EUR/MWh,NL,NL,day_ahead_price,value,2026-08-05T16:13:31Z
2023-10-17T06:00:00Z,2023-10-17T08:00:00+0200,187.33,EUR/MWh,NL,NL,day_ahead_price,value,2026-08-05T16:13:31Z
2023-10-17T07:00:00Z,2023-10-17T09:00:00+0200,159.45,EUR/MWh,NL,NL,day_ahead_price,value,2026-08-05T16:13:31Z
2023-10-17T08:00:00Z,2023-10-17T10:00:00+0200,134.98,EUR/MWh,NL,NL,day_ahead_price,value,2026-08-05T16:13:31Z
2023-10-17T09:00:00Z,2023-10-17T11:00:00+0200,113.67,EUR/MWh,NL,NL,day_ahead_price,value,2026-08-05T16:13:31Z
2023-10-17T10:00:00Z,2023-10-17T12:00:00+0200,105.61,EUR/MWh,NL,NL,day_ahead_price,value,2026-08-05T16:13:31Z
2023-10-17T11:00:00Z,2023-10-17T13:00:00+0200,88.61,EUR/MWh,NL,NL,day_ahead_price,value,2026-08-05T16:13:31Z
2023-10-17T12:00:00Z,2023-10-17T14:00:00+0200,80.98,EUR/MWh,NL,NL,day_ahead_price,value,2026-08-05T16:13:31Z
2023-10-17T13:00:00Z,2023-10-17T15:00:00+0200,97.25,EUR/MWh,NL,NL,day_ahead_price,value,2026-08-05T16:13:31Z
2023-10-17T14:00:00Z,2023-10-17T16:00:00+0200,119.0,EUR/MWh,NL,NL,day_ahead_price,value,2026-08-05T16:13:31Z
2023-10-17T15:00:00Z,2023-10-17T17:00:00+0200,139.89,EUR/MWh,NL,NL,day_ahead_price,value,2026-08-05T16:13:31Z
2023-10-17T16:00:00Z,2023-10-17T18:00:00+0200,159.8,EUR/MWh,NL,NL,day_ahead_price,value,2026-08-05T16:13:31Z
2023-10-17T17:00:00Z,2023-10-17T19:00:00+0200,161.69,EUR/MWh,NL,NL,day_ahead_price,value,2026-08-05T16:13:31Z
2023-10-17T18:00:00Z,2023-10-17T20:00:00+0200,128.48,EUR/MWh,NL,NL,day_ahead_price,value,2026-08-05T16:13:31Z
2023-10-17T19:00:00Z,2023-10-17T21:00:00+0200,119.72,EUR/MWh,NL,NL,day_ahead_price,value,2026-08-05T16:13:31Z
2023-10-17T20:00:00Z,2023-10-17T22:00:00+0200,108.48,EUR/MWh,NL,NL,day_ahead_price,value,2026-08-05T16:13:31Z
2023-10-17T21:00:00Z,2023-10-17T23:00:00+0200,95.14,EUR/MWh,NL,NL,day_ahead_price,value,2026-08-05T16:13:31Z
2023-10-17T22:00:00Z,2023-10-18T00:00:00+0200,76.18,EUR/MWh,NL,NL,day_ahead_price,value,2026-08-05T16:13:31Z
2023-10-17T23:00:00Z,2023-10-18T01:00:00+0200,63.35,EUR/MWh,NL,NL,day_ahead_price,value,2026-08-05T16:13:31Z
2023-10-18T00:00:00Z,2023-10-18T02:00:00+0200,57.73,EUR/MWh,NL,NL,day_ahead_price,value,2026-08-05T16:13:31Z
2023-10-18T01:00:00Z,2023-10-18T03:00:00+0200,49.56,EUR/MWh,NL,NL,day_ahead_price,value,2026-08-05T16:13:31Z
2023-10-18T02:00:00Z,2023-10-18T04:00:00+0200,42.54,EUR/MWh,NL,NL,day_ahead_price,value,2026-08-05T16:13:31Z
2023-10-18T03:00:00Z,2023-10-18T05:00:00+0200,48.42,EUR/MWh,NL,NL,day_ahead_price,value,2026-08-05T16:13:31Z
2023-10-18T04:00:00Z,2023-10-18T06:00:00+0200,86.65,EUR/MWh,NL,NL,day_ahead_price,value,2026-08-05T16:13:31Z
2023-10-18T05:00:00Z,2023-10-18T07:00:00+0200,119.28,EUR/MWh,NL,NL,day_ahead_price,value,2026-08-05T16:13:31Z
2023-10-18T06:00:00Z,2023-10-18T08:00:00+0200,148.45,EUR/MWh,NL,NL,day_ahead_price,value,2026-08-05T16:13:31Z
2023-10-18T07:00:00Z,2023-10-18T09:00:00+0200,119.13,EUR/MWh,NL,NL,day_ahead_price,value,2026-08-05T16:13:31Z
2023-10-18T08:00:00Z,2023-10-18T10:00:00+0200,89.99,EUR/MWh,NL,NL,day_ahead_price,value,2026-08-05T16:13:31Z
2023-10-18T09:00:00Z,2023-10-18T11:00:00+0200,76.92,EUR/MWh,NL,NL,day_ahead_price,value,2026-08-05T16:13:31Z
2023-10-18T10:00:00Z,2023-10-18T12:00:00+0200,70.09,EUR/MWh,NL,NL,day_ahead_price,value,2026-08-05T16:13:31Z
2023-10-18T11:00:00Z,2023-10-18T13:00:00+0200,64.0,EUR/MWh,NL,NL,day_ahead_price,value,2026-08-05T16:13:31Z
2023-10-18T12:00:00Z,2023-10-18T14:00:00+0200,65.87,EUR/MWh,NL,NL,day_ahead_price,value,2026-08-05T16:13:31Z
2023-10-18T13:00:00Z,2023-10-18T15:00:00+0200,66.73,EUR/MWh,NL,NL,day_ahead_price,value,2026-08-05T16:13:31Z
2023-10-18T14:00:00Z,2023-10-18T16:00:00+0200,74.9,EUR/MWh,NL,NL,day_ahead_price,value,2026-08-05T16:13:31Z
2023-10-18T15:00:00Z,2023-10-18T17:00:00+0200,102.55,EUR/MWh,NL,NL,day_ahead_price,value,2026-08-05T16:13:31Z
2023-10-18T16:00:00Z,2023-10-18T18:00:00+0200,105.5,EUR/MWh,NL,NL,day_ahead_price,value,2026-08-05T16:13:31Z
2023-10-18T17:00:00Z,2023-10-18T19:00:00+0200,106.78,EUR/MWh,NL,NL,day_ahead_price,value,2026-08-05T16:13:31Z
2023-10-18T18:00:00Z,2023-10-18T20:00:00+0200,96.85,EUR/MWh,NL,NL,day_ahead_price,value,2026-08-05T16:13:31Z
2023-10-18T19:00:00Z,2023-10-18T21:00:00+0200,85.54,EUR/MWh,NL,NL,day_ahead_price,value,2026-08-05T16:13:31Z
2023-10-18T20:00:00Z,2023-10-18T22:00:00+0200,65.79,EUR/MWh,NL,NL,day_ahead_price,value,2026-08-05T16:13:31Z
2023-10-18T21:00:00Z,2023-10-18T23:00:00+0200,34.8,EUR/MWh,NL,NL,day_ahead_price,value,2026-08-05T16:13:31Z
2023-10-18T22:00:00Z,2023-10-19T00:00:00+0200,5.17,EUR/MWh,NL,NL,day_ahead_price,value,2026-08-05T16:13:31Z
2023-10-18T23:00:00Z,2023-10-19T01:00:00+0200,-3.7,EUR/MWh,NL,NL,day_ahead_price,value,2026-08-05T16:13:31Z
2023-10-19T00:00:00Z,2023-10-19T02:00:00+0200,-4.4,EUR/MWh,NL,NL,day_ahead_price,value,2026-08-05T16:13:31Z
2023-10-19T01:00:00Z,2023-10-19T03:00:00+0200,0.0,EUR/MWh,NL,NL,day_ahead_price,value,2026-08-05T16:13:31Z
2023-10-19T02:00:00Z,2023-10-19T04:00:00+0200,-2.57,EUR/MWh,NL,NL,day_ahead_price,value,2026-08-05T16:13:31Z
2023-10-19T03:00:00Z,2023-10-19T05:00:00+0200,15.27,EUR/MWh,NL,NL,day_ahead_price,value,2026-08-05T16:13:31Z
2023-10-19T04:00:00Z,2023-10-19T06:00:00+0200,80.06,EUR/MWh,NL,NL,day_ahead_price,value,2026-08-05T16:13:31Z
2023-10-19T05:00:00Z,2023-10-19T07:00:00+0200,103.12,EUR/MWh,NL,NL,day_ahead_price,value,2026-08-05T16:13:31Z
2023-10-19T06:00:00Z,2023-10-19T08:00:00+0200,122.39,EUR/MWh,NL,NL,day_ahead_price,value,2026-08-05T16:13:31Z
2023-10-19T07:00:00Z,2023-10-19T09:00:00+0200,127.0,EUR/MWh,NL,NL,day_ahead_price,value,2026-08-05T16:13:31Z
2023-10-19T08:00:00Z,2023-10-19T10:00:00+0200,123.7,EUR/MWh,NL,NL,day_ahead_price,value,2026-08-05T16:13:31Z
2023-10-19T09:00:00Z,2023-10-19T11:00:00+0200,126.07,EUR/MWh,NL,NL,day_ahead_price,value,2026-08-05T16:13:31Z
2023-10-19T10:00:00Z,2023-10-19T12:00:00+0200,125.45,EUR/MWh,NL,NL,day_ahead_price,value,2026-08-05T16:13:31Z
2023-10-19T11:00:00Z,2023-10-19T13:00:00+0200,122.0,EUR/MWh,NL,NL,day_ahead_price,value,2026-08-05T16:13:31Z
2023-10-19T12:00:00Z,2023-10-19T14:00:00+0200,120.34,EUR/MWh,NL,NL,day_ahead_price,value,2026-08-05T16:13:31Z
2023-10-19T13:00:00Z,2023-10-19T15:00:00+0200,120.64,EUR/MWh,NL,NL,day_ahead_price,value,2026-08-05T16:13:31Z
2023-10-19T14:00:00Z,2023-10-19T16:00:00+0200,126.0,EUR/MWh,NL,NL,day_ahead_price,value,2026-08-05T16:13:31Z
2023-10-19T15:00:00Z,2023-10-19T17:00:00+0200,147.92,EUR/MWh,NL,NL,day_ahead_price,value,2026-08-05T16:13:31Z
2023-10-19T16:00:00Z,2023-10-19T18:00:00+0200,160.0,EUR/MWh,NL,NL,day_ahead_price,value,2026-08-05T16:13:31Z
2023-10-19T17:00:00Z,2023-10-19T19:00:00+0200,155.0,EUR/MWh,NL,NL,day_ahead_price,value,2026-08-05T16:13:31Z
2023-10-19T18:00:00Z,2023-10-19T20:00:00+0200,116.8,EUR/MWh,NL,NL,day_ahead_price,value,2026-08-05T16:13:31Z
2023-10-19T19:00:00Z,2023-10-19T21:00:00+0200,99.9,EUR/MWh,NL,NL,day_ahead_price,value,2026-08-05T16:13:31Z
2023-10-19T20:00:00Z,2023-10-19T22:00:00+0200,106.0,EUR/MWh,NL,NL,day_ahead_price,value,2026-08-05T16:13:31Z
2023-10-19T21:00:00Z,2023-10-19T23:00:00+0200,95.2,EUR/MWh,NL,NL,day_ahead_price,value,2026-08-05T16:13:31Z
2023-10-19T22:00:00Z,2023-10-20T00:00:00+0200,77.59,EUR/MWh,NL,NL,day_ahead_price,value,2026-08-05T16:13:31Z
2023-10-19T23:00:00Z,2023-10-20T01:00:00+0200,60.82,EUR/MWh,NL,NL,day_ahead_price,value,2026-08-05T16:13:31Z
2023-10-20T00:00:00Z,2023-10-20T02:00:00+0200,41.36,EUR/MWh,NL,NL,day_ahead_price,value,2026-08-05T16:13:31Z
2023-10-20T01:00:00Z,2023-10-20T03:00:00+0200,23.19,EUR/MWh,NL,NL,day_ahead_price,value,2026-08-05T16:13:31Z
2023-10-20T02:00:00Z,2023-10-20T04:00:00+0200,5.41,EUR/MWh,NL,NL,day_ahead_price,value,2026-08-05T16:13:31Z
2023-10-20T03:00:00Z,2023-10-20T05:00:00+0200,32.61,EUR/MWh,NL,NL,day_ahead_price,value,2026-08-05T16:13:31Z
2023-10-20T04:00:00Z,2023-10-20T06:00:00+0200,73.02,EUR/MWh,NL,NL,day_ahead_price,value,2026-08-05T16:13:31Z
2023-10-20T05:00:00Z,2023-10-20T07:00:00+0200,108.12,EUR/MWh,NL,NL,day_ahead_price,value,2026-08-05T16:13:31Z
2023-10-20T06:00:00Z,2023-10-20T08:00:00+0200,119.61,EUR/MWh,NL,NL,day_ahead_price,value,2026-08-05T16:13:31Z
2023-10-20T07:00:00Z,2023-10-20T09:00:00+0200,124.76,EUR/MWh,NL,NL,day_ahead_price,value,2026-08-05T16:13:31Z
2023-10-20T08:00:00Z,2023-10-20T10:00:00+0200,124.92,EUR/MWh,NL,NL,day_ahead_price,value,2026-08-05T16:13:31Z
2023-10-20T09:00:00Z,2023-10-20T11:00:00+0200,118.32,EUR/MWh,NL,NL,day_ahead_price,value,2026-08-05T16:13:31Z
2023-10-20T10:00:00Z,2023-10-20T12:00:00+0200,111.8,EUR/MWh,NL,NL,day_ahead_price,value,2026-08-05T16:13:31Z
2023-10-20T11:00:00Z,2023-10-20T13:00:00+0200,114.1,EUR/MWh,NL,NL,day_ahead_price,value,2026-08-05T16:13:31Z
2023-10-20T12:00:00Z,2023-10-20T14:00:00+0200,103.7,EUR/MWh,NL,NL,day_ahead_price,value,2026-08-05T16:13:31Z
2023-10-20T13:00:00Z,2023-10-20T15:00:00+0200,98.34,EUR/MWh,NL,NL,day_ahead_price,value,2026-08-05T16:13:31Z
2023-10-20T14:00:00Z,2023-10-20T16:00:00+0200,99.66,EUR/MWh,NL,NL,day_ahead_price,value,2026-08-05T16:13:31Z
2023-10-20T15:00:00Z,2023-10-20T17:00:00+0200,122.8,EUR/MWh,NL,NL,day_ahead_price,value,2026-08-05T16:13:31Z
2023-10-20T16:00:00Z,2023-10-20T18:00:00+0200,135.97,EUR/MWh,NL,NL,day_ahead_price,value,2026-08-05T16:13:31Z
2023-10-20T17:00:00Z,2023-10-20T19:00:00+0200,144.6,EUR/MWh,NL,NL,day_ahead_price,value,2026-08-05T16:13:31Z
2023-10-20T18:00:00Z,2023-10-20T20:00:00+0200,117.5,EUR/MWh,NL,NL,day_ahead_price,value,2026-08-05T16:13:31Z
2023-10-20T19:00:00Z,2023-10-20T21:00:00+0200,94.88,EUR/MWh,NL,NL,day_ahead_price,value,2026-08-05T16:13:31Z
2023-10-20T20:00:00Z,2023-10-20T22:00:00+0200,91.0,EUR/MWh,NL,NL,day_ahead_price,value,2026-08-05T16:13:31Z
2023-10-20T21:00:00Z,2023-10-20T23:00:00+0200,68.0,EUR/MWh,NL,NL,day_ahead_price,value,2026-08-05T16:13:31Z
2023-10-20T22:00:00Z,2023-10-21T00:00:00+0200,53.1,EUR/MWh,NL,NL,day_ahead_price,value,2026-08-05T16:13:31Z
2023-10-20T23:00:00Z,2023-10-21T01:00:00+0200,37.27,EUR/MWh,NL,NL,day_ahead_price,value,2026-08-05T16:13:31Z
2023-10-21T00:00:00Z,2023-10-21T02:00:00+0200,39.74,EUR/MWh,NL,NL,day_ahead_price,value,2026-08-05T16:13:31Z
2023-10-21T01:00:00Z,2023-10-21T03:00:00+0200,34.62,EUR/MWh,NL,NL,day_ahead_price,value,2026-08-05T16:13:31Z
2023-10-21T02:00:00Z,2023-10-21T04:00:00+0200,40.46,EUR/MWh,NL,NL,day_ahead_price,value,2026-08-05T16:13:31Z
2023-10-21T03:00:00Z,2023-10-21T05:00:00+0200,35.52,EUR/MWh,NL,NL,day_ahead_price,value,2026-08-05T16:13:31Z
2023-10-21T04:00:00Z,2023-10-21T06:00:00+0200,41.62,EUR/MWh,NL,NL,day_ahead_price,value,2026-08-05T16:13:31Z
2023-10-21T05:00:00Z,2023-10-21T07:00:00+0200,63.83,EUR/MWh,NL,NL,day_ahead_price,value,2026-08-05T16:13:31Z
2023-10-21T06:00:00Z,2023-10-21T08:00:00+0200,74.71,EUR/MWh,NL,NL,day_ahead_price,value,2026-08-05T16:13:31Z
2023-10-21T07:00:00Z,2023-10-21T09:00:00+0200,59.0,EUR/MWh,NL,NL,day_ahead_price,value,2026-08-05T16:13:31Z
2023-10-21T08:00:00Z,2023-10-21T10:00:00+0200,44.83,EUR/MWh,NL,NL,day_ahead_price,value,2026-08-05T16:13:31Z
2023-10-21T09:00:00Z,2023-10-21T11:00:00+0200,31.1,EUR/MWh,NL,NL,day_ahead_price,value,2026-08-05T16:13:31Z
2023-10-21T10:00:00Z,2023-10-21T12:00:00+0200,20.8,EUR/MWh,NL,NL,day_ahead_price,value,2026-08-05T16:13:31Z
2023-10-21T11:00:00Z,2023-10-21T13:00:00+0200,10.0,EUR/MWh,NL,NL,day_ahead_price,value,2026-08-05T16:13:31Z
2023-10-21T12:00:00Z,2023-10-21T14:00:00+0200,13.21,EUR/MWh,NL,NL,day_ahead_price,value,2026-08-05T16:13:31Z
2023-10-21T13:00:00Z,2023-10-21T15:00:00+0200,26.65,EUR/MWh,NL,NL,day_ahead_price,value,2026-08-05T16:13:31Z
2023-10-21T14:00:00Z,2023-10-21T16:00:00+0200,61.59,EUR/MWh,NL,NL,day_ahead_price,value,2026-08-05T16:13:31Z
2023-10-21T15:00:00Z,2023-10-21T17:00:00+0200,92.85,EUR/MWh,NL,NL,day_ahead_price,value,2026-08-05T16:13:31Z
2023-10-21T16:00:00Z,2023-10-21T18:00:00+0200,114.82,EUR/MWh,NL,NL,day_ahead_price,value,2026-08-05T16:13:31Z
2023-10-21T17:00:00Z,2023-10-21T19:00:00+0200,114.75,EUR/MWh,NL,NL,day_ahead_price,value,2026-08-05T16:13:31Z
2023-10-21T18:00:00Z,2023-10-21T20:00:00+0200,90.0,EUR/MWh,NL,NL,day_ahead_price,value,2026-08-05T16:13:31Z
2023-10-21T19:00:00Z,2023-10-21T21:00:00+0200,52.65,EUR/MWh,NL,NL,day_ahead_price,value,2026-08-05T16:13:31Z
2023-10-21T20:00:00Z,2023-10-21T22:00:00+0200,48.93,EUR/MWh,NL,NL,day_ahead_price,value,2026-08-05T16:13:31Z
2023-10-21T21:00:00Z,2023-10-21T23:00:00+0200,40.15,EUR/MWh,NL,NL,day_ahead_price,value,2026-08-05T16:13:31Z
2023-10-21T22:00:00Z,2023-10-22T00:00:00+0200,39.37,EUR/MWh,NL,NL,day_ahead_price,value,2026-08-05T16:13:31Z
2023-10-21T23:00:00Z,2023-10-22T01:00:00+0200,30.36,EUR/MWh,NL,NL,day_ahead_price,value,2026-08-05T16:13:31Z
2023-10-22T00:00:00Z,2023-10-22T02:00:00+0200,18.59,EUR/MWh,NL,NL,day_ahead_price,value,2026-08-05T16:13:31Z
2023-10-22T01:00:00Z,2023-10-22T03:00:00+0200,15.63,EUR/MWh,NL,NL,day_ahead_price,value,2026-08-05T16:13:31Z
2023-10-22T02:00:00Z,2023-10-22T04:00:00+0200,18.35,EUR/MWh,NL,NL,day_ahead_price,value,2026-08-05T16:13:31Z
2023-10-22T03:00:00Z,2023-10-22T05:00:00+0200,34.32,EUR/MWh,NL,NL,day_ahead_price,value,2026-08-05T16:13:31Z
2023-10-22T04:00:00Z,2023-10-22T06:00:00+0200,30.26,EUR/MWh,NL,NL,day_ahead_price,value,2026-08-05T16:13:31Z
2023-10-22T05:00:00Z,2023-10-22T07:00:00+0200,58.2,EUR/MWh,NL,NL,day_ahead_price,value,2026-08-05T16:13:31Z
2023-10-22T06:00:00Z,2023-10-22T08:00:00+0200,54.89,EUR/MWh,NL,NL,day_ahead_price,value,2026-08-05T16:13:31Z
2023-10-22T07:00:00Z,2023-10-22T09:00:00+0200,64.9,EUR/MWh,NL,NL,day_ahead_price,value,2026-08-05T16:13:31Z
2023-10-22T08:00:00Z,2023-10-22T10:00:00+0200,51.94,EUR/MWh,NL,NL,day_ahead_price,value,2026-08-05T16:13:31Z
2023-10-22T09:00:00Z,2023-10-22T11:00:00+0200,48.84,EUR/MWh,NL,NL,day_ahead_price,value,2026-08-05T16:13:31Z
2023-10-22T10:00:00Z,2023-10-22T12:00:00+0200,44.99,EUR/MWh,NL,NL,day_ahead_price,value,2026-08-05T16:13:31Z
2023-10-22T11:00:00Z,2023-10-22T13:00:00+0200,29.19,EUR/MWh,NL,NL,day_ahead_price,value,2026-08-05T16:13:31Z
2023-10-22T12:00:00Z,2023-10-22T14:00:00+0200,30.84,EUR/MWh,NL,NL,day_ahead_price,value,2026-08-05T16:13:31Z
2023-10-22T13:00:00Z,2023-10-22T15:00:00+0200,51.54,EUR/MWh,NL,NL,day_ahead_price,value,2026-08-05T16:13:31Z
2023-10-22T14:00:00Z,2023-10-22T16:00:00+0200,75.93,EUR/MWh,NL,NL,day_ahead_price,value,2026-08-05T16:13:31Z
2023-10-22T15:00:00Z,2023-10-22T17:00:00+0200,129.45,EUR/MWh,NL,NL,day_ahead_price,value,2026-08-05T16:13:31Z
2023-10-22T16:00:00Z,2023-10-22T18:00:00+0200,149.9,EUR/MWh,NL,NL,day_ahead_price,value,2026-08-05T16:13:31Z
2023-10-22T17:00:00Z,2023-10-22T19:00:00+0200,149.94,EUR/MWh,NL,NL,day_ahead_price,value,2026-08-05T16:13:31Z
2023-10-22T18:00:00Z,2023-10-22T20:00:00+0200,139.89,EUR/MWh,NL,NL,day_ahead_price,value,2026-08-05T16:13:31Z
2023-10-22T19:00:00Z,2023-10-22T21:00:00+0200,112.47,EUR/MWh,NL,NL,day_ahead_price,value,2026-08-05T16:13:31Z
2023-10-22T20:00:00Z,2023-10-22T22:00:00+0200,102.18,EUR/MWh,NL,NL,day_ahead_price,value,2026-08-05T16:13:31Z
2023-10-22T21:00:00Z,2023-10-22T23:00:00+0200,101.09,EUR/MWh,NL,NL,day_ahead_price,value,2026-08-05T16:13:31Z
2023-10-22T22:00:00Z,2023-10-23T00:00:00+0200,115.02,EUR/MWh,NL,NL,day_ahead_price,value,2026-08-05T16:13:31Z
2023-10-22T23:00:00Z,2023-10-23T01:00:00+0200,101.0,EUR/MWh,NL,NL,day_ahead_price,value,2026-08-05T16:13:31Z
2023-10-23T00:00:00Z,2023-10-23T02:00:00+0200,101.28,EUR/MWh,NL,NL,day_ahead_price,value,2026-08-05T16:13:31Z
2023-10-23T01:00:00Z,2023-10-23T03:00:00+0200,100.22,EUR/MWh,NL,NL,day_ahead_price,value,2026-08-05T16:13:31Z
2023-10-23T02:00:00Z,2023-10-23T04:00:00+0200,98.94,EUR/MWh,NL,NL,day_ahead_price,value,2026-08-05T16:13:31Z
2023-10-23T03:00:00Z,2023-10-23T05:00:00+0200,105.98,EUR/MWh,NL,NL,day_ahead_price,value,2026-08-05T16:13:31Z
2023-10-23T04:00:00Z,2023-10-23T06:00:00+0200,135.53,EUR/MWh,NL,NL,day_ahead_price,value,2026-08-05T16:13:31Z
2023-10-23T05:00:00Z,2023-10-23T07:00:00+0200,173.6,EUR/MWh,NL,NL,day_ahead_price,value,2026-08-05T16:13:31Z
2023-10-23T06:00:00Z,2023-10-23T08:00:00+0200,198.39,EUR/MWh,NL,NL,day_ahead_price,value,2026-08-05T16:13:31Z
2023-10-23T07:00:00Z,2023-10-23T09:00:00+0200,151.81,EUR/MWh,NL,NL,day_ahead_price,value,2026-08-05T16:13:31Z
2023-10-23T08:00:00Z,2023-10-23T10:00:00+0200,128.07,EUR/MWh,NL,NL,day_ahead_price,value,2026-08-05T16:13:31Z
2023-10-23T09:00:00Z,2023-10-23T11:00:00+0200,109.03,EUR/MWh,NL,NL,day_ahead_price,value,2026-08-05T16:13:31Z
2023-10-23T10:00:00Z,2023-10-23T12:00:00+0200,102.26,EUR/MWh,NL,NL,day_ahead_price,value,2026-08-05T16:13:31Z
2023-10-23T11:00:00Z,2023-10-23T13:00:00+0200,103.22,EUR/MWh,NL,NL,day_ahead_price,value,2026-08-05T16:13:31Z
2023-10-23T12:00:00Z,2023-10-23T14:00:00+0200,107.0,EUR/MWh,NL,NL,day_ahead_price,value,2026-08-05T16:13:31Z
2023-10-23T13:00:00Z,2023-10-23T15:00:00+0200,125.07,EUR/MWh,NL,NL,day_ahead_price,value,2026-08-05T16:13:31Z
2023-10-23T14:00:00Z,2023-10-23T16:00:00+0200,132.44,EUR/MWh,NL,NL,day_ahead_price,value,2026-08-05T16:13:31Z
2023-10-23T15:00:00Z,2023-10-23T17:00:00+0200,147.25,EUR/MWh,NL,NL,day_ahead_price,value,2026-08-05T16:13:31Z
2023-10-23T16:00:00Z,2023-10-23T18:00:00+0200,158.68,EUR/MWh,NL,NL,day_ahead_price,value,2026-08-05T16:13:31Z
2023-10-23T17:00:00Z,2023-10-23T19:00:00+0200,154.7,EUR/MWh,NL,NL,day_ahead_price,value,2026-08-05T16:13:31Z
2023-10-23T18:00:00Z,2023-10-23T20:00:00+0200,124.7,EUR/MWh,NL,NL,day_ahead_price,value,2026-08-05T16:13:31Z
2023-10-23T19:00:00Z,2023-10-23T21:00:00+0200,103.82,EUR/MWh,NL,NL,day_ahead_price,value,2026-08-05T16:13:31Z
2023-10-23T20:00:00Z,2023-10-23T22:00:00+0200,108.0,EUR/MWh,NL,NL,day_ahead_price,value,2026-08-05T16:13:31Z
2023-10-23T21:00:00Z,2023-10-23T23:00:00+0200,92.76,EUR/MWh,NL,NL,day_ahead_price,value,2026-08-05T16:13:31Z
2023-10-23T22:00:00Z,2023-10-24T00:00:00+0200,101.33,EUR/MWh,NL,NL,day_ahead_price,value,2026-08-05T16:13:31Z
2023-10-23T23:00:00Z,2023-10-24T01:00:00+0200,97.21,EUR/MWh,NL,NL,day_ahead_price,value,2026-08-05T16:13:31Z
2023-10-24T00:00:00Z,2023-10-24T02:00:00+0200,94.54,EUR/MWh,NL,NL,day_ahead_price,value,2026-08-05T16:13:31Z
2023-10-24T01:00:00Z,2023-10-24T03:00:00+0200,89.46,EUR/MWh,NL,NL,day_ahead_price,value,2026-08-05T16:13:31Z
2023-10-24T02:00:00Z,2023-10-24T04:00:00+0200,90.27,EUR/MWh,NL,NL,day_ahead_price,value,2026-08-05T16:13:31Z
2023-10-24T03:00:00Z,2023-10-24T05:00:00+0200,94.45,EUR/MWh,NL,NL,day_ahead_price,value,2026-08-05T16:13:31Z
2023-10-24T04:00:00Z,2023-10-24T06:00:00+0200,101.12,EUR/MWh,NL,NL,day_ahead_price,value,2026-08-05T16:13:31Z
2023-10-24T05:00:00Z,2023-10-24T07:00:00+0200,119.67,EUR/MWh,NL,NL,day_ahead_price,value,2026-08-05T16:13:31Z
2023-10-24T06:00:00Z,2023-10-24T08:00:00+0200,130.31,EUR/MWh,NL,NL,day_ahead_price,value,2026-08-05T16:13:31Z
2023-10-24T07:00:00Z,2023-10-24T09:00:00+0200,136.35,EUR/MWh,NL,NL,day_ahead_price,value,2026-08-05T16:13:31Z
2023-10-24T08:00:00Z,2023-10-24T10:00:00+0200,128.37,EUR/MWh,NL,NL,day_ahead_price,value,2026-08-05T16:13:31Z
2023-10-24T09:00:00Z,2023-10-24T11:00:00+0200,125.0,EUR/MWh,NL,NL,day_ahead_price,value,2026-08-05T16:13:31Z
2023-10-24T10:00:00Z,2023-10-24T12:00:00+0200,118.99,EUR/MWh,NL,NL,day_ahead_price,value,2026-08-05T16:13:31Z
2023-10-24T11:00:00Z,2023-10-24T13:00:00+0200,112.54,EUR/MWh,NL,NL,day_ahead_price,value,2026-08-05T16:13:31Z
2023-10-24T12:00:00Z,2023-10-24T14:00:00+0200,105.9,EUR/MWh,NL,NL,day_ahead_price,value,2026-08-05T16:13:31Z
2023-10-24T13:00:00Z,2023-10-24T15:00:00+0200,100.1,EUR/MWh,NL,NL,day_ahead_price,value,2026-08-05T16:13:31Z
2023-10-24T14:00:00Z,2023-10-24T16:00:00+0200,109.9,EUR/MWh,NL,NL,day_ahead_price,value,2026-08-05T16:13:31Z
2023-10-24T15:00:00Z,2023-10-24T17:00:00+0200,137.94,EUR/MWh,NL,NL,day_ahead_price,value,2026-08-05T16:13:31Z
2023-10-24T16:00:00Z,2023-10-24T18:00:00+0200,149.9,EUR/MWh,NL,NL,day_ahead_price,value,2026-08-05T16:13:31Z
2023-10-24T17:00:00Z,2023-10-24T19:00:00+0200,154.15,EUR/MWh,NL,NL,day_ahead_price,value,2026-08-05T16:13:31Z
2023-10-24T18:00:00Z,2023-10-24T20:00:00+0200,133.45,EUR/MWh,NL,NL,day_ahead_price,value,2026-08-05T16:13:31Z
2023-10-24T19:00:00Z,2023-10-24T21:00:00+0200,119.31,EUR/MWh,NL,NL,day_ahead_price,value,2026-08-05T16:13:31Z
2023-10-24T20:00:00Z,2023-10-24T22:00:00+0200,114.1,EUR/MWh,NL,NL,day_ahead_price,value,2026-08-05T16:13:31Z
2023-10-24T21:00:00Z,2023-10-24T23:00:00+0200,102.78,EUR/MWh,NL,NL,day_ahead_price,value,2026-08-05T16:13:31Z
2023-10-24T22:00:00Z,2023-10-25T00:00:00+0200,99.07,EUR/MWh,NL,NL,day_ahead_price,value,2026-08-05T16:13:31Z
2023-10-24T23:00:00Z,2023-10-25T01:00:00+0200,94.56,EUR/MWh,NL,NL,day_ahead_price,value,2026-08-05T16:13:31Z
2023-10-25T00:00:00Z,2023-10-25T02:00:00+0200,91.0,EUR/MWh,NL,NL,day_ahead_price,value,2026-08-05T16:13:31Z
2023-10-25T01:00:00Z,2023-10-25T03:00:00+0200,91.68,EUR/MWh,NL,NL,day_ahead_price,value,2026-08-05T16:13:31Z
2023-10-25T02:00:00Z,2023-10-25T04:00:00+0200,96.35,EUR/MWh,NL,NL,day_ahead_price,value,2026-08-05T16:13:31Z
2023-10-25T03:00:00Z,2023-10-25T05:00:00+0200,100.01,EUR/MWh,NL,NL,day_ahead_price,value,2026-08-05T16:13:31Z
2023-10-25T04:00:00Z,2023-10-25T06:00:00+0200,118.96,EUR/MWh,NL,NL,day_ahead_price,value,2026-08-05T16:13:31Z
2023-10-25T05:00:00Z,2023-10-25T07:00:00+0200,142.74,EUR/MWh,NL,NL,day_ahead_price,value,2026-08-05T16:13:31Z
2023-10-25T06:00:00Z,2023-10-25T08:00:00+0200,150.5,EUR/MWh,NL,NL,day_ahead_price,value,2026-08-05T16:13:31Z
2023-10-25T07:00:00Z,2023-10-25T09:00:00+0200,140.52,EUR/MWh,NL,NL,day_ahead_price,value,2026-08-05T16:13:31Z
2023-10-25T08:00:00Z,2023-10-25T10:00:00+0200,129.57,EUR/MWh,NL,NL,day_ahead_price,value,2026-08-05T16:13:31Z
2023-10-25T09:00:00Z,2023-10-25T11:00:00+0200,124.61,EUR/MWh,NL,NL,day_ahead_price,value,2026-08-05T16:13:31Z
2023-10-25T10:00:00Z,2023-10-25T12:00:00+0200,117.39,EUR/MWh,NL,NL,day_ahead_price,value,2026-08-05T16:13:31Z
2023-10-25T11:00:00Z,2023-10-25T13:00:00+0200,115.7,EUR/MWh,NL,NL,day_ahead_price,value,2026-08-05T16:13:31Z
2023-10-25T12:00:00Z,2023-10-25T14:00:00+0200,124.47,EUR/MWh,NL,NL,day_ahead_price,value,2026-08-05T16:13:31Z
2023-10-25T13:00:00Z,2023-10-25T15:00:00+0200,130.98,EUR/MWh,NL,NL,day_ahead_price,value,2026-08-05T16:13:31Z
2023-10-25T14:00:00Z,2023-10-25T16:00:00+0200,144.35,EUR/MWh,NL,NL,day_ahead_price,value,2026-08-05T16:13:31Z
2023-10-25T15:00:00Z,2023-10-25T17:00:00+0200,152.71,EUR/MWh,NL,NL,day_ahead_price,value,2026-08-05T16:13:31Z
2023-10-25T16:00:00Z,2023-10-25T18:00:00+0200,153.73,EUR/MWh,NL,NL,day_ahead_price,value,2026-08-05T16:13:31Z
2023-10-25T17:00:00Z,2023-10-25T19:00:00+0200,157.9,EUR/MWh,NL,NL,day_ahead_price,value,2026-08-05T16:13:31Z
2023-10-25T18:00:00Z,2023-10-25T20:00:00+0200,137.18,EUR/MWh,NL,NL,day_ahead_price,value,2026-08-05T16:13:31Z
2023-10-25T19:00:00Z,2023-10-25T21:00:00+0200,123.66,EUR/MWh,NL,NL,day_ahead_price,value,2026-08-05T16:13:31Z
2023-10-25T20:00:00Z,2023-10-25T22:00:00+0200,120.06,EUR/MWh,NL,NL,day_ahead_price,value,2026-08-05T16:13:31Z
2023-10-25T21:00:00Z,2023-10-25T23:00:00+0200,112.8,EUR/MWh,NL,NL,day_ahead_price,value,2026-08-05T16:13:31Z
2023-10-25T22:00:00Z,2023-10-26T00:00:00+0200,104.4,EUR/MWh,NL,NL,day_ahead_price,value,2026-08-05T16:13:31Z
2023-10-25T23:00:00Z,2023-10-26T01:00:00+0200,106.0,EUR/MWh,NL,NL,day_ahead_price,value,2026-08-05T16:13:31Z
2023-10-26T00:00:00Z,2023-10-26T02:00:00+0200,109.0,EUR/MWh,NL,NL,day_ahead_price,value,2026-08-05T16:13:31Z
2023-10-26T01:00:00Z,2023-10-26T03:00:00+0200,99.96,EUR/MWh,NL,NL,day_ahead_price,value,2026-08-05T16:13:31Z
2023-10-26T02:00:00Z,2023-10-26T04:00:00+0200,100.0,EUR/MWh,NL,NL,day_ahead_price,value,2026-08-05T16:13:31Z
2023-10-26T03:00:00Z,2023-10-26T05:00:00+0200,100.0,EUR/MWh,NL,NL,day_ahead_price,value,2026-08-05T16:13:31Z
2023-10-26T04:00:00Z,2023-10-26T06:00:00+0200,117.32,EUR/MWh,NL,NL,day_ahead_price,value,2026-08-05T16:13:31Z
2023-10-26T05:00:00Z,2023-10-26T07:00:00+0200,133.79,EUR/MWh,NL,NL,day_ahead_price,value,2026-08-05T16:13:31Z
2023-10-26T06:00:00Z,2023-10-26T08:00:00+0200,144.05,EUR/MWh,NL,NL,day_ahead_price,value,2026-08-05T16:13:31Z
2023-10-26T07:00:00Z,2023-10-26T09:00:00+0200,149.0,EUR/MWh,NL,NL,day_ahead_price,value,2026-08-05T16:13:31Z
2023-10-26T08:00:00Z,2023-10-26T10:00:00+0200,146.37,EUR/MWh,NL,NL,day_ahead_price,value,2026-08-05T16:13:31Z
2023-10-26T09:00:00Z,2023-10-26T11:00:00+0200,140.0,EUR/MWh,NL,NL,day_ahead_price,value,2026-08-05T16:13:31Z
2023-10-26T10:00:00Z,2023-10-26T12:00:00+0200,131.11,EUR/MWh,NL,NL,day_ahead_price,value,2026-08-05T16:13:31Z
2023-10-26T11:00:00Z,2023-10-26T13:00:00+0200,120.09,EUR/MWh,NL,NL,day_ahead_price,value,2026-08-05T16:13:31Z
2023-10-26T12:00:00Z,2023-10-26T14:00:00+0200,119.6,EUR/MWh,NL,NL,day_ahead_price,value,2026-08-05T16:13:31Z
2023-10-26T13:00:00Z,2023-10-26T15:00:00+0200,118.21,EUR/MWh,NL,NL,day_ahead_price,value,2026-08-05T16:13:31Z
2023-10-26T14:00:00Z,2023-10-26T16:00:00+0200,126.0,EUR/MWh,NL,NL,day_ahead_price,value,2026-08-05T16:13:31Z
2023-10-26T15:00:00Z,2023-10-26T17:00:00+0200,137.98,EUR/MWh,NL,NL,day_ahead_price,value,2026-08-05T16:13:31Z
2023-10-26T16:00:00Z,2023-10-26T18:00:00+0200,151.05,EUR/MWh,NL,NL,day_ahead_price,value,2026-08-05T16:13:31Z
2023-10-26T17:00:00Z,2023-10-26T19:00:00+0200,151.08,EUR/MWh,NL,NL,day_ahead_price,value,2026-08-05T16:13:31Z
2023-10-26T18:00:00Z,2023-10-26T20:00:00+0200,130.85,EUR/MWh,NL,NL,day_ahead_price,value,2026-08-05T16:13:31Z
2023-10-26T19:00:00Z,2023-10-26T21:00:00+0200,119.07,EUR/MWh,NL,NL,day_ahead_price,value,2026-08-05T16:13:31Z
2023-10-26T20:00:00Z,2023-10-26T22:00:00+0200,117.06,EUR/MWh,NL,NL,day_ahead_price,value,2026-08-05T16:13:31Z
2023-10-26T21:00:00Z,2023-10-26T23:00:00+0200,104.85,EUR/MWh,NL,NL,day_ahead_price,value,2026-08-05T16:13:31Z
2023-10-26T22:00:00Z,2023-10-27T00:00:00+0200,104.56,EUR/MWh,NL,NL,day_ahead_price,value,2026-08-05T16:13:31Z
2023-10-26T23:00:00Z,2023-10-27T01:00:00+0200,97.61,EUR/MWh,NL,NL,day_ahead_price,value,2026-08-05T16:13:31Z
2023-10-27T00:00:00Z,2023-10-27T02:00:00+0200,97.26,EUR/MWh,NL,NL,day_ahead_price,value,2026-08-05T16:13:31Z
2023-10-27T01:00:00Z,2023-10-27T03:00:00+0200,98.9,EUR/MWh,NL,NL,day_ahead_price,value,2026-08-05T16:13:31Z
2023-10-27T02:00:00Z,2023-10-27T04:00:00+0200,105.92,EUR/MWh,NL,NL,day_ahead_price,value,2026-08-05T16:13:31Z
2023-10-27T03:00:00Z,2023-10-27T05:00:00+0200,108.84,EUR/MWh,NL,NL,day_ahead_price,value,2026-08-05T16:13:31Z
2023-10-27T04:00:00Z,2023-10-27T06:00:00+0200,122.4,EUR/MWh,NL,NL,day_ahead_price,value,2026-08-05T16:13:31Z
2023-10-27T05:00:00Z,2023-10-27T07:00:00+0200,139.4,EUR/MWh,NL,NL,day_ahead_price,value,2026-08-05T16:13:31Z
2023-10-27T06:00:00Z,2023-10-27T08:00:00+0200,154.55,EUR/MWh,NL,NL,day_ahead_price,value,2026-08-05T16:13:31Z
2023-10-27T07:00:00Z,2023-10-27T09:00:00+0200,152.7,EUR/MWh,NL,NL,day_ahead_price,value,2026-08-05T16:13:31Z
2023-10-27T08:00:00Z,2023-10-27T10:00:00+0200,147.77,EUR/MWh,NL,NL,day_ahead_price,value,2026-08-05T16:13:31Z
2023-10-27T09:00:00Z,2023-10-27T11:00:00+0200,142.53,EUR/MWh,NL,NL,day_ahead_price,value,2026-08-05T16:13:31Z
2023-10-27T10:00:00Z,2023-10-27T12:00:00+0200,125.79,EUR/MWh,NL,NL,day_ahead_price,value,2026-08-05T16:13:31Z
2023-10-27T11:00:00Z,2023-10-27T13:00:00+0200,112.19,EUR/MWh,NL,NL,day_ahead_price,value,2026-08-05T16:13:31Z
2023-10-27T12:00:00Z,2023-10-27T14:00:00+0200,105.98,EUR/MWh,NL,NL,day_ahead_price,value,2026-08-05T16:13:31Z
2023-10-27T13:00:00Z,2023-10-27T15:00:00+0200,102.79,EUR/MWh,NL,NL,day_ahead_price,value,2026-08-05T16:13:31Z
2023-10-27T14:00:00Z,2023-10-27T16:00:00+0200,113.16,EUR/MWh,NL,NL,day_ahead_price,value,2026-08-05T16:13:31Z
2023-10-27T15:00:00Z,2023-10-27T17:00:00+0200,125.88,EUR/MWh,NL,NL,day_ahead_price,value,2026-08-05T16:13:31Z
2023-10-27T16:00:00Z,2023-10-27T18:00:00+0200,139.9,EUR/MWh,NL,NL,day_ahead_price,value,2026-08-05T16:13:31Z
2023-10-27T17:00:00Z,2023-10-27T19:00:00+0200,140.6,EUR/MWh,NL,NL,day_ahead_price,value,2026-08-05T16:13:31Z
2023-10-27T18:00:00Z,2023-10-27T20:00:00+0200,121.05,EUR/MWh,NL,NL,day_ahead_price,value,2026-08-05T16:13:31Z
2023-10-27T19:00:00Z,2023-10-27T21:00:00+0200,100.13,EUR/MWh,NL,NL,day_ahead_price,value,2026-08-05T16:13:31Z
2023-10-27T20:00:00Z,2023-10-27T22:00:00+0200,96.87,EUR/MWh,NL,NL,day_ahead_price,value,2026-08-05T16:13:31Z
2023-10-27T21:00:00Z,2023-10-27T23:00:00+0200,93.7,EUR/MWh,NL,NL,day_ahead_price,value,2026-08-05T16:13:31Z
2023-10-27T22:00:00Z,2023-10-28T00:00:00+0200,84.6,EUR/MWh,NL,NL,day_ahead_price,value,2026-08-05T16:13:31Z
2023-10-27T23:00:00Z,2023-10-28T01:00:00+0200,68.61,EUR/MWh,NL,NL,day_ahead_price,value,2026-08-05T16:13:31Z
2023-10-28T00:00:00Z,2023-10-28T02:00:00+0200,64.59,EUR/MWh,NL,NL,day_ahead_price,value,2026-08-05T16:13:31Z
2023-10-28T01:00:00Z,2023-10-28T03:00:00+0200,55.0,EUR/MWh,NL,NL,day_ahead_price,value,2026-08-05T16:13:31Z
2023-10-28T02:00:00Z,2023-10-28T04:00:00+0200,56.85,EUR/MWh,NL,NL,day_ahead_price,value,2026-08-05T16:13:31Z
2023-10-28T03:00:00Z,2023-10-28T05:00:00+0200,60.26,EUR/MWh,NL,NL,day_ahead_price,value,2026-08-05T16:13:31Z
2023-10-28T04:00:00Z,2023-10-28T06:00:00+0200,64.82,EUR/MWh,NL,NL,day_ahead_price,value,2026-08-05T16:13:31Z
2023-10-28T05:00:00Z,2023-10-28T07:00:00+0200,74.0,EUR/MWh,NL,NL,day_ahead_price,value,2026-08-05T16:13:31Z
2023-10-28T06:00:00Z,2023-10-28T08:00:00+0200,89.35,EUR/MWh,NL,NL,day_ahead_price,value,2026-08-05T16:13:31Z
2023-10-28T07:00:00Z,2023-10-28T09:00:00+0200,89.74,EUR/MWh,NL,NL,day_ahead_price,value,2026-08-05T16:13:31Z
2023-10-28T08:00:00Z,2023-10-28T10:00:00+0200,87.01,EUR/MWh,NL,NL,day_ahead_price,value,2026-08-05T16:13:31Z
2023-10-28T09:00:00Z,2023-10-28T11:00:00+0200,69.54,EUR/MWh,NL,NL,day_ahead_price,value,2026-08-05T16:13:31Z
2023-10-28T10:00:00Z,2023-10-28T12:00:00+0200,57.37,EUR/MWh,NL,NL,day_ahead_price,value,2026-08-05T16:13:31Z
2023-10-28T11:00:00Z,2023-10-28T13:00:00+0200,52.56,EUR/MWh,NL,NL,day_ahead_price,value,2026-08-05T16:13:31Z
2023-10-28T12:00:00Z,2023-10-28T14:00:00+0200,51.22,EUR/MWh,NL,NL,day_ahead_price,value,2026-08-05T16:13:31Z
2023-10-28T13:00:00Z,2023-10-28T15:00:00+0200,72.93,EUR/MWh,NL,NL,day_ahead_price,value,2026-08-05T16:13:31Z
2023-10-28T14:00:00Z,2023-10-28T16:00:00+0200,87.66,EUR/MWh,NL,NL,day_ahead_price,value,2026-08-05T16:13:31Z
2023-10-28T15:00:00Z,2023-10-28T17:00:00+0200,115.2,EUR/MWh,NL,NL,day_ahead_price,value,2026-08-05T16:13:31Z
2023-10-28T16:00:00Z,2023-10-28T18:00:00+0200,132.0,EUR/MWh,NL,NL,day_ahead_price,value,2026-08-05T16:13:31Z
2023-10-28T17:00:00Z,2023-10-28T19:00:00+0200,105.76,EUR/MWh,NL,NL,day_ahead_price,value,2026-08-05T16:13:31Z
2023-10-28T18:00:00Z,2023-10-28T20:00:00+0200,79.86,EUR/MWh,NL,NL,day_ahead_price,value,2026-08-05T16:13:31Z
2023-10-28T19:00:00Z,2023-10-28T21:00:00+0200,50.84,EUR/MWh,NL,NL,day_ahead_price,value,2026-08-05T16:13:31Z
2023-10-28T20:00:00Z,2023-10-28T22:00:00+0200,37.83,EUR/MWh,NL,NL,day_ahead_price,value,2026-08-05T16:13:31Z
2023-10-28T21:00:00Z,2023-10-28T23:00:00+0200,17.62,EUR/MWh,NL,NL,day_ahead_price,value,2026-08-05T16:13:31Z
2023-10-28T22:00:00Z,2023-10-29T00:00:00+0200,5.34,EUR/MWh,NL,NL,day_ahead_price,value,2026-08-05T16:13:31Z
2023-10-28T23:00:00Z,2023-10-29T01:00:00+0200,-2.76,EUR/MWh,NL,NL,day_ahead_price,value,2026-08-05T16:13:31Z
2023-10-29T00:00:00Z,2023-10-29T02:00:00+0200,-1.93,EUR/MWh,NL,NL,day_ahead_price,value,2026-08-05T16:13:31Z
2023-10-29T01:00:00Z,2023-10-29T02:00:00+0100,-1.59,EUR/MWh,NL,NL,day_ahead_price,value,2026-08-05T16:13:31Z
2023-10-29T02:00:00Z,2023-10-29T03:00:00+0100,-1.54,EUR/MWh,NL,NL,day_ahead_price,value,2026-08-05T16:13:31Z
2023-10-29T03:00:00Z,2023-10-29T04:00:00+0100,-1.67,EUR/MWh,NL,NL,day_ahead_price,value,2026-08-05T16:13:31Z
2023-10-29T04:00:00Z,2023-10-29T05:00:00+0100,-1.84,EUR/MWh,NL,NL,day_ahead_price,value,2026-08-05T16:13:31Z
2023-10-29T05:00:00Z,2023-10-29T06:00:00+0100,-1.0,EUR/MWh,NL,NL,day_ahead_price,value,2026-08-05T16:13:31Z
2023-10-29T06:00:00Z,2023-10-29T07:00:00+0100,-1.05,EUR/MWh,NL,NL,day_ahead_price,value,2026-08-05T16:13:31Z
2023-10-29T07:00:00Z,2023-10-29T08:00:00+0100,-0.82,EUR/MWh,NL,NL,day_ahead_price,value,2026-08-05T16:13:31Z
2023-10-29T08:00:00Z,2023-10-29T09:00:00+0100,-0.81,EUR/MWh,NL,NL,day_ahead_price,value,2026-08-05T16:13:31Z
2023-10-29T09:00:00Z,2023-10-29T10:00:00+0100,-0.8,EUR/MWh,NL,NL,day_ahead_price,value,2026-08-05T16:13:31Z
2023-10-29T10:00:00Z,2023-10-29T11:00:00+0100,-0.58,EUR/MWh,NL,NL,day_ahead_price,value,2026-08-05T16:13:31Z
2023-10-29T11:00:00Z,2023-10-29T12:00:00+0100,0.0,EUR/MWh,NL,NL,day_ahead_price,value,2026-08-05T16:13:31Z
2023-10-29T12:00:00Z,2023-10-29T13:00:00+0100,0.0,EUR/MWh,NL,NL,day_ahead_price,value,2026-08-05T16:13:31Z
2023-10-29T13:00:00Z,2023-10-29T14:00:00+0100,9.59,EUR/MWh,NL,NL,day_ahead_price,value,2026-08-05T16:13:31Z
2023-10-29T14:00:00Z,2023-10-29T15:00:00+0100,34.82,EUR/MWh,NL,NL,day_ahead_price,value,2026-08-05T16:13:31Z
2023-10-29T15:00:00Z,2023-10-29T16:00:00+0100,84.89,EUR/MWh,NL,NL,day_ahead_price,value,2026-08-05T16:13:31Z
2023-10-29T16:00:00Z,2023-10-29T17:00:00+0100,109.89,EUR/MWh,NL,NL,day_ahead_price,value,2026-08-05T16:13:31Z
2023-10-29T17:00:00Z,2023-10-29T18:00:00+0100,102.7,EUR/MWh,NL,NL,day_ahead_price,value,2026-08-05T16:13:31Z
2023-10-29T18:00:00Z,2023-10-29T19:00:00+0100,75.0,EUR/MWh,NL,NL,day_ahead_price,value,2026-08-05T16:13:31Z
2023-10-29T19:00:00Z,2023-10-29T20:00:00+0100,62.41,EUR/MWh,NL,NL,day_ahead_price,value,2026-08-05T16:13:31Z
2023-10-29T20:00:00Z,2023-10-29T21:00:00+0100,54.27,EUR/MWh,NL,NL,day_ahead_price,value,2026-08-05T16:13:31Z
2023-10-29T21:00:00Z,2023-10-29T22:00:00+0100,52.0,EUR/MWh,NL,NL,day_ahead_price,value,2026-08-05T16:13:31Z
2023-10-29T22:00:00Z,2023-10-29T23:00:00+0100,38.47,EUR/MWh,NL,NL,day_ahead_price,value,2026-08-05T16:13:31Z
2023-10-29T23:00:00Z,2023-10-30T00:00:00+0100,8.0,EUR/MWh,NL,NL,day_ahead_price,value,2026-08-05T16:13:31Z
2023-10-30T00:00:00Z,2023-10-30T01:00:00+0100,8.13,EUR/MWh,NL,NL,day_ahead_price,value,2026-08-05T16:13:31Z
2023-10-30T01:00:00Z,2023-10-30T02:00:00+0100,8.36,EUR/MWh,NL,NL,day_ahead_price,value,2026-08-05T16:13:31Z
2023-10-30T02:00:00Z,2023-10-30T03:00:00+0100,10.02,EUR/MWh,NL,NL,day_ahead_price,value,2026-08-05T16:13:31Z
2023-10-30T03:00:00Z,2023-10-30T04:00:00+0100,13.9,EUR/MWh,NL,NL,day_ahead_price,value,2026-08-05T16:13:31Z
2023-10-30T04:00:00Z,2023-10-30T05:00:00+0100,23.27,EUR/MWh,NL,NL,day_ahead_price,value,2026-08-05T16:13:31Z
2023-10-30T05:00:00Z,2023-10-30T06:00:00+0100,79.2,EUR/MWh,NL,NL,day_ahead_price,value,2026-08-05T16:13:31Z
2023-10-30T06:00:00Z,2023-10-30T07:00:00+0100,105.91,EUR/MWh,NL,NL,day_ahead_price,value,2026-08-05T16:13:31Z
2023-10-30T07:00:00Z,2023-10-30T08:00:00+0100,111.0,EUR/MWh,NL,NL,day_ahead_price,value,2026-08-05T16:13:31Z
2023-10-30T08:00:00Z,2023-10-30T09:00:00+0100,103.0,EUR/MWh,NL,NL,day_ahead_price,value,2026-08-05T16:13:31Z
2023-10-30T09:00:00Z,2023-10-30T10:00:00+0100,90.0,EUR/MWh,NL,NL,day_ahead_price,value,2026-08-05T16:13:31Z
2023-10-30T10:00:00Z,2023-10-30T11:00:00+0100,96.17,EUR/MWh,NL,NL,day_ahead_price,value,2026-08-05T16:13:31Z
2023-10-30T11:00:00Z,2023-10-30T12:00:00+0100,102.54,EUR/MWh,NL,NL,day_ahead_price,value,2026-08-05T16:13:31Z
2023-10-30T12:00:00Z,2023-10-30T13:00:00+0100,114.62,EUR/MWh,NL,NL,day_ahead_price,value,2026-08-05T16:13:31Z
2023-10-30T13:00:00Z,2023-10-30T14:00:00+0100,123.98,EUR/MWh,NL,NL,day_ahead_price,value,2026-08-05T16:13:31Z
2023-10-30T14:00:00Z,2023-10-30T15:00:00+0100,139.45,EUR/MWh,NL,NL,day_ahead_price,value,2026-08-05T16:13:31Z
2023-10-30T15:00:00Z,2023-10-30T16:00:00+0100,145.4,EUR/MWh,NL,NL,day_ahead_price,value,2026-08-05T16:13:31Z
2023-10-30T16:00:00Z,2023-10-30T17:00:00+0100,165.84,EUR/MWh,NL,NL,day_ahead_price,value,2026-08-05T16:13:31Z
2023-10-30T17:00:00Z,2023-10-30T18:00:00+0100,171.0,EUR/MWh,NL,NL,day_ahead_price,value,2026-08-05T16:13:31Z
2023-10-30T18:00:00Z,2023-10-30T19:00:00+0100,151.13,EUR/MWh,NL,NL,day_ahead_price,value,2026-08-05T16:13:31Z
2023-10-30T19:00:00Z,2023-10-30T20:00:00+0100,129.03,EUR/MWh,NL,NL,day_ahead_price,value,2026-08-05T16:13:31Z
2023-10-30T20:00:00Z,2023-10-30T21:00:00+0100,114.88,EUR/MWh,NL,NL,day_ahead_price,value,2026-08-05T16:13:31Z
2023-10-30T21:00:00Z,2023-10-30T22:00:00+0100,128.0,EUR/MWh,NL,NL,day_ahead_price,value,2026-08-05T16:13:31Z
2023-10-30T22:00:00Z,2023-10-30T23:00:00+0100,114.26,EUR/MWh,NL,NL,day_ahead_price,value,2026-08-05T16:13:31Z
2023-10-30T23:00:00Z,2023-10-31T00:00:00+0100,86.05,EUR/MWh,NL,NL,day_ahead_price,value,2026-08-05T16:13:31Z
2023-10-31T00:00:00Z,2023-10-31T01:00:00+0100,79.2,EUR/MWh,NL,NL,day_ahead_price,value,2026-08-05T16:13:31Z
2023-10-31T01:00:00Z,2023-10-31T02:00:00+0100,71.96,EUR/MWh,NL,NL,day_ahead_price,value,2026-08-05T16:13:31Z
2023-10-31T02:00:00Z,2023-10-31T03:00:00+0100,64.8,EUR/MWh,NL,NL,day_ahead_price,value,2026-08-05T16:13:31Z
2023-10-31T03:00:00Z,2023-10-31T04:00:00+0100,76.0,EUR/MWh,NL,NL,day_ahead_price,value,2026-08-05T16:13:31Z
2023-10-31T04:00:00Z,2023-10-31T05:00:00+0100,92.26,EUR/MWh,NL,NL,day_ahead_price,value,2026-08-05T16:13:31Z
2023-10-31T05:00:00Z,2023-10-31T06:00:00+0100,107.14,EUR/MWh,NL,NL,day_ahead_price,value,2026-08-05T16:13:31Z
2023-10-31T06:00:00Z,2023-10-31T07:00:00+0100,130.1,EUR/MWh,NL,NL,day_ahead_price,value,2026-08-05T16:13:31Z
2023-10-31T07:00:00Z,2023-10-31T08:00:00+0100,171.8,EUR/MWh,NL,NL,day_ahead_price,value,2026-08-05T16:13:31Z
2023-10-31T08:00:00Z,2023-10-31T09:00:00+0100,156.14,EUR/MWh,NL,NL,day_ahead_price,value,2026-08-05T16:13:31Z
2023-10-31T09:00:00Z,2023-10-31T10:00:00+0100,129.35,EUR/MWh,NL,NL,day_ahead_price,value,2026-08-05T16:13:31Z
2023-10-31T10:00:00Z,2023-10-31T11:00:00+0100,111.6,EUR/MWh,NL,NL,day_ahead_price,value,2026-08-05T16:13:31Z
2023-10-31T11:00:00Z,2023-10-31T12:00:00+0100,106.0,EUR/MWh,NL,NL,day_ahead_price,value,2026-08-05T16:13:31Z
2023-10-31T12:00:00Z,2023-10-31T13:00:00+0100,113.65,EUR/MWh,NL,NL,day_ahead_price,value,2026-08-05T16:13:31Z
2023-10-31T13:00:00Z,2023-10-31T14:00:00+0100,120.66,EUR/MWh,NL,NL,day_ahead_price,value,2026-08-05T16:13:31Z
2023-10-31T14:00:00Z,2023-10-31T15:00:00+0100,122.4,EUR/MWh,NL,NL,day_ahead_price,value,2026-08-05T16:13:31Z
2023-10-31T15:00:00Z,2023-10-31T16:00:00+0100,135.11,EUR/MWh,NL,NL,day_ahead_price,value,2026-08-05T16:13:31Z
2023-10-31T16:00:00Z,2023-10-31T17:00:00+0100,161.81,EUR/MWh,NL,NL,day_ahead_price,value,2026-08-05T16:13:31Z
2023-10-31T17:00:00Z,2023-10-31T18:00:00+0100,172.04,EUR/MWh,NL,NL,day_ahead_price,value,2026-08-05T16:13:31Z
2023-10-31T18:00:00Z,2023-10-31T19:00:00+0100,152.92,EUR/MWh,NL,NL,day_ahead_price,value,2026-08-05T16:13:31Z
2023-10-31T19:00:00Z,2023-10-31T20:00:00+0100,125.88,EUR/MWh,NL,NL,day_ahead_price,value,2026-08-05T16:13:31Z
2023-10-31T20:00:00Z,2023-10-31T21:00:00+0100,115.92,EUR/MWh,NL,NL,day_ahead_price,value,2026-08-05T16:13:31Z
2023-10-31T21:00:00Z,2023-10-31T22:00:00+0100,122.2,EUR/MWh,NL,NL,day_ahead_price,value,2026-08-05T16:13:31Z
2023-10-31T22:00:00Z,2023-10-31T23:00:00+0100,106.5,EUR/MWh,NL,NL,day_ahead_price,value,2026-08-05T16:13:31Z
2023-10-31T23:00:00Z,2023-11-01T00:00:00+0100,65.45,EUR/MWh,NL,NL,day_ahead_price,value,2026-08-05T16:13:31Z
2023-11-01T00:00:00Z,2023-11-01T01:00:00+0100,67.31,EUR/MWh,NL,NL,day_ahead_price,value,2026-08-05T16:13:31Z
2023-11-01T01:00:00Z,2023-11-01T02:00:00+0100,58.84,EUR/MWh,NL,NL,day_ahead_price,value,2026-08-05T16:13:31Z
2023-11-01T02:00:00Z,2023-11-01T03:00:00+0100,48.7,EUR/MWh,NL,NL,day_ahead_price,value,2026-08-05T16:13:31Z
2023-11-01T03:00:00Z,2023-11-01T04:00:00+0100,46.65,EUR/MWh,NL,NL,day_ahead_price,value,2026-08-05T16:13:31Z
2023-11-01T04:00:00Z,2023-11-01T05:00:00+0100,54.67,EUR/MWh,NL,NL,day_ahead_price,value,2026-08-05T16:13:31Z
2023-11-01T05:00:00Z,2023-11-01T06:00:00+0100,67.35,EUR/MWh,NL,NL,day_ahead_price,value,2026-08-05T16:13:31Z
2023-11-01T06:00:00Z,2023-11-01T07:00:00+0100,78.65,EUR/MWh,NL,NL,day_ahead_price,value,2026-08-05T16:13:31Z
2023-11-01T07:00:00Z,2023-11-01T08:00:00+0100,80.22,EUR/MWh,NL,NL,day_ahead_price,value,2026-08-05T16:13:31Z
2023-11-01T08:00:00Z,2023-11-01T09:00:00+0100,69.23,EUR/MWh,NL,NL,day_ahead_price,value,2026-08-05T16:13:31Z
2023-11-01T09:00:00Z,2023-11-01T10:00:00+0100,55.64,EUR/MWh,NL,NL,day_ahead_price,value,2026-08-05T16:13:31Z
2023-11-01T10:00:00Z,2023-11-01T11:00:00+0100,49.16,EUR/MWh,NL,NL,day_ahead_price,value,2026-08-05T16:13:31Z
2023-11-01T11:00:00Z,2023-11-01T12:00:00+0100,47.64,EUR/MWh,NL,NL,day_ahead_price,value,2026-08-05T16:13:31Z
2023-11-01T12:00:00Z,2023-11-01T13:00:00+0100,55.0,EUR/MWh,NL,NL,day_ahead_price,value,2026-08-05T16:13:31Z
2023-11-01T13:00:00Z,2023-11-01T14:00:00+0100,53.33,EUR/MWh,NL,NL,day_ahead_price,value,2026-08-05T16:13:31Z
2023-11-01T14:00:00Z,2023-11-01T15:00:00+0100,63.51,EUR/MWh,NL,NL,day_ahead_price,value,2026-08-05T16:13:31Z
2023-11-01T15:00:00Z,2023-11-01T16:00:00+0100,69.85,EUR/MWh,NL,NL,day_ahead_price,value,2026-08-05T16:13:31Z
2023-11-01T16:00:00Z,2023-11-01T17:00:00+0100,87.71,EUR/MWh,NL,NL,day_ahead_price,value,2026-08-05T16:13:31Z
2023-11-01T17:00:00Z,2023-11-01T18:00:00+0100,79.94,EUR/MWh,NL,NL,day_ahead_price,value,2026-08-05T16:13:31Z
2023-11-01T18:00:00Z,2023-11-01T19:00:00+0100,74.97,EUR/MWh,NL,NL,day_ahead_price,value,2026-08-05T16:13:31Z
2023-11-01T19:00:00Z,2023-11-01T20:00:00+0100,61.18,EUR/MWh,NL,NL,day_ahead_price,value,2026-08-05T16:13:31Z
2023-11-01T20:00:00Z,2023-11-01T21:00:00+0100,39.83,EUR/MWh,NL,NL,day_ahead_price,value,2026-08-05T16:13:31Z
2023-11-01T21:00:00Z,2023-11-01T22:00:00+0100,48.4,EUR/MWh,NL,NL,day_ahead_price,value,2026-08-05T16:13:31Z
2023-11-01T22:00:00Z,2023-11-01T23:00:00+0100,28.2,EUR/MWh,NL,NL,day_ahead_price,value,2026-08-05T16:13:31Z
2023-11-01T23:00:00Z,2023-11-02T00:00:00+0100,19.72,EUR/MWh,NL,NL,day_ahead_price,value,2026-08-05T16:13:31Z
2023-11-02T00:00:00Z,2023-11-02T01:00:00+0100,11.44,EUR/MWh,NL,NL,day_ahead_price,value,2026-08-05T16:13:31Z
2023-11-02T01:00:00Z,2023-11-02T02:00:00+0100,9.14,EUR/MWh,NL,NL,day_ahead_price,value,2026-08-05T16:13:31Z
2023-11-02T02:00:00Z,2023-11-02T03:00:00+0100,6.67,EUR/MWh,NL,NL,day_ahead_price,value,2026-08-05T16:13:31Z
2023-11-02T03:00:00Z,2023-11-02T04:00:00+0100,7.0,EUR/MWh,NL,NL,day_ahead_price,value,2026-08-05T16:13:31Z
2023-11-02T04:00:00Z,2023-11-02T05:00:00+0100,7.86,EUR/MWh,NL,NL,day_ahead_price,value,2026-08-05T16:13:31Z
2023-11-02T05:00:00Z,2023-11-02T06:00:00+0100,38.8,EUR/MWh,NL,NL,day_ahead_price,value,2026-08-05T16:13:31Z
2023-11-02T06:00:00Z,2023-11-02T07:00:00+0100,74.79,EUR/MWh,NL,NL,day_ahead_price,value,2026-08-05T16:13:31Z
2023-11-02T07:00:00Z,2023-11-02T08:00:00+0100,102.32,EUR/MWh,NL,NL,day_ahead_price,value,2026-08-05T16:13:31Z
2023-11-02T08:00:00Z,2023-11-02T09:00:00+0100,77.39,EUR/MWh,NL,NL,day_ahead_price,value,2026-08-05T16:13:31Z
2023-11-02T09:00:00Z,2023-11-02T10:00:00+0100,60.9,EUR/MWh,NL,NL,day_ahead_price,value,2026-08-05T16:13:31Z
2023-11-02T10:00:00Z,2023-11-02T11:00:00+0100,63.2,EUR/MWh,NL,NL,day_ahead_price,value,2026-08-05T16:13:31Z
2023-11-02T11:00:00Z,2023-11-02T12:00:00+0100,63.7,EUR/MWh,NL,NL,day_ahead_price,value,2026-08-05T16:13:31Z
2023-11-02T12:00:00Z,2023-11-02T13:00:00+0100,64.3,EUR/MWh,NL,NL,day_ahead_price,value,2026-08-05T16:13:31Z
2023-11-02T13:00:00Z,2023-11-02T14:00:00+0100,85.95,EUR/MWh,NL,NL,day_ahead_price,value,2026-08-05T16:13:31Z
2023-11-02T14:00:00Z,2023-11-02T15:00:00+0100,124.0,EUR/MWh,NL,NL,day_ahead_price,value,2026-08-05T16:13:31Z
2023-11-02T15:00:00Z,2023-11-02T16:00:00+0100,129.89,EUR/MWh,NL,NL,day_ahead_price,value,2026-08-05T16:13:31Z
2023-11-02T16:00:00Z,2023-11-02T17:00:00+0100,141.39,EUR/MWh,NL,NL,day_ahead_price,value,2026-08-05T16:13:31Z
2023-11-02T17:00:00Z,2023-11-02T18:00:00+0100,144.0,EUR/MWh,NL,NL,day_ahead_price,value,2026-08-05T16:13:31Z
2023-11-02T18:00:00Z,2023-11-02T19:00:00+0100,99.89,EUR/MWh,NL,NL,day_ahead_price,value,2026-08-05T16:13:31Z
2023-11-02T19:00:00Z,2023-11-02T20:00:00+0100,87.83,EUR/MWh,NL,NL,day_ahead_price,value,2026-08-05T16:13:31Z
2023-11-02T20:00:00Z,2023-11-02T21:00:00+0100,75.99,EUR/MWh,NL,NL,day_ahead_price,value,2026-08-05T16:13:31Z
2023-11-02T21:00:00Z,2023-11-02T22:00:00+0100,72.27,EUR/MWh,NL,NL,day_ahead_price,value,2026-08-05T16:13:31Z
2023-11-02T22:00:00Z,2023-11-02T23:00:00+0100,57.04,EUR/MWh,NL,NL,day_ahead_price,value,2026-08-05T16:13:31Z
2023-11-02T23:00:00Z,2023-11-03T00:00:00+0100,15.17,EUR/MWh,NL,NL,day_ahead_price,value,2026-08-05T16:13:31Z
2023-11-03T00:00:00Z,2023-11-03T01:00:00+0100,11.47,EUR/MWh,NL,NL,day_ahead_price,value,2026-08-05T16:13:31Z
2023-11-03T01:00:00Z,2023-11-03T02:00:00+0100,10.0,EUR/MWh,NL,NL,day_ahead_price,value,2026-08-05T16:13:31Z
2023-11-03T02:00:00Z,2023-11-03T03:00:00+0100,5.73,EUR/MWh,NL,NL,day_ahead_price,value,2026-08-05T16:13:31Z
2023-11-03T03:00:00Z,2023-11-03T04:00:00+0100,9.73,EUR/MWh,NL,NL,day_ahead_price,value,2026-08-05T16:13:31Z
2023-11-03T04:00:00Z,2023-11-03T05:00:00+0100,23.6,EUR/MWh,NL,NL,day_ahead_price,value,2026-08-05T16:13:31Z
2023-11-03T05:00:00Z,2023-11-03T06:00:00+0100,61.64,EUR/MWh,NL,NL,day_ahead_price,value,2026-08-05T16:13:31Z
2023-11-03T06:00:00Z,2023-11-03T07:00:00+0100,90.28,EUR/MWh,NL,NL,day_ahead_price,value,2026-08-05T16:13:31Z
2023-11-03T07:00:00Z,2023-11-03T08:00:00+0100,95.05,EUR/MWh,NL,NL,day_ahead_price,value,2026-08-05T16:13:31Z
2023-11-03T08:00:00Z,2023-11-03T09:00:00+0100,89.59,EUR/MWh,NL,NL,day_ahead_price,value,2026-08-05T16:13:31Z
2023-11-03T09:00:00Z,2023-11-03T10:00:00+0100,82.9,EUR/MWh,NL,NL,day_ahead_price,value,2026-08-05T16:13:31Z
2023-11-03T10:00:00Z,2023-11-03T11:00:00+0100,74.7,EUR/MWh,NL,NL,day_ahead_price,value,2026-08-05T16:13:31Z
2023-11-03T11:00:00Z,2023-11-03T12:00:00+0100,61.81,EUR/MWh,NL,NL,day_ahead_price,value,2026-08-05T16:13:31Z
2023-11-03T12:00:00Z,2023-11-03T13:00:00+0100,60.85,EUR/MWh,NL,NL,day_ahead_price,value,2026-08-05T16:13:31Z
2023-11-03T13:00:00Z,2023-11-03T14:00:00+0100,64.89,EUR/MWh,NL,NL,day_ahead_price,value,2026-08-05T16:13:31Z
2023-11-03T14:00:00Z,2023-11-03T15:00:00+0100,69.89,EUR/MWh,NL,NL,day_ahead_price,value,2026-08-05T16:13:31Z
2023-11-03T15:00:00Z,2023-11-03T16:00:00+0100,82.7,EUR/MWh,NL,NL,day_ahead_price,value,2026-08-05T16:13:31Z
2023-11-03T16:00:00Z,2023-11-03T17:00:00+0100,110.1,EUR/MWh,NL,NL,day_ahead_price,value,2026-08-05T16:13:31Z
2023-11-03T17:00:00Z,2023-11-03T18:00:00+0100,107.8,EUR/MWh,NL,NL,day_ahead_price,value,2026-08-05T16:13:31Z
2023-11-03T18:00:00Z,2023-11-03T19:00:00+0100,91.5,EUR/MWh,NL,NL,day_ahead_price,value,2026-08-05T16:13:31Z
2023-11-03T19:00:00Z,2023-11-03T20:00:00+0100,70.5,EUR/MWh,NL,NL,day_ahead_price,value,2026-08-05T16:13:31Z
2023-11-03T20:00:00Z,2023-11-03T21:00:00+0100,54.89,EUR/MWh,NL,NL,day_ahead_price,value,2026-08-05T16:13:31Z
2023-11-03T21:00:00Z,2023-11-03T22:00:00+0100,45.53,EUR/MWh,NL,NL,day_ahead_price,value,2026-08-05T16:13:31Z
2023-11-03T22:00:00Z,2023-11-03T23:00:00+0100,30.0,EUR/MWh,NL,NL,day_ahead_price,value,2026-08-05T16:13:31Z
2023-11-03T23:00:00Z,2023-11-04T00:00:00+0100,45.72,EUR/MWh,NL,NL,day_ahead_price,value,2026-08-05T16:13:31Z
2023-11-04T00:00:00Z,2023-11-04T01:00:00+0100,32.06,EUR/MWh,NL,NL,day_ahead_price,value,2026-08-05T16:13:31Z
2023-11-04T01:00:00Z,2023-11-04T02:00:00+0100,30.0,EUR/MWh,NL,NL,day_ahead_price,value,2026-08-05T16:13:31Z
2023-11-04T02:00:00Z,2023-11-04T03:00:00+0100,22.01,EUR/MWh,NL,NL,day_ahead_price,value,2026-08-05T16:13:31Z
2023-11-04T03:00:00Z,2023-11-04T04:00:00+0100,19.19,EUR/MWh,NL,NL,day_ahead_price,value,2026-08-05T16:13:31Z
2023-11-04T04:00:00Z,2023-11-04T05:00:00+0100,15.4,EUR/MWh,NL,NL,day_ahead_price,value,2026-08-05T16:13:31Z
2023-11-04T05:00:00Z,2023-11-04T06:00:00+0100,16.13,EUR/MWh,NL,NL,day_ahead_price,value,2026-08-05T16:13:31Z
2023-11-04T06:00:00Z,2023-11-04T07:00:00+0100,25.08,EUR/MWh,NL,NL,day_ahead_price,value,2026-08-05T16:13:31Z
2023-11-04T07:00:00Z,2023-11-04T08:00:00+0100,25.85,EUR/MWh,NL,NL,day_ahead_price,value,2026-08-05T16:13:31Z
2023-11-04T08:00:00Z,2023-11-04T09:00:00+0100,20.0,EUR/MWh,NL,NL,day_ahead_price,value,2026-08-05T16:13:31Z
2023-11-04T09:00:00Z,2023-11-04T10:00:00+0100,13.95,EUR/MWh,NL,NL,day_ahead_price,value,2026-08-05T16:13:31Z
2023-11-04T10:00:00Z,2023-11-04T11:00:00+0100,15.2,EUR/MWh,NL,NL,day_ahead_price,value,2026-08-05T16:13:31Z
2023-11-04T11:00:00Z,2023-11-04T12:00:00+0100,20.0,EUR/MWh,NL,NL,day_ahead_price,value,2026-08-05T16:13:31Z
2023-11-04T12:00:00Z,2023-11-04T13:00:00+0100,21.14,EUR/MWh,NL,NL,day_ahead_price,value,2026-08-05T16:13:31Z
2023-11-04T13:00:00Z,2023-11-04T14:00:00+0100,30.79,EUR/MWh,NL,NL,day_ahead_price,value,2026-08-05T16:13:31Z
2023-11-04T14:00:00Z,2023-11-04T15:00:00+0100,42.69,EUR/MWh,NL,NL,day_ahead_price,value,2026-08-05T16:13:31Z
2023-11-04T15:00:00Z,2023-11-04T16:00:00+0100,40.0,EUR/MWh,NL,NL,day_ahead_price,value,2026-08-05T16:13:31Z
2023-11-04T16:00:00Z,2023-11-04T17:00:00+0100,59.0,EUR/MWh,NL,NL,day_ahead_price,value,2026-08-05T16:13:31Z
2023-11-04T17:00:00Z,2023-11-04T18:00:00+0100,57.81,EUR/MWh,NL,NL,day_ahead_price,value,2026-08-05T16:13:31Z
2023-11-04T18:00:00Z,2023-11-04T19:00:00+0100,53.3,EUR/MWh,NL,NL,day_ahead_price,value,2026-08-05T16:13:31Z
2023-11-04T19:00:00Z,2023-11-04T20:00:00+0100,50.0,EUR/MWh,NL,NL,day_ahead_price,value,2026-08-05T16:13:31Z
2023-11-04T20:00:00Z,2023-11-04T21:00:00+0100,34.09,EUR/MWh,NL,NL,day_ahead_price,value,2026-08-05T16:13:31Z
2023-11-04T21:00:00Z,2023-11-04T22:00:00+0100,11.73,EUR/MWh,NL,NL,day_ahead_price,value,2026-08-05T16:13:31Z
2023-11-04T22:00:00Z,2023-11-04T23:00:00+0100,7.05,EUR/MWh,NL,NL,day_ahead_price,value,2026-08-05T16:13:31Z
2023-11-04T23:00:00Z,2023-11-05T00:00:00+0100,8.71,EUR/MWh,NL,NL,day_ahead_price,value,2026-08-05T16:13:31Z
2023-11-05T00:00:00Z,2023-11-05T01:00:00+0100,6.59,EUR/MWh,NL,NL,day_ahead_price,value,2026-08-05T16:13:31Z
2023-11-05T01:00:00Z,2023-11-05T02:00:00+0100,5.18,EUR/MWh,NL,NL,day_ahead_price,value,2026-08-05T16:13:31Z
2023-11-05T02:00:00Z,2023-11-05T03:00:00+0100,2.98,EUR/MWh,NL,NL,day_ahead_price,value,2026-08-05T16:13:31Z
2023-11-05T03:00:00Z,2023-11-05T04:00:00+0100,4.24,EUR/MWh,NL,NL,day_ahead_price,value,2026-08-05T16:13:31Z
2023-11-05T04:00:00Z,2023-11-05T05:00:00+0100,7.99,EUR/MWh,NL,NL,day_ahead_price,value,2026-08-05T16:13:31Z
2023-11-05T05:00:00Z,2023-11-05T06:00:00+0100,16.49,EUR/MWh,NL,NL,day_ahead_price,value,2026-08-05T16:13:31Z
2023-11-05T06:00:00Z,2023-11-05T07:00:00+0100,55.1,EUR/MWh,NL,NL,day_ahead_price,value,2026-08-05T16:13:31Z
2023-11-05T07:00:00Z,2023-11-05T08:00:00+0100,60.0,EUR/MWh,NL,NL,day_ahead_price,value,2026-08-05T16:13:31Z
2023-11-05T08:00:00Z,2023-11-05T09:00:00+0100,51.47,EUR/MWh,NL,NL,day_ahead_price,value,2026-08-05T16:13:31Z
2023-11-05T09:00:00Z,2023-11-05T10:00:00+0100,42.83,EUR/MWh,NL,NL,day_ahead_price,value,2026-08-05T16:13:31Z
2023-11-05T10:00:00Z,2023-11-05T11:00:00+0100,43.45,EUR/MWh,NL,NL,day_ahead_price,value,2026-08-05T16:13:31Z
2023-11-05T11:00:00Z,2023-11-05T12:00:00+0100,39.88,EUR/MWh,NL,NL,day_ahead_price,value,2026-08-05T16:13:31Z
2023-11-05T12:00:00Z,2023-11-05T13:00:00+0100,26.39,EUR/MWh,NL,NL,day_ahead_price,value,2026-08-05T16:13:31Z
2023-11-05T13:00:00Z,2023-11-05T14:00:00+0100,33.37,EUR/MWh,NL,NL,day_ahead_price,value,2026-08-05T16:13:31Z
2023-11-05T14:00:00Z,2023-11-05T15:00:00+0100,51.29,EUR/MWh,NL,NL,day_ahead_price,value,2026-08-05T16:13:31Z
2023-11-05T15:00:00Z,2023-11-05T16:00:00+0100,63.09,EUR/MWh,NL,NL,day_ahead_price,value,2026-08-05T16:13:31Z
2023-11-05T16:00:00Z,2023-11-05T17:00:00+0100,74.91,EUR/MWh,NL,NL,day_ahead_price,value,2026-08-05T16:13:31Z
2023-11-05T17:00:00Z,2023-11-05T18:00:00+0100,72.71,EUR/MWh,NL,NL,day_ahead_price,value,2026-08-05T16:13:31Z
2023-11-05T18:00:00Z,2023-11-05T19:00:00+0100,59.21,EUR/MWh,NL,NL,day_ahead_price,value,2026-08-05T16:13:31Z
2023-11-05T19:00:00Z,2023-11-05T20:00:00+0100,50.1,EUR/MWh,NL,NL,day_ahead_price,value,2026-08-05T16:13:31Z
2023-11-05T20:00:00Z,2023-11-05T21:00:00+0100,51.55,EUR/MWh,NL,NL,day_ahead_price,value,2026-08-05T16:13:31Z
2023-11-05T21:00:00Z,2023-11-05T22:00:00+0100,50.1,EUR/MWh,NL,NL,day_ahead_price,value,2026-08-05T16:13:31Z
2023-11-05T22:00:00Z,2023-11-05T23:00:00+0100,45.89,EUR/MWh,NL,NL,day_ahead_price,value,2026-08-05T16:13:31Z
2023-11-05T23:00:00Z,2023-11-06T00:00:00+0100,47.24,EUR/MWh,NL,NL,day_ahead_price,value,2026-08-05T16:13:31Z
2023-11-06T00:00:00Z,2023-11-06T01:00:00+0100,31.89,EUR/MWh,NL,NL,day_ahead_price,value,2026-08-05T16:13:31Z
2023-11-06T01:00:00Z,2023-11-06T02:00:00+0100,16.75,EUR/MWh,NL,NL,day_ahead_price,value,2026-08-05T16:13:31Z
2023-11-06T02:00:00Z,2023-11-06T03:00:00+0100,6.78,EUR/MWh,NL,NL,day_ahead_price,value,2026-08-05T16:13:31Z
2023-11-06T03:00:00Z,2023-11-06T04:00:00+0100,4.3,EUR/MWh,NL,NL,day_ahead_price,value,2026-08-05T16:13:31Z
2023-11-06T04:00:00Z,2023-11-06T05:00:00+0100,16.93,EUR/MWh,NL,NL,day_ahead_price,value,2026-08-05T16:13:31Z
2023-11-06T05:00:00Z,2023-11-06T06:00:00+0100,72.75,EUR/MWh,NL,NL,day_ahead_price,value,2026-08-05T16:13:31Z
2023-11-06T06:00:00Z,2023-11-06T07:00:00+0100,96.21,EUR/MWh,NL,NL,day_ahead_price,value,2026-08-05T16:13:31Z
2023-11-06T07:00:00Z,2023-11-06T08:00:00+0100,104.47,EUR/MWh,NL,NL,day_ahead_price,value,2026-08-05T16:13:31Z
2023-11-06T08:00:00Z,2023-11-06T09:00:00+0100,86.0,EUR/MWh,NL,NL,day_ahead_price,value,2026-08-05T16:13:31Z
2023-11-06T09:00:00Z,2023-11-06T10:00:00+0100,63.99,EUR/MWh,NL,NL,day_ahead_price,value,2026-08-05T16:13:31Z
2023-11-06T10:00:00Z,2023-11-06T11:00:00+0100,60.15,EUR/MWh,NL,NL,day_ahead_price,value,2026-08-05T16:13:31Z
2023-11-06T11:00:00Z,2023-11-06T12:00:00+0100,58.05,EUR/MWh,NL,NL,day_ahead_price,value,2026-08-05T16:13:31Z
2023-11-06T12:00:00Z,2023-11-06T13:00:00+0100,66.98,EUR/MWh,NL,NL,day_ahead_price,value,2026-08-05T16:13:31Z
2023-11-06T13:00:00Z,2023-11-06T14:00:00+0100,80.34,EUR/MWh,NL,NL,day_ahead_price,value,2026-08-05T16:13:31Z
2023-11-06T14:00:00Z,2023-11-06T15:00:00+0100,100.0,EUR/MWh,NL,NL,day_ahead_price,value,2026-08-05T16:13:31Z
2023-11-06T15:00:00Z,2023-11-06T16:00:00+0100,112.46,EUR/MWh,NL,NL,day_ahead_price,value,2026-08-05T16:13:31Z
2023-11-06T16:00:00Z,2023-11-06T17:00:00+0100,138.0,EUR/MWh,NL,NL,day_ahead_price,value,2026-08-05T16:13:31Z
2023-11-06T17:00:00Z,2023-11-06T18:00:00+0100,151.19,EUR/MWh,NL,NL,day_ahead_price,value,2026-08-05T16:13:31Z
2023-11-06T18:00:00Z,2023-11-06T19:00:00+0100,139.77,EUR/MWh,NL,NL,day_ahead_price,value,2026-08-05T16:13:31Z
2023-11-06T19:00:00Z,2023-11-06T20:00:00+0100,111.49,EUR/MWh,NL,NL,day_ahead_price,value,2026-08-05T16:13:31Z
2023-11-06T20:00:00Z,2023-11-06T21:00:00+0100,105.92,EUR/MWh,NL,NL,day_ahead_price,value,2026-08-05T16:13:31Z
2023-11-06T21:00:00Z,2023-11-06T22:00:00+0100,99.27,EUR/MWh,NL,NL,day_ahead_price,value,2026-08-05T16:13:31Z
2023-11-06T22:00:00Z,2023-11-06T23:00:00+0100,92.0,EUR/MWh,NL,NL,day_ahead_price,value,2026-08-05T16:13:31Z
2023-11-06T23:00:00Z,2023-11-07T00:00:00+0100,92.07,EUR/MWh,NL,NL,day_ahead_price,value,2026-08-05T16:13:53Z
2023-11-07T00:00:00Z,2023-11-07T01:00:00+0100,76.38,EUR/MWh,NL,NL,day_ahead_price,value,2026-08-05T16:13:53Z
2023-11-07T01:00:00Z,2023-11-07T02:00:00+0100,71.18,EUR/MWh,NL,NL,day_ahead_price,value,2026-08-05T16:13:53Z
2023-11-07T02:00:00Z,2023-11-07T03:00:00+0100,68.01,EUR/MWh,NL,NL,day_ahead_price,value,2026-08-05T16:13:53Z
2023-11-07T03:00:00Z,2023-11-07T04:00:00+0100,70.25,EUR/MWh,NL,NL,day_ahead_price,value,2026-08-05T16:13:53Z
2023-11-07T04:00:00Z,2023-11-07T05:00:00+0100,83.41,EUR/MWh,NL,NL,day_ahead_price,value,2026-08-05T16:13:53Z
2023-11-07T05:00:00Z,2023-11-07T06:00:00+0100,101.49,EUR/MWh,NL,NL,day_ahead_price,value,2026-08-05T16:13:53Z
2023-11-07T06:00:00Z,2023-11-07T07:00:00+0100,132.93,EUR/MWh,NL,NL,day_ahead_price,value,2026-08-05T16:13:53Z
2023-11-07T07:00:00Z,2023-11-07T08:00:00+0100,136.45,EUR/MWh,NL,NL,day_ahead_price,value,2026-08-05T16:13:53Z
2023-11-07T08:00:00Z,2023-11-07T09:00:00+0100,127.0,EUR/MWh,NL,NL,day_ahead_price,value,2026-08-05T16:13:53Z
2023-11-07T09:00:00Z,2023-11-07T10:00:00+0100,99.55,EUR/MWh,NL,NL,day_ahead_price,value,2026-08-05T16:13:53Z
2023-11-07T10:00:00Z,2023-11-07T11:00:00+0100,89.03,EUR/MWh,NL,NL,day_ahead_price,value,2026-08-05T16:13:53Z
2023-11-07T11:00:00Z,2023-11-07T12:00:00+0100,86.21,EUR/MWh,NL,NL,day_ahead_price,value,2026-08-05T16:13:53Z
2023-11-07T12:00:00Z,2023-11-07T13:00:00+0100,88.79,EUR/MWh,NL,NL,day_ahead_price,value,2026-08-05T16:13:53Z
2023-11-07T13:00:00Z,2023-11-07T14:00:00+0100,97.9,EUR/MWh,NL,NL,day_ahead_price,value,2026-08-05T16:13:53Z
2023-11-07T14:00:00Z,2023-11-07T15:00:00+0100,108.4,EUR/MWh,NL,NL,day_ahead_price,value,2026-08-05T16:13:53Z
2023-11-07T15:00:00Z,2023-11-07T16:00:00+0100,113.24,EUR/MWh,NL,NL,day_ahead_price,value,2026-08-05T16:13:53Z
2023-11-07T16:00:00Z,2023-11-07T17:00:00+0100,137.18,EUR/MWh,NL,NL,day_ahead_price,value,2026-08-05T16:13:53Z
2023-11-07T17:00:00Z,2023-11-07T18:00:00+0100,149.7,EUR/MWh,NL,NL,day_ahead_price,value,2026-08-05T16:13:53Z
2023-11-07T18:00:00Z,2023-11-07T19:00:00+0100,132.8,EUR/MWh,NL,NL,day_ahead_price,value,2026-08-05T16:13:53Z
2023-11-07T19:00:00Z,2023-11-07T20:00:00+0100,105.1,EUR/MWh,NL,NL,day_ahead_price,value,2026-08-05T16:13:53Z
2023-11-07T20:00:00Z,2023-11-07T21:00:00+0100,92.98,EUR/MWh,NL,NL,day_ahead_price,value,2026-08-05T16:13:53Z
2023-11-07T21:00:00Z,2023-11-07T22:00:00+0100,99.59,EUR/MWh,NL,NL,day_ahead_price,value,2026-08-05T16:13:53Z
2023-11-07T22:00:00Z,2023-11-07T23:00:00+0100,98.46,EUR/MWh,NL,NL,day_ahead_price,value,2026-08-05T16:13:53Z
2023-11-07T23:00:00Z,2023-11-08T00:00:00+0100,94.0,EUR/MWh,NL,NL,day_ahead_price,value,2026-08-05T16:13:53Z
2023-11-08T00:00:00Z,2023-11-08T01:00:00+0100,86.56,EUR/MWh,NL,NL,day_ahead_price,value,2026-08-05T16:13:53Z
2023-11-08T01:00:00Z,2023-11-08T02:00:00+0100,70.95,EUR/MWh,NL,NL,day_ahead_price,value,2026-08-05T16:13:53Z
2023-11-08T02:00:00Z,2023-11-08T03:00:00+0100,64.47,EUR/MWh,NL,NL,day_ahead_price,value,2026-08-05T16:13:53Z
2023-11-08T03:00:00Z,2023-11-08T04:00:00+0100,66.76,EUR/MWh,NL,NL,day_ahead_price,value,2026-08-05T16:13:53Z
2023-11-08T04:00:00Z,2023-11-08T05:00:00+0100,75.01,EUR/MWh,NL,NL,day_ahead_price,value,2026-08-05T16:13:53Z
2023-11-08T05:00:00Z,2023-11-08T06:00:00+0100,84.61,EUR/MWh,NL,NL,day_ahead_price,value,2026-08-05T16:13:53Z
2023-11-08T06:00:00Z,2023-11-08T07:00:00+0100,107.68,EUR/MWh,NL,NL,day_ahead_price,value,2026-08-05T16:13:53Z
2023-11-08T07:00:00Z,2023-11-08T08:00:00+0100,111.47,EUR/MWh,NL,NL,day_ahead_price,value,2026-08-05T16:13:53Z
2023-11-08T08:00:00Z,2023-11-08T09:00:00+0100,93.73,EUR/MWh,NL,NL,day_ahead_price,value,2026-08-05T16:13:53Z
2023-11-08T09:00:00Z,2023-11-08T10:00:00+0100,85.1,EUR/MWh,NL,NL,day_ahead_price,value,2026-08-05T16:13:53Z
2023-11-08T10:00:00Z,2023-11-08T11:00:00+0100,78.85,EUR/MWh,NL,NL,day_ahead_price,value,2026-08-05T16:13:53Z
2023-11-08T11:00:00Z,2023-11-08T12:00:00+0100,76.0,EUR/MWh,NL,NL,day_ahead_price,value,2026-08-05T16:13:53Z
2023-11-08T12:00:00Z,2023-11-08T13:00:00+0100,76.28,EUR/MWh,NL,NL,day_ahead_price,value,2026-08-05T16:13:53Z
2023-11-08T13:00:00Z,2023-11-08T14:00:00+0100,83.23,EUR/MWh,NL,NL,day_ahead_price,value,2026-08-05T16:13:53Z
2023-11-08T14:00:00Z,2023-11-08T15:00:00+0100,104.7,EUR/MWh,NL,NL,day_ahead_price,value,2026-08-05T16:13:53Z
2023-11-08T15:00:00Z,2023-11-08T16:00:00+0100,113.54,EUR/MWh,NL,NL,day_ahead_price,value,2026-08-05T16:13:53Z
2023-11-08T16:00:00Z,2023-11-08T17:00:00+0100,119.14,EUR/MWh,NL,NL,day_ahead_price,value,2026-08-05T16:13:53Z
2023-11-08T17:00:00Z,2023-11-08T18:00:00+0100,127.14,EUR/MWh,NL,NL,day_ahead_price,value,2026-08-05T16:13:53Z
2023-11-08T18:00:00Z,2023-11-08T19:00:00+0100,121.0,EUR/MWh,NL,NL,day_ahead_price,value,2026-08-05T16:13:53Z
2023-11-08T19:00:00Z,2023-11-08T20:00:00+0100,109.9,EUR/MWh,NL,NL,day_ahead_price,value,2026-08-05T16:13:53Z
2023-11-08T20:00:00Z,2023-11-08T21:00:00+0100,107.0,EUR/MWh,NL,NL,day_ahead_price,value,2026-08-05T16:13:53Z
2023-11-08T21:00:00Z,2023-11-08T22:00:00+0100,104.0,EUR/MWh,NL,NL,day_ahead_price,value,2026-08-05T16:13:53Z
2023-11-08T22:00:00Z,2023-11-08T23:00:00+0100,101.65,EUR/MWh,NL,NL,day_ahead_price,value,2026-08-05T16:13:53Z
2023-11-08T23:00:00Z,2023-11-09T00:00:00+0100,89.2,EUR/MWh,NL,NL,day_ahead_price,value,2026-08-05T16:13:53Z
2023-11-09T00:00:00Z,2023-11-09T01:00:00+0100,99.03,EUR/MWh,NL,NL,day_ahead_price,value,2026-08-05T16:13:53Z
2023-11-09T01:00:00Z,2023-11-09T02:00:00+0100,93.01,EUR/MWh,NL,NL,day_ahead_price,value,2026-08-05T16:13:53Z
2023-11-09T02:00:00Z,2023-11-09T03:00:00+0100,90.0,EUR/MWh,NL,NL,day_ahead_price,value,2026-08-05T16:13:53Z
2023-11-09T03:00:00Z,2023-11-09T04:00:00+0100,91.19,EUR/MWh,NL,NL,day_ahead_price,value,2026-08-05T16:13:53Z
2023-11-09T04:00:00Z,2023-11-09T05:00:00+0100,88.3,EUR/MWh,NL,NL,day_ahead_price,value,2026-08-05T16:13:53Z
2023-11-09T05:00:00Z,2023-11-09T06:00:00+0100,109.61,EUR/MWh,NL,NL,day_ahead_price,value,2026-08-05T16:13:53Z
2023-11-09T06:00:00Z,2023-11-09T07:00:00+0100,120.06,EUR/MWh,NL,NL,day_ahead_price,value,2026-08-05T16:13:53Z
2023-11-09T07:00:00Z,2023-11-09T08:00:00+0100,139.97,EUR/MWh,NL,NL,day_ahead_price,value,2026-08-05T16:13:53Z
2023-11-09T08:00:00Z,2023-11-09T09:00:00+0100,130.0,EUR/MWh,NL,NL,day_ahead_price,value,2026-08-05T16:13:53Z
2023-11-09T09:00:00Z,2023-11-09T10:00:00+0100,100.08,EUR/MWh,NL,NL,day_ahead_price,value,2026-08-05T16:13:53Z
2023-11-09T10:00:00Z,2023-11-09T11:00:00+0100,95.0,EUR/MWh,NL,NL,day_ahead_price,value,2026-08-05T16:13:53Z
2023-11-09T11:00:00Z,2023-11-09T12:00:00+0100,90.16,EUR/MWh,NL,NL,day_ahead_price,value,2026-08-05T16:13:53Z
2023-11-09T12:00:00Z,2023-11-09T13:00:00+0100,92.32,EUR/MWh,NL,NL,day_ahead_price,value,2026-08-05T16:13:53Z
2023-11-09T13:00:00Z,2023-11-09T14:00:00+0100,100.61,EUR/MWh,NL,NL,day_ahead_price,value,2026-08-05T16:13:53Z
2023-11-09T14:00:00Z,2023-11-09T15:00:00+0100,116.18,EUR/MWh,NL,NL,day_ahead_price,value,2026-08-05T16:13:53Z
2023-11-09T15:00:00Z,2023-11-09T16:00:00+0100,120.25,EUR/MWh,NL,NL,day_ahead_price,value,2026-08-05T16:13:53Z
2023-11-09T16:00:00Z,2023-11-09T17:00:00+0100,131.88,EUR/MWh,NL,NL,day_ahead_price,value,2026-08-05T16:13:53Z
2023-11-09T17:00:00Z,2023-11-09T18:00:00+0100,128.6,EUR/MWh,NL,NL,day_ahead_price,value,2026-08-05T16:13:53Z
2023-11-09T18:00:00Z,2023-11-09T19:00:00+0100,112.14,EUR/MWh,NL,NL,day_ahead_price,value,2026-08-05T16:13:53Z
2023-11-09T19:00:00Z,2023-11-09T20:00:00+0100,100.0,EUR/MWh,NL,NL,day_ahead_price,value,2026-08-05T16:13:53Z
2023-11-09T20:00:00Z,2023-11-09T21:00:00+0100,88.0,EUR/MWh,NL,NL,day_ahead_price,value,2026-08-05T16:13:53Z
2023-11-09T21:00:00Z,2023-11-09T22:00:00+0100,84.04,EUR/MWh,NL,NL,day_ahead_price,value,2026-08-05T16:13:53Z
2023-11-09T22:00:00Z,2023-11-09T23:00:00+0100,74.36,EUR/MWh,NL,NL,day_ahead_price,value,2026-08-05T16:13:53Z
2023-11-09T23:00:00Z,2023-11-10T00:00:00+0100,64.08,EUR/MWh,NL,NL,day_ahead_price,value,2026-08-05T16:13:53Z
2023-11-10T00:00:00Z,2023-11-10T01:00:00+0100,59.73,EUR/MWh,NL,NL,day_ahead_price,value,2026-08-05T16:13:53Z
2023-11-10T01:00:00Z,2023-11-10T02:00:00+0100,53.74,EUR/MWh,NL,NL,day_ahead_price,value,2026-08-05T16:13:53Z
2023-11-10T02:00:00Z,2023-11-10T03:00:00+0100,48.36,EUR/MWh,NL,NL,day_ahead_price,value,2026-08-05T16:13:53Z
2023-11-10T03:00:00Z,2023-11-10T04:00:00+0100,50.0,EUR/MWh,NL,NL,day_ahead_price,value,2026-08-05T16:13:53Z
2023-11-10T04:00:00Z,2023-11-10T05:00:00+0100,66.98,EUR/MWh,NL,NL,day_ahead_price,value,2026-08-05T16:13:53Z
2023-11-10T05:00:00Z,2023-11-10T06:00:00+0100,84.25,EUR/MWh,NL,NL,day_ahead_price,value,2026-08-05T16:13:53Z
2023-11-10T06:00:00Z,2023-11-10T07:00:00+0100,106.73,EUR/MWh,NL,NL,day_ahead_price,value,2026-08-05T16:13:53Z
2023-11-10T07:00:00Z,2023-11-10T08:00:00+0100,113.0,EUR/MWh,NL,NL,day_ahead_price,value,2026-08-05T16:13:53Z
2023-11-10T08:00:00Z,2023-11-10T09:00:00+0100,116.37,EUR/MWh,NL,NL,day_ahead_price,value,2026-08-05T16:13:53Z
2023-11-10T09:00:00Z,2023-11-10T10:00:00+0100,105.8,EUR/MWh,NL,NL,day_ahead_price,value,2026-08-05T16:13:53Z
2023-11-10T10:00:00Z,2023-11-10T11:00:00+0100,98.0,EUR/MWh,NL,NL,day_ahead_price,value,2026-08-05T16:13:53Z
2023-11-10T11:00:00Z,2023-11-10T12:00:00+0100,91.8,EUR/MWh,NL,NL,day_ahead_price,value,2026-08-05T16:13:53Z
2023-11-10T12:00:00Z,2023-11-10T13:00:00+0100,100.0,EUR/MWh,NL,NL,day_ahead_price,value,2026-08-05T16:13:53Z
2023-11-10T13:00:00Z,2023-11-10T14:00:00+0100,96.24,EUR/MWh,NL,NL,day_ahead_price,value,2026-08-05T16:13:53Z
2023-11-10T14:00:00Z,2023-11-10T15:00:00+0100,110.67,EUR/MWh,NL,NL,day_ahead_price,value,2026-08-05T16:13:53Z
2023-11-10T15:00:00Z,2023-11-10T16:00:00+0100,121.07,EUR/MWh,NL,NL,day_ahead_price,value,2026-08-05T16:13:53Z
2023-11-10T16:00:00Z,2023-11-10T17:00:00+0100,135.15,EUR/MWh,NL,NL,day_ahead_price,value,2026-08-05T16:13:53Z
2023-11-10T17:00:00Z,2023-11-10T18:00:00+0100,135.1,EUR/MWh,NL,NL,day_ahead_price,value,2026-08-05T16:13:53Z
2023-11-10T18:00:00Z,2023-11-10T19:00:00+0100,123.58,EUR/MWh,NL,NL,day_ahead_price,value,2026-08-05T16:13:53Z
2023-11-10T19:00:00Z,2023-11-10T20:00:00+0100,112.93,EUR/MWh,NL,NL,day_ahead_price,value,2026-08-05T16:13:53Z
2023-11-10T20:00:00Z,2023-11-10T21:00:00+0100,105.1,EUR/MWh,NL,NL,day_ahead_price,value,2026-08-05T16:13:53Z
2023-11-10T21:00:00Z,2023-11-10T22:00:00+0100,103.97,EUR/MWh,NL,NL,day_ahead_price,value,2026-08-05T16:13:53Z
2023-11-10T22:00:00Z,2023-11-10T23:00:00+0100,93.2,EUR/MWh,NL,NL,day_ahead_price,value,2026-08-05T16:13:53Z
2023-11-10T23:00:00Z,2023-11-11T00:00:00+0100,87.3,EUR/MWh,NL,NL,day_ahead_price,value,2026-08-05T16:13:53Z
2023-11-11T00:00:00Z,2023-11-11T01:00:00+0100,85.89,EUR/MWh,NL,NL,day_ahead_price,value,2026-08-05T16:13:53Z
2023-11-11T01:00:00Z,2023-11-11T02:00:00+0100,85.88,EUR/MWh,NL,NL,day_ahead_price,value,2026-08-05T16:13:53Z
2023-11-11T02:00:00Z,2023-11-11T03:00:00+0100,83.21,EUR/MWh,NL,NL,day_ahead_price,value,2026-08-05T16:13:53Z
2023-11-11T03:00:00Z,2023-11-11T04:00:00+0100,82.71,EUR/MWh,NL,NL,day_ahead_price,value,2026-08-05T16:13:53Z
2023-11-11T04:00:00Z,2023-11-11T05:00:00+0100,85.44,EUR/MWh,NL,NL,day_ahead_price,value,2026-08-05T16:13:53Z
2023-11-11T05:00:00Z,2023-11-11T06:00:00+0100,86.3,EUR/MWh,NL,NL,day_ahead_price,value,2026-08-05T16:13:53Z
2023-11-11T06:00:00Z,2023-11-11T07:00:00+0100,88.0,EUR/MWh,NL,NL,day_ahead_price,value,2026-08-05T16:13:53Z
2023-11-11T07:00:00Z,2023-11-11T08:00:00+0100,92.0,EUR/MWh,NL,NL,day_ahead_price,value,2026-08-05T16:13:53Z
2023-11-11T08:00:00Z,2023-11-11T09:00:00+0100,94.89,EUR/MWh,NL,NL,day_ahead_price,value,2026-08-05T16:13:53Z
2023-11-11T09:00:00Z,2023-11-11T10:00:00+0100,91.28,EUR/MWh,NL,NL,day_ahead_price,value,2026-08-05T16:13:53Z
2023-11-11T10:00:00Z,2023-11-11T11:00:00+0100,90.22,EUR/MWh,NL,NL,day_ahead_price,value,2026-08-05T16:13:53Z
2023-11-11T11:00:00Z,2023-11-11T12:00:00+0100,87.94,EUR/MWh,NL,NL,day_ahead_price,value,2026-08-05T16:13:53Z
2023-11-11T12:00:00Z,2023-11-11T13:00:00+0100,87.8,EUR/MWh,NL,NL,day_ahead_price,value,2026-08-05T16:13:53Z
2023-11-11T13:00:00Z,2023-11-11T14:00:00+0100,91.5,EUR/MWh,NL,NL,day_ahead_price,value,2026-08-05T16:13:53Z
2023-11-11T14:00:00Z,2023-11-11T15:00:00+0100,102.87,EUR/MWh,NL,NL,day_ahead_price,value,2026-08-05T16:13:53Z
2023-11-11T15:00:00Z,2023-11-11T16:00:00+0100,115.74,EUR/MWh,NL,NL,day_ahead_price,value,2026-08-05T16:13:53Z
2023-11-11T16:00:00Z,2023-11-11T17:00:00+0100,127.98,EUR/MWh,NL,NL,day_ahead_price,value,2026-08-05T16:13:53Z
2023-11-11T17:00:00Z,2023-11-11T18:00:00+0100,135.76,EUR/MWh,NL,NL,day_ahead_price,value,2026-08-05T16:13:53Z
2023-11-11T18:00:00Z,2023-11-11T19:00:00+0100,124.47,EUR/MWh,NL,NL,day_ahead_price,value,2026-08-05T16:13:53Z
2023-11-11T19:00:00Z,2023-11-11T20:00:00+0100,113.51,EUR/MWh,NL,NL,day_ahead_price,value,2026-08-05T16:13:53Z
2023-11-11T20:00:00Z,2023-11-11T21:00:00+0100,102.58,EUR/MWh,NL,NL,day_ahead_price,value,2026-08-05T16:13:53Z
2023-11-11T21:00:00Z,2023-11-11T22:00:00+0100,92.38,EUR/MWh,NL,NL,day_ahead_price,value,2026-08-05T16:13:53Z
2023-11-11T22:00:00Z,2023-11-11T23:00:00+0100,87.41,EUR/MWh,NL,NL,day_ahead_price,value,2026-08-05T16:13:53Z
2023-11-11T23:00:00Z,2023-11-12T00:00:00+0100,89.58,EUR/MWh,NL,NL,day_ahead_price,value,2026-08-05T16:13:53Z
2023-11-12T00:00:00Z,2023-11-12T01:00:00+0100,85.36,EUR/MWh,NL,NL,day_ahead_price,value,2026-08-05T16:13:53Z
2023-11-12T01:00:00Z,2023-11-12T02:00:00+0100,85.37,EUR/MWh,NL,NL,day_ahead_price,value,2026-08-05T16:13:53Z
2023-11-12T02:00:00Z,2023-11-12T03:00:00+0100,84.4,EUR/MWh,NL,NL,day_ahead_price,value,2026-08-05T16:13:53Z
2023-11-12T03:00:00Z,2023-11-12T04:00:00+0100,86.76,EUR/MWh,NL,NL,day_ahead_price,value,2026-08-05T16:13:53Z
2023-11-12T04:00:00Z,2023-11-12T05:00:00+0100,88.32,EUR/MWh,NL,NL,day_ahead_price,value,2026-08-05T16:13:53Z
2023-11-12T05:00:00Z,2023-11-12T06:00:00+0100,87.25,EUR/MWh,NL,NL,day_ahead_price,value,2026-08-05T16:13:53Z
2023-11-12T06:00:00Z,2023-11-12T07:00:00+0100,87.28,EUR/MWh,NL,NL,day_ahead_price,value,2026-08-05T16:13:53Z
2023-11-12T07:00:00Z,2023-11-12T08:00:00+0100,88.04,EUR/MWh,NL,NL,day_ahead_price,value,2026-08-05T16:13:53Z
2023-11-12T08:00:00Z,2023-11-12T09:00:00+0100,89.75,EUR/MWh,NL,NL,day_ahead_price,value,2026-08-05T16:13:53Z
2023-11-12T09:00:00Z,2023-11-12T10:00:00+0100,88.66,EUR/MWh,NL,NL,day_ahead_price,value,2026-08-05T16:13:53Z
2023-11-12T10:00:00Z,2023-11-12T11:00:00+0100,86.62,EUR/MWh,NL,NL,day_ahead_price,value,2026-08-05T16:13:53Z
2023-11-12T11:00:00Z,2023-11-12T12:00:00+0100,88.09,EUR/MWh,NL,NL,day_ahead_price,value,2026-08-05T16:13:53Z
2023-11-12T12:00:00Z,2023-11-12T13:00:00+0100,90.0,EUR/MWh,NL,NL,day_ahead_price,value,2026-08-05T16:13:53Z
2023-11-12T13:00:00Z,2023-11-12T14:00:00+0100,94.97,EUR/MWh,NL,NL,day_ahead_price,value,2026-08-05T16:13:53Z
2023-11-12T14:00:00Z,2023-11-12T15:00:00+0100,110.38,EUR/MWh,NL,NL,day_ahead_price,value,2026-08-05T16:13:53Z
2023-11-12T15:00:00Z,2023-11-12T16:00:00+0100,122.51,EUR/MWh,NL,NL,day_ahead_price,value,2026-08-05T16:13:53Z
2023-11-12T16:00:00Z,2023-11-12T17:00:00+0100,141.96,EUR/MWh,NL,NL,day_ahead_price,value,2026-08-05T16:13:53Z
2023-11-12T17:00:00Z,2023-11-12T18:00:00+0100,130.49,EUR/MWh,NL,NL,day_ahead_price,value,2026-08-05T16:13:53Z
2023-11-12T18:00:00Z,2023-11-12T19:00:00+0100,126.0,EUR/MWh,NL,NL,day_ahead_price,value,2026-08-05T16:13:53Z
2023-11-12T19:00:00Z,2023-11-12T20:00:00+0100,116.8,EUR/MWh,NL,NL,day_ahead_price,value,2026-08-05T16:13:53Z
2023-11-12T20:00:00Z,2023-11-12T21:00:00+0100,107.33,EUR/MWh,NL,NL,day_ahead_price,value,2026-08-05T16:13:53Z
2023-11-12T21:00:00Z,2023-11-12T22:00:00+0100,100.14,EUR/MWh,NL,NL,day_ahead_price,value,2026-08-05T16:13:53Z
2023-11-12T22:00:00Z,2023-11-12T23:00:00+0100,88.02,EUR/MWh,NL,NL,day_ahead_price,value,2026-08-05T16:13:53Z
2023-11-12T23:00:00Z,2023-11-13T00:00:00+0100,91.26,EUR/MWh,NL,NL,day_ahead_price,value,2026-08-05T16:13:53Z
2023-11-13T00:00:00Z,2023-11-13T01:00:00+0100,86.82,EUR/MWh,NL,NL,day_ahead_price,value,2026-08-05T16:13:53Z
2023-11-13T01:00:00Z,2023-11-13T02:00:00+0100,87.0,EUR/MWh,NL,NL,day_ahead_price,value,2026-08-05T16:13:53Z
2023-11-13T02:00:00Z,2023-11-13T03:00:00+0100,87.25,EUR/MWh,NL,NL,day_ahead_price,value,2026-08-05T16:13:53Z
2023-11-13T03:00:00Z,2023-11-13T04:00:00+0100,85.28,EUR/MWh,NL,NL,day_ahead_price,value,2026-08-05T16:13:53Z
2023-11-13T04:00:00Z,2023-11-13T05:00:00+0100,88.56,EUR/MWh,NL,NL,day_ahead_price,value,2026-08-05T16:13:53Z
2023-11-13T05:00:00Z,2023-11-13T06:00:00+0100,112.2,EUR/MWh,NL,NL,day_ahead_price,value,2026-08-05T16:13:53Z
2023-11-13T06:00:00Z,2023-11-13T07:00:00+0100,134.21,EUR/MWh,NL,NL,day_ahead_price,value,2026-08-05T16:13:53Z
2023-11-13T07:00:00Z,2023-11-13T08:00:00+0100,145.0,EUR/MWh,NL,NL,day_ahead_price,value,2026-08-05T16:13:53Z
2023-11-13T08:00:00Z,2023-11-13T09:00:00+0100,125.9,EUR/MWh,NL,NL,day_ahead_price,value,2026-08-05T16:13:53Z
2023-11-13T09:00:00Z,2023-11-13T10:00:00+0100,118.86,EUR/MWh,NL,NL,day_ahead_price,value,2026-08-05T16:13:53Z
2023-11-13T10:00:00Z,2023-11-13T11:00:00+0100,116.67,EUR/MWh,NL,NL,day_ahead_price,value,2026-08-05T16:13:53Z
2023-11-13T11:00:00Z,2023-11-13T12:00:00+0100,108.5,EUR/MWh,NL,NL,day_ahead_price,value,2026-08-05T16:13:53Z
2023-11-13T12:00:00Z,2023-11-13T13:00:00+0100,101.61,EUR/MWh,NL,NL,day_ahead_price,value,2026-08-05T16:13:53Z
2023-11-13T13:00:00Z,2023-11-13T14:00:00+0100,88.25,EUR/MWh,NL,NL,day_ahead_price,value,2026-08-05T16:13:53Z
2023-11-13T14:00:00Z,2023-11-13T15:00:00+0100,80.13,EUR/MWh,NL,NL,day_ahead_price,value,2026-08-05T16:13:53Z
2023-11-13T15:00:00Z,2023-11-13T16:00:00+0100,78.67,EUR/MWh,NL,NL,day_ahead_price,value,2026-08-05T16:13:53Z
2023-11-13T16:00:00Z,2023-11-13T17:00:00+0100,91.33,EUR/MWh,NL,NL,day_ahead_price,value,2026-08-05T16:13:53Z
2023-11-13T17:00:00Z,2023-11-13T18:00:00+0100,96.0,EUR/MWh,NL,NL,day_ahead_price,value,2026-08-05T16:13:53Z
2023-11-13T18:00:00Z,2023-11-13T19:00:00+0100,87.6,EUR/MWh,NL,NL,day_ahead_price,value,2026-08-05T16:13:53Z
2023-11-13T19:00:00Z,2023-11-13T20:00:00+0100,76.8,EUR/MWh,NL,NL,day_ahead_price,value,2026-08-05T16:13:53Z
2023-11-13T20:00:00Z,2023-11-13T21:00:00+0100,61.99,EUR/MWh,NL,NL,day_ahead_price,value,2026-08-05T16:13:53Z
2023-11-13T21:00:00Z,2023-11-13T22:00:00+0100,61.48,EUR/MWh,NL,NL,day_ahead_price,value,2026-08-05T16:13:53Z
2023-11-13T22:00:00Z,2023-11-13T23:00:00+0100,30.01,EUR/MWh,NL,NL,day_ahead_price,value,2026-08-05T16:13:53Z
2023-11-13T23:00:00Z,2023-11-14T00:00:00+0100,10.6,EUR/MWh,NL,NL,day_ahead_price,value,2026-08-05T16:13:53Z
2023-11-14T00:00:00Z,2023-11-14T01:00:00+0100,1.48,EUR/MWh,NL,NL,day_ahead_price,value,2026-08-05T16:13:53Z
2023-11-14T01:00:00Z,2023-11-14T02:00:00+0100,0.29,EUR/MWh,NL,NL,day_ahead_price,value,2026-08-05T16:13:53Z
2023-11-14T02:00:00Z,2023-11-14T03:00:00+0100,0.08,EUR/MWh,NL,NL,day_ahead_price,value,2026-08-05T16:13:53Z
2023-11-14T03:00:00Z,2023-11-14T04:00:00+0100,0.32,EUR/MWh,NL,NL,day_ahead_price,value,2026-08-05T16:13:53Z
2023-11-14T04:00:00Z,2023-11-14T05:00:00+0100,1.82,EUR/MWh,NL,NL,day_ahead_price,value,2026-08-05T16:13:53Z
2023-11-14T05:00:00Z,2023-11-14T06:00:00+0100,47.63,EUR/MWh,NL,NL,day_ahead_price,value,2026-08-05T16:13:53Z
2023-11-14T06:00:00Z,2023-11-14T07:00:00+0100,80.03,EUR/MWh,NL,NL,day_ahead_price,value,2026-08-05T16:13:53Z
2023-11-14T07:00:00Z,2023-11-14T08:00:00+0100,96.31,EUR/MWh,NL,NL,day_ahead_price,value,2026-08-05T16:13:53Z
2023-11-14T08:00:00Z,2023-11-14T09:00:00+0100,86.46,EUR/MWh,NL,NL,day_ahead_price,value,2026-08-05T16:13:53Z
2023-11-14T09:00:00Z,2023-11-14T10:00:00+0100,74.8,EUR/MWh,NL,NL,day_ahead_price,value,2026-08-05T16:13:53Z
2023-11-14T10:00:00Z,2023-11-14T11:00:00+0100,72.82,EUR/MWh,NL,NL,day_ahead_price,value,2026-08-05T16:13:53Z
2023-11-14T11:00:00Z,2023-11-14T12:00:00+0100,75.08,EUR/MWh,NL,NL,day_ahead_price,value,2026-08-05T16:13:53Z
2023-11-14T12:00:00Z,2023-11-14T13:00:00+0100,75.22,EUR/MWh,NL,NL,day_ahead_price,value,2026-08-05T16:13:53Z
2023-11-14T13:00:00Z,2023-11-14T14:00:00+0100,86.38,EUR/MWh,NL,NL,day_ahead_price,value,2026-08-05T16:13:53Z
2023-11-14T14:00:00Z,2023-11-14T15:00:00+0100,100.6,EUR/MWh,NL,NL,day_ahead_price,value,2026-08-05T16:13:53Z
2023-11-14T15:00:00Z,2023-11-14T16:00:00+0100,98.91,EUR/MWh,NL,NL,day_ahead_price,value,2026-08-05T16:13:53Z
2023-11-14T16:00:00Z,2023-11-14T17:00:00+0100,132.8,EUR/MWh,NL,NL,day_ahead_price,value,2026-08-05T16:13:53Z
2023-11-14T17:00:00Z,2023-11-14T18:00:00+0100,126.03,EUR/MWh,NL,NL,day_ahead_price,value,2026-08-05T16:13:53Z
2023-11-14T18:00:00Z,2023-11-14T19:00:00+0100,116.97,EUR/MWh,NL,NL,day_ahead_price,value,2026-08-05T16:13:53Z
2023-11-14T19:00:00Z,2023-11-14T20:00:00+0100,100.45,EUR/MWh,NL,NL,day_ahead_price,value,2026-08-05T16:13:53Z
2023-11-14T20:00:00Z,2023-11-14T21:00:00+0100,93.4,EUR/MWh,NL,NL,day_ahead_price,value,2026-08-05T16:13:53Z
2023-11-14T21:00:00Z,2023-11-14T22:00:00+0100,96.16,EUR/MWh,NL,NL,day_ahead_price,value,2026-08-05T16:13:53Z
2023-11-14T22:00:00Z,2023-11-14T23:00:00+0100,85.5,EUR/MWh,NL,NL,day_ahead_price,value,2026-08-05T16:13:53Z
2023-11-14T23:00:00Z,2023-11-15T00:00:00+0100,81.1,EUR/MWh,NL,NL,day_ahead_price,value,2026-08-05T16:13:53Z
2023-11-15T00:00:00Z,2023-11-15T01:00:00+0100,76.42,EUR/MWh,NL,NL,day_ahead_price,value,2026-08-05T16:13:53Z
2023-11-15T01:00:00Z,2023-11-15T02:00:00+0100,72.9,EUR/MWh,NL,NL,day_ahead_price,value,2026-08-05T16:13:53Z
2023-11-15T02:00:00Z,2023-11-15T03:00:00+0100,70.69,EUR/MWh,NL,NL,day_ahead_price,value,2026-08-05T16:13:53Z
2023-11-15T03:00:00Z,2023-11-15T04:00:00+0100,74.45,EUR/MWh,NL,NL,day_ahead_price,value,2026-08-05T16:13:53Z
2023-11-15T04:00:00Z,2023-11-15T05:00:00+0100,81.99,EUR/MWh,NL,NL,day_ahead_price,value,2026-08-05T16:13:53Z
2023-11-15T05:00:00Z,2023-11-15T06:00:00+0100,101.27,EUR/MWh,NL,NL,day_ahead_price,value,2026-08-05T16:13:53Z
2023-11-15T06:00:00Z,2023-11-15T07:00:00+0100,121.36,EUR/MWh,NL,NL,day_ahead_price,value,2026-08-05T16:13:53Z
2023-11-15T07:00:00Z,2023-11-15T08:00:00+0100,126.23,EUR/MWh,NL,NL,day_ahead_price,value,2026-08-05T16:13:53Z
2023-11-15T08:00:00Z,2023-11-15T09:00:00+0100,117.48,EUR/MWh,NL,NL,day_ahead_price,value,2026-08-05T16:13:53Z
2023-11-15T09:00:00Z,2023-11-15T10:00:00+0100,108.46,EUR/MWh,NL,NL,day_ahead_price,value,2026-08-05T16:13:53Z
2023-11-15T10:00:00Z,2023-11-15T11:00:00+0100,96.82,EUR/MWh,NL,NL,day_ahead_price,value,2026-08-05T16:13:53Z
2023-11-15T11:00:00Z,2023-11-15T12:00:00+0100,90.94,EUR/MWh,NL,NL,day_ahead_price,value,2026-08-05T16:13:53Z
2023-11-15T12:00:00Z,2023-11-15T13:00:00+0100,92.46,EUR/MWh,NL,NL,day_ahead_price,value,2026-08-05T16:13:53Z
2023-11-15T13:00:00Z,2023-11-15T14:00:00+0100,94.55,EUR/MWh,NL,NL,day_ahead_price,value,2026-08-05T16:13:53Z
2023-11-15T14:00:00Z,2023-11-15T15:00:00+0100,113.76,EUR/MWh,NL,NL,day_ahead_price,value,2026-08-05T16:13:53Z
2023-11-15T15:00:00Z,2023-11-15T16:00:00+0100,119.21,EUR/MWh,NL,NL,day_ahead_price,value,2026-08-05T16:13:53Z
2023-11-15T16:00:00Z,2023-11-15T17:00:00+0100,126.6,EUR/MWh,NL,NL,day_ahead_price,value,2026-08-05T16:13:53Z
2023-11-15T17:00:00Z,2023-11-15T18:00:00+0100,129.9,EUR/MWh,NL,NL,day_ahead_price,value,2026-08-05T16:13:53Z
2023-11-15T18:00:00Z,2023-11-15T19:00:00+0100,121.08,EUR/MWh,NL,NL,day_ahead_price,value,2026-08-05T16:13:53Z
2023-11-15T19:00:00Z,2023-11-15T20:00:00+0100,109.9,EUR/MWh,NL,NL,day_ahead_price,value,2026-08-05T16:13:53Z
2023-11-15T20:00:00Z,2023-11-15T21:00:00+0100,97.5,EUR/MWh,NL,NL,day_ahead_price,value,2026-08-05T16:13:53Z
2023-11-15T21:00:00Z,2023-11-15T22:00:00+0100,91.66,EUR/MWh,NL,NL,day_ahead_price,value,2026-08-05T16:13:53Z
2023-11-15T22:00:00Z,2023-11-15T23:00:00+0100,84.21,EUR/MWh,NL,NL,day_ahead_price,value,2026-08-05T16:13:53Z
2023-11-15T23:00:00Z,2023-11-16T00:00:00+0100,85.46,EUR/MWh,NL,NL,day_ahead_price,value,2026-08-05T16:13:53Z
2023-11-16T00:00:00Z,2023-11-16T01:00:00+0100,83.4,EUR/MWh,NL,NL,day_ahead_price,value,2026-08-05T16:13:53Z
2023-11-16T01:00:00Z,2023-11-16T02:00:00+0100,95.57,EUR/MWh,NL,NL,day_ahead_price,value,2026-08-05T16:13:53Z
2023-11-16T02:00:00Z,2023-11-16T03:00:00+0100,95.57,EUR/MWh,NL,NL,day_ahead_price,value,2026-08-05T16:13:53Z
2023-11-16T03:00:00Z,2023-11-16T04:00:00+0100,98.3,EUR/MWh,NL,NL,day_ahead_price,value,2026-08-05T16:13:53Z
2023-11-16T04:00:00Z,2023-11-16T05:00:00+0100,103.2,EUR/MWh,NL,NL,day_ahead_price,value,2026-08-05T16:13:53Z
2023-11-16T05:00:00Z,2023-11-16T06:00:00+0100,105.0,EUR/MWh,NL,NL,day_ahead_price,value,2026-08-05T16:13:53Z
2023-11-16T06:00:00Z,2023-11-16T07:00:00+0100,126.9,EUR/MWh,NL,NL,day_ahead_price,value,2026-08-05T16:13:53Z
2023-11-16T07:00:00Z,2023-11-16T08:00:00+0100,129.99,EUR/MWh,NL,NL,day_ahead_price,value,2026-08-05T16:13:53Z
2023-11-16T08:00:00Z,2023-11-16T09:00:00+0100,128.59,EUR/MWh,NL,NL,day_ahead_price,value,2026-08-05T16:13:53Z
2023-11-16T09:00:00Z,2023-11-16T10:00:00+0100,120.1,EUR/MWh,NL,NL,day_ahead_price,value,2026-08-05T16:13:53Z
2023-11-16T10:00:00Z,2023-11-16T11:00:00+0100,116.62,EUR/MWh,NL,NL,day_ahead_price,value,2026-08-05T16:13:53Z
2023-11-16T11:00:00Z,2023-11-16T12:00:00+0100,122.63,EUR/MWh,NL,NL,day_ahead_price,value,2026-08-05T16:13:53Z
2023-11-16T12:00:00Z,2023-11-16T13:00:00+0100,131.64,EUR/MWh,NL,NL,day_ahead_price,value,2026-08-05T16:13:53Z
2023-11-16T13:00:00Z,2023-11-16T14:00:00+0100,146.52,EUR/MWh,NL,NL,day_ahead_price,value,2026-08-05T16:13:53Z
2023-11-16T14:00:00Z,2023-11-16T15:00:00+0100,158.5,EUR/MWh,NL,NL,day_ahead_price,value,2026-08-05T16:13:53Z
2023-11-16T15:00:00Z,2023-11-16T16:00:00+0100,158.24,EUR/MWh,NL,NL,day_ahead_price,value,2026-08-05T16:13:53Z
2023-11-16T16:00:00Z,2023-11-16T17:00:00+0100,181.22,EUR/MWh,NL,NL,day_ahead_price,value,2026-08-05T16:13:53Z
2023-11-16T17:00:00Z,2023-11-16T18:00:00+0100,140.44,EUR/MWh,NL,NL,day_ahead_price,value,2026-08-05T16:13:53Z
2023-11-16T18:00:00Z,2023-11-16T19:00:00+0100,125.26,EUR/MWh,NL,NL,day_ahead_price,value,2026-08-05T16:13:53Z
2023-11-16T19:00:00Z,2023-11-16T20:00:00+0100,121.19,EUR/MWh,NL,NL,day_ahead_price,value,2026-08-05T16:13:53Z
2023-11-16T20:00:00Z,2023-11-16T21:00:00+0100,115.0,EUR/MWh,NL,NL,day_ahead_price,value,2026-08-05T16:13:53Z
2023-11-16T21:00:00Z,2023-11-16T22:00:00+0100,110.2,EUR/MWh,NL,NL,day_ahead_price,value,2026-08-05T16:13:53Z
2023-11-16T22:00:00Z,2023-11-16T23:00:00+0100,100.85,EUR/MWh,NL,NL,day_ahead_price,value,2026-08-05T16:13:53Z
2023-11-16T23:00:00Z,2023-11-17T00:00:00+0100,106.0,EUR/MWh,NL,NL,day_ahead_price,value,2026-08-05T16:13:53Z
2023-11-17T00:00:00Z,2023-11-17T01:00:00+0100,100.0,EUR/MWh,NL,NL,day_ahead_price,value,2026-08-05T16:13:53Z
2023-11-17T01:00:00Z,2023-11-17T02:00:00+0100,100.0,EUR/MWh,NL,NL,day_ahead_price,value,2026-08-05T16:13:53Z
2023-11-17T02:00:00Z,2023-11-17T03:00:00+0100,92.86,EUR/MWh,NL,NL,day_ahead_price,value,2026-08-05T16:13:53Z
2023-11-17T03:00:00Z,2023-11-17T04:00:00+0100,95.7,EUR/MWh,NL,NL,day_ahead_price,value,2026-08-05T16:13:53Z
2023-11-17T04:00:00Z,2023-11-17T05:00:00+0100,103.2,EUR/MWh,NL,NL,day_ahead_price,value,2026-08-05T16:13:53Z
2023-11-17T05:00:00Z,2023-11-17T06:00:00+0100,119.35,EUR/MWh,NL,NL,day_ahead_price,value,2026-08-05T16:13:53Z
2023-11-17T06:00:00Z,2023-11-17T07:00:00+0100,131.03,EUR/MWh,NL,NL,day_ahead_price,value,2026-08-05T16:13:53Z
2023-11-17T07:00:00Z,2023-11-17T08:00:00+0100,141.92,EUR/MWh,NL,NL,day_ahead_price,value,2026-08-05T16:13:53Z
2023-11-17T08:00:00Z,2023-11-17T09:00:00+0100,134.75,EUR/MWh,NL,NL,day_ahead_price,value,2026-08-05T16:13:53Z
2023-11-17T09:00:00Z,2023-11-17T10:00:00+0100,127.9,EUR/MWh,NL,NL,day_ahead_price,value,2026-08-05T16:13:53Z
2023-11-17T10:00:00Z,2023-11-17T11:00:00+0100,125.18,EUR/MWh,NL,NL,day_ahead_price,value,2026-08-05T16:13:53Z
2023-11-17T11:00:00Z,2023-11-17T12:00:00+0100,119.54,EUR/MWh,NL,NL,day_ahead_price,value,2026-08-05T16:13:53Z
2023-11-17T12:00:00Z,2023-11-17T13:00:00+0100,112.1,EUR/MWh,NL,NL,day_ahead_price,value,2026-08-05T16:13:53Z
2023-11-17T13:00:00Z,2023-11-17T14:00:00+0100,123.91,EUR/MWh,NL,NL,day_ahead_price,value,2026-08-05T16:13:53Z
2023-11-17T14:00:00Z,2023-11-17T15:00:00+0100,129.76,EUR/MWh,NL,NL,day_ahead_price,value,2026-08-05T16:13:53Z
2023-11-17T15:00:00Z,2023-11-17T16:00:00+0100,137.65,EUR/MWh,NL,NL,day_ahead_price,value,2026-08-05T16:13:53Z
2023-11-17T16:00:00Z,2023-11-17T17:00:00+0100,146.32,EUR/MWh,NL,NL,day_ahead_price,value,2026-08-05T16:13:53Z
2023-11-17T17:00:00Z,2023-11-17T18:00:00+0100,149.8,EUR/MWh,NL,NL,day_ahead_price,value,2026-08-05T16:13:53Z
2023-11-17T18:00:00Z,2023-11-17T19:00:00+0100,141.83,EUR/MWh,NL,NL,day_ahead_price,value,2026-08-05T16:13:53Z
2023-11-17T19:00:00Z,2023-11-17T20:00:00+0100,128.44,EUR/MWh,NL,NL,day_ahead_price,value,2026-08-05T16:13:53Z
2023-11-17T20:00:00Z,2023-11-17T21:00:00+0100,120.36,EUR/MWh,NL,NL,day_ahead_price,value,2026-08-05T16:13:53Z
2023-11-17T21:00:00Z,2023-11-17T22:00:00+0100,118.24,EUR/MWh,NL,NL,day_ahead_price,value,2026-08-05T16:13:53Z
2023-11-17T22:00:00Z,2023-11-17T23:00:00+0100,112.1,EUR/MWh,NL,NL,day_ahead_price,value,2026-08-05T16:13:53Z
2023-11-17T23:00:00Z,2023-11-18T00:00:00+0100,110.56,EUR/MWh,NL,NL,day_ahead_price,value,2026-08-05T16:13:53Z
2023-11-18T00:00:00Z,2023-11-18T01:00:00+0100,97.38,EUR/MWh,NL,NL,day_ahead_price,value,2026-08-05T16:13:53Z
2023-11-18T01:00:00Z,2023-11-18T02:00:00+0100,90.61,EUR/MWh,NL,NL,day_ahead_price,value,2026-08-05T16:13:53Z
2023-11-18T02:00:00Z,2023-11-18T03:00:00+0100,85.94,EUR/MWh,NL,NL,day_ahead_price,value,2026-08-05T16:13:53Z
2023-11-18T03:00:00Z,2023-11-18T04:00:00+0100,82.46,EUR/MWh,NL,NL,day_ahead_price,value,2026-08-05T16:13:53Z
2023-11-18T04:00:00Z,2023-11-18T05:00:00+0100,82.5,EUR/MWh,NL,NL,day_ahead_price,value,2026-08-05T16:13:53Z
2023-11-18T05:00:00Z,2023-11-18T06:00:00+0100,86.19,EUR/MWh,NL,NL,day_ahead_price,value,2026-08-05T16:13:53Z
2023-11-18T06:00:00Z,2023-11-18T07:00:00+0100,92.08,EUR/MWh,NL,NL,day_ahead_price,value,2026-08-05T16:13:53Z
2023-11-18T07:00:00Z,2023-11-18T08:00:00+0100,100.17,EUR/MWh,NL,NL,day_ahead_price,value,2026-08-05T16:13:53Z
2023-11-18T08:00:00Z,2023-11-18T09:00:00+0100,96.95,EUR/MWh,NL,NL,day_ahead_price,value,2026-08-05T16:13:53Z
2023-11-18T09:00:00Z,2023-11-18T10:00:00+0100,95.21,EUR/MWh,NL,NL,day_ahead_price,value,2026-08-05T16:13:53Z
2023-11-18T10:00:00Z,2023-11-18T11:00:00+0100,92.89,EUR/MWh,NL,NL,day_ahead_price,value,2026-08-05T16:13:53Z
2023-11-18T11:00:00Z,2023-11-18T12:00:00+0100,92.64,EUR/MWh,NL,NL,day_ahead_price,value,2026-08-05T16:13:53Z
2023-11-18T12:00:00Z,2023-11-18T13:00:00+0100,91.61,EUR/MWh,NL,NL,day_ahead_price,value,2026-08-05T16:13:53Z
2023-11-18T13:00:00Z,2023-11-18T14:00:00+0100,92.89,EUR/MWh,NL,NL,day_ahead_price,value,2026-08-05T16:13:53Z
2023-11-18T14:00:00Z,2023-11-18T15:00:00+0100,92.23,EUR/MWh,NL,NL,day_ahead_price,value,2026-08-05T16:13:53Z
2023-11-18T15:00:00Z,2023-11-18T16:00:00+0100,94.48,EUR/MWh,NL,NL,day_ahead_price,value,2026-08-05T16:13:53Z
2023-11-18T16:00:00Z,2023-11-18T17:00:00+0100,105.28,EUR/MWh,NL,NL,day_ahead_price,value,2026-08-05T16:13:53Z
2023-11-18T17:00:00Z,2023-11-18T18:00:00+0100,107.62,EUR/MWh,NL,NL,day_ahead_price,value,2026-08-05T16:13:53Z
2023-11-18T18:00:00Z,2023-11-18T19:00:00+0100,90.8,EUR/MWh,NL,NL,day_ahead_price,value,2026-08-05T16:13:53Z
2023-11-18T19:00:00Z,2023-11-18T20:00:00+0100,83.54,EUR/MWh,NL,NL,day_ahead_price,value,2026-08-05T16:13:53Z
2023-11-18T20:00:00Z,2023-11-18T21:00:00+0100,78.11,EUR/MWh,NL,NL,day_ahead_price,value,2026-08-05T16:13:53Z
2023-11-18T21:00:00Z,2023-11-18T22:00:00+0100,73.76,EUR/MWh,NL,NL,day_ahead_price,value,2026-08-05T16:13:53Z
2023-11-18T22:00:00Z,2023-11-18T23:00:00+0100,58.11,EUR/MWh,NL,NL,day_ahead_price,value,2026-08-05T16:13:53Z
2023-11-18T23:00:00Z,2023-11-19T00:00:00+0100,19.24,EUR/MWh,NL,NL,day_ahead_price,value,2026-08-05T16:13:53Z
2023-11-19T00:00:00Z,2023-11-19T01:00:00+0100,5.75,EUR/MWh,NL,NL,day_ahead_price,value,2026-08-05T16:13:53Z
2023-11-19T01:00:00Z,2023-11-19T02:00:00+0100,4.1,EUR/MWh,NL,NL,day_ahead_price,value,2026-08-05T16:13:53Z
2023-11-19T02:00:00Z,2023-11-19T03:00:00+0100,0.13,EUR/MWh,NL,NL,day_ahead_price,value,2026-08-05T16:13:53Z
2023-11-19T03:00:00Z,2023-11-19T04:00:00+0100,0.07,EUR/MWh,NL,NL,day_ahead_price,value,2026-08-05T16:13:53Z
2023-11-19T04:00:00Z,2023-11-19T05:00:00+0100,0.09,EUR/MWh,NL,NL,day_ahead_price,value,2026-08-05T16:13:53Z
2023-11-19T05:00:00Z,2023-11-19T06:00:00+0100,2.33,EUR/MWh,NL,NL,day_ahead_price,value,2026-08-05T16:13:53Z
2023-11-19T06:00:00Z,2023-11-19T07:00:00+0100,5.59,EUR/MWh,NL,NL,day_ahead_price,value,2026-08-05T16:13:53Z
2023-11-19T07:00:00Z,2023-11-19T08:00:00+0100,14.49,EUR/MWh,NL,NL,day_ahead_price,value,2026-08-05T16:13:53Z
2023-11-19T08:00:00Z,2023-11-19T09:00:00+0100,18.92,EUR/MWh,NL,NL,day_ahead_price,value,2026-08-05T16:13:53Z
2023-11-19T09:00:00Z,2023-11-19T10:00:00+0100,12.57,EUR/MWh,NL,NL,day_ahead_price,value,2026-08-05T16:13:53Z
2023-11-19T10:00:00Z,2023-11-19T11:00:00+0100,12.61,EUR/MWh,NL,NL,day_ahead_price,value,2026-08-05T16:13:53Z
2023-11-19T11:00:00Z,2023-11-19T12:00:00+0100,11.66,EUR/MWh,NL,NL,day_ahead_price,value,2026-08-05T16:13:53Z
2023-11-19T12:00:00Z,2023-11-19T13:00:00+0100,0.79,EUR/MWh,NL,NL,day_ahead_price,value,2026-08-05T16:13:53Z
2023-11-19T13:00:00Z,2023-11-19T14:00:00+0100,15.29,EUR/MWh,NL,NL,day_ahead_price,value,2026-08-05T16:13:53Z
2023-11-19T14:00:00Z,2023-11-19T15:00:00+0100,67.31,EUR/MWh,NL,NL,day_ahead_price,value,2026-08-05T16:13:53Z
2023-11-19T15:00:00Z,2023-11-19T16:00:00+0100,80.98,EUR/MWh,NL,NL,day_ahead_price,value,2026-08-05T16:13:53Z
2023-11-19T16:00:00Z,2023-11-19T17:00:00+0100,94.99,EUR/MWh,NL,NL,day_ahead_price,value,2026-08-05T16:13:53Z
2023-11-19T17:00:00Z,2023-11-19T18:00:00+0100,104.58,EUR/MWh,NL,NL,day_ahead_price,value,2026-08-05T16:13:53Z
2023-11-19T18:00:00Z,2023-11-19T19:00:00+0100,103.86,EUR/MWh,NL,NL,day_ahead_price,value,2026-08-05T16:13:53Z
2023-11-19T19:00:00Z,2023-11-19T20:00:00+0100,88.74,EUR/MWh,NL,NL,day_ahead_price,value,2026-08-05T16:13:53Z
2023-11-19T20:00:00Z,2023-11-19T21:00:00+0100,84.42,EUR/MWh,NL,NL,day_ahead_price,value,2026-08-05T16:13:53Z
2023-11-19T21:00:00Z,2023-11-19T22:00:00+0100,88.05,EUR/MWh,NL,NL,day_ahead_price,value,2026-08-05T16:13:53Z
2023-11-19T22:00:00Z,2023-11-19T23:00:00+0100,80.05,EUR/MWh,NL,NL,day_ahead_price,value,2026-08-05T16:13:53Z
2023-11-19T23:00:00Z,2023-11-20T00:00:00+0100,68.3,EUR/MWh,NL,NL,day_ahead_price,value,2026-08-05T16:13:53Z
2023-11-20T00:00:00Z,2023-11-20T01:00:00+0100,62.68,EUR/MWh,NL,NL,day_ahead_price,value,2026-08-05T16:13:53Z
2023-11-20T01:00:00Z,2023-11-20T02:00:00+0100,59.91,EUR/MWh,NL,NL,day_ahead_price,value,2026-08-05T16:13:53Z
2023-11-20T02:00:00Z,2023-11-20T03:00:00+0100,57.61,EUR/MWh,NL,NL,day_ahead_price,value,2026-08-05T16:13:53Z
2023-11-20T03:00:00Z,2023-11-20T04:00:00+0100,63.4,EUR/MWh,NL,NL,day_ahead_price,value,2026-08-05T16:13:53Z
2023-11-20T04:00:00Z,2023-11-20T05:00:00+0100,80.43,EUR/MWh,NL,NL,day_ahead_price,value,2026-08-05T16:13:53Z
2023-11-20T05:00:00Z,2023-11-20T06:00:00+0100,102.47,EUR/MWh,NL,NL,day_ahead_price,value,2026-08-05T16:13:53Z
2023-11-20T06:00:00Z,2023-11-20T07:00:00+0100,127.72,EUR/MWh,NL,NL,day_ahead_price,value,2026-08-05T16:13:53Z
2023-11-20T07:00:00Z,2023-11-20T08:00:00+0100,126.0,EUR/MWh,NL,NL,day_ahead_price,value,2026-08-05T16:13:53Z
2023-11-20T08:00:00Z,2023-11-20T09:00:00+0100,117.59,EUR/MWh,NL,NL,day_ahead_price,value,2026-08-05T16:13:53Z
2023-11-20T09:00:00Z,2023-11-20T10:00:00+0100,110.59,EUR/MWh,NL,NL,day_ahead_price,value,2026-08-05T16:13:53Z
2023-11-20T10:00:00Z,2023-11-20T11:00:00+0100,106.0,EUR/MWh,NL,NL,day_ahead_price,value,2026-08-05T16:13:53Z
2023-11-20T11:00:00Z,2023-11-20T12:00:00+0100,103.0,EUR/MWh,NL,NL,day_ahead_price,value,2026-08-05T16:13:53Z
2023-11-20T12:00:00Z,2023-11-20T13:00:00+0100,114.3,EUR/MWh,NL,NL,day_ahead_price,value,2026-08-05T16:13:53Z
2023-11-20T13:00:00Z,2023-11-20T14:00:00+0100,120.35,EUR/MWh,NL,NL,day_ahead_price,value,2026-08-05T16:13:53Z
2023-11-20T14:00:00Z,2023-11-20T15:00:00+0100,125.37,EUR/MWh,NL,NL,day_ahead_price,value,2026-08-05T16:13:53Z
2023-11-20T15:00:00Z,2023-11-20T16:00:00+0100,135.86,EUR/MWh,NL,NL,day_ahead_price,value,2026-08-05T16:13:53Z
2023-11-20T16:00:00Z,2023-11-20T17:00:00+0100,148.12,EUR/MWh,NL,NL,day_ahead_price,value,2026-08-05T16:13:53Z
2023-11-20T17:00:00Z,2023-11-20T18:00:00+0100,139.98,EUR/MWh,NL,NL,day_ahead_price,value,2026-08-05T16:13:53Z
2023-11-20T18:00:00Z,2023-11-20T19:00:00+0100,130.1,EUR/MWh,NL,NL,day_ahead_price,value,2026-08-05T16:13:53Z
2023-11-20T19:00:00Z,2023-11-20T20:00:00+0100,120.05,EUR/MWh,NL,NL,day_ahead_price,value,2026-08-05T16:13:53Z
2023-11-20T20:00:00Z,2023-11-20T21:00:00+0100,107.01,EUR/MWh,NL,NL,day_ahead_price,value,2026-08-05T16:13:53Z
2023-11-20T21:00:00Z,2023-11-20T22:00:00+0100,108.05,EUR/MWh,NL,NL,day_ahead_price,value,2026-08-05T16:13:53Z
2023-11-20T22:00:00Z,2023-11-20T23:00:00+0100,100.0,EUR/MWh,NL,NL,day_ahead_price,value,2026-08-05T16:13:53Z
2023-11-20T23:00:00Z,2023-11-21T00:00:00+0100,102.75,EUR/MWh,NL,NL,day_ahead_price,value,2026-08-05T16:13:53Z
2023-11-21T00:00:00Z,2023-11-21T01:00:00+0100,98.2,EUR/MWh,NL,NL,day_ahead_price,value,2026-08-05T16:13:53Z
2023-11-21T01:00:00Z,2023-11-21T02:00:00+0100,96.12,EUR/MWh,NL,NL,day_ahead_price,value,2026-08-05T16:13:53Z
2023-11-21T02:00:00Z,2023-11-21T03:00:00+0100,91.17,EUR/MWh,NL,NL,day_ahead_price,value,2026-08-05T16:13:53Z
2023-11-21T03:00:00Z,2023-11-21T04:00:00+0100,95.36,EUR/MWh,NL,NL,day_ahead_price,value,2026-08-05T16:13:53Z
2023-11-21T04:00:00Z,2023-11-21T05:00:00+0100,101.12,EUR/MWh,NL,NL,day_ahead_price,value,2026-08-05T16:13:53Z
2023-11-21T05:00:00Z,2023-11-21T06:00:00+0100,120.1,EUR/MWh,NL,NL,day_ahead_price,value,2026-08-05T16:13:53Z
2023-11-21T06:00:00Z,2023-11-21T07:00:00+0100,134.5,EUR/MWh,NL,NL,day_ahead_price,value,2026-08-05T16:13:53Z
2023-11-21T07:00:00Z,2023-11-21T08:00:00+0100,139.3,EUR/MWh,NL,NL,day_ahead_price,value,2026-08-05T16:13:53Z
2023-11-21T08:00:00Z,2023-11-21T09:00:00+0100,136.02,EUR/MWh,NL,NL,day_ahead_price,value,2026-08-05T16:13:53Z
2023-11-21T09:00:00Z,2023-11-21T10:00:00+0100,135.0,EUR/MWh,NL,NL,day_ahead_price,value,2026-08-05T16:13:53Z
2023-11-21T10:00:00Z,2023-11-21T11:00:00+0100,134.12,EUR/MWh,NL,NL,day_ahead_price,value,2026-08-05T16:13:53Z
2023-11-21T11:00:00Z,2023-11-21T12:00:00+0100,137.83,EUR/MWh,NL,NL,day_ahead_price,value,2026-08-05T16:13:53Z
2023-11-21T12:00:00Z,2023-11-21T13:00:00+0100,137.02,EUR/MWh,NL,NL,day_ahead_price,value,2026-08-05T16:13:53Z
2023-11-21T13:00:00Z,2023-11-21T14:00:00+0100,137.07,EUR/MWh,NL,NL,day_ahead_price,value,2026-08-05T16:13:53Z
2023-11-21T14:00:00Z,2023-11-21T15:00:00+0100,137.23,EUR/MWh,NL,NL,day_ahead_price,value,2026-08-05T16:13:53Z
2023-11-21T15:00:00Z,2023-11-21T16:00:00+0100,140.57,EUR/MWh,NL,NL,day_ahead_price,value,2026-08-05T16:13:53Z
2023-11-21T16:00:00Z,2023-11-21T17:00:00+0100,145.8,EUR/MWh,NL,NL,day_ahead_price,value,2026-08-05T16:13:53Z
2023-11-21T17:00:00Z,2023-11-21T18:00:00+0100,142.08,EUR/MWh,NL,NL,day_ahead_price,value,2026-08-05T16:13:53Z
2023-11-21T18:00:00Z,2023-11-21T19:00:00+0100,132.35,EUR/MWh,NL,NL,day_ahead_price,value,2026-08-05T16:13:53Z
2023-11-21T19:00:00Z,2023-11-21T20:00:00+0100,124.79,EUR/MWh,NL,NL,day_ahead_price,value,2026-08-05T16:13:53Z
2023-11-21T20:00:00Z,2023-11-21T21:00:00+0100,110.52,EUR/MWh,NL,NL,day_ahead_price,value,2026-08-05T16:13:53Z
2023-11-21T21:00:00Z,2023-11-21T22:00:00+0100,110.91,EUR/MWh,NL,NL,day_ahead_price,value,2026-08-05T16:13:53Z
2023-11-21T22:00:00Z,2023-11-21T23:00:00+0100,98.04,EUR/MWh,NL,NL,day_ahead_price,value,2026-08-05T16:13:53Z
2023-11-21T23:00:00Z,2023-11-22T00:00:00+0100,98.0,EUR/MWh,NL,NL,day_ahead_price,value,2026-08-05T16:13:53Z
2023-11-22T00:00:00Z,2023-11-22T01:00:00+0100,95.01,EUR/MWh,NL,NL,day_ahead_price,value,2026-08-05T16:13:53Z
2023-11-22T01:00:00Z,2023-11-22T02:00:00+0100,95.01,EUR/MWh,NL,NL,day_ahead_price,value,2026-08-05T16:13:53Z
2023-11-22T02:00:00Z,2023-11-22T03:00:00+0100,92.0,EUR/MWh,NL,NL,day_ahead_price,value,2026-08-05T16:13:53Z
2023-11-22T03:00:00Z,2023-11-22T04:00:00+0100,92.59,EUR/MWh,NL,NL,day_ahead_price,value,2026-08-05T16:13:53Z
2023-11-22T04:00:00Z,2023-11-22T05:00:00+0100,96.5,EUR/MWh,NL,NL,day_ahead_price,value,2026-08-05T16:13:53Z
2023-11-22T05:00:00Z,2023-11-22T06:00:00+0100,119.25,EUR/MWh,NL,NL,day_ahead_price,value,2026-08-05T16:13:53Z
2023-11-22T06:00:00Z,2023-11-22T07:00:00+0100,140.55,EUR/MWh,NL,NL,day_ahead_price,value,2026-08-05T16:13:53Z
2023-11-22T07:00:00Z,2023-11-22T08:00:00+0100,152.23,EUR/MWh,NL,NL,day_ahead_price,value,2026-08-05T16:13:53Z
2023-11-22T08:00:00Z,2023-11-22T09:00:00+0100,131.3,EUR/MWh,NL,NL,day_ahead_price,value,2026-08-05T16:13:53Z
2023-11-22T09:00:00Z,2023-11-22T10:00:00+0100,114.99,EUR/MWh,NL,NL,day_ahead_price,value,2026-08-05T16:13:53Z
2023-11-22T10:00:00Z,2023-11-22T11:00:00+0100,103.57,EUR/MWh,NL,NL,day_ahead_price,value,2026-08-05T16:13:53Z
2023-11-22T11:00:00Z,2023-11-22T12:00:00+0100,95.6,EUR/MWh,NL,NL,day_ahead_price,value,2026-08-05T16:13:53Z
2023-11-22T12:00:00Z,2023-11-22T13:00:00+0100,102.41,EUR/MWh,NL,NL,day_ahead_price,value,2026-08-05T16:13:53Z
2023-11-22T13:00:00Z,2023-11-22T14:00:00+0100,116.09,EUR/MWh,NL,NL,day_ahead_price,value,2026-08-05T16:13:53Z
2023-11-22T14:00:00Z,2023-11-22T15:00:00+0100,120.0,EUR/MWh,NL,NL,day_ahead_price,value,2026-08-05T16:13:53Z
2023-11-22T15:00:00Z,2023-11-22T16:00:00+0100,127.2,EUR/MWh,NL,NL,day_ahead_price,value,2026-08-05T16:13:53Z
2023-11-22T16:00:00Z,2023-11-22T17:00:00+0100,132.95,EUR/MWh,NL,NL,day_ahead_price,value,2026-08-05T16:13:53Z
2023-11-22T17:00:00Z,2023-11-22T18:00:00+0100,129.89,EUR/MWh,NL,NL,day_ahead_price,value,2026-08-05T16:13:53Z
2023-11-22T18:00:00Z,2023-11-22T19:00:00+0100,118.78,EUR/MWh,NL,NL,day_ahead_price,value,2026-08-05T16:13:53Z
2023-11-22T19:00:00Z,2023-11-22T20:00:00+0100,123.0,EUR/MWh,NL,NL,day_ahead_price,value,2026-08-05T16:13:53Z
2023-11-22T20:00:00Z,2023-11-22T21:00:00+0100,102.82,EUR/MWh,NL,NL,day_ahead_price,value,2026-08-05T16:13:53Z
2023-11-22T21:00:00Z,2023-11-22T22:00:00+0100,108.57,EUR/MWh,NL,NL,day_ahead_price,value,2026-08-05T16:13:53Z
2023-11-22T22:00:00Z,2023-11-22T23:00:00+0100,80.2,EUR/MWh,NL,NL,day_ahead_price,value,2026-08-05T16:13:53Z
2023-11-22T23:00:00Z,2023-11-23T00:00:00+0100,64.97,EUR/MWh,NL,NL,day_ahead_price,value,2026-08-05T16:13:53Z
2023-11-23T00:00:00Z,2023-11-23T01:00:00+0100,46.05,EUR/MWh,NL,NL,day_ahead_price,value,2026-08-05T16:13:53Z
2023-11-23T01:00:00Z,2023-11-23T02:00:00+0100,41.12,EUR/MWh,NL,NL,day_ahead_price,value,2026-08-05T16:13:53Z
2023-11-23T02:00:00Z,2023-11-23T03:00:00+0100,30.13,EUR/MWh,NL,NL,day_ahead_price,value,2026-08-05T16:13:53Z
2023-11-23T03:00:00Z,2023-11-23T04:00:00+0100,20.18,EUR/MWh,NL,NL,day_ahead_price,value,2026-08-05T16:13:53Z
2023-11-23T04:00:00Z,2023-11-23T05:00:00+0100,32.17,EUR/MWh,NL,NL,day_ahead_price,value,2026-08-05T16:13:53Z
2023-11-23T05:00:00Z,2023-11-23T06:00:00+0100,82.0,EUR/MWh,NL,NL,day_ahead_price,value,2026-08-05T16:13:53Z
2023-11-23T06:00:00Z,2023-11-23T07:00:00+0100,114.43,EUR/MWh,NL,NL,day_ahead_price,value,2026-08-05T16:13:53Z
2023-11-23T07:00:00Z,2023-11-23T08:00:00+0100,139.8,EUR/MWh,NL,NL,day_ahead_price,value,2026-08-05T16:13:53Z
2023-11-23T08:00:00Z,2023-11-23T09:00:00+0100,139.9,EUR/MWh,NL,NL,day_ahead_price,value,2026-08-05T16:13:53Z
2023-11-23T09:00:00Z,2023-11-23T10:00:00+0100,119.01,EUR/MWh,NL,NL,day_ahead_price,value,2026-08-05T16:13:53Z
2023-11-23T10:00:00Z,2023-11-23T11:00:00+0100,88.0,EUR/MWh,NL,NL,day_ahead_price,value,2026-08-05T16:13:53Z
2023-11-23T11:00:00Z,2023-11-23T12:00:00+0100,70.87,EUR/MWh,NL,NL,day_ahead_price,value,2026-08-05T16:13:53Z
2023-11-23T12:00:00Z,2023-11-23T13:00:00+0100,84.89,EUR/MWh,NL,NL,day_ahead_price,value,2026-08-05T16:13:53Z
2023-11-23T13:00:00Z,2023-11-23T14:00:00+0100,95.0,EUR/MWh,NL,NL,day_ahead_price,value,2026-08-05T16:13:53Z
2023-11-23T14:00:00Z,2023-11-23T15:00:00+0100,98.0,EUR/MWh,NL,NL,day_ahead_price,value,2026-08-05T16:13:53Z
2023-11-23T15:00:00Z,2023-11-23T16:00:00+0100,112.1,EUR/MWh,NL,NL,day_ahead_price,value,2026-08-05T16:13:53Z
2023-11-23T16:00:00Z,2023-11-23T17:00:00+0100,155.77,EUR/MWh,NL,NL,day_ahead_price,value,2026-08-05T16:13:53Z
2023-11-23T17:00:00Z,2023-11-23T18:00:00+0100,135.9,EUR/MWh,NL,NL,day_ahead_price,value,2026-08-05T16:13:53Z
2023-11-23T18:00:00Z,2023-11-23T19:00:00+0100,130.1,EUR/MWh,NL,NL,day_ahead_price,value,2026-08-05T16:13:53Z
2023-11-23T19:00:00Z,2023-11-23T20:00:00+0100,96.0,EUR/MWh,NL,NL,day_ahead_price,value,2026-08-05T16:13:53Z
2023-11-23T20:00:00Z,2023-11-23T21:00:00+0100,93.0,EUR/MWh,NL,NL,day_ahead_price,value,2026-08-05T16:13:53Z
2023-11-23T21:00:00Z,2023-11-23T22:00:00+0100,91.8,EUR/MWh,NL,NL,day_ahead_price,value,2026-08-05T16:13:53Z
2023-11-23T22:00:00Z,2023-11-23T23:00:00+0100,60.32,EUR/MWh,NL,NL,day_ahead_price,value,2026-08-05T16:13:53Z
2023-11-23T23:00:00Z,2023-11-24T00:00:00+0100,47.0,EUR/MWh,NL,NL,day_ahead_price,value,2026-08-05T16:13:53Z
2023-11-24T00:00:00Z,2023-11-24T01:00:00+0100,20.4,EUR/MWh,NL,NL,day_ahead_price,value,2026-08-05T16:13:53Z
2023-11-24T01:00:00Z,2023-11-24T02:00:00+0100,24.4,EUR/MWh,NL,NL,day_ahead_price,value,2026-08-05T16:13:53Z
2023-11-24T02:00:00Z,2023-11-24T03:00:00+0100,0.59,EUR/MWh,NL,NL,day_ahead_price,value,2026-08-05T16:13:53Z
2023-11-24T03:00:00Z,2023-11-24T04:00:00+0100,1.77,EUR/MWh,NL,NL,day_ahead_price,value,2026-08-05T16:13:53Z
2023-11-24T04:00:00Z,2023-11-24T05:00:00+0100,31.68,EUR/MWh,NL,NL,day_ahead_price,value,2026-08-05T16:13:53Z
2023-11-24T05:00:00Z,2023-11-24T06:00:00+0100,70.9,EUR/MWh,NL,NL,day_ahead_price,value,2026-08-05T16:13:53Z
2023-11-24T06:00:00Z,2023-11-24T07:00:00+0100,94.61,EUR/MWh,NL,NL,day_ahead_price,value,2026-08-05T16:13:53Z
2023-11-24T07:00:00Z,2023-11-24T08:00:00+0100,126.57,EUR/MWh,NL,NL,day_ahead_price,value,2026-08-05T16:13:53Z
2023-11-24T08:00:00Z,2023-11-24T09:00:00+0100,131.22,EUR/MWh,NL,NL,day_ahead_price,value,2026-08-05T16:13:53Z
2023-11-24T09:00:00Z,2023-11-24T10:00:00+0100,107.15,EUR/MWh,NL,NL,day_ahead_price,value,2026-08-05T16:13:53Z
2023-11-24T10:00:00Z,2023-11-24T11:00:00+0100,98.85,EUR/MWh,NL,NL,day_ahead_price,value,2026-08-05T16:13:53Z
2023-11-24T11:00:00Z,2023-11-24T12:00:00+0100,77.86,EUR/MWh,NL,NL,day_ahead_price,value,2026-08-05T16:13:53Z
2023-11-24T12:00:00Z,2023-11-24T13:00:00+0100,78.29,EUR/MWh,NL,NL,day_ahead_price,value,2026-08-05T16:13:53Z
2023-11-24T13:00:00Z,2023-11-24T14:00:00+0100,89.31,EUR/MWh,NL,NL,day_ahead_price,value,2026-08-05T16:13:53Z
2023-11-24T14:00:00Z,2023-11-24T15:00:00+0100,90.09,EUR/MWh,NL,NL,day_ahead_price,value,2026-08-05T16:13:53Z
2023-11-24T15:00:00Z,2023-11-24T16:00:00+0100,113.1,EUR/MWh,NL,NL,day_ahead_price,value,2026-08-05T16:13:53Z
2023-11-24T16:00:00Z,2023-11-24T17:00:00+0100,145.1,EUR/MWh,NL,NL,day_ahead_price,value,2026-08-05T16:13:53Z
2023-11-24T17:00:00Z,2023-11-24T18:00:00+0100,148.02,EUR/MWh,NL,NL,day_ahead_price,value,2026-08-05T16:13:53Z
2023-11-24T18:00:00Z,2023-11-24T19:00:00+0100,136.34,EUR/MWh,NL,NL,day_ahead_price,value,2026-08-05T16:13:53Z
2023-11-24T19:00:00Z,2023-11-24T20:00:00+0100,121.6,EUR/MWh,NL,NL,day_ahead_price,value,2026-08-05T16:13:53Z
2023-11-24T20:00:00Z,2023-11-24T21:00:00+0100,100.1,EUR/MWh,NL,NL,day_ahead_price,value,2026-08-05T16:13:53Z
2023-11-24T21:00:00Z,2023-11-24T22:00:00+0100,92.97,EUR/MWh,NL,NL,day_ahead_price,value,2026-08-05T16:13:53Z
2023-11-24T22:00:00Z,2023-11-24T23:00:00+0100,85.35,EUR/MWh,NL,NL,day_ahead_price,value,2026-08-05T16:13:53Z
2023-11-24T23:00:00Z,2023-11-25T00:00:00+0100,78.07,EUR/MWh,NL,NL,day_ahead_price,value,2026-08-05T16:13:53Z
2023-11-25T00:00:00Z,2023-11-25T01:00:00+0100,74.03,EUR/MWh,NL,NL,day_ahead_price,value,2026-08-05T16:13:53Z
2023-11-25T01:00:00Z,2023-11-25T02:00:00+0100,72.07,EUR/MWh,NL,NL,day_ahead_price,value,2026-08-05T16:13:53Z
2023-11-25T02:00:00Z,2023-11-25T03:00:00+0100,71.61,EUR/MWh,NL,NL,day_ahead_price,value,2026-08-05T16:13:53Z
2023-11-25T03:00:00Z,2023-11-25T04:00:00+0100,69.99,EUR/MWh,NL,NL,day_ahead_price,value,2026-08-05T16:13:53Z
2023-11-25T04:00:00Z,2023-11-25T05:00:00+0100,74.19,EUR/MWh,NL,NL,day_ahead_price,value,2026-08-05T16:13:53Z
2023-11-25T05:00:00Z,2023-11-25T06:00:00+0100,79.81,EUR/MWh,NL,NL,day_ahead_price,value,2026-08-05T16:13:53Z
2023-11-25T06:00:00Z,2023-11-25T07:00:00+0100,87.08,EUR/MWh,NL,NL,day_ahead_price,value,2026-08-05T16:13:53Z
2023-11-25T07:00:00Z,2023-11-25T08:00:00+0100,94.29,EUR/MWh,NL,NL,day_ahead_price,value,2026-08-05T16:13:53Z
2023-11-25T08:00:00Z,2023-11-25T09:00:00+0100,92.02,EUR/MWh,NL,NL,day_ahead_price,value,2026-08-05T16:13:53Z
2023-11-25T09:00:00Z,2023-11-25T10:00:00+0100,89.17,EUR/MWh,NL,NL,day_ahead_price,value,2026-08-05T16:13:53Z
2023-11-25T10:00:00Z,2023-11-25T11:00:00+0100,87.06,EUR/MWh,NL,NL,day_ahead_price,value,2026-08-05T16:13:53Z
2023-11-25T11:00:00Z,2023-11-25T12:00:00+0100,84.84,EUR/MWh,NL,NL,day_ahead_price,value,2026-08-05T16:13:53Z
2023-11-25T12:00:00Z,2023-11-25T13:00:00+0100,83.09,EUR/MWh,NL,NL,day_ahead_price,value,2026-08-05T16:13:53Z
2023-11-25T13:00:00Z,2023-11-25T14:00:00+0100,90.09,EUR/MWh,NL,NL,day_ahead_price,value,2026-08-05T16:13:53Z
2023-11-25T14:00:00Z,2023-11-25T15:00:00+0100,95.8,EUR/MWh,NL,NL,day_ahead_price,value,2026-08-05T16:13:53Z
2023-11-25T15:00:00Z,2023-11-25T16:00:00+0100,114.95,EUR/MWh,NL,NL,day_ahead_price,value,2026-08-05T16:13:53Z
2023-11-25T16:00:00Z,2023-11-25T17:00:00+0100,124.1,EUR/MWh,NL,NL,day_ahead_price,value,2026-08-05T16:13:53Z
2023-11-25T17:00:00Z,2023-11-25T18:00:00+0100,138.79,EUR/MWh,NL,NL,day_ahead_price,value,2026-08-05T16:13:53Z
2023-11-25T18:00:00Z,2023-11-25T19:00:00+0100,128.05,EUR/MWh,NL,NL,day_ahead_price,value,2026-08-05T16:13:53Z
2023-11-25T19:00:00Z,2023-11-25T20:00:00+0100,139.12,EUR/MWh,NL,NL,day_ahead_price,value,2026-08-05T16:13:53Z
2023-11-25T20:00:00Z,2023-11-25T21:00:00+0100,121.0,EUR/MWh,NL,NL,day_ahead_price,value,2026-08-05T16:13:53Z
2023-11-25T21:00:00Z,2023-11-25T22:00:00+0100,117.86,EUR/MWh,NL,NL,day_ahead_price,value,2026-08-05T16:13:53Z
2023-11-25T22:00:00Z,2023-11-25T23:00:00+0100,111.15,EUR/MWh,NL,NL,day_ahead_price,value,2026-08-05T16:13:53Z
2023-11-25T23:00:00Z,2023-11-26T00:00:00+0100,111.73,EUR/MWh,NL,NL,day_ahead_price,value,2026-08-05T16:13:53Z
2023-11-26T00:00:00Z,2023-11-26T01:00:00+0100,105.07,EUR/MWh,NL,NL,day_ahead_price,value,2026-08-05T16:13:53Z
2023-11-26T01:00:00Z,2023-11-26T02:00:00+0100,101.84,EUR/MWh,NL,NL,day_ahead_price,value,2026-08-05T16:13:53Z
2023-11-26T02:00:00Z,2023-11-26T03:00:00+0100,99.34,EUR/MWh,NL,NL,day_ahead_price,value,2026-08-05T16:13:53Z
2023-11-26T03:00:00Z,2023-11-26T04:00:00+0100,96.58,EUR/MWh,NL,NL,day_ahead_price,value,2026-08-05T16:13:53Z
2023-11-26T04:00:00Z,2023-11-26T05:00:00+0100,97.16,EUR/MWh,NL,NL,day_ahead_price,value,2026-08-05T16:13:53Z
2023-11-26T05:00:00Z,2023-11-26T06:00:00+0100,100.1,EUR/MWh,NL,NL,day_ahead_price,value,2026-08-05T16:13:53Z
2023-11-26T06:00:00Z,2023-11-26T07:00:00+0100,110.08,EUR/MWh,NL,NL,day_ahead_price,value,2026-08-05T16:13:53Z
2023-11-26T07:00:00Z,2023-11-26T08:00:00+0100,113.13,EUR/MWh,NL,NL,day_ahead_price,value,2026-08-05T16:13:53Z
2023-11-26T08:00:00Z,2023-11-26T09:00:00+0100,117.7,EUR/MWh,NL,NL,day_ahead_price,value,2026-08-05T16:13:53Z
2023-11-26T09:00:00Z,2023-11-26T10:00:00+0100,115.88,EUR/MWh,NL,NL,day_ahead_price,value,2026-08-05T16:13:53Z
2023-11-26T10:00:00Z,2023-11-26T11:00:00+0100,114.8,EUR/MWh,NL,NL,day_ahead_price,value,2026-08-05T16:13:53Z
2023-11-26T11:00:00Z,2023-11-26T12:00:00+0100,113.67,EUR/MWh,NL,NL,day_ahead_price,value,2026-08-05T16:13:53Z
2023-11-26T12:00:00Z,2023-11-26T13:00:00+0100,110.14,EUR/MWh,NL,NL,day_ahead_price,value,2026-08-05T16:13:53Z
2023-11-26T13:00:00Z,2023-11-26T14:00:00+0100,115.1,EUR/MWh,NL,NL,day_ahead_price,value,2026-08-05T16:13:53Z
2023-11-26T14:00:00Z,2023-11-26T15:00:00+0100,123.26,EUR/MWh,NL,NL,day_ahead_price,value,2026-08-05T16:13:53Z
2023-11-26T15:00:00Z,2023-11-26T16:00:00+0100,134.15,EUR/MWh,NL,NL,day_ahead_price,value,2026-08-05T16:13:53Z
2023-11-26T16:00:00Z,2023-11-26T17:00:00+0100,145.7,EUR/MWh,NL,NL,day_ahead_price,value,2026-08-05T16:13:53Z
2023-11-26T17:00:00Z,2023-11-26T18:00:00+0100,160.6,EUR/MWh,NL,NL,day_ahead_price,value,2026-08-05T16:13:53Z
2023-11-26T18:00:00Z,2023-11-26T19:00:00+0100,146.63,EUR/MWh,NL,NL,day_ahead_price,value,2026-08-05T16:13:53Z
2023-11-26T19:00:00Z,2023-11-26T20:00:00+0100,135.91,EUR/MWh,NL,NL,day_ahead_price,value,2026-08-05T16:13:53Z
2023-11-26T20:00:00Z,2023-11-26T21:00:00+0100,122.41,EUR/MWh,NL,NL,day_ahead_price,value,2026-08-05T16:13:53Z
2023-11-26T21:00:00Z,2023-11-26T22:00:00+0100,118.99,EUR/MWh,NL,NL,day_ahead_price,value,2026-08-05T16:13:53Z
2023-11-26T22:00:00Z,2023-11-26T23:00:00+0100,102.49,EUR/MWh,NL,NL,day_ahead_price,value,2026-08-05T16:13:53Z
2023-11-26T23:00:00Z,2023-11-27T00:00:00+0100,99.31,EUR/MWh,NL,NL,day_ahead_price,value,2026-08-05T16:13:53Z
2023-11-27T00:00:00Z,2023-11-27T01:00:00+0100,94.15,EUR/MWh,NL,NL,day_ahead_price,value,2026-08-05T16:13:53Z
2023-11-27T01:00:00Z,2023-11-27T02:00:00+0100,89.9,EUR/MWh,NL,NL,day_ahead_price,value,2026-08-05T16:13:53Z
2023-11-27T02:00:00Z,2023-11-27T03:00:00+0100,88.82,EUR/MWh,NL,NL,day_ahead_price,value,2026-08-05T16:13:53Z
2023-11-27T03:00:00Z,2023-11-27T04:00:00+0100,87.91,EUR/MWh,NL,NL,day_ahead_price,value,2026-08-05T16:13:53Z
2023-11-27T04:00:00Z,2023-11-27T05:00:00+0100,94.09,EUR/MWh,NL,NL,day_ahead_price,value,2026-08-05T16:13:53Z
2023-11-27T05:00:00Z,2023-11-27T06:00:00+0100,122.01,EUR/MWh,NL,NL,day_ahead_price,value,2026-08-05T16:13:53Z
2023-11-27T06:00:00Z,2023-11-27T07:00:00+0100,136.89,EUR/MWh,NL,NL,day_ahead_price,value,2026-08-05T16:13:53Z
2023-11-27T07:00:00Z,2023-11-27T08:00:00+0100,144.99,EUR/MWh,NL,NL,day_ahead_price,value,2026-08-05T16:13:53Z
2023-11-27T08:00:00Z,2023-11-27T09:00:00+0100,139.41,EUR/MWh,NL,NL,day_ahead_price,value,2026-08-05T16:13:53Z
2023-11-27T09:00:00Z,2023-11-27T10:00:00+0100,138.0,EUR/MWh,NL,NL,day_ahead_price,value,2026-08-05T16:13:53Z
2023-11-27T10:00:00Z,2023-11-27T11:00:00+0100,136.94,EUR/MWh,NL,NL,day_ahead_price,value,2026-08-05T16:13:53Z
2023-11-27T11:00:00Z,2023-11-27T12:00:00+0100,133.97,EUR/MWh,NL,NL,day_ahead_price,value,2026-08-05T16:13:53Z
2023-11-27T12:00:00Z,2023-11-27T13:00:00+0100,132.67,EUR/MWh,NL,NL,day_ahead_price,value,2026-08-05T16:13:53Z
2023-11-27T13:00:00Z,2023-11-27T14:00:00+0100,130.09,EUR/MWh,NL,NL,day_ahead_price,value,2026-08-05T16:13:53Z
2023-11-27T14:00:00Z,2023-11-27T15:00:00+0100,121.63,EUR/MWh,NL,NL,day_ahead_price,value,2026-08-05T16:13:53Z
2023-11-27T15:00:00Z,2023-11-27T16:00:00+0100,116.84,EUR/MWh,NL,NL,day_ahead_price,value,2026-08-05T16:13:53Z
2023-11-27T16:00:00Z,2023-11-27T17:00:00+0100,125.56,EUR/MWh,NL,NL,day_ahead_price,value,2026-08-05T16:13:53Z
2023-11-27T17:00:00Z,2023-11-27T18:00:00+0100,129.1,EUR/MWh,NL,NL,day_ahead_price,value,2026-08-05T16:13:53Z
2023-11-27T18:00:00Z,2023-11-27T19:00:00+0100,105.58,EUR/MWh,NL,NL,day_ahead_price,value,2026-08-05T16:13:53Z
2023-11-27T19:00:00Z,2023-11-27T20:00:00+0100,109.0,EUR/MWh,NL,NL,day_ahead_price,value,2026-08-05T16:13:53Z
2023-11-27T20:00:00Z,2023-11-27T21:00:00+0100,108.1,EUR/MWh,NL,NL,day_ahead_price,value,2026-08-05T16:13:53Z
2023-11-27T21:00:00Z,2023-11-27T22:00:00+0100,94.3,EUR/MWh,NL,NL,day_ahead_price,value,2026-08-05T16:13:53Z
2023-11-27T22:00:00Z,2023-11-27T23:00:00+0100,84.89,EUR/MWh,NL,NL,day_ahead_price,value,2026-08-05T16:13:53Z
2023-11-27T23:00:00Z,2023-11-28T00:00:00+0100,77.74,EUR/MWh,NL,NL,day_ahead_price,value,2026-08-05T16:13:53Z
2023-11-28T00:00:00Z,2023-11-28T01:00:00+0100,70.49,EUR/MWh,NL,NL,day_ahead_price,value,2026-08-05T16:13:53Z
2023-11-28T01:00:00Z,2023-11-28T02:00:00+0100,67.47,EUR/MWh,NL,NL,day_ahead_price,value,2026-08-05T16:13:53Z
2023-11-28T02:00:00Z,2023-11-28T03:00:00+0100,64.5,EUR/MWh,NL,NL,day_ahead_price,value,2026-08-05T16:13:53Z
2023-11-28T03:00:00Z,2023-11-28T04:00:00+0100,68.29,EUR/MWh,NL,NL,day_ahead_price,value,2026-08-05T16:13:53Z
2023-11-28T04:00:00Z,2023-11-28T05:00:00+0100,80.08,EUR/MWh,NL,NL,day_ahead_price,value,2026-08-05T16:13:53Z
2023-11-28T05:00:00Z,2023-11-28T06:00:00+0100,97.62,EUR/MWh,NL,NL,day_ahead_price,value,2026-08-05T16:13:53Z
2023-11-28T06:00:00Z,2023-11-28T07:00:00+0100,118.38,EUR/MWh,NL,NL,day_ahead_price,value,2026-08-05T16:13:53Z
2023-11-28T07:00:00Z,2023-11-28T08:00:00+0100,127.6,EUR/MWh,NL,NL,day_ahead_price,value,2026-08-05T16:13:53Z
2023-11-28T08:00:00Z,2023-11-28T09:00:00+0100,138.28,EUR/MWh,NL,NL,day_ahead_price,value,2026-08-05T16:13:53Z
2023-11-28T09:00:00Z,2023-11-28T10:00:00+0100,139.27,EUR/MWh,NL,NL,day_ahead_price,value,2026-08-05T16:13:53Z
2023-11-28T10:00:00Z,2023-11-28T11:00:00+0100,138.51,EUR/MWh,NL,NL,day_ahead_price,value,2026-08-05T16:13:53Z
2023-11-28T11:00:00Z,2023-11-28T12:00:00+0100,135.61,EUR/MWh,NL,NL,day_ahead_price,value,2026-08-05T16:13:53Z
2023-11-28T12:00:00Z,2023-11-28T13:00:00+0100,137.73,EUR/MWh,NL,NL,day_ahead_price,value,2026-08-05T16:13:53Z
2023-11-28T13:00:00Z,2023-11-28T14:00:00+0100,144.01,EUR/MWh,NL,NL,day_ahead_price,value,2026-08-05T16:13:53Z
2023-11-28T14:00:00Z,2023-11-28T15:00:00+0100,150.0,EUR/MWh,NL,NL,day_ahead_price,value,2026-08-05T16:13:53Z
2023-11-28T15:00:00Z,2023-11-28T16:00:00+0100,164.01,EUR/MWh,NL,NL,day_ahead_price,value,2026-08-05T16:13:53Z
2023-11-28T16:00:00Z,2023-11-28T17:00:00+0100,189.98,EUR/MWh,NL,NL,day_ahead_price,value,2026-08-05T16:13:53Z
2023-11-28T17:00:00Z,2023-11-28T18:00:00+0100,177.0,EUR/MWh,NL,NL,day_ahead_price,value,2026-08-05T16:13:53Z
2023-11-28T18:00:00Z,2023-11-28T19:00:00+0100,161.49,EUR/MWh,NL,NL,day_ahead_price,value,2026-08-05T16:13:53Z
2023-11-28T19:00:00Z,2023-11-28T20:00:00+0100,140.51,EUR/MWh,NL,NL,day_ahead_price,value,2026-08-05T16:13:53Z
2023-11-28T20:00:00Z,2023-11-28T21:00:00+0100,120.0,EUR/MWh,NL,NL,day_ahead_price,value,2026-08-05T16:13:53Z
2023-11-28T21:00:00Z,2023-11-28T22:00:00+0100,116.84,EUR/MWh,NL,NL,day_ahead_price,value,2026-08-05T16:13:53Z
2023-11-28T22:00:00Z,2023-11-28T23:00:00+0100,109.29,EUR/MWh,NL,NL,day_ahead_price,value,2026-08-05T16:13:53Z
2023-11-28T23:00:00Z,2023-11-29T00:00:00+0100,98.43,EUR/MWh,NL,NL,day_ahead_price,value,2026-08-05T16:13:53Z
2023-11-29T00:00:00Z,2023-11-29T01:00:00+0100,95.11,EUR/MWh,NL,NL,day_ahead_price,value,2026-08-05T16:13:53Z
2023-11-29T01:00:00Z,2023-11-29T02:00:00+0100,92.08,EUR/MWh,NL,NL,day_ahead_price,value,2026-08-05T16:13:53Z
2023-11-29T02:00:00Z,2023-11-29T03:00:00+0100,86.12,EUR/MWh,NL,NL,day_ahead_price,value,2026-08-05T16:13:53Z
2023-11-29T03:00:00Z,2023-11-29T04:00:00+0100,84.94,EUR/MWh,NL,NL,day_ahead_price,value,2026-08-05T16:13:53Z
2023-11-29T04:00:00Z,2023-11-29T05:00:00+0100,95.7,EUR/MWh,NL,NL,day_ahead_price,value,2026-08-05T16:13:53Z
2023-11-29T05:00:00Z,2023-11-29T06:00:00+0100,102.84,EUR/MWh,NL,NL,day_ahead_price,value,2026-08-05T16:13:53Z
2023-11-29T06:00:00Z,2023-11-29T07:00:00+0100,132.59,EUR/MWh,NL,NL,day_ahead_price,value,2026-08-05T16:13:53Z
2023-11-29T07:00:00Z,2023-11-29T08:00:00+0100,149.58,EUR/MWh,NL,NL,day_ahead_price,value,2026-08-05T16:13:53Z
2023-11-29T08:00:00Z,2023-11-29T09:00:00+0100,145.0,EUR/MWh,NL,NL,day_ahead_price,value,2026-08-05T16:13:53Z
2023-11-29T09:00:00Z,2023-11-29T10:00:00+0100,133.85,EUR/MWh,NL,NL,day_ahead_price,value,2026-08-05T16:13:53Z
2023-11-29T10:00:00Z,2023-11-29T11:00:00+0100,129.99,EUR/MWh,NL,NL,day_ahead_price,value,2026-08-05T16:13:53Z
2023-11-29T11:00:00Z,2023-11-29T12:00:00+0100,128.21,EUR/MWh,NL,NL,day_ahead_price,value,2026-08-05T16:13:53Z
2023-11-29T12:00:00Z,2023-11-29T13:00:00+0100,132.38,EUR/MWh,NL,NL,day_ahead_price,value,2026-08-05T16:13:53Z
2023-11-29T13:00:00Z,2023-11-29T14:00:00+0100,146.66,EUR/MWh,NL,NL,day_ahead_price,value,2026-08-05T16:13:53Z
2023-11-29T14:00:00Z,2023-11-29T15:00:00+0100,168.0,EUR/MWh,NL,NL,day_ahead_price,value,2026-08-05T16:13:53Z
2023-11-29T15:00:00Z,2023-11-29T16:00:00+0100,200.0,EUR/MWh,NL,NL,day_ahead_price,value,2026-08-05T16:13:53Z
2023-11-29T16:00:00Z,2023-11-29T17:00:00+0100,250.0,EUR/MWh,NL,NL,day_ahead_price,value,2026-08-05T16:13:53Z
2023-11-29T17:00:00Z,2023-11-29T18:00:00+0100,250.0,EUR/MWh,NL,NL,day_ahead_price,value,2026-08-05T16:13:53Z
2023-11-29T18:00:00Z,2023-11-29T19:00:00+0100,200.0,EUR/MWh,NL,NL,day_ahead_price,value,2026-08-05T16:13:53Z
2023-11-29T19:00:00Z,2023-11-29T20:00:00+0100,161.0,EUR/MWh,NL,NL,day_ahead_price,value,2026-08-05T16:13:53Z
2023-11-29T20:00:00Z,2023-11-29T21:00:00+0100,139.01,EUR/MWh,NL,NL,day_ahead_price,value,2026-08-05T16:13:53Z
2023-11-29T21:00:00Z,2023-11-29T22:00:00+0100,128.5,EUR/MWh,NL,NL,day_ahead_price,value,2026-08-05T16:13:53Z
2023-11-29T22:00:00Z,2023-11-29T23:00:00+0100,114.27,EUR/MWh,NL,NL,day_ahead_price,value,2026-08-05T16:13:53Z
2023-11-29T23:00:00Z,2023-11-30T00:00:00+0100,104.79,EUR/MWh,NL,NL,day_ahead_price,value,2026-08-05T16:13:53Z
2023-11-30T00:00:00Z,2023-11-30T01:00:00+0100,104.52,EUR/MWh,NL,NL,day_ahead_price,value,2026-08-05T16:13:53Z
2023-11-30T01:00:00Z,2023-11-30T02:00:00+0100,102.2,EUR/MWh,NL,NL,day_ahead_price,value,2026-08-05T16:13:53Z
2023-11-30T02:00:00Z,2023-11-30T03:00:00+0100,100.0,EUR/MWh,NL,NL,day_ahead_price,value,2026-08-05T16:13:53Z
2023-11-30T03:00:00Z,2023-11-30T04:00:00+0100,101.63,EUR/MWh,NL,NL,day_ahead_price,value,2026-08-05T16:13:53Z
2023-11-30T04:00:00Z,2023-11-30T05:00:00+0100,106.3,EUR/MWh,NL,NL,day_ahead_price,value,2026-08-05T16:13:53Z
2023-11-30T05:00:00Z,2023-11-30T06:00:00+0100,129.41,EUR/MWh,NL,NL,day_ahead_price,value,2026-08-05T16:13:53Z
2023-11-30T06:00:00Z,2023-11-30T07:00:00+0100,168.09,EUR/MWh,NL,NL,day_ahead_price,value,2026-08-05T16:13:53Z
2023-11-30T07:00:00Z,2023-11-30T08:00:00+0100,219.27,EUR/MWh,NL,NL,day_ahead_price,value,2026-08-05T16:13:53Z
2023-11-30T08:00:00Z,2023-11-30T09:00:00+0100,237.06,EUR/MWh,NL,NL,day_ahead_price,value,2026-08-05T16:13:53Z
2023-11-30T09:00:00Z,2023-11-30T10:00:00+0100,222.4,EUR/MWh,NL,NL,day_ahead_price,value,2026-08-05T16:13:53Z
2023-11-30T10:00:00Z,2023-11-30T11:00:00+0100,223.22,EUR/MWh,NL,NL,day_ahead_price,value,2026-08-05T16:13:53Z
2023-11-30T11:00:00Z,2023-11-30T12:00:00+0100,195.15,EUR/MWh,NL,NL,day_ahead_price,value,2026-08-05T16:13:53Z
2023-11-30T12:00:00Z,2023-11-30T13:00:00+0100,189.76,EUR/MWh,NL,NL,day_ahead_price,value,2026-08-05T16:13:53Z
2023-11-30T13:00:00Z,2023-11-30T14:00:00+0100,195.0,EUR/MWh,NL,NL,day_ahead_price,value,2026-08-05T16:13:53Z
2023-11-30T14:00:00Z,2023-11-30T15:00:00+0100,195.0,EUR/MWh,NL,NL,day_ahead_price,value,2026-08-05T16:13:53Z
2023-11-30T15:00:00Z,2023-11-30T16:00:00+0100,226.0,EUR/MWh,NL,NL,day_ahead_price,value,2026-08-05T16:13:53Z
2023-11-30T16:00:00Z,2023-11-30T17:00:00+0100,261.0,EUR/MWh,NL,NL,day_ahead_price,value,2026-08-05T16:13:53Z
2023-11-30T17:00:00Z,2023-11-30T18:00:00+0100,249.41,EUR/MWh,NL,NL,day_ahead_price,value,2026-08-05T16:13:53Z
2023-11-30T18:00:00Z,2023-11-30T19:00:00+0100,196.66,EUR/MWh,NL,NL,day_ahead_price,value,2026-08-05T16:13:53Z
2023-11-30T19:00:00Z,2023-11-30T20:00:00+0100,153.93,EUR/MWh,NL,NL,day_ahead_price,value,2026-08-05T16:13:53Z
2023-11-30T20:00:00Z,2023-11-30T21:00:00+0100,132.71,EUR/MWh,NL,NL,day_ahead_price,value,2026-08-05T16:13:53Z
2023-11-30T21:00:00Z,2023-11-30T22:00:00+0100,124.67,EUR/MWh,NL,NL,day_ahead_price,value,2026-08-05T16:13:53Z
2023-11-30T22:00:00Z,2023-11-30T23:00:00+0100,113.72,EUR/MWh,NL,NL,day_ahead_price,value,2026-08-05T16:13:53Z
2023-11-30T23:00:00Z,2023-12-01T00:00:00+0100,106.91,EUR/MWh,NL,NL,day_ahead_price,value,2026-08-05T16:13:53Z
2023-12-01T00:00:00Z,2023-12-01T01:00:00+0100,102.63,EUR/MWh,NL,NL,day_ahead_price,value,2026-08-05T16:13:53Z
2023-12-01T01:00:00Z,2023-12-01T02:00:00+0100,99.1,EUR/MWh,NL,NL,day_ahead_price,value,2026-08-05T16:13:53Z
2023-12-01T02:00:00Z,2023-12-01T03:00:00+0100,95.89,EUR/MWh,NL,NL,day_ahead_price,value,2026-08-05T16:13:53Z
2023-12-01T03:00:00Z,2023-12-01T04:00:00+0100,96.07,EUR/MWh,NL,NL,day_ahead_price,value,2026-08-05T16:13:53Z
2023-12-01T04:00:00Z,2023-12-01T05:00:00+0100,102.29,EUR/MWh,NL,NL,day_ahead_price,value,2026-08-05T16:13:53Z
2023-12-01T05:00:00Z,2023-12-01T06:00:00+0100,120.0,EUR/MWh,NL,NL,day_ahead_price,value,2026-08-05T16:13:53Z
2023-12-01T06:00:00Z,2023-12-01T07:00:00+0100,152.07,EUR/MWh,NL,NL,day_ahead_price,value,2026-08-05T16:13:53Z
2023-12-01T07:00:00Z,2023-12-01T08:00:00+0100,203.32,EUR/MWh,NL,NL,day_ahead_price,value,2026-08-05T16:13:53Z
2023-12-01T08:00:00Z,2023-12-01T09:00:00+0100,222.35,EUR/MWh,NL,NL,day_ahead_price,value,2026-08-05T16:13:53Z
2023-12-01T09:00:00Z,2023-12-01T10:00:00+0100,214.99,EUR/MWh,NL,NL,day_ahead_price,value,2026-08-05T16:13:53Z
2023-12-01T10:00:00Z,2023-12-01T11:00:00+0100,213.09,EUR/MWh,NL,NL,day_ahead_price,value,2026-08-05T16:13:53Z
2023-12-01T11:00:00Z,2023-12-01T12:00:00+0100,196.72,EUR/MWh,NL,NL,day_ahead_price,value,2026-08-05T16:13:53Z
2023-12-01T12:00:00Z,2023-12-01T13:00:00+0100,174.54,EUR/MWh,NL,NL,day_ahead_price,value,2026-08-05T16:13:53Z
2023-12-01T13:00:00Z,2023-12-01T14:00:00+0100,174.11,EUR/MWh,NL,NL,day_ahead_price,value,2026-08-05T16:13:53Z
2023-12-01T14:00:00Z,2023-12-01T15:00:00+0100,183.6,EUR/MWh,NL,NL,day_ahead_price,value,2026-08-05T16:13:53Z
2023-12-01T15:00:00Z,2023-12-01T16:00:00+0100,200.0,EUR/MWh,NL,NL,day_ahead_price,value,2026-08-05T16:13:53Z
2023-12-01T16:00:00Z,2023-12-01T17:00:00+0100,229.77,EUR/MWh,NL,NL,day_ahead_price,value,2026-08-05T16:13:53Z
2023-12-01T17:00:00Z,2023-12-01T18:00:00+0100,199.1,EUR/MWh,NL,NL,day_ahead_price,value,2026-08-05T16:13:53Z
2023-12-01T18:00:00Z,2023-12-01T19:00:00+0100,168.49,EUR/MWh,NL,NL,day_ahead_price,value,2026-08-05T16:13:53Z
2023-12-01T19:00:00Z,2023-12-01T20:00:00+0100,142.33,EUR/MWh,NL,NL,day_ahead_price,value,2026-08-05T16:13:53Z
2023-12-01T20:00:00Z,2023-12-01T21:00:00+0100,125.11,EUR/MWh,NL,NL,day_ahead_price,value,2026-08-05T16:13:53Z
2023-12-01T21:00:00Z,2023-12-01T22:00:00+0100,118.31,EUR/MWh,NL,NL,day_ahead_price,value,2026-08-05T16:13:53Z
2023-12-01T22:00:00Z,2023-12-01T23:00:00+0100,108.12,EUR/MWh,NL,NL,day_ahead_price,value,2026-08-05T16:13:53Z
2023-12-01T23:00:00Z,2023-12-02T00:00:00+0100,105.3,EUR/MWh,NL,NL,day_ahead_price,value,2026-08-05T16:13:53Z
2023-12-02T00:00:00Z,2023-12-02T01:00:00+0100,102.78,EUR/MWh,NL,NL,day_ahead_price,value,2026-08-05T16:13:53Z
2023-12-02T01:00:00Z,2023-12-02T02:00:00+0100,101.74,EUR/MWh,NL,NL,day_ahead_price,value,2026-08-05T16:13:53Z
2023-12-02T02:00:00Z,2023-12-02T03:00:00+0100,99.24,EUR/MWh,NL,NL,day_ahead_price,value,2026-08-05T16:13:53Z
2023-12-02T03:00:00Z,2023-12-02T04:00:00+0100,98.35,EUR/MWh,NL,NL,day_ahead_price,value,2026-08-05T16:13:53Z
2023-12-02T04:00:00Z,2023-12-02T05:00:00+0100,98.01,EUR/MWh,NL,NL,day_ahead_price,value,2026-08-05T16:13:53Z
2023-12-02T05:00:00Z,2023-12-02T06:00:00+0100,99.06,EUR/MWh,NL,NL,day_ahead_price,value,2026-08-05T16:13:53Z
2023-12-02T06:00:00Z,2023-12-02T07:00:00+0100,104.75,EUR/MWh,NL,NL,day_ahead_price,value,2026-08-05T16:13:53Z
2023-12-02T07:00:00Z,2023-12-02T08:00:00+0100,120.34,EUR/MWh,NL,NL,day_ahead_price,value,2026-08-05T16:13:53Z
2023-12-02T08:00:00Z,2023-12-02T09:00:00+0100,127.99,EUR/MWh,NL,NL,day_ahead_price,value,2026-08-05T16:13:53Z
2023-12-02T09:00:00Z,2023-12-02T10:00:00+0100,130.75,EUR/MWh,NL,NL,day_ahead_price,value,2026-08-05T16:13:53Z
2023-12-02T10:00:00Z,2023-12-02T11:00:00+0100,126.24,EUR/MWh,NL,NL,day_ahead_price,value,2026-08-05T16:13:53Z
2023-12-02T11:00:00Z,2023-12-02T12:00:00+0100,119.9,EUR/MWh,NL,NL,day_ahead_price,value,2026-08-05T16:13:53Z
2023-12-02T12:00:00Z,2023-12-02T13:00:00+0100,114.58,EUR/MWh,NL,NL,day_ahead_price,value,2026-08-05T16:13:53Z
2023-12-02T13:00:00Z,2023-12-02T14:00:00+0100,118.52,EUR/MWh,NL,NL,day_ahead_price,value,2026-08-05T16:13:53Z
2023-12-02T14:00:00Z,2023-12-02T15:00:00+0100,123.5,EUR/MWh,NL,NL,day_ahead_price,value,2026-08-05T16:13:53Z
2023-12-02T15:00:00Z,2023-12-02T16:00:00+0100,129.79,EUR/MWh,NL,NL,day_ahead_price,value,2026-08-05T16:13:53Z
2023-12-02T16:00:00Z,2023-12-02T17:00:00+0100,144.15,EUR/MWh,NL,NL,day_ahead_price,value,2026-08-05T16:13:53Z
2023-12-02T17:00:00Z,2023-12-02T18:00:00+0100,144.85,EUR/MWh,NL,NL,day_ahead_price,value,2026-08-05T16:13:53Z
2023-12-02T18:00:00Z,2023-12-02T19:00:00+0100,129.56,EUR/MWh,NL,NL,day_ahead_price,value,2026-08-05T16:13:53Z
2023-12-02T19:00:00Z,2023-12-02T20:00:00+0100,122.56,EUR/MWh,NL,NL,day_ahead_price,value,2026-08-05T16:13:53Z
2023-12-02T20:00:00Z,2023-12-02T21:00:00+0100,113.0,EUR/MWh,NL,NL,day_ahead_price,value,2026-08-05T16:13:53Z
2023-12-02T21:00:00Z,2023-12-02T22:00:00+0100,109.01,EUR/MWh,NL,NL,day_ahead_price,value,2026-08-05T16:13:53Z
2023-12-02T22:00:00Z,2023-12-02T23:00:00+0100,106.3,EUR/MWh,NL,NL,day_ahead_price,value,2026-08-05T16:13:53Z
2023-12-02T23:00:00Z,2023-12-03T00:00:00+0100,108.63,EUR/MWh,NL,NL,day_ahead_price,value,2026-08-05T16:13:53Z
2023-12-03T00:00:00Z,2023-12-03T01:00:00+0100,103.38,EUR/MWh,NL,NL,day_ahead_price,value,2026-08-05T16:13:53Z
2023-12-03T01:00:00Z,2023-12-03T02:00:00+0100,100.2,EUR/MWh,NL,NL,day_ahead_price,value,2026-08-05T16:13:53Z
2023-12-03T02:00:00Z,2023-12-03T03:00:00+0100,99.13,EUR/MWh,NL,NL,day_ahead_price,value,2026-08-05T16:13:53Z
2023-12-03T03:00:00Z,2023-12-03T04:00:00+0100,95.15,EUR/MWh,NL,NL,day_ahead_price,value,2026-08-05T16:13:53Z
2023-12-03T04:00:00Z,2023-12-03T05:00:00+0100,91.83,EUR/MWh,NL,NL,day_ahead_price,value,2026-08-05T16:13:53Z
2023-12-03T05:00:00Z,2023-12-03T06:00:00+0100,88.89,EUR/MWh,NL,NL,day_ahead_price,value,2026-08-05T16:13:53Z
2023-12-03T06:00:00Z,2023-12-03T07:00:00+0100,92.31,EUR/MWh,NL,NL,day_ahead_price,value,2026-08-05T16:13:53Z
2023-12-03T07:00:00Z,2023-12-03T08:00:00+0100,97.02,EUR/MWh,NL,NL,day_ahead_price,value,2026-08-05T16:13:53Z
2023-12-03T08:00:00Z,2023-12-03T09:00:00+0100,100.15,EUR/MWh,NL,NL,day_ahead_price,value,2026-08-05T16:13:53Z
2023-12-03T09:00:00Z,2023-12-03T10:00:00+0100,104.96,EUR/MWh,NL,NL,day_ahead_price,value,2026-08-05T16:13:53Z
2023-12-03T10:00:00Z,2023-12-03T11:00:00+0100,105.07,EUR/MWh,NL,NL,day_ahead_price,value,2026-08-05T16:13:53Z
2023-12-03T11:00:00Z,2023-12-03T12:00:00+0100,102.91,EUR/MWh,NL,NL,day_ahead_price,value,2026-08-05T16:13:53Z
2023-12-03T12:00:00Z,2023-12-03T13:00:00+0100,100.0,EUR/MWh,NL,NL,day_ahead_price,value,2026-08-05T16:13:53Z
2023-12-03T13:00:00Z,2023-12-03T14:00:00+0100,105.68,EUR/MWh,NL,NL,day_ahead_price,value,2026-08-05T16:13:53Z
2023-12-03T14:00:00Z,2023-12-03T15:00:00+0100,115.0,EUR/MWh,NL,NL,day_ahead_price,value,2026-08-05T16:13:53Z
2023-12-03T15:00:00Z,2023-12-03T16:00:00+0100,122.2,EUR/MWh,NL,NL,day_ahead_price,value,2026-08-05T16:13:53Z
2023-12-03T16:00:00Z,2023-12-03T17:00:00+0100,127.9,EUR/MWh,NL,NL,day_ahead_price,value,2026-08-05T16:13:53Z
2023-12-03T17:00:00Z,2023-12-03T18:00:00+0100,129.05,EUR/MWh,NL,NL,day_ahead_price,value,2026-08-05T16:13:53Z
2023-12-03T18:00:00Z,2023-12-03T19:00:00+0100,126.07,EUR/MWh,NL,NL,day_ahead_price,value,2026-08-05T16:13:53Z
2023-12-03T19:00:00Z,2023-12-03T20:00:00+0100,112.33,EUR/MWh,NL,NL,day_ahead_price,value,2026-08-05T16:13:53Z
2023-12-03T20:00:00Z,2023-12-03T21:00:00+0100,100.0,EUR/MWh,NL,NL,day_ahead_price,value,2026-08-05T16:13:53Z
2023-12-03T21:00:00Z,2023-12-03T22:00:00+0100,99.09,EUR/MWh,NL,NL,day_ahead_price,value,2026-08-05T16:13:53Z
2023-12-03T22:00:00Z,2023-12-03T23:00:00+0100,89.0,EUR/MWh,NL,NL,day_ahead_price,value,2026-08-05T16:13:53Z
2023-12-03T23:00:00Z,2023-12-04T00:00:00+0100,93.86,EUR/MWh,NL,NL,day_ahead_price,value,2026-08-05T16:13:53Z
2023-12-04T00:00:00Z,2023-12-04T01:00:00+0100,89.81,EUR/MWh,NL,NL,day_ahead_price,value,2026-08-05T16:13:53Z
2023-12-04T01:00:00Z,2023-12-04T02:00:00+0100,88.02,EUR/MWh,NL,NL,day_ahead_price,value,2026-08-05T16:13:53Z
2023-12-04T02:00:00Z,2023-12-04T03:00:00+0100,85.38,EUR/MWh,NL,NL,day_ahead_price,value,2026-08-05T16:13:53Z
2023-12-04T03:00:00Z,2023-12-04T04:00:00+0100,85.83,EUR/MWh,NL,NL,day_ahead_price,value,2026-08-05T16:13:53Z
2023-12-04T04:00:00Z,2023-12-04T05:00:00+0100,91.98,EUR/MWh,NL,NL,day_ahead_price,value,2026-08-05T16:13:53Z
2023-12-04T05:00:00Z,2023-12-04T06:00:00+0100,103.38,EUR/MWh,NL,NL,day_ahead_price,value,2026-08-05T16:13:53Z
2023-12-04T06:00:00Z,2023-12-04T07:00:00+0100,115.75,EUR/MWh,NL,NL,day_ahead_price,value,2026-08-05T16:13:53Z
2023-12-04T07:00:00Z,2023-12-04T08:00:00+0100,122.64,EUR/MWh,NL,NL,day_ahead_price,value,2026-08-05T16:13:53Z
2023-12-04T08:00:00Z,2023-12-04T09:00:00+0100,126.12,EUR/MWh,NL,NL,day_ahead_price,value,2026-08-05T16:13:53Z
2023-12-04T09:00:00Z,2023-12-04T10:00:00+0100,128.02,EUR/MWh,NL,NL,day_ahead_price,value,2026-08-05T16:13:53Z
2023-12-04T10:00:00Z,2023-12-04T11:00:00+0100,130.7,EUR/MWh,NL,NL,day_ahead_price,value,2026-08-05T16:13:53Z
2023-12-04T11:00:00Z,2023-12-04T12:00:00+0100,126.45,EUR/MWh,NL,NL,day_ahead_price,value,2026-08-05T16:13:53Z
2023-12-04T12:00:00Z,2023-12-04T13:00:00+0100,130.0,EUR/MWh,NL,NL,day_ahead_price,value,2026-08-05T16:13:53Z
2023-12-04T13:00:00Z,2023-12-04T14:00:00+0100,127.1,EUR/MWh,NL,NL,day_ahead_price,value,2026-08-05T16:13:53Z
2023-12-04T14:00:00Z,2023-12-04T15:00:00+0100,124.84,EUR/MWh,NL,NL,day_ahead_price,value,2026-08-05T16:13:53Z
2023-12-04T15:00:00Z,2023-12-04T16:00:00+0100,121.96,EUR/MWh,NL,NL,day_ahead_price,value,2026-08-05T16:13:53Z
2023-12-04T16:00:00Z,2023-12-04T17:00:00+0100,128.06,EUR/MWh,NL,NL,day_ahead_price,value,2026-08-05T16:13:53Z
2023-12-04T17:00:00Z,2023-12-04T18:00:00+0100,125.6,EUR/MWh,NL,NL,day_ahead_price,value,2026-08-05T16:13:53Z
2023-12-04T18:00:00Z,2023-12-04T19:00:00+0100,120.0,EUR/MWh,NL,NL,day_ahead_price,value,2026-08-05T16:13:53Z
2023-12-04T19:00:00Z,2023-12-04T20:00:00+0100,114.33,EUR/MWh,NL,NL,day_ahead_price,value,2026-08-05T16:13:53Z
2023-12-04T20:00:00Z,2023-12-04T21:00:00+0100,105.55,EUR/MWh,NL,NL,day_ahead_price,value,2026-08-05T16:13:53Z
2023-12-04T21:00:00Z,2023-12-04T22:00:00+0100,100.0,EUR/MWh,NL,NL,day_ahead_price,value,2026-08-05T16:13:53Z
2023-12-04T22:00:00Z,2023-12-04T23:00:00+0100,91.76,EUR/MWh,NL,NL,day_ahead_price,value,2026-08-05T16:13:53Z
2023-12-04T23:00:00Z,2023-12-05T00:00:00+0100,90.85,EUR/MWh,NL,NL,day_ahead_price,value,2026-08-05T16:13:53Z
2023-12-05T00:00:00Z,2023-12-05T01:00:00+0100,88.01,EUR/MWh,NL,NL,day_ahead_price,value,2026-08-05T16:13:53Z
2023-12-05T01:00:00Z,2023-12-05T02:00:00+0100,85.73,EUR/MWh,NL,NL,day_ahead_price,value,2026-08-05T16:13:53Z
2023-12-05T02:00:00Z,2023-12-05T03:00:00+0100,83.62,EUR/MWh,NL,NL,day_ahead_price,value,2026-08-05T16:13:53Z
2023-12-05T03:00:00Z,2023-12-05T04:00:00+0100,84.71,EUR/MWh,NL,NL,day_ahead_price,value,2026-08-05T16:13:53Z
2023-12-05T04:00:00Z,2023-12-05T05:00:00+0100,91.02,EUR/MWh,NL,NL,day_ahead_price,value,2026-08-05T16:13:53Z
2023-12-05T05:00:00Z,2023-12-05T06:00:00+0100,107.95,EUR/MWh,NL,NL,day_ahead_price,value,2026-08-05T16:13:53Z
2023-12-05T06:00:00Z,2023-12-05T07:00:00+0100,114.36,EUR/MWh,NL,NL,day_ahead_price,value,2026-08-05T16:13:53Z
2023-12-05T07:00:00Z,2023-12-05T08:00:00+0100,122.79,EUR/MWh,NL,NL,day_ahead_price,value,2026-08-05T16:13:53Z
2023-12-05T08:00:00Z,2023-12-05T09:00:00+0100,123.29,EUR/MWh,NL,NL,day_ahead_price,value,2026-08-05T16:13:53Z
2023-12-05T09:00:00Z,2023-12-05T10:00:00+0100,120.69,EUR/MWh,NL,NL,day_ahead_price,value,2026-08-05T16:13:53Z
2023-12-05T10:00:00Z,2023-12-05T11:00:00+0100,120.79,EUR/MWh,NL,NL,day_ahead_price,value,2026-08-05T16:13:53Z
2023-12-05T11:00:00Z,2023-12-05T12:00:00+0100,117.96,EUR/MWh,NL,NL,day_ahead_price,value,2026-08-05T16:13:53Z
2023-12-05T12:00:00Z,2023-12-05T13:00:00+0100,118.12,EUR/MWh,NL,NL,day_ahead_price,value,2026-08-05T16:13:53Z
2023-12-05T13:00:00Z,2023-12-05T14:00:00+0100,125.07,EUR/MWh,NL,NL,day_ahead_price,value,2026-08-05T16:13:53Z
2023-12-05T14:00:00Z,2023-12-05T15:00:00+0100,122.59,EUR/MWh,NL,NL,day_ahead_price,value,2026-08-05T16:13:53Z
2023-12-05T15:00:00Z,2023-12-05T16:00:00+0100,129.24,EUR/MWh,NL,NL,day_ahead_price,value,2026-08-05T16:13:53Z
2023-12-05T16:00:00Z,2023-12-05T17:00:00+0100,146.05,EUR/MWh,NL,NL,day_ahead_price,value,2026-08-05T16:13:53Z
2023-12-05T17:00:00Z,2023-12-05T18:00:00+0100,147.47,EUR/MWh,NL,NL,day_ahead_price,value,2026-08-05T16:13:53Z
2023-12-05T18:00:00Z,2023-12-05T19:00:00+0100,141.56,EUR/MWh,NL,NL,day_ahead_price,value,2026-08-05T16:13:53Z
2023-12-05T19:00:00Z,2023-12-05T20:00:00+0100,128.63,EUR/MWh,NL,NL,day_ahead_price,value,2026-08-05T16:13:53Z
2023-12-05T20:00:00Z,2023-12-05T21:00:00+0100,117.83,EUR/MWh,NL,NL,day_ahead_price,value,2026-08-05T16:13:53Z
2023-12-05T21:00:00Z,2023-12-05T22:00:00+0100,111.55,EUR/MWh,NL,NL,day_ahead_price,value,2026-08-05T16:13:53Z
2023-12-05T22:00:00Z,2023-12-05T23:00:00+0100,103.28,EUR/MWh,NL,NL,day_ahead_price,value,2026-08-05T16:13:53Z
2023-12-05T23:00:00Z,2023-12-06T00:00:00+0100,94.97,EUR/MWh,NL,NL,day_ahead_price,value,2026-08-05T16:13:53Z
2023-12-06T00:00:00Z,2023-12-06T01:00:00+0100,93.1,EUR/MWh,NL,NL,day_ahead_price,value,2026-08-05T16:13:53Z
2023-12-06T01:00:00Z,2023-12-06T02:00:00+0100,92.57,EUR/MWh,NL,NL,day_ahead_price,value,2026-08-05T16:13:53Z
2023-12-06T02:00:00Z,2023-12-06T03:00:00+0100,90.96,EUR/MWh,NL,NL,day_ahead_price,value,2026-08-05T16:13:53Z
2023-12-06T03:00:00Z,2023-12-06T04:00:00+0100,90.59,EUR/MWh,NL,NL,day_ahead_price,value,2026-08-05T16:13:53Z
2023-12-06T04:00:00Z,2023-12-06T05:00:00+0100,93.89,EUR/MWh,NL,NL,day_ahead_price,value,2026-08-05T16:13:53Z
2023-12-06T05:00:00Z,2023-12-06T06:00:00+0100,106.52,EUR/MWh,NL,NL,day_ahead_price,value,2026-08-05T16:13:53Z
2023-12-06T06:00:00Z,2023-12-06T07:00:00+0100,132.76,EUR/MWh,NL,NL,day_ahead_price,value,2026-08-05T16:13:53Z
2023-12-06T07:00:00Z,2023-12-06T08:00:00+0100,167.0,EUR/MWh,NL,NL,day_ahead_price,value,2026-08-05T16:13:53Z
2023-12-06T08:00:00Z,2023-12-06T09:00:00+0100,166.54,EUR/MWh,NL,NL,day_ahead_price,value,2026-08-05T16:13:53Z
2023-12-06T09:00:00Z,2023-12-06T10:00:00+0100,150.0,EUR/MWh,NL,NL,day_ahead_price,value,2026-08-05T16:13:53Z
2023-12-06T10:00:00Z,2023-12-06T11:00:00+0100,146.29,EUR/MWh,NL,NL,day_ahead_price,value,2026-08-05T16:13:53Z
2023-12-06T11:00:00Z,2023-12-06T12:00:00+0100,119.0,EUR/MWh,NL,NL,day_ahead_price,value,2026-08-05T16:13:53Z
2023-12-06T12:00:00Z,2023-12-06T13:00:00+0100,109.73,EUR/MWh,NL,NL,day_ahead_price,value,2026-08-05T16:13:53Z
2023-12-06T13:00:00Z,2023-12-06T14:00:00+0100,129.89,EUR/MWh,NL,NL,day_ahead_price,value,2026-08-05T16:13:53Z
2023-12-06T14:00:00Z,2023-12-06T15:00:00+0100,143.99,EUR/MWh,NL,NL,day_ahead_price,value,2026-08-05T16:13:53Z
2023-12-06T15:00:00Z,2023-12-06T16:00:00+0100,164.0,EUR/MWh,NL,NL,day_ahead_price,value,2026-08-05T16:13:53Z
2023-12-06T16:00:00Z,2023-12-06T17:00:00+0100,178.07,EUR/MWh,NL,NL,day_ahead_price,value,2026-08-05T16:13:53Z
2023-12-06T17:00:00Z,2023-12-06T18:00:00+0100,165.28,EUR/MWh,NL,NL,day_ahead_price,value,2026-08-05T16:13:53Z
2023-12-06T18:00:00Z,2023-12-06T19:00:00+0100,149.93,EUR/MWh,NL,NL,day_ahead_price,value,2026-08-05T16:13:53Z
2023-12-06T19:00:00Z,2023-12-06T20:00:00+0100,129.91,EUR/MWh,NL,NL,day_ahead_price,value,2026-08-05T16:13:53Z
2023-12-06T20:00:00Z,2023-12-06T21:00:00+0100,115.68,EUR/MWh,NL,NL,day_ahead_price,value,2026-08-05T16:13:53Z
2023-12-06T21:00:00Z,2023-12-06T22:00:00+0100,107.33,EUR/MWh,NL,NL,day_ahead_price,value,2026-08-05T16:13:53Z
2023-12-06T22:00:00Z,2023-12-06T23:00:00+0100,100.44,EUR/MWh,NL,NL,day_ahead_price,value,2026-08-05T16:13:53Z
2023-12-06T23:00:00Z,2023-12-07T00:00:00+0100,99.2,EUR/MWh,NL,NL,day_ahead_price,value,2026-08-05T16:13:53Z
2023-12-07T00:00:00Z,2023-12-07T01:00:00+0100,97.85,EUR/MWh,NL,NL,day_ahead_price,value,2026-08-05T16:13:53Z
2023-12-07T01:00:00Z,2023-12-07T02:00:00+0100,96.86,EUR/MWh,NL,NL,day_ahead_price,value,2026-08-05T16:13:53Z
2023-12-07T02:00:00Z,2023-12-07T03:00:00+0100,91.81,EUR/MWh,NL,NL,day_ahead_price,value,2026-08-05T16:13:53Z
2023-12-07T03:00:00Z,2023-12-07T04:00:00+0100,89.92,EUR/MWh,NL,NL,day_ahead_price,value,2026-08-05T16:13:53Z
2023-12-07T04:00:00Z,2023-12-07T05:00:00+0100,94.53,EUR/MWh,NL,NL,day_ahead_price,value,2026-08-05T16:13:53Z
2023-12-07T05:00:00Z,2023-12-07T06:00:00+0100,97.05,EUR/MWh,NL,NL,day_ahead_price,value,2026-08-05T16:13:53Z
2023-12-07T06:00:00Z,2023-12-07T07:00:00+0100,127.99,EUR/MWh,NL,NL,day_ahead_price,value,2026-08-05T16:13:53Z
2023-12-07T07:00:00Z,2023-12-07T08:00:00+0100,150.0,EUR/MWh,NL,NL,day_ahead_price,value,2026-08-05T16:13:53Z
2023-12-07T08:00:00Z,2023-12-07T09:00:00+0100,137.7,EUR/MWh,NL,NL,day_ahead_price,value,2026-08-05T16:13:53Z
2023-12-07T09:00:00Z,2023-12-07T10:00:00+0100,108.2,EUR/MWh,NL,NL,day_ahead_price,value,2026-08-05T16:13:53Z
2023-12-07T10:00:00Z,2023-12-07T11:00:00+0100,94.3,EUR/MWh,NL,NL,day_ahead_price,value,2026-08-05T16:13:53Z
2023-12-07T11:00:00Z,2023-12-07T12:00:00+0100,79.0,EUR/MWh,NL,NL,day_ahead_price,value,2026-08-05T16:13:53Z
2023-12-07T12:00:00Z,2023-12-07T13:00:00+0100,80.3,EUR/MWh,NL,NL,day_ahead_price,value,2026-08-05T16:13:53Z
2023-12-07T13:00:00Z,2023-12-07T14:00:00+0100,86.0,EUR/MWh,NL,NL,day_ahead_price,value,2026-08-05T16:13:53Z
2023-12-07T14:00:00Z,2023-12-07T15:00:00+0100,106.7,EUR/MWh,NL,NL,day_ahead_price,value,2026-08-05T16:13:53Z
2023-12-07T15:00:00Z,2023-12-07T16:00:00+0100,126.13,EUR/MWh,NL,NL,day_ahead_price,value,2026-08-05T16:13:53Z
2023-12-07T16:00:00Z,2023-12-07T17:00:00+0100,125.21,EUR/MWh,NL,NL,day_ahead_price,value,2026-08-05T16:13:53Z
2023-12-07T17:00:00Z,2023-12-07T18:00:00+0100,120.28,EUR/MWh,NL,NL,day_ahead_price,value,2026-08-05T16:13:53Z
2023-12-07T18:00:00Z,2023-12-07T19:00:00+0100,103.19,EUR/MWh,NL,NL,day_ahead_price,value,2026-08-05T16:13:53Z
2023-12-07T19:00:00Z,2023-12-07T20:00:00+0100,99.88,EUR/MWh,NL,NL,day_ahead_price,value,2026-08-05T16:13:53Z
2023-12-07T20:00:00Z,2023-12-07T21:00:00+0100,96.1,EUR/MWh,NL,NL,day_ahead_price,value,2026-08-05T16:13:53Z
2023-12-07T21:00:00Z,2023-12-07T22:00:00+0100,96.47,EUR/MWh,NL,NL,day_ahead_price,value,2026-08-05T16:13:53Z
2023-12-07T22:00:00Z,2023-12-07T23:00:00+0100,87.08,EUR/MWh,NL,NL,day_ahead_price,value,2026-08-05T16:13:53Z
2023-12-07T23:00:00Z,2023-12-08T00:00:00+0100,87.09,EUR/MWh,NL,NL,day_ahead_price,value,2026-08-05T16:14:06Z
2023-12-08T00:00:00Z,2023-12-08T01:00:00+0100,83.26,EUR/MWh,NL,NL,day_ahead_price,value,2026-08-05T16:14:06Z
2023-12-08T01:00:00Z,2023-12-08T02:00:00+0100,81.43,EUR/MWh,NL,NL,day_ahead_price,value,2026-08-05T16:14:06Z
2023-12-08T02:00:00Z,2023-12-08T03:00:00+0100,79.52,EUR/MWh,NL,NL,day_ahead_price,value,2026-08-05T16:14:06Z
2023-12-08T03:00:00Z,2023-12-08T04:00:00+0100,80.0,EUR/MWh,NL,NL,day_ahead_price,value,2026-08-05T16:14:06Z
2023-12-08T04:00:00Z,2023-12-08T05:00:00+0100,87.04,EUR/MWh,NL,NL,day_ahead_price,value,2026-08-05T16:14:06Z
2023-12-08T05:00:00Z,2023-12-08T06:00:00+0100,99.94,EUR/MWh,NL,NL,day_ahead_price,value,2026-08-05T16:14:06Z
2023-12-08T06:00:00Z,2023-12-08T07:00:00+0100,107.54,EUR/MWh,NL,NL,day_ahead_price,value,2026-08-05T16:14:06Z
2023-12-08T07:00:00Z,2023-12-08T08:00:00+0100,112.8,EUR/MWh,NL,NL,day_ahead_price,value,2026-08-05T16:14:06Z
2023-12-08T08:00:00Z,2023-12-08T09:00:00+0100,118.58,EUR/MWh,NL,NL,day_ahead_price,value,2026-08-05T16:14:06Z
2023-12-08T09:00:00Z,2023-12-08T10:00:00+0100,118.78,EUR/MWh,NL,NL,day_ahead_price,value,2026-08-05T16:14:06Z
2023-12-08T10:00:00Z,2023-12-08T11:00:00+0100,118.07,EUR/MWh,NL,NL,day_ahead_price,value,2026-08-05T16:14:06Z
2023-12-08T11:00:00Z,2023-12-08T12:00:00+0100,116.74,EUR/MWh,NL,NL,day_ahead_price,value,2026-08-05T16:14:06Z
2023-12-08T12:00:00Z,2023-12-08T13:00:00+0100,111.89,EUR/MWh,NL,NL,day_ahead_price,value,2026-08-05T16:14:06Z
2023-12-08T13:00:00Z,2023-12-08T14:00:00+0100,113.09,EUR/MWh,NL,NL,day_ahead_price,value,2026-08-05T16:14:06Z
2023-12-08T14:00:00Z,2023-12-08T15:00:00+0100,115.75,EUR/MWh,NL,NL,day_ahead_price,value,2026-08-05T16:14:06Z
2023-12-08T15:00:00Z,2023-12-08T16:00:00+0100,113.35,EUR/MWh,NL,NL,day_ahead_price,value,2026-08-05T16:14:06Z
2023-12-08T16:00:00Z,2023-12-08T17:00:00+0100,117.63,EUR/MWh,NL,NL,day_ahead_price,value,2026-08-05T16:14:06Z
2023-12-08T17:00:00Z,2023-12-08T18:00:00+0100,118.6,EUR/MWh,NL,NL,day_ahead_price,value,2026-08-05T16:14:06Z
2023-12-08T18:00:00Z,2023-12-08T19:00:00+0100,105.56,EUR/MWh,NL,NL,day_ahead_price,value,2026-08-05T16:14:06Z
2023-12-08T19:00:00Z,2023-12-08T20:00:00+0100,104.67,EUR/MWh,NL,NL,day_ahead_price,value,2026-08-05T16:14:06Z
2023-12-08T20:00:00Z,2023-12-08T21:00:00+0100,101.12,EUR/MWh,NL,NL,day_ahead_price,value,2026-08-05T16:14:06Z
2023-12-08T21:00:00Z,2023-12-08T22:00:00+0100,101.39,EUR/MWh,NL,NL,day_ahead_price,value,2026-08-05T16:14:06Z
2023-12-08T22:00:00Z,2023-12-08T23:00:00+0100,90.58,EUR/MWh,NL,NL,day_ahead_price,value,2026-08-05T16:14:06Z
2023-12-08T23:00:00Z,2023-12-09T00:00:00+0100,95.0,EUR/MWh,NL,NL,day_ahead_price,value,2026-08-05T16:14:06Z
2023-12-09T00:00:00Z,2023-12-09T01:00:00+0100,85.1,EUR/MWh,NL,NL,day_ahead_price,value,2026-08-05T16:14:06Z
2023-12-09T01:00:00Z,2023-12-09T02:00:00+0100,79.49,EUR/MWh,NL,NL,day_ahead_price,value,2026-08-05T16:14:06Z
2023-12-09T02:00:00Z,2023-12-09T03:00:00+0100,73.07,EUR/MWh,NL,NL,day_ahead_price,value,2026-08-05T16:14:06Z
2023-12-09T03:00:00Z,2023-12-09T04:00:00+0100,69.57,EUR/MWh,NL,NL,day_ahead_price,value,2026-08-05T16:14:06Z
2023-12-09T04:00:00Z,2023-12-09T05:00:00+0100,72.38,EUR/MWh,NL,NL,day_ahead_price,value,2026-08-05T16:14:06Z
2023-12-09T05:00:00Z,2023-12-09T06:00:00+0100,76.04,EUR/MWh,NL,NL,day_ahead_price,value,2026-08-05T16:14:06Z
2023-12-09T06:00:00Z,2023-12-09T07:00:00+0100,82.49,EUR/MWh,NL,NL,day_ahead_price,value,2026-08-05T16:14:06Z
2023-12-09T07:00:00Z,2023-12-09T08:00:00+0100,85.14,EUR/MWh,NL,NL,day_ahead_price,value,2026-08-05T16:14:06Z
2023-12-09T08:00:00Z,2023-12-09T09:00:00+0100,91.76,EUR/MWh,NL,NL,day_ahead_price,value,2026-08-05T16:14:06Z
2023-12-09T09:00:00Z,2023-12-09T10:00:00+0100,90.58,EUR/MWh,NL,NL,day_ahead_price,value,2026-08-05T16:14:06Z
2023-12-09T10:00:00Z,2023-12-09T11:00:00+0100,90.75,EUR/MWh,NL,NL,day_ahead_price,value,2026-08-05T16:14:06Z
2023-12-09T11:00:00Z,2023-12-09T12:00:00+0100,91.17,EUR/MWh,NL,NL,day_ahead_price,value,2026-08-05T16:14:06Z
2023-12-09T12:00:00Z,2023-12-09T13:00:00+0100,88.69,EUR/MWh,NL,NL,day_ahead_price,value,2026-08-05T16:14:06Z
2023-12-09T13:00:00Z,2023-12-09T14:00:00+0100,85.6,EUR/MWh,NL,NL,day_ahead_price,value,2026-08-05T16:14:06Z
2023-12-09T14:00:00Z,2023-12-09T15:00:00+0100,83.5,EUR/MWh,NL,NL,day_ahead_price,value,2026-08-05T16:14:06Z
2023-12-09T15:00:00Z,2023-12-09T16:00:00+0100,78.7,EUR/MWh,NL,NL,day_ahead_price,value,2026-08-05T16:14:06Z
2023-12-09T16:00:00Z,2023-12-09T17:00:00+0100,83.44,EUR/MWh,NL,NL,day_ahead_price,value,2026-08-05T16:14:06Z
2023-12-09T17:00:00Z,2023-12-09T18:00:00+0100,80.0,EUR/MWh,NL,NL,day_ahead_price,value,2026-08-05T16:14:06Z
2023-12-09T18:00:00Z,2023-12-09T19:00:00+0100,78.69,EUR/MWh,NL,NL,day_ahead_price,value,2026-08-05T16:14:06Z
2023-12-09T19:00:00Z,2023-12-09T20:00:00+0100,65.62,EUR/MWh,NL,NL,day_ahead_price,value,2026-08-05T16:14:06Z
2023-12-09T20:00:00Z,2023-12-09T21:00:00+0100,61.4,EUR/MWh,NL,NL,day_ahead_price,value,2026-08-05T16:14:06Z
2023-12-09T21:00:00Z,2023-12-09T22:00:00+0100,57.2,EUR/MWh,NL,NL,day_ahead_price,value,2026-08-05T16:14:06Z
2023-12-09T22:00:00Z,2023-12-09T23:00:00+0100,46.18,EUR/MWh,NL,NL,day_ahead_price,value,2026-08-05T16:14:06Z
2023-12-09T23:00:00Z,2023-12-10T00:00:00+0100,33.78,EUR/MWh,NL,NL,day_ahead_price,value,2026-08-05T16:14:06Z
2023-12-10T00:00:00Z,2023-12-10T01:00:00+0100,21.34,EUR/MWh,NL,NL,day_ahead_price,value,2026-08-05T16:14:06Z
2023-12-10T01:00:00Z,2023-12-10T02:00:00+0100,12.49,EUR/MWh,NL,NL,day_ahead_price,value,2026-08-05T16:14:06Z
2023-12-10T02:00:00Z,2023-12-10T03:00:00+0100,6.37,EUR/MWh,NL,NL,day_ahead_price,value,2026-08-05T16:14:06Z
2023-12-10T03:00:00Z,2023-12-10T04:00:00+0100,9.36,EUR/MWh,NL,NL,day_ahead_price,value,2026-08-05T16:14:06Z
2023-12-10T04:00:00Z,2023-12-10T05:00:00+0100,17.54,EUR/MWh,NL,NL,day_ahead_price,value,2026-08-05T16:14:06Z
2023-12-10T05:00:00Z,2023-12-10T06:00:00+0100,23.84,EUR/MWh,NL,NL,day_ahead_price,value,2026-08-05T16:14:06Z
2023-12-10T06:00:00Z,2023-12-10T07:00:00+0100,41.85,EUR/MWh,NL,NL,day_ahead_price,value,2026-08-05T16:14:06Z
2023-12-10T07:00:00Z,2023-12-10T08:00:00+0100,59.67,EUR/MWh,NL,NL,day_ahead_price,value,2026-08-05T16:14:06Z
2023-12-10T08:00:00Z,2023-12-10T09:00:00+0100,66.24,EUR/MWh,NL,NL,day_ahead_price,value,2026-08-05T16:14:06Z
2023-12-10T09:00:00Z,2023-12-10T10:00:00+0100,68.01,EUR/MWh,NL,NL,day_ahead_price,value,2026-08-05T16:14:06Z
2023-12-10T10:00:00Z,2023-12-10T11:00:00+0100,67.96,EUR/MWh,NL,NL,day_ahead_price,value,2026-08-05T16:14:06Z
2023-12-10T11:00:00Z,2023-12-10T12:00:00+0100,66.38,EUR/MWh,NL,NL,day_ahead_price,value,2026-08-05T16:14:06Z
2023-12-10T12:00:00Z,2023-12-10T13:00:00+0100,64.73,EUR/MWh,NL,NL,day_ahead_price,value,2026-08-05T16:14:06Z
2023-12-10T13:00:00Z,2023-12-10T14:00:00+0100,68.98,EUR/MWh,NL,NL,day_ahead_price,value,2026-08-05T16:14:06Z
2023-12-10T14:00:00Z,2023-12-10T15:00:00+0100,75.84,EUR/MWh,NL,NL,day_ahead_price,value,2026-08-05T16:14:06Z
2023-12-10T15:00:00Z,2023-12-10T16:00:00+0100,80.3,EUR/MWh,NL,NL,day_ahead_price,value,2026-08-05T16:14:06Z
2023-12-10T16:00:00Z,2023-12-10T17:00:00+0100,80.3,EUR/MWh,NL,NL,day_ahead_price,value,2026-08-05T16:14:06Z
2023-12-10T17:00:00Z,2023-12-10T18:00:00+0100,85.42,EUR/MWh,NL,NL,day_ahead_price,value,2026-08-05T16:14:06Z
2023-12-10T18:00:00Z,2023-12-10T19:00:00+0100,80.76,EUR/MWh,NL,NL,day_ahead_price,value,2026-08-05T16:14:06Z
2023-12-10T19:00:00Z,2023-12-10T20:00:00+0100,78.05,EUR/MWh,NL,NL,day_ahead_price,value,2026-08-05T16:14:06Z
2023-12-10T20:00:00Z,2023-12-10T21:00:00+0100,77.06,EUR/MWh,NL,NL,day_ahead_price,value,2026-08-05T16:14:06Z
2023-12-10T21:00:00Z,2023-12-10T22:00:00+0100,77.47,EUR/MWh,NL,NL,day_ahead_price,value,2026-08-05T16:14:06Z
2023-12-10T22:00:00Z,2023-12-10T23:00:00+0100,67.15,EUR/MWh,NL,NL,day_ahead_price,value,2026-08-05T16:14:06Z
2023-12-10T23:00:00Z,2023-12-11T00:00:00+0100,34.55,EUR/MWh,NL,NL,day_ahead_price,value,2026-08-05T16:14:06Z
2023-12-11T00:00:00Z,2023-12-11T01:00:00+0100,15.74,EUR/MWh,NL,NL,day_ahead_price,value,2026-08-05T16:14:06Z
2023-12-11T01:00:00Z,2023-12-11T02:00:00+0100,13.0,EUR/MWh,NL,NL,day_ahead_price,value,2026-08-05T16:14:06Z
2023-12-11T02:00:00Z,2023-12-11T03:00:00+0100,8.9,EUR/MWh,NL,NL,day_ahead_price,value,2026-08-05T16:14:06Z
2023-12-11T03:00:00Z,2023-12-11T04:00:00+0100,11.99,EUR/MWh,NL,NL,day_ahead_price,value,2026-08-05T16:14:06Z
2023-12-11T04:00:00Z,2023-12-11T05:00:00+0100,35.79,EUR/MWh,NL,NL,day_ahead_price,value,2026-08-05T16:14:06Z
2023-12-11T05:00:00Z,2023-12-11T06:00:00+0100,74.29,EUR/MWh,NL,NL,day_ahead_price,value,2026-08-05T16:14:06Z
2023-12-11T06:00:00Z,2023-12-11T07:00:00+0100,92.74,EUR/MWh,NL,NL,day_ahead_price,value,2026-08-05T16:14:06Z
2023-12-11T07:00:00Z,2023-12-11T08:00:00+0100,98.65,EUR/MWh,NL,NL,day_ahead_price,value,2026-08-05T16:14:06Z
2023-12-11T08:00:00Z,2023-12-11T09:00:00+0100,98.37,EUR/MWh,NL,NL,day_ahead_price,value,2026-08-05T16:14:06Z
2023-12-11T09:00:00Z,2023-12-11T10:00:00+0100,93.29,EUR/MWh,NL,NL,day_ahead_price,value,2026-08-05T16:14:06Z
2023-12-11T10:00:00Z,2023-12-11T11:00:00+0100,90.98,EUR/MWh,NL,NL,day_ahead_price,value,2026-08-05T16:14:06Z
2023-12-11T11:00:00Z,2023-12-11T12:00:00+0100,85.97,EUR/MWh,NL,NL,day_ahead_price,value,2026-08-05T16:14:06Z
2023-12-11T12:00:00Z,2023-12-11T13:00:00+0100,84.48,EUR/MWh,NL,NL,day_ahead_price,value,2026-08-05T16:14:06Z
2023-12-11T13:00:00Z,2023-12-11T14:00:00+0100,92.0,EUR/MWh,NL,NL,day_ahead_price,value,2026-08-05T16:14:06Z
2023-12-11T14:00:00Z,2023-12-11T15:00:00+0100,96.79,EUR/MWh,NL,NL,day_ahead_price,value,2026-08-05T16:14:06Z
2023-12-11T15:00:00Z,2023-12-11T16:00:00+0100,106.12,EUR/MWh,NL,NL,day_ahead_price,value,2026-08-05T16:14:06Z
2023-12-11T16:00:00Z,2023-12-11T17:00:00+0100,118.45,EUR/MWh,NL,NL,day_ahead_price,value,2026-08-05T16:14:06Z
2023-12-11T17:00:00Z,2023-12-11T18:00:00+0100,122.9,EUR/MWh,NL,NL,day_ahead_price,value,2026-08-05T16:14:06Z
2023-12-11T18:00:00Z,2023-12-11T19:00:00+0100,121.55,EUR/MWh,NL,NL,day_ahead_price,value,2026-08-05T16:14:06Z
2023-12-11T19:00:00Z,2023-12-11T20:00:00+0100,114.11,EUR/MWh,NL,NL,day_ahead_price,value,2026-08-05T16:14:06Z
2023-12-11T20:00:00Z,2023-12-11T21:00:00+0100,99.42,EUR/MWh,NL,NL,day_ahead_price,value,2026-08-05T16:14:06Z
2023-12-11T21:00:00Z,2023-12-11T22:00:00+0100,96.53,EUR/MWh,NL,NL,day_ahead_price,value,2026-08-05T16:14:06Z
2023-12-11T22:00:00Z,2023-12-11T23:00:00+0100,90.37,EUR/MWh,NL,NL,day_ahead_price,value,2026-08-05T16:14:06Z
2023-12-11T23:00:00Z,2023-12-12T00:00:00+0100,88.07,EUR/MWh,NL,NL,day_ahead_price,value,2026-08-05T16:14:06Z
2023-12-12T00:00:00Z,2023-12-12T01:00:00+0100,87.06,EUR/MWh,NL,NL,day_ahead_price,value,2026-08-05T16:14:06Z
2023-12-12T01:00:00Z,2023-12-12T02:00:00+0100,85.62,EUR/MWh,NL,NL,day_ahead_price,value,2026-08-05T16:14:06Z
2023-12-12T02:00:00Z,2023-12-12T03:00:00+0100,84.42,EUR/MWh,NL,NL,day_ahead_price,value,2026-08-05T16:14:06Z
2023-12-12T03:00:00Z,2023-12-12T04:00:00+0100,85.55,EUR/MWh,NL,NL,day_ahead_price,value,2026-08-05T16:14:06Z
2023-12-12T04:00:00Z,2023-12-12T05:00:00+0100,87.31,EUR/MWh,NL,NL,day_ahead_price,value,2026-08-05T16:14:06Z
2023-12-12T05:00:00Z,2023-12-12T06:00:00+0100,98.9,EUR/MWh,NL,NL,day_ahead_price,value,2026-08-05T16:14:06Z
2023-12-12T06:00:00Z,2023-12-12T07:00:00+0100,118.4,EUR/MWh,NL,NL,day_ahead_price,value,2026-08-05T16:14:06Z
2023-12-12T07:00:00Z,2023-12-12T08:00:00+0100,140.79,EUR/MWh,NL,NL,day_ahead_price,value,2026-08-05T16:14:06Z
2023-12-12T08:00:00Z,2023-12-12T09:00:00+0100,128.77,EUR/MWh,NL,NL,day_ahead_price,value,2026-08-05T16:14:06Z
2023-12-12T09:00:00Z,2023-12-12T10:00:00+0100,124.57,EUR/MWh,NL,NL,day_ahead_price,value,2026-08-05T16:14:06Z
2023-12-12T10:00:00Z,2023-12-12T11:00:00+0100,118.81,EUR/MWh,NL,NL,day_ahead_price,value,2026-08-05T16:14:06Z
2023-12-12T11:00:00Z,2023-12-12T12:00:00+0100,116.82,EUR/MWh,NL,NL,day_ahead_price,value,2026-08-05T16:14:06Z
2023-12-12T12:00:00Z,2023-12-12T13:00:00+0100,119.47,EUR/MWh,NL,NL,day_ahead_price,value,2026-08-05T16:14:06Z
2023-12-12T13:00:00Z,2023-12-12T14:00:00+0100,116.69,EUR/MWh,NL,NL,day_ahead_price,value,2026-08-05T16:14:06Z
2023-12-12T14:00:00Z,2023-12-12T15:00:00+0100,115.54,EUR/MWh,NL,NL,day_ahead_price,value,2026-08-05T16:14:06Z
2023-12-12T15:00:00Z,2023-12-12T16:00:00+0100,106.5,EUR/MWh,NL,NL,day_ahead_price,value,2026-08-05T16:14:06Z
2023-12-12T16:00:00Z,2023-12-12T17:00:00+0100,104.13,EUR/MWh,NL,NL,day_ahead_price,value,2026-08-05T16:14:06Z
2023-12-12T17:00:00Z,2023-12-12T18:00:00+0100,105.0,EUR/MWh,NL,NL,day_ahead_price,value,2026-08-05T16:14:06Z
2023-12-12T18:00:00Z,2023-12-12T19:00:00+0100,93.6,EUR/MWh,NL,NL,day_ahead_price,value,2026-08-05T16:14:06Z
2023-12-12T19:00:00Z,2023-12-12T20:00:00+0100,92.15,EUR/MWh,NL,NL,day_ahead_price,value,2026-08-05T16:14:06Z
2023-12-12T20:00:00Z,2023-12-12T21:00:00+0100,88.14,EUR/MWh,NL,NL,day_ahead_price,value,2026-08-05T16:14:06Z
2023-12-12T21:00:00Z,2023-12-12T22:00:00+0100,83.37,EUR/MWh,NL,NL,day_ahead_price,value,2026-08-05T16:14:06Z
2023-12-12T22:00:00Z,2023-12-12T23:00:00+0100,77.5,EUR/MWh,NL,NL,day_ahead_price,value,2026-08-05T16:14:06Z
2023-12-12T23:00:00Z,2023-12-13T00:00:00+0100,75.43,EUR/MWh,NL,NL,day_ahead_price,value,2026-08-05T16:14:06Z
2023-12-13T00:00:00Z,2023-12-13T01:00:00+0100,73.01,EUR/MWh,NL,NL,day_ahead_price,value,2026-08-05T16:14:06Z
2023-12-13T01:00:00Z,2023-12-13T02:00:00+0100,73.72,EUR/MWh,NL,NL,day_ahead_price,value,2026-08-05T16:14:06Z
2023-12-13T02:00:00Z,2023-12-13T03:00:00+0100,71.46,EUR/MWh,NL,NL,day_ahead_price,value,2026-08-05T16:14:06Z
2023-12-13T03:00:00Z,2023-12-13T04:00:00+0100,73.05,EUR/MWh,NL,NL,day_ahead_price,value,2026-08-05T16:14:06Z
2023-12-13T04:00:00Z,2023-12-13T05:00:00+0100,75.57,EUR/MWh,NL,NL,day_ahead_price,value,2026-08-05T16:14:06Z
2023-12-13T05:00:00Z,2023-12-13T06:00:00+0100,83.1,EUR/MWh,NL,NL,day_ahead_price,value,2026-08-05T16:14:06Z
2023-12-13T06:00:00Z,2023-12-13T07:00:00+0100,102.19,EUR/MWh,NL,NL,day_ahead_price,value,2026-08-05T16:14:06Z
2023-12-13T07:00:00Z,2023-12-13T08:00:00+0100,98.77,EUR/MWh,NL,NL,day_ahead_price,value,2026-08-05T16:14:06Z
2023-12-13T08:00:00Z,2023-12-13T09:00:00+0100,103.51,EUR/MWh,NL,NL,day_ahead_price,value,2026-08-05T16:14:06Z
2023-12-13T09:00:00Z,2023-12-13T10:00:00+0100,100.23,EUR/MWh,NL,NL,day_ahead_price,value,2026-08-05T16:14:06Z
2023-12-13T10:00:00Z,2023-12-13T11:00:00+0100,100.0,EUR/MWh,NL,NL,day_ahead_price,value,2026-08-05T16:14:06Z
2023-12-13T11:00:00Z,2023-12-13T12:00:00+0100,97.62,EUR/MWh,NL,NL,day_ahead_price,value,2026-08-05T16:14:06Z
2023-12-13T12:00:00Z,2023-12-13T13:00:00+0100,97.34,EUR/MWh,NL,NL,day_ahead_price,value,2026-08-05T16:14:06Z
2023-12-13T13:00:00Z,2023-12-13T14:00:00+0100,102.06,EUR/MWh,NL,NL,day_ahead_price,value,2026-08-05T16:14:06Z
2023-12-13T14:00:00Z,2023-12-13T15:00:00+0100,102.83,EUR/MWh,NL,NL,day_ahead_price,value,2026-08-05T16:14:06Z
2023-12-13T15:00:00Z,2023-12-13T16:00:00+0100,100.78,EUR/MWh,NL,NL,day_ahead_price,value,2026-08-05T16:14:06Z
2023-12-13T16:00:00Z,2023-12-13T17:00:00+0100,110.04,EUR/MWh,NL,NL,day_ahead_price,value,2026-08-05T16:14:06Z
2023-12-13T17:00:00Z,2023-12-13T18:00:00+0100,105.42,EUR/MWh,NL,NL,day_ahead_price,value,2026-08-05T16:14:06Z
2023-12-13T18:00:00Z,2023-12-13T19:00:00+0100,102.04,EUR/MWh,NL,NL,day_ahead_price,value,2026-08-05T16:14:06Z
2023-12-13T19:00:00Z,2023-12-13T20:00:00+0100,95.3,EUR/MWh,NL,NL,day_ahead_price,value,2026-08-05T16:14:06Z
2023-12-13T20:00:00Z,2023-12-13T21:00:00+0100,90.88,EUR/MWh,NL,NL,day_ahead_price,value,2026-08-05T16:14:06Z
2023-12-13T21:00:00Z,2023-12-13T22:00:00+0100,92.35,EUR/MWh,NL,NL,day_ahead_price,value,2026-08-05T16:14:06Z
2023-12-13T22:00:00Z,2023-12-13T23:00:00+0100,84.25,EUR/MWh,NL,NL,day_ahead_price,value,2026-08-05T16:14:06Z
2023-12-13T23:00:00Z,2023-12-14T00:00:00+0100,77.34,EUR/MWh,NL,NL,day_ahead_price,value,2026-08-05T16:14:06Z
2023-12-14T00:00:00Z,2023-12-14T01:00:00+0100,76.13,EUR/MWh,NL,NL,day_ahead_price,value,2026-08-05T16:14:06Z
2023-12-14T01:00:00Z,2023-12-14T02:00:00+0100,76.5,EUR/MWh,NL,NL,day_ahead_price,value,2026-08-05T16:14:06Z
2023-12-14T02:00:00Z,2023-12-14T03:00:00+0100,77.53,EUR/MWh,NL,NL,day_ahead_price,value,2026-08-05T16:14:06Z
2023-12-14T03:00:00Z,2023-12-14T04:00:00+0100,79.05,EUR/MWh,NL,NL,day_ahead_price,value,2026-08-05T16:14:06Z
2023-12-14T04:00:00Z,2023-12-14T05:00:00+0100,81.92,EUR/MWh,NL,NL,day_ahead_price,value,2026-08-05T16:14:06Z
2023-12-14T05:00:00Z,2023-12-14T06:00:00+0100,90.92,EUR/MWh,NL,NL,day_ahead_price,value,2026-08-05T16:14:06Z
2023-12-14T06:00:00Z,2023-12-14T07:00:00+0100,116.34,EUR/MWh,NL,NL,day_ahead_price,value,2026-08-05T16:14:06Z
2023-12-14T07:00:00Z,2023-12-14T08:00:00+0100,124.66,EUR/MWh,NL,NL,day_ahead_price,value,2026-08-05T16:14:06Z
2023-12-14T08:00:00Z,2023-12-14T09:00:00+0100,121.7,EUR/MWh,NL,NL,day_ahead_price,value,2026-08-05T16:14:06Z
2023-12-14T09:00:00Z,2023-12-14T10:00:00+0100,114.33,EUR/MWh,NL,NL,day_ahead_price,value,2026-08-05T16:14:06Z
2023-12-14T10:00:00Z,2023-12-14T11:00:00+0100,119.32,EUR/MWh,NL,NL,day_ahead_price,value,2026-08-05T16:14:06Z
2023-12-14T11:00:00Z,2023-12-14T12:00:00+0100,95.0,EUR/MWh,NL,NL,day_ahead_price,value,2026-08-05T16:14:06Z
2023-12-14T12:00:00Z,2023-12-14T13:00:00+0100,99.9,EUR/MWh,NL,NL,day_ahead_price,value,2026-08-05T16:14:06Z
2023-12-14T13:00:00Z,2023-12-14T14:00:00+0100,100.8,EUR/MWh,NL,NL,day_ahead_price,value,2026-08-05T16:14:06Z
2023-12-14T14:00:00Z,2023-12-14T15:00:00+0100,108.1,EUR/MWh,NL,NL,day_ahead_price,value,2026-08-05T16:14:06Z
2023-12-14T15:00:00Z,2023-12-14T16:00:00+0100,120.0,EUR/MWh,NL,NL,day_ahead_price,value,2026-08-05T16:14:06Z
2023-12-14T16:00:00Z,2023-12-14T17:00:00+0100,119.9,EUR/MWh,NL,NL,day_ahead_price,value,2026-08-05T16:14:06Z
2023-12-14T17:00:00Z,2023-12-14T18:00:00+0100,122.3,EUR/MWh,NL,NL,day_ahead_price,value,2026-08-05T16:14:06Z
2023-12-14T18:00:00Z,2023-12-14T19:00:00+0100,113.82,EUR/MWh,NL,NL,day_ahead_price,value,2026-08-05T16:14:06Z
2023-12-14T19:00:00Z,2023-12-14T20:00:00+0100,99.9,EUR/MWh,NL,NL,day_ahead_price,value,2026-08-05T16:14:06Z
2023-12-14T20:00:00Z,2023-12-14T21:00:00+0100,96.2,EUR/MWh,NL,NL,day_ahead_price,value,2026-08-05T16:14:06Z
2023-12-14T21:00:00Z,2023-12-14T22:00:00+0100,94.46,EUR/MWh,NL,NL,day_ahead_price,value,2026-08-05T16:14:06Z
2023-12-14T22:00:00Z,2023-12-14T23:00:00+0100,85.57,EUR/MWh,NL,NL,day_ahead_price,value,2026-08-05T16:14:06Z
2023-12-14T23:00:00Z,2023-12-15T00:00:00+0100,86.11,EUR/MWh,NL,NL,day_ahead_price,value,2026-08-05T16:14:06Z
2023-12-15T00:00:00Z,2023-12-15T01:00:00+0100,82.93,EUR/MWh,NL,NL,day_ahead_price,value,2026-08-05T16:14:06Z
2023-12-15T01:00:00Z,2023-12-15T02:00:00+0100,80.1,EUR/MWh,NL,NL,day_ahead_price,value,2026-08-05T16:14:06Z
2023-12-15T02:00:00Z,2023-12-15T03:00:00+0100,76.55,EUR/MWh,NL,NL,day_ahead_price,value,2026-08-05T16:14:06Z
2023-12-15T03:00:00Z,2023-12-15T04:00:00+0100,75.16,EUR/MWh,NL,NL,day_ahead_price,value,2026-08-05T16:14:06Z
2023-12-15T04:00:00Z,2023-12-15T05:00:00+0100,80.41,EUR/MWh,NL,NL,day_ahead_price,value,2026-08-05T16:14:06Z
2023-12-15T05:00:00Z,2023-12-15T06:00:00+0100,95.97,EUR/MWh,NL,NL,day_ahead_price,value,2026-08-05T16:14:06Z
2023-12-15T06:00:00Z,2023-12-15T07:00:00+0100,106.92,EUR/MWh,NL,NL,day_ahead_price,value,2026-08-05T16:14:06Z
2023-12-15T07:00:00Z,2023-12-15T08:00:00+0100,121.5,EUR/MWh,NL,NL,day_ahead_price,value,2026-08-05T16:14:06Z
2023-12-15T08:00:00Z,2023-12-15T09:00:00+0100,117.47,EUR/MWh,NL,NL,day_ahead_price,value,2026-08-05T16:14:06Z
2023-12-15T09:00:00Z,2023-12-15T10:00:00+0100,109.97,EUR/MWh,NL,NL,day_ahead_price,value,2026-08-05T16:14:06Z
2023-12-15T10:00:00Z,2023-12-15T11:00:00+0100,102.77,EUR/MWh,NL,NL,day_ahead_price,value,2026-08-05T16:14:06Z
2023-12-15T11:00:00Z,2023-12-15T12:00:00+0100,94.2,EUR/MWh,NL,NL,day_ahead_price,value,2026-08-05T16:14:06Z
2023-12-15T12:00:00Z,2023-12-15T13:00:00+0100,88.37,EUR/MWh,NL,NL,day_ahead_price,value,2026-08-05T16:14:06Z
2023-12-15T13:00:00Z,2023-12-15T14:00:00+0100,87.1,EUR/MWh,NL,NL,day_ahead_price,value,2026-08-05T16:14:06Z
2023-12-15T14:00:00Z,2023-12-15T15:00:00+0100,89.86,EUR/MWh,NL,NL,day_ahead_price,value,2026-08-05T16:14:06Z
2023-12-15T15:00:00Z,2023-12-15T16:00:00+0100,98.4,EUR/MWh,NL,NL,day_ahead_price,value,2026-08-05T16:14:06Z
2023-12-15T16:00:00Z,2023-12-15T17:00:00+0100,104.4,EUR/MWh,NL,NL,day_ahead_price,value,2026-08-05T16:14:06Z
2023-12-15T17:00:00Z,2023-12-15T18:00:00+0100,101.86,EUR/MWh,NL,NL,day_ahead_price,value,2026-08-05T16:14:06Z
2023-12-15T18:00:00Z,2023-12-15T19:00:00+0100,93.3,EUR/MWh,NL,NL,day_ahead_price,value,2026-08-05T16:14:06Z
2023-12-15T19:00:00Z,2023-12-15T20:00:00+0100,93.36,EUR/MWh,NL,NL,day_ahead_price,value,2026-08-05T16:14:06Z
2023-12-15T20:00:00Z,2023-12-15T21:00:00+0100,88.36,EUR/MWh,NL,NL,day_ahead_price,value,2026-08-05T16:14:06Z
2023-12-15T21:00:00Z,2023-12-15T22:00:00+0100,86.77,EUR/MWh,NL,NL,day_ahead_price,value,2026-08-05T16:14:06Z
2023-12-15T22:00:00Z,2023-12-15T23:00:00+0100,76.71,EUR/MWh,NL,NL,day_ahead_price,value,2026-08-05T16:14:06Z
2023-12-15T23:00:00Z,2023-12-16T00:00:00+0100,67.2,EUR/MWh,NL,NL,day_ahead_price,value,2026-08-05T16:14:06Z
2023-12-16T00:00:00Z,2023-12-16T01:00:00+0100,63.21,EUR/MWh,NL,NL,day_ahead_price,value,2026-08-05T16:14:06Z
2023-12-16T01:00:00Z,2023-12-16T02:00:00+0100,60.37,EUR/MWh,NL,NL,day_ahead_price,value,2026-08-05T16:14:06Z
2023-12-16T02:00:00Z,2023-12-16T03:00:00+0100,58.0,EUR/MWh,NL,NL,day_ahead_price,value,2026-08-05T16:14:06Z
2023-12-16T03:00:00Z,2023-12-16T04:00:00+0100,54.1,EUR/MWh,NL,NL,day_ahead_price,value,2026-08-05T16:14:06Z
2023-12-16T04:00:00Z,2023-12-16T05:00:00+0100,55.64,EUR/MWh,NL,NL,day_ahead_price,value,2026-08-05T16:14:06Z
2023-12-16T05:00:00Z,2023-12-16T06:00:00+0100,59.34,EUR/MWh,NL,NL,day_ahead_price,value,2026-08-05T16:14:06Z
2023-12-16T06:00:00Z,2023-12-16T07:00:00+0100,65.1,EUR/MWh,NL,NL,day_ahead_price,value,2026-08-05T16:14:06Z
2023-12-16T07:00:00Z,2023-12-16T08:00:00+0100,79.89,EUR/MWh,NL,NL,day_ahead_price,value,2026-08-05T16:14:06Z
2023-12-16T08:00:00Z,2023-12-16T09:00:00+0100,87.69,EUR/MWh,NL,NL,day_ahead_price,value,2026-08-05T16:14:06Z
2023-12-16T09:00:00Z,2023-12-16T10:00:00+0100,84.42,EUR/MWh,NL,NL,day_ahead_price,value,2026-08-05T16:14:06Z
2023-12-16T10:00:00Z,2023-12-16T11:00:00+0100,77.0,EUR/MWh,NL,NL,day_ahead_price,value,2026-08-05T16:14:06Z
2023-12-16T11:00:00Z,2023-12-16T12:00:00+0100,71.45,EUR/MWh,NL,NL,day_ahead_price,value,2026-08-05T16:14:06Z
2023-12-16T12:00:00Z,2023-12-16T13:00:00+0100,70.62,EUR/MWh,NL,NL,day_ahead_price,value,2026-08-05T16:14:06Z
2023-12-16T13:00:00Z,2023-12-16T14:00:00+0100,75.31,EUR/MWh,NL,NL,day_ahead_price,value,2026-08-05T16:14:06Z
2023-12-16T14:00:00Z,2023-12-16T15:00:00+0100,80.38,EUR/MWh,NL,NL,day_ahead_price,value,2026-08-05T16:14:06Z
2023-12-16T15:00:00Z,2023-12-16T16:00:00+0100,83.9,EUR/MWh,NL,NL,day_ahead_price,value,2026-08-05T16:14:06Z
2023-12-16T16:00:00Z,2023-12-16T17:00:00+0100,106.78,EUR/MWh,NL,NL,day_ahead_price,value,2026-08-05T16:14:06Z
2023-12-16T17:00:00Z,2023-12-16T18:00:00+0100,118.81,EUR/MWh,NL,NL,day_ahead_price,value,2026-08-05T16:14:06Z
2023-12-16T18:00:00Z,2023-12-16T19:00:00+0100,103.0,EUR/MWh,NL,NL,day_ahead_price,value,2026-08-05T16:14:06Z
2023-12-16T19:00:00Z,2023-12-16T20:00:00+0100,93.6,EUR/MWh,NL,NL,day_ahead_price,value,2026-08-05T16:14:06Z
2023-12-16T20:00:00Z,2023-12-16T21:00:00+0100,75.0,EUR/MWh,NL,NL,day_ahead_price,value,2026-08-05T16:14:06Z
2023-12-16T21:00:00Z,2023-12-16T22:00:00+0100,66.46,EUR/MWh,NL,NL,day_ahead_price,value,2026-08-05T16:14:06Z
2023-12-16T22:00:00Z,2023-12-16T23:00:00+0100,56.0,EUR/MWh,NL,NL,day_ahead_price,value,2026-08-05T16:14:06Z
2023-12-16T23:00:00Z,2023-12-17T00:00:00+0100,45.48,EUR/MWh,NL,NL,day_ahead_price,value,2026-08-05T16:14:06Z
2023-12-17T00:00:00Z,2023-12-17T01:00:00+0100,43.11,EUR/MWh,NL,NL,day_ahead_price,value,2026-08-05T16:14:06Z
2023-12-17T01:00:00Z,2023-12-17T02:00:00+0100,43.71,EUR/MWh,NL,NL,day_ahead_price,value,2026-08-05T16:14:06Z
2023-12-17T02:00:00Z,2023-12-17T03:00:00+0100,28.69,EUR/MWh,NL,NL,day_ahead_price,value,2026-08-05T16:14:06Z
2023-12-17T03:00:00Z,2023-12-17T04:00:00+0100,26.37,EUR/MWh,NL,NL,day_ahead_price,value,2026-08-05T16:14:06Z
2023-12-17T04:00:00Z,2023-12-17T05:00:00+0100,29.87,EUR/MWh,NL,NL,day_ahead_price,value,2026-08-05T16:14:06Z
2023-12-17T05:00:00Z,2023-12-17T06:00:00+0100,39.03,EUR/MWh,NL,NL,day_ahead_price,value,2026-08-05T16:14:06Z
2023-12-17T06:00:00Z,2023-12-17T07:00:00+0100,45.53,EUR/MWh,NL,NL,day_ahead_price,value,2026-08-05T16:14:06Z
2023-12-17T07:00:00Z,2023-12-17T08:00:00+0100,57.67,EUR/MWh,NL,NL,day_ahead_price,value,2026-08-05T16:14:06Z
2023-12-17T08:00:00Z,2023-12-17T09:00:00+0100,59.17,EUR/MWh,NL,NL,day_ahead_price,value,2026-08-05T16:14:06Z
2023-12-17T09:00:00Z,2023-12-17T10:00:00+0100,54.43,EUR/MWh,NL,NL,day_ahead_price,value,2026-08-05T16:14:06Z
2023-12-17T10:00:00Z,2023-12-17T11:00:00+0100,49.0,EUR/MWh,NL,NL,day_ahead_price,value,2026-08-05T16:14:06Z
2023-12-17T11:00:00Z,2023-12-17T12:00:00+0100,43.71,EUR/MWh,NL,NL,day_ahead_price,value,2026-08-05T16:14:06Z
2023-12-17T12:00:00Z,2023-12-17T13:00:00+0100,40.03,EUR/MWh,NL,NL,day_ahead_price,value,2026-08-05T16:14:06Z
2023-12-17T13:00:00Z,2023-12-17T14:00:00+0100,46.1,EUR/MWh,NL,NL,day_ahead_price,value,2026-08-05T16:14:06Z
2023-12-17T14:00:00Z,2023-12-17T15:00:00+0100,57.18,EUR/MWh,NL,NL,day_ahead_price,value,2026-08-05T16:14:06Z
2023-12-17T15:00:00Z,2023-12-17T16:00:00+0100,64.13,EUR/MWh,NL,NL,day_ahead_price,value,2026-08-05T16:14:06Z
2023-12-17T16:00:00Z,2023-12-17T17:00:00+0100,89.0,EUR/MWh,NL,NL,day_ahead_price,value,2026-08-05T16:14:06Z
2023-12-17T17:00:00Z,2023-12-17T18:00:00+0100,99.89,EUR/MWh,NL,NL,day_ahead_price,value,2026-08-05T16:14:06Z
2023-12-17T18:00:00Z,2023-12-17T19:00:00+0100,86.0,EUR/MWh,NL,NL,day_ahead_price,value,2026-08-05T16:14:06Z
2023-12-17T19:00:00Z,2023-12-17T20:00:00+0100,65.99,EUR/MWh,NL,NL,day_ahead_price,value,2026-08-05T16:14:06Z
2023-12-17T20:00:00Z,2023-12-17T21:00:00+0100,64.89,EUR/MWh,NL,NL,day_ahead_price,value,2026-08-05T16:14:06Z
2023-12-17T21:00:00Z,2023-12-17T22:00:00+0100,66.84,EUR/MWh,NL,NL,day_ahead_price,value,2026-08-05T16:14:06Z
2023-12-17T22:00:00Z,2023-12-17T23:00:00+0100,51.63,EUR/MWh,NL,NL,day_ahead_price,value,2026-08-05T16:14:06Z
2023-12-17T23:00:00Z,2023-12-18T00:00:00+0100,54.46,EUR/MWh,NL,NL,day_ahead_price,value,2026-08-05T16:14:06Z
2023-12-18T00:00:00Z,2023-12-18T01:00:00+0100,52.02,EUR/MWh,NL,NL,day_ahead_price,value,2026-08-05T16:14:06Z
2023-12-18T01:00:00Z,2023-12-18T02:00:00+0100,50.29,EUR/MWh,NL,NL,day_ahead_price,value,2026-08-05T16:14:06Z
2023-12-18T02:00:00Z,2023-12-18T03:00:00+0100,49.2,EUR/MWh,NL,NL,day_ahead_price,value,2026-08-05T16:14:06Z
2023-12-18T03:00:00Z,2023-12-18T04:00:00+0100,52.77,EUR/MWh,NL,NL,day_ahead_price,value,2026-08-05T16:14:06Z
2023-12-18T04:00:00Z,2023-12-18T05:00:00+0100,62.58,EUR/MWh,NL,NL,day_ahead_price,value,2026-08-05T16:14:06Z
2023-12-18T05:00:00Z,2023-12-18T06:00:00+0100,84.0,EUR/MWh,NL,NL,day_ahead_price,value,2026-08-05T16:14:06Z
2023-12-18T06:00:00Z,2023-12-18T07:00:00+0100,103.39,EUR/MWh,NL,NL,day_ahead_price,value,2026-08-05T16:14:06Z
2023-12-18T07:00:00Z,2023-12-18T08:00:00+0100,109.28,EUR/MWh,NL,NL,day_ahead_price,value,2026-08-05T16:14:06Z
2023-12-18T08:00:00Z,2023-12-18T09:00:00+0100,110.28,EUR/MWh,NL,NL,day_ahead_price,value,2026-08-05T16:14:06Z
2023-12-18T09:00:00Z,2023-12-18T10:00:00+0100,89.03,EUR/MWh,NL,NL,day_ahead_price,value,2026-08-05T16:14:06Z
2023-12-18T10:00:00Z,2023-12-18T11:00:00+0100,81.17,EUR/MWh,NL,NL,day_ahead_price,value,2026-08-05T16:14:06Z
2023-12-18T11:00:00Z,2023-12-18T12:00:00+0100,74.89,EUR/MWh,NL,NL,day_ahead_price,value,2026-08-05T16:14:06Z
2023-12-18T12:00:00Z,2023-12-18T13:00:00+0100,74.95,EUR/MWh,NL,NL,day_ahead_price,value,2026-08-05T16:14:06Z
2023-12-18T13:00:00Z,2023-12-18T14:00:00+0100,80.87,EUR/MWh,NL,NL,day_ahead_price,value,2026-08-05T16:14:06Z
2023-12-18T14:00:00Z,2023-12-18T15:00:00+0100,88.0,EUR/MWh,NL,NL,day_ahead_price,value,2026-08-05T16:14:06Z
2023-12-18T15:00:00Z,2023-12-18T16:00:00+0100,95.41,EUR/MWh,NL,NL,day_ahead_price,value,2026-08-05T16:14:06Z
2023-12-18T16:00:00Z,2023-12-18T17:00:00+0100,104.33,EUR/MWh,NL,NL,day_ahead_price,value,2026-08-05T16:14:06Z
2023-12-18T17:00:00Z,2023-12-18T18:00:00+0100,103.15,EUR/MWh,NL,NL,day_ahead_price,value,2026-08-05T16:14:06Z
2023-12-18T18:00:00Z,2023-12-18T19:00:00+0100,96.3,EUR/MWh,NL,NL,day_ahead_price,value,2026-08-05T16:14:06Z
2023-12-18T19:00:00Z,2023-12-18T20:00:00+0100,83.09,EUR/MWh,NL,NL,day_ahead_price,value,2026-08-05T16:14:06Z
2023-12-18T20:00:00Z,2023-12-18T21:00:00+0100,74.89,EUR/MWh,NL,NL,day_ahead_price,value,2026-08-05T16:14:06Z
2023-12-18T21:00:00Z,2023-12-18T22:00:00+0100,63.79,EUR/MWh,NL,NL,day_ahead_price,value,2026-08-05T16:14:06Z
2023-12-18T22:00:00Z,2023-12-18T23:00:00+0100,57.94,EUR/MWh,NL,NL,day_ahead_price,value,2026-08-05T16:14:06Z
2023-12-18T23:00:00Z,2023-12-19T00:00:00+0100,52.24,EUR/MWh,NL,NL,day_ahead_price,value,2026-08-05T16:14:06Z
2023-12-19T00:00:00Z,2023-12-19T01:00:00+0100,50.89,EUR/MWh,NL,NL,day_ahead_price,value,2026-08-05T16:14:06Z
2023-12-19T01:00:00Z,2023-12-19T02:00:00+0100,49.99,EUR/MWh,NL,NL,day_ahead_price,value,2026-08-05T16:14:06Z
2023-12-19T02:00:00Z,2023-12-19T03:00:00+0100,56.27,EUR/MWh,NL,NL,day_ahead_price,value,2026-08-05T16:14:06Z
2023-12-19T03:00:00Z,2023-12-19T04:00:00+0100,59.0,EUR/MWh,NL,NL,day_ahead_price,value,2026-08-05T16:14:06Z
2023-12-19T04:00:00Z,2023-12-19T05:00:00+0100,65.05,EUR/MWh,NL,NL,day_ahead_price,value,2026-08-05T16:14:06Z
2023-12-19T05:00:00Z,2023-12-19T06:00:00+0100,80.0,EUR/MWh,NL,NL,day_ahead_price,value,2026-08-05T16:14:06Z
2023-12-19T06:00:00Z,2023-12-19T07:00:00+0100,93.74,EUR/MWh,NL,NL,day_ahead_price,value,2026-08-05T16:14:06Z
2023-12-19T07:00:00Z,2023-12-19T08:00:00+0100,100.24,EUR/MWh,NL,NL,day_ahead_price,value,2026-08-05T16:14:06Z
2023-12-19T08:00:00Z,2023-12-19T09:00:00+0100,94.28,EUR/MWh,NL,NL,day_ahead_price,value,2026-08-05T16:14:06Z
2023-12-19T09:00:00Z,2023-12-19T10:00:00+0100,86.1,EUR/MWh,NL,NL,day_ahead_price,value,2026-08-05T16:14:06Z
2023-12-19T10:00:00Z,2023-12-19T11:00:00+0100,79.71,EUR/MWh,NL,NL,day_ahead_price,value,2026-08-05T16:14:06Z
2023-12-19T11:00:00Z,2023-12-19T12:00:00+0100,76.5,EUR/MWh,NL,NL,day_ahead_price,value,2026-08-05T16:14:06Z
2023-12-19T12:00:00Z,2023-12-19T13:00:00+0100,80.0,EUR/MWh,NL,NL,day_ahead_price,value,2026-08-05T16:14:06Z
2023-12-19T13:00:00Z,2023-12-19T14:00:00+0100,80.66,EUR/MWh,NL,NL,day_ahead_price,value,2026-08-05T16:14:06Z
2023-12-19T14:00:00Z,2023-12-19T15:00:00+0100,84.82,EUR/MWh,NL,NL,day_ahead_price,value,2026-08-05T16:14:06Z
2023-12-19T15:00:00Z,2023-12-19T16:00:00+0100,88.67,EUR/MWh,NL,NL,day_ahead_price,value,2026-08-05T16:14:06Z
2023-12-19T16:00:00Z,2023-12-19T17:00:00+0100,101.81,EUR/MWh,NL,NL,day_ahead_price,value,2026-08-05T16:14:06Z
2023-12-19T17:00:00Z,2023-12-19T18:00:00+0100,94.4,EUR/MWh,NL,NL,day_ahead_price,value,2026-08-05T16:14:06Z
2023-12-19T18:00:00Z,2023-12-19T19:00:00+0100,91.1,EUR/MWh,NL,NL,day_ahead_price,value,2026-08-05T16:14:06Z
2023-12-19T19:00:00Z,2023-12-19T20:00:00+0100,85.2,EUR/MWh,NL,NL,day_ahead_price,value,2026-08-05T16:14:06Z
2023-12-19T20:00:00Z,2023-12-19T21:00:00+0100,79.64,EUR/MWh,NL,NL,day_ahead_price,value,2026-08-05T16:14:06Z
2023-12-19T21:00:00Z,2023-12-19T22:00:00+0100,75.86,EUR/MWh,NL,NL,day_ahead_price,value,2026-08-05T16:14:06Z
2023-12-19T22:00:00Z,2023-12-19T23:00:00+0100,59.84,EUR/MWh,NL,NL,day_ahead_price,value,2026-08-05T16:14:06Z
2023-12-19T23:00:00Z,2023-12-20T00:00:00+0100,57.85,EUR/MWh,NL,NL,day_ahead_price,value,2026-08-05T16:14:06Z
2023-12-20T00:00:00Z,2023-12-20T01:00:00+0100,50.48,EUR/MWh,NL,NL,day_ahead_price,value,2026-08-05T16:14:06Z
2023-12-20T01:00:00Z,2023-12-20T02:00:00+0100,48.0,EUR/MWh,NL,NL,day_ahead_price,value,2026-08-05T16:14:06Z
2023-12-20T02:00:00Z,2023-12-20T03:00:00+0100,39.98,EUR/MWh,NL,NL,day_ahead_price,value,2026-08-05T16:14:06Z
2023-12-20T03:00:00Z,2023-12-20T04:00:00+0100,31.51,EUR/MWh,NL,NL,day_ahead_price,value,2026-08-05T16:14:06Z
2023-12-20T04:00:00Z,2023-12-20T05:00:00+0100,39.97,EUR/MWh,NL,NL,day_ahead_price,value,2026-08-05T16:14:06Z
2023-12-20T05:00:00Z,2023-12-20T06:00:00+0100,48.13,EUR/MWh,NL,NL,day_ahead_price,value,2026-08-05T16:14:06Z
2023-12-20T06:00:00Z,2023-12-20T07:00:00+0100,69.53,EUR/MWh,NL,NL,day_ahead_price,value,2026-08-05T16:14:06Z
2023-12-20T07:00:00Z,2023-12-20T08:00:00+0100,98.09,EUR/MWh,NL,NL,day_ahead_price,value,2026-08-05T16:14:06Z
2023-12-20T08:00:00Z,2023-12-20T09:00:00+0100,107.1,EUR/MWh,NL,NL,day_ahead_price,value,2026-08-05T16:14:06Z
2023-12-20T09:00:00Z,2023-12-20T10:00:00+0100,95.0,EUR/MWh,NL,NL,day_ahead_price,value,2026-08-05T16:14:06Z
2023-12-20T10:00:00Z,2023-12-20T11:00:00+0100,88.0,EUR/MWh,NL,NL,day_ahead_price,value,2026-08-05T16:14:06Z
2023-12-20T11:00:00Z,2023-12-20T12:00:00+0100,66.54,EUR/MWh,NL,NL,day_ahead_price,value,2026-08-05T16:14:06Z
2023-12-20T12:00:00Z,2023-12-20T13:00:00+0100,70.1,EUR/MWh,NL,NL,day_ahead_price,value,2026-08-05T16:14:06Z
2023-12-20T13:00:00Z,2023-12-20T14:00:00+0100,84.31,EUR/MWh,NL,NL,day_ahead_price,value,2026-08-05T16:14:06Z
2023-12-20T14:00:00Z,2023-12-20T15:00:00+0100,90.66,EUR/MWh,NL,NL,day_ahead_price,value,2026-08-05T16:14:06Z
2023-12-20T15:00:00Z,2023-12-20T16:00:00+0100,98.0,EUR/MWh,NL,NL,day_ahead_price,value,2026-08-05T16:14:06Z
2023-12-20T16:00:00Z,2023-12-20T17:00:00+0100,110.91,EUR/MWh,NL,NL,day_ahead_price,value,2026-08-05T16:14:06Z
2023-12-20T17:00:00Z,2023-12-20T18:00:00+0100,100.81,EUR/MWh,NL,NL,day_ahead_price,value,2026-08-05T16:14:06Z
2023-12-20T18:00:00Z,2023-12-20T19:00:00+0100,89.06,EUR/MWh,NL,NL,day_ahead_price,value,2026-08-05T16:14:06Z
2023-12-20T19:00:00Z,2023-12-20T20:00:00+0100,78.07,EUR/MWh,NL,NL,day_ahead_price,value,2026-08-05T16:14:06Z
2023-12-20T20:00:00Z,2023-12-20T21:00:00+0100,66.87,EUR/MWh,NL,NL,day_ahead_price,value,2026-08-05T16:14:06Z
2023-12-20T21:00:00Z,2023-12-20T22:00:00+0100,61.42,EUR/MWh,NL,NL,day_ahead_price,value,2026-08-05T16:14:06Z
2023-12-20T22:00:00Z,2023-12-20T23:00:00+0100,48.93,EUR/MWh,NL,NL,day_ahead_price,value,2026-08-05T16:14:06Z
2023-12-20T23:00:00Z,2023-12-21T00:00:00+0100,29.9,EUR/MWh,NL,NL,day_ahead_price,value,2026-08-05T16:14:06Z
2023-12-21T00:00:00Z,2023-12-21T01:00:00+0100,24.83,EUR/MWh,NL,NL,day_ahead_price,value,2026-08-05T16:14:06Z
2023-12-21T01:00:00Z,2023-12-21T02:00:00+0100,20.48,EUR/MWh,NL,NL,day_ahead_price,value,2026-08-05T16:14:06Z
2023-12-21T02:00:00Z,2023-12-21T03:00:00+0100,2.76,EUR/MWh,NL,NL,day_ahead_price,value,2026-08-05T16:14:06Z
2023-12-21T03:00:00Z,2023-12-21T04:00:00+0100,-0.84,EUR/MWh,NL,NL,day_ahead_price,value,2026-08-05T16:14:06Z
2023-12-21T04:00:00Z,2023-12-21T05:00:00+0100,-0.27,EUR/MWh,NL,NL,day_ahead_price,value,2026-08-05T16:14:06Z
2023-12-21T05:00:00Z,2023-12-21T06:00:00+0100,24.44,EUR/MWh,NL,NL,day_ahead_price,value,2026-08-05T16:14:06Z
2023-12-21T06:00:00Z,2023-12-21T07:00:00+0100,46.5,EUR/MWh,NL,NL,day_ahead_price,value,2026-08-05T16:14:06Z
2023-12-21T07:00:00Z,2023-12-21T08:00:00+0100,78.2,EUR/MWh,NL,NL,day_ahead_price,value,2026-08-05T16:14:06Z
2023-12-21T08:00:00Z,2023-12-21T09:00:00+0100,83.8,EUR/MWh,NL,NL,day_ahead_price,value,2026-08-05T16:14:06Z
2023-12-21T09:00:00Z,2023-12-21T10:00:00+0100,87.38,EUR/MWh,NL,NL,day_ahead_price,value,2026-08-05T16:14:06Z
2023-12-21T10:00:00Z,2023-12-21T11:00:00+0100,85.72,EUR/MWh,NL,NL,day_ahead_price,value,2026-08-05T16:14:06Z
2023-12-21T11:00:00Z,2023-12-21T12:00:00+0100,75.9,EUR/MWh,NL,NL,day_ahead_price,value,2026-08-05T16:14:06Z
2023-12-21T12:00:00Z,2023-12-21T13:00:00+0100,64.9,EUR/MWh,NL,NL,day_ahead_price,value,2026-08-05T16:14:06Z
2023-12-21T13:00:00Z,2023-12-21T14:00:00+0100,75.1,EUR/MWh,NL,NL,day_ahead_price,value,2026-08-05T16:14:06Z
2023-12-21T14:00:00Z,2023-12-21T15:00:00+0100,75.87,EUR/MWh,NL,NL,day_ahead_price,value,2026-08-05T16:14:06Z
2023-12-21T15:00:00Z,2023-12-21T16:00:00+0100,73.4,EUR/MWh,NL,NL,day_ahead_price,value,2026-08-05T16:14:06Z
2023-12-21T16:00:00Z,2023-12-21T17:00:00+0100,100.0,EUR/MWh,NL,NL,day_ahead_price,value,2026-08-05T16:14:06Z
2023-12-21T17:00:00Z,2023-12-21T18:00:00+0100,102.75,EUR/MWh,NL,NL,day_ahead_price,value,2026-08-05T16:14:06Z
2023-12-21T18:00:00Z,2023-12-21T19:00:00+0100,90.7,EUR/MWh,NL,NL,day_ahead_price,value,2026-08-05T16:14:06Z
2023-12-21T19:00:00Z,2023-12-21T20:00:00+0100,89.0,EUR/MWh,NL,NL,day_ahead_price,value,2026-08-05T16:14:06Z
2023-12-21T20:00:00Z,2023-12-21T21:00:00+0100,60.0,EUR/MWh,NL,NL,day_ahead_price,value,2026-08-05T16:14:06Z
2023-12-21T21:00:00Z,2023-12-21T22:00:00+0100,47.56,EUR/MWh,NL,NL,day_ahead_price,value,2026-08-05T16:14:06Z
2023-12-21T22:00:00Z,2023-12-21T23:00:00+0100,13.58,EUR/MWh,NL,NL,day_ahead_price,value,2026-08-05T16:14:06Z
2023-12-21T23:00:00Z,2023-12-22T00:00:00+0100,0.13,EUR/MWh,NL,NL,day_ahead_price,value,2026-08-05T16:14:06Z
2023-12-22T00:00:00Z,2023-12-22T01:00:00+0100,-0.25,EUR/MWh,NL,NL,day_ahead_price,value,2026-08-05T16:14:06Z
2023-12-22T01:00:00Z,2023-12-22T02:00:00+0100,-0.07,EUR/MWh,NL,NL,day_ahead_price,value,2026-08-05T16:14:06Z
2023-12-22T02:00:00Z,2023-12-22T03:00:00+0100,-0.19,EUR/MWh,NL,NL,day_ahead_price,value,2026-08-05T16:14:06Z
2023-12-22T03:00:00Z,2023-12-22T04:00:00+0100,-0.21,EUR/MWh,NL,NL,day_ahead_price,value,2026-08-05T16:14:06Z
2023-12-22T04:00:00Z,2023-12-22T05:00:00+0100,-0.4,EUR/MWh,NL,NL,day_ahead_price,value,2026-08-05T16:14:06Z
2023-12-22T05:00:00Z,2023-12-22T06:00:00+0100,0.44,EUR/MWh,NL,NL,day_ahead_price,value,2026-08-05T16:14:06Z
2023-12-22T06:00:00Z,2023-12-22T07:00:00+0100,32.1,EUR/MWh,NL,NL,day_ahead_price,value,2026-08-05T16:14:06Z
2023-12-22T07:00:00Z,2023-12-22T08:00:00+0100,72.0,EUR/MWh,NL,NL,day_ahead_price,value,2026-08-05T16:14:06Z
2023-12-22T08:00:00Z,2023-12-22T09:00:00+0100,92.0,EUR/MWh,NL,NL,day_ahead_price,value,2026-08-05T16:14:06Z
2023-12-22T09:00:00Z,2023-12-22T10:00:00+0100,63.57,EUR/MWh,NL,NL,day_ahead_price,value,2026-08-05T16:14:06Z
2023-12-22T10:00:00Z,2023-12-22T11:00:00+0100,59.95,EUR/MWh,NL,NL,day_ahead_price,value,2026-08-05T16:14:06Z
2023-12-22T11:00:00Z,2023-12-22T12:00:00+0100,54.11,EUR/MWh,NL,NL,day_ahead_price,value,2026-08-05T16:14:06Z
2023-12-22T12:00:00Z,2023-12-22T13:00:00+0100,54.5,EUR/MWh,NL,NL,day_ahead_price,value,2026-08-05T16:14:06Z
2023-12-22T13:00:00Z,2023-12-22T14:00:00+0100,60.61,EUR/MWh,NL,NL,day_ahead_price,value,2026-08-05T16:14:06Z
2023-12-22T14:00:00Z,2023-12-22T15:00:00+0100,60.0,EUR/MWh,NL,NL,day_ahead_price,value,2026-08-05T16:14:06Z
2023-12-22T15:00:00Z,2023-12-22T16:00:00+0100,49.8,EUR/MWh,NL,NL,day_ahead_price,value,2026-08-05T16:14:06Z
2023-12-22T16:00:00Z,2023-12-22T17:00:00+0100,72.0,EUR/MWh,NL,NL,day_ahead_price,value,2026-08-05T16:14:06Z
2023-12-22T17:00:00Z,2023-12-22T18:00:00+0100,64.9,EUR/MWh,NL,NL,day_ahead_price,value,2026-08-05T16:14:06Z
2023-12-22T18:00:00Z,2023-12-22T19:00:00+0100,60.1,EUR/MWh,NL,NL,day_ahead_price,value,2026-08-05T16:14:06Z
2023-12-22T19:00:00Z,2023-12-22T20:00:00+0100,56.47,EUR/MWh,NL,NL,day_ahead_price,value,2026-08-05T16:14:06Z
2023-12-22T20:00:00Z,2023-12-22T21:00:00+0100,45.03,EUR/MWh,NL,NL,day_ahead_price,value,2026-08-05T16:14:06Z
2023-12-22T21:00:00Z,2023-12-22T22:00:00+0100,30.41,EUR/MWh,NL,NL,day_ahead_price,value,2026-08-05T16:14:06Z
2023-12-22T22:00:00Z,2023-12-22T23:00:00+0100,12.0,EUR/MWh,NL,NL,day_ahead_price,value,2026-08-05T16:14:06Z
2023-12-22T23:00:00Z,2023-12-23T00:00:00+0100,10.0,EUR/MWh,NL,NL,day_ahead_price,value,2026-08-05T16:14:06Z
2023-12-23T00:00:00Z,2023-12-23T01:00:00+0100,4.32,EUR/MWh,NL,NL,day_ahead_price,value,2026-08-05T16:14:06Z
2023-12-23T01:00:00Z,2023-12-23T02:00:00+0100,0.13,EUR/MWh,NL,NL,day_ahead_price,value,2026-08-05T16:14:06Z
2023-12-23T02:00:00Z,2023-12-23T03:00:00+0100,0.03,EUR/MWh,NL,NL,day_ahead_price,value,2026-08-05T16:14:06Z
2023-12-23T03:00:00Z,2023-12-23T04:00:00+0100,0.0,EUR/MWh,NL,NL,day_ahead_price,value,2026-08-05T16:14:06Z
2023-12-23T04:00:00Z,2023-12-23T05:00:00+0100,0.0,EUR/MWh,NL,NL,day_ahead_price,value,2026-08-05T16:14:06Z
2023-12-23T05:00:00Z,2023-12-23T06:00:00+0100,0.1,EUR/MWh,NL,NL,day_ahead_price,value,2026-08-05T16:14:06Z
2023-12-23T06:00:00Z,2023-12-23T07:00:00+0100,7.43,EUR/MWh,NL,NL,day_ahead_price,value,2026-08-05T16:14:06Z
2023-12-23T07:00:00Z,2023-12-23T08:00:00+0100,20.0,EUR/MWh,NL,NL,day_ahead_price,value,2026-08-05T16:14:06Z
2023-12-23T08:00:00Z,2023-12-23T09:00:00+0100,42.08,EUR/MWh,NL,NL,day_ahead_price,value,2026-08-05T16:14:06Z
2023-12-23T09:00:00Z,2023-12-23T10:00:00+0100,41.64,EUR/MWh,NL,NL,day_ahead_price,value,2026-08-05T16:14:06Z
2023-12-23T10:00:00Z,2023-12-23T11:00:00+0100,45.9,EUR/MWh,NL,NL,day_ahead_price,value,2026-08-05T16:14:06Z
2023-12-23T11:00:00Z,2023-12-23T12:00:00+0100,46.0,EUR/MWh,NL,NL,day_ahead_price,value,2026-08-05T16:14:06Z
2023-12-23T12:00:00Z,2023-12-23T13:00:00+0100,49.81,EUR/MWh,NL,NL,day_ahead_price,value,2026-08-05T16:14:06Z
2023-12-23T13:00:00Z,2023-12-23T14:00:00+0100,49.3,EUR/MWh,NL,NL,day_ahead_price,value,2026-08-05T16:14:06Z
2023-12-23T14:00:00Z,2023-12-23T15:00:00+0100,49.51,EUR/MWh,NL,NL,day_ahead_price,value,2026-08-05T16:14:06Z
2023-12-23T15:00:00Z,2023-12-23T16:00:00+0100,54.28,EUR/MWh,NL,NL,day_ahead_price,value,2026-08-05T16:14:06Z
2023-12-23T16:00:00Z,2023-12-23T17:00:00+0100,63.77,EUR/MWh,NL,NL,day_ahead_price,value,2026-08-05T16:14:06Z
2023-12-23T17:00:00Z,2023-12-23T18:00:00+0100,66.45,EUR/MWh,NL,NL,day_ahead_price,value,2026-08-05T16:14:06Z
2023-12-23T18:00:00Z,2023-12-23T19:00:00+0100,57.99,EUR/MWh,NL,NL,day_ahead_price,value,2026-08-05T16:14:06Z
2023-12-23T19:00:00Z,2023-12-23T20:00:00+0100,48.46,EUR/MWh,NL,NL,day_ahead_price,value,2026-08-05T16:14:06Z
2023-12-23T20:00:00Z,2023-12-23T21:00:00+0100,38.37,EUR/MWh,NL,NL,day_ahead_price,value,2026-08-05T16:14:06Z
2023-12-23T21:00:00Z,2023-12-23T22:00:00+0100,20.32,EUR/MWh,NL,NL,day_ahead_price,value,2026-08-05T16:14:06Z
2023-12-23T22:00:00Z,2023-12-23T23:00:00+0100,7.77,EUR/MWh,NL,NL,day_ahead_price,value,2026-08-05T16:14:06Z
2023-12-23T23:00:00Z,2023-12-24T00:00:00+0100,0.08,EUR/MWh,NL,NL,day_ahead_price,value,2026-08-05T16:14:06Z
2023-12-24T00:00:00Z,2023-12-24T01:00:00+0100,-0.25,EUR/MWh,NL,NL,day_ahead_price,value,2026-08-05T16:14:06Z
2023-12-24T01:00:00Z,2023-12-24T02:00:00+0100,-0.55,EUR/MWh,NL,NL,day_ahead_price,value,2026-08-05T16:14:06Z
2023-12-24T02:00:00Z,2023-12-24T03:00:00+0100,-1.24,EUR/MWh,NL,NL,day_ahead_price,value,2026-08-05T16:14:06Z
2023-12-24T03:00:00Z,2023-12-24T04:00:00+0100,-4.1,EUR/MWh,NL,NL,day_ahead_price,value,2026-08-05T16:14:06Z
2023-12-24T04:00:00Z,2023-12-24T05:00:00+0100,-4.97,EUR/MWh,NL,NL,day_ahead_price,value,2026-08-05T16:14:06Z
2023-12-24T05:00:00Z,2023-12-24T06:00:00+0100,-4.22,EUR/MWh,NL,NL,day_ahead_price,value,2026-08-05T16:14:06Z
2023-12-24T06:00:00Z,2023-12-24T07:00:00+0100,-2.91,EUR/MWh,NL,NL,day_ahead_price,value,2026-08-05T16:14:06Z
2023-12-24T07:00:00Z,2023-12-24T08:00:00+0100,-1.62,EUR/MWh,NL,NL,day_ahead_price,value,2026-08-05T16:14:06Z
2023-12-24T08:00:00Z,2023-12-24T09:00:00+0100,0.0,EUR/MWh,NL,NL,day_ahead_price,value,2026-08-05T16:14:06Z
2023-12-24T09:00:00Z,2023-12-24T10:00:00+0100,2.09,EUR/MWh,NL,NL,day_ahead_price,value,2026-08-05T16:14:06Z
2023-12-24T10:00:00Z,2023-12-24T11:00:00+0100,0.06,EUR/MWh,NL,NL,day_ahead_price,value,2026-08-05T16:14:06Z
2023-12-24T11:00:00Z,2023-12-24T12:00:00+0100,0.05,EUR/MWh,NL,NL,day_ahead_price,value,2026-08-05T16:14:06Z
2023-12-24T12:00:00Z,2023-12-24T13:00:00+0100,0.06,EUR/MWh,NL,NL,day_ahead_price,value,2026-08-05T16:14:06Z
2023-12-24T13:00:00Z,2023-12-24T14:00:00+0100,0.03,EUR/MWh,NL,NL,day_ahead_price,value,2026-08-05T16:14:06Z
2023-12-24T14:00:00Z,2023-12-24T15:00:00+0100,0.13,EUR/MWh,NL,NL,day_ahead_price,value,2026-08-05T16:14:06Z
2023-12-24T15:00:00Z,2023-12-24T16:00:00+0100,1.0,EUR/MWh,NL,NL,day_ahead_price,value,2026-08-05T16:14:06Z
2023-12-24T16:00:00Z,2023-12-24T17:00:00+0100,18.5,EUR/MWh,NL,NL,day_ahead_price,value,2026-08-05T16:14:06Z
2023-12-24T17:00:00Z,2023-12-24T18:00:00+0100,31.21,EUR/MWh,NL,NL,day_ahead_price,value,2026-08-05T16:14:06Z
2023-12-24T18:00:00Z,2023-12-24T19:00:00+0100,34.8,EUR/MWh,NL,NL,day_ahead_price,value,2026-08-05T16:14:06Z
2023-12-24T19:00:00Z,2023-12-24T20:00:00+0100,10.0,EUR/MWh,NL,NL,day_ahead_price,value,2026-08-05T16:14:06Z
2023-12-24T20:00:00Z,2023-12-24T21:00:00+0100,2.01,EUR/MWh,NL,NL,day_ahead_price,value,2026-08-05T16:14:06Z
2023-12-24T21:00:00Z,2023-12-24T22:00:00+0100,0.0,EUR/MWh,NL,NL,day_ahead_price,value,2026-08-05T16:14:06Z
2023-12-24T22:00:00Z,2023-12-24T23:00:00+0100,-0.1,EUR/MWh,NL,NL,day_ahead_price,value,2026-08-05T16:14:06Z
2023-12-24T23:00:00Z,2023-12-25T00:00:00+0100,-1.91,EUR/MWh,NL,NL,day_ahead_price,value,2026-08-05T16:14:06Z
2023-12-25T00:00:00Z,2023-12-25T01:00:00+0100,-3.79,EUR/MWh,NL,NL,day_ahead_price,value,2026-08-05T16:14:06Z
2023-12-25T01:00:00Z,2023-12-25T02:00:00+0100,-6.65,EUR/MWh,NL,NL,day_ahead_price,value,2026-08-05T16:14:06Z
2023-12-25T02:00:00Z,2023-12-25T03:00:00+0100,-10.03,EUR/MWh,NL,NL,day_ahead_price,value,2026-08-05T16:14:06Z
2023-12-25T03:00:00Z,2023-12-25T04:00:00+0100,-10.0,EUR/MWh,NL,NL,day_ahead_price,value,2026-08-05T16:14:06Z
2023-12-25T04:00:00Z,2023-12-25T05:00:00+0100,-6.5,EUR/MWh,NL,NL,day_ahead_price,value,2026-08-05T16:14:06Z
2023-12-25T05:00:00Z,2023-12-25T06:00:00+0100,-7.59,EUR/MWh,NL,NL,day_ahead_price,value,2026-08-05T16:14:06Z
2023-12-25T06:00:00Z,2023-12-25T07:00:00+0100,-1.5,EUR/MWh,NL,NL,day_ahead_price,value,2026-08-05T16:14:06Z
2023-12-25T07:00:00Z,2023-12-25T08:00:00+0100,0.08,EUR/MWh,NL,NL,day_ahead_price,value,2026-08-05T16:14:06Z
2023-12-25T08:00:00Z,2023-12-25T09:00:00+0100,10.05,EUR/MWh,NL,NL,day_ahead_price,value,2026-08-05T16:14:06Z
2023-12-25T09:00:00Z,2023-12-25T10:00:00+0100,25.0,EUR/MWh,NL,NL,day_ahead_price,value,2026-08-05T16:14:06Z
2023-12-25T10:00:00Z,2023-12-25T11:00:00+0100,15.1,EUR/MWh,NL,NL,day_ahead_price,value,2026-08-05T16:14:06Z
2023-12-25T11:00:00Z,2023-12-25T12:00:00+0100,0.09,EUR/MWh,NL,NL,day_ahead_price,value,2026-08-05T16:14:06Z
2023-12-25T12:00:00Z,2023-12-25T13:00:00+0100,0.0,EUR/MWh,NL,NL,day_ahead_price,value,2026-08-05T16:14:06Z
2023-12-25T13:00:00Z,2023-12-25T14:00:00+0100,0.07,EUR/MWh,NL,NL,day_ahead_price,value,2026-08-05T16:14:06Z
2023-12-25T14:00:00Z,2023-12-25T15:00:00+0100,5.0,EUR/MWh,NL,NL,day_ahead_price,value,2026-08-05T16:14:06Z
2023-12-25T15:00:00Z,2023-12-25T16:00:00+0100,34.99,EUR/MWh,NL,NL,day_ahead_price,value,2026-08-05T16:14:06Z
2023-12-25T16:00:00Z,2023-12-25T17:00:00+0100,52.5,EUR/MWh,NL,NL,day_ahead_price,value,2026-08-05T16:14:06Z
2023-12-25T17:00:00Z,2023-12-25T18:00:00+0100,40.1,EUR/MWh,NL,NL,day_ahead_price,value,2026-08-05T16:14:06Z
2023-12-25T18:00:00Z,2023-12-25T19:00:00+0100,33.0,EUR/MWh,NL,NL,day_ahead_price,value,2026-08-05T16:14:06Z
2023-12-25T19:00:00Z,2023-12-25T20:00:00+0100,12.01,EUR/MWh,NL,NL,day_ahead_price,value,2026-08-05T16:14:06Z
2023-12-25T20:00:00Z,2023-12-25T21:00:00+0100,9.62,EUR/MWh,NL,NL,day_ahead_price,value,2026-08-05T16:14:06Z
2023-12-25T21:00:00Z,2023-12-25T22:00:00+0100,5.0,EUR/MWh,NL,NL,day_ahead_price,value,2026-08-05T16:14:06Z
2023-12-25T22:00:00Z,2023-12-25T23:00:00+0100,0.08,EUR/MWh,NL,NL,day_ahead_price,value,2026-08-05T16:14:06Z
2023-12-25T23:00:00Z,2023-12-26T00:00:00+0100,0.0,EUR/MWh,NL,NL,day_ahead_price,value,2026-08-05T16:14:06Z
2023-12-26T00:00:00Z,2023-12-26T01:00:00+0100,-0.02,EUR/MWh,NL,NL,day_ahead_price,value,2026-08-05T16:14:06Z
2023-12-26T01:00:00Z,2023-12-26T02:00:00+0100,-0.14,EUR/MWh,NL,NL,day_ahead_price,value,2026-08-05T16:14:06Z
2023-12-26T02:00:00Z,2023-12-26T03:00:00+0100,-2.83,EUR/MWh,NL,NL,day_ahead_price,value,2026-08-05T16:14:06Z
2023-12-26T03:00:00Z,2023-12-26T04:00:00+0100,-3.8,EUR/MWh,NL,NL,day_ahead_price,value,2026-08-05T16:14:06Z
2023-12-26T04:00:00Z,2023-12-26T05:00:00+0100,-1.85,EUR/MWh,NL,NL,day_ahead_price,value,2026-08-05T16:14:06Z
2023-12-26T05:00:00Z,2023-12-26T06:00:00+0100,0.0,EUR/MWh,NL,NL,day_ahead_price,value,2026-08-05T16:14:06Z
2023-12-26T06:00:00Z,2023-12-26T07:00:00+0100,1.62,EUR/MWh,NL,NL,day_ahead_price,value,2026-08-05T16:14:06Z
2023-12-26T07:00:00Z,2023-12-26T08:00:00+0100,38.21,EUR/MWh,NL,NL,day_ahead_price,value,2026-08-05T16:14:06Z
2023-12-26T08:00:00Z,2023-12-26T09:00:00+0100,51.7,EUR/MWh,NL,NL,day_ahead_price,value,2026-08-05T16:14:06Z
2023-12-26T09:00:00Z,2023-12-26T10:00:00+0100,48.88,EUR/MWh,NL,NL,day_ahead_price,value,2026-08-05T16:14:06Z
2023-12-26T10:00:00Z,2023-12-26T11:00:00+0100,25.04,EUR/MWh,NL,NL,day_ahead_price,value,2026-08-05T16:14:06Z
2023-12-26T11:00:00Z,2023-12-26T12:00:00+0100,10.0,EUR/MWh,NL,NL,day_ahead_price,value,2026-08-05T16:14:06Z
2023-12-26T12:00:00Z,2023-12-26T13:00:00+0100,2.73,EUR/MWh,NL,NL,day_ahead_price,value,2026-08-05T16:14:06Z
2023-12-26T13:00:00Z,2023-12-26T14:00:00+0100,40.1,EUR/MWh,NL,NL,day_ahead_price,value,2026-08-05T16:14:06Z
2023-12-26T14:00:00Z,2023-12-26T15:00:00+0100,74.2,EUR/MWh,NL,NL,day_ahead_price,value,2026-08-05T16:14:06Z
2023-12-26T15:00:00Z,2023-12-26T16:00:00+0100,91.9,EUR/MWh,NL,NL,day_ahead_price,value,2026-08-05T16:14:06Z
2023-12-26T16:00:00Z,2023-12-26T17:00:00+0100,113.8,EUR/MWh,NL,NL,day_ahead_price,value,2026-08-05T16:14:06Z
2023-12-26T17:00:00Z,2023-12-26T18:00:00+0100,130.0,EUR/MWh,NL,NL,day_ahead_price,value,2026-08-05T16:14:06Z
2023-12-26T18:00:00Z,2023-12-26T19:00:00+0100,129.0,EUR/MWh,NL,NL,day_ahead_price,value,2026-08-05T16:14:06Z
2023-12-26T19:00:00Z,2023-12-26T20:00:00+0100,113.9,EUR/MWh,NL,NL,day_ahead_price,value,2026-08-05T16:14:06Z
2023-12-26T20:00:00Z,2023-12-26T21:00:00+0100,83.1,EUR/MWh,NL,NL,day_ahead_price,value,2026-08-05T16:14:06Z
2023-12-26T21:00:00Z,2023-12-26T22:00:00+0100,97.2,EUR/MWh,NL,NL,day_ahead_price,value,2026-08-05T16:14:06Z
2023-12-26T22:00:00Z,2023-12-26T23:00:00+0100,85.0,EUR/MWh,NL,NL,day_ahead_price,value,2026-08-05T16:14:06Z
2023-12-26T23:00:00Z,2023-12-27T00:00:00+0100,89.91,EUR/MWh,NL,NL,day_ahead_price,value,2026-08-05T16:14:06Z
2023-12-27T00:00:00Z,2023-12-27T01:00:00+0100,79.2,EUR/MWh,NL,NL,day_ahead_price,value,2026-08-05T16:14:06Z
2023-12-27T01:00:00Z,2023-12-27T02:00:00+0100,57.63,EUR/MWh,NL,NL,day_ahead_price,value,2026-08-05T16:14:06Z
2023-12-27T02:00:00Z,2023-12-27T03:00:00+0100,51.9,EUR/MWh,NL,NL,day_ahead_price,value,2026-08-05T16:14:06Z
2023-12-27T03:00:00Z,2023-12-27T04:00:00+0100,50.03,EUR/MWh,NL,NL,day_ahead_price,value,2026-08-05T16:14:06Z
2023-12-27T04:00:00Z,2023-12-27T05:00:00+0100,55.71,EUR/MWh,NL,NL,day_ahead_price,value,2026-08-05T16:14:06Z
2023-12-27T05:00:00Z,2023-12-27T06:00:00+0100,65.06,EUR/MWh,NL,NL,day_ahead_price,value,2026-08-05T16:14:06Z
2023-12-27T06:00:00Z,2023-12-27T07:00:00+0100,77.65,EUR/MWh,NL,NL,day_ahead_price,value,2026-08-05T16:14:06Z
2023-12-27T07:00:00Z,2023-12-27T08:00:00+0100,82.76,EUR/MWh,NL,NL,day_ahead_price,value,2026-08-05T16:14:06Z
2023-12-27T08:00:00Z,2023-12-27T09:00:00+0100,80.54,EUR/MWh,NL,NL,day_ahead_price,value,2026-08-05T16:14:06Z
2023-12-27T09:00:00Z,2023-12-27T10:00:00+0100,74.89,EUR/MWh,NL,NL,day_ahead_price,value,2026-08-05T16:14:06Z
2023-12-27T10:00:00Z,2023-12-27T11:00:00+0100,74.71,EUR/MWh,NL,NL,day_ahead_price,value,2026-08-05T16:14:06Z
2023-12-27T11:00:00Z,2023-12-27T12:00:00+0100,73.79,EUR/MWh,NL,NL,day_ahead_price,value,2026-08-05T16:14:06Z
2023-12-27T12:00:00Z,2023-12-27T13:00:00+0100,72.0,EUR/MWh,NL,NL,day_ahead_price,value,2026-08-05T16:14:06Z
2023-12-27T13:00:00Z,2023-12-27T14:00:00+0100,73.7,EUR/MWh,NL,NL,day_ahead_price,value,2026-08-05T16:14:06Z
2023-12-27T14:00:00Z,2023-12-27T15:00:00+0100,80.0,EUR/MWh,NL,NL,day_ahead_price,value,2026-08-05T16:14:06Z
2023-12-27T15:00:00Z,2023-12-27T16:00:00+0100,79.16,EUR/MWh,NL,NL,day_ahead_price,value,2026-08-05T16:14:06Z
2023-12-27T16:00:00Z,2023-12-27T17:00:00+0100,80.38,EUR/MWh,NL,NL,day_ahead_price,value,2026-08-05T16:14:06Z
2023-12-27T17:00:00Z,2023-12-27T18:00:00+0100,74.38,EUR/MWh,NL,NL,day_ahead_price,value,2026-08-05T16:14:06Z
2023-12-27T18:00:00Z,2023-12-27T19:00:00+0100,64.9,EUR/MWh,NL,NL,day_ahead_price,value,2026-08-05T16:14:06Z
2023-12-27T19:00:00Z,2023-12-27T20:00:00+0100,54.73,EUR/MWh,NL,NL,day_ahead_price,value,2026-08-05T16:14:06Z
2023-12-27T20:00:00Z,2023-12-27T21:00:00+0100,24.74,EUR/MWh,NL,NL,day_ahead_price,value,2026-08-05T16:14:06Z
2023-12-27T21:00:00Z,2023-12-27T22:00:00+0100,16.99,EUR/MWh,NL,NL,day_ahead_price,value,2026-08-05T16:14:06Z
2023-12-27T22:00:00Z,2023-12-27T23:00:00+0100,0.2,EUR/MWh,NL,NL,day_ahead_price,value,2026-08-05T16:14:06Z
2023-12-27T23:00:00Z,2023-12-28T00:00:00+0100,-0.02,EUR/MWh,NL,NL,day_ahead_price,value,2026-08-05T16:14:06Z
2023-12-28T00:00:00Z,2023-12-28T01:00:00+0100,-0.78,EUR/MWh,NL,NL,day_ahead_price,value,2026-08-05T16:14:06Z
2023-12-28T01:00:00Z,2023-12-28T02:00:00+0100,-1.43,EUR/MWh,NL,NL,day_ahead_price,value,2026-08-05T16:14:06Z
2023-12-28T02:00:00Z,2023-12-28T03:00:00+0100,-1.39,EUR/MWh,NL,NL,day_ahead_price,value,2026-08-05T16:14:06Z
2023-12-28T03:00:00Z,2023-12-28T04:00:00+0100,-1.94,EUR/MWh,NL,NL,day_ahead_price,value,2026-08-05T16:14:06Z
2023-12-28T04:00:00Z,2023-12-28T05:00:00+0100,-1.04,EUR/MWh,NL,NL,day_ahead_price,value,2026-08-05T16:14:06Z
2023-12-28T05:00:00Z,2023-12-28T06:00:00+0100,-0.7,EUR/MWh,NL,NL,day_ahead_price,value,2026-08-05T16:14:06Z
2023-12-28T06:00:00Z,2023-12-28T07:00:00+0100,16.06,EUR/MWh,NL,NL,day_ahead_price,value,2026-08-05T16:14:06Z
2023-12-28T07:00:00Z,2023-12-28T08:00:00+0100,38.2,EUR/MWh,NL,NL,day_ahead_price,value,2026-08-05T16:14:06Z
2023-12-28T08:00:00Z,2023-12-28T09:00:00+0100,38.79,EUR/MWh,NL,NL,day_ahead_price,value,2026-08-05T16:14:06Z
2023-12-28T09:00:00Z,2023-12-28T10:00:00+0100,29.6,EUR/MWh,NL,NL,day_ahead_price,value,2026-08-05T16:14:06Z
2023-12-28T10:00:00Z,2023-12-28T11:00:00+0100,34.89,EUR/MWh,NL,NL,day_ahead_price,value,2026-08-05T16:14:06Z
2023-12-28T11:00:00Z,2023-12-28T12:00:00+0100,11.65,EUR/MWh,NL,NL,day_ahead_price,value,2026-08-05T16:14:06Z
2023-12-28T12:00:00Z,2023-12-28T13:00:00+0100,11.4,EUR/MWh,NL,NL,day_ahead_price,value,2026-08-05T16:14:06Z
2023-12-28T13:00:00Z,2023-12-28T14:00:00+0100,26.37,EUR/MWh,NL,NL,day_ahead_price,value,2026-08-05T16:14:06Z
2023-12-28T14:00:00Z,2023-12-28T15:00:00+0100,50.72,EUR/MWh,NL,NL,day_ahead_price,value,2026-08-05T16:14:06Z
2023-12-28T15:00:00Z,2023-12-28T16:00:00+0100,40.87,EUR/MWh,NL,NL,day_ahead_price,value,2026-08-05T16:14:06Z
2023-12-28T16:00:00Z,2023-12-28T17:00:00+0100,78.4,EUR/MWh,NL,NL,day_ahead_price,value,2026-08-05T16:14:06Z
2023-12-28T17:00:00Z,2023-12-28T18:00:00+0100,78.4,EUR/MWh,NL,NL,day_ahead_price,value,2026-08-05T16:14:06Z
2023-12-28T18:00:00Z,2023-12-28T19:00:00+0100,65.02,EUR/MWh,NL,NL,day_ahead_price,value,2026-08-05T16:14:06Z
2023-12-28T19:00:00Z,2023-12-28T20:00:00+0100,64.9,EUR/MWh,NL,NL,day_ahead_price,value,2026-08-05T16:14:06Z
2023-12-28T20:00:00Z,2023-12-28T21:00:00+0100,54.0,EUR/MWh,NL,NL,day_ahead_price,value,2026-08-05T16:14:06Z
2023-12-28T21:00:00Z,2023-12-28T22:00:00+0100,40.0,EUR/MWh,NL,NL,day_ahead_price,value,2026-08-05T16:14:06Z
2023-12-28T22:00:00Z,2023-12-28T23:00:00+0100,2.0,EUR/MWh,NL,NL,day_ahead_price,value,2026-08-05T16:14:06Z
2023-12-28T23:00:00Z,2023-12-29T00:00:00+0100,0.0,EUR/MWh,NL,NL,day_ahead_price,value,2026-08-05T16:14:06Z
2023-12-29T00:00:00Z,2023-12-29T01:00:00+0100,-0.08,EUR/MWh,NL,NL,day_ahead_price,value,2026-08-05T16:14:06Z
2023-12-29T01:00:00Z,2023-12-29T02:00:00+0100,-0.28,EUR/MWh,NL,NL,day_ahead_price,value,2026-08-05T16:14:06Z
2023-12-29T02:00:00Z,2023-12-29T03:00:00+0100,-1.51,EUR/MWh,NL,NL,day_ahead_price,value,2026-08-05T16:14:06Z
2023-12-29T03:00:00Z,2023-12-29T04:00:00+0100,-1.27,EUR/MWh,NL,NL,day_ahead_price,value,2026-08-05T16:14:06Z
2023-12-29T04:00:00Z,2023-12-29T05:00:00+0100,-0.28,EUR/MWh,NL,NL,day_ahead_price,value,2026-08-05T16:14:06Z
2023-12-29T05:00:00Z,2023-12-29T06:00:00+0100,-0.07,EUR/MWh,NL,NL,day_ahead_price,value,2026-08-05T16:14:06Z
2023-12-29T06:00:00Z,2023-12-29T07:00:00+0100,0.1,EUR/MWh,NL,NL,day_ahead_price,value,2026-08-05T16:14:06Z
2023-12-29T07:00:00Z,2023-12-29T08:00:00+0100,25.0,EUR/MWh,NL,NL,day_ahead_price,value,2026-08-05T16:14:06Z
2023-12-29T08:00:00Z,2023-12-29T09:00:00+0100,59.0,EUR/MWh,NL,NL,day_ahead_price,value,2026-08-05T16:14:06Z
2023-12-29T09:00:00Z,2023-12-29T10:00:00+0100,60.05,EUR/MWh,NL,NL,day_ahead_price,value,2026-08-05T16:14:06Z
2023-12-29T10:00:00Z,2023-12-29T11:00:00+0100,50.04,EUR/MWh,NL,NL,day_ahead_price,value,2026-08-05T16:14:06Z
2023-12-29T11:00:00Z,2023-12-29T12:00:00+0100,30.44,EUR/MWh,NL,NL,day_ahead_price,value,2026-08-05T16:14:06Z
2023-12-29T12:00:00Z,2023-12-29T13:00:00+0100,17.13,EUR/MWh,NL,NL,day_ahead_price,value,2026-08-05T16:14:06Z
2023-12-29T13:00:00Z,2023-12-29T14:00:00+0100,41.28,EUR/MWh,NL,NL,day_ahead_price,value,2026-08-05T16:14:06Z
2023-12-29T14:00:00Z,2023-12-29T15:00:00+0100,60.0,EUR/MWh,NL,NL,day_ahead_price,value,2026-08-05T16:14:06Z
2023-12-29T15:00:00Z,2023-12-29T16:00:00+0100,73.7,EUR/MWh,NL,NL,day_ahead_price,value,2026-08-05T16:14:06Z
2023-12-29T16:00:00Z,2023-12-29T17:00:00+0100,75.1,EUR/MWh,NL,NL,day_ahead_price,value,2026-08-05T16:14:06Z
2023-12-29T17:00:00Z,2023-12-29T18:00:00+0100,69.53,EUR/MWh,NL,NL,day_ahead_price,value,2026-08-05T16:14:06Z
2023-12-29T18:00:00Z,2023-12-29T19:00:00+0100,74.9,EUR/MWh,NL,NL,day_ahead_price,value,2026-08-05T16:14:06Z
2023-12-29T19:00:00Z,2023-12-29T20:00:00+0100,62.54,EUR/MWh,NL,NL,day_ahead_price,value,2026-08-05T16:14:06Z
2023-12-29T20:00:00Z,2023-12-29T21:00:00+0100,54.89,EUR/MWh,NL,NL,day_ahead_price,value,2026-08-05T16:14:06Z
2023-12-29T21:00:00Z,2023-12-29T22:00:00+0100,36.04,EUR/MWh,NL,NL,day_ahead_price,value,2026-08-05T16:14:06Z
2023-12-29T22:00:00Z,2023-12-29T23:00:00+0100,19.35,EUR/MWh,NL,NL,day_ahead_price,value,2026-08-05T16:14:06Z
2023-12-29T23:00:00Z,2023-12-30T00:00:00+0100,32.49,EUR/MWh,NL,NL,day_ahead_price,value,2026-08-05T16:14:06Z
2023-12-30T00:00:00Z,2023-12-30T01:00:00+0100,29.16,EUR/MWh,NL,NL,day_ahead_price,value,2026-08-05T16:14:06Z
2023-12-30T01:00:00Z,2023-12-30T02:00:00+0100,8.88,EUR/MWh,NL,NL,day_ahead_price,value,2026-08-05T16:14:06Z
2023-12-30T02:00:00Z,2023-12-30T03:00:00+0100,5.61,EUR/MWh,NL,NL,day_ahead_price,value,2026-08-05T16:14:06Z
2023-12-30T03:00:00Z,2023-12-30T04:00:00+0100,5.74,EUR/MWh,NL,NL,day_ahead_price,value,2026-08-05T16:14:06Z
2023-12-30T04:00:00Z,2023-12-30T05:00:00+0100,10.0,EUR/MWh,NL,NL,day_ahead_price,value,2026-08-05T16:14:06Z
2023-12-30T05:00:00Z,2023-12-30T06:00:00+0100,32.17,EUR/MWh,NL,NL,day_ahead_price,value,2026-08-05T16:14:06Z
2023-12-30T06:00:00Z,2023-12-30T07:00:00+0100,44.9,EUR/MWh,NL,NL,day_ahead_price,value,2026-08-05T16:14:06Z
2023-12-30T07:00:00Z,2023-12-30T08:00:00+0100,73.5,EUR/MWh,NL,NL,day_ahead_price,value,2026-08-05T16:14:06Z
2023-12-30T08:00:00Z,2023-12-30T09:00:00+0100,73.5,EUR/MWh,NL,NL,day_ahead_price,value,2026-08-05T16:14:06Z
2023-12-30T09:00:00Z,2023-12-30T10:00:00+0100,53.0,EUR/MWh,NL,NL,day_ahead_price,value,2026-08-05T16:14:06Z
2023-12-30T10:00:00Z,2023-12-30T11:00:00+0100,55.0,EUR/MWh,NL,NL,day_ahead_price,value,2026-08-05T16:14:06Z
2023-12-30T11:00:00Z,2023-12-30T12:00:00+0100,36.38,EUR/MWh,NL,NL,day_ahead_price,value,2026-08-05T16:14:06Z
2023-12-30T12:00:00Z,2023-12-30T13:00:00+0100,33.25,EUR/MWh,NL,NL,day_ahead_price,value,2026-08-05T16:14:06Z
2023-12-30T13:00:00Z,2023-12-30T14:00:00+0100,42.04,EUR/MWh,NL,NL,day_ahead_price,value,2026-08-05T16:14:06Z
2023-12-30T14:00:00Z,2023-12-30T15:00:00+0100,73.5,EUR/MWh,NL,NL,day_ahead_price,value,2026-08-05T16:14:06Z
2023-12-30T15:00:00Z,2023-12-30T16:00:00+0100,70.62,EUR/MWh,NL,NL,day_ahead_price,value,2026-08-05T16:14:06Z
2023-12-30T16:00:00Z,2023-12-30T17:00:00+0100,79.51,EUR/MWh,NL,NL,day_ahead_price,value,2026-08-05T16:14:06Z
2023-12-30T17:00:00Z,2023-12-30T18:00:00+0100,79.99,EUR/MWh,NL,NL,day_ahead_price,value,2026-08-05T16:14:06Z
2023-12-30T18:00:00Z,2023-12-30T19:00:00+0100,71.09,EUR/MWh,NL,NL,day_ahead_price,value,2026-08-05T16:14:06Z
2023-12-30T19:00:00Z,2023-12-30T20:00:00+0100,62.01,EUR/MWh,NL,NL,day_ahead_price,value,2026-08-05T16:14:06Z
2023-12-30T20:00:00Z,2023-12-30T21:00:00+0100,52.78,EUR/MWh,NL,NL,day_ahead_price,value,2026-08-05T16:14:06Z
2023-12-30T21:00:00Z,2023-12-30T22:00:00+0100,50.1,EUR/MWh,NL,NL,day_ahead_price,value,2026-08-05T16:14:06Z
2023-12-30T22:00:00Z,2023-12-30T23:00:00+0100,43.23,EUR/MWh,NL,NL,day_ahead_price,value,2026-08-05T16:14:06Z
2023-12-30T23:00:00Z,2023-12-31T00:00:00+0100,34.91,EUR/MWh,NL,NL,day_ahead_price,value,2026-08-05T16:14:06Z
2023-12-31T00:00:00Z,2023-12-31T01:00:00+0100,12.56,EUR/MWh,NL,NL,day_ahead_price,value,2026-08-05T16:14:06Z
2023-12-31T01:00:00Z,2023-12-31T02:00:00+0100,4.0,EUR/MWh,NL,NL,day_ahead_price,value,2026-08-05T16:14:06Z
2023-12-31T02:00:00Z,2023-12-31T03:00:00+0100,0.31,EUR/MWh,NL,NL,day_ahead_price,value,2026-08-05T16:14:06Z
2023-12-31T03:00:00Z,2023-12-31T04:00:00+0100,0.13,EUR/MWh,NL,NL,day_ahead_price,value,2026-08-05T16:14:06Z
2023-12-31T04:00:00Z,2023-12-31T05:00:00+0100,0.38,EUR/MWh,NL,NL,day_ahead_price,value,2026-08-05T16:14:06Z
2023-12-31T05:00:00Z,2023-12-31T06:00:00+0100,-0.41,EUR/MWh,NL,NL,day_ahead_price,value,2026-08-05T16:14:06Z
2023-12-31T06:00:00Z,2023-12-31T07:00:00+0100,-0.38,EUR/MWh,NL,NL,day_ahead_price,value,2026-08-05T16:14:06Z
2023-12-31T07:00:00Z,2023-12-31T08:00:00+0100,3.24,EUR/MWh,NL,NL,day_ahead_price,value,2026-08-05T16:14:06Z
2023-12-31T08:00:00Z,2023-12-31T09:00:00+0100,9.36,EUR/MWh,NL,NL,day_ahead_price,value,2026-08-05T16:14:06Z
2023-12-31T09:00:00Z,2023-12-31T10:00:00+0100,14.0,EUR/MWh,NL,NL,day_ahead_price,value,2026-08-05T16:14:06Z
2023-12-31T10:00:00Z,2023-12-31T11:00:00+0100,10.68,EUR/MWh,NL,NL,day_ahead_price,value,2026-08-05T16:14:06Z
2023-12-31T11:00:00Z,2023-12-31T12:00:00+0100,11.0,EUR/MWh,NL,NL,day_ahead_price,value,2026-08-05T16:14:06Z
2023-12-31T12:00:00Z,2023-12-31T13:00:00+0100,6.09,EUR/MWh,NL,NL,day_ahead_price,value,2026-08-05T16:14:06Z
2023-12-31T13:00:00Z,2023-12-31T14:00:00+0100,8.54,EUR/MWh,NL,NL,day_ahead_price,value,2026-08-05T16:14:06Z
2023-12-31T14:00:00Z,2023-12-31T15:00:00+0100,13.24,EUR/MWh,NL,NL,day_ahead_price,value,2026-08-05T16:14:06Z
2023-12-31T15:00:00Z,2023-12-31T16:00:00+0100,28.07,EUR/MWh,NL,NL,day_ahead_price,value,2026-08-05T16:14:06Z
2023-12-31T16:00:00Z,2023-12-31T17:00:00+0100,50.0,EUR/MWh,NL,NL,day_ahead_price,value,2026-08-05T16:14:06Z
2023-12-31T17:00:00Z,2023-12-31T18:00:00+0100,45.0,EUR/MWh,NL,NL,day_ahead_price,value,2026-08-05T16:14:06Z
2023-12-31T18:00:00Z,2023-12-31T19:00:00+0100,39.64,EUR/MWh,NL,NL,day_ahead_price,value,2026-08-05T16:14:06Z
2023-12-31T19:00:00Z,2023-12-31T20:00:00+0100,34.89,EUR/MWh,NL,NL,day_ahead_price,value,2026-08-05T16:14:06Z
2023-12-31T20:00:00Z,2023-12-31T21:00:00+0100,13.3,EUR/MWh,NL,NL,day_ahead_price,value,2026-08-05T16:14:06Z
2023-12-31T21:00:00Z,2023-12-31T22:00:00+0100,10.68,EUR/MWh,NL,NL,day_ahead_price,value,2026-08-05T16:14:06Z
2023-12-31T22:00:00Z,2023-12-31T23:00:00+0100,3.17,EUR/MWh,NL,NL,day_ahead_price,value,2026-08-05T16:14:06Z
2023-12-31T23:00:00Z,2024-01-01T00:00:00+0100,0.1,EUR/MWh,NL,NL,day_ahead_price,value,2026-08-05T16:14:39Z
