collection_time_utc,collection_time_local,run_id,timestamp_utc,timestamp_local,value,unit,country,entsoe_area,variable,source,updated_at_utc
2026-09-02T20:44:49Z,2026-09-02T22:44:49+0200,8323e810-b195-41bb-9e21-529de71b29ce,2026-08-26T21:00:00Z,2026-08-26T23:00:00+0200,29822.0,MW,ES,ES,forecast_load,Forecasted Load,2026-09-02T20:45:09Z
2026-09-02T20:44:49Z,2026-09-02T22:44:49+0200,8323e810-b195-41bb-9e21-529de71b29ce,2026-08-26T21:15:00Z,2026-08-26T23:15:00+0200,29257.0,MW,ES,ES,forecast_load,Forecasted Load,2026-09-02T20:45:09Z
2026-09-02T20:44:49Z,2026-09-02T22:44:49+0200,8323e810-b195-41bb-9e21-529de71b29ce,2026-08-26T21:30:00Z,2026-08-26T23:30:00+0200,28754.0,MW,ES,ES,forecast_load,Forecasted Load,2026-09-02T20:45:09Z
2026-09-02T20:44:49Z,2026-09-02T22:44:49+0200,8323e810-b195-41bb-9e21-529de71b29ce,2026-08-26T21:45:00Z,2026-08-26T23:45:00+0200,28298.0,MW,ES,ES,forecast_load,Forecasted Load,2026-09-02T20:45:09Z
2026-09-02T20:44:49Z,2026-09-02T22:44:49+0200,8323e810-b195-41bb-9e21-529de71b29ce,2026-08-26T22:00:00Z,2026-08-27T00:00:00+0200,27642.0,MW,ES,ES,forecast_load,Forecasted Load,2026-09-02T20:45:09Z
2026-09-02T20:44:49Z,2026-09-02T22:44:49+0200,8323e810-b195-41bb-9e21-529de71b29ce,2026-08-26T22:15:00Z,2026-08-27T00:15:00+0200,27260.0,MW,ES,ES,forecast_load,Forecasted Load,2026-09-02T20:45:09Z
2026-09-02T20:44:49Z,2026-09-02T22:44:49+0200,8323e810-b195-41bb-9e21-529de71b29ce,2026-08-26T22:30:00Z,2026-08-27T00:30:00+0200,26877.0,MW,ES,ES,forecast_load,Forecasted Load,2026-09-02T20:45:09Z
2026-09-02T20:44:49Z,2026-09-02T22:44:49+0200,8323e810-b195-41bb-9e21-529de71b29ce,2026-08-26T22:45:00Z,2026-08-27T00:45:00+0200,26502.0,MW,ES,ES,forecast_load,Forecasted Load,2026-09-02T20:45:09Z
2026-09-02T20:44:49Z,2026-09-02T22:44:49+0200,8323e810-b195-41bb-9e21-529de71b29ce,2026-08-26T23:00:00Z,2026-08-27T01:00:00+0200,26089.0,MW,ES,ES,forecast_load,Forecasted Load,2026-09-02T20:45:09Z
2026-09-02T20:44:49Z,2026-09-02T22:44:49+0200,8323e810-b195-41bb-9e21-529de71b29ce,2026-08-26T23:15:00Z,2026-08-27T01:15:00+0200,25764.0,MW,ES,ES,forecast_load,Forecasted Load,2026-09-02T20:45:09Z
2026-09-02T20:44:49Z,2026-09-02T22:44:49+0200,8323e810-b195-41bb-9e21-529de71b29ce,2026-08-26T23:30:00Z,2026-08-27T01:30:00+0200,25479.0,MW,ES,ES,forecast_load,Forecasted Load,2026-09-02T20:45:09Z
2026-09-02T20:44:49Z,2026-09-02T22:44:49+0200,8323e810-b195-41bb-9e21-529de71b29ce,2026-08-26T23:45:00Z,2026-08-27T01:45:00+0200,25230.0,MW,ES,ES,forecast_load,Forecasted Load,2026-09-02T20:45:09Z
2026-09-02T20:44:49Z,2026-09-02T22:44:49+0200,8323e810-b195-41bb-9e21-529de71b29ce,2026-08-27T00:00:00Z,2026-08-27T02:00:00+0200,24971.0,MW,ES,ES,forecast_load,Forecasted Load,2026-09-02T20:45:09Z
2026-09-02T20:44:49Z,2026-09-02T22:44:49+0200,8323e810-b195-41bb-9e21-529de71b29ce,2026-08-27T00:15:00Z,2026-08-27T02:15:00+0200,24775.0,MW,ES,ES,forecast_load,Forecasted Load,2026-09-02T20:45:09Z
2026-09-02T20:44:49Z,2026-09-02T22:44:49+0200,8323e810-b195-41bb-9e21-529de71b29ce,2026-08-27T00:30:00Z,2026-08-27T02:30:00+0200,24596.0,MW,ES,ES,forecast_load,Forecasted Load,2026-09-02T20:45:09Z
2026-09-02T20:44:49Z,2026-09-02T22:44:49+0200,8323e810-b195-41bb-9e21-529de71b29ce,2026-08-27T00:45:00Z,2026-08-27T02:45:00+0200,24435.0,MW,ES,ES,forecast_load,Forecasted Load,2026-09-02T20:45:09Z
2026-09-02T20:44:49Z,2026-09-02T22:44:49+0200,8323e810-b195-41bb-9e21-529de71b29ce,2026-08-27T01:00:00Z,2026-08-27T03:00:00+0200,24256.0,MW,ES,ES,forecast_load,Forecasted Load,2026-09-02T20:45:09Z
2026-09-02T20:44:49Z,2026-09-02T22:44:49+0200,8323e810-b195-41bb-9e21-529de71b29ce,2026-08-27T01:15:00Z,2026-08-27T03:15:00+0200,24129.0,MW,ES,ES,forecast_load,Forecasted Load,2026-09-02T20:45:09Z
2026-09-02T20:44:49Z,2026-09-02T22:44:49+0200,8323e810-b195-41bb-9e21-529de71b29ce,2026-08-27T01:30:00Z,2026-08-27T03:30:00+0200,24020.0,MW,ES,ES,forecast_load,Forecasted Load,2026-09-02T20:45:09Z
2026-09-02T20:44:49Z,2026-09-02T22:44:49+0200,8323e810-b195-41bb-9e21-529de71b29ce,2026-08-27T01:45:00Z,2026-08-27T03:45:00+0200,23930.0,MW,ES,ES,forecast_load,Forecasted Load,2026-09-02T20:45:09Z
2026-09-02T20:44:49Z,2026-09-02T22:44:49+0200,8323e810-b195-41bb-9e21-529de71b29ce,2026-08-27T02:00:00Z,2026-08-27T04:00:00+0200,23805.0,MW,ES,ES,forecast_load,Forecasted Load,2026-09-02T20:45:09Z
2026-09-02T20:44:49Z,2026-09-02T22:44:49+0200,8323e810-b195-41bb-9e21-529de71b29ce,2026-08-27T02:15:00Z,2026-08-27T04:15:00+0200,23757.0,MW,ES,ES,forecast_load,Forecasted Load,2026-09-02T20:45:09Z
2026-09-02T20:44:49Z,2026-09-02T22:44:49+0200,8323e810-b195-41bb-9e21-529de71b29ce,2026-08-27T02:30:00Z,2026-08-27T04:30:00+0200,23737.0,MW,ES,ES,forecast_load,Forecasted Load,2026-09-02T20:45:09Z
2026-09-02T20:44:49Z,2026-09-02T22:44:49+0200,8323e810-b195-41bb-9e21-529de71b29ce,2026-08-27T02:45:00Z,2026-08-27T04:45:00+0200,23768.0,MW,ES,ES,forecast_load,Forecasted Load,2026-09-02T20:45:09Z
2026-09-02T20:44:49Z,2026-09-02T22:44:49+0200,8323e810-b195-41bb-9e21-529de71b29ce,2026-08-27T03:00:00Z,2026-08-27T05:00:00+0200,23658.0,MW,ES,ES,forecast_load,Forecasted Load,2026-09-02T20:45:09Z
2026-09-02T20:44:49Z,2026-09-02T22:44:49+0200,8323e810-b195-41bb-9e21-529de71b29ce,2026-08-27T03:15:00Z,2026-08-27T05:15:00+0200,23877.0,MW,ES,ES,forecast_load,Forecasted Load,2026-09-02T20:45:09Z
2026-09-02T20:44:49Z,2026-09-02T22:44:49+0200,8323e810-b195-41bb-9e21-529de71b29ce,2026-08-27T03:30:00Z,2026-08-27T05:30:00+0200,24224.0,MW,ES,ES,forecast_load,Forecasted Load,2026-09-02T20:45:09Z
2026-09-02T20:44:49Z,2026-09-02T22:44:49+0200,8323e810-b195-41bb-9e21-529de71b29ce,2026-08-27T03:45:00Z,2026-08-27T05:45:00+0200,24683.0,MW,ES,ES,forecast_load,Forecasted Load,2026-09-02T20:45:09Z
2026-09-02T20:44:49Z,2026-09-02T22:44:49+0200,8323e810-b195-41bb-9e21-529de71b29ce,2026-08-27T04:00:00Z,2026-08-27T06:00:00+0200,25154.0,MW,ES,ES,forecast_load,Forecasted Load,2026-09-02T20:45:09Z
2026-09-02T20:44:49Z,2026-09-02T22:44:49+0200,8323e810-b195-41bb-9e21-529de71b29ce,2026-08-27T04:15:00Z,2026-08-27T06:15:00+0200,25763.0,MW,ES,ES,forecast_load,Forecasted Load,2026-09-02T20:45:09Z
2026-09-02T20:44:49Z,2026-09-02T22:44:49+0200,8323e810-b195-41bb-9e21-529de71b29ce,2026-08-27T04:30:00Z,2026-08-27T06:30:00+0200,26410.0,MW,ES,ES,forecast_load,Forecasted Load,2026-09-02T20:45:09Z
2026-09-02T20:44:49Z,2026-09-02T22:44:49+0200,8323e810-b195-41bb-9e21-529de71b29ce,2026-08-27T04:45:00Z,2026-08-27T06:45:00+0200,27053.0,MW,ES,ES,forecast_load,Forecasted Load,2026-09-02T20:45:09Z
2026-09-02T20:44:49Z,2026-09-02T22:44:49+0200,8323e810-b195-41bb-9e21-529de71b29ce,2026-08-27T05:00:00Z,2026-08-27T07:00:00+0200,27865.0,MW,ES,ES,forecast_load,Forecasted Load,2026-09-02T20:45:09Z
2026-09-02T20:44:49Z,2026-09-02T22:44:49+0200,8323e810-b195-41bb-9e21-529de71b29ce,2026-08-27T05:15:00Z,2026-08-27T07:15:00+0200,28378.0,MW,ES,ES,forecast_load,Forecasted Load,2026-09-02T20:45:09Z
2026-09-02T20:44:49Z,2026-09-02T22:44:49+0200,8323e810-b195-41bb-9e21-529de71b29ce,2026-08-27T05:30:00Z,2026-08-27T07:30:00+0200,28772.0,MW,ES,ES,forecast_load,Forecasted Load,2026-09-02T20:45:09Z
2026-09-02T20:44:49Z,2026-09-02T22:44:49+0200,8323e810-b195-41bb-9e21-529de71b29ce,2026-08-27T05:45:00Z,2026-08-27T07:45:00+0200,29069.0,MW,ES,ES,forecast_load,Forecasted Load,2026-09-02T20:45:09Z
2026-09-02T20:44:49Z,2026-09-02T22:44:49+0200,8323e810-b195-41bb-9e21-529de71b29ce,2026-08-27T06:00:00Z,2026-08-27T08:00:00+0200,29344.0,MW,ES,ES,forecast_load,Forecasted Load,2026-09-02T20:45:09Z
2026-09-02T20:44:49Z,2026-09-02T22:44:49+0200,8323e810-b195-41bb-9e21-529de71b29ce,2026-08-27T06:15:00Z,2026-08-27T08:15:00+0200,29556.0,MW,ES,ES,forecast_load,Forecasted Load,2026-09-02T20:45:09Z
2026-09-02T20:44:49Z,2026-09-02T22:44:49+0200,8323e810-b195-41bb-9e21-529de71b29ce,2026-08-27T06:30:00Z,2026-08-27T08:30:00+0200,29772.0,MW,ES,ES,forecast_load,Forecasted Load,2026-09-02T20:45:09Z
2026-09-02T20:44:49Z,2026-09-02T22:44:49+0200,8323e810-b195-41bb-9e21-529de71b29ce,2026-08-27T06:45:00Z,2026-08-27T08:45:00+0200,29989.0,MW,ES,ES,forecast_load,Forecasted Load,2026-09-02T20:45:09Z
2026-09-02T20:44:49Z,2026-09-02T22:44:49+0200,8323e810-b195-41bb-9e21-529de71b29ce,2026-08-27T07:00:00Z,2026-08-27T09:00:00+0200,30243.0,MW,ES,ES,forecast_load,Forecasted Load,2026-09-02T20:45:09Z
2026-09-02T20:44:49Z,2026-09-02T22:44:49+0200,8323e810-b195-41bb-9e21-529de71b29ce,2026-08-27T07:15:00Z,2026-08-27T09:15:00+0200,30431.0,MW,ES,ES,forecast_load,Forecasted Load,2026-09-02T20:45:09Z
2026-09-02T20:44:49Z,2026-09-02T22:44:49+0200,8323e810-b195-41bb-9e21-529de71b29ce,2026-08-27T07:30:00Z,2026-08-27T09:30:00+0200,30589.0,MW,ES,ES,forecast_load,Forecasted Load,2026-09-02T20:45:09Z
2026-09-02T20:44:49Z,2026-09-02T22:44:49+0200,8323e810-b195-41bb-9e21-529de71b29ce,2026-08-27T07:45:00Z,2026-08-27T09:45:00+0200,30716.0,MW,ES,ES,forecast_load,Forecasted Load,2026-09-02T20:45:09Z
2026-09-02T20:44:49Z,2026-09-02T22:44:49+0200,8323e810-b195-41bb-9e21-529de71b29ce,2026-08-27T08:00:00Z,2026-08-27T10:00:00+0200,30875.0,MW,ES,ES,forecast_load,Forecasted Load,2026-09-02T20:45:09Z
2026-09-02T20:44:49Z,2026-09-02T22:44:49+0200,8323e810-b195-41bb-9e21-529de71b29ce,2026-08-27T08:15:00Z,2026-08-27T10:15:00+0200,30936.0,MW,ES,ES,forecast_load,Forecasted Load,2026-09-02T20:45:09Z
2026-09-02T20:44:49Z,2026-09-02T22:44:49+0200,8323e810-b195-41bb-9e21-529de71b29ce,2026-08-27T08:30:00Z,2026-08-27T10:30:00+0200,30965.0,MW,ES,ES,forecast_load,Forecasted Load,2026-09-02T20:45:09Z
2026-09-02T20:44:49Z,2026-09-02T22:44:49+0200,8323e810-b195-41bb-9e21-529de71b29ce,2026-08-27T08:45:00Z,2026-08-27T10:45:00+0200,30972.0,MW,ES,ES,forecast_load,Forecasted Load,2026-09-02T20:45:09Z
2026-09-02T20:44:49Z,2026-09-02T22:44:49+0200,8323e810-b195-41bb-9e21-529de71b29ce,2026-08-27T09:00:00Z,2026-08-27T11:00:00+0200,30954.0,MW,ES,ES,forecast_load,Forecasted Load,2026-09-02T20:45:09Z
2026-09-02T20:44:49Z,2026-09-02T22:44:49+0200,8323e810-b195-41bb-9e21-529de71b29ce,2026-08-27T09:15:00Z,2026-08-27T11:15:00+0200,30955.0,MW,ES,ES,forecast_load,Forecasted Load,2026-09-02T20:45:09Z
2026-09-02T20:44:49Z,2026-09-02T22:44:49+0200,8323e810-b195-41bb-9e21-529de71b29ce,2026-08-27T09:30:00Z,2026-08-27T11:30:00+0200,30969.0,MW,ES,ES,forecast_load,Forecasted Load,2026-09-02T20:45:09Z
2026-09-02T20:44:49Z,2026-09-02T22:44:49+0200,8323e810-b195-41bb-9e21-529de71b29ce,2026-08-27T09:45:00Z,2026-08-27T11:45:00+0200,31001.0,MW,ES,ES,forecast_load,Forecasted Load,2026-09-02T20:45:09Z
2026-09-02T20:44:49Z,2026-09-02T22:44:49+0200,8323e810-b195-41bb-9e21-529de71b29ce,2026-08-27T10:00:00Z,2026-08-27T12:00:00+0200,31015.0,MW,ES,ES,forecast_load,Forecasted Load,2026-09-02T20:45:09Z
2026-09-02T20:44:49Z,2026-09-02T22:44:49+0200,8323e810-b195-41bb-9e21-529de71b29ce,2026-08-27T10:15:00Z,2026-08-27T12:15:00+0200,31089.0,MW,ES,ES,forecast_load,Forecasted Load,2026-09-02T20:45:09Z
2026-09-02T20:44:49Z,2026-09-02T22:44:49+0200,8323e810-b195-41bb-9e21-529de71b29ce,2026-08-27T10:30:00Z,2026-08-27T12:30:00+0200,31184.0,MW,ES,ES,forecast_load,Forecasted Load,2026-09-02T20:45:09Z
2026-09-02T20:44:49Z,2026-09-02T22:44:49+0200,8323e810-b195-41bb-9e21-529de71b29ce,2026-08-27T10:45:00Z,2026-08-27T12:45:00+0200,31283.0,MW,ES,ES,forecast_load,Forecasted Load,2026-09-02T20:45:09Z
2026-09-02T20:44:49Z,2026-09-02T22:44:49+0200,8323e810-b195-41bb-9e21-529de71b29ce,2026-08-27T11:00:00Z,2026-08-27T13:00:00+0200,31451.0,MW,ES,ES,forecast_load,Forecasted Load,2026-09-02T20:45:09Z
2026-09-02T20:44:49Z,2026-09-02T22:44:49+0200,8323e810-b195-41bb-9e21-529de71b29ce,2026-08-27T11:15:00Z,2026-08-27T13:15:00+0200,31496.0,MW,ES,ES,forecast_load,Forecasted Load,2026-09-02T20:45:09Z
2026-09-02T20:44:49Z,2026-09-02T22:44:49+0200,8323e810-b195-41bb-9e21-529de71b29ce,2026-08-27T11:30:00Z,2026-08-27T13:30:00+0200,31487.0,MW,ES,ES,forecast_load,Forecasted Load,2026-09-02T20:45:09Z
2026-09-02T20:44:49Z,2026-09-02T22:44:49+0200,8323e810-b195-41bb-9e21-529de71b29ce,2026-08-27T11:45:00Z,2026-08-27T13:45:00+0200,31424.0,MW,ES,ES,forecast_load,Forecasted Load,2026-09-02T20:45:09Z
2026-09-02T20:44:49Z,2026-09-02T22:44:49+0200,8323e810-b195-41bb-9e21-529de71b29ce,2026-08-27T12:00:00Z,2026-08-27T14:00:00+0200,31394.0,MW,ES,ES,forecast_load,Forecasted Load,2026-09-02T20:45:09Z
2026-09-02T20:44:49Z,2026-09-02T22:44:49+0200,8323e810-b195-41bb-9e21-529de71b29ce,2026-08-27T12:15:00Z,2026-08-27T14:15:00+0200,31230.0,MW,ES,ES,forecast_load,Forecasted Load,2026-09-02T20:45:09Z
2026-09-02T20:44:49Z,2026-09-02T22:44:49+0200,8323e810-b195-41bb-9e21-529de71b29ce,2026-08-27T12:30:00Z,2026-08-27T14:30:00+0200,31025.0,MW,ES,ES,forecast_load,Forecasted Load,2026-09-02T20:45:09Z
2026-09-02T20:44:49Z,2026-09-02T22:44:49+0200,8323e810-b195-41bb-9e21-529de71b29ce,2026-08-27T12:45:00Z,2026-08-27T14:45:00+0200,30805.0,MW,ES,ES,forecast_load,Forecasted Load,2026-09-02T20:45:09Z
2026-09-02T20:44:49Z,2026-09-02T22:44:49+0200,8323e810-b195-41bb-9e21-529de71b29ce,2026-08-27T13:00:00Z,2026-08-27T15:00:00+0200,30498.0,MW,ES,ES,forecast_load,Forecasted Load,2026-09-02T20:45:09Z
2026-09-02T20:44:49Z,2026-09-02T22:44:49+0200,8323e810-b195-41bb-9e21-529de71b29ce,2026-08-27T13:15:00Z,2026-08-27T15:15:00+0200,30339.0,MW,ES,ES,forecast_load,Forecasted Load,2026-09-02T20:45:09Z
2026-09-02T20:44:49Z,2026-09-02T22:44:49+0200,8323e810-b195-41bb-9e21-529de71b29ce,2026-08-27T13:30:00Z,2026-08-27T15:30:00+0200,30249.0,MW,ES,ES,forecast_load,Forecasted Load,2026-09-02T20:45:09Z
2026-09-02T20:44:49Z,2026-09-02T22:44:49+0200,8323e810-b195-41bb-9e21-529de71b29ce,2026-08-27T13:45:00Z,2026-08-27T15:45:00+0200,30223.0,MW,ES,ES,forecast_load,Forecasted Load,2026-09-02T20:45:09Z
2026-09-02T20:44:49Z,2026-09-02T22:44:49+0200,8323e810-b195-41bb-9e21-529de71b29ce,2026-08-27T14:00:00Z,2026-08-27T16:00:00+0200,30177.0,MW,ES,ES,forecast_load,Forecasted Load,2026-09-02T20:45:09Z
2026-09-02T20:44:49Z,2026-09-02T22:44:49+0200,8323e810-b195-41bb-9e21-529de71b29ce,2026-08-27T14:15:00Z,2026-08-27T16:15:00+0200,30243.0,MW,ES,ES,forecast_load,Forecasted Load,2026-09-02T20:45:09Z
2026-09-02T20:44:49Z,2026-09-02T22:44:49+0200,8323e810-b195-41bb-9e21-529de71b29ce,2026-08-27T14:30:00Z,2026-08-27T16:30:00+0200,30338.0,MW,ES,ES,forecast_load,Forecasted Load,2026-09-02T20:45:09Z
2026-09-02T20:44:49Z,2026-09-02T22:44:49+0200,8323e810-b195-41bb-9e21-529de71b29ce,2026-08-27T14:45:00Z,2026-08-27T16:45:00+0200,30453.0,MW,ES,ES,forecast_load,Forecasted Load,2026-09-02T20:45:09Z
2026-09-02T20:44:49Z,2026-09-02T22:44:49+0200,8323e810-b195-41bb-9e21-529de71b29ce,2026-08-27T15:00:00Z,2026-08-27T17:00:00+0200,30582.0,MW,ES,ES,forecast_load,Forecasted Load,2026-09-02T20:45:09Z
2026-09-02T20:44:49Z,2026-09-02T22:44:49+0200,8323e810-b195-41bb-9e21-529de71b29ce,2026-08-27T15:15:00Z,2026-08-27T17:15:00+0200,30711.0,MW,ES,ES,forecast_load,Forecasted Load,2026-09-02T20:45:09Z
2026-09-02T20:44:49Z,2026-09-02T22:44:49+0200,8323e810-b195-41bb-9e21-529de71b29ce,2026-08-27T15:30:00Z,2026-08-27T17:30:00+0200,30836.0,MW,ES,ES,forecast_load,Forecasted Load,2026-09-02T20:45:09Z
2026-09-02T20:44:49Z,2026-09-02T22:44:49+0200,8323e810-b195-41bb-9e21-529de71b29ce,2026-08-27T15:45:00Z,2026-08-27T17:45:00+0200,30951.0,MW,ES,ES,forecast_load,Forecasted Load,2026-09-02T20:45:09Z
2026-09-02T20:44:49Z,2026-09-02T22:44:49+0200,8323e810-b195-41bb-9e21-529de71b29ce,2026-08-27T16:00:00Z,2026-08-27T18:00:00+0200,31085.0,MW,ES,ES,forecast_load,Forecasted Load,2026-09-02T20:45:09Z
2026-09-02T20:44:49Z,2026-09-02T22:44:49+0200,8323e810-b195-41bb-9e21-529de71b29ce,2026-08-27T16:15:00Z,2026-08-27T18:15:00+0200,31174.0,MW,ES,ES,forecast_load,Forecasted Load,2026-09-02T20:45:09Z
2026-09-02T20:44:49Z,2026-09-02T22:44:49+0200,8323e810-b195-41bb-9e21-529de71b29ce,2026-08-27T16:30:00Z,2026-08-27T18:30:00+0200,31246.0,MW,ES,ES,forecast_load,Forecasted Load,2026-09-02T20:45:09Z
2026-09-02T20:44:49Z,2026-09-02T22:44:49+0200,8323e810-b195-41bb-9e21-529de71b29ce,2026-08-27T16:45:00Z,2026-08-27T18:45:00+0200,31307.0,MW,ES,ES,forecast_load,Forecasted Load,2026-09-02T20:45:09Z
2026-09-02T20:44:49Z,2026-09-02T22:44:49+0200,8323e810-b195-41bb-9e21-529de71b29ce,2026-08-27T17:00:00Z,2026-08-27T19:00:00+0200,31349.0,MW,ES,ES,forecast_load,Forecasted Load,2026-09-02T20:45:09Z
2026-09-02T20:44:49Z,2026-09-02T22:44:49+0200,8323e810-b195-41bb-9e21-529de71b29ce,2026-08-27T17:15:00Z,2026-08-27T19:15:00+0200,31402.0,MW,ES,ES,forecast_load,Forecasted Load,2026-09-02T20:45:09Z
2026-09-02T20:44:49Z,2026-09-02T22:44:49+0200,8323e810-b195-41bb-9e21-529de71b29ce,2026-08-27T17:30:00Z,2026-08-27T19:30:00+0200,31463.0,MW,ES,ES,forecast_load,Forecasted Load,2026-09-02T20:45:09Z
2026-09-02T20:44:49Z,2026-09-02T22:44:49+0200,8323e810-b195-41bb-9e21-529de71b29ce,2026-08-27T17:45:00Z,2026-08-27T19:45:00+0200,31556.0,MW,ES,ES,forecast_load,Forecasted Load,2026-09-02T20:45:09Z
2026-09-02T20:44:49Z,2026-09-02T22:44:49+0200,8323e810-b195-41bb-9e21-529de71b29ce,2026-08-27T18:00:00Z,2026-08-27T20:00:00+0200,31560.0,MW,ES,ES,forecast_load,Forecasted Load,2026-09-02T20:45:09Z
2026-09-02T20:44:49Z,2026-09-02T22:44:49+0200,8323e810-b195-41bb-9e21-529de71b29ce,2026-08-27T18:15:00Z,2026-08-27T20:15:00+0200,31803.0,MW,ES,ES,forecast_load,Forecasted Load,2026-09-02T20:45:09Z
2026-09-02T20:44:49Z,2026-09-02T22:44:49+0200,8323e810-b195-41bb-9e21-529de71b29ce,2026-08-27T18:30:00Z,2026-08-27T20:30:00+0200,32139.0,MW,ES,ES,forecast_load,Forecasted Load,2026-09-02T20:45:09Z
2026-09-02T20:44:49Z,2026-09-02T22:44:49+0200,8323e810-b195-41bb-9e21-529de71b29ce,2026-08-27T18:45:00Z,2026-08-27T20:45:00+0200,32480.0,MW,ES,ES,forecast_load,Forecasted Load,2026-09-02T20:45:09Z
2026-09-02T20:44:49Z,2026-09-02T22:44:49+0200,8323e810-b195-41bb-9e21-529de71b29ce,2026-08-27T19:00:00Z,2026-08-27T21:00:00+0200,33191.0,MW,ES,ES,forecast_load,Forecasted Load,2026-09-02T20:45:09Z
2026-09-02T20:44:49Z,2026-09-02T22:44:49+0200,8323e810-b195-41bb-9e21-529de71b29ce,2026-08-27T19:15:00Z,2026-08-27T21:15:00+0200,33207.0,MW,ES,ES,forecast_load,Forecasted Load,2026-09-02T20:45:09Z
2026-09-02T20:44:49Z,2026-09-02T22:44:49+0200,8323e810-b195-41bb-9e21-529de71b29ce,2026-08-27T19:30:00Z,2026-08-27T21:30:00+0200,32923.0,MW,ES,ES,forecast_load,Forecasted Load,2026-09-02T20:45:09Z
2026-09-02T20:44:49Z,2026-09-02T22:44:49+0200,8323e810-b195-41bb-9e21-529de71b29ce,2026-08-27T19:45:00Z,2026-08-27T21:45:00+0200,32396.0,MW,ES,ES,forecast_load,Forecasted Load,2026-09-02T20:45:09Z
2026-09-02T20:44:49Z,2026-09-02T22:44:49+0200,8323e810-b195-41bb-9e21-529de71b29ce,2026-08-27T20:00:00Z,2026-08-27T22:00:00+0200,31799.0,MW,ES,ES,forecast_load,Forecasted Load,2026-09-02T20:45:09Z
2026-09-02T20:44:49Z,2026-09-02T22:44:49+0200,8323e810-b195-41bb-9e21-529de71b29ce,2026-08-27T20:15:00Z,2026-08-27T22:15:00+0200,31064.0,MW,ES,ES,forecast_load,Forecasted Load,2026-09-02T20:45:09Z
2026-09-02T20:44:49Z,2026-09-02T22:44:49+0200,8323e810-b195-41bb-9e21-529de71b29ce,2026-08-27T20:30:00Z,2026-08-27T22:30:00+0200,30351.0,MW,ES,ES,forecast_load,Forecasted Load,2026-09-02T20:45:09Z
2026-09-02T20:44:49Z,2026-09-02T22:44:49+0200,8323e810-b195-41bb-9e21-529de71b29ce,2026-08-27T20:45:00Z,2026-08-27T22:45:00+0200,29689.0,MW,ES,ES,forecast_load,Forecasted Load,2026-09-02T20:45:09Z
2026-09-02T20:44:49Z,2026-09-02T22:44:49+0200,8323e810-b195-41bb-9e21-529de71b29ce,2026-08-27T21:00:00Z,2026-08-27T23:00:00+0200,28960.0,MW,ES,ES,forecast_load,Forecasted Load,2026-09-02T20:45:09Z
2026-09-02T20:44:49Z,2026-09-02T22:44:49+0200,8323e810-b195-41bb-9e21-529de71b29ce,2026-08-27T21:15:00Z,2026-08-27T23:15:00+0200,28439.0,MW,ES,ES,forecast_load,Forecasted Load,2026-09-02T20:45:09Z
2026-09-02T20:44:49Z,2026-09-02T22:44:49+0200,8323e810-b195-41bb-9e21-529de71b29ce,2026-08-27T21:30:00Z,2026-08-27T23:30:00+0200,27999.0,MW,ES,ES,forecast_load,Forecasted Load,2026-09-02T20:45:09Z
2026-09-02T20:44:49Z,2026-09-02T22:44:49+0200,8323e810-b195-41bb-9e21-529de71b29ce,2026-08-27T21:45:00Z,2026-08-27T23:45:00+0200,27619.0,MW,ES,ES,forecast_load,Forecasted Load,2026-09-02T20:45:09Z
2026-09-02T20:44:49Z,2026-09-02T22:44:49+0200,8323e810-b195-41bb-9e21-529de71b29ce,2026-08-27T22:00:00Z,2026-08-28T00:00:00+0200,26924.0,MW,ES,ES,forecast_load,Forecasted Load,2026-09-02T20:45:09Z
2026-09-02T20:44:49Z,2026-09-02T22:44:49+0200,8323e810-b195-41bb-9e21-529de71b29ce,2026-08-27T22:15:00Z,2026-08-28T00:15:00+0200,26581.0,MW,ES,ES,forecast_load,Forecasted Load,2026-09-02T20:45:09Z
2026-09-02T20:44:49Z,2026-09-02T22:44:49+0200,8323e810-b195-41bb-9e21-529de71b29ce,2026-08-27T22:30:00Z,2026-08-28T00:30:00+0200,26219.0,MW,ES,ES,forecast_load,Forecasted Load,2026-09-02T20:45:09Z
2026-09-02T20:44:49Z,2026-09-02T22:44:49+0200,8323e810-b195-41bb-9e21-529de71b29ce,2026-08-27T22:45:00Z,2026-08-28T00:45:00+0200,25851.0,MW,ES,ES,forecast_load,Forecasted Load,2026-09-02T20:45:09Z
2026-09-02T20:44:49Z,2026-09-02T22:44:49+0200,8323e810-b195-41bb-9e21-529de71b29ce,2026-08-27T23:00:00Z,2026-08-28T01:00:00+0200,25436.0,MW,ES,ES,forecast_load,Forecasted Load,2026-09-02T20:45:09Z
2026-09-02T20:44:49Z,2026-09-02T22:44:49+0200,8323e810-b195-41bb-9e21-529de71b29ce,2026-08-27T23:15:00Z,2026-08-28T01:15:00+0200,25113.0,MW,ES,ES,forecast_load,Forecasted Load,2026-09-02T20:45:09Z
2026-09-02T20:44:49Z,2026-09-02T22:44:49+0200,8323e810-b195-41bb-9e21-529de71b29ce,2026-08-27T23:30:00Z,2026-08-28T01:30:00+0200,24834.0,MW,ES,ES,forecast_load,Forecasted Load,2026-09-02T20:45:09Z
2026-09-02T20:44:49Z,2026-09-02T22:44:49+0200,8323e810-b195-41bb-9e21-529de71b29ce,2026-08-27T23:45:00Z,2026-08-28T01:45:00+0200,24597.0,MW,ES,ES,forecast_load,Forecasted Load,2026-09-02T20:45:09Z
2026-09-02T20:44:49Z,2026-09-02T22:44:49+0200,8323e810-b195-41bb-9e21-529de71b29ce,2026-08-28T00:00:00Z,2026-08-28T02:00:00+0200,24353.0,MW,ES,ES,forecast_load,Forecasted Load,2026-09-02T20:45:09Z
2026-09-02T20:44:49Z,2026-09-02T22:44:49+0200,8323e810-b195-41bb-9e21-529de71b29ce,2026-08-28T00:15:00Z,2026-08-28T02:15:00+0200,24170.0,MW,ES,ES,forecast_load,Forecasted Load,2026-09-02T20:45:09Z
2026-09-02T20:44:49Z,2026-09-02T22:44:49+0200,8323e810-b195-41bb-9e21-529de71b29ce,2026-08-28T00:30:00Z,2026-08-28T02:30:00+0200,24004.0,MW,ES,ES,forecast_load,Forecasted Load,2026-09-02T20:45:09Z
2026-09-02T20:44:49Z,2026-09-02T22:44:49+0200,8323e810-b195-41bb-9e21-529de71b29ce,2026-08-28T00:45:00Z,2026-08-28T02:45:00+0200,23854.0,MW,ES,ES,forecast_load,Forecasted Load,2026-09-02T20:45:09Z
2026-09-02T20:44:49Z,2026-09-02T22:44:49+0200,8323e810-b195-41bb-9e21-529de71b29ce,2026-08-28T01:00:00Z,2026-08-28T03:00:00+0200,23682.0,MW,ES,ES,forecast_load,Forecasted Load,2026-09-02T20:45:09Z
2026-09-02T20:44:49Z,2026-09-02T22:44:49+0200,8323e810-b195-41bb-9e21-529de71b29ce,2026-08-28T01:15:00Z,2026-08-28T03:15:00+0200,23572.0,MW,ES,ES,forecast_load,Forecasted Load,2026-09-02T20:45:09Z
2026-09-02T20:44:49Z,2026-09-02T22:44:49+0200,8323e810-b195-41bb-9e21-529de71b29ce,2026-08-28T01:30:00Z,2026-08-28T03:30:00+0200,23485.0,MW,ES,ES,forecast_load,Forecasted Load,2026-09-02T20:45:09Z
2026-09-02T20:44:49Z,2026-09-02T22:44:49+0200,8323e810-b195-41bb-9e21-529de71b29ce,2026-08-28T01:45:00Z,2026-08-28T03:45:00+0200,23418.0,MW,ES,ES,forecast_load,Forecasted Load,2026-09-02T20:45:09Z
2026-09-02T20:44:49Z,2026-09-02T22:44:49+0200,8323e810-b195-41bb-9e21-529de71b29ce,2026-08-28T02:00:00Z,2026-08-28T04:00:00+0200,23330.0,MW,ES,ES,forecast_load,Forecasted Load,2026-09-02T20:45:09Z
2026-09-02T20:44:49Z,2026-09-02T22:44:49+0200,8323e810-b195-41bb-9e21-529de71b29ce,2026-08-28T02:15:00Z,2026-08-28T04:15:00+0200,23296.0,MW,ES,ES,forecast_load,Forecasted Load,2026-09-02T20:45:09Z
2026-09-02T20:44:49Z,2026-09-02T22:44:49+0200,8323e810-b195-41bb-9e21-529de71b29ce,2026-08-28T02:30:00Z,2026-08-28T04:30:00+0200,23280.0,MW,ES,ES,forecast_load,Forecasted Load,2026-09-02T20:45:09Z
2026-09-02T20:44:49Z,2026-09-02T22:44:49+0200,8323e810-b195-41bb-9e21-529de71b29ce,2026-08-28T02:45:00Z,2026-08-28T04:45:00+0200,23308.0,MW,ES,ES,forecast_load,Forecasted Load,2026-09-02T20:45:09Z
2026-09-02T20:44:49Z,2026-09-02T22:44:49+0200,8323e810-b195-41bb-9e21-529de71b29ce,2026-08-28T03:00:00Z,2026-08-28T05:00:00+0200,23192.0,MW,ES,ES,forecast_load,Forecasted Load,2026-09-02T20:45:09Z
2026-09-02T20:44:49Z,2026-09-02T22:44:49+0200,8323e810-b195-41bb-9e21-529de71b29ce,2026-08-28T03:15:00Z,2026-08-28T05:15:00+0200,23402.0,MW,ES,ES,forecast_load,Forecasted Load,2026-09-02T20:45:09Z
2026-09-02T20:44:49Z,2026-09-02T22:44:49+0200,8323e810-b195-41bb-9e21-529de71b29ce,2026-08-28T03:30:00Z,2026-08-28T05:30:00+0200,23740.0,MW,ES,ES,forecast_load,Forecasted Load,2026-09-02T20:45:09Z
2026-09-02T20:44:49Z,2026-09-02T22:44:49+0200,8323e810-b195-41bb-9e21-529de71b29ce,2026-08-28T03:45:00Z,2026-08-28T05:45:00+0200,24189.0,MW,ES,ES,forecast_load,Forecasted Load,2026-09-02T20:45:09Z
2026-09-02T20:44:49Z,2026-09-02T22:44:49+0200,8323e810-b195-41bb-9e21-529de71b29ce,2026-08-28T04:00:00Z,2026-08-28T06:00:00+0200,24660.0,MW,ES,ES,forecast_load,Forecasted Load,2026-09-02T20:45:09Z
2026-09-02T20:44:49Z,2026-09-02T22:44:49+0200,8323e810-b195-41bb-9e21-529de71b29ce,2026-08-28T04:15:00Z,2026-08-28T06:15:00+0200,25247.0,MW,ES,ES,forecast_load,Forecasted Load,2026-09-02T20:45:09Z
2026-09-02T20:44:49Z,2026-09-02T22:44:49+0200,8323e810-b195-41bb-9e21-529de71b29ce,2026-08-28T04:30:00Z,2026-08-28T06:30:00+0200,25860.0,MW,ES,ES,forecast_load,Forecasted Load,2026-09-02T20:45:09Z
2026-09-02T20:44:49Z,2026-09-02T22:44:49+0200,8323e810-b195-41bb-9e21-529de71b29ce,2026-08-28T04:45:00Z,2026-08-28T06:45:00+0200,26463.0,MW,ES,ES,forecast_load,Forecasted Load,2026-09-02T20:45:09Z
2026-09-02T20:44:49Z,2026-09-02T22:44:49+0200,8323e810-b195-41bb-9e21-529de71b29ce,2026-08-28T05:00:00Z,2026-08-28T07:00:00+0200,27222.0,MW,ES,ES,forecast_load,Forecasted Load,2026-09-02T20:45:09Z
2026-09-02T20:44:49Z,2026-09-02T22:44:49+0200,8323e810-b195-41bb-9e21-529de71b29ce,2026-08-28T05:15:00Z,2026-08-28T07:15:00+0200,27697.0,MW,ES,ES,forecast_load,Forecasted Load,2026-09-02T20:45:09Z
2026-09-02T20:44:49Z,2026-09-02T22:44:49+0200,8323e810-b195-41bb-9e21-529de71b29ce,2026-08-28T05:30:00Z,2026-08-28T07:30:00+0200,28061.0,MW,ES,ES,forecast_load,Forecasted Load,2026-09-02T20:45:09Z
2026-09-02T20:44:49Z,2026-09-02T22:44:49+0200,8323e810-b195-41bb-9e21-529de71b29ce,2026-08-28T05:45:00Z,2026-08-28T07:45:00+0200,28336.0,MW,ES,ES,forecast_load,Forecasted Load,2026-09-02T20:45:09Z
2026-09-02T20:44:49Z,2026-09-02T22:44:49+0200,8323e810-b195-41bb-9e21-529de71b29ce,2026-08-28T06:00:00Z,2026-08-28T08:00:00+0200,28585.0,MW,ES,ES,forecast_load,Forecasted Load,2026-09-02T20:45:09Z
2026-09-02T20:44:49Z,2026-09-02T22:44:49+0200,8323e810-b195-41bb-9e21-529de71b29ce,2026-08-28T06:15:00Z,2026-08-28T08:15:00+0200,28788.0,MW,ES,ES,forecast_load,Forecasted Load,2026-09-02T20:45:09Z
2026-09-02T20:44:49Z,2026-09-02T22:44:49+0200,8323e810-b195-41bb-9e21-529de71b29ce,2026-08-28T06:30:00Z,2026-08-28T08:30:00+0200,28999.0,MW,ES,ES,forecast_load,Forecasted Load,2026-09-02T20:45:09Z
2026-09-02T20:44:49Z,2026-09-02T22:44:49+0200,8323e810-b195-41bb-9e21-529de71b29ce,2026-08-28T06:45:00Z,2026-08-28T08:45:00+0200,29214.0,MW,ES,ES,forecast_load,Forecasted Load,2026-09-02T20:45:09Z
2026-09-02T20:44:49Z,2026-09-02T22:44:49+0200,8323e810-b195-41bb-9e21-529de71b29ce,2026-08-28T07:00:00Z,2026-08-28T09:00:00+0200,29475.0,MW,ES,ES,forecast_load,Forecasted Load,2026-09-02T20:45:09Z
2026-09-02T20:44:49Z,2026-09-02T22:44:49+0200,8323e810-b195-41bb-9e21-529de71b29ce,2026-08-28T07:15:00Z,2026-08-28T09:15:00+0200,29658.0,MW,ES,ES,forecast_load,Forecasted Load,2026-09-02T20:45:09Z
2026-09-02T20:44:49Z,2026-09-02T22:44:49+0200,8323e810-b195-41bb-9e21-529de71b29ce,2026-08-28T07:30:00Z,2026-08-28T09:30:00+0200,29806.0,MW,ES,ES,forecast_load,Forecasted Load,2026-09-02T20:45:09Z
2026-09-02T20:44:49Z,2026-09-02T22:44:49+0200,8323e810-b195-41bb-9e21-529de71b29ce,2026-08-28T07:45:00Z,2026-08-28T09:45:00+0200,29912.0,MW,ES,ES,forecast_load,Forecasted Load,2026-09-02T20:45:09Z
2026-09-02T20:44:49Z,2026-09-02T22:44:49+0200,8323e810-b195-41bb-9e21-529de71b29ce,2026-08-28T08:00:00Z,2026-08-28T10:00:00+0200,30071.0,MW,ES,ES,forecast_load,Forecasted Load,2026-09-02T20:45:09Z
2026-09-02T20:44:49Z,2026-09-02T22:44:49+0200,8323e810-b195-41bb-9e21-529de71b29ce,2026-08-28T08:15:00Z,2026-08-28T10:15:00+0200,30081.0,MW,ES,ES,forecast_load,Forecasted Load,2026-09-02T20:45:09Z
2026-09-02T20:44:49Z,2026-09-02T22:44:49+0200,8323e810-b195-41bb-9e21-529de71b29ce,2026-08-28T08:30:00Z,2026-08-28T10:30:00+0200,30039.0,MW,ES,ES,forecast_load,Forecasted Load,2026-09-02T20:45:09Z
2026-09-02T20:44:49Z,2026-09-02T22:44:49+0200,8323e810-b195-41bb-9e21-529de71b29ce,2026-08-28T08:45:00Z,2026-08-28T10:45:00+0200,29964.0,MW,ES,ES,forecast_load,Forecasted Load,2026-09-02T20:45:09Z
2026-09-02T20:44:49Z,2026-09-02T22:44:49+0200,8323e810-b195-41bb-9e21-529de71b29ce,2026-08-28T09:00:00Z,2026-08-28T11:00:00+0200,29843.0,MW,ES,ES,forecast_load,Forecasted Load,2026-09-02T20:45:09Z
2026-09-02T20:44:49Z,2026-09-02T22:44:49+0200,8323e810-b195-41bb-9e21-529de71b29ce,2026-08-28T09:15:00Z,2026-08-28T11:15:00+0200,29769.0,MW,ES,ES,forecast_load,Forecasted Load,2026-09-02T20:45:09Z
2026-09-02T20:44:49Z,2026-09-02T22:44:49+0200,8323e810-b195-41bb-9e21-529de71b29ce,2026-08-28T09:30:00Z,2026-08-28T11:30:00+0200,29725.0,MW,ES,ES,forecast_load,Forecasted Load,2026-09-02T20:45:09Z
2026-09-02T20:44:49Z,2026-09-02T22:44:49+0200,8323e810-b195-41bb-9e21-529de71b29ce,2026-08-28T09:45:00Z,2026-08-28T11:45:00+0200,29712.0,MW,ES,ES,forecast_load,Forecasted Load,2026-09-02T20:45:09Z
2026-09-02T20:44:49Z,2026-09-02T22:44:49+0200,8323e810-b195-41bb-9e21-529de71b29ce,2026-08-28T10:00:00Z,2026-08-28T12:00:00+0200,29682.0,MW,ES,ES,forecast_load,Forecasted Load,2026-09-02T20:45:09Z
2026-09-02T20:44:49Z,2026-09-02T22:44:49+0200,8323e810-b195-41bb-9e21-529de71b29ce,2026-08-28T10:15:00Z,2026-08-28T12:15:00+0200,29725.0,MW,ES,ES,forecast_load,Forecasted Load,2026-09-02T20:45:09Z
2026-09-02T20:44:49Z,2026-09-02T22:44:49+0200,8323e810-b195-41bb-9e21-529de71b29ce,2026-08-28T10:30:00Z,2026-08-28T12:30:00+0200,29789.0,MW,ES,ES,forecast_load,Forecasted Load,2026-09-02T20:45:09Z
2026-09-02T20:44:49Z,2026-09-02T22:44:49+0200,8323e810-b195-41bb-9e21-529de71b29ce,2026-08-28T10:45:00Z,2026-08-28T12:45:00+0200,29862.0,MW,ES,ES,forecast_load,Forecasted Load,2026-09-02T20:45:09Z
2026-09-02T20:44:49Z,2026-09-02T22:44:49+0200,8323e810-b195-41bb-9e21-529de71b29ce,2026-08-28T11:00:00Z,2026-08-28T13:00:00+0200,29988.0,MW,ES,ES,forecast_load,Forecasted Load,2026-09-02T20:45:09Z
2026-09-02T20:44:49Z,2026-09-02T22:44:49+0200,8323e810-b195-41bb-9e21-529de71b29ce,2026-08-28T11:15:00Z,2026-08-28T13:15:00+0200,30029.0,MW,ES,ES,forecast_load,Forecasted Load,2026-09-02T20:45:09Z
2026-09-02T20:44:49Z,2026-09-02T22:44:49+0200,8323e810-b195-41bb-9e21-529de71b29ce,2026-08-28T11:30:00Z,2026-08-28T13:30:00+0200,30030.0,MW,ES,ES,forecast_load,Forecasted Load,2026-09-02T20:45:09Z
2026-09-02T20:44:49Z,2026-09-02T22:44:49+0200,8323e810-b195-41bb-9e21-529de71b29ce,2026-08-28T11:45:00Z,2026-08-28T13:45:00+0200,29983.0,MW,ES,ES,forecast_load,Forecasted Load,2026-09-02T20:45:09Z
2026-09-02T20:44:49Z,2026-09-02T22:44:49+0200,8323e810-b195-41bb-9e21-529de71b29ce,2026-08-28T12:00:00Z,2026-08-28T14:00:00+0200,30003.0,MW,ES,ES,forecast_load,Forecasted Load,2026-09-02T20:45:09Z
2026-09-02T20:44:49Z,2026-09-02T22:44:49+0200,8323e810-b195-41bb-9e21-529de71b29ce,2026-08-28T12:15:00Z,2026-08-28T14:15:00+0200,29832.0,MW,ES,ES,forecast_load,Forecasted Load,2026-09-02T20:45:09Z
2026-09-02T20:44:49Z,2026-09-02T22:44:49+0200,8323e810-b195-41bb-9e21-529de71b29ce,2026-08-28T12:30:00Z,2026-08-28T14:30:00+0200,29596.0,MW,ES,ES,forecast_load,Forecasted Load,2026-09-02T20:45:09Z
2026-09-02T20:44:49Z,2026-09-02T22:44:49+0200,8323e810-b195-41bb-9e21-529de71b29ce,2026-08-28T12:45:00Z,2026-08-28T14:45:00+0200,29325.0,MW,ES,ES,forecast_load,Forecasted Load,2026-09-02T20:45:09Z
2026-09-02T20:44:49Z,2026-09-02T22:44:49+0200,8323e810-b195-41bb-9e21-529de71b29ce,2026-08-28T13:00:00Z,2026-08-28T15:00:00+0200,28952.0,MW,ES,ES,forecast_load,Forecasted Load,2026-09-02T20:45:09Z
2026-09-02T20:44:49Z,2026-09-02T22:44:49+0200,8323e810-b195-41bb-9e21-529de71b29ce,2026-08-28T13:15:00Z,2026-08-28T15:15:00+0200,28736.0,MW,ES,ES,forecast_load,Forecasted Load,2026-09-02T20:45:09Z
2026-09-02T20:44:49Z,2026-09-02T22:44:49+0200,8323e810-b195-41bb-9e21-529de71b29ce,2026-08-28T13:30:00Z,2026-08-28T15:30:00+0200,28599.0,MW,ES,ES,forecast_load,Forecasted Load,2026-09-02T20:45:09Z
2026-09-02T20:44:49Z,2026-09-02T22:44:49+0200,8323e810-b195-41bb-9e21-529de71b29ce,2026-08-28T13:45:00Z,2026-08-28T15:45:00+0200,28537.0,MW,ES,ES,forecast_load,Forecasted Load,2026-09-02T20:45:09Z
2026-09-02T20:44:49Z,2026-09-02T22:44:49+0200,8323e810-b195-41bb-9e21-529de71b29ce,2026-08-28T14:00:00Z,2026-08-28T16:00:00+0200,28443.0,MW,ES,ES,forecast_load,Forecasted Load,2026-09-02T20:45:09Z
2026-09-02T20:44:49Z,2026-09-02T22:44:49+0200,8323e810-b195-41bb-9e21-529de71b29ce,2026-08-28T14:15:00Z,2026-08-28T16:15:00+0200,28499.0,MW,ES,ES,forecast_load,Forecasted Load,2026-09-02T20:45:09Z
2026-09-02T20:44:49Z,2026-09-02T22:44:49+0200,8323e810-b195-41bb-9e21-529de71b29ce,2026-08-28T14:30:00Z,2026-08-28T16:30:00+0200,28596.0,MW,ES,ES,forecast_load,Forecasted Load,2026-09-02T20:45:09Z
2026-09-02T20:44:49Z,2026-09-02T22:44:49+0200,8323e810-b195-41bb-9e21-529de71b29ce,2026-08-28T14:45:00Z,2026-08-28T16:45:00+0200,28726.0,MW,ES,ES,forecast_load,Forecasted Load,2026-09-02T20:45:09Z
2026-09-02T20:44:49Z,2026-09-02T22:44:49+0200,8323e810-b195-41bb-9e21-529de71b29ce,2026-08-28T15:00:00Z,2026-08-28T17:00:00+0200,28860.0,MW,ES,ES,forecast_load,Forecasted Load,2026-09-02T20:45:09Z
2026-09-02T20:44:49Z,2026-09-02T22:44:49+0200,8323e810-b195-41bb-9e21-529de71b29ce,2026-08-28T15:15:00Z,2026-08-28T17:15:00+0200,29023.0,MW,ES,ES,forecast_load,Forecasted Load,2026-09-02T20:45:09Z
2026-09-02T20:44:49Z,2026-09-02T22:44:49+0200,8323e810-b195-41bb-9e21-529de71b29ce,2026-08-28T15:30:00Z,2026-08-28T17:30:00+0200,29191.0,MW,ES,ES,forecast_load,Forecasted Load,2026-09-02T20:45:09Z
2026-09-02T20:44:49Z,2026-09-02T22:44:49+0200,8323e810-b195-41bb-9e21-529de71b29ce,2026-08-28T15:45:00Z,2026-08-28T17:45:00+0200,29362.0,MW,ES,ES,forecast_load,Forecasted Load,2026-09-02T20:45:09Z
2026-09-02T20:44:49Z,2026-09-02T22:44:49+0200,8323e810-b195-41bb-9e21-529de71b29ce,2026-08-28T16:00:00Z,2026-08-28T18:00:00+0200,29537.0,MW,ES,ES,forecast_load,Forecasted Load,2026-09-02T20:45:09Z
2026-09-02T20:44:49Z,2026-09-02T22:44:49+0200,8323e810-b195-41bb-9e21-529de71b29ce,2026-08-28T16:15:00Z,2026-08-28T18:15:00+0200,29710.0,MW,ES,ES,forecast_load,Forecasted Load,2026-09-02T20:45:09Z
2026-09-02T20:44:49Z,2026-09-02T22:44:49+0200,8323e810-b195-41bb-9e21-529de71b29ce,2026-08-28T16:30:00Z,2026-08-28T18:30:00+0200,29884.0,MW,ES,ES,forecast_load,Forecasted Load,2026-09-02T20:45:09Z
2026-09-02T20:44:49Z,2026-09-02T22:44:49+0200,8323e810-b195-41bb-9e21-529de71b29ce,2026-08-28T16:45:00Z,2026-08-28T18:45:00+0200,30050.0,MW,ES,ES,forecast_load,Forecasted Load,2026-09-02T20:45:09Z
2026-09-02T20:44:49Z,2026-09-02T22:44:49+0200,8323e810-b195-41bb-9e21-529de71b29ce,2026-08-28T17:00:00Z,2026-08-28T19:00:00+0200,30243.0,MW,ES,ES,forecast_load,Forecasted Load,2026-09-02T20:45:09Z
2026-09-02T20:44:49Z,2026-09-02T22:44:49+0200,8323e810-b195-41bb-9e21-529de71b29ce,2026-08-28T17:15:00Z,2026-08-28T19:15:00+0200,30370.0,MW,ES,ES,forecast_load,Forecasted Load,2026-09-02T20:45:09Z
2026-09-02T20:44:49Z,2026-09-02T22:44:49+0200,8323e810-b195-41bb-9e21-529de71b29ce,2026-08-28T17:30:00Z,2026-08-28T19:30:00+0200,30469.0,MW,ES,ES,forecast_load,Forecasted Load,2026-09-02T20:45:09Z
2026-09-02T20:44:49Z,2026-09-02T22:44:49+0200,8323e810-b195-41bb-9e21-529de71b29ce,2026-08-28T17:45:00Z,2026-08-28T19:45:00+0200,30567.0,MW,ES,ES,forecast_load,Forecasted Load,2026-09-02T20:45:09Z
2026-09-02T20:44:49Z,2026-09-02T22:44:49+0200,8323e810-b195-41bb-9e21-529de71b29ce,2026-08-28T18:00:00Z,2026-08-28T20:00:00+0200,30597.0,MW,ES,ES,forecast_load,Forecasted Load,2026-09-02T20:45:09Z
2026-09-02T20:44:49Z,2026-09-02T22:44:49+0200,8323e810-b195-41bb-9e21-529de71b29ce,2026-08-28T18:15:00Z,2026-08-28T20:15:00+0200,30779.0,MW,ES,ES,forecast_load,Forecasted Load,2026-09-02T20:45:09Z
2026-09-02T20:44:49Z,2026-09-02T22:44:49+0200,8323e810-b195-41bb-9e21-529de71b29ce,2026-08-28T18:30:00Z,2026-08-28T20:30:00+0200,31029.0,MW,ES,ES,forecast_load,Forecasted Load,2026-09-02T20:45:09Z
2026-09-02T20:44:49Z,2026-09-02T22:44:49+0200,8323e810-b195-41bb-9e21-529de71b29ce,2026-08-28T18:45:00Z,2026-08-28T20:45:00+0200,31269.0,MW,ES,ES,forecast_load,Forecasted Load,2026-09-02T20:45:09Z
2026-09-02T20:44:49Z,2026-09-02T22:44:49+0200,8323e810-b195-41bb-9e21-529de71b29ce,2026-08-28T19:00:00Z,2026-08-28T21:00:00+0200,31836.0,MW,ES,ES,forecast_load,Forecasted Load,2026-09-02T20:45:09Z
2026-09-02T20:44:49Z,2026-09-02T22:44:49+0200,8323e810-b195-41bb-9e21-529de71b29ce,2026-08-28T19:15:00Z,2026-08-28T21:15:00+0200,31768.0,MW,ES,ES,forecast_load,Forecasted Load,2026-09-02T20:45:09Z
2026-09-02T20:44:49Z,2026-09-02T22:44:49+0200,8323e810-b195-41bb-9e21-529de71b29ce,2026-08-28T19:30:00Z,2026-08-28T21:30:00+0200,31429.0,MW,ES,ES,forecast_load,Forecasted Load,2026-09-02T20:45:09Z
2026-09-02T20:44:49Z,2026-09-02T22:44:49+0200,8323e810-b195-41bb-9e21-529de71b29ce,2026-08-28T19:45:00Z,2026-08-28T21:45:00+0200,30882.0,MW,ES,ES,forecast_load,Forecasted Load,2026-09-02T20:45:09Z
2026-09-02T20:44:49Z,2026-09-02T22:44:49+0200,8323e810-b195-41bb-9e21-529de71b29ce,2026-08-28T20:00:00Z,2026-08-28T22:00:00+0200,30228.0,MW,ES,ES,forecast_load,Forecasted Load,2026-09-02T20:45:09Z
2026-09-02T20:44:49Z,2026-09-02T22:44:49+0200,8323e810-b195-41bb-9e21-529de71b29ce,2026-08-28T20:15:00Z,2026-08-28T22:15:00+0200,29552.0,MW,ES,ES,forecast_load,Forecasted Load,2026-09-02T20:45:09Z
2026-09-02T20:44:49Z,2026-09-02T22:44:49+0200,8323e810-b195-41bb-9e21-529de71b29ce,2026-08-28T20:30:00Z,2026-08-28T22:30:00+0200,28936.0,MW,ES,ES,forecast_load,Forecasted Load,2026-09-02T20:45:09Z
2026-09-02T20:44:49Z,2026-09-02T22:44:49+0200,8323e810-b195-41bb-9e21-529de71b29ce,2026-08-28T20:45:00Z,2026-08-28T22:45:00+0200,28394.0,MW,ES,ES,forecast_load,Forecasted Load,2026-09-02T20:45:09Z
2026-09-02T20:44:49Z,2026-09-02T22:44:49+0200,8323e810-b195-41bb-9e21-529de71b29ce,2026-08-28T21:00:00Z,2026-08-28T23:00:00+0200,27816.0,MW,ES,ES,forecast_load,Forecasted Load,2026-09-02T20:45:09Z
2026-09-02T20:44:49Z,2026-09-02T22:44:49+0200,8323e810-b195-41bb-9e21-529de71b29ce,2026-08-28T21:15:00Z,2026-08-28T23:15:00+0200,27409.0,MW,ES,ES,forecast_load,Forecasted Load,2026-09-02T20:45:09Z
2026-09-02T20:44:49Z,2026-09-02T22:44:49+0200,8323e810-b195-41bb-9e21-529de71b29ce,2026-08-28T21:30:00Z,2026-08-28T23:30:00+0200,27061.0,MW,ES,ES,forecast_load,Forecasted Load,2026-09-02T20:45:09Z
2026-09-02T20:44:49Z,2026-09-02T22:44:49+0200,8323e810-b195-41bb-9e21-529de71b29ce,2026-08-28T21:45:00Z,2026-08-28T23:45:00+0200,26749.0,MW,ES,ES,forecast_load,Forecasted Load,2026-09-02T20:45:09Z
2026-09-02T20:44:49Z,2026-09-02T22:44:49+0200,8323e810-b195-41bb-9e21-529de71b29ce,2026-08-28T22:00:00Z,2026-08-29T00:00:00+0200,26194.0,MW,ES,ES,forecast_load,Forecasted Load,2026-09-02T20:45:09Z
2026-09-02T20:44:49Z,2026-09-02T22:44:49+0200,8323e810-b195-41bb-9e21-529de71b29ce,2026-08-28T22:15:00Z,2026-08-29T00:15:00+0200,25891.0,MW,ES,ES,forecast_load,Forecasted Load,2026-09-02T20:45:09Z
2026-09-02T20:44:49Z,2026-09-02T22:44:49+0200,8323e810-b195-41bb-9e21-529de71b29ce,2026-08-28T22:30:00Z,2026-08-29T00:30:00+0200,25564.0,MW,ES,ES,forecast_load,Forecasted Load,2026-09-02T20:45:09Z
2026-09-02T20:44:49Z,2026-09-02T22:44:49+0200,8323e810-b195-41bb-9e21-529de71b29ce,2026-08-28T22:45:00Z,2026-08-29T00:45:00+0200,25220.0,MW,ES,ES,forecast_load,Forecasted Load,2026-09-02T20:45:09Z
2026-09-02T20:44:49Z,2026-09-02T22:44:49+0200,8323e810-b195-41bb-9e21-529de71b29ce,2026-08-28T23:00:00Z,2026-08-29T01:00:00+0200,24859.0,MW,ES,ES,forecast_load,Forecasted Load,2026-09-02T20:45:09Z
2026-09-02T20:44:49Z,2026-09-02T22:44:49+0200,8323e810-b195-41bb-9e21-529de71b29ce,2026-08-28T23:15:00Z,2026-08-29T01:15:00+0200,24517.0,MW,ES,ES,forecast_load,Forecasted Load,2026-09-02T20:45:09Z
2026-09-02T20:44:49Z,2026-09-02T22:44:49+0200,8323e810-b195-41bb-9e21-529de71b29ce,2026-08-28T23:30:00Z,2026-08-29T01:30:00+0200,24192.0,MW,ES,ES,forecast_load,Forecasted Load,2026-09-02T20:45:09Z
2026-09-02T20:44:49Z,2026-09-02T22:44:49+0200,8323e810-b195-41bb-9e21-529de71b29ce,2026-08-28T23:45:00Z,2026-08-29T01:45:00+0200,23890.0,MW,ES,ES,forecast_load,Forecasted Load,2026-09-02T20:45:09Z
2026-09-02T20:44:49Z,2026-09-02T22:44:49+0200,8323e810-b195-41bb-9e21-529de71b29ce,2026-08-29T00:00:00Z,2026-08-29T02:00:00+0200,23563.0,MW,ES,ES,forecast_load,Forecasted Load,2026-09-02T20:45:09Z
2026-09-02T20:44:49Z,2026-09-02T22:44:49+0200,8323e810-b195-41bb-9e21-529de71b29ce,2026-08-29T00:15:00Z,2026-08-29T02:15:00+0200,23313.0,MW,ES,ES,forecast_load,Forecasted Load,2026-09-02T20:45:09Z
2026-09-02T20:44:49Z,2026-09-02T22:44:49+0200,8323e810-b195-41bb-9e21-529de71b29ce,2026-08-29T00:30:00Z,2026-08-29T02:30:00+0200,23093.0,MW,ES,ES,forecast_load,Forecasted Load,2026-09-02T20:45:09Z
2026-09-02T20:44:49Z,2026-09-02T22:44:49+0200,8323e810-b195-41bb-9e21-529de71b29ce,2026-08-29T00:45:00Z,2026-08-29T02:45:00+0200,22900.0,MW,ES,ES,forecast_load,Forecasted Load,2026-09-02T20:45:09Z
2026-09-02T20:44:49Z,2026-09-02T22:44:49+0200,8323e810-b195-41bb-9e21-529de71b29ce,2026-08-29T01:00:00Z,2026-08-29T03:00:00+0200,22695.0,MW,ES,ES,forecast_load,Forecasted Load,2026-09-02T20:45:09Z
2026-09-02T20:44:49Z,2026-09-02T22:44:49+0200,8323e810-b195-41bb-9e21-529de71b29ce,2026-08-29T01:15:00Z,2026-08-29T03:15:00+0200,22545.0,MW,ES,ES,forecast_load,Forecasted Load,2026-09-02T20:45:09Z
2026-09-02T20:44:49Z,2026-09-02T22:44:49+0200,8323e810-b195-41bb-9e21-529de71b29ce,2026-08-29T01:30:00Z,2026-08-29T03:30:00+0200,22412.0,MW,ES,ES,forecast_load,Forecasted Load,2026-09-02T20:45:09Z
2026-09-02T20:44:49Z,2026-09-02T22:44:49+0200,8323e810-b195-41bb-9e21-529de71b29ce,2026-08-29T01:45:00Z,2026-08-29T03:45:00+0200,22293.0,MW,ES,ES,forecast_load,Forecasted Load,2026-09-02T20:45:09Z
2026-09-02T20:44:49Z,2026-09-02T22:44:49+0200,8323e810-b195-41bb-9e21-529de71b29ce,2026-08-29T02:00:00Z,2026-08-29T04:00:00+0200,22161.0,MW,ES,ES,forecast_load,Forecasted Load,2026-09-02T20:45:09Z
2026-09-02T20:44:49Z,2026-09-02T22:44:49+0200,8323e810-b195-41bb-9e21-529de71b29ce,2026-08-29T02:15:00Z,2026-08-29T04:15:00+0200,22064.0,MW,ES,ES,forecast_load,Forecasted Load,2026-09-02T20:45:09Z
2026-09-02T20:44:49Z,2026-09-02T22:44:49+0200,8323e810-b195-41bb-9e21-529de71b29ce,2026-08-29T02:30:00Z,2026-08-29T04:30:00+0200,21979.0,MW,ES,ES,forecast_load,Forecasted Load,2026-09-02T20:45:09Z
2026-09-02T20:44:49Z,2026-09-02T22:44:49+0200,8323e810-b195-41bb-9e21-529de71b29ce,2026-08-29T02:45:00Z,2026-08-29T04:45:00+0200,21918.0,MW,ES,ES,forecast_load,Forecasted Load,2026-09-02T20:45:09Z
2026-09-02T20:44:49Z,2026-09-02T22:44:49+0200,8323e810-b195-41bb-9e21-529de71b29ce,2026-08-29T03:00:00Z,2026-08-29T05:00:00+0200,21783.0,MW,ES,ES,forecast_load,Forecasted Load,2026-09-02T20:45:09Z
2026-09-02T20:44:49Z,2026-09-02T22:44:49+0200,8323e810-b195-41bb-9e21-529de71b29ce,2026-08-29T03:15:00Z,2026-08-29T05:15:00+0200,21823.0,MW,ES,ES,forecast_load,Forecasted Load,2026-09-02T20:45:09Z
2026-09-02T20:44:49Z,2026-09-02T22:44:49+0200,8323e810-b195-41bb-9e21-529de71b29ce,2026-08-29T03:30:00Z,2026-08-29T05:30:00+0200,21931.0,MW,ES,ES,forecast_load,Forecasted Load,2026-09-02T20:45:09Z
2026-09-02T20:44:49Z,2026-09-02T22:44:49+0200,8323e810-b195-41bb-9e21-529de71b29ce,2026-08-29T03:45:00Z,2026-08-29T05:45:00+0200,22089.0,MW,ES,ES,forecast_load,Forecasted Load,2026-09-02T20:45:09Z
2026-09-02T20:44:49Z,2026-09-02T22:44:49+0200,8323e810-b195-41bb-9e21-529de71b29ce,2026-08-29T04:00:00Z,2026-08-29T06:00:00+0200,22287.0,MW,ES,ES,forecast_load,Forecasted Load,2026-09-02T20:45:09Z
2026-09-02T20:44:49Z,2026-09-02T22:44:49+0200,8323e810-b195-41bb-9e21-529de71b29ce,2026-08-29T04:15:00Z,2026-08-29T06:15:00+0200,22469.0,MW,ES,ES,forecast_load,Forecasted Load,2026-09-02T20:45:09Z
2026-09-02T20:44:49Z,2026-09-02T22:44:49+0200,8323e810-b195-41bb-9e21-529de71b29ce,2026-08-29T04:30:00Z,2026-08-29T06:30:00+0200,22629.0,MW,ES,ES,forecast_load,Forecasted Load,2026-09-02T20:45:09Z
2026-09-02T20:44:49Z,2026-09-02T22:44:49+0200,8323e810-b195-41bb-9e21-529de71b29ce,2026-08-29T04:45:00Z,2026-08-29T06:45:00+0200,22769.0,MW,ES,ES,forecast_load,Forecasted Load,2026-09-02T20:45:09Z
2026-09-02T20:44:49Z,2026-09-02T22:44:49+0200,8323e810-b195-41bb-9e21-529de71b29ce,2026-08-29T05:00:00Z,2026-08-29T07:00:00+0200,22904.0,MW,ES,ES,forecast_load,Forecasted Load,2026-09-02T20:45:09Z
2026-09-02T20:44:49Z,2026-09-02T22:44:49+0200,8323e810-b195-41bb-9e21-529de71b29ce,2026-08-29T05:15:00Z,2026-08-29T07:15:00+0200,23021.0,MW,ES,ES,forecast_load,Forecasted Load,2026-09-02T20:45:09Z
2026-09-02T20:44:49Z,2026-09-02T22:44:49+0200,8323e810-b195-41bb-9e21-529de71b29ce,2026-08-29T05:30:00Z,2026-08-29T07:30:00+0200,23138.0,MW,ES,ES,forecast_load,Forecasted Load,2026-09-02T20:45:09Z
2026-09-02T20:44:49Z,2026-09-02T22:44:49+0200,8323e810-b195-41bb-9e21-529de71b29ce,2026-08-29T05:45:00Z,2026-08-29T07:45:00+0200,23268.0,MW,ES,ES,forecast_load,Forecasted Load,2026-09-02T20:45:09Z
2026-09-02T20:44:49Z,2026-09-02T22:44:49+0200,8323e810-b195-41bb-9e21-529de71b29ce,2026-08-29T06:00:00Z,2026-08-29T08:00:00+0200,23341.0,MW,ES,ES,forecast_load,Forecasted Load,2026-09-02T20:45:09Z
2026-09-02T20:44:49Z,2026-09-02T22:44:49+0200,8323e810-b195-41bb-9e21-529de71b29ce,2026-08-29T06:15:00Z,2026-08-29T08:15:00+0200,23543.0,MW,ES,ES,forecast_load,Forecasted Load,2026-09-02T20:45:09Z
2026-09-02T20:44:49Z,2026-09-02T22:44:49+0200,8323e810-b195-41bb-9e21-529de71b29ce,2026-08-29T06:30:00Z,2026-08-29T08:30:00+0200,23799.0,MW,ES,ES,forecast_load,Forecasted Load,2026-09-02T20:45:09Z
2026-09-02T20:44:49Z,2026-09-02T22:44:49+0200,8323e810-b195-41bb-9e21-529de71b29ce,2026-08-29T06:45:00Z,2026-08-29T08:45:00+0200,24089.0,MW,ES,ES,forecast_load,Forecasted Load,2026-09-02T20:45:09Z
2026-09-02T20:44:49Z,2026-09-02T22:44:49+0200,8323e810-b195-41bb-9e21-529de71b29ce,2026-08-29T07:00:00Z,2026-08-29T09:00:00+0200,24442.0,MW,ES,ES,forecast_load,Forecasted Load,2026-09-02T20:45:09Z
2026-09-02T20:44:49Z,2026-09-02T22:44:49+0200,8323e810-b195-41bb-9e21-529de71b29ce,2026-08-29T07:15:00Z,2026-08-29T09:15:00+0200,24725.0,MW,ES,ES,forecast_load,Forecasted Load,2026-09-02T20:45:09Z
2026-09-02T20:44:49Z,2026-09-02T22:44:49+0200,8323e810-b195-41bb-9e21-529de71b29ce,2026-08-29T07:30:00Z,2026-08-29T09:30:00+0200,24970.0,MW,ES,ES,forecast_load,Forecasted Load,2026-09-02T20:45:09Z
2026-09-02T20:44:49Z,2026-09-02T22:44:49+0200,8323e810-b195-41bb-9e21-529de71b29ce,2026-08-29T07:45:00Z,2026-08-29T09:45:00+0200,25170.0,MW,ES,ES,forecast_load,Forecasted Load,2026-09-02T20:45:09Z
2026-09-02T20:44:49Z,2026-09-02T22:44:49+0200,8323e810-b195-41bb-9e21-529de71b29ce,2026-08-29T08:00:00Z,2026-08-29T10:00:00+0200,25427.0,MW,ES,ES,forecast_load,Forecasted Load,2026-09-02T20:45:09Z
2026-09-02T20:44:49Z,2026-09-02T22:44:49+0200,8323e810-b195-41bb-9e21-529de71b29ce,2026-08-29T08:15:00Z,2026-08-29T10:15:00+0200,25522.0,MW,ES,ES,forecast_load,Forecasted Load,2026-09-02T20:45:09Z
2026-09-02T20:44:49Z,2026-09-02T22:44:49+0200,8323e810-b195-41bb-9e21-529de71b29ce,2026-08-29T08:30:00Z,2026-08-29T10:30:00+0200,25560.0,MW,ES,ES,forecast_load,Forecasted Load,2026-09-02T20:45:09Z
2026-09-02T20:44:49Z,2026-09-02T22:44:49+0200,8323e810-b195-41bb-9e21-529de71b29ce,2026-08-29T08:45:00Z,2026-08-29T10:45:00+0200,25558.0,MW,ES,ES,forecast_load,Forecasted Load,2026-09-02T20:45:09Z
2026-09-02T20:44:49Z,2026-09-02T22:44:49+0200,8323e810-b195-41bb-9e21-529de71b29ce,2026-08-29T09:00:00Z,2026-08-29T11:00:00+0200,25530.0,MW,ES,ES,forecast_load,Forecasted Load,2026-09-02T20:45:09Z
2026-09-02T20:44:49Z,2026-09-02T22:44:49+0200,8323e810-b195-41bb-9e21-529de71b29ce,2026-08-29T09:15:00Z,2026-08-29T11:15:00+0200,25500.0,MW,ES,ES,forecast_load,Forecasted Load,2026-09-02T20:45:09Z
2026-09-02T20:44:49Z,2026-09-02T22:44:49+0200,8323e810-b195-41bb-9e21-529de71b29ce,2026-08-29T09:30:00Z,2026-08-29T11:30:00+0200,25481.0,MW,ES,ES,forecast_load,Forecasted Load,2026-09-02T20:45:09Z
2026-09-02T20:44:49Z,2026-09-02T22:44:49+0200,8323e810-b195-41bb-9e21-529de71b29ce,2026-08-29T09:45:00Z,2026-08-29T11:45:00+0200,25480.0,MW,ES,ES,forecast_load,Forecasted Load,2026-09-02T20:45:09Z
2026-09-02T20:44:49Z,2026-09-02T22:44:49+0200,8323e810-b195-41bb-9e21-529de71b29ce,2026-08-29T10:00:00Z,2026-08-29T12:00:00+0200,25451.0,MW,ES,ES,forecast_load,Forecasted Load,2026-09-02T20:45:09Z
2026-09-02T20:44:49Z,2026-09-02T22:44:49+0200,8323e810-b195-41bb-9e21-529de71b29ce,2026-08-29T10:15:00Z,2026-08-29T12:15:00+0200,25499.0,MW,ES,ES,forecast_load,Forecasted Load,2026-09-02T20:45:09Z
2026-09-02T20:44:49Z,2026-09-02T22:44:49+0200,8323e810-b195-41bb-9e21-529de71b29ce,2026-08-29T10:30:00Z,2026-08-29T12:30:00+0200,25574.0,MW,ES,ES,forecast_load,Forecasted Load,2026-09-02T20:45:09Z
2026-09-02T20:44:49Z,2026-09-02T22:44:49+0200,8323e810-b195-41bb-9e21-529de71b29ce,2026-08-29T10:45:00Z,2026-08-29T12:45:00+0200,25666.0,MW,ES,ES,forecast_load,Forecasted Load,2026-09-02T20:45:09Z
2026-09-02T20:44:49Z,2026-09-02T22:44:49+0200,8323e810-b195-41bb-9e21-529de71b29ce,2026-08-29T11:00:00Z,2026-08-29T13:00:00+0200,25795.0,MW,ES,ES,forecast_load,Forecasted Load,2026-09-02T20:45:09Z
2026-09-02T20:44:49Z,2026-09-02T22:44:49+0200,8323e810-b195-41bb-9e21-529de71b29ce,2026-08-29T11:15:00Z,2026-08-29T13:15:00+0200,25879.0,MW,ES,ES,forecast_load,Forecasted Load,2026-09-02T20:45:09Z
2026-09-02T20:44:49Z,2026-09-02T22:44:49+0200,8323e810-b195-41bb-9e21-529de71b29ce,2026-08-29T11:30:00Z,2026-08-29T13:30:00+0200,25938.0,MW,ES,ES,forecast_load,Forecasted Load,2026-09-02T20:45:09Z
2026-09-02T20:44:49Z,2026-09-02T22:44:49+0200,8323e810-b195-41bb-9e21-529de71b29ce,2026-08-29T11:45:00Z,2026-08-29T13:45:00+0200,25962.0,MW,ES,ES,forecast_load,Forecasted Load,2026-09-02T20:45:09Z
2026-09-02T20:44:49Z,2026-09-02T22:44:49+0200,8323e810-b195-41bb-9e21-529de71b29ce,2026-08-29T12:00:00Z,2026-08-29T14:00:00+0200,26050.0,MW,ES,ES,forecast_load,Forecasted Load,2026-09-02T20:45:09Z
2026-09-02T20:44:49Z,2026-09-02T22:44:49+0200,8323e810-b195-41bb-9e21-529de71b29ce,2026-08-29T12:15:00Z,2026-08-29T14:15:00+0200,25970.0,MW,ES,ES,forecast_load,Forecasted Load,2026-09-02T20:45:09Z
2026-09-02T20:44:49Z,2026-09-02T22:44:49+0200,8323e810-b195-41bb-9e21-529de71b29ce,2026-08-29T12:30:00Z,2026-08-29T14:30:00+0200,25828.0,MW,ES,ES,forecast_load,Forecasted Load,2026-09-02T20:45:09Z
2026-09-02T20:44:49Z,2026-09-02T22:44:49+0200,8323e810-b195-41bb-9e21-529de71b29ce,2026-08-29T12:45:00Z,2026-08-29T14:45:00+0200,25648.0,MW,ES,ES,forecast_load,Forecasted Load,2026-09-02T20:45:09Z
2026-09-02T20:44:49Z,2026-09-02T22:44:49+0200,8323e810-b195-41bb-9e21-529de71b29ce,2026-08-29T13:00:00Z,2026-08-29T15:00:00+0200,25403.0,MW,ES,ES,forecast_load,Forecasted Load,2026-09-02T20:45:09Z
2026-09-02T20:44:49Z,2026-09-02T22:44:49+0200,8323e810-b195-41bb-9e21-529de71b29ce,2026-08-29T13:15:00Z,2026-08-29T15:15:00+0200,25235.0,MW,ES,ES,forecast_load,Forecasted Load,2026-09-02T20:45:09Z
2026-09-02T20:44:49Z,2026-09-02T22:44:49+0200,8323e810-b195-41bb-9e21-529de71b29ce,2026-08-29T13:30:00Z,2026-08-29T15:30:00+0200,25111.0,MW,ES,ES,forecast_load,Forecasted Load,2026-09-02T20:45:09Z
2026-09-02T20:44:49Z,2026-09-02T22:44:49+0200,8323e810-b195-41bb-9e21-529de71b29ce,2026-08-29T13:45:00Z,2026-08-29T15:45:00+0200,25035.0,MW,ES,ES,forecast_load,Forecasted Load,2026-09-02T20:45:09Z
2026-09-02T20:44:49Z,2026-09-02T22:44:49+0200,8323e810-b195-41bb-9e21-529de71b29ce,2026-08-29T14:00:00Z,2026-08-29T16:00:00+0200,24918.0,MW,ES,ES,forecast_load,Forecasted Load,2026-09-02T20:45:09Z
2026-09-02T20:44:49Z,2026-09-02T22:44:49+0200,8323e810-b195-41bb-9e21-529de71b29ce,2026-08-29T14:15:00Z,2026-08-29T16:15:00+0200,24931.0,MW,ES,ES,forecast_load,Forecasted Load,2026-09-02T20:45:09Z
2026-09-02T20:44:49Z,2026-09-02T22:44:49+0200,8323e810-b195-41bb-9e21-529de71b29ce,2026-08-29T14:30:00Z,2026-08-29T16:30:00+0200,24988.0,MW,ES,ES,forecast_load,Forecasted Load,2026-09-02T20:45:09Z
2026-09-02T20:44:49Z,2026-09-02T22:44:49+0200,8323e810-b195-41bb-9e21-529de71b29ce,2026-08-29T14:45:00Z,2026-08-29T16:45:00+0200,25087.0,MW,ES,ES,forecast_load,Forecasted Load,2026-09-02T20:45:09Z
2026-09-02T20:44:49Z,2026-09-02T22:44:49+0200,8323e810-b195-41bb-9e21-529de71b29ce,2026-08-29T15:00:00Z,2026-08-29T17:00:00+0200,25146.0,MW,ES,ES,forecast_load,Forecasted Load,2026-09-02T20:45:09Z
2026-09-02T20:44:49Z,2026-09-02T22:44:49+0200,8323e810-b195-41bb-9e21-529de71b29ce,2026-08-29T15:15:00Z,2026-08-29T17:15:00+0200,25333.0,MW,ES,ES,forecast_load,Forecasted Load,2026-09-02T20:45:09Z
2026-09-02T20:44:49Z,2026-09-02T22:44:49+0200,8323e810-b195-41bb-9e21-529de71b29ce,2026-08-29T15:30:00Z,2026-08-29T17:30:00+0200,25563.0,MW,ES,ES,forecast_load,Forecasted Load,2026-09-02T20:45:09Z
2026-09-02T20:44:49Z,2026-09-02T22:44:49+0200,8323e810-b195-41bb-9e21-529de71b29ce,2026-08-29T15:45:00Z,2026-08-29T17:45:00+0200,25825.0,MW,ES,ES,forecast_load,Forecasted Load,2026-09-02T20:45:09Z
2026-09-02T20:44:49Z,2026-09-02T22:44:49+0200,8323e810-b195-41bb-9e21-529de71b29ce,2026-08-29T16:00:00Z,2026-08-29T18:00:00+0200,26108.0,MW,ES,ES,forecast_load,Forecasted Load,2026-09-02T20:45:09Z
2026-09-02T20:44:49Z,2026-09-02T22:44:49+0200,8323e810-b195-41bb-9e21-529de71b29ce,2026-08-29T16:15:00Z,2026-08-29T18:15:00+0200,26398.0,MW,ES,ES,forecast_load,Forecasted Load,2026-09-02T20:45:09Z
2026-09-02T20:44:49Z,2026-09-02T22:44:49+0200,8323e810-b195-41bb-9e21-529de71b29ce,2026-08-29T16:30:00Z,2026-08-29T18:30:00+0200,26684.0,MW,ES,ES,forecast_load,Forecasted Load,2026-09-02T20:45:09Z
2026-09-02T20:44:49Z,2026-09-02T22:44:49+0200,8323e810-b195-41bb-9e21-529de71b29ce,2026-08-29T16:45:00Z,2026-08-29T18:45:00+0200,26956.0,MW,ES,ES,forecast_load,Forecasted Load,2026-09-02T20:45:09Z
2026-09-02T20:44:49Z,2026-09-02T22:44:49+0200,8323e810-b195-41bb-9e21-529de71b29ce,2026-08-29T17:00:00Z,2026-08-29T19:00:00+0200,27267.0,MW,ES,ES,forecast_load,Forecasted Load,2026-09-02T20:45:09Z
2026-09-02T20:44:49Z,2026-09-02T22:44:49+0200,8323e810-b195-41bb-9e21-529de71b29ce,2026-08-29T17:15:00Z,2026-08-29T19:15:00+0200,27487.0,MW,ES,ES,forecast_load,Forecasted Load,2026-09-02T20:45:09Z
2026-09-02T20:44:49Z,2026-09-02T22:44:49+0200,8323e810-b195-41bb-9e21-529de71b29ce,2026-08-29T17:30:00Z,2026-08-29T19:30:00+0200,27674.0,MW,ES,ES,forecast_load,Forecasted Load,2026-09-02T20:45:09Z
2026-09-02T20:44:49Z,2026-09-02T22:44:49+0200,8323e810-b195-41bb-9e21-529de71b29ce,2026-08-29T17:45:00Z,2026-08-29T19:45:00+0200,27851.0,MW,ES,ES,forecast_load,Forecasted Load,2026-09-02T20:45:09Z
2026-09-02T20:44:49Z,2026-09-02T22:44:49+0200,8323e810-b195-41bb-9e21-529de71b29ce,2026-08-29T18:00:00Z,2026-08-29T20:00:00+0200,27972.0,MW,ES,ES,forecast_load,Forecasted Load,2026-09-02T20:45:09Z
2026-09-02T20:44:49Z,2026-09-02T22:44:49+0200,8323e810-b195-41bb-9e21-529de71b29ce,2026-08-29T18:15:00Z,2026-08-29T20:15:00+0200,28214.0,MW,ES,ES,forecast_load,Forecasted Load,2026-09-02T20:45:09Z
2026-09-02T20:44:49Z,2026-09-02T22:44:49+0200,8323e810-b195-41bb-9e21-529de71b29ce,2026-08-29T18:30:00Z,2026-08-29T20:30:00+0200,28512.0,MW,ES,ES,forecast_load,Forecasted Load,2026-09-02T20:45:09Z
2026-09-02T20:44:49Z,2026-09-02T22:44:49+0200,8323e810-b195-41bb-9e21-529de71b29ce,2026-08-29T18:45:00Z,2026-08-29T20:45:00+0200,28799.0,MW,ES,ES,forecast_load,Forecasted Load,2026-09-02T20:45:09Z
2026-09-02T20:44:49Z,2026-09-02T22:44:49+0200,8323e810-b195-41bb-9e21-529de71b29ce,2026-08-29T19:00:00Z,2026-08-29T21:00:00+0200,29380.0,MW,ES,ES,forecast_load,Forecasted Load,2026-09-02T20:45:09Z
2026-09-02T20:44:49Z,2026-09-02T22:44:49+0200,8323e810-b195-41bb-9e21-529de71b29ce,2026-08-29T19:15:00Z,2026-08-29T21:15:00+0200,29388.0,MW,ES,ES,forecast_load,Forecasted Load,2026-09-02T20:45:09Z
2026-09-02T20:44:49Z,2026-09-02T22:44:49+0200,8323e810-b195-41bb-9e21-529de71b29ce,2026-08-29T19:30:00Z,2026-08-29T21:30:00+0200,29152.0,MW,ES,ES,forecast_load,Forecasted Load,2026-09-02T20:45:09Z
2026-09-02T20:44:49Z,2026-09-02T22:44:49+0200,8323e810-b195-41bb-9e21-529de71b29ce,2026-08-29T19:45:00Z,2026-08-29T21:45:00+0200,28728.0,MW,ES,ES,forecast_load,Forecasted Load,2026-09-02T20:45:09Z
2026-09-02T20:44:49Z,2026-09-02T22:44:49+0200,8323e810-b195-41bb-9e21-529de71b29ce,2026-08-29T20:00:00Z,2026-08-29T22:00:00+0200,28208.0,MW,ES,ES,forecast_load,Forecasted Load,2026-09-02T20:45:09Z
2026-09-02T20:44:49Z,2026-09-02T22:44:49+0200,8323e810-b195-41bb-9e21-529de71b29ce,2026-08-29T20:15:00Z,2026-08-29T22:15:00+0200,27665.0,MW,ES,ES,forecast_load,Forecasted Load,2026-09-02T20:45:09Z
2026-09-02T20:44:49Z,2026-09-02T22:44:49+0200,8323e810-b195-41bb-9e21-529de71b29ce,2026-08-29T20:30:00Z,2026-08-29T22:30:00+0200,27174.0,MW,ES,ES,forecast_load,Forecasted Load,2026-09-02T20:45:09Z
2026-09-02T20:44:49Z,2026-09-02T22:44:49+0200,8323e810-b195-41bb-9e21-529de71b29ce,2026-08-29T20:45:00Z,2026-08-29T22:45:00+0200,26739.0,MW,ES,ES,forecast_load,Forecasted Load,2026-09-02T20:45:09Z
2026-09-02T20:44:49Z,2026-09-02T22:44:49+0200,8323e810-b195-41bb-9e21-529de71b29ce,2026-08-29T21:00:00Z,2026-08-29T23:00:00+0200,26307.0,MW,ES,ES,forecast_load,Forecasted Load,2026-09-02T20:45:09Z
2026-09-02T20:44:49Z,2026-09-02T22:44:49+0200,8323e810-b195-41bb-9e21-529de71b29ce,2026-08-29T21:15:00Z,2026-08-29T23:15:00+0200,25945.0,MW,ES,ES,forecast_load,Forecasted Load,2026-09-02T20:45:09Z
2026-09-02T20:44:49Z,2026-09-02T22:44:49+0200,8323e810-b195-41bb-9e21-529de71b29ce,2026-08-29T21:30:00Z,2026-08-29T23:30:00+0200,25601.0,MW,ES,ES,forecast_load,Forecasted Load,2026-09-02T20:45:09Z
2026-09-02T20:44:49Z,2026-09-02T22:44:49+0200,8323e810-b195-41bb-9e21-529de71b29ce,2026-08-29T21:45:00Z,2026-08-29T23:45:00+0200,25267.0,MW,ES,ES,forecast_load,Forecasted Load,2026-09-02T20:45:09Z
2026-09-02T20:44:49Z,2026-09-02T22:44:49+0200,8323e810-b195-41bb-9e21-529de71b29ce,2026-08-29T22:00:00Z,2026-08-30T00:00:00+0200,24764.0,MW,ES,ES,forecast_load,Forecasted Load,2026-09-02T20:45:09Z
2026-09-02T20:44:49Z,2026-09-02T22:44:49+0200,8323e810-b195-41bb-9e21-529de71b29ce,2026-08-29T22:15:00Z,2026-08-30T00:15:00+0200,24415.0,MW,ES,ES,forecast_load,Forecasted Load,2026-09-02T20:45:09Z
2026-09-02T20:44:49Z,2026-09-02T22:44:49+0200,8323e810-b195-41bb-9e21-529de71b29ce,2026-08-29T22:30:00Z,2026-08-30T00:30:00+0200,24067.0,MW,ES,ES,forecast_load,Forecasted Load,2026-09-02T20:45:09Z
2026-09-02T20:44:49Z,2026-09-02T22:44:49+0200,8323e810-b195-41bb-9e21-529de71b29ce,2026-08-29T22:45:00Z,2026-08-30T00:45:00+0200,23722.0,MW,ES,ES,forecast_load,Forecasted Load,2026-09-02T20:45:09Z
2026-09-02T20:44:49Z,2026-09-02T22:44:49+0200,8323e810-b195-41bb-9e21-529de71b29ce,2026-08-29T23:00:00Z,2026-08-30T01:00:00+0200,23361.0,MW,ES,ES,forecast_load,Forecasted Load,2026-09-02T20:45:09Z
2026-09-02T20:44:49Z,2026-09-02T22:44:49+0200,8323e810-b195-41bb-9e21-529de71b29ce,2026-08-29T23:15:00Z,2026-08-30T01:15:00+0200,23040.0,MW,ES,ES,forecast_load,Forecasted Load,2026-09-02T20:45:09Z
2026-09-02T20:44:49Z,2026-09-02T22:44:49+0200,8323e810-b195-41bb-9e21-529de71b29ce,2026-08-29T23:30:00Z,2026-08-30T01:30:00+0200,22739.0,MW,ES,ES,forecast_load,Forecasted Load,2026-09-02T20:45:09Z
2026-09-02T20:44:49Z,2026-09-02T22:44:49+0200,8323e810-b195-41bb-9e21-529de71b29ce,2026-08-29T23:45:00Z,2026-08-30T01:45:00+0200,22461.0,MW,ES,ES,forecast_load,Forecasted Load,2026-09-02T20:45:09Z
2026-09-02T20:44:49Z,2026-09-02T22:44:49+0200,8323e810-b195-41bb-9e21-529de71b29ce,2026-08-30T00:00:00Z,2026-08-30T02:00:00+0200,22156.0,MW,ES,ES,forecast_load,Forecasted Load,2026-09-02T20:45:09Z
2026-09-02T20:44:49Z,2026-09-02T22:44:49+0200,8323e810-b195-41bb-9e21-529de71b29ce,2026-08-30T00:15:00Z,2026-08-30T02:15:00+0200,21935.0,MW,ES,ES,forecast_load,Forecasted Load,2026-09-02T20:45:09Z
2026-09-02T20:44:49Z,2026-09-02T22:44:49+0200,8323e810-b195-41bb-9e21-529de71b29ce,2026-08-30T00:30:00Z,2026-08-30T02:30:00+0200,21745.0,MW,ES,ES,forecast_load,Forecasted Load,2026-09-02T20:45:09Z
2026-09-02T20:44:49Z,2026-09-02T22:44:49+0200,8323e810-b195-41bb-9e21-529de71b29ce,2026-08-30T00:45:00Z,2026-08-30T02:45:00+0200,21580.0,MW,ES,ES,forecast_load,Forecasted Load,2026-09-02T20:45:09Z
2026-09-02T20:44:49Z,2026-09-02T22:44:49+0200,8323e810-b195-41bb-9e21-529de71b29ce,2026-08-30T01:00:00Z,2026-08-30T03:00:00+0200,21418.0,MW,ES,ES,forecast_load,Forecasted Load,2026-09-02T20:45:09Z
2026-09-02T20:44:49Z,2026-09-02T22:44:49+0200,8323e810-b195-41bb-9e21-529de71b29ce,2026-08-30T01:15:00Z,2026-08-30T03:15:00+0200,21282.0,MW,ES,ES,forecast_load,Forecasted Load,2026-09-02T20:45:09Z
2026-09-02T20:44:49Z,2026-09-02T22:44:49+0200,8323e810-b195-41bb-9e21-529de71b29ce,2026-08-30T01:30:00Z,2026-08-30T03:30:00+0200,21151.0,MW,ES,ES,forecast_load,Forecasted Load,2026-09-02T20:45:09Z
2026-09-02T20:44:49Z,2026-09-02T22:44:49+0200,8323e810-b195-41bb-9e21-529de71b29ce,2026-08-30T01:45:00Z,2026-08-30T03:45:00+0200,21027.0,MW,ES,ES,forecast_load,Forecasted Load,2026-09-02T20:45:09Z
2026-09-02T20:44:49Z,2026-09-02T22:44:49+0200,8323e810-b195-41bb-9e21-529de71b29ce,2026-08-30T02:00:00Z,2026-08-30T04:00:00+0200,20880.0,MW,ES,ES,forecast_load,Forecasted Load,2026-09-02T20:45:09Z
2026-09-02T20:44:49Z,2026-09-02T22:44:49+0200,8323e810-b195-41bb-9e21-529de71b29ce,2026-08-30T02:15:00Z,2026-08-30T04:15:00+0200,20781.0,MW,ES,ES,forecast_load,Forecasted Load,2026-09-02T20:45:09Z
2026-09-02T20:44:49Z,2026-09-02T22:44:49+0200,8323e810-b195-41bb-9e21-529de71b29ce,2026-08-30T02:30:00Z,2026-08-30T04:30:00+0200,20701.0,MW,ES,ES,forecast_load,Forecasted Load,2026-09-02T20:45:09Z
2026-09-02T20:44:49Z,2026-09-02T22:44:49+0200,8323e810-b195-41bb-9e21-529de71b29ce,2026-08-30T02:45:00Z,2026-08-30T04:45:00+0200,20646.0,MW,ES,ES,forecast_load,Forecasted Load,2026-09-02T20:45:09Z
2026-09-02T20:44:49Z,2026-09-02T22:44:49+0200,8323e810-b195-41bb-9e21-529de71b29ce,2026-08-30T03:00:00Z,2026-08-30T05:00:00+0200,20544.0,MW,ES,ES,forecast_load,Forecasted Load,2026-09-02T20:45:09Z
2026-09-02T20:44:49Z,2026-09-02T22:44:49+0200,8323e810-b195-41bb-9e21-529de71b29ce,2026-08-30T03:15:00Z,2026-08-30T05:15:00+0200,20567.0,MW,ES,ES,forecast_load,Forecasted Load,2026-09-02T20:45:09Z
2026-09-02T20:44:49Z,2026-09-02T22:44:49+0200,8323e810-b195-41bb-9e21-529de71b29ce,2026-08-30T03:30:00Z,2026-08-30T05:30:00+0200,20637.0,MW,ES,ES,forecast_load,Forecasted Load,2026-09-02T20:45:09Z
2026-09-02T20:44:49Z,2026-09-02T22:44:49+0200,8323e810-b195-41bb-9e21-529de71b29ce,2026-08-30T03:45:00Z,2026-08-30T05:45:00+0200,20739.0,MW,ES,ES,forecast_load,Forecasted Load,2026-09-02T20:45:09Z
2026-09-02T20:44:49Z,2026-09-02T22:44:49+0200,8323e810-b195-41bb-9e21-529de71b29ce,2026-08-30T04:00:00Z,2026-08-30T06:00:00+0200,20876.0,MW,ES,ES,forecast_load,Forecasted Load,2026-09-02T20:45:09Z
2026-09-02T20:44:49Z,2026-09-02T22:44:49+0200,8323e810-b195-41bb-9e21-529de71b29ce,2026-08-30T04:15:00Z,2026-08-30T06:15:00+0200,20986.0,MW,ES,ES,forecast_load,Forecasted Load,2026-09-02T20:45:09Z
2026-09-02T20:44:49Z,2026-09-02T22:44:49+0200,8323e810-b195-41bb-9e21-529de71b29ce,2026-08-30T04:30:00Z,2026-08-30T06:30:00+0200,21076.0,MW,ES,ES,forecast_load,Forecasted Load,2026-09-02T20:45:09Z
2026-09-02T20:44:49Z,2026-09-02T22:44:49+0200,8323e810-b195-41bb-9e21-529de71b29ce,2026-08-30T04:45:00Z,2026-08-30T06:45:00+0200,21144.0,MW,ES,ES,forecast_load,Forecasted Load,2026-09-02T20:45:09Z
2026-09-02T20:44:49Z,2026-09-02T22:44:49+0200,8323e810-b195-41bb-9e21-529de71b29ce,2026-08-30T05:00:00Z,2026-08-30T07:00:00+0200,21217.0,MW,ES,ES,forecast_load,Forecasted Load,2026-09-02T20:45:09Z
2026-09-02T20:44:49Z,2026-09-02T22:44:49+0200,8323e810-b195-41bb-9e21-529de71b29ce,2026-08-30T05:15:00Z,2026-08-30T07:15:00+0200,21252.0,MW,ES,ES,forecast_load,Forecasted Load,2026-09-02T20:45:09Z
2026-09-02T20:44:49Z,2026-09-02T22:44:49+0200,8323e810-b195-41bb-9e21-529de71b29ce,2026-08-30T05:30:00Z,2026-08-30T07:30:00+0200,21276.0,MW,ES,ES,forecast_load,Forecasted Load,2026-09-02T20:45:09Z
2026-09-02T20:44:49Z,2026-09-02T22:44:49+0200,8323e810-b195-41bb-9e21-529de71b29ce,2026-08-30T05:45:00Z,2026-08-30T07:45:00+0200,21309.0,MW,ES,ES,forecast_load,Forecasted Load,2026-09-02T20:45:09Z
2026-09-02T20:44:49Z,2026-09-02T22:44:49+0200,8323e810-b195-41bb-9e21-529de71b29ce,2026-08-30T06:00:00Z,2026-08-30T08:00:00+0200,21268.0,MW,ES,ES,forecast_load,Forecasted Load,2026-09-02T20:45:09Z
2026-09-02T20:44:49Z,2026-09-02T22:44:49+0200,8323e810-b195-41bb-9e21-529de71b29ce,2026-08-30T06:15:00Z,2026-08-30T08:15:00+0200,21385.0,MW,ES,ES,forecast_load,Forecasted Load,2026-09-02T20:45:09Z
2026-09-02T20:44:49Z,2026-09-02T22:44:49+0200,8323e810-b195-41bb-9e21-529de71b29ce,2026-08-30T06:30:00Z,2026-08-30T08:30:00+0200,21567.0,MW,ES,ES,forecast_load,Forecasted Load,2026-09-02T20:45:09Z
2026-09-02T20:44:49Z,2026-09-02T22:44:49+0200,8323e810-b195-41bb-9e21-529de71b29ce,2026-08-30T06:45:00Z,2026-08-30T08:45:00+0200,21792.0,MW,ES,ES,forecast_load,Forecasted Load,2026-09-02T20:45:09Z
2026-09-02T20:44:49Z,2026-09-02T22:44:49+0200,8323e810-b195-41bb-9e21-529de71b29ce,2026-08-30T07:00:00Z,2026-08-30T09:00:00+0200,22086.0,MW,ES,ES,forecast_load,Forecasted Load,2026-09-02T20:45:09Z
2026-09-02T20:44:49Z,2026-09-02T22:44:49+0200,8323e810-b195-41bb-9e21-529de71b29ce,2026-08-30T07:15:00Z,2026-08-30T09:15:00+0200,22303.0,MW,ES,ES,forecast_load,Forecasted Load,2026-09-02T20:45:09Z
2026-09-02T20:44:49Z,2026-09-02T22:44:49+0200,8323e810-b195-41bb-9e21-529de71b29ce,2026-08-30T07:30:00Z,2026-08-30T09:30:00+0200,22475.0,MW,ES,ES,forecast_load,Forecasted Load,2026-09-02T20:45:09Z
2026-09-02T20:44:49Z,2026-09-02T22:44:49+0200,8323e810-b195-41bb-9e21-529de71b29ce,2026-08-30T07:45:00Z,2026-08-30T09:45:00+0200,22606.0,MW,ES,ES,forecast_load,Forecasted Load,2026-09-02T20:45:09Z
2026-09-02T20:44:49Z,2026-09-02T22:44:49+0200,8323e810-b195-41bb-9e21-529de71b29ce,2026-08-30T08:00:00Z,2026-08-30T10:00:00+0200,22744.0,MW,ES,ES,forecast_load,Forecasted Load,2026-09-02T20:45:09Z
2026-09-02T20:44:49Z,2026-09-02T22:44:49+0200,8323e810-b195-41bb-9e21-529de71b29ce,2026-08-30T08:15:00Z,2026-08-30T10:15:00+0200,22822.0,MW,ES,ES,forecast_load,Forecasted Load,2026-09-02T20:45:09Z
2026-09-02T20:44:49Z,2026-09-02T22:44:49+0200,8323e810-b195-41bb-9e21-529de71b29ce,2026-08-30T08:30:00Z,2026-08-30T10:30:00+0200,22888.0,MW,ES,ES,forecast_load,Forecasted Load,2026-09-02T20:45:09Z
2026-09-02T20:44:49Z,2026-09-02T22:44:49+0200,8323e810-b195-41bb-9e21-529de71b29ce,2026-08-30T08:45:00Z,2026-08-30T10:45:00+0200,22942.0,MW,ES,ES,forecast_load,Forecasted Load,2026-09-02T20:45:09Z
2026-09-02T20:44:49Z,2026-09-02T22:44:49+0200,8323e810-b195-41bb-9e21-529de71b29ce,2026-08-30T09:00:00Z,2026-08-30T11:00:00+0200,23000.0,MW,ES,ES,forecast_load,Forecasted Load,2026-09-02T20:45:09Z
2026-09-02T20:44:49Z,2026-09-02T22:44:49+0200,8323e810-b195-41bb-9e21-529de71b29ce,2026-08-30T09:15:00Z,2026-08-30T11:15:00+0200,23031.0,MW,ES,ES,forecast_load,Forecasted Load,2026-09-02T20:45:09Z
2026-09-02T20:44:49Z,2026-09-02T22:44:49+0200,8323e810-b195-41bb-9e21-529de71b29ce,2026-08-30T09:30:00Z,2026-08-30T11:30:00+0200,23054.0,MW,ES,ES,forecast_load,Forecasted Load,2026-09-02T20:45:09Z
2026-09-02T20:44:49Z,2026-09-02T22:44:49+0200,8323e810-b195-41bb-9e21-529de71b29ce,2026-08-30T09:45:00Z,2026-08-30T11:45:00+0200,23085.0,MW,ES,ES,forecast_load,Forecasted Load,2026-09-02T20:45:09Z
2026-09-02T20:44:49Z,2026-09-02T22:44:49+0200,8323e810-b195-41bb-9e21-529de71b29ce,2026-08-30T10:00:00Z,2026-08-30T12:00:00+0200,23047.0,MW,ES,ES,forecast_load,Forecasted Load,2026-09-02T20:45:09Z
2026-09-02T20:44:49Z,2026-09-02T22:44:49+0200,8323e810-b195-41bb-9e21-529de71b29ce,2026-08-30T10:15:00Z,2026-08-30T12:15:00+0200,23152.0,MW,ES,ES,forecast_load,Forecasted Load,2026-09-02T20:45:09Z
2026-09-02T20:44:49Z,2026-09-02T22:44:49+0200,8323e810-b195-41bb-9e21-529de71b29ce,2026-08-30T10:30:00Z,2026-08-30T12:30:00+0200,23317.0,MW,ES,ES,forecast_load,Forecasted Load,2026-09-02T20:45:09Z
2026-09-02T20:44:49Z,2026-09-02T22:44:49+0200,8323e810-b195-41bb-9e21-529de71b29ce,2026-08-30T10:45:00Z,2026-08-30T12:45:00+0200,23525.0,MW,ES,ES,forecast_load,Forecasted Load,2026-09-02T20:45:09Z
2026-09-02T20:44:49Z,2026-09-02T22:44:49+0200,8323e810-b195-41bb-9e21-529de71b29ce,2026-08-30T11:00:00Z,2026-08-30T13:00:00+0200,23783.0,MW,ES,ES,forecast_load,Forecasted Load,2026-09-02T20:45:09Z
2026-09-02T20:44:49Z,2026-09-02T22:44:49+0200,8323e810-b195-41bb-9e21-529de71b29ce,2026-08-30T11:15:00Z,2026-08-30T13:15:00+0200,24011.0,MW,ES,ES,forecast_load,Forecasted Load,2026-09-02T20:45:09Z
2026-09-02T20:44:49Z,2026-09-02T22:44:49+0200,8323e810-b195-41bb-9e21-529de71b29ce,2026-08-30T11:30:00Z,2026-08-30T13:30:00+0200,24214.0,MW,ES,ES,forecast_load,Forecasted Load,2026-09-02T20:45:09Z
2026-09-02T20:44:49Z,2026-09-02T22:44:49+0200,8323e810-b195-41bb-9e21-529de71b29ce,2026-08-30T11:45:00Z,2026-08-30T13:45:00+0200,24371.0,MW,ES,ES,forecast_load,Forecasted Load,2026-09-02T20:45:09Z
2026-09-02T20:44:49Z,2026-09-02T22:44:49+0200,8323e810-b195-41bb-9e21-529de71b29ce,2026-08-30T12:00:00Z,2026-08-30T14:00:00+0200,24637.0,MW,ES,ES,forecast_load,Forecasted Load,2026-09-02T20:45:09Z
2026-09-02T20:44:49Z,2026-09-02T22:44:49+0200,8323e810-b195-41bb-9e21-529de71b29ce,2026-08-30T12:15:00Z,2026-08-30T14:15:00+0200,24641.0,MW,ES,ES,forecast_load,Forecasted Load,2026-09-02T20:45:09Z
2026-09-02T20:44:49Z,2026-09-02T22:44:49+0200,8323e810-b195-41bb-9e21-529de71b29ce,2026-08-30T12:30:00Z,2026-08-30T14:30:00+0200,24546.0,MW,ES,ES,forecast_load,Forecasted Load,2026-09-02T20:45:09Z
2026-09-02T20:44:49Z,2026-09-02T22:44:49+0200,8323e810-b195-41bb-9e21-529de71b29ce,2026-08-30T12:45:00Z,2026-08-30T14:45:00+0200,24382.0,MW,ES,ES,forecast_load,Forecasted Load,2026-09-02T20:45:09Z
2026-09-02T20:44:49Z,2026-09-02T22:44:49+0200,8323e810-b195-41bb-9e21-529de71b29ce,2026-08-30T13:00:00Z,2026-08-30T15:00:00+0200,24144.0,MW,ES,ES,forecast_load,Forecasted Load,2026-09-02T20:45:09Z
2026-09-02T20:44:49Z,2026-09-02T22:44:49+0200,8323e810-b195-41bb-9e21-529de71b29ce,2026-08-30T13:15:00Z,2026-08-30T15:15:00+0200,23963.0,MW,ES,ES,forecast_load,Forecasted Load,2026-09-02T20:45:09Z
2026-09-02T20:44:49Z,2026-09-02T22:44:49+0200,8323e810-b195-41bb-9e21-529de71b29ce,2026-08-30T13:30:00Z,2026-08-30T15:30:00+0200,23827.0,MW,ES,ES,forecast_load,Forecasted Load,2026-09-02T20:45:09Z
2026-09-02T20:44:49Z,2026-09-02T22:44:49+0200,8323e810-b195-41bb-9e21-529de71b29ce,2026-08-30T13:45:00Z,2026-08-30T15:45:00+0200,23749.0,MW,ES,ES,forecast_load,Forecasted Load,2026-09-02T20:45:09Z
2026-09-02T20:44:49Z,2026-09-02T22:44:49+0200,8323e810-b195-41bb-9e21-529de71b29ce,2026-08-30T14:00:00Z,2026-08-30T16:00:00+0200,23594.0,MW,ES,ES,forecast_load,Forecasted Load,2026-09-02T20:45:09Z
2026-09-02T20:44:49Z,2026-09-02T22:44:49+0200,8323e810-b195-41bb-9e21-529de71b29ce,2026-08-30T14:15:00Z,2026-08-30T16:15:00+0200,23651.0,MW,ES,ES,forecast_load,Forecasted Load,2026-09-02T20:45:09Z
2026-09-02T20:44:49Z,2026-09-02T22:44:49+0200,8323e810-b195-41bb-9e21-529de71b29ce,2026-08-30T14:30:00Z,2026-08-30T16:30:00+0200,23783.0,MW,ES,ES,forecast_load,Forecasted Load,2026-09-02T20:45:09Z
2026-09-02T20:44:49Z,2026-09-02T22:44:49+0200,8323e810-b195-41bb-9e21-529de71b29ce,2026-08-30T14:45:00Z,2026-08-30T16:45:00+0200,23978.0,MW,ES,ES,forecast_load,Forecasted Load,2026-09-02T20:45:09Z
2026-09-02T20:44:49Z,2026-09-02T22:44:49+0200,8323e810-b195-41bb-9e21-529de71b29ce,2026-08-30T15:00:00Z,2026-08-30T17:00:00+0200,24169.0,MW,ES,ES,forecast_load,Forecasted Load,2026-09-02T20:45:09Z
2026-09-02T20:44:49Z,2026-09-02T22:44:49+0200,8323e810-b195-41bb-9e21-529de71b29ce,2026-08-30T15:15:00Z,2026-08-30T17:15:00+0200,24444.0,MW,ES,ES,forecast_load,Forecasted Load,2026-09-02T20:45:09Z
2026-09-02T20:44:49Z,2026-09-02T22:44:49+0200,8323e810-b195-41bb-9e21-529de71b29ce,2026-08-30T15:30:00Z,2026-08-30T17:30:00+0200,24738.0,MW,ES,ES,forecast_load,Forecasted Load,2026-09-02T20:45:09Z
2026-09-02T20:44:49Z,2026-09-02T22:44:49+0200,8323e810-b195-41bb-9e21-529de71b29ce,2026-08-30T15:45:00Z,2026-08-30T17:45:00+0200,25046.0,MW,ES,ES,forecast_load,Forecasted Load,2026-09-02T20:45:09Z
2026-09-02T20:44:49Z,2026-09-02T22:44:49+0200,8323e810-b195-41bb-9e21-529de71b29ce,2026-08-30T16:00:00Z,2026-08-30T18:00:00+0200,25369.0,MW,ES,ES,forecast_load,Forecasted Load,2026-09-02T20:45:09Z
2026-09-02T20:44:49Z,2026-09-02T22:44:49+0200,8323e810-b195-41bb-9e21-529de71b29ce,2026-08-30T16:15:00Z,2026-08-30T18:15:00+0200,25688.0,MW,ES,ES,forecast_load,Forecasted Load,2026-09-02T20:45:09Z
2026-09-02T20:44:49Z,2026-09-02T22:44:49+0200,8323e810-b195-41bb-9e21-529de71b29ce,2026-08-30T16:30:00Z,2026-08-30T18:30:00+0200,26003.0,MW,ES,ES,forecast_load,Forecasted Load,2026-09-02T20:45:09Z
2026-09-02T20:44:49Z,2026-09-02T22:44:49+0200,8323e810-b195-41bb-9e21-529de71b29ce,2026-08-30T16:45:00Z,2026-08-30T18:45:00+0200,26308.0,MW,ES,ES,forecast_load,Forecasted Load,2026-09-02T20:45:09Z
2026-09-02T20:44:49Z,2026-09-02T22:44:49+0200,8323e810-b195-41bb-9e21-529de71b29ce,2026-08-30T17:00:00Z,2026-08-30T19:00:00+0200,26646.0,MW,ES,ES,forecast_load,Forecasted Load,2026-09-02T20:45:09Z
2026-09-02T20:44:49Z,2026-09-02T22:44:49+0200,8323e810-b195-41bb-9e21-529de71b29ce,2026-08-30T17:15:00Z,2026-08-30T19:15:00+0200,26908.0,MW,ES,ES,forecast_load,Forecasted Load,2026-09-02T20:45:09Z
2026-09-02T20:44:49Z,2026-09-02T22:44:49+0200,8323e810-b195-41bb-9e21-529de71b29ce,2026-08-30T17:30:00Z,2026-08-30T19:30:00+0200,27144.0,MW,ES,ES,forecast_load,Forecasted Load,2026-09-02T20:45:09Z
2026-09-02T20:44:49Z,2026-09-02T22:44:49+0200,8323e810-b195-41bb-9e21-529de71b29ce,2026-08-30T17:45:00Z,2026-08-30T19:45:00+0200,27380.0,MW,ES,ES,forecast_load,Forecasted Load,2026-09-02T20:45:09Z
2026-09-02T20:44:49Z,2026-09-02T22:44:49+0200,8323e810-b195-41bb-9e21-529de71b29ce,2026-08-30T18:00:00Z,2026-08-30T20:00:00+0200,27538.0,MW,ES,ES,forecast_load,Forecasted Load,2026-09-02T20:45:09Z
2026-09-02T20:44:49Z,2026-09-02T22:44:49+0200,8323e810-b195-41bb-9e21-529de71b29ce,2026-08-30T18:15:00Z,2026-08-30T20:15:00+0200,27871.0,MW,ES,ES,forecast_load,Forecasted Load,2026-09-02T20:45:09Z
2026-09-02T20:44:49Z,2026-09-02T22:44:49+0200,8323e810-b195-41bb-9e21-529de71b29ce,2026-08-30T18:30:00Z,2026-08-30T20:30:00+0200,28284.0,MW,ES,ES,forecast_load,Forecasted Load,2026-09-02T20:45:09Z
2026-09-02T20:44:49Z,2026-09-02T22:44:49+0200,8323e810-b195-41bb-9e21-529de71b29ce,2026-08-30T18:45:00Z,2026-08-30T20:45:00+0200,28708.0,MW,ES,ES,forecast_load,Forecasted Load,2026-09-02T20:45:09Z
2026-09-02T20:44:49Z,2026-09-02T22:44:49+0200,8323e810-b195-41bb-9e21-529de71b29ce,2026-08-30T19:00:00Z,2026-08-30T21:00:00+0200,29422.0,MW,ES,ES,forecast_load,Forecasted Load,2026-09-02T20:45:09Z
2026-09-02T20:44:49Z,2026-09-02T22:44:49+0200,8323e810-b195-41bb-9e21-529de71b29ce,2026-08-30T19:15:00Z,2026-08-30T21:15:00+0200,29606.0,MW,ES,ES,forecast_load,Forecasted Load,2026-09-02T20:45:09Z
2026-09-02T20:44:49Z,2026-09-02T22:44:49+0200,8323e810-b195-41bb-9e21-529de71b29ce,2026-08-30T19:30:00Z,2026-08-30T21:30:00+0200,29559.0,MW,ES,ES,forecast_load,Forecasted Load,2026-09-02T20:45:09Z
2026-09-02T20:44:49Z,2026-09-02T22:44:49+0200,8323e810-b195-41bb-9e21-529de71b29ce,2026-08-30T19:45:00Z,2026-08-30T21:45:00+0200,29318.0,MW,ES,ES,forecast_load,Forecasted Load,2026-09-02T20:45:09Z
2026-09-02T20:44:49Z,2026-09-02T22:44:49+0200,8323e810-b195-41bb-9e21-529de71b29ce,2026-08-30T20:00:00Z,2026-08-30T22:00:00+0200,29056.0,MW,ES,ES,forecast_load,Forecasted Load,2026-09-02T20:45:09Z
2026-09-02T20:44:49Z,2026-09-02T22:44:49+0200,8323e810-b195-41bb-9e21-529de71b29ce,2026-08-30T20:15:00Z,2026-08-30T22:15:00+0200,28613.0,MW,ES,ES,forecast_load,Forecasted Load,2026-09-02T20:45:09Z
2026-09-02T20:44:49Z,2026-09-02T22:44:49+0200,8323e810-b195-41bb-9e21-529de71b29ce,2026-08-30T20:30:00Z,2026-08-30T22:30:00+0200,28152.0,MW,ES,ES,forecast_load,Forecasted Load,2026-09-02T20:45:09Z
2026-09-02T20:44:49Z,2026-09-02T22:44:49+0200,8323e810-b195-41bb-9e21-529de71b29ce,2026-08-30T20:45:00Z,2026-08-30T22:45:00+0200,27691.0,MW,ES,ES,forecast_load,Forecasted Load,2026-09-02T20:45:09Z
2026-09-02T20:44:49Z,2026-09-02T22:44:49+0200,8323e810-b195-41bb-9e21-529de71b29ce,2026-08-30T21:00:00Z,2026-08-30T23:00:00+0200,27223.0,MW,ES,ES,forecast_load,Forecasted Load,2026-09-02T20:45:09Z
2026-09-02T20:44:49Z,2026-09-02T22:44:49+0200,8323e810-b195-41bb-9e21-529de71b29ce,2026-08-30T21:15:00Z,2026-08-30T23:15:00+0200,26777.0,MW,ES,ES,forecast_load,Forecasted Load,2026-09-02T20:45:09Z
2026-09-02T20:44:49Z,2026-09-02T22:44:49+0200,8323e810-b195-41bb-9e21-529de71b29ce,2026-08-30T21:30:00Z,2026-08-30T23:30:00+0200,26346.0,MW,ES,ES,forecast_load,Forecasted Load,2026-09-02T20:45:09Z
2026-09-02T20:44:49Z,2026-09-02T22:44:49+0200,8323e810-b195-41bb-9e21-529de71b29ce,2026-08-30T21:45:00Z,2026-08-30T23:45:00+0200,25930.0,MW,ES,ES,forecast_load,Forecasted Load,2026-09-02T20:45:09Z
2026-09-02T20:44:49Z,2026-09-02T22:44:49+0200,8323e810-b195-41bb-9e21-529de71b29ce,2026-08-30T22:00:00Z,2026-08-31T00:00:00+0200,25115.0,MW,ES,ES,forecast_load,Forecasted Load,2026-09-02T20:45:09Z
2026-09-02T20:44:49Z,2026-09-02T22:44:49+0200,8323e810-b195-41bb-9e21-529de71b29ce,2026-08-30T22:15:00Z,2026-08-31T00:15:00+0200,24728.0,MW,ES,ES,forecast_load,Forecasted Load,2026-09-02T20:45:09Z
2026-09-02T20:44:49Z,2026-09-02T22:44:49+0200,8323e810-b195-41bb-9e21-529de71b29ce,2026-08-30T22:30:00Z,2026-08-31T00:30:00+0200,24355.0,MW,ES,ES,forecast_load,Forecasted Load,2026-09-02T20:45:09Z
2026-09-02T20:44:49Z,2026-09-02T22:44:49+0200,8323e810-b195-41bb-9e21-529de71b29ce,2026-08-30T22:45:00Z,2026-08-31T00:45:00+0200,24000.0,MW,ES,ES,forecast_load,Forecasted Load,2026-09-02T20:45:09Z
2026-09-02T20:44:49Z,2026-09-02T22:44:49+0200,8323e810-b195-41bb-9e21-529de71b29ce,2026-08-30T23:00:00Z,2026-08-31T01:00:00+0200,23615.0,MW,ES,ES,forecast_load,Forecasted Load,2026-09-02T20:45:09Z
2026-09-02T20:44:49Z,2026-09-02T22:44:49+0200,8323e810-b195-41bb-9e21-529de71b29ce,2026-08-30T23:15:00Z,2026-08-31T01:15:00+0200,23315.0,MW,ES,ES,forecast_load,Forecasted Load,2026-09-02T20:45:09Z
2026-09-02T20:44:49Z,2026-09-02T22:44:49+0200,8323e810-b195-41bb-9e21-529de71b29ce,2026-08-30T23:30:00Z,2026-08-31T01:30:00+0200,23049.0,MW,ES,ES,forecast_load,Forecasted Load,2026-09-02T20:45:09Z
2026-09-02T20:44:49Z,2026-09-02T22:44:49+0200,8323e810-b195-41bb-9e21-529de71b29ce,2026-08-30T23:45:00Z,2026-08-31T01:45:00+0200,22817.0,MW,ES,ES,forecast_load,Forecasted Load,2026-09-02T20:45:09Z
2026-09-02T20:44:49Z,2026-09-02T22:44:49+0200,8323e810-b195-41bb-9e21-529de71b29ce,2026-08-31T00:00:00Z,2026-08-31T02:00:00+0200,22568.0,MW,ES,ES,forecast_load,Forecasted Load,2026-09-02T20:45:09Z
2026-09-02T20:44:49Z,2026-09-02T22:44:49+0200,8323e810-b195-41bb-9e21-529de71b29ce,2026-08-31T00:15:00Z,2026-08-31T02:15:00+0200,22390.0,MW,ES,ES,forecast_load,Forecasted Load,2026-09-02T20:45:09Z
2026-09-02T20:44:49Z,2026-09-02T22:44:49+0200,8323e810-b195-41bb-9e21-529de71b29ce,2026-08-31T00:30:00Z,2026-08-31T02:30:00+0200,22234.0,MW,ES,ES,forecast_load,Forecasted Load,2026-09-02T20:45:09Z
2026-09-02T20:44:49Z,2026-09-02T22:44:49+0200,8323e810-b195-41bb-9e21-529de71b29ce,2026-08-31T00:45:00Z,2026-08-31T02:45:00+0200,22102.0,MW,ES,ES,forecast_load,Forecasted Load,2026-09-02T20:45:09Z
2026-09-02T20:44:49Z,2026-09-02T22:44:49+0200,8323e810-b195-41bb-9e21-529de71b29ce,2026-08-31T01:00:00Z,2026-08-31T03:00:00+0200,21945.0,MW,ES,ES,forecast_load,Forecasted Load,2026-09-02T20:45:09Z
2026-09-02T20:44:49Z,2026-09-02T22:44:49+0200,8323e810-b195-41bb-9e21-529de71b29ce,2026-08-31T01:15:00Z,2026-08-31T03:15:00+0200,21862.0,MW,ES,ES,forecast_load,Forecasted Load,2026-09-02T20:45:09Z
2026-09-02T20:44:49Z,2026-09-02T22:44:49+0200,8323e810-b195-41bb-9e21-529de71b29ce,2026-08-31T01:30:00Z,2026-08-31T03:30:00+0200,21805.0,MW,ES,ES,forecast_load,Forecasted Load,2026-09-02T20:45:09Z
2026-09-02T20:44:49Z,2026-09-02T22:44:49+0200,8323e810-b195-41bb-9e21-529de71b29ce,2026-08-31T01:45:00Z,2026-08-31T03:45:00+0200,21771.0,MW,ES,ES,forecast_load,Forecasted Load,2026-09-02T20:45:09Z
2026-09-02T20:44:49Z,2026-09-02T22:44:49+0200,8323e810-b195-41bb-9e21-529de71b29ce,2026-08-31T02:00:00Z,2026-08-31T04:00:00+0200,21715.0,MW,ES,ES,forecast_load,Forecasted Load,2026-09-02T20:45:09Z
2026-09-02T20:44:49Z,2026-09-02T22:44:49+0200,8323e810-b195-41bb-9e21-529de71b29ce,2026-08-31T02:15:00Z,2026-08-31T04:15:00+0200,21713.0,MW,ES,ES,forecast_load,Forecasted Load,2026-09-02T20:45:09Z
2026-09-02T20:44:49Z,2026-09-02T22:44:49+0200,8323e810-b195-41bb-9e21-529de71b29ce,2026-08-31T02:30:00Z,2026-08-31T04:30:00+0200,21729.0,MW,ES,ES,forecast_load,Forecasted Load,2026-09-02T20:45:09Z
2026-09-02T20:44:49Z,2026-09-02T22:44:49+0200,8323e810-b195-41bb-9e21-529de71b29ce,2026-08-31T02:45:00Z,2026-08-31T04:45:00+0200,21796.0,MW,ES,ES,forecast_load,Forecasted Load,2026-09-02T20:45:09Z
2026-09-02T20:44:49Z,2026-09-02T22:44:49+0200,8323e810-b195-41bb-9e21-529de71b29ce,2026-08-31T03:00:00Z,2026-08-31T05:00:00+0200,21688.0,MW,ES,ES,forecast_load,Forecasted Load,2026-09-02T20:45:09Z
2026-09-02T20:44:49Z,2026-09-02T22:44:49+0200,8323e810-b195-41bb-9e21-529de71b29ce,2026-08-31T03:15:00Z,2026-08-31T05:15:00+0200,21976.0,MW,ES,ES,forecast_load,Forecasted Load,2026-09-02T20:45:09Z
2026-09-02T20:44:49Z,2026-09-02T22:44:49+0200,8323e810-b195-41bb-9e21-529de71b29ce,2026-08-31T03:30:00Z,2026-08-31T05:30:00+0200,22422.0,MW,ES,ES,forecast_load,Forecasted Load,2026-09-02T20:45:09Z
2026-09-02T20:44:49Z,2026-09-02T22:44:49+0200,8323e810-b195-41bb-9e21-529de71b29ce,2026-08-31T03:45:00Z,2026-08-31T05:45:00+0200,22999.0,MW,ES,ES,forecast_load,Forecasted Load,2026-09-02T20:45:09Z
2026-09-02T20:44:49Z,2026-09-02T22:44:49+0200,8323e810-b195-41bb-9e21-529de71b29ce,2026-08-31T04:00:00Z,2026-08-31T06:00:00+0200,23634.0,MW,ES,ES,forecast_load,Forecasted Load,2026-09-02T20:45:09Z
2026-09-02T20:44:49Z,2026-09-02T22:44:49+0200,8323e810-b195-41bb-9e21-529de71b29ce,2026-08-31T04:15:00Z,2026-08-31T06:15:00+0200,24351.0,MW,ES,ES,forecast_load,Forecasted Load,2026-09-02T20:45:09Z
2026-09-02T20:44:49Z,2026-09-02T22:44:49+0200,8323e810-b195-41bb-9e21-529de71b29ce,2026-08-31T04:30:00Z,2026-08-31T06:30:00+0200,25079.0,MW,ES,ES,forecast_load,Forecasted Load,2026-09-02T20:45:09Z
2026-09-02T20:44:49Z,2026-09-02T22:44:49+0200,8323e810-b195-41bb-9e21-529de71b29ce,2026-08-31T04:45:00Z,2026-08-31T06:45:00+0200,25787.0,MW,ES,ES,forecast_load,Forecasted Load,2026-09-02T20:45:09Z
2026-09-02T20:44:49Z,2026-09-02T22:44:49+0200,8323e810-b195-41bb-9e21-529de71b29ce,2026-08-31T05:00:00Z,2026-08-31T07:00:00+0200,26648.0,MW,ES,ES,forecast_load,Forecasted Load,2026-09-02T20:45:09Z
2026-09-02T20:44:49Z,2026-09-02T22:44:49+0200,8323e810-b195-41bb-9e21-529de71b29ce,2026-08-31T05:15:00Z,2026-08-31T07:15:00+0200,27230.0,MW,ES,ES,forecast_load,Forecasted Load,2026-09-02T20:45:09Z
2026-09-02T20:44:49Z,2026-09-02T22:44:49+0200,8323e810-b195-41bb-9e21-529de71b29ce,2026-08-31T05:30:00Z,2026-08-31T07:30:00+0200,27712.0,MW,ES,ES,forecast_load,Forecasted Load,2026-09-02T20:45:09Z
2026-09-02T20:44:49Z,2026-09-02T22:44:49+0200,8323e810-b195-41bb-9e21-529de71b29ce,2026-08-31T05:45:00Z,2026-08-31T07:45:00+0200,28107.0,MW,ES,ES,forecast_load,Forecasted Load,2026-09-02T20:45:09Z
2026-09-02T20:44:49Z,2026-09-02T22:44:49+0200,8323e810-b195-41bb-9e21-529de71b29ce,2026-08-31T06:00:00Z,2026-08-31T08:00:00+0200,28516.0,MW,ES,ES,forecast_load,Forecasted Load,2026-09-02T20:45:09Z
2026-09-02T20:44:49Z,2026-09-02T22:44:49+0200,8323e810-b195-41bb-9e21-529de71b29ce,2026-08-31T06:15:00Z,2026-08-31T08:15:00+0200,28811.0,MW,ES,ES,forecast_load,Forecasted Load,2026-09-02T20:45:09Z
2026-09-02T20:44:49Z,2026-09-02T22:44:49+0200,8323e810-b195-41bb-9e21-529de71b29ce,2026-08-31T06:30:00Z,2026-08-31T08:30:00+0200,29087.0,MW,ES,ES,forecast_load,Forecasted Load,2026-09-02T20:45:09Z
2026-09-02T20:44:49Z,2026-09-02T22:44:49+0200,8323e810-b195-41bb-9e21-529de71b29ce,2026-08-31T06:45:00Z,2026-08-31T08:45:00+0200,29340.0,MW,ES,ES,forecast_load,Forecasted Load,2026-09-02T20:45:09Z
2026-09-02T20:44:49Z,2026-09-02T22:44:49+0200,8323e810-b195-41bb-9e21-529de71b29ce,2026-08-31T07:00:00Z,2026-08-31T09:00:00+0200,29647.0,MW,ES,ES,forecast_load,Forecasted Load,2026-09-02T20:45:09Z
2026-09-02T20:44:49Z,2026-09-02T22:44:49+0200,8323e810-b195-41bb-9e21-529de71b29ce,2026-08-31T07:15:00Z,2026-08-31T09:15:00+0200,29827.0,MW,ES,ES,forecast_load,Forecasted Load,2026-09-02T20:45:09Z
2026-09-02T20:44:49Z,2026-09-02T22:44:49+0200,8323e810-b195-41bb-9e21-529de71b29ce,2026-08-31T07:30:00Z,2026-08-31T09:30:00+0200,29960.0,MW,ES,ES,forecast_load,Forecasted Load,2026-09-02T20:45:09Z
2026-09-02T20:44:49Z,2026-09-02T22:44:49+0200,8323e810-b195-41bb-9e21-529de71b29ce,2026-08-31T07:45:00Z,2026-08-31T09:45:00+0200,30052.0,MW,ES,ES,forecast_load,Forecasted Load,2026-09-02T20:45:09Z
2026-09-02T20:44:49Z,2026-09-02T22:44:49+0200,8323e810-b195-41bb-9e21-529de71b29ce,2026-08-31T08:00:00Z,2026-08-31T10:00:00+0200,30151.0,MW,ES,ES,forecast_load,Forecasted Load,2026-09-02T20:45:09Z
2026-09-02T20:44:49Z,2026-09-02T22:44:49+0200,8323e810-b195-41bb-9e21-529de71b29ce,2026-08-31T08:15:00Z,2026-08-31T10:15:00+0200,30189.0,MW,ES,ES,forecast_load,Forecasted Load,2026-09-02T20:45:09Z
2026-09-02T20:44:49Z,2026-09-02T22:44:49+0200,8323e810-b195-41bb-9e21-529de71b29ce,2026-08-31T08:30:00Z,2026-08-31T10:30:00+0200,30213.0,MW,ES,ES,forecast_load,Forecasted Load,2026-09-02T20:45:09Z
2026-09-02T20:44:49Z,2026-09-02T22:44:49+0200,8323e810-b195-41bb-9e21-529de71b29ce,2026-08-31T08:45:00Z,2026-08-31T10:45:00+0200,30231.0,MW,ES,ES,forecast_load,Forecasted Load,2026-09-02T20:45:09Z
2026-09-02T20:44:49Z,2026-09-02T22:44:49+0200,8323e810-b195-41bb-9e21-529de71b29ce,2026-08-31T09:00:00Z,2026-08-31T11:00:00+0200,30227.0,MW,ES,ES,forecast_load,Forecasted Load,2026-09-02T20:45:09Z
2026-09-02T20:44:49Z,2026-09-02T22:44:49+0200,8323e810-b195-41bb-9e21-529de71b29ce,2026-08-31T09:15:00Z,2026-08-31T11:15:00+0200,30253.0,MW,ES,ES,forecast_load,Forecasted Load,2026-09-02T20:45:09Z
2026-09-02T20:44:49Z,2026-09-02T22:44:49+0200,8323e810-b195-41bb-9e21-529de71b29ce,2026-08-31T09:30:00Z,2026-08-31T11:30:00+0200,30294.0,MW,ES,ES,forecast_load,Forecasted Load,2026-09-02T20:45:09Z
2026-09-02T20:44:49Z,2026-09-02T22:44:49+0200,8323e810-b195-41bb-9e21-529de71b29ce,2026-08-31T09:45:00Z,2026-08-31T11:45:00+0200,30358.0,MW,ES,ES,forecast_load,Forecasted Load,2026-09-02T20:45:09Z
2026-09-02T20:44:49Z,2026-09-02T22:44:49+0200,8323e810-b195-41bb-9e21-529de71b29ce,2026-08-31T10:00:00Z,2026-08-31T12:00:00+0200,30381.0,MW,ES,ES,forecast_load,Forecasted Load,2026-09-02T20:45:09Z
2026-09-02T20:44:49Z,2026-09-02T22:44:49+0200,8323e810-b195-41bb-9e21-529de71b29ce,2026-08-31T10:15:00Z,2026-08-31T12:15:00+0200,30518.0,MW,ES,ES,forecast_load,Forecasted Load,2026-09-02T20:45:09Z
2026-09-02T20:44:49Z,2026-09-02T22:44:49+0200,8323e810-b195-41bb-9e21-529de71b29ce,2026-08-31T10:30:00Z,2026-08-31T12:30:00+0200,30696.0,MW,ES,ES,forecast_load,Forecasted Load,2026-09-02T20:45:09Z
2026-09-02T20:44:49Z,2026-09-02T22:44:49+0200,8323e810-b195-41bb-9e21-529de71b29ce,2026-08-31T10:45:00Z,2026-08-31T12:45:00+0200,30889.0,MW,ES,ES,forecast_load,Forecasted Load,2026-09-02T20:45:09Z
2026-09-02T20:44:49Z,2026-09-02T22:44:49+0200,8323e810-b195-41bb-9e21-529de71b29ce,2026-08-31T11:00:00Z,2026-08-31T13:00:00+0200,31189.0,MW,ES,ES,forecast_load,Forecasted Load,2026-09-02T20:45:09Z
2026-09-02T20:44:49Z,2026-09-02T22:44:49+0200,8323e810-b195-41bb-9e21-529de71b29ce,2026-08-31T11:15:00Z,2026-08-31T13:15:00+0200,31306.0,MW,ES,ES,forecast_load,Forecasted Load,2026-09-02T20:45:09Z
2026-09-02T20:44:49Z,2026-09-02T22:44:49+0200,8323e810-b195-41bb-9e21-529de71b29ce,2026-08-31T11:30:00Z,2026-08-31T13:30:00+0200,31338.0,MW,ES,ES,forecast_load,Forecasted Load,2026-09-02T20:45:09Z
2026-09-02T20:44:49Z,2026-09-02T22:44:49+0200,8323e810-b195-41bb-9e21-529de71b29ce,2026-08-31T11:45:00Z,2026-08-31T13:45:00+0200,31295.0,MW,ES,ES,forecast_load,Forecasted Load,2026-09-02T20:45:09Z
2026-09-02T20:44:49Z,2026-09-02T22:44:49+0200,8323e810-b195-41bb-9e21-529de71b29ce,2026-08-31T12:00:00Z,2026-08-31T14:00:00+0200,31264.0,MW,ES,ES,forecast_load,Forecasted Load,2026-09-02T20:45:09Z
2026-09-02T20:44:49Z,2026-09-02T22:44:49+0200,8323e810-b195-41bb-9e21-529de71b29ce,2026-08-31T12:15:00Z,2026-08-31T14:15:00+0200,31116.0,MW,ES,ES,forecast_load,Forecasted Load,2026-09-02T20:45:09Z
2026-09-02T20:44:49Z,2026-09-02T22:44:49+0200,8323e810-b195-41bb-9e21-529de71b29ce,2026-08-31T12:30:00Z,2026-08-31T14:30:00+0200,30941.0,MW,ES,ES,forecast_load,Forecasted Load,2026-09-02T20:45:09Z
2026-09-02T20:44:49Z,2026-09-02T22:44:49+0200,8323e810-b195-41bb-9e21-529de71b29ce,2026-08-31T12:45:00Z,2026-08-31T14:45:00+0200,30763.0,MW,ES,ES,forecast_load,Forecasted Load,2026-09-02T20:45:09Z
2026-09-02T20:44:49Z,2026-09-02T22:44:49+0200,8323e810-b195-41bb-9e21-529de71b29ce,2026-08-31T13:00:00Z,2026-08-31T15:00:00+0200,30498.0,MW,ES,ES,forecast_load,Forecasted Load,2026-09-02T20:45:09Z
2026-09-02T20:44:49Z,2026-09-02T22:44:49+0200,8323e810-b195-41bb-9e21-529de71b29ce,2026-08-31T13:15:00Z,2026-08-31T15:15:00+0200,30392.0,MW,ES,ES,forecast_load,Forecasted Load,2026-09-02T20:45:09Z
2026-09-02T20:44:49Z,2026-09-02T22:44:49+0200,8323e810-b195-41bb-9e21-529de71b29ce,2026-08-31T13:30:00Z,2026-08-31T15:30:00+0200,30356.0,MW,ES,ES,forecast_load,Forecasted Load,2026-09-02T20:45:09Z
2026-09-02T20:44:49Z,2026-09-02T22:44:49+0200,8323e810-b195-41bb-9e21-529de71b29ce,2026-08-31T13:45:00Z,2026-08-31T15:45:00+0200,30386.0,MW,ES,ES,forecast_load,Forecasted Load,2026-09-02T20:45:09Z
2026-09-02T20:44:49Z,2026-09-02T22:44:49+0200,8323e810-b195-41bb-9e21-529de71b29ce,2026-08-31T14:00:00Z,2026-08-31T16:00:00+0200,30384.0,MW,ES,ES,forecast_load,Forecasted Load,2026-09-02T20:45:09Z
2026-09-02T20:44:49Z,2026-09-02T22:44:49+0200,8323e810-b195-41bb-9e21-529de71b29ce,2026-08-31T14:15:00Z,2026-08-31T16:15:00+0200,30525.0,MW,ES,ES,forecast_load,Forecasted Load,2026-09-02T20:45:09Z
2026-09-02T20:44:49Z,2026-09-02T22:44:49+0200,8323e810-b195-41bb-9e21-529de71b29ce,2026-08-31T14:30:00Z,2026-08-31T16:30:00+0200,30707.0,MW,ES,ES,forecast_load,Forecasted Load,2026-09-02T20:45:09Z
2026-09-02T20:44:49Z,2026-09-02T22:44:49+0200,8323e810-b195-41bb-9e21-529de71b29ce,2026-08-31T14:45:00Z,2026-08-31T16:45:00+0200,30915.0,MW,ES,ES,forecast_load,Forecasted Load,2026-09-02T20:45:09Z
2026-09-02T20:44:49Z,2026-09-02T22:44:49+0200,8323e810-b195-41bb-9e21-529de71b29ce,2026-08-31T15:00:00Z,2026-08-31T17:00:00+0200,31159.0,MW,ES,ES,forecast_load,Forecasted Load,2026-09-02T20:45:09Z
2026-09-02T20:44:49Z,2026-09-02T22:44:49+0200,8323e810-b195-41bb-9e21-529de71b29ce,2026-08-31T15:15:00Z,2026-08-31T17:15:00+0200,31366.0,MW,ES,ES,forecast_load,Forecasted Load,2026-09-02T20:45:09Z
2026-09-02T20:44:49Z,2026-09-02T22:44:49+0200,8323e810-b195-41bb-9e21-529de71b29ce,2026-08-31T15:30:00Z,2026-08-31T17:30:00+0200,31551.0,MW,ES,ES,forecast_load,Forecasted Load,2026-09-02T20:45:09Z
2026-09-02T20:44:49Z,2026-09-02T22:44:49+0200,8323e810-b195-41bb-9e21-529de71b29ce,2026-08-31T15:45:00Z,2026-08-31T17:45:00+0200,31721.0,MW,ES,ES,forecast_load,Forecasted Load,2026-09-02T20:45:09Z
2026-09-02T20:44:49Z,2026-09-02T22:44:49+0200,8323e810-b195-41bb-9e21-529de71b29ce,2026-08-31T16:00:00Z,2026-08-31T18:00:00+0200,31872.0,MW,ES,ES,forecast_load,Forecasted Load,2026-09-02T20:45:09Z
2026-09-02T20:44:49Z,2026-09-02T22:44:49+0200,8323e810-b195-41bb-9e21-529de71b29ce,2026-08-31T16:15:00Z,2026-08-31T18:15:00+0200,32051.0,MW,ES,ES,forecast_load,Forecasted Load,2026-09-02T20:45:09Z
2026-09-02T20:44:49Z,2026-09-02T22:44:49+0200,8323e810-b195-41bb-9e21-529de71b29ce,2026-08-31T16:30:00Z,2026-08-31T18:30:00+0200,32249.0,MW,ES,ES,forecast_load,Forecasted Load,2026-09-02T20:45:09Z
2026-09-02T20:44:49Z,2026-09-02T22:44:49+0200,8323e810-b195-41bb-9e21-529de71b29ce,2026-08-31T16:45:00Z,2026-08-31T18:45:00+0200,32446.0,MW,ES,ES,forecast_load,Forecasted Load,2026-09-02T20:45:09Z
2026-09-02T20:44:49Z,2026-09-02T22:44:49+0200,8323e810-b195-41bb-9e21-529de71b29ce,2026-08-31T17:00:00Z,2026-08-31T19:00:00+0200,32709.0,MW,ES,ES,forecast_load,Forecasted Load,2026-09-02T20:45:09Z
2026-09-02T20:44:49Z,2026-09-02T22:44:49+0200,8323e810-b195-41bb-9e21-529de71b29ce,2026-08-31T17:15:00Z,2026-08-31T19:15:00+0200,32841.0,MW,ES,ES,forecast_load,Forecasted Load,2026-09-02T20:45:09Z
2026-09-02T20:44:49Z,2026-09-02T22:44:49+0200,8323e810-b195-41bb-9e21-529de71b29ce,2026-08-31T17:30:00Z,2026-08-31T19:30:00+0200,32915.0,MW,ES,ES,forecast_load,Forecasted Load,2026-09-02T20:45:09Z
2026-09-02T20:44:49Z,2026-09-02T22:44:49+0200,8323e810-b195-41bb-9e21-529de71b29ce,2026-08-31T17:45:00Z,2026-08-31T19:45:00+0200,32968.0,MW,ES,ES,forecast_load,Forecasted Load,2026-09-02T20:45:09Z
2026-09-02T20:44:49Z,2026-09-02T22:44:49+0200,8323e810-b195-41bb-9e21-529de71b29ce,2026-08-31T18:00:00Z,2026-08-31T20:00:00+0200,32923.0,MW,ES,ES,forecast_load,Forecasted Load,2026-09-02T20:45:09Z
2026-09-02T20:44:49Z,2026-09-02T22:44:49+0200,8323e810-b195-41bb-9e21-529de71b29ce,2026-08-31T18:15:00Z,2026-08-31T20:15:00+0200,33068.0,MW,ES,ES,forecast_load,Forecasted Load,2026-09-02T20:45:09Z
2026-09-02T20:44:49Z,2026-09-02T22:44:49+0200,8323e810-b195-41bb-9e21-529de71b29ce,2026-08-31T18:30:00Z,2026-08-31T20:30:00+0200,33301.0,MW,ES,ES,forecast_load,Forecasted Load,2026-09-02T20:45:09Z
2026-09-02T20:44:49Z,2026-09-02T22:44:49+0200,8323e810-b195-41bb-9e21-529de71b29ce,2026-08-31T18:45:00Z,2026-08-31T20:45:00+0200,33536.0,MW,ES,ES,forecast_load,Forecasted Load,2026-09-02T20:45:09Z
2026-09-02T20:44:49Z,2026-09-02T22:44:49+0200,8323e810-b195-41bb-9e21-529de71b29ce,2026-08-31T19:00:00Z,2026-08-31T21:00:00+0200,34139.0,MW,ES,ES,forecast_load,Forecasted Load,2026-09-02T20:45:09Z
2026-09-02T20:44:49Z,2026-09-02T22:44:49+0200,8323e810-b195-41bb-9e21-529de71b29ce,2026-08-31T19:15:00Z,2026-08-31T21:15:00+0200,34038.0,MW,ES,ES,forecast_load,Forecasted Load,2026-09-02T20:45:09Z
2026-09-02T20:44:49Z,2026-09-02T22:44:49+0200,8323e810-b195-41bb-9e21-529de71b29ce,2026-08-31T19:30:00Z,2026-08-31T21:30:00+0200,33634.0,MW,ES,ES,forecast_load,Forecasted Load,2026-09-02T20:45:09Z
2026-09-02T20:44:49Z,2026-09-02T22:44:49+0200,8323e810-b195-41bb-9e21-529de71b29ce,2026-08-31T19:45:00Z,2026-08-31T21:45:00+0200,33001.0,MW,ES,ES,forecast_load,Forecasted Load,2026-09-02T20:45:09Z
2026-09-02T20:44:49Z,2026-09-02T22:44:49+0200,8323e810-b195-41bb-9e21-529de71b29ce,2026-08-31T20:00:00Z,2026-08-31T22:00:00+0200,32233.0,MW,ES,ES,forecast_load,Forecasted Load,2026-09-02T20:45:09Z
2026-09-02T20:44:49Z,2026-09-02T22:44:49+0200,8323e810-b195-41bb-9e21-529de71b29ce,2026-08-31T20:15:00Z,2026-08-31T22:15:00+0200,31477.0,MW,ES,ES,forecast_load,Forecasted Load,2026-09-02T20:45:09Z
2026-09-02T20:44:49Z,2026-09-02T22:44:49+0200,8323e810-b195-41bb-9e21-529de71b29ce,2026-08-31T20:30:00Z,2026-08-31T22:30:00+0200,30806.0,MW,ES,ES,forecast_load,Forecasted Load,2026-09-02T20:45:09Z
2026-09-02T20:44:49Z,2026-09-02T22:44:49+0200,8323e810-b195-41bb-9e21-529de71b29ce,2026-08-31T20:45:00Z,2026-08-31T22:45:00+0200,30221.0,MW,ES,ES,forecast_load,Forecasted Load,2026-09-02T20:45:09Z
2026-09-02T20:44:49Z,2026-09-02T22:44:49+0200,8323e810-b195-41bb-9e21-529de71b29ce,2026-08-31T21:00:00Z,2026-08-31T23:00:00+0200,29640.0,MW,ES,ES,forecast_load,Forecasted Load,2026-09-02T20:45:09Z
2026-09-02T20:44:49Z,2026-09-02T22:44:49+0200,8323e810-b195-41bb-9e21-529de71b29ce,2026-08-31T21:15:00Z,2026-08-31T23:15:00+0200,29167.0,MW,ES,ES,forecast_load,Forecasted Load,2026-09-02T20:45:09Z
2026-09-02T20:44:49Z,2026-09-02T22:44:49+0200,8323e810-b195-41bb-9e21-529de71b29ce,2026-08-31T21:30:00Z,2026-08-31T23:30:00+0200,28722.0,MW,ES,ES,forecast_load,Forecasted Load,2026-09-02T20:45:09Z
2026-09-02T20:44:49Z,2026-09-02T22:44:49+0200,8323e810-b195-41bb-9e21-529de71b29ce,2026-08-31T21:45:00Z,2026-08-31T23:45:00+0200,28296.0,MW,ES,ES,forecast_load,Forecasted Load,2026-09-02T20:45:09Z
2026-09-02T20:44:49Z,2026-09-02T22:44:49+0200,8323e810-b195-41bb-9e21-529de71b29ce,2026-08-31T22:00:00Z,2026-09-01T00:00:00+0200,27583.0,MW,ES,ES,forecast_load,Forecasted Load,2026-09-02T20:45:09Z
2026-09-02T20:44:49Z,2026-09-02T22:44:49+0200,8323e810-b195-41bb-9e21-529de71b29ce,2026-08-31T22:15:00Z,2026-09-01T00:15:00+0200,27170.0,MW,ES,ES,forecast_load,Forecasted Load,2026-09-02T20:45:09Z
2026-09-02T20:44:49Z,2026-09-02T22:44:49+0200,8323e810-b195-41bb-9e21-529de71b29ce,2026-08-31T22:30:00Z,2026-09-01T00:30:00+0200,26781.0,MW,ES,ES,forecast_load,Forecasted Load,2026-09-02T20:45:09Z
2026-09-02T20:44:49Z,2026-09-02T22:44:49+0200,8323e810-b195-41bb-9e21-529de71b29ce,2026-08-31T22:45:00Z,2026-09-01T00:45:00+0200,26412.0,MW,ES,ES,forecast_load,Forecasted Load,2026-09-02T20:45:09Z
2026-09-02T20:44:49Z,2026-09-02T22:44:49+0200,8323e810-b195-41bb-9e21-529de71b29ce,2026-08-31T23:00:00Z,2026-09-01T01:00:00+0200,26043.0,MW,ES,ES,forecast_load,Forecasted Load,2026-09-02T20:45:09Z
2026-09-02T20:44:49Z,2026-09-02T22:44:49+0200,8323e810-b195-41bb-9e21-529de71b29ce,2026-08-31T23:15:00Z,2026-09-01T01:15:00+0200,25697.0,MW,ES,ES,forecast_load,Forecasted Load,2026-09-02T20:45:09Z
2026-09-02T20:44:49Z,2026-09-02T22:44:49+0200,8323e810-b195-41bb-9e21-529de71b29ce,2026-08-31T23:30:00Z,2026-09-01T01:30:00+0200,25360.0,MW,ES,ES,forecast_load,Forecasted Load,2026-09-02T20:45:09Z
2026-09-02T20:44:49Z,2026-09-02T22:44:49+0200,8323e810-b195-41bb-9e21-529de71b29ce,2026-08-31T23:45:00Z,2026-09-01T01:45:00+0200,25046.0,MW,ES,ES,forecast_load,Forecasted Load,2026-09-02T20:45:09Z
2026-09-02T20:44:49Z,2026-09-02T22:44:49+0200,8323e810-b195-41bb-9e21-529de71b29ce,2026-09-01T00:00:00Z,2026-09-01T02:00:00+0200,24662.0,MW,ES,ES,forecast_load,Forecasted Load,2026-09-02T20:45:09Z
2026-09-02T20:44:49Z,2026-09-02T22:44:49+0200,8323e810-b195-41bb-9e21-529de71b29ce,2026-09-01T00:15:00Z,2026-09-01T02:15:00+0200,24444.0,MW,ES,ES,forecast_load,Forecasted Load,2026-09-02T20:45:09Z
2026-09-02T20:44:49Z,2026-09-02T22:44:49+0200,8323e810-b195-41bb-9e21-529de71b29ce,2026-09-01T00:30:00Z,2026-09-01T02:30:00+0200,24293.0,MW,ES,ES,forecast_load,Forecasted Load,2026-09-02T20:45:09Z
2026-09-02T20:44:49Z,2026-09-02T22:44:49+0200,8323e810-b195-41bb-9e21-529de71b29ce,2026-09-01T00:45:00Z,2026-09-01T02:45:00+0200,24194.0,MW,ES,ES,forecast_load,Forecasted Load,2026-09-02T20:45:09Z
2026-09-02T20:44:49Z,2026-09-02T22:44:49+0200,8323e810-b195-41bb-9e21-529de71b29ce,2026-09-01T01:00:00Z,2026-09-01T03:00:00+0200,24114.0,MW,ES,ES,forecast_load,Forecasted Load,2026-09-02T20:45:09Z
2026-09-02T20:44:49Z,2026-09-02T22:44:49+0200,8323e810-b195-41bb-9e21-529de71b29ce,2026-09-01T01:15:00Z,2026-09-01T03:15:00+0200,24058.0,MW,ES,ES,forecast_load,Forecasted Load,2026-09-02T20:45:09Z
2026-09-02T20:44:49Z,2026-09-02T22:44:49+0200,8323e810-b195-41bb-9e21-529de71b29ce,2026-09-01T01:30:00Z,2026-09-01T03:30:00+0200,23995.0,MW,ES,ES,forecast_load,Forecasted Load,2026-09-02T20:45:09Z
2026-09-02T20:44:49Z,2026-09-02T22:44:49+0200,8323e810-b195-41bb-9e21-529de71b29ce,2026-09-01T01:45:00Z,2026-09-01T03:45:00+0200,23931.0,MW,ES,ES,forecast_load,Forecasted Load,2026-09-02T20:45:09Z
2026-09-02T20:44:49Z,2026-09-02T22:44:49+0200,8323e810-b195-41bb-9e21-529de71b29ce,2026-09-01T02:00:00Z,2026-09-01T04:00:00+0200,23829.0,MW,ES,ES,forecast_load,Forecasted Load,2026-09-02T20:45:09Z
2026-09-02T20:44:49Z,2026-09-02T22:44:49+0200,8323e810-b195-41bb-9e21-529de71b29ce,2026-09-01T02:15:00Z,2026-09-01T04:15:00+0200,23783.0,MW,ES,ES,forecast_load,Forecasted Load,2026-09-02T20:45:09Z
2026-09-02T20:44:49Z,2026-09-02T22:44:49+0200,8323e810-b195-41bb-9e21-529de71b29ce,2026-09-01T02:30:00Z,2026-09-01T04:30:00+0200,23762.0,MW,ES,ES,forecast_load,Forecasted Load,2026-09-02T20:45:09Z
2026-09-02T20:44:49Z,2026-09-02T22:44:49+0200,8323e810-b195-41bb-9e21-529de71b29ce,2026-09-01T02:45:00Z,2026-09-01T04:45:00+0200,23797.0,MW,ES,ES,forecast_load,Forecasted Load,2026-09-02T20:45:09Z
2026-09-02T20:44:49Z,2026-09-02T22:44:49+0200,8323e810-b195-41bb-9e21-529de71b29ce,2026-09-01T03:00:00Z,2026-09-01T05:00:00+0200,23671.0,MW,ES,ES,forecast_load,Forecasted Load,2026-09-02T20:45:09Z
2026-09-02T20:44:49Z,2026-09-02T22:44:49+0200,8323e810-b195-41bb-9e21-529de71b29ce,2026-09-01T03:15:00Z,2026-09-01T05:15:00+0200,23919.0,MW,ES,ES,forecast_load,Forecasted Load,2026-09-02T20:45:09Z
2026-09-02T20:44:49Z,2026-09-02T22:44:49+0200,8323e810-b195-41bb-9e21-529de71b29ce,2026-09-01T03:30:00Z,2026-09-01T05:30:00+0200,24313.0,MW,ES,ES,forecast_load,Forecasted Load,2026-09-02T20:45:09Z
2026-09-02T20:44:49Z,2026-09-02T22:44:49+0200,8323e810-b195-41bb-9e21-529de71b29ce,2026-09-01T03:45:00Z,2026-09-01T05:45:00+0200,24830.0,MW,ES,ES,forecast_load,Forecasted Load,2026-09-02T20:45:09Z
2026-09-02T20:44:49Z,2026-09-02T22:44:49+0200,8323e810-b195-41bb-9e21-529de71b29ce,2026-09-01T04:00:00Z,2026-09-01T06:00:00+0200,25388.0,MW,ES,ES,forecast_load,Forecasted Load,2026-09-02T20:45:09Z
2026-09-02T20:44:49Z,2026-09-02T22:44:49+0200,8323e810-b195-41bb-9e21-529de71b29ce,2026-09-01T04:15:00Z,2026-09-01T06:15:00+0200,26043.0,MW,ES,ES,forecast_load,Forecasted Load,2026-09-02T20:45:09Z
2026-09-02T20:44:49Z,2026-09-02T22:44:49+0200,8323e810-b195-41bb-9e21-529de71b29ce,2026-09-01T04:30:00Z,2026-09-01T06:30:00+0200,26714.0,MW,ES,ES,forecast_load,Forecasted Load,2026-09-02T20:45:09Z
2026-09-02T20:44:49Z,2026-09-02T22:44:49+0200,8323e810-b195-41bb-9e21-529de71b29ce,2026-09-01T04:45:00Z,2026-09-01T06:45:00+0200,27368.0,MW,ES,ES,forecast_load,Forecasted Load,2026-09-02T20:45:09Z
2026-09-02T20:44:49Z,2026-09-02T22:44:49+0200,8323e810-b195-41bb-9e21-529de71b29ce,2026-09-01T05:00:00Z,2026-09-01T07:00:00+0200,28172.0,MW,ES,ES,forecast_load,Forecasted Load,2026-09-02T20:45:09Z
2026-09-02T20:44:49Z,2026-09-02T22:44:49+0200,8323e810-b195-41bb-9e21-529de71b29ce,2026-09-01T05:15:00Z,2026-09-01T07:15:00+0200,28699.0,MW,ES,ES,forecast_load,Forecasted Load,2026-09-02T20:45:09Z
2026-09-02T20:44:49Z,2026-09-02T22:44:49+0200,8323e810-b195-41bb-9e21-529de71b29ce,2026-09-01T05:30:00Z,2026-09-01T07:30:00+0200,29121.0,MW,ES,ES,forecast_load,Forecasted Load,2026-09-02T20:45:09Z
2026-09-02T20:44:49Z,2026-09-02T22:44:49+0200,8323e810-b195-41bb-9e21-529de71b29ce,2026-09-01T05:45:00Z,2026-09-01T07:45:00+0200,29459.0,MW,ES,ES,forecast_load,Forecasted Load,2026-09-02T20:45:09Z
2026-09-02T20:44:49Z,2026-09-02T22:44:49+0200,8323e810-b195-41bb-9e21-529de71b29ce,2026-09-01T06:00:00Z,2026-09-01T08:00:00+0200,29786.0,MW,ES,ES,forecast_load,Forecasted Load,2026-09-02T20:45:09Z
2026-09-02T20:44:49Z,2026-09-02T22:44:49+0200,8323e810-b195-41bb-9e21-529de71b29ce,2026-09-01T06:15:00Z,2026-09-01T08:15:00+0200,30049.0,MW,ES,ES,forecast_load,Forecasted Load,2026-09-02T20:45:09Z
2026-09-02T20:44:49Z,2026-09-02T22:44:49+0200,8323e810-b195-41bb-9e21-529de71b29ce,2026-09-01T06:30:00Z,2026-09-01T08:30:00+0200,30311.0,MW,ES,ES,forecast_load,Forecasted Load,2026-09-02T20:45:09Z
2026-09-02T20:44:49Z,2026-09-02T22:44:49+0200,8323e810-b195-41bb-9e21-529de71b29ce,2026-09-01T06:45:00Z,2026-09-01T08:45:00+0200,30563.0,MW,ES,ES,forecast_load,Forecasted Load,2026-09-02T20:45:09Z
2026-09-02T20:44:49Z,2026-09-02T22:44:49+0200,8323e810-b195-41bb-9e21-529de71b29ce,2026-09-01T07:00:00Z,2026-09-01T09:00:00+0200,30885.0,MW,ES,ES,forecast_load,Forecasted Load,2026-09-02T20:45:09Z
2026-09-02T20:44:49Z,2026-09-02T22:44:49+0200,8323e810-b195-41bb-9e21-529de71b29ce,2026-09-01T07:15:00Z,2026-09-01T09:15:00+0200,31064.0,MW,ES,ES,forecast_load,Forecasted Load,2026-09-02T20:45:09Z
2026-09-02T20:44:49Z,2026-09-02T22:44:49+0200,8323e810-b195-41bb-9e21-529de71b29ce,2026-09-01T07:30:00Z,2026-09-01T09:30:00+0200,31185.0,MW,ES,ES,forecast_load,Forecasted Load,2026-09-02T20:45:09Z
2026-09-02T20:44:49Z,2026-09-02T22:44:49+0200,8323e810-b195-41bb-9e21-529de71b29ce,2026-09-01T07:45:00Z,2026-09-01T09:45:00+0200,31258.0,MW,ES,ES,forecast_load,Forecasted Load,2026-09-02T20:45:09Z
2026-09-02T20:44:49Z,2026-09-02T22:44:49+0200,8323e810-b195-41bb-9e21-529de71b29ce,2026-09-01T08:00:00Z,2026-09-01T10:00:00+0200,31317.0,MW,ES,ES,forecast_load,Forecasted Load,2026-09-02T20:45:09Z
2026-09-02T20:44:49Z,2026-09-02T22:44:49+0200,8323e810-b195-41bb-9e21-529de71b29ce,2026-09-01T08:15:00Z,2026-09-01T10:15:00+0200,31351.0,MW,ES,ES,forecast_load,Forecasted Load,2026-09-02T20:45:09Z
2026-09-02T20:44:49Z,2026-09-02T22:44:49+0200,8323e810-b195-41bb-9e21-529de71b29ce,2026-09-01T08:30:00Z,2026-09-01T10:30:00+0200,31389.0,MW,ES,ES,forecast_load,Forecasted Load,2026-09-02T20:45:09Z
2026-09-02T20:44:49Z,2026-09-02T22:44:49+0200,8323e810-b195-41bb-9e21-529de71b29ce,2026-09-01T08:45:00Z,2026-09-01T10:45:00+0200,31433.0,MW,ES,ES,forecast_load,Forecasted Load,2026-09-02T20:45:09Z
2026-09-02T20:44:49Z,2026-09-02T22:44:49+0200,8323e810-b195-41bb-9e21-529de71b29ce,2026-09-01T09:00:00Z,2026-09-01T11:00:00+0200,31470.0,MW,ES,ES,forecast_load,Forecasted Load,2026-09-02T20:45:09Z
2026-09-02T20:44:49Z,2026-09-02T22:44:49+0200,8323e810-b195-41bb-9e21-529de71b29ce,2026-09-01T09:15:00Z,2026-09-01T11:15:00+0200,31522.0,MW,ES,ES,forecast_load,Forecasted Load,2026-09-02T20:45:09Z
2026-09-02T20:44:49Z,2026-09-02T22:44:49+0200,8323e810-b195-41bb-9e21-529de71b29ce,2026-09-01T09:30:00Z,2026-09-01T11:30:00+0200,31578.0,MW,ES,ES,forecast_load,Forecasted Load,2026-09-02T20:45:09Z
2026-09-02T20:44:49Z,2026-09-02T22:44:49+0200,8323e810-b195-41bb-9e21-529de71b29ce,2026-09-01T09:45:00Z,2026-09-01T11:45:00+0200,31649.0,MW,ES,ES,forecast_load,Forecasted Load,2026-09-02T20:45:09Z
2026-09-02T20:44:49Z,2026-09-02T22:44:49+0200,8323e810-b195-41bb-9e21-529de71b29ce,2026-09-01T10:00:00Z,2026-09-01T12:00:00+0200,31676.0,MW,ES,ES,forecast_load,Forecasted Load,2026-09-02T20:45:09Z
2026-09-02T20:44:49Z,2026-09-02T22:44:49+0200,8323e810-b195-41bb-9e21-529de71b29ce,2026-09-01T10:15:00Z,2026-09-01T12:15:00+0200,31810.0,MW,ES,ES,forecast_load,Forecasted Load,2026-09-02T20:45:09Z
2026-09-02T20:44:49Z,2026-09-02T22:44:49+0200,8323e810-b195-41bb-9e21-529de71b29ce,2026-09-01T10:30:00Z,2026-09-01T12:30:00+0200,31987.0,MW,ES,ES,forecast_load,Forecasted Load,2026-09-02T20:45:09Z
2026-09-02T20:44:49Z,2026-09-02T22:44:49+0200,8323e810-b195-41bb-9e21-529de71b29ce,2026-09-01T10:45:00Z,2026-09-01T12:45:00+0200,32181.0,MW,ES,ES,forecast_load,Forecasted Load,2026-09-02T20:45:09Z
2026-09-02T20:44:49Z,2026-09-02T22:44:49+0200,8323e810-b195-41bb-9e21-529de71b29ce,2026-09-01T11:00:00Z,2026-09-01T13:00:00+0200,32474.0,MW,ES,ES,forecast_load,Forecasted Load,2026-09-02T20:45:09Z
2026-09-02T20:44:49Z,2026-09-02T22:44:49+0200,8323e810-b195-41bb-9e21-529de71b29ce,2026-09-01T11:15:00Z,2026-09-01T13:15:00+0200,32598.0,MW,ES,ES,forecast_load,Forecasted Load,2026-09-02T20:45:09Z
2026-09-02T20:44:49Z,2026-09-02T22:44:49+0200,8323e810-b195-41bb-9e21-529de71b29ce,2026-09-01T11:30:00Z,2026-09-01T13:30:00+0200,32645.0,MW,ES,ES,forecast_load,Forecasted Load,2026-09-02T20:45:09Z
2026-09-02T20:44:49Z,2026-09-02T22:44:49+0200,8323e810-b195-41bb-9e21-529de71b29ce,2026-09-01T11:45:00Z,2026-09-01T13:45:00+0200,32626.0,MW,ES,ES,forecast_load,Forecasted Load,2026-09-02T20:45:09Z
2026-09-02T20:44:49Z,2026-09-02T22:44:49+0200,8323e810-b195-41bb-9e21-529de71b29ce,2026-09-01T12:00:00Z,2026-09-01T14:00:00+0200,32602.0,MW,ES,ES,forecast_load,Forecasted Load,2026-09-02T20:45:09Z
2026-09-02T20:44:49Z,2026-09-02T22:44:49+0200,8323e810-b195-41bb-9e21-529de71b29ce,2026-09-01T12:15:00Z,2026-09-01T14:15:00+0200,32506.0,MW,ES,ES,forecast_load,Forecasted Load,2026-09-02T20:45:09Z
2026-09-02T20:44:49Z,2026-09-02T22:44:49+0200,8323e810-b195-41bb-9e21-529de71b29ce,2026-09-01T12:30:00Z,2026-09-01T14:30:00+0200,32399.0,MW,ES,ES,forecast_load,Forecasted Load,2026-09-02T20:45:09Z
2026-09-02T20:44:49Z,2026-09-02T22:44:49+0200,8323e810-b195-41bb-9e21-529de71b29ce,2026-09-01T12:45:00Z,2026-09-01T14:45:00+0200,32294.0,MW,ES,ES,forecast_load,Forecasted Load,2026-09-02T20:45:09Z
2026-09-02T20:44:49Z,2026-09-02T22:44:49+0200,8323e810-b195-41bb-9e21-529de71b29ce,2026-09-01T13:00:00Z,2026-09-01T15:00:00+0200,32146.0,MW,ES,ES,forecast_load,Forecasted Load,2026-09-02T20:45:09Z
2026-09-02T20:44:49Z,2026-09-02T22:44:49+0200,8323e810-b195-41bb-9e21-529de71b29ce,2026-09-01T13:15:00Z,2026-09-01T15:15:00+0200,32079.0,MW,ES,ES,forecast_load,Forecasted Load,2026-09-02T20:45:09Z
2026-09-02T20:44:49Z,2026-09-02T22:44:49+0200,8323e810-b195-41bb-9e21-529de71b29ce,2026-09-01T13:30:00Z,2026-09-01T15:30:00+0200,32047.0,MW,ES,ES,forecast_load,Forecasted Load,2026-09-02T20:45:09Z
2026-09-02T20:44:49Z,2026-09-02T22:44:49+0200,8323e810-b195-41bb-9e21-529de71b29ce,2026-09-01T13:45:00Z,2026-09-01T15:45:00+0200,32052.0,MW,ES,ES,forecast_load,Forecasted Load,2026-09-02T20:45:09Z
2026-09-02T20:44:49Z,2026-09-02T22:44:49+0200,8323e810-b195-41bb-9e21-529de71b29ce,2026-09-01T14:00:00Z,2026-09-01T16:00:00+0200,32022.0,MW,ES,ES,forecast_load,Forecasted Load,2026-09-02T20:45:09Z
2026-09-02T20:44:49Z,2026-09-02T22:44:49+0200,8323e810-b195-41bb-9e21-529de71b29ce,2026-09-01T14:15:00Z,2026-09-01T16:15:00+0200,32104.0,MW,ES,ES,forecast_load,Forecasted Load,2026-09-02T20:45:09Z
2026-09-02T20:44:49Z,2026-09-02T22:44:49+0200,8323e810-b195-41bb-9e21-529de71b29ce,2026-09-01T14:30:00Z,2026-09-01T16:30:00+0200,32225.0,MW,ES,ES,forecast_load,Forecasted Load,2026-09-02T20:45:09Z
2026-09-02T20:44:49Z,2026-09-02T22:44:49+0200,8323e810-b195-41bb-9e21-529de71b29ce,2026-09-01T14:45:00Z,2026-09-01T16:45:00+0200,32371.0,MW,ES,ES,forecast_load,Forecasted Load,2026-09-02T20:45:09Z
2026-09-02T20:44:49Z,2026-09-02T22:44:49+0200,8323e810-b195-41bb-9e21-529de71b29ce,2026-09-01T15:00:00Z,2026-09-01T17:00:00+0200,32544.0,MW,ES,ES,forecast_load,Forecasted Load,2026-09-02T20:45:09Z
2026-09-02T20:44:49Z,2026-09-02T22:44:49+0200,8323e810-b195-41bb-9e21-529de71b29ce,2026-09-01T15:15:00Z,2026-09-01T17:15:00+0200,32695.0,MW,ES,ES,forecast_load,Forecasted Load,2026-09-02T20:45:09Z
2026-09-02T20:44:49Z,2026-09-02T22:44:49+0200,8323e810-b195-41bb-9e21-529de71b29ce,2026-09-01T15:30:00Z,2026-09-01T17:30:00+0200,32829.0,MW,ES,ES,forecast_load,Forecasted Load,2026-09-02T20:45:09Z
2026-09-02T20:44:49Z,2026-09-02T22:44:49+0200,8323e810-b195-41bb-9e21-529de71b29ce,2026-09-01T15:45:00Z,2026-09-01T17:45:00+0200,32950.0,MW,ES,ES,forecast_load,Forecasted Load,2026-09-02T20:45:09Z
2026-09-02T20:44:49Z,2026-09-02T22:44:49+0200,8323e810-b195-41bb-9e21-529de71b29ce,2026-09-01T16:00:00Z,2026-09-01T18:00:00+0200,33058.0,MW,ES,ES,forecast_load,Forecasted Load,2026-09-02T20:45:09Z
2026-09-02T20:44:49Z,2026-09-02T22:44:49+0200,8323e810-b195-41bb-9e21-529de71b29ce,2026-09-01T16:15:00Z,2026-09-01T18:15:00+0200,33180.0,MW,ES,ES,forecast_load,Forecasted Load,2026-09-02T20:45:09Z
2026-09-02T20:44:49Z,2026-09-02T22:44:49+0200,8323e810-b195-41bb-9e21-529de71b29ce,2026-09-01T16:30:00Z,2026-09-01T18:30:00+0200,33312.0,MW,ES,ES,forecast_load,Forecasted Load,2026-09-02T20:45:09Z
2026-09-02T20:44:49Z,2026-09-02T22:44:49+0200,8323e810-b195-41bb-9e21-529de71b29ce,2026-09-01T16:45:00Z,2026-09-01T18:45:00+0200,33448.0,MW,ES,ES,forecast_load,Forecasted Load,2026-09-02T20:45:09Z
2026-09-02T20:44:49Z,2026-09-02T22:44:49+0200,8323e810-b195-41bb-9e21-529de71b29ce,2026-09-01T17:00:00Z,2026-09-01T19:00:00+0200,33602.0,MW,ES,ES,forecast_load,Forecasted Load,2026-09-02T20:45:09Z
2026-09-02T20:44:49Z,2026-09-02T22:44:49+0200,8323e810-b195-41bb-9e21-529de71b29ce,2026-09-01T17:15:00Z,2026-09-01T19:15:00+0200,33726.0,MW,ES,ES,forecast_load,Forecasted Load,2026-09-02T20:45:09Z
2026-09-02T20:44:49Z,2026-09-02T22:44:49+0200,8323e810-b195-41bb-9e21-529de71b29ce,2026-09-01T17:30:00Z,2026-09-01T19:30:00+0200,33835.0,MW,ES,ES,forecast_load,Forecasted Load,2026-09-02T20:45:09Z
2026-09-02T20:44:49Z,2026-09-02T22:44:49+0200,8323e810-b195-41bb-9e21-529de71b29ce,2026-09-01T17:45:00Z,2026-09-01T19:45:00+0200,33943.0,MW,ES,ES,forecast_load,Forecasted Load,2026-09-02T20:45:09Z
2026-09-02T20:44:49Z,2026-09-02T22:44:49+0200,8323e810-b195-41bb-9e21-529de71b29ce,2026-09-01T18:00:00Z,2026-09-01T20:00:00+0200,34030.0,MW,ES,ES,forecast_load,Forecasted Load,2026-09-02T20:45:09Z
2026-09-02T20:44:49Z,2026-09-02T22:44:49+0200,8323e810-b195-41bb-9e21-529de71b29ce,2026-09-01T18:15:00Z,2026-09-01T20:15:00+0200,34181.0,MW,ES,ES,forecast_load,Forecasted Load,2026-09-02T20:45:09Z
2026-09-02T20:44:49Z,2026-09-02T22:44:49+0200,8323e810-b195-41bb-9e21-529de71b29ce,2026-09-01T18:30:00Z,2026-09-01T20:30:00+0200,34360.0,MW,ES,ES,forecast_load,Forecasted Load,2026-09-02T20:45:09Z
2026-09-02T20:44:49Z,2026-09-02T22:44:49+0200,8323e810-b195-41bb-9e21-529de71b29ce,2026-09-01T18:45:00Z,2026-09-01T20:45:00+0200,34499.0,MW,ES,ES,forecast_load,Forecasted Load,2026-09-02T20:45:09Z
2026-09-02T20:44:49Z,2026-09-02T22:44:49+0200,8323e810-b195-41bb-9e21-529de71b29ce,2026-09-01T19:00:00Z,2026-09-01T21:00:00+0200,34958.0,MW,ES,ES,forecast_load,Forecasted Load,2026-09-02T20:45:09Z
2026-09-02T20:44:49Z,2026-09-02T22:44:49+0200,8323e810-b195-41bb-9e21-529de71b29ce,2026-09-01T19:15:00Z,2026-09-01T21:15:00+0200,34756.0,MW,ES,ES,forecast_load,Forecasted Load,2026-09-02T20:45:09Z
2026-09-02T20:44:49Z,2026-09-02T22:44:49+0200,8323e810-b195-41bb-9e21-529de71b29ce,2026-09-01T19:30:00Z,2026-09-01T21:30:00+0200,34282.0,MW,ES,ES,forecast_load,Forecasted Load,2026-09-02T20:45:09Z
2026-09-02T20:44:49Z,2026-09-02T22:44:49+0200,8323e810-b195-41bb-9e21-529de71b29ce,2026-09-01T19:45:00Z,2026-09-01T21:45:00+0200,33601.0,MW,ES,ES,forecast_load,Forecasted Load,2026-09-02T20:45:09Z
2026-09-02T20:44:49Z,2026-09-02T22:44:49+0200,8323e810-b195-41bb-9e21-529de71b29ce,2026-09-01T20:00:00Z,2026-09-01T22:00:00+0200,32819.0,MW,ES,ES,forecast_load,Forecasted Load,2026-09-02T20:45:09Z
2026-09-02T20:44:49Z,2026-09-02T22:44:49+0200,8323e810-b195-41bb-9e21-529de71b29ce,2026-09-01T20:15:00Z,2026-09-01T22:15:00+0200,32006.0,MW,ES,ES,forecast_load,Forecasted Load,2026-09-02T20:45:09Z
2026-09-02T20:44:49Z,2026-09-02T22:44:49+0200,8323e810-b195-41bb-9e21-529de71b29ce,2026-09-01T20:30:00Z,2026-09-01T22:30:00+0200,31254.0,MW,ES,ES,forecast_load,Forecasted Load,2026-09-02T20:45:09Z
2026-09-02T20:44:49Z,2026-09-02T22:44:49+0200,8323e810-b195-41bb-9e21-529de71b29ce,2026-09-01T20:45:00Z,2026-09-01T22:45:00+0200,30582.0,MW,ES,ES,forecast_load,Forecasted Load,2026-09-02T20:45:09Z
2026-09-02T20:44:49Z,2026-09-02T22:44:49+0200,8323e810-b195-41bb-9e21-529de71b29ce,2026-09-01T21:00:00Z,2026-09-01T23:00:00+0200,29845.0,MW,ES,ES,forecast_load,Forecasted Load,2026-09-02T20:45:09Z
2026-09-02T20:44:49Z,2026-09-02T22:44:49+0200,8323e810-b195-41bb-9e21-529de71b29ce,2026-09-01T21:15:00Z,2026-09-01T23:15:00+0200,29353.0,MW,ES,ES,forecast_load,Forecasted Load,2026-09-02T20:45:09Z
2026-09-02T20:44:49Z,2026-09-02T22:44:49+0200,8323e810-b195-41bb-9e21-529de71b29ce,2026-09-01T21:30:00Z,2026-09-01T23:30:00+0200,28949.0,MW,ES,ES,forecast_load,Forecasted Load,2026-09-02T20:45:09Z
2026-09-02T20:44:49Z,2026-09-02T22:44:49+0200,8323e810-b195-41bb-9e21-529de71b29ce,2026-09-01T21:45:00Z,2026-09-01T23:45:00+0200,28606.0,MW,ES,ES,forecast_load,Forecasted Load,2026-09-02T20:45:09Z
2026-09-02T20:44:49Z,2026-09-02T22:44:49+0200,8323e810-b195-41bb-9e21-529de71b29ce,2026-09-01T22:00:00Z,2026-09-02T00:00:00+0200,28777.0,MW,ES,ES,forecast_load,Forecasted Load,2026-09-02T20:45:09Z
2026-09-02T20:44:49Z,2026-09-02T22:44:49+0200,8323e810-b195-41bb-9e21-529de71b29ce,2026-09-01T22:15:00Z,2026-09-02T00:15:00+0200,28418.0,MW,ES,ES,forecast_load,Forecasted Load,2026-09-02T20:45:09Z
2026-09-02T20:44:49Z,2026-09-02T22:44:49+0200,8323e810-b195-41bb-9e21-529de71b29ce,2026-09-01T22:30:00Z,2026-09-02T00:30:00+0200,28042.0,MW,ES,ES,forecast_load,Forecasted Load,2026-09-02T20:45:09Z
2026-09-02T20:44:49Z,2026-09-02T22:44:49+0200,8323e810-b195-41bb-9e21-529de71b29ce,2026-09-01T22:45:00Z,2026-09-02T00:45:00+0200,27656.0,MW,ES,ES,forecast_load,Forecasted Load,2026-09-02T20:45:09Z
2026-09-02T20:44:49Z,2026-09-02T22:44:49+0200,8323e810-b195-41bb-9e21-529de71b29ce,2026-09-01T23:00:00Z,2026-09-02T01:00:00+0200,27237.0,MW,ES,ES,forecast_load,Forecasted Load,2026-09-02T20:45:09Z
2026-09-02T20:44:49Z,2026-09-02T22:44:49+0200,8323e810-b195-41bb-9e21-529de71b29ce,2026-09-01T23:15:00Z,2026-09-02T01:15:00+0200,26878.0,MW,ES,ES,forecast_load,Forecasted Load,2026-09-02T20:45:09Z
2026-09-02T20:44:49Z,2026-09-02T22:44:49+0200,8323e810-b195-41bb-9e21-529de71b29ce,2026-09-01T23:30:00Z,2026-09-02T01:30:00+0200,26551.0,MW,ES,ES,forecast_load,Forecasted Load,2026-09-02T20:45:09Z
2026-09-02T20:44:49Z,2026-09-02T22:44:49+0200,8323e810-b195-41bb-9e21-529de71b29ce,2026-09-01T23:45:00Z,2026-09-02T01:45:00+0200,26261.0,MW,ES,ES,forecast_load,Forecasted Load,2026-09-02T20:45:09Z
2026-09-02T20:44:49Z,2026-09-02T22:44:49+0200,8323e810-b195-41bb-9e21-529de71b29ce,2026-09-02T00:00:00Z,2026-09-02T02:00:00+0200,25938.0,MW,ES,ES,forecast_load,Forecasted Load,2026-09-02T20:45:09Z
2026-09-02T20:44:49Z,2026-09-02T22:44:49+0200,8323e810-b195-41bb-9e21-529de71b29ce,2026-09-02T00:15:00Z,2026-09-02T02:15:00+0200,25722.0,MW,ES,ES,forecast_load,Forecasted Load,2026-09-02T20:45:09Z
2026-09-02T20:44:49Z,2026-09-02T22:44:49+0200,8323e810-b195-41bb-9e21-529de71b29ce,2026-09-02T00:30:00Z,2026-09-02T02:30:00+0200,25543.0,MW,ES,ES,forecast_load,Forecasted Load,2026-09-02T20:45:09Z
2026-09-02T20:44:49Z,2026-09-02T22:44:49+0200,8323e810-b195-41bb-9e21-529de71b29ce,2026-09-02T00:45:00Z,2026-09-02T02:45:00+0200,25397.0,MW,ES,ES,forecast_load,Forecasted Load,2026-09-02T20:45:09Z
2026-09-02T20:44:49Z,2026-09-02T22:44:49+0200,8323e810-b195-41bb-9e21-529de71b29ce,2026-09-02T01:00:00Z,2026-09-02T03:00:00+0200,25241.0,MW,ES,ES,forecast_load,Forecasted Load,2026-09-02T20:45:09Z
2026-09-02T20:44:49Z,2026-09-02T22:44:49+0200,8323e810-b195-41bb-9e21-529de71b29ce,2026-09-02T01:15:00Z,2026-09-02T03:15:00+0200,25140.0,MW,ES,ES,forecast_load,Forecasted Load,2026-09-02T20:45:09Z
2026-09-02T20:44:49Z,2026-09-02T22:44:49+0200,8323e810-b195-41bb-9e21-529de71b29ce,2026-09-02T01:30:00Z,2026-09-02T03:30:00+0200,25055.0,MW,ES,ES,forecast_load,Forecasted Load,2026-09-02T20:45:09Z
2026-09-02T20:44:49Z,2026-09-02T22:44:49+0200,8323e810-b195-41bb-9e21-529de71b29ce,2026-09-02T01:45:00Z,2026-09-02T03:45:00+0200,24985.0,MW,ES,ES,forecast_load,Forecasted Load,2026-09-02T20:45:09Z
2026-09-02T20:44:49Z,2026-09-02T22:44:49+0200,8323e810-b195-41bb-9e21-529de71b29ce,2026-09-02T02:00:00Z,2026-09-02T04:00:00+0200,24884.0,MW,ES,ES,forecast_load,Forecasted Load,2026-09-02T20:45:09Z
2026-09-02T20:44:49Z,2026-09-02T22:44:49+0200,8323e810-b195-41bb-9e21-529de71b29ce,2026-09-02T02:15:00Z,2026-09-02T04:15:00+0200,24846.0,MW,ES,ES,forecast_load,Forecasted Load,2026-09-02T20:45:09Z
2026-09-02T20:44:49Z,2026-09-02T22:44:49+0200,8323e810-b195-41bb-9e21-529de71b29ce,2026-09-02T02:30:00Z,2026-09-02T04:30:00+0200,24832.0,MW,ES,ES,forecast_load,Forecasted Load,2026-09-02T20:45:09Z
2026-09-02T20:44:49Z,2026-09-02T22:44:49+0200,8323e810-b195-41bb-9e21-529de71b29ce,2026-09-02T02:45:00Z,2026-09-02T04:45:00+0200,24870.0,MW,ES,ES,forecast_load,Forecasted Load,2026-09-02T20:45:09Z
2026-09-02T20:44:49Z,2026-09-02T22:44:49+0200,8323e810-b195-41bb-9e21-529de71b29ce,2026-09-02T03:00:00Z,2026-09-02T05:00:00+0200,24748.0,MW,ES,ES,forecast_load,Forecasted Load,2026-09-02T20:45:09Z
2026-09-02T20:44:49Z,2026-09-02T22:44:49+0200,8323e810-b195-41bb-9e21-529de71b29ce,2026-09-02T03:15:00Z,2026-09-02T05:15:00+0200,24995.0,MW,ES,ES,forecast_load,Forecasted Load,2026-09-02T20:45:09Z
2026-09-02T20:44:49Z,2026-09-02T22:44:49+0200,8323e810-b195-41bb-9e21-529de71b29ce,2026-09-02T03:30:00Z,2026-09-02T05:30:00+0200,25387.0,MW,ES,ES,forecast_load,Forecasted Load,2026-09-02T20:45:09Z
2026-09-02T20:44:49Z,2026-09-02T22:44:49+0200,8323e810-b195-41bb-9e21-529de71b29ce,2026-09-02T03:45:00Z,2026-09-02T05:45:00+0200,25902.0,MW,ES,ES,forecast_load,Forecasted Load,2026-09-02T20:45:09Z
2026-09-02T20:44:49Z,2026-09-02T22:44:49+0200,8323e810-b195-41bb-9e21-529de71b29ce,2026-09-02T04:00:00Z,2026-09-02T06:00:00+0200,26452.0,MW,ES,ES,forecast_load,Forecasted Load,2026-09-02T20:45:09Z
2026-09-02T20:44:49Z,2026-09-02T22:44:49+0200,8323e810-b195-41bb-9e21-529de71b29ce,2026-09-02T04:15:00Z,2026-09-02T06:15:00+0200,27112.0,MW,ES,ES,forecast_load,Forecasted Load,2026-09-02T20:45:09Z
2026-09-02T20:44:49Z,2026-09-02T22:44:49+0200,8323e810-b195-41bb-9e21-529de71b29ce,2026-09-02T04:30:00Z,2026-09-02T06:30:00+0200,27794.0,MW,ES,ES,forecast_load,Forecasted Load,2026-09-02T20:45:09Z
2026-09-02T20:44:49Z,2026-09-02T22:44:49+0200,8323e810-b195-41bb-9e21-529de71b29ce,2026-09-02T04:45:00Z,2026-09-02T06:45:00+0200,28460.0,MW,ES,ES,forecast_load,Forecasted Load,2026-09-02T20:45:09Z
2026-09-02T20:44:49Z,2026-09-02T22:44:49+0200,8323e810-b195-41bb-9e21-529de71b29ce,2026-09-02T05:00:00Z,2026-09-02T07:00:00+0200,29295.0,MW,ES,ES,forecast_load,Forecasted Load,2026-09-02T20:45:09Z
2026-09-02T20:44:49Z,2026-09-02T22:44:49+0200,8323e810-b195-41bb-9e21-529de71b29ce,2026-09-02T05:15:00Z,2026-09-02T07:15:00+0200,29817.0,MW,ES,ES,forecast_load,Forecasted Load,2026-09-02T20:45:09Z
2026-09-02T20:44:49Z,2026-09-02T22:44:49+0200,8323e810-b195-41bb-9e21-529de71b29ce,2026-09-02T05:30:00Z,2026-09-02T07:30:00+0200,30218.0,MW,ES,ES,forecast_load,Forecasted Load,2026-09-02T20:45:09Z
2026-09-02T20:44:49Z,2026-09-02T22:44:49+0200,8323e810-b195-41bb-9e21-529de71b29ce,2026-09-02T05:45:00Z,2026-09-02T07:45:00+0200,30523.0,MW,ES,ES,forecast_load,Forecasted Load,2026-09-02T20:45:09Z
2026-09-02T20:44:49Z,2026-09-02T22:44:49+0200,8323e810-b195-41bb-9e21-529de71b29ce,2026-09-02T06:00:00Z,2026-09-02T08:00:00+0200,30802.0,MW,ES,ES,forecast_load,Forecasted Load,2026-09-02T20:45:09Z
2026-09-02T20:44:49Z,2026-09-02T22:44:49+0200,8323e810-b195-41bb-9e21-529de71b29ce,2026-09-02T06:15:00Z,2026-09-02T08:15:00+0200,31027.0,MW,ES,ES,forecast_load,Forecasted Load,2026-09-02T20:45:09Z
2026-09-02T20:44:49Z,2026-09-02T22:44:49+0200,8323e810-b195-41bb-9e21-529de71b29ce,2026-09-02T06:30:00Z,2026-09-02T08:30:00+0200,31259.0,MW,ES,ES,forecast_load,Forecasted Load,2026-09-02T20:45:09Z
2026-09-02T20:44:49Z,2026-09-02T22:44:49+0200,8323e810-b195-41bb-9e21-529de71b29ce,2026-09-02T06:45:00Z,2026-09-02T08:45:00+0200,31494.0,MW,ES,ES,forecast_load,Forecasted Load,2026-09-02T20:45:09Z
2026-09-02T20:44:49Z,2026-09-02T22:44:49+0200,8323e810-b195-41bb-9e21-529de71b29ce,2026-09-02T07:00:00Z,2026-09-02T09:00:00+0200,31776.0,MW,ES,ES,forecast_load,Forecasted Load,2026-09-02T20:45:09Z
2026-09-02T20:44:49Z,2026-09-02T22:44:49+0200,8323e810-b195-41bb-9e21-529de71b29ce,2026-09-02T07:15:00Z,2026-09-02T09:15:00+0200,31974.0,MW,ES,ES,forecast_load,Forecasted Load,2026-09-02T20:45:09Z
2026-09-02T20:44:49Z,2026-09-02T22:44:49+0200,8323e810-b195-41bb-9e21-529de71b29ce,2026-09-02T07:30:00Z,2026-09-02T09:30:00+0200,32135.0,MW,ES,ES,forecast_load,Forecasted Load,2026-09-02T20:45:09Z
2026-09-02T20:44:49Z,2026-09-02T22:44:49+0200,8323e810-b195-41bb-9e21-529de71b29ce,2026-09-02T07:45:00Z,2026-09-02T09:45:00+0200,32261.0,MW,ES,ES,forecast_load,Forecasted Load,2026-09-02T20:45:09Z
2026-09-02T20:44:49Z,2026-09-02T22:44:49+0200,8323e810-b195-41bb-9e21-529de71b29ce,2026-09-02T08:00:00Z,2026-09-02T10:00:00+0200,32407.0,MW,ES,ES,forecast_load,Forecasted Load,2026-09-02T20:45:09Z
2026-09-02T20:44:49Z,2026-09-02T22:44:49+0200,8323e810-b195-41bb-9e21-529de71b29ce,2026-09-02T08:15:00Z,2026-09-02T10:15:00+0200,32473.0,MW,ES,ES,forecast_load,Forecasted Load,2026-09-02T20:45:09Z
2026-09-02T20:44:49Z,2026-09-02T22:44:49+0200,8323e810-b195-41bb-9e21-529de71b29ce,2026-09-02T08:30:00Z,2026-09-02T10:30:00+0200,32515.0,MW,ES,ES,forecast_load,Forecasted Load,2026-09-02T20:45:09Z
2026-09-02T20:44:49Z,2026-09-02T22:44:49+0200,8323e810-b195-41bb-9e21-529de71b29ce,2026-09-02T08:45:00Z,2026-09-02T10:45:00+0200,32544.0,MW,ES,ES,forecast_load,Forecasted Load,2026-09-02T20:45:09Z
2026-09-02T20:44:49Z,2026-09-02T22:44:49+0200,8323e810-b195-41bb-9e21-529de71b29ce,2026-09-02T09:00:00Z,2026-09-02T11:00:00+0200,32544.0,MW,ES,ES,forecast_load,Forecasted Load,2026-09-02T20:45:09Z
2026-09-02T20:44:49Z,2026-09-02T22:44:49+0200,8323e810-b195-41bb-9e21-529de71b29ce,2026-09-02T09:15:00Z,2026-09-02T11:15:00+0200,32581.0,MW,ES,ES,forecast_load,Forecasted Load,2026-09-02T20:45:09Z
2026-09-02T20:44:49Z,2026-09-02T22:44:49+0200,8323e810-b195-41bb-9e21-529de71b29ce,2026-09-02T09:30:00Z,2026-09-02T11:30:00+0200,32639.0,MW,ES,ES,forecast_load,Forecasted Load,2026-09-02T20:45:09Z
2026-09-02T20:44:49Z,2026-09-02T22:44:49+0200,8323e810-b195-41bb-9e21-529de71b29ce,2026-09-02T09:45:00Z,2026-09-02T11:45:00+0200,32723.0,MW,ES,ES,forecast_load,Forecasted Load,2026-09-02T20:45:09Z
2026-09-02T20:44:49Z,2026-09-02T22:44:49+0200,8323e810-b195-41bb-9e21-529de71b29ce,2026-09-02T10:00:00Z,2026-09-02T12:00:00+0200,32776.0,MW,ES,ES,forecast_load,Forecasted Load,2026-09-02T20:45:09Z
2026-09-02T20:44:49Z,2026-09-02T22:44:49+0200,8323e810-b195-41bb-9e21-529de71b29ce,2026-09-02T10:15:00Z,2026-09-02T12:15:00+0200,32925.0,MW,ES,ES,forecast_load,Forecasted Load,2026-09-02T20:45:09Z
2026-09-02T20:44:49Z,2026-09-02T22:44:49+0200,8323e810-b195-41bb-9e21-529de71b29ce,2026-09-02T10:30:00Z,2026-09-02T12:30:00+0200,33108.0,MW,ES,ES,forecast_load,Forecasted Load,2026-09-02T20:45:09Z
2026-09-02T20:44:49Z,2026-09-02T22:44:49+0200,8323e810-b195-41bb-9e21-529de71b29ce,2026-09-02T10:45:00Z,2026-09-02T12:45:00+0200,33301.0,MW,ES,ES,forecast_load,Forecasted Load,2026-09-02T20:45:09Z
2026-09-02T20:44:49Z,2026-09-02T22:44:49+0200,8323e810-b195-41bb-9e21-529de71b29ce,2026-09-02T11:00:00Z,2026-09-02T13:00:00+0200,33584.0,MW,ES,ES,forecast_load,Forecasted Load,2026-09-02T20:45:09Z
2026-09-02T20:44:49Z,2026-09-02T22:44:49+0200,8323e810-b195-41bb-9e21-529de71b29ce,2026-09-02T11:15:00Z,2026-09-02T13:15:00+0200,33713.0,MW,ES,ES,forecast_load,Forecasted Load,2026-09-02T20:45:09Z
2026-09-02T20:44:49Z,2026-09-02T22:44:49+0200,8323e810-b195-41bb-9e21-529de71b29ce,2026-09-02T11:30:00Z,2026-09-02T13:30:00+0200,33773.0,MW,ES,ES,forecast_load,Forecasted Load,2026-09-02T20:45:09Z
2026-09-02T20:44:49Z,2026-09-02T22:44:49+0200,8323e810-b195-41bb-9e21-529de71b29ce,2026-09-02T11:45:00Z,2026-09-02T13:45:00+0200,33771.0,MW,ES,ES,forecast_load,Forecasted Load,2026-09-02T20:45:09Z
2026-09-02T20:44:49Z,2026-09-02T22:44:49+0200,8323e810-b195-41bb-9e21-529de71b29ce,2026-09-02T12:00:00Z,2026-09-02T14:00:00+0200,33776.0,MW,ES,ES,forecast_load,Forecasted Load,2026-09-02T20:45:09Z
2026-09-02T20:44:49Z,2026-09-02T22:44:49+0200,8323e810-b195-41bb-9e21-529de71b29ce,2026-09-02T12:15:00Z,2026-09-02T14:15:00+0200,33692.0,MW,ES,ES,forecast_load,Forecasted Load,2026-09-02T20:45:09Z
2026-09-02T20:44:49Z,2026-09-02T22:44:49+0200,8323e810-b195-41bb-9e21-529de71b29ce,2026-09-02T12:30:00Z,2026-09-02T14:30:00+0200,33588.0,MW,ES,ES,forecast_load,Forecasted Load,2026-09-02T20:45:09Z
2026-09-02T20:44:49Z,2026-09-02T22:44:49+0200,8323e810-b195-41bb-9e21-529de71b29ce,2026-09-02T12:45:00Z,2026-09-02T14:45:00+0200,33481.0,MW,ES,ES,forecast_load,Forecasted Load,2026-09-02T20:45:09Z
2026-09-02T20:44:49Z,2026-09-02T22:44:49+0200,8323e810-b195-41bb-9e21-529de71b29ce,2026-09-02T13:00:00Z,2026-09-02T15:00:00+0200,33314.0,MW,ES,ES,forecast_load,Forecasted Load,2026-09-02T20:45:09Z
2026-09-02T20:44:49Z,2026-09-02T22:44:49+0200,8323e810-b195-41bb-9e21-529de71b29ce,2026-09-02T13:15:00Z,2026-09-02T15:15:00+0200,33256.0,MW,ES,ES,forecast_load,Forecasted Load,2026-09-02T20:45:09Z
2026-09-02T20:44:49Z,2026-09-02T22:44:49+0200,8323e810-b195-41bb-9e21-529de71b29ce,2026-09-02T13:30:00Z,2026-09-02T15:30:00+0200,33245.0,MW,ES,ES,forecast_load,Forecasted Load,2026-09-02T20:45:09Z
2026-09-02T20:44:49Z,2026-09-02T22:44:49+0200,8323e810-b195-41bb-9e21-529de71b29ce,2026-09-02T13:45:00Z,2026-09-02T15:45:00+0200,33283.0,MW,ES,ES,forecast_load,Forecasted Load,2026-09-02T20:45:09Z
2026-09-02T20:44:49Z,2026-09-02T22:44:49+0200,8323e810-b195-41bb-9e21-529de71b29ce,2026-09-02T14:00:00Z,2026-09-02T16:00:00+0200,33284.0,MW,ES,ES,forecast_load,Forecasted Load,2026-09-02T20:45:09Z
2026-09-02T20:44:49Z,2026-09-02T22:44:49+0200,8323e810-b195-41bb-9e21-529de71b29ce,2026-09-02T14:15:00Z,2026-09-02T16:15:00+0200,33415.0,MW,ES,ES,forecast_load,Forecasted Load,2026-09-02T20:45:09Z
2026-09-02T20:44:49Z,2026-09-02T22:44:49+0200,8323e810-b195-41bb-9e21-529de71b29ce,2026-09-02T14:30:00Z,2026-09-02T16:30:00+0200,33586.0,MW,ES,ES,forecast_load,Forecasted Load,2026-09-02T20:45:09Z
2026-09-02T20:44:49Z,2026-09-02T22:44:49+0200,8323e810-b195-41bb-9e21-529de71b29ce,2026-09-02T14:45:00Z,2026-09-02T16:45:00+0200,33784.0,MW,ES,ES,forecast_load,Forecasted Load,2026-09-02T20:45:09Z
2026-09-02T20:44:49Z,2026-09-02T22:44:49+0200,8323e810-b195-41bb-9e21-529de71b29ce,2026-09-02T15:00:00Z,2026-09-02T17:00:00+0200,34020.0,MW,ES,ES,forecast_load,Forecasted Load,2026-09-02T20:45:09Z
2026-09-02T20:44:49Z,2026-09-02T22:44:49+0200,8323e810-b195-41bb-9e21-529de71b29ce,2026-09-02T15:15:00Z,2026-09-02T17:15:00+0200,34217.0,MW,ES,ES,forecast_load,Forecasted Load,2026-09-02T20:45:09Z
2026-09-02T20:44:49Z,2026-09-02T22:44:49+0200,8323e810-b195-41bb-9e21-529de71b29ce,2026-09-02T15:30:00Z,2026-09-02T17:30:00+0200,34391.0,MW,ES,ES,forecast_load,Forecasted Load,2026-09-02T20:45:09Z
2026-09-02T20:44:49Z,2026-09-02T22:44:49+0200,8323e810-b195-41bb-9e21-529de71b29ce,2026-09-02T15:45:00Z,2026-09-02T17:45:00+0200,34543.0,MW,ES,ES,forecast_load,Forecasted Load,2026-09-02T20:45:09Z
2026-09-02T20:44:49Z,2026-09-02T22:44:49+0200,8323e810-b195-41bb-9e21-529de71b29ce,2026-09-02T16:00:00Z,2026-09-02T18:00:00+0200,34699.0,MW,ES,ES,forecast_load,Forecasted Load,2026-09-02T20:45:09Z
2026-09-02T20:44:49Z,2026-09-02T22:44:49+0200,8323e810-b195-41bb-9e21-529de71b29ce,2026-09-02T16:15:00Z,2026-09-02T18:15:00+0200,34826.0,MW,ES,ES,forecast_load,Forecasted Load,2026-09-02T20:45:09Z
2026-09-02T20:44:49Z,2026-09-02T22:44:49+0200,8323e810-b195-41bb-9e21-529de71b29ce,2026-09-02T16:30:00Z,2026-09-02T18:30:00+0200,34947.0,MW,ES,ES,forecast_load,Forecasted Load,2026-09-02T20:45:09Z
2026-09-02T20:44:49Z,2026-09-02T22:44:49+0200,8323e810-b195-41bb-9e21-529de71b29ce,2026-09-02T16:45:00Z,2026-09-02T18:45:00+0200,35058.0,MW,ES,ES,forecast_load,Forecasted Load,2026-09-02T20:45:09Z
2026-09-02T20:44:49Z,2026-09-02T22:44:49+0200,8323e810-b195-41bb-9e21-529de71b29ce,2026-09-02T17:00:00Z,2026-09-02T19:00:00+0200,35189.0,MW,ES,ES,forecast_load,Forecasted Load,2026-09-02T20:45:09Z
2026-09-02T20:44:49Z,2026-09-02T22:44:49+0200,8323e810-b195-41bb-9e21-529de71b29ce,2026-09-02T17:15:00Z,2026-09-02T19:15:00+0200,35269.0,MW,ES,ES,forecast_load,Forecasted Load,2026-09-02T20:45:09Z
2026-09-02T20:44:49Z,2026-09-02T22:44:49+0200,8323e810-b195-41bb-9e21-529de71b29ce,2026-09-02T17:30:00Z,2026-09-02T19:30:00+0200,35331.0,MW,ES,ES,forecast_load,Forecasted Load,2026-09-02T20:45:09Z
2026-09-02T20:44:49Z,2026-09-02T22:44:49+0200,8323e810-b195-41bb-9e21-529de71b29ce,2026-09-02T17:45:00Z,2026-09-02T19:45:00+0200,35387.0,MW,ES,ES,forecast_load,Forecasted Load,2026-09-02T20:45:09Z
2026-09-02T20:44:49Z,2026-09-02T22:44:49+0200,8323e810-b195-41bb-9e21-529de71b29ce,2026-09-02T18:00:00Z,2026-09-02T20:00:00+0200,35415.0,MW,ES,ES,forecast_load,Forecasted Load,2026-09-02T20:45:09Z
2026-09-02T20:44:49Z,2026-09-02T22:44:49+0200,8323e810-b195-41bb-9e21-529de71b29ce,2026-09-02T18:15:00Z,2026-09-02T20:15:00+0200,35513.0,MW,ES,ES,forecast_load,Forecasted Load,2026-09-02T20:45:09Z
2026-09-02T20:44:49Z,2026-09-02T22:44:49+0200,8323e810-b195-41bb-9e21-529de71b29ce,2026-09-02T18:30:00Z,2026-09-02T20:30:00+0200,35644.0,MW,ES,ES,forecast_load,Forecasted Load,2026-09-02T20:45:09Z
2026-09-02T20:44:49Z,2026-09-02T22:44:49+0200,8323e810-b195-41bb-9e21-529de71b29ce,2026-09-02T18:45:00Z,2026-09-02T20:45:00+0200,35746.0,MW,ES,ES,forecast_load,Forecasted Load,2026-09-02T20:45:09Z
2026-09-02T20:44:49Z,2026-09-02T22:44:49+0200,8323e810-b195-41bb-9e21-529de71b29ce,2026-09-02T19:00:00Z,2026-09-02T21:00:00+0200,36127.0,MW,ES,ES,forecast_load,Forecasted Load,2026-09-02T20:45:09Z
2026-09-02T20:44:49Z,2026-09-02T22:44:49+0200,8323e810-b195-41bb-9e21-529de71b29ce,2026-09-02T19:15:00Z,2026-09-02T21:15:00+0200,35942.0,MW,ES,ES,forecast_load,Forecasted Load,2026-09-02T20:45:09Z
2026-09-02T20:44:49Z,2026-09-02T22:44:49+0200,8323e810-b195-41bb-9e21-529de71b29ce,2026-09-02T19:30:00Z,2026-09-02T21:30:00+0200,35523.0,MW,ES,ES,forecast_load,Forecasted Load,2026-09-02T20:45:09Z
2026-09-02T20:44:49Z,2026-09-02T22:44:49+0200,8323e810-b195-41bb-9e21-529de71b29ce,2026-09-02T19:45:00Z,2026-09-02T21:45:00+0200,34916.0,MW,ES,ES,forecast_load,Forecasted Load,2026-09-02T20:45:09Z
2026-09-02T20:44:49Z,2026-09-02T22:44:49+0200,8323e810-b195-41bb-9e21-529de71b29ce,2026-09-02T20:00:00Z,2026-09-02T22:00:00+0200,34259.0,MW,ES,ES,forecast_load,Forecasted Load,2026-09-02T20:45:09Z
2026-09-02T20:44:49Z,2026-09-02T22:44:49+0200,8323e810-b195-41bb-9e21-529de71b29ce,2026-09-02T20:15:00Z,2026-09-02T22:15:00+0200,33490.0,MW,ES,ES,forecast_load,Forecasted Load,2026-09-02T20:45:09Z
2026-09-02T20:44:49Z,2026-09-02T22:44:49+0200,8323e810-b195-41bb-9e21-529de71b29ce,2026-09-02T20:30:00Z,2026-09-02T22:30:00+0200,32740.0,MW,ES,ES,forecast_load,Forecasted Load,2026-09-02T20:45:09Z
2026-09-02T20:44:49Z,2026-09-02T22:44:49+0200,8323e810-b195-41bb-9e21-529de71b29ce,2026-09-02T20:45:00Z,2026-09-02T22:45:00+0200,32037.0,MW,ES,ES,forecast_load,Forecasted Load,2026-09-02T20:45:09Z
