collection_time_utc,collection_time_local,run_id,timestamp_utc,timestamp_local,value,unit,country,entsoe_area,variable,source,updated_at_utc
2026-09-07T05:11:17Z,2026-09-07T07:11:17+0200,f619aeb3-9d58-4b2c-82fb-3fdc85adf751,2026-08-31T05:15:00Z,2026-08-31T07:15:00+0200,27230.0,MW,ES,ES,forecast_load,Forecasted Load,2026-09-07T05:11:45Z
2026-09-07T05:11:17Z,2026-09-07T07:11:17+0200,f619aeb3-9d58-4b2c-82fb-3fdc85adf751,2026-08-31T05:30:00Z,2026-08-31T07:30:00+0200,27712.0,MW,ES,ES,forecast_load,Forecasted Load,2026-09-07T05:11:45Z
2026-09-07T05:11:17Z,2026-09-07T07:11:17+0200,f619aeb3-9d58-4b2c-82fb-3fdc85adf751,2026-08-31T05:45:00Z,2026-08-31T07:45:00+0200,28107.0,MW,ES,ES,forecast_load,Forecasted Load,2026-09-07T05:11:45Z
2026-09-07T05:11:17Z,2026-09-07T07:11:17+0200,f619aeb3-9d58-4b2c-82fb-3fdc85adf751,2026-08-31T06:00:00Z,2026-08-31T08:00:00+0200,28516.0,MW,ES,ES,forecast_load,Forecasted Load,2026-09-07T05:11:45Z
2026-09-07T05:11:17Z,2026-09-07T07:11:17+0200,f619aeb3-9d58-4b2c-82fb-3fdc85adf751,2026-08-31T06:15:00Z,2026-08-31T08:15:00+0200,28811.0,MW,ES,ES,forecast_load,Forecasted Load,2026-09-07T05:11:45Z
2026-09-07T05:11:17Z,2026-09-07T07:11:17+0200,f619aeb3-9d58-4b2c-82fb-3fdc85adf751,2026-08-31T06:30:00Z,2026-08-31T08:30:00+0200,29087.0,MW,ES,ES,forecast_load,Forecasted Load,2026-09-07T05:11:45Z
2026-09-07T05:11:17Z,2026-09-07T07:11:17+0200,f619aeb3-9d58-4b2c-82fb-3fdc85adf751,2026-08-31T06:45:00Z,2026-08-31T08:45:00+0200,29340.0,MW,ES,ES,forecast_load,Forecasted Load,2026-09-07T05:11:45Z
2026-09-07T05:11:17Z,2026-09-07T07:11:17+0200,f619aeb3-9d58-4b2c-82fb-3fdc85adf751,2026-08-31T07:00:00Z,2026-08-31T09:00:00+0200,29647.0,MW,ES,ES,forecast_load,Forecasted Load,2026-09-07T05:11:45Z
2026-09-07T05:11:17Z,2026-09-07T07:11:17+0200,f619aeb3-9d58-4b2c-82fb-3fdc85adf751,2026-08-31T07:15:00Z,2026-08-31T09:15:00+0200,29827.0,MW,ES,ES,forecast_load,Forecasted Load,2026-09-07T05:11:45Z
2026-09-07T05:11:17Z,2026-09-07T07:11:17+0200,f619aeb3-9d58-4b2c-82fb-3fdc85adf751,2026-08-31T07:30:00Z,2026-08-31T09:30:00+0200,29960.0,MW,ES,ES,forecast_load,Forecasted Load,2026-09-07T05:11:45Z
2026-09-07T05:11:17Z,2026-09-07T07:11:17+0200,f619aeb3-9d58-4b2c-82fb-3fdc85adf751,2026-08-31T07:45:00Z,2026-08-31T09:45:00+0200,30052.0,MW,ES,ES,forecast_load,Forecasted Load,2026-09-07T05:11:45Z
2026-09-07T05:11:17Z,2026-09-07T07:11:17+0200,f619aeb3-9d58-4b2c-82fb-3fdc85adf751,2026-08-31T08:00:00Z,2026-08-31T10:00:00+0200,30151.0,MW,ES,ES,forecast_load,Forecasted Load,2026-09-07T05:11:45Z
2026-09-07T05:11:17Z,2026-09-07T07:11:17+0200,f619aeb3-9d58-4b2c-82fb-3fdc85adf751,2026-08-31T08:15:00Z,2026-08-31T10:15:00+0200,30189.0,MW,ES,ES,forecast_load,Forecasted Load,2026-09-07T05:11:45Z
2026-09-07T05:11:17Z,2026-09-07T07:11:17+0200,f619aeb3-9d58-4b2c-82fb-3fdc85adf751,2026-08-31T08:30:00Z,2026-08-31T10:30:00+0200,30213.0,MW,ES,ES,forecast_load,Forecasted Load,2026-09-07T05:11:45Z
2026-09-07T05:11:17Z,2026-09-07T07:11:17+0200,f619aeb3-9d58-4b2c-82fb-3fdc85adf751,2026-08-31T08:45:00Z,2026-08-31T10:45:00+0200,30231.0,MW,ES,ES,forecast_load,Forecasted Load,2026-09-07T05:11:45Z
2026-09-07T05:11:17Z,2026-09-07T07:11:17+0200,f619aeb3-9d58-4b2c-82fb-3fdc85adf751,2026-08-31T09:00:00Z,2026-08-31T11:00:00+0200,30227.0,MW,ES,ES,forecast_load,Forecasted Load,2026-09-07T05:11:45Z
2026-09-07T05:11:17Z,2026-09-07T07:11:17+0200,f619aeb3-9d58-4b2c-82fb-3fdc85adf751,2026-08-31T09:15:00Z,2026-08-31T11:15:00+0200,30253.0,MW,ES,ES,forecast_load,Forecasted Load,2026-09-07T05:11:45Z
2026-09-07T05:11:17Z,2026-09-07T07:11:17+0200,f619aeb3-9d58-4b2c-82fb-3fdc85adf751,2026-08-31T09:30:00Z,2026-08-31T11:30:00+0200,30294.0,MW,ES,ES,forecast_load,Forecasted Load,2026-09-07T05:11:45Z
2026-09-07T05:11:17Z,2026-09-07T07:11:17+0200,f619aeb3-9d58-4b2c-82fb-3fdc85adf751,2026-08-31T09:45:00Z,2026-08-31T11:45:00+0200,30358.0,MW,ES,ES,forecast_load,Forecasted Load,2026-09-07T05:11:45Z
2026-09-07T05:11:17Z,2026-09-07T07:11:17+0200,f619aeb3-9d58-4b2c-82fb-3fdc85adf751,2026-08-31T10:00:00Z,2026-08-31T12:00:00+0200,30381.0,MW,ES,ES,forecast_load,Forecasted Load,2026-09-07T05:11:45Z
2026-09-07T05:11:17Z,2026-09-07T07:11:17+0200,f619aeb3-9d58-4b2c-82fb-3fdc85adf751,2026-08-31T10:15:00Z,2026-08-31T12:15:00+0200,30518.0,MW,ES,ES,forecast_load,Forecasted Load,2026-09-07T05:11:45Z
2026-09-07T05:11:17Z,2026-09-07T07:11:17+0200,f619aeb3-9d58-4b2c-82fb-3fdc85adf751,2026-08-31T10:30:00Z,2026-08-31T12:30:00+0200,30696.0,MW,ES,ES,forecast_load,Forecasted Load,2026-09-07T05:11:45Z
2026-09-07T05:11:17Z,2026-09-07T07:11:17+0200,f619aeb3-9d58-4b2c-82fb-3fdc85adf751,2026-08-31T10:45:00Z,2026-08-31T12:45:00+0200,30889.0,MW,ES,ES,forecast_load,Forecasted Load,2026-09-07T05:11:45Z
2026-09-07T05:11:17Z,2026-09-07T07:11:17+0200,f619aeb3-9d58-4b2c-82fb-3fdc85adf751,2026-08-31T11:00:00Z,2026-08-31T13:00:00+0200,31189.0,MW,ES,ES,forecast_load,Forecasted Load,2026-09-07T05:11:45Z
2026-09-07T05:11:17Z,2026-09-07T07:11:17+0200,f619aeb3-9d58-4b2c-82fb-3fdc85adf751,2026-08-31T11:15:00Z,2026-08-31T13:15:00+0200,31306.0,MW,ES,ES,forecast_load,Forecasted Load,2026-09-07T05:11:45Z
2026-09-07T05:11:17Z,2026-09-07T07:11:17+0200,f619aeb3-9d58-4b2c-82fb-3fdc85adf751,2026-08-31T11:30:00Z,2026-08-31T13:30:00+0200,31338.0,MW,ES,ES,forecast_load,Forecasted Load,2026-09-07T05:11:45Z
2026-09-07T05:11:17Z,2026-09-07T07:11:17+0200,f619aeb3-9d58-4b2c-82fb-3fdc85adf751,2026-08-31T11:45:00Z,2026-08-31T13:45:00+0200,31295.0,MW,ES,ES,forecast_load,Forecasted Load,2026-09-07T05:11:45Z
2026-09-07T05:11:17Z,2026-09-07T07:11:17+0200,f619aeb3-9d58-4b2c-82fb-3fdc85adf751,2026-08-31T12:00:00Z,2026-08-31T14:00:00+0200,31264.0,MW,ES,ES,forecast_load,Forecasted Load,2026-09-07T05:11:45Z
2026-09-07T05:11:17Z,2026-09-07T07:11:17+0200,f619aeb3-9d58-4b2c-82fb-3fdc85adf751,2026-08-31T12:15:00Z,2026-08-31T14:15:00+0200,31116.0,MW,ES,ES,forecast_load,Forecasted Load,2026-09-07T05:11:45Z
2026-09-07T05:11:17Z,2026-09-07T07:11:17+0200,f619aeb3-9d58-4b2c-82fb-3fdc85adf751,2026-08-31T12:30:00Z,2026-08-31T14:30:00+0200,30941.0,MW,ES,ES,forecast_load,Forecasted Load,2026-09-07T05:11:45Z
2026-09-07T05:11:17Z,2026-09-07T07:11:17+0200,f619aeb3-9d58-4b2c-82fb-3fdc85adf751,2026-08-31T12:45:00Z,2026-08-31T14:45:00+0200,30763.0,MW,ES,ES,forecast_load,Forecasted Load,2026-09-07T05:11:45Z
2026-09-07T05:11:17Z,2026-09-07T07:11:17+0200,f619aeb3-9d58-4b2c-82fb-3fdc85adf751,2026-08-31T13:00:00Z,2026-08-31T15:00:00+0200,30498.0,MW,ES,ES,forecast_load,Forecasted Load,2026-09-07T05:11:45Z
2026-09-07T05:11:17Z,2026-09-07T07:11:17+0200,f619aeb3-9d58-4b2c-82fb-3fdc85adf751,2026-08-31T13:15:00Z,2026-08-31T15:15:00+0200,30392.0,MW,ES,ES,forecast_load,Forecasted Load,2026-09-07T05:11:45Z
2026-09-07T05:11:17Z,2026-09-07T07:11:17+0200,f619aeb3-9d58-4b2c-82fb-3fdc85adf751,2026-08-31T13:30:00Z,2026-08-31T15:30:00+0200,30356.0,MW,ES,ES,forecast_load,Forecasted Load,2026-09-07T05:11:45Z
2026-09-07T05:11:17Z,2026-09-07T07:11:17+0200,f619aeb3-9d58-4b2c-82fb-3fdc85adf751,2026-08-31T13:45:00Z,2026-08-31T15:45:00+0200,30386.0,MW,ES,ES,forecast_load,Forecasted Load,2026-09-07T05:11:45Z
2026-09-07T05:11:17Z,2026-09-07T07:11:17+0200,f619aeb3-9d58-4b2c-82fb-3fdc85adf751,2026-08-31T14:00:00Z,2026-08-31T16:00:00+0200,30384.0,MW,ES,ES,forecast_load,Forecasted Load,2026-09-07T05:11:45Z
2026-09-07T05:11:17Z,2026-09-07T07:11:17+0200,f619aeb3-9d58-4b2c-82fb-3fdc85adf751,2026-08-31T14:15:00Z,2026-08-31T16:15:00+0200,30525.0,MW,ES,ES,forecast_load,Forecasted Load,2026-09-07T05:11:45Z
2026-09-07T05:11:17Z,2026-09-07T07:11:17+0200,f619aeb3-9d58-4b2c-82fb-3fdc85adf751,2026-08-31T14:30:00Z,2026-08-31T16:30:00+0200,30707.0,MW,ES,ES,forecast_load,Forecasted Load,2026-09-07T05:11:45Z
2026-09-07T05:11:17Z,2026-09-07T07:11:17+0200,f619aeb3-9d58-4b2c-82fb-3fdc85adf751,2026-08-31T14:45:00Z,2026-08-31T16:45:00+0200,30915.0,MW,ES,ES,forecast_load,Forecasted Load,2026-09-07T05:11:45Z
2026-09-07T05:11:17Z,2026-09-07T07:11:17+0200,f619aeb3-9d58-4b2c-82fb-3fdc85adf751,2026-08-31T15:00:00Z,2026-08-31T17:00:00+0200,31159.0,MW,ES,ES,forecast_load,Forecasted Load,2026-09-07T05:11:45Z
2026-09-07T05:11:17Z,2026-09-07T07:11:17+0200,f619aeb3-9d58-4b2c-82fb-3fdc85adf751,2026-08-31T15:15:00Z,2026-08-31T17:15:00+0200,31366.0,MW,ES,ES,forecast_load,Forecasted Load,2026-09-07T05:11:45Z
2026-09-07T05:11:17Z,2026-09-07T07:11:17+0200,f619aeb3-9d58-4b2c-82fb-3fdc85adf751,2026-08-31T15:30:00Z,2026-08-31T17:30:00+0200,31551.0,MW,ES,ES,forecast_load,Forecasted Load,2026-09-07T05:11:45Z
2026-09-07T05:11:17Z,2026-09-07T07:11:17+0200,f619aeb3-9d58-4b2c-82fb-3fdc85adf751,2026-08-31T15:45:00Z,2026-08-31T17:45:00+0200,31721.0,MW,ES,ES,forecast_load,Forecasted Load,2026-09-07T05:11:45Z
2026-09-07T05:11:17Z,2026-09-07T07:11:17+0200,f619aeb3-9d58-4b2c-82fb-3fdc85adf751,2026-08-31T16:00:00Z,2026-08-31T18:00:00+0200,31872.0,MW,ES,ES,forecast_load,Forecasted Load,2026-09-07T05:11:45Z
2026-09-07T05:11:17Z,2026-09-07T07:11:17+0200,f619aeb3-9d58-4b2c-82fb-3fdc85adf751,2026-08-31T16:15:00Z,2026-08-31T18:15:00+0200,32051.0,MW,ES,ES,forecast_load,Forecasted Load,2026-09-07T05:11:45Z
2026-09-07T05:11:17Z,2026-09-07T07:11:17+0200,f619aeb3-9d58-4b2c-82fb-3fdc85adf751,2026-08-31T16:30:00Z,2026-08-31T18:30:00+0200,32249.0,MW,ES,ES,forecast_load,Forecasted Load,2026-09-07T05:11:45Z
2026-09-07T05:11:17Z,2026-09-07T07:11:17+0200,f619aeb3-9d58-4b2c-82fb-3fdc85adf751,2026-08-31T16:45:00Z,2026-08-31T18:45:00+0200,32446.0,MW,ES,ES,forecast_load,Forecasted Load,2026-09-07T05:11:45Z
2026-09-07T05:11:17Z,2026-09-07T07:11:17+0200,f619aeb3-9d58-4b2c-82fb-3fdc85adf751,2026-08-31T17:00:00Z,2026-08-31T19:00:00+0200,32709.0,MW,ES,ES,forecast_load,Forecasted Load,2026-09-07T05:11:45Z
2026-09-07T05:11:17Z,2026-09-07T07:11:17+0200,f619aeb3-9d58-4b2c-82fb-3fdc85adf751,2026-08-31T17:15:00Z,2026-08-31T19:15:00+0200,32841.0,MW,ES,ES,forecast_load,Forecasted Load,2026-09-07T05:11:45Z
2026-09-07T05:11:17Z,2026-09-07T07:11:17+0200,f619aeb3-9d58-4b2c-82fb-3fdc85adf751,2026-08-31T17:30:00Z,2026-08-31T19:30:00+0200,32915.0,MW,ES,ES,forecast_load,Forecasted Load,2026-09-07T05:11:45Z
2026-09-07T05:11:17Z,2026-09-07T07:11:17+0200,f619aeb3-9d58-4b2c-82fb-3fdc85adf751,2026-08-31T17:45:00Z,2026-08-31T19:45:00+0200,32968.0,MW,ES,ES,forecast_load,Forecasted Load,2026-09-07T05:11:45Z
2026-09-07T05:11:17Z,2026-09-07T07:11:17+0200,f619aeb3-9d58-4b2c-82fb-3fdc85adf751,2026-08-31T18:00:00Z,2026-08-31T20:00:00+0200,32923.0,MW,ES,ES,forecast_load,Forecasted Load,2026-09-07T05:11:45Z
2026-09-07T05:11:17Z,2026-09-07T07:11:17+0200,f619aeb3-9d58-4b2c-82fb-3fdc85adf751,2026-08-31T18:15:00Z,2026-08-31T20:15:00+0200,33068.0,MW,ES,ES,forecast_load,Forecasted Load,2026-09-07T05:11:45Z
2026-09-07T05:11:17Z,2026-09-07T07:11:17+0200,f619aeb3-9d58-4b2c-82fb-3fdc85adf751,2026-08-31T18:30:00Z,2026-08-31T20:30:00+0200,33301.0,MW,ES,ES,forecast_load,Forecasted Load,2026-09-07T05:11:45Z
2026-09-07T05:11:17Z,2026-09-07T07:11:17+0200,f619aeb3-9d58-4b2c-82fb-3fdc85adf751,2026-08-31T18:45:00Z,2026-08-31T20:45:00+0200,33536.0,MW,ES,ES,forecast_load,Forecasted Load,2026-09-07T05:11:45Z
2026-09-07T05:11:17Z,2026-09-07T07:11:17+0200,f619aeb3-9d58-4b2c-82fb-3fdc85adf751,2026-08-31T19:00:00Z,2026-08-31T21:00:00+0200,34139.0,MW,ES,ES,forecast_load,Forecasted Load,2026-09-07T05:11:45Z
2026-09-07T05:11:17Z,2026-09-07T07:11:17+0200,f619aeb3-9d58-4b2c-82fb-3fdc85adf751,2026-08-31T19:15:00Z,2026-08-31T21:15:00+0200,34038.0,MW,ES,ES,forecast_load,Forecasted Load,2026-09-07T05:11:45Z
2026-09-07T05:11:17Z,2026-09-07T07:11:17+0200,f619aeb3-9d58-4b2c-82fb-3fdc85adf751,2026-08-31T19:30:00Z,2026-08-31T21:30:00+0200,33634.0,MW,ES,ES,forecast_load,Forecasted Load,2026-09-07T05:11:45Z
2026-09-07T05:11:17Z,2026-09-07T07:11:17+0200,f619aeb3-9d58-4b2c-82fb-3fdc85adf751,2026-08-31T19:45:00Z,2026-08-31T21:45:00+0200,33001.0,MW,ES,ES,forecast_load,Forecasted Load,2026-09-07T05:11:45Z
2026-09-07T05:11:17Z,2026-09-07T07:11:17+0200,f619aeb3-9d58-4b2c-82fb-3fdc85adf751,2026-08-31T20:00:00Z,2026-08-31T22:00:00+0200,32233.0,MW,ES,ES,forecast_load,Forecasted Load,2026-09-07T05:11:45Z
2026-09-07T05:11:17Z,2026-09-07T07:11:17+0200,f619aeb3-9d58-4b2c-82fb-3fdc85adf751,2026-08-31T20:15:00Z,2026-08-31T22:15:00+0200,31477.0,MW,ES,ES,forecast_load,Forecasted Load,2026-09-07T05:11:45Z
2026-09-07T05:11:17Z,2026-09-07T07:11:17+0200,f619aeb3-9d58-4b2c-82fb-3fdc85adf751,2026-08-31T20:30:00Z,2026-08-31T22:30:00+0200,30806.0,MW,ES,ES,forecast_load,Forecasted Load,2026-09-07T05:11:45Z
2026-09-07T05:11:17Z,2026-09-07T07:11:17+0200,f619aeb3-9d58-4b2c-82fb-3fdc85adf751,2026-08-31T20:45:00Z,2026-08-31T22:45:00+0200,30221.0,MW,ES,ES,forecast_load,Forecasted Load,2026-09-07T05:11:45Z
2026-09-07T05:11:17Z,2026-09-07T07:11:17+0200,f619aeb3-9d58-4b2c-82fb-3fdc85adf751,2026-08-31T21:00:00Z,2026-08-31T23:00:00+0200,29640.0,MW,ES,ES,forecast_load,Forecasted Load,2026-09-07T05:11:45Z
2026-09-07T05:11:17Z,2026-09-07T07:11:17+0200,f619aeb3-9d58-4b2c-82fb-3fdc85adf751,2026-08-31T21:15:00Z,2026-08-31T23:15:00+0200,29167.0,MW,ES,ES,forecast_load,Forecasted Load,2026-09-07T05:11:45Z
2026-09-07T05:11:17Z,2026-09-07T07:11:17+0200,f619aeb3-9d58-4b2c-82fb-3fdc85adf751,2026-08-31T21:30:00Z,2026-08-31T23:30:00+0200,28722.0,MW,ES,ES,forecast_load,Forecasted Load,2026-09-07T05:11:45Z
2026-09-07T05:11:17Z,2026-09-07T07:11:17+0200,f619aeb3-9d58-4b2c-82fb-3fdc85adf751,2026-08-31T21:45:00Z,2026-08-31T23:45:00+0200,28296.0,MW,ES,ES,forecast_load,Forecasted Load,2026-09-07T05:11:45Z
2026-09-07T05:11:17Z,2026-09-07T07:11:17+0200,f619aeb3-9d58-4b2c-82fb-3fdc85adf751,2026-08-31T22:00:00Z,2026-09-01T00:00:00+0200,27596.0,MW,ES,ES,forecast_load,Forecasted Load,2026-09-07T05:11:45Z
2026-09-07T05:11:17Z,2026-09-07T07:11:17+0200,f619aeb3-9d58-4b2c-82fb-3fdc85adf751,2026-08-31T22:15:00Z,2026-09-01T00:15:00+0200,27196.0,MW,ES,ES,forecast_load,Forecasted Load,2026-09-07T05:11:45Z
2026-09-07T05:11:17Z,2026-09-07T07:11:17+0200,f619aeb3-9d58-4b2c-82fb-3fdc85adf751,2026-08-31T22:30:00Z,2026-09-01T00:30:00+0200,26795.0,MW,ES,ES,forecast_load,Forecasted Load,2026-09-07T05:11:45Z
2026-09-07T05:11:17Z,2026-09-07T07:11:17+0200,f619aeb3-9d58-4b2c-82fb-3fdc85adf751,2026-08-31T22:45:00Z,2026-09-01T00:45:00+0200,26400.0,MW,ES,ES,forecast_load,Forecasted Load,2026-09-07T05:11:45Z
2026-09-07T05:11:17Z,2026-09-07T07:11:17+0200,f619aeb3-9d58-4b2c-82fb-3fdc85adf751,2026-08-31T23:00:00Z,2026-09-01T01:00:00+0200,25968.0,MW,ES,ES,forecast_load,Forecasted Load,2026-09-07T05:11:45Z
2026-09-07T05:11:17Z,2026-09-07T07:11:17+0200,f619aeb3-9d58-4b2c-82fb-3fdc85adf751,2026-08-31T23:15:00Z,2026-09-01T01:15:00+0200,25624.0,MW,ES,ES,forecast_load,Forecasted Load,2026-09-07T05:11:45Z
2026-09-07T05:11:17Z,2026-09-07T07:11:17+0200,f619aeb3-9d58-4b2c-82fb-3fdc85adf751,2026-08-31T23:30:00Z,2026-09-01T01:30:00+0200,25321.0,MW,ES,ES,forecast_load,Forecasted Load,2026-09-07T05:11:45Z
2026-09-07T05:11:17Z,2026-09-07T07:11:17+0200,f619aeb3-9d58-4b2c-82fb-3fdc85adf751,2026-08-31T23:45:00Z,2026-09-01T01:45:00+0200,25057.0,MW,ES,ES,forecast_load,Forecasted Load,2026-09-07T05:11:45Z
2026-09-07T05:11:17Z,2026-09-07T07:11:17+0200,f619aeb3-9d58-4b2c-82fb-3fdc85adf751,2026-09-01T00:00:00Z,2026-09-01T02:00:00+0200,24773.0,MW,ES,ES,forecast_load,Forecasted Load,2026-09-07T05:11:45Z
2026-09-07T05:11:17Z,2026-09-07T07:11:17+0200,f619aeb3-9d58-4b2c-82fb-3fdc85adf751,2026-09-01T00:15:00Z,2026-09-01T02:15:00+0200,24574.0,MW,ES,ES,forecast_load,Forecasted Load,2026-09-07T05:11:45Z
2026-09-07T05:11:17Z,2026-09-07T07:11:17+0200,f619aeb3-9d58-4b2c-82fb-3fdc85adf751,2026-09-01T00:30:00Z,2026-09-01T02:30:00+0200,24401.0,MW,ES,ES,forecast_load,Forecasted Load,2026-09-07T05:11:45Z
2026-09-07T05:11:17Z,2026-09-07T07:11:17+0200,f619aeb3-9d58-4b2c-82fb-3fdc85adf751,2026-09-01T00:45:00Z,2026-09-01T02:45:00+0200,24254.0,MW,ES,ES,forecast_load,Forecasted Load,2026-09-07T05:11:45Z
2026-09-07T05:11:17Z,2026-09-07T07:11:17+0200,f619aeb3-9d58-4b2c-82fb-3fdc85adf751,2026-09-01T01:00:00Z,2026-09-01T03:00:00+0200,24085.0,MW,ES,ES,forecast_load,Forecasted Load,2026-09-07T05:11:45Z
2026-09-07T05:11:17Z,2026-09-07T07:11:17+0200,f619aeb3-9d58-4b2c-82fb-3fdc85adf751,2026-09-01T01:15:00Z,2026-09-01T03:15:00+0200,23989.0,MW,ES,ES,forecast_load,Forecasted Load,2026-09-07T05:11:45Z
2026-09-07T05:11:17Z,2026-09-07T07:11:17+0200,f619aeb3-9d58-4b2c-82fb-3fdc85adf751,2026-09-01T01:30:00Z,2026-09-01T03:30:00+0200,23919.0,MW,ES,ES,forecast_load,Forecasted Load,2026-09-07T05:11:45Z
2026-09-07T05:11:17Z,2026-09-07T07:11:17+0200,f619aeb3-9d58-4b2c-82fb-3fdc85adf751,2026-09-01T01:45:00Z,2026-09-01T03:45:00+0200,23870.0,MW,ES,ES,forecast_load,Forecasted Load,2026-09-07T05:11:45Z
2026-09-07T05:11:17Z,2026-09-07T07:11:17+0200,f619aeb3-9d58-4b2c-82fb-3fdc85adf751,2026-09-01T02:00:00Z,2026-09-01T04:00:00+0200,23799.0,MW,ES,ES,forecast_load,Forecasted Load,2026-09-07T05:11:45Z
2026-09-07T05:11:17Z,2026-09-07T07:11:17+0200,f619aeb3-9d58-4b2c-82fb-3fdc85adf751,2026-09-01T02:15:00Z,2026-09-01T04:15:00+0200,23781.0,MW,ES,ES,forecast_load,Forecasted Load,2026-09-07T05:11:45Z
2026-09-07T05:11:17Z,2026-09-07T07:11:17+0200,f619aeb3-9d58-4b2c-82fb-3fdc85adf751,2026-09-01T02:30:00Z,2026-09-01T04:30:00+0200,23780.0,MW,ES,ES,forecast_load,Forecasted Load,2026-09-07T05:11:45Z
2026-09-07T05:11:17Z,2026-09-07T07:11:17+0200,f619aeb3-9d58-4b2c-82fb-3fdc85adf751,2026-09-01T02:45:00Z,2026-09-01T04:45:00+0200,23826.0,MW,ES,ES,forecast_load,Forecasted Load,2026-09-07T05:11:45Z
2026-09-07T05:11:17Z,2026-09-07T07:11:17+0200,f619aeb3-9d58-4b2c-82fb-3fdc85adf751,2026-09-01T03:00:00Z,2026-09-01T05:00:00+0200,23710.0,MW,ES,ES,forecast_load,Forecasted Load,2026-09-07T05:11:45Z
2026-09-07T05:11:17Z,2026-09-07T07:11:17+0200,f619aeb3-9d58-4b2c-82fb-3fdc85adf751,2026-09-01T03:15:00Z,2026-09-01T05:15:00+0200,23960.0,MW,ES,ES,forecast_load,Forecasted Load,2026-09-07T05:11:45Z
2026-09-07T05:11:17Z,2026-09-07T07:11:17+0200,f619aeb3-9d58-4b2c-82fb-3fdc85adf751,2026-09-01T03:30:00Z,2026-09-01T05:30:00+0200,24356.0,MW,ES,ES,forecast_load,Forecasted Load,2026-09-07T05:11:45Z
2026-09-07T05:11:17Z,2026-09-07T07:11:17+0200,f619aeb3-9d58-4b2c-82fb-3fdc85adf751,2026-09-01T03:45:00Z,2026-09-01T05:45:00+0200,24873.0,MW,ES,ES,forecast_load,Forecasted Load,2026-09-07T05:11:45Z
2026-09-07T05:11:17Z,2026-09-07T07:11:17+0200,f619aeb3-9d58-4b2c-82fb-3fdc85adf751,2026-09-01T04:00:00Z,2026-09-01T06:00:00+0200,25433.0,MW,ES,ES,forecast_load,Forecasted Load,2026-09-07T05:11:45Z
2026-09-07T05:11:17Z,2026-09-07T07:11:17+0200,f619aeb3-9d58-4b2c-82fb-3fdc85adf751,2026-09-01T04:15:00Z,2026-09-01T06:15:00+0200,26086.0,MW,ES,ES,forecast_load,Forecasted Load,2026-09-07T05:11:45Z
2026-09-07T05:11:17Z,2026-09-07T07:11:17+0200,f619aeb3-9d58-4b2c-82fb-3fdc85adf751,2026-09-01T04:30:00Z,2026-09-01T06:30:00+0200,26753.0,MW,ES,ES,forecast_load,Forecasted Load,2026-09-07T05:11:45Z
2026-09-07T05:11:17Z,2026-09-07T07:11:17+0200,f619aeb3-9d58-4b2c-82fb-3fdc85adf751,2026-09-01T04:45:00Z,2026-09-01T06:45:00+0200,27402.0,MW,ES,ES,forecast_load,Forecasted Load,2026-09-07T05:11:45Z
2026-09-07T05:11:17Z,2026-09-07T07:11:17+0200,f619aeb3-9d58-4b2c-82fb-3fdc85adf751,2026-09-01T05:00:00Z,2026-09-01T07:00:00+0200,28201.0,MW,ES,ES,forecast_load,Forecasted Load,2026-09-07T05:11:45Z
2026-09-07T05:11:17Z,2026-09-07T07:11:17+0200,f619aeb3-9d58-4b2c-82fb-3fdc85adf751,2026-09-01T05:15:00Z,2026-09-01T07:15:00+0200,28721.0,MW,ES,ES,forecast_load,Forecasted Load,2026-09-07T05:11:45Z
2026-09-07T05:11:17Z,2026-09-07T07:11:17+0200,f619aeb3-9d58-4b2c-82fb-3fdc85adf751,2026-09-01T05:30:00Z,2026-09-01T07:30:00+0200,29136.0,MW,ES,ES,forecast_load,Forecasted Load,2026-09-07T05:11:45Z
2026-09-07T05:11:17Z,2026-09-07T07:11:17+0200,f619aeb3-9d58-4b2c-82fb-3fdc85adf751,2026-09-01T05:45:00Z,2026-09-01T07:45:00+0200,29466.0,MW,ES,ES,forecast_load,Forecasted Load,2026-09-07T05:11:45Z
2026-09-07T05:11:17Z,2026-09-07T07:11:17+0200,f619aeb3-9d58-4b2c-82fb-3fdc85adf751,2026-09-01T06:00:00Z,2026-09-01T08:00:00+0200,29788.0,MW,ES,ES,forecast_load,Forecasted Load,2026-09-07T05:11:45Z
2026-09-07T05:11:17Z,2026-09-07T07:11:17+0200,f619aeb3-9d58-4b2c-82fb-3fdc85adf751,2026-09-01T06:15:00Z,2026-09-01T08:15:00+0200,30033.0,MW,ES,ES,forecast_load,Forecasted Load,2026-09-07T05:11:45Z
2026-09-07T05:11:17Z,2026-09-07T07:11:17+0200,f619aeb3-9d58-4b2c-82fb-3fdc85adf751,2026-09-01T06:30:00Z,2026-09-01T08:30:00+0200,30274.0,MW,ES,ES,forecast_load,Forecasted Load,2026-09-07T05:11:45Z
2026-09-07T05:11:17Z,2026-09-07T07:11:17+0200,f619aeb3-9d58-4b2c-82fb-3fdc85adf751,2026-09-01T06:45:00Z,2026-09-01T08:45:00+0200,30507.0,MW,ES,ES,forecast_load,Forecasted Load,2026-09-07T05:11:45Z
2026-09-07T05:11:17Z,2026-09-07T07:11:17+0200,f619aeb3-9d58-4b2c-82fb-3fdc85adf751,2026-09-01T07:00:00Z,2026-09-01T09:00:00+0200,30780.0,MW,ES,ES,forecast_load,Forecasted Load,2026-09-07T05:11:45Z
2026-09-07T05:11:17Z,2026-09-07T07:11:17+0200,f619aeb3-9d58-4b2c-82fb-3fdc85adf751,2026-09-01T07:15:00Z,2026-09-01T09:15:00+0200,30971.0,MW,ES,ES,forecast_load,Forecasted Load,2026-09-07T05:11:45Z
2026-09-07T05:11:17Z,2026-09-07T07:11:17+0200,f619aeb3-9d58-4b2c-82fb-3fdc85adf751,2026-09-01T07:30:00Z,2026-09-01T09:30:00+0200,31129.0,MW,ES,ES,forecast_load,Forecasted Load,2026-09-07T05:11:45Z
2026-09-07T05:11:17Z,2026-09-07T07:11:17+0200,f619aeb3-9d58-4b2c-82fb-3fdc85adf751,2026-09-01T07:45:00Z,2026-09-01T09:45:00+0200,31256.0,MW,ES,ES,forecast_load,Forecasted Load,2026-09-07T05:11:45Z
2026-09-07T05:11:17Z,2026-09-07T07:11:17+0200,f619aeb3-9d58-4b2c-82fb-3fdc85adf751,2026-09-01T08:00:00Z,2026-09-01T10:00:00+0200,31399.0,MW,ES,ES,forecast_load,Forecasted Load,2026-09-07T05:11:45Z
2026-09-07T05:11:17Z,2026-09-07T07:11:17+0200,f619aeb3-9d58-4b2c-82fb-3fdc85adf751,2026-09-01T08:15:00Z,2026-09-01T10:15:00+0200,31476.0,MW,ES,ES,forecast_load,Forecasted Load,2026-09-07T05:11:45Z
2026-09-07T05:11:17Z,2026-09-07T07:11:17+0200,f619aeb3-9d58-4b2c-82fb-3fdc85adf751,2026-09-01T08:30:00Z,2026-09-01T10:30:00+0200,31534.0,MW,ES,ES,forecast_load,Forecasted Load,2026-09-07T05:11:45Z
2026-09-07T05:11:17Z,2026-09-07T07:11:17+0200,f619aeb3-9d58-4b2c-82fb-3fdc85adf751,2026-09-01T08:45:00Z,2026-09-01T10:45:00+0200,31579.0,MW,ES,ES,forecast_load,Forecasted Load,2026-09-07T05:11:45Z
2026-09-07T05:11:17Z,2026-09-07T07:11:17+0200,f619aeb3-9d58-4b2c-82fb-3fdc85adf751,2026-09-01T09:00:00Z,2026-09-01T11:00:00+0200,31611.0,MW,ES,ES,forecast_load,Forecasted Load,2026-09-07T05:11:45Z
2026-09-07T05:11:17Z,2026-09-07T07:11:17+0200,f619aeb3-9d58-4b2c-82fb-3fdc85adf751,2026-09-01T09:15:00Z,2026-09-01T11:15:00+0200,31652.0,MW,ES,ES,forecast_load,Forecasted Load,2026-09-07T05:11:45Z
2026-09-07T05:11:17Z,2026-09-07T07:11:17+0200,f619aeb3-9d58-4b2c-82fb-3fdc85adf751,2026-09-01T09:30:00Z,2026-09-01T11:30:00+0200,31700.0,MW,ES,ES,forecast_load,Forecasted Load,2026-09-07T05:11:45Z
2026-09-07T05:11:17Z,2026-09-07T07:11:17+0200,f619aeb3-9d58-4b2c-82fb-3fdc85adf751,2026-09-01T09:45:00Z,2026-09-01T11:45:00+0200,31762.0,MW,ES,ES,forecast_load,Forecasted Load,2026-09-07T05:11:45Z
2026-09-07T05:11:17Z,2026-09-07T07:11:17+0200,f619aeb3-9d58-4b2c-82fb-3fdc85adf751,2026-09-01T10:00:00Z,2026-09-01T12:00:00+0200,31798.0,MW,ES,ES,forecast_load,Forecasted Load,2026-09-07T05:11:45Z
2026-09-07T05:11:17Z,2026-09-07T07:11:17+0200,f619aeb3-9d58-4b2c-82fb-3fdc85adf751,2026-09-01T10:15:00Z,2026-09-01T12:15:00+0200,31905.0,MW,ES,ES,forecast_load,Forecasted Load,2026-09-07T05:11:45Z
2026-09-07T05:11:17Z,2026-09-07T07:11:17+0200,f619aeb3-9d58-4b2c-82fb-3fdc85adf751,2026-09-01T10:30:00Z,2026-09-01T12:30:00+0200,32040.0,MW,ES,ES,forecast_load,Forecasted Load,2026-09-07T05:11:45Z
2026-09-07T05:11:17Z,2026-09-07T07:11:17+0200,f619aeb3-9d58-4b2c-82fb-3fdc85adf751,2026-09-01T10:45:00Z,2026-09-01T12:45:00+0200,32182.0,MW,ES,ES,forecast_load,Forecasted Load,2026-09-07T05:11:45Z
2026-09-07T05:11:17Z,2026-09-07T07:11:17+0200,f619aeb3-9d58-4b2c-82fb-3fdc85adf751,2026-09-01T11:00:00Z,2026-09-01T13:00:00+0200,32397.0,MW,ES,ES,forecast_load,Forecasted Load,2026-09-07T05:11:45Z
2026-09-07T05:11:17Z,2026-09-07T07:11:17+0200,f619aeb3-9d58-4b2c-82fb-3fdc85adf751,2026-09-01T11:15:00Z,2026-09-01T13:15:00+0200,32485.0,MW,ES,ES,forecast_load,Forecasted Load,2026-09-07T05:11:45Z
2026-09-07T05:11:17Z,2026-09-07T07:11:17+0200,f619aeb3-9d58-4b2c-82fb-3fdc85adf751,2026-09-01T11:30:00Z,2026-09-01T13:30:00+0200,32518.0,MW,ES,ES,forecast_load,Forecasted Load,2026-09-07T05:11:45Z
2026-09-07T05:11:17Z,2026-09-07T07:11:17+0200,f619aeb3-9d58-4b2c-82fb-3fdc85adf751,2026-09-01T11:45:00Z,2026-09-01T13:45:00+0200,32500.0,MW,ES,ES,forecast_load,Forecasted Load,2026-09-07T05:11:45Z
2026-09-07T05:11:17Z,2026-09-07T07:11:17+0200,f619aeb3-9d58-4b2c-82fb-3fdc85adf751,2026-09-01T12:00:00Z,2026-09-01T14:00:00+0200,32485.0,MW,ES,ES,forecast_load,Forecasted Load,2026-09-07T05:11:45Z
2026-09-07T05:11:17Z,2026-09-07T07:11:17+0200,f619aeb3-9d58-4b2c-82fb-3fdc85adf751,2026-09-01T12:15:00Z,2026-09-01T14:15:00+0200,32402.0,MW,ES,ES,forecast_load,Forecasted Load,2026-09-07T05:11:45Z
2026-09-07T05:11:17Z,2026-09-07T07:11:17+0200,f619aeb3-9d58-4b2c-82fb-3fdc85adf751,2026-09-01T12:30:00Z,2026-09-01T14:30:00+0200,32307.0,MW,ES,ES,forecast_load,Forecasted Load,2026-09-07T05:11:45Z
2026-09-07T05:11:17Z,2026-09-07T07:11:17+0200,f619aeb3-9d58-4b2c-82fb-3fdc85adf751,2026-09-01T12:45:00Z,2026-09-01T14:45:00+0200,32210.0,MW,ES,ES,forecast_load,Forecasted Load,2026-09-07T05:11:45Z
2026-09-07T05:11:17Z,2026-09-07T07:11:17+0200,f619aeb3-9d58-4b2c-82fb-3fdc85adf751,2026-09-01T13:00:00Z,2026-09-01T15:00:00+0200,32069.0,MW,ES,ES,forecast_load,Forecasted Load,2026-09-07T05:11:45Z
2026-09-07T05:11:17Z,2026-09-07T07:11:17+0200,f619aeb3-9d58-4b2c-82fb-3fdc85adf751,2026-09-01T13:15:00Z,2026-09-01T15:15:00+0200,32008.0,MW,ES,ES,forecast_load,Forecasted Load,2026-09-07T05:11:45Z
2026-09-07T05:11:17Z,2026-09-07T07:11:17+0200,f619aeb3-9d58-4b2c-82fb-3fdc85adf751,2026-09-01T13:30:00Z,2026-09-01T15:30:00+0200,31982.0,MW,ES,ES,forecast_load,Forecasted Load,2026-09-07T05:11:45Z
2026-09-07T05:11:17Z,2026-09-07T07:11:17+0200,f619aeb3-9d58-4b2c-82fb-3fdc85adf751,2026-09-01T13:45:00Z,2026-09-01T15:45:00+0200,31993.0,MW,ES,ES,forecast_load,Forecasted Load,2026-09-07T05:11:45Z
2026-09-07T05:11:17Z,2026-09-07T07:11:17+0200,f619aeb3-9d58-4b2c-82fb-3fdc85adf751,2026-09-01T14:00:00Z,2026-09-01T16:00:00+0200,31972.0,MW,ES,ES,forecast_load,Forecasted Load,2026-09-07T05:11:45Z
2026-09-07T05:11:17Z,2026-09-07T07:11:17+0200,f619aeb3-9d58-4b2c-82fb-3fdc85adf751,2026-09-01T14:15:00Z,2026-09-01T16:15:00+0200,32057.0,MW,ES,ES,forecast_load,Forecasted Load,2026-09-07T05:11:45Z
2026-09-07T05:11:17Z,2026-09-07T07:11:17+0200,f619aeb3-9d58-4b2c-82fb-3fdc85adf751,2026-09-01T14:30:00Z,2026-09-01T16:30:00+0200,32177.0,MW,ES,ES,forecast_load,Forecasted Load,2026-09-07T05:11:45Z
2026-09-07T05:11:17Z,2026-09-07T07:11:17+0200,f619aeb3-9d58-4b2c-82fb-3fdc85adf751,2026-09-01T14:45:00Z,2026-09-01T16:45:00+0200,32320.0,MW,ES,ES,forecast_load,Forecasted Load,2026-09-07T05:11:45Z
2026-09-07T05:11:17Z,2026-09-07T07:11:17+0200,f619aeb3-9d58-4b2c-82fb-3fdc85adf751,2026-09-01T15:00:00Z,2026-09-01T17:00:00+0200,32486.0,MW,ES,ES,forecast_load,Forecasted Load,2026-09-07T05:11:45Z
2026-09-07T05:11:17Z,2026-09-07T07:11:17+0200,f619aeb3-9d58-4b2c-82fb-3fdc85adf751,2026-09-01T15:15:00Z,2026-09-01T17:15:00+0200,32639.0,MW,ES,ES,forecast_load,Forecasted Load,2026-09-07T05:11:45Z
2026-09-07T05:11:17Z,2026-09-07T07:11:17+0200,f619aeb3-9d58-4b2c-82fb-3fdc85adf751,2026-09-01T15:30:00Z,2026-09-01T17:30:00+0200,32780.0,MW,ES,ES,forecast_load,Forecasted Load,2026-09-07T05:11:45Z
2026-09-07T05:11:17Z,2026-09-07T07:11:17+0200,f619aeb3-9d58-4b2c-82fb-3fdc85adf751,2026-09-01T15:45:00Z,2026-09-01T17:45:00+0200,32911.0,MW,ES,ES,forecast_load,Forecasted Load,2026-09-07T05:11:45Z
2026-09-07T05:11:17Z,2026-09-07T07:11:17+0200,f619aeb3-9d58-4b2c-82fb-3fdc85adf751,2026-09-01T16:00:00Z,2026-09-01T18:00:00+0200,33039.0,MW,ES,ES,forecast_load,Forecasted Load,2026-09-07T05:11:45Z
2026-09-07T05:11:17Z,2026-09-07T07:11:17+0200,f619aeb3-9d58-4b2c-82fb-3fdc85adf751,2026-09-01T16:15:00Z,2026-09-01T18:15:00+0200,33164.0,MW,ES,ES,forecast_load,Forecasted Load,2026-09-07T05:11:45Z
2026-09-07T05:11:17Z,2026-09-07T07:11:17+0200,f619aeb3-9d58-4b2c-82fb-3fdc85adf751,2026-09-01T16:30:00Z,2026-09-01T18:30:00+0200,33292.0,MW,ES,ES,forecast_load,Forecasted Load,2026-09-07T05:11:45Z
2026-09-07T05:11:17Z,2026-09-07T07:11:17+0200,f619aeb3-9d58-4b2c-82fb-3fdc85adf751,2026-09-01T16:45:00Z,2026-09-01T18:45:00+0200,33421.0,MW,ES,ES,forecast_load,Forecasted Load,2026-09-07T05:11:45Z
2026-09-07T05:11:17Z,2026-09-07T07:11:17+0200,f619aeb3-9d58-4b2c-82fb-3fdc85adf751,2026-09-01T17:00:00Z,2026-09-01T19:00:00+0200,33558.0,MW,ES,ES,forecast_load,Forecasted Load,2026-09-07T05:11:45Z
2026-09-07T05:11:17Z,2026-09-07T07:11:17+0200,f619aeb3-9d58-4b2c-82fb-3fdc85adf751,2026-09-01T17:15:00Z,2026-09-01T19:15:00+0200,33677.0,MW,ES,ES,forecast_load,Forecasted Load,2026-09-07T05:11:45Z
2026-09-07T05:11:17Z,2026-09-07T07:11:17+0200,f619aeb3-9d58-4b2c-82fb-3fdc85adf751,2026-09-01T17:30:00Z,2026-09-01T19:30:00+0200,33789.0,MW,ES,ES,forecast_load,Forecasted Load,2026-09-07T05:11:45Z
2026-09-07T05:11:17Z,2026-09-07T07:11:17+0200,f619aeb3-9d58-4b2c-82fb-3fdc85adf751,2026-09-01T17:45:00Z,2026-09-01T19:45:00+0200,33902.0,MW,ES,ES,forecast_load,Forecasted Load,2026-09-07T05:11:45Z
2026-09-07T05:11:17Z,2026-09-07T07:11:17+0200,f619aeb3-9d58-4b2c-82fb-3fdc85adf751,2026-09-01T18:00:00Z,2026-09-01T20:00:00+0200,34010.0,MW,ES,ES,forecast_load,Forecasted Load,2026-09-07T05:11:45Z
2026-09-07T05:11:17Z,2026-09-07T07:11:17+0200,f619aeb3-9d58-4b2c-82fb-3fdc85adf751,2026-09-01T18:15:00Z,2026-09-01T20:15:00+0200,34150.0,MW,ES,ES,forecast_load,Forecasted Load,2026-09-07T05:11:45Z
2026-09-07T05:11:17Z,2026-09-07T07:11:17+0200,f619aeb3-9d58-4b2c-82fb-3fdc85adf751,2026-09-01T18:30:00Z,2026-09-01T20:30:00+0200,34304.0,MW,ES,ES,forecast_load,Forecasted Load,2026-09-07T05:11:45Z
2026-09-07T05:11:17Z,2026-09-07T07:11:17+0200,f619aeb3-9d58-4b2c-82fb-3fdc85adf751,2026-09-01T18:45:00Z,2026-09-01T20:45:00+0200,34410.0,MW,ES,ES,forecast_load,Forecasted Load,2026-09-07T05:11:45Z
2026-09-07T05:11:17Z,2026-09-07T07:11:17+0200,f619aeb3-9d58-4b2c-82fb-3fdc85adf751,2026-09-01T19:00:00Z,2026-09-01T21:00:00+0200,34810.0,MW,ES,ES,forecast_load,Forecasted Load,2026-09-07T05:11:45Z
2026-09-07T05:11:17Z,2026-09-07T07:11:17+0200,f619aeb3-9d58-4b2c-82fb-3fdc85adf751,2026-09-01T19:15:00Z,2026-09-01T21:15:00+0200,34588.0,MW,ES,ES,forecast_load,Forecasted Load,2026-09-07T05:11:45Z
2026-09-07T05:11:17Z,2026-09-07T07:11:17+0200,f619aeb3-9d58-4b2c-82fb-3fdc85adf751,2026-09-01T19:30:00Z,2026-09-01T21:30:00+0200,34114.0,MW,ES,ES,forecast_load,Forecasted Load,2026-09-07T05:11:45Z
2026-09-07T05:11:17Z,2026-09-07T07:11:17+0200,f619aeb3-9d58-4b2c-82fb-3fdc85adf751,2026-09-01T19:45:00Z,2026-09-01T21:45:00+0200,33449.0,MW,ES,ES,forecast_load,Forecasted Load,2026-09-07T05:11:45Z
2026-09-07T05:11:17Z,2026-09-07T07:11:17+0200,f619aeb3-9d58-4b2c-82fb-3fdc85adf751,2026-09-01T20:00:00Z,2026-09-01T22:00:00+0200,32690.0,MW,ES,ES,forecast_load,Forecasted Load,2026-09-07T05:11:45Z
2026-09-07T05:11:17Z,2026-09-07T07:11:17+0200,f619aeb3-9d58-4b2c-82fb-3fdc85adf751,2026-09-01T20:15:00Z,2026-09-01T22:15:00+0200,31903.0,MW,ES,ES,forecast_load,Forecasted Load,2026-09-07T05:11:45Z
2026-09-07T05:11:17Z,2026-09-07T07:11:17+0200,f619aeb3-9d58-4b2c-82fb-3fdc85adf751,2026-09-01T20:30:00Z,2026-09-01T22:30:00+0200,31174.0,MW,ES,ES,forecast_load,Forecasted Load,2026-09-07T05:11:45Z
2026-09-07T05:11:17Z,2026-09-07T07:11:17+0200,f619aeb3-9d58-4b2c-82fb-3fdc85adf751,2026-09-01T20:45:00Z,2026-09-01T22:45:00+0200,30521.0,MW,ES,ES,forecast_load,Forecasted Load,2026-09-07T05:11:45Z
2026-09-07T05:11:17Z,2026-09-07T07:11:17+0200,f619aeb3-9d58-4b2c-82fb-3fdc85adf751,2026-09-01T21:00:00Z,2026-09-01T23:00:00+0200,29806.0,MW,ES,ES,forecast_load,Forecasted Load,2026-09-07T05:11:45Z
2026-09-07T05:11:17Z,2026-09-07T07:11:17+0200,f619aeb3-9d58-4b2c-82fb-3fdc85adf751,2026-09-01T21:15:00Z,2026-09-01T23:15:00+0200,29322.0,MW,ES,ES,forecast_load,Forecasted Load,2026-09-07T05:11:45Z
2026-09-07T05:11:17Z,2026-09-07T07:11:17+0200,f619aeb3-9d58-4b2c-82fb-3fdc85adf751,2026-09-01T21:30:00Z,2026-09-01T23:30:00+0200,28923.0,MW,ES,ES,forecast_load,Forecasted Load,2026-09-07T05:11:45Z
2026-09-07T05:11:17Z,2026-09-07T07:11:17+0200,f619aeb3-9d58-4b2c-82fb-3fdc85adf751,2026-09-01T21:45:00Z,2026-09-01T23:45:00+0200,28581.0,MW,ES,ES,forecast_load,Forecasted Load,2026-09-07T05:11:45Z
2026-09-07T05:11:17Z,2026-09-07T07:11:17+0200,f619aeb3-9d58-4b2c-82fb-3fdc85adf751,2026-09-01T22:00:00Z,2026-09-02T00:00:00+0200,28777.0,MW,ES,ES,forecast_load,Forecasted Load,2026-09-07T05:11:45Z
2026-09-07T05:11:17Z,2026-09-07T07:11:17+0200,f619aeb3-9d58-4b2c-82fb-3fdc85adf751,2026-09-01T22:15:00Z,2026-09-02T00:15:00+0200,28418.0,MW,ES,ES,forecast_load,Forecasted Load,2026-09-07T05:11:45Z
2026-09-07T05:11:17Z,2026-09-07T07:11:17+0200,f619aeb3-9d58-4b2c-82fb-3fdc85adf751,2026-09-01T22:30:00Z,2026-09-02T00:30:00+0200,28042.0,MW,ES,ES,forecast_load,Forecasted Load,2026-09-07T05:11:45Z
2026-09-07T05:11:17Z,2026-09-07T07:11:17+0200,f619aeb3-9d58-4b2c-82fb-3fdc85adf751,2026-09-01T22:45:00Z,2026-09-02T00:45:00+0200,27656.0,MW,ES,ES,forecast_load,Forecasted Load,2026-09-07T05:11:45Z
2026-09-07T05:11:17Z,2026-09-07T07:11:17+0200,f619aeb3-9d58-4b2c-82fb-3fdc85adf751,2026-09-01T23:00:00Z,2026-09-02T01:00:00+0200,27237.0,MW,ES,ES,forecast_load,Forecasted Load,2026-09-07T05:11:45Z
2026-09-07T05:11:17Z,2026-09-07T07:11:17+0200,f619aeb3-9d58-4b2c-82fb-3fdc85adf751,2026-09-01T23:15:00Z,2026-09-02T01:15:00+0200,26878.0,MW,ES,ES,forecast_load,Forecasted Load,2026-09-07T05:11:45Z
2026-09-07T05:11:17Z,2026-09-07T07:11:17+0200,f619aeb3-9d58-4b2c-82fb-3fdc85adf751,2026-09-01T23:30:00Z,2026-09-02T01:30:00+0200,26551.0,MW,ES,ES,forecast_load,Forecasted Load,2026-09-07T05:11:45Z
2026-09-07T05:11:17Z,2026-09-07T07:11:17+0200,f619aeb3-9d58-4b2c-82fb-3fdc85adf751,2026-09-01T23:45:00Z,2026-09-02T01:45:00+0200,26261.0,MW,ES,ES,forecast_load,Forecasted Load,2026-09-07T05:11:45Z
2026-09-07T05:11:17Z,2026-09-07T07:11:17+0200,f619aeb3-9d58-4b2c-82fb-3fdc85adf751,2026-09-02T00:00:00Z,2026-09-02T02:00:00+0200,25938.0,MW,ES,ES,forecast_load,Forecasted Load,2026-09-07T05:11:45Z
2026-09-07T05:11:17Z,2026-09-07T07:11:17+0200,f619aeb3-9d58-4b2c-82fb-3fdc85adf751,2026-09-02T00:15:00Z,2026-09-02T02:15:00+0200,25722.0,MW,ES,ES,forecast_load,Forecasted Load,2026-09-07T05:11:45Z
2026-09-07T05:11:17Z,2026-09-07T07:11:17+0200,f619aeb3-9d58-4b2c-82fb-3fdc85adf751,2026-09-02T00:30:00Z,2026-09-02T02:30:00+0200,25543.0,MW,ES,ES,forecast_load,Forecasted Load,2026-09-07T05:11:45Z
2026-09-07T05:11:17Z,2026-09-07T07:11:17+0200,f619aeb3-9d58-4b2c-82fb-3fdc85adf751,2026-09-02T00:45:00Z,2026-09-02T02:45:00+0200,25397.0,MW,ES,ES,forecast_load,Forecasted Load,2026-09-07T05:11:45Z
2026-09-07T05:11:17Z,2026-09-07T07:11:17+0200,f619aeb3-9d58-4b2c-82fb-3fdc85adf751,2026-09-02T01:00:00Z,2026-09-02T03:00:00+0200,25241.0,MW,ES,ES,forecast_load,Forecasted Load,2026-09-07T05:11:45Z
2026-09-07T05:11:17Z,2026-09-07T07:11:17+0200,f619aeb3-9d58-4b2c-82fb-3fdc85adf751,2026-09-02T01:15:00Z,2026-09-02T03:15:00+0200,25140.0,MW,ES,ES,forecast_load,Forecasted Load,2026-09-07T05:11:45Z
2026-09-07T05:11:17Z,2026-09-07T07:11:17+0200,f619aeb3-9d58-4b2c-82fb-3fdc85adf751,2026-09-02T01:30:00Z,2026-09-02T03:30:00+0200,25055.0,MW,ES,ES,forecast_load,Forecasted Load,2026-09-07T05:11:45Z
2026-09-07T05:11:17Z,2026-09-07T07:11:17+0200,f619aeb3-9d58-4b2c-82fb-3fdc85adf751,2026-09-02T01:45:00Z,2026-09-02T03:45:00+0200,24985.0,MW,ES,ES,forecast_load,Forecasted Load,2026-09-07T05:11:45Z
2026-09-07T05:11:17Z,2026-09-07T07:11:17+0200,f619aeb3-9d58-4b2c-82fb-3fdc85adf751,2026-09-02T02:00:00Z,2026-09-02T04:00:00+0200,24884.0,MW,ES,ES,forecast_load,Forecasted Load,2026-09-07T05:11:45Z
2026-09-07T05:11:17Z,2026-09-07T07:11:17+0200,f619aeb3-9d58-4b2c-82fb-3fdc85adf751,2026-09-02T02:15:00Z,2026-09-02T04:15:00+0200,24846.0,MW,ES,ES,forecast_load,Forecasted Load,2026-09-07T05:11:45Z
2026-09-07T05:11:17Z,2026-09-07T07:11:17+0200,f619aeb3-9d58-4b2c-82fb-3fdc85adf751,2026-09-02T02:30:00Z,2026-09-02T04:30:00+0200,24832.0,MW,ES,ES,forecast_load,Forecasted Load,2026-09-07T05:11:45Z
2026-09-07T05:11:17Z,2026-09-07T07:11:17+0200,f619aeb3-9d58-4b2c-82fb-3fdc85adf751,2026-09-02T02:45:00Z,2026-09-02T04:45:00+0200,24870.0,MW,ES,ES,forecast_load,Forecasted Load,2026-09-07T05:11:45Z
2026-09-07T05:11:17Z,2026-09-07T07:11:17+0200,f619aeb3-9d58-4b2c-82fb-3fdc85adf751,2026-09-02T03:00:00Z,2026-09-02T05:00:00+0200,24748.0,MW,ES,ES,forecast_load,Forecasted Load,2026-09-07T05:11:45Z
2026-09-07T05:11:17Z,2026-09-07T07:11:17+0200,f619aeb3-9d58-4b2c-82fb-3fdc85adf751,2026-09-02T03:15:00Z,2026-09-02T05:15:00+0200,24995.0,MW,ES,ES,forecast_load,Forecasted Load,2026-09-07T05:11:45Z
2026-09-07T05:11:17Z,2026-09-07T07:11:17+0200,f619aeb3-9d58-4b2c-82fb-3fdc85adf751,2026-09-02T03:30:00Z,2026-09-02T05:30:00+0200,25387.0,MW,ES,ES,forecast_load,Forecasted Load,2026-09-07T05:11:45Z
2026-09-07T05:11:17Z,2026-09-07T07:11:17+0200,f619aeb3-9d58-4b2c-82fb-3fdc85adf751,2026-09-02T03:45:00Z,2026-09-02T05:45:00+0200,25902.0,MW,ES,ES,forecast_load,Forecasted Load,2026-09-07T05:11:45Z
2026-09-07T05:11:17Z,2026-09-07T07:11:17+0200,f619aeb3-9d58-4b2c-82fb-3fdc85adf751,2026-09-02T04:00:00Z,2026-09-02T06:00:00+0200,26452.0,MW,ES,ES,forecast_load,Forecasted Load,2026-09-07T05:11:45Z
2026-09-07T05:11:17Z,2026-09-07T07:11:17+0200,f619aeb3-9d58-4b2c-82fb-3fdc85adf751,2026-09-02T04:15:00Z,2026-09-02T06:15:00+0200,27112.0,MW,ES,ES,forecast_load,Forecasted Load,2026-09-07T05:11:45Z
2026-09-07T05:11:17Z,2026-09-07T07:11:17+0200,f619aeb3-9d58-4b2c-82fb-3fdc85adf751,2026-09-02T04:30:00Z,2026-09-02T06:30:00+0200,27794.0,MW,ES,ES,forecast_load,Forecasted Load,2026-09-07T05:11:45Z
2026-09-07T05:11:17Z,2026-09-07T07:11:17+0200,f619aeb3-9d58-4b2c-82fb-3fdc85adf751,2026-09-02T04:45:00Z,2026-09-02T06:45:00+0200,28460.0,MW,ES,ES,forecast_load,Forecasted Load,2026-09-07T05:11:45Z
2026-09-07T05:11:17Z,2026-09-07T07:11:17+0200,f619aeb3-9d58-4b2c-82fb-3fdc85adf751,2026-09-02T05:00:00Z,2026-09-02T07:00:00+0200,29295.0,MW,ES,ES,forecast_load,Forecasted Load,2026-09-07T05:11:45Z
2026-09-07T05:11:17Z,2026-09-07T07:11:17+0200,f619aeb3-9d58-4b2c-82fb-3fdc85adf751,2026-09-02T05:15:00Z,2026-09-02T07:15:00+0200,29817.0,MW,ES,ES,forecast_load,Forecasted Load,2026-09-07T05:11:45Z
2026-09-07T05:11:17Z,2026-09-07T07:11:17+0200,f619aeb3-9d58-4b2c-82fb-3fdc85adf751,2026-09-02T05:30:00Z,2026-09-02T07:30:00+0200,30218.0,MW,ES,ES,forecast_load,Forecasted Load,2026-09-07T05:11:45Z
2026-09-07T05:11:17Z,2026-09-07T07:11:17+0200,f619aeb3-9d58-4b2c-82fb-3fdc85adf751,2026-09-02T05:45:00Z,2026-09-02T07:45:00+0200,30523.0,MW,ES,ES,forecast_load,Forecasted Load,2026-09-07T05:11:45Z
2026-09-07T05:11:17Z,2026-09-07T07:11:17+0200,f619aeb3-9d58-4b2c-82fb-3fdc85adf751,2026-09-02T06:00:00Z,2026-09-02T08:00:00+0200,30802.0,MW,ES,ES,forecast_load,Forecasted Load,2026-09-07T05:11:45Z
2026-09-07T05:11:17Z,2026-09-07T07:11:17+0200,f619aeb3-9d58-4b2c-82fb-3fdc85adf751,2026-09-02T06:15:00Z,2026-09-02T08:15:00+0200,31027.0,MW,ES,ES,forecast_load,Forecasted Load,2026-09-07T05:11:45Z
2026-09-07T05:11:17Z,2026-09-07T07:11:17+0200,f619aeb3-9d58-4b2c-82fb-3fdc85adf751,2026-09-02T06:30:00Z,2026-09-02T08:30:00+0200,31259.0,MW,ES,ES,forecast_load,Forecasted Load,2026-09-07T05:11:45Z
2026-09-07T05:11:17Z,2026-09-07T07:11:17+0200,f619aeb3-9d58-4b2c-82fb-3fdc85adf751,2026-09-02T06:45:00Z,2026-09-02T08:45:00+0200,31494.0,MW,ES,ES,forecast_load,Forecasted Load,2026-09-07T05:11:45Z
2026-09-07T05:11:17Z,2026-09-07T07:11:17+0200,f619aeb3-9d58-4b2c-82fb-3fdc85adf751,2026-09-02T07:00:00Z,2026-09-02T09:00:00+0200,31776.0,MW,ES,ES,forecast_load,Forecasted Load,2026-09-07T05:11:45Z
2026-09-07T05:11:17Z,2026-09-07T07:11:17+0200,f619aeb3-9d58-4b2c-82fb-3fdc85adf751,2026-09-02T07:15:00Z,2026-09-02T09:15:00+0200,31974.0,MW,ES,ES,forecast_load,Forecasted Load,2026-09-07T05:11:45Z
2026-09-07T05:11:17Z,2026-09-07T07:11:17+0200,f619aeb3-9d58-4b2c-82fb-3fdc85adf751,2026-09-02T07:30:00Z,2026-09-02T09:30:00+0200,32135.0,MW,ES,ES,forecast_load,Forecasted Load,2026-09-07T05:11:45Z
2026-09-07T05:11:17Z,2026-09-07T07:11:17+0200,f619aeb3-9d58-4b2c-82fb-3fdc85adf751,2026-09-02T07:45:00Z,2026-09-02T09:45:00+0200,32261.0,MW,ES,ES,forecast_load,Forecasted Load,2026-09-07T05:11:45Z
2026-09-07T05:11:17Z,2026-09-07T07:11:17+0200,f619aeb3-9d58-4b2c-82fb-3fdc85adf751,2026-09-02T08:00:00Z,2026-09-02T10:00:00+0200,32407.0,MW,ES,ES,forecast_load,Forecasted Load,2026-09-07T05:11:45Z
2026-09-07T05:11:17Z,2026-09-07T07:11:17+0200,f619aeb3-9d58-4b2c-82fb-3fdc85adf751,2026-09-02T08:15:00Z,2026-09-02T10:15:00+0200,32473.0,MW,ES,ES,forecast_load,Forecasted Load,2026-09-07T05:11:45Z
2026-09-07T05:11:17Z,2026-09-07T07:11:17+0200,f619aeb3-9d58-4b2c-82fb-3fdc85adf751,2026-09-02T08:30:00Z,2026-09-02T10:30:00+0200,32515.0,MW,ES,ES,forecast_load,Forecasted Load,2026-09-07T05:11:45Z
2026-09-07T05:11:17Z,2026-09-07T07:11:17+0200,f619aeb3-9d58-4b2c-82fb-3fdc85adf751,2026-09-02T08:45:00Z,2026-09-02T10:45:00+0200,32544.0,MW,ES,ES,forecast_load,Forecasted Load,2026-09-07T05:11:45Z
2026-09-07T05:11:17Z,2026-09-07T07:11:17+0200,f619aeb3-9d58-4b2c-82fb-3fdc85adf751,2026-09-02T09:00:00Z,2026-09-02T11:00:00+0200,32544.0,MW,ES,ES,forecast_load,Forecasted Load,2026-09-07T05:11:45Z
2026-09-07T05:11:17Z,2026-09-07T07:11:17+0200,f619aeb3-9d58-4b2c-82fb-3fdc85adf751,2026-09-02T09:15:00Z,2026-09-02T11:15:00+0200,32581.0,MW,ES,ES,forecast_load,Forecasted Load,2026-09-07T05:11:45Z
2026-09-07T05:11:17Z,2026-09-07T07:11:17+0200,f619aeb3-9d58-4b2c-82fb-3fdc85adf751,2026-09-02T09:30:00Z,2026-09-02T11:30:00+0200,32639.0,MW,ES,ES,forecast_load,Forecasted Load,2026-09-07T05:11:45Z
2026-09-07T05:11:17Z,2026-09-07T07:11:17+0200,f619aeb3-9d58-4b2c-82fb-3fdc85adf751,2026-09-02T09:45:00Z,2026-09-02T11:45:00+0200,32723.0,MW,ES,ES,forecast_load,Forecasted Load,2026-09-07T05:11:45Z
2026-09-07T05:11:17Z,2026-09-07T07:11:17+0200,f619aeb3-9d58-4b2c-82fb-3fdc85adf751,2026-09-02T10:00:00Z,2026-09-02T12:00:00+0200,32776.0,MW,ES,ES,forecast_load,Forecasted Load,2026-09-07T05:11:45Z
2026-09-07T05:11:17Z,2026-09-07T07:11:17+0200,f619aeb3-9d58-4b2c-82fb-3fdc85adf751,2026-09-02T10:15:00Z,2026-09-02T12:15:00+0200,32925.0,MW,ES,ES,forecast_load,Forecasted Load,2026-09-07T05:11:45Z
2026-09-07T05:11:17Z,2026-09-07T07:11:17+0200,f619aeb3-9d58-4b2c-82fb-3fdc85adf751,2026-09-02T10:30:00Z,2026-09-02T12:30:00+0200,33108.0,MW,ES,ES,forecast_load,Forecasted Load,2026-09-07T05:11:45Z
2026-09-07T05:11:17Z,2026-09-07T07:11:17+0200,f619aeb3-9d58-4b2c-82fb-3fdc85adf751,2026-09-02T10:45:00Z,2026-09-02T12:45:00+0200,33301.0,MW,ES,ES,forecast_load,Forecasted Load,2026-09-07T05:11:45Z
2026-09-07T05:11:17Z,2026-09-07T07:11:17+0200,f619aeb3-9d58-4b2c-82fb-3fdc85adf751,2026-09-02T11:00:00Z,2026-09-02T13:00:00+0200,33584.0,MW,ES,ES,forecast_load,Forecasted Load,2026-09-07T05:11:45Z
2026-09-07T05:11:17Z,2026-09-07T07:11:17+0200,f619aeb3-9d58-4b2c-82fb-3fdc85adf751,2026-09-02T11:15:00Z,2026-09-02T13:15:00+0200,33713.0,MW,ES,ES,forecast_load,Forecasted Load,2026-09-07T05:11:45Z
2026-09-07T05:11:17Z,2026-09-07T07:11:17+0200,f619aeb3-9d58-4b2c-82fb-3fdc85adf751,2026-09-02T11:30:00Z,2026-09-02T13:30:00+0200,33773.0,MW,ES,ES,forecast_load,Forecasted Load,2026-09-07T05:11:45Z
2026-09-07T05:11:17Z,2026-09-07T07:11:17+0200,f619aeb3-9d58-4b2c-82fb-3fdc85adf751,2026-09-02T11:45:00Z,2026-09-02T13:45:00+0200,33771.0,MW,ES,ES,forecast_load,Forecasted Load,2026-09-07T05:11:45Z
2026-09-07T05:11:17Z,2026-09-07T07:11:17+0200,f619aeb3-9d58-4b2c-82fb-3fdc85adf751,2026-09-02T12:00:00Z,2026-09-02T14:00:00+0200,33776.0,MW,ES,ES,forecast_load,Forecasted Load,2026-09-07T05:11:45Z
2026-09-07T05:11:17Z,2026-09-07T07:11:17+0200,f619aeb3-9d58-4b2c-82fb-3fdc85adf751,2026-09-02T12:15:00Z,2026-09-02T14:15:00+0200,33692.0,MW,ES,ES,forecast_load,Forecasted Load,2026-09-07T05:11:45Z
2026-09-07T05:11:17Z,2026-09-07T07:11:17+0200,f619aeb3-9d58-4b2c-82fb-3fdc85adf751,2026-09-02T12:30:00Z,2026-09-02T14:30:00+0200,33588.0,MW,ES,ES,forecast_load,Forecasted Load,2026-09-07T05:11:45Z
2026-09-07T05:11:17Z,2026-09-07T07:11:17+0200,f619aeb3-9d58-4b2c-82fb-3fdc85adf751,2026-09-02T12:45:00Z,2026-09-02T14:45:00+0200,33481.0,MW,ES,ES,forecast_load,Forecasted Load,2026-09-07T05:11:45Z
2026-09-07T05:11:17Z,2026-09-07T07:11:17+0200,f619aeb3-9d58-4b2c-82fb-3fdc85adf751,2026-09-02T13:00:00Z,2026-09-02T15:00:00+0200,33314.0,MW,ES,ES,forecast_load,Forecasted Load,2026-09-07T05:11:45Z
2026-09-07T05:11:17Z,2026-09-07T07:11:17+0200,f619aeb3-9d58-4b2c-82fb-3fdc85adf751,2026-09-02T13:15:00Z,2026-09-02T15:15:00+0200,33256.0,MW,ES,ES,forecast_load,Forecasted Load,2026-09-07T05:11:45Z
2026-09-07T05:11:17Z,2026-09-07T07:11:17+0200,f619aeb3-9d58-4b2c-82fb-3fdc85adf751,2026-09-02T13:30:00Z,2026-09-02T15:30:00+0200,33245.0,MW,ES,ES,forecast_load,Forecasted Load,2026-09-07T05:11:45Z
2026-09-07T05:11:17Z,2026-09-07T07:11:17+0200,f619aeb3-9d58-4b2c-82fb-3fdc85adf751,2026-09-02T13:45:00Z,2026-09-02T15:45:00+0200,33283.0,MW,ES,ES,forecast_load,Forecasted Load,2026-09-07T05:11:45Z
2026-09-07T05:11:17Z,2026-09-07T07:11:17+0200,f619aeb3-9d58-4b2c-82fb-3fdc85adf751,2026-09-02T14:00:00Z,2026-09-02T16:00:00+0200,33284.0,MW,ES,ES,forecast_load,Forecasted Load,2026-09-07T05:11:45Z
2026-09-07T05:11:17Z,2026-09-07T07:11:17+0200,f619aeb3-9d58-4b2c-82fb-3fdc85adf751,2026-09-02T14:15:00Z,2026-09-02T16:15:00+0200,33415.0,MW,ES,ES,forecast_load,Forecasted Load,2026-09-07T05:11:45Z
2026-09-07T05:11:17Z,2026-09-07T07:11:17+0200,f619aeb3-9d58-4b2c-82fb-3fdc85adf751,2026-09-02T14:30:00Z,2026-09-02T16:30:00+0200,33586.0,MW,ES,ES,forecast_load,Forecasted Load,2026-09-07T05:11:45Z
2026-09-07T05:11:17Z,2026-09-07T07:11:17+0200,f619aeb3-9d58-4b2c-82fb-3fdc85adf751,2026-09-02T14:45:00Z,2026-09-02T16:45:00+0200,33784.0,MW,ES,ES,forecast_load,Forecasted Load,2026-09-07T05:11:45Z
2026-09-07T05:11:17Z,2026-09-07T07:11:17+0200,f619aeb3-9d58-4b2c-82fb-3fdc85adf751,2026-09-02T15:00:00Z,2026-09-02T17:00:00+0200,34020.0,MW,ES,ES,forecast_load,Forecasted Load,2026-09-07T05:11:45Z
2026-09-07T05:11:17Z,2026-09-07T07:11:17+0200,f619aeb3-9d58-4b2c-82fb-3fdc85adf751,2026-09-02T15:15:00Z,2026-09-02T17:15:00+0200,34217.0,MW,ES,ES,forecast_load,Forecasted Load,2026-09-07T05:11:45Z
2026-09-07T05:11:17Z,2026-09-07T07:11:17+0200,f619aeb3-9d58-4b2c-82fb-3fdc85adf751,2026-09-02T15:30:00Z,2026-09-02T17:30:00+0200,34391.0,MW,ES,ES,forecast_load,Forecasted Load,2026-09-07T05:11:45Z
2026-09-07T05:11:17Z,2026-09-07T07:11:17+0200,f619aeb3-9d58-4b2c-82fb-3fdc85adf751,2026-09-02T15:45:00Z,2026-09-02T17:45:00+0200,34543.0,MW,ES,ES,forecast_load,Forecasted Load,2026-09-07T05:11:45Z
2026-09-07T05:11:17Z,2026-09-07T07:11:17+0200,f619aeb3-9d58-4b2c-82fb-3fdc85adf751,2026-09-02T16:00:00Z,2026-09-02T18:00:00+0200,34699.0,MW,ES,ES,forecast_load,Forecasted Load,2026-09-07T05:11:45Z
2026-09-07T05:11:17Z,2026-09-07T07:11:17+0200,f619aeb3-9d58-4b2c-82fb-3fdc85adf751,2026-09-02T16:15:00Z,2026-09-02T18:15:00+0200,34826.0,MW,ES,ES,forecast_load,Forecasted Load,2026-09-07T05:11:45Z
2026-09-07T05:11:17Z,2026-09-07T07:11:17+0200,f619aeb3-9d58-4b2c-82fb-3fdc85adf751,2026-09-02T16:30:00Z,2026-09-02T18:30:00+0200,34947.0,MW,ES,ES,forecast_load,Forecasted Load,2026-09-07T05:11:45Z
2026-09-07T05:11:17Z,2026-09-07T07:11:17+0200,f619aeb3-9d58-4b2c-82fb-3fdc85adf751,2026-09-02T16:45:00Z,2026-09-02T18:45:00+0200,35058.0,MW,ES,ES,forecast_load,Forecasted Load,2026-09-07T05:11:45Z
2026-09-07T05:11:17Z,2026-09-07T07:11:17+0200,f619aeb3-9d58-4b2c-82fb-3fdc85adf751,2026-09-02T17:00:00Z,2026-09-02T19:00:00+0200,35189.0,MW,ES,ES,forecast_load,Forecasted Load,2026-09-07T05:11:45Z
2026-09-07T05:11:17Z,2026-09-07T07:11:17+0200,f619aeb3-9d58-4b2c-82fb-3fdc85adf751,2026-09-02T17:15:00Z,2026-09-02T19:15:00+0200,35269.0,MW,ES,ES,forecast_load,Forecasted Load,2026-09-07T05:11:45Z
2026-09-07T05:11:17Z,2026-09-07T07:11:17+0200,f619aeb3-9d58-4b2c-82fb-3fdc85adf751,2026-09-02T17:30:00Z,2026-09-02T19:30:00+0200,35331.0,MW,ES,ES,forecast_load,Forecasted Load,2026-09-07T05:11:45Z
2026-09-07T05:11:17Z,2026-09-07T07:11:17+0200,f619aeb3-9d58-4b2c-82fb-3fdc85adf751,2026-09-02T17:45:00Z,2026-09-02T19:45:00+0200,35387.0,MW,ES,ES,forecast_load,Forecasted Load,2026-09-07T05:11:45Z
2026-09-07T05:11:17Z,2026-09-07T07:11:17+0200,f619aeb3-9d58-4b2c-82fb-3fdc85adf751,2026-09-02T18:00:00Z,2026-09-02T20:00:00+0200,35415.0,MW,ES,ES,forecast_load,Forecasted Load,2026-09-07T05:11:45Z
2026-09-07T05:11:17Z,2026-09-07T07:11:17+0200,f619aeb3-9d58-4b2c-82fb-3fdc85adf751,2026-09-02T18:15:00Z,2026-09-02T20:15:00+0200,35513.0,MW,ES,ES,forecast_load,Forecasted Load,2026-09-07T05:11:45Z
2026-09-07T05:11:17Z,2026-09-07T07:11:17+0200,f619aeb3-9d58-4b2c-82fb-3fdc85adf751,2026-09-02T18:30:00Z,2026-09-02T20:30:00+0200,35644.0,MW,ES,ES,forecast_load,Forecasted Load,2026-09-07T05:11:45Z
2026-09-07T05:11:17Z,2026-09-07T07:11:17+0200,f619aeb3-9d58-4b2c-82fb-3fdc85adf751,2026-09-02T18:45:00Z,2026-09-02T20:45:00+0200,35746.0,MW,ES,ES,forecast_load,Forecasted Load,2026-09-07T05:11:45Z
2026-09-07T05:11:17Z,2026-09-07T07:11:17+0200,f619aeb3-9d58-4b2c-82fb-3fdc85adf751,2026-09-02T19:00:00Z,2026-09-02T21:00:00+0200,36127.0,MW,ES,ES,forecast_load,Forecasted Load,2026-09-07T05:11:45Z
2026-09-07T05:11:17Z,2026-09-07T07:11:17+0200,f619aeb3-9d58-4b2c-82fb-3fdc85adf751,2026-09-02T19:15:00Z,2026-09-02T21:15:00+0200,35942.0,MW,ES,ES,forecast_load,Forecasted Load,2026-09-07T05:11:45Z
2026-09-07T05:11:17Z,2026-09-07T07:11:17+0200,f619aeb3-9d58-4b2c-82fb-3fdc85adf751,2026-09-02T19:30:00Z,2026-09-02T21:30:00+0200,35523.0,MW,ES,ES,forecast_load,Forecasted Load,2026-09-07T05:11:45Z
2026-09-07T05:11:17Z,2026-09-07T07:11:17+0200,f619aeb3-9d58-4b2c-82fb-3fdc85adf751,2026-09-02T19:45:00Z,2026-09-02T21:45:00+0200,34916.0,MW,ES,ES,forecast_load,Forecasted Load,2026-09-07T05:11:45Z
2026-09-07T05:11:17Z,2026-09-07T07:11:17+0200,f619aeb3-9d58-4b2c-82fb-3fdc85adf751,2026-09-02T20:00:00Z,2026-09-02T22:00:00+0200,34259.0,MW,ES,ES,forecast_load,Forecasted Load,2026-09-07T05:11:45Z
2026-09-07T05:11:17Z,2026-09-07T07:11:17+0200,f619aeb3-9d58-4b2c-82fb-3fdc85adf751,2026-09-02T20:15:00Z,2026-09-02T22:15:00+0200,33490.0,MW,ES,ES,forecast_load,Forecasted Load,2026-09-07T05:11:45Z
2026-09-07T05:11:17Z,2026-09-07T07:11:17+0200,f619aeb3-9d58-4b2c-82fb-3fdc85adf751,2026-09-02T20:30:00Z,2026-09-02T22:30:00+0200,32740.0,MW,ES,ES,forecast_load,Forecasted Load,2026-09-07T05:11:45Z
2026-09-07T05:11:17Z,2026-09-07T07:11:17+0200,f619aeb3-9d58-4b2c-82fb-3fdc85adf751,2026-09-02T20:45:00Z,2026-09-02T22:45:00+0200,32037.0,MW,ES,ES,forecast_load,Forecasted Load,2026-09-07T05:11:45Z
2026-09-07T05:11:17Z,2026-09-07T07:11:17+0200,f619aeb3-9d58-4b2c-82fb-3fdc85adf751,2026-09-02T21:00:00Z,2026-09-02T23:00:00+0200,31252.0,MW,ES,ES,forecast_load,Forecasted Load,2026-09-07T05:11:45Z
2026-09-07T05:11:17Z,2026-09-07T07:11:17+0200,f619aeb3-9d58-4b2c-82fb-3fdc85adf751,2026-09-02T21:15:00Z,2026-09-02T23:15:00+0200,30706.0,MW,ES,ES,forecast_load,Forecasted Load,2026-09-07T05:11:45Z
2026-09-07T05:11:17Z,2026-09-07T07:11:17+0200,f619aeb3-9d58-4b2c-82fb-3fdc85adf751,2026-09-02T21:30:00Z,2026-09-02T23:30:00+0200,30258.0,MW,ES,ES,forecast_load,Forecasted Load,2026-09-07T05:11:45Z
2026-09-07T05:11:17Z,2026-09-07T07:11:17+0200,f619aeb3-9d58-4b2c-82fb-3fdc85adf751,2026-09-02T21:45:00Z,2026-09-02T23:45:00+0200,29876.0,MW,ES,ES,forecast_load,Forecasted Load,2026-09-07T05:11:45Z
2026-09-07T05:11:17Z,2026-09-07T07:11:17+0200,f619aeb3-9d58-4b2c-82fb-3fdc85adf751,2026-09-02T22:00:00Z,2026-09-03T00:00:00+0200,30160.0,MW,ES,ES,forecast_load,Forecasted Load,2026-09-07T05:11:45Z
2026-09-07T05:11:17Z,2026-09-07T07:11:17+0200,f619aeb3-9d58-4b2c-82fb-3fdc85adf751,2026-09-02T22:15:00Z,2026-09-03T00:15:00+0200,29750.0,MW,ES,ES,forecast_load,Forecasted Load,2026-09-07T05:11:45Z
2026-09-07T05:11:17Z,2026-09-07T07:11:17+0200,f619aeb3-9d58-4b2c-82fb-3fdc85adf751,2026-09-02T22:30:00Z,2026-09-03T00:30:00+0200,29314.0,MW,ES,ES,forecast_load,Forecasted Load,2026-09-07T05:11:45Z
2026-09-07T05:11:17Z,2026-09-07T07:11:17+0200,f619aeb3-9d58-4b2c-82fb-3fdc85adf751,2026-09-02T22:45:00Z,2026-09-03T00:45:00+0200,28865.0,MW,ES,ES,forecast_load,Forecasted Load,2026-09-07T05:11:45Z
2026-09-07T05:11:17Z,2026-09-07T07:11:17+0200,f619aeb3-9d58-4b2c-82fb-3fdc85adf751,2026-09-02T23:00:00Z,2026-09-03T01:00:00+0200,28374.0,MW,ES,ES,forecast_load,Forecasted Load,2026-09-07T05:11:45Z
2026-09-07T05:11:17Z,2026-09-07T07:11:17+0200,f619aeb3-9d58-4b2c-82fb-3fdc85adf751,2026-09-02T23:15:00Z,2026-09-03T01:15:00+0200,27959.0,MW,ES,ES,forecast_load,Forecasted Load,2026-09-07T05:11:45Z
2026-09-07T05:11:17Z,2026-09-07T07:11:17+0200,f619aeb3-9d58-4b2c-82fb-3fdc85adf751,2026-09-02T23:30:00Z,2026-09-03T01:30:00+0200,27587.0,MW,ES,ES,forecast_load,Forecasted Load,2026-09-07T05:11:45Z
2026-09-07T05:11:17Z,2026-09-07T07:11:17+0200,f619aeb3-9d58-4b2c-82fb-3fdc85adf751,2026-09-02T23:45:00Z,2026-09-03T01:45:00+0200,27259.0,MW,ES,ES,forecast_load,Forecasted Load,2026-09-07T05:11:45Z
2026-09-07T05:11:17Z,2026-09-07T07:11:17+0200,f619aeb3-9d58-4b2c-82fb-3fdc85adf751,2026-09-03T00:00:00Z,2026-09-03T02:00:00+0200,26902.0,MW,ES,ES,forecast_load,Forecasted Load,2026-09-07T05:11:45Z
2026-09-07T05:11:17Z,2026-09-07T07:11:17+0200,f619aeb3-9d58-4b2c-82fb-3fdc85adf751,2026-09-03T00:15:00Z,2026-09-03T02:15:00+0200,26655.0,MW,ES,ES,forecast_load,Forecasted Load,2026-09-07T05:11:45Z
2026-09-07T05:11:17Z,2026-09-07T07:11:17+0200,f619aeb3-9d58-4b2c-82fb-3fdc85adf751,2026-09-03T00:30:00Z,2026-09-03T02:30:00+0200,26446.0,MW,ES,ES,forecast_load,Forecasted Load,2026-09-07T05:11:45Z
2026-09-07T05:11:17Z,2026-09-07T07:11:17+0200,f619aeb3-9d58-4b2c-82fb-3fdc85adf751,2026-09-03T00:45:00Z,2026-09-03T02:45:00+0200,26271.0,MW,ES,ES,forecast_load,Forecasted Load,2026-09-07T05:11:45Z
2026-09-07T05:11:17Z,2026-09-07T07:11:17+0200,f619aeb3-9d58-4b2c-82fb-3fdc85adf751,2026-09-03T01:00:00Z,2026-09-03T03:00:00+0200,26076.0,MW,ES,ES,forecast_load,Forecasted Load,2026-09-07T05:11:45Z
2026-09-07T05:11:17Z,2026-09-07T07:11:17+0200,f619aeb3-9d58-4b2c-82fb-3fdc85adf751,2026-09-03T01:15:00Z,2026-09-03T03:15:00+0200,25960.0,MW,ES,ES,forecast_load,Forecasted Load,2026-09-07T05:11:45Z
2026-09-07T05:11:17Z,2026-09-07T07:11:17+0200,f619aeb3-9d58-4b2c-82fb-3fdc85adf751,2026-09-03T01:30:00Z,2026-09-03T03:30:00+0200,25869.0,MW,ES,ES,forecast_load,Forecasted Load,2026-09-07T05:11:45Z
2026-09-07T05:11:17Z,2026-09-07T07:11:17+0200,f619aeb3-9d58-4b2c-82fb-3fdc85adf751,2026-09-03T01:45:00Z,2026-09-03T03:45:00+0200,25800.0,MW,ES,ES,forecast_load,Forecasted Load,2026-09-07T05:11:45Z
2026-09-07T05:11:17Z,2026-09-07T07:11:17+0200,f619aeb3-9d58-4b2c-82fb-3fdc85adf751,2026-09-03T02:00:00Z,2026-09-03T04:00:00+0200,25706.0,MW,ES,ES,forecast_load,Forecasted Load,2026-09-07T05:11:45Z
2026-09-07T05:11:17Z,2026-09-07T07:11:17+0200,f619aeb3-9d58-4b2c-82fb-3fdc85adf751,2026-09-03T02:15:00Z,2026-09-03T04:15:00+0200,25672.0,MW,ES,ES,forecast_load,Forecasted Load,2026-09-07T05:11:45Z
2026-09-07T05:11:17Z,2026-09-07T07:11:17+0200,f619aeb3-9d58-4b2c-82fb-3fdc85adf751,2026-09-03T02:30:00Z,2026-09-03T04:30:00+0200,25659.0,MW,ES,ES,forecast_load,Forecasted Load,2026-09-07T05:11:45Z
2026-09-07T05:11:17Z,2026-09-07T07:11:17+0200,f619aeb3-9d58-4b2c-82fb-3fdc85adf751,2026-09-03T02:45:00Z,2026-09-03T04:45:00+0200,25696.0,MW,ES,ES,forecast_load,Forecasted Load,2026-09-07T05:11:45Z
2026-09-07T05:11:17Z,2026-09-07T07:11:17+0200,f619aeb3-9d58-4b2c-82fb-3fdc85adf751,2026-09-03T03:00:00Z,2026-09-03T05:00:00+0200,25572.0,MW,ES,ES,forecast_load,Forecasted Load,2026-09-07T05:11:45Z
2026-09-07T05:11:17Z,2026-09-07T07:11:17+0200,f619aeb3-9d58-4b2c-82fb-3fdc85adf751,2026-09-03T03:15:00Z,2026-09-03T05:15:00+0200,25815.0,MW,ES,ES,forecast_load,Forecasted Load,2026-09-07T05:11:45Z
2026-09-07T05:11:17Z,2026-09-07T07:11:17+0200,f619aeb3-9d58-4b2c-82fb-3fdc85adf751,2026-09-03T03:30:00Z,2026-09-03T05:30:00+0200,26203.0,MW,ES,ES,forecast_load,Forecasted Load,2026-09-07T05:11:45Z
2026-09-07T05:11:17Z,2026-09-07T07:11:17+0200,f619aeb3-9d58-4b2c-82fb-3fdc85adf751,2026-09-03T03:45:00Z,2026-09-03T05:45:00+0200,26711.0,MW,ES,ES,forecast_load,Forecasted Load,2026-09-07T05:11:45Z
2026-09-07T05:11:17Z,2026-09-07T07:11:17+0200,f619aeb3-9d58-4b2c-82fb-3fdc85adf751,2026-09-03T04:00:00Z,2026-09-03T06:00:00+0200,27266.0,MW,ES,ES,forecast_load,Forecasted Load,2026-09-07T05:11:45Z
2026-09-07T05:11:17Z,2026-09-07T07:11:17+0200,f619aeb3-9d58-4b2c-82fb-3fdc85adf751,2026-09-03T04:15:00Z,2026-09-03T06:15:00+0200,27902.0,MW,ES,ES,forecast_load,Forecasted Load,2026-09-07T05:11:45Z
2026-09-07T05:11:17Z,2026-09-07T07:11:17+0200,f619aeb3-9d58-4b2c-82fb-3fdc85adf751,2026-09-03T04:30:00Z,2026-09-03T06:30:00+0200,28548.0,MW,ES,ES,forecast_load,Forecasted Load,2026-09-07T05:11:45Z
2026-09-07T05:11:17Z,2026-09-07T07:11:17+0200,f619aeb3-9d58-4b2c-82fb-3fdc85adf751,2026-09-03T04:45:00Z,2026-09-03T06:45:00+0200,29168.0,MW,ES,ES,forecast_load,Forecasted Load,2026-09-07T05:11:45Z
2026-09-07T05:11:17Z,2026-09-07T07:11:17+0200,f619aeb3-9d58-4b2c-82fb-3fdc85adf751,2026-09-03T05:00:00Z,2026-09-03T07:00:00+0200,29944.0,MW,ES,ES,forecast_load,Forecasted Load,2026-09-07T05:11:45Z
2026-09-07T05:11:17Z,2026-09-07T07:11:17+0200,f619aeb3-9d58-4b2c-82fb-3fdc85adf751,2026-09-03T05:15:00Z,2026-09-03T07:15:00+0200,30414.0,MW,ES,ES,forecast_load,Forecasted Load,2026-09-07T05:11:45Z
2026-09-07T05:11:17Z,2026-09-07T07:11:17+0200,f619aeb3-9d58-4b2c-82fb-3fdc85adf751,2026-09-03T05:30:00Z,2026-09-03T07:30:00+0200,30769.0,MW,ES,ES,forecast_load,Forecasted Load,2026-09-07T05:11:45Z
2026-09-07T05:11:17Z,2026-09-07T07:11:17+0200,f619aeb3-9d58-4b2c-82fb-3fdc85adf751,2026-09-03T05:45:00Z,2026-09-03T07:45:00+0200,31040.0,MW,ES,ES,forecast_load,Forecasted Load,2026-09-07T05:11:45Z
2026-09-07T05:11:17Z,2026-09-07T07:11:17+0200,f619aeb3-9d58-4b2c-82fb-3fdc85adf751,2026-09-03T06:00:00Z,2026-09-03T08:00:00+0200,31248.0,MW,ES,ES,forecast_load,Forecasted Load,2026-09-07T05:11:45Z
2026-09-07T05:11:17Z,2026-09-07T07:11:17+0200,f619aeb3-9d58-4b2c-82fb-3fdc85adf751,2026-09-03T06:15:00Z,2026-09-03T08:15:00+0200,31489.0,MW,ES,ES,forecast_load,Forecasted Load,2026-09-07T05:11:45Z
2026-09-07T05:11:17Z,2026-09-07T07:11:17+0200,f619aeb3-9d58-4b2c-82fb-3fdc85adf751,2026-09-03T06:30:00Z,2026-09-03T08:30:00+0200,31770.0,MW,ES,ES,forecast_load,Forecasted Load,2026-09-07T05:11:45Z
2026-09-07T05:11:17Z,2026-09-07T07:11:17+0200,f619aeb3-9d58-4b2c-82fb-3fdc85adf751,2026-09-03T06:45:00Z,2026-09-03T08:45:00+0200,32078.0,MW,ES,ES,forecast_load,Forecasted Load,2026-09-07T05:11:45Z
2026-09-07T05:11:17Z,2026-09-07T07:11:17+0200,f619aeb3-9d58-4b2c-82fb-3fdc85adf751,2026-09-03T07:00:00Z,2026-09-03T09:00:00+0200,32456.0,MW,ES,ES,forecast_load,Forecasted Load,2026-09-07T05:11:45Z
2026-09-07T05:11:17Z,2026-09-07T07:11:17+0200,f619aeb3-9d58-4b2c-82fb-3fdc85adf751,2026-09-03T07:15:00Z,2026-09-03T09:15:00+0200,32735.0,MW,ES,ES,forecast_load,Forecasted Load,2026-09-07T05:11:45Z
2026-09-07T05:11:17Z,2026-09-07T07:11:17+0200,f619aeb3-9d58-4b2c-82fb-3fdc85adf751,2026-09-03T07:30:00Z,2026-09-03T09:30:00+0200,32965.0,MW,ES,ES,forecast_load,Forecasted Load,2026-09-07T05:11:45Z
2026-09-07T05:11:17Z,2026-09-07T07:11:17+0200,f619aeb3-9d58-4b2c-82fb-3fdc85adf751,2026-09-03T07:45:00Z,2026-09-03T09:45:00+0200,33148.0,MW,ES,ES,forecast_load,Forecasted Load,2026-09-07T05:11:45Z
2026-09-07T05:11:17Z,2026-09-07T07:11:17+0200,f619aeb3-9d58-4b2c-82fb-3fdc85adf751,2026-09-03T08:00:00Z,2026-09-03T10:00:00+0200,33346.0,MW,ES,ES,forecast_load,Forecasted Load,2026-09-07T05:11:45Z
2026-09-07T05:11:17Z,2026-09-07T07:11:17+0200,f619aeb3-9d58-4b2c-82fb-3fdc85adf751,2026-09-03T08:15:00Z,2026-09-03T10:15:00+0200,33465.0,MW,ES,ES,forecast_load,Forecasted Load,2026-09-07T05:11:45Z
2026-09-07T05:11:17Z,2026-09-07T07:11:17+0200,f619aeb3-9d58-4b2c-82fb-3fdc85adf751,2026-09-03T08:30:00Z,2026-09-03T10:30:00+0200,33566.0,MW,ES,ES,forecast_load,Forecasted Load,2026-09-07T05:11:45Z
2026-09-07T05:11:17Z,2026-09-07T07:11:17+0200,f619aeb3-9d58-4b2c-82fb-3fdc85adf751,2026-09-03T08:45:00Z,2026-09-03T10:45:00+0200,33653.0,MW,ES,ES,forecast_load,Forecasted Load,2026-09-07T05:11:45Z
2026-09-07T05:11:17Z,2026-09-07T07:11:17+0200,f619aeb3-9d58-4b2c-82fb-3fdc85adf751,2026-09-03T09:00:00Z,2026-09-03T11:00:00+0200,33731.0,MW,ES,ES,forecast_load,Forecasted Load,2026-09-07T05:11:45Z
2026-09-07T05:11:17Z,2026-09-07T07:11:17+0200,f619aeb3-9d58-4b2c-82fb-3fdc85adf751,2026-09-03T09:15:00Z,2026-09-03T11:15:00+0200,33808.0,MW,ES,ES,forecast_load,Forecasted Load,2026-09-07T05:11:45Z
2026-09-07T05:11:17Z,2026-09-07T07:11:17+0200,f619aeb3-9d58-4b2c-82fb-3fdc85adf751,2026-09-03T09:30:00Z,2026-09-03T11:30:00+0200,33889.0,MW,ES,ES,forecast_load,Forecasted Load,2026-09-07T05:11:45Z
2026-09-07T05:11:17Z,2026-09-07T07:11:17+0200,f619aeb3-9d58-4b2c-82fb-3fdc85adf751,2026-09-03T09:45:00Z,2026-09-03T11:45:00+0200,33984.0,MW,ES,ES,forecast_load,Forecasted Load,2026-09-07T05:11:45Z
2026-09-07T05:11:17Z,2026-09-07T07:11:17+0200,f619aeb3-9d58-4b2c-82fb-3fdc85adf751,2026-09-03T10:00:00Z,2026-09-03T12:00:00+0200,34035.0,MW,ES,ES,forecast_load,Forecasted Load,2026-09-07T05:11:45Z
2026-09-07T05:11:17Z,2026-09-07T07:11:17+0200,f619aeb3-9d58-4b2c-82fb-3fdc85adf751,2026-09-03T10:15:00Z,2026-09-03T12:15:00+0200,34193.0,MW,ES,ES,forecast_load,Forecasted Load,2026-09-07T05:11:45Z
2026-09-07T05:11:17Z,2026-09-07T07:11:17+0200,f619aeb3-9d58-4b2c-82fb-3fdc85adf751,2026-09-03T10:30:00Z,2026-09-03T12:30:00+0200,34394.0,MW,ES,ES,forecast_load,Forecasted Load,2026-09-07T05:11:45Z
2026-09-07T05:11:17Z,2026-09-07T07:11:17+0200,f619aeb3-9d58-4b2c-82fb-3fdc85adf751,2026-09-03T10:45:00Z,2026-09-03T12:45:00+0200,34615.0,MW,ES,ES,forecast_load,Forecasted Load,2026-09-07T05:11:45Z
2026-09-07T05:11:17Z,2026-09-07T07:11:17+0200,f619aeb3-9d58-4b2c-82fb-3fdc85adf751,2026-09-03T11:00:00Z,2026-09-03T13:00:00+0200,34920.0,MW,ES,ES,forecast_load,Forecasted Load,2026-09-07T05:11:45Z
2026-09-07T05:11:17Z,2026-09-07T07:11:17+0200,f619aeb3-9d58-4b2c-82fb-3fdc85adf751,2026-09-03T11:15:00Z,2026-09-03T13:15:00+0200,35094.0,MW,ES,ES,forecast_load,Forecasted Load,2026-09-07T05:11:45Z
2026-09-07T05:11:17Z,2026-09-07T07:11:17+0200,f619aeb3-9d58-4b2c-82fb-3fdc85adf751,2026-09-03T11:30:00Z,2026-09-03T13:30:00+0200,35207.0,MW,ES,ES,forecast_load,Forecasted Load,2026-09-07T05:11:45Z
2026-09-07T05:11:17Z,2026-09-07T07:11:17+0200,f619aeb3-9d58-4b2c-82fb-3fdc85adf751,2026-09-03T11:45:00Z,2026-09-03T13:45:00+0200,35259.0,MW,ES,ES,forecast_load,Forecasted Load,2026-09-07T05:11:45Z
2026-09-07T05:11:17Z,2026-09-07T07:11:17+0200,f619aeb3-9d58-4b2c-82fb-3fdc85adf751,2026-09-03T12:00:00Z,2026-09-03T14:00:00+0200,35339.0,MW,ES,ES,forecast_load,Forecasted Load,2026-09-07T05:11:45Z
2026-09-07T05:11:17Z,2026-09-07T07:11:17+0200,f619aeb3-9d58-4b2c-82fb-3fdc85adf751,2026-09-03T12:15:00Z,2026-09-03T14:15:00+0200,35294.0,MW,ES,ES,forecast_load,Forecasted Load,2026-09-07T05:11:45Z
2026-09-07T05:11:17Z,2026-09-07T07:11:17+0200,f619aeb3-9d58-4b2c-82fb-3fdc85adf751,2026-09-03T12:30:00Z,2026-09-03T14:30:00+0200,35214.0,MW,ES,ES,forecast_load,Forecasted Load,2026-09-07T05:11:45Z
2026-09-07T05:11:17Z,2026-09-07T07:11:17+0200,f619aeb3-9d58-4b2c-82fb-3fdc85adf751,2026-09-03T12:45:00Z,2026-09-03T14:45:00+0200,35117.0,MW,ES,ES,forecast_load,Forecasted Load,2026-09-07T05:11:45Z
2026-09-07T05:11:17Z,2026-09-07T07:11:17+0200,f619aeb3-9d58-4b2c-82fb-3fdc85adf751,2026-09-03T13:00:00Z,2026-09-03T15:00:00+0200,34961.0,MW,ES,ES,forecast_load,Forecasted Load,2026-09-07T05:11:45Z
2026-09-07T05:11:17Z,2026-09-07T07:11:17+0200,f619aeb3-9d58-4b2c-82fb-3fdc85adf751,2026-09-03T13:15:00Z,2026-09-03T15:15:00+0200,34896.0,MW,ES,ES,forecast_load,Forecasted Load,2026-09-07T05:11:45Z
2026-09-07T05:11:17Z,2026-09-07T07:11:17+0200,f619aeb3-9d58-4b2c-82fb-3fdc85adf751,2026-09-03T13:30:00Z,2026-09-03T15:30:00+0200,34874.0,MW,ES,ES,forecast_load,Forecasted Load,2026-09-07T05:11:45Z
2026-09-07T05:11:17Z,2026-09-07T07:11:17+0200,f619aeb3-9d58-4b2c-82fb-3fdc85adf751,2026-09-03T13:45:00Z,2026-09-03T15:45:00+0200,34898.0,MW,ES,ES,forecast_load,Forecasted Load,2026-09-07T05:11:45Z
2026-09-07T05:11:17Z,2026-09-07T07:11:17+0200,f619aeb3-9d58-4b2c-82fb-3fdc85adf751,2026-09-03T14:00:00Z,2026-09-03T16:00:00+0200,34885.0,MW,ES,ES,forecast_load,Forecasted Load,2026-09-07T05:11:45Z
2026-09-07T05:11:17Z,2026-09-07T07:11:17+0200,f619aeb3-9d58-4b2c-82fb-3fdc85adf751,2026-09-03T14:15:00Z,2026-09-03T16:15:00+0200,34999.0,MW,ES,ES,forecast_load,Forecasted Load,2026-09-07T05:11:45Z
2026-09-07T05:11:17Z,2026-09-07T07:11:17+0200,f619aeb3-9d58-4b2c-82fb-3fdc85adf751,2026-09-03T14:30:00Z,2026-09-03T16:30:00+0200,35154.0,MW,ES,ES,forecast_load,Forecasted Load,2026-09-07T05:11:45Z
2026-09-07T05:11:17Z,2026-09-07T07:11:17+0200,f619aeb3-9d58-4b2c-82fb-3fdc85adf751,2026-09-03T14:45:00Z,2026-09-03T16:45:00+0200,35337.0,MW,ES,ES,forecast_load,Forecasted Load,2026-09-07T05:11:45Z
2026-09-07T05:11:17Z,2026-09-07T07:11:17+0200,f619aeb3-9d58-4b2c-82fb-3fdc85adf751,2026-09-03T15:00:00Z,2026-09-03T17:00:00+0200,35550.0,MW,ES,ES,forecast_load,Forecasted Load,2026-09-07T05:11:45Z
2026-09-07T05:11:17Z,2026-09-07T07:11:17+0200,f619aeb3-9d58-4b2c-82fb-3fdc85adf751,2026-09-03T15:15:00Z,2026-09-03T17:15:00+0200,35743.0,MW,ES,ES,forecast_load,Forecasted Load,2026-09-07T05:11:45Z
2026-09-07T05:11:17Z,2026-09-07T07:11:17+0200,f619aeb3-9d58-4b2c-82fb-3fdc85adf751,2026-09-03T15:30:00Z,2026-09-03T17:30:00+0200,35919.0,MW,ES,ES,forecast_load,Forecasted Load,2026-09-07T05:11:45Z
2026-09-07T05:11:17Z,2026-09-07T07:11:17+0200,f619aeb3-9d58-4b2c-82fb-3fdc85adf751,2026-09-03T15:45:00Z,2026-09-03T17:45:00+0200,36074.0,MW,ES,ES,forecast_load,Forecasted Load,2026-09-07T05:11:45Z
2026-09-07T05:11:17Z,2026-09-07T07:11:17+0200,f619aeb3-9d58-4b2c-82fb-3fdc85adf751,2026-09-03T16:00:00Z,2026-09-03T18:00:00+0200,36260.0,MW,ES,ES,forecast_load,Forecasted Load,2026-09-07T05:11:45Z
2026-09-07T05:11:17Z,2026-09-07T07:11:17+0200,f619aeb3-9d58-4b2c-82fb-3fdc85adf751,2026-09-03T16:15:00Z,2026-09-03T18:15:00+0200,36361.0,MW,ES,ES,forecast_load,Forecasted Load,2026-09-07T05:11:45Z
2026-09-07T05:11:17Z,2026-09-07T07:11:17+0200,f619aeb3-9d58-4b2c-82fb-3fdc85adf751,2026-09-03T16:30:00Z,2026-09-03T18:30:00+0200,36432.0,MW,ES,ES,forecast_load,Forecasted Load,2026-09-07T05:11:45Z
2026-09-07T05:11:17Z,2026-09-07T07:11:17+0200,f619aeb3-9d58-4b2c-82fb-3fdc85adf751,2026-09-03T16:45:00Z,2026-09-03T18:45:00+0200,36486.0,MW,ES,ES,forecast_load,Forecasted Load,2026-09-07T05:11:45Z
2026-09-07T05:11:17Z,2026-09-07T07:11:17+0200,f619aeb3-9d58-4b2c-82fb-3fdc85adf751,2026-09-03T17:00:00Z,2026-09-03T19:00:00+0200,36511.0,MW,ES,ES,forecast_load,Forecasted Load,2026-09-07T05:11:45Z
2026-09-07T05:11:17Z,2026-09-07T07:11:17+0200,f619aeb3-9d58-4b2c-82fb-3fdc85adf751,2026-09-03T17:15:00Z,2026-09-03T19:15:00+0200,36568.0,MW,ES,ES,forecast_load,Forecasted Load,2026-09-07T05:11:45Z
2026-09-07T05:11:17Z,2026-09-07T07:11:17+0200,f619aeb3-9d58-4b2c-82fb-3fdc85adf751,2026-09-03T17:30:00Z,2026-09-03T19:30:00+0200,36645.0,MW,ES,ES,forecast_load,Forecasted Load,2026-09-07T05:11:45Z
2026-09-07T05:11:17Z,2026-09-07T07:11:17+0200,f619aeb3-9d58-4b2c-82fb-3fdc85adf751,2026-09-03T17:45:00Z,2026-09-03T19:45:00+0200,36738.0,MW,ES,ES,forecast_load,Forecasted Load,2026-09-07T05:11:45Z
2026-09-07T05:11:17Z,2026-09-07T07:11:17+0200,f619aeb3-9d58-4b2c-82fb-3fdc85adf751,2026-09-03T18:00:00Z,2026-09-03T20:00:00+0200,36859.0,MW,ES,ES,forecast_load,Forecasted Load,2026-09-07T05:11:45Z
2026-09-07T05:11:17Z,2026-09-07T07:11:17+0200,f619aeb3-9d58-4b2c-82fb-3fdc85adf751,2026-09-03T18:15:00Z,2026-09-03T20:15:00+0200,36961.0,MW,ES,ES,forecast_load,Forecasted Load,2026-09-07T05:11:45Z
2026-09-07T05:11:17Z,2026-09-07T07:11:17+0200,f619aeb3-9d58-4b2c-82fb-3fdc85adf751,2026-09-03T18:30:00Z,2026-09-03T20:30:00+0200,37050.0,MW,ES,ES,forecast_load,Forecasted Load,2026-09-07T05:11:45Z
2026-09-07T05:11:17Z,2026-09-07T07:11:17+0200,f619aeb3-9d58-4b2c-82fb-3fdc85adf751,2026-09-03T18:45:00Z,2026-09-03T20:45:00+0200,37084.0,MW,ES,ES,forecast_load,Forecasted Load,2026-09-07T05:11:45Z
2026-09-07T05:11:17Z,2026-09-07T07:11:17+0200,f619aeb3-9d58-4b2c-82fb-3fdc85adf751,2026-09-03T19:00:00Z,2026-09-03T21:00:00+0200,37331.0,MW,ES,ES,forecast_load,Forecasted Load,2026-09-07T05:11:45Z
2026-09-07T05:11:17Z,2026-09-07T07:11:17+0200,f619aeb3-9d58-4b2c-82fb-3fdc85adf751,2026-09-03T19:15:00Z,2026-09-03T21:15:00+0200,37109.0,MW,ES,ES,forecast_load,Forecasted Load,2026-09-07T05:11:45Z
2026-09-07T05:11:17Z,2026-09-07T07:11:17+0200,f619aeb3-9d58-4b2c-82fb-3fdc85adf751,2026-09-03T19:30:00Z,2026-09-03T21:30:00+0200,36703.0,MW,ES,ES,forecast_load,Forecasted Load,2026-09-07T05:11:45Z
2026-09-07T05:11:17Z,2026-09-07T07:11:17+0200,f619aeb3-9d58-4b2c-82fb-3fdc85adf751,2026-09-03T19:45:00Z,2026-09-03T21:45:00+0200,36145.0,MW,ES,ES,forecast_load,Forecasted Load,2026-09-07T05:11:45Z
2026-09-07T05:11:17Z,2026-09-07T07:11:17+0200,f619aeb3-9d58-4b2c-82fb-3fdc85adf751,2026-09-03T20:00:00Z,2026-09-03T22:00:00+0200,35572.0,MW,ES,ES,forecast_load,Forecasted Load,2026-09-07T05:11:45Z
2026-09-07T05:11:17Z,2026-09-07T07:11:17+0200,f619aeb3-9d58-4b2c-82fb-3fdc85adf751,2026-09-03T20:15:00Z,2026-09-03T22:15:00+0200,34862.0,MW,ES,ES,forecast_load,Forecasted Load,2026-09-07T05:11:45Z
2026-09-07T05:11:17Z,2026-09-07T07:11:17+0200,f619aeb3-9d58-4b2c-82fb-3fdc85adf751,2026-09-03T20:30:00Z,2026-09-03T22:30:00+0200,34148.0,MW,ES,ES,forecast_load,Forecasted Load,2026-09-07T05:11:45Z
2026-09-07T05:11:17Z,2026-09-07T07:11:17+0200,f619aeb3-9d58-4b2c-82fb-3fdc85adf751,2026-09-03T20:45:00Z,2026-09-03T22:45:00+0200,33458.0,MW,ES,ES,forecast_load,Forecasted Load,2026-09-07T05:11:45Z
2026-09-07T05:11:17Z,2026-09-07T07:11:17+0200,f619aeb3-9d58-4b2c-82fb-3fdc85adf751,2026-09-03T21:00:00Z,2026-09-03T23:00:00+0200,32695.0,MW,ES,ES,forecast_load,Forecasted Load,2026-09-07T05:11:45Z
2026-09-07T05:11:17Z,2026-09-07T07:11:17+0200,f619aeb3-9d58-4b2c-82fb-3fdc85adf751,2026-09-03T21:15:00Z,2026-09-03T23:15:00+0200,32121.0,MW,ES,ES,forecast_load,Forecasted Load,2026-09-07T05:11:45Z
2026-09-07T05:11:17Z,2026-09-07T07:11:17+0200,f619aeb3-9d58-4b2c-82fb-3fdc85adf751,2026-09-03T21:30:00Z,2026-09-03T23:30:00+0200,31631.0,MW,ES,ES,forecast_load,Forecasted Load,2026-09-07T05:11:45Z
2026-09-07T05:11:17Z,2026-09-07T07:11:17+0200,f619aeb3-9d58-4b2c-82fb-3fdc85adf751,2026-09-03T21:45:00Z,2026-09-03T23:45:00+0200,31203.0,MW,ES,ES,forecast_load,Forecasted Load,2026-09-07T05:11:45Z
2026-09-07T05:11:17Z,2026-09-07T07:11:17+0200,f619aeb3-9d58-4b2c-82fb-3fdc85adf751,2026-09-03T22:00:00Z,2026-09-04T00:00:00+0200,31147.0,MW,ES,ES,forecast_load,Forecasted Load,2026-09-07T05:11:45Z
2026-09-07T05:11:17Z,2026-09-07T07:11:17+0200,f619aeb3-9d58-4b2c-82fb-3fdc85adf751,2026-09-03T22:15:00Z,2026-09-04T00:15:00+0200,30679.0,MW,ES,ES,forecast_load,Forecasted Load,2026-09-07T05:11:45Z
2026-09-07T05:11:17Z,2026-09-07T07:11:17+0200,f619aeb3-9d58-4b2c-82fb-3fdc85adf751,2026-09-03T22:30:00Z,2026-09-04T00:30:00+0200,30229.0,MW,ES,ES,forecast_load,Forecasted Load,2026-09-07T05:11:45Z
2026-09-07T05:11:17Z,2026-09-07T07:11:17+0200,f619aeb3-9d58-4b2c-82fb-3fdc85adf751,2026-09-03T22:45:00Z,2026-09-04T00:45:00+0200,29800.0,MW,ES,ES,forecast_load,Forecasted Load,2026-09-07T05:11:45Z
2026-09-07T05:11:17Z,2026-09-07T07:11:17+0200,f619aeb3-9d58-4b2c-82fb-3fdc85adf751,2026-09-03T23:00:00Z,2026-09-04T01:00:00+0200,29349.0,MW,ES,ES,forecast_load,Forecasted Load,2026-09-07T05:11:45Z
2026-09-07T05:11:17Z,2026-09-07T07:11:17+0200,f619aeb3-9d58-4b2c-82fb-3fdc85adf751,2026-09-03T23:15:00Z,2026-09-04T01:15:00+0200,28974.0,MW,ES,ES,forecast_load,Forecasted Load,2026-09-07T05:11:45Z
2026-09-07T05:11:17Z,2026-09-07T07:11:17+0200,f619aeb3-9d58-4b2c-82fb-3fdc85adf751,2026-09-03T23:30:00Z,2026-09-04T01:30:00+0200,28630.0,MW,ES,ES,forecast_load,Forecasted Load,2026-09-07T05:11:45Z
2026-09-07T05:11:17Z,2026-09-07T07:11:17+0200,f619aeb3-9d58-4b2c-82fb-3fdc85adf751,2026-09-03T23:45:00Z,2026-09-04T01:45:00+0200,28315.0,MW,ES,ES,forecast_load,Forecasted Load,2026-09-07T05:11:45Z
2026-09-07T05:11:17Z,2026-09-07T07:11:17+0200,f619aeb3-9d58-4b2c-82fb-3fdc85adf751,2026-09-04T00:00:00Z,2026-09-04T02:00:00+0200,27983.0,MW,ES,ES,forecast_load,Forecasted Load,2026-09-07T05:11:45Z
2026-09-07T05:11:17Z,2026-09-07T07:11:17+0200,f619aeb3-9d58-4b2c-82fb-3fdc85adf751,2026-09-04T00:15:00Z,2026-09-04T02:15:00+0200,27721.0,MW,ES,ES,forecast_load,Forecasted Load,2026-09-07T05:11:45Z
2026-09-07T05:11:17Z,2026-09-07T07:11:17+0200,f619aeb3-9d58-4b2c-82fb-3fdc85adf751,2026-09-04T00:30:00Z,2026-09-04T02:30:00+0200,27483.0,MW,ES,ES,forecast_load,Forecasted Load,2026-09-07T05:11:45Z
2026-09-07T05:11:17Z,2026-09-07T07:11:17+0200,f619aeb3-9d58-4b2c-82fb-3fdc85adf751,2026-09-04T00:45:00Z,2026-09-04T02:45:00+0200,27274.0,MW,ES,ES,forecast_load,Forecasted Load,2026-09-07T05:11:45Z
2026-09-07T05:11:17Z,2026-09-07T07:11:17+0200,f619aeb3-9d58-4b2c-82fb-3fdc85adf751,2026-09-04T01:00:00Z,2026-09-04T03:00:00+0200,27023.0,MW,ES,ES,forecast_load,Forecasted Load,2026-09-07T05:11:45Z
2026-09-07T05:11:17Z,2026-09-07T07:11:17+0200,f619aeb3-9d58-4b2c-82fb-3fdc85adf751,2026-09-04T01:15:00Z,2026-09-04T03:15:00+0200,26887.0,MW,ES,ES,forecast_load,Forecasted Load,2026-09-07T05:11:45Z
2026-09-07T05:11:17Z,2026-09-07T07:11:17+0200,f619aeb3-9d58-4b2c-82fb-3fdc85adf751,2026-09-04T01:30:00Z,2026-09-04T03:30:00+0200,26793.0,MW,ES,ES,forecast_load,Forecasted Load,2026-09-07T05:11:45Z
2026-09-07T05:11:17Z,2026-09-07T07:11:17+0200,f619aeb3-9d58-4b2c-82fb-3fdc85adf751,2026-09-04T01:45:00Z,2026-09-04T03:45:00+0200,26730.0,MW,ES,ES,forecast_load,Forecasted Load,2026-09-07T05:11:45Z
2026-09-07T05:11:17Z,2026-09-07T07:11:17+0200,f619aeb3-9d58-4b2c-82fb-3fdc85adf751,2026-09-04T02:00:00Z,2026-09-04T04:00:00+0200,26669.0,MW,ES,ES,forecast_load,Forecasted Load,2026-09-07T05:11:45Z
2026-09-07T05:11:17Z,2026-09-07T07:11:17+0200,f619aeb3-9d58-4b2c-82fb-3fdc85adf751,2026-09-04T02:15:00Z,2026-09-04T04:15:00+0200,26626.0,MW,ES,ES,forecast_load,Forecasted Load,2026-09-07T05:11:45Z
2026-09-07T05:11:17Z,2026-09-07T07:11:17+0200,f619aeb3-9d58-4b2c-82fb-3fdc85adf751,2026-09-04T02:30:00Z,2026-09-04T04:30:00+0200,26580.0,MW,ES,ES,forecast_load,Forecasted Load,2026-09-07T05:11:45Z
2026-09-07T05:11:17Z,2026-09-07T07:11:17+0200,f619aeb3-9d58-4b2c-82fb-3fdc85adf751,2026-09-04T02:45:00Z,2026-09-04T04:45:00+0200,26568.0,MW,ES,ES,forecast_load,Forecasted Load,2026-09-07T05:11:45Z
2026-09-07T05:11:17Z,2026-09-07T07:11:17+0200,f619aeb3-9d58-4b2c-82fb-3fdc85adf751,2026-09-04T03:00:00Z,2026-09-04T05:00:00+0200,26379.0,MW,ES,ES,forecast_load,Forecasted Load,2026-09-07T05:11:45Z
2026-09-07T05:11:17Z,2026-09-07T07:11:17+0200,f619aeb3-9d58-4b2c-82fb-3fdc85adf751,2026-09-04T03:15:00Z,2026-09-04T05:15:00+0200,26567.0,MW,ES,ES,forecast_load,Forecasted Load,2026-09-07T05:11:45Z
2026-09-07T05:11:17Z,2026-09-07T07:11:17+0200,f619aeb3-9d58-4b2c-82fb-3fdc85adf751,2026-09-04T03:30:00Z,2026-09-04T05:30:00+0200,26909.0,MW,ES,ES,forecast_load,Forecasted Load,2026-09-07T05:11:45Z
2026-09-07T05:11:17Z,2026-09-07T07:11:17+0200,f619aeb3-9d58-4b2c-82fb-3fdc85adf751,2026-09-04T03:45:00Z,2026-09-04T05:45:00+0200,27382.0,MW,ES,ES,forecast_load,Forecasted Load,2026-09-07T05:11:45Z
2026-09-07T05:11:17Z,2026-09-07T07:11:17+0200,f619aeb3-9d58-4b2c-82fb-3fdc85adf751,2026-09-04T04:00:00Z,2026-09-04T06:00:00+0200,27885.0,MW,ES,ES,forecast_load,Forecasted Load,2026-09-07T05:11:45Z
2026-09-07T05:11:17Z,2026-09-07T07:11:17+0200,f619aeb3-9d58-4b2c-82fb-3fdc85adf751,2026-09-04T04:15:00Z,2026-09-04T06:15:00+0200,28513.0,MW,ES,ES,forecast_load,Forecasted Load,2026-09-07T05:11:45Z
2026-09-07T05:11:17Z,2026-09-07T07:11:17+0200,f619aeb3-9d58-4b2c-82fb-3fdc85adf751,2026-09-04T04:30:00Z,2026-09-04T06:30:00+0200,29166.0,MW,ES,ES,forecast_load,Forecasted Load,2026-09-07T05:11:45Z
2026-09-07T05:11:17Z,2026-09-07T07:11:17+0200,f619aeb3-9d58-4b2c-82fb-3fdc85adf751,2026-09-04T04:45:00Z,2026-09-04T06:45:00+0200,29804.0,MW,ES,ES,forecast_load,Forecasted Load,2026-09-07T05:11:45Z
2026-09-07T05:11:17Z,2026-09-07T07:11:17+0200,f619aeb3-9d58-4b2c-82fb-3fdc85adf751,2026-09-04T05:00:00Z,2026-09-04T07:00:00+0200,30604.0,MW,ES,ES,forecast_load,Forecasted Load,2026-09-07T05:11:45Z
2026-09-07T05:11:17Z,2026-09-07T07:11:17+0200,f619aeb3-9d58-4b2c-82fb-3fdc85adf751,2026-09-04T05:15:00Z,2026-09-04T07:15:00+0200,31100.0,MW,ES,ES,forecast_load,Forecasted Load,2026-09-07T05:11:45Z
2026-09-07T05:11:17Z,2026-09-07T07:11:17+0200,f619aeb3-9d58-4b2c-82fb-3fdc85adf751,2026-09-04T05:30:00Z,2026-09-04T07:30:00+0200,31478.0,MW,ES,ES,forecast_load,Forecasted Load,2026-09-07T05:11:45Z
2026-09-07T05:11:17Z,2026-09-07T07:11:17+0200,f619aeb3-9d58-4b2c-82fb-3fdc85adf751,2026-09-04T05:45:00Z,2026-09-04T07:45:00+0200,31768.0,MW,ES,ES,forecast_load,Forecasted Load,2026-09-07T05:11:45Z
2026-09-07T05:11:17Z,2026-09-07T07:11:17+0200,f619aeb3-9d58-4b2c-82fb-3fdc85adf751,2026-09-04T06:00:00Z,2026-09-04T08:00:00+0200,32004.0,MW,ES,ES,forecast_load,Forecasted Load,2026-09-07T05:11:45Z
2026-09-07T05:11:17Z,2026-09-07T07:11:17+0200,f619aeb3-9d58-4b2c-82fb-3fdc85adf751,2026-09-04T06:15:00Z,2026-09-04T08:15:00+0200,32252.0,MW,ES,ES,forecast_load,Forecasted Load,2026-09-07T05:11:45Z
2026-09-07T05:11:17Z,2026-09-07T07:11:17+0200,f619aeb3-9d58-4b2c-82fb-3fdc85adf751,2026-09-04T06:30:00Z,2026-09-04T08:30:00+0200,32534.0,MW,ES,ES,forecast_load,Forecasted Load,2026-09-07T05:11:45Z
2026-09-07T05:11:17Z,2026-09-07T07:11:17+0200,f619aeb3-9d58-4b2c-82fb-3fdc85adf751,2026-09-04T06:45:00Z,2026-09-04T08:45:00+0200,32835.0,MW,ES,ES,forecast_load,Forecasted Load,2026-09-07T05:11:45Z
2026-09-07T05:11:17Z,2026-09-07T07:11:17+0200,f619aeb3-9d58-4b2c-82fb-3fdc85adf751,2026-09-04T07:00:00Z,2026-09-04T09:00:00+0200,33214.0,MW,ES,ES,forecast_load,Forecasted Load,2026-09-07T05:11:45Z
2026-09-07T05:11:17Z,2026-09-07T07:11:17+0200,f619aeb3-9d58-4b2c-82fb-3fdc85adf751,2026-09-04T07:15:00Z,2026-09-04T09:15:00+0200,33468.0,MW,ES,ES,forecast_load,Forecasted Load,2026-09-07T05:11:45Z
2026-09-07T05:11:17Z,2026-09-07T07:11:17+0200,f619aeb3-9d58-4b2c-82fb-3fdc85adf751,2026-09-04T07:30:00Z,2026-09-04T09:30:00+0200,33663.0,MW,ES,ES,forecast_load,Forecasted Load,2026-09-07T05:11:45Z
2026-09-07T05:11:17Z,2026-09-07T07:11:17+0200,f619aeb3-9d58-4b2c-82fb-3fdc85adf751,2026-09-04T07:45:00Z,2026-09-04T09:45:00+0200,33808.0,MW,ES,ES,forecast_load,Forecasted Load,2026-09-07T05:11:45Z
2026-09-07T05:11:17Z,2026-09-07T07:11:17+0200,f619aeb3-9d58-4b2c-82fb-3fdc85adf751,2026-09-04T08:00:00Z,2026-09-04T10:00:00+0200,33953.0,MW,ES,ES,forecast_load,Forecasted Load,2026-09-07T05:11:45Z
2026-09-07T05:11:17Z,2026-09-07T07:11:17+0200,f619aeb3-9d58-4b2c-82fb-3fdc85adf751,2026-09-04T08:15:00Z,2026-09-04T10:15:00+0200,34037.0,MW,ES,ES,forecast_load,Forecasted Load,2026-09-07T05:11:45Z
2026-09-07T05:11:17Z,2026-09-07T07:11:17+0200,f619aeb3-9d58-4b2c-82fb-3fdc85adf751,2026-09-04T08:30:00Z,2026-09-04T10:30:00+0200,34109.0,MW,ES,ES,forecast_load,Forecasted Load,2026-09-07T05:11:45Z
2026-09-07T05:11:17Z,2026-09-07T07:11:17+0200,f619aeb3-9d58-4b2c-82fb-3fdc85adf751,2026-09-04T08:45:00Z,2026-09-04T10:45:00+0200,34179.0,MW,ES,ES,forecast_load,Forecasted Load,2026-09-07T05:11:45Z
2026-09-07T05:11:17Z,2026-09-07T07:11:17+0200,f619aeb3-9d58-4b2c-82fb-3fdc85adf751,2026-09-04T09:00:00Z,2026-09-04T11:00:00+0200,34221.0,MW,ES,ES,forecast_load,Forecasted Load,2026-09-07T05:11:45Z
2026-09-07T05:11:17Z,2026-09-07T07:11:17+0200,f619aeb3-9d58-4b2c-82fb-3fdc85adf751,2026-09-04T09:15:00Z,2026-09-04T11:15:00+0200,34309.0,MW,ES,ES,forecast_load,Forecasted Load,2026-09-07T05:11:45Z
2026-09-07T05:11:17Z,2026-09-07T07:11:17+0200,f619aeb3-9d58-4b2c-82fb-3fdc85adf751,2026-09-04T09:30:00Z,2026-09-04T11:30:00+0200,34418.0,MW,ES,ES,forecast_load,Forecasted Load,2026-09-07T05:11:45Z
2026-09-07T05:11:17Z,2026-09-07T07:11:17+0200,f619aeb3-9d58-4b2c-82fb-3fdc85adf751,2026-09-04T09:45:00Z,2026-09-04T11:45:00+0200,34552.0,MW,ES,ES,forecast_load,Forecasted Load,2026-09-07T05:11:45Z
2026-09-07T05:11:17Z,2026-09-07T07:11:17+0200,f619aeb3-9d58-4b2c-82fb-3fdc85adf751,2026-09-04T10:00:00Z,2026-09-04T12:00:00+0200,34656.0,MW,ES,ES,forecast_load,Forecasted Load,2026-09-07T05:11:45Z
2026-09-07T05:11:17Z,2026-09-07T07:11:17+0200,f619aeb3-9d58-4b2c-82fb-3fdc85adf751,2026-09-04T10:15:00Z,2026-09-04T12:15:00+0200,34855.0,MW,ES,ES,forecast_load,Forecasted Load,2026-09-07T05:11:45Z
2026-09-07T05:11:17Z,2026-09-07T07:11:17+0200,f619aeb3-9d58-4b2c-82fb-3fdc85adf751,2026-09-04T10:30:00Z,2026-09-04T12:30:00+0200,35088.0,MW,ES,ES,forecast_load,Forecasted Load,2026-09-07T05:11:45Z
2026-09-07T05:11:17Z,2026-09-07T07:11:17+0200,f619aeb3-9d58-4b2c-82fb-3fdc85adf751,2026-09-04T10:45:00Z,2026-09-04T12:45:00+0200,35333.0,MW,ES,ES,forecast_load,Forecasted Load,2026-09-07T05:11:45Z
2026-09-07T05:11:17Z,2026-09-07T07:11:17+0200,f619aeb3-9d58-4b2c-82fb-3fdc85adf751,2026-09-04T11:00:00Z,2026-09-04T13:00:00+0200,35665.0,MW,ES,ES,forecast_load,Forecasted Load,2026-09-07T05:11:45Z
2026-09-07T05:11:17Z,2026-09-07T07:11:17+0200,f619aeb3-9d58-4b2c-82fb-3fdc85adf751,2026-09-04T11:15:00Z,2026-09-04T13:15:00+0200,35852.0,MW,ES,ES,forecast_load,Forecasted Load,2026-09-07T05:11:45Z
2026-09-07T05:11:17Z,2026-09-07T07:11:17+0200,f619aeb3-9d58-4b2c-82fb-3fdc85adf751,2026-09-04T11:30:00Z,2026-09-04T13:30:00+0200,35974.0,MW,ES,ES,forecast_load,Forecasted Load,2026-09-07T05:11:45Z
2026-09-07T05:11:17Z,2026-09-07T07:11:17+0200,f619aeb3-9d58-4b2c-82fb-3fdc85adf751,2026-09-04T11:45:00Z,2026-09-04T13:45:00+0200,36033.0,MW,ES,ES,forecast_load,Forecasted Load,2026-09-07T05:11:45Z
2026-09-07T05:11:17Z,2026-09-07T07:11:17+0200,f619aeb3-9d58-4b2c-82fb-3fdc85adf751,2026-09-04T12:00:00Z,2026-09-04T14:00:00+0200,36119.0,MW,ES,ES,forecast_load,Forecasted Load,2026-09-07T05:11:45Z
2026-09-07T05:11:17Z,2026-09-07T07:11:17+0200,f619aeb3-9d58-4b2c-82fb-3fdc85adf751,2026-09-04T12:15:00Z,2026-09-04T14:15:00+0200,36078.0,MW,ES,ES,forecast_load,Forecasted Load,2026-09-07T05:11:45Z
2026-09-07T05:11:17Z,2026-09-07T07:11:17+0200,f619aeb3-9d58-4b2c-82fb-3fdc85adf751,2026-09-04T12:30:00Z,2026-09-04T14:30:00+0200,36003.0,MW,ES,ES,forecast_load,Forecasted Load,2026-09-07T05:11:45Z
2026-09-07T05:11:17Z,2026-09-07T07:11:17+0200,f619aeb3-9d58-4b2c-82fb-3fdc85adf751,2026-09-04T12:45:00Z,2026-09-04T14:45:00+0200,35911.0,MW,ES,ES,forecast_load,Forecasted Load,2026-09-07T05:11:45Z
2026-09-07T05:11:17Z,2026-09-07T07:11:17+0200,f619aeb3-9d58-4b2c-82fb-3fdc85adf751,2026-09-04T13:00:00Z,2026-09-04T15:00:00+0200,35762.0,MW,ES,ES,forecast_load,Forecasted Load,2026-09-07T05:11:45Z
2026-09-07T05:11:17Z,2026-09-07T07:11:17+0200,f619aeb3-9d58-4b2c-82fb-3fdc85adf751,2026-09-04T13:15:00Z,2026-09-04T15:15:00+0200,35701.0,MW,ES,ES,forecast_load,Forecasted Load,2026-09-07T05:11:45Z
2026-09-07T05:11:17Z,2026-09-07T07:11:17+0200,f619aeb3-9d58-4b2c-82fb-3fdc85adf751,2026-09-04T13:30:00Z,2026-09-04T15:30:00+0200,35681.0,MW,ES,ES,forecast_load,Forecasted Load,2026-09-07T05:11:45Z
2026-09-07T05:11:17Z,2026-09-07T07:11:17+0200,f619aeb3-9d58-4b2c-82fb-3fdc85adf751,2026-09-04T13:45:00Z,2026-09-04T15:45:00+0200,35703.0,MW,ES,ES,forecast_load,Forecasted Load,2026-09-07T05:11:45Z
2026-09-07T05:11:17Z,2026-09-07T07:11:17+0200,f619aeb3-9d58-4b2c-82fb-3fdc85adf751,2026-09-04T14:00:00Z,2026-09-04T16:00:00+0200,35702.0,MW,ES,ES,forecast_load,Forecasted Load,2026-09-07T05:11:45Z
2026-09-07T05:11:17Z,2026-09-07T07:11:17+0200,f619aeb3-9d58-4b2c-82fb-3fdc85adf751,2026-09-04T14:15:00Z,2026-09-04T16:15:00+0200,35796.0,MW,ES,ES,forecast_load,Forecasted Load,2026-09-07T05:11:45Z
2026-09-07T05:11:17Z,2026-09-07T07:11:17+0200,f619aeb3-9d58-4b2c-82fb-3fdc85adf751,2026-09-04T14:30:00Z,2026-09-04T16:30:00+0200,35918.0,MW,ES,ES,forecast_load,Forecasted Load,2026-09-07T05:11:45Z
2026-09-07T05:11:17Z,2026-09-07T07:11:17+0200,f619aeb3-9d58-4b2c-82fb-3fdc85adf751,2026-09-04T14:45:00Z,2026-09-04T16:45:00+0200,36060.0,MW,ES,ES,forecast_load,Forecasted Load,2026-09-07T05:11:45Z
2026-09-07T05:11:17Z,2026-09-07T07:11:17+0200,f619aeb3-9d58-4b2c-82fb-3fdc85adf751,2026-09-04T15:00:00Z,2026-09-04T17:00:00+0200,36221.0,MW,ES,ES,forecast_load,Forecasted Load,2026-09-07T05:11:45Z
2026-09-07T05:11:17Z,2026-09-07T07:11:17+0200,f619aeb3-9d58-4b2c-82fb-3fdc85adf751,2026-09-04T15:15:00Z,2026-09-04T17:15:00+0200,36370.0,MW,ES,ES,forecast_load,Forecasted Load,2026-09-07T05:11:45Z
2026-09-07T05:11:17Z,2026-09-07T07:11:17+0200,f619aeb3-9d58-4b2c-82fb-3fdc85adf751,2026-09-04T15:30:00Z,2026-09-04T17:30:00+0200,36507.0,MW,ES,ES,forecast_load,Forecasted Load,2026-09-07T05:11:45Z
2026-09-07T05:11:17Z,2026-09-07T07:11:17+0200,f619aeb3-9d58-4b2c-82fb-3fdc85adf751,2026-09-04T15:45:00Z,2026-09-04T17:45:00+0200,36631.0,MW,ES,ES,forecast_load,Forecasted Load,2026-09-07T05:11:45Z
2026-09-07T05:11:17Z,2026-09-07T07:11:17+0200,f619aeb3-9d58-4b2c-82fb-3fdc85adf751,2026-09-04T16:00:00Z,2026-09-04T18:00:00+0200,36774.0,MW,ES,ES,forecast_load,Forecasted Load,2026-09-07T05:11:45Z
2026-09-07T05:11:17Z,2026-09-07T07:11:17+0200,f619aeb3-9d58-4b2c-82fb-3fdc85adf751,2026-09-04T16:15:00Z,2026-09-04T18:15:00+0200,36867.0,MW,ES,ES,forecast_load,Forecasted Load,2026-09-07T05:11:45Z
2026-09-07T05:11:17Z,2026-09-07T07:11:17+0200,f619aeb3-9d58-4b2c-82fb-3fdc85adf751,2026-09-04T16:30:00Z,2026-09-04T18:30:00+0200,36942.0,MW,ES,ES,forecast_load,Forecasted Load,2026-09-07T05:11:45Z
2026-09-07T05:11:17Z,2026-09-07T07:11:17+0200,f619aeb3-9d58-4b2c-82fb-3fdc85adf751,2026-09-04T16:45:00Z,2026-09-04T18:45:00+0200,37000.0,MW,ES,ES,forecast_load,Forecasted Load,2026-09-07T05:11:45Z
2026-09-07T05:11:17Z,2026-09-07T07:11:17+0200,f619aeb3-9d58-4b2c-82fb-3fdc85adf751,2026-09-04T17:00:00Z,2026-09-04T19:00:00+0200,37076.0,MW,ES,ES,forecast_load,Forecasted Load,2026-09-07T05:11:45Z
2026-09-07T05:11:17Z,2026-09-07T07:11:17+0200,f619aeb3-9d58-4b2c-82fb-3fdc85adf751,2026-09-04T17:15:00Z,2026-09-04T19:15:00+0200,37096.0,MW,ES,ES,forecast_load,Forecasted Load,2026-09-07T05:11:45Z
2026-09-07T05:11:17Z,2026-09-07T07:11:17+0200,f619aeb3-9d58-4b2c-82fb-3fdc85adf751,2026-09-04T17:30:00Z,2026-09-04T19:30:00+0200,37098.0,MW,ES,ES,forecast_load,Forecasted Load,2026-09-07T05:11:45Z
2026-09-07T05:11:17Z,2026-09-07T07:11:17+0200,f619aeb3-9d58-4b2c-82fb-3fdc85adf751,2026-09-04T17:45:00Z,2026-09-04T19:45:00+0200,37086.0,MW,ES,ES,forecast_load,Forecasted Load,2026-09-07T05:11:45Z
2026-09-07T05:11:17Z,2026-09-07T07:11:17+0200,f619aeb3-9d58-4b2c-82fb-3fdc85adf751,2026-09-04T18:00:00Z,2026-09-04T20:00:00+0200,37083.0,MW,ES,ES,forecast_load,Forecasted Load,2026-09-07T05:11:45Z
2026-09-07T05:11:17Z,2026-09-07T07:11:17+0200,f619aeb3-9d58-4b2c-82fb-3fdc85adf751,2026-09-04T18:15:00Z,2026-09-04T20:15:00+0200,37061.0,MW,ES,ES,forecast_load,Forecasted Load,2026-09-07T05:11:45Z
2026-09-07T05:11:17Z,2026-09-07T07:11:17+0200,f619aeb3-9d58-4b2c-82fb-3fdc85adf751,2026-09-04T18:30:00Z,2026-09-04T20:30:00+0200,37033.0,MW,ES,ES,forecast_load,Forecasted Load,2026-09-07T05:11:45Z
2026-09-07T05:11:17Z,2026-09-07T07:11:17+0200,f619aeb3-9d58-4b2c-82fb-3fdc85adf751,2026-09-04T18:45:00Z,2026-09-04T20:45:00+0200,36967.0,MW,ES,ES,forecast_load,Forecasted Load,2026-09-07T05:11:45Z
2026-09-07T05:11:17Z,2026-09-07T07:11:17+0200,f619aeb3-9d58-4b2c-82fb-3fdc85adf751,2026-09-04T19:00:00Z,2026-09-04T21:00:00+0200,37076.0,MW,ES,ES,forecast_load,Forecasted Load,2026-09-07T05:11:45Z
2026-09-07T05:11:17Z,2026-09-07T07:11:17+0200,f619aeb3-9d58-4b2c-82fb-3fdc85adf751,2026-09-04T19:15:00Z,2026-09-04T21:15:00+0200,36803.0,MW,ES,ES,forecast_load,Forecasted Load,2026-09-07T05:11:45Z
2026-09-07T05:11:17Z,2026-09-07T07:11:17+0200,f619aeb3-9d58-4b2c-82fb-3fdc85adf751,2026-09-04T19:30:00Z,2026-09-04T21:30:00+0200,36380.0,MW,ES,ES,forecast_load,Forecasted Load,2026-09-07T05:11:45Z
2026-09-07T05:11:17Z,2026-09-07T07:11:17+0200,f619aeb3-9d58-4b2c-82fb-3fdc85adf751,2026-09-04T19:45:00Z,2026-09-04T21:45:00+0200,35840.0,MW,ES,ES,forecast_load,Forecasted Load,2026-09-07T05:11:45Z
2026-09-07T05:11:17Z,2026-09-07T07:11:17+0200,f619aeb3-9d58-4b2c-82fb-3fdc85adf751,2026-09-04T20:00:00Z,2026-09-04T22:00:00+0200,35257.0,MW,ES,ES,forecast_load,Forecasted Load,2026-09-07T05:11:45Z
2026-09-07T05:11:17Z,2026-09-07T07:11:17+0200,f619aeb3-9d58-4b2c-82fb-3fdc85adf751,2026-09-04T20:15:00Z,2026-09-04T22:15:00+0200,34636.0,MW,ES,ES,forecast_load,Forecasted Load,2026-09-07T05:11:45Z
2026-09-07T05:11:17Z,2026-09-07T07:11:17+0200,f619aeb3-9d58-4b2c-82fb-3fdc85adf751,2026-09-04T20:30:00Z,2026-09-04T22:30:00+0200,34042.0,MW,ES,ES,forecast_load,Forecasted Load,2026-09-07T05:11:45Z
2026-09-07T05:11:17Z,2026-09-07T07:11:17+0200,f619aeb3-9d58-4b2c-82fb-3fdc85adf751,2026-09-04T20:45:00Z,2026-09-04T22:45:00+0200,33477.0,MW,ES,ES,forecast_load,Forecasted Load,2026-09-07T05:11:45Z
2026-09-07T05:11:17Z,2026-09-07T07:11:17+0200,f619aeb3-9d58-4b2c-82fb-3fdc85adf751,2026-09-04T21:00:00Z,2026-09-04T23:00:00+0200,32918.0,MW,ES,ES,forecast_load,Forecasted Load,2026-09-07T05:11:45Z
2026-09-07T05:11:17Z,2026-09-07T07:11:17+0200,f619aeb3-9d58-4b2c-82fb-3fdc85adf751,2026-09-04T21:15:00Z,2026-09-04T23:15:00+0200,32392.0,MW,ES,ES,forecast_load,Forecasted Load,2026-09-07T05:11:45Z
2026-09-07T05:11:17Z,2026-09-07T07:11:17+0200,f619aeb3-9d58-4b2c-82fb-3fdc85adf751,2026-09-04T21:30:00Z,2026-09-04T23:30:00+0200,31879.0,MW,ES,ES,forecast_load,Forecasted Load,2026-09-07T05:11:45Z
2026-09-07T05:11:17Z,2026-09-07T07:11:17+0200,f619aeb3-9d58-4b2c-82fb-3fdc85adf751,2026-09-04T21:45:00Z,2026-09-04T23:45:00+0200,31383.0,MW,ES,ES,forecast_load,Forecasted Load,2026-09-07T05:11:45Z
2026-09-07T05:11:17Z,2026-09-07T07:11:17+0200,f619aeb3-9d58-4b2c-82fb-3fdc85adf751,2026-09-04T22:00:00Z,2026-09-05T00:00:00+0200,30191.0,MW,ES,ES,forecast_load,Forecasted Load,2026-09-07T05:11:45Z
2026-09-07T05:11:17Z,2026-09-07T07:11:17+0200,f619aeb3-9d58-4b2c-82fb-3fdc85adf751,2026-09-04T22:15:00Z,2026-09-05T00:15:00+0200,29804.0,MW,ES,ES,forecast_load,Forecasted Load,2026-09-07T05:11:45Z
2026-09-07T05:11:17Z,2026-09-07T07:11:17+0200,f619aeb3-9d58-4b2c-82fb-3fdc85adf751,2026-09-04T22:30:00Z,2026-09-05T00:30:00+0200,29405.0,MW,ES,ES,forecast_load,Forecasted Load,2026-09-07T05:11:45Z
2026-09-07T05:11:17Z,2026-09-07T07:11:17+0200,f619aeb3-9d58-4b2c-82fb-3fdc85adf751,2026-09-04T22:45:00Z,2026-09-05T00:45:00+0200,29000.0,MW,ES,ES,forecast_load,Forecasted Load,2026-09-07T05:11:45Z
2026-09-07T05:11:17Z,2026-09-07T07:11:17+0200,f619aeb3-9d58-4b2c-82fb-3fdc85adf751,2026-09-04T23:00:00Z,2026-09-05T01:00:00+0200,28573.0,MW,ES,ES,forecast_load,Forecasted Load,2026-09-07T05:11:45Z
2026-09-07T05:11:17Z,2026-09-07T07:11:17+0200,f619aeb3-9d58-4b2c-82fb-3fdc85adf751,2026-09-04T23:15:00Z,2026-09-05T01:15:00+0200,28190.0,MW,ES,ES,forecast_load,Forecasted Load,2026-09-07T05:11:45Z
2026-09-07T05:11:17Z,2026-09-07T07:11:17+0200,f619aeb3-9d58-4b2c-82fb-3fdc85adf751,2026-09-04T23:30:00Z,2026-09-05T01:30:00+0200,27832.0,MW,ES,ES,forecast_load,Forecasted Load,2026-09-07T05:11:45Z
2026-09-07T05:11:17Z,2026-09-07T07:11:17+0200,f619aeb3-9d58-4b2c-82fb-3fdc85adf751,2026-09-04T23:45:00Z,2026-09-05T01:45:00+0200,27498.0,MW,ES,ES,forecast_load,Forecasted Load,2026-09-07T05:11:45Z
2026-09-07T05:11:17Z,2026-09-07T07:11:17+0200,f619aeb3-9d58-4b2c-82fb-3fdc85adf751,2026-09-05T00:00:00Z,2026-09-05T02:00:00+0200,27152.0,MW,ES,ES,forecast_load,Forecasted Load,2026-09-07T05:11:45Z
2026-09-07T05:11:17Z,2026-09-07T07:11:17+0200,f619aeb3-9d58-4b2c-82fb-3fdc85adf751,2026-09-05T00:15:00Z,2026-09-05T02:15:00+0200,26864.0,MW,ES,ES,forecast_load,Forecasted Load,2026-09-07T05:11:45Z
2026-09-07T05:11:17Z,2026-09-07T07:11:17+0200,f619aeb3-9d58-4b2c-82fb-3fdc85adf751,2026-09-05T00:30:00Z,2026-09-05T02:30:00+0200,26596.0,MW,ES,ES,forecast_load,Forecasted Load,2026-09-07T05:11:45Z
2026-09-07T05:11:17Z,2026-09-07T07:11:17+0200,f619aeb3-9d58-4b2c-82fb-3fdc85adf751,2026-09-05T00:45:00Z,2026-09-05T02:45:00+0200,26350.0,MW,ES,ES,forecast_load,Forecasted Load,2026-09-07T05:11:45Z
2026-09-07T05:11:17Z,2026-09-07T07:11:17+0200,f619aeb3-9d58-4b2c-82fb-3fdc85adf751,2026-09-05T01:00:00Z,2026-09-05T03:00:00+0200,26080.0,MW,ES,ES,forecast_load,Forecasted Load,2026-09-07T05:11:45Z
2026-09-07T05:11:17Z,2026-09-07T07:11:17+0200,f619aeb3-9d58-4b2c-82fb-3fdc85adf751,2026-09-05T01:15:00Z,2026-09-05T03:15:00+0200,25885.0,MW,ES,ES,forecast_load,Forecasted Load,2026-09-07T05:11:45Z
2026-09-07T05:11:17Z,2026-09-07T07:11:17+0200,f619aeb3-9d58-4b2c-82fb-3fdc85adf751,2026-09-05T01:30:00Z,2026-09-05T03:30:00+0200,25718.0,MW,ES,ES,forecast_load,Forecasted Load,2026-09-07T05:11:45Z
2026-09-07T05:11:17Z,2026-09-07T07:11:17+0200,f619aeb3-9d58-4b2c-82fb-3fdc85adf751,2026-09-05T01:45:00Z,2026-09-05T03:45:00+0200,25570.0,MW,ES,ES,forecast_load,Forecasted Load,2026-09-07T05:11:45Z
2026-09-07T05:11:17Z,2026-09-07T07:11:17+0200,f619aeb3-9d58-4b2c-82fb-3fdc85adf751,2026-09-05T02:00:00Z,2026-09-05T04:00:00+0200,25427.0,MW,ES,ES,forecast_load,Forecasted Load,2026-09-07T05:11:45Z
2026-09-07T05:11:17Z,2026-09-07T07:11:17+0200,f619aeb3-9d58-4b2c-82fb-3fdc85adf751,2026-09-05T02:15:00Z,2026-09-05T04:15:00+0200,25293.0,MW,ES,ES,forecast_load,Forecasted Load,2026-09-07T05:11:45Z
2026-09-07T05:11:17Z,2026-09-07T07:11:17+0200,f619aeb3-9d58-4b2c-82fb-3fdc85adf751,2026-09-05T02:30:00Z,2026-09-05T04:30:00+0200,25158.0,MW,ES,ES,forecast_load,Forecasted Load,2026-09-07T05:11:45Z
2026-09-07T05:11:17Z,2026-09-07T07:11:17+0200,f619aeb3-9d58-4b2c-82fb-3fdc85adf751,2026-09-05T02:45:00Z,2026-09-05T04:45:00+0200,25037.0,MW,ES,ES,forecast_load,Forecasted Load,2026-09-07T05:11:45Z
2026-09-07T05:11:17Z,2026-09-07T07:11:17+0200,f619aeb3-9d58-4b2c-82fb-3fdc85adf751,2026-09-05T03:00:00Z,2026-09-05T05:00:00+0200,24833.0,MW,ES,ES,forecast_load,Forecasted Load,2026-09-07T05:11:45Z
2026-09-07T05:11:17Z,2026-09-07T07:11:17+0200,f619aeb3-9d58-4b2c-82fb-3fdc85adf751,2026-09-05T03:15:00Z,2026-09-05T05:15:00+0200,24808.0,MW,ES,ES,forecast_load,Forecasted Load,2026-09-07T05:11:45Z
2026-09-07T05:11:17Z,2026-09-07T07:11:17+0200,f619aeb3-9d58-4b2c-82fb-3fdc85adf751,2026-09-05T03:30:00Z,2026-09-05T05:30:00+0200,24856.0,MW,ES,ES,forecast_load,Forecasted Load,2026-09-07T05:11:45Z
2026-09-07T05:11:17Z,2026-09-07T07:11:17+0200,f619aeb3-9d58-4b2c-82fb-3fdc85adf751,2026-09-05T03:45:00Z,2026-09-05T05:45:00+0200,24964.0,MW,ES,ES,forecast_load,Forecasted Load,2026-09-07T05:11:45Z
2026-09-07T05:11:17Z,2026-09-07T07:11:17+0200,f619aeb3-9d58-4b2c-82fb-3fdc85adf751,2026-09-05T04:00:00Z,2026-09-05T06:00:00+0200,25084.0,MW,ES,ES,forecast_load,Forecasted Load,2026-09-07T05:11:45Z
2026-09-07T05:11:17Z,2026-09-07T07:11:17+0200,f619aeb3-9d58-4b2c-82fb-3fdc85adf751,2026-09-05T04:15:00Z,2026-09-05T06:15:00+0200,25250.0,MW,ES,ES,forecast_load,Forecasted Load,2026-09-07T05:11:45Z
2026-09-07T05:11:17Z,2026-09-07T07:11:17+0200,f619aeb3-9d58-4b2c-82fb-3fdc85adf751,2026-09-05T04:30:00Z,2026-09-05T06:30:00+0200,25418.0,MW,ES,ES,forecast_load,Forecasted Load,2026-09-07T05:11:45Z
2026-09-07T05:11:17Z,2026-09-07T07:11:17+0200,f619aeb3-9d58-4b2c-82fb-3fdc85adf751,2026-09-05T04:45:00Z,2026-09-05T06:45:00+0200,25585.0,MW,ES,ES,forecast_load,Forecasted Load,2026-09-07T05:11:45Z
2026-09-07T05:11:17Z,2026-09-07T07:11:17+0200,f619aeb3-9d58-4b2c-82fb-3fdc85adf751,2026-09-05T05:00:00Z,2026-09-05T07:00:00+0200,25749.0,MW,ES,ES,forecast_load,Forecasted Load,2026-09-07T05:11:45Z
2026-09-07T05:11:17Z,2026-09-07T07:11:17+0200,f619aeb3-9d58-4b2c-82fb-3fdc85adf751,2026-09-05T05:15:00Z,2026-09-05T07:15:00+0200,25916.0,MW,ES,ES,forecast_load,Forecasted Load,2026-09-07T05:11:45Z
2026-09-07T05:11:17Z,2026-09-07T07:11:17+0200,f619aeb3-9d58-4b2c-82fb-3fdc85adf751,2026-09-05T05:30:00Z,2026-09-05T07:30:00+0200,26087.0,MW,ES,ES,forecast_load,Forecasted Load,2026-09-07T05:11:45Z
2026-09-07T05:11:17Z,2026-09-07T07:11:17+0200,f619aeb3-9d58-4b2c-82fb-3fdc85adf751,2026-09-05T05:45:00Z,2026-09-05T07:45:00+0200,26273.0,MW,ES,ES,forecast_load,Forecasted Load,2026-09-07T05:11:45Z
2026-09-07T05:11:17Z,2026-09-07T07:11:17+0200,f619aeb3-9d58-4b2c-82fb-3fdc85adf751,2026-09-05T06:00:00Z,2026-09-05T08:00:00+0200,26407.0,MW,ES,ES,forecast_load,Forecasted Load,2026-09-07T05:11:45Z
2026-09-07T05:11:17Z,2026-09-07T07:11:17+0200,f619aeb3-9d58-4b2c-82fb-3fdc85adf751,2026-09-05T06:15:00Z,2026-09-05T08:15:00+0200,26662.0,MW,ES,ES,forecast_load,Forecasted Load,2026-09-07T05:11:45Z
2026-09-07T05:11:17Z,2026-09-07T07:11:17+0200,f619aeb3-9d58-4b2c-82fb-3fdc85adf751,2026-09-05T06:30:00Z,2026-09-05T08:30:00+0200,26967.0,MW,ES,ES,forecast_load,Forecasted Load,2026-09-07T05:11:45Z
2026-09-07T05:11:17Z,2026-09-07T07:11:17+0200,f619aeb3-9d58-4b2c-82fb-3fdc85adf751,2026-09-05T06:45:00Z,2026-09-05T08:45:00+0200,27308.0,MW,ES,ES,forecast_load,Forecasted Load,2026-09-07T05:11:45Z
2026-09-07T05:11:17Z,2026-09-07T07:11:17+0200,f619aeb3-9d58-4b2c-82fb-3fdc85adf751,2026-09-05T07:00:00Z,2026-09-05T09:00:00+0200,27695.0,MW,ES,ES,forecast_load,Forecasted Load,2026-09-07T05:11:45Z
2026-09-07T05:11:17Z,2026-09-07T07:11:17+0200,f619aeb3-9d58-4b2c-82fb-3fdc85adf751,2026-09-05T07:15:00Z,2026-09-05T09:15:00+0200,28047.0,MW,ES,ES,forecast_load,Forecasted Load,2026-09-07T05:11:45Z
2026-09-07T05:11:17Z,2026-09-07T07:11:17+0200,f619aeb3-9d58-4b2c-82fb-3fdc85adf751,2026-09-05T07:30:00Z,2026-09-05T09:30:00+0200,28377.0,MW,ES,ES,forecast_load,Forecasted Load,2026-09-07T05:11:45Z
2026-09-07T05:11:17Z,2026-09-07T07:11:17+0200,f619aeb3-9d58-4b2c-82fb-3fdc85adf751,2026-09-05T07:45:00Z,2026-09-05T09:45:00+0200,28678.0,MW,ES,ES,forecast_load,Forecasted Load,2026-09-07T05:11:45Z
2026-09-07T05:11:17Z,2026-09-07T07:11:17+0200,f619aeb3-9d58-4b2c-82fb-3fdc85adf751,2026-09-05T08:00:00Z,2026-09-05T10:00:00+0200,29029.0,MW,ES,ES,forecast_load,Forecasted Load,2026-09-07T05:11:45Z
2026-09-07T05:11:17Z,2026-09-07T07:11:17+0200,f619aeb3-9d58-4b2c-82fb-3fdc85adf751,2026-09-05T08:15:00Z,2026-09-05T10:15:00+0200,29257.0,MW,ES,ES,forecast_load,Forecasted Load,2026-09-07T05:11:45Z
2026-09-07T05:11:17Z,2026-09-07T07:11:17+0200,f619aeb3-9d58-4b2c-82fb-3fdc85adf751,2026-09-05T08:30:00Z,2026-09-05T10:30:00+0200,29443.0,MW,ES,ES,forecast_load,Forecasted Load,2026-09-07T05:11:45Z
2026-09-07T05:11:17Z,2026-09-07T07:11:17+0200,f619aeb3-9d58-4b2c-82fb-3fdc85adf751,2026-09-05T08:45:00Z,2026-09-05T10:45:00+0200,29590.0,MW,ES,ES,forecast_load,Forecasted Load,2026-09-07T05:11:45Z
2026-09-07T05:11:17Z,2026-09-07T07:11:17+0200,f619aeb3-9d58-4b2c-82fb-3fdc85adf751,2026-09-05T09:00:00Z,2026-09-05T11:00:00+0200,29746.0,MW,ES,ES,forecast_load,Forecasted Load,2026-09-07T05:11:45Z
2026-09-07T05:11:17Z,2026-09-07T07:11:17+0200,f619aeb3-9d58-4b2c-82fb-3fdc85adf751,2026-09-05T09:15:00Z,2026-09-05T11:15:00+0200,29838.0,MW,ES,ES,forecast_load,Forecasted Load,2026-09-07T05:11:45Z
2026-09-07T05:11:17Z,2026-09-07T07:11:17+0200,f619aeb3-9d58-4b2c-82fb-3fdc85adf751,2026-09-05T09:30:00Z,2026-09-05T11:30:00+0200,29913.0,MW,ES,ES,forecast_load,Forecasted Load,2026-09-07T05:11:45Z
2026-09-07T05:11:17Z,2026-09-07T07:11:17+0200,f619aeb3-9d58-4b2c-82fb-3fdc85adf751,2026-09-05T09:45:00Z,2026-09-05T11:45:00+0200,29988.0,MW,ES,ES,forecast_load,Forecasted Load,2026-09-07T05:11:45Z
2026-09-07T05:11:17Z,2026-09-07T07:11:17+0200,f619aeb3-9d58-4b2c-82fb-3fdc85adf751,2026-09-05T10:00:00Z,2026-09-05T12:00:00+0200,30005.0,MW,ES,ES,forecast_load,Forecasted Load,2026-09-07T05:11:45Z
2026-09-07T05:11:17Z,2026-09-07T07:11:17+0200,f619aeb3-9d58-4b2c-82fb-3fdc85adf751,2026-09-05T10:15:00Z,2026-09-05T12:15:00+0200,30135.0,MW,ES,ES,forecast_load,Forecasted Load,2026-09-07T05:11:45Z
2026-09-07T05:11:17Z,2026-09-07T07:11:17+0200,f619aeb3-9d58-4b2c-82fb-3fdc85adf751,2026-09-05T10:30:00Z,2026-09-05T12:30:00+0200,30314.0,MW,ES,ES,forecast_load,Forecasted Load,2026-09-07T05:11:45Z
2026-09-07T05:11:17Z,2026-09-07T07:11:17+0200,f619aeb3-9d58-4b2c-82fb-3fdc85adf751,2026-09-05T10:45:00Z,2026-09-05T12:45:00+0200,30527.0,MW,ES,ES,forecast_load,Forecasted Load,2026-09-07T05:11:45Z
2026-09-07T05:11:17Z,2026-09-07T07:11:17+0200,f619aeb3-9d58-4b2c-82fb-3fdc85adf751,2026-09-05T11:00:00Z,2026-09-05T13:00:00+0200,30788.0,MW,ES,ES,forecast_load,Forecasted Load,2026-09-07T05:11:45Z
2026-09-07T05:11:17Z,2026-09-07T07:11:17+0200,f619aeb3-9d58-4b2c-82fb-3fdc85adf751,2026-09-05T11:15:00Z,2026-09-05T13:15:00+0200,31008.0,MW,ES,ES,forecast_load,Forecasted Load,2026-09-07T05:11:45Z
2026-09-07T05:11:17Z,2026-09-07T07:11:17+0200,f619aeb3-9d58-4b2c-82fb-3fdc85adf751,2026-09-05T11:30:00Z,2026-09-05T13:30:00+0200,31201.0,MW,ES,ES,forecast_load,Forecasted Load,2026-09-07T05:11:45Z
2026-09-07T05:11:17Z,2026-09-07T07:11:17+0200,f619aeb3-9d58-4b2c-82fb-3fdc85adf751,2026-09-05T11:45:00Z,2026-09-05T13:45:00+0200,31353.0,MW,ES,ES,forecast_load,Forecasted Load,2026-09-07T05:11:45Z
2026-09-07T05:11:17Z,2026-09-07T07:11:17+0200,f619aeb3-9d58-4b2c-82fb-3fdc85adf751,2026-09-05T12:00:00Z,2026-09-05T14:00:00+0200,31584.0,MW,ES,ES,forecast_load,Forecasted Load,2026-09-07T05:11:45Z
2026-09-07T05:11:17Z,2026-09-07T07:11:17+0200,f619aeb3-9d58-4b2c-82fb-3fdc85adf751,2026-09-05T12:15:00Z,2026-09-05T14:15:00+0200,31616.0,MW,ES,ES,forecast_load,Forecasted Load,2026-09-07T05:11:45Z
2026-09-07T05:11:17Z,2026-09-07T07:11:17+0200,f619aeb3-9d58-4b2c-82fb-3fdc85adf751,2026-09-05T12:30:00Z,2026-09-05T14:30:00+0200,31575.0,MW,ES,ES,forecast_load,Forecasted Load,2026-09-07T05:11:45Z
2026-09-07T05:11:17Z,2026-09-07T07:11:17+0200,f619aeb3-9d58-4b2c-82fb-3fdc85adf751,2026-09-05T12:45:00Z,2026-09-05T14:45:00+0200,31483.0,MW,ES,ES,forecast_load,Forecasted Load,2026-09-07T05:11:45Z
2026-09-07T05:11:17Z,2026-09-07T07:11:17+0200,f619aeb3-9d58-4b2c-82fb-3fdc85adf751,2026-09-05T13:00:00Z,2026-09-05T15:00:00+0200,31340.0,MW,ES,ES,forecast_load,Forecasted Load,2026-09-07T05:11:45Z
2026-09-07T05:11:17Z,2026-09-07T07:11:17+0200,f619aeb3-9d58-4b2c-82fb-3fdc85adf751,2026-09-05T13:15:00Z,2026-09-05T15:15:00+0200,31230.0,MW,ES,ES,forecast_load,Forecasted Load,2026-09-07T05:11:45Z
2026-09-07T05:11:17Z,2026-09-07T07:11:17+0200,f619aeb3-9d58-4b2c-82fb-3fdc85adf751,2026-09-05T13:30:00Z,2026-09-05T15:30:00+0200,31149.0,MW,ES,ES,forecast_load,Forecasted Load,2026-09-07T05:11:45Z
2026-09-07T05:11:17Z,2026-09-07T07:11:17+0200,f619aeb3-9d58-4b2c-82fb-3fdc85adf751,2026-09-05T13:45:00Z,2026-09-05T15:45:00+0200,31106.0,MW,ES,ES,forecast_load,Forecasted Load,2026-09-07T05:11:45Z
2026-09-07T05:11:17Z,2026-09-07T07:11:17+0200,f619aeb3-9d58-4b2c-82fb-3fdc85adf751,2026-09-05T14:00:00Z,2026-09-05T16:00:00+0200,31015.0,MW,ES,ES,forecast_load,Forecasted Load,2026-09-07T05:11:45Z
2026-09-07T05:11:17Z,2026-09-07T07:11:17+0200,f619aeb3-9d58-4b2c-82fb-3fdc85adf751,2026-09-05T14:15:00Z,2026-09-05T16:15:00+0200,31059.0,MW,ES,ES,forecast_load,Forecasted Load,2026-09-07T05:11:45Z
2026-09-07T05:11:17Z,2026-09-07T07:11:17+0200,f619aeb3-9d58-4b2c-82fb-3fdc85adf751,2026-09-05T14:30:00Z,2026-09-05T16:30:00+0200,31151.0,MW,ES,ES,forecast_load,Forecasted Load,2026-09-07T05:11:45Z
2026-09-07T05:11:17Z,2026-09-07T07:11:17+0200,f619aeb3-9d58-4b2c-82fb-3fdc85adf751,2026-09-05T14:45:00Z,2026-09-05T16:45:00+0200,31279.0,MW,ES,ES,forecast_load,Forecasted Load,2026-09-07T05:11:45Z
2026-09-07T05:11:17Z,2026-09-07T07:11:17+0200,f619aeb3-9d58-4b2c-82fb-3fdc85adf751,2026-09-05T15:00:00Z,2026-09-05T17:00:00+0200,31417.0,MW,ES,ES,forecast_load,Forecasted Load,2026-09-07T05:11:45Z
2026-09-07T05:11:17Z,2026-09-07T07:11:17+0200,f619aeb3-9d58-4b2c-82fb-3fdc85adf751,2026-09-05T15:15:00Z,2026-09-05T17:15:00+0200,31585.0,MW,ES,ES,forecast_load,Forecasted Load,2026-09-07T05:11:45Z
2026-09-07T05:11:17Z,2026-09-07T07:11:17+0200,f619aeb3-9d58-4b2c-82fb-3fdc85adf751,2026-09-05T15:30:00Z,2026-09-05T17:30:00+0200,31756.0,MW,ES,ES,forecast_load,Forecasted Load,2026-09-07T05:11:45Z
2026-09-07T05:11:17Z,2026-09-07T07:11:17+0200,f619aeb3-9d58-4b2c-82fb-3fdc85adf751,2026-09-05T15:45:00Z,2026-09-05T17:45:00+0200,31922.0,MW,ES,ES,forecast_load,Forecasted Load,2026-09-07T05:11:45Z
2026-09-07T05:11:17Z,2026-09-07T07:11:17+0200,f619aeb3-9d58-4b2c-82fb-3fdc85adf751,2026-09-05T16:00:00Z,2026-09-05T18:00:00+0200,32114.0,MW,ES,ES,forecast_load,Forecasted Load,2026-09-07T05:11:45Z
2026-09-07T05:11:17Z,2026-09-07T07:11:17+0200,f619aeb3-9d58-4b2c-82fb-3fdc85adf751,2026-09-05T16:15:00Z,2026-09-05T18:15:00+0200,32251.0,MW,ES,ES,forecast_load,Forecasted Load,2026-09-07T05:11:45Z
2026-09-07T05:11:17Z,2026-09-07T07:11:17+0200,f619aeb3-9d58-4b2c-82fb-3fdc85adf751,2026-09-05T16:30:00Z,2026-09-05T18:30:00+0200,32366.0,MW,ES,ES,forecast_load,Forecasted Load,2026-09-07T05:11:45Z
2026-09-07T05:11:17Z,2026-09-07T07:11:17+0200,f619aeb3-9d58-4b2c-82fb-3fdc85adf751,2026-09-05T16:45:00Z,2026-09-05T18:45:00+0200,32465.0,MW,ES,ES,forecast_load,Forecasted Load,2026-09-07T05:11:45Z
2026-09-07T05:11:17Z,2026-09-07T07:11:17+0200,f619aeb3-9d58-4b2c-82fb-3fdc85adf751,2026-09-05T17:00:00Z,2026-09-05T19:00:00+0200,32550.0,MW,ES,ES,forecast_load,Forecasted Load,2026-09-07T05:11:45Z
2026-09-07T05:11:17Z,2026-09-07T07:11:17+0200,f619aeb3-9d58-4b2c-82fb-3fdc85adf751,2026-09-05T17:15:00Z,2026-09-05T19:15:00+0200,32645.0,MW,ES,ES,forecast_load,Forecasted Load,2026-09-07T05:11:45Z
2026-09-07T05:11:17Z,2026-09-07T07:11:17+0200,f619aeb3-9d58-4b2c-82fb-3fdc85adf751,2026-09-05T17:30:00Z,2026-09-05T19:30:00+0200,32749.0,MW,ES,ES,forecast_load,Forecasted Load,2026-09-07T05:11:45Z
2026-09-07T05:11:17Z,2026-09-07T07:11:17+0200,f619aeb3-9d58-4b2c-82fb-3fdc85adf751,2026-09-05T17:45:00Z,2026-09-05T19:45:00+0200,32859.0,MW,ES,ES,forecast_load,Forecasted Load,2026-09-07T05:11:45Z
2026-09-07T05:11:17Z,2026-09-07T07:11:17+0200,f619aeb3-9d58-4b2c-82fb-3fdc85adf751,2026-09-05T18:00:00Z,2026-09-05T20:00:00+0200,32995.0,MW,ES,ES,forecast_load,Forecasted Load,2026-09-07T05:11:45Z
2026-09-07T05:11:17Z,2026-09-07T07:11:17+0200,f619aeb3-9d58-4b2c-82fb-3fdc85adf751,2026-09-05T18:15:00Z,2026-09-05T20:15:00+0200,33107.0,MW,ES,ES,forecast_load,Forecasted Load,2026-09-07T05:11:45Z
2026-09-07T05:11:17Z,2026-09-07T07:11:17+0200,f619aeb3-9d58-4b2c-82fb-3fdc85adf751,2026-09-05T18:30:00Z,2026-09-05T20:30:00+0200,33206.0,MW,ES,ES,forecast_load,Forecasted Load,2026-09-07T05:11:45Z
2026-09-07T05:11:17Z,2026-09-07T07:11:17+0200,f619aeb3-9d58-4b2c-82fb-3fdc85adf751,2026-09-05T18:45:00Z,2026-09-05T20:45:00+0200,33254.0,MW,ES,ES,forecast_load,Forecasted Load,2026-09-07T05:11:45Z
2026-09-07T05:11:17Z,2026-09-07T07:11:17+0200,f619aeb3-9d58-4b2c-82fb-3fdc85adf751,2026-09-05T19:00:00Z,2026-09-05T21:00:00+0200,33495.0,MW,ES,ES,forecast_load,Forecasted Load,2026-09-07T05:11:45Z
2026-09-07T05:11:17Z,2026-09-07T07:11:17+0200,f619aeb3-9d58-4b2c-82fb-3fdc85adf751,2026-09-05T19:15:00Z,2026-09-05T21:15:00+0200,33307.0,MW,ES,ES,forecast_load,Forecasted Load,2026-09-07T05:11:45Z
2026-09-07T05:11:17Z,2026-09-07T07:11:17+0200,f619aeb3-9d58-4b2c-82fb-3fdc85adf751,2026-09-05T19:30:00Z,2026-09-05T21:30:00+0200,32950.0,MW,ES,ES,forecast_load,Forecasted Load,2026-09-07T05:11:45Z
2026-09-07T05:11:17Z,2026-09-07T07:11:17+0200,f619aeb3-9d58-4b2c-82fb-3fdc85adf751,2026-09-05T19:45:00Z,2026-09-05T21:45:00+0200,32466.0,MW,ES,ES,forecast_load,Forecasted Load,2026-09-07T05:11:45Z
2026-09-07T05:11:17Z,2026-09-07T07:11:17+0200,f619aeb3-9d58-4b2c-82fb-3fdc85adf751,2026-09-05T20:00:00Z,2026-09-05T22:00:00+0200,31918.0,MW,ES,ES,forecast_load,Forecasted Load,2026-09-07T05:11:45Z
2026-09-07T05:11:17Z,2026-09-07T07:11:17+0200,f619aeb3-9d58-4b2c-82fb-3fdc85adf751,2026-09-05T20:15:00Z,2026-09-05T22:15:00+0200,31356.0,MW,ES,ES,forecast_load,Forecasted Load,2026-09-07T05:11:45Z
2026-09-07T05:11:17Z,2026-09-07T07:11:17+0200,f619aeb3-9d58-4b2c-82fb-3fdc85adf751,2026-09-05T20:30:00Z,2026-09-05T22:30:00+0200,30834.0,MW,ES,ES,forecast_load,Forecasted Load,2026-09-07T05:11:45Z
2026-09-07T05:11:17Z,2026-09-07T07:11:17+0200,f619aeb3-9d58-4b2c-82fb-3fdc85adf751,2026-09-05T20:45:00Z,2026-09-05T22:45:00+0200,30353.0,MW,ES,ES,forecast_load,Forecasted Load,2026-09-07T05:11:45Z
2026-09-07T05:11:17Z,2026-09-07T07:11:17+0200,f619aeb3-9d58-4b2c-82fb-3fdc85adf751,2026-09-05T21:00:00Z,2026-09-05T23:00:00+0200,29871.0,MW,ES,ES,forecast_load,Forecasted Load,2026-09-07T05:11:45Z
2026-09-07T05:11:17Z,2026-09-07T07:11:17+0200,f619aeb3-9d58-4b2c-82fb-3fdc85adf751,2026-09-05T21:15:00Z,2026-09-05T23:15:00+0200,29452.0,MW,ES,ES,forecast_load,Forecasted Load,2026-09-07T05:11:45Z
2026-09-07T05:11:17Z,2026-09-07T07:11:17+0200,f619aeb3-9d58-4b2c-82fb-3fdc85adf751,2026-09-05T21:30:00Z,2026-09-05T23:30:00+0200,29051.0,MW,ES,ES,forecast_load,Forecasted Load,2026-09-07T05:11:45Z
2026-09-07T05:11:17Z,2026-09-07T07:11:17+0200,f619aeb3-9d58-4b2c-82fb-3fdc85adf751,2026-09-05T21:45:00Z,2026-09-05T23:45:00+0200,28662.0,MW,ES,ES,forecast_load,Forecasted Load,2026-09-07T05:11:45Z
2026-09-07T05:11:17Z,2026-09-07T07:11:17+0200,f619aeb3-9d58-4b2c-82fb-3fdc85adf751,2026-09-05T22:00:00Z,2026-09-06T00:00:00+0200,28176.0,MW,ES,ES,forecast_load,Forecasted Load,2026-09-07T05:11:45Z
2026-09-07T05:11:17Z,2026-09-07T07:11:17+0200,f619aeb3-9d58-4b2c-82fb-3fdc85adf751,2026-09-05T22:15:00Z,2026-09-06T00:15:00+0200,27767.0,MW,ES,ES,forecast_load,Forecasted Load,2026-09-07T05:11:45Z
2026-09-07T05:11:17Z,2026-09-07T07:11:17+0200,f619aeb3-9d58-4b2c-82fb-3fdc85adf751,2026-09-05T22:30:00Z,2026-09-06T00:30:00+0200,27360.0,MW,ES,ES,forecast_load,Forecasted Load,2026-09-07T05:11:45Z
2026-09-07T05:11:17Z,2026-09-07T07:11:17+0200,f619aeb3-9d58-4b2c-82fb-3fdc85adf751,2026-09-05T22:45:00Z,2026-09-06T00:45:00+0200,26959.0,MW,ES,ES,forecast_load,Forecasted Load,2026-09-07T05:11:45Z
2026-09-07T05:11:17Z,2026-09-07T07:11:17+0200,f619aeb3-9d58-4b2c-82fb-3fdc85adf751,2026-09-05T23:00:00Z,2026-09-06T01:00:00+0200,26539.0,MW,ES,ES,forecast_load,Forecasted Load,2026-09-07T05:11:45Z
2026-09-07T05:11:17Z,2026-09-07T07:11:17+0200,f619aeb3-9d58-4b2c-82fb-3fdc85adf751,2026-09-05T23:15:00Z,2026-09-06T01:15:00+0200,26171.0,MW,ES,ES,forecast_load,Forecasted Load,2026-09-07T05:11:45Z
2026-09-07T05:11:17Z,2026-09-07T07:11:17+0200,f619aeb3-9d58-4b2c-82fb-3fdc85adf751,2026-09-05T23:30:00Z,2026-09-06T01:30:00+0200,25828.0,MW,ES,ES,forecast_load,Forecasted Load,2026-09-07T05:11:45Z
2026-09-07T05:11:17Z,2026-09-07T07:11:17+0200,f619aeb3-9d58-4b2c-82fb-3fdc85adf751,2026-09-05T23:45:00Z,2026-09-06T01:45:00+0200,25511.0,MW,ES,ES,forecast_load,Forecasted Load,2026-09-07T05:11:45Z
2026-09-07T05:11:17Z,2026-09-07T07:11:17+0200,f619aeb3-9d58-4b2c-82fb-3fdc85adf751,2026-09-06T00:00:00Z,2026-09-06T02:00:00+0200,25175.0,MW,ES,ES,forecast_load,Forecasted Load,2026-09-07T05:11:45Z
2026-09-07T05:11:17Z,2026-09-07T07:11:17+0200,f619aeb3-9d58-4b2c-82fb-3fdc85adf751,2026-09-06T00:15:00Z,2026-09-06T02:15:00+0200,24910.0,MW,ES,ES,forecast_load,Forecasted Load,2026-09-07T05:11:45Z
2026-09-07T05:11:17Z,2026-09-07T07:11:17+0200,f619aeb3-9d58-4b2c-82fb-3fdc85adf751,2026-09-06T00:30:00Z,2026-09-06T02:30:00+0200,24670.0,MW,ES,ES,forecast_load,Forecasted Load,2026-09-07T05:11:45Z
2026-09-07T05:11:17Z,2026-09-07T07:11:17+0200,f619aeb3-9d58-4b2c-82fb-3fdc85adf751,2026-09-06T00:45:00Z,2026-09-06T02:45:00+0200,24454.0,MW,ES,ES,forecast_load,Forecasted Load,2026-09-07T05:11:45Z
2026-09-07T05:11:17Z,2026-09-07T07:11:17+0200,f619aeb3-9d58-4b2c-82fb-3fdc85adf751,2026-09-06T01:00:00Z,2026-09-06T03:00:00+0200,24226.0,MW,ES,ES,forecast_load,Forecasted Load,2026-09-07T05:11:45Z
2026-09-07T05:11:17Z,2026-09-07T07:11:17+0200,f619aeb3-9d58-4b2c-82fb-3fdc85adf751,2026-09-06T01:15:00Z,2026-09-06T03:15:00+0200,24050.0,MW,ES,ES,forecast_load,Forecasted Load,2026-09-07T05:11:45Z
2026-09-07T05:11:17Z,2026-09-07T07:11:17+0200,f619aeb3-9d58-4b2c-82fb-3fdc85adf751,2026-09-06T01:30:00Z,2026-09-06T03:30:00+0200,23891.0,MW,ES,ES,forecast_load,Forecasted Load,2026-09-07T05:11:45Z
2026-09-07T05:11:17Z,2026-09-07T07:11:17+0200,f619aeb3-9d58-4b2c-82fb-3fdc85adf751,2026-09-06T01:45:00Z,2026-09-06T03:45:00+0200,23747.0,MW,ES,ES,forecast_load,Forecasted Load,2026-09-07T05:11:45Z
2026-09-07T05:11:17Z,2026-09-07T07:11:17+0200,f619aeb3-9d58-4b2c-82fb-3fdc85adf751,2026-09-06T02:00:00Z,2026-09-06T04:00:00+0200,23592.0,MW,ES,ES,forecast_load,Forecasted Load,2026-09-07T05:11:45Z
2026-09-07T05:11:17Z,2026-09-07T07:11:17+0200,f619aeb3-9d58-4b2c-82fb-3fdc85adf751,2026-09-06T02:15:00Z,2026-09-06T04:15:00+0200,23473.0,MW,ES,ES,forecast_load,Forecasted Load,2026-09-07T05:11:45Z
2026-09-07T05:11:17Z,2026-09-07T07:11:17+0200,f619aeb3-9d58-4b2c-82fb-3fdc85adf751,2026-09-06T02:30:00Z,2026-09-06T04:30:00+0200,23365.0,MW,ES,ES,forecast_load,Forecasted Load,2026-09-07T05:11:45Z
2026-09-07T05:11:17Z,2026-09-07T07:11:17+0200,f619aeb3-9d58-4b2c-82fb-3fdc85adf751,2026-09-06T02:45:00Z,2026-09-06T04:45:00+0200,23276.0,MW,ES,ES,forecast_load,Forecasted Load,2026-09-07T05:11:45Z
2026-09-07T05:11:17Z,2026-09-07T07:11:17+0200,f619aeb3-9d58-4b2c-82fb-3fdc85adf751,2026-09-06T03:00:00Z,2026-09-06T05:00:00+0200,23143.0,MW,ES,ES,forecast_load,Forecasted Load,2026-09-07T05:11:45Z
2026-09-07T05:11:17Z,2026-09-07T07:11:17+0200,f619aeb3-9d58-4b2c-82fb-3fdc85adf751,2026-09-06T03:15:00Z,2026-09-06T05:15:00+0200,23118.0,MW,ES,ES,forecast_load,Forecasted Load,2026-09-07T05:11:45Z
2026-09-07T05:11:17Z,2026-09-07T07:11:17+0200,f619aeb3-9d58-4b2c-82fb-3fdc85adf751,2026-09-06T03:30:00Z,2026-09-06T05:30:00+0200,23134.0,MW,ES,ES,forecast_load,Forecasted Load,2026-09-07T05:11:45Z
2026-09-07T05:11:17Z,2026-09-07T07:11:17+0200,f619aeb3-9d58-4b2c-82fb-3fdc85adf751,2026-09-06T03:45:00Z,2026-09-06T05:45:00+0200,23183.0,MW,ES,ES,forecast_load,Forecasted Load,2026-09-07T05:11:45Z
2026-09-07T05:11:17Z,2026-09-07T07:11:17+0200,f619aeb3-9d58-4b2c-82fb-3fdc85adf751,2026-09-06T04:00:00Z,2026-09-06T06:00:00+0200,23246.0,MW,ES,ES,forecast_load,Forecasted Load,2026-09-07T05:11:45Z
2026-09-07T05:11:17Z,2026-09-07T07:11:17+0200,f619aeb3-9d58-4b2c-82fb-3fdc85adf751,2026-09-06T04:15:00Z,2026-09-06T06:15:00+0200,23321.0,MW,ES,ES,forecast_load,Forecasted Load,2026-09-07T05:11:45Z
2026-09-07T05:11:17Z,2026-09-07T07:11:17+0200,f619aeb3-9d58-4b2c-82fb-3fdc85adf751,2026-09-06T04:30:00Z,2026-09-06T06:30:00+0200,23391.0,MW,ES,ES,forecast_load,Forecasted Load,2026-09-07T05:11:45Z
2026-09-07T05:11:17Z,2026-09-07T07:11:17+0200,f619aeb3-9d58-4b2c-82fb-3fdc85adf751,2026-09-06T04:45:00Z,2026-09-06T06:45:00+0200,23451.0,MW,ES,ES,forecast_load,Forecasted Load,2026-09-07T05:11:45Z
2026-09-07T05:11:17Z,2026-09-07T07:11:17+0200,f619aeb3-9d58-4b2c-82fb-3fdc85adf751,2026-09-06T05:00:00Z,2026-09-06T07:00:00+0200,23525.0,MW,ES,ES,forecast_load,Forecasted Load,2026-09-07T05:11:45Z
2026-09-07T05:11:17Z,2026-09-07T07:11:17+0200,f619aeb3-9d58-4b2c-82fb-3fdc85adf751,2026-09-06T05:15:00Z,2026-09-06T07:15:00+0200,23553.0,MW,ES,ES,forecast_load,Forecasted Load,2026-09-07T05:11:45Z
2026-09-07T05:11:17Z,2026-09-07T07:11:17+0200,f619aeb3-9d58-4b2c-82fb-3fdc85adf751,2026-09-06T05:30:00Z,2026-09-06T07:30:00+0200,23564.0,MW,ES,ES,forecast_load,Forecasted Load,2026-09-07T05:11:45Z
2026-09-07T05:11:17Z,2026-09-07T07:11:17+0200,f619aeb3-9d58-4b2c-82fb-3fdc85adf751,2026-09-06T05:45:00Z,2026-09-06T07:45:00+0200,23584.0,MW,ES,ES,forecast_load,Forecasted Load,2026-09-07T05:11:45Z
2026-09-07T05:11:17Z,2026-09-07T07:11:17+0200,f619aeb3-9d58-4b2c-82fb-3fdc85adf751,2026-09-06T06:00:00Z,2026-09-06T08:00:00+0200,23499.0,MW,ES,ES,forecast_load,Forecasted Load,2026-09-07T05:11:45Z
2026-09-07T05:11:17Z,2026-09-07T07:11:17+0200,f619aeb3-9d58-4b2c-82fb-3fdc85adf751,2026-09-06T06:15:00Z,2026-09-06T08:15:00+0200,23628.0,MW,ES,ES,forecast_load,Forecasted Load,2026-09-07T05:11:45Z
2026-09-07T05:11:17Z,2026-09-07T07:11:17+0200,f619aeb3-9d58-4b2c-82fb-3fdc85adf751,2026-09-06T06:30:00Z,2026-09-06T08:30:00+0200,23848.0,MW,ES,ES,forecast_load,Forecasted Load,2026-09-07T05:11:45Z
2026-09-07T05:11:17Z,2026-09-07T07:11:17+0200,f619aeb3-9d58-4b2c-82fb-3fdc85adf751,2026-09-06T06:45:00Z,2026-09-06T08:45:00+0200,24137.0,MW,ES,ES,forecast_load,Forecasted Load,2026-09-07T05:11:45Z
2026-09-07T05:11:17Z,2026-09-07T07:11:17+0200,f619aeb3-9d58-4b2c-82fb-3fdc85adf751,2026-09-06T07:00:00Z,2026-09-06T09:00:00+0200,24479.0,MW,ES,ES,forecast_load,Forecasted Load,2026-09-07T05:11:45Z
2026-09-07T05:11:17Z,2026-09-07T07:11:17+0200,f619aeb3-9d58-4b2c-82fb-3fdc85adf751,2026-09-06T07:15:00Z,2026-09-06T09:15:00+0200,24808.0,MW,ES,ES,forecast_load,Forecasted Load,2026-09-07T05:11:45Z
2026-09-07T05:11:17Z,2026-09-07T07:11:17+0200,f619aeb3-9d58-4b2c-82fb-3fdc85adf751,2026-09-06T07:30:00Z,2026-09-06T09:30:00+0200,25114.0,MW,ES,ES,forecast_load,Forecasted Load,2026-09-07T05:11:45Z
2026-09-07T05:11:17Z,2026-09-07T07:11:17+0200,f619aeb3-9d58-4b2c-82fb-3fdc85adf751,2026-09-06T07:45:00Z,2026-09-06T09:45:00+0200,25390.0,MW,ES,ES,forecast_load,Forecasted Load,2026-09-07T05:11:45Z
2026-09-07T05:11:17Z,2026-09-07T07:11:17+0200,f619aeb3-9d58-4b2c-82fb-3fdc85adf751,2026-09-06T08:00:00Z,2026-09-06T10:00:00+0200,25703.0,MW,ES,ES,forecast_load,Forecasted Load,2026-09-07T05:11:45Z
2026-09-07T05:11:17Z,2026-09-07T07:11:17+0200,f619aeb3-9d58-4b2c-82fb-3fdc85adf751,2026-09-06T08:15:00Z,2026-09-06T10:15:00+0200,25918.0,MW,ES,ES,forecast_load,Forecasted Load,2026-09-07T05:11:45Z
2026-09-07T05:11:17Z,2026-09-07T07:11:17+0200,f619aeb3-9d58-4b2c-82fb-3fdc85adf751,2026-09-06T08:30:00Z,2026-09-06T10:30:00+0200,26101.0,MW,ES,ES,forecast_load,Forecasted Load,2026-09-07T05:11:45Z
2026-09-07T05:11:17Z,2026-09-07T07:11:17+0200,f619aeb3-9d58-4b2c-82fb-3fdc85adf751,2026-09-06T08:45:00Z,2026-09-06T10:45:00+0200,26260.0,MW,ES,ES,forecast_load,Forecasted Load,2026-09-07T05:11:45Z
2026-09-07T05:11:17Z,2026-09-07T07:11:17+0200,f619aeb3-9d58-4b2c-82fb-3fdc85adf751,2026-09-06T09:00:00Z,2026-09-06T11:00:00+0200,26410.0,MW,ES,ES,forecast_load,Forecasted Load,2026-09-07T05:11:45Z
2026-09-07T05:11:17Z,2026-09-07T07:11:17+0200,f619aeb3-9d58-4b2c-82fb-3fdc85adf751,2026-09-06T09:15:00Z,2026-09-06T11:15:00+0200,26544.0,MW,ES,ES,forecast_load,Forecasted Load,2026-09-07T05:11:45Z
2026-09-07T05:11:17Z,2026-09-07T07:11:17+0200,f619aeb3-9d58-4b2c-82fb-3fdc85adf751,2026-09-06T09:30:00Z,2026-09-06T11:30:00+0200,26680.0,MW,ES,ES,forecast_load,Forecasted Load,2026-09-07T05:11:45Z
2026-09-07T05:11:17Z,2026-09-07T07:11:17+0200,f619aeb3-9d58-4b2c-82fb-3fdc85adf751,2026-09-06T09:45:00Z,2026-09-06T11:45:00+0200,26832.0,MW,ES,ES,forecast_load,Forecasted Load,2026-09-07T05:11:45Z
2026-09-07T05:11:17Z,2026-09-07T07:11:17+0200,f619aeb3-9d58-4b2c-82fb-3fdc85adf751,2026-09-06T10:00:00Z,2026-09-06T12:00:00+0200,26927.0,MW,ES,ES,forecast_load,Forecasted Load,2026-09-07T05:11:45Z
2026-09-07T05:11:17Z,2026-09-07T07:11:17+0200,f619aeb3-9d58-4b2c-82fb-3fdc85adf751,2026-09-06T10:15:00Z,2026-09-06T12:15:00+0200,27152.0,MW,ES,ES,forecast_load,Forecasted Load,2026-09-07T05:11:45Z
2026-09-07T05:11:17Z,2026-09-07T07:11:17+0200,f619aeb3-9d58-4b2c-82fb-3fdc85adf751,2026-09-06T10:30:00Z,2026-09-06T12:30:00+0200,27430.0,MW,ES,ES,forecast_load,Forecasted Load,2026-09-07T05:11:45Z
2026-09-07T05:11:17Z,2026-09-07T07:11:17+0200,f619aeb3-9d58-4b2c-82fb-3fdc85adf751,2026-09-06T10:45:00Z,2026-09-06T12:45:00+0200,27741.0,MW,ES,ES,forecast_load,Forecasted Load,2026-09-07T05:11:45Z
2026-09-07T05:11:17Z,2026-09-07T07:11:17+0200,f619aeb3-9d58-4b2c-82fb-3fdc85adf751,2026-09-06T11:00:00Z,2026-09-06T13:00:00+0200,28119.0,MW,ES,ES,forecast_load,Forecasted Load,2026-09-07T05:11:45Z
2026-09-07T05:11:17Z,2026-09-07T07:11:17+0200,f619aeb3-9d58-4b2c-82fb-3fdc85adf751,2026-09-06T11:15:00Z,2026-09-06T13:15:00+0200,28421.0,MW,ES,ES,forecast_load,Forecasted Load,2026-09-07T05:11:45Z
2026-09-07T05:11:17Z,2026-09-07T07:11:17+0200,f619aeb3-9d58-4b2c-82fb-3fdc85adf751,2026-09-06T11:30:00Z,2026-09-06T13:30:00+0200,28683.0,MW,ES,ES,forecast_load,Forecasted Load,2026-09-07T05:11:45Z
2026-09-07T05:11:17Z,2026-09-07T07:11:17+0200,f619aeb3-9d58-4b2c-82fb-3fdc85adf751,2026-09-06T11:45:00Z,2026-09-06T13:45:00+0200,28893.0,MW,ES,ES,forecast_load,Forecasted Load,2026-09-07T05:11:45Z
2026-09-07T05:11:17Z,2026-09-07T07:11:17+0200,f619aeb3-9d58-4b2c-82fb-3fdc85adf751,2026-09-06T12:00:00Z,2026-09-06T14:00:00+0200,29180.0,MW,ES,ES,forecast_load,Forecasted Load,2026-09-07T05:11:45Z
2026-09-07T05:11:17Z,2026-09-07T07:11:17+0200,f619aeb3-9d58-4b2c-82fb-3fdc85adf751,2026-09-06T12:15:00Z,2026-09-06T14:15:00+0200,29261.0,MW,ES,ES,forecast_load,Forecasted Load,2026-09-07T05:11:45Z
2026-09-07T05:11:17Z,2026-09-07T07:11:17+0200,f619aeb3-9d58-4b2c-82fb-3fdc85adf751,2026-09-06T12:30:00Z,2026-09-06T14:30:00+0200,29269.0,MW,ES,ES,forecast_load,Forecasted Load,2026-09-07T05:11:45Z
2026-09-07T05:11:17Z,2026-09-07T07:11:17+0200,f619aeb3-9d58-4b2c-82fb-3fdc85adf751,2026-09-06T12:45:00Z,2026-09-06T14:45:00+0200,29225.0,MW,ES,ES,forecast_load,Forecasted Load,2026-09-07T05:11:45Z
2026-09-07T05:11:17Z,2026-09-07T07:11:17+0200,f619aeb3-9d58-4b2c-82fb-3fdc85adf751,2026-09-06T13:00:00Z,2026-09-06T15:00:00+0200,29136.0,MW,ES,ES,forecast_load,Forecasted Load,2026-09-07T05:11:45Z
2026-09-07T05:11:17Z,2026-09-07T07:11:17+0200,f619aeb3-9d58-4b2c-82fb-3fdc85adf751,2026-09-06T13:15:00Z,2026-09-06T15:15:00+0200,29069.0,MW,ES,ES,forecast_load,Forecasted Load,2026-09-07T05:11:45Z
2026-09-07T05:11:17Z,2026-09-07T07:11:17+0200,f619aeb3-9d58-4b2c-82fb-3fdc85adf751,2026-09-06T13:30:00Z,2026-09-06T15:30:00+0200,29026.0,MW,ES,ES,forecast_load,Forecasted Load,2026-09-07T05:11:45Z
2026-09-07T05:11:17Z,2026-09-07T07:11:17+0200,f619aeb3-9d58-4b2c-82fb-3fdc85adf751,2026-09-06T13:45:00Z,2026-09-06T15:45:00+0200,29018.0,MW,ES,ES,forecast_load,Forecasted Load,2026-09-07T05:11:45Z
2026-09-07T05:11:17Z,2026-09-07T07:11:17+0200,f619aeb3-9d58-4b2c-82fb-3fdc85adf751,2026-09-06T14:00:00Z,2026-09-06T16:00:00+0200,28956.0,MW,ES,ES,forecast_load,Forecasted Load,2026-09-07T05:11:45Z
2026-09-07T05:11:17Z,2026-09-07T07:11:17+0200,f619aeb3-9d58-4b2c-82fb-3fdc85adf751,2026-09-06T14:15:00Z,2026-09-06T16:15:00+0200,29037.0,MW,ES,ES,forecast_load,Forecasted Load,2026-09-07T05:11:45Z
2026-09-07T05:11:17Z,2026-09-07T07:11:17+0200,f619aeb3-9d58-4b2c-82fb-3fdc85adf751,2026-09-06T14:30:00Z,2026-09-06T16:30:00+0200,29169.0,MW,ES,ES,forecast_load,Forecasted Load,2026-09-07T05:11:45Z
2026-09-07T05:11:17Z,2026-09-07T07:11:17+0200,f619aeb3-9d58-4b2c-82fb-3fdc85adf751,2026-09-06T14:45:00Z,2026-09-06T16:45:00+0200,29342.0,MW,ES,ES,forecast_load,Forecasted Load,2026-09-07T05:11:45Z
2026-09-07T05:11:17Z,2026-09-07T07:11:17+0200,f619aeb3-9d58-4b2c-82fb-3fdc85adf751,2026-09-06T15:00:00Z,2026-09-06T17:00:00+0200,29526.0,MW,ES,ES,forecast_load,Forecasted Load,2026-09-07T05:11:45Z
2026-09-07T05:11:17Z,2026-09-07T07:11:17+0200,f619aeb3-9d58-4b2c-82fb-3fdc85adf751,2026-09-06T15:15:00Z,2026-09-06T17:15:00+0200,29742.0,MW,ES,ES,forecast_load,Forecasted Load,2026-09-07T05:11:45Z
2026-09-07T05:11:17Z,2026-09-07T07:11:17+0200,f619aeb3-9d58-4b2c-82fb-3fdc85adf751,2026-09-06T15:30:00Z,2026-09-06T17:30:00+0200,29961.0,MW,ES,ES,forecast_load,Forecasted Load,2026-09-07T05:11:45Z
2026-09-07T05:11:17Z,2026-09-07T07:11:17+0200,f619aeb3-9d58-4b2c-82fb-3fdc85adf751,2026-09-06T15:45:00Z,2026-09-06T17:45:00+0200,30177.0,MW,ES,ES,forecast_load,Forecasted Load,2026-09-07T05:11:45Z
2026-09-07T05:11:17Z,2026-09-07T07:11:17+0200,f619aeb3-9d58-4b2c-82fb-3fdc85adf751,2026-09-06T16:00:00Z,2026-09-06T18:00:00+0200,30414.0,MW,ES,ES,forecast_load,Forecasted Load,2026-09-07T05:11:45Z
2026-09-07T05:11:17Z,2026-09-07T07:11:17+0200,f619aeb3-9d58-4b2c-82fb-3fdc85adf751,2026-09-06T16:15:00Z,2026-09-06T18:15:00+0200,30609.0,MW,ES,ES,forecast_load,Forecasted Load,2026-09-07T05:11:45Z
2026-09-07T05:11:17Z,2026-09-07T07:11:17+0200,f619aeb3-9d58-4b2c-82fb-3fdc85adf751,2026-09-06T16:30:00Z,2026-09-06T18:30:00+0200,30789.0,MW,ES,ES,forecast_load,Forecasted Load,2026-09-07T05:11:45Z
2026-09-07T05:11:17Z,2026-09-07T07:11:17+0200,f619aeb3-9d58-4b2c-82fb-3fdc85adf751,2026-09-06T16:45:00Z,2026-09-06T18:45:00+0200,30956.0,MW,ES,ES,forecast_load,Forecasted Load,2026-09-07T05:11:45Z
2026-09-07T05:11:17Z,2026-09-07T07:11:17+0200,f619aeb3-9d58-4b2c-82fb-3fdc85adf751,2026-09-06T17:00:00Z,2026-09-06T19:00:00+0200,31115.0,MW,ES,ES,forecast_load,Forecasted Load,2026-09-07T05:11:45Z
2026-09-07T05:11:17Z,2026-09-07T07:11:17+0200,f619aeb3-9d58-4b2c-82fb-3fdc85adf751,2026-09-06T17:15:00Z,2026-09-06T19:15:00+0200,31273.0,MW,ES,ES,forecast_load,Forecasted Load,2026-09-07T05:11:45Z
2026-09-07T05:11:17Z,2026-09-07T07:11:17+0200,f619aeb3-9d58-4b2c-82fb-3fdc85adf751,2026-09-06T17:30:00Z,2026-09-06T19:30:00+0200,31436.0,MW,ES,ES,forecast_load,Forecasted Load,2026-09-07T05:11:45Z
2026-09-07T05:11:17Z,2026-09-07T07:11:17+0200,f619aeb3-9d58-4b2c-82fb-3fdc85adf751,2026-09-06T17:45:00Z,2026-09-06T19:45:00+0200,31612.0,MW,ES,ES,forecast_load,Forecasted Load,2026-09-07T05:11:45Z
2026-09-07T05:11:17Z,2026-09-07T07:11:17+0200,f619aeb3-9d58-4b2c-82fb-3fdc85adf751,2026-09-06T18:00:00Z,2026-09-06T20:00:00+0200,31764.0,MW,ES,ES,forecast_load,Forecasted Load,2026-09-07T05:11:45Z
2026-09-07T05:11:17Z,2026-09-07T07:11:17+0200,f619aeb3-9d58-4b2c-82fb-3fdc85adf751,2026-09-06T18:15:00Z,2026-09-06T20:15:00+0200,31995.0,MW,ES,ES,forecast_load,Forecasted Load,2026-09-07T05:11:45Z
2026-09-07T05:11:17Z,2026-09-07T07:11:17+0200,f619aeb3-9d58-4b2c-82fb-3fdc85adf751,2026-09-06T18:30:00Z,2026-09-06T20:30:00+0200,32256.0,MW,ES,ES,forecast_load,Forecasted Load,2026-09-07T05:11:45Z
2026-09-07T05:11:17Z,2026-09-07T07:11:17+0200,f619aeb3-9d58-4b2c-82fb-3fdc85adf751,2026-09-06T18:45:00Z,2026-09-06T20:45:00+0200,32501.0,MW,ES,ES,forecast_load,Forecasted Load,2026-09-07T05:11:45Z
2026-09-07T05:11:17Z,2026-09-07T07:11:17+0200,f619aeb3-9d58-4b2c-82fb-3fdc85adf751,2026-09-06T19:00:00Z,2026-09-06T21:00:00+0200,32959.0,MW,ES,ES,forecast_load,Forecasted Load,2026-09-07T05:11:45Z
2026-09-07T05:11:17Z,2026-09-07T07:11:17+0200,f619aeb3-9d58-4b2c-82fb-3fdc85adf751,2026-09-06T19:15:00Z,2026-09-06T21:15:00+0200,33000.0,MW,ES,ES,forecast_load,Forecasted Load,2026-09-07T05:11:45Z
2026-09-07T05:11:17Z,2026-09-07T07:11:17+0200,f619aeb3-9d58-4b2c-82fb-3fdc85adf751,2026-09-06T19:30:00Z,2026-09-06T21:30:00+0200,32867.0,MW,ES,ES,forecast_load,Forecasted Load,2026-09-07T05:11:45Z
2026-09-07T05:11:17Z,2026-09-07T07:11:17+0200,f619aeb3-9d58-4b2c-82fb-3fdc85adf751,2026-09-06T19:45:00Z,2026-09-06T21:45:00+0200,32580.0,MW,ES,ES,forecast_load,Forecasted Load,2026-09-07T05:11:45Z
2026-09-07T05:11:17Z,2026-09-07T07:11:17+0200,f619aeb3-9d58-4b2c-82fb-3fdc85adf751,2026-09-06T20:00:00Z,2026-09-06T22:00:00+0200,32313.0,MW,ES,ES,forecast_load,Forecasted Load,2026-09-07T05:11:45Z
2026-09-07T05:11:17Z,2026-09-07T07:11:17+0200,f619aeb3-9d58-4b2c-82fb-3fdc85adf751,2026-09-06T20:15:00Z,2026-09-06T22:15:00+0200,31829.0,MW,ES,ES,forecast_load,Forecasted Load,2026-09-07T05:11:45Z
2026-09-07T05:11:17Z,2026-09-07T07:11:17+0200,f619aeb3-9d58-4b2c-82fb-3fdc85adf751,2026-09-06T20:30:00Z,2026-09-06T22:30:00+0200,31301.0,MW,ES,ES,forecast_load,Forecasted Load,2026-09-07T05:11:45Z
2026-09-07T05:11:17Z,2026-09-07T07:11:17+0200,f619aeb3-9d58-4b2c-82fb-3fdc85adf751,2026-09-06T20:45:00Z,2026-09-06T22:45:00+0200,30762.0,MW,ES,ES,forecast_load,Forecasted Load,2026-09-07T05:11:45Z
2026-09-07T05:11:17Z,2026-09-07T07:11:17+0200,f619aeb3-9d58-4b2c-82fb-3fdc85adf751,2026-09-06T21:00:00Z,2026-09-06T23:00:00+0200,30154.0,MW,ES,ES,forecast_load,Forecasted Load,2026-09-07T05:11:45Z
2026-09-07T05:11:17Z,2026-09-07T07:11:17+0200,f619aeb3-9d58-4b2c-82fb-3fdc85adf751,2026-09-06T21:15:00Z,2026-09-06T23:15:00+0200,29682.0,MW,ES,ES,forecast_load,Forecasted Load,2026-09-07T05:11:45Z
2026-09-07T05:11:17Z,2026-09-07T07:11:17+0200,f619aeb3-9d58-4b2c-82fb-3fdc85adf751,2026-09-06T21:30:00Z,2026-09-06T23:30:00+0200,29277.0,MW,ES,ES,forecast_load,Forecasted Load,2026-09-07T05:11:45Z
2026-09-07T05:11:17Z,2026-09-07T07:11:17+0200,f619aeb3-9d58-4b2c-82fb-3fdc85adf751,2026-09-06T21:45:00Z,2026-09-06T23:45:00+0200,28916.0,MW,ES,ES,forecast_load,Forecasted Load,2026-09-07T05:11:45Z
2026-09-07T05:11:17Z,2026-09-07T07:11:17+0200,f619aeb3-9d58-4b2c-82fb-3fdc85adf751,2026-09-06T22:00:00Z,2026-09-07T00:00:00+0200,28644.0,MW,ES,ES,forecast_load,Forecasted Load,2026-09-07T05:11:45Z
2026-09-07T05:11:17Z,2026-09-07T07:11:17+0200,f619aeb3-9d58-4b2c-82fb-3fdc85adf751,2026-09-06T22:15:00Z,2026-09-07T00:15:00+0200,28199.0,MW,ES,ES,forecast_load,Forecasted Load,2026-09-07T05:11:45Z
2026-09-07T05:11:17Z,2026-09-07T07:11:17+0200,f619aeb3-9d58-4b2c-82fb-3fdc85adf751,2026-09-06T22:30:00Z,2026-09-07T00:30:00+0200,27756.0,MW,ES,ES,forecast_load,Forecasted Load,2026-09-07T05:11:45Z
2026-09-07T05:11:17Z,2026-09-07T07:11:17+0200,f619aeb3-9d58-4b2c-82fb-3fdc85adf751,2026-09-06T22:45:00Z,2026-09-07T00:45:00+0200,27322.0,MW,ES,ES,forecast_load,Forecasted Load,2026-09-07T05:11:45Z
2026-09-07T05:11:17Z,2026-09-07T07:11:17+0200,f619aeb3-9d58-4b2c-82fb-3fdc85adf751,2026-09-06T23:00:00Z,2026-09-07T01:00:00+0200,26859.0,MW,ES,ES,forecast_load,Forecasted Load,2026-09-07T05:11:45Z
2026-09-07T05:11:17Z,2026-09-07T07:11:17+0200,f619aeb3-9d58-4b2c-82fb-3fdc85adf751,2026-09-06T23:15:00Z,2026-09-07T01:15:00+0200,26471.0,MW,ES,ES,forecast_load,Forecasted Load,2026-09-07T05:11:45Z
2026-09-07T05:11:17Z,2026-09-07T07:11:17+0200,f619aeb3-9d58-4b2c-82fb-3fdc85adf751,2026-09-06T23:30:00Z,2026-09-07T01:30:00+0200,26118.0,MW,ES,ES,forecast_load,Forecasted Load,2026-09-07T05:11:45Z
2026-09-07T05:11:17Z,2026-09-07T07:11:17+0200,f619aeb3-9d58-4b2c-82fb-3fdc85adf751,2026-09-06T23:45:00Z,2026-09-07T01:45:00+0200,25803.0,MW,ES,ES,forecast_load,Forecasted Load,2026-09-07T05:11:45Z
2026-09-07T05:11:17Z,2026-09-07T07:11:17+0200,f619aeb3-9d58-4b2c-82fb-3fdc85adf751,2026-09-07T00:00:00Z,2026-09-07T02:00:00+0200,25451.0,MW,ES,ES,forecast_load,Forecasted Load,2026-09-07T05:11:45Z
2026-09-07T05:11:17Z,2026-09-07T07:11:17+0200,f619aeb3-9d58-4b2c-82fb-3fdc85adf751,2026-09-07T00:15:00Z,2026-09-07T02:15:00+0200,25220.0,MW,ES,ES,forecast_load,Forecasted Load,2026-09-07T05:11:45Z
2026-09-07T05:11:17Z,2026-09-07T07:11:17+0200,f619aeb3-9d58-4b2c-82fb-3fdc85adf751,2026-09-07T00:30:00Z,2026-09-07T02:30:00+0200,25031.0,MW,ES,ES,forecast_load,Forecasted Load,2026-09-07T05:11:45Z
2026-09-07T05:11:17Z,2026-09-07T07:11:17+0200,f619aeb3-9d58-4b2c-82fb-3fdc85adf751,2026-09-07T00:45:00Z,2026-09-07T02:45:00+0200,24878.0,MW,ES,ES,forecast_load,Forecasted Load,2026-09-07T05:11:45Z
2026-09-07T05:11:17Z,2026-09-07T07:11:17+0200,f619aeb3-9d58-4b2c-82fb-3fdc85adf751,2026-09-07T01:00:00Z,2026-09-07T03:00:00+0200,24722.0,MW,ES,ES,forecast_load,Forecasted Load,2026-09-07T05:11:45Z
2026-09-07T05:11:17Z,2026-09-07T07:11:17+0200,f619aeb3-9d58-4b2c-82fb-3fdc85adf751,2026-09-07T01:15:00Z,2026-09-07T03:15:00+0200,24612.0,MW,ES,ES,forecast_load,Forecasted Load,2026-09-07T05:11:45Z
2026-09-07T05:11:17Z,2026-09-07T07:11:17+0200,f619aeb3-9d58-4b2c-82fb-3fdc85adf751,2026-09-07T01:30:00Z,2026-09-07T03:30:00+0200,24513.0,MW,ES,ES,forecast_load,Forecasted Load,2026-09-07T05:11:45Z
2026-09-07T05:11:17Z,2026-09-07T07:11:17+0200,f619aeb3-9d58-4b2c-82fb-3fdc85adf751,2026-09-07T01:45:00Z,2026-09-07T03:45:00+0200,24428.0,MW,ES,ES,forecast_load,Forecasted Load,2026-09-07T05:11:45Z
2026-09-07T05:11:17Z,2026-09-07T07:11:17+0200,f619aeb3-9d58-4b2c-82fb-3fdc85adf751,2026-09-07T02:00:00Z,2026-09-07T04:00:00+0200,24297.0,MW,ES,ES,forecast_load,Forecasted Load,2026-09-07T05:11:45Z
2026-09-07T05:11:17Z,2026-09-07T07:11:17+0200,f619aeb3-9d58-4b2c-82fb-3fdc85adf751,2026-09-07T02:15:00Z,2026-09-07T04:15:00+0200,24257.0,MW,ES,ES,forecast_load,Forecasted Load,2026-09-07T05:11:45Z
2026-09-07T05:11:17Z,2026-09-07T07:11:17+0200,f619aeb3-9d58-4b2c-82fb-3fdc85adf751,2026-09-07T02:30:00Z,2026-09-07T04:30:00+0200,24254.0,MW,ES,ES,forecast_load,Forecasted Load,2026-09-07T05:11:45Z
2026-09-07T05:11:17Z,2026-09-07T07:11:17+0200,f619aeb3-9d58-4b2c-82fb-3fdc85adf751,2026-09-07T02:45:00Z,2026-09-07T04:45:00+0200,24315.0,MW,ES,ES,forecast_load,Forecasted Load,2026-09-07T05:11:45Z
2026-09-07T05:11:17Z,2026-09-07T07:11:17+0200,f619aeb3-9d58-4b2c-82fb-3fdc85adf751,2026-09-07T03:00:00Z,2026-09-07T05:00:00+0200,24211.0,MW,ES,ES,forecast_load,Forecasted Load,2026-09-07T05:11:45Z
2026-09-07T05:11:17Z,2026-09-07T07:11:17+0200,f619aeb3-9d58-4b2c-82fb-3fdc85adf751,2026-09-07T03:15:00Z,2026-09-07T05:15:00+0200,24499.0,MW,ES,ES,forecast_load,Forecasted Load,2026-09-07T05:11:45Z
2026-09-07T05:11:17Z,2026-09-07T07:11:17+0200,f619aeb3-9d58-4b2c-82fb-3fdc85adf751,2026-09-07T03:30:00Z,2026-09-07T05:30:00+0200,24939.0,MW,ES,ES,forecast_load,Forecasted Load,2026-09-07T05:11:45Z
2026-09-07T05:11:17Z,2026-09-07T07:11:17+0200,f619aeb3-9d58-4b2c-82fb-3fdc85adf751,2026-09-07T03:45:00Z,2026-09-07T05:45:00+0200,25512.0,MW,ES,ES,forecast_load,Forecasted Load,2026-09-07T05:11:45Z
2026-09-07T05:11:17Z,2026-09-07T07:11:17+0200,f619aeb3-9d58-4b2c-82fb-3fdc85adf751,2026-09-07T04:00:00Z,2026-09-07T06:00:00+0200,26113.0,MW,ES,ES,forecast_load,Forecasted Load,2026-09-07T05:11:45Z
2026-09-07T05:11:17Z,2026-09-07T07:11:17+0200,f619aeb3-9d58-4b2c-82fb-3fdc85adf751,2026-09-07T04:15:00Z,2026-09-07T06:15:00+0200,26855.0,MW,ES,ES,forecast_load,Forecasted Load,2026-09-07T05:11:45Z
2026-09-07T05:11:17Z,2026-09-07T07:11:17+0200,f619aeb3-9d58-4b2c-82fb-3fdc85adf751,2026-09-07T04:30:00Z,2026-09-07T06:30:00+0200,27632.0,MW,ES,ES,forecast_load,Forecasted Load,2026-09-07T05:11:45Z
2026-09-07T05:11:17Z,2026-09-07T07:11:17+0200,f619aeb3-9d58-4b2c-82fb-3fdc85adf751,2026-09-07T04:45:00Z,2026-09-07T06:45:00+0200,28401.0,MW,ES,ES,forecast_load,Forecasted Load,2026-09-07T05:11:45Z
2026-09-07T05:11:17Z,2026-09-07T07:11:17+0200,f619aeb3-9d58-4b2c-82fb-3fdc85adf751,2026-09-07T05:15:00Z,2026-09-07T07:15:00+0200,29982.0,MW,ES,ES,forecast_load,Forecasted Load,2026-09-07T05:11:58Z
2026-09-07T05:11:17Z,2026-09-07T07:11:17+0200,f619aeb3-9d58-4b2c-82fb-3fdc85adf751,2026-09-07T05:30:00Z,2026-09-07T07:30:00+0200,30448.0,MW,ES,ES,forecast_load,Forecasted Load,2026-09-07T05:11:58Z
2026-09-07T05:11:17Z,2026-09-07T07:11:17+0200,f619aeb3-9d58-4b2c-82fb-3fdc85adf751,2026-09-07T05:45:00Z,2026-09-07T07:45:00+0200,30802.0,MW,ES,ES,forecast_load,Forecasted Load,2026-09-07T05:11:58Z
2026-09-07T05:11:17Z,2026-09-07T07:11:17+0200,f619aeb3-9d58-4b2c-82fb-3fdc85adf751,2026-09-07T06:00:00Z,2026-09-07T08:00:00+0200,31125.0,MW,ES,ES,forecast_load,Forecasted Load,2026-09-07T05:11:58Z
2026-09-07T05:11:17Z,2026-09-07T07:11:17+0200,f619aeb3-9d58-4b2c-82fb-3fdc85adf751,2026-09-07T06:15:00Z,2026-09-07T08:15:00+0200,31382.0,MW,ES,ES,forecast_load,Forecasted Load,2026-09-07T05:11:58Z
2026-09-07T05:11:17Z,2026-09-07T07:11:17+0200,f619aeb3-9d58-4b2c-82fb-3fdc85adf751,2026-09-07T06:30:00Z,2026-09-07T08:30:00+0200,31647.0,MW,ES,ES,forecast_load,Forecasted Load,2026-09-07T05:11:58Z
2026-09-07T05:11:17Z,2026-09-07T07:11:17+0200,f619aeb3-9d58-4b2c-82fb-3fdc85adf751,2026-09-07T06:45:00Z,2026-09-07T08:45:00+0200,31919.0,MW,ES,ES,forecast_load,Forecasted Load,2026-09-07T05:11:58Z
2026-09-07T05:11:17Z,2026-09-07T07:11:17+0200,f619aeb3-9d58-4b2c-82fb-3fdc85adf751,2026-09-07T07:00:00Z,2026-09-07T09:00:00+0200,32226.0,MW,ES,ES,forecast_load,Forecasted Load,2026-09-07T05:11:58Z
2026-09-07T05:11:17Z,2026-09-07T07:11:17+0200,f619aeb3-9d58-4b2c-82fb-3fdc85adf751,2026-09-07T07:15:00Z,2026-09-07T09:15:00+0200,32477.0,MW,ES,ES,forecast_load,Forecasted Load,2026-09-07T05:11:58Z
2026-09-07T05:11:17Z,2026-09-07T07:11:17+0200,f619aeb3-9d58-4b2c-82fb-3fdc85adf751,2026-09-07T07:30:00Z,2026-09-07T09:30:00+0200,32703.0,MW,ES,ES,forecast_load,Forecasted Load,2026-09-07T05:11:58Z
2026-09-07T05:11:17Z,2026-09-07T07:11:17+0200,f619aeb3-9d58-4b2c-82fb-3fdc85adf751,2026-09-07T07:45:00Z,2026-09-07T09:45:00+0200,32901.0,MW,ES,ES,forecast_load,Forecasted Load,2026-09-07T05:11:58Z
2026-09-07T05:11:17Z,2026-09-07T07:11:17+0200,f619aeb3-9d58-4b2c-82fb-3fdc85adf751,2026-09-07T08:00:00Z,2026-09-07T10:00:00+0200,33127.0,MW,ES,ES,forecast_load,Forecasted Load,2026-09-07T05:11:58Z
2026-09-07T05:11:17Z,2026-09-07T07:11:17+0200,f619aeb3-9d58-4b2c-82fb-3fdc85adf751,2026-09-07T08:15:00Z,2026-09-07T10:15:00+0200,33266.0,MW,ES,ES,forecast_load,Forecasted Load,2026-09-07T05:11:58Z
2026-09-07T05:11:17Z,2026-09-07T07:11:17+0200,f619aeb3-9d58-4b2c-82fb-3fdc85adf751,2026-09-07T08:30:00Z,2026-09-07T10:30:00+0200,33378.0,MW,ES,ES,forecast_load,Forecasted Load,2026-09-07T05:11:58Z
2026-09-07T05:11:17Z,2026-09-07T07:11:17+0200,f619aeb3-9d58-4b2c-82fb-3fdc85adf751,2026-09-07T08:45:00Z,2026-09-07T10:45:00+0200,33475.0,MW,ES,ES,forecast_load,Forecasted Load,2026-09-07T05:11:58Z
2026-09-07T05:11:17Z,2026-09-07T07:11:17+0200,f619aeb3-9d58-4b2c-82fb-3fdc85adf751,2026-09-07T09:00:00Z,2026-09-07T11:00:00+0200,33528.0,MW,ES,ES,forecast_load,Forecasted Load,2026-09-07T05:11:58Z
2026-09-07T05:11:17Z,2026-09-07T07:11:17+0200,f619aeb3-9d58-4b2c-82fb-3fdc85adf751,2026-09-07T09:15:00Z,2026-09-07T11:15:00+0200,33644.0,MW,ES,ES,forecast_load,Forecasted Load,2026-09-07T05:11:58Z
2026-09-07T05:11:17Z,2026-09-07T07:11:17+0200,f619aeb3-9d58-4b2c-82fb-3fdc85adf751,2026-09-07T09:30:00Z,2026-09-07T11:30:00+0200,33792.0,MW,ES,ES,forecast_load,Forecasted Load,2026-09-07T05:11:58Z
2026-09-07T05:11:17Z,2026-09-07T07:11:17+0200,f619aeb3-9d58-4b2c-82fb-3fdc85adf751,2026-09-07T09:45:00Z,2026-09-07T11:45:00+0200,33976.0,MW,ES,ES,forecast_load,Forecasted Load,2026-09-07T05:11:58Z
2026-09-07T05:11:17Z,2026-09-07T07:11:17+0200,f619aeb3-9d58-4b2c-82fb-3fdc85adf751,2026-09-07T10:00:00Z,2026-09-07T12:00:00+0200,34130.0,MW,ES,ES,forecast_load,Forecasted Load,2026-09-07T05:11:58Z
2026-09-07T05:11:17Z,2026-09-07T07:11:17+0200,f619aeb3-9d58-4b2c-82fb-3fdc85adf751,2026-09-07T10:15:00Z,2026-09-07T12:15:00+0200,34388.0,MW,ES,ES,forecast_load,Forecasted Load,2026-09-07T05:11:58Z
2026-09-07T05:11:17Z,2026-09-07T07:11:17+0200,f619aeb3-9d58-4b2c-82fb-3fdc85adf751,2026-09-07T10:30:00Z,2026-09-07T12:30:00+0200,34682.0,MW,ES,ES,forecast_load,Forecasted Load,2026-09-07T05:11:58Z
2026-09-07T05:11:17Z,2026-09-07T07:11:17+0200,f619aeb3-9d58-4b2c-82fb-3fdc85adf751,2026-09-07T10:45:00Z,2026-09-07T12:45:00+0200,34992.0,MW,ES,ES,forecast_load,Forecasted Load,2026-09-07T05:11:58Z
2026-09-07T05:11:17Z,2026-09-07T07:11:17+0200,f619aeb3-9d58-4b2c-82fb-3fdc85adf751,2026-09-07T11:00:00Z,2026-09-07T13:00:00+0200,35378.0,MW,ES,ES,forecast_load,Forecasted Load,2026-09-07T05:11:58Z
2026-09-07T05:11:17Z,2026-09-07T07:11:17+0200,f619aeb3-9d58-4b2c-82fb-3fdc85adf751,2026-09-07T11:15:00Z,2026-09-07T13:15:00+0200,35646.0,MW,ES,ES,forecast_load,Forecasted Load,2026-09-07T05:11:58Z
2026-09-07T05:11:17Z,2026-09-07T07:11:17+0200,f619aeb3-9d58-4b2c-82fb-3fdc85adf751,2026-09-07T11:30:00Z,2026-09-07T13:30:00+0200,35861.0,MW,ES,ES,forecast_load,Forecasted Load,2026-09-07T05:11:58Z
2026-09-07T05:11:17Z,2026-09-07T07:11:17+0200,f619aeb3-9d58-4b2c-82fb-3fdc85adf751,2026-09-07T11:45:00Z,2026-09-07T13:45:00+0200,36017.0,MW,ES,ES,forecast_load,Forecasted Load,2026-09-07T05:11:58Z
2026-09-07T05:11:17Z,2026-09-07T07:11:17+0200,f619aeb3-9d58-4b2c-82fb-3fdc85adf751,2026-09-07T12:00:00Z,2026-09-07T14:00:00+0200,36227.0,MW,ES,ES,forecast_load,Forecasted Load,2026-09-07T05:11:58Z
2026-09-07T05:11:17Z,2026-09-07T07:11:17+0200,f619aeb3-9d58-4b2c-82fb-3fdc85adf751,2026-09-07T12:15:00Z,2026-09-07T14:15:00+0200,36265.0,MW,ES,ES,forecast_load,Forecasted Load,2026-09-07T05:11:58Z
2026-09-07T05:11:17Z,2026-09-07T07:11:17+0200,f619aeb3-9d58-4b2c-82fb-3fdc85adf751,2026-09-07T12:30:00Z,2026-09-07T14:30:00+0200,36248.0,MW,ES,ES,forecast_load,Forecasted Load,2026-09-07T05:11:58Z
2026-09-07T05:11:17Z,2026-09-07T07:11:17+0200,f619aeb3-9d58-4b2c-82fb-3fdc85adf751,2026-09-07T12:45:00Z,2026-09-07T14:45:00+0200,36197.0,MW,ES,ES,forecast_load,Forecasted Load,2026-09-07T05:11:58Z
2026-09-07T05:11:17Z,2026-09-07T07:11:17+0200,f619aeb3-9d58-4b2c-82fb-3fdc85adf751,2026-09-07T13:00:00Z,2026-09-07T15:00:00+0200,36086.0,MW,ES,ES,forecast_load,Forecasted Load,2026-09-07T05:11:58Z
2026-09-07T05:11:17Z,2026-09-07T07:11:17+0200,f619aeb3-9d58-4b2c-82fb-3fdc85adf751,2026-09-07T13:15:00Z,2026-09-07T15:15:00+0200,36045.0,MW,ES,ES,forecast_load,Forecasted Load,2026-09-07T05:11:58Z
2026-09-07T05:11:17Z,2026-09-07T07:11:17+0200,f619aeb3-9d58-4b2c-82fb-3fdc85adf751,2026-09-07T13:30:00Z,2026-09-07T15:30:00+0200,36044.0,MW,ES,ES,forecast_load,Forecasted Load,2026-09-07T05:11:58Z
2026-09-07T05:11:17Z,2026-09-07T07:11:17+0200,f619aeb3-9d58-4b2c-82fb-3fdc85adf751,2026-09-07T13:45:00Z,2026-09-07T15:45:00+0200,36087.0,MW,ES,ES,forecast_load,Forecasted Load,2026-09-07T05:11:58Z
2026-09-07T05:11:17Z,2026-09-07T07:11:17+0200,f619aeb3-9d58-4b2c-82fb-3fdc85adf751,2026-09-07T14:00:00Z,2026-09-07T16:00:00+0200,36099.0,MW,ES,ES,forecast_load,Forecasted Load,2026-09-07T05:11:58Z
2026-09-07T05:11:17Z,2026-09-07T07:11:17+0200,f619aeb3-9d58-4b2c-82fb-3fdc85adf751,2026-09-07T14:15:00Z,2026-09-07T16:15:00+0200,36224.0,MW,ES,ES,forecast_load,Forecasted Load,2026-09-07T05:11:58Z
2026-09-07T05:11:17Z,2026-09-07T07:11:17+0200,f619aeb3-9d58-4b2c-82fb-3fdc85adf751,2026-09-07T14:30:00Z,2026-09-07T16:30:00+0200,36385.0,MW,ES,ES,forecast_load,Forecasted Load,2026-09-07T05:11:58Z
2026-09-07T05:11:17Z,2026-09-07T07:11:17+0200,f619aeb3-9d58-4b2c-82fb-3fdc85adf751,2026-09-07T14:45:00Z,2026-09-07T16:45:00+0200,36564.0,MW,ES,ES,forecast_load,Forecasted Load,2026-09-07T05:11:58Z
2026-09-07T05:11:17Z,2026-09-07T07:11:17+0200,f619aeb3-9d58-4b2c-82fb-3fdc85adf751,2026-09-07T15:00:00Z,2026-09-07T17:00:00+0200,36804.0,MW,ES,ES,forecast_load,Forecasted Load,2026-09-07T05:11:58Z
2026-09-07T05:11:17Z,2026-09-07T07:11:17+0200,f619aeb3-9d58-4b2c-82fb-3fdc85adf751,2026-09-07T15:15:00Z,2026-09-07T17:15:00+0200,36947.0,MW,ES,ES,forecast_load,Forecasted Load,2026-09-07T05:11:58Z
2026-09-07T05:11:17Z,2026-09-07T07:11:17+0200,f619aeb3-9d58-4b2c-82fb-3fdc85adf751,2026-09-07T15:30:00Z,2026-09-07T17:30:00+0200,37044.0,MW,ES,ES,forecast_load,Forecasted Load,2026-09-07T05:11:58Z
2026-09-07T05:11:17Z,2026-09-07T07:11:17+0200,f619aeb3-9d58-4b2c-82fb-3fdc85adf751,2026-09-07T15:45:00Z,2026-09-07T17:45:00+0200,37101.0,MW,ES,ES,forecast_load,Forecasted Load,2026-09-07T05:11:58Z
2026-09-07T05:11:17Z,2026-09-07T07:11:17+0200,f619aeb3-9d58-4b2c-82fb-3fdc85adf751,2026-09-07T16:00:00Z,2026-09-07T18:00:00+0200,37153.0,MW,ES,ES,forecast_load,Forecasted Load,2026-09-07T05:11:58Z
2026-09-07T05:11:17Z,2026-09-07T07:11:17+0200,f619aeb3-9d58-4b2c-82fb-3fdc85adf751,2026-09-07T16:15:00Z,2026-09-07T18:15:00+0200,37169.0,MW,ES,ES,forecast_load,Forecasted Load,2026-09-07T05:11:58Z
2026-09-07T05:11:17Z,2026-09-07T07:11:17+0200,f619aeb3-9d58-4b2c-82fb-3fdc85adf751,2026-09-07T16:30:00Z,2026-09-07T18:30:00+0200,37180.0,MW,ES,ES,forecast_load,Forecasted Load,2026-09-07T05:11:58Z
2026-09-07T05:11:17Z,2026-09-07T07:11:17+0200,f619aeb3-9d58-4b2c-82fb-3fdc85adf751,2026-09-07T16:45:00Z,2026-09-07T18:45:00+0200,37189.0,MW,ES,ES,forecast_load,Forecasted Load,2026-09-07T05:11:58Z
2026-09-07T05:11:17Z,2026-09-07T07:11:17+0200,f619aeb3-9d58-4b2c-82fb-3fdc85adf751,2026-09-07T17:00:00Z,2026-09-07T19:00:00+0200,37197.0,MW,ES,ES,forecast_load,Forecasted Load,2026-09-07T05:11:58Z
2026-09-07T05:11:17Z,2026-09-07T07:11:17+0200,f619aeb3-9d58-4b2c-82fb-3fdc85adf751,2026-09-07T17:15:00Z,2026-09-07T19:15:00+0200,37198.0,MW,ES,ES,forecast_load,Forecasted Load,2026-09-07T05:11:58Z
2026-09-07T05:11:17Z,2026-09-07T07:11:17+0200,f619aeb3-9d58-4b2c-82fb-3fdc85adf751,2026-09-07T17:30:00Z,2026-09-07T19:30:00+0200,37197.0,MW,ES,ES,forecast_load,Forecasted Load,2026-09-07T05:11:58Z
2026-09-07T05:11:17Z,2026-09-07T07:11:17+0200,f619aeb3-9d58-4b2c-82fb-3fdc85adf751,2026-09-07T17:45:00Z,2026-09-07T19:45:00+0200,37206.0,MW,ES,ES,forecast_load,Forecasted Load,2026-09-07T05:11:58Z
2026-09-07T05:11:17Z,2026-09-07T07:11:17+0200,f619aeb3-9d58-4b2c-82fb-3fdc85adf751,2026-09-07T18:00:00Z,2026-09-07T20:00:00+0200,37182.0,MW,ES,ES,forecast_load,Forecasted Load,2026-09-07T05:11:58Z
2026-09-07T05:11:17Z,2026-09-07T07:11:17+0200,f619aeb3-9d58-4b2c-82fb-3fdc85adf751,2026-09-07T18:15:00Z,2026-09-07T20:15:00+0200,37258.0,MW,ES,ES,forecast_load,Forecasted Load,2026-09-07T05:11:58Z
2026-09-07T05:11:17Z,2026-09-07T07:11:17+0200,f619aeb3-9d58-4b2c-82fb-3fdc85adf751,2026-09-07T18:30:00Z,2026-09-07T20:30:00+0200,37372.0,MW,ES,ES,forecast_load,Forecasted Load,2026-09-07T05:11:58Z
2026-09-07T05:11:17Z,2026-09-07T07:11:17+0200,f619aeb3-9d58-4b2c-82fb-3fdc85adf751,2026-09-07T18:45:00Z,2026-09-07T20:45:00+0200,37460.0,MW,ES,ES,forecast_load,Forecasted Load,2026-09-07T05:11:58Z
2026-09-07T05:11:17Z,2026-09-07T07:11:17+0200,f619aeb3-9d58-4b2c-82fb-3fdc85adf751,2026-09-07T19:00:00Z,2026-09-07T21:00:00+0200,37847.0,MW,ES,ES,forecast_load,Forecasted Load,2026-09-07T05:11:58Z
2026-09-07T05:11:17Z,2026-09-07T07:11:17+0200,f619aeb3-9d58-4b2c-82fb-3fdc85adf751,2026-09-07T19:15:00Z,2026-09-07T21:15:00+0200,37632.0,MW,ES,ES,forecast_load,Forecasted Load,2026-09-07T05:11:58Z
2026-09-07T05:11:17Z,2026-09-07T07:11:17+0200,f619aeb3-9d58-4b2c-82fb-3fdc85adf751,2026-09-07T19:30:00Z,2026-09-07T21:30:00+0200,37165.0,MW,ES,ES,forecast_load,Forecasted Load,2026-09-07T05:11:58Z
2026-09-07T05:11:17Z,2026-09-07T07:11:17+0200,f619aeb3-9d58-4b2c-82fb-3fdc85adf751,2026-09-07T19:45:00Z,2026-09-07T21:45:00+0200,36500.0,MW,ES,ES,forecast_load,Forecasted Load,2026-09-07T05:11:58Z
2026-09-07T05:11:17Z,2026-09-07T07:11:17+0200,f619aeb3-9d58-4b2c-82fb-3fdc85adf751,2026-09-07T20:00:00Z,2026-09-07T22:00:00+0200,35776.0,MW,ES,ES,forecast_load,Forecasted Load,2026-09-07T05:11:58Z
2026-09-07T05:11:17Z,2026-09-07T07:11:17+0200,f619aeb3-9d58-4b2c-82fb-3fdc85adf751,2026-09-07T20:15:00Z,2026-09-07T22:15:00+0200,34947.0,MW,ES,ES,forecast_load,Forecasted Load,2026-09-07T05:11:58Z
2026-09-07T05:11:17Z,2026-09-07T07:11:17+0200,f619aeb3-9d58-4b2c-82fb-3fdc85adf751,2026-09-07T20:30:00Z,2026-09-07T22:30:00+0200,34144.0,MW,ES,ES,forecast_load,Forecasted Load,2026-09-07T05:11:58Z
2026-09-07T05:11:17Z,2026-09-07T07:11:17+0200,f619aeb3-9d58-4b2c-82fb-3fdc85adf751,2026-09-07T20:45:00Z,2026-09-07T22:45:00+0200,33394.0,MW,ES,ES,forecast_load,Forecasted Load,2026-09-07T05:11:58Z
2026-09-07T05:11:17Z,2026-09-07T07:11:17+0200,f619aeb3-9d58-4b2c-82fb-3fdc85adf751,2026-09-07T21:00:00Z,2026-09-07T23:00:00+0200,32574.0,MW,ES,ES,forecast_load,Forecasted Load,2026-09-07T05:11:58Z
2026-09-07T05:11:17Z,2026-09-07T07:11:17+0200,f619aeb3-9d58-4b2c-82fb-3fdc85adf751,2026-09-07T21:15:00Z,2026-09-07T23:15:00+0200,31975.0,MW,ES,ES,forecast_load,Forecasted Load,2026-09-07T05:11:58Z
2026-09-07T05:11:17Z,2026-09-07T07:11:17+0200,f619aeb3-9d58-4b2c-82fb-3fdc85adf751,2026-09-07T21:30:00Z,2026-09-07T23:30:00+0200,31464.0,MW,ES,ES,forecast_load,Forecasted Load,2026-09-07T05:11:58Z
2026-09-07T05:11:17Z,2026-09-07T07:11:17+0200,f619aeb3-9d58-4b2c-82fb-3fdc85adf751,2026-09-07T21:45:00Z,2026-09-07T23:45:00+0200,31018.0,MW,ES,ES,forecast_load,Forecasted Load,2026-09-07T05:11:58Z
2026-09-07T05:11:17Z,2026-09-07T07:11:17+0200,f619aeb3-9d58-4b2c-82fb-3fdc85adf751,2026-09-07T22:00:00Z,2026-09-08T00:00:00+0200,30533.0,MW,ES,ES,forecast_load,Forecasted Load,2026-09-07T05:11:58Z
2026-09-07T05:11:17Z,2026-09-07T07:11:17+0200,f619aeb3-9d58-4b2c-82fb-3fdc85adf751,2026-09-07T22:15:00Z,2026-09-08T00:15:00+0200,30122.0,MW,ES,ES,forecast_load,Forecasted Load,2026-09-07T05:11:58Z
2026-09-07T05:11:17Z,2026-09-07T07:11:17+0200,f619aeb3-9d58-4b2c-82fb-3fdc85adf751,2026-09-07T22:30:00Z,2026-09-08T00:30:00+0200,29690.0,MW,ES,ES,forecast_load,Forecasted Load,2026-09-07T05:11:58Z
2026-09-07T05:11:17Z,2026-09-07T07:11:17+0200,f619aeb3-9d58-4b2c-82fb-3fdc85adf751,2026-09-07T22:45:00Z,2026-09-08T00:45:00+0200,29245.0,MW,ES,ES,forecast_load,Forecasted Load,2026-09-07T05:11:58Z
2026-09-07T05:11:17Z,2026-09-07T07:11:17+0200,f619aeb3-9d58-4b2c-82fb-3fdc85adf751,2026-09-07T23:00:00Z,2026-09-08T01:00:00+0200,28762.0,MW,ES,ES,forecast_load,Forecasted Load,2026-09-07T05:11:58Z
2026-09-07T05:11:17Z,2026-09-07T07:11:17+0200,f619aeb3-9d58-4b2c-82fb-3fdc85adf751,2026-09-07T23:15:00Z,2026-09-08T01:15:00+0200,28346.0,MW,ES,ES,forecast_load,Forecasted Load,2026-09-07T05:11:58Z
2026-09-07T05:11:17Z,2026-09-07T07:11:17+0200,f619aeb3-9d58-4b2c-82fb-3fdc85adf751,2026-09-07T23:30:00Z,2026-09-08T01:30:00+0200,27969.0,MW,ES,ES,forecast_load,Forecasted Load,2026-09-07T05:11:58Z
2026-09-07T05:11:17Z,2026-09-07T07:11:17+0200,f619aeb3-9d58-4b2c-82fb-3fdc85adf751,2026-09-07T23:45:00Z,2026-09-08T01:45:00+0200,27633.0,MW,ES,ES,forecast_load,Forecasted Load,2026-09-07T05:11:58Z
2026-09-07T05:11:17Z,2026-09-07T07:11:17+0200,f619aeb3-9d58-4b2c-82fb-3fdc85adf751,2026-09-08T00:00:00Z,2026-09-08T02:00:00+0200,27263.0,MW,ES,ES,forecast_load,Forecasted Load,2026-09-07T05:11:58Z
2026-09-07T05:11:17Z,2026-09-07T07:11:17+0200,f619aeb3-9d58-4b2c-82fb-3fdc85adf751,2026-09-08T00:15:00Z,2026-09-08T02:15:00+0200,27010.0,MW,ES,ES,forecast_load,Forecasted Load,2026-09-07T05:11:58Z
2026-09-07T05:11:17Z,2026-09-07T07:11:17+0200,f619aeb3-9d58-4b2c-82fb-3fdc85adf751,2026-09-08T00:30:00Z,2026-09-08T02:30:00+0200,26797.0,MW,ES,ES,forecast_load,Forecasted Load,2026-09-07T05:11:58Z
2026-09-07T05:11:17Z,2026-09-07T07:11:17+0200,f619aeb3-9d58-4b2c-82fb-3fdc85adf751,2026-09-08T00:45:00Z,2026-09-08T02:45:00+0200,26619.0,MW,ES,ES,forecast_load,Forecasted Load,2026-09-07T05:11:58Z
2026-09-07T05:11:17Z,2026-09-07T07:11:17+0200,f619aeb3-9d58-4b2c-82fb-3fdc85adf751,2026-09-08T01:00:00Z,2026-09-08T03:00:00+0200,26433.0,MW,ES,ES,forecast_load,Forecasted Load,2026-09-07T05:11:58Z
2026-09-07T05:11:17Z,2026-09-07T07:11:17+0200,f619aeb3-9d58-4b2c-82fb-3fdc85adf751,2026-09-08T01:15:00Z,2026-09-08T03:15:00+0200,26303.0,MW,ES,ES,forecast_load,Forecasted Load,2026-09-07T05:11:58Z
2026-09-07T05:11:17Z,2026-09-07T07:11:17+0200,f619aeb3-9d58-4b2c-82fb-3fdc85adf751,2026-09-08T01:30:00Z,2026-09-08T03:30:00+0200,26187.0,MW,ES,ES,forecast_load,Forecasted Load,2026-09-07T05:11:58Z
2026-09-07T05:11:17Z,2026-09-07T07:11:17+0200,f619aeb3-9d58-4b2c-82fb-3fdc85adf751,2026-09-08T01:45:00Z,2026-09-08T03:45:00+0200,26084.0,MW,ES,ES,forecast_load,Forecasted Load,2026-09-07T05:11:58Z
2026-09-07T05:11:17Z,2026-09-07T07:11:17+0200,f619aeb3-9d58-4b2c-82fb-3fdc85adf751,2026-09-08T02:00:00Z,2026-09-08T04:00:00+0200,25954.0,MW,ES,ES,forecast_load,Forecasted Load,2026-09-07T05:11:58Z
2026-09-07T05:11:17Z,2026-09-07T07:11:17+0200,f619aeb3-9d58-4b2c-82fb-3fdc85adf751,2026-09-08T02:15:00Z,2026-09-08T04:15:00+0200,25879.0,MW,ES,ES,forecast_load,Forecasted Load,2026-09-07T05:11:58Z
2026-09-07T05:11:17Z,2026-09-07T07:11:17+0200,f619aeb3-9d58-4b2c-82fb-3fdc85adf751,2026-09-08T02:30:00Z,2026-09-08T04:30:00+0200,25823.0,MW,ES,ES,forecast_load,Forecasted Load,2026-09-07T05:11:58Z
2026-09-07T05:11:17Z,2026-09-07T07:11:17+0200,f619aeb3-9d58-4b2c-82fb-3fdc85adf751,2026-09-08T02:45:00Z,2026-09-08T04:45:00+0200,25818.0,MW,ES,ES,forecast_load,Forecasted Load,2026-09-07T05:11:58Z
2026-09-07T05:11:17Z,2026-09-07T07:11:17+0200,f619aeb3-9d58-4b2c-82fb-3fdc85adf751,2026-09-08T03:00:00Z,2026-09-08T05:00:00+0200,25649.0,MW,ES,ES,forecast_load,Forecasted Load,2026-09-07T05:11:58Z
2026-09-07T05:11:17Z,2026-09-07T07:11:17+0200,f619aeb3-9d58-4b2c-82fb-3fdc85adf751,2026-09-08T03:15:00Z,2026-09-08T05:15:00+0200,25849.0,MW,ES,ES,forecast_load,Forecasted Load,2026-09-07T05:11:58Z
2026-09-07T05:11:17Z,2026-09-07T07:11:17+0200,f619aeb3-9d58-4b2c-82fb-3fdc85adf751,2026-09-08T03:30:00Z,2026-09-08T05:30:00+0200,26194.0,MW,ES,ES,forecast_load,Forecasted Load,2026-09-07T05:11:58Z
2026-09-07T05:11:17Z,2026-09-07T07:11:17+0200,f619aeb3-9d58-4b2c-82fb-3fdc85adf751,2026-09-08T03:45:00Z,2026-09-08T05:45:00+0200,26666.0,MW,ES,ES,forecast_load,Forecasted Load,2026-09-07T05:11:58Z
2026-09-07T05:11:17Z,2026-09-07T07:11:17+0200,f619aeb3-9d58-4b2c-82fb-3fdc85adf751,2026-09-08T04:00:00Z,2026-09-08T06:00:00+0200,27155.0,MW,ES,ES,forecast_load,Forecasted Load,2026-09-07T05:11:58Z
2026-09-07T05:11:17Z,2026-09-07T07:11:17+0200,f619aeb3-9d58-4b2c-82fb-3fdc85adf751,2026-09-08T04:15:00Z,2026-09-08T06:15:00+0200,27790.0,MW,ES,ES,forecast_load,Forecasted Load,2026-09-07T05:11:58Z
2026-09-07T05:11:17Z,2026-09-07T07:11:17+0200,f619aeb3-9d58-4b2c-82fb-3fdc85adf751,2026-09-08T04:30:00Z,2026-09-08T06:30:00+0200,28459.0,MW,ES,ES,forecast_load,Forecasted Load,2026-09-07T05:11:58Z
2026-09-07T05:11:17Z,2026-09-07T07:11:17+0200,f619aeb3-9d58-4b2c-82fb-3fdc85adf751,2026-09-08T04:45:00Z,2026-09-08T06:45:00+0200,29118.0,MW,ES,ES,forecast_load,Forecasted Load,2026-09-07T05:11:58Z
2026-09-07T05:11:17Z,2026-09-07T07:11:17+0200,f619aeb3-9d58-4b2c-82fb-3fdc85adf751,2026-09-08T05:00:00Z,2026-09-08T07:00:00+0200,29968.0,MW,ES,ES,forecast_load,Forecasted Load,2026-09-07T05:11:58Z
2026-09-07T05:11:17Z,2026-09-07T07:11:17+0200,f619aeb3-9d58-4b2c-82fb-3fdc85adf751,2026-09-08T05:15:00Z,2026-09-08T07:15:00+0200,30463.0,MW,ES,ES,forecast_load,Forecasted Load,2026-09-07T05:11:58Z
2026-09-07T05:11:17Z,2026-09-07T07:11:17+0200,f619aeb3-9d58-4b2c-82fb-3fdc85adf751,2026-09-08T05:30:00Z,2026-09-08T07:30:00+0200,30817.0,MW,ES,ES,forecast_load,Forecasted Load,2026-09-07T05:11:58Z
2026-09-07T05:11:17Z,2026-09-07T07:11:17+0200,f619aeb3-9d58-4b2c-82fb-3fdc85adf751,2026-09-08T05:45:00Z,2026-09-08T07:45:00+0200,31065.0,MW,ES,ES,forecast_load,Forecasted Load,2026-09-07T05:11:58Z
2026-09-07T05:11:17Z,2026-09-07T07:11:17+0200,f619aeb3-9d58-4b2c-82fb-3fdc85adf751,2026-09-08T06:00:00Z,2026-09-08T08:00:00+0200,31248.0,MW,ES,ES,forecast_load,Forecasted Load,2026-09-07T05:11:58Z
2026-09-07T05:11:17Z,2026-09-07T07:11:17+0200,f619aeb3-9d58-4b2c-82fb-3fdc85adf751,2026-09-08T06:15:00Z,2026-09-08T08:15:00+0200,31437.0,MW,ES,ES,forecast_load,Forecasted Load,2026-09-07T05:11:58Z
2026-09-07T05:11:17Z,2026-09-07T07:11:17+0200,f619aeb3-9d58-4b2c-82fb-3fdc85adf751,2026-09-08T06:30:00Z,2026-09-08T08:30:00+0200,31663.0,MW,ES,ES,forecast_load,Forecasted Load,2026-09-07T05:11:58Z
2026-09-07T05:11:17Z,2026-09-07T07:11:17+0200,f619aeb3-9d58-4b2c-82fb-3fdc85adf751,2026-09-08T06:45:00Z,2026-09-08T08:45:00+0200,31914.0,MW,ES,ES,forecast_load,Forecasted Load,2026-09-07T05:11:58Z
2026-09-07T05:11:17Z,2026-09-07T07:11:17+0200,f619aeb3-9d58-4b2c-82fb-3fdc85adf751,2026-09-08T07:00:00Z,2026-09-08T09:00:00+0200,32218.0,MW,ES,ES,forecast_load,Forecasted Load,2026-09-07T05:11:58Z
2026-09-07T05:11:17Z,2026-09-07T07:11:17+0200,f619aeb3-9d58-4b2c-82fb-3fdc85adf751,2026-09-08T07:15:00Z,2026-09-08T09:15:00+0200,32457.0,MW,ES,ES,forecast_load,Forecasted Load,2026-09-07T05:11:58Z
2026-09-07T05:11:17Z,2026-09-07T07:11:17+0200,f619aeb3-9d58-4b2c-82fb-3fdc85adf751,2026-09-08T07:30:00Z,2026-09-08T09:30:00+0200,32659.0,MW,ES,ES,forecast_load,Forecasted Load,2026-09-07T05:11:58Z
2026-09-07T05:11:17Z,2026-09-07T07:11:17+0200,f619aeb3-9d58-4b2c-82fb-3fdc85adf751,2026-09-08T07:45:00Z,2026-09-08T09:45:00+0200,32824.0,MW,ES,ES,forecast_load,Forecasted Load,2026-09-07T05:11:58Z
2026-09-07T05:11:17Z,2026-09-07T07:11:17+0200,f619aeb3-9d58-4b2c-82fb-3fdc85adf751,2026-09-08T08:00:00Z,2026-09-08T10:00:00+0200,33012.0,MW,ES,ES,forecast_load,Forecasted Load,2026-09-07T05:11:58Z
2026-09-07T05:11:17Z,2026-09-07T07:11:17+0200,f619aeb3-9d58-4b2c-82fb-3fdc85adf751,2026-09-08T08:15:00Z,2026-09-08T10:15:00+0200,33114.0,MW,ES,ES,forecast_load,Forecasted Load,2026-09-07T05:11:58Z
2026-09-07T05:11:17Z,2026-09-07T07:11:17+0200,f619aeb3-9d58-4b2c-82fb-3fdc85adf751,2026-09-08T08:30:00Z,2026-09-08T10:30:00+0200,33191.0,MW,ES,ES,forecast_load,Forecasted Load,2026-09-07T05:11:58Z
2026-09-07T05:11:17Z,2026-09-07T07:11:17+0200,f619aeb3-9d58-4b2c-82fb-3fdc85adf751,2026-09-08T08:45:00Z,2026-09-08T10:45:00+0200,33255.0,MW,ES,ES,forecast_load,Forecasted Load,2026-09-07T05:11:58Z
2026-09-07T05:11:17Z,2026-09-07T07:11:17+0200,f619aeb3-9d58-4b2c-82fb-3fdc85adf751,2026-09-08T09:00:00Z,2026-09-08T11:00:00+0200,33282.0,MW,ES,ES,forecast_load,Forecasted Load,2026-09-07T05:11:58Z
2026-09-07T05:11:17Z,2026-09-07T07:11:17+0200,f619aeb3-9d58-4b2c-82fb-3fdc85adf751,2026-09-08T09:15:00Z,2026-09-08T11:15:00+0200,33358.0,MW,ES,ES,forecast_load,Forecasted Load,2026-09-07T05:11:58Z
2026-09-07T05:11:17Z,2026-09-07T07:11:17+0200,f619aeb3-9d58-4b2c-82fb-3fdc85adf751,2026-09-08T09:30:00Z,2026-09-08T11:30:00+0200,33459.0,MW,ES,ES,forecast_load,Forecasted Load,2026-09-07T05:11:58Z
2026-09-07T05:11:17Z,2026-09-07T07:11:17+0200,f619aeb3-9d58-4b2c-82fb-3fdc85adf751,2026-09-08T09:45:00Z,2026-09-08T11:45:00+0200,33592.0,MW,ES,ES,forecast_load,Forecasted Load,2026-09-07T05:11:58Z
2026-09-07T05:11:17Z,2026-09-07T07:11:17+0200,f619aeb3-9d58-4b2c-82fb-3fdc85adf751,2026-09-08T10:00:00Z,2026-09-08T12:00:00+0200,33683.0,MW,ES,ES,forecast_load,Forecasted Load,2026-09-07T05:11:58Z
2026-09-07T05:11:17Z,2026-09-07T07:11:17+0200,f619aeb3-9d58-4b2c-82fb-3fdc85adf751,2026-09-08T10:15:00Z,2026-09-08T12:15:00+0200,33896.0,MW,ES,ES,forecast_load,Forecasted Load,2026-09-07T05:11:58Z
2026-09-07T05:11:17Z,2026-09-07T07:11:17+0200,f619aeb3-9d58-4b2c-82fb-3fdc85adf751,2026-09-08T10:30:00Z,2026-09-08T12:30:00+0200,34154.0,MW,ES,ES,forecast_load,Forecasted Load,2026-09-07T05:11:58Z
2026-09-07T05:11:17Z,2026-09-07T07:11:17+0200,f619aeb3-9d58-4b2c-82fb-3fdc85adf751,2026-09-08T10:45:00Z,2026-09-08T12:45:00+0200,34437.0,MW,ES,ES,forecast_load,Forecasted Load,2026-09-07T05:11:58Z
2026-09-07T05:11:17Z,2026-09-07T07:11:17+0200,f619aeb3-9d58-4b2c-82fb-3fdc85adf751,2026-09-08T11:00:00Z,2026-09-08T13:00:00+0200,34787.0,MW,ES,ES,forecast_load,Forecasted Load,2026-09-07T05:11:58Z
2026-09-07T05:11:17Z,2026-09-07T07:11:17+0200,f619aeb3-9d58-4b2c-82fb-3fdc85adf751,2026-09-08T11:15:00Z,2026-09-08T13:15:00+0200,35049.0,MW,ES,ES,forecast_load,Forecasted Load,2026-09-07T05:11:58Z
2026-09-07T05:11:17Z,2026-09-07T07:11:17+0200,f619aeb3-9d58-4b2c-82fb-3fdc85adf751,2026-09-08T11:30:00Z,2026-09-08T13:30:00+0200,35266.0,MW,ES,ES,forecast_load,Forecasted Load,2026-09-07T05:11:58Z
2026-09-07T05:11:17Z,2026-09-07T07:11:17+0200,f619aeb3-9d58-4b2c-82fb-3fdc85adf751,2026-09-08T11:45:00Z,2026-09-08T13:45:00+0200,35427.0,MW,ES,ES,forecast_load,Forecasted Load,2026-09-07T05:11:58Z
2026-09-07T05:11:17Z,2026-09-07T07:11:17+0200,f619aeb3-9d58-4b2c-82fb-3fdc85adf751,2026-09-08T12:00:00Z,2026-09-08T14:00:00+0200,35666.0,MW,ES,ES,forecast_load,Forecasted Load,2026-09-07T05:11:58Z
2026-09-07T05:11:17Z,2026-09-07T07:11:17+0200,f619aeb3-9d58-4b2c-82fb-3fdc85adf751,2026-09-08T12:15:00Z,2026-09-08T14:15:00+0200,35686.0,MW,ES,ES,forecast_load,Forecasted Load,2026-09-07T05:11:58Z
2026-09-07T05:11:17Z,2026-09-07T07:11:17+0200,f619aeb3-9d58-4b2c-82fb-3fdc85adf751,2026-09-08T12:30:00Z,2026-09-08T14:30:00+0200,35628.0,MW,ES,ES,forecast_load,Forecasted Load,2026-09-07T05:11:58Z
2026-09-07T05:11:17Z,2026-09-07T07:11:17+0200,f619aeb3-9d58-4b2c-82fb-3fdc85adf751,2026-09-08T12:45:00Z,2026-09-08T14:45:00+0200,35524.0,MW,ES,ES,forecast_load,Forecasted Load,2026-09-07T05:11:58Z
2026-09-07T05:11:17Z,2026-09-07T07:11:17+0200,f619aeb3-9d58-4b2c-82fb-3fdc85adf751,2026-09-08T13:00:00Z,2026-09-08T15:00:00+0200,35331.0,MW,ES,ES,forecast_load,Forecasted Load,2026-09-07T05:11:58Z
2026-09-07T05:11:17Z,2026-09-07T07:11:17+0200,f619aeb3-9d58-4b2c-82fb-3fdc85adf751,2026-09-08T13:15:00Z,2026-09-08T15:15:00+0200,35253.0,MW,ES,ES,forecast_load,Forecasted Load,2026-09-07T05:11:58Z
2026-09-07T05:11:17Z,2026-09-07T07:11:17+0200,f619aeb3-9d58-4b2c-82fb-3fdc85adf751,2026-09-08T13:30:00Z,2026-09-08T15:30:00+0200,35238.0,MW,ES,ES,forecast_load,Forecasted Load,2026-09-07T05:11:58Z
2026-09-07T05:11:17Z,2026-09-07T07:11:17+0200,f619aeb3-9d58-4b2c-82fb-3fdc85adf751,2026-09-08T13:45:00Z,2026-09-08T15:45:00+0200,35281.0,MW,ES,ES,forecast_load,Forecasted Load,2026-09-07T05:11:58Z
2026-09-07T05:11:17Z,2026-09-07T07:11:17+0200,f619aeb3-9d58-4b2c-82fb-3fdc85adf751,2026-09-08T14:00:00Z,2026-09-08T16:00:00+0200,35316.0,MW,ES,ES,forecast_load,Forecasted Load,2026-09-07T05:11:58Z
2026-09-07T05:11:17Z,2026-09-07T07:11:17+0200,f619aeb3-9d58-4b2c-82fb-3fdc85adf751,2026-09-08T14:15:00Z,2026-09-08T16:15:00+0200,35436.0,MW,ES,ES,forecast_load,Forecasted Load,2026-09-07T05:11:58Z
2026-09-07T05:11:17Z,2026-09-07T07:11:17+0200,f619aeb3-9d58-4b2c-82fb-3fdc85adf751,2026-09-08T14:30:00Z,2026-09-08T16:30:00+0200,35573.0,MW,ES,ES,forecast_load,Forecasted Load,2026-09-07T05:11:58Z
2026-09-07T05:11:17Z,2026-09-07T07:11:17+0200,f619aeb3-9d58-4b2c-82fb-3fdc85adf751,2026-09-08T14:45:00Z,2026-09-08T16:45:00+0200,35717.0,MW,ES,ES,forecast_load,Forecasted Load,2026-09-07T05:11:58Z
2026-09-07T05:11:17Z,2026-09-07T07:11:17+0200,f619aeb3-9d58-4b2c-82fb-3fdc85adf751,2026-09-08T15:00:00Z,2026-09-08T17:00:00+0200,35898.0,MW,ES,ES,forecast_load,Forecasted Load,2026-09-07T05:11:58Z
2026-09-07T05:11:17Z,2026-09-07T07:11:17+0200,f619aeb3-9d58-4b2c-82fb-3fdc85adf751,2026-09-08T15:15:00Z,2026-09-08T17:15:00+0200,36018.0,MW,ES,ES,forecast_load,Forecasted Load,2026-09-07T05:11:58Z
2026-09-07T05:11:17Z,2026-09-07T07:11:17+0200,f619aeb3-9d58-4b2c-82fb-3fdc85adf751,2026-09-08T15:30:00Z,2026-09-08T17:30:00+0200,36111.0,MW,ES,ES,forecast_load,Forecasted Load,2026-09-07T05:11:58Z
2026-09-07T05:11:17Z,2026-09-07T07:11:17+0200,f619aeb3-9d58-4b2c-82fb-3fdc85adf751,2026-09-08T15:45:00Z,2026-09-08T17:45:00+0200,36179.0,MW,ES,ES,forecast_load,Forecasted Load,2026-09-07T05:11:58Z
2026-09-07T05:11:17Z,2026-09-07T07:11:17+0200,f619aeb3-9d58-4b2c-82fb-3fdc85adf751,2026-09-08T16:00:00Z,2026-09-08T18:00:00+0200,36253.0,MW,ES,ES,forecast_load,Forecasted Load,2026-09-07T05:11:58Z
2026-09-07T05:11:17Z,2026-09-07T07:11:17+0200,f619aeb3-9d58-4b2c-82fb-3fdc85adf751,2026-09-08T16:15:00Z,2026-09-08T18:15:00+0200,36282.0,MW,ES,ES,forecast_load,Forecasted Load,2026-09-07T05:11:58Z
2026-09-07T05:11:17Z,2026-09-07T07:11:17+0200,f619aeb3-9d58-4b2c-82fb-3fdc85adf751,2026-09-08T16:30:00Z,2026-09-08T18:30:00+0200,36300.0,MW,ES,ES,forecast_load,Forecasted Load,2026-09-07T05:11:58Z
2026-09-07T05:11:17Z,2026-09-07T07:11:17+0200,f619aeb3-9d58-4b2c-82fb-3fdc85adf751,2026-09-08T16:45:00Z,2026-09-08T18:45:00+0200,36316.0,MW,ES,ES,forecast_load,Forecasted Load,2026-09-07T05:11:58Z
2026-09-07T05:11:17Z,2026-09-07T07:11:17+0200,f619aeb3-9d58-4b2c-82fb-3fdc85adf751,2026-09-08T17:00:00Z,2026-09-08T19:00:00+0200,36296.0,MW,ES,ES,forecast_load,Forecasted Load,2026-09-07T05:11:58Z
2026-09-07T05:11:17Z,2026-09-07T07:11:17+0200,f619aeb3-9d58-4b2c-82fb-3fdc85adf751,2026-09-08T17:15:00Z,2026-09-08T19:15:00+0200,36345.0,MW,ES,ES,forecast_load,Forecasted Load,2026-09-07T05:11:58Z
2026-09-07T05:11:17Z,2026-09-07T07:11:17+0200,f619aeb3-9d58-4b2c-82fb-3fdc85adf751,2026-09-08T17:30:00Z,2026-09-08T19:30:00+0200,36423.0,MW,ES,ES,forecast_load,Forecasted Load,2026-09-07T05:11:58Z
2026-09-07T05:11:17Z,2026-09-07T07:11:17+0200,f619aeb3-9d58-4b2c-82fb-3fdc85adf751,2026-09-08T17:45:00Z,2026-09-08T19:45:00+0200,36527.0,MW,ES,ES,forecast_load,Forecasted Load,2026-09-07T05:11:58Z
2026-09-07T05:11:17Z,2026-09-07T07:11:17+0200,f619aeb3-9d58-4b2c-82fb-3fdc85adf751,2026-09-08T18:00:00Z,2026-09-08T20:00:00+0200,36659.0,MW,ES,ES,forecast_load,Forecasted Load,2026-09-07T05:11:58Z
2026-09-07T05:11:17Z,2026-09-07T07:11:17+0200,f619aeb3-9d58-4b2c-82fb-3fdc85adf751,2026-09-08T18:15:00Z,2026-09-08T20:15:00+0200,36787.0,MW,ES,ES,forecast_load,Forecasted Load,2026-09-07T05:11:58Z
2026-09-07T05:11:17Z,2026-09-07T07:11:17+0200,f619aeb3-9d58-4b2c-82fb-3fdc85adf751,2026-09-08T18:30:00Z,2026-09-08T20:30:00+0200,36906.0,MW,ES,ES,forecast_load,Forecasted Load,2026-09-07T05:11:58Z
2026-09-07T05:11:17Z,2026-09-07T07:11:17+0200,f619aeb3-9d58-4b2c-82fb-3fdc85adf751,2026-09-08T18:45:00Z,2026-09-08T20:45:00+0200,36961.0,MW,ES,ES,forecast_load,Forecasted Load,2026-09-07T05:11:58Z
2026-09-07T05:11:17Z,2026-09-07T07:11:17+0200,f619aeb3-9d58-4b2c-82fb-3fdc85adf751,2026-09-08T19:00:00Z,2026-09-08T21:00:00+0200,37283.0,MW,ES,ES,forecast_load,Forecasted Load,2026-09-07T05:11:58Z
2026-09-07T05:11:17Z,2026-09-07T07:11:17+0200,f619aeb3-9d58-4b2c-82fb-3fdc85adf751,2026-09-08T19:15:00Z,2026-09-08T21:15:00+0200,37021.0,MW,ES,ES,forecast_load,Forecasted Load,2026-09-07T05:11:58Z
2026-09-07T05:11:17Z,2026-09-07T07:11:17+0200,f619aeb3-9d58-4b2c-82fb-3fdc85adf751,2026-09-08T19:30:00Z,2026-09-08T21:30:00+0200,36526.0,MW,ES,ES,forecast_load,Forecasted Load,2026-09-07T05:11:58Z
2026-09-07T05:11:17Z,2026-09-07T07:11:17+0200,f619aeb3-9d58-4b2c-82fb-3fdc85adf751,2026-09-08T19:45:00Z,2026-09-08T21:45:00+0200,35856.0,MW,ES,ES,forecast_load,Forecasted Load,2026-09-07T05:11:58Z
2026-09-07T05:11:17Z,2026-09-07T07:11:17+0200,f619aeb3-9d58-4b2c-82fb-3fdc85adf751,2026-09-08T20:00:00Z,2026-09-08T22:00:00+0200,35113.0,MW,ES,ES,forecast_load,Forecasted Load,2026-09-07T05:11:58Z
2026-09-07T05:11:17Z,2026-09-07T07:11:17+0200,f619aeb3-9d58-4b2c-82fb-3fdc85adf751,2026-09-08T20:15:00Z,2026-09-08T22:15:00+0200,34322.0,MW,ES,ES,forecast_load,Forecasted Load,2026-09-07T05:11:58Z
2026-09-07T05:11:17Z,2026-09-07T07:11:17+0200,f619aeb3-9d58-4b2c-82fb-3fdc85adf751,2026-09-08T20:30:00Z,2026-09-08T22:30:00+0200,33574.0,MW,ES,ES,forecast_load,Forecasted Load,2026-09-07T05:11:58Z
2026-09-07T05:11:17Z,2026-09-07T07:11:17+0200,f619aeb3-9d58-4b2c-82fb-3fdc85adf751,2026-09-08T20:45:00Z,2026-09-08T22:45:00+0200,32878.0,MW,ES,ES,forecast_load,Forecasted Load,2026-09-07T05:11:58Z
2026-09-07T05:11:17Z,2026-09-07T07:11:17+0200,f619aeb3-9d58-4b2c-82fb-3fdc85adf751,2026-09-08T21:00:00Z,2026-09-08T23:00:00+0200,32172.0,MW,ES,ES,forecast_load,Forecasted Load,2026-09-07T05:11:58Z
2026-09-07T05:11:17Z,2026-09-07T07:11:17+0200,f619aeb3-9d58-4b2c-82fb-3fdc85adf751,2026-09-08T21:15:00Z,2026-09-08T23:15:00+0200,31564.0,MW,ES,ES,forecast_load,Forecasted Load,2026-09-07T05:11:58Z
2026-09-07T05:11:17Z,2026-09-07T07:11:17+0200,f619aeb3-9d58-4b2c-82fb-3fdc85adf751,2026-09-08T21:30:00Z,2026-09-08T23:30:00+0200,30992.0,MW,ES,ES,forecast_load,Forecasted Load,2026-09-07T05:11:58Z
2026-09-07T05:11:17Z,2026-09-07T07:11:17+0200,f619aeb3-9d58-4b2c-82fb-3fdc85adf751,2026-09-08T21:45:00Z,2026-09-08T23:45:00+0200,30455.0,MW,ES,ES,forecast_load,Forecasted Load,2026-09-07T05:11:58Z
